證券代號,證券名稱,外陸資買進股數(不含外資自營商),外陸資賣出股數(不含外資自營商),外陸資買賣超股數(不含外資自營商),外資自營商買進股數,外資自營商賣出股數,外資自營商買賣超股數,投信買進股數,投信賣出股數,投信買賣超股數,自營商買賣超股數,自營商買進股數(自行買賣),自營商賣出股數(自行買賣),自營商買賣超股數(自行買賣),自營商買進股數(避險),自營商賣出股數(避險),自營商買賣超股數(避險),三大法人買賣超股數
00677U,富邦VIX         ,37229000,20433000,16796000,0,0,0,0,0,0,10975000,4043000,0,4043000,23530000,16598000,6932000,27771000
00653L,富邦印度正2     ,4002000,1026000,2976000,0,0,0,0,0,0,9536603,0,0,0,13735000,4198397,9536603,12512603
00637L,元大滬深300正2  ,4130000,6243000,-2113000,0,0,0,0,0,0,13057000,0,0,0,23186000,10129000,13057000,10944000
3037,欣興            ,10179000,5476000,4703000,0,0,0,3305000,2000,3303000,-9000,378000,552000,-174000,422000,257000,165000,7997000
3231,緯創            ,9607282,9190849,416433,0,0,0,7520000,0,7520000,-266000,20000,104000,-84000,25000,207000,-182000,7670433
6257,矽格            ,4937000,340659,4596341,0,0,0,1200000,0,1200000,134000,88000,313000,-225000,405000,46000,359000,5930341
2882,國泰金          ,7756477,2770555,4985922,0,0,0,3000,0,3000,482000,500000,0,500000,19000,37000,-18000,5470922
054400,健策永豐96購02  ,0,0,0,0,0,0,0,0,0,4988000,0,0,0,4988000,0,4988000,4988000
2330,台積電          ,16394286,11405043,4989243,0,0,0,0,140000,-140000,76000,120000,662000,-542000,631000,13000,618000,4925243
8046,南電            ,3977000,1625000,2352000,0,0,0,2373000,100000,2273000,209000,367000,270000,97000,194000,82000,112000,4834000
2504,國產            ,4253000,709000,3544000,0,0,0,1015000,0,1015000,217000,4000,0,4000,1007000,794000,213000,4776000
00861,元大全球未來通訊,1000,6000,-5000,0,0,0,0,0,0,4700000,0,0,0,5681000,981000,4700000,4695000
1434,福懋            ,4724086,11860000,-7135914,0,0,0,11345000,2000,11343000,442000,442000,0,442000,0,0,0,4649086
2376,技嘉            ,3844000,1144000,2700000,0,0,0,2037000,1255000,782000,756000,213000,148000,65000,722000,31000,691000,4238000
2308,台達電          ,8789278,5815383,2973895,0,0,0,1025000,2000,1023000,127000,147000,0,147000,13000,33000,-20000,4123895
4938,和碩            ,6191737,5080385,1111352,0,0,0,2312000,29000,2283000,725000,698000,0,698000,188000,161000,27000,4119352
2448,晶電            ,6587000,2686000,3901000,0,0,0,0,445000,-445000,361000,569000,207000,362000,0,1000,-1000,3817000
1101,台泥            ,6500040,3024129,3475911,0,0,0,350000,9000,341000,-3000,129000,129000,0,0,3000,-3000,3813911
1904,正隆            ,3890000,746000,3144000,0,0,0,0,0,0,138000,106000,0,106000,32000,0,32000,3282000
2809,京城銀          ,2675000,7468000,-4793000,0,0,0,8399000,0,8399000,-344000,478000,822000,-344000,0,0,0,3262000
2347,聯強            ,4853668,408863,4444805,0,0,0,0,1287000,-1287000,50000,57000,7000,50000,0,0,0,3207805
2344,華邦電          ,4228399,1535000,2693399,0,0,0,0,0,0,400000,226000,0,226000,209000,35000,174000,3093399
6116,彩晶            ,5647000,1506000,4141000,0,0,0,0,0,0,-1140000,76000,84000,-8000,11000,1143000,-1132000,3001000
2891,中信金          ,10619942,8446454,2173488,0,0,0,949000,37000,912000,-114000,0,121000,-121000,7000,0,7000,2971488
2458,義隆            ,3193000,2776460,416540,0,0,0,2880000,59000,2821000,-300000,39000,255000,-216000,15000,99000,-84000,2937540
00669R,國泰美國道瓊反1 ,918000,103000,815000,0,0,0,0,0,0,2045000,0,0,0,3140000,1095000,2045000,2860000
9933,中鼎            ,1453000,5114000,-3661000,0,0,0,6531000,0,6531000,-277000,199000,476000,-277000,0,0,0,2593000
2356,英業達          ,2952332,4368494,-1416162,0,0,0,3672000,10000,3662000,124000,100000,8000,92000,49000,17000,32000,2369838
00635U,元大S&P黃金     ,314000,1000,313000,0,0,0,0,0,0,1967000,0,0,0,2247000,280000,1967000,2280000
07505P,台勝科元大9A售01,0,0,0,0,0,0,0,0,0,2165000,0,0,0,2165000,0,2165000,2165000
065198,玉晶光元富06購01,0,0,0,0,0,0,0,0,0,2104000,0,0,0,2999000,895000,2104000,2104000
2883,開發金          ,5650320,3461504,2188816,0,0,0,0,81000,-81000,-33000,1000,0,1000,0,34000,-34000,2074816
2377,微星            ,2946145,720263,2225882,0,0,0,350000,872000,-522000,284000,230000,50000,180000,125000,21000,104000,1987882
2317,鴻海            ,7506742,5509460,1997282,0,0,0,19000,444000,-425000,402000,71000,71000,0,422000,20000,402000,1974282
052734,台表科國泰98購02,0,0,0,0,0,0,0,0,0,1915000,0,0,0,1934000,19000,1915000,1915000
1717,長興            ,2850000,872000,1978000,0,0,0,0,9000,-9000,-72000,38000,110000,-72000,0,0,0,1897000
057741,超眾富邦98購01  ,0,0,0,0,0,0,0,0,0,1702000,0,0,0,1777000,75000,1702000,1702000
3545,敦泰            ,2836000,1169000,1667000,0,0,0,0,0,0,0,0,0,0,0,0,0,1667000
2881,富邦金          ,3515580,1805309,1710271,0,0,0,3000,0,3000,-56000,56000,90000,-34000,1000,23000,-22000,1657271
053537,玉晶光永豐98購02,0,0,0,0,0,0,0,0,0,1617000,0,0,0,1780000,163000,1617000,1617000
2867,三商壽          ,2049000,457000,1592000,0,0,0,0,0,0,0,0,0,0,0,0,0,1592000
062207,牧德國票9B購02  ,0,0,0,0,0,0,0,0,0,1561000,0,0,0,1641000,80000,1561000,1561000
052654,友達統一97購01  ,0,250000,-250000,0,0,0,0,0,0,1795000,0,0,0,1848000,53000,1795000,1545000
3029,零壹            ,1772000,244000,1528000,0,0,0,0,0,0,9000,10000,1000,9000,0,0,0,1537000
0050,元大台灣50      ,6273000,6508000,-235000,0,0,0,53000,0,53000,1713000,1350000,18000,1332000,1084000,703000,381000,1531000
058210,臺股指凱基9C購04,0,0,0,0,0,0,0,0,0,1531000,0,0,0,2238000,707000,1531000,1531000
2520,冠德            ,1527000,445000,1082000,0,0,0,181000,120000,61000,307000,278000,39000,239000,128000,60000,68000,1450000
00633L,富邦上証正2     ,2442000,81000,2361000,0,0,0,0,0,0,-960000,0,0,0,1846000,2806000,-960000,1401000
1440,南紡            ,5474000,4079000,1395000,0,0,0,0,0,0,1000,1000,0,1000,0,0,0,1396000
2845,遠東銀          ,1487000,82000,1405000,0,0,0,0,12000,-12000,0,0,0,0,0,0,0,1393000
2498,宏達電          ,1473000,165000,1308000,0,0,0,0,0,0,59000,10000,3000,7000,98000,46000,52000,1367000
048383,元金2X國票99購01,0,0,0,0,0,0,0,0,0,1351000,0,0,0,2088000,737000,1351000,1351000
060226,道瓊反元大9A購01,0,0,0,0,0,0,0,0,0,1340000,0,0,0,1350000,10000,1340000,1340000
2812,台中銀          ,2026000,719000,1307000,0,0,0,0,0,0,0,0,0,0,0,0,0,1307000
2823,中壽            ,2389716,1183179,1206537,0,0,0,0,2000,-2000,45000,0,0,0,79000,34000,45000,1249537
2481,強茂            ,2100000,811000,1289000,0,0,0,0,0,0,-41000,0,17000,-17000,36000,60000,-24000,1248000
2353,宏碁            ,2223151,902761,1320390,0,0,0,1000,0,1000,-81000,13000,133000,-120000,41000,2000,39000,1240390
07836P,大成鋼元大9A售01,0,0,0,0,0,0,0,0,0,1229000,0,0,0,1400000,171000,1229000,1229000
2392,正崴            ,1388000,1465000,-77000,0,0,0,0,0,0,1295000,564000,44000,520000,964000,189000,775000,1218000
1714,和桐            ,2104000,882000,1222000,0,0,0,0,0,0,-17000,0,17000,-17000,0,0,0,1205000
1217,愛之味          ,1395000,197000,1198000,0,0,0,0,0,0,0,0,0,0,0,0,0,1198000
064152,義隆統一02購02  ,0,0,0,0,0,0,0,0,0,1179000,0,0,0,1288000,109000,1179000,1179000
2834,臺企銀          ,2684395,1539129,1145266,0,0,0,0,9000,-9000,40000,0,0,0,40000,0,40000,1176266
3056,總太            ,1237000,64000,1173000,0,0,0,0,0,0,-4000,0,4000,-4000,0,0,0,1169000
06619P,聯發科元大98售06,0,0,0,0,0,0,0,0,0,1169000,0,0,0,2076000,907000,1169000,1169000
061066,嘉晶凱基9B購01  ,0,0,0,0,0,0,0,0,0,1148000,0,0,0,1220000,72000,1148000,1148000
3413,京鼎            ,1058000,87000,971000,0,0,0,0,0,0,154000,26000,1000,25000,145000,16000,129000,1125000
056189,樺漢統一97購02  ,0,0,0,0,0,0,0,0,0,1106000,0,0,0,1259000,153000,1106000,1106000
061976,國巨元大9B購01  ,0,0,0,0,0,0,0,0,0,1101000,0,0,0,1101000,0,1101000,1101000
00631L,元大台灣50正2   ,304000,400000,-96000,0,0,0,0,0,0,1195000,173000,0,173000,2311000,1289000,1022000,1099000
053945,國巨富邦98購02  ,0,0,0,0,0,0,0,0,0,1066000,0,0,0,1066000,0,1066000,1066000
08432P,台勝科凱基9C售02,0,0,0,0,0,0,0,0,0,1064000,0,0,0,1064000,0,1064000,1064000
6213,聯茂            ,2261000,1596000,665000,0,0,0,391000,7000,384000,12000,92000,194000,-102000,155000,41000,114000,1061000
3044,健鼎            ,1291000,4311000,-3020000,0,0,0,4274000,42000,4232000,-156000,135000,204000,-69000,19000,106000,-87000,1056000
054347,上緯控國票96購02,0,0,0,0,0,0,0,0,0,1046000,0,0,0,1046000,0,1046000,1046000
044864,道瓊反國票96購01,0,0,0,0,0,0,0,0,0,1044000,0,0,0,1044000,0,1044000,1044000
064375,智邦元富03購01  ,0,0,0,0,0,0,0,0,0,1044000,0,0,0,1052000,8000,1044000,1044000
063666,京元電統一9C購01,0,0,0,0,0,0,0,0,0,1041000,0,0,0,1149000,108000,1041000,1041000
063359,泰鼎國泰01購01  ,0,0,0,0,0,0,0,0,0,1009000,0,0,0,1145000,136000,1009000,1009000
062035,瑞祺群益9B購01  ,0,0,0,0,0,0,0,0,0,1006000,0,0,0,1076000,70000,1006000,1006000
2316,楠梓電          ,1132000,228000,904000,0,0,0,0,0,0,98000,20000,8000,12000,91000,5000,86000,1002000
063144,超眾統一9C購02  ,0,0,0,0,0,0,0,0,0,998000,0,0,0,1039000,41000,998000,998000
1303,南亞            ,1998515,976515,1022000,0,0,0,0,27000,-27000,2000,23000,21000,2000,0,0,0,997000
2609,陽明            ,1022000,38000,984000,0,0,0,0,0,0,0,0,0,0,0,0,0,984000
056946,國巨統一98購05  ,0,0,0,0,0,0,0,0,0,974000,0,0,0,1190000,216000,974000,974000
3682,亞太電          ,1770000,813470,956530,0,0,0,0,0,0,0,0,0,0,0,0,0,956530
1802,台玻            ,998000,48000,950000,0,0,0,0,0,0,4000,4000,0,4000,0,0,0,954000
5264,鎧勝-KY         ,1518000,818000,700000,0,0,0,0,0,0,232000,304000,22000,282000,0,50000,-50000,932000
063542,泰鼎元富9B購02  ,0,0,0,0,0,0,0,0,0,928000,0,0,0,1006000,78000,928000,928000
07948P,大成鋼凱基9B售01,0,0,0,0,0,0,0,0,0,907000,0,0,0,1064000,157000,907000,907000
1305,華夏            ,1269000,372000,897000,0,0,0,0,0,0,-2000,3000,5000,-2000,0,0,0,895000
063549,國巨國票9C購05  ,0,0,0,0,0,0,0,0,0,895000,0,0,0,1109000,214000,895000,895000
2905,三商            ,1067000,167000,900000,0,0,0,0,0,0,-18000,2000,20000,-18000,0,0,0,882000
3557,嘉威            ,1145000,269000,876000,0,0,0,0,0,0,0,0,0,0,0,0,0,876000
2340,光磊            ,1221000,328700,892300,0,0,0,0,0,0,-21000,0,0,0,0,21000,-21000,871300
064724,健鼎統一02購02  ,0,0,0,0,0,0,0,0,0,869000,0,0,0,877000,8000,869000,869000
061491,嘉聯益兆豐9B購01,0,0,0,0,0,0,0,0,0,868000,0,0,0,879000,11000,868000,868000
064250,亞光元富9C購01  ,0,0,0,0,0,0,0,0,0,867000,0,0,0,982000,115000,867000,867000
5388,中磊            ,1649000,817000,832000,0,0,0,40000,0,40000,-7000,12000,12000,0,35000,42000,-7000,865000
063198,仁寶統一01購02  ,0,0,0,0,0,0,0,0,0,863000,0,0,0,911000,48000,863000,863000
2892,第一金          ,2497627,1841919,655708,0,0,0,0,7000,-7000,202000,203000,1000,202000,0,0,0,850708
5880,合庫金          ,1715250,912645,802605,0,0,0,3000,0,3000,31000,31000,0,31000,0,0,0,836605
064704,嘉晶國泰01購01  ,0,0,0,0,0,0,0,0,0,835000,0,0,0,857000,22000,835000,835000
2505,國揚            ,1294000,486000,808000,0,0,0,0,0,0,15000,11000,22000,-11000,116000,90000,26000,823000
1309,台達化          ,2440000,1085000,1355000,0,0,0,0,500000,-500000,-39000,0,39000,-39000,0,0,0,816000
2887,台新金          ,3524583,2737445,787138,0,0,0,0,51000,-51000,79000,31000,0,31000,48000,0,48000,815138
058153,景碩統一9B購01  ,0,0,0,0,0,0,0,0,0,804000,0,0,0,829000,25000,804000,804000
0056,元大高股息      ,77070,88000,-10930,0,0,0,60000,0,60000,750000,68000,0,68000,682000,0,682000,799070
063051,仁寶統一01購01  ,0,0,0,0,0,0,0,0,0,796000,0,0,0,852000,56000,796000,796000
055421,玉晶光永豐98購04,0,0,0,0,0,0,0,0,0,792000,0,0,0,1325000,533000,792000,792000
064460,健策統一9C購03  ,0,0,0,0,0,0,0,0,0,791000,0,0,0,983000,192000,791000,791000
063136,智邦統一9B購02  ,0,0,0,0,0,0,0,0,0,787000,0,0,0,1396000,609000,787000,787000
00735,國泰臺韓科技    ,10000,0,10000,0,0,0,0,0,0,773000,0,0,0,805000,32000,773000,783000
063452,創意統一01購01  ,0,0,0,0,0,0,0,0,0,778000,0,0,0,864000,86000,778000,778000
062970,智邦元富9B購01  ,0,0,0,0,0,0,0,0,0,770000,0,0,0,909000,139000,770000,770000
059948,正文永豐99購01  ,0,0,0,0,0,0,0,0,0,765000,0,0,0,825000,60000,765000,765000
061186,牧德國泰9C購01  ,0,0,0,0,0,0,0,0,0,762000,0,0,0,777000,15000,762000,762000
1907,永豐餘          ,1130000,381000,749000,0,0,0,0,0,0,2000,2000,0,2000,0,0,0,751000
2014,中鴻            ,868000,118000,750000,0,0,0,0,0,0,1000,1000,0,1000,0,0,0,751000
064746,貿聯國票01購02  ,10000,0,10000,0,0,0,0,0,0,732000,0,0,0,1760000,1028000,732000,742000
063470,泰鼎元大9B購03  ,0,0,0,0,0,0,0,0,0,731000,0,0,0,766000,35000,731000,731000
5305,敦南            ,769000,44000,725000,0,0,0,0,0,0,0,0,0,0,0,0,0,725000
064157,健鼎統一01購02  ,0,0,0,0,0,0,0,0,0,723000,0,0,0,1105000,382000,723000,723000
057391,樺漢永豐98購01  ,0,0,0,0,0,0,0,0,0,720000,0,0,0,804000,84000,720000,720000
1313,聯成            ,1128000,411000,717000,0,0,0,0,0,0,1000,1000,0,1000,0,0,0,718000
064064,義隆富邦03購01  ,0,0,0,0,0,0,0,0,0,713000,0,0,0,1085000,372000,713000,713000
063690,健鼎永豐9B購01  ,0,0,0,0,0,0,0,0,0,707000,0,0,0,815000,108000,707000,707000
1905,華紙            ,846000,161000,685000,0,0,0,0,0,0,9000,9000,0,9000,0,0,0,694000
2023,燁輝            ,842900,151000,691900,0,0,0,0,0,0,2000,2000,0,2000,0,0,0,693900
3042,晶技            ,1163000,384795,778205,0,0,0,0,106000,-106000,17000,0,5000,-5000,36000,14000,22000,689205
8039,台虹            ,793000,141000,652000,0,0,0,0,0,0,33000,0,0,0,33000,0,33000,685000
055987,台表科元富97購01,0,0,0,0,0,0,0,0,0,676000,0,0,0,691000,15000,676000,676000
5871,中租-KY         ,1321566,1731477,-409911,0,0,0,2000,2000,0,1081000,689000,0,689000,394000,2000,392000,671089
056716,康舒永豐98購01  ,0,0,0,0,0,0,0,0,0,670000,0,0,0,700000,30000,670000,670000
055652,聯詠元富01購01  ,0,0,0,0,0,0,0,0,0,666000,0,0,0,902000,236000,666000,666000
062408,致新永豐9B購01  ,0,0,0,0,0,0,0,0,0,659000,0,0,0,665000,6000,659000,659000
063643,臻鼎元大9B購03  ,0,0,0,0,0,0,0,0,0,657000,0,0,0,785000,128000,657000,657000
00643,群益深証中小    ,746000,0,746000,0,0,0,0,0,0,-95000,0,0,0,218000,313000,-95000,651000
064062,創意國泰01購01  ,0,0,0,0,0,0,0,0,0,651000,0,0,0,721000,70000,651000,651000
2886,兆豐金          ,4116225,4300142,-183917,0,0,0,763000,80000,683000,151000,151000,0,151000,0,0,0,650083
064725,緯創統一02購01  ,0,0,0,0,0,0,0,0,0,650000,0,0,0,865000,215000,650000,650000
062215,華通統一9B購01  ,0,0,0,0,0,0,0,0,0,645000,0,0,0,915000,270000,645000,645000
1536,和大            ,846000,212000,634000,0,0,0,0,83000,-83000,93000,18000,41000,-23000,151000,35000,116000,644000
2382,廣達            ,2545854,1657570,888284,0,0,0,15000,356000,-341000,87000,84000,10000,74000,13000,0,13000,634284
1760,寶齡富錦        ,1330000,706000,624000,0,0,0,0,0,0,10000,10000,0,10000,0,0,0,634000
2634,漢翔            ,745000,129000,616000,0,0,0,0,0,0,15000,9000,0,9000,49000,43000,6000,631000
059999,緯穎元富99購01  ,0,0,0,0,0,0,0,0,0,631000,0,0,0,661000,30000,631000,631000
064840,彩晶統一02購01  ,0,0,0,0,0,0,0,0,0,628000,0,0,0,736000,108000,628000,628000
3450,聯鈞            ,1078000,347000,731000,0,0,0,120000,68000,52000,-157000,32000,65000,-33000,2000,126000,-124000,626000
064568,聯鈞群益9C購01  ,0,0,0,0,0,0,0,0,0,626000,0,0,0,770000,144000,626000,626000
00752,中信中國50      ,11000,11000,0,0,0,0,0,0,0,625000,0,0,0,1112000,487000,625000,625000
6005,群益證          ,1232000,596000,636000,0,0,0,0,14000,-14000,0,0,0,0,0,0,0,622000
062761,嘉晶凱基9C購01  ,0,0,0,0,0,0,0,0,0,620000,0,0,0,671000,51000,620000,620000
061042,致新永豐9A購02  ,0,0,0,0,0,0,0,0,0,618000,0,0,0,774000,156000,618000,618000
020012,富邦行動通訊N   ,0,0,0,0,0,0,0,0,0,614000,0,0,0,620000,6000,614000,614000
2489,瑞軒            ,738000,129000,609000,0,0,0,0,0,0,0,2000,2000,0,0,0,0,609000
6288,聯嘉            ,681000,75000,606000,0,0,0,0,0,0,0,1000,1000,0,0,0,0,606000
064386,友達富邦01購01  ,0,0,0,0,0,0,0,0,0,604000,0,0,0,654000,50000,604000,604000
1304,台聚            ,1887000,1289000,598000,0,0,0,0,0,0,1000,1000,0,1000,0,0,0,599000
4960,誠美材          ,830000,234000,596000,0,0,0,0,0,0,1000,1000,0,1000,0,0,0,597000
056947,國巨統一9A購01  ,0,0,0,0,0,0,0,0,0,591000,0,0,0,749000,158000,591000,591000
060851,國巨國泰9C購01  ,0,0,0,0,0,0,0,0,0,590000,0,0,0,606000,16000,590000,590000
2889,國票金          ,1529000,940000,589000,0,0,0,0,0,0,0,0,0,0,0,0,0,589000
2547,日勝生          ,978000,394000,584000,0,0,0,0,0,0,0,0,0,0,0,0,0,584000
063054,健鼎統一01購01  ,0,0,0,0,0,0,0,0,0,582000,0,0,0,1135000,553000,582000,582000
07418P,聯發科元大99售45,0,0,0,0,0,0,0,0,0,580000,0,0,0,600000,20000,580000,580000
063339,智邦統一01購01  ,0,0,0,0,0,0,0,0,0,580000,0,0,0,581000,1000,580000,580000
065020,友達富邦01購02  ,0,0,0,0,0,0,0,0,0,572000,0,0,0,640000,68000,572000,572000
065011,智邦國泰02購01  ,0,0,0,0,0,0,0,0,0,571000,0,0,0,583000,12000,571000,571000
062423,聯發科統一9C購07,0,0,0,0,0,0,0,0,0,571000,0,0,0,901000,330000,571000,571000
046793,聯發科元富99購01,0,0,0,0,0,0,0,0,0,564000,0,0,0,564000,0,564000,564000
058156,超眾統一9A購02  ,0,0,0,0,0,0,0,0,0,564000,0,0,0,956000,392000,564000,564000
2329,華泰            ,873000,309000,564000,0,0,0,0,0,0,-1000,0,0,0,0,1000,-1000,563000
055979,聯鈞統一97購03  ,0,0,0,0,0,0,0,0,0,562000,0,0,0,562000,0,562000,562000
060811,亞德客凱基9A購02,0,0,0,0,0,0,0,0,0,562000,0,0,0,589000,27000,562000,562000
3661,世芯-KY         ,2075000,1653520,421480,0,0,0,220000,93000,127000,12000,43000,100000,-57000,90000,21000,69000,560480
060566,聯詠富邦9C購01  ,0,0,0,0,0,0,0,0,0,560000,0,0,0,570000,10000,560000,560000
1710,東聯            ,747000,191000,556000,0,0,0,0,0,0,1000,1000,0,1000,0,0,0,557000
2352,佳世達          ,1150000,549000,601000,0,0,0,0,0,0,-46000,0,0,0,5000,51000,-46000,555000
063721,道瓊銀元大9B購03,0,0,0,0,0,0,0,0,0,555000,0,0,0,571000,16000,555000,555000
052328,台表科中信99購01,0,0,0,0,0,0,0,0,0,552000,0,0,0,1030000,478000,552000,552000
5471,松翰            ,1906000,1654000,252000,0,0,0,0,0,0,295000,295000,0,295000,0,0,0,547000
2338,光罩            ,796000,255000,541000,0,0,0,0,0,0,5000,0,0,0,49000,44000,5000,546000
00639,富邦深100       ,800000,56000,744000,0,0,0,0,0,0,-202000,0,0,0,1191000,1393000,-202000,542000
064140,台達電統一01購01,0,0,0,0,0,0,0,0,0,542000,0,0,0,673000,131000,542000,542000
06852P,臺股指元大98售11,0,0,0,0,0,0,0,0,0,537000,0,0,0,1167000,630000,537000,537000
064235,美律統一9C購02  ,0,0,0,0,0,0,0,0,0,537000,0,0,0,537000,0,537000,537000
2436,偉詮電          ,711000,175000,536000,0,0,0,0,0,0,0,0,0,0,0,0,0,536000
057990,美律統一99購02  ,0,0,0,0,0,0,0,0,0,535000,0,0,0,535000,0,535000,535000
051536,玉晶光國票97購01,0,0,0,0,0,0,0,0,0,532000,0,0,0,532000,0,532000,532000
063641,泰鼎元大9B購04  ,0,0,0,0,0,0,0,0,0,530000,0,0,0,782000,252000,530000,530000
2605,新興            ,907000,152000,755000,0,0,0,0,0,0,-229000,121000,350000,-229000,0,0,0,526000
056848,泰鼎元富98購01  ,0,0,0,0,0,0,0,0,0,525000,0,0,0,525000,0,525000,525000
058537,彩晶統一9B購01  ,0,0,0,0,0,0,0,0,0,524000,0,0,0,688000,164000,524000,524000
063292,致新元大9B購02  ,0,0,0,0,0,0,0,0,0,524000,0,0,0,615000,91000,524000,524000
08637P,台灣50中信96售03,0,0,0,0,0,0,0,0,0,522000,0,0,0,522000,0,522000,522000
056479,玉晶光元大99購05,0,0,0,0,0,0,0,0,0,520000,0,0,0,600000,80000,520000,520000
058763,和碩群益99購01  ,0,0,0,0,0,0,0,0,0,514000,0,0,0,714000,200000,514000,514000
053568,智伸科富邦98購01,0,0,0,0,0,0,0,0,0,512000,0,0,0,526000,14000,512000,512000
058327,大毅統一9B購01  ,0,0,0,0,0,0,0,0,0,501000,0,0,0,710000,209000,501000,501000
054157,國巨亞東96購01  ,0,0,0,0,0,0,0,0,0,500000,0,0,0,700000,200000,500000,500000
055496,高鐵元大97購02  ,0,0,0,0,0,0,0,0,0,500000,0,0,0,500000,0,500000,500000
063048,聯詠兆豐9B購01  ,0,0,0,0,0,0,0,0,0,499000,0,0,0,525000,26000,499000,499000
3026,禾伸堂          ,586000,121000,465000,0,0,0,0,0,0,33000,0,0,0,43000,10000,33000,498000
053814,美律群益97購02  ,0,0,0,0,0,0,0,0,0,497000,0,0,0,497000,0,497000,497000
3036,文曄            ,642000,100000,542000,0,0,0,0,0,0,-49000,10000,1000,9000,0,58000,-58000,493000
00655L,國泰中國A50正2  ,10000,11000,-1000,0,0,0,0,0,0,488735,0,0,0,2034000,1545265,488735,487735
1734,杏輝            ,1776000,1290000,486000,0,0,0,0,0,0,1000,2000,1000,1000,0,0,0,487000
6120,達運            ,775000,290000,485000,0,0,0,0,0,0,0,0,0,0,0,0,0,485000
060420,神基永豐9A購01  ,0,0,0,0,0,0,0,0,0,484000,0,0,0,499000,15000,484000,484000
063562,國巨元大9C購06  ,0,0,0,0,0,0,0,0,0,484000,0,0,0,550000,66000,484000,484000
059841,國巨富邦9C購01  ,0,0,0,0,0,0,0,0,0,481000,0,0,0,497000,16000,481000,481000
06953P,景碩統一9A售01  ,0,0,0,0,0,0,0,0,0,479000,0,0,0,479000,0,479000,479000
065030,亞光兆豐9C購01  ,0,0,0,0,0,0,0,0,0,476000,0,0,0,513000,37000,476000,476000
07032P,聯發科統一9C售02,0,0,0,0,0,0,0,0,0,470000,0,0,0,1313000,843000,470000,470000
1590,亞德客-KY       ,832318,294024,538294,0,0,0,0,85000,-85000,16000,11000,10000,1000,24000,9000,15000,469294
065132,臻鼎兆豐01購01  ,0,0,0,0,0,0,0,0,0,467000,0,0,0,488000,21000,467000,467000
00739,元大MSCI A股    ,189000,0,189000,0,0,0,0,0,0,275000,0,0,0,563000,288000,275000,464000
055850,聯詠元大97購06  ,0,0,0,0,0,0,0,0,0,464000,0,0,0,556000,92000,464000,464000
063345,嘉晶統一9C購02  ,0,0,0,0,0,0,0,0,0,463000,0,0,0,520000,57000,463000,463000
2357,華碩            ,2178151,3161053,-982902,0,0,0,1026000,6000,1020000,423000,59000,6000,53000,370000,0,370000,460098
056540,聯詠凱基98購02  ,0,0,0,0,0,0,0,0,0,457000,0,0,0,506000,49000,457000,457000
6505,台塑化          ,1387041,946225,440816,0,0,0,1000,4000,-3000,19000,19000,0,19000,0,0,0,456816
064357,中橡統一9C購01  ,0,0,0,0,0,0,0,0,0,454000,0,0,0,454000,0,454000,454000
06068P,玉晶光康和97售01,0,0,0,0,0,0,0,0,0,453000,0,0,0,453000,0,453000,453000
063807,超眾兆豐01購01  ,0,0,0,0,0,0,0,0,0,452000,0,0,0,472000,20000,452000,452000
063343,美律統一9C購01  ,0,0,0,0,0,0,0,0,0,452000,0,0,0,472000,20000,452000,452000
4414,如興            ,498000,52000,446000,0,0,0,0,0,0,4000,4000,0,4000,0,0,0,450000
054795,合勤控群益98購01,0,0,0,0,0,0,0,0,0,450000,0,0,0,450000,0,450000,450000
060829,T50反1國票9A購06,0,0,0,0,0,0,0,0,0,450000,0,0,0,450000,0,450000,450000
6706,惠特            ,459000,56000,403000,0,0,0,41000,0,41000,6000,30000,24000,6000,0,0,0,450000
07408P,台積電兆豐99售06,0,0,0,0,0,0,0,0,0,449000,0,0,0,485000,36000,449000,449000
060238,強茂元大9C購01  ,0,0,0,0,0,0,0,0,0,446000,0,0,0,531000,85000,446000,446000
061283,智邦統一9A購01  ,0,0,0,0,0,0,0,0,0,445000,0,0,0,866000,421000,445000,445000
3033,威健            ,688000,256000,432000,0,0,0,0,0,0,11000,11000,0,11000,0,0,0,443000
057567,嘉聯益富邦9A購01,0,0,0,0,0,0,0,0,0,442000,0,0,0,617000,175000,442000,442000
060862,美律永豐9A購01  ,0,0,0,0,0,0,0,0,0,441000,0,0,0,441000,0,441000,441000
5522,遠雄            ,584000,144000,440000,0,0,0,0,0,0,1000,1000,0,1000,0,0,0,441000
064913,燿華統一02購01  ,0,0,0,0,0,0,0,0,0,438000,0,0,0,498000,60000,438000,438000
061364,國巨國票9A購09  ,0,0,0,0,0,0,0,0,0,436000,0,0,0,469000,33000,436000,436000
058674,宏達電群益99購01,0,0,0,0,0,0,0,0,0,436000,0,0,0,438000,2000,436000,436000
059028,嘉聯益台新99購02,0,0,0,0,0,0,0,0,0,435000,0,0,0,640000,205000,435000,435000
055399,超眾統一99購01  ,0,0,0,0,0,0,0,0,0,433000,0,0,0,433000,0,433000,433000
2102,泰豐            ,1375000,946000,429000,0,0,0,0,0,0,3000,3000,0,3000,0,0,0,432000
00680L,元大美債20正2   ,3000,0,3000,0,0,0,0,0,0,427000,0,0,0,582000,155000,427000,430000
045873,元油2X元富98購04,0,0,0,0,0,0,0,0,0,430000,0,0,0,430000,0,430000,430000
057570,技嘉永豐98購02  ,0,0,0,0,0,0,0,0,0,430000,0,0,0,543000,113000,430000,430000
058380,臺股指凱基99購15,0,0,0,0,0,0,0,0,0,430000,0,0,0,780000,350000,430000,430000
062350,台表科群益9B購01,0,0,0,0,0,0,0,0,0,430000,0,0,0,488000,58000,430000,430000
060940,國巨國票9B購03  ,0,0,0,0,0,0,0,0,0,429000,0,0,0,450000,21000,429000,429000
064731,台郡統一01購02  ,0,0,0,0,0,0,0,0,0,426000,0,0,0,476000,50000,426000,426000
064976,景碩元大9C購01  ,0,0,0,0,0,0,0,0,0,424000,0,0,0,645000,221000,424000,424000
060541,正隆凱基9A購01  ,0,0,0,0,0,0,0,0,0,423000,0,0,0,460000,37000,423000,423000
052542,友達元富98購01  ,0,0,0,0,0,0,0,0,0,422000,0,0,0,525000,103000,422000,422000
063453,創意統一9C購01  ,0,0,0,0,0,0,0,0,0,422000,0,0,0,582000,160000,422000,422000
064442,嘉聯益凱基9C購01,0,0,0,0,0,0,0,0,0,419000,0,0,0,634000,215000,419000,419000
063893,微星群益9C購01  ,0,0,0,0,0,0,0,0,0,419000,0,0,0,502000,83000,419000,419000
8110,華東            ,447000,28000,419000,0,0,0,0,0,0,0,0,0,0,0,0,0,419000
064448,裕隆統一02購01  ,0,0,0,0,0,0,0,0,0,415000,0,0,0,495000,80000,415000,415000
00636,國泰中國A50     ,451000,36000,415000,0,0,0,0,0,0,-10,0,0,0,405000,405010,-10,414990
03447B,臺股指凱基9B熊16,0,0,0,0,0,0,0,0,0,414000,0,0,0,819000,405000,414000,414000
060713,聯詠永豐9A購01  ,0,0,0,0,0,0,0,0,0,414000,0,0,0,589000,175000,414000,414000
059454,亞光永豐99購01  ,0,0,0,0,0,0,0,0,0,414000,0,0,0,419000,5000,414000,414000
056941,台郡元富9B購01  ,0,0,0,0,0,0,0,0,0,413000,0,0,0,444000,31000,413000,413000
4536,拓凱            ,332000,345000,-13000,0,0,0,330000,0,330000,95000,80000,0,80000,15000,0,15000,412000
058287,國巨國票9A購02  ,0,0,0,0,0,0,0,0,0,412000,0,0,0,630000,218000,412000,412000
056783,國巨群益99購01  ,0,0,0,0,0,0,0,0,0,411000,0,0,0,428000,17000,411000,411000
061782,智邦群益9B購01  ,0,0,0,0,0,0,0,0,0,407000,0,0,0,459000,52000,407000,407000
06684P,緯穎元大98售06  ,0,0,0,0,0,0,0,0,0,401000,0,0,0,502000,101000,401000,401000
063063,泰鼎元富9B購01  ,0,0,0,0,0,0,0,0,0,401000,0,0,0,518000,117000,401000,401000
07472P,和碩元大9A售03  ,0,0,0,0,0,0,0,0,0,400000,0,0,0,400000,0,400000,400000
06889P,臺股指元大98售13,0,0,0,0,0,0,0,0,0,400000,0,0,0,400000,0,400000,400000
054966,貿聯元大98購02  ,0,0,0,0,0,0,0,0,0,399000,0,0,0,399000,0,399000,399000
061775,臺指反國票9B購04,0,0,0,0,0,0,0,0,0,399000,0,0,0,799000,400000,399000,399000
064144,智邦統一01購02  ,0,0,0,0,0,0,0,0,0,399000,0,0,0,405000,6000,399000,399000
07649P,金像電永豐9A售02,0,0,0,0,0,0,0,0,0,398000,0,0,0,421000,23000,398000,398000
2855,統一證          ,539000,142000,397000,0,0,0,0,0,0,0,0,0,0,0,0,0,397000
060191,亞光元富9A購02  ,0,0,0,0,0,0,0,0,0,397000,0,0,0,482000,85000,397000,397000
064779,義隆群益9C購03  ,0,0,0,0,0,0,0,0,0,396000,0,0,0,474000,78000,396000,396000
054135,大立光元大97購04,0,0,0,0,0,0,0,0,0,396000,0,0,0,396000,0,396000,396000
059396,T50反1元富99購04,0,0,0,0,0,0,0,0,0,396000,0,0,0,995000,599000,396000,396000
055433,嘉聯益群益99購01,0,0,0,0,0,0,0,0,0,395000,0,0,0,493000,98000,395000,395000
060297,和碩元大9A購02  ,0,0,0,0,0,0,0,0,0,395000,0,0,0,661000,266000,395000,395000
2888,新光金          ,8561785,8193268,368517,0,0,0,24000,0,24000,2000,40000,10000,30000,112000,140000,-28000,394517
057555,玉晶光凱基9A購02,0,0,0,0,0,0,0,0,0,394000,0,0,0,452000,58000,394000,394000
063064,台表科元富9B購01,0,0,0,0,0,0,0,0,0,394000,0,0,0,500000,106000,394000,394000
2457,飛宏            ,470000,76000,394000,0,0,0,0,0,0,-3000,0,3000,-3000,0,0,0,391000
064369,彩晶統一01購01  ,0,0,0,0,0,0,0,0,0,391000,0,0,0,440000,49000,391000,391000
064927,瀚宇博統一02購01,0,0,0,0,0,0,0,0,0,390000,0,0,0,489000,99000,390000,390000
2399,映泰            ,452000,64000,388000,0,0,0,0,0,0,0,0,0,0,0,0,0,388000
063168,台表科永豐9B購01,0,0,0,0,0,0,0,0,0,388000,0,0,0,495000,107000,388000,388000
1708,東鹼            ,389000,11000,378000,0,0,0,0,0,0,9000,9000,0,9000,0,0,0,387000
063999,日月光兆豐9C購01,0,0,0,0,0,0,0,0,0,386000,0,0,0,459000,73000,386000,386000
056420,台表科元富98購01,0,0,0,0,0,0,0,0,0,385000,0,0,0,390000,5000,385000,385000
064539,玉晶光麥證01購01,0,0,0,419000,21000,398000,0,0,0,385000,0,0,0,420000,35000,385000,385000
062451,瀚宇博元大9B購02,0,0,0,0,0,0,0,0,0,384000,0,0,0,456000,72000,384000,384000
056607,貿聯富邦99購02  ,0,0,0,0,0,0,0,0,0,383000,0,0,0,403000,20000,383000,383000
056221,鴻海凱基99購01  ,0,0,0,0,0,0,0,0,0,382000,0,0,0,382000,0,382000,382000
00648R,元大S&P500反1   ,0,0,0,0,0,0,0,0,0,382000,0,0,0,749000,367000,382000,382000
2838,聯邦銀          ,435000,55000,380000,0,0,0,0,0,0,0,0,0,0,0,0,0,380000
053730,樺漢凱基98購01  ,0,0,0,0,0,0,0,0,0,380000,0,0,0,392000,12000,380000,380000
060337,FBVIX統一9A購01 ,0,0,0,0,0,0,0,0,0,380000,0,0,0,410000,30000,380000,380000
060867,智伸科永豐9A購01,0,0,0,0,0,0,0,0,0,380000,0,0,0,540000,160000,380000,380000
3006,晶豪科          ,644000,410000,234000,0,0,0,8000,0,8000,136000,0,1000,-1000,146000,9000,137000,378000
00728,第一金工業30    ,0,0,0,0,0,0,0,0,0,373000,0,0,0,386000,13000,373000,373000
059188,京元電富邦9B購01,0,0,0,0,0,0,0,0,0,372000,0,0,0,591000,219000,372000,372000
056906,玉晶光元大9B購01,0,0,0,0,0,0,0,0,0,371000,0,0,0,432000,61000,371000,371000
063134,裕隆統一01購01  ,0,0,0,0,0,0,0,0,0,371000,0,0,0,730000,359000,371000,371000
056098,矽創元富97購02  ,0,0,0,0,0,0,0,0,0,370000,0,0,0,400000,30000,370000,370000
08451P,南六統一9C售06  ,0,0,0,0,0,0,0,0,0,369000,0,0,0,549000,180000,369000,369000
063349,台郡統一9C購01  ,0,0,0,0,0,0,0,0,0,369000,0,0,0,413000,44000,369000,369000
9919,康那香          ,1386000,1053000,333000,0,0,0,0,0,0,35000,40000,5000,35000,0,0,0,368000
2385,群光            ,981973,1690171,-708198,0,0,0,1242000,156000,1086000,-10000,16000,32000,-16000,8000,2000,6000,367802
057813,京元電元大98購03,0,0,0,0,0,0,0,0,0,367000,0,0,0,718000,351000,367000,367000
061723,嘉聯益永豐9A購03,0,0,0,0,0,0,0,0,0,366000,0,0,0,395000,29000,366000,366000
3515,華擎            ,372000,190317,181683,0,0,0,60000,0,60000,123000,21000,0,21000,110000,8000,102000,364683
064803,智邦元大9C購05  ,0,0,0,0,0,0,0,0,0,364000,0,0,0,441000,77000,364000,364000
055486,國巨元大98購06  ,0,0,0,0,0,0,0,0,0,364000,0,0,0,390000,26000,364000,364000
6412,群電            ,620000,230100,389900,0,0,0,0,0,0,-27000,0,25000,-25000,0,2000,-2000,362900
052901,台達電國票97購01,0,0,0,0,0,0,0,0,0,360000,0,0,0,360000,0,360000,360000
062824,國巨群益9C購03  ,0,0,0,0,0,0,0,0,0,358000,0,0,0,463000,105000,358000,358000
3035,智原            ,1869000,1506000,363000,0,0,0,0,2000,-2000,-4000,30000,12000,18000,16000,38000,-22000,357000
056361,美律元大99購02  ,0,0,0,0,0,0,0,0,0,357000,0,0,0,357000,0,357000,357000
060550,可成凱基9A購02  ,0,0,0,0,0,0,0,0,0,357000,0,0,0,364000,7000,357000,357000
063361,台表科國泰01購02,0,0,0,0,0,0,0,0,0,357000,0,0,0,560000,203000,357000,357000
056267,文曄統一97購02  ,0,0,0,0,0,0,0,0,0,356000,0,0,0,396000,40000,356000,356000
064185,裕隆永豐9C購01  ,0,10000,-10000,0,0,0,0,0,0,366000,0,0,0,376000,10000,366000,356000
064251,緯創元富9C購01  ,0,0,0,0,0,0,0,0,0,356000,0,0,0,487000,131000,356000,356000
4142,國光生          ,4117000,3764000,353000,0,0,0,0,0,0,1000,1000,0,1000,0,0,0,354000
2401,凌陽            ,807000,438000,369000,0,0,0,0,0,0,-16000,0,16000,-16000,0,0,0,353000
2601,益航            ,370000,18000,352000,0,0,0,0,0,0,1000,1000,0,1000,0,0,0,353000
6176,瑞儀            ,1334000,1394900,-60900,0,0,0,377000,0,377000,32000,31000,0,31000,22000,21000,1000,348100
057776,京元電群益98購02,0,0,0,0,0,0,0,0,0,346000,0,0,0,486000,140000,346000,346000
6196,帆宣            ,484000,205000,279000,0,0,0,0,0,0,66000,0,0,0,68000,2000,66000,345000
057354,聯鈞統一99購03  ,0,0,0,0,0,0,0,0,0,343000,0,0,0,469000,126000,343000,343000
065062,亞光群益9C購01  ,0,0,0,0,0,0,0,0,0,342000,0,0,0,342000,0,342000,342000
057493,聯詠元大98購02  ,0,0,0,0,0,0,0,0,0,342000,0,0,0,430000,88000,342000,342000
061465,聯詠群益9A購01  ,0,0,0,0,0,0,0,0,0,342000,0,0,0,379000,37000,342000,342000
063357,聯發科國泰01購04,0,0,0,0,0,0,0,0,0,341000,0,0,0,723000,382000,341000,341000
00692,富邦公司治理    ,10000,8000,2000,0,0,0,0,0,0,338000,0,0,0,2066000,1728000,338000,340000
064820,裕隆統一9C購01  ,0,0,0,0,0,0,0,0,0,339000,0,0,0,409000,70000,339000,339000
1731,美吾華          ,251000,45000,206000,0,0,0,0,0,0,133000,133000,0,133000,0,0,0,339000
3049,和鑫            ,504000,166000,338000,0,0,0,0,0,0,0,0,0,0,0,0,0,338000
059853,超眾永豐99購03  ,0,0,0,0,0,0,0,0,0,338000,0,0,0,339000,1000,338000,338000
06779P,智邦元大98售12  ,0,0,0,0,0,0,0,0,0,337000,0,0,0,357000,20000,337000,337000
053413,台積電國票99購01,0,0,0,0,0,0,0,0,0,335000,0,0,0,335000,0,335000,335000
062958,長榮航麥證9B購01,0,0,0,335000,0,335000,0,0,0,335000,0,0,0,335000,0,335000,335000
08663P,台灣50元大96售01,0,0,0,0,0,0,0,0,0,333000,0,0,0,333000,0,333000,333000
057447,智邦元富02購01  ,0,0,0,0,0,0,0,0,0,333000,0,0,0,337000,4000,333000,333000
064388,緯穎富邦9C購01  ,0,0,0,0,0,0,0,0,0,333000,0,0,0,436000,103000,333000,333000
064055,台郡統一02購01  ,0,0,0,0,0,0,0,0,0,331000,0,0,0,389000,58000,331000,331000
065296,國巨統一01購10  ,0,0,0,0,0,0,0,0,0,330000,0,0,0,439000,109000,330000,330000
6202,盛群            ,566000,244000,322000,0,0,0,12000,0,12000,-4000,0,14000,-14000,12000,2000,10000,330000
3090,日電貿          ,284000,189000,95000,0,0,0,0,0,0,234000,0,0,0,257000,23000,234000,329000
057087,台郡統一99購01  ,0,0,0,0,0,0,0,0,0,329000,0,0,0,329000,0,329000,329000
061826,台郡麥證9B購01  ,0,0,0,360000,31000,329000,0,0,0,329000,0,0,0,360000,31000,329000,329000
058786,元黃金元大99購01,0,0,0,0,0,0,0,0,0,328000,0,0,0,328000,0,328000,328000
061360,智邦兆豐9B購02  ,0,0,0,0,0,0,0,0,0,326000,0,0,0,326000,0,326000,326000
2327,國巨            ,4692708,1784073,2908635,0,0,0,13000,1906000,-1893000,-690000,30000,567000,-537000,105000,258000,-153000,325635
1722,台肥            ,763000,433000,330000,0,0,0,0,3000,-3000,-2000,2000,10000,-8000,6000,0,6000,325000
054757,南亞國票98購01  ,0,0,0,0,0,0,0,0,0,324000,0,0,0,324000,0,324000,324000
064464,台郡統一01購01  ,0,0,0,0,0,0,0,0,0,324000,0,0,0,324000,0,324000,324000
061642,創意元大9A購04  ,0,0,0,0,0,0,0,0,0,323000,0,0,0,351000,28000,323000,323000
057154,易華電國泰99購01,0,0,0,0,0,0,0,0,0,322000,0,0,0,548000,226000,322000,322000
057166,國巨元大99購06  ,0,0,0,0,0,0,0,0,0,320000,0,0,0,370000,50000,320000,320000
054065,樺漢國票97購01  ,0,0,0,0,0,0,0,0,0,320000,0,0,0,320000,0,320000,320000
00650L,FH香港正2       ,23000,22000,1000,0,0,0,0,0,0,319000,0,0,0,528000,209000,319000,320000
061072,南電凱基9B購01  ,0,0,0,0,0,0,0,0,0,320000,0,0,0,323000,3000,320000,320000
064513,T50反1群益9C購01,0,0,0,0,0,0,0,0,0,320000,0,0,0,405000,85000,320000,320000
1227,佳格            ,519612,201154,318458,0,0,0,0,1000,-1000,2000,2000,0,2000,0,0,0,319458
057912,美律日盛99購01  ,0,0,0,0,0,0,0,0,0,318000,0,0,0,318000,0,318000,318000
056434,國巨凱基98購03  ,0,0,0,0,0,0,0,0,0,317000,0,0,0,347000,30000,317000,317000
060788,嘉晶富邦9B購01  ,0,0,0,0,0,0,0,0,0,317000,0,0,0,319000,2000,317000,317000
1789,神隆            ,3232000,2787000,445000,0,0,0,0,0,0,-129000,2000,100000,-98000,37000,68000,-31000,316000
065059,神隆群益9C購01  ,0,0,0,0,0,0,0,0,0,315000,0,0,0,456000,141000,315000,315000
063924,致新元富9C購01  ,0,0,0,0,0,0,0,0,0,315000,0,0,0,557000,242000,315000,315000
064926,臻鼎統一02購01  ,0,0,0,0,0,0,0,0,0,314000,0,0,0,553000,239000,314000,314000
062547,玉晶光永豐9B購05,0,0,0,0,0,0,0,0,0,314000,0,0,0,343000,29000,314000,314000
064759,景碩凱基9C購01  ,0,0,0,0,0,0,0,0,0,313000,0,0,0,359000,46000,313000,313000
057356,彩晶統一98購04  ,0,0,0,0,0,0,0,0,0,312000,0,0,0,312000,0,312000,312000
8028,昇陽半導體      ,331000,137000,194000,0,0,0,70000,0,70000,47000,0,0,0,47000,0,47000,311000
064736,超眾元富9C購04  ,0,0,0,0,0,0,0,0,0,309000,0,0,0,432000,123000,309000,309000
064071,台郡永豐9C購01  ,0,0,0,0,0,0,0,0,0,309000,0,0,0,309000,0,309000,309000
063618,智邦兆豐9C購01  ,0,0,0,0,0,0,0,0,0,308000,0,0,0,346000,38000,308000,308000
065189,台郡統一9C購03  ,0,0,0,0,0,0,0,0,0,307000,0,0,0,423000,116000,307000,307000
058808,大成鋼統一9B購01,0,0,0,0,0,0,0,0,0,307000,0,0,0,341000,34000,307000,307000
056725,鴻海國票99購03  ,0,0,0,0,0,0,0,0,0,306000,0,0,0,306000,0,306000,306000
057141,嘉聯益兆豐99購01,0,0,0,0,0,0,0,0,0,305000,0,0,0,505000,200000,305000,305000
061679,健策元大9B購04  ,0,0,0,0,0,0,0,0,0,303000,0,0,0,306000,3000,303000,303000
062329,奇力新統一9C購03,0,0,0,0,0,0,0,0,0,303000,0,0,0,303000,0,303000,303000
07841P,臻鼎元大9A售04  ,0,0,0,0,0,0,0,0,0,300000,0,0,0,300000,0,300000,300000
08349P,南六元大9C售03  ,0,0,0,0,0,0,0,0,0,300000,0,0,0,690000,390000,300000,300000
054072,台積電富邦98購02,0,0,0,0,0,0,0,0,0,300000,0,0,0,300000,0,300000,300000
060296,和碩元大9A購01  ,0,0,0,0,0,0,0,0,0,300000,0,0,0,622000,322000,300000,300000
060251,易華電元大9C購01,0,0,0,0,0,0,0,0,0,300000,0,0,0,309000,9000,300000,300000
6531,愛普            ,766000,452000,314000,0,0,0,0,0,0,-14000,0,0,0,0,14000,-14000,300000
064094,達新群益9C購01  ,0,0,0,0,0,0,0,0,0,298000,0,0,0,351000,53000,298000,298000
064698,致伸群益9C購01  ,0,0,0,0,0,0,0,0,0,298000,0,0,0,298000,0,298000,298000
8464,億豐            ,415549,151032,264517,0,0,0,68000,61000,7000,26000,0,0,0,27000,1000,26000,297517
056937,智原元富98購01  ,0,0,0,0,0,0,0,0,0,296000,0,0,0,316000,20000,296000,296000
3711,日月光投控      ,2699705,2688639,11066,0,0,0,18000,13000,5000,279000,281000,17000,264000,72000,57000,15000,295066
053403,彩晶群益98購01  ,0,0,0,0,0,0,0,0,0,292000,0,0,0,292000,0,292000,292000
2906,高林            ,533000,242000,291000,0,0,0,0,0,0,0,0,0,0,0,0,0,291000
2455,全新            ,853000,428000,425000,0,0,0,0,0,0,-134000,71000,166000,-95000,45000,84000,-39000,291000
055398,超眾統一97購03  ,0,0,0,0,0,0,0,0,0,291000,0,0,0,342000,51000,291000,291000
06168P,台表科國票97售06,0,0,0,0,0,0,0,0,0,291000,0,0,0,291000,0,291000,291000
054197,台積電永昌96購07,0,0,0,0,0,0,0,0,0,290000,0,0,0,290000,0,290000,290000
056469,國巨元大99購01  ,0,0,0,0,0,0,0,0,0,290000,0,0,0,316000,26000,290000,290000
00652,富邦印度        ,180000,7000,173000,0,0,0,0,0,0,116872,0,0,0,120872,4000,116872,289872
2206,三陽工業        ,433000,145000,288000,0,0,0,0,0,0,1000,1000,0,1000,0,0,0,289000
08122P,晶技國票9C售01  ,0,0,0,0,0,0,0,0,0,289000,0,0,0,289000,0,289000,289000
058807,和大統一9B購01  ,0,0,0,0,0,0,0,0,0,289000,0,0,0,821000,532000,289000,289000
064068,義隆永豐9C購01  ,0,0,0,0,0,0,0,0,0,289000,0,0,0,531000,242000,289000,289000
061492,超眾兆豐9B購01  ,0,0,0,0,0,0,0,0,0,286000,0,0,0,286000,0,286000,286000
058534,友達統一9B購01  ,0,0,0,0,0,0,0,0,0,285000,0,0,0,333000,48000,285000,285000
064459,創意統一02購01  ,0,0,0,0,0,0,0,0,0,285000,0,0,0,285000,0,285000,285000
064187,亞光永豐9C購01  ,0,0,0,0,0,0,0,0,0,284000,0,0,0,284000,0,284000,284000
063656,台光電元富03購01,0,0,0,0,0,0,0,0,0,284000,0,0,0,412000,128000,284000,284000
062885,臻鼎兆豐9C購01  ,0,0,0,0,0,0,0,0,0,284000,0,0,0,555000,271000,284000,284000
08010P,大成鋼元大9B售01,0,0,0,0,0,0,0,0,0,281000,0,0,0,367000,86000,281000,281000
006205,富邦上証        ,609000,1000,608000,0,0,0,0,0,0,-327000,0,0,0,1388000,1715000,-327000,281000
058026,上銀富邦9A購01  ,0,0,0,0,0,0,0,0,0,281000,0,0,0,301000,20000,281000,281000
063859,國巨國泰01購03  ,0,0,0,0,0,0,0,0,0,280000,0,0,0,321000,41000,280000,280000
1464,得力            ,273000,8000,265000,0,0,0,0,0,0,14000,2000,0,2000,12000,0,12000,279000
064819,華新統一01購02  ,0,0,0,0,0,0,0,0,0,279000,0,0,0,386000,107000,279000,279000
057581,元大金中信9A購01,0,0,0,0,0,0,0,0,0,279000,0,0,0,373000,94000,279000,279000
057824,日月光元大98購01,0,0,0,0,0,0,0,0,0,279000,0,0,0,379000,100000,279000,279000
063760,聯詠統一9C購02  ,0,0,0,0,0,0,0,0,0,279000,0,0,0,1251000,972000,279000,279000
064349,泰鼎元大9C購02  ,0,0,0,0,0,0,0,0,0,278000,0,0,0,355000,77000,278000,278000
062287,康友群益9B購02  ,0,0,0,0,0,0,0,0,0,276000,0,0,0,342000,66000,276000,276000
062369,創意元大9B購01  ,0,0,0,0,0,0,0,0,0,276000,0,0,0,313000,37000,276000,276000
054890,聯鈞統一99購01  ,0,0,0,0,0,0,0,0,0,275000,0,0,0,275000,0,275000,275000
055725,嘉聯益元大98購03,0,0,0,0,0,0,0,0,0,274000,0,0,0,470000,196000,274000,274000
6541,泰福-KY         ,300000,27000,273000,0,0,0,0,0,0,1000,1000,0,1000,0,0,0,274000
062052,華通統一01購01  ,0,0,0,0,0,0,0,0,0,273000,0,0,0,309000,36000,273000,273000
064202,景碩兆豐9C購01  ,0,0,0,0,0,0,0,0,0,273000,0,0,0,417000,144000,273000,273000
3665,貿聯-KY         ,267000,146000,121000,0,0,0,180000,15000,165000,-14000,3000,25000,-22000,39000,31000,8000,272000
056909,嘉聯益元大99購03,0,0,0,0,0,0,0,0,0,270000,0,0,0,353000,83000,270000,270000
052622,貿聯兆豐97購01  ,0,0,0,0,0,0,0,0,0,270000,0,0,0,270000,0,270000,270000
054446,美食兆豐97購01  ,0,0,0,0,0,0,0,0,0,270000,0,0,0,270000,0,270000,270000
063769,玉晶光國泰02購01,0,0,0,0,0,0,0,0,0,270000,0,0,0,417000,147000,270000,270000
064900,景碩群益01購01  ,0,0,0,0,0,0,0,0,0,269000,0,0,0,280000,11000,269000,269000
054551,聯發科凱基98購02,0,0,0,0,0,0,0,0,0,269000,0,0,0,285000,16000,269000,269000
060418,中橡永豐9A購01  ,0,0,0,0,0,0,0,0,0,269000,0,0,0,379000,110000,269000,269000
063658,瑞祺元富9B購01  ,0,0,0,0,0,0,0,0,0,269000,0,0,0,1014000,745000,269000,269000
063305,亞光凱基9B購01  ,0,0,0,0,0,0,0,0,0,269000,0,0,0,369000,100000,269000,269000
3019,亞光            ,516000,172000,344000,0,0,0,0,0,0,-77000,60000,14000,46000,13000,136000,-123000,267000
060308,劍麟永豐9A購01  ,0,0,0,0,0,0,0,0,0,267000,0,0,0,345000,78000,267000,267000
054481,鎧勝中信96購01  ,0,0,0,0,0,0,0,0,0,264000,0,0,0,284000,20000,264000,264000
062171,中磊永豐9B購01  ,0,0,0,0,0,0,0,0,0,264000,0,0,0,509000,245000,264000,264000
2820,華票            ,542000,279000,263000,0,0,0,0,0,0,0,0,0,0,0,0,0,263000
4552,力達-KY         ,307000,44000,263000,0,0,0,0,0,0,0,0,0,0,0,0,0,263000
056302,大立光元大97購17,0,0,0,0,0,0,0,0,0,263000,0,0,0,263000,0,263000,263000
2485,兆赫            ,649000,337000,312000,0,0,0,0,0,0,-50000,10000,60000,-50000,0,0,0,262000
064992,玉晶光兆豐01購01,0,0,0,0,0,0,0,0,0,262000,0,0,0,504000,242000,262000,262000
054552,聯發科凱基98購03,0,0,0,0,0,0,0,0,0,262000,0,0,0,439000,177000,262000,262000
9938,百和            ,463000,191000,272000,0,0,0,0,0,0,-10000,0,0,0,0,10000,-10000,262000
9958,世紀鋼          ,296000,81000,215000,0,0,0,0,0,0,47000,5000,5000,0,74000,27000,47000,262000
065220,義隆富邦01購02  ,0,0,0,0,0,0,0,0,0,261000,0,0,0,352000,91000,261000,261000
08070P,晶技國泰9C售02  ,0,0,0,0,0,0,0,0,0,260000,0,0,0,260000,0,260000,260000
054088,華新群益98購02  ,0,0,0,0,0,0,0,0,0,260000,0,0,0,610000,350000,260000,260000
061587,美律富邦9A購02  ,0,0,0,0,0,0,0,0,0,260000,0,0,0,260000,0,260000,260000
061896,景碩永豐9B購01  ,0,0,0,0,0,0,0,0,0,260000,0,0,0,326000,66000,260000,260000
060302,台積電富邦02購01,0,0,0,0,0,0,0,0,0,260000,0,0,0,392000,132000,260000,260000
06839P,玉晶光統一9A售05,0,0,0,0,0,0,0,0,0,259000,0,0,0,835000,576000,259000,259000
056910,超眾元大99購02  ,0,0,0,0,0,0,0,0,0,259000,0,0,0,314000,55000,259000,259000
054664,台表科元大97購04,0,0,0,0,0,0,0,0,0,259000,0,0,0,259000,0,259000,259000
2534,宏盛            ,316000,59000,257000,0,0,0,0,0,0,1000,1000,0,1000,0,0,0,258000
053452,臺股指凱基97購01,0,0,0,0,0,0,0,0,0,258000,0,0,0,258000,0,258000,258000
057442,玉晶光統一98購03,0,0,0,0,0,0,0,0,0,258000,0,0,0,447000,189000,258000,258000
1477,聚陽            ,895000,723000,172000,0,0,0,68000,1000,67000,18000,21000,44000,-23000,60000,19000,41000,257000
07162P,臺股指群益99售13,0,0,0,0,0,0,0,0,0,257000,0,0,0,495000,238000,257000,257000
064352,嘉聯益元大9C購01,2000,0,2000,0,0,0,0,0,0,255000,0,0,0,730000,475000,255000,257000
063971,健鼎國票01購01  ,0,0,0,0,0,0,0,0,0,256000,0,0,0,446000,190000,256000,256000
2456,奇力新          ,485000,211000,274000,0,0,0,0,0,0,-19000,0,5000,-5000,1000,15000,-14000,255000
056549,嘉聯益凱基98購04,0,0,0,0,0,0,0,0,0,255000,0,0,0,270000,15000,255000,255000
060884,超眾中信9B購01  ,0,0,0,0,0,0,0,0,0,255000,0,0,0,256000,1000,255000,255000
061606,景碩凱基9A購02  ,0,0,0,0,0,0,0,0,0,254000,0,0,0,370000,116000,254000,254000
063207,聯茂統一01購01  ,0,0,0,0,0,0,0,0,0,253000,0,0,0,425000,172000,253000,253000
061586,智邦富邦9A購02  ,0,0,0,0,0,0,0,0,0,252000,0,0,0,254000,2000,252000,252000
060664,聯詠凱基9A購01  ,0,0,0,0,0,0,0,0,0,252000,0,0,0,272000,20000,252000,252000
062333,嘉晶統一9C購01  ,0,0,0,0,0,0,0,0,0,252000,0,0,0,477000,225000,252000,252000
064158,健鼎統一02購01  ,0,0,0,0,0,0,0,0,0,252000,0,0,0,310000,58000,252000,252000
061125,億光永豐9A購01  ,0,0,0,0,0,0,0,0,0,251000,0,0,0,268000,17000,251000,251000
07473P,祥碩元大9A售01  ,0,0,0,0,0,0,0,0,0,250000,0,0,0,300000,50000,250000,250000
060920,超眾富邦9B購01  ,0,0,0,0,0,0,0,0,0,250000,0,0,0,397000,147000,250000,250000
058600,國巨元大99購15  ,0,0,0,0,0,0,0,0,0,250000,0,0,0,252000,2000,250000,250000
060562,旺宏富邦9C購02  ,0,0,0,0,0,0,0,0,0,250000,0,0,0,250000,0,250000,250000
063884,台表科元富03購01,0,0,0,0,0,0,0,0,0,250000,0,0,0,250000,0,250000,250000
062823,台表科兆豐9B購01,0,0,0,0,0,0,0,0,0,250000,0,0,0,317000,67000,250000,250000
064783,貿聯群益9C購03  ,0,0,0,0,0,0,0,0,0,249000,0,0,0,545000,296000,249000,249000
056296,旺宏元大97購07  ,0,0,0,0,0,0,0,0,0,249000,0,0,0,249000,0,249000,249000
060865,創意永豐9A購01  ,0,0,0,0,0,0,0,0,0,249000,0,0,0,249000,0,249000,249000
063808,台表科兆豐9C購01,0,0,0,0,0,0,0,0,0,249000,0,0,0,347000,98000,249000,249000
3443,創意            ,481475,125000,356475,0,0,0,0,61000,-61000,-47000,0,0,0,21000,68000,-47000,248475
1609,大亞            ,368000,121000,247000,0,0,0,0,0,0,1000,1000,0,1000,0,0,0,248000
3708,上緯投控        ,319000,92000,227000,0,0,0,0,0,0,19000,6000,0,6000,16000,3000,13000,246000
056828,國巨富邦9A購03  ,0,0,0,0,0,0,0,0,0,246000,0,0,0,531000,285000,246000,246000
060363,美律元富9A購01  ,0,0,0,0,0,0,0,0,0,246000,0,0,0,246000,0,246000,246000
054916,聯發科凱基98購04,0,0,0,0,0,0,0,0,0,245000,0,0,0,274000,29000,245000,245000
062346,智邦群益9B購02  ,0,0,0,0,0,0,0,0,0,245000,0,0,0,250000,5000,245000,245000
051266,國巨富邦99購01  ,0,35000,-35000,0,0,0,0,0,0,279000,0,0,0,1784000,1505000,279000,244000
062575,景碩群益9B購01  ,0,0,0,0,0,0,0,0,0,241000,0,0,0,351000,110000,241000,241000
063485,巨大元大9B購04  ,0,0,0,0,0,0,0,0,0,241000,0,0,0,262000,21000,241000,241000
3059,華晶科          ,340000,101000,239000,0,0,0,0,0,0,0,0,0,0,0,0,0,239000
059996,美律元富99購01  ,0,0,0,0,0,0,0,0,0,239000,0,0,0,247000,8000,239000,239000
063224,泰鼎群益9B購02  ,0,0,0,0,0,0,0,0,0,239000,0,0,0,259000,20000,239000,239000
064345,創意元大9C購03  ,0,0,0,0,0,0,0,0,0,239000,0,0,0,298000,59000,239000,239000
052677,景碩富邦97購01  ,0,0,0,0,0,0,0,0,0,238000,0,0,0,238000,0,238000,238000
05473P,聯詠統一97售02  ,0,0,0,0,0,0,0,0,0,238000,0,0,0,302000,64000,238000,238000
064469,臻鼎元富9C購01  ,0,0,0,0,0,0,0,0,0,238000,0,0,0,425000,187000,238000,238000
4977,眾達-KY         ,311000,73000,238000,0,0,0,0,0,0,-1000,0,0,0,0,1000,-1000,237000
058547,世紀鋼富邦9A購01,0,0,0,0,0,0,0,0,0,237000,0,0,0,237000,0,237000,237000
064380,超眾元富9C購03  ,0,0,0,0,0,0,0,0,0,237000,0,0,0,399000,162000,237000,237000
063812,智邦群益9C購02  ,0,0,0,0,0,0,0,0,0,237000,0,0,0,335000,98000,237000,237000
063852,瀚宇博元大9C購01,0,0,0,0,0,0,0,0,0,237000,0,0,0,303000,66000,237000,237000
063204,高鐵統一9C購01  ,0,0,0,0,0,0,0,0,0,237000,0,0,0,305000,68000,237000,237000
064582,裕隆永豐9C購02  ,0,0,0,0,0,0,0,0,0,236000,0,0,0,237000,1000,236000,236000
2524,京城            ,291000,57000,234000,0,0,0,0,0,0,1000,1000,0,1000,0,0,0,235000
061031,神隆永豐9A購02  ,0,0,0,0,0,0,0,0,0,235000,0,0,0,274000,39000,235000,235000
054472,道瓊反中信9A購01,0,0,0,0,0,0,0,0,0,234000,0,0,0,360000,126000,234000,234000
062381,上銀國泰9C購01  ,0,0,0,0,0,0,0,0,0,234000,0,0,0,268000,34000,234000,234000
062421,台積電統一9C購09,5000,0,5000,0,0,0,0,0,0,229000,0,0,0,303000,74000,229000,234000
07958P,華擎群益9B售01  ,0,0,0,0,0,0,0,0,0,233000,0,0,0,233000,0,233000,233000
061318,智邦凱基9B購01  ,0,0,0,0,0,0,0,0,0,233000,0,0,0,279000,46000,233000,233000
054864,聯發科群益97購02,0,0,0,0,0,0,0,0,0,232000,0,0,0,232000,0,232000,232000
060249,正文元大9C購01  ,0,0,0,0,0,0,0,0,0,232000,0,0,0,274000,42000,232000,232000
062020,智伸科永豐9B購01,0,0,0,0,0,0,0,0,0,232000,0,0,0,341000,109000,232000,232000
2412,中華電          ,2098827,2360748,-261921,0,0,0,2000,3000,-1000,494000,515000,19000,496000,0,2000,-2000,231079
058154,泰碩統一9A購01  ,0,0,0,0,0,0,0,0,0,231000,0,0,0,446000,215000,231000,231000
07714P,世紀鋼元大9A售03,0,0,0,0,0,0,0,0,0,230000,0,0,0,230000,0,230000,230000
054308,嘉晶凱基98購01  ,0,0,0,0,0,0,0,0,0,230000,0,0,0,282000,52000,230000,230000
051700,深中小群益99購04,0,0,0,0,0,0,0,0,0,230000,0,0,0,231000,1000,230000,230000
051530,鴻海國票97購01  ,0,0,0,0,0,0,0,0,0,230000,0,0,0,230000,0,230000,230000
052853,友達日盛99購01  ,0,0,0,0,0,0,0,0,0,230000,0,0,0,230000,0,230000,230000
057649,嘉聯益元大99購04,0,0,0,0,0,0,0,0,0,230000,0,0,0,258000,28000,230000,230000
063062,群創元富9B購01  ,0,0,0,0,0,0,0,0,0,230000,0,0,0,270000,40000,230000,230000
07100P,華航元大99售01  ,0,0,0,0,0,0,0,0,0,229000,0,0,0,245000,16000,229000,229000
06608P,立積群益99售02  ,0,0,0,0,0,0,0,0,0,228000,0,0,0,258000,30000,228000,228000
08478P,臺股指凱基9C售16,0,0,0,0,0,0,0,0,0,228000,0,0,0,228000,0,228000,228000
057802,卜蜂元大98購01  ,0,0,0,0,0,0,0,0,0,228000,0,0,0,250000,22000,228000,228000
051268,創意富邦97購01  ,0,0,0,0,0,0,0,0,0,228000,0,0,0,228000,0,228000,228000
063248,創意元大9C購01  ,0,0,0,0,0,0,0,0,0,228000,0,0,0,228000,0,228000,228000
08464P,牧德永豐9C售02  ,0,0,0,0,0,0,0,0,0,227000,0,0,0,274000,47000,227000,227000
056376,玉晶光統一98購01,0,0,0,0,0,0,0,0,0,227000,0,0,0,358000,131000,227000,227000
062746,致伸永豐9B購01  ,0,0,0,0,0,0,0,0,0,227000,0,0,0,227000,0,227000,227000
055174,精元統一97購01  ,0,0,0,0,0,0,0,0,0,226000,0,0,0,226000,0,226000,226000
056327,樺漢兆豐98購01  ,0,0,0,0,0,0,0,0,0,225000,0,0,0,494000,269000,225000,225000
057249,華邦電統一9A購01,0,0,0,0,0,0,0,0,0,225000,0,0,0,295000,70000,225000,225000
2106,建大            ,301000,88000,213000,0,0,0,0,0,0,11000,11000,0,11000,0,0,0,224000
1762,中化生          ,781000,565000,216000,0,0,0,0,0,0,8000,11000,3000,8000,0,0,0,224000
064919,嘉晶統一02購02  ,0,0,0,0,0,0,0,0,0,224000,0,0,0,280000,56000,224000,224000
062331,大立光統一9B購10,0,0,0,0,0,0,0,0,0,223000,0,0,0,238000,15000,223000,223000
065018,台達電富邦03購01,50000,0,50000,0,0,0,0,0,0,172000,0,0,0,502000,330000,172000,222000
063872,嘉聯益永豐9C購01,0,0,0,0,0,0,0,0,0,221000,0,0,0,221000,0,221000,221000
8926,台汽電          ,922000,666000,256000,0,0,0,0,0,0,-35000,20000,50000,-30000,4000,9000,-5000,221000
065290,奇鋐群益9C購01  ,0,0,0,0,0,0,0,0,0,220000,0,0,0,220000,0,220000,220000
06903P,技嘉凱基98售04  ,0,0,0,0,0,0,0,0,0,220000,0,0,0,220000,0,220000,220000
057532,智原元大98購03  ,0,0,0,0,0,0,0,0,0,220000,0,0,0,268000,48000,220000,220000
047421,聯茂富邦97購01  ,0,0,0,0,0,0,0,0,0,220000,0,0,0,220000,0,220000,220000
060637,玉晶光永豐9A購03,0,0,0,0,0,0,0,0,0,220000,0,0,0,274000,54000,220000,220000
063881,嘉晶元富9C購01  ,0,0,0,0,0,0,0,0,0,220000,0,0,0,368000,148000,220000,220000
062406,臻鼎永豐9B購01  ,0,0,0,0,0,0,0,0,0,220000,0,0,0,220000,0,220000,220000
062232,聯詠麥證9C購01  ,0,0,0,220000,0,220000,0,0,0,220000,0,0,0,220000,0,220000,220000
07127P,精元元大99售01  ,0,0,0,0,0,0,0,0,0,219000,0,0,0,219000,0,219000,219000
4961,天鈺            ,249000,30000,219000,0,0,0,0,0,0,0,0,0,0,0,0,0,219000
061262,智邦凱基9A購02  ,0,0,0,0,0,0,0,0,0,219000,0,0,0,229000,10000,219000,219000
060934,台汽電永豐9A購02,0,0,0,0,0,0,0,0,0,219000,0,0,0,228000,9000,219000,219000
062745,聯詠永豐9B購01  ,0,0,0,0,0,0,0,0,0,219000,0,0,0,357000,138000,219000,219000
062803,嘉晶統一9B購02  ,0,0,0,0,0,0,0,0,0,219000,0,0,0,263000,44000,219000,219000
057595,健鼎兆豐98購01  ,0,0,0,0,0,0,0,0,0,218000,0,0,0,258000,40000,218000,218000
3596,智易            ,371000,162000,209000,0,0,0,0,0,0,8000,0,0,0,21000,13000,8000,217000
08453P,玉晶光台新9C售02,0,0,0,0,0,0,0,0,0,217000,0,0,0,291000,74000,217000,217000
056515,燿華兆豐99購01  ,0,0,0,0,0,0,0,0,0,217000,0,0,0,217000,0,217000,217000
063474,康控元大9B購04  ,0,0,0,0,0,0,0,0,0,217000,0,0,0,254000,37000,217000,217000
08068P,宏達電國泰9C售01,0,0,0,0,0,0,0,0,0,216000,0,0,0,216000,0,216000,216000
052738,聯電元大98購02  ,0,0,0,0,0,0,0,0,0,216000,0,0,0,290000,74000,216000,216000
058200,世芯康和99購01  ,0,0,0,0,0,0,0,0,0,215000,0,0,0,225000,10000,215000,215000
061673,仁寶元大9B購01  ,0,0,0,0,0,0,0,0,0,215000,0,0,0,369000,154000,215000,215000
063173,矽格中信9B購01  ,0,0,0,0,0,0,0,0,0,215000,0,0,0,268000,53000,215000,215000
056603,嘉聯益國泰9A購01,0,0,0,0,0,0,0,0,0,214000,0,0,0,215000,1000,214000,214000
056075,瀚宇博元大97購03,0,0,0,0,0,0,0,0,0,214000,0,0,0,255000,41000,214000,214000
060572,景碩永豐9A購01  ,0,0,0,0,0,0,0,0,0,214000,0,0,0,214000,0,214000,214000
060493,美律元富01購01  ,0,0,0,0,0,0,0,0,0,214000,0,0,0,273000,59000,214000,214000
061463,智邦群益9A購02  ,0,0,0,0,0,0,0,0,0,214000,0,0,0,318000,104000,214000,214000
060956,超眾群益9A購01  ,0,0,0,0,0,0,0,0,0,214000,0,0,0,214000,0,214000,214000
058267,奇鋐永豐99購01  ,0,0,0,0,0,0,0,0,0,214000,0,0,0,245000,31000,214000,214000
063135,國巨統一9B購16  ,0,0,0,0,0,0,0,0,0,214000,0,0,0,268000,54000,214000,214000
064057,緯穎統一02購01  ,0,0,0,0,0,0,0,0,0,214000,0,0,0,261000,47000,214000,214000
064315,創意群益9C購01  ,0,0,0,0,0,0,0,0,0,214000,0,0,0,214000,0,214000,214000
8016,矽創            ,507000,310000,197000,0,0,0,6000,0,6000,11000,36000,26000,10000,11000,10000,1000,214000
4935,茂林-KY         ,493000,165413,327587,0,0,0,25000,150000,-125000,11000,0,0,0,19000,8000,11000,213587
3022,威強電          ,288000,76000,212000,0,0,0,0,0,0,0,0,0,0,0,0,0,212000
065215,義隆國泰02購02  ,0,0,0,0,0,0,0,0,0,212000,0,0,0,413000,201000,212000,212000
3530,晶相光          ,288000,150000,138000,0,0,0,0,0,0,73000,0,0,0,75000,2000,73000,211000
08404P,技嘉元大9C售02  ,0,0,0,0,0,0,0,0,0,211000,0,0,0,211000,0,211000,211000
058772,茂林兆豐9A購01  ,0,0,0,0,0,0,0,0,0,211000,0,0,0,282000,71000,211000,211000
064362,友達統一01購02  ,0,0,0,0,0,0,0,0,0,211000,0,0,0,211000,0,211000,211000
063390,嘉晶兆豐9B購01  ,0,0,0,0,0,0,0,0,0,211000,0,0,0,221000,10000,211000,211000
062593,健策統一9B購03  ,0,0,0,0,0,0,0,0,0,211000,0,0,0,294000,83000,211000,211000
4306,炎洲            ,238000,31000,207000,0,0,0,0,0,0,3000,8000,5000,3000,0,0,0,210000
064888,景碩中信9C購01  ,0,0,0,0,0,0,0,0,0,210000,0,0,0,292000,82000,210000,210000
07069P,欣興元富99售02  ,0,0,0,0,0,0,0,0,0,210000,0,0,0,211000,1000,210000,210000
054137,聯詠元大97購02  ,0,0,0,0,0,0,0,0,0,210000,0,0,0,235000,25000,210000,210000
058838,國巨中信99購03  ,0,0,0,0,0,0,0,0,0,210000,0,0,0,210000,0,210000,210000
064680,創意兆豐01購01  ,0,0,0,0,0,0,0,0,0,210000,0,0,0,290000,80000,210000,210000
054468,台郡凱基98購01  ,0,0,0,0,0,0,0,0,0,209000,0,0,0,263000,54000,209000,209000
062290,聯發科富邦9C購04,0,0,0,0,0,0,0,0,0,209000,0,0,0,256000,47000,209000,209000
062281,奇鋐群益9B購01  ,0,0,0,0,0,0,0,0,0,209000,0,0,0,229000,20000,209000,209000
062373,泰鼎元大9B購01  ,0,0,0,0,0,0,0,0,0,209000,0,0,0,226000,17000,209000,209000
055249,大毅統一99購01  ,0,0,0,0,0,0,0,0,0,208000,0,0,0,230000,22000,208000,208000
058370,聯詠凱基99購01  ,0,0,0,0,0,0,0,0,0,208000,0,0,0,262000,54000,208000,208000
063208,鈺齊統一9C購01  ,0,0,0,0,0,0,0,0,0,208000,0,0,0,249000,41000,208000,208000
6491,晶碩            ,111000,44000,67000,0,0,0,150000,0,150000,-9000,0,9000,-9000,0,0,0,208000
060869,超眾永豐9A購02  ,0,0,0,0,0,0,0,0,0,206000,0,0,0,206000,0,206000,206000
07494P,葡萄王元大9A售03,0,0,0,0,0,0,0,0,0,205000,0,0,0,205000,0,205000,205000
1451,年興            ,473000,271000,202000,0,0,0,0,0,0,3000,3000,0,3000,0,0,0,205000
056321,創意群益98購02  ,0,0,0,0,0,0,0,0,0,205000,0,0,0,205000,0,205000,205000
061478,奇鋐元大9A購01  ,0,0,0,0,0,0,0,0,0,205000,0,0,0,262000,57000,205000,205000
060825,聯詠元大9A購05  ,0,0,0,0,0,0,0,0,0,205000,0,0,0,327000,122000,205000,205000
063045,國巨兆豐9C購02  ,0,0,0,0,0,0,0,0,0,205000,0,0,0,228000,23000,205000,205000
063995,健鼎群益9C購01  ,0,0,0,0,0,0,0,0,0,205000,0,0,0,205000,0,205000,205000
07693P,群創元大9B售10  ,0,0,0,0,0,0,0,0,0,204000,0,0,0,224000,20000,204000,204000
064852,智邦台新9C購04  ,0,0,0,0,0,0,0,0,0,204000,0,0,0,206000,2000,204000,204000
061795,智邦永豐9B購01  ,0,0,0,0,0,0,0,0,0,204000,0,0,0,205000,1000,204000,204000
6214,精誠            ,448000,434000,14000,0,0,0,13000,0,13000,177000,182000,5000,177000,0,0,0,204000
057307,瀚宇博兆豐99購01,0,0,0,0,0,0,0,0,0,203000,0,0,0,265000,62000,203000,203000
058062,上銀中信98購01  ,0,0,0,0,0,0,0,0,0,203000,0,0,0,254000,51000,203000,203000
060709,緯穎富邦9B購01  ,0,0,0,0,0,0,0,0,0,203000,0,0,0,309000,106000,203000,203000
3533,嘉澤            ,529000,316494,212506,0,0,0,129000,275000,-146000,136000,70000,25000,45000,94000,3000,91000,202506
07834P,聯詠群益9A售03  ,0,0,0,0,0,0,0,0,0,202000,0,0,0,205000,3000,202000,202000
07011P,宏達電凱基99售02,0,0,0,0,0,0,0,0,0,202000,0,0,0,220000,18000,202000,202000
052468,超眾統一96購02  ,0,0,0,0,0,0,0,0,0,202000,0,0,0,202000,0,202000,202000
060432,達方永豐9A購01  ,0,0,0,0,0,0,0,0,0,202000,0,0,0,281000,79000,202000,202000
060161,牧德永豐9A購02  ,0,0,0,0,0,0,0,0,0,202000,0,0,0,202000,0,202000,202000
059932,世紀鋼富邦9A購02,0,0,0,0,0,0,0,0,0,202000,0,0,0,490000,288000,202000,202000
064305,健鼎兆豐9C購02  ,0,0,0,0,0,0,0,0,0,202000,0,0,0,232000,30000,202000,202000
1316,上曜            ,214000,36000,178000,0,0,0,0,0,0,23000,23000,0,23000,0,0,0,201000
060845,欣興國票9A購01  ,0,0,0,0,0,0,0,0,0,201000,0,0,0,311000,110000,201000,201000
064537,健鼎國票01購02  ,0,0,0,0,0,0,0,0,0,201000,0,0,0,273000,72000,201000,201000
063082,瑞昱凱基9B購04  ,0,0,0,0,0,0,0,0,0,201000,0,0,0,219000,18000,201000,201000
054292,欣興元大96購06  ,0,0,0,0,0,0,0,0,0,200000,0,0,0,200000,0,200000,200000
055573,國巨統一97購06  ,0,0,0,0,0,0,0,0,0,200000,0,0,0,200000,0,200000,200000
054631,台郡凱基98購02  ,0,0,0,0,0,0,0,0,0,200000,0,0,0,200000,0,200000,200000
056764,友達元大9A購03  ,0,0,0,0,0,0,0,0,0,200000,0,0,0,200000,0,200000,200000
058516,健鼎元大99購02  ,0,0,0,0,0,0,0,0,0,200000,0,0,0,220000,20000,200000,200000
058994,道瓊指元大99購01,0,0,0,0,0,0,0,0,0,200000,0,0,0,200000,0,200000,200000
1709,和益            ,260000,62000,198000,0,0,0,0,0,0,1000,1000,0,1000,0,0,0,199000
07026P,超眾凱基99售03  ,0,0,0,0,0,0,0,0,0,199000,0,0,0,505000,306000,199000,199000
061275,臺股指凱基9A購25,0,0,0,0,0,0,0,0,0,199000,0,0,0,231000,32000,199000,199000
059832,超眾康和99購01  ,0,0,0,0,0,0,0,0,0,199000,0,0,0,199000,0,199000,199000
059281,創意永豐99購02  ,0,0,0,0,0,0,0,0,0,199000,0,0,0,333000,134000,199000,199000
062411,玉晶光第一9B購01,0,0,0,0,0,0,0,0,0,199000,0,0,0,204000,5000,199000,199000
064650,台表科凱基03購01,0,0,0,0,0,0,0,0,0,199000,0,0,0,234000,35000,199000,199000
064423,義隆兆豐9C購02  ,0,0,0,0,0,0,0,0,0,199000,0,0,0,231000,32000,199000,199000
064841,彩晶統一02購02  ,0,0,0,0,0,0,0,0,0,198000,0,0,0,255000,57000,198000,198000
057389,玉晶光永豐98購06,0,0,0,0,0,0,0,0,0,198000,0,0,0,291000,93000,198000,198000
058312,大毅國泰9B購01  ,0,0,0,0,0,0,0,0,0,198000,0,0,0,353000,155000,198000,198000
058648,聯陽永豐99購01  ,0,0,0,0,0,0,0,0,0,198000,0,0,0,228000,30000,198000,198000
06424P,大成鋼永豐97售01,0,0,0,0,0,0,0,0,0,198000,0,0,0,198000,0,198000,198000
064023,智邦元大9C購02  ,0,0,0,0,0,0,0,0,0,198000,0,0,0,265000,67000,198000,198000
055745,臻鼎元富97購01  ,0,0,0,0,0,0,0,0,0,197000,0,0,0,208000,11000,197000,197000
062237,緯創凱基9B購01  ,0,0,0,0,0,0,0,0,0,197000,0,0,0,223000,26000,197000,197000
1307,三芳            ,336000,142000,194000,0,0,0,0,0,0,2000,2000,0,2000,0,0,0,196000
08213P,台光電統一9B售03,0,0,0,0,0,0,0,0,0,196000,0,0,0,196000,0,196000,196000
00762,元大全球AI      ,0,0,0,0,0,0,0,0,0,196000,0,0,0,231000,35000,196000,196000
3023,信邦            ,880249,177000,703249,0,0,0,0,558000,-558000,50000,40000,0,40000,15000,5000,10000,195249
03650C,T50反1元大98牛05,0,0,0,0,0,0,0,0,0,195000,0,0,0,225000,30000,195000,195000
057745,泰鼎永豐99購01  ,0,0,0,0,0,0,0,0,0,195000,0,0,0,230000,35000,195000,195000
064042,國巨統一9C購12  ,0,0,0,0,0,0,0,0,0,195000,0,0,0,458000,263000,195000,195000
07180P,臺股指凱基99售22,0,0,0,0,0,0,0,0,0,194000,0,0,0,194000,0,194000,194000
063318,京鼎群益9C購02  ,0,0,0,0,0,0,0,0,0,194000,0,0,0,417000,223000,194000,194000
063973,緯穎國票9C購01  ,0,0,0,0,0,0,0,0,0,193000,0,0,0,433000,240000,193000,193000
07612P,國巨國泰9B售06  ,0,0,0,0,0,0,0,0,0,192000,0,0,0,192000,0,192000,192000
065010,國巨國泰01購04  ,0,0,0,0,0,0,0,0,0,192000,0,0,0,560000,368000,192000,192000
052863,友達凱基98購02  ,0,0,0,0,0,0,0,0,0,192000,0,0,0,348000,156000,192000,192000
063860,旺宏國泰02購01  ,0,0,0,0,0,0,0,0,0,192000,0,0,0,192000,0,192000,192000
049700,瀚宇博元大97購01,0,0,0,0,0,0,0,0,0,191000,0,0,0,215000,24000,191000,191000
054516,國巨元大97購02  ,0,0,0,0,0,0,0,0,0,191000,0,0,0,191000,0,191000,191000
061800,泰鼎永豐9B購01  ,0,0,0,0,0,0,0,0,0,191000,0,0,0,366000,175000,191000,191000
061509,SP黃豆富邦9C購01,0,0,0,0,0,0,0,0,0,191000,0,0,0,336000,145000,191000,191000
059631,京元電凱基99購02,0,0,0,0,0,0,0,0,0,191000,0,0,0,194000,3000,191000,191000
06891P,緯穎富邦99售03  ,0,0,0,0,0,0,0,0,0,190000,0,0,0,190000,0,190000,190000
08036P,嘉澤群益9B售03  ,0,0,0,0,0,0,0,0,0,190000,0,0,0,191000,1000,190000,190000
055381,茂林元大97購02  ,0,0,0,0,0,0,0,0,0,190000,0,0,0,190000,0,190000,190000
041990,A50正2國票97購01,0,0,0,0,0,0,0,0,0,190000,0,0,0,190000,0,190000,190000
053574,奇力新元富99購01,0,0,0,0,0,0,0,0,0,190000,0,0,0,265000,75000,190000,190000
056138,群創元大9B購01  ,0,0,0,0,0,0,0,0,0,190000,0,0,0,202000,12000,190000,190000
057925,貿聯凱基99購01  ,0,0,0,0,0,0,0,0,0,190000,0,0,0,240000,50000,190000,190000
060315,易華電永豐9A購01,0,0,0,0,0,0,0,0,0,190000,0,0,0,237000,47000,190000,190000
063091,聯電中信9B購01  ,0,0,0,0,0,0,0,0,0,190000,0,0,0,375000,185000,190000,190000
07955P,大成鋼群益9B售02,0,0,0,0,0,0,0,0,0,189000,0,0,0,394000,205000,189000,189000
063151,奇鋐元富9B購01  ,0,0,0,0,0,0,0,0,0,189000,0,0,0,318000,129000,189000,189000
2493,揚博            ,304000,115982,188018,0,0,0,0,0,0,0,0,0,0,0,0,0,188018
07986P,大成鋼統一9B售02,0,0,0,0,0,0,0,0,0,188000,0,0,0,208000,20000,188000,188000
056264,聯發科統一98購02,0,0,0,0,0,0,0,0,0,188000,0,0,0,188000,0,188000,188000
07900P,臺股指凱基9B售03,0,0,0,0,0,0,0,0,0,187000,0,0,0,187000,0,187000,187000
06879P,長榮航凱基98售02,0,0,0,0,0,0,0,0,0,187000,0,0,0,231000,44000,187000,187000
061419,國巨元大9A購21  ,0,0,0,0,0,0,0,0,0,187000,0,0,0,247000,60000,187000,187000
060583,南亞科元富9A購05,0,0,0,0,0,0,0,0,0,187000,0,0,0,196000,9000,187000,187000
059363,超眾永豐99購02  ,0,0,0,0,0,0,0,0,0,187000,0,0,0,187000,0,187000,187000
062956,同欣電永豐9B購02,0,0,0,0,0,0,0,0,0,187000,0,0,0,187000,0,187000,187000
062393,智邦富邦9B購01  ,0,0,0,0,0,0,0,0,0,187000,0,0,0,197000,10000,187000,187000
056625,致伸永豐98購01  ,0,0,0,0,0,0,0,0,0,186000,0,0,0,186000,0,186000,186000
058136,景碩元大99購02  ,0,0,0,0,0,0,0,0,0,186000,0,0,0,194000,8000,186000,186000
064288,瀚宇博元大9C購02,0,0,0,0,0,0,0,0,0,186000,0,0,0,217000,31000,186000,186000
051838,國巨國泰97購01  ,0,0,0,0,0,0,0,0,0,185000,0,0,0,185000,0,185000,185000
058497,新日興群益9B購01,0,0,0,0,0,0,0,0,0,185000,0,0,0,298000,113000,185000,185000
059155,台表科日盛99購01,0,0,0,0,0,0,0,0,0,185000,0,0,0,195000,10000,185000,185000
07181P,臺股指凱基99售23,0,0,0,0,0,0,0,0,0,184000,0,0,0,194000,10000,184000,184000
046061,中石化凱基98購01,0,0,0,0,0,0,0,0,0,184000,0,0,0,201000,17000,184000,184000
063127,TPK元大9B購02   ,0,0,0,0,0,0,0,0,0,184000,0,0,0,246000,62000,184000,184000
5907,大洋-KY         ,194000,10000,184000,0,0,0,0,0,0,0,0,0,0,0,0,0,184000
064810,嘉晶元大01購01  ,0,0,0,0,0,0,0,0,0,183000,0,0,0,256000,73000,183000,183000
053293,聯發科中信9B購01,0,0,0,0,0,0,0,0,0,183000,0,0,0,183000,0,183000,183000
056939,康控元富98購01  ,0,0,0,0,0,0,0,0,0,183000,0,0,0,282000,99000,183000,183000
062984,致新元富9B購01  ,0,0,0,0,0,0,0,0,0,183000,0,0,0,425000,242000,183000,183000
9136,巨騰-DR         ,179000,6000,173000,0,0,0,0,0,0,10000,10000,0,10000,0,0,0,183000
056670,樺漢國票99購01  ,0,0,0,0,0,0,0,0,0,182000,0,0,0,211000,29000,182000,182000
055657,超眾元富97購02  ,0,0,0,0,0,0,0,0,0,182000,0,0,0,220000,38000,182000,182000
060916,金像電國泰9C購01,0,0,0,0,0,0,0,0,0,182000,0,0,0,383000,201000,182000,182000
08476P,臺股指凱基9C售14,0,0,0,0,0,0,0,0,0,181000,0,0,0,181000,0,181000,181000
064149,美律統一02購01  ,0,0,0,0,0,0,0,0,0,181000,0,0,0,181000,0,181000,181000
3698,隆達            ,2165000,2125000,40000,0,0,0,0,0,0,140000,396000,122000,274000,0,134000,-134000,180000
055919,景碩凱基98購02  ,0,0,0,0,0,0,0,0,0,180000,0,0,0,182000,2000,180000,180000
047504,滬深2X國票9A購01,0,0,0,0,0,0,0,0,0,180000,0,0,0,200000,20000,180000,180000
062910,亞光元大9B購01  ,0,0,0,0,0,0,0,0,0,180000,0,0,0,190000,10000,180000,180000
5521,工信            ,197000,18000,179000,0,0,0,0,0,0,1000,1000,0,1000,0,0,0,180000
2536,宏普            ,191000,12000,179000,0,0,0,0,0,0,0,0,0,0,0,0,0,179000
08469P,富邦金凱基9C售01,0,0,0,0,0,0,0,0,0,179000,0,0,0,240000,61000,179000,179000
059086,國巨元大99購18  ,0,0,0,0,0,0,0,0,0,179000,0,0,0,189000,10000,179000,179000
063055,創意統一9B購02  ,0,0,0,0,0,0,0,0,0,179000,0,0,0,665000,486000,179000,179000
062446,聯詠元大9B購02  ,0,0,0,0,0,0,0,0,0,179000,0,0,0,309000,130000,179000,179000
058353,國巨凱基99購09  ,0,25000,-25000,0,0,0,0,0,0,203000,0,0,0,212000,9000,203000,178000
062301,聯詠中信05購01  ,0,0,0,0,0,0,0,0,0,178000,0,0,0,182000,4000,178000,178000
062549,中租永豐9B購01  ,0,0,0,0,0,0,0,0,0,178000,0,0,0,189000,11000,178000,178000
056940,嘉聯益元富98購01,0,0,0,0,0,0,0,0,0,177000,0,0,0,177000,0,177000,177000
063303,聯發科凱基9B購14,0,0,0,0,0,0,0,0,0,177000,0,0,0,197000,20000,177000,177000
063288,泰鼎元大9B購02  ,0,0,0,0,0,0,0,0,0,176000,0,0,0,263000,87000,176000,176000
1532,勤美            ,268000,93000,175000,0,0,0,0,0,0,0,0,0,0,0,0,0,175000
08212P,鴻海統一9B售08  ,0,0,0,0,0,0,0,0,0,175000,0,0,0,175000,0,175000,175000
057044,旺宏元大98購08  ,0,0,0,0,0,0,0,0,0,175000,0,0,0,205000,30000,175000,175000
056095,臻鼎元富9A購01  ,0,0,0,0,0,0,0,0,0,175000,0,0,0,347000,172000,175000,175000
056793,臺股指群益98購03,0,0,0,0,0,0,0,0,0,175000,0,0,0,175000,0,175000,175000
05644P,大立光中信9A售03,0,0,0,0,0,0,0,0,0,175000,0,0,0,282000,107000,175000,175000
5607,遠雄港          ,369000,194000,175000,0,0,0,0,0,0,0,0,0,0,0,0,0,175000
07731P,臺股指凱基9A售28,0,0,0,0,0,0,0,0,0,174000,0,0,0,233000,59000,174000,174000
063253,巨大元大9B購03  ,0,0,0,0,0,0,0,0,0,174000,0,0,0,237000,63000,174000,174000
08105P,景碩元大9B售01  ,0,0,0,0,0,0,0,0,0,173000,0,0,0,191000,18000,173000,173000
064164,祥碩統一01購05  ,0,0,0,0,0,0,0,0,0,173000,0,0,0,399000,226000,173000,173000
08112P,臺股指中信01售07,0,0,0,0,0,0,0,0,0,172000,0,0,0,234000,62000,172000,172000
061991,牧德元大9C購01  ,0,0,0,0,0,0,0,0,0,172000,0,0,0,177000,5000,172000,172000
063391,南電兆豐9C購01  ,0,0,0,0,0,0,0,0,0,171000,0,0,0,173000,2000,171000,171000
2606,裕民            ,541000,491000,50000,0,0,0,2000,0,2000,118000,141000,23000,118000,0,0,0,170000
2062,橋椿            ,404000,235000,169000,0,0,0,0,0,0,1000,1000,0,1000,0,0,0,170000
07182P,臺股指凱基99售24,0,0,0,0,0,0,0,0,0,170000,0,0,0,170000,0,170000,170000
07179P,臺股指凱基99售21,0,0,0,0,0,0,0,0,0,170000,0,0,0,170000,0,170000,170000
056577,玉晶光元大99購06,0,0,0,0,0,0,0,0,0,170000,0,0,0,184000,14000,170000,170000
059278,群創元大9A購04  ,0,0,0,0,0,0,0,0,0,170000,0,0,0,172000,2000,170000,170000
062190,瀚宇博元大9B購01,0,0,0,0,0,0,0,0,0,170000,0,0,0,202000,32000,170000,170000
064248,億光元富9C購01  ,0,0,0,0,0,0,0,0,0,170000,0,0,0,288000,118000,170000,170000
07707P,玉山金元大9A售03,0,0,0,0,0,0,0,0,0,169000,0,0,0,181000,12000,169000,169000
062126,創意統一9B購01  ,0,0,0,0,0,0,0,0,0,169000,0,0,0,289000,120000,169000,169000
059004,嘉晶元大99購05  ,0,0,0,0,0,0,0,0,0,169000,0,0,0,185000,16000,169000,169000
063171,光寶科中信9B購01,0,0,0,0,0,0,0,0,0,169000,0,0,0,289000,120000,169000,169000
3588,通嘉            ,270000,102000,168000,0,0,0,0,0,0,0,0,0,0,0,0,0,168000
08288P,鴻海統一9C售17  ,0,0,0,0,0,0,0,0,0,168000,0,0,0,198000,30000,168000,168000
08477P,臺股指凱基9C售15,0,0,0,0,0,0,0,0,0,168000,0,0,0,168000,0,168000,168000
058722,台郡元富99購01  ,0,0,0,0,0,0,0,0,0,168000,0,0,0,323000,155000,168000,168000
08104P,晶技元大9B售06  ,0,0,0,0,0,0,0,0,0,167000,0,0,0,167000,0,167000,167000
2405,浩鑫            ,199000,32000,167000,0,0,0,0,0,0,0,0,0,0,0,0,0,167000
056849,瀚宇博元富98購01,0,0,0,0,0,0,0,0,0,167000,0,0,0,167000,0,167000,167000
057506,聯鈞國票99購02  ,0,0,0,0,0,0,0,0,0,167000,0,0,0,279000,112000,167000,167000
057980,聯詠永豐98購01  ,0,0,0,0,0,0,0,0,0,167000,0,0,0,167000,0,167000,167000
060310,瑞昱永豐9A購01  ,0,0,0,0,0,0,0,0,0,167000,0,0,0,186000,19000,167000,167000
064616,智邦元大9C購04  ,0,0,0,0,0,0,0,0,0,167000,0,0,0,208000,41000,167000,167000
056548,瀚宇博凱基98購02,0,0,0,0,0,0,0,0,0,166000,0,0,0,176000,10000,166000,166000
063170,智邦第一9B購01  ,0,0,0,0,0,0,0,0,0,166000,0,0,0,246000,80000,166000,166000
063138,聯發科統一01購05,0,0,0,0,0,0,0,0,0,166000,0,0,0,449000,283000,166000,166000
062361,智邦元大9B購06  ,0,0,0,0,0,0,0,0,0,166000,0,0,0,223000,57000,166000,166000
08474P,臺股指凱基9C售12,0,0,0,0,0,0,0,0,0,165000,0,0,0,165000,0,165000,165000
08481P,臺股指凱基9C售19,0,0,0,0,0,0,0,0,0,165000,0,0,0,165000,0,165000,165000
054479,緯創中信98購01  ,0,0,0,0,0,0,0,0,0,165000,0,0,0,173000,8000,165000,165000
058363,全新凱基9A購02  ,0,0,0,0,0,0,0,0,0,165000,0,0,0,211000,46000,165000,165000
062040,玉晶光凱基01購01,0,0,0,0,0,0,0,0,0,165000,0,0,0,189000,24000,165000,165000
058248,聯茂元大99購05  ,0,0,0,0,0,0,0,0,0,165000,0,0,0,176000,11000,165000,165000
064738,裕隆國票01購01  ,0,0,0,0,0,0,0,0,0,165000,0,0,0,266000,101000,165000,165000
2537,聯上發          ,299000,135000,164000,0,0,0,0,0,0,0,0,0,0,0,0,0,164000
2208,台船            ,250000,88000,162000,0,0,0,0,0,0,1000,1000,0,1000,0,0,0,163000
07991P,鴻海群益9C售02  ,0,0,0,0,0,0,0,0,0,163000,0,0,0,235000,72000,163000,163000
057203,麗豐元富98購02  ,0,0,0,0,0,0,0,0,0,163000,0,0,0,313000,150000,163000,163000
063483,致新元大9B購03  ,0,0,0,0,0,0,0,0,0,163000,0,0,0,387000,224000,163000,163000
08089P,嘉澤凱基9B售03  ,0,0,0,0,0,0,0,0,0,162000,0,0,0,269000,107000,162000,162000
3703,欣陸            ,234000,73000,161000,0,0,0,0,0,0,1000,1000,0,1000,0,0,0,162000
058410,國巨兆豐99購03  ,0,0,0,0,0,0,0,0,0,162000,0,0,0,295000,133000,162000,162000
3607,谷崧            ,203000,42000,161000,0,0,0,0,0,0,0,0,0,0,0,0,0,161000
1474,弘裕            ,176000,17000,159000,0,0,0,0,0,0,2000,2000,0,2000,0,0,0,161000
07555P,玉晶光元大9A售07,0,0,0,0,0,0,0,0,0,161000,0,0,0,201000,40000,161000,161000
061594,玉晶光永豐9A購08,0,0,0,0,0,0,0,0,0,161000,0,0,0,207000,46000,161000,161000
058399,美律元大99購05  ,0,0,0,0,0,0,0,0,0,161000,0,0,0,161000,0,161000,161000
060644,泰鼎永豐9A購02  ,0,0,0,0,0,0,0,0,0,161000,0,0,0,161000,0,161000,161000
061720,智邦國泰9C購01  ,0,0,0,0,0,0,0,0,0,161000,0,0,0,187000,26000,161000,161000
063423,聯詠凱基9C購02  ,0,0,0,0,0,0,0,0,0,161000,0,0,0,161000,0,161000,161000
064683,台表科兆豐9C購02,0,0,0,0,0,0,0,0,0,161000,0,0,0,336000,175000,161000,161000
064151,義隆統一01購01  ,0,0,0,0,0,0,0,0,0,161000,0,0,0,332000,171000,161000,161000
064083,群創中信06購01  ,0,0,0,0,0,0,0,0,0,161000,0,0,0,214000,53000,161000,161000
056917,國巨兆豐98購03  ,0,0,0,0,0,0,0,0,0,160000,0,0,0,160000,0,160000,160000
060736,旺宏統一01購01  ,0,0,0,0,0,0,0,0,0,160000,0,0,0,160000,0,160000,160000
058369,亞光凱基99購02  ,0,0,0,0,0,0,0,0,0,160000,0,0,0,170000,10000,160000,160000
060180,上証2X元富9A購02,0,0,0,0,0,0,0,0,0,160000,0,0,0,160000,0,160000,160000
062327,燿華統一9B購02  ,0,0,0,0,0,0,0,0,0,160000,0,0,0,178000,18000,160000,160000
059976,道瓊銀元大99購01,0,0,0,0,0,0,0,0,0,159000,0,0,0,159000,0,159000,159000
058139,臻鼎元大99購01  ,0,0,0,0,0,0,0,0,0,159000,0,0,0,159000,0,159000,159000
063166,超眾永豐9B購01  ,0,0,0,0,0,0,0,0,0,159000,0,0,0,171000,12000,159000,159000
064029,宏達電元大9C購01,0,0,0,0,0,0,0,0,0,159000,0,0,0,186000,27000,159000,159000
063818,矽創群益9C購01  ,0,0,0,0,0,0,0,0,0,159000,0,0,0,257000,98000,159000,159000
06470P,臺股指凱基99售10,0,0,0,0,0,0,0,0,0,159000,0,0,0,169000,10000,159000,159000
5534,長虹            ,196000,79000,117000,0,0,0,43000,0,43000,-1000,0,1000,-1000,0,0,0,159000
06845P,億光元大98售02  ,0,0,0,0,0,0,0,0,0,158000,0,0,0,207000,49000,158000,158000
062058,瑞昱統一01購01  ,0,0,0,0,0,0,0,0,0,158000,0,0,0,490000,332000,158000,158000
063346,TPK統一9C購01   ,0,0,0,0,0,0,0,0,0,158000,0,0,0,168000,10000,158000,158000
06851P,鈺齊元大98售01  ,0,0,0,0,0,0,0,0,0,157000,0,0,0,167000,10000,157000,157000
1517,利奇            ,271000,114000,157000,0,0,0,0,0,0,0,0,0,0,0,0,0,157000
08480P,臺股指凱基9C售18,0,0,0,0,0,0,0,0,0,157000,0,0,0,157000,0,157000,157000
060720,嘉聯益永豐9A購02,0,0,0,0,0,0,0,0,0,157000,0,0,0,165000,8000,157000,157000
061168,力成兆豐9A購01  ,0,0,0,0,0,0,0,0,0,157000,0,0,0,217000,60000,157000,157000
063356,台表科元富02購01,0,0,0,0,0,0,0,0,0,157000,0,0,0,588000,431000,157000,157000
058702,國巨元大99購16  ,0,0,0,0,0,0,0,0,0,156000,0,0,0,265000,109000,156000,156000
058901,美律元大99購07  ,0,0,0,0,0,0,0,0,0,156000,0,0,0,176000,20000,156000,156000
059469,智邦元大99購03  ,0,0,0,0,0,0,0,0,0,156000,0,0,0,240000,84000,156000,156000
057876,隆達元大98購01  ,0,0,0,0,0,0,0,0,0,156000,0,0,0,176000,20000,156000,156000
063441,台達電統一9C購01,0,0,0,0,0,0,0,0,0,156000,0,0,0,226000,70000,156000,156000
064718,友達統一02購01  ,0,0,0,0,0,0,0,0,0,156000,0,0,0,205000,49000,156000,156000
5519,隆大            ,171000,15000,156000,0,0,0,0,0,0,0,0,0,0,0,0,0,156000
056832,元油2X元富98購12,0,0,0,0,0,0,0,0,0,155000,0,0,0,155000,0,155000,155000
057377,康控元大99購02  ,0,0,0,0,0,0,0,0,0,155000,0,0,0,314000,159000,155000,155000
061749,群創統一9C購02  ,0,0,0,0,0,0,0,0,0,155000,0,0,0,155000,0,155000,155000
064507,臻鼎元大9C購02  ,0,0,0,0,0,0,0,0,0,155000,0,0,0,160000,5000,155000,155000
064273,華邦電元大9C購02,0,0,0,0,0,0,0,0,0,155000,0,0,0,186000,31000,155000,155000
064130,創意元大9C購02  ,0,0,0,0,0,0,0,0,0,155000,0,0,0,261000,106000,155000,155000
062927,同欣電國票9B購02,0,0,0,0,0,0,0,0,0,155000,0,0,0,155000,0,155000,155000
08234P,華擎元富9B售03  ,0,0,0,0,0,0,0,0,0,154000,0,0,0,204000,50000,154000,154000
056615,燿華永豐98購02  ,0,0,0,0,0,0,0,0,0,154000,0,0,0,154000,0,154000,154000
058053,上銀統一9B購01  ,0,0,0,0,0,0,0,0,0,154000,0,0,0,424000,270000,154000,154000
064198,超眾群益9C購01  ,0,0,0,0,0,0,0,0,0,154000,0,0,0,302000,148000,154000,154000
8105,凌巨            ,260000,106000,154000,0,0,0,0,0,0,0,0,0,0,0,0,0,154000
08475P,臺股指凱基9C售13,0,0,0,0,0,0,0,0,0,153000,0,0,0,153000,0,153000,153000
3015,全漢            ,162000,8000,154000,0,0,0,0,0,0,-1000,0,1000,-1000,0,0,0,153000
058496,文曄群益99購01  ,0,0,0,0,0,0,0,0,0,153000,0,0,0,153000,0,153000,153000
058272,超眾永豐9A購01  ,0,0,0,0,0,0,0,0,0,153000,0,0,0,153000,0,153000,153000
059242,南亞科凱基99購06,0,0,0,0,0,0,0,0,0,153000,0,0,0,303000,150000,153000,153000
5608,四維航          ,303000,150000,153000,0,0,0,0,0,0,0,0,0,0,0,0,0,153000
08259P,華新科元大9C售04,0,0,0,0,0,0,0,0,0,152000,0,0,0,212000,60000,152000,152000
065046,玉晶光凱基01購03,0,0,0,0,0,0,0,0,0,152000,0,0,0,259000,107000,152000,152000
056142,超眾元大97購06  ,0,0,0,0,0,0,0,0,0,152000,0,0,0,202000,50000,152000,152000
055525,國巨群益98購05  ,0,0,0,0,0,0,0,0,0,152000,0,0,0,171000,19000,152000,152000
058540,嘉聯益國泰9A購02,0,0,0,0,0,0,0,0,0,152000,0,0,0,152000,0,152000,152000
056232,瑞儀凱基98購01  ,0,0,0,0,0,0,0,0,0,151000,0,0,0,260000,109000,151000,151000
056410,康控國票99購01  ,0,0,0,0,0,0,0,0,0,151000,0,0,0,189000,38000,151000,151000
057311,玉晶光日盛9A購01,0,0,0,0,0,0,0,0,0,151000,0,0,0,177000,26000,151000,151000
057803,上銀元大98購08  ,0,0,0,0,0,0,0,0,0,151000,0,0,0,219000,68000,151000,151000
064233,燿華統一9C購02  ,0,0,0,0,0,0,0,0,0,151000,0,0,0,201000,50000,151000,151000
5434,崇越            ,303000,162273,140727,0,0,0,10000,0,10000,0,0,0,0,0,0,0,150727
07304P,臺股指元大9A售37,0,0,0,0,0,0,0,0,0,150000,0,0,0,190000,40000,150000,150000
057240,茂林凱基9A購01  ,0,0,0,0,0,0,0,0,0,150000,0,0,0,180000,30000,150000,150000
055578,群創統一98購03  ,0,0,0,0,0,0,0,0,0,150000,0,0,0,265000,115000,150000,150000
054171,台郡凱基97購01  ,0,0,0,0,0,0,0,0,0,150000,0,0,0,150000,0,150000,150000
057733,嘉聯益國泰99購01,0,0,0,0,0,0,0,0,0,150000,0,0,0,150000,0,150000,150000
055368,台積電元大97購24,0,0,0,0,0,0,0,0,0,150000,0,0,0,150000,0,150000,150000
055435,佳世達中信99購01,0,0,0,0,0,0,0,0,0,150000,0,0,0,150000,0,150000,150000
058685,TPK凱基99購01   ,0,0,0,0,0,0,0,0,0,150000,0,0,0,161000,11000,150000,150000
059005,嘉晶元大99購06  ,0,0,0,0,0,0,0,0,0,150000,0,0,0,153000,3000,150000,150000
064462,致伸統一02購01  ,0,0,0,0,0,0,0,0,0,150000,0,0,0,150000,0,150000,150000
064528,國巨中信02購01  ,0,0,0,0,0,0,0,0,0,150000,0,0,0,150000,0,150000,150000
064743,聯詠國票01購01  ,0,0,0,0,0,0,0,0,0,150000,0,0,0,178000,28000,150000,150000
063506,嘉晶群益9B購01  ,0,0,0,0,0,0,0,0,0,150000,0,0,0,158000,8000,150000,150000
062395,台表科富邦9C購01,0,0,0,0,0,0,0,0,0,150000,0,0,0,312000,162000,150000,150000
057553,景碩凱基98購03  ,0,0,0,0,0,0,0,0,0,149000,0,0,0,228000,79000,149000,149000
059692,聯詠永豐99購01  ,0,0,0,0,0,0,0,0,0,149000,0,0,0,220000,71000,149000,149000
062159,聯詠凱基9B購01  ,0,0,0,0,0,0,0,0,0,149000,0,0,0,190000,41000,149000,149000
063691,聯鈞永豐9B購01  ,0,0,0,0,0,0,0,0,0,149000,0,0,0,258000,109000,149000,149000
3032,偉訓            ,151000,3000,148000,0,0,0,0,0,0,0,0,0,0,0,0,0,148000
4144,康聯-KY         ,148000,0,148000,0,0,0,0,0,0,0,0,0,0,0,0,0,148000
006207,FH滬深          ,72000,0,72000,0,0,0,0,0,0,76000,0,60000,-60000,379000,243000,136000,148000
056475,宏達電元大99購02,0,0,0,0,0,0,0,0,0,148000,0,0,0,152000,4000,148000,148000
060367,緯穎元富9A購02  ,0,0,0,0,0,0,0,0,0,148000,0,0,0,322000,174000,148000,148000
061121,智邦永豐9A購02  ,0,0,0,0,0,0,0,0,0,148000,0,0,0,149000,1000,148000,148000
064208,智邦凱基02購01  ,0,0,0,0,0,0,0,0,0,148000,0,0,0,190000,42000,148000,148000
062603,台化凱基9B購01  ,0,0,0,0,0,0,0,0,0,148000,0,0,0,174000,26000,148000,148000
07587P,台灣50國票9A售11,0,0,0,0,0,0,0,0,0,147000,0,0,0,150000,3000,147000,147000
064862,創意富邦03購01  ,0,0,0,0,0,0,0,0,0,147000,0,0,0,363000,216000,147000,147000
055377,揚明光元大98購01,0,0,0,0,0,0,0,0,0,147000,0,0,0,202000,55000,147000,147000
061094,彩晶統一9B購02  ,0,0,0,0,0,0,0,0,0,147000,0,0,0,231000,84000,147000,147000
065112,台表科國票02購01,0,0,0,0,0,0,0,0,0,146000,0,0,0,166000,20000,146000,146000
07183P,臺股指凱基99售25,0,0,0,0,0,0,0,0,0,146000,0,0,0,246000,100000,146000,146000
064172,義隆元富9C購01  ,0,0,0,0,0,0,0,0,0,146000,0,0,0,291000,145000,146000,146000
2360,致茂            ,414000,313000,101000,0,0,0,0,0,0,44000,14000,0,14000,33000,3000,30000,145000
08541P,景碩國票01售02  ,0,0,0,0,0,0,0,0,0,145000,0,0,0,150000,5000,145000,145000
057082,玉晶光統一9A購04,0,0,0,0,0,0,0,0,0,145000,0,0,0,547000,402000,145000,145000
061530,智邦台新9A購02  ,0,0,0,0,0,0,0,0,0,145000,0,0,0,149000,4000,145000,145000
062226,臻鼎統一9B購01  ,0,0,0,0,0,0,0,0,0,145000,0,0,0,178000,33000,145000,145000
8131,福懋科          ,175000,36000,139000,0,0,0,0,0,0,6000,1000,0,1000,5000,0,5000,145000
2642,宅配通          ,168000,22000,146000,0,0,0,0,0,0,-2000,0,2000,-2000,0,0,0,144000
057265,聯詠兆豐98購01  ,0,0,0,0,0,0,0,0,0,144000,0,0,0,200000,56000,144000,144000
057151,易華電國票99購01,0,0,0,0,0,0,0,0,0,144000,0,0,0,313000,169000,144000,144000
060290,興富發元大9C購01,0,0,0,0,0,0,0,0,0,144000,0,0,0,151000,7000,144000,144000
058524,超眾元大99購04  ,0,0,0,0,0,0,0,0,0,144000,0,0,0,158000,14000,144000,144000
059261,華邦電中信01購01,0,0,0,0,0,0,0,0,0,144000,0,0,0,188000,44000,144000,144000
061138,晶技統一9C購01  ,0,0,0,0,0,0,0,0,0,144000,0,0,0,144000,0,144000,144000
058727,嘉晶富邦9A購01  ,0,0,0,0,0,0,0,0,0,144000,0,0,0,144000,0,144000,144000
059623,聯電凱基99購02  ,0,0,0,0,0,0,0,0,0,144000,0,0,0,175000,31000,144000,144000
8021,尖點            ,211000,67000,144000,0,0,0,0,0,0,0,0,0,0,0,0,0,144000
056534,京元電凱基98購01,0,0,0,0,0,0,0,0,0,143000,0,0,0,174000,31000,143000,143000
060234,凱美元大9C購01  ,0,1000,-1000,0,0,0,0,0,0,144000,0,0,0,214000,70000,144000,143000
059064,緯穎凱基99購02  ,0,0,0,0,0,0,0,0,0,143000,0,0,0,163000,20000,143000,143000
062449,臻鼎元大9B購01  ,0,0,0,0,0,0,0,0,0,143000,0,0,0,143000,0,143000,143000
062968,仁寶元富9B購01  ,0,0,0,0,0,0,0,0,0,143000,0,0,0,210000,67000,143000,143000
8404,百和興業-KY     ,170000,27000,143000,0,0,0,0,0,0,0,0,0,0,0,0,0,143000
6271,同欣電          ,1942680,1421000,521680,0,0,0,395000,1020636,-625636,246000,400000,138000,262000,11000,27000,-16000,142044
3504,揚明光          ,195000,53000,142000,0,0,0,0,0,0,0,0,0,0,0,0,0,142000
08262P,茂林元大9C售01  ,0,0,0,0,0,0,0,0,0,142000,0,0,0,142000,0,142000,142000
062990,台積電群益9B購06,0,0,0,0,0,0,0,0,0,142000,0,0,0,196000,54000,142000,142000
064168,南電統一01購01  ,0,0,0,0,0,0,0,0,0,142000,0,0,0,150000,8000,142000,142000
064355,南六元大01購01  ,0,0,0,0,0,0,0,0,0,142000,0,0,0,153000,11000,142000,142000
064376,美律元富9C購01  ,0,0,0,0,0,0,0,0,0,142000,0,0,0,167000,25000,142000,142000
064636,臺股指元大9C購22,0,0,0,0,0,0,0,0,0,142000,0,0,0,142000,0,142000,142000
9944,新麗            ,229000,88000,141000,0,0,0,0,0,0,1000,1000,0,1000,0,0,0,142000
3437,榮創            ,260000,119000,141000,0,0,0,0,0,0,0,0,0,0,0,0,0,141000
051849,旺宏中信98購01  ,0,0,0,0,0,0,0,0,0,141000,0,0,0,889000,748000,141000,141000
059290,全新元富99購01  ,0,0,0,0,0,0,0,0,0,141000,0,0,0,321000,180000,141000,141000
064563,全新群益02購01  ,0,0,0,0,0,0,0,0,0,141000,0,0,0,327000,186000,141000,141000
062576,華擎群益9B購02  ,0,0,0,0,0,0,0,0,0,141000,0,0,0,141000,0,141000,141000
1108,幸福            ,160000,22000,138000,0,0,0,0,0,0,2000,2000,0,2000,0,0,0,140000
056236,台積電群益97購06,0,0,0,0,0,0,0,0,0,140000,0,0,0,140000,0,140000,140000
060983,南亞科元大9A購06,0,0,0,0,0,0,0,0,0,140000,0,0,0,180000,40000,140000,140000
060017,全新康和99購01  ,0,0,0,0,0,0,0,0,0,140000,0,0,0,206000,66000,140000,140000
058324,嘉聯益永豐9A購01,0,0,0,0,0,0,0,0,0,140000,0,0,0,171000,31000,140000,140000
062528,全新統一9C購01  ,0,0,0,0,0,0,0,0,0,140000,0,0,0,175000,35000,140000,140000
064551,鈺齊凱基9C購02  ,0,0,0,0,0,0,0,0,0,140000,0,0,0,141000,1000,140000,140000
064645,義隆凱基03購01  ,0,0,0,0,0,0,0,0,0,140000,0,0,0,239000,99000,140000,140000
063779,華邦電永豐9B購01,0,0,0,0,0,0,0,0,0,140000,0,0,0,140000,0,140000,140000
064142,國巨統一9C購13  ,0,0,0,0,0,0,0,0,0,140000,0,0,0,218000,78000,140000,140000
064890,聯電群益9C購02  ,0,0,0,0,0,0,0,0,0,139000,0,0,0,139000,0,139000,139000
056998,麗豐康和98購01  ,0,0,0,0,0,0,0,0,0,139000,0,0,0,139000,0,139000,139000
00651R,FH香港反1       ,0,0,0,0,0,0,0,0,0,139000,0,500000,-500000,1032000,393000,639000,139000
057357,超眾統一98購01  ,0,0,0,0,0,0,0,0,0,139000,0,0,0,337000,198000,139000,139000
064835,嘉晶統一02購01  ,0,0,0,0,0,0,0,0,0,138000,0,0,0,145000,7000,138000,138000
06545P,致茂元大98售01  ,0,0,0,0,0,0,0,0,0,138000,0,0,0,138000,0,138000,138000
056550,瑞儀凱基99購01  ,0,0,0,0,0,0,0,0,0,138000,0,0,0,140000,2000,138000,138000
052937,國巨兆豐97購01  ,0,0,0,0,0,0,0,0,0,138000,0,0,0,338000,200000,138000,138000
055689,台郡凱基99購01  ,0,0,0,0,0,0,0,0,0,138000,0,0,0,168000,30000,138000,138000
056786,亞光群益98購03  ,0,0,0,0,0,0,0,0,0,138000,0,0,0,138000,0,138000,138000
061129,文曄永豐9A購01  ,0,0,0,0,0,0,0,0,0,138000,0,0,0,180000,42000,138000,138000
062302,聯詠中信05購02  ,0,0,0,0,0,0,0,0,0,138000,0,0,0,299000,161000,138000,138000
062011,上銀富邦9C購01  ,0,0,0,0,0,0,0,0,0,138000,0,0,0,138000,0,138000,138000
064855,聯發科國泰02購01,0,0,0,0,0,0,0,0,0,137000,0,0,0,334000,197000,137000,137000
061660,禾伸堂永豐9A購01,0,0,0,0,0,0,0,0,0,137000,0,0,0,137000,0,137000,137000
063397,廣達群益9B購02  ,0,0,0,0,0,0,0,0,0,137000,0,0,0,150000,13000,137000,137000
6139,亞翔            ,152000,15000,137000,0,0,0,0,0,0,0,0,0,0,0,0,0,137000
08394P,大立光群益9C售05,0,0,0,0,0,0,0,0,0,136000,0,0,0,136000,0,136000,136000
2913,農林            ,316000,186000,130000,0,0,0,0,0,0,6000,6000,0,6000,0,0,0,136000
060679,聯詠元大9A購04  ,0,0,0,0,0,0,0,0,0,136000,0,0,0,260000,124000,136000,136000
060631,微星富邦9B購01  ,0,0,0,0,0,0,0,0,0,136000,0,0,0,308000,172000,136000,136000
058768,南港兆豐99購01  ,0,0,0,0,0,0,0,0,0,136000,0,0,0,236000,100000,136000,136000
064084,群創中信06購02  ,0,0,0,0,0,0,0,0,0,136000,0,0,0,136000,0,136000,136000
064567,晶技群益01購01  ,0,0,0,0,0,0,0,0,0,136000,0,0,0,164000,28000,136000,136000
064264,智伸科永豐9C購01,0,0,0,0,0,0,0,0,0,136000,0,0,0,136000,0,136000,136000
1337,再生-KY         ,151000,16000,135000,0,0,0,0,0,0,0,0,0,0,0,0,0,135000
057175,美律元大98購03  ,0,0,0,0,0,0,0,0,0,135000,0,0,0,140000,5000,135000,135000
057498,台郡元大98購04  ,0,0,0,0,0,0,0,0,0,135000,0,0,0,135000,0,135000,135000
060203,緯穎元富9A購01  ,0,0,0,0,0,0,0,0,0,135000,0,0,0,135000,0,135000,135000
061069,嘉聯益凱基9A購01,0,0,0,0,0,0,0,0,0,135000,0,0,0,260000,125000,135000,135000
064200,華通兆豐01購01  ,0,0,0,0,0,0,0,0,0,135000,0,0,0,210000,75000,135000,135000
064100,義隆群益9C購01  ,0,0,0,0,0,0,0,0,0,135000,0,0,0,151000,16000,135000,135000
063027,台汽電元大9B購01,0,0,0,0,0,0,0,0,0,135000,0,0,0,352000,217000,135000,135000
056339,聯發科凱基99購02,0,0,0,0,0,0,0,0,0,134000,0,0,0,134000,0,134000,134000
057690,美律凱基99購03  ,0,0,0,0,0,0,0,0,0,134000,0,0,0,159000,25000,134000,134000
055389,國巨統一98購02  ,0,0,0,0,0,0,0,0,0,134000,0,0,0,180000,46000,134000,134000
061021,聯電國泰9B購01  ,0,0,0,0,0,0,0,0,0,134000,0,0,0,468000,334000,134000,134000
062543,華通富邦9C購01  ,0,0,0,0,0,0,0,0,0,134000,0,0,0,141000,7000,134000,134000
059139,全新兆豐9A購01  ,0,0,0,0,0,0,0,0,0,133000,0,0,0,239000,106000,133000,133000
061109,臻鼎元大9A購03  ,0,0,0,0,0,0,0,0,0,133000,0,0,0,136000,3000,133000,133000
060364,奇力新元富9A購01,0,0,0,0,0,0,0,0,0,133000,0,0,0,147000,14000,133000,133000
057886,聯詠群益98購01  ,0,0,0,0,0,0,0,0,0,133000,0,0,0,204000,71000,133000,133000
062884,康控兆豐9C購01  ,0,0,0,0,0,0,0,0,0,133000,0,0,0,251000,118000,133000,133000
055485,國巨元大97購09  ,0,0,0,0,0,0,0,0,0,132000,0,0,0,132000,0,132000,132000
057276,全新元大99購03  ,0,0,0,0,0,0,0,0,0,132000,0,0,0,147000,15000,132000,132000
058108,台郡台新99購01  ,0,0,0,0,0,0,0,0,0,132000,0,0,0,133000,1000,132000,132000
061162,南電群益9A購02  ,0,0,0,0,0,0,0,0,0,132000,0,0,0,132000,0,132000,132000
064146,瑞昱統一01購03  ,0,0,0,0,0,0,0,0,0,132000,0,0,0,241000,109000,132000,132000
064178,台郡國泰01購01  ,0,0,0,0,0,0,0,0,0,132000,0,0,0,136000,4000,132000,132000
064254,景碩台新9C購02  ,0,0,0,0,0,0,0,0,0,132000,0,0,0,137000,5000,132000,132000
1806,冠軍            ,135000,4000,131000,0,0,0,0,0,0,0,0,0,0,0,0,0,131000
057764,台表科凱基9A購01,0,0,0,0,0,0,0,0,0,131000,0,0,0,186000,55000,131000,131000
054725,國巨日盛97購01  ,0,0,0,0,0,0,0,0,0,131000,0,0,0,131000,0,131000,131000
062578,超眾群益9B購01  ,0,0,0,0,0,0,0,0,0,131000,0,0,0,299000,168000,131000,131000
062313,聯詠凱基9C購01  ,0,0,0,0,0,0,0,0,0,131000,0,0,0,210000,79000,131000,131000
062470,智邦凱基9C購01  ,0,0,0,0,0,0,0,0,0,131000,0,0,0,132000,1000,131000,131000
07140P,台灣50日盛99售01,0,0,0,0,0,0,0,0,0,130000,0,0,0,670000,540000,130000,130000
07635P,世芯永豐9A售05  ,0,0,0,0,0,0,0,0,0,130000,0,0,0,311000,181000,130000,130000
07945P,上銀國票9B售02  ,0,0,0,0,0,0,0,0,0,130000,0,0,0,130000,0,130000,130000
054164,強茂凱基98購01  ,0,0,0,0,0,0,0,0,0,130000,0,0,0,368000,238000,130000,130000
057355,彩晶統一98購03  ,0,0,0,0,0,0,0,0,0,130000,0,0,0,130000,0,130000,130000
057730,聯鈞國泰9A購01  ,0,0,0,0,0,0,0,0,0,130000,0,0,0,207000,77000,130000,130000
055487,國巨元大98購07  ,0,0,0,0,0,0,0,0,0,130000,0,0,0,235000,105000,130000,130000
052152,創意富邦98購01  ,0,0,0,0,0,0,0,0,0,130000,0,0,0,130000,0,130000,130000
059079,SGBR2X元大99購01,0,0,0,0,0,0,0,0,0,130000,0,0,0,170000,40000,130000,130000
060084,聯電元大99購02  ,0,0,0,0,0,0,0,0,0,130000,0,0,0,178000,48000,130000,130000
058949,上銀群益99購02  ,0,0,0,0,0,0,0,0,0,130000,0,0,0,130000,0,130000,130000
060422,台勝科永豐9A購01,0,0,0,0,0,0,0,0,0,130000,0,0,0,201000,71000,130000,130000
058479,亞光凱基9A購01  ,0,0,0,0,0,0,0,0,0,130000,0,0,0,130000,0,130000,130000
061870,智邦元大9B購02  ,0,0,0,0,0,0,0,0,0,130000,0,0,0,163000,33000,130000,130000
064114,南茂國票01購01  ,0,0,0,0,0,0,0,0,0,130000,0,0,0,194000,64000,130000,130000
063972,緯創國票9C購01  ,0,0,0,0,0,0,0,0,0,130000,0,0,0,139000,9000,130000,130000
063745,喬山國票9C購01  ,0,0,0,0,0,0,0,0,0,130000,0,0,0,165000,35000,130000,130000
08165P,台表科永豐9B售02,0,0,0,0,0,0,0,0,0,129000,0,0,0,132000,3000,129000,129000
05634P,玉晶光台新97售01,0,0,0,0,0,0,0,0,0,129000,0,0,0,129000,0,129000,129000
060641,聯鈞永豐9A購01  ,0,0,0,0,0,0,0,0,0,129000,0,0,0,208000,79000,129000,129000
062163,大毅國泰01購01  ,0,0,0,0,0,0,0,0,0,129000,0,0,0,205000,76000,129000,129000
063380,台表科永豐9B購03,0,0,0,0,0,0,0,0,0,129000,0,0,0,366000,237000,129000,129000
063258,緯穎國泰9C購01  ,0,0,0,0,0,0,0,0,0,129000,0,0,0,210000,81000,129000,129000
2017,官田鋼          ,136000,8000,128000,0,0,0,0,0,0,0,0,0,0,0,0,0,128000
053221,彩晶凱基98購01  ,0,0,0,0,0,0,0,0,0,128000,0,0,0,128000,0,128000,128000
054540,泰鼎國票99購01  ,0,0,0,0,0,0,0,0,0,128000,0,0,0,128000,0,128000,128000
062042,台勝科凱基9C購01,0,0,0,0,0,0,0,0,0,128000,0,0,0,138000,10000,128000,128000
060786,聯發科富邦9B購06,0,0,0,0,0,0,0,0,0,128000,0,0,0,128000,0,128000,128000
061187,瀚宇博國泰9C購01,0,0,0,0,0,0,0,0,0,128000,0,0,0,158000,30000,128000,128000
062385,玉晶光國泰01購01,0,0,0,0,0,0,0,0,0,128000,0,0,0,240000,112000,128000,128000
062545,嘉晶永豐9B購01  ,0,0,0,0,0,0,0,0,0,128000,0,0,0,138000,10000,128000,128000
4108,懷特            ,406100,279000,127100,0,0,0,0,0,0,0,0,0,0,0,0,0,127100
2375,凱美            ,368000,113000,255000,0,0,0,0,0,0,-128000,0,85000,-85000,0,43000,-43000,127000
07990P,緯穎凱基9B售02  ,0,0,0,0,0,0,0,0,0,127000,0,0,0,212000,85000,127000,127000
056375,玉晶光統一01購01,0,0,0,0,0,0,0,0,0,127000,0,0,0,137000,10000,127000,127000
056408,奇鋐國票99購01  ,0,0,0,0,0,0,0,0,0,127000,0,0,0,142000,15000,127000,127000
061024,南電國泰9B購01  ,0,0,0,0,0,0,0,0,0,127000,0,0,0,222000,95000,127000,127000
058222,玉晶光統一9B購01,0,0,0,0,0,0,0,0,0,127000,0,0,0,173000,46000,127000,127000
056860,正崴群益98購01  ,0,0,0,0,0,0,0,0,0,126000,0,0,0,658000,532000,126000,126000
051861,鴻海凱基98購01  ,0,0,0,0,0,0,0,0,0,126000,0,0,0,126000,0,126000,126000
062836,同欣電群益9B購02,0,0,0,0,0,0,0,0,0,126000,0,0,0,126000,0,126000,126000
063847,聯發科元大9C購03,0,0,0,0,0,0,0,0,0,126000,0,0,0,138000,12000,126000,126000
6142,友勁            ,370000,94000,276000,0,0,0,0,0,0,-150000,0,150000,-150000,0,0,0,126000
3653,健策            ,495000,165628,329372,0,0,0,0,140000,-140000,-64000,11000,10000,1000,45000,110000,-65000,125372
06622P,牧德元大98售01  ,0,0,0,0,0,0,0,0,0,125000,0,0,0,125000,0,125000,125000
055136,聯發科富邦99購06,0,0,0,0,0,0,0,0,0,125000,0,0,0,127000,2000,125000,125000
055415,禾伸堂富邦9B購01,0,0,0,0,0,0,0,0,0,125000,0,0,0,128000,3000,125000,125000
056055,國巨元大97購15  ,0,0,0,0,0,0,0,0,0,125000,0,0,0,125000,0,125000,125000
061025,創意富邦9B購01  ,0,0,0,0,0,0,0,0,0,125000,0,0,0,185000,60000,125000,125000
2545,皇翔            ,146000,22000,124000,0,0,0,0,0,0,0,0,0,0,0,0,0,124000
056155,嘉晶凱基97購01  ,0,0,0,0,0,0,0,0,0,124000,0,0,0,167000,43000,124000,124000
056386,TPK國泰99購01   ,0,0,0,0,0,0,0,0,0,124000,0,0,0,176000,52000,124000,124000
055245,凱美統一99購01  ,0,0,0,0,0,0,0,0,0,124000,0,0,0,173000,49000,124000,124000
060416,神隆永豐9A購01  ,0,0,0,0,0,0,0,0,0,124000,0,0,0,326000,202000,124000,124000
058033,景碩永豐98購02  ,0,0,0,0,0,0,0,0,0,124000,0,0,0,124000,0,124000,124000
1712,興農            ,235000,112000,123000,0,0,0,0,0,0,0,0,0,0,0,0,0,123000
06828P,臺股指國票98售04,0,0,0,0,0,0,0,0,0,123000,0,0,0,123000,0,123000,123000
055063,玉晶光永豐99購01,0,0,0,0,0,0,0,0,0,123000,0,0,0,305000,182000,123000,123000
053297,鎧勝中信98購01  ,0,0,0,0,0,0,0,0,0,123000,0,0,0,136000,13000,123000,123000
056397,彩晶永豐99購01  ,0,0,0,0,0,0,0,0,0,123000,0,0,0,123000,0,123000,123000
061816,長榮航群益9B購02,0,0,0,0,0,0,0,0,0,123000,0,0,0,199000,76000,123000,123000
061479,泰碩元大9A購02  ,0,0,0,0,0,0,0,0,0,123000,0,0,0,123000,0,123000,123000
058615,矽創元大99購01  ,0,0,0,0,0,0,0,0,0,123000,0,0,0,268000,145000,123000,123000
064545,智邦凱基9C購02  ,0,0,0,0,0,0,0,0,0,123000,0,0,0,148000,25000,123000,123000
064678,嘉晶兆豐01購01  ,0,0,0,0,0,0,0,0,0,123000,0,0,0,183000,60000,123000,123000
063252,緯穎元大9B購07  ,0,0,0,0,0,0,0,0,0,123000,0,0,0,141000,18000,123000,123000
07030P,鈺齊群益99售01  ,0,0,0,0,0,0,0,0,0,122000,0,0,0,122000,0,122000,122000
3038,全台            ,722000,535000,187000,0,0,0,0,0,0,-65000,50000,115000,-65000,0,0,0,122000
1219,福壽            ,135000,36000,99000,0,0,0,0,0,0,23000,23000,0,23000,0,0,0,122000
057527,億光元大98購01  ,0,0,0,0,0,0,0,0,0,122000,0,0,0,122000,0,122000,122000
059252,聯詠凱基99購03  ,0,0,0,0,0,0,0,0,0,122000,0,0,0,133000,11000,122000,122000
059991,超眾元大9A購02  ,0,0,0,0,0,0,0,0,0,122000,0,0,0,122000,0,122000,122000
062696,國巨元大9B購16  ,0,0,0,0,0,0,0,0,0,122000,0,0,0,173000,51000,122000,122000
063772,智邦富邦9B購02  ,0,0,0,0,0,0,0,0,0,122000,0,0,0,232000,110000,122000,122000
9914,美利達          ,535000,409000,126000,0,0,0,35000,8000,27000,-31000,2000,33000,-31000,0,0,0,122000
2414,精技            ,130000,11000,119000,0,0,0,0,0,0,2000,2000,0,2000,0,0,0,121000
06801P,技嘉群益99售02  ,0,0,0,0,0,0,0,0,0,121000,0,0,0,132000,11000,121000,121000
06681P,致茂元大98售02  ,0,0,0,0,0,0,0,0,0,121000,0,0,0,121000,0,121000,121000
057619,玉晶光凱基98購02,0,0,0,0,0,0,0,0,0,121000,0,0,0,222000,101000,121000,121000
055681,奇鋐凱基98購03  ,0,0,0,0,0,0,0,0,0,121000,0,0,0,131000,10000,121000,121000
061227,日月光中信9B購01,0,0,0,0,0,0,0,0,0,121000,0,0,0,204000,83000,121000,121000
055620,樺漢國票98購01  ,0,0,0,0,0,0,0,0,0,121000,0,0,0,121000,0,121000,121000
056483,TPK元大98購01   ,0,0,0,0,0,0,0,0,0,121000,0,0,0,315000,194000,121000,121000
020000,富邦特選蘋果N   ,0,0,0,0,0,0,0,0,0,121000,0,0,0,124000,3000,121000,121000
064072,康友永豐9C購01  ,0,0,0,0,0,0,0,0,0,121000,0,0,0,248000,127000,121000,121000
064643,瑞昱凱基04購01  ,0,0,0,0,0,0,0,0,0,121000,0,0,0,199000,78000,121000,121000
062766,台郡凱基9B購02  ,0,0,0,0,0,0,0,0,0,121000,0,0,0,121000,0,121000,121000
8499,鼎炫-KY         ,185000,81000,104000,0,0,0,0,0,0,17000,17000,0,17000,0,0,0,121000
5258,虹堡            ,155000,32000,123000,0,0,0,0,0,0,-2000,0,2000,-2000,0,0,0,121000
2109,華豐            ,165000,45000,120000,0,0,0,0,0,0,0,0,0,0,0,0,0,120000
2239,英利-KY         ,176000,56000,120000,0,0,0,0,0,0,0,0,0,0,0,0,0,120000
048105,滬深2X群益99購02,0,0,0,0,0,0,0,0,0,120000,0,0,0,120000,0,120000,120000
061253,臺股指群益9A購04,0,0,0,0,0,0,0,0,0,120000,0,0,0,130000,10000,120000,120000
056715,瀚宇博永豐98購01,0,0,0,0,0,0,0,0,0,120000,0,0,0,120000,0,120000,120000
060047,道瓊反凱基99購01,0,0,0,0,0,0,0,0,0,120000,0,0,0,120000,0,120000,120000
061137,晶技統一9B購01  ,0,0,0,0,0,0,0,0,0,120000,0,0,0,123000,3000,120000,120000
058675,康控群益9B購01  ,0,0,0,0,0,0,0,0,0,120000,0,0,0,130000,10000,120000,120000
059791,超眾元大99購06  ,0,0,0,0,0,0,0,0,0,120000,0,0,0,210000,90000,120000,120000
063222,群創群益9B購03  ,0,0,0,0,0,0,0,0,0,120000,0,0,0,152000,32000,120000,120000
063146,南六統一9B購02  ,0,0,0,0,0,0,0,0,0,120000,0,0,0,163000,43000,120000,120000
064727,群創統一02購03  ,0,0,0,0,0,0,0,0,0,120000,0,0,0,154000,34000,120000,120000
063785,華通中信06購02  ,0,0,0,0,0,0,0,0,0,120000,0,0,0,120000,0,120000,120000
9907,統一實          ,947000,828000,119000,0,0,0,0,0,0,1000,1000,0,1000,0,0,0,120000
5269,祥碩            ,352000,234656,117344,0,0,0,55000,56000,-1000,3000,31000,32000,-1000,13000,9000,4000,119344
065160,聯茂群益9C購02  ,0,0,0,0,0,0,0,0,0,119000,0,0,0,120000,1000,119000,119000
056621,宏達電永豐98購01,0,0,0,0,0,0,0,0,0,119000,0,0,0,119000,0,119000,119000
056574,亞光元大99購03  ,0,0,0,0,0,0,0,0,0,119000,0,0,0,124000,5000,119000,119000
060999,國巨兆豐9A購01  ,0,0,0,0,0,0,0,0,0,119000,0,0,0,140000,21000,119000,119000
057948,嘉聯益國票99購02,0,0,0,0,0,0,0,0,0,119000,0,0,0,120000,1000,119000,119000
064179,上銀富邦01購01  ,0,0,0,0,0,0,0,0,0,119000,0,0,0,133000,14000,119000,119000
064435,聯發科凱基02購03,0,0,0,0,0,0,0,0,0,119000,0,0,0,142000,23000,119000,119000
063230,緯穎群益9B購02  ,0,0,0,0,0,0,0,0,0,119000,0,0,0,122000,3000,119000,119000
062829,泰碩群益9B購01  ,0,0,0,0,0,0,0,0,0,119000,0,0,0,119000,0,119000,119000
065091,亞光元大9C購01  ,0,0,0,0,0,0,0,0,0,118000,0,0,0,140000,22000,118000,118000
2355,敬鵬            ,428000,259000,169000,0,0,0,0,0,0,-51000,0,50000,-50000,0,1000,-1000,118000
1612,宏泰            ,118000,0,118000,0,0,0,0,0,0,0,0,0,0,0,0,0,118000
08537P,台光電國票01售03,0,0,0,0,0,0,0,0,0,118000,0,0,0,118000,0,118000,118000
08222P,南六凱基9B售05  ,0,0,0,0,0,0,0,0,0,118000,0,0,0,118000,0,118000,118000
054075,GIS富邦97購02   ,0,0,0,0,0,0,0,0,0,118000,0,0,0,118000,0,118000,118000
055972,GIS元大97購04   ,0,0,0,0,0,0,0,0,0,118000,0,0,0,119000,1000,118000,118000
057077,國巨統一98購06  ,0,0,0,0,0,0,0,0,0,118000,0,0,0,200000,82000,118000,118000
060509,宏達電元大9A購02,0,0,0,0,0,0,0,0,0,118000,0,0,0,118000,0,118000,118000
063846,智邦元大9C購01  ,0,0,0,0,0,0,0,0,0,118000,0,0,0,368000,250000,118000,118000
1604,聲寶            ,211000,70000,141000,0,0,0,0,0,0,-24000,0,24000,-24000,0,0,0,117000
1312,國喬            ,1117000,1092000,25000,0,0,0,0,0,0,92000,85000,0,85000,7000,0,7000,117000
055943,瑞昱麥證97購01  ,0,0,0,189000,72000,117000,0,0,0,117000,0,0,0,189000,72000,117000,117000
055891,鴻海統一9A購01  ,0,0,0,0,0,0,0,0,0,117000,0,0,0,202000,85000,117000,117000
055449,超眾統一9A購01  ,0,0,0,0,0,0,0,0,0,117000,0,0,0,260000,143000,117000,117000
059765,嘉聯益永豐99購02,0,0,0,0,0,0,0,0,0,117000,0,0,0,172000,55000,117000,117000
063813,瑞昱群益9C購02  ,0,0,0,0,0,0,0,0,0,117000,0,0,0,117000,0,117000,117000
063738,奇鋐元大9B購03  ,0,0,0,0,0,0,0,0,0,117000,0,0,0,150000,33000,117000,117000
064396,創意永豐9C購01  ,0,0,0,0,0,0,0,0,0,117000,0,0,0,245000,128000,117000,117000
063072,裕隆永豐9B購01  ,0,0,0,0,0,0,0,0,0,117000,0,0,0,180000,63000,117000,117000
07880P,可成群益9B售05  ,0,0,0,0,0,0,0,0,0,116000,0,0,0,213000,97000,116000,116000
061342,華新科元大9A購17,0,0,0,0,0,0,0,0,0,116000,0,0,0,126000,10000,116000,116000
061597,南六永豐9A購04  ,0,0,0,0,0,0,0,0,0,116000,0,0,0,128000,12000,116000,116000
057270,遠東新元大98購01,0,0,0,0,0,0,0,0,0,116000,0,0,0,116000,0,116000,116000
060162,碩天永豐9A購01  ,0,0,0,0,0,0,0,0,0,116000,0,0,0,116000,0,116000,116000
058188,華擎永豐99購01  ,0,0,0,0,0,0,0,0,0,116000,0,0,0,182000,66000,116000,116000
063320,旭富群益9B購03  ,0,0,0,0,0,0,0,0,0,116000,0,0,0,172000,56000,116000,116000
062541,臻鼎國泰01購01  ,0,0,0,0,0,0,0,0,0,116000,0,0,0,116000,0,116000,116000
062450,臻鼎元大9B購02  ,0,0,0,0,0,0,0,0,0,116000,0,0,0,116000,0,116000,116000
063947,大毅元大9C購02  ,0,0,0,0,0,0,0,0,0,116000,0,0,0,166000,50000,116000,116000
064869,景碩永豐9C購01  ,0,0,0,0,0,0,0,0,0,115000,0,0,0,123000,8000,115000,115000
061592,義隆永豐9A購03  ,0,0,0,0,0,0,0,0,0,115000,0,0,0,219000,104000,115000,115000
053415,聯茂國票97購01  ,0,0,0,0,0,0,0,0,0,115000,0,0,0,115000,0,115000,115000
060870,旭富群益9A購01  ,0,0,0,0,0,0,0,0,0,115000,0,0,0,115000,0,115000,115000
061791,康友群益9B購01  ,0,0,0,0,0,0,0,0,0,115000,0,0,0,130000,15000,115000,115000
063447,聯發科統一9B購12,0,0,0,0,0,0,0,0,0,115000,0,0,0,123000,8000,115000,115000
063433,臻鼎元富9B購01  ,0,0,0,0,0,0,0,0,0,115000,0,0,0,257000,142000,115000,115000
064876,旺宏兆豐9C購01  ,0,0,0,0,0,0,0,0,0,114000,0,0,0,128000,14000,114000,114000
2426,鼎元            ,146000,104000,42000,0,0,0,0,0,0,72000,72000,0,72000,0,0,0,114000
3047,訊舟            ,347000,233000,114000,0,0,0,0,0,0,0,0,0,0,0,0,0,114000
3094,聯傑            ,187000,73000,114000,0,0,0,0,0,0,0,0,0,0,0,0,0,114000
055585,國巨元大98購08  ,0,0,0,0,0,0,0,0,0,114000,0,0,0,114000,0,114000,114000
057306,玉晶光兆豐99購01,0,0,0,0,0,0,0,0,0,114000,0,0,0,156000,42000,114000,114000
062589,友達統一9C購03  ,0,0,0,0,0,0,0,0,0,114000,0,0,0,114000,0,114000,114000
064436,聯發科凱基03購02,0,0,0,0,0,0,0,0,0,114000,0,0,0,136000,22000,114000,114000
064574,達方群益01購01  ,0,0,0,0,0,0,0,0,0,114000,0,0,0,114000,0,114000,114000
2022,聚亨            ,123000,0,123000,0,0,0,0,0,0,-10000,0,10000,-10000,0,0,0,113000
08364P,聯發科凱基02售02,0,0,0,0,0,0,0,0,0,113000,0,0,0,228000,115000,113000,113000
061247,玉晶光群益9A購09,0,0,0,0,0,0,0,0,0,113000,0,0,0,150000,37000,113000,113000
054935,華通元大98購03  ,0,0,0,0,0,0,0,0,0,113000,0,0,0,146000,33000,113000,113000
057403,亞光群益98購04  ,0,0,0,0,0,0,0,0,0,113000,0,0,0,213000,100000,113000,113000
060651,瑞儀中信9B購01  ,0,0,0,0,0,0,0,0,0,113000,0,0,0,130000,17000,113000,113000
062477,聯詠國票9B購01  ,0,0,0,0,0,0,0,0,0,113000,0,0,0,120000,7000,113000,113000
063340,英業達統一9B購01,0,0,0,0,0,0,0,0,0,113000,0,0,0,115000,2000,113000,113000
063307,同欣電凱基9B購02,0,0,0,0,0,0,0,0,0,113000,0,0,0,180000,67000,113000,113000
063163,京元電永豐9B購01,0,0,0,0,0,0,0,0,0,113000,0,0,0,163000,50000,113000,113000
08190P,宏達電元富9B售04,0,0,0,0,0,0,0,0,0,112000,0,0,0,132000,20000,112000,112000
1614,三洋電          ,164000,52000,112000,0,0,0,0,0,0,0,0,0,0,0,0,0,112000
052610,貿聯元大97購01  ,0,0,0,0,0,0,0,0,0,112000,0,0,0,112000,0,112000,112000
060327,美律群益9A購02  ,0,0,0,0,0,0,0,0,0,112000,0,0,0,213000,101000,112000,112000
058077,超眾凱基98購02  ,0,0,0,0,0,0,0,0,0,112000,0,0,0,122000,10000,112000,112000
058714,美律統一9B購01  ,0,0,0,0,0,0,0,0,0,112000,0,0,0,160000,48000,112000,112000
063366,台表科富邦9C購02,0,0,0,0,0,0,0,0,0,112000,0,0,0,175000,63000,112000,112000
064286,TPK元大9C購02   ,0,0,0,0,0,0,0,0,0,112000,0,0,0,166000,54000,112000,112000
6239,力成            ,1344904,876146,468758,0,0,0,0,378000,-378000,21000,6000,19000,-13000,42000,8000,34000,111758
1473,台南            ,150000,40000,110000,0,0,0,0,0,0,1000,1000,0,1000,0,0,0,111000
058660,樺漢中信9A購01  ,0,0,0,0,0,0,0,0,0,111000,0,0,0,161000,50000,111000,111000
058822,樺漢國泰9B購01  ,0,0,0,0,0,0,0,0,0,111000,0,0,0,121000,10000,111000,111000
064343,健鼎元大9C購01  ,0,0,0,0,0,0,0,0,0,111000,0,0,0,245000,134000,111000,111000
064348,TPK元大9C購03   ,0,0,0,0,0,0,0,0,0,111000,0,0,0,168000,57000,111000,111000
062911,聯詠元大9B購03  ,0,0,0,0,0,0,0,0,0,111000,0,0,0,242000,131000,111000,111000
062012,燿華富邦9C購01  ,0,0,0,0,0,0,0,0,0,111000,0,0,0,124000,13000,111000,111000
2030,彰源            ,144000,34000,110000,0,0,0,0,0,0,0,0,0,0,0,0,0,110000
3010,華立            ,246000,136000,110000,0,0,0,0,0,0,0,0,0,0,0,0,0,110000
06477P,緯穎國票99售02  ,0,0,0,0,0,0,0,0,0,110000,0,0,0,110000,0,110000,110000
07518P,臺股指元大9B售09,0,0,0,0,0,0,0,0,0,110000,0,0,0,110000,0,110000,110000
056520,鴻海日盛99購01  ,0,0,0,0,0,0,0,0,0,110000,0,0,0,110000,0,110000,110000
061205,旺宏元大9A購11  ,0,0,0,0,0,0,0,0,0,110000,0,0,0,110000,0,110000,110000
056076,超眾元大97購05  ,0,0,0,0,0,0,0,0,0,110000,0,0,0,128000,18000,110000,110000
058661,臺股指中信9C購01,0,0,0,0,0,0,0,0,0,110000,0,0,0,180000,70000,110000,110000
059307,T50反1元大99購06,0,0,0,0,0,0,0,0,0,110000,0,0,0,121000,11000,110000,110000
059282,嘉聯益永豐99購01,0,0,0,0,0,0,0,0,0,110000,0,0,0,247000,137000,110000,110000
062616,玉晶光元大9C購06,0,0,0,0,0,0,0,0,0,110000,0,0,0,130000,20000,110000,110000
062502,旺宏群益9C購01  ,0,0,0,0,0,0,0,0,0,110000,0,0,0,110000,0,110000,110000
064361,旺宏統一01購06  ,0,0,0,0,0,0,0,0,0,110000,0,0,0,110000,0,110000,110000
064700,致新群益9C購02  ,0,0,0,0,0,0,0,0,0,110000,0,0,0,208000,98000,110000,110000
064147,瑞昱統一01購04  ,0,0,0,0,0,0,0,0,0,110000,0,0,0,450000,340000,110000,110000
063630,智邦元大9B購09  ,0,0,0,0,0,0,0,0,0,110000,0,0,0,243000,133000,110000,110000
064892,台達電群益9C購02,0,0,0,0,0,0,0,0,0,109000,0,0,0,109000,0,109000,109000
3013,晟銘電          ,118000,7000,111000,0,0,0,0,0,0,-2000,0,2000,-2000,0,0,0,109000
4155,訊映            ,193000,84000,109000,0,0,0,0,0,0,0,0,0,0,0,0,0,109000
057785,智邦國票99購02  ,0,0,0,0,0,0,0,0,0,109000,0,0,0,109000,0,109000,109000
054938,國巨元大97購04  ,0,0,0,0,0,0,0,0,0,109000,0,0,0,109000,0,109000,109000
053361,友達元富99購01  ,0,0,0,0,0,0,0,0,0,109000,0,0,0,109000,0,109000,109000
060404,台勝科國泰9B購01,0,0,0,0,0,0,0,0,0,109000,0,0,0,1217000,1108000,109000,109000
058016,智邦凱基98購06  ,0,0,0,0,0,0,0,0,0,109000,0,0,0,109000,0,109000,109000
063957,臻鼎元大9C購01  ,0,0,0,0,0,0,0,0,0,109000,0,0,0,118000,9000,109000,109000
063148,建準元富9B購01  ,0,0,0,0,0,0,0,0,0,109000,0,0,0,294000,185000,109000,109000
063407,泰鼎國票9C購01  ,0,0,0,0,0,0,0,0,0,109000,0,0,0,114000,5000,109000,109000
063440,上銀統一01購02  ,0,0,0,0,0,0,0,0,0,109000,0,0,0,143000,34000,109000,109000
063481,緯穎元大9B購08  ,0,0,0,0,0,0,0,0,0,109000,0,0,0,127000,18000,109000,109000
063219,友達群益9B購03  ,0,0,0,0,0,0,0,0,0,109000,0,0,0,109000,0,109000,109000
6168,宏齊            ,153000,44000,109000,0,0,0,0,0,0,0,0,0,0,0,0,0,109000
07867P,晶技元大9B售01  ,0,0,0,0,0,0,0,0,0,108000,0,0,0,112000,4000,108000,108000
053172,瑞儀群益97購01  ,0,0,0,0,0,0,0,0,0,108000,0,0,0,108000,0,108000,108000
061272,超眾凱基9A購03  ,0,0,0,0,0,0,0,0,0,108000,0,0,0,118000,10000,108000,108000
057211,鴻海群益98購05  ,0,0,0,0,0,0,0,0,0,108000,0,0,0,108000,0,108000,108000
058833,台表科永豐99購01,0,0,0,0,0,0,0,0,0,108000,0,0,0,108000,0,108000,108000
063187,全新凱基9B購02  ,0,0,0,0,0,0,0,0,0,108000,0,0,0,222000,114000,108000,108000
064615,智邦元大01購01  ,0,0,0,0,0,0,0,0,0,108000,0,0,0,263000,155000,108000,108000
2538,基泰            ,208400,98000,110400,0,0,0,0,0,0,-3000,0,3000,-3000,0,0,0,107400
058664,百和兆豐99購01  ,0,0,0,0,0,0,0,0,0,107000,0,0,0,167000,60000,107000,107000
058739,喬山中信99購01  ,0,0,0,0,0,0,0,0,0,107000,0,0,0,127000,20000,107000,107000
060158,廣達永豐9A購01  ,0,0,0,0,0,0,0,0,0,107000,0,0,0,128000,21000,107000,107000
058141,嘉聯益元大99購05,0,0,0,0,0,0,0,0,0,107000,0,0,0,162000,55000,107000,107000
064723,大立光統一02購04,0,0,0,0,0,0,0,0,0,107000,0,0,0,198000,91000,107000,107000
064258,臻鼎國泰01購02  ,0,0,0,0,0,0,0,0,0,107000,0,0,0,110000,3000,107000,107000
063497,東元永豐9B購01  ,0,0,0,0,0,0,0,0,0,107000,0,0,0,107000,0,107000,107000
4106,雃博            ,354000,249000,105000,0,0,0,0,0,0,1000,1000,0,1000,0,0,0,106000
064929,台表科統一02購03,0,10000,-10000,0,0,0,0,0,0,116000,0,0,0,339000,223000,116000,106000
057232,京元電凱基98購02,0,0,0,0,0,0,0,0,0,106000,0,0,0,140000,34000,106000,106000
061377,聯發科永豐9A購04,0,0,0,0,0,0,0,0,0,106000,0,0,0,106000,0,106000,106000
054307,高鐵凱基98購01  ,0,0,0,0,0,0,0,0,0,106000,0,0,0,106000,0,106000,106000
061752,瑞昱台新9B購01  ,0,0,0,0,0,0,0,0,0,106000,0,0,0,144000,38000,106000,106000
060166,佐登永豐9A購01  ,0,0,0,0,0,0,0,0,0,106000,0,0,0,106000,0,106000,106000
058897,國巨元大99購17  ,0,0,0,0,0,0,0,0,0,106000,0,0,0,124000,18000,106000,106000
05890P,彩晶元大99售01  ,0,0,0,0,0,0,0,0,0,106000,0,0,0,106000,0,106000,106000
059647,超眾凱基99購04  ,0,0,0,0,0,0,0,0,0,106000,0,0,0,133000,27000,106000,106000
064641,神隆凱基9C購01  ,0,0,0,0,0,0,0,0,0,106000,0,0,0,323000,217000,106000,106000
063782,致新永豐9B購02  ,0,0,0,0,0,0,0,0,0,106000,0,0,0,216000,110000,106000,106000
064884,台表科第一9C購01,0,0,0,0,0,0,0,0,0,105000,0,0,0,105000,0,105000,105000
07147P,高鐵元大99售01  ,0,0,0,0,0,0,0,0,0,105000,0,0,0,105000,0,105000,105000
1730,花仙子          ,113000,8000,105000,0,0,0,0,0,0,0,0,0,0,0,0,0,105000
08225P,臺股指凱基9B售20,0,0,0,0,0,0,0,0,0,105000,0,0,0,167000,62000,105000,105000
057404,貿聯群益99購01  ,0,0,0,0,0,0,0,0,0,105000,0,0,0,199000,94000,105000,105000
061308,元金2X中信9A購01,0,0,0,0,0,0,0,0,0,105000,0,0,0,125000,20000,105000,105000
056977,國巨群益9A購01  ,0,0,0,0,0,0,0,0,0,105000,0,0,0,105000,0,105000,105000
058598,T50反1元大99購04,0,0,0,0,0,0,0,0,0,105000,0,0,0,125000,20000,105000,105000
058769,友達兆豐99購01  ,0,0,0,0,0,0,0,0,0,105000,0,0,0,125000,20000,105000,105000
058719,智邦元富99購01  ,0,0,0,0,0,0,0,0,0,105000,0,0,0,105000,0,105000,105000
060819,國巨統一9C購04  ,0,0,0,0,0,0,0,0,0,105000,0,0,0,115000,10000,105000,105000
063991,南六永豐9C購02  ,0,0,0,0,0,0,0,0,0,105000,0,0,0,173000,68000,105000,105000
06461P,玉晶光國泰9A售01,0,0,0,0,0,0,0,0,0,105000,0,0,0,105000,0,105000,105000
2331,精英            ,181000,78000,103000,0,0,0,0,0,0,1000,1000,0,1000,0,0,0,104000
057601,中磊群益98購01  ,0,0,0,0,0,0,0,0,0,104000,0,0,0,350000,246000,104000,104000
056470,旺宏元大99購01  ,0,0,0,0,0,0,0,0,0,104000,0,0,0,172000,68000,104000,104000
055259,玉晶光統一9A購01,0,0,0,0,0,0,0,0,0,104000,0,0,0,148000,44000,104000,104000
060287,燿華元大9A購01  ,0,0,0,0,0,0,0,0,0,104000,0,0,0,104000,0,104000,104000
058385,創意中信99購01  ,0,0,0,0,0,0,0,0,0,104000,0,0,0,224000,120000,104000,104000
062156,美律凱基9B購01  ,0,0,0,0,0,0,0,0,0,104000,0,0,0,193000,89000,104000,104000
060982,旺宏元大9A購09  ,0,0,0,0,0,0,0,0,0,104000,0,0,0,137000,33000,104000,104000
064368,日月光統一01購01,0,0,0,0,0,0,0,0,0,104000,0,0,0,104000,0,104000,104000
063998,聯發科兆豐9C購02,0,0,0,0,0,0,0,0,0,104000,0,0,0,282000,178000,104000,104000
064000,台郡兆豐9C購01  ,0,0,0,0,0,0,0,0,0,104000,0,0,0,189000,85000,104000,104000
063556,儒鴻元大9B購02  ,0,0,0,0,0,0,0,0,0,104000,0,0,0,104000,0,104000,104000
061873,友達元大9C購07  ,0,0,0,0,0,0,0,0,0,104000,0,0,0,130000,26000,104000,104000
062344,力山群益9B購02  ,0,0,0,0,0,0,0,0,0,104000,0,0,0,105000,1000,104000,104000
056512,易華電永豐98購01,0,0,0,0,0,0,0,0,0,103000,0,0,0,103000,0,103000,103000
060385,台勝科凱基9A購01,0,0,0,0,0,0,0,0,0,103000,0,0,0,238000,135000,103000,103000
060289,京元電元大9A購01,0,40000,-40000,0,0,0,0,0,0,143000,0,0,0,153000,10000,143000,103000
060339,國巨統一01購01  ,0,0,0,0,0,0,0,0,0,103000,0,0,0,103000,0,103000,103000
2402,毅嘉            ,176000,63000,113000,0,0,0,0,0,0,-11000,0,11000,-11000,0,0,0,102000
06763P,技嘉元大98售05  ,0,0,0,0,0,0,0,0,0,102000,0,0,0,141000,39000,102000,102000
057602,聯茂群益98購02  ,0,0,0,0,0,0,0,0,0,102000,0,0,0,102000,0,102000,102000
055910,瑞昱凱基98購01  ,0,0,0,0,0,0,0,0,0,102000,0,0,0,126000,24000,102000,102000
058379,臺股指凱基99購14,0,0,0,0,0,0,0,0,0,102000,0,0,0,417000,315000,102000,102000
058195,鈺齊永豐99購01  ,0,0,0,0,0,0,0,0,0,102000,0,0,0,102000,0,102000,102000
063825,道瓊銀國票01購01,0,0,0,0,0,0,0,0,0,102000,0,0,0,102000,0,102000,102000
064628,南六元大9C購05  ,0,0,0,0,0,0,0,0,0,102000,0,0,0,102000,0,102000,102000
07760P,力山永豐9A售03  ,0,0,0,0,0,0,0,0,0,101000,0,0,0,105000,4000,101000,101000
1702,南僑            ,168000,69000,99000,0,0,0,0,0,0,2000,2000,0,2000,0,0,0,101000
057641,旺宏元大98購10  ,0,0,0,0,0,0,0,0,0,101000,0,0,0,104000,3000,101000,101000
057701,嘉聯益群益98購02,0,0,0,0,0,0,0,0,0,101000,0,0,0,101000,0,101000,101000
055337,超眾兆豐98購01  ,0,0,0,0,0,0,0,0,0,101000,0,0,0,210000,109000,101000,101000
064127,聯發科元大9C購06,0,0,0,0,0,0,0,0,0,101000,0,0,0,107000,6000,101000,101000
062633,亞光國票9B購01  ,0,0,0,0,0,0,0,0,0,101000,0,0,0,231000,130000,101000,101000
08314P,國巨元大9C售14  ,0,0,0,0,0,0,0,0,0,100000,0,0,0,100000,0,100000,100000
07842P,力成元大9A售01  ,0,0,0,0,0,0,0,0,0,100000,0,0,0,100000,0,100000,100000
07458P,長榮航元大9A售01,0,0,0,0,0,0,0,0,0,100000,0,0,0,100000,0,100000,100000
07712P,茂林元大9A售03  ,0,0,0,0,0,0,0,0,0,100000,0,0,0,100000,0,100000,100000
07117P,SGBR2X凱基9C售01,0,0,0,0,0,0,0,0,0,100000,0,0,0,100000,0,100000,100000
07334P,臺股指國票99售19,0,0,0,0,0,0,0,0,0,100000,0,0,0,115000,15000,100000,100000
06680P,智邦元大98售06  ,0,0,0,0,0,0,0,0,0,100000,0,0,0,100000,0,100000,100000
053282,彩晶元大9C購01  ,0,0,0,0,0,0,0,0,0,100000,0,0,0,100000,0,100000,100000
055214,聯電凱基97購02  ,0,0,0,0,0,0,0,0,0,100000,0,0,0,100000,0,100000,100000
053114,聯茂兆豐97購01  ,0,0,0,0,0,0,0,0,0,100000,0,0,0,100000,0,100000,100000
057340,玉晶光元富98購04,0,0,0,0,0,0,0,0,0,100000,0,0,0,100000,0,100000,100000
055036,中工富邦9B購01  ,0,0,0,0,0,0,0,0,0,100000,0,0,0,150000,50000,100000,100000
054872,瀚宇博群益98購01,0,0,0,0,0,0,0,0,0,100000,0,0,0,100000,0,100000,100000
056876,群創凱基98購11  ,0,0,0,0,0,0,0,0,0,100000,0,0,0,100000,0,100000,100000
056999,元油2X國票98購02,0,0,0,0,0,0,0,0,0,100000,0,0,0,100000,0,100000,100000
060037,鴻海國票99購10  ,0,0,0,0,0,0,0,0,0,100000,0,0,0,100000,0,100000,100000
058705,長榮航元大99購01,0,0,0,0,0,0,0,0,0,100000,0,0,0,100000,0,100000,100000
060121,新光金富邦99購01,0,0,0,0,0,0,0,0,0,100000,0,0,0,100000,0,100000,100000
060380,T50反1凱基9A購08,0,0,0,0,0,0,0,0,0,100000,0,0,0,100000,0,100000,100000
060300,佐登國泰9B購01  ,0,0,0,0,0,0,0,0,0,100000,0,0,0,100000,0,100000,100000
060804,T50反1群益9A購02,0,0,0,0,0,0,0,0,0,100000,0,0,0,100000,0,100000,100000
062114,GIS國票9C購01   ,0,0,0,0,0,0,0,0,0,100000,0,0,0,200000,100000,100000,100000
061774,T50反1國票9B購06,0,0,0,0,0,0,0,0,0,100000,0,0,0,105000,5000,100000,100000
061829,T50反1凱基9C購02,0,0,0,0,0,0,0,0,0,100000,0,0,0,100000,0,100000,100000
057974,上銀永豐98購02  ,0,0,0,0,0,0,0,0,0,100000,0,0,0,100000,0,100000,100000
062398,建準永豐9B購01  ,0,0,0,0,0,0,0,0,0,100000,0,0,0,103000,3000,100000,100000
063174,臺股指中信01購04,0,0,0,0,0,0,0,0,0,100000,0,0,0,100000,0,100000,100000
063087,南六凱基9C購02  ,0,0,0,0,0,0,0,0,0,100000,0,0,0,100000,0,100000,100000
063836,台塑元大9C購01  ,0,0,0,0,0,0,0,0,0,100000,0,0,0,158000,58000,100000,100000
063628,華通元大9B購09  ,0,0,0,0,0,0,0,0,0,100000,0,0,0,100000,0,100000,100000
06474P,鴻海富邦98售03  ,0,0,0,0,0,0,0,0,0,100000,0,0,0,100000,0,100000,100000
064799,裕隆元大9C購02  ,0,0,0,0,0,0,0,0,0,99000,0,0,0,198000,99000,99000,99000
07641P,上銀凱基9A售05  ,0,0,0,0,0,0,0,0,0,99000,0,0,0,100000,1000,99000,99000
08144P,臺股指凱基02售03,0,0,0,0,0,0,0,0,0,99000,0,0,0,100000,1000,99000,99000
1707,葡萄王          ,131000,44000,87000,0,0,0,0,0,0,12000,0,0,0,13000,1000,12000,99000
1220,台榮            ,94000,0,94000,0,0,0,0,0,0,5000,5000,0,5000,0,0,0,99000
056309,合勤控元大97購01,0,0,0,0,0,0,0,0,0,99000,0,0,0,161000,62000,99000,99000
054894,GIS統一97購01   ,0,0,0,0,0,0,0,0,0,99000,0,0,0,99000,0,99000,99000
047885,元金2X富邦99購01,0,0,0,0,0,0,0,0,0,99000,0,0,0,109000,10000,99000,99000
062148,奇鋐國票9B購01  ,0,0,0,0,0,0,0,0,0,99000,0,0,0,99000,0,99000,99000
058749,康控凱基99購03  ,0,0,0,0,0,0,0,0,0,99000,0,0,0,99000,0,99000,99000
064240,群創統一02購02  ,0,0,0,0,0,0,0,0,0,99000,0,0,0,147000,48000,99000,99000
063531,台表科凱基9B購04,0,0,0,0,0,0,0,0,0,99000,0,0,0,126000,27000,99000,99000
064091,台郡凱基01購01  ,0,0,0,0,0,0,0,0,0,99000,0,0,0,99000,0,99000,99000
062907,可成元大9C購03  ,0,0,0,0,0,0,0,0,0,99000,0,0,0,140000,41000,99000,99000
063228,聯茂群益9B購01  ,0,0,0,0,0,0,0,0,0,99000,0,0,0,99000,0,99000,99000
063314,美律群益9B購01  ,0,0,0,0,0,0,0,0,0,99000,0,0,0,153000,54000,99000,99000
3003,健和興          ,163000,65000,98000,0,0,0,0,0,0,0,0,0,0,0,0,0,98000
07579P,聯茂元大9A售01  ,0,0,0,0,0,0,0,0,0,98000,0,0,0,174000,76000,98000,98000
055338,GIS兆豐97購01   ,0,0,0,0,0,0,0,0,0,98000,0,0,0,100000,2000,98000,98000
053582,英業達元大97購01,0,0,0,0,0,0,0,0,0,98000,0,0,0,148000,50000,98000,98000
06125P,楠梓電元富99售01,0,0,0,0,0,0,0,0,0,98000,0,0,0,98000,0,98000,98000
061521,亞光兆豐9A購02  ,0,0,0,0,0,0,0,0,0,98000,0,0,0,404000,306000,98000,98000
058672,可成群益9B購02  ,0,0,0,0,0,0,0,0,0,98000,0,0,0,98000,0,98000,98000
058670,鴻海群益9A購03  ,0,0,0,0,0,0,0,0,0,98000,0,0,0,98000,0,98000,98000
058589,群創中信01購01  ,0,0,0,0,0,0,0,0,0,98000,0,0,0,98000,0,98000,98000
062088,緯穎元大9B購04  ,0,0,0,0,0,0,0,0,0,98000,0,0,0,179000,81000,98000,98000
062075,智邦元大9B購03  ,0,0,0,0,0,0,0,0,0,98000,0,0,0,145000,47000,98000,98000
058082,美律群益98購05  ,0,0,0,0,0,0,0,0,0,98000,0,0,0,98000,0,98000,98000
057934,華新科群益98購07,0,0,0,0,0,0,0,0,0,98000,0,0,0,99000,1000,98000,98000
062270,上銀群益9B購03  ,0,0,0,0,0,0,0,0,0,98000,0,0,0,102000,4000,98000,98000
060425,凌華永豐9A購01  ,0,0,0,0,0,0,0,0,0,98000,0,0,0,518000,420000,98000,98000
062532,聯詠統一9C購01  ,0,0,0,0,0,0,0,0,0,98000,0,0,0,180000,82000,98000,98000
062832,嘉澤群益9B購02  ,0,0,0,0,0,0,0,0,0,98000,0,0,0,196000,98000,98000,98000
063900,GIS群益9C購03   ,0,0,0,0,0,0,0,0,0,98000,0,0,0,98000,0,98000,98000
064887,嘉晶中信9C購02  ,0,0,0,0,0,0,0,0,0,97000,0,0,0,117000,20000,97000,97000
2444,兆勁            ,116000,19000,97000,0,0,0,0,0,0,0,0,0,0,0,0,0,97000
1720,生達            ,569000,472000,97000,0,0,0,0,0,0,0,2000,2000,0,0,0,0,97000
056823,智伸科永豐98購01,0,0,0,0,0,0,0,0,0,97000,0,0,0,103000,6000,97000,97000
057423,台郡凱基98購06  ,0,0,0,0,0,0,0,0,0,97000,0,0,0,97000,0,97000,97000
056521,群創日盛98購01  ,0,0,0,0,0,0,0,0,0,97000,0,0,0,97000,0,97000,97000
03050X,元展47          ,0,0,0,0,0,0,0,0,0,97000,0,0,0,97000,0,97000,97000
057963,緯穎元大98購08  ,0,0,0,0,0,0,0,0,0,97000,0,0,0,97000,0,97000,97000
061732,智邦中信9B購01  ,0,0,0,0,0,0,0,0,0,97000,0,0,0,128000,31000,97000,97000
059524,FBVIX凱基9A購02 ,0,0,0,0,0,0,0,0,0,97000,0,0,0,131000,34000,97000,97000
064122,國巨元大9C購17  ,0,0,0,0,0,0,0,0,0,97000,0,0,0,405000,308000,97000,97000
064205,台灣50凱基01購14,0,0,0,0,0,0,0,0,0,97000,0,0,0,97000,0,97000,97000
062782,聯發科元大9B購12,0,0,0,0,0,0,0,0,0,97000,0,0,0,253000,156000,97000,97000
062762,聯詠凱基9B購02  ,0,0,0,0,0,0,0,0,0,97000,0,0,0,154000,57000,97000,97000
3669,圓展            ,573000,477000,96000,0,0,0,0,0,0,0,0,0,0,0,0,0,96000
3543,州巧            ,96000,0,96000,0,0,0,0,0,0,0,0,0,0,0,0,0,96000
07670P,茂林元大9A售02  ,0,0,0,0,0,0,0,0,0,96000,0,0,0,100000,4000,96000,96000
046629,群創統一98購01  ,0,0,0,0,0,0,0,0,0,96000,0,0,0,127000,31000,96000,96000
053660,群創凱基98購08  ,0,0,0,0,0,0,0,0,0,96000,0,0,0,147000,51000,96000,96000
060900,超眾凱基9B購01  ,0,0,0,0,0,0,0,0,0,96000,0,0,0,102000,6000,96000,96000
057888,貿聯群益98購02  ,0,0,0,0,0,0,0,0,0,96000,0,0,0,154000,58000,96000,96000
062503,玉晶光群益01購03,0,0,0,0,0,0,0,0,0,96000,0,0,0,103000,7000,96000,96000
062967,上銀元富9B購01  ,0,0,0,0,0,0,0,0,0,96000,0,0,0,105000,9000,96000,96000
063916,瀚宇博凱基01購01,0,0,0,0,0,0,0,0,0,96000,0,0,0,146000,50000,96000,96000
064865,美律永豐9C購02  ,0,0,0,0,0,0,0,0,0,95000,0,0,0,95000,0,95000,95000
4564,元翎            ,112000,17000,95000,0,0,0,0,0,0,0,0,0,0,0,0,0,95000
3031,佰鴻            ,120000,27000,93000,0,0,0,0,0,0,2000,2000,0,2000,0,0,0,95000
08085P,華通凱基9B售04  ,0,0,0,0,0,0,0,0,0,95000,0,0,0,95000,0,95000,95000
053770,元金2X元大98購01,0,0,0,0,0,0,0,0,0,95000,0,0,0,95000,0,95000,95000
056746,超眾凱基99購01  ,0,0,0,0,0,0,0,0,0,95000,0,0,0,177000,82000,95000,95000
058052,南電元大98購02  ,0,0,0,0,0,0,0,0,0,95000,0,0,0,95000,0,95000,95000
062031,臻鼎群益9B購01  ,0,0,0,0,0,0,0,0,0,95000,0,0,0,602000,507000,95000,95000
060513,緯穎元大9B購01  ,0,0,0,0,0,0,0,0,0,95000,0,0,0,194000,99000,95000,95000
061123,燿華永豐9A購01  ,0,0,0,0,0,0,0,0,0,95000,0,0,0,135000,40000,95000,95000
059008,鈺齊元大99購03  ,0,0,0,0,0,0,0,0,0,95000,0,0,0,100000,5000,95000,95000
063929,高鐵統一02購01  ,0,0,0,0,0,0,0,0,0,95000,0,0,0,95000,0,95000,95000
063612,金像電群益9B購04,0,0,0,0,0,0,0,0,0,95000,0,0,0,95000,0,95000,95000
064199,南六群益01購01  ,0,0,0,0,0,0,0,0,0,95000,0,0,0,95000,0,95000,95000
064265,嘉聯益永豐9C購02,0,0,0,0,0,0,0,0,0,95000,0,0,0,198000,103000,95000,95000
064692,嘉晶群益9C購03  ,0,0,0,0,0,0,0,0,0,95000,0,0,0,105000,10000,95000,95000
062913,創意元大9B購02  ,0,0,0,0,0,0,0,0,0,95000,0,0,0,186000,91000,95000,95000
6024,群益期          ,104000,9000,95000,0,0,0,0,0,0,0,0,0,0,0,0,0,95000
08378P,世紀鋼元富9C售02,0,0,0,0,0,0,0,0,0,94000,0,0,0,114000,20000,94000,94000
056088,台郡統一97購02  ,0,0,0,0,0,0,0,0,0,94000,0,0,0,94000,0,94000,94000
060913,宏達電元大9A購03,0,0,0,0,0,0,0,0,0,94000,0,0,0,102000,8000,94000,94000
060309,佳世達永豐9A購01,0,0,0,0,0,0,0,0,0,94000,0,0,0,162000,68000,94000,94000
061087,國巨統一01購04  ,0,0,0,0,0,0,0,0,0,94000,0,0,0,114000,20000,94000,94000
063323,同欣電群益9B購03,0,0,0,0,0,0,0,0,0,94000,0,0,0,96000,2000,94000,94000
064693,玉晶光群益01購06,0,0,0,0,0,0,0,0,0,94000,0,0,0,124000,30000,94000,94000
063676,上銀國泰9C購02  ,0,0,0,0,0,0,0,0,0,94000,0,0,0,136000,42000,94000,94000
2207,和泰車          ,210780,115059,95721,0,0,0,0,0,0,-2000,1000,3000,-2000,0,0,0,93721
2548,華固            ,315000,176000,139000,0,0,0,0,70000,-70000,24000,24000,0,24000,0,0,0,93000
08160P,茂林元富9B售03  ,0,0,0,0,0,0,0,0,0,93000,0,0,0,94000,1000,93000,93000
056605,台積電富邦9B購02,0,0,0,0,0,0,0,0,0,93000,0,0,0,403000,310000,93000,93000
057491,美食元大98購03  ,0,0,0,0,0,0,0,0,0,93000,0,0,0,93000,0,93000,93000
055536,嘉聯益群益99購02,0,0,0,0,0,0,0,0,0,93000,0,0,0,113000,20000,93000,93000
062051,上銀統一9C購02  ,0,0,0,0,0,0,0,0,0,93000,0,0,0,93000,0,93000,93000
061813,鴻海群益9B購02  ,0,0,0,0,0,0,0,0,0,93000,0,0,0,98000,5000,93000,93000
061486,國巨兆豐9B購02  ,0,0,0,0,0,0,0,0,0,93000,0,0,0,147000,54000,93000,93000
060942,智邦國票9A購02  ,0,0,0,0,0,0,0,0,0,93000,0,0,0,93000,0,93000,93000
059848,智邦永豐99購01  ,0,0,0,0,0,0,0,0,0,93000,0,0,0,93000,0,93000,93000
058865,群創凱基01購01  ,0,0,0,0,0,0,0,0,0,93000,0,0,0,130000,37000,93000,93000
063955,TPK元大9C購01   ,0,0,0,0,0,0,0,0,0,93000,0,0,0,155000,62000,93000,93000
062404,新唐永豐9B購01  ,0,0,0,0,0,0,0,0,0,93000,0,0,0,96000,3000,93000,93000
2636,台驊投控        ,177000,91000,86000,0,0,0,0,0,0,6000,25000,19000,6000,0,0,0,92000
07148P,富邦金元大99售01,0,0,0,0,0,0,0,0,0,92000,0,0,0,92000,0,92000,92000
054212,聯詠國票97購03  ,0,0,0,0,0,0,0,0,0,92000,0,0,0,130000,38000,92000,92000
055917,禾伸堂凱基98購02,0,0,0,0,0,0,0,0,0,92000,0,0,0,92000,0,92000,92000
055874,中環元富9A購01  ,0,0,0,0,0,0,0,0,0,92000,0,0,0,626000,534000,92000,92000
057552,禾伸堂凱基98購05,0,0,0,0,0,0,0,0,0,92000,0,0,0,92000,0,92000,92000
055707,聯鈞永豐98購01  ,0,0,0,0,0,0,0,0,0,92000,0,0,0,92000,0,92000,92000
058361,美律凱基99購06  ,0,0,0,0,0,0,0,0,0,92000,0,0,0,192000,100000,92000,92000
062561,瀚宇博凱基9B購01,0,0,0,0,0,0,0,0,0,92000,0,0,0,92000,0,92000,92000
062938,聯發科凱基9B購10,0,0,0,0,0,0,0,0,0,92000,0,0,0,121000,29000,92000,92000
064682,嘉聯益兆豐01購01,0,0,0,0,0,0,0,0,0,92000,0,0,0,516000,424000,92000,92000
4532,瑞智            ,254000,143000,111000,0,0,0,0,0,0,-20000,1000,21000,-20000,0,0,0,91000
1527,鑽全            ,111000,20000,91000,0,0,0,0,0,0,0,0,0,0,0,0,0,91000
057818,泰碩元大9A購01  ,0,0,0,0,0,0,0,0,0,91000,0,0,0,141000,50000,91000,91000
056206,泰鼎永豐97購01  ,0,0,0,0,0,0,0,0,0,91000,0,0,0,91000,0,91000,91000
057778,大立光群益98購02,0,0,0,0,0,0,0,0,0,91000,0,0,0,136000,45000,91000,91000
058801,致伸元大99購01  ,0,0,0,0,0,0,0,0,0,91000,0,0,0,239000,148000,91000,91000
064752,台達電凱基01購01,0,0,0,0,0,0,0,0,0,91000,0,0,0,101000,10000,91000,91000
064739,智邦國票01購01  ,0,0,0,0,0,0,0,0,0,91000,0,0,0,94000,3000,91000,91000
063158,瑞昱台新9B購02  ,0,0,0,0,0,0,0,0,0,91000,0,0,0,91000,0,91000,91000
2478,大毅            ,514500,358000,156500,0,0,0,0,0,0,-66000,0,0,0,30000,96000,-66000,90500
3712,永崴投控        ,1151000,1061000,90000,0,0,0,0,0,0,0,0,0,0,0,0,0,90000
08367P,臺股指凱基9C售11,0,0,0,0,0,0,0,0,0,90000,0,0,0,238000,148000,90000,90000
06925P,致茂群益9A售02  ,0,0,0,0,0,0,0,0,0,90000,0,0,0,96000,6000,90000,90000
06934P,聯鈞元大98售03  ,0,0,0,0,0,0,0,0,0,90000,0,0,0,90000,0,90000,90000
064974,燿華元大9C購03  ,0,0,0,0,0,0,0,0,0,90000,0,0,0,91000,1000,90000,90000
056448,全新凱基99購01  ,0,0,0,0,0,0,0,0,0,90000,0,0,0,126000,36000,90000,90000
054217,台表科國票97購05,0,0,0,0,0,0,0,0,0,90000,0,0,0,90000,0,90000,90000
054928,帆宣凱基98購01  ,0,0,0,0,0,0,0,0,0,90000,0,0,0,90000,0,90000,90000
053040,全新凱基98購01  ,0,0,0,0,0,0,0,0,0,90000,0,0,0,100000,10000,90000,90000
050400,臻鼎中信97購01  ,0,0,0,0,0,0,0,0,0,90000,0,0,0,90000,0,90000,90000
057431,京鼎兆豐98購02  ,0,0,0,0,0,0,0,0,0,90000,0,0,0,126000,36000,90000,90000
056672,元油2X元富98購10,0,0,0,0,0,0,0,0,0,90000,0,0,0,90000,0,90000,90000
056767,大毅元大99購01  ,0,0,0,0,0,0,0,0,0,90000,0,0,0,211000,121000,90000,90000
057269,鈺齊兆豐98購01  ,0,0,0,0,0,0,0,0,0,90000,0,0,0,110000,20000,90000,90000
061600,聯電凱基9B購01  ,0,0,0,0,0,0,0,0,0,90000,0,0,0,140000,50000,90000,90000
060033,臻鼎永豐99購01  ,0,0,0,0,0,0,0,0,0,90000,0,0,0,90000,0,90000,90000
057973,神達富邦9A購01  ,0,0,0,0,0,0,0,0,0,90000,0,0,0,90000,0,90000,90000
062221,奇力新統一01購01,0,0,0,0,0,0,0,0,0,90000,0,0,0,90000,0,90000,90000
064569,群創群益9C購01  ,0,0,0,0,0,0,0,0,0,90000,0,0,0,210000,120000,90000,90000
064204,瑞儀兆豐01購01  ,0,0,0,0,0,0,0,0,0,90000,0,0,0,447000,357000,90000,90000
2362,藍天            ,204100,97000,107100,0,0,0,0,0,0,-18000,0,33000,-33000,15000,0,15000,89100
064950,美律凱基02購01  ,0,0,0,0,0,0,0,0,0,89000,0,0,0,99000,10000,89000,89000
054563,泰碩群益99購01  ,0,0,0,0,0,0,0,0,0,89000,0,0,0,139000,50000,89000,89000
062238,臻鼎凱基9C購01  ,0,0,0,0,0,0,0,0,0,89000,0,0,0,141000,52000,89000,89000
061771,玉晶光元大9C購04,0,0,0,0,0,0,0,0,0,89000,0,0,0,114000,25000,89000,89000
060419,漢翔永豐9A購01  ,0,0,0,0,0,0,0,0,0,89000,0,0,0,89000,0,89000,89000
061035,亞光永豐9A購01  ,0,0,0,0,0,0,0,0,0,89000,0,0,0,89000,0,89000,89000
06067P,華新科康和97售01,0,0,0,0,0,0,0,0,0,89000,0,0,0,89000,0,89000,89000
060665,康控凱基9A購01  ,0,0,0,0,0,0,0,0,0,89000,0,0,0,122000,33000,89000,89000
060127,牧德永豐99購02  ,0,0,0,0,0,0,0,0,0,89000,0,0,0,89000,0,89000,89000
064623,創意元大9C購04  ,0,0,0,0,0,0,0,0,0,89000,0,0,0,106000,17000,89000,89000
063695,上銀第一9B購01  ,0,0,0,0,0,0,0,0,0,89000,0,0,0,89000,0,89000,89000
063317,大立光群益9B購06,0,0,0,0,0,0,0,0,0,89000,0,0,0,91000,2000,89000,89000
06564P,國巨富邦9A售04  ,0,0,0,0,0,0,0,0,0,88000,0,0,0,93000,5000,88000,88000
2897,王道銀行        ,108000,20000,88000,0,0,0,0,0,0,0,0,0,0,0,0,0,88000
055215,智邦凱基98購02  ,0,0,0,0,0,0,0,0,0,88000,0,0,0,88000,0,88000,88000
061549,泰碩群益9A購01  ,0,0,0,0,0,0,0,0,0,88000,0,0,0,128000,40000,88000,88000
061245,晶技群益9A購01  ,0,0,0,0,0,0,0,0,0,88000,0,0,0,108000,20000,88000,88000
057266,TPK兆豐98購02   ,0,0,0,0,0,0,0,0,0,88000,0,0,0,178000,90000,88000,88000
058771,神達兆豐99購01  ,0,0,0,0,0,0,0,0,0,88000,0,0,0,110000,22000,88000,88000
059425,SGBR2X元大9A購02,0,0,0,0,0,0,0,0,0,88000,0,0,0,245000,157000,88000,88000
058005,茂林群益98購04  ,0,0,0,0,0,0,0,0,0,88000,0,0,0,98000,10000,88000,88000
057964,緯穎元大99購03  ,0,0,0,0,0,0,0,0,0,88000,0,0,0,88000,0,88000,88000
061880,台郡元大9B購02  ,0,0,0,0,0,0,0,0,0,88000,0,0,0,116000,28000,88000,88000
062488,台光電永豐9B購02,0,0,0,0,0,0,0,0,0,88000,0,0,0,98000,10000,88000,88000
063507,奇鋐群益9B購02  ,0,0,0,0,0,0,0,0,0,88000,0,0,0,118000,30000,88000,88000
064079,英業達中信9C購01,0,0,0,0,0,0,0,0,0,88000,0,0,0,155000,67000,88000,88000
064238,玉晶光統一01購08,0,0,0,0,0,0,0,0,0,88000,0,0,0,170000,82000,88000,88000
064263,貿聯永豐9C購01  ,0,0,0,0,0,0,0,0,0,88000,0,0,0,94000,6000,88000,88000
2038,海光            ,94000,7000,87000,0,0,0,0,0,0,0,0,0,0,0,0,0,87000
07952P,富邦金元大9B售02,0,0,0,0,0,0,0,0,0,87000,0,0,0,87000,0,87000,87000
057042,台積電元大98購10,0,0,0,0,0,0,0,0,0,87000,0,0,0,300000,213000,87000,87000
00737,國泰AI+Robo     ,0,60000,-60000,0,0,0,0,0,0,147000,0,0,0,201000,54000,147000,87000
064052,創意統一01購02  ,0,0,0,0,0,0,0,0,0,87000,0,0,0,509000,422000,87000,87000
063508,緯創群益9B購01  ,0,0,0,0,0,0,0,0,0,87000,0,0,0,93000,6000,87000,87000
063733,聯發科元大9B購27,0,0,0,0,0,0,0,0,0,87000,0,0,0,468000,381000,87000,87000
063465,友達元大9C購10  ,0,0,0,0,0,0,0,0,0,87000,0,0,0,185000,98000,87000,87000
064864,金像電永豐01購01,0,0,0,0,0,0,0,0,0,86000,0,0,0,86000,0,86000,86000
057085,立積統一9B購02  ,15000,20000,-5000,0,0,0,0,0,0,91000,0,0,0,407000,316000,91000,86000
057525,光磊元大99購01  ,0,0,0,0,0,0,0,0,0,86000,0,0,0,100000,14000,86000,86000
061055,康控群益9A購01  ,0,0,0,0,0,0,0,0,0,86000,0,0,0,89000,3000,86000,86000
060955,大立光群益9A購02,0,0,0,0,0,0,0,0,0,86000,0,0,0,100000,14000,86000,86000
060899,超眾凱基9A購01  ,0,0,0,0,0,0,0,0,0,86000,0,0,0,86000,0,86000,86000
061483,TPK元大9A購01   ,0,0,0,0,0,0,0,0,0,86000,0,0,0,121000,35000,86000,86000
063149,聯發科元富05購02,0,0,0,0,0,0,0,0,0,86000,0,0,0,91000,5000,86000,86000
062372,旭富元大9B購01  ,0,0,0,0,0,0,0,0,0,86000,0,0,0,123000,37000,86000,86000
064344,緯創元大9C購01  ,0,0,0,0,0,0,0,0,0,86000,0,0,0,157000,71000,86000,86000
9935,慶豐富          ,603000,517000,86000,0,0,0,0,0,0,0,0,0,0,0,0,0,86000
064877,可成兆豐9C購02  ,0,0,0,0,0,0,0,0,0,85000,0,0,0,99000,14000,85000,85000
07580P,緯穎元大9A售03  ,0,0,0,0,0,0,0,0,0,85000,0,0,0,100000,15000,85000,85000
06766P,玉晶光元大99售10,0,0,0,0,0,0,0,0,0,85000,0,0,0,297000,212000,85000,85000
07130P,台郡元大9B售01  ,0,0,0,0,0,0,0,0,0,85000,0,0,0,85000,0,85000,85000
4952,凌通            ,97000,11000,86000,0,0,0,0,0,0,-1000,0,1000,-1000,0,0,0,85000
08135P,玉晶光國泰01售02,0,0,0,0,0,0,0,0,0,85000,0,0,0,85000,0,85000,85000
057526,智邦元大98購10  ,0,0,0,0,0,0,0,0,0,85000,0,0,0,125000,40000,85000,85000
056961,凱美永豐98購01  ,0,0,0,0,0,0,0,0,0,85000,0,0,0,85000,0,85000,85000
056395,玉晶光永豐9B購01,0,0,0,0,0,0,0,0,0,85000,0,0,0,148000,63000,85000,85000
057613,瑞昱元富02購02  ,0,0,0,0,0,0,0,0,0,85000,0,0,0,156000,71000,85000,85000
061355,康友元大9A購03  ,0,0,0,0,0,0,0,0,0,85000,0,0,0,136000,51000,85000,85000
061543,南亞科群益9A購01,0,0,0,0,0,0,0,0,0,85000,0,0,0,85000,0,85000,85000
061485,鴻海兆豐9A購01  ,0,0,0,0,0,0,0,0,0,85000,0,0,0,85000,0,85000,85000
058191,祥碩永豐99購01  ,0,0,0,0,0,0,0,0,0,85000,0,0,0,85000,0,85000,85000
059507,鴻海永豐99購03  ,0,0,0,0,0,0,0,0,0,85000,0,0,0,85000,0,85000,85000
058596,旺宏台新99購01  ,0,0,0,0,0,0,0,0,0,85000,0,0,0,85000,0,85000,85000
061937,聯發科國票9B購02,0,0,0,0,0,0,0,0,0,85000,0,0,0,85000,0,85000,85000
062405,泰鼎永豐9B購02  ,0,0,0,0,0,0,0,0,0,85000,0,0,0,98000,13000,85000,85000
062231,台光電麥證9C購01,0,0,0,86000,1000,85000,0,0,0,85000,0,0,0,86000,1000,85000,85000
062879,美食兆豐9B購01  ,0,0,0,0,0,0,0,0,0,85000,0,0,0,85000,0,85000,85000
063454,瑞儀統一9B購01  ,0,0,0,0,0,0,0,0,0,85000,0,0,0,151000,66000,85000,85000
063372,漢翔永豐9B購01  ,0,0,0,0,0,0,0,0,0,85000,0,0,0,85000,0,85000,85000
061515,泰碩永豐9A購03  ,0,0,0,0,0,0,0,0,0,84000,0,0,0,167000,83000,84000,84000
061418,世紀鋼群益9A購02,0,0,0,0,0,0,0,0,0,84000,0,0,0,199000,115000,84000,84000
055775,友達凱基9A購01  ,0,0,0,0,0,0,0,0,0,84000,0,0,0,84000,0,84000,84000
061032,金像電永豐9A購03,0,0,0,0,0,0,0,0,0,84000,0,0,0,116000,32000,84000,84000
064410,超眾凱基02購01  ,0,0,0,0,0,0,0,0,0,84000,0,0,0,221000,137000,84000,84000
064171,燿華元富9C購01  ,0,0,0,0,0,0,0,0,0,84000,0,0,0,85000,1000,84000,84000
064188,玉晶光永豐9C購02,0,0,0,0,0,0,0,0,0,84000,0,0,0,292000,208000,84000,84000
064004,全新凱基01購01  ,0,0,0,0,0,0,0,0,0,84000,0,0,0,100000,16000,84000,84000
063997,泰鼎群益9C購01  ,0,0,0,0,0,0,0,0,0,84000,0,0,0,184000,100000,84000,84000
2034,允強            ,128500,45000,83500,0,0,0,0,0,0,0,0,0,0,0,0,0,83500
08221P,台表科凱基9B售05,0,0,0,0,0,0,0,0,0,83000,0,0,0,106000,23000,83000,83000
07957P,晶技群益9B售02  ,0,0,0,0,0,0,0,0,0,83000,0,0,0,83000,0,83000,83000
064923,牧德統一02購01  ,0,0,0,0,0,0,0,0,0,83000,0,0,0,83000,0,83000,83000
056738,國巨凱基9A購02  ,0,0,0,0,0,0,0,0,0,83000,0,0,0,152000,69000,83000,83000
055653,聯詠元富01購02  ,0,0,0,0,0,0,0,0,0,83000,0,0,0,795000,712000,83000,83000
056292,統一元大97購01  ,0,0,0,0,0,0,0,0,0,83000,0,0,0,120000,37000,83000,83000
057199,台達電元富02購01,0,0,0,0,0,0,0,0,0,83000,0,0,0,100000,17000,83000,83000
061831,智邦凱基9B購02  ,0,0,0,0,0,0,0,0,0,83000,0,0,0,133000,50000,83000,83000
058803,世紀鋼元大99購03,0,0,0,0,0,0,0,0,0,83000,0,0,0,87000,4000,83000,83000
059630,美律凱基99購07  ,0,0,0,0,0,0,0,0,0,83000,0,0,0,83000,0,83000,83000
058292,上銀凱基9A購01  ,0,0,0,0,0,0,0,0,0,83000,0,0,0,83000,0,83000,83000
058160,奇鋐元富99購01  ,0,0,0,0,0,0,0,0,0,83000,0,0,0,133000,50000,83000,83000
058642,旺宏麥證9A購01  ,0,0,0,83000,0,83000,0,0,0,83000,0,0,0,83000,0,83000,83000
064529,友達中信01購03  ,0,0,0,0,0,0,0,0,0,83000,0,0,0,131000,48000,83000,83000
062922,南六元大9B購03  ,0,0,0,0,0,0,0,0,0,83000,0,0,0,152000,69000,83000,83000
063068,聯發科國泰01購03,0,0,0,0,0,0,0,0,0,83000,0,0,0,83000,0,83000,83000
2395,研華            ,157657,51168,106489,0,0,0,0,24000,-24000,0,0,0,0,0,0,0,82489
2617,台航            ,184000,102000,82000,0,0,0,0,0,0,0,0,0,0,0,0,0,82000
08181P,華新科國泰9C售02,0,0,0,0,0,0,0,0,0,82000,0,0,0,142000,60000,82000,82000
1522,堤維西          ,138000,56000,82000,0,0,0,0,0,0,0,0,0,0,0,0,0,82000
057102,亞光中信9A購01  ,0,0,0,0,0,0,0,0,0,82000,0,0,0,182000,100000,82000,82000
063040,聯詠凱基9B購03  ,0,0,0,0,0,0,0,0,0,82000,0,0,0,140000,58000,82000,82000
063291,緯穎元大01購01  ,0,0,0,0,0,0,0,0,0,82000,0,0,0,126000,44000,82000,82000
062667,立積群益9B購01  ,0,0,0,0,0,0,0,0,0,82000,0,0,0,234000,152000,82000,82000
064316,貿聯群益9C購02  ,0,0,0,0,0,0,0,0,0,82000,0,0,0,619000,537000,82000,82000
063921,大立光元富9C購03,0,0,0,0,0,0,0,0,0,82000,0,0,0,91000,9000,82000,82000
063815,玉晶光群益02購01,0,0,0,0,0,0,0,0,0,82000,0,0,0,153000,71000,82000,82000
2495,普安            ,145900,64000,81900,0,0,0,0,0,0,0,0,0,0,0,0,0,81900
061558,旺宏國票9B購02  ,0,0,0,0,0,0,0,0,0,81000,0,0,0,81000,0,81000,81000
056472,美律元大99購03  ,0,0,0,0,0,0,0,0,0,81000,0,0,0,249000,168000,81000,81000
061694,玉山金群益9A購01,0,0,0,0,0,0,0,0,0,81000,0,0,0,81000,0,81000,81000
064196,健策群益01購01  ,0,0,0,0,0,0,0,0,0,81000,0,0,0,81000,0,81000,81000
062184,奇鋐元大9B購02  ,0,0,0,0,0,0,0,0,0,81000,0,0,0,139000,58000,81000,81000
063111,TPK兆豐9B購01   ,0,0,0,0,0,0,0,0,0,81000,0,0,0,81000,0,81000,81000
1460,宏遠            ,439192,363000,76192,0,0,0,0,0,0,4000,4000,0,4000,0,0,0,80192
08006P,長榮航中信03售01,0,0,0,0,0,0,0,0,0,80000,0,0,0,100000,20000,80000,80000
08214P,南六統一9B售03  ,0,0,0,0,0,0,0,0,0,80000,0,0,0,773000,693000,80000,80000
06491P,台積電富邦99售02,0,0,0,0,0,0,0,0,0,80000,0,0,0,80000,0,80000,80000
065172,義隆元大9C購05  ,0,0,0,0,0,0,0,0,0,80000,0,0,0,100000,20000,80000,80000
07843P,緯穎元大9A售05  ,0,0,0,0,0,0,0,0,0,80000,0,0,0,200000,120000,80000,80000
07205P,鴻海凱基99售11  ,0,0,0,0,0,0,0,0,0,80000,0,0,0,80000,0,80000,80000
07014P,華通元大99售04  ,0,0,0,0,0,0,0,0,0,80000,0,0,0,80000,0,80000,80000
054974,台表科元大98購02,0,0,0,0,0,0,0,0,0,80000,0,0,0,86000,6000,80000,80000
052764,景碩群益98購01  ,0,0,0,0,0,0,0,0,0,80000,0,0,0,115000,35000,80000,80000
048382,T50反1國票96購01,0,0,0,0,0,0,0,0,0,80000,0,0,0,80000,0,80000,80000
057286,群創元大9B購05  ,0,0,0,0,0,0,0,0,0,80000,0,0,0,110000,30000,80000,80000
057589,超眾國票9A購01  ,0,0,0,0,0,0,0,0,0,80000,0,0,0,170000,90000,80000,80000
056103,聯發科永豐97購03,0,0,0,0,0,0,0,0,0,80000,0,0,0,80000,0,80000,80000
057999,智邦亞東99購02  ,0,0,0,0,0,0,0,0,0,80000,0,0,0,80000,0,80000,80000
061911,台積電中信05購04,0,0,0,0,0,0,0,0,0,80000,0,0,0,80000,0,80000,80000
059274,國巨元大99購22  ,0,0,0,0,0,0,0,0,0,80000,0,0,0,81000,1000,80000,80000
058207,南茂凱基99購01  ,0,0,0,0,0,0,0,0,0,80000,0,0,0,105000,25000,80000,80000
058908,貿聯元大99購03  ,0,0,0,0,0,0,0,0,0,80000,0,0,0,166000,86000,80000,80000
063088,緯穎凱基9B購04  ,0,0,0,0,0,0,0,0,0,80000,0,0,0,238000,158000,80000,80000
062951,鴻海永豐9B購02  ,0,0,0,0,0,0,0,0,0,80000,0,0,0,80000,0,80000,80000
062476,神隆國票9B購01  ,0,0,0,0,0,0,0,0,0,80000,0,0,0,129000,49000,80000,80000
064409,彩晶凱基04購01  ,0,0,0,0,0,0,0,0,0,80000,0,0,0,82000,2000,80000,80000
064493,南亞科元大9C購01,0,0,0,0,0,0,0,0,0,80000,0,0,0,80000,0,80000,80000
064592,同欣電永豐9C購01,0,0,0,0,0,0,0,0,0,80000,0,0,0,80000,0,80000,80000
6189,豐藝            ,109000,29000,80000,0,0,0,0,0,0,0,0,0,0,0,0,0,80000
07637P,國巨國票9A售08  ,0,0,0,0,0,0,0,0,0,79000,0,0,0,84000,5000,79000,79000
065047,群創凱基9C購01  ,0,0,0,0,0,0,0,0,0,79000,0,0,0,81000,2000,79000,79000
4576,大銀微系統      ,89000,10000,79000,0,0,0,0,0,0,0,0,0,0,0,0,0,79000
056963,建準永豐98購01  ,0,0,0,0,0,0,0,0,0,79000,0,0,0,93000,14000,79000,79000
060114,緯穎元大99購10  ,0,0,0,0,0,0,0,0,0,79000,0,0,0,79000,0,79000,79000
059519,台郡永豐99購01  ,0,0,0,0,0,0,0,0,0,79000,0,0,0,79000,0,79000,79000
060577,玉晶光中信9A購02,0,0,0,0,0,0,0,0,0,79000,0,0,0,97000,18000,79000,79000
063838,上銀元大9C購01  ,0,0,0,0,0,0,0,0,0,79000,0,0,0,147000,68000,79000,79000
063698,上銀群益9B購05  ,0,0,0,0,0,0,0,0,0,79000,0,0,0,79000,0,79000,79000
063667,全新統一01購02  ,0,0,0,0,0,0,0,0,0,79000,0,0,0,299000,220000,79000,79000
063647,超眾元大9B購02  ,0,0,0,0,0,0,0,0,0,79000,0,0,0,246000,167000,79000,79000
061979,友達元大9C購08  ,0,0,0,0,0,0,0,0,0,79000,0,0,0,104000,25000,79000,79000
063000,緯穎國票9B購03  ,0,0,0,0,0,0,0,0,0,79000,0,0,0,100000,21000,79000,79000
063220,建準群益9B購01  ,0,0,0,0,0,0,0,0,0,79000,0,0,0,80000,1000,79000,79000
2059,川湖            ,105000,27000,78000,0,0,0,0,0,0,0,0,0,0,0,0,0,78000
1310,台苯            ,379000,307000,72000,0,0,0,0,0,0,6000,1000,0,1000,5000,0,5000,78000
06813P,友訊元富98售03  ,0,0,0,0,0,0,0,0,0,78000,0,0,0,78000,0,78000,78000
057517,矽創元富98購02  ,0,0,0,0,0,0,0,0,0,78000,0,0,0,98000,20000,78000,78000
056699,光罩國泰99購01  ,0,0,0,0,0,0,0,0,0,78000,0,0,0,195000,117000,78000,78000
056163,嘉聯益凱基98購03,0,0,0,0,0,0,0,0,0,78000,0,0,0,78000,0,78000,78000
057320,玉晶光凱基98購01,0,0,0,0,0,0,0,0,0,78000,0,0,0,195000,117000,78000,78000
053122,美律凱基98購01  ,0,0,0,0,0,0,0,0,0,78000,0,0,0,78000,0,78000,78000
055108,智邦凱基98購01  ,0,0,0,0,0,0,0,0,0,78000,0,0,0,88000,10000,78000,78000
055614,華新科國票97購02,0,0,0,0,0,0,0,0,0,78000,0,0,0,78000,0,78000,78000
057972,群創富邦9C購01  ,0,0,0,0,0,0,0,0,0,78000,0,0,0,100000,22000,78000,78000
059938,凱美永豐99購01  ,0,0,0,0,0,0,0,0,0,78000,0,0,0,227000,149000,78000,78000
062188,貿聯元大9B購02  ,0,0,0,0,0,0,0,0,0,78000,0,0,0,101000,23000,78000,78000
062806,世芯統一02購01  ,0,0,0,0,0,0,0,0,0,78000,0,0,0,124000,46000,78000,78000
062514,玉晶光國票9C購02,0,0,0,0,0,0,0,0,0,78000,0,0,0,89000,11000,78000,78000
064012,泰碩國票01購02  ,0,0,0,0,0,0,0,0,0,78000,0,0,0,115000,37000,78000,78000
064047,義隆統一02購01  ,0,0,0,0,0,0,0,0,0,78000,0,0,0,78000,0,78000,78000
07424P,大立光元大9B售01,0,0,0,0,0,0,0,0,0,77000,0,0,0,90000,13000,77000,77000
06532P,友達元富98售04  ,0,0,0,0,0,0,0,0,0,77000,0,0,0,77000,0,77000,77000
08386P,臺股指群益9C售14,0,0,0,0,0,0,0,0,0,77000,0,0,0,190000,113000,77000,77000
4746,台耀            ,757000,680000,77000,0,0,0,0,0,0,0,2000,2000,0,0,0,0,77000
056552,台表科凱基99購01,0,0,0,0,0,0,0,0,0,77000,0,0,0,87000,10000,77000,77000
053292,美律中信98購01  ,0,0,0,0,0,0,0,0,0,77000,0,0,0,77000,0,77000,77000
061212,聯鈞元大9A購04  ,0,0,0,0,0,0,0,0,0,77000,0,0,0,190000,113000,77000,77000
056002,嘉晶永豐97購01  ,0,0,0,0,0,0,0,0,0,77000,0,0,0,87000,10000,77000,77000
056209,超眾永豐97購02  ,0,0,0,0,0,0,0,0,0,77000,0,0,0,159000,82000,77000,77000
056689,玉晶光統一9A購03,0,0,0,0,0,0,0,0,0,77000,0,0,0,128000,51000,77000,77000
057023,美律凱基99購02  ,0,0,0,0,0,0,0,0,0,77000,0,0,0,77000,0,77000,77000
059935,國巨永豐99購07  ,0,0,0,0,0,0,0,0,0,77000,0,0,0,87000,10000,77000,77000
059094,臻鼎元大99購03  ,0,0,0,0,0,0,0,0,0,77000,0,0,0,77000,0,77000,77000
058656,燿華中信99購01  ,0,0,0,0,0,0,0,0,0,77000,0,0,0,709000,632000,77000,77000
058072,大立光凱基98購20,0,0,0,0,0,0,0,0,0,77000,0,0,0,77000,0,77000,77000
061827,台灣50凱基02購01,0,0,0,0,0,0,0,0,0,77000,0,0,0,117000,40000,77000,77000
058485,智邦國票9A購01  ,0,0,0,0,0,0,0,0,0,77000,0,0,0,77000,0,77000,77000
063570,嘉晶元大9C購02  ,0,0,0,0,0,0,0,0,0,77000,0,0,0,117000,40000,77000,77000
063571,TPK元大9B購03   ,0,0,0,0,0,0,0,0,0,77000,0,0,0,160000,83000,77000,77000
064341,聯詠元大9C購01  ,0,0,0,0,0,0,0,0,0,77000,0,0,0,154000,77000,77000,77000
062630,全新國票9B購02  ,0,0,0,0,0,0,0,0,0,77000,0,0,0,100000,23000,77000,77000
063153,南六元富9B購01  ,0,0,0,0,0,0,0,0,0,77000,0,0,0,118000,41000,77000,77000
9939,宏全            ,424000,98000,326000,0,0,0,0,285000,-285000,36000,34000,42000,-8000,44000,0,44000,77000
2013,中鋼構          ,97000,22000,75000,0,0,0,0,0,0,1000,1000,0,1000,0,0,0,76000
064907,緯穎群益9C購02  ,0,0,0,0,0,0,0,0,0,76000,0,0,0,78000,2000,76000,76000
07767P,華新科群益9A售07,0,0,0,0,0,0,0,0,0,76000,0,0,0,116000,40000,76000,76000
07913P,友達元大01售01  ,0,0,0,0,0,0,0,0,0,76000,0,0,0,128000,52000,76000,76000
057536,康控元大99購03  ,0,0,0,0,0,0,0,0,0,76000,0,0,0,76000,0,76000,76000
057434,國巨國票99購03  ,0,0,0,0,0,0,0,0,0,76000,0,0,0,76000,0,76000,76000
054477,聯發科中信9C購02,0,0,0,0,0,0,0,0,0,76000,0,0,0,76000,0,76000,76000
03448B,臺股指元大9C熊11,0,0,0,0,0,0,0,0,0,76000,0,0,0,81000,5000,76000,76000
039212,台達電台新9A購01,0,0,0,0,0,0,0,0,0,76000,0,0,0,133000,57000,76000,76000
057408,台郡群益98購01  ,0,0,0,0,0,0,0,0,0,76000,0,0,0,76000,0,76000,76000
058625,旺宏國票9A購01  ,0,0,0,0,0,0,0,0,0,76000,0,0,0,76000,0,76000,76000
058899,旺宏元大99購10  ,0,0,0,0,0,0,0,0,0,76000,0,0,0,86000,10000,76000,76000
063184,台光電凱基9B購03,0,0,0,0,0,0,0,0,0,76000,0,0,0,86000,10000,76000,76000
063422,奇鋐凱基9B購04  ,0,0,0,0,0,0,0,0,0,76000,0,0,0,131000,55000,76000,76000
064197,智伸科群益9C購01,0,0,0,0,0,0,0,0,0,76000,0,0,0,181000,105000,76000,76000
07101P,台郡元大99售06  ,0,0,0,0,0,0,0,0,0,75000,0,0,0,75000,0,75000,75000
1419,新紡            ,85000,9000,76000,0,0,0,0,0,0,-1000,0,1000,-1000,0,0,0,75000
08337P,台灣50凱基01售15,0,0,0,0,0,0,0,0,0,75000,0,0,0,85000,10000,75000,75000
08323P,華新科凱基9C售04,0,0,0,0,0,0,0,0,0,75000,0,0,0,180000,105000,75000,75000
08180P,聯發科國泰01售05,0,0,0,0,0,0,0,0,0,75000,0,0,0,199000,124000,75000,75000
054121,奇鋐永豐96購02  ,0,0,0,0,0,0,0,0,0,75000,0,0,0,75000,0,75000,75000
052277,台達電凱基97購01,0,0,0,0,0,0,0,0,0,75000,0,0,0,75000,0,75000,75000
053276,友達元大9C購01  ,0,0,0,0,0,0,0,0,0,75000,0,0,0,102000,27000,75000,75000
057538,緯穎元大98購07  ,0,0,0,0,0,0,0,0,0,75000,0,0,0,99000,24000,75000,75000
057133,京鼎凱基98購02  ,0,0,0,0,0,0,0,0,0,75000,0,0,0,75000,0,75000,75000
061423,廣達元大9A購01  ,0,0,0,0,0,0,0,0,0,75000,0,0,0,126000,51000,75000,75000
059928,道瓊銀富邦03購01,0,0,0,0,0,0,0,0,0,75000,0,0,0,90000,15000,75000,75000
059613,泰鼎永豐99購02  ,0,0,0,0,0,0,0,0,0,75000,0,0,0,100000,25000,75000,75000
057887,智原群益98購04  ,0,0,0,0,0,0,0,0,0,75000,0,0,0,97000,22000,75000,75000
064364,高鐵統一9C購02  ,0,0,0,0,0,0,0,0,0,75000,0,0,0,75000,0,75000,75000
064504,玉晶光元大01購02,0,0,0,0,0,0,0,0,0,75000,0,0,0,143000,68000,75000,75000
063413,台積電麥證01購01,0,0,0,75000,0,75000,0,0,0,75000,0,0,0,75000,0,75000,75000
063218,台塑群益9B購01  ,0,0,0,0,0,0,0,0,0,75000,0,0,0,117000,42000,75000,75000
062785,世芯元大9C購01  ,0,0,0,0,0,0,0,0,0,75000,0,0,0,91000,16000,75000,75000
07728P,臺股指凱基9A售20,0,0,0,0,0,0,0,0,0,74000,0,0,0,135000,61000,74000,74000
056702,欣興國泰9A購01  ,0,0,0,0,0,0,0,0,0,74000,0,0,0,155000,81000,74000,74000
03678C,臺股指凱基01牛02,0,10000,-10000,0,0,0,0,0,0,84000,0,0,0,90000,6000,84000,74000
058900,旺宏元大99購11  ,0,0,0,0,0,0,0,0,0,74000,0,0,0,84000,10000,74000,74000
061462,國巨群益9A購11  ,0,0,0,0,0,0,0,0,0,74000,0,0,0,101000,27000,74000,74000
061881,緯穎元大9B購02  ,0,0,0,0,0,0,0,0,0,74000,0,0,0,93000,19000,74000,74000
064332,聯發科元大01購01,0,0,0,0,0,0,0,0,0,74000,0,0,0,331000,257000,74000,74000
064107,友達兆豐01購01  ,0,0,0,0,0,0,0,0,0,74000,0,0,0,74000,0,74000,74000
6197,佳必琪          ,104000,30000,74000,0,0,0,0,0,0,0,0,0,0,0,0,0,74000
06690P,玉晶光群益9A售05,0,0,0,0,0,0,0,0,0,73000,0,0,0,163000,90000,73000,73000
2305,全友            ,91000,18000,73000,0,0,0,0,0,0,0,0,0,0,0,0,0,73000
2705,六福            ,99000,26000,73000,0,0,0,0,0,0,0,0,0,0,0,0,0,73000
00662,富邦NASDAQ      ,0,13000,-13000,0,0,0,0,0,0,86000,4000,0,4000,237000,155000,82000,73000
054586,健鼎國泰99購01  ,0,0,0,0,0,0,0,0,0,73000,0,0,0,99000,26000,73000,73000
056958,喬山永豐98購01  ,0,0,0,0,0,0,0,0,0,73000,0,0,0,73000,0,73000,73000
056614,智邦永豐98購01  ,0,0,0,0,0,0,0,0,0,73000,0,0,0,85000,12000,73000,73000
058847,國巨群益99購05  ,0,0,0,0,0,0,0,0,0,73000,0,0,0,98000,25000,73000,73000
062153,智邦麥證9B購01  ,0,0,0,117000,44000,73000,0,0,0,73000,0,0,0,117000,44000,73000,73000
062084,台郡元大9B購04  ,0,0,0,0,0,0,0,0,0,73000,0,0,0,123000,50000,73000,73000
063599,智邦凱基9B購04  ,0,0,0,0,0,0,0,0,0,73000,0,0,0,73000,0,73000,73000
062185,禾伸堂元大9B購01,0,0,0,0,0,0,0,0,0,73000,0,0,0,73000,0,73000,73000
062438,台光電元大9B購04,0,0,0,0,0,0,0,0,0,73000,0,0,0,77000,4000,73000,73000
062368,聯詠元大9B購01  ,0,0,0,0,0,0,0,0,0,73000,0,0,0,142000,69000,73000,73000
062804,玉晶光統一9C購04,0,0,0,0,0,0,0,0,0,73000,0,0,0,230000,157000,73000,73000
063283,華新科元大9C購03,0,0,0,0,0,0,0,0,0,73000,0,0,0,93000,20000,73000,73000
063462,金像電元大9C購01,0,0,0,0,0,0,0,0,0,73000,0,0,0,73000,0,73000,73000
063468,聯詠元大9B購04  ,0,0,0,0,0,0,0,0,0,73000,0,0,0,207000,134000,73000,73000
5243,乙盛-KY         ,116000,42000,74000,0,0,0,0,0,0,-1000,0,1000,-1000,0,0,0,73000
08132P,南六元大9B售05  ,0,0,0,0,0,0,0,0,0,72000,0,0,0,685000,613000,72000,72000
1618,合機            ,82000,10000,72000,0,0,0,0,0,0,0,0,0,0,0,0,0,72000
057833,聯發科元富02購06,0,0,0,0,0,0,0,0,0,72000,0,0,0,72000,0,72000,72000
062286,台郡群益9B購01  ,0,0,0,0,0,0,0,0,0,72000,0,0,0,72000,0,72000,72000
060841,宏達電國票9B購01,0,0,0,0,0,0,0,0,0,72000,0,0,0,89000,17000,72000,72000
061070,超眾凱基9C購01  ,0,0,0,0,0,0,0,0,0,72000,0,0,0,88000,16000,72000,72000
063177,友達兆豐9B購01  ,0,0,0,0,0,0,0,0,0,72000,0,0,0,72000,0,72000,72000
062949,聯發科富邦01購01,0,0,0,0,0,0,0,0,0,72000,0,0,0,72000,0,72000,72000
062332,大立光統一9B購11,0,0,0,0,0,0,0,0,0,72000,0,0,0,237000,165000,72000,72000
062337,台表科統一01購01,0,0,0,0,0,0,0,0,0,72000,0,0,0,142000,70000,72000,72000
063568,高鐵元大9B購01  ,0,0,0,0,0,0,0,0,0,72000,0,0,0,187000,115000,72000,72000
064552,巨大凱基01購01  ,0,0,0,0,0,0,0,0,0,72000,0,0,0,140000,68000,72000,72000
1416,廣豐            ,145000,74000,71000,0,0,0,0,0,0,0,0,0,0,0,0,0,71000
064905,嘉聯益群益9C購01,0,0,0,0,0,0,0,0,0,71000,0,0,0,71000,0,71000,71000
056787,健鼎群益98購01  ,0,0,0,0,0,0,0,0,0,71000,0,0,0,71000,0,71000,71000
054589,聯鈞國泰99購01  ,0,0,0,0,0,0,0,0,0,71000,0,0,0,112000,41000,71000,71000
053610,矽力中信98購01  ,0,0,0,0,0,0,0,0,0,71000,0,0,0,74000,3000,71000,71000
061059,世芯國票9B購01  ,0,0,0,0,0,0,0,0,0,71000,0,0,0,71000,0,71000,71000
060386,台勝科凱基9B購01,0,0,0,0,0,0,0,0,0,71000,0,0,0,96000,25000,71000,71000
062047,緯穎凱基9B購01  ,0,0,0,0,0,0,0,0,0,71000,0,0,0,170000,99000,71000,71000
064732,GIS統一01購03   ,0,0,0,0,0,0,0,0,0,71000,0,0,0,71000,0,71000,71000
064291,南六元大9C購04  ,0,0,0,0,0,0,0,0,0,71000,0,0,0,71000,0,71000,71000
063496,儒鴻永豐9B購01  ,0,0,0,0,0,0,0,0,0,71000,0,0,0,71000,0,71000,71000
06533P,上証2X中信9B售01,0,0,0,0,0,0,0,0,0,70000,0,0,0,100000,30000,70000,70000
065119,大立光富邦03購03,0,0,0,0,0,0,0,0,0,70000,0,0,0,125000,55000,70000,70000
07819P,旺宏國票9B售01  ,0,0,0,0,0,0,0,0,0,70000,0,0,0,70000,0,70000,70000
056551,台郡凱基98購04  ,0,0,0,0,0,0,0,0,0,70000,0,0,0,70000,0,70000,70000
057789,上銀統一9A購01  ,0,0,0,0,0,0,0,0,0,70000,0,0,0,70000,0,70000,70000
054342,亞光元富99購01  ,0,0,0,0,0,0,0,0,0,70000,0,0,0,70000,0,70000,70000
050170,臺指反元大97購02,0,0,0,0,0,0,0,0,0,70000,0,0,0,70000,0,70000,70000
05678P,群創群益97售01  ,0,0,0,0,0,0,0,0,0,70000,0,0,0,70000,0,70000,70000
061387,鴻海群益9A購05  ,0,0,0,0,0,0,0,0,0,70000,0,0,0,73000,3000,70000,70000
055675,亞德客凱基97購02,0,0,0,0,0,0,0,0,0,70000,0,0,0,110000,40000,70000,70000
057296,智原永豐98購01  ,0,0,0,0,0,0,0,0,0,70000,0,0,0,70000,0,70000,70000
056438,旺宏凱基98購05  ,0,0,0,0,0,0,0,0,0,70000,0,0,0,70000,0,70000,70000
062161,南六凱基9C購01  ,0,0,0,0,0,0,0,0,0,70000,0,0,0,71000,1000,70000,70000
060759,南亞科元大9A購03,0,0,0,0,0,0,0,0,0,70000,0,0,0,70000,0,70000,70000
059480,美律群益9A購01  ,0,0,0,0,0,0,0,0,0,70000,0,0,0,95000,25000,70000,70000
059516,TPK永豐99購01   ,0,0,0,0,0,0,0,0,0,70000,0,0,0,107000,37000,70000,70000
063267,台表科中信01購02,0,0,0,0,0,0,0,0,0,70000,0,0,0,99000,29000,70000,70000
062322,元金2X統一01購01,0,0,0,0,0,0,0,0,0,70000,0,0,0,72000,2000,70000,70000
062797,瑞昱統一9B購01  ,0,0,0,0,0,0,0,0,0,70000,0,0,0,654000,584000,70000,70000
064181,景碩富邦9C購01  ,0,0,0,0,0,0,0,0,0,70000,0,0,0,70000,0,70000,70000
064048,大立光統一9C購07,0,0,0,0,0,0,0,0,0,70000,0,0,0,80000,10000,70000,70000
063873,南六永豐9C購01  ,0,0,0,0,0,0,0,0,0,70000,0,0,0,70000,0,70000,70000
064951,聯發科凱基01購04,0,0,0,0,0,0,0,0,0,69000,0,0,0,100000,31000,69000,69000
056742,玉晶光凱基9A購01,0,0,0,0,0,0,0,0,0,69000,0,0,0,95000,26000,69000,69000
060239,國揚元大9C購01  ,0,0,0,0,0,0,0,0,0,69000,0,0,0,228000,159000,69000,69000
059350,樺漢凱基9A購01  ,0,0,0,0,0,0,0,0,0,69000,0,0,0,90000,21000,69000,69000
060360,南亞科元富9A購02,0,0,0,0,0,0,0,0,0,69000,0,0,0,203000,134000,69000,69000
063814,嘉晶群益9C購01  ,0,0,0,0,0,0,0,0,0,69000,0,0,0,81000,12000,69000,69000
064342,晶技元大9C購01  ,0,0,0,0,0,0,0,0,0,69000,0,0,0,69000,0,69000,69000
062224,玉晶光統一9C購03,0,0,0,0,0,0,0,0,0,69000,0,0,0,172000,103000,69000,69000
062206,緯創國票9B購01  ,0,0,0,0,0,0,0,0,0,69000,0,0,0,69000,0,69000,69000
6191,精成科          ,230000,161000,69000,0,0,0,0,0,0,0,0,0,0,0,0,0,69000
1459,聯發            ,95000,27000,68000,0,0,0,0,0,0,0,0,0,0,0,0,0,68000
2616,山隆            ,68000,0,68000,0,0,0,0,0,0,0,3000,3000,0,0,0,0,68000
057281,大立光元大98購16,0,0,0,0,0,0,0,0,0,68000,0,0,0,68000,0,68000,68000
061277,智邦台新9A購01  ,0,0,0,0,0,0,0,0,0,68000,0,0,0,70000,2000,68000,68000
061268,玉晶光凱基9B購04,0,0,0,0,0,0,0,0,0,68000,0,0,0,100000,32000,68000,68000
059959,訊芯康和99購01  ,0,0,0,0,0,0,0,0,0,68000,0,0,0,68000,0,68000,68000
057454,上銀國泰99購02  ,0,0,0,0,0,0,0,0,0,68000,0,0,0,78000,10000,68000,68000
057569,光磊永豐98購03  ,0,0,0,0,0,0,0,0,0,68000,0,0,0,68000,0,68000,68000
054533,泰碩國泰98購01  ,0,0,0,0,0,0,0,0,0,68000,0,0,0,98000,30000,68000,68000
053654,聯發科凱基98購01,0,0,0,0,0,0,0,0,0,68000,0,0,0,118000,50000,68000,68000
056468,鴻海元大98購07  ,0,0,0,0,0,0,0,0,0,68000,0,0,0,68000,0,68000,68000
054192,國巨中信98購01  ,0,0,0,0,0,0,0,0,0,68000,0,0,0,68000,0,68000,68000
054229,超眾元富96購05  ,0,0,0,0,0,0,0,0,0,68000,0,0,0,68000,0,68000,68000
060642,華擎永豐9A購02  ,0,0,0,0,0,0,0,0,0,68000,0,0,0,68000,0,68000,68000
061768,晶技元大9B購02  ,0,0,0,0,0,0,0,0,0,68000,0,0,0,68000,0,68000,68000
061706,旭富國票9A購02  ,0,0,0,0,0,0,0,0,0,68000,0,0,0,68000,0,68000,68000
060415,葡萄王永豐9A購01,0,0,0,0,0,0,0,0,0,68000,0,0,0,68000,0,68000,68000
059852,康控永豐99購02  ,0,0,0,0,0,0,0,0,0,68000,0,0,0,111000,43000,68000,68000
059009,世紀鋼元大99購04,0,0,0,0,0,0,0,0,0,68000,0,0,0,124000,56000,68000,68000
060984,南亞科元大9A購07,0,0,0,0,0,0,0,0,0,68000,0,0,0,68000,0,68000,68000
060167,禾聯碩永豐9A購01,0,0,0,0,0,0,0,0,0,68000,0,0,0,68000,0,68000,68000
061985,富邦金元大9B購01,0,0,0,0,0,0,0,0,0,68000,0,0,0,68000,0,68000,68000
062379,致新元大9B購01  ,0,0,0,0,0,0,0,0,0,68000,0,0,0,137000,69000,68000,68000
062641,瀚宇博國票9B購01,0,0,0,0,0,0,0,0,0,68000,0,0,0,78000,10000,68000,68000
063368,遠東新永豐9B購01,0,0,0,0,0,0,0,0,0,68000,0,0,0,68000,0,68000,68000
064272,鴻海元大9C購09  ,0,0,0,0,0,0,0,0,0,68000,0,0,0,68000,0,68000,68000
064275,台光電元大9C購03,0,0,0,0,0,0,0,0,0,68000,0,0,0,73000,5000,68000,68000
064742,奇鋐國票01購02  ,0,0,0,0,0,0,0,0,0,68000,0,0,0,103000,35000,68000,68000
064665,南亞科元大9C購06,0,0,0,0,0,0,0,0,0,68000,0,0,0,68000,0,68000,68000
063777,儒鴻永豐9B購02  ,0,0,0,0,0,0,0,0,0,68000,0,0,0,68000,0,68000,68000
064136,致新元大9C購01  ,0,0,0,0,0,0,0,0,0,68000,0,0,0,253000,185000,68000,68000
2461,光群雷          ,103000,36000,67000,0,0,0,0,0,0,0,0,0,0,0,0,0,67000
3048,益登            ,139000,68000,71000,0,0,0,0,0,0,-4000,0,4000,-4000,0,0,0,67000
3338,泰碩            ,380000,175000,205000,0,0,0,0,166000,-166000,28000,98000,53000,45000,5000,22000,-17000,67000
1626,艾美特-KY       ,69000,2000,67000,0,0,0,0,0,0,0,0,0,0,0,0,0,67000
08411P,技嘉凱基9C售01  ,0,0,0,0,0,0,0,0,0,67000,0,0,0,67000,0,67000,67000
08425P,世紀鋼元富9C售03,0,0,0,0,0,0,0,0,0,67000,0,0,0,87000,20000,67000,67000
08244P,同欣電凱基9C售03,0,0,0,0,0,0,0,0,0,67000,0,0,0,132000,65000,67000,67000
064984,同欣電元大9C購06,0,0,0,0,0,0,0,0,0,67000,0,0,0,112000,45000,67000,67000
065060,上銀群益9C購02  ,0,0,0,0,0,0,0,0,0,67000,0,0,0,77000,10000,67000,67000
06935P,神達元大98售02  ,0,0,0,0,0,0,0,0,0,67000,0,0,0,68000,1000,67000,67000
06914P,南茂元大98售03  ,0,0,0,0,0,0,0,0,0,67000,0,0,0,100000,33000,67000,67000
057178,可成元大98購03  ,0,0,0,0,0,0,0,0,0,67000,0,0,0,68000,1000,67000,67000
05624P,同欣電中信98售01,0,0,0,0,0,0,0,0,0,67000,0,0,0,69000,2000,67000,67000
056800,臺股指麥證98購01,0,0,0,67000,0,67000,0,0,0,67000,0,0,0,67000,0,67000,67000
061573,義隆元大9A購02  ,0,0,0,0,0,0,0,0,0,67000,0,0,0,92000,25000,67000,67000
061303,玉晶光永豐9B購03,0,0,0,0,0,0,0,0,0,67000,0,0,0,74000,7000,67000,67000
060107,旭富元大99購03  ,0,0,0,0,0,0,0,0,0,67000,0,0,0,100000,33000,67000,67000
060932,南六永豐9A購02  ,0,0,0,0,0,0,0,0,0,67000,0,0,0,67000,0,67000,67000
060929,健策永豐9A購01  ,0,0,0,0,0,0,0,0,0,67000,0,0,0,68000,1000,67000,67000
061957,上銀統一01購01  ,0,0,0,0,0,0,0,0,0,67000,0,0,0,67000,0,67000,67000
058527,世紀鋼元大99購01,0,0,0,0,0,0,0,0,0,67000,0,0,0,73000,6000,67000,67000
064390,台塑永豐9C購01  ,0,0,0,0,0,0,0,0,0,67000,0,0,0,135000,68000,67000,67000
063396,金像電群益9C購01,0,0,0,0,0,0,0,0,0,67000,0,0,0,67000,0,67000,67000
07035P,大立光元富99售04,0,0,0,0,0,0,0,0,0,66000,0,0,0,99000,33000,66000,66000
065038,上銀凱基9C購02  ,0,0,0,0,0,0,0,0,0,66000,0,0,0,66000,0,66000,66000
065264,亞光元大9C購02  ,0,0,0,0,0,0,0,0,0,66000,0,0,0,105000,39000,66000,66000
08077P,亞德客國票9B售02,0,0,0,0,0,0,0,0,0,66000,0,0,0,184000,118000,66000,66000
1454,台富            ,68000,2000,66000,0,0,0,0,0,0,0,0,0,0,0,0,0,66000
2704,國賓            ,82000,13000,69000,0,0,0,0,0,0,-3000,1000,4000,-3000,0,0,0,66000
1783,和康生          ,408000,342000,66000,0,0,0,0,0,0,0,0,0,0,0,0,0,66000
057214,瑞昱群益98購01  ,0,0,0,0,0,0,0,0,0,66000,0,0,0,66000,0,66000,66000
058929,可成統一9C購01  ,0,0,0,0,0,0,0,0,0,66000,0,0,0,98000,32000,66000,66000
063353,上銀元富9B購03  ,0,0,0,0,0,0,0,0,0,66000,0,0,0,70000,4000,66000,66000
063046,聯發科兆豐9C購01,0,0,0,0,0,0,0,0,0,66000,0,0,0,91000,25000,66000,66000
062563,緯穎凱基9B購03  ,0,0,0,0,0,0,0,0,0,66000,0,0,0,76000,10000,66000,66000
062682,全新統一9B購01  ,0,0,0,0,0,0,0,0,0,66000,0,0,0,152000,86000,66000,66000
064745,聯鈞國票01購01  ,0,0,0,0,0,0,0,0,0,66000,0,0,0,206000,140000,66000,66000
064139,裕隆統一01購02  ,0,0,0,0,0,0,0,0,0,66000,0,0,0,260000,194000,66000,66000
063709,上銀凱基9B購07  ,0,0,0,0,0,0,0,0,0,66000,0,0,0,68000,2000,66000,66000
2486,一詮            ,75000,10000,65000,0,0,0,0,0,0,0,0,0,0,0,0,0,65000
08015P,可成凱基9B售05  ,0,0,0,0,0,0,0,0,0,65000,0,0,0,175000,110000,65000,65000
065165,上銀元大9C購09  ,0,0,0,0,0,0,0,0,0,65000,0,0,0,65000,0,65000,65000
057104,康友中信99購01  ,0,0,0,0,0,0,0,0,0,65000,0,0,0,90000,25000,65000,65000
057041,國巨元大99購04  ,0,0,0,0,0,0,0,0,0,65000,0,0,0,348000,283000,65000,65000
057737,國巨富邦99購02  ,0,0,0,0,0,0,0,0,0,65000,0,0,0,170000,105000,65000,65000
059241,旺宏凱基99購07  ,0,0,0,0,0,0,0,0,0,65000,0,0,0,65000,0,65000,65000
059829,超眾凱基99購05  ,0,0,0,0,0,0,0,0,0,65000,0,0,0,110000,45000,65000,65000
061453,台達電凱基9B購01,0,0,0,0,0,0,0,0,0,65000,0,0,0,85000,20000,65000,65000
058748,景碩凱基9A購01  ,0,0,0,0,0,0,0,0,0,65000,0,0,0,65000,0,65000,65000
060609,玉晶光凱基9B購01,0,0,0,0,0,0,0,0,0,65000,0,0,0,84000,19000,65000,65000
060534,友達麥證9A購01  ,0,0,0,65000,0,65000,0,0,0,65000,0,0,0,65000,0,65000,65000
061698,智邦國票9A購04  ,0,0,0,0,0,0,0,0,0,65000,0,0,0,71000,6000,65000,65000
061702,奇鋐國票9A購02  ,0,0,0,0,0,0,0,0,0,65000,0,0,0,99000,34000,65000,65000
061882,矽創元大9B購01  ,0,0,0,0,0,0,0,0,0,65000,0,0,0,104000,39000,65000,65000
064141,國巨統一01購08  ,0,0,0,0,0,0,0,0,0,65000,0,0,0,107000,42000,65000,65000
064019,上銀元大9C購05  ,0,0,0,0,0,0,0,0,0,65000,0,0,0,66000,1000,65000,65000
08158P,嘉澤元富9B售03  ,0,0,0,0,0,0,0,0,0,64000,0,0,0,274000,210000,64000,64000
4545,銘鈺            ,81000,17000,64000,0,0,0,0,0,0,0,0,0,0,0,0,0,64000
052950,超眾國票98購01  ,0,0,0,0,0,0,0,0,0,64000,0,0,0,64000,0,64000,64000
056422,全新統一98購02  ,0,0,0,0,0,0,0,0,0,64000,0,0,0,64000,0,64000,64000
056845,揚明光元富98購01,0,0,0,0,0,0,0,0,0,64000,0,0,0,95000,31000,64000,64000
060295,貿聯元大9A購03  ,0,0,0,0,0,0,0,0,0,64000,0,0,0,89000,25000,64000,64000
060211,智邦康和9A購01  ,0,0,0,0,0,0,0,0,0,64000,0,0,0,64000,0,64000,64000
063830,智伸科國票01購01,0,0,0,0,0,0,0,0,0,64000,0,0,0,102000,38000,64000,64000
064236,奇力新統一01購04,0,0,0,0,0,0,0,0,0,64000,0,0,0,64000,0,64000,64000
062556,瑞昱凱基9B購02  ,0,0,0,0,0,0,0,0,0,64000,0,0,0,87000,23000,64000,64000
3419,譁裕            ,96000,33000,63000,0,0,0,0,0,0,0,0,0,0,0,0,0,63000
08004P,大毅永豐9B售02  ,0,0,0,0,0,0,0,0,0,63000,0,0,0,63000,0,63000,63000
08230P,台表科國票9C售03,0,0,0,0,0,0,0,0,0,63000,0,0,0,63000,0,63000,63000
1608,華榮            ,114000,52000,62000,0,0,0,0,0,0,1000,1000,0,1000,0,0,0,63000
065006,景碩國票01購01  ,0,0,0,0,0,0,0,0,0,63000,0,0,0,64000,1000,63000,63000
064921,景碩統一02購01  ,0,0,0,0,0,0,0,0,0,63000,0,0,0,83000,20000,63000,63000
056741,大立光凱基98購14,0,0,0,0,0,0,0,0,0,63000,0,0,0,69000,6000,63000,63000
061544,大毅群益9B購02  ,0,0,0,0,0,0,0,0,0,63000,0,0,0,100000,37000,63000,63000
057075,嘉聯益永豐98購01,0,0,0,0,0,0,0,0,0,63000,0,0,0,86000,23000,63000,63000
056501,貿聯富邦99購01  ,0,0,0,0,0,0,0,0,0,63000,0,0,0,63000,0,63000,63000
061001,智邦兆豐9B購01  ,0,0,0,0,0,0,0,0,0,63000,0,0,0,73000,10000,63000,63000
060169,群電永豐9A購01  ,0,0,0,0,0,0,0,0,0,63000,0,0,0,63000,0,63000,63000
060009,南亞科群益99購03,0,0,0,0,0,0,0,0,0,63000,0,0,0,63000,0,63000,63000
062228,南六統一02購01  ,0,0,0,0,0,0,0,0,0,63000,0,0,0,200000,137000,63000,63000
062018,台勝科永豐9B購01,0,0,0,0,0,0,0,0,0,63000,0,0,0,63000,0,63000,63000
063509,超眾群益9B購03  ,0,0,0,0,0,0,0,0,0,63000,0,0,0,68000,5000,63000,63000
064906,台表科群益9C購02,0,0,0,0,0,0,0,0,0,62000,0,0,0,63000,1000,62000,62000
06748P,智邦台新98售02  ,0,0,0,0,0,0,0,0,0,62000,0,0,0,62000,0,62000,62000
07695P,台郡元大9A售02  ,0,0,0,0,0,0,0,0,0,62000,0,0,0,62000,0,62000,62000
08513P,聯發科凱基9C售08,0,0,0,0,0,0,0,0,0,62000,0,0,0,78000,16000,62000,62000
056486,樺漢元大98購04  ,0,0,0,0,0,0,0,0,0,62000,0,0,0,74000,12000,62000,62000
061574,大毅元大9B購01  ,0,0,0,0,0,0,0,0,0,62000,0,0,0,70000,8000,62000,62000
056743,貿聯凱基98購04  ,0,0,0,0,0,0,0,0,0,62000,0,0,0,205000,143000,62000,62000
061194,聯鈞永豐9A購02  ,0,0,0,0,0,0,0,0,0,62000,0,0,0,62000,0,62000,62000
059253,康控凱基9B購02  ,0,0,0,0,0,0,0,0,0,62000,0,0,0,104000,42000,62000,62000
057838,台郡國泰99購01  ,0,0,0,0,0,0,0,0,0,62000,0,0,0,62000,0,62000,62000
064009,超眾凱基01購01  ,0,0,0,0,0,0,0,0,0,62000,0,0,0,116000,54000,62000,62000
064412,緯穎凱基01購01  ,0,0,0,0,0,0,0,0,0,62000,0,0,0,84000,22000,62000,62000
064490,金像電元大9C購02,0,0,0,0,0,0,0,0,0,62000,0,0,0,62000,0,62000,62000
062187,台勝科元大9B購02,0,0,0,0,0,0,0,0,0,62000,0,0,0,73000,11000,62000,62000
061869,智邦元大9B購01  ,0,0,0,0,0,0,0,0,0,62000,0,0,0,148000,86000,62000,62000
062474,台表科凱基9C購01,0,0,0,0,0,0,0,0,0,62000,0,0,0,73000,11000,62000,62000
063107,矽創群益9B購01  ,0,0,0,0,0,0,0,0,0,62000,0,0,0,98000,36000,62000,62000
2527,宏璟            ,96000,34000,62000,0,0,0,0,0,0,-1000,0,1000,-1000,0,0,0,61000
07777P,創意元大9A售03  ,0,0,0,0,0,0,0,0,0,61000,0,0,0,100000,39000,61000,61000
064957,台表科凱基02購02,0,0,0,0,0,0,0,0,0,61000,0,0,0,114000,53000,61000,61000
065076,中橡元大9C購01  ,0,0,0,0,0,0,0,0,0,61000,0,0,0,61000,0,61000,61000
057278,可成元大98購06  ,0,0,0,0,0,0,0,0,0,61000,0,0,0,81000,20000,61000,61000
056417,欣興中信98購01  ,0,0,0,0,0,0,0,0,0,61000,0,0,0,211000,150000,61000,61000
056599,臻鼎元富98購01  ,0,0,0,0,0,0,0,0,0,61000,0,0,0,61000,0,61000,61000
006206,元大上證50      ,21000,41000,-20000,0,0,0,0,0,0,81000,0,0,0,384000,303000,81000,61000
054528,台光電統一96購02,0,0,0,0,0,0,0,0,0,61000,0,0,0,91000,30000,61000,61000
055302,達方元大97購01  ,0,0,0,0,0,0,0,0,0,61000,0,0,0,61000,0,61000,61000
062028,晶技群益9B購01  ,0,0,0,0,0,0,0,0,0,61000,0,0,0,76000,15000,61000,61000
061105,宏達電元大9A購04,0,0,0,0,0,0,0,0,0,61000,0,0,0,106000,45000,61000,61000
061851,智邦國票9B購01  ,0,0,0,0,0,0,0,0,0,61000,0,0,0,61000,0,61000,61000
064443,同欣電凱基03購01,0,0,0,0,0,0,0,0,0,61000,0,0,0,203000,142000,61000,61000
064108,創意兆豐9C購01  ,0,0,0,0,0,0,0,0,0,61000,0,0,0,302000,241000,61000,61000
063917,南六凱基02購01  ,0,0,0,0,0,0,0,0,0,61000,0,0,0,66000,5000,61000,61000
2836,高雄銀          ,147200,87000,60200,0,0,0,0,0,0,0,0,0,0,0,0,0,60200
3030,德律            ,123000,63000,60000,0,0,0,0,0,0,0,0,0,0,0,0,0,60000
2546,根基            ,79000,19000,60000,0,0,0,0,0,0,0,0,0,0,0,0,0,60000
08240P,華通中信06售03  ,0,0,0,0,0,0,0,0,0,60000,0,0,0,70000,10000,60000,60000
08125P,聯茂群益9B售02  ,0,0,0,0,0,0,0,0,0,60000,0,0,0,60000,0,60000,60000
06636P,可成凱基98售08  ,0,0,0,0,0,0,0,0,0,60000,0,0,0,60000,0,60000,60000
07946P,華通統一9B售02  ,0,0,0,0,0,0,0,0,0,60000,0,0,0,60000,0,60000,60000
07690P,華新科元大9A售15,0,0,0,0,0,0,0,0,0,60000,0,0,0,100000,40000,60000,60000
07129P,華新科元大99售14,0,0,0,0,0,0,0,0,0,60000,0,0,0,140000,80000,60000,60000
07342P,大立光凱基99售14,0,0,0,0,0,0,0,0,0,60000,0,0,0,70000,10000,60000,60000
054375,貿聯中信99購01  ,0,0,0,0,0,0,0,0,0,60000,0,0,0,60000,0,60000,60000
057406,茂林群益98購03  ,0,0,0,0,0,0,0,0,0,60000,0,0,0,60000,0,60000,60000
053896,麗豐群益97購01  ,0,0,0,0,0,0,0,0,0,60000,0,0,0,60000,0,60000,60000
054679,台積電康和99購01,0,0,0,0,0,0,0,0,0,60000,0,0,0,60000,0,60000,60000
05711P,茂林國票97售03  ,0,0,0,0,0,0,0,0,0,60000,0,0,0,60000,0,60000,60000
056688,聯詠統一98購01  ,0,0,0,0,0,0,0,0,0,60000,0,0,0,395000,335000,60000,60000
056677,智伸科元富98購01,0,0,0,0,0,0,0,0,0,60000,0,0,0,213000,153000,60000,60000
056881,台灣50康和9A購01,0,0,0,0,0,0,0,0,0,60000,0,0,0,60000,0,60000,60000
056809,旺宏統一98購03  ,0,0,0,0,0,0,0,0,0,60000,0,0,0,60000,0,60000,60000
060307,南港永豐9A購01  ,0,0,0,0,0,0,0,0,0,60000,0,0,0,60000,0,60000,60000
060755,鴻海元大9A購15  ,0,0,0,0,0,0,0,0,0,60000,0,0,0,70000,10000,60000,60000
060812,智邦凱基9A購01  ,0,0,0,0,0,0,0,0,0,60000,0,0,0,60000,0,60000,60000
058364,奇力新凱基99購04,0,0,0,0,0,0,0,0,0,60000,0,0,0,60000,0,60000,60000
061944,聯電群益9B購01  ,0,0,0,0,0,0,0,0,0,60000,0,0,0,183000,123000,60000,60000
061165,美律兆豐9A購01  ,0,0,0,0,0,0,0,0,0,60000,0,0,0,60000,0,60000,60000
059140,大立光兆豐9A購02,0,0,0,0,0,0,0,0,0,60000,0,0,0,139000,79000,60000,60000
060868,致伸永豐9A購01  ,0,0,0,0,0,0,0,0,0,60000,0,0,0,75000,15000,60000,60000
064030,泰碩元大01購01  ,0,0,0,0,0,0,0,0,0,60000,0,0,0,113000,53000,60000,60000
063566,台光電元大9B購08,0,0,0,0,0,0,0,0,0,60000,0,0,0,76000,16000,60000,60000
06432P,上銀群益98售01  ,0,0,0,0,0,0,0,0,0,60000,0,0,0,160000,100000,60000,60000
062536,玉晶光麥證9B購01,0,0,0,67000,3000,64000,0,0,0,60000,0,0,0,70000,10000,60000,60000
062492,牧德第一9B購01  ,0,0,0,0,0,0,0,0,0,60000,0,0,0,60000,0,60000,60000
062681,全新統一01購01  ,0,0,0,0,0,0,0,0,0,60000,0,0,0,110000,50000,60000,60000
063126,TPK元大9B購01   ,0,0,0,0,0,0,0,0,0,60000,0,0,0,137000,77000,60000,60000
06847P,奇力新元大98售05,0,0,0,0,0,0,0,0,0,59000,0,0,0,66000,7000,59000,59000
064953,嘉晶凱基9C購02  ,0,0,0,0,0,0,0,0,0,59000,0,0,0,69000,10000,59000,59000
2472,立隆電          ,126000,69000,57000,0,0,0,0,0,0,2000,2000,0,2000,0,0,0,59000
2427,三商電          ,59000,0,59000,0,0,0,0,0,0,0,0,0,0,0,0,0,59000
056198,台光電永豐97購02,0,0,0,0,0,0,0,0,0,59000,0,0,0,59000,0,59000,59000
057353,玉晶光統一99購01,0,0,0,0,0,0,0,0,0,59000,0,0,0,97000,38000,59000,59000
060093,友達元大03購01  ,0,0,0,0,0,0,0,0,0,59000,0,0,0,65000,6000,59000,59000
060099,宏達電元大99購09,0,0,0,0,0,0,0,0,0,59000,0,0,0,84000,25000,59000,59000
05889P,群創元大98售02  ,0,0,0,0,0,0,0,0,0,59000,0,0,0,59000,0,59000,59000
059786,全新元大99購06  ,0,0,0,0,0,0,0,0,0,59000,0,0,0,104000,45000,59000,59000
061931,力山國票9B購02  ,0,0,0,0,0,0,0,0,0,59000,0,0,0,66000,7000,59000,59000
060500,鴻海元大9A購12  ,0,0,0,0,0,0,0,0,0,59000,0,0,0,59000,0,59000,59000
062730,致伸凱基9B購01  ,20000,0,20000,0,0,0,0,0,0,39000,0,0,0,141000,102000,39000,59000
064268,緯穎永豐9C購01  ,0,0,0,0,0,0,0,0,0,59000,0,0,0,59000,0,59000,59000
064511,GIS元大9C購05   ,0,0,0,0,0,0,0,0,0,59000,0,0,0,70000,11000,59000,59000
063789,智邦台新9C購01  ,0,0,0,0,0,0,0,0,0,59000,0,0,0,62000,3000,59000,59000
6166,凌華            ,325000,273000,52000,0,0,0,0,0,0,7000,1000,0,1000,11000,5000,6000,59000
3027,盛達            ,65000,4000,61000,0,0,0,0,0,0,-3000,0,3000,-3000,0,0,0,58000
3050,鈺德            ,63000,5000,58000,0,0,0,0,0,0,0,0,0,0,0,0,0,58000
08118P,嘉澤元富9B售02  ,0,0,0,0,0,0,0,0,0,58000,0,0,0,123000,65000,58000,58000
08447P,緯穎永豐9C售02  ,0,0,0,0,0,0,0,0,0,58000,0,0,0,58000,0,58000,58000
064781,嘉晶群益9C購04  ,0,0,0,0,0,0,0,0,0,58000,0,0,0,58000,0,58000,58000
07782P,寶成凱基9A售02  ,0,0,0,0,0,0,0,0,0,58000,0,0,0,64000,6000,58000,58000
07807P,聯茂永豐9A售02  ,0,0,0,0,0,0,0,0,0,58000,0,0,0,58000,0,58000,58000
053111,緯創兆豐97購01  ,0,0,0,0,0,0,0,0,0,58000,0,0,0,96000,38000,58000,58000
061567,華通元大9A購11  ,0,0,0,0,0,0,0,0,0,58000,0,0,0,58000,0,58000,58000
057301,嘉聯益永豐98購02,0,0,0,0,0,0,0,0,0,58000,0,0,0,58000,0,58000,58000
057277,可成元大98購05  ,0,0,0,0,0,0,0,0,0,58000,0,0,0,68000,10000,58000,58000
060104,新日興元大99購03,0,0,0,0,0,0,0,0,0,58000,0,0,0,86000,28000,58000,58000
059053,鴻海凱基99購07  ,0,0,0,0,0,0,0,0,0,58000,0,0,0,63000,5000,58000,58000
058243,華擎元大99購01  ,0,0,0,0,0,0,0,0,0,58000,0,0,0,86000,28000,58000,58000
06396P,新日興康和97售01,0,0,0,0,0,0,0,0,0,58000,0,0,0,58000,0,58000,58000
064514,喬山群益9C購01  ,0,0,0,0,0,0,0,0,0,58000,0,0,0,91000,33000,58000,58000
062352,南六群益9B購02  ,0,0,0,0,0,0,0,0,0,58000,0,0,0,98000,40000,58000,58000
063178,聯發科兆豐9B購04,0,0,0,0,0,0,0,0,0,58000,0,0,0,160000,102000,58000,58000
063037,聯發科凱基9C購02,0,0,0,0,0,0,0,0,0,58000,0,0,0,68000,10000,58000,58000
062980,康控元富9B購01  ,0,0,0,0,0,0,0,0,0,58000,0,0,0,435000,377000,58000,58000
06862P,大立光凱基98售16,0,0,0,0,0,0,0,0,0,57000,0,0,0,59000,2000,57000,57000
064954,奇鋐凱基9C購01  ,0,0,0,0,0,0,0,0,0,57000,0,0,0,121000,64000,57000,57000
08373P,大立光凱基01售05,0,0,0,0,0,0,0,0,0,57000,0,0,0,78000,21000,57000,57000
3312,弘憶股          ,185000,123000,62000,0,0,0,0,0,0,-5000,0,5000,-5000,0,0,0,57000
052049,緯創凱基97購01  ,0,0,0,0,0,0,0,0,0,57000,0,0,0,67000,10000,57000,57000
060962,義隆凱基9B購01  ,0,0,0,0,0,0,0,0,0,57000,0,0,0,67000,10000,57000,57000
058544,FBVIX富邦9B購01 ,0,0,0,0,0,0,0,0,0,57000,0,0,0,67000,10000,57000,57000
061787,華新科群益9C購01,0,0,0,0,0,0,0,0,0,57000,0,0,0,108000,51000,57000,57000
062264,南六元大9B購02  ,0,0,0,0,0,0,0,0,0,57000,0,0,0,140000,83000,57000,57000
062239,台汽電凱基9B購01,0,0,0,0,0,0,0,0,0,57000,0,0,0,98000,41000,57000,57000
061808,聯發科統一01購02,0,0,0,0,0,0,0,0,0,57000,0,0,0,117000,60000,57000,57000
062858,微星國票9B購01  ,0,0,0,0,0,0,0,0,0,57000,0,0,0,152000,95000,57000,57000
063128,智伸科元大9B購01,0,0,0,0,0,0,0,0,0,57000,0,0,0,79000,22000,57000,57000
063236,旺宏元大9B購07  ,0,0,0,0,0,0,0,0,0,57000,0,0,0,68000,11000,57000,57000
062384,聯詠國泰9C購01  ,0,0,0,0,0,0,0,0,0,57000,0,0,0,185000,128000,57000,57000
064289,台郡元大9C購01  ,0,0,0,0,0,0,0,0,0,57000,0,0,0,57000,0,57000,57000
064239,群創統一02購01  ,0,0,0,0,0,0,0,0,0,57000,0,0,0,140000,83000,57000,57000
063932,世芯統一01購01  ,0,4000,-4000,0,0,0,0,0,0,61000,0,0,0,594000,533000,61000,57000
6715,嘉基            ,191000,130000,61000,0,0,0,0,0,0,-4000,0,4000,-4000,0,0,0,57000
2374,佳能            ,105000,50000,55000,0,0,0,0,0,0,1000,1000,0,1000,0,0,0,56000
1432,大魯閣          ,57000,1000,56000,0,0,0,0,0,0,0,0,0,0,0,0,0,56000
064922,玉晶光統一01購10,0,0,0,0,0,0,0,0,0,56000,0,0,0,94000,38000,56000,56000
06629P,台灣50第一98售01,0,0,0,0,0,0,0,0,0,56000,0,0,0,1581000,1525000,56000,56000
056385,創意國泰99購01  ,0,0,0,0,0,0,0,0,0,56000,0,0,0,236000,180000,56000,56000
055983,全新元富9A購02  ,0,0,0,0,0,0,0,0,0,56000,0,0,0,56000,0,56000,56000
061704,景碩國票9A購01  ,0,0,0,0,0,0,0,0,0,56000,0,0,0,88000,32000,56000,56000
058839,瑞儀中信99購02  ,0,0,0,0,0,0,0,0,0,56000,0,0,0,75000,19000,56000,56000
058828,大毅永豐99購01  ,0,0,0,0,0,0,0,0,0,56000,0,0,0,64000,8000,56000,56000
059876,智易凱基99購02  ,0,0,0,0,0,0,0,0,0,56000,0,0,0,56000,0,56000,56000
064034,台表科元大9C購07,0,0,0,0,0,0,0,0,0,56000,0,0,0,151000,95000,56000,56000
064032,群創元大9C購06  ,0,0,0,0,0,0,0,0,0,56000,0,0,0,140000,84000,56000,56000
064509,台表科元大9C購08,0,0,0,0,0,0,0,0,0,56000,0,0,0,70000,14000,56000,56000
064485,儒鴻元大01購01  ,0,0,0,0,0,0,0,0,0,56000,0,0,0,69000,13000,56000,56000
064640,和大凱基03購01  ,0,0,0,0,0,0,0,0,0,56000,0,0,0,56000,0,56000,56000
062180,瑞昱元大9B購03  ,0,0,0,0,0,0,0,0,0,56000,0,0,0,112000,56000,56000,56000
6582,申豐            ,113000,47000,66000,0,0,0,0,0,0,-10000,9000,19000,-10000,0,0,0,56000
5515,建國            ,56000,0,56000,0,0,0,0,0,0,0,0,0,0,0,0,0,56000
065051,和碩凱基02購01  ,0,0,0,0,0,0,0,0,0,55000,0,0,0,219000,164000,55000,55000
07467P,上銀元大9A售03  ,0,0,0,0,0,0,0,0,0,55000,0,0,0,75000,20000,55000,55000
1442,名軒            ,60000,5000,55000,0,0,0,0,0,0,0,0,0,0,0,0,0,55000
08000P,奇鋐凱基9B售03  ,0,0,0,0,0,0,0,0,0,55000,0,0,0,160000,105000,55000,55000
2390,云辰            ,1824000,1770000,54000,0,0,0,0,0,0,1000,1000,0,1000,0,0,0,55000
056392,玉晶光富邦9C購01,0,0,0,0,0,0,0,0,0,55000,0,0,0,213000,158000,55000,55000
057170,瑞昱元大98購01  ,0,0,0,0,0,0,0,0,0,55000,0,0,0,56000,1000,55000,55000
057283,欣興元大98購07  ,0,0,0,0,0,0,0,0,0,55000,0,0,0,65000,10000,55000,55000
057807,友訊元大98購02  ,0,0,0,0,0,0,0,0,0,55000,0,0,0,55000,0,55000,55000
057674,台郡元大99購03  ,0,0,0,0,0,0,0,0,0,55000,0,0,0,113000,58000,55000,55000
061210,玉山金元大9A購02,0,0,0,0,0,0,0,0,0,55000,0,0,0,55000,0,55000,55000
061327,台郡凱基9A購02  ,0,0,0,0,0,0,0,0,0,55000,0,0,0,115000,60000,55000,55000
053644,台表科國票97購03,0,0,0,0,0,0,0,0,0,55000,0,0,0,55000,0,55000,55000
056488,致新元大99購01  ,0,0,0,0,0,0,0,0,0,55000,0,0,0,55000,0,55000,55000
056465,臺股指凱基99購07,0,0,0,0,0,0,0,0,0,55000,0,0,0,55000,0,55000,55000
054590,嘉聯益國泰98購01,0,0,0,0,0,0,0,0,0,55000,0,0,0,55000,0,55000,55000
055569,聚陽統一98購01  ,0,0,0,0,0,0,0,0,0,55000,0,0,0,55000,0,55000,55000
058723,元石油國泰9A購01,0,0,0,0,0,0,0,0,0,55000,0,0,0,80000,25000,55000,55000
058240,景碩元大99購04  ,0,0,0,0,0,0,0,0,0,55000,0,0,0,73000,18000,55000,55000
060061,旺宏兆豐99購02  ,0,0,0,0,0,0,0,0,0,55000,0,0,0,57000,2000,55000,55000
062145,億光國票9B購01  ,0,0,0,0,0,0,0,0,0,55000,0,0,0,55000,0,55000,55000
062102,T50反1國票9B購07,0,0,0,0,0,0,0,0,0,55000,0,0,0,55000,0,55000,55000
06050P,玉晶光國票98售01,0,0,0,0,0,0,0,0,0,55000,0,0,0,123000,68000,55000,55000
060653,全新群益9A購02  ,0,0,0,0,0,0,0,0,0,55000,0,0,0,55000,0,55000,55000
062497,遠東新群益9B購01,0,0,0,0,0,0,0,0,0,55000,0,0,0,75000,20000,55000,55000
063180,台塑凱基9B購01  ,0,0,0,0,0,0,0,0,0,55000,0,0,0,213000,158000,55000,55000
064542,聯電凱基02購01  ,0,0,0,0,0,0,0,0,0,55000,0,0,0,55000,0,55000,55000
064283,奇鋐元大9C購02  ,0,0,0,0,0,0,0,0,0,55000,0,0,0,100000,45000,55000,55000
1476,儒鴻            ,557472,431038,126434,0,0,0,0,1000,-1000,-71000,1000,71000,-70000,3000,4000,-1000,54434
1524,耿鼎            ,59000,5000,54000,0,0,0,0,0,0,0,0,0,0,0,0,0,54000
2514,龍邦            ,61000,8000,53000,0,0,0,0,0,0,1000,1000,0,1000,0,0,0,54000
2707,晶華            ,124000,70000,54000,0,0,0,0,0,0,0,0,0,0,0,0,0,54000
064891,台達電群益9C購01,0,0,0,0,0,0,0,0,0,54000,0,0,0,124000,70000,54000,54000
065152,燿華群益9C購02  ,0,0,0,0,0,0,0,0,0,54000,0,0,0,54000,0,54000,54000
054377,臺股指中信99購09,0,0,0,0,0,0,0,0,0,54000,0,0,0,54000,0,54000,54000
057059,易華電元大99購01,0,0,0,0,0,0,0,0,0,54000,0,0,0,54000,0,54000,54000
058507,美律元大9A購01  ,0,0,0,0,0,0,0,0,0,54000,0,0,0,54000,0,54000,54000
059358,旺宏永豐99購02  ,0,0,0,0,0,0,0,0,0,54000,0,0,0,54000,0,54000,54000
059360,全新永豐99購02  ,0,0,0,0,0,0,0,0,0,54000,0,0,0,70000,16000,54000,54000
058140,臻鼎元大99購02  ,0,0,0,0,0,0,0,0,0,54000,0,0,0,145000,91000,54000,54000
059145,創意國票99購02  ,0,0,0,0,0,0,0,0,0,54000,0,0,0,55000,1000,54000,54000
064061,GIS麥證01購01   ,0,0,0,55000,1000,54000,0,0,0,54000,0,0,0,55000,1000,54000,54000
063755,上銀統一9C購03  ,0,0,0,0,0,0,0,0,0,54000,0,0,0,59000,5000,54000,54000
06234P,亞德客元大97售02,0,0,0,0,0,0,0,0,0,54000,0,0,0,54000,0,54000,54000
06510P,燿華永豐98售03  ,0,0,0,0,0,0,0,0,0,53000,0,0,0,53000,0,53000,53000
065044,大立光凱基9C購06,0,0,0,0,0,0,0,0,0,53000,0,0,0,53000,0,53000,53000
065064,創意群益9C購02  ,0,0,0,0,0,0,0,0,0,53000,0,0,0,53000,0,53000,53000
065001,中橡國票9C購01  ,0,0,0,0,0,0,0,0,0,53000,0,0,0,251000,198000,53000,53000
2612,中航            ,63000,10000,53000,0,0,0,0,0,0,0,0,0,0,0,0,0,53000
3535,晶彩科          ,113000,60000,53000,0,0,0,0,0,0,0,0,0,0,0,0,0,53000
4930,燦星網          ,54000,1000,53000,0,0,0,0,0,0,0,0,0,0,0,0,0,53000
1519,華城            ,299000,248000,51000,0,0,0,0,0,0,2000,2000,0,2000,0,0,0,53000
061531,奇鋐台新9A購01  ,0,0,0,0,0,0,0,0,0,53000,0,0,0,63000,10000,53000,53000
057231,美律凱基98購05  ,0,0,0,0,0,0,0,0,0,53000,0,0,0,163000,110000,53000,53000
006208,富邦台50        ,0,0,0,0,0,0,0,0,0,53000,0,0,0,451000,398000,53000,53000
058567,華新科凱基9A購02,0,0,0,0,0,0,0,0,0,53000,0,0,0,53000,0,53000,53000
058249,緯穎元大99購04  ,0,0,0,0,0,0,0,0,0,53000,0,0,0,163000,110000,53000,53000
059090,台新金元大99購01,0,0,0,0,0,0,0,0,0,53000,0,0,0,250000,197000,53000,53000
061716,瑞儀凱基9B購01  ,0,0,0,0,0,0,0,0,0,53000,0,0,0,104000,51000,53000,53000
061776,晶技國票9B購01  ,0,0,0,0,0,0,0,0,0,53000,0,0,0,53000,0,53000,53000
059359,精元永豐99購01  ,0,0,0,0,0,0,0,0,0,53000,0,0,0,89000,36000,53000,53000
060645,台表科永豐9A購02,0,0,0,0,0,0,0,0,0,53000,0,0,0,73000,20000,53000,53000
060671,亞德客元大9A購03,0,0,0,0,0,0,0,0,0,53000,0,0,0,85000,32000,53000,53000
063420,奇力新凱基9B購03,0,0,0,0,0,0,0,0,0,53000,0,0,0,57000,4000,53000,53000
064735,群創元富9C購02  ,0,0,0,0,0,0,0,0,0,53000,0,0,0,98000,45000,53000,53000
1528,恩德            ,69000,17000,52000,0,0,0,0,0,0,0,0,0,0,0,0,0,52000
08211P,台表科元富9B售03,0,0,0,0,0,0,0,0,0,52000,0,0,0,124000,72000,52000,52000
2516,新建            ,64000,12000,52000,0,0,0,0,0,0,0,0,0,0,0,0,0,52000
1773,勝一            ,100000,48000,52000,0,0,0,0,0,0,0,0,0,0,0,0,0,52000
065269,貿聯元大9C購05  ,0,0,0,0,0,0,0,0,0,52000,0,0,0,179000,127000,52000,52000
055228,聯發科國票98購03,0,0,0,0,0,0,0,0,0,52000,0,0,0,52000,0,52000,52000
049200,元黃金群益98購01,0,0,0,0,0,0,0,0,0,52000,0,0,0,55000,3000,52000,52000
055552,瑞昱凱基97購02  ,0,0,0,0,0,0,0,0,0,52000,0,0,0,52000,0,52000,52000
060306,台肥永豐9A購01  ,0,0,0,0,0,0,0,0,0,52000,0,0,0,191000,139000,52000,52000
061677,泰碩元大9A購05  ,0,0,0,0,0,0,0,0,0,52000,0,0,0,52000,0,52000,52000
059814,SP黃豆凱基9A購02,0,0,0,0,0,0,0,0,0,52000,0,0,0,123000,71000,52000,52000
063795,上銀凱基9C購01  ,0,0,0,0,0,0,0,0,0,52000,0,0,0,52000,0,52000,52000
063106,台表科群益9B購03,0,0,0,0,0,0,0,0,0,52000,0,0,0,53000,1000,52000,52000
061663,南六永豐9A購05  ,0,0,0,0,0,0,0,0,0,52000,0,0,0,57000,5000,52000,52000
062318,台郡凱基9B購01  ,0,0,0,0,0,0,0,0,0,52000,0,0,0,52000,0,52000,52000
062439,聯發科元大9B購10,0,0,0,0,0,0,0,0,0,52000,0,0,0,57000,5000,52000,52000
062212,臻鼎台新9B購01  ,0,0,0,0,0,0,0,0,0,52000,0,0,0,58000,6000,52000,52000
9802,鈺齊-KY         ,316000,230000,86000,0,0,0,0,0,0,-34000,0,21000,-21000,7000,20000,-13000,52000
4942,嘉彰            ,67000,16000,51000,0,0,0,0,0,0,0,0,0,0,0,0,0,51000
08014P,微星凱基9B售02  ,0,0,0,0,0,0,0,0,0,51000,0,0,0,85000,34000,51000,51000
1437,勤益控          ,72000,21000,51000,0,0,0,0,0,0,0,0,0,0,0,0,0,51000
046881,智原富邦99購01  ,0,0,0,0,0,0,0,0,0,51000,0,0,0,61000,10000,51000,51000
057804,為升元大98購01  ,0,0,0,0,0,0,0,0,0,51000,0,0,0,71000,20000,51000,51000
061347,創意元大9A購02  ,0,0,0,0,0,0,0,0,0,51000,0,0,0,51000,0,51000,51000
05627P,致伸國票97售01  ,0,0,0,0,0,0,0,0,0,51000,0,0,0,51000,0,51000,51000
05887P,友達元富99售03  ,0,0,0,0,0,0,0,0,0,51000,0,0,0,56000,5000,51000,51000
060243,潤泰全元大9C購02,0,0,0,0,0,0,0,0,0,51000,0,0,0,51000,0,51000,51000
060245,聯陽元大9C購01  ,0,0,0,0,0,0,0,0,0,51000,0,0,0,51000,0,51000,51000
058751,南茂凱基9A購01  ,0,0,0,0,0,0,0,0,0,51000,0,0,0,51000,0,51000,51000
060434,台汽電永豐9A購01,0,0,0,0,0,0,0,0,0,51000,0,0,0,148000,97000,51000,51000
062203,燿華國票9C購01  ,0,0,0,0,0,0,0,0,0,51000,0,0,0,78000,27000,51000,51000
062433,上銀元大9B購05  ,0,0,0,0,0,0,0,0,0,51000,0,0,0,83000,32000,51000,51000
062800,奇力新統一01購02,0,0,0,0,0,0,0,0,0,51000,0,0,0,51000,0,51000,51000
063191,台表科凱基9B購03,0,0,0,0,0,0,0,0,0,51000,0,0,0,138000,87000,51000,51000
064035,GIS元大9C購03   ,0,0,0,0,0,0,0,0,0,51000,0,0,0,51000,0,51000,51000
063993,華通群益01購01  ,0,0,0,0,0,0,0,0,0,51000,0,0,0,51000,0,51000,51000
064639,聚陽凱基02購01  ,0,0,0,0,0,0,0,0,0,51000,0,0,0,104000,53000,51000,51000
064206,鴻海凱基03購02  ,0,0,0,0,0,0,0,0,0,51000,0,0,0,64000,13000,51000,51000
5234,達興材料        ,72000,21000,51000,0,0,0,0,0,0,0,0,0,0,0,0,0,51000
08019P,緯穎國票9B售02  ,0,0,0,0,0,0,0,0,0,50000,0,0,0,79000,29000,50000,50000
08057P,京鼎群益9B售01  ,0,0,0,0,0,0,0,0,0,50000,0,0,0,50000,0,50000,50000
08113P,台灣50凱基02售04,0,0,0,0,0,0,0,0,0,50000,0,0,0,50000,0,50000,50000
08263P,台表科元大9C售06,0,0,0,0,0,0,0,0,0,50000,0,0,0,150000,100000,50000,50000
064817,鈺齊元大9C購02  ,0,0,0,0,0,0,0,0,0,50000,0,0,0,50000,0,50000,50000
07786P,南電中信9C售01  ,0,0,0,0,0,0,0,0,0,50000,0,0,0,50000,0,50000,50000
07743P,智邦凱基9A售03  ,0,0,0,0,0,0,0,0,0,50000,0,0,0,50000,0,50000,50000
07859P,台灣50麥證9A售04,0,0,0,50000,0,50000,0,0,0,50000,0,0,0,50000,0,50000,50000
07263P,台積電元大99售37,0,0,0,0,0,0,0,0,0,50000,0,0,0,50000,0,50000,50000
07040P,台灣50元大9C售02,0,0,0,0,0,0,0,0,0,50000,0,0,0,60000,10000,50000,50000
056403,茂林群益98購01  ,0,0,0,0,0,0,0,0,0,50000,0,0,0,50000,0,50000,50000
056358,友訊元大99購01  ,0,0,0,0,0,0,0,0,0,50000,0,0,0,50000,0,50000,50000
057486,美律元大98購04  ,0,0,0,0,0,0,0,0,0,50000,0,0,0,50000,0,50000,50000
056153,華新科凱基97購02,0,0,0,0,0,0,0,0,0,50000,0,0,0,50000,0,50000,50000
057106,美律群益98購03  ,0,0,0,0,0,0,0,0,0,50000,0,0,0,50000,0,50000,50000
057544,鴻海凱基02購01  ,0,0,0,0,0,0,0,0,0,50000,0,0,0,50000,0,50000,50000
056831,元油2X元富98購11,0,0,0,0,0,0,0,0,0,50000,0,0,0,50000,0,50000,50000
061207,美律元大9A購04  ,0,0,0,0,0,0,0,0,0,50000,0,0,0,50000,0,50000,50000
061630,FBVIX元大9A購02 ,0,0,0,0,0,0,0,0,0,50000,0,0,0,50000,0,50000,50000
057812,友達元大9A購05  ,0,0,0,0,0,0,0,0,0,50000,0,0,0,150000,100000,50000,50000
057234,宏達電凱基98購05,0,0,0,0,0,0,0,0,0,50000,0,0,0,50000,0,50000,50000
053014,旺宏統一97購02  ,0,0,0,0,0,0,0,0,0,50000,0,0,0,50000,0,50000,50000
048379,台郡元富96購01  ,0,0,0,0,0,0,0,0,0,50000,0,0,0,50000,0,50000,50000
048892,台郡元富97購01  ,0,0,0,0,0,0,0,0,0,50000,0,0,0,50000,0,50000,50000
051152,鴻海國泰97購01  ,0,0,0,0,0,0,0,0,0,50000,0,0,0,50000,0,50000,50000
055468,智邦凱基97購04  ,0,0,0,0,0,0,0,0,0,50000,0,0,0,50000,0,50000,50000
054458,復盛群益96購01  ,0,0,0,0,0,0,0,0,0,50000,0,0,0,50000,0,50000,50000
054425,聯發科富邦99購03,0,0,0,0,0,0,0,0,0,50000,0,0,0,50000,0,50000,50000
055310,聯詠群益97購02  ,0,0,0,0,0,0,0,0,0,50000,0,0,0,50000,0,50000,50000
054633,臺股指凱基9A購02,0,0,0,0,0,0,0,0,0,50000,0,0,0,50000,0,50000,50000
054912,群光凱基97購01  ,0,0,0,0,0,0,0,0,0,50000,0,0,0,50000,0,50000,50000
053661,嘉澤凱基97購01  ,0,0,0,0,0,0,0,0,0,50000,0,0,0,50000,0,50000,50000
056582,易華電元大98購01,0,0,0,0,0,0,0,0,0,50000,0,0,0,164000,114000,50000,50000
060505,友達元大9C購05  ,0,0,0,0,0,0,0,0,0,50000,0,0,0,94000,44000,50000,50000
058464,矽創兆豐9A購01  ,0,0,0,0,0,0,0,0,0,50000,0,0,0,50000,0,50000,50000
062158,禾伸堂凱基9B購01,0,0,0,0,0,0,0,0,0,50000,0,0,0,50000,0,50000,50000
062129,世紀鋼統一02購01,0,0,0,0,0,0,0,0,0,50000,0,0,0,50000,0,50000,50000
062061,台勝科統一01購01,0,0,0,0,0,0,0,0,0,50000,0,0,0,83000,33000,50000,50000
061796,興勤永豐9B購01  ,0,0,0,0,0,0,0,0,0,50000,0,0,0,50000,0,50000,50000
058118,瑞昱群益99購01  ,0,0,0,0,0,0,0,0,0,50000,0,0,0,88000,38000,50000,50000
058079,鴻海群益98購08  ,0,0,0,0,0,0,0,0,0,50000,0,0,0,50000,0,50000,50000
060964,日月光凱基9A購01,0,0,0,0,0,0,0,0,0,50000,0,0,0,50000,0,50000,50000
058651,FBVIX中信9C購01 ,0,0,0,0,0,0,0,0,0,50000,0,0,0,52000,2000,50000,50000
060130,瀚宇博永豐99購02,0,0,0,0,0,0,0,0,0,50000,0,0,0,85000,35000,50000,50000
060892,超眾統一9C購01  ,0,0,0,0,0,0,0,0,0,50000,0,0,0,68000,18000,50000,50000
059020,元油2X統一9B購02,0,0,0,0,0,0,0,0,0,50000,0,0,0,50000,0,50000,50000
058997,鴻海元大99購21  ,0,0,0,0,0,0,0,0,0,50000,0,0,0,50000,0,50000,50000
058297,茂林凱基9A購02  ,0,0,0,0,0,0,0,0,0,50000,0,0,0,50000,0,50000,50000
058282,聯茂中信99購01  ,0,0,0,0,0,0,0,0,0,50000,0,0,0,60000,10000,50000,50000
064278,高鐵元大9C購02  ,0,0,0,0,0,0,0,0,0,50000,0,0,0,128000,78000,50000,50000
064546,燿華凱基02購01  ,0,0,0,0,0,0,0,0,0,50000,0,0,0,70000,20000,50000,50000
064521,群創群益02購01  ,0,0,0,0,0,0,0,0,0,50000,0,0,0,62000,12000,50000,50000
064562,友達群益9C購03  ,0,0,0,0,0,0,0,0,0,50000,0,0,0,50000,0,50000,50000
06395P,台積電元大97售29,0,0,0,0,0,0,0,0,0,50000,0,0,0,50000,0,50000,50000
06399P,台表科凱基97售05,0,0,0,0,0,0,0,0,0,50000,0,0,0,50000,0,50000,50000
063699,國巨群益9B購07  ,0,0,0,0,0,0,0,0,0,50000,0,0,0,50000,0,50000,50000
063737,大立光元大9C購07,0,0,0,0,0,0,0,0,0,50000,0,0,0,50000,0,50000,50000
063616,上銀兆豐9C購01  ,0,0,0,0,0,0,0,0,0,50000,0,0,0,50000,0,50000,50000
063640,貿聯元大9B購03  ,0,0,0,0,0,0,0,0,0,50000,0,0,0,100000,50000,50000,50000
063175,燿華兆豐9C購01  ,0,0,0,0,0,0,0,0,0,50000,0,0,0,50000,0,50000,50000
063026,南六元大9B購04  ,0,0,0,0,0,0,0,0,0,50000,0,0,0,130000,80000,50000,50000
062993,華新科群益9B購05,0,0,0,0,0,0,0,0,0,50000,0,0,0,50000,0,50000,50000
062659,台灣50群益9B購10,0,0,0,0,0,0,0,0,0,50000,0,0,0,50000,0,50000,50000
061840,長榮航凱基9C購01,0,0,0,0,0,0,0,0,0,50000,0,0,0,53000,3000,50000,50000
2911,麗嬰房          ,117000,68000,49000,0,0,0,0,0,0,0,0,0,0,0,0,0,49000
057716,神達統一98購01  ,0,0,0,0,0,0,0,0,0,49000,0,0,0,64000,15000,49000,49000
054930,群電凱基98購01  ,0,0,0,0,0,0,0,0,0,49000,0,0,0,54000,5000,49000,49000
055353,華新科凱基98購03,0,0,0,0,0,0,0,0,0,49000,0,0,0,50000,1000,49000,49000
055459,建準永豐97購03  ,0,0,0,0,0,0,0,0,0,49000,0,0,0,49000,0,49000,49000
057593,聯發科兆豐98購03,0,0,0,0,0,0,0,0,0,49000,0,0,0,49000,0,49000,49000
061152,微星群益9A購01  ,0,0,0,0,0,0,0,0,0,49000,0,0,0,73000,24000,49000,49000
059107,南茂國泰9A購01  ,0,0,0,0,0,0,0,0,0,49000,0,0,0,59000,10000,49000,49000
060413,東元永豐9A購01  ,0,0,0,0,0,0,0,0,0,49000,0,0,0,88000,39000,49000,49000
060698,旺宏國泰9C購01  ,0,0,0,0,0,0,0,0,0,49000,0,0,0,52000,3000,49000,49000
060718,中磊永豐9A購01  ,0,0,0,0,0,0,0,0,0,49000,0,0,0,246000,197000,49000,49000
061871,瑞昱元大9B購01  ,0,0,0,0,0,0,0,0,0,49000,0,0,0,91000,42000,49000,49000
063154,南六元富9B購02  ,0,0,0,0,0,0,0,0,0,49000,0,0,0,85000,36000,49000,49000
8210,勤誠            ,158000,118000,40000,0,0,0,0,0,0,9000,0,0,0,9000,0,9000,49000
2611,志信            ,48000,0,48000,0,0,0,0,0,0,0,0,0,0,0,0,0,48000
2706,第一店          ,62000,15000,47000,0,0,0,0,0,0,1000,1000,0,1000,0,0,0,48000
1711,永光            ,232000,171000,61000,0,0,0,0,0,0,-13000,1000,14000,-13000,0,0,0,48000
07013P,玉晶光群益9A售06,0,0,0,0,0,0,0,0,0,48000,0,0,0,48000,0,48000,48000
07457P,宏達電元大9A售01,0,0,0,0,0,0,0,0,0,48000,0,0,0,48000,0,48000,48000
065103,南六元大9C購06  ,0,0,0,0,0,0,0,0,0,48000,0,0,0,48000,0,48000,48000
065170,智邦元大9C購07  ,0,0,0,0,0,0,0,0,0,48000,0,0,0,156000,108000,48000,48000
056705,超眾國泰99購01  ,0,0,0,0,0,0,0,0,0,48000,0,0,0,66000,18000,48000,48000
056674,華邦電元富98購01,0,0,0,0,0,0,0,0,0,48000,0,0,0,48000,0,48000,48000
057241,超眾凱基99購02  ,0,0,0,0,0,0,0,0,0,48000,0,0,0,48000,0,48000,48000
056810,群創統一9A購01  ,0,0,0,0,0,0,0,0,0,48000,0,0,0,48000,0,48000,48000
052130,國巨凱基9B購01  ,0,0,0,0,0,0,0,0,0,48000,0,0,0,59000,11000,48000,48000
00656R,國泰中國A50反1  ,0,0,0,0,0,0,0,0,0,48000,0,0,0,104000,56000,48000,48000
054892,彩晶統一99購01  ,0,0,0,0,0,0,0,0,0,48000,0,0,0,48000,0,48000,48000
059283,康友永豐99購02  ,0,0,0,0,0,0,0,0,0,48000,0,0,0,48000,0,48000,48000
059294,宏達電元富9B購02,0,0,0,0,0,0,0,0,0,48000,0,0,0,130000,82000,48000,48000
060511,群創元大9B購08  ,0,0,0,0,0,0,0,0,0,48000,0,0,0,50000,2000,48000,48000
060468,聯鈞元大9A購02  ,0,0,0,0,0,0,0,0,0,48000,0,0,0,151000,103000,48000,48000
061159,同欣電群益9A購01,0,0,0,0,0,0,0,0,0,48000,0,0,0,48000,0,48000,48000
060281,卜蜂元大9C購01  ,0,0,0,0,0,0,0,0,0,48000,0,0,0,53000,5000,48000,48000
063073,瑞昱永豐9B購01  ,0,0,0,0,0,0,0,0,0,48000,0,0,0,48000,0,48000,48000
063316,聯發科群益9C購03,0,0,0,0,0,0,0,0,0,48000,0,0,0,58000,10000,48000,48000
5285,界霖            ,76000,28000,48000,0,0,0,0,0,0,0,0,0,0,0,0,0,48000
065190,緯穎統一9C購02  ,0,0,0,0,0,0,0,0,0,47000,0,0,0,51000,4000,47000,47000
064991,友達兆豐9C購01  ,0,0,0,0,0,0,0,0,0,47000,0,0,0,47000,0,47000,47000
2443,億麗            ,48000,1000,47000,0,0,0,0,0,0,0,0,0,0,0,0,0,47000
2425,承啟            ,147000,113000,34000,0,0,0,0,0,0,13000,14000,1000,13000,0,0,0,47000
3018,同開            ,88000,41000,47000,0,0,0,0,0,0,0,0,0,0,0,0,0,47000
053818,富邦金群益98購01,0,0,0,0,0,0,0,0,0,47000,0,0,0,88000,41000,47000,47000
053059,聯發科永昌99購01,0,0,0,0,0,0,0,0,0,47000,0,0,0,381000,334000,47000,47000
057582,亞光中信9A購02  ,0,0,0,0,0,0,0,0,0,47000,0,0,0,100000,53000,47000,47000
059833,緯穎康和99購01  ,0,0,0,0,0,0,0,0,0,47000,0,0,0,50000,3000,47000,47000
058979,上銀凱基99購04  ,0,0,0,0,0,0,0,0,0,47000,0,0,0,47000,0,47000,47000
058387,國巨國票9A購03  ,0,0,0,0,0,0,0,0,0,47000,0,0,0,100000,53000,47000,47000
058107,全新台新99購01  ,0,0,0,0,0,0,0,0,0,47000,0,0,0,47000,0,47000,47000
061649,緯穎元大9A購06  ,0,0,0,0,0,0,0,0,0,47000,0,0,0,47000,0,47000,47000
062285,台勝科群益9B購01,0,0,0,0,0,0,0,0,0,47000,0,0,0,95000,48000,47000,47000
061837,華新科凱基05購02,0,0,0,0,0,0,0,0,0,47000,0,0,0,47000,0,47000,47000
061719,緯穎凱基9A購06  ,0,0,0,0,0,0,0,0,0,47000,0,0,0,64000,17000,47000,47000
063018,聯發科元大9B購14,0,0,0,0,0,0,0,0,0,47000,0,0,0,51000,4000,47000,47000
061662,瑞儀永豐9A購02  ,0,0,0,0,0,0,0,0,0,47000,0,0,0,97000,50000,47000,47000
2431,聯昌            ,74000,28000,46000,0,0,0,0,0,0,0,0,0,0,0,0,0,46000
1441,大東            ,46000,0,46000,0,0,0,0,0,0,0,0,0,0,0,0,0,46000
1463,強盛            ,53000,7000,46000,0,0,0,0,0,0,0,0,0,0,0,0,0,46000
057420,美食凱基98購01  ,0,0,0,0,0,0,0,0,0,46000,0,0,0,90000,44000,46000,46000
056416,華新科中信98購01,0,0,0,0,0,0,0,0,0,46000,0,0,0,50000,4000,46000,46000
061572,奇力新元大9A購04,0,0,0,0,0,0,0,0,0,46000,0,0,0,50000,4000,46000,46000
061280,國巨統一9C購06  ,0,0,0,0,0,0,0,0,0,46000,0,0,0,46000,0,46000,46000
055474,欣興凱基97購05  ,0,0,0,0,0,0,0,0,0,46000,0,0,0,53000,7000,46000,46000
054060,晶技國票97購02  ,0,0,0,0,0,0,0,0,0,46000,0,0,0,47000,1000,46000,46000
062080,奇力新元大9B購02,0,0,0,0,0,0,0,0,0,46000,0,0,0,51000,5000,46000,46000
060149,元金2X富邦04購01,0,0,0,0,0,0,0,0,0,46000,0,0,0,46000,0,46000,46000
060977,亞德客元大9A購04,0,0,0,0,0,0,0,0,0,46000,0,0,0,51000,5000,46000,46000
062025,台達電群益9B購01,0,0,0,0,0,0,0,0,0,46000,0,0,0,66000,20000,46000,46000
062559,嘉晶凱基9B購02  ,0,0,0,0,0,0,0,0,0,46000,0,0,0,51000,5000,46000,46000
063076,柏文永豐9B購02  ,0,0,0,0,0,0,0,0,0,46000,0,0,0,46000,0,46000,46000
063232,裕隆元大9B購01  ,0,0,0,0,0,0,0,0,0,46000,0,0,0,69000,23000,46000,46000
063251,同欣電元大9B購04,0,0,0,0,0,0,0,0,0,46000,0,0,0,138000,92000,46000,46000
063387,台積電兆豐9B購03,0,0,0,0,0,0,0,0,0,46000,0,0,0,76000,30000,46000,46000
064082,緯創中信06購01  ,0,0,0,0,0,0,0,0,0,46000,0,0,0,61000,15000,46000,46000
064720,長榮航統一02購01,0,0,0,0,0,0,0,0,0,46000,0,0,0,48000,2000,46000,46000
064728,健策統一9C購04  ,0,0,0,0,0,0,0,0,0,46000,0,0,0,61000,15000,46000,46000
6449,鈺邦            ,47000,1000,46000,0,0,0,0,0,0,0,0,0,0,0,0,0,46000
9902,台火            ,79000,33000,46000,0,0,0,0,0,0,0,0,0,0,0,0,0,46000
08287P,茂林凱基9C售02  ,0,0,0,0,0,0,0,0,0,45000,0,0,0,60000,15000,45000,45000
08168P,金像電群益9B售03,0,0,0,0,0,0,0,0,0,45000,0,0,0,210000,165000,45000,45000
2428,興勤            ,83000,37000,46000,0,0,0,0,0,0,-1000,0,0,0,0,1000,-1000,45000
2380,虹光            ,45000,0,45000,0,0,0,0,0,0,0,0,0,0,0,0,0,45000
3257,虹冠電          ,223000,177000,46000,0,0,0,0,0,0,-1000,0,1000,-1000,0,0,0,45000
4137,麗豐-KY         ,75000,53000,22000,0,0,0,10000,0,10000,13000,0,0,0,26000,13000,13000,45000
064932,緯穎統一01購04  ,0,0,0,0,0,0,0,0,0,45000,0,0,0,45000,0,45000,45000
064912,國巨統一01購09  ,0,0,0,0,0,0,0,0,0,45000,0,0,0,45000,0,45000,45000
054215,創意國票97購02  ,0,0,0,0,0,0,0,0,0,45000,0,0,0,45000,0,45000,45000
054532,強茂國泰98購01  ,0,0,0,0,0,0,0,0,0,45000,0,0,0,46000,1000,45000,45000
051614,元金2X凱基97購01,0,0,0,0,0,0,0,0,0,45000,0,0,0,45000,0,45000,45000
050485,國巨統一96購01  ,0,0,0,0,0,0,0,0,0,45000,0,0,0,805000,760000,45000,45000
050492,漢唐國泰96購01  ,0,0,0,0,0,0,0,0,0,45000,0,0,0,45000,0,45000,45000
057244,鈺齊凱基99購01  ,0,0,0,0,0,0,0,0,0,45000,0,0,0,45000,0,45000,45000
057501,超眾群益98購04  ,0,0,0,0,0,0,0,0,0,45000,0,0,0,78000,33000,45000,45000
055923,矽力凱基98購01  ,0,0,0,0,0,0,0,0,0,45000,0,0,0,126000,81000,45000,45000
057029,緯穎凱基98購04  ,0,0,0,0,0,0,0,0,0,45000,0,0,0,58000,13000,45000,45000
060966,台表科凱基9B購01,0,0,0,0,0,0,0,0,0,45000,0,0,0,75000,30000,45000,45000
060144,全新國票9B購01  ,0,0,0,0,0,0,0,0,0,45000,0,0,0,110000,65000,45000,45000
059080,亞泥元大99購01  ,0,0,0,0,0,0,0,0,0,45000,0,0,0,50000,5000,45000,45000
059023,可成統一9B購02  ,0,0,0,0,0,0,0,0,0,45000,0,0,0,173000,128000,45000,45000
062252,華邦電元大9C購01,0,0,0,0,0,0,0,0,0,45000,0,0,0,50000,5000,45000,45000
058374,玉晶光凱基9A購03,0,0,0,0,0,0,0,0,0,45000,0,0,0,45000,0,45000,45000
060607,玉晶光凱基9A購06,0,0,0,0,0,0,0,0,0,45000,0,0,0,76000,31000,45000,45000
064733,南六統一9C購03  ,0,0,0,0,0,0,0,0,0,45000,0,0,0,50000,5000,45000,45000
064765,緯穎凱基9C購02  ,0,0,0,0,0,0,0,0,0,45000,0,0,0,50000,5000,45000,45000
064038,景碩台新9C購01  ,0,0,0,0,0,0,0,0,0,45000,0,0,0,55000,10000,45000,45000
06405P,億光元富97售02  ,0,0,0,0,0,0,0,0,0,45000,0,0,0,50000,5000,45000,45000
063750,和鑫國票9B購01  ,0,0,0,0,0,0,0,0,0,45000,0,0,0,90000,45000,45000,45000
062889,可成群益9C購01  ,0,0,0,0,0,0,0,0,0,45000,0,0,0,65000,20000,45000,45000
062486,瑞昱富邦9B購01  ,0,0,0,0,0,0,0,0,0,45000,0,0,0,45000,0,45000,45000
062615,亞德客元大9B購02,0,0,0,0,0,0,0,0,0,45000,0,0,0,50000,5000,45000,45000
062365,台光電元大9B購03,0,0,0,0,0,0,0,0,0,45000,0,0,0,55000,10000,45000,45000
065052,南六凱基02購02  ,0,0,0,0,0,0,0,0,0,44000,0,0,0,50000,6000,44000,44000
3550,聯穎            ,47000,3000,44000,0,0,0,0,0,0,0,0,0,0,0,0,0,44000
3622,洋華            ,54000,8000,46000,0,0,0,0,0,0,-2000,0,2000,-2000,0,0,0,44000
4722,國精化          ,46000,2000,44000,0,0,0,0,0,0,0,0,0,0,0,0,0,44000
2701,萬企            ,48000,4000,44000,0,0,0,0,0,0,0,0,0,0,0,0,0,44000
08187P,大毅群益9B售04  ,0,0,0,0,0,0,0,0,0,44000,0,0,0,129000,85000,44000,44000
08524P,奇力新元大9C售01,0,0,0,0,0,0,0,0,0,44000,0,0,0,44000,0,44000,44000
056649,智易凱基98購01  ,0,0,0,0,0,0,0,0,0,44000,0,0,0,44000,0,44000,44000
057543,華通凱基99購02  ,0,0,0,0,0,0,0,0,0,44000,0,0,0,44000,0,44000,44000
056369,彩晶元大01購01  ,0,0,0,0,0,0,0,0,0,44000,0,0,0,44000,0,44000,44000
061381,台灣50群益9B購07,0,0,0,0,0,0,0,0,0,44000,0,0,0,47000,3000,44000,44000
061654,旺宏國票9A購02  ,0,0,0,0,0,0,0,0,0,44000,0,0,0,64000,20000,44000,44000
061922,瑞昱凱基9B購01  ,0,0,0,0,0,0,0,0,0,44000,0,0,0,95000,51000,44000,44000
061947,旺宏群益9B購02  ,0,0,0,0,0,0,0,0,0,44000,0,0,0,44000,0,44000,44000
061480,泰碩元大9B購01  ,0,0,0,0,0,0,0,0,0,44000,0,0,0,84000,40000,44000,44000
060043,全新群益9B購02  ,0,0,0,0,0,0,0,0,0,44000,0,0,0,49000,5000,44000,44000
061005,可成兆豐9A購01  ,0,0,0,0,0,0,0,0,0,44000,0,0,0,99000,55000,44000,44000
059931,緯穎富邦9A購01  ,0,0,0,0,0,0,0,0,0,44000,0,0,0,125000,81000,44000,44000
063189,臻鼎凱基9B購01  ,0,0,0,0,0,0,0,0,0,44000,0,0,0,44000,0,44000,44000
064559,旺宏群益01購02  ,0,0,0,0,0,0,0,0,0,44000,0,0,0,44000,0,44000,44000
1446,宏和            ,47000,4000,43000,0,0,0,0,0,0,0,0,0,0,0,0,0,43000
065040,燿華凱基9C購01  ,0,0,0,0,0,0,0,0,0,43000,0,0,0,44000,1000,43000,43000
07977P,華新科群益01售01,0,0,0,0,0,0,0,0,0,43000,0,0,0,87000,44000,43000,43000
07086P,力成元富9C售01  ,0,0,0,0,0,0,0,0,0,43000,0,0,0,149000,106000,43000,43000
061581,貿聯元大9A購05  ,0,0,0,0,0,0,0,0,0,43000,0,0,0,124000,81000,43000,43000
061541,旺宏群益9A購03  ,0,0,0,0,0,0,0,0,0,43000,0,0,0,74000,31000,43000,43000
056202,國揚永豐97購01  ,0,0,0,0,0,0,0,0,0,43000,0,0,0,167000,124000,43000,43000
052809,訊芯元大97購01  ,0,0,0,0,0,0,0,0,0,43000,0,0,0,43000,0,43000,43000
057352,大立光統一9A購02,0,0,0,0,0,0,0,0,0,43000,0,0,0,43000,0,43000,43000
058717,南電台新99購02  ,0,0,0,0,0,0,0,0,0,43000,0,0,0,43000,0,43000,43000
058137,玉晶光元大99購11,0,0,0,0,0,0,0,0,0,43000,0,0,0,68000,25000,43000,43000
057928,鈺齊凱基98購02  ,0,0,0,0,0,0,0,0,0,43000,0,0,0,73000,30000,43000,43000
060682,牧德元大9A購03  ,0,0,0,0,0,0,0,0,0,43000,0,0,0,53000,10000,43000,43000
064674,鈺齊元大9C購01  ,0,0,0,0,0,0,0,0,0,43000,0,0,0,44000,1000,43000,43000
063987,台灣50永豐9C購01,0,0,0,0,0,0,0,0,0,43000,0,0,0,43000,0,43000,43000
063979,健鼎兆豐9C購01  ,0,0,0,0,0,0,0,0,0,43000,0,0,0,43000,0,43000,43000
063186,聯發科凱基9C購04,0,0,0,0,0,0,0,0,0,43000,0,0,0,126000,83000,43000,43000
062875,瑞昱兆豐9C購01  ,0,0,0,0,0,0,0,0,0,43000,0,0,0,81000,38000,43000,43000
062978,世芯元富9B購01  ,0,0,0,0,0,0,0,0,0,43000,0,0,0,46000,3000,43000,43000
063471,泰鼎元大9C購01  ,0,0,0,0,0,0,0,0,0,43000,0,0,0,207000,164000,43000,43000
063460,智邦元大9B購08  ,0,0,0,0,0,0,0,0,0,43000,0,0,0,189000,146000,43000,43000
063428,矽創凱基9B購02  ,0,0,0,0,0,0,0,0,0,43000,0,0,0,65000,22000,43000,43000
062311,奇力新凱基9B購01,0,0,0,0,0,0,0,0,0,43000,0,0,0,43000,0,43000,43000
061876,明泰元大9B購01  ,0,0,0,0,0,0,0,0,0,43000,0,0,0,60000,17000,43000,43000
061978,旺宏元大9C購01  ,0,0,0,0,0,0,0,0,0,43000,0,0,0,93000,50000,43000,43000
062683,可成統一9B購04  ,0,0,0,0,0,0,0,0,0,43000,0,0,0,43000,0,43000,43000
065092,健鼎元大9C購02  ,0,0,0,0,0,0,0,0,0,42000,0,0,0,130000,88000,42000,42000
064973,智邦元大9C購06  ,0,0,0,0,0,0,0,0,0,42000,0,0,0,123000,81000,42000,42000
065222,玉晶光永豐9C購07,0,0,0,0,0,0,0,0,0,42000,0,0,0,54000,12000,42000,42000
06637P,大立光凱基98售15,0,0,0,0,0,0,0,0,0,42000,0,0,0,42000,0,42000,42000
056657,華邦電元大99購01,0,0,0,0,0,0,0,0,0,42000,0,0,0,87000,45000,42000,42000
061546,大立光群益9A購05,0,0,0,0,0,0,0,0,0,42000,0,0,0,46000,4000,42000,42000
056843,冠德元富98購01  ,0,0,0,0,0,0,0,0,0,42000,0,0,0,42000,0,42000,42000
061065,神基凱基9A購01  ,0,0,0,0,0,0,0,0,0,42000,0,0,0,82000,40000,42000,42000
058390,樺漢國票9A購01  ,0,0,0,0,0,0,0,0,0,42000,0,0,0,70000,28000,42000,42000
058085,景碩群益9A購01  ,0,0,0,0,0,0,0,0,0,42000,0,0,0,67000,25000,42000,42000
058093,神達元大9A購01  ,0,0,0,0,0,0,0,0,0,42000,0,0,0,49000,7000,42000,42000
062272,鴻海群益9B購05  ,0,0,0,0,0,0,0,0,0,42000,0,0,0,76000,34000,42000,42000
06177P,玉晶光元大98售07,0,0,0,0,0,0,0,0,0,42000,0,0,0,142000,100000,42000,42000
059172,台郡凱基99購03  ,0,0,0,0,0,0,0,0,0,42000,0,0,0,62000,20000,42000,42000
058852,貿聯群益99購04  ,0,0,0,0,0,0,0,0,0,42000,0,0,0,42000,0,42000,42000
058583,臻鼎群益99購01  ,0,0,0,0,0,0,0,0,0,42000,0,0,0,42000,0,42000,42000
062538,台積電國泰9C購02,0,0,0,0,0,0,0,0,0,42000,0,0,0,44000,2000,42000,42000
061858,南電國票9B購02  ,0,0,0,0,0,0,0,0,0,42000,0,0,0,51000,9000,42000,42000
062314,玉晶光凱基9B購06,0,0,0,0,0,0,0,0,0,42000,0,0,0,71000,29000,42000,42000
063463,瑞昱元大9B購05  ,0,0,0,0,0,0,0,0,0,42000,0,0,0,58000,16000,42000,42000
063047,大立光兆豐9B購03,0,0,0,0,0,0,0,0,0,42000,0,0,0,42000,0,42000,42000
064001,華通凱基02購01  ,0,0,0,0,0,0,0,0,0,42000,0,0,0,42000,0,42000,42000
063766,南茂元富9B購01  ,0,0,0,0,0,0,0,0,0,42000,0,0,0,116000,74000,42000,42000
064587,泰碩永豐9C購01  ,0,0,0,0,0,0,0,0,0,42000,0,0,0,42000,0,42000,42000
064309,聯發科群益9C購07,0,0,0,0,0,0,0,0,0,42000,0,0,0,66000,24000,42000,42000
6243,迅杰            ,45000,3000,42000,0,0,0,0,0,0,0,0,0,0,0,0,0,42000
6206,飛捷            ,67000,24000,43000,0,0,0,0,0,0,-1000,0,1000,-1000,0,0,0,42000
065219,緯穎國泰01購01  ,0,0,0,0,0,0,0,0,0,41000,0,0,0,54000,13000,41000,41000
07359P,台積電元大99售45,0,0,0,0,0,0,0,0,0,41000,0,0,0,41000,0,41000,41000
07953P,健策元大9B售07  ,0,0,0,0,0,0,0,0,0,41000,0,0,0,55000,14000,41000,41000
07709P,創意元大9A售01  ,0,0,0,0,0,0,0,0,0,41000,0,0,0,75000,34000,41000,41000
08003P,國巨國泰9B售07  ,0,0,0,0,0,0,0,0,0,41000,0,0,0,41000,0,41000,41000
08204P,台灣50中信01售04,0,0,0,0,0,0,0,0,0,41000,0,0,0,41000,0,41000,41000
2423,固緯            ,44000,3000,41000,0,0,0,0,0,0,0,0,0,0,0,0,0,41000
054917,聯發科凱基98購05,0,0,0,0,0,0,0,0,0,41000,0,0,0,41000,0,41000,41000
042116,元油2X國票97購01,0,0,0,0,0,0,0,0,0,41000,0,0,0,41000,0,41000,41000
00733,富邦臺灣中小    ,0,0,0,0,0,0,0,0,0,41000,0,0,0,243000,202000,41000,41000
060164,合勤控永豐9A購01,0,0,0,0,0,0,0,0,0,41000,0,0,0,67000,26000,41000,41000
062166,致新國泰01購01  ,0,0,0,0,0,0,0,0,0,41000,0,0,0,55000,14000,41000,41000
061690,旺宏群益9A購05  ,0,0,0,0,0,0,0,0,0,41000,0,0,0,43000,2000,41000,41000
058105,旺宏統一9A購02  ,0,0,0,0,0,0,0,0,0,41000,0,0,0,52000,11000,41000,41000
057903,聯鈞永豐99購01  ,0,0,0,0,0,0,0,0,0,41000,0,0,0,41000,0,41000,41000
058434,旺宏統一9B購01  ,0,0,0,0,0,0,0,0,0,41000,0,0,0,56000,15000,41000,41000
060681,華擎元大9A購02  ,0,0,0,0,0,0,0,0,0,41000,0,0,0,68000,27000,41000,41000
060707,台郡富邦9A購01  ,0,0,0,0,0,0,0,0,0,41000,0,0,0,81000,40000,41000,41000
064290,GIS元大9C購04   ,0,0,0,0,0,0,0,0,0,41000,0,0,0,83000,42000,41000,41000
064224,玉晶光國票01購04,0,0,0,0,0,0,0,0,0,41000,0,0,0,68000,27000,41000,41000
064167,緯穎統一01購03  ,0,0,0,0,0,0,0,0,0,41000,0,0,0,41000,0,41000,41000
064428,裕隆凱基02購01  ,0,0,0,0,0,0,0,0,0,41000,0,0,0,41000,0,41000,41000
064681,牧德兆豐01購01  ,0,0,0,0,0,0,0,0,0,41000,0,0,0,61000,20000,41000,41000
064670,智伸科元大9C購01,0,0,0,0,0,0,0,0,0,41000,0,0,0,73000,32000,41000,41000
063752,瑞祺國票9C購01  ,0,0,0,0,0,0,0,0,0,41000,0,0,0,161000,120000,41000,41000
064008,日月光凱基9C購01,0,0,0,0,0,0,0,0,0,41000,0,0,0,88000,47000,41000,41000
063142,奇力新統一9C購04,0,0,0,0,0,0,0,0,0,41000,0,0,0,54000,13000,41000,41000
062902,智邦元大9B購07  ,0,0,0,0,0,0,0,0,0,41000,0,0,0,116000,75000,41000,41000
061990,台勝科元大9C購01,0,0,0,0,0,0,0,0,0,41000,0,0,0,185000,144000,41000,41000
062527,美律統一01購01  ,0,0,0,0,0,0,0,0,0,41000,0,0,0,59000,18000,41000,41000
6464,台數科          ,31000,1000,30000,0,0,0,0,0,0,11000,11000,0,11000,0,0,0,41000
6477,安集            ,45000,5000,40000,0,0,0,0,0,0,1000,1000,0,1000,0,0,0,41000
9941,裕融            ,78000,37000,41000,0,0,0,0,0,0,0,0,0,0,0,0,0,41000
2420,新巨            ,42000,2000,40000,0,0,0,0,0,0,0,0,0,0,0,0,0,40000
1732,毛寶            ,109000,69000,40000,0,0,0,0,0,0,0,4000,4000,0,0,0,0,40000
1906,寶隆            ,83000,44000,39000,0,0,0,0,0,0,1000,1000,0,1000,0,0,0,40000
4989,榮科            ,60000,21000,39000,0,0,0,0,0,0,1000,1000,0,1000,0,0,0,40000
08322P,國巨凱基9C售08  ,0,0,0,0,0,0,0,0,0,40000,0,0,0,50000,10000,40000,40000
06584P,欣興凱基98售03  ,0,0,0,0,0,0,0,0,0,40000,0,0,0,40000,0,40000,40000
06653P,美食元大98售02  ,0,0,0,0,0,0,0,0,0,40000,0,0,0,40000,0,40000,40000
00689R,國泰20年美債反1 ,0,0,0,0,0,0,0,0,0,40000,0,0,0,140000,100000,40000,40000
045517,元油2X元富98購01,0,0,0,0,0,0,0,0,0,40000,0,0,0,40000,0,40000,40000
052989,麗豐元大98購01  ,0,0,0,0,0,0,0,0,0,40000,0,0,0,40000,0,40000,40000
055235,金寶台新98購01  ,0,0,0,0,0,0,0,0,0,40000,0,0,0,40000,0,40000,40000
054480,和碩中信98購01  ,0,0,0,0,0,0,0,0,0,40000,0,0,0,98000,58000,40000,40000
055384,緯穎元大98購02  ,0,0,0,0,0,0,0,0,0,40000,0,0,0,40000,0,40000,40000
053181,滬深2X元富99購02,0,0,0,0,0,0,0,0,0,40000,0,0,0,50000,10000,40000,40000
054623,華新科第一97購01,0,0,0,0,0,0,0,0,0,40000,0,0,0,40000,0,40000,40000
054246,國巨元大96購12  ,0,0,0,0,0,0,0,0,0,40000,0,0,0,40000,0,40000,40000
054266,緯穎元大96購07  ,0,0,0,0,0,0,0,0,0,40000,0,0,0,40000,0,40000,40000
054194,國巨麥證96購02  ,0,0,0,40000,0,40000,0,0,0,40000,0,0,0,40000,0,40000,40000
056894,佳世達元大99購01,0,0,0,0,0,0,0,0,0,40000,0,0,0,40000,0,40000,40000
055661,亞德客中信98購01,0,0,0,0,0,0,0,0,0,40000,0,0,0,40000,0,40000,40000
057793,群創統一99購02  ,0,0,0,0,0,0,0,0,0,40000,0,0,0,40000,0,40000,40000
055700,緯穎國泰98購02  ,0,0,0,0,0,0,0,0,0,40000,0,0,0,67000,27000,40000,40000
055776,宏達電凱基98購02,0,0,0,0,0,0,0,0,0,40000,0,0,0,40000,0,40000,40000
055777,冠德凱基97購01  ,0,0,0,0,0,0,0,0,0,40000,0,0,0,60000,20000,40000,40000
056196,聯茂富邦98購02  ,0,0,0,0,0,0,0,0,0,40000,0,0,0,40000,0,40000,40000
056026,智易群益97購01  ,0,0,0,0,0,0,0,0,0,40000,0,0,0,40000,0,40000,40000
060683,泰鼎元大9A購02  ,0,0,0,0,0,0,0,0,0,40000,0,0,0,40000,0,40000,40000
060341,國巨統一9C購02  ,0,0,0,0,0,0,0,0,0,40000,0,0,0,43000,3000,40000,40000
058526,鈺齊元大99購02  ,0,0,0,0,0,0,0,0,0,40000,0,0,0,45000,5000,40000,40000
060408,和潤國泰9C購01  ,0,0,0,0,0,0,0,0,0,40000,0,0,0,40000,0,40000,40000
058111,健鼎元富98購01  ,0,0,0,0,0,0,0,0,0,40000,0,0,0,40000,0,40000,40000
06192P,高股息中信98售01,0,0,0,0,0,0,0,0,0,40000,0,0,0,40000,0,40000,40000
061918,上銀凱基9B購02  ,0,0,0,0,0,0,0,0,0,40000,0,0,0,50000,10000,40000,40000
061747,南亞科統一01購01,0,0,0,0,0,0,0,0,0,40000,0,0,0,40000,0,40000,40000
061192,奇鋐永豐9A購01  ,0,0,0,0,0,0,0,0,0,40000,0,0,0,50000,10000,40000,40000
061146,台表科中信9A購02,0,0,0,0,0,0,0,0,0,40000,0,0,0,60000,20000,40000,40000
059006,樺漢元大99購01  ,0,0,0,0,0,0,0,0,0,40000,0,0,0,163000,123000,40000,40000
058197,國巨中信99購02  ,0,0,0,0,0,0,0,0,0,40000,0,0,0,40000,0,40000,40000
058572,百和凱基9A購01  ,0,0,0,0,0,0,0,0,0,40000,0,0,0,50000,10000,40000,40000
059911,國巨元大99購27  ,0,0,0,0,0,0,0,0,0,40000,0,0,0,56000,16000,40000,40000
059701,國巨凱基9A購09  ,0,0,0,0,0,0,0,0,0,40000,0,0,0,40000,0,40000,40000
062495,友達中信01購02  ,0,0,0,0,0,0,0,0,0,40000,0,0,0,40000,0,40000,40000
062697,國巨元大9C購01  ,0,0,0,0,0,0,0,0,0,40000,0,0,0,55000,15000,40000,40000
062744,超眾國泰9C購01  ,0,0,0,0,0,0,0,0,0,40000,0,0,0,40000,0,40000,40000
062204,京元電國票9C購01,0,0,0,0,0,0,0,0,0,40000,0,0,0,40000,0,40000,40000
063308,緯穎凱基9B購05  ,0,0,0,0,0,0,0,0,0,40000,0,0,0,40000,0,40000,40000
064593,鈺齊永豐9C購01  ,0,0,0,0,0,0,0,0,0,40000,0,0,0,114000,74000,40000,40000
064422,聯發科兆豐01購02,0,0,0,0,0,0,0,0,0,40000,0,0,0,124000,84000,40000,40000
064325,亞德客元大9C購01,0,0,0,0,0,0,0,0,0,40000,0,0,0,90000,50000,40000,40000
064300,英業達兆豐9C購01,0,0,0,0,0,0,0,0,0,40000,0,0,0,187000,147000,40000,40000
3011,今皓            ,41000,2000,39000,0,0,0,0,0,0,0,0,0,0,0,0,0,39000
2314,台揚            ,306000,267000,39000,0,0,0,0,0,0,0,0,0,0,0,0,0,39000
056330,玉晶光國票99購03,0,0,0,0,0,0,0,0,0,39000,0,0,0,48000,9000,39000,39000
056624,景碩永豐98購01  ,0,0,0,0,0,0,0,0,0,39000,0,0,0,49000,10000,39000,39000
061613,南六統一9C購01  ,0,0,0,0,0,0,0,0,0,39000,0,0,0,39000,0,39000,39000
054539,欣興國票98購01  ,0,0,0,0,0,0,0,0,0,39000,0,0,0,39000,0,39000,39000
053092,台表科元大97購02,0,0,0,0,0,0,0,0,0,39000,0,0,0,50000,11000,39000,39000
058622,國巨國票99購07  ,0,0,0,0,0,0,0,0,0,39000,0,0,0,59000,20000,39000,39000
061824,聯電麥證9B購01  ,0,0,0,58000,19000,39000,0,0,0,39000,0,0,0,58000,19000,39000,39000
061927,玉晶光凱基9C購01,0,0,0,0,0,0,0,0,0,39000,0,0,0,46000,7000,39000,39000
062057,華邦電統一01購01,0,0,0,0,0,0,0,0,0,39000,0,0,0,82000,43000,39000,39000
061923,友達凱基9B購04  ,0,0,0,0,0,0,0,0,0,39000,0,0,0,39000,0,39000,39000
057915,台泥凱基98購01  ,0,0,0,0,0,0,0,0,0,39000,0,0,0,99000,60000,39000,39000
064317,日月光群益9C購01,0,0,0,0,0,0,0,0,0,39000,0,0,0,94000,55000,39000,39000
06438P,玉晶光國票99售02,0,0,0,0,0,0,0,0,0,39000,0,0,0,378000,339000,39000,39000
063896,世芯群益9C購01  ,0,0,0,0,0,0,0,0,0,39000,0,0,0,45000,6000,39000,39000
063524,瑞昱凱基9B購05  ,0,0,0,0,0,0,0,0,0,39000,0,0,0,52000,13000,39000,39000
063240,聯發科元大9B購17,0,0,0,0,0,0,0,0,0,39000,0,0,0,42000,3000,39000,39000
063491,國巨富邦02購02  ,0,0,0,0,0,0,0,0,0,39000,0,0,0,198000,159000,39000,39000
061997,台郡元大9B購03  ,0,0,0,0,0,0,0,0,0,39000,0,0,0,73000,34000,39000,39000
062478,牧德國票9B購03  ,0,0,0,0,0,0,0,0,0,39000,0,0,0,55000,16000,39000,39000
9943,好樂迪          ,59000,20000,39000,0,0,0,0,0,0,0,0,0,0,0,0,0,39000
1786,科妍            ,74000,37000,37000,0,0,0,0,0,0,1000,1000,0,1000,0,0,0,38000
2442,新美齊          ,213000,175000,38000,0,0,0,0,0,0,0,0,0,0,0,0,0,38000
065080,燿華元大01購01  ,0,0,0,0,0,0,0,0,0,38000,0,0,0,38000,0,38000,38000
07049P,聯發科中信99售03,0,0,0,0,0,0,0,0,0,38000,0,0,0,48000,10000,38000,38000
06863P,欣興凱基98售05  ,0,0,0,0,0,0,0,0,0,38000,0,0,0,38000,0,38000,38000
052893,聯電群益98購01  ,0,0,0,0,0,0,0,0,0,38000,0,0,0,59000,21000,38000,38000
055439,台表科國票98購02,0,0,0,0,0,0,0,0,0,38000,0,0,0,88000,50000,38000,38000
055137,GIS富邦98購01   ,0,0,0,0,0,0,0,0,0,38000,0,0,0,38000,0,38000,38000
055527,旺宏群益99購03  ,0,0,0,0,0,0,0,0,0,38000,0,0,0,38000,0,38000,38000
056554,GIS凱基99購01   ,0,0,0,0,0,0,0,0,0,38000,0,0,0,175000,137000,38000,38000
056777,矽力元大98購02  ,0,0,0,0,0,0,0,0,0,38000,0,0,0,38000,0,38000,38000
057691,健策凱基99購01  ,0,0,0,0,0,0,0,0,0,38000,0,0,0,46000,8000,38000,38000
057267,康控兆豐99購01  ,0,0,0,0,0,0,0,0,0,38000,0,0,0,38000,0,38000,38000
056437,台積電凱基98購11,0,0,0,0,0,0,0,0,0,38000,0,0,0,50000,12000,38000,38000
058774,台郡兆豐9A購01  ,0,0,0,0,0,0,0,0,0,38000,0,0,0,38000,0,38000,38000
059923,緯穎元大99購09  ,0,0,0,0,0,0,0,0,0,38000,0,0,0,42000,4000,38000,38000
059539,緯穎凱基99購03  ,0,0,0,0,0,0,0,0,0,38000,0,0,0,53000,15000,38000,38000
062925,建準國票9B購01  ,0,0,0,0,0,0,0,0,0,38000,0,0,0,38000,0,38000,38000
8104,錸寶            ,137000,100000,37000,0,0,0,0,0,0,1000,1000,0,1000,0,0,0,38000
8411,福貞-KY         ,41000,3000,38000,0,0,0,0,0,0,0,0,0,0,0,0,0,38000
07906P,中租群益9B售02  ,0,0,0,0,0,0,0,0,0,37000,0,0,0,47000,10000,37000,37000
2702,華園            ,50000,13000,37000,0,0,0,0,0,0,0,0,0,0,0,0,0,37000
2031,新光鋼          ,146000,103000,43000,0,0,0,0,0,0,-6000,0,6000,-6000,0,0,0,37000
3356,奇偶            ,61000,24000,37000,0,0,0,0,0,0,0,0,0,0,0,0,0,37000
08220P,華邦電凱基9B售02,0,0,0,0,0,0,0,0,0,37000,0,0,0,40000,3000,37000,37000
08179P,華新科元大9B售13,0,0,0,0,0,0,0,0,0,37000,0,0,0,77000,40000,37000,37000
08422P,玉晶光群益02售03,0,0,0,0,0,0,0,0,0,37000,0,0,0,37000,0,37000,37000
056344,嘉晶凱基98購02  ,0,0,0,0,0,0,0,0,0,37000,0,0,0,45000,8000,37000,37000
056187,京鼎統一97購01  ,0,0,0,0,0,0,0,0,0,37000,0,0,0,37000,0,37000,37000
057657,國巨兆豐98購04  ,0,0,0,0,0,0,0,0,0,37000,0,0,0,37000,0,37000,37000
055726,台表科元大98購03,0,0,0,0,0,0,0,0,0,37000,0,0,0,45000,8000,37000,37000
053588,聯發科元大97購07,0,0,0,0,0,0,0,0,0,37000,0,0,0,37000,0,37000,37000
052695,台表科中信98購01,0,0,0,0,0,0,0,0,0,37000,0,0,0,37000,0,37000,37000
00766L,台新MSCI中國正2 ,0,0,0,0,0,0,0,0,0,37000,0,0,0,250000,213000,37000,37000
060259,潤泰全凱基9C購01,0,0,0,0,0,0,0,0,0,37000,0,0,0,76000,39000,37000,37000
061126,京元電永豐9A購02,0,0,0,0,0,0,0,0,0,37000,0,0,0,47000,10000,37000,37000
060716,新唐永豐9A購01  ,0,0,0,0,0,0,0,0,0,37000,0,0,0,272000,235000,37000,37000
060790,日月光富邦9A購01,0,0,0,0,0,0,0,0,0,37000,0,0,0,290000,253000,37000,37000
062917,旭富元大9C購03  ,0,0,0,0,0,0,0,0,0,37000,0,0,0,133000,96000,37000,37000
062882,新日興兆豐9C購01,0,0,0,0,0,0,0,0,0,37000,0,0,0,37000,0,37000,37000
063490,儒鴻富邦9C購01  ,0,0,0,0,0,0,0,0,0,37000,0,0,0,40000,3000,37000,37000
063243,聯發科元大9B購20,0,0,0,0,0,0,0,0,0,37000,0,0,0,72000,35000,37000,37000
062721,美律凱基9B購02  ,0,0,0,0,0,0,0,0,0,37000,0,0,0,42000,5000,37000,37000
063868,嘉晶永豐9C購01  ,0,0,0,0,0,0,0,0,0,37000,0,0,0,40000,3000,37000,37000
064039,亞德客統一02購01,0,0,0,0,0,0,0,0,0,37000,0,0,0,37000,0,37000,37000
064277,可成元大9C購04  ,0,0,0,0,0,0,0,0,0,37000,0,0,0,37000,0,37000,37000
8463,潤泰材          ,54000,17000,37000,0,0,0,0,0,0,0,0,0,0,0,0,0,37000
9908,大台北          ,61000,6000,55000,0,0,0,0,0,0,-18000,0,18000,-18000,0,0,0,37000
08395P,燿華永豐9C售02  ,0,0,0,0,0,0,0,0,0,36000,0,0,0,58000,22000,36000,36000
1506,正道            ,52000,16000,36000,0,0,0,0,0,0,0,0,0,0,0,0,0,36000
1465,偉全            ,36000,0,36000,0,0,0,0,0,0,0,0,0,0,0,0,0,36000
08202P,台表科國泰01售04,0,0,0,0,0,0,0,0,0,36000,0,0,0,36000,0,36000,36000
3432,台端            ,64000,35000,29000,0,0,0,0,0,0,7000,7000,0,7000,0,0,0,36000
3002,歐格            ,37000,1000,36000,0,0,0,0,0,0,0,0,0,0,0,0,0,36000
07765P,台積電群益9A售06,0,0,0,0,0,0,0,0,0,36000,0,0,0,70000,34000,36000,36000
046375,友達凱基98購01  ,0,0,0,0,0,0,0,0,0,36000,0,0,0,36000,0,36000,36000
054845,智邦兆豐98購01  ,0,0,0,0,0,0,0,0,0,36000,0,0,0,36000,0,36000,36000
056842,全新元富98購01  ,0,0,0,0,0,0,0,0,0,36000,0,0,0,46000,10000,36000,36000
060548,友達凱基9B購03  ,0,0,0,0,0,0,0,0,0,36000,0,0,0,36000,0,36000,36000
058503,鴻海元大99購14  ,0,0,0,0,0,0,0,0,0,36000,0,0,0,36000,0,36000,36000
058477,億光凱基9A購01  ,0,0,0,0,0,0,0,0,0,36000,0,0,0,44000,8000,36000,36000
062071,華通元大9B購02  ,0,0,0,0,0,0,0,0,0,36000,0,0,0,43000,7000,36000,36000
061817,高鐵群益9B購01  ,0,0,0,0,0,0,0,0,0,36000,0,0,0,129000,93000,36000,36000
060930,超眾永豐9A購03  ,0,0,0,0,0,0,0,0,0,36000,0,0,0,36000,0,36000,36000
060896,晶技凱基9A購02  ,0,0,0,0,0,0,0,0,0,36000,0,0,0,51000,15000,36000,36000
058707,泰鼎元大99購02  ,0,0,0,0,0,0,0,0,0,36000,0,0,0,60000,24000,36000,36000
060079,台郡台新99購03  ,0,0,0,0,0,0,0,0,0,36000,0,0,0,36000,0,36000,36000
064097,友訊群益9C購01  ,0,0,0,0,0,0,0,0,0,36000,0,0,0,36000,0,36000,36000
064119,上銀元大9C購06  ,0,0,0,0,0,0,0,0,0,36000,0,0,0,36000,0,36000,36000
064137,台泥統一02購01  ,0,0,0,0,0,0,0,0,0,36000,0,0,0,46000,10000,36000,36000
063576,台表科元大9B購08,0,0,0,0,0,0,0,0,0,36000,0,0,0,93000,57000,36000,36000
063816,TPK群益9C購01   ,0,0,0,0,0,0,0,0,0,36000,0,0,0,39000,3000,36000,36000
062619,台表科元大9B購03,0,0,0,0,0,0,0,0,0,36000,0,0,0,58000,22000,36000,36000
062456,台積電群益9B購05,0,0,0,0,0,0,0,0,0,36000,0,0,0,87000,51000,36000,36000
062370,華擎元大9B購01  ,0,0,0,0,0,0,0,0,0,36000,0,0,0,36000,0,36000,36000
063425,台勝科凱基9B購02,0,0,0,0,0,0,0,0,0,36000,0,0,0,108000,72000,36000,36000
063122,聯發科元大9B購15,0,0,0,0,0,0,0,0,0,36000,0,0,0,101000,65000,36000,36000
065002,致茂國票01購01  ,0,0,0,0,0,0,0,0,0,35000,0,0,0,36000,1000,35000,35000
064858,鴻海富邦01購01  ,0,0,0,0,0,0,0,0,0,35000,0,0,0,50000,15000,35000,35000
064838,旭富統一01購01  ,0,0,0,0,0,0,0,0,0,35000,0,0,0,83000,48000,35000,35000
2882A,國泰特          ,0,0,0,0,0,0,0,0,0,35000,35000,0,35000,0,0,0,35000
4720,德淵            ,274000,239000,35000,0,0,0,0,0,0,0,0,0,0,0,0,0,35000
1810,和成            ,47000,12000,35000,0,0,0,0,0,0,0,0,0,0,0,0,0,35000
2497,怡利電          ,64000,29000,35000,0,0,0,0,0,0,0,0,0,0,0,0,0,35000
08286P,大立光凱基9C售04,0,0,0,0,0,0,0,0,0,35000,0,0,0,40000,5000,35000,35000
07995P,臺股指麥證9C售01,0,0,0,45000,10000,35000,0,0,0,35000,0,0,0,45000,10000,35000,35000
057300,訊連永豐98購01  ,0,0,0,0,0,0,0,0,0,35000,0,0,0,35000,0,35000,35000
061389,華新科群益9B購01,0,0,0,0,0,0,0,0,0,35000,0,0,0,46000,11000,35000,35000
061436,上銀凱基9A購07  ,0,0,0,0,0,0,0,0,0,35000,0,0,0,35000,0,35000,35000
061270,彩晶凱基9A購02  ,0,0,0,0,0,0,0,0,0,35000,0,0,0,40000,5000,35000,35000
056318,鴻海群益98購02  ,0,0,0,0,0,0,0,0,0,35000,0,0,0,35000,0,35000,35000
056259,T50反1統一9A購01,0,0,0,0,0,0,0,0,0,35000,0,0,0,35000,0,35000,35000
056721,台灣50永昌9A購01,0,0,0,0,0,0,0,0,0,35000,0,0,0,60000,25000,35000,35000
054158,國巨日盛99購01  ,0,0,0,0,0,0,0,0,0,35000,0,0,0,35000,0,35000,35000
053561,玉晶光國泰98購01,0,0,0,0,0,0,0,0,0,35000,0,0,0,35000,0,35000,35000
053485,矽創國票97購04  ,0,0,0,0,0,0,0,0,0,35000,0,0,0,35000,0,35000,35000
04590P,元石油元大97售01,0,0,0,0,0,0,0,0,0,35000,0,0,0,35000,0,35000,35000
00665L,富邦恒生國企正2 ,0,199000,-199000,0,0,0,0,0,0,234000,0,0,0,312000,78000,234000,35000
055163,訊芯元大98購01  ,0,0,0,0,0,0,0,0,0,35000,0,0,0,35000,0,35000,35000
055207,致新中信99購01  ,0,0,0,0,0,0,0,0,0,35000,0,0,0,57000,22000,35000,35000
03446B,臺股指元大9B熊26,0,0,0,0,0,0,0,0,0,35000,0,0,0,168000,133000,35000,35000
058623,國巨國票99購08  ,0,0,0,0,0,0,0,0,0,35000,0,0,0,59000,24000,35000,35000
061004,友達兆豐9A購01  ,0,0,0,0,0,0,0,0,0,35000,0,0,0,35000,0,35000,35000
059821,美律凱基99購08  ,0,0,0,0,0,0,0,0,0,35000,0,0,0,35000,0,35000,35000
059662,旭富元大9C購01  ,0,0,0,0,0,0,0,0,0,35000,0,0,0,35000,0,35000,35000
058446,新光金富邦9C購01,0,0,0,0,0,0,0,0,0,35000,0,0,0,36000,1000,35000,35000
060466,玉山金元大9A購01,0,0,0,0,0,0,0,0,0,35000,0,0,0,35000,0,35000,35000
060847,康控國票9A購01  ,0,0,0,0,0,0,0,0,0,35000,0,0,0,35000,0,35000,35000
060329,鎧勝群益9B購01  ,0,0,0,0,0,0,0,0,0,35000,0,0,0,45000,10000,35000,35000
06076P,大立光凱基98售03,0,0,0,0,0,0,0,0,0,35000,0,0,0,35000,0,35000,35000
060732,玉晶光群益9C購02,0,0,0,0,0,0,0,0,0,35000,0,0,0,47000,12000,35000,35000
062865,臺股指國票9B購22,0,0,0,0,0,0,0,0,0,35000,0,0,0,55000,20000,35000,35000
063362,台表科國泰01購03,0,0,0,0,0,0,0,0,0,35000,0,0,0,37000,2000,35000,35000
063262,南六富邦9C購01  ,0,0,0,0,0,0,0,0,0,35000,0,0,0,68000,33000,35000,35000
063294,美律麥證9B購01  ,0,0,0,35000,0,35000,0,0,0,35000,0,0,0,35000,0,35000,35000
062310,南亞科凱基9B購02,0,0,0,0,0,0,0,0,0,35000,0,0,0,35000,0,35000,35000
062422,億光統一01購01  ,0,0,0,0,0,0,0,0,0,35000,0,0,0,35000,0,35000,35000
062218,燿華統一01購01  ,0,0,0,0,0,0,0,0,0,35000,0,0,0,139000,104000,35000,35000
062524,鴻海統一9C購09  ,0,0,0,0,0,0,0,0,0,35000,0,0,0,35000,0,35000,35000
064011,嘉晶國票9C購01  ,0,0,0,0,0,0,0,0,0,35000,0,0,0,36000,1000,35000,35000
064262,玉晶光永豐9C購03,0,0,0,0,0,0,0,0,0,35000,0,0,0,36000,1000,35000,35000
064622,晶技元大01購01  ,0,0,0,0,0,0,0,0,0,35000,0,0,0,40000,5000,35000,35000
6136,富爾特          ,35000,0,35000,0,0,0,0,0,0,0,0,0,0,0,0,0,35000
08056P,華通群益9B售06  ,0,0,0,0,0,0,0,0,0,34000,0,0,0,46000,12000,34000,34000
08111P,臺股指中信01售06,0,0,0,0,0,0,0,0,0,34000,0,0,0,52000,18000,34000,34000
08514P,華新科凱基9C售05,0,0,0,0,0,0,0,0,0,34000,0,0,0,69000,35000,34000,34000
4763,材料-KY         ,42000,8000,34000,0,0,0,0,0,0,0,0,0,0,0,0,0,34000
3686,達能            ,39000,5000,34000,0,0,0,0,0,0,0,0,0,0,0,0,0,34000
065004,瑞昱國票01購02  ,0,0,0,0,0,0,0,0,0,34000,0,0,0,56000,22000,34000,34000
07392P,台積電國泰02售01,0,0,0,0,0,0,0,0,0,34000,0,0,0,46000,12000,34000,34000
06729P,聯詠元大98售03  ,0,0,0,0,0,0,0,0,0,34000,0,0,0,39000,5000,34000,34000
07121P,華新科凱基99售03,0,0,0,0,0,0,0,0,0,34000,0,0,0,78000,44000,34000,34000
055153,台光電元大98購02,0,0,0,0,0,0,0,0,0,34000,0,0,0,34000,0,34000,34000
057728,瑞昱國泰99購01  ,0,0,0,0,0,0,0,0,0,34000,0,0,0,34000,0,34000,34000
056658,美食元大98購01  ,0,0,0,0,0,0,0,0,0,34000,0,0,0,34000,0,34000,34000
060483,友達富邦9A購01  ,0,0,0,0,0,0,0,0,0,34000,0,0,0,34000,0,34000,34000
061724,訊芯永豐9A購01  ,0,0,0,0,0,0,0,0,0,34000,0,0,0,49000,15000,34000,34000
061658,聯茂富邦9A購03  ,0,0,0,0,0,0,0,0,0,34000,0,0,0,152000,118000,34000,34000
059694,創意永豐99購03  ,0,0,0,0,0,0,0,0,0,34000,0,0,0,81000,47000,34000,34000
060072,國巨元富99購04  ,0,0,0,0,0,0,0,0,0,34000,0,0,0,37000,3000,34000,34000
064287,日月光元大9C購01,0,0,0,0,0,0,0,0,0,34000,0,0,0,53000,19000,34000,34000
062639,臻鼎國票9C購01  ,0,0,0,0,0,0,0,0,0,34000,0,0,0,37000,3000,34000,34000
063287,嘉澤元大9B購05  ,0,0,0,0,0,0,0,0,0,34000,0,0,0,349000,315000,34000,34000
4566,時碩工業        ,36000,3000,33000,0,0,0,0,0,0,0,0,0,0,0,0,0,33000
3021,鴻名            ,33000,0,33000,0,0,0,0,0,0,0,0,0,0,0,0,0,33000
2731,雄獅            ,60000,27000,33000,0,0,0,0,0,0,0,0,0,0,0,0,0,33000
2369,菱生            ,442000,409000,33000,0,0,0,0,0,0,0,0,0,0,0,0,0,33000
1503,士電            ,41000,9000,32000,0,0,0,0,0,0,1000,1000,0,1000,0,0,0,33000
055247,聯發科統一98購01,0,0,0,0,0,0,0,0,0,33000,0,0,0,33000,0,33000,33000
00690,兆豐藍籌30      ,2000,2000,0,0,0,0,0,0,0,33000,0,0,0,196000,163000,33000,33000
046937,聯電元大99購01  ,0,0,0,0,0,0,0,0,0,33000,0,0,0,39000,6000,33000,33000
061510,嘉澤富邦9C購01  ,0,0,0,0,0,0,0,0,0,33000,0,0,0,41000,8000,33000,33000
059452,全新永豐99購03  ,0,0,0,0,0,0,0,0,0,33000,0,0,0,108000,75000,33000,33000
060197,臻鼎元富9A購02  ,0,0,0,0,0,0,0,0,0,33000,0,0,0,33000,0,33000,33000
062291,力成富邦9B購01  ,0,0,0,0,0,0,0,0,0,33000,0,0,0,33000,0,33000,33000
060436,巨大永豐9A購01  ,0,0,0,0,0,0,0,0,0,33000,0,0,0,33000,0,33000,33000
060626,貿聯元大9A購04  ,0,0,0,0,0,0,0,0,0,33000,0,0,0,35000,2000,33000,33000
062992,聯發科群益9B購09,0,0,0,0,0,0,0,0,0,33000,0,0,0,110000,77000,33000,33000
062729,神達凱基9B購02  ,0,0,0,0,0,0,0,0,0,33000,0,0,0,33000,0,33000,33000
064586,緯創永豐9C購01  ,0,0,0,0,0,0,0,0,0,33000,0,0,0,45000,12000,33000,33000
063988,華通永豐9C購01  ,0,0,0,0,0,0,0,0,0,33000,0,0,0,33000,0,33000,33000
063744,儒鴻國票9C購01  ,0,0,0,0,0,0,0,0,0,33000,0,0,0,33000,0,33000,33000
6164,華興            ,39000,6000,33000,0,0,0,0,0,0,0,0,0,0,0,0,0,33000
8940,新天地          ,38000,5000,33000,0,0,0,0,0,0,0,0,0,0,0,0,0,33000
1615,大山            ,45000,14000,31000,0,0,0,0,0,0,1000,1000,0,1000,0,0,0,32000
2302,麗正            ,32000,0,32000,0,0,0,0,0,0,0,0,0,0,0,0,0,32000
3055,蔚華科          ,35000,3000,32000,0,0,0,0,0,0,0,0,0,0,0,0,0,32000
052888,台表科中信9A購01,0,0,0,0,0,0,0,0,0,32000,0,0,0,32000,0,32000,32000
055118,嘉聯益凱基98購02,0,0,0,0,0,0,0,0,0,32000,0,0,0,32000,0,32000,32000
057530,奇鋐元大99購01  ,0,0,0,0,0,0,0,0,0,32000,0,0,0,43000,11000,32000,32000
057100,國巨中信9A購02  ,0,0,0,0,0,0,0,0,0,32000,0,0,0,32000,0,32000,32000
061442,玉晶光永豐9A購07,0,0,0,0,0,0,0,0,0,32000,0,0,0,33000,1000,32000,32000
060334,群光康和9A購01  ,0,0,0,0,0,0,0,0,0,32000,0,0,0,35000,3000,32000,32000
062276,瑞昱群益9B購01  ,0,0,0,0,0,0,0,0,0,32000,0,0,0,34000,2000,32000,32000
058895,鴻海元大99購20  ,0,0,0,0,0,0,0,0,0,32000,0,0,0,32000,0,32000,32000
059648,台表科凱基99購03,0,0,0,0,0,0,0,0,0,32000,0,0,0,32000,0,32000,32000
063668,奇力新統一01購03,0,0,0,0,0,0,0,0,0,32000,0,0,0,32000,0,32000,32000
064476,金像電國泰02購01,0,0,0,0,0,0,0,0,0,32000,0,0,0,32000,0,32000,32000
064210,台光電凱基03購01,0,0,0,0,0,0,0,0,0,32000,0,0,0,68000,36000,32000,32000
062230,緯穎統一01購01  ,0,0,0,0,0,0,0,0,0,32000,0,0,0,119000,87000,32000,32000
061868,旺宏元大9B購03  ,0,0,0,0,0,0,0,0,0,32000,0,0,0,42000,10000,32000,32000
4999,鑫禾            ,40000,8000,32000,0,0,0,0,0,0,0,0,0,0,0,0,0,32000
3305,昇貿            ,31000,0,31000,0,0,0,0,0,0,0,0,0,0,0,0,0,31000
2923,鼎固-KY         ,36000,0,36000,0,0,0,0,0,0,-5000,0,5000,-5000,0,0,0,31000
1721,三晃            ,32000,1000,31000,0,0,0,0,0,0,0,0,0,0,0,0,0,31000
2597,潤弘            ,38000,7000,31000,0,0,0,0,0,0,0,0,0,0,0,0,0,31000
2482,連宇            ,29000,1000,28000,0,0,0,0,0,0,3000,3000,0,3000,0,0,0,31000
1340,勝悅-KY         ,78000,47000,31000,0,0,0,0,0,0,0,0,0,0,0,0,0,31000
06921P,台光電凱基98售06,0,0,0,0,0,0,0,0,0,31000,0,0,0,31000,0,31000,31000
07856P,力成凱基9A售02  ,0,0,0,0,0,0,0,0,0,31000,0,0,0,32000,1000,31000,31000
064985,台表科元大9C購09,0,0,0,0,0,0,0,0,0,31000,0,0,0,77000,46000,31000,31000
055744,茂林元富97購02  ,0,0,0,0,0,0,0,0,0,31000,0,0,0,31000,0,31000,31000
056945,鴻海統一98購12  ,0,0,0,0,0,0,0,0,0,31000,0,0,0,31000,0,31000,31000
055416,欣興富邦98購01  ,0,0,0,0,0,0,0,0,0,31000,0,0,0,31000,0,31000,31000
053316,友達群益9A購01  ,0,0,0,0,0,0,0,0,0,31000,0,0,0,31000,0,31000,31000
057856,聯鈞國票99購03  ,0,0,0,0,0,0,0,0,0,31000,0,0,0,83000,52000,31000,31000
060826,牧德元大9B購02  ,0,0,0,0,0,0,0,0,0,31000,0,0,0,31000,0,31000,31000
062374,茂林元大9B購03  ,0,0,0,0,0,0,0,0,0,31000,0,0,0,37000,6000,31000,31000
062364,瑞昱元大9B購04  ,0,0,0,0,0,0,0,0,0,31000,0,0,0,97000,66000,31000,31000
062728,健策凱基9B購04  ,0,0,0,0,0,0,0,0,0,31000,0,0,0,76000,45000,31000,31000
062636,聯鈞國票9B購01  ,0,0,0,0,0,0,0,0,0,31000,0,0,0,40000,9000,31000,31000
062969,旺宏元富9B購01  ,0,0,0,0,0,0,0,0,0,31000,0,0,0,31000,0,31000,31000
063155,緯穎元富9B購03  ,0,0,0,0,0,0,0,0,0,31000,0,0,0,32000,1000,31000,31000
064617,台光電元大01購01,0,0,0,0,0,0,0,0,0,31000,0,0,0,106000,75000,31000,31000
6215,和椿            ,33000,0,33000,0,0,0,0,0,0,-2000,0,2000,-2000,0,0,0,31000
8374,羅昇            ,37000,9000,28000,0,0,0,0,0,0,3000,3000,0,3000,0,0,0,31000
06656P,GIS元大98售02   ,0,0,0,0,0,0,0,0,0,30000,0,0,0,30000,0,30000,30000
06552P,茂林元大99售02  ,0,0,0,0,0,0,0,0,0,30000,0,0,0,120000,90000,30000,30000
065176,玉晶光元大01購04,0,0,0,0,0,0,0,0,0,30000,0,0,0,51000,21000,30000,30000
065187,聯發科統一02購02,0,0,0,0,0,0,0,0,0,30000,0,0,0,44000,14000,30000,30000
07401P,台積電凱基99售21,0,0,0,0,0,0,0,0,0,30000,0,0,0,30000,0,30000,30000
07640P,國巨群益9A售07  ,0,0,0,0,0,0,0,0,0,30000,0,0,0,30000,0,30000,30000
06971P,台光電元大99售03,0,0,0,0,0,0,0,0,0,30000,0,0,0,30000,0,30000,30000
06733P,鴻海凱基99售02  ,0,0,0,0,0,0,0,0,0,30000,0,0,0,50000,20000,30000,30000
1445,大宇            ,71000,41000,30000,0,0,0,0,0,0,0,0,0,0,0,0,0,30000
1321,大洋            ,87000,57000,30000,0,0,0,0,0,0,0,0,0,0,0,0,0,30000
1323,永裕            ,32000,2000,30000,0,0,0,0,0,0,0,0,0,0,0,0,0,30000
08193P,同欣電國票9C售02,0,0,0,0,0,0,0,0,0,30000,0,0,0,73000,43000,30000,30000
08207P,金像電群益9B售05,0,0,0,0,0,0,0,0,0,30000,0,0,0,104000,74000,30000,30000
08365P,貿聯凱基9C售01  ,0,0,0,0,0,0,0,0,0,30000,0,0,0,30000,0,30000,30000
1809,中釉            ,58000,28000,30000,0,0,0,0,0,0,0,0,0,0,0,0,0,30000
2881A,富邦特          ,0,5000,-5000,0,0,0,0,0,0,35000,36000,1000,35000,0,0,0,30000
2887E,台新戊特        ,0,0,0,0,0,0,0,0,0,30000,30000,0,30000,0,0,0,30000
3060,銘異            ,347000,317000,30000,0,0,0,0,0,0,0,0,0,0,0,0,0,30000
3593,力銘            ,36000,6000,30000,0,0,0,0,0,0,0,0,0,0,0,0,0,30000
055555,全新凱基9A購01  ,0,0,0,0,0,0,0,0,0,30000,0,0,0,30000,0,30000,30000
054202,樺漢富邦97購01  ,0,0,0,0,0,0,0,0,0,30000,0,0,0,30000,0,30000,30000
054170,泰鼎凱基98購01  ,0,0,0,0,0,0,0,0,0,30000,0,0,0,30000,0,30000,30000
054937,國巨元大97購03  ,0,0,0,0,0,0,0,0,0,30000,0,0,0,30000,0,30000,30000
054948,聯發科元大97購14,0,0,0,0,0,0,0,0,0,30000,0,0,0,30000,0,30000,30000
057709,電子類群益98購01,0,0,0,0,0,0,0,0,0,30000,0,0,0,30000,0,30000,30000
055365,華通元大97購03  ,0,0,0,0,0,0,0,0,0,30000,0,0,0,140000,110000,30000,30000
053169,貿聯群益97購01  ,0,0,0,0,0,0,0,0,0,30000,0,0,0,30000,0,30000,30000
050673,旺宏富邦96購02  ,0,0,0,0,0,0,0,0,0,30000,0,0,0,30000,0,30000,30000
052637,欣興凱基97購01  ,0,0,0,0,0,0,0,0,0,30000,0,0,0,30000,0,30000,30000
052396,台積電凱基97購01,0,0,0,0,0,0,0,0,0,30000,0,0,0,30000,0,30000,30000
053162,緯穎元大97購01  ,0,0,0,0,0,0,0,0,0,30000,0,0,0,30000,0,30000,30000
020008,元大特股高息N   ,0,0,0,0,0,0,0,0,0,30000,0,0,0,35000,5000,30000,30000
057022,智邦凱基98購04  ,0,0,0,0,0,0,0,0,0,30000,0,0,0,30000,0,30000,30000
057095,祥碩元富98購02  ,0,0,0,0,0,0,0,0,0,30000,0,0,0,30000,0,30000,30000
057183,玉晶光元大99購07,0,0,0,0,0,0,0,0,0,30000,0,0,0,305000,275000,30000,30000
05588P,群創兆豐97售02  ,0,0,0,0,0,0,0,0,0,30000,0,0,0,30000,0,30000,30000
056231,嘉聯益凱基97購02,0,0,0,0,0,0,0,0,0,30000,0,0,0,30000,0,30000,30000
056360,智邦元大98購01  ,0,0,0,0,0,0,0,0,0,30000,0,0,0,63000,33000,30000,30000
056044,同欣電凱基97購03,0,0,0,0,0,0,0,0,0,30000,0,0,0,30000,0,30000,30000
057438,禾伸堂國票99購01,0,0,0,0,0,0,0,0,0,30000,0,0,0,30000,0,30000,30000
056744,麗豐凱基9A購01  ,0,0,0,0,0,0,0,0,0,30000,0,0,0,40000,10000,30000,30000
059265,美律中信01購01  ,0,0,0,0,0,0,0,0,0,30000,0,0,0,30000,0,30000,30000
059288,旺宏元富99購03  ,0,0,0,0,0,0,0,0,0,30000,0,0,0,30000,0,30000,30000
060354,A50正2元富9A購02,0,0,0,0,0,0,0,0,0,30000,0,0,0,30000,0,30000,30000
058036,南電永豐98購01  ,0,0,0,0,0,0,0,0,0,30000,0,0,0,31000,1000,30000,30000
062256,聯發科元大9B購08,0,0,0,0,0,0,0,0,0,30000,0,0,0,40000,10000,30000,30000
061647,南六元大9A購03  ,0,0,0,0,0,0,0,0,0,30000,0,0,0,39000,9000,30000,30000
059942,全新永豐99購04  ,0,0,0,0,0,0,0,0,0,30000,0,0,0,90000,60000,30000,30000
059866,國巨凱基99購18  ,0,0,0,0,0,0,0,0,0,30000,0,0,0,31000,1000,30000,30000
058910,泰鼎元大99購03  ,0,0,0,0,0,0,0,0,0,30000,0,0,0,34000,4000,30000,30000
058817,嘉聯益台新99購01,0,0,0,0,0,0,0,0,0,30000,0,0,0,326000,296000,30000,30000
060279,SP黃豆元大9A購01,0,0,0,0,0,0,0,0,0,30000,0,0,0,30000,0,30000,30000
058968,T50正2永豐99購01,0,0,0,0,0,0,0,0,0,30000,0,0,0,30000,0,30000,30000
059054,國巨凱基99購11  ,0,0,0,0,0,0,0,0,0,30000,0,0,0,36000,6000,30000,30000
059075,FBVIX元大99購01 ,0,0,0,0,0,0,0,0,0,30000,0,0,0,50000,20000,30000,30000
058634,可成兆豐99購03  ,0,0,0,0,0,0,0,0,0,30000,0,0,0,88000,58000,30000,30000
058635,華新科兆豐99購03,0,0,0,0,0,0,0,0,0,30000,0,0,0,30000,0,30000,30000
058694,鈺齊國票9A購02  ,0,0,0,0,0,0,0,0,0,30000,0,0,0,30000,0,30000,30000
064614,友訊元大9C購02  ,0,0,0,0,0,0,0,0,0,30000,0,0,0,30000,0,30000,30000
06457P,玉晶光統一98售02,0,0,0,0,0,0,0,0,0,30000,0,0,0,50000,20000,30000,30000
064374,旺宏元富9C購01  ,0,0,0,0,0,0,0,0,0,30000,0,0,0,30000,0,30000,30000
064407,貿聯凱基02購02  ,0,0,0,0,0,0,0,0,0,30000,0,0,0,140000,110000,30000,30000
064018,儒鴻元大9C購02  ,0,0,0,0,0,0,0,0,0,30000,0,0,0,30000,0,30000,30000
063123,聯發科元大9B購16,0,0,0,0,0,0,0,0,0,30000,0,0,0,30000,0,30000,30000
063279,國巨元大9C購05  ,0,0,0,0,0,0,0,0,0,30000,0,0,0,42000,12000,30000,30000
063409,GIS國票9C購02   ,0,0,0,0,0,0,0,0,0,30000,0,0,0,38000,8000,30000,30000
062638,茂林國票9C購01  ,0,0,0,0,0,0,0,0,0,30000,0,0,0,30000,0,30000,30000
062727,華擎凱基9B購03  ,0,0,0,0,0,0,0,0,0,30000,0,0,0,36000,6000,30000,30000
062663,聯發科群益9B購07,0,0,0,0,0,0,0,0,0,30000,0,0,0,83000,53000,30000,30000
062339,瑞昱麥證9C購01  ,0,0,0,54000,16000,38000,0,0,0,30000,0,0,0,54000,24000,30000,30000
062349,新日興群益9B購02,0,0,0,0,0,0,0,0,0,30000,0,0,0,42000,12000,30000,30000
061865,力山元大9B購01  ,0,0,0,0,0,0,0,0,0,30000,0,0,0,108000,78000,30000,30000
062227,南六統一01購02  ,0,0,0,0,0,0,0,0,0,30000,0,0,0,50000,20000,30000,30000
062236,信邦凱基9B購01  ,0,0,0,0,0,0,0,0,0,30000,0,0,0,30000,0,30000,30000
5533,皇鼎            ,26000,12000,14000,0,0,0,0,0,0,16000,16000,0,16000,0,0,0,30000
8454,富邦媒          ,284208,330942,-46734,0,0,0,64000,0,64000,12000,12000,0,12000,0,0,0,29266
3229,晟鈦            ,30000,1000,29000,0,0,0,0,0,0,0,0,0,0,0,0,0,29000
2107,厚生            ,236000,207000,29000,0,0,0,0,0,0,0,0,0,0,0,0,0,29000
2483,百容            ,31000,0,31000,0,0,0,0,0,0,-2000,0,2000,-2000,0,0,0,29000
2539,櫻花建          ,45000,10000,35000,0,0,0,0,0,0,-6000,1000,7000,-6000,0,0,0,29000
2441,超豐            ,327000,301000,26000,0,0,0,0,0,0,3000,3000,0,3000,0,0,0,29000
1452,宏益            ,39000,10000,29000,0,0,0,0,0,0,0,0,0,0,0,0,0,29000
064846,旺宏元富03購01  ,0,0,0,0,0,0,0,0,0,29000,0,0,0,29000,0,29000,29000
00688L,國泰20年美債正2 ,0,0,0,0,0,0,0,0,0,29000,0,0,0,129000,100000,29000,29000
00675L,富邦臺灣加權正2 ,119000,174000,-55000,0,0,0,0,0,0,84000,0,0,0,86000,2000,84000,29000
055426,旺宏群益99購02  ,0,0,0,0,0,0,0,0,0,29000,0,0,0,30000,1000,29000,29000
061181,牧德凱基9A購01  ,0,0,0,0,0,0,0,0,0,29000,0,0,0,34000,5000,29000,29000
061144,玉晶光中信9B購02,0,0,0,0,0,0,0,0,0,29000,0,0,0,119000,90000,29000,29000
059643,日月光凱基99購02,0,0,0,0,0,0,0,0,0,29000,0,0,0,29000,0,29000,29000
058122,美律國票9A購01  ,0,0,0,0,0,0,0,0,0,29000,0,0,0,41000,12000,29000,29000
057862,智邦凱基99購01  ,0,0,0,0,0,0,0,0,0,29000,0,0,0,65000,36000,29000,29000
060294,嘉澤元大9A購01  ,0,0,0,0,0,0,0,0,0,29000,0,0,0,54000,25000,29000,29000
061855,台郡國票9B購01  ,0,0,0,0,0,0,0,0,0,29000,0,0,0,29000,0,29000,29000
063355,超眾元富9B購01  ,0,0,0,0,0,0,0,0,0,29000,0,0,0,581000,552000,29000,29000
064089,新日興凱基02購01,0,0,0,0,0,0,0,0,0,29000,0,0,0,29000,0,29000,29000
063871,瀚宇博永豐9C購01,0,0,0,0,0,0,0,0,0,29000,0,0,0,79000,50000,29000,29000
064336,可成元大9C購06  ,0,0,0,0,0,0,0,0,0,29000,0,0,0,29000,0,29000,29000
06621P,欣興元大98售06  ,0,0,0,0,0,0,0,0,0,28000,0,0,0,28000,0,28000,28000
07844P,可成國票9A售01  ,0,0,0,0,0,0,0,0,0,28000,0,0,0,99000,71000,28000,28000
2450,神腦            ,69000,41000,28000,0,0,0,0,0,0,0,0,0,0,0,0,0,28000
050797,聯發科中信99購01,0,0,0,0,0,0,0,0,0,28000,0,0,0,28000,0,28000,28000
051484,玉晶光凱基97購01,0,0,0,0,0,0,0,0,0,28000,0,0,0,89000,61000,28000,28000
053800,華通凱基97購03  ,0,0,0,0,0,0,0,0,0,28000,0,0,0,28000,0,28000,28000
056902,大立光元大98購12,0,0,0,0,0,0,0,0,0,28000,0,0,0,28000,0,28000,28000
056127,致新國票98購02  ,0,0,0,0,0,0,0,0,0,28000,0,0,0,33000,5000,28000,28000
061038,TPK永豐9A購01   ,0,0,0,0,0,0,0,0,0,28000,0,0,0,37000,9000,28000,28000
061040,康友永豐9A購01  ,0,0,0,0,0,0,0,0,0,28000,0,0,0,123000,95000,28000,28000
060412,儒鴻永豐9A購01  ,0,0,0,0,0,0,0,0,0,28000,0,0,0,61000,33000,28000,28000
058521,日月光元大99購01,0,0,0,0,0,0,0,0,0,28000,0,0,0,84000,56000,28000,28000
059403,T50反1台新03購03,0,0,0,0,0,0,0,0,0,28000,0,0,0,130000,102000,28000,28000
058863,可成凱基99購02  ,0,0,0,0,0,0,0,0,0,28000,0,0,0,50000,22000,28000,28000
060051,台積電凱基9B購01,0,0,0,0,0,0,0,0,0,28000,0,0,0,30000,2000,28000,28000
059131,國巨群益99購07  ,0,0,0,0,0,0,0,0,0,28000,0,0,0,29000,1000,28000,28000
064691,友達群益9C購04  ,0,0,0,0,0,0,0,0,0,28000,0,0,0,38000,10000,28000,28000
063994,台光電群益9C購01,0,0,0,0,0,0,0,0,0,28000,0,0,0,38000,10000,28000,28000
063674,力山國泰01購02  ,0,0,0,0,0,0,0,0,0,28000,0,0,0,88000,60000,28000,28000
063758,聯發科統一9B購14,0,0,0,0,0,0,0,0,0,28000,0,0,0,113000,85000,28000,28000
062341,台表科麥證9C購01,0,0,0,52000,24000,28000,0,0,0,28000,0,0,0,52000,24000,28000,28000
062732,南六凱基9B購03  ,0,0,0,0,0,0,0,0,0,28000,0,0,0,28000,0,28000,28000
062482,台表科國票9B購01,0,0,0,0,0,0,0,0,0,28000,0,0,0,28000,0,28000,28000
6277,宏正            ,41000,13000,28000,0,0,0,0,0,0,0,0,0,0,0,0,0,28000
2739,寒舍            ,28000,1000,27000,0,0,0,0,0,0,0,0,0,0,0,0,0,27000
2024,志聯            ,27000,0,27000,0,0,0,0,0,0,0,0,0,0,0,0,0,27000
4755,三福化          ,28000,1000,27000,0,0,0,0,0,0,0,0,0,0,0,0,0,27000
1413,宏洲            ,69000,42000,27000,0,0,0,0,0,0,0,0,0,0,0,0,0,27000
1435,中福            ,42000,15000,27000,0,0,0,0,0,0,0,0,0,0,0,0,0,27000
1529,樂士            ,40000,13000,27000,0,0,0,0,0,0,0,0,0,0,0,0,0,27000
06849P,欣興元大98售12  ,0,0,0,0,0,0,0,0,0,27000,0,0,0,31000,4000,27000,27000
065063,玉晶光群益02購04,0,0,0,0,0,0,0,0,0,27000,0,0,0,68000,41000,27000,27000
057495,牧德元大99購04  ,0,0,0,0,0,0,0,0,0,27000,0,0,0,29000,2000,27000,27000
056241,緯創群益97購01  ,0,0,0,0,0,0,0,0,0,27000,0,0,0,27000,0,27000,27000
061611,南六統一01購01  ,0,0,0,0,0,0,0,0,0,27000,0,0,0,52000,25000,27000,27000
056518,美律國票99購01  ,0,0,0,0,0,0,0,0,0,27000,0,0,0,44000,17000,27000,27000
054931,緯穎凱基98購01  ,0,0,0,0,0,0,0,0,0,27000,0,0,0,80000,53000,27000,27000
054710,東元元富97購01  ,0,0,0,0,0,0,0,0,0,27000,0,0,0,33000,6000,27000,27000
054531,聯發科國泰97購02,0,0,0,0,0,0,0,0,0,27000,0,0,0,29000,2000,27000,27000
060128,健策永豐99購06  ,0,0,0,0,0,0,0,0,0,27000,0,0,0,29000,2000,27000,27000
058939,台積電中信9B購01,0,0,0,0,0,0,0,0,0,27000,0,0,0,85000,58000,27000,27000
059488,大立光兆豐99購03,0,0,0,0,0,0,0,0,0,27000,0,0,0,27000,0,27000,27000
059830,台郡凱基99購05  ,0,0,0,0,0,0,0,0,0,27000,0,0,0,27000,0,27000,27000
058435,旺宏統一9B購02  ,0,0,0,0,0,0,0,0,0,27000,0,0,0,27000,0,27000,27000
060288,群光元大9C購01  ,0,0,0,0,0,0,0,0,0,27000,0,0,0,187000,160000,27000,27000
060674,瑞昱元大9A購03  ,0,0,0,0,0,0,0,0,0,27000,0,0,0,27000,0,27000,27000
062253,燿華元大9B購02  ,0,0,0,0,0,0,0,0,0,27000,0,0,0,27000,0,27000,27000
062127,台勝科統一01購02,0,0,0,0,0,0,0,0,0,27000,0,0,0,187000,160000,27000,27000
062606,聯電凱基9C購02  ,0,0,0,0,0,0,0,0,0,27000,0,0,0,62000,35000,27000,27000
063487,國巨國泰01購02  ,0,0,0,0,0,0,0,0,0,27000,0,0,0,147000,120000,27000,27000
063341,燿華統一9C購01  ,0,0,0,0,0,0,0,0,0,27000,0,0,0,65000,38000,27000,27000
063510,台表科群益9C購01,0,0,0,0,0,0,0,0,0,27000,0,0,0,47000,20000,27000,27000
063897,神達群益9C購01  ,0,0,0,0,0,0,0,0,0,27000,0,0,0,64000,37000,27000,27000
065179,同欣電元大02購01,0,0,0,0,0,0,0,0,0,26000,0,0,0,52000,26000,26000,26000
07825P,健策國泰9B售04  ,0,0,0,0,0,0,0,0,0,26000,0,0,0,103000,77000,26000,26000
4555,氣立            ,30000,4000,26000,0,0,0,0,0,0,0,0,0,0,0,0,0,26000
2029,盛餘            ,40000,13000,27000,0,0,0,0,0,0,-1000,0,1000,-1000,0,0,0,26000
1713,國化            ,26000,0,26000,0,0,0,0,0,0,0,0,0,0,0,0,0,26000
2413,環科            ,33000,8000,25000,0,0,0,0,0,0,1000,1000,0,1000,0,0,0,26000
05306P,泰碩國泰97售01  ,0,0,0,0,0,0,0,0,0,26000,0,0,0,95000,69000,26000,26000
061620,禾伸堂群益9A購02,0,0,0,0,0,0,0,0,0,26000,0,0,0,100000,74000,26000,26000
057226,上銀凱基98購06  ,0,0,0,0,0,0,0,0,0,26000,0,0,0,38000,12000,26000,26000
061899,復盛永豐9B購01  ,0,0,0,0,0,0,0,0,0,26000,0,0,0,26000,0,26000,26000
057981,臻鼎永豐98購01  ,0,0,0,0,0,0,0,0,0,26000,0,0,0,35000,9000,26000,26000
060570,南亞科永豐9A購01,0,0,0,0,0,0,0,0,0,26000,0,0,0,30000,4000,26000,26000
059934,華通永豐99購02  ,0,0,0,0,0,0,0,0,0,26000,0,0,0,26000,0,26000,26000
058879,智邦富邦99購01  ,0,0,0,0,0,0,0,0,0,26000,0,0,0,26000,0,26000,26000
061142,南電統一9A購01  ,0,0,0,0,0,0,0,0,0,26000,0,0,0,123000,97000,26000,26000
063885,南六元富9C購01  ,0,0,0,0,0,0,0,0,0,26000,0,0,0,90000,64000,26000,26000
063962,台達電國票01購01,0,0,0,0,0,0,0,0,0,26000,0,0,0,90000,64000,26000,26000
064302,美律兆豐01購01  ,0,0,0,0,0,0,0,0,0,26000,0,0,0,26000,0,26000,26000
063121,友達元大9C購09  ,0,0,0,0,0,0,0,0,0,26000,0,0,0,97000,71000,26000,26000
062526,友達統一01購01  ,0,0,0,0,0,0,0,0,0,26000,0,0,0,41000,15000,26000,26000
062695,華通元大9C購01  ,0,0,0,0,0,0,0,0,0,26000,0,0,0,26000,0,26000,26000
062473,同欣電凱基9B購01,0,0,0,0,0,0,0,0,0,26000,0,0,0,94000,68000,26000,26000
2477,美隆電          ,39000,14000,25000,0,0,0,0,0,0,0,0,0,0,0,0,0,25000
2460,建通            ,25000,2000,23000,0,0,0,0,0,0,2000,2000,0,2000,0,0,0,25000
3346,麗清            ,39000,15000,24000,0,0,0,0,0,0,1000,1000,0,1000,0,0,0,25000
3149,正達            ,72000,47000,25000,0,0,0,0,0,0,0,0,0,0,0,0,0,25000
1589,永冠-KY         ,87000,63000,24000,0,0,0,0,0,0,1000,0,0,0,1000,0,1000,25000
1541,錩泰            ,31000,6000,25000,0,0,0,0,0,0,0,0,0,0,0,0,0,25000
08527P,大立光元大01售06,0,0,0,0,0,0,0,0,0,25000,0,0,0,25000,0,25000,25000
1104,環泥            ,23000,0,23000,0,0,0,0,0,0,2000,2000,0,2000,0,0,0,25000
08279P,南電元富9C售02  ,0,0,0,0,0,0,0,0,0,25000,0,0,0,25000,0,25000,25000
08058P,華新科元大9B售10,0,0,0,0,0,0,0,0,0,25000,0,0,0,65000,40000,25000,25000
07773P,台灣50群益9A售15,0,0,0,0,0,0,0,0,0,25000,0,0,0,25000,0,25000,25000
07446P,台灣50元大9A售06,0,0,0,0,0,0,0,0,0,25000,0,0,0,25000,0,25000,25000
07543P,台積電凱基9A售17,0,0,0,0,0,0,0,0,0,25000,0,0,0,25000,0,25000,25000
07358P,鴻海元大99售39  ,0,0,0,0,0,0,0,0,0,25000,0,0,0,25000,0,25000,25000
07270P,台灣50元大01售09,0,0,0,0,0,0,0,0,0,25000,0,0,0,25000,0,25000,25000
064822,台達電統一01購03,0,0,0,0,0,0,0,0,0,25000,0,0,0,150000,125000,25000,25000
057275,友達元大9A購04  ,0,0,0,0,0,0,0,0,0,25000,0,0,0,25000,0,25000,25000
055763,鎧勝群益97購01  ,0,0,0,0,0,0,0,0,0,25000,0,0,0,25000,0,25000,25000
057132,華新科凱基98購05,0,0,0,0,0,0,0,0,0,25000,0,0,0,25000,0,25000,25000
056971,麗豐永豐98購01  ,0,0,0,0,0,0,0,0,0,25000,0,0,0,85000,60000,25000,25000
052836,旺宏國泰98購01  ,0,0,0,0,0,0,0,0,0,25000,0,0,0,25000,0,25000,25000
00684R,元大美元指數反1 ,0,0,0,0,0,0,0,0,0,25000,0,0,0,28000,3000,25000,25000
051218,聯發科元富9B購02,0,0,0,0,0,0,0,0,0,25000,0,0,0,26000,1000,25000,25000
03445B,臺股指元大02熊01,0,0,0,0,0,0,0,0,0,25000,0,0,0,381000,356000,25000,25000
055049,智邦永豐97購01  ,0,0,0,0,0,0,0,0,0,25000,0,0,0,25000,0,25000,25000
054816,聯發科元大97購12,0,0,0,0,0,0,0,0,0,25000,0,0,0,35000,10000,25000,25000
055639,上銀元富97購02  ,0,0,0,0,0,0,0,0,0,25000,0,0,0,25000,0,25000,25000
061151,友訊群益9A購01  ,0,0,0,0,0,0,0,0,0,25000,0,0,0,25000,0,25000,25000
061145,臻鼎中信9A購02  ,0,0,0,0,0,0,0,0,0,25000,0,0,0,45000,20000,25000,25000
058989,茂林凱基99購02  ,0,0,0,0,0,0,0,0,0,25000,0,0,0,50000,25000,25000,25000
061476,大毅元大9A購02  ,0,0,0,0,0,0,0,0,0,25000,0,0,0,35000,10000,25000,25000
061456,玉晶光凱基9B購05,0,0,0,0,0,0,0,0,0,25000,0,0,0,25000,0,25000,25000
058603,台積電元大99購12,0,0,0,0,0,0,0,0,0,25000,0,0,0,54000,29000,25000,25000
059785,美律元大9A購03  ,0,0,0,0,0,0,0,0,0,25000,0,0,0,41000,16000,25000,25000
059867,華邦電凱基99購02,0,0,0,0,0,0,0,0,0,25000,0,0,0,25000,0,25000,25000
059855,緯穎永豐99購04  ,0,0,0,0,0,0,0,0,0,25000,0,0,0,45000,20000,25000,25000
059723,美律元大9A購02  ,0,0,0,0,0,0,0,0,0,25000,0,0,0,25000,0,25000,25000
060606,玉晶光凱基9A購05,0,0,0,0,0,0,0,0,0,25000,0,0,0,27000,2000,25000,25000
059355,國巨富邦9B購03  ,0,0,0,0,0,0,0,0,0,25000,0,0,0,35000,10000,25000,25000
058091,欣興元大99購03  ,0,0,0,0,0,0,0,0,0,25000,0,0,0,167000,142000,25000,25000
061742,奇鋐凱基9B購01  ,0,0,0,0,0,0,0,0,0,25000,0,0,0,60000,35000,25000,25000
062391,台達電富邦9C購01,0,0,0,0,0,0,0,0,0,25000,0,0,0,85000,60000,25000,25000
062325,鴻海統一9B購05  ,0,0,0,0,0,0,0,0,0,25000,0,0,0,35000,10000,25000,25000
062003,國巨國泰01購01  ,0,0,0,0,0,0,0,0,0,25000,0,0,0,29000,4000,25000,25000
062674,百和中信03購01  ,0,0,0,0,0,0,0,0,0,25000,0,0,0,30000,5000,25000,25000
062522,同欣電元大9B購02,0,0,0,0,0,0,0,0,0,25000,0,0,0,44000,19000,25000,25000
063049,上海銀兆豐9B購01,0,0,0,0,0,0,0,0,0,25000,0,0,0,39000,14000,25000,25000
064307,聚陽群益9C購03  ,0,0,0,0,0,0,0,0,0,25000,0,0,0,80000,55000,25000,25000
063579,GIS元大9C購01   ,0,0,0,0,0,0,0,0,0,25000,0,0,0,50000,25000,25000,25000
064829,義隆統一01購02  ,0,0,0,0,0,0,0,0,0,24000,0,0,0,322000,298000,24000,24000
065037,緯穎統一02購02  ,0,0,0,0,0,0,0,0,0,24000,0,0,0,66000,42000,24000,24000
065140,國巨凱基01購02  ,0,0,0,0,0,0,0,0,0,24000,0,0,0,43000,19000,24000,24000
065207,奇力新國票9C購02,0,0,0,0,0,0,0,0,0,24000,0,0,0,63000,39000,24000,24000
07768P,緯穎群益9A售02  ,0,0,0,0,0,0,0,0,0,24000,0,0,0,124000,100000,24000,24000
07944P,華新科元大9B售08,0,0,0,0,0,0,0,0,0,24000,0,0,0,68000,44000,24000,24000
08363P,南亞科凱基01售01,0,0,0,0,0,0,0,0,0,24000,0,0,0,42000,18000,24000,24000
08449P,華新科群益9C售03,0,0,0,0,0,0,0,0,0,24000,0,0,0,68000,44000,24000,24000
08457P,大毅元大9C售03  ,0,0,0,0,0,0,0,0,0,24000,0,0,0,24000,0,24000,24000
1560,中砂            ,74000,42000,32000,0,0,0,0,8000,-8000,0,0,0,0,0,0,0,24000
2722,夏都            ,34000,18000,16000,0,0,0,0,0,0,8000,8000,0,8000,0,0,0,24000
3528,安馳            ,24000,0,24000,0,0,0,0,0,0,0,0,0,0,0,0,0,24000
2415,錩新            ,58000,34000,24000,0,0,0,0,0,0,0,0,0,0,0,0,0,24000
2365,昆盈            ,96000,82000,14000,0,0,0,0,0,0,10000,10000,0,10000,0,0,0,24000
057396,健鼎中信99購01  ,0,0,0,0,0,0,0,0,0,24000,0,0,0,24000,0,24000,24000
055229,大毅國票97購02  ,0,0,0,0,0,0,0,0,0,24000,0,0,0,30000,6000,24000,24000
052344,台表科凱基98購01,0,0,0,0,0,0,0,0,0,24000,0,0,0,24000,0,24000,24000
057163,上銀元大98購04  ,0,0,0,0,0,0,0,0,0,24000,0,0,0,25000,1000,24000,24000
056726,友達日盛9A購01  ,0,0,0,0,0,0,0,0,0,24000,0,0,0,24000,0,24000,24000
056041,禾伸堂凱基98購03,0,0,0,0,0,0,0,0,0,24000,0,0,0,24000,0,24000,24000
057675,同欣電元大98購02,0,0,0,0,0,0,0,0,0,24000,0,0,0,54000,30000,24000,24000
056850,彩晶元富99購01  ,0,0,0,0,0,0,0,0,0,24000,0,0,0,24000,0,24000,24000
061770,泰碩元大9B購02  ,0,0,0,0,0,0,0,0,0,24000,0,0,0,98000,74000,24000,24000
058022,樺漢凱基99購02  ,0,0,0,0,0,0,0,0,0,24000,0,0,0,24000,0,24000,24000
062296,南六永豐9B購02  ,0,0,0,0,0,0,0,0,0,24000,0,0,0,83000,59000,24000,24000
058120,台灣50國票99購03,0,0,0,0,0,0,0,0,0,24000,0,0,0,24000,0,24000,24000
060619,玉晶光元大9A購03,0,0,0,0,0,0,0,0,0,24000,0,0,0,30000,6000,24000,24000
059732,超眾元大9A購01  ,0,0,0,0,0,0,0,0,0,24000,0,0,0,115000,91000,24000,24000
059162,國巨凱基99購12  ,0,0,0,0,0,0,0,0,0,24000,0,0,0,127000,103000,24000,24000
060182,旺宏元富9A購01  ,0,0,0,0,0,0,0,0,0,24000,0,0,0,27000,3000,24000,24000
064095,鴻海群益01購02  ,0,0,0,0,0,0,0,0,0,24000,0,0,0,77000,53000,24000,24000
064131,群創元大01購02  ,0,0,0,0,0,0,0,0,0,24000,0,0,0,67000,43000,24000,24000
064209,燿華凱基01購01  ,0,0,0,0,0,0,0,0,0,24000,0,0,0,30000,6000,24000,24000
064458,玉晶光統一01購09,0,0,0,0,0,0,0,0,0,24000,0,0,0,38000,14000,24000,24000
064768,仁寶中信03購01  ,0,0,0,0,0,0,0,0,0,24000,0,0,0,24000,0,24000,24000
063479,南六元大9B購06  ,0,0,0,0,0,0,0,0,0,24000,0,0,0,24000,0,24000,24000
6152,百一            ,48000,24000,24000,0,0,0,0,0,0,0,0,0,0,0,0,0,24000
2748,雲品            ,31000,8000,23000,0,0,0,0,0,0,0,0,0,0,0,0,0,23000
2506,太設            ,19000,0,19000,0,0,0,0,0,0,4000,4000,0,4000,0,0,0,23000
4526,東台            ,105000,82000,23000,0,0,0,0,0,0,0,0,0,0,0,0,0,23000
1533,車王電          ,24000,1000,23000,0,0,0,0,0,0,0,0,0,0,0,0,0,23000
1436,華友聯          ,25000,2000,23000,0,0,0,0,0,0,0,0,0,0,0,0,0,23000
08368P,台積電兆豐9C售04,0,0,0,0,0,0,0,0,0,23000,0,0,0,23000,0,23000,23000
08315P,台積電元大9C售08,1000,0,1000,0,0,0,0,0,0,22000,0,0,0,53000,31000,22000,23000
08153P,台表科統一9B售01,0,0,0,0,0,0,0,0,0,23000,0,0,0,123000,100000,23000,23000
07076P,鴻海凱基9A售08  ,0,0,0,0,0,0,0,0,0,23000,0,0,0,53000,30000,23000,23000
061582,麗豐元大9A購01  ,0,0,0,0,0,0,0,0,0,23000,0,0,0,50000,27000,23000,23000
061593,智原永豐9A購01  ,0,0,0,0,0,0,0,0,0,23000,0,0,0,43000,20000,23000,23000
061366,台勝科國票9A購01,0,0,0,0,0,0,0,0,0,23000,0,0,0,58000,35000,23000,23000
055334,禾伸堂兆豐97購01,0,0,0,0,0,0,0,0,0,23000,0,0,0,33000,10000,23000,23000
056511,超眾永豐98購01  ,0,0,0,0,0,0,0,0,0,23000,0,0,0,82000,59000,23000,23000
058752,鈺齊凱基9A購01  ,0,0,0,0,0,0,0,0,0,23000,0,0,0,24000,1000,23000,23000
059922,大立光元大99購25,0,0,0,0,0,0,0,0,0,23000,0,0,0,109000,86000,23000,23000
060630,國巨富邦9C購03  ,0,0,0,0,0,0,0,0,0,23000,0,0,0,33000,10000,23000,23000
060502,國巨元大9A購07  ,0,0,0,0,0,0,0,0,0,23000,0,0,0,26000,3000,23000,23000
061916,元金2X凱基02購01,0,0,0,0,0,0,0,0,0,23000,0,0,0,35000,12000,23000,23000
058020,大立光凱基99購03,0,0,0,0,0,0,0,0,0,23000,0,0,0,24000,1000,23000,23000
063281,京元電元大9B購01,0,0,0,0,0,0,0,0,0,23000,0,0,0,55000,32000,23000,23000
063289,台表科元大9B購07,0,0,0,0,0,0,0,0,0,23000,0,0,0,56000,33000,23000,23000
062857,SP黃豆國票9C購01,0,0,0,0,0,0,0,0,0,23000,0,0,0,23000,0,23000,23000
062660,神隆群益9B購02  ,0,0,0,0,0,0,0,0,0,23000,0,0,0,385000,362000,23000,23000
062809,同欣電統一9C購01,0,0,0,0,0,0,0,0,0,23000,0,0,0,303000,280000,23000,23000
061877,貿聯元大9B購01  ,0,0,0,0,0,0,0,0,0,23000,0,0,0,179000,156000,23000,23000
064067,美律永豐9C購01  ,0,0,0,0,0,0,0,0,0,23000,0,0,0,23000,0,23000,23000
063951,新日興元大9C購01,0,0,0,0,0,0,0,0,0,23000,0,0,0,60000,37000,23000,23000
063611,儒鴻群益9B購03  ,0,0,0,0,0,0,0,0,0,23000,0,0,0,72000,49000,23000,23000
063749,聯發科國票9C購04,0,0,0,0,0,0,0,0,0,23000,0,0,0,26000,3000,23000,23000
063715,鈺齊凱基9C購01  ,0,0,0,0,0,0,0,0,0,23000,0,0,0,46000,23000,23000,23000
6216,居易            ,25000,2000,23000,0,0,0,0,0,0,0,0,0,0,0,0,0,23000
8222,寶一            ,27000,5000,22000,0,0,0,0,0,0,1000,1000,0,1000,0,0,0,23000
06827P,臺股指國票98售03,0,0,0,0,0,0,0,0,0,22000,0,0,0,31000,9000,22000,22000
065246,旭富兆豐01購01  ,0,0,0,0,0,0,0,0,0,22000,0,0,0,29000,7000,22000,22000
08009P,華擎統一9B售02  ,0,0,0,0,0,0,0,0,0,22000,0,0,0,22000,0,22000,22000
08223P,臺股指凱基9B售18,0,0,0,0,0,0,0,0,0,22000,0,0,0,70000,48000,22000,22000
08396P,鴻海元富9C售04  ,0,0,0,0,0,0,0,0,0,22000,0,0,0,35000,13000,22000,22000
1109,信大            ,23000,1000,22000,0,0,0,0,0,0,0,0,0,0,0,0,0,22000
3164,景岳            ,46000,24000,22000,0,0,0,0,0,0,0,0,0,0,0,0,0,22000
00671R,富邦NASDAQ反1   ,0,0,0,0,0,0,0,0,0,22000,0,0,0,668000,646000,22000,22000
00713,元大台灣高息低波,1000,0,1000,0,0,0,0,0,0,21000,0,0,0,30000,9000,21000,22000
057629,泰碩永豐98購02  ,0,0,0,0,0,0,0,0,0,22000,0,0,0,22000,0,22000,22000
057467,祥碩永豐98購04  ,0,0,0,0,0,0,0,0,0,22000,0,0,0,22000,0,22000,22000
057477,智邦元大98購09  ,0,0,0,0,0,0,0,0,0,22000,0,0,0,82000,60000,22000,22000
056622,高鐵永豐98購01  ,0,0,0,0,0,0,0,0,0,22000,0,0,0,90000,68000,22000,22000
056281,深中小永豐97購01,0,0,0,0,0,0,0,0,0,22000,0,0,0,22000,0,22000,22000
057063,立積國泰9A購01  ,0,0,0,0,0,0,0,0,0,22000,0,0,0,38000,16000,22000,22000
057024,義隆凱基99購01  ,0,0,0,0,0,0,0,0,0,22000,0,0,0,25000,3000,22000,22000
058018,南亞科凱基99購03,0,0,0,0,0,0,0,0,0,22000,0,0,0,95000,73000,22000,22000
057895,全新元富9B購01  ,0,0,0,0,0,0,0,0,0,22000,0,0,0,22000,0,22000,22000
062045,崇越凱基9B購01  ,0,0,0,0,0,0,0,0,0,22000,0,0,0,22000,0,22000,22000
060685,康友元大9A購01  ,0,0,0,0,0,0,0,0,0,22000,0,0,0,26000,4000,22000,22000
061084,京元電兆豐9A購02,0,0,0,0,0,0,0,0,0,22000,0,0,0,43000,21000,22000,22000
058309,大毅元大99購02  ,0,0,0,0,0,0,0,0,0,22000,0,0,0,31000,9000,22000,22000
061190,力山永豐9A購02  ,0,0,0,0,0,0,0,0,0,22000,0,0,0,85000,63000,22000,22000
061450,嘉晶中信9A購01  ,0,0,0,0,0,0,0,0,0,22000,0,0,0,32000,10000,22000,22000
063705,臻鼎群益9B購03  ,0,0,0,0,0,0,0,0,0,22000,0,0,0,97000,75000,22000,22000
064318,彩晶群益9C購01  ,0,0,0,0,0,0,0,0,0,22000,0,0,0,22000,0,22000,22000
062007,台光電國泰9C購01,0,0,0,0,0,0,0,0,0,22000,0,0,0,22000,0,22000,22000
062233,神隆凱基9B購01  ,0,0,0,0,0,0,0,0,0,22000,0,0,0,106000,84000,22000,22000
062191,台郡元大9B購05  ,0,0,0,0,0,0,0,0,0,22000,0,0,0,35000,13000,22000,22000
062378,台表科元大9C購01,0,0,0,0,0,0,0,0,0,22000,0,0,0,36000,14000,22000,22000
062649,緯穎富邦9B購03  ,0,0,0,0,0,0,0,0,0,22000,0,0,0,42000,20000,22000,22000
062888,漢唐群益9B購01  ,0,0,0,0,0,0,0,0,0,22000,0,0,0,30000,8000,22000,22000
063089,巨大凱基9C購01  ,0,0,0,0,0,0,0,0,0,22000,0,0,0,25000,3000,22000,22000
063475,同欣電元大9C購01,0,0,0,0,0,0,0,0,0,22000,0,0,0,237000,215000,22000,22000
063394,金像電群益9B購01,0,0,0,0,0,0,0,0,0,22000,0,0,0,22000,0,22000,22000
8367,建新國際        ,23000,1000,22000,0,0,0,0,0,0,0,0,0,0,0,0,0,22000
9955,佳龍            ,84000,62000,22000,0,0,0,0,0,0,0,0,0,0,0,0,0,22000
6117,迎廣            ,32000,10000,22000,0,0,0,0,0,0,0,0,0,0,0,0,0,22000
5525,順天            ,22000,0,22000,0,0,0,0,0,0,0,0,0,0,0,0,0,22000
3266,昇陽            ,23000,2000,21000,0,0,0,0,0,0,0,0,0,0,0,0,0,21000
3591,艾笛森          ,21000,0,21000,0,0,0,0,0,0,0,0,0,0,0,0,0,21000
2465,麗臺            ,21000,0,21000,0,0,0,0,0,0,0,0,0,0,0,0,0,21000
1568,倉佑            ,29000,8000,21000,0,0,0,0,0,0,0,0,0,0,0,0,0,21000
06933P,禾伸堂元大98售03,0,0,0,0,0,0,0,0,0,21000,0,0,0,21000,0,21000,21000
07060P,台表科國票9A售01,0,0,0,0,0,0,0,0,0,21000,0,0,0,435000,414000,21000,21000
07235P,T50正2元大9C售02,0,0,0,0,0,0,0,0,0,21000,0,0,0,31000,10000,21000,21000
056626,同欣電永豐98購01,0,0,0,0,0,0,0,0,0,21000,0,0,0,21000,0,21000,21000
056442,瑞昱凱基98購02  ,0,0,0,0,0,0,0,0,0,21000,0,0,0,21000,0,21000,21000
057640,台積電元大98購16,0,0,0,0,0,0,0,0,0,21000,0,0,0,30000,9000,21000,21000
054111,緯穎凱基97購01  ,0,0,0,0,0,0,0,0,0,21000,0,0,0,70000,49000,21000,21000
053443,智邦凱基97購01  ,0,0,0,0,0,0,0,0,0,21000,0,0,0,41000,20000,21000,21000
054924,景碩凱基98購01  ,0,0,0,0,0,0,0,0,0,21000,0,0,0,21000,0,21000,21000
059084,鴻海元大99購24  ,0,0,0,0,0,0,0,0,0,21000,0,0,0,23000,2000,21000,21000
059114,華新科永豐99購05,0,0,0,0,0,0,0,0,0,21000,0,0,0,85000,64000,21000,21000
059128,友達中信99購02  ,0,0,0,0,0,0,0,0,0,21000,0,0,0,226000,205000,21000,21000
060537,台灣50凱基9B購01,0,0,0,0,0,0,0,0,0,21000,0,0,0,21000,0,21000,21000
061731,旺宏統一9B購06  ,0,0,0,0,0,0,0,0,0,21000,0,0,0,21000,0,21000,21000
062279,晶豪科群益9B購01,0,0,0,0,0,0,0,0,0,21000,0,0,0,103000,82000,21000,21000
063411,和潤國票9C購01  ,0,0,0,0,0,0,0,0,0,21000,0,0,0,21000,0,21000,21000
062673,台新金中信03購01,0,0,0,0,0,0,0,0,0,21000,0,0,0,71000,50000,21000,21000
062211,玉晶光台新9B購01,0,0,0,0,0,0,0,0,0,21000,0,0,0,23000,2000,21000,21000
064163,康控統一01購01  ,0,0,0,0,0,0,0,0,0,21000,0,0,0,21000,0,21000,21000
063764,上銀元富9B購08  ,0,0,0,0,0,0,0,0,0,21000,0,0,0,21000,0,21000,21000
6409,旭隼            ,57000,35000,22000,0,0,0,0,0,0,-1000,0,1000,-1000,0,0,0,21000
6666,羅麗芬-KY       ,34000,13000,21000,0,0,0,0,0,0,0,0,0,0,0,0,0,21000
07227P,聯發科元富99售05,0,0,0,0,0,0,0,0,0,20000,0,0,0,219000,199000,20000,20000
07264P,台積電元大99售38,0,0,0,0,0,0,0,0,0,20000,0,0,0,20000,0,20000,20000
06917P,聯電亞東99售01  ,0,0,0,0,0,0,0,0,0,20000,0,0,0,20000,0,20000,20000
06899P,嘉澤群益98售01  ,0,0,0,0,0,0,0,0,0,20000,0,0,0,20000,0,20000,20000
07941P,國巨凱基9B售07  ,0,0,0,0,0,0,0,0,0,20000,0,0,0,20000,0,20000,20000
07954P,台表科元大9B售02,0,0,0,0,0,0,0,0,0,20000,0,0,0,20000,0,20000,20000
07902P,玉晶光國票01售01,0,0,0,0,0,0,0,0,0,20000,0,0,0,20000,0,20000,20000
07837P,華邦電元大9A售01,0,0,0,0,0,0,0,0,0,20000,0,0,0,22000,2000,20000,20000
07793P,同欣電元大9A售02,0,0,0,0,0,0,0,0,0,20000,0,0,0,20000,0,20000,20000
07795P,美律國票9A售03  ,0,0,0,0,0,0,0,0,0,20000,0,0,0,20000,0,20000,20000
07798P,同欣電國票9A售01,0,0,0,0,0,0,0,0,0,20000,0,0,0,20000,0,20000,20000
07482P,南亞科元富9A售04,0,0,0,0,0,0,0,0,0,20000,0,0,0,20000,0,20000,20000
07502P,美食元大9A售01  ,0,0,0,0,0,0,0,0,0,20000,0,0,0,66000,46000,20000,20000
07439P,臺股指麥證9B售01,0,0,0,20000,0,20000,0,0,0,20000,0,0,0,20000,0,20000,20000
07477P,國巨群益9A售04  ,0,0,0,0,0,0,0,0,0,20000,0,0,0,20000,0,20000,20000
07588P,滬深2X國票9C售01,0,0,0,0,0,0,0,0,0,20000,0,0,0,20000,0,20000,20000
065232,健策凱基02購01  ,0,0,0,0,0,0,0,0,0,20000,0,0,0,20000,0,20000,20000
065210,健策國票01購03  ,0,0,0,0,0,0,0,0,0,20000,0,0,0,20000,0,20000,20000
065206,旺宏國票01購02  ,0,0,0,0,0,0,0,0,0,20000,0,0,0,27000,7000,20000,20000
065111,瀚宇博國票01購01,0,0,0,0,0,0,0,0,0,20000,0,0,0,20000,0,20000,20000
065167,華通元大02購01  ,0,0,0,0,0,0,0,0,0,20000,0,0,0,21000,1000,20000,20000
06652P,長榮航元大98售01,0,0,0,0,0,0,0,0,0,20000,0,0,0,20000,0,20000,20000
1558,伸興            ,25000,5000,20000,0,0,0,0,0,0,0,0,0,0,0,0,0,20000
1453,大將            ,29000,9000,20000,0,0,0,0,0,0,0,0,0,0,0,0,0,20000
08356P,聯發科元大9C售08,0,0,0,0,0,0,0,0,0,20000,0,0,0,20000,0,20000,20000
08060P,嘉澤元大9B售01  ,0,0,0,0,0,0,0,0,0,20000,0,0,0,46000,26000,20000,20000
08108P,聯發科元富9B售03,0,0,0,0,0,0,0,0,0,20000,0,0,0,70000,50000,20000,20000
2419,仲琦            ,125000,106000,19000,0,0,0,0,0,0,1000,1000,0,1000,0,0,0,20000
2028,威致            ,20000,0,20000,0,0,0,0,0,0,0,0,0,0,0,0,0,20000
2908,特力            ,56000,37000,19000,0,0,0,0,0,0,1000,1000,0,1000,0,0,0,20000
054972,聯茂元大97購02  ,0,0,0,0,0,0,0,0,0,20000,0,0,0,20000,0,20000,20000
054791,泰碩群益99購02  ,0,0,0,0,0,0,0,0,0,20000,0,0,0,20000,0,20000,20000
054804,南亞元大9A購01  ,0,0,0,0,0,0,0,0,0,20000,0,0,0,20000,0,20000,20000
054624,台積電凱基98購03,0,0,0,0,0,0,0,0,0,20000,0,0,0,20000,0,20000,20000
055631,創意永豐98購01  ,0,0,0,0,0,0,0,0,0,20000,0,0,0,78000,58000,20000,20000
055568,緯穎凱基97購02  ,0,0,0,0,0,0,0,0,0,20000,0,0,0,20000,0,20000,20000
054155,美律第一96購01  ,0,0,0,0,0,0,0,0,0,20000,0,0,0,20000,0,20000,20000
054160,華泰凱基98購01  ,0,0,0,0,0,0,0,0,0,20000,0,0,0,20000,0,20000,20000
054218,S&P反1統一98購02,0,0,0,0,0,0,0,0,0,20000,0,0,0,30000,10000,20000,20000
054296,世芯元大97購01  ,0,0,0,0,0,0,0,0,0,20000,0,0,0,20000,0,20000,20000
057323,智邦群益98購01  ,0,0,0,0,0,0,0,0,0,20000,0,0,0,20000,0,20000,20000
056502,A50正2永豐98購01,0,0,0,0,0,0,0,0,0,20000,0,0,0,20000,0,20000,20000
056560,旺宏群益98購03  ,0,0,0,0,0,0,0,0,0,20000,0,0,0,20000,0,20000,20000
052331,漢唐亞東97購01  ,0,0,0,0,0,0,0,0,0,20000,0,0,0,20000,0,20000,20000
052341,泰鼎凱基96購02  ,0,0,0,0,0,0,0,0,0,20000,0,0,0,20000,0,20000,20000
052617,景碩國泰98購01  ,0,0,0,0,0,0,0,0,0,20000,0,0,0,20000,0,20000,20000
052699,友達國票97購01  ,0,300000,-300000,0,0,0,0,0,0,320000,0,0,0,320000,0,320000,20000
052944,宏達電國票97購01,0,0,0,0,0,0,0,0,0,20000,0,0,0,20000,0,20000,20000
055373,聯詠元大97購03  ,0,0,0,0,0,0,0,0,0,20000,0,0,0,20000,0,20000,20000
055272,國巨元大98購04  ,0,0,0,0,0,0,0,0,0,20000,0,0,0,20000,0,20000,20000
054428,禾伸堂富邦98購01,0,0,0,0,0,0,0,0,0,20000,0,0,0,20000,0,20000,20000
055467,國巨凱基97購05  ,0,0,0,0,0,0,0,0,0,20000,0,0,0,20000,0,20000,20000
054343,世紀鋼元富96購02,0,0,0,0,0,0,0,0,0,20000,0,0,0,20000,0,20000,20000
055148,鴻海元大98購02  ,0,0,0,0,0,0,0,0,0,20000,0,0,0,20000,0,20000,20000
055232,泰碩國票98購01  ,0,0,0,0,0,0,0,0,0,20000,0,0,0,125000,105000,20000,20000
052234,GIS凱基97購01   ,0,0,0,0,0,0,0,0,0,20000,0,0,0,20000,0,20000,20000
051087,國巨元大97購01  ,0,0,0,0,0,0,0,0,0,20000,0,0,0,20000,0,20000,20000
050303,S&P反1中信96購01,0,0,0,0,0,0,0,0,0,20000,0,0,0,20000,0,20000,20000
055648,可成元富97購01  ,0,0,0,0,0,0,0,0,0,20000,0,0,0,20000,0,20000,20000
055692,緯穎凱基97購03  ,0,0,0,0,0,0,0,0,0,20000,0,0,0,20000,0,20000,20000
056733,國巨凱基98購10  ,0,0,0,0,0,0,0,0,0,20000,0,0,0,20000,0,20000,20000
055805,矽力永豐97購01  ,0,0,0,0,0,0,0,0,0,20000,0,0,0,25000,5000,20000,20000
057605,旺宏統一99購03  ,0,0,0,0,0,0,0,0,0,20000,0,0,0,20000,0,20000,20000
056858,國巨群益99購03  ,0,0,0,0,0,0,0,0,0,20000,0,0,0,30000,10000,20000,20000
057271,國巨元大98購17  ,0,0,0,0,0,0,0,0,0,20000,0,0,0,20000,0,20000,20000
061290,玉晶光統一01購04,0,0,0,0,0,0,0,0,0,20000,0,0,0,121000,101000,20000,20000
061353,康控元大9A購01  ,0,0,0,0,0,0,0,0,0,20000,0,0,0,143000,123000,20000,20000
055815,亞光國票99購01  ,0,0,0,0,0,0,0,0,0,20000,0,0,0,20000,0,20000,20000
056428,台達電凱基99購01,0,0,0,0,0,0,0,0,0,20000,0,0,0,20000,0,20000,20000
056623,禾伸堂永豐98購01,0,0,0,0,0,0,0,0,0,20000,0,0,0,20000,0,20000,20000
056074,茂林元大97購04  ,0,0,0,0,0,0,0,0,0,20000,0,0,0,20000,0,20000,20000
056126,台郡國票98購02  ,0,0,0,0,0,0,0,0,0,20000,0,0,0,20000,0,20000,20000
056156,禾伸堂凱基98購04,0,0,0,0,0,0,0,0,0,20000,0,0,0,20000,0,20000,20000
056675,聯發科元富02購01,0,0,0,0,0,0,0,0,0,20000,0,0,0,20000,0,20000,20000
055844,大毅元大98購01  ,0,0,0,0,0,0,0,0,0,20000,0,0,0,20000,0,20000,20000
055863,緯穎元大97購05  ,0,0,0,0,0,0,0,0,0,20000,0,0,0,20000,0,20000,20000
057051,群創元大9B購03  ,0,0,0,0,0,0,0,0,0,20000,0,0,0,22000,2000,20000,20000
057164,國巨元大98購14  ,0,0,0,0,0,0,0,0,0,20000,0,0,0,26000,6000,20000,20000
061914,台光電中信9B購01,0,0,0,0,0,0,0,0,0,20000,0,0,0,20000,0,20000,20000
061910,台積電中信05購03,0,0,0,0,0,0,0,0,0,20000,0,0,0,20000,0,20000,20000
057899,台積電永豐98購04,0,0,0,0,0,0,0,0,0,20000,0,0,0,40000,20000,20000,20000
058069,美律凱基99購05  ,0,0,0,0,0,0,0,0,0,20000,0,0,0,20000,0,20000,20000
061766,華新科元大9B購02,0,0,0,0,0,0,0,0,0,20000,0,0,0,20000,0,20000,20000
061750,台達電台新9B購01,0,0,0,0,0,0,0,0,0,20000,0,0,0,20000,0,20000,20000
062139,臺指反國票9C購02,0,0,0,0,0,0,0,0,0,20000,0,0,0,20000,0,20000,20000
062094,台積電富邦9C購12,0,0,0,0,0,0,0,0,0,20000,0,0,0,20000,0,20000,20000
062109,聯詠國票9C購01  ,0,0,0,0,0,0,0,0,0,20000,0,0,0,20000,0,20000,20000
060313,淘帝永豐9A購01  ,0,0,0,0,0,0,0,0,0,20000,0,0,0,20000,0,20000,20000
061048,國巨中信9A購05  ,0,0,0,0,0,0,0,0,0,20000,0,0,0,30000,10000,20000,20000
058420,聯發科麥證99購03,0,0,0,20000,0,20000,0,0,0,20000,0,0,0,20000,0,20000,20000
059296,大立光元富99購06,0,0,0,0,0,0,0,0,0,20000,0,0,0,56000,36000,20000,20000
060178,T50反1元富04購05,0,0,0,0,0,0,0,0,0,20000,0,0,0,20000,0,20000,20000
060155,友訊永豐9A購01  ,0,0,0,0,0,0,0,0,0,20000,0,0,0,20000,0,20000,20000
058750,緯穎凱基9A購03  ,0,0,0,0,0,0,0,0,0,20000,0,0,0,70000,50000,20000,20000
058730,玉晶光永豐9A購01,0,0,0,0,0,0,0,0,0,20000,0,0,0,23000,3000,20000,20000
058736,鈺齊永豐99購02  ,0,0,0,0,0,0,0,0,0,20000,0,0,0,20000,0,20000,20000
058985,可成凱基99購03  ,0,0,0,0,0,0,0,0,0,20000,0,0,0,50000,30000,20000,20000
058969,亞德客永豐99購01,0,0,0,0,0,0,0,0,0,20000,0,0,0,68000,48000,20000,20000
061119,國巨永豐9A購03  ,0,0,0,0,0,0,0,0,0,20000,0,0,0,29000,9000,20000,20000
060877,華邦電中信02購01,0,0,0,0,0,0,0,0,0,20000,0,0,0,20000,0,20000,20000
060054,華新科凱基9B購04,0,0,0,0,0,0,0,0,0,20000,0,0,0,150000,130000,20000,20000
060015,國巨康和99購03  ,0,0,0,0,0,0,0,0,0,20000,0,0,0,21000,1000,20000,20000
058276,道瓊指中信9C購01,0,0,0,0,0,0,0,0,0,20000,0,0,0,20000,0,20000,20000
059901,滬深2X元大9C購07,0,0,0,0,0,0,0,0,0,20000,0,0,0,20000,0,20000,20000
059909,鴻海元大99購36  ,0,0,0,0,0,0,0,0,0,20000,0,0,0,69000,49000,20000,20000
059870,全新凱基99購05  ,0,0,0,0,0,0,0,0,0,20000,0,0,0,20000,0,20000,20000
059816,聯電凱基99購03  ,0,0,0,0,0,0,0,0,0,20000,0,0,0,55000,35000,20000,20000
059950,百和永豐99購02  ,0,0,0,0,0,0,0,0,0,20000,0,0,0,86000,66000,20000,20000
059434,全新元大99購05  ,0,0,0,0,0,0,0,0,0,20000,0,0,0,36000,16000,20000,20000
059170,康控凱基9B購01  ,0,0,0,0,0,0,0,0,0,20000,0,0,0,35000,15000,20000,20000
059540,新光金日盛99購01,0,0,0,0,0,0,0,0,0,20000,0,0,0,20000,0,20000,20000
059564,鴻海凱基9A購15  ,0,0,0,0,0,0,0,0,0,20000,0,0,0,70000,50000,20000,20000
060240,富邦金元大9A購01,0,0,0,0,0,0,0,0,0,20000,0,0,0,50000,30000,20000,20000
058580,華新科群益99購02,0,0,0,0,0,0,0,0,0,20000,0,0,0,20000,0,20000,20000
058915,SGBR2X元富99購01,0,0,0,0,0,0,0,0,0,20000,0,0,0,20000,0,20000,20000
058845,元油2X群益9C購04,0,0,0,0,0,0,0,0,0,20000,0,0,0,20000,0,20000,20000
063603,友達凱基9B購05  ,0,0,0,0,0,0,0,0,0,20000,0,0,0,20000,0,20000,20000
06358P,力成中信97售02  ,0,0,0,0,0,0,0,0,0,20000,0,0,0,20000,0,20000,20000
063857,臺股指元大9C購10,0,0,0,0,0,0,0,0,0,20000,0,0,0,20000,0,20000,20000
064060,同欣電麥證01購01,0,0,0,20000,0,20000,0,0,0,20000,0,0,0,20000,0,20000,20000
064285,貿聯元大9C購02  ,0,0,0,0,0,0,0,0,0,20000,0,0,0,60000,40000,20000,20000
064762,致伸凱基9C購02  ,0,0,0,0,0,0,0,0,0,20000,0,0,0,20000,0,20000,20000
064534,京元電國票01購01,0,0,0,0,0,0,0,0,0,20000,0,0,0,20000,0,20000,20000
062193,瑞昱第一9B購01  ,0,0,0,0,0,0,0,0,0,20000,0,0,0,20000,0,20000,20000
062005,旺宏國泰01購01  ,0,0,0,0,0,0,0,0,0,20000,0,0,0,41000,21000,20000,20000
062712,晶技麥證9B購02  ,0,0,0,66000,46000,20000,0,0,0,20000,0,0,0,66000,46000,20000,20000
062817,富邦金兆豐9B購01,0,0,0,0,0,0,0,0,0,20000,0,0,0,79000,59000,20000,20000
062620,台表科元大9B購04,0,0,0,0,0,0,0,0,0,20000,0,0,0,79000,59000,20000,20000
063405,聯發科國票9C購03,0,0,0,0,0,0,0,0,0,20000,0,0,0,25000,5000,20000,20000
063327,燿華國票9C購02  ,0,0,0,0,0,0,0,0,0,20000,0,0,0,67000,47000,20000,20000
6205,詮欣            ,53000,33000,20000,0,0,0,0,0,0,0,0,0,0,0,0,0,20000
1582,信錦            ,128000,108750,19250,0,0,0,0,0,0,0,0,0,0,0,0,0,19250
1540,喬福            ,22000,3000,19000,0,0,0,0,0,0,0,0,0,0,0,0,0,19000
1203,味王            ,20000,1000,19000,0,0,0,0,0,0,0,0,0,0,0,0,0,19000
08516P,技嘉群益01售02  ,0,0,0,0,0,0,0,0,0,19000,0,0,0,19000,0,19000,19000
08161P,台表科元富9B售02,0,0,0,0,0,0,0,0,0,19000,0,0,0,39000,20000,19000,19000
08355P,智邦元大9C售03  ,0,0,0,0,0,0,0,0,0,19000,0,0,0,25000,6000,19000,19000
08210P,健策元富9B售02  ,0,0,0,0,0,0,0,0,0,19000,0,0,0,57000,38000,19000,19000
08199P,大毅元大9B售02  ,0,0,0,0,0,0,0,0,0,19000,0,0,0,19000,0,19000,19000
2429,銘旺科          ,22000,3000,19000,0,0,0,0,0,0,0,0,0,0,0,0,0,19000
056964,聯發科永豐98購03,0,0,0,0,0,0,0,0,0,19000,0,0,0,19000,0,19000,19000
055931,冠德群益97購02  ,0,0,0,0,0,0,0,0,0,19000,0,0,0,50000,31000,19000,19000
057558,致新凱基98購01  ,0,0,0,0,0,0,0,0,0,19000,0,0,0,20000,1000,19000,19000
056079,世紀鋼元大97購02,0,0,0,0,0,0,0,0,0,19000,0,0,0,19000,0,19000,19000
061394,FBVIX統一9B購01 ,0,0,0,0,0,0,0,0,0,19000,0,0,0,19000,0,19000,19000
055755,禾伸堂兆豐97購02,0,0,0,0,0,0,0,0,0,19000,0,0,0,19000,0,19000,19000
057792,群創統一99購01  ,0,0,0,0,0,0,0,0,0,19000,0,0,0,19000,0,19000,19000
055114,新日興凱基98購01,0,0,0,0,0,0,0,0,0,19000,0,0,0,30000,11000,19000,19000
056545,TPK凱基98購02   ,0,0,0,0,0,0,0,0,0,19000,0,0,0,36000,17000,19000,19000
058931,玉晶光統一9C購01,0,0,0,0,0,0,0,0,0,19000,0,0,0,82000,63000,19000,19000
059952,旺宏康和99購01  ,0,0,0,0,0,0,0,0,0,19000,0,0,0,19000,0,19000,19000
059041,南茂群益99購02  ,0,0,0,0,0,0,0,0,0,19000,0,0,0,43000,24000,19000,19000
058692,華邦電國票9B購01,0,0,0,0,0,0,0,0,0,19000,0,0,0,27000,8000,19000,19000
059125,台積電第一03購02,0,0,0,0,0,0,0,0,0,19000,0,0,0,30000,11000,19000,19000
061175,台積電凱基9A購19,0,0,0,0,0,0,0,0,0,19000,0,0,0,19000,0,19000,19000
062074,旺宏元大9B購04  ,0,0,0,0,0,0,0,0,0,19000,0,0,0,19000,0,19000,19000
063255,臺股指元大9B購42,0,0,0,0,0,0,0,0,0,19000,0,0,0,19000,0,19000,19000
063075,祥碩永豐9B購04  ,0,0,0,0,0,0,0,0,0,19000,0,0,0,124000,105000,19000,19000
064601,嘉晶元富9C購03  ,0,0,0,0,0,0,0,0,0,19000,0,0,0,19000,0,19000,19000
064772,FBVIX群益9C購04 ,0,0,0,0,0,0,0,0,0,19000,0,0,0,100000,81000,19000,19000
064659,台達電元大9C購02,0,0,0,0,0,0,0,0,0,19000,0,0,0,108000,89000,19000,19000
063800,玉晶光凱基9C購02,0,0,0,0,0,0,0,0,0,19000,0,0,0,89000,70000,19000,19000
5007,三星            ,31000,12000,19000,0,0,0,0,0,0,0,0,0,0,0,0,0,19000
6672,騰輝電子-KY     ,165000,38000,127000,0,0,0,0,108000,-108000,0,0,0,0,0,0,0,19000
6224,聚鼎            ,56000,44000,12000,0,0,0,0,0,0,7000,7000,0,7000,0,0,0,19000
2509,全坤建          ,20000,2000,18000,0,0,0,0,0,0,0,0,0,0,0,0,0,18000
2535,達欣工          ,98000,80000,18000,0,0,0,0,0,0,0,0,0,0,0,0,0,18000
2007,燁興            ,18000,0,18000,0,0,0,0,0,0,0,0,0,0,0,0,0,18000
1733,五鼎            ,145000,127000,18000,0,0,0,0,0,0,0,3000,3000,0,0,0,0,18000
2904,匯僑            ,20000,4000,16000,0,0,0,0,0,0,2000,2000,0,2000,0,0,0,18000
3694,海華            ,44000,26000,18000,0,0,0,0,0,0,0,0,0,0,0,0,0,18000
08325P,臺股指凱基9C售08,0,0,0,0,0,0,0,0,0,18000,0,0,0,69000,51000,18000,18000
08497P,華新科國票01售02,0,0,0,0,0,0,0,0,0,18000,0,0,0,18000,0,18000,18000
08389P,技嘉國票9C售01  ,0,0,0,0,0,0,0,0,0,18000,0,0,0,88000,70000,18000,18000
08412P,群創凱基01售03  ,0,0,0,0,0,0,0,0,0,18000,0,0,0,46000,28000,18000,18000
1324,地球            ,18000,0,18000,0,0,0,0,0,0,0,0,0,0,0,0,0,18000
06527P,T50正2富邦9C售01,0,0,0,0,0,0,0,0,0,18000,0,0,0,18000,0,18000,18000
064978,群創元大9C購07  ,0,0,0,0,0,0,0,0,0,18000,0,0,0,20000,2000,18000,18000
07452P,國巨元大9A售05  ,0,0,0,0,0,0,0,0,0,18000,0,0,0,119000,101000,18000,18000
053969,瑞昱元大97購01  ,0,0,0,0,0,0,0,0,0,18000,0,0,0,20000,2000,18000,18000
053677,同欣電國泰97購01,0,0,0,0,0,0,0,0,0,18000,0,0,0,22000,4000,18000,18000
054740,強茂凱基99購01  ,0,0,0,0,0,0,0,0,0,18000,0,0,0,103000,85000,18000,18000
051485,玉晶光凱基97購02,0,0,0,0,0,0,0,0,0,18000,0,0,0,129000,111000,18000,18000
061603,瑞昱凱基9A購02  ,0,0,0,0,0,0,0,0,0,18000,0,0,0,173000,155000,18000,18000
056789,和碩群益98購01  ,0,0,0,0,0,0,0,0,0,18000,0,0,0,18000,0,18000,18000
056113,新日興兆豐98購01,0,0,0,0,0,0,0,0,0,18000,0,0,0,136000,118000,18000,18000
057060,緯穎元大98購05  ,0,0,0,0,0,0,0,0,0,18000,0,0,0,31000,13000,18000,18000
062048,義隆台新9B購01  ,0,0,0,0,0,0,0,0,0,18000,0,0,0,30000,12000,18000,18000
061693,華新科群益9B購02,0,0,0,0,0,0,0,0,0,18000,0,0,0,88000,70000,18000,18000
061924,聯發科凱基9C購01,0,0,0,0,0,0,0,0,0,18000,0,0,0,81000,63000,18000,18000
061886,力山國泰01購01  ,0,0,0,0,0,0,0,0,0,18000,0,0,0,30000,12000,18000,18000
061891,力山永豐9B購01  ,0,0,0,0,0,0,0,0,0,18000,0,0,0,23000,5000,18000,18000
062271,華通群益9C購02  ,0,0,0,0,0,0,0,0,0,18000,0,0,0,18000,0,18000,18000
061648,緯穎元大9A購04  ,0,0,0,0,0,0,0,0,0,18000,0,0,0,29000,11000,18000,18000
060809,康友群益9A購01  ,0,0,0,0,0,0,0,0,0,18000,0,0,0,30000,12000,18000,18000
059058,可成凱基9B購01  ,0,0,0,0,0,0,0,0,0,18000,0,0,0,30000,12000,18000,18000
060958,儒鴻凱基9A購02  ,0,0,0,0,0,0,0,0,0,18000,0,0,0,18000,0,18000,18000
058211,國巨群益9A購02  ,0,0,0,0,0,0,0,0,0,18000,0,0,0,18000,0,18000,18000
064750,緯穎麥證9C購01  ,0,0,0,18000,0,18000,0,0,0,18000,0,0,0,18000,0,18000,18000
063480,南六元大9C購01  ,0,0,0,0,0,0,0,0,0,18000,0,0,0,43000,25000,18000,18000
062512,美食國票9B購01  ,0,0,0,0,0,0,0,0,0,18000,0,0,0,35000,17000,18000,18000
061980,聯發科元大9B購01,0,0,0,0,0,0,0,0,0,18000,0,0,0,18000,0,18000,18000
061848,國巨國票9B購07  ,0,0,0,0,0,0,0,0,0,18000,0,0,0,24000,6000,18000,18000
062434,華通元大9B購04  ,0,0,0,0,0,0,0,0,0,18000,0,0,0,69000,51000,18000,18000
8070,長華*           ,25000,7000,18000,0,0,0,0,0,0,0,0,0,0,0,0,0,18000
00743,國泰中國A150    ,1000,0,1000,0,0,0,0,0,0,16590,0,0,0,25590,9000,16590,17590
07818P,台積電國票9C售01,0,0,0,0,0,0,0,0,0,17000,0,0,0,79000,62000,17000,17000
065065,世芯群益01購01  ,0,0,0,0,0,0,0,0,0,17000,0,0,0,91000,74000,17000,17000
064797,道瓊反元大01購01,0,0,0,0,0,0,0,0,0,17000,0,0,0,17000,0,17000,17000
06567P,鴻海永豐98售02  ,0,0,0,0,0,0,0,0,0,17000,0,0,0,17000,0,17000,17000
1535,中宇            ,17000,0,17000,0,0,0,0,0,0,0,0,0,0,0,0,0,17000
3025,星通            ,18000,0,18000,0,0,0,0,0,0,-1000,0,1000,-1000,0,0,0,17000
2009,第一銅          ,17000,0,17000,0,0,0,0,0,0,0,0,0,0,0,0,0,17000
0057,富邦摩台        ,0,0,0,0,0,0,0,0,0,17000,0,0,0,37000,20000,17000,17000
057539,南茂元大98購02  ,0,0,0,0,0,0,0,0,0,17000,0,0,0,77000,60000,17000,17000
056144,GIS元大98購01   ,0,0,0,0,0,0,0,0,0,17000,0,0,0,17000,0,17000,17000
055974,上銀統一97購05  ,0,0,0,0,0,0,0,0,0,17000,0,0,0,44000,27000,17000,17000
057671,群創元大9B購06  ,0,0,0,0,0,0,0,0,0,17000,0,0,0,32000,15000,17000,17000
056904,大立光元大99購05,0,0,0,0,0,0,0,0,0,17000,0,0,0,17000,0,17000,17000
059977,鴻海元大99購40  ,0,0,0,0,0,0,0,0,0,17000,0,0,0,50000,33000,17000,17000
061133,玉晶光第一9A購01,0,0,0,0,0,0,0,0,0,17000,0,0,0,25000,8000,17000,17000
058937,仁寶中信99購01  ,0,0,0,0,0,0,0,0,0,17000,0,0,0,27000,10000,17000,17000
058861,國巨凱基9A購08  ,0,0,0,0,0,0,0,0,0,17000,0,0,0,25000,8000,17000,17000
062060,奇鋐統一9C購01  ,0,0,0,0,0,0,0,0,0,17000,0,0,0,55000,38000,17000,17000
061738,聯發科凱基9B購04,0,0,0,0,0,0,0,0,0,17000,0,0,0,22000,5000,17000,17000
062437,廣達元大9B購01  ,0,0,0,0,0,0,0,0,0,17000,0,0,0,49000,32000,17000,17000
062798,台光電統一9B購01,0,0,0,0,0,0,0,0,0,17000,0,0,0,235000,218000,17000,17000
062783,大立光元大9C購03,0,0,0,0,0,0,0,0,0,17000,0,0,0,17000,0,17000,17000
062662,友達群益9B購02  ,0,0,0,0,0,0,0,0,0,17000,0,0,0,70000,53000,17000,17000
062905,聯發科元大9B購13,0,0,0,0,0,0,0,0,0,17000,0,0,0,17000,0,17000,17000
064660,華通元大9C購05  ,0,0,0,0,0,0,0,0,0,17000,0,0,0,27000,10000,17000,17000
064219,滬深2X國票03購01,0,0,0,0,0,0,0,0,0,17000,0,0,0,25000,8000,17000,17000
06421P,嘉澤統一97售02  ,0,0,0,0,0,0,0,0,0,17000,0,0,0,22000,5000,17000,17000
064229,台表科國票01購01,0,0,0,0,0,0,0,0,0,17000,0,0,0,17000,0,17000,17000
063665,南亞科統一01購02,0,0,0,0,0,0,0,0,0,17000,0,0,0,50000,33000,17000,17000
064010,GIS凱基02購01   ,0,0,0,0,0,0,0,0,0,17000,0,0,0,30000,13000,17000,17000
063930,高鐵統一02購02  ,0,0,0,0,0,0,0,0,0,17000,0,0,0,22000,5000,17000,17000
2528,皇普            ,16000,0,16000,0,0,0,0,0,0,0,0,0,0,0,0,0,16000
2430,燦坤            ,48000,32000,16000,0,0,0,0,0,0,0,0,0,0,0,0,0,16000
2438,翔耀            ,16000,0,16000,0,0,0,0,0,0,0,0,0,0,0,0,0,16000
4148,全宇生技-KY     ,150000,134000,16000,0,0,0,0,0,0,0,0,0,0,0,0,0,16000
4725,信昌化          ,18000,2000,16000,0,0,0,0,0,0,0,0,0,0,0,0,0,16000
1525,江申            ,18000,2000,16000,0,0,0,0,0,0,0,0,0,0,0,0,0,16000
1539,巨庭            ,19000,3000,16000,0,0,0,0,0,0,0,0,0,0,0,0,0,16000
08150P,立積國票9C售01  ,0,0,0,0,0,0,0,0,0,16000,0,0,0,16000,0,16000,16000
07968P,國巨元大9B售09  ,0,0,0,0,0,0,0,0,0,16000,0,0,0,16000,0,16000,16000
07500P,微星元大9A售01  ,0,0,0,0,0,0,0,0,0,16000,0,0,0,26000,10000,16000,16000
07653P,華新科群益9A售05,0,0,0,0,0,0,0,0,0,16000,0,0,0,56000,40000,16000,16000
06954P,大立光元富99售01,0,0,0,0,0,0,0,0,0,16000,0,0,0,60000,44000,16000,16000
06854P,鴻海富邦99售05  ,0,0,0,0,0,0,0,0,0,16000,0,0,0,16000,0,16000,16000
056865,樺漢群益98購01  ,0,0,0,0,0,0,0,0,0,16000,0,0,0,20000,4000,16000,16000
057242,台郡凱基98購05  ,0,0,0,0,0,0,0,0,0,16000,0,0,0,51000,35000,16000,16000
055782,新日興凱基99購01,0,0,0,0,0,0,0,0,0,16000,0,0,0,26000,10000,16000,16000
053055,聯詠國票97購01  ,0,0,0,0,0,0,0,0,0,16000,0,0,0,16000,0,16000,16000
046383,群創凱基98購01  ,0,0,0,0,0,0,0,0,0,16000,0,0,0,16000,0,16000,16000
051486,玉晶光凱基97購03,0,0,0,0,0,0,0,0,0,16000,0,0,0,38000,22000,16000,16000
055142,健策永豐98購01  ,0,0,0,0,0,0,0,0,0,16000,0,0,0,17000,1000,16000,16000
054695,世芯永豐98購01  ,0,0,0,0,0,0,0,0,0,16000,0,0,0,26000,10000,16000,16000
054627,義隆凱基98購01  ,0,0,0,0,0,0,0,0,0,16000,0,0,0,16000,0,16000,16000
057725,台達電國泰9A購01,0,0,0,0,0,0,0,0,0,16000,0,0,0,16000,0,16000,16000
057705,臺股指群益98購05,0,0,0,0,0,0,0,0,0,16000,0,0,0,16000,0,16000,16000
062147,大毅國票9B購02  ,0,0,0,0,0,0,0,0,0,16000,0,0,0,16000,0,16000,16000
061667,友達中信9A購02  ,0,0,0,0,0,0,0,0,0,16000,0,0,0,16000,0,16000,16000
062261,嘉晶元大9B購02  ,0,0,0,0,0,0,0,0,0,16000,0,0,0,19000,3000,16000,16000
058015,旺宏凱基99購02  ,0,0,0,0,0,0,0,0,0,16000,0,0,0,63000,47000,16000,16000
057938,台表科群益98購02,0,0,0,0,0,0,0,0,0,16000,0,0,0,16000,0,16000,16000
058836,FBVIX中信03購05 ,0,0,0,0,0,0,0,0,0,16000,0,0,0,62000,46000,16000,16000
058950,國巨群益99購06  ,0,0,0,0,0,0,0,0,0,16000,0,0,0,38000,22000,16000,16000
058318,致茂永豐9A購01  ,0,0,0,0,0,0,0,0,0,16000,0,0,0,50000,34000,16000,16000
063849,奇鋐元大9C購01  ,0,0,0,0,0,0,0,0,0,16000,0,0,0,96000,80000,16000,16000
063913,貿聯凱基02購01  ,0,0,0,0,0,0,0,0,0,16000,0,0,0,256000,240000,16000,16000
064143,旺宏統一01購05  ,0,0,0,0,0,0,0,0,0,16000,0,0,0,21000,5000,16000,16000
064420,台積電兆豐9C購03,0,0,0,0,0,0,0,0,0,16000,0,0,0,181000,165000,16000,16000
062937,旺宏凱基9B購08  ,0,0,0,0,0,0,0,0,0,16000,0,0,0,20000,4000,16000,16000
063038,富邦金凱基9B購02,0,0,0,0,0,0,0,0,0,16000,0,0,0,50000,34000,16000,16000
062739,嘉晶國票9B購02  ,0,0,0,0,0,0,0,0,0,16000,0,0,0,21000,5000,16000,16000
062635,創意國票9B購01  ,0,0,0,0,0,0,0,0,0,16000,0,0,0,90000,74000,16000,16000
6451,訊芯-KY         ,157000,146000,11000,0,0,0,0,0,0,5000,1000,0,1000,9000,5000,4000,16000
5706,鳳凰            ,32000,16000,16000,0,0,0,0,0,0,0,0,0,0,0,0,0,16000
8478,東哥遊艇        ,18000,2000,16000,0,0,0,0,0,0,0,0,0,0,0,0,0,16000
06726P,欣興元富98售04  ,0,0,0,0,0,0,0,0,0,15000,0,0,0,15000,0,15000,15000
07008P,台郡中信99售02  ,0,0,0,0,0,0,0,0,0,15000,0,0,0,85000,70000,15000,15000
07001P,國巨元大99售12  ,0,0,0,0,0,0,0,0,0,15000,0,0,0,15000,0,15000,15000
07305P,T50正2群益99售02,0,0,0,0,0,0,0,0,0,15000,0,0,0,95000,80000,15000,15000
07575P,瑞昱元大9A售02  ,0,0,0,0,0,0,0,0,0,15000,0,0,0,20000,5000,15000,15000
064805,金像電元大9C購04,0,0,0,0,0,0,0,0,0,15000,0,0,0,15000,0,15000,15000
08178P,南亞科元大9B售01,0,0,0,0,0,0,0,0,0,15000,0,0,0,21000,6000,15000,15000
08110P,臺股指中信01售05,0,0,0,0,0,0,0,0,0,15000,0,0,0,65000,50000,15000,15000
08139P,華新科元大9B售12,0,0,0,0,0,0,0,0,0,15000,0,0,0,65000,50000,15000,15000
08063P,立積國票9B售03  ,0,0,0,0,0,0,0,0,0,15000,0,0,0,15000,0,15000,15000
08329P,台達電統一9C售02,0,0,0,0,0,0,0,0,0,15000,0,0,0,40000,25000,15000,15000
08360P,國巨國泰02售01  ,0,0,0,0,0,0,0,0,0,15000,0,0,0,15000,0,15000,15000
1587,吉茂            ,16000,1000,15000,0,0,0,0,0,0,0,0,0,0,0,0,0,15000
1530,亞崴            ,16000,0,16000,0,0,0,0,0,0,-1000,0,1000,-1000,0,0,0,15000
08466P,旺宏統一9C售03  ,0,0,0,0,0,0,0,0,0,15000,0,0,0,15000,0,15000,15000
4807,日成-KY         ,17000,2000,15000,0,0,0,0,0,0,0,0,0,0,0,0,0,15000
4190,佐登-KY         ,34000,6000,28000,0,0,0,0,0,0,-13000,0,0,0,0,13000,-13000,15000
3058,立德            ,38000,23000,15000,0,0,0,0,0,0,0,0,0,0,0,0,0,15000
2838A,聯邦銀甲特      ,5000,0,5000,0,0,0,0,0,0,10000,10000,0,10000,0,0,0,15000
2540,愛山林          ,17000,2000,15000,0,0,0,0,0,0,0,0,0,0,0,0,0,15000
2484,希華            ,76000,61000,15000,0,0,0,0,0,0,0,0,0,0,0,0,0,15000
2614,東森            ,493000,479000,14000,0,0,0,0,0,0,1000,1000,0,1000,0,0,0,15000
2373,震旦行          ,20000,5000,15000,0,0,0,0,0,0,0,0,0,0,0,0,0,15000
054555,欣興凱基98購01  ,0,0,0,0,0,0,0,0,0,15000,0,0,0,15000,0,15000,15000
054704,玉晶光第一97購01,0,0,0,0,0,0,0,0,0,15000,0,0,0,50000,35000,15000,15000
054811,裕隆元大9A購01  ,0,0,0,0,0,0,0,0,0,15000,0,0,0,25000,10000,15000,15000
055094,智易群益98購01  ,0,0,0,0,0,0,0,0,0,15000,0,0,0,15000,0,15000,15000
053412,台達電國票97購02,0,0,0,0,0,0,0,0,0,15000,0,0,0,25000,10000,15000,15000
055166,台積電統一97購05,0,0,0,0,0,0,0,0,0,15000,0,0,0,15000,0,15000,15000
050854,世紀鋼國票97購01,0,0,0,0,0,0,0,0,0,15000,0,0,0,15000,0,15000,15000
054434,友達台新96購03  ,0,0,0,0,0,0,0,0,0,15000,0,0,0,15000,0,15000,15000
053021,國巨國泰97購04  ,0,0,0,0,0,0,0,0,0,15000,0,0,0,15000,0,15000,15000
00683L,元大美元指數正2 ,0,0,0,0,0,0,0,0,0,15000,0,0,0,62000,47000,15000,15000
052313,聯電元大98購01  ,0,0,0,0,0,0,0,0,0,15000,0,0,0,20000,5000,15000,15000
056762,亞德客元大98購01,0,0,0,0,0,0,0,0,0,15000,0,0,0,80000,65000,15000,15000
057662,上銀元大9A購01  ,0,0,0,0,0,0,0,0,0,15000,0,0,0,15000,0,15000,15000
056914,臺股指元大99購09,0,0,0,0,0,0,0,0,0,15000,0,0,0,15000,0,15000,15000
061202,和大元大9A購02  ,0,0,0,0,0,0,0,0,0,15000,0,0,0,95000,80000,15000,15000
055935,創意群益97購02  ,0,0,0,0,0,0,0,0,0,15000,0,0,0,15000,0,15000,15000
057062,立積國泰99購01  ,0,0,0,0,0,0,0,0,0,15000,0,0,0,186000,171000,15000,15000
057030,滬深反元大9B購01,0,0,0,0,0,0,0,0,0,15000,0,0,0,15000,0,15000,15000
058322,玉晶光永豐99購02,0,0,0,0,0,0,0,0,0,15000,0,0,0,17000,2000,15000,15000
059639,大立光凱基9A購06,0,0,0,0,0,0,0,0,0,15000,0,0,0,25000,10000,15000,15000
059665,嘉聯益元大99購06,0,0,0,0,0,0,0,0,0,15000,0,0,0,19000,4000,15000,15000
058767,亞德客兆豐99購01,0,0,0,0,0,0,0,0,0,15000,0,0,0,15000,0,15000,15000
058671,旺宏群益9A購01  ,0,0,0,0,0,0,0,0,0,15000,0,0,0,20000,5000,15000,15000
060427,聯茂永豐9A購01  ,0,0,0,0,0,0,0,0,0,15000,0,0,0,95000,80000,15000,15000
058068,旺宏凱基98購11  ,0,0,0,0,0,0,0,0,0,15000,0,0,0,50000,35000,15000,15000
060388,世紀鋼凱基9B購01,0,0,0,0,0,0,0,0,0,15000,0,0,0,15000,0,15000,15000
060833,道瓊反國票9A購01,0,0,0,0,0,0,0,0,0,15000,0,0,0,15000,0,15000,15000
062643,緯穎國票9B購01  ,0,0,0,0,0,0,0,0,0,15000,0,0,0,27000,12000,15000,15000
06271P,彩晶凱基97售01  ,0,0,0,0,0,0,0,0,0,15000,0,0,0,15000,0,15000,15000
062755,茂林麥證9B購01  ,0,0,0,59000,44000,15000,0,0,0,15000,0,0,0,59000,44000,15000,15000
062348,聯發科群益9B購06,0,0,0,0,0,0,0,0,0,15000,0,0,0,59000,44000,15000,15000
062172,南六永豐9B購01  ,0,0,0,0,0,0,0,0,0,15000,0,0,0,15000,0,15000,15000
063190,聯茂凱基9B購01  ,0,0,0,0,0,0,0,0,0,15000,0,0,0,16000,1000,15000,15000
063388,台光電兆豐9C購01,0,0,0,0,0,0,0,0,0,15000,0,0,0,15000,0,15000,15000
06322P,超眾統一97售04  ,0,0,0,0,0,0,0,0,0,15000,0,0,0,15000,0,15000,15000
064405,美食凱基01購02  ,0,0,0,0,0,0,0,0,0,15000,0,0,0,30000,15000,15000,15000
063887,香港2X中信02購01,0,0,0,0,0,0,0,0,0,15000,0,0,0,15000,0,15000,15000
9906,欣巴巴          ,27000,12000,15000,0,0,0,0,0,0,0,0,0,0,0,0,0,15000
8443,阿瘦            ,16000,1000,15000,0,0,0,0,0,0,0,0,0,0,0,0,0,15000
9934,成霖            ,100000,84000,16000,0,0,0,0,0,0,-1000,0,1000,-1000,0,0,0,15000
9930,中聯資源        ,37000,22000,15000,0,0,0,0,0,0,0,0,0,0,0,0,0,15000
8114,振樺電          ,18600,4000,14600,0,0,0,0,0,0,0,0,0,0,0,0,0,14600
1805,寶徠            ,25000,11000,14000,0,0,0,0,0,0,0,0,0,0,0,0,0,14000
3004,豐達科          ,42000,28000,14000,0,0,0,0,0,0,0,0,0,0,0,0,0,14000
1110,東泥            ,17000,3000,14000,0,0,0,0,0,0,0,0,0,0,0,0,0,14000
1617,榮星            ,14000,0,14000,0,0,0,0,0,0,0,0,0,0,0,0,0,14000
1410,南染            ,18000,4000,14000,0,0,0,0,0,0,0,0,0,0,0,0,0,14000
08258P,旺宏元大9C售04  ,0,0,0,0,0,0,0,0,0,14000,0,0,0,24000,10000,14000,14000
08002P,大毅國票9B售03  ,0,0,0,0,0,0,0,0,0,14000,0,0,0,14000,0,14000,14000
08169P,台光電群益9B售04,0,0,0,0,0,0,0,0,0,14000,0,0,0,48000,34000,14000,14000
065032,TPK兆豐01購01   ,0,0,0,0,0,0,0,0,0,14000,0,0,0,14000,0,14000,14000
07689P,旺宏元大9A售13  ,0,0,0,0,0,0,0,0,0,14000,0,0,0,14000,0,14000,14000
07975P,國巨元大9B售15  ,0,0,0,0,0,0,0,0,0,14000,0,0,0,14000,0,14000,14000
056659,泰碩元大99購01  ,0,0,0,0,0,0,0,0,0,14000,0,0,0,132000,118000,14000,14000
057523,大成鋼元大99購01,0,0,0,0,0,0,0,0,0,14000,0,0,0,150000,136000,14000,14000
00865B,國泰US短期公債  ,0,0,0,0,0,0,0,0,0,14000,0,0,0,118000,104000,14000,14000
0052,富邦科技        ,0,0,0,0,0,0,0,0,0,14000,0,0,0,121000,107000,14000,14000
046942,友達元大99購01  ,0,12000,-12000,0,0,0,0,0,0,26000,0,0,0,170000,144000,26000,14000
055104,台達電凱基98購01,0,0,0,0,0,0,0,0,0,14000,0,0,0,98000,84000,14000,14000
057740,茂林富邦9A購01  ,0,0,0,0,0,0,0,0,0,14000,0,0,0,14000,0,14000,14000
057957,嘉晶元大98購01  ,0,0,0,0,0,0,0,0,0,14000,0,0,0,23000,9000,14000,14000
060133,牧德群益9B購01  ,0,0,0,0,0,0,0,0,0,14000,0,0,0,14000,0,14000,14000
060168,台表科永豐9A購01,0,0,0,0,0,0,0,0,0,14000,0,0,0,14000,0,14000,14000
061451,南電中信9A購03  ,0,0,0,0,0,0,0,0,0,14000,0,0,0,68000,54000,14000,14000
058912,祥碩元大99購01  ,0,0,0,0,0,0,0,0,0,14000,0,0,0,17000,3000,14000,14000
063899,同欣電群益9C購01,0,0,0,0,0,0,0,0,0,14000,0,0,0,24000,10000,14000,14000
063977,義隆兆豐9C購01  ,0,0,0,0,0,0,0,0,0,14000,0,0,0,14000,0,14000,14000
064103,大立光群益9C購03,0,0,0,0,0,0,0,0,0,14000,0,0,0,14000,0,14000,14000
064005,義隆凱基01購01  ,0,0,0,0,0,0,0,0,0,14000,0,0,0,35000,21000,14000,14000
063784,華通中信06購01  ,0,0,0,0,0,0,0,0,0,14000,0,0,0,39000,25000,14000,14000
063717,宏達電兆豐9B購02,0,0,0,0,0,0,0,0,0,14000,0,0,0,21000,7000,14000,14000
064417,創意中信9C購01  ,0,0,0,0,0,0,0,0,0,14000,0,0,0,202000,188000,14000,14000
064247,廣達元富9C購01  ,0,0,0,0,0,0,0,0,0,14000,0,0,0,136000,122000,14000,14000
063231,台泥元大9B購01  ,0,0,0,0,0,0,0,0,0,14000,0,0,0,98000,84000,14000,14000
063257,牧德國泰01購01  ,0,0,0,0,0,0,0,0,0,14000,0,0,0,14000,0,14000,14000
063482,緯穎元大9B購09  ,0,0,0,0,0,0,0,0,0,14000,0,0,0,51000,37000,14000,14000
063438,聚陽統一9C購01  ,0,0,0,0,0,0,0,0,0,14000,0,0,0,74000,60000,14000,14000
063132,台表科元大9C購02,0,0,0,0,0,0,0,0,0,14000,0,0,0,82000,68000,14000,14000
8201,無敵            ,56000,42000,14000,0,0,0,0,0,0,0,0,0,0,0,0,0,14000
8103,瀚荃            ,61000,47000,14000,0,0,0,0,0,0,0,0,0,0,0,0,0,14000
9942,茂順            ,19000,5000,14000,0,0,0,0,0,0,0,0,0,0,0,0,0,14000
6281,全國電          ,18000,4000,14000,0,0,0,0,0,0,0,0,0,0,0,0,0,14000
9921,巨大            ,1544396,1484059,60337,0,0,0,0,23000,-23000,-24000,3000,14000,-11000,0,13000,-13000,13337
07892P,臺股指國票9B售02,0,0,0,0,0,0,0,0,0,13000,0,0,0,23000,10000,13000,13000
07248P,可成凱基99售06  ,0,0,0,0,0,0,0,0,0,13000,0,0,0,20000,7000,13000,13000
06736P,新日興凱基98售03,0,0,0,0,0,0,0,0,0,13000,0,0,0,15000,2000,13000,13000
064915,美律統一02購02  ,0,0,0,0,0,0,0,0,0,13000,0,0,0,13000,0,13000,13000
065286,瑞昱群益9C購03  ,0,0,0,0,0,0,0,0,0,13000,0,0,0,15000,2000,13000,13000
065180,台表科元大9C購10,0,0,0,0,0,0,0,0,0,13000,0,0,0,71000,58000,13000,13000
08084P,台表科元大9B售06,0,0,0,0,0,0,0,0,0,13000,0,0,0,63000,50000,13000,13000
1456,怡華            ,23000,10000,13000,0,0,0,0,0,0,0,0,0,0,0,0,0,13000
08493P,嘉澤元大9C售01  ,0,0,0,0,0,0,0,0,0,13000,0,0,0,13000,0,13000,13000
08472P,和碩凱基9C售02  ,0,0,0,0,0,0,0,0,0,13000,0,0,0,13000,0,13000,13000
3167,大量            ,21000,8000,13000,0,0,0,0,0,0,0,0,0,0,0,0,0,13000
3416,融程電          ,18000,4000,14000,0,0,0,0,0,0,-1000,0,1000,-1000,0,0,0,13000
3028,增你強          ,15000,2000,13000,0,0,0,0,0,0,0,0,0,0,0,0,0,13000
2453,凌群            ,133000,120000,13000,0,0,0,0,0,0,0,0,0,0,0,0,0,13000
057743,華擎永豐98購03  ,0,0,0,0,0,0,0,0,0,13000,0,0,0,56000,43000,13000,13000
052522,聯發科元大96購05,0,0,0,0,0,0,0,0,0,13000,0,0,0,13000,0,13000,13000
051381,玉晶光群益98購01,0,0,0,0,0,0,0,0,0,13000,0,0,0,13000,0,13000,13000
050142,聯發科元富9A購01,0,0,0,0,0,0,0,0,0,13000,0,0,0,13000,0,13000,13000
057136,立積凱基98購02  ,0,0,0,0,0,0,0,0,0,13000,0,0,0,33000,20000,13000,13000
056441,燿華凱基98購01  ,0,0,0,0,0,0,0,0,0,13000,0,0,0,13000,0,13000,13000
056226,聯發科凱基97購10,0,0,0,0,0,0,0,0,0,13000,0,0,0,20000,7000,13000,13000
061380,巨大永豐9A購02  ,0,0,0,0,0,0,0,0,0,13000,0,0,0,13000,0,13000,13000
061362,台塑國票9B購01  ,0,0,0,0,0,0,0,0,0,13000,0,0,0,39000,26000,13000,13000
057637,上銀元大98購07  ,0,0,0,0,0,0,0,0,0,13000,0,0,0,91000,78000,13000,13000
057669,嘉晶元大99購03  ,0,0,0,0,0,0,0,0,0,13000,0,0,0,13000,0,13000,13000
055791,臺股指凱基97購14,0,0,0,0,0,0,0,0,0,13000,0,0,0,13000,0,13000,13000
060236,精元元大9C購01  ,0,0,0,0,0,0,0,0,0,13000,0,0,0,52000,39000,13000,13000
059213,國巨元大99購19  ,0,0,0,0,0,0,0,0,0,13000,0,0,0,16000,3000,13000,13000
058256,臺股指元大9A購20,0,0,0,0,0,0,0,0,0,13000,0,0,0,13000,0,13000,13000
059121,瑞儀永豐99購01  ,0,0,0,0,0,0,0,0,0,13000,0,0,0,13000,0,13000,13000
059097,世紀鋼元大99購05,0,0,0,0,0,0,0,0,0,13000,0,0,0,25000,12000,13000,13000
060995,泰鼎元大9A購03  ,0,0,0,0,0,0,0,0,0,13000,0,0,0,27000,14000,13000,13000
057988,鈺齊元富98購02  ,0,0,0,0,0,0,0,0,0,13000,0,0,0,23000,10000,13000,13000
062254,台光電元大9B購02,0,0,0,0,0,0,0,0,0,13000,0,0,0,21000,8000,13000,13000
061687,大成鋼群益9A購01,0,0,0,0,0,0,0,0,0,13000,0,0,0,23000,10000,13000,13000
060478,南電元大9A購01  ,0,0,0,0,0,0,0,0,0,13000,0,0,0,13000,0,13000,13000
059364,昇陽半永豐99購02,0,0,0,0,0,0,0,0,0,13000,0,0,0,13000,0,13000,13000
060721,瑞儀永豐9A購01  ,0,0,0,0,0,0,0,0,0,13000,0,0,0,13000,0,13000,13000
060555,台表科凱基9A購03,0,0,0,0,0,0,0,0,0,13000,0,0,0,23000,10000,13000,13000
061074,儒鴻兆豐9B購01  ,0,0,0,0,0,0,0,0,0,13000,0,0,0,18000,5000,13000,13000
063010,國巨元大9C購02  ,10000,0,10000,0,0,0,0,0,0,3000,0,0,0,24000,21000,3000,13000
062904,台光電元大9B購06,0,0,0,0,0,0,0,0,0,13000,0,0,0,17000,4000,13000,13000
063461,金像電元大9B購03,0,0,0,0,0,0,0,0,0,13000,0,0,0,31000,18000,13000,13000
063403,鈺齊群益9B購01  ,0,0,0,0,0,0,0,0,0,13000,0,0,0,16000,3000,13000,13000
063214,康控國票9C購01  ,0,0,0,0,0,0,0,0,0,13000,0,0,0,48000,35000,13000,13000
063290,GIS元大9B購02   ,0,0,0,0,0,0,0,0,0,13000,0,0,0,63000,50000,13000,13000
063274,鈺齊兆豐9B購01  ,0,0,0,0,0,0,0,0,0,13000,0,0,0,53000,40000,13000,13000
062432,上銀元大9B購04  ,0,0,0,0,0,0,0,0,0,13000,0,0,0,13000,0,13000,13000
062592,牧德統一01購01  ,0,0,0,0,0,0,0,0,0,13000,0,0,0,119000,106000,13000,13000
064760,玉晶光凱基01購02,0,0,0,0,0,0,0,0,0,13000,0,0,0,181000,168000,13000,13000
063645,瑞儀元大9B購02  ,0,0,0,0,0,0,0,0,0,13000,0,0,0,23000,10000,13000,13000
063953,世芯元大01購01  ,0,0,0,0,0,0,0,0,0,13000,0,0,0,13000,0,13000,13000
2008,高興昌          ,12000,0,12000,0,0,0,0,0,0,0,0,0,0,0,0,0,12000
2243,宏旭-KY         ,14000,2000,12000,0,0,0,0,0,0,0,0,0,0,0,0,0,12000
4438,廣越            ,20000,8000,12000,0,0,0,0,0,0,0,0,0,0,0,0,0,12000
1225,福懋油          ,16000,4000,12000,0,0,0,0,0,0,0,0,0,0,0,0,0,12000
08090P,嘉澤統一9B售01  ,0,0,0,0,0,0,0,0,0,12000,0,0,0,12000,0,12000,12000
08284P,鴻海凱基01售03  ,0,0,0,0,0,0,0,0,0,12000,0,0,0,13000,1000,12000,12000
08376P,南亞科元富9C售03,0,0,0,0,0,0,0,0,0,12000,0,0,0,45000,33000,12000,12000
065107,道瓊反國票9C購03,0,0,0,0,0,0,0,0,0,12000,0,0,0,12000,0,12000,12000
064931,南六統一9C購05  ,0,0,0,0,0,0,0,0,0,12000,0,0,0,57000,45000,12000,12000
07114P,旺宏兆豐9A售01  ,0,0,0,0,0,0,0,0,0,12000,0,0,0,12000,0,12000,12000
07590P,玉晶光國票9A售03,0,0,0,0,0,0,0,0,0,12000,0,0,0,32000,20000,12000,12000
07384P,大立光群益9A售01,0,0,0,0,0,0,0,0,0,12000,0,0,0,12000,0,12000,12000
056915,上銀兆豐99購01  ,0,0,0,0,0,0,0,0,0,12000,0,0,0,12000,0,12000,12000
056379,玉晶光元富98購01,0,0,0,0,0,0,0,0,0,12000,0,0,0,12000,0,12000,12000
056141,聯茂元大97購05  ,0,0,0,0,0,0,0,0,0,12000,0,0,0,30000,18000,12000,12000
057028,台郡凱基99購02  ,0,0,0,0,0,0,0,0,0,12000,0,0,0,12000,0,12000,12000
055877,奇鋐元富97購01  ,0,0,0,0,0,0,0,0,0,12000,0,0,0,117000,105000,12000,12000
054349,同欣電國票97購02,0,0,0,0,0,0,0,0,0,12000,0,0,0,92000,80000,12000,12000
053591,大立光元大99購03,0,0,0,0,0,0,0,0,0,12000,0,0,0,12000,0,12000,12000
055623,貿聯國泰99購01  ,0,0,0,0,0,0,0,0,0,12000,0,0,0,12000,0,12000,12000
055598,欣興元大97購03  ,0,0,0,0,0,0,0,0,0,12000,0,0,0,12000,0,12000,12000
054842,台達電兆豐98購01,0,0,0,0,0,0,0,0,0,12000,0,0,0,12000,0,12000,12000
054671,國巨國泰98購01  ,0,0,0,0,0,0,0,0,0,12000,0,0,0,12000,0,12000,12000
054632,緯穎凱基9A購01  ,0,0,0,0,0,0,0,0,0,12000,0,0,0,44000,32000,12000,12000
060708,康友富邦9B購01  ,0,0,0,0,0,0,0,0,0,12000,0,0,0,140000,128000,12000,12000
060784,鴻海富邦9C購01  ,0,0,0,0,0,0,0,0,0,12000,0,0,0,13000,1000,12000,12000
059349,台郡凱基99購04  ,0,0,0,0,0,0,0,0,0,12000,0,0,0,12000,0,12000,12000
058510,全新元大9B購02  ,0,0,0,0,0,0,0,0,0,12000,0,0,0,12000,0,12000,12000
060454,葡萄王元大9A購01,0,0,0,0,0,0,0,0,0,12000,0,0,0,12000,0,12000,12000
062155,國巨凱基9C購03  ,0,0,0,0,0,0,0,0,0,12000,0,0,0,12000,0,12000,12000
061794,國巨永豐9B購01  ,0,0,0,0,0,0,0,0,0,12000,0,0,0,12000,0,12000,12000
057873,義隆元大98購03  ,0,0,0,0,0,0,0,0,0,12000,0,0,0,12000,0,12000,12000
059747,台達電台新99購01,0,0,0,0,0,0,0,0,0,12000,0,0,0,12000,0,12000,12000
059872,華新科凱基01購01,0,0,0,0,0,0,0,0,0,12000,0,0,0,72000,60000,12000,12000
059568,台積電凱基9A購13,0,0,0,0,0,0,0,0,0,12000,0,0,0,12000,0,12000,12000
064036,矽創元大9C購01  ,0,0,0,0,0,0,0,0,0,12000,0,0,0,54000,42000,12000,12000
064050,景碩統一01購01  ,0,0,0,0,0,0,0,0,0,12000,0,0,0,16000,4000,12000,12000
064106,國巨兆豐9C購04  ,0,0,0,0,0,0,0,0,0,12000,0,0,0,118000,106000,12000,12000
064757,義隆凱基01購02  ,0,0,0,0,0,0,0,0,0,12000,0,0,0,18000,6000,12000,12000
064510,GIS元大01購01   ,0,0,0,0,0,0,0,0,0,12000,0,0,0,12000,0,12000,12000
06425P,TPK永豐97售02   ,0,0,0,0,0,0,0,0,0,12000,0,0,0,12000,0,12000,12000
064337,大毅元大01購02  ,0,0,0,0,0,0,0,0,0,12000,0,0,0,109000,97000,12000,12000
062440,聯發科元大9B購11,0,0,0,0,0,0,0,0,0,12000,0,0,0,15000,3000,12000,12000
062214,金寶統一01購01  ,0,0,0,0,0,0,0,0,0,12000,0,0,0,199000,187000,12000,12000
062229,南六統一9B購01  ,0,0,0,0,0,0,0,0,0,12000,0,0,0,62000,50000,12000,12000
061859,勤誠國票9B購01  ,0,0,0,0,0,0,0,0,0,12000,0,0,0,33000,21000,12000,12000
063338,國巨統一9C購11  ,0,0,0,0,0,0,0,0,0,12000,0,0,0,37000,25000,12000,12000
063484,達方元大9B購01  ,0,0,0,0,0,0,0,0,0,12000,0,0,0,114000,102000,12000,12000
062862,瑞儀國票9B購01  ,0,0,0,0,0,0,0,0,0,12000,0,0,0,12000,0,12000,12000
063080,裕隆凱基9B購01  ,0,0,0,0,0,0,0,0,0,12000,0,0,0,122000,110000,12000,12000
6431,光麗-KY         ,14000,2000,12000,0,0,0,0,0,0,0,0,0,0,0,0,0,12000
6172,互億            ,11000,0,11000,0,0,0,0,0,0,1000,1000,0,1000,0,0,0,12000
07389P,臺股指群益9C售08,0,0,0,0,0,0,0,0,0,11000,0,0,0,11000,0,11000,11000
07407P,欣興凱基99售07  ,0,0,0,0,0,0,0,0,0,11000,0,0,0,11000,0,11000,11000
1234,黑松            ,12000,1000,11000,0,0,0,0,0,0,0,0,0,0,0,0,0,11000
1616,億泰            ,11000,0,11000,0,0,0,0,0,0,0,0,0,0,0,0,0,11000
4571,鈞興-KY         ,11000,0,11000,0,0,0,0,0,0,0,0,0,0,0,0,0,11000
4572,駐龍            ,15000,4000,11000,0,0,0,0,0,0,0,0,0,0,0,0,0,11000
2881B,富邦金乙特      ,0,0,0,0,0,0,0,0,0,11000,11000,0,11000,0,0,0,11000
1817,凱撒衛          ,12000,1000,11000,0,0,0,0,0,0,0,0,0,0,0,0,0,11000
054755,世紀鋼凱基98購01,0,0,0,0,0,0,0,0,0,11000,0,0,0,35000,24000,11000,11000
055519,茂林中信99購01  ,0,0,0,0,0,0,0,0,0,11000,0,0,0,11000,0,11000,11000
053344,嘉晶國票97購02  ,0,0,0,0,0,0,0,0,0,11000,0,0,0,11000,0,11000,11000
057326,景碩群益99購02  ,0,0,0,0,0,0,0,0,0,11000,0,0,0,11000,0,11000,11000
057786,聯發科國票98購05,0,0,0,0,0,0,0,0,0,11000,0,0,0,11000,0,11000,11000
053084,國巨元大98購01  ,0,0,0,0,0,0,0,0,0,11000,0,0,0,11000,0,11000,11000
00645,富邦日本        ,0,0,0,0,0,0,0,0,0,11000,0,0,0,71000,60000,11000,11000
052317,台積電元大96購11,0,0,0,0,0,0,0,0,0,11000,0,0,0,11000,0,11000,11000
057597,華通群益9A購02  ,0,0,0,0,0,0,0,0,0,11000,0,0,0,11000,0,11000,11000
057287,彩晶元大9C購03  ,0,0,0,0,0,0,0,0,0,11000,0,0,0,11000,0,11000,11000
059240,台積電凱基9A購09,0,0,0,0,0,0,0,0,0,11000,0,0,0,11000,0,11000,11000
059919,宏達電元大99購06,0,0,0,0,0,0,0,0,0,11000,0,0,0,21000,10000,11000,11000
058731,貿聯永豐99購02  ,0,0,0,0,0,0,0,0,0,11000,0,0,0,43000,32000,11000,11000
059123,訊芯永豐99購03  ,0,0,0,0,0,0,0,0,0,11000,0,0,0,20000,9000,11000,11000
060126,創意永豐99購04  ,0,0,0,0,0,0,0,0,0,11000,0,0,0,82000,71000,11000,11000
059031,元石油中信03購01,0,0,0,0,0,0,0,0,0,11000,0,0,0,11000,0,11000,11000
060887,台積電統一01購01,0,0,0,0,0,0,0,0,0,11000,0,0,0,11000,0,11000,11000
060901,臺股指凱基9A購13,0,0,0,0,0,0,0,0,0,11000,0,0,0,11000,0,11000,11000
060906,旺宏元大9A購07  ,0,0,0,0,0,0,0,0,0,11000,0,0,0,31000,20000,11000,11000
058019,美律凱基99購04  ,0,0,0,0,0,0,0,0,0,11000,0,0,0,60000,49000,11000,11000
062038,鴻海凱基9B購05  ,0,0,0,0,0,0,0,0,0,11000,0,0,0,35000,24000,11000,11000
061050,康友中信9A購01  ,0,0,0,0,0,0,0,0,0,11000,0,0,0,35000,24000,11000,11000
062443,大立光元大9B購05,0,0,0,0,0,0,0,0,0,11000,0,0,0,11000,0,11000,11000
062407,同欣電永豐9B購01,0,0,0,0,0,0,0,0,0,11000,0,0,0,13000,2000,11000,11000
062483,致新國票9B購01  ,0,0,0,0,0,0,0,0,0,11000,0,0,0,46000,35000,11000,11000
064391,亞德客永豐9C購01,0,0,0,0,0,0,0,0,0,11000,0,0,0,11000,0,11000,11000
064261,力山永豐9C購01  ,0,0,0,0,0,0,0,0,0,11000,0,0,0,12000,1000,11000,11000
064215,康控凱基02購01  ,0,0,0,0,0,0,0,0,0,11000,0,0,0,66000,55000,11000,11000
064113,新日興國票01購01,0,0,0,0,0,0,0,0,0,11000,0,0,0,11000,0,11000,11000
064013,創意國票01購01  ,0,0,0,0,0,0,0,0,0,11000,0,0,0,71000,60000,11000,11000
063982,TPK兆豐9C購01   ,0,0,0,0,0,0,0,0,0,11000,0,0,0,11000,0,11000,11000
064002,仁寶凱基9C購01  ,0,0,0,0,0,0,0,0,0,11000,0,0,0,26000,15000,11000,11000
063561,上銀元大9B購08  ,0,0,0,0,0,0,0,0,0,11000,0,0,0,11000,0,11000,11000
063763,上銀元富9B購07  ,0,0,0,0,0,0,0,0,0,11000,0,0,0,11000,0,11000,11000
6591,動力-KY         ,49000,37000,12000,0,0,0,0,0,0,-1000,0,1000,-1000,0,0,0,11000
2012,春雨            ,11000,1000,10000,0,0,0,0,0,0,0,0,0,0,0,0,0,10000
2358,廷鑫            ,12000,2000,10000,0,0,0,0,0,0,0,0,0,0,0,0,0,10000
2468,華經            ,60000,51000,9000,0,0,0,0,0,0,1000,1000,0,1000,0,0,0,10000
4912,聯德控股-KY     ,13000,3000,10000,0,0,0,0,0,0,0,0,0,0,0,0,0,10000
3704,合勤控          ,352000,321000,31000,0,0,0,0,0,0,-21000,0,0,0,0,21000,-21000,10000
3705,永信            ,247000,235000,12000,0,0,0,0,0,0,-2000,3000,5000,-2000,0,0,0,10000
1516,川飛            ,10000,0,10000,0,0,0,0,0,0,0,0,0,0,0,0,0,10000
1256,鮮活果汁-KY     ,12000,2000,10000,0,0,0,0,0,0,0,0,0,0,0,0,0,10000
08341P,國泰金台新9C售01,0,0,0,0,0,0,0,0,0,10000,0,0,0,70000,60000,10000,10000
08331P,義隆元富9C售02  ,0,0,0,0,0,0,0,0,0,10000,0,0,0,18000,8000,10000,10000
08059P,京鼎元大9B售02  ,0,0,0,0,0,0,0,0,0,10000,0,0,0,10000,0,10000,10000
08049P,臺股指國票9B售14,0,0,0,0,0,0,0,0,0,10000,0,0,0,70000,60000,10000,10000
08023P,臺股指凱基9B售09,0,0,0,0,0,0,0,0,0,10000,0,0,0,10000,0,10000,10000
08134P,臺股指元大9B售40,0,0,0,0,0,0,0,0,0,10000,0,0,0,30000,20000,10000,10000
07426P,上証2X國票9B售01,0,0,0,0,0,0,0,0,0,10000,0,0,0,310000,300000,10000,10000
07558P,玉晶光元大9A售10,0,0,0,0,0,0,0,0,0,10000,0,0,0,10000,0,10000,10000
07524P,臺股指中信9B售06,0,0,0,0,0,0,0,0,0,10000,0,0,0,10000,0,10000,10000
07633P,台灣50元大9A售18,0,0,0,0,0,0,0,0,0,10000,0,0,0,20000,10000,10000,10000
07703P,玉晶光中信9B售03,0,0,0,0,0,0,0,0,0,10000,0,0,0,10000,0,10000,10000
07771P,義隆國票9A售01  ,0,0,0,0,0,0,0,0,0,10000,0,0,0,10000,0,10000,10000
07780P,美律凱基9A售02  ,0,0,0,0,0,0,0,0,0,10000,0,0,0,20000,10000,10000,10000
07740P,臺股指永豐9A售01,0,0,0,0,0,0,0,0,0,10000,0,0,0,10000,0,10000,10000
07756P,台灣50國票04售01,0,0,0,0,0,0,0,0,0,10000,0,0,0,30000,20000,10000,10000
07102P,南電元大99售03  ,0,0,0,0,0,0,0,0,0,10000,0,0,0,20000,10000,10000,10000
07123P,鴻海元大99售23  ,0,0,0,0,0,0,0,0,0,10000,0,0,0,10000,0,10000,10000
07313P,台灣50元大99售11,0,0,0,0,0,0,0,0,0,10000,0,0,0,10000,0,10000,10000
07284P,大立光凱基99售10,0,0,0,0,0,0,0,0,0,10000,0,0,0,10000,0,10000,10000
06993P,鴻海凱基99售05  ,0,0,0,0,0,0,0,0,0,10000,0,0,0,10000,0,10000,10000
07015P,國巨元大99售13  ,0,0,0,0,0,0,0,0,0,10000,0,0,0,10000,0,10000,10000
06492P,上銀永豐98售01  ,0,0,0,0,0,0,0,0,0,10000,0,0,0,10000,0,10000,10000
064790,金像電國票01購01,0,0,0,0,0,0,0,0,0,10000,0,0,0,10000,0,10000,10000
064827,友達統一02購02  ,0,0,0,0,0,0,0,0,0,10000,0,0,0,10000,0,10000,10000
064847,金像電元富9C購01,0,0,0,0,0,0,0,0,0,10000,0,0,0,10000,0,10000,10000
064842,南六統一9C購04  ,0,0,0,0,0,0,0,0,0,10000,0,0,0,113000,103000,10000,10000
065039,國巨凱基02購02  ,0,0,0,0,0,0,0,0,0,10000,0,0,0,30000,20000,10000,10000
065084,南亞科元大9C購08,0,0,0,0,0,0,0,0,0,10000,0,0,0,38000,28000,10000,10000
064945,中橡凱基9C購01  ,0,0,0,0,0,0,0,0,0,10000,0,0,0,10000,0,10000,10000
065023,大毅永豐9C購01  ,0,0,0,0,0,0,0,0,0,10000,0,0,0,10000,0,10000,10000
06542P,台光電國票98售05,0,0,0,0,0,0,0,0,0,10000,0,0,0,10000,0,10000,10000
06554P,臺股指元大99售06,0,0,0,0,0,0,0,0,0,10000,0,0,0,10000,0,10000,10000
06581P,南亞科凱基98售04,0,0,0,0,0,0,0,0,0,10000,0,0,0,10000,0,10000,10000
06686P,麗豐永豐98售02  ,0,0,0,0,0,0,0,0,0,10000,0,0,0,10000,0,10000,10000
056836,國巨元富98購01  ,0,0,0,0,0,0,0,0,0,10000,0,0,0,170000,160000,10000,10000
057239,貿聯凱基98購05  ,0,0,0,0,0,0,0,0,0,10000,0,0,0,30000,20000,10000,10000
056847,佐登元富98購01  ,0,0,0,0,0,0,0,0,0,10000,0,0,0,10000,0,10000,10000
056897,南亞科元大98購02,0,0,0,0,0,0,0,0,0,10000,0,0,0,10000,0,10000,10000
055788,緯穎凱基97購04  ,0,0,0,0,0,0,0,0,0,10000,0,0,0,10000,0,10000,10000
056735,國巨凱基99購02  ,0,0,0,0,0,0,0,0,0,10000,0,0,0,10000,0,10000,10000
055773,瑞昱凱基97購03  ,0,0,0,0,0,0,0,0,0,10000,0,0,0,10000,0,10000,10000
055736,宏達電元富99購01,0,0,0,0,0,0,0,0,0,10000,0,0,0,10000,0,10000,10000
055704,亞德客永豐97購04,0,0,0,0,0,0,0,0,0,10000,0,0,0,10000,0,10000,10000
057826,祥碩元大98購08  ,0,0,0,0,0,0,0,0,0,10000,0,0,0,13000,3000,10000,10000
061302,晶技永豐9A購04  ,0,0,0,0,0,0,0,0,0,10000,0,0,0,10000,0,10000,10000
061292,玉晶光統一01購06,0,0,0,0,0,0,0,0,0,10000,0,0,0,39000,29000,10000,10000
061257,上銀凱基9A購06  ,0,0,0,0,0,0,0,0,0,10000,0,0,0,10000,0,10000,10000
061411,T50反1群益9A購05,0,0,0,0,0,0,0,0,0,10000,0,0,0,40000,30000,10000,10000
061420,國巨元大9A購22  ,0,0,0,0,0,0,0,0,0,10000,0,0,0,10000,0,10000,10000
061216,世芯元大9A購06  ,0,0,0,0,0,0,0,0,0,10000,0,0,0,10000,0,10000,10000
061596,健策永豐9A購03  ,0,0,0,0,0,0,0,0,0,10000,0,0,0,60000,50000,10000,10000
061614,亞德客群益9A購01,0,0,0,0,0,0,0,0,0,10000,0,0,0,15000,5000,10000,10000
061585,台積電富邦9B購06,0,0,0,0,0,0,0,0,0,10000,0,0,0,10000,0,10000,10000
061537,SP黃豆群益9A購02,0,0,0,0,0,0,0,0,0,10000,0,0,0,10000,0,10000,10000
061527,牧德凱基9A購02  ,0,0,0,0,0,0,0,0,0,10000,0,0,0,10000,0,10000,10000
055960,義隆元大97購01  ,0,0,0,0,0,0,0,0,0,10000,0,0,0,10000,0,10000,10000
056644,宏達電凱基98購04,0,0,0,0,0,0,0,0,0,10000,0,0,0,49000,39000,10000,10000
056696,茂林群益98購02  ,0,0,0,0,0,0,0,0,0,10000,0,0,0,10000,0,10000,10000
05714P,群創統一97售03  ,0,0,0,0,0,0,0,0,0,10000,0,0,0,10000,0,10000,10000
056145,緯穎元大98購03  ,0,0,0,0,0,0,0,0,0,10000,0,0,0,10000,0,10000,10000
056092,亞德客元富97購02,0,0,0,0,0,0,0,0,0,10000,0,0,0,10000,0,10000,10000
057494,玉晶光元大99購09,0,0,0,0,0,0,0,0,0,10000,0,0,0,44000,34000,10000,10000
056383,上銀國泰99購01  ,0,0,0,0,0,0,0,0,0,10000,0,0,0,10000,0,10000,10000
056404,嘉聯益群益9A購01,0,0,0,0,0,0,0,0,0,10000,0,0,0,262000,252000,10000,10000
056374,聯發科統一9B購01,0,0,0,0,0,0,0,0,0,10000,0,0,0,10000,0,10000,10000
056414,國巨中信98購02  ,0,0,0,0,0,0,0,0,0,10000,0,0,0,10000,0,10000,10000
056415,聯發科中信98購04,0,0,0,0,0,0,0,0,0,10000,0,0,0,10000,0,10000,10000
056227,奇力新凱基98購04,0,0,0,0,0,0,0,0,0,10000,0,0,0,10000,0,10000,10000
056289,合勤控永豐97購01,0,0,0,0,0,0,0,0,0,10000,0,0,0,10000,0,10000,10000
056276,同欣電國泰98購01,0,0,0,0,0,0,0,0,0,10000,0,0,0,10000,0,10000,10000
056308,TPK元大97購02   ,0,0,0,0,0,0,0,0,0,10000,0,0,0,10000,0,10000,10000
02001L,富邦蘋果正二N   ,0,0,0,0,0,0,0,0,0,10000,0,0,0,11000,1000,10000,10000
00682U,元大美元指數    ,0,0,0,0,0,0,0,0,0,10000,0,0,0,31000,21000,10000,10000
045054,聯發科元富98購02,0,0,0,0,0,0,0,0,0,10000,0,0,0,1084000,1074000,10000,10000
052684,旺宏元大98購01  ,0,0,0,0,0,0,0,0,0,10000,0,0,0,10000,0,10000,10000
053026,奇力新富邦98購01,0,0,0,0,0,0,0,0,0,10000,0,0,0,10000,0,10000,10000
052806,玉晶光元大98購04,0,0,0,0,0,0,0,0,0,10000,0,0,0,10000,0,10000,10000
054408,義隆國票98購01  ,0,0,0,0,0,0,0,0,0,10000,0,0,0,10000,0,10000,10000
053230,達方台新97購01  ,0,0,0,0,0,0,0,0,0,10000,0,0,0,10000,0,10000,10000
053232,友達永豐97購02  ,0,0,0,0,0,0,0,0,0,10000,0,0,0,10000,0,10000,10000
055344,國巨凱基97購04  ,0,0,0,0,0,0,0,0,0,10000,0,0,0,10000,0,10000,10000
047689,瑞昱富邦97購01  ,0,0,0,0,0,0,0,0,0,10000,0,0,0,10000,0,10000,10000
048192,華通元大96購01  ,0,0,0,0,0,0,0,0,0,10000,0,0,0,10000,0,10000,10000
050992,台積電元大97購01,0,0,0,0,0,0,0,0,0,10000,0,0,0,10000,0,10000,10000
055216,友達凱基98購05  ,0,0,0,0,0,0,0,0,0,10000,0,0,0,10000,0,10000,10000
052003,泰碩國泰97購02  ,0,0,0,0,0,0,0,0,0,10000,0,0,0,10000,0,10000,10000
03039X,元展36          ,0,0,0,0,0,0,0,0,0,10000,0,0,0,10000,0,10000,10000
056566,臻鼎群益98購01  ,0,0,0,0,0,0,0,0,0,10000,0,0,0,10000,0,10000,10000
056588,聯發科統一9A購02,0,0,0,0,0,0,0,0,0,10000,0,0,0,10000,0,10000,10000
057401,晶豪科群益99購01,0,0,0,0,0,0,0,0,0,10000,0,0,0,33000,23000,10000,10000
057415,和碩日盛98購01  ,0,0,0,0,0,0,0,0,0,10000,0,0,0,19000,9000,10000,10000
057717,友訊元富98購02  ,0,0,0,0,0,0,0,0,0,10000,0,0,0,20000,10000,10000,10000
057366,智邦元大98購08  ,0,0,0,0,0,0,0,0,0,10000,0,0,0,119000,109000,10000,10000
054134,強茂元大96購01  ,0,0,0,0,0,0,0,0,0,10000,0,0,0,10000,0,10000,10000
053481,同欣電元大97購01,0,0,0,0,0,0,0,0,0,10000,0,0,0,10000,0,10000,10000
053458,聯詠國泰97購01  ,0,0,0,0,0,0,0,0,0,10000,0,0,0,10000,0,10000,10000
053522,臺股指群益99購01,0,0,0,0,0,0,0,0,0,10000,0,0,0,10000,0,10000,10000
054058,晶豪科國票98購01,0,0,0,0,0,0,0,0,0,10000,0,0,0,110000,100000,10000,10000
053749,揚明光永豐97購01,0,0,0,0,0,0,0,0,0,10000,0,0,0,10000,0,10000,10000
053761,健策國泰98購01  ,0,0,0,0,0,0,0,0,0,10000,0,0,0,214000,204000,10000,10000
053347,茂林國票98購01  ,0,0,0,0,0,0,0,0,0,10000,0,0,0,10000,0,10000,10000
055587,智邦元大97購02  ,0,0,0,0,0,0,0,0,0,10000,0,0,0,21000,11000,10000,10000
054161,友訊凱基98購01  ,0,0,0,0,0,0,0,0,0,10000,0,0,0,10000,0,10000,10000
054251,聯發科元大96購21,0,0,0,0,0,0,0,0,0,10000,0,0,0,10000,0,10000,10000
054768,泰碩國票99購02  ,0,0,0,0,0,0,0,0,0,10000,0,0,0,10000,0,10000,10000
054783,國巨群益98購04  ,0,0,0,0,0,0,0,0,0,10000,0,0,0,10000,0,10000,10000
054717,亞德客永豐97購01,0,0,0,0,0,0,0,0,0,10000,0,0,0,10000,0,10000,10000
054550,旺宏凱基98購02  ,0,0,0,0,0,0,0,0,0,10000,0,0,0,10000,0,10000,10000
054554,大立光凱基98購02,0,0,0,0,0,0,0,0,0,10000,0,0,0,10000,0,10000,10000
054602,聯詠台新97購01  ,0,0,0,0,0,0,0,0,0,10000,0,0,0,10000,0,10000,10000
054846,瑞昱兆豐97購01  ,0,0,0,0,0,0,0,0,0,10000,0,0,0,10000,0,10000,10000
054871,明泰群益98購01  ,0,0,0,0,0,0,0,0,0,10000,0,0,0,10000,0,10000,10000
054975,福懋科元大97購01,0,0,0,0,0,0,0,0,0,10000,0,0,0,10000,0,10000,10000
061053,國巨群益9A購08  ,0,0,0,0,0,0,0,0,0,10000,0,0,0,11000,1000,10000,10000
06105P,國巨國票98售02  ,0,0,0,0,0,0,0,0,0,10000,0,0,0,57000,47000,10000,10000
060575,大立光中信9B購02,0,0,0,0,0,0,0,0,0,10000,0,0,0,10000,0,10000,10000
060530,聯發科中信9C購03,0,0,0,0,0,0,0,0,0,10000,0,0,0,18000,8000,10000,10000
060772,FBVIX凱基9A購03 ,0,0,0,0,0,0,0,0,0,10000,0,0,0,10000,0,10000,10000
060794,景碩永豐9A購02  ,0,0,0,0,0,0,0,0,0,10000,0,0,0,10000,0,10000,10000
060710,上銀永豐9A購01  ,0,0,0,0,0,0,0,0,0,10000,0,0,0,10000,0,10000,10000
060748,臻鼎國票9A購01  ,0,0,0,0,0,0,0,0,0,10000,0,0,0,10000,0,10000,10000
060676,京元電元大9A購03,0,0,0,0,0,0,0,0,0,10000,0,0,0,20000,10000,10000,10000
060846,欣興國票9A購02  ,0,0,0,0,0,0,0,0,0,10000,0,0,0,10000,0,10000,10000
058371,智原凱基9A購01  ,0,0,0,0,0,0,0,0,0,10000,0,0,0,183000,173000,10000,10000
058367,大立光凱基9A購01,0,0,0,0,0,0,0,0,0,10000,0,0,0,10000,0,10000,10000
05851P,力山群益97售01  ,0,0,0,0,0,0,0,0,0,10000,0,0,0,20000,10000,10000,10000
059263,瑞昱中信01購01  ,0,0,0,0,0,0,0,0,0,10000,0,0,0,10000,0,10000,10000
059343,宏達電凱基99購04,0,0,0,0,0,0,0,0,0,10000,0,0,0,41000,31000,10000,10000
059325,超眾元大99購05  ,0,0,0,0,0,0,0,0,0,10000,0,0,0,10000,0,10000,10000
060361,南亞科元富9A購03,0,0,0,0,0,0,0,0,0,10000,0,0,0,10000,0,10000,10000
061688,華通群益9A購07  ,0,0,0,0,0,0,0,0,0,10000,0,0,0,10000,0,10000,10000
062117,燿華中信9B購01  ,0,0,0,0,0,0,0,0,0,10000,0,0,0,10000,0,10000,10000
06211P,鴻海元大98售04  ,0,0,0,0,0,0,0,0,0,10000,0,0,0,10000,0,10000,10000
061703,信邦國票9A購01  ,0,0,0,0,0,0,0,0,0,10000,0,0,0,20000,10000,10000,10000
058025,聯茂國泰99購01  ,0,0,0,0,0,0,0,0,0,10000,0,0,0,50000,40000,10000,10000
057969,緯穎國泰99購01  ,0,0,0,0,0,0,0,0,0,10000,0,0,0,10000,0,10000,10000
057929,上銀群益98購02  ,0,0,0,0,0,0,0,0,0,10000,0,0,0,11000,1000,10000,10000
061657,智原國票9A購01  ,0,0,0,0,0,0,0,0,0,10000,0,0,0,85000,75000,10000,10000
062266,世紀鋼元大9B購02,0,0,0,0,0,0,0,0,0,10000,0,0,0,15000,5000,10000,10000
062267,滬深2X群益01購05,0,0,0,0,0,0,0,0,0,10000,0,0,0,10000,0,10000,10000
060888,金像電統一9C購01,0,0,0,0,0,0,0,0,0,10000,0,0,0,85000,75000,10000,10000
059978,國巨元大99購29  ,0,0,0,0,0,0,0,0,0,10000,0,0,0,10000,0,10000,10000
059964,元金2X凱基99購02,0,0,0,0,0,0,0,0,0,10000,0,0,0,10000,0,10000,10000
058246,帆宣元大99購01  ,0,0,0,0,0,0,0,0,0,10000,0,0,0,10000,0,10000,10000
058236,大立光元大99購09,0,0,0,0,0,0,0,0,0,10000,0,0,0,10000,0,10000,10000
061446,鴻海中信04購01  ,0,0,0,0,0,0,0,0,0,10000,0,0,0,10000,0,10000,10000
060100,新光金元大9C購01,0,0,0,0,0,0,0,0,0,10000,0,0,0,10000,0,10000,10000
058718,台灣50元富03購01,0,0,0,0,0,0,0,0,0,10000,0,0,0,10000,0,10000,10000
058687,聯茂凱基9A購01  ,0,0,0,0,0,0,0,0,0,10000,0,0,0,73000,63000,10000,10000
058758,台積電群益99購05,0,0,0,0,0,0,0,0,0,10000,0,0,0,10000,0,10000,10000
058759,義隆群益99購01  ,0,0,0,0,0,0,0,0,0,10000,0,0,0,10000,0,10000,10000
058778,聯發科國票9A購01,0,0,0,0,0,0,0,0,0,10000,0,0,0,10000,0,10000,10000
061011,華通麥證9A購02  ,0,0,0,10000,0,10000,0,0,0,10000,0,0,0,10000,0,10000,10000
058663,瑞儀兆豐9A購01  ,0,0,0,0,0,0,0,0,0,10000,0,0,0,10000,0,10000,10000
058643,T50正2富邦03購01,0,0,0,0,0,0,0,0,0,10000,0,0,0,10000,0,10000,10000
059877,康控凱基99購05  ,0,0,0,0,0,0,0,0,0,10000,0,0,0,36000,26000,10000,10000
059871,義隆凱基99購03  ,0,0,0,0,0,0,0,0,0,10000,0,0,0,12000,2000,10000,10000
059471,華新科元大99購17,0,0,0,0,0,0,0,0,0,10000,0,0,0,11000,1000,10000,10000
059515,牧德永豐99購01  ,0,0,0,0,0,0,0,0,0,10000,0,0,0,20000,10000,10000,10000
059688,燿華永豐99購01  ,0,0,0,0,0,0,0,0,0,10000,0,0,0,15000,5000,10000,10000
059673,玉山金元富99購01,0,0,0,0,0,0,0,0,0,10000,0,0,0,10000,0,10000,10000
059632,聯發科凱基01購01,0,0,0,0,0,0,0,0,0,10000,0,0,0,10000,0,10000,10000
058311,緯穎元大99購05  ,0,0,0,0,0,0,0,0,0,10000,0,0,0,10000,0,10000,10000
058274,世紀鋼永豐99購01,0,0,0,0,0,0,0,0,0,10000,0,0,0,25000,15000,10000,10000
058289,奇鋐國票9A購01  ,0,0,0,0,0,0,0,0,0,10000,0,0,0,10000,0,10000,10000
059247,可成凱基99購05  ,0,0,0,0,0,0,0,0,0,10000,0,0,0,10000,0,10000,10000
060185,聯發科元富04購01,0,0,0,0,0,0,0,0,0,10000,0,0,0,10000,0,10000,10000
059190,欣興富邦9A購01  ,0,0,0,0,0,0,0,0,0,10000,0,0,0,10000,0,10000,10000
05953P,台積電國票98售02,0,0,0,0,0,0,0,0,0,10000,0,0,0,15000,5000,10000,10000
060222,貿聯凱基9A購02  ,0,0,0,0,0,0,0,0,0,10000,0,0,0,10000,0,10000,10000
058932,FBVIX台新99購01 ,0,0,0,0,0,0,0,0,0,10000,0,0,0,10000,0,10000,10000
058943,元石油群益9C購01,0,0,0,0,0,0,0,0,0,10000,0,0,0,10000,0,10000,10000
058947,SGBR2X群益9B購02,0,0,0,0,0,0,0,0,0,10000,0,0,0,210000,200000,10000,10000
063803,世紀鋼凱基01購01,0,0,0,0,0,0,0,0,0,10000,0,0,0,10000,0,10000,10000
063824,S&P反1國票9C購01,0,0,0,0,0,0,0,0,0,10000,0,0,0,10000,0,10000,10000
063720,香港反元大9C購01,0,0,0,0,0,0,0,0,0,10000,0,0,0,10000,0,10000,10000
063724,亞德客元大9B購03,0,0,0,0,0,0,0,0,0,10000,0,0,0,10000,0,10000,10000
063753,矽創國票9C購01  ,0,0,0,0,0,0,0,0,0,10000,0,0,0,10000,0,10000,10000
063736,大立光元大9B購08,0,0,0,0,0,0,0,0,0,10000,0,0,0,10000,0,10000,10000
063696,T50反1群益9B購03,0,0,0,0,0,0,0,0,0,10000,0,0,0,10000,0,10000,10000
063682,達新永豐9B購01  ,0,0,0,0,0,0,0,0,0,10000,0,0,0,10000,0,10000,10000
063688,建準永豐9B購03  ,0,0,0,0,0,0,0,0,0,10000,0,0,0,10000,0,10000,10000
063516,香港反凱基03購01,0,0,0,0,0,0,0,0,0,10000,0,0,0,20000,10000,10000,10000
063545,華通兆豐9B購03  ,0,0,0,0,0,0,0,0,0,10000,0,0,0,10000,0,10000,10000
063602,金像電凱基9B購04,0,0,0,0,0,0,0,0,0,10000,0,0,0,20000,10000,10000,10000
063948,高鐵元大9C購01  ,0,0,0,0,0,0,0,0,0,10000,0,0,0,75000,65000,10000,10000
063855,臺股指元大9C購08,0,0,0,0,0,0,0,0,0,10000,0,0,0,10000,0,10000,10000
063879,台積電元富9C購01,0,0,0,0,0,0,0,0,0,10000,0,0,0,10000,0,10000,10000
064074,南茂永豐9C購01  ,0,0,0,0,0,0,0,0,0,10000,0,0,0,78000,68000,10000,10000
064088,大立光凱基02購01,0,0,0,0,0,0,0,0,0,10000,0,0,0,10000,0,10000,10000
064292,南茂元大01購01  ,0,0,0,0,0,0,0,0,0,10000,0,0,0,18000,8000,10000,10000
064346,貿聯元大01購01  ,0,0,0,0,0,0,0,0,0,10000,0,0,0,116000,106000,10000,10000
064416,南亞科中信01購01,0,0,0,0,0,0,0,0,0,10000,0,0,0,10000,0,10000,10000
064393,友訊永豐9C購01  ,0,0,0,0,0,0,0,0,0,10000,0,0,0,10000,0,10000,10000
064506,康控元大9C購02  ,0,0,0,0,0,0,0,0,0,10000,0,0,0,16000,6000,10000,10000
064597,鴻海元富9C購03  ,0,0,0,0,0,0,0,0,0,10000,0,0,0,10000,0,10000,10000
06475P,牧德永豐98售03  ,0,0,0,0,0,0,0,0,0,10000,0,0,0,10000,0,10000,10000
064756,友達凱基02購02  ,0,0,0,0,0,0,0,0,0,10000,0,0,0,10000,0,10000,10000
064771,貿聯中信01購01  ,0,0,0,0,0,0,0,0,0,10000,0,0,0,164000,154000,10000,10000
064646,群創凱基02購01  ,0,0,0,0,0,0,0,0,0,10000,0,0,0,12000,2000,10000,10000
064677,金像電兆豐9C購01,0,0,0,0,0,0,0,0,0,10000,0,0,0,15000,5000,10000,10000
06256P,臺股指群益97售09,0,0,0,0,0,0,0,0,0,10000,0,0,0,10000,0,10000,10000
062810,華通兆豐9B購02  ,0,0,0,0,0,0,0,0,0,10000,0,0,0,10000,0,10000,10000
062812,國巨兆豐9B購03  ,0,0,0,0,0,0,0,0,0,10000,0,0,0,10000,0,10000,10000
06267P,大立光凱基97售12,0,0,0,0,0,0,0,0,0,10000,0,0,0,10000,0,10000,10000
062340,力成麥證9B購01  ,0,0,0,10000,0,10000,0,0,0,10000,0,0,0,10000,0,10000,10000
062002,鴻海國泰01購01  ,0,0,0,0,0,0,0,0,0,10000,0,0,0,10000,0,10000,10000
061995,超眾元大01購01  ,0,0,0,0,0,0,0,0,0,10000,0,0,0,131000,121000,10000,10000
062021,康控永豐9B購01  ,0,0,0,0,0,0,0,0,0,10000,0,0,0,10000,0,10000,10000
062022,緯穎永豐9B購01  ,0,0,0,0,0,0,0,0,0,10000,0,0,0,10000,0,10000,10000
062189,康控元大9B購02  ,0,0,0,0,0,0,0,0,0,10000,0,0,0,26000,16000,10000,10000
063101,華通群益9B購07  ,0,0,0,0,0,0,0,0,0,10000,0,0,0,10000,0,10000,10000
062871,大成鋼兆豐9B購01,0,0,0,0,0,0,0,0,0,10000,0,0,0,10000,0,10000,10000
062878,宏達電兆豐9B購01,0,0,0,0,0,0,0,0,0,10000,0,0,0,17000,7000,10000,10000
062918,祥碩元大9C購02  ,0,0,0,0,0,0,0,0,0,10000,0,0,0,39000,29000,10000,10000
062981,祥碩元富9B購01  ,0,0,0,0,0,0,0,0,0,10000,0,0,0,20000,10000,10000,10000
062945,世芯國泰01購01  ,0,0,0,0,0,0,0,0,0,10000,0,0,0,10000,0,10000,10000
063304,大立光凱基01購02,0,0,0,0,0,0,0,0,0,10000,0,0,0,10000,0,10000,10000
6671,三能-KY         ,11000,1000,10000,0,0,0,0,0,0,0,0,0,0,0,0,0,10000
06880P,鈺齊凱基98售03  ,0,0,0,0,0,0,0,0,0,9000,0,0,0,41000,32000,9000,9000
07163P,臺股指群益99售14,0,0,0,0,0,0,0,0,0,9000,0,0,0,84000,75000,9000,9000
07789P,緯穎群益9A售03  ,0,0,0,0,0,0,0,0,0,9000,0,0,0,16000,7000,9000,9000
07660P,聯茂凱基9A售03  ,0,0,0,0,0,0,0,0,0,9000,0,0,0,9000,0,9000,9000
07385P,緯穎群益99售04  ,0,0,0,0,0,0,0,0,0,9000,0,0,0,9000,0,9000,9000
08327P,聯發科兆豐9C售03,0,0,0,0,0,0,0,0,0,9000,0,0,0,9000,0,9000,9000
08309P,GIS凱基9C售01   ,0,0,0,0,0,0,0,0,0,9000,0,0,0,60000,51000,9000,9000
08237P,台積電富邦03售01,0,0,0,0,0,0,0,0,0,9000,0,0,0,410000,401000,9000,9000
4557,永新-KY         ,10000,1000,9000,0,0,0,0,0,0,0,0,0,0,0,0,0,9000
2849,安泰銀          ,29000,20000,9000,0,0,0,0,0,0,0,0,0,0,0,0,0,9000
2397,友通            ,14000,5000,9000,0,0,0,0,0,0,0,0,0,0,0,0,0,9000
2342,茂矽            ,357000,348000,9000,0,0,0,0,0,0,0,0,0,0,0,0,0,9000
056474,華新科元大99購05,0,0,0,0,0,0,0,0,0,9000,0,0,0,9000,0,9000,9000
056494,緯創國泰99購01  ,0,0,0,0,0,0,0,0,0,9000,0,0,0,15000,6000,9000,9000
056589,康控統一98購01  ,0,0,0,0,0,0,0,0,0,9000,0,0,0,9000,0,9000,9000
051843,聯發科富邦99購01,0,0,0,0,0,0,0,0,0,9000,0,0,0,9000,0,9000,9000
048186,元黃金元大96購01,0,0,0,0,0,0,0,0,0,9000,0,0,0,9000,0,9000,9000
050014,國巨富邦98購01  ,0,0,0,0,0,0,0,0,0,9000,0,0,0,9000,0,9000,9000
050077,臺股指凱基99購02,0,0,0,0,0,0,0,0,0,9000,0,0,0,9000,0,9000,9000
055417,健策富邦98購02  ,0,0,0,0,0,0,0,0,0,9000,0,0,0,624000,615000,9000,9000
00660,元大歐洲50      ,0,0,0,0,0,0,0,0,0,9000,0,0,0,13000,4000,9000,9000
055989,矽力元富9A購01  ,0,0,0,0,0,0,0,0,0,9000,0,0,0,9000,0,9000,9000
057524,旺宏元大99購04  ,0,0,0,0,0,0,0,0,0,9000,0,0,0,9000,0,9000,9000
057510,泰碩統一98購02  ,0,0,0,0,0,0,0,0,0,9000,0,0,0,29000,20000,9000,9000
058875,台表科國票9A購02,0,0,0,0,0,0,0,0,0,9000,0,0,0,43000,34000,9000,9000
058223,世芯統一9B購01  ,0,0,0,0,0,0,0,0,0,9000,0,0,0,9000,0,9000,9000
060002,T50反1群益9A購01,0,0,0,0,0,0,0,0,0,9000,0,0,0,10000,1000,9000,9000
061140,華擎統一9C購01  ,0,0,0,0,0,0,0,0,0,9000,0,0,0,10000,1000,9000,9000
058037,台灣50元大9B購02,0,0,0,0,0,0,0,0,0,9000,0,0,0,9000,0,9000,9000
062033,瀚宇博群益9B購01,0,0,0,0,0,0,0,0,0,9000,0,0,0,119000,110000,9000,9000
058481,玉晶光凱基9A購04,0,0,0,0,0,0,0,0,0,9000,0,0,0,35000,26000,9000,9000
063427,南六凱基9B購04  ,0,0,0,0,0,0,0,0,0,9000,0,0,0,9000,0,9000,9000
062923,緯穎元大9B購06  ,0,0,0,0,0,0,0,0,0,9000,0,0,0,59000,50000,9000,9000
063092,聯發科中信9B購03,0,0,0,0,0,0,0,0,0,9000,0,0,0,129000,120000,9000,9000
061998,緯穎元大9B購03  ,0,0,0,0,0,0,0,0,0,9000,0,0,0,78000,69000,9000,9000
062814,台光電兆豐9B購01,0,0,0,0,0,0,0,0,0,9000,0,0,0,9000,0,9000,9000
064664,微星元大9C購04  ,0,0,0,0,0,0,0,0,0,9000,0,0,0,76000,67000,9000,9000
064740,台光電國票01購01,0,0,0,0,0,0,0,0,0,9000,0,0,0,9000,0,9000,9000
06453P,群創元大9B售02  ,0,0,0,0,0,0,0,0,0,9000,0,0,0,32000,23000,9000,9000
064530,康控中信9C購01  ,0,0,0,0,0,0,0,0,0,9000,0,0,0,48000,39000,9000,9000
064377,宏達電元富9C購01,0,0,0,0,0,0,0,0,0,9000,0,0,0,9000,0,9000,9000
064006,晶技凱基9C購02  ,0,0,0,0,0,0,0,0,0,9000,0,0,0,10000,1000,9000,9000
063914,和碩凱基9C購01  ,0,0,0,0,0,0,0,0,0,9000,0,0,0,255000,246000,9000,9000
063946,聯發科元大9C購04,0,0,0,0,0,0,0,0,0,9000,0,0,0,132000,123000,9000,9000
063822,聯發科麥證01購01,0,0,0,10000,1000,9000,0,0,0,9000,0,0,0,10000,1000,9000,9000
6525,捷敏-KY         ,101000,23000,78000,0,0,0,0,69000,-69000,0,0,0,0,0,0,0,9000
1808,潤隆            ,47800,39000,8800,0,0,0,0,0,0,0,0,0,0,0,0,0,8800
2115,六暉-KY         ,7000,0,7000,0,0,0,0,0,0,1000,1000,0,1000,0,0,0,8000
2608,嘉里大榮        ,31000,19000,12000,0,0,0,0,0,0,-4000,1000,5000,-4000,0,0,0,8000
2851,中再保          ,27000,19000,8000,0,0,0,0,0,0,0,0,0,0,0,0,0,8000
3494,誠研            ,11000,3000,8000,0,0,0,0,0,0,0,0,0,0,0,0,0,8000
08344P,旺宏元大01售02  ,0,0,0,0,0,0,0,0,0,8000,0,0,0,8000,0,8000,8000
1526,日馳            ,252000,243000,9000,0,0,0,0,0,0,-1000,0,1000,-1000,0,0,0,8000
07071P,立積元富99售01  ,0,0,0,0,0,0,0,0,0,8000,0,0,0,113000,105000,8000,8000
07317P,T50正2凱基9B售02,0,0,0,0,0,0,0,0,0,8000,0,0,0,17000,9000,8000,8000
06529P,貿聯富邦99售03  ,0,0,0,0,0,0,0,0,0,8000,0,0,0,20000,12000,8000,8000
065120,臺股指富邦9C購03,0,0,0,0,0,0,0,0,0,8000,0,0,0,10000,2000,8000,8000
056135,緯創元大98購01  ,0,0,0,0,0,0,0,0,0,8000,0,0,0,24000,16000,8000,8000
061412,儒鴻群益9A購01  ,0,0,0,0,0,0,0,0,0,8000,0,0,0,8000,0,8000,8000
056905,欣興元大98購03  ,0,0,0,0,0,0,0,0,0,8000,0,0,0,160000,152000,8000,8000
00685L,群益臺灣加權正2 ,0,0,0,0,0,0,0,0,0,8000,0,0,0,17000,9000,8000,8000
052690,台表科元大97購01,0,0,0,0,0,0,0,0,0,8000,0,0,0,8000,0,8000,8000
054463,瑞昱凱基97購01  ,0,0,0,0,0,0,0,0,0,8000,0,0,0,9000,1000,8000,8000
050754,元金2X元富9B購01,0,0,0,0,0,0,0,0,0,8000,0,0,0,8000,0,8000,8000
051292,牧德統一97購01  ,0,0,0,0,0,0,0,0,0,8000,0,0,0,8000,0,8000,8000
052095,彩晶元大97購01  ,0,0,0,0,0,0,0,0,0,8000,0,0,0,16000,8000,8000,8000
056573,華新科元大99購06,0,0,0,0,0,0,0,0,0,8000,0,0,0,10000,2000,8000,8000
054785,建準群益98購01  ,0,0,0,0,0,0,0,0,0,8000,0,0,0,30000,22000,8000,8000
058440,玉晶光統一99購02,0,0,0,0,0,0,0,0,0,8000,0,0,0,41000,33000,8000,8000
060608,玉晶光凱基9A購08,0,0,0,0,0,0,0,0,0,8000,0,0,0,9000,1000,8000,8000
060697,鴻海國泰9C購01  ,0,0,0,0,0,0,0,0,0,8000,0,0,0,8000,0,8000,8000
061469,瑞祺群益9A購02  ,0,0,0,0,0,0,0,0,0,8000,0,0,0,245000,237000,8000,8000
058849,奇力新群益99購02,0,0,0,0,0,0,0,0,0,8000,0,0,0,10000,2000,8000,8000
058251,百和元大99購03  ,0,0,0,0,0,0,0,0,0,8000,0,0,0,27000,19000,8000,8000
059675,大立光元富99購08,0,0,0,0,0,0,0,0,0,8000,0,0,0,17000,9000,8000,8000
059863,和大凱基99購01  ,0,0,0,0,0,0,0,0,0,8000,0,0,0,10000,2000,8000,8000
063839,華通元大9C購02  ,0,0,0,0,0,0,0,0,0,8000,0,0,0,8000,0,8000,8000
063672,GIS統一9C購01   ,0,0,0,0,0,0,0,0,0,8000,0,0,0,44000,36000,8000,8000
063614,美食群益9B購03  ,0,0,0,0,0,0,0,0,0,8000,0,0,0,50000,42000,8000,8000
063654,上銀元富9B購05  ,0,0,0,0,0,0,0,0,0,8000,0,0,0,8000,0,8000,8000
063577,台表科元大9C購04,0,0,0,0,0,0,0,0,0,8000,0,0,0,42000,34000,8000,8000
063926,南亞科統一03購01,0,0,0,0,0,0,0,0,0,8000,0,0,0,8000,0,8000,8000
064246,南六統一9C購02  ,0,0,0,0,0,0,0,0,0,8000,0,0,0,43000,35000,8000,8000
06274P,臺股指凱基97售06,0,0,0,0,0,0,0,0,0,8000,0,0,0,8000,0,8000,8000
062396,華通永豐9B購01  ,0,0,0,0,0,0,0,0,0,8000,0,0,0,8000,0,8000,8000
063209,巨大統一01購01  ,0,0,0,0,0,0,0,0,0,8000,0,0,0,157000,149000,8000,8000
063260,信邦富邦9B購01  ,0,0,0,0,0,0,0,0,0,8000,0,0,0,27000,19000,8000,8000
6108,競國            ,57000,49000,8000,0,0,0,0,0,0,0,0,0,0,0,0,0,8000
5283,禾聯碩          ,14000,8000,6000,0,0,0,0,0,0,2000,0,1000,-1000,3000,0,3000,8000
5284,jpp-KY          ,10000,2000,8000,0,0,0,0,0,0,0,0,0,0,0,0,0,8000
3041,揚智            ,9000,1001,7999,0,0,0,0,0,0,0,0,0,0,0,0,0,7999
2852,第一保          ,5000,0,5000,0,0,0,0,0,0,2000,2000,0,2000,0,0,0,7000
2936,客思達-KY       ,7000,0,7000,0,0,0,0,0,0,0,0,0,0,0,0,0,7000
3679,新至陞          ,12000,5000,7000,0,0,0,0,0,0,0,0,0,0,0,0,0,7000
4766,南寶            ,116000,35000,81000,0,0,0,0,75000,-75000,1000,0,0,0,1000,0,1000,7000
2488,漢平            ,29000,22000,7000,0,0,0,0,0,0,0,0,0,0,0,0,0,7000
2459,敦吉            ,39000,32000,7000,0,0,0,0,0,0,0,0,0,0,0,0,0,7000
1472,三洋紡          ,31000,24000,7000,0,0,0,0,0,0,0,0,0,0,0,0,0,7000
1443,立益            ,7000,0,7000,0,0,0,0,0,0,0,0,0,0,0,0,0,7000
08385P,臺股指群益9C售13,0,0,0,0,0,0,0,0,0,7000,0,0,0,7000,0,7000,7000
08333P,大立光富邦02售03,0,0,0,0,0,0,0,0,0,7000,0,0,0,30000,23000,7000,7000
07195P,大立光元大99售12,0,0,0,0,0,0,0,0,0,7000,0,0,0,7000,0,7000,7000
055501,創意元大97購01  ,0,0,0,0,0,0,0,0,0,7000,0,0,0,405000,398000,7000,7000
056567,瀚宇博群益98購02,0,0,0,0,0,0,0,0,0,7000,0,0,0,7000,0,7000,7000
056517,茂林兆豐99購01  ,0,0,0,0,0,0,0,0,0,7000,0,0,0,57000,50000,7000,7000
051946,健策統一98購01  ,0,0,0,0,0,0,0,0,0,7000,0,0,0,7000,0,7000,7000
0053,元大電子        ,0,0,0,0,0,0,0,0,0,7000,0,0,0,8000,1000,7000,7000
061430,致新元大9A購01  ,0,0,0,0,0,0,0,0,0,7000,0,0,0,7000,0,7000,7000
061316,台積電凱基9A購24,0,0,0,0,0,0,0,0,0,7000,0,0,0,7000,0,7000,7000
061348,聯鈞元大9A購05  ,0,0,0,0,0,0,0,0,0,7000,0,0,0,100000,93000,7000,7000
056130,新日興麥證97購01,0,0,0,50000,43000,7000,0,0,0,7000,0,0,0,50000,43000,7000,7000
056011,矽力中信99購01  ,0,0,0,0,0,0,0,0,0,7000,0,0,0,9000,2000,7000,7000
056332,台郡國票99購01  ,0,0,0,0,0,0,0,0,0,7000,0,0,0,7000,0,7000,7000
05620P,大立光富邦9B售01,0,0,0,0,0,0,0,0,0,7000,0,0,0,7000,0,7000,7000
057152,緯穎國票99購03  ,0,0,0,0,0,0,0,0,0,7000,0,0,0,7000,0,7000,7000
059459,訊芯永豐99購04  ,0,0,0,0,0,0,0,0,0,7000,0,0,0,57000,50000,7000,7000
059678,鴻海國泰9A購03  ,0,0,0,0,0,0,0,0,0,7000,0,0,0,7000,0,7000,7000
059238,台積電凱基99購11,0,0,0,0,0,0,0,0,0,7000,0,0,0,7000,0,7000,7000
06148P,台積電元大97售17,0,0,0,0,0,0,0,0,0,7000,0,0,0,8000,1000,7000,7000
060090,台積電元大99購55,0,0,0,0,0,0,0,0,0,7000,0,0,0,7000,0,7000,7000
060770,宏達電麥證9A購01,0,0,0,7000,0,7000,0,0,0,7000,0,0,0,7000,0,7000,7000
060547,瑞昱凱基9A購01  ,0,0,0,0,0,0,0,0,0,7000,0,0,0,19000,12000,7000,7000
062049,亞德客統一01購01,0,0,0,0,0,0,0,0,0,7000,0,0,0,22000,15000,7000,7000
058047,可成元大98購11  ,0,0,0,0,0,0,0,0,0,7000,0,0,0,17000,10000,7000,7000
058071,大立光凱基98購19,0,0,0,0,0,0,0,0,0,7000,0,0,0,7000,0,7000,7000
063352,上銀元富9B購02  ,0,0,0,0,0,0,0,0,0,7000,0,0,0,16000,9000,7000,7000
062842,臺股指群益9B購09,0,0,0,0,0,0,0,0,0,7000,0,0,0,7000,0,7000,7000
062621,緯穎元大9B購05  ,0,0,0,0,0,0,0,0,0,7000,0,0,0,18000,11000,7000,7000
064491,金像電元大9C購03,0,0,0,0,0,0,0,0,0,7000,0,0,0,50000,43000,7000,7000
064086,旺宏凱基9C購01  ,0,0,0,0,0,0,0,0,0,7000,0,0,0,21000,14000,7000,7000
06412P,南亞科日盛97售01,0,0,0,0,0,0,0,0,0,7000,0,0,0,25000,18000,7000,7000
063742,道瓊指國票9C購01,0,0,0,0,0,0,0,0,0,7000,0,0,0,14000,7000,7000,7000
06376P,上銀統一99售01  ,0,0,0,0,0,0,0,0,0,7000,0,0,0,7000,0,7000,7000
6581,鋼聯            ,10000,3000,7000,0,0,0,0,0,0,0,0,0,0,0,0,0,7000
9927,泰銘            ,7000,0,7000,0,0,0,0,0,0,0,0,0,0,0,0,0,7000
07352P,台積電國票99售11,0,0,0,0,0,0,0,0,0,6000,0,0,0,6000,0,6000,6000
06886P,旺宏元大99售07  ,0,0,0,0,0,0,0,0,0,6000,0,0,0,6000,0,6000,6000
06890P,金融類元大98售02,0,0,0,0,0,0,0,0,0,6000,0,0,0,6000,0,6000,6000
07539P,玉山金台新9A售01,0,0,0,0,0,0,0,0,0,6000,0,0,0,6000,0,6000,6000
06677P,牧德國票98售02  ,0,0,0,0,0,0,0,0,0,6000,0,0,0,57000,51000,6000,6000
06627P,華新科元富99售01,0,0,0,0,0,0,0,0,0,6000,0,0,0,28000,22000,6000,6000
08054P,臺股指國票9B售19,0,0,0,0,0,0,0,0,0,6000,0,0,0,36000,30000,6000,6000
1232,大統益          ,6000,0,6000,0,0,0,0,0,0,0,0,0,0,0,0,0,6000
2236,百達-KY         ,8000,2000,6000,0,0,0,0,0,0,0,0,0,0,0,0,0,6000
2010,春源            ,23000,17000,6000,0,0,0,0,0,0,0,0,0,0,0,0,0,6000
2015,豐興            ,80000,75000,5000,0,0,0,0,0,0,1000,1000,0,1000,0,0,0,6000
3054,立萬利          ,7000,0,7000,0,0,0,0,0,0,-1000,0,1000,-1000,0,0,0,6000
3040,遠見            ,66000,60000,6000,0,0,0,0,0,0,0,0,0,0,0,0,0,6000
056200,大毅永豐98購01  ,0,0,0,0,0,0,0,0,0,6000,0,0,0,6000,0,6000,6000
056277,上銀富邦99購02  ,0,0,0,0,0,0,0,0,0,6000,0,0,0,6000,0,6000,6000
061233,國巨元大9A購17  ,0,0,0,0,0,0,0,0,0,6000,0,0,0,9000,3000,6000,6000
061410,緯穎國票9A購03  ,0,0,0,0,0,0,0,0,0,6000,0,0,0,12000,6000,6000,6000
056880,緯穎國票98購02  ,0,0,0,0,0,0,0,0,0,6000,0,0,0,108000,102000,6000,6000
057298,旭富永豐98購01  ,0,0,0,0,0,0,0,0,0,6000,0,0,0,144000,138000,6000,6000
052968,燿華群益98購01  ,0,0,0,0,0,0,0,0,0,6000,0,0,0,27000,21000,6000,6000
052681,T50反1元大98購02,0,0,0,0,0,0,0,0,0,6000,0,0,0,34000,28000,6000,6000
047969,台達電富邦97購01,0,0,0,0,0,0,0,0,0,6000,0,0,0,6000,0,6000,6000
053113,瀚宇博兆豐97購01,0,0,0,0,0,0,0,0,0,6000,0,0,0,6000,0,6000,6000
052132,旺宏凱基9B購01  ,0,0,0,0,0,0,0,0,0,6000,0,0,0,17000,11000,6000,6000
051562,玉晶光國泰97購05,0,0,0,0,0,0,0,0,0,6000,0,0,0,6000,0,6000,6000
055326,緯穎國票97購06  ,0,0,0,0,0,0,0,0,0,6000,0,0,0,6000,0,6000,6000
053461,台郡永昌99購01  ,0,0,0,0,0,0,0,0,0,6000,0,0,0,6000,0,6000,6000
055506,台郡元大99購02  ,0,0,0,0,0,0,0,0,0,6000,0,0,0,6000,0,6000,6000
054261,智伸科元大96購03,0,0,0,0,0,0,0,0,0,6000,0,0,0,6000,0,6000,6000
055584,國巨元大97購11  ,0,0,0,0,0,0,0,0,0,6000,0,0,0,6000,0,6000,6000
055612,台光電國票97購04,0,0,0,0,0,0,0,0,0,6000,0,0,0,6000,0,6000,6000
053350,台表科國票97購02,0,0,0,0,0,0,0,0,0,6000,0,0,0,6000,0,6000,6000
053320,華新科群益97購01,0,0,0,0,0,0,0,0,0,6000,0,0,0,6000,0,6000,6000
054637,智邦中信98購01  ,0,0,0,0,0,0,0,0,0,6000,0,0,0,6000,0,6000,6000
055022,精元國泰99購01  ,0,0,0,0,0,0,0,0,0,6000,0,0,0,6000,0,6000,6000
057902,嘉晶永豐98購02  ,0,0,0,0,0,0,0,0,0,6000,0,0,0,6000,0,6000,6000
057848,台表科永豐98購02,0,0,0,0,0,0,0,0,0,6000,0,0,0,196000,190000,6000,6000
060781,台郡國泰9B購01  ,0,0,0,0,0,0,0,0,0,6000,0,0,0,6000,0,6000,6000
060643,牧德永豐9A購03  ,0,0,0,0,0,0,0,0,0,6000,0,0,0,10000,4000,6000,6000
060656,國巨統一9C購03  ,0,0,0,0,0,0,0,0,0,6000,0,0,0,7000,1000,6000,6000
060850,康友國票9A購03  ,0,0,0,0,0,0,0,0,0,6000,0,0,0,6000,0,6000,6000
060101,大立光元大99購31,0,0,0,0,0,0,0,0,0,6000,0,0,0,6000,0,6000,6000
059117,禾伸堂永豐99購01,0,0,0,0,0,0,0,0,0,6000,0,0,0,6000,0,6000,6000
061503,臻鼎國票9B購01  ,0,0,0,0,0,0,0,0,0,6000,0,0,0,30000,24000,6000,6000
060055,宏達電凱基99購06,0,0,0,0,0,0,0,0,0,6000,0,0,0,6000,0,6000,6000
060071,國巨元富99購03  ,0,0,0,0,0,0,0,0,0,6000,0,0,0,6000,0,6000,6000
059239,台積電凱基99購12,0,0,0,0,0,0,0,0,0,6000,0,0,0,6000,0,6000,6000
060202,康友元富9A購01  ,0,0,0,0,0,0,0,0,0,6000,0,0,0,20000,14000,6000,6000
059166,友達凱基99購05  ,0,0,0,0,0,0,0,0,0,6000,0,0,0,6000,0,6000,6000
060227,和大元大9A購01  ,0,0,0,0,0,0,0,0,0,6000,0,0,0,28000,22000,6000,6000
059733,緯穎元大99購08  ,0,0,0,0,0,0,0,0,0,6000,0,0,0,10000,4000,6000,6000
05970P,超眾永豐96售03  ,0,0,0,0,0,0,0,0,0,6000,0,0,0,6000,0,6000,6000
058323,泰鼎永豐9A購01  ,0,0,0,0,0,0,0,0,0,6000,0,0,0,154000,148000,6000,6000
059907,道瓊指元大99購03,0,0,0,0,0,0,0,0,0,6000,0,0,0,6000,0,6000,6000
063559,力山元大9B購04  ,0,0,0,0,0,0,0,0,0,6000,0,0,0,59000,53000,6000,6000
063533,緯穎凱基9B購06  ,0,0,0,0,0,0,0,0,0,6000,0,0,0,16000,10000,6000,6000
063877,鴻海元富9C購01  ,0,0,0,0,0,0,0,0,0,6000,0,0,0,6000,0,6000,6000
064524,GIS群益02購01   ,0,0,0,0,0,0,0,0,0,6000,0,0,0,6000,0,6000,6000
064211,友達凱基02購01  ,0,0,0,0,0,0,0,0,0,6000,0,0,0,36000,30000,6000,6000
062498,華通群益9C購04  ,0,0,0,0,0,0,0,0,0,6000,0,0,0,6000,0,6000,6000
062560,奇鋐凱基9B購02  ,0,0,0,0,0,0,0,0,0,6000,0,0,0,135000,129000,6000,6000
061994,瑞儀元大9B購01  ,0,0,0,0,0,0,0,0,0,6000,0,0,0,30000,24000,6000,6000
062178,上銀元大9B購03  ,0,0,0,0,0,0,0,0,0,6000,0,0,0,14000,8000,6000,6000
8482,商億-KY         ,8000,2000,6000,0,0,0,0,0,0,0,0,0,0,0,0,0,6000
8466,美吉吉-KY       ,7000,1000,6000,0,0,0,0,0,0,0,0,0,0,0,0,0,6000
6698,旭暉應材        ,120000,114000,6000,0,0,0,0,0,0,0,0,0,0,0,0,0,6000
6655,科定            ,6000,0,6000,0,0,0,0,0,0,0,0,0,0,0,0,0,6000
6128,上福            ,6000,0,6000,0,0,0,0,0,0,0,0,0,0,0,0,0,6000
3454,晶睿            ,39000,34000,5000,0,0,0,0,0,0,0,0,0,0,0,0,0,5000
4737,華廣            ,16000,11000,5000,0,0,0,0,0,0,0,0,0,0,0,0,0,5000
4439,冠星-KY         ,8000,3000,5000,0,0,0,0,0,0,0,0,0,0,0,0,0,5000
2032,新鋼            ,5000,0,5000,0,0,0,0,0,0,0,0,0,0,0,0,0,5000
2433,互盛電          ,6000,1000,5000,0,0,0,0,0,0,0,0,0,0,0,0,0,5000
1603,華電            ,6000,1000,5000,0,0,0,0,0,0,0,0,0,0,0,0,0,5000
08410P,臺股指元大9C售16,0,0,0,0,0,0,0,0,0,5000,0,0,0,5000,0,5000,5000
08428P,GIS國票01售01   ,0,0,0,0,0,0,0,0,0,5000,0,0,0,60000,55000,5000,5000
08086P,燿華凱基9B售03  ,0,0,0,0,0,0,0,0,0,5000,0,0,0,10000,5000,5000,5000
08326P,臺股指凱基9C售09,0,0,0,0,0,0,0,0,0,5000,0,0,0,30000,25000,5000,5000
08307P,台積電凱基9C售03,0,0,0,0,0,0,0,0,0,5000,0,0,0,7000,2000,5000,5000
08369P,鴻海凱基01售04  ,0,0,0,0,0,0,0,0,0,5000,0,0,0,29000,24000,5000,5000
08233P,國泰金元富9B售01,0,0,0,0,0,0,0,0,0,5000,0,0,0,8000,3000,5000,5000
06579P,臺股指麥證98售03,0,0,0,5000,0,5000,0,0,0,5000,0,0,0,5000,0,5000,5000
06669P,緯穎凱基98售05  ,0,0,0,0,0,0,0,0,0,5000,0,0,0,5000,0,5000,5000
06675P,國巨國票99售02  ,0,0,0,0,0,0,0,0,0,5000,0,0,0,10000,5000,5000,5000
06691P,臺股指群益9C售05,0,0,0,0,0,0,0,0,0,5000,0,0,0,26000,21000,5000,5000
065151,國巨群益9C購13  ,0,0,0,0,0,0,0,0,0,5000,0,0,0,8000,3000,5000,5000
065282,國巨群益9C購14  ,0,0,0,0,0,0,0,0,0,5000,0,0,0,6000,1000,5000,5000
065259,燿華元大9C購05  ,0,0,0,0,0,0,0,0,0,5000,0,0,0,5000,0,5000,5000
064830,可成統一9C購04  ,0,0,0,0,0,0,0,0,0,5000,0,0,0,5000,0,5000,5000
064914,友達統一02購03  ,0,0,0,0,0,0,0,0,0,5000,0,0,0,5000,0,5000,5000
07532P,台灣50中信01售02,0,0,0,0,0,0,0,0,0,5000,0,0,0,5000,0,5000,5000
07536P,華新科元富9A售04,0,0,0,0,0,0,0,0,0,5000,0,0,0,41000,36000,5000,5000
07415P,台積電元大99售52,0,0,0,0,0,0,0,0,0,5000,0,0,0,6000,1000,5000,5000
07417P,聯發科元大99售44,0,0,0,0,0,0,0,0,0,5000,0,0,0,5000,0,5000,5000
07648P,祥碩國票9B售01  ,0,0,0,0,0,0,0,0,0,5000,0,0,0,195000,190000,5000,5000
07614P,華新科群益9A售04,0,0,0,0,0,0,0,0,0,5000,0,0,0,45000,40000,5000,5000
07687P,上銀元大9A售06  ,0,0,0,0,0,0,0,0,0,5000,0,0,0,5000,0,5000,5000
07821P,臺股指國票9A售12,0,0,0,0,0,0,0,0,0,5000,0,0,0,115000,110000,5000,5000
07886P,國巨國票9B售06  ,0,0,0,0,0,0,0,0,0,5000,0,0,0,5000,0,5000,5000
06900P,FBVIX國票12售01 ,0,0,0,0,0,0,0,0,0,5000,0,0,0,5000,0,5000,5000
06931P,大立光元大98售20,0,0,0,0,0,0,0,0,0,5000,0,0,0,5000,0,5000,5000
06932P,大立光元大98售21,0,0,0,0,0,0,0,0,0,5000,0,0,0,5000,0,5000,5000
06991P,矽創群益99售01  ,0,0,0,0,0,0,0,0,0,5000,0,0,0,25000,20000,5000,5000
06724P,台灣50國票98售01,0,0,0,0,0,0,0,0,0,5000,0,0,0,15000,10000,5000,5000
06844P,智邦元大98售13  ,0,0,0,0,0,0,0,0,0,5000,0,0,0,5000,0,5000,5000
07081P,南電群益9A售01  ,0,0,0,0,0,0,0,0,0,5000,0,0,0,30000,25000,5000,5000
07048P,台積電中信03售01,0,0,0,0,0,0,0,0,0,5000,0,0,0,77000,72000,5000,5000
054909,福懋科康和97購01,0,0,0,0,0,0,0,0,0,5000,0,0,0,5000,0,5000,5000
054867,華航群益99購01  ,0,0,0,0,0,0,0,0,0,5000,0,0,0,5000,0,5000,5000
05466P,旺宏富邦97售01  ,0,0,0,0,0,0,0,0,0,5000,0,0,0,5000,0,5000,5000
054739,義隆凱基98購02  ,0,0,0,0,0,0,0,0,0,5000,0,0,0,117000,112000,5000,5000
053366,樺漢國泰98購01  ,0,0,0,0,0,0,0,0,0,5000,0,0,0,20000,15000,5000,5000
055505,新唐元大97購02  ,0,0,0,0,0,0,0,0,0,5000,0,0,0,5000,0,5000,5000
055551,致茂凱基98購01  ,0,0,0,0,0,0,0,0,0,5000,0,0,0,49000,44000,5000,5000
054235,欣興群益96購06  ,0,0,0,0,0,0,0,0,0,5000,0,0,0,5000,0,5000,5000
054289,聯發科元大97購11,0,0,0,0,0,0,0,0,0,5000,0,0,0,10000,5000,5000,5000
054204,元金2X國票9B購02,0,0,0,0,0,0,0,0,0,5000,0,0,0,5000,0,5000,5000
054214,京鼎國票97購02  ,0,0,0,0,0,0,0,0,0,5000,0,0,0,5000,0,5000,5000
053584,友達元大9B購02  ,0,0,0,0,0,0,0,0,0,5000,0,0,0,98000,93000,5000,5000
053971,聯發科元大97購09,0,0,0,0,0,0,0,0,0,5000,0,0,0,105000,100000,5000,5000
056492,全新國泰9A購01  ,0,0,0,0,0,0,0,0,0,5000,0,0,0,155000,150000,5000,5000
056467,上証2X元大98購02,0,0,0,0,0,0,0,0,0,5000,0,0,0,5000,0,5000,5000
054129,技嘉元大96購02  ,0,0,0,0,0,0,0,0,0,5000,0,0,0,5000,0,5000,5000
056547,臻鼎凱基99購01  ,0,0,0,0,0,0,0,0,0,5000,0,0,0,50000,45000,5000,5000
057751,神達國票99購02  ,0,0,0,0,0,0,0,0,0,5000,0,0,0,7000,2000,5000,5000
057364,國巨元大98購18  ,0,0,0,0,0,0,0,0,0,5000,0,0,0,5000,0,5000,5000
057329,緯穎群益98購02  ,0,0,0,0,0,0,0,0,0,5000,0,0,0,5000,0,5000,5000
057734,訊芯國泰9A購01  ,0,0,0,0,0,0,0,0,0,5000,0,0,0,5000,0,5000,5000
055264,國巨永豐98購01  ,0,0,0,0,0,0,0,0,0,5000,0,0,0,5000,0,5000,5000
05538P,玉晶光國票97售02,0,0,0,0,0,0,0,0,0,5000,0,0,0,5000,0,5000,5000
054449,中環第一96購01  ,0,0,0,0,0,0,0,0,0,5000,0,0,0,5000,0,5000,5000
055458,燿華永豐98購01  ,0,0,0,0,0,0,0,0,0,5000,0,0,0,15000,10000,5000,5000
051570,和碩富邦97購01  ,0,0,0,0,0,0,0,0,0,5000,0,0,0,5000,0,5000,5000
051157,華新科富邦98購01,0,0,0,0,0,0,0,0,0,5000,0,0,0,5000,0,5000,5000
05207P,高股息中信97售03,0,0,0,0,0,0,0,0,0,5000,0,0,0,15000,10000,5000,5000
052090,聯發科元大97購03,0,0,0,0,0,0,0,0,0,5000,0,0,0,45000,40000,5000,5000
055124,建準兆豐97購01  ,0,0,0,0,0,0,0,0,0,5000,0,0,0,30000,25000,5000,5000
053115,滬深2X中信97購01,0,0,0,0,0,0,0,0,0,5000,0,0,0,5000,0,5000,5000
03810P,大立光富邦98售01,0,0,0,0,0,0,0,0,0,5000,0,0,0,5000,0,5000,5000
03669C,滬深2X元富09牛01,0,0,0,0,0,0,0,0,0,5000,0,0,0,5000,0,5000,5000
044247,道瓊反元富97購01,0,0,0,0,0,0,0,0,0,5000,0,0,0,5000,0,5000,5000
052361,大成鋼國票96購01,0,0,0,0,0,0,0,0,0,5000,0,0,0,5000,0,5000,5000
053072,國巨台新97購01  ,0,0,0,0,0,0,0,0,0,5000,0,0,0,5000,0,5000,5000
052849,可成統一97購01  ,0,0,0,0,0,0,0,0,0,5000,0,0,0,5000,0,5000,5000
057295,可成永豐98購02  ,0,0,0,0,0,0,0,0,0,5000,0,0,0,5000,0,5000,5000
057236,聯詠凱基98購03  ,0,0,0,0,0,0,0,0,0,5000,0,0,0,54000,49000,5000,5000
057805,華通元大98購06  ,0,0,0,0,0,0,0,0,0,5000,0,0,0,10000,5000,5000,5000
057651,矽力元大98購03  ,0,0,0,0,0,0,0,0,0,5000,0,0,0,7000,2000,5000,5000
061346,玉晶光元大9B購03,0,0,0,0,0,0,0,0,0,5000,0,0,0,7000,2000,5000,5000
061523,SP黃豆凱基9B購01,0,0,0,0,0,0,0,0,0,5000,0,0,0,5000,0,5000,5000
056282,S&P反1永豐97購01,0,0,0,0,0,0,0,0,0,5000,0,0,0,15000,10000,5000,5000
056238,聯發科群益98購02,0,0,0,0,0,0,0,0,0,5000,0,0,0,5000,0,5000,5000
056412,上証2X中信9A購02,0,0,0,0,0,0,0,0,0,5000,0,0,0,5000,0,5000,5000
056340,可成凱基98購04  ,0,0,0,0,0,0,0,0,0,5000,0,0,0,5000,0,5000,5000
057072,日月光永豐98購01,0,0,0,0,0,0,0,0,0,5000,0,0,0,25000,20000,5000,5000
057550,聯發科凱基02購01,0,0,0,0,0,0,0,0,0,5000,0,0,0,15000,10000,5000,5000
055956,瑞昱元大97購05  ,0,0,0,0,0,0,0,0,0,5000,0,0,0,5000,0,5000,5000
055855,牧德元大99購02  ,0,0,0,0,0,0,0,0,0,5000,0,0,0,5000,0,5000,5000
059700,鴻海凱基9A購16  ,0,0,0,0,0,0,0,0,0,5000,0,0,0,5000,0,5000,5000
059788,華新科元大9A購05,0,0,0,0,0,0,0,0,0,5000,0,0,0,5000,0,5000,5000
059778,上証2X元大9C購03,0,0,0,0,0,0,0,0,0,5000,0,0,0,5000,0,5000,5000
059591,台積電元大9A購04,0,0,0,0,0,0,0,0,0,5000,0,0,0,5000,0,5000,5000
058570,臻鼎凱基9A購01  ,0,0,0,0,0,0,0,0,0,5000,0,0,0,5000,0,5000,5000
058173,台積電凱基99購04,0,0,0,0,0,0,0,0,0,5000,0,0,0,5000,0,5000,5000
058227,台灣50元大9C購01,0,0,0,0,0,0,0,0,0,5000,0,0,0,5000,0,5000,5000
058973,麗豐永豐99購01  ,0,0,0,0,0,0,0,0,0,5000,0,0,0,78000,73000,5000,5000
059127,國巨中信99購04  ,0,0,0,0,0,0,0,0,0,5000,0,0,0,30000,25000,5000,5000
05905P,晶技統一97售01  ,0,0,0,0,0,0,0,0,0,5000,0,0,0,5000,0,5000,5000
059130,台灣50群益9B購05,0,0,0,0,0,0,0,0,0,5000,0,0,0,5000,0,5000,5000
060978,國巨元大9A購13  ,0,0,0,0,0,0,0,0,0,5000,0,0,0,55000,50000,5000,5000
058710,臺股指元大9A購23,0,0,0,0,0,0,0,0,0,5000,0,0,0,5000,0,5000,5000
060824,旺宏元大9A購06  ,0,0,0,0,0,0,0,0,0,5000,0,0,0,5000,0,5000,5000
059298,大立光元富9C購02,0,0,0,0,0,0,0,0,0,5000,0,0,0,147000,142000,5000,5000
060546,旺宏凱基9A購02  ,0,0,0,0,0,0,0,0,0,5000,0,0,0,10000,5000,5000,5000
060529,聯發科中信9A購04,0,0,0,0,0,0,0,0,0,5000,0,0,0,5000,0,5000,5000
060330,台灣50麥證9A購03,0,0,0,10000,5000,5000,0,0,0,5000,0,0,0,10000,5000,5000,5000
059520,台表科永豐99購02,0,0,0,0,0,0,0,0,0,5000,0,0,0,5000,0,5000,5000
057839,台積電富邦9A購02,0,0,0,0,0,0,0,0,0,5000,0,0,0,5000,0,5000,5000
057878,台郡元大99購04  ,0,0,0,0,0,0,0,0,0,5000,0,0,0,10000,5000,5000,5000
057881,SP黃豆群益9A購01,0,0,0,0,0,0,0,0,0,5000,0,0,0,5000,0,5000,5000
061640,智原元大9A購01  ,0,0,0,0,0,0,0,0,0,5000,0,0,0,128000,123000,5000,5000
06212P,華新科元大97售11,0,0,0,0,0,0,0,0,0,5000,0,0,0,5000,0,5000,5000
062134,國巨群益9B購04  ,0,0,0,0,0,0,0,0,0,5000,0,0,0,181000,176000,5000,5000
061822,和潤群益9B購01  ,0,0,0,0,0,0,0,0,0,5000,0,0,0,5000,0,5000,5000
061803,巨大永豐9B購01  ,0,0,0,0,0,0,0,0,0,5000,0,0,0,15000,10000,5000,5000
062819,奇鋐兆豐9B購01  ,0,0,0,0,0,0,0,0,0,5000,0,0,0,107000,102000,5000,5000
062734,臺指反國票9C購03,0,0,0,0,0,0,0,0,0,5000,0,0,0,20000,15000,5000,5000
06284P,台積電國票98售03,0,0,0,0,0,0,0,0,0,5000,0,0,0,21000,16000,5000,5000
062921,GIS元大9B購01   ,0,0,0,0,0,0,0,0,0,5000,0,0,0,8000,3000,5000,5000
062906,全新元大9B購03  ,0,0,0,0,0,0,0,0,0,5000,0,0,0,123000,118000,5000,5000
062983,緯穎元富9B購01  ,0,0,0,0,0,0,0,0,0,5000,0,0,0,7000,2000,5000,5000
063011,台積電元大9C購01,0,0,0,0,0,0,0,0,0,5000,0,0,0,5000,0,5000,5000
063117,聯茂麥證9B購01  ,0,0,0,60000,56000,4000,0,0,0,5000,0,0,0,61000,56000,5000,5000
063039,大立光凱基9C購02,0,0,0,0,0,0,0,0,0,5000,0,0,0,55000,50000,5000,5000
063058,A50正2元富02購01,0,0,0,0,0,0,0,0,0,5000,0,0,0,5000,0,5000,5000
063494,金像電富邦9B購01,0,0,0,0,0,0,0,0,0,5000,0,0,0,15000,10000,5000,5000
063234,國巨元大9C購03  ,0,0,0,0,0,0,0,0,0,5000,0,0,0,5000,0,5000,5000
063241,聯發科元大9B購18,0,0,0,0,0,0,0,0,0,5000,0,0,0,138000,133000,5000,5000
063212,聯發科國票9C購02,0,0,0,0,0,0,0,0,0,5000,0,0,0,15000,10000,5000,5000
064312,大立光群益01購01,0,0,0,0,0,0,0,0,0,5000,0,0,0,10000,5000,5000,5000
064408,TPK凱基02購01   ,0,0,0,0,0,0,0,0,0,5000,0,0,0,57000,52000,5000,5000
064516,華通群益02購01  ,0,0,0,0,0,0,0,0,0,5000,0,0,0,5000,0,5000,5000
064589,聯鈞永豐9C購01  ,0,0,0,0,0,0,0,0,0,5000,0,0,0,10000,5000,5000,5000
06471P,臺股指凱基99售11,0,0,0,0,0,0,0,0,0,5000,0,0,0,5000,0,5000,5000
064129,新日興元大9C購02,0,0,0,0,0,0,0,0,0,5000,0,0,0,88000,83000,5000,5000
064027,義隆元大9C購01  ,0,0,0,0,0,0,0,0,0,5000,0,0,0,32000,27000,5000,5000
063548,同欣電兆豐9B購01,0,0,0,0,0,0,0,0,0,5000,0,0,0,5000,0,5000,5000
063512,聯發科麥證9B購02,0,0,0,5000,0,5000,0,0,0,5000,0,0,0,5000,0,5000,5000
063655,華通元富9B購01  ,0,0,0,0,0,0,0,0,0,5000,0,0,0,5000,0,5000,5000
063660,儒鴻統一9C購01  ,0,0,0,0,0,0,0,0,0,5000,0,0,0,5000,0,5000,5000
063594,上銀中信9C購01  ,0,0,0,0,0,0,0,0,0,5000,0,0,0,5000,0,5000,5000
063827,國巨國票02購01  ,0,0,0,0,0,0,0,0,0,5000,0,0,0,18000,13000,5000,5000
6165,捷泰            ,56000,51000,5000,0,0,0,0,0,0,0,0,0,0,0,0,0,5000
6579,研揚            ,5000,0,5000,0,0,0,0,0,0,0,0,0,0,0,0,0,5000
8442,威宏-KY         ,5000,0,5000,0,0,0,0,0,0,0,0,0,0,0,0,0,5000
9924,福興            ,76000,71000,5000,0,0,0,0,0,0,0,0,0,0,0,0,0,5000
6598,ABC-KY          ,83500,78741,4759,0,0,0,0,0,0,0,0,0,0,0,0,0,4759
4994,傳奇            ,148623,152000,-3377,0,0,0,0,0,0,8000,0,0,0,8000,0,8000,4623
4581,光隆精密-KY     ,9000,5000,4000,0,0,0,0,0,0,0,0,0,0,0,0,0,4000
2491,吉祥全          ,5000,1000,4000,0,0,0,0,0,0,0,0,0,0,0,0,0,4000
2069,運錩            ,4000,0,4000,0,0,0,0,0,0,0,0,0,0,0,0,0,4000
08208P,臺股指群益9B售16,0,0,0,0,0,0,0,0,0,4000,0,0,0,4000,0,4000,4000
08017P,華新科國票9B售01,0,0,0,0,0,0,0,0,0,4000,0,0,0,4000,0,4000,4000
08414P,超眾凱基9C售02  ,0,0,0,0,0,0,0,0,0,4000,0,0,0,5000,1000,4000,4000
1466,聚隆            ,4000,0,4000,0,0,0,0,0,0,0,0,0,0,0,0,0,4000
07006P,旺宏統一9B售03  ,0,0,0,0,0,0,0,0,0,4000,0,0,0,4000,0,4000,4000
07212P,聯發科凱基99售14,0,0,0,0,0,0,0,0,0,4000,0,0,0,4000,0,4000,4000
06806P,臺股指群益98售12,0,0,0,0,0,0,0,0,0,4000,0,0,0,25000,21000,4000,4000
064942,道瓊反凱基02購01,0,0,0,0,0,0,0,0,0,4000,0,0,0,10000,6000,4000,4000
06657P,寶成元大98售01  ,0,0,0,0,0,0,0,0,0,4000,0,0,0,8000,4000,4000,4000
055940,致新群益98購01  ,0,0,0,0,0,0,0,0,0,4000,0,0,0,4000,0,4000,4000
056004,南電永豐97購02  ,0,0,0,0,0,0,0,0,0,4000,0,0,0,39000,35000,4000,4000
056120,聯茂群益97購02  ,0,0,0,0,0,0,0,0,0,4000,0,0,0,10000,6000,4000,4000
057488,聯發科元大99購02,0,0,0,0,0,0,0,0,0,4000,0,0,0,4000,0,4000,4000
061607,台表科凱基9B購02,0,0,0,0,0,0,0,0,0,4000,0,0,0,19000,15000,4000,4000
061340,義隆元大9A購01  ,0,0,0,0,0,0,0,0,0,4000,0,0,0,4000,0,4000,4000
061395,健策統一9C購02  ,0,0,0,0,0,0,0,0,0,4000,0,0,0,16000,12000,4000,4000
052437,聯發科富邦99購02,0,0,0,0,0,0,0,0,0,4000,0,0,0,15000,11000,4000,4000
0054,元大台商50      ,0,0,0,0,0,0,0,0,0,4000,0,0,0,5000,1000,4000,4000
035275,台積電台新97購01,0,0,0,0,0,0,0,0,0,4000,0,0,0,4000,0,4000,4000
055217,緯創凱基97購02  ,0,0,0,0,0,0,0,0,0,4000,0,0,0,4000,0,4000,4000
051068,台積電國票97購01,0,0,0,0,0,0,0,0,0,4000,0,0,0,4000,0,4000,4000
055380,智易元大98購02  ,0,0,0,0,0,0,0,0,0,4000,0,0,0,4000,0,4000,4000
056544,貿聯凱基98購03  ,0,0,0,0,0,0,0,0,0,4000,0,0,0,54000,50000,4000,4000
056451,可成凱基99購01  ,0,0,0,0,0,0,0,0,0,4000,0,0,0,49000,45000,4000,4000
055535,緯創群益98購01  ,0,0,0,0,0,0,0,0,0,4000,0,0,0,4000,0,4000,4000
055576,嘉晶統一98購01  ,0,0,0,0,0,0,0,0,0,4000,0,0,0,4000,0,4000,4000
058133,華新科元大9A購02,0,0,0,0,0,0,0,0,0,4000,0,0,0,6000,2000,4000,4000
058023,南電凱基98購02  ,0,0,0,0,0,0,0,0,0,4000,0,0,0,4000,0,4000,4000
057998,玉晶光麥證9A購01,0,0,0,20000,9000,11000,0,0,0,4000,0,0,0,21000,17000,4000,4000
060624,玉晶光元大9C購02,0,0,0,0,0,0,0,0,0,4000,0,0,0,9000,5000,4000,4000
060399,康友國票9A購02  ,0,0,0,0,0,0,0,0,0,4000,0,0,0,38000,34000,4000,4000
059264,台光電中信99購02,0,0,0,0,0,0,0,0,0,4000,0,0,0,24000,20000,4000,4000
058443,T50正2富邦01購01,0,0,0,0,0,0,0,0,0,4000,0,0,0,5000,1000,4000,4000
058747,友達凱基9A購03  ,0,0,0,0,0,0,0,0,0,4000,0,0,0,4000,0,4000,4000
058198,瑞昱亞東99購01  ,0,0,0,0,0,0,0,0,0,4000,0,0,0,4000,0,4000,4000
061464,瑞昱群益9A購01  ,0,0,0,0,0,0,0,0,0,4000,0,0,0,94000,90000,4000,4000
06086P,台積電康和97售01,0,0,0,0,0,0,0,0,0,4000,0,0,0,4000,0,4000,4000
06005P,晶豪科永豐96售04,0,0,0,0,0,0,0,0,0,4000,0,0,0,4000,0,4000,4000
058936,國喬中信99購01  ,0,0,0,0,0,0,0,0,0,4000,0,0,0,142000,138000,4000,4000
058878,旭富國泰9B購01  ,0,0,0,0,0,0,0,0,0,4000,0,0,0,28000,24000,4000,4000
059605,臺股指元大9A購42,0,0,0,0,0,0,0,0,0,4000,0,0,0,5000,1000,4000,4000
059466,國巨元大99購26  ,0,0,0,0,0,0,0,0,0,4000,0,0,0,16000,12000,4000,4000
06377P,華通統一97售04  ,0,0,0,0,0,0,0,0,0,4000,0,0,0,72000,68000,4000,4000
063424,新日興凱基01購01,0,0,0,0,0,0,0,0,0,4000,0,0,0,16000,12000,4000,4000
062852,聯發科永豐9B購02,0,0,0,0,0,0,0,0,0,4000,0,0,0,4000,0,4000,4000
062491,矽創永豐9B購01  ,0,0,0,0,0,0,0,0,0,4000,0,0,0,14000,10000,4000,4000
062632,嘉晶國票9B購01  ,0,0,0,0,0,0,0,0,0,4000,0,0,0,9000,5000,4000,4000
062590,亞光統一9B購01  ,0,0,0,0,0,0,0,0,0,4000,0,0,0,4000,0,4000,4000
062354,台達電元大9B購01,0,0,0,0,0,0,0,0,0,4000,0,0,0,5000,1000,4000,4000
6133,金橋            ,4000,0,4000,0,0,0,0,0,0,0,0,0,0,0,0,0,4000
065204,神隆國票01購01  ,0,0,0,0,0,0,0,0,0,3000,0,0,0,19000,16000,3000,3000
065159,臻鼎群益9C購02  ,0,0,0,0,0,0,0,0,0,3000,0,0,0,66000,63000,3000,3000
064814,祥碩元大9C購06  ,0,0,0,0,0,0,0,0,0,3000,0,0,0,137000,134000,3000,3000
06799P,臺股指凱基98售09,0,0,0,0,0,0,0,0,0,3000,0,0,0,3000,0,3000,3000
06952P,大立光統一9A售03,0,0,0,0,0,0,0,0,0,3000,0,0,0,3000,0,3000,3000
07172P,臺股指國票99售09,0,0,0,0,0,0,0,0,0,3000,0,0,0,3000,0,3000,3000
07772P,華新科國票9A售05,0,0,0,0,0,0,0,0,0,3000,0,0,0,3000,0,3000,3000
07603P,台積電統一9B售08,0,0,0,0,0,0,0,0,0,3000,0,0,0,3000,0,3000,3000
07405P,大立光凱基99售17,0,0,0,0,0,0,0,0,0,3000,0,0,0,3000,0,3000,3000
1468,昶和            ,3000,0,3000,0,0,0,0,0,0,0,0,0,0,0,0,0,3000
1470,大統新創        ,3000,0,3000,0,0,0,0,0,0,0,0,0,0,0,0,0,3000
1513,中興電          ,428000,492000,-64000,0,0,0,0,0,0,67000,21000,15000,6000,61000,0,61000,3000
1521,大億            ,5000,2000,3000,0,0,0,0,0,0,0,0,0,0,0,0,0,3000
1233,天仁            ,3000,0,3000,0,0,0,0,0,0,0,0,0,0,0,0,0,3000
1236,宏亞            ,3000,0,3000,0,0,0,0,0,0,0,0,0,0,0,0,0,3000
08390P,旺宏凱基9C售02  ,0,0,0,0,0,0,0,0,0,3000,0,0,0,35000,32000,3000,3000
08243P,祥碩凱基9C售02  ,0,0,0,0,0,0,0,0,0,3000,0,0,0,74000,71000,3000,3000
1776,展宇            ,3000,0,3000,0,0,0,0,0,0,0,0,0,0,0,0,0,3000
1725,元禎            ,3000,0,3000,0,0,0,0,0,0,0,0,0,0,0,0,0,3000
2543,皇昌            ,8000,5000,3000,0,0,0,0,0,0,0,0,0,0,0,0,0,3000
2613,中櫃            ,3000,0,3000,0,0,0,0,0,0,0,0,0,0,0,0,0,3000
2712,遠雄來          ,3000,0,3000,0,0,0,0,0,0,0,0,0,0,0,0,0,3000
2630,亞航            ,3000,0,3000,0,0,0,0,0,0,0,0,0,0,0,0,0,3000
2440,太空梭          ,3000,0,3000,0,0,0,0,0,0,0,0,0,0,0,0,0,3000
4560,強信-KY         ,178000,175000,3000,0,0,0,0,0,0,0,0,0,0,0,0,0,3000
4562,穎漢            ,3000,0,3000,0,0,0,0,0,0,0,0,0,0,0,0,0,3000
3501,維熹            ,3000,0,3000,0,0,0,0,0,0,0,0,0,0,0,0,0,3000
054258,牧德元大97購01  ,0,0,0,0,0,0,0,0,0,3000,0,0,0,3000,0,3000,3000
054672,華新科國泰99購01,0,0,0,0,0,0,0,0,0,3000,0,0,0,3000,0,3000,3000
054582,致新元大97購01  ,0,0,0,0,0,0,0,0,0,3000,0,0,0,3000,0,3000,3000
054923,晶技凱基98購01  ,0,0,0,0,0,0,0,0,0,3000,0,0,0,38000,35000,3000,3000
054820,新日興元大97購01,0,0,0,0,0,0,0,0,0,3000,0,0,0,3000,0,3000,3000
053901,T50反1凱基99購03,0,0,0,0,0,0,0,0,0,3000,0,0,0,48000,45000,3000,3000
053855,康友國泰98購01  ,0,0,0,0,0,0,0,0,0,3000,0,0,0,3000,0,3000,3000
055363,緯穎凱基98購03  ,0,0,0,0,0,0,0,0,0,3000,0,0,0,3000,0,3000,3000
050915,健策中信98購01  ,0,0,0,0,0,0,0,0,0,3000,0,0,0,20000,17000,3000,3000
051382,玉晶光群益98購02,0,0,0,0,0,0,0,0,0,3000,0,0,0,40000,37000,3000,3000
00657,國泰日經225     ,0,1000,-1000,0,0,0,0,0,0,4000,0,0,0,104000,100000,4000,3000
03686P,大立光統一98售02,0,0,0,0,0,0,0,0,0,3000,0,0,0,3000,0,3000,3000
06138P,台積電中信99售01,0,0,0,0,0,0,0,0,0,3000,0,0,0,25000,22000,3000,3000
061406,華通國票9A購06  ,0,0,0,0,0,0,0,0,0,3000,0,0,0,3000,0,3000,3000
061282,台積電統一9C購06,0,0,0,0,0,0,0,0,0,3000,0,0,0,5000,2000,3000,3000
061625,聯茂群益9A購02  ,0,0,0,0,0,0,0,0,0,3000,0,0,0,60000,57000,3000,3000
057832,聯發科元富02購05,0,0,0,0,0,0,0,0,0,3000,0,0,0,3000,0,3000,3000
055717,聯發科元大97購19,0,0,0,0,0,0,0,0,0,3000,0,0,0,3000,0,3000,3000
055973,亞德客統一97購01,0,0,0,0,0,0,0,0,0,3000,0,0,0,209000,206000,3000,3000
056619,強茂永豐98購01  ,0,0,0,0,0,0,0,0,0,3000,0,0,0,174000,171000,3000,3000
057458,TPK富邦9A購01   ,0,0,0,0,0,0,0,0,0,3000,0,0,0,3000,0,3000,3000
056366,玉晶光元大99購04,0,0,0,0,0,0,0,0,0,3000,0,0,0,48000,45000,3000,3000
056263,友訊統一99購01  ,0,0,0,0,0,0,0,0,0,3000,0,0,0,3000,0,3000,3000
056212,台光電國票98購03,0,0,0,0,0,0,0,0,0,3000,0,0,0,3000,0,3000,3000
056230,可成凱基98購03  ,0,0,0,0,0,0,0,0,0,3000,0,0,0,3000,0,3000,3000
055971,矽力元大97購05  ,0,0,0,0,0,0,0,0,0,3000,0,0,0,3000,0,3000,3000
056671,台灣50元富9A購01,0,0,0,0,0,0,0,0,0,3000,0,0,0,3000,0,3000,3000
056695,景碩群益99購01  ,0,0,0,0,0,0,0,0,0,3000,0,0,0,3000,0,3000,3000
056991,牧德兆豐98購01  ,0,0,0,0,0,0,0,0,0,3000,0,0,0,3000,0,3000,3000
059513,揚明光永豐99購01,0,0,0,0,0,0,0,0,0,3000,0,0,0,63000,60000,3000,3000
059161,鴻海凱基9A購09  ,0,0,0,0,0,0,0,0,0,3000,0,0,0,3000,0,3000,3000
059214,國巨元大99購20  ,0,0,0,0,0,0,0,0,0,3000,0,0,0,3000,0,3000,3000
058841,深中小群益01購01,0,0,0,0,0,0,0,0,0,3000,0,0,0,403000,400000,3000,3000
060011,臺股指群益9C購06,0,0,0,0,0,0,0,0,0,3000,0,0,0,12000,9000,3000,3000
061122,敬鵬永豐9A購01  ,0,0,0,0,0,0,0,0,0,3000,0,0,0,3000,0,3000,3000
061470,鈺齊群益9A購02  ,0,0,0,0,0,0,0,0,0,3000,0,0,0,39000,36000,3000,3000
061504,祥碩國票9A購02  ,0,0,0,0,0,0,0,0,0,3000,0,0,0,4000,1000,3000,3000
059035,旺宏群益99購06  ,0,0,0,0,0,0,0,0,0,3000,0,0,0,3000,0,3000,3000
059017,台灣50統一9B購03,0,0,0,0,0,0,0,0,0,3000,0,0,0,3000,0,3000,3000
058741,欣興日盛99購01  ,0,0,0,0,0,0,0,0,0,3000,0,0,0,25000,22000,3000,3000
061003,南亞科兆豐9A購01,0,0,0,0,0,0,0,0,0,3000,0,0,0,3000,0,3000,3000
058631,鈺齊國票9A購01  ,0,0,0,0,0,0,0,0,0,3000,0,0,0,4000,1000,3000,3000
059143,國巨國票9A購04  ,0,0,0,0,0,0,0,0,0,3000,0,0,0,10000,7000,3000,3000
060856,健策富邦9B購02  ,0,0,0,0,0,0,0,0,0,3000,0,0,0,3000,0,3000,3000
058533,玉晶光元富99購01,0,0,0,0,0,0,0,0,0,3000,0,0,0,3000,0,3000,3000
060779,臺股指凱基9A購07,0,0,0,0,0,0,0,0,0,3000,0,0,0,21000,18000,3000,3000
060747,聯鈞國票9A購02  ,0,0,0,0,0,0,0,0,0,3000,0,0,0,61000,58000,3000,3000
061092,可成統一9C購02  ,0,0,0,0,0,0,0,0,0,3000,0,0,0,85000,82000,3000,3000
058008,禾伸堂國票99購02,0,0,0,0,0,0,0,0,0,3000,0,0,0,20000,17000,3000,3000
062105,國巨國票9C購03  ,0,0,0,0,0,0,0,0,0,3000,0,0,0,5000,2000,3000,3000
062452,A50正2群益01購04,0,0,0,0,0,0,0,0,0,3000,0,0,0,3000,0,3000,3000
062192,南六元大9B購01  ,0,0,0,0,0,0,0,0,0,3000,0,0,0,4000,1000,3000,3000
062558,義隆凱基9B購02  ,0,0,0,0,0,0,0,0,0,3000,0,0,0,3000,0,3000,3000
06277P,臺股指凱基97售09,0,0,0,0,0,0,0,0,0,3000,0,0,0,3000,0,3000,3000
063065,聯發科麥證9C購01,0,0,0,3000,0,3000,0,0,0,3000,0,0,0,3000,0,3000,3000
063105,健策群益9C購01  ,0,0,0,0,0,0,0,0,0,3000,0,0,0,55000,52000,3000,3000
063802,南茂凱基9C購01  ,0,0,0,0,0,0,0,0,0,3000,0,0,0,33000,30000,3000,3000
063683,大成鋼永豐9B購01,0,0,0,0,0,0,0,0,0,3000,0,0,0,68000,65000,3000,3000
063598,國巨凱基9B購14  ,0,0,0,0,0,0,0,0,0,3000,0,0,0,26000,23000,3000,3000
063615,瑞祺群益9B購03  ,0,0,0,0,0,0,0,0,0,3000,0,0,0,191000,188000,3000,3000
063653,儒鴻元富9B購01  ,0,0,0,0,0,0,0,0,0,3000,0,0,0,6000,3000,3000,3000
063848,大立光元大9C購09,0,0,0,0,0,0,0,0,0,3000,0,0,0,3000,0,3000,3000
063901,緯穎群益9C購01  ,0,0,0,0,0,0,0,0,0,3000,0,0,0,31000,28000,3000,3000
064741,南亞科國票01購01,0,0,0,0,0,0,0,0,0,3000,0,0,0,18000,15000,3000,3000
064497,可成元大01購02  ,0,0,0,0,0,0,0,0,0,3000,0,0,0,12000,9000,3000,3000
064414,臺股指凱基9C購10,0,0,0,0,0,0,0,0,0,3000,0,0,0,3000,0,3000,3000
064274,燿華元大9C購01  ,0,0,0,0,0,0,0,0,0,3000,0,0,0,6000,3000,3000,3000
8072,陞泰            ,46000,47000,-1000,0,0,0,0,0,0,4000,8000,4000,4000,0,0,0,3000
6405,悅城            ,1000,0,1000,0,0,0,0,0,0,2000,2000,0,2000,0,0,0,3000
8473,山林水          ,12000,9000,3000,0,0,0,0,0,0,0,0,0,0,0,0,0,3000
9931,欣高            ,3000,0,3000,0,0,0,0,0,0,0,0,0,0,0,0,0,3000
008201,BP上證50        ,0,0,0,0,0,0,0,0,0,2300,0,0,0,2300,0,2300,2300
3296,勝德            ,2000,0,2000,0,0,0,0,0,0,0,0,0,0,0,0,0,2000
2891B,中信金乙特      ,0,0,0,0,0,0,0,0,0,2000,2000,0,2000,0,0,0,2000
2816,旺旺保          ,10000,8000,2000,0,0,0,0,0,0,0,0,0,0,0,0,0,2000
1727,中華化          ,2000,0,2000,0,0,0,0,0,0,0,0,0,0,0,0,0,2000
1737,臺鹽            ,88000,63000,25000,0,0,0,0,0,0,-23000,0,23000,-23000,0,0,0,2000
08310P,南電凱基9C售01  ,0,0,0,0,0,0,0,0,0,2000,0,0,0,25000,23000,2000,2000
08320P,智邦統一9C售02  ,0,0,0,0,0,0,0,0,0,2000,0,0,0,2000,0,2000,2000
08037P,台表科群益9B售02,0,0,0,0,0,0,0,0,0,2000,0,0,0,12000,10000,2000,2000
08072P,祥碩永豐9B售03  ,0,0,0,0,0,0,0,0,0,2000,0,0,0,2000,0,2000,2000
08188P,群創群益9B售04  ,0,0,0,0,0,0,0,0,0,2000,0,0,0,2000,0,2000,2000
08430P,友達凱基01售01  ,0,0,0,0,0,0,0,0,0,2000,0,0,0,2000,0,2000,2000
1101B,台泥乙特        ,0,1000,-1000,0,0,0,0,0,0,3000,3000,0,3000,0,0,0,2000
1341,富林-KY         ,2000,0,2000,0,0,0,0,0,0,0,0,0,0,0,0,0,2000
07794P,智邦國票9A售03  ,0,0,0,0,0,0,0,0,0,2000,0,0,0,2000,0,2000,2000
07912P,玉晶光統一9B售02,0,0,0,0,0,0,0,0,0,2000,0,0,0,2000,0,2000,2000
07873P,華新科群益9B售03,0,0,0,0,0,0,0,0,0,2000,0,0,0,22000,20000,2000,2000
07056P,臺股指麥證99售02,0,0,0,2000,0,2000,0,0,0,2000,0,0,0,2000,0,2000,2000
07067P,旺宏台新99售02  ,0,0,0,0,0,0,0,0,0,2000,0,0,0,4000,2000,2000,2000
07360P,台積電元大99售46,0,0,0,0,0,0,0,0,0,2000,0,0,0,2000,0,2000,2000
07281P,鴻海凱基99售13  ,0,0,0,0,0,0,0,0,0,2000,0,0,0,2000,0,2000,2000
06897P,FBVIX群益01售01 ,0,0,0,0,0,0,0,0,0,2000,0,0,0,2000,0,2000,2000
06922P,元上證群益9C售01,0,0,0,0,0,0,0,0,0,2000,0,0,0,2000,0,2000,2000
065130,奇鋐兆豐9C購01  ,0,0,0,0,0,0,0,0,0,2000,0,0,0,136000,134000,2000,2000
06602P,國巨統一99售02  ,0,0,0,0,0,0,0,0,0,2000,0,0,0,2000,0,2000,2000
020004,兆豐電菁英30N   ,0,0,0,0,0,0,0,0,0,2000,0,0,0,2000,0,2000,2000
052237,嘉澤國票96購02  ,0,0,0,0,0,0,0,0,0,2000,0,0,0,2000,0,2000,2000
00731,FH富時高息低波  ,0,0,0,0,0,0,0,0,0,2000,0,0,0,1136000,1134000,2000,2000
00700,富邦恒生國企    ,0,0,0,0,0,0,0,0,0,2000,0,0,0,102000,100000,2000,2000
00663L,國泰臺灣加權正2 ,0,0,0,0,0,0,0,0,0,2000,0,0,0,14000,12000,2000,2000
00625K,富邦上証+R      ,0,0,0,0,0,0,0,0,0,2000,0,0,0,52000,50000,2000,2000
052766,玉晶光群益9A購01,0,0,0,0,0,0,0,0,0,2000,0,0,0,2000,0,2000,2000
053024,國巨富邦97購02  ,0,0,0,0,0,0,0,0,0,2000,0,0,0,2000,0,2000,2000
051503,玉晶光統一97購01,0,0,0,0,0,0,0,0,0,2000,0,0,0,2000,0,2000,2000
051078,力山富邦97購01  ,0,0,0,0,0,0,0,0,0,2000,0,0,0,2000,0,2000,2000
049759,元黃金富邦9A購01,0,0,0,0,0,0,0,0,0,2000,0,0,0,2000,0,2000,2000
055346,國巨凱基98購02  ,0,0,0,0,0,0,0,0,0,2000,0,0,0,2000,0,2000,2000
053259,卜蜂群益97購01  ,0,0,0,0,0,0,0,0,0,2000,0,0,0,2000,0,2000,2000
053651,台光電凱基98購01,0,0,0,0,0,0,0,0,0,2000,0,0,0,2000,0,2000,2000
053662,矽力凱基97購01  ,0,0,0,0,0,0,0,0,0,2000,0,0,0,2000,0,2000,2000
054095,同欣電群益98購03,0,0,0,0,0,0,0,0,0,2000,0,0,0,2000,0,2000,2000
056487,康友元大98購01  ,0,0,0,0,0,0,0,0,0,2000,0,0,0,103000,101000,2000,2000
057757,鴻海凱基98購13  ,0,0,0,0,0,0,0,0,0,2000,0,0,0,2000,0,2000,2000
057337,聯發科國票99購02,0,0,0,0,0,0,0,0,0,2000,0,0,0,2000,0,2000,2000
055008,隆達元富97購01  ,0,0,0,0,0,0,0,0,0,2000,0,0,0,2000,0,2000,2000
054653,聯發科麥證97購02,0,0,0,12000,60000,-48000,0,0,0,2000,0,0,0,62000,60000,2000,2000
054572,國巨元大98購03  ,0,0,0,0,0,0,0,0,0,2000,0,0,0,2000,0,2000,2000
054776,矽創國票98購01  ,0,0,0,0,0,0,0,0,0,2000,0,0,0,2000,0,2000,2000
054317,昇陽半凱基98購01,0,0,0,0,0,0,0,0,0,2000,0,0,0,2000,0,2000,2000
055537,康友群益97購03  ,0,0,0,0,0,0,0,0,0,2000,0,0,0,2000,0,2000,2000
056984,嘉晶群益98購01  ,0,0,0,0,0,0,0,0,0,2000,0,0,0,2000,0,2000,2000
056665,上証2X國票99購02,0,0,0,0,0,0,0,0,0,2000,0,0,0,2000,0,2000,2000
056642,旺宏凱基98購07  ,0,0,0,0,0,0,0,0,0,2000,0,0,0,46000,44000,2000,2000
056225,聯發科凱基97購09,0,0,0,0,0,0,0,0,0,2000,0,0,0,2000,0,2000,2000
056214,義隆國票99購01  ,0,0,0,0,0,0,0,0,0,2000,0,0,0,3000,1000,2000,2000
05625P,國巨國票97售01  ,0,0,0,0,0,0,0,0,0,2000,0,0,0,3000,1000,2000,2000
056255,華新科元富97購05,0,0,0,0,0,0,0,0,0,2000,0,0,0,2000,0,2000,2000
056240,嘉晶群益97購02  ,0,0,0,0,0,0,0,0,0,2000,0,0,0,2000,0,2000,2000
056338,聯發科凱基99購01,0,0,0,0,0,0,0,0,0,2000,0,0,0,2000,0,2000,2000
056409,麗豐國票99購01  ,0,0,0,0,0,0,0,0,0,2000,0,0,0,72000,70000,2000,2000
056384,玉晶光國泰9A購02,0,0,0,0,0,0,0,0,0,2000,0,0,0,2000,0,2000,2000
057450,國泰金元富98購01,0,0,0,0,0,0,0,0,0,2000,0,0,0,2000,0,2000,2000
057425,臺股指凱基9C購02,0,0,0,0,0,0,0,0,0,2000,0,0,0,2000,0,2000,2000
057436,義隆國票99購02  ,0,0,0,0,0,0,0,0,0,2000,0,0,0,2000,0,2000,2000
057497,祥碩元大98購06  ,0,0,0,0,0,0,0,0,0,2000,0,0,0,2000,0,2000,2000
057490,可成元大98購10  ,0,0,0,0,0,0,0,0,0,2000,0,0,0,45000,43000,2000,2000
055806,致新永豐97購02  ,0,0,0,0,0,0,0,0,0,2000,0,0,0,2000,0,2000,2000
057825,和碩元大98購02  ,0,0,0,0,0,0,0,0,0,2000,0,0,0,12000,10000,2000,2000
057222,鴻海國票99購04  ,0,0,0,0,0,0,0,0,0,2000,0,0,0,2000,0,2000,2000
057318,台光電凱基9A購01,0,0,0,0,0,0,0,0,0,2000,0,0,0,22000,20000,2000,2000
056916,台達電兆豐98購02,0,0,0,0,0,0,0,0,0,2000,0,0,0,2000,0,2000,2000
056795,鴻海麥證98購01  ,0,0,0,2000,0,2000,0,0,0,2000,0,0,0,2000,0,2000,2000
056820,欣興永豐98購02  ,0,0,0,0,0,0,0,0,0,2000,0,0,0,12000,10000,2000,2000
061516,力成永豐9A購02  ,0,0,0,0,0,0,0,0,0,2000,0,0,0,180000,178000,2000,2000
061273,臺股指凱基9A購23,0,0,0,0,0,0,0,0,0,2000,0,0,0,2000,0,2000,2000
061431,鈺齊元大9A購01  ,0,0,0,0,0,0,0,0,0,2000,0,0,0,3000,1000,2000,2000
062108,晶豪科國票9B購01,0,0,0,0,0,0,0,0,0,2000,0,0,0,99000,97000,2000,2000
061683,台灣50群益9B購09,0,0,0,0,0,0,0,0,0,2000,0,0,0,2000,0,2000,2000
062066,元黃金元大9B購01,0,0,0,0,0,0,0,0,0,2000,0,0,0,2000,0,2000,2000
062081,華新科元大9B購06,0,0,0,0,0,0,0,0,0,2000,0,0,0,71000,69000,2000,2000
061814,聯發科群益9B購04,0,0,0,0,0,0,0,0,0,2000,0,0,0,2000,0,2000,2000
057977,台光電永豐98購02,0,0,0,0,0,0,0,0,0,2000,0,0,0,2000,0,2000,2000
057949,南電國票99購01  ,0,0,0,0,0,0,0,0,0,2000,0,0,0,4000,2000,2000,2000
060733,和大統一9C購01  ,0,0,0,0,0,0,0,0,0,2000,0,0,0,2000,0,2000,2000
060765,世芯元大9A購01  ,0,0,0,0,0,0,0,0,0,2000,0,0,0,2000,0,2000,2000
060797,世芯永豐9A購04  ,0,0,0,0,0,0,0,0,0,2000,0,0,0,2000,0,2000,2000
060633,玉晶光富邦02購01,0,0,0,0,0,0,0,0,0,2000,0,0,0,24000,22000,2000,2000
059321,欣興元大99購07  ,0,0,0,0,0,0,0,0,0,2000,0,0,0,2000,0,2000,2000
058482,祥碩凱基99購02  ,0,0,0,0,0,0,0,0,0,2000,0,0,0,2000,0,2000,2000
060480,億豐元大9A購02  ,0,0,0,0,0,0,0,0,0,2000,0,0,0,2000,0,2000,2000
058375,群創凱基9B購04  ,0,0,0,0,0,0,0,0,0,2000,0,0,0,4000,2000,2000,2000
060512,祥碩元大9A購02  ,0,0,0,0,0,0,0,0,0,2000,0,0,0,2000,0,2000,2000
060514,南電元大9A購02  ,0,0,0,0,0,0,0,0,0,2000,0,0,0,8000,6000,2000,2000
060135,台灣50國票9C購02,0,0,0,0,0,0,0,0,0,2000,0,0,0,2000,0,2000,2000
060939,鴻海國票9A購06  ,0,0,0,0,0,0,0,0,0,2000,0,0,0,2000,0,2000,2000
061015,旺宏麥證9A購03  ,0,0,0,2000,0,2000,0,0,0,2000,0,0,0,2000,0,2000,2000
060961,台光電凱基9A購03,0,0,0,0,0,0,0,0,0,2000,0,0,0,2000,0,2000,2000
058711,鴻海統一9A購02  ,0,0,0,0,0,0,0,0,0,2000,0,0,0,2000,0,2000,2000
058241,景碩元大99購05  ,0,0,0,0,0,0,0,0,0,2000,0,0,0,2000,0,2000,2000
058172,國巨凱基9B購02  ,0,0,0,0,0,0,0,0,0,2000,0,0,0,2000,0,2000,2000
061468,神達群益9A購01  ,0,0,0,0,0,0,0,0,0,2000,0,0,0,2000,0,2000,2000
061454,國巨凱基9A購16  ,0,0,0,0,0,0,0,0,0,2000,0,0,0,12000,10000,2000,2000
05894P,友達群益98售02  ,0,0,0,0,0,0,0,0,0,2000,0,0,0,50000,48000,2000,2000
058551,義隆永豐99購03  ,0,0,0,0,0,0,0,0,0,2000,0,0,0,2000,0,2000,2000
059230,滬深2X國票9B購02,0,0,0,0,0,0,0,0,0,2000,0,0,0,2000,0,2000,2000
059256,臺股指凱基99購34,0,0,0,0,0,0,0,0,0,2000,0,0,0,2000,0,2000,2000
059248,華新科凱基99購04,0,0,0,0,0,0,0,0,0,2000,0,0,0,2000,0,2000,2000
059151,臺股指國票99購14,0,0,0,0,0,0,0,0,0,2000,0,0,0,12000,10000,2000,2000
059587,華通元大9A購01  ,0,0,0,0,0,0,0,0,0,2000,0,0,0,2000,0,2000,2000
059474,元石油群益99購01,0,0,0,0,0,0,0,0,0,2000,0,0,0,2000,0,2000,2000
059475,元石油群益99購02,0,0,0,0,0,0,0,0,0,2000,0,0,0,2000,0,2000,2000
059389,國巨凱基99購14  ,0,0,0,0,0,0,0,0,0,2000,0,0,0,2000,0,2000,2000
059426,鴻海元大99購31  ,0,0,0,0,0,0,0,0,0,2000,0,0,0,2000,0,2000,2000
059937,旺宏永豐99購03  ,0,0,0,0,0,0,0,0,0,2000,0,0,0,2000,0,2000,2000
059795,鴻海國票99購07  ,0,0,0,0,0,0,0,0,0,2000,0,0,0,2000,0,2000,2000
059706,嘉晶凱基99購01  ,0,0,0,0,0,0,0,0,0,2000,0,0,0,4000,2000,2000,2000
059693,智原永豐99購01  ,0,0,0,0,0,0,0,0,0,2000,0,0,0,27000,25000,2000,2000
058277,FBVIX中信03購01 ,0,0,0,0,0,0,0,0,0,2000,0,0,0,2000,0,2000,2000
06441P,台積電凱基98售08,0,0,0,0,0,0,0,0,0,2000,0,0,0,2000,0,2000,2000
064440,大立光凱基03購03,0,0,0,0,0,0,0,0,0,2000,0,0,0,10000,8000,2000,2000
064541,元黃金凱基01購02,0,0,0,0,0,0,0,0,0,2000,0,0,0,2000,0,2000,2000
063922,大立光元富9C購04,0,0,0,0,0,0,0,0,0,2000,0,0,0,22000,20000,2000,2000
063907,華通凱基9C購03  ,0,0,0,0,0,0,0,0,0,2000,0,0,0,2000,0,2000,2000
064043,台積電統一9C購10,0,0,0,0,0,0,0,0,0,2000,0,0,0,2000,0,2000,2000
064044,台光電統一01購03,0,0,0,0,0,0,0,0,0,2000,0,0,0,2000,0,2000,2000
064085,儒鴻凱基9C購02  ,0,0,0,0,0,0,0,0,0,2000,0,0,0,5000,3000,2000,2000
063711,高鐵凱基9B購01  ,0,0,0,0,0,0,0,0,0,2000,0,0,0,4000,2000,2000,2000
063714,超眾凱基9B購03  ,0,0,0,0,0,0,0,0,0,2000,0,0,0,118000,116000,2000,2000
062846,國泰金富邦9C購01,0,0,0,0,0,0,0,0,0,2000,0,0,0,210000,208000,2000,2000
063464,廣達元大9B購02  ,0,0,0,0,0,0,0,0,0,2000,0,0,0,37000,35000,2000,2000
063367,GIS富邦9B購01   ,0,0,0,0,0,0,0,0,0,2000,0,0,0,2000,0,2000,2000
063384,巨大永豐9B購04  ,0,0,0,0,0,0,0,0,0,2000,0,0,0,3000,1000,2000,2000
063276,和大元大9B購01  ,0,0,0,0,0,0,0,0,0,2000,0,0,0,4000,2000,2000,2000
062672,兆豐金中信03購01,0,0,0,0,0,0,0,0,0,2000,0,0,0,3000,1000,2000,2000
062529,可成統一9C購03  ,0,0,0,0,0,0,0,0,0,2000,0,0,0,2000,0,2000,2000
062500,國巨群益01購01  ,0,0,0,0,0,0,0,0,0,2000,0,0,0,17000,15000,2000,2000
062176,元金2X元大9B購01,0,0,0,0,0,0,0,0,0,2000,0,0,0,2000,0,2000,2000
062208,旭富國票9C購01  ,0,0,0,0,0,0,0,0,0,2000,0,0,0,2000,0,2000,2000
061866,力山元大9C購01  ,0,0,0,0,0,0,0,0,0,2000,0,0,0,3000,1000,2000,2000
062458,全新群益9B購03  ,0,0,0,0,0,0,0,0,0,2000,0,0,0,100000,98000,2000,2000
9929,秋雨            ,2000,0,2000,0,0,0,0,0,0,0,0,0,0,0,0,0,2000
9926,新海            ,2000,0,2000,0,0,0,0,0,0,0,0,0,0,0,0,0,2000
6674,鋐寶科技        ,2000,0,2000,0,0,0,0,0,0,0,0,0,0,0,0,0,2000
06625P,華新科統一98售03,0,0,0,0,0,0,0,0,0,1000,0,0,0,1000,0,1000,1000
06698P,玉晶光國票99售05,0,0,0,0,0,0,0,0,0,1000,0,0,0,15000,14000,1000,1000
065213,南六國票01購03  ,0,0,0,0,0,0,0,0,0,1000,0,0,0,1000,0,1000,1000
064966,FBVIX元大9C購03 ,0,0,0,0,0,0,0,0,0,1000,0,0,0,1000,0,1000,1000
06977P,臺股指元大9A售15,0,0,0,0,0,0,0,0,0,1000,0,0,0,1000,0,1000,1000
07005P,台積電統一9B售05,0,0,0,0,0,0,0,0,0,1000,0,0,0,1000,0,1000,1000
07245P,台積電凱基99售16,0,0,0,0,0,0,0,0,0,1000,0,0,0,4000,3000,1000,1000
07094P,華通國票9A售03  ,0,0,0,0,0,0,0,0,0,1000,0,0,0,1000,0,1000,1000
07033P,大立光統一9B售03,0,0,0,0,0,0,0,0,0,1000,0,0,0,1000,0,1000,1000
07149P,健鼎元大99售03  ,0,0,0,0,0,0,0,0,0,1000,0,0,0,25000,24000,1000,1000
07134P,臺股指元大9A售28,0,0,0,0,0,0,0,0,0,1000,0,0,0,55000,54000,1000,1000
07634P,金像電元大9A售01,0,0,0,0,0,0,0,0,0,1000,0,0,0,204000,203000,1000,1000
1438,裕豐            ,1000,0,1000,0,0,0,0,0,0,0,0,0,0,0,0,0,1000
1235,興泰            ,1000,0,1000,0,0,0,0,0,0,0,0,0,0,0,0,0,1000
1583,程泰            ,1000,0,1000,0,0,0,0,0,0,0,0,0,0,0,0,0,1000
08454P,台灣50凱基9C售12,0,0,0,0,0,0,0,0,0,1000,0,0,0,20000,19000,1000,1000
08174P,國巨統一9B售17  ,0,0,0,0,0,0,0,0,0,1000,0,0,0,1000,0,1000,1000
08115P,聯發科凱基9B售13,0,0,0,0,0,0,0,0,0,1000,0,0,0,61000,60000,1000,1000
08330P,聯發科統一9C售13,0,0,0,0,0,0,0,0,0,1000,0,0,0,1000,0,1000,1000
1724,台硝            ,2000,1000,1000,0,0,0,0,0,0,0,0,0,0,0,0,0,1000
2033,佳大            ,2000,1000,1000,0,0,0,0,0,0,0,0,0,0,0,0,0,1000
2462,良得電          ,2000,1000,1000,0,0,0,0,0,0,0,0,0,0,0,0,0,1000
2901,欣欣            ,1000,0,1000,0,0,0,0,0,0,0,0,0,0,0,0,0,1000
2910,統領            ,1000,0,1000,0,0,0,0,0,0,0,0,0,0,0,0,0,1000
3308,聯德            ,1000,0,1000,0,0,0,0,0,0,0,0,0,0,0,0,0,1000
3701,大眾控          ,1000,0,1000,0,0,0,0,0,0,0,0,0,0,0,0,0,1000
4764,雙鍵            ,1000,0,1000,0,0,0,0,0,0,0,0,0,0,0,0,0,1000
061374,力山永豐9A購04  ,0,0,0,0,0,0,0,0,0,1000,0,0,0,13000,12000,1000,1000
061267,玉山金凱基9B購01,0,0,0,0,0,0,0,0,0,1000,0,0,0,1000,0,1000,1000
061252,臺股指群益9A購03,0,0,0,0,0,0,0,0,0,1000,0,0,0,1000,0,1000,1000
061255,道瓊反凱基9C購01,0,0,0,0,0,0,0,0,0,1000,0,0,0,2000,1000,1000,1000
056782,鴻海群益98購04  ,0,0,0,0,0,0,0,0,0,1000,0,0,0,1000,0,1000,1000
061539,國巨群益9B購03  ,0,0,0,0,0,0,0,0,0,1000,0,0,0,1000,0,1000,1000
061566,華通元大9A購10  ,0,0,0,0,0,0,0,0,0,1000,0,0,0,1000,0,1000,1000
061609,華新科統一9C購01,0,0,0,0,0,0,0,0,0,1000,0,0,0,1000,0,1000,1000
056890,國巨元大98購11  ,0,0,0,0,0,0,0,0,0,1000,0,0,0,7000,6000,1000,1000
057658,玉晶光兆豐99購02,0,0,0,0,0,0,0,0,0,1000,0,0,0,13000,12000,1000,1000
057699,可成群益9A購02  ,0,0,0,0,0,0,0,0,0,1000,0,0,0,2000,1000,1000,1000
055690,矽力凱基97購02  ,0,0,0,0,0,0,0,0,0,1000,0,0,0,1000,0,1000,1000
055716,致茂元大97購01  ,0,0,0,0,0,0,0,0,0,1000,0,0,0,100000,99000,1000,1000
057483,微星元大98購04  ,0,0,0,0,0,0,0,0,0,1000,0,0,0,70000,69000,1000,1000
056119,欣興群益97購02  ,0,0,0,0,0,0,0,0,0,1000,0,0,0,432000,431000,1000,1000
056077,矽力元大97購07  ,0,0,0,0,0,0,0,0,0,1000,0,0,0,1000,0,1000,1000
056169,鴻海元富97購08  ,0,0,0,0,0,0,0,0,0,1000,0,0,0,1000,0,1000,1000
056286,奇鋐永豐97購01  ,0,0,0,0,0,0,0,0,0,1000,0,0,0,11000,10000,1000,1000
055947,元油反元大98購03,0,0,0,0,0,0,0,0,0,1000,0,0,0,1000,0,1000,1000
055884,臺股指元富97購01,0,0,0,0,0,0,0,0,0,1000,0,0,0,1000,0,1000,1000
056701,國產國泰9A購01  ,0,0,0,0,0,0,0,0,0,1000,0,0,0,1000,0,1000,1000
056944,鴻海統一98購11  ,0,0,0,0,0,0,0,0,0,1000,0,0,0,1000,0,1000,1000
057027,祥碩凱基98購01  ,0,0,0,0,0,0,0,0,0,1000,0,0,0,1000,0,1000,1000
056988,聚陽兆豐98購01  ,0,0,0,0,0,0,0,0,0,1000,0,0,0,1000,0,1000,1000
057150,貿聯國票99購02  ,0,0,0,0,0,0,0,0,0,1000,0,0,0,39000,38000,1000,1000
055590,聯發科元大98購02,0,0,0,0,0,0,0,0,0,1000,0,0,0,1000,0,1000,1000
054138,晶技元大98購02  ,0,0,0,0,0,0,0,0,0,1000,0,0,0,1000,0,1000,1000
054577,世芯元大98購01  ,0,0,0,0,0,0,0,0,0,1000,0,0,0,1000,0,1000,1000
054569,GIS群益98購01   ,0,0,0,0,0,0,0,0,0,1000,0,0,0,11000,10000,1000,1000
054817,聯發科元大97購13,0,0,0,0,0,0,0,0,0,1000,0,0,0,1000,0,1000,1000
057748,華通國票98購04  ,0,0,0,0,0,0,0,0,0,1000,0,0,0,1000,0,1000,1000
056541,智原凱基98購03  ,0,0,0,0,0,0,0,0,0,1000,0,0,0,1000,0,1000,1000
056569,T50正2元大9B購02,0,0,0,0,0,0,0,0,0,1000,0,0,0,1000,0,1000,1000
056507,創意永豐98購02  ,0,0,0,0,0,0,0,0,0,1000,0,0,0,11000,10000,1000,1000
055645,技嘉元富97購01  ,0,0,0,0,0,0,0,0,0,1000,0,0,0,1000,0,1000,1000
054363,世芯凱基97購01  ,0,0,0,0,0,0,0,0,0,1000,0,0,0,1000,0,1000,1000
054421,臺股指元大99購03,0,0,0,0,0,0,0,0,0,1000,0,0,0,1000,0,1000,1000
050786,健策國泰96購01  ,0,0,0,0,0,0,0,0,0,1000,0,0,0,1000,0,1000,1000
055133,致新康和97購01  ,0,0,0,0,0,0,0,0,0,1000,0,0,0,101000,100000,1000,1000
03027X,元展24          ,0,0,0,0,0,0,0,0,0,1000,0,0,0,1000,0,1000,1000
052791,友達兆豐97購01  ,0,0,0,0,0,0,0,0,0,1000,0,0,0,11000,10000,1000,1000
052491,泰碩國票99購01  ,0,0,0,0,0,0,0,0,0,1000,0,0,0,1000,0,1000,1000
052551,台積電國票97購03,0,0,0,0,0,0,0,0,0,1000,0,0,0,1000,0,1000,1000
03674C,臺股指元富9C牛02,0,0,0,0,0,0,0,0,0,1000,0,0,0,1000,0,1000,1000
04514P,元石油中信97售01,0,0,0,0,0,0,0,0,0,1000,0,0,0,1000,0,1000,1000
042793,台積電台新9C購01,0,0,0,0,0,0,0,0,0,1000,0,0,0,1000,0,1000,1000
006203,元大MSCI台灣    ,0,0,0,0,0,0,0,0,0,1000,0,0,0,2000,1000,1000,1000
00706L,元大S&P日圓正2  ,0,0,0,0,0,0,0,0,0,1000,0,0,0,3000,2000,1000,1000
00709,富邦歐洲        ,0,0,0,0,0,0,0,0,0,1000,0,0,0,104000,103000,1000,1000
058296,明泰凱基99購01  ,0,0,0,0,0,0,0,0,0,1000,0,0,0,1000,0,1000,1000
058269,世芯永豐9A購01  ,0,0,0,0,0,0,0,0,0,1000,0,0,0,1000,0,1000,1000
059608,聯發科富邦9B購04,0,0,0,0,0,0,0,0,0,1000,0,0,0,1000,0,1000,1000
059704,聯發科凱基9A購08,0,0,0,0,0,0,0,0,0,1000,0,0,0,1000,0,1000,1000
059681,華新科國泰9B購02,0,0,0,0,0,0,0,0,0,1000,0,0,0,1000,0,1000,1000
059766,同欣電永豐99購03,0,0,0,0,0,0,0,0,0,1000,0,0,0,1000,0,1000,1000
059767,矽力永豐99購01  ,0,0,0,0,0,0,0,0,0,1000,0,0,0,1000,0,1000,1000
059427,國巨元大99購24  ,0,0,0,0,0,0,0,0,0,1000,0,0,0,3000,2000,1000,1000
059532,華新科凱基9B購03,0,0,0,0,0,0,0,0,0,1000,0,0,0,2000,1000,1000,1000
059153,臺股指國票99購16,0,0,0,0,0,0,0,0,0,1000,0,0,0,1000,0,1000,1000
059160,華通凱基99購03  ,0,0,0,0,0,0,0,0,0,1000,0,0,0,1000,0,1000,1000
058590,南電中信9A購02  ,0,0,0,0,0,0,0,0,0,1000,0,0,0,99000,98000,1000,1000
058593,大立光統一9B購02,0,0,0,0,0,0,0,0,0,1000,0,0,0,1000,0,1000,1000
058955,台積電國票9A購04,0,0,0,0,0,0,0,0,0,1000,0,0,0,7000,6000,1000,1000
058829,華新科永豐99購04,0,0,0,0,0,0,0,0,0,1000,0,0,0,1000,0,1000,1000
058892,元油2X元大9C購08,0,0,0,0,0,0,0,0,0,1000,0,0,0,1000,0,1000,1000
058971,台積電永豐99購03,0,0,0,0,0,0,0,0,0,1000,0,0,0,1000,0,1000,1000
061118,GIS富邦9A購01   ,0,0,0,0,0,0,0,0,0,1000,0,0,0,1000,0,1000,1000
060031,旭富永豐99購02  ,0,0,0,0,0,0,0,0,0,1000,0,0,0,1000,0,1000,1000
060088,國巨元大99購30  ,0,0,0,0,0,0,0,0,0,1000,0,0,0,2000,1000,1000,1000
060487,盛群富邦9B購01  ,0,0,0,0,0,0,0,0,0,1000,0,0,0,17000,16000,1000,1000
059286,S&P正2元富01購03,0,0,0,0,0,0,0,0,0,1000,0,0,0,1000,0,1000,1000
059260,國巨中信99購05  ,0,0,0,0,0,0,0,0,0,1000,0,0,0,1000,0,1000,1000
059373,滬深2X群益01購03,0,0,0,0,0,0,0,0,0,1000,0,0,0,1000,0,1000,1000
060798,旭富永豐9A購01  ,0,0,0,0,0,0,0,0,0,1000,0,0,0,1000,0,1000,1000
061082,台光電兆豐9A購01,0,0,0,0,0,0,0,0,0,1000,0,0,0,1000,0,1000,1000
061063,國巨凱基9A購14  ,0,0,0,0,0,0,0,0,0,1000,0,0,0,7000,6000,1000,1000
057944,新日興國票99購02,0,0,0,0,0,0,0,0,0,1000,0,0,0,10000,9000,1000,1000
057909,台光電兆豐98購01,0,0,0,0,0,0,0,0,0,1000,0,0,0,1000,0,1000,1000
057882,華通群益9A購03  ,0,0,0,0,0,0,0,0,0,1000,0,0,0,1000,0,1000,1000
057843,晶技永豐98購02  ,0,0,0,0,0,0,0,0,0,1000,0,0,0,14000,13000,1000,1000
057985,華通元富02購03  ,0,0,0,0,0,0,0,0,0,1000,0,0,0,1000,0,1000,1000
057958,禾伸堂元大99購05,0,0,0,0,0,0,0,0,0,1000,0,0,0,55000,54000,1000,1000
062294,盛群永豐9B購01  ,0,0,0,0,0,0,0,0,0,1000,0,0,0,42000,41000,1000,1000
061892,亞德客永豐9B購01,0,0,0,0,0,0,0,0,0,1000,0,0,0,30000,29000,1000,1000
062297,億豐永豐9B購01  ,0,0,0,0,0,0,0,0,0,1000,0,0,0,68000,67000,1000,1000
061820,康控群益9B購02  ,0,0,0,0,0,0,0,0,0,1000,0,0,0,3000,2000,1000,1000
061832,聯發科凱基9B購06,0,0,0,0,0,0,0,0,0,1000,0,0,0,1000,0,1000,1000
061721,道瓊反富邦9B購01,0,0,0,0,0,0,0,0,0,1000,0,0,0,1000,0,1000,1000
062170,健策永豐9B購04  ,0,0,0,0,0,0,0,0,0,1000,0,0,0,1000,0,1000,1000
062093,台積電富邦9C購11,0,0,0,0,0,0,0,0,0,1000,0,0,0,21000,20000,1000,1000
062347,台光電群益9B購02,0,0,0,0,0,0,0,0,0,1000,0,0,0,1000,0,1000,1000
06232P,智易永豐97售01  ,0,0,0,0,0,0,0,0,0,1000,0,0,0,1000,0,1000,1000
061971,力山元大9C購02  ,0,0,0,0,0,0,0,0,0,1000,0,0,0,1000,0,1000,1000
062507,臺股指群益9B購02,0,0,0,0,0,0,0,0,0,1000,0,0,0,1000,0,1000,1000
062588,國巨統一9B購14  ,0,0,0,0,0,0,0,0,0,1000,0,0,0,1000,0,1000,1000
06257P,臺股指群益97售10,0,0,0,0,0,0,0,0,0,1000,0,0,0,1000,0,1000,1000
062601,富邦金台新9B購01,0,0,0,0,0,0,0,0,0,1000,0,0,0,31000,30000,1000,1000
062703,可成元大9C購02  ,0,0,0,0,0,0,0,0,0,1000,0,0,0,68000,67000,1000,1000
062815,聯發科兆豐9B購03,0,0,0,0,0,0,0,0,0,1000,0,0,0,10000,9000,1000,1000
063284,大立光元大9B購07,0,0,0,0,0,0,0,0,0,1000,0,0,0,1000,0,1000,1000
06331P,南亞科群益97售04,0,0,0,0,0,0,0,0,0,1000,0,0,0,1000,0,1000,1000
063322,台郡群益9B購02  ,0,0,0,0,0,0,0,0,0,1000,0,0,0,60000,59000,1000,1000
063200,瑞昱統一9C購01  ,0,0,0,0,0,0,0,0,0,1000,0,0,0,69000,68000,1000,1000
063386,國巨兆豐9B購04  ,0,0,0,0,0,0,0,0,0,1000,0,0,0,1000,0,1000,1000
063398,信邦群益9B購02  ,0,0,0,0,0,0,0,0,0,1000,0,0,0,91000,90000,1000,1000
063399,智原群益9B購01  ,0,0,0,0,0,0,0,0,0,1000,0,0,0,186000,185000,1000,1000
062977,健策元富9B購01  ,0,0,0,0,0,0,0,0,0,1000,0,0,0,1000,0,1000,1000
063707,儒鴻凱基9C購01  ,0,0,0,0,0,0,0,0,0,1000,0,0,0,51000,50000,1000,1000
063669,宏達電統一9C購01,0,0,0,0,0,0,0,0,0,1000,0,0,0,18000,17000,1000,1000
06382P,大毅元富97售02  ,0,0,0,0,0,0,0,0,0,1000,0,0,0,1000,0,1000,1000
063780,高鐵永豐9B購02  ,0,0,0,0,0,0,0,0,0,1000,0,0,0,1000,0,1000,1000
063620,奇力新兆豐9B購01,0,0,0,0,0,0,0,0,0,1000,0,0,0,1000,0,1000,1000
063870,健策永豐01購01  ,0,0,0,0,0,0,0,0,0,1000,0,0,0,2000,1000,1000,1000
063928,可成統一01購02  ,0,0,0,0,0,0,0,0,0,1000,0,0,0,1000,0,1000,1000
064599,台積電元富9C購03,0,0,0,0,0,0,0,0,0,1000,0,0,0,1000,0,1000,1000
064488,台達電元大9C購01,0,0,0,0,0,0,0,0,0,1000,0,0,0,17000,16000,1000,1000
064619,南亞科元大9C購05,0,0,0,0,0,0,0,0,0,1000,0,0,0,27000,26000,1000,1000
064687,國巨群益9C購10  ,0,0,0,0,0,0,0,0,0,1000,0,0,0,1000,0,1000,1000
064688,國巨群益9C購11  ,0,0,0,0,0,0,0,0,0,1000,0,0,0,6000,5000,1000,1000
064419,鴻海兆豐9C購01  ,0,0,0,0,0,0,0,0,0,1000,0,0,0,1000,0,1000,1000
064245,GIS統一02購02   ,0,0,0,0,0,0,0,0,0,1000,0,0,0,1000,0,1000,1000
064255,泰碩國泰02購01  ,0,0,0,0,0,0,0,0,0,1000,0,0,0,184000,183000,1000,1000
6235,華孚            ,80000,80000,0,0,0,0,0,0,0,1000,1000,0,1000,0,0,0,1000
6201,亞弘電          ,1000,0,1000,0,0,0,0,0,0,0,0,0,0,0,0,0,1000
5484,慧友            ,1000,0,1000,0,0,0,0,0,0,0,0,0,0,0,0,0,1000
9912,偉聯            ,1000,0,1000,0,0,0,0,0,0,0,0,0,0,0,0,0,1000
8480,泰昇-KY         ,3000,2000,1000,0,0,0,0,0,0,0,0,0,0,0,0,0,1000
8481,政伸            ,1000,0,1000,0,0,0,0,0,0,0,0,0,0,0,0,0,1000
8462,柏文            ,46000,10000,36000,0,0,0,0,34000,-34000,-1000,0,0,0,0,1000,-1000,1000
9941A,裕融甲特        ,0,0,0,0,0,0,0,0,0,1000,1000,0,1000,0,0,0,1000
4426,利勤            ,153000,158000,-5000,0,0,0,0,0,0,5000,61000,56000,5000,0,0,0,0
1726,永記            ,2000,2000,0,0,0,0,0,0,0,0,0,0,0,0,0,0,0
2114,鑫永銓          ,14000,14000,0,0,0,0,0,0,0,0,0,0,0,0,0,0,0
08247P,台積電群益9C售06,0,0,0,0,0,0,0,0,0,0,0,0,0,110000,110000,0,0
08292P,華新科台新9C售01,0,0,0,0,0,0,0,0,0,0,0,0,0,20000,20000,0,0
08205P,智邦凱基9B售03  ,0,0,0,0,0,0,0,0,0,0,0,0,0,3000,3000,0,0
08184P,可成永豐9B售03  ,0,0,0,0,0,0,0,0,0,0,0,0,0,37000,37000,0,0
08185P,華新科永豐9B售01,0,0,0,0,0,0,0,0,0,0,0,0,0,40000,40000,0,0
08045P,健策國票9B售01  ,0,0,0,0,0,0,0,0,0,0,0,0,0,20000,20000,0,0
08031P,臺股指元大9B售38,0,0,0,0,0,0,0,0,0,0,0,0,0,50000,50000,0,0
08445P,臺股指麥證9C售03,0,0,0,10000,10000,0,0,0,0,0,0,0,0,10000,10000,0,0
08418P,大立光元大01售04,0,0,0,0,0,0,0,0,0,0,0,0,0,25000,25000,0,0
07583P,台積電富邦9B售05,0,0,0,0,0,0,0,0,0,0,0,0,0,50000,50000,0,0
07657P,技嘉凱基9A售03  ,0,0,0,0,0,0,0,0,0,0,0,0,0,70000,70000,0,0
07669P,華新科元大9A售14,0,0,0,0,0,0,0,0,0,0,0,0,0,40000,40000,0,0
07676P,華新科永豐9A售02,0,0,0,0,0,0,0,0,0,0,0,0,0,40000,40000,0,0
07729P,臺股指凱基9A售21,0,0,0,0,0,0,0,0,0,0,0,0,0,100000,100000,0,0
07715P,台灣50群益9A售14,0,0,0,0,0,0,0,0,0,0,0,0,0,20000,20000,0,0
07390P,華新科康和99售02,0,0,0,0,0,0,0,0,0,0,0,0,0,40000,40000,0,0
07456P,華新科元大9A售06,0,0,0,0,0,0,0,0,0,0,0,0,0,40000,40000,0,0
07517P,台積電元大9A售17,0,0,0,0,0,0,0,0,0,0,0,0,0,5000,5000,0,0
07533P,臺股指中信9C售04,0,0,0,0,0,0,0,0,0,0,0,0,0,300000,300000,0,0
07551P,國巨元大9A售10  ,0,0,0,0,0,0,0,0,0,0,0,0,0,10000,10000,0,0
07501P,華新科元大9A售07,0,0,0,0,0,0,0,0,0,0,0,0,0,40000,40000,0,0
07489P,國巨國票9A售07  ,0,0,0,0,0,0,0,0,0,0,0,0,0,20000,20000,0,0
07868P,健策元大9B售05  ,0,0,0,0,0,0,0,0,0,0,0,0,0,20000,20000,0,0
07972P,大立光統一9C售05,0,0,0,0,0,0,0,0,0,0,0,0,0,30000,30000,0,0
07956P,鴻海群益9B售06  ,0,0,0,0,0,0,0,0,0,0,0,0,0,5000,5000,0,0
07775P,國巨群益9A售10  ,0,0,0,0,0,0,0,0,0,0,0,0,0,1000,1000,0,0
07788P,華新科群益9A售08,0,0,0,0,0,0,0,0,0,0,0,0,0,40000,40000,0,0
07745P,華新科凱基9A售10,0,0,0,0,0,0,0,0,0,0,0,0,0,40000,40000,0,0
07128P,大毅元大99售04  ,0,0,0,0,0,0,0,0,0,0,0,0,0,20000,20000,0,0
07171P,臺股指國票99售08,0,0,0,0,0,0,0,0,0,0,0,0,0,30000,30000,0,0
07257P,臺股指凱基99售37,0,0,0,0,0,0,0,0,0,0,0,0,0,25000,25000,0,0
07265P,大立光元大99售16,0,0,0,0,0,0,0,0,0,0,0,0,0,1000,1000,0,0
07373P,A50正2元大99售01,0,0,0,0,0,0,0,0,0,0,0,0,0,10000,10000,0,0
07326P,大立光元大99售23,0,0,0,0,0,0,0,0,0,0,0,0,0,1000,1000,0,0
07002P,鴻海兆豐99售04  ,0,0,0,0,0,0,0,0,0,0,0,0,0,6000,6000,0,0
06985P,華新科富邦9C售02,0,0,0,0,0,0,0,0,0,0,0,0,0,10000,10000,0,0
06988P,鴻海元富99售09  ,0,0,0,0,0,0,0,0,0,0,0,0,0,4000,4000,0,0
06761P,台積電元大99售05,0,0,0,0,0,0,0,0,0,0,0,0,0,10000,10000,0,0
064970,東元元大9C購01  ,0,0,0,0,0,0,0,0,0,0,0,0,0,33000,33000,0,0
064989,鈺齊元大01購01  ,0,0,0,0,0,0,0,0,0,0,0,0,0,1000,1000,0,0
065089,大立光元大9C購23,0,0,0,0,0,0,0,0,0,0,0,0,0,16000,16000,0,0
065090,大立光元大9C購24,0,0,0,0,0,0,0,0,0,0,0,0,0,7000,7000,0,0
065095,玉晶光元大02購02,0,0,0,0,0,0,0,0,0,0,0,0,0,94000,94000,0,0
064920,景碩統一01購02  ,0,0,0,0,0,0,0,0,0,0,0,0,0,144000,144000,0,0
06486P,麗豐元大98售02  ,0,0,0,0,0,0,0,0,0,0,0,0,0,134000,134000,0,0
065212,瑞儀國票01購01  ,0,0,0,0,0,0,0,0,0,0,0,0,0,35000,35000,0,0
065216,群創國泰01購02  ,0,0,0,0,0,0,0,0,0,0,0,0,0,117000,117000,0,0
065253,和大元大01購02  ,0,0,0,0,0,0,0,0,0,0,0,0,0,60000,60000,0,0
065233,TPK凱基01購01   ,0,0,0,0,0,0,0,0,0,0,0,0,0,4000,4000,0,0
065235,旭富凱基02購01  ,0,0,0,0,0,0,0,0,0,0,0,0,0,33000,33000,0,0
065231,宏達電凱基01購01,0,0,0,0,0,0,0,0,0,0,0,0,0,2000,2000,0,0
065251,宏達電國泰02購01,0,0,0,0,0,0,0,0,0,0,0,0,0,8000,8000,0,0
065131,晶技兆豐01購01  ,0,0,0,0,0,0,0,0,0,0,0,0,0,29000,29000,0,0
065141,國巨凱基9C購10  ,0,0,0,0,0,0,0,0,0,0,0,0,0,21000,21000,0,0
065142,華邦電凱基01購01,0,0,0,0,0,0,0,0,0,0,0,0,0,9000,9000,0,0
065177,旭富元大9C購05  ,0,0,0,0,0,0,0,0,0,0,0,0,0,40000,40000,0,0
06688P,鴻海中信02售01  ,0,0,0,0,0,0,0,0,0,0,0,0,0,10000,10000,0,0
06643P,大立光兆豐98售01,0,0,0,0,0,0,0,0,0,0,0,0,0,120000,120000,0,0
06631P,玉晶光群益9A售03,0,0,0,0,0,0,0,0,0,0,0,0,0,50000,50000,0,0
06571P,欣興永豐98售03  ,0,0,0,0,0,0,0,0,0,0,0,0,0,10000,10000,0,0
065293,玉晶光群益01購07,0,0,0,0,0,0,0,0,0,0,0,0,0,14000,14000,0,0
065318,聯電凱基9C購03  ,0,0,0,0,0,0,0,0,0,0,0,0,0,33000,33000,0,0
06543P,鴻海元大98售08  ,0,0,0,0,0,0,0,0,0,0,0,0,0,5000,5000,0,0
065410,國巨永豐9C購01  ,0,0,0,0,0,0,0,0,0,0,0,0,0,1000,1000,0,0
065405,華新科富邦03購01,0,0,0,0,0,0,0,0,0,0,0,0,0,1000,1000,0,0
06534P,聯發科群益98售04,0,0,0,0,0,0,0,0,0,0,0,0,0,241000,241000,0,0
065378,嘉澤元大01購01  ,0,0,0,0,0,0,0,0,0,0,0,0,0,100000,100000,0,0
00707R,元大S&P日圓反1  ,0,0,0,0,0,0,0,0,0,0,0,0,0,1000,1000,0,0
00732,國泰RMB短期報酬 ,0,0,0,0,0,0,0,0,0,0,0,0,0,100000,100000,0,0
052329,台積電亞東96購01,0,0,0,0,0,0,0,0,0,0,0,0,0,100000,100000,0,0
020011,統一微波高息20N ,0,0,0,0,0,0,0,0,0,0,0,0,0,20000,20000,0,0
00774B,新光中國政金綠債,0,0,0,0,0,0,0,0,0,0,0,0,0,2000,2000,0,0
00775B,新光投等債15+   ,0,0,0,0,0,0,0,0,0,0,0,0,0,2000,2000,0,0
006204,永豐臺灣加權    ,0,0,0,0,0,0,0,0,0,0,0,0,0,2000,2000,0,0
0055,元大MSCI金融    ,0,0,0,0,0,0,0,0,0,0,0,0,0,2000,2000,0,0
00636K,國泰中國A50+U   ,0,0,0,0,0,0,0,0,0,0,0,0,0,100,100,0,0
00668K,國泰美國道瓊+U  ,0,0,0,0,0,0,0,0,0,0,0,0,0,100,100,0,0
00657K,國泰日經225+U   ,0,0,0,0,0,0,0,0,0,0,0,0,0,100,100,0,0
00661,元大日經225     ,0,0,0,0,0,0,0,0,0,0,0,0,0,75000,75000,0,0
00681R,元大美債20反1   ,0,0,0,0,0,0,0,0,0,0,0,0,0,1000,1000,0,0
046384,群創凱基98購02  ,0,0,0,0,0,0,0,0,0,0,0,0,0,2000,2000,0,0
046385,群創凱基98購03  ,0,0,0,0,0,0,0,0,0,0,0,0,0,12000,12000,0,0
047482,新光金凱基99購03,0,0,0,0,0,0,0,0,0,0,0,0,0,150000,150000,0,0
052434,茂林國泰97購01  ,0,0,0,0,0,0,0,0,0,0,0,0,0,15000,15000,0,0
052668,聯發科群益97購01,0,0,0,0,0,0,0,0,0,0,0,0,0,30000,30000,0,0
052927,友達元大98購02  ,0,0,0,0,0,0,0,0,0,0,0,0,0,10000,10000,0,0
03444B,臺股指元大9C熊02,0,0,0,0,0,0,0,0,0,0,0,0,0,50000,50000,0,0
052236,聯發科國票96購03,0,0,0,0,0,0,0,0,0,0,0,0,0,150000,150000,0,0
055173,瑞昱統一97購01  ,0,0,0,0,0,0,0,0,0,0,0,0,0,10000,10000,0,0
051688,大立光凱基97購02,0,0,0,0,0,0,0,0,0,0,0,0,0,15000,15000,0,0
050495,大立光永昌96購01,0,0,0,0,0,0,0,0,0,0,0,0,0,370000,370000,0,0
054451,上銀亞東98購01  ,0,0,0,0,0,0,0,0,0,0,0,0,0,330000,330000,0,0
054438,群創台新96購01  ,0,0,0,0,0,0,0,0,0,0,0,0,0,10000,10000,0,0
054444,緯穎台新97購01  ,0,0,0,0,0,0,0,0,0,0,0,0,0,10000,10000,0,0
054535,旺宏富邦97購02  ,0,0,0,0,0,0,0,0,0,0,0,0,0,726000,726000,0,0
054330,世芯永豐96購02  ,0,0,0,0,0,0,0,0,0,0,0,0,0,10000,10000,0,0
054335,緯穎永豐96購02  ,0,0,0,0,0,0,0,0,0,0,0,0,0,10000,10000,0,0
055448,健策統一97購02  ,0,0,0,0,0,0,0,0,0,0,0,0,0,10000,10000,0,0
055466,台達電凱基97購03,0,0,0,0,0,0,0,0,0,0,0,0,0,6000,6000,0,0
055482,聚陽元大97購02  ,0,0,0,0,0,0,0,0,0,0,0,0,0,2000,2000,0,0
055484,華通元大97購04  ,0,0,0,0,0,0,0,0,0,0,0,0,0,10000,10000,0,0
055489,瑞昱元大97購02  ,0,0,0,0,0,0,0,0,0,0,0,0,0,10000,10000,0,0
055420,欣興永豐98購01  ,0,0,0,0,0,0,0,0,0,0,0,0,0,50000,50000,0,0
055414,奇力新富邦9B購01,0,0,0,0,0,0,0,0,0,0,0,0,0,123000,123000,0,0
056445,聯發科凱基98購07,0,0,0,0,0,0,0,0,0,0,0,0,0,150000,150000,0,0
054098,嘉晶國票97購04  ,0,0,0,0,0,0,0,0,0,0,0,0,0,1000,1000,0,0
056478,晶技元大99購01  ,0,0,0,0,0,0,0,0,0,0,0,0,0,24000,24000,0,0
056471,台光電元大99購01,0,0,0,0,0,0,0,0,0,0,0,0,0,5000,5000,0,0
057327,玉晶光群益9A購04,0,0,0,0,0,0,0,0,0,0,0,0,0,12000,12000,0,0
055640,鴻海元富97購03  ,0,0,0,0,0,0,0,0,0,0,0,0,0,6000,6000,0,0
053457,旺宏國泰98購03  ,0,0,0,0,0,0,0,0,0,0,0,0,0,363000,363000,0,0
056542,緯創凱基98購01  ,0,0,0,0,0,0,0,0,0,0,0,0,0,10000,10000,0,0
057788,嘉聯益國票99購01,0,0,0,0,0,0,0,0,0,0,0,0,0,28000,28000,0,0
057772,台積電群益99購01,0,0,0,0,0,0,0,0,0,0,0,0,0,2000,2000,0,0
057365,智邦元大98購07  ,0,0,0,0,0,0,0,0,0,0,0,0,0,26000,26000,0,0
057342,玉晶光台新98購01,0,0,0,0,0,0,0,0,0,0,0,0,0,20000,20000,0,0
057378,康友元大98購02  ,0,0,0,0,0,0,0,0,0,0,0,0,0,22000,22000,0,0
057388,奇鋐永豐98購02  ,0,0,0,0,0,0,0,0,0,0,0,0,0,10000,10000,0,0
057715,聯發科統一99購03,0,0,0,0,0,0,0,0,0,0,0,0,0,73000,73000,0,0
057411,臺股指群益99購05,0,0,0,0,0,0,0,0,0,0,0,0,0,5000,5000,0,0
05479P,華新科台新96售01,0,0,0,0,0,0,0,0,0,0,0,0,0,499000,499000,0,0
054895,南電統一97購01  ,0,0,0,0,0,0,0,0,0,0,0,0,0,1000,1000,0,0
054896,聯茂日盛97購01  ,0,0,0,0,0,0,0,0,0,0,0,0,0,70000,70000,0,0
054851,樺漢兆豐97購01  ,589000,0,589000,0,0,0,0,0,0,-589000,0,0,0,94000,683000,-589000,0
055032,億光富邦99購01  ,0,0,0,0,0,0,0,0,0,0,0,0,0,5000,5000,0,0
055001,京鼎元富97購01  ,0,0,0,0,0,0,0,0,0,0,0,0,0,20000,20000,0,0
054756,世紀鋼凱基99購01,0,0,0,0,0,0,0,0,0,0,0,0,0,10000,10000,0,0
054749,聯茂凱基98購01  ,0,0,0,0,0,0,0,0,0,0,0,0,0,20000,20000,0,0
054707,聯茂亞東97購01  ,0,0,0,0,0,0,0,0,0,0,0,0,0,200000,200000,0,0
054703,聯發科第一97購01,0,0,0,0,0,0,0,0,0,0,0,0,0,10000,10000,0,0
054716,緯穎康和97購01  ,0,0,0,0,0,0,0,0,0,0,0,0,0,17000,17000,0,0
054152,漢唐國泰98購02  ,0,0,0,0,0,0,0,0,0,0,0,0,0,20000,20000,0,0
055079,台光電中信97購01,0,0,0,0,0,0,0,0,0,0,0,0,0,499000,499000,0,0
055087,瑞昱亞東97購01  ,0,0,0,0,0,0,0,0,0,0,0,0,0,700000,700000,0,0
054196,台光電國泰97購02,0,0,0,0,0,0,0,0,0,0,0,0,0,10000,10000,0,0
054276,國巨群益96購07  ,0,0,0,0,0,0,0,0,0,0,0,0,0,35000,35000,0,0
05420P,大立光國泰97售03,0,0,0,0,0,0,0,0,0,0,0,0,0,120000,120000,0,0
055596,新光金元大9B購02,0,0,0,0,0,0,0,0,0,0,0,0,0,10000,10000,0,0
053387,緯創元大97購01  ,0,0,0,0,0,0,0,0,0,0,0,0,0,10000,10000,0,0
053390,彩晶元大9A購01  ,0,0,0,0,0,0,0,0,0,0,0,0,0,50000,50000,0,0
053337,聯電國票97購01  ,0,0,0,0,0,0,0,0,0,0,0,0,0,499000,499000,0,0
053345,欣興國票97購02  ,0,0,0,0,0,0,0,0,0,0,0,0,0,20000,20000,0,0
057171,台光電元大9B購01,0,0,0,0,0,0,0,0,0,0,0,0,0,4000,4000,0,0
057194,南電元大98購01  ,0,0,0,0,0,0,0,0,0,0,0,0,0,3000,3000,0,0
057196,茂林台新98購01  ,0,0,0,0,0,0,0,0,0,0,0,0,0,10000,10000,0,0
057103,禾伸堂中信9A購01,0,0,0,0,0,0,0,0,0,0,0,0,0,20000,20000,0,0
057040,國巨元大98購12  ,0,0,0,0,0,0,0,0,0,0,0,0,0,6000,6000,0,0
057513,智邦台新98購01  ,0,0,0,0,0,0,0,0,0,0,0,0,0,38000,38000,0,0
057516,和鑫元富98購01  ,0,0,0,0,0,0,0,0,0,0,0,0,0,10000,10000,0,0
057534,旭富元大98購01  ,0,0,0,0,0,0,0,0,0,0,0,0,0,10000,10000,0,0
057557,聯茂凱基99購04  ,0,0,0,0,0,0,0,0,0,0,0,0,0,33000,33000,0,0
055933,欣興群益98購02  ,0,0,0,0,0,0,0,0,0,0,0,0,0,21000,21000,0,0
055926,國巨群益98購06  ,0,0,0,0,0,0,0,0,0,0,0,0,0,2000,2000,0,0
055915,大立光凱基98購07,0,0,0,0,0,0,0,0,0,0,0,0,0,36000,36000,0,0
056295,國巨元大97購16  ,0,0,0,0,0,0,0,0,0,0,0,0,0,3000,3000,0,0
056427,上銀凱基98購03  ,0,0,0,0,0,0,0,0,0,0,0,0,0,1000,1000,0,0
056433,鴻海凱基98購09  ,0,0,0,0,0,0,0,0,0,0,0,0,0,16000,16000,0,0
055839,瑞昱元大97購04  ,0,0,0,0,0,0,0,0,0,0,0,0,0,3000,3000,0,0
056185,全新統一98購01  ,0,0,0,0,0,0,0,0,0,0,0,0,0,5000,5000,0,0
056151,建準凱基97購01  ,0,0,0,0,0,0,0,0,0,0,0,0,0,15000,15000,0,0
056136,京鼎元大98購01  ,0,0,0,0,0,0,0,0,0,0,0,0,0,50000,50000,0,0
056121,勤誠群益97購01  ,0,0,0,0,0,0,0,0,0,0,0,0,0,200000,200000,0,0
056124,華通國票98購02  ,0,0,0,0,0,0,0,0,0,0,0,0,0,2000,2000,0,0
056104,義隆永豐97購01  ,0,0,0,0,0,0,0,0,0,0,0,0,0,10000,10000,0,0
057482,微星元大98購03  ,0,0,0,0,0,0,0,0,0,0,0,0,0,10000,10000,0,0
056594,台積電元富98購03,0,0,0,0,0,0,0,0,0,0,0,0,0,530000,530000,0,0
055673,旺宏日盛97購01  ,0,0,0,0,0,0,0,0,0,0,0,0,0,1150000,1150000,0,0
055697,牧德國票98購01  ,0,0,0,0,0,0,0,0,0,0,0,0,0,10000,10000,0,0
055714,智邦元大97購03  ,0,0,0,0,0,0,0,0,0,0,0,0,0,8000,8000,0,0
055710,亞德客元大97購03,0,0,0,0,0,0,0,0,0,0,0,0,0,99000,99000,0,0
056737,國巨凱基9A購01  ,0,0,0,0,0,0,0,0,0,0,0,0,0,8000,8000,0,0
057682,台積電日盛9A購03,0,0,0,0,0,0,0,0,0,0,0,0,0,192000,192000,0,0
056877,群創凱基99購04  ,0,0,0,0,0,0,0,0,0,0,0,0,0,2000,2000,0,0
056862,聯發科群益98購03,0,0,0,0,0,0,0,0,0,0,0,0,0,200000,200000,0,0
056907,群創元大9C購04  ,0,0,0,0,0,0,0,0,0,0,0,0,0,2000,2000,0,0
057600,大立光群益99購03,0,0,0,0,0,0,0,0,0,0,0,0,0,40000,40000,0,0
057289,力成元大98購03  ,0,0,0,0,0,0,0,0,0,0,0,0,0,68000,68000,0,0
057224,和碩日盛9A購01  ,0,0,0,0,0,0,0,0,0,0,0,0,0,57000,57000,0,0
057233,聯發科凱基98購14,0,0,0,0,0,0,0,0,0,0,0,0,0,14000,14000,0,0
057252,牧德元富98購01  ,0,0,0,0,0,0,0,0,0,0,0,0,0,200000,200000,0,0
057257,台泥兆豐99購01  ,0,0,0,0,0,0,0,0,0,0,0,0,0,11000,11000,0,0
057273,智邦元大98購05  ,0,0,0,0,0,0,0,0,0,0,0,0,0,14000,14000,0,0
061604,台光電凱基9B購01,0,0,0,0,0,0,0,0,0,0,0,0,0,4000,4000,0,0
056811,健策統一9B購01  ,0,0,0,0,0,0,0,0,0,0,0,0,0,5000,5000,0,0
058158,台積電台新99購01,0,0,0,0,0,0,0,0,0,0,0,0,0,83000,83000,0,0
061315,滬深2X凱基9C購06,0,0,0,0,0,0,0,0,0,0,0,0,0,1000,1000,0,0
06136P,華新科國泰99售02,0,0,0,0,0,0,0,0,0,0,0,0,0,150000,150000,0,0
062053,華通統一9C購02  ,0,0,0,0,0,0,0,0,0,0,0,0,0,15000,15000,0,0
061710,國巨凱基9A購18  ,0,0,0,0,0,0,0,0,0,0,0,0,0,21000,21000,0,0
061765,義隆元大9B購01  ,0,0,0,0,0,0,0,0,0,0,0,0,0,4000,4000,0,0
061789,群創群益9B購01  ,0,0,0,0,0,0,0,0,0,0,0,0,0,2000,2000,0,0
061818,富邦金群益9C購01,0,0,0,0,0,0,0,0,0,0,0,0,0,193000,193000,0,0
062307,華通凱基9C購01  ,0,0,0,0,0,0,0,0,0,0,0,0,0,1000,1000,0,0
062283,玉晶光群益01購01,0,0,0,0,0,0,0,0,0,0,0,0,0,10000,10000,0,0
058145,聯茂元大99購03  ,0,0,0,0,0,0,0,0,0,0,0,0,0,68000,68000,0,0
058048,群創元大9B購07  ,0,0,0,0,0,0,0,0,0,0,0,0,0,2000,2000,0,0
058066,可成亞東99購01  ,0,0,0,0,0,0,0,0,0,0,0,0,0,840000,840000,0,0
057849,南茂永豐98購02  ,0,0,0,0,0,0,0,0,0,0,0,0,0,68000,68000,0,0
057842,緯穎富邦99購02  ,0,0,0,0,0,0,0,0,0,0,0,0,0,10000,10000,0,0
057874,可成元大99購02  ,0,0,0,0,0,0,0,0,0,0,0,0,0,68000,68000,0,0
057930,旺宏群益99購04  ,0,0,0,0,0,0,0,0,0,0,0,0,0,10000,10000,0,0
057913,健策日盛98購01  ,0,0,0,0,0,0,0,0,0,0,0,0,0,1091000,1091000,0,0
057922,華新科凱基99購01,0,0,0,0,0,0,0,0,0,0,0,0,0,10000,10000,0,0
05793P,臺股指中信99售08,0,0,0,0,0,0,0,0,0,0,0,0,0,3000,3000,0,0
061068,祥碩凱基9B購01  ,0,0,0,0,0,0,0,0,0,0,0,0,0,1000,1000,0,0
060528,友達中信9C購01  ,0,0,0,0,0,0,0,0,0,0,0,0,0,30000,30000,0,0
060552,群創凱基9B購05  ,0,0,0,0,0,0,0,0,0,0,0,0,0,5000,5000,0,0
060553,祥碩凱基9A購01  ,0,0,0,0,0,0,0,0,0,0,0,0,0,1000,1000,0,0
059522,上証2X凱基9B購02,0,0,0,0,0,0,0,0,0,0,0,0,0,1000,1000,0,0
060805,國巨群益9A購06  ,0,0,0,0,0,0,0,0,0,0,0,0,0,1000,1000,0,0
060814,健策凱基9B購01  ,0,0,0,0,0,0,0,0,0,0,0,0,0,2000,2000,0,0
060737,瑞儀統一9C購01  ,0,0,0,0,0,0,0,0,0,0,0,0,0,10000,10000,0,0
060610,玉晶光凱基9B購02,0,0,0,0,0,0,0,0,0,0,0,0,0,6000,6000,0,0
060594,國巨麥證9A購01  ,0,0,0,3000,0,3000,0,0,0,0,0,0,0,3000,3000,0,0
060660,國巨凱基9B購04  ,0,0,0,0,0,0,0,0,0,0,0,0,0,7000,7000,0,0
060649,國巨第一9A購01  ,0,0,0,0,0,0,0,0,0,0,0,0,0,1000,1000,0,0
06064P,台積電台新98售01,0,0,0,0,0,0,0,0,0,0,0,0,0,94000,94000,0,0
060680,玉晶光元大9C購03,0,0,0,0,0,0,0,0,0,0,0,0,0,20000,20000,0,0
059344,長榮航凱基99購01,0,0,0,0,0,0,0,0,0,0,0,0,0,20000,20000,0,0
059339,上銀凱基99購06  ,0,0,0,0,0,0,0,0,0,0,0,0,0,2000,2000,0,0
059340,鴻海凱基9A購12  ,0,0,0,0,0,0,0,0,0,0,0,0,0,25000,25000,0,0
059276,可成元大99購06  ,0,0,0,0,0,0,0,0,0,0,0,0,0,25000,25000,0,0
058474,鴻海凱基9A購06  ,0,0,0,0,0,0,0,0,0,0,0,0,0,8000,8000,0,0
058494,可成群益9B購01  ,0,0,0,0,0,0,0,0,0,0,0,0,0,1000,1000,0,0
058512,宏達電元大99購04,0,0,0,0,0,0,0,0,0,0,0,0,0,68000,68000,0,0
058513,宏達電元大99購05,0,0,0,0,0,0,0,0,0,0,0,0,0,68000,68000,0,0
060860,國巨永豐9A購02  ,0,0,0,0,0,0,0,0,0,0,0,0,0,8000,8000,0,0
060522,鴻海中信9A購03  ,0,0,0,0,0,0,0,0,0,0,0,0,0,90000,90000,0,0
058352,鴻海凱基9A購05  ,0,0,0,0,0,0,0,0,0,0,0,0,0,9000,9000,0,0
058436,聯發科統一9B購03,0,0,0,0,0,0,0,0,0,0,0,0,0,60000,60000,0,0
058412,聯發科兆豐99購01,0,0,0,0,0,0,0,0,0,0,0,0,0,133000,133000,0,0
060106,旭富元大99購02  ,0,0,0,0,0,0,0,0,0,0,0,0,0,20000,20000,0,0
060134,鈺齊群益9A購01  ,0,0,0,0,0,0,0,0,0,0,0,0,0,1000,1000,0,0
060154,堤維西永豐9A購01,0,0,0,0,0,0,0,0,0,0,0,0,0,6000,6000,0,0
061193,玉晶光永豐9B購02,0,0,0,0,0,0,0,0,0,0,0,0,0,2000,2000,0,0
061195,健策永豐9B購02  ,0,0,0,0,0,0,0,0,0,0,0,0,0,3000,3000,0,0
059077,FBVIX元大99購05 ,0,0,0,0,0,0,0,0,0,0,0,0,0,7000,7000,0,0
058713,國巨統一9B購02  ,0,0,0,0,0,0,0,0,0,0,0,0,0,44000,44000,0,0
058709,臺股指元大9A購22,0,0,0,0,0,0,0,0,0,0,0,0,0,48000,48000,0,0
058729,國巨永豐99購03  ,0,0,0,0,0,0,0,0,0,0,0,0,0,3000,3000,0,0
058764,康友群益99購01  ,0,0,0,0,0,0,0,0,0,0,0,0,0,98000,98000,0,0
058800,健策元大99購03  ,0,0,0,0,0,0,0,0,0,0,0,0,0,5000,5000,0,0
060993,健策元大9B購03  ,0,0,0,0,0,0,0,0,0,0,0,0,0,4000,4000,0,0
061023,茂林國泰9B購02  ,0,0,0,0,0,0,0,0,0,0,0,0,0,4000,4000,0,0
058658,瑞儀中信99購01  ,0,0,0,0,0,0,0,0,0,0,0,0,0,20000,20000,0,0
058655,鴻海中信03購02  ,0,0,0,0,0,0,0,0,0,0,0,0,0,85000,85000,0,0
060020,康控康和99購01  ,0,0,0,0,0,0,0,0,0,0,0,0,0,19000,19000,0,0
058242,玉晶光元大9A購01,0,0,0,0,0,0,0,0,0,0,0,0,0,91000,91000,0,0
058237,嘉晶元大99購04  ,0,0,0,0,0,0,0,0,0,0,0,0,0,1000,1000,0,0
058216,TPK群益99購01   ,0,0,0,0,0,0,0,0,0,0,0,0,0,6000,6000,0,0
058980,鴻海凱基99購06  ,0,0,0,0,0,0,0,0,0,0,0,0,0,1000,1000,0,0
058981,國巨凱基99購10  ,0,0,0,0,0,0,0,0,0,0,0,0,0,6000,6000,0,0
061482,健策元大9C購01  ,0,0,0,0,0,0,0,0,0,0,0,0,0,2000,2000,0,0
061499,嘉晶國票9A購03  ,0,0,0,0,0,0,0,0,0,0,0,0,0,11000,11000,0,0
058193,緯穎永豐99購01  ,0,0,0,0,0,0,0,0,0,0,0,0,0,10000,10000,0,0
058876,南電國票9A購02  ,0,0,0,0,0,0,0,0,0,0,0,0,0,11000,11000,0,0
058806,道瓊銀統一9B購01,0,0,0,0,0,0,0,0,0,0,0,0,0,34000,34000,0,0
058539,聯發科台新99購01,0,0,0,0,0,0,0,0,0,0,0,0,0,10000,10000,0,0
058553,合勤控永豐99購01,0,0,0,0,0,0,0,0,0,0,0,0,0,50000,50000,0,0
058569,健策凱基9A購01  ,0,0,0,0,0,0,0,0,0,0,0,0,0,3000,3000,0,0
058573,鴻海群益9A購02  ,0,0,0,0,0,0,0,0,0,0,0,0,0,2000,2000,0,0
058612,健策元大99購02  ,0,0,0,0,0,0,0,0,0,0,0,0,0,1000,1000,0,0
059164,旺宏凱基99購06  ,0,0,0,0,0,0,0,0,0,0,0,0,0,2000,2000,0,0
059542,聯發科亞東99購01,0,0,0,0,0,0,0,0,0,0,0,0,0,960000,960000,0,0
059573,健策凱基9A購02  ,0,0,0,0,0,0,0,0,0,0,0,0,0,2000,2000,0,0
060214,茂林康和9A購01  ,0,0,0,0,0,0,0,0,0,0,0,0,0,2000,2000,0,0
059415,台灣50元大9A購03,0,0,0,0,0,0,0,0,0,0,0,0,0,3000,3000,0,0
059468,智邦元大99購02  ,0,0,0,0,0,0,0,0,0,0,0,0,0,37000,37000,0,0
059438,群創元大99購06  ,0,0,0,0,0,0,0,0,0,0,0,0,0,10000,10000,0,0
059440,康控元大9B購01  ,0,0,0,0,0,0,0,0,0,0,0,0,0,21000,21000,0,0
059528,華新科凱基99購06,0,0,0,0,0,0,0,0,0,0,0,0,0,11000,11000,0,0
059489,上証2X國票9A購01,0,0,0,0,0,0,0,0,0,0,0,0,0,9000,9000,0,0
059493,國巨國票9B購01  ,0,0,0,0,0,0,0,0,0,0,0,0,0,1000,1000,0,0
059825,嘉晶凱基99購02  ,0,0,0,0,0,0,0,0,0,0,0,0,0,1000,1000,0,0
059828,健策凱基99購05  ,0,0,0,0,0,0,0,0,0,0,0,0,0,2000,2000,0,0
059925,可成國泰9B購01  ,0,0,0,0,0,0,0,0,0,0,0,0,0,1000,1000,0,0
059731,康控元大99購04  ,0,0,0,0,0,0,0,0,0,0,0,0,0,48000,48000,0,0
059783,旺宏元大99購17  ,0,0,0,0,0,0,0,0,0,0,0,0,0,3000,3000,0,0
059721,旺宏元大99購16  ,0,0,0,0,0,0,0,0,0,0,0,0,0,1000,1000,0,0
05968P,鴻海台新96售02  ,0,0,0,0,0,0,0,0,0,0,0,0,0,600000,600000,0,0
058331,鴻海元富99購02  ,0,0,0,0,0,0,0,0,0,0,0,0,0,6000,6000,0,0
059640,聯詠凱基99購04  ,0,0,0,0,0,0,0,0,0,0,0,0,0,66000,66000,0,0
059642,健策凱基99購04  ,0,0,0,0,0,0,0,0,0,0,0,0,0,3000,3000,0,0
058308,全新元大9B購01  ,0,0,0,0,0,0,0,0,0,0,0,0,0,3000,3000,0,0
058320,華新科永豐99購02,0,0,0,0,0,0,0,0,0,0,0,0,0,100000,100000,0,0
064282,大立光元大9C購13,0,0,0,0,0,0,0,0,0,0,0,0,0,10000,10000,0,0
064222,玉山金國票01購01,0,0,0,0,0,0,0,0,0,0,0,0,0,48000,48000,0,0
064166,和潤統一02購01  ,0,0,0,0,0,0,0,0,0,0,0,0,0,200000,200000,0,0
064174,致新元富9C購02  ,0,0,0,0,0,0,0,0,0,0,0,0,0,291000,291000,0,0
064429,鴻海凱基03購03  ,0,0,0,0,0,0,0,0,0,0,0,0,0,7000,7000,0,0
064430,鴻海凱基03購04  ,0,0,0,0,0,0,0,0,0,0,0,0,0,7000,7000,0,0
064397,旭富永豐9C購01  ,0,0,0,0,0,0,0,0,0,0,0,0,0,1000,1000,0,0
064371,矽格統一9C購02  ,0,0,0,0,0,0,0,0,0,0,0,0,0,189000,189000,0,0
064359,華通統一9C購05  ,0,0,0,0,0,0,0,0,0,0,0,0,0,40000,40000,0,0
064322,T50反1元大9C購06,0,0,0,0,0,0,0,0,0,0,0,0,0,180000,180000,0,0
064679,晶技兆豐9C購01  ,0,0,0,0,0,0,0,0,0,0,0,0,0,29000,29000,0,0
06467P,旺宏統一98售01  ,0,0,0,0,0,0,0,0,0,0,0,0,0,20000,20000,0,0
064696,群創群益9C購02  ,0,0,0,0,0,0,0,0,0,0,0,0,0,6000,6000,0,0
06449P,台積電元大98售09,0,0,0,0,0,0,0,0,0,0,0,0,0,100000,100000,0,0
064505,康控元大9C購01  ,0,0,0,0,0,0,0,0,0,0,0,0,0,69000,69000,0,0
064501,大立光元大01購02,0,0,0,0,0,0,0,0,0,0,0,0,0,15000,15000,0,0
064536,富邦金國票01購01,0,0,0,0,0,0,0,0,0,0,0,0,0,71000,71000,0,0
064612,聯電元大01購01  ,0,0,0,0,0,0,0,0,0,0,0,0,0,68000,68000,0,0
064620,大立光元大01購03,0,0,0,0,0,0,0,0,0,0,0,0,0,28000,28000,0,0
064624,群創元大02購01  ,0,0,0,0,0,0,0,0,0,0,0,0,0,2000,2000,0,0
063952,玉晶光元大01購01,0,0,0,0,0,0,0,0,0,0,0,0,0,3000,3000,0,0
063869,玉晶光永豐9C購01,0,0,0,0,0,0,0,0,0,0,0,0,0,2000,2000,0,0
063880,可成元富9C購01  ,0,0,0,0,0,0,0,0,0,0,0,0,0,13000,13000,0,0
063853,同欣電元大9C購02,0,0,0,0,0,0,0,0,0,0,0,0,0,1000,1000,0,0
063909,旺宏凱基02購01  ,0,0,0,0,0,0,0,0,0,0,0,0,0,50000,50000,0,0
064040,鴻海統一9C購18  ,0,0,0,0,0,0,0,0,0,0,0,0,0,19000,19000,0,0
063513,聯發科麥證9B購03,0,0,0,10000,10000,0,0,0,0,0,0,0,0,10000,10000,0,0
063530,同欣電凱基9C購02,0,0,0,0,0,0,0,0,0,0,0,0,0,75000,75000,0,0
063567,漢唐元大9B購03  ,0,0,0,0,0,0,0,0,0,0,0,0,0,41000,41000,0,0
063569,美食元大9B購03  ,0,0,0,0,0,0,0,0,0,0,0,0,0,13000,13000,0,0
063591,麗豐永豐9B購02  ,0,0,0,0,0,0,0,0,0,0,0,0,0,58000,58000,0,0
063796,鴻海凱基9C購02  ,0,0,0,0,0,0,0,0,0,0,0,0,0,34000,34000,0,0
063712,高鐵凱基9C購01  ,0,0,0,0,0,0,0,0,0,0,0,0,0,50000,50000,0,0
063741,GIS元大9B購04   ,0,0,0,0,0,0,0,0,0,0,0,0,0,13000,13000,0,0
063747,國巨國票9C購06  ,0,70000,-70000,0,0,0,0,0,0,70000,0,0,0,73000,3000,70000,0
063748,台積電國票9C購05,0,0,0,0,0,0,0,0,0,0,0,0,0,31000,31000,0,0
062946,祥碩國泰9C購02  ,0,0,0,0,0,0,0,0,0,0,0,0,0,70000,70000,0,0
062932,滬深2X凱基01購01,0,0,0,0,0,0,0,0,0,0,0,0,0,1000,1000,0,0
062850,友訊永豐9B購01  ,0,0,0,0,0,0,0,0,0,0,0,0,0,10000,10000,0,0
062903,燿華元大9B購04  ,0,0,0,0,0,0,0,0,0,0,0,0,0,45000,45000,0,0
06308P,國巨元富97售06  ,0,0,0,0,0,0,0,0,0,0,0,0,0,446000,446000,0,0
06336P,鴻海元大98售05  ,0,0,0,0,0,0,0,0,0,0,0,0,0,5000,5000,0,0
063459,華通元大9B購08  ,0,0,0,0,0,0,0,0,0,0,0,0,0,2000,2000,0,0
063215,台表科國票9C購02,0,0,0,0,0,0,0,0,0,0,0,0,0,73000,73000,0,0
063256,鴻海國泰01購02  ,0,0,0,0,0,0,0,0,0,0,0,0,0,2000,2000,0,0
063337,國巨統一02購02  ,0,0,0,0,0,0,0,0,0,0,0,0,0,20000,20000,0,0
06329P,大立光兆豐97售04,0,0,0,0,0,0,0,0,0,0,0,0,0,146000,146000,0,0
062816,華新科兆豐9B購01,0,0,0,0,0,0,0,0,0,0,0,0,0,10000,10000,0,0
062716,鴻海凱基9B購06  ,0,0,0,0,0,0,0,0,0,0,0,0,0,29000,29000,0,0
062605,上銀凱基9B購03  ,0,0,0,0,0,0,0,0,0,0,0,0,0,50000,50000,0,0
062624,大成鋼國票9B購02,0,0,0,0,0,0,0,0,0,0,0,0,0,38000,38000,0,0
062499,鴻海群益01購01  ,0,0,0,0,0,0,0,0,0,0,0,0,0,1000,1000,0,0
06248P,國巨統一97售07  ,0,0,0,0,0,0,0,0,0,0,0,0,0,600000,600000,0,0
062567,祥碩中信9C購01  ,0,0,0,0,0,0,0,0,0,0,0,0,0,20000,20000,0,0
061975,華通元大9B購01  ,0,0,0,0,0,0,0,0,0,0,0,0,0,14000,14000,0,0
061992,祥碩元大9B購02  ,0,0,0,0,0,0,0,0,0,0,0,0,0,24000,24000,0,0
061849,國巨國票9B購08  ,0,0,0,0,0,0,0,0,0,0,0,0,0,4000,4000,0,0
061857,康友國票9B購01  ,0,0,0,0,0,0,0,0,0,0,0,0,0,6000,6000,0,0
062202,國巨國票9C購04  ,0,0,0,0,0,0,0,0,0,0,0,0,0,3000,3000,0,0
062181,義隆元大9B購03  ,0,0,0,0,0,0,0,0,0,0,0,0,0,2000,2000,0,0
062387,健策國泰01購01  ,0,0,0,0,0,0,0,0,0,0,0,0,0,19000,19000,0,0
062356,國巨元大9B購10  ,0,0,0,0,0,0,0,0,0,0,0,0,0,1000,1000,0,0
062403,健策永豐9B購06  ,0,0,0,0,0,0,0,0,0,0,0,0,0,2000,2000,0,0
8488,吉源-KY         ,2000,2000,0,0,0,0,0,0,0,0,0,0,0,0,0,0,0
6442,光聖            ,1000,1000,0,0,0,0,0,0,0,0,0,0,0,0,0,0,0
6625,必應            ,1000,1000,0,0,0,0,0,0,0,0,0,0,0,0,0,0,0
6552,易華電          ,232000,203000,29000,0,0,0,0,0,0,-29000,0,5000,-5000,8000,32000,-24000,0
065383,南電元大01購02  ,0,0,0,0,0,0,0,0,0,-1000,0,0,0,12000,13000,-1000,-1000
065349,玉晶光統一9C購05,0,0,0,0,0,0,0,0,0,-1000,0,0,0,2000,3000,-1000,-1000
065324,聯發科凱基9C購10,0,0,0,0,0,0,0,0,0,-1000,0,0,0,0,1000,-1000,-1000
06589P,台積電元大98售12,0,0,0,0,0,0,0,0,0,-1000,0,0,0,0,1000,-1000,-1000
065115,臺股指國票9C購12,0,0,0,0,0,0,0,0,0,-1000,0,0,0,0,1000,-1000,-1000
065106,S&P反1國票9C購02,0,0,0,0,0,0,0,0,0,-1000,0,0,0,0,1000,-1000,-1000
065283,台積電群益01購01,0,0,0,0,0,0,0,0,0,-1000,0,0,0,0,1000,-1000,-1000
065098,致伸元大9C購02  ,0,0,0,0,0,0,0,0,0,-1000,0,0,0,0,1000,-1000,-1000
06497P,大立光凱基98售11,0,0,0,0,0,0,0,0,0,-1000,0,0,0,0,1000,-1000,-1000
06804P,臺股指群益98售10,0,0,0,0,0,0,0,0,0,-1000,0,0,0,4000,5000,-1000,-1000
06868P,電子類元大99售01,0,0,0,0,0,0,0,0,0,-1000,0,0,0,0,1000,-1000,-1000
06961P,台積電凱基99售05,0,0,0,0,0,0,0,0,0,-1000,0,0,0,0,1000,-1000,-1000
07003P,聯發科兆豐99售02,0,0,0,0,0,0,0,0,0,-1000,0,0,0,0,1000,-1000,-1000
07346P,FBVIX群益99售04 ,0,0,0,0,0,0,0,0,0,-1000,0,0,0,0,1000,-1000,-1000
07266P,大立光元大99售19,0,0,0,0,0,0,0,0,0,-1000,0,0,0,1000,2000,-1000,-1000
07098P,台積電元大99售18,0,0,0,0,0,0,0,0,0,-1000,0,0,0,0,1000,-1000,-1000
07093P,台積電凱基99售07,0,0,0,0,0,0,0,0,0,-1000,0,0,0,0,1000,-1000,-1000
07757P,國巨國票9B售04  ,0,0,0,0,0,0,0,0,0,-1000,0,0,0,0,1000,-1000,-1000
07758P,台積電國票9A售06,0,0,0,0,0,0,0,0,0,-1000,0,0,0,1000,2000,-1000,-1000
07792P,牧德元大9A售04  ,0,0,0,0,0,0,0,0,0,-1000,0,0,0,0,1000,-1000,-1000
07874P,長榮航群益9B售01,0,0,0,0,0,0,0,0,0,-1000,0,0,0,0,1000,-1000,-1000
07520P,臺股指元大9B售11,0,0,0,0,0,0,0,0,0,-1000,0,0,0,3000,4000,-1000,-1000
07644P,南電凱基9A售03  ,0,0,0,0,0,0,0,0,0,-1000,0,0,0,0,1000,-1000,-1000
07609P,台灣50國票9C售04,0,0,0,0,0,0,0,0,0,-1000,0,0,0,0,1000,-1000,-1000
08496P,金像電國票01售02,0,0,0,0,0,0,0,0,0,-1000,0,0,0,0,1000,-1000,-1000
08550P,台灣50群益02售04,0,0,0,0,0,0,0,0,0,-1000,0,0,0,0,1000,-1000,-1000
08043P,電子類群益9B售01,0,0,0,0,0,0,0,0,0,-1000,0,0,0,30000,31000,-1000,-1000
08183P,聯發科永豐9B售04,0,0,0,0,0,0,0,0,0,-1000,0,0,0,5000,6000,-1000,-1000
08354P,旺宏元大9C售05  ,0,0,0,0,0,0,0,0,0,-1000,0,0,0,0,1000,-1000,-1000
2424,隴華            ,0,1000,-1000,0,0,0,0,0,0,0,0,0,0,0,0,0,-1000
061339,京元電元大9A購05,0,0,0,0,0,0,0,0,0,-1000,0,0,0,100000,101000,-1000,-1000
061548,聯詠群益9A購02  ,0,0,0,0,0,0,0,0,0,-1000,0,0,0,9000,10000,-1000,-1000
061637,華新科元大9A購22,0,0,0,0,0,0,0,0,0,-1000,0,0,0,0,1000,-1000,-1000
057297,新日興永豐98購01,0,0,0,0,0,0,0,0,0,-1000,0,0,0,1000,2000,-1000,-1000
057633,緯穎永豐98購02  ,0,0,0,0,0,0,0,0,0,-1000,0,0,0,12000,13000,-1000,-1000
057639,國巨元大99購07  ,0,0,0,0,0,0,0,0,0,-1000,0,0,0,3000,4000,-1000,-1000
057440,台積電統一98購10,0,0,0,0,0,0,0,0,0,-1000,0,0,0,0,1000,-1000,-1000
056150,台光電凱基98購02,0,0,0,0,0,0,0,0,0,-1000,0,0,0,0,1000,-1000,-1000
056252,聯發科兆豐97購03,0,0,0,0,0,0,0,0,0,-1000,0,0,0,1000,2000,-1000,-1000
057585,鴻海國票99購05  ,0,0,0,0,0,0,0,0,0,-1000,0,0,0,9000,10000,-1000,-1000
057004,滬深反中信9A購01,0,0,0,0,0,0,0,0,0,-1000,0,0,0,0,1000,-1000,-1000
057703,矽力群益98購01  ,0,0,0,0,0,0,0,0,0,-1000,0,0,0,0,1000,-1000,-1000
056455,群創凱基9A購01  ,0,0,0,0,0,0,0,0,0,-1000,0,0,0,2000,3000,-1000,-1000
055336,茂林兆豐98購01  ,0,0,0,0,0,0,0,0,0,-1000,0,0,0,0,1000,-1000,-1000
054404,新日興康和96購01,0,0,0,0,0,0,0,0,0,-1000,0,0,0,0,1000,-1000,-1000
051695,元金2X中信98購01,0,0,0,0,0,0,0,0,0,-1000,0,0,0,0,1000,-1000,-1000
05088P,大立光富邦99售01,0,0,0,0,0,0,0,0,0,-1000,0,0,0,0,1000,-1000,-1000
051970,元黃金凱基98購01,0,0,0,0,0,0,0,0,0,-1000,0,0,0,0,1000,-1000,-1000
052962,台積電凱基97購03,0,0,0,0,0,0,0,0,0,-1000,0,0,0,0,1000,-1000,-1000
052676,聯發科永昌98購01,0,0,0,0,0,0,0,0,0,-1000,0,0,0,0,1000,-1000,-1000
03686C,臺股指元大04牛05,0,0,0,0,0,0,0,0,0,-1000,0,0,0,0,1000,-1000,-1000
03679C,臺股指元大04牛04,0,0,0,0,0,0,0,0,0,-1000,0,0,0,1000,2000,-1000,-1000
00691R,兆豐藍籌30反1   ,0,0,0,0,0,0,0,0,0,-1000,0,0,0,0,1000,-1000,-1000
0061,元大寶滬深      ,2000,3000,-1000,0,0,0,0,0,0,0,10000,20000,-10000,10000,0,10000,-1000
0051,元大中型100     ,1000,0,1000,0,0,0,0,0,0,-2000,0,0,0,11000,13000,-2000,-1000
00757,統一FANG+       ,0,0,0,0,0,0,0,0,0,-1000,0,0,0,209000,210000,-1000,-1000
052325,高股息中信99購01,0,0,0,0,0,0,0,0,0,-1000,0,0,0,0,1000,-1000,-1000
03006X,元展06          ,0,0,0,0,0,0,0,0,0,-1000,0,0,0,0,1000,-1000,-1000
058278,FBVIX中信03購02 ,0,0,0,0,0,0,0,0,0,-1000,0,0,0,14000,15000,-1000,-1000
058262,大立光富邦9C購02,0,0,0,0,0,0,0,0,0,-1000,0,0,0,0,1000,-1000,-1000
059638,大立光凱基99購11,0,0,0,0,0,0,0,0,0,-1000,0,0,0,0,1000,-1000,-1000
059620,聯發科日盛99購02,0,0,0,0,0,0,0,0,0,-1000,0,0,0,9000,10000,-1000,-1000
05967P,臺股指麥證96售02,0,0,0,0,1000,-1000,0,0,0,-1000,0,0,0,0,1000,-1000,-1000
059717,國巨元大99購21  ,0,0,0,0,0,0,0,0,0,-1000,0,0,0,2000,3000,-1000,-1000
05950P,台積電國票97售04,0,0,0,0,0,0,0,0,0,-1000,0,0,0,4000,5000,-1000,-1000
059956,玉山金康和99購01,0,0,0,0,0,0,0,0,0,-1000,0,0,0,5000,6000,-1000,-1000
060215,柏文康和9A購01  ,0,0,0,0,0,0,0,0,0,-1000,0,0,0,0,1000,-1000,-1000
059580,大立光元富99購07,0,0,0,0,0,0,0,0,0,-1000,0,0,0,1000,2000,-1000,-1000
059571,奇力新凱基99購06,0,0,0,0,0,0,0,0,0,-1000,0,0,0,0,1000,-1000,-1000
059257,臺股指凱基99購35,0,0,0,0,0,0,0,0,0,-1000,0,0,0,0,1000,-1000,-1000
058951,南電群益99購01  ,0,0,0,0,0,0,0,0,0,-1000,0,0,0,0,1000,-1000,-1000
058942,南茂中信99購01  ,0,0,0,0,0,0,0,0,0,-1000,0,0,0,10000,11000,-1000,-1000
058855,台積電兆豐99購02,0,0,0,0,0,0,0,0,0,-1000,0,0,0,50000,51000,-1000,-1000
058995,台達電元大99購01,0,0,0,0,0,0,0,0,0,-1000,0,0,0,9000,10000,-1000,-1000
059989,嘉晶元大9A購01  ,0,0,0,0,0,0,0,0,0,-1000,0,0,0,0,1000,-1000,-1000
059968,世紀鋼凱基99購03,0,0,0,0,0,0,0,0,0,-1000,0,0,0,0,1000,-1000,-1000
060905,台積電元大9A購20,0,0,0,0,0,0,0,0,0,-1000,0,0,0,0,1000,-1000,-1000
060980,台積電元大9A購21,0,0,0,0,0,0,0,0,0,-1000,0,0,0,0,1000,-1000,-1000
058794,旺宏元大99購09  ,0,0,0,0,0,0,0,0,0,-1000,0,0,0,24000,25000,-1000,-1000
058740,T50反1日盛9B購02,0,0,0,0,0,0,0,0,0,-1000,0,0,0,0,1000,-1000,-1000
059078,FBVIX元大99購06 ,0,0,0,0,0,0,0,0,0,-1000,0,0,0,0,1000,-1000,-1000
061191,可成永豐9A購02  ,0,0,0,0,0,0,0,0,0,-1000,0,0,0,0,1000,-1000,-1000
060077,台積電台新9B購01,0,0,0,0,0,0,0,0,0,-1000,0,0,0,10000,11000,-1000,-1000
060083,和大元大99購02  ,0,0,0,0,0,0,0,0,0,-1000,0,0,0,0,1000,-1000,-1000
059132,臺股指群益99購07,0,0,0,0,0,0,0,0,0,-1000,0,0,0,0,1000,-1000,-1000
059133,臺股指群益99購08,0,0,0,0,0,0,0,0,0,-1000,0,0,0,0,1000,-1000,-1000
058339,康友元富99購02  ,0,0,0,0,0,0,0,0,0,-1000,0,0,0,0,1000,-1000,-1000
058493,台積電群益9A購01,0,0,0,0,0,0,0,0,0,-1000,0,0,0,0,1000,-1000,-1000
059262,致茂中信01購01  ,0,0,0,0,0,0,0,0,0,-1000,0,0,0,17000,18000,-1000,-1000
059284,緯穎永豐99購03  ,0,0,0,0,0,0,0,0,0,-1000,0,0,0,10000,11000,-1000,-1000
059327,南茂元大99購01  ,0,0,0,0,0,0,0,0,0,-1000,0,0,0,1000,2000,-1000,-1000
060368,緯穎元富9A購03  ,0,0,0,0,0,0,0,0,0,-1000,0,0,0,0,1000,-1000,-1000
060658,台灣50凱基01購04,0,0,0,0,0,0,0,0,0,-1000,0,0,0,5000,6000,-1000,-1000
060627,國巨國泰9B購05  ,0,0,0,0,0,0,0,0,0,-1000,0,0,0,0,1000,-1000,-1000
060322,卜蜂群益9A購01  ,0,0,0,0,0,0,0,0,0,-1000,0,0,0,2000,3000,-1000,-1000
060344,聯發科統一01購01,0,0,0,0,0,0,0,0,0,-1000,0,0,0,8000,9000,-1000,-1000
06057P,大立光凱基98售01,0,0,0,0,0,0,0,0,0,-1000,0,0,0,1000,2000,-1000,-1000
057916,國巨凱基98購13  ,0,0,0,0,0,0,0,0,0,-1000,0,0,0,0,1000,-1000,-1000
061722,健策永豐9B購03  ,0,0,0,0,0,0,0,0,0,-1000,0,0,0,2000,3000,-1000,-1000
062453,聚陽群益9C購01  ,0,0,0,0,0,0,0,0,0,-1000,0,0,0,13000,14000,-1000,-1000
062330,可成統一9B購03  ,0,0,0,0,0,0,0,0,0,-1000,0,0,0,0,1000,-1000,-1000
062009,聯發科國泰01購01,0,0,0,0,0,0,0,0,0,-1000,0,0,0,0,1000,-1000,-1000
062562,瑞儀凱基9B購02  ,0,0,0,0,0,0,0,0,0,-1000,0,0,0,52000,53000,-1000,-1000
062546,新日興永豐9B購01,0,0,0,0,0,0,0,0,0,-1000,0,0,0,14000,15000,-1000,-1000
062489,可成永豐9B購02  ,0,0,0,0,0,0,0,0,0,-1000,0,0,0,0,1000,-1000,-1000
062519,元金2X元大9B購03,0,0,0,0,0,0,0,0,0,-1000,0,0,0,0,1000,-1000,-1000
062523,世紀鋼元大9C購03,0,0,0,0,0,0,0,0,0,-1000,0,0,0,0,1000,-1000,-1000
062634,玉晶光國票9B購03,0,0,0,0,0,0,0,0,0,-1000,0,0,0,0,1000,-1000,-1000
062602,華通麥證9C購01  ,0,0,0,0,1000,-1000,0,0,0,-1000,0,0,0,0,1000,-1000,-1000
06258P,臺股指群益97售11,0,0,0,0,0,0,0,0,0,-1000,0,0,0,0,1000,-1000,-1000
062689,華擎統一02購01  ,0,0,0,0,0,0,0,0,0,-1000,0,0,0,0,1000,-1000,-1000
062820,禾伸堂兆豐9B購01,0,0,0,0,0,0,0,0,0,-1000,0,0,0,10000,11000,-1000,-1000
063302,國巨凱基9C購05  ,0,0,0,0,0,0,0,0,0,-1000,0,0,0,17000,18000,-1000,-1000
06326P,鴻海中信01售01  ,0,0,0,0,0,0,0,0,0,-1000,0,0,0,0,1000,-1000,-1000
062887,台積電群益9C購05,0,0,0,0,0,0,0,0,0,-1000,0,0,0,0,1000,-1000,-1000
06294P,臺股指國票97售08,0,0,0,0,0,0,0,0,0,-1000,0,0,0,39000,40000,-1000,-1000
062948,台積電富邦01購02,0,0,0,0,0,0,0,0,0,-1000,0,0,0,2000,3000,-1000,-1000
062952,台積電永豐9B購02,0,0,0,0,0,0,0,0,0,-1000,0,0,0,0,1000,-1000,-1000
063019,聯發科元大9C購01,0,0,0,0,0,0,0,0,0,-1000,0,0,0,103000,104000,-1000,-1000
063020,奇力新元大9B購04,0,0,0,0,0,0,0,0,0,-1000,0,0,0,0,1000,-1000,-1000
063689,可成永豐9B購04  ,0,0,0,0,0,0,0,0,0,-1000,0,0,0,12000,13000,-1000,-1000
063621,華新科兆豐9B購02,0,0,0,0,0,0,0,0,0,-1000,0,0,0,0,1000,-1000,-1000
063604,群創凱基01購02  ,0,0,0,0,0,0,0,0,0,-1000,0,0,0,14000,15000,-1000,-1000
064101,可成群益01購01  ,0,0,0,0,0,0,0,0,0,-1000,0,0,0,32000,33000,-1000,-1000
06451P,聯發科元大98售04,0,0,0,0,0,0,0,0,0,-1000,0,0,0,0,1000,-1000,-1000
064483,瑞儀永豐9C購01  ,0,0,0,0,0,0,0,0,0,-1000,0,0,0,73000,74000,-1000,-1000
064281,大立光元大9C購12,0,0,0,0,0,0,0,0,0,-1000,0,0,0,0,1000,-1000,-1000
9937,全國            ,17000,5000,12000,0,0,0,0,0,0,-13000,0,13000,-13000,0,0,0,-1000
9945,潤泰新          ,432816,442000,-9184,0,0,0,0,0,0,8000,22000,0,22000,0,14000,-14000,-1184
2466,冠西電          ,21000,23000,-2000,0,0,0,0,0,0,0,0,0,0,0,0,0,-2000
08305P,茂林群益9C售01  ,0,0,0,0,0,0,0,0,0,-2000,0,0,0,13000,15000,-2000,-2000
08280P,臺股指中信02售01,0,0,0,0,0,0,0,0,0,-2000,0,0,0,0,2000,-2000,-2000
08176P,國巨元大9B售20  ,0,0,0,0,0,0,0,0,0,-2000,0,0,0,0,2000,-2000,-2000
08155P,聯發科元富9B售05,0,0,0,0,0,0,0,0,0,-2000,0,0,0,24000,26000,-2000,-2000
08563P,金像電元富9C售03,0,0,0,0,0,0,0,0,0,-2000,0,0,0,0,2000,-2000,-2000
08392P,上銀群益9C售01  ,0,0,0,0,0,0,0,0,0,-2000,0,0,0,0,2000,-2000,-2000
08471P,日月光凱基9C售02,0,0,0,0,0,0,0,0,0,-2000,0,0,0,0,2000,-2000,-2000
07388P,臺股指群益9C售07,0,0,0,0,0,0,0,0,0,-2000,0,0,0,0,2000,-2000,-2000
07409P,台積電台新99售07,0,0,0,0,0,0,0,0,0,-2000,0,0,0,0,2000,-2000,-2000
07967P,力山元大9B售03  ,0,0,0,0,0,0,0,0,0,-2000,0,0,0,10000,12000,-2000,-2000
07933P,大立光富邦9C售06,0,0,0,0,0,0,0,0,0,-2000,0,0,0,0,2000,-2000,-2000
07748P,茂林凱基9A售04  ,0,0,0,0,0,0,0,0,0,-2000,0,0,0,0,2000,-2000,-2000
07744P,奇力新凱基9A售05,0,0,0,0,0,0,0,0,0,-2000,0,0,0,8000,10000,-2000,-2000
07063P,臺股指元大9A售24,0,0,0,0,0,0,0,0,0,-2000,0,0,0,0,2000,-2000,-2000
07050P,宏達電中信9B售01,0,0,0,0,0,0,0,0,0,-2000,0,0,0,22000,24000,-2000,-2000
07208P,台積電凱基99售14,0,0,0,0,0,0,0,0,0,-2000,0,0,0,8000,10000,-2000,-2000
07190P,臺股指富邦9C售02,0,0,0,0,0,0,0,0,0,-2000,0,0,0,0,2000,-2000,-2000
07000P,T50反1元大99售03,0,0,0,0,0,0,0,0,0,-2000,0,0,0,0,2000,-2000,-2000
06826P,臺股指國票98售02,0,0,0,0,0,0,0,0,0,-2000,0,0,0,14000,16000,-2000,-2000
065104,南茂元大9C購02  ,0,0,0,0,0,0,0,0,0,-2000,0,0,0,19000,21000,-2000,-2000
064796,緯穎國票01購01  ,0,0,0,0,0,0,0,0,0,-2000,0,0,0,39000,41000,-2000,-2000
064848,金像電元富9C購02,0,0,0,0,0,0,0,0,0,-2000,0,0,0,7000,9000,-2000,-2000
06590P,大立光元大98售13,0,0,0,0,0,0,0,0,0,-2000,0,0,0,0,2000,-2000,-2000
06658P,台灣50富邦9C售01,0,0,0,0,0,0,0,0,0,-2000,0,0,0,6000,8000,-2000,-2000
065320,技嘉凱基9C購02  ,0,0,0,0,0,0,0,0,0,-2000,0,0,0,0,2000,-2000,-2000
06528P,台積電富邦99售03,0,0,0,0,0,0,0,0,0,-2000,0,0,0,0,2000,-2000,-2000
06537P,華通凱基98售04  ,0,0,0,0,0,0,0,0,0,-2000,0,0,0,0,2000,-2000,-2000
00666R,富邦恒生國企反1 ,0,0,0,0,0,0,0,0,0,-2000,0,0,0,80000,82000,-2000,-2000
052885,高鐵兆豐98購01  ,0,0,0,0,0,0,0,0,0,-2000,0,0,0,0,2000,-2000,-2000
03022X,富展01          ,0,0,0,0,0,0,0,0,0,-2000,0,0,0,0,2000,-2000,-2000
03425B,臺股指元大9A熊01,0,0,0,0,0,0,0,0,0,-2000,0,0,0,0,2000,-2000,-2000
053565,台光電富邦98購01,0,0,0,0,0,0,0,0,0,-2000,0,0,0,0,2000,-2000,-2000
053865,欣興元大97購02  ,0,0,0,0,0,0,0,0,0,-2000,0,0,0,4000,6000,-2000,-2000
053732,S&P反1中信9C購01,0,0,0,0,0,0,0,0,0,-2000,0,0,0,0,2000,-2000,-2000
057784,台積電國票9B購01,0,0,0,0,0,0,0,0,0,-2000,0,0,0,0,2000,-2000,-2000
057744,健策永豐98購02  ,0,0,0,0,0,0,0,0,0,-2000,0,0,0,8000,10000,-2000,-2000
056576,晶技元大99購02  ,0,0,0,0,0,0,0,0,0,-2000,0,0,0,5000,7000,-2000,-2000
054233,聯發科群益96購04,0,0,0,0,0,0,0,0,0,-2000,0,0,0,45000,47000,-2000,-2000
054291,高鐵元大97購01  ,0,0,0,0,0,0,0,0,0,-2000,0,0,0,0,2000,-2000,-2000
055021,亞德客國泰98購01,0,0,0,0,0,0,0,0,0,-2000,0,0,0,0,2000,-2000,-2000
055820,矽力國票98購02  ,0,0,0,0,0,0,0,0,0,-2000,0,0,0,1000,3000,-2000,-2000
055811,國巨國票98購05  ,0,0,0,0,0,0,0,0,0,-2000,0,0,0,73000,75000,-2000,-2000
057667,可成元大99購01  ,0,0,0,0,0,0,0,0,0,-2000,0,0,0,68000,70000,-2000,-2000
057791,可成統一99購01  ,0,0,0,0,0,0,0,0,0,-2000,0,0,0,0,2000,-2000,-2000
056856,華通群益9A購01  ,0,0,0,0,0,0,0,0,0,-2000,0,0,0,0,2000,-2000,-2000
057280,大立光元大98購15,0,0,0,0,0,0,0,0,0,-2000,0,0,0,0,2000,-2000,-2000
056796,國巨麥證98購02  ,0,0,0,3000,4000,-1000,0,0,0,-2000,0,0,0,5000,7000,-2000,-2000
061932,上銀國票9B購01  ,0,0,0,0,0,0,0,0,0,-2000,0,0,0,8000,10000,-2000,-2000
062115,臺股指國票9B購09,0,0,0,0,0,0,0,0,0,-2000,0,0,0,0,2000,-2000,-2000
057847,聯茂永豐98購01  ,0,0,0,0,0,0,0,0,0,-2000,0,0,0,0,2000,-2000,-2000
057852,國巨國票99購05  ,0,0,0,0,0,0,0,0,0,-2000,0,0,0,5000,7000,-2000,-2000
060704,台積電富邦01購01,0,0,0,0,0,0,0,0,0,-2000,0,0,0,0,2000,-2000,-2000
060729,國巨群益9A購05  ,0,0,0,0,0,0,0,0,0,-2000,0,0,0,3000,5000,-2000,-2000
060445,S&P反1元大9A購04,0,0,0,0,0,0,0,0,0,-2000,0,0,0,0,2000,-2000,-2000
059138,台積電兆豐99購04,0,0,0,0,0,0,0,0,0,-2000,0,0,0,0,2000,-2000,-2000
061178,晶技凱基9B購01  ,0,0,0,0,0,0,0,0,0,-2000,0,0,0,0,2000,-2000,-2000
061010,上銀麥證9A購02  ,0,0,0,4000,6000,-2000,0,0,0,-2000,0,0,0,4000,6000,-2000,-2000
058624,台積電國票99購09,0,0,0,0,0,0,0,0,0,-2000,0,0,0,0,2000,-2000,-2000
058628,宏達電國票9A購01,0,0,0,0,0,0,0,0,0,-2000,0,0,0,0,2000,-2000,-2000
060915,旭富元大9A購01  ,0,0,0,0,0,0,0,0,0,-2000,0,0,0,31000,33000,-2000,-2000
060006,華通群益9A購04  ,0,0,0,0,0,0,0,0,0,-2000,0,0,0,0,2000,-2000,-2000
060019,彰銀康和99購01  ,0,0,0,0,0,0,0,0,0,-2000,0,0,0,0,2000,-2000,-2000
058982,台積電凱基99購08,0,0,0,0,0,0,0,0,0,-2000,0,0,0,0,2000,-2000,-2000
058823,聯發科富邦9C購01,0,0,0,0,0,0,0,0,0,-2000,0,0,0,0,2000,-2000,-2000
058555,矽創永豐9A購01  ,0,0,0,0,0,0,0,0,0,-2000,0,0,0,16000,18000,-2000,-2000
059197,可成永豐99購02  ,0,0,0,0,0,0,0,0,0,-2000,0,0,0,10000,12000,-2000,-2000
059559,T50反1凱基99購07,0,0,0,0,0,0,0,0,0,-2000,0,0,0,0,2000,-2000,-2000
060248,日月光元大9A購01,0,0,0,0,0,0,0,0,0,-2000,0,0,0,84000,86000,-2000,-2000
059377,台積電群益99購09,0,0,0,0,0,0,0,0,0,-2000,0,0,0,0,2000,-2000,-2000
059899,上証2X元大9C購04,0,0,0,0,0,0,0,0,0,-2000,0,0,0,0,2000,-2000,-2000
059641,群創凱基99購06  ,0,0,0,0,0,0,0,0,0,-2000,0,0,0,13000,15000,-2000,-2000
05959P,聯發科國票98售01,0,0,0,0,0,0,0,0,0,-2000,0,0,0,10000,12000,-2000,-2000
058310,大立光元大99購10,0,0,0,0,0,0,0,0,0,-2000,0,0,0,0,2000,-2000,-2000
064260,矽創富邦9C購01  ,0,0,0,0,0,0,0,0,0,-2000,0,0,0,0,2000,-2000,-2000
064182,臻鼎富邦01購01  ,0,0,0,0,0,0,0,0,0,-2000,0,0,0,0,2000,-2000,-2000
064214,群創凱基03購01  ,0,0,0,0,0,0,0,0,0,-2000,0,0,0,2000,4000,-2000,-2000
064328,華通元大9C購04  ,0,0,0,0,0,0,0,0,0,-2000,0,0,0,10000,12000,-2000,-2000
064378,群創元富9C購01  ,0,0,0,0,0,0,0,0,0,-2000,0,0,0,0,2000,-2000,-2000
063937,上銀元大9C購02  ,0,0,0,0,0,0,0,0,0,-2000,0,0,0,0,2000,-2000,-2000
063588,華新科永豐9B購02,0,0,0,0,0,0,0,0,0,-2000,0,0,0,0,2000,-2000,-2000
063619,聯發科兆豐01購01,0,0,0,0,0,0,0,0,0,-2000,0,0,0,184000,186000,-2000,-2000
063555,SP黃豆元大9B購01,0,0,0,0,0,0,0,0,0,-2000,0,0,0,0,2000,-2000,-2000
063781,健策永豐9B購08  ,0,0,0,0,0,0,0,0,0,-2000,0,0,0,3000,5000,-2000,-2000
06285P,台積電國票98售04,0,0,0,0,0,0,0,0,0,-2000,0,0,0,23000,25000,-2000,-2000
063242,聯發科元大9B購19,0,0,0,0,0,0,0,0,0,-2000,0,0,0,121000,123000,-2000,-2000
062597,世紀鋼統一01購01,0,0,0,0,0,0,0,0,0,-2000,0,0,0,0,2000,-2000,-2000
062646,聯發科國泰01購02,0,0,0,0,0,0,0,0,0,-2000,0,0,0,0,2000,-2000,-2000
062513,玉晶光國票9C購01,0,0,0,0,0,0,0,0,0,-2000,0,0,0,17000,19000,-2000,-2000
061958,鴻海統一01購01  ,0,0,0,0,0,0,0,0,0,-2000,0,0,0,0,2000,-2000,-2000
061861,臺股指國票9B購05,0,0,0,0,0,0,0,0,0,-2000,0,0,0,0,2000,-2000,-2000
9905,大華            ,11000,10000,1000,0,0,0,0,0,0,-3000,0,3000,-3000,0,0,0,-2000
6155,鈞寶            ,40000,42000,-2000,0,0,0,0,0,0,0,0,0,0,0,0,0,-2000
065403,健鼎國泰02購01  ,0,0,0,0,0,0,0,0,0,-3000,0,0,0,0,3000,-3000,-3000
065374,義隆元大9C購07  ,0,0,0,0,0,0,0,0,0,-3000,0,0,0,3000,6000,-3000,-3000
06673P,大立光群益98售01,0,0,0,0,0,0,0,0,0,-3000,0,0,0,0,3000,-3000,-3000
065409,鴻海永豐9C購01  ,0,0,0,0,0,0,0,0,0,-3000,0,0,0,0,3000,-3000,-3000
06633P,國巨國票99售01  ,0,0,0,0,0,0,0,0,0,-3000,0,0,0,0,3000,-3000,-3000
06484P,聯發科凱基98售11,0,0,0,0,0,0,0,0,0,-3000,0,0,0,0,3000,-3000,-3000
064997,T50反1國票01購04,0,0,0,0,0,0,0,0,0,-3000,0,0,0,0,3000,-3000,-3000
06856P,台灣50永豐99售03,0,0,0,0,0,0,0,0,0,-3000,0,0,0,0,3000,-3000,-3000
06751P,旺宏凱基98售10  ,0,0,0,0,0,0,0,0,0,-3000,0,0,0,1000,4000,-3000,-3000
06926P,可成群益9A售04  ,0,0,0,0,0,0,0,0,0,-3000,0,0,0,17000,20000,-3000,-3000
07276P,臺股指群益99售19,0,0,0,0,0,0,0,0,0,-3000,0,0,0,0,3000,-3000,-3000
07039P,南電台新99售01  ,0,0,0,0,0,0,0,0,0,-3000,0,0,0,0,3000,-3000,-3000
07103P,南電元大99售04  ,0,0,0,0,0,0,0,0,0,-3000,0,0,0,0,3000,-3000,-3000
07527P,台灣50凱基9B售02,0,0,0,0,0,0,0,0,0,-3000,0,0,0,100000,103000,-3000,-3000
08433P,臺股指凱基03售01,0,0,0,0,0,0,0,0,0,-3000,0,0,0,0,3000,-3000,-3000
1325,恆大            ,633000,541000,92000,0,0,0,9000,90000,-81000,-14000,6000,20000,-14000,0,0,0,-3000
08047P,臺股指國票9B售12,0,0,0,0,0,0,0,0,0,-3000,0,0,0,0,3000,-3000,-3000
08215P,旺宏群益9B售04  ,0,0,0,0,0,0,0,0,0,-3000,0,0,0,0,3000,-3000,-3000
08362P,國巨凱基02售01  ,0,0,0,0,0,0,0,0,0,-3000,0,0,0,20000,23000,-3000,-3000
061230,臺指反元大01購04,0,0,0,0,0,0,0,0,0,-3000,0,0,0,0,3000,-3000,-3000
061266,國泰金凱基9B購01,0,0,0,0,0,0,0,0,0,-3000,0,0,0,0,3000,-3000,-3000
057834,聯發科元富02購07,0,0,0,0,0,0,0,0,0,-3000,0,0,0,2000,5000,-3000,-3000
056426,上証2X凱基9A購01,0,0,0,0,0,0,0,0,0,-3000,0,0,0,0,3000,-3000,-3000
056290,正文永豐98購01  ,0,0,0,0,0,0,0,0,0,-3000,0,0,0,0,3000,-3000,-3000
056068,欣興元大97購05  ,0,0,0,0,0,0,0,0,0,-3000,0,0,0,14000,17000,-3000,-3000
057437,可成國票99購01  ,0,0,0,0,0,0,0,0,0,-3000,0,0,0,1000,4000,-3000,-3000
056986,超眾群益98購03  ,0,0,0,0,0,0,0,0,0,-3000,0,0,0,87000,90000,-3000,-3000
057086,立積統一9C購01  ,0,0,0,0,0,0,0,0,0,-3000,0,0,0,4000,7000,-3000,-3000
057409,台虹群益98購02  ,0,0,0,0,0,0,0,0,0,-3000,0,0,0,7000,10000,-3000,-3000
053585,友達元大9C購03  ,0,0,0,0,0,0,0,0,0,-3000,0,0,0,0,3000,-3000,-3000
056516,晶豪科兆豐98購01,0,0,0,0,0,0,0,0,0,-3000,0,0,0,17000,20000,-3000,-3000
059626,台積電凱基01購01,0,0,0,0,0,0,0,0,0,-3000,0,0,0,100000,103000,-3000,-3000
059645,祥碩凱基99購05  ,0,0,0,0,0,0,0,0,0,-3000,0,0,0,0,3000,-3000,-3000
059775,台灣50元大9C購16,0,0,0,0,0,0,0,0,0,-3000,0,0,0,0,3000,-3000,-3000
059782,A50正2元大9C購04,0,0,0,0,0,0,0,0,0,-3000,0,0,0,20000,23000,-3000,-3000
059885,台積電國票99購12,0,0,0,0,0,0,0,0,0,-3000,0,0,0,0,3000,-3000,-3000
059820,南亞科凱基99購07,0,0,0,0,0,0,0,0,0,-3000,0,0,0,0,3000,-3000,-3000
060235,瑞昱元大9A購01  ,0,0,0,0,0,0,0,0,0,-3000,0,0,0,1000,4000,-3000,-3000
060200,同欣電元富9A購01,0,0,0,0,0,0,0,0,0,-3000,0,0,0,0,3000,-3000,-3000
059187,國巨富邦9B購02  ,0,0,0,0,0,0,0,0,0,-3000,0,0,0,12000,15000,-3000,-3000
058556,百和永豐99購01  ,0,0,0,0,0,0,0,0,0,-3000,0,0,0,52000,55000,-3000,-3000
058558,鴻海日盛9A購02  ,0,0,0,0,0,0,0,0,0,-3000,0,0,0,7000,10000,-3000,-3000
058574,台積電群益99購03,0,0,0,0,0,0,0,0,0,-3000,0,0,0,0,3000,-3000,-3000
058946,SGBR2X群益9B購01,0,0,0,0,0,0,0,0,0,-3000,0,0,0,32000,35000,-3000,-3000
058919,SGBR2X元富99購05,0,0,0,0,0,0,0,0,0,-3000,0,0,0,0,3000,-3000,-3000
058984,全新凱基9A購03  ,0,0,0,0,0,0,0,0,0,-3000,0,0,0,2000,5000,-3000,-3000
058996,台達電元大99購02,0,0,0,0,0,0,0,0,0,-3000,0,0,0,10000,13000,-3000,-3000
061148,道瓊反群益9A購02,0,0,0,0,0,0,0,0,0,-3000,0,0,0,0,3000,-3000,-3000
061150,國巨群益9A購09  ,0,0,0,0,0,0,0,0,0,-3000,0,0,0,21000,24000,-3000,-3000
060370,滬深2X元富04購01,0,0,0,0,0,0,0,0,0,-3000,0,0,0,20000,23000,-3000,-3000
058514,潤泰全元大99購01,0,0,0,0,0,0,0,0,0,-3000,0,0,0,0,3000,-3000,-3000
06074P,台積電凱基98售04,0,0,0,0,0,0,0,0,0,-3000,0,0,0,0,3000,-3000,-3000
060351,滬深2X元富9A購01,0,0,0,0,0,0,0,0,0,-3000,0,0,0,0,3000,-3000,-3000
057861,台積電凱基98購16,0,0,0,0,0,0,0,0,0,-3000,0,0,0,0,3000,-3000,-3000
058004,大立光群益98購03,0,0,0,0,0,0,0,0,0,-3000,0,0,0,12000,15000,-3000,-3000
061644,健策元大9C購02  ,0,0,0,0,0,0,0,0,0,-3000,0,0,0,58000,61000,-3000,-3000
061950,日月光群益9B購01,0,0,0,0,0,0,0,0,0,-3000,0,0,0,55000,58000,-3000,-3000
062024,臺股指中信9C購05,0,0,0,0,0,0,0,0,0,-3000,0,0,0,0,3000,-3000,-3000
062409,巨大永豐9B購02  ,0,0,0,0,0,0,0,0,0,-3000,0,0,0,0,3000,-3000,-3000
062537,聯電國泰9C購01  ,0,0,0,0,0,0,0,0,0,-3000,0,0,0,661000,664000,-3000,-3000
063211,道瓊銀國票9B購01,0,0,0,0,0,0,0,0,0,-3000,0,0,0,2000,5000,-3000,-3000
063272,GIS兆豐9C購01   ,0,0,0,0,0,0,0,0,0,-3000,0,0,0,85000,88000,-3000,-3000
062972,京元電元富9B購01,0,0,0,0,0,0,0,0,0,-3000,0,0,0,208000,211000,-3000,-3000
063124,奇力新元大9B購05,0,0,0,0,0,0,0,0,0,-3000,0,0,0,0,3000,-3000,-3000
06386P,欣興永豐97售03  ,0,0,0,0,0,0,0,0,0,-3000,0,0,0,8000,11000,-3000,-3000
064031,玉晶光元大02購01,0,0,0,0,0,0,0,0,0,-3000,0,0,0,75000,78000,-3000,-3000
064056,GIS統一01購02   ,0,0,0,0,0,0,0,0,0,-3000,0,0,0,63000,66000,-3000,-3000
064326,裕隆元大9C購01  ,0,0,0,0,0,0,0,0,0,-3000,0,0,0,74000,77000,-3000,-3000
064170,儒鴻元富9C購01  ,0,0,0,0,0,0,0,0,0,-3000,0,0,0,47000,50000,-3000,-3000
064243,TPK統一02購02   ,0,0,0,0,0,0,0,0,0,-3000,0,0,0,68000,71000,-3000,-3000
064575,鈺齊群益9C購01  ,0,0,0,0,0,0,0,0,0,-3000,0,0,0,11000,14000,-3000,-3000
6641,基士德-KY       ,1000,4000,-3000,0,0,0,0,0,0,0,0,0,0,0,0,0,-3000
9188,精熙-DR         ,0,3000,-3000,0,0,0,0,0,0,0,0,0,0,0,0,0,-3000
08383P,智邦群益9C售03  ,0,0,0,0,0,0,0,0,0,-4000,0,0,0,0,4000,-4000,-4000
08375P,聯電元富9C售02  ,0,0,0,0,0,0,0,0,0,-4000,0,0,0,111000,115000,-4000,-4000
08552P,華新科群益9C售04,0,0,0,0,0,0,0,0,0,-4000,0,0,0,0,4000,-4000,-4000
4739,康普            ,64000,68000,-4000,0,0,0,0,0,0,0,0,0,0,0,0,0,-4000
3046,建碁            ,11000,15000,-4000,0,0,0,0,0,0,0,0,0,0,0,0,0,-4000
07877P,晶技永豐9B售01  ,0,0,0,0,0,0,0,0,0,-4000,0,0,0,26000,30000,-4000,-4000
07141P,台灣50國票9A售03,0,0,0,0,0,0,0,0,0,-4000,0,0,0,20000,24000,-4000,-4000
06892P,聯鈞元富98售01  ,0,0,0,0,0,0,0,0,0,-4000,0,0,0,0,4000,-4000,-4000
064889,T50反1群益9C購02,0,0,0,0,0,0,0,0,0,-4000,0,0,0,0,4000,-4000,-4000
065368,技嘉元大9C購04  ,0,0,0,0,0,0,0,0,0,-4000,0,0,0,21000,25000,-4000,-4000
065413,玉晶光永豐9C購10,0,0,0,0,0,0,0,0,0,-4000,0,0,0,3000,7000,-4000,-4000
065287,華新科群益01購03,0,0,0,0,0,0,0,0,0,-4000,0,0,0,0,4000,-4000,-4000
056590,樺漢統一9A購01  ,0,0,0,0,0,0,0,0,0,-4000,0,0,0,4000,8000,-4000,-4000
057779,禾伸堂群益98購02,0,0,0,0,0,0,0,0,0,-4000,0,0,0,2000,6000,-4000,-4000
054961,玉晶光元大99購01,0,0,0,0,0,0,0,0,0,-4000,0,0,0,5000,9000,-4000,-4000
054565,玉晶光群益99購02,0,0,0,0,0,0,0,0,0,-4000,0,0,0,0,4000,-4000,-4000
055176,大毅統一98購02  ,0,0,0,0,0,0,0,0,0,-4000,0,0,0,56000,60000,-4000,-4000
00866,新光Shiller CAPE,0,0,0,0,0,0,0,0,0,-4000,0,0,0,26000,30000,-4000,-4000
057078,國巨統一9A購02  ,30000,0,30000,0,0,0,0,0,0,-34000,0,0,0,0,34000,-34000,-4000
056981,全新群益99購03  ,0,0,0,0,0,0,0,0,0,-4000,0,0,0,0,4000,-4000,-4000
056954,聯詠富邦9A購01  ,0,0,0,0,0,0,0,0,0,-4000,0,0,0,195000,199000,-4000,-4000
056080,世紀鋼元大97購03,0,0,0,0,0,0,0,0,0,-4000,0,0,0,0,4000,-4000,-4000
056233,超眾凱基97購02  ,0,0,0,0,0,0,0,0,0,-4000,0,0,0,6000,10000,-4000,-4000
057625,泰鼎國泰9A購01  ,0,0,0,0,0,0,0,0,0,-4000,0,0,0,0,4000,-4000,-4000
061238,晶技元大9A購02  ,0,0,0,0,0,0,0,0,0,-4000,0,0,0,96000,100000,-4000,-4000
061296,台積電國泰9C購01,0,0,0,0,0,0,0,0,0,-4000,0,0,0,0,4000,-4000,-4000
061589,世紀鋼富邦9B購01,0,0,0,0,0,0,0,0,0,-4000,0,0,0,20000,24000,-4000,-4000
061513,華新科永豐9A購04,0,0,0,0,0,0,0,0,0,-4000,0,0,0,30000,34000,-4000,-4000
061781,台積電群益9C購01,0,0,0,0,0,0,0,0,0,-4000,0,0,0,17000,21000,-4000,-4000
061777,臺指反群益9B購01,0,0,0,0,0,0,0,0,0,-4000,0,0,0,0,4000,-4000,-4000
058535,玉晶光統一9A購06,0,0,0,0,0,0,0,0,0,-4000,0,0,0,0,4000,-4000,-4000
062288,南六群益9B購01  ,0,0,0,0,0,0,0,0,0,-4000,0,0,0,1000,5000,-4000,-4000
057961,茂林元大9A購01  ,0,0,0,0,0,0,0,0,0,-4000,0,0,0,96000,100000,-4000,-4000
057941,聯電國票99購01  ,0,0,0,0,0,0,0,0,0,-4000,0,0,0,82000,86000,-4000,-4000
060345,聯發科統一9B購05,0,0,0,0,0,0,0,0,0,-4000,0,0,0,0,4000,-4000,-4000
060789,禾伸堂富邦9B購02,0,0,0,0,0,0,0,0,0,-4000,0,0,0,1000,5000,-4000,-4000
060695,同欣電麥證9A購01,0,0,0,0,44000,-44000,0,0,0,-4000,0,0,0,40000,44000,-4000,-4000
059299,欣興元富99購03  ,0,0,0,0,0,0,0,0,0,-4000,0,0,0,0,4000,-4000,-4000
060406,瑞祺國泰9B購01  ,0,0,0,0,0,0,0,0,0,-4000,0,0,0,56000,60000,-4000,-4000
058389,聯茂國票9A購01  ,0,0,0,0,0,0,0,0,0,-4000,0,0,0,13000,17000,-4000,-4000
060931,GIS永豐9A購01   ,0,0,0,0,0,0,0,0,0,-4000,0,0,0,0,4000,-4000,-4000
060903,臺指反元大9A購01,0,0,0,0,0,0,0,0,0,-4000,0,0,0,0,4000,-4000,-4000
058202,鴻海凱基9A購04  ,0,0,0,0,0,0,0,0,0,-4000,0,0,0,60000,64000,-4000,-4000
058795,可成元大99購03  ,0,0,0,0,0,0,0,0,0,-4000,0,0,0,0,4000,-4000,-4000
058738,FBVIX中信03購04 ,0,0,0,0,0,0,0,0,0,-4000,0,0,0,0,4000,-4000,-4000
059169,可成凱基99購04  ,0,0,0,0,0,0,0,0,0,-4000,0,0,0,0,4000,-4000,-4000
059234,台灣50凱基9C購03,0,0,0,0,0,0,0,0,0,-4000,0,0,0,0,4000,-4000,-4000
059203,勤誠永豐99購02  ,0,0,0,0,0,0,0,0,0,-4000,0,0,0,10000,14000,-4000,-4000
060204,矽創元富9A購01  ,0,0,0,0,0,0,0,0,0,-4000,0,0,0,40000,44000,-4000,-4000
059476,道瓊指群益9C購01,0,0,0,0,0,0,0,0,0,-4000,0,0,0,0,4000,-4000,-4000
064556,華通群益02購02  ,0,0,0,0,0,0,0,0,0,-4000,0,0,0,0,4000,-4000,-4000
064590,牧德永豐9C購01  ,0,0,0,0,0,0,0,0,0,-4000,0,0,0,1000,5000,-4000,-4000
064544,國巨凱基9C購09  ,0,0,0,0,0,0,0,0,0,-4000,0,0,0,57000,61000,-4000,-4000
064634,臺股指元大9C購20,0,0,0,0,0,0,0,0,0,-4000,0,0,0,0,4000,-4000,-4000
064217,GIS凱基02購02   ,0,0,0,0,0,0,0,0,0,-4000,0,0,0,57000,61000,-4000,-4000
063851,健策元大01購01  ,0,0,0,0,0,0,0,0,0,-4000,0,0,0,57000,61000,-4000,-4000
063761,嘉澤統一02購01  ,0,0,0,0,0,0,0,0,0,-4000,0,0,0,10000,14000,-4000,-4000
06378P,國巨統一97售08  ,0,0,0,0,0,0,0,0,0,-4000,0,0,0,36000,40000,-4000,-4000
063786,瑞昱中信06購01  ,0,0,0,0,0,0,0,0,0,-4000,0,0,0,35000,39000,-4000,-4000
06350P,臺股指台新99售02,0,0,0,0,0,0,0,0,0,-4000,0,0,0,0,4000,-4000,-4000
063078,元金2X凱基02購03,0,0,0,0,0,0,0,0,0,-4000,0,0,0,1000,5000,-4000,-4000
06259P,臺股指群益97售12,0,0,0,0,0,0,0,0,0,-4000,0,0,0,21000,25000,-4000,-4000
062464,T50反1凱基9C購03,0,0,0,0,0,0,0,0,0,-4000,0,0,0,45000,49000,-4000,-4000
062366,義隆元大9B購04  ,0,0,0,0,0,0,0,0,0,-4000,0,0,0,11000,15000,-4000,-4000
062016,美食永豐9B購01  ,0,0,0,0,0,0,0,0,0,-4000,0,0,0,0,4000,-4000,-4000
8429,金麗-KY         ,157000,161000,-4000,0,0,0,0,0,0,0,0,0,0,0,0,0,-4000
6115,鎰勝            ,11000,15000,-4000,0,0,0,0,0,0,0,0,0,0,0,0,0,-4000
065372,漢唐元大9C購02  ,0,0,0,0,0,0,0,0,0,-5000,0,0,0,0,5000,-5000,-5000
065384,南電元大9C購07  ,0,0,0,0,0,0,0,0,0,-5000,0,0,0,2000,7000,-5000,-5000
06592P,欣興元大98售04  ,0,0,0,0,0,0,0,0,0,-5000,0,0,0,37000,42000,-5000,-5000
065116,臺股指國票9C購13,0,0,0,0,0,0,0,0,0,-5000,0,0,0,11000,16000,-5000,-5000
065133,SP黃豆凱基02購01,0,0,0,0,0,0,0,0,0,-5000,0,0,0,0,5000,-5000,-5000
064882,同欣電兆豐9C購01,0,0,0,0,0,0,0,0,0,-5000,0,0,0,0,5000,-5000,-5000
064871,緯穎永豐9C購03  ,0,0,0,0,0,0,0,0,0,-5000,0,0,0,0,5000,-5000,-5000
064845,華通元富9C購02  ,0,0,0,0,0,0,0,0,0,-5000,0,0,0,0,5000,-5000,-5000
06481P,台積電凱基98售12,0,0,0,0,0,0,0,0,0,-5000,0,0,0,1000,6000,-5000,-5000
064792,美律國票9C購01  ,0,0,0,0,0,0,0,0,0,-5000,0,0,0,0,5000,-5000,-5000
06908P,健策國泰99售02  ,0,0,0,0,0,0,0,0,0,-5000,0,0,0,25000,30000,-5000,-5000
06728P,全新元大98售03  ,0,0,0,0,0,0,0,0,0,-5000,0,0,0,45000,50000,-5000,-5000
06758P,鴻海元大98售10  ,0,0,0,0,0,0,0,0,0,-5000,0,0,0,0,5000,-5000,-5000
06767P,台積電永昌99售03,0,0,0,0,0,0,0,0,0,-5000,0,0,0,0,5000,-5000,-5000
06776P,鴻海元大99售05  ,0,0,0,0,0,0,0,0,0,-5000,0,0,0,0,5000,-5000,-5000
06794P,臺股指凱基98售04,0,0,0,0,0,0,0,0,0,-5000,0,0,0,0,5000,-5000,-5000
07259P,滬深2X國票01售01,0,0,0,0,0,0,0,0,0,-5000,0,0,0,0,5000,-5000,-5000
07233P,台灣50元大99售04,0,0,0,0,0,0,0,0,0,-5000,0,0,0,55000,60000,-5000,-5000
07855P,旺宏凱基9A售09  ,0,0,0,0,0,0,0,0,0,-5000,0,0,0,7000,12000,-5000,-5000
07903P,台積電群益9B售03,0,0,0,0,0,0,0,0,0,-5000,0,0,0,15000,20000,-5000,-5000
07935P,臺股指國票9B售07,0,0,0,0,0,0,0,0,0,-5000,0,0,0,0,5000,-5000,-5000
07930P,聯發科統一9B售06,0,0,0,0,0,0,0,0,0,-5000,0,0,0,0,5000,-5000,-5000
07949P,滬深2X元大9B售04,0,0,0,0,0,0,0,0,0,-5000,0,0,0,494000,499000,-5000,-5000
07752P,台灣50元大9C售33,0,0,0,0,0,0,0,0,0,-5000,0,0,0,0,5000,-5000,-5000
07448P,台灣50元大9A售08,0,0,0,0,0,0,0,0,0,-5000,0,0,0,0,5000,-5000,-5000
07639P,緯穎國票9A售01  ,0,0,0,0,0,0,0,0,0,-5000,0,0,0,34000,39000,-5000,-5000
07651P,道瓊指中信01售01,0,0,0,0,0,0,0,0,0,-5000,0,0,0,15000,20000,-5000,-5000
07673P,電子類元大9A售01,0,0,0,0,0,0,0,0,0,-5000,0,0,0,0,5000,-5000,-5000
2832,台產            ,13000,18000,-5000,0,0,0,0,0,0,0,0,0,0,0,0,0,-5000
2850,新產            ,8000,13000,-5000,0,0,0,0,0,0,0,0,0,0,0,0,0,-5000
3702A,大聯大甲特      ,0,0,0,0,0,0,0,0,0,-5000,1000,6000,-5000,0,0,0,-5000
08489P,臺股指群益9C售20,0,0,0,0,0,0,0,0,0,-5000,0,0,0,0,5000,-5000,-5000
08318P,台積電台新01售01,0,0,0,0,0,0,0,0,0,-5000,0,0,0,0,5000,-5000,-5000
08197P,聯發科元大9B售24,0,0,0,0,0,0,0,0,0,-5000,0,0,0,0,5000,-5000,-5000
08264P,南電元大9C售02  ,0,0,0,0,0,0,0,0,0,-5000,0,0,0,0,5000,-5000,-5000
08028P,臺股指元大9B售30,0,0,0,0,0,0,0,0,0,-5000,0,0,0,5000,10000,-5000,-5000
08170P,緯穎群益9B售03  ,0,0,0,0,0,0,0,0,0,-5000,0,0,0,36000,41000,-5000,-5000
056790,彩晶群益98購03  ,0,0,0,0,0,0,0,0,0,-5000,0,0,0,0,5000,-5000,-5000
061363,儒鴻國票9B購01  ,0,0,0,0,0,0,0,0,0,-5000,0,0,0,0,5000,-5000,-5000
061404,臺指反國票04購01,0,0,0,0,0,0,0,0,0,-5000,0,0,0,0,5000,-5000,-5000
056748,T50反1兆豐99購01,0,0,0,0,0,0,0,0,0,-5000,0,0,0,0,5000,-5000,-5000
056754,智易兆豐99購01  ,0,0,0,0,0,0,0,0,0,-5000,0,0,0,0,5000,-5000,-5000
057179,可成元大98購04  ,0,0,0,0,0,0,0,0,0,-5000,0,0,0,66000,71000,-5000,-5000
056723,國巨中信9A購01  ,0,0,0,0,0,0,0,0,0,-5000,0,0,0,13000,18000,-5000,-5000
056664,上証反中信9B購01,0,0,0,0,0,0,0,0,0,-5000,0,0,0,0,5000,-5000,-5000
03052X,元展49          ,0,0,0,0,0,0,0,0,0,-5000,0,0,0,0,5000,-5000,-5000
048572,美利達元大96購04,0,0,0,0,0,0,0,0,0,-5000,0,0,0,0,5000,-5000,-5000
054467,隆達凱基97購01  ,0,0,0,0,0,0,0,0,0,-5000,0,0,0,15000,20000,-5000,-5000
055271,鴻海元大98購03  ,0,0,0,0,0,0,0,0,0,-5000,0,0,0,0,5000,-5000,-5000
054976,上証2X元富9A購01,0,0,0,0,0,0,0,0,0,-5000,0,0,0,0,5000,-5000,-5000
055071,群電永豐97購01  ,0,0,0,0,0,0,0,0,0,-5000,0,0,0,0,5000,-5000,-5000
054844,華邦電兆豐98購01,0,0,0,0,0,0,0,0,0,-5000,0,0,0,0,5000,-5000,-5000
056586,光罩統一98購02  ,0,0,0,0,0,0,0,0,0,-5000,0,0,0,168000,173000,-5000,-5000
053593,晶技元大98購01  ,0,0,0,0,0,0,0,0,0,-5000,0,0,0,130000,135000,-5000,-5000
059505,上証2X永豐99購02,0,0,0,0,0,0,0,0,0,-5000,0,0,0,0,5000,-5000,-5000
059790,立積元大9C購02  ,0,0,0,0,0,0,0,0,0,-5000,0,0,0,5000,10000,-5000,-5000
059719,台積電元大99購42,0,0,0,0,0,0,0,0,0,-5000,0,0,0,15000,20000,-5000,-5000
059660,華新科元大9A購04,0,0,0,0,0,0,0,0,0,-5000,0,0,0,0,5000,-5000,-5000
059702,台積電凱基9A購14,0,0,0,0,0,0,0,0,0,-5000,0,0,0,0,5000,-5000,-5000
058295,欣興凱基99購02  ,0,0,0,0,0,0,0,0,0,-5000,0,0,0,221000,226000,-5000,-5000
059537,大立光凱基99購09,0,0,0,0,0,0,0,0,0,-5000,0,0,0,0,5000,-5000,-5000
059219,旺宏元大99購12  ,0,0,0,0,0,0,0,0,0,-5000,0,0,0,0,5000,-5000,-5000
059249,大立光凱基99購05,0,0,0,0,0,0,0,0,0,-5000,0,0,0,0,5000,-5000,-5000
059174,訊芯凱基99購01  ,0,0,0,0,0,0,0,0,0,-5000,0,0,0,32000,37000,-5000,-5000
059189,國泰金富邦9B購01,0,0,0,0,0,0,0,0,0,-5000,0,0,0,0,5000,-5000,-5000
058820,致茂國泰9B購01  ,0,0,0,0,0,0,0,0,0,-5000,0,0,0,10000,15000,-5000,-5000
059083,華通元大99購07  ,0,0,0,0,0,0,0,0,0,-5000,0,0,0,3000,8000,-5000,-5000
058238,奇鋐元大99購02  ,0,0,0,0,0,0,0,0,0,-5000,0,0,0,10000,15000,-5000,-5000
058215,貿聯群益99購02  ,0,0,0,0,0,0,0,0,0,-5000,0,0,0,0,5000,-5000,-5000
059039,致伸群益99購01  ,0,0,0,0,0,0,0,0,0,-5000,0,0,0,93000,98000,-5000,-5000
058347,玉晶光群益9B購01,0,0,0,0,0,0,0,0,0,-5000,0,0,0,68000,73000,-5000,-5000
058447,玉晶光富邦9A購02,0,0,0,0,0,0,0,0,0,-5000,0,0,0,0,5000,-5000,-5000
060402,神隆國泰9B購01  ,0,0,0,0,0,0,0,0,0,-5000,0,0,0,48000,53000,-5000,-5000
058486,大立光國票9A購01,0,0,0,0,0,0,0,0,0,-5000,0,0,0,0,5000,-5000,-5000
060761,南亞科元大9A購05,0,0,0,0,0,0,0,0,0,-5000,0,0,0,0,5000,-5000,-5000
060311,盟立永豐9A購01  ,0,0,0,0,0,0,0,0,0,-5000,0,0,0,2000,7000,-5000,-5000
060571,京元電永豐9A購01,0,0,0,0,0,0,0,0,0,-5000,0,0,0,115000,120000,-5000,-5000
057927,勤誠凱基98購01  ,0,0,0,0,0,0,0,0,0,-5000,0,0,0,0,5000,-5000,-5000
057962,超眾元大99購03  ,0,0,0,0,0,0,0,0,0,-5000,0,0,0,115000,120000,-5000,-5000
062280,大立光群益9C購01,0,0,0,0,0,0,0,0,0,-5000,0,0,0,0,5000,-5000,-5000
061897,泰碩永豐9B購01  ,0,0,0,0,0,0,0,0,0,-5000,0,0,0,0,5000,-5000,-5000
058119,華新亞東99購01  ,0,0,0,0,0,0,0,0,0,-5000,0,0,0,0,5000,-5000,-5000
061778,元金2X群益9B購02,0,0,0,0,0,0,0,0,0,-5000,0,0,0,0,5000,-5000,-5000
061757,T50反1元大9B購01,0,0,0,0,0,0,0,0,0,-5000,0,0,0,0,5000,-5000,-5000
061758,T50反1元大9B購02,0,0,0,0,0,0,0,0,0,-5000,0,0,0,0,5000,-5000,-5000
061759,上証反元大02購01,0,0,0,0,0,0,0,0,0,-5000,0,0,0,0,5000,-5000,-5000
061707,超眾國票9B購01  ,0,0,0,0,0,0,0,0,0,-5000,0,0,0,7000,12000,-5000,-5000
062030,旭富群益9B購01  ,0,0,0,0,0,0,0,0,0,-5000,0,0,0,5000,10000,-5000,-5000
061949,大立光群益9B購03,0,0,0,0,0,0,0,0,0,-5000,0,0,0,30000,35000,-5000,-5000
062059,聯發科統一9C購06,0,0,0,0,0,0,0,0,0,-5000,0,0,0,40000,45000,-5000,-5000
062201,臺指反國票9B購05,0,0,0,0,0,0,0,0,0,-5000,0,0,0,60000,65000,-5000,-5000
062355,華通元大9B購03  ,0,0,0,0,0,0,0,0,0,-5000,0,0,0,0,5000,-5000,-5000
062625,華通國票9B購02  ,0,0,0,0,0,0,0,0,0,-5000,0,0,0,10000,15000,-5000,-5000
062830,玉晶光群益01購05,0,0,0,0,0,0,0,0,0,-5000,0,0,0,0,5000,-5000,-5000
062666,和碩群益9B購01  ,0,0,0,0,0,0,0,0,0,-5000,0,0,0,468000,473000,-5000,-5000
062877,可成兆豐9C購01  ,0,0,0,0,0,0,0,0,0,-5000,0,0,0,15000,20000,-5000,-5000
062898,華通元大9B購05  ,0,0,0,0,0,0,0,0,0,-5000,0,0,0,0,5000,-5000,-5000
06327P,台積電中信01售01,0,0,0,0,0,0,0,0,0,-5000,0,0,0,2000,7000,-5000,-5000
063297,臺指反凱基02購01,0,0,0,0,0,0,0,0,0,-5000,0,0,0,0,5000,-5000,-5000
063229,台表科群益9B購04,0,0,0,0,0,0,0,0,0,-5000,0,0,0,10000,15000,-5000,-5000
063592,瑞祺永豐9B購02  ,0,0,0,0,0,0,0,0,0,-5000,0,0,0,330000,335000,-5000,-5000
063633,金像電元大9B購05,0,0,0,0,0,0,0,0,0,-5000,0,0,0,0,5000,-5000,-5000
063725,聯電元大9C購03  ,0,0,0,0,0,0,0,0,0,-5000,0,0,0,131000,136000,-5000,-5000
064058,儒鴻麥證01購01  ,0,0,0,0,5000,-5000,0,0,0,-5000,0,0,0,0,5000,-5000,-5000
064667,大立光元大02購01,0,0,0,0,0,0,0,0,0,-5000,0,0,0,0,5000,-5000,-5000
064712,聚陽統一02購03  ,0,0,0,0,0,0,0,0,0,-5000,0,0,0,210000,215000,-5000,-5000
064769,漢翔中信9C購01  ,0,0,0,0,0,0,0,0,0,-5000,0,0,0,0,5000,-5000,-5000
064588,玉晶光永豐9C購05,0,0,0,0,0,0,0,0,0,-5000,0,0,0,30000,35000,-5000,-5000
912000,晨訊科-DR       ,0,5000,-5000,0,0,0,0,0,0,0,0,0,0,0,0,0,-5000
08094P,華新科元富9B售05,0,0,0,0,0,0,0,0,0,-6000,0,0,0,39000,45000,-6000,-6000
08517P,奇力新群益9C售03,0,0,0,0,0,0,0,0,0,-6000,0,0,0,0,6000,-6000,-6000
08518P,世芯群益9C售03  ,0,0,0,0,0,0,0,0,0,-6000,0,0,0,0,6000,-6000,-6000
1903,士紙            ,109000,115000,-6000,0,0,0,0,0,0,0,0,0,0,0,0,0,-6000
07929P,旺宏統一9B售07  ,0,0,0,0,0,0,0,0,0,-6000,0,0,0,0,6000,-6000,-6000
06765P,欣興元大98售11  ,0,0,0,0,0,0,0,0,0,-6000,0,0,0,9000,15000,-6000,-6000
064866,義隆永豐9C購02  ,0,0,0,0,0,0,0,0,0,-6000,0,0,0,81000,87000,-6000,-6000
065025,健策永豐9C購02  ,0,0,0,0,0,0,0,0,0,-6000,0,0,0,2000,8000,-6000,-6000
065252,玉晶光永豐9C購08,0,0,0,0,0,0,0,0,0,-6000,0,0,0,10000,16000,-6000,-6000
06613P,華新科富邦9A售03,0,0,0,0,0,0,0,0,0,-6000,0,0,0,16000,22000,-6000,-6000
06674P,祥碩群益98售02  ,0,0,0,0,0,0,0,0,0,-6000,0,0,0,64000,70000,-6000,-6000
065303,國泰金元富9C購01,0,0,0,0,0,0,0,0,0,-6000,0,0,0,0,6000,-6000,-6000
065335,玉晶光台新9C購03,0,0,0,0,0,0,0,0,0,-6000,0,0,0,1000,7000,-6000,-6000
057413,臺股指群益9C購04,0,0,0,0,0,0,0,0,0,-6000,0,0,0,1000,7000,-6000,-6000
057708,臺股指群益98購08,0,0,0,0,0,0,0,0,0,-6000,0,0,0,0,6000,-6000,-6000
054743,聯鈞凱基99購01  ,0,0,0,0,0,0,0,0,0,-6000,0,0,0,4000,10000,-6000,-6000
054789,高鐵群益98購01  ,0,0,0,0,0,0,0,0,0,-6000,0,0,0,6000,12000,-6000,-6000
03433B,臺股指元大9C熊01,0,0,0,0,0,0,0,0,0,-6000,0,0,0,46000,52000,-6000,-6000
052135,聯發科凱基9B購01,0,0,0,0,0,0,0,0,0,-6000,0,0,0,4000,10000,-6000,-6000
00753L,中信中國50正2   ,472000,301000,171000,0,0,0,0,0,0,-177000,0,0,0,491000,668000,-177000,-6000
052417,聯發科兆豐9B購01,0,0,0,0,0,0,0,0,0,-6000,0,0,0,3000,9000,-6000,-6000
055858,聯茂元大97購03  ,0,0,0,0,0,0,0,0,0,-6000,0,0,0,59000,65000,-6000,-6000
057129,聯發科凱基99購03,0,0,0,0,0,0,0,0,0,-6000,0,0,0,0,6000,-6000,-6000
057596,聯茂兆豐99購01  ,0,0,0,0,0,0,0,0,0,-6000,0,0,0,0,6000,-6000,-6000
061425,華新科元大9A購19,0,0,0,0,0,0,0,0,0,-6000,0,0,0,0,6000,-6000,-6000
061295,台積電國泰9B購02,0,0,0,0,0,0,0,0,0,-6000,0,0,0,0,6000,-6000,-6000
061569,旺宏元大9A購14  ,0,0,0,0,0,0,0,0,0,-6000,0,0,0,44000,50000,-6000,-6000
062142,喬山國票9B購01  ,0,0,0,0,0,0,0,0,0,-6000,0,0,0,68000,74000,-6000,-6000
061762,台塑元大9B購01  ,0,0,0,0,0,0,0,0,0,-6000,0,0,0,56000,62000,-6000,-6000
061095,台積電台新9B購03,0,0,0,0,0,0,0,0,0,-6000,0,0,0,5000,11000,-6000,-6000
060775,世芯凱基9A購02  ,0,0,0,0,0,0,0,0,0,-6000,0,0,0,0,6000,-6000,-6000
060684,同欣電元大9A購01,0,0,0,0,0,0,0,0,0,-6000,0,0,0,8000,14000,-6000,-6000
060450,南亞元大9A購02  ,0,0,0,0,0,0,0,0,0,-6000,0,0,0,0,6000,-6000,-6000
061498,大立光國票9A購10,0,0,0,0,0,0,0,0,0,-6000,0,0,0,8000,14000,-6000,-6000
059063,康控凱基99購04  ,0,0,0,0,0,0,0,0,0,-6000,0,0,0,6000,12000,-6000,-6000
06117P,臺股指日盛97售02,0,0,0,0,0,0,0,0,0,-6000,0,0,0,0,6000,-6000,-6000
058813,旺宏統一9B購04  ,0,0,0,0,0,0,0,0,0,-6000,0,0,0,18000,24000,-6000,-6000
058909,神達元大99購03  ,0,0,0,0,0,0,0,0,0,-6000,0,0,0,5000,11000,-6000,-6000
058571,緯穎凱基9A購02  ,0,0,0,0,0,0,0,0,0,-6000,0,0,0,35000,41000,-6000,-6000
058566,聯發科凱基9A購02,0,0,0,0,0,0,0,0,0,-6000,0,0,0,0,6000,-6000,-6000
059727,大立光元大9A購01,0,0,0,0,0,0,0,0,0,-6000,0,0,0,4000,10000,-6000,-6000
064595,超眾統一02購01  ,0,0,0,0,0,0,0,0,0,-6000,0,0,0,200000,206000,-6000,-6000
064519,聯詠群益9C購01  ,0,0,0,0,0,0,0,0,0,-6000,0,0,0,139000,145000,-6000,-6000
064486,聚陽元大9C購01  ,0,0,0,0,0,0,0,0,0,-6000,0,0,0,0,6000,-6000,-6000
06465P,國巨統一98售04  ,0,0,0,0,0,0,0,0,0,-6000,0,0,0,35000,41000,-6000,-6000
06468P,華新科統一98售02,0,0,0,0,0,0,0,0,0,-6000,0,0,0,6000,12000,-6000,-6000
06413P,聯發科凱基97售11,0,0,0,0,0,0,0,0,0,-6000,0,0,0,0,6000,-6000,-6000
063965,漢唐國票01購01  ,0,0,0,0,0,0,0,0,0,-6000,0,0,0,0,6000,-6000,-6000
06364P,鴻海凱基97售08  ,0,0,0,0,0,0,0,0,0,-6000,0,0,0,0,6000,-6000,-6000
063500,嘉晶永豐9B購02  ,0,0,0,0,0,0,0,0,0,-6000,0,0,0,0,6000,-6000,-6000
062897,上銀元大9B購06  ,0,0,0,0,0,0,0,0,0,-6000,0,0,0,2000,8000,-6000,-6000
062941,大立光凱基9B購07,0,0,0,0,0,0,0,0,0,-6000,0,0,0,20000,26000,-6000,-6000
06269P,群創凱基98售10  ,0,0,0,0,0,0,0,0,0,-6000,0,0,0,8000,14000,-6000,-6000
062700,台光電元大9B購05,0,0,0,0,0,0,0,0,0,-6000,0,0,0,5000,11000,-6000,-6000
062801,宏達電統一01購01,0,0,0,0,0,0,0,0,0,-6000,0,0,0,301000,307000,-6000,-6000
062763,華擎凱基9C購02  ,0,0,0,0,0,0,0,0,0,-6000,0,0,0,0,6000,-6000,-6000
062312,大立光凱基9B購03,0,0,0,0,0,0,0,0,0,-6000,0,0,0,0,6000,-6000,-6000
9105,泰金寶-DR       ,74000,80000,-6000,0,0,0,0,0,0,0,0,0,0,0,0,0,-6000
6192,巨路            ,55000,61000,-6000,0,0,0,0,0,0,0,0,0,0,0,0,0,-6000
6415,矽力-KY         ,180095,184514,-4419,0,0,0,1000,0,1000,-3000,1000,4000,-3000,1000,1000,0,-6419
065329,億豐凱基9C購02  ,0,0,0,0,0,0,0,0,0,-7000,0,0,0,0,7000,-7000,-7000
065279,T50反1群益9C購03,0,0,0,0,0,0,0,0,0,-7000,0,0,0,0,7000,-7000,-7000
06585P,鴻海元大99售04  ,0,0,0,0,0,0,0,0,0,-7000,0,0,0,22000,29000,-7000,-7000
065171,燿華元大9C購04  ,0,0,0,0,0,0,0,0,0,-7000,0,0,0,3000,10000,-7000,-7000
064990,世紀鋼元大01購01,0,0,0,0,0,0,0,0,0,-7000,0,0,0,0,7000,-7000,-7000
064983,力成元大9C購04  ,0,0,0,0,0,0,0,0,0,-7000,0,0,0,0,7000,-7000,-7000
065101,力成元大9C購05  ,0,0,0,0,0,0,0,0,0,-7000,0,0,0,1000,8000,-7000,-7000
07672P,南電元大9A售05  ,0,0,0,0,0,0,0,0,0,-7000,0,0,0,20000,27000,-7000,-7000
08260P,大立光元大9C售08,0,0,0,0,0,0,0,0,0,-7000,0,0,0,0,7000,-7000,-7000
08345P,大立光元大9C售14,0,0,0,0,0,0,0,0,0,-7000,0,0,0,25000,32000,-7000,-7000
061231,聚陽元大9A購02  ,0,0,0,0,0,0,0,0,0,-7000,0,0,0,43000,50000,-7000,-7000
061628,緯穎群益9A購04  ,0,0,0,0,0,0,0,0,0,-7000,0,0,0,0,7000,-7000,-7000
058956,健策國票9A購02  ,0,0,0,0,0,0,0,0,0,-7000,0,0,0,3000,10000,-7000,-7000
061350,牧德元大9B購03  ,0,0,0,0,0,0,0,0,0,-7000,0,0,0,9000,16000,-7000,-7000
057609,友訊元富98購01  ,0,0,0,0,0,0,0,0,0,-7000,0,0,0,43000,50000,-7000,-7000
057815,信邦元大98購01  ,0,0,0,0,0,0,0,0,0,-7000,0,0,0,0,7000,-7000,-7000
055603,超眾元大97購04  ,0,0,0,0,0,0,0,0,0,-7000,0,0,0,10000,17000,-7000,-7000
057750,神達國票99購01  ,0,0,0,0,0,0,0,0,0,-7000,0,0,0,0,7000,-7000,-7000
059435,大立光元大99購17,0,0,0,0,0,0,0,0,0,-7000,0,0,0,0,7000,-7000,-7000
060075,台積電元富99購05,0,0,0,0,0,0,0,0,0,-7000,0,0,0,0,7000,-7000,-7000
059027,神達台新99購02  ,0,0,0,0,0,0,0,0,0,-7000,0,0,0,0,7000,-7000,-7000
060293,緯創元大9A購01  ,0,0,0,0,0,0,0,0,0,-7000,0,0,0,12000,19000,-7000,-7000
060352,滬深2X元富9A購02,0,0,0,0,0,0,0,0,0,-7000,0,0,0,0,7000,-7000,-7000
061767,信邦元大9B購01  ,0,0,0,0,0,0,0,0,0,-7000,0,0,0,0,7000,-7000,-7000
061705,健策國票9A購06  ,0,0,0,0,0,0,0,0,0,-7000,0,0,0,3000,10000,-7000,-7000
061901,柏文永豐9B購01  ,0,0,0,0,0,0,0,0,0,-7000,0,0,0,0,7000,-7000,-7000
062319,南六凱基9B購02  ,0,0,0,0,0,0,0,0,0,-7000,0,0,0,48000,55000,-7000,-7000
061879,超眾元大9C購01  ,0,0,0,0,0,0,0,0,0,-7000,0,0,0,349000,356000,-7000,-7000
063350,台表科統一02購02,0,0,0,0,0,0,0,0,0,-7000,0,0,0,80000,87000,-7000,-7000
063213,智伸科國票9C購01,0,0,0,0,0,0,0,0,0,-7000,0,0,0,80000,87000,-7000,-7000
064133,力成元大9C購01  ,0,0,0,0,0,0,0,0,0,-7000,0,0,0,0,7000,-7000,-7000
064014,貿聯國票01購01  ,0,0,0,0,0,0,0,0,0,-7000,0,0,0,53000,60000,-7000,-7000
6605,帝寶            ,37000,44000,-7000,0,0,0,0,0,0,0,0,0,0,0,0,0,-7000
5225,東科-KY         ,25000,32000,-7000,0,0,0,0,0,0,0,0,0,0,0,0,0,-7000
08246P,亞德客群益01售01,0,0,0,0,0,0,0,0,0,-8000,0,0,0,16000,24000,-8000,-8000
08203P,同欣電永豐9B售04,0,0,0,0,0,0,0,0,0,-8000,0,0,0,0,8000,-8000,-8000
08145P,台灣50群益9B售11,0,0,0,0,0,0,0,0,0,-8000,0,0,0,30000,38000,-8000,-8000
2939,凱羿-KY         ,44000,52000,-8000,0,0,0,0,0,0,0,0,0,0,0,0,0,-8000
07416P,台積電元大99售53,0,0,0,0,0,0,0,0,0,-8000,0,0,0,64000,72000,-8000,-8000
07560P,台積電國泰9B售01,0,0,0,0,0,0,0,0,0,-8000,0,0,0,112000,120000,-8000,-8000
06983P,台積電國泰9A售02,0,0,0,0,0,0,0,0,0,-8000,0,0,0,0,8000,-8000,-8000
07246P,旺宏凱基99售08  ,0,0,0,0,0,0,0,0,0,-8000,0,0,0,0,8000,-8000,-8000
064959,巨大凱基9C購02  ,0,0,0,0,0,0,0,0,0,-8000,0,0,0,0,8000,-8000,-8000
065169,華邦電元大9C購03,0,0,0,0,0,0,0,0,0,-8000,0,0,0,0,8000,-8000,-8000
06689P,鴻海中信9C售02  ,0,0,0,0,0,0,0,0,0,-8000,0,0,0,23000,31000,-8000,-8000
056585,台積電統一9A購01,0,0,0,0,0,0,0,0,0,-8000,0,0,0,0,8000,-8000,-8000
00771,元大US高息特別股,0,0,0,0,0,0,0,0,0,-8000,0,0,0,3000,11000,-8000,-8000
00646,元大S&P500      ,0,633000,-633000,0,0,0,0,0,0,625000,0,0,0,1700000,1075000,625000,-8000
055327,致新國票98購01  ,0,0,0,0,0,0,0,0,0,-8000,0,0,0,25000,33000,-8000,-8000
056763,國巨元大99購02  ,0,0,0,0,0,0,0,0,0,-8000,0,0,0,11000,19000,-8000,-8000
061443,大立光統一9C購02,0,0,0,0,0,0,0,0,0,-8000,0,0,0,0,8000,-8000,-8000
062263,康控元大9B購03  ,0,0,0,0,0,0,0,0,0,-8000,0,0,0,66000,74000,-8000,-8000
058009,智易國票99購01  ,0,0,0,0,0,0,0,0,0,-8000,0,0,0,0,8000,-8000,-8000
057844,新日興永豐99購01,0,0,0,0,0,0,0,0,0,-8000,0,0,0,0,8000,-8000,-8000
062082,嘉晶元大9B購01  ,0,0,0,0,0,0,0,0,0,-8000,0,0,0,0,8000,-8000,-8000
061928,群創凱基9B購06  ,0,0,0,0,0,0,0,0,0,-8000,0,0,0,44000,52000,-8000,-8000
060286,佳世達元大9C購01,0,0,0,0,0,0,0,0,0,-8000,0,0,0,65000,73000,-8000,-8000
060636,大毅永豐9A購02  ,0,0,0,0,0,0,0,0,0,-8000,0,0,0,71000,79000,-8000,-8000
058368,奇鋐凱基9A購01  ,0,0,0,0,0,0,0,0,0,-8000,0,0,0,7000,15000,-8000,-8000
059323,新日興元大99購02,0,0,0,0,0,0,0,0,0,-8000,0,0,0,0,8000,-8000,-8000
058244,神達元大99購02  ,0,0,0,0,0,0,0,0,0,-8000,0,0,0,78000,86000,-8000,-8000
061507,南電國票9A購05  ,0,0,0,0,0,0,0,0,0,-8000,0,0,0,12000,20000,-8000,-8000
059992,S&P正2元富9B購04,0,0,0,0,0,0,0,0,0,-8000,0,0,0,0,8000,-8000,-8000
058299,同欣電凱基9A購01,0,0,0,0,0,0,0,0,0,-8000,0,0,0,29000,37000,-8000,-8000
058851,大立光群益99購07,0,0,0,0,0,0,0,0,0,-8000,0,0,0,0,8000,-8000,-8000
059245,聯發科凱基9A購03,0,0,0,0,0,0,0,0,0,-8000,0,0,0,0,8000,-8000,-8000
063636,聯發科元大9B購26,0,0,0,0,0,0,0,0,0,-8000,0,0,0,116000,124000,-8000,-8000
064694,玉晶光群益02購02,0,0,0,0,0,0,0,0,0,-8000,0,0,0,20000,28000,-8000,-8000
064610,儒鴻元大9C購03  ,0,0,0,0,0,0,0,0,0,-8000,0,0,0,6000,14000,-8000,-8000
064577,大立光國泰02購01,0,0,0,0,0,0,0,0,0,-8000,0,0,0,12000,20000,-8000,-8000
063378,茂林永豐9B購02  ,0,0,0,0,0,0,0,0,0,-8000,0,0,0,0,8000,-8000,-8000
063001,巨大國票9B購01  ,0,0,0,0,0,0,0,0,0,-8000,0,0,0,0,8000,-8000,-8000
063150,聯發科元富05購03,0,0,0,0,0,0,0,0,0,-8000,0,0,0,192000,200000,-8000,-8000
062220,台光電統一01購01,0,0,0,0,0,0,0,0,0,-8000,0,0,0,58000,66000,-8000,-8000
062309,燿華凱基9B購01  ,0,0,0,0,0,0,0,0,0,-8000,0,0,0,22000,30000,-8000,-8000
062462,GIS群益9B購01   ,0,0,0,0,0,0,0,0,0,-8000,0,0,0,2000,10000,-8000,-8000
062758,國巨凱基9B購09  ,0,0,0,0,0,0,0,0,0,-8000,0,0,0,19000,27000,-8000,-8000
062802,宏達電統一9B購01,0,0,0,0,0,0,0,0,0,-8000,0,0,0,60000,68000,-8000,-8000
062726,華擎凱基9B購02  ,0,0,0,0,0,0,0,0,0,-8000,0,0,0,0,8000,-8000,-8000
5546,永固-KY         ,3000,11000,-8000,0,0,0,0,0,0,0,0,0,0,0,0,0,-8000
06603P,立積統一99售01  ,0,0,0,0,0,0,0,0,0,-9000,0,0,0,73000,82000,-9000,-9000
065258,華邦電元大01購01,0,0,0,0,0,0,0,0,0,-9000,0,0,0,0,9000,-9000,-9000
06500P,臺股指元大9A售05,0,0,0,0,0,0,0,0,0,-9000,0,0,0,2000,11000,-9000,-9000
07045P,上銀國票9A售01  ,0,0,0,0,0,0,0,0,0,-9000,0,0,0,0,9000,-9000,-9000
06789P,鴻海凱基98售12  ,0,0,0,0,0,0,0,0,0,-9000,0,0,0,2000,11000,-9000,-9000
3383,新世紀          ,18000,27000,-9000,0,0,0,0,0,0,0,0,0,0,0,0,0,-9000
4104,佳醫            ,109000,118000,-9000,0,0,0,0,0,0,0,0,0,0,0,0,0,-9000
08346P,大立光元大9C售15,0,0,0,0,0,0,0,0,0,-9000,0,0,0,15000,24000,-9000,-9000
061232,和大元大9A購03  ,0,0,0,0,0,0,0,0,0,-9000,0,0,0,16000,25000,-9000,-9000
055695,大毅國票98購03  ,0,0,0,0,0,0,0,0,0,-9000,0,0,0,0,9000,-9000,-9000
057045,美律元大99購04  ,0,0,0,0,0,0,0,0,0,-9000,0,0,0,1000,10000,-9000,-9000
056268,新日興統一97購01,0,0,0,0,0,0,0,0,0,-9000,0,0,0,215000,224000,-9000,-9000
057453,矽創元富98購01  ,0,0,0,0,0,0,0,0,0,-9000,0,0,0,1000,10000,-9000,-9000
057465,智易永豐98購02  ,0,0,0,0,0,0,0,0,0,-9000,0,0,0,68000,77000,-9000,-9000
03094X,大立光元大68展08,0,0,0,0,0,0,0,0,0,-9000,0,0,0,0,9000,-9000,-9000
050633,義隆群益96購02  ,0,0,0,0,0,0,0,0,0,-9000,0,0,0,17000,26000,-9000,-9000
051264,道瓊反富邦97購01,0,0,0,0,0,0,0,0,0,-9000,0,0,0,0,9000,-9000,-9000
052945,嘉晶國票97購01  ,0,0,0,0,0,0,0,0,0,-9000,0,0,0,8000,17000,-9000,-9000
053095,台光電統一98購01,0,0,0,0,0,0,0,0,0,-9000,0,0,0,2000,11000,-9000,-9000
053854,聯茂國泰97購02  ,0,0,0,0,0,0,0,0,0,-9000,0,0,0,0,9000,-9000,-9000
054873,帆宣群益99購01  ,0,0,0,0,0,0,0,0,0,-9000,0,0,0,91000,100000,-9000,-9000
059177,臺股指凱基99購28,0,0,0,0,0,0,0,0,0,-9000,0,0,0,0,9000,-9000,-9000
059148,百和國票9A購01  ,0,0,0,0,0,0,0,0,0,-9000,0,0,0,17000,26000,-9000,-9000
059807,大立光元富99購09,16000,0,16000,0,0,0,0,0,0,-25000,0,0,0,0,25000,-25000,-9000
059109,台積電富邦9C購03,0,0,0,0,0,0,0,0,0,-9000,0,0,0,1000,10000,-9000,-9000
058457,創意永豐99購01  ,0,0,0,0,0,0,0,0,0,-9000,0,0,0,84000,93000,-9000,-9000
058484,元金2X國票04購01,0,0,0,0,0,0,0,0,0,-9000,0,0,0,1000,10000,-9000,-9000
058519,嘉澤元大99購01  ,0,0,0,0,0,0,0,0,0,-9000,0,0,0,89000,98000,-9000,-9000
060410,台苯永豐9A購01  ,0,0,0,0,0,0,0,0,0,-9000,0,0,0,16000,25000,-9000,-9000
060848,聯茂國票9A購02  ,0,0,0,0,0,0,0,0,0,-9000,0,0,0,32000,41000,-9000,-9000
060652,滬深2X群益9C購04,0,0,0,0,0,0,0,0,0,-9000,0,0,0,0,9000,-9000,-9000
060735,鴻海統一9C購03  ,0,0,0,0,0,0,0,0,0,-9000,0,0,0,1000,10000,-9000,-9000
061110,超眾元大9A購03  ,0,0,0,0,0,0,0,0,0,-9000,0,0,0,232000,241000,-9000,-9000
062044,健策凱基9B購02  ,0,0,0,0,0,0,0,0,0,-9000,0,0,0,10000,19000,-9000,-9000
061745,南電凱基9B購02  ,0,0,0,0,0,0,0,0,0,-9000,0,0,0,1000,10000,-9000,-9000
062303,台表科中信01購01,0,0,0,0,0,0,0,0,0,-9000,0,0,0,11000,20000,-9000,-9000
062628,廣達國票9B購01  ,0,0,0,0,0,0,0,0,0,-9000,0,0,0,38000,47000,-9000,-9000
062389,台表科國泰01購01,0,0,0,0,0,0,0,0,0,-9000,0,0,0,5000,14000,-9000,-9000
06293P,臺股指國票97售07,0,0,0,0,0,0,0,0,0,-9000,0,0,0,1000,10000,-9000,-9000
062894,道瓊銀元大9B購02,0,0,0,0,0,0,0,0,0,-9000,0,0,0,0,9000,-9000,-9000
063410,南六國票9C購01  ,0,0,0,0,0,0,0,0,0,-9000,0,0,0,29000,38000,-9000,-9000
063495,台光電富邦9C購01,0,0,0,0,0,0,0,0,0,-9000,0,0,0,21000,30000,-9000,-9000
064744,創意國票01購02  ,0,0,0,0,0,0,0,0,0,-9000,0,0,0,61000,70000,-9000,-9000
064220,力山國票01購01  ,0,0,0,0,0,0,0,0,0,-9000,0,0,0,32000,41000,-9000,-9000
06445P,大立光凱基98售09,0,0,0,0,0,0,0,0,0,-9000,0,0,0,1000,10000,-9000,-9000
064467,南亞科元富9C購02,0,0,0,0,0,0,0,0,0,-9000,0,0,0,2000,11000,-9000,-9000
063600,燿華凱基9B購04  ,0,0,0,0,0,0,0,0,0,-9000,0,0,0,1000,10000,-9000,-9000
063583,GIS國泰01購01   ,0,0,0,0,0,0,0,0,0,-9000,0,0,0,12000,21000,-9000,-9000
063560,力山元大9B購05  ,0,0,0,0,0,0,0,0,0,-9000,0,0,0,45000,54000,-9000,-9000
063544,華新科台新9B購02,0,0,0,0,0,0,0,0,0,-9000,0,0,0,10000,19000,-9000,-9000
064125,聯發科元大02購01,0,0,0,0,0,0,0,0,0,-9000,0,0,0,346000,355000,-9000,-9000
064135,復盛元大9C購01  ,0,0,0,0,0,0,0,0,0,-9000,0,0,0,15000,24000,-9000,-9000
063969,晶豪科國票01購01,0,0,0,0,0,0,0,0,0,-9000,0,0,0,6000,15000,-9000,-9000
9910,豐泰            ,577444,262997,314447,0,0,0,0,293000,-293000,-31000,2000,50000,-48000,17000,0,17000,-9553
08304P,大立光中信02售01,0,0,0,0,0,0,0,0,0,-10000,0,0,0,0,10000,-10000,-10000
08301P,台積電兆豐9C售02,0,0,0,0,0,0,0,0,0,-10000,0,0,0,0,10000,-10000,-10000
08239P,南六永豐9B售03  ,0,0,0,0,0,0,0,0,0,-10000,0,0,0,0,10000,-10000,-10000
08245P,台灣50群益9C售05,0,0,0,0,0,0,0,0,0,-10000,0,0,0,0,10000,-10000,-10000
08162P,台灣50台新9C售06,0,0,0,0,0,0,0,0,0,-10000,0,0,0,0,10000,-10000,-10000
08065P,瑞昱凱基9B售03  ,0,0,0,0,0,0,0,0,0,-10000,0,0,0,0,10000,-10000,-10000
07992P,玉晶光群益01售04,0,0,0,0,0,0,0,0,0,-10000,0,0,0,130000,140000,-10000,-10000
08490P,上銀元大9C售08  ,0,0,0,0,0,0,0,0,0,-10000,0,0,0,0,10000,-10000,-10000
08485P,聯發科群益9C售09,0,0,0,0,0,0,0,0,0,-10000,0,0,0,0,10000,-10000,-10000
08424P,群創元富9C售03  ,0,0,0,0,0,0,0,0,0,-10000,0,0,0,13000,23000,-10000,-10000
08463P,台灣50國泰02售02,0,0,0,0,0,0,0,0,0,-10000,0,0,0,0,10000,-10000,-10000
08458P,南電元大9C售04  ,0,0,0,0,0,0,0,0,0,-10000,0,0,0,20000,30000,-10000,-10000
1339,昭輝            ,46000,56000,-10000,0,0,0,0,0,0,0,0,0,0,0,0,0,-10000
1507,永大            ,15000,26000,-11000,0,0,0,0,0,0,1000,1000,0,1000,0,0,0,-10000
3583,辛耘            ,146000,156000,-10000,0,0,0,0,0,0,0,0,0,0,0,0,0,-10000
2887F,台新戊特二      ,0,0,0,0,0,0,0,0,0,-10000,0,10000,-10000,0,0,0,-10000
06752P,訊芯凱基98售05  ,0,0,0,0,0,0,0,0,0,-10000,0,0,0,0,10000,-10000,-10000
06723P,台灣50麥證99售01,0,0,0,0,10000,-10000,0,0,0,-10000,0,0,0,0,10000,-10000,-10000
06841P,臺股指統一9A售02,0,0,0,0,0,0,0,0,0,-10000,0,0,0,0,10000,-10000,-10000
06834P,訊芯群益99售02  ,0,0,0,0,0,0,0,0,0,-10000,0,0,0,0,10000,-10000,-10000
06999P,玉晶光國票9B售01,0,0,0,0,0,0,0,0,0,-10000,0,0,0,0,10000,-10000,-10000
06885P,國巨國票99售06  ,0,0,0,0,0,0,0,0,0,-10000,0,0,0,15000,25000,-10000,-10000
06949P,台表科元大99售01,0,0,0,0,0,0,0,0,0,-10000,0,0,0,0,10000,-10000,-10000
07058P,台積電凱基9A售07,0,0,0,0,0,0,0,0,0,-10000,0,0,0,0,10000,-10000,-10000
07109P,聯發科中信9B售02,0,0,0,0,0,0,0,0,0,-10000,0,0,0,0,10000,-10000,-10000
07211P,南亞科凱基99售05,0,0,0,0,0,0,0,0,0,-10000,0,0,0,0,10000,-10000,-10000
07241P,台灣50國票9A售05,0,0,0,0,0,0,0,0,0,-10000,0,0,0,20000,30000,-10000,-10000
07230P,滬深2X群益01售02,0,0,0,0,0,0,0,0,0,-10000,0,0,0,0,10000,-10000,-10000
07267P,臺股指元大99售23,0,0,0,0,0,0,0,0,0,-10000,0,0,0,0,10000,-10000,-10000
07381P,鴻海群益99售05  ,0,0,0,0,0,0,0,0,0,-10000,0,0,0,10000,20000,-10000,-10000
07354P,臺股指國票99售22,0,0,0,0,0,0,0,0,0,-10000,0,0,0,40000,50000,-10000,-10000
07515P,台積電元大9A售15,0,0,0,0,0,0,0,0,0,-10000,0,0,0,0,10000,-10000,-10000
07718P,臺股指群益9A售07,0,0,0,0,0,0,0,0,0,-10000,0,0,0,0,10000,-10000,-10000
07652P,臺股指中信9A售07,0,0,0,0,0,0,0,0,0,-10000,0,0,0,0,10000,-10000,-10000
07655P,台灣50凱基01售09,0,0,0,0,0,0,0,0,0,-10000,0,0,0,0,10000,-10000,-10000
07619P,鴻海統一9A售03  ,0,0,0,0,0,0,0,0,0,-10000,0,0,0,0,10000,-10000,-10000
07936P,臺股指國票9B售08,0,0,0,0,0,0,0,0,0,-10000,0,0,0,0,10000,-10000,-10000
07978P,茂林群益9B售02  ,0,0,0,0,0,0,0,0,0,-10000,0,0,0,0,10000,-10000,-10000
07898P,國巨國泰9C售02  ,0,0,0,0,0,0,0,0,0,-10000,0,0,0,0,10000,-10000,-10000
07746P,華新科凱基9A售11,0,0,0,0,0,0,0,0,0,-10000,0,0,0,40000,50000,-10000,-10000
07741P,滬深2X凱基9B售04,0,0,0,0,0,0,0,0,0,-10000,0,0,0,0,10000,-10000,-10000
07737P,華通永豐9A售01  ,0,0,0,0,0,0,0,0,0,-10000,0,0,0,0,10000,-10000,-10000
064994,南電兆豐01購01  ,0,0,0,0,0,0,0,0,0,-10000,0,0,0,21000,31000,-10000,-10000
064941,台積電台新9C購04,0,0,0,0,0,0,0,0,0,-10000,0,0,0,0,10000,-10000,-10000
064894,漢唐群益9C購02  ,0,0,0,0,0,0,0,0,0,-10000,0,0,0,0,10000,-10000,-10000
065262,義隆元大9C購06  ,0,0,0,0,0,0,0,0,0,-10000,0,0,0,1000,11000,-10000,-10000
065256,上銀元大9C購10  ,0,0,0,0,0,0,0,0,0,-10000,0,0,0,0,10000,-10000,-10000
065234,旭富凱基01購01  ,0,0,0,0,0,0,0,0,0,-10000,0,0,0,33000,43000,-10000,-10000
065237,茂林凱基01購01  ,0,0,0,0,0,0,0,0,0,-10000,0,0,0,0,10000,-10000,-10000
065240,矽創凱基01購01  ,0,0,0,0,0,0,0,0,0,-10000,0,0,0,0,10000,-10000,-10000
065203,FBVIX國票9C購01 ,0,0,0,0,0,0,0,0,0,-10000,0,0,0,10000,20000,-10000,-10000
065173,可成元大9C購10  ,0,0,0,0,0,0,0,0,0,-10000,0,0,0,1000,11000,-10000,-10000
06514P,國巨凱基98售05  ,0,0,0,0,0,0,0,0,0,-10000,0,0,0,0,10000,-10000,-10000
065137,中鋼凱基01購01  ,0,0,0,0,0,0,0,0,0,-10000,0,0,0,0,10000,-10000,-10000
06582P,可成凱基98售06  ,0,0,0,0,0,0,0,0,0,-10000,0,0,0,90000,100000,-10000,-10000
06693P,臺股指凱基98售01,0,0,0,0,0,0,0,0,0,-10000,0,0,0,5000,15000,-10000,-10000
06697P,台積電國票99售05,0,0,0,0,0,0,0,0,0,-10000,0,0,0,0,10000,-10000,-10000
06715P,台積電元大99售04,0,0,0,0,0,0,0,0,0,-10000,0,0,0,0,10000,-10000,-10000
06717P,可成元大98售09  ,0,0,0,0,0,0,0,0,0,-10000,0,0,0,0,10000,-10000,-10000
06650P,聯發科元大98售09,0,0,0,0,0,0,0,0,0,-10000,0,0,0,0,10000,-10000,-10000
065323,聯發科凱基9C購09,0,0,0,0,0,0,0,0,0,-10000,0,0,0,0,10000,-10000,-10000
065375,神基元大03購01  ,0,0,0,0,0,0,0,0,0,-10000,0,0,0,0,10000,-10000,-10000
06546P,聯發科元大98售05,0,0,0,0,0,0,0,0,0,-10000,0,0,0,0,10000,-10000,-10000
065406,緯穎富邦9C購02  ,0,0,0,0,0,0,0,0,0,-10000,0,0,0,0,10000,-10000,-10000
065408,華通永豐9C購02  ,0,0,0,0,0,0,0,0,0,-10000,0,0,0,0,10000,-10000,-10000
065387,台光電兆豐9C購02,0,0,0,0,0,0,0,0,0,-10000,0,0,0,0,10000,-10000,-10000
054780,中石化群益99購01,0,0,0,0,0,0,0,0,0,-10000,0,0,0,0,10000,-10000,-10000
055039,神達富邦99購01  ,0,0,0,0,0,0,0,0,0,-10000,0,0,0,0,10000,-10000,-10000
054690,新興永豐97購01  ,0,0,0,0,0,0,0,0,0,-10000,0,0,0,0,10000,-10000,-10000
055599,TPK元大97購01   ,0,0,0,0,0,0,0,0,0,-10000,0,0,0,10000,20000,-10000,-10000
055566,台表科凱基97購03,0,0,0,0,0,0,0,0,0,-10000,0,0,0,0,10000,-10000,-10000
055615,宏達電國票99購02,0,0,0,0,0,0,0,0,0,-10000,0,0,0,0,10000,-10000,-10000
055618,麗豐國票98購01  ,0,0,0,0,0,0,0,0,0,-10000,0,0,0,60000,70000,-10000,-10000
054285,國巨元大98購02  ,0,0,0,0,0,0,0,0,0,-10000,0,0,0,0,10000,-10000,-10000
054273,宏達電中信98購01,0,0,0,0,0,0,0,0,0,-10000,0,0,0,0,10000,-10000,-10000
054154,智易國泰97購01  ,0,0,0,0,0,0,0,0,0,-10000,0,0,0,0,10000,-10000,-10000
053768,S&P反1元大99購01,0,0,0,0,0,0,0,0,0,-10000,0,0,0,0,10000,-10000,-10000
053500,新日興兆豐97購01,0,0,0,0,0,0,0,0,0,-10000,0,0,0,0,10000,-10000,-10000
057325,可成群益9A購01  ,0,0,0,0,0,0,0,0,0,-10000,0,0,0,0,10000,-10000,-10000
056537,冠德凱基98購01  ,0,0,0,0,0,0,0,0,0,-10000,0,0,0,12000,22000,-10000,-10000
056600,聯茂元富98購01  ,0,0,0,0,0,0,0,0,0,-10000,0,0,0,0,10000,-10000,-10000
057346,鴻海統一98購13  ,0,0,0,0,0,0,0,0,0,-10000,0,0,0,0,10000,-10000,-10000
045836,群創群益98購01  ,0,0,0,0,0,0,0,0,0,-10000,0,0,0,0,10000,-10000,-10000
043642,元金2X國票97購01,0,0,0,0,0,0,0,0,0,-10000,0,0,0,0,10000,-10000,-10000
053035,台表科兆豐97購01,0,0,0,0,0,0,0,0,0,-10000,0,0,0,0,10000,-10000,-10000
050842,旺宏國票97購01  ,0,0,0,0,0,0,0,0,0,-10000,0,0,0,0,10000,-10000,-10000
048651,美利達元大96購05,0,0,0,0,0,0,0,0,0,-10000,0,0,0,0,10000,-10000,-10000
049636,上証反凱基9A購01,0,0,0,0,0,0,0,0,0,-10000,0,0,0,0,10000,-10000,-10000
03421B,臺股指元大99熊01,0,0,0,0,0,0,0,0,0,-10000,0,0,0,0,10000,-10000,-10000
03026X,元展23          ,0,0,0,0,0,0,0,0,0,-10000,0,0,0,0,10000,-10000,-10000
03450B,臺股指元大9C熊23,0,0,0,0,0,0,0,0,0,-10000,0,0,0,0,10000,-10000,-10000
055307,瑞昱群益97購02  ,0,0,0,0,0,0,0,0,0,-10000,0,0,0,0,10000,-10000,-10000
055258,玉晶光統一97購03,0,0,0,0,0,0,0,0,0,-10000,0,0,0,0,10000,-10000,-10000
057421,智原凱基98購04  ,0,0,0,0,0,0,0,0,0,-10000,0,0,0,0,10000,-10000,-10000
056101,光磊永豐98購01  ,0,0,0,0,0,0,0,0,0,-10000,0,0,0,50000,60000,-10000,-10000
056012,勤誠中信99購01  ,0,0,0,0,0,0,0,0,0,-10000,0,0,0,0,10000,-10000,-10000
056029,國巨麥證98購01  ,0,0,0,0,11000,-11000,0,0,0,-10000,0,0,0,1000,11000,-10000,-10000
056300,聯發科元大97購23,0,0,0,0,0,0,0,0,0,-10000,0,0,0,0,10000,-10000,-10000
056253,京鼎兆豐98購01  ,0,0,0,0,0,0,0,0,0,-10000,0,0,0,0,10000,-10000,-10000
056256,聯茂元富97購03  ,0,0,0,0,0,0,0,0,0,-10000,0,0,0,0,10000,-10000,-10000
055854,群創元大98購04  ,0,0,0,0,0,0,0,0,0,-10000,0,0,0,0,10000,-10000,-10000
056394,晶豪科永豐98購01,0,0,0,0,0,0,0,0,0,-10000,0,0,0,15000,25000,-10000,-10000
056381,台虹元富98購01  ,0,0,0,0,0,0,0,0,0,-10000,0,0,0,0,10000,-10000,-10000
056354,國巨元大98購10  ,0,0,0,0,0,0,0,0,0,-10000,0,0,0,9000,19000,-10000,-10000
057035,元油2X元大9B購03,0,0,0,0,0,0,0,0,0,-10000,0,0,0,0,10000,-10000,-10000
057591,鴻海兆豐99購01  ,0,0,0,0,0,0,0,0,0,-10000,0,0,0,0,10000,-10000,-10000
056979,微星群益98購01  ,0,0,0,0,0,0,0,0,0,-10000,0,0,0,0,10000,-10000,-10000
056970,TPK永豐98購01   ,0,0,0,0,0,0,0,0,0,-10000,0,0,0,0,10000,-10000,-10000
056976,喬山群益98購01  ,0,0,0,0,0,0,0,0,0,-10000,0,0,0,0,10000,-10000,-10000
057168,旺宏元大99購03  ,0,0,0,0,0,0,0,0,0,-10000,0,0,0,0,10000,-10000,-10000
055955,微星元大97購01  ,0,0,0,0,0,0,0,0,0,-10000,0,0,0,0,10000,-10000,-10000
055741,健策元富97購01  ,0,0,0,0,0,0,0,0,0,-10000,0,0,0,0,10000,-10000,-10000
056747,致新凱基99購01  ,0,0,0,0,0,0,0,0,0,-10000,0,0,0,10000,20000,-10000,-10000
057656,大成鋼兆豐98購01,0,0,0,0,0,0,0,0,0,-10000,0,0,0,0,10000,-10000,-10000
057618,台光電凱基99購01,0,0,0,0,0,0,0,0,0,-10000,0,0,0,10000,20000,-10000,-10000
057279,國揚元大98購01  ,0,0,0,0,0,0,0,0,0,-10000,0,0,0,65000,75000,-10000,-10000
05721P,全新群益98售02  ,0,0,0,0,0,0,0,0,0,-10000,0,0,0,0,10000,-10000,-10000
061200,道瓊反元大9A購06,0,0,0,0,0,0,0,0,0,-10000,0,0,0,10000,20000,-10000,-10000
061584,勤誠元大9A購01  ,0,0,0,0,0,0,0,0,0,-10000,0,0,0,69000,79000,-10000,-10000
061556,台積電國票9A購08,0,0,0,0,0,0,0,0,0,-10000,0,0,0,10000,20000,-10000,-10000
061441,大毅永豐9A購04  ,0,0,0,0,0,0,0,0,0,-10000,0,0,0,122000,132000,-10000,-10000
061352,茂林元大9A購04  ,0,0,0,0,0,0,0,0,0,-10000,0,0,0,0,10000,-10000,-10000
061324,華新科凱基9C購01,0,0,0,0,0,0,0,0,0,-10000,0,0,0,50000,60000,-10000,-10000
061246,玉晶光群益9A購08,0,0,0,0,0,0,0,0,0,-10000,0,0,0,16000,26000,-10000,-10000
061279,鴻海統一9C購04  ,0,0,0,0,0,0,0,0,0,-10000,0,0,0,0,10000,-10000,-10000
058135,景碩元大99購01  ,0,0,0,0,0,0,0,0,0,-10000,0,0,0,93000,103000,-10000,-10000
057836,南亞科國泰9A購01,0,0,0,0,0,0,0,0,0,-10000,0,0,0,0,10000,-10000,-10000
058024,台積電國泰9A購01,0,0,0,0,0,0,0,0,0,-10000,0,0,0,0,10000,-10000,-10000
058070,華新科凱基98購07,0,0,0,0,0,0,0,0,0,-10000,0,0,0,1000,11000,-10000,-10000
058099,鴻海國泰9A購02  ,0,0,0,0,0,0,0,0,0,-10000,0,0,0,0,10000,-10000,-10000
061797,聯發科永豐9B購01,0,0,0,0,0,0,0,0,0,-10000,0,0,0,5000,15000,-10000,-10000
06182P,群創兆豐97售03  ,0,0,0,0,0,0,0,0,0,-10000,0,0,0,0,10000,-10000,-10000
061930,臺股指凱基9B購05,0,0,0,0,0,0,0,0,0,-10000,0,0,0,15000,25000,-10000,-10000
062089,矽創元大9B購02  ,0,0,0,0,0,0,0,0,0,-10000,0,0,0,15000,25000,-10000,-10000
060558,億豐凱基9A購01  ,0,0,0,0,0,0,0,0,0,-10000,0,0,0,0,10000,-10000,-10000
061100,SP黃豆元大9A購04,0,0,0,0,0,0,0,0,0,-10000,0,0,0,0,10000,-10000,-10000
060299,友訊國泰9B購01  ,0,0,0,0,0,0,0,0,0,-10000,0,0,0,10000,20000,-10000,-10000
060335,明泰康和9A購01  ,0,0,0,0,0,0,0,0,0,-10000,0,0,0,0,10000,-10000,-10000
060340,國巨統一01購02  ,0,0,0,0,0,0,0,0,0,-10000,0,0,0,0,10000,-10000,-10000
060333,金寶康和9A購01  ,0,0,0,0,0,0,0,0,0,-10000,0,0,0,0,10000,-10000,-10000
060757,台積電元大9A購18,0,0,0,0,0,0,0,0,0,-10000,0,0,0,0,10000,-10000,-10000
060767,世紀鋼元大9A購02,0,0,0,0,0,0,0,0,0,-10000,0,0,0,0,10000,-10000,-10000
060816,世紀鋼凱基9C購02,0,0,0,0,0,0,0,0,0,-10000,0,0,0,0,10000,-10000,-10000
060618,玉晶光元大9A購02,0,0,0,0,0,0,0,0,0,-10000,0,0,0,16000,26000,-10000,-10000
060585,玉晶光元富9A購02,0,0,0,0,0,0,0,0,0,-10000,0,0,0,0,10000,-10000,-10000
058338,康友元富99購01  ,0,0,0,0,0,0,0,0,0,-10000,0,0,0,60000,70000,-10000,-10000
058428,大立光元富99購02,0,0,0,0,0,0,0,0,0,-10000,0,0,0,0,10000,-10000,-10000
058391,T50反1元大99購02,0,0,0,0,0,0,0,0,0,-10000,0,0,0,0,10000,-10000,-10000
059129,麗豐中信99購01  ,0,0,0,0,0,0,0,0,0,-10000,0,0,0,20000,30000,-10000,-10000
061173,T50反1凱基04購01,0,0,0,0,0,0,0,0,0,-10000,0,0,0,0,10000,-10000,-10000
060097,華新科元大99購23,0,0,0,0,0,0,0,0,0,-10000,0,0,0,0,10000,-10000,-10000
060110,茂林元大99購06  ,0,0,0,0,0,0,0,0,0,-10000,0,0,0,50000,60000,-10000,-10000
05875P,旺宏群益98售01  ,0,0,0,0,0,0,0,0,0,-10000,0,0,0,0,10000,-10000,-10000
061007,聯詠兆豐9A購01  ,0,0,0,0,0,0,0,0,0,-10000,0,0,0,11000,21000,-10000,-10000
059974,臺指反元大9C購05,0,0,0,0,0,0,0,0,0,-10000,0,0,0,0,10000,-10000,-10000
060060,台積電兆豐99購05,0,0,0,0,0,0,0,0,0,-10000,0,0,0,5000,15000,-10000,-10000
060058,牧德凱基9B購01  ,0,0,0,0,0,0,0,0,0,-10000,0,0,0,0,10000,-10000,-10000
060065,大立光兆豐9B購01,0,0,0,0,0,0,0,0,0,-10000,0,0,0,0,10000,-10000,-10000
060910,聯發科元大9A購05,0,0,0,0,0,0,0,0,0,-10000,0,0,0,1000,11000,-10000,-10000
060897,健策凱基9A購04  ,0,0,0,0,0,0,0,0,0,-10000,0,0,0,2000,12000,-10000,-10000
061458,臻鼎凱基9A購02  ,0,0,0,0,0,0,0,0,0,-10000,0,0,0,0,10000,-10000,-10000
058219,台灣50國票9A購02,0,0,0,0,0,0,0,0,0,-10000,0,0,0,10000,20000,-10000,-10000
058988,大立光凱基9A購02,0,0,0,0,0,0,0,0,0,-10000,0,0,0,0,10000,-10000,-10000
059811,高股息凱基99購02,0,0,0,0,0,0,0,0,0,-10000,0,0,0,0,10000,-10000,-10000
059819,台積電凱基99購17,0,0,0,0,0,0,0,0,0,-10000,0,0,0,30000,40000,-10000,-10000
059842,台積電富邦9C購05,0,0,0,0,0,0,0,0,0,-10000,0,0,0,0,10000,-10000,-10000
059843,華新科富邦9B購03,0,0,0,0,0,0,0,0,0,-10000,0,0,0,0,10000,-10000,-10000
059926,世紀鋼國泰9B購01,0,0,0,0,0,0,0,0,0,-10000,0,0,0,0,10000,-10000,-10000
059912,國巨元大99購28  ,0,0,0,0,0,0,0,0,0,-10000,0,0,0,3000,13000,-10000,-10000
059529,華新科凱基9A購04,0,0,0,0,0,0,0,0,0,-10000,0,0,0,1000,11000,-10000,-10000
059954,華新科康和99購01,0,0,0,0,0,0,0,0,0,-10000,0,0,0,2000,12000,-10000,-10000
058314,欣興富邦9B購01  ,0,0,0,0,0,0,0,0,0,-10000,0,0,0,0,10000,-10000,-10000
059612,奇鋐永豐99購02  ,0,0,0,0,0,0,0,0,0,-10000,0,0,0,0,10000,-10000,-10000
059707,健策凱基9A購03  ,0,0,0,0,0,0,0,0,0,-10000,0,0,0,3000,13000,-10000,-10000
059705,華新科凱基9A購07,0,0,0,0,0,0,0,0,0,-10000,0,0,0,1000,11000,-10000,-10000
059691,大立光永豐99購02,0,0,0,0,0,0,0,0,0,-10000,0,0,0,20000,30000,-10000,-10000
059659,旺宏元大9A購03  ,0,0,0,0,0,0,0,0,0,-10000,0,0,0,0,10000,-10000,-10000
058617,南電元大99購01  ,0,0,0,0,0,0,0,0,0,-10000,0,0,0,1000,11000,-10000,-10000
058611,欣興元大99購06  ,0,0,0,0,0,0,0,0,0,-10000,0,0,0,69000,79000,-10000,-10000
059186,華通富邦9A購01  ,0,0,0,0,0,0,0,0,0,-10000,0,0,0,0,10000,-10000,-10000
059538,健策凱基99購03  ,0,0,0,0,0,0,0,0,0,-10000,0,0,0,3000,13000,-10000,-10000
059572,華新科凱基99購08,0,0,0,0,0,0,0,0,0,-10000,0,0,0,1000,11000,-10000,-10000
059590,台積電元大99購39,0,0,0,0,0,0,0,0,0,-10000,0,0,0,0,10000,-10000,-10000
060220,華新科凱基9A購08,0,0,0,0,0,0,0,0,0,-10000,0,0,0,1000,11000,-10000,-10000
058802,矽創元大99購02  ,0,0,0,0,0,0,0,0,0,-10000,0,0,0,0,10000,-10000,-10000
058576,南亞科群益99購01,0,0,0,0,0,0,0,0,0,-10000,0,0,0,0,10000,-10000,-10000
058552,欣興永豐99購01  ,0,0,0,0,0,0,0,0,0,-10000,0,0,0,0,10000,-10000,-10000
058948,道瓊銀群益9C購01,0,0,0,0,0,0,0,0,0,-10000,0,0,0,0,10000,-10000,-10000
063967,華新科國票01購01,0,0,0,0,0,0,0,0,0,-10000,0,0,0,0,10000,-10000,-10000
063920,大立光元富03購02,0,0,0,0,0,0,0,0,0,-10000,0,0,0,0,10000,-10000,-10000
063918,復盛凱基9C購01  ,0,0,0,0,0,0,0,0,0,-10000,0,0,0,19000,29000,-10000,-10000
06389P,聯發科兆豐97售01,0,0,0,0,0,0,0,0,0,-10000,0,0,0,0,10000,-10000,-10000
063550,可成國票9C購01  ,5000,0,5000,0,0,0,0,0,0,-15000,0,0,0,47000,62000,-15000,-10000
063521,國巨凱基03購01  ,0,0,0,0,0,0,0,0,0,-10000,0,0,0,0,10000,-10000,-10000
063552,晶技國票9B購03  ,0,0,0,0,0,0,0,0,0,-10000,0,0,0,28000,38000,-10000,-10000
063609,南電凱基9B購05  ,0,0,0,0,0,0,0,0,0,-10000,0,0,0,0,10000,-10000,-10000
063631,燿華元大9B購06  ,0,0,0,0,0,0,0,0,0,-10000,0,0,0,4000,14000,-10000,-10000
063713,麗豐凱基9B購01  ,0,0,0,0,0,0,0,0,0,-10000,0,0,0,10000,20000,-10000,-10000
063704,麗豐群益9B購01  ,0,0,0,0,0,0,0,0,0,-10000,0,0,0,0,10000,-10000,-10000
063799,華邦電凱基9C購02,0,0,0,0,0,0,0,0,0,-10000,0,0,0,0,10000,-10000,-10000
064333,義隆元大9C購02  ,0,0,0,0,0,0,0,0,0,-10000,0,0,0,113000,123000,-10000,-10000
064186,燿華永豐9C購01  ,0,0,0,0,0,0,0,0,0,-10000,0,0,0,30000,40000,-10000,-10000
064270,華通元大9C購03  ,0,0,0,0,0,0,0,0,0,-10000,0,0,0,0,10000,-10000,-10000
064737,中石化國票01購01,0,0,0,0,0,0,0,0,0,-10000,0,0,0,0,10000,-10000,-10000
064637,元金2X凱基01購02,0,0,0,0,0,0,0,0,0,-10000,0,0,0,0,10000,-10000,-10000
064558,台積電群益9C購08,0,0,0,0,0,0,0,0,0,-10000,0,0,0,0,10000,-10000,-10000
064605,GIS元富9C購01   ,0,0,0,0,0,0,0,0,0,-10000,0,0,0,71000,81000,-10000,-10000
064591,臻鼎永豐9C購01  ,0,0,0,0,0,0,0,0,0,-10000,0,0,0,0,10000,-10000,-10000
06458P,玉晶光統一9A售02,0,0,0,0,0,0,0,0,0,-10000,0,0,0,0,10000,-10000,-10000
064540,神達麥證01購01  ,0,0,0,0,10000,-10000,0,0,0,-10000,0,0,0,0,10000,-10000,-10000
063217,元金2X群益9B購03,0,0,0,0,0,0,0,0,0,-10000,0,0,0,0,10000,-10000,-10000
063301,鴻海凱基9B購08  ,0,0,0,0,0,0,0,0,0,-10000,0,0,0,7000,17000,-10000,-10000
062876,全新兆豐9B購01  ,0,0,0,0,0,0,0,0,0,-10000,0,0,0,87000,97000,-10000,-10000
063007,儒鴻元大9B購01  ,0,0,0,0,0,0,0,0,0,-10000,0,0,0,0,10000,-10000,-10000
063022,嘉晶元大9B購04  ,0,0,0,0,0,0,0,0,0,-10000,0,0,0,151000,161000,-10000,-10000
063119,華通元大9B購07  ,0,0,0,0,0,0,0,0,0,-10000,0,0,0,20000,30000,-10000,-10000
063120,台光電元大9C購01,0,0,0,0,0,0,0,0,0,-10000,0,0,0,5000,15000,-10000,-10000
063147,東元元富9B購01  ,0,0,0,0,0,0,0,0,0,-10000,0,0,0,54000,64000,-10000,-10000
063094,玉晶光國票01購03,0,0,0,0,0,0,0,0,0,-10000,0,0,0,1000,11000,-10000,-10000
063017,台光電元大9B購07,0,0,0,0,0,0,0,0,0,-10000,0,0,0,5000,15000,-10000,-10000
062430,A50正2元大9B購02,0,0,0,0,0,0,0,0,0,-10000,0,0,0,0,10000,-10000,-10000
062441,華新科元大9C購01,0,0,0,0,0,0,0,0,0,-10000,0,0,0,0,10000,-10000,-10000
062210,聯發科台新9B購01,0,0,0,0,0,0,0,0,0,-10000,0,0,0,0,10000,-10000,-10000
061878,茂林元大9B購01  ,0,0,0,0,0,0,0,0,0,-10000,0,0,0,10000,20000,-10000,-10000
06184P,大立光元大97售06,0,0,0,0,0,0,0,0,0,-10000,0,0,0,0,10000,-10000,-10000
062640,訊連國票9C購01  ,0,0,0,0,0,0,0,0,0,-10000,0,0,0,0,10000,-10000,-10000
062584,鴻海統一9C購13  ,0,0,0,0,0,0,0,0,0,-10000,0,0,0,0,10000,-10000,-10000
062485,華通國泰01購01  ,0,0,0,0,0,0,0,0,0,-10000,0,0,0,31000,41000,-10000,-10000
062737,聯發科國票9B購03,0,0,0,0,0,0,0,0,0,-10000,0,0,0,0,10000,-10000,-10000
062701,漢唐元大9B購01  ,0,0,0,0,0,0,0,0,0,-10000,0,0,0,0,10000,-10000,-10000
062657,華新科第一9B購01,0,0,0,0,0,0,0,0,0,-10000,0,0,0,0,10000,-10000,-10000
062835,瑞儀群益9B購01  ,0,0,0,0,0,0,0,0,0,-10000,0,0,0,124000,134000,-10000,-10000
062767,GIS凱基9B購02   ,0,0,0,0,0,0,0,0,0,-10000,0,0,0,0,10000,-10000,-10000
065270,TPK元大01購01   ,0,0,0,0,0,0,0,0,0,-11000,0,0,0,10000,21000,-11000,-11000
064982,新唐元大9C購01  ,0,0,0,0,0,0,0,0,0,-11000,0,0,0,266000,277000,-11000,-11000
065005,台光電國票01購02,0,0,0,0,0,0,0,0,0,-11000,0,0,0,35000,46000,-11000,-11000
07341P,台積電凱基99售18,0,0,0,0,0,0,0,0,0,-11000,0,0,0,3000,14000,-11000,-11000
07300P,臺股指元大9A售33,0,0,0,0,0,0,0,0,0,-11000,0,0,0,40000,51000,-11000,-11000
07104P,聯發科元富99售04,0,0,0,0,0,0,0,0,0,-11000,0,0,0,0,11000,-11000,-11000
07090P,台灣50凱基01售01,0,0,0,0,0,0,0,0,0,-11000,0,0,0,0,11000,-11000,-11000
07057P,大立光康和9B售02,0,0,0,0,0,0,0,0,0,-11000,0,0,0,39000,50000,-11000,-11000
08406P,緯穎元大9C售01  ,0,0,0,0,0,0,0,0,0,-11000,0,0,0,81000,92000,-11000,-11000
08029P,臺股指元大9B售36,0,0,0,0,0,0,0,0,0,-11000,0,0,0,0,11000,-11000,-11000
08051P,臺股指國票9B售16,0,0,0,0,0,0,0,0,0,-11000,0,0,0,0,11000,-11000,-11000
061407,鴻海國票9A購07  ,0,0,0,0,0,0,0,0,0,-11000,0,0,0,29000,40000,-11000,-11000
061358,世紀鋼元大9A購04,0,0,0,0,0,0,0,0,0,-11000,0,0,0,8000,19000,-11000,-11000
056844,欣興元富98購03  ,0,0,0,0,0,0,0,0,0,-11000,0,0,0,0,11000,-11000,-11000
056411,緯穎國票99購01  ,0,0,0,0,0,0,0,0,0,-11000,0,0,0,34000,45000,-11000,-11000
05131P,聯詠統一97售01  ,0,0,0,0,0,0,0,0,0,-11000,0,0,0,0,11000,-11000,-11000
00742,新光內需收益    ,0,0,0,0,0,0,0,0,0,-11000,70000,70000,0,174000,185000,-11000,-11000
00703,台新MSCI中國    ,0,0,0,0,0,0,0,0,0,-11000,0,0,0,32000,43000,-11000,-11000
057376,新日興元大98購04,0,0,0,0,0,0,0,0,0,-11000,0,0,0,68000,79000,-11000,-11000
056497,GIS國泰99購01   ,0,0,0,0,0,0,0,0,0,-11000,0,0,0,2000,13000,-11000,-11000
054208,台積電國票97購07,0,0,0,0,0,0,0,0,0,-11000,0,0,0,0,11000,-11000,-11000
058614,台郡元大9A購01  ,0,0,0,0,0,0,0,0,0,-11000,0,0,0,113000,124000,-11000,-11000
058182,日電貿國泰9A購01,0,0,0,0,0,0,0,0,0,-11000,0,0,0,30000,41000,-11000,-11000
060909,金像電元大9B購01,0,0,0,0,0,0,0,0,0,-11000,0,0,0,44000,55000,-11000,-11000
058766,力山兆豐99購01  ,0,0,0,0,0,0,0,0,0,-11000,0,0,0,0,11000,-11000,-11000
061077,國巨兆豐9B購01  ,0,0,0,0,0,0,0,0,0,-11000,0,0,0,92000,103000,-11000,-11000
060582,玉晶光群益9C購01,0,0,0,0,0,0,0,0,0,-11000,0,0,0,0,11000,-11000,-11000
062149,牧德國票9B購01  ,0,0,0,0,0,0,0,0,0,-11000,0,0,0,62000,73000,-11000,-11000
061700,瑞昱國票9A購02  ,0,0,0,0,0,0,0,0,0,-11000,0,0,0,18000,29000,-11000,-11000
062661,華通群益9B購05  ,0,0,0,0,0,0,0,0,0,-11000,0,0,0,2000,13000,-11000,-11000
062552,南電永豐9B購01  ,0,0,0,0,0,0,0,0,0,-11000,0,0,0,0,11000,-11000,-11000
062390,元黃金富邦9C購01,0,0,0,0,0,0,0,0,0,-11000,0,0,0,0,11000,-11000,-11000
062363,燿華元大9B購03  ,0,0,0,0,0,0,0,0,0,-11000,0,0,0,78000,89000,-11000,-11000
063042,同欣電凱基9C購01,0,0,0,0,0,0,0,0,0,-11000,0,0,0,20000,31000,-11000,-11000
062864,臺股指國票9B購21,0,0,0,0,0,0,0,0,0,-11000,0,0,0,17000,28000,-11000,-11000
062909,大立光元大9C購04,0,0,0,0,0,0,0,0,0,-11000,0,0,0,10000,21000,-11000,-11000
063202,南亞科統一9C購02,0,0,0,0,0,0,0,0,0,-11000,0,0,0,56000,67000,-11000,-11000
064585,中壽永豐9C購01  ,0,0,0,0,0,0,0,0,0,-11000,0,0,0,0,11000,-11000,-11000
064213,大立光凱基03購01,0,0,0,0,0,0,0,0,0,-11000,0,0,0,0,11000,-11000,-11000
064350,茂林元大01購01  ,0,0,0,0,0,0,0,0,0,-11000,0,0,0,30000,41000,-11000,-11000
064363,聯發科統一9C購14,0,0,0,0,0,0,0,0,0,-11000,0,0,0,159000,170000,-11000,-11000
063670,美食統一9C購01  ,0,0,0,0,0,0,0,0,0,-11000,0,0,0,0,11000,-11000,-11000
063723,儒鴻元大9B購04  ,0,0,0,0,0,0,0,0,0,-11000,0,0,0,0,11000,-11000,-11000
063581,同欣電國泰9C購01,0,0,0,0,0,0,0,0,0,-11000,0,0,0,136000,147000,-11000,-11000
063996,貿聯群益9C購01  ,0,0,0,0,0,0,0,0,0,-11000,0,0,0,238000,249000,-11000,-11000
064020,華通元大01購01  ,0,0,0,0,0,0,0,0,0,-11000,0,0,0,0,11000,-11000,-11000
08093P,英業達元富9B售02,0,0,0,0,0,0,0,0,0,-12000,0,0,0,91000,103000,-12000,-12000
08128P,聯發科元大9B售22,0,0,0,0,0,0,0,0,0,-12000,0,0,0,12000,24000,-12000,-12000
08275P,南亞科元富9C售01,0,0,0,0,0,0,0,0,0,-12000,0,0,0,60000,72000,-12000,-12000
08357P,聯發科元大9C售09,0,0,0,0,0,0,0,0,0,-12000,0,0,0,0,12000,-12000,-12000
08366P,祥碩凱基9C售04  ,0,0,0,0,0,0,0,0,0,-12000,0,0,0,68000,80000,-12000,-12000
08456P,聯發科元大9C售13,0,0,0,0,0,0,0,0,0,-12000,0,0,0,0,12000,-12000,-12000
3617,碩天            ,23000,34000,-11000,0,0,0,0,0,0,-1000,0,0,0,0,1000,-1000,-12000
2393,億光            ,534000,512000,22000,0,0,0,0,0,0,-34000,0,0,0,5000,39000,-34000,-12000
07210P,智邦凱基99售03  ,0,0,0,0,0,0,0,0,0,-12000,0,0,0,0,12000,-12000,-12000
06861P,台積電國票99售08,0,0,0,0,0,0,0,0,0,-12000,0,0,0,0,12000,-12000,-12000
07884P,華新科凱基9B售08,0,0,0,0,0,0,0,0,0,-12000,0,0,0,32000,44000,-12000,-12000
07576P,可成元大9A售01  ,0,0,0,0,0,0,0,0,0,-12000,0,0,0,88000,100000,-12000,-12000
06553P,訊芯元大98售05  ,0,0,0,0,0,0,0,0,0,-12000,0,0,0,0,12000,-12000,-12000
065369,瑞昱元大9C購01  ,0,0,0,0,0,0,0,0,0,-12000,0,0,0,0,12000,-12000,-12000
06638P,鴻海統一99售02  ,0,0,0,0,0,0,0,0,0,-12000,0,0,0,0,12000,-12000,-12000
056519,創意國票99購01  ,0,0,0,0,0,0,0,0,0,-12000,0,0,0,64000,76000,-12000,-12000
053970,聯發科元大97購08,0,0,0,0,0,0,0,0,0,-12000,0,0,0,0,12000,-12000,-12000
057410,南電群益98購01  ,0,0,0,0,0,0,0,0,0,-12000,0,0,0,0,12000,-12000,-12000
03687C,臺股指凱基9C牛22,0,100000,-100000,0,0,0,0,0,0,88000,0,0,0,110000,22000,88000,-12000
05582P,群創凱基98售06  ,0,0,0,0,0,0,0,0,0,-12000,0,0,0,18000,30000,-12000,-12000
056378,欣興元富98購01  ,0,0,0,0,0,0,0,0,0,-12000,0,0,0,58000,70000,-12000,-12000
056265,國泰金統一97購01,0,0,0,0,0,0,0,0,0,-12000,0,0,0,0,12000,-12000,-12000
055949,亞德客元大97購04,0,0,0,0,0,0,0,0,0,-12000,0,0,0,0,12000,-12000,-12000
055934,景碩群益98購03  ,0,0,0,0,0,0,0,0,0,-12000,0,0,0,0,12000,-12000,-12000
057165,國巨元大99購05  ,0,0,0,0,0,0,0,0,0,-12000,0,0,0,6000,18000,-12000,-12000
057672,茂林元大98購02  ,0,0,0,0,0,0,0,0,0,-12000,0,0,0,68000,80000,-12000,-12000
061369,T50反1國泰9B購03,0,0,0,0,0,0,0,0,0,-12000,0,0,0,0,12000,-12000,-12000
061559,南亞科國票9A購02,0,0,0,0,0,0,0,0,0,-12000,0,0,0,0,12000,-12000,-12000
061634,遠東新元大9A購01,0,0,0,0,0,0,0,0,0,-12000,0,0,0,41000,53000,-12000,-12000
061225,台積電中信9A購04,0,0,0,0,0,0,0,0,0,-12000,0,0,0,0,12000,-12000,-12000
062260,華新科元大9B購09,0,0,0,0,0,0,0,0,0,-12000,0,0,0,0,12000,-12000,-12000
060813,高鐵凱基9A購01  ,0,0,0,0,0,0,0,0,0,-12000,0,0,0,3000,15000,-12000,-12000
060785,國巨富邦9B購04  ,0,0,0,0,0,0,0,0,0,-12000,0,0,0,6000,18000,-12000,-12000
058439,玉晶光統一01購02,0,0,0,0,0,0,0,0,0,-12000,0,0,0,13000,25000,-12000,-12000
058344,旺宏群益99購05  ,0,0,0,0,0,0,0,0,0,-12000,0,0,0,0,12000,-12000,-12000
060400,南電國票9A購03  ,0,0,0,0,0,0,0,0,0,-12000,0,0,0,2000,14000,-12000,-12000
05933P,鴻海凱基97售03  ,0,0,0,0,0,0,0,0,0,-12000,0,0,0,0,12000,-12000,-12000
059346,新日興凱基99購03,0,0,0,0,0,0,0,0,0,-12000,0,0,0,0,12000,-12000,-12000
060143,台積電國票9B購03,0,0,0,0,0,0,0,0,0,-12000,0,0,0,2000,14000,-12000,-12000
058208,百和凱基99購01  ,0,0,0,0,0,0,0,0,0,-12000,0,0,0,8000,20000,-12000,-12000
059544,創意亞東99購01  ,0,0,0,0,0,0,0,0,0,-12000,0,0,0,8000,20000,-12000,-12000
060264,華新科國票9A購02,0,0,0,0,0,0,0,0,0,-12000,0,0,0,5000,17000,-12000,-12000
058952,南茂群益99購01  ,0,0,0,0,0,0,0,0,0,-12000,0,0,0,10000,22000,-12000,-12000
058928,國巨統一9C購01  ,0,0,0,0,0,0,0,0,0,-12000,0,0,0,815000,827000,-12000,-12000
058920,SGBR2X元富99購06,0,0,0,0,0,0,0,0,0,-12000,0,0,0,0,12000,-12000,-12000
059680,台積電國泰9A購03,0,0,0,0,0,0,0,0,0,-12000,0,0,0,12000,24000,-12000,-12000
064028,大毅元大01購01  ,0,0,0,0,0,0,0,0,0,-12000,0,0,0,92000,104000,-12000,-12000
064090,祥碩凱基9C購03  ,0,0,0,0,0,0,0,0,0,-12000,0,0,0,70000,82000,-12000,-12000
064180,國巨富邦02購03  ,0,0,0,0,0,0,0,0,0,-12000,0,0,0,720000,732000,-12000,-12000
063043,台灣50兆豐9B購02,0,0,0,0,0,0,0,0,0,-12000,0,0,0,0,12000,-12000,-12000
061989,晶技元大9B購04  ,0,0,0,0,0,0,0,0,0,-12000,0,0,0,38000,50000,-12000,-12000
062196,聯發科中信01購02,0,0,0,0,0,0,0,0,0,-12000,0,0,0,10000,22000,-12000,-12000
062504,旭富群益9B購02  ,0,0,0,0,0,0,0,0,0,-12000,0,0,0,126000,138000,-12000,-12000
6443,元晶            ,239000,251000,-12000,0,0,0,0,0,0,0,0,0,0,0,0,0,-12000
1537,廣隆            ,28600,41100,-12500,0,0,0,0,0,0,0,0,0,0,0,0,0,-12500
08440P,玉晶光國票01售05,0,0,0,0,0,0,0,0,0,-13000,0,0,0,0,13000,-13000,-13000
2406,國碩            ,223000,236000,-13000,0,0,0,0,0,0,0,0,0,0,0,0,0,-13000
2476,鉅祥            ,44000,57000,-13000,0,0,0,0,0,0,0,0,0,0,0,0,0,-13000
2723,美食-KY         ,167000,137000,30000,0,0,0,0,0,0,-43000,0,69000,-69000,31000,5000,26000,-13000
06583P,可成凱基98售07  ,0,0,0,0,0,0,0,0,0,-13000,0,0,0,69000,82000,-13000,-13000
065248,聯發科麥證9C購03,0,0,0,0,13000,-13000,0,0,0,-13000,0,0,0,0,13000,-13000,-13000
065245,國泰金兆豐9C購01,0,0,0,0,0,0,0,0,0,-13000,0,0,0,0,13000,-13000,-13000
064872,南電永豐9C購02  ,0,0,0,0,0,0,0,0,0,-13000,0,0,0,2000,15000,-13000,-13000
064899,大立光群益9C購06,0,0,0,0,0,0,0,0,0,-13000,0,0,0,0,13000,-13000,-13000
07811P,華新科統一9A售02,0,0,0,0,0,0,0,0,0,-13000,0,0,0,30000,43000,-13000,-13000
06807P,臺股指群益98售13,0,0,0,0,0,0,0,0,0,-13000,0,0,0,0,13000,-13000,-13000
07137P,大立光中信9B售01,0,0,0,0,0,0,0,0,0,-13000,0,0,0,0,13000,-13000,-13000
061532,和大統一9C購02  ,0,0,0,0,0,0,0,0,0,-13000,0,0,0,0,13000,-13000,-13000
057195,南茂元大98購01  ,0,0,0,0,0,0,0,0,0,-13000,0,0,0,44000,57000,-13000,-13000
057020,台積電凱基99購02,0,0,0,0,0,0,0,0,0,-13000,0,0,0,0,13000,-13000,-13000
042752,台灣50元大96購03,0,0,0,0,0,0,0,0,0,-13000,0,0,0,1000,14000,-13000,-13000
052775,滬深2X國票99購02,0,0,0,0,0,0,0,0,0,-13000,0,0,0,0,13000,-13000,-13000
055318,華通國票98購01  ,0,0,0,0,0,0,0,0,0,-13000,0,0,0,7000,20000,-13000,-13000
056535,全新凱基99購02  ,0,0,0,0,0,0,0,0,0,-13000,0,0,0,60000,73000,-13000,-13000
054799,超眾群益98購01  ,0,0,0,0,0,0,0,0,0,-13000,0,0,0,85000,98000,-13000,-13000
059375,道瓊反群益9C購02,0,0,0,0,0,0,0,0,0,-13000,0,0,0,0,13000,-13000,-13000
059831,聯詠康和99購01  ,0,0,0,0,0,0,0,0,0,-13000,0,0,0,67000,80000,-13000,-13000
058811,台積電統一9A購05,0,0,0,0,0,0,0,0,0,-13000,0,0,0,0,13000,-13000,-13000
061132,志超永豐9A購01  ,0,0,0,0,0,0,0,0,0,-13000,0,0,0,34000,47000,-13000,-13000
058698,華通元大99購05  ,0,0,0,0,0,0,0,0,0,-13000,0,0,0,11000,24000,-13000,-13000
060611,同欣電凱基9A購02,0,0,0,0,0,0,0,0,0,-13000,0,0,0,57000,70000,-13000,-13000
062289,緯穎群益9B購01  ,0,0,0,0,0,0,0,0,0,-13000,0,0,0,14000,27000,-13000,-13000
063210,百和統一9C購01  ,0,0,0,0,0,0,0,0,0,-13000,0,0,0,0,13000,-13000,-13000
063467,大立光元大9C購06,0,0,0,0,0,0,0,0,0,-13000,0,0,0,0,13000,-13000,-13000
064437,可成凱基02購01  ,0,0,0,0,0,0,0,0,0,-13000,0,0,0,0,13000,-13000,-13000
064554,儒鴻群益9C購01  ,0,0,0,0,0,0,0,0,0,-13000,0,0,0,0,13000,-13000,-13000
064132,神達元大9C購02  ,0,0,0,0,0,0,0,0,0,-13000,0,0,0,32000,45000,-13000,-13000
063650,矽創元大9B購03  ,0,0,0,0,0,0,0,0,0,-13000,0,0,0,0,13000,-13000,-13000
2929,淘帝-KY         ,46000,58857,-12857,0,0,0,0,0,0,-1000,0,0,0,0,1000,-1000,-13857
4976,佳凌            ,128000,143000,-15000,0,0,0,0,0,0,1000,1000,0,1000,0,0,0,-14000
08515P,鴻海群益9C售06  ,0,0,0,0,0,0,0,0,0,-14000,0,0,0,5000,19000,-14000,-14000
08353P,聯電元大9C售04  ,0,0,0,0,0,0,0,0,0,-14000,0,0,0,1000,15000,-14000,-14000
07998P,聯電凱基9C售01  ,0,0,0,0,0,0,0,0,0,-14000,0,0,0,18000,32000,-14000,-14000
07344P,鴻海富邦9A售03  ,0,0,0,0,0,0,0,0,0,-14000,0,0,0,50000,64000,-14000,-14000
06793P,臺股指凱基98售03,0,0,0,0,0,0,0,0,0,-14000,0,0,0,2000,16000,-14000,-14000
064837,TPK統一9C購02   ,0,0,0,0,0,0,0,0,0,-14000,0,0,0,176000,190000,-14000,-14000
064969,達新元大9C購01  ,0,0,0,0,0,0,0,0,0,-14000,0,0,0,27000,41000,-14000,-14000
055112,晶豪科凱基98購01,0,0,0,0,0,0,0,0,0,-14000,0,0,0,10000,24000,-14000,-14000
055515,聚陽中信9A購01  ,0,0,0,0,0,0,0,0,0,-14000,0,0,0,1000,15000,-14000,-14000
057394,台積電中信9C購02,0,0,0,0,0,0,0,0,0,-14000,0,0,0,104000,118000,-14000,-14000
057783,台積電國票9A購01,0,0,0,0,0,0,0,0,0,-14000,0,0,0,0,14000,-14000,-14000
051728,道瓊反國票97購01,0,0,0,0,0,0,0,0,0,-14000,0,0,0,6000,20000,-14000,-14000
056978,技嘉群益99購01  ,0,0,0,0,0,0,0,0,0,-14000,0,0,0,22000,36000,-14000,-14000
055896,南電統一97購02  ,0,0,0,0,0,0,0,0,0,-14000,0,0,0,13000,27000,-14000,-14000
056165,矽力凱基98購02  ,0,0,0,0,0,0,0,0,0,-14000,0,0,0,17000,31000,-14000,-14000
061378,南六永豐9A購03  ,0,0,0,0,0,0,0,0,0,-14000,0,0,0,6000,20000,-14000,-14000
061435,元金2X凱基9C購03,0,0,0,0,0,0,0,0,0,-14000,0,0,0,6000,20000,-14000,-14000
056740,大立光凱基98購13,0,0,0,0,0,0,0,0,0,-14000,0,0,0,36000,50000,-14000,-14000
058096,南電元大98購04  ,0,0,0,0,0,0,0,0,0,-14000,0,0,0,35000,49000,-14000,-14000
058080,台積電群益98購06,0,0,0,0,0,0,0,0,0,-14000,0,0,0,0,14000,-14000,-14000
058049,帆宣元大98購01  ,0,0,0,0,0,0,0,0,0,-14000,0,0,0,62000,76000,-14000,-14000
060409,味全永豐9A購01  ,0,0,0,0,0,0,0,0,0,-14000,0,0,0,23000,37000,-14000,-14000
059324,智易元大99購04  ,0,0,0,0,0,0,0,0,0,-14000,0,0,0,0,14000,-14000,-14000
060818,上銀統一9C購01  ,0,0,0,0,0,0,0,0,0,-14000,0,0,0,12000,26000,-14000,-14000
060510,大立光元大9A購03,0,0,0,0,0,0,0,0,0,-14000,0,0,0,0,14000,-14000,-14000
058639,南電兆豐99購01  ,0,0,0,0,0,0,0,0,0,-14000,0,0,0,8000,22000,-14000,-14000
058632,世紀鋼國票9A購01,0,0,0,0,0,0,0,0,0,-14000,0,0,0,0,14000,-14000,-14000
060159,健和興永豐9A購01,0,0,0,0,0,0,0,0,0,-14000,0,0,0,3000,17000,-14000,-14000
060874,中鋼中信02購01  ,0,0,0,0,0,0,0,0,0,-14000,0,0,0,16000,30000,-14000,-14000
059176,臺股指凱基99購27,0,0,0,0,0,0,0,0,0,-14000,0,0,0,8000,22000,-14000,-14000
059224,大立光元大99購15,0,0,0,0,0,0,0,0,0,-14000,0,0,0,46000,60000,-14000,-14000
059254,台表科凱基9A購02,0,0,0,0,0,0,0,0,0,-14000,0,0,0,36000,50000,-14000,-14000
063315,京元電群益9B購03,0,0,0,0,0,0,0,0,0,-14000,0,0,0,63000,77000,-14000,-14000
062853,大毅永豐9B購03  ,0,0,0,0,0,0,0,0,0,-14000,0,0,0,115000,129000,-14000,-14000
062769,臺股指凱基9B購13,0,0,0,0,0,0,0,0,0,-14000,0,0,0,0,14000,-14000,-14000
910322,康師傅-DR       ,0,14000,-14000,0,0,0,0,0,0,0,0,0,0,0,0,0,-14000
8101,華冠            ,4000,18000,-14000,0,0,0,0,0,0,0,0,0,0,0,0,0,-14000
9940,信義            ,81359,97000,-15641,0,0,0,0,0,0,1000,1000,0,1000,0,0,0,-14641
065003,燿華國票01購01  ,0,0,0,0,0,0,0,0,0,-15000,0,0,0,0,15000,-15000,-15000
065208,義隆國票01購01  ,0,0,0,0,0,0,0,0,0,-15000,0,0,0,20000,35000,-15000,-15000
065146,帆宣凱基9C購01  ,0,0,0,0,0,0,0,0,0,-15000,0,0,0,35000,50000,-15000,-15000
06699P,台積電統一98售11,0,0,0,0,0,0,0,0,0,-15000,0,0,0,25000,40000,-15000,-15000
07009P,臺股指中信9B售01,0,0,0,0,0,0,0,0,0,-15000,0,0,0,40000,55000,-15000,-15000
07206P,鴻海凱基9A售11  ,0,0,0,0,0,0,0,0,0,-15000,0,0,0,0,15000,-15000,-15000
07255P,國巨凱基99售15  ,0,0,0,0,0,0,0,0,0,-15000,0,0,0,12000,27000,-15000,-15000
07835P,台表科群益9A售02,0,0,0,0,0,0,0,0,0,-15000,0,0,0,5000,20000,-15000,-15000
07863P,華新科凱基9B售07,0,0,0,0,0,0,0,0,0,-15000,0,0,0,30000,45000,-15000,-15000
07963P,智邦統一9B售01  ,0,0,0,0,0,0,0,0,0,-15000,0,0,0,0,15000,-15000,-15000
07460P,臺股指元大9B售03,0,0,0,0,0,0,0,0,0,-15000,0,0,0,0,15000,-15000,-15000
2233,宇隆            ,35000,15000,20000,0,0,0,0,35000,-35000,0,0,0,0,0,0,0,-15000
056870,全新日盛9A購01  ,0,0,0,0,0,0,0,0,0,-15000,0,0,0,0,15000,-15000,-15000
061413,台勝科群益9A購01,0,0,0,0,0,0,0,0,0,-15000,0,0,0,252000,267000,-15000,-15000
061271,聯茂凱基9A購04  ,0,0,0,0,0,0,0,0,0,-15000,0,0,0,50000,65000,-15000,-15000
061288,大立光統一9C購01,0,0,0,0,0,0,0,0,0,-15000,0,0,0,0,15000,-15000,-15000
056087,世芯統一97購01  ,0,0,0,0,0,0,0,0,0,-15000,0,0,0,6000,21000,-15000,-15000
057489,奇力新元大99購06,0,0,0,0,0,0,0,0,0,-15000,0,0,0,0,15000,-15000,-15000
056291,聯茂永豐97購03  ,0,0,0,0,0,0,0,0,0,-15000,0,0,0,0,15000,-15000,-15000
057182,禾伸堂元大99購02,0,0,0,0,0,0,0,0,0,-15000,0,0,0,63000,78000,-15000,-15000
051047,深中小群益99購01,0,0,0,0,0,0,0,0,0,-15000,0,0,0,0,15000,-15000,-15000
055230,大毅國票98購01  ,0,0,0,0,0,0,0,0,0,-15000,0,0,0,18000,33000,-15000,-15000
057747,致新永豐98購01  ,0,0,0,0,0,0,0,0,0,-15000,0,0,0,74000,89000,-15000,-15000
057738,旺宏富邦9A購01  ,0,0,0,0,0,0,0,0,0,-15000,0,0,0,0,15000,-15000,-15000
057767,緯穎凱基98購06  ,0,0,0,0,0,0,0,0,0,-15000,0,0,0,0,15000,-15000,-15000
053573,臺股指統一99購01,0,0,0,0,0,0,0,0,0,-15000,0,0,0,5000,20000,-15000,-15000
053723,奇鋐凱基98購01  ,0,0,0,0,0,0,0,0,0,-15000,0,0,0,0,15000,-15000,-15000
055507,樺漢元大98購02  ,0,0,0,0,0,0,0,0,0,-15000,0,0,0,5000,20000,-15000,-15000
055026,健和興國泰98購01,0,0,0,0,0,0,0,0,0,-15000,0,0,0,0,15000,-15000,-15000
059596,大立光元大99購20,0,0,0,0,0,0,0,0,0,-15000,0,0,0,0,15000,-15000,-15000
059728,聯鈞元大99購01  ,0,0,0,0,0,0,0,0,0,-15000,0,0,0,28000,43000,-15000,-15000
059771,台積電群益99購11,0,0,0,0,0,0,0,0,0,-15000,0,0,0,0,15000,-15000,-15000
058279,FBVIX中信03購03 ,0,0,0,0,0,0,0,0,0,-15000,0,0,0,0,15000,-15000,-15000
060922,金像電永豐9A購01,0,0,0,0,0,0,0,0,0,-15000,0,0,0,0,15000,-15000,-15000
060871,台灣50中信01購03,0,0,0,0,0,0,0,0,0,-15000,0,0,0,10000,25000,-15000,-15000
058184,鴻海永豐99購01  ,0,0,0,0,0,0,0,0,0,-15000,0,0,0,0,15000,-15000,-15000
058178,國巨國泰9A購02  ,0,0,0,0,0,0,0,0,0,-15000,0,0,0,46000,61000,-15000,-15000
061448,旺宏中信9A購02  ,0,0,0,0,0,0,0,0,0,-15000,0,0,0,5000,20000,-15000,-15000
058649,健策永豐99購01  ,0,0,0,0,0,0,0,0,0,-15000,0,0,0,1000,16000,-15000,-15000
060457,中橡元大9A購02  ,0,0,0,0,0,0,0,0,0,-15000,0,0,0,76000,91000,-15000,-15000
058366,元大金凱基99購01,0,0,0,0,0,0,0,0,0,-15000,0,0,0,0,15000,-15000,-15000
058422,百和麥證99購01  ,0,0,0,35000,50000,-15000,0,0,0,-15000,0,0,0,35000,50000,-15000,-15000
058528,世紀鋼元大99購02,0,0,0,0,0,0,0,0,0,-15000,0,0,0,0,15000,-15000,-15000
059334,A50正2國票9A購02,0,0,0,0,0,0,0,0,0,-15000,0,0,0,0,15000,-15000,-15000
060590,台積電台新9C購02,0,0,0,0,0,0,0,0,0,-15000,0,0,0,0,15000,-15000,-15000
060731,奇力新群益9A購01,0,0,0,0,0,0,0,0,0,-15000,0,0,0,0,15000,-15000,-15000
061830,元金2X凱基01購01,0,0,0,0,0,0,0,0,0,-15000,0,0,0,80000,95000,-15000,-15000
061955,FANG+統一9B購01 ,0,0,0,0,0,0,0,0,0,-15000,0,0,0,0,15000,-15000,-15000
062073,國巨元大9B購06  ,0,0,0,0,0,0,0,0,0,-15000,0,0,0,40000,55000,-15000,-15000
062579,華通統一01購02  ,0,0,0,0,0,0,0,0,0,-15000,0,0,0,0,15000,-15000,-15000
062569,南電中信01購01  ,0,0,0,0,0,0,0,0,0,-15000,0,0,0,135000,150000,-15000,-15000
062607,美食凱基9B購01  ,0,0,0,0,0,0,0,0,0,-15000,0,0,0,85000,100000,-15000,-15000
062315,健策凱基9C購01  ,0,0,0,0,0,0,0,0,0,-15000,0,0,0,26000,41000,-15000,-15000
061973,上銀元大9B購01  ,0,0,0,0,0,0,0,0,0,-15000,0,0,0,12000,27000,-15000,-15000
061850,國巨國票9C購02  ,0,0,0,0,0,0,0,0,0,-15000,0,0,0,1000,16000,-15000,-15000
062321,力成台新9B購01  ,0,0,0,0,0,0,0,0,0,-15000,0,0,0,44000,59000,-15000,-15000
063226,康控群益9B購03  ,0,0,0,0,0,0,0,0,0,-15000,0,0,0,21000,36000,-15000,-15000
063634,台光電元大9B購09,0,0,0,0,0,0,0,0,0,-15000,0,0,0,4000,19000,-15000,-15000
063743,道瓊反國票9C購02,0,0,0,0,0,0,0,0,0,-15000,0,0,0,0,15000,-15000,-15000
064033,茂林元大9C購02  ,0,0,0,0,0,0,0,0,0,-15000,0,0,0,35000,50000,-15000,-15000
063984,華邦電國泰02購01,0,0,0,0,0,0,0,0,0,-15000,0,0,0,0,15000,-15000,-15000
063945,京元電元大9C購01,0,0,0,0,0,0,0,0,0,-15000,0,0,0,100000,115000,-15000,-15000
063923,世芯元富9C購01  ,0,0,0,0,0,0,0,0,0,-15000,0,0,0,104000,119000,-15000,-15000
06435P,臺股指群益98售02,0,0,0,0,0,0,0,0,0,-15000,0,0,0,0,15000,-15000,-15000
08098P,大立光凱基9B售09,0,0,0,0,0,0,0,0,0,-16000,0,0,0,0,16000,-16000,-16000
08157P,大立光元富9B售06,0,0,0,0,0,0,0,0,0,-16000,0,0,0,64000,80000,-16000,-16000
06970P,旺宏元大99售08  ,0,0,0,0,0,0,0,0,0,-16000,0,0,0,11000,27000,-16000,-16000
06778P,台積電元大99售06,0,0,0,0,0,0,0,0,0,-16000,0,0,0,200000,216000,-16000,-16000
06626P,大立光統一9A售01,0,0,0,0,0,0,0,0,0,-16000,0,0,0,0,16000,-16000,-16000
057147,新日興國票99購01,0,0,0,0,0,0,0,0,0,-16000,0,0,0,22000,38000,-16000,-16000
056713,華擎永豐98購01  ,0,0,0,0,0,0,0,0,0,-16000,0,0,0,0,16000,-16000,-16000
057243,樺漢凱基99購01  ,0,0,0,0,0,0,0,0,0,-16000,0,0,0,10000,26000,-16000,-16000
062132,神隆群益9B購01  ,0,0,0,0,0,0,0,0,0,-16000,0,0,0,39000,55000,-16000,-16000
061798,晶豪科永豐9B購01,0,0,0,0,0,0,0,0,0,-16000,0,0,0,0,16000,-16000,-16000
061913,宏碁中信9B購01  ,0,0,0,0,0,0,0,0,0,-16000,0,0,0,0,16000,-16000,-16000
060387,盛群凱基9A購01  ,0,0,0,0,0,0,0,0,0,-16000,0,0,0,156000,172000,-16000,-16000
058424,滬深2X元富99購04,0,0,0,0,0,0,0,0,0,-16000,0,0,0,36000,52000,-16000,-16000
058693,旭富國票9A購01  ,0,0,0,0,0,0,0,0,0,-16000,0,0,0,25000,41000,-16000,-16000
058797,大毅元大99購03  ,0,0,0,0,0,0,0,0,0,-16000,0,0,0,78000,94000,-16000,-16000
061139,玉晶光統一9C購02,0,0,0,0,0,0,0,0,0,-16000,0,0,0,0,16000,-16000,-16000
059887,華新科國票99購02,0,0,0,0,0,0,0,0,0,-16000,0,0,0,0,16000,-16000,-16000
058938,台積電中信01購03,0,0,0,0,0,0,0,0,0,-16000,0,0,0,38000,54000,-16000,-16000
064110,國巨國票01購01  ,0,0,0,0,0,0,0,0,0,-16000,0,0,0,33000,49000,-16000,-16000
063266,聯發科第一9B購01,0,0,0,0,0,0,0,0,0,-16000,0,0,0,16000,32000,-16000,-16000
062934,大成鋼凱基9B購02,0,0,0,0,0,0,0,0,0,-16000,0,0,0,50000,66000,-16000,-16000
063110,牧德兆豐9B購01  ,0,0,0,0,0,0,0,0,0,-16000,0,0,0,0,16000,-16000,-16000
2231,為升            ,60000,49000,11000,0,0,0,0,0,0,-27590,8000,30000,-22000,0,5590,-5590,-16590
2474,可成            ,1375449,1367136,8313,0,0,0,50000,3000,47000,-72000,0,66000,-66000,4000,10000,-6000,-16687
065157,世芯群益9C購02  ,0,0,0,0,0,0,0,0,0,-17000,0,0,0,62000,79000,-17000,-17000
064875,國巨兆豐01購01  ,0,0,0,0,0,0,0,0,0,-17000,0,0,0,0,17000,-17000,-17000
07219P,臺股指凱基99售32,0,0,0,0,0,0,0,0,0,-17000,0,0,0,0,17000,-17000,-17000
07292P,臺股指凱基99售44,0,0,0,0,0,0,0,0,0,-17000,0,0,0,0,17000,-17000,-17000
06141P,大立光日盛97售01,0,0,0,0,0,0,0,0,0,-17000,0,0,0,0,17000,-17000,-17000
056960,光罩永豐98購01  ,0,0,0,0,0,0,0,0,0,-17000,0,0,0,0,17000,-17000,-17000
047211,華新科富邦99購01,0,0,0,0,0,0,0,0,0,-17000,0,0,0,0,17000,-17000,-17000
060032,利勤永豐99購01  ,0,0,0,0,0,0,0,0,0,-17000,0,0,0,14000,31000,-17000,-17000
060022,勤誠康和99購01  ,0,0,0,0,0,0,0,0,0,-17000,0,0,0,31000,48000,-17000,-17000
060981,旺宏元大9A購08  ,0,0,0,0,0,0,0,0,0,-17000,0,0,0,25000,42000,-17000,-17000
060456,正隆元大9A購01  ,0,0,0,0,0,0,0,0,0,-17000,0,0,0,16000,33000,-17000,-17000
060782,道瓊指富邦9C購01,0,0,0,0,0,0,0,0,0,-17000,0,0,0,0,17000,-17000,-17000
060776,世芯凱基9B購01  ,0,0,0,0,0,0,0,0,0,-17000,0,0,0,11000,28000,-17000,-17000
062305,遠東新凱基9B購01,0,0,0,0,0,0,0,0,0,-17000,0,0,0,0,17000,-17000,-17000
058124,玉晶光國票9A購01,0,0,0,0,0,0,0,0,0,-17000,0,0,0,88000,105000,-17000,-17000
061942,亞德客群益9B購01,0,0,0,0,0,0,0,0,0,-17000,0,0,0,0,17000,-17000,-17000
063074,創意永豐9B購02  ,0,0,0,0,0,0,0,0,0,-17000,0,0,0,53000,70000,-17000,-17000
063223,牧德群益9B購04  ,0,0,0,0,0,0,0,0,0,-17000,0,0,0,18000,35000,-17000,-17000
063504,國巨群益9C購06  ,0,0,0,0,0,0,0,0,0,-17000,0,0,0,99000,116000,-17000,-17000
063442,金像電統一01購01,0,0,0,0,0,0,0,0,0,-17000,0,0,0,48000,65000,-17000,-17000
062388,旭富國泰01購01  ,0,0,0,0,0,0,0,0,0,-17000,0,0,0,14000,31000,-17000,-17000
061852,大立光國票9B購02,0,0,0,0,0,0,0,0,0,-17000,0,0,0,0,17000,-17000,-17000
062013,奇鋐富邦9B購01  ,0,0,0,0,0,0,0,0,0,-17000,0,0,0,0,17000,-17000,-17000
063821,南亞科麥證9C購01,0,0,0,0,17000,-17000,0,0,0,-17000,0,0,0,0,17000,-17000,-17000
063606,TPK凱基9C購01   ,0,0,0,0,0,0,0,0,0,-17000,0,0,0,109000,126000,-17000,-17000
063624,GIS兆豐9B購01   ,0,0,0,0,0,0,0,0,0,-17000,0,0,0,3000,20000,-17000,-17000
064401,台達電凱基06購01,0,0,0,0,0,0,0,0,0,-17000,0,0,0,101000,118000,-17000,-17000
064221,華通國票01購01  ,0,20000,-20000,0,0,0,0,0,0,3000,0,0,0,139000,136000,3000,-17000
064306,和潤兆豐01購01  ,0,0,0,0,0,0,0,0,0,-17000,0,0,0,38000,55000,-17000,-17000
064717,台積電統一01購08,0,0,0,0,0,0,0,0,0,-17000,0,0,0,123000,140000,-17000,-17000
06743P,創意永豐98售03  ,0,0,0,0,0,0,0,0,0,-18000,0,0,0,50000,68000,-18000,-18000
064794,牧德國票01購01  ,0,0,0,0,0,0,0,0,0,-18000,0,0,0,0,18000,-18000,-18000
065045,信邦凱基9C購01  ,0,0,0,0,0,0,0,0,0,-18000,0,0,0,10000,28000,-18000,-18000
06624P,訊芯元大98售06  ,0,0,0,0,0,0,0,0,0,-18000,0,0,0,0,18000,-18000,-18000
4967,十銓            ,103000,123000,-20000,0,0,0,0,0,0,2000,2000,0,2000,0,0,0,-18000
4551,智伸科          ,75000,92000,-17000,0,0,0,0,0,0,-1000,16000,13000,3000,10000,14000,-4000,-18000
052113,漢唐中信98購01  ,0,0,0,0,0,0,0,0,0,-18000,0,0,0,2000,20000,-18000,-18000
054542,台表科國票98購01,0,0,0,0,0,0,0,0,0,-18000,0,0,0,41000,59000,-18000,-18000
056581,超眾元大99購01  ,0,0,0,0,0,0,0,0,0,-18000,0,0,0,158000,176000,-18000,-18000
056341,宏達電凱基9A購01,0,0,0,0,0,0,0,0,0,-18000,0,0,0,0,18000,-18000,-18000
056164,聯茂凱基98購03  ,0,0,0,0,0,0,0,0,0,-18000,0,0,0,0,18000,-18000,-18000
056834,華新元富99購01  ,0,0,0,0,0,0,0,0,0,-18000,0,0,0,0,18000,-18000,-18000
057894,華通元富02購02  ,0,0,0,0,0,0,0,0,0,-18000,0,0,0,1000,19000,-18000,-18000
058667,元油2X群益99購01,0,0,0,0,0,0,0,0,0,-18000,0,0,0,0,18000,-18000,-18000
058773,和碩兆豐99購01  ,0,0,0,0,0,0,0,0,0,-18000,0,0,0,41000,59000,-18000,-18000
060125,強茂永豐99購01  ,0,0,0,0,0,0,0,0,0,-18000,0,0,0,7000,25000,-18000,-18000
061160,瑞祺群益9A購01  ,0,0,0,0,0,0,0,0,0,-18000,0,0,0,0,18000,-18000,-18000
060021,立積康和99購01  ,0,0,0,0,0,0,0,0,0,-18000,0,0,0,0,18000,-18000,-18000
060008,華邦電群益9A購01,0,0,0,0,0,0,0,0,0,-18000,0,0,0,69000,87000,-18000,-18000
061460,FBVIX群益9A購02 ,0,0,0,0,0,0,0,0,0,-18000,0,0,0,0,18000,-18000,-18000
058290,南電國票9A購01  ,0,0,0,0,0,0,0,0,0,-18000,0,0,0,1000,19000,-18000,-18000
064716,國巨統一9C購14  ,0,0,0,0,0,0,0,0,0,-18000,0,0,0,17000,35000,-18000,-18000
064747,彩晶國票01購01  ,0,0,0,0,0,0,0,0,0,-18000,0,0,0,44000,62000,-18000,-18000
064276,聯發科元大9C購07,0,0,0,0,0,0,0,0,0,-18000,0,0,0,219000,237000,-18000,-18000
064455,美食統一01購03  ,0,0,0,0,0,0,0,0,0,-18000,0,0,0,30000,48000,-18000,-18000
063582,瑞祺國泰9C購01  ,0,0,0,0,0,0,0,0,0,-18000,0,0,0,133000,151000,-18000,-18000
063732,建準元大9B購02  ,0,0,0,0,0,0,0,0,0,-18000,0,0,0,12000,30000,-18000,-18000
064024,漢唐元大9C購01  ,0,0,0,0,0,0,0,0,0,-18000,0,0,0,130000,148000,-18000,-18000
063964,瑞昱國票01購01  ,0,0,0,0,0,0,0,0,0,-18000,0,0,0,59000,77000,-18000,-18000
061856,台郡國票9B購02  ,0,0,0,0,0,0,0,0,0,-18000,0,0,0,36000,54000,-18000,-18000
062383,大立光國泰01購01,0,0,0,0,0,0,0,0,0,-18000,0,0,0,40000,58000,-18000,-18000
08147P,聯發科群益9B售10,0,0,0,0,0,0,0,0,0,-19000,0,0,0,91000,110000,-19000,-19000
08332P,智邦台新9C售03  ,0,0,0,0,0,0,0,0,0,-19000,0,0,0,5000,24000,-19000,-19000
1414,東和            ,115000,135000,-20000,0,0,0,0,0,0,1000,1000,0,1000,0,0,0,-19000
07021P,台積電富邦9C售02,0,0,0,0,0,0,0,0,0,-19000,0,0,0,11000,30000,-19000,-19000
061211,玉晶光元大9A購12,0,0,0,0,0,0,0,0,0,-19000,0,0,0,62000,81000,-19000,-19000
055331,國巨兆豐99購01  ,0,0,0,0,0,0,0,0,0,-19000,0,0,0,283000,302000,-19000,-19000
01003T,兆豐新光R1      ,2000,21000,-19000,0,0,0,0,0,0,0,0,0,0,0,0,0,-19000
059878,聯茂凱基99購07  ,0,0,0,0,0,0,0,0,0,-19000,0,0,0,17000,36000,-19000,-19000
058884,世紀鋼永豐99購02,0,0,0,0,0,0,0,0,0,-19000,0,0,0,0,19000,-19000,-19000
061501,嘉澤國票9A購01  ,0,0,0,0,0,0,0,0,0,-19000,0,0,0,12000,31000,-19000,-19000
058967,可成麥證99購01  ,0,0,0,0,19000,-19000,0,0,0,-19000,0,0,0,0,19000,-19000,-19000
060122,亞德客永豐99購02,0,0,0,0,0,0,0,0,0,-19000,0,0,0,7000,26000,-19000,-19000
058104,國巨統一9A購04  ,0,0,0,0,0,0,0,0,0,-19000,0,0,0,31000,50000,-19000,-19000
062140,元金2X國票9B購03,0,0,0,0,0,0,0,0,0,-19000,0,0,0,20000,39000,-19000,-19000
062160,南六凱基9B購01  ,0,0,0,0,0,0,0,0,0,-19000,0,0,0,7000,26000,-19000,-19000
062371,健策元大9B購08  ,0,0,0,0,0,0,0,0,0,-19000,0,0,0,10000,29000,-19000,-19000
062320,南電凱基9B購03  ,0,0,0,0,0,0,0,0,0,-19000,0,0,0,61000,80000,-19000,-19000
062586,國巨統一01購06  ,0,0,0,0,0,0,0,0,0,-19000,0,0,0,0,19000,-19000,-19000
06266P,大立光凱基97售11,0,0,0,0,0,0,0,0,0,-19000,0,0,0,0,19000,-19000,-19000
063418,京元電凱基9B購03,0,0,0,0,0,0,0,0,0,-19000,0,0,0,81000,100000,-19000,-19000
063377,泰鼎永豐9B購03  ,0,0,0,0,0,0,0,0,0,-19000,0,0,0,1000,20000,-19000,-19000
06333P,臺股指群益9C售02,0,0,0,0,0,0,0,0,0,-19000,0,0,0,106000,125000,-19000,-19000
063734,可成元大9B購04  ,0,0,0,0,0,0,0,0,0,-19000,0,0,0,0,19000,-19000,-19000
064242,TPK統一02購01   ,0,0,0,0,0,0,0,0,0,-19000,0,0,0,83000,102000,-19000,-19000
064715,和大統一02購03  ,0,0,0,0,0,0,0,0,0,-19000,0,0,0,47000,66000,-19000,-19000
064496,聯發科元大9C購10,0,0,0,0,0,0,0,0,0,-19000,0,0,0,233000,252000,-19000,-19000
6177,達麗            ,203000,222000,-19000,0,0,0,0,0,0,0,0,0,0,0,0,0,-19000
06737P,台郡凱基98售07  ,0,0,0,0,0,0,0,0,0,-20000,0,0,0,0,20000,-20000,-20000
06825P,臺股指國票98售01,0,0,0,0,0,0,0,0,0,-20000,0,0,0,44000,64000,-20000,-20000
07406P,大立光凱基99售18,0,0,0,0,0,0,0,0,0,-20000,0,0,0,0,20000,-20000,-20000
07514P,台積電元大9A售14,0,0,0,0,0,0,0,0,0,-20000,0,0,0,0,20000,-20000,-20000
07638P,長榮航國票9A售01,0,0,0,0,0,0,0,0,0,-20000,0,0,0,0,20000,-20000,-20000
07708P,玉晶光元大9A售13,0,0,0,0,0,0,0,0,0,-20000,0,0,0,0,20000,-20000,-20000
07974P,上証2X元大9B售02,0,0,0,0,0,0,0,0,0,-20000,0,0,0,0,20000,-20000,-20000
06679P,旺宏元大98售09  ,0,0,0,0,0,0,0,0,0,-20000,0,0,0,20000,40000,-20000,-20000
065353,GIS統一02購03   ,0,0,0,0,0,0,0,0,0,-20000,0,0,0,0,20000,-20000,-20000
065397,宏達電群益9C購03,0,0,0,0,0,0,0,0,0,-20000,0,0,0,7000,27000,-20000,-20000
065274,南茂元大9C購03  ,0,0,0,0,0,0,0,0,0,-20000,0,0,0,1000,21000,-20000,-20000
065188,玉晶光統一02購01,0,0,0,0,0,0,0,0,0,-20000,0,0,0,7000,27000,-20000,-20000
065144,大立光凱基01購06,0,0,0,0,0,0,0,0,0,-20000,0,0,0,0,20000,-20000,-20000
065145,貿聯凱基9C購02  ,0,0,0,0,0,0,0,0,0,-20000,0,0,0,0,20000,-20000,-20000
065247,聯發科麥證9C購02,0,0,0,0,20000,-20000,0,0,0,-20000,0,0,0,0,20000,-20000,-20000
06505P,康控國票99售02  ,0,0,0,0,0,0,0,0,0,-20000,0,0,0,0,20000,-20000,-20000
065054,百和凱基02購01  ,0,0,0,0,0,0,0,0,0,-20000,0,0,0,0,20000,-20000,-20000
064998,T50反1國票02購01,0,0,0,0,0,0,0,0,0,-20000,0,0,0,0,20000,-20000,-20000
064981,致伸元大9C購01  ,0,0,0,0,0,0,0,0,0,-20000,0,0,0,10000,30000,-20000,-20000
06479P,聯發科中信99售02,0,0,0,0,0,0,0,0,0,-20000,0,0,0,0,20000,-20000,-20000
06480P,上銀凱基98售04  ,0,0,0,0,0,0,0,0,0,-20000,0,0,0,0,20000,-20000,-20000
064916,玉山金統一02購01,0,0,0,0,0,0,0,0,0,-20000,0,0,0,0,20000,-20000,-20000
08437P,台郡群益9C售01  ,0,0,0,0,0,0,0,0,0,-20000,0,0,0,0,20000,-20000,-20000
08429P,台達電凱基9C售01,0,0,0,0,0,0,0,0,0,-20000,0,0,0,24000,44000,-20000,-20000
08467P,長榮航統一9C售01,0,0,0,0,0,0,0,0,0,-20000,0,0,0,0,20000,-20000,-20000
08413P,臻鼎凱基9C售03  ,0,0,0,0,0,0,0,0,0,-20000,0,0,0,0,20000,-20000,-20000
08289P,智邦統一9C售01  ,0,0,0,0,0,0,0,0,0,-20000,0,0,0,0,20000,-20000,-20000
08241P,微星中信06售01  ,0,0,0,0,0,0,0,0,0,-20000,0,0,0,0,20000,-20000,-20000
08025P,臺股指凱基9B售11,0,0,0,0,0,0,0,0,0,-20000,0,0,0,0,20000,-20000,-20000
08074P,緯穎元富9B售02  ,0,0,0,0,0,0,0,0,0,-20000,0,0,0,141000,161000,-20000,-20000
00770,國泰北美科技    ,0,9000,-9000,0,0,0,0,0,0,-11000,0,0,0,16000,27000,-11000,-20000
052299,T50反1台新05購03,0,0,0,0,0,0,0,0,0,-20000,0,0,0,0,20000,-20000,-20000
00711B,FH彭博新興債    ,0,0,0,0,0,0,0,0,0,-20000,0,0,0,100000,120000,-20000,-20000
00678,群益NBI生技     ,0,559000,-559000,0,0,0,0,0,0,539000,0,0,0,851000,312000,539000,-20000
054470,緯穎國票97購04  ,0,0,0,0,0,0,0,0,0,-20000,0,0,0,0,20000,-20000,-20000
054376,聯茂中信97購01  ,0,0,0,0,0,0,0,0,0,-20000,0,0,0,0,20000,-20000,-20000
056593,台積電元富98購02,0,0,0,0,0,0,0,0,0,-20000,0,0,0,0,20000,-20000,-20000
056561,台光電群益98購02,0,0,0,0,0,0,0,0,0,-20000,0,0,0,0,20000,-20000,-20000
057756,瑞昱日盛99購01  ,0,0,0,0,0,0,0,0,0,-20000,0,0,0,0,20000,-20000,-20000
057771,鴻海群益99購01  ,0,0,0,0,0,0,0,0,0,-20000,0,0,0,0,20000,-20000,-20000
057405,麗豐群益98購01  ,0,0,0,0,0,0,0,0,0,-20000,0,0,0,0,20000,-20000,-20000
053798,台積電中信98購02,0,0,0,0,0,0,0,0,0,-20000,0,0,0,0,20000,-20000,-20000
054628,可成凱基98購01  ,0,0,0,0,0,0,0,0,0,-20000,0,0,0,0,20000,-20000,-20000
054237,茂林群益97購01  ,0,0,0,0,0,0,0,0,0,-20000,0,0,0,0,20000,-20000,-20000
055080,正崴中信99購01  ,0,0,0,0,0,0,0,0,0,-20000,0,0,0,0,20000,-20000,-20000
061206,旺宏元大9A購12  ,0,0,0,0,0,0,0,0,0,-20000,0,0,0,30000,50000,-20000,-20000
061631,SP黃豆元大9A購05,0,0,0,0,0,0,0,0,0,-20000,0,0,0,0,20000,-20000,-20000
061632,SP黃豆元大9A購06,0,0,0,0,0,0,0,0,0,-20000,0,0,0,0,20000,-20000,-20000
061570,瑞昱元大9A購05  ,0,0,0,0,0,0,0,0,0,-20000,0,0,0,0,20000,-20000,-20000
061524,華通凱基9A購07  ,0,0,0,0,0,0,0,0,0,-20000,0,0,0,0,20000,-20000,-20000
061520,健策中信9A購01  ,0,0,0,0,0,0,0,0,0,-20000,0,0,0,0,20000,-20000,-20000
061408,華新科國票9A購06,0,0,0,0,0,0,0,0,0,-20000,0,0,0,0,20000,-20000,-20000
061388,台積電群益9A購05,0,0,0,0,0,0,0,0,0,-20000,0,0,0,10000,30000,-20000,-20000
061373,華通富邦9A購02  ,0,0,0,0,0,0,0,0,0,-20000,0,0,0,10000,30000,-20000,-20000
056872,旺宏凱基98購08  ,0,0,0,0,0,0,0,0,0,-20000,0,0,0,0,20000,-20000,-20000
056132,台光電元大97購03,0,0,0,0,0,0,0,0,0,-20000,0,0,0,0,20000,-20000,-20000
055980,祥碩統一98購01  ,0,0,0,0,0,0,0,0,0,-20000,0,0,0,0,20000,-20000,-20000
056382,道瓊反國泰9A購01,0,0,0,0,0,0,0,0,0,-20000,0,0,0,0,20000,-20000,-20000
05629P,聯發科永昌99售02,0,0,0,0,0,0,0,0,0,-20000,0,0,0,0,20000,-20000,-20000
056326,TPK兆豐98購01   ,0,0,0,0,0,0,0,0,0,-20000,0,0,0,0,20000,-20000,-20000
056980,建準群益98購02  ,0,0,0,0,0,0,0,0,0,-20000,0,0,0,0,20000,-20000,-20000
057017,和大凱基98購01  ,0,0,0,0,0,0,0,0,0,-20000,0,0,0,50000,70000,-20000,-20000
057081,大立光統一98購07,0,0,0,0,0,0,0,0,0,-20000,0,0,0,0,20000,-20000,-20000
061689,國巨群益9A購12  ,0,0,0,0,0,0,0,0,0,-20000,0,0,0,24000,44000,-20000,-20000
061934,台積電國票9B購06,0,0,0,0,0,0,0,0,0,-20000,0,0,0,0,20000,-20000,-20000
061709,SP黃豆凱基01購02,0,0,0,0,0,0,0,0,0,-20000,0,0,0,0,20000,-20000,-20000
058151,台積電統一9A購04,0,0,0,0,0,0,0,0,0,-20000,0,0,0,0,20000,-20000,-20000
062036,致新群益9B購01  ,0,0,0,0,0,0,0,0,0,-20000,0,0,0,80000,100000,-20000,-20000
061902,百和永豐9B購01  ,0,0,0,0,0,0,0,0,0,-20000,0,0,0,0,20000,-20000,-20000
058051,同欣電元大98購03,0,0,0,0,0,0,0,0,0,-20000,0,0,0,0,20000,-20000,-20000
057992,大立光日盛98購01,0,0,0,0,0,0,0,0,0,-20000,0,0,0,0,20000,-20000,-20000
060544,國巨凱基9B購03  ,0,0,0,0,0,0,0,0,0,-20000,0,0,0,0,20000,-20000,-20000
061083,京元電兆豐9A購01,0,0,0,0,0,0,0,0,0,-20000,0,0,0,15000,35000,-20000,-20000
061056,臺指反國票02購01,0,0,0,0,0,0,0,0,0,-20000,0,0,0,0,20000,-20000,-20000
060328,可成群益9A購06  ,0,0,0,0,0,0,0,0,0,-20000,0,0,0,0,20000,-20000,-20000
058433,台積電統一9B購04,0,0,0,0,0,0,0,0,0,-20000,0,0,0,0,20000,-20000,-20000
059259,FBVIX中信03購06 ,0,0,0,0,0,0,0,0,0,-20000,0,0,0,30000,50000,-20000,-20000
060401,世紀鋼國票9B購01,0,0,0,0,0,0,0,0,0,-20000,0,0,0,199000,219000,-20000,-20000
059292,華新科元富9B購02,0,0,0,0,0,0,0,0,0,-20000,0,0,0,0,20000,-20000,-20000
058499,滬深2X元大9C購01,0,0,0,0,0,0,0,0,0,-20000,0,0,0,0,20000,-20000,-20000
058520,智易元大99購03  ,0,0,0,0,0,0,0,0,0,-20000,0,0,0,62000,82000,-20000,-20000
060953,富邦金群益9A購01,0,0,0,0,0,0,0,0,0,-20000,0,0,0,0,20000,-20000,-20000
059087,台積電元大99購26,0,0,0,0,0,0,0,0,0,-20000,0,0,0,0,20000,-20000,-20000
058619,台灣50國票99購04,0,0,0,0,0,0,0,0,0,-20000,0,0,0,10000,30000,-20000,-20000
059000,台積電元大99購25,0,0,0,0,0,0,0,0,0,-20000,0,0,0,10000,30000,-20000,-20000
059049,元油2X凱基9A購12,0,0,0,0,0,0,0,0,0,-20000,0,0,0,0,20000,-20000,-20000
061154,可成群益9B購04  ,0,0,0,0,0,0,0,0,0,-20000,0,0,0,0,20000,-20000,-20000
060885,世紀鋼中信9A購01,0,0,0,0,0,0,0,0,0,-20000,0,0,0,0,20000,-20000,-20000
058834,GIS永豐99購01   ,0,0,0,0,0,0,0,0,0,-20000,0,0,0,10000,30000,-20000,-20000
058843,元油2X群益9C購02,0,0,0,0,0,0,0,0,0,-20000,0,0,0,0,20000,-20000,-20000
059595,華新科元大9A購03,0,0,0,0,0,0,0,0,0,-20000,0,0,0,2000,22000,-20000,-20000
059560,T50反1凱基99購08,0,0,0,0,0,0,0,0,0,-20000,0,0,0,0,20000,-20000,-20000
060233,宏碁元大9A購01  ,0,0,0,0,0,0,0,0,0,-20000,0,0,0,0,20000,-20000,-20000
059822,聯發科凱基99購19,0,0,0,0,0,0,0,0,0,-20000,0,0,0,4000,24000,-20000,-20000
059815,SP黃豆凱基9A購03,0,0,0,0,0,0,0,0,0,-20000,0,0,0,0,20000,-20000,-20000
059796,台積電國票99購10,0,0,0,0,0,0,0,0,0,-20000,0,0,0,10000,30000,-20000,-20000
059864,亞德客凱基99購01,0,0,0,0,0,0,0,0,0,-20000,0,0,0,0,20000,-20000,-20000
059611,台積電永豐99購05,0,0,0,0,0,0,0,0,0,-20000,0,0,0,10000,30000,-20000,-20000
059772,可成群益9A購05  ,0,0,0,0,0,0,0,0,0,-20000,0,0,0,1000,21000,-20000,-20000
059742,富邦金元富99購01,0,0,0,0,0,0,0,0,0,-20000,0,0,0,20000,40000,-20000,-20000
064621,大立光元大9C購20,0,0,0,0,0,0,0,0,0,-20000,0,0,0,0,20000,-20000,-20000
064773,FBVIX群益9C購05 ,0,0,0,0,0,0,0,0,0,-20000,0,0,0,0,20000,-20000,-20000
064630,巨大元大9C購01  ,0,0,0,0,0,0,0,0,0,-20000,0,0,0,2000,22000,-20000,-20000
064232,鴻海統一01購04  ,0,0,0,0,0,0,0,0,0,-20000,0,0,0,10000,30000,-20000,-20000
06434P,超眾群益98售02  ,0,0,0,0,0,0,0,0,0,-20000,0,0,0,9000,29000,-20000,-20000
06353P,電子類富邦99售02,0,0,0,0,0,0,0,0,0,-20000,0,0,0,10000,30000,-20000,-20000
063936,道瓊反元大9C購02,0,0,0,0,0,0,0,0,0,-20000,0,0,0,20000,40000,-20000,-20000
063919,大立光元富03購01,0,0,0,0,0,0,0,0,0,-20000,0,0,0,0,20000,-20000,-20000
063894,漢唐群益9C購01  ,0,0,0,0,0,0,0,0,0,-20000,0,0,0,0,20000,-20000,-20000
064105,南茂群益9C購01  ,0,0,0,0,0,0,0,0,0,-20000,0,0,0,0,20000,-20000,-20000
06328P,台積電中信01售02,0,0,0,0,0,0,0,0,0,-20000,0,0,0,0,20000,-20000,-20000
063421,可成凱基9C購02  ,0,0,0,0,0,0,0,0,0,-20000,0,0,0,0,20000,-20000,-20000
063376,神達永豐9B購01  ,0,0,0,0,0,0,0,0,0,-20000,0,0,0,0,20000,-20000,-20000
063056,嘉澤統一9C購02  ,0,0,0,0,0,0,0,0,0,-20000,0,0,0,1000,21000,-20000,-20000
063084,可成凱基9C購01  ,0,0,0,0,0,0,0,0,0,-20000,0,0,0,0,20000,-20000,-20000
062985,元金2X第一9B購02,0,0,0,0,0,0,0,0,0,-20000,0,0,0,0,20000,-20000,-20000
062690,華擎統一9B購01  ,0,0,0,0,0,0,0,0,0,-20000,0,0,0,0,20000,-20000,-20000
062799,聯發科統一9C購09,0,0,0,0,0,0,0,0,0,-20000,0,0,0,0,20000,-20000,-20000
062631,奇力新國票9B購01,0,0,0,0,0,0,0,0,0,-20000,0,0,0,0,20000,-20000,-20000
062382,燿華國泰9C購01  ,0,0,0,0,0,0,0,0,0,-20000,0,0,0,0,20000,-20000,-20000
062459,聯詠群益9B購01  ,0,0,0,0,0,0,0,0,0,-20000,0,0,0,198000,218000,-20000,-20000
061961,台積電統一01購02,0,0,0,0,0,0,0,0,0,-20000,0,0,0,10000,30000,-20000,-20000
062023,寶成永豐9B購01  ,0,0,0,0,0,0,0,0,0,-20000,0,0,0,0,20000,-20000,-20000
062194,遠東新中信9C購01,0,0,0,0,0,0,0,0,0,-20000,0,0,0,0,20000,-20000,-20000
2496,卓越            ,8000,29000,-21000,0,0,0,0,0,0,0,0,0,0,0,0,0,-21000
064986,GIS元大9C購07   ,0,0,0,0,0,0,0,0,0,-21000,0,0,0,33000,54000,-21000,-21000
065086,可成元大01購04  ,0,0,0,0,0,0,0,0,0,-21000,0,0,0,10000,31000,-21000,-21000
065082,台光電元大9C購04,0,0,0,0,0,0,0,0,0,-21000,0,0,0,8000,29000,-21000,-21000
06525P,上証2X國泰99售01,0,0,0,0,0,0,0,0,0,-21000,0,0,0,0,21000,-21000,-21000
05750P,臺股指群益99售04,0,0,0,0,0,0,0,0,0,-21000,0,0,0,0,21000,-21000,-21000
056608,力山永豐98購01  ,0,0,0,0,0,0,0,0,0,-21000,0,0,0,0,21000,-21000,-21000
055518,華新科中信99購01,0,0,0,0,0,0,0,0,0,-21000,0,0,0,0,21000,-21000,-21000
054962,玉晶光元大99購02,0,0,0,0,0,0,0,0,0,-21000,0,0,0,2000,23000,-21000,-21000
057768,華新科中信9A購01,0,0,0,0,0,0,0,0,0,-21000,0,0,0,0,21000,-21000,-21000
056578,智易元大99購02  ,0,0,0,0,0,0,0,0,0,-21000,0,0,0,48000,69000,-21000,-21000
053190,聯發科統一99購01,0,0,0,0,0,0,0,0,0,-21000,0,0,0,675000,696000,-21000,-21000
053291,旺宏中信9A購01  ,0,0,0,0,0,0,0,0,0,-21000,0,0,0,0,21000,-21000,-21000
036628,統一台新99購01  ,0,0,0,0,0,0,0,0,0,-21000,0,0,0,0,21000,-21000,-21000
059924,世紀鋼元大99購06,0,0,0,0,0,0,0,0,0,-21000,0,0,0,0,21000,-21000,-21000
060265,宏達電國票9A購02,0,0,0,0,0,0,0,0,0,-21000,0,0,0,9000,30000,-21000,-21000
060891,世芯統一9A購01  ,0,0,0,0,0,0,0,0,0,-21000,0,0,0,0,21000,-21000,-21000
058247,聯茂元大99購04  ,0,0,0,0,0,0,0,0,0,-21000,0,0,0,102000,123000,-21000,-21000
059326,康友元大99購01  ,0,0,0,0,0,0,0,0,0,-21000,0,0,0,283000,304000,-21000,-21000
061659,信邦永豐9A購01  ,0,0,0,0,0,0,0,0,0,-21000,0,0,0,0,21000,-21000,-21000
061799,奇鋐永豐9B購01  ,0,0,0,0,0,0,0,0,0,-21000,0,0,0,0,21000,-21000,-21000
062141,遠東新國票9B購01,0,0,0,0,0,0,0,0,0,-21000,0,0,0,0,21000,-21000,-21000
062135,國巨群益9B購05  ,0,0,0,0,0,0,0,0,0,-21000,0,0,0,22000,43000,-21000,-21000
061987,大立光元大9B購03,0,0,0,0,0,0,0,0,0,-21000,0,0,0,17000,38000,-21000,-21000
062828,聯詠群益9B購02  ,0,0,0,0,0,0,0,0,0,-21000,0,0,0,11000,32000,-21000,-21000
062751,華擎中信9C購01  ,0,0,0,0,0,0,0,0,0,-21000,0,0,0,16000,37000,-21000,-21000
062995,聚陽國票9C購01  ,0,0,0,0,0,0,0,0,0,-21000,0,0,0,0,21000,-21000,-21000
062860,華擎國票9B購02  ,0,0,0,0,0,0,0,0,0,-21000,0,0,0,0,21000,-21000,-21000
063069,道瓊銀富邦05購01,0,0,0,0,0,0,0,0,0,-21000,0,0,0,12000,33000,-21000,-21000
063185,聯發科凱基9C購03,0,0,0,0,0,0,0,0,0,-21000,0,0,0,79000,100000,-21000,-21000
063587,漢唐永豐9B購02  ,0,0,0,0,0,0,0,0,0,-21000,0,0,0,0,21000,-21000,-21000
06448P,華通元大99售01  ,0,0,0,0,0,0,0,0,0,-21000,0,0,0,10000,31000,-21000,-21000
065367,技嘉元大01購01  ,0,0,0,0,0,0,0,0,0,-22000,0,0,0,84000,106000,-22000,-22000
065019,華邦電富邦9C購01,0,0,0,0,0,0,0,0,0,-22000,0,0,0,0,22000,-22000,-22000
07965P,玉晶光群益01售02,0,0,0,0,0,0,0,0,0,-22000,0,0,0,10000,32000,-22000,-22000
07552P,技嘉元大9A售03  ,0,0,0,0,0,0,0,0,0,-22000,0,0,0,38000,60000,-22000,-22000
06919P,臺股指日盛98售02,0,0,0,0,0,0,0,0,0,-22000,0,0,0,0,22000,-22000,-22000
07122P,欣興凱基99售05  ,0,0,0,0,0,0,0,0,0,-22000,0,0,0,10000,32000,-22000,-22000
08297P,寶成元大9C售01  ,0,0,0,0,0,0,0,0,0,-22000,0,0,0,8000,30000,-22000,-22000
08347P,大立光元大9C售16,0,0,0,0,0,0,0,0,0,-22000,0,0,0,38000,60000,-22000,-22000
08359P,緯創元大9C售02  ,0,0,0,0,0,0,0,0,0,-22000,0,0,0,10000,32000,-22000,-22000
056592,台積電元富98購01,0,0,0,0,0,0,0,0,0,-22000,0,0,0,2000,24000,-22000,-22000
057201,華擎元富98購01  ,0,0,0,0,0,0,0,0,0,-22000,0,0,0,8000,30000,-22000,-22000
056900,可成元大98購02  ,0,0,0,0,0,0,0,0,0,-22000,0,0,0,0,22000,-22000,-22000
056903,大立光元大99購04,0,0,0,0,0,0,0,0,0,-22000,0,0,0,24000,46000,-22000,-22000
056736,國巨凱基99購03  ,0,0,0,0,0,0,0,0,0,-22000,0,0,0,22000,44000,-22000,-22000
055713,國巨元大98購09  ,0,0,0,0,0,0,0,0,0,-22000,0,0,0,5000,27000,-22000,-22000
06139P,台積電中信99售02,0,0,0,0,0,0,0,0,0,-22000,0,0,0,10000,32000,-22000,-22000
057995,華新科中信98購02,0,0,0,0,0,0,0,0,0,-22000,0,0,0,0,22000,-22000,-22000
060417,正隆永豐9A購01  ,0,0,0,0,0,0,0,0,0,-22000,0,0,0,27000,49000,-22000,-22000
060717,康控永豐9A購01  ,0,0,0,0,0,0,0,0,0,-22000,0,0,0,61000,83000,-22000,-22000
060596,元黃金凱基9A購02,0,0,0,0,0,0,0,0,0,-22000,0,0,0,0,22000,-22000,-22000
058204,世芯凱基9A購01  ,0,0,0,0,0,0,0,0,0,-22000,0,0,0,2000,24000,-22000,-22000
060880,中壽中信9C購01  ,0,0,0,0,0,0,0,0,0,-22000,0,0,0,0,22000,-22000,-22000
059118,晶技永豐9A購01  ,0,0,0,0,0,0,0,0,0,-22000,0,0,0,22000,44000,-22000,-22000
060156,光磊永豐9A購01  ,0,0,0,0,0,0,0,0,0,-22000,0,0,0,0,22000,-22000,-22000
058610,欣興元大99購05  ,0,0,0,0,0,0,0,0,0,-22000,0,0,0,54000,76000,-22000,-22000
064517,國巨群益02購01  ,0,0,0,0,0,0,0,0,0,-22000,0,0,0,253000,275000,-22000,-22000
063564,台積電元大9B購07,0,0,0,0,0,0,0,0,0,-22000,0,0,0,0,22000,-22000,-22000
063833,致新國票01購01  ,0,0,0,0,0,0,0,0,0,-22000,0,0,0,57000,79000,-22000,-22000
063028,巨大元大9B購02  ,0,0,0,0,0,0,0,0,0,-22000,0,0,0,0,22000,-22000,-22000
062883,智易兆豐9C購01  ,0,0,0,0,0,0,0,0,0,-22000,0,0,0,0,22000,-22000,-22000
062920,康友元大9B購01  ,0,0,0,0,0,0,0,0,0,-22000,0,0,0,14000,36000,-22000,-22000
063328,京元電國票9C購02,0,0,0,0,0,0,0,0,0,-22000,0,0,0,72000,94000,-22000,-22000
062637,智易國票9B購01  ,0,0,0,0,0,0,0,0,0,-22000,0,0,0,0,22000,-22000,-22000
062598,華通台新9B購02  ,0,0,0,0,0,0,0,0,0,-22000,0,0,0,5000,27000,-22000,-22000
062353,亞德客元大9B購01,0,0,0,0,0,0,0,0,0,-22000,0,0,0,24000,46000,-22000,-22000
08224P,臺股指凱基9B售19,0,0,0,0,0,0,0,0,0,-23000,0,0,0,0,23000,-23000,-23000
08191P,鴻海台新9B售03  ,0,0,0,0,0,0,0,0,0,-23000,0,0,0,0,23000,-23000,-23000
07535P,上銀元富9A售03  ,0,0,0,0,0,0,0,0,0,-23000,0,0,0,0,23000,-23000,-23000
07890P,南電國票9B售01  ,0,0,0,0,0,0,0,0,0,-23000,0,0,0,30000,53000,-23000,-23000
064880,神達兆豐9C購01  ,0,0,0,0,0,0,0,0,0,-23000,0,0,0,0,23000,-23000,-23000
065355,聯發科元富03購05,0,0,0,0,0,0,0,0,0,-23000,0,0,0,0,23000,-23000,-23000
065315,玉晶光中信03購02,0,0,0,0,0,0,0,0,0,-23000,0,0,0,0,23000,-23000,-23000
065108,建準國票01購01  ,0,0,0,0,0,0,0,0,0,-23000,0,0,0,0,23000,-23000,-23000
055670,矽創群益98購02  ,0,0,0,0,0,0,0,0,0,-23000,0,0,0,0,23000,-23000,-23000
057197,立積台新98購01  ,0,0,0,0,0,0,0,0,0,-23000,0,0,0,2000,25000,-23000,-23000
055907,台虹兆豐98購01  ,0,0,0,0,0,0,0,0,0,-23000,0,0,0,0,23000,-23000,-23000
055876,美食元富9A購01  ,0,0,0,0,0,0,0,0,0,-23000,0,0,0,27000,50000,-23000,-23000
054760,台化國票9A購01  ,0,0,0,0,0,0,0,0,0,-23000,0,0,0,0,23000,-23000,-23000
047004,台積電統一99購01,0,0,0,0,0,0,0,0,0,-23000,0,0,0,26000,49000,-23000,-23000
00736,國泰新興市場    ,0,0,0,0,0,0,0,0,0,-23000,0,0,0,101000,124000,-23000,-23000
055265,玉晶光永豐98購03,0,0,0,0,0,0,0,0,0,-23000,0,0,0,207000,230000,-23000,-23000
052203,T50反1中信99購03,0,0,0,0,0,0,0,0,0,-23000,0,0,0,40000,63000,-23000,-23000
061184,大立光國泰9C購01,0,0,0,0,0,0,0,0,0,-23000,0,0,0,6000,29000,-23000,-23000
060979,國巨元大9A購14  ,0,0,0,0,0,0,0,0,0,-23000,0,0,0,34000,57000,-23000,-23000
058706,聯鈞元大9C購01  ,0,0,0,0,0,0,0,0,0,-23000,0,0,0,52000,75000,-23000,-23000
060016,廣達康和99購01  ,0,0,0,0,0,0,0,0,0,-23000,0,0,0,105000,128000,-23000,-23000
061457,TPK凱基9A購01   ,0,0,0,0,0,0,0,0,0,-23000,0,0,0,125000,148000,-23000,-23000
061907,裕隆中信9B購01  ,0,0,0,0,0,0,0,0,0,-23000,0,0,0,25000,48000,-23000,-23000
062501,台積電群益9C購03,0,0,0,0,0,0,0,0,0,-23000,0,0,0,1000,24000,-23000,-23000
064473,技嘉麥證9C購01  ,0,0,0,67000,90000,-23000,0,0,0,-23000,0,0,0,67000,90000,-23000,-23000
064606,南電元富9C購03  ,0,0,0,0,0,0,0,0,0,-23000,0,0,0,75000,98000,-23000,-23000
064195,晶豪科群益9C購01,0,0,0,0,0,0,0,0,0,-23000,0,0,0,25000,48000,-23000,-23000
065385,億豐元大03購01  ,0,0,0,0,0,0,0,0,0,-24000,0,0,0,0,24000,-24000,-24000
064789,和大國票01購01  ,0,0,0,0,0,0,0,0,0,-24000,0,0,0,0,24000,-24000,-24000
07808P,超眾永豐9A售04  ,0,0,0,0,0,0,0,0,0,-24000,0,0,0,1000,25000,-24000,-24000
08175P,金像電統一9B售02,0,0,0,0,0,0,0,0,0,-24000,0,0,0,0,24000,-24000,-24000
08403P,上銀元大9C售07  ,0,0,0,0,0,0,0,0,0,-24000,0,0,0,0,24000,-24000,-24000
2006,東和鋼鐵        ,887000,910000,-23000,0,0,0,0,0,0,-1000,0,1000,-1000,0,0,0,-24000
055262,台虹國泰98購01  ,0,0,0,0,0,0,0,0,0,-24000,0,0,0,0,24000,-24000,-24000
00647L,元大S&P500正2   ,14000,68000,-54000,0,0,0,0,0,0,30000,0,0,0,468000,438000,30000,-24000
057718,旺宏元富02購02  ,0,0,0,0,0,0,0,0,0,-24000,0,0,0,10000,34000,-24000,-24000
053882,聯發科中信98購02,0,0,0,0,0,0,0,0,0,-24000,0,0,0,3000,27000,-24000,-24000
057577,廣宇中信9A購01  ,0,0,0,0,0,0,0,0,0,-24000,0,0,0,0,24000,-24000,-24000
057554,新日興凱基99購02,0,0,0,0,0,0,0,0,0,-24000,0,0,0,24000,48000,-24000,-24000
057202,TPK元富98購02   ,0,0,0,0,0,0,0,0,0,-24000,0,0,0,0,24000,-24000,-24000
061917,亞德客凱基9B購02,0,0,0,0,0,0,0,0,0,-24000,0,0,0,0,24000,-24000,-24000
058532,禾伸堂元富99購01,0,0,0,0,0,0,0,0,0,-24000,0,0,0,26000,50000,-24000,-24000
058983,旺宏凱基99購05  ,0,0,0,0,0,0,0,0,0,-24000,0,0,0,0,24000,-24000,-24000
059066,道瓊指國票04購01,0,0,0,0,0,0,0,0,0,-24000,0,0,0,0,24000,-24000,-24000
059951,台塑康和99購01  ,0,0,0,0,0,0,0,0,0,-24000,0,0,0,6000,30000,-24000,-24000
064470,世紀鋼元富03購01,0,0,0,0,0,0,0,0,0,-24000,0,0,0,0,24000,-24000,-24000
062183,奇鋐元大9B購01  ,60000,0,60000,0,0,0,0,0,0,-84000,0,0,0,288000,372000,-84000,-24000
8261,富鼎            ,112000,136000,-24000,0,0,0,0,0,0,0,0,0,0,0,0,0,-24000
08393P,鴻海群益9C售05  ,0,0,0,0,0,0,0,0,0,-25000,0,0,0,0,25000,-25000,-25000
08465P,玉晶光兆豐01售02,0,0,0,0,0,0,0,0,0,-25000,0,0,0,0,25000,-25000,-25000
08061P,大毅國票9B售04  ,0,0,0,0,0,0,0,0,0,-25000,0,0,0,0,25000,-25000,-25000
07799P,南電國票9A售04  ,0,0,0,0,0,0,0,0,0,-25000,0,0,0,0,25000,-25000,-25000
07833P,大立光群益9B售02,0,0,0,0,0,0,0,0,0,-25000,0,0,0,0,25000,-25000,-25000
07700P,臺股指元大9A售53,0,0,0,0,0,0,0,0,0,-25000,0,0,0,0,25000,-25000,-25000
07133P,臺股指元大9A售27,0,0,0,0,0,0,0,0,0,-25000,0,0,0,20000,45000,-25000,-25000
07166P,台灣50兆豐03售01,0,0,0,0,0,0,0,0,0,-25000,0,0,0,0,25000,-25000,-25000
06742P,可成富邦99售02  ,0,0,0,0,0,0,0,0,0,-25000,0,0,0,29000,54000,-25000,-25000
065300,燿華元富9C購03  ,0,0,0,0,0,0,0,0,0,-25000,0,0,0,0,25000,-25000,-25000
06667P,鴻海凱基98售11  ,0,0,0,0,0,0,0,0,0,-25000,0,0,0,0,25000,-25000,-25000
065109,台勝科國票01購01,0,0,0,0,0,0,0,0,0,-25000,0,0,0,0,25000,-25000,-25000
065230,義隆凱基02購01  ,0,0,0,0,0,0,0,0,0,-25000,0,0,0,74000,99000,-25000,-25000
056855,祥碩中信98購02  ,0,0,0,0,0,0,0,0,0,-25000,0,0,0,52000,77000,-25000,-25000
057291,國巨國泰9A購01  ,0,0,0,0,0,0,0,0,0,-25000,0,0,0,0,25000,-25000,-25000
053904,漢唐凱基97購01  ,0,0,0,0,0,0,0,0,0,-25000,0,0,0,0,25000,-25000,-25000
054778,世紀鋼國票99購01,0,0,0,0,0,0,0,0,0,-25000,0,0,0,10000,35000,-25000,-25000
054297,台郡元大98購01  ,0,0,0,0,0,0,0,0,0,-25000,0,0,0,0,25000,-25000,-25000
042792,T50反1台新9C購01,0,0,0,0,0,0,0,0,0,-25000,0,0,0,0,25000,-25000,-25000
055304,瑞昱第一98購01  ,0,0,0,0,0,0,0,0,0,-25000,0,0,0,0,25000,-25000,-25000
058831,茂林永豐99購01  ,0,0,0,0,0,0,0,0,0,-25000,0,0,0,25000,50000,-25000,-25000
060183,南亞科元富9A購01,0,0,0,0,0,0,0,0,0,-25000,0,0,0,46000,71000,-25000,-25000
058564,元金2X凱基9C購01,0,0,0,0,0,0,0,0,0,-25000,0,0,0,0,25000,-25000,-25000
058761,欣興群益99購02  ,0,0,0,0,0,0,0,0,0,-25000,0,0,0,75000,100000,-25000,-25000
059007,南電元大99購05  ,0,0,0,0,0,0,0,0,0,-25000,0,0,0,10000,35000,-25000,-25000
058480,新日興凱基9A購01,0,0,0,0,0,0,0,0,0,-25000,0,0,0,125000,150000,-25000,-25000
060426,盛群永豐9A購01  ,0,0,0,0,0,0,0,0,0,-25000,0,0,0,43000,68000,-25000,-25000
060326,群光群益9A購01  ,0,0,0,0,0,0,0,0,0,-25000,0,0,0,42000,67000,-25000,-25000
058101,台積電富邦9C購01,0,0,0,0,0,0,0,0,0,-25000,0,0,0,15000,40000,-25000,-25000
057983,緯穎永豐98購03  ,0,0,0,0,0,0,0,0,0,-25000,0,0,0,0,25000,-25000,-25000
062711,台表科元大9B購05,0,0,0,0,0,0,0,0,0,-25000,0,0,0,16000,41000,-25000,-25000
064293,勤誠元大9C購01  ,0,0,0,0,0,0,0,0,0,-25000,0,0,0,48000,73000,-25000,-25000
064579,大立光富邦03購02,0,0,0,0,0,0,0,0,0,-25000,0,0,0,0,25000,-25000,-25000
063863,儒鴻富邦02購01  ,0,0,0,0,0,0,0,0,0,-25000,0,0,0,35000,60000,-25000,-25000
06685P,鴻海國泰9A售01  ,0,0,0,0,0,0,0,0,0,-26000,0,0,0,0,26000,-26000,-26000
064980,牧德元大01購01  ,0,0,0,0,0,0,0,0,0,-26000,0,0,0,30000,56000,-26000,-26000
07800P,華新科國泰9B售04,0,0,0,0,0,0,0,0,0,-26000,0,0,0,140000,166000,-26000,-26000
07749P,台郡凱基9A售01  ,0,0,0,0,0,0,0,0,0,-26000,0,0,0,0,26000,-26000,-26000
08091P,A50正2元富9B售02,0,0,0,0,0,0,0,0,0,-26000,0,0,0,0,26000,-26000,-26000
08026P,臺股指凱基9B售12,0,0,0,0,0,0,0,0,0,-26000,0,0,0,0,26000,-26000,-26000
00851,台新全球AI      ,0,0,0,0,0,0,0,0,0,-26000,0,0,0,24000,50000,-26000,-26000
054758,南亞國票9A購01  ,0,0,0,0,0,0,0,0,0,-26000,0,0,0,0,26000,-26000,-26000
055794,聯發科國泰99購01,0,0,0,0,0,0,0,0,0,-26000,0,0,0,101000,127000,-26000,-26000
061326,新日興凱基9B購01,0,0,0,0,0,0,0,0,0,-26000,0,0,0,87000,113000,-26000,-26000
058050,台郡元大99購05  ,0,0,0,0,0,0,0,0,0,-26000,0,0,0,65000,91000,-26000,-26000
062151,世紀鋼國票01購01,0,0,0,0,0,0,0,0,0,-26000,0,0,0,0,26000,-26000,-26000
060283,台肥元大9C購01  ,0,30000,-30000,0,0,0,0,0,0,4000,0,0,0,64000,60000,4000,-26000
058488,華擎國票9A購01  ,0,0,0,0,0,0,0,0,0,-26000,0,0,0,1000,27000,-26000,-26000
063805,技嘉兆豐9C購01  ,0,0,0,0,0,0,0,0,0,-26000,0,0,0,195000,221000,-26000,-26000
062604,東元凱基9B購01  ,0,0,0,0,0,0,0,0,0,-26000,0,0,0,68000,94000,-26000,-26000
062019,嘉澤永豐9B購01  ,0,0,0,0,0,0,0,0,0,-26000,0,0,0,201000,227000,-26000,-26000
061968,聯發科統一01購03,0,0,0,0,0,0,0,0,0,-26000,0,0,0,10000,36000,-26000,-26000
065012,燿華國泰02購01  ,0,0,0,0,0,0,0,0,0,-27000,0,0,0,0,27000,-27000,-27000
065370,瑞昱元大9C購02  ,0,0,0,0,0,0,0,0,0,-27000,0,0,0,32000,59000,-27000,-27000
06535P,可成群益99售02  ,0,0,0,0,0,0,0,0,0,-27000,0,0,0,45000,72000,-27000,-27000
057819,新日興元大99購01,0,0,0,0,0,0,0,0,0,-27000,0,0,0,0,27000,-27000,-27000
057282,大立光元大99購06,0,0,0,0,0,0,0,0,0,-27000,0,0,0,0,27000,-27000,-27000
056694,欣興群益98購04  ,0,0,0,0,0,0,0,0,0,-27000,0,0,0,188000,215000,-27000,-27000
055813,聯發科國票98購04,0,0,0,0,0,0,0,0,0,-27000,0,0,0,0,27000,-27000,-27000
062136,南亞科群益9B購01,0,0,0,0,0,0,0,0,0,-27000,0,0,0,20000,47000,-27000,-27000
058149,百和元大99購02  ,0,0,0,0,0,0,0,0,0,-27000,0,0,0,131000,158000,-27000,-27000
05995P,T50正2中信9C售01,0,0,0,0,0,0,0,0,0,-27000,0,0,0,140000,167000,-27000,-27000
059037,宏達電群益99購02,0,0,0,0,0,0,0,0,0,-27000,0,0,0,5000,32000,-27000,-27000
060898,世芯凱基9A購03  ,0,0,0,0,0,0,0,0,0,-27000,0,0,0,0,27000,-27000,-27000
059115,美食永豐99購01  ,0,0,0,0,0,0,0,0,0,-27000,0,0,0,10000,37000,-27000,-27000
058930,華新科統一9B購01,0,0,0,0,0,0,0,0,0,-27000,0,0,0,73000,100000,-27000,-27000
059390,華新科凱基99購05,0,0,0,0,0,0,0,0,0,-27000,0,0,0,23000,50000,-27000,-27000
059889,華新科國票99購04,0,0,0,0,0,0,0,0,0,-27000,0,0,0,9000,36000,-27000,-27000
059860,台積電群益9A購02,0,0,0,0,0,0,0,0,0,-27000,0,0,0,81000,108000,-27000,-27000
059762,禾伸堂永豐99購02,0,0,0,0,0,0,0,0,0,-27000,0,0,0,0,27000,-27000,-27000
05830P,滬深2X元富99售03,0,0,0,0,0,0,0,0,0,-27000,0,0,0,55000,82000,-27000,-27000
06239P,奇力新元大97售08,0,0,0,0,0,0,0,0,0,-27000,0,0,0,23000,50000,-27000,-27000
062752,世芯中信9B購01  ,0,0,0,0,0,0,0,0,0,-27000,0,0,0,15000,42000,-27000,-27000
062770,臺股指凱基9B購14,0,0,0,0,0,0,0,0,0,-27000,0,0,0,105000,132000,-27000,-27000
062912,新日興元大9B購01,0,0,0,0,0,0,0,0,0,-27000,0,0,0,117000,144000,-27000,-27000
063016,微星元大9C購02  ,0,0,0,0,0,0,0,0,0,-27000,0,0,0,44000,71000,-27000,-27000
062939,奇力新凱基9B購02,0,0,0,0,0,0,0,0,0,-27000,0,0,0,27000,54000,-27000,-27000
063041,貿聯凱基9B購01  ,0,0,0,0,0,0,0,0,0,-27000,0,0,0,25000,52000,-27000,-27000
064580,統一永豐9C購01  ,0,0,0,0,0,0,0,0,0,-27000,0,0,0,68000,95000,-27000,-27000
064502,大立光元大9C購19,0,0,0,0,0,0,0,0,0,-27000,0,0,0,10000,37000,-27000,-27000
8033,雷虎            ,50000,77000,-27000,0,0,0,0,0,0,0,0,0,0,0,0,0,-27000
07888P,大立光國票9B售01,0,0,0,0,0,0,0,0,0,-28000,0,0,0,0,28000,-28000,-28000
07099P,台積電元大99售19,0,0,0,0,0,0,0,0,0,-28000,0,0,0,22000,50000,-28000,-28000
4916,事欣科          ,24000,52000,-28000,0,0,0,0,0,0,0,0,0,0,0,0,0,-28000
05709P,大立光國票97售01,0,0,0,0,0,0,0,0,0,-28000,0,0,0,0,28000,-28000,-28000
057809,英業達元大98購01,0,0,0,0,0,0,0,0,0,-28000,0,0,0,22000,50000,-28000,-28000
056745,聯茂凱基99購03  ,0,0,0,0,0,0,0,0,0,-28000,0,0,0,4000,32000,-28000,-28000
061526,宏達電凱基9A購04,0,0,0,0,0,0,0,0,0,-28000,0,0,0,26000,54000,-28000,-28000
054751,GIS凱基98購01   ,0,0,0,0,0,0,0,0,0,-28000,0,0,0,0,28000,-28000,-28000
054735,漢唐凱基98購01  ,0,0,0,0,0,0,0,0,0,-28000,0,0,0,2000,30000,-28000,-28000
054826,復盛元大9A購01  ,0,0,0,0,0,0,0,0,0,-28000,0,0,0,0,28000,-28000,-28000
055619,同欣電國票98購02,0,0,0,0,0,0,0,0,0,-28000,0,0,0,2000,30000,-28000,-28000
053827,漢唐麥證9A購01  ,0,0,0,0,38000,-38000,0,0,0,-28000,0,0,0,10000,38000,-28000,-28000
053063,力山群益98購01  ,0,0,0,0,0,0,0,0,0,-28000,0,0,0,103000,131000,-28000,-28000
058699,楠梓電元大99購02,0,0,0,0,0,0,0,0,0,-28000,0,0,0,12000,40000,-28000,-28000
058230,國巨元大99購11  ,0,0,0,0,0,0,0,0,0,-28000,0,0,0,4000,32000,-28000,-28000
057960,聯鈞元大98購02  ,0,0,0,0,0,0,0,0,0,-28000,0,0,0,150000,178000,-28000,-28000
061735,上銀凱基9B購01  ,0,0,0,0,0,0,0,0,0,-28000,0,0,0,10000,38000,-28000,-28000
059291,華新科元富9B購01,0,0,0,0,0,0,0,0,0,-28000,0,0,0,0,28000,-28000,-28000
060545,台積電凱基9B購02,0,0,0,0,0,0,0,0,0,-28000,0,0,0,20000,48000,-28000,-28000
060654,大毅群益9B購01  ,0,0,0,0,0,0,0,0,0,-28000,0,0,0,137000,165000,-28000,-28000
060738,矽格統一9C購01  ,0,0,0,0,0,0,0,0,0,-28000,0,0,0,217000,245000,-28000,-28000
064656,聚陽元大9C購03  ,0,0,0,0,0,0,0,0,0,-28000,0,0,0,68000,96000,-28000,-28000
064658,喬山元大9C購01  ,0,0,0,0,0,0,0,0,0,-28000,0,0,0,0,28000,-28000,-28000
064176,京元電國泰01購01,0,0,0,0,0,0,0,0,0,-28000,0,0,0,137000,165000,-28000,-28000
064126,聯發科元大9C購05,0,0,0,0,0,0,0,0,0,-28000,0,0,0,116000,144000,-28000,-28000
062551,緯穎永豐9B購02  ,0,0,0,0,0,0,0,0,0,-28000,0,0,0,0,28000,-28000,-28000
062377,力成元大9B購01  ,0,0,0,0,0,0,0,0,0,-28000,0,0,0,43000,71000,-28000,-28000
2888A,新光金甲特      ,0,29000,-29000,0,0,0,0,0,0,0,0,0,0,0,0,0,-29000
2227,裕日車          ,18000,1000,17000,0,0,0,0,41000,-41000,-5000,0,5000,-5000,0,0,0,-29000
07564P,臺股指中信01售01,0,0,0,0,0,0,0,0,0,-29000,0,0,0,80000,109000,-29000,-29000
065008,TPK國票01購02   ,0,0,0,0,0,0,0,0,0,-29000,0,0,0,0,29000,-29000,-29000
048070,聯發科元富99購03,0,0,0,0,0,0,0,0,0,-29000,0,0,0,19000,48000,-29000,-29000
055437,禾伸堂中信99購01,0,0,0,0,0,0,0,0,0,-29000,0,0,0,66000,95000,-29000,-29000
056197,友訊永豐97購01  ,0,0,0,0,0,0,0,0,0,-29000,0,0,0,1000,30000,-29000,-29000
060763,聯鈞元大9A購03  ,0,0,0,0,0,0,0,0,0,-29000,0,0,0,104000,133000,-29000,-29000
062083,健策元大9C購03  ,0,0,0,0,0,0,0,0,0,-29000,0,0,0,5000,34000,-29000,-29000
058733,同欣電永豐99購02,0,0,0,0,0,0,0,0,0,-29000,0,0,0,47000,76000,-29000,-29000
060165,上緯控永豐9A購01,0,0,0,0,0,0,0,0,0,-29000,0,0,0,20000,49000,-29000,-29000
059787,奇力新元大9A購02,0,0,0,0,0,0,0,0,0,-29000,0,0,0,0,29000,-29000,-29000
061872,友達元大9C購06  ,0,0,0,0,0,0,0,0,0,-29000,0,0,0,76000,105000,-29000,-29000
062594,祥碩統一01購02  ,0,0,0,0,0,0,0,0,0,-29000,0,0,0,37000,66000,-29000,-29000
062670,瑞昱中信03購01  ,0,0,0,0,0,0,0,0,0,-29000,0,0,0,17000,46000,-29000,-29000
063118,中鋼元大9C購01  ,0,0,0,0,0,0,0,0,0,-29000,0,0,0,21000,50000,-29000,-29000
063193,聯發科台新9B購02,0,0,0,0,0,0,0,0,0,-29000,0,0,0,21000,50000,-29000,-29000
063888,TPK中信01購01   ,0,0,0,0,0,0,0,0,0,-29000,0,0,0,53000,82000,-29000,-29000
064625,健策元大01購02  ,0,0,0,0,0,0,0,0,0,-29000,0,0,0,7000,36000,-29000,-29000
065000,和大國票02購01  ,0,0,0,0,0,0,0,0,0,-30000,0,0,0,10000,40000,-30000,-30000
064786,GIS群益9C購04   ,0,0,0,0,0,0,0,0,0,-30000,0,0,0,6000,36000,-30000,-30000
065304,台勝科元富03購01,0,0,0,0,0,0,0,0,0,-30000,0,0,0,0,30000,-30000,-30000
06586P,鴻海元大9C售01  ,0,0,0,0,0,0,0,0,0,-30000,0,0,0,0,30000,-30000,-30000
065221,神隆永豐9C購01  ,0,0,0,0,0,0,0,0,0,-30000,0,0,0,45000,75000,-30000,-30000
065205,金寶國票01購01  ,0,0,0,0,0,0,0,0,0,-30000,0,0,0,35000,65000,-30000,-30000
065236,旭富凱基9C購01  ,0,0,0,0,0,0,0,0,0,-30000,0,0,0,23000,53000,-30000,-30000
065134,中石化凱基01購01,0,0,0,0,0,0,0,0,0,-30000,0,0,0,0,30000,-30000,-30000
07410P,鴻海元大99售44  ,0,0,0,0,0,0,0,0,0,-30000,0,0,0,0,30000,-30000,-30000
07879P,瑞昱群益9C售01  ,0,0,0,0,0,0,0,0,0,-30000,0,0,0,0,30000,-30000,-30000
07839P,嘉澤元大9A售04  ,0,0,0,0,0,0,0,0,0,-30000,0,0,0,140000,170000,-30000,-30000
07303P,臺股指元大9A售36,0,0,0,0,0,0,0,0,0,-30000,0,0,0,80000,110000,-30000,-30000
06750P,聯發科元富02售03,0,0,0,0,0,0,0,0,0,-30000,0,0,0,20000,50000,-30000,-30000
06941P,國巨統一98售07  ,0,0,0,0,0,0,0,0,0,-30000,0,0,0,0,30000,-30000,-30000
4540,全球傳動        ,68000,98000,-30000,0,0,0,0,0,0,0,0,0,0,0,0,0,-30000
08427P,義隆國票9C售01  ,0,0,0,0,0,0,0,0,0,-30000,0,0,0,0,30000,-30000,-30000
08507P,臺股指國票9C售08,0,0,0,0,0,0,0,0,0,-30000,0,0,0,0,30000,-30000,-30000
08535P,和大國票01售02  ,0,0,0,0,0,0,0,0,0,-30000,0,0,0,0,30000,-30000,-30000
057019,台積電凱基98購14,0,0,0,0,0,0,0,0,0,-30000,0,0,0,0,30000,-30000,-30000
061598,南電永豐9A購04  ,0,0,0,0,0,0,0,0,0,-30000,0,0,0,10000,40000,-30000,-30000
056772,欣興元大99購01  ,0,0,0,0,0,0,0,0,0,-30000,0,0,0,38000,68000,-30000,-30000
055721,聯詠元大97購04  ,0,0,0,0,0,0,0,0,0,-30000,0,0,0,0,30000,-30000,-30000
057218,可成群益99購03  ,0,0,0,0,0,0,0,0,0,-30000,0,0,0,0,30000,-30000,-30000
055404,超眾元富97購01  ,0,0,0,0,0,0,0,0,0,-30000,0,0,0,0,30000,-30000,-30000
055324,TPK國票98購03   ,0,0,0,0,0,0,0,0,0,-30000,0,0,0,0,30000,-30000,-30000
054318,台虹凱基98購01  ,0,0,0,0,0,0,0,0,0,-30000,0,0,0,0,30000,-30000,-30000
05545P,台表科國泰98售01,0,0,0,0,0,0,0,0,0,-30000,0,0,0,0,30000,-30000,-30000
03428B,臺股指凱基97熊18,0,0,0,0,0,0,0,0,0,-30000,0,0,0,0,30000,-30000,-30000
03047X,元展44          ,0,0,0,0,0,0,0,0,0,-30000,0,0,0,0,30000,-30000,-30000
055197,致新元富97購02  ,0,0,0,0,0,0,0,0,0,-30000,0,0,0,20000,50000,-30000,-30000
055135,聯發科富邦99購05,0,0,0,0,0,0,0,0,0,-30000,0,0,0,0,30000,-30000,-30000
03649C,T50反1凱基99牛05,0,0,0,0,0,0,0,0,0,-30000,0,0,0,0,30000,-30000,-30000
053083,中環元大99購01  ,0,0,0,0,0,0,0,0,0,-30000,0,0,0,0,30000,-30000,-30000
02001R,富邦蘋果反一N   ,0,0,0,0,0,0,0,0,0,-30000,0,0,0,0,30000,-30000,-30000
054080,微星中信98購01  ,0,0,0,0,0,0,0,0,0,-30000,0,0,0,20000,50000,-30000,-30000
056444,南亞科凱基99購01,0,0,0,0,0,0,0,0,0,-30000,0,0,0,0,30000,-30000,-30000
057407,超眾群益99購01  ,0,0,0,0,0,0,0,0,0,-30000,0,0,0,30000,60000,-30000,-30000
057706,臺股指群益98購06,0,0,0,0,0,0,0,0,0,-30000,0,0,0,0,30000,-30000,-30000
055617,TPK國票98購04   ,0,0,0,0,0,0,0,0,0,-30000,0,0,0,0,30000,-30000,-30000
055564,茂林凱基98購01  ,0,0,0,0,0,0,0,0,0,-30000,0,0,0,20000,50000,-30000,-30000
054178,中磊台新97購01  ,0,0,0,0,0,0,0,0,0,-30000,0,0,0,0,30000,-30000,-30000
059755,宏達電國泰9A購01,0,0,0,0,0,0,0,0,0,-30000,0,0,0,8000,38000,-30000,-30000
059661,大立光元大99購22,0,0,0,0,0,0,0,0,0,-30000,0,0,0,0,30000,-30000,-30000
059947,貿聯永豐99購03  ,0,0,0,0,0,0,0,0,0,-30000,0,0,0,46000,76000,-30000,-30000
059450,和大永豐99購01  ,0,0,0,0,0,0,0,0,0,-30000,0,0,0,25000,55000,-30000,-30000
058832,立積永豐99購01  ,0,0,0,0,0,0,0,0,0,-30000,0,0,0,10000,40000,-30000,-30000
060190,國泰金元富9A購01,0,0,0,0,0,0,0,0,0,-30000,0,0,0,0,30000,-30000,-30000
060247,牧德元大9A購02  ,0,0,0,0,0,0,0,0,0,-30000,0,0,0,0,30000,-30000,-30000
060109,茂林元大99購05  ,0,0,0,0,0,0,0,0,0,-30000,0,0,0,30000,60000,-30000,-30000
058678,南亞科日盛99購01,0,0,0,0,0,0,0,0,0,-30000,0,0,0,0,30000,-30000,-30000
058779,大立光國票9A購02,0,0,0,0,0,0,0,0,0,-30000,0,0,0,0,30000,-30000,-30000
058183,國巨富邦9A購06  ,0,0,0,0,0,0,0,0,0,-30000,0,0,0,20000,50000,-30000,-30000
060881,玉山金中信02購01,0,0,0,0,0,0,0,0,0,-30000,0,0,0,5000,35000,-30000,-30000
060039,大立光國票99購04,0,0,0,0,0,0,0,0,0,-30000,0,0,0,0,30000,-30000,-30000
062250,台積電元大9B購02,0,0,0,0,0,0,0,0,0,-30000,0,0,0,0,30000,-30000,-30000
060817,華邦電台新9A購01,0,0,0,0,0,0,0,0,0,-30000,0,0,0,0,30000,-30000,-30000
058401,華航元大9A購01  ,0,0,0,0,0,0,0,0,0,-30000,0,0,0,0,30000,-30000,-30000
060464,台積電元大9A購11,0,0,0,0,0,0,0,0,0,-30000,0,0,0,0,30000,-30000,-30000
060477,和潤元大9A購01  ,0,0,0,0,0,0,0,0,0,-30000,0,0,0,16000,46000,-30000,-30000
064191,聯發科中信03購01,0,0,0,0,0,0,0,0,0,-30000,0,0,0,268000,298000,-30000,-30000
063864,健策富邦01購01  ,0,0,0,0,0,0,0,0,0,-30000,0,0,0,0,30000,-30000,-30000
063940,國巨元大01購02  ,0,0,0,0,0,0,0,0,0,-30000,0,0,0,37000,67000,-30000,-30000
063801,GIS凱基01購01   ,0,0,0,0,0,0,0,0,0,-30000,0,0,0,15000,45000,-30000,-30000
063791,玉晶光台新9C購01,0,0,0,0,0,0,0,0,0,-30000,0,0,0,1000,31000,-30000,-30000
063716,旺宏兆豐9B購01  ,0,0,0,0,0,0,0,0,0,-30000,0,0,0,0,30000,-30000,-30000
063270,喬山兆豐9C購01  ,0,0,0,0,0,0,0,0,0,-30000,0,0,0,72000,102000,-30000,-30000
063446,台光電統一01購02,0,0,0,0,0,0,0,0,0,-30000,0,0,0,24000,54000,-30000,-30000
063104,大立光群益9C購02,0,0,0,0,0,0,0,0,0,-30000,0,0,0,0,30000,-30000,-30000
063034,致茂凱基9B購01  ,0,0,0,0,0,0,0,0,0,-30000,0,0,0,66000,96000,-30000,-30000
063172,廣達中信9C購01  ,0,0,0,0,0,0,0,0,0,-30000,0,0,0,0,30000,-30000,-30000
062655,漢唐永豐9B購01  ,0,0,0,0,0,0,0,0,0,-30000,0,0,0,0,30000,-30000,-30000
061959,鴻海統一9B購04  ,0,0,0,0,0,0,0,0,0,-30000,0,0,0,100000,130000,-30000,-30000
062177,上銀元大9B購02  ,0,0,0,0,0,0,0,0,0,-30000,0,0,0,29000,59000,-30000,-30000
062419,台積電統一9B購15,0,0,0,0,0,0,0,0,0,-30000,0,0,0,0,30000,-30000,-30000
062471,國泰金凱基9B購02,0,0,0,0,0,0,0,0,0,-30000,0,0,0,0,30000,-30000,-30000
3057,喬鼎            ,82000,113000,-31000,0,0,0,0,0,0,0,0,0,0,0,0,0,-31000
06928P,鴻海元大99售10  ,0,0,0,0,0,0,0,0,0,-31000,0,0,0,20000,51000,-31000,-31000
065379,立積元大01購01  ,0,0,0,0,0,0,0,0,0,-31000,0,0,0,0,31000,-31000,-31000
056851,瑞儀元富98購01  ,0,0,0,0,0,0,0,0,0,-31000,0,0,0,40000,71000,-31000,-31000
061384,T50反1群益9A購04,0,0,0,0,0,0,0,0,0,-31000,0,0,0,0,31000,-31000,-31000
057069,台積電永豐98購02,0,0,0,0,0,0,0,0,0,-31000,0,0,0,0,31000,-31000,-31000
055816,新日興國票98購01,0,0,0,0,0,0,0,0,0,-31000,0,0,0,44000,75000,-31000,-31000
060379,T50反1凱基9A購07,0,0,0,0,0,0,0,0,0,-31000,0,0,0,0,31000,-31000,-31000
061835,華新科凱基02購03,0,0,0,0,0,0,0,0,0,-31000,0,0,0,3000,34000,-31000,-31000
060886,國巨統一01購03  ,0,0,0,0,0,0,0,0,0,-31000,0,0,0,44000,75000,-31000,-31000
060253,昇陽半元大9C購01,0,0,0,0,0,0,0,0,0,-31000,0,0,0,20000,51000,-31000,-31000
060208,卜蜂康和9A購01  ,0,0,0,0,0,0,0,0,0,-31000,0,0,0,0,31000,-31000,-31000
060275,元黃金元大9A購01,0,0,0,0,0,0,0,0,0,-31000,0,0,0,17000,48000,-31000,-31000
062479,TPK國票9B購01   ,0,0,0,0,0,0,0,0,0,-31000,0,0,0,0,31000,-31000,-31000
062760,漢唐凱基9B購01  ,0,0,0,0,0,0,0,0,0,-31000,0,0,0,0,31000,-31000,-31000
062861,世芯國票9C購01  ,0,0,0,0,0,0,0,0,0,-31000,0,0,0,11000,42000,-31000,-31000
064099,億光群益9C購01  ,0,0,0,0,0,0,0,0,0,-31000,0,0,0,69000,100000,-31000,-31000
064025,友達元大02購01  ,0,0,0,0,0,0,0,0,0,-31000,0,0,0,71000,102000,-31000,-31000
064604,聯茂元富9C購01  ,0,0,0,0,0,0,0,0,0,-31000,0,0,0,15000,46000,-31000,-31000
064549,神基凱基9C購01  ,0,0,0,0,0,0,0,0,0,-31000,0,0,0,50000,81000,-31000,-31000
08391P,智邦凱基02售02  ,0,0,0,0,0,0,0,0,0,-32000,0,0,0,18000,50000,-32000,-32000
08171P,嘉澤國票9C售01  ,0,0,0,0,0,0,0,0,0,-32000,0,0,0,0,32000,-32000,-32000
08140P,祥碩元大9B售07  ,0,0,0,0,0,0,0,0,0,-32000,0,0,0,12000,44000,-32000,-32000
08096P,大立光元富9B售04,0,0,0,0,0,0,0,0,0,-32000,0,0,0,57000,89000,-32000,-32000
08261P,玉晶光元大9C售08,0,0,0,0,0,0,0,0,0,-32000,0,0,0,7000,39000,-32000,-32000
061203,國巨元大9A購15  ,0,0,0,0,0,0,0,0,0,-32000,0,0,0,19000,51000,-32000,-32000
061535,群創統一9C購01  ,0,0,0,0,0,0,0,0,0,-32000,0,0,0,0,32000,-32000,-32000
05348P,美律元富98售01  ,0,0,0,0,0,0,0,0,0,-32000,0,0,0,20000,52000,-32000,-32000
055160,玉晶光元大99購03,0,0,0,0,0,0,0,0,0,-32000,0,0,0,0,32000,-32000,-32000
054353,世紀鋼國泰98購01,0,0,0,0,0,0,0,0,0,-32000,0,0,0,10000,42000,-32000,-32000
058927,勤誠元富99購02  ,0,0,0,0,0,0,0,0,0,-32000,0,0,0,0,32000,-32000,-32000
058263,大成鋼永豐99購01,0,0,0,0,0,0,0,0,0,-32000,0,0,0,0,32000,-32000,-32000
061474,瑞昱元大9A購04  ,0,0,0,0,0,0,0,0,0,-32000,0,0,0,168000,200000,-32000,-32000
058074,欣興凱基99購01  ,0,0,0,0,0,0,0,0,0,-32000,0,0,0,48000,80000,-32000,-32000
060712,建準永豐9A購01  ,0,0,0,0,0,0,0,0,0,-32000,0,0,0,0,32000,-32000,-32000
064754,漢唐凱基02購01  ,0,0,0,0,0,0,0,0,0,-32000,0,0,0,6000,38000,-32000,-32000
064748,力成國票01購01  ,0,0,0,0,0,0,0,0,0,-32000,0,0,0,75000,107000,-32000,-32000
063586,燿華永豐9B購02  ,0,0,0,0,0,0,0,0,0,-32000,0,0,0,8000,40000,-32000,-32000
063572,麗豐元大9B購01  ,0,0,0,0,0,0,0,0,0,-32000,0,0,0,12000,44000,-32000,-32000
063608,力成凱基9B購03  ,0,0,0,0,0,0,0,0,0,-32000,0,0,0,20000,52000,-32000,-32000
062944,茂林凱基9B購02  ,0,0,0,0,0,0,0,0,0,-32000,0,0,0,0,32000,-32000,-32000
063057,祥碩統一03購01  ,0,20000,-20000,0,0,0,0,0,0,-12000,0,0,0,402000,414000,-12000,-32000
062748,祥碩永豐9B購02  ,0,0,0,0,0,0,0,0,0,-32000,0,0,0,6000,38000,-32000,-32000
1723,中碳            ,112000,145000,-33000,0,0,0,0,0,0,0,0,0,0,0,0,0,-33000
06538P,國巨凱基98售11  ,0,0,0,0,0,0,0,0,0,-33000,0,0,0,117000,150000,-33000,-33000
064928,同欣電統一01購02,0,0,0,0,0,0,0,0,0,-33000,0,0,0,4000,37000,-33000,-33000
065048,世芯凱基01購01  ,0,0,0,0,0,0,0,0,0,-33000,0,0,0,294000,327000,-33000,-33000
048652,巨大元大96購01  ,0,0,0,0,0,0,0,0,0,-33000,0,0,0,67000,100000,-33000,-33000
053799,矽創中信9A購01  ,0,0,0,0,0,0,0,0,0,-33000,0,0,0,178000,211000,-33000,-33000
054943,群光元大97購01  ,0,0,0,0,0,0,0,0,0,-33000,0,0,0,17000,50000,-33000,-33000
061528,超眾凱基9A購04  ,0,0,0,0,0,0,0,0,0,-33000,0,0,0,82000,115000,-33000,-33000
057670,欣興元大99購02  ,0,0,0,0,0,0,0,0,0,-33000,0,0,0,75000,108000,-33000,-33000
056178,嘉澤元富97購02  ,0,0,0,0,0,0,0,0,0,-33000,0,0,0,60000,93000,-33000,-33000
062085,同欣電元大9B購01,0,0,0,0,0,0,0,0,0,-33000,0,0,0,1000,34000,-33000,-33000
059689,南亞科永豐99購02,0,0,0,0,0,0,0,0,0,-33000,0,0,0,0,33000,-33000,-33000
063719,T50反1元大9B購11,0,0,0,0,0,0,0,0,0,-33000,0,0,0,30000,63000,-33000,-33000
064686,鴻海群益01購03  ,0,0,0,0,0,0,0,0,0,-33000,0,0,0,0,33000,-33000,-33000
6183,關貿            ,74000,107000,-33000,0,0,0,0,0,0,0,0,0,0,0,0,0,-33000
07871P,台積電群益9C售02,0,0,0,0,0,0,0,0,0,-34000,0,0,0,0,34000,-34000,-34000
056157,聯詠凱基97購03  ,0,0,0,0,0,0,0,0,0,-34000,0,0,0,16000,50000,-34000,-34000
057101,新光金中信9A購01,0,0,0,0,0,0,0,0,0,-34000,0,0,0,0,34000,-34000,-34000
057531,禾伸堂元大99購04,0,0,0,0,0,0,0,0,0,-34000,0,0,0,0,34000,-34000,-34000
056651,聯茂凱基98購04  ,0,0,0,0,0,0,0,0,0,-34000,0,0,0,0,34000,-34000,-34000
061551,GIS群益9A購01   ,0,0,0,0,0,0,0,0,0,-34000,0,0,0,2000,36000,-34000,-34000
056791,嘉聯益群益98購01,0,0,0,0,0,0,0,0,0,-34000,0,0,0,126000,160000,-34000,-34000
061633,統一元大9A購01  ,0,0,0,0,0,0,0,0,0,-34000,0,0,0,37000,71000,-34000,-34000
061365,國巨國票9B購05  ,0,0,0,0,0,0,0,0,0,-34000,0,0,0,41000,75000,-34000,-34000
00702,國泰標普低波高息,0,0,0,0,0,0,0,0,0,-34000,0,0,0,1000,35000,-34000,-34000
058286,道瓊指國票9B購01,0,0,0,0,0,0,0,0,0,-34000,0,0,0,1000,35000,-34000,-34000
059957,中信金康和99購01,0,0,0,0,0,0,0,0,0,-34000,0,0,0,48000,82000,-34000,-34000
058584,百和群益9A購01  ,0,0,0,0,0,0,0,0,0,-34000,0,0,0,33000,67000,-34000,-34000
060907,金像電元大9A購02,0,0,0,0,0,0,0,0,0,-34000,0,0,0,20000,54000,-34000,-34000
059987,大立光元大99購28,0,0,0,0,0,0,0,0,0,-34000,0,0,0,10000,44000,-34000,-34000
057947,和碩國票99購01  ,0,0,0,0,0,0,0,0,0,-34000,0,0,0,0,34000,-34000,-34000
061106,群創元大9B購09  ,0,0,0,0,0,0,0,0,0,-34000,0,0,0,16000,50000,-34000,-34000
058522,聯茂元大99購07  ,0,0,0,0,0,0,0,0,0,-34000,0,0,0,135000,169000,-34000,-34000
063622,健策兆豐9B購01  ,0,0,0,0,0,0,0,0,0,-34000,0,0,0,0,34000,-34000,-34000
062771,臺股指凱基9B購15,0,0,0,0,0,0,0,0,0,-34000,0,0,0,1000,35000,-34000,-34000
062481,同欣電國票9B購01,0,0,0,0,0,0,0,0,0,-34000,0,0,0,14000,48000,-34000,-34000
062940,華新科凱基9C購02,0,0,0,0,0,0,0,0,0,-34000,0,0,0,1000,35000,-34000,-34000
063342,台光電統一9B購02,0,0,0,0,0,0,0,0,0,-34000,0,0,0,66000,100000,-34000,-34000
8215,明基材          ,343000,377000,-34000,0,0,0,0,0,0,0,0,0,0,0,0,0,-34000
064821,聯電統一02購01  ,0,0,0,0,0,0,0,0,0,-35000,0,0,0,83000,118000,-35000,-35000
065298,健策統一9C購06  ,0,0,0,0,0,0,0,0,0,-35000,0,0,0,0,35000,-35000,-35000
08236P,國巨富邦03售01  ,0,0,0,0,0,0,0,0,0,-35000,0,0,0,0,35000,-35000,-35000
052827,昇陽半永豐97購01,0,0,0,0,0,0,0,0,0,-35000,0,0,0,0,35000,-35000,-35000
03682C,臺股指凱基9C牛07,0,0,0,0,0,0,0,0,0,-35000,0,0,0,57000,92000,-35000,-35000
055586,旺宏元大98購06  ,0,0,0,0,0,0,0,0,0,-35000,0,0,0,2000,37000,-35000,-35000
061213,群創元大9A購05  ,0,0,0,0,0,0,0,0,0,-35000,0,0,0,0,35000,-35000,-35000
061223,T50反1中信01購01,0,0,0,0,0,0,0,0,0,-35000,0,0,0,0,35000,-35000,-35000
055667,致茂群益98購01  ,0,0,0,0,0,0,0,0,0,-35000,0,0,0,30000,65000,-35000,-35000
057632,傳奇永豐98購01  ,0,0,0,0,0,0,0,0,0,-35000,0,0,0,569000,604000,-35000,-35000
057574,中磊永豐98購01  ,0,0,0,0,0,0,0,0,0,-35000,0,0,0,50000,85000,-35000,-35000
056969,智易永豐98購01  ,0,0,0,0,0,0,0,0,0,-35000,0,0,0,0,35000,-35000,-35000
058517,景碩元大99購06  ,0,0,0,0,0,0,0,0,0,-35000,0,0,0,58000,93000,-35000,-35000
060524,國巨中信9A購03  ,0,0,0,0,0,0,0,0,0,-35000,0,0,0,1000,36000,-35000,-35000
058372,欣興凱基99購03  ,0,0,0,0,0,0,0,0,0,-35000,0,0,0,0,35000,-35000,-35000
058095,昇陽半元大98購03,0,0,0,0,0,0,0,0,0,-35000,0,0,0,84000,119000,-35000,-35000
062262,茂林元大9B購02  ,0,0,0,0,0,0,0,0,0,-35000,0,0,0,15000,50000,-35000,-35000
062113,瑞祺國票9B購01  ,0,0,0,0,0,0,0,0,0,-35000,0,0,0,42000,77000,-35000,-35000
059995,南亞科元富99購01,0,0,0,0,0,0,0,0,0,-35000,0,0,0,64000,99000,-35000,-35000
059534,國泰金凱基99購01,0,0,0,0,0,0,0,0,0,-35000,0,0,0,0,35000,-35000,-35000
059875,信邦凱基99購02  ,0,0,0,0,0,0,0,0,0,-35000,0,0,0,25000,60000,-35000,-35000
062480,茂林國票9B購01  ,0,0,0,0,0,0,0,0,0,-35000,0,0,0,0,35000,-35000,-35000
062222,華新科統一9B購04,0,0,0,0,0,0,0,0,0,-35000,0,0,0,0,35000,-35000,-35000
062805,台勝科統一9C購01,0,0,0,0,0,0,0,0,0,-35000,0,0,0,88000,123000,-35000,-35000
062741,立積國票9B購02  ,0,0,0,0,0,0,0,0,0,-35000,0,0,0,0,35000,-35000,-35000
062651,世紀鋼富邦9C購01,0,0,0,0,0,0,0,0,0,-35000,0,0,0,40000,75000,-35000,-35000
063646,帆宣元大9B購02  ,0,0,0,0,0,0,0,0,0,-35000,0,0,0,0,35000,-35000,-35000
063663,台光電統一9C購01,0,0,0,0,0,0,0,0,0,-35000,0,0,0,65000,100000,-35000,-35000
063553,同欣電國票9B購03,0,0,0,0,0,0,0,0,0,-35000,0,0,0,28000,63000,-35000,-35000
064134,瑞祺元大9C購02  ,0,0,0,0,0,0,0,0,0,-35000,0,0,0,172000,207000,-35000,-35000
063944,建準元大9C購01  ,0,0,0,0,0,0,0,0,0,-35000,0,0,0,10000,45000,-35000,-35000
063867,全新永豐9C購01  ,0,0,0,0,0,0,0,0,0,-35000,0,0,0,67000,102000,-35000,-35000
063845,旺宏元大9C購03  ,0,0,0,0,0,0,0,0,0,-35000,0,0,0,45000,80000,-35000,-35000
064358,台達電統一01購02,0,0,0,0,0,0,0,0,0,-35000,0,0,0,168000,203000,-35000,-35000
6184,大豐電          ,16000,51000,-35000,0,0,0,0,0,0,0,0,0,0,0,0,0,-35000
08194P,同欣電國票9C售03,0,0,0,0,0,0,0,0,0,-36000,0,0,0,0,36000,-36000,-36000
08372P,大立光凱基01售04,0,0,0,0,0,0,0,0,0,-36000,0,0,0,28000,64000,-36000,-36000
08069P,大立光國泰01售02,0,0,0,0,0,0,0,0,0,-36000,0,0,0,28000,64000,-36000,-36000
08534P,玉晶光元富06售02,0,0,0,0,0,0,0,0,0,-36000,0,0,0,0,36000,-36000,-36000
07762P,聯發科永豐9A售03,0,0,0,0,0,0,0,0,0,-36000,0,0,0,0,36000,-36000,-36000
07319P,台積電凱基01售02,0,0,0,0,0,0,0,0,0,-36000,0,0,0,20000,56000,-36000,-36000
07059P,華通國票9A售02  ,0,0,0,0,0,0,0,0,0,-36000,0,0,0,57000,93000,-36000,-36000
057375,欣興元大98購09  ,0,0,0,0,0,0,0,0,0,-36000,0,0,0,0,36000,-36000,-36000
056559,華通群益98購02  ,0,0,0,0,0,0,0,0,0,-36000,0,0,0,21000,57000,-36000,-36000
01002T,土銀國泰R1      ,5000,41000,-36000,0,0,0,0,0,0,0,0,0,0,0,0,0,-36000
00686R,群益臺灣加權反1 ,0,38000,-38000,0,0,0,0,0,0,2000,0,0,0,170000,168000,2000,-36000
054418,茂林元大97購01  ,0,0,0,0,0,0,0,0,0,-36000,0,0,0,64000,100000,-36000,-36000
055312,台虹群益99購01  ,0,0,0,0,0,0,0,0,0,-36000,0,0,0,182000,218000,-36000,-36000
060946,世紀鋼國票9A購02,0,0,0,0,0,0,0,0,0,-36000,0,0,0,0,36000,-36000,-36000
060172,智原台新9A購01  ,0,0,0,0,0,0,0,0,0,-36000,0,0,0,81000,117000,-36000,-36000
06447P,上銀元大98售01  ,0,0,0,0,0,0,0,0,0,-36000,0,0,0,0,36000,-36000,-36000
063739,台勝科元大9B購03,0,0,0,0,0,0,0,0,0,-36000,0,0,0,122000,158000,-36000,-36000
063673,GIS統一9C購02   ,0,0,0,0,0,0,0,0,0,-36000,0,0,0,1000,37000,-36000,-36000
062542,南電國泰9C購01  ,0,0,0,0,0,0,0,0,0,-36000,0,0,0,67000,103000,-36000,-36000
061875,華新科元大9B購03,0,0,0,0,0,0,0,0,0,-36000,0,0,0,7000,43000,-36000,-36000
062863,聯茂國票9B購01  ,0,0,0,0,0,0,0,0,0,-36000,0,0,0,114000,150000,-36000,-36000
062870,亞德客兆豐9C購01,0,0,0,0,0,0,0,0,0,-36000,0,0,0,0,36000,-36000,-36000
062896,中興電元大9B購01,0,0,0,0,0,0,0,0,0,-36000,0,0,0,66000,102000,-36000,-36000
063181,聚陽凱基9B購01  ,0,0,0,0,0,0,0,0,0,-36000,0,0,0,0,36000,-36000,-36000
6278,台表科          ,1611000,2068710,-457710,0,0,0,591000,0,591000,-170000,224000,165000,59000,60000,289000,-229000,-36710
06956P,國巨日盛99售04  ,0,0,0,0,0,0,0,0,0,-37000,0,0,0,0,37000,-37000,-37000
06867P,訊芯元大98售08  ,0,0,0,0,0,0,0,0,0,-37000,0,0,0,4000,41000,-37000,-37000
07901P,臺股指凱基9B售04,0,0,0,0,0,0,0,0,0,-37000,0,0,0,3000,40000,-37000,-37000
065250,同欣電麥證9C購01,0,0,0,0,52000,-52000,0,0,0,-37000,0,0,0,15000,52000,-37000,-37000
08483P,金像電群益9C售02,0,0,0,0,0,0,0,0,0,-37000,0,0,0,13000,50000,-37000,-37000
1531,高林股          ,20000,56000,-36000,0,0,0,0,0,0,-1000,0,1000,-1000,0,0,0,-37000
03658C,T50反1元大9A牛02,0,0,0,0,0,0,0,0,0,-37000,0,0,0,0,37000,-37000,-37000
053396,漢唐中信9A購01  ,0,0,0,0,0,0,0,0,0,-37000,0,0,0,20000,57000,-37000,-37000
054808,東元元大9A購01  ,0,0,0,0,0,0,0,0,0,-37000,0,0,0,8000,45000,-37000,-37000
061196,世芯永豐9A購06  ,0,0,0,0,0,0,0,0,0,-37000,0,0,0,7000,44000,-37000,-37000
059882,臺股指凱基9C購06,0,0,0,0,0,0,0,0,0,-37000,0,0,0,0,37000,-37000,-37000
059509,奇力新永豐99購02,0,0,0,0,0,0,0,0,0,-37000,0,0,0,10000,47000,-37000,-37000
058546,玉晶光富邦9B購01,0,0,0,0,0,0,0,0,0,-37000,0,0,0,36000,73000,-37000,-37000
058143,瑞儀元大99購02  ,0,0,0,0,0,0,0,0,0,-37000,0,0,0,13000,50000,-37000,-37000
058078,景碩國票99購01  ,0,0,0,0,0,0,0,0,0,-37000,0,0,0,5000,42000,-37000,-37000
057904,矽力永豐98購01  ,0,0,0,0,0,0,0,0,0,-37000,0,0,0,12000,49000,-37000,-37000
060855,華新科富邦01購01,0,0,0,0,0,0,0,0,0,-37000,0,0,0,8000,45000,-37000,-37000
063296,可成麥證9B購01  ,0,0,0,13000,50000,-37000,0,0,0,-37000,0,0,0,13000,50000,-37000,-37000
063194,華新科台新9B購01,0,0,0,0,0,0,0,0,0,-37000,0,0,0,0,37000,-37000,-37000
061666,友達中信01購01  ,0,0,0,0,0,0,0,0,0,-37000,0,0,0,11000,48000,-37000,-37000
062784,世芯元大9B購01  ,0,0,0,0,0,0,0,0,0,-37000,0,0,0,15000,52000,-37000,-37000
062749,元金2X中信9B購01,0,0,0,0,0,0,0,0,0,-37000,0,0,0,3000,40000,-37000,-37000
062747,立積永豐9B購01  ,0,0,0,0,0,0,0,0,0,-37000,0,0,0,11000,48000,-37000,-37000
063820,華邦電麥證01購01,0,0,0,35000,72000,-37000,0,0,0,-37000,0,0,0,35000,72000,-37000,-37000
063535,聯發科統一9B購13,0,0,0,0,0,0,0,0,0,-37000,0,0,0,100000,137000,-37000,-37000
064518,華新科群益02購01,0,0,0,0,0,0,0,0,0,-37000,0,0,0,2000,39000,-37000,-37000
064162,貿聯統一02購01  ,0,0,0,0,0,0,0,0,0,-37000,0,0,0,154000,191000,-37000,-37000
07964P,大立光統一9B售12,0,0,0,0,0,0,0,0,0,-38000,0,0,0,20000,58000,-38000,-38000
07487P,鴻海國票9A售01  ,0,0,0,0,0,0,0,0,0,-38000,0,0,0,0,38000,-38000,-38000
07504P,聯詠元大9A售02  ,0,0,0,0,0,0,0,0,0,-38000,0,0,0,15000,53000,-38000,-38000
056461,樺漢凱基98購02  ,0,0,0,0,0,0,0,0,0,-38000,0,0,0,15000,53000,-38000,-38000
052572,群創凱基99購01  ,0,0,0,0,0,0,0,0,0,-38000,0,0,0,2000,40000,-38000,-38000
048270,T50反1富邦99購01,0,0,0,0,0,0,0,0,0,-38000,0,0,0,15000,53000,-38000,-38000
057125,國巨凱基98購12  ,0,0,0,0,0,0,0,0,0,-38000,0,0,0,130000,168000,-38000,-38000
056646,奇鋐凱基99購02  ,0,0,0,0,0,0,0,0,0,-38000,0,0,0,32000,70000,-38000,-38000
057479,致茂元大98購03  ,0,0,0,0,0,0,0,0,0,-38000,0,0,0,10000,48000,-38000,-38000
056739,美律凱基98購04  ,0,0,0,0,0,0,0,0,0,-38000,0,0,0,32000,70000,-38000,-38000
060646,南電永豐9A購01  ,0,0,0,0,0,0,0,0,0,-38000,0,0,0,7000,45000,-38000,-38000
057924,健策凱基98購02  ,0,0,0,0,0,0,0,0,0,-38000,0,0,0,0,38000,-38000,-38000
058554,瀚宇博永豐99購01,0,0,0,0,0,0,0,0,0,-38000,0,0,0,20000,58000,-38000,-38000
058798,大立光元大99購11,0,0,0,0,0,0,0,0,0,-38000,0,0,0,19000,57000,-38000,-38000
064538,鈺齊國票01購01  ,0,0,0,0,0,0,0,0,0,-38000,0,0,0,0,38000,-38000,-38000
064573,復盛群益9C購01  ,0,0,0,0,0,0,0,0,0,-38000,0,0,0,0,38000,-38000,-38000
064701,巨大群益9C購02  ,0,0,0,0,0,0,0,0,0,-38000,0,0,0,0,38000,-38000,-38000
063625,儒鴻元大9B購03  ,0,0,0,0,0,0,0,0,0,-38000,0,0,0,50000,88000,-38000,-38000
063943,台光電元大9C購02,0,0,0,0,0,0,0,0,0,-38000,0,0,0,10000,48000,-38000,-38000
064112,宏碁國票01購01  ,0,0,0,0,0,0,0,0,0,-38000,0,0,0,0,38000,-38000,-38000
062707,致伸元大9B購01  ,0,0,0,0,0,0,0,0,0,-38000,0,0,0,8000,46000,-38000,-38000
062540,茂林國泰9C購01  ,0,0,0,0,0,0,0,0,0,-38000,0,0,0,44000,82000,-38000,-38000
062626,台積電國票9C購04,0,0,0,0,0,0,0,0,0,-38000,0,0,0,52000,90000,-38000,-38000
063239,建準元大9B購01  ,0,0,0,0,0,0,0,0,0,-38000,0,0,0,87000,125000,-38000,-38000
07674P,金融類元大9A售01,0,0,0,0,0,0,0,0,0,-39000,0,0,0,1000,40000,-39000,-39000
07279P,台灣50台新99售02,0,0,0,0,0,0,0,0,0,-39000,0,0,0,0,39000,-39000,-39000
065265,景碩元大9C購02  ,0,0,0,0,0,0,0,0,0,-39000,0,0,0,1000,40000,-39000,-39000
1215,卜蜂            ,208000,83000,125000,0,0,0,0,134000,-134000,-30000,0,0,0,4000,34000,-30000,-39000
08423P,台積電統一9C售13,0,0,0,0,0,0,0,0,0,-39000,0,0,0,99000,138000,-39000,-39000
061568,國巨元大9A購25  ,0,0,0,0,0,0,0,0,0,-39000,0,0,0,22000,61000,-39000,-39000
03680C,臺股指凱基9A牛26,0,0,0,0,0,0,0,0,0,-39000,0,0,0,64000,103000,-39000,-39000
00783,富邦中証500     ,201000,11000,190000,0,0,0,0,0,0,-229000,0,0,0,888000,1117000,-229000,-39000
054578,世芯元大99購01  ,0,0,0,0,0,0,0,0,0,-39000,0,0,0,7000,46000,-39000,-39000
055579,健策統一9A購01  ,0,0,0,0,0,0,0,0,0,-39000,0,0,0,74000,113000,-39000,-39000
060876,國巨中信9A購04  ,0,0,0,0,0,0,0,0,0,-39000,0,0,0,1000,40000,-39000,-39000
060241,國泰金元大9A購01,0,0,0,0,0,0,0,0,0,-39000,0,0,0,0,39000,-39000,-39000
058270,上緯控永豐99購01,0,0,0,0,0,0,0,0,0,-39000,0,0,0,1000,40000,-39000,-39000
058317,國巨永豐99購02  ,0,0,0,0,0,0,0,0,0,-39000,0,0,0,31000,70000,-39000,-39000
060346,華新科統一01購01,0,0,0,0,0,0,0,0,0,-39000,0,0,0,7000,46000,-39000,-39000
063246,嘉晶元大9C購01  ,0,0,0,0,0,0,0,0,0,-39000,0,0,0,145000,184000,-39000,-39000
062765,祥碩凱基9B購04  ,0,0,0,0,0,0,0,0,0,-39000,0,0,0,1000,40000,-39000,-39000
064124,台積電元大9C購10,0,0,0,0,0,0,0,0,0,-39000,0,0,0,0,39000,-39000,-39000
064461,致伸統一01購01  ,0,0,0,0,0,0,0,0,0,-39000,0,0,0,0,39000,-39000,-39000
5531,鄉林            ,470100,512000,-41900,0,0,0,0,0,0,2000,2000,0,2000,0,0,0,-39900
08409P,臺股指元大9C售15,0,0,0,0,0,0,0,0,0,-40000,0,0,0,0,40000,-40000,-40000
08498P,大立光國票01售02,0,0,0,0,0,0,0,0,0,-40000,0,0,0,60000,100000,-40000,-40000
08522P,智邦元大9C售08  ,0,0,0,0,0,0,0,0,0,-40000,0,0,0,1000,41000,-40000,-40000
08055P,臺股指國票9B售20,0,0,0,0,0,0,0,0,0,-40000,0,0,0,170000,210000,-40000,-40000
065186,和大統一02購06  ,0,0,0,0,0,0,0,0,0,-40000,0,0,0,35000,75000,-40000,-40000
065184,和大統一02購04  ,0,0,0,0,0,0,0,0,0,-40000,0,0,0,109000,149000,-40000,-40000
07287P,全新群益9B售01  ,0,0,0,0,0,0,0,0,0,-40000,0,0,0,0,40000,-40000,-40000
07023P,南電永豐99售02  ,0,0,0,0,0,0,0,0,0,-40000,0,0,0,0,40000,-40000,-40000
07578P,高鐵元大9A售02  ,0,0,0,0,0,0,0,0,0,-40000,0,0,0,0,40000,-40000,-40000
07462P,臺股指元大9B售05,0,0,0,0,0,0,0,0,0,-40000,0,0,0,0,40000,-40000,-40000
07894P,燿華元大9B售01  ,0,0,0,0,0,0,0,0,0,-40000,0,0,0,40000,80000,-40000,-40000
07805P,義隆永豐9A售02  ,0,0,0,0,0,0,0,0,0,-40000,0,0,0,0,40000,-40000,-40000
053889,致茂群益97購01  ,0,0,0,0,0,0,0,0,0,-40000,0,0,0,95000,135000,-40000,-40000
057397,茂林中信9A購01  ,0,0,0,0,0,0,0,0,0,-40000,0,0,0,5000,45000,-40000,-40000
035276,南亞科台新97購01,0,0,0,0,0,0,0,0,0,-40000,0,0,0,0,40000,-40000,-40000
055131,茂林康和97購01  ,0,0,0,0,0,0,0,0,0,-40000,0,0,0,60000,100000,-40000,-40000
055323,貿聯國票98購01  ,0,0,0,0,0,0,0,0,0,-40000,0,0,0,0,40000,-40000,-40000
056776,聯茂元大99購01  ,0,0,0,0,0,0,0,0,0,-40000,0,0,0,2000,42000,-40000,-40000
057612,瑞昱元富02購01  ,0,0,0,0,0,0,0,0,0,-40000,0,0,0,68000,108000,-40000,-40000
057470,易華電永豐98購02,0,0,0,0,0,0,0,0,0,-40000,0,0,0,20000,60000,-40000,-40000
056182,台光電統一97購03,0,0,0,0,0,0,0,0,0,-40000,0,0,0,0,40000,-40000,-40000
056668,光磊國票99購01  ,0,0,0,0,0,0,0,0,0,-40000,0,0,0,0,40000,-40000,-40000
055909,大成鋼凱基98購02,0,0,0,0,0,0,0,0,0,-40000,0,0,0,0,40000,-40000,-40000
060539,道瓊反凱基9A購01,0,0,0,0,0,0,0,0,0,-40000,0,0,0,0,40000,-40000,-40000
06059P,泰碩元大97售02  ,0,0,0,0,0,0,0,0,0,-40000,0,0,0,10000,50000,-40000,-40000
060638,玉晶光永豐9A購04,0,0,0,0,0,0,0,0,0,-40000,0,0,0,58000,98000,-40000,-40000
060742,臺指反國票9B購02,0,0,0,0,0,0,0,0,0,-40000,0,0,0,0,40000,-40000,-40000
060463,台積電元大9A購10,0,0,0,0,0,0,0,0,0,-40000,0,0,0,0,40000,-40000,-40000
062248,國巨元大9B購08  ,0,0,0,0,0,0,0,0,0,-40000,0,0,0,32000,72000,-40000,-40000
061940,世紀鋼國票9C購01,0,0,0,0,0,0,0,0,0,-40000,0,0,0,0,40000,-40000,-40000
061833,華新科凱基02購01,0,0,0,0,0,0,0,0,0,-40000,0,0,0,10000,50000,-40000,-40000
061740,華新科凱基03購01,0,0,0,0,0,0,0,0,0,-40000,0,0,0,0,40000,-40000,-40000
059663,旭富元大9C購02  ,0,0,0,0,0,0,0,0,0,-40000,0,0,0,20000,60000,-40000,-40000
058273,同欣電永豐99購01,0,0,0,0,0,0,0,0,0,-40000,0,0,0,10000,50000,-40000,-40000
059460,GIS永豐99購02   ,0,0,0,0,0,0,0,0,0,-40000,0,0,0,0,40000,-40000,-40000
064708,帆宣永豐9C購01  ,0,0,0,0,0,0,0,0,0,-40000,0,0,0,0,40000,-40000,-40000
064758,可成凱基02購02  ,0,0,0,0,0,0,0,0,0,-40000,0,0,0,0,40000,-40000,-40000
063950,信邦元大9C購01  ,0,0,0,0,0,0,0,0,0,-40000,0,0,0,58000,98000,-40000,-40000
062448,健策元大9C購04  ,0,0,0,0,0,0,0,0,0,-40000,0,0,0,9000,49000,-40000,-40000
061842,牧德凱基9C購01  ,0,0,0,0,0,0,0,0,0,-40000,0,0,0,10000,50000,-40000,-40000
063312,台積電群益9B購07,0,0,0,0,0,0,0,0,0,-40000,0,0,0,0,40000,-40000,-40000
063182,國巨凱基9B購10  ,0,0,0,0,0,0,0,0,0,-40000,0,0,0,0,40000,-40000,-40000
062974,奇力新元富9B購01,0,0,0,0,0,0,0,0,0,-40000,0,0,0,30000,70000,-40000,-40000
062998,泰碩國票01購01  ,0,0,0,0,0,0,0,0,0,-40000,0,0,0,0,40000,-40000,-40000
08313P,健策國票01售01  ,0,0,0,0,0,0,0,0,0,-41000,0,0,0,135000,176000,-41000,-41000
2101,南港            ,806000,859000,-53000,0,0,0,0,0,0,12000,22000,10000,12000,89000,89000,0,-41000
3518,柏騰            ,68000,109000,-41000,0,0,0,0,0,0,0,0,0,0,0,0,0,-41000
057514,華新科元富99購03,0,0,0,0,0,0,0,0,0,-41000,0,0,0,0,41000,-41000,-41000
057071,華擎永豐98購02  ,0,0,0,0,0,0,0,0,0,-41000,0,0,0,0,41000,-41000,-41000
050570,聯發科中信97購02,0,0,0,0,0,0,0,0,0,-41000,0,0,0,0,41000,-41000,-41000
046949,群創元大99購01  ,0,0,0,0,0,0,0,0,0,-41000,0,0,0,116000,157000,-41000,-41000
054750,聯茂凱基98購02  ,0,0,0,0,0,0,0,0,0,-41000,0,0,0,0,41000,-41000,-41000
059865,國巨凱基01購01  ,0,0,0,0,0,0,0,0,0,-41000,0,0,0,274000,315000,-41000,-41000
059695,聯鈞永豐99購02  ,0,0,0,0,0,0,0,0,0,-41000,0,0,0,259000,300000,-41000,-41000
061028,聚陽永豐9A購01  ,0,0,0,0,0,0,0,0,0,-41000,0,0,0,26000,67000,-41000,-41000
058351,上銀凱基9A購02  ,0,0,0,0,0,0,0,0,0,-41000,0,0,0,3000,44000,-41000,-41000
062994,祥碩群益9B購05  ,0,0,0,0,0,0,0,0,0,-41000,0,0,0,76000,117000,-41000,-41000
063429,南電凱基01購01  ,0,0,0,0,0,0,0,0,0,-41000,0,0,0,17000,58000,-41000,-41000
062413,台光電中信9B購02,0,0,0,0,0,0,0,0,0,-41000,0,0,0,60000,101000,-41000,-41000
063659,世紀鋼元富9B購01,0,0,0,0,0,0,0,0,0,-41000,0,0,0,45000,86000,-41000,-41000
063557,聚陽元大9B購01  ,0,0,0,0,0,0,0,0,0,-41000,0,0,0,27000,68000,-41000,-41000
064331,微星元大9C購03  ,0,0,0,0,0,0,0,0,0,-41000,0,0,0,100000,141000,-41000,-41000
6668,中揚光          ,48000,89000,-41000,0,0,0,0,0,0,0,0,0,0,0,0,0,-41000
06666P,台積電日盛9A售02,0,0,0,0,0,0,0,0,0,-42000,0,0,0,9000,51000,-42000,-42000
064832,長榮航統一01購01,0,0,0,0,0,0,0,0,0,-42000,0,0,0,127000,169000,-42000,-42000
065087,可成元大9C購08  ,0,0,0,0,0,0,0,0,0,-42000,0,0,0,0,42000,-42000,-42000
053630,奇鋐兆豐97購01  ,0,0,0,0,0,0,0,0,0,-42000,0,0,0,58000,100000,-42000,-42000
056250,瑞昱兆豐97購02  ,0,0,0,0,0,0,0,0,0,-42000,0,0,0,38000,80000,-42000,-42000
057624,新日興國泰99購01,0,0,0,0,0,0,0,0,0,-42000,0,0,0,1000,43000,-42000,-42000
055801,景碩永豐97購02  ,0,0,0,0,0,0,0,0,0,-42000,0,0,0,5000,47000,-42000,-42000
060398,立積國票9B購01  ,0,0,0,0,0,0,0,0,0,-42000,0,0,0,0,42000,-42000,-42000
061763,聯電元大9C購02  ,0,0,0,0,0,0,0,0,0,-42000,0,0,0,304000,346000,-42000,-42000
062146,大毅國票9B購01  ,0,0,0,0,0,0,0,0,0,-42000,0,0,0,0,42000,-42000,-42000
059618,台積電日盛99購01,0,0,0,0,0,0,0,0,0,-42000,0,0,0,166000,208000,-42000,-42000
059503,大立光富邦9B購04,0,0,0,0,0,0,0,0,0,-42000,0,0,0,62000,104000,-42000,-42000
059400,滬深2X元富9C購04,0,0,0,0,0,0,0,0,0,-42000,0,0,0,5000,47000,-42000,-42000
061475,漢唐元大9A購01  ,0,0,0,0,0,0,0,0,0,-42000,0,0,0,0,42000,-42000,-42000
064330,燿華元大9C購02  ,0,0,0,0,0,0,0,0,0,-42000,0,0,0,80000,122000,-42000,-42000
064402,宏碁凱基01購01  ,0,0,0,0,0,0,0,0,0,-42000,0,0,0,9000,51000,-42000,-42000
063629,台積電元大9B購08,0,0,0,0,0,0,0,0,0,-42000,0,0,0,0,42000,-42000,-42000
06242P,大立光元富9A售02,0,0,0,0,0,0,0,0,0,-42000,0,0,0,27000,69000,-42000,-42000
063445,金像電統一9B購01,0,0,0,0,0,0,0,0,0,-42000,0,0,0,0,42000,-42000,-42000
063472,茂林元大9B購04  ,0,0,0,0,0,0,0,0,0,-42000,0,0,0,68000,110000,-42000,-42000
063009,國巨元大9B購18  ,0,0,0,0,0,0,0,0,0,-42000,0,0,0,9000,51000,-42000,-42000
063086,祥碩凱基9C購01  ,0,0,0,0,0,0,0,0,0,-42000,0,0,0,70000,112000,-42000,-42000
9103,美德醫療-DR     ,7000,69000,-62000,0,0,0,0,0,0,20000,0,0,0,20000,0,20000,-42000
065036,世芯統一02購02  ,0,0,0,0,0,0,0,0,0,-43000,0,0,0,158000,201000,-43000,-43000
064897,宏達電群益9C購02,0,0,0,0,0,0,0,0,0,-43000,0,0,0,2000,45000,-43000,-43000
06950P,鴻海統一9B售02  ,0,0,0,0,0,0,0,0,0,-43000,0,0,0,0,43000,-43000,-43000
06843P,鴻海元大98售11  ,0,0,0,0,0,0,0,0,0,-43000,0,0,0,0,43000,-43000,-43000
08299P,玉晶光國票02售01,0,0,0,0,0,0,0,0,0,-43000,0,0,0,0,43000,-43000,-43000
08487P,同欣電群益01售01,0,0,0,0,0,0,0,0,0,-43000,0,0,0,25000,68000,-43000,-43000
1611,中電            ,142000,191000,-49000,0,0,0,0,0,0,6000,6000,0,6000,0,0,0,-43000
057697,國巨群益98購09  ,0,0,0,0,0,0,0,0,0,-43000,0,0,0,0,43000,-43000,-43000
057638,上銀元大99購01  ,0,0,0,0,0,0,0,0,0,-43000,0,0,0,1000,44000,-43000,-43000
061555,聯電國票9B購01  ,0,0,0,0,0,0,0,0,0,-43000,0,0,0,30000,73000,-43000,-43000
061583,矽創元大9A購01  ,0,0,0,0,0,0,0,0,0,-43000,0,0,0,27000,70000,-43000,-43000
056538,國泰金凱基98購01,0,0,0,0,0,0,0,0,0,-43000,0,0,0,0,43000,-43000,-43000
056579,麗豐元大99購01  ,0,0,0,0,0,0,0,0,0,-43000,0,0,0,155000,198000,-43000,-43000
054301,楠梓電凱基98購01,0,0,0,0,0,0,0,0,0,-43000,0,0,0,17000,60000,-43000,-43000
061496,華新科國票9A購07,0,0,0,0,0,0,0,0,0,-43000,0,0,0,5000,48000,-43000,-43000
061017,國泰金麥證9A購01,0,0,0,0,43000,-43000,0,0,0,-43000,0,0,0,0,43000,-43000,-43000
059862,全新群益99購04  ,0,0,0,0,0,0,0,0,0,-43000,0,0,0,64000,107000,-43000,-43000
059165,南亞科凱基99購04,0,0,0,0,0,0,0,0,0,-43000,0,0,0,0,43000,-43000,-43000
062027,國泰金群益9B購01,0,0,0,0,0,0,0,0,0,-43000,0,0,0,0,43000,-43000,-43000
060430,和潤永豐9A購01  ,0,0,0,0,0,0,0,0,0,-43000,0,0,0,20000,63000,-43000,-43000
06054P,臺股指中信9A售01,0,0,0,0,0,0,0,0,0,-43000,0,0,0,0,43000,-43000,-43000
062414,臻鼎中信01購01  ,0,0,0,0,0,0,0,0,0,-43000,0,0,0,20000,63000,-43000,-43000
062834,立積群益9B購02  ,0,0,0,0,0,0,0,0,0,-43000,0,0,0,15000,58000,-43000,-43000
062506,巨大群益9C購01  ,0,0,0,0,0,0,0,0,0,-43000,0,0,0,0,43000,-43000,-43000
064753,英業達凱基9C購01,0,0,0,0,0,0,0,0,0,-43000,0,0,0,20000,63000,-43000,-43000
064710,元金2X統一03購01,0,0,0,0,0,0,0,0,0,-43000,0,0,0,10000,53000,-43000,-43000
064499,可成元大9C購07  ,0,0,0,0,0,0,0,0,0,-43000,0,0,0,0,43000,-43000,-43000
07999P,台達電凱基9B售02,0,0,0,0,0,0,0,0,0,-44000,0,0,0,0,44000,-44000,-44000
065097,貿聯元大9C購04  ,0,0,0,0,0,0,0,0,0,-44000,0,0,0,233000,277000,-44000,-44000
065149,遠東新群益9C購01,0,0,0,0,0,0,0,0,0,-44000,0,0,0,0,44000,-44000,-44000
065113,南電國票01購02  ,0,0,0,0,0,0,0,0,0,-44000,0,0,0,26000,70000,-44000,-44000
057299,立積永豐98購02  ,0,0,0,0,0,0,0,0,0,-44000,0,0,0,2000,46000,-44000,-44000
057445,華通元富02購01  ,0,0,0,0,0,0,0,0,0,-44000,0,0,0,6000,50000,-44000,-44000
057512,華邦電台新98購01,0,0,0,0,0,0,0,0,0,-44000,0,0,0,0,44000,-44000,-44000
060232,友訊元大9C購01  ,0,0,0,0,0,0,0,0,0,-44000,0,0,0,18000,62000,-44000,-44000
060260,京鼎凱基9C購01  ,0,0,0,0,0,0,0,0,0,-44000,0,0,0,6000,50000,-44000,-44000
058588,致茂中信9B購01  ,0,0,0,0,0,0,0,0,0,-44000,0,0,0,16000,60000,-44000,-44000
058328,世紀鋼統一9B購01,0,0,0,0,0,0,0,0,0,-44000,0,0,0,32000,76000,-44000,-44000
060959,金像電凱基9A購01,0,0,0,0,0,0,0,0,0,-44000,0,0,0,151000,195000,-44000,-44000
064673,南茂元大9C購01  ,0,0,0,0,0,0,0,0,0,-44000,0,0,0,40000,84000,-44000,-44000
064648,臻鼎凱基9C購02  ,0,0,0,0,0,0,0,0,0,-44000,0,0,0,41000,85000,-44000,-44000
064761,神達凱基9C購01  ,0,0,0,0,0,0,0,0,0,-44000,0,0,0,0,44000,-44000,-44000
064169,南電統一9C購01  ,0,0,0,0,0,0,0,0,0,-44000,0,0,0,81000,125000,-44000,-44000
064296,奇鋐國票01購01  ,0,0,0,0,0,0,0,0,0,-44000,0,0,0,0,44000,-44000,-44000
063829,晶技國票01購01  ,0,0,0,0,0,0,0,0,0,-44000,0,0,0,29000,73000,-44000,-44000
062436,國巨元大9B購14  ,0,0,0,0,0,0,0,0,0,-44000,0,0,0,16000,60000,-44000,-44000
063488,金像電國泰01購01,0,0,0,0,0,0,0,0,0,-44000,0,0,0,30000,74000,-44000,-44000
063334,復盛國票9B購01  ,0,0,0,0,0,0,0,0,0,-44000,0,0,0,76000,120000,-44000,-44000
065072,和大元大9C購03  ,0,0,0,0,0,0,0,0,0,-45000,0,0,0,7000,52000,-45000,-45000
08324P,大立光凱基9C售05,0,0,0,0,0,0,0,0,0,-45000,0,0,0,0,45000,-45000,-45000
1423,利華            ,85000,130000,-45000,0,0,0,0,0,0,0,0,0,0,0,0,0,-45000
3576,聯合再生        ,1020000,1065000,-45000,0,0,0,0,0,0,0,0,0,0,0,0,0,-45000
05631P,國巨富邦9A售01  ,0,0,0,0,0,0,0,0,0,-45000,0,0,0,15000,60000,-45000,-45000
057681,T50反1日盛9C購01,0,0,0,0,0,0,0,0,0,-45000,0,0,0,45000,90000,-45000,-45000
055408,力成國泰98購01  ,0,0,0,0,0,0,0,0,0,-45000,0,0,0,0,45000,-45000,-45000
054526,道瓊反統一98購01,0,0,0,0,0,0,0,0,0,-45000,0,0,0,0,45000,-45000,-45000
059095,訊芯元大99購01  ,0,0,0,0,0,0,0,0,0,-45000,0,0,0,37000,82000,-45000,-45000
061489,高鐵兆豐9A購01  ,0,0,0,0,0,0,0,0,0,-45000,0,0,0,69000,114000,-45000,-45000
059024,大立光統一9B購04,0,0,0,0,0,0,0,0,0,-45000,0,0,0,63000,108000,-45000,-45000
059052,為升凱基99購01  ,0,0,0,0,0,0,0,0,0,-45000,0,0,0,10000,55000,-45000,-45000
061071,復盛凱基9A購01  ,0,0,0,0,0,0,0,0,0,-45000,0,0,0,40000,85000,-45000,-45000
058148,百和元大99購01  ,0,0,0,0,0,0,0,0,0,-45000,0,0,0,10000,55000,-45000,-45000
063077,巨大永豐9B購03  ,0,0,0,0,0,0,0,0,0,-45000,0,0,0,23000,68000,-45000,-45000
063129,祥碩元大9C購03  ,0,0,0,0,0,0,0,0,0,-45000,0,0,0,27000,72000,-45000,-45000
062926,嘉澤國票9B購01  ,0,0,0,0,0,0,0,0,0,-45000,0,0,0,16000,61000,-45000,-45000
064041,國巨統一01購07  ,0,0,0,0,0,0,0,0,0,-45000,0,0,0,18000,63000,-45000,-45000
064297,台郡國票01購01  ,0,0,0,0,0,0,0,0,0,-45000,0,0,0,35000,80000,-45000,-45000
064777,南亞科群益9C購01,0,0,0,0,0,0,0,0,0,-45000,0,0,0,0,45000,-45000,-45000
064555,力山群益01購01  ,0,0,0,0,0,0,0,0,0,-45000,0,0,0,10000,55000,-45000,-45000
064526,臺股指群益9C購11,0,0,0,0,0,0,0,0,0,-45000,0,0,0,85000,130000,-45000,-45000
5288,豐祥-KY         ,49000,94000,-45000,0,0,0,0,0,0,0,0,0,0,0,0,0,-45000
08338P,台灣50凱基9C售11,0,0,0,0,0,0,0,0,0,-46000,0,0,0,0,46000,-46000,-46000
00763U,街口道瓊銅      ,0,0,0,0,0,0,0,0,0,-46000,0,0,0,8000,54000,-46000,-46000
054020,技嘉台新97購01  ,0,0,0,0,0,0,0,0,0,-46000,0,0,0,0,46000,-46000,-46000
057816,欣興元大98購13  ,0,0,0,0,0,0,0,0,0,-46000,0,0,0,69000,115000,-46000,-46000
061405,亞德客國票9B購01,0,0,0,0,0,0,0,0,0,-46000,0,0,0,29000,75000,-46000,-46000
057869,大立光凱基99購01,0,0,0,0,0,0,0,0,0,-46000,0,0,0,3000,49000,-46000,-46000
058498,世紀鋼群益99購01,0,0,0,0,0,0,0,0,0,-46000,0,0,0,26000,72000,-46000,-46000
060926,宏達電永豐9A購01,0,0,0,0,0,0,0,0,0,-46000,0,0,0,12000,58000,-46000,-46000
058550,南亞科永豐99購01,0,0,0,0,0,0,0,0,0,-46000,0,0,0,0,46000,-46000,-46000
064478,聚陽富邦01購01  ,0,0,0,0,0,0,0,0,0,-46000,0,0,0,0,46000,-46000,-46000
064690,台光電群益9C購02,0,0,0,0,0,0,0,0,0,-46000,0,0,0,34000,80000,-46000,-46000
064427,喬山凱基01購01  ,0,0,0,0,0,0,0,0,0,-46000,0,0,0,4000,50000,-46000,-46000
063832,矽創國票01購01  ,0,0,0,0,0,0,0,0,0,-46000,0,0,0,0,46000,-46000,-46000
063751,祥碩國票9C購02  ,0,0,0,0,0,0,0,0,0,-46000,0,0,0,45000,91000,-46000,-46000
062943,世芯凱基9B購03  ,0,0,0,0,0,0,0,0,0,-46000,0,0,0,109000,155000,-46000,-46000
063344,臺企銀統一9C購01,0,0,0,0,0,0,0,0,0,-46000,0,0,0,83000,129000,-46000,-46000
061963,台積電統一01購04,0,0,0,0,0,0,0,0,0,-46000,0,0,0,205000,251000,-46000,-46000
062213,和大統一9B購02  ,0,0,0,0,0,0,0,0,0,-46000,0,0,0,2000,48000,-46000,-46000
062786,立積元大9C購03  ,0,0,0,0,0,0,0,0,0,-46000,0,0,0,235000,281000,-46000,-46000
08494P,世芯元大9C售02  ,0,0,0,0,0,0,0,0,0,-47000,0,0,0,0,47000,-47000,-47000
08543P,世芯國票01售02  ,0,0,0,0,0,0,0,0,0,-47000,0,0,0,0,47000,-47000,-47000
08462P,臻鼎國票9C售02  ,0,0,0,0,0,0,0,0,0,-47000,0,0,0,43000,90000,-47000,-47000
057284,新日興元大98購03,0,0,0,0,0,0,0,0,0,-47000,0,0,0,0,47000,-47000,-47000
057466,泰鼎永豐98購01  ,0,0,0,0,0,0,0,0,0,-47000,0,0,0,54000,101000,-47000,-47000
055966,茂林元大99購01  ,0,0,0,0,0,0,0,0,0,-47000,0,0,0,108000,155000,-47000,-47000
057176,全新元大99購02  ,0,0,0,0,0,0,0,0,0,-47000,0,0,0,64000,111000,-47000,-47000
057135,立積凱基98購01  ,0,0,0,0,0,0,0,0,0,-47000,0,0,0,33000,80000,-47000,-47000
057161,亞德客元大98購02,0,0,0,0,0,0,0,0,0,-47000,0,0,0,85000,132000,-47000,-47000
055490,台光電元大97購01,0,0,0,0,0,0,0,0,0,-47000,0,0,0,0,47000,-47000,-47000
049024,玉晶光群益97購01,0,0,0,0,0,0,0,0,0,-47000,0,0,0,3000,50000,-47000,-47000
058315,TPK富邦9C購01   ,0,0,0,0,0,0,0,0,0,-47000,0,0,0,34000,81000,-47000,-47000
057936,健策群益99購01  ,0,0,0,0,0,0,0,0,0,-47000,0,0,0,13000,60000,-47000,-47000
062702,可成元大9C購01  ,0,0,0,0,0,0,0,0,0,-47000,0,0,0,68000,115000,-47000,-47000
062557,台光電凱基9B購02,0,0,0,0,0,0,0,0,0,-47000,0,0,0,21000,68000,-47000,-47000
063635,漢唐元大9B購04  ,0,0,0,0,0,0,0,0,0,-47000,0,0,0,10000,57000,-47000,-47000
064075,台積電中信06購01,0,0,0,0,0,0,0,0,0,-47000,0,0,0,10000,57000,-47000,-47000
064334,可成元大01購01  ,0,0,0,0,0,0,0,0,0,-47000,0,0,0,0,47000,-47000,-47000
064684,巨大兆豐9C購01  ,0,0,0,0,0,0,0,0,0,-47000,0,0,0,109000,156000,-47000,-47000
064651,GIS凱基9C購02   ,0,0,0,0,0,0,0,0,0,-47000,0,0,0,3000,50000,-47000,-47000
064902,健策群益01購03  ,0,0,0,0,0,0,0,0,0,-48000,0,0,0,1000,49000,-48000,-48000
065166,台達電元大9C購04,0,0,0,0,0,0,0,0,0,-48000,0,0,0,75000,123000,-48000,-48000
06865P,亞德客元大98售04,0,0,0,0,0,0,0,0,0,-48000,0,0,0,11000,59000,-48000,-48000
07920P,大立光中信01售01,0,0,0,0,0,0,0,0,0,-48000,0,0,0,2000,50000,-48000,-48000
07577P,華新科元大9A售09,0,0,0,0,0,0,0,0,0,-48000,0,0,0,40000,88000,-48000,-48000
00710B,FH彭博高收益債  ,0,0,0,0,0,0,0,0,0,-48000,0,0,0,100000,148000,-48000,-48000
052847,漢唐統一99購01  ,0,0,0,0,0,0,0,0,0,-48000,0,0,0,8000,56000,-48000,-48000
053569,漢唐統一98購01  ,0,0,0,0,0,0,0,0,0,-48000,0,0,0,0,48000,-48000,-48000
057016,中石化凱基9B購01,0,0,0,0,0,0,0,0,0,-48000,0,0,0,110000,158000,-48000,-48000
058515,健鼎元大99購01  ,0,0,0,0,0,0,0,0,0,-48000,0,0,0,121000,169000,-48000,-48000
060475,瑞祺元大9A購01  ,0,0,0,0,0,0,0,0,0,-48000,0,0,0,64000,112000,-48000,-48000
060678,聯詠元大9A購03  ,0,0,0,0,0,0,0,0,0,-48000,0,0,0,170000,218000,-48000,-48000
059918,華新科元大99購20,0,0,0,0,0,0,0,0,0,-48000,0,0,0,10000,58000,-48000,-48000
059531,華新科凱基9B購02,0,0,0,0,0,0,0,0,0,-48000,0,0,0,2000,50000,-48000,-48000
059100,元油2X統一9C購02,0,0,0,0,0,0,0,0,0,-48000,0,0,0,82000,130000,-48000,-48000
062774,儒鴻元大9C購01  ,0,0,0,0,0,0,0,0,0,-48000,0,0,0,13000,61000,-48000,-48000
062764,世芯凱基9B購02  ,0,0,0,0,0,0,0,0,0,-48000,0,0,0,2000,50000,-48000,-48000
063280,燿華元大9B購05  ,0,0,0,0,0,0,0,0,0,-48000,0,0,0,5000,53000,-48000,-48000
063024,祥碩元大9B購05  ,0,0,0,0,0,0,0,0,0,-48000,0,0,0,74000,122000,-48000,-48000
062916,智易元大9B購01  ,0,0,0,0,0,0,0,0,0,-48000,0,0,0,14000,62000,-48000,-48000
06929P,鴻海元大99售11  ,0,0,0,0,0,0,0,0,0,-49000,0,0,0,5000,54000,-49000,-49000
064977,玉晶光元大01購03,0,0,0,0,0,0,0,0,0,-49000,0,0,0,53000,102000,-49000,-49000
08381P,台灣50群益9C售06,0,0,0,0,0,0,0,0,0,-49000,0,0,0,10000,59000,-49000,-49000
08231P,上銀元富9B售10  ,0,0,0,0,0,0,0,0,0,-49000,0,0,0,0,49000,-49000,-49000
057092,健策元富98購01  ,0,0,0,0,0,0,0,0,0,-49000,0,0,0,6000,55000,-49000,-49000
061234,國巨元大9A購18  ,0,0,0,0,0,0,0,0,0,-49000,0,0,0,5000,54000,-49000,-49000
056457,嘉澤凱基98購01  ,0,0,0,0,0,0,0,0,0,-49000,0,0,0,17000,66000,-49000,-49000
053112,中磊兆豐97購01  ,0,0,0,0,0,0,0,0,0,-49000,0,0,0,0,49000,-49000,-49000
055333,晶豪科兆豐97購01,0,0,0,0,0,0,0,0,0,-49000,0,0,0,0,49000,-49000,-49000
060693,台積電麥證9A購02,0,0,0,1000,50000,-49000,0,0,0,-49000,0,0,0,1000,50000,-49000,-49000
062868,葡萄王中信9B購01,0,0,0,0,0,0,0,0,0,-49000,0,0,0,0,49000,-49000,-49000
063036,聯發科凱基9B購11,0,0,0,0,0,0,0,0,0,-49000,0,0,0,45000,94000,-49000,-49000
063199,台積電統一01購07,0,0,0,0,0,0,0,0,0,-49000,0,0,0,0,49000,-49000,-49000
063434,和潤元富9B購01  ,0,0,0,0,0,0,0,0,0,-49000,0,0,0,51000,100000,-49000,-49000
064104,TPK群益9C購02   ,0,0,0,0,0,0,0,0,0,-49000,0,0,0,104000,153000,-49000,-49000
063911,大立光凱基9C購03,0,0,0,0,0,0,0,0,0,-49000,0,0,0,3000,52000,-49000,-49000
063638,華新科元大9B購14,0,0,0,0,0,0,0,0,0,-49000,0,0,0,61000,110000,-49000,-49000
063722,遠東新元大9B購02,0,0,0,0,0,0,0,0,0,-49000,0,0,0,50000,99000,-49000,-49000
08253P,鴻海元大9C售06  ,0,0,0,0,0,0,0,0,0,-50000,0,0,0,0,50000,-50000,-50000
08242P,聯發科凱基9C售06,0,0,0,0,0,0,0,0,0,-50000,0,0,0,0,50000,-50000,-50000
08303P,聯發科富邦9C售05,0,0,0,0,0,0,0,0,0,-50000,0,0,0,20000,70000,-50000,-50000
08492P,大立光元大9C售22,0,0,0,0,0,0,0,0,0,-50000,0,0,0,0,50000,-50000,-50000
3645,達邁            ,170000,220000,-50000,0,0,0,0,0,0,0,0,0,0,0,0,0,-50000
064965,臺指反元大03購02,0,0,0,0,0,0,0,0,0,-50000,0,0,0,20000,70000,-50000,-50000
064956,麗豐凱基9C購01  ,0,0,0,0,0,0,0,0,0,-50000,0,0,0,2000,52000,-50000,-50000
065073,亞德客元大01購02,0,0,0,0,0,0,0,0,0,-50000,0,0,0,0,50000,-50000,-50000
065053,南電凱基02購01  ,0,0,0,0,0,0,0,0,0,-50000,0,0,0,0,50000,-50000,-50000
065061,聯發科群益9C購08,0,0,0,0,0,0,0,0,0,-50000,0,0,0,0,50000,-50000,-50000
06615P,鴻海元大9C售02  ,0,0,0,0,0,0,0,0,0,-50000,0,0,0,7000,57000,-50000,-50000
065308,葡萄王國票01購01,0,0,0,0,0,0,0,0,0,-50000,0,0,0,0,50000,-50000,-50000
06848P,聯詠元大98售04  ,0,0,0,0,0,0,0,0,0,-50000,0,0,0,100000,150000,-50000,-50000
06853P,華擎元富98售03  ,0,0,0,0,0,0,0,0,0,-50000,0,0,0,87000,137000,-50000,-50000
06771P,台灣50中信02售01,0,0,0,0,0,0,0,0,0,-50000,0,0,0,105000,155000,-50000,-50000
07306P,台灣50凱基9A售09,0,0,0,0,0,0,0,0,0,-50000,0,0,0,0,50000,-50000,-50000
07253P,台灣50凱基9A售05,0,0,0,0,0,0,0,0,0,-50000,0,0,0,0,50000,-50000,-50000
07193P,聯發科元大99售24,0,0,0,0,0,0,0,0,0,-50000,0,0,0,0,50000,-50000,-50000
07371P,滬深2X元大99售07,0,0,0,0,0,0,0,0,0,-50000,0,0,0,0,50000,-50000,-50000
07691P,宏達電元大9A售05,0,0,0,0,0,0,0,0,0,-50000,0,0,0,0,50000,-50000,-50000
07682P,聯發科凱基9A售15,0,0,0,0,0,0,0,0,0,-50000,0,0,0,0,50000,-50000,-50000
07923P,元金2X凱基02售02,0,0,0,0,0,0,0,0,0,-50000,0,0,0,50000,100000,-50000,-50000
07950P,智邦元大9B售04  ,0,0,0,0,0,0,0,0,0,-50000,0,0,0,0,50000,-50000,-50000
03064X,元展59          ,0,0,0,0,0,0,0,0,0,-50000,0,0,0,0,50000,-50000,-50000
053805,奇鋐凱基98購02  ,0,0,0,0,0,0,0,0,0,-50000,0,0,0,100000,150000,-50000,-50000
057765,康舒凱基98購01  ,0,0,0,0,0,0,0,0,0,-50000,0,0,0,0,50000,-50000,-50000
054231,國巨群益98購03  ,0,0,0,0,0,0,0,0,0,-50000,0,0,0,0,50000,-50000,-50000
053378,台積電元大98購02,0,0,0,0,0,0,0,0,0,-50000,0,0,0,0,50000,-50000,-50000
054638,國泰金中信99購01,0,0,0,0,0,0,0,0,0,-50000,0,0,0,0,50000,-50000,-50000
061287,大立光統一9B購06,0,0,0,0,0,0,0,0,0,-50000,0,0,0,0,50000,-50000,-50000
061336,國巨元大9A購20  ,0,0,0,0,0,0,0,0,0,-50000,0,0,0,31000,81000,-50000,-50000
061344,禾伸堂元大9A購02,0,0,0,0,0,0,0,0,0,-50000,0,0,0,50000,100000,-50000,-50000
061370,晶技國泰9C購01  ,0,0,0,0,0,0,0,0,0,-50000,0,0,0,40000,90000,-50000,-50000
061379,鈺齊永豐9A購02  ,0,0,0,0,0,0,0,0,0,-50000,0,0,0,0,50000,-50000,-50000
061576,華新科元大9A購21,0,0,0,0,0,0,0,0,0,-50000,0,0,0,0,50000,-50000,-50000
057314,全新麥證98購01  ,0,0,0,0,50000,-50000,0,0,0,-50000,0,0,0,0,50000,-50000,-50000
057603,樺漢群益98購02  ,0,0,0,0,0,0,0,0,0,-50000,0,0,0,40000,90000,-50000,-50000
057111,立積群益98購02  ,0,0,0,0,0,0,0,0,0,-50000,0,0,0,0,50000,-50000,-50000
057138,亞德客兆豐98購01,0,0,0,0,0,0,0,0,0,-50000,0,0,0,0,50000,-50000,-50000
057046,奇力新元大99購03,0,0,0,0,0,0,0,0,0,-50000,0,0,0,0,50000,-50000,-50000
055911,可成凱基98購02  ,0,0,0,0,0,0,0,0,0,-50000,0,0,0,1000,51000,-50000,-50000
056691,元油2X群益9B購01,0,0,0,0,0,0,0,0,0,-50000,0,0,0,0,50000,-50000,-50000
057422,欣興凱基98購04  ,0,0,0,0,0,0,0,0,0,-50000,0,0,0,0,50000,-50000,-50000
056401,國巨群益98購07  ,0,0,0,0,0,0,0,0,0,-50000,0,0,0,0,50000,-50000,-50000
060612,世紀鋼凱基9A購01,0,0,0,0,0,0,0,0,0,-50000,0,0,0,0,50000,-50000,-50000
060604,宏達電凱基9B購01,0,0,0,0,0,0,0,0,0,-50000,0,0,0,0,50000,-50000,-50000
061076,台達電兆豐9A購01,0,0,0,0,0,0,0,0,0,-50000,0,0,0,5000,55000,-50000,-50000
060565,大立光富邦01購01,0,0,0,0,0,0,0,0,0,-50000,0,0,0,0,50000,-50000,-50000
060556,緯穎凱基9A購04  ,0,0,0,0,0,0,0,0,0,-50000,0,0,0,30000,80000,-50000,-50000
060331,台積電麥證9A購01,0,0,0,0,50000,-50000,0,0,0,-50000,0,0,0,0,50000,-50000,-50000
061030,喬山永豐9A購01  ,0,0,0,0,0,0,0,0,0,-50000,0,0,0,0,50000,-50000,-50000
060834,道瓊反國票9C購01,0,0,0,0,0,0,0,0,0,-50000,0,0,0,0,50000,-50000,-50000
060835,亞德客國票9A購01,0,0,0,0,0,0,0,0,0,-50000,0,0,0,46000,96000,-50000,-50000
058073,大立光凱基99購04,0,0,0,0,0,0,0,0,0,-50000,0,0,0,0,50000,-50000,-50000
062284,華擎群益9C購03  ,0,0,0,0,0,0,0,0,0,-50000,0,0,0,0,50000,-50000,-50000
062072,國巨元大9B購05  ,0,0,0,0,0,0,0,0,0,-50000,0,0,0,5000,55000,-50000,-50000
061726,台積電麥證9A購05,0,0,0,0,50000,-50000,0,0,0,-50000,0,0,0,0,50000,-50000,-50000
061834,華新科凱基02購02,0,0,0,0,0,0,0,0,0,-50000,0,0,0,0,50000,-50000,-50000
061836,華新科凱基05購01,0,0,0,0,0,0,0,0,0,-50000,0,0,0,0,50000,-50000,-50000
061838,華新科凱基05購03,0,0,0,0,0,0,0,0,0,-50000,0,0,0,0,50000,-50000,-50000
061805,華新科中信9B購01,0,0,0,0,0,0,0,0,0,-50000,0,0,0,0,50000,-50000,-50000
059059,宏達電凱基99購03,0,0,0,0,0,0,0,0,0,-50000,0,0,0,0,50000,-50000,-50000
059062,群創凱基99購05  ,0,0,0,0,0,0,0,0,0,-50000,0,0,0,17000,67000,-50000,-50000
060943,宏達電國票9B購02,0,0,0,0,0,0,0,0,0,-50000,0,0,0,0,50000,-50000,-50000
060944,國泰金國票9A購01,0,0,0,0,0,0,0,0,0,-50000,0,0,0,0,50000,-50000,-50000
060963,禾伸堂凱基9A購01,0,0,0,0,0,0,0,0,0,-50000,0,0,0,0,50000,-50000,-50000
061014,台積電麥證9A購04,0,0,0,0,50000,-50000,0,0,0,-50000,0,0,0,0,50000,-50000,-50000
059003,中壽元大99購01  ,0,0,0,0,0,0,0,0,0,-50000,0,0,0,0,50000,-50000,-50000
058999,台積電元大99購24,0,0,0,0,0,0,0,0,0,-50000,0,0,0,0,50000,-50000,-50000
058179,國巨國泰9B購02  ,0,0,0,0,0,0,0,0,0,-50000,0,0,0,20000,70000,-50000,-50000
061472,台積電元大9A購32,0,0,0,0,0,0,0,0,0,-50000,0,0,0,70000,120000,-50000,-50000
059921,大立光元大99購24,0,0,0,0,0,0,0,0,0,-50000,0,0,0,0,50000,-50000,-50000
059763,華擎永豐99購03  ,0,0,0,0,0,0,0,0,0,-50000,0,0,0,0,50000,-50000,-50000
063605,健策凱基9C購02  ,0,0,0,0,0,0,0,0,0,-50000,0,0,0,0,50000,-50000,-50000
063842,國巨元大9C購10  ,0,0,0,0,0,0,0,0,0,-50000,0,0,0,6000,56000,-50000,-50000
063858,鴻海國泰02購01  ,0,0,0,0,0,0,0,0,0,-50000,0,0,0,9000,59000,-50000,-50000
063956,神達元大9C購01  ,0,0,0,0,0,0,0,0,0,-50000,0,0,0,43000,93000,-50000,-50000
064638,儒鴻凱基9C購03  ,0,0,0,0,0,0,0,0,0,-50000,0,0,0,0,50000,-50000,-50000
064767,宏全凱基9C購01  ,0,0,0,0,0,0,0,0,0,-50000,0,0,0,0,50000,-50000,-50000
064500,國泰金元大9C購01,0,0,0,0,0,0,0,0,0,-50000,0,0,0,10000,60000,-50000,-50000
064618,南亞科元大9C購04,0,0,0,0,0,0,0,0,0,-50000,0,0,0,50000,100000,-50000,-50000
064347,貿聯元大9C購03  ,0,0,0,0,0,0,0,0,0,-50000,0,0,0,50000,100000,-50000,-50000
063299,金寶凱基9B購01  ,0,0,0,0,0,0,0,0,0,-50000,0,0,0,0,50000,-50000,-50000
063295,京元電麥證9B購01,0,0,0,71000,121000,-50000,0,0,0,-50000,0,0,0,71000,121000,-50000,-50000
062778,國巨元大9B購17  ,0,0,0,0,0,0,0,0,0,-50000,0,0,0,5000,55000,-50000,-50000
062608,智易凱基9B購01  ,0,0,0,0,0,0,0,0,0,-50000,0,0,0,0,50000,-50000,-50000
062235,億光凱基9B購01  ,0,0,0,0,0,0,0,0,0,-50000,0,0,0,0,50000,-50000,-50000
062197,聯發科中信01購03,0,0,0,0,0,0,0,0,0,-50000,0,0,0,40000,90000,-50000,-50000
061977,國巨元大9B購02  ,0,0,0,0,0,0,0,0,0,-50000,0,0,0,5000,55000,-50000,-50000
062435,國巨元大9B購13  ,0,0,0,0,0,0,0,0,0,-50000,0,0,0,3000,53000,-50000,-50000
061664,上銀中信9A購01  ,0,0,0,0,0,0,0,0,0,-50000,0,0,0,0,50000,-50000,-50000
062367,禾伸堂元大9B購02,0,0,0,0,0,0,0,0,0,-50000,0,0,0,0,50000,-50000,-50000
07815P,美律群益9A售04  ,0,0,0,0,0,0,0,0,0,-51000,0,0,0,0,51000,-51000,-51000
07202P,台灣50凱基9C售04,0,0,0,0,0,0,0,0,0,-51000,0,0,0,4000,55000,-51000,-51000
07315P,台積電台新99售06,0,0,0,0,0,0,0,0,0,-51000,0,0,0,0,51000,-51000,-51000
07146P,瑞昱元大99售02  ,0,0,0,0,0,0,0,0,0,-51000,0,0,0,70000,121000,-51000,-51000
064826,南亞科統一01購03,0,0,0,0,0,0,0,0,0,-51000,0,0,0,15000,66000,-51000,-51000
08095P,大立光元富9B售03,0,0,0,0,0,0,0,0,0,-51000,0,0,0,26000,77000,-51000,-51000
08152P,祥碩統一9B售02  ,0,0,0,0,0,0,0,0,0,-51000,0,0,0,50000,101000,-51000,-51000
08154P,上銀元富9B售04  ,0,0,0,0,0,0,0,0,0,-51000,0,0,0,0,51000,-51000,-51000
055904,貿聯亞東99購01  ,0,0,0,0,0,0,0,0,0,-51000,0,0,0,0,51000,-51000,-51000
056928,旺宏台新98購01  ,0,0,0,0,0,0,0,0,0,-51000,0,0,0,29000,80000,-51000,-51000
061337,台積電元大9A購27,0,0,0,0,0,0,0,0,0,-51000,0,0,0,0,51000,-51000,-51000
045842,T50反1台新98購01,0,0,0,0,0,0,0,0,0,-51000,0,0,0,0,51000,-51000,-51000
00714,群益道瓊美國地產,0,0,0,0,0,0,0,0,0,-51000,0,0,0,132000,183000,-51000,-51000
060229,楠梓電元大9C購01,0,0,0,0,0,0,0,0,0,-51000,0,0,0,62000,113000,-51000,-51000
059146,貿聯國票9A購02  ,0,0,0,0,0,0,0,0,0,-51000,0,0,0,15000,66000,-51000,-51000
058683,可成凱基9A購01  ,0,0,0,0,0,0,0,0,0,-51000,0,0,0,0,51000,-51000,-51000
061708,同欣電國票9A購02,0,0,0,0,0,0,0,0,0,-51000,0,0,0,35000,86000,-51000,-51000
061839,華新科凱基05購04,0,0,0,0,0,0,0,0,0,-51000,0,0,0,0,51000,-51000,-51000
063263,高鐵永豐9B購01  ,0,0,0,0,0,0,0,0,0,-51000,0,0,0,17000,68000,-51000,-51000
063644,祥碩元大9B購10  ,0,0,0,0,0,0,0,0,0,-51000,0,0,0,16000,67000,-51000,-51000
8341,日友            ,73000,112000,-39000,0,0,0,0,10000,-10000,-2000,0,2000,-2000,0,0,0,-51000
08520P,和大元大9C售04  ,0,0,0,0,0,0,0,0,0,-52000,0,0,0,0,52000,-52000,-52000
065199,華擎元富03購01  ,0,0,0,0,0,0,0,0,0,-52000,0,0,0,0,52000,-52000,-52000
060815,茂林凱基9B購01  ,0,0,0,0,0,0,0,0,0,-52000,0,0,0,0,52000,-52000,-52000
061019,大毅國票9A購01  ,0,0,0,0,0,0,0,0,0,-52000,0,0,0,16000,68000,-52000,-52000
059181,世紀鋼元富9C購01,0,0,0,0,0,0,0,0,0,-52000,0,0,0,0,52000,-52000,-52000
063613,全新群益9C購01  ,0,0,0,0,0,0,0,0,0,-52000,0,0,0,14000,66000,-52000,-52000
064118,喬山元大01購01  ,0,0,0,0,0,0,0,0,0,-52000,0,0,0,0,52000,-52000,-52000
064046,聯發科統一9C購12,0,0,0,0,0,0,0,0,0,-52000,0,0,0,166000,218000,-52000,-52000
064657,和大元大9C購02  ,0,0,0,0,0,0,0,0,0,-52000,0,0,0,0,52000,-52000,-52000
063271,中磊兆豐9C購01  ,0,0,0,0,0,0,0,0,0,-52000,0,0,0,429000,481000,-52000,-52000
062705,美食元大9B購01  ,0,0,0,0,0,0,0,0,0,-52000,0,0,0,0,52000,-52000,-52000
062694,遠東新元大9B購01,0,0,0,0,0,0,0,0,0,-52000,0,0,0,0,52000,-52000,-52000
6670,復盛應用        ,220338,98000,122338,0,0,0,16000,186000,-170000,-5000,24000,30000,-6000,1000,0,1000,-52662
08468P,台郡統一9C售02  ,0,0,0,0,0,0,0,0,0,-53000,0,0,0,7000,60000,-53000,-53000
056571,燿華元大98購02  ,0,0,0,0,0,0,0,0,0,-53000,0,0,0,153000,206000,-53000,-53000
057611,技嘉元富98購02  ,0,0,0,0,0,0,0,0,0,-53000,0,0,0,0,53000,-53000,-53000
060244,大立光元大9B購02,0,0,0,0,0,0,0,0,0,-53000,0,0,0,0,53000,-53000,-53000
058850,華新科群益99購03,0,0,0,0,0,0,0,0,0,-53000,0,0,0,1000,54000,-53000,-53000
060506,京元電元大9A購02,0,0,0,0,0,0,0,0,0,-53000,0,0,0,165000,218000,-53000,-53000
060492,元黃金元富9A購01,0,0,0,0,0,0,0,0,0,-53000,0,0,0,0,53000,-53000,-53000
062046,矽格凱基9B購01  ,0,0,0,0,0,0,0,0,0,-53000,0,0,0,49000,102000,-53000,-53000
057959,欣興元大98購14  ,0,0,0,0,0,0,0,0,0,-53000,0,0,0,18000,71000,-53000,-53000
057840,健策富邦99購01  ,0,0,0,0,0,0,0,0,0,-53000,0,0,0,90000,143000,-53000,-53000
063298,統一凱基9B購01  ,0,0,0,0,0,0,0,0,0,-53000,0,0,0,0,53000,-53000,-53000
063486,聚陽國泰9C購01  ,0,0,0,0,0,0,0,0,0,-53000,0,0,0,15000,68000,-53000,-53000
063374,嘉澤永豐9B購04  ,0,0,0,0,0,0,0,0,0,-53000,0,0,0,10000,63000,-53000,-53000
063406,麗豐國票9C購01  ,0,0,0,0,0,0,0,0,0,-53000,0,0,0,0,53000,-53000,-53000
08450P,台積電統一9C售14,0,0,0,0,0,0,0,0,0,-54000,0,0,0,0,54000,-54000,-54000
065273,南電元大9C購06  ,0,0,0,0,0,0,0,0,0,-54000,0,0,0,1000,55000,-54000,-54000
064843,巨大統一02購01  ,0,0,0,0,0,0,0,0,0,-54000,0,0,0,20000,74000,-54000,-54000
064785,康友群益9C購01  ,0,0,0,0,0,0,0,0,0,-54000,0,0,0,0,54000,-54000,-54000
064860,聯發科富邦03購01,0,0,0,0,0,0,0,0,0,-54000,0,0,0,670000,724000,-54000,-54000
052536,聯茂國泰97購01  ,0,0,0,0,0,0,0,0,0,-54000,0,0,0,20000,74000,-54000,-54000
060479,億豐元大9A購01  ,0,0,0,0,0,0,0,0,0,-54000,0,0,0,13000,67000,-54000,-54000
059917,華新科元大99購19,0,0,0,0,0,0,0,0,0,-54000,0,0,0,1000,55000,-54000,-54000
058788,喬山元大99購01  ,0,0,0,0,0,0,0,0,0,-54000,0,0,0,32000,86000,-54000,-54000
061502,嘉澤國票9A購02  ,0,0,0,0,0,0,0,0,0,-54000,0,0,0,5000,59000,-54000,-54000
063404,金像電國票9B購01,0,0,0,0,0,0,0,0,0,-54000,0,0,0,65000,119000,-54000,-54000
064669,健策元大01購03  ,0,0,0,0,0,0,0,0,0,-54000,0,0,0,13000,67000,-54000,-54000
064426,群創兆豐9C購01  ,0,0,0,0,0,0,0,0,0,-54000,0,0,0,45000,99000,-54000,-54000
064228,同欣電國票01購01,0,0,0,0,0,0,0,0,0,-54000,0,0,0,6000,60000,-54000,-54000
06906P,國巨國泰99售01  ,0,0,0,0,0,0,0,0,0,-55000,0,0,0,0,55000,-55000,-55000
08461P,長榮航國票9C售01,0,0,0,0,0,0,0,0,0,-55000,0,0,0,0,55000,-55000,-55000
3024,憶聲            ,224000,279000,-55000,0,0,0,0,0,0,0,0,0,0,0,0,0,-55000
053186,健策中信9C購01  ,0,0,0,0,0,0,0,0,0,-55000,0,0,0,20000,75000,-55000,-55000
057288,聯茂元大98購03  ,0,0,0,0,0,0,0,0,0,-55000,0,0,0,10000,65000,-55000,-55000
057556,智易凱基99購01  ,0,0,0,0,0,0,0,0,0,-55000,0,0,0,53000,108000,-55000,-55000
058977,SGBR2X凱基03購01,0,0,0,0,0,0,0,0,0,-55000,0,0,0,10000,65000,-55000,-55000
060908,金像電元大9A購03,0,0,0,0,0,0,0,0,0,-55000,0,0,0,60000,115000,-55000,-55000
058257,聯陽國泰9B購01  ,0,0,0,0,0,0,0,0,0,-55000,0,0,0,10000,65000,-55000,-55000
062111,台勝科國票9B購01,0,0,0,0,0,0,0,0,0,-55000,0,0,0,93000,148000,-55000,-55000
061743,祥碩凱基9B購02  ,0,0,0,0,0,0,0,0,0,-55000,0,0,0,30000,85000,-55000,-55000
061773,和潤元大9B購01  ,0,0,0,0,0,0,0,0,0,-55000,0,0,0,28000,83000,-55000,-55000
063532,GIS凱基9B購03   ,0,0,0,0,0,0,0,0,0,-55000,0,0,0,2000,57000,-55000,-55000
063794,亞德客凱基9C購01,0,0,0,0,0,0,0,0,0,-55000,0,0,0,0,55000,-55000,-55000
063277,大成鋼元大9B購03,0,0,0,0,0,0,0,0,0,-55000,0,0,0,20000,75000,-55000,-55000
065085,聯發科元大01購02,0,0,0,0,0,0,0,0,0,-56000,0,0,0,212000,268000,-56000,-56000
065021,貿聯富邦03購01  ,0,0,0,0,0,0,0,0,0,-56000,0,0,0,40000,96000,-56000,-56000
065136,正隆凱基9C購01  ,0,0,0,0,0,0,0,0,0,-56000,0,0,0,10000,66000,-56000,-56000
056899,可成元大98購01  ,0,0,0,0,0,0,0,0,0,-56000,0,0,0,0,56000,-56000,-56000
061392,泰鼎群益9A購02  ,0,0,0,0,0,0,0,0,0,-56000,0,0,0,0,56000,-56000,-56000
061427,旭富元大9A購02  ,0,0,0,0,0,0,0,0,0,-56000,0,0,0,48000,104000,-56000,-56000
00641R,富邦日本反1     ,0,18000,-18000,0,0,0,0,0,0,-38000,0,0,0,165000,203000,-38000,-56000
057877,神達元大99購01  ,0,0,0,0,0,0,0,0,0,-56000,0,0,0,0,56000,-56000,-56000
062265,南茂元大9B購01  ,0,0,0,0,0,0,0,0,0,-56000,0,0,0,10000,66000,-56000,-56000
059985,華新科元大99購22,0,0,0,0,0,0,0,0,0,-56000,0,0,0,0,56000,-56000,-56000
058212,華新科群益9A購01,0,0,0,0,0,0,0,0,0,-56000,0,0,0,1000,57000,-56000,-56000
060098,華新科元大99購24,0,0,0,0,0,0,0,0,0,-56000,0,0,0,0,56000,-56000,-56000
061189,可成富邦9B購02  ,0,0,0,0,0,0,0,0,0,-56000,0,0,0,0,56000,-56000,-56000
064548,漢翔凱基9C購01  ,0,0,0,0,0,0,0,0,0,-56000,0,0,0,96000,152000,-56000,-56000
065102,同欣電元大9C購07,0,0,0,0,0,0,0,0,0,-57000,0,0,0,15000,72000,-57000,-57000
06995P,臺股指凱基99售16,0,0,0,0,0,0,0,0,0,-57000,0,0,0,170000,227000,-57000,-57000
06755P,大立光永豐98售03,0,0,0,0,0,0,0,0,0,-57000,0,0,0,39000,96000,-57000,-57000
08159P,日月光元富9B售01,0,0,0,0,0,0,0,0,0,-57000,0,0,0,3000,60000,-57000,-57000
061341,華新科元大9A購16,0,0,0,0,0,0,0,0,0,-57000,0,0,0,0,57000,-57000,-57000
058061,貿聯元富9B購01  ,0,0,0,0,0,0,0,0,0,-57000,0,0,0,87000,144000,-57000,-57000
061792,和大永豐9B購01  ,0,0,0,0,0,0,0,0,0,-57000,0,0,0,30000,87000,-57000,-57000
06082P,華通統一98售01  ,0,0,0,0,0,0,0,0,0,-57000,0,0,0,172000,229000,-57000,-57000
060595,台灣50凱基04購04,0,0,0,0,0,0,0,0,0,-57000,0,0,0,0,57000,-57000,-57000
064295,聚陽國票01購01  ,0,0,0,0,0,0,0,0,0,-57000,0,0,0,82000,139000,-57000,-57000
063626,聚陽元大9B購03  ,0,0,0,0,0,0,0,0,0,-57000,0,0,0,156000,213000,-57000,-57000
063902,志超群益9C購01  ,0,0,0,0,0,0,0,0,0,-57000,0,0,0,10000,67000,-57000,-57000
063319,神達群益9B購01  ,0,0,0,0,0,0,0,0,0,-57000,0,0,0,120000,177000,-57000,-57000
1592,英瑞-KY         ,305000,365000,-60000,0,0,0,0,0,0,2000,2000,0,2000,0,0,0,-58000
07814P,華通群益9A售06  ,0,0,0,0,0,0,0,0,0,-58000,0,0,0,15000,73000,-58000,-58000
07966P,瑞祺群益9B售02  ,0,0,0,0,0,0,0,0,0,-58000,0,0,0,1000,59000,-58000,-58000
065093,新日興元大9C購03,0,0,0,0,0,0,0,0,0,-58000,0,0,0,0,58000,-58000,-58000
064801,鴻海元大9C購13  ,0,0,0,0,0,0,0,0,0,-58000,0,0,0,0,58000,-58000,-58000
061204,國巨元大9A購16  ,0,0,0,0,0,0,0,0,0,-58000,0,0,0,20000,78000,-58000,-58000
057264,新光金兆豐98購01,0,0,0,0,0,0,0,0,0,-58000,0,0,0,0,58000,-58000,-58000
056683,台積電統一98購05,0,0,0,0,0,0,0,0,0,-58000,0,0,0,2000,60000,-58000,-58000
058402,欣興元大99購04  ,0,0,0,0,0,0,0,0,0,-58000,0,0,0,7000,65000,-58000,-58000
060390,聯鈞群益9A購01  ,0,0,0,0,0,0,0,0,0,-58000,0,0,0,70000,128000,-58000,-58000
062087,瑞祺元大9B購02  ,0,0,0,0,0,0,0,0,0,-58000,0,0,0,308000,366000,-58000,-58000
058592,聯發科統一9C購01,0,0,0,0,0,0,0,0,0,-58000,0,0,0,35000,93000,-58000,-58000
062999,聯茂國票9C購01  ,0,0,0,0,0,0,0,0,0,-58000,0,0,0,4000,62000,-58000,-58000
062566,嘉晶中信9C購01  ,0,0,0,0,0,0,0,0,0,-58000,0,0,0,12000,70000,-58000,-58000
062442,華新科元大9C購02,0,0,0,0,0,0,0,0,0,-58000,0,0,0,0,58000,-58000,-58000
064111,國巨國票02購02  ,0,0,0,0,0,0,0,0,0,-58000,0,0,0,34000,92000,-58000,-58000
063519,聚陽凱基9B購02  ,0,0,0,0,0,0,0,0,0,-58000,0,0,0,0,58000,-58000,-58000
064226,TPK國票01購01   ,0,0,0,0,0,0,0,0,0,-58000,0,0,0,0,58000,-58000,-58000
3034,聯詠            ,1597539,2191999,-594460,0,0,0,608000,2000,606000,-70000,111000,97000,14000,46000,130000,-84000,-58460
08018P,牧德國票9B售04  ,0,0,0,0,0,0,0,0,0,-59000,0,0,0,36000,95000,-59000,-59000
08374P,緯穎凱基9C售01  ,0,0,0,0,0,0,0,0,0,-59000,0,0,0,78000,137000,-59000,-59000
08271P,華通元富9C售01  ,0,0,0,0,0,0,0,0,0,-59000,0,0,0,54000,113000,-59000,-59000
065014,南電國泰01購01  ,0,0,0,0,0,0,0,0,0,-59000,0,0,0,76000,135000,-59000,-59000
057169,微星元大98購01  ,0,0,0,0,0,0,0,0,0,-59000,0,0,0,0,59000,-59000,-59000
056347,GIS凱基9A購01   ,0,0,0,0,0,0,0,0,0,-59000,0,0,0,100000,159000,-59000,-59000
058874,聯鈞國票9A購01  ,0,0,0,0,0,0,0,0,0,-59000,0,0,0,21000,80000,-59000,-59000
060228,亞德客元大9A購01,0,0,0,0,0,0,0,0,0,-59000,0,0,0,6000,65000,-59000,-59000
061678,玉晶光元大9B購04,0,0,0,0,0,0,0,0,0,-59000,0,0,0,82000,141000,-59000,-59000
057940,和大國票99購01  ,0,0,0,0,0,0,0,0,0,-59000,0,0,0,0,59000,-59000,-59000
062273,國巨群益9C購02  ,0,0,0,0,0,0,0,0,0,-59000,0,0,0,79000,138000,-59000,-59000
061062,和大凱基9A購02  ,0,0,0,0,0,0,0,0,0,-59000,0,0,0,0,59000,-59000,-59000
064766,矽創凱基9C購01  ,0,0,0,0,0,0,0,0,0,-59000,0,0,0,0,59000,-59000,-59000
062704,大毅元大9C購01  ,0,0,0,0,0,0,0,0,0,-59000,0,0,0,86000,145000,-59000,-59000
062710,盛群元大9B購01  ,0,0,0,0,0,0,0,0,0,-59000,0,0,0,333000,392000,-59000,-59000
062881,緯創兆豐9C購01  ,0,0,0,0,0,0,0,0,0,-59000,0,0,0,8000,67000,-59000,-59000
063449,全新統一9B購02  ,0,0,0,0,0,0,0,0,0,-59000,0,0,0,390000,449000,-59000,-59000
06683P,訊芯元大98售07  ,0,0,0,0,0,0,0,0,0,-60000,0,0,0,40000,100000,-60000,-60000
07796P,聯發科國票9A售03,0,0,0,0,0,0,0,0,0,-60000,0,0,0,0,60000,-60000,-60000
07820P,臺股指國票9A售11,0,0,0,0,0,0,0,0,0,-60000,0,0,0,16000,76000,-60000,-60000
07215P,大立光凱基99售07,0,0,0,0,0,0,0,0,0,-60000,0,0,0,0,60000,-60000,-60000
2351,順德            ,134000,94000,40000,0,0,0,0,100000,-100000,0,0,0,0,0,0,0,-60000
056219,T50反1日盛02購01,0,0,0,0,0,0,0,0,0,-60000,0,0,0,0,60000,-60000,-60000
057021,台積電凱基9A購02,0,0,0,0,0,0,0,0,0,-60000,0,0,0,0,60000,-60000,-60000
056994,緯穎兆豐98購02  ,0,0,0,0,0,0,0,0,0,-60000,0,0,0,0,60000,-60000,-60000
056685,光罩統一98購03  ,0,0,0,0,0,0,0,0,0,-60000,0,0,0,0,60000,-60000,-60000
056714,晶相光永豐98購02,0,0,0,0,0,0,0,0,0,-60000,0,0,0,0,60000,-60000,-60000
055732,全新元富9A購01  ,0,0,0,0,0,0,0,0,0,-60000,0,0,0,25000,85000,-60000,-60000
061215,健策元大9A購06  ,0,0,0,0,0,0,0,0,0,-60000,0,0,0,37000,97000,-60000,-60000
061335,國巨元大9A購19  ,0,0,0,0,0,0,0,0,0,-60000,0,0,0,3000,63000,-60000,-60000
061281,台積電統一9C購05,0,0,0,0,0,0,0,0,0,-60000,0,0,0,0,60000,-60000,-60000
052838,新唐國泰98購01  ,0,0,0,0,0,0,0,0,0,-60000,0,0,0,0,60000,-60000,-60000
03875P,滬深2X國票05售01,0,0,0,0,0,0,0,0,0,-60000,0,0,0,0,60000,-60000,-60000
055196,致新元富97購01  ,0,0,0,0,0,0,0,0,0,-60000,0,0,0,20000,80000,-60000,-60000
057341,技嘉台新98購01  ,0,0,0,0,0,0,0,0,0,-60000,0,0,0,0,60000,-60000,-60000
061041,南電永豐9A購03  ,0,0,0,0,0,0,0,0,0,-60000,0,0,0,0,60000,-60000,-60000
060823,旺宏元大9A購05  ,0,0,0,0,0,0,0,0,0,-60000,0,0,0,10000,70000,-60000,-60000
060473,中租元大9A購03  ,0,0,0,0,0,0,0,0,0,-60000,0,0,0,0,60000,-60000,-60000
061684,T50反1群益9A購06,0,0,0,0,0,0,0,0,0,-60000,0,0,0,0,60000,-60000,-60000
062167,燿華永豐9B購01  ,0,0,0,0,0,0,0,0,0,-60000,0,0,0,0,60000,-60000,-60000
061952,臺股指群益9B購01,0,0,0,0,0,0,0,0,0,-60000,0,0,0,0,60000,-60000,-60000
061699,燿華國票9A購01  ,0,0,0,0,0,0,0,0,0,-60000,0,0,0,10000,70000,-60000,-60000
058605,華邦電元大99購04,0,0,0,0,0,0,0,0,0,-60000,0,0,0,10000,70000,-60000,-60000
059873,華新科凱基99購09,0,0,0,0,0,0,0,0,0,-60000,0,0,0,100000,160000,-60000,-60000
063502,南電永豐9B購02  ,0,0,0,0,0,0,0,0,0,-60000,0,0,0,35000,95000,-60000,-60000
063476,台表科元大9C購03,0,0,0,0,0,0,0,0,0,-60000,0,0,0,139000,199000,-60000,-60000
062357,國巨元大9B購11  ,0,0,0,0,0,0,0,0,0,-60000,0,0,0,0,60000,-60000,-60000
064611,亞德客元大9C購02,0,0,0,0,0,0,0,0,0,-60000,0,0,0,0,60000,-60000,-60000
064227,和碩國票01購01  ,0,0,0,0,0,0,0,0,0,-60000,0,0,0,11000,71000,-60000,-60000
064399,和大凱基02購01  ,0,0,0,0,0,0,0,0,0,-60000,0,0,0,78000,138000,-60000,-60000
063515,香港2X凱基01購01,0,0,0,0,0,0,0,0,0,-60000,0,0,0,30000,90000,-60000,-60000
063649,南六元大9C購02  ,0,0,0,0,0,0,0,0,0,-60000,0,0,0,20000,80000,-60000,-60000
063910,漢唐凱基9C購01  ,0,0,0,0,0,0,0,0,0,-60000,0,0,0,0,60000,-60000,-60000
08553P,嘉澤群益9C售01  ,0,0,0,0,0,0,0,0,0,-61000,0,0,0,0,61000,-61000,-61000
054767,日電貿國票98購01,0,0,0,0,0,0,0,0,0,-61000,0,0,0,38000,99000,-61000,-61000
051911,大立光元大98購02,0,0,0,0,0,0,0,0,0,-61000,0,0,0,0,61000,-61000,-61000
057626,技嘉富邦9A購01  ,0,0,0,0,0,0,0,0,0,-61000,0,0,0,110000,171000,-61000,-61000
057481,技嘉元大98購04  ,0,0,0,0,0,0,0,0,0,-61000,0,0,0,16000,77000,-61000,-61000
056147,鴻海日盛97購05  ,0,0,0,0,0,0,0,0,0,-61000,0,0,0,0,61000,-61000,-61000
058782,臺股指國票99購01,0,0,0,0,0,0,0,0,0,-61000,0,0,0,0,61000,-61000,-61000
058669,上銀群益99購01  ,0,0,0,0,0,0,0,0,0,-61000,0,0,0,2000,63000,-61000,-61000
060557,南電凱基9A購02  ,0,0,0,0,0,0,0,0,0,-61000,0,0,0,0,61000,-61000,-61000
063597,健策中信9B購02  ,0,0,0,0,0,0,0,0,0,-61000,0,0,0,7000,68000,-61000,-61000
063790,南亞科台新9C購01,0,0,0,0,0,0,0,0,0,-61000,0,0,0,10000,71000,-61000,-61000
061974,光寶科元大9B購01,0,0,0,0,0,0,0,0,0,-61000,0,0,0,170000,231000,-61000,-61000
062780,旺宏元大01購01  ,0,0,0,0,0,0,0,0,0,-61000,0,0,0,39000,100000,-61000,-61000
063131,聯茂元大9B購03  ,0,0,0,0,0,0,0,0,0,-61000,0,0,0,59000,120000,-61000,-61000
08565P,聯發科群益9C售12,0,0,0,0,0,0,0,0,0,-62000,0,0,0,0,62000,-62000,-62000
4141,龍燈-KY         ,272000,334000,-62000,0,0,0,0,0,0,0,0,0,0,0,0,0,-62000
07864P,可成元大9B售01  ,0,0,0,0,0,0,0,0,0,-62000,0,0,0,0,62000,-62000,-62000
055894,欣興統一97購03  ,0,0,0,0,0,0,0,0,0,-62000,0,0,0,10000,72000,-62000,-62000
061197,矽創永豐9A購02  ,0,0,0,0,0,0,0,0,0,-62000,0,0,0,10000,72000,-62000,-62000
049842,道瓊反中信98購01,0,0,0,0,0,0,0,0,0,-62000,0,0,0,32000,94000,-62000,-62000
060686,康友元大9A購02  ,0,0,0,0,0,0,0,0,0,-62000,0,0,0,255000,317000,-62000,-62000
060421,華擎永豐9A購01  ,0,0,0,0,0,0,0,0,0,-62000,0,0,0,26000,88000,-62000,-62000
060411,達新永豐9A購01  ,0,0,0,0,0,0,0,0,0,-62000,0,0,0,89000,151000,-62000,-62000
058775,台積電國票9A購02,0,0,0,0,0,0,0,0,0,-62000,0,0,0,3000,65000,-62000,-62000
059456,智易永豐99購01  ,0,0,0,0,0,0,0,0,0,-62000,0,0,0,17000,79000,-62000,-62000
063249,祥碩元大9B購06  ,0,0,0,0,0,0,0,0,0,-62000,0,0,0,88000,150000,-62000,-62000
062781,微星元大9C購01  ,0,0,0,0,0,0,0,0,0,-62000,0,0,0,20000,82000,-62000,-62000
062186,晶技元大9B購05  ,0,0,0,0,0,0,0,0,0,-62000,0,0,0,7000,69000,-62000,-62000
063735,華新科元大9B購15,0,0,0,0,0,0,0,0,0,-62000,0,0,0,28000,90000,-62000,-62000
063729,國巨元大9C購08  ,0,0,0,0,0,0,0,0,0,-62000,0,0,0,9000,71000,-62000,-62000
063528,元大金凱基9B購01,0,0,0,0,0,0,0,0,0,-62000,0,0,0,25000,87000,-62000,-62000
064102,宏達電群益9C購01,0,0,0,0,0,0,0,0,0,-62000,0,0,0,7000,69000,-62000,-62000
064370,聯茂統一02購01  ,0,0,0,0,0,0,0,0,0,-62000,0,0,0,84000,146000,-62000,-62000
06836P,玉晶光國票99售06,0,0,0,0,0,0,0,0,0,-63000,0,0,0,316000,379000,-63000,-63000
064949,南亞科凱基9C購01,0,0,0,0,0,0,0,0,0,-63000,0,0,0,0,63000,-63000,-63000
08011P,玉晶光元大9B售05,0,0,0,0,0,0,0,0,0,-63000,0,0,0,1000,64000,-63000,-63000
051055,友達群益98購01  ,0,0,0,0,0,0,0,0,0,-63000,0,0,0,0,63000,-63000,-63000
057189,康控元大98購02  ,0,0,0,0,0,0,0,0,0,-63000,0,0,0,1000,64000,-63000,-63000
057460,楠梓電永豐98購03,0,0,0,0,0,0,0,0,0,-63000,0,0,0,0,63000,-63000,-63000
058608,華新科元大99購13,0,0,0,0,0,0,0,0,0,-63000,0,0,0,62000,125000,-63000,-63000
058926,勤誠元富99購01  ,0,0,0,0,0,0,0,0,0,-63000,0,0,0,0,63000,-63000,-63000
061081,宏碁兆豐9A購01  ,0,0,0,0,0,0,0,0,0,-63000,0,0,0,110000,173000,-63000,-63000
064063,健策國泰01購02  ,0,0,0,0,0,0,0,0,0,-63000,0,0,0,193000,256000,-63000,-63000
063627,上銀元大9B購09  ,0,0,0,0,0,0,0,0,0,-63000,0,0,0,10000,73000,-63000,-63000
063137,瑞昱統一01購02  ,0,0,0,0,0,0,0,0,0,-63000,0,0,0,88000,151000,-63000,-63000
08277P,嘉晶元富9C售02  ,0,0,0,0,0,0,0,0,0,-64000,0,0,0,10000,74000,-64000,-64000
064802,台積電元大01購04,0,0,0,0,0,0,0,0,0,-64000,0,0,0,0,64000,-64000,-64000
055963,欣興元大97購04  ,0,0,0,0,0,0,0,0,0,-64000,0,0,0,175000,239000,-64000,-64000
061367,瑞祺國票9A購01  ,0,0,0,0,0,0,0,0,0,-64000,0,0,0,65000,129000,-64000,-64000
057616,聯電凱基99購01  ,0,0,0,0,0,0,0,0,0,-64000,0,0,0,40000,104000,-64000,-64000
057225,華新凱基98購01  ,0,0,0,0,0,0,0,0,0,-64000,0,0,0,202000,266000,-64000,-64000
00875,國泰網路資安    ,0,0,0,0,0,0,0,0,0,-64000,0,0,0,196000,260000,-64000,-64000
060105,牧德元大9B購01  ,0,0,0,0,0,0,0,0,0,-64000,0,0,0,18000,82000,-64000,-64000
062182,華新科元大9B購07,0,0,0,0,0,0,0,0,0,-64000,0,0,0,0,64000,-64000,-64000
063966,大毅國票01購01  ,0,0,0,0,0,0,0,0,0,-64000,0,0,0,19000,83000,-64000,-64000
064457,禾伸堂統一01購02,0,0,0,0,0,0,0,0,0,-64000,0,0,0,1000,65000,-64000,-64000
064561,友達群益9C購02  ,0,0,0,0,0,0,0,0,0,-64000,0,0,0,35000,99000,-64000,-64000
064937,英業達元富9C購01,0,0,0,0,0,0,0,0,0,-65000,0,0,0,0,65000,-65000,-65000
065155,聯發科群益9C購11,0,0,0,0,0,0,0,0,0,-65000,0,0,0,59000,124000,-65000,-65000
06978P,聯發科富邦9B售02,0,0,0,0,0,0,0,0,0,-65000,0,0,0,0,65000,-65000,-65000
06884P,台郡群益98售03  ,0,0,0,0,0,0,0,0,0,-65000,0,0,0,0,65000,-65000,-65000
08117P,聯發科元富9B售04,0,0,0,0,0,0,0,0,0,-65000,0,0,0,40000,105000,-65000,-65000
054357,可成兆豐97購02  ,0,0,0,0,0,0,0,0,0,-65000,0,0,0,10000,75000,-65000,-65000
05729P,臺股指凱基97售02,0,0,0,0,0,0,0,0,0,-65000,0,0,0,5000,70000,-65000,-65000
056930,晶豪科台新98購01,0,0,0,0,0,0,0,0,0,-65000,0,0,0,0,65000,-65000,-65000
057647,欣興元大98購10  ,0,0,0,0,0,0,0,0,0,-65000,0,0,0,79000,144000,-65000,-65000
057056,立積元大99購02  ,0,0,0,0,0,0,0,0,0,-65000,0,0,0,50000,115000,-65000,-65000
056271,嘉澤統一97購01  ,0,0,0,0,0,0,0,0,0,-65000,0,0,0,25000,90000,-65000,-65000
059836,大立光國泰9B購02,0,0,0,0,0,0,0,0,0,-65000,0,0,0,15000,80000,-65000,-65000
062143,大成鋼國票9B購01,0,0,0,0,0,0,0,0,0,-65000,0,0,0,23000,88000,-65000,-65000
064468,健策元富9C購02  ,0,0,0,0,0,0,0,0,0,-65000,0,0,0,1000,66000,-65000,-65000
063942,台積電元大01購03,0,0,0,0,0,0,0,0,0,-65000,0,0,0,0,65000,-65000,-65000
063841,國巨元大01購01  ,0,0,0,0,0,0,0,0,0,-65000,0,0,0,13000,78000,-65000,-65000
063444,金像電統一03購01,0,0,0,0,0,0,0,0,0,-65000,0,0,0,30000,95000,-65000,-65000
08127P,聯發科元大9B售21,0,0,0,0,0,0,0,0,0,-66000,0,0,0,49000,115000,-66000,-66000
08182P,金像電永豐9B售01,0,0,0,0,0,0,0,0,0,-66000,0,0,0,0,66000,-66000,-66000
07051P,大立光中信99售02,0,0,0,0,0,0,0,0,0,-66000,0,0,0,0,66000,-66000,-66000
057480,技嘉元大98購03  ,0,0,0,0,0,0,0,0,0,-66000,0,0,0,10000,76000,-66000,-66000
061577,泰碩元大9A購03  ,0,0,0,0,0,0,0,0,0,-66000,0,0,0,140000,206000,-66000,-66000
055442,矽創國票98購02  ,0,0,0,0,0,0,0,0,0,-66000,0,0,0,0,66000,-66000,-66000
057390,台表科永豐98購01,0,0,0,0,0,0,0,0,0,-66000,0,0,0,199000,265000,-66000,-66000
056463,台虹凱基98購02  ,0,0,0,0,0,0,0,0,0,-66000,0,0,0,15000,81000,-66000,-66000
061780,國巨群益9C購01  ,0,0,0,0,0,0,0,0,0,-66000,0,0,0,6000,72000,-66000,-66000
058134,信邦元大99購01  ,0,0,0,0,0,0,0,0,0,-66000,0,0,0,0,66000,-66000,-66000
060451,中石化元大9C購02,0,0,0,0,0,0,0,0,0,-66000,0,0,0,38000,104000,-66000,-66000
063238,漢唐元大9B購02  ,0,0,0,0,0,0,0,0,0,-66000,0,0,0,1000,67000,-66000,-66000
062328,南亞科統一9C購01,0,0,0,0,0,0,0,0,0,-66000,0,0,0,0,66000,-66000,-66000
063697,香港反群益9C購01,0,0,0,0,0,0,0,0,0,-66000,0,0,0,0,66000,-66000,-66000
063632,金像電元大9B購04,0,0,0,0,0,0,0,0,0,-66000,0,0,0,2000,68000,-66000,-66000
064406,健策凱基03購01  ,0,0,0,0,0,0,0,0,0,-66000,0,0,0,32000,98000,-66000,-66000
053381,友達元大9A購02  ,0,0,0,0,0,0,0,0,0,-67000,0,0,0,46000,113000,-67000,-67000
051277,聯發科中信9A購01,20000,0,20000,0,0,0,0,0,0,-87000,0,0,0,134000,221000,-87000,-67000
057181,亞光元大98購02  ,0,0,0,0,0,0,0,0,0,-67000,0,0,0,73000,140000,-67000,-67000
058147,鈺齊元大99購01  ,0,0,0,0,0,0,0,0,0,-67000,0,0,0,0,67000,-67000,-67000
059920,宏達電元大99購07,0,0,0,0,0,0,0,0,0,-67000,0,0,0,141000,208000,-67000,-67000
059943,信邦永豐99購01  ,0,0,0,0,0,0,0,0,0,-67000,0,0,0,43000,110000,-67000,-67000
059597,大立光元大99購21,0,0,0,0,0,0,0,0,0,-67000,0,0,0,0,67000,-67000,-67000
064194,燿華群益9C購01  ,0,0,0,0,0,0,0,0,0,-67000,0,0,0,188000,255000,-67000,-67000
063167,同欣電永豐9B購03,0,0,0,0,0,0,0,0,0,-67000,0,0,0,1000,68000,-67000,-67000
063108,世紀鋼群益9C購01,0,0,0,0,0,0,0,0,0,-67000,0,0,0,18000,85000,-67000,-67000
064988,志超元大9C購01  ,0,0,0,0,0,0,0,0,0,-68000,0,0,0,32000,100000,-68000,-68000
064787,和潤群益9C購01  ,0,0,0,0,0,0,0,0,0,-68000,0,0,0,0,68000,-68000,-68000
08156P,大立光元富9B售05,0,0,0,0,0,0,0,0,0,-68000,0,0,0,25000,93000,-68000,-68000
08200P,祥碩元大9B售08  ,0,0,0,0,0,0,0,0,0,-68000,0,0,0,9000,77000,-68000,-68000
08379P,台積電國泰02售02,0,0,0,0,0,0,0,0,0,-68000,0,0,0,1726000,1794000,-68000,-68000
057055,立積元大99購01  ,0,0,0,0,0,0,0,0,0,-68000,0,0,0,77000,145000,-68000,-68000
056314,力成元大97購01  ,0,0,0,0,0,0,0,0,0,-68000,0,0,0,0,68000,-68000,-68000
061422,台積電元大9A購30,0,0,0,0,0,0,0,0,0,-68000,0,0,0,0,68000,-68000,-68000
057650,力成元大98購04  ,0,0,0,0,0,0,0,0,0,-68000,0,0,0,0,68000,-68000,-68000
057827,康友元大98購03  ,0,0,0,0,0,0,0,0,0,-68000,0,0,0,0,68000,-68000,-68000
054466,欣興凱基97購03  ,0,0,0,0,0,0,0,0,0,-68000,0,0,0,0,68000,-68000,-68000
056484,聯茂元大98購02  ,0,0,0,0,0,0,0,0,0,-68000,0,0,0,0,68000,-68000,-68000
058187,泰碩永豐99購01  ,0,0,0,0,0,0,0,0,0,-68000,0,0,0,0,68000,-68000,-68000
061131,崇越永豐9A購01  ,0,0,0,0,0,0,0,0,0,-68000,0,0,0,0,68000,-68000,-68000
058144,聯茂元大99購02  ,0,0,0,0,0,0,0,0,0,-68000,0,0,0,0,68000,-68000,-68000
062251,旺宏元大9B購06  ,0,0,0,0,0,0,0,0,0,-68000,0,0,0,0,68000,-68000,-68000
057923,晶豪科凱基98購02,0,0,0,0,0,0,0,0,0,-68000,0,0,0,24000,92000,-68000,-68000
057859,神達康和98購01  ,0,0,0,0,0,0,0,0,0,-68000,0,0,0,0,68000,-68000,-68000
060423,智易永豐9A購01  ,0,0,0,0,0,0,0,0,0,-68000,0,0,0,65000,133000,-68000,-68000
060365,京鼎元富9A購01  ,0,0,0,0,0,0,0,0,0,-68000,0,0,0,0,68000,-68000,-68000
058530,為升元富99購01  ,0,0,0,0,0,0,0,0,0,-68000,0,0,0,0,68000,-68000,-68000
063103,技嘉群益9B購01  ,0,0,0,0,0,0,0,0,0,-68000,0,0,0,22000,90000,-68000,-68000
06320P,上銀統一97售04  ,0,0,0,0,0,0,0,0,0,-68000,0,0,0,0,68000,-68000,-68000
063382,南茂永豐9B購01  ,0,0,0,0,0,0,0,0,0,-68000,0,0,0,0,68000,-68000,-68000
063373,晶技永豐9B購02  ,0,0,0,0,0,0,0,0,0,-68000,0,0,0,0,68000,-68000,-68000
062775,大成鋼元大9B購02,0,0,0,0,0,0,0,0,0,-68000,0,0,0,150000,218000,-68000,-68000
062768,南電凱基9B購04  ,0,0,0,0,0,0,0,0,0,-68000,0,0,0,0,68000,-68000,-68000
064230,上銀統一01購04  ,0,0,0,0,0,0,0,0,0,-68000,0,0,0,18000,86000,-68000,-68000
064314,信邦群益9C購01  ,0,0,0,0,0,0,0,0,0,-68000,0,0,0,0,68000,-68000,-68000
064241,貿聯統一02購02  ,0,0,0,0,0,0,0,0,0,-68000,0,0,0,174000,242000,-68000,-68000
064353,力成元大9C購02  ,0,0,0,0,0,0,0,0,0,-68000,0,0,0,8000,76000,-68000,-68000
063961,世紀鋼元大9C購05,0,0,0,0,0,0,0,0,0,-68000,0,0,0,0,68000,-68000,-68000
064026,建準元大9C購02  ,0,0,0,0,0,0,0,0,0,-68000,0,0,0,2000,70000,-68000,-68000
1231,聯華食          ,80000,114000,-34000,0,0,0,0,0,0,-35000,0,35000,-35000,0,0,0,-69000
08339P,上銀統一9C售04  ,0,0,0,0,0,0,0,0,0,-69000,0,0,0,31000,100000,-69000,-69000
08358P,大立光元大9C售18,0,0,0,0,0,0,0,0,0,-69000,0,0,0,15000,84000,-69000,-69000
064924,健策統一9C購05  ,0,0,0,0,0,0,0,0,0,-69000,0,0,0,2000,71000,-69000,-69000
065163,香港反元大03購01,0,0,0,0,0,0,0,0,0,-69000,0,0,0,0,69000,-69000,-69000
065128,大成鋼兆豐9C購01,0,0,0,0,0,0,0,0,0,-69000,0,0,0,0,69000,-69000,-69000
07713P,台郡元大9A售03  ,0,0,0,0,0,0,0,0,0,-69000,0,0,0,36000,105000,-69000,-69000
054977,SP黃豆元富9B購01,0,0,0,0,0,0,0,0,0,-69000,0,0,0,0,69000,-69000,-69000
056673,中石化元富9B購01,0,0,0,0,0,0,0,0,0,-69000,0,0,0,126000,195000,-69000,-69000
06037P,超眾國票98售02  ,0,0,0,0,0,0,0,0,0,-69000,0,0,0,0,69000,-69000,-69000
059351,台虹凱基99購01  ,0,0,0,0,0,0,0,0,0,-69000,0,0,0,113000,182000,-69000,-69000
061823,勤誠群益9B購01  ,0,0,0,0,0,0,0,0,0,-69000,0,0,0,1000,70000,-69000,-69000
064354,同欣電元大9C購05,0,0,0,0,0,0,0,0,0,-69000,0,0,0,92000,161000,-69000,-69000
064729,聯茂統一02購02  ,0,0,0,0,0,0,0,0,0,-69000,0,0,0,104000,173000,-69000,-69000
062629,聯發科國票9C購01,0,0,0,0,0,0,0,0,0,-69000,0,0,0,2000,71000,-69000,-69000
062982,同欣電元富9B購01,0,0,0,0,0,0,0,0,0,-69000,0,0,0,88000,157000,-69000,-69000
8996,高力            ,85000,154000,-69000,0,0,0,0,0,0,0,0,0,0,0,0,0,-69000
07685P,玉晶光凱基9B售03,0,0,0,0,0,0,0,0,0,-70000,0,0,0,115000,185000,-70000,-70000
07982P,全新群益9B售04  ,0,0,0,0,0,0,0,0,0,-70000,0,0,0,0,70000,-70000,-70000
07720P,臺股指群益9A售09,0,0,0,0,0,0,0,0,0,-70000,0,0,0,50000,120000,-70000,-70000
08294P,台積電元大9C售06,0,0,0,0,0,0,0,0,0,-70000,0,0,0,0,70000,-70000,-70000
08380P,GIS元大9C售06   ,0,0,0,0,0,0,0,0,0,-70000,0,0,0,4000,74000,-70000,-70000
08459P,聯發科兆豐9C售04,0,0,0,0,0,0,0,0,0,-70000,0,0,0,10000,80000,-70000,-70000
08555P,超眾國票01售01  ,0,0,0,0,0,0,0,0,0,-70000,0,0,0,0,70000,-70000,-70000
2228,劍麟            ,55000,129000,-74000,0,0,0,13000,0,13000,-9000,0,4000,-4000,0,5000,-5000,-70000
1795,美時            ,443000,211000,232000,0,0,0,0,302000,-302000,0,0,0,0,0,0,0,-70000
056146,台虹元大98購01  ,0,0,0,0,0,0,0,0,0,-70000,0,0,0,0,70000,-70000,-70000
055093,京鼎群益98購01  ,0,0,0,0,0,0,0,0,0,-70000,0,0,0,0,70000,-70000,-70000
03427B,臺股指元大9A熊02,0,0,0,0,0,0,0,0,0,-70000,0,0,0,15000,85000,-70000,-70000
045189,大立光元富98購01,0,0,0,0,0,0,0,0,0,-70000,0,0,0,0,70000,-70000,-70000
061682,南電元大9B購01  ,0,0,0,0,0,0,0,0,0,-70000,0,0,0,17000,87000,-70000,-70000
059329,台灣50國票99購09,0,0,0,0,0,0,0,0,0,-70000,0,0,0,0,70000,-70000,-70000
060384,葡萄王凱基9B購01,0,0,0,0,0,0,0,0,0,-70000,0,0,0,30000,100000,-70000,-70000
060632,可成富邦9B購01  ,0,0,0,0,0,0,0,0,0,-70000,0,0,0,85000,155000,-70000,-70000
060621,玉晶光元大9A購05,0,0,0,0,0,0,0,0,0,-70000,0,0,0,17000,87000,-70000,-70000
060895,華新科凱基9B購05,0,0,0,0,0,0,0,0,0,-70000,0,0,0,0,70000,-70000,-70000
060194,旭富元富9A購01  ,0,0,0,0,0,0,0,0,0,-70000,0,0,0,108000,178000,-70000,-70000
059215,台積電元大99購28,0,0,0,0,0,0,0,0,0,-70000,0,0,0,0,70000,-70000,-70000
058941,華新科中信99購03,0,0,0,0,0,0,0,0,0,-70000,0,0,0,115000,185000,-70000,-70000
062564,矽創凱基9B購01  ,0,0,0,0,0,0,0,0,0,-70000,0,0,0,72000,142000,-70000,-70000
062316,康控凱基9B購03  ,0,0,0,0,0,0,0,0,0,-70000,0,0,0,6000,76000,-70000,-70000
064480,聚陽永豐9C購01  ,0,0,0,0,0,0,0,0,0,-70000,0,0,0,11000,81000,-70000,-70000
064481,技嘉永豐9C購01  ,0,0,0,0,0,0,0,0,0,-70000,0,0,0,0,70000,-70000,-70000
2467,志聖            ,63000,134000,-71000,0,0,0,0,0,0,0,0,0,0,0,0,0,-71000
08549P,大立光元大9C售25,0,0,0,0,0,0,0,0,0,-71000,0,0,0,0,71000,-71000,-71000
08336P,聯發科中信9C售05,0,0,0,0,0,0,0,0,0,-71000,0,0,0,78000,149000,-71000,-71000
07791P,奇鋐元大9A售02  ,0,0,0,0,0,0,0,0,0,-71000,0,0,0,0,71000,-71000,-71000
07217P,大立光凱基9A售05,0,0,0,0,0,0,0,0,0,-71000,0,0,0,0,71000,-71000,-71000
065197,景碩元富06購01  ,0,0,0,0,0,0,0,0,0,-71000,0,0,0,71000,142000,-71000,-71000
065272,聯茂元大9C購05  ,0,0,0,0,0,0,0,0,0,-71000,0,0,0,9000,80000,-71000,-71000
059424,SGBR2X元大9A購01,0,0,0,0,0,0,0,0,0,-71000,0,0,0,53000,124000,-71000,-71000
060960,金像電凱基9B購01,0,0,0,0,0,0,0,0,0,-71000,0,0,0,10000,81000,-71000,-71000
058518,玉晶光元大99購13,0,0,0,0,0,0,0,0,0,-71000,0,0,0,20000,91000,-71000,-71000
058495,元大金群益9B購01,0,0,0,0,0,0,0,0,0,-71000,0,0,0,29000,100000,-71000,-71000
064576,世紀鋼群益01購01,0,0,0,0,0,0,0,0,0,-71000,0,0,0,0,71000,-71000,-71000
063905,健策麥證02購01  ,0,0,0,10000,81000,-71000,0,0,0,-71000,0,0,0,10000,81000,-71000,-71000
063511,南電群益9B購02  ,0,0,0,0,0,0,0,0,0,-71000,0,0,0,11000,82000,-71000,-71000
063012,技嘉元大9B購01  ,0,0,0,0,0,0,0,0,0,-71000,0,0,0,53000,124000,-71000,-71000
06725P,聯電元富98售01  ,0,0,0,0,0,0,0,0,0,-72000,0,0,0,40000,112000,-72000,-72000
08529P,臻鼎元大9C售03  ,0,0,0,0,0,0,0,0,0,-72000,0,0,0,6000,78000,-72000,-72000
08482P,亞德客群益9C售02,0,0,0,0,0,0,0,0,0,-72000,0,0,0,35000,107000,-72000,-72000
00717,富邦美國特別股  ,4000,4000,0,0,0,0,0,0,0,-72000,0,0,0,801000,873000,-72000,-72000
057537,聯茂元大98購04  ,0,0,0,0,0,0,0,0,0,-72000,0,0,0,0,72000,-72000,-72000
061085,聯茂兆豐9A購01  ,0,0,0,0,0,0,0,0,0,-72000,0,0,0,164000,236000,-72000,-72000
062128,祥碩統一01購01  ,0,0,0,0,0,0,0,0,0,-72000,0,0,0,15000,87000,-72000,-72000
058735,南茂永豐99購01  ,0,0,0,0,0,0,0,0,0,-72000,0,0,0,108000,180000,-72000,-72000
059036,可成群益9B購03  ,0,0,0,0,0,0,0,0,0,-72000,0,0,0,30000,102000,-72000,-72000
063021,大立光元大9C購05,0,0,0,0,0,0,0,0,0,-72000,0,0,0,10000,82000,-72000,-72000
063179,群創兆豐9B購01  ,0,0,0,0,0,0,0,0,0,-72000,0,0,0,15000,87000,-72000,-72000
062494,中石化中信9C購01,0,0,0,0,0,0,0,0,0,-72000,0,0,0,0,72000,-72000,-72000
062665,智易群益9B購01  ,0,0,0,0,0,0,0,0,0,-72000,0,0,0,35000,107000,-72000,-72000
063671,GIS統一01購01   ,0,0,0,0,0,0,0,0,0,-72000,0,0,0,133000,205000,-72000,-72000
064730,超眾統一02購02  ,0,0,0,0,0,0,0,0,0,-72000,0,0,0,200000,272000,-72000,-72000
07719P,臺股指群益9A售08,0,0,0,0,0,0,0,0,0,-73000,0,0,0,11000,84000,-73000,-73000
057057,立積元大9A購01  ,0,0,0,0,0,0,0,0,0,-73000,0,0,0,3000,76000,-73000,-73000
061437,燿華凱基9A購01  ,0,0,0,0,0,0,0,0,0,-73000,0,0,0,1000,74000,-73000,-73000
060342,台積電統一02購01,0,0,0,0,0,0,0,0,0,-73000,0,0,0,0,73000,-73000,-73000
059277,群創元大99購05  ,0,0,0,0,0,0,0,0,0,-73000,0,0,0,7000,80000,-73000,-73000
060469,台勝科元大9A購02,0,0,0,0,0,0,0,0,0,-73000,0,0,0,96000,169000,-73000,-73000
058408,華通兆豐99購02  ,0,0,0,0,0,0,0,0,0,-73000,0,0,0,0,73000,-73000,-73000
07851P,聯發科國票9A售05,0,0,0,0,0,0,0,0,0,-74000,0,0,0,133000,207000,-74000,-74000
06984P,上銀富邦9B售01  ,0,0,0,0,0,0,0,0,0,-74000,0,0,0,36000,110000,-74000,-74000
065100,聯茂元大9C購04  ,0,0,0,0,0,0,0,0,0,-74000,0,0,0,140000,214000,-74000,-74000
08486P,富邦金群益9C售02,0,0,0,0,0,0,0,0,0,-74000,0,0,0,25000,99000,-74000,-74000
057820,華擎元大98購02  ,0,0,0,0,0,0,0,0,0,-74000,0,0,0,0,74000,-74000,-74000
060616,宏碁元大9A購02  ,0,0,0,0,0,0,0,0,0,-74000,0,0,0,0,74000,-74000,-74000
061718,GIS凱基9B購01   ,0,0,0,0,0,0,0,0,0,-74000,0,0,0,67000,141000,-74000,-74000
061912,台積電中信05購05,0,0,0,0,0,0,0,0,0,-74000,0,0,0,0,74000,-74000,-74000
060199,台郡元富9A購01  ,0,0,0,0,0,0,0,0,0,-74000,0,0,0,0,74000,-74000,-74000
064482,微星永豐9C購01  ,0,0,0,0,0,0,0,0,0,-74000,0,0,0,66000,140000,-74000,-74000
064411,台表科凱基02購01,0,0,0,0,0,0,0,0,0,-74000,0,0,0,116000,190000,-74000,-74000
063477,訊芯元大9B購01  ,0,0,0,0,0,0,0,0,0,-74000,0,0,0,37000,111000,-74000,-74000
8249,菱光            ,68000,142000,-74000,0,0,0,0,0,0,0,0,0,0,0,0,0,-74000
08526P,義隆元大9C售04  ,0,0,0,0,0,0,0,0,0,-75000,0,0,0,0,75000,-75000,-75000
08042P,臺股指群益9B售15,0,0,0,0,0,0,0,0,0,-75000,0,0,0,65000,140000,-75000,-75000
056769,國產元大98購01  ,0,0,0,0,0,0,0,0,0,-75000,0,0,0,116000,191000,-75000,-75000
061293,聯茂統一9A購01  ,0,0,0,0,0,0,0,0,0,-75000,0,0,0,112000,187000,-75000,-75000
057580,玉山金中信9A購01,0,0,0,0,0,0,0,0,0,-75000,0,0,0,0,75000,-75000,-75000
057449,華新科元富99購02,0,0,0,0,0,0,0,0,0,-75000,0,0,0,1000,76000,-75000,-75000
054558,劍麟群益99購01  ,0,0,0,0,0,0,0,0,0,-75000,0,0,0,0,75000,-75000,-75000
061455,京元電凱基9B購01,0,0,0,0,0,0,0,0,0,-75000,0,0,0,54000,129000,-75000,-75000
061157,聯鈞群益9A購02  ,0,0,0,0,0,0,0,0,0,-75000,0,0,0,50000,125000,-75000,-75000
062277,廣達群益9B購01  ,0,0,0,0,0,0,0,0,0,-75000,0,0,0,18000,93000,-75000,-75000
062091,世紀鋼元大9B購01,0,0,0,0,0,0,0,0,0,-75000,0,0,0,90000,165000,-75000,-75000
060599,國巨凱基9C購01  ,0,0,0,0,0,0,0,0,0,-75000,0,0,0,170000,245000,-75000,-75000
062359,旺宏元大9C購02  ,0,0,0,0,0,0,0,0,0,-75000,0,0,0,0,75000,-75000,-75000
064367,貿聯統一01購02  ,0,0,0,0,0,0,0,0,0,-75000,0,0,0,136000,211000,-75000,-75000
063543,技嘉台新9B購02  ,0,0,0,0,0,0,0,0,0,-75000,0,0,0,38000,113000,-75000,-75000
08274P,台積電元富9C售02,0,0,0,0,0,0,0,0,0,-76000,0,0,0,0,76000,-76000,-76000
065127,世芯永豐9C購03  ,0,0,0,0,0,0,0,0,0,-76000,0,0,0,210000,286000,-76000,-76000
07366P,國巨康和99售02  ,0,0,0,0,0,0,0,0,0,-76000,0,0,0,619000,695000,-76000,-76000
07466P,亞德客元大9A售02,0,0,0,0,0,0,0,0,0,-76000,0,0,0,69000,145000,-76000,-76000
056936,禾伸堂元富98購01,0,0,0,0,0,0,0,0,0,-76000,0,0,0,0,76000,-76000,-76000
061525,華新科凱基9A購13,0,0,0,0,0,0,0,0,0,-76000,0,0,0,0,76000,-76000,-76000
060723,致新永豐9A購01  ,0,0,0,0,0,0,0,0,0,-76000,0,0,0,19000,95000,-76000,-76000
061945,華通群益9B購04  ,0,0,0,0,0,0,0,0,0,-76000,0,0,0,1000,77000,-76000,-76000
058630,日月光國票9A購01,0,0,0,0,0,0,0,0,0,-76000,0,0,0,11000,87000,-76000,-76000
063648,台表科元大9C購05,0,0,0,0,0,0,0,0,0,-76000,0,0,0,88000,164000,-76000,-76000
062831,嘉澤群益9B購01  ,0,0,0,0,0,0,0,0,0,-76000,0,0,0,0,76000,-76000,-76000
063100,聚陽群益9C購02  ,0,0,0,0,0,0,0,0,0,-76000,0,0,0,21000,97000,-76000,-76000
065079,致茂元大9C購01  ,0,0,0,0,0,0,0,0,0,-77000,0,0,0,14000,91000,-77000,-77000
4906,正文            ,453000,539000,-86000,0,0,0,100000,0,100000,-91000,13000,4000,9000,4000,104000,-100000,-77000
055795,茂林國泰98購01  ,0,0,0,0,0,0,0,0,0,-77000,0,0,0,0,77000,-77000,-77000
056584,鴻海統一9B購01  ,0,0,0,0,0,0,0,0,0,-77000,0,0,0,1899000,1976000,-77000,-77000
053088,奇鋐元大98購01  ,0,0,0,0,0,0,0,0,0,-77000,0,0,0,0,77000,-77000,-77000
059530,華新科凱基9A購05,0,0,0,0,0,0,0,0,0,-77000,0,0,0,48000,125000,-77000,-77000
062107,台光電國票9B購01,0,0,0,0,0,0,0,0,0,-77000,0,0,0,4000,81000,-77000,-77000
058377,茂林凱基9A購03  ,0,0,0,0,0,0,0,0,0,-77000,0,0,0,18000,95000,-77000,-77000
062017,京鼎永豐9B購01  ,0,0,0,0,0,0,0,0,0,-77000,0,0,0,20000,97000,-77000,-77000
063664,漢唐統一9C購01  ,0,0,0,0,0,0,0,0,0,-77000,0,0,0,78000,155000,-77000,-77000
063908,國巨凱基9C購06  ,0,0,0,0,0,0,0,0,0,-77000,0,0,0,44000,121000,-77000,-77000
6251,定穎            ,458000,515000,-57000,0,0,0,0,0,0,-20000,0,20000,-20000,0,0,0,-77000
07216P,大立光凱基99售08,0,0,0,0,0,0,0,0,0,-78000,0,0,0,0,78000,-78000,-78000
056555,矽創凱基98購01  ,0,0,0,0,0,0,0,0,0,-78000,0,0,0,18000,96000,-78000,-78000
057374,禾伸堂元大99購03,0,0,0,0,0,0,0,0,0,-78000,0,0,0,0,78000,-78000,-78000
056504,國巨永豐98購02  ,0,0,0,0,0,0,0,0,0,-78000,0,0,0,27000,105000,-78000,-78000
057112,立積群益99購01  ,0,0,0,0,0,0,0,0,0,-78000,0,0,0,80000,158000,-78000,-78000
060857,旭富富邦9B購01  ,0,0,0,0,0,0,0,0,0,-78000,0,0,0,62000,140000,-78000,-78000
062106,華邦電國票9B購02,0,0,0,0,0,0,0,0,0,-78000,0,0,0,0,78000,-78000,-78000
064145,宏碁統一02購01  ,0,0,0,0,0,0,0,0,0,-78000,0,0,0,17000,95000,-78000,-78000
063765,上銀元富9B購09  ,0,0,0,0,0,0,0,0,0,-78000,0,0,0,20000,98000,-78000,-78000
062467,國巨凱基9B購08  ,0,0,0,0,0,0,0,0,0,-78000,0,0,0,5000,83000,-78000,-78000
062496,矽創中信9B購01  ,0,0,0,0,0,0,0,0,0,-78000,0,0,0,393000,471000,-78000,-78000
063395,金像電群益9B購02,0,0,0,0,0,0,0,0,0,-78000,0,0,0,20000,98000,-78000,-78000
065267,聯鈞元大9C購02  ,0,0,0,0,0,0,0,0,0,-79000,0,0,0,0,79000,-79000,-79000
056365,欣興元大98購01  ,0,0,0,0,0,0,0,0,0,-79000,0,0,0,70000,149000,-79000,-79000
061415,健策群益9A購04  ,0,0,0,0,0,0,0,0,0,-79000,0,0,0,51000,130000,-79000,-79000
054309,禾伸堂凱基98購01,0,0,0,0,0,0,0,0,0,-79000,0,0,0,0,79000,-79000,-79000
059029,旺宏兆豐99購01  ,0,0,0,0,0,0,0,0,0,-79000,0,0,0,1958000,2037000,-79000,-79000
062591,新日興統一9C購01,10000,0,10000,0,0,0,0,0,0,-89000,0,0,0,716000,805000,-89000,-79000
064007,嘉澤凱基02購01  ,0,0,0,0,0,0,0,0,0,-79000,0,0,0,0,79000,-79000,-79000
064697,健策群益01購02  ,0,0,0,0,0,0,0,0,0,-79000,0,0,0,53000,132000,-79000,-79000
06597P,國巨富邦9A售05  ,0,0,0,0,0,0,0,0,0,-80000,0,0,0,0,80000,-80000,-80000
06478P,臺股指日盛9A售01,0,0,0,0,0,0,0,0,0,-80000,0,0,0,0,80000,-80000,-80000
07034P,大立光元富99售03,0,0,0,0,0,0,0,0,0,-80000,0,0,0,0,80000,-80000,-80000
07164P,臺股指群益99售15,0,0,0,0,0,0,0,0,0,-80000,0,0,0,24000,104000,-80000,-80000
06824P,台灣50國票99售02,0,0,0,0,0,0,0,0,0,-80000,0,0,0,38000,118000,-80000,-80000
08075P,聯電群益9C售01  ,0,0,0,0,0,0,0,0,0,-80000,0,0,0,5000,85000,-80000,-80000
055109,正崴凱基98購01  ,0,0,0,0,0,0,0,0,0,-80000,0,0,0,0,80000,-80000,-80000
053784,奇力新元大97購02,0,0,0,0,0,0,0,0,0,-80000,0,0,0,0,80000,-80000,-80000
053965,聯電元大98購04  ,0,0,0,0,0,0,0,0,0,-80000,0,0,0,392000,472000,-80000,-80000
056583,昇陽半元大98購02,0,0,0,0,0,0,0,0,0,-80000,0,0,0,39000,119000,-80000,-80000
056602,嘉澤國泰99購01  ,0,0,0,0,0,0,0,0,0,-80000,0,0,0,10000,90000,-80000,-80000
055288,日電貿元大97購02,0,0,0,0,0,0,0,0,0,-80000,0,0,0,0,80000,-80000,-80000
061617,微星群益9A購02  ,0,0,0,0,0,0,0,0,0,-80000,0,0,0,36000,116000,-80000,-80000
056279,新日興富邦99購01,0,0,0,0,0,0,0,0,0,-80000,0,0,0,5000,85000,-80000,-80000
061471,台積電元大9A購31,0,0,0,0,0,0,0,0,0,-80000,0,0,0,0,80000,-80000,-80000
059183,T50反1台新03購02,0,0,0,0,0,0,0,0,0,-80000,0,0,0,0,80000,-80000,-80000
061953,台積電台新9B購04,0,0,0,0,0,0,0,0,0,-80000,0,0,0,2000,82000,-80000,-80000
058441,T50反1台新03購01,0,0,0,0,0,0,0,0,0,-80000,0,0,0,0,80000,-80000,-80000
06431P,新日興元大97售05,0,0,0,0,0,0,0,0,0,-80000,0,0,0,0,80000,-80000,-80000
064445,聚陽統一02購01  ,0,0,0,0,0,0,0,0,0,-80000,0,0,0,20000,100000,-80000,-80000
063992,大立光中信9C購03,0,0,0,0,0,0,0,0,0,-80000,0,0,0,0,80000,-80000,-80000
063823,T50反1國票01購02,0,0,0,0,0,0,0,0,0,-80000,0,0,0,100000,180000,-80000,-80000
062568,緯穎中信9C購01  ,0,0,0,0,0,0,0,0,0,-80000,0,0,0,0,80000,-80000,-80000
062550,啟碁永豐9B購01  ,0,0,0,0,0,0,0,0,0,-80000,0,0,0,0,80000,-80000,-80000
062677,儒鴻統一01購01  ,0,0,0,0,0,0,0,0,0,-80000,0,0,0,20000,100000,-80000,-80000
062709,帆宣元大9B購01  ,0,0,0,0,0,0,0,0,0,-80000,0,0,0,0,80000,-80000,-80000
057444,台泥元富98購01  ,0,0,0,0,0,0,0,0,0,-81000,0,0,0,24000,105000,-81000,-81000
00673R,元大S&P原油反1  ,0,0,0,0,0,0,0,0,0,-81000,0,0,0,68000,149000,-81000,-81000
061054,台積電群益9A購04,0,0,0,0,0,0,0,0,0,-81000,0,0,0,1000,82000,-81000,-81000
061655,微星國票9A購01  ,0,0,0,0,0,0,0,0,0,-81000,0,0,0,0,81000,-81000,-81000
058911,茂林元大99購04  ,0,0,0,0,0,0,0,0,0,-81000,0,0,0,80000,161000,-81000,-81000
061134,大成鋼統一9C購01,0,0,0,0,0,0,0,0,0,-81000,0,0,0,0,81000,-81000,-81000
062351,瑞祺群益9C購01  ,0,0,0,0,0,0,0,0,0,-81000,0,0,0,505000,586000,-81000,-81000
065285,宏碁群益01購01  ,0,0,0,0,0,0,0,0,0,-82000,0,0,0,0,82000,-82000,-82000
056459,茂林凱基99購01  ,0,0,0,0,0,0,0,0,0,-82000,0,0,0,53000,135000,-82000,-82000
058190,貿聯永豐99購01  ,0,0,0,0,0,0,0,0,0,-82000,0,0,0,0,82000,-82000,-82000
060967,鈺齊凱基9A購02  ,0,0,0,0,0,0,0,0,0,-82000,0,0,0,50000,132000,-82000,-82000
060945,緯穎國票9A購02  ,0,0,0,0,0,0,0,0,0,-82000,0,0,0,3000,85000,-82000,-82000
061933,光寶科國票9B購01,0,0,0,0,0,0,0,0,0,-82000,0,0,0,171000,253000,-82000,-82000
057956,全新元大99購04  ,0,0,0,0,0,0,0,0,0,-82000,0,0,0,18000,100000,-82000,-82000
060320,元金2X群益02購01,0,0,0,0,0,0,0,0,0,-82000,0,0,0,23000,105000,-82000,-82000
062954,世芯永豐9B購03  ,0,0,0,0,0,0,0,0,0,-82000,0,0,0,13000,95000,-82000,-82000
063539,世紀鋼統一9B購02,0,0,0,0,0,0,0,0,0,-82000,0,0,0,0,82000,-82000,-82000
064654,元金2X元大9C購03,0,0,0,0,0,0,0,0,0,-82000,0,0,0,0,82000,-82000,-82000
07444P,聯發科凱基9A售10,0,0,0,0,0,0,0,0,0,-83000,0,0,0,20000,103000,-83000,-83000
08384P,臺股指群益9C售12,0,0,0,0,0,0,0,0,0,-83000,0,0,0,6000,89000,-83000,-83000
056054,亞德客元大97購05,0,0,0,0,0,0,0,0,0,-83000,0,0,0,159000,242000,-83000,-83000
056429,華通凱基98購02  ,0,0,0,0,0,0,0,0,0,-83000,0,0,0,73000,156000,-83000,-83000
056835,聯電元富99購01  ,0,0,0,0,0,0,0,0,0,-83000,0,0,0,127000,210000,-83000,-83000
061039,台表科永豐9A購03,0,0,0,0,0,0,0,0,0,-83000,0,0,0,133000,216000,-83000,-83000
059199,欣興永豐99購02  ,0,0,0,0,0,0,0,0,0,-83000,0,0,0,0,83000,-83000,-83000
05958P,聯發科國票97售04,0,0,0,0,0,0,0,0,0,-83000,0,0,0,10000,93000,-83000,-83000
058261,大立光富邦03購01,0,0,0,0,0,0,0,0,0,-83000,0,0,0,0,83000,-83000,-83000
063959,GIS元大9C購02   ,0,0,0,0,0,0,0,0,0,-83000,0,0,0,95000,178000,-83000,-83000
062444,大立光元大9C購01,0,0,0,0,0,0,0,0,0,-83000,0,0,0,16000,99000,-83000,-83000
06744P,嘉聯益永豐98售03,0,0,0,0,0,0,0,0,0,-84000,0,0,0,54000,138000,-84000,-84000
06959P,鴻海凱基9A售02  ,0,0,0,0,0,0,0,0,0,-84000,0,0,0,0,84000,-84000,-84000
061595,智易永豐9A購02  ,0,0,0,0,0,0,0,0,0,-84000,0,0,0,0,84000,-84000,-84000
056345,嘉聯益凱基99購01,0,0,0,0,0,0,0,0,0,-84000,0,0,0,78000,162000,-84000,-84000
056710,漢唐永豐98購01  ,0,0,0,0,0,0,0,0,0,-84000,0,0,0,0,84000,-84000,-84000
059940,微星永豐99購01  ,0,0,0,0,0,0,0,0,0,-84000,0,0,0,30000,114000,-84000,-84000
059195,國巨永豐99購04  ,0,0,0,0,0,0,0,0,0,-84000,0,0,0,28000,112000,-84000,-84000
059068,台虹國票9A購01  ,0,0,0,0,0,0,0,0,0,-84000,0,0,0,54000,138000,-84000,-84000
057917,台積電凱基98購17,0,0,0,0,0,0,0,0,0,-84000,0,0,0,0,84000,-84000,-84000
062069,喬山元大9B購01  ,0,0,0,0,0,0,0,0,0,-84000,0,0,0,5000,89000,-84000,-84000
065124,燿華永豐9C購03  ,0,0,0,0,0,0,0,0,0,-85000,0,0,0,0,85000,-85000,-85000
06594P,立積元大98售01  ,0,0,0,0,0,0,0,0,0,-85000,0,0,0,0,85000,-85000,-85000
065026,世紀鋼永豐9C購02,0,0,0,0,0,0,0,0,0,-85000,0,0,0,0,85000,-85000,-85000
065024,華擎永豐9C購01  ,0,0,0,0,0,0,0,0,0,-85000,0,0,0,0,85000,-85000,-85000
08470P,世芯凱基9C售02  ,0,0,0,0,0,0,0,0,0,-85000,0,0,0,0,85000,-85000,-85000
08523P,金像電元大9C售06,0,0,0,0,0,0,0,0,0,-85000,0,0,0,0,85000,-85000,-85000
08546P,可成中信9C售02  ,0,0,0,0,0,0,0,0,0,-85000,0,0,0,0,85000,-85000,-85000
08298P,大立光國票9C售01,0,0,0,0,0,0,0,0,0,-85000,0,0,0,0,85000,-85000,-85000
056269,新日興統一98購01,0,0,0,0,0,0,0,0,0,-85000,0,0,0,120000,205000,-85000,-85000
056211,南港國票98購01  ,0,25000,-25000,0,0,0,0,0,0,-60000,0,0,0,76000,136000,-60000,-85000
057385,光罩永豐99購01  ,0,0,0,0,0,0,0,0,0,-85000,0,0,0,0,85000,-85000,-85000
062246,力山元大9B購02  ,0,0,0,0,0,0,0,0,0,-85000,0,0,0,0,85000,-85000,-85000
061668,信邦中信9B購01  ,0,0,0,0,0,0,0,0,0,-85000,0,0,0,0,85000,-85000,-85000
061925,禾伸堂凱基9C購01,0,0,0,0,0,0,0,0,0,-85000,0,0,0,25000,110000,-85000,-85000
060551,大立光凱基9B購02,0,0,0,0,0,0,0,0,0,-85000,0,0,0,20000,105000,-85000,-85000
059101,康控統一9A購01  ,0,0,0,0,0,0,0,0,0,-85000,0,0,0,165000,250000,-85000,-85000
061490,茂林兆豐9B購01  ,0,0,0,0,0,0,0,0,0,-85000,0,0,0,0,85000,-85000,-85000
060879,華新科中信9A購02,0,0,0,0,0,0,0,0,0,-85000,0,0,0,0,85000,-85000,-85000
058877,T50反1國泰9B購01,0,0,0,0,0,0,0,0,0,-85000,0,0,0,110000,195000,-85000,-85000
058581,大立光群益99購05,0,0,0,0,0,0,0,0,0,-85000,0,0,0,13000,98000,-85000,-85000
061969,大立光統一01購02,0,0,0,0,0,0,0,0,0,-85000,0,0,0,0,85000,-85000,-85000
062490,聯茂永豐9B購01  ,0,0,0,0,0,0,0,0,0,-85000,0,0,0,0,85000,-85000,-85000
063206,貿聯統一9C購02  ,0,0,0,0,0,0,0,0,0,-85000,0,0,0,124000,209000,-85000,-85000
063595,燿華中信9B購02  ,0,0,0,0,0,0,0,0,0,-85000,0,0,0,0,85000,-85000,-85000
064415,群創麥證9C購01  ,0,0,0,0,85000,-85000,0,0,0,-85000,0,0,0,0,85000,-85000,-85000
1338,廣華-KY         ,43000,130000,-87000,0,0,0,0,0,0,1000,0,0,0,1000,0,1000,-86000
00668,國泰美國道瓊    ,0,240000,-240000,0,0,0,0,0,0,154000,0,0,0,246000,92000,154000,-86000
057451,大立光元富9B購01,0,0,0,0,0,0,0,0,0,-86000,0,0,0,0,86000,-86000,-86000
061447,鴻海中信04購02  ,0,0,0,0,0,0,0,0,0,-86000,0,0,0,0,86000,-86000,-86000
060806,華新科群益9A購03,0,0,0,0,0,0,0,0,0,-86000,0,0,0,0,86000,-86000,-86000
061920,台積電凱基9C購02,0,0,0,0,0,0,0,0,0,-86000,0,0,0,10000,96000,-86000,-86000
064413,世紀鋼凱基02購01,0,0,0,0,0,0,0,0,0,-86000,0,0,0,0,86000,-86000,-86000
064629,和潤元大9C購01  ,0,0,0,0,0,0,0,0,0,-86000,0,0,0,40000,126000,-86000,-86000
063986,聯發科富邦02購01,0,0,0,0,0,0,0,0,0,-86000,0,0,0,449000,535000,-86000,-86000
06296P,燿華元大98售01  ,0,0,0,0,0,0,0,0,0,-86000,0,0,0,0,86000,-86000,-86000
062466,FBVIX凱基9B購01 ,0,0,0,0,0,0,0,0,0,-86000,0,0,0,170000,256000,-86000,-86000
064938,華新科元富9C購01,0,0,0,0,0,0,0,0,0,-87000,0,0,0,0,87000,-87000,-87000
064903,新唐群益9C購01  ,0,0,0,0,0,0,0,0,0,-87000,0,0,0,104000,191000,-87000,-87000
056888,元油2X元大99購06,0,0,0,0,0,0,0,0,0,-87000,0,0,0,0,87000,-87000,-87000
062268,力山群益9B購01  ,0,0,0,0,0,0,0,0,0,-87000,0,0,0,15000,102000,-87000,-87000
057872,旺宏元大99購06  ,0,0,0,0,0,0,0,0,0,-87000,0,0,0,75000,162000,-87000,-87000
060285,聯電元大9C購01  ,0,0,0,0,0,0,0,0,0,-87000,0,0,0,0,87000,-87000,-87000
062698,台積電元大01購01,0,0,0,0,0,0,0,0,0,-87000,0,0,0,548000,635000,-87000,-87000
063162,國喬永豐9B購01  ,0,0,0,0,0,0,0,0,0,-87000,0,0,0,28000,115000,-87000,-87000
063195,訊連元富9B購01  ,0,0,0,0,0,0,0,0,0,-87000,0,0,0,50000,137000,-87000,-87000
063321,泰鼎群益9B購03  ,0,0,0,0,0,0,0,0,0,-87000,0,0,0,13000,100000,-87000,-87000
063402,GIS群益9B購02   ,0,0,0,0,0,0,0,0,0,-87000,0,0,0,153000,240000,-87000,-87000
063878,國巨元富9C購01  ,0,0,0,0,0,0,0,0,0,-87000,0,0,0,713000,800000,-87000,-87000
064446,聚陽統一02購02  ,0,0,0,0,0,0,0,0,0,-87000,0,0,0,135000,222000,-87000,-87000
057817,景碩元大98購01  ,0,0,0,0,0,0,0,0,0,-88000,0,0,0,28000,116000,-88000,-88000
061390,大立光群益9A購04,0,0,0,0,0,0,0,0,0,-88000,0,0,0,25000,113000,-88000,-88000
056398,南茂永豐98購01  ,0,0,0,0,0,0,0,0,0,-88000,0,0,0,92000,180000,-88000,-88000
058796,可成元大99購04  ,0,0,0,0,0,0,0,0,0,-88000,0,0,0,0,88000,-88000,-88000
063915,祥碩凱基01購01  ,0,0,0,0,0,0,0,0,0,-88000,0,0,0,94000,182000,-88000,-88000
062565,漢唐中信9C購01  ,0,0,0,0,0,0,0,0,0,-88000,0,0,0,0,88000,-88000,-88000
064940,智伸科元富9C購01,0,0,0,0,0,0,0,0,0,-89000,0,0,0,352000,441000,-89000,-89000
08272P,鴻海元富9C售02  ,0,0,0,0,0,0,0,0,0,-89000,0,0,0,13000,102000,-89000,-89000
3062,建漢            ,330000,419000,-89000,0,0,0,0,0,0,0,0,0,0,0,0,0,-89000
055481,聚陽元大97購01  ,0,0,0,0,0,0,0,0,0,-89000,0,0,0,0,89000,-89000,-89000
060433,億豐永豐9A購01  ,0,0,0,0,0,0,0,0,0,-89000,0,0,0,0,89000,-89000,-89000
060476,瑞祺元大9A購02  ,0,0,0,0,0,0,0,0,0,-89000,0,0,0,21000,110000,-89000,-89000
061650,南電元大9A購07  ,0,0,0,0,0,0,0,0,0,-89000,0,0,0,1000,90000,-89000,-89000
063245,富邦金元大9B購03,0,0,0,0,0,0,0,0,0,-89000,0,0,0,0,89000,-89000,-89000
064148,瑞昱統一02購01  ,0,0,0,0,0,0,0,0,0,-89000,0,0,0,1000,90000,-89000,-89000
063693,智易永豐9B購02  ,0,0,0,0,0,0,0,0,0,-89000,0,0,0,35000,124000,-89000,-89000
06371P,茂林國票98售04  ,0,0,0,0,0,0,0,0,0,-89000,0,0,0,10000,99000,-89000,-89000
064161,世芯統一01購02  ,0,0,0,0,0,0,0,0,0,-89000,0,0,0,19000,108000,-89000,-89000
07686P,祥碩凱基9A售02  ,0,0,0,0,0,0,0,0,0,-90000,0,0,0,0,90000,-90000,-90000
055611,燿華國票98購02  ,0,0,0,0,0,0,0,0,0,-90000,0,0,0,0,90000,-90000,-90000
054557,臻鼎凱基98購01  ,0,0,0,0,0,0,0,0,0,-90000,0,0,0,0,90000,-90000,-90000
062133,大成鋼群益9B購01,0,0,0,0,0,0,0,0,0,-90000,0,0,0,0,90000,-90000,-90000
058673,華新科群益9A購02,0,0,0,0,0,0,0,0,0,-90000,0,0,0,0,90000,-90000,-90000
061452,大成鋼凱基9A購01,0,0,0,0,0,0,0,0,0,-90000,0,0,0,0,90000,-90000,-90000
058986,華新科凱基9A購03,0,0,0,0,0,0,0,0,0,-90000,0,0,0,68000,158000,-90000,-90000
060911,大毅元大9A購01  ,0,0,0,0,0,0,0,0,0,-90000,0,0,0,92000,182000,-90000,-90000
059975,元金2X元大99購02,0,0,0,0,0,0,0,0,0,-90000,0,0,0,95000,185000,-90000,-90000
064672,同欣電元大01購01,0,0,0,0,0,0,0,0,0,-90000,0,0,0,8000,98000,-90000,-90000
064584,英業達永豐9C購01,0,0,0,0,0,0,0,0,0,-90000,0,0,0,0,90000,-90000,-90000
06374P,台表科元大97售06,0,0,0,0,0,0,0,0,0,-90000,0,0,0,10000,100000,-90000,-90000
07509P,牧德國票9A售03  ,0,0,0,0,0,0,0,0,0,-91000,0,0,0,10000,101000,-91000,-91000
065099,聯茂元大9C購03  ,0,0,0,0,0,0,0,0,0,-91000,0,0,0,15000,106000,-91000,-91000
065110,嘉澤國票01購01  ,0,0,0,0,0,0,0,0,0,-91000,0,0,0,0,91000,-91000,-91000
2348,海悅            ,53000,130000,-77000,0,0,0,0,0,0,-14000,0,14000,-14000,0,0,0,-91000
08201P,祥碩元大9B售09  ,0,0,0,0,0,0,0,0,0,-91000,0,0,0,0,91000,-91000,-91000
08209P,上銀元富9B售06  ,0,0,0,0,0,0,0,0,0,-91000,0,0,0,0,91000,-91000,-91000
054893,帆宣統一99購01  ,0,0,0,0,0,0,0,0,0,-91000,0,0,0,0,91000,-91000,-91000
057712,南亞科統一9A購01,0,0,0,0,0,0,0,0,0,-91000,0,0,0,5000,96000,-91000,-91000
056133,可成元大97購05  ,0,0,0,0,0,0,0,0,0,-91000,0,0,0,0,91000,-91000,-91000
061651,世紀鋼元大9C購02,0,0,0,0,0,0,0,0,0,-91000,0,0,0,0,91000,-91000,-91000
060561,台積電富邦04購01,0,0,0,0,0,0,0,0,0,-91000,0,0,0,40000,131000,-91000,-91000
063804,華邦電兆豐01購01,0,0,0,0,0,0,0,0,0,-91000,0,0,0,44000,135000,-91000,-91000
064116,T50反1元大9C購03,0,0,0,0,0,0,0,0,0,-91000,0,0,0,10000,101000,-91000,-91000
063886,南電元富9C購01  ,0,0,0,0,0,0,0,0,0,-91000,0,0,0,0,91000,-91000,-91000
064382,台積電國泰01購01,0,0,0,0,0,0,0,0,0,-91000,0,0,0,0,91000,-91000,-91000
063310,和大群益9B購02  ,0,0,0,0,0,0,0,0,0,-91000,0,0,0,0,91000,-91000,-91000
062509,SP黃豆國票9B購03,0,0,0,0,0,0,0,0,0,-91000,0,0,0,10000,101000,-91000,-91000
062717,華邦電凱基9C購01,0,0,0,0,0,0,0,0,0,-91000,0,0,0,60000,151000,-91000,-91000
062195,聚陽中信9C購01  ,0,0,0,0,0,0,0,0,0,-91000,0,0,0,96000,187000,-91000,-91000
08229P,祥碩國票9B售04  ,0,0,0,0,0,0,0,0,0,-92000,0,0,0,0,92000,-92000,-92000
064851,勤誠元富03購01  ,0,0,0,0,0,0,0,0,0,-92000,0,0,0,0,92000,-92000,-92000
058358,技嘉凱基9A購01  ,0,0,0,0,0,0,0,0,0,-92000,0,0,0,12000,104000,-92000,-92000
057954,宏碁元大99購01  ,0,0,0,0,0,0,0,0,0,-92000,0,0,0,0,92000,-92000,-92000
061744,超眾凱基9B購02  ,0,0,0,0,0,0,0,0,0,-92000,0,0,0,48000,140000,-92000,-92000
059074,元油2X元大9C購15,0,0,0,0,0,0,0,0,0,-92000,0,0,0,10000,102000,-92000,-92000
058881,全新永豐99購01  ,0,0,0,0,0,0,0,0,0,-92000,0,0,0,48000,140000,-92000,-92000
060254,世紀鋼元大9A購01,0,0,0,0,0,0,0,0,0,-92000,0,0,0,3000,95000,-92000,-92000
062610,啟碁凱基9B購01  ,0,0,0,0,0,0,0,0,0,-92000,0,0,0,30000,122000,-92000,-92000
062623,元金2X國票01購01,0,0,0,0,0,0,0,0,0,-92000,0,0,0,7000,99000,-92000,-92000
063694,貿聯永豐9B購01  ,0,0,0,0,0,0,0,0,0,-92000,0,0,0,50000,142000,-92000,-92000
065075,葡萄王元大01購01,0,0,0,0,0,0,0,0,0,-93000,0,0,0,188000,281000,-93000,-93000
065055,臺股指凱基02購04,0,0,0,0,0,0,0,0,0,-93000,0,0,0,15000,108000,-93000,-93000
065307,矽格元富9C購01  ,0,0,0,0,0,0,0,0,0,-93000,0,0,0,5000,98000,-93000,-93000
08530P,鴻海統一9C售19  ,0,0,0,0,0,0,0,0,0,-93000,0,0,0,0,93000,-93000,-93000
056166,微星台新97購01  ,0,0,0,0,0,0,0,0,0,-93000,0,0,0,4000,97000,-93000,-93000
061214,華擎元大9A購04  ,0,0,0,0,0,0,0,0,0,-93000,0,0,0,0,93000,-93000,-93000
062063,世紀鋼統一9C購01,0,0,0,0,0,0,0,0,0,-93000,0,0,0,0,93000,-93000,-93000
061075,亞德客兆豐9A購01,0,0,0,0,0,0,0,0,0,-93000,0,0,0,14000,107000,-93000,-93000
064379,TPK元富9C購01   ,0,0,0,0,0,0,0,0,0,-93000,0,0,0,113000,206000,-93000,-93000
064299,宏碁兆豐9C購01  ,0,0,0,0,0,0,0,0,0,-93000,0,0,0,85000,178000,-93000,-93000
062811,鴻海兆豐9B購01  ,0,0,0,0,0,0,0,0,0,-93000,0,0,0,0,93000,-93000,-93000
058472,亞德客凱基9A購01,0,0,0,0,0,0,0,0,0,-94000,0,0,0,0,94000,-94000,-94000
060918,康友國泰9C購01  ,0,0,0,0,0,0,0,0,0,-94000,0,0,0,24000,118000,-94000,-94000
063431,神隆元富9B購01  ,0,0,0,0,0,0,0,0,0,-94000,0,0,0,564000,658000,-94000,-94000
064384,聯電富邦01購01  ,0,0,0,0,0,0,0,0,0,-94000,0,0,0,6000,100000,-94000,-94000
064572,同欣電群益9C購02,0,0,0,0,0,0,0,0,0,-94000,0,0,0,129000,223000,-94000,-94000
064150,全新統一01購03  ,0,0,0,0,0,0,0,0,0,-94000,0,0,0,150000,244000,-94000,-94000
08340P,聯發科元富9C售01,0,0,0,0,0,0,0,0,0,-95000,0,0,0,21000,116000,-95000,-95000
065202,南電元富06購01  ,0,0,0,0,0,0,0,0,0,-95000,0,0,0,1000,96000,-95000,-95000
07830P,牧德凱基9A售03  ,0,0,0,0,0,0,0,0,0,-95000,0,0,0,0,95000,-95000,-95000
07889P,旭富國票9B售01  ,0,0,0,0,0,0,0,0,0,-95000,0,0,0,155000,250000,-95000,-95000
057507,貿聯國票98購02  ,0,0,0,0,0,0,0,0,0,-95000,0,0,0,11000,106000,-95000,-95000
056700,華新科國泰99購03,0,0,0,0,0,0,0,0,0,-95000,0,0,0,108000,203000,-95000,-95000
056943,華通統一99購01  ,0,0,0,0,0,0,0,0,0,-95000,0,0,0,43000,138000,-95000,-95000
056450,可成凱基98購05  ,0,0,0,0,0,0,0,0,0,-95000,0,0,0,40000,135000,-95000,-95000
053528,南電中信9A購01  ,0,0,0,0,0,0,0,0,0,-95000,0,0,0,16000,111000,-95000,-95000
060937,T50反1國票9A購10,0,0,0,0,0,0,0,0,0,-95000,0,0,0,435000,530000,-95000,-95000
064387,GIS富邦9C購01   ,0,0,0,0,0,0,0,0,0,-95000,0,0,0,0,95000,-95000,-95000
063426,茂林凱基9B購03  ,0,0,0,0,0,0,0,0,0,-95000,0,0,0,25000,120000,-95000,-95000
062750,可成中信9B購01  ,0,0,0,0,0,0,0,0,0,-95000,0,0,0,0,95000,-95000,-95000
07865P,可成元大9B售02  ,0,0,0,0,0,0,0,0,0,-96000,0,0,0,57000,153000,-96000,-96000
065042,國產凱基02購01  ,0,0,0,0,0,0,0,0,0,-96000,0,0,0,36000,132000,-96000,-96000
057587,微星國票99購01  ,0,0,0,0,0,0,0,0,0,-96000,0,0,0,0,96000,-96000,-96000
061376,瑞昱永豐9A購02  ,0,0,0,0,0,0,0,0,0,-96000,0,0,0,6000,102000,-96000,-96000
056768,宏達電元大99購03,0,0,0,0,0,0,0,0,0,-96000,0,0,0,47000,143000,-96000,-96000
058376,貿聯凱基9A購01  ,0,0,0,0,0,0,0,0,0,-96000,0,0,0,243000,339000,-96000,-96000
062987,祥碩中信01購01  ,0,0,0,0,0,0,0,0,0,-96000,0,0,0,30000,126000,-96000,-96000
063637,聯發科元大9C購02,0,0,0,0,0,0,0,0,0,-96000,0,0,0,338000,434000,-96000,-96000
064944,亞德客凱基9C購03,0,0,0,0,0,0,0,0,0,-97000,0,0,0,0,97000,-97000,-97000
065154,聯發科群益9C購10,0,0,0,0,0,0,0,0,0,-97000,0,0,0,42000,139000,-97000,-97000
08062P,華擎國票9B售03  ,0,0,0,0,0,0,0,0,0,-97000,0,0,0,36000,133000,-97000,-97000
058213,欣興群益99購01  ,0,0,0,0,0,0,0,0,0,-97000,0,0,0,92000,189000,-97000,-97000
060252,緯穎元大9A購02  ,0,0,0,0,0,0,0,0,0,-97000,0,0,0,54000,151000,-97000,-97000
060230,台積電元大9A購07,0,0,0,0,0,0,0,0,0,-97000,0,0,0,0,97000,-97000,-97000
064533,技嘉國票01購01  ,0,0,0,0,0,0,0,0,0,-97000,0,0,0,25000,122000,-97000,-97000
064751,亞德客凱基9C購02,0,0,0,0,0,0,0,0,0,-97000,0,0,0,1000,98000,-97000,-97000
063133,喬山統一01購01  ,0,0,0,0,0,0,0,0,0,-97000,0,0,0,44000,141000,-97000,-97000
063201,廣達統一01購01  ,0,0,0,0,0,0,0,0,0,-97000,0,0,0,57000,154000,-97000,-97000
062362,致茂元大9B購01  ,0,0,0,0,0,0,0,0,0,-97000,0,0,0,49000,146000,-97000,-97000
06645P,上銀元大98售05  ,0,0,0,0,0,0,0,0,0,-98000,0,0,0,0,98000,-98000,-98000
064782,健策群益9C購02  ,0,0,0,0,0,0,0,0,0,-98000,0,0,0,0,98000,-98000,-98000
056114,台達電群益97購02,0,0,0,0,0,0,0,0,0,-98000,0,0,0,0,98000,-98000,-98000
00730,富邦臺灣優質高息,0,0,0,0,0,0,0,0,0,-98000,0,0,0,232000,330000,-98000,-98000
058898,台積電元大99購20,0,0,0,0,0,0,0,0,0,-98000,0,0,0,22000,120000,-98000,-98000
059949,啟碁永豐99購01  ,0,0,0,0,0,0,0,0,0,-98000,0,0,0,50000,148000,-98000,-98000
061114,南電元大9A購04  ,0,0,0,0,0,0,0,0,0,-98000,0,0,0,0,98000,-98000,-98000
060435,鈺齊永豐9A購01  ,0,0,0,0,0,0,0,0,0,-98000,0,0,0,8000,106000,-98000,-98000
062392,國巨富邦02購01  ,0,0,0,0,0,0,0,0,0,-98000,0,0,0,35000,133000,-98000,-98000
062787,超眾元大9C購02  ,0,0,0,0,0,0,0,0,0,-98000,0,0,0,281000,379000,-98000,-98000
064565,高鐵群益01購01  ,0,0,0,0,0,0,0,0,0,-98000,0,0,0,0,98000,-98000,-98000
063573,茂林元大9B購06  ,0,0,0,0,0,0,0,0,0,-98000,0,0,0,0,98000,-98000,-98000
08041P,臺股指群益9B售14,0,0,0,0,0,0,0,0,0,-99000,0,0,0,0,99000,-99000,-99000
08509P,臺股指國票9C售10,0,0,0,0,0,0,0,0,0,-99000,0,0,0,0,99000,-99000,-99000
08401P,玉晶光元富9C售04,0,0,0,0,0,0,0,0,0,-99000,0,0,0,2000,101000,-99000,-99000
059461,鈺齊永豐99購03  ,0,0,0,0,0,0,0,0,0,-99000,0,0,0,1000,100000,-99000,-99000
058864,欣興凱基99購04  ,0,0,0,0,0,0,0,0,0,-99000,0,0,0,0,99000,-99000,-99000
064360,台積電統一9C購12,0,0,0,0,0,0,0,0,0,-99000,0,0,0,63000,162000,-99000,-99000
064294,和大中信9C購01  ,0,0,0,0,0,0,0,0,0,-99000,0,0,0,64000,163000,-99000,-99000
1457,宜進            ,275000,375000,-100000,0,0,0,0,0,0,0,0,0,0,0,0,0,-100000
1515,力山            ,432000,555000,-123000,0,0,0,0,0,0,23000,107000,46000,61000,4000,42000,-38000,-100000
08319P,台積電統一9C售11,0,0,0,0,0,0,0,0,0,-100000,0,0,0,0,100000,-100000,-100000
08295P,長榮航元大9C售01,0,0,0,0,0,0,0,0,0,-100000,0,0,0,0,100000,-100000,-100000
08249P,聯發科群益9C售06,0,0,0,0,0,0,0,0,0,-100000,0,0,0,0,100000,-100000,-100000
064896,華新科群益01購02,0,0,0,0,0,0,0,0,0,-100000,0,0,0,0,100000,-100000,-100000
065074,亞德客元大9C購03,0,0,0,0,0,0,0,0,0,-100000,0,0,0,0,100000,-100000,-100000
065181,南電元大01購01  ,0,0,0,0,0,0,0,0,0,-100000,0,0,0,23000,123000,-100000,-100000
07926P,上銀統一9B售02  ,0,0,0,0,0,0,0,0,0,-100000,0,0,0,0,100000,-100000,-100000
07781P,高鐵凱基9A售02  ,0,0,0,0,0,0,0,0,0,-100000,0,0,0,0,100000,-100000,-100000
07545P,玉晶光凱基9A售07,0,0,0,0,0,0,0,0,0,-100000,0,0,0,0,100000,-100000,-100000
07706P,長榮航元大9A售03,0,0,0,0,0,0,0,0,0,-100000,0,0,0,0,100000,-100000,-100000
06937P,GIS元大98售03   ,0,0,0,0,0,0,0,0,0,-100000,0,0,0,0,100000,-100000,-100000
06741P,台積電富邦98售04,0,0,0,0,0,0,0,0,0,-100000,0,0,0,87000,187000,-100000,-100000
06770P,台灣50第一9C售01,0,0,0,0,0,0,0,0,0,-100000,0,0,0,0,100000,-100000,-100000
07131P,緯穎元大99售06  ,0,0,0,0,0,0,0,0,0,-100000,0,0,0,0,100000,-100000,-100000
07224P,鴻海元大9A售02  ,0,0,0,0,0,0,0,0,0,-100000,0,0,0,0,100000,-100000,-100000
055287,日電貿元大97購01,0,0,0,0,0,0,0,0,0,-100000,0,0,0,0,100000,-100000,-100000
057773,技嘉群益9A購02  ,0,0,0,0,0,0,0,0,0,-100000,0,0,0,22000,122000,-100000,-100000
054957,興富發元大97購01,0,0,0,0,0,0,0,0,0,-100000,0,0,0,0,100000,-100000,-100000
055609,旺宏國票99購01  ,0,0,0,0,0,0,0,0,0,-100000,0,0,0,0,100000,-100000,-100000
056139,貿聯元大97購04  ,0,0,0,0,0,0,0,0,0,-100000,0,0,0,68000,168000,-100000,-100000
057464,大立光永豐98購02,0,0,0,0,0,0,0,0,0,-100000,0,0,0,0,100000,-100000,-100000
056413,上証反中信9A購01,0,0,0,0,0,0,0,0,0,-100000,0,0,0,0,100000,-100000,-100000
055916,奇鋐凱基99購01  ,0,0,0,0,0,0,0,0,0,-100000,0,0,0,0,100000,-100000,-100000
057797,大立光兆豐99購01,0,0,0,0,0,0,0,0,0,-100000,0,0,0,0,100000,-100000,-100000
057663,國巨元大99購08  ,0,0,0,0,0,0,0,0,0,-100000,0,0,0,50000,150000,-100000,-100000
061564,華擎國票9A購02  ,0,0,0,0,0,0,0,0,0,-100000,0,0,0,35000,135000,-100000,-100000
061512,國巨永豐9A購04  ,0,0,0,0,0,0,0,0,0,-100000,0,0,0,101000,201000,-100000,-100000
058848,台積電群益99購07,0,0,0,0,0,0,0,0,0,-100000,0,0,0,0,100000,-100000,-100000
059849,興勤永豐99購01  ,0,0,0,0,0,0,0,0,0,-100000,0,0,0,0,100000,-100000,-100000
059654,T50反1元大99購09,0,0,0,0,0,0,0,0,0,-100000,0,0,0,0,100000,-100000,-100000
058305,華邦電元大99購02,0,0,0,0,0,0,0,0,0,-100000,0,0,0,0,100000,-100000,-100000
058174,台積電凱基9A購05,0,0,0,0,0,0,0,0,0,-100000,0,0,0,0,100000,-100000,-100000
060924,大毅永豐9A購03  ,0,0,0,0,0,0,0,0,0,-100000,0,0,0,0,100000,-100000,-100000
060912,華新科元大9A購10,0,0,0,0,0,0,0,0,0,-100000,0,0,0,68000,168000,-100000,-100000
060050,鴻海凱基9B購01  ,0,0,0,0,0,0,0,0,0,-100000,0,0,0,0,100000,-100000,-100000
061179,華擎凱基9A購01  ,0,0,0,0,0,0,0,0,0,-100000,0,0,0,0,100000,-100000,-100000
059103,旭富元富99購03  ,0,0,0,0,0,0,0,0,0,-100000,0,0,0,0,100000,-100000,-100000
05878P,創意群益98售01  ,0,0,0,0,0,0,0,0,0,-100000,0,0,0,0,100000,-100000,-100000
061013,台積電麥證9A購03,0,0,0,0,100000,-100000,0,0,0,-100000,0,0,0,0,100000,-100000,-100000
061026,南電富邦9B購01  ,0,0,0,0,0,0,0,0,0,-100000,0,0,0,10000,110000,-100000,-100000
058676,聯茂群益99購01  ,0,0,0,0,0,0,0,0,0,-100000,0,0,0,0,100000,-100000,-100000
059295,大立光元富99購05,0,0,0,0,0,0,0,0,0,-100000,0,0,0,32000,132000,-100000,-100000
060540,南亞凱基9A購01  ,0,0,0,0,0,0,0,0,0,-100000,0,0,0,0,100000,-100000,-100000
062070,金寶元大9B購01  ,0,0,0,0,0,0,0,0,0,-100000,0,0,0,0,100000,-100000,-100000
061764,旺宏元大9B購01  ,0,0,0,0,0,0,0,0,0,-100000,0,0,0,60000,160000,-100000,-100000
057841,茂林富邦9A購02  ,0,0,0,0,0,0,0,0,0,-100000,0,0,0,99000,199000,-100000,-100000
061669,崇越中信9A購01  ,0,0,0,0,0,0,0,0,0,-100000,0,0,0,0,100000,-100000,-100000
062247,國巨元大9B購07  ,0,0,0,0,0,0,0,0,0,-100000,0,0,0,4000,104000,-100000,-100000
063981,貿聯兆豐9C購01  ,0,0,0,0,0,0,0,0,0,-100000,0,0,0,10000,110000,-100000,-100000
062708,立積元大9B購01  ,0,0,0,0,0,0,0,0,0,-100000,0,0,0,0,100000,-100000,-100000
06254P,臺股指群益97售07,0,0,0,0,0,0,0,0,0,-100000,0,0,0,100000,200000,-100000,-100000
063233,國巨元大9B購19  ,0,0,0,0,0,0,0,0,0,-100000,0,0,0,26000,126000,-100000,-100000
07145P,為升元大99售03  ,0,0,0,0,0,0,0,0,0,-101000,0,0,0,19000,120000,-101000,-101000
07927P,國巨統一9B售08  ,0,0,0,0,0,0,0,0,0,-101000,0,0,0,0,101000,-101000,-101000
061626,超眾群益9A購02  ,0,0,0,0,0,0,0,0,0,-101000,0,0,0,344000,445000,-101000,-101000
057547,技嘉凱基99購01  ,0,0,0,0,0,0,0,0,0,-101000,0,0,0,1000,102000,-101000,-101000
057054,立積元大98購03  ,0,0,0,0,0,0,0,0,0,-101000,0,0,0,30000,131000,-101000,-101000
055817,京鼎國票99購01  ,0,0,0,0,0,0,0,0,0,-101000,0,0,0,5000,106000,-101000,-101000
054527,國巨統一97購03  ,0,0,0,0,0,0,0,0,0,-101000,0,0,0,65000,166000,-101000,-101000
063466,美食元大9B購02  ,0,0,0,0,0,0,0,0,0,-101000,0,0,0,0,101000,-101000,-101000
064711,國喬統一02購01  ,0,0,0,0,0,0,0,0,0,-101000,0,0,0,27000,128000,-101000,-101000
07667P,亞德客元大9A售05,0,0,0,0,0,0,0,0,0,-102000,0,0,0,2000,104000,-102000,-102000
056871,新日興日盛99購01,0,0,0,0,0,0,0,0,0,-102000,0,0,0,0,102000,-102000,-102000
061753,南亞科台新9B購01,0,0,0,0,0,0,0,0,0,-102000,0,0,0,10000,112000,-102000,-102000
062090,南電元大9B購02  ,0,0,0,0,0,0,0,0,0,-102000,0,0,0,54000,156000,-102000,-102000
059065,南電凱基9A購01  ,0,0,0,0,0,0,0,0,0,-102000,0,0,0,88000,190000,-102000,-102000
059886,可成國票99購04  ,0,0,0,0,0,0,0,0,0,-102000,0,0,0,0,102000,-102000,-102000
063826,中興電國票01購01,0,0,0,0,0,0,0,0,0,-102000,0,0,0,0,102000,-102000,-102000
062891,台汽電群益9B購01,0,0,0,0,0,0,0,0,0,-102000,0,0,0,90000,192000,-102000,-102000
062808,祥碩統一9C購01  ,0,0,0,0,0,0,0,0,0,-102000,0,0,0,5000,107000,-102000,-102000
061398,力成中信9A購01  ,0,0,0,0,0,0,0,0,0,-103000,0,0,0,85000,188000,-103000,-103000
056604,鴻海富邦9A購01  ,0,0,0,0,0,0,0,0,0,-103000,0,0,0,0,103000,-103000,-103000
057053,立積元大98購02  ,0,0,0,0,0,0,0,0,0,-103000,0,0,0,59000,162000,-103000,-103000
057121,立積康和98購01  ,0,0,0,0,0,0,0,0,0,-103000,0,0,0,1000,104000,-103000,-103000
055594,華新科元大98購02,0,0,0,0,0,0,0,0,0,-103000,0,0,0,42000,145000,-103000,-103000
053782,京元電元大98購02,0,0,0,0,0,0,0,0,0,-103000,0,0,0,57000,160000,-103000,-103000
060667,力成凱基9A購01  ,0,0,0,0,0,0,0,0,0,-103000,0,0,0,62000,165000,-103000,-103000
058397,大成鋼元大99購02,0,0,0,0,0,0,0,0,0,-103000,0,0,0,287000,390000,-103000,-103000
063140,聯發科統一9B購08,0,0,0,0,0,0,0,0,0,-103000,0,0,0,262000,365000,-103000,-103000
063053,聯發科統一01購04,0,0,0,0,0,0,0,0,0,-103000,0,0,0,163000,266000,-103000,-103000
063728,國巨元大9B購21  ,0,0,0,0,0,0,0,0,0,-103000,0,0,0,11000,114000,-103000,-103000
063537,華擎統一9C購03  ,0,0,0,0,0,0,0,0,0,-103000,0,0,0,27000,130000,-103000,-103000
063883,超眾元富9C購02  ,0,0,0,0,0,0,0,0,0,-103000,0,0,0,499000,602000,-103000,-103000
064310,華新科群益9C購02,0,0,0,0,0,0,0,0,0,-103000,0,0,0,0,103000,-103000,-103000
064418,鴻海兆豐01購02  ,0,0,0,0,0,0,0,0,0,-103000,0,0,0,0,103000,-103000,-103000
065028,亞德客兆豐9C購02,0,0,0,0,0,0,0,0,0,-104000,0,0,0,0,104000,-104000,-104000
00830,國泰費城半導體  ,0,42000,-42000,0,0,0,0,0,0,-62000,2000,0,2000,257000,321000,-64000,-104000
058406,聯茂元大99購06  ,0,0,0,0,0,0,0,0,0,-104000,0,0,0,68000,172000,-104000,-104000
060601,技嘉凱基9A購02  ,0,0,0,0,0,0,0,0,0,-104000,0,0,0,7000,111000,-104000,-104000
058075,貿聯凱基99購02  ,0,0,0,0,0,0,0,0,0,-104000,0,0,0,161000,265000,-104000,-104000
060957,SP黃豆凱基9A購04,0,0,0,0,0,0,0,0,0,-104000,0,0,0,1000,105000,-104000,-104000
064532,聯茂兆豐01購01  ,0,0,0,0,0,0,0,0,0,-104000,0,0,0,19000,123000,-104000,-104000
063960,南電元大9C購03  ,0,0,0,0,0,0,0,0,0,-104000,0,0,0,81000,185000,-104000,-104000
08124P,臻鼎群益9B售02  ,0,0,0,0,0,0,0,0,0,-105000,0,0,0,29000,134000,-105000,-105000
05268P,玉晶光元大98售01,0,0,0,0,0,0,0,0,0,-105000,0,0,0,25000,130000,-105000,-105000
056669,貿聯國票99購01  ,0,0,0,0,0,0,0,0,0,-105000,0,0,0,14000,119000,-105000,-105000
058337,日月光元富99購01,0,0,0,0,0,0,0,0,0,-105000,0,0,0,82000,187000,-105000,-105000
063828,台積電國票01購02,0,0,0,0,0,0,0,0,0,-105000,0,0,0,3000,108000,-105000,-105000
064564,義隆群益9C購02  ,0,0,0,0,0,0,0,0,0,-105000,0,0,0,28000,133000,-105000,-105000
1467,南緯            ,7000,114000,-107000,0,0,0,0,0,0,1000,1000,0,1000,0,0,0,-106000
061307,和潤永豐9A購02  ,0,0,0,0,0,0,0,0,0,-106000,0,0,0,10000,116000,-106000,-106000
057739,新日興富邦9B購01,0,0,0,0,0,0,0,0,0,-106000,0,0,0,6000,112000,-106000,-106000
059124,台積電第一03購01,0,0,0,0,0,0,0,0,0,-106000,0,0,0,0,106000,-106000,-106000
061713,華邦電凱基9A購01,0,0,0,0,0,0,0,0,0,-106000,0,0,0,87000,193000,-106000,-106000
064655,聚陽元大9C購02  ,0,0,0,0,0,0,0,0,0,-106000,0,0,0,73000,179000,-106000,-106000
063702,聯發科群益9C購04,0,0,0,0,0,0,0,0,0,-106000,0,0,0,1000,107000,-106000,-106000
064077,台積電中信06購03,0,0,0,0,0,0,0,0,0,-106000,0,0,0,30000,136000,-106000,-106000
064073,南電永豐9C購01  ,0,0,0,0,0,0,0,0,0,-106000,0,0,0,10000,116000,-106000,-106000
063432,金寶元富9B購01  ,0,0,0,0,0,0,0,0,0,-106000,0,0,0,183000,289000,-106000,-106000
2332,友訊            ,294000,380000,-86000,0,0,0,0,0,0,-21000,0,12000,-12000,7000,16000,-9000,-107000
058209,臺股指凱基01購01,0,5000,-5000,0,0,0,0,0,0,-102000,0,0,0,1087000,1189000,-102000,-107000
063029,喬山凱基9B購01  ,0,0,0,0,0,0,0,0,0,-107000,0,0,0,0,107000,-107000,-107000
063778,亞德客永豐9B購02,0,0,0,0,0,0,0,0,0,-107000,0,0,0,0,107000,-107000,-107000
064313,嘉晶群益9C購02  ,0,0,0,0,0,0,0,0,0,-107000,0,0,0,23000,130000,-107000,-107000
08441P,同欣電元富9C售01,0,0,0,0,0,0,0,0,0,-108000,0,0,0,64000,172000,-108000,-108000
064856,GIS國泰02購01   ,0,0,0,0,0,0,0,0,0,-108000,0,0,0,27000,135000,-108000,-108000
07939P,台積電統一9B售14,0,0,0,0,0,0,0,0,0,-108000,0,0,0,0,108000,-108000,-108000
057700,新日興群益9A購01,0,0,0,0,0,0,0,0,0,-108000,0,0,0,40000,148000,-108000,-108000
057578,可成中信99購01  ,0,0,0,0,0,0,0,0,0,-108000,0,0,0,20000,128000,-108000,-108000
056709,華通永豐98購01  ,0,0,0,0,0,0,0,0,0,-108000,0,0,0,0,108000,-108000,-108000
057198,智伸科統一9B購01,0,0,0,0,0,0,0,0,0,-108000,0,0,0,0,108000,-108000,-108000
059198,華新科永豐99購06,0,0,0,0,0,0,0,0,0,-108000,0,0,0,0,108000,-108000,-108000
062292,旭富永豐9B購01  ,0,0,0,0,0,0,0,0,0,-108000,0,0,0,0,108000,-108000,-108000
060316,福懋科永豐9A購01,0,0,0,0,0,0,0,0,0,-108000,0,0,0,0,108000,-108000,-108000
064699,臻鼎群益9C購01  ,0,0,0,0,0,0,0,0,0,-108000,0,0,0,75000,183000,-108000,-108000
063854,南電元大9C購01  ,0,0,0,0,0,0,0,0,0,-108000,0,0,0,9000,117000,-108000,-108000
063013,技嘉元大9B購02  ,0,0,0,0,0,0,0,0,0,-108000,0,0,0,142000,250000,-108000,-108000
062837,復盛群益9B購01  ,0,0,0,0,0,0,0,0,0,-108000,0,0,0,19000,127000,-108000,-108000
056852,矽格元富98購01  ,0,0,0,0,0,0,0,0,0,-109000,0,0,0,158000,267000,-109000,-109000
060769,國巨麥證9A購02  ,0,0,0,7000,116000,-109000,0,0,0,-109000,0,0,0,9000,118000,-109000,-109000
064059,新日興麥證01購01,0,0,0,2000,111000,-109000,0,0,0,-109000,0,0,0,2000,111000,-109000,-109000
063811,亞德客群益9C購01,0,0,0,0,0,0,0,0,0,-109000,0,0,0,0,109000,-109000,-109000
07400P,國巨凱基99售20  ,0,0,0,0,0,0,0,0,0,-110000,0,0,0,0,110000,-110000,-110000
07247P,聯發科凱基9A售06,0,0,0,0,0,0,0,0,0,-110000,0,0,0,0,110000,-110000,-110000
064883,GIS兆豐01購01   ,0,0,0,0,0,0,0,0,0,-110000,0,0,0,0,110000,-110000,-110000
064948,致茂凱基01購01  ,0,0,0,0,0,0,0,0,0,-110000,0,0,0,20000,130000,-110000,-110000
061305,帆宣永豐9A購01  ,0,0,0,0,0,0,0,0,0,-110000,0,0,0,53000,163000,-110000,-110000
061372,世紀鋼國泰9C購01,0,0,0,0,0,0,0,0,0,-110000,0,0,0,46000,156000,-110000,-110000
056983,大立光群益99購02,0,0,0,0,0,0,0,0,0,-110000,0,0,0,0,110000,-110000,-110000
056137,聯鈞元大9A購01  ,0,0,0,0,0,0,0,0,0,-110000,0,0,0,0,110000,-110000,-110000
054040,中石化元大9C購01,0,0,0,0,0,0,0,0,0,-110000,0,0,0,0,110000,-110000,-110000
054835,致新中信97購01  ,0,0,0,0,0,0,0,0,0,-110000,0,0,0,0,110000,-110000,-110000
052581,訊芯元富98購01  ,0,0,0,0,0,0,0,0,0,-110000,0,0,0,0,110000,-110000,-110000
060793,微星永豐9A購01  ,0,0,0,0,0,0,0,0,0,-110000,0,0,0,97000,207000,-110000,-110000
061802,勤誠永豐9B購01  ,0,0,0,0,0,0,0,0,0,-110000,0,0,0,0,110000,-110000,-110000
059076,FBVIX元大99購04 ,0,0,0,0,0,0,0,0,0,-110000,0,0,0,0,110000,-110000,-110000
064671,聯茂元大9C購02  ,0,0,0,0,0,0,0,0,0,-110000,0,0,0,93000,203000,-110000,-110000
064266,聯茂永豐9C購01  ,0,0,0,0,0,0,0,0,0,-110000,0,0,0,65000,175000,-110000,-110000
062731,力成凱基9B購02  ,0,0,0,0,0,0,0,0,0,-110000,0,0,0,0,110000,-110000,-110000
063115,台積電麥證9B購02,0,0,0,0,110000,-110000,0,0,0,-110000,0,0,0,0,110000,-110000,-110000
08177P,金像電元大9B售02,0,0,0,0,0,0,0,0,0,-111000,0,0,0,39000,150000,-111000,-111000
08053P,臺股指國票9B售18,0,0,0,0,0,0,0,0,0,-111000,0,0,0,41000,152000,-111000,-111000
062034,同欣電群益9B購01,0,0,0,0,0,0,0,0,0,-111000,0,0,0,5000,116000,-111000,-111000
059293,宏達電元富9B購01,0,0,0,0,0,0,0,0,0,-111000,0,0,0,15000,126000,-111000,-111000
061960,國巨統一01購05  ,0,0,0,0,0,0,0,0,0,-111000,0,0,0,531000,642000,-111000,-111000
063941,國巨元大9C購12  ,0,0,0,0,0,0,0,0,0,-111000,0,0,0,5000,116000,-111000,-111000
2464,盟立            ,114000,226000,-112000,0,0,0,0,0,0,0,0,0,0,0,0,0,-112000
061638,國泰金元大9A購03,0,0,0,0,0,0,0,0,0,-112000,0,0,0,0,112000,-112000,-112000
056755,聯茂兆豐98購01  ,0,0,0,0,0,0,0,0,0,-112000,0,0,0,10000,122000,-112000,-112000
061067,貿聯凱基9A購03  ,0,0,0,0,0,0,0,0,0,-112000,0,0,0,155000,267000,-112000,-112000
059113,群光永豐99購01  ,0,0,0,0,0,0,0,0,0,-112000,0,0,0,16000,128000,-112000,-112000
058239,景碩元大99購03  ,0,0,0,0,0,0,0,0,0,-112000,0,0,0,119000,231000,-112000,-112000
063861,南亞科國泰02購01,0,0,0,0,0,0,0,0,0,-112000,0,0,0,0,112000,-112000,-112000
063523,微星凱基9B購03  ,0,0,0,0,0,0,0,0,0,-112000,0,0,0,0,112000,-112000,-112000
2417,圓剛            ,166000,279000,-113000,0,0,0,0,0,0,0,0,0,0,0,0,0,-113000
3406,玉晶光          ,790000,997000,-207000,0,0,0,120000,1000,119000,-25000,67000,39000,28000,56000,109000,-53000,-113000
1504,東元            ,1262000,1394000,-132000,0,0,0,0,7000,-7000,26000,37000,4000,33000,0,7000,-7000,-113000
07531P,大立光國泰9B售03,0,0,0,0,0,0,0,0,0,-113000,0,0,0,0,113000,-113000,-113000
057074,立積永豐98購01  ,0,0,0,0,0,0,0,0,0,-113000,0,0,0,50000,163000,-113000,-113000
059096,百和元大99購04  ,0,0,0,0,0,0,0,0,0,-113000,0,0,0,15000,128000,-113000,-113000
060714,晶技永豐9A購02  ,0,0,0,0,0,0,0,0,0,-113000,0,0,0,0,113000,-113000,-113000
063651,金像電台新9B購01,0,0,0,0,0,0,0,0,0,-113000,0,0,0,0,113000,-113000,-113000
064934,南電統一01購02  ,0,0,0,0,0,0,0,0,0,-114000,0,0,0,54000,168000,-114000,-114000
056724,臻鼎中信9A購01  ,0,0,0,0,0,0,0,0,0,-114000,0,0,0,150000,264000,-114000,-114000
056911,緯穎元大99購01  ,0,0,0,0,0,0,0,0,0,-114000,0,0,0,188000,302000,-114000,-114000
064244,GIS統一02購01   ,0,0,0,0,0,0,0,0,0,-114000,0,0,0,0,114000,-114000,-114000
063130,聯茂元大9B購02  ,0,0,0,0,0,0,0,0,0,-114000,0,0,0,28000,142000,-114000,-114000
063164,聯發科永豐9B購03,0,0,0,0,0,0,0,0,0,-114000,0,0,0,0,114000,-114000,-114000
07189P,聯發科富邦9B售03,0,0,0,0,0,0,0,0,0,-115000,0,0,0,25000,140000,-115000,-115000
06780P,義隆元大98售02  ,0,0,0,0,0,0,0,0,0,-115000,0,0,0,0,115000,-115000,-115000
056191,世紀鋼統一97購01,0,0,0,0,0,0,0,0,0,-115000,0,0,0,0,115000,-115000,-115000
054742,京鼎凱基99購01  ,0,0,0,0,0,0,0,0,0,-115000,0,0,0,15000,130000,-115000,-115000
061033,台光電永豐9A購01,0,0,0,0,0,0,0,0,0,-115000,0,0,0,10000,125000,-115000,-115000
061717,力成凱基9B購01  ,0,0,0,0,0,0,0,0,0,-115000,0,0,0,40000,155000,-115000,-115000
061646,力成元大9A購02  ,0,0,0,0,0,0,0,0,0,-115000,0,0,0,75000,190000,-115000,-115000
064520,京鼎群益02購01  ,0,0,0,0,0,0,0,0,0,-115000,0,0,0,0,115000,-115000,-115000
8213,志超            ,243000,385000,-142000,0,0,0,0,0,0,27000,0,0,0,35000,8000,27000,-115000
065347,聯發科統一9C購15,0,0,0,0,0,0,0,0,0,-116000,0,0,0,0,116000,-116000,-116000
08099P,聯發科中信9B售04,0,0,0,0,0,0,0,0,0,-116000,0,0,0,4000,120000,-116000,-116000
061772,健策元大9B購06  ,0,0,0,0,0,0,0,0,0,-116000,0,0,0,29000,145000,-116000,-116000
062062,貿聯統一01購01  ,15000,0,15000,0,0,0,0,0,0,-131000,0,0,0,265000,396000,-131000,-116000
061477,晶豪科元大9A購01,0,0,0,0,0,0,0,0,0,-116000,0,0,0,115000,231000,-116000,-116000
062609,帆宣凱基9B購01  ,0,0,0,0,0,0,0,0,0,-116000,0,0,0,0,116000,-116000,-116000
3014,聯陽            ,199000,291382,-92382,0,0,0,0,0,0,-24000,0,0,0,15000,39000,-24000,-116382
065288,華新科群益02購02,0,0,0,0,0,0,0,0,0,-117000,0,0,0,2000,119000,-117000,-117000
057303,喬山兆豐99購01  ,0,0,0,0,0,0,0,0,0,-117000,0,0,0,0,117000,-117000,-117000
063980,智易兆豐9C購02  ,0,0,0,0,0,0,0,0,0,-117000,0,0,0,0,117000,-117000,-117000
00640L,富邦日本正2     ,0,0,0,0,0,0,0,0,0,-118000,0,0,0,812000,930000,-118000,-118000
058688,矽創凱基9A購01  ,0,0,0,0,0,0,0,0,0,-118000,0,0,0,0,118000,-118000,-118000
058431,國巨統一9B購01  ,0,0,0,0,0,0,0,0,0,-118000,0,0,0,97000,215000,-118000,-118000
060437,宏全永豐9A購01  ,0,0,0,0,0,0,0,0,0,-118000,0,0,0,61000,179000,-118000,-118000
062971,英業達元富9B購01,0,0,0,0,0,0,0,0,0,-118000,0,0,0,91000,209000,-118000,-118000
063354,茂林元富9B購02  ,0,0,0,0,0,0,0,0,0,-118000,0,0,0,85000,203000,-118000,-118000
5203,訊連            ,50000,57000,-7000,0,0,0,0,110000,-110000,-1000,0,0,0,0,1000,-1000,-118000
057335,技嘉國票99購01  ,0,0,0,0,0,0,0,0,0,-119000,0,0,0,147000,266000,-119000,-119000
057599,技嘉群益9A購01  ,0,0,0,0,0,0,0,0,0,-119000,0,0,0,130000,249000,-119000,-119000
060640,京鼎永豐9A購01  ,0,0,0,0,0,0,0,0,0,-119000,0,0,0,83000,202000,-119000,-119000
062915,嘉澤元大9B購03  ,0,0,0,0,0,0,0,0,0,-119000,0,0,0,481000,600000,-119000,-119000
062827,神基群益9B購01  ,0,0,0,0,0,0,0,0,0,-119000,0,0,0,0,119000,-119000,-119000
061972,華新元大9B購01  ,0,0,0,0,0,0,0,0,0,-119000,0,0,0,237000,356000,-119000,-119000
2383,台光電          ,781000,821200,-40200,0,0,0,43000,0,43000,-122387,2000,104387,-102387,13000,33000,-20000,-119587
08473P,康控凱基9C售01  ,0,0,0,0,0,0,0,0,0,-120000,0,0,0,0,120000,-120000,-120000
06706P,智原台新98售02  ,0,0,0,0,0,0,0,0,0,-120000,0,0,0,0,120000,-120000,-120000
07618P,大立光中信9A售06,0,0,0,0,0,0,0,0,0,-120000,0,0,0,0,120000,-120000,-120000
07593P,臺股指凱基9A售08,0,0,0,0,0,0,0,0,0,-120000,0,0,0,35000,155000,-120000,-120000
056687,元大金統一98購01,0,0,0,0,0,0,0,0,0,-120000,0,0,0,0,120000,-120000,-120000
054771,茂林國票98購02  ,0,0,0,0,0,0,0,0,0,-120000,0,0,0,40000,160000,-120000,-120000
055029,帆宣國泰99購01  ,0,0,0,0,0,0,0,0,0,-120000,0,0,0,0,120000,-120000,-120000
055502,群創元大9C購03  ,0,0,0,0,0,0,0,0,0,-120000,0,0,0,0,120000,-120000,-120000
053107,旺宏兆豐97購01  ,0,0,0,0,0,0,0,0,0,-120000,0,0,0,30000,150000,-120000,-120000
060573,力成永豐9A購01  ,0,0,0,0,0,0,0,0,0,-120000,0,0,0,0,120000,-120000,-120000
062295,康友永豐9B購01  ,0,0,0,0,0,0,0,0,0,-120000,0,0,0,54000,174000,-120000,-120000
058245,訊連元大99購01  ,0,0,0,0,0,0,0,0,0,-120000,0,0,0,0,120000,-120000,-120000
060028,國揚永豐99購01  ,0,0,0,0,0,0,0,0,0,-120000,0,0,0,178000,298000,-120000,-120000
059202,禾聯碩永豐99購01,0,0,0,0,0,0,0,0,0,-120000,0,0,0,0,120000,-120000,-120000
063677,台光電國泰9C購02,0,0,0,0,0,0,0,0,0,-120000,0,0,0,0,120000,-120000,-120000
064685,裕隆群益9C購01  ,0,0,0,0,0,0,0,0,0,-120000,0,0,0,55000,175000,-120000,-120000
064356,矽創元大01購01  ,0,0,0,0,0,0,0,0,0,-120000,0,0,0,2000,122000,-120000,-120000
6592,和潤企業        ,152120,280000,-127880,0,0,0,0,0,0,7000,1000,0,1000,14000,8000,6000,-120880
062874,微星兆豐9B購01  ,0,0,0,0,0,0,0,0,0,-121000,0,0,0,30000,151000,-121000,-121000
07630P,臺股指凱基9A售11,0,0,0,0,0,0,0,0,0,-122000,0,0,0,24000,146000,-122000,-122000
062688,華擎統一01購03  ,0,0,0,0,0,0,0,0,0,-122000,0,0,0,20000,142000,-122000,-122000
063692,華擎永豐9B購02  ,0,0,0,0,0,0,0,0,0,-122000,0,0,0,0,122000,-122000,-122000
07783P,聯發科富邦9C售03,0,0,0,0,0,0,0,0,0,-123000,0,0,0,0,123000,-123000,-123000
053887,聯茂兆豐97購02  ,0,0,0,0,0,0,0,0,0,-123000,0,0,0,0,123000,-123000,-123000
064045,南亞科統一9C購04,0,0,0,0,0,0,0,0,0,-123000,0,0,0,0,123000,-123000,-123000
064183,聯茂富邦01購01  ,0,0,0,0,0,0,0,0,0,-123000,0,0,0,24000,147000,-123000,-123000
062008,南亞科國泰9C購01,0,0,0,0,0,0,0,0,0,-123000,0,0,0,20000,143000,-123000,-123000
062415,聯茂中信9C購01  ,0,0,0,0,0,0,0,0,0,-123000,0,0,0,0,123000,-123000,-123000
063139,聯發科統一9B購07,0,0,0,0,0,0,0,0,0,-123000,0,0,0,63000,186000,-123000,-123000
3311,閎暉            ,129000,253000,-124000,0,0,0,0,0,0,0,0,0,0,0,0,0,-124000
05174P,元金2X富邦9B售01,0,0,0,0,0,0,0,0,0,-124000,0,0,0,0,124000,-124000,-124000
059656,T50反1元大99購11,0,0,0,0,0,0,0,0,0,-124000,0,0,0,48000,172000,-124000,-124000
061155,華新科群益9A購06,0,0,0,0,0,0,0,0,0,-124000,0,0,0,98000,222000,-124000,-124000
063293,億豐元大9B購01  ,0,0,0,0,0,0,0,0,0,-124000,0,0,0,31000,155000,-124000,-124000
063862,世紀鋼國泰02購01,0,0,0,0,0,0,0,0,0,-124000,0,0,0,41000,165000,-124000,-124000
2501,國建            ,210500,336000,-125500,0,0,0,0,0,0,1000,1000,0,1000,0,0,0,-124500
3052,夆典            ,452000,581000,-129000,0,0,0,0,0,0,4000,4000,0,4000,0,0,0,-125000
06893P,致新元富98售02  ,0,0,0,0,0,0,0,0,0,-125000,0,0,0,12000,137000,-125000,-125000
055591,全新元大98購01  ,0,0,0,0,0,0,0,0,0,-125000,0,0,0,0,125000,-125000,-125000
057835,華擎元富9B購01  ,0,0,0,0,0,0,0,0,0,-125000,0,0,0,130000,255000,-125000,-125000
061424,華新科元大9A購18,0,0,0,0,0,0,0,0,0,-125000,0,0,0,0,125000,-125000,-125000
058268,泰碩永豐9A購01  ,0,0,0,0,0,0,0,0,0,-125000,0,0,0,0,125000,-125000,-125000
060373,元金2X元富9A購01,0,0,0,0,0,0,0,0,0,-125000,0,0,0,75000,200000,-125000,-125000
063551,美食國票9B購02  ,0,0,0,0,0,0,0,0,0,-125000,0,0,0,0,125000,-125000,-125000
064764,聯茂凱基01購01  ,0,0,0,0,0,0,0,0,0,-125000,0,0,0,22000,147000,-125000,-125000
063183,國巨凱基9B購12  ,0,0,0,0,0,0,0,0,0,-125000,0,0,0,69000,194000,-125000,-125000
063113,聯茂兆豐9B購01  ,0,0,0,0,0,0,0,0,0,-125000,0,0,0,9000,134000,-125000,-125000
07875P,祥碩群益9B售01  ,0,0,0,0,0,0,0,0,0,-126000,0,0,0,0,126000,-126000,-126000
07671P,超眾元大9A售04  ,0,0,0,0,0,0,0,0,0,-126000,0,0,0,0,126000,-126000,-126000
00638R,元大滬深300反1  ,0,0,0,0,0,0,0,0,0,-126000,0,0,0,214000,340000,-126000,-126000
059984,華新科元大99購21,0,0,0,0,0,0,0,0,0,-126000,0,0,0,7000,133000,-126000,-126000
063196,力成元富9B購01  ,0,0,0,0,0,0,0,0,0,-126000,0,0,0,0,126000,-126000,-126000
063874,志超永豐9C購01  ,0,0,0,0,0,0,0,0,0,-126000,0,0,0,50000,176000,-126000,-126000
4943,康控-KY         ,289000,414000,-125000,0,0,0,0,0,0,-2000,0,0,0,35000,37000,-2000,-127000
07996P,亞德客凱基9B售03,0,0,0,0,0,0,0,0,0,-127000,0,0,0,51000,178000,-127000,-127000
059761,國巨永豐99購06  ,0,0,0,0,0,0,0,0,0,-127000,0,0,0,19000,146000,-127000,-127000
063703,晶豪科群益9B購02,0,0,0,0,0,0,0,0,0,-127000,0,0,0,93000,220000,-127000,-127000
062577,泰鼎群益9B購01  ,0,0,0,0,0,0,0,0,0,-127000,0,0,0,155000,282000,-127000,-127000
8150,南茂            ,1203000,1280000,-77000,0,0,0,0,0,0,-50000,12000,0,12000,72000,134000,-62000,-127000
9917,中保科          ,202000,287000,-85000,0,0,0,0,0,0,-42000,1000,43000,-42000,0,0,0,-127000
054874,帆宣群益99購02  ,0,0,0,0,0,0,0,0,0,-128000,0,0,0,0,128000,-128000,-128000
060504,技嘉元大9A購02  ,0,0,0,0,0,0,0,0,0,-128000,0,0,0,54000,182000,-128000,-128000
057953,聚陽元大98購01  ,0,0,0,0,0,0,0,0,0,-128000,0,0,0,1000,129000,-128000,-128000
062754,台勝科麥證9B購01,0,0,0,0,128000,-128000,0,0,0,-128000,0,0,0,0,128000,-128000,-128000
08400P,美律元富9C售02  ,0,0,0,0,0,0,0,0,0,-129000,0,0,0,60000,189000,-129000,-129000
08495P,同欣電元大9C售08,0,0,0,0,0,0,0,0,0,-129000,0,0,0,11000,140000,-129000,-129000
058035,旭富永豐98購02  ,0,0,0,0,0,0,0,0,0,-129000,0,0,0,30000,159000,-129000,-129000
063740,矽格元大9B購03  ,0,0,0,0,0,0,0,0,0,-129000,0,0,0,173000,302000,-129000,-129000
063768,華新科國泰9C購03,0,0,0,0,0,0,0,0,0,-129000,0,0,0,0,129000,-129000,-129000
064527,裕隆中信01購01  ,0,0,0,0,0,0,0,0,0,-129000,0,0,0,72000,201000,-129000,-129000
08308P,聯發科凱基01售03,0,0,0,0,0,0,0,0,0,-130000,0,0,0,0,130000,-130000,-130000
1909,榮成            ,1017000,350000,667000,0,0,0,0,252000,-252000,-545000,5000,554000,-549000,4000,0,4000,-130000
07817P,同欣電群益9A售02,0,0,0,0,0,0,0,0,0,-130000,0,0,0,0,130000,-130000,-130000
047564,滬深2X國票99購01,0,0,0,0,0,0,0,0,0,-130000,0,0,0,100000,230000,-130000,-130000
057664,台積電元大9A購03,0,0,0,0,0,0,0,0,0,-130000,0,0,0,210000,340000,-130000,-130000
056356,台積電元大99購01,0,0,0,0,0,0,0,0,0,-130000,0,0,0,5000,135000,-130000,-130000
058536,群創統一9B購01  ,0,0,0,0,0,0,0,0,0,-130000,0,0,0,18000,148000,-130000,-130000
060305,得力永豐9A購01  ,0,0,0,0,0,0,0,0,0,-130000,0,0,0,49000,179000,-130000,-130000
058677,矽格群益99購01  ,0,0,0,0,0,0,0,0,0,-130000,0,0,0,19000,149000,-130000,-130000
063706,台虹群益9B購01  ,0,0,0,0,0,0,0,0,0,-130000,0,0,0,17000,147000,-130000,-130000
064159,新日興統一01購02,0,0,0,0,0,0,0,0,0,-130000,0,0,0,71000,201000,-130000,-130000
065017,和大富邦03購01  ,0,0,0,0,0,0,0,0,0,-131000,0,0,0,0,131000,-131000,-131000
056731,國巨凱基98購04  ,0,0,0,0,0,0,0,0,0,-131000,0,0,0,0,131000,-131000,-131000
064438,大立光凱基01購03,0,0,0,0,0,0,0,0,0,-131000,0,0,0,0,131000,-131000,-131000
065244,聯發科兆豐9C購05,0,0,0,0,0,0,0,0,0,-132000,0,0,0,4000,136000,-132000,-132000
07553P,嘉晶元大9A售02  ,0,0,0,0,0,0,0,0,0,-132000,0,0,0,10000,142000,-132000,-132000
06855P,聯發科富邦9A售01,0,0,0,0,0,0,0,0,0,-132000,0,0,0,43000,175000,-132000,-132000
07989P,玉晶光凱基9B售07,0,0,0,0,0,0,0,0,0,-132000,0,0,0,31000,163000,-132000,-132000
057688,國巨凱基99購07  ,0,0,0,0,0,0,0,0,0,-132000,0,0,0,0,132000,-132000,-132000
060336,南電康和9A購01  ,0,0,0,0,0,0,0,0,0,-132000,0,0,0,64000,196000,-132000,-132000
061725,國巨麥證9A購05  ,0,0,0,1000,134000,-133000,0,0,0,-132000,0,0,0,3000,135000,-132000,-132000
064253,貿聯元富9C購01  ,0,0,0,0,0,0,0,0,0,-132000,0,0,0,545000,677000,-132000,-132000
063593,GIS永豐9B購01   ,0,0,0,0,0,0,0,0,0,-132000,0,0,0,3000,135000,-132000,-132000
065094,新日興元大9C購04,0,0,0,0,0,0,0,0,0,-133000,0,0,0,0,133000,-133000,-133000
057573,京鼎永豐98購02  ,0,0,0,0,0,0,0,0,0,-133000,0,0,0,0,133000,-133000,-133000
058298,聯茂凱基99購05  ,0,0,0,0,0,0,0,0,0,-133000,0,0,0,0,133000,-133000,-133000
064351,中租元大9C購01  ,20000,0,20000,0,0,0,0,0,0,-153000,0,0,0,62000,215000,-153000,-133000
055781,聯詠凱基98購01  ,0,0,0,0,0,0,0,0,0,-134000,0,0,0,0,134000,-134000,-134000
061037,嘉澤永豐9A購01  ,0,0,0,0,0,0,0,0,0,-134000,0,0,0,27000,161000,-134000,-134000
062647,南電國泰9C購02  ,0,0,0,0,0,0,0,0,0,-134000,0,0,0,472000,606000,-134000,-134000
063244,華新科元大9B購11,0,0,0,0,0,0,0,0,0,-134000,0,0,0,1000,135000,-134000,-134000
064987,勤誠元大9C購02  ,0,0,0,0,0,0,0,0,0,-135000,0,0,0,24000,159000,-135000,-135000
065168,台積電元大02購02,0,0,0,0,0,0,0,0,0,-135000,0,0,0,52000,187000,-135000,-135000
065404,玉晶光國泰02購03,0,0,0,0,0,0,0,0,0,-135000,0,0,0,3000,138000,-135000,-135000
07016P,聯發科元大99售10,0,0,0,0,0,0,0,0,0,-135000,0,0,0,0,135000,-135000,-135000
00850,元大臺灣ESG永續 ,0,0,0,0,0,0,0,0,0,-135000,0,0,0,568000,703000,-135000,-135000
060284,南港元大01購01  ,0,0,0,0,0,0,0,0,0,-135000,0,0,0,197000,332000,-135000,-135000
060677,京元電元大9A購04,0,0,0,0,0,0,0,0,0,-135000,0,0,0,14000,149000,-135000,-135000
061929,嘉澤凱基9B購01  ,0,0,0,0,0,0,0,0,0,-135000,0,0,0,25000,160000,-135000,-135000
062165,聯茂國泰01購01  ,0,0,0,0,0,0,0,0,0,-135000,0,0,0,0,135000,-135000,-135000
064515,中橡群益9C購01  ,0,0,0,0,0,0,0,0,0,-135000,0,0,0,66000,201000,-135000,-135000
6226,光鼎            ,219000,363000,-144000,0,0,0,0,0,0,9000,9000,0,9000,0,0,0,-135000
052890,FB上証群益9B購01,0,0,0,0,0,0,0,0,0,-136000,0,0,0,45000,181000,-136000,-136000
056895,技嘉元大98購01  ,0,0,0,0,0,0,0,0,0,-136000,0,0,0,22000,158000,-136000,-136000
6533,晶心科          ,441000,582000,-141000,0,0,0,0,0,0,5000,5000,0,5000,0,0,0,-136000
07694P,超眾元大9A售05  ,0,0,0,0,0,0,0,0,0,-137000,0,0,0,29000,166000,-137000,-137000
065261,技嘉元大9C購03  ,0,0,0,0,0,0,0,0,0,-137000,0,0,0,75000,212000,-137000,-137000
054807,台化元大9A購02  ,0,0,0,0,0,0,0,0,0,-137000,0,0,0,0,137000,-137000,-137000
060474,中租元大9B購01  ,0,0,0,0,0,0,0,0,0,-137000,0,0,0,70000,207000,-137000,-137000
058504,台積電元大99購07,0,0,0,0,0,0,0,0,0,-137000,0,0,0,0,137000,-137000,-137000
062718,技嘉凱基9B購01  ,0,0,0,0,0,0,0,0,0,-137000,0,0,0,73000,210000,-137000,-137000
07883P,可成凱基9B售03  ,0,0,0,0,0,0,0,0,0,-138000,0,0,0,58000,196000,-138000,-138000
03840P,台積電統一99售02,0,0,0,0,0,0,0,0,0,-138000,0,0,0,0,138000,-138000,-138000
054455,楠梓電群益98購02,0,0,0,0,0,0,0,0,0,-138000,0,0,0,69000,207000,-138000,-138000
056272,嘉澤統一99購01  ,0,0,0,0,0,0,0,0,0,-138000,0,0,0,8000,146000,-138000,-138000
058403,玉晶光元大99購12,0,0,0,0,0,0,0,0,0,-138000,0,0,0,1000,139000,-138000,-138000
062942,嘉澤凱基9B購02  ,0,0,0,0,0,0,0,0,0,-138000,0,0,0,47000,185000,-138000,-138000
064398,聚陽凱基01購01  ,0,0,0,0,0,0,0,0,0,-138000,0,0,0,42000,180000,-138000,-138000
08186P,泰碩永豐9B售03  ,0,0,0,0,0,0,0,0,0,-139000,0,0,0,0,139000,-139000,-139000
054354,技嘉富邦97購01  ,0,0,0,0,0,0,0,0,0,-139000,0,0,0,10000,149000,-139000,-139000
061680,崇越元大9A購01  ,0,0,0,0,0,0,0,0,0,-139000,0,0,0,41000,180000,-139000,-139000
060048,元金2X凱基99購03,0,0,0,0,0,0,0,0,0,-139000,0,0,0,0,139000,-139000,-139000
6558,興能高          ,71000,210000,-139000,0,0,0,0,0,0,0,0,0,0,0,0,0,-139000
064885,T50反1中信04購01,0,0,0,0,0,0,0,0,0,-140000,0,0,0,0,140000,-140000,-140000
064886,燿華中信01購01  ,0,0,0,0,0,0,0,0,0,-140000,0,0,0,10000,150000,-140000,-140000
06487P,聯發科統一99售02,0,0,0,0,0,0,0,0,0,-140000,0,0,0,0,140000,-140000,-140000
056464,臺股指凱基99購06,0,0,0,0,0,0,0,0,0,-140000,0,0,0,0,140000,-140000,-140000
056506,晶豪科永豐98購02,0,0,0,0,0,0,0,0,0,-140000,0,0,0,10000,150000,-140000,-140000
057330,台積電國票99購03,0,0,0,0,0,0,0,0,0,-140000,0,0,0,110000,250000,-140000,-140000
061506,瑞祺國票9A購02  ,0,0,0,0,0,0,0,0,0,-140000,0,0,0,22000,162000,-140000,-140000
063607,中租凱基9B購02  ,0,0,0,0,0,0,0,0,0,-140000,0,0,0,34000,174000,-140000,-140000
062996,致茂國票9C購01  ,0,0,0,0,0,0,0,0,0,-140000,0,0,0,15000,155000,-140000,-140000
062521,玉晶光元大9C購05,0,0,0,0,0,0,0,0,0,-140000,0,0,0,26000,166000,-140000,-140000
065066,南電群益9C購02  ,0,0,0,0,0,0,0,0,0,-141000,0,0,0,1000,142000,-141000,-141000
1218,泰山            ,277000,418000,-141000,0,0,0,0,0,0,0,0,0,0,0,0,0,-141000
055827,中石化元大98購01,0,0,0,0,0,0,0,0,0,-141000,0,0,0,60000,201000,-141000,-141000
061263,微星凱基9A購01  ,0,0,0,0,0,0,0,0,0,-141000,0,0,0,0,141000,-141000,-141000
6573,虹揚-KY         ,79000,220000,-141000,0,0,0,0,0,0,0,0,0,0,0,0,0,-141000
1210,大成            ,265000,348612,-83612,0,0,0,0,0,0,-57550,0,57550,-57550,0,0,0,-141162
2104,國際中橡        ,747000,725000,22000,0,0,0,0,0,0,-163315,2000,75000,-73000,5000,95315,-90315,-141315
3008,大立光          ,234232,329820,-95588,0,0,0,0,50358,-50358,4000,14000,11000,3000,4000,3000,1000,-141946
064861,緯創富邦9C購01  ,0,0,0,0,0,0,0,0,0,-142000,0,0,0,132000,274000,-142000,-142000
06832P,玉晶光凱基98售03,0,0,0,0,0,0,0,0,0,-142000,0,0,0,0,142000,-142000,-142000
061545,華新科群益9A購09,0,0,0,0,0,0,0,0,0,-142000,0,0,0,2000,144000,-142000,-142000
057049,新日興元大98購02,0,0,0,0,0,0,0,0,0,-142000,0,0,0,85000,227000,-142000,-142000
057334,技嘉國票98購02  ,0,0,0,0,0,0,0,0,0,-142000,0,0,0,75000,217000,-142000,-142000
054220,國巨統一97購02  ,0,0,0,0,0,0,0,0,0,-142000,0,0,0,8000,150000,-142000,-142000
058721,立積元富9C購01  ,0,0,0,0,0,0,0,0,0,-142000,0,0,0,316000,458000,-142000,-142000
061769,晶技元大9B購03  ,0,0,0,0,0,0,0,0,0,-142000,0,0,0,160000,302000,-142000,-142000
062668,國巨中信9B購04  ,0,0,0,0,0,0,0,0,0,-142000,0,0,0,0,142000,-142000,-142000
063578,瑞祺元大9B購03  ,0,0,0,0,0,0,0,0,0,-142000,0,0,0,147000,289000,-142000,-142000
065200,健策元富9C購04  ,0,0,0,0,0,0,0,0,0,-143000,0,0,0,0,143000,-143000,-143000
4934,太極            ,209000,352000,-143000,0,0,0,0,0,0,0,0,0,0,0,0,0,-143000
2471,資通            ,56000,200000,-144000,0,0,0,0,0,0,1000,1000,0,1000,0,0,0,-143000
1315,達新            ,105000,232000,-127000,0,0,0,0,0,0,-16000,0,0,0,4000,20000,-16000,-143000
08250P,GIS群益9C售02   ,0,0,0,0,0,0,0,0,0,-143000,0,0,0,20000,163000,-143000,-143000
057721,華擎元富98購02  ,0,0,0,0,0,0,0,0,0,-143000,0,0,0,115000,258000,-143000,-143000
059607,台積電富邦9C購04,0,0,0,0,0,0,0,0,0,-143000,0,0,0,100000,243000,-143000,-143000
08270P,鴻海富邦9C售02  ,0,0,0,0,0,0,0,0,0,-144000,0,0,0,62000,206000,-144000,-144000
08434P,臺股指凱基03售02,0,0,0,0,0,0,0,0,0,-144000,0,0,0,104000,248000,-144000,-144000
065143,聯發科凱基9C購07,0,0,0,0,0,0,0,0,0,-144000,0,0,0,48000,192000,-144000,-144000
056818,正崴永豐98購01  ,0,0,0,0,0,0,0,0,0,-144000,0,0,0,177000,321000,-144000,-144000
064319,南電群益9C購01  ,0,0,0,0,0,0,0,0,0,-144000,0,0,0,5000,149000,-144000,-144000
063141,聯發科統一9C購10,0,0,0,0,0,0,0,0,0,-144000,0,0,0,115000,259000,-144000,-144000
1103,嘉泥            ,637000,791000,-154000,0,0,0,0,0,0,9000,9000,0,9000,0,0,0,-145000
061228,聯茂中信9A購01  ,0,0,0,0,0,0,0,0,0,-145000,0,0,0,100000,245000,-145000,-145000
057810,技嘉元大98購06  ,0,0,0,0,0,0,0,0,0,-145000,0,0,0,32000,177000,-145000,-145000
055541,聚陽凱基98購01  ,0,0,0,0,0,0,0,0,0,-145000,0,0,0,1000,146000,-145000,-145000
059510,華新科永豐99購07,0,0,0,0,0,0,0,0,0,-145000,0,0,0,40000,185000,-145000,-145000
061900,志超永豐9B購01  ,0,0,0,0,0,0,0,0,0,-145000,0,0,0,33000,178000,-145000,-145000
060383,葡萄王凱基9A購01,0,0,0,0,0,0,0,0,0,-145000,0,0,0,0,145000,-145000,-145000
063419,聯發科凱基03購01,0,0,0,0,0,0,0,0,0,-145000,0,0,0,7000,152000,-145000,-145000
063412,寶成國票9C購01  ,0,0,0,0,0,0,0,0,0,-145000,0,0,0,49000,194000,-145000,-145000
063891,國巨群益9C購07  ,0,0,0,0,0,0,0,0,0,-145000,0,0,0,98000,243000,-145000,-145000
08351P,南六國票01售02  ,0,0,0,0,0,0,0,0,0,-146000,0,0,0,53000,199000,-146000,-146000
07806P,健策永豐9A售02  ,0,0,0,0,0,0,0,0,0,-146000,0,0,0,0,146000,-146000,-146000
061580,華擎元大9A購06  ,0,0,0,0,0,0,0,0,0,-146000,0,0,0,0,146000,-146000,-146000
059730,晶相光元大9C購02,0,0,0,0,0,0,0,0,0,-146000,0,0,0,207000,353000,-146000,-146000
059056,技嘉凱基99購02  ,0,0,0,0,0,0,0,0,0,-146000,0,0,0,50000,196000,-146000,-146000
063529,聯茂凱基9B購02  ,0,0,0,0,0,0,0,0,0,-146000,0,0,0,0,146000,-146000,-146000
063332,矽格國票9B購01  ,0,0,0,0,0,0,0,0,0,-146000,0,0,0,58000,204000,-146000,-146000
063112,祥碩兆豐9B購01  ,0,0,0,0,0,0,0,0,0,-146000,0,0,0,114000,260000,-146000,-146000
062219,燿華統一9B購01  ,0,0,0,0,0,0,0,0,0,-146000,0,0,0,128000,274000,-146000,-146000
07917P,可成永豐9B售01  ,0,0,0,0,0,0,0,0,0,-147000,0,0,0,27000,174000,-147000,-147000
057579,長榮航中信9A購01,0,0,0,0,0,0,0,0,0,-147000,0,0,0,25000,172000,-147000,-147000
056611,國巨永豐98購03  ,0,0,0,0,0,0,0,0,0,-147000,0,0,0,4000,151000,-147000,-147000
063565,旺宏元大9B購08  ,0,0,0,0,0,0,0,0,0,-147000,0,0,0,35000,182000,-147000,-147000
064466,聯電元富9C購01  ,0,0,0,0,0,0,0,0,0,-147000,0,0,0,147000,294000,-147000,-147000
065289,冠德群益9C購01  ,0,0,0,0,0,0,0,0,0,-148000,0,0,0,22000,170000,-148000,-148000
057393,台積電中信02購01,0,0,0,0,0,0,0,0,0,-148000,0,0,0,346000,494000,-148000,-148000
060123,光罩永豐99購02  ,0,0,0,0,0,0,0,0,0,-148000,0,0,0,116000,264000,-148000,-148000
064581,葡萄王永豐9C購01,0,0,0,0,0,0,0,0,0,-148000,0,0,0,0,148000,-148000,-148000
064784,祥碩群益9C購01  ,0,0,0,0,0,0,0,0,0,-149000,0,0,0,55000,204000,-149000,-149000
056419,欣興元富98購02  ,0,0,0,0,0,0,0,0,0,-149000,0,0,0,0,149000,-149000,-149000
058456,京鼎永豐99購01  ,0,0,0,0,0,0,0,0,0,-149000,0,0,0,12000,161000,-149000,-149000
062138,力成群益9B購01  ,0,0,0,0,0,0,0,0,0,-149000,0,0,0,44000,193000,-149000,-149000
063083,聯發科凱基01購02,0,0,0,0,0,0,0,0,0,-149000,0,0,0,2000,151000,-149000,-149000
063261,康控富邦03購01  ,10000,0,10000,0,0,0,0,0,0,-159000,0,0,0,237000,396000,-159000,-149000
063205,貿聯統一9C購01  ,0,0,0,0,0,0,0,0,0,-149000,0,0,0,152000,301000,-149000,-149000
063473,茂林元大9B購05  ,0,0,0,0,0,0,0,0,0,-149000,0,0,0,18000,167000,-149000,-149000
065239,超眾凱基02購02  ,0,0,0,0,0,0,0,0,0,-150000,0,0,0,21000,171000,-150000,-150000
057001,華邦電國票99購02,0,0,0,0,0,0,0,0,0,-150000,0,0,0,0,150000,-150000,-150000
061711,台積電凱基9A購27,0,0,0,0,0,0,0,0,0,-150000,0,0,0,0,150000,-150000,-150000
059040,訊芯群益99購03  ,0,0,0,0,0,0,0,0,0,-150000,0,0,0,0,150000,-150000,-150000
059685,T50正2永豐99購02,0,0,0,0,0,0,0,0,0,-150000,0,0,0,0,150000,-150000,-150000
059429,台積電元大99購35,0,0,0,0,0,0,0,0,0,-150000,0,0,0,0,150000,-150000,-150000
062722,京元電凱基9B購02,0,0,0,0,0,0,0,0,0,-150000,0,0,0,67000,217000,-150000,-150000
062753,台積電麥證9B購01,0,0,0,0,150000,-150000,0,0,0,-150000,0,0,0,0,150000,-150000,-150000
064021,國巨元大9C購15  ,0,0,0,0,0,0,0,0,0,-150000,0,0,0,7000,157000,-150000,-150000
06967P,台郡台新99售02  ,0,0,0,0,0,0,0,0,0,-151000,0,0,0,55000,206000,-151000,-151000
057461,國巨永豐98購07  ,0,0,0,0,0,0,0,0,0,-151000,0,0,0,30000,181000,-151000,-151000
054201,聯詠富邦97購02  ,0,0,0,0,0,0,0,0,0,-151000,0,0,0,119000,270000,-151000,-151000
060933,南電永豐9A購02  ,0,0,0,0,0,0,0,0,0,-151000,0,0,0,0,151000,-151000,-151000
060489,世紀鋼群益9A購01,0,0,0,0,0,0,0,0,0,-151000,0,0,0,0,151000,-151000,-151000
063809,矽創兆豐01購01  ,0,0,0,0,0,0,0,0,0,-151000,0,0,0,20000,171000,-151000,-151000
065033,和碩兆豐9C購01  ,0,0,0,0,0,0,0,0,0,-152000,0,0,0,33000,185000,-152000,-152000
055810,T50反1國票99購01,0,0,0,0,0,0,0,0,0,-152000,0,0,0,74000,226000,-152000,-152000
060921,中橡永豐9A購02  ,0,0,0,0,0,0,0,0,0,-152000,0,0,0,0,152000,-152000,-152000
059754,訊芯群益9A購01  ,0,0,0,0,0,0,0,0,0,-152000,0,0,0,6000,158000,-152000,-152000
062719,微星凱基9B購01  ,0,0,0,0,0,0,0,0,0,-152000,0,0,0,10000,162000,-152000,-152000
063489,新日興國泰01購01,0,0,0,0,0,0,0,0,0,-152000,0,0,0,0,152000,-152000,-152000
9925,新保            ,123000,275000,-152000,0,0,0,0,0,0,0,0,0,0,0,0,0,-152000
065029,微星兆豐9C購01  ,0,0,0,0,0,0,0,0,0,-153000,0,0,0,90000,243000,-153000,-153000
056921,京元電兆豐98購01,0,0,0,0,0,0,0,0,0,-153000,0,0,0,0,153000,-153000,-153000
058790,楠梓電元大99購03,0,0,0,0,0,0,0,0,0,-153000,0,0,0,0,153000,-153000,-153000
060303,宏達電富邦9B購01,0,0,0,0,0,0,0,0,0,-153000,0,0,0,101000,254000,-153000,-153000
063890,正隆群益9C購01  ,0,0,0,0,0,0,0,0,0,-153000,0,0,0,16000,169000,-153000,-153000
063990,世芯永豐01購01  ,0,0,0,0,0,0,0,0,0,-153000,0,0,0,38000,191000,-153000,-153000
064811,華擎元大01購01  ,0,0,0,0,0,0,0,0,0,-154000,0,0,0,0,154000,-154000,-154000
065182,南電元大9C購05  ,0,0,0,0,0,0,0,0,0,-154000,0,0,0,18000,172000,-154000,-154000
08120P,南亞科國票9C售01,0,0,0,0,0,0,0,0,0,-154000,0,0,0,0,154000,-154000,-154000
057367,技嘉元大98購02  ,0,0,0,0,0,0,0,0,0,-154000,0,0,0,6000,160000,-154000,-154000
060861,漢唐永豐9A購01  ,0,0,0,0,0,0,0,0,0,-154000,0,0,0,3000,157000,-154000,-154000
061908,台積電中信05購01,0,0,0,0,0,0,0,0,0,-154000,0,0,0,3000,157000,-154000,-154000
060034,立積永豐99購04  ,0,0,0,0,0,0,0,0,0,-154000,0,0,0,49000,203000,-154000,-154000
058972,新日興永豐9A購01,0,0,0,0,0,0,0,0,0,-154000,0,0,0,20000,174000,-154000,-154000
063169,台汽電永豐9B購01,0,0,0,0,0,0,0,0,0,-154000,0,0,0,65000,219000,-154000,-154000
062539,可成國泰01購01  ,0,0,0,0,0,0,0,0,0,-154000,0,0,0,124000,278000,-154000,-154000
062650,南電富邦01購01  ,0,0,0,0,0,0,0,0,0,-154000,0,0,0,12000,166000,-154000,-154000
062645,國巨國泰9B購08  ,0,0,0,0,0,0,0,0,0,-154000,0,0,0,66000,220000,-154000,-154000
064917,元大金統一02購01,0,0,0,0,0,0,0,0,0,-155000,0,0,0,128000,283000,-155000,-155000
061244,和碩兆豐9A購01  ,0,0,0,0,0,0,0,0,0,-155000,0,0,0,41000,196000,-155000,-155000
063369,聚陽永豐9B購01  ,0,0,0,0,0,0,0,0,0,-155000,0,0,0,10000,165000,-155000,-155000
064447,喬山統一02購01  ,0,0,0,0,0,0,0,0,0,-155000,0,0,0,0,155000,-155000,-155000
060988,華新科元大9A購12,0,0,0,0,0,0,0,0,0,-156000,0,0,0,4000,160000,-156000,-156000
064329,國巨元大01購03  ,0,0,0,0,0,0,0,0,0,-156000,0,0,0,48000,204000,-156000,-156000
062004,國巨國泰9C購03  ,0,0,0,0,0,0,0,0,0,-156000,0,0,0,10000,166000,-156000,-156000
060890,大立光統一01購01,0,0,0,0,0,0,0,0,0,-157000,0,0,0,0,157000,-157000,-157000
060821,SP黃豆元大9A購02,0,0,0,0,0,0,0,0,0,-157000,0,0,0,224000,381000,-157000,-157000
065147,寶成凱基01購01  ,0,0,0,0,0,0,0,0,0,-158000,0,0,0,9000,167000,-158000,-158000
065314,矽創國票01購02  ,0,0,0,0,0,0,0,0,0,-158000,0,0,0,0,158000,-158000,-158000
057048,新日興元大98購01,0,0,0,0,0,0,0,0,0,-158000,0,0,0,154000,312000,-158000,-158000
057190,立積元大9A購02  ,0,0,0,0,0,0,0,0,0,-158000,0,0,0,168000,326000,-158000,-158000
056639,國產康和98購01  ,0,0,0,0,0,0,0,0,0,-158000,0,0,0,20000,178000,-158000,-158000
057347,國巨統一9A購03  ,0,0,0,0,0,0,0,0,0,-158000,0,0,0,220000,378000,-158000,-158000
054169,上緯控凱基98購01,0,0,0,0,0,0,0,0,0,-158000,0,0,0,0,158000,-158000,-158000
060719,瀚宇博永豐9A購01,0,0,0,0,0,0,0,0,0,-158000,0,0,0,0,158000,-158000,-158000
058468,聯茂中信99購02  ,0,0,0,0,0,0,0,0,0,-158000,0,0,0,10000,168000,-158000,-158000
062919,聯茂元大9B購01  ,0,0,0,0,0,0,0,0,0,-158000,0,0,0,20000,178000,-158000,-158000
063710,光寶科凱基9C購01,0,0,0,0,0,0,0,0,0,-158000,0,0,0,204000,362000,-158000,-158000
063093,國產國票9B購01  ,0,0,0,0,0,0,0,0,0,-159000,0,0,0,0,159000,-159000,-159000
065266,創意元大9C購05  ,0,0,0,0,0,0,0,0,0,-160000,0,0,0,172000,332000,-160000,-160000
064815,台表科元大01購01,0,0,0,0,0,0,0,0,0,-160000,0,0,0,354000,514000,-160000,-160000
07089P,臺指2X中信01售01,0,0,0,0,0,0,0,0,0,-160000,0,0,0,40000,200000,-160000,-160000
07840P,康控元大9A售02  ,0,0,0,0,0,0,0,0,0,-160000,0,0,0,218000,378000,-160000,-160000
056635,亞德客日盛99購01,0,0,0,0,0,0,0,0,0,-160000,0,0,0,0,160000,-160000,-160000
061416,聯茂群益9A購01  ,0,0,0,0,0,0,0,0,0,-160000,0,0,0,6000,166000,-160000,-160000
057665,技嘉元大99購01  ,0,0,0,0,0,0,0,0,0,-160000,0,0,0,9000,169000,-160000,-160000
061645,超眾元大9A購06  ,0,0,0,0,0,0,0,0,0,-160000,0,0,0,194000,354000,-160000,-160000
059980,台積電元大99購50,0,0,0,0,0,0,0,0,0,-160000,0,0,0,0,160000,-160000,-160000
061012,國巨麥證9A購03  ,0,0,0,0,161000,-161000,0,0,0,-160000,0,0,0,1000,161000,-160000,-160000
058776,台積電國票9A購03,0,0,0,0,0,0,0,0,0,-160000,0,0,0,207000,367000,-160000,-160000
063145,台表科統一02購01,0,0,0,0,0,0,0,0,0,-160000,0,0,0,245000,405000,-160000,-160000
062822,力成兆豐9B購01  ,0,0,0,0,0,0,0,0,0,-160000,0,0,0,0,160000,-160000,-160000
064121,國巨元大9C購16  ,0,0,0,0,0,0,0,0,0,-160000,0,0,0,2000,162000,-160000,-160000
064918,中信金統一02購01,0,0,0,0,0,0,0,0,0,-162000,0,0,0,0,162000,-162000,-162000
061612,南六統一9A購01  ,0,0,0,0,0,0,0,0,0,-162000,0,0,0,7000,169000,-162000,-162000
056460,同欣電凱基99購01,0,0,0,0,0,0,0,0,0,-162000,0,0,0,85000,247000,-162000,-162000
061783,友達群益9B購01  ,0,0,0,0,0,0,0,0,0,-162000,0,0,0,73000,235000,-162000,-162000
063817,GIS群益9C購01   ,0,0,0,0,0,0,0,0,0,-162000,0,0,0,31000,193000,-162000,-162000
08149P,祥碩群益9B售07  ,0,0,0,0,0,0,0,0,0,-163000,0,0,0,0,163000,-163000,-163000
057084,立積統一9B購01  ,0,0,0,0,0,0,0,0,0,-163000,0,0,0,0,163000,-163000,-163000
057971,華新科富邦9B購02,0,0,0,0,0,0,0,0,0,-163000,0,0,0,1000,164000,-163000,-163000
060280,元金2X元大9A購01,0,0,0,0,0,0,0,0,0,-163000,0,0,0,0,163000,-163000,-163000
064449,金寶統一01購02  ,0,0,0,0,0,0,0,0,0,-163000,0,0,0,75000,238000,-163000,-163000
064726,創意統一01購03  ,0,0,0,0,0,0,0,0,0,-163000,0,0,0,223000,386000,-163000,-163000
064812,旭富元大9C購04  ,0,0,0,0,0,0,0,0,0,-164000,0,0,0,14000,178000,-164000,-164000
065193,和大元富03購02  ,0,0,0,0,0,0,0,0,0,-164000,0,0,0,85000,249000,-164000,-164000
07838P,泰碩元大9A售04  ,0,0,0,0,0,0,0,0,0,-164000,0,0,0,67000,231000,-164000,-164000
061536,華擎統一9C購02  ,0,0,0,0,0,0,0,0,0,-164000,0,0,0,0,164000,-164000,-164000
057937,神達群益98購02  ,0,0,0,0,0,0,0,0,0,-164000,0,0,0,141000,305000,-164000,-164000
064037,寶成元大9C購02  ,0,0,0,0,0,0,0,0,0,-164000,0,0,0,9000,173000,-164000,-164000
062461,智伸科群益9B購01,0,0,0,0,0,0,0,0,0,-164000,0,0,0,64000,228000,-164000,-164000
065310,華擎國票01購01  ,0,0,0,0,0,0,0,0,0,-165000,0,0,0,0,165000,-165000,-165000
060471,台勝科元大9B購01,0,0,0,0,0,0,0,0,0,-165000,0,0,0,15000,180000,-165000,-165000
064475,台積電國泰02購03,0,0,0,0,0,0,0,0,0,-165000,0,0,0,104000,269000,-165000,-165000
08097P,嘉澤永豐9B售03  ,0,0,0,0,0,0,0,0,0,-166000,0,0,0,0,166000,-166000,-166000
08542P,台勝科國票02售01,0,0,0,0,0,0,0,0,0,-166000,0,0,0,63000,229000,-166000,-166000
057955,技嘉元大98購07  ,0,0,0,0,0,0,0,0,0,-166000,0,0,0,270000,436000,-166000,-166000
063381,和潤永豐9B購01  ,0,0,0,0,0,0,0,0,0,-166000,0,0,0,0,166000,-166000,-166000
2615,萬海            ,240000,407000,-167000,0,0,0,0,1000,-1000,1000,2000,1000,1000,0,0,0,-167000
05749P,臺股指群益99售03,0,0,0,0,0,0,0,0,0,-167000,0,0,0,5000,172000,-167000,-167000
061643,嘉澤元大9A購05  ,0,0,0,0,0,0,0,0,0,-167000,0,0,0,170000,337000,-167000,-167000
064825,英業達統一9C購01,0,0,0,0,0,0,0,0,0,-168000,0,0,0,0,168000,-168000,-168000
06962P,華新科永豐99售01,0,0,0,0,0,0,0,0,0,-168000,0,0,0,66000,234000,-168000,-168000
06912P,台光電元大99售02,0,0,0,0,0,0,0,0,0,-168000,0,0,0,503000,671000,-168000,-168000
056346,聯茂凱基99購02  ,0,0,0,0,0,0,0,0,0,-168000,0,0,0,31000,199000,-168000,-168000
063188,TPK凱基9B購01   ,0,0,0,0,0,0,0,0,0,-168000,0,0,0,273000,441000,-168000,-168000
064065,大立光富邦02購02,0,0,0,0,0,0,0,0,0,-168000,0,0,0,70000,238000,-168000,-168000
063536,美食統一01購01  ,0,0,0,0,0,0,0,0,0,-168000,0,0,0,124000,292000,-168000,-168000
059671,滬深2X元富99購05,0,0,0,0,0,0,0,0,0,-169000,0,0,0,102000,271000,-169000,-169000
062520,晶豪科元大9B購02,0,0,0,0,0,0,0,0,0,-169000,0,0,0,7000,176000,-169000,-169000
07615P,華通中信02售02  ,0,0,0,0,0,0,0,0,0,-170000,0,0,0,0,170000,-170000,-170000
07616P,瑞昱中信02售01  ,0,0,0,0,0,0,0,0,0,-170000,0,0,0,0,170000,-170000,-170000
03657C,T50反1元大99牛01,0,0,0,0,0,0,0,0,0,-170000,0,0,0,180000,350000,-170000,-170000
020015,統一MSCI美低波N ,0,0,0,0,0,0,0,0,0,-170000,0,0,0,140000,310000,-170000,-170000
059913,台積電元大99購44,0,0,0,0,0,0,0,0,0,-170000,0,0,0,0,170000,-170000,-170000
058217,新唐群益99購01  ,0,0,0,0,0,0,0,0,0,-170000,0,0,0,290000,460000,-170000,-170000
062849,中興電永豐9B購02,0,0,0,0,0,0,0,0,0,-170000,0,0,0,19000,189000,-170000,-170000
064465,台表科統一01購02,0,0,0,0,0,0,0,0,0,-170000,0,0,0,747000,917000,-170000,-170000
6452,康友-KY         ,163000,318000,-155000,0,0,0,0,0,0,-15000,0,0,0,8000,23000,-15000,-170000
057207,立積元富98購02  ,0,0,0,0,0,0,0,0,0,-171000,0,0,0,1000,172000,-171000,-171000
062026,華邦電群益9B購01,0,0,0,0,0,0,0,0,0,-171000,0,0,0,140000,311000,-171000,-171000
061113,南電元大9A購03  ,0,0,0,0,0,0,0,0,0,-171000,0,0,0,24000,195000,-171000,-171000
064392,喬山永豐9C購01  ,0,0,0,0,0,0,0,0,0,-171000,0,0,0,0,171000,-171000,-171000
065302,聯發科元富03購04,0,0,0,0,0,0,0,0,0,-172000,0,0,0,15000,187000,-172000,-172000
063574,茂林元大9B購07  ,0,0,0,0,0,0,0,0,0,-172000,0,0,0,5000,177000,-172000,-172000
063701,燿華群益9B購02  ,0,0,0,0,0,0,0,0,0,-172000,0,0,0,10000,182000,-172000,-172000
063192,技嘉台新9B購01  ,0,0,0,0,0,0,0,0,0,-172000,0,0,0,9000,181000,-172000,-172000
063837,亞德客元大01購01,0,0,0,0,0,0,0,0,0,-173000,0,0,0,0,173000,-173000,-173000
064165,同欣電統一01購01,0,0,0,0,0,0,0,0,0,-173000,0,0,0,25000,198000,-173000,-173000
061695,群創群益9A購01  ,0,0,0,0,0,0,0,0,0,-174000,0,0,0,2000,176000,-174000,-174000
058129,國巨元大99購10  ,0,0,0,0,0,0,0,0,0,-174000,0,0,0,127000,301000,-174000,-174000
064444,聚陽統一01購02  ,0,0,0,0,0,0,0,0,0,-174000,0,0,0,70000,244000,-174000,-174000
062991,台光電群益9B購03,0,0,0,0,0,0,0,0,0,-174000,0,0,0,18000,192000,-174000,-174000
058429,欣興元富99購01  ,0,0,0,0,0,0,0,0,0,-175000,0,0,0,6000,181000,-175000,-175000
059944,欣興永豐99購03  ,0,0,0,0,0,0,0,0,0,-175000,0,0,0,41000,216000,-175000,-175000
059194,元金2X永豐99購01,0,0,0,0,0,0,0,0,0,-175000,0,0,0,50000,225000,-175000,-175000
063259,廣達富邦9C購01  ,0,0,0,0,0,0,0,0,0,-175000,0,0,0,200000,375000,-175000,-175000
063285,華擎元大9B購03  ,0,0,0,0,0,0,0,0,0,-175000,0,0,0,0,175000,-175000,-175000
063730,台積電元大9B購09,0,0,0,0,0,0,0,0,0,-175000,0,0,0,0,175000,-175000,-175000
065174,華新科元大02購02,0,0,0,0,0,0,0,0,0,-176000,0,0,0,0,176000,-176000,-176000
061417,力成群益9A購01  ,0,0,0,0,0,0,0,0,0,-176000,0,0,0,231000,407000,-176000,-176000
059051,和大凱基9A購01  ,0,0,0,0,0,0,0,0,0,-176000,0,0,0,47000,223000,-176000,-176000
064598,國巨元富9C購03  ,0,0,0,0,0,0,0,0,0,-176000,0,0,0,36000,212000,-176000,-176000
062685,華新科統一9C購03,0,0,0,0,0,0,0,0,0,-176000,0,0,0,0,176000,-176000,-176000
065191,南電統一01購03  ,0,0,0,0,0,0,0,0,0,-177000,0,0,0,5000,182000,-177000,-177000
062742,技嘉國泰01購01  ,0,0,0,0,0,0,0,0,0,-177000,0,0,0,2000,179000,-177000,-177000
061984,華新科元大9B購05,0,0,0,0,0,0,0,0,0,-177000,0,0,0,0,177000,-177000,-177000
06338P,亞德客統一97售02,0,0,0,0,0,0,0,0,0,-177000,0,0,0,51000,228000,-177000,-177000
063773,可成富邦9C購01  ,0,0,0,0,0,0,0,0,0,-177000,0,0,0,90000,267000,-177000,-177000
1736,喬山            ,330000,528000,-198000,0,0,0,0,0,0,19000,1000,0,1000,29000,11000,18000,-179000
4956,光鋐            ,890000,1067000,-177000,0,0,0,0,0,0,-2000,0,2000,-2000,0,0,0,-179000
063286,嘉澤元大9B購04  ,0,0,0,0,0,0,0,0,0,-179000,0,0,0,126000,305000,-179000,-179000
07647P,健策國票9A售04  ,0,0,0,0,0,0,0,0,0,-180000,0,0,0,192000,372000,-180000,-180000
057260,微星兆豐98購01  ,0,0,0,0,0,0,0,0,0,-180000,0,0,0,27000,207000,-180000,-180000
056089,同欣電統一98購01,0,0,0,0,0,0,0,0,0,-180000,0,0,0,21000,201000,-180000,-180000
054640,健策中信9B購01  ,0,0,0,0,0,0,0,0,0,-180000,0,0,0,21000,201000,-180000,-180000
060617,華新科元大9A購08,0,0,0,0,0,0,0,0,0,-180000,0,0,0,0,180000,-180000,-180000
062622,南電元大9B購03  ,0,0,0,0,0,0,0,0,0,-180000,0,0,0,1000,181000,-180000,-180000
064613,聯電元大9C購05  ,0,0,0,0,0,0,0,0,0,-180000,0,0,0,88000,268000,-180000,-180000
064806,微星元大01購01  ,0,0,0,0,0,0,0,0,0,-181000,0,0,0,5000,186000,-181000,-181000
08387P,臺股指群益9C售15,0,0,0,0,0,0,0,0,0,-181000,0,0,0,20000,201000,-181000,-181000
063563,國巨元大9C購07  ,0,0,0,0,0,0,0,0,0,-181000,0,0,0,101000,282000,-181000,-181000
063639,華擎元大9C購03  ,0,0,0,0,0,0,0,0,0,-181000,0,0,0,70000,251000,-181000,-181000
063197,遠東新統一9C購01,0,0,0,0,0,0,0,0,0,-181000,0,0,0,91000,272000,-181000,-181000
1201,味全            ,208000,392000,-184000,0,0,0,0,0,0,2000,0,0,0,2000,0,2000,-182000
06682P,玉晶光元大99售08,0,0,0,0,0,0,0,0,0,-182000,0,0,0,58000,240000,-182000,-182000
07055P,景碩群益9A售02  ,0,0,0,0,0,0,0,0,0,-182000,0,0,0,10000,192000,-182000,-182000
057105,致茂群益9A購01  ,0,0,0,0,0,0,0,0,0,-182000,0,0,0,134000,316000,-182000,-182000
059945,嘉澤永豐99購03  ,0,0,0,0,0,0,0,0,0,-182000,0,0,0,10000,192000,-182000,-182000
063311,喬山群益9B購01  ,0,0,0,0,0,0,0,0,0,-182000,0,0,0,6000,188000,-182000,-182000
064570,TPK群益9C購03   ,0,0,0,0,0,0,0,0,0,-182000,0,0,0,139000,321000,-182000,-182000
064308,國巨群益9C購09  ,0,0,0,0,0,0,0,0,0,-182000,0,0,0,166000,348000,-182000,-182000
064816,訊芯元大9C購01  ,0,0,0,0,0,0,0,0,0,-183000,0,0,0,25000,208000,-183000,-183000
065050,世芯凱基9C購01  ,0,0,0,0,0,0,0,0,0,-183000,0,0,0,90000,273000,-183000,-183000
061819,茂林群益9B購01  ,0,0,0,0,0,0,0,0,0,-183000,0,0,0,185000,368000,-183000,-183000
063954,世芯元大01購02  ,0,0,0,0,0,0,0,0,0,-183000,0,0,0,259000,442000,-183000,-183000
054556,世芯凱基99購01  ,0,0,0,0,0,0,0,0,0,-184000,0,0,0,69000,253000,-184000,-184000
03662C,FBVIX凱基03牛01 ,0,0,0,0,0,0,0,0,0,-184000,0,0,0,30000,214000,-184000,-184000
058343,台積電群益99購02,0,0,0,0,0,0,0,0,0,-184000,0,0,0,1000,185000,-184000,-184000
064304,信邦兆豐01購01  ,0,0,0,0,0,0,0,0,0,-184000,0,0,0,0,184000,-184000,-184000
07174P,臺股指國票99售11,0,0,0,0,0,0,0,0,0,-185000,0,0,0,326000,511000,-185000,-185000
055244,國巨統一98購01  ,0,0,0,0,0,0,0,0,0,-185000,0,0,0,63000,248000,-185000,-185000
056891,國巨元大99購03  ,0,0,0,0,0,0,0,0,0,-185000,0,0,0,8000,193000,-185000,-185000
061624,中租群益9A購01  ,0,0,0,0,0,0,0,0,0,-185000,0,0,0,0,185000,-185000,-185000
059939,技嘉永豐99購01  ,0,0,0,0,0,0,0,0,0,-185000,0,0,0,0,185000,-185000,-185000
058250,台虹元大99購01  ,0,0,0,0,0,0,0,0,0,-185000,0,0,0,3000,188000,-185000,-185000
064763,祥碩凱基02購01  ,0,0,0,0,0,0,0,0,0,-185000,0,0,0,109000,294000,-185000,-185000
06696P,台灣50國票99售01,0,0,0,0,0,0,0,0,0,-186000,0,0,0,110000,296000,-186000,-186000
1319,東陽            ,474000,835000,-361000,0,0,0,0,0,0,175000,196000,21000,175000,0,0,0,-186000
060347,大立光統一02購01,0,0,0,0,0,0,0,0,0,-186000,0,0,0,41000,227000,-186000,-186000
061681,南電元大9A購08  ,0,0,0,0,0,0,0,0,0,-186000,0,0,0,0,186000,-186000,-186000
062275,燿華群益9B購01  ,0,0,0,0,0,0,0,0,0,-186000,0,0,0,0,186000,-186000,-186000
064463,聯茂統一01購02  ,0,0,0,0,0,0,0,0,0,-186000,0,0,0,69000,255000,-186000,-186000
056962,技嘉永豐98購01  ,0,0,0,0,0,0,0,0,0,-187000,0,0,0,82000,269000,-187000,-187000
055030,帆宣國泰99購02  ,0,0,0,0,0,0,0,0,0,-187000,0,0,0,58000,245000,-187000,-187000
057331,台積電國票99購04,0,0,0,0,0,0,0,0,0,-187000,0,0,0,0,187000,-187000,-187000
058110,光寶科元富98購01,0,0,0,0,0,0,0,0,0,-187000,0,0,0,171000,358000,-187000,-187000
058181,華新科國泰9B購01,0,0,0,0,0,0,0,0,0,-187000,0,0,0,1000,188000,-187000,-187000
062416,和大統一01購02  ,0,0,0,0,0,0,0,0,0,-187000,0,0,0,395000,582000,-187000,-187000
065096,世芯元大9C購03  ,0,0,0,0,0,0,0,0,0,-188000,0,0,0,124000,312000,-188000,-188000
064867,華新科永豐9C購03,0,0,0,0,0,0,0,0,0,-188000,0,0,0,11000,199000,-188000,-188000
064775,和大群益01購01  ,0,0,0,0,0,0,0,0,0,-188000,0,0,0,0,188000,-188000,-188000
064003,台積電凱基01購03,0,0,0,0,0,0,0,0,0,-188000,0,0,0,2000,190000,-188000,-188000
064015,立積國票01購01  ,0,0,0,0,0,0,0,0,0,-189000,0,0,0,287000,476000,-189000,-189000
064237,奇鋐統一01購01  ,0,0,0,0,0,0,0,0,0,-189000,0,0,0,0,189000,-189000,-189000
062654,技嘉永豐9B購01  ,0,0,0,0,0,0,0,0,0,-189000,0,0,0,21000,210000,-189000,-189000
2880,華南金          ,1885836,2089547,-203711,0,0,0,14000,0,14000,0,0,0,0,0,0,0,-189711
2201,裕隆            ,1776000,474000,1302000,0,0,0,0,855000,-855000,-637000,22000,392000,-370000,0,267000,-267000,-190000
08131P,立積元大9B售02  ,0,0,0,0,0,0,0,0,0,-190000,0,0,0,15000,205000,-190000,-190000
08080P,祥碩國票9B售03  ,0,0,0,0,0,0,0,0,0,-190000,0,0,0,10000,200000,-190000,-190000
05712P,友達統一97售03  ,0,0,0,0,0,0,0,0,0,-190000,0,0,0,10000,200000,-190000,-190000
056261,台積電統一97購07,0,0,0,0,0,0,0,0,0,-190000,0,0,0,0,190000,-190000,-190000
057828,緯穎元大99購02  ,0,0,0,0,0,0,0,0,0,-190000,0,0,0,17000,207000,-190000,-190000
05579P,友達凱基98售03  ,0,0,0,0,0,0,0,0,0,-190000,0,0,0,15000,205000,-190000,-190000
058650,台虹永豐9A購01  ,0,0,0,0,0,0,0,0,0,-190000,0,0,0,0,190000,-190000,-190000
059646,聯茂凱基99購06  ,0,0,0,0,0,0,0,0,0,-190000,0,0,0,53000,243000,-190000,-190000
058577,南亞科群益99購02,0,0,0,0,0,0,0,0,0,-190000,0,0,0,10000,200000,-190000,-190000
063933,TPK統一01購01   ,0,0,0,0,0,0,0,0,0,-190000,0,0,0,184000,374000,-190000,-190000
057119,微星康和98購01  ,0,0,0,0,0,0,0,0,0,-191000,0,0,0,68000,259000,-191000,-191000
055962,晶豪科元大97購02,0,0,0,0,0,0,0,0,0,-191000,0,0,0,0,191000,-191000,-191000
054471,T50反1中信9C購01,0,0,0,0,0,0,0,0,0,-191000,0,0,0,40000,231000,-191000,-191000
063325,SP黃豆國票9C購02,0,0,0,0,0,0,0,0,0,-191000,0,0,0,24000,215000,-191000,-191000
2530,華建            ,97000,298000,-201000,0,0,0,0,0,0,9000,9000,0,9000,0,0,0,-192000
064813,祥碩元大9C購05  ,0,0,0,0,0,0,0,0,0,-192000,0,0,0,62000,254000,-192000,-192000
07218P,臺股指凱基99售31,0,0,0,0,0,0,0,0,0,-192000,0,0,0,182000,374000,-192000,-192000
061553,南電群益9A購03  ,0,0,0,0,0,0,0,0,0,-192000,0,0,0,67000,259000,-192000,-192000
059016,晶相光元富99購03,0,0,0,0,0,0,0,0,0,-192000,0,0,0,0,192000,-192000,-192000
061639,晶豪科元大9A購02,0,0,0,0,0,0,0,0,0,-193000,0,0,0,53000,246000,-193000,-193000
056732,國巨凱基98購07  ,0,0,0,0,0,0,0,0,0,-193000,0,0,0,0,193000,-193000,-193000
057794,T50反1兆豐99購02,0,0,0,0,0,0,0,0,0,-193000,0,0,0,0,193000,-193000,-193000
058934,台灣50中信03購03,0,0,0,0,0,0,0,0,0,-193000,0,0,0,5000,198000,-193000,-193000
8422,可寧衛          ,87004,309000,-221996,0,0,0,16000,0,16000,12000,15000,3000,12000,0,0,0,-193996
2903,遠百            ,1176000,1371000,-195000,0,0,0,0,0,0,1000,1000,0,1000,0,0,0,-194000
058587,台積電中信9C購03,0,0,0,0,0,0,0,0,0,-194000,0,0,0,45000,239000,-194000,-194000
061951,南電群益9B購01  ,0,0,0,0,0,0,0,0,0,-194000,0,0,0,5000,199000,-194000,-194000
060666,聯茂凱基9A購02  ,0,0,0,0,0,0,0,0,0,-194000,0,0,0,59000,253000,-194000,-194000
063958,瑞祺元大9C購01  ,0,0,0,0,0,0,0,0,0,-194000,0,0,0,131000,325000,-194000,-194000
058196,台塑中信99購01  ,0,0,0,0,0,0,0,0,0,-195000,0,0,0,5000,200000,-195000,-195000
060991,京鼎元大9A購01  ,0,0,0,0,0,0,0,0,0,-195000,0,0,0,28000,223000,-195000,-195000
064049,信邦統一01購01  ,0,0,0,0,0,0,0,0,0,-195000,0,0,0,0,195000,-195000,-195000
063642,茂林元大9B購08  ,0,0,0,0,0,0,0,0,0,-195000,0,0,0,10000,205000,-195000,-195000
056532,技嘉凱基98購01  ,0,0,0,0,0,0,0,0,0,-196000,0,0,0,4000,200000,-196000,-196000
064216,矽格凱基01購01  ,0,0,0,0,0,0,0,0,0,-196000,0,0,0,125000,321000,-196000,-196000
062684,華新科統一01購02,0,0,0,0,0,0,0,0,0,-196000,0,0,0,1000,197000,-196000,-196000
063439,正隆統一01購01  ,0,0,0,0,0,0,0,0,0,-198000,0,0,0,166000,364000,-198000,-198000
064571,帆宣群益9C購01  ,0,0,0,0,0,0,0,0,0,-198000,0,0,0,26000,224000,-198000,-198000
06901P,亞德客凱基98售02,0,0,0,0,0,0,0,0,0,-199000,0,0,0,0,199000,-199000,-199000
055814,晶豪科國票97購02,0,0,0,0,0,0,0,0,0,-199000,0,0,0,6000,205000,-199000,-199000
061127,美食永豐9A購01  ,0,0,0,0,0,0,0,0,0,-199000,0,0,0,43000,242000,-199000,-199000
059365,T50反1台新99購01,0,0,0,0,0,0,0,0,0,-199000,0,0,0,0,199000,-199000,-199000
062269,葡萄王群益9B購01,0,0,0,0,0,0,0,0,0,-199000,0,0,0,3000,202000,-199000,-199000
07150P,和碩元大99售01  ,0,0,0,0,0,0,0,0,0,-200000,0,0,0,100000,300000,-200000,-200000
064947,台積電凱基01購08,0,0,0,0,0,0,0,0,0,-200000,0,0,0,0,200000,-200000,-200000
065226,華通凱基01購01  ,0,0,0,0,0,0,0,0,0,-200000,0,0,0,0,200000,-200000,-200000
065164,和大元大01購01  ,0,0,0,0,0,0,0,0,0,-200000,0,0,0,0,200000,-200000,-200000
08343P,台灣50元大9C售37,0,0,0,0,0,0,0,0,0,-200000,0,0,0,0,200000,-200000,-200000
08562P,南電國票01售03  ,0,0,0,0,0,0,0,0,0,-200000,0,0,0,0,200000,-200000,-200000
056307,貿聯元大97購05  ,0,0,0,0,0,0,0,0,0,-200000,0,0,0,68000,268000,-200000,-200000
057684,聯茂日盛99購01  ,0,0,0,0,0,0,0,0,0,-200000,0,0,0,0,200000,-200000,-200000
061226,台積電中信9A購05,0,0,0,0,0,0,0,0,0,-200000,0,0,0,0,200000,-200000,-200000
061351,智伸科元大9A購01,0,0,0,0,0,0,0,0,0,-200000,0,0,0,50000,250000,-200000,-200000
061890,元金2X永豐9B購01,0,0,0,0,0,0,0,0,0,-200000,0,0,0,0,200000,-200000,-200000
058398,中環元大99購02  ,0,0,0,0,0,0,0,0,0,-200000,0,0,0,0,200000,-200000,-200000
061079,台積電兆豐9A購02,0,0,0,0,0,0,0,0,0,-200000,0,0,0,0,200000,-200000,-200000
058177,華新科凱基99購02,0,0,0,0,0,0,0,0,0,-200000,0,0,0,0,200000,-200000,-200000
058637,晶技兆豐99購01  ,0,0,0,0,0,0,0,0,0,-200000,0,0,0,19000,219000,-200000,-200000
058549,藍天永豐99購01  ,0,0,0,0,0,0,0,0,0,-200000,0,0,0,0,200000,-200000,-200000
058616,台虹元大9A購01  ,0,0,0,0,0,0,0,0,0,-200000,0,0,0,0,200000,-200000,-200000
064702,百和群益01購01  ,0,0,0,0,0,0,0,0,0,-200000,0,0,0,0,200000,-200000,-200000
062493,元金反中信9B購01,0,0,0,0,0,0,0,0,0,-200000,0,0,0,0,200000,-200000,-200000
2421,建準            ,659000,805000,-146000,0,0,0,0,0,0,-55000,1000,32000,-31000,16000,40000,-24000,-201000
059395,T50反1元富99購03,0,0,0,0,0,0,0,0,0,-201000,0,0,0,24000,225000,-201000,-201000
059914,台積電元大99購47,0,0,0,0,0,0,0,0,0,-201000,0,0,0,4000,205000,-201000,-201000
060157,致茂永豐9A購02  ,0,0,0,0,0,0,0,0,0,-201000,0,0,0,151000,352000,-201000,-201000
062947,國巨富邦01購01  ,0,0,0,0,0,0,0,0,0,-201000,0,0,0,0,201000,-201000,-201000
2359,所羅門          ,241000,443000,-202000,0,0,0,0,0,0,0,0,0,0,0,0,0,-202000
08282P,南六群益9C售01  ,0,0,0,0,0,0,0,0,0,-202000,0,0,0,100000,302000,-202000,-202000
065218,世芯國泰02購02  ,0,0,0,0,0,0,0,0,0,-202000,0,0,0,179000,381000,-202000,-202000
06705P,臻鼎元富98售03  ,0,0,0,0,0,0,0,0,0,-202000,0,0,0,26000,228000,-202000,-202000
064943,聚陽凱基9C購01  ,0,0,0,0,0,0,0,0,0,-202000,0,0,0,0,202000,-202000,-202000
064807,義隆元大9C購03  ,0,40000,-40000,0,0,0,0,0,0,-162000,0,0,0,172000,334000,-162000,-202000
061481,嘉澤元大9A購03  ,0,0,0,0,0,0,0,0,0,-202000,0,0,0,167000,369000,-202000,-202000
064301,漢唐兆豐01購01  ,0,0,0,0,0,0,0,0,0,-202000,0,0,0,1000,203000,-202000,-202000
065292,緯創群益9C購01  ,0,0,0,0,0,0,0,0,0,-203000,0,0,0,16000,219000,-203000,-203000
061349,嘉澤元大9A購02  ,0,0,0,0,0,0,0,0,0,-203000,0,0,0,190000,393000,-203000,-203000
057009,信邦中信99購01  ,0,0,0,0,0,0,0,0,0,-203000,0,0,0,0,203000,-203000,-203000
058100,聯茂國泰99購02  ,0,0,0,0,0,0,0,0,0,-203000,0,0,0,0,203000,-203000,-203000
06604P,聯發科元富02售02,0,0,0,0,0,0,0,0,0,-204000,0,0,0,279000,483000,-204000,-204000
065196,技嘉元富06購01  ,0,0,0,0,0,0,0,0,0,-204000,0,0,0,28000,232000,-204000,-204000
08101P,超眾群益9B售02  ,0,0,0,0,0,0,0,0,0,-204000,0,0,0,0,204000,-204000,-204000
3376,新日興          ,449000,914000,-465000,0,0,0,192000,0,192000,69000,75000,46000,29000,69000,29000,40000,-204000
060777,茂林凱基9C購01  ,0,0,0,0,0,0,0,0,0,-204000,0,0,0,0,204000,-204000,-204000
063450,華新科統一02購01,0,0,0,0,0,0,0,0,0,-204000,0,0,0,30000,234000,-204000,-204000
054383,傳奇群益97購01  ,0,0,0,0,0,0,0,0,0,-205000,0,0,0,63000,268000,-205000,-205000
062360,華邦電元大9B購01,0,0,0,0,0,0,0,0,0,-205000,0,0,0,0,205000,-205000,-205000
06822P,上銀富邦99售03  ,0,0,0,0,0,0,0,0,0,-206000,0,0,0,30000,236000,-206000,-206000
07919P,創意永豐9B售01  ,0,0,0,0,0,0,0,0,0,-206000,0,0,0,10000,216000,-206000,-206000
062050,亞德客統一9C購01,0,0,0,0,0,0,0,0,0,-206000,0,0,0,15000,221000,-206000,-206000
063014,技嘉元大9B購03  ,0,0,0,0,0,0,0,0,0,-206000,0,0,0,228000,434000,-206000,-206000
064117,中興電元大9C購01,0,0,0,0,0,0,0,0,0,-206000,0,0,0,2000,208000,-206000,-206000
064874,和大兆豐9C購01  ,0,0,0,0,0,0,0,0,0,-207000,0,0,0,0,207000,-207000,-207000
058189,嘉澤永豐99購01  ,0,0,0,0,0,0,0,0,0,-207000,0,0,0,35000,242000,-207000,-207000
064189,TPK永豐9C購01   ,0,0,0,0,0,0,0,0,0,-207000,0,0,0,19000,226000,-207000,-207000
064451,技嘉統一01購02  ,0,0,0,0,0,0,0,0,0,-207000,0,0,0,0,207000,-207000,-207000
063415,台積電凱基03購01,0,0,0,0,0,0,0,0,0,-207000,0,0,0,2000,209000,-207000,-207000
06644P,亞德客元大98售03,0,0,0,0,0,0,0,0,0,-208000,0,0,0,35000,243000,-208000,-208000
08538P,聯發科國票01售01,0,0,0,0,0,0,0,0,0,-208000,0,0,0,36000,244000,-208000,-208000
061903,宏全永豐9B購01  ,0,0,0,0,0,0,0,0,0,-208000,0,0,0,0,208000,-208000,-208000
063522,技嘉凱基9B購03  ,0,0,0,0,0,0,0,0,0,-208000,0,0,0,0,208000,-208000,-208000
063819,致新群益9C購01  ,0,0,0,0,0,0,0,0,0,-209000,0,0,0,3000,212000,-209000,-209000
063451,漢翔統一9C購01  ,0,0,0,0,0,0,0,0,0,-209000,0,0,0,164000,373000,-209000,-209000
08316P,祥碩元大9C售04  ,0,0,0,0,0,0,0,0,0,-210000,0,0,0,62000,272000,-210000,-210000
065067,億豐群益01購01  ,0,0,0,0,0,0,0,0,0,-210000,0,0,0,0,210000,-210000,-210000
054406,旺宏國票98購01  ,0,0,0,0,0,0,0,0,0,-210000,0,0,0,0,210000,-210000,-210000
057416,T50反1凱基9C購01,0,0,0,0,0,0,0,0,0,-210000,0,0,0,15000,225000,-210000,-210000
063975,台積電兆豐9C購01,0,0,0,0,0,0,0,0,0,-210000,0,0,0,77000,287000,-210000,-210000
08321P,世芯永豐9C售01  ,0,0,0,0,0,0,0,0,0,-211000,0,0,0,54000,265000,-211000,-211000
060414,中興電永豐9A購01,0,0,0,0,0,0,0,0,0,-211000,0,0,0,45000,256000,-211000,-211000
058905,京鼎元大99購01  ,0,0,0,0,0,0,0,0,0,-211000,0,0,0,26000,237000,-211000,-211000
062856,世芯永豐9B購02  ,0,0,0,0,0,0,0,0,0,-211000,0,0,0,51000,262000,-211000,-211000
055787,聯茂凱基99購01  ,0,0,0,0,0,0,0,0,0,-212000,0,0,0,10000,222000,-212000,-212000
063458,正隆元大9B購01  ,0,0,0,0,0,0,0,0,0,-212000,0,0,0,68000,280000,-212000,-212000
063806,瀚宇博兆豐01購01,0,0,0,0,0,0,0,0,0,-212000,0,0,0,61000,273000,-212000,-212000
064193,華新群益9C購01  ,0,0,0,0,0,0,0,0,0,-212000,0,0,0,88000,300000,-212000,-212000
065027,玉晶光中信03購01,0,0,0,0,0,0,0,0,0,-213000,0,0,0,127000,340000,-213000,-213000
065356,聯發科元富03購06,0,0,0,0,0,0,0,0,0,-213000,0,0,0,0,213000,-213000,-213000
07904P,聯發科群益9B售05,0,0,0,0,0,0,0,0,0,-213000,0,0,0,10000,223000,-213000,-213000
057317,技嘉凱基98購02  ,0,0,0,0,0,0,0,0,0,-213000,0,0,0,7000,220000,-213000,-213000
058963,華新科兆豐99購05,0,0,0,0,0,0,0,0,0,-213000,0,0,0,0,213000,-213000,-213000
064096,台積電群益9C購07,0,0,0,0,0,0,0,0,0,-213000,0,0,0,30000,243000,-213000,-213000
07861P,台灣50中信03售08,0,0,0,0,0,0,0,0,0,-214000,0,0,0,0,214000,-214000,-214000
059856,昇陽半永豐99購03,0,0,0,0,0,0,0,0,0,-214000,0,0,0,3000,217000,-214000,-214000
064421,技嘉兆豐01購01  ,0,0,0,0,0,0,0,0,0,-214000,0,0,0,0,214000,-214000,-214000
064472,國巨麥證9C購03  ,0,0,0,0,214000,-214000,0,0,0,-214000,0,0,0,0,214000,-214000,-214000
07976P,聯發科群益9C售02,0,0,0,0,0,0,0,0,0,-215000,0,0,0,170000,385000,-215000,-215000
057381,微星國泰9A購01  ,0,0,0,0,0,0,0,0,0,-215000,0,0,0,0,215000,-215000,-215000
053449,超眾凱基98購01  ,0,0,0,0,0,0,0,0,0,-215000,0,0,0,211000,426000,-215000,-215000
058613,茂林元大99購03  ,0,0,0,0,0,0,0,0,0,-215000,0,0,0,10000,225000,-215000,-215000
063278,國巨元大9C購04  ,0,0,0,0,0,0,0,0,0,-215000,0,0,0,46000,261000,-215000,-215000
063268,GIS中信9B購01   ,0,0,0,0,0,0,0,0,0,-215000,0,0,0,89000,304000,-215000,-215000
062572,元金反群益9C購01,0,0,0,0,0,0,0,0,0,-215000,0,0,0,15000,230000,-215000,-215000
065211,世芯國票01購03  ,10000,0,10000,0,0,0,0,0,0,-226000,0,0,0,4000,230000,-226000,-216000
064327,金寶元大01購01  ,0,0,0,0,0,0,0,0,0,-216000,0,0,0,0,216000,-216000,-216000
2727,王品            ,43000,260000,-217000,0,0,0,0,0,0,0,0,0,0,0,0,0,-217000
056355,台積電元大98購08,0,0,0,0,0,0,0,0,0,-217000,0,0,0,100000,317000,-217000,-217000
8271,宇瞻            ,348000,564754,-216754,0,0,0,0,0,0,-1000,0,1000,-1000,0,0,0,-217754
061550,聯鈞群益9A購03  ,0,0,0,0,0,0,0,0,0,-218000,0,0,0,804000,1022000,-218000,-218000
057206,立積元富98購01  ,0,0,0,0,0,0,0,0,0,-219000,0,0,0,10000,229000,-219000,-219000
056869,國巨日盛99購03  ,0,0,0,0,0,0,0,0,0,-219000,0,0,0,3000,222000,-219000,-219000
057720,日電貿元富98購01,0,0,0,0,0,0,0,0,0,-219000,0,0,0,56000,275000,-219000,-219000
08016P,臺股指凱基02售02,0,0,0,0,0,0,0,0,0,-220000,0,0,0,0,220000,-220000,-220000
051847,香港反中信99購01,0,0,0,0,0,0,0,0,0,-220000,0,0,0,0,220000,-220000,-220000
055701,亞德客富邦99購01,0,0,0,0,0,0,0,0,0,-220000,0,0,0,0,220000,-220000,-220000
063843,台積電元大9C購03,0,0,0,0,0,0,0,0,0,-220000,0,0,0,0,220000,-220000,-220000
2345,智邦            ,664723,690483,-25760,0,0,0,60000,0,60000,-255000,11000,97000,-86000,8000,177000,-169000,-220760
07085P,超眾元富9C售01  ,0,0,0,0,0,0,0,0,0,-221000,0,0,0,48000,269000,-221000,-221000
057118,欣興日盛9A購01  ,0,0,0,0,0,0,0,0,0,-221000,0,0,0,59000,280000,-221000,-221000
057987,大立光元富98購02,0,0,0,0,0,0,0,0,0,-221000,0,0,0,36000,257000,-221000,-221000
062821,華擎兆豐9C購01  ,0,0,0,0,0,0,0,0,0,-221000,0,0,0,91000,312000,-221000,-221000
057875,京鼎元大98購03  ,0,0,0,0,0,0,0,0,0,-222000,0,0,0,10000,232000,-222000,-222000
055500,京鼎元大97購04  ,0,0,0,0,0,0,0,0,0,-223000,0,0,0,0,223000,-223000,-223000
060187,華新科元富9A購02,0,0,0,0,0,0,0,0,0,-223000,0,0,0,43000,266000,-223000,-223000
058586,鴻海中信01購02  ,0,0,0,0,0,0,0,0,0,-223000,0,0,0,62000,285000,-223000,-223000
062914,嘉澤元大9B購02  ,0,0,0,0,0,0,0,0,0,-223000,0,0,0,176000,399000,-223000,-223000
060485,華新科富邦9C購04,0,0,0,0,0,0,0,0,0,-224000,0,0,0,1000,225000,-224000,-224000
07459P,緯穎元大9A售01  ,0,0,0,0,0,0,0,0,0,-225000,0,0,0,5000,230000,-225000,-225000
062122,國巨統一02購01  ,0,0,0,0,0,0,0,0,0,-225000,0,0,0,0,225000,-225000,-225000
058944,元石油群益9C購02,0,0,0,0,0,0,0,0,0,-225000,0,0,0,0,225000,-225000,-225000
059093,旭富元大99購01  ,0,0,0,0,0,0,0,0,0,-225000,0,0,0,145000,370000,-225000,-225000
063623,祥碩兆豐9B購02  ,0,0,0,0,0,0,0,0,0,-227000,0,0,0,201000,428000,-227000,-227000
1229,聯華            ,240000,470000,-230000,0,0,0,0,1000,-1000,3000,3000,0,3000,0,0,0,-228000
054819,裕民元大9A購01  ,0,0,0,0,0,0,0,0,0,-228000,0,0,0,102000,330000,-228000,-228000
056523,光寶科中信98購01,0,0,0,0,0,0,0,0,0,-228000,0,0,0,109000,337000,-228000,-228000
063306,聯茂凱基9C購01  ,0,0,0,0,0,0,0,0,0,-228000,0,0,0,170000,398000,-228000,-228000
062669,微星中信03購01  ,0,0,0,0,0,0,0,0,0,-228000,0,0,0,95000,323000,-228000,-228000
061986,晶豪科元大9B購01,0,0,0,0,0,0,0,0,0,-228000,0,0,0,7000,235000,-228000,-228000
061356,南電元大9A購06  ,0,0,0,0,0,0,0,0,0,-229000,0,0,0,10000,239000,-229000,-229000
062573,大毅群益9B購03  ,0,0,0,0,0,0,0,0,0,-229000,0,0,0,132000,361000,-229000,-229000
063085,嘉澤凱基9C購01  ,0,0,0,0,0,0,0,0,0,-229000,0,0,0,9000,238000,-229000,-229000
08228P,華擎國票9C售01  ,0,0,0,0,0,0,0,0,0,-230000,0,0,0,0,230000,-230000,-230000
07251P,台灣50元富01售04,0,0,0,0,0,0,0,0,0,-230000,0,0,0,0,230000,-230000,-230000
060449,元金2X元大9A購02,0,0,0,0,0,0,0,0,0,-230000,0,0,0,17000,247000,-230000,-230000
064403,正崴凱基01購01  ,0,0,0,0,0,0,0,0,0,-230000,0,0,0,542000,772000,-230000,-230000
064850,智原元富9C購01  ,0,0,0,0,0,0,0,0,0,-231000,0,0,0,227000,458000,-231000,-231000
061675,華新科元大9A購23,0,0,0,0,0,0,0,0,0,-232000,0,0,0,0,232000,-232000,-232000
06701P,臺股指統一99售06,0,0,0,0,0,0,0,0,0,-233000,0,0,0,97000,330000,-233000,-233000
061124,微星永豐9A購02  ,0,0,0,0,0,0,0,0,0,-233000,0,0,0,153000,386000,-233000,-233000
061579,京鼎元大9A購02  ,0,0,0,0,0,0,0,0,0,-234000,0,0,0,47000,281000,-234000,-234000
063336,大成鋼統一9C購02,0,0,0,0,0,0,0,0,0,-234000,0,0,0,115000,349000,-234000,-234000
07170P,臺股指國票99售07,0,0,0,0,0,0,0,0,0,-235000,0,0,0,325000,560000,-235000,-235000
2108,南帝            ,1041000,1289000,-248000,0,0,0,37000,0,37000,-24000,31000,55000,-24000,0,0,0,-235000
057448,致茂元富98購01  ,0,0,0,0,0,0,0,0,0,-235000,0,0,0,0,235000,-235000,-235000
054378,楠梓電群益98購01,0,0,0,0,0,0,0,0,0,-236000,0,0,0,0,236000,-236000,-236000
061696,南茂群益9A購01  ,0,40000,-40000,0,0,0,0,0,0,-196000,0,0,0,65000,261000,-196000,-236000
063081,技嘉凱基9B購02  ,0,0,0,0,0,0,0,0,0,-237000,0,0,0,16000,253000,-237000,-237000
2049,上銀            ,413133,576319,-163186,0,0,0,10000,23000,-13000,-62000,54000,78000,-24000,3000,41000,-38000,-238186
055809,T50反1國票98購02,0,0,0,0,0,0,0,0,0,-239000,0,0,0,80000,319000,-239000,-239000
060661,台積電凱基9A購18,0,0,0,0,0,0,0,0,0,-239000,0,0,0,22000,261000,-239000,-239000
06025P,臺股指元大99售02,0,0,0,0,0,0,0,0,0,-239000,0,0,0,280000,519000,-239000,-239000
064128,國產元大9C購01  ,0,0,0,0,0,0,0,0,0,-239000,0,0,0,309000,548000,-239000,-239000
056158,新日興凱基98購02,0,0,0,0,0,0,0,0,0,-240000,0,0,0,0,240000,-240000,-240000
057508,康控國票99購03  ,0,0,0,0,0,0,0,0,0,-240000,0,0,0,14000,254000,-240000,-240000
055261,帆宣統一98購01  ,0,0,0,0,0,0,0,0,0,-240000,0,0,0,0,240000,-240000,-240000
064560,技嘉群益01購01  ,0,0,0,0,0,0,0,0,0,-240000,0,0,0,0,240000,-240000,-240000
054370,台積電中信9A購01,0,0,0,0,0,0,0,0,0,-241000,0,0,0,30000,271000,-241000,-241000
065195,國巨元富06購01  ,0,0,0,0,0,0,0,0,0,-242000,0,0,0,8000,250000,-242000,-242000
061701,友達國票9B購02  ,0,0,0,0,0,0,0,0,0,-242000,0,0,0,8000,250000,-242000,-242000
059908,元金2X元大99購01,0,0,0,0,0,0,0,0,0,-243000,0,0,0,75000,318000,-243000,-243000
062693,中石化元大02購01,0,0,0,0,0,0,0,0,0,-243000,0,0,0,1000,244000,-243000,-243000
07088P,訊芯永豐99售02  ,0,0,0,0,0,0,0,0,0,-244000,0,0,0,13000,257000,-244000,-244000
057823,神達元大98購01  ,0,0,0,0,0,0,0,0,0,-244000,0,0,0,120000,364000,-244000,-244000
063250,同欣電元大9B購03,0,0,0,0,0,0,0,0,0,-244000,0,0,0,118000,362000,-244000,-244000
058732,矽格永豐99購01  ,0,0,0,0,0,0,0,0,0,-245000,0,0,0,167000,412000,-245000,-245000
058445,旺宏富邦9C購01  ,0,0,0,0,0,0,0,0,0,-245000,0,0,0,0,245000,-245000,-245000
064774,聚陽群益9C購04  ,0,0,0,0,0,0,0,0,0,-245000,0,0,0,0,245000,-245000,-245000
4164,承業醫          ,245000,497000,-252000,0,0,0,0,0,0,6000,54000,48000,6000,0,0,0,-246000
07365P,超眾元大99售07  ,0,0,0,0,0,0,0,0,0,-247000,0,0,0,0,247000,-247000,-247000
064904,茂林群益9C購02  ,0,0,0,0,0,0,0,0,0,-247000,0,0,0,104000,351000,-247000,-247000
064256,玉晶光國泰02購02,0,0,0,0,0,0,0,0,0,-247000,0,0,0,419000,666000,-247000,-247000
08377P,臻鼎元富9C售02  ,0,0,0,0,0,0,0,0,0,-249000,0,0,0,19000,268000,-249000,-249000
08092P,仁寶元富9B售02  ,0,0,0,0,0,0,0,0,0,-249000,0,0,0,4000,253000,-249000,-249000
061034,晶豪科永豐9A購01,0,0,0,0,0,0,0,0,0,-249000,0,0,0,0,249000,-249000,-249000
061473,台積電元大9A購33,0,0,0,0,0,0,0,0,0,-249000,0,0,0,0,249000,-249000,-249000
063514,南電麥證9C購01  ,0,0,0,8000,259000,-251000,0,0,0,-249000,0,0,0,10000,259000,-249000,-249000
063225,茂林群益9B購04  ,0,0,0,0,0,0,0,0,0,-249000,0,0,0,11000,260000,-249000,-249000
08216P,聯發科群益9C售05,0,0,0,0,0,0,0,0,0,-250000,0,0,0,15000,265000,-250000,-250000
057919,技嘉凱基98購03  ,0,0,0,0,0,0,0,0,0,-250000,0,0,0,23000,273000,-250000,-250000
063061,華新科元富9B購04,0,0,0,0,0,0,0,0,0,-250000,0,0,0,0,250000,-250000,-250000
5876,上海商銀        ,754561,953662,-199101,0,0,0,0,0,0,-51262,0,0,0,0,51262,-51262,-250363
057704,台虹群益98購03  ,0,0,0,0,0,0,0,0,0,-251000,0,0,0,0,251000,-251000,-251000
062032,崇越群益9B購01  ,0,0,0,0,0,0,0,0,0,-251000,0,0,0,146000,397000,-251000,-251000
060470,台勝科元大9A購03,0,0,0,0,0,0,0,0,0,-251000,0,0,0,113000,364000,-251000,-251000
058923,華新科元富99購06,0,0,0,0,0,0,0,0,0,-251000,0,0,0,2000,253000,-251000,-251000
063493,金像電富邦01購01,0,0,0,0,0,0,0,0,0,-252000,0,0,0,5000,257000,-252000,-252000
064626,聯茂元大9C購01  ,0,0,0,0,0,0,0,0,0,-253000,0,0,0,163000,416000,-253000,-253000
1417,嘉裕            ,353000,607000,-254000,0,0,0,0,0,0,0,0,0,0,0,0,0,-254000
06902P,聯電凱基98售02  ,0,0,0,0,0,0,0,0,0,-254000,0,0,0,198000,452000,-254000,-254000
055254,聯詠統一97購03  ,0,0,0,0,0,0,0,0,0,-254000,0,0,0,5000,259000,-254000,-254000
061102,台積電元大9A購22,0,0,0,0,0,0,0,0,0,-254000,0,0,0,30000,284000,-254000,-254000
064434,微星凱基02購01  ,0,0,0,0,0,0,0,0,0,-254000,0,0,0,0,254000,-254000,-254000
061996,矽格元大9B購01  ,0,0,0,0,0,0,0,0,0,-255000,0,0,0,333000,588000,-255000,-255000
08300P,世芯國票01售01  ,0,0,0,0,0,0,0,0,0,-256000,0,0,0,6000,262000,-256000,-256000
057533,晶相光元大98購02,0,0,0,0,0,0,0,0,0,-256000,0,0,0,0,256000,-256000,-256000
063025,超眾元大9B購01  ,0,0,0,0,0,0,0,0,0,-256000,0,0,0,550000,806000,-256000,-256000
065158,和碩群益9C購01  ,0,0,0,0,0,0,0,0,0,-257000,0,0,0,386000,643000,-257000,-257000
063050,葡萄王統一01購01,0,0,0,0,0,0,0,0,0,-257000,0,0,0,149000,406000,-257000,-257000
063934,寶成統一02購01  ,0,0,0,0,0,0,0,0,0,-257000,0,0,0,57000,314000,-257000,-257000
056693,國產群益98購01  ,0,0,0,0,0,0,0,0,0,-258000,0,0,0,0,258000,-258000,-258000
060791,聯茂富邦9A購02  ,0,0,0,0,0,0,0,0,0,-258000,0,0,0,0,258000,-258000,-258000
064487,和大元大9C購01  ,0,0,0,0,0,0,0,0,0,-258000,0,0,0,24000,282000,-258000,-258000
062886,中興電群益9B購01,0,0,0,0,0,0,0,0,0,-259000,0,0,0,0,259000,-259000,-259000
060355,元金2X元富9C購01,0,0,0,0,0,0,0,0,0,-260000,0,0,0,87000,347000,-260000,-260000
062487,中興電永豐9B購01,0,0,0,0,0,0,0,0,0,-260000,0,0,0,16000,276000,-260000,-260000
064854,祥碩麥證9C購01  ,0,0,0,31000,292000,-261000,0,0,0,-261000,0,0,0,31000,292000,-261000,-261000
3563,牧德            ,56000,202000,-146000,0,0,0,0,91000,-91000,-24000,0,2000,-2000,4000,26000,-22000,-261000
053866,景碩元大97購02  ,0,0,0,0,0,0,0,0,0,-261000,0,0,0,0,261000,-261000,-261000
063435,儒鴻統一01購02  ,0,0,0,0,0,0,0,0,0,-262000,0,0,0,29000,291000,-262000,-262000
08296P,同欣電元大9C售04,0,0,0,0,0,0,0,0,0,-263000,0,0,0,15000,278000,-263000,-263000
060376,瑞祺元富9A購01  ,0,0,0,0,0,0,0,0,0,-263000,0,0,0,547000,810000,-263000,-263000
062844,T50反1國泰9C購01,0,0,0,0,0,0,0,0,0,-263000,0,0,0,305000,568000,-263000,-263000
6209,今國光          ,1032000,1298000,-266000,0,0,0,0,0,0,3000,3000,0,3000,0,0,0,-263000
065049,世芯凱基02購01  ,0,0,0,0,0,0,0,0,0,-264000,0,0,0,155000,419000,-264000,-264000
065031,世芯兆豐9C購01  ,0,0,0,0,0,0,0,0,0,-264000,0,0,0,14000,278000,-264000,-264000
057043,台積電元大99購02,0,0,0,0,0,0,0,0,0,-264000,0,0,0,150000,414000,-264000,-264000
058734,康友永豐99購01  ,0,0,0,0,0,0,0,0,0,-265000,0,0,0,0,265000,-265000,-265000
059116,晶豪科永豐99購01,0,0,0,0,0,0,0,0,0,-265000,0,0,0,0,265000,-265000,-265000
065034,玉晶光統一01購11,0,0,0,0,0,0,0,0,0,-267000,0,0,0,175000,442000,-267000,-267000
1439,中和            ,208000,474000,-266000,0,0,0,0,0,0,-1000,0,1000,-1000,0,0,0,-267000
060625,華擎元大9A購01  ,0,0,0,0,0,0,0,0,0,-268000,0,0,0,47000,315000,-268000,-268000
062225,華擎統一01購01  ,0,0,0,0,0,0,0,0,0,-268000,0,0,0,0,268000,-268000,-268000
063541,華擎元富9B購02  ,0,0,0,0,0,0,0,0,0,-268000,0,0,0,85000,353000,-268000,-268000
065268,嘉澤元大9C購02  ,0,0,0,0,0,0,0,0,0,-269000,0,0,0,84000,353000,-269000,-269000
054803,味全元大9A購01  ,0,0,0,0,0,0,0,0,0,-269000,0,0,0,105000,374000,-269000,-269000
059760,楠梓電永豐99購01,0,0,0,0,0,0,0,0,0,-269000,0,0,0,17000,286000,-269000,-269000
065345,台光電統一01購04,0,0,0,0,0,0,0,0,0,-270000,0,0,0,0,270000,-270000,-270000
062096,神隆永豐9B購01  ,0,0,0,0,0,0,0,0,0,-270000,0,0,0,394000,664000,-270000,-270000
063788,矽創統一02購01  ,0,0,0,0,0,0,0,0,0,-270000,0,0,0,78000,348000,-270000,-270000
064600,技嘉元富9C購01  ,0,0,0,0,0,0,0,0,0,-270000,0,0,0,32000,302000,-270000,-270000
08431P,景碩凱基9C售02  ,47000,0,47000,0,0,0,0,0,0,-318000,0,0,0,0,318000,-318000,-271000
053294,聯發科中信9C購01,0,0,0,0,0,0,0,0,0,-271000,0,0,0,150000,421000,-271000,-271000
08371P,京元電凱基9C售01,0,0,0,0,0,0,0,0,0,-273000,0,0,0,21000,294000,-273000,-273000
063686,國巨永豐9B購04  ,0,0,0,0,0,0,0,0,0,-274000,0,0,0,6000,280000,-274000,-274000
063023,華擎元大9B購02  ,0,0,0,0,0,0,0,0,0,-274000,0,0,0,38000,312000,-274000,-274000
6504,南六            ,266000,445000,-179000,0,0,0,0,74000,-74000,-22000,17000,32000,-15000,7000,14000,-7000,-275000
063125,華擎元大9C購02  ,0,0,0,0,0,0,0,0,0,-276000,0,0,0,0,276000,-276000,-276000
8163,達方            ,173000,438000,-265000,0,0,0,0,0,0,-11000,2000,0,2000,0,13000,-13000,-276000
03414B,臺股指凱基99熊01,0,23000,-23000,0,0,0,0,0,0,-254000,0,0,0,1126000,1380000,-254000,-277000
057428,正崴兆豐98購01  ,0,0,0,0,0,0,0,0,0,-278000,0,0,0,1269000,1547000,-278000,-278000
060722,矽格永豐9A購01  ,0,0,0,0,0,0,0,0,0,-278000,0,0,0,231000,509000,-278000,-278000
061844,T50反1國票9C購02,0,0,0,0,0,0,0,0,0,-278000,0,0,0,183000,461000,-278000,-278000
08407P,臺股指元大9C售13,0,0,0,0,0,0,0,0,0,-280000,0,0,0,0,280000,-280000,-280000
064695,京鼎群益02購02  ,0,0,0,0,0,0,0,0,0,-280000,0,0,0,89000,369000,-280000,-280000
064431,台積電凱基01購05,0,0,0,0,0,0,0,0,0,-280000,0,0,0,0,280000,-280000,-280000
065313,聯茂國票01購01  ,0,0,0,0,0,0,0,0,0,-281000,0,0,0,0,281000,-281000,-281000
057149,京鼎國票99購02  ,0,0,0,0,0,0,0,0,0,-281000,0,0,0,0,281000,-281000,-281000
060699,華新科國泰9B購03,0,0,0,0,0,0,0,0,0,-281000,0,0,0,100000,381000,-281000,-281000
061511,緯穎富邦9B購02  ,0,0,0,0,0,0,0,0,0,-281000,0,0,0,64000,345000,-281000,-281000
062679,技嘉統一01購01  ,0,0,0,0,0,0,0,0,0,-281000,0,0,0,94000,375000,-281000,-281000
061939,中租國票9B購01  ,0,0,0,0,0,0,0,0,0,-282000,0,0,0,0,282000,-282000,-282000
065225,神隆凱基01購01  ,0,0,0,0,0,0,0,0,0,-284000,0,0,0,121000,405000,-284000,-284000
064627,矽格元大9C購01  ,0,0,0,0,0,0,0,0,0,-284000,0,0,0,254000,538000,-284000,-284000
062100,矽格永豐9B購01  ,0,0,0,0,0,0,0,0,0,-285000,0,0,0,59000,344000,-285000,-285000
062293,麗豐永豐9B購01  ,0,0,0,0,0,0,0,0,0,-285000,0,0,0,0,285000,-285000,-285000
061843,億豐凱基9C購01  ,0,0,0,0,0,0,0,0,0,-286000,0,0,0,10000,296000,-286000,-286000
062653,正隆永豐9B購01  ,0,0,0,0,0,0,0,0,0,-288000,0,0,0,0,288000,-288000,-288000
062869,帆宣中信9B購01  ,0,0,0,0,0,0,0,0,0,-288000,0,0,0,47000,335000,-288000,-288000
064471,國巨麥證9C購02  ,0,0,0,0,288000,-288000,0,0,0,-288000,0,0,0,0,288000,-288000,-288000
065311,TPK國票01購03   ,0,0,0,0,0,0,0,0,0,-291000,0,0,0,0,291000,-291000,-291000
064804,英業達元大9C購01,0,0,0,0,0,0,0,0,0,-292000,0,0,0,27000,319000,-292000,-292000
2020,美亞            ,94000,386000,-292000,0,0,0,0,0,0,0,0,0,0,0,0,0,-292000
063575,矽格元大9B購02  ,0,0,0,0,0,0,0,0,0,-293000,0,0,0,642000,935000,-293000,-293000
062037,華新凱基9B購01  ,0,3000,-3000,0,0,0,0,0,0,-291000,0,0,0,502000,793000,-291000,-294000
063866,聯發科永豐9C購01,0,0,0,0,0,0,0,0,0,-294000,0,0,0,30000,324000,-294000,-294000
4919,新唐            ,405000,742008,-337008,0,0,0,0,0,0,43000,6000,4000,2000,59000,18000,41000,-294008
065022,同欣電富邦01購01,0,0,0,0,0,0,0,0,0,-296000,0,0,0,10000,306000,-296000,-296000
9911,櫻花            ,128000,426000,-298000,0,0,0,0,0,0,2000,2000,0,2000,0,0,0,-296000
064828,聯發科統一01購06,0,0,0,0,0,0,0,0,0,-297000,0,0,0,47000,344000,-297000,-297000
064898,國產群益9C購01  ,0,0,0,0,0,0,0,0,0,-297000,0,0,0,310000,607000,-297000,-297000
3605,宏致            ,391000,688000,-297000,0,0,0,0,0,0,0,0,0,0,0,0,0,-297000
058591,台灣50統一9B購02,0,0,0,0,0,0,0,0,0,-297000,0,0,0,2000,299000,-297000,-297000
050890,南電富邦99購01  ,0,0,0,0,0,0,0,0,0,-299000,0,0,0,76000,375000,-299000,-299000
060381,元黃金凱基9A購01,0,0,0,0,0,0,0,0,0,-299000,0,0,0,2000,301000,-299000,-299000
064909,華擎麥證9C購01  ,0,0,0,0,300000,-300000,0,0,0,-300000,0,0,0,0,300000,-300000,-300000
00715L,街口布蘭特油正2 ,0,0,0,0,0,0,0,0,0,-300000,0,0,0,0,300000,-300000,-300000
059061,晶技凱基9A購01  ,0,0,0,0,0,0,0,0,0,-300000,0,0,0,1000,301000,-300000,-300000
063903,國巨麥證01購01  ,0,0,0,0,300000,-300000,0,0,0,-300000,0,0,0,0,300000,-300000,-300000
064335,可成元大9C購05  ,0,0,0,0,0,0,0,0,0,-300000,0,0,0,0,300000,-300000,-300000
062618,祥碩元大9B購04  ,0,0,0,0,0,0,0,0,0,-300000,0,0,0,9000,309000,-300000,-300000
06195P,台積電元富97售06,0,0,0,0,0,0,0,0,0,-300000,0,0,0,0,300000,-300000,-300000
064979,華擎元大9C購04  ,0,0,0,0,0,0,0,0,0,-301000,0,0,0,159000,460000,-301000,-301000
055532,中工群益98購01  ,0,0,0,0,0,0,0,0,0,-301000,0,0,0,0,301000,-301000,-301000
060064,華新科兆豐99購07,0,0,0,0,0,0,0,0,0,-301000,0,0,0,10000,311000,-301000,-301000
05888P,友達元大97售01  ,0,0,0,0,0,0,0,0,0,-302000,0,0,0,0,302000,-302000,-302000
065291,日電貿群益01購01,0,0,0,0,0,0,0,0,0,-303000,0,0,0,0,303000,-303000,-303000
062086,瑞祺元大9B購01  ,0,0,0,0,0,0,0,0,0,-303000,0,0,0,112000,415000,-303000,-303000
064578,TPK國泰02購01   ,0,0,0,0,0,0,0,0,0,-303000,0,0,0,154000,457000,-303000,-303000
6414,樺漢            ,315000,522000,-207000,0,0,0,2000,0,2000,-98000,27000,69000,-42000,19000,75000,-56000,-303000
061269,嘉澤凱基9A購01  ,0,0,0,0,0,0,0,0,0,-305000,0,0,0,0,305000,-305000,-305000
060758,台積電元大9A購19,0,0,0,0,0,0,0,0,0,-305000,0,0,0,2000,307000,-305000,-305000
058146,勤誠元大99購01  ,0,0,0,0,0,0,0,0,0,-306000,0,0,0,40000,346000,-306000,-306000
062533,嘉澤統一9C購01  ,0,0,0,0,0,0,0,0,0,-307000,0,0,0,98000,405000,-307000,-307000
065161,矽格群益9C購01  ,0,25000,-25000,0,0,0,0,0,0,-285000,0,0,0,191000,476000,-285000,-310000
063379,帆宣永豐9B購01  ,0,0,0,0,0,0,0,0,0,-310000,0,0,0,0,310000,-310000,-310000
061357,寶成元大9A購01  ,0,0,0,0,0,0,0,0,0,-311000,0,0,0,8000,319000,-311000,-311000
055583,國巨元大97購10  ,0,0,0,0,0,0,0,0,0,-312000,0,0,0,0,312000,-312000,-312000
1447,力鵬            ,1408600,1721000,-312400,0,0,0,0,0,0,0,0,0,0,0,0,0,-312400
060394,欣興麥證9A購01  ,0,0,0,0,314000,-314000,0,0,0,-314000,0,0,0,0,314000,-314000,-314000
063589,美食永豐9B購02  ,0,0,0,0,0,0,0,0,0,-315000,0,0,0,2000,317000,-315000,-315000
2328,廣宇            ,282000,594000,-312000,0,0,0,0,0,0,-4000,0,4000,-4000,0,0,0,-316000
061915,T50反1凱基02購02,0,0,0,0,0,0,0,0,0,-316000,0,0,0,135000,451000,-316000,-316000
08290P,高鐵統一01售01  ,0,0,0,0,0,0,0,0,0,-318000,0,0,0,15000,333000,-318000,-318000
060783,亞德客富邦9B購01,0,0,0,0,0,0,0,0,0,-318000,0,0,0,91000,409000,-318000,-318000
2388,威盛            ,282000,591000,-309000,0,0,0,0,10000,-10000,0,0,0,0,0,0,0,-319000
07899P,和大凱基9B售01  ,0,0,0,0,0,0,0,0,0,-319000,0,0,0,1000,320000,-319000,-319000
00701,國泰股利精選30  ,6000,0,6000,0,0,0,0,0,0,-325000,0,0,0,219000,544000,-325000,-319000
064547,宏達電凱基9C購01,0,0,0,0,0,0,0,0,0,-320000,0,0,0,18000,338000,-320000,-320000
062596,緯穎統一01購02  ,0,0,0,0,0,0,0,0,0,-320000,0,0,0,0,320000,-320000,-320000
07876P,台灣50國泰01售01,0,0,0,0,0,0,0,0,0,-321000,0,0,0,80000,401000,-321000,-321000
2204,中華            ,248000,221000,27000,0,0,0,0,259000,-259000,-89000,1000,90000,-89000,0,0,0,-321000
063347,祥碩統一01購03  ,0,0,0,0,0,0,0,0,0,-321000,0,0,0,0,321000,-321000,-321000
064596,台表科統一01購03,0,0,0,0,0,0,0,0,0,-321000,0,0,0,534000,855000,-321000,-321000
060431,復盛永豐9A購01  ,0,0,0,0,0,0,0,0,0,-322000,0,0,0,0,322000,-322000,-322000
06662P,玉晶光中信9A售01,0,0,0,0,0,0,0,0,0,-328000,0,0,0,30000,358000,-328000,-328000
064456,禾伸堂統一01購01,0,0,0,0,0,0,0,0,0,-328000,0,0,0,2000,330000,-328000,-328000
6416,瑞祺電通        ,292000,707000,-415000,0,0,0,0,0,0,84719,105000,17281,87719,112000,115000,-3000,-330281
064709,瑞祺永豐9C購01  ,0,0,0,0,0,0,0,0,0,-332000,0,0,0,231000,563000,-332000,-332000
064535,國產國票01購01  ,0,0,0,0,0,0,0,0,0,-333000,0,0,0,116000,449000,-333000,-333000
056813,聯茂統一99購01  ,0,0,0,0,0,0,0,0,0,-334000,0,0,0,14000,348000,-334000,-334000
056320,京鼎群益99購01  ,0,0,0,0,0,0,0,0,0,-337000,0,0,0,60000,397000,-337000,-337000
8112,至上            ,449000,811000,-362000,0,0,0,25000,0,25000,0,0,0,0,0,0,0,-337000
056543,京鼎凱基98購01  ,0,0,0,0,0,0,0,0,0,-338000,0,0,0,162000,500000,-338000,-338000
064863,台積電永豐9C購01,0,0,0,0,0,0,0,0,0,-339000,0,0,0,0,339000,-339000,-339000
07025P,玉晶光凱基99售01,0,0,0,0,0,0,0,0,0,-340000,0,0,0,130000,470000,-340000,-340000
00672L,元大S&P原油正2  ,0,0,0,0,0,0,0,0,0,-340000,0,0,0,75000,415000,-340000,-340000
058506,台積電元大99購09,0,0,0,0,0,0,0,0,0,-340000,0,0,0,61000,401000,-340000,-340000
062015,喬山永豐9B購01  ,0,0,0,0,0,0,0,0,0,-340000,0,0,0,0,340000,-340000,-340000
064839,旭富統一9C購01  ,0,0,0,0,0,0,0,0,0,-341000,0,0,0,28000,369000,-341000,-341000
08027P,嘉晶元大9B售03  ,0,0,0,0,0,0,0,0,0,-342000,0,0,0,22000,364000,-342000,-342000
020016,統一MSCI美科技N ,0,0,0,0,0,0,0,0,0,-342000,0,0,0,36000,378000,-342000,-342000
064933,矽創統一01購01  ,0,0,0,0,0,0,0,0,0,-343000,0,0,0,13000,356000,-343000,-343000
4119,旭富            ,334000,689768,-355768,0,0,0,0,0,0,10000,0,0,0,41000,31000,10000,-345768
058325,昇陽半永豐99購01,0,0,0,0,0,0,0,0,0,-346000,0,0,0,1000,347000,-346000,-346000
060246,晶相光元大9C購03,0,0,0,0,0,0,0,0,0,-347000,0,0,0,7000,354000,-347000,-347000
062427,嘉澤統一01購01  ,0,0,0,0,0,0,0,0,0,-347000,0,0,0,25000,372000,-347000,-347000
2480,敦陽科          ,76000,434000,-358000,0,0,0,0,0,0,9000,9000,0,9000,0,0,0,-349000
064788,台汽電群益9C購01,0,0,0,0,0,0,0,0,0,-349000,0,0,0,64000,413000,-349000,-349000
05755P,臺股指中信99售04,0,0,0,0,0,0,0,0,0,-349000,0,0,0,82000,431000,-349000,-349000
062343,中石化群益9B購01,0,0,0,0,0,0,0,0,0,-350000,0,0,0,208000,558000,-350000,-350000
2354,鴻準            ,596344,964241,-367897,0,0,0,0,2000,-2000,19000,23000,4000,19000,0,0,0,-350897
064808,國產元大9C購02  ,0,0,0,0,0,0,0,0,0,-351000,0,0,0,35000,386000,-351000,-351000
064441,嘉澤凱基9C購02  ,0,0,0,0,0,0,0,0,0,-351000,0,0,0,176000,527000,-351000,-351000
07031P,台灣50中信03售02,0,0,0,0,0,0,0,0,0,-352000,0,0,0,0,352000,-352000,-352000
062426,大立光統一02購02,0,0,0,0,0,0,0,0,0,-353000,0,0,0,0,353000,-353000,-353000
07774P,台灣50群益9A售16,0,0,0,0,0,0,0,0,0,-355000,0,0,0,150000,505000,-355000,-355000
065217,世芯國泰02購01  ,0,0,0,0,0,0,0,0,0,-355000,0,0,0,525000,880000,-355000,-355000
063265,瑞祺永豐9B購01  ,0,0,0,0,0,0,0,0,0,-356000,0,0,0,98000,454000,-356000,-356000
056920,友達兆豐98購02  ,0,0,0,0,0,0,0,0,0,-360000,0,0,0,0,360000,-360000,-360000
063558,聚陽元大9B購02  ,0,0,0,0,0,0,0,0,0,-361000,0,0,0,162000,523000,-361000,-361000
06721P,臺股指中信9A售03,0,0,0,0,0,0,0,0,0,-363000,0,0,0,52000,415000,-363000,-363000
07711P,世芯元大9A售07  ,0,0,0,0,0,0,0,0,0,-363000,0,0,0,0,363000,-363000,-363000
064474,華新科麥證01購01,0,0,0,0,363000,-363000,0,0,0,-363000,0,0,0,0,363000,-363000,-363000
063925,祥碩元富9C購01  ,0,0,0,0,0,0,0,0,0,-365000,0,0,0,115000,480000,-365000,-365000
4968,立積            ,476000,923000,-447000,0,0,0,0,0,0,80000,20000,16000,4000,92000,16000,76000,-367000
063237,微星元大9B購02  ,0,0,0,0,0,0,0,0,0,-367000,0,0,0,13000,380000,-367000,-367000
064223,日電貿國票01購01,0,0,0,0,0,0,0,0,0,-368000,0,0,0,39000,407000,-368000,-368000
08189P,超眾群益9B售04  ,0,0,0,0,0,0,0,0,0,-369000,0,0,0,4000,373000,-369000,-369000
057548,微星凱基99購01  ,0,0,0,0,0,0,0,0,0,-369000,0,0,0,195000,564000,-369000,-369000
064603,和碩元富9C購01  ,0,0,0,0,0,0,0,0,0,-370000,0,0,0,267000,637000,-370000,-370000
063731,台積電元大9B購10,0,0,0,0,0,0,0,0,0,-370000,0,0,0,93000,463000,-370000,-370000
08276P,可成元富9C售02  ,0,0,0,0,0,0,0,0,0,-371000,0,0,0,285000,656000,-371000,-371000
058854,樺漢群益9B購01  ,0,0,0,0,0,0,0,0,0,-371000,0,0,0,187000,558000,-371000,-371000
062617,京鼎元大9B購01  ,0,0,0,0,0,0,0,0,0,-372000,0,0,0,134000,506000,-372000,-372000
060455,葡萄王元大9A購02,0,0,0,0,0,0,0,0,0,-375000,0,0,0,12000,387000,-375000,-375000
064207,國巨凱基03購02  ,0,0,0,0,0,0,0,0,0,-375000,0,0,0,28000,403000,-375000,-375000
052747,京鼎元大97購01  ,0,0,0,0,0,0,0,0,0,-378000,0,0,0,20000,398000,-378000,-378000
058883,旭富永豐99購01  ,0,0,0,0,0,0,0,0,0,-378000,0,0,0,0,378000,-378000,-378000
062743,微星國泰01購01  ,0,0,0,0,0,0,0,0,0,-378000,0,0,0,458000,836000,-378000,-378000
08173P,金像電凱基9B售02,0,0,0,0,0,0,0,0,0,-379000,0,0,0,21000,400000,-379000,-379000
050758,聯發科元富9B購01,0,0,0,0,0,0,0,0,0,-380000,0,0,0,269000,649000,-380000,-380000
6112,聚碩            ,86000,464000,-378000,0,0,0,0,0,0,-5000,0,5000,-5000,0,0,0,-383000
08130P,義隆元大9B售05  ,0,0,0,0,0,0,0,0,0,-384000,0,0,0,6000,390000,-384000,-384000
1701,中化            ,1524000,1908000,-384000,0,0,0,0,0,0,0,0,0,0,0,0,0,-384000
063143,嘉澤統一9B購02  ,0,0,0,0,0,0,0,0,0,-384000,0,0,0,30000,414000,-384000,-384000
061466,創意群益9A購01  ,0,0,0,0,0,0,0,0,0,-385000,0,0,0,183000,568000,-385000,-385000
063437,聚陽統一01購01  ,0,0,0,0,0,0,0,0,0,-385000,0,0,0,81000,466000,-385000,-385000
060764,華擎元大9A購03  ,0,0,0,0,0,0,0,0,0,-386000,0,0,0,113000,499000,-386000,-386000
063774,GIS富邦9B購02   ,0,0,0,0,0,0,0,0,0,-387000,0,0,0,0,387000,-387000,-387000
053398,和鑫中信99購01  ,0,0,0,0,0,0,0,0,0,-390000,0,0,0,20000,410000,-390000,-390000
058116,正崴中信99購02  ,0,0,0,0,0,0,0,0,0,-390000,0,0,0,173000,563000,-390000,-390000
062460,京鼎群益9C購01  ,0,0,0,0,0,0,0,0,0,-391000,0,0,0,56000,447000,-391000,-391000
064160,新日興統一01購03,0,0,0,0,0,0,0,0,0,-392000,0,0,0,45000,437000,-392000,-392000
06154P,超眾元大98售01  ,0,0,0,0,0,0,0,0,0,-393000,0,0,0,112000,505000,-393000,-393000
08302P,長榮航國泰02售01,0,0,0,0,0,0,0,0,0,-394000,0,0,0,0,394000,-394000,-394000
060715,日電貿永豐9A購01,0,0,0,0,0,0,0,0,0,-396000,0,0,0,0,396000,-396000,-396000
056061,國泰金元大97購02,0,0,0,0,0,0,0,0,0,-398000,0,0,0,0,398000,-398000,-398000
060188,華新科元富9A購03,0,0,0,0,0,0,0,0,0,-399000,0,0,0,10000,409000,-399000,-399000
064522,華擎群益01購01  ,0,0,0,0,0,0,0,0,0,-399000,0,0,0,0,399000,-399000,-399000
04293P,滬深2X元大96售02,0,0,0,0,0,0,0,0,0,-400000,0,0,0,0,400000,-400000,-400000
058896,中環元大99購03  ,0,0,0,0,0,0,0,0,0,-400000,0,0,0,0,400000,-400000,-400000
060375,葡萄王元富9A購01,0,0,0,0,0,0,0,0,0,-400000,0,0,0,195000,595000,-400000,-400000
061610,力成統一9C購01  ,0,0,0,0,0,0,0,0,0,-404000,0,0,0,80000,484000,-404000,-404000
062955,立積永豐9B購02  ,0,0,0,0,0,0,0,0,0,-404000,0,0,0,10000,414000,-404000,-404000
064719,聯發科統一02購01,0,0,0,0,0,0,0,0,0,-405000,0,0,0,1085000,1490000,-405000,-405000
064666,華新科元大02購01,0,0,0,0,0,0,0,0,0,-408000,0,0,0,1000,409000,-408000,-408000
061243,麗豐兆豐9A購01  ,0,0,0,0,0,0,0,0,0,-411000,0,0,0,94000,505000,-411000,-411000
2103,台橡            ,288000,702000,-414000,0,0,0,0,0,0,1000,1000,0,1000,0,0,0,-413000
062428,超眾統一9B購01  ,0,0,0,0,0,0,0,0,0,-413000,0,0,0,586000,999000,-413000,-413000
063580,立積國泰9C購01  ,0,0,0,0,0,0,0,0,0,-414000,0,0,0,0,414000,-414000,-414000
2379,瑞昱            ,555557,1340694,-785137,0,0,0,393000,1000,392000,-22000,59000,27000,32000,18000,72000,-54000,-415137
062950,貿聯富邦01購01  ,0,0,0,0,0,0,0,0,0,-417000,0,0,0,642000,1059000,-417000,-417000
2371,大同            ,520520,907000,-386480,0,0,0,0,0,0,-31000,13000,44000,-31000,0,0,0,-417480
2404,漢唐            ,671000,467000,204000,0,0,0,32000,624000,-592000,-30000,1000,35000,-34000,10000,6000,4000,-418000
054371,台積電中信9C購01,0,0,0,0,0,0,0,0,0,-420000,0,0,0,5000,425000,-420000,-420000
053797,台積電中信98購01,0,0,0,0,0,0,0,0,0,-420000,0,0,0,30000,450000,-420000,-420000
064881,聯茂兆豐01購02  ,0,0,0,0,0,0,0,0,0,-421000,0,0,0,96000,517000,-421000,-421000
062658,聯茂第一9B購01  ,0,0,0,0,0,0,0,0,0,-421000,0,0,0,59000,480000,-421000,-421000
046628,大立光統一98購01,0,0,0,0,0,0,0,0,0,-422000,0,0,0,522000,944000,-422000,-422000
063661,聚陽統一9C購02  ,0,0,0,0,0,0,0,0,0,-423000,0,0,0,55000,478000,-423000,-423000
00670L,富邦NASDAQ正2   ,0,249000,-249000,0,0,0,0,0,0,-175000,0,0,0,438000,613000,-175000,-424000
062908,晶豪科元大9B購03,0,0,0,0,0,0,0,0,0,-428000,0,0,0,2000,430000,-428000,-428000
2363,矽統            ,2415000,2849000,-434000,0,0,0,0,0,0,5000,5000,0,5000,0,0,0,-429000
2912,統一超          ,217311,673113,-455802,0,0,0,1000,0,1000,25000,32000,7000,25000,0,0,0,-429802
1514,亞力            ,205000,635000,-430000,0,0,0,0,0,0,0,0,0,0,0,0,0,-430000
064972,台積電元大9C購11,0,0,0,0,0,0,0,0,0,-430000,0,0,0,0,430000,-430000,-430000
063983,麗豐兆豐9C購01  ,0,0,0,0,0,0,0,0,0,-430000,0,0,0,69000,499000,-430000,-430000
1605,華新            ,7556000,4505000,3051000,0,0,0,0,6703000,-6703000,3221000,158000,0,158000,3136000,73000,3063000,-431000
062807,和碩統一9B購01  ,0,0,0,0,0,0,0,0,0,-431000,0,0,0,363000,794000,-431000,-431000
060195,旭富元富9A購02  ,0,0,0,0,0,0,0,0,0,-435000,0,0,0,0,435000,-435000,-435000
055006,晶相光元富9A購01,0,0,0,0,0,0,0,0,0,-436000,0,0,0,0,436000,-436000,-436000
064935,寶成統一02購02  ,0,0,0,0,0,0,0,0,0,-437000,0,0,0,76000,513000,-437000,-437000
064583,光寶科永豐9C購01,0,0,0,0,0,0,0,0,0,-440000,0,0,0,106000,546000,-440000,-440000
057504,技嘉麥證98購01  ,0,0,0,1000,455000,-454000,0,0,0,-443000,0,0,0,12000,455000,-443000,-443000
062680,微星統一01購01  ,0,0,0,0,0,0,0,0,0,-443000,0,0,0,199000,642000,-443000,-443000
08121P,聯發科國票9B售05,0,0,0,0,0,0,0,0,0,-446000,0,0,0,8000,454000,-446000,-446000
1449,佳和            ,6000,5000,1000,0,0,0,0,0,0,-450000,0,450000,-450000,0,0,0,-449000
065178,和碩元大9C購01  ,0,0,0,0,0,0,0,0,0,-449000,0,0,0,189000,638000,-449000,-449000
057798,貿聯兆豐99購01  ,0,0,0,0,0,0,0,0,0,-451000,0,0,0,123000,574000,-451000,-451000
065185,和大統一02購05  ,0,0,0,0,0,0,0,0,0,-452000,0,0,0,82000,534000,-452000,-452000
064809,冠德元大9C購01  ,0,0,0,0,0,0,0,0,0,-452000,0,0,0,689000,1141000,-452000,-452000
06503P,臺股指中信9A售02,0,0,0,0,0,0,0,0,0,-455000,0,0,0,542000,997000,-455000,-455000
057683,技嘉日盛98購01  ,0,0,0,0,0,0,0,0,0,-455000,0,0,0,81000,536000,-455000,-455000
3045,台灣大          ,407155,476325,-69170,0,0,0,1000,2000,-1000,-385000,7000,392000,-385000,0,0,0,-455170
057945,京鼎國票99購03  ,0,0,0,0,0,0,0,0,0,-458000,0,0,0,2000,460000,-458000,-458000
063798,台積電凱基02購03,0,0,0,0,0,0,0,0,0,-461000,0,0,0,12000,473000,-461000,-461000
062796,技嘉統一9C購01  ,0,0,0,0,0,0,0,0,0,-464000,0,0,0,115000,579000,-464000,-464000
063348,祥碩統一01購04  ,0,0,0,0,0,0,0,0,0,-464000,0,0,0,305000,769000,-464000,-464000
063364,聯發科富邦01購02,0,0,0,0,0,0,0,0,0,-464000,0,0,0,122000,586000,-464000,-464000
063675,亞德客國泰01購01,0,0,0,0,0,0,0,0,0,-465000,0,0,0,33000,498000,-465000,-465000
064153,中壽統一9C購01  ,0,0,0,0,0,0,0,0,0,-465000,0,0,0,0,465000,-465000,-465000
064925,和碩統一02購01  ,0,0,0,0,0,0,0,0,0,-470000,0,0,0,82000,552000,-470000,-470000
064070,祥碩永豐9C購01  ,0,0,0,0,0,0,0,0,0,-473000,0,0,0,80000,553000,-473000,-473000
064870,中租永豐9C購01  ,0,0,0,0,0,0,0,0,0,-475000,0,0,0,50000,525000,-475000,-475000
064714,和大統一02購02  ,0,0,0,0,0,0,0,0,0,-475000,0,0,0,50000,525000,-475000,-475000
062687,華擎統一01購02  ,0,0,0,0,0,0,0,0,0,-475000,0,0,0,25000,500000,-475000,-475000
064676,聚陽兆豐9C購01  ,0,0,0,0,0,0,0,0,0,-476000,0,0,0,0,476000,-476000,-476000
07546P,玉晶光凱基9A售09,0,0,0,0,0,0,0,0,0,-477000,0,0,0,115000,592000,-477000,-477000
064257,台勝科國泰01購01,0,0,0,0,0,0,0,0,0,-477000,0,0,0,744000,1221000,-477000,-477000
065126,世芯永豐9C購02  ,0,0,0,0,0,0,0,0,0,-478000,0,0,0,7000,485000,-478000,-478000
061790,中租群益9B購01  ,0,0,0,0,0,0,0,0,0,-478000,0,0,0,0,478000,-478000,-478000
06188P,大立光元富97售01,0,0,0,0,0,0,0,0,0,-479000,0,0,0,9000,488000,-479000,-479000
064853,亞德客麥證9C購01,0,0,0,16000,500000,-484000,0,0,0,-484000,0,0,0,16000,500000,-484000,-484000
057931,正崴群益98購02  ,0,0,0,0,0,0,0,0,0,-484000,0,0,0,158000,642000,-484000,-484000
3673,TPK-KY          ,358000,832187,-474187,0,0,0,0,0,0,-11000,28000,4000,24000,43000,78000,-35000,-485187
060472,中租元大9A購02  ,0,0,0,0,0,0,0,0,0,-488000,0,0,0,30000,518000,-488000,-488000
00654R,富邦印度反1     ,0,91000,-91000,0,0,0,0,0,0,-398000,0,0,0,1000,399000,-398000,-489000
2637,慧洋-KY         ,392000,864000,-472000,0,0,0,0,0,0,-18000,2000,20000,-18000,0,0,0,-490000
054828,正崴國泰99購01  ,0,0,0,0,0,0,0,0,0,-490000,0,0,0,0,490000,-490000,-490000
07557P,玉晶光元大9A售09,0,0,0,0,0,0,0,0,0,-492000,0,0,0,0,492000,-492000,-492000
064284,京鼎元大9C購01  ,0,0,0,0,0,0,0,0,0,-493000,0,0,0,183000,676000,-493000,-493000
064453,微星統一02購01  ,0,0,0,0,0,0,0,0,0,-494000,0,0,0,0,494000,-494000,-494000
060428,瑞祺永豐9A購01  ,0,0,0,0,0,0,0,0,0,-495000,0,0,0,439000,934000,-495000,-495000
6669,緯穎            ,210084,476184,-266100,0,0,0,27000,213000,-186000,-43000,19000,44000,-25000,1000,19000,-18000,-495100
1455,集盛            ,1043000,1540000,-497000,0,0,0,0,0,0,1000,1000,0,1000,0,0,0,-496000
064450,致茂統一01購01  ,0,0,0,0,0,0,0,0,0,-496000,0,0,0,158000,654000,-496000,-496000
064971,裕隆元大01購01  ,0,0,0,0,0,0,0,0,0,-499000,0,0,0,120000,619000,-499000,-499000
064081,國產中信06購01  ,0,0,0,0,0,0,0,0,0,-499000,0,0,0,10000,509000,-499000,-499000
063392,聯電群益9B購02  ,0,0,0,0,0,0,0,0,0,-502000,0,0,0,30000,532000,-502000,-502000
9946,三發地產        ,0,503000,-503000,0,0,0,0,0,0,0,0,0,0,0,0,0,-503000
064249,聯發科元富06購01,0,0,0,0,0,0,0,0,0,-505000,0,0,0,582000,1087000,-505000,-505000
2607,榮運            ,696000,1203000,-507000,0,0,0,0,0,0,1000,1000,0,1000,0,0,0,-506000
08136P,祥碩國泰01售01  ,0,0,0,0,0,0,0,0,0,-507000,0,0,0,345000,852000,-507000,-507000
056638,臺股指日盛98購01,0,0,0,0,0,0,0,0,0,-507000,0,0,0,60000,567000,-507000,-507000
6285,啟碁            ,616000,1029000,-413000,0,0,0,0,100000,-100000,6000,22000,17000,5000,7000,6000,1000,-507000
058180,華新科國泰9A購01,0,0,0,0,0,0,0,0,0,-509000,0,0,0,0,509000,-509000,-509000
064452,微星統一01購02  ,0,0,0,0,0,0,0,0,0,-510000,0,0,0,202000,712000,-510000,-510000
064051,新日興統一01購01,0,0,0,0,0,0,0,0,0,-512000,0,0,0,37000,549000,-512000,-512000
064859,南亞科富邦01購01,0,0,0,0,0,0,0,0,0,-513000,0,0,0,0,513000,-513000,-513000
6456,GIS-KY          ,1266000,779000,487000,0,0,0,0,890000,-890000,-113000,0,100000,-100000,26000,39000,-13000,-516000
043442,大立光台新01購01,0,0,0,0,0,0,0,0,0,-518000,0,0,0,57000,575000,-518000,-518000
064993,嘉澤兆豐9C購01  ,0,0,0,0,0,0,0,0,0,-519000,0,0,0,52000,571000,-519000,-519000
2542,興富發          ,667032,1117100,-450068,0,0,0,0,0,0,-71000,2000,57000,-55000,0,16000,-16000,-521068
00634R,富邦上証反1     ,0,98000,-98000,0,0,0,0,0,0,-429000,0,0,0,14000,443000,-429000,-527000
060700,華新科國泰9C購01,0,0,0,0,0,0,0,0,0,-530000,0,0,0,20000,550000,-530000,-530000
061080,華邦電兆豐9B購01,0,0,0,0,0,0,0,0,0,-531000,0,0,0,104000,635000,-531000,-531000
061661,京鼎永豐9A購02  ,0,0,0,0,0,0,0,0,0,-531000,0,0,0,80000,611000,-531000,-531000
5215,科嘉-KY         ,325000,1004000,-679000,0,0,0,152000,0,152000,-4000,0,4000,-4000,0,0,0,-531000
4958,臻鼎-KY         ,1332720,1757592,-424872,0,0,0,0,0,0,-107000,84000,158000,-74000,9000,42000,-33000,-531872
065183,和大統一01購03  ,0,0,0,0,0,0,0,0,0,-532000,0,0,0,0,532000,-532000,-532000
00738U,元大道瓊白銀    ,65000,88000,-23000,0,0,0,0,0,0,-510000,0,0,0,1095000,1605000,-510000,-533000
062855,嘉澤永豐9B購02  ,0,0,0,0,0,0,0,0,0,-534000,0,0,0,0,534000,-534000,-534000
059581,日月光元富99購02,0,0,0,0,0,0,0,0,0,-537000,0,0,0,263000,800000,-537000,-537000
064780,義隆群益9C購04  ,0,0,0,0,0,0,0,0,0,-539000,0,0,0,47000,586000,-539000,-539000
3209,全科            ,242000,775000,-533000,0,0,0,0,0,0,-10000,0,10000,-10000,0,0,0,-543000
056177,嘉澤元富97購01  ,0,0,0,0,0,0,0,0,0,-544000,0,0,0,103000,647000,-544000,-544000
3016,嘉晶            ,913000,1144000,-231000,0,0,0,0,0,0,-314000,25000,27000,-2000,21000,333000,-312000,-545000
2312,金寶            ,806000,1389000,-583000,0,0,0,0,0,0,33000,1000,0,1000,53000,21000,32000,-550000
062120,國巨台新9B購01  ,0,0,0,0,0,0,0,0,0,-550000,0,0,0,0,550000,-550000,-550000
060424,中租永豐9A購01  ,0,0,0,0,0,0,0,0,0,-551000,0,0,0,42000,593000,-551000,-551000
064365,美食統一01購02  ,0,0,0,0,0,0,0,0,0,-552000,0,0,0,15000,567000,-552000,-552000
064381,道瓊銀國泰02購01,0,0,0,0,0,0,0,0,0,-553000,0,0,0,20000,573000,-553000,-553000
6230,超眾            ,284000,714000,-430000,0,0,0,40000,26000,14000,-138000,31000,0,31000,78000,247000,-169000,-554000
056770,國產元大98購02  ,0,0,0,0,0,0,0,0,0,-558000,0,0,0,126000,684000,-558000,-558000
057399,滬深反群益9C購01,0,0,0,0,0,0,0,0,0,-559000,0,0,0,0,559000,-559000,-559000
059851,晶相光永豐99購02,0,0,0,0,0,0,0,0,0,-559000,0,0,0,0,559000,-559000,-559000
064713,和大統一02購01  ,0,0,0,0,0,0,0,0,0,-559000,0,0,0,73000,632000,-559000,-559000
8011,台通            ,425000,991000,-566000,0,0,0,0,0,0,0,0,0,0,0,0,0,-566000
00708L,元大S&P黃金正2  ,2000,22000,-20000,0,0,0,0,0,0,-547000,0,0,0,4817000,5364000,-547000,-567000
057782,台積電國票99購07,0,0,0,0,0,0,0,0,0,-568000,0,0,0,72000,640000,-568000,-568000
065194,和大元富9C購01  ,0,0,0,0,0,0,0,0,0,-569000,0,0,0,85000,654000,-569000,-569000
054827,宏全元大9A購01  ,0,0,0,0,0,0,0,0,0,-576000,0,0,0,70000,646000,-576000,-576000
00664R,國泰臺灣加權反1 ,0,0,0,0,0,0,0,0,0,-580000,0,0,0,1195000,1775000,-580000,-580000
064252,嘉澤元富9C購01  ,0,0,0,0,0,0,0,0,0,-580000,0,0,0,500000,1080000,-580000,-580000
059297,大立光元富9C購01,10000,0,10000,0,0,0,0,0,0,-592000,0,0,0,89000,681000,-592000,-582000
061020,超眾國票9A購02  ,0,0,0,0,0,0,0,0,0,-583000,0,0,0,170000,753000,-583000,-583000
4915,致伸            ,622000,1475000,-853000,0,0,0,286000,0,286000,-21000,7000,0,7000,0,28000,-28000,-588000
063351,億豐統一9B購01  ,0,0,0,0,0,0,0,0,0,-596000,0,0,0,45000,641000,-596000,-596000
1301,台塑            ,2605120,3831952,-1226832,0,0,0,729000,240000,489000,138000,349000,216000,133000,10000,5000,5000,-599832
060467,神基元大9A購01  ,0,0,0,0,0,0,0,0,0,-607000,0,0,0,86000,693000,-607000,-607000
057475,聯電元大9A購01  ,0,0,0,0,0,0,0,0,0,-608000,0,0,0,14000,622000,-608000,-608000
064138,亞德客統一01購02,0,0,0,0,0,0,0,0,0,-610000,0,0,0,125000,735000,-610000,-610000
062644,中環國泰9C購01  ,0,0,0,0,0,0,0,0,0,-614000,0,0,0,5000,619000,-614000,-614000
07617P,聯發科中信9C售04,0,0,0,0,0,0,0,0,0,-616000,0,0,0,0,616000,-616000,-616000
061188,大成鋼富邦9B購01,0,0,0,0,0,0,0,0,0,-619000,0,0,0,108000,727000,-619000,-619000
3706,神達            ,1219000,1879319,-660319,0,0,0,0,0,0,39000,16000,0,16000,36000,13000,23000,-621319
064053,祥碩統一02購01  ,0,0,0,0,0,0,0,0,0,-622000,0,0,0,322000,944000,-622000,-622000
061306,瑞祺永豐9A購02  ,0,0,0,0,0,0,0,0,0,-623000,0,0,0,22000,645000,-623000,-623000
06803P,臺股指群益98售09,0,0,0,0,0,0,0,0,0,-626000,0,0,0,20000,646000,-626000,-626000
057719,欣興元富02購01  ,0,0,0,0,0,0,0,0,0,-627000,0,0,0,461000,1088000,-627000,-627000
064649,同欣電凱基01購01,0,0,0,0,0,0,0,0,0,-627000,0,0,0,105000,732000,-627000,-627000
08106P,聯發科統一9B售09,0,0,0,0,0,0,0,0,0,-631000,0,0,0,43000,674000,-631000,-631000
065376,京鼎元大9C購02  ,0,0,0,0,0,0,0,0,0,-635000,0,0,0,8000,643000,-635000,-635000
061728,華新科麥證9A購02,0,0,0,0,635000,-635000,0,0,0,-635000,0,0,0,0,635000,-635000,-635000
058525,台虹元大99購02  ,0,0,0,0,0,0,0,0,0,-639000,0,0,0,0,639000,-639000,-639000
062386,京鼎國泰9C購01  ,0,0,0,0,0,0,0,0,0,-641000,0,0,0,340000,981000,-641000,-641000
064212,可成凱基03購01  ,0,0,0,0,0,0,0,0,0,-642000,0,0,0,63000,705000,-642000,-642000
060030,晶相光永豐99購03,0,0,0,0,0,0,0,0,0,-644000,0,0,0,5000,649000,-644000,-644000
062854,日電貿永豐9B購01,0,0,0,0,0,0,0,0,0,-644000,0,0,0,19000,663000,-644000,-644000
05692P,聯發科中信9A售02,0,0,0,0,0,0,0,0,0,-659000,0,0,0,11000,670000,-659000,-659000
2367,燿華            ,2792000,3352000,-560000,0,0,0,0,0,0,-106000,265000,50000,215000,28000,349000,-321000,-666000
061517,瑞祺永豐9A購03  ,0,0,0,0,0,0,0,0,0,-666000,0,0,0,112000,778000,-666000,-666000
062116,元金2X第一9B購01,0,0,0,0,0,0,0,0,0,-673000,0,0,0,62000,735000,-673000,-673000
063680,寶成富邦9C購01  ,0,0,0,0,0,0,0,0,0,-677000,0,0,0,33000,710000,-677000,-677000
063203,華新科統一9C購04,0,0,0,0,0,0,0,0,0,-682000,0,0,0,10000,692000,-682000,-682000
061439,寶成凱基9A購01  ,0,0,0,0,0,0,0,0,0,-684000,0,0,0,0,684000,-684000,-684000
07478P,南電康和9A售02  ,0,0,0,0,0,0,0,0,0,-689000,0,0,0,6000,695000,-689000,-689000
3702,大聯大          ,803413,1283194,-479781,0,0,0,0,296000,-296000,79000,79000,0,79000,0,0,0,-696781
062376,中租元大9B購02  ,0,0,0,0,0,0,0,0,0,-699000,0,0,0,81000,780000,-699000,-699000
062976,嘉澤元富9B購01  ,0,0,0,0,0,0,0,0,0,-704000,0,0,0,434000,1138000,-704000,-704000
1402,遠東新          ,1521284,2230598,-709314,0,0,0,0,23000,-23000,24000,13000,1000,12000,40000,28000,12000,-708314
2451,創見            ,687000,535000,152000,0,0,0,6000,932000,-926000,63000,99000,36000,63000,0,0,0,-711000
064531,旭富兆豐9C購01  ,0,0,0,0,0,0,0,0,0,-715000,0,0,0,48000,763000,-715000,-715000
063071,華新科富邦02購01,0,0,0,0,0,0,0,0,0,-727000,0,0,0,5000,732000,-727000,-727000
1598,岱宇            ,312000,1017000,-705000,0,0,0,0,0,0,-26766,9234,36000,-26766,0,0,0,-731766
058809,國巨統一9B購03  ,0,0,0,0,0,0,0,0,0,-732000,0,0,0,478000,1210000,-732000,-732000
00642U,元大S&P石油     ,2000,0,2000,0,0,0,0,0,0,-736000,0,0,0,403000,1139000,-736000,-734000
06342P,世芯統一98售01  ,0,0,0,0,0,0,0,0,0,-734000,0,0,0,0,734000,-734000,-734000
061734,全新中信9B購02  ,0,0,0,0,0,0,0,0,0,-735000,0,0,0,95000,830000,-735000,-735000
00693U,街口S&P黃豆     ,7000,548000,-541000,0,0,0,0,0,0,-196000,0,0,0,297000,493000,-196000,-737000
058781,康友國票9A購01  ,0,0,0,0,0,0,0,0,0,-749000,0,0,0,416000,1165000,-749000,-749000
065078,台積電元大02購01,0,0,0,0,0,0,0,0,0,-752000,0,0,0,0,752000,-752000,-752000
063400,華擎群益9B購03  ,0,0,0,0,0,0,0,0,0,-758000,0,0,0,0,758000,-758000,-758000
8081,致新            ,216000,957536,-741536,0,0,0,0,0,0,-18000,25000,27000,-2000,23000,39000,-16000,-759536
065201,世芯元富9C購02  ,0,0,0,0,0,0,0,0,0,-766000,0,0,0,15000,781000,-766000,-766000
065118,國巨富邦01購02  ,0,0,0,0,0,0,0,0,0,-769000,0,0,0,394000,1163000,-769000,-769000
057328,京鼎群益99購02  ,0,0,0,0,0,0,0,0,0,-783000,0,0,0,0,783000,-783000,-783000
058293,光寶科凱基9A購01,0,0,0,0,0,0,0,0,0,-784000,0,0,0,282000,1066000,-784000,-784000
056676,國產元富98購01  ,0,0,0,0,0,0,0,0,0,-789000,0,0,0,0,789000,-789000,-789000
064373,和大元富03購01  ,0,0,0,0,0,0,0,0,0,-789000,0,0,0,462000,1251000,-789000,-789000
056288,健鼎永豐97購01  ,0,0,0,0,0,0,0,0,0,-793000,0,0,0,1000,794000,-793000,-793000
062975,京鼎元富9B購01  ,30000,0,30000,0,0,0,0,0,0,-830000,0,0,0,489000,1319000,-830000,-800000
063850,玉晶光元大9C購07,0,0,0,0,0,0,0,0,0,-802000,0,0,0,215000,1017000,-802000,-802000
065035,世芯統一01購03  ,0,0,0,0,0,0,0,0,0,-805000,0,0,0,219000,1024000,-805000,-805000
050283,T50反1凱基9A購01,0,0,0,0,0,0,0,0,0,-814000,0,0,0,0,814000,-814000,-814000
064831,宏達電統一02購01,0,0,0,0,0,0,0,0,0,-818000,0,0,0,276000,1094000,-818000,-818000
053913,華新國票97購01  ,0,0,0,0,0,0,0,0,0,-819000,0,0,0,20000,839000,-819000,-819000
055902,同欣電中信99購01,0,0,0,0,0,0,0,0,0,-819000,0,0,0,334000,1153000,-819000,-819000
063227,祥碩群益9B購06  ,0,0,0,0,0,0,0,0,0,-824000,0,0,0,153000,977000,-824000,-824000
053117,大立光中信9A購02,0,0,0,0,0,0,0,0,0,-825000,0,0,0,0,825000,-825000,-825000
056803,群創台新99購02  ,0,0,0,0,0,0,0,0,0,-829000,0,0,0,0,829000,-829000,-829000
061547,禾伸堂群益9A購01,0,0,0,0,0,0,0,0,0,-831000,0,0,0,111000,942000,-831000,-831000
062699,台積電元大01購02,0,0,0,0,0,0,0,0,0,-847000,0,0,0,469000,1316000,-847000,-847000
2890,永豐金          ,6816041,7625997,-809956,0,0,0,0,41000,-41000,1000,1000,0,1000,0,0,0,-849956
063383,億豐永豐9B購02  ,0,0,0,0,0,0,0,0,0,-850000,0,0,0,0,850000,-850000,-850000
064503,日電貿元大9C購01,0,0,0,0,0,0,0,0,0,-850000,0,0,0,56000,906000,-850000,-850000
058645,康控富邦01購01  ,0,0,0,0,0,0,0,0,0,-864000,0,0,0,150000,1014000,-864000,-864000
062345,和大群益9B購01  ,0,0,0,0,0,0,0,0,0,-864000,0,0,0,50000,914000,-864000,-864000
058604,華邦電元大99購03,0,0,0,0,0,0,0,0,0,-866000,0,0,0,0,866000,-866000,-866000
6141,柏承            ,555000,1421000,-866000,0,0,0,0,0,0,0,0,0,0,0,0,0,-866000
064492,技嘉元大9C購01  ,0,0,0,0,0,0,0,0,0,-868000,0,0,0,123000,991000,-868000,-868000
064385,台積電富邦03購02,0,0,0,0,0,0,0,0,0,-878000,0,0,0,20000,898000,-878000,-878000
060503,技嘉元大9A購01  ,0,0,0,0,0,0,0,0,0,-880000,0,0,0,34000,914000,-880000,-880000
058455,玉晶光永豐99購03,0,0,0,0,0,0,0,0,0,-881000,0,0,0,212000,1093000,-881000,-881000
061101,道瓊銀元大9A購02,0,0,0,0,0,0,0,0,0,-884000,0,0,0,19000,903000,-884000,-884000
060602,京元電凱基9A購01,0,0,0,0,0,0,0,0,0,-890000,0,0,0,10000,900000,-890000,-890000
9904,寶成            ,3181031,4377264,-1196233,0,0,0,0,6000,-6000,296000,126000,55000,71000,229000,4000,225000,-906233
063324,道瓊反國票9B購03,0,0,0,0,0,0,0,0,0,-909000,0,0,0,7000,916000,-909000,-909000
048272,新光金富邦98購01,0,0,0,0,0,0,0,0,0,-919000,0,0,0,0,919000,-919000,-919000
058646,聯茂富邦9A購01  ,0,0,0,0,0,0,0,0,0,-922000,0,0,0,50000,972000,-922000,-922000
2492,華新科          ,2244690,998062,1246628,0,0,0,0,2245000,-2245000,76000,144000,246000,-102000,221000,43000,178000,-922372
08405P,聯發科元大9C售11,0,0,0,0,0,0,0,0,0,-924000,0,0,0,90000,1014000,-924000,-924000
2915,潤泰全          ,637000,821400,-184400,0,0,0,0,736000,-736000,-4000,1000,0,1000,0,5000,-5000,-924400
2515,中工            ,890000,1821000,-931000,0,0,0,0,0,0,-4000,3000,0,3000,45000,52000,-7000,-935000
6282,康舒            ,626000,1534000,-908000,0,0,0,0,0,0,-58000,0,0,0,0,58000,-58000,-966000
063159,嘉澤國泰01購01  ,0,0,0,0,0,0,0,0,0,-967000,0,0,0,0,967000,-967000,-967000
00674R,元大S&P黃金反1  ,0,0,0,0,0,0,0,0,0,-972000,0,0,0,112000,1084000,-972000,-972000
055256,日電貿統一99購01,0,0,0,0,0,0,0,0,0,-973000,0,0,0,96000,1069000,-973000,-973000
064173,國產元富9C購01  ,0,0,0,0,0,0,0,0,0,-975000,0,0,0,85000,1060000,-975000,-975000
056480,京鼎元大98購02  ,0,0,0,0,0,0,0,0,0,-985000,0,0,0,19000,1004000,-985000,-985000
07597P,臺股指中信01售02,0,0,0,0,0,0,0,0,0,-988000,0,0,0,1042000,2030000,-988000,-988000
064177,立積國泰01購01  ,0,0,0,0,0,0,0,0,0,-1006000,0,0,0,269000,1275000,-1006000,-1006000
1444,力麗            ,779000,1775000,-996000,0,0,0,0,0,0,-20000,1000,21000,-20000,0,0,0,-1016000
2105,正新            ,607303,1595351,-988048,0,0,0,11000,0,11000,-39000,13000,52000,-39000,0,0,0,-1016048
058313,台積電富邦9B購04,0,0,0,0,0,0,0,0,0,-1021000,0,0,0,112000,1133000,-1021000,-1021000
2313,華通            ,2219000,1735000,484000,0,0,0,80000,1150000,-1070000,-459000,794000,1154000,-360000,102000,201000,-99000,-1045000
4904,遠傳            ,825281,1906314,-1081033,0,0,0,0,3000,-3000,36000,41000,0,41000,0,5000,-5000,-1048033
2603,長榮            ,2919756,2631300,288456,0,0,0,0,1229000,-1229000,-125000,27000,152000,-125000,0,0,0,-1065544
2610,華航            ,1744676,2895000,-1150324,0,0,0,0,0,0,73000,65000,0,65000,18000,10000,8000,-1077324
06595P,祥碩元大98售03  ,0,0,0,0,0,0,0,0,0,-1088000,0,0,0,110000,1198000,-1088000,-1088000
06878P,台灣50日盛9B售01,0,0,0,0,0,0,0,0,0,-1094000,0,0,0,390000,1484000,-1094000,-1094000
3017,奇鋐            ,1512000,2512000,-1000000,0,0,0,100000,0,100000,-228000,0,0,0,47000,275000,-228000,-1128000
2387,精元            ,444000,1918000,-1474000,0,0,0,250000,0,250000,74000,143000,48000,95000,0,21000,-21000,-1150000
054546,玉晶光中信9B購01,0,0,0,0,0,0,0,0,0,-1195000,0,0,0,2606000,3801000,-1195000,-1195000
2439,美律            ,555000,1035000,-480000,0,0,0,12000,649000,-637000,-95000,2000,28000,-26000,0,69000,-69000,-1212000
062986,T50反1中信02購01,0,0,0,0,0,0,0,0,0,-1213000,0,0,0,3000,1216000,-1213000,-1213000
061956,和大統一01購01  ,0,0,0,0,0,0,0,0,0,-1229000,0,0,0,94000,1323000,-1229000,-1229000
065336,華新統一02購01  ,0,0,0,0,0,0,0,0,0,-1230000,0,0,0,0,1230000,-1230000,-1230000
062534,力成統一01購01  ,0,0,0,0,0,0,0,0,0,-1249000,0,0,0,0,1249000,-1249000,-1249000
2349,錸德            ,860000,470000,390000,0,0,0,0,1641000,-1641000,0,0,0,0,0,0,0,-1251000
053118,大立光中信9C購01,0,0,0,0,0,0,0,0,0,-1267000,0,0,0,195000,1462000,-1267000,-1267000
064098,正崴群益9C購01  ,0,0,0,0,0,0,0,0,0,-1300000,0,0,0,583000,1883000,-1300000,-1300000
063358,華擎國泰01購01  ,0,0,0,0,0,0,0,0,0,-1319000,0,0,0,350000,1669000,-1319000,-1319000
064234,正崴統一01購01  ,0,0,0,0,0,0,0,0,0,-1320000,0,0,0,572000,1892000,-1320000,-1320000
058054,台積電統一9C購01,0,19000,-19000,0,0,0,0,0,0,-1302000,0,0,0,522000,1824000,-1302000,-1321000
5469,瀚宇博          ,302000,1520000,-1218000,0,0,0,0,0,0,-120000,0,0,0,29000,149000,-120000,-1338000
064911,光寶科統一02購01,0,0,0,0,0,0,0,0,0,-1339000,0,0,0,509000,1848000,-1339000,-1339000
054567,拓凱群益98購01  ,0,0,0,0,0,0,0,0,0,-1350000,0,0,0,253000,1603000,-1350000,-1350000
1102,亞泥            ,1731082,5028430,-3297348,0,0,0,1918000,3000,1915000,21000,22000,0,22000,0,1000,-1000,-1361348
6269,台郡            ,358000,1299300,-941300,0,0,0,40000,385000,-345000,-93000,14000,12000,2000,1000,96000,-95000,-1379300
00676R,富邦臺灣加權反1 ,0,0,0,0,0,0,0,0,0,-1395000,0,0,0,699000,2094000,-1395000,-1395000
08554P,玉晶光國票01售06,0,0,0,0,0,0,0,0,0,-1405000,0,0,0,5000,1410000,-1405000,-1405000
4133,亞諾法          ,2251000,3750000,-1499000,0,0,0,30000,0,30000,12000,12000,0,12000,0,0,0,-1457000
3380,明泰            ,320000,797000,-477000,0,0,0,0,1043256,-1043256,18773,6000,227,5773,40000,27000,13000,-1501483
3532,台勝科          ,2057000,183000,1874000,0,0,0,0,3427000,-3427000,35000,0,0,0,84000,49000,35000,-1518000
07646P,世芯元大9A售04  ,0,0,0,0,0,0,0,0,0,-1530000,0,0,0,934000,2464000,-1530000,-1530000
4927,泰鼎-KY         ,701000,2622000,-1921000,0,0,0,863000,0,863000,-504000,47000,72000,-25000,26000,505000,-479000,-1562000
2511,太子            ,854600,2446000,-1591400,0,0,0,0,0,0,1000,1000,0,1000,0,0,0,-1590400
2801,彰銀            ,1639165,3301660,-1662495,0,0,0,18000,0,18000,-7000,1000,8000,-7000,0,0,0,-1651495
064054,中租統一02購01  ,0,0,0,0,0,0,0,0,0,-1655000,0,0,0,79000,1734000,-1655000,-1655000
063401,中租群益9B購03  ,0,0,0,0,0,0,0,0,0,-1677000,0,0,0,57000,1734000,-1677000,-1677000
1409,新纖            ,1785000,3475000,-1690000,0,0,0,0,0,0,2000,2000,0,2000,0,0,0,-1688000
063448,聯發科統一9C購11,0,0,0,0,0,0,0,0,0,-1709000,0,0,0,491000,2200000,-1709000,-1709000
1308,亞聚            ,1140000,2860000,-1720000,0,0,0,0,0,0,1000,1000,0,1000,0,0,0,-1719000
1326,台化            ,4134730,2734692,1400038,0,0,0,200000,3350000,-3150000,15000,16000,0,16000,0,1000,-1000,-1734962
063976,正崴兆豐9C購01  ,0,0,0,0,0,0,0,0,0,-1806000,0,0,0,202000,2008000,-1806000,-1806000
2002,中鋼            ,4169600,6010323,-1840723,0,0,0,61000,0,61000,-33000,3000,36000,-33000,0,0,0,-1812723
2618,長榮航          ,2816738,4497250,-1680512,0,0,0,6000,190000,-184000,-26000,2000,6000,-4000,40000,62000,-22000,-1890512
2303,聯電            ,13399123,15058192,-1659069,0,0,0,0,490000,-490000,194000,386000,263000,123000,552000,481000,71000,-1955069
2301,光寶科          ,3031802,10307528,-7275726,0,0,0,2370000,26000,2344000,2891000,754000,920000,-166000,3058000,1000,3057000,-2040726
051369,新光金富邦9A購01,0,0,0,0,0,0,0,0,0,-2046000,0,0,0,0,2046000,-2046000,-2046000
3005,神基            ,2720000,1455000,1265000,0,0,0,25000,3323000,-3298000,-65000,0,74000,-74000,32000,23000,9000,-2098000
065351,中租統一02購02  ,0,0,0,0,0,0,0,0,0,-2154000,0,0,0,0,2154000,-2154000,-2154000
07194P,聯發科元大99售25,0,0,0,0,0,0,0,0,0,-2190000,0,0,0,200000,2390000,-2190000,-2190000
063876,華新元富9C購01  ,0,0,0,0,0,0,0,0,0,-2241000,0,0,0,395000,2636000,-2241000,-2241000
2449,京元電子        ,1866000,7156000,-5290000,0,0,0,2653000,0,2653000,217000,208000,50000,158000,177000,118000,59000,-2420000
1216,統一            ,4409832,6938425,-2528593,0,0,0,0,7000,-7000,11000,10000,0,10000,1000,0,1000,-2524593
3189,景碩            ,1241000,4027000,-2786000,0,0,0,352000,0,352000,-108000,388000,218000,170000,34000,312000,-278000,-2542000
2454,聯發科          ,4934613,8289237,-3354624,0,0,0,811000,13000,798000,-132000,84000,87000,-3000,87000,216000,-129000,-2688624
2841,台開            ,1162000,3943000,-2781000,0,0,0,0,0,0,5000,5000,0,5000,0,0,0,-2776000
2408,南亞科          ,4392801,2505242,1887559,0,0,0,20000,4783000,-4763000,65000,76000,78000,-2000,83000,16000,67000,-2810441
2885,元大金          ,4064884,8665138,-4600254,0,0,0,0,773000,-773000,2405000,2380000,0,2380000,25000,0,25000,-2968254
00712,FH富時不動產    ,36000,54000,-18000,0,0,0,0,0,0,-3021000,0,0,0,29000,3050000,-3021000,-3039000
2884,玉山金          ,3902518,7285197,-3382679,0,0,0,0,15000,-15000,-20000,1000,0,1000,0,21000,-21000,-3417679
2633,台灣高鐵        ,2719681,3729445,-1009764,0,0,0,605000,3050000,-2445000,6000,31000,0,31000,35000,60000,-25000,-3448764
064818,華新統一01購01  ,0,0,0,0,0,0,0,0,0,-3517000,0,0,0,493000,4010000,-3517000,-3517000
2337,旺宏            ,1943000,5069000,-3126000,0,0,0,0,390000,-390000,-155713,0,2000,-2000,154000,307713,-153713,-3671713
1718,中纖            ,742000,4377000,-3635000,0,0,0,0,0,0,-37000,5000,42000,-37000,0,0,0,-3672000
2323,中環            ,3290000,7472000,-4182000,0,0,0,0,18000,-18000,394000,60000,42000,18000,422000,46000,376000,-3806000
1314,中石化          ,1088000,5349000,-4261000,0,0,0,0,0,0,31000,58000,26000,32000,35000,36000,-1000,-4230000
6153,嘉聯益          ,719930,4832000,-4112070,0,0,0,0,0,0,-1173000,142000,528000,-386000,47000,834000,-787000,-5285070
2324,仁寶            ,4456991,15158824,-10701833,0,0,0,2972000,3000,2969000,-285000,0,0,0,2000,287000,-285000,-8017833
2368,金像電          ,2099000,4981000,-2882000,0,0,0,0,4826000,-4826000,-1244000,55000,1244000,-1189000,42000,97000,-55000,-8952000
3481,群創            ,20952432,30633025,-9680593,0,0,0,0,0,0,-301000,497000,337000,160000,517000,978000,-461000,-9981593
2027,大成鋼          ,5750000,3080000,2670000,0,0,0,0,14036000,-14036000,729000,692000,8000,684000,113000,68000,45000,-10637000
00852L,國泰美國道瓊正2 ,0,798000,-798000,0,0,0,0,0,0,-10786000,0,1459000,-1459000,3270000,12597000,-9327000,-11584000
2409,友達            ,14188542,25482705,-11294163,0,0,0,200000,5000,195000,-3126000,130000,349000,-219000,12000,2919000,-2907000,-14225163
00632R,元大台灣50反1   ,11758000,136000,11622000,0,0,0,0,0,0,-38853000,296000,3100000,-2804000,3959000,40008000,-36049000,-27231000
