證券代號,證券名稱,外陸資買進股數(不含外資自營商),外陸資賣出股數(不含外資自營商),外陸資買賣超股數(不含外資自營商),外資自營商買進股數,外資自營商賣出股數,外資自營商買賣超股數,投信買進股數,投信賣出股數,投信買賣超股數,自營商買賣超股數,自營商買進股數(自行買賣),自營商賣出股數(自行買賣),自營商買賣超股數(自行買賣),自營商買進股數(避險),自營商賣出股數(避險),自營商買賣超股數(避險),三大法人買賣超股數
2885,元大金          ,40890744,6957000,33933744,0,0,0,346000,13000,333000,830000,503000,202000,301000,533000,4000,529000,35096744
6116,彩晶            ,26356000,12951000,13405000,0,0,0,0,0,0,-1409000,139000,435000,-296000,1545000,2658000,-1113000,11996000
2330,台積電          ,30051697,18320217,11731480,0,0,0,160000,98000,62000,130000,291000,158000,133000,329000,332000,-3000,11923480
1605,華新            ,12930948,3244000,9686948,0,0,0,0,0,0,-321000,66000,173000,-107000,73000,287000,-214000,9365948
1314,中石化          ,8832216,961000,7871216,0,0,0,0,0,0,713000,302000,1000,301000,423000,11000,412000,8584216
00677U,富邦VIX         ,20742000,2090000,18652000,0,0,0,0,0,0,-10924000,0,0,0,5744000,16668000,-10924000,7728000
2201,裕隆            ,4887000,901000,3986000,0,0,0,2000000,0,2000000,1201000,531000,13000,518000,718000,35000,683000,7187000
2353,宏碁            ,24037382,15977000,8060382,0,0,0,0,2000,-2000,-2037000,522000,1765000,-1243000,246000,1040000,-794000,6021382
2882,國泰金          ,7987890,2388000,5599890,0,0,0,224000,14000,210000,-53000,255000,292000,-37000,63000,79000,-16000,5756890
00852L,國泰美國道瓊正2 ,336000,0,336000,0,0,0,0,0,0,5394000,0,0,0,6280000,886000,5394000,5730000
9938,百和            ,6531000,1379000,5152000,0,0,0,162000,0,162000,342000,232000,237000,-5000,362000,15000,347000,5656000
2344,華邦電          ,14393772,8551000,5842772,0,0,0,0,0,0,-503000,25000,2000,23000,209000,735000,-526000,5339772
5880,合庫金          ,7745998,2956000,4789998,0,0,0,26000,14000,12000,16000,44000,28000,16000,0,0,0,4817998
2317,鴻海            ,11418518,7584800,3833718,0,0,0,44000,6000,38000,663000,60000,20000,40000,916000,293000,623000,4534718
6278,台表科          ,6256000,2106000,4150000,0,0,0,254000,242000,12000,210000,133000,161000,-28000,270000,32000,238000,4372000
2002,中鋼            ,9235494,4705000,4530494,0,0,0,42000,17000,25000,-248000,2000,250000,-248000,0,0,0,4307494
2880,華南金          ,5714507,1942400,3772107,0,0,0,26000,13000,13000,-53000,1000,54000,-53000,0,0,0,3732107
055611,燿華國票98購02  ,0,0,0,0,0,0,0,0,0,3525000,0,0,0,3525000,0,3525000,3525000
2308,台達電          ,5672426,1784000,3888426,0,0,0,82000,223000,-141000,-338000,21000,326000,-305000,20000,53000,-33000,3409426
3231,緯創            ,7695476,4101000,3594476,0,0,0,293000,4000,289000,-598000,51000,612000,-561000,91000,128000,-37000,3285476
2823,中壽            ,4230784,1090000,3140784,0,0,0,19000,5000,14000,29000,122000,386000,-264000,461000,168000,293000,3183784
1909,榮成            ,5352000,1969000,3383000,0,0,0,0,0,0,-223000,25000,248000,-223000,0,0,0,3160000
9904,寶成            ,3984693,1183000,2801693,0,0,0,295000,3000,292000,17000,63000,3000,60000,17000,60000,-43000,3110693
2379,瑞昱            ,5463779,2750100,2713679,0,0,0,149000,0,149000,112000,231000,116000,115000,69000,72000,-3000,2974679
053856,台積電富邦98購01,0,0,0,0,0,0,0,0,0,2755000,0,0,0,5672000,2917000,2755000,2755000
2886,兆豐金          ,5428292,4344000,1084292,0,0,0,1863000,231000,1632000,-88000,0,74000,-74000,0,14000,-14000,2628292
2884,玉山金          ,6400858,4486000,1914858,0,0,0,47000,16000,31000,481000,515000,22000,493000,0,12000,-12000,2426858
060890,大立光統一01購01,0,0,0,0,0,0,0,0,0,2227000,0,0,0,2315000,88000,2227000,2227000
2417,圓剛            ,7133000,5292000,1841000,0,0,0,327000,0,327000,32000,32000,0,32000,0,0,0,2200000
00876,元大未來關鍵科技,105000,0,105000,0,0,0,0,0,0,2050000,0,0,0,3430000,1380000,2050000,2155000
2363,矽統            ,3497000,1404000,2093000,0,0,0,0,0,0,0,0,0,0,0,0,0,2093000
068119,健鼎元富07購01  ,0,0,0,0,0,0,0,0,0,2087000,0,0,0,2160000,73000,2087000,2087000
065431,大立光凱基02購02,0,0,0,0,0,0,0,0,0,2039000,0,0,0,2382000,343000,2039000,2039000
063824,S&P反1國票9C購01,0,0,0,0,0,0,0,0,0,1996000,0,0,0,1996000,0,1996000,1996000
2324,仁寶            ,5588517,4341000,1247517,0,0,0,579000,6000,573000,119000,191000,10000,181000,24000,86000,-62000,1939517
2390,云辰            ,3705000,1769000,1936000,0,0,0,0,0,0,-1000,0,1000,-1000,0,0,0,1935000
3014,聯陽            ,2103000,620000,1483000,0,0,0,0,0,0,450000,204000,19000,185000,310000,45000,265000,1933000
07347P,上証2X凱基99售02,0,0,0,0,0,0,0,0,0,1907000,0,0,0,1907000,0,1907000,1907000
067580,亞德客群益01購03,0,0,0,0,0,0,0,0,0,1870000,0,0,0,1906000,36000,1870000,1870000
057085,立積統一9B購02  ,0,0,0,0,0,0,0,0,0,1858000,0,0,0,2001000,143000,1858000,1858000
067906,國揚國泰02購01  ,0,0,0,0,0,0,0,0,0,1822000,0,0,0,2071000,249000,1822000,1822000
4142,國光生          ,3263000,2079000,1184000,0,0,0,710000,0,710000,-100000,0,100000,-100000,0,0,0,1794000
2357,華碩            ,4382113,2596473,1785640,0,0,0,137000,1000,136000,-132000,15000,53000,-38000,51000,145000,-94000,1789640
2515,中工            ,2116000,228000,1888000,0,0,0,0,0,0,-100000,11000,1000,10000,14000,124000,-110000,1788000
00642U,元大S&P石油     ,44000,50000,-6000,0,0,0,0,0,0,1752000,0,0,0,1752000,0,1752000,1746000
5264,鎧勝-KY         ,3012000,2033000,979000,0,0,0,0,0,0,748000,10000,39000,-29000,834000,57000,777000,1727000
068131,聯發科統一02購09,0,0,0,0,0,0,0,0,0,1701000,0,0,0,1866000,165000,1701000,1701000
066198,華碩統一03購01  ,0,0,0,0,0,0,0,0,0,1693000,0,0,0,2710000,1017000,1693000,1693000
062540,茂林國泰9C購01  ,0,0,0,0,0,0,0,0,0,1686000,0,0,0,2005000,319000,1686000,1686000
068841,華通統一02購01  ,0,0,0,0,0,0,0,0,0,1654000,0,0,0,2120000,466000,1654000,1654000
2323,中環            ,1993000,339000,1654000,0,0,0,0,0,0,-45000,0,25000,-25000,4000,24000,-20000,1609000
062332,大立光統一9B購11,0,0,0,0,0,0,0,0,0,1584000,0,0,0,2223000,639000,1584000,1584000
2883,開發金          ,9054862,8552000,502862,0,0,0,1001000,17000,984000,97000,70000,3000,67000,30000,0,30000,1583862
065337,華通統一01購03  ,0,0,0,0,0,0,0,0,0,1583000,0,0,0,1735000,152000,1583000,1583000
00669R,國泰美國道瓊反1 ,766000,25000,741000,0,0,0,0,0,0,835000,0,0,0,2107000,1272000,835000,1576000
1609,大亞            ,2443578,875000,1568578,0,0,0,0,0,0,0,0,0,0,0,0,0,1568578
2618,長榮航          ,5355451,3896000,1459451,0,0,0,0,4000,-4000,76279,93279,23000,70279,67000,61000,6000,1531730
4958,臻鼎-KY         ,4356501,3839330,517171,0,0,0,850000,58000,792000,197000,418000,144000,274000,133000,210000,-77000,1506171
063863,儒鴻富邦02購01  ,0,0,0,0,0,0,0,0,0,1506000,0,0,0,1813000,307000,1506000,1506000
062441,華新科元大9C購01,0,0,0,0,0,0,0,0,0,1497000,0,0,0,1629000,132000,1497000,1497000
1402,遠東新          ,3478110,1024000,2454110,0,0,0,13000,981000,-968000,1000,35000,272000,-237000,241000,3000,238000,1487110
2312,金寶            ,1683000,285000,1398000,0,0,0,0,0,0,65000,0,0,0,152000,87000,65000,1463000
067712,惠特元富04購01  ,0,0,0,0,0,0,0,0,0,1456000,0,0,0,1665000,209000,1456000,1456000
2888,新光金          ,12284521,11326000,958521,0,0,0,35000,16000,19000,463000,302000,70000,232000,320000,89000,231000,1440521
2812,台中銀          ,1973000,568000,1405000,0,0,0,0,2000,-2000,36000,61000,25000,36000,0,0,0,1439000
2439,美律            ,1475758,245000,1230758,0,0,0,98000,0,98000,76000,184000,69000,115000,17000,56000,-39000,1404758
3006,晶豪科          ,1676000,354000,1322000,0,0,0,0,0,0,56000,22000,23000,-1000,139000,82000,57000,1378000
2633,台灣高鐵        ,3257042,1855000,1402042,0,0,0,6000,3000,3000,-47000,2000,0,2000,5000,54000,-49000,1358042
1303,南亞            ,2587492,1510000,1077492,0,0,0,191000,9000,182000,89000,4000,24000,-20000,109000,0,109000,1348492
066482,華碩元富01購02  ,0,0,0,0,0,0,0,0,0,1331000,0,0,0,1862000,531000,1331000,1331000
2498,宏達電          ,1604000,648000,956000,0,0,0,0,0,0,362000,126000,99000,27000,387000,52000,335000,1318000
068031,致茂元富07購01  ,0,0,0,0,0,0,0,0,0,1307000,0,0,0,1307000,0,1307000,1307000
2801,彰銀            ,2893798,1489000,1404798,0,0,0,19000,10000,9000,-115000,0,32000,-32000,0,83000,-83000,1298798
6504,南六            ,1907000,477000,1430000,0,0,0,0,229000,-229000,92000,15000,15000,0,175000,83000,92000,1293000
3042,晶技            ,3520000,3106000,414000,0,0,0,1212000,30000,1182000,-304000,221000,299000,-78000,56000,282000,-226000,1292000
065119,大立光富邦03購03,0,0,0,0,0,0,0,0,0,1285000,0,0,0,2476000,1191000,1285000,1285000
066819,樺漢兆豐01購01  ,0,0,0,0,0,0,0,0,0,1283000,0,0,0,1468000,185000,1283000,1283000
068057,惠特統一02購02  ,0,0,0,0,0,0,0,0,0,1275000,0,0,0,1349000,74000,1275000,1275000
066099,大立光中信05購01,0,0,0,0,0,0,0,0,0,1268000,0,0,0,1540000,272000,1268000,1268000
2458,義隆            ,2336000,639000,1697000,0,0,0,0,229000,-229000,-214000,78000,260000,-182000,32000,64000,-32000,1254000
1312,國喬            ,2082000,775000,1307000,0,0,0,0,0,0,-54000,6000,6000,0,46000,100000,-54000,1253000
067831,聯電統一03購01  ,0,0,0,0,0,0,0,0,0,1243000,0,0,0,1773000,530000,1243000,1243000
9919,康那香          ,5002000,3922000,1080000,0,0,0,0,0,0,160000,20000,0,20000,140000,0,140000,1240000
068853,華新科統一02購03,0,0,0,0,0,0,0,0,0,1222000,0,0,0,1345000,123000,1222000,1222000
07974P,上証2X元大9B售02,0,0,0,0,0,0,0,0,0,1198000,0,0,0,1198000,0,1198000,1198000
1319,東陽            ,1394412,167000,1227412,0,0,0,0,0,0,-44000,5000,49000,-44000,0,0,0,1183412
1216,統一            ,4328025,2849000,1479025,0,0,0,19000,7000,12000,-319000,0,300000,-300000,1000,20000,-19000,1172025
065345,台光電統一01購04,0,0,0,0,0,0,0,0,0,1156000,0,0,0,1360000,204000,1156000,1156000
1440,南紡            ,1988000,489000,1499000,0,0,0,0,0,0,-347000,0,347000,-347000,0,0,0,1152000
067723,國揚凱基01購02  ,0,0,0,0,0,0,0,0,0,1150000,0,0,0,1168000,18000,1150000,1150000
067270,精成科永豐01購01,0,0,0,0,0,0,0,0,0,1150000,0,0,0,1189000,39000,1150000,1150000
066321,華碩永豐01購01  ,0,0,0,0,0,0,0,0,0,1145000,0,0,0,1551000,406000,1145000,1145000
4938,和碩            ,2543390,1540000,1003390,0,0,0,200000,2000,198000,-66000,89000,151000,-62000,17000,21000,-4000,1135390
067968,大立光群益01購10,0,0,0,0,0,0,0,0,0,1131000,0,0,0,1384000,253000,1131000,1131000
068114,富邦金元富07購01,0,0,0,0,0,0,0,0,0,1122000,0,0,0,1300000,178000,1122000,1122000
3189,景碩            ,3159150,3393000,-233850,0,0,0,1580000,0,1580000,-236000,181000,290000,-109000,93000,220000,-127000,1110150
3665,貿聯-KY         ,1522000,640000,882000,0,0,0,13000,0,13000,206000,5000,0,5000,206000,5000,201000,1101000
063201,廣達統一01購01  ,0,0,0,0,0,0,0,0,0,1078000,0,0,0,1211000,133000,1078000,1078000
063590,華擎永豐9B購01  ,0,0,0,0,0,0,0,0,0,1077000,0,0,0,1138000,61000,1077000,1077000
9910,豐泰            ,1764835,688000,1076835,0,0,0,4000,1000,3000,-3000,0,3000,-3000,0,0,0,1076835
061294,奇力新麥證9A購01,0,0,0,1106000,30000,1076000,0,0,0,1076000,0,0,0,1106000,30000,1076000,1076000
063259,廣達富邦9C購01  ,0,0,0,0,0,0,0,0,0,1072000,0,0,0,1160000,88000,1072000,1072000
3673,TPK-KY          ,2264000,1331000,933000,0,0,0,0,0,0,139000,45000,31000,14000,189000,64000,125000,1072000
067708,華新科元富01購01,0,0,0,0,0,0,0,0,0,1069000,0,0,0,1153000,84000,1069000,1069000
066137,智易群益01購01  ,0,0,0,0,0,0,0,0,0,1051000,0,0,0,1416000,365000,1051000,1051000
063049,上海銀兆豐9B購01,0,0,0,0,0,0,0,0,0,1049000,0,0,0,1049000,0,1049000,1049000
067017,樺漢富邦04購01  ,0,0,0,0,0,0,0,0,0,1043000,0,0,0,1073000,30000,1043000,1043000
068308,強茂國票01購01  ,0,0,0,0,0,0,0,0,0,1027000,0,0,0,1618000,591000,1027000,1027000
061969,大立光統一01購02,0,0,0,0,0,0,0,0,0,1023000,0,0,0,1177000,154000,1023000,1023000
063811,亞德客群益9C購01,0,0,0,0,0,0,0,0,0,1022000,0,0,0,1049000,27000,1022000,1022000
067030,南電兆豐03購01  ,0,0,0,0,0,0,0,0,0,1014000,0,0,0,1131000,117000,1014000,1014000
057567,嘉聯益富邦9A購01,0,0,0,0,0,0,0,0,0,1010000,0,0,0,1046000,36000,1010000,1010000
067830,帆宣兆豐03購01  ,0,0,0,0,0,0,0,0,0,1008000,0,0,0,1235000,227000,1008000,1008000
063924,致新元富9C購01  ,0,0,0,0,0,0,0,0,0,1003000,0,0,0,1051000,48000,1003000,1003000
066008,大立光統一03購02,0,0,0,0,0,0,0,0,0,1001000,0,0,0,1195000,194000,1001000,1001000
062426,大立光統一02購02,0,0,0,0,0,0,0,0,0,993000,0,0,0,1093000,100000,993000,993000
067278,申豐統一02購03  ,0,0,0,0,0,0,0,0,0,990000,0,0,0,991000,1000,990000,990000
3029,零壹            ,1373000,410000,963000,0,0,0,0,0,0,23000,24000,1000,23000,0,0,0,986000
2342,茂矽            ,1723000,737000,986000,0,0,0,0,0,0,0,0,0,0,0,0,0,986000
062408,致新永豐9B購01  ,0,0,0,0,0,0,0,0,0,983000,0,0,0,987000,4000,983000,983000
066956,華擎元大01購04  ,0,0,0,0,0,0,0,0,0,978000,0,0,0,1039000,61000,978000,978000
066854,樺漢元大01購02  ,0,0,0,0,0,0,0,0,0,978000,0,0,0,1183000,205000,978000,978000
2603,長榮            ,5034799,3665000,1369799,0,0,0,0,141000,-141000,-258000,397000,655000,-258000,0,0,0,970799
059295,大立光元富99購05,0,0,0,0,0,0,0,0,0,960000,0,0,0,1344000,384000,960000,960000
062383,大立光國泰01購01,0,0,0,0,0,0,0,0,0,958000,0,0,0,1027000,69000,958000,958000
8016,矽創            ,632000,138000,494000,0,0,0,500000,0,500000,-41000,9000,10000,-1000,40000,80000,-40000,953000
6505,台塑化          ,1499779,677000,822779,0,0,0,12000,7000,5000,125000,92000,0,92000,34000,1000,33000,952779
068415,台積電中信07購04,0,0,0,0,0,0,0,0,0,951000,0,0,0,1078000,127000,951000,951000
08118P,嘉澤元富9B售02  ,0,0,0,0,0,0,0,0,0,938000,0,0,0,938000,0,938000,938000
006205,富邦上証        ,339000,113000,226000,0,0,0,0,0,0,712000,0,0,0,1917000,1205000,712000,938000
3049,和鑫            ,1493000,538000,955000,0,0,0,0,0,0,-22000,8000,0,8000,0,30000,-30000,933000
060700,華新科國泰9C購01,0,0,0,0,0,0,0,0,0,932000,0,0,0,1079000,147000,932000,932000
065659,華新科永豐9C購04,0,0,0,0,0,0,0,0,0,932000,0,0,0,962000,30000,932000,932000
063450,華新科統一02購01,0,0,0,0,0,0,0,0,0,929000,0,0,0,1272000,343000,929000,929000
065491,華新科國泰02購01,0,0,0,0,0,0,0,0,0,920000,0,0,0,1014000,94000,920000,920000
068560,台積電元大01購51,0,0,0,0,0,0,0,0,0,913000,0,0,0,973000,60000,913000,913000
062396,華通永豐9B購01  ,0,0,0,0,0,0,0,0,0,912000,0,0,0,1599000,687000,912000,912000
2332,友訊            ,1972000,1093000,879000,0,0,0,0,0,0,33000,18000,39000,-21000,54000,0,54000,912000
067639,奇力新統一01購06,0,0,0,0,0,0,0,0,0,901000,0,0,0,2528000,1627000,901000,901000
07821P,臺股指國票9A售12,0,0,0,0,0,0,0,0,0,899000,0,0,0,900000,1000,899000,899000
065209,國泰金國票01購01,0,0,0,0,0,0,0,0,0,898000,0,0,0,898000,0,898000,898000
064881,聯茂兆豐01購02  ,0,0,0,0,0,0,0,0,0,897000,0,0,0,991000,94000,897000,897000
065687,華通元富9C購03  ,0,0,0,0,0,0,0,0,0,895000,0,0,0,1014000,119000,895000,895000
065955,健鼎統一01購03  ,10000,0,10000,0,0,0,0,0,0,885000,0,0,0,1094000,209000,885000,895000
053564,台積電富邦99購01,0,0,0,0,0,0,0,0,0,883000,0,0,0,918000,35000,883000,883000
065978,臻鼎元大02購01  ,0,0,0,0,0,0,0,0,0,882000,0,0,0,940000,58000,882000,882000
2609,陽明            ,1294000,413000,881000,0,0,0,0,0,0,0,0,0,0,0,0,0,881000
0050,元大台灣50      ,1343050,127000,1216050,0,0,0,0,34000,-34000,-302000,130000,112000,18000,1285000,1605000,-320000,880050
067154,華擎統一03購03  ,0,0,0,0,0,0,0,0,0,865000,0,0,0,1226000,361000,865000,865000
0056,元大高股息      ,23250,61000,-37750,0,0,0,0,0,0,902000,260000,0,260000,682000,40000,642000,864250
059024,大立光統一9B購04,0,0,0,0,0,0,0,0,0,860000,0,0,0,5738000,4878000,860000,860000
064236,奇力新統一01購04,0,0,0,0,0,0,0,0,0,854000,0,0,0,915000,61000,854000,854000
4960,誠美材          ,1495000,643000,852000,0,0,0,0,0,0,0,0,0,0,0,0,0,852000
067308,欣興元大01購03  ,10000,0,10000,0,0,0,0,0,0,841000,0,0,0,1084000,243000,841000,851000
064221,華通國票01購01  ,0,0,0,0,0,0,0,0,0,851000,0,0,0,1011000,160000,851000,851000
066011,華通元富01購01  ,0,0,0,0,0,0,0,0,0,849000,0,0,0,1025000,176000,849000,849000
065612,聯茂元大9C購07  ,0,0,0,0,0,0,0,0,0,849000,0,0,0,851000,2000,849000,849000
065754,健鼎元大9C購06  ,0,0,0,0,0,0,0,0,0,845000,0,0,0,943000,98000,845000,845000
067322,達方元大01購01  ,0,0,0,0,0,0,0,0,0,841000,0,0,0,956000,115000,841000,841000
068160,智易元大01購01  ,0,0,0,0,0,0,0,0,0,841000,0,0,0,1004000,163000,841000,841000
00708L,元大S&P黃金正2  ,11000,76000,-65000,0,0,0,0,0,0,904000,0,0,0,2610000,1706000,904000,839000
2206,三陽工業        ,927000,72000,855000,0,0,0,0,0,0,-18000,0,18000,-18000,0,0,0,837000
065199,華擎元富03購01  ,0,0,0,0,0,0,0,0,0,836000,0,0,0,851000,15000,836000,836000
057768,華新科中信9A購01,0,0,0,0,0,0,0,0,0,832000,0,0,0,970000,138000,832000,832000
2329,華泰            ,1262000,431000,831000,0,0,0,0,0,0,0,0,0,0,0,0,0,831000
6209,今國光          ,2318000,1487000,831000,0,0,0,0,0,0,0,0,0,0,0,0,0,831000
066852,矽格元大01購03  ,0,0,0,0,0,0,0,0,0,830000,0,0,0,895000,65000,830000,830000
066997,樺漢國泰03購01  ,0,0,0,0,0,0,0,0,0,829000,0,0,0,1109000,280000,829000,829000
1326,台化            ,1737437,951000,786437,0,0,0,15000,6000,9000,31000,27000,0,27000,5000,1000,4000,826437
063124,奇力新元大9B購05,0,0,0,0,0,0,0,0,0,826000,0,0,0,928000,102000,826000,826000
00676R,富邦臺灣加權反1 ,0,0,0,0,0,0,0,0,0,822000,0,0,0,1543000,721000,822000,822000
065013,矽創國泰02購01  ,0,0,0,0,0,0,0,0,0,820000,0,0,0,1473000,653000,820000,820000
065216,群創國泰01購02  ,0,0,0,0,0,0,0,0,0,818000,0,0,0,851000,33000,818000,818000
064974,燿華元大9C購03  ,0,0,0,0,0,0,0,0,0,817000,0,0,0,822000,5000,817000,817000
065755,日電貿元大9C購02,0,0,0,0,0,0,0,0,0,816000,0,0,0,822000,6000,816000,816000
067013,致新永豐01購01  ,0,0,0,0,0,0,0,0,0,811000,0,0,0,861000,50000,811000,811000
064266,聯茂永豐9C購01  ,0,0,0,0,0,0,0,0,0,802000,0,0,0,826000,24000,802000,802000
064350,茂林元大01購01  ,0,0,0,0,0,0,0,0,0,801000,0,0,0,889000,88000,801000,801000
055235,金寶台新98購01  ,0,0,0,0,0,0,0,0,0,800000,0,0,0,800000,0,800000,800000
06971P,台光電元大99售03,0,0,0,0,0,0,0,0,0,799000,0,0,0,799000,0,799000,799000
00670L,富邦NASDAQ正2   ,0,1000,-1000,0,0,0,0,0,0,798000,0,0,0,819000,21000,798000,797000
3413,京鼎            ,1166000,648000,518000,0,0,0,92000,20000,72000,202000,128000,143000,-15000,273000,56000,217000,792000
062688,華擎統一01購03  ,0,0,0,0,0,0,0,0,0,787000,0,0,0,787000,0,787000,787000
3661,世芯-KY         ,1546000,771500,774500,0,0,0,38000,38000,0,12000,74000,63000,11000,10000,9000,1000,786500
062678,華通統一9C購04  ,0,0,0,0,0,0,0,0,0,786000,0,0,0,794000,8000,786000,786000
063693,智易永豐9B購02  ,0,0,0,0,0,0,0,0,0,785000,0,0,0,815000,30000,785000,785000
066853,樺漢元大01購01  ,0,0,0,0,0,0,0,0,0,784000,0,0,0,1059000,275000,784000,784000
067124,華擎富邦03購01  ,0,0,0,0,0,0,0,0,0,771000,0,0,0,881000,110000,771000,771000
059140,大立光兆豐9A購02,0,0,0,0,0,0,0,0,0,769000,0,0,0,1339000,570000,769000,769000
068815,精元元大02購01  ,0,0,0,0,0,0,0,0,0,767000,0,0,0,1086000,319000,767000,767000
068336,瀚宇博元大01購05,0,0,0,0,0,0,0,0,0,766000,0,0,0,877000,111000,766000,766000
067085,臻鼎元大01購02  ,10000,0,10000,0,0,0,0,0,0,756000,0,0,0,1201000,445000,756000,766000
066767,敦泰永豐01購02  ,0,0,0,0,0,0,0,0,0,766000,0,0,0,766000,0,766000,766000
064594,奇力新統一01購05,0,0,0,0,0,0,0,0,0,765000,0,0,0,1024000,259000,765000,765000
060987,華新科元大9A購11,0,0,0,0,0,0,0,0,0,765000,0,0,0,835000,70000,765000,765000
068229,聯發科元富07購09,0,0,0,0,0,0,0,0,0,764000,0,0,0,818000,54000,764000,764000
068562,台積電元大03購02,0,0,0,0,0,0,0,0,0,764000,0,0,0,855000,91000,764000,764000
00672L,元大S&P原油正2  ,5000,0,5000,0,0,0,0,0,0,759000,0,0,0,810000,51000,759000,764000
062442,華新科元大9C購02,0,0,0,0,0,0,0,0,0,764000,0,0,0,865000,101000,764000,764000
066212,惠特統一01購01  ,0,0,0,0,0,0,0,0,0,757000,0,0,0,757000,0,757000,757000
064048,大立光統一9C購07,0,0,0,0,0,0,0,0,0,752000,0,0,0,1102000,350000,752000,752000
064065,大立光富邦02購02,0,0,0,0,0,0,0,0,0,748000,0,0,0,810000,62000,748000,748000
061091,奇力新統一9C購02,0,0,0,0,0,0,0,0,0,746000,0,0,0,752000,6000,746000,746000
063269,儒鴻兆豐9C購01  ,0,0,0,0,0,0,0,0,0,745000,0,0,0,821000,76000,745000,745000
067380,華擎統一02購02  ,0,0,0,0,0,0,0,0,0,744000,0,0,0,1225000,481000,744000,744000
067489,華擎元大01購06  ,0,0,0,0,0,0,0,0,0,744000,0,0,0,1024000,280000,744000,744000
064845,華通元富9C購02  ,0,0,0,0,0,0,0,0,0,738000,0,0,0,812000,74000,738000,738000
058537,彩晶統一9B購01  ,0,0,0,0,0,0,0,0,0,736000,0,0,0,849000,113000,736000,736000
03216P,臺股指群益02售01,0,0,0,0,0,0,0,0,0,735000,0,0,0,1006000,271000,735000,735000
00861,元大全球未來通訊,0,1000,-1000,0,0,0,0,0,0,731000,0,0,0,1585000,854000,731000,730000
063587,漢唐永豐9B購02  ,0,0,0,0,0,0,0,0,0,726000,0,0,0,726000,0,726000,726000
065341,華邦電統一01購02,0,0,0,0,0,0,0,0,0,724000,0,0,0,978000,254000,724000,724000
3702,大聯大          ,705009,369000,336009,0,0,0,277000,1000,276000,105000,33000,2000,31000,88000,14000,74000,717009
1598,岱宇            ,1187000,440000,747000,0,0,0,0,0,0,-31000,35000,66000,-31000,0,0,0,716000
065821,億豐元富03購01  ,0,0,0,0,0,0,0,0,0,715000,0,0,0,751000,36000,715000,715000
00648R,元大S&P500反1   ,7000,7000,0,0,0,0,0,0,0,713000,0,0,0,1045000,332000,713000,713000
063383,億豐永豐9B購02  ,0,0,0,0,0,0,0,0,0,712000,0,0,0,1022000,310000,712000,712000
067032,致新元富01購01  ,0,0,0,0,0,0,0,0,0,710000,0,0,0,790000,80000,710000,710000
063433,臻鼎元富9B購01  ,0,0,0,0,0,0,0,0,0,710000,0,0,0,758000,48000,710000,710000
062984,致新元富9B購01  ,0,0,0,0,0,0,0,0,0,708000,0,0,0,853000,145000,708000,708000
067004,義隆永豐01購01  ,0,0,0,0,0,0,0,0,0,700000,0,0,0,704000,4000,700000,700000
03193P,台積電國泰03售06,0,0,0,0,0,0,0,0,0,698000,0,0,0,979000,281000,698000,698000
067993,宏碁元大01購02  ,0,0,0,0,0,0,0,0,0,696000,0,0,0,1286000,590000,696000,696000
067650,技嘉元富07購03  ,0,0,0,0,0,0,0,0,0,688000,0,0,0,725000,37000,688000,688000
059675,大立光元富99購08,0,0,0,0,0,0,0,0,0,687000,0,0,0,689000,2000,687000,687000
066471,致新統一02購01  ,0,0,0,0,0,0,0,0,0,685000,0,0,0,757000,72000,685000,685000
08607P,聯發科富邦03售04,0,0,0,0,0,0,0,0,0,685000,0,0,0,905000,220000,685000,685000
067670,微星元大01購06  ,0,0,0,0,0,0,0,0,0,683000,0,0,0,764000,81000,683000,683000
068126,樺漢元富07購01  ,0,0,0,0,0,0,0,0,0,682000,0,0,0,682000,0,682000,682000
068161,智易元大01購02  ,0,0,0,0,0,0,0,0,0,675000,0,0,0,801000,126000,675000,675000
066277,敦泰元大01購02  ,0,0,0,0,0,0,0,0,0,675000,0,0,0,754000,79000,675000,675000
066635,敦泰凱基01購01  ,0,0,0,0,0,0,0,0,0,666000,0,0,0,701000,35000,666000,666000
5388,中磊            ,845000,367000,478000,0,0,0,200000,0,200000,-13000,5000,0,5000,5000,23000,-18000,665000
067746,瀚宇博元大01購04,0,0,0,0,0,0,0,0,0,664000,0,0,0,682000,18000,664000,664000
062543,華通富邦9C購01  ,0,0,0,0,0,0,0,0,0,664000,0,0,0,1034000,370000,664000,664000
066287,訊芯元大01購01  ,0,0,0,0,0,0,0,0,0,662000,0,0,0,693000,31000,662000,662000
6592,和潤企業        ,880000,90000,790000,0,0,0,0,0,0,-130000,0,125000,-125000,0,5000,-5000,660000
060027,元金2X永豐99購02,0,0,0,0,0,0,0,0,0,657000,0,0,0,657000,0,657000,657000
061137,晶技統一9B購01  ,0,0,0,0,0,0,0,0,0,653000,0,0,0,1002000,349000,653000,653000
064301,漢唐兆豐01購01  ,0,0,0,0,0,0,0,0,0,652000,0,0,0,690000,38000,652000,652000
00634R,富邦上証反1     ,561000,385000,176000,0,0,0,0,0,0,475000,0,0,0,628000,153000,475000,651000
064174,致新元富9C購02  ,0,0,0,0,0,0,0,0,0,651000,0,0,0,784000,133000,651000,651000
066469,申豐統一02購02  ,0,12000,-12000,0,0,0,0,0,0,662000,0,0,0,720000,58000,662000,650000
3015,全漢            ,856000,259000,597000,0,0,0,0,0,0,52000,63000,11000,52000,0,0,0,649000
061138,晶技統一9C購01  ,0,0,0,0,0,0,0,0,0,648000,0,0,0,687000,39000,648000,648000
057282,大立光元大99購06,0,0,0,0,0,0,0,0,0,647000,0,0,0,1296000,649000,647000,647000
066608,國巨麥證01購03  ,0,0,0,647000,0,647000,0,0,0,647000,0,0,0,647000,0,647000,647000
1589,永冠-KY         ,1056000,380000,676000,0,0,0,100000,42000,58000,-88000,5000,93000,-88000,0,0,0,646000
065080,燿華元大01購01  ,0,0,0,0,0,0,0,0,0,645000,0,0,0,645000,0,645000,645000
063446,台光電統一01購02,0,0,0,0,0,0,0,0,0,643000,0,0,0,778000,135000,643000,643000
066629,國揚凱基01購01  ,0,0,0,0,0,0,0,0,0,642000,0,0,0,642000,0,642000,642000
2845,遠東銀          ,1398000,756000,642000,0,0,0,0,3000,-3000,0,0,0,0,0,0,0,639000
062219,燿華統一9B購01  ,0,0,0,0,0,0,0,0,0,638000,0,0,0,665000,27000,638000,638000
065803,大立光群益01購03,0,0,0,0,0,0,0,0,0,638000,0,0,0,818000,180000,638000,638000
08966P,臺指反元大04售07,0,0,0,0,0,0,0,0,0,638000,0,0,0,1031000,393000,638000,638000
068164,南電元大01購07  ,0,0,0,0,0,0,0,0,0,637000,0,0,0,659000,22000,637000,637000
064299,宏碁兆豐9C購01  ,0,0,0,0,0,0,0,0,0,636000,0,0,0,749000,113000,636000,636000
065300,燿華元富9C購03  ,0,0,0,0,0,0,0,0,0,632000,0,0,0,633000,1000,632000,632000
060722,矽格永豐9A購01  ,0,0,0,0,0,0,0,0,0,631000,0,0,0,642000,11000,631000,631000
067695,國產中信05購01  ,0,0,0,0,0,0,0,0,0,630000,0,0,0,660000,30000,630000,630000
064453,微星統一02購01  ,0,0,0,0,0,0,0,0,0,630000,0,0,0,945000,315000,630000,630000
063903,國巨麥證01購01  ,0,0,0,640000,10000,630000,0,0,0,630000,0,0,0,640000,10000,630000,630000
066271,東森元大01購01  ,0,0,0,0,0,0,0,0,0,630000,0,0,0,634000,4000,630000,630000
066548,燿華元大02購02  ,0,0,0,0,0,0,0,0,0,630000,0,0,0,722000,92000,630000,630000
061023,茂林國泰9B購02  ,0,0,0,0,0,0,0,0,0,626000,0,0,0,688000,62000,626000,626000
067224,致新元大01購03  ,0,0,0,0,0,0,0,0,0,623000,0,0,0,1119000,496000,623000,623000
062163,大毅國泰01購01  ,0,0,0,0,0,0,0,0,0,623000,0,0,0,633000,10000,623000,623000
067400,華擎永豐01購02  ,0,0,0,0,0,0,0,0,0,622000,0,0,0,642000,20000,622000,622000
065764,康友元大9C購02  ,0,0,0,0,0,0,0,0,0,618000,0,0,0,624000,6000,618000,618000
060432,達方永豐9A購01  ,0,0,0,0,0,0,0,0,0,617000,0,0,0,633000,16000,617000,617000
067498,臻鼎元大01購03  ,0,0,0,0,0,0,0,0,0,614000,0,0,0,856000,242000,614000,614000
068501,泰鼎元大01購04  ,0,0,0,0,0,0,0,0,0,614000,0,0,0,693000,79000,614000,614000
068654,國巨元大02購07  ,0,0,0,0,0,0,0,0,0,614000,0,0,0,649000,35000,614000,614000
063620,奇力新兆豐9B購01,0,0,0,0,0,0,0,0,0,613000,0,0,0,687000,74000,613000,613000
067686,矽格元大01購04  ,0,0,0,0,0,0,0,0,0,612000,0,0,0,748000,136000,612000,612000
067707,奇力新元富04購01,0,0,0,0,0,0,0,0,0,609000,0,0,0,858000,249000,609000,609000
068563,宏碁元大01購05  ,0,0,0,0,0,0,0,0,0,606000,0,0,0,711000,105000,606000,606000
063782,致新永豐9B購02  ,0,0,0,0,0,0,0,0,0,606000,0,0,0,606000,0,606000,606000
3019,亞光            ,767000,168000,599000,0,0,0,0,0,0,6000,32000,37000,-5000,25000,14000,11000,605000
061819,茂林群益9B購01  ,0,0,0,0,0,0,0,0,0,604000,0,0,0,604000,0,604000,604000
066855,樺漢元大01購03  ,0,0,0,0,0,0,0,0,0,601000,0,0,0,970000,369000,601000,601000
066856,致新元大01購01  ,0,0,0,0,0,0,0,0,0,601000,0,0,0,816000,215000,601000,601000
068838,智易永豐02購01  ,0,0,0,0,0,0,0,0,0,600000,0,0,0,601000,1000,600000,600000
08807P,可成元富07售02  ,0,0,0,0,0,0,0,0,0,600000,0,0,0,615000,15000,600000,600000
066150,國巨麥證01購02  ,0,0,0,597000,0,597000,0,0,0,597000,0,0,0,597000,0,597000,597000
061027,儒鴻永豐9A購02  ,0,0,0,0,0,0,0,0,0,596000,0,0,0,601000,5000,596000,596000
061184,大立光國泰9C購01,0,0,0,0,0,0,0,0,0,596000,0,0,0,644000,48000,596000,596000
1802,台玻            ,1260000,665000,595000,0,0,0,0,0,0,0,0,0,0,0,0,0,595000
067301,漢唐元大01購02  ,0,0,0,0,0,0,0,0,0,590000,0,0,0,639000,49000,590000,590000
065387,台光電兆豐9C購02,0,0,0,0,0,0,0,0,0,590000,0,0,0,623000,33000,590000,590000
062689,華擎統一02購01  ,0,0,0,0,0,0,0,0,0,588000,0,0,0,613000,25000,588000,588000
066590,華新科群益01購04,0,0,0,0,0,0,0,0,0,588000,0,0,0,633000,45000,588000,588000
065949,瑞昱統一01購06  ,0,0,0,0,0,0,0,0,0,587000,0,0,0,1487000,900000,587000,587000
08562P,南電國票01售03  ,0,0,0,0,0,0,0,0,0,586000,0,0,0,646000,60000,586000,586000
064473,技嘉麥證9C購01  ,0,0,0,612000,8000,604000,0,0,0,585000,0,0,0,612000,27000,585000,585000
2535,達欣工          ,361000,61000,300000,0,0,0,0,0,0,285000,320000,7000,313000,0,28000,-28000,585000
063927,奇力新統一02購01,0,0,0,0,0,0,0,0,0,584000,0,0,0,1030000,446000,584000,584000
063359,泰鼎國泰01購01  ,0,0,0,0,0,0,0,0,0,583000,0,0,0,628000,45000,583000,583000
068502,帆宣元大01購05  ,0,0,0,0,0,0,0,0,0,582000,0,0,0,770000,188000,582000,582000
062081,華新科元大9B購06,0,0,0,0,0,0,0,0,0,582000,0,0,0,650000,68000,582000,582000
067499,帆宣元大01購04  ,0,0,0,0,0,0,0,0,0,580000,0,0,0,783000,203000,580000,580000
068278,惠特永豐01購03  ,0,0,0,0,0,0,0,0,0,578000,0,0,0,578000,0,578000,578000
068466,帆宣永豐01購02  ,0,0,0,0,0,0,0,0,0,576000,0,0,0,623000,47000,576000,576000
067739,微星元大01購07  ,0,0,0,0,0,0,0,0,0,575000,0,0,0,707000,132000,575000,575000
4551,智伸科          ,550000,253000,297000,0,0,0,1000,0,1000,276000,157000,2000,155000,132000,11000,121000,574000
067290,金像電兆豐03購01,0,0,0,0,0,0,0,0,0,573000,0,0,0,577000,4000,573000,573000
061673,仁寶元大9B購01  ,0,0,0,0,0,0,0,0,0,573000,0,0,0,726000,153000,573000,573000
066262,華碩元大01購02  ,0,0,0,0,0,0,0,0,0,572000,0,0,0,1174000,602000,572000,572000
059080,亞泥元大99購01  ,0,0,0,0,0,0,0,0,0,570000,0,0,0,584000,14000,570000,570000
08399P,技嘉元富9C售02  ,0,0,0,0,0,0,0,0,0,570000,0,0,0,594000,24000,570000,570000
067061,亞泥元大01購01  ,0,0,0,0,0,0,0,0,0,569000,0,0,0,786000,217000,569000,569000
067740,精元元大01購02  ,0,0,0,0,0,0,0,0,0,568000,0,0,0,753000,185000,568000,568000
061747,南亞科統一01購01,0,0,0,0,0,0,0,0,0,568000,0,0,0,580000,12000,568000,568000
066836,樺漢群益01購01  ,0,0,0,0,0,0,0,0,0,565000,0,0,0,643000,78000,565000,565000
057713,美律統一99購01  ,0,0,0,0,0,0,0,0,0,563000,0,0,0,573000,10000,563000,563000
067306,奇鋐元大01購02  ,0,0,0,0,0,0,0,0,0,561000,0,0,0,639000,78000,561000,561000
067848,臻鼎元富07購01  ,0,0,0,0,0,0,0,0,0,559000,0,0,0,1049000,490000,559000,559000
066962,致新元大01購02  ,0,0,0,0,0,0,0,0,0,557000,0,0,0,631000,74000,557000,557000
00636,國泰中國A50     ,174500,0,174500,0,0,0,0,0,0,381000,0,0,0,568000,187000,381000,555500
5876,上海商銀        ,2259820,1635000,624820,0,0,0,10000,0,10000,-81129,10000,15000,-5000,68000,144129,-76129,553691
061876,明泰元大9B購01  ,0,0,0,0,0,0,0,0,0,553000,0,0,0,604000,51000,553000,553000
067174,嘉澤兆豐01購01  ,0,0,0,0,0,0,0,0,0,551000,0,0,0,776000,225000,551000,551000
066902,台泥凱基01購01  ,0,0,0,0,0,0,0,0,0,549000,0,0,0,875000,326000,549000,549000
063537,華擎統一9C購03  ,0,0,0,0,0,0,0,0,0,549000,0,0,0,579000,30000,549000,549000
068500,華擎元大01購09  ,0,0,0,0,0,0,0,0,0,548000,0,0,0,993000,445000,548000,548000
068118,欣興元富07購03  ,0,0,0,0,0,0,0,0,0,547000,0,0,0,767000,220000,547000,547000
057105,致茂群益9A購01  ,0,0,0,0,0,0,0,0,0,547000,0,0,0,570000,23000,547000,547000
067064,為升元大01購02  ,0,0,0,0,0,0,0,0,0,545000,0,0,0,600000,55000,545000,545000
062550,啟碁永豐9B購01  ,0,0,0,0,0,0,0,0,0,544000,0,0,0,883000,339000,544000,544000
00730,富邦臺灣優質高息,16000,16000,0,0,0,0,0,0,0,543000,0,0,0,1019000,476000,543000,543000
066226,惠特國泰03購01  ,0,0,0,0,0,0,0,0,0,543000,0,0,0,553000,10000,543000,543000
066887,聯發科中信02購01,0,0,0,0,0,0,0,0,0,541000,0,0,0,541000,0,541000,541000
062637,智易國票9B購01  ,0,0,0,0,0,0,0,0,0,539000,0,0,0,644000,105000,539000,539000
061476,大毅元大9A購02  ,0,0,0,0,0,0,0,0,0,536000,0,0,0,536000,0,536000,536000
063417,金像電凱基9B購03,0,0,0,0,0,0,0,0,0,535000,0,0,0,545000,10000,535000,535000
068112,宏碁元富07購01  ,0,0,0,0,0,0,0,0,0,532000,0,0,0,535000,3000,532000,532000
067689,惠特元大01購03  ,0,0,0,0,0,0,0,0,0,531000,0,0,0,595000,64000,531000,531000
065905,聯茂富邦02購01  ,0,0,0,0,0,0,0,0,0,530000,0,0,0,541000,11000,530000,530000
064867,華新科永豐9C購03,0,0,0,0,0,0,0,0,0,529000,0,0,0,529000,0,529000,529000
07955P,大成鋼群益9B售02,0,0,0,0,0,0,0,0,0,526000,0,0,0,526000,0,526000,526000
08677P,超眾群益01售02  ,0,0,0,0,0,0,0,0,0,526000,0,0,0,552000,26000,526000,526000
6239,力成            ,2019917,1616637,403280,0,0,0,85000,1000,84000,36000,10000,4000,6000,31000,1000,30000,523280
068159,華擎元大01購08  ,0,0,0,0,0,0,0,0,0,523000,0,0,0,821000,298000,523000,523000
062855,嘉澤永豐9B購02  ,0,0,0,0,0,0,0,0,0,522000,0,0,0,718000,196000,522000,522000
068165,南電元大01購08  ,0,0,0,0,0,0,0,0,0,520000,0,0,0,941000,421000,520000,520000
067863,國巨元大02購05  ,0,0,0,0,0,0,0,0,0,520000,0,0,0,1399000,879000,520000,520000
063668,奇力新統一01購03,0,0,0,0,0,0,0,0,0,520000,0,0,0,842000,322000,520000,520000
08447P,緯穎永豐9C售02  ,0,0,0,0,0,0,0,0,0,520000,0,0,0,539000,19000,520000,520000
063244,華新科元大9B購11,0,0,0,0,0,0,0,0,0,519000,0,0,0,827000,308000,519000,519000
061455,京元電凱基9B購01,0,0,0,0,0,0,0,0,0,519000,0,0,0,539000,20000,519000,519000
064454,華新科統一01購03,0,0,0,0,0,0,0,0,0,519000,0,0,0,519000,0,519000,519000
064888,景碩中信9C購01  ,0,0,0,0,0,0,0,0,0,519000,0,0,0,658000,139000,519000,519000
057727,華邦電國泰9A購01,0,0,0,0,0,0,0,0,0,518000,0,0,0,538000,20000,518000,518000
058182,日電貿國泰9A購01,0,0,0,0,0,0,0,0,0,518000,0,0,0,518000,0,518000,518000
066811,致新凱基01購03  ,0,0,0,0,0,0,0,0,0,518000,0,0,0,518000,0,518000,518000
065227,金像電凱基9C購01,0,0,0,0,0,0,0,0,0,517000,0,0,0,532000,15000,517000,517000
060364,奇力新元富9A購01,0,0,0,0,0,0,0,0,0,516000,0,0,0,532000,16000,516000,516000
6251,定穎            ,1945037,1486000,459037,0,0,0,65000,0,65000,-9000,10000,19000,-9000,0,0,0,515037
067749,申豐元大01購02  ,0,0,0,0,0,0,0,0,0,515000,0,0,0,743000,228000,515000,515000
068465,致茂永豐01購03  ,0,0,0,0,0,0,0,0,0,515000,0,0,0,526000,11000,515000,515000
064257,台勝科國泰01購01,0,0,0,0,0,0,0,0,0,515000,0,0,0,655000,140000,515000,515000
063496,儒鴻永豐9B購01  ,0,0,0,0,0,0,0,0,0,513000,0,0,0,557000,44000,513000,513000
063692,華擎永豐9B購02  ,0,0,0,0,0,0,0,0,0,508000,0,0,0,537000,29000,508000,508000
067547,儒鴻中信01購01  ,0,0,0,0,0,0,0,0,0,507000,0,0,0,587000,80000,507000,507000
060654,大毅群益9B購01  ,0,0,0,0,0,0,0,0,0,507000,0,0,0,521000,14000,507000,507000
066240,泰鼎富邦03購01  ,0,0,0,0,0,0,0,0,0,506000,0,0,0,509000,3000,506000,506000
066536,漢唐兆豐03購01  ,0,0,0,0,0,0,0,0,0,504000,0,0,0,520000,16000,504000,504000
063941,國巨元大9C購12  ,0,0,0,0,0,0,0,0,0,504000,0,0,0,534000,30000,504000,504000
058911,茂林元大99購04  ,0,0,0,0,0,0,0,0,0,501000,0,0,0,599000,98000,501000,501000
057112,立積群益99購01  ,0,0,0,0,0,0,0,0,0,501000,0,0,0,511000,10000,501000,501000
056473,奇力新元大99購02,0,0,0,0,0,0,0,0,0,501000,0,0,0,601000,100000,501000,501000
4956,光鋐            ,986000,485000,501000,0,0,0,0,0,0,0,0,0,0,0,0,0,501000
07558P,玉晶光元大9A售10,0,0,0,0,0,0,0,0,0,500000,0,0,0,500000,0,500000,500000
064490,金像電元大9C購02,0,0,0,0,0,0,0,0,0,500000,0,0,0,549000,49000,500000,500000
064700,致新群益9C購02  ,0,0,0,0,0,0,0,0,0,500000,0,0,0,592000,92000,500000,500000
07025P,玉晶光凱基99售01,0,0,0,0,0,0,0,0,0,499000,0,0,0,499000,0,499000,499000
068427,儒鴻凱基01購01  ,0,0,0,0,0,0,0,0,0,499000,0,0,0,523000,24000,499000,499000
057002,友達國票98購01  ,0,0,0,0,0,0,0,0,0,499000,0,0,0,499000,0,499000,499000
066481,華碩元富01購01  ,0,0,0,0,0,0,0,0,0,499000,0,0,0,783000,284000,499000,499000
065897,凌華統一03購01  ,0,0,0,0,0,0,0,0,0,499000,0,0,0,549000,50000,499000,499000
043442,大立光台新01購01,0,0,0,0,0,0,0,0,0,497000,0,0,0,507000,10000,497000,497000
08276P,可成元富9C售02  ,0,0,0,0,0,0,0,0,0,497000,0,0,0,517000,20000,497000,497000
3450,聯鈞            ,693000,288000,405000,0,0,0,0,0,0,92000,0,38000,-38000,148000,18000,130000,497000
068143,國巨元大01購14  ,0,0,0,0,0,0,0,0,0,493000,0,0,0,544000,51000,493000,493000
068857,華通元富08購01  ,0,0,0,0,0,0,0,0,0,492000,0,0,0,562000,70000,492000,492000
08730P,緯穎永豐01售02  ,0,0,0,0,0,0,0,0,0,492000,0,0,0,504000,12000,492000,492000
057985,華通元富02購03  ,0,0,0,0,0,0,0,0,0,489000,0,0,0,494000,5000,489000,489000
065585,聯發科富邦03購02,0,0,0,0,0,0,0,0,0,489000,0,0,0,502000,13000,489000,489000
066267,強茂元大01購02  ,0,0,0,0,0,0,0,0,0,488000,0,0,0,884000,396000,488000,488000
064982,新唐元大9C購01  ,0,0,0,0,0,0,0,0,0,486000,0,0,0,606000,120000,486000,486000
068378,聯發科永豐01購03,0,0,0,0,0,0,0,0,0,485000,0,0,0,496000,11000,485000,485000
053276,友達元大9C購01  ,0,0,0,0,0,0,0,0,0,485000,0,0,0,485000,0,485000,485000
067613,康舒凱基01購01  ,0,0,0,0,0,0,0,0,0,484000,0,0,0,554000,70000,484000,484000
064283,奇鋐元大9C購02  ,0,0,0,0,0,0,0,0,0,483000,0,0,0,523000,40000,483000,483000
046628,大立光統一98購01,0,0,0,0,0,0,0,0,0,482000,0,0,0,482000,0,482000,482000
067889,大毅群益01購03  ,0,0,0,0,0,0,0,0,0,481000,0,0,0,519000,38000,481000,481000
067036,南電康和01購02  ,0,0,0,0,0,0,0,0,0,481000,0,0,0,513000,32000,481000,481000
064021,國巨元大9C購15  ,0,0,0,0,0,0,0,0,0,479000,0,0,0,622000,143000,479000,479000
2392,正崴            ,971000,486000,485000,0,0,0,0,0,0,-6000,44000,52000,-8000,19000,17000,2000,479000
065329,億豐凱基9C購02  ,0,0,0,0,0,0,0,0,0,478000,0,0,0,642000,164000,478000,478000
067963,宏碁群益02購01  ,0,0,0,0,0,0,0,0,0,477000,0,0,0,564000,87000,477000,477000
068232,泰鼎元富04購01  ,0,0,0,0,0,0,0,0,0,477000,0,0,0,658000,181000,477000,477000
064733,南六統一9C購03  ,0,0,0,0,0,0,0,0,0,477000,0,0,0,479000,2000,477000,477000
066914,樺漢凱基02購01  ,0,0,0,0,0,0,0,0,0,475000,0,0,0,485000,10000,475000,475000
067185,宏達電凱基02購01,0,0,0,0,0,0,0,0,0,475000,0,0,0,669000,194000,475000,475000
064471,國巨麥證9C購02  ,0,0,0,650000,176000,474000,0,0,0,474000,0,0,0,650000,176000,474000,474000
067651,漢唐元富07購01  ,0,0,0,0,0,0,0,0,0,473000,0,0,0,473000,0,473000,473000
063435,儒鴻統一01購02  ,0,0,0,0,0,0,0,0,0,473000,0,0,0,525000,52000,473000,473000
063980,智易兆豐9C購02  ,0,0,0,0,0,0,0,0,0,473000,0,0,0,911000,438000,473000,473000
066851,瀚宇博元大01購02,0,0,0,0,0,0,0,0,0,473000,0,0,0,616000,143000,473000,473000
068120,智易元富07購01  ,0,0,0,0,0,0,0,0,0,472000,0,0,0,505000,33000,472000,472000
063573,茂林元大9B購06  ,0,0,0,0,0,0,0,0,0,472000,0,0,0,527000,55000,472000,472000
2387,精元            ,3330952,2220000,1110952,0,0,0,125000,300000,-175000,-464000,14000,200000,-186000,67000,345000,-278000,471952
053390,彩晶元大9A購01  ,0,0,0,0,0,0,0,0,0,471000,0,0,0,471000,0,471000,471000
068225,華通元富07購02  ,0,0,0,0,0,0,0,0,0,470000,0,0,0,955000,485000,470000,470000
060720,嘉聯益永豐9A購02,0,0,0,0,0,0,0,0,0,469000,0,0,0,469000,0,469000,469000
061557,台積電國票9C購02,0,0,0,0,0,0,0,0,0,467000,0,0,0,477000,10000,467000,467000
064388,緯穎富邦9C購01  ,0,0,0,0,0,0,0,0,0,467000,0,0,0,517000,50000,467000,467000
063642,茂林元大9B購08  ,0,0,0,0,0,0,0,0,0,466000,0,0,0,526000,60000,466000,466000
063707,儒鴻凱基9C購01  ,0,0,0,0,0,0,0,0,0,466000,0,0,0,591000,125000,466000,466000
066075,景碩凱基02購01  ,0,0,0,0,0,0,0,0,0,466000,0,0,0,611000,145000,466000,466000
3653,健策            ,714000,196000,518000,0,0,0,0,36000,-36000,-17000,9000,35000,-26000,22000,13000,9000,465000
063610,儒鴻群益9B購02  ,0,0,0,0,0,0,0,0,0,462000,0,0,0,549000,87000,462000,462000
9935,慶豐富          ,879000,417000,462000,0,0,0,0,0,0,0,0,0,0,0,0,0,462000
1904,正隆            ,1662000,462000,1200000,0,0,0,70000,0,70000,-809000,0,755000,-755000,34000,88000,-54000,461000
2481,強茂            ,3469000,2918000,551000,0,0,0,0,0,0,-90000,274000,555000,-281000,515000,324000,191000,461000
067681,嘉澤元大01購05  ,0,0,0,0,0,0,0,0,0,460000,0,0,0,640000,180000,460000,460000
060772,FBVIX凱基9A購03 ,0,0,0,0,0,0,0,0,0,460000,0,0,0,460000,0,460000,460000
08242P,聯發科凱基9C售06,0,0,0,0,0,0,0,0,0,460000,0,0,0,460000,0,460000,460000
068180,華新科群益02購03,0,0,0,0,0,0,0,0,0,459000,0,0,0,474000,15000,459000,459000
064433,金像電凱基02購01,0,0,0,0,0,0,0,0,0,459000,0,0,0,463000,4000,459000,459000
061080,華邦電兆豐9B購01,0,0,0,0,0,0,0,0,0,455000,0,0,0,747000,292000,455000,455000
2352,佳世達          ,752000,326000,426000,0,0,0,0,1000,-1000,30000,120000,79000,41000,0,11000,-11000,455000
067057,滬深2X元大01購09,0,0,0,0,0,0,0,0,0,454000,0,0,0,504000,50000,454000,454000
9958,世紀鋼          ,681000,446000,235000,0,0,0,0,120000,-120000,338000,243000,37000,206000,179000,47000,132000,453000
03255P,台積電國泰03售10,0,0,0,0,0,0,0,0,0,452000,0,0,0,452000,0,452000,452000
065954,大立光統一03購01,0,0,0,0,0,0,0,0,0,452000,0,0,0,516000,64000,452000,452000
065902,燿華富邦02購01  ,0,0,0,0,0,0,0,0,0,451000,0,0,0,481000,30000,451000,451000
064157,健鼎統一01購02  ,0,0,0,0,0,0,0,0,0,451000,0,0,0,741000,290000,451000,451000
066248,長興元大01購01  ,0,0,0,0,0,0,0,0,0,450000,0,0,0,499000,49000,450000,450000
067200,深中小元大03購01,0,0,0,0,0,0,0,0,0,449000,0,0,0,480000,31000,449000,449000
066164,精元凱基01購01  ,0,0,0,0,0,0,0,0,0,449000,0,0,0,597000,148000,449000,449000
064171,燿華元富9C購01  ,0,0,0,0,0,0,0,0,0,449000,0,0,0,502000,53000,449000,449000
067479,京元電元大01購05,0,0,0,0,0,0,0,0,0,448000,0,0,0,516000,68000,448000,448000
00701,國泰股利精選30  ,55000,19000,36000,0,0,0,0,0,0,412000,90000,0,90000,810000,488000,322000,448000
061373,華通富邦9A購02  ,0,0,0,0,0,0,0,0,0,448000,0,0,0,448000,0,448000,448000
064293,勤誠元大9C購01  ,0,0,0,0,0,0,0,0,0,448000,0,0,0,494000,46000,448000,448000
061544,大毅群益9B購02  ,0,0,0,0,0,0,0,0,0,447000,0,0,0,475000,28000,447000,447000
065354,金像電元富03購01,0,0,0,0,0,0,0,0,0,447000,0,0,0,462000,15000,447000,447000
065330,億豐凱基9C購03  ,0,0,0,0,0,0,0,0,0,446000,0,0,0,505000,59000,446000,446000
066857,大立光國票02購02,0,0,0,0,0,0,0,0,0,445000,0,0,0,608000,163000,445000,445000
068009,矽格元大01購05  ,0,0,0,0,0,0,0,0,0,444000,0,0,0,585000,141000,444000,444000
062653,正隆永豐9B購01  ,0,0,0,0,0,0,0,0,0,443000,0,0,0,597000,154000,443000,443000
064444,聚陽統一01購02  ,0,0,0,0,0,0,0,0,0,442000,0,0,0,442000,0,442000,442000
065538,健鼎統一9C購01  ,0,0,0,0,0,0,0,0,0,441000,0,0,0,650000,209000,441000,441000
08892P,台積電元大01售27,0,0,0,0,0,0,0,0,0,440000,0,0,0,440000,0,440000,440000
2356,英業達          ,3404144,2245000,1159144,0,0,0,482000,4000,478000,-1198000,22000,1231000,-1209000,43000,32000,11000,439144
062916,智易元大9B購01  ,0,0,0,0,0,0,0,0,0,438000,0,0,0,594000,156000,438000,438000
066519,達方永豐01購01  ,0,0,0,0,0,0,0,0,0,438000,0,0,0,450000,12000,438000,438000
057257,台泥兆豐99購01  ,0,0,0,0,0,0,0,0,0,437000,0,0,0,491000,54000,437000,437000
065700,京元電群益9C購01,0,0,0,0,0,0,0,0,0,436000,0,0,0,473000,37000,436000,436000
3669,圓展            ,2089000,1734000,355000,0,0,0,0,0,0,81000,136000,55000,81000,0,0,0,436000
067685,瀚宇博元大01購03,0,0,0,0,0,0,0,0,0,434000,0,0,0,446000,12000,434000,434000
065463,大立光中信01購02,0,0,0,0,0,0,0,0,0,434000,0,0,0,606000,172000,434000,434000
2809,京城銀          ,1064000,613000,451000,0,0,0,0,1000,-1000,-16000,75000,71000,4000,0,20000,-20000,434000
061611,南六統一01購01  ,0,0,0,0,0,0,0,0,0,432000,0,0,0,432000,0,432000,432000
059841,國巨富邦9C購01  ,0,0,0,0,0,0,0,0,0,431000,0,0,0,627000,196000,431000,431000
061197,矽創永豐9A購02  ,0,0,0,0,0,0,0,0,0,430000,0,0,0,542000,112000,430000,430000
065012,燿華國泰02購01  ,0,0,0,0,0,0,0,0,0,430000,0,0,0,515000,85000,430000,430000
065664,矽格永豐9C購01  ,0,0,0,0,0,0,0,0,0,430000,0,0,0,436000,6000,430000,430000
067168,國巨麥證01購05  ,0,0,0,545000,110000,435000,0,0,0,429000,0,0,0,545000,116000,429000,429000
063283,華新科元大9C購03,0,0,0,0,0,0,0,0,0,429000,0,0,0,497000,68000,429000,429000
066458,大毅統一02購02  ,0,0,0,0,0,0,0,0,0,429000,0,0,0,429000,0,429000,429000
00671R,富邦NASDAQ反1   ,16000,0,16000,0,0,0,0,0,0,412000,0,0,0,857000,445000,412000,428000
08573P,台積電凱基9C售06,0,0,0,0,0,0,0,0,0,428000,0,0,0,470000,42000,428000,428000
063660,儒鴻統一9C購01  ,0,0,0,0,0,0,0,0,0,427000,0,0,0,464000,37000,427000,427000
065942,燿華元富01購01  ,0,0,0,0,0,0,0,0,0,426000,0,0,0,426000,0,426000,426000
065482,立積元大01購02  ,0,0,0,0,0,0,0,0,0,426000,0,0,0,504000,78000,426000,426000
063777,儒鴻永豐9B購02  ,0,0,0,0,0,0,0,0,0,425000,0,0,0,465000,40000,425000,425000
060404,台勝科國泰9B購01,0,0,0,0,0,0,0,0,0,425000,0,0,0,568000,143000,425000,425000
057485,友達元大9C購04  ,0,0,0,0,0,0,0,0,0,424000,0,0,0,633000,209000,424000,424000
063817,GIS群益9C購01   ,0,0,0,0,0,0,0,0,0,424000,0,0,0,781000,357000,424000,424000
2349,錸德            ,724000,300000,424000,0,0,0,0,0,0,0,0,0,0,0,0,0,424000
062655,漢唐永豐9B購01  ,0,0,0,0,0,0,0,0,0,423000,0,0,0,423000,0,423000,423000
067709,大立光元富07購01,0,0,0,0,0,0,0,0,0,422000,0,0,0,462000,40000,422000,422000
061799,奇鋐永豐9B購01  ,0,0,0,0,0,0,0,0,0,422000,0,0,0,424000,2000,422000,422000
065044,大立光凱基9C購06,0,0,0,0,0,0,0,0,0,422000,0,0,0,469000,47000,422000,422000
062331,大立光統一9B購10,0,0,0,0,0,0,0,0,0,421000,0,0,0,500000,79000,421000,421000
058790,楠梓電元大99購03,0,0,0,0,0,0,0,0,0,420000,0,0,0,420000,0,420000,420000
068523,台光電元富07購02,0,0,0,0,0,0,0,0,0,418000,0,0,0,493000,75000,418000,418000
063050,葡萄王統一01購01,0,0,0,0,0,0,0,0,0,417000,0,0,0,419000,2000,417000,417000
4746,台耀            ,623000,218000,405000,0,0,0,0,0,0,12000,13000,1000,12000,0,0,0,417000
063445,金像電統一9B購01,0,0,0,0,0,0,0,0,0,416000,0,0,0,463000,47000,416000,416000
057182,禾伸堂元大99購02,0,0,0,0,0,0,0,0,0,415000,0,0,0,619000,204000,415000,415000
067620,聚陽國泰02購01  ,0,0,0,0,0,0,0,0,0,414000,0,0,0,439000,25000,414000,414000
067119,泰鼎群益01購02  ,0,0,0,0,0,0,0,0,0,411000,0,0,0,458000,47000,411000,411000
065372,漢唐元大9C購02  ,0,0,0,0,0,0,0,0,0,411000,0,0,0,475000,64000,411000,411000
061344,禾伸堂元大9A購02,0,0,0,0,0,0,0,0,0,410000,0,0,0,647000,237000,410000,410000
056138,群創元大9B購01  ,0,0,0,0,0,0,0,0,0,409000,0,0,0,409000,0,409000,409000
03245P,聯發科統一02售11,0,0,0,0,0,0,0,0,0,408000,0,0,0,413000,5000,408000,408000
059261,華邦電中信01購01,0,0,0,0,0,0,0,0,0,407000,0,0,0,532000,125000,407000,407000
062414,臻鼎中信01購01  ,0,0,0,0,0,0,0,0,0,406000,0,0,0,742000,336000,406000,406000
063890,正隆群益9C購01  ,0,0,0,0,0,0,0,0,0,406000,0,0,0,423000,17000,406000,406000
1460,宏遠            ,737000,331000,406000,0,0,0,0,0,0,0,0,0,0,0,0,0,406000
067687,啟碁元大01購02  ,0,0,0,0,0,0,0,0,0,405000,0,0,0,697000,292000,405000,405000
068396,南電統一03購02  ,0,0,0,0,0,0,0,0,0,405000,0,0,0,1218000,813000,405000,405000
066995,盟立國泰03購01  ,0,0,0,0,0,0,0,0,0,404000,0,0,0,504000,100000,404000,404000
063287,嘉澤元大9B購05  ,0,0,0,0,0,0,0,0,0,404000,0,0,0,439000,35000,404000,404000
065306,泰鼎元富9C購02  ,0,0,0,0,0,0,0,0,0,404000,0,0,0,447000,43000,404000,404000
2006,東和鋼鐵        ,618000,193000,425000,0,0,0,0,0,0,-21000,0,21000,-21000,0,0,0,404000
068851,漢唐統一04購01  ,0,0,0,0,0,0,0,0,0,403000,0,0,0,403000,0,403000,403000
063541,華擎元富9B購02  ,0,0,0,0,0,0,0,0,0,403000,0,0,0,419000,16000,403000,403000
063852,瀚宇博元大9C購01,0,0,0,0,0,0,0,0,0,403000,0,0,0,426000,23000,403000,403000
08774P,華擎凱基01售02  ,0,0,0,0,0,0,0,0,0,403000,0,0,0,413000,10000,403000,403000
1301,台塑            ,1706572,1428000,278572,0,0,0,81000,4000,77000,47000,17000,25000,-8000,55000,0,55000,402572
2105,正新            ,2086121,2363000,-276879,0,0,0,678000,1000,677000,2000,31000,29000,2000,0,0,0,402121
067090,南六元大01購04  ,0,0,0,0,0,0,0,0,0,402000,0,0,0,582000,180000,402000,402000
060288,群光元大9C購01  ,0,0,0,0,0,0,0,0,0,402000,0,0,0,551000,149000,402000,402000
062050,亞德客統一9C購01,0,0,0,0,0,0,0,0,0,402000,0,0,0,451000,49000,402000,402000
3040,遠見            ,427000,45000,382000,0,0,0,0,0,0,20000,2000,2000,0,20000,0,20000,402000
068094,群創群益02購02  ,0,0,0,0,0,0,0,0,0,400000,0,0,0,500000,100000,400000,400000
07825P,健策國泰9B售04  ,0,0,0,0,0,0,0,0,0,400000,0,0,0,610000,210000,400000,400000
08112P,臺股指中信01售07,0,0,0,0,0,0,0,0,0,400000,0,0,0,644000,244000,400000,400000
057468,台郡永豐98購01  ,0,0,0,0,0,0,0,0,0,400000,0,0,0,400000,0,400000,400000
058817,嘉聯益台新99購01,0,0,0,0,0,0,0,0,0,400000,0,0,0,415000,15000,400000,400000
057186,群創元大99購04  ,0,0,0,0,0,0,0,0,0,400000,0,0,0,400000,0,400000,400000
059917,華新科元大99購19,0,0,0,0,0,0,0,0,0,400000,0,0,0,413000,13000,400000,400000
063999,日月光兆豐9C購01,0,0,0,0,0,0,0,0,0,400000,0,0,0,400000,0,400000,400000
064987,勤誠元大9C購02  ,0,0,0,0,0,0,0,0,0,400000,0,0,0,450000,50000,400000,400000
066586,道瓊反群益01購02,0,0,0,0,0,0,0,0,0,400000,0,0,0,400000,0,400000,400000
068325,宏碁元大01購04  ,0,0,0,0,0,0,0,0,0,399000,0,0,0,436000,37000,399000,399000
068676,華擎元富07購01  ,0,0,0,0,0,0,0,0,0,399000,0,0,0,409000,10000,399000,399000
057355,彩晶統一98購03  ,0,0,0,0,0,0,0,0,0,399000,0,0,0,405000,6000,399000,399000
066227,惠特國泰03購02  ,0,0,0,0,0,0,0,0,0,399000,0,0,0,399000,0,399000,399000
068300,聯電國票03購01  ,0,0,0,0,0,0,0,0,0,398000,0,0,0,411000,13000,398000,398000
058248,聯茂元大99購05  ,0,0,0,0,0,0,0,0,0,398000,0,0,0,398000,0,398000,398000
066121,道瓊反群益04購01,0,0,0,0,0,0,0,0,0,398000,0,0,0,400000,2000,398000,398000
066565,泰鼎元大01購01  ,0,0,0,0,0,0,0,0,0,398000,0,0,0,497000,99000,398000,398000
060790,日月光富邦9A購01,0,0,0,0,0,0,0,0,0,397000,0,0,0,427000,30000,397000,397000
066595,敦泰群益01購01  ,0,0,0,0,0,0,0,0,0,397000,0,0,0,546000,149000,397000,397000
08901P,台表科群益01售02,0,0,0,0,0,0,0,0,0,397000,0,0,0,629000,232000,397000,397000
059030,奇力新兆豐99購03,0,0,0,0,0,0,0,0,0,396000,0,0,0,429000,33000,396000,396000
061647,南六元大9A購03  ,0,0,0,0,0,0,0,0,0,396000,0,0,0,396000,0,396000,396000
065647,健鼎元大9C購05  ,0,0,0,0,0,0,0,0,0,396000,0,0,0,830000,434000,396000,396000
07774P,台灣50群益9A售16,0,0,0,0,0,0,0,0,0,395000,0,0,0,395000,0,395000,395000
067762,康舒永豐01購02  ,0,0,0,0,0,0,0,0,0,395000,0,0,0,405000,10000,395000,395000
064787,和潤群益9C購01  ,0,0,0,0,0,0,0,0,0,395000,0,0,0,395000,0,395000,395000
066781,滬深2X中信04購01,0,0,0,0,0,0,0,0,0,394000,0,0,0,500000,106000,394000,394000
1444,力麗            ,3331000,2939000,392000,0,0,0,0,0,0,0,0,0,0,0,0,0,392000
062258,奇力新元大9B購03,0,0,0,0,0,0,0,0,0,391000,0,0,0,563000,172000,391000,391000
066816,泰鼎兆豐03購01  ,0,0,0,0,0,0,0,0,0,391000,0,0,0,559000,168000,391000,391000
059503,大立光富邦9B購04,0,0,0,0,0,0,0,0,0,390000,0,0,0,486000,96000,390000,390000
068489,技嘉元大01購05  ,0,0,0,0,0,0,0,0,0,388000,0,0,0,392000,4000,388000,388000
066193,致新凱基01購01  ,0,0,0,0,0,0,0,0,0,388000,0,0,0,398000,10000,388000,388000
068591,台積電元富07購13,0,0,0,0,0,0,0,0,0,387000,0,0,0,495000,108000,387000,387000
067706,台積電元富07購07,0,0,0,0,0,0,0,0,0,387000,0,0,0,387000,0,387000,387000
065703,大毅群益9C購01  ,0,0,0,0,0,0,0,0,0,387000,0,0,0,387000,0,387000,387000
067148,燿華統一01購03  ,0,0,0,0,0,0,0,0,0,386000,0,0,0,386000,0,386000,386000
056943,華通統一99購01  ,0,0,0,0,0,0,0,0,0,386000,0,0,0,457000,71000,386000,386000
065371,漢唐元大01購01  ,0,0,0,0,0,0,0,0,0,386000,0,0,0,606000,220000,386000,386000
065350,華擎統一01購04  ,0,0,0,0,0,0,0,0,0,385000,0,0,0,385000,0,385000,385000
065132,臻鼎兆豐01購01  ,0,0,0,0,0,0,0,0,0,385000,0,0,0,1415000,1030000,385000,385000
064723,大立光統一02購04,0,0,0,0,0,0,0,0,0,385000,0,0,0,385000,0,385000,385000
064671,聯茂元大9C購02  ,0,0,0,0,0,0,0,0,0,385000,0,0,0,390000,5000,385000,385000
066263,華碩元大02購01  ,0,0,0,0,0,0,0,0,0,384000,0,0,0,841000,457000,384000,384000
067994,技嘉元大01購03  ,0,0,0,0,0,0,0,0,0,383000,0,0,0,453000,70000,383000,383000
060347,大立光統一02購01,0,0,0,0,0,0,0,0,0,383000,0,0,0,584000,201000,383000,383000
063057,祥碩統一03購01  ,30000,0,30000,0,0,0,0,0,0,353000,0,0,0,595000,242000,353000,383000
2474,可成            ,1746857,1751000,-4143,0,0,0,271000,1000,270000,114000,18000,19000,-1000,169000,54000,115000,379857
063601,金像電凱基01購01,0,0,0,0,0,0,0,0,0,379000,0,0,0,379000,0,379000,379000
063488,金像電國泰01購01,0,0,0,0,0,0,0,0,0,379000,0,0,0,449000,70000,379000,379000
062327,燿華統一9B購02  ,0,0,0,0,0,0,0,0,0,379000,0,0,0,409000,30000,379000,379000
063809,矽創兆豐01購01  ,0,0,0,0,0,0,0,0,0,379000,0,0,0,771000,392000,379000,379000
065854,臻鼎元大9C購05  ,0,0,0,0,0,0,0,0,0,377000,0,0,0,535000,158000,377000,377000
00738U,元大道瓊白銀    ,570000,94000,476000,0,0,0,0,0,0,-100000,0,0,0,3045000,3145000,-100000,376000
066769,嘉基永豐01購02  ,0,0,0,0,0,0,0,0,0,376000,0,0,0,509000,133000,376000,376000
063130,聯茂元大9B購02  ,0,0,0,0,0,0,0,0,0,375000,0,0,0,394000,19000,375000,375000
063282,奇力新元大9B購06,0,0,0,0,0,0,0,0,0,374000,0,0,0,403000,29000,374000,374000
065024,華擎永豐9C購01  ,0,0,0,0,0,0,0,0,0,374000,0,0,0,374000,0,374000,374000
2104,國際中橡        ,906000,532000,374000,0,0,0,0,0,0,0,0,0,0,2000,2000,0,374000
068322,國巨元大03購02  ,30000,0,30000,0,0,0,0,0,0,343000,0,0,0,392000,49000,343000,373000
064252,嘉澤元富9C購01  ,0,0,0,0,0,0,0,0,0,373000,0,0,0,463000,90000,373000,373000
067080,群創元大01購04  ,0,0,0,0,0,0,0,0,0,372000,0,0,0,382000,10000,372000,372000
064476,金像電國泰02購01,0,0,0,0,0,0,0,0,0,372000,0,0,0,759000,387000,372000,372000
3008,大立光          ,752732,565000,187732,0,0,0,61000,3000,58000,126000,71000,3000,68000,62000,4000,58000,371732
067431,新光金凱基01購01,0,0,0,0,0,0,0,0,0,371000,0,0,0,577000,206000,371000,371000
068651,聯電元大02購04  ,0,2000,-2000,0,0,0,0,0,0,373000,0,0,0,1585000,1212000,373000,371000
00638R,元大滬深300反1  ,20000,22000,-2000,0,0,0,0,0,0,373000,0,0,0,486000,113000,373000,371000
08055P,臺股指國票9B售20,0,0,0,0,0,0,0,0,0,370000,0,0,0,371000,1000,370000,370000
066513,精元永豐01購02  ,0,0,0,0,0,0,0,0,0,370000,0,0,0,397000,27000,370000,370000
065987,大毅永豐01購01  ,0,0,0,0,0,0,0,0,0,370000,0,0,0,373000,3000,370000,370000
059530,華新科凱基9A購05,0,0,0,0,0,0,0,0,0,369000,0,0,0,389000,20000,369000,369000
065171,燿華元大9C購04  ,0,0,0,0,0,0,0,0,0,369000,0,0,0,464000,95000,369000,369000
067666,國巨元大02購03  ,0,0,0,0,0,0,0,0,0,368000,0,0,0,1362000,994000,368000,368000
061669,崇越中信9A購01  ,0,0,0,0,0,0,0,0,0,368000,0,0,0,600000,232000,368000,368000
064840,彩晶統一02購01  ,0,0,0,0,0,0,0,0,0,368000,0,0,0,908000,540000,368000,368000
00643,群益深証中小    ,354000,105000,249000,0,0,0,0,0,0,118000,0,0,0,266000,148000,118000,367000
067063,為升元大01購01  ,0,0,0,0,0,0,0,0,0,366000,0,0,0,806000,440000,366000,366000
063768,華新科國泰9C購03,0,0,0,0,0,0,0,0,0,366000,0,0,0,409000,43000,366000,366000
065176,玉晶光元大01購04,0,0,0,0,0,0,0,0,0,366000,0,0,0,633000,267000,366000,366000
6477,安集            ,1625000,1257000,368000,0,0,0,0,0,0,-3000,0,3000,-3000,0,0,0,365000
067284,華新科國票02購01,0,0,0,0,0,0,0,0,0,364000,0,0,0,434000,70000,364000,364000
067726,帆宣凱基01購01  ,0,0,0,0,0,0,0,0,0,364000,0,0,0,506000,142000,364000,364000
062205,奇力新國票9C購01,0,0,0,0,0,0,0,0,0,363000,0,0,0,381000,18000,363000,363000
062221,奇力新統一01購01,0,0,0,0,0,0,0,0,0,362000,0,0,0,649000,287000,362000,362000
066300,潤泰新元大01購02,0,0,0,0,0,0,0,0,0,362000,0,0,0,387000,25000,362000,362000
066424,晶技元大01購03  ,0,0,0,0,0,0,0,0,0,362000,0,0,0,379000,17000,362000,362000
08436P,TPK群益9C售04   ,0,0,0,0,0,0,0,0,0,362000,0,0,0,400000,38000,362000,362000
00651R,FH香港反1       ,0,0,0,0,0,0,0,0,0,361000,0,0,0,984000,623000,361000,361000
066294,嘉基元大01購01  ,0,0,0,0,0,0,0,0,0,360000,0,0,0,500000,140000,360000,360000
066320,順德永豐01購01  ,0,0,0,0,0,0,0,0,0,360000,0,0,0,360000,0,360000,360000
067545,矽格群益01購02  ,0,0,0,0,0,0,0,0,0,359000,0,0,0,384000,25000,359000,359000
063374,嘉澤永豐9B購04  ,0,0,0,0,0,0,0,0,0,359000,0,0,0,431000,72000,359000,359000
063020,奇力新元大9B購04,0,0,0,0,0,0,0,0,0,359000,0,0,0,429000,70000,359000,359000
065363,國巨元大01購04  ,0,0,0,0,0,0,0,0,0,359000,0,0,0,409000,50000,359000,359000
3694,海華            ,760000,401000,359000,0,0,0,0,0,0,0,0,0,0,0,0,0,359000
062012,燿華富邦9C購01  ,0,0,0,0,0,0,0,0,0,358000,0,0,0,368000,10000,358000,358000
065272,聯茂元大9C購05  ,0,0,0,0,0,0,0,0,0,358000,0,0,0,376000,18000,358000,358000
065834,億豐凱基03購01  ,0,0,0,0,0,0,0,0,0,358000,0,0,0,476000,118000,358000,358000
08556P,臺股指中信01售08,0,0,0,0,0,0,0,0,0,358000,0,0,0,501000,143000,358000,358000
063116,大立光麥證9C購01,0,0,0,357000,0,357000,0,0,0,357000,0,0,0,357000,0,357000,357000
065299,燿華元富9C購02  ,0,0,0,0,0,0,0,0,0,357000,0,0,0,357000,0,357000,357000
064914,友達統一02購03  ,0,0,0,0,0,0,0,0,0,357000,0,0,0,407000,50000,357000,357000
068760,精元永豐02購01  ,0,0,0,0,0,0,0,0,0,356000,0,0,0,395000,39000,356000,356000
056361,美律元大99購02  ,0,0,0,0,0,0,0,0,0,356000,0,0,0,367000,11000,356000,356000
062434,華通元大9B購04  ,0,0,0,0,0,0,0,0,0,356000,0,0,0,367000,11000,356000,356000
064270,華通元大9C購03  ,0,0,0,0,0,0,0,0,0,356000,0,0,0,419000,63000,356000,356000
066532,力成元富07購01  ,0,0,0,0,0,0,0,0,0,356000,0,0,0,492000,136000,356000,356000
066798,燿華凱基02購02  ,0,0,0,0,0,0,0,0,0,356000,0,0,0,368000,12000,356000,356000
068244,國巨元大01購15  ,0,0,0,0,0,0,0,0,0,355000,0,0,0,405000,50000,355000,355000
067299,燿華元大01購03  ,0,0,0,0,0,0,0,0,0,355000,0,0,0,628000,273000,355000,355000
058247,聯茂元大99購04  ,0,0,0,0,0,0,0,0,0,355000,0,0,0,355000,0,355000,355000
061389,華新科群益9B購01,0,0,0,0,0,0,0,0,0,355000,0,0,0,364000,9000,355000,355000
064260,矽創富邦9C購01  ,0,0,0,0,0,0,0,0,0,355000,0,0,0,1034000,679000,355000,355000
03133P,聯電中信01售02  ,0,0,0,0,0,0,0,0,0,354000,0,0,0,400000,46000,354000,354000
059851,晶相光永豐99購02,0,0,0,0,0,0,0,0,0,354000,0,0,0,374000,20000,354000,354000
062704,大毅元大9C購01  ,0,0,0,0,0,0,0,0,0,354000,0,0,0,355000,1000,354000,354000
063690,健鼎永豐9B購01  ,0,0,0,0,0,0,0,0,0,353000,0,0,0,546000,193000,353000,353000
03691C,T50反1元大01牛05,0,0,0,0,0,0,0,0,0,352000,0,0,0,365000,13000,352000,352000
066765,揚明光永豐01購01,0,0,0,0,0,0,0,0,0,352000,0,0,0,435000,83000,352000,352000
066166,大毅凱基02購01  ,0,0,0,0,0,0,0,0,0,352000,0,0,0,371000,19000,352000,352000
068402,群光元富03購01  ,0,0,0,0,0,0,0,0,0,351000,0,0,0,618000,267000,351000,351000
066201,大毅統一02購01  ,0,0,0,0,0,0,0,0,0,351000,0,0,0,351000,0,351000,351000
07684P,大立光凱基9A售11,0,0,0,0,0,0,0,0,0,350000,0,0,0,400000,50000,350000,350000
067406,矽格永豐01購01  ,0,0,0,0,0,0,0,0,0,350000,0,0,0,357000,7000,350000,350000
066598,致新群益02購01  ,0,0,0,0,0,0,0,0,0,350000,0,0,0,430000,80000,350000,350000
064028,大毅元大01購01  ,0,0,0,0,0,0,0,0,0,350000,0,0,0,353000,3000,350000,350000
060789,禾伸堂富邦9B購02,0,0,0,0,0,0,0,0,0,349000,0,0,0,616000,267000,349000,349000
067867,冠德元大01購01  ,20000,0,20000,0,0,0,0,0,0,328000,0,0,0,660000,332000,328000,348000
068245,國巨元大01購16  ,0,0,0,0,0,0,0,0,0,348000,0,0,0,373000,25000,348000,348000
062974,奇力新元富9B購01,0,0,0,0,0,0,0,0,0,348000,0,0,0,348000,0,348000,348000
063819,致新群益9C購01  ,0,0,0,0,0,0,0,0,0,348000,0,0,0,395000,47000,348000,348000
3047,訊舟            ,632000,284000,348000,0,0,0,0,0,0,0,0,0,0,0,0,0,348000
068462,帆宣國票03購01  ,0,0,0,0,0,0,0,0,0,346000,0,0,0,383000,37000,346000,346000
054040,中石化元大9C購01,0,0,0,0,0,0,0,0,0,346000,0,0,0,398000,52000,346000,346000
061391,晶技群益9A購02  ,0,0,0,0,0,0,0,0,0,346000,0,0,0,475000,129000,346000,346000
066266,強茂元大01購01  ,0,0,0,0,0,0,0,0,0,346000,0,0,0,585000,239000,346000,346000
068380,欣興永豐01購05  ,5000,0,5000,0,0,0,0,0,0,340000,0,0,0,523000,183000,340000,345000
068191,台積電凱基01購21,0,0,0,0,0,0,0,0,0,345000,0,0,0,355000,10000,345000,345000
067585,大毅群益01購02  ,0,0,0,0,0,0,0,0,0,345000,0,0,0,361000,16000,345000,345000
060249,正文元大9C購01  ,0,0,0,0,0,0,0,0,0,345000,0,0,0,507000,162000,345000,345000
066246,中化元大01購01  ,0,0,0,0,0,0,0,0,0,345000,0,0,0,353000,8000,345000,345000
066745,瀚宇博元大01購01,0,0,0,0,0,0,0,0,0,345000,0,0,0,458000,113000,345000,345000
065704,華新科群益9C購05,0,0,0,0,0,0,0,0,0,344000,0,0,0,455000,111000,344000,344000
08313P,健策國票01售01  ,0,0,0,0,0,0,0,0,0,344000,0,0,0,889000,545000,344000,344000
065458,立積元富03購02  ,0,0,0,0,0,0,0,0,0,343000,0,0,0,361000,18000,343000,343000
062215,華通統一9B購01  ,0,0,0,0,0,0,0,0,0,342000,0,0,0,347000,5000,342000,342000
063360,茂林國泰9C購02  ,0,0,0,0,0,0,0,0,0,342000,0,0,0,508000,166000,342000,342000
063544,華新科台新9B購02,0,0,0,0,0,0,0,0,0,341000,0,0,0,486000,145000,341000,341000
060158,廣達永豐9A購01  ,0,0,0,0,0,0,0,0,0,340000,0,0,0,424000,84000,340000,340000
059564,鴻海凱基9A購15  ,0,0,0,0,0,0,0,0,0,340000,0,0,0,350000,10000,340000,340000
063298,統一凱基9B購01  ,0,0,0,0,0,0,0,0,0,340000,0,0,0,363000,23000,340000,340000
061090,奇力新統一9C購01,0,0,0,0,0,0,0,0,0,340000,0,0,0,345000,5000,340000,340000
063436,儒鴻統一01購03  ,0,0,0,0,0,0,0,0,0,339000,0,0,0,524000,185000,339000,339000
066810,瀚宇博凱基02購01,0,0,0,0,0,0,0,0,0,339000,0,0,0,392000,53000,339000,339000
062755,茂林麥證9B購01  ,0,0,0,413000,75000,338000,0,0,0,338000,0,0,0,413000,75000,338000,338000
067601,金像電凱基01購04,0,0,0,0,0,0,0,0,0,337000,0,0,0,341000,4000,337000,337000
067401,嘉澤永豐01購02  ,0,0,0,0,0,0,0,0,0,337000,0,0,0,371000,34000,337000,337000
067071,燿華元大01購02  ,0,0,0,0,0,0,0,0,0,337000,0,0,0,362000,25000,337000,337000
066953,禾伸堂元大01購01,0,0,0,0,0,0,0,0,0,337000,0,0,0,539000,202000,337000,337000
066815,華擎兆豐03購01  ,0,0,0,0,0,0,0,0,0,337000,0,0,0,342000,5000,337000,337000
065190,緯穎統一9C購02  ,0,0,0,0,0,0,0,0,0,337000,0,0,0,397000,60000,337000,337000
064085,儒鴻凱基9C購02  ,0,0,0,0,0,0,0,0,0,337000,0,0,0,379000,42000,337000,337000
062760,漢唐凱基9B購01  ,0,0,0,0,0,0,0,0,0,336000,0,0,0,336000,0,336000,336000
063723,儒鴻元大9B購04  ,0,0,0,0,0,0,0,0,0,336000,0,0,0,357000,21000,336000,336000
064754,漢唐凱基02購01  ,0,0,0,0,0,0,0,0,0,336000,0,0,0,342000,6000,336000,336000
066746,聯茂元大01購01  ,0,0,0,0,0,0,0,0,0,335000,0,0,0,598000,263000,335000,335000
066609,國巨麥證01購04  ,0,0,0,574000,239000,335000,0,0,0,335000,0,0,0,574000,239000,335000,335000
066408,致新凱基01購02  ,0,0,0,0,0,0,0,0,0,335000,0,0,0,405000,70000,335000,335000
059510,華新科永豐99購07,0,0,0,0,0,0,0,0,0,334000,0,0,0,584000,250000,334000,334000
062491,矽創永豐9B購01  ,0,0,0,0,0,0,0,0,0,334000,0,0,0,442000,108000,334000,334000
063947,大毅元大9C購02  ,0,0,0,0,0,0,0,0,0,333000,0,0,0,352000,19000,333000,333000
065100,聯茂元大9C購04  ,0,0,0,0,0,0,0,0,0,333000,0,0,0,444000,111000,333000,333000
4919,新唐            ,627000,202000,425000,0,0,0,0,0,0,-93000,10000,7000,3000,32000,128000,-96000,332000
067025,禾伸堂兆豐03購01,0,0,0,0,0,0,0,0,0,331000,0,0,0,351000,20000,331000,331000
067223,嘉基元大01購02  ,0,0,0,0,0,0,0,0,0,331000,0,0,0,361000,30000,331000,331000
08229P,祥碩國票9B售04  ,0,0,0,0,0,0,0,0,0,331000,0,0,0,482000,151000,331000,331000
068091,華碩群益01購02  ,0,0,0,0,0,0,0,0,0,330000,0,0,0,581000,251000,330000,330000
058986,華新科凱基9A購03,0,0,0,0,0,0,0,0,0,330000,0,0,0,400000,70000,330000,330000
054806,台化元大9A購01  ,0,0,0,0,0,0,0,0,0,330000,0,0,0,330000,0,330000,330000
03199P,台積電統一01售16,0,0,0,0,0,0,0,0,0,330000,0,0,0,341000,11000,330000,330000
062422,億光統一01購01  ,0,0,0,0,0,0,0,0,0,330000,0,0,0,359000,29000,330000,330000
08534P,玉晶光元富06售02,0,0,0,0,0,0,0,0,0,330000,0,0,0,370000,40000,330000,330000
063738,奇鋐元大9B購03  ,0,0,0,0,0,0,0,0,0,329000,0,0,0,405000,76000,329000,329000
060599,國巨凱基9C購01  ,0,0,0,0,0,0,0,0,0,329000,0,0,0,334000,5000,329000,329000
061571,奇力新元大9A購03,0,0,0,0,0,0,0,0,0,329000,0,0,0,358000,29000,329000,329000
064516,華通群益02購01  ,0,0,0,0,0,0,0,0,0,329000,0,0,0,331000,2000,329000,329000
065034,玉晶光統一01購11,0,0,0,0,0,0,0,0,0,329000,0,0,0,2009000,1680000,329000,329000
064954,奇鋐凱基9C購01  ,0,0,0,0,0,0,0,0,0,329000,0,0,0,581000,252000,329000,329000
2013,中鋼構          ,407000,78000,329000,0,0,0,0,0,0,0,0,0,0,0,0,0,329000
067274,燿華統一03購01  ,0,0,0,0,0,0,0,0,0,328000,0,0,0,348000,20000,328000,328000
067084,泰鼎元大01購02  ,0,0,0,0,0,0,0,0,0,328000,0,0,0,385000,57000,328000,328000
064522,華擎群益01購01  ,0,0,0,0,0,0,0,0,0,328000,0,0,0,375000,47000,328000,328000
064150,全新統一01購03  ,0,0,0,0,0,0,0,0,0,328000,0,0,0,328000,0,328000,328000
062190,瀚宇博元大9B購01,0,0,0,0,0,0,0,0,0,328000,0,0,0,368000,40000,328000,328000
062033,瀚宇博群益9B購01,0,0,0,0,0,0,0,0,0,327000,0,0,0,347000,20000,327000,327000
064456,禾伸堂統一01購01,0,0,0,0,0,0,0,0,0,327000,0,0,0,584000,257000,327000,327000
068218,台光電統一02購05,0,0,0,0,0,0,0,0,0,326000,0,0,0,326000,0,326000,326000
5521,工信            ,284000,211000,73000,0,0,0,0,0,0,252000,25000,3000,22000,230000,0,230000,325000
067087,帆宣元大01購03  ,0,0,0,0,0,0,0,0,0,323000,0,0,0,337000,14000,323000,323000
063625,儒鴻元大9B購03  ,0,0,0,0,0,0,0,0,0,323000,0,0,0,343000,20000,323000,323000
066549,京元電元大01購03,0,0,0,0,0,0,0,0,0,322000,0,0,0,384000,62000,322000,322000
059760,楠梓電永豐99購01,0,0,0,0,0,0,0,0,0,321000,0,0,0,354000,33000,321000,321000
065092,健鼎元大9C購02  ,0,0,0,0,0,0,0,0,0,321000,0,0,0,344000,23000,321000,321000
1718,中纖            ,716000,221000,495000,0,0,0,0,0,0,-174000,0,28000,-28000,0,146000,-146000,321000
068254,訊連元大01購02  ,0,0,0,0,0,0,0,0,0,320000,0,0,0,320000,0,320000,320000
068527,義隆元富03購01  ,0,0,0,0,0,0,0,0,0,320000,0,0,0,432000,112000,320000,320000
059730,晶相光元大9C購02,0,0,0,0,0,0,0,0,0,320000,0,0,0,435000,115000,320000,320000
063675,亞德客國泰01購01,0,0,0,0,0,0,0,0,0,320000,0,0,0,410000,90000,320000,320000
063299,金寶凱基9B購01  ,0,0,0,0,0,0,0,0,0,320000,0,0,0,320000,0,320000,320000
062602,華通麥證9C購01  ,0,0,0,319000,0,319000,0,0,0,319000,0,0,0,319000,0,319000,319000
065937,大毅群益02購01  ,0,0,0,0,0,0,0,0,0,319000,0,0,0,322000,3000,319000,319000
066219,惠特元富01購01  ,0,0,0,0,0,0,0,0,0,319000,0,0,0,436000,117000,319000,319000
1409,新纖            ,500000,224000,276000,0,0,0,0,0,0,43000,0,0,0,43000,0,43000,319000
2385,群光            ,1404360,1143640,260720,0,0,0,133000,0,133000,-75000,0,0,0,0,75000,-75000,318720
063484,達方元大9B購01  ,0,0,0,0,0,0,0,0,0,318000,0,0,0,353000,35000,318000,318000
063117,聯茂麥證9B購01  ,0,0,0,318000,0,318000,0,0,0,318000,0,0,0,318000,0,318000,318000
060565,大立光富邦01購01,0,0,0,0,0,0,0,0,0,317000,0,0,0,342000,25000,317000,317000
5871,中租-KY         ,2106264,1822400,283864,0,0,0,7000,1000,6000,27000,21000,1000,20000,14000,7000,7000,316864
067586,奇鋐群益01購02  ,0,0,0,0,0,0,0,0,0,316000,0,0,0,340000,24000,316000,316000
065307,矽格元富9C購01  ,0,0,0,0,0,0,0,0,0,316000,0,0,0,391000,75000,316000,316000
055570,華通統一98購03  ,0,0,0,0,0,0,0,0,0,315000,0,0,0,320000,5000,315000,315000
4106,雃博            ,442000,127000,315000,0,0,0,0,0,0,0,0,0,0,0,0,0,315000
067658,矽格元富04購01  ,0,0,0,0,0,0,0,0,0,314000,0,0,0,477000,163000,314000,314000
067943,矽格凱基01購04  ,0,0,0,0,0,0,0,0,0,314000,0,0,0,348000,34000,314000,314000
062297,億豐永豐9B購01  ,0,0,0,0,0,0,0,0,0,314000,0,0,0,408000,94000,314000,314000
4967,十銓            ,527000,213000,314000,0,0,0,0,0,0,0,0,0,0,0,0,0,314000
058431,國巨統一9B購01  ,0,0,0,0,0,0,0,0,0,313000,0,0,0,752000,439000,313000,313000
062665,智易群益9B購01  ,0,0,0,0,0,0,0,0,0,313000,0,0,0,362000,49000,313000,313000
061424,華新科元大9A購18,0,0,0,0,0,0,0,0,0,313000,0,0,0,313000,0,313000,313000
065711,矽格群益9C購02  ,0,0,0,0,0,0,0,0,0,313000,0,0,0,338000,25000,313000,313000
067312,欣興元大02購01  ,0,0,0,0,0,0,0,0,0,312000,0,0,0,327000,15000,312000,312000
067474,華邦電元大01購02,0,0,0,0,0,0,0,0,0,312000,0,0,0,561000,249000,312000,312000
062986,T50反1中信02購01,0,0,0,0,0,0,0,0,0,312000,0,0,0,1549000,1237000,312000,312000
066688,台積電元富07購01,0,0,0,0,0,0,0,0,0,312000,0,0,0,338000,26000,312000,312000
066276,敦泰元大01購01  ,0,0,0,0,0,0,0,0,0,311000,0,0,0,753000,442000,311000,311000
07225P,台積電元大99售33,0,0,0,0,0,0,0,0,0,310000,0,0,0,310000,0,310000,310000
066028,嘉澤群益01購01  ,0,0,0,0,0,0,0,0,0,310000,0,0,0,319000,9000,310000,310000
068422,緯穎兆豐03購02  ,0,0,0,0,0,0,0,0,0,309000,0,0,0,323000,14000,309000,309000
066571,矽格元大01購02  ,0,0,0,0,0,0,0,0,0,309000,0,0,0,458000,149000,309000,309000
2841,台開            ,754000,445000,309000,0,0,0,0,0,0,0,0,0,0,0,0,0,309000
056657,華邦電元大99購01,0,0,0,0,0,0,0,0,0,308000,0,0,0,313000,5000,308000,308000
065483,聯茂元大9C購06  ,0,0,0,0,0,0,0,0,0,307000,0,0,0,394000,87000,307000,307000
064909,華擎麥證9C購01  ,0,0,0,307000,0,307000,0,0,0,307000,0,0,0,307000,0,307000,307000
066161,力山凱基01購01  ,0,0,0,0,0,0,0,0,0,306000,0,0,0,384000,78000,306000,306000
065830,景碩凱基9C購04  ,0,0,0,0,0,0,0,0,0,306000,0,0,0,676000,370000,306000,306000
08424P,群創元富9C售03  ,0,0,0,0,0,0,0,0,0,306000,0,0,0,306000,0,306000,306000
062234,廣達凱基9B購01  ,0,0,0,0,0,0,0,0,0,305000,0,0,0,331000,26000,305000,305000
066642,臺股指凱基04購01,0,0,0,0,0,0,0,0,0,305000,0,0,0,473000,168000,305000,305000
065254,大成鋼元大9C購01,0,0,0,0,0,0,0,0,0,305000,0,0,0,505000,200000,305000,305000
3059,華晶科          ,486000,181000,305000,0,0,0,0,0,0,0,0,0,0,0,0,0,305000
067949,緯穎國泰03購01  ,0,0,0,0,0,0,0,0,0,304000,0,0,0,382000,78000,304000,304000
063572,麗豐元大9B購01  ,0,0,0,0,0,0,0,0,0,304000,0,0,0,539000,235000,304000,304000
061792,和大永豐9B購01  ,0,0,0,0,0,0,0,0,0,304000,0,0,0,304000,0,304000,304000
061841,晶技凱基9C購01  ,0,0,0,0,0,0,0,0,0,304000,0,0,0,393000,89000,304000,304000
065472,華新元大01購01  ,0,0,0,0,0,0,0,0,0,304000,0,0,0,486000,182000,304000,304000
065514,建準群益9C購01  ,0,0,0,0,0,0,0,0,0,304000,0,0,0,308000,4000,304000,304000
8103,瀚荃            ,505000,196000,309000,0,0,0,0,0,0,-5000,2000,7000,-5000,0,0,0,304000
067976,訊連群益01購01  ,0,0,0,0,0,0,0,0,0,303000,0,0,0,320000,17000,303000,303000
068124,康友元富07購01  ,0,0,0,0,0,0,0,0,0,303000,0,0,0,507000,204000,303000,303000
060246,晶相光元大9C購03,0,0,0,0,0,0,0,0,0,303000,0,0,0,315000,12000,303000,303000
9103,美德醫療-DR     ,1000,53000,-52000,0,0,0,0,0,0,355000,0,0,0,355000,0,355000,303000
057719,欣興元富02購01  ,0,0,0,0,0,0,0,0,0,302000,0,0,0,318000,16000,302000,302000
08414P,超眾凱基9C售02  ,0,0,0,0,0,0,0,0,0,302000,0,0,0,310000,8000,302000,302000
062374,茂林元大9B購03  ,0,0,0,0,0,0,0,0,0,301000,0,0,0,310000,9000,301000,301000
066877,奇鋐富邦03購01  ,0,0,0,0,0,0,0,0,0,301000,0,0,0,327000,26000,301000,301000
067062,神隆元大01購02  ,0,0,0,0,0,0,0,0,0,300000,0,0,0,300000,0,300000,300000
07420P,可成元大99售07  ,0,0,0,0,0,0,0,0,0,300000,0,0,0,300000,0,300000,300000
07590P,玉晶光國票9A售03,0,0,0,0,0,0,0,0,0,300000,0,0,0,300000,0,300000,300000
08101P,超眾群益9B售02  ,0,0,0,0,0,0,0,0,0,300000,0,0,0,432000,132000,300000,300000
062008,南亞科國泰9C購01,0,0,0,0,0,0,0,0,0,300000,0,0,0,300000,0,300000,300000
063591,麗豐永豐9B購02  ,0,0,0,0,0,0,0,0,0,300000,0,0,0,300000,0,300000,300000
060685,康友元大9A購01  ,0,0,0,0,0,0,0,0,0,300000,0,0,0,300000,0,300000,300000
059588,鴻海元大99購32  ,0,0,0,0,0,0,0,0,0,300000,0,0,0,300000,0,300000,300000
057145,上銀國票98購03  ,0,0,0,0,0,0,0,0,0,300000,0,0,0,500000,200000,300000,300000
063311,喬山群益9B購01  ,0,0,0,0,0,0,0,0,0,300000,0,0,0,300000,0,300000,300000
065104,南茂元大9C購02  ,0,0,0,0,0,0,0,0,0,300000,0,0,0,330000,30000,300000,300000
067108,大毅群益01購01  ,0,0,0,0,0,0,0,0,0,299000,0,0,0,342000,43000,299000,299000
05855P,滬深2X中信9C售01,0,0,0,0,0,0,0,0,0,299000,0,0,0,300000,1000,299000,299000
062220,台光電統一01購01,0,0,0,0,0,0,0,0,0,299000,0,0,0,317000,18000,299000,299000
060912,華新科元大9A購10,0,0,0,0,0,0,0,0,0,299000,0,0,0,437000,138000,299000,299000
065529,聯發科中信01購04,0,0,0,0,0,0,0,0,0,299000,0,0,0,299000,0,299000,299000
066817,瀚宇博兆豐03購01,0,0,0,0,0,0,0,0,0,299000,0,0,0,525000,226000,299000,299000
1519,華城            ,986000,867000,119000,0,0,0,0,0,0,180000,0,0,0,189000,9000,180000,299000
1582,信錦            ,363000,46000,317000,0,0,0,0,0,0,-18000,0,8000,-8000,0,10000,-10000,299000
063431,神隆元富9B購01  ,0,0,0,0,0,0,0,0,0,297000,0,0,0,313000,16000,297000,297000
059297,大立光元富9C購01,0,0,0,0,0,0,0,0,0,296000,0,0,0,493000,197000,296000,296000
053282,彩晶元大9C購01  ,0,0,0,0,0,0,0,0,0,296000,0,0,0,296000,0,296000,296000
2605,新興            ,518000,267000,251000,0,0,0,0,0,0,45000,0,12000,-12000,57000,0,57000,296000
046881,智原富邦99購01  ,0,0,0,0,0,0,0,0,0,295000,0,0,0,295000,0,295000,295000
066291,惠特元大01購01  ,0,0,0,0,0,0,0,0,0,295000,0,0,0,415000,120000,295000,295000
2406,國碩            ,482000,187000,295000,0,0,0,0,0,0,0,0,0,0,0,0,0,295000
062919,聯茂元大9B購01  ,0,0,0,0,0,0,0,0,0,294000,0,0,0,601000,307000,294000,294000
067393,欣興國泰03購02  ,0,0,0,0,0,0,0,0,0,293000,0,0,0,328000,35000,293000,293000
068008,聯茂元大01購02  ,0,0,0,0,0,0,0,0,0,293000,0,0,0,432000,139000,293000,293000
068215,潤泰新凱基01購02,0,0,0,0,0,0,0,0,0,293000,0,0,0,341000,48000,293000,293000
065049,世芯凱基02購01  ,0,0,0,0,0,0,0,0,0,293000,0,0,0,360000,67000,293000,293000
064759,景碩凱基9C購01  ,0,0,0,0,0,0,0,0,0,292000,0,0,0,333000,41000,292000,292000
065882,景碩台新9C購03  ,0,0,0,0,0,0,0,0,0,292000,0,0,0,432000,140000,292000,292000
063732,建準元大9B購02  ,0,0,0,0,0,0,0,0,0,291000,0,0,0,311000,20000,291000,291000
064932,緯穎統一01購04  ,0,0,0,0,0,0,0,0,0,291000,0,0,0,311000,20000,291000,291000
068265,信錦永豐01購01  ,0,0,0,0,0,0,0,0,0,290000,0,0,0,290000,0,290000,290000
068362,南電凱基01購06  ,0,0,0,0,0,0,0,0,0,290000,0,0,0,427000,137000,290000,290000
065738,國巨麥證9C購04  ,0,0,0,300000,10000,290000,0,0,0,290000,0,0,0,300000,10000,290000,290000
060777,茂林凱基9C購01  ,0,0,0,0,0,0,0,0,0,289000,0,0,0,323000,34000,289000,289000
060723,致新永豐9A購01  ,0,0,0,0,0,0,0,0,0,289000,0,0,0,289000,0,289000,289000
066126,南港群益01購01  ,0,0,0,0,0,0,0,0,0,289000,0,0,0,334000,45000,289000,289000
067011,嘉基永豐01購03  ,0,0,0,0,0,0,0,0,0,288000,0,0,0,288000,0,288000,288000
064170,儒鴻元富9C購01  ,0,0,0,0,0,0,0,0,0,288000,0,0,0,298000,10000,288000,288000
068344,台積電麥證01購13,0,0,0,287000,0,287000,0,0,0,287000,0,0,0,287000,0,287000,287000
054892,彩晶統一99購01  ,0,0,0,0,0,0,0,0,0,287000,0,0,0,287000,0,287000,287000
066048,奇鋐元大01購01  ,0,0,0,0,0,0,0,0,0,287000,0,0,0,348000,61000,287000,287000
068642,帆宣凱基03購01  ,0,0,0,0,0,0,0,0,0,286000,0,0,0,455000,169000,286000,286000
062265,南茂元大9B購01  ,0,0,0,0,0,0,0,0,0,286000,0,0,0,361000,75000,286000,286000
066627,大毅凱基03購01  ,0,0,0,0,0,0,0,0,0,286000,0,0,0,298000,12000,286000,286000
067999,大毅元大01購03  ,0,0,0,0,0,0,0,0,0,284000,0,0,0,334000,50000,284000,284000
061518,達方永豐9A購02  ,0,0,0,0,0,0,0,0,0,284000,0,0,0,356000,72000,284000,284000
060911,大毅元大9A購01  ,0,0,0,0,0,0,0,0,0,284000,0,0,0,284000,0,284000,284000
065451,台表科統一02購04,0,0,0,0,0,0,0,0,0,284000,0,0,0,637000,353000,284000,284000
067950,元金2X永豐01購02,0,0,0,0,0,0,0,0,0,283000,0,0,0,300000,17000,283000,283000
067247,瀚宇博群益01購02,0,0,0,0,0,0,0,0,0,283000,0,0,0,312000,29000,283000,283000
068589,國巨元富07購13  ,0,0,0,0,0,0,0,0,0,283000,0,0,0,313000,30000,283000,283000
068608,景碩凱基01購01  ,0,0,0,0,0,0,0,0,0,283000,0,0,0,355000,72000,283000,283000
062645,國巨國泰9B購08  ,0,0,0,0,0,0,0,0,0,283000,0,0,0,385000,102000,283000,283000
066296,昇陽半元大01購02,0,0,0,0,0,0,0,0,0,281000,0,0,0,296000,15000,281000,281000
056317,華通群益99購02  ,0,0,0,0,0,0,0,0,0,280000,0,0,0,281000,1000,280000,280000
064485,儒鴻元大01購01  ,0,0,0,0,0,0,0,0,0,280000,0,0,0,333000,53000,280000,280000
8422,可寧衛          ,180000,69000,111000,0,0,0,171000,0,171000,-2000,0,2000,-2000,0,0,0,280000
068575,南電元大01購10  ,0,0,0,0,0,0,0,0,0,279000,0,0,0,311000,32000,279000,279000
065984,緯創富邦03購01  ,0,0,0,0,0,0,0,0,0,279000,0,0,0,318000,39000,279000,279000
065152,燿華群益9C購02  ,0,0,0,0,0,0,0,0,0,279000,0,0,0,340000,61000,279000,279000
063231,台泥元大9B購01  ,0,0,0,0,0,0,0,0,0,278000,0,0,0,551000,273000,278000,278000
065321,瑞昱凱基9C購01  ,0,0,0,0,0,0,0,0,0,278000,0,0,0,591000,313000,278000,278000
068354,燿華凱基01購03  ,0,0,0,0,0,0,0,0,0,277000,0,0,0,279000,2000,277000,277000
067654,嘉晶元富07購03  ,0,0,0,0,0,0,0,0,0,277000,0,0,0,287000,10000,277000,277000
067745,泰鼎元大01購03  ,0,0,0,0,0,0,0,0,0,277000,0,0,0,361000,84000,277000,277000
1466,聚隆            ,975000,695000,280000,0,0,0,0,0,0,-3000,0,3000,-3000,0,0,0,277000
068737,南電元大02購03  ,0,0,0,0,0,0,0,0,0,276000,0,0,0,322000,46000,276000,276000
065365,國巨元大9C購19  ,0,0,0,0,0,0,0,0,0,276000,0,0,0,356000,80000,276000,276000
065402,漢唐國泰02購01  ,0,0,0,0,0,0,0,0,0,276000,0,0,0,276000,0,276000,276000
064948,致茂凱基01購01  ,0,0,0,0,0,0,0,0,0,276000,0,0,0,331000,55000,276000,276000
068571,帆宣元大01購06  ,0,0,0,0,0,0,0,0,0,275000,0,0,0,310000,35000,275000,275000
067567,瀚宇博康和01購01,0,0,0,0,0,0,0,0,0,275000,0,0,0,289000,14000,275000,275000
060188,華新科元富9A購03,0,0,0,0,0,0,0,0,0,275000,0,0,0,275000,0,275000,275000
059661,大立光元大99購22,0,0,0,0,0,0,0,0,0,275000,0,0,0,280000,5000,275000,275000
058268,泰碩永豐9A購01  ,0,0,0,0,0,0,0,0,0,275000,0,0,0,315000,40000,275000,275000
061012,國巨麥證9A購03  ,0,0,0,279000,0,279000,0,0,0,275000,0,0,0,279000,4000,275000,275000
066837,樺漢群益01購02  ,0,0,0,0,0,0,0,0,0,275000,0,0,0,395000,120000,275000,275000
9933,中鼎            ,645000,404000,241000,0,0,0,0,0,0,34000,39000,0,39000,4000,9000,-5000,275000
067679,奇鋐元大02購02  ,0,0,0,0,0,0,0,0,0,274000,0,0,0,437000,163000,274000,274000
06878P,台灣50日盛9B售01,0,0,0,0,0,0,0,0,0,274000,0,0,0,274000,0,274000,274000
064610,儒鴻元大9C購03  ,0,0,0,0,0,0,0,0,0,274000,0,0,0,291000,17000,274000,274000
058327,大毅統一9B購01  ,0,0,0,0,0,0,0,0,0,273000,0,0,0,357000,84000,273000,273000
061525,華新科凱基9A購13,0,0,0,0,0,0,0,0,0,273000,0,0,0,387000,114000,273000,273000
066124,台化群益01購01  ,0,0,0,0,0,0,0,0,0,273000,0,0,0,275000,2000,273000,273000
065708,中磊群益9C購01  ,0,0,0,0,0,0,0,0,0,273000,0,0,0,409000,136000,273000,273000
2208,台船            ,372000,171000,201000,0,0,0,0,0,0,72000,0,0,0,72000,0,72000,273000
063470,泰鼎元大9B購03  ,0,0,0,0,0,0,0,0,0,272000,0,0,0,386000,114000,272000,272000
068064,欣興兆豐03購02  ,0,0,0,0,0,0,0,0,0,271000,0,0,0,301000,30000,271000,271000
063268,GIS中信9B購01   ,0,0,0,0,0,0,0,0,0,271000,0,0,0,325000,54000,271000,271000
2548,華固            ,683650,431000,252650,0,0,0,0,0,0,18000,32000,14000,18000,0,0,0,270650
067049,明泰凱基01購01  ,0,0,0,0,0,0,0,0,0,270000,0,0,0,351000,81000,270000,270000
064638,儒鴻凱基9C購03  ,0,0,0,0,0,0,0,0,0,270000,0,0,0,285000,15000,270000,270000
064472,國巨麥證9C購03  ,0,0,0,271000,1000,270000,0,0,0,270000,0,0,0,271000,1000,270000,270000
066677,台泥兆豐03購01  ,0,0,0,0,0,0,0,0,0,270000,0,0,0,380000,110000,270000,270000
1711,永光            ,721000,542000,179000,0,0,0,0,0,0,91000,0,0,0,91000,0,91000,270000
061798,晶豪科永豐9B購01,0,0,0,0,0,0,0,0,0,269000,0,0,0,270000,1000,269000,269000
065534,台光電統一9C購02,0,0,0,0,0,0,0,0,0,269000,0,0,0,289000,20000,269000,269000
063904,大立光麥證01購01,0,0,0,333000,64000,269000,0,0,0,269000,0,0,0,333000,64000,269000,269000
063900,GIS群益9C購03   ,0,0,0,0,0,0,0,0,0,269000,0,0,0,515000,246000,269000,269000
064577,大立光國泰02購01,0,0,0,0,0,0,0,0,0,269000,0,0,0,270000,1000,269000,269000
062108,晶豪科國票9B購01,0,0,0,0,0,0,0,0,0,268000,0,0,0,655000,387000,268000,268000
066356,嘉基永豐01購01  ,0,0,0,0,0,0,0,0,0,268000,0,0,0,378000,110000,268000,268000
065898,神基麥證9C購01  ,0,0,0,288000,20000,268000,0,0,0,268000,0,0,0,288000,20000,268000,268000
2027,大成鋼          ,935000,638000,297000,0,0,0,0,0,0,-29000,25000,26000,-1000,59000,87000,-28000,268000
067515,美利達統一03購03,0,0,0,0,0,0,0,0,0,267000,0,0,0,296000,29000,267000,267000
062405,泰鼎永豐9B購02  ,0,0,0,0,0,0,0,0,0,267000,0,0,0,308000,41000,267000,267000
08620P,聯發科群益9C售15,0,0,0,0,0,0,0,0,0,267000,0,0,0,267000,0,267000,267000
060861,漢唐永豐9A購01  ,0,0,0,0,0,0,0,0,0,266000,0,0,0,267000,1000,266000,266000
062476,神隆國票9B購01  ,0,0,0,0,0,0,0,0,0,265000,0,0,0,282000,17000,265000,265000
066114,瑞昱兆豐02購01  ,0,0,0,0,0,0,0,0,0,265000,0,0,0,279000,14000,265000,265000
066527,泰鼎統一03購01  ,0,0,0,0,0,0,0,0,0,265000,0,0,0,325000,60000,265000,265000
060551,大立光凱基9B購02,0,0,0,0,0,0,0,0,0,264000,0,0,0,269000,5000,264000,264000
064238,玉晶光統一01購08,0,0,0,0,0,0,0,0,0,264000,0,0,0,383000,119000,264000,264000
065686,同欣電統一03購01,0,0,0,0,0,0,0,0,0,264000,0,0,0,375000,111000,264000,264000
08805P,台積電元富07售04,0,0,0,0,0,0,0,0,0,264000,0,0,0,571000,307000,264000,264000
067806,宏碁凱基02購01  ,0,0,0,0,0,0,0,0,0,263000,0,0,0,546000,283000,263000,263000
057023,美律凱基99購02  ,0,0,0,0,0,0,0,0,0,263000,0,0,0,302000,39000,263000,263000
059942,全新永豐99購04  ,0,0,0,0,0,0,0,0,0,263000,0,0,0,263000,0,263000,263000
065828,大立光凱基06購01,0,0,0,0,0,0,0,0,0,263000,0,0,0,385000,122000,263000,263000
057987,大立光元富98購02,0,0,0,0,0,0,0,0,0,262000,0,0,0,397000,135000,262000,262000
061576,華新科元大9A購21,0,0,0,0,0,0,0,0,0,262000,0,0,0,262000,0,262000,262000
064750,緯穎麥證9C購01  ,0,0,0,262000,0,262000,0,0,0,262000,0,0,0,262000,0,262000,262000
1439,中和            ,315000,53000,262000,0,0,0,0,0,0,0,0,0,0,0,0,0,262000
066050,亞光元大01購01  ,0,0,0,0,0,0,0,0,0,261000,0,0,0,394000,133000,261000,261000
08714P,華碩元富01售03  ,0,0,0,0,0,0,0,0,0,261000,0,0,0,672000,411000,261000,261000
067428,大毅凱基01購02  ,0,0,0,0,0,0,0,0,0,260000,0,0,0,260000,0,260000,260000
059836,大立光國泰9B購02,0,0,0,0,0,0,0,0,0,260000,0,0,0,337000,77000,260000,260000
067086,中磊元大01購01  ,0,0,0,0,0,0,0,0,0,259000,0,0,0,323000,64000,259000,259000
062293,麗豐永豐9B購01  ,0,0,0,0,0,0,0,0,0,259000,0,0,0,262000,3000,259000,259000
067843,聯發科元富07購05,0,0,0,0,0,0,0,0,0,258000,0,0,0,280000,22000,258000,258000
066165,大毅凱基01購01  ,0,0,0,0,0,0,0,0,0,258000,0,0,0,433000,175000,258000,258000
065103,南六元大9C購06  ,0,0,0,0,0,0,0,0,0,258000,0,0,0,316000,58000,258000,258000
1474,弘裕            ,1131000,873000,258000,0,0,0,0,0,0,0,0,0,0,0,0,0,258000
068423,GIS康和01購01   ,0,0,0,0,0,0,0,0,0,257000,0,0,0,627000,370000,257000,257000
068283,帆宣中信01購02  ,0,0,0,0,0,0,0,0,0,257000,0,0,0,397000,140000,257000,257000
062262,茂林元大9B購02  ,0,0,0,0,0,0,0,0,0,257000,0,0,0,312000,55000,257000,257000
061914,台光電中信9B購01,0,0,0,0,0,0,0,0,0,257000,0,0,0,351000,94000,257000,257000
066444,華擎群益01購03  ,0,0,0,0,0,0,0,0,0,257000,0,0,0,257000,0,257000,257000
066449,瀚宇博群益01購01,0,0,0,0,0,0,0,0,0,257000,0,0,0,271000,14000,257000,257000
067475,微星元大01購05  ,0,0,0,0,0,0,0,0,0,256000,0,0,0,328000,72000,256000,256000
061511,緯穎富邦9B購02  ,0,0,0,0,0,0,0,0,0,256000,0,0,0,266000,10000,256000,256000
066370,帆宣中信01購01  ,0,0,0,0,0,0,0,0,0,256000,0,0,0,290000,34000,256000,256000
066203,景碩統一03購01  ,0,0,0,0,0,0,0,0,0,256000,0,0,0,753000,497000,256000,256000
064175,華通國泰02購01  ,0,0,0,0,0,0,0,0,0,256000,0,0,0,368000,112000,256000,256000
067175,國巨麥證01購06  ,0,0,0,302000,45000,257000,0,0,0,255000,0,0,0,302000,47000,255000,255000
064626,聯茂元大9C購01  ,0,0,0,0,0,0,0,0,0,255000,0,0,0,391000,136000,255000,255000
064258,臻鼎國泰01購02  ,0,0,0,0,0,0,0,0,0,255000,0,0,0,698000,443000,255000,255000
064404,奇力新凱基02購01,0,0,0,0,0,0,0,0,0,255000,0,0,0,339000,84000,255000,255000
066494,旺宏國泰03購01  ,0,0,0,0,0,0,0,0,0,255000,0,0,0,310000,55000,255000,255000
068504,訊芯元大01購02  ,0,0,0,0,0,0,0,0,0,254000,0,0,0,280000,26000,254000,254000
066429,矽格元大01購01  ,0,0,0,0,0,0,0,0,0,254000,0,0,0,331000,77000,254000,254000
066637,瀚宇博凱基01購02,0,0,0,0,0,0,0,0,0,254000,0,0,0,284000,30000,254000,254000
9921,巨大            ,578428,293000,285428,0,0,0,2000,0,2000,-34000,1000,47000,-46000,24000,12000,12000,253428
062527,美律統一01購01  ,0,0,0,0,0,0,0,0,0,253000,0,0,0,590000,337000,253000,253000
067826,高鐵兆豐03購01  ,0,0,0,0,0,0,0,0,0,252000,0,0,0,267000,15000,252000,252000
060110,茂林元大99購06  ,0,0,0,0,0,0,0,0,0,252000,0,0,0,272000,20000,252000,252000
062367,禾伸堂元大9B購02,0,0,0,0,0,0,0,0,0,252000,0,0,0,352000,100000,252000,252000
064379,TPK元富9C購01   ,30000,0,30000,0,0,0,0,0,0,222000,0,0,0,432000,210000,222000,252000
066437,台泥群益02購01  ,0,0,0,0,0,0,0,0,0,252000,0,0,0,335000,83000,252000,252000
066082,康友國泰03購01  ,0,0,0,0,0,0,0,0,0,252000,0,0,0,885000,633000,252000,252000
065535,健鼎統一02購03  ,0,0,0,0,0,0,0,0,0,252000,0,0,0,322000,70000,252000,252000
068479,帆宣群益01購02  ,0,0,0,0,0,0,0,0,0,251000,0,0,0,253000,2000,251000,251000
061488,奇力新兆豐9A購01,0,0,0,0,0,0,0,0,0,251000,0,0,0,403000,152000,251000,251000
067317,嘉澤元大02購01  ,0,0,0,0,0,0,0,0,0,250000,0,0,0,463000,213000,250000,250000
067304,義隆元大01購05  ,0,0,0,0,0,0,0,0,0,250000,0,0,0,367000,117000,250000,250000
060055,宏達電凱基99購06,0,0,0,0,0,0,0,0,0,250000,0,0,0,270000,20000,250000,250000
060229,楠梓電元大9C購01,0,0,0,0,0,0,0,0,0,250000,0,0,0,308000,58000,250000,250000
058139,臻鼎元大99購01  ,0,0,0,0,0,0,0,0,0,250000,0,0,0,250000,0,250000,250000
057823,神達元大98購01  ,0,0,0,0,0,0,0,0,0,250000,0,0,0,250000,0,250000,250000
055456,上銀富邦99購01  ,0,0,0,0,0,0,0,0,0,250000,0,0,0,250000,0,250000,250000
061167,臻鼎兆豐9B購01  ,0,0,0,0,0,0,0,0,0,250000,0,0,0,250000,0,250000,250000
065775,神隆國泰03購01  ,0,0,0,0,0,0,0,0,0,250000,0,0,0,250000,0,250000,250000
066653,矽格康和01購01  ,0,0,0,0,0,0,0,0,0,250000,0,0,0,282000,32000,250000,250000
9944,新麗            ,794000,544000,250000,0,0,0,0,0,0,0,0,0,0,0,0,0,250000
1514,亞力            ,548000,298000,250000,0,0,0,0,0,0,0,0,0,0,0,0,0,250000
066624,燿華凱基01購02  ,0,0,0,0,0,0,0,0,0,249000,0,0,0,249000,0,249000,249000
066092,億豐永豐01購01  ,0,0,0,0,0,0,0,0,0,249000,0,0,0,411000,162000,249000,249000
058377,茂林凱基9A購03  ,0,0,0,0,0,0,0,0,0,248000,0,0,0,253000,5000,248000,248000
063377,泰鼎永豐9B購03  ,0,0,0,0,0,0,0,0,0,248000,0,0,0,287000,39000,248000,248000
065970,燿華元大02購01  ,0,0,0,0,0,0,0,0,0,248000,0,0,0,272000,24000,248000,248000
065610,牧德元大02購01  ,0,0,0,0,0,0,0,0,0,248000,0,0,0,269000,21000,248000,248000
067176,健策麥證02購02  ,0,0,0,250000,36000,214000,0,0,0,247000,0,0,0,283000,36000,247000,247000
064337,大毅元大01購02  ,0,0,0,0,0,0,0,0,0,247000,0,0,0,257000,10000,247000,247000
065258,華邦電元大01購01,0,0,0,0,0,0,0,0,0,247000,0,0,0,342000,95000,247000,247000
066036,神隆元大02購01  ,0,0,0,0,0,0,0,0,0,247000,0,0,0,247000,0,247000,247000
059123,訊芯永豐99購03  ,0,0,0,0,0,0,0,0,0,246000,0,0,0,274000,28000,246000,246000
061725,國巨麥證9A購05  ,0,0,0,246000,0,246000,0,0,0,246000,0,0,0,246000,0,246000,246000
063270,喬山兆豐9C購01  ,0,0,0,0,0,0,0,0,0,246000,0,0,0,246000,0,246000,246000
4943,康控-KY         ,491000,243000,248000,0,0,0,0,0,0,-2000,0,0,0,10000,12000,-2000,246000
061261,台積電凱基9B購03,0,0,0,0,0,0,0,0,0,245000,0,0,0,424000,179000,245000,245000
8404,百和興業-KY     ,364000,114000,250000,0,0,0,0,0,0,-5000,1000,6000,-5000,0,0,0,245000
2102,泰豐            ,980000,950000,30000,0,0,0,0,0,0,215000,0,0,0,215000,0,215000,245000
067277,樺漢統一03購01  ,0,0,0,0,0,0,0,0,0,244000,0,0,0,244000,0,244000,244000
058732,矽格永豐99購01  ,0,0,0,0,0,0,0,0,0,244000,0,0,0,450000,206000,244000,244000
062260,華新科元大9B購09,0,0,0,0,0,0,0,0,0,244000,0,0,0,275000,31000,244000,244000
062382,燿華國泰9C購01  ,0,0,0,0,0,0,0,0,0,244000,0,0,0,260000,16000,244000,244000
061178,晶技凱基9B購01  ,0,0,0,0,0,0,0,0,0,243000,0,0,0,298000,55000,243000,243000
066109,南電國票02購01  ,0,0,0,0,0,0,0,0,0,243000,0,0,0,291000,48000,243000,243000
066329,達欣工永豐01購01,0,0,0,0,0,0,0,0,0,243000,0,0,0,243000,0,243000,243000
064037,寶成元大9C購02  ,0,0,0,0,0,0,0,0,0,243000,0,0,0,378000,135000,243000,243000
064677,金像電兆豐9C購01,0,0,0,0,0,0,0,0,0,243000,0,0,0,613000,370000,243000,243000
2108,南帝            ,676000,561000,115000,0,0,0,0,0,0,128000,0,0,0,156000,28000,128000,243000
059364,昇陽半永豐99購02,0,0,0,0,0,0,0,0,0,242000,0,0,0,254000,12000,242000,242000
062450,臻鼎元大9B購02  ,0,0,0,0,0,0,0,0,0,242000,0,0,0,291000,49000,242000,242000
062608,智易凱基9B購01  ,0,0,0,0,0,0,0,0,0,242000,0,0,0,244000,2000,242000,242000
062185,禾伸堂元大9B購01,0,0,0,0,0,0,0,0,0,242000,0,0,0,345000,103000,242000,242000
064673,南茂元大9C購01  ,0,0,0,0,0,0,0,0,0,242000,0,0,0,326000,84000,242000,242000
08204P,台灣50中信01售04,0,0,0,0,0,0,0,0,0,242000,0,0,0,402000,160000,242000,242000
064600,技嘉元富9C購01  ,0,0,0,0,0,0,0,0,0,241000,0,0,0,264000,23000,241000,241000
067688,南六元大01購06  ,0,0,0,0,0,0,0,0,0,240000,0,0,0,371000,131000,240000,240000
059807,大立光元富99購09,0,0,0,0,0,0,0,0,0,240000,0,0,0,381000,141000,240000,240000
060738,矽格統一9C購01  ,0,0,0,0,0,0,0,0,0,240000,0,0,0,256000,16000,240000,240000
064042,國巨統一9C購12  ,0,0,0,0,0,0,0,0,0,240000,0,0,0,389000,149000,240000,240000
066824,旺宏群益02購01  ,10000,0,10000,0,0,0,0,0,0,230000,0,0,0,307000,77000,230000,240000
08389P,技嘉國票9C售01  ,0,0,0,0,0,0,0,0,0,240000,0,0,0,240000,0,240000,240000
9907,統一實          ,478000,238000,240000,0,0,0,0,0,0,0,0,0,0,0,0,0,240000
067541,華擎群益01購06  ,0,0,0,0,0,0,0,0,0,238000,0,0,0,277000,39000,238000,238000
060122,亞德客永豐99購02,0,0,0,0,0,0,0,0,0,238000,0,0,0,247000,9000,238000,238000
062413,台光電中信9B購02,0,0,0,0,0,0,0,0,0,238000,0,0,0,255000,17000,238000,238000
066078,南電凱基02購02  ,0,0,0,0,0,0,0,0,0,238000,0,0,0,292000,54000,238000,238000
067622,同欣電國泰02購01,0,0,0,0,0,0,0,0,0,237000,0,0,0,318000,81000,237000,237000
067915,宏碁永豐01購01  ,0,0,0,0,0,0,0,0,0,237000,0,0,0,317000,80000,237000,237000
061325,晶技凱基9A購03  ,0,0,0,0,0,0,0,0,0,237000,0,0,0,237000,0,237000,237000
058797,大毅元大99購03  ,0,0,0,0,0,0,0,0,0,237000,0,0,0,237000,0,237000,237000
063426,茂林凱基9B購03  ,0,0,0,0,0,0,0,0,0,237000,0,0,0,287000,50000,237000,237000
061633,統一元大9A購01  ,0,0,0,0,0,0,0,0,0,237000,0,0,0,458000,221000,237000,237000
066256,華通元大02購02  ,0,0,0,0,0,0,0,0,0,236000,0,0,0,386000,150000,236000,236000
065226,華通凱基01購01  ,0,0,0,0,0,0,0,0,0,236000,0,0,0,296000,60000,236000,236000
08258P,旺宏元大9C售04  ,0,0,0,0,0,0,0,0,0,236000,0,0,0,358000,122000,236000,236000
056232,瑞儀凱基98購01  ,0,0,0,0,0,0,0,0,0,235000,0,0,0,400000,165000,235000,235000
062804,玉晶光統一9C購04,0,0,0,0,0,0,0,0,0,235000,0,0,0,290000,55000,235000,235000
065089,大立光元大9C購23,0,0,0,0,0,0,0,0,0,235000,0,0,0,485000,250000,235000,235000
064678,嘉晶兆豐01購01  ,0,0,0,0,0,0,0,0,0,235000,0,0,0,240000,5000,235000,235000
067756,奇鋐國泰03購01  ,0,0,0,0,0,0,0,0,0,234000,0,0,0,325000,91000,234000,234000
068314,南電國票03購02  ,0,0,0,0,0,0,0,0,0,234000,0,0,0,318000,84000,234000,234000
057789,上銀統一9A購01  ,0,0,0,0,0,0,0,0,0,234000,0,0,0,328000,94000,234000,234000
067358,華擎群益01購05  ,0,0,0,0,0,0,0,0,0,233000,0,0,0,250000,17000,233000,233000
067097,為升群益01購01  ,0,0,0,0,0,0,0,0,0,233000,0,0,0,502000,269000,233000,233000
057369,奇力新元大99購05,0,0,0,0,0,0,0,0,0,233000,0,0,0,303000,70000,233000,233000
063680,寶成富邦9C購01  ,0,0,0,0,0,0,0,0,0,233000,0,0,0,381000,148000,233000,233000
03459B,臺股指元大9C熊38,0,0,0,0,0,0,0,0,0,232000,0,0,0,317000,85000,232000,232000
063131,聯茂元大9B購03  ,0,0,0,0,0,0,0,0,0,232000,0,0,0,232000,0,232000,232000
065950,正崴統一03購01  ,0,0,0,0,0,0,0,0,0,232000,0,0,0,262000,30000,232000,232000
066533,南茂元富01購01  ,0,0,0,0,0,0,0,0,0,232000,0,0,0,253000,21000,232000,232000
08348P,貿聯元大9C售01  ,0,0,0,0,0,0,0,0,0,232000,0,0,0,232000,0,232000,232000
067582,華通群益02購04  ,0,0,0,0,0,0,0,0,0,231000,0,0,0,297000,66000,231000,231000
064359,華通統一9C購05  ,0,0,0,0,0,0,0,0,0,231000,0,0,0,236000,5000,231000,231000
08773P,瑞昱凱基01售01  ,0,0,0,0,0,0,0,0,0,231000,0,0,0,638000,407000,231000,231000
07652P,臺股指中信9A售07,0,0,0,0,0,0,0,0,0,230000,0,0,0,260000,30000,230000,230000
07948P,大成鋼凱基9B售01,0,0,0,0,0,0,0,0,0,230000,0,0,0,260000,30000,230000,230000
059765,嘉聯益永豐99購02,0,0,0,0,0,0,0,0,0,230000,0,0,0,262000,32000,230000,230000
059113,群光永豐99購01  ,0,0,0,0,0,0,0,0,0,230000,0,0,0,240000,10000,230000,230000
063766,南茂元富9B購01  ,0,0,0,0,0,0,0,0,0,230000,0,0,0,240000,10000,230000,230000
066072,華新科凱基01購03,0,0,0,0,0,0,0,0,0,230000,0,0,0,245000,15000,230000,230000
064015,立積國票01購01  ,0,0,0,0,0,0,0,0,0,230000,0,0,0,240000,10000,230000,230000
068187,南電群益01購02  ,0,0,0,0,0,0,0,0,0,229000,0,0,0,410000,181000,229000,229000
061123,燿華永豐9A購01  ,0,0,0,0,0,0,0,0,0,229000,0,0,0,236000,7000,229000,229000
8213,志超            ,462000,216000,246000,0,0,0,0,0,0,-17000,0,17000,-17000,0,0,0,229000
067313,欣興元大03購01  ,0,0,0,0,0,0,0,0,0,228000,0,0,0,411000,183000,228000,228000
9802,鈺齊-KY         ,358000,108000,250000,0,0,0,0,0,0,-22000,0,12000,-12000,23000,33000,-10000,228000
067992,宏碁元大01購01  ,0,0,0,0,0,0,0,0,0,227000,0,0,0,607000,380000,227000,227000
068564,燿華元大01購04  ,0,0,0,0,0,0,0,0,0,227000,0,0,0,231000,4000,227000,227000
0061,元大寶滬深      ,44000,37000,7000,0,0,0,0,0,0,220000,60000,90000,-30000,280000,30000,250000,227000
064020,華通元大01購01  ,0,0,0,0,0,0,0,0,0,227000,0,0,0,360000,133000,227000,227000
064033,茂林元大9C購02  ,0,0,0,0,0,0,0,0,0,227000,0,0,0,455000,228000,227000,227000
065965,國巨元大01購05  ,0,0,0,0,0,0,0,0,0,227000,0,0,0,253000,26000,227000,227000
065857,嘉聯益元大9C購03,0,0,0,0,0,0,0,0,0,227000,0,0,0,242000,15000,227000,227000
066340,敦泰永豐01購01  ,0,0,0,0,0,0,0,0,0,227000,0,0,0,240000,13000,227000,227000
068543,帆宣國票03購02  ,0,0,0,0,0,0,0,0,0,226000,0,0,0,271000,45000,226000,226000
063737,大立光元大9C購07,0,0,0,0,0,0,0,0,0,226000,0,0,0,286000,60000,226000,226000
1476,儒鴻            ,560624,346000,214624,0,0,0,101000,0,101000,-90000,57000,55000,2000,3000,95000,-92000,225624
068573,矽格元大01購06  ,0,0,0,0,0,0,0,0,0,225000,0,0,0,344000,119000,225000,225000
055036,中工富邦9B購01  ,0,0,0,0,0,0,0,0,0,225000,0,0,0,305000,80000,225000,225000
060636,大毅永豐9A購02  ,0,0,0,0,0,0,0,0,0,225000,0,0,0,225000,0,225000,225000
064369,彩晶統一01購01  ,0,0,0,0,0,0,0,0,0,225000,0,0,0,263000,38000,225000,225000
064503,日電貿元大9C購01,0,0,0,0,0,0,0,0,0,225000,0,0,0,225000,0,225000,225000
065747,華通元大9C購07  ,0,0,0,0,0,0,0,0,0,225000,0,0,0,511000,286000,225000,225000
064788,台汽電群益9C購01,0,0,0,0,0,0,0,0,0,225000,0,0,0,225000,0,225000,225000
065572,泰碩群益01購01  ,0,0,0,0,0,0,0,0,0,225000,0,0,0,230000,5000,225000,225000
068331,欣興元大01購09  ,0,0,0,0,0,0,0,0,0,223000,0,0,0,244000,21000,223000,223000
067300,金像電元大02購02,0,0,0,0,0,0,0,0,0,223000,0,0,0,430000,207000,223000,223000
065004,瑞昱國票01購02  ,0,0,0,0,0,0,0,0,0,223000,0,0,0,223000,0,223000,223000
067890,華新科群益01購06,0,0,0,0,0,0,0,0,0,222000,0,0,0,280000,58000,222000,222000
064816,訊芯元大9C購01  ,0,0,0,0,0,0,0,0,0,222000,0,0,0,275000,53000,222000,222000
064074,南茂永豐9C購01  ,0,0,0,0,0,0,0,0,0,222000,0,0,0,222000,0,222000,222000
067668,金像電元大01購02,0,0,0,0,0,0,0,0,0,221000,0,0,0,288000,67000,221000,221000
06977P,臺股指元大9A售15,0,0,0,0,0,0,0,0,0,221000,0,0,0,251000,30000,221000,221000
064273,華邦電元大9C購02,0,0,0,0,0,0,0,0,0,221000,0,0,0,367000,146000,221000,221000
063992,大立光中信9C購03,0,0,0,0,0,0,0,0,0,221000,0,0,0,546000,325000,221000,221000
062661,華通群益9B購05  ,0,0,0,0,0,0,0,0,0,220000,0,0,0,220000,0,220000,220000
062888,漢唐群益9B購01  ,0,0,0,0,0,0,0,0,0,220000,0,0,0,221000,1000,220000,220000
063783,儒鴻中信9C購01  ,0,0,0,0,0,0,0,0,0,220000,0,0,0,330000,110000,220000,220000
065481,臻鼎元大9C購04  ,0,0,0,0,0,0,0,0,0,220000,0,0,0,295000,75000,220000,220000
065683,嘉聯益統一03購01,0,0,0,0,0,0,0,0,0,220000,0,0,0,253000,33000,220000,220000
066172,日電貿凱基01購01,0,0,0,0,0,0,0,0,0,220000,0,0,0,220000,0,220000,220000
3034,聯詠            ,2640990,3914000,-1273010,0,0,0,1287000,0,1287000,206000,244000,152000,92000,133000,19000,114000,219990
068231,聯詠元富07購04  ,0,0,0,0,0,0,0,0,0,219000,0,0,0,362000,143000,219000,219000
068077,晶技凱基02購01  ,0,0,0,0,0,0,0,0,0,219000,0,0,0,320000,101000,219000,219000
067375,大立光統一03購03,0,0,0,0,0,0,0,0,0,219000,0,0,0,246000,27000,219000,219000
061170,南茂兆豐9B購01  ,0,0,0,0,0,0,0,0,0,219000,0,0,0,330000,111000,219000,219000
060817,華邦電台新9A購01,0,0,0,0,0,0,0,0,0,219000,0,0,0,371000,152000,219000,219000
068613,帆宣凱基01購02  ,0,0,0,0,0,0,0,0,0,218000,0,0,0,222000,4000,218000,218000
07163P,臺股指群益99售14,0,0,0,0,0,0,0,0,0,218000,0,0,0,218000,0,218000,218000
056904,大立光元大99購05,0,0,0,0,0,0,0,0,0,218000,0,0,0,400000,182000,218000,218000
063277,大成鋼元大9B購03,0,0,0,0,0,0,0,0,0,218000,0,0,0,318000,100000,218000,218000
066838,致新群益02購02  ,0,0,0,0,0,0,0,0,0,218000,0,0,0,218000,0,218000,218000
060162,碩天永豐9A購01  ,0,0,0,0,0,0,0,0,0,217000,0,0,0,219000,2000,217000,217000
058410,國巨兆豐99購03  ,0,0,0,0,0,0,0,0,0,217000,0,0,0,346000,129000,217000,217000
060918,康友國泰9C購01  ,0,0,0,0,0,0,0,0,0,217000,0,0,0,935000,718000,217000,217000
061047,大立光第一9A購01,0,0,0,0,0,0,0,0,0,217000,0,0,0,244000,27000,217000,217000
066077,健策凱基01購01  ,0,0,0,0,0,0,0,0,0,217000,0,0,0,235000,18000,217000,217000
065990,華擎永豐01購01  ,0,0,0,0,0,0,0,0,0,217000,0,0,0,217000,0,217000,217000
2485,兆赫            ,434000,244000,190000,0,0,0,0,0,0,27000,65000,38000,27000,0,0,0,217000
058963,華新科兆豐99購05,0,0,0,0,0,0,0,0,0,216000,0,0,0,226000,10000,216000,216000
060650,奇力新中信9A購01,0,0,0,0,0,0,0,0,0,216000,0,0,0,347000,131000,216000,216000
064446,聚陽統一02購02  ,0,0,0,0,0,0,0,0,0,216000,0,0,0,280000,64000,216000,216000
065958,T50反1元大01購01,0,0,0,0,0,0,0,0,0,216000,0,0,0,246000,30000,216000,216000
065621,聯發科第一9C購01,0,0,0,0,0,0,0,0,0,216000,0,0,0,216000,0,216000,216000
065081,金像電元大9C購05,0,0,0,0,0,0,0,0,0,216000,0,0,0,232000,16000,216000,216000
064024,漢唐元大9C購01  ,0,0,0,0,0,0,0,0,0,216000,0,0,0,275000,59000,216000,216000
08184P,可成永豐9B售03  ,0,0,0,0,0,0,0,0,0,216000,0,0,0,216000,0,216000,216000
067111,聯詠群益01購03  ,0,0,0,0,0,0,0,0,0,215000,0,0,0,977000,762000,215000,215000
059532,華新科凱基9B購03,0,0,0,0,0,0,0,0,0,215000,0,0,0,283000,68000,215000,215000
057385,光罩永豐99購01  ,0,0,0,0,0,0,0,0,0,215000,0,0,0,680000,465000,215000,215000
063075,祥碩永豐9B購04  ,0,0,0,0,0,0,0,0,0,215000,0,0,0,389000,174000,215000,215000
060878,奇力新中信9C購01,0,0,0,0,0,0,0,0,0,215000,0,0,0,315000,100000,215000,215000
063673,GIS統一9C購02   ,0,0,0,0,0,0,0,0,0,215000,0,0,0,324000,109000,215000,215000
08824P,微星元大01售03  ,0,0,0,0,0,0,0,0,0,215000,0,0,0,215000,0,215000,215000
2457,飛宏            ,436000,221000,215000,0,0,0,0,0,0,0,0,0,0,0,0,0,215000
067339,欣興凱基02購01  ,0,0,0,0,0,0,0,0,0,214000,0,0,0,267000,53000,214000,214000
067259,聯茂國票02購01  ,0,0,0,0,0,0,0,0,0,214000,0,0,0,274000,60000,214000,214000
067852,大毅國票02購01  ,0,0,0,0,0,0,0,0,0,214000,0,0,0,217000,3000,214000,214000
058472,亞德客凱基9A購01,0,0,0,0,0,0,0,0,0,214000,0,0,0,215000,1000,214000,214000
061352,茂林元大9A購04  ,0,0,0,0,0,0,0,0,0,214000,0,0,0,283000,69000,214000,214000
065957,華擎統一03購02  ,0,0,0,0,0,0,0,0,0,214000,0,0,0,214000,0,214000,214000
067953,京元電永豐01購02,0,0,0,0,0,0,0,0,0,213000,0,0,0,271000,58000,213000,213000
067276,義隆統一03購01  ,0,0,0,0,0,0,0,0,0,213000,0,0,0,329000,116000,213000,213000
059636,宏達電凱基99購05,0,0,0,0,0,0,0,0,0,213000,0,0,0,370000,157000,213000,213000
063757,鴻海統一9C購16  ,0,0,0,0,0,0,0,0,0,213000,0,0,0,224000,11000,213000,213000
067052,帆宣凱基02購01  ,0,0,0,0,0,0,0,0,0,212000,0,0,0,217000,5000,212000,212000
056667,上銀國票99購01  ,0,0,0,0,0,0,0,0,0,212000,0,0,0,236000,24000,212000,212000
00770,國泰北美科技    ,0,0,0,0,0,0,0,0,0,212000,0,0,0,381000,169000,212000,212000
062052,華通統一01購01  ,0,0,0,0,0,0,0,0,0,212000,0,0,0,268000,56000,212000,212000
064352,嘉聯益元大9C購01,0,0,0,0,0,0,0,0,0,212000,0,0,0,229000,17000,212000,212000
063806,瀚宇博兆豐01購01,0,0,0,0,0,0,0,0,0,212000,0,0,0,244000,32000,212000,212000
065288,華新科群益02購02,0,0,0,0,0,0,0,0,0,212000,0,0,0,318000,106000,212000,212000
058768,南港兆豐99購01  ,0,0,0,0,0,0,0,0,0,211000,0,0,0,252000,41000,211000,211000
060792,信錦永豐9A購01  ,0,0,0,0,0,0,0,0,0,211000,0,0,0,216000,5000,211000,211000
6120,達運            ,324000,113000,211000,0,0,0,0,0,0,0,0,0,0,0,0,0,211000
4414,如興            ,4351000,4140000,211000,0,0,0,0,0,0,0,0,0,0,0,0,0,211000
067758,儒鴻永豐01購01  ,0,0,0,0,0,0,0,0,0,210000,0,0,0,210000,0,210000,210000
06994P,台光電凱基99售02,0,0,0,0,0,0,0,0,0,210000,0,0,0,210000,0,210000,210000
054633,臺股指凱基9A購02,0,0,0,0,0,0,0,0,0,210000,0,0,0,210000,0,210000,210000
053361,友達元富99購01  ,0,0,0,0,0,0,0,0,0,210000,0,0,0,215000,5000,210000,210000
060769,國巨麥證9A購02  ,0,0,0,217000,0,217000,0,0,0,210000,0,0,0,217000,7000,210000,210000
061838,華新科凱基05購03,0,0,0,0,0,0,0,0,0,210000,0,0,0,211000,1000,210000,210000
065219,緯穎國泰01購01  ,0,0,0,0,0,0,0,0,0,210000,0,0,0,307000,97000,210000,210000
065675,茂林凱基03購01  ,0,0,0,0,0,0,0,0,0,210000,0,0,0,280000,70000,210000,210000
065735,矽格凱基01購02  ,0,0,0,0,0,0,0,0,0,210000,0,0,0,212000,2000,210000,210000
066407,昇陽半凱基01購01,0,0,0,0,0,0,0,0,0,210000,0,0,0,212000,2000,210000,210000
1762,中化生          ,457000,249000,208000,0,0,0,0,0,0,2000,0,0,0,2000,0,2000,210000
062932,滬深2X凱基01購01,0,0,0,0,0,0,0,0,0,209000,0,0,0,430000,221000,209000,209000
066286,瑞祺元大01購01  ,0,0,0,0,0,0,0,0,0,209000,0,0,0,209000,0,209000,209000
065169,華邦電元大9C購03,0,0,0,0,0,0,0,0,0,209000,0,0,0,544000,335000,209000,209000
064853,亞德客麥證9C購01,0,0,0,209000,0,209000,0,0,0,209000,0,0,0,209000,0,209000,209000
058078,景碩國票99購01  ,0,0,0,0,0,0,0,0,0,208000,0,0,0,209000,1000,208000,208000
062060,奇鋐統一9C購01  ,0,0,0,0,0,0,0,0,0,208000,0,0,0,213000,5000,208000,208000
062561,瀚宇博凱基9B購01,0,0,0,0,0,0,0,0,0,208000,0,0,0,318000,110000,208000,208000
065680,聯發科統一9C購16,0,0,0,0,0,0,0,0,0,208000,0,0,0,208000,0,208000,208000
08754P,臺股指群益01售04,0,0,0,0,0,0,0,0,0,208000,0,0,0,208000,0,208000,208000
068221,聯發科統一05購01,0,0,0,0,0,0,0,0,0,207000,0,0,0,319000,112000,207000,207000
068326,技嘉元大01購04  ,0,0,0,0,0,0,0,0,0,207000,0,0,0,356000,149000,207000,207000
067827,富邦金兆豐03購01,0,0,0,0,0,0,0,0,0,207000,0,0,0,484000,277000,207000,207000
064451,技嘉統一01購02  ,0,0,0,0,0,0,0,0,0,207000,0,0,0,240000,33000,207000,207000
063858,鴻海國泰02購01  ,0,0,0,0,0,0,0,0,0,207000,0,0,0,228000,21000,207000,207000
068671,台積電統一04購02,0,0,0,0,0,0,0,0,0,206000,0,0,0,206000,0,206000,206000
064087,華新科凱基9C購03,0,0,0,0,0,0,0,0,0,206000,0,0,0,274000,68000,206000,206000
065609,嘉澤元大01購02  ,0,0,0,0,0,0,0,0,0,206000,0,0,0,428000,222000,206000,206000
2834,臺企銀          ,4103127,3917000,186127,0,0,0,0,7000,-7000,26000,33000,59000,-26000,54000,2000,52000,205127
068727,全新元大02購02  ,0,0,0,0,0,0,0,0,0,205000,0,0,0,205000,0,205000,205000
057445,華通元富02購01  ,0,0,0,0,0,0,0,0,0,205000,0,0,0,616000,411000,205000,205000
064292,南茂元大01購01  ,0,0,0,0,0,0,0,0,0,205000,0,0,0,230000,25000,205000,205000
061019,大毅國票9A購01  ,0,0,0,0,0,0,0,0,0,205000,0,0,0,208000,3000,205000,205000
066051,景碩元大01購01  ,1000,2000,-1000,0,0,0,0,0,0,206000,0,0,0,465000,259000,206000,205000
066412,神隆元大01購01  ,0,0,0,0,0,0,0,0,0,205000,0,0,0,205000,0,205000,205000
6176,瑞儀            ,1692000,2105000,-413000,0,0,0,387000,1000,386000,232000,212000,13000,199000,41000,8000,33000,205000
2354,鴻準            ,749474,752000,-2526,0,0,0,153000,0,153000,54000,46000,0,46000,8000,0,8000,204474
068321,國巨元大01購18  ,0,0,0,0,0,0,0,0,0,204000,0,0,0,206000,2000,204000,204000
07890P,南電國票9B售01  ,0,0,0,0,0,0,0,0,0,204000,0,0,0,990000,786000,204000,204000
067652,義隆元富01購01  ,0,0,0,0,0,0,0,0,0,204000,0,0,0,288000,84000,204000,204000
064343,健鼎元大9C購01  ,0,0,0,0,0,0,0,0,0,204000,0,0,0,235000,31000,204000,204000
065259,燿華元大9C購05  ,0,0,0,0,0,0,0,0,0,204000,0,0,0,230000,26000,204000,204000
064927,瀚宇博統一02購01,0,0,0,0,0,0,0,0,0,204000,0,0,0,260000,56000,204000,204000
067194,惠特凱基01購03  ,0,0,0,0,0,0,0,0,0,203000,0,0,0,208000,5000,203000,203000
064145,宏碁統一02購01  ,0,0,0,0,0,0,0,0,0,203000,0,0,0,256000,53000,203000,203000
061577,泰碩元大9A購03  ,0,0,0,0,0,0,0,0,0,203000,0,0,0,203000,0,203000,203000
066518,惠特永豐01購02  ,0,0,0,0,0,0,0,0,0,203000,0,0,0,203000,0,203000,203000
066032,矽格群益01購01  ,0,0,0,0,0,0,0,0,0,203000,0,0,0,259000,56000,203000,203000
067115,京鼎群益02購05  ,0,0,0,0,0,0,0,0,0,202000,0,0,0,322000,120000,202000,202000
067964,燿華群益02購02  ,0,0,0,0,0,0,0,0,0,202000,0,0,0,202000,0,202000,202000
068417,宏碁兆豐03購01  ,0,0,0,0,0,0,0,0,0,202000,0,0,0,286000,84000,202000,202000
058520,智易元大99購03  ,0,0,0,0,0,0,0,0,0,202000,0,0,0,207000,5000,202000,202000
060801,滬深2X中信01購01,0,0,0,0,0,0,0,0,0,202000,0,0,0,202000,0,202000,202000
062979,茂林元富9B購01  ,0,0,0,0,0,0,0,0,0,202000,0,0,0,486000,284000,202000,202000
066514,盟立永豐01購01  ,0,0,0,0,0,0,0,0,0,202000,0,0,0,212000,10000,202000,202000
064569,群創群益9C購01  ,0,0,0,0,0,0,0,0,0,202000,0,0,0,346000,144000,202000,202000
067609,智易凱基01購01  ,0,0,0,0,0,0,0,0,0,201000,0,0,0,205000,4000,201000,201000
067738,技嘉元大01購02  ,0,0,0,0,0,0,0,0,0,201000,0,0,0,296000,95000,201000,201000
057696,聯電群益9A購01  ,0,0,0,0,0,0,0,0,0,201000,0,0,0,201000,0,201000,201000
057141,嘉聯益兆豐99購01,0,0,0,0,0,0,0,0,0,201000,0,0,0,201000,0,201000,201000
066242,惠特富邦03購01  ,0,0,0,0,0,0,0,0,0,201000,0,0,0,201000,0,201000,201000
08866P,旭富元大01售01  ,0,0,0,0,0,0,0,0,0,201000,0,0,0,301000,100000,201000,201000
068018,玉晶光國票02購05,0,0,0,0,0,0,0,0,0,200000,0,0,0,400000,200000,200000,200000
067152,義隆統一02購03  ,0,0,0,0,0,0,0,0,0,200000,0,0,0,200000,0,200000,200000
067490,嘉澤元大01購04  ,0,0,0,0,0,0,0,0,0,200000,0,0,0,579000,379000,200000,200000
07905P,大立光群益9B售04,0,0,0,0,0,0,0,0,0,200000,0,0,0,200000,0,200000,200000
07972P,大立光統一9C售05,0,0,0,0,0,0,0,0,0,200000,0,0,0,200000,0,200000,200000
06934P,聯鈞元大98售03  ,0,0,0,0,0,0,0,0,0,200000,0,0,0,200000,0,200000,200000
061357,寶成元大9A購01  ,0,0,0,0,0,0,0,0,0,200000,0,0,0,321000,121000,200000,200000
063567,漢唐元大9B購03  ,0,0,0,0,0,0,0,0,0,200000,0,0,0,360000,160000,200000,200000
057881,SP黃豆群益9A購01,0,0,0,0,0,0,0,0,0,200000,0,0,0,200000,0,200000,200000
059426,鴻海元大99購31  ,0,0,0,0,0,0,0,0,0,200000,0,0,0,200000,0,200000,200000
059236,鴻海凱基99購09  ,0,0,0,0,0,0,0,0,0,200000,0,0,0,210000,10000,200000,200000
062941,大立光凱基9B購07,0,0,0,0,0,0,0,0,0,200000,0,0,0,277000,77000,200000,200000
062600,可成台新9B購01  ,0,0,0,0,0,0,0,0,0,200000,0,0,0,200000,0,200000,200000
06241P,大立光元富9A售01,0,0,0,0,0,0,0,0,0,200000,0,0,0,200000,0,200000,200000
063102,旺宏群益9B購03  ,0,0,0,0,0,0,0,0,0,200000,0,0,0,200000,0,200000,200000
061549,泰碩群益9A購01  ,0,0,0,0,0,0,0,0,0,200000,0,0,0,200000,0,200000,200000
061770,泰碩元大9B購02  ,0,0,0,0,0,0,0,0,0,200000,0,0,0,200000,0,200000,200000
066144,惠特群益01購02  ,0,0,0,0,0,0,0,0,0,200000,0,0,0,220000,20000,200000,200000
066491,麗豐元富01購01  ,0,0,0,0,0,0,0,0,0,200000,0,0,0,200000,0,200000,200000
064900,景碩群益01購01  ,0,0,0,0,0,0,0,0,0,200000,0,0,0,220000,20000,200000,200000
065237,茂林凱基01購01  ,0,0,0,0,0,0,0,0,0,200000,0,0,0,278000,78000,200000,200000
08756P,台灣50元大01售18,0,0,0,0,0,0,0,0,0,200000,0,0,0,200000,0,200000,200000
08300P,世芯國票01售01  ,0,0,0,0,0,0,0,0,0,200000,0,0,0,200000,0,200000,200000
067805,宏碁凱基01購02  ,0,0,0,0,0,0,0,0,0,199000,0,0,0,229000,30000,199000,199000
059509,奇力新永豐99購02,0,0,0,0,0,0,0,0,0,199000,0,0,0,209000,10000,199000,199000
058464,矽創兆豐9A購01  ,0,0,0,0,0,0,0,0,0,199000,0,0,0,568000,369000,199000,199000
056522,T50反1中信9B購01,0,0,0,0,0,0,0,0,0,199000,0,0,0,199000,0,199000,199000
061675,華新科元大9A購23,0,0,0,0,0,0,0,0,0,199000,0,0,0,200000,1000,199000,199000
062351,瑞祺群益9C購01  ,0,0,0,0,0,0,0,0,0,199000,0,0,0,199000,0,199000,199000
066322,群光永豐01購01  ,0,0,0,0,0,0,0,0,0,199000,0,0,0,208000,9000,199000,199000
066660,群光凱基01購01  ,0,0,0,0,0,0,0,0,0,199000,0,0,0,368000,169000,199000,199000
065982,T50反1國泰02購01,0,0,0,0,0,0,0,0,0,199000,0,0,0,200000,1000,199000,199000
3704,合勤控          ,654000,490000,164000,0,0,0,0,0,0,35000,0,0,0,35000,0,35000,199000
055205,京鼎中信99購01  ,0,0,0,0,0,0,0,0,0,198000,0,0,0,528000,330000,198000,198000
00631L,元大台灣50正2   ,252000,13000,239000,0,0,0,0,0,0,-41000,50000,16000,34000,1853000,1928000,-75000,198000
063633,金像電元大9B購05,0,0,0,0,0,0,0,0,0,198000,0,0,0,218000,20000,198000,198000
064768,仁寶中信03購01  ,0,0,0,0,0,0,0,0,0,198000,0,0,0,226000,28000,198000,198000
2369,菱生            ,446000,248000,198000,0,0,0,0,0,0,0,0,0,0,0,0,0,198000
067593,亞德客凱基01購01,0,0,0,0,0,0,0,0,0,197000,0,0,0,231000,34000,197000,197000
068545,帆宣康和01購01  ,0,0,0,0,0,0,0,0,0,197000,0,0,0,197000,0,197000,197000
063736,大立光元大9B購08,0,0,0,0,0,0,0,0,0,197000,0,0,0,253000,56000,197000,197000
065484,康友元大9C購01  ,0,0,0,0,0,0,0,0,0,197000,0,0,0,290000,93000,197000,197000
066080,台光電國泰03購01,0,0,0,0,0,0,0,0,0,197000,0,0,0,210000,13000,197000,197000
058552,欣興永豐99購01  ,0,0,0,0,0,0,0,0,0,196000,0,0,0,196000,0,196000,196000
063910,漢唐凱基9C購01  ,0,0,0,0,0,0,0,0,0,196000,0,0,0,196000,0,196000,196000
07836P,大成鋼元大9A售01,0,0,0,0,0,0,0,0,0,195000,0,0,0,450000,255000,195000,195000
063382,南茂永豐9B購01  ,0,0,0,0,0,0,0,0,0,195000,0,0,0,195000,0,195000,195000
061598,南電永豐9A購04  ,0,0,0,0,0,0,0,0,0,195000,0,0,0,195000,0,195000,195000
066402,泰鼎凱基01購02  ,0,0,0,0,0,0,0,0,0,195000,0,0,0,549000,354000,195000,195000
067160,燿華國票03購01  ,0,0,0,0,0,0,0,0,0,194000,0,0,0,199000,5000,194000,194000
067081,華擎元大01購05  ,0,0,0,0,0,0,0,0,0,194000,0,0,0,306000,112000,194000,194000
065040,燿華凱基9C購01  ,0,0,0,0,0,0,0,0,0,194000,0,0,0,201000,7000,194000,194000
060251,易華電元大9C購01,0,0,0,0,0,0,0,0,0,193000,0,0,0,200000,7000,193000,193000
056911,緯穎元大99購01  ,0,0,0,0,0,0,0,0,0,193000,0,0,0,193000,0,193000,193000
058769,友達兆豐99購01  ,0,0,0,0,0,0,0,0,0,193000,0,0,0,244000,51000,193000,193000
063506,嘉晶群益9B購01  ,0,0,0,0,0,0,0,0,0,193000,0,0,0,250000,57000,193000,193000
065364,國巨元大9C購18  ,0,0,0,0,0,0,0,0,0,193000,0,0,0,250000,57000,193000,193000
063885,南六元富9C購01  ,0,0,0,0,0,0,0,0,0,193000,0,0,0,193000,0,193000,193000
067414,嘉澤康和01購01  ,0,0,0,0,0,0,0,0,0,192000,0,0,0,211000,19000,192000,192000
062783,大立光元大9C購03,0,0,0,0,0,0,0,0,0,192000,0,0,0,200000,8000,192000,192000
061717,力成凱基9B購01  ,0,0,0,0,0,0,0,0,0,192000,0,0,0,193000,1000,192000,192000
065274,南茂元大9C購03  ,0,0,0,0,0,0,0,0,0,192000,0,0,0,236000,44000,192000,192000
066753,聯鈞國泰03購01  ,0,0,0,0,0,0,0,0,0,192000,0,0,0,212000,20000,192000,192000
067397,欣興永豐01購03  ,0,0,0,0,0,0,0,0,0,191000,0,0,0,307000,116000,191000,191000
054808,東元元大9A購01  ,0,0,0,0,0,0,0,0,0,191000,0,0,0,193000,2000,191000,191000
063574,茂林元大9B購07  ,0,0,0,0,0,0,0,0,0,191000,0,0,0,203000,12000,191000,191000
063602,金像電凱基9B購04,0,0,0,0,0,0,0,0,0,191000,0,0,0,194000,3000,191000,191000
063285,華擎元大9B購03  ,0,0,0,0,0,0,0,0,0,191000,0,0,0,236000,45000,191000,191000
063618,智邦兆豐9C購01  ,0,0,0,0,0,0,0,0,0,191000,0,0,0,221000,30000,191000,191000
063136,智邦統一9B購02  ,0,0,0,0,0,0,0,0,0,191000,0,0,0,277000,86000,191000,191000
065385,億豐元大03購01  ,0,0,0,0,0,0,0,0,0,191000,0,0,0,245000,54000,191000,191000
067037,美利達康和01購02,0,0,0,0,0,0,0,0,0,190000,0,0,0,210000,20000,190000,190000
067669,金像電元大02購03,0,0,0,0,0,0,0,0,0,190000,0,0,0,288000,98000,190000,190000
063110,牧德兆豐9B購01  ,0,0,0,0,0,0,0,0,0,190000,0,0,0,190000,0,190000,190000
064144,智邦統一01購02  ,0,0,0,0,0,0,0,0,0,190000,0,0,0,268000,78000,190000,190000
064556,華通群益02購02  ,0,0,0,0,0,0,0,0,0,190000,0,0,0,312000,122000,190000,190000
066785,台光電麥證01購01,0,0,0,201000,11000,190000,0,0,0,190000,0,0,0,201000,11000,190000,190000
066409,勤誠凱基01購01  ,0,0,0,0,0,0,0,0,0,190000,0,0,0,200000,10000,190000,190000
066026,泰碩群益03購01  ,0,0,0,0,0,0,0,0,0,190000,0,0,0,198000,8000,190000,190000
065670,華新科凱基01購02,0,0,0,0,0,0,0,0,0,190000,0,0,0,190000,0,190000,190000
065722,緯創兆豐9C購02  ,0,0,0,0,0,0,0,0,0,190000,0,0,0,222000,32000,190000,190000
065917,全新凱基02購01  ,0,0,0,0,0,0,0,0,0,190000,0,0,0,196000,6000,190000,190000
08799P,台積電元大01售19,0,0,0,0,0,0,0,0,0,190000,0,0,0,190000,0,190000,190000
067262,嘉基國票02購01  ,0,0,0,0,0,0,0,0,0,189000,0,0,0,189000,0,189000,189000
068788,台積電凱基02購15,0,0,0,0,0,0,0,0,0,189000,0,0,0,200000,11000,189000,189000
064233,燿華統一9C購02  ,0,0,0,0,0,0,0,0,0,189000,0,0,0,197000,8000,189000,189000
063761,嘉澤統一02購01  ,0,0,0,0,0,0,0,0,0,189000,0,0,0,225000,36000,189000,189000
062363,燿華元大9B購03  ,0,0,0,0,0,0,0,0,0,189000,0,0,0,201000,12000,189000,189000
065733,茂林凱基9C購03  ,0,0,0,0,0,0,0,0,0,189000,0,0,0,298000,109000,189000,189000
064864,金像電永豐01購01,0,0,0,0,0,0,0,0,0,189000,0,0,0,209000,20000,189000,189000
2601,益航            ,325000,136000,189000,0,0,0,0,0,0,0,0,0,0,0,0,0,189000
067070,友訊元大01購04  ,0,0,0,0,0,0,0,0,0,188000,0,0,0,256000,68000,188000,188000
057041,國巨元大99購04  ,0,0,0,0,0,0,0,0,0,188000,0,0,0,335000,147000,188000,188000
065346,台光電統一02購01,0,0,0,0,0,0,0,0,0,188000,0,0,0,206000,18000,188000,188000
067044,華碩凱基02購01  ,0,0,0,0,0,0,0,0,0,187000,0,0,0,335000,148000,187000,187000
067916,敬鵬永豐01購01  ,0,0,0,0,0,0,0,0,0,187000,0,0,0,187000,0,187000,187000
061546,大立光群益9A購05,0,0,0,0,0,0,0,0,0,187000,0,0,0,197000,10000,187000,187000
064763,祥碩凱基02購01  ,0,0,0,0,0,0,0,0,0,187000,0,0,0,704000,517000,187000,187000
065762,台表科元大9C購13,0,0,0,0,0,0,0,0,0,187000,0,0,0,337000,150000,187000,187000
067188,日電貿凱基01購02,0,0,0,0,0,0,0,0,0,186000,0,0,0,186000,0,186000,186000
08066P,南亞科凱基9B售04,0,0,0,0,0,0,0,0,0,186000,0,0,0,351000,165000,186000,186000
03214P,技嘉群益02售02  ,0,0,0,0,0,0,0,0,0,186000,0,0,0,264000,78000,186000,186000
066423,智原元大01購02  ,0,0,0,0,0,0,0,0,0,186000,0,0,0,267000,81000,186000,186000
061181,牧德凱基9A購01  ,0,0,0,0,0,0,0,0,0,185000,0,0,0,235000,50000,185000,185000
061637,華新科元大9A購22,0,0,0,0,0,0,0,0,0,185000,0,0,0,185000,0,185000,185000
062036,致新群益9B購01  ,0,0,0,0,0,0,0,0,0,185000,0,0,0,218000,33000,185000,185000
063653,儒鴻元富9B購01  ,0,0,0,0,0,0,0,0,0,185000,0,0,0,197000,12000,185000,185000
065810,台表科群益9C購05,0,0,0,0,0,0,0,0,0,185000,0,0,0,185000,0,185000,185000
065110,嘉澤國票01購01  ,0,0,0,0,0,0,0,0,0,185000,0,0,0,198000,13000,185000,185000
068905,巨大元大03購01  ,0,0,0,0,0,0,0,0,0,184000,0,0,0,200000,16000,184000,184000
068296,緯穎康和01購01  ,0,0,0,0,0,0,0,0,0,184000,0,0,0,206000,22000,184000,184000
068016,宏碁國票02購01  ,0,0,0,0,0,0,0,0,0,184000,0,0,0,560000,376000,184000,184000
050077,臺股指凱基99購02,0,0,0,0,0,0,0,0,0,184000,0,0,0,339000,155000,184000,184000
054468,台郡凱基98購01  ,0,0,0,0,0,0,0,0,0,184000,0,0,0,184000,0,184000,184000
063341,燿華統一9C購01  ,0,0,0,0,0,0,0,0,0,184000,0,0,0,184000,0,184000,184000
063449,全新統一9B購02  ,0,0,0,0,0,0,0,0,0,184000,0,0,0,207000,23000,184000,184000
064220,力山國票01購01  ,0,0,0,0,0,0,0,0,0,184000,0,0,0,226000,42000,184000,184000
066778,緯穎富邦03購01  ,0,0,0,0,0,0,0,0,0,184000,0,0,0,184000,0,184000,184000
067118,上緯控群益01購01,0,0,0,0,0,0,0,0,0,183000,0,0,0,270000,87000,183000,183000
061983,華新科元大9B購04,0,0,0,0,0,0,0,0,0,183000,0,0,0,183000,0,183000,183000
063667,全新統一01購02  ,0,0,0,0,0,0,0,0,0,183000,0,0,0,183000,0,183000,183000
062080,奇力新元大9B購02,0,0,0,0,0,0,0,0,0,183000,0,0,0,203000,20000,183000,183000
065006,景碩國票01購01  ,0,0,0,0,0,0,0,0,0,183000,0,0,0,343000,160000,183000,183000
064212,可成凱基03購01  ,0,0,0,0,0,0,0,0,0,183000,0,0,0,219000,36000,183000,183000
067460,晶技永豐01購02  ,0,0,0,0,0,0,0,0,0,182000,0,0,0,241000,59000,182000,182000
068044,寶成元富07購01  ,0,0,0,0,0,0,0,0,0,182000,0,0,0,235000,53000,182000,182000
058363,全新凱基9A購02  ,0,0,0,0,0,0,0,0,0,182000,0,0,0,184000,2000,182000,182000
063688,建準永豐9B購03  ,0,0,0,0,0,0,0,0,0,182000,0,0,0,359000,177000,182000,182000
063461,金像電元大9B購03,0,0,0,0,0,0,0,0,0,182000,0,0,0,187000,5000,182000,182000
064587,泰碩永豐9C購01  ,0,0,0,0,0,0,0,0,0,182000,0,0,0,186000,4000,182000,182000
061574,大毅元大9B購01  ,0,0,0,0,0,0,0,0,0,182000,0,0,0,186000,4000,182000,182000
065454,神隆元富9C購01  ,0,0,0,0,0,0,0,0,0,182000,0,0,0,192000,10000,182000,182000
065626,華新科兆豐9C購02,0,0,0,0,0,0,0,0,0,182000,0,0,0,182000,0,182000,182000
067355,大立光群益01購07,0,0,0,0,0,0,0,0,0,181000,0,0,0,618000,437000,181000,181000
062046,矽格凱基9B購01  ,0,0,0,0,0,0,0,0,0,181000,0,0,0,246000,65000,181000,181000
061437,燿華凱基9A購01  ,0,0,0,0,0,0,0,0,0,181000,0,0,0,182000,1000,181000,181000
065285,宏碁群益01購01  ,0,0,0,0,0,0,0,0,0,181000,0,0,0,208000,27000,181000,181000
064546,燿華凱基02購01  ,0,0,0,0,0,0,0,0,0,181000,0,0,0,186000,5000,181000,181000
067633,致茂永豐01購02  ,0,0,0,0,0,0,0,0,0,180000,0,0,0,290000,110000,180000,180000
06929P,鴻海元大99售11  ,0,0,0,0,0,0,0,0,0,180000,0,0,0,200000,20000,180000,180000
063258,緯穎國泰9C購01  ,0,0,0,0,0,0,0,0,0,180000,0,0,0,190000,10000,180000,180000
064457,禾伸堂統一01購02,0,0,0,0,0,0,0,0,0,180000,0,0,0,190000,10000,180000,180000
065099,聯茂元大9C購03  ,0,0,0,0,0,0,0,0,0,180000,0,0,0,378000,198000,180000,180000
065268,嘉澤元大9C購02  ,0,0,0,0,0,0,0,0,0,180000,0,0,0,204000,24000,180000,180000
066497,大立光國泰03購02,0,0,0,0,0,0,0,0,0,180000,0,0,0,180000,0,180000,180000
066555,聯詠元大01購01  ,0,0,0,0,0,0,0,0,0,180000,0,0,0,197000,17000,180000,180000
068735,康舒元大02購01  ,0,0,0,0,0,0,0,0,0,179000,0,0,0,210000,31000,179000,179000
068736,南電元大02購02  ,0,0,0,0,0,0,0,0,0,179000,0,0,0,260000,81000,179000,179000
067682,上緯控元大01購02,0,0,0,0,0,0,0,0,0,179000,0,0,0,272000,93000,179000,179000
067337,欣興凱基01購01  ,0,0,0,0,0,0,0,0,0,179000,0,0,0,221000,42000,179000,179000
058516,健鼎元大99購02  ,0,0,0,0,0,0,0,0,0,179000,0,0,0,179000,0,179000,179000
056578,智易元大99購02  ,0,0,0,0,0,0,0,0,0,179000,0,0,0,211000,32000,179000,179000
03167P,友達元富07售02  ,0,0,0,0,0,0,0,0,0,179000,0,0,0,202000,23000,179000,179000
064275,台光電元大9C購03,0,0,0,0,0,0,0,0,0,179000,0,0,0,196000,17000,179000,179000
063060,華新科元富9B購03,0,0,0,0,0,0,0,0,0,179000,0,0,0,179000,0,179000,179000
061443,大立光統一9C購02,0,0,0,0,0,0,0,0,0,179000,0,0,0,179000,0,179000,179000
066021,華通群益02購03  ,0,0,0,0,0,0,0,0,0,179000,0,0,0,249000,70000,179000,179000
066087,大毅永豐01購02  ,0,0,0,0,0,0,0,0,0,179000,0,0,0,179000,0,179000,179000
065594,華通元大01購02  ,0,0,0,0,0,0,0,0,0,179000,0,0,0,205000,26000,179000,179000
064766,矽創凱基9C購01  ,0,0,0,0,0,0,0,0,0,179000,0,0,0,240000,61000,179000,179000
067849,瀚宇博元富04購01,0,0,0,0,0,0,0,0,0,178000,0,0,0,198000,20000,178000,178000
059954,華新科康和99購01,0,0,0,0,0,0,0,0,0,178000,0,0,0,206000,28000,178000,178000
060734,華通統一9C購01  ,0,0,0,0,0,0,0,0,0,178000,0,0,0,178000,0,178000,178000
064036,矽創元大9C購01  ,0,0,0,0,0,0,0,0,0,178000,0,0,0,316000,138000,178000,178000
065053,南電凱基02購01  ,0,0,0,0,0,0,0,0,0,178000,0,0,0,191000,13000,178000,178000
066264,金像電元大01購01,0,0,0,0,0,0,0,0,0,178000,0,0,0,200000,22000,178000,178000
065706,奇鋐群益9C購02  ,0,0,0,0,0,0,0,0,0,178000,0,0,0,192000,14000,178000,178000
067588,欣興群益01購04  ,0,0,0,0,0,0,0,0,0,177000,0,0,0,362000,185000,177000,177000
068320,國巨元大01購17  ,0,0,0,0,0,0,0,0,0,177000,0,0,0,276000,99000,177000,177000
068185,嘉聯益群益01購01,0,0,0,0,0,0,0,0,0,177000,0,0,0,197000,20000,177000,177000
061836,華新科凱基05購01,0,0,0,0,0,0,0,0,0,177000,0,0,0,177000,0,177000,177000
063026,南六元大9B購04  ,0,0,0,0,0,0,0,0,0,177000,0,0,0,295000,118000,177000,177000
063388,台光電兆豐9C購01,0,0,0,0,0,0,0,0,0,177000,0,0,0,180000,3000,177000,177000
067368,技嘉統一03購01  ,0,0,0,0,0,0,0,0,0,176000,0,0,0,380000,204000,176000,176000
03044P,康控國票03售01  ,0,0,0,0,0,0,0,0,0,176000,0,0,0,200000,24000,176000,176000
061124,微星永豐9A購02  ,0,0,0,0,0,0,0,0,0,176000,0,0,0,202000,26000,176000,176000
066027,華擎群益02購01  ,0,0,0,0,0,0,0,0,0,176000,0,0,0,186000,10000,176000,176000
064938,華新科元富9C購01,0,0,0,0,0,0,0,0,0,176000,0,0,0,176000,0,176000,176000
2103,台橡            ,401000,225000,176000,0,0,0,0,0,0,0,0,0,0,0,0,0,176000
067243,華擎群益01購04  ,0,0,0,0,0,0,0,0,0,175000,0,0,0,206000,31000,175000,175000
068704,精元國票03購01  ,0,0,0,0,0,0,0,0,0,175000,0,0,0,250000,75000,175000,175000
068603,京元電凱基03購01,0,0,0,0,0,0,0,0,0,175000,0,0,0,191000,16000,175000,175000
03248P,聯電元富03售03  ,0,0,0,0,0,0,0,0,0,175000,0,0,0,195000,20000,175000,175000
057961,茂林元大9A購01  ,0,0,0,0,0,0,0,0,0,175000,0,0,0,408000,233000,175000,175000
061612,南六統一9A購01  ,0,0,0,0,0,0,0,0,0,175000,0,0,0,341000,166000,175000,175000
060467,神基元大9A購01  ,0,0,0,0,0,0,0,0,0,175000,0,0,0,175000,0,175000,175000
064618,南亞科元大9C購04,0,0,0,0,0,0,0,0,0,175000,0,0,0,263000,88000,175000,175000
062701,漢唐元大9B購01  ,0,0,0,0,0,0,0,0,0,175000,0,0,0,225000,50000,175000,175000
065289,冠德群益9C購01  ,0,0,0,0,0,0,0,0,0,175000,0,0,0,178000,3000,175000,175000
064158,健鼎統一02購01  ,0,0,0,0,0,0,0,0,0,175000,0,0,0,178000,3000,175000,175000
063894,漢唐群益9C購01  ,0,0,0,0,0,0,0,0,0,175000,0,0,0,205000,30000,175000,175000
064018,儒鴻元大9C購02  ,0,0,0,0,0,0,0,0,0,175000,0,0,0,185000,10000,175000,175000
1455,集盛            ,323000,148000,175000,0,0,0,0,0,0,0,0,0,0,0,0,0,175000
3703,欣陸            ,735000,270000,465000,0,0,0,0,0,0,-290000,0,290000,-290000,0,0,0,175000
068631,亞泥凱基02購01  ,0,0,0,0,0,0,0,0,0,174000,0,0,0,233000,59000,174000,174000
057894,華通元富02購02  ,0,0,0,0,0,0,0,0,0,174000,0,0,0,175000,1000,174000,174000
059292,華新科元富9B購02,0,0,0,0,0,0,0,0,0,174000,0,0,0,233000,59000,174000,174000
062045,崇越凱基9B購01  ,0,0,0,0,0,0,0,0,0,174000,0,0,0,195000,21000,174000,174000
063735,華新科元大9B購15,0,0,0,0,0,0,0,0,0,174000,0,0,0,174000,0,174000,174000
063818,矽創群益9C購01  ,0,0,0,0,0,0,0,0,0,174000,0,0,0,224000,50000,174000,174000
066233,華碩富邦02購01  ,0,0,0,0,0,0,0,0,0,174000,0,0,0,180000,6000,174000,174000
067742,大立光元大01購16,0,0,0,0,0,0,0,0,0,173000,0,0,0,218000,45000,173000,173000
068085,寶成凱基02購01  ,0,0,0,0,0,0,0,0,0,173000,0,0,0,207000,34000,173000,173000
060101,大立光元大99購31,0,0,0,0,0,0,0,0,0,173000,0,0,0,200000,27000,173000,173000
063295,京元電麥證9B購01,0,0,0,251000,81000,170000,0,0,0,173000,0,0,0,262000,89000,173000,173000
063518,儒鴻凱基9B購02  ,0,0,0,0,0,0,0,0,0,173000,0,0,0,173000,0,173000,173000
062100,矽格永豐9B購01  ,0,0,0,0,0,0,0,0,0,173000,0,0,0,176000,3000,173000,173000
061042,致新永豐9A購02  ,0,0,0,0,0,0,0,0,0,173000,0,0,0,173000,0,173000,173000
060375,葡萄王元富9A購01,0,0,0,0,0,0,0,0,0,173000,0,0,0,173000,0,173000,173000
066180,正文凱基01購01  ,0,0,0,0,0,0,0,0,0,173000,0,0,0,360000,187000,173000,173000
066097,英業達中信02購01,0,0,0,0,0,0,0,0,0,173000,0,0,0,430000,257000,173000,173000
068259,台灣50富邦03購04,0,0,0,0,0,0,0,0,0,172000,0,0,0,182000,10000,172000,172000
060821,SP黃豆元大9A購02,0,0,0,0,0,0,0,0,0,172000,0,0,0,177000,5000,172000,172000
061049,奇力新中信9A購02,0,0,0,0,0,0,0,0,0,172000,0,0,0,294000,122000,172000,172000
6168,宏齊            ,761000,597000,164000,0,0,0,0,0,0,8000,9000,1000,8000,0,0,0,172000
2347,聯強            ,1052557,1002000,50557,0,0,0,180000,0,180000,-59000,32000,66000,-34000,0,25000,-25000,171557
059890,大立光國票99購03,0,0,0,0,0,0,0,0,0,171000,0,0,0,201000,30000,171000,171000
061835,華新科凱基02購03,0,0,0,0,0,0,0,0,0,171000,0,0,0,194000,23000,171000,171000
064111,國巨國票02購02  ,0,0,0,0,0,0,0,0,0,171000,0,0,0,187000,16000,171000,171000
063107,矽創群益9B購01  ,0,0,0,0,0,0,0,0,0,171000,0,0,0,216000,45000,171000,171000
062467,國巨凱基9B購08  ,0,0,0,0,0,0,0,0,0,171000,0,0,0,173000,2000,171000,171000
065023,大毅永豐9C購01  ,0,0,0,0,0,0,0,0,0,171000,0,0,0,171000,0,171000,171000
068106,南電永豐01購02  ,0,0,0,0,0,0,0,0,0,170000,0,0,0,192000,22000,170000,170000
067933,微星凱基02購04  ,0,0,0,0,0,0,0,0,0,170000,0,0,0,270000,100000,170000,170000
067550,燿華中信02購01  ,0,0,0,0,0,0,0,0,0,170000,0,0,0,231000,61000,170000,170000
067417,力山凱基02購01  ,0,0,0,0,0,0,0,0,0,170000,0,0,0,195000,25000,170000,170000
055902,同欣電中信99購01,0,0,0,0,0,0,0,0,0,170000,0,0,0,1339000,1169000,170000,170000
059635,華新科凱基9A購06,0,0,0,0,0,0,0,0,0,170000,0,0,0,170000,0,170000,170000
062747,立積永豐9B購01  ,20000,0,20000,0,0,0,0,0,0,150000,0,0,0,186000,36000,150000,170000
065362,華通元大9C購06  ,0,0,0,0,0,0,0,0,0,170000,0,0,0,202000,32000,170000,170000
066275,台勝科元大01購01,0,0,0,0,0,0,0,0,0,170000,0,0,0,171000,1000,170000,170000
1338,廣華-KY         ,315000,125000,190000,0,0,0,0,0,0,-20000,0,20000,-20000,0,0,0,170000
067334,漢唐凱基01購01  ,0,0,0,0,0,0,0,0,0,169000,0,0,0,210000,41000,169000,169000
058422,百和麥證99購01  ,0,0,0,169000,0,169000,0,0,0,169000,0,0,0,169000,0,169000,169000
060065,大立光兆豐9B購01,0,0,0,0,0,0,0,0,0,169000,0,0,0,191000,22000,169000,169000
056767,大毅元大99購01  ,0,0,0,0,0,0,0,0,0,169000,0,0,0,210000,41000,169000,169000
064141,國巨統一01購08  ,0,0,0,0,0,0,0,0,0,169000,0,0,0,174000,5000,169000,169000
066861,致新國票02購01  ,0,0,0,0,0,0,0,0,0,169000,0,0,0,185000,16000,169000,169000
066913,樺漢凱基01購01  ,0,0,0,0,0,0,0,0,0,168000,0,0,0,300000,132000,168000,168000
064491,金像電元大9C購03,0,0,0,0,0,0,0,0,0,168000,0,0,0,227000,59000,168000,168000
065305,泰鼎元富9C購01  ,0,0,0,0,0,0,0,0,0,168000,0,0,0,231000,63000,168000,168000
08702P,南電康和01售01  ,0,0,0,0,0,0,0,0,0,168000,0,0,0,168000,0,168000,168000
1229,聯華            ,487995,359000,128995,0,0,0,0,1000,-1000,40000,35000,0,35000,5000,0,5000,167995
067932,技嘉凱基01購01  ,0,0,0,0,0,0,0,0,0,167000,0,0,0,241000,74000,167000,167000
059456,智易永豐99購01  ,0,0,0,0,0,0,0,0,0,167000,0,0,0,171000,4000,167000,167000
062483,致新國票9B購01  ,0,0,0,0,0,0,0,0,0,167000,0,0,0,177000,10000,167000,167000
064057,緯穎統一02購01  ,0,0,0,0,0,0,0,0,0,167000,0,0,0,237000,70000,167000,167000
066265,精元元大01購01  ,0,0,0,0,0,0,0,0,0,167000,0,0,0,420000,253000,167000,167000
067785,晶技群益01購03  ,0,0,0,0,0,0,0,0,0,166000,0,0,0,166000,0,166000,166000
058841,深中小群益01購01,0,0,0,0,0,0,0,0,0,166000,0,0,0,168000,2000,166000,166000
060642,華擎永豐9A購02  ,0,0,0,0,0,0,0,0,0,166000,0,0,0,204000,38000,166000,166000
059786,全新元大99購06  ,0,0,0,0,0,0,0,0,0,166000,0,0,0,166000,0,166000,166000
062253,燿華元大9B購02  ,0,0,0,0,0,0,0,0,0,166000,0,0,0,168000,2000,166000,166000
060562,旺宏富邦9C購02  ,0,0,0,0,0,0,0,0,0,166000,0,0,0,261000,95000,166000,166000
061517,瑞祺永豐9A購03  ,0,0,0,0,0,0,0,0,0,166000,0,0,0,166000,0,166000,166000
066331,東森永豐01購01  ,0,0,0,0,0,0,0,0,0,166000,0,0,0,166000,0,166000,166000
063802,南茂凱基9C購01  ,0,0,0,0,0,0,0,0,0,166000,0,0,0,194000,28000,166000,166000
065296,國巨統一01購10  ,0,0,0,0,0,0,0,0,0,166000,0,0,0,188000,22000,166000,166000
065310,華擎國票01購01  ,0,0,0,0,0,0,0,0,0,166000,0,0,0,171000,5000,166000,166000
067571,大立光麥證01購04,0,0,0,220000,55000,165000,0,0,0,165000,0,0,0,220000,55000,165000,165000
08093P,英業達元富9B售02,0,0,0,0,0,0,0,0,0,165000,0,0,0,265000,100000,165000,165000
055390,國巨統一98購03  ,0,0,0,0,0,0,0,0,0,165000,0,0,0,165000,0,165000,165000
00783,富邦中証500     ,490000,49000,441000,0,0,0,0,0,0,-276000,0,0,0,1078000,1354000,-276000,165000
00737,國泰AI+Robo     ,0,2000,-2000,0,0,0,0,0,0,167000,0,0,0,380000,213000,167000,165000
053584,友達元大9B購02  ,0,0,0,0,0,0,0,0,0,165000,0,0,0,180000,15000,165000,165000
058437,可成統一9B購01  ,0,0,0,0,0,0,0,0,0,165000,0,0,0,400000,235000,165000,165000
061129,文曄永豐9A購01  ,0,0,0,0,0,0,0,0,0,165000,0,0,0,244000,79000,165000,165000
065332,漢唐國票01購02  ,0,0,0,0,0,0,0,0,0,165000,0,0,0,165000,0,165000,165000
065606,可成元大01購05  ,0,0,0,0,0,0,0,0,0,165000,0,0,0,256000,91000,165000,165000
08068P,宏達電國泰9C售01,0,0,0,0,0,0,0,0,0,164000,0,0,0,195000,31000,164000,164000
067604,晶技凱基01購02  ,0,0,0,0,0,0,0,0,0,164000,0,0,0,329000,165000,164000,164000
067117,健策群益01購09  ,0,0,0,0,0,0,0,0,0,164000,0,0,0,164000,0,164000,164000
063056,嘉澤統一9C購02  ,0,0,0,0,0,0,0,0,0,164000,0,0,0,173000,9000,164000,164000
063397,廣達群益9B購02  ,0,0,0,0,0,0,0,0,0,164000,0,0,0,166000,2000,164000,164000
066871,台表科元富07購01,0,0,0,0,0,0,0,0,0,164000,0,0,0,168000,4000,164000,164000
068076,欣興凱基01購05  ,0,15000,-15000,0,0,0,0,0,0,178000,0,0,0,597000,419000,178000,163000
062569,南電中信01購01  ,0,0,0,0,0,0,0,0,0,163000,0,0,0,174000,11000,163000,163000
066768,瀚宇博永豐01購01,0,0,0,0,0,0,0,0,0,163000,0,0,0,184000,21000,163000,163000
066234,群光富邦04購01  ,0,0,0,0,0,0,0,0,0,163000,0,0,0,355000,192000,163000,163000
065697,旺宏群益9C購07  ,0,0,0,0,0,0,0,0,0,163000,0,0,0,173000,10000,163000,163000
9955,佳龍            ,273000,110000,163000,0,0,0,0,0,0,0,0,0,0,0,0,0,163000
058312,大毅國泰9B購01  ,0,0,0,0,0,0,0,0,0,162000,0,0,0,162000,0,162000,162000
059850,日電貿永豐99購01,0,0,0,0,0,0,0,0,0,162000,0,0,0,162000,0,162000,162000
064676,聚陽兆豐9C購01  ,0,0,0,0,0,0,0,0,0,162000,0,0,0,162000,0,162000,162000
3044,健鼎            ,1596000,1663000,-67000,0,0,0,300000,0,300000,-71000,100000,69000,31000,68000,170000,-102000,162000
068097,台積電富邦03購05,0,0,0,0,0,0,0,0,0,161000,0,0,0,161000,0,161000,161000
068139,亞德客元大01購05,0,0,0,0,0,0,0,0,0,161000,0,0,0,185000,24000,161000,161000
067551,欣興中信02購01  ,0,0,0,0,0,0,0,0,0,161000,0,0,0,323000,162000,161000,161000
07085P,超眾元富9C售01  ,0,0,0,0,0,0,0,0,0,161000,0,0,0,251000,90000,161000,161000
058534,友達統一9B購01  ,0,0,0,0,0,0,0,0,0,161000,0,0,0,253000,92000,161000,161000
061480,泰碩元大9B購01  ,0,0,0,0,0,0,0,0,0,161000,0,0,0,161000,0,161000,161000
062826,奇力新群益9C購01,0,0,0,0,0,0,0,0,0,161000,0,0,0,191000,30000,161000,161000
061490,茂林兆豐9B購01  ,0,0,0,0,0,0,0,0,0,161000,0,0,0,206000,45000,161000,161000
065589,景碩永豐9C購02  ,0,0,0,0,0,0,0,0,0,161000,0,0,0,271000,110000,161000,161000
08365P,貿聯凱基9C售01  ,0,0,0,0,0,0,0,0,0,161000,0,0,0,186000,25000,161000,161000
08092P,仁寶元富9B售02  ,0,0,0,0,0,0,0,0,0,160000,0,0,0,200000,40000,160000,160000
08010P,大成鋼元大9B售01,0,0,0,0,0,0,0,0,0,160000,0,0,0,275000,115000,160000,160000
068361,惠特凱基03購01  ,0,0,0,0,0,0,0,0,0,160000,0,0,0,198000,38000,160000,160000
00656R,國泰中國A50反1  ,2000,0,2000,0,0,0,0,0,0,158000,0,200000,-200000,500000,142000,358000,160000
060845,欣興國票9A購01  ,0,0,0,0,0,0,0,0,0,160000,0,0,0,160000,0,160000,160000
060383,葡萄王凱基9A購01,0,0,0,0,0,0,0,0,0,160000,0,0,0,160000,0,160000,160000
062295,康友永豐9B購01  ,0,0,0,0,0,0,0,0,0,160000,0,0,0,160000,0,160000,160000
064970,東元元大9C購01  ,0,0,0,0,0,0,0,0,0,160000,0,0,0,160000,0,160000,160000
065238,聯茂凱基02購01  ,0,0,0,0,0,0,0,0,0,160000,0,0,0,170000,10000,160000,160000
067543,臻鼎群益01購01  ,0,0,0,0,0,0,0,0,0,159000,0,0,0,261000,102000,159000,159000
061754,晶技麥證9B購01  ,0,0,0,159000,0,159000,0,0,0,159000,0,0,0,159000,0,159000,159000
066659,燿華凱基03購01  ,0,0,0,0,0,0,0,0,0,159000,0,0,0,209000,50000,159000,159000
067134,國揚永豐01購02  ,0,0,0,0,0,0,0,0,0,158000,0,0,0,234000,76000,158000,158000
061852,大立光國票9B購02,0,0,0,0,0,0,0,0,0,158000,0,0,0,257000,99000,158000,158000
062270,上銀群益9B購03  ,0,0,0,0,0,0,0,0,0,158000,0,0,0,158000,0,158000,158000
062751,華擎中信9C購01  ,0,0,0,0,0,0,0,0,0,158000,0,0,0,178000,20000,158000,158000
066460,智原統一03購01  ,0,0,0,0,0,0,0,0,0,158000,0,0,0,164000,6000,158000,158000
065719,T50反1兆豐9C購01,0,0,0,0,0,0,0,0,0,158000,0,0,0,198000,40000,158000,158000
067116,嘉澤群益01購02  ,0,0,0,0,0,0,0,0,0,157000,0,0,0,222000,65000,157000,157000
067473,旺宏元大02購01  ,0,0,0,0,0,0,0,0,0,157000,0,0,0,157000,0,157000,157000
068335,牧德元大03購02  ,0,0,0,0,0,0,0,0,0,157000,0,0,0,170000,13000,157000,157000
057544,鴻海凱基02購01  ,0,0,0,0,0,0,0,0,0,157000,0,0,0,342000,185000,157000,157000
063542,泰鼎元富9B購02  ,0,0,0,0,0,0,0,0,0,157000,0,0,0,158000,1000,157000,157000
063373,晶技永豐9B購02  ,0,0,0,0,0,0,0,0,0,157000,0,0,0,208000,51000,157000,157000
066348,松翰永豐01購01  ,0,0,0,0,0,0,0,0,0,157000,0,0,0,250000,93000,157000,157000
063833,致新國票01購01  ,0,0,0,0,0,0,0,0,0,157000,0,0,0,157000,0,157000,157000
064007,嘉澤凱基02購01  ,0,0,0,0,0,0,0,0,0,157000,0,0,0,272000,115000,157000,157000
067560,聯詠國票02購01  ,0,50000,-50000,0,0,0,0,0,0,206000,0,0,0,298000,92000,206000,156000
060253,昇陽半元大9C購01,0,0,0,0,0,0,0,0,0,156000,0,0,0,167000,11000,156000,156000
062682,全新統一9B購01  ,0,0,0,0,0,0,0,0,0,156000,0,0,0,156000,0,156000,156000
063677,台光電國泰9C購02,0,0,0,0,0,0,0,0,0,156000,0,0,0,163000,7000,156000,156000
064330,燿華元大9C購02  ,0,0,0,0,0,0,0,0,0,156000,0,0,0,186000,30000,156000,156000
066324,仲琦永豐01購01  ,0,0,0,0,0,0,0,0,0,156000,0,0,0,156000,0,156000,156000
066613,燿華麥證01購01  ,0,0,0,157000,1000,156000,0,0,0,156000,0,0,0,157000,1000,156000,156000
1701,中化            ,428000,233000,195000,0,0,0,0,0,0,-39000,1000,6000,-5000,0,34000,-34000,156000
067644,康舒統一01購01  ,0,0,0,0,0,0,0,0,0,155000,0,0,0,239000,84000,155000,155000
067333,凌陽凱基02購01  ,0,0,0,0,0,0,0,0,0,155000,0,0,0,158000,3000,155000,155000
058428,大立光元富99購02,0,0,0,0,0,0,0,0,0,155000,0,0,0,170000,15000,155000,155000
03047P,矽創國票03售01  ,0,0,0,0,0,0,0,0,0,155000,0,0,0,240000,85000,155000,155000
056891,國巨元大99購03  ,0,0,0,0,0,0,0,0,0,155000,0,0,0,200000,45000,155000,155000
061745,南電凱基9B購02  ,0,0,0,0,0,0,0,0,0,155000,0,0,0,170000,15000,155000,155000
063631,燿華元大9B購06  ,0,0,0,0,0,0,0,0,0,155000,0,0,0,162000,7000,155000,155000
066766,嘉澤永豐01購01  ,0,0,0,0,0,0,0,0,0,155000,0,0,0,167000,12000,155000,155000
065586,嘉聯益富邦03購01,0,0,0,0,0,0,0,0,0,155000,0,0,0,168000,13000,155000,155000
08961P,大毅凱基01售03  ,0,0,0,0,0,0,0,0,0,155000,0,0,0,240000,85000,155000,155000
060214,茂林康和9A購01  ,0,0,0,0,0,0,0,0,0,154000,0,0,0,209000,55000,154000,154000
062184,奇鋐元大9B購02  ,0,0,0,0,0,0,0,0,0,154000,0,0,0,154000,0,154000,154000
065466,台表科中信01購03,0,0,0,0,0,0,0,0,0,154000,0,0,0,338000,184000,154000,154000
066355,惠特永豐01購01  ,0,0,0,0,0,0,0,0,0,154000,0,0,0,154000,0,154000,154000
067624,微星富邦04購01  ,0,0,0,0,0,0,0,0,0,153000,0,0,0,553000,400000,153000,153000
058622,國巨國票99購07  ,0,0,0,0,0,0,0,0,0,153000,0,0,0,161000,8000,153000,153000
056737,國巨凱基9A購01  ,0,0,0,0,0,0,0,0,0,153000,0,0,0,210000,57000,153000,153000
066037,華通元大01購03  ,0,0,0,0,0,0,0,0,0,153000,0,0,0,240000,87000,153000,153000
064656,聚陽元大9C購03  ,0,0,0,0,0,0,0,0,0,153000,0,0,0,257000,104000,153000,153000
9939,宏全            ,345000,317000,28000,0,0,0,0,0,0,125000,138000,23000,115000,17000,7000,10000,153000
3023,信邦            ,813000,627823,185177,0,0,0,0,40000,-40000,7000,4000,2000,2000,15000,10000,5000,152177
067865,友達元大01購02  ,0,0,0,0,0,0,0,0,0,152000,0,0,0,152000,0,152000,152000
056725,鴻海國票99購03  ,0,0,0,0,0,0,0,0,0,152000,0,0,0,252000,100000,152000,152000
061875,華新科元大9B購03,0,0,0,0,0,0,0,0,0,152000,0,0,0,220000,68000,152000,152000
064442,嘉聯益凱基9C購01,0,0,0,0,0,0,0,0,0,152000,0,0,0,274000,122000,152000,152000
064574,達方群益01購01  ,20000,0,20000,0,0,0,0,0,0,132000,0,0,0,165000,33000,132000,152000
063921,大立光元富9C購03,0,0,0,0,0,0,0,0,0,152000,0,0,0,330000,178000,152000,152000
065139,華通凱基03購01  ,0,0,0,0,0,0,0,0,0,152000,0,0,0,220000,68000,152000,152000
065714,矽創群益9C購02  ,0,0,0,0,0,0,0,0,0,152000,0,0,0,241000,89000,152000,152000
065961,東元元大04購01  ,0,0,0,0,0,0,0,0,0,152000,0,0,0,152000,0,152000,152000
08784P,上証2X元富01售01,0,0,0,0,0,0,0,0,0,152000,0,0,0,152000,0,152000,152000
066983,禾伸堂群益01購01,0,0,0,0,0,0,0,0,0,151000,0,0,0,151000,0,151000,151000
061374,力山永豐9A購04  ,0,0,0,0,0,0,0,0,0,151000,0,0,0,240000,89000,151000,151000
061375,華通永豐9A購02  ,0,0,0,0,0,0,0,0,0,151000,0,0,0,151000,0,151000,151000
064106,國巨兆豐9C購04  ,0,0,0,0,0,0,0,0,0,151000,0,0,0,420000,269000,151000,151000
061187,瀚宇博國泰9C購01,0,0,0,0,0,0,0,0,0,151000,0,0,0,177000,26000,151000,151000
063635,漢唐元大9B購04  ,0,0,0,0,0,0,0,0,0,151000,0,0,0,151000,0,151000,151000
065685,同欣電統一01購04,0,0,0,0,0,0,0,0,0,151000,0,0,0,160000,9000,151000,151000
066091,南電永豐01購01  ,0,0,0,0,0,0,0,0,0,151000,0,0,0,243000,92000,151000,151000
065062,亞光群益9C購01  ,0,0,0,0,0,0,0,0,0,151000,0,0,0,185000,34000,151000,151000
08693P,宏達電群益01售02,0,0,0,0,0,0,0,0,0,151000,0,0,0,152000,1000,151000,151000
067410,聚陽兆豐01購01  ,0,0,0,0,0,0,0,0,0,150000,0,0,0,382000,232000,150000,150000
068073,京城銀凱基01購01,0,0,0,0,0,0,0,0,0,150000,0,0,0,160000,10000,150000,150000
06851P,鈺齊元大98售01  ,0,0,0,0,0,0,0,0,0,150000,0,0,0,150000,0,150000,150000
07103P,南電元大99售04  ,0,0,0,0,0,0,0,0,0,150000,0,0,0,150000,0,150000,150000
07248P,可成凱基99售06  ,0,0,0,0,0,0,0,0,0,150000,0,0,0,150000,0,150000,150000
061984,華新科元大9B購05,0,0,0,0,0,0,0,0,0,150000,0,0,0,150000,0,150000,150000
057738,旺宏富邦9A購01  ,0,0,0,0,0,0,0,0,0,150000,0,0,0,150000,0,150000,150000
058984,全新凱基9A購03  ,0,0,0,0,0,0,0,0,0,150000,0,0,0,150000,0,150000,150000
059911,國巨元大99購27  ,0,0,0,0,0,0,0,0,0,150000,0,0,0,150000,0,150000,150000
059814,SP黃豆凱基9A購02,0,0,0,0,0,0,0,0,0,150000,0,0,0,150000,0,150000,150000
058748,景碩凱基9A購01  ,0,0,0,0,0,0,0,0,0,150000,0,0,0,152000,2000,150000,150000
056913,臺股指元大99購05,0,0,0,0,0,0,0,0,0,150000,0,0,0,150000,0,150000,150000
054162,光罩凱基98購01  ,0,0,0,0,0,0,0,0,0,150000,0,0,0,150000,0,150000,150000
053396,漢唐中信9A購01  ,0,0,0,0,0,0,0,0,0,150000,0,0,0,170000,20000,150000,150000
063354,茂林元富9B購02  ,0,0,0,0,0,0,0,0,0,150000,0,0,0,427000,277000,150000,150000
062940,華新科凱基9C購02,0,0,0,0,0,0,0,0,0,150000,0,0,0,151000,1000,150000,150000
061287,大立光統一9B購06,0,0,0,0,0,0,0,0,0,150000,0,0,0,150000,0,150000,150000
061575,華新科元大9A購20,0,0,0,0,0,0,0,0,0,150000,0,0,0,150000,0,150000,150000
060934,台汽電永豐9A購02,0,0,0,0,0,0,0,0,0,150000,0,0,0,150000,0,150000,150000
064923,牧德統一02購01  ,0,0,0,0,0,0,0,0,0,150000,0,0,0,200000,50000,150000,150000
065919,禾伸堂凱基02購01,0,0,0,0,0,0,0,0,0,150000,0,0,0,160000,10000,150000,150000
065861,台汽電元大9C購01,0,0,0,0,0,0,0,0,0,150000,0,0,0,150000,0,150000,150000
08291P,智邦台新9C售02  ,0,0,0,0,0,0,0,0,0,150000,0,0,0,200000,50000,150000,150000
6235,華孚            ,443000,293000,150000,0,0,0,0,0,0,0,0,0,0,0,0,0,150000
058973,麗豐永豐99購01  ,0,0,0,0,0,0,0,0,0,149000,0,0,0,149000,0,149000,149000
063586,燿華永豐9B購02  ,0,0,0,0,0,0,0,0,0,149000,0,0,0,149000,0,149000,149000
060677,京元電元大9A購04,0,0,0,0,0,0,0,0,0,149000,0,0,0,149000,0,149000,149000
062908,晶豪科元大9B購03,0,0,0,0,0,0,0,0,0,149000,0,0,0,414000,265000,149000,149000
062019,嘉澤永豐9B購01  ,0,0,0,0,0,0,0,0,0,149000,0,0,0,189000,40000,149000,149000
066725,華通元大01購05  ,0,0,0,0,0,0,0,0,0,149000,0,0,0,270000,121000,149000,149000
6165,捷泰            ,202000,53000,149000,0,0,0,0,0,0,0,0,0,0,0,0,0,149000
068166,鈺齊元大01購03  ,0,0,0,0,0,0,0,0,0,148000,0,0,0,495000,347000,148000,148000
064110,國巨國票01購01  ,0,0,0,0,0,0,0,0,0,148000,0,0,0,377000,229000,148000,148000
065985,金像電永豐01購02,0,0,0,0,0,0,0,0,0,148000,0,0,0,229000,81000,148000,148000
064579,大立光富邦03購02,0,0,0,0,0,0,0,0,0,148000,0,0,0,533000,385000,148000,148000
5519,隆大            ,156000,8000,148000,0,0,0,0,0,0,0,0,0,0,0,0,0,148000
1325,恆大            ,88000,30000,58000,0,0,0,0,0,0,90000,85000,0,85000,10000,5000,5000,148000
067010,訊芯永豐01購01  ,0,0,0,0,0,0,0,0,0,147000,0,0,0,147000,0,147000,147000
063230,緯穎群益9B購02  ,0,0,0,0,0,0,0,0,0,147000,0,0,0,148000,1000,147000,147000
057969,緯穎國泰99購01  ,0,0,0,0,0,0,0,0,0,147000,0,0,0,147000,0,147000,147000
058675,康控群益9B購01  ,0,0,0,0,0,0,0,0,0,147000,0,0,0,157000,10000,147000,147000
063983,麗豐兆豐9C購01  ,0,0,0,0,0,0,0,0,0,147000,0,0,0,167000,20000,147000,147000
066872,亞光國泰03購01  ,0,0,0,0,0,0,0,0,0,147000,0,0,0,353000,206000,147000,147000
6142,友勁            ,239000,92000,147000,0,0,0,0,0,0,0,0,0,0,0,0,0,147000
067009,樺漢永豐01購01  ,0,0,0,0,0,0,0,0,0,146000,0,0,0,317000,171000,146000,146000
066921,日月光麥證01購01,0,0,0,289000,132000,157000,0,0,0,146000,0,0,0,289000,143000,146000,146000
00647L,元大S&P500正2   ,0,0,0,0,0,0,0,0,0,146000,0,0,0,185000,39000,146000,146000
061000,旺宏兆豐9A購02  ,0,0,0,0,0,0,0,0,0,146000,0,0,0,177000,31000,146000,146000
065343,智邦統一01購03  ,0,0,0,0,0,0,0,0,0,146000,0,0,0,166000,20000,146000,146000
067068,台積電元大01購21,0,0,0,0,0,0,0,0,0,145000,0,0,0,152000,7000,145000,145000
00635U,元大S&P黃金     ,4000,3000,1000,0,0,0,0,0,0,144000,0,0,0,908000,764000,144000,145000
058615,矽創元大99購01  ,0,0,0,0,0,0,0,0,0,145000,0,0,0,570000,425000,145000,145000
058265,奇力新永豐9A購01,0,0,0,0,0,0,0,0,0,145000,0,0,0,145000,0,145000,145000
060686,康友元大9A購02  ,0,0,0,0,0,0,0,0,0,145000,0,0,0,290000,145000,145000,145000
060413,東元永豐9A購01  ,0,0,0,0,0,0,0,0,0,145000,0,0,0,146000,1000,145000,145000
061302,晶技永豐9A購04  ,0,0,0,0,0,0,0,0,0,145000,0,0,0,307000,162000,145000,145000
065125,奇力新永豐9C購01,0,0,0,0,0,0,0,0,0,145000,0,0,0,178000,33000,145000,145000
063848,大立光元大9C購09,0,0,0,0,0,0,0,0,0,145000,0,0,0,245000,100000,145000,145000
065858,台表科元大03購01,0,0,0,0,0,0,0,0,0,145000,0,0,0,210000,65000,145000,145000
066994,聯發科國泰03購02,0,0,0,0,0,0,0,0,0,144000,0,0,0,716000,572000,144000,144000
066991,訊芯群益01購01  ,0,0,0,0,0,0,0,0,0,144000,0,0,0,221000,77000,144000,144000
067952,台光電永豐01購01,0,0,0,0,0,0,0,0,0,144000,0,0,0,149000,5000,144000,144000
060030,晶相光永豐99購03,0,0,0,0,0,0,0,0,0,144000,0,0,0,144000,0,144000,144000
062925,建準國票9B購01  ,0,0,0,0,0,0,0,0,0,144000,0,0,0,297000,153000,144000,144000
063682,達新永豐9B購01  ,0,0,0,0,0,0,0,0,0,144000,0,0,0,243000,99000,144000,144000
063473,茂林元大9B購05  ,0,0,0,0,0,0,0,0,0,144000,0,0,0,312000,168000,144000,144000
065674,華擎凱基9C購03  ,0,0,0,0,0,0,0,0,0,144000,0,0,0,151000,7000,144000,144000
064679,晶技兆豐9C購01  ,0,0,0,0,0,0,0,0,0,144000,0,0,0,144000,0,144000,144000
065161,矽格群益9C購01  ,0,0,0,0,0,0,0,0,0,144000,0,0,0,189000,45000,144000,144000
067230,國巨群益01購05  ,0,0,0,0,0,0,0,0,0,143000,0,0,0,149000,6000,143000,143000
07929P,旺宏統一9B售07  ,0,0,0,0,0,0,0,0,0,143000,0,0,0,213000,70000,143000,143000
057963,緯穎元大98購08  ,0,0,0,0,0,0,0,0,0,143000,0,0,0,144000,1000,143000,143000
03048P,南電國票03售01  ,0,0,0,0,0,0,0,0,0,143000,0,0,0,145000,2000,143000,143000
063159,嘉澤國泰01購01  ,0,0,0,0,0,0,0,0,0,143000,0,0,0,155000,12000,143000,143000
063648,台表科元大9C購05,0,0,0,0,0,0,0,0,0,143000,0,0,0,193000,50000,143000,143000
064682,嘉聯益兆豐01購01,0,0,0,0,0,0,0,0,0,143000,0,0,0,163000,20000,143000,143000
064200,華通兆豐01購01  ,0,0,0,0,0,0,0,0,0,143000,0,0,0,185000,42000,143000,143000
065818,奇鋐元富9C購01  ,0,0,0,0,0,0,0,0,0,143000,0,0,0,150000,7000,143000,143000
1709,和益            ,289000,144000,145000,0,0,0,0,0,0,-2000,8000,10000,-2000,0,0,0,143000
066931,友達國票02購01  ,0,0,0,0,0,0,0,0,0,142000,0,0,0,143000,1000,142000,142000
068116,欣興元富07購01  ,0,0,0,0,0,0,0,0,0,142000,0,0,0,142000,0,142000,142000
063434,和潤元富9B購01  ,0,0,0,0,0,0,0,0,0,142000,0,0,0,212000,70000,142000,142000
061072,南電凱基9B購01  ,0,0,0,0,0,0,0,0,0,142000,0,0,0,160000,18000,142000,142000
064256,玉晶光國泰02購02,0,0,0,0,0,0,0,0,0,142000,0,0,0,327000,185000,142000,142000
066081,文曄國泰03購01  ,0,0,0,0,0,0,0,0,0,142000,0,0,0,181000,39000,142000,142000
066600,瀚宇博國泰03購01,0,0,0,0,0,0,0,0,0,142000,0,0,0,262000,120000,142000,142000
068271,大毅永豐01購03  ,0,0,0,0,0,0,0,0,0,141000,0,0,0,141000,0,141000,141000
059291,華新科元富9B購01,0,0,0,0,0,0,0,0,0,141000,0,0,0,151000,10000,141000,141000
063687,金像電永豐9B購04,0,0,0,0,0,0,0,0,0,141000,0,0,0,156000,15000,141000,141000
063724,亞德客元大9B購03,0,0,0,0,0,0,0,0,0,141000,0,0,0,165000,24000,141000,141000
063967,華新科國票01購01,0,0,0,0,0,0,0,0,0,141000,0,0,0,142000,1000,141000,141000
065457,旭富元富03購01  ,0,0,0,0,0,0,0,0,0,141000,0,0,0,141000,0,141000,141000
067558,中工國票02購01  ,0,0,0,0,0,0,0,0,0,140000,0,0,0,140000,0,140000,140000
058342,鴻海群益9A購01  ,0,0,0,0,0,0,0,0,0,140000,0,0,0,150000,10000,140000,140000
052619,茂林國泰99購01  ,0,0,0,0,0,0,0,0,0,140000,0,0,0,140000,0,140000,140000
063739,台勝科元大9B購03,0,0,0,0,0,0,0,0,0,140000,0,0,0,250000,110000,140000,140000
062074,旺宏元大9B購04  ,0,0,0,0,0,0,0,0,0,140000,0,0,0,158000,18000,140000,140000
063451,漢翔統一9C購01  ,0,0,0,0,0,0,0,0,0,140000,0,0,0,250000,110000,140000,140000
064362,友達統一01購02  ,0,0,0,0,0,0,0,0,0,140000,0,0,0,151000,11000,140000,140000
061925,禾伸堂凱基9C購01,0,0,0,0,0,0,0,0,0,140000,0,0,0,150000,10000,140000,140000
1517,利奇            ,296000,156000,140000,0,0,0,0,0,0,0,0,0,0,0,0,0,140000
068496,景碩元大01購04  ,0,0,0,0,0,0,0,0,0,139000,0,0,0,148000,9000,139000,139000
059872,華新科凱基01購01,0,0,0,0,0,0,0,0,0,139000,0,0,0,139000,0,139000,139000
058188,華擎永豐99購01  ,0,0,0,0,0,0,0,0,0,139000,0,0,0,195000,56000,139000,139000
059639,大立光凱基9A購06,0,0,0,0,0,0,0,0,0,139000,0,0,0,139000,0,139000,139000
057626,技嘉富邦9A購01  ,0,0,0,0,0,0,0,0,0,139000,0,0,0,150000,11000,139000,139000
064718,友達統一02購01  ,0,0,0,0,0,0,0,0,0,139000,0,0,0,449000,310000,139000,139000
066108,惠特國票02購02  ,0,0,0,0,0,0,0,0,0,139000,0,0,0,139000,0,139000,139000
066020,東元群益01購01  ,0,0,0,0,0,0,0,0,0,139000,0,0,0,150000,11000,139000,139000
068438,大立光凱基01購11,0,0,0,0,0,0,0,0,0,138000,0,0,0,168000,30000,138000,138000
067139,訊連永豐01購01  ,0,0,0,0,0,0,0,0,0,138000,0,0,0,139000,1000,138000,138000
060698,旺宏國泰9C購01  ,0,0,0,0,0,0,0,0,0,138000,0,0,0,194000,56000,138000,138000
059918,華新科元大99購20,0,0,0,0,0,0,0,0,0,138000,0,0,0,181000,43000,138000,138000
056584,鴻海統一9B購01  ,0,0,0,0,0,0,0,0,0,138000,0,0,0,2193000,2055000,138000,138000
061848,國巨國票9B購07  ,0,0,0,0,0,0,0,0,0,138000,0,0,0,139000,1000,138000,138000
066216,南電統一03購01  ,0,0,0,0,0,0,0,0,0,138000,0,0,0,138000,0,138000,138000
066190,惠特凱基01購01  ,0,0,0,0,0,0,0,0,0,138000,0,0,0,178000,40000,138000,138000
066131,群光群益02購01  ,0,0,0,0,0,0,0,0,0,138000,0,0,0,245000,107000,138000,138000
065826,國巨凱基9C購12  ,0,0,0,0,0,0,0,0,0,138000,0,0,0,139000,1000,138000,138000
065782,健策富邦01購02  ,0,0,0,0,0,0,0,0,0,138000,0,0,0,138000,0,138000,138000
066814,健鼎兆豐01購01  ,0,0,0,0,0,0,0,0,0,138000,0,0,0,264000,126000,138000,138000
064893,金像電群益01購02,0,0,0,0,0,0,0,0,0,138000,0,0,0,217000,79000,138000,138000
065241,南電凱基01購02  ,0,0,0,0,0,0,0,0,0,138000,0,0,0,152000,14000,138000,138000
061122,敬鵬永豐9A購01  ,0,0,0,0,0,0,0,0,0,137000,0,0,0,148000,11000,137000,137000
067229,台達電群益01購02,0,0,0,0,0,0,0,0,0,136000,0,0,0,170000,34000,136000,136000
03057P,亞德客凱基01售02,0,0,0,0,0,0,0,0,0,136000,0,0,0,184000,48000,136000,136000
063612,金像電群益9B購04,0,0,0,0,0,0,0,0,0,136000,0,0,0,180000,44000,136000,136000
062511,台光電國票9B購02,0,0,0,0,0,0,0,0,0,136000,0,0,0,136000,0,136000,136000
064186,燿華永豐9C購01  ,0,0,0,0,0,0,0,0,0,136000,0,0,0,136000,0,136000,136000
067384,南六統一01購03  ,0,0,0,0,0,0,0,0,0,135000,0,0,0,255000,120000,135000,135000
063600,燿華凱基9B購04  ,0,0,0,0,0,0,0,0,0,135000,0,0,0,150000,15000,135000,135000
057639,國巨元大99購07  ,0,0,0,0,0,0,0,0,0,135000,0,0,0,135000,0,135000,135000
058711,鴻海統一9A購02  ,0,0,0,0,0,0,0,0,0,135000,0,0,0,150000,15000,135000,135000
064778,美律群益9C購01  ,0,0,0,0,0,0,0,0,0,135000,0,0,0,180000,45000,135000,135000
063949,大立光元大9C購10,0,0,0,0,0,0,0,0,0,135000,0,0,0,175000,40000,135000,135000
1710,東聯            ,273000,138000,135000,0,0,0,0,0,0,0,0,0,0,0,0,0,135000
067395,金像電永豐01購04,0,0,0,0,0,0,0,0,0,134000,0,0,0,204000,70000,134000,134000
068732,嘉聯益元大02購01,0,0,0,0,0,0,0,0,0,134000,0,0,0,219000,85000,134000,134000
060100,新光金元大9C購01,0,0,0,0,0,0,0,0,0,134000,0,0,0,145000,11000,134000,134000
060541,正隆凱基9A購01  ,0,0,0,0,0,0,0,0,0,134000,0,0,0,191000,57000,134000,134000
064811,華擎元大01購01  ,0,0,0,0,0,0,0,0,0,134000,0,0,0,163000,29000,134000,134000
064905,嘉聯益群益9C購01,0,0,0,0,0,0,0,0,0,134000,0,0,0,206000,72000,134000,134000
064926,臻鼎統一02購01  ,0,0,0,0,0,0,0,0,0,134000,0,0,0,1343000,1209000,134000,134000
066146,昇陽半群益01購02,0,0,0,0,0,0,0,0,0,134000,0,0,0,137000,3000,134000,134000
2426,鼎元            ,240000,113000,127000,0,0,0,0,0,0,7000,7000,0,7000,0,0,0,134000
067640,欣興統一02購03  ,0,0,0,0,0,0,0,0,0,133000,0,0,0,200000,67000,133000,133000
067750,鈺齊元大02購01  ,0,0,0,0,0,0,0,0,0,133000,0,0,0,233000,100000,133000,133000
055701,亞德客富邦99購01,0,0,0,0,0,0,0,0,0,133000,0,0,0,171000,38000,133000,133000
061306,瑞祺永豐9A購02  ,0,0,0,0,0,0,0,0,0,133000,0,0,0,133000,0,133000,133000
063085,嘉澤凱基9C購01  ,0,0,0,0,0,0,0,0,0,133000,0,0,0,143000,10000,133000,133000
062086,瑞祺元大9B購01  ,0,0,0,0,0,0,0,0,0,133000,0,0,0,153000,20000,133000,133000
066098,華碩中信02購01  ,0,0,0,0,0,0,0,0,0,133000,0,0,0,691000,558000,133000,133000
066562,上緯控元大01購01,0,0,0,0,0,0,0,0,0,133000,0,0,0,165000,32000,133000,133000
063146,南六統一9B購02  ,0,0,0,0,0,0,0,0,0,132000,0,0,0,186000,54000,132000,132000
060958,儒鴻凱基9A購02  ,0,0,0,0,0,0,0,0,0,132000,0,0,0,147000,15000,132000,132000
066357,昇陽半永豐01購01,0,0,0,0,0,0,0,0,0,132000,0,0,0,135000,3000,132000,132000
066762,總太永豐01購02  ,0,0,0,0,0,0,0,0,0,132000,0,0,0,132000,0,132000,132000
065698,旺宏群益9C購08  ,0,0,0,0,0,0,0,0,0,132000,0,0,0,132000,0,132000,132000
065849,景碩元大9C購03  ,0,0,0,0,0,0,0,0,0,132000,0,0,0,186000,54000,132000,132000
065400,華擎群益01購02  ,0,0,0,0,0,0,0,0,0,132000,0,0,0,132000,0,132000,132000
08605P,聯發科中信9C售06,0,0,0,0,0,0,0,0,0,132000,0,0,0,249000,117000,132000,132000
067736,國巨元大02購04  ,0,0,0,0,0,0,0,0,0,131000,0,0,0,721000,590000,131000,131000
068183,彩晶群益03購02  ,0,0,0,0,0,0,0,0,0,131000,0,0,0,293000,162000,131000,131000
055736,宏達電元富99購01,0,0,0,0,0,0,0,0,0,131000,0,0,0,131000,0,131000,131000
060421,華擎永豐9A購01  ,0,0,0,0,0,0,0,0,0,131000,0,0,0,132000,1000,131000,131000
064378,群創元富9C購01  ,0,0,0,0,0,0,0,0,0,131000,0,0,0,131000,0,131000,131000
063477,訊芯元大9B購01  ,0,0,0,0,0,0,0,0,0,131000,0,0,0,156000,25000,131000,131000
061425,華新科元大9A購19,0,0,0,0,0,0,0,0,0,131000,0,0,0,131000,0,131000,131000
065611,嘉聯益元大9C購02,0,0,0,0,0,0,0,0,0,131000,0,0,0,447000,316000,131000,131000
066130,燿華群益01購03  ,0,0,0,0,0,0,0,0,0,131000,0,0,0,163000,32000,131000,131000
068440,華擎凱基01購04  ,0,0,0,0,0,0,0,0,0,130000,0,0,0,149000,19000,130000,130000
067621,友達國泰02購01  ,0,0,0,0,0,0,0,0,0,130000,0,0,0,261000,131000,130000,130000
067387,智邦元富04購01  ,0,0,0,0,0,0,0,0,0,130000,0,0,0,195000,65000,130000,130000
067436,訊連凱基01購01  ,0,0,0,0,0,0,0,0,0,130000,0,0,0,130000,0,130000,130000
055631,創意永豐98購01  ,0,0,0,0,0,0,0,0,0,130000,0,0,0,130000,0,130000,130000
056747,致新凱基99購01  ,0,0,0,0,0,0,0,0,0,130000,0,0,0,130000,0,130000,130000
057377,康控元大99購02  ,0,0,0,0,0,0,0,0,0,130000,0,0,0,180000,50000,130000,130000
063563,國巨元大9C購07  ,0,0,0,0,0,0,0,0,0,130000,0,0,0,150000,20000,130000,130000
061363,儒鴻國票9B購01  ,0,0,0,0,0,0,0,0,0,130000,0,0,0,167000,37000,130000,130000
063490,儒鴻富邦9C購01  ,0,0,0,0,0,0,0,0,0,130000,0,0,0,302000,172000,130000,130000
060431,復盛永豐9A購01  ,0,0,0,0,0,0,0,0,0,130000,0,0,0,130000,0,130000,130000
060963,禾伸堂凱基9A購01,0,0,0,0,0,0,0,0,0,130000,0,0,0,140000,10000,130000,130000
061522,元黃金凱基01購01,0,0,0,0,0,0,0,0,0,130000,0,0,0,130000,0,130000,130000
063187,全新凱基9B購02  ,0,0,0,0,0,0,0,0,0,130000,0,0,0,141000,11000,130000,130000
064725,緯創統一02購01  ,0,0,0,0,0,0,0,0,0,130000,0,0,0,138000,8000,130000,130000
4725,信昌化          ,70000,0,70000,0,0,0,0,0,0,60000,0,0,0,60000,0,60000,130000
068291,大立光群益03購01,0,0,0,0,0,0,0,0,0,129000,0,0,0,422000,293000,129000,129000
068525,京元電元富07購01,0,0,0,0,0,0,0,0,0,129000,0,0,0,150000,21000,129000,129000
059224,大立光元大99購15,0,0,0,0,0,0,0,0,0,129000,0,0,0,129000,0,129000,129000
067645,樺漢統一02購01  ,0,0,0,0,0,0,0,0,0,128000,0,0,0,300000,172000,128000,128000
057958,禾伸堂元大99購05,0,0,0,0,0,0,0,0,0,128000,0,0,0,328000,200000,128000,128000
060124,奇力新永豐99購03,0,0,0,0,0,0,0,0,0,128000,0,0,0,218000,90000,128000,128000
059908,元金2X元大99購01,0,0,0,0,0,0,0,0,0,128000,0,0,0,128000,0,128000,128000
057166,國巨元大99購06  ,0,0,0,0,0,0,0,0,0,128000,0,0,0,137000,9000,128000,128000
063208,鈺齊統一9C購01  ,0,0,0,0,0,0,0,0,0,128000,0,0,0,160000,32000,128000,128000
064563,全新群益02購01  ,0,0,0,0,0,0,0,0,0,128000,0,0,0,128000,0,128000,128000
3032,偉訓            ,203000,75000,128000,0,0,0,0,0,0,0,0,0,0,0,0,0,128000
067402,茂林永豐01購01  ,0,0,0,0,0,0,0,0,0,127000,0,0,0,224000,97000,127000,127000
057787,TPK國票99購01   ,0,0,0,0,0,0,0,0,0,127000,0,0,0,212000,85000,127000,127000
053827,漢唐麥證9A購01  ,0,0,0,128000,1000,127000,0,0,0,127000,0,0,0,128000,1000,127000,127000
060072,國巨元富99購04  ,0,0,0,0,0,0,0,0,0,127000,0,0,0,127000,0,127000,127000
060697,鴻海國泰9C購01  ,0,0,0,0,0,0,0,0,0,127000,0,0,0,158000,31000,127000,127000
059453,奇力新永豐99購01,0,0,0,0,0,0,0,0,0,127000,0,0,0,132000,5000,127000,127000
063651,金像電台新9B購01,0,0,0,0,0,0,0,0,0,127000,0,0,0,187000,60000,127000,127000
062309,燿華凱基9B購01  ,0,0,0,0,0,0,0,0,0,127000,0,0,0,127000,0,127000,127000
064560,技嘉群益01購01  ,0,0,0,0,0,0,0,0,0,127000,0,0,0,156000,29000,127000,127000
063996,貿聯群益9C購01  ,0,0,0,0,0,0,0,0,0,127000,0,0,0,127000,0,127000,127000
065516,健鼎群益9C購02  ,0,0,0,0,0,0,0,0,0,127000,0,0,0,133000,6000,127000,127000
065197,景碩元富06購01  ,0,0,0,0,0,0,0,0,0,127000,0,0,0,207000,80000,127000,127000
065975,緯創元大02購01  ,0,0,0,0,0,0,0,0,0,127000,0,0,0,254000,127000,127000,127000
066459,智原統一01購01  ,0,0,0,0,0,0,0,0,0,127000,0,0,0,127000,0,127000,127000
068586,奇力新台新01購01,0,0,0,0,0,0,0,0,0,126000,0,0,0,141000,15000,126000,126000
061913,宏碁中信9B購01  ,0,0,0,0,0,0,0,0,0,126000,0,0,0,306000,180000,126000,126000
068228,聯發科元富07購08,0,0,0,0,0,0,0,0,0,125000,0,0,0,233000,108000,125000,125000
068420,大立光兆豐01購03,0,0,0,0,0,0,0,0,0,125000,0,0,0,160000,35000,125000,125000
066923,滬深2X國票02購01,0,0,0,0,0,0,0,0,0,125000,0,0,0,145000,20000,125000,125000
068084,南電凱基02購03  ,0,0,0,0,0,0,0,0,0,125000,0,0,0,260000,135000,125000,125000
05995P,T50正2中信9C售01,0,0,0,0,0,0,0,0,0,125000,0,0,0,125000,0,125000,125000
057592,美律兆豐99購01  ,0,0,0,0,0,0,0,0,0,125000,0,0,0,125000,0,125000,125000
061859,勤誠國票9B購01  ,0,0,0,0,0,0,0,0,0,125000,0,0,0,125000,0,125000,125000
066568,聚碩元大01購01  ,0,0,0,0,0,0,0,0,0,125000,0,0,0,150000,25000,125000,125000
065992,立積永豐01購01  ,0,0,0,0,0,0,0,0,0,125000,0,0,0,183000,58000,125000,125000
067986,亞德客元大01購04,0,0,0,0,0,0,0,0,0,124000,0,0,0,125000,1000,124000,124000
067727,聯茂凱基01購02  ,0,0,0,0,0,0,0,0,0,124000,0,0,0,151000,27000,124000,124000
068247,宏碁元大01購03  ,0,0,0,0,0,0,0,0,0,124000,0,0,0,833000,709000,124000,124000
058210,臺股指凱基9C購04,0,0,0,0,0,0,0,0,0,124000,0,0,0,200000,76000,124000,124000
061660,禾伸堂永豐9A購01,0,0,0,0,0,0,0,0,0,124000,0,0,0,189000,65000,124000,124000
061926,晶技凱基9B購02  ,0,0,0,0,0,0,0,0,0,124000,0,0,0,296000,172000,124000,124000
060718,中磊永豐9A購01  ,0,0,0,0,0,0,0,0,0,124000,0,0,0,151000,27000,124000,124000
062393,智邦富邦9B購01  ,0,0,0,0,0,0,0,0,0,124000,0,0,0,579000,455000,124000,124000
062703,可成元大9C購02  ,0,0,0,0,0,0,0,0,0,124000,0,0,0,274000,150000,124000,124000
063703,晶豪科群益9B購02,0,0,0,0,0,0,0,0,0,124000,0,0,0,184000,60000,124000,124000
063035,燿華凱基9B購02  ,0,0,0,0,0,0,0,0,0,124000,0,0,0,124000,0,124000,124000
065971,金像電元大02購01,0,0,0,0,0,0,0,0,0,124000,0,0,0,130000,6000,124000,124000
066117,茂林兆豐02購01  ,0,0,0,0,0,0,0,0,0,124000,0,0,0,473000,349000,124000,124000
066859,華擎國票02購01  ,0,0,0,0,0,0,0,0,0,124000,0,0,0,138000,14000,124000,124000
067690,惠特元大01購04  ,0,0,0,0,0,0,0,0,0,123000,0,0,0,333000,210000,123000,123000
067072,建準元大01購01  ,0,0,0,0,0,0,0,0,0,123000,0,0,0,203000,80000,123000,123000
057684,聯茂日盛99購01  ,0,0,0,0,0,0,0,0,0,123000,0,0,0,171000,48000,123000,123000
062638,茂林國票9C購01  ,0,0,0,0,0,0,0,0,0,123000,0,0,0,427000,304000,123000,123000
065408,華通永豐9C購02  ,0,0,0,0,0,0,0,0,0,123000,0,0,0,133000,10000,123000,123000
1720,生達            ,291000,210000,81000,0,0,0,0,0,0,42000,1000,23000,-22000,70000,6000,64000,123000
3712,永崴投控        ,395000,272000,123000,0,0,0,0,0,0,0,0,0,0,0,0,0,123000
067389,聯發科元富07購04,0,0,0,0,0,0,0,0,0,122000,0,0,0,378000,256000,122000,122000
068101,奇力新永豐01購01,0,0,0,0,0,0,0,0,0,122000,0,0,0,132000,10000,122000,122000
07292P,臺股指凱基99售44,0,0,0,0,0,0,0,0,0,122000,0,0,0,152000,30000,122000,122000
06937P,GIS元大98售03   ,0,0,0,0,0,0,0,0,0,122000,0,0,0,132000,10000,122000,122000
061341,華新科元大9A購16,0,0,0,0,0,0,0,0,0,122000,0,0,0,172000,50000,122000,122000
063556,儒鴻元大9B購02  ,0,0,0,0,0,0,0,0,0,122000,0,0,0,123000,1000,122000,122000
063267,台表科中信01購02,0,0,0,0,0,0,0,0,0,122000,0,0,0,312000,190000,122000,122000
059699,華通凱基99購04  ,0,0,0,0,0,0,0,0,0,122000,0,0,0,122000,0,122000,122000
063617,鴻海兆豐01購01  ,0,0,0,0,0,0,0,0,0,122000,0,0,0,223000,101000,122000,122000
063442,金像電統一01購01,0,0,0,0,0,0,0,0,0,122000,0,0,0,139000,17000,122000,122000
062560,奇鋐凱基9B購02  ,0,0,0,0,0,0,0,0,0,122000,0,0,0,182000,60000,122000,122000
060848,聯茂國票9A購02  ,0,0,0,0,0,0,0,0,0,122000,0,0,0,160000,38000,122000,122000
065557,中磊凱基9C購01  ,0,0,0,0,0,0,0,0,0,122000,0,0,0,184000,62000,122000,122000
065646,健鼎元大9C購04  ,0,0,0,0,0,0,0,0,0,122000,0,0,0,272000,150000,122000,122000
068305,台光電國票03購01,0,0,0,0,0,0,0,0,0,121000,0,0,0,141000,20000,121000,121000
061392,泰鼎群益9A購02  ,0,0,0,0,0,0,0,0,0,121000,0,0,0,121000,0,121000,121000
063220,建準群益9B購01  ,0,0,0,0,0,0,0,0,0,121000,0,0,0,428000,307000,121000,121000
064105,南茂群益9C購01  ,0,0,0,0,0,0,0,0,0,121000,0,0,0,121000,0,121000,121000
064559,旺宏群益01購02  ,0,0,0,0,0,0,0,0,0,121000,0,0,0,121000,0,121000,121000
068194,致茂凱基01購02  ,0,0,0,0,0,0,0,0,0,120000,0,0,0,128000,8000,120000,120000
068445,精成科凱基01購01,0,0,0,0,0,0,0,0,0,120000,0,0,0,190000,70000,120000,120000
068356,奇力新凱基01購03,0,0,0,0,0,0,0,0,0,120000,0,0,0,142000,22000,120000,120000
067692,鈺齊元大01購02  ,0,0,0,0,0,0,0,0,0,120000,0,0,0,349000,229000,120000,120000
061339,京元電元大9A購05,0,0,0,0,0,0,0,0,0,120000,0,0,0,150000,30000,120000,120000
059100,元油2X統一9C購02,0,0,0,0,0,0,0,0,0,120000,0,0,0,130000,10000,120000,120000
057964,緯穎元大99購03  ,0,0,0,0,0,0,0,0,0,120000,0,0,0,153000,33000,120000,120000
03005P,旭富群益01售05  ,0,0,0,0,0,0,0,0,0,120000,0,0,0,120000,0,120000,120000
059873,華新科凱基99購09,0,0,0,0,0,0,0,0,0,120000,0,0,0,122000,2000,120000,120000
056907,群創元大9C購04  ,0,0,0,0,0,0,0,0,0,120000,0,0,0,120000,0,120000,120000
064622,晶技元大01購01  ,0,0,0,0,0,0,0,0,0,120000,0,0,0,120000,0,120000,120000
063517,遠東新凱基01購01,0,0,0,0,0,0,0,0,0,120000,0,0,0,120000,0,120000,120000
063407,泰鼎國票9C購01  ,0,0,0,0,0,0,0,0,0,120000,0,0,0,156000,36000,120000,120000
062212,臻鼎台新9B購01  ,0,0,0,0,0,0,0,0,0,120000,0,0,0,240000,120000,120000,120000
066954,聯詠元大01購04  ,0,0,0,0,0,0,0,0,0,119000,0,0,0,132000,13000,119000,119000
07777P,創意元大9A售03  ,0,0,0,0,0,0,0,0,0,119000,0,0,0,220000,101000,119000,119000
062552,南電永豐9B購01  ,0,0,0,0,0,0,0,0,0,119000,0,0,0,207000,88000,119000,119000
062049,亞德客統一01購01,0,0,0,0,0,0,0,0,0,119000,0,0,0,209000,90000,119000,119000
061853,晶技國票9B購02  ,0,0,0,0,0,0,0,0,0,119000,0,0,0,133000,14000,119000,119000
064745,聯鈞國票01購01  ,0,0,0,0,0,0,0,0,0,119000,0,0,0,196000,77000,119000,119000
064814,祥碩元大9C購06  ,0,0,0,0,0,0,0,0,0,119000,0,0,0,135000,16000,119000,119000
1536,和大            ,425000,281000,144000,0,0,0,0,40000,-40000,15000,2000,46000,-44000,80000,21000,59000,119000
08598P,立積元大9C售04  ,0,0,0,0,0,0,0,0,0,119000,0,0,0,168000,49000,119000,119000
068340,緯穎元大03購01  ,0,0,0,0,0,0,0,0,0,118000,0,0,0,127000,9000,118000,118000
068572,帆宣元大01購07  ,0,0,0,0,0,0,0,0,0,118000,0,0,0,174000,56000,118000,118000
066910,華擎凱基01購03  ,0,0,0,0,0,0,0,0,0,118000,0,0,0,155000,37000,118000,118000
066998,訊芯國泰03購01  ,0,0,0,0,0,0,0,0,0,118000,0,0,0,354000,236000,118000,118000
067325,巨大元大01購05  ,0,0,0,0,0,0,0,0,0,118000,0,0,0,158000,40000,118000,118000
055696,華新科國票98購01,0,0,0,0,0,0,0,0,0,118000,0,0,0,118000,0,118000,118000
063183,國巨凱基9B購12  ,0,0,0,0,0,0,0,0,0,118000,0,0,0,118000,0,118000,118000
063793,和大凱基9C購01  ,0,0,0,0,0,0,0,0,0,118000,0,0,0,128000,10000,118000,118000
3052,夆典            ,207000,89000,118000,0,0,0,0,0,0,0,0,0,0,0,0,0,118000
067288,為升兆豐03購01  ,0,0,0,0,0,0,0,0,0,117000,0,0,0,446000,329000,117000,117000
068222,緯創統一01購02  ,0,0,0,0,0,0,0,0,0,117000,0,0,0,120000,3000,117000,117000
068874,精元凱基02購01  ,0,0,0,0,0,0,0,0,0,117000,0,0,0,277000,160000,117000,117000
056738,國巨凱基9A購02  ,0,0,0,0,0,0,0,0,0,117000,0,0,0,183000,66000,117000,117000
060894,奇力新凱基9A購03,0,0,0,0,0,0,0,0,0,117000,0,0,0,160000,43000,117000,117000
064176,京元電國泰01購01,0,0,0,0,0,0,0,0,0,117000,0,0,0,167000,50000,117000,117000
066374,臺股指中信04購01,0,0,0,0,0,0,0,0,0,117000,0,0,0,263000,146000,117000,117000
07917P,可成永豐9B售01  ,0,0,0,0,0,0,0,0,0,116000,0,0,0,116000,0,116000,116000
067365,美利達群益01購03,0,0,0,0,0,0,0,0,0,116000,0,0,0,128000,12000,116000,116000
067791,康舒群益01購01  ,0,0,0,0,0,0,0,0,0,116000,0,0,0,155000,39000,116000,116000
067625,欣興富邦03購01  ,0,0,0,0,0,0,0,0,0,116000,0,0,0,169000,53000,116000,116000
058608,華新科元大99購13,0,0,0,0,0,0,0,0,0,116000,0,0,0,116000,0,116000,116000
062204,京元電國票9C購01,0,0,0,0,0,0,0,0,0,116000,0,0,0,119000,3000,116000,116000
066349,聚碩永豐01購01  ,0,0,0,0,0,0,0,0,0,116000,0,0,0,116000,0,116000,116000
066754,南電國泰02購01  ,0,0,0,0,0,0,0,0,0,116000,0,0,0,143000,27000,116000,116000
065709,瀚宇博群益9C購01,0,0,0,0,0,0,0,0,0,116000,0,0,0,136000,20000,116000,116000
066023,燿華群益01購02  ,0,0,0,0,0,0,0,0,0,116000,0,0,0,116000,0,116000,116000
066274,景碩元大01購02  ,0,0,0,0,0,0,0,0,0,116000,0,0,0,425000,309000,116000,116000
064022,台積電元大9C購07,0,0,0,0,0,0,0,0,0,116000,0,0,0,116000,0,116000,116000
063872,嘉聯益永豐9C購01,0,0,0,0,0,0,0,0,0,116000,0,0,0,136000,20000,116000,116000
1447,力鵬            ,549000,433000,116000,0,0,0,0,0,0,0,0,0,0,0,0,0,116000
1467,南緯            ,424000,308000,116000,0,0,0,0,0,0,0,0,0,0,0,0,0,116000
2101,南港            ,429000,393000,36000,0,0,0,44000,0,44000,36000,0,0,0,119000,83000,36000,116000
059531,華新科凱基9B購02,0,0,0,0,0,0,0,0,0,115000,0,0,0,115000,0,115000,115000
057694,臺股指凱基98購12,0,0,0,0,0,0,0,0,0,115000,0,0,0,119000,4000,115000,115000
060221,大立光凱基9A購07,0,0,0,0,0,0,0,0,0,115000,0,0,0,115000,0,115000,115000
057412,臺股指群益99購06,0,0,0,0,0,0,0,0,0,115000,0,0,0,120000,5000,115000,115000
03125P,台積電凱基01售24,0,0,0,0,0,0,0,0,0,115000,0,0,0,160000,45000,115000,115000
056301,開發金元大9A購01,0,0,0,0,0,0,0,0,0,115000,0,0,0,170000,55000,115000,115000
063740,矽格元大9B購03  ,0,0,0,0,0,0,0,0,0,115000,0,0,0,176000,61000,115000,115000
064019,上銀元大9C購05  ,0,0,0,0,0,0,0,0,0,115000,0,0,0,183000,68000,115000,115000
065326,華擎凱基02購01  ,0,0,0,0,0,0,0,0,0,115000,0,0,0,132000,17000,115000,115000
065173,可成元大9C購10  ,0,0,0,0,0,0,0,0,0,115000,0,0,0,224000,109000,115000,115000
066508,世紀鋼富邦03購01,0,0,0,0,0,0,0,0,0,115000,0,0,0,197000,82000,115000,115000
08599P,台表科元大9C售11,0,0,0,0,0,0,0,0,0,115000,0,0,0,173000,58000,115000,115000
060387,盛群凱基9A購01  ,0,0,0,0,0,0,0,0,0,114000,0,0,0,395000,281000,114000,114000
065206,旺宏國票01購02  ,0,0,0,0,0,0,0,0,0,114000,0,0,0,122000,8000,114000,114000
063915,祥碩凱基01購01  ,0,0,0,0,0,0,0,0,0,114000,0,0,0,130000,16000,114000,114000
056124,華通國票98購02  ,0,0,0,0,0,0,0,0,0,113000,0,0,0,124000,11000,113000,113000
03043P,健策國票03售01  ,0,0,0,0,0,0,0,0,0,113000,0,0,0,167000,54000,113000,113000
2328,廣宇            ,290000,177000,113000,0,0,0,0,0,0,0,0,0,0,0,0,0,113000
058613,茂林元大99購03  ,0,0,0,0,0,0,0,0,0,112000,0,0,0,117000,5000,112000,112000
063172,廣達中信9C購01  ,0,0,0,0,0,0,0,0,0,112000,0,0,0,333000,221000,112000,112000
061683,台灣50群益9B購09,0,0,0,0,0,0,0,0,0,112000,0,0,0,138000,26000,112000,112000
063327,燿華國票9C購02  ,0,0,0,0,0,0,0,0,0,112000,0,0,0,143000,31000,112000,112000
066750,緯穎元大01購04  ,0,0,0,0,0,0,0,0,0,112000,0,0,0,132000,20000,112000,112000
065967,國巨元大01購07  ,0,0,0,0,0,0,0,0,0,112000,0,0,0,298000,186000,112000,112000
6141,柏承            ,199000,87000,112000,0,0,0,0,0,0,0,0,0,0,0,0,0,112000
6452,康友-KY         ,1005000,870270,134730,0,0,0,0,0,0,-23000,1000,0,1000,20000,44000,-24000,111730
067157,惠特統一03購03  ,0,0,0,0,0,0,0,0,0,111000,0,0,0,111000,0,111000,111000
059515,牧德永豐99購01  ,0,0,0,0,0,0,0,0,0,111000,0,0,0,143000,32000,111000,111000
062004,國巨國泰9C購03  ,0,0,0,0,0,0,0,0,0,111000,0,0,0,119000,8000,111000,111000
062741,立積國票9B購02  ,0,0,0,0,0,0,0,0,0,111000,0,0,0,124000,13000,111000,111000
065712,緯穎群益9C購03  ,0,0,0,0,0,0,0,0,0,111000,0,0,0,131000,20000,111000,111000
064041,國巨統一01購07  ,0,0,0,0,0,0,0,0,0,111000,0,0,0,116000,5000,111000,111000
066934,宏達電國票02購01,0,0,0,0,0,0,0,0,0,110000,0,0,0,137000,27000,110000,110000
067305,國產元大01購02  ,0,0,0,0,0,0,0,0,0,110000,0,0,0,123000,13000,110000,110000
067583,金像電群益01購05,0,0,0,0,0,0,0,0,0,110000,0,0,0,137000,27000,110000,110000
07506P,中租元大9A售01  ,0,0,0,0,0,0,0,0,0,110000,0,0,0,110000,0,110000,110000
08074P,緯穎元富9B售02  ,0,0,0,0,0,0,0,0,0,110000,0,0,0,120000,10000,110000,110000
063595,燿華中信9B購02  ,0,0,0,0,0,0,0,0,0,110000,0,0,0,110000,0,110000,110000
059691,大立光永豐99購02,0,0,0,0,0,0,0,0,0,110000,0,0,0,370000,260000,110000,110000
059086,國巨元大99購18  ,0,0,0,0,0,0,0,0,0,110000,0,0,0,160000,50000,110000,110000
058559,華新科日盛99購02,0,0,0,0,0,0,0,0,0,110000,0,0,0,110000,0,110000,110000
00739,元大MSCI A股    ,34000,34000,0,0,0,0,0,0,0,110000,0,0,0,796000,686000,110000,110000
03215P,南電群益03售01  ,0,0,0,0,0,0,0,0,0,110000,0,0,0,160000,50000,110000,110000
063291,緯穎元大01購01  ,0,0,0,0,0,0,0,0,0,110000,0,0,0,120000,10000,110000,110000
062275,燿華群益9B購01  ,0,0,0,0,0,0,0,0,0,110000,0,0,0,112000,2000,110000,110000
064107,友達兆豐01購01  ,0,0,0,0,0,0,0,0,0,110000,0,0,0,110000,0,110000,110000
060975,滬深2X元大01購02,0,0,0,0,0,0,0,0,0,110000,0,0,0,110000,0,110000,110000
064757,義隆凱基01購02  ,0,0,0,0,0,0,0,0,0,110000,0,0,0,202000,92000,110000,110000
063976,正崴兆豐9C購01  ,0,0,0,0,0,0,0,0,0,110000,0,0,0,110000,0,110000,110000
065599,台光電元大9C購05,0,0,0,0,0,0,0,0,0,110000,0,0,0,313000,203000,110000,110000
065794,麗豐永豐9C購01  ,0,0,0,0,0,0,0,0,0,110000,0,0,0,110000,0,110000,110000
066788,聯發科麥證01購07,0,0,0,120000,10000,110000,0,0,0,110000,0,0,0,120000,10000,110000,110000
068693,台積電凱基02購11,0,0,0,0,0,0,0,0,0,109000,0,0,0,278000,169000,109000,109000
067376,欣興統一01購01  ,0,0,0,0,0,0,0,0,0,109000,0,0,0,125000,16000,109000,109000
056829,台積電富邦9A購01,0,0,0,0,0,0,0,0,0,109000,0,0,0,109000,0,109000,109000
063175,燿華兆豐9C購01  ,0,0,0,0,0,0,0,0,0,109000,0,0,0,209000,100000,109000,109000
061489,高鐵兆豐9A購01  ,0,0,0,0,0,0,0,0,0,109000,0,0,0,123000,14000,109000,109000
061776,晶技國票9B購01  ,0,0,0,0,0,0,0,0,0,109000,0,0,0,122000,13000,109000,109000
063420,奇力新凱基9B購03,0,0,0,0,0,0,0,0,0,109000,0,0,0,112000,3000,109000,109000
1608,華榮            ,188000,79000,109000,0,0,0,0,0,0,0,0,0,0,0,0,0,109000
08743P,群創凱基01售04  ,0,0,0,0,0,0,0,0,0,109000,0,0,0,112000,3000,109000,109000
08825P,義隆元大01售04  ,0,0,0,0,0,0,0,0,0,109000,0,0,0,349000,240000,109000,109000
067373,聯發科統一03購04,0,0,0,0,0,0,0,0,0,108000,0,0,0,113000,5000,108000,108000
066894,聯發科兆豐03購01,0,0,0,0,0,0,0,0,0,108000,0,0,0,114000,6000,108000,108000
068332,欣興元大03購02  ,0,0,0,0,0,0,0,0,0,108000,0,0,0,284000,176000,108000,108000
057835,華擎元富9B購01  ,0,0,0,0,0,0,0,0,0,108000,0,0,0,108000,0,108000,108000
048105,滬深2X群益99購02,0,0,0,0,0,0,0,0,0,108000,0,0,0,108000,0,108000,108000
063497,東元永豐9B購01  ,0,0,0,0,0,0,0,0,0,108000,0,0,0,108000,0,108000,108000
063683,大成鋼永豐9B購01,0,0,0,0,0,0,0,0,0,108000,0,0,0,108000,0,108000,108000
062780,旺宏元大01購01  ,0,0,0,0,0,0,0,0,0,108000,0,0,0,115000,7000,108000,108000
064342,晶技元大9C購01  ,0,0,0,0,0,0,0,0,0,108000,0,0,0,161000,53000,108000,108000
060417,正隆永豐9A購01  ,0,0,0,0,0,0,0,0,0,108000,0,0,0,108000,0,108000,108000
066418,京元電元大01購02,0,0,0,0,0,0,0,0,0,108000,0,0,0,117000,9000,108000,108000
066237,京鼎富邦04購01  ,0,460000,-460000,0,0,0,0,0,0,568000,0,0,0,792000,224000,568000,108000
066035,南電群益01購01  ,0,0,0,0,0,0,0,0,0,108000,0,0,0,148000,40000,108000,108000
065997,元黃金國票03購01,0,0,0,0,0,0,0,0,0,108000,0,0,0,148000,40000,108000,108000
08194P,同欣電國票9C售03,0,0,0,0,0,0,0,0,0,108000,0,0,0,202000,94000,108000,108000
4306,炎洲            ,153000,40000,113000,0,0,0,0,0,0,-5000,0,5000,-5000,0,0,0,108000
07546P,玉晶光凱基9A售09,0,0,0,0,0,0,0,0,0,107000,0,0,0,127000,20000,107000,107000
067608,嘉澤凱基01購02  ,0,0,0,0,0,0,0,0,0,107000,0,0,0,126000,19000,107000,107000
061943,上銀群益9B購02  ,0,0,0,0,0,0,0,0,0,107000,0,0,0,161000,54000,107000,107000
061362,台塑國票9B購01  ,0,0,0,0,0,0,0,0,0,107000,0,0,0,181000,74000,107000,107000
060731,奇力新群益9A購01,0,0,0,0,0,0,0,0,0,107000,0,0,0,107000,0,107000,107000
061134,大成鋼統一9C購01,0,0,0,0,0,0,0,0,0,107000,0,0,0,108000,1000,107000,107000
063142,奇力新統一9C購04,0,0,0,0,0,0,0,0,0,107000,0,0,0,107000,0,107000,107000
066832,健策群益01購08  ,0,0,0,0,0,0,0,0,0,107000,0,0,0,107000,0,107000,107000
065159,臻鼎群益9C購02  ,0,0,0,0,0,0,0,0,0,107000,0,0,0,758000,651000,107000,107000
066920,華擎麥證01購01  ,0,0,0,106000,0,106000,0,0,0,106000,0,0,0,106000,0,106000,106000
057745,泰鼎永豐99購01  ,0,0,0,0,0,0,0,0,0,106000,0,0,0,113000,7000,106000,106000
064581,葡萄王永豐9C購01,0,0,0,0,0,0,0,0,0,106000,0,0,0,106000,0,106000,106000
060367,緯穎元富9A購02  ,0,0,0,0,0,0,0,0,0,106000,0,0,0,117000,11000,106000,106000
065394,英業達群益9C購01,0,0,0,0,0,0,0,0,0,106000,0,0,0,106000,0,106000,106000
063971,健鼎國票01購01  ,0,0,0,0,0,0,0,0,0,106000,0,0,0,147000,41000,106000,106000
064668,大立光元大9C購21,0,0,0,0,0,0,0,0,0,106000,0,0,0,156000,50000,106000,106000
066102,國揚國票02購01  ,0,0,0,0,0,0,0,0,0,106000,0,0,0,115000,9000,106000,106000
066214,惠特統一03購02  ,0,0,0,0,0,0,0,0,0,106000,0,0,0,111000,5000,106000,106000
8112,至上            ,294000,168000,126000,0,0,0,0,0,0,-20000,3000,23000,-20000,0,0,0,106000
067008,康舒永豐01購01  ,0,0,0,0,0,0,0,0,0,105000,0,0,0,297000,192000,105000,105000
067504,鴻海統一01購07  ,0,0,0,0,0,0,0,0,0,105000,0,0,0,120000,15000,105000,105000
060057,欣興凱基9B購01  ,0,0,0,0,0,0,0,0,0,105000,0,0,0,105000,0,105000,105000
058900,旺宏元大99購11  ,0,0,0,0,0,0,0,0,0,105000,0,0,0,106000,1000,105000,105000
061036,晶技永豐9A購03  ,0,0,0,0,0,0,0,0,0,105000,0,0,0,106000,1000,105000,105000
062641,瀚宇博國票9B購01,0,0,0,0,0,0,0,0,0,105000,0,0,0,105000,0,105000,105000
065822,緯創台新9C購01  ,0,0,0,0,0,0,0,0,0,105000,0,0,0,120000,15000,105000,105000
065840,國巨元大03購01  ,0,0,0,0,0,0,0,0,0,105000,0,0,0,107000,2000,105000,105000
066524,創意統一02購03  ,0,0,0,0,0,0,0,0,0,105000,0,0,0,110000,5000,105000,105000
065378,嘉澤元大01購01  ,0,0,0,0,0,0,0,0,0,105000,0,0,0,114000,9000,105000,105000
065503,燿華永豐9C購04  ,0,0,0,0,0,0,0,0,0,105000,0,0,0,105000,0,105000,105000
5515,建國            ,248000,140000,108000,0,0,0,0,0,0,-3000,0,3000,-3000,0,0,0,105000
068157,晶技元大01購04  ,0,0,0,0,0,0,0,0,0,104000,0,0,0,330000,226000,104000,104000
067959,嘉聯益永豐01購01,0,0,0,0,0,0,0,0,0,104000,0,0,0,146000,42000,104000,104000
068186,GIS群益01購03   ,0,0,0,0,0,0,0,0,0,104000,0,0,0,129000,25000,104000,104000
060125,強茂永豐99購01  ,0,0,0,0,0,0,0,0,0,104000,0,0,0,104000,0,104000,104000
060144,全新國票9B購01  ,0,0,0,0,0,0,0,0,0,104000,0,0,0,106000,2000,104000,104000
058511,華新科元大9B購01,0,0,0,0,0,0,0,0,0,104000,0,0,0,190000,86000,104000,104000
062625,華通國票9B購02  ,0,0,0,0,0,0,0,0,0,104000,0,0,0,220000,116000,104000,104000
063336,大成鋼統一9C購02,0,0,0,0,0,0,0,0,0,104000,0,0,0,104000,0,104000,104000
065707,聯詠群益9C購02  ,0,0,0,0,0,0,0,0,0,104000,0,0,0,115000,11000,104000,104000
2636,台驊投控        ,286000,172000,114000,0,0,0,0,0,0,-10000,0,10000,-10000,0,0,0,104000
067587,欣興群益01購03  ,0,0,0,0,0,0,0,0,0,103000,0,0,0,171000,68000,103000,103000
067416,南紡凱基01購01  ,0,0,0,0,0,0,0,0,0,103000,0,0,0,173000,70000,103000,103000
058105,旺宏統一9A購02  ,0,0,0,0,0,0,0,0,0,103000,0,0,0,168000,65000,103000,103000
059817,華通凱基99購05  ,0,0,0,0,0,0,0,0,0,103000,0,0,0,113000,10000,103000,103000
063744,儒鴻國票9C購01  ,0,0,0,0,0,0,0,0,0,103000,0,0,0,107000,4000,103000,103000
064290,GIS元大9C購04   ,0,0,0,0,0,0,0,0,0,103000,0,0,0,213000,110000,103000,103000
068089,T50反1群益01購08,0,0,0,0,0,0,0,0,0,102000,0,0,0,192000,90000,102000,102000
063568,高鐵元大9B購01  ,0,0,0,0,0,0,0,0,0,102000,0,0,0,307000,205000,102000,102000
063578,瑞祺元大9B購03  ,0,0,0,0,0,0,0,0,0,102000,0,0,0,112000,10000,102000,102000
061766,華新科元大9B購02,0,0,0,0,0,0,0,0,0,102000,0,0,0,170000,68000,102000,102000
061069,嘉聯益凱基9A購01,0,0,0,0,0,0,0,0,0,102000,0,0,0,122000,20000,102000,102000
060807,新光金群益9A購01,0,0,0,0,0,0,0,0,0,102000,0,0,0,102000,0,102000,102000
061564,華擎國票9A購02  ,0,0,0,0,0,0,0,0,0,102000,0,0,0,151000,49000,102000,102000
062690,華擎統一9B購01  ,0,0,0,0,0,0,0,0,0,102000,0,0,0,112000,10000,102000,102000
064980,牧德元大01購01  ,0,0,0,0,0,0,0,0,0,102000,0,0,0,168000,66000,102000,102000
064580,統一永豐9C購01  ,0,0,0,0,0,0,0,0,0,102000,0,0,0,102000,0,102000,102000
08738P,TPK凱基01售02   ,0,0,0,0,0,0,0,0,0,102000,0,0,0,102000,0,102000,102000
3036,文曄            ,212091,112000,100091,0,0,0,0,1000,-1000,2000,37000,25000,12000,48000,58000,-10000,101091
067514,申豐統一02購05  ,0,0,0,0,0,0,0,0,0,101000,0,0,0,192000,91000,101000,101000
067711,緯穎元富05購01  ,0,0,0,0,0,0,0,0,0,101000,0,0,0,144000,43000,101000,101000
067481,國產元大01購03  ,0,0,0,0,0,0,0,0,0,101000,0,0,0,135000,34000,101000,101000
068609,華擎凱基03購01  ,0,0,0,0,0,0,0,0,0,101000,0,0,0,110000,9000,101000,101000
059093,旭富元大99購01  ,0,0,0,0,0,0,0,0,0,101000,0,0,0,162000,61000,101000,101000
063294,美律麥證9B購01  ,0,0,0,101000,0,101000,0,0,0,101000,0,0,0,101000,0,101000,101000
064598,國巨元富9C購03  ,0,0,0,0,0,0,0,0,0,101000,0,0,0,111000,10000,101000,101000
063916,瀚宇博凱基01購01,0,0,0,0,0,0,0,0,0,101000,0,0,0,244000,143000,101000,101000
065870,正崴群益02購01  ,0,0,0,0,0,0,0,0,0,101000,0,0,0,101000,0,101000,101000
065988,晶技永豐01購01  ,0,0,0,0,0,0,0,0,0,101000,0,0,0,101000,0,101000,101000
068721,致茂元大02購01  ,0,0,0,0,0,0,0,0,0,100000,0,0,0,150000,50000,100000,100000
068783,亞德客康和02購01,0,0,0,0,0,0,0,0,0,100000,0,0,0,100000,0,100000,100000
068779,華邦電國票03購01,0,0,0,0,0,0,0,0,0,100000,0,0,0,100000,0,100000,100000
068432,技嘉凱基01購02  ,0,0,0,0,0,0,0,0,0,100000,0,0,0,144000,44000,100000,100000
07630P,臺股指凱基9A售11,0,0,0,0,0,0,0,0,0,100000,0,0,0,100000,0,100000,100000
07789P,緯穎群益9A售03  ,0,0,0,0,0,0,0,0,0,100000,0,0,0,100000,0,100000,100000
068828,台郡元大02購02  ,0,0,0,0,0,0,0,0,0,100000,0,0,0,102000,2000,100000,100000
06897P,FBVIX群益01售01 ,0,0,0,0,0,0,0,0,0,100000,0,0,0,100000,0,100000,100000
07254P,台灣50凱基9C售06,0,0,0,0,0,0,0,0,0,100000,0,0,0,100000,0,100000,100000
067362,眾達群益01購02  ,0,0,0,0,0,0,0,0,0,100000,0,0,0,100000,0,100000,100000
067661,大成元大01購01  ,0,0,0,0,0,0,0,0,0,100000,0,0,0,100000,0,100000,100000
059029,旺宏兆豐99購01  ,0,0,0,0,0,0,0,0,0,100000,0,0,0,100000,0,100000,100000
059223,大立光元大99購14,0,0,0,0,0,0,0,0,0,100000,0,0,0,116000,16000,100000,100000
059493,國巨國票9B購01  ,0,0,0,0,0,0,0,0,0,100000,0,0,0,100000,0,100000,100000
058634,可成兆豐99購03  ,0,0,0,0,0,0,0,0,0,100000,0,0,0,100000,0,100000,100000
058337,日月光元富99購01,0,0,0,0,0,0,0,0,0,100000,0,0,0,100000,0,100000,100000
058446,新光金富邦9C購01,0,0,0,0,0,0,0,0,0,100000,0,0,0,100000,0,100000,100000
063562,國巨元大9C購06  ,0,0,0,0,0,0,0,0,0,100000,0,0,0,125000,25000,100000,100000
060035,臺股指永豐99購04,0,0,0,0,0,0,0,0,0,100000,0,0,0,100000,0,100000,100000
057724,亞德客國泰99購01,0,0,0,0,0,0,0,0,0,100000,0,0,0,100000,0,100000,100000
058051,同欣電元大98購03,0,0,0,0,0,0,0,0,0,100000,0,0,0,100000,0,100000,100000
058736,鈺齊永豐99購02  ,0,0,0,0,0,0,0,0,0,100000,0,0,0,100000,0,100000,100000
059870,全新凱基99購05  ,0,0,0,0,0,0,0,0,0,100000,0,0,0,150000,50000,100000,100000
057792,群創統一99購01  ,0,0,0,0,0,0,0,0,0,100000,0,0,0,130000,30000,100000,100000
056579,麗豐元大99購01  ,0,0,0,0,0,0,0,0,0,100000,0,0,0,100000,0,100000,100000
057161,亞德客元大98購02,0,0,0,0,0,0,0,0,0,100000,0,0,0,100000,0,100000,100000
053799,矽創中信9A購01  ,0,0,0,0,0,0,0,0,0,100000,0,0,0,110000,10000,100000,100000
053297,鎧勝中信98購01  ,0,0,0,0,0,0,0,0,0,100000,0,0,0,100000,0,100000,100000
056158,新日興凱基98購02,0,0,0,0,0,0,0,0,0,100000,0,0,0,100000,0,100000,100000
061822,和潤群益9B購01  ,0,0,0,0,0,0,0,0,0,100000,0,0,0,128000,28000,100000,100000
061713,華邦電凱基9A購01,0,0,0,0,0,0,0,0,0,100000,0,0,0,100000,0,100000,100000
061584,勤誠元大9A購01  ,0,0,0,0,0,0,0,0,0,100000,0,0,0,188000,88000,100000,100000
061229,緯穎中信9B購01  ,0,0,0,0,0,0,0,0,0,100000,0,0,0,100000,0,100000,100000
060454,葡萄王元大9A購01,0,0,0,0,0,0,0,0,0,100000,0,0,0,100000,0,100000,100000
062695,華通元大9C購01  ,0,0,0,0,0,0,0,0,0,100000,0,0,0,104000,4000,100000,100000
062466,FBVIX凱基9B購01 ,0,0,0,0,0,0,0,0,0,100000,0,0,0,100000,0,100000,100000
062362,致茂元大9B購01  ,0,0,0,0,0,0,0,0,0,100000,0,0,0,100000,0,100000,100000
062857,SP黃豆國票9C購01,0,0,0,0,0,0,0,0,0,100000,0,0,0,100000,0,100000,100000
066064,T50反1凱基03購03,0,0,0,0,0,0,0,0,0,100000,0,0,0,100000,0,100000,100000
066829,奇力新群益01購01,0,0,0,0,0,0,0,0,0,100000,0,0,0,100000,0,100000,100000
066749,瑞祺元大01購03  ,0,0,0,0,0,0,0,0,0,100000,0,0,0,100000,0,100000,100000
066634,泰碩凱基02購02  ,0,0,0,0,0,0,0,0,0,100000,0,0,0,100000,0,100000,100000
064979,華擎元大9C購04  ,0,0,0,0,0,0,0,0,0,100000,0,0,0,175000,75000,100000,100000
064942,道瓊反凱基02購01,0,0,0,0,0,0,0,0,0,100000,0,0,0,100000,0,100000,100000
06536P,臺股指群益98售04,0,0,0,0,0,0,0,0,0,100000,0,0,0,100000,0,100000,100000
08338P,台灣50凱基9C售11,0,0,0,0,0,0,0,0,0,100000,0,0,0,100000,0,100000,100000
08503P,臺股指國票9C售05,0,0,0,0,0,0,0,0,0,100000,0,0,0,100000,0,100000,100000
052572,群創凱基99購01  ,0,0,0,0,0,0,0,0,0,99000,0,0,0,99000,0,99000,99000
056765,友達元大9B購05  ,0,0,0,0,0,0,0,0,0,99000,0,0,0,100000,1000,99000,99000
063613,全新群益9C購01  ,0,0,0,0,0,0,0,0,0,99000,0,0,0,99000,0,99000,99000
062883,智易兆豐9C購01  ,0,0,0,0,0,0,0,0,0,99000,0,0,0,130000,31000,99000,99000
063728,國巨元大9B購21  ,0,0,0,0,0,0,0,0,0,99000,0,0,0,161000,62000,99000,99000
062564,矽創凱基9B購01  ,0,0,0,0,0,0,0,0,0,99000,0,0,0,220000,121000,99000,99000
063657,茂林元富9B購04  ,0,0,0,0,0,0,0,0,0,99000,0,0,0,377000,278000,99000,99000
063658,瑞祺元富9B購01  ,0,0,0,0,0,0,0,0,0,99000,0,0,0,99000,0,99000,99000
060785,國巨富邦9B購04  ,0,0,0,0,0,0,0,0,0,99000,0,0,0,260000,161000,99000,99000
064298,台灣50兆豐01購02,0,0,0,0,0,0,0,0,0,99000,0,0,0,110000,11000,99000,99000
064012,泰碩國票01購02  ,0,0,0,0,0,0,0,0,0,99000,0,0,0,99000,0,99000,99000
066486,台光電元富01購02,0,0,0,0,0,0,0,0,0,99000,0,0,0,119000,20000,99000,99000
068277,緯穎永豐01購03  ,0,0,0,0,0,0,0,0,0,98000,0,0,0,108000,10000,98000,98000
062480,茂林國票9B購01  ,0,0,0,0,0,0,0,0,0,98000,0,0,0,98000,0,98000,98000
066043,美律元大01購01  ,0,0,0,0,0,0,0,0,0,98000,0,0,0,310000,212000,98000,98000
065948,燿華統一01購02  ,0,0,0,0,0,0,0,0,0,98000,0,0,0,131000,33000,98000,98000
065541,GIS統一01購05   ,0,0,0,0,0,0,0,0,0,98000,0,0,0,148000,50000,98000,98000
07694P,超眾元大9A售05  ,0,0,0,0,0,0,0,0,0,97000,0,0,0,100000,3000,97000,97000
067383,樺漢統一03購02  ,0,0,0,0,0,0,0,0,0,97000,0,0,0,197000,100000,97000,97000
060242,潤泰全元大9C購01,0,0,0,0,0,0,0,0,0,97000,0,0,0,147000,50000,97000,97000
058318,致茂永豐9A購01  ,0,0,0,0,0,0,0,0,0,97000,0,0,0,277000,180000,97000,97000
057102,亞光中信9A購01  ,0,0,0,0,0,0,0,0,0,97000,0,0,0,100000,3000,97000,97000
058688,矽創凱基9A購01  ,0,0,0,0,0,0,0,0,0,97000,0,0,0,107000,10000,97000,97000
062485,華通國泰01購01  ,0,0,0,0,0,0,0,0,0,97000,0,0,0,177000,80000,97000,97000
062906,全新元大9B購03  ,0,0,0,0,0,0,0,0,0,97000,0,0,0,98000,1000,97000,97000
064872,南電永豐9C購02  ,0,0,0,0,0,0,0,0,0,97000,0,0,0,97000,0,97000,97000
065798,華通群益01購03  ,0,0,0,0,0,0,0,0,0,97000,0,0,0,97000,0,97000,97000
1783,和康生          ,154000,42000,112000,0,0,0,0,0,0,-15000,0,15000,-15000,0,0,0,97000
068032,大毅元富07購01  ,0,0,0,0,0,0,0,0,0,96000,0,0,0,96000,0,96000,96000
07114P,旺宏兆豐9A售01  ,0,0,0,0,0,0,0,0,0,96000,0,0,0,110000,14000,96000,96000
00743,國泰中國A150    ,61000,0,61000,0,0,0,0,0,0,35000,0,0,0,42000,7000,35000,96000
058270,上緯控永豐99購01,0,0,0,0,0,0,0,0,0,96000,0,0,0,130000,34000,96000,96000
060283,台肥元大9C購01  ,0,0,0,0,0,0,0,0,0,96000,0,0,0,96000,0,96000,96000
061849,國巨國票9B購08  ,0,0,0,0,0,0,0,0,0,96000,0,0,0,240000,144000,96000,96000
061077,國巨兆豐9B購01  ,0,0,0,0,0,0,0,0,0,96000,0,0,0,180000,84000,96000,96000
064001,華通凱基02購01  ,0,0,0,0,0,0,0,0,0,96000,0,0,0,141000,45000,96000,96000
064667,大立光元大02購01,0,0,0,0,0,0,0,0,0,96000,0,0,0,289000,193000,96000,96000
068399,中興電元富03購01,0,0,0,0,0,0,0,0,0,95000,0,0,0,100000,5000,95000,95000
068767,台積電統一04購05,0,0,0,0,0,0,0,0,0,95000,0,0,0,105000,10000,95000,95000
068058,聯電中信03購02  ,0,0,0,0,0,0,0,0,0,95000,0,0,0,378000,283000,95000,95000
067868,欣興元大01購07  ,0,0,0,0,0,0,0,0,0,95000,0,0,0,136000,41000,95000,95000
067680,聯詠元大01購08  ,0,0,0,0,0,0,0,0,0,95000,0,0,0,160000,65000,95000,95000
067422,微星凱基02購03  ,0,0,0,0,0,0,0,0,0,95000,0,0,0,196000,101000,95000,95000
060244,大立光元大9B購02,0,0,0,0,0,0,0,0,0,95000,0,0,0,228000,133000,95000,95000
062183,奇鋐元大9B購01  ,0,0,0,0,0,0,0,0,0,95000,0,0,0,137000,42000,95000,95000
063487,國巨國泰01購02  ,0,0,0,0,0,0,0,0,0,95000,0,0,0,448000,353000,95000,95000
063849,奇鋐元大9C購01  ,0,0,0,0,0,0,0,0,0,95000,0,0,0,111000,16000,95000,95000
065513,旺宏群益9C購05  ,0,0,0,0,0,0,0,0,0,95000,0,0,0,99000,4000,95000,95000
065030,亞光兆豐9C購01  ,0,0,0,0,0,0,0,0,0,95000,0,0,0,191000,96000,95000,95000
066057,華擎元大02購01  ,0,0,0,0,0,0,0,0,0,95000,0,0,0,269000,174000,95000,95000
066155,華碩康和01購01  ,0,0,0,0,0,0,0,0,0,95000,0,0,0,341000,246000,95000,95000
066694,深中小群益03購01,0,0,0,0,0,0,0,0,0,95000,0,0,0,424000,329000,95000,95000
066784,滬深反中信03購01,0,0,0,0,0,0,0,0,0,95000,0,0,0,100000,5000,95000,95000
08835P,聯發科統一01售12,0,0,0,0,0,0,0,0,0,95000,0,0,0,95000,0,95000,95000
067673,義隆元大01購06  ,0,0,0,0,0,0,0,0,0,94000,0,0,0,193000,99000,94000,94000
068387,國巨統一03購02  ,0,0,0,0,0,0,0,0,0,94000,0,0,0,101000,7000,94000,94000
068823,景碩元大02購02  ,0,0,0,0,0,0,0,0,0,94000,0,0,0,236000,142000,94000,94000
08158P,嘉澤元富9B售03  ,0,0,0,0,0,0,0,0,0,94000,0,0,0,96000,2000,94000,94000
062003,國巨國泰01購01  ,0,0,0,0,0,0,0,0,0,94000,0,0,0,99000,5000,94000,94000
061996,矽格元大9B購01  ,0,0,0,0,0,0,0,0,0,94000,0,0,0,106000,12000,94000,94000
060671,亞德客元大9A購03,0,0,0,0,0,0,0,0,0,94000,0,0,0,94000,0,94000,94000
063505,奇力新群益9B購03,0,0,0,0,0,0,0,0,0,94000,0,0,0,136000,42000,94000,94000
062167,燿華永豐9B購01  ,0,0,0,0,0,0,0,0,0,94000,0,0,0,94000,0,94000,94000
063096,勤誠國票9B購02  ,0,0,0,0,0,0,0,0,0,94000,0,0,0,94000,0,94000,94000
060895,華新科凱基9B購05,0,0,0,0,0,0,0,0,0,94000,0,0,0,94000,0,94000,94000
064391,亞德客永豐9C購01,0,0,0,0,0,0,0,0,0,94000,0,0,0,104000,10000,94000,94000
066138,健策群益01購05  ,0,0,0,0,0,0,0,0,0,94000,0,0,0,94000,0,94000,94000
065124,燿華永豐9C購03  ,0,0,0,0,0,0,0,0,0,94000,0,0,0,94000,0,94000,94000
068174,華新科中信01購01,0,0,0,0,0,0,0,0,0,93000,0,0,0,111000,18000,93000,93000
068001,欣興元大01購08  ,0,0,0,0,0,0,0,0,0,93000,0,0,0,93000,0,93000,93000
068003,玉晶光元大01購12,0,0,0,0,0,0,0,0,0,93000,0,0,0,264000,171000,93000,93000
067441,儒鴻國票02購01  ,0,0,0,0,0,0,0,0,0,93000,0,0,0,103000,10000,93000,93000
067076,聯詠元大01購05  ,0,0,0,0,0,0,0,0,0,93000,0,0,0,193000,100000,93000,93000
00728,第一金工業30    ,0,0,0,0,0,0,0,0,0,93000,0,0,0,306000,213000,93000,93000
051277,聯發科中信9A購01,0,0,0,0,0,0,0,0,0,93000,0,0,0,94000,1000,93000,93000
061817,高鐵群益9B購01  ,0,0,0,0,0,0,0,0,0,93000,0,0,0,107000,14000,93000,93000
061245,晶技群益9A購01  ,0,0,0,0,0,0,0,0,0,93000,0,0,0,93000,0,93000,93000
063499,金像電永豐9B購03,0,0,0,0,0,0,0,0,0,93000,0,0,0,103000,10000,93000,93000
062574,美食群益9B購02  ,0,0,0,0,0,0,0,0,0,93000,0,0,0,93000,0,93000,93000
062329,奇力新統一9C購03,0,0,0,0,0,0,0,0,0,93000,0,0,0,173000,80000,93000,93000
065136,正隆凱基9C購01  ,0,0,0,0,0,0,0,0,0,93000,0,0,0,173000,80000,93000,93000
065389,聯茂兆豐9C購01  ,0,0,0,0,0,0,0,0,0,93000,0,0,0,93000,0,93000,93000
063938,上銀元大9C購03  ,0,0,0,0,0,0,0,0,0,93000,0,0,0,161000,68000,93000,93000
068063,大立光兆豐01購02,0,0,0,0,0,0,0,0,0,92000,0,0,0,120000,28000,92000,92000
07612P,國巨國泰9B售06  ,0,0,0,0,0,0,0,0,0,92000,0,0,0,100000,8000,92000,92000
07030P,鈺齊群益99售01  ,0,0,0,0,0,0,0,0,0,92000,0,0,0,152000,60000,92000,92000
063638,華新科元大9B購14,0,0,0,0,0,0,0,0,0,92000,0,0,0,92000,0,92000,92000
061041,南電永豐9A購03  ,0,0,0,0,0,0,0,0,0,92000,0,0,0,92000,0,92000,92000
065989,泰碩永豐01購01  ,0,0,0,0,0,0,0,0,0,92000,0,0,0,93000,1000,92000,92000
08815P,聯發科國泰03售03,0,0,0,0,0,0,0,0,0,92000,0,0,0,241000,149000,92000,92000
6558,興能高          ,161000,69000,92000,0,0,0,0,0,0,0,0,0,0,0,0,0,92000
067340,欣興凱基02購02  ,0,0,0,0,0,0,0,0,0,91000,0,0,0,193000,102000,91000,91000
054874,帆宣群益99購02  ,0,0,0,0,0,0,0,0,0,91000,0,0,0,91000,0,91000,91000
061978,旺宏元大9C購01  ,0,0,0,0,0,0,0,0,0,91000,0,0,0,150000,59000,91000,91000
058073,大立光凱基99購04,0,0,0,0,0,0,0,0,0,91000,0,0,0,122000,31000,91000,91000
061498,大立光國票9A購10,0,0,0,0,0,0,0,0,0,91000,0,0,0,119000,28000,91000,91000
062203,燿華國票9C購01  ,0,0,0,0,0,0,0,0,0,91000,0,0,0,119000,28000,91000,91000
062207,牧德國票9B購02  ,0,0,0,0,0,0,0,0,0,91000,0,0,0,111000,20000,91000,91000
062272,鴻海群益9B購05  ,0,0,0,0,0,0,0,0,0,91000,0,0,0,111000,20000,91000,91000
061439,寶成凱基9A購01  ,0,0,0,0,0,0,0,0,0,91000,0,0,0,121000,30000,91000,91000
062425,可成統一01購01  ,0,0,0,0,0,0,0,0,0,91000,0,0,0,115000,24000,91000,91000
066235,大毅富邦04購01  ,0,0,0,0,0,0,0,0,0,91000,0,0,0,91000,0,91000,91000
066273,晶技元大01購02  ,0,0,0,0,0,0,0,0,0,91000,0,0,0,94000,3000,91000,91000
08992P,牧德元大01售02  ,0,0,0,0,0,0,0,0,0,91000,0,0,0,96000,5000,91000,91000
067268,日月光永豐01購01,0,0,0,0,0,0,0,0,0,90000,0,0,0,100000,10000,90000,90000
067437,瑞祺凱基02購02  ,0,0,0,0,0,0,0,0,0,90000,0,0,0,90000,0,90000,90000
067088,啟碁元大01購01  ,0,0,0,0,0,0,0,0,0,90000,0,0,0,506000,416000,90000,90000
068394,GIS統一03購02   ,0,0,0,0,0,0,0,0,0,90000,0,0,0,100000,10000,90000,90000
060220,華新科凱基9A購08,0,0,0,0,0,0,0,0,0,90000,0,0,0,90000,0,90000,90000
063611,儒鴻群益9B購03  ,0,0,0,0,0,0,0,0,0,90000,0,0,0,122000,32000,90000,90000
05830P,滬深2X元富99售03,0,0,0,0,0,0,0,0,0,90000,0,0,0,110000,20000,90000,90000
054312,TPK凱基98購01   ,0,0,0,0,0,0,0,0,0,90000,0,0,0,90000,0,90000,90000
057187,群創元大9B購04  ,0,0,0,0,0,0,0,0,0,90000,0,0,0,90000,0,90000,90000
057305,南亞科兆豐98購02,0,0,0,0,0,0,0,0,0,90000,0,0,0,90000,0,90000,90000
062588,國巨統一9B購14  ,0,0,0,0,0,0,0,0,0,90000,0,0,0,90000,0,90000,90000
062596,緯穎統一01購02  ,0,0,0,0,0,0,0,0,0,90000,0,0,0,100000,10000,90000,90000
063194,華新科台新9B購01,0,0,0,0,0,0,0,0,0,90000,0,0,0,90000,0,90000,90000
060426,盛群永豐9A購01  ,0,0,0,0,0,0,0,0,0,90000,0,0,0,120000,30000,90000,90000
065734,凌華凱基9C購01  ,0,0,0,0,0,0,0,0,0,90000,0,0,0,110000,20000,90000,90000
063839,華通元大9C購02  ,0,0,0,0,0,0,0,0,0,90000,0,0,0,181000,91000,90000,90000
064827,友達統一02購02  ,0,0,0,0,0,0,0,0,0,90000,0,0,0,90000,0,90000,90000
065437,台表科凱基9C購03,0,0,0,0,0,0,0,0,0,90000,0,0,0,163000,73000,90000,90000
08292P,華新科台新9C售01,0,0,0,0,0,0,0,0,0,90000,0,0,0,90000,0,90000,90000
067864,台光電元大01購05,0,0,0,0,0,0,0,0,0,89000,0,0,0,101000,12000,89000,89000
067813,晶技凱基01購03  ,0,0,0,0,0,0,0,0,0,89000,0,0,0,124000,35000,89000,89000
057818,泰碩元大9A購01  ,0,0,0,0,0,0,0,0,0,89000,0,0,0,194000,105000,89000,89000
059823,奇力新凱基99購07,0,0,0,0,0,0,0,0,0,89000,0,0,0,100000,11000,89000,89000
03094P,台達電凱基01售04,0,0,0,0,0,0,0,0,0,89000,0,0,0,103000,14000,89000,89000
060157,致茂永豐9A購02  ,0,0,0,0,0,0,0,0,0,89000,0,0,0,89000,0,89000,89000
061269,嘉澤凱基9A購01  ,0,0,0,0,0,0,0,0,0,89000,0,0,0,108000,19000,89000,89000
064133,力成元大9C購01  ,0,0,0,0,0,0,0,0,0,89000,0,0,0,104000,15000,89000,89000
063027,台汽電元大9B購01,0,0,0,0,0,0,0,0,0,89000,0,0,0,114000,25000,89000,89000
063331,瑞儀國票9C購01  ,0,0,0,0,0,0,0,0,0,89000,0,0,0,97000,8000,89000,89000
064180,國巨富邦02購03  ,0,0,0,0,0,0,0,0,0,89000,0,0,0,181000,92000,89000,89000
065841,國巨元大9C購20  ,0,0,0,0,0,0,0,0,0,89000,0,0,0,90000,1000,89000,89000
066177,上緯控凱基01購01,0,0,0,0,0,0,0,0,0,89000,0,0,0,123000,34000,89000,89000
066001,景碩國票02購01  ,0,0,0,0,0,0,0,0,0,89000,0,0,0,419000,330000,89000,89000
08588P,緯穎元富03售01  ,0,0,0,0,0,0,0,0,0,89000,0,0,0,151000,62000,89000,89000
08934P,鴻海元大01售18  ,0,0,0,0,0,0,0,0,0,89000,0,0,0,89000,0,89000,89000
068070,友達凱基05購01  ,0,0,0,0,0,0,0,0,0,88000,0,0,0,88000,0,88000,88000
062988,儒鴻群益9B購01  ,0,0,0,0,0,0,0,0,0,88000,0,0,0,88000,0,88000,88000
061153,奇力新群益9A購02,0,0,0,0,0,0,0,0,0,88000,0,0,0,121000,33000,88000,88000
066741,華擎元大01購03  ,0,0,0,0,0,0,0,0,0,88000,0,0,0,127000,39000,88000,88000
066295,昇陽半元大01購01,0,0,0,0,0,0,0,0,0,88000,0,0,0,88000,0,88000,88000
065522,旭富群益9C購03  ,0,0,0,0,0,0,0,0,0,88000,0,0,0,89000,1000,88000,88000
065460,嘉聯益台新9C購01,0,0,0,0,0,0,0,0,0,88000,0,0,0,98000,10000,88000,88000
5607,遠雄港          ,177000,48000,129000,0,0,0,0,0,0,-41000,0,41000,-41000,0,0,0,88000
067297,台積電元大02購03,0,0,0,0,0,0,0,0,0,87000,0,0,0,87000,0,87000,87000
068178,華邦電群益01購04,0,0,0,0,0,0,0,0,0,87000,0,0,0,110000,23000,87000,87000
068657,台積電元大02購10,0,0,0,0,0,0,0,0,0,87000,0,0,0,98000,11000,87000,87000
061321,華新科凱基9A購09,0,0,0,0,0,0,0,0,0,87000,0,0,0,87000,0,87000,87000
057275,友達元大9A購04  ,0,0,0,0,0,0,0,0,0,87000,0,0,0,155000,68000,87000,87000
055775,友達凱基9A購01  ,0,0,0,0,0,0,0,0,0,87000,0,0,0,87000,0,87000,87000
062148,奇鋐國票9B購01  ,0,0,0,0,0,0,0,0,0,87000,0,0,0,102000,15000,87000,87000
063627,上銀元大9B購09  ,0,0,0,0,0,0,0,0,0,87000,0,0,0,87000,0,87000,87000
065027,玉晶光中信03購01,0,0,0,0,0,0,0,0,0,87000,0,0,0,182000,95000,87000,87000
064709,瑞祺永豐9C購01  ,0,0,0,0,0,0,0,0,0,87000,0,0,0,87000,0,87000,87000
066439,信錦群益02購01  ,0,0,0,0,0,0,0,0,0,87000,0,0,0,181000,94000,87000,87000
066539,晶技兆豐01購02  ,0,0,0,0,0,0,0,0,0,87000,0,0,0,94000,7000,87000,87000
066107,惠特國票02購01  ,0,0,0,0,0,0,0,0,0,87000,0,0,0,158000,71000,87000,87000
068757,亞德客永豐02購01,0,0,0,0,0,0,0,0,0,86000,0,0,0,86000,0,86000,86000
067538,晶技群益01購02  ,0,0,0,0,0,0,0,0,0,86000,0,0,0,278000,192000,86000,86000
03247P,聯電元富03售02  ,0,0,0,0,0,0,0,0,0,86000,0,0,0,86000,0,86000,86000
063639,華擎元大9C購03  ,0,0,0,0,0,0,0,0,0,86000,0,0,0,86000,0,86000,86000
062146,大毅國票9B購01  ,0,0,0,0,0,0,0,0,0,86000,0,0,0,88000,2000,86000,86000
063396,金像電群益9C購01,0,0,0,0,0,0,0,0,0,86000,0,0,0,164000,78000,86000,86000
063352,上銀元富9B購02  ,0,0,0,0,0,0,0,0,0,86000,0,0,0,86000,0,86000,86000
063529,聯茂凱基9B購02  ,0,0,0,0,0,0,0,0,0,86000,0,0,0,120000,34000,86000,86000
062939,奇力新凱基9B購02,0,0,0,0,0,0,0,0,0,86000,0,0,0,96000,10000,86000,86000
061529,國巨台新9A購02  ,0,0,0,0,0,0,0,0,0,86000,0,0,0,93000,7000,86000,86000
060896,晶技凱基9A購02  ,0,0,0,0,0,0,0,0,0,86000,0,0,0,88000,2000,86000,86000
061723,嘉聯益永豐9A購03,0,0,0,0,0,0,0,0,0,86000,0,0,0,86000,0,86000,86000
064518,華新科群益02購01,0,0,0,0,0,0,0,0,0,86000,0,0,0,157000,71000,86000,86000
065852,創意元大9C購06  ,0,0,0,0,0,0,0,0,0,86000,0,0,0,162000,76000,86000,86000
066323,精元永豐01購01  ,0,0,0,0,0,0,0,0,0,86000,0,0,0,104000,18000,86000,86000
063966,大毅國票01購01  ,0,0,0,0,0,0,0,0,0,86000,0,0,0,108000,22000,86000,86000
065435,臻鼎凱基02購01  ,0,0,0,0,0,0,0,0,0,86000,0,0,0,240000,154000,86000,86000
2890,永豐金          ,6065367,6772000,-706633,0,0,0,676000,14000,662000,130000,137000,42000,95000,35000,0,35000,85367
067958,中磊永豐01購01  ,0,0,0,0,0,0,0,0,0,85000,0,0,0,117000,32000,85000,85000
067371,聯發科統一02購08,0,0,0,0,0,0,0,0,0,85000,0,0,0,235000,150000,85000,85000
067478,興勤元大01購01  ,0,0,0,0,0,0,0,0,0,85000,0,0,0,105000,20000,85000,85000
068490,台光電元大01購06,0,0,0,0,0,0,0,0,0,85000,0,0,0,168000,83000,85000,85000
07600P,台灣50凱基04售06,0,0,0,0,0,0,0,0,0,85000,0,0,0,85000,0,85000,85000
03235P,宏達電元大02售02,0,0,0,0,0,0,0,0,0,85000,0,0,0,88000,3000,85000,85000
053381,友達元大9A購02  ,0,0,0,0,0,0,0,0,0,85000,0,0,0,695000,610000,85000,85000
056671,台灣50元富9A購01,0,0,0,0,0,0,0,0,0,85000,0,0,0,85000,0,85000,85000
058183,國巨富邦9A購06  ,0,0,0,0,0,0,0,0,0,85000,0,0,0,85000,0,85000,85000
064620,大立光元大01購03,0,0,0,0,0,0,0,0,0,85000,0,0,0,85000,0,85000,85000
062379,致新元大9B購01  ,0,0,0,0,0,0,0,0,0,85000,0,0,0,175000,90000,85000,85000
064921,景碩統一02購01  ,0,0,0,0,0,0,0,0,0,85000,0,0,0,265000,180000,85000,85000
066375,南亞科兆豐01購01,0,0,0,0,0,0,0,0,0,85000,0,0,0,85000,0,85000,85000
066369,瀚宇博中信01購01,0,0,0,0,0,0,0,0,0,85000,0,0,0,157000,72000,85000,85000
066737,創意元大01購05  ,0,0,0,0,0,0,0,0,0,85000,0,0,0,129000,44000,85000,85000
065789,泰碩永豐9C購02  ,0,0,0,0,0,0,0,0,0,85000,0,0,0,85000,0,85000,85000
067163,眾達國票02購01  ,0,0,0,0,0,0,0,0,0,84000,0,0,0,122000,38000,84000,84000
060156,光磊永豐9A購01  ,0,0,0,0,0,0,0,0,0,84000,0,0,0,85000,1000,84000,84000
062573,大毅群益9B購03  ,0,0,0,0,0,0,0,0,0,84000,0,0,0,104000,20000,84000,84000
063765,上銀元富9B購09  ,0,0,0,0,0,0,0,0,0,84000,0,0,0,209000,125000,84000,84000
060423,智易永豐9A購01  ,0,0,0,0,0,0,0,0,0,84000,0,0,0,84000,0,84000,84000
063871,瀚宇博永豐9C購01,0,0,0,0,0,0,0,0,0,84000,0,0,0,84000,0,84000,84000
067377,欣興統一02購01  ,0,0,0,0,0,0,0,0,0,83000,0,0,0,83000,0,83000,83000
068301,華通國票03購02  ,0,0,0,0,0,0,0,0,0,83000,0,0,0,101000,18000,83000,83000
061367,瑞祺國票9A購01  ,0,0,0,0,0,0,0,0,0,83000,0,0,0,83000,0,83000,83000
061606,景碩凱基9A購02  ,0,0,0,0,0,0,0,0,0,83000,0,0,0,134000,51000,83000,83000
061237,晶技元大9A購01  ,0,0,0,0,0,0,0,0,0,83000,0,0,0,90000,7000,83000,83000
064328,華通元大9C購04  ,0,0,0,0,0,0,0,0,0,83000,0,0,0,225000,142000,83000,83000
064268,緯穎永豐9C購01  ,0,0,0,0,0,0,0,0,0,83000,0,0,0,83000,0,83000,83000
063645,瑞儀元大9B購02  ,0,0,0,0,0,0,0,0,0,83000,0,0,0,88000,5000,83000,83000
062238,臻鼎凱基9C購01  ,0,0,0,0,0,0,0,0,0,83000,0,0,0,372000,289000,83000,83000
063965,漢唐國票01購01  ,0,0,0,0,0,0,0,0,0,83000,0,0,0,96000,13000,83000,83000
063993,華通群益01購01  ,0,0,0,0,0,0,0,0,0,83000,0,0,0,83000,0,83000,83000
063984,華邦電國泰02購01,0,0,0,0,0,0,0,0,0,83000,0,0,0,243000,160000,83000,83000
063989,大立光永豐9C購01,0,0,0,0,0,0,0,0,0,83000,0,0,0,108000,25000,83000,83000
063973,緯穎國票9C購01  ,0,0,0,0,0,0,0,0,0,83000,0,0,0,142000,59000,83000,83000
065003,燿華國票01購01  ,0,0,0,0,0,0,0,0,0,83000,0,0,0,83000,0,83000,83000
065367,技嘉元大01購01  ,0,0,0,0,0,0,0,0,0,83000,0,0,0,87000,4000,83000,83000
065523,茂林群益9C購03  ,0,0,0,0,0,0,0,0,0,83000,0,0,0,184000,101000,83000,83000
065696,旺宏群益9C購06  ,0,0,0,0,0,0,0,0,0,83000,0,0,0,98000,15000,83000,83000
066702,開發金群益03購01,0,0,0,0,0,0,0,0,0,83000,0,0,0,155000,72000,83000,83000
067534,億光群益01購01  ,0,0,0,0,0,0,0,0,0,82000,0,0,0,142000,60000,82000,82000
063560,力山元大9B購05  ,0,0,0,0,0,0,0,0,0,82000,0,0,0,143000,61000,82000,82000
058261,大立光富邦03購01,0,0,0,0,0,0,0,0,0,82000,0,0,0,82000,0,82000,82000
00640L,富邦日本正2     ,0,0,0,0,0,0,0,0,0,82000,0,0,0,175000,93000,82000,82000
061840,長榮航凱基9C購01,0,0,0,0,0,0,0,0,0,82000,0,0,0,88000,6000,82000,82000
064251,緯創元富9C購01  ,0,0,0,0,0,0,0,0,0,82000,0,0,0,96000,14000,82000,82000
061512,國巨永豐9A購04  ,0,0,0,0,0,0,0,0,0,82000,0,0,0,88000,6000,82000,82000
066404,瑞祺凱基02購01  ,0,0,0,0,0,0,0,0,0,82000,0,0,0,82000,0,82000,82000
064977,玉晶光元大01購03,0,0,0,0,0,0,0,0,0,82000,0,0,0,396000,314000,82000,82000
1307,三芳            ,268000,186000,82000,0,0,0,0,0,0,0,7000,7000,0,0,0,0,82000
08753P,群創群益01售01  ,0,0,0,0,0,0,0,0,0,82000,0,0,0,89000,7000,82000,82000
08190P,宏達電元富9B售04,0,0,0,0,0,0,0,0,0,82000,0,0,0,84000,2000,82000,82000
068083,南電凱基01購04  ,0,0,0,0,0,0,0,0,0,81000,0,0,0,136000,55000,81000,81000
067408,達方永豐01購02  ,0,0,0,0,0,0,0,0,0,81000,0,0,0,81000,0,81000,81000
068530,瀚宇博元富04購02,0,0,0,0,0,0,0,0,0,81000,0,0,0,150000,69000,81000,81000
059856,昇陽半永豐99購03,0,0,0,0,0,0,0,0,0,81000,0,0,0,90000,9000,81000,81000
061497,大立光國票9A購09,0,0,0,0,0,0,0,0,0,81000,0,0,0,86000,5000,81000,81000
063401,中租群益9B購03  ,0,0,0,0,0,0,0,0,0,81000,0,0,0,107000,26000,81000,81000
062976,嘉澤元富9B購01  ,0,0,0,0,0,0,0,0,0,81000,0,0,0,162000,81000,81000,81000
065392,華通群益01購02  ,0,0,0,0,0,0,0,0,0,81000,0,0,0,87000,6000,81000,81000
066512,致茂永豐01購01  ,0,0,0,0,0,0,0,0,0,81000,0,0,0,81000,0,81000,81000
066575,緯穎元大01購03  ,0,0,0,0,0,0,0,0,0,81000,0,0,0,141000,60000,81000,81000
065811,億豐群益9C購01  ,0,0,0,0,0,0,0,0,0,81000,0,0,0,129000,48000,81000,81000
3557,嘉威            ,114000,32000,82000,0,0,0,0,0,0,-1000,0,1000,-1000,0,0,0,81000
07840P,康控元大9A售02  ,0,0,0,0,0,0,0,0,0,80000,0,0,0,100000,20000,80000,80000
08046P,臺股指國票9B售11,0,0,0,0,0,0,0,0,0,80000,0,0,0,80000,0,80000,80000
067361,旭富群益01購02  ,0,0,0,0,0,0,0,0,0,80000,0,0,0,85000,5000,80000,80000
068117,欣興元富07購02  ,0,0,0,0,0,0,0,0,0,80000,0,0,0,282000,202000,80000,80000
067663,神隆元大01購03  ,0,0,0,0,0,0,0,0,0,80000,0,0,0,100000,20000,80000,80000
059931,緯穎富邦9A購01  ,0,0,0,0,0,0,0,0,0,80000,0,0,0,80000,0,80000,80000
056670,樺漢國票99購01  ,0,0,0,0,0,0,0,0,0,80000,0,0,0,80000,0,80000,80000
055220,緯穎凱基98購02  ,0,0,0,0,0,0,0,0,0,80000,0,0,0,80000,0,80000,80000
058829,華新科永豐99購04,0,0,0,0,0,0,0,0,0,80000,0,0,0,80000,0,80000,80000
059259,FBVIX中信03購06 ,0,0,0,0,0,0,0,0,0,80000,0,0,0,130000,50000,80000,80000
063558,聚陽元大9B購02  ,0,0,0,0,0,0,0,0,0,80000,0,0,0,90000,10000,80000,80000
061343,大立光元大9A購04,0,0,0,0,0,0,0,0,0,80000,0,0,0,80000,0,80000,80000
057740,茂林富邦9A購01  ,0,0,0,0,0,0,0,0,0,80000,0,0,0,403000,323000,80000,80000
057535,泰鼎元大99購01  ,0,0,0,0,0,0,0,0,0,80000,0,0,0,80000,0,80000,80000
063032,國巨凱基9C購04  ,0,0,0,0,0,0,0,0,0,80000,0,0,0,82000,2000,80000,80000
062622,南電元大9B購03  ,0,0,0,0,0,0,0,0,0,80000,0,0,0,80000,0,80000,80000
062392,國巨富邦02購01  ,0,0,0,0,0,0,0,0,0,80000,0,0,0,139000,59000,80000,80000
063306,聯茂凱基9C購01  ,0,0,0,0,0,0,0,0,0,80000,0,0,0,148000,68000,80000,80000
06326P,鴻海中信01售01  ,0,0,0,0,0,0,0,0,0,80000,0,0,0,80000,0,80000,80000
063274,鈺齊兆豐9B購01  ,0,0,0,0,0,0,0,0,0,80000,0,0,0,142000,62000,80000,80000
061620,禾伸堂群益9A購02,0,0,0,0,0,0,0,0,0,80000,0,0,0,100000,20000,80000,80000
061085,聯茂兆豐9A購01  ,0,0,0,0,0,0,0,0,0,80000,0,0,0,400000,320000,80000,80000
060816,世紀鋼凱基9C購02,0,0,0,0,0,0,0,0,0,80000,0,0,0,110000,30000,80000,80000
065470,聚陽元大01購01  ,0,0,0,0,0,0,0,0,0,80000,0,0,0,112000,32000,80000,80000
065474,旺宏元大9C購06  ,0,0,0,0,0,0,0,0,0,80000,0,0,0,102000,22000,80000,80000
064993,嘉澤兆豐9C購01  ,0,0,0,0,0,0,0,0,0,80000,0,0,0,80000,0,80000,80000
065074,亞德客元大9C購03,0,0,0,0,0,0,0,0,0,80000,0,0,0,80000,0,80000,80000
065082,台光電元大9C購04,0,0,0,0,0,0,0,0,0,80000,0,0,0,80000,0,80000,80000
08371P,京元電凱基9C售01,0,0,0,0,0,0,0,0,0,80000,0,0,0,80000,0,80000,80000
08411P,技嘉凱基9C售01  ,0,0,0,0,0,0,0,0,0,80000,0,0,0,80000,0,80000,80000
068626,帆宣群益02購01  ,0,0,0,0,0,0,0,0,0,79000,0,0,0,119000,40000,79000,79000
058309,大毅元大99購02  ,0,0,0,0,0,0,0,0,0,79000,0,0,0,79000,0,79000,79000
057839,台積電富邦9A購02,0,0,0,0,0,0,0,0,0,79000,0,0,0,79000,0,79000,79000
00668,國泰美國道瓊    ,0,1000,-1000,0,0,0,0,0,0,80000,0,0,0,317000,237000,80000,79000
03045P,台表科國票03售01,0,0,0,0,0,0,0,0,0,79000,0,0,0,96000,17000,79000,79000
063342,台光電統一9B購02,0,0,0,0,0,0,0,0,0,79000,0,0,0,83000,4000,79000,79000
063406,麗豐國票9C購01  ,0,0,0,0,0,0,0,0,0,79000,0,0,0,82000,3000,79000,79000
062604,東元凱基9B購01  ,0,0,0,0,0,0,0,0,0,79000,0,0,0,79000,0,79000,79000
062885,臻鼎兆豐9C購01  ,0,0,0,0,0,0,0,0,0,79000,0,0,0,79000,0,79000,79000
065331,亞德客國票01購01,0,0,0,0,0,0,0,0,0,79000,0,0,0,79000,0,79000,79000
065303,國泰金元富9C購01,0,0,0,0,0,0,0,0,0,79000,0,0,0,107000,28000,79000,79000
064918,中信金統一02購01,0,0,0,0,0,0,0,0,0,79000,0,0,0,79000,0,79000,79000
08098P,大立光凱基9B售09,0,0,0,0,0,0,0,0,0,78000,0,0,0,83000,5000,78000,78000
067810,聯發科凱基02購06,0,0,0,0,0,0,0,0,0,78000,0,0,0,205000,127000,78000,78000
068072,聯發科凱基01購18,0,0,0,0,0,0,0,0,0,78000,0,0,0,219000,141000,78000,78000
067256,新唐國票02購01  ,0,0,0,0,0,0,0,0,0,78000,0,0,0,79000,1000,78000,78000
056349,道瓊銀元大9B購01,0,0,0,0,0,0,0,0,0,78000,0,0,0,78000,0,78000,78000
062607,美食凱基9B購01  ,0,0,0,0,0,0,0,0,0,78000,0,0,0,88000,10000,78000,78000
062340,力成麥證9B購01  ,0,0,0,78000,0,78000,0,0,0,78000,0,0,0,78000,0,78000,78000
061094,彩晶統一9B購02  ,0,0,0,0,0,0,0,0,0,78000,0,0,0,142000,64000,78000,78000
061732,智邦中信9B購01  ,0,0,0,0,0,0,0,0,0,78000,0,0,0,178000,100000,78000,78000
065584,華通富邦01購01  ,0,0,0,0,0,0,0,0,0,78000,0,0,0,329000,251000,78000,78000
065130,奇鋐兆豐9C購01  ,0,0,0,0,0,0,0,0,0,78000,0,0,0,78000,0,78000,78000
065256,上銀元大9C購10  ,0,0,0,0,0,0,0,0,0,78000,0,0,0,131000,53000,78000,78000
066052,景碩元大02購01  ,0,0,0,0,0,0,0,0,0,78000,0,0,0,166000,88000,78000,78000
065999,燿華國票02購01  ,0,0,0,0,0,0,0,0,0,78000,0,0,0,84000,6000,78000,78000
066669,華擎凱基02購02  ,0,0,0,0,0,0,0,0,0,78000,0,0,0,93000,15000,78000,78000
2015,豐興            ,138000,50000,88000,0,0,0,0,0,0,-10000,2000,12000,-10000,0,0,0,78000
067469,國巨元大01購09  ,0,0,0,0,0,0,0,0,0,77000,0,0,0,127000,50000,77000,77000
067919,玉晶光永豐01購03,0,0,0,0,0,0,0,0,0,77000,0,0,0,77000,0,77000,77000
07992P,玉晶光群益01售04,0,0,0,0,0,0,0,0,0,77000,0,0,0,90000,13000,77000,77000
058390,樺漢國票9A購01  ,0,0,0,0,0,0,0,0,0,77000,0,0,0,83000,6000,77000,77000
058202,鴻海凱基9A購04  ,0,0,0,0,0,0,0,0,0,77000,0,0,0,160000,83000,77000,77000
059090,台新金元大99購01,0,0,0,0,0,0,0,0,0,77000,0,0,0,118000,41000,77000,77000
059326,康友元大99購01  ,0,0,0,0,0,0,0,0,0,77000,0,0,0,272000,195000,77000,77000
060213,牧德康和9A購01  ,0,0,0,0,0,0,0,0,0,77000,0,0,0,95000,18000,77000,77000
061406,華通國票9A購06  ,0,0,0,0,0,0,0,0,0,77000,0,0,0,134000,57000,77000,77000
063030,華通凱基9B購03  ,0,0,0,0,0,0,0,0,0,77000,0,0,0,84000,7000,77000,77000
062144,華通國票9B購01  ,0,0,0,0,0,0,0,0,0,77000,0,0,0,87000,10000,77000,77000
062160,南六凱基9B購01  ,0,0,0,0,0,0,0,0,0,77000,0,0,0,87000,10000,77000,77000
065126,世芯永豐9C購02  ,0,0,0,0,0,0,0,0,0,77000,0,0,0,119000,42000,77000,77000
065334,立積國票01購02  ,0,0,0,0,0,0,0,0,0,77000,0,0,0,77000,0,77000,77000
064851,勤誠元富03購01  ,0,0,0,0,0,0,0,0,0,77000,0,0,0,177000,100000,77000,77000
08629P,緯創凱基9C售02  ,0,0,0,0,0,0,0,0,0,77000,0,0,0,87000,10000,77000,77000
08352P,大立光群益01售02,0,0,0,0,0,0,0,0,0,77000,0,0,0,77000,0,77000,77000
07883P,可成凱基9B售03  ,0,0,0,0,0,0,0,0,0,76000,0,0,0,76000,0,76000,76000
067343,嘉澤凱基01購01  ,0,0,0,0,0,0,0,0,0,76000,0,0,0,76000,0,76000,76000
061324,華新科凱基9C購01,0,0,0,0,0,0,0,0,0,76000,0,0,0,180000,104000,76000,76000
058835,元油2X中信9C購02,0,0,0,0,0,0,0,0,0,76000,0,0,0,76000,0,76000,76000
03233P,台積電元大02售11,0,0,0,0,0,0,0,0,0,76000,0,0,0,76000,0,76000,76000
063650,矽創元大9B購03  ,0,0,0,0,0,0,0,0,0,76000,0,0,0,410000,334000,76000,76000
063143,嘉澤統一9B購02  ,0,0,0,0,0,0,0,0,0,76000,0,0,0,105000,29000,76000,76000
063286,嘉澤元大9B購04  ,0,0,0,0,0,0,0,0,0,76000,0,0,0,105000,29000,76000,76000
062621,緯穎元大9B購05  ,0,0,0,0,0,0,0,0,0,76000,0,0,0,76000,0,76000,76000
062628,廣達國票9B購01  ,0,0,0,0,0,0,0,0,0,76000,0,0,0,114000,38000,76000,76000
064274,燿華元大9C購01  ,0,0,0,0,0,0,0,0,0,76000,0,0,0,128000,52000,76000,76000
064427,喬山凱基01購01  ,0,0,0,0,0,0,0,0,0,76000,0,0,0,76000,0,76000,76000
061238,晶技元大9A購02  ,0,0,0,0,0,0,0,0,0,76000,0,0,0,112000,36000,76000,76000
064058,儒鴻麥證01購01  ,0,0,0,93000,7000,86000,0,0,0,76000,0,0,0,93000,17000,76000,76000
065105,巨大元大01購01  ,0,0,0,0,0,0,0,0,0,76000,0,0,0,76000,0,76000,76000
065036,世芯統一02購02  ,0,0,0,0,0,0,0,0,0,76000,0,0,0,76000,0,76000,76000
066065,東元凱基04購01  ,0,0,0,0,0,0,0,0,0,76000,0,0,0,76000,0,76000,76000
066220,矽格台新01購01  ,0,0,0,0,0,0,0,0,0,76000,0,0,0,76000,0,76000,76000
066938,敦泰國票02購01  ,0,0,0,0,0,0,0,0,0,75000,0,0,0,147000,72000,75000,75000
068778,華邦電台新02購01,0,0,0,0,0,0,0,0,0,75000,0,0,0,147000,72000,75000,75000
03129P,台光電統一01售06,0,0,0,0,0,0,0,0,0,75000,0,0,0,75000,0,75000,75000
056699,光罩國泰99購01  ,0,0,0,0,0,0,0,0,0,75000,0,0,0,303000,228000,75000,75000
056517,茂林兆豐99購01  ,0,0,0,0,0,0,0,0,0,75000,0,0,0,75000,0,75000,75000
058296,明泰凱基99購01  ,0,0,0,0,0,0,0,0,0,75000,0,0,0,78000,3000,75000,75000
060681,華擎元大9A購02  ,0,0,0,0,0,0,0,0,0,75000,0,0,0,88000,13000,75000,75000
060109,茂林元大99購05  ,0,0,0,0,0,0,0,0,0,75000,0,0,0,138000,63000,75000,75000
058920,SGBR2X元富99購06,0,0,0,0,0,0,0,0,0,75000,0,0,0,100000,25000,75000,75000
060309,佳世達永豐9A購01,0,0,0,0,0,0,0,0,0,75000,0,0,0,142000,67000,75000,75000
064591,臻鼎永豐9C購01  ,0,0,0,0,0,0,0,0,0,75000,0,0,0,83000,8000,75000,75000
061690,旺宏群益9A購05  ,0,0,0,0,0,0,0,0,0,75000,0,0,0,75000,0,75000,75000
061646,力成元大9A購02  ,0,0,0,0,0,0,0,0,0,75000,0,0,0,100000,25000,75000,75000
064247,廣達元富9C購01  ,0,0,0,0,0,0,0,0,0,75000,0,0,0,111000,36000,75000,75000
065041,金像電凱基02購02,0,0,0,0,0,0,0,0,0,75000,0,0,0,75000,0,75000,75000
065383,南電元大01購02  ,0,0,0,0,0,0,0,0,0,75000,0,0,0,75000,0,75000,75000
065545,華通兆豐9C購03  ,0,0,0,0,0,0,0,0,0,75000,0,0,0,127000,52000,75000,75000
064846,旺宏元富03購01  ,0,0,0,0,0,0,0,0,0,75000,0,0,0,75000,0,75000,75000
08449P,華新科群益9C售03,0,0,0,0,0,0,0,0,0,75000,0,0,0,90000,15000,75000,75000
9105,泰金寶-DR       ,86000,11000,75000,0,0,0,0,0,0,0,0,0,0,0,0,0,75000
068310,欣興國票03購02  ,0,0,0,0,0,0,0,0,0,74000,0,0,0,470000,396000,74000,74000
067089,瑞祺元大01購04  ,0,0,0,0,0,0,0,0,0,74000,0,0,0,74000,0,74000,74000
067974,玉晶光群益02購24,0,0,0,0,0,0,0,0,0,74000,0,0,0,98000,24000,74000,74000
058989,茂林凱基99購02  ,0,0,0,0,0,0,0,0,0,74000,0,0,0,85000,11000,74000,74000
059838,茂林國泰9B購01  ,0,0,0,0,0,0,0,0,0,74000,0,0,0,88000,14000,74000,74000
058751,南茂凱基9A購01  ,0,0,0,0,0,0,0,0,0,74000,0,0,0,159000,85000,74000,74000
052755,滬深2X群益9A購01,0,0,0,0,0,0,0,0,0,74000,0,0,0,74000,0,74000,74000
00866,新光Shiller CAPE,0,0,0,0,0,0,0,0,0,74000,0,0,0,100000,26000,74000,74000
060373,元金2X元富9A購01,0,0,0,0,0,0,0,0,0,74000,0,0,0,74000,0,74000,74000
062498,華通群益9C購04  ,0,0,0,0,0,0,0,0,0,74000,0,0,0,74000,0,74000,74000
063113,聯茂兆豐9B購01  ,0,0,0,0,0,0,0,0,0,74000,0,0,0,74000,0,74000,74000
063821,南亞科麥證9C購01,0,0,0,90000,16000,74000,0,0,0,74000,0,0,0,90000,16000,74000,74000
065442,健鼎麥證9C購01  ,0,0,0,74000,0,74000,0,0,0,74000,0,0,0,74000,0,74000,74000
065037,緯穎統一02購02  ,0,0,0,0,0,0,0,0,0,74000,0,0,0,74000,0,74000,74000
066159,寶成康和01購01  ,0,0,0,0,0,0,0,0,0,74000,0,0,0,138000,64000,74000,74000
2302,麗正            ,81000,7000,74000,0,0,0,0,0,0,0,0,0,0,0,0,0,74000
067641,群創統一01購02  ,0,0,0,0,0,0,0,0,0,73000,0,0,0,97000,24000,73000,73000
068596,亞德客凱基01購03,0,0,0,0,0,0,0,0,0,73000,0,0,0,86000,13000,73000,73000
068507,緯穎元大01購08  ,0,0,0,0,0,0,0,0,0,73000,0,0,0,175000,102000,73000,73000
006206,元大上證50      ,62000,50000,12000,0,0,0,0,0,0,61000,0,0,0,258000,197000,61000,73000
059687,卜蜂永豐99購01  ,0,0,0,0,0,0,0,0,0,73000,0,0,0,90000,17000,73000,73000
062192,南六元大9B購01  ,0,0,0,0,0,0,0,0,0,73000,0,0,0,76000,3000,73000,73000
062549,中租永豐9B購01  ,0,0,0,0,0,0,0,0,0,73000,0,0,0,116000,43000,73000,73000
063400,華擎群益9B購03  ,0,0,0,0,0,0,0,0,0,73000,0,0,0,73000,0,73000,73000
062968,仁寶元富9B購01  ,0,0,0,0,0,0,0,0,0,73000,0,0,0,134000,61000,73000,73000
062867,東元中信9B購01  ,0,0,0,0,0,0,0,0,0,73000,0,0,0,75000,2000,73000,73000
065658,聯發科富邦03購03,0,0,0,0,0,0,0,0,0,73000,0,0,0,141000,68000,73000,73000
065284,旺宏群益9C購03  ,0,0,0,0,0,0,0,0,0,73000,0,0,0,73000,0,73000,73000
08230P,台表科國票9C售03,0,0,0,0,0,0,0,0,0,73000,0,0,0,103000,30000,73000,73000
03262P,建準國票04售01  ,0,0,0,0,0,0,0,0,0,72000,0,0,0,100000,28000,72000,72000
063412,寶成國票9C購01  ,0,0,0,0,0,0,0,0,0,72000,0,0,0,72000,0,72000,72000
06333P,臺股指群益9C售02,0,0,0,0,0,0,0,0,0,72000,0,0,0,111000,39000,72000,72000
063481,緯穎元大9B購08  ,0,0,0,0,0,0,0,0,0,72000,0,0,0,100000,28000,72000,72000
063616,上銀兆豐9C購01  ,0,0,0,0,0,0,0,0,0,72000,0,0,0,110000,38000,72000,72000
061869,智邦元大9B購01  ,0,0,0,0,0,0,0,0,0,72000,0,0,0,88000,16000,72000,72000
064265,嘉聯益永豐9C購02,0,0,0,0,0,0,0,0,0,72000,0,0,0,82000,10000,72000,72000
065403,健鼎國泰02購01  ,0,0,0,0,0,0,0,0,0,72000,0,0,0,161000,89000,72000,72000
063958,瑞祺元大9C購01  ,0,0,0,0,0,0,0,0,0,72000,0,0,0,94000,22000,72000,72000
064780,義隆群益9C購04  ,0,0,0,0,0,0,0,0,0,72000,0,0,0,131000,59000,72000,72000
065900,瑞祺國泰02購01  ,0,0,0,0,0,0,0,0,0,72000,0,0,0,72000,0,72000,72000
066440,南帝群益01購01  ,0,0,0,0,0,0,0,0,0,72000,0,0,0,135000,63000,72000,72000
08196P,上銀元大9B售07  ,0,0,0,0,0,0,0,0,0,72000,0,0,0,390000,318000,72000,72000
08642P,華新科群益9C售06,0,0,0,0,0,0,0,0,0,72000,0,0,0,72000,0,72000,72000
2431,聯昌            ,141000,69000,72000,0,0,0,0,0,0,0,0,0,0,0,0,0,72000
068149,旺宏元大01購05  ,0,0,0,0,0,0,0,0,0,71000,0,0,0,98000,27000,71000,71000
067378,欣興統一02購02  ,0,0,0,0,0,0,0,0,0,71000,0,0,0,71000,0,71000,71000
058434,旺宏統一9B購01  ,0,0,0,0,0,0,0,0,0,71000,0,0,0,76000,5000,71000,71000
061240,華新科兆豐9A購01,0,0,0,0,0,0,0,0,0,71000,0,0,0,71000,0,71000,71000
063273,緯穎兆豐9C購01  ,0,0,0,0,0,0,0,0,0,71000,0,0,0,81000,10000,71000,71000
062983,緯穎元富9B購01  ,0,0,0,0,0,0,0,0,0,71000,0,0,0,98000,27000,71000,71000
066086,東元永豐01購01  ,0,0,0,0,0,0,0,0,0,71000,0,0,0,71000,0,71000,71000
064543,華通凱基02購02  ,0,0,0,0,0,0,0,0,0,71000,0,0,0,75000,4000,71000,71000
065430,可成凱基02購03  ,0,0,0,0,0,0,0,0,0,71000,0,0,0,118000,47000,71000,71000
065111,瀚宇博國票01購01,0,0,0,0,0,0,0,0,0,71000,0,0,0,85000,14000,71000,71000
067516,美利達統一03購04,0,0,0,0,0,0,0,0,0,70000,0,0,0,100000,30000,70000,70000
067614,台汽電凱基01購01,0,0,0,0,0,0,0,0,0,70000,0,0,0,70000,0,70000,70000
067722,國產凱基01購01  ,0,0,0,0,0,0,0,0,0,70000,0,0,0,94000,24000,70000,70000
067757,元金2X永豐01購01,0,0,0,0,0,0,0,0,0,70000,0,0,0,70000,0,70000,70000
068227,聯發科元富07購07,0,0,0,0,0,0,0,0,0,70000,0,0,0,183000,113000,70000,70000
068357,富邦金凱基01購01,0,0,0,0,0,0,0,0,0,70000,0,0,0,190000,120000,70000,70000
07949P,滬深2X元大9B售04,0,0,0,0,0,0,0,0,0,70000,0,0,0,70000,0,70000,70000
07576P,可成元大9A售01  ,0,0,0,0,0,0,0,0,0,70000,0,0,0,100000,30000,70000,70000
08019P,緯穎國票9B售02  ,0,0,0,0,0,0,0,0,0,70000,0,0,0,200000,130000,70000,70000
068903,帆宣元大02購01  ,0,0,0,0,0,0,0,0,0,70000,0,0,0,150000,80000,70000,70000
059984,華新科元大99購21,0,0,0,0,0,0,0,0,0,70000,0,0,0,120000,50000,70000,70000
059059,宏達電凱基99購03,0,0,0,0,0,0,0,0,0,70000,0,0,0,90000,20000,70000,70000
058017,漢唐凱基99購01  ,0,0,0,0,0,0,0,0,0,70000,0,0,0,70000,0,70000,70000
03071P,GIS群益01售02   ,0,0,0,0,0,0,0,0,0,70000,0,0,0,70000,0,70000,70000
03154P,華新科群益01售07,0,0,0,0,0,0,0,0,0,70000,0,0,0,70000,0,70000,70000
058692,華邦電國票9B購01,0,0,0,0,0,0,0,0,0,70000,0,0,0,70000,0,70000,70000
057376,新日興元大98購04,0,0,0,0,0,0,0,0,0,70000,0,0,0,70000,0,70000,70000
057791,可成統一99購01  ,0,0,0,0,0,0,0,0,0,70000,0,0,0,70000,0,70000,70000
063713,麗豐凱基9B購01  ,0,0,0,0,0,0,0,0,0,70000,0,0,0,70000,0,70000,70000
062458,全新群益9B購03  ,0,0,0,0,0,0,0,0,0,70000,0,0,0,70000,0,70000,70000
063379,帆宣永豐9B購01  ,0,0,0,0,0,0,0,0,0,70000,0,0,0,70000,0,70000,70000
063462,金像電元大9C購01,0,0,0,0,0,0,0,0,0,70000,0,0,0,70000,0,70000,70000
062117,燿華中信9B購01  ,0,0,0,0,0,0,0,0,0,70000,0,0,0,140000,70000,70000,70000
061104,華新科元大9A購13,0,0,0,0,0,0,0,0,0,70000,0,0,0,70000,0,70000,70000
064313,嘉晶群益9C購02  ,0,0,0,0,0,0,0,0,0,70000,0,0,0,71000,1000,70000,70000
061858,南電國票9B購02  ,0,0,0,0,0,0,0,0,0,70000,0,0,0,71000,1000,70000,70000
061746,國巨統一9C購07  ,0,0,0,0,0,0,0,0,0,70000,0,0,0,70000,0,70000,70000
065375,神基元大03購01  ,0,0,0,0,0,0,0,0,0,70000,0,0,0,180000,110000,70000,70000
064550,南茂凱基01購01  ,0,0,0,0,0,0,0,0,0,70000,0,0,0,199000,129000,70000,70000
064167,緯穎統一01購03  ,0,0,0,0,0,0,0,0,0,70000,0,0,0,90000,20000,70000,70000
066105,松翰國票01購01  ,0,0,0,0,0,0,0,0,0,70000,0,0,0,130000,60000,70000,70000
066630,東森凱基01購01  ,0,0,0,0,0,0,0,0,0,70000,0,0,0,70000,0,70000,70000
08763P,健策永豐01售02  ,0,0,0,0,0,0,0,0,0,70000,0,0,0,116000,46000,70000,70000
08614P,聯發科統一9C售18,0,0,0,0,0,0,0,0,0,70000,0,0,0,70000,0,70000,70000
068293,國巨兆豐01購03  ,0,0,0,0,0,0,0,0,0,69000,0,0,0,74000,5000,69000,69000
067734,亞德客元大01購03,0,0,0,0,0,0,0,0,0,69000,0,0,0,146000,77000,69000,69000
067193,台表科凱基03購02,0,0,0,0,0,0,0,0,0,69000,0,0,0,168000,99000,69000,69000
056095,臻鼎元富9A購01  ,0,0,0,0,0,0,0,0,0,69000,0,0,0,323000,254000,69000,69000
058372,欣興凱基99購03  ,0,0,0,0,0,0,0,0,0,69000,0,0,0,79000,10000,69000,69000
061121,智邦永豐9A購02  ,0,0,0,0,0,0,0,0,0,69000,0,0,0,99000,30000,69000,69000
063061,華新科元富9B購04,0,0,0,0,0,0,0,0,0,69000,0,0,0,69000,0,69000,69000
063169,台汽電永豐9B購01,0,0,0,0,0,0,0,0,0,69000,0,0,0,69000,0,69000,69000
062488,台光電永豐9B購02,0,0,0,0,0,0,0,0,0,69000,0,0,0,69000,0,69000,69000
066569,帆宣元大01購02  ,0,0,0,0,0,0,0,0,0,69000,0,0,0,77000,8000,69000,69000
065773,鴻海國票03購01  ,0,0,0,0,0,0,0,0,0,69000,0,0,0,69000,0,69000,69000
063963,鴻海國票01購01  ,0,0,0,0,0,0,0,0,0,69000,0,0,0,79000,10000,69000,69000
065368,技嘉元大9C購04  ,0,0,0,0,0,0,0,0,0,69000,0,0,0,82000,13000,69000,69000
066917,美利達凱基01購02,0,0,0,0,0,0,0,0,0,68000,0,0,0,70000,2000,68000,68000
053609,華新中信9A購01  ,0,0,0,0,0,0,0,0,0,68000,0,0,0,68000,0,68000,68000
062726,華擎凱基9B購02  ,0,0,0,0,0,0,0,0,0,68000,0,0,0,68000,0,68000,68000
062914,嘉澤元大9B購02  ,0,0,0,0,0,0,0,0,0,68000,0,0,0,95000,27000,68000,68000
062252,華邦電元大9C購01,0,0,0,0,0,0,0,0,0,68000,0,0,0,155000,87000,68000,68000
063779,華邦電永豐9B購01,0,0,0,0,0,0,0,0,0,68000,0,0,0,68000,0,68000,68000
061070,超眾凱基9C購01  ,0,0,0,0,0,0,0,0,0,68000,0,0,0,68000,0,68000,68000
061702,奇鋐國票9A購02  ,0,0,0,0,0,0,0,0,0,68000,0,0,0,68000,0,68000,68000
061762,台塑元大9B購01  ,0,0,0,0,0,0,0,0,0,68000,0,0,0,91000,23000,68000,68000
064365,美食統一01購02  ,0,0,0,0,0,0,0,0,0,68000,0,0,0,68000,0,68000,68000
065605,義隆元大01購02  ,0,0,0,0,0,0,0,0,0,68000,0,0,0,82000,14000,68000,68000
065207,奇力新國票9C購02,0,0,0,0,0,0,0,0,0,68000,0,0,0,68000,0,68000,68000
064045,南亞科統一9C購04,0,0,0,0,0,0,0,0,0,68000,0,0,0,70000,2000,68000,68000
08175P,金像電統一9B售02,0,0,0,0,0,0,0,0,0,68000,0,0,0,100000,32000,68000,68000
1532,勤美            ,88000,20000,68000,0,0,0,0,0,0,0,0,0,0,0,0,0,68000
1435,中福            ,75000,7000,68000,0,0,0,0,0,0,0,0,0,0,0,0,0,68000
6215,和椿            ,122000,58000,64000,0,0,0,0,0,0,4000,4000,0,4000,0,0,0,68000
1590,亞德客-KY       ,657704,557100,100604,0,0,0,0,37000,-37000,4000,46000,9000,37000,1000,34000,-33000,67604
067257,帆宣國票02購01  ,0,0,0,0,0,0,0,0,0,67000,0,0,0,67000,0,67000,67000
067252,智邦國票02購02  ,0,0,0,0,0,0,0,0,0,67000,0,0,0,205000,138000,67000,67000
067801,台達電凱基01購03,0,0,0,0,0,0,0,0,0,67000,0,0,0,82000,15000,67000,67000
068275,健策永豐01購04  ,0,0,0,0,0,0,0,0,0,67000,0,0,0,69000,2000,67000,67000
068847,台積電統一06購01,0,0,0,0,0,0,0,0,0,67000,0,0,0,70000,3000,67000,67000
055679,華通凱基99購01  ,0,0,0,0,0,0,0,0,0,67000,0,0,0,67000,0,67000,67000
059826,欣興凱基99購06  ,0,0,0,0,0,0,0,0,0,67000,0,0,0,67000,0,67000,67000
060644,泰鼎永豐9A購02  ,0,0,0,0,0,0,0,0,0,67000,0,0,0,67000,0,67000,67000
060596,元黃金凱基9A購02,0,0,0,0,0,0,0,0,0,67000,0,0,0,78000,11000,67000,67000
060419,漢翔永豐9A購01  ,0,0,0,0,0,0,0,0,0,67000,0,0,0,74000,7000,67000,67000
060946,世紀鋼國票9A購02,0,0,0,0,0,0,0,0,0,67000,0,0,0,100000,33000,67000,67000
061496,華新科國票9A購07,0,0,0,0,0,0,0,0,0,67000,0,0,0,113000,46000,67000,67000
063207,聯茂統一01購01  ,0,0,0,0,0,0,0,0,0,67000,0,0,0,123000,56000,67000,67000
063621,華新科兆豐9B購02,0,0,0,0,0,0,0,0,0,67000,0,0,0,67000,0,67000,67000
062268,力山群益9B購01  ,0,0,0,0,0,0,0,0,0,67000,0,0,0,86000,19000,67000,67000
063012,技嘉元大9B購01  ,0,0,0,0,0,0,0,0,0,67000,0,0,0,68000,1000,67000,67000
062072,國巨元大9B購05  ,0,0,0,0,0,0,0,0,0,67000,0,0,0,139000,72000,67000,67000
062406,臻鼎永豐9B購01  ,0,0,0,0,0,0,0,0,0,67000,0,0,0,409000,342000,67000,67000
064707,群創富邦9C購02  ,0,0,0,0,0,0,0,0,0,67000,0,0,0,97000,30000,67000,67000
064991,友達兆豐9C購01  ,0,0,0,0,0,0,0,0,0,67000,0,0,0,67000,0,67000,67000
065477,健鼎元大9C購03  ,0,0,0,0,0,0,0,0,0,67000,0,0,0,453000,386000,67000,67000
08596P,聯發科國泰02售02,0,0,0,0,0,0,0,0,0,67000,0,0,0,251000,184000,67000,67000
067027,日月光兆豐03購01,0,0,0,0,0,0,0,0,0,66000,0,0,0,660000,594000,66000,66000
058623,國巨國票99購08  ,0,0,0,0,0,0,0,0,0,66000,0,0,0,138000,72000,66000,66000
059827,晶技凱基99購03  ,0,0,0,0,0,0,0,0,0,66000,0,0,0,68000,2000,66000,66000
062040,玉晶光凱基01購01,0,0,0,0,0,0,0,0,0,66000,0,0,0,83000,17000,66000,66000
063335,道瓊銀統一9C購01,0,0,0,0,0,0,0,0,0,66000,0,0,0,96000,30000,66000,66000
063321,泰鼎群益9B購03  ,0,0,0,0,0,0,0,0,0,66000,0,0,0,79000,13000,66000,66000
063190,聯茂凱基9B購01  ,0,0,0,0,0,0,0,0,0,66000,0,0,0,67000,1000,66000,66000
060990,新光金元大9B購03,0,0,0,0,0,0,0,0,0,66000,0,0,0,78000,12000,66000,66000
065170,智邦元大9C購07  ,0,0,0,0,0,0,0,0,0,66000,0,0,0,213000,147000,66000,66000
064205,台灣50凱基01購14,0,0,0,0,0,0,0,0,0,66000,0,0,0,66000,0,66000,66000
064797,道瓊反元大01購01,0,0,0,0,0,0,0,0,0,66000,0,0,0,66000,0,66000,66000
064907,緯穎群益9C購02  ,0,0,0,0,0,0,0,0,0,66000,0,0,0,99000,33000,66000,66000
08205P,智邦凱基9B售03  ,0,0,0,0,0,0,0,0,0,66000,0,0,0,68000,2000,66000,66000
066898,聯發科康和01購01,0,0,0,0,0,0,0,0,0,65000,0,0,0,109000,44000,65000,65000
067045,聯發科凱基02購05,0,0,0,0,0,0,0,0,0,65000,0,0,0,95000,30000,65000,65000
067352,美律群益01購01  ,0,0,0,0,0,0,0,0,0,65000,0,0,0,65000,0,65000,65000
068092,聯發科群益01購10,0,0,0,0,0,0,0,0,0,65000,0,0,0,188000,123000,65000,65000
059922,大立光元大99購25,0,0,0,0,0,0,0,0,0,65000,0,0,0,154000,89000,65000,65000
057253,高股息中信99購02,0,0,0,0,0,0,0,0,0,65000,0,0,0,65000,0,65000,65000
03161P,景碩元大01售03  ,0,0,0,0,0,0,0,0,0,65000,0,0,0,115000,50000,65000,65000
064353,力成元大9C購02  ,0,0,0,0,0,0,0,0,0,65000,0,0,0,100000,35000,65000,65000
064287,日月光元大9C購01,0,0,0,0,0,0,0,0,0,65000,0,0,0,81000,16000,65000,65000
061665,旺宏中信9C購01  ,0,0,0,0,0,0,0,0,0,65000,0,0,0,65000,0,65000,65000
064136,致新元大9C購01  ,0,0,0,0,0,0,0,0,0,65000,0,0,0,206000,141000,65000,65000
062463,世紀鋼麥證9B購01,0,0,0,75000,10000,65000,0,0,0,65000,0,0,0,75000,10000,65000,65000
062436,國巨元大9B購14  ,0,0,0,0,0,0,0,0,0,65000,0,0,0,91000,26000,65000,65000
062598,華通台新9B購02  ,0,0,0,0,0,0,0,0,0,65000,0,0,0,65000,0,65000,65000
065204,神隆國票01購01  ,0,0,0,0,0,0,0,0,0,65000,0,0,0,65000,0,65000,65000
065542,緯穎統一01購05  ,0,0,0,0,0,0,0,0,0,65000,0,0,0,65000,0,65000,65000
065554,群創凱基02購02  ,0,0,0,0,0,0,0,0,0,65000,0,0,0,65000,0,65000,65000
06564P,國巨富邦9A售04  ,0,0,0,0,0,0,0,0,0,65000,0,0,0,65000,0,65000,65000
066334,京城銀永豐01購01,0,0,0,0,0,0,0,0,0,65000,0,0,0,65000,0,65000,65000
047505,元金2X國票9B購01,0,0,0,0,0,0,0,0,0,64000,0,0,0,64000,0,64000,64000
03230P,道瓊銀元大02售02,0,0,0,0,0,0,0,0,0,64000,0,0,0,280000,216000,64000,64000
058669,上銀群益99購01  ,0,0,0,0,0,0,0,0,0,64000,0,0,0,64000,0,64000,64000
059061,晶技凱基9A購01  ,0,0,0,0,0,0,0,0,0,64000,0,0,0,76000,12000,64000,64000
060130,瀚宇博永豐99購02,0,0,0,0,0,0,0,0,0,64000,0,0,0,64000,0,64000,64000
062879,美食兆豐9B購01  ,0,0,0,0,0,0,0,0,0,64000,0,0,0,64000,0,64000,64000
062105,國巨國票9C購03  ,0,0,0,0,0,0,0,0,0,64000,0,0,0,64000,0,64000,64000
061896,景碩永豐9B購01  ,0,0,0,0,0,0,0,0,0,64000,0,0,0,70000,6000,64000,64000
061813,鴻海群益9B購02  ,0,0,0,0,0,0,0,0,0,64000,0,0,0,65000,1000,64000,64000
064370,聯茂統一02購01  ,0,0,0,0,0,0,0,0,0,64000,0,0,0,69000,5000,64000,64000
066476,禾伸堂麥證01購01,0,0,0,64000,0,64000,0,0,0,64000,0,0,0,64000,0,64000,64000
065728,嘉晶凱基9C購04  ,0,0,0,0,0,0,0,0,0,64000,0,0,0,140000,76000,64000,64000
066176,華擎凱基01購01  ,0,0,0,0,0,0,0,0,0,64000,0,0,0,149000,85000,64000,64000
064933,矽創統一01購01  ,0,0,0,0,0,0,0,0,0,64000,0,0,0,268000,204000,64000,64000
064904,茂林群益9C購02  ,0,0,0,0,0,0,0,0,0,64000,0,0,0,126000,62000,64000,64000
064756,友達凱基02購02  ,0,0,0,0,0,0,0,0,0,64000,0,0,0,64000,0,64000,64000
08191P,鴻海台新9B售03  ,0,0,0,0,0,0,0,0,0,64000,0,0,0,64000,0,64000,64000
08832P,台表科群益01售01,0,0,0,0,0,0,0,0,0,64000,0,0,0,140000,76000,64000,64000
3005,神基            ,643000,582000,61000,0,0,0,0,0,0,3000,35000,23000,12000,0,9000,-9000,64000
067782,亞德客群益01購04,0,0,0,0,0,0,0,0,0,63000,0,0,0,63000,0,63000,63000
067332,旺宏凱基03購02  ,0,0,0,0,0,0,0,0,0,63000,0,0,0,68000,5000,63000,63000
067192,矽格凱基01購03  ,0,0,0,0,0,0,0,0,0,63000,0,0,0,214000,151000,63000,63000
066893,技嘉兆豐01購02  ,0,0,0,0,0,0,0,0,0,63000,0,0,0,90000,27000,63000,63000
07046P,大立光富邦9C售03,0,0,0,0,0,0,0,0,0,63000,0,0,0,128000,65000,63000,63000
068524,友達元富07購01  ,0,0,0,0,0,0,0,0,0,63000,0,0,0,163000,100000,63000,63000
059282,嘉聯益永豐99購01,0,0,0,0,0,0,0,0,0,63000,0,0,0,63000,0,63000,63000
059358,旺宏永豐99購02  ,0,0,0,0,0,0,0,0,0,63000,0,0,0,63000,0,63000,63000
059475,元石油群益99購02,0,0,0,0,0,0,0,0,0,63000,0,0,0,63000,0,63000,63000
03224P,鴻海凱基03售06  ,0,0,0,0,0,0,0,0,0,63000,0,0,0,63000,0,63000,63000
055030,帆宣國泰99購02  ,0,0,0,0,0,0,0,0,0,63000,0,0,0,63000,0,63000,63000
064264,智伸科永豐9C購01,0,0,0,0,0,0,0,0,0,63000,0,0,0,172000,109000,63000,63000
061815,奇力新群益9B購02,0,0,0,0,0,0,0,0,0,63000,0,0,0,128000,65000,63000,63000
061800,泰鼎永豐9B購01  ,0,0,0,0,0,0,0,0,0,63000,0,0,0,83000,20000,63000,63000
061656,華新科國票9A購08,0,0,0,0,0,0,0,0,0,63000,0,0,0,101000,38000,63000,63000
060824,旺宏元大9A購06  ,0,0,0,0,0,0,0,0,0,63000,0,0,0,73000,10000,63000,63000
061625,聯茂群益9A購02  ,0,0,0,0,0,0,0,0,0,63000,0,0,0,71000,8000,63000,63000
061582,麗豐元大9A購01  ,0,0,0,0,0,0,0,0,0,63000,0,0,0,63000,0,63000,63000
063147,東元元富9B購01  ,0,0,0,0,0,0,0,0,0,63000,0,0,0,94000,31000,63000,63000
063125,華擎元大9C購02  ,0,0,0,0,0,0,0,0,0,63000,0,0,0,75000,12000,63000,63000
063034,致茂凱基9B購01  ,0,0,0,0,0,0,0,0,0,63000,0,0,0,88000,25000,63000,63000
064817,鈺齊元大9C購02  ,0,0,0,0,0,0,0,0,0,63000,0,0,0,172000,109000,63000,63000
063842,國巨元大9C購10  ,0,0,0,0,0,0,0,0,0,63000,0,0,0,111000,48000,63000,63000
064976,景碩元大9C購01  ,0,0,0,0,0,0,0,0,0,63000,0,0,0,65000,2000,63000,63000
065293,玉晶光群益01購07,0,0,0,0,0,0,0,0,0,63000,0,0,0,166000,103000,63000,63000
065780,國巨富邦03購02  ,0,0,0,0,0,0,0,0,0,63000,0,0,0,70000,7000,63000,63000
065812,寶成群益9C購02  ,0,0,0,0,0,0,0,0,0,63000,0,0,0,140000,77000,63000,63000
068776,台積電元富08購01,0,0,0,0,0,0,0,0,0,62000,0,0,0,93000,31000,62000,62000
068474,義隆群益01購05  ,0,0,0,0,0,0,0,0,0,62000,0,0,0,123000,61000,62000,62000
07083P,台積電統一9A售06,0,0,0,0,0,0,0,0,0,62000,0,0,0,62000,0,62000,62000
07709P,創意元大9A售01  ,0,0,0,0,0,0,0,0,0,62000,0,0,0,340000,278000,62000,62000
067548,亞德客中信03購01,0,0,0,0,0,0,0,0,0,62000,0,0,0,162000,100000,62000,62000
059889,華新科國票99購04,0,0,0,0,0,0,0,0,0,62000,0,0,0,63000,1000,62000,62000
057828,緯穎元大99購02  ,0,0,0,0,0,0,0,0,0,62000,0,0,0,91000,29000,62000,62000
057447,智邦元富02購01  ,0,0,0,0,0,0,0,0,0,62000,0,0,0,63000,1000,62000,62000
058136,景碩元大99購02  ,0,0,0,0,0,0,0,0,0,62000,0,0,0,62000,0,62000,62000
062279,晶豪科群益9B購01,0,0,0,0,0,0,0,0,0,62000,0,0,0,144000,82000,62000,62000
063495,台光電富邦9C購01,0,0,0,0,0,0,0,0,0,62000,0,0,0,125000,63000,62000,62000
061917,亞德客凱基9B購02,0,0,0,0,0,0,0,0,0,62000,0,0,0,67000,5000,62000,62000
064134,瑞祺元大9C購02  ,0,0,0,0,0,0,0,0,0,62000,0,0,0,62000,0,62000,62000
064142,國巨統一9C購13  ,0,0,0,0,0,0,0,0,0,62000,0,0,0,67000,5000,62000,62000
063860,旺宏國泰02購01  ,0,0,0,0,0,0,0,0,0,62000,0,0,0,86000,24000,62000,62000
08887P,聯發科富邦03售06,0,0,0,0,0,0,0,0,0,62000,0,0,0,116000,54000,62000,62000
07990P,緯穎凱基9B售02  ,0,0,0,0,0,0,0,0,0,61000,0,0,0,440000,379000,61000,61000
07967P,力山元大9B售03  ,0,0,0,0,0,0,0,0,0,61000,0,0,0,82000,21000,61000,61000
068454,致茂國票03購01  ,0,0,0,0,0,0,0,0,0,61000,0,0,0,99000,38000,61000,61000
058055,華擎統一9A購01  ,0,0,0,0,0,0,0,0,0,61000,0,0,0,61000,0,61000,61000
00752,中信中國50      ,7000,0,7000,0,0,0,0,0,0,54000,0,0,0,482000,428000,54000,61000
03110P,聯發科元大01售26,0,0,0,0,0,0,0,0,0,61000,0,0,0,747000,686000,61000,61000
064121,國巨元大9C購16  ,0,0,0,0,0,0,0,0,0,61000,0,0,0,162000,101000,61000,61000
064489,宏碁元大9C購01  ,0,0,0,0,0,0,0,0,0,61000,0,0,0,81000,20000,61000,61000
061536,華擎統一9C購02  ,0,0,0,0,0,0,0,0,0,61000,0,0,0,61000,0,61000,61000
062182,華新科元大9B購07,0,0,0,0,0,0,0,0,0,61000,0,0,0,61000,0,61000,61000
062166,致新國泰01購01  ,0,0,0,0,0,0,0,0,0,61000,0,0,0,62000,1000,61000,61000
062171,中磊永豐9B購01  ,0,0,0,0,0,0,0,0,0,61000,0,0,0,183000,122000,61000,61000
066484,瑞昱元富07購01  ,0,0,0,0,0,0,0,0,0,61000,0,0,0,95000,34000,61000,61000
06638P,鴻海統一99售02  ,0,0,0,0,0,0,0,0,0,61000,0,0,0,89000,28000,61000,61000
2425,承啟            ,147000,86000,61000,0,0,0,0,0,0,0,0,0,0,0,0,0,61000
6283,淳安            ,88000,27000,61000,0,0,0,0,0,0,0,0,0,0,0,0,0,61000
068359,GIS凱基01購05   ,0,0,0,0,0,0,0,0,0,60000,0,0,0,152000,92000,60000,60000
068219,聯發科統一03購06,0,0,0,0,0,0,0,0,0,60000,0,0,0,103000,43000,60000,60000
068210,嘉聯益凱基01購01,0,0,0,0,0,0,0,0,0,60000,0,0,0,232000,172000,60000,60000
08094P,華新科元富9B售05,0,0,0,0,0,0,0,0,0,60000,0,0,0,60000,0,60000,60000
07400P,國巨凱基99售20  ,0,0,0,0,0,0,0,0,0,60000,0,0,0,60000,0,60000,60000
06962P,華新科永豐99售01,0,0,0,0,0,0,0,0,0,60000,0,0,0,60000,0,60000,60000
068822,欣興元大02購04  ,0,0,0,0,0,0,0,0,0,60000,0,0,0,211000,151000,60000,60000
068069,台光電凱基01購03,0,0,0,0,0,0,0,0,0,60000,0,0,0,80000,20000,60000,60000
068067,台積電凱基01購17,0,0,0,0,0,0,0,0,0,60000,0,0,0,71000,11000,60000,60000
067404,盛群永豐01購01  ,0,0,0,0,0,0,0,0,0,60000,0,0,0,60000,0,60000,60000
056127,致新國票98購02  ,0,0,0,0,0,0,0,0,0,60000,0,0,0,60000,0,60000,60000
047564,滬深2X國票99購01,0,0,0,0,0,0,0,0,0,60000,0,0,0,60000,0,60000,60000
057063,立積國泰9A購01  ,0,0,0,0,0,0,0,0,0,60000,0,0,0,60000,0,60000,60000
058035,旭富永豐98購02  ,0,0,0,0,0,0,0,0,0,60000,0,0,0,60000,0,60000,60000
057553,景碩凱基98購03  ,0,0,0,0,0,0,0,0,0,60000,0,0,0,61000,1000,60000,60000
060097,華新科元大99購23,0,0,0,0,0,0,0,0,0,60000,0,0,0,64000,4000,60000,60000
058948,道瓊銀群益9C購01,0,0,0,0,0,0,0,0,0,60000,0,0,0,60000,0,60000,60000
063498,金像電永豐9B購02,0,0,0,0,0,0,0,0,0,60000,0,0,0,80000,20000,60000,60000
063081,技嘉凱基9B購02  ,0,0,0,0,0,0,0,0,0,60000,0,0,0,60000,0,60000,60000
063729,國巨元大9C購08  ,0,0,0,0,0,0,0,0,0,60000,0,0,0,90000,30000,60000,60000
061918,上銀凱基9B購02  ,0,0,0,0,0,0,0,0,0,60000,0,0,0,75000,15000,60000,60000
061886,力山國泰01購01  ,0,0,0,0,0,0,0,0,0,60000,0,0,0,60000,0,60000,60000
061823,勤誠群益9B購01  ,0,0,0,0,0,0,0,0,0,60000,0,0,0,60000,0,60000,60000
066632,智原凱基02購01  ,0,0,0,0,0,0,0,0,0,60000,0,0,0,60000,0,60000,60000
065878,麗豐群益02購01  ,0,0,0,0,0,0,0,0,0,60000,0,0,0,60000,0,60000,60000
065724,國巨凱基9C購11  ,0,0,0,0,0,0,0,0,0,60000,0,0,0,60000,0,60000,60000
066215,惠特統一04購01  ,0,0,0,0,0,0,0,0,0,60000,0,0,0,60000,0,60000,60000
066213,惠特統一03購01  ,0,0,0,0,0,0,0,0,0,60000,0,0,0,100000,40000,60000,60000
066000,奇鋐國票02購01  ,0,0,0,0,0,0,0,0,0,60000,0,0,0,61000,1000,60000,60000
063919,大立光元富03購01,0,0,0,0,0,0,0,0,0,60000,0,0,0,135000,75000,60000,60000
063825,道瓊銀國票01購01,0,0,0,0,0,0,0,0,0,60000,0,0,0,68000,8000,60000,60000
065309,亞光國票01購01  ,0,0,0,0,0,0,0,0,0,60000,0,0,0,60000,0,60000,60000
065444,燿華統一02購02  ,0,0,0,0,0,0,0,0,0,60000,0,0,0,60000,0,60000,60000
064956,麗豐凱基9C購01  ,0,0,0,0,0,0,0,0,0,60000,0,0,0,76000,16000,60000,60000
08779P,旺宏群益01售04  ,0,0,0,0,0,0,0,0,0,60000,0,0,0,60000,0,60000,60000
08401P,玉晶光元富9C售04,0,0,0,0,0,0,0,0,0,60000,0,0,0,60000,0,60000,60000
067372,聯發科統一03購03,0,0,0,0,0,0,0,0,0,59000,0,0,0,96000,37000,59000,59000
067254,華擎國票02購02  ,0,0,0,0,0,0,0,0,0,59000,0,0,0,71000,12000,59000,59000
067215,亞光元大01購05  ,0,0,0,0,0,0,0,0,0,59000,0,0,0,166000,107000,59000,59000
067222,申豐元大01購01  ,15000,0,15000,0,0,0,0,0,0,44000,0,0,0,451000,407000,44000,59000
068021,泰鼎國票02購01  ,0,0,0,0,0,0,0,0,0,59000,0,0,0,97000,38000,59000,59000
068179,致茂群益02購01  ,0,0,0,0,0,0,0,0,0,59000,0,0,0,59000,0,59000,59000
068771,大立光統一05購01,0,0,0,0,0,0,0,0,0,59000,0,0,0,250000,191000,59000,59000
03117P,南電康和01售03  ,0,0,0,0,0,0,0,0,0,59000,0,0,0,438000,379000,59000,59000
03103P,聯發科元富01售02,0,0,0,0,0,0,0,0,0,59000,0,0,0,74000,15000,59000,59000
063219,友達群益9B購03  ,0,0,0,0,0,0,0,0,0,59000,0,0,0,83000,24000,59000,59000
062812,國巨兆豐9B購03  ,0,0,0,0,0,0,0,0,0,59000,0,0,0,59000,0,59000,59000
062676,南六台新9B購01  ,0,0,0,0,0,0,0,0,0,59000,0,0,0,242000,183000,59000,59000
062319,南六凱基9B購02  ,0,0,0,0,0,0,0,0,0,59000,0,0,0,94000,35000,59000,59000
06498P,臺股指元大9A售03,0,0,0,0,0,0,0,0,0,59000,0,0,0,84000,25000,59000,59000
065414,立積永豐9C購01  ,0,0,0,0,0,0,0,0,0,59000,0,0,0,84000,25000,59000,59000
063846,智邦元大9C購01  ,0,0,0,0,0,0,0,0,0,59000,0,0,0,120000,61000,59000,59000
066818,力成兆豐01購01  ,0,0,0,0,0,0,0,0,0,59000,0,0,0,65000,6000,59000,59000
08751P,友達群益01售01  ,0,0,0,0,0,0,0,0,0,59000,0,0,0,89000,30000,59000,59000
068824,緯創元大02購02  ,0,0,0,0,0,0,0,0,0,58000,0,0,0,75000,17000,58000,58000
07653P,華新科群益9A售05,0,0,0,0,0,0,0,0,0,58000,0,0,0,61000,3000,58000,58000
067973,玉晶光群益02購23,0,0,0,0,0,0,0,0,0,58000,0,0,0,68000,10000,58000,58000
055249,大毅統一99購01  ,0,0,0,0,0,0,0,0,0,58000,0,0,0,58000,0,58000,58000
058295,欣興凱基99購02  ,0,0,0,0,0,0,0,0,0,58000,0,0,0,68000,10000,58000,58000
061947,旺宏群益9B購02  ,0,0,0,0,0,0,0,0,0,58000,0,0,0,63000,5000,58000,58000
063238,漢唐元大9B購02  ,0,0,0,0,0,0,0,0,0,58000,0,0,0,63000,5000,58000,58000
062307,華通凱基9C購01  ,0,0,0,0,0,0,0,0,0,58000,0,0,0,61000,3000,58000,58000
062736,漢唐國票9B購01  ,0,0,0,0,0,0,0,0,0,58000,0,0,0,58000,0,58000,58000
062710,盛群元大9B購01  ,0,0,0,0,0,0,0,0,0,58000,0,0,0,200000,142000,58000,58000
060906,旺宏元大9A購07  ,0,0,0,0,0,0,0,0,0,58000,0,0,0,59000,1000,58000,58000
060456,正隆元大9A購01  ,0,0,0,0,0,0,0,0,0,58000,0,0,0,130000,72000,58000,58000
060567,華擎富邦9C購01  ,0,0,0,0,0,0,0,0,0,58000,0,0,0,62000,4000,58000,58000
061795,智邦永豐9B購01  ,0,0,0,0,0,0,0,0,0,58000,0,0,0,108000,50000,58000,58000
064447,喬山統一02購01  ,0,0,0,0,0,0,0,0,0,58000,0,0,0,58000,0,58000,58000
066354,緯穎永豐01購01  ,0,0,0,0,0,0,0,0,0,58000,0,0,0,68000,10000,58000,58000
08529P,臻鼎元大9C售03  ,0,0,0,0,0,0,0,0,0,58000,0,0,0,60000,2000,58000,58000
08554P,玉晶光國票01售06,0,0,0,0,0,0,0,0,0,58000,0,0,0,242000,184000,58000,58000
2482,連宇            ,117000,58000,59000,0,0,0,0,0,0,-1000,0,1000,-1000,0,0,0,58000
1513,中興電          ,380000,322000,58000,0,0,0,0,0,0,0,8000,6000,2000,0,2000,-2000,58000
068082,南六凱基03購01  ,0,0,0,0,0,0,0,0,0,57000,0,0,0,224000,167000,57000,57000
068096,聯電富邦03購01  ,0,0,0,0,0,0,0,0,0,57000,0,0,0,58000,1000,57000,57000
067364,緯穎群益01購05  ,0,0,0,0,0,0,0,0,0,57000,0,0,0,57000,0,57000,57000
067420,國巨凱基02購03  ,0,0,0,0,0,0,0,0,0,57000,0,0,0,78000,21000,57000,57000
067511,拓凱統一01購01  ,0,0,0,0,0,0,0,0,0,57000,0,0,0,57000,0,57000,57000
067506,台光電統一02購04,0,0,0,0,0,0,0,0,0,57000,0,0,0,130000,73000,57000,57000
060306,台肥永豐9A購01  ,0,0,0,0,0,0,0,0,0,57000,0,0,0,185000,128000,57000,57000
057850,上銀兆豐99購02  ,0,0,0,0,0,0,0,0,0,57000,0,0,0,157000,100000,57000,57000
051911,大立光元大98購02,10000,0,10000,0,0,0,0,0,0,47000,0,0,0,47000,0,47000,57000
064288,瀚宇博元大9C購02,0,0,0,0,0,0,0,0,0,57000,0,0,0,57000,0,57000,57000
066132,精元群益01購01  ,0,0,0,0,0,0,0,0,0,57000,0,0,0,142000,85000,57000,57000
063901,緯穎群益9C購01  ,0,0,0,0,0,0,0,0,0,57000,0,0,0,91000,34000,57000,57000
063940,國巨元大01購02  ,0,0,0,0,0,0,0,0,0,57000,0,0,0,103000,46000,57000,57000
063994,台光電群益9C購01,0,0,0,0,0,0,0,0,0,57000,0,0,0,87000,30000,57000,57000
064764,聯茂凱基01購01  ,0,0,0,0,0,0,0,0,0,57000,0,0,0,98000,41000,57000,57000
065118,國巨富邦01購02  ,0,0,0,0,0,0,0,0,0,57000,0,0,0,255000,198000,57000,57000
08899P,台積電群益01售16,0,0,0,0,0,0,0,0,0,57000,0,0,0,57000,0,57000,57000
8046,南電            ,2848000,1856000,992000,0,0,0,245000,63000,182000,-1117000,227000,786000,-559000,45000,603000,-558000,57000
067951,宏碁永豐01購02  ,0,0,0,0,0,0,0,0,0,56000,0,0,0,107000,51000,56000,56000
068578,帆宣國泰03購01  ,0,0,0,0,0,0,0,0,0,56000,0,0,0,56000,0,56000,56000
068182,群創群益04購01  ,0,0,0,0,0,0,0,0,0,56000,0,0,0,69000,13000,56000,56000
056472,美律元大99購03  ,0,0,0,0,0,0,0,0,0,56000,0,0,0,56000,0,56000,56000
057548,微星凱基99購01  ,0,0,0,0,0,0,0,0,0,56000,0,0,0,96000,40000,56000,56000
063233,國巨元大9B購19  ,0,0,0,0,0,0,0,0,0,56000,0,0,0,108000,52000,56000,56000
058201,華通凱基9A購01  ,0,0,0,0,0,0,0,0,0,56000,0,0,0,66000,10000,56000,56000
058365,奇力新凱基9A購01,0,0,0,0,0,0,0,0,0,56000,0,0,0,220000,164000,56000,56000
059160,華通凱基99購03  ,0,0,0,0,0,0,0,0,0,56000,0,0,0,56000,0,56000,56000
064441,嘉澤凱基9C購02  ,0,0,0,0,0,0,0,0,0,56000,0,0,0,56000,0,56000,56000
064426,群創兆豐9C購01  ,0,0,0,0,0,0,0,0,0,56000,0,0,0,148000,92000,56000,56000
060953,富邦金群益9A購01,0,0,0,0,0,0,0,0,0,56000,0,0,0,127000,71000,56000,56000
063698,上銀群益9B購05  ,0,0,0,0,0,0,0,0,0,56000,0,0,0,76000,20000,56000,56000
063007,儒鴻元大9B購01  ,0,0,0,0,0,0,0,0,0,56000,0,0,0,56000,0,56000,56000
062165,聯茂國泰01購01  ,0,0,0,0,0,0,0,0,0,56000,0,0,0,143000,87000,56000,56000
062087,瑞祺元大9B購02  ,0,0,0,0,0,0,0,0,0,56000,0,0,0,61000,5000,56000,56000
063271,中磊兆豐9C購01  ,0,0,0,0,0,0,0,0,0,56000,0,0,0,71000,15000,56000,56000
064878,大立光兆豐9C購03,0,0,0,0,0,0,0,0,0,56000,0,0,0,57000,1000,56000,56000
064194,燿華群益9C購01  ,0,0,0,0,0,0,0,0,0,56000,0,0,0,111000,55000,56000,56000
063969,晶豪科國票01購01,0,0,0,0,0,0,0,0,0,56000,0,0,0,78000,22000,56000,56000
066221,康友台新01購01  ,0,0,0,0,0,0,0,0,0,56000,0,0,0,206000,150000,56000,56000
065750,智邦元大9C購09  ,0,0,0,0,0,0,0,0,0,56000,0,0,0,77000,21000,56000,56000
065746,光寶科元大9C購01,0,0,0,0,0,0,0,0,0,56000,0,0,0,76000,20000,56000,56000
066393,華碩凱基01購01  ,0,0,0,0,0,0,0,0,0,56000,0,0,0,366000,310000,56000,56000
4426,利勤            ,128000,72000,56000,0,0,0,0,0,0,0,0,0,0,0,0,0,56000
068819,國揚元大02購01  ,0,0,0,0,0,0,0,0,0,55000,0,0,0,97000,42000,55000,55000
07319P,台積電凱基01售02,0,0,0,0,0,0,0,0,0,55000,0,0,0,105000,50000,55000,55000
067584,技嘉群益02購01  ,0,0,0,0,0,0,0,0,0,55000,0,0,0,119000,64000,55000,55000
067453,嘉澤國票02購02  ,0,0,0,0,0,0,0,0,0,55000,0,0,0,80000,25000,55000,55000
067335,國產凱基02購02  ,0,0,0,0,0,0,0,0,0,55000,0,0,0,79000,24000,55000,55000
067287,瀚宇博國票02購01,0,0,0,0,0,0,0,0,0,55000,0,0,0,55000,0,55000,55000
063575,矽格元大9B購02  ,0,0,0,0,0,0,0,0,0,55000,0,0,0,55000,0,55000,55000
060275,元黃金元大9A購01,0,0,0,0,0,0,0,0,0,55000,0,0,0,55000,0,55000,55000
056469,國巨元大99購01  ,0,0,0,0,0,0,0,0,0,55000,0,0,0,55000,0,55000,55000
056744,麗豐凱基9A購01  ,0,0,0,0,0,0,0,0,0,55000,0,0,0,55000,0,55000,55000
054164,強茂凱基98購01  ,0,0,0,0,0,0,0,0,0,55000,0,0,0,65000,10000,55000,55000
056369,彩晶元大01購01  ,0,0,0,0,0,0,0,0,0,55000,0,0,0,382000,327000,55000,55000
063293,億豐元大9B購01  ,0,0,0,0,0,0,0,0,0,55000,0,0,0,55000,0,55000,55000
062873,國巨兆豐9C購01  ,0,0,0,0,0,0,0,0,0,55000,0,0,0,57000,2000,55000,55000
061030,喬山永豐9A購01  ,0,0,0,0,0,0,0,0,0,55000,0,0,0,55000,0,55000,55000
060715,日電貿永豐9A購01,0,0,0,0,0,0,0,0,0,55000,0,0,0,55000,0,55000,55000
064131,群創元大01購02  ,0,0,0,0,0,0,0,0,0,55000,0,0,0,70000,15000,55000,55000
066797,台積電凱基02購09,0,0,0,0,0,0,0,0,0,55000,0,0,0,55000,0,55000,55000
066605,盟立永豐01購02  ,0,0,0,0,0,0,0,0,0,55000,0,0,0,55000,0,55000,55000
065924,東元國票02購01  ,0,0,0,0,0,0,0,0,0,55000,0,0,0,78000,23000,55000,55000
066127,劍麟群益03購01  ,0,0,0,0,0,0,0,0,0,55000,0,0,0,55000,0,55000,55000
064165,同欣電統一01購01,0,0,0,0,0,0,0,0,0,55000,0,0,0,88000,33000,55000,55000
064870,中租永豐9C購01  ,0,0,0,0,0,0,0,0,0,55000,0,0,0,92000,37000,55000,55000
064884,台表科第一9C購01,0,0,0,0,0,0,0,0,0,55000,0,0,0,59000,4000,55000,55000
064784,祥碩群益9C購01  ,0,0,0,0,0,0,0,0,0,55000,0,0,0,211000,156000,55000,55000
08861P,台積電統一01售10,0,0,0,0,0,0,0,0,0,55000,0,0,0,66000,11000,55000,55000
08423P,台積電統一9C售13,0,0,0,0,0,0,0,0,0,55000,0,0,0,352000,297000,55000,55000
067357,欣興群益01購02  ,0,0,0,0,0,0,0,0,0,54000,0,0,0,149000,95000,54000,54000
067544,超眾群益03購01  ,0,0,0,0,0,0,0,0,0,54000,0,0,0,54000,0,54000,54000
068113,台光電元富07購01,0,0,0,0,0,0,0,0,0,54000,0,0,0,144000,90000,54000,54000
056937,智原元富98購01  ,0,0,0,0,0,0,0,0,0,54000,0,0,0,54000,0,54000,54000
060098,華新科元大99購24,0,0,0,0,0,0,0,0,0,54000,0,0,0,54000,0,54000,54000
061553,南電群益9A購03  ,0,0,0,0,0,0,0,0,0,54000,0,0,0,54000,0,54000,54000
060909,金像電元大9B購01,0,0,0,0,0,0,0,0,0,54000,0,0,0,60000,6000,54000,54000
062708,立積元大9B購01  ,0,0,0,0,0,0,0,0,0,54000,0,0,0,69000,15000,54000,54000
063471,泰鼎元大9C購01  ,0,0,0,0,0,0,0,0,0,54000,0,0,0,232000,178000,54000,54000
065087,可成元大9C購08  ,0,0,0,0,0,0,0,0,0,54000,0,0,0,219000,165000,54000,54000
066752,南電元大01購06  ,0,0,0,0,0,0,0,0,0,54000,0,0,0,59000,5000,54000,54000
066834,泰鼎群益01購01  ,0,0,0,0,0,0,0,0,0,54000,0,0,0,54000,0,54000,54000
066869,聯發科元富07購02,0,0,0,0,0,0,0,0,0,54000,0,0,0,1226000,1172000,54000,54000
2538,基泰            ,152000,98000,54000,0,0,0,0,0,0,0,0,0,0,0,0,0,54000
068034,國揚元富07購01  ,0,0,0,0,0,0,0,0,0,53000,0,0,0,61000,8000,53000,53000
067845,美食元富04購01  ,0,0,0,0,0,0,0,0,0,53000,0,0,0,62000,9000,53000,53000
067546,世紀鋼群益01購05,0,0,0,0,0,0,0,0,0,53000,0,0,0,53000,0,53000,53000
068936,景碩永豐02購01  ,0,0,0,0,0,0,0,0,0,53000,0,0,0,151000,98000,53000,53000
068256,彩晶元大03購01  ,0,0,0,0,0,0,0,0,0,53000,0,0,0,53000,0,53000,53000
068358,啟碁凱基01購01  ,0,0,0,0,0,0,0,0,0,53000,0,0,0,261000,208000,53000,53000
061955,FANG+統一9B購01 ,0,0,0,0,0,0,0,0,0,53000,0,0,0,53000,0,53000,53000
063584,南六國泰01購01  ,0,0,0,0,0,0,0,0,0,53000,0,0,0,95000,42000,53000,53000
058008,禾伸堂國票99購02,0,0,0,0,0,0,0,0,0,53000,0,0,0,53000,0,53000,53000
060944,國泰金國票9A購01,0,0,0,0,0,0,0,0,0,53000,0,0,0,151000,98000,53000,53000
061506,瑞祺國票9A購02  ,0,0,0,0,0,0,0,0,0,53000,0,0,0,53000,0,53000,53000
060744,鴻海國票9A購04  ,0,0,0,0,0,0,0,0,0,53000,0,0,0,273000,220000,53000,53000
064463,聯茂統一01購02  ,0,0,0,0,0,0,0,0,0,53000,0,0,0,53000,0,53000,53000
066288,晶碩元大01購01  ,0,0,0,0,0,0,0,0,0,53000,0,0,0,141000,88000,53000,53000
064915,美律統一02購02  ,0,0,0,0,0,0,0,0,0,53000,0,0,0,60000,7000,53000,53000
063988,華通永豐9C購01  ,0,0,0,0,0,0,0,0,0,53000,0,0,0,53000,0,53000,53000
08969P,臺股指元大01售12,0,0,0,0,0,0,0,0,0,53000,0,0,0,103000,50000,53000,53000
068413,健策台新01購01  ,0,0,0,0,0,0,0,0,0,52000,0,0,0,60000,8000,52000,52000
067788,致伸群益03購02  ,0,0,0,0,0,0,0,0,0,52000,0,0,0,52000,0,52000,52000
067902,中磊群益01購01  ,0,0,0,0,0,0,0,0,0,52000,0,0,0,105000,53000,52000,52000
068046,台積電統一03購05,0,0,0,0,0,0,0,0,0,52000,0,0,0,52000,0,52000,52000
067142,美利達永豐01購02,0,0,0,0,0,0,0,0,0,52000,0,0,0,78000,26000,52000,52000
067100,華邦電群益01購01,0,0,0,0,0,0,0,0,0,52000,0,0,0,135000,83000,52000,52000
057243,樺漢凱基99購01  ,0,0,0,0,0,0,0,0,0,52000,0,0,0,80000,28000,52000,52000
057163,上銀元大98購04  ,0,0,0,0,0,0,0,0,0,52000,0,0,0,52000,0,52000,52000
058772,茂林兆豐9A購01  ,0,0,0,0,0,0,0,0,0,52000,0,0,0,60000,8000,52000,52000
064366,群創統一01購01  ,10000,0,10000,0,0,0,0,0,0,42000,0,0,0,72000,30000,42000,52000
061878,茂林元大9B購01  ,0,0,0,0,0,0,0,0,0,52000,0,0,0,220000,168000,52000,52000
061180,華擎凱基9B購01  ,0,0,0,0,0,0,0,0,0,52000,0,0,0,52000,0,52000,52000
062982,同欣電元富9B購01,0,0,0,0,0,0,0,0,0,52000,0,0,0,63000,11000,52000,52000
063899,同欣電群益9C購01,0,0,0,0,0,0,0,0,0,52000,0,0,0,62000,10000,52000,52000
064848,金像電元富9C購02,0,0,0,0,0,0,0,0,0,52000,0,0,0,309000,257000,52000,52000
065167,華通元大02購01  ,0,0,0,0,0,0,0,0,0,52000,0,0,0,252000,200000,52000,52000
065597,旺宏元大01購03  ,0,0,0,0,0,0,0,0,0,52000,0,0,0,54000,2000,52000,52000
06645P,上銀元大98售05  ,0,0,0,0,0,0,0,0,0,52000,0,0,0,52000,0,52000,52000
066145,昇陽半群益01購01,0,0,0,0,0,0,0,0,0,52000,0,0,0,52000,0,52000,52000
065886,中磊元富9C購01  ,0,0,0,0,0,0,0,0,0,52000,0,0,0,207000,155000,52000,52000
067042,旺宏凱基01購02  ,0,0,0,0,0,0,0,0,0,51000,0,0,0,68000,17000,51000,51000
067233,微星群益02購02  ,0,0,0,0,0,0,0,0,0,51000,0,0,0,163000,112000,51000,51000
068104,彩晶永豐01購01  ,0,0,0,0,0,0,0,0,0,51000,0,0,0,281000,230000,51000,51000
067638,台積電統一03購02,0,0,0,0,0,0,0,0,0,51000,0,0,0,51000,0,51000,51000
068821,聯詠元大02購01  ,0,0,0,0,0,0,0,0,0,51000,0,0,0,82000,31000,51000,51000
057788,嘉聯益國票99購01,0,0,0,0,0,0,0,0,0,51000,0,0,0,350000,299000,51000,51000
054534,台積電富邦98購03,0,0,0,0,0,0,0,0,0,51000,0,0,0,51000,0,51000,51000
03078P,上銀統一01售05  ,0,0,0,0,0,0,0,0,0,51000,0,0,0,51000,0,51000,51000
058373,晶技凱基99購02  ,0,0,0,0,0,0,0,0,0,51000,0,0,0,52000,1000,51000,51000
059425,SGBR2X元大9A購02,0,0,0,0,0,0,0,0,0,51000,0,0,0,81000,30000,51000,51000
060699,華新科國泰9B購03,0,0,0,0,0,0,0,0,0,51000,0,0,0,55000,4000,51000,51000
057531,禾伸堂元大99購04,0,0,0,0,0,0,0,0,0,51000,0,0,0,218000,167000,51000,51000
060297,和碩元大9A購02  ,0,0,0,0,0,0,0,0,0,51000,0,0,0,51000,0,51000,51000
062654,技嘉永豐9B購01  ,0,0,0,0,0,0,0,0,0,51000,0,0,0,77000,26000,51000,51000
061408,華新科國票9A購06,0,0,0,0,0,0,0,0,0,51000,0,0,0,64000,13000,51000,51000
061572,奇力新元大9A購04,0,0,0,0,0,0,0,0,0,51000,0,0,0,56000,5000,51000,51000
061617,微星群益9A購02  ,0,0,0,0,0,0,0,0,0,51000,0,0,0,51000,0,51000,51000
061037,嘉澤永豐9A購01  ,0,0,0,0,0,0,0,0,0,51000,0,0,0,55000,4000,51000,51000
064639,聚陽凱基02購01  ,0,0,0,0,0,0,0,0,0,51000,0,0,0,64000,13000,51000,51000
066002,健策國票02購01  ,0,0,0,0,0,0,0,0,0,51000,0,0,0,78000,27000,51000,51000
066328,國揚永豐01購01  ,0,0,0,0,0,0,0,0,0,51000,0,0,0,57000,6000,51000,51000
065043,新光金凱基02購01,0,0,0,0,0,0,0,0,0,51000,0,0,0,51000,0,51000,51000
064030,泰碩元大01購01  ,0,0,0,0,0,0,0,0,0,51000,0,0,0,51000,0,51000,51000
064210,台光電凱基03購01,0,0,0,0,0,0,0,0,0,51000,0,0,0,65000,14000,51000,51000
063841,國巨元大01購01  ,0,0,0,0,0,0,0,0,0,51000,0,0,0,88000,37000,51000,51000
08936P,鴻海元大01售20  ,0,0,0,0,0,0,0,0,0,51000,0,0,0,71000,20000,51000,51000
2442,新美齊          ,159000,101000,58000,0,0,0,0,0,0,-7000,0,7000,-7000,0,0,0,51000
1522,堤維西          ,121000,70000,51000,0,0,0,0,0,0,0,0,0,0,0,0,0,51000
07366P,國巨康和99售02  ,0,0,0,0,0,0,0,0,0,50000,0,0,0,50000,0,50000,50000
07594P,大立光永豐9A售01,0,0,0,0,0,0,0,0,0,50000,0,0,0,50000,0,50000,50000
07865P,可成元大9B售02  ,0,0,0,0,0,0,0,0,0,50000,0,0,0,50000,0,50000,50000
08047P,臺股指國票9B售12,0,0,0,0,0,0,0,0,0,50000,0,0,0,50000,0,50000,50000
08155P,聯發科元富9B售05,0,0,0,0,0,0,0,0,0,50000,0,0,0,200000,150000,50000,50000
068193,順德凱基01購01  ,0,0,0,0,0,0,0,0,0,50000,0,0,0,50000,0,50000,50000
068681,新唐國泰03購01  ,0,0,0,0,0,0,0,0,0,50000,0,0,0,160000,110000,50000,50000
068684,台積電中信02購02,0,0,0,0,0,0,0,0,0,50000,0,0,0,105000,55000,50000,50000
067675,中工元大03購01  ,0,0,0,0,0,0,0,0,0,50000,0,0,0,94000,44000,50000,50000
068098,同欣電富邦01購02,0,0,0,0,0,0,0,0,0,50000,0,0,0,61000,11000,50000,50000
068163,緯穎元大01購07  ,0,0,0,0,0,0,0,0,0,50000,0,0,0,100000,50000,50000,50000
067093,台灣50群益01購08,0,0,0,0,0,0,0,0,0,50000,0,0,0,63000,13000,50000,50000
060049,華通凱基99購06  ,0,0,0,0,0,0,0,0,0,50000,0,0,0,66000,16000,50000,50000
060629,鴻海富邦9B購01  ,0,0,0,0,0,0,0,0,0,50000,0,0,0,50000,0,50000,50000
061998,緯穎元大9B購03  ,0,0,0,0,0,0,0,0,0,50000,0,0,0,66000,16000,50000,50000
059435,大立光元大99購17,3000,0,3000,0,0,0,0,0,0,47000,0,0,0,50000,3000,47000,50000
059528,華新科凱基99購06,0,0,0,0,0,0,0,0,0,50000,0,0,0,50000,0,50000,50000
059304,華新科兆豐99購06,0,0,0,0,0,0,0,0,0,50000,0,0,0,50000,0,50000,50000
03244P,台積電統一03售13,0,0,0,0,0,0,0,0,0,50000,0,0,0,50000,0,50000,50000
046159,群創群益98購04  ,0,0,0,0,0,0,0,0,0,50000,0,0,0,50000,0,50000,50000
056270,群創統一98購04  ,0,0,0,0,0,0,0,0,0,50000,0,0,0,50000,0,50000,50000
055417,健策富邦98購02  ,0,0,0,0,0,0,0,0,0,50000,0,0,0,50000,0,50000,50000
055597,禾伸堂元大98購02,0,0,0,0,0,0,0,0,0,50000,0,0,0,50000,0,50000,50000
057771,鴻海群益99購01  ,0,0,0,0,0,0,0,0,0,50000,0,0,0,50000,0,50000,50000
056459,茂林凱基99購01  ,0,0,0,0,0,0,0,0,0,50000,0,0,0,80000,30000,50000,50000
056635,亞德客日盛99購01,0,0,0,0,0,0,0,0,0,50000,0,0,0,50000,0,50000,50000
059788,華新科元大9A購05,0,0,0,0,0,0,0,0,0,50000,0,0,0,51000,1000,50000,50000
064605,GIS元富9C購01   ,0,0,0,0,0,0,0,0,0,50000,0,0,0,150000,100000,50000,50000
064371,矽格統一9C購02  ,0,0,0,0,0,0,0,0,0,50000,0,0,0,126000,76000,50000,50000
064272,鴻海元大9C購09  ,0,0,0,0,0,0,0,0,0,50000,0,0,0,50000,0,50000,50000
061906,統一中信9B購01  ,0,0,0,0,0,0,0,0,0,50000,0,0,0,122000,72000,50000,50000
060346,華新科統一01購01,0,0,0,0,0,0,0,0,0,50000,0,0,0,57000,7000,50000,50000
060326,群光群益9A購01  ,0,0,0,0,0,0,0,0,0,50000,0,0,0,94000,44000,50000,50000
061649,緯穎元大9A購06  ,0,0,0,0,0,0,0,0,0,50000,0,0,0,50000,0,50000,50000
061681,南電元大9A購08  ,0,0,0,0,0,0,0,0,0,50000,0,0,0,50000,0,50000,50000
060855,華新科富邦01購01,0,0,0,0,0,0,0,0,0,50000,0,0,0,50000,0,50000,50000
061586,智邦富邦9A購02  ,0,0,0,0,0,0,0,0,0,50000,0,0,0,50000,0,50000,50000
061537,SP黃豆群益9A購02,0,0,0,0,0,0,0,0,0,50000,0,0,0,50000,0,50000,50000
063482,緯穎元大9B購09  ,0,0,0,0,0,0,0,0,0,50000,0,0,0,60000,10000,50000,50000
062548,智易永豐9B購01  ,0,0,0,0,0,0,0,0,0,50000,0,0,0,50000,0,50000,50000
063343,美律統一9C購01  ,0,0,0,0,0,0,0,0,0,50000,0,0,0,50000,0,50000,50000
063155,緯穎元富9B購03  ,0,0,0,0,0,0,0,0,0,50000,0,0,0,50000,0,50000,50000
062197,聯發科中信01購03,0,0,0,0,0,0,0,0,0,50000,0,0,0,50000,0,50000,50000
064549,神基凱基9C購01  ,0,0,0,0,0,0,0,0,0,50000,0,0,0,50000,0,50000,50000
064211,友達凱基02購01  ,0,0,0,0,0,0,0,0,0,50000,0,0,0,120000,70000,50000,50000
064751,亞德客凱基9C購02,0,0,0,0,0,0,0,0,0,50000,0,0,0,50000,0,50000,50000
064992,玉晶光兆豐01購01,0,0,0,0,0,0,0,0,0,50000,0,0,0,2348000,2298000,50000,50000
064996,T50反1國票01購03,0,0,0,0,0,0,0,0,0,50000,0,0,0,50000,0,50000,50000
065260,金像電元大9C購07,0,0,0,0,0,0,0,0,0,50000,0,0,0,50000,0,50000,50000
065382,緯穎元大9C購04  ,0,0,0,0,0,0,0,0,0,50000,0,0,0,50000,0,50000,50000
066383,臻鼎康和01購01  ,0,0,0,0,0,0,0,0,0,50000,0,0,0,151000,101000,50000,50000
066292,惠特元大01購02  ,0,0,0,0,0,0,0,0,0,50000,0,0,0,132000,82000,50000,50000
066638,聚碩凱基01購01  ,0,0,0,0,0,0,0,0,0,50000,0,0,0,50000,0,50000,50000
066090,泰鼎永豐01購01  ,0,0,0,0,0,0,0,0,0,50000,0,0,0,60000,10000,50000,50000
066173,泰碩凱基02購01  ,0,0,0,0,0,0,0,0,0,50000,0,0,0,50000,0,50000,50000
066188,訊芯凱基01購01  ,0,0,0,0,0,0,0,0,0,50000,0,0,0,50000,0,50000,50000
065936,聯發科群益02購01,0,0,0,0,0,0,0,0,0,50000,0,0,0,50000,0,50000,50000
065752,正崴元大9C購01  ,0,0,0,0,0,0,0,0,0,50000,0,0,0,50000,0,50000,50000
065651,中磊元大9C購01  ,0,0,0,0,0,0,0,0,0,50000,0,0,0,407000,357000,50000,50000
2204,中華            ,262000,224000,38000,0,0,0,0,0,0,12000,0,0,0,12000,0,12000,50000
2488,漢平            ,104000,54000,50000,0,0,0,0,0,0,0,0,0,0,0,0,0,50000
08970P,臺股指元大01售13,0,0,0,0,0,0,0,0,0,50000,0,0,0,50000,0,50000,50000
08886P,台積電富邦04售04,0,0,0,0,0,0,0,0,0,50000,0,0,0,50000,0,50000,50000
08698P,可成凱基01售02  ,0,0,0,0,0,0,0,0,0,50000,0,0,0,50000,0,50000,50000
08406P,緯穎元大9C售01  ,0,0,0,0,0,0,0,0,0,50000,0,0,0,68000,18000,50000,50000
08386P,臺股指群益9C售14,0,0,0,0,0,0,0,0,0,50000,0,0,0,50000,0,50000,50000
08261P,玉晶光元大9C售08,0,0,0,0,0,0,0,0,0,50000,0,0,0,50000,0,50000,50000
08248P,旺宏群益9C售02  ,0,0,0,0,0,0,0,0,0,50000,0,0,0,50000,0,50000,50000
068075,欣興凱基01購04  ,0,0,0,0,0,0,0,0,0,49000,0,0,0,457000,408000,49000,49000
068272,華新科永豐01購02,0,0,0,0,0,0,0,0,0,49000,0,0,0,51000,2000,49000,49000
058728,SP黃豆永豐99購01,0,0,0,0,0,0,0,0,0,49000,0,0,0,199000,150000,49000,49000
057228,友達凱基9B購01  ,0,0,0,0,0,0,0,0,0,49000,0,0,0,50000,1000,49000,49000
056763,國巨元大99購02  ,0,0,0,0,0,0,0,0,0,49000,0,0,0,52000,3000,49000,49000
058230,國巨元大99購11  ,0,0,0,0,0,0,0,0,0,49000,0,0,0,50000,1000,49000,49000
057446,旺宏元富02購01  ,0,0,0,0,0,0,0,0,0,49000,0,0,0,49000,0,49000,49000
063548,同欣電兆豐9B購01,0,0,0,0,0,0,0,0,0,49000,0,0,0,263000,214000,49000,49000
063523,微星凱基9B購03  ,0,0,0,0,0,0,0,0,0,49000,0,0,0,59000,10000,49000,49000
062794,鴻海統一9C購15  ,0,0,0,0,0,0,0,0,0,49000,0,0,0,50000,1000,49000,49000
062969,旺宏元富9B購01  ,0,0,0,0,0,0,0,0,0,49000,0,0,0,49000,0,49000,49000
060877,華邦電中信02購01,0,0,0,0,0,0,0,0,0,49000,0,0,0,61000,12000,49000,49000
060928,明泰永豐9A購01  ,0,0,0,0,0,0,0,0,0,49000,0,0,0,65000,16000,49000,49000
064402,宏碁凱基01購01  ,0,0,0,0,0,0,0,0,0,49000,0,0,0,134000,85000,49000,49000
066530,美律元富04購01  ,0,0,0,0,0,0,0,0,0,49000,0,0,0,264000,215000,49000,49000
065580,鈺齊群益01購01  ,0,0,0,0,0,0,0,0,0,49000,0,0,0,49000,0,49000,49000
065499,京元電富邦01購01,0,0,0,0,0,0,0,0,0,49000,0,0,0,377000,328000,49000,49000
065085,聯發科元大01購02,0,0,0,0,0,0,0,0,0,49000,0,0,0,57000,8000,49000,49000
064708,帆宣永豐9C購01  ,0,0,0,0,0,0,0,0,0,49000,0,0,0,59000,10000,49000,49000
063907,華通凱基9C購03  ,0,0,0,0,0,0,0,0,0,49000,0,0,0,49000,0,49000,49000
08968P,台表科元大01售04,0,0,0,0,0,0,0,0,0,49000,0,0,0,118000,69000,49000,49000
07580P,緯穎元大9A售03  ,0,0,0,0,0,0,0,0,0,48000,0,0,0,50000,2000,48000,48000
067101,華邦電群益01購02,0,0,0,0,0,0,0,0,0,48000,0,0,0,48000,0,48000,48000
067292,大立光兆豐01購01,0,0,0,0,0,0,0,0,0,48000,0,0,0,109000,61000,48000,48000
055437,禾伸堂中信99購01,0,0,0,0,0,0,0,0,0,48000,0,0,0,48000,0,48000,48000
058794,旺宏元大99購09  ,0,0,0,0,0,0,0,0,0,48000,0,0,0,59000,11000,48000,48000
056330,玉晶光國票99購03,0,0,0,0,0,0,0,0,0,48000,0,0,0,167000,119000,48000,48000
00762,元大全球AI      ,1000,1000,0,0,0,0,0,0,0,48000,0,0,0,134000,86000,48000,48000
064583,光寶科永豐9C購01,0,0,0,0,0,0,0,0,0,48000,0,0,0,48000,0,48000,48000
062336,茂林統一01購02  ,0,0,0,0,0,0,0,0,0,48000,0,0,0,48000,0,48000,48000
062121,奇鋐台新9B購01  ,0,0,0,0,0,0,0,0,0,48000,0,0,0,48000,0,48000,48000
063746,上銀國票9C購01  ,0,0,0,0,0,0,0,0,0,48000,0,0,0,48000,0,48000,48000
064004,全新凱基01購01  ,0,0,0,0,0,0,0,0,0,48000,0,0,0,48000,0,48000,48000
064650,台表科凱基03購01,0,0,0,0,0,0,0,0,0,48000,0,0,0,231000,183000,48000,48000
064808,國產元大9C購02  ,0,0,0,0,0,0,0,0,0,48000,0,0,0,91000,43000,48000,48000
065415,台積電兆豐9C購05,0,0,0,0,0,0,0,0,0,48000,0,0,0,48000,0,48000,48000
066280,眾達元大01購01  ,0,0,0,0,0,0,0,0,0,48000,0,0,0,119000,71000,48000,48000
066281,眾達元大02購01  ,0,0,0,0,0,0,0,0,0,48000,0,0,0,61000,13000,48000,48000
067444,國巨國票03購01  ,0,0,0,0,0,0,0,0,0,47000,0,0,0,66000,19000,47000,47000
067562,牧德國票02購01  ,0,0,0,0,0,0,0,0,0,47000,0,0,0,228000,181000,47000,47000
067564,訊芯國票02購01  ,0,0,0,0,0,0,0,0,0,47000,0,0,0,168000,121000,47000,47000
068292,精成科群益01購01,0,0,0,0,0,0,0,0,0,47000,0,0,0,242000,195000,47000,47000
068353,台積電凱基01購23,0,0,0,0,0,0,0,0,0,47000,0,0,0,158000,111000,47000,47000
00713,元大台灣高息低波,15000,3000,12000,0,0,0,0,0,0,35000,0,0,0,35000,0,35000,47000
057693,臺股指凱基98購11,0,0,0,0,0,0,0,0,0,47000,0,0,0,47000,0,47000,47000
063752,瑞祺國票9C購01  ,0,0,0,0,0,0,0,0,0,47000,0,0,0,47000,0,47000,47000
063784,華通中信06購01  ,0,0,0,0,0,0,0,0,0,47000,0,0,0,239000,192000,47000,47000
063399,智原群益9B購01  ,0,0,0,0,0,0,0,0,0,47000,0,0,0,72000,25000,47000,47000
062438,台光電元大9B購04,0,0,0,0,0,0,0,0,0,47000,0,0,0,50000,3000,47000,47000
062824,國巨群益9C購03  ,0,0,0,0,0,0,0,0,0,47000,0,0,0,57000,10000,47000,47000
061699,燿華國票9A購01  ,0,0,0,0,0,0,0,0,0,47000,0,0,0,47000,0,47000,47000
064242,TPK統一02購01   ,0,0,0,0,0,0,0,0,0,47000,0,0,0,642000,595000,47000,47000
061243,麗豐兆豐9A購01  ,0,0,0,0,0,0,0,0,0,47000,0,0,0,47000,0,47000,47000
065930,矽格國票02購01  ,0,0,0,0,0,0,0,0,0,47000,0,0,0,58000,11000,47000,47000
065904,群創富邦02購01  ,0,0,0,0,0,0,0,0,0,47000,0,0,0,52000,5000,47000,47000
065879,瑞祺群益9C購02  ,0,0,0,0,0,0,0,0,0,47000,0,0,0,47000,0,47000,47000
065222,玉晶光永豐9C購07,0,0,0,0,0,0,0,0,0,47000,0,0,0,71000,24000,47000,47000
064869,景碩永豐9C購01  ,0,0,0,0,0,0,0,0,0,47000,0,0,0,187000,140000,47000,47000
064729,聯茂統一02購02  ,0,0,0,0,0,0,0,0,0,47000,0,0,0,89000,42000,47000,47000
064073,南電永豐9C購01  ,0,0,0,0,0,0,0,0,0,47000,0,0,0,47000,0,47000,47000
064562,友達群益9C購03  ,0,0,0,0,0,0,0,0,0,47000,0,0,0,47000,0,47000,47000
5258,虹堡            ,62000,18000,44000,0,0,0,0,0,0,3000,5000,2000,3000,0,0,0,47000
068703,瑞昱國票03購01  ,0,0,0,0,0,0,0,0,0,46000,0,0,0,143000,97000,46000,46000
068672,聯發科統一02購10,0,0,0,0,0,0,0,0,0,46000,0,0,0,81000,35000,46000,46000
068617,康舒國票03購01  ,0,0,0,0,0,0,0,0,0,46000,0,0,0,52000,6000,46000,46000
067235,正崴群益02購02  ,0,0,0,0,0,0,0,0,0,46000,0,0,0,46000,0,46000,46000
061990,台勝科元大9C購01,0,0,0,0,0,0,0,0,0,46000,0,0,0,146000,100000,46000,46000
059387,華通凱基9A購03  ,0,0,0,0,0,0,0,0,0,46000,0,0,0,66000,20000,46000,46000
056668,光磊國票99購01  ,0,0,0,0,0,0,0,0,0,46000,0,0,0,53000,7000,46000,46000
063704,麗豐群益9B購01  ,0,0,0,0,0,0,0,0,0,46000,0,0,0,65000,19000,46000,46000
062344,力山群益9B購02  ,0,0,0,0,0,0,0,0,0,46000,0,0,0,439000,393000,46000,46000
062179,旺宏元大9B購05  ,0,0,0,0,0,0,0,0,0,46000,0,0,0,68000,22000,46000,46000
062226,臻鼎統一9B購01  ,0,0,0,0,0,0,0,0,0,46000,0,0,0,46000,0,46000,46000
064067,美律永豐9C購01  ,0,0,0,0,0,0,0,0,0,46000,0,0,0,51000,5000,46000,46000
066170,聯陽凱基01購01  ,0,0,0,0,0,0,0,0,0,46000,0,0,0,262000,216000,46000,46000
066063,南電元大01購04  ,0,0,0,0,0,0,0,0,0,46000,0,0,0,63000,17000,46000,46000
067248,帆宣群益01購01  ,0,0,0,0,0,0,0,0,0,45000,0,0,0,55000,10000,45000,45000
066884,亞光永豐01購01  ,0,0,0,0,0,0,0,0,0,45000,0,0,0,45000,0,45000,45000
07731P,臺股指凱基9A售28,0,0,0,0,0,0,0,0,0,45000,0,0,0,80000,35000,45000,45000
058747,友達凱基9A購03  ,0,0,0,0,0,0,0,0,0,45000,0,0,0,46000,1000,45000,45000
054156,聯電亞東98購01  ,0,0,0,0,0,0,0,0,0,45000,0,0,0,45000,0,45000,45000
059660,華新科元大9A購04,0,0,0,0,0,0,0,0,0,45000,0,0,0,45000,0,45000,45000
059094,臻鼎元大99購03  ,0,0,0,0,0,0,0,0,0,45000,0,0,0,88000,43000,45000,45000
060061,旺宏兆豐99購02  ,0,0,0,0,0,0,0,0,0,45000,0,0,0,55000,10000,45000,45000
063710,光寶科凱基9C購01,0,0,0,0,0,0,0,0,0,45000,0,0,0,50000,5000,45000,45000
061241,晶技兆豐9A購01  ,0,0,0,0,0,0,0,0,0,45000,0,0,0,45000,0,45000,45000
063167,同欣電永豐9B購03,0,0,0,0,0,0,0,0,0,45000,0,0,0,55000,10000,45000,45000
061916,元金2X凱基02購01,0,0,0,0,0,0,0,0,0,45000,0,0,0,46000,1000,45000,45000
064486,聚陽元大9C購01  ,0,0,0,0,0,0,0,0,0,45000,0,0,0,77000,32000,45000,45000
064329,國巨元大01購03  ,0,0,0,0,0,0,0,0,0,45000,0,0,0,100000,55000,45000,45000
066073,奇鋐凱基01購01  ,0,0,0,0,0,0,0,0,0,45000,0,0,0,50000,5000,45000,45000
065753,正崴元大9C購02  ,0,0,0,0,0,0,0,0,0,45000,0,0,0,57000,12000,45000,45000
065759,TPK元大9C購05   ,0,0,0,0,0,0,0,0,0,45000,0,0,0,64000,19000,45000,45000
066310,長興永豐01購01  ,0,0,0,0,0,0,0,0,0,45000,0,0,0,154000,109000,45000,45000
066431,台郡元大02購01  ,0,0,0,0,0,0,0,0,0,45000,0,0,0,58000,13000,45000,45000
064554,儒鴻群益9C購01  ,0,0,0,0,0,0,0,0,0,45000,0,0,0,401000,356000,45000,45000
063933,TPK統一01購01   ,0,0,0,0,0,0,0,0,0,45000,0,0,0,45000,0,45000,45000
4976,佳凌            ,269000,224000,45000,0,0,0,0,0,0,0,0,0,0,0,0,0,45000
08920P,臺股指凱基03售07,0,0,0,0,0,0,0,0,0,45000,0,0,0,323000,278000,45000,45000
08834P,聯發科統一01售11,0,0,0,0,0,0,0,0,0,45000,0,0,0,46000,1000,45000,45000
2836,高雄銀          ,139000,118000,21000,0,0,0,0,0,0,24000,24000,0,24000,0,0,0,45000
068750,欣興群益02購01  ,0,0,0,0,0,0,0,0,0,44000,0,0,0,129000,85000,44000,44000
067151,聯發科統一02購06,0,0,0,0,0,0,0,0,0,44000,0,0,0,104000,60000,44000,44000
067694,聚陽中信03購01  ,0,0,0,0,0,0,0,0,0,44000,0,0,0,112000,68000,44000,44000
053152,大立光元大99購01,0,0,0,0,0,0,0,0,0,44000,0,0,0,44000,0,44000,44000
064483,瑞儀永豐9C購01  ,0,0,0,0,0,0,0,0,0,44000,0,0,0,62000,18000,44000,44000
063163,京元電永豐9B購01,0,0,0,0,0,0,0,0,0,44000,0,0,0,44000,0,44000,44000
061258,華通凱基9A購06  ,0,0,0,0,0,0,0,0,0,44000,0,0,0,44000,0,44000,44000
060430,和潤永豐9A購01  ,0,0,0,0,0,0,0,0,0,44000,0,0,0,81000,37000,44000,44000
060412,儒鴻永豐9A購01  ,0,0,0,0,0,0,0,0,0,44000,0,0,0,44000,0,44000,44000
063701,燿華群益9B購02  ,0,0,0,0,0,0,0,0,0,44000,0,0,0,75000,31000,44000,44000
062031,臻鼎群益9B購01  ,0,0,0,0,0,0,0,0,0,44000,0,0,0,44000,0,44000,44000
062239,台汽電凱基9B購01,0,0,0,0,0,0,0,0,0,44000,0,0,0,60000,16000,44000,44000
062565,漢唐中信9C購01  ,0,0,0,0,0,0,0,0,0,44000,0,0,0,90000,46000,44000,44000
064006,晶技凱基9C購02  ,0,0,0,0,0,0,0,0,0,44000,0,0,0,46000,2000,44000,44000
06505P,康控國票99售02  ,0,0,0,0,0,0,0,0,0,44000,0,0,0,144000,100000,44000,44000
065390,達新群益9C購02  ,0,0,0,0,0,0,0,0,0,44000,0,0,0,44000,0,44000,44000
066473,大成鋼麥證01購01,0,0,0,44000,0,44000,0,0,0,44000,0,0,0,44000,0,44000,44000
1464,得力            ,168000,161000,7000,0,0,0,0,0,0,37000,0,0,0,37000,0,37000,44000
08516P,技嘉群益01售02  ,0,0,0,0,0,0,0,0,0,44000,0,0,0,44000,0,44000,44000
067568,台積電麥證01購09,0,0,0,43000,0,43000,0,0,0,43000,0,0,0,43000,0,43000,43000
067555,旺宏國票02購01  ,0,0,0,0,0,0,0,0,0,43000,0,0,0,43000,0,43000,43000
066993,世紀鋼群益01購03,0,0,0,0,0,0,0,0,0,43000,0,0,0,45000,2000,43000,43000
068616,日月光國票03購01,0,0,0,0,0,0,0,0,0,43000,0,0,0,53000,10000,43000,43000
068534,台達電中信03購01,0,0,0,0,0,0,0,0,0,43000,0,0,0,43000,0,43000,43000
068241,力山元大01購02  ,0,0,0,0,0,0,0,0,0,43000,0,0,0,222000,179000,43000,43000
08117P,聯發科元富9B售04,0,0,0,0,0,0,0,0,0,43000,0,0,0,113000,70000,43000,43000
03188P,聯發科元大01售34,0,0,0,0,0,0,0,0,0,43000,0,0,0,123000,80000,43000,43000
03690C,臺股指凱基01牛13,0,0,0,0,0,0,0,0,0,43000,0,0,0,96000,53000,43000,43000
058746,華通凱基9A購02  ,0,0,0,0,0,0,0,0,0,43000,0,0,0,63000,20000,43000,43000
059855,緯穎永豐99購04  ,0,0,0,0,0,0,0,0,0,43000,0,0,0,43000,0,43000,43000
061368,南六國票9A購01  ,0,0,0,0,0,0,0,0,0,43000,0,0,0,82000,39000,43000,43000
059116,晶豪科永豐99購01,0,0,0,0,0,0,0,0,0,43000,0,0,0,68000,25000,43000,43000
062727,華擎凱基9B購03  ,0,0,0,0,0,0,0,0,0,43000,0,0,0,43000,0,43000,43000
064438,大立光凱基01購03,0,0,0,0,0,0,0,0,0,43000,0,0,0,45000,2000,43000,43000
064278,高鐵元大9C購02  ,0,0,0,0,0,0,0,0,0,43000,0,0,0,200000,157000,43000,43000
064094,達新群益9C購01  ,0,0,0,0,0,0,0,0,0,43000,0,0,0,43000,0,43000,43000
066576,矽創元大01購02  ,0,0,0,0,0,0,0,0,0,43000,0,0,0,630000,587000,43000,43000
066596,健策群益02購01  ,0,0,0,0,0,0,0,0,0,43000,0,0,0,48000,5000,43000,43000
065944,大成鋼統一02購01,0,0,0,0,0,0,0,0,0,43000,0,0,0,150000,107000,43000,43000
064209,燿華凱基01購01  ,0,0,0,0,0,0,0,0,0,43000,0,0,0,172000,129000,43000,43000
064195,晶豪科群益9C購01,0,0,0,0,0,0,0,0,0,43000,0,0,0,106000,63000,43000,43000
1592,英瑞-KY         ,57000,14000,43000,0,0,0,0,0,0,0,0,0,0,0,0,0,43000
6552,易華電          ,101000,58000,43000,0,0,0,0,0,0,0,0,0,0,0,0,0,43000
08091P,A50正2元富9B售02,0,0,0,0,0,0,0,0,0,42000,0,0,0,52000,10000,42000,42000
068407,同欣電元富07購02,0,0,0,0,0,0,0,0,0,42000,0,0,0,85000,43000,42000,42000
068738,寶成元大02購01  ,0,0,0,0,0,0,0,0,0,42000,0,0,0,280000,238000,42000,42000
068769,義隆統一04購01  ,0,0,0,0,0,0,0,0,0,42000,0,0,0,144000,102000,42000,42000
066949,聯發科元大01購17,0,0,0,0,0,0,0,0,0,42000,0,0,0,497000,455000,42000,42000
064305,健鼎兆豐9C購02  ,0,0,0,0,0,0,0,0,0,42000,0,0,0,105000,63000,42000,42000
063789,智邦台新9C購01  ,0,0,0,0,0,0,0,0,0,42000,0,0,0,52000,10000,42000,42000
064767,宏全凱基9C購01  ,0,0,0,0,0,0,0,0,0,42000,0,0,0,42000,0,42000,42000
063997,泰鼎群益9C購01  ,0,0,0,0,0,0,0,0,0,42000,0,0,0,42000,0,42000,42000
065147,寶成凱基01購01  ,0,0,0,0,0,0,0,0,0,42000,0,0,0,65000,23000,42000,42000
065668,南亞科凱基9C購02,0,0,0,0,0,0,0,0,0,42000,0,0,0,83000,41000,42000,42000
066381,景碩康和01購01  ,0,0,0,0,0,0,0,0,0,42000,0,0,0,314000,272000,42000,42000
4755,三福化          ,153000,61000,92000,0,0,0,0,51000,-51000,1000,2000,1000,1000,0,0,0,42000
1731,美吾華          ,170000,128000,42000,0,0,0,0,0,0,0,0,0,0,0,0,0,42000
066915,訊芯凱基02購01  ,0,0,0,0,0,0,0,0,0,41000,0,0,0,84000,43000,41000,41000
07616P,瑞昱中信02售01  ,0,0,0,0,0,0,0,0,0,41000,0,0,0,51000,10000,41000,41000
068881,台郡凱基02購02  ,0,0,0,0,0,0,0,0,0,41000,0,0,0,41000,0,41000,41000
059928,道瓊銀富邦03購01,0,0,0,0,0,0,0,0,0,41000,0,0,0,41000,0,41000,41000
054811,裕隆元大9A購01  ,0,0,0,0,0,0,0,0,0,41000,0,0,0,101000,60000,41000,41000
062153,智邦麥證9B購01  ,0,0,0,54000,0,54000,0,0,0,41000,0,0,0,54000,13000,41000,41000
064623,創意元大9C購04  ,0,0,0,0,0,0,0,0,0,41000,0,0,0,54000,13000,41000,41000
064147,瑞昱統一01購04  ,0,0,0,0,0,0,0,0,0,41000,0,0,0,42000,1000,41000,41000
066372,惠特中信01購01  ,0,0,0,0,0,0,0,0,0,41000,0,0,0,128000,87000,41000,41000
066847,群創元大01購03  ,0,0,0,0,0,0,0,0,0,41000,0,0,0,41000,0,41000,41000
065726,京元電凱基9C購02,0,0,0,0,0,0,0,0,0,41000,0,0,0,92000,51000,41000,41000
066007,大立光統一02購06,0,0,0,0,0,0,0,0,0,41000,0,0,0,126000,85000,41000,41000
066154,聯強康和01購01  ,0,0,0,0,0,0,0,0,0,41000,0,0,0,45000,4000,41000,41000
065265,景碩元大9C購02  ,0,0,0,0,0,0,0,0,0,41000,0,0,0,41000,0,41000,41000
065570,台光電群益01購01,0,0,0,0,0,0,0,0,0,41000,0,0,0,41000,0,41000,41000
065546,景碩兆豐01購01  ,0,0,0,0,0,0,0,0,0,41000,0,0,0,250000,209000,41000,41000
2539,櫻花建          ,64000,23000,41000,0,0,0,0,0,0,0,0,0,0,0,0,0,41000
068869,光寶科中信03購01,0,0,0,0,0,0,0,0,0,40000,0,0,0,50000,10000,40000,40000
07082P,美律元大99售06  ,0,0,0,0,0,0,0,0,0,40000,0,0,0,40000,0,40000,40000
07496P,鴻海元大9A售05  ,0,0,0,0,0,0,0,0,0,40000,0,0,0,40000,0,40000,40000
067903,申豐群益01購01  ,0,0,0,0,0,0,0,0,0,40000,0,0,0,197000,157000,40000,40000
055435,佳世達中信99購01,0,0,0,0,0,0,0,0,0,40000,0,0,0,40000,0,40000,40000
055265,玉晶光永豐98購03,0,0,0,0,0,0,0,0,0,40000,0,0,0,40000,0,40000,40000
056915,上銀兆豐99購01  ,0,0,0,0,0,0,0,0,0,40000,0,0,0,60000,20000,40000,40000
057177,奇力新元大99購04,0,0,0,0,0,0,0,0,0,40000,0,0,0,50000,10000,40000,40000
059849,興勤永豐99購01  ,0,0,0,0,0,0,0,0,0,40000,0,0,0,40000,0,40000,40000
059833,緯穎康和99購01  ,0,0,0,0,0,0,0,0,0,40000,0,0,0,40000,0,40000,40000
059874,大立光凱基99購15,0,0,0,0,0,0,0,0,0,40000,0,0,0,40000,0,40000,40000
058707,泰鼎元大99購02  ,0,0,0,0,0,0,0,0,0,40000,0,0,0,40000,0,40000,40000
059248,華新科凱基99購04,0,0,0,0,0,0,0,0,0,40000,0,0,0,50000,10000,40000,40000
057923,晶豪科凱基98購02,0,0,0,0,0,0,0,0,0,40000,0,0,0,40000,0,40000,40000
060093,友達元大03購01  ,0,0,0,0,0,0,0,0,0,40000,0,0,0,50000,10000,40000,40000
057532,智原元大98購03  ,0,0,0,0,0,0,0,0,0,40000,0,0,0,40000,0,40000,40000
064237,奇鋐統一01購01  ,0,0,0,0,0,0,0,0,0,40000,0,0,0,110000,70000,40000,40000
061643,嘉澤元大9A購05  ,0,0,0,0,0,0,0,0,0,40000,0,0,0,46000,6000,40000,40000
063054,健鼎統一01購01  ,0,0,0,0,0,0,0,0,0,40000,0,0,0,60000,20000,40000,40000
061232,和大元大9A購03  ,0,0,0,0,0,0,0,0,0,40000,0,0,0,40000,0,40000,40000
060729,國巨群益9A購05  ,0,0,0,0,0,0,0,0,0,40000,0,0,0,42000,2000,40000,40000
063217,元金2X群益9B購03,0,0,0,0,0,0,0,0,0,40000,0,0,0,40000,0,40000,40000
061593,智原永豐9A購01  ,0,0,0,0,0,0,0,0,0,40000,0,0,0,60000,20000,40000,40000
063615,瑞祺群益9B購03  ,0,0,0,0,0,0,0,0,0,40000,0,0,0,40000,0,40000,40000
063476,台表科元大9C購03,0,0,0,0,0,0,0,0,0,40000,0,0,0,299000,259000,40000,40000
063455,T50反1元大9B購07,0,0,0,0,0,0,0,0,0,40000,0,0,0,40000,0,40000,40000
063292,致新元大9B購02  ,0,0,0,0,0,0,0,0,0,40000,0,0,0,322000,282000,40000,40000
062952,台積電永豐9B購02,0,0,0,0,0,0,0,0,0,40000,0,0,0,40000,0,40000,40000
062955,立積永豐9B購02  ,0,0,0,0,0,0,0,0,0,40000,0,0,0,41000,1000,40000,40000
065485,巨大元大9C購02  ,0,0,0,0,0,0,0,0,0,40000,0,0,0,65000,25000,40000,40000
065449,中租統一9C購01  ,0,0,0,0,0,0,0,0,0,40000,0,0,0,40000,0,40000,40000
065338,旺宏統一01購07  ,0,0,0,0,0,0,0,0,0,40000,0,0,0,40000,0,40000,40000
065160,聯茂群益9C購02  ,0,0,0,0,0,0,0,0,0,40000,0,0,0,40000,0,40000,40000
065032,TPK兆豐01購01   ,0,0,0,0,0,0,0,0,0,40000,0,0,0,50000,10000,40000,40000
064749,巨大國票01購01  ,0,0,0,0,0,0,0,0,0,40000,0,0,0,40000,0,40000,40000
064054,中租統一02購01  ,0,0,0,0,0,0,0,0,0,40000,0,0,0,40000,0,40000,40000
064079,英業達中信9C購01,0,0,0,0,0,0,0,0,0,40000,0,0,0,48000,8000,40000,40000
066244,臺指反元大04購01,0,0,0,0,0,0,0,0,0,40000,0,0,0,100000,60000,40000,40000
066059,帆宣元大01購01  ,0,0,0,0,0,0,0,0,0,40000,0,0,0,40000,0,40000,40000
065966,國巨元大01購06  ,0,0,0,0,0,0,0,0,0,40000,0,0,0,130000,90000,40000,40000
066844,聯發科元大01購12,0,0,0,0,0,0,0,0,0,40000,0,0,0,40000,0,40000,40000
066710,彩晶群益03購01  ,0,0,0,0,0,0,0,0,0,40000,0,0,0,40000,0,40000,40000
066556,和鑫元大01購01  ,0,0,0,0,0,0,0,0,0,40000,0,0,0,47000,7000,40000,40000
066557,京鼎元大01購01  ,0,0,0,0,0,0,0,0,0,40000,0,0,0,210000,170000,40000,40000
066499,台郡國泰02購01  ,0,0,0,0,0,0,0,0,0,40000,0,0,0,103000,63000,40000,40000
1732,毛寶            ,224000,153000,71000,0,0,0,0,0,0,-31000,0,1000,-1000,0,30000,-30000,40000
08552P,華新科群益9C售04,0,0,0,0,0,0,0,0,0,40000,0,0,0,40000,0,40000,40000
08592P,聯發科凱基01售06,0,0,0,0,0,0,0,0,0,40000,0,0,0,40000,0,40000,40000
08587P,聯發科中信01售05,0,0,0,0,0,0,0,0,0,40000,0,0,0,40000,0,40000,40000
08170P,緯穎群益9B售03  ,0,0,0,0,0,0,0,0,0,40000,0,0,0,50000,10000,40000,40000
08215P,旺宏群益9B售04  ,0,0,0,0,0,0,0,0,0,40000,0,0,0,40000,0,40000,40000
4916,事欣科          ,42000,7000,35000,0,0,0,0,0,0,5000,5000,0,5000,0,0,0,40000
067855,達方國票02購01  ,0,0,0,0,0,0,0,0,0,39000,0,0,0,65000,26000,39000,39000
067021,正崴中信01購01  ,0,0,0,0,0,0,0,0,0,39000,0,0,0,39000,0,39000,39000
067150,聯發科統一02購05,0,0,0,0,0,0,0,0,0,39000,0,0,0,220000,181000,39000,39000
067244,康控群益01購02  ,0,0,0,0,0,0,0,0,0,39000,0,0,0,39000,0,39000,39000
068688,聚陽凱基02購03  ,0,0,0,0,0,0,0,0,0,39000,0,0,0,70000,31000,39000,39000
068386,台達電統一03購02,0,0,0,0,0,0,0,0,0,39000,0,0,0,39000,0,39000,39000
058625,旺宏國票9A購01  ,0,0,0,0,0,0,0,0,0,39000,0,0,0,39000,0,39000,39000
059070,道瓊指元大99購02,0,0,0,0,0,0,0,0,0,39000,0,0,0,50000,11000,39000,39000
055653,聯詠元富01購02  ,0,0,0,0,0,0,0,0,0,39000,0,0,0,55000,16000,39000,39000
00684R,元大美元指數反1 ,0,0,0,0,0,0,0,0,0,39000,0,0,0,46000,7000,39000,39000
062787,超眾元大9C購02  ,0,0,0,0,0,0,0,0,0,39000,0,0,0,60000,21000,39000,39000
062680,微星統一01購01  ,0,0,0,0,0,0,0,0,0,39000,0,0,0,41000,2000,39000,39000
063479,南六元大9B購06  ,0,0,0,0,0,0,0,0,0,39000,0,0,0,92000,53000,39000,39000
062147,大毅國票9B購02  ,0,0,0,0,0,0,0,0,0,39000,0,0,0,39000,0,39000,39000
062133,大成鋼群益9B購01,0,0,0,0,0,0,0,0,0,39000,0,0,0,39000,0,39000,39000
063182,國巨凱基9B購10  ,0,0,0,0,0,0,0,0,0,39000,0,0,0,39000,0,39000,39000
061657,智原國票9A購01  ,0,0,0,0,0,0,0,0,0,39000,0,0,0,39000,0,39000,39000
064112,宏碁國票01購01  ,0,0,0,0,0,0,0,0,0,39000,0,0,0,49000,10000,39000,39000
066451,台郡群益01購01  ,0,0,0,0,0,0,0,0,0,39000,0,0,0,74000,35000,39000,39000
066731,瑞昱元大01購01  ,0,0,0,0,0,0,0,0,0,39000,0,0,0,92000,53000,39000,39000
065986,金像電永豐01購03,0,0,0,0,0,0,0,0,0,39000,0,0,0,42000,3000,39000,39000
066247,中化元大01購02  ,0,0,0,0,0,0,0,0,0,39000,0,0,0,50000,11000,39000,39000
064193,華新群益9C購01  ,0,0,0,0,0,0,0,0,0,39000,0,0,0,60000,21000,39000,39000
063970,大立光國票01購01,0,0,0,0,0,0,0,0,0,39000,0,0,0,47000,8000,39000,39000
065091,亞光元大9C購01  ,0,0,0,0,0,0,0,0,0,39000,0,0,0,62000,23000,39000,39000
065381,緯穎元大9C購03  ,0,0,0,0,0,0,0,0,0,39000,0,0,0,50000,11000,39000,39000
065445,台光電統一01購05,0,0,0,0,0,0,0,0,0,39000,0,0,0,39000,0,39000,39000
065432,景碩凱基9C購03  ,0,0,0,0,0,0,0,0,0,39000,0,0,0,118000,79000,39000,39000
065517,緯創群益9C購02  ,0,0,0,0,0,0,0,0,0,39000,0,0,0,75000,36000,39000,39000
065582,景碩國泰01購01  ,0,0,0,0,0,0,0,0,0,39000,0,0,0,41000,2000,39000,39000
9941,裕融            ,37000,31000,6000,0,0,0,0,0,0,33000,33000,0,33000,0,0,0,39000
08427P,義隆國票9C售01  ,0,0,0,0,0,0,0,0,0,39000,0,0,0,60000,21000,39000,39000
2231,為升            ,170000,119000,51000,0,0,0,0,0,0,-12000,12000,25000,-13000,5000,4000,1000,39000
068650,神隆元大02購02  ,0,0,0,0,0,0,0,0,0,38000,0,0,0,65000,27000,38000,38000
068920,台積電元富08購10,0,0,0,0,0,0,0,0,0,38000,0,0,0,60000,22000,38000,38000
067440,A50正2國票02購01,0,0,0,0,0,0,0,0,0,38000,0,0,0,38000,0,38000,38000
067492,健策元大01購11  ,0,0,0,0,0,0,0,0,0,38000,0,0,0,50000,12000,38000,38000
068088,台灣50群益01購13,0,0,0,0,0,0,0,0,0,38000,0,0,0,211000,173000,38000,38000
03018P,華邦電群益01售03,0,0,0,0,0,0,0,0,0,38000,0,0,0,60000,22000,38000,38000
057812,友達元大9A購05  ,0,0,0,0,0,0,0,0,0,38000,0,0,0,151000,113000,38000,38000
058389,聯茂國票9A購01  ,0,0,0,0,0,0,0,0,0,38000,0,0,0,38000,0,38000,38000
057533,晶相光元大98購02,0,0,0,0,0,0,0,0,0,38000,0,0,0,48000,10000,38000,38000
058054,台積電統一9C購01,0,0,0,0,0,0,0,0,0,38000,0,0,0,38000,0,38000,38000
064214,群創凱基03購01  ,0,0,0,0,0,0,0,0,0,38000,0,0,0,55000,17000,38000,38000
061785,奇力新群益9B購01,0,0,0,0,0,0,0,0,0,38000,0,0,0,94000,56000,38000,38000
064262,玉晶光永豐9C購03,0,0,0,0,0,0,0,0,0,38000,0,0,0,38000,0,38000,38000
063378,茂林永豐9B購02  ,0,0,0,0,0,0,0,0,0,38000,0,0,0,38000,0,38000,38000
062328,南亞科統一9C購01,0,0,0,0,0,0,0,0,0,38000,0,0,0,48000,10000,38000,38000
064897,宏達電群益9C購02,0,0,0,0,0,0,0,0,0,38000,0,0,0,102000,64000,38000,38000
066191,惠特凱基01購02  ,0,0,0,0,0,0,0,0,0,38000,0,0,0,48000,10000,38000,38000
066573,瑞祺元大01購02  ,0,0,0,0,0,0,0,0,0,38000,0,0,0,69000,31000,38000,38000
1340,勝悅-KY         ,74000,36000,38000,0,0,0,0,0,0,0,0,0,0,0,0,0,38000
3576,聯合再生        ,835000,797000,38000,0,0,0,0,0,0,0,0,0,0,0,0,0,38000
3004,豐達科          ,60000,22000,38000,0,0,0,0,0,0,-497,0,497,-497,0,0,0,37503
068162,GIS元大02購01   ,0,0,0,0,0,0,0,0,0,37000,0,0,0,187000,150000,37000,37000
067784,富邦金群益02購01,0,0,0,0,0,0,0,0,0,37000,0,0,0,222000,185000,37000,37000
07039P,南電台新99售01  ,0,0,0,0,0,0,0,0,0,37000,0,0,0,37000,0,37000,37000
08130P,義隆元大9B售05  ,0,0,0,0,0,0,0,0,0,37000,0,0,0,339000,302000,37000,37000
060054,華新科凱基9B購04,0,0,0,0,0,0,0,0,0,37000,0,0,0,37000,0,37000,37000
061322,華新科凱基9A購12,0,0,0,0,0,0,0,0,0,37000,0,0,0,37000,0,37000,37000
054169,上緯控凱基98購01,0,0,0,0,0,0,0,0,0,37000,0,0,0,37000,0,37000,37000
057165,國巨元大99購05  ,0,0,0,0,0,0,0,0,0,37000,0,0,0,41000,4000,37000,37000
062032,崇越群益9B購01  ,0,0,0,0,0,0,0,0,0,37000,0,0,0,75000,38000,37000,37000
062763,華擎凱基9C購02  ,0,0,0,0,0,0,0,0,0,37000,0,0,0,37000,0,37000,37000
062923,緯穎元大9B購06  ,0,0,0,0,0,0,0,0,0,37000,0,0,0,81000,44000,37000,37000
063656,台光電元富03購01,0,0,0,0,0,0,0,0,0,37000,0,0,0,59000,22000,37000,37000
064596,台表科統一01購03,0,0,0,0,0,0,0,0,0,37000,0,0,0,133000,96000,37000,37000
061547,禾伸堂群益9A購01,0,0,0,0,0,0,0,0,0,37000,0,0,0,37000,0,37000,37000
060400,南電國票9A購03  ,0,0,0,0,0,0,0,0,0,37000,0,0,0,37000,0,37000,37000
060416,神隆永豐9A購01  ,0,0,0,0,0,0,0,0,0,37000,0,0,0,80000,43000,37000,37000
061028,聚陽永豐9A購01  ,0,0,0,0,0,0,0,0,0,37000,0,0,0,41000,4000,37000,37000
066319,聯強永豐01購01  ,0,0,0,0,0,0,0,0,0,37000,0,0,0,37000,0,37000,37000
065980,中租元大02購01  ,0,0,0,0,0,0,0,0,0,37000,0,0,0,177000,140000,37000,37000
064555,力山群益01購01  ,0,0,0,0,0,0,0,0,0,37000,0,0,0,87000,50000,37000,37000
065543,緯穎元富01購01  ,0,0,0,0,0,0,0,0,0,37000,0,0,0,170000,133000,37000,37000
065020,友達富邦01購02  ,0,0,0,0,0,0,0,0,0,37000,0,0,0,37000,0,37000,37000
1315,達新            ,22000,30000,-8000,0,0,0,0,0,0,45000,0,0,0,53000,8000,45000,37000
08577P,臺指2X中信03售01,0,0,0,0,0,0,0,0,0,37000,0,0,0,44000,7000,37000,37000
08228P,華擎國票9C售01  ,0,0,0,0,0,0,0,0,0,37000,0,0,0,67000,30000,37000,37000
08391P,智邦凱基02售02  ,0,0,0,0,0,0,0,0,0,37000,0,0,0,42000,5000,37000,37000
4763,材料-KY         ,44000,9000,35000,0,0,0,0,0,0,2000,3000,1000,2000,0,0,0,37000
07424P,大立光元大9B售01,0,0,0,0,0,0,0,0,0,36000,0,0,0,37000,1000,36000,36000
068509,義隆台新01購01  ,0,0,0,0,0,0,0,0,0,36000,0,0,0,36000,0,36000,36000
068264,達新永豐01購01  ,0,0,0,0,0,0,0,0,0,36000,0,0,0,111000,75000,36000,36000
067814,緯創凱基01購02  ,0,0,0,0,0,0,0,0,0,36000,0,0,0,43000,7000,36000,36000
067202,聚陽元大01購02  ,0,0,0,0,0,0,0,0,0,36000,0,0,0,139000,103000,36000,36000
067169,台積電麥證01購07,0,0,0,36000,0,36000,0,0,0,36000,0,0,0,36000,0,36000,36000
057438,禾伸堂國票99購01,0,0,0,0,0,0,0,0,0,36000,0,0,0,36000,0,36000,36000
060052,宏碁凱基99購01  ,0,0,0,0,0,0,0,0,0,36000,0,0,0,38000,2000,36000,36000
057556,智易凱基99購01  ,0,0,0,0,0,0,0,0,0,36000,0,0,0,44000,8000,36000,36000
061273,臺股指凱基9A購23,0,0,0,0,0,0,0,0,0,36000,0,0,0,96000,60000,36000,36000
061259,台積電凱基9A購21,0,0,0,0,0,0,0,0,0,36000,0,0,0,40000,4000,36000,36000
064249,聯發科元富06購01,0,0,0,0,0,0,0,0,0,36000,0,0,0,39000,3000,36000,36000
062999,聯茂國票9C購01  ,0,0,0,0,0,0,0,0,0,36000,0,0,0,36000,0,36000,36000
062650,南電富邦01購01  ,0,0,0,0,0,0,0,0,0,36000,0,0,0,100000,64000,36000,36000
065240,矽創凱基01購01  ,0,0,0,0,0,0,0,0,0,36000,0,0,0,150000,114000,36000,36000
065555,旭富凱基01購02  ,0,0,0,0,0,0,0,0,0,36000,0,0,0,36000,0,36000,36000
066192,嘉基凱基01購01  ,0,0,0,0,0,0,0,0,0,36000,0,0,0,36000,0,36000,36000
3046,建碁            ,36000,0,36000,0,0,0,0,0,0,0,0,0,0,0,0,0,36000
2704,國賓            ,59000,23000,36000,0,0,0,0,0,0,0,0,0,0,0,0,0,36000
067298,台積電元大02購04,2000,0,2000,0,0,0,0,0,0,33000,0,0,0,62000,29000,33000,35000
067989,台積電元大01購31,0,0,0,0,0,0,0,0,0,35000,0,0,0,35000,0,35000,35000
068309,聯詠國票03購01  ,0,0,0,0,0,0,0,0,0,35000,0,0,0,44000,9000,35000,35000
058046,國巨元大9A購01  ,0,0,0,0,0,0,0,0,0,35000,0,0,0,162000,127000,35000,35000
058321,大立光永豐99購01,0,0,0,0,0,0,0,0,0,35000,0,0,0,60000,25000,35000,35000
058828,大毅永豐99購01  ,0,0,0,0,0,0,0,0,0,35000,0,0,0,105000,70000,35000,35000
058824,晶技富邦9A購01  ,0,0,0,0,0,0,0,0,0,35000,0,0,0,35000,0,35000,35000
057363,華通元大99購02  ,0,0,0,0,0,0,0,0,0,35000,0,0,0,38000,3000,35000,35000
056655,旺宏元大99購02  ,0,0,0,0,0,0,0,0,0,35000,0,0,0,50000,15000,35000,35000
0054,元大台商50      ,0,0,0,0,0,0,0,0,0,35000,0,0,0,35000,0,35000,35000
020012,富邦行動通訊N   ,0,0,0,0,0,0,0,0,0,35000,0,0,0,53000,18000,35000,35000
062377,力成元大9B購01  ,0,0,0,0,0,0,0,0,0,35000,0,0,0,90000,55000,35000,35000
064234,正崴統一01購01  ,0,0,0,0,0,0,0,0,0,35000,0,0,0,35000,0,35000,35000
061654,旺宏國票9A購02  ,0,0,0,0,0,0,0,0,0,35000,0,0,0,45000,10000,35000,35000
06438P,玉晶光國票99售02,0,0,0,0,0,0,0,0,0,35000,0,0,0,35000,0,35000,35000
061205,旺宏元大9A購11  ,0,0,0,0,0,0,0,0,0,35000,0,0,0,38000,3000,35000,35000
066241,瑞祺富邦03購01  ,0,0,0,0,0,0,0,0,0,35000,0,0,0,45000,10000,35000,35000
065800,技嘉群益9C購01  ,0,0,0,0,0,0,0,0,0,35000,0,0,0,45000,10000,35000,35000
066680,友達兆豐01購02  ,0,0,0,0,0,0,0,0,0,35000,0,0,0,100000,65000,35000,35000
065443,智邦統一9C購03  ,0,0,0,0,0,0,0,0,0,35000,0,0,0,35000,0,35000,35000
08520P,和大元大9C售04  ,0,0,0,0,0,0,0,0,0,35000,0,0,0,40000,5000,35000,35000
08732P,臺股指麥證01售04,0,0,0,40000,5000,35000,0,0,0,35000,0,0,0,40000,5000,35000,35000
067649,台積電元富07購05,0,0,0,0,0,0,0,0,0,34000,0,0,0,37000,3000,34000,34000
067451,嘉晶國票02購01  ,0,0,0,0,0,0,0,0,0,34000,0,0,0,54000,20000,34000,34000
056411,緯穎國票99購01  ,0,0,0,0,0,0,0,0,0,34000,0,0,0,34000,0,34000,34000
057391,樺漢永豐98購01  ,0,0,0,0,0,0,0,0,0,34000,0,0,0,50000,16000,34000,34000
061931,力山國票9B購02  ,0,0,0,0,0,0,0,0,0,34000,0,0,0,65000,31000,34000,34000
061179,華擎凱基9A購01  ,0,0,0,0,0,0,0,0,0,34000,0,0,0,34000,0,34000,34000
063086,祥碩凱基9C購01  ,0,0,0,0,0,0,0,0,0,34000,0,0,0,48000,14000,34000,34000
063301,鴻海凱基9B購08  ,0,0,0,0,0,0,0,0,0,34000,0,0,0,50000,16000,34000,34000
062530,大立光統一01購03,0,0,0,0,0,0,0,0,0,34000,0,0,0,34000,0,34000,34000
064727,群創統一02購03  ,0,0,0,0,0,0,0,0,0,34000,0,0,0,45000,11000,34000,34000
066786,聯發科麥證01購05,0,0,0,125000,91000,34000,0,0,0,34000,0,0,0,125000,91000,34000,34000
066426,台勝科元大01購02,0,0,0,0,0,0,0,0,0,34000,0,0,0,67000,33000,34000,34000
066069,英業達凱基02購01,0,0,0,0,0,0,0,0,0,34000,0,0,0,34000,0,34000,34000
08703P,華碩凱基01售02  ,0,0,0,0,0,0,0,0,0,34000,0,0,0,94000,60000,34000,34000
08657P,牧德群益9C售02  ,0,0,0,0,0,0,0,0,0,34000,0,0,0,35000,1000,34000,34000
08827P,緯穎元大01售05  ,0,0,0,0,0,0,0,0,0,34000,0,0,0,52000,18000,34000,34000
08813P,聯發科群益01售02,0,0,0,0,0,0,0,0,0,34000,0,0,0,40000,6000,34000,34000
08426P,奇力新國票01售01,0,0,0,0,0,0,0,0,0,34000,0,0,0,60000,26000,34000,34000
2606,裕民            ,437000,403000,34000,0,0,0,0,0,0,0,0,0,0,0,0,0,34000
068177,台積電群益02購04,0,0,0,0,0,0,0,0,0,33000,0,0,0,82000,49000,33000,33000
060031,旭富永豐99購02  ,0,0,0,0,0,0,0,0,0,33000,0,0,0,33000,0,33000,33000
059529,華新科凱基9A購04,0,0,0,0,0,0,0,0,0,33000,0,0,0,35000,2000,33000,33000
059517,茂林永豐99購02  ,0,0,0,0,0,0,0,0,0,33000,0,0,0,33000,0,33000,33000
058455,玉晶光永豐99購03,0,0,0,0,0,0,0,0,0,33000,0,0,0,60000,27000,33000,33000
055092,開發金群益9B購01,0,0,0,0,0,0,0,0,0,33000,0,0,0,62000,29000,33000,33000
056165,矽力凱基98購02  ,0,0,0,0,0,0,0,0,0,33000,0,0,0,40000,7000,33000,33000
020000,富邦特選蘋果N   ,0,0,0,0,0,0,0,0,0,33000,0,0,0,50000,17000,33000,33000
063280,燿華元大9B購05  ,0,0,0,0,0,0,0,0,0,33000,0,0,0,35000,2000,33000,33000
062288,南六群益9B購01  ,0,0,0,0,0,0,0,0,0,33000,0,0,0,34000,1000,33000,33000
062454,華通群益9C購03  ,0,0,0,0,0,0,0,0,0,33000,0,0,0,33000,0,33000,33000
064584,英業達永豐9C購01,0,0,0,0,0,0,0,0,0,33000,0,0,0,33000,0,33000,33000
060329,鎧勝群益9B購01  ,0,0,0,0,0,0,0,0,0,33000,0,0,0,33000,0,33000,33000
065732,健策凱基9C購04  ,0,0,0,0,0,0,0,0,0,33000,0,0,0,41000,8000,33000,33000
065661,智原永豐9C購01  ,0,0,0,0,0,0,0,0,0,33000,0,0,0,33000,0,33000,33000
063870,健策永豐01購01  ,0,0,0,0,0,0,0,0,0,33000,0,0,0,84000,51000,33000,33000
2467,志聖            ,92000,50000,42000,0,0,0,0,0,0,-9000,0,9000,-9000,0,0,0,33000
2401,凌陽            ,420000,353000,67000,0,0,0,0,0,0,-34000,0,34000,-34000,0,0,0,33000
08405P,聯發科元大9C售11,0,0,0,0,0,0,0,0,0,33000,0,0,0,850000,817000,33000,33000
068622,技嘉群益03購01  ,0,0,0,0,0,0,0,0,0,32000,0,0,0,35000,3000,32000,32000
068579,GIS國泰03購01   ,0,0,0,0,0,0,0,0,0,32000,0,0,0,581000,549000,32000,32000
06856P,台灣50永豐99售03,0,0,0,0,0,0,0,0,0,32000,0,0,0,87000,55000,32000,32000
07889P,旭富國票9B售01  ,0,0,0,0,0,0,0,0,0,32000,0,0,0,32000,0,32000,32000
067338,欣興凱基01購02  ,0,0,0,0,0,0,0,0,0,32000,0,0,0,57000,25000,32000,32000
067109,晶豪科群益01購01,0,0,0,0,0,0,0,0,0,32000,0,0,0,122000,90000,32000,32000
066986,健策群益02購02  ,0,0,0,0,0,0,0,0,0,32000,0,0,0,32000,0,32000,32000
067655,晶技元富07購01  ,0,0,0,0,0,0,0,0,0,32000,0,0,0,133000,101000,32000,32000
067789,和碩群益01購01  ,0,0,0,0,0,0,0,0,0,32000,0,0,0,42000,10000,32000,32000
053378,台積電元大98購02,0,0,0,0,0,0,0,0,0,32000,0,0,0,32000,0,32000,32000
059060,大立光凱基9A購03,0,0,0,0,0,0,0,0,0,32000,0,0,0,190000,158000,32000,32000
061720,智邦國泰9C購01  ,0,0,0,0,0,0,0,0,0,32000,0,0,0,32000,0,32000,32000
064445,聚陽統一02購01  ,0,0,0,0,0,0,0,0,0,32000,0,0,0,50000,18000,32000,32000
061609,華新科統一9C購01,0,0,0,0,0,0,0,0,0,32000,0,0,0,32000,0,32000,32000
061508,南六國泰9C購02  ,0,0,0,0,0,0,0,0,0,32000,0,0,0,32000,0,32000,32000
060815,茂林凱基9B購01  ,0,0,0,0,0,0,0,0,0,32000,0,0,0,190000,158000,32000,32000
060823,旺宏元大9A購05  ,0,0,0,0,0,0,0,0,0,32000,0,0,0,32000,0,32000,32000
062769,臺股指凱基9B購13,0,0,0,0,0,0,0,0,0,32000,0,0,0,62000,30000,32000,32000
063139,聯發科統一9B購07,0,0,0,0,0,0,0,0,0,32000,0,0,0,32000,0,32000,32000
063369,聚陽永豐9B購01  ,0,0,0,0,0,0,0,0,0,32000,0,0,0,32000,0,32000,32000
062512,美食國票9B購01  ,0,0,0,0,0,0,0,0,0,32000,0,0,0,32000,0,32000,32000
064989,鈺齊元大01購01  ,0,0,0,0,0,0,0,0,0,32000,0,0,0,40000,8000,32000,32000
065979,立積元大03購01  ,0,0,0,0,0,0,0,0,0,32000,0,0,0,32000,0,32000,32000
066723,聯電元大02購01  ,0,0,0,0,0,0,0,0,0,32000,0,0,0,32000,0,32000,32000
08377P,臻鼎元富9C售02  ,0,0,0,0,0,0,0,0,0,32000,0,0,0,65000,33000,32000,32000
1808,潤隆            ,112000,80000,32000,0,0,0,0,0,0,0,0,0,0,0,0,0,32000
1730,花仙子          ,37000,5000,32000,0,0,0,0,0,0,0,0,0,0,0,0,0,32000
01003T,兆豐新光R1      ,31970,0,31970,0,0,0,0,0,0,0,0,0,0,0,0,0,31970
067917,冠德永豐01購01  ,0,0,0,0,0,0,0,0,0,31000,0,0,0,31000,0,31000,31000
066958,日月光元大01購02,0,0,0,0,0,0,0,0,0,31000,0,0,0,81000,50000,31000,31000
067110,德律群益01購01  ,0,0,0,0,0,0,0,0,0,31000,0,0,0,36000,5000,31000,31000
067051,泰鼎凱基02購01  ,0,0,0,0,0,0,0,0,0,31000,0,0,0,36000,5000,31000,31000
067264,美利達國票02購01,0,0,0,0,0,0,0,0,0,31000,0,0,0,81000,50000,31000,31000
068814,台光電元大02購01,0,0,0,0,0,0,0,0,0,31000,0,0,0,50000,19000,31000,31000
068190,台積電凱基01購20,0,0,0,0,0,0,0,0,0,31000,0,0,0,55000,24000,31000,31000
053316,友達群益9A購01  ,0,0,0,0,0,0,0,0,0,31000,0,0,0,73000,42000,31000,31000
054740,強茂凱基99購01  ,0,0,0,0,0,0,0,0,0,31000,0,0,0,241000,210000,31000,31000
055976,台積電統一99購03,0,0,0,0,0,0,0,0,0,31000,0,0,0,382000,351000,31000,31000
058677,矽格群益99購01  ,0,0,0,0,0,0,0,0,0,31000,0,0,0,43000,12000,31000,31000
059513,揚明光永豐99購01,0,0,0,0,0,0,0,0,0,31000,0,0,0,33000,2000,31000,31000
058456,京鼎永豐99購01  ,0,0,0,0,0,0,0,0,0,31000,0,0,0,100000,69000,31000,31000
060048,元金2X凱基99購03,0,0,0,0,0,0,0,0,0,31000,0,0,0,31000,0,31000,31000
063347,祥碩統一01購03  ,0,0,0,0,0,0,0,0,0,31000,0,0,0,111000,80000,31000,31000
063332,矽格國票9B購01  ,0,0,0,0,0,0,0,0,0,31000,0,0,0,39000,8000,31000,31000
063108,世紀鋼群益9C購01,0,0,0,0,0,0,0,0,0,31000,0,0,0,60000,29000,31000,31000
062177,上銀元大9B購02  ,0,0,0,0,0,0,0,0,0,31000,0,0,0,36000,5000,31000,31000
062337,台表科統一01購01,0,0,0,0,0,0,0,0,0,31000,0,0,0,41000,10000,31000,31000
062028,晶技群益9B購01  ,0,0,0,0,0,0,0,0,0,31000,0,0,0,31000,0,31000,31000
066831,亞光群益01購01  ,0,0,0,0,0,0,0,0,0,31000,0,0,0,54000,23000,31000,31000
064973,智邦元大9C購06  ,0,0,0,0,0,0,0,0,0,31000,0,0,0,67000,36000,31000,31000
064929,台表科統一02購03,0,0,0,0,0,0,0,0,0,31000,0,0,0,41000,10000,31000,31000
064642,裕隆凱基9C購01  ,0,0,0,0,0,0,0,0,0,31000,0,0,0,70000,39000,31000,31000
3013,晟銘電          ,53000,26000,27000,0,0,0,0,0,0,4000,13000,9000,4000,0,0,0,31000
08826P,健策元大01售08  ,0,0,0,0,0,0,0,0,0,31000,0,0,0,149000,118000,31000,31000
6531,愛普            ,535000,504000,31000,0,0,0,0,0,0,0,0,0,0,0,0,0,31000
068243,聯電元大02購02  ,0,0,0,0,0,0,0,0,0,30000,0,0,0,30000,0,30000,30000
068456,冠德國票03購01  ,0,0,0,0,0,0,0,0,0,30000,0,0,0,40000,10000,30000,30000
068831,台積電國泰06購01,0,0,0,0,0,0,0,0,0,30000,0,0,0,30000,0,30000,30000
068914,奇鋐群益02購01  ,0,0,0,0,0,0,0,0,0,30000,0,0,0,30000,0,30000,30000
07119P,台積電凱基9A售08,0,0,0,0,0,0,0,0,0,30000,0,0,0,30000,0,30000,30000
07926P,上銀統一9B售02  ,0,0,0,0,0,0,0,0,0,30000,0,0,0,50000,20000,30000,30000
07707P,玉山金元大9A售03,0,0,0,0,0,0,0,0,0,30000,0,0,0,30000,0,30000,30000
07708P,玉晶光元大9A售13,0,0,0,0,0,0,0,0,0,30000,0,0,0,35000,5000,30000,30000
07649P,金像電永豐9A售02,0,0,0,0,0,0,0,0,0,30000,0,0,0,30000,0,30000,30000
067282,金像電國票02購02,0,0,0,0,0,0,0,0,0,30000,0,0,0,63000,33000,30000,30000
067382,康控統一03購02  ,0,0,0,0,0,0,0,0,0,30000,0,0,0,30000,0,30000,30000
066882,A50正2永豐01購01,0,0,0,0,0,0,0,0,0,30000,0,0,0,30000,0,30000,30000
068093,達欣工群益01購01,0,0,0,0,0,0,0,0,0,30000,0,0,0,60000,30000,30000,30000
067611,拓凱凱基02購01  ,0,0,0,0,0,0,0,0,0,30000,0,0,0,136000,106000,30000,30000
058015,旺宏凱基99購02  ,0,0,0,0,0,0,0,0,0,30000,0,0,0,30000,0,30000,30000
057601,中磊群益98購01  ,0,0,0,0,0,0,0,0,0,30000,0,0,0,30000,0,30000,30000
057580,玉山金中信9A購01,0,0,0,0,0,0,0,0,0,30000,0,0,0,30000,0,30000,30000
057525,光磊元大99購01  ,0,0,0,0,0,0,0,0,0,30000,0,0,0,35000,5000,30000,30000
060655,國巨統一9B購06  ,0,0,0,0,0,0,0,0,0,30000,0,0,0,32000,2000,30000,30000
060682,牧德元大9A購03  ,0,0,0,0,0,0,0,0,0,30000,0,0,0,30000,0,30000,30000
063249,祥碩元大9B購06  ,0,0,0,0,0,0,0,0,0,30000,0,0,0,30000,0,30000,30000
059985,華新科元大99購22,0,0,0,0,0,0,0,0,0,30000,0,0,0,31000,1000,30000,30000
058546,玉晶光富邦9B購01,0,0,0,0,0,0,0,0,0,30000,0,0,0,45000,15000,30000,30000
059390,華新科凱基99購05,0,0,0,0,0,0,0,0,0,30000,0,0,0,30000,0,30000,30000
059391,立積凱基9A購01  ,0,0,0,0,0,0,0,0,0,30000,0,0,0,30000,0,30000,30000
059327,南茂元大99購01  ,0,0,0,0,0,0,0,0,0,30000,0,0,0,30000,0,30000,30000
059631,京元電凱基99購02,0,0,0,0,0,0,0,0,0,30000,0,0,0,30000,0,30000,30000
058681,大立光康和9B購01,0,0,0,0,0,0,0,0,0,30000,0,0,0,30000,0,30000,30000
057288,聯茂元大98購03  ,0,0,0,0,0,0,0,0,0,30000,0,0,0,30000,0,30000,30000
054543,元金2X中信01購01,0,0,0,0,0,0,0,0,0,30000,0,0,0,30000,0,30000,30000
054585,禾伸堂國泰99購01,0,0,0,0,0,0,0,0,0,30000,0,0,0,30000,0,30000,30000
055318,華通國票98購01  ,0,0,0,0,0,0,0,0,0,30000,0,0,0,30000,0,30000,30000
053036,聯電凱基98購01  ,0,0,0,0,0,0,0,0,0,30000,0,0,0,30000,0,30000,30000
052775,滬深2X國票99購02,0,0,0,0,0,0,0,0,0,30000,0,0,0,60000,30000,30000,30000
056277,上銀富邦99購02  ,0,0,0,0,0,0,0,0,0,30000,0,0,0,252000,222000,30000,30000
03134P,台積電中信07售05,0,0,0,0,0,0,0,0,0,30000,0,0,0,40000,10000,30000,30000
03026P,國巨元大01售13  ,0,0,0,0,0,0,0,0,0,30000,0,0,0,30000,0,30000,30000
062069,喬山元大9B購01  ,0,0,0,0,0,0,0,0,0,30000,0,0,0,30000,0,30000,30000
062411,玉晶光第一9B購01,0,0,0,0,0,0,0,0,0,30000,0,0,0,30000,0,30000,30000
062449,臻鼎元大9B購01  ,0,0,0,0,0,0,0,0,0,30000,0,0,0,45000,15000,30000,30000
061447,鴻海中信04購02  ,0,0,0,0,0,0,0,0,0,30000,0,0,0,30000,0,30000,30000
062774,儒鴻元大9C購01  ,0,0,0,0,0,0,0,0,0,30000,0,0,0,30000,0,30000,30000
062878,宏達電兆豐9B購01,0,0,0,0,0,0,0,0,0,30000,0,0,0,72000,42000,30000,30000
06211P,鴻海元大98售04  ,0,0,0,0,0,0,0,0,0,30000,0,0,0,30000,0,30000,30000
062116,元金2X第一9B購01,0,0,0,0,0,0,0,0,0,30000,0,0,0,35000,5000,30000,30000
063649,南六元大9C購02  ,0,0,0,0,0,0,0,0,0,30000,0,0,0,30000,0,30000,30000
063418,京元電凱基9B購03,0,0,0,0,0,0,0,0,0,30000,0,0,0,64000,34000,30000,30000
060583,南亞科元富9A購05,0,0,0,0,0,0,0,0,0,30000,0,0,0,30000,0,30000,30000
060557,南電凱基9A購02  ,0,0,0,0,0,0,0,0,0,30000,0,0,0,30000,0,30000,30000
063189,臻鼎凱基9B購01  ,0,0,0,0,0,0,0,0,0,30000,0,0,0,92000,62000,30000,30000
060760,南亞科元大9A購04,0,0,0,0,0,0,0,0,0,30000,0,0,0,54000,24000,30000,30000
064465,台表科統一01購02,0,0,0,0,0,0,0,0,0,30000,0,0,0,40000,10000,30000,30000
064604,聯茂元富9C購01  ,0,0,0,0,0,0,0,0,0,30000,0,0,0,40000,10000,30000,30000
064349,泰鼎元大9C購02  ,0,0,0,0,0,0,0,0,0,30000,0,0,0,137000,107000,30000,30000
064338,美食元大9C購01  ,0,0,0,0,0,0,0,0,0,30000,0,0,0,30000,0,30000,30000
061709,SP黃豆凱基01購02,0,0,0,0,0,0,0,0,0,30000,0,0,0,30000,0,30000,30000
064184,矽格富邦02購01  ,0,0,0,0,0,0,0,0,0,30000,0,0,0,30000,0,30000,30000
064082,緯創中信06購01  ,0,0,0,0,0,0,0,0,0,30000,0,0,0,33000,3000,30000,30000
065261,技嘉元大9C購03  ,0,0,0,0,0,0,0,0,0,30000,0,0,0,30000,0,30000,30000
065412,金像電永豐9C購01,0,0,0,0,0,0,0,0,0,30000,0,0,0,30000,0,30000,30000
065550,聯發科凱基01購07,0,0,0,0,0,0,0,0,0,30000,0,0,0,35000,5000,30000,30000
065641,台積電元大9C購12,0,0,0,0,0,0,0,0,0,30000,0,0,0,30000,0,30000,30000
065642,台積電元大9C購13,0,0,0,0,0,0,0,0,0,30000,0,0,0,30000,0,30000,30000
066813,亞德客兆豐01購01,0,0,0,0,0,0,0,0,0,30000,0,0,0,131000,101000,30000,30000
066626,盟立凱基01購01  ,0,0,0,0,0,0,0,0,0,30000,0,0,0,270000,240000,30000,30000
066664,嘉晶凱基02購01  ,0,0,0,0,0,0,0,0,0,30000,0,0,0,40000,10000,30000,30000
066430,台郡元大01購01  ,0,0,0,0,0,0,0,0,0,30000,0,0,0,80000,50000,30000,30000
066379,台達電康和01購01,0,0,0,0,0,0,0,0,0,30000,0,0,0,30000,0,30000,30000
065974,智原元大01購01  ,0,0,0,0,0,0,0,0,0,30000,0,0,0,86000,56000,30000,30000
066019,T50反1群益01購03,0,0,0,0,0,0,0,0,0,30000,0,0,0,30000,0,30000,30000
066259,聯強元大01購01  ,0,0,0,0,0,0,0,0,0,30000,0,0,0,30000,0,30000,30000
066260,聯強元大01購02  ,0,0,0,0,0,0,0,0,0,30000,0,0,0,50000,20000,30000,30000
065657,智邦富邦9C購01  ,0,0,0,0,0,0,0,0,0,30000,0,0,0,50000,20000,30000,30000
065648,華擎元大01購02  ,0,0,0,0,0,0,0,0,0,30000,0,0,0,76000,46000,30000,30000
065915,聯發科凱基01購09,0,0,0,0,0,0,0,0,0,30000,0,0,0,30000,0,30000,30000
8454,富邦媒          ,89000,52000,37000,0,0,0,0,7000,-7000,0,0,0,0,0,0,0,30000
08633P,聯發科元大9C售20,0,0,0,0,0,0,0,0,0,30000,0,0,0,130000,100000,30000,30000
08737P,聯詠凱基01售01  ,0,0,0,0,0,0,0,0,0,30000,0,0,0,40000,10000,30000,30000
08176P,國巨元大9B售20  ,0,0,0,0,0,0,0,0,0,30000,0,0,0,30000,0,30000,30000
08473P,康控凱基9C售01  ,0,0,0,0,0,0,0,0,0,30000,0,0,0,50000,20000,30000,30000
066919,台積電麥證01購06,0,0,0,29000,0,29000,0,0,0,29000,0,0,0,29000,0,29000,29000
067472,台積電元大03購01,0,0,0,0,0,0,0,0,0,29000,0,0,0,51000,22000,29000,29000
08141P,鴻海凱基9B售09  ,0,0,0,0,0,0,0,0,0,29000,0,0,0,29000,0,29000,29000
06839P,玉晶光統一9A售05,0,0,0,0,0,0,0,0,0,29000,0,0,0,78000,49000,29000,29000
068203,玉晶光凱基03購03,0,0,0,0,0,0,0,0,0,29000,0,0,0,69000,40000,29000,29000
03425B,臺股指元大9A熊01,0,0,0,0,0,0,0,0,0,29000,0,0,0,30000,1000,29000,29000
00735,國泰臺韓科技    ,0,66000,-66000,0,0,0,0,0,0,95000,0,0,0,227000,132000,95000,29000
03094X,大立光元大68展08,0,0,0,0,0,0,0,0,0,29000,0,0,0,29000,0,29000,29000
03001P,玉晶光群益02售17,0,0,0,0,0,0,0,0,0,29000,0,0,0,43000,14000,29000,29000
054371,台積電中信9C購01,0,0,0,0,0,0,0,0,0,29000,0,0,0,29000,0,29000,29000
054309,禾伸堂凱基98購01,0,0,0,0,0,0,0,0,0,29000,0,0,0,30000,1000,29000,29000
056864,新日興群益99購01,0,0,0,0,0,0,0,0,0,29000,0,0,0,29000,0,29000,29000
057863,美律凱基9A購01  ,0,0,0,0,0,0,0,0,0,29000,0,0,0,176000,147000,29000,29000
059350,樺漢凱基9A購01  ,0,0,0,0,0,0,0,0,0,29000,0,0,0,40000,11000,29000,29000
063229,台表科群益9B購04,0,0,0,0,0,0,0,0,0,29000,0,0,0,117000,88000,29000,29000
061945,華通群益9B購04  ,0,0,0,0,0,0,0,0,0,29000,0,0,0,29000,0,29000,29000
058154,泰碩統一9A購01  ,0,0,0,0,0,0,0,0,0,29000,0,0,0,99000,70000,29000,29000
057595,健鼎兆豐98購01  ,0,0,0,0,0,0,0,0,0,29000,0,0,0,40000,11000,29000,29000
057543,華通凱基99購02  ,0,0,0,0,0,0,0,0,0,29000,0,0,0,29000,0,29000,29000
058022,樺漢凱基99購02  ,0,0,0,0,0,0,0,0,0,29000,0,0,0,42000,13000,29000,29000
058946,SGBR2X群益9B購01,0,0,0,0,0,0,0,0,0,29000,0,0,0,46000,17000,29000,29000
060264,華新科國票9A購02,0,0,0,0,0,0,0,0,0,29000,0,0,0,30000,1000,29000,29000
064480,聚陽永豐9C購01  ,0,0,0,0,0,0,0,0,0,29000,0,0,0,61000,32000,29000,29000
061286,大立光統一9A購05,0,0,0,0,0,0,0,0,0,29000,0,0,0,57000,28000,29000,29000
061600,聯電凱基9B購01  ,0,0,0,0,0,0,0,0,0,29000,0,0,0,41000,12000,29000,29000
061558,旺宏國票9B購02  ,0,0,0,0,0,0,0,0,0,29000,0,0,0,29000,0,29000,29000
063460,智邦元大9B購08  ,0,0,0,0,0,0,0,0,0,29000,0,0,0,58000,29000,29000,29000
062740,致伸國票9B購01  ,0,0,0,0,0,0,0,0,0,29000,0,0,0,29000,0,29000,29000
062615,亞德客元大9B購02,0,0,0,0,0,0,0,0,0,29000,0,0,0,29000,0,29000,29000
065934,智邦群益01購02  ,0,0,0,0,0,0,0,0,0,29000,0,0,0,38000,9000,29000,29000
066113,金像電兆豐01購01,0,0,0,0,0,0,0,0,0,29000,0,0,0,29000,0,29000,29000
065452,康友統一02購01  ,0,0,0,0,0,0,0,0,0,29000,0,0,0,29000,0,29000,29000
065419,立積國票01購03  ,0,0,0,0,0,0,0,0,0,29000,0,0,0,29000,0,29000,29000
064935,寶成統一02購02  ,0,0,0,0,0,0,0,0,0,29000,0,0,0,341000,312000,29000,29000
064075,台積電中信06購01,0,0,0,0,0,0,0,0,0,29000,0,0,0,29000,0,29000,29000
064728,健策統一9C購04  ,0,0,0,0,0,0,0,0,0,29000,0,0,0,29000,0,29000,29000
064680,創意兆豐01購01  ,0,0,0,0,0,0,0,0,0,29000,0,0,0,39000,10000,29000,29000
063815,玉晶光群益02購01,0,0,0,0,0,0,0,0,0,29000,0,0,0,30000,1000,29000,29000
3060,銘異            ,163000,134000,29000,0,0,0,0,0,0,0,0,0,0,0,0,0,29000
3057,喬鼎            ,32000,3000,29000,0,0,0,0,0,0,0,0,0,0,0,0,0,29000
07779P,鴻海凱基9B售04  ,0,0,0,0,0,0,0,0,0,28000,0,0,0,28000,0,28000,28000
07837P,華邦電元大9A售01,0,0,0,0,0,0,0,0,0,28000,0,0,0,32000,4000,28000,28000
07457P,宏達電元大9A售01,0,0,0,0,0,0,0,0,0,28000,0,0,0,128000,100000,28000,28000
07230P,滬深2X群益01售02,0,0,0,0,0,0,0,0,0,28000,0,0,0,60000,32000,28000,28000
056590,樺漢統一9A購01  ,0,0,0,0,0,0,0,0,0,28000,0,0,0,195000,167000,28000,28000
056764,友達元大9A購03  ,0,0,0,0,0,0,0,0,0,28000,0,0,0,117000,89000,28000,28000
057162,上銀元大98購03  ,0,0,0,0,0,0,0,0,0,28000,0,0,0,28000,0,28000,28000
062041,華擎凱基9C購01  ,0,0,0,0,0,0,0,0,0,28000,0,0,0,28000,0,28000,28000
063371,南亞科永豐9B購01,0,0,0,0,0,0,0,0,0,28000,0,0,0,28000,0,28000,28000
062264,南六元大9B購02  ,0,0,0,0,0,0,0,0,0,28000,0,0,0,220000,192000,28000,28000
060978,國巨元大9A購13  ,0,0,0,0,0,0,0,0,0,28000,0,0,0,95000,67000,28000,28000
064561,友達群益9C購02  ,0,0,0,0,0,0,0,0,0,28000,0,0,0,38000,10000,28000,28000
064659,台達電元大9C購02,0,0,0,0,0,0,0,0,0,28000,0,0,0,35000,7000,28000,28000
064903,新唐群益9C購01  ,0,0,0,0,0,0,0,0,0,28000,0,0,0,28000,0,28000,28000
064813,祥碩元大9C購05  ,0,0,0,0,0,0,0,0,0,28000,0,0,0,35000,7000,28000,28000
065078,台積電元大02購01,0,0,0,0,0,0,0,0,0,28000,0,0,0,28000,0,28000,28000
065174,華新科元大02購02,0,0,0,0,0,0,0,0,0,28000,0,0,0,34000,6000,28000,28000
065926,金像電國票02購01,0,0,0,0,0,0,0,0,0,28000,0,0,0,71000,43000,28000,28000
066558,創意元大01購04  ,0,0,0,0,0,0,0,0,0,28000,0,0,0,46000,18000,28000,28000
2906,高林            ,97000,69000,28000,0,0,0,0,0,0,0,0,0,0,0,0,0,28000
08928P,漢唐元富07售02  ,0,0,0,0,0,0,0,0,0,28000,0,0,0,60000,32000,28000,28000
067699,奇鋐國票02購03  ,0,0,0,0,0,0,0,0,0,27000,0,0,0,107000,80000,27000,27000
03126P,旭富凱基01售04  ,0,0,0,0,0,0,0,0,0,27000,0,0,0,77000,50000,27000,27000
00663L,國泰臺灣加權正2 ,23000,0,23000,0,0,0,0,0,0,4000,0,0,0,8000,4000,4000,27000
063232,裕隆元大9B購01  ,0,0,0,0,0,0,0,0,0,27000,0,0,0,115000,88000,27000,27000
063609,南電凱基9B購05  ,0,0,0,0,0,0,0,0,0,27000,0,0,0,27000,0,27000,27000
063247,信邦元大9B購02  ,0,0,0,0,0,0,0,0,0,27000,0,0,0,31000,4000,27000,27000
059037,宏達電群益99購02,0,0,0,0,0,0,0,0,0,27000,0,0,0,102000,75000,27000,27000
059203,勤誠永豐99購02  ,0,0,0,0,0,0,0,0,0,27000,0,0,0,27000,0,27000,27000
058274,世紀鋼永豐99購01,0,0,0,0,0,0,0,0,0,27000,0,0,0,46000,19000,27000,27000
058454,嘉晶永豐99購01  ,0,0,0,0,0,0,0,0,0,27000,0,0,0,27000,0,27000,27000
061503,臻鼎國票9B購01  ,0,0,0,0,0,0,0,0,0,27000,0,0,0,44000,17000,27000,27000
061234,國巨元大9A購18  ,0,0,0,0,0,0,0,0,0,27000,0,0,0,54000,27000,27000,27000
063339,智邦統一01購01  ,0,0,0,0,0,0,0,0,0,27000,0,0,0,116000,89000,27000,27000
063533,緯穎凱基9B購06  ,0,0,0,0,0,0,0,0,0,27000,0,0,0,27000,0,27000,27000
062580,華通統一9C購03  ,0,0,0,0,0,0,0,0,0,27000,0,0,0,47000,20000,27000,27000
061469,瑞祺群益9A購02  ,0,0,0,0,0,0,0,0,0,27000,0,0,0,32000,5000,27000,27000
066478,鴻海元富07購02  ,0,0,0,0,0,0,0,0,0,27000,0,0,0,37000,10000,27000,27000
065931,瑞祺國票02購01  ,0,0,0,0,0,0,0,0,0,27000,0,0,0,27000,0,27000,27000
065802,義隆群益9C購05  ,0,0,0,0,0,0,0,0,0,27000,0,0,0,32000,5000,27000,27000
065242,巨大凱基01購02  ,0,0,0,0,0,0,0,0,0,27000,0,0,0,27000,0,27000,27000
065336,華新統一02購01  ,0,0,0,0,0,0,0,0,0,27000,0,0,0,47000,20000,27000,27000
08369P,鴻海凱基01售04  ,0,0,0,0,0,0,0,0,0,27000,0,0,0,27000,0,27000,27000
1321,大洋            ,39000,12000,27000,0,0,0,0,0,0,0,0,0,0,0,0,0,27000
068102,晶豪科永豐01購01,0,0,0,0,0,0,0,0,0,26000,0,0,0,85000,59000,26000,26000
057990,美律統一99購02  ,0,0,0,0,0,0,0,0,0,26000,0,0,0,26000,0,26000,26000
059191,茂林富邦9B購01  ,0,0,0,0,0,0,0,0,0,26000,0,0,0,56000,30000,26000,26000
059637,大立光凱基01購01,0,0,0,0,0,0,0,0,0,26000,0,0,0,72000,46000,26000,26000
03204P,台積電凱基01售28,0,0,0,0,0,0,0,0,0,26000,0,0,0,26000,0,26000,26000
056320,京鼎群益99購01  ,0,0,0,0,0,0,0,0,0,26000,0,0,0,48000,22000,26000,26000
061421,台積電元大9A購29,0,0,0,0,0,0,0,0,0,26000,0,0,0,29000,3000,26000,26000
062757,華通凱基9B購02  ,0,0,0,0,0,0,0,0,0,26000,0,0,0,89000,63000,26000,26000
062758,國巨凱基9B購09  ,0,0,0,0,0,0,0,0,0,26000,0,0,0,27000,1000,26000,26000
062798,台光電統一9B購01,0,0,0,0,0,0,0,0,0,26000,0,0,0,34000,8000,26000,26000
062915,嘉澤元大9B購03  ,0,0,0,0,0,0,0,0,0,26000,0,0,0,26000,0,26000,26000
062942,嘉澤凱基9B購02  ,0,0,0,0,0,0,0,0,0,26000,0,0,0,60000,34000,26000,26000
063665,南亞科統一01購02,0,0,0,0,0,0,0,0,0,26000,0,0,0,122000,96000,26000,26000
063209,巨大統一01購01  ,0,0,0,0,0,0,0,0,0,26000,0,0,0,48000,22000,26000,26000
064461,致伸統一01購01  ,0,0,0,0,0,0,0,0,0,26000,0,0,0,26000,0,26000,26000
061818,富邦金群益9C購01,0,0,0,0,0,0,0,0,0,26000,0,0,0,184000,158000,26000,26000
065369,瑞昱元大9C購01  ,0,0,0,0,0,0,0,0,0,26000,0,0,0,36000,10000,26000,26000
065539,瑞儀統一01購01  ,0,0,0,0,0,0,0,0,0,26000,0,0,0,70000,44000,26000,26000
065581,寶成群益9C購01  ,0,0,0,0,0,0,0,0,0,26000,0,0,0,26000,0,26000,26000
064743,聯詠國票01購01  ,0,0,0,0,0,0,0,0,0,26000,0,0,0,42000,16000,26000,26000
063838,上銀元大9C購01  ,0,0,0,0,0,0,0,0,0,26000,0,0,0,59000,33000,26000,26000
066446,健策群益01購06  ,0,0,0,0,0,0,0,0,0,26000,0,0,0,26000,0,26000,26000
066421,國產元大01購01  ,0,0,0,0,0,0,0,0,0,26000,0,0,0,50000,24000,26000,26000
1541,錩泰            ,47000,13000,34000,0,0,0,0,0,0,-8000,0,8000,-8000,0,0,0,26000
2402,毅嘉            ,334000,308000,26000,0,0,0,0,0,0,0,0,0,0,0,0,0,26000
08635P,大成鋼國票01售01,0,0,0,0,0,0,0,0,0,26000,0,0,0,160000,134000,26000,26000
08671P,友訊國票01售01  ,0,0,0,0,0,0,0,0,0,26000,0,0,0,26000,0,26000,26000
9925,新保            ,38000,19000,19000,0,0,0,0,0,0,7000,7000,0,7000,0,0,0,26000
068029,台積電元富07購09,0,0,0,0,0,0,0,0,0,25000,0,0,0,25000,0,25000,25000
067569,台積電麥證01購10,0,0,0,25000,0,25000,0,0,0,25000,0,0,0,25000,0,25000,25000
067570,台積電麥證01購11,0,0,0,25000,0,25000,0,0,0,25000,0,0,0,25000,0,25000,25000
067392,欣興國泰03購01  ,0,0,0,0,0,0,0,0,0,25000,0,0,0,25000,0,25000,25000
066918,台積電麥證01購05,0,0,0,25000,0,25000,0,0,0,25000,0,0,0,25000,0,25000,25000
068856,台達電元富08購01,0,0,0,0,0,0,0,0,0,25000,0,0,0,25000,0,25000,25000
08135P,玉晶光國泰01售02,0,0,0,0,0,0,0,0,0,25000,0,0,0,25000,0,25000,25000
068377,京元電永豐01購03,0,0,0,0,0,0,0,0,0,25000,0,0,0,55000,30000,25000,25000
068330,大立光元大01購19,0,0,0,0,0,0,0,0,0,25000,0,0,0,160000,135000,25000,25000
056144,GIS元大98購01   ,0,0,0,0,0,0,0,0,0,25000,0,0,0,25000,0,25000,25000
057051,群創元大9B購03  ,0,0,0,0,0,0,0,0,0,25000,0,0,0,25000,0,25000,25000
055966,茂林元大99購01  ,0,0,0,0,0,0,0,0,0,25000,0,0,0,90000,65000,25000,25000
058297,茂林凱基9A購02  ,0,0,0,0,0,0,0,0,0,25000,0,0,0,25000,0,25000,25000
058207,南茂凱基99購01  ,0,0,0,0,0,0,0,0,0,25000,0,0,0,35000,10000,25000,25000
063234,國巨元大9C購03  ,0,0,0,0,0,0,0,0,0,25000,0,0,0,50000,25000,25000,25000
061951,南電群益9B購01  ,0,0,0,0,0,0,0,0,0,25000,0,0,0,25000,0,25000,25000
061320,奇力新凱基9A購04,0,0,0,0,0,0,0,0,0,25000,0,0,0,34000,9000,25000,25000
060015,國巨康和99購03  ,0,0,0,0,0,0,0,0,0,25000,0,0,0,45000,20000,25000,25000
057566,欣興富邦99購01  ,0,0,0,0,0,0,0,0,0,25000,0,0,0,25000,0,25000,25000
061882,矽創元大9B購01  ,0,0,0,0,0,0,0,0,0,25000,0,0,0,197000,172000,25000,25000
064507,臻鼎元大9C購02  ,0,0,0,0,0,0,0,0,0,25000,0,0,0,192000,167000,25000,25000
061145,臻鼎中信9A購02  ,0,0,0,0,0,0,0,0,0,25000,0,0,0,65000,40000,25000,25000
061025,創意富邦9B購01  ,0,0,0,0,0,0,0,0,0,25000,0,0,0,25000,0,25000,25000
060573,力成永豐9A購01  ,0,0,0,0,0,0,0,0,0,25000,0,0,0,25000,0,25000,25000
062223,大立光統一9C購04,0,0,0,0,0,0,0,0,0,25000,0,0,0,25000,0,25000,25000
062127,台勝科統一01購02,0,0,0,0,0,0,0,0,0,25000,0,0,0,25000,0,25000,25000
063314,美律群益9B購01  ,0,0,0,0,0,0,0,0,0,25000,0,0,0,45000,20000,25000,25000
063278,國巨元大9C購04  ,0,0,0,0,0,0,0,0,0,25000,0,0,0,50000,25000,25000,25000
063009,國巨元大9B購18  ,0,0,0,0,0,0,0,0,0,25000,0,0,0,50000,25000,25000,25000
063010,國巨元大9C購02  ,0,0,0,0,0,0,0,0,0,25000,0,0,0,50000,25000,25000,25000
063025,超眾元大9B購01  ,0,0,0,0,0,0,0,0,0,25000,0,0,0,25000,0,25000,25000
062778,國巨元大9B購17  ,0,0,0,0,0,0,0,0,0,25000,0,0,0,102000,77000,25000,25000
062651,世紀鋼富邦9C購01,0,0,0,0,0,0,0,0,0,25000,0,0,0,150000,125000,25000,25000
062473,同欣電凱基9B購01,0,0,0,0,0,0,0,0,0,25000,0,0,0,26000,1000,25000,25000
066303,泰山永豐01購01  ,0,0,0,0,0,0,0,0,0,25000,0,0,0,175000,150000,25000,25000
066299,潤泰新元大01購01,0,0,0,0,0,0,0,0,0,25000,0,0,0,183000,158000,25000,25000
066587,台船群益01購01  ,0,0,0,0,0,0,0,0,0,25000,0,0,0,78000,53000,25000,25000
066705,聯鈞群益01購01  ,0,0,0,0,0,0,0,0,0,25000,0,0,0,58000,33000,25000,25000
066770,上証2X富邦02購02,0,0,0,0,0,0,0,0,0,25000,0,0,0,50000,25000,25000,25000
063911,大立光凱基9C購03,0,0,0,0,0,0,0,0,0,25000,0,0,0,217000,192000,25000,25000
064832,長榮航統一01購01,0,0,0,0,0,0,0,0,0,25000,0,0,0,26000,1000,25000,25000
064847,金像電元富9C購01,0,0,0,0,0,0,0,0,0,25000,0,0,0,25000,0,25000,25000
065644,義隆元大9C購08  ,0,0,0,0,0,0,0,0,0,25000,0,0,0,25000,0,25000,25000
065508,大成鋼群益01購01,0,0,0,0,0,0,0,0,0,25000,0,0,0,30000,5000,25000,25000
065427,台積電凱基02購04,0,0,0,0,0,0,0,0,0,25000,0,0,0,27000,2000,25000,25000
065264,亞光元大9C購02  ,0,0,0,0,0,0,0,0,0,25000,0,0,0,67000,42000,25000,25000
6491,晶碩            ,110000,35000,75000,0,0,0,0,52000,-52000,2000,0,0,0,3000,1000,2000,25000
08238P,嘉晶永豐9B售03  ,0,0,0,0,0,0,0,0,0,25000,0,0,0,25000,0,25000,25000
2461,光群雷          ,112000,87000,25000,0,0,0,0,0,0,0,0,0,0,0,0,0,25000
2537,聯上發          ,90000,65000,25000,0,0,0,0,0,0,0,0,0,0,0,0,0,25000
068431,華通凱基03購02  ,0,0,0,0,0,0,0,0,0,24000,0,0,0,113000,89000,24000,24000
068207,日月光凱基01購02,0,0,0,0,0,0,0,0,0,24000,0,0,0,41000,17000,24000,24000
068267,台積電永豐01購04,0,0,0,0,0,0,0,0,0,24000,0,0,0,24000,0,24000,24000
068614,台郡凱基01購04  ,0,0,0,0,0,0,0,0,0,24000,0,0,0,24000,0,24000,24000
068720,台積電元大02購14,0,0,0,0,0,0,0,0,0,24000,0,0,0,30000,6000,24000,24000
067415,大成凱基01購01  ,0,0,0,0,0,0,0,0,0,24000,0,0,0,24000,0,24000,24000
067359,牧德群益01購02  ,0,0,0,0,0,0,0,0,0,24000,0,0,0,263000,239000,24000,24000
067529,力山群益01購02  ,0,0,0,0,0,0,0,0,0,24000,0,0,0,30000,6000,24000,24000
067667,台積電元大02購05,0,0,0,0,0,0,0,0,0,24000,0,0,0,24000,0,24000,24000
058129,國巨元大99購10  ,0,0,0,0,0,0,0,0,0,24000,0,0,0,34000,10000,24000,24000
059103,旭富元富99購03  ,0,0,0,0,0,0,0,0,0,24000,0,0,0,45000,21000,24000,24000
057096,緯穎元富98購01  ,0,0,0,0,0,0,0,0,0,24000,0,0,0,24000,0,24000,24000
054353,世紀鋼國泰98購01,0,0,0,0,0,0,0,0,0,24000,0,0,0,24000,0,24000,24000
059887,華新科國票99購02,0,0,0,0,0,0,0,0,0,24000,0,0,0,24000,0,24000,24000
03109P,台積電元大01售41,0,0,0,0,0,0,0,0,0,24000,0,0,0,41000,17000,24000,24000
063045,國巨兆豐9C購02  ,0,0,0,0,0,0,0,0,0,24000,0,0,0,25000,1000,24000,24000
063404,金像電國票9B購01,0,0,0,0,0,0,0,0,0,24000,0,0,0,72000,48000,24000,24000
063494,金像電富邦9B購01,0,0,0,0,0,0,0,0,0,24000,0,0,0,727000,703000,24000,24000
061265,富邦金凱基9B購01,0,0,0,0,0,0,0,0,0,24000,0,0,0,223000,199000,24000,24000
061531,奇鋐台新9A購01  ,0,0,0,0,0,0,0,0,0,24000,0,0,0,24000,0,24000,24000
061604,台光電凱基9B購01,0,0,0,0,0,0,0,0,0,24000,0,0,0,56000,32000,24000,24000
064216,矽格凱基01購01  ,0,0,0,0,0,0,0,0,0,24000,0,0,0,45000,21000,24000,24000
064137,台泥統一02購01  ,0,0,0,0,0,0,0,0,0,24000,0,0,0,652000,628000,24000,24000
065502,康友富邦03購01  ,0,0,0,0,0,0,0,0,0,24000,0,0,0,120000,96000,24000,24000
064876,旺宏兆豐9C購01  ,0,0,0,0,0,0,0,0,0,24000,0,0,0,55000,31000,24000,24000
064039,亞德客統一02購01,0,0,0,0,0,0,0,0,0,24000,0,0,0,24000,0,24000,24000
065855,瀚宇博元大9C購03,0,0,0,0,0,0,0,0,0,24000,0,0,0,378000,354000,24000,24000
066210,瑞祺統一02購01  ,0,0,0,0,0,0,0,0,0,24000,0,0,0,27000,3000,24000,24000
08986P,聯發科元富07售06,0,0,0,0,0,0,0,0,0,24000,0,0,0,100000,76000,24000,24000
4141,龍燈-KY         ,38000,14000,24000,0,0,0,0,0,0,0,0,0,0,0,0,0,24000
067310,欣興元大01購05  ,0,0,0,0,0,0,0,0,0,23000,0,0,0,54000,31000,23000,23000
067147,台積電統一04購01,0,0,0,0,0,0,0,0,0,23000,0,0,0,23000,0,23000,23000
068198,奇力新凱基02購02,0,0,0,0,0,0,0,0,0,23000,0,0,0,44000,21000,23000,23000
068169,臺股指元大01購22,0,0,0,0,0,0,0,0,0,23000,0,0,0,39000,16000,23000,23000
068405,玉晶光元富07購01,2000,0,2000,0,0,0,0,0,0,21000,0,0,0,113000,92000,21000,23000
07888P,大立光國票9B售01,0,0,0,0,0,0,0,0,0,23000,0,0,0,23000,0,23000,23000
07792P,牧德元大9A售04  ,0,0,0,0,0,0,0,0,0,23000,0,0,0,149000,126000,23000,23000
059762,禾伸堂永豐99購02,0,0,0,0,0,0,0,0,0,23000,0,0,0,23000,0,23000,23000
058642,旺宏麥證9A購01  ,0,0,0,23000,0,23000,0,0,0,23000,0,0,0,23000,0,23000,23000
058553,合勤控永豐99購01,0,0,0,0,0,0,0,0,0,23000,0,0,0,23000,0,23000,23000
063239,建準元大9B購01  ,0,0,0,0,0,0,0,0,0,23000,0,0,0,82000,59000,23000,23000
064089,新日興凱基02購01,0,0,0,0,0,0,0,0,0,23000,0,0,0,25000,2000,23000,23000
063288,泰鼎元大9B購02  ,0,0,0,0,0,0,0,0,0,23000,0,0,0,31000,8000,23000,23000
063742,道瓊指國票9C購01,0,0,0,0,0,0,0,0,0,23000,0,0,0,53000,30000,23000,23000
062457,京元電群益9B購01,0,0,0,0,0,0,0,0,0,23000,0,0,0,133000,110000,23000,23000
066665,聯詠凱基02購01  ,0,0,0,0,0,0,0,0,0,23000,0,0,0,39000,16000,23000,23000
064023,智邦元大9C購02  ,0,0,0,0,0,0,0,0,0,23000,0,0,0,62000,39000,23000,23000
063883,超眾元富9C購02  ,0,0,0,0,0,0,0,0,0,23000,0,0,0,23000,0,23000,23000
064664,微星元大9C購04  ,0,0,0,0,0,0,0,0,0,23000,0,0,0,23000,0,23000,23000
065532,台光電統一02購02,0,0,0,0,0,0,0,0,0,23000,0,0,0,113000,90000,23000,23000
065533,台光電統一02購03,0,0,0,0,0,0,0,0,0,23000,0,0,0,188000,165000,23000,23000
2106,建大            ,331000,108000,223000,0,0,0,0,200000,-200000,0,0,0,0,0,0,0,23000
07229P,T50正2群益9A售01,0,0,0,0,0,0,0,0,0,22000,0,0,0,22000,0,22000,22000
068316,台灣50元大01購34,0,0,0,0,0,0,0,0,0,22000,0,0,0,32000,10000,22000,22000
067184,聯發科凱基01購13,0,0,0,0,0,0,0,0,0,22000,0,0,0,22000,0,22000,22000
066989,聯茂群益01購01  ,0,0,0,0,0,0,0,0,0,22000,0,0,0,22000,0,22000,22000
067289,燿華兆豐03購01  ,0,0,0,0,0,0,0,0,0,22000,0,0,0,216000,194000,22000,22000
067250,中化國票02購01  ,0,0,0,0,0,0,0,0,0,22000,0,0,0,22000,0,22000,22000
067439,巨大凱基02購02  ,0,0,0,0,0,0,0,0,0,22000,0,0,0,23000,1000,22000,22000
067835,微星統一02購02  ,0,0,0,0,0,0,0,0,0,22000,0,0,0,330000,308000,22000,22000
067837,大立光統一03購04,0,0,0,0,0,0,0,0,0,22000,0,0,0,25000,3000,22000,22000
067866,可成元大01購09  ,0,0,0,0,0,0,0,0,0,22000,0,0,0,218000,196000,22000,22000
058067,台積電第一9C購01,0,0,0,0,0,0,0,0,0,22000,0,0,0,22000,0,22000,22000
058630,日月光國票9A購01,0,0,0,0,0,0,0,0,0,22000,0,0,0,22000,0,22000,22000
058387,國巨國票9A購03  ,0,0,0,0,0,0,0,0,0,22000,0,0,0,31000,9000,22000,22000
059705,華新科凱基9A購07,0,0,0,0,0,0,0,0,0,22000,0,0,0,28000,6000,22000,22000
055242,道瓊銀統一98購01,0,0,0,0,0,0,0,0,0,22000,0,0,0,22000,0,22000,22000
057000,亞德客國票99購01,0,0,0,0,0,0,0,0,0,22000,0,0,0,22000,0,22000,22000
03304P,欣興元富02售02  ,0,0,0,0,0,0,0,0,0,22000,0,0,0,42000,20000,22000,22000
062935,華通凱基9C購02  ,0,0,0,0,0,0,0,0,0,22000,0,0,0,37000,15000,22000,22000
064492,技嘉元大9C購01  ,0,0,0,0,0,0,0,0,0,22000,0,0,0,22000,0,22000,22000
064361,旺宏統一01購06  ,0,0,0,0,0,0,0,0,0,22000,0,0,0,22000,0,22000,22000
064261,力山永豐9C購01  ,0,0,0,0,0,0,0,0,0,22000,0,0,0,44000,22000,22000,22000
061552,南六群益9A購02  ,0,0,0,0,0,0,0,0,0,22000,0,0,0,23000,1000,22000,22000
061297,台積電富邦9C購09,0,0,0,0,0,0,0,0,0,22000,0,0,0,22000,0,22000,22000
065558,嘉聯益凱基9C購02,0,0,0,0,0,0,0,0,0,22000,0,0,0,52000,30000,22000,22000
065420,中租國票01購01  ,0,0,0,0,0,0,0,0,0,22000,0,0,0,126000,104000,22000,22000
065146,帆宣凱基9C購01  ,0,0,0,0,0,0,0,0,0,22000,0,0,0,22000,0,22000,22000
065129,上銀兆豐01購01  ,0,0,0,0,0,0,0,0,0,22000,0,0,0,46000,24000,22000,22000
064862,創意富邦03購01  ,0,0,0,0,0,0,0,0,0,22000,0,0,0,22000,0,22000,22000
066464,台郡統一02購02  ,0,0,0,0,0,0,0,0,0,22000,0,0,0,77000,55000,22000,22000
066025,宏達電群益01購01,0,0,0,0,0,0,0,0,0,22000,0,0,0,76000,54000,22000,22000
1417,嘉裕            ,59000,37000,22000,0,0,0,0,0,0,0,0,0,0,0,0,0,22000
08546P,可成中信9C售02  ,0,0,0,0,0,0,0,0,0,22000,0,0,0,22000,0,22000,22000
068158,緯創元大01購03  ,0,0,0,0,0,0,0,0,0,21000,0,0,0,27000,6000,21000,21000
067590,茂林群益01購01  ,0,0,0,0,0,0,0,0,0,21000,0,0,0,21000,0,21000,21000
067427,奇力新凱基01購01,0,0,0,0,0,0,0,0,0,21000,0,0,0,27000,6000,21000,21000
067320,訊連元大01購01  ,0,0,0,0,0,0,0,0,0,21000,0,0,0,31000,10000,21000,21000
067043,佳世達凱基01購01,0,0,0,0,0,0,0,0,0,21000,0,0,0,36000,15000,21000,21000
07267P,臺股指元大99售23,0,0,0,0,0,0,0,0,0,21000,0,0,0,21000,0,21000,21000
00646,元大S&P500      ,1000,8000,-7000,0,0,0,0,0,0,28000,0,0,0,116000,88000,28000,21000
047885,元金2X富邦99購01,0,0,0,0,0,0,0,0,0,21000,0,0,0,21000,0,21000,21000
057008,華新科中信99購02,0,0,0,0,0,0,0,0,0,21000,0,0,0,21000,0,21000,21000
057152,緯穎國票99購03  ,0,0,0,0,0,0,0,0,0,21000,0,0,0,21000,0,21000,21000
055290,玉晶光元大98購08,0,0,0,0,0,0,0,0,0,21000,0,0,0,21000,0,21000,21000
058798,大立光元大99購11,0,0,0,0,0,0,0,0,0,21000,0,0,0,151000,130000,21000,21000
058712,鴻海統一9B購03  ,0,0,0,0,0,0,0,0,0,21000,0,0,0,31000,10000,21000,21000
059117,禾伸堂永豐99購01,0,0,0,0,0,0,0,0,0,21000,0,0,0,28000,7000,21000,21000
059324,智易元大99購04  ,0,0,0,0,0,0,0,0,0,21000,0,0,0,21000,0,21000,21000
058378,南電凱基99購01  ,0,0,0,0,0,0,0,0,0,21000,0,0,0,21000,0,21000,21000
063604,群創凱基01購02  ,0,0,0,0,0,0,0,0,0,21000,0,0,0,28000,7000,21000,21000
063252,緯穎元大9B購07  ,0,0,0,0,0,0,0,0,0,21000,0,0,0,35000,14000,21000,21000
062002,鴻海國泰01購01  ,0,0,0,0,0,0,0,0,0,21000,0,0,0,29000,8000,21000,21000
061253,臺股指群益9A購04,0,0,0,0,0,0,0,0,0,21000,0,0,0,100000,79000,21000,21000
064103,大立光群益9C購03,0,0,0,0,0,0,0,0,0,21000,0,0,0,291000,270000,21000,21000
062437,廣達元大9B購01  ,0,0,0,0,0,0,0,0,0,21000,0,0,0,23000,2000,21000,21000
062427,嘉澤統一01購01  ,0,0,0,0,0,0,0,0,0,21000,0,0,0,38000,17000,21000,21000
062386,京鼎國泰9C購01  ,0,0,0,0,0,0,0,0,0,21000,0,0,0,92000,71000,21000,21000
062089,矽創元大9B購02  ,0,0,0,0,0,0,0,0,0,21000,0,0,0,133000,112000,21000,21000
063129,祥碩元大9C購03  ,0,0,0,0,0,0,0,0,0,21000,0,0,0,21000,0,21000,21000
063302,國巨凱基9C購05  ,0,0,0,0,0,0,0,0,0,21000,0,0,0,22000,1000,21000,21000
066243,潤泰新富邦03購01,0,0,0,0,0,0,0,0,0,21000,0,0,0,1059000,1038000,21000,21000
066589,英業達群益01購01,0,0,0,0,0,0,0,0,0,21000,0,0,0,165000,144000,21000,21000
066701,京元電群益01購02,50000,0,50000,0,0,0,0,0,0,-29000,0,0,0,22000,51000,-29000,21000
064051,新日興統一01購01,0,0,0,0,0,0,0,0,0,21000,0,0,0,21000,0,21000,21000
063795,上銀凱基9C購01  ,0,0,0,0,0,0,0,0,0,21000,0,0,0,22000,1000,21000,21000
063844,台積電元大9C購05,0,0,0,0,0,0,0,0,0,21000,0,0,0,27000,6000,21000,21000
065416,華通國票01購02  ,0,0,0,0,0,0,0,0,0,21000,0,0,0,81000,60000,21000,21000
08277P,嘉晶元富9C售02  ,0,0,0,0,0,0,0,0,0,21000,0,0,0,21000,0,21000,21000
08833P,緯穎群益01售03  ,0,0,0,0,0,0,0,0,0,21000,0,0,0,110000,89000,21000,21000
2359,所羅門          ,93000,82000,11000,0,0,0,0,0,0,10000,10000,0,10000,0,0,0,21000
4560,強信-KY         ,101000,80000,21000,0,0,0,0,0,0,0,0,0,0,0,0,0,21000
06990P,康友元富99售03  ,29000,0,29000,0,0,0,0,0,0,-9000,0,0,0,8000,17000,-9000,20000
07695P,台郡元大9A售02  ,0,0,0,0,0,0,0,0,0,20000,0,0,0,20000,0,20000,20000
07672P,南電元大9A售05  ,0,0,0,0,0,0,0,0,0,20000,0,0,0,50000,30000,20000,20000
07674P,金融類元大9A售01,0,0,0,0,0,0,0,0,0,20000,0,0,0,20000,0,20000,20000
07839P,嘉澤元大9A售04  ,0,0,0,0,0,0,0,0,0,20000,0,0,0,20000,0,20000,20000
08104P,晶技元大9B售06  ,0,0,0,0,0,0,0,0,0,20000,0,0,0,30000,10000,20000,20000
08011P,玉晶光元大9B售05,0,0,0,0,0,0,0,0,0,20000,0,0,0,20000,0,20000,20000
068409,緯穎元富07購01  ,0,0,0,0,0,0,0,0,0,20000,0,0,0,20000,0,20000,20000
068328,聯發科元大01購28,0,0,0,0,0,0,0,0,0,20000,0,0,0,90000,70000,20000,20000
068752,GIS群益02購03   ,0,0,0,0,0,0,0,0,0,20000,0,0,0,45000,25000,20000,20000
067104,聯發科群益01購05,0,0,0,0,0,0,0,0,0,20000,0,0,0,20000,0,20000,20000
066996,拓凱國泰03購02  ,0,0,0,0,0,0,0,0,0,20000,0,0,0,21000,1000,20000,20000
067398,欣興永豐01購04  ,0,0,0,0,0,0,0,0,0,20000,0,0,0,20000,0,20000,20000
067600,台積電凱基01購15,0,0,0,0,0,0,0,0,0,20000,0,0,0,20000,0,20000,20000
067535,友達群益02購01  ,0,0,0,0,0,0,0,0,0,20000,0,0,0,30000,10000,20000,20000
067657,日月光元富01購01,0,0,0,0,0,0,0,0,0,20000,0,0,0,50000,30000,20000,20000
067772,超眾統一03購02  ,0,0,0,0,0,0,0,0,0,20000,0,0,0,40000,20000,20000,20000
068103,松翰永豐01購02  ,0,0,0,0,0,0,0,0,0,20000,0,0,0,97000,77000,20000,20000
063251,同欣電元大9B購04,0,0,0,0,0,0,0,0,0,20000,0,0,0,52000,32000,20000,20000
063261,康控富邦03購01  ,0,0,0,0,0,0,0,0,0,20000,0,0,0,20000,0,20000,20000
060605,大立光凱基9C購01,0,0,0,0,0,0,0,0,0,20000,0,0,0,20000,0,20000,20000
061351,智伸科元大9A購01,0,0,0,0,0,0,0,0,0,20000,0,0,0,20000,0,20000,20000
057718,旺宏元富02購02  ,0,0,0,0,0,0,0,0,0,20000,0,0,0,20000,0,20000,20000
057664,台積電元大9A購03,0,0,0,0,0,0,0,0,0,20000,0,0,0,20000,0,20000,20000
057582,亞光中信9A購02  ,0,0,0,0,0,0,0,0,0,20000,0,0,0,20000,0,20000,20000
057546,台積電凱基02購01,0,0,0,0,0,0,0,0,0,20000,0,0,0,20000,0,20000,20000
060033,臻鼎永豐99購01  ,0,0,0,0,0,0,0,0,0,20000,0,0,0,73000,53000,20000,20000
058934,台灣50中信03購03,0,0,0,0,0,0,0,0,0,20000,0,0,0,35000,15000,20000,20000
058937,仁寶中信99購01  ,0,0,0,0,0,0,0,0,0,20000,0,0,0,40000,20000,20000,20000
060064,華新科兆豐99購07,0,0,0,0,0,0,0,0,0,20000,0,0,0,23000,3000,20000,20000
058319,大毅永豐9A購01  ,0,0,0,0,0,0,0,0,0,20000,0,0,0,20000,0,20000,20000
058324,嘉聯益永豐9A購01,0,0,0,0,0,0,0,0,0,20000,0,0,0,49000,29000,20000,20000
057949,南電國票99購01  ,0,0,0,0,0,0,0,0,0,20000,0,0,0,20000,0,20000,20000
057878,台郡元大99購04  ,0,0,0,0,0,0,0,0,0,20000,0,0,0,20000,0,20000,20000
059320,華新科元大99購15,0,0,0,0,0,0,0,0,0,20000,0,0,0,20000,0,20000,20000
059204,台灣50元大01購02,0,0,0,0,0,0,0,0,0,20000,0,0,0,20000,0,20000,20000
059087,台積電元大99購26,0,0,0,0,0,0,0,0,0,20000,0,0,0,50000,30000,20000,20000
059629,友達凱基99購06  ,0,0,0,0,0,0,0,0,0,20000,0,0,0,20000,0,20000,20000
059868,台光電凱基99購03,0,0,0,0,0,0,0,0,0,20000,0,0,0,20000,0,20000,20000
057420,美食凱基98購01  ,0,0,0,0,0,0,0,0,0,20000,0,0,0,20000,0,20000,20000
057874,可成元大99購02  ,0,0,0,0,0,0,0,0,0,20000,0,0,0,20000,0,20000,20000
055438,鴻海國票98購01  ,0,0,0,0,0,0,0,0,0,20000,0,0,0,20000,0,20000,20000
055916,奇鋐凱基99購01  ,0,0,0,0,0,0,0,0,0,20000,0,0,0,50000,30000,20000,20000
053860,台積電元大98購03,0,0,0,0,0,0,0,0,0,20000,0,0,0,20000,0,20000,20000
054758,南亞國票9A購01  ,0,0,0,0,0,0,0,0,0,20000,0,0,0,30000,10000,20000,20000
057042,台積電元大98購10,0,0,0,0,0,0,0,0,0,20000,0,0,0,20000,0,20000,20000
057071,華擎永豐98購02  ,0,0,0,0,0,0,0,0,0,20000,0,0,0,20000,0,20000,20000
056109,彩晶永豐98購01  ,0,0,0,0,0,0,0,0,0,20000,0,0,0,20000,0,20000,20000
056894,佳世達元大99購01,0,0,0,0,0,0,0,0,0,20000,0,0,0,20000,0,20000,20000
046905,新光金凱基99購01,0,0,0,0,0,0,0,0,0,20000,0,0,0,20000,0,20000,20000
046383,群創凱基98購01  ,0,0,0,0,0,0,0,0,0,20000,0,0,0,20000,0,20000,20000
052659,上証2X國票99購01,0,0,0,0,0,0,0,0,0,20000,0,0,0,60000,40000,20000,20000
052203,T50反1中信99購03,0,0,0,0,0,0,0,0,0,20000,0,0,0,20000,0,20000,20000
056196,聯茂富邦98購02  ,0,0,0,0,0,0,0,0,0,20000,0,0,0,20000,0,20000,20000
056214,義隆國票99購01  ,0,0,0,0,0,0,0,0,0,20000,0,0,0,30000,10000,20000,20000
056262,台積電統一98購04,0,0,0,0,0,0,0,0,0,20000,0,0,0,20000,0,20000,20000
062214,金寶統一01購01  ,0,0,0,0,0,0,0,0,0,20000,0,0,0,40000,20000,20000,20000
062389,台表科國泰01購01,0,0,0,0,0,0,0,0,0,20000,0,0,0,20000,0,20000,20000
062353,亞德客元大9B購01,0,0,0,0,0,0,0,0,0,20000,0,0,0,20000,0,20000,20000
062423,聯發科統一9C購07,0,0,0,0,0,0,0,0,0,20000,0,0,0,20000,0,20000,20000
062443,大立光元大9B購05,0,0,0,0,0,0,0,0,0,20000,0,0,0,161000,141000,20000,20000
061430,致新元大9A購01  ,0,0,0,0,0,0,0,0,0,20000,0,0,0,20000,0,20000,20000
061458,臻鼎凱基9A購02  ,0,0,0,0,0,0,0,0,0,20000,0,0,0,30000,10000,20000,20000
062684,華新科統一01購02,0,0,0,0,0,0,0,0,0,20000,0,0,0,21000,1000,20000,20000
062662,友達群益9B購02  ,0,0,0,0,0,0,0,0,0,20000,0,0,0,20000,0,20000,20000
062658,聯茂第一9B購01  ,0,0,0,0,0,0,0,0,0,20000,0,0,0,80000,60000,20000,20000
062958,長榮航麥證9B購01,0,0,0,20000,0,20000,0,0,0,20000,0,0,0,20000,0,20000,20000
062951,鴻海永豐9B購02  ,0,0,0,0,0,0,0,0,0,20000,0,0,0,20000,0,20000,20000
062768,南電凱基9B購04  ,0,0,0,0,0,0,0,0,0,20000,0,0,0,20000,0,20000,20000
062820,禾伸堂兆豐9B購01,0,0,0,0,0,0,0,0,0,20000,0,0,0,30000,10000,20000,20000
060320,元金2X群益02購01,0,0,0,0,0,0,0,0,0,20000,0,0,0,20000,0,20000,20000
060335,明泰康和9A購01  ,0,0,0,0,0,0,0,0,0,20000,0,0,0,20000,0,20000,20000
064128,國產元大9C購01  ,0,0,0,0,0,0,0,0,0,20000,0,0,0,28000,8000,20000,20000
061855,台郡國票9B購01  ,0,0,0,0,0,0,0,0,0,20000,0,0,0,20000,0,20000,20000
061769,晶技元大9B購03  ,0,0,0,0,0,0,0,0,0,20000,0,0,0,20000,0,20000,20000
06458P,玉晶光統一9A售02,0,0,0,0,0,0,0,0,0,20000,0,0,0,20000,0,20000,20000
061203,國巨元大9A購15  ,0,0,0,0,0,0,0,0,0,20000,0,0,0,20000,0,20000,20000
061194,聯鈞永豐9A購02  ,0,0,0,0,0,0,0,0,0,20000,0,0,0,20000,0,20000,20000
060757,台積電元大9A購18,0,0,0,0,0,0,0,0,0,20000,0,0,0,20000,0,20000,20000
060754,華通元大9A購04  ,0,0,0,0,0,0,0,0,0,20000,0,0,0,20000,0,20000,20000
060735,鴻海統一9C購03  ,0,0,0,0,0,0,0,0,0,20000,0,0,0,20000,0,20000,20000
063202,南亞科統一9C購02,0,0,0,0,0,0,0,0,0,20000,0,0,0,20000,0,20000,20000
060598,鴻海凱基9A購20  ,0,0,0,0,0,0,0,0,0,20000,0,0,0,20000,0,20000,20000
060531,大立光中信9A購04,0,0,0,0,0,0,0,0,0,20000,0,0,0,470000,450000,20000,20000
060996,臻鼎元大9A購01  ,0,0,0,0,0,0,0,0,0,20000,0,0,0,20000,0,20000,20000
063063,泰鼎元富9B購01  ,0,0,0,0,0,0,0,0,0,20000,0,0,0,20000,0,20000,20000
060904,臺指反元大9C購07,0,0,0,0,0,0,0,0,0,20000,0,0,0,50000,30000,20000,20000
065439,台積電麥證9C購01,0,0,0,20000,0,20000,0,0,0,20000,0,0,0,20000,0,20000,20000
065440,台積電麥證9C購02,0,0,0,20000,0,20000,0,0,0,20000,0,0,0,20000,0,20000,20000
065127,世芯永豐9C購03  ,0,0,0,0,0,0,0,0,0,20000,0,0,0,20000,0,20000,20000
065059,神隆群益9C購01  ,0,0,0,0,0,0,0,0,0,20000,0,0,0,65000,45000,20000,20000
063887,香港2X中信02購01,0,0,0,0,0,0,0,0,0,20000,0,0,0,40000,20000,20000,20000
063979,健鼎兆豐9C購01  ,0,0,0,0,0,0,0,0,0,20000,0,0,0,20000,0,20000,20000
064542,聯電凱基02購01  ,0,0,0,0,0,0,0,0,0,20000,0,0,0,20000,0,20000,20000
064159,新日興統一01購02,0,0,0,0,0,0,0,0,0,20000,0,0,0,20000,0,20000,20000
064730,超眾統一02購02  ,0,0,0,0,0,0,0,0,0,20000,0,0,0,20000,0,20000,20000
064912,國巨統一01購09  ,0,0,0,0,0,0,0,0,0,20000,0,0,0,23000,3000,20000,20000
064829,義隆統一01購02  ,0,0,0,0,0,0,0,0,0,20000,0,0,0,30000,10000,20000,20000
064819,華新統一01購02  ,0,0,0,0,0,0,0,0,0,20000,0,0,0,176000,156000,20000,20000
064790,金像電國票01購01,0,0,0,0,0,0,0,0,0,20000,0,0,0,20000,0,20000,20000
066597,緯穎群益02購01  ,0,0,0,0,0,0,0,0,0,20000,0,0,0,70000,50000,20000,20000
066612,台積電麥證01購04,0,0,0,20000,0,20000,0,0,0,20000,0,0,0,20000,0,20000,20000
066541,南電兆豐01購02  ,0,0,0,0,0,0,0,0,0,20000,0,0,0,52000,32000,20000,20000
066382,拓凱康和01購01  ,0,0,0,0,0,0,0,0,0,20000,0,0,0,21000,1000,20000,20000
066224,眾達國泰03購01  ,0,0,0,0,0,0,0,0,0,20000,0,0,0,66000,46000,20000,20000
065820,瑞祺元富03購01  ,0,0,0,0,0,0,0,0,0,20000,0,0,0,100000,80000,20000,20000
065896,智易統一02購01  ,0,0,0,0,0,0,0,0,0,20000,0,0,0,20000,0,20000,20000
6431,光麗-KY         ,21000,1000,20000,0,0,0,0,0,0,0,0,0,0,0,0,0,20000
3494,誠研            ,22000,2000,20000,0,0,0,0,0,0,0,0,0,0,0,0,0,20000
08793P,聯詠中信07售02  ,0,0,0,0,0,0,0,0,0,20000,0,0,0,20000,0,20000,20000
08786P,滬深2X元富01售05,0,0,0,0,0,0,0,0,0,20000,0,0,0,20000,0,20000,20000
08716P,台積電兆豐01售02,0,0,0,0,0,0,0,0,0,20000,0,0,0,20000,0,20000,20000
08909P,華新科凱基01售04,0,0,0,0,0,0,0,0,0,20000,0,0,0,20000,0,20000,20000
08181P,華新科國泰9C售02,0,0,0,0,0,0,0,0,0,20000,0,0,0,20000,0,20000,20000
08337P,台灣50凱基01售15,0,0,0,0,0,0,0,0,0,20000,0,0,0,20000,0,20000,20000
08378P,世紀鋼元富9C售02,0,0,0,0,0,0,0,0,0,20000,0,0,0,21000,1000,20000,20000
08312P,旺宏國票01售01  ,0,0,0,0,0,0,0,0,0,20000,0,0,0,20000,0,20000,20000
08486P,富邦金群益9C售02,0,0,0,0,0,0,0,0,0,20000,0,0,0,80000,60000,20000,20000
08498P,大立光國票01售02,0,0,0,0,0,0,0,0,0,20000,0,0,0,20000,0,20000,20000
067294,中磊兆豐03購01  ,0,0,0,0,0,0,0,0,0,19000,0,0,0,218000,199000,19000,19000
067249,緯穎群益01購04  ,0,0,0,0,0,0,0,0,0,19000,0,0,0,49000,30000,19000,19000
068303,台積電國票01購08,0,0,0,0,0,0,0,0,0,19000,0,0,0,33000,14000,19000,19000
08062P,華擎國票9B售03  ,0,0,0,0,0,0,0,0,0,19000,0,0,0,79000,60000,19000,19000
068842,國巨統一02購05  ,0,0,0,0,0,0,0,0,0,19000,0,0,0,41000,22000,19000,19000
020008,元大特股高息N   ,0,0,0,0,0,0,0,0,0,19000,0,0,0,32000,13000,19000,19000
03682C,臺股指凱基9C牛07,0,0,0,0,0,0,0,0,0,19000,0,0,0,19000,0,19000,19000
057240,茂林凱基9A購01  ,0,0,0,0,0,0,0,0,0,19000,0,0,0,19000,0,19000,19000
057411,臺股指群益99購05,0,0,0,0,0,0,0,0,0,19000,0,0,0,19000,0,19000,19000
059756,奇力新富邦9C購01,0,0,0,0,0,0,0,0,0,19000,0,0,0,19000,0,19000,19000
058822,樺漢國泰9B購01  ,0,0,0,0,0,0,0,0,0,19000,0,0,0,21000,2000,19000,19000
059262,致茂中信01購01  ,0,0,0,0,0,0,0,0,0,19000,0,0,0,43000,24000,19000,19000
057882,華通群益9A購03  ,0,0,0,0,0,0,0,0,0,19000,0,0,0,19000,0,19000,19000
060238,強茂元大9C購01  ,0,0,0,0,0,0,0,0,0,19000,0,0,0,69000,50000,19000,19000
057508,康控國票99購03  ,0,0,0,0,0,0,0,0,0,19000,0,0,0,30000,11000,19000,19000
060568,SP黃豆永豐9A購01,0,0,0,0,0,0,0,0,0,19000,0,0,0,19000,0,19000,19000
063714,超眾凱基9B購03  ,0,0,0,0,0,0,0,0,0,19000,0,0,0,19000,0,19000,19000
062886,中興電群益9B購01,0,0,0,0,0,0,0,0,0,19000,0,0,0,39000,20000,19000,19000
062271,華通群益9C購02  ,0,0,0,0,0,0,0,0,0,19000,0,0,0,19000,0,19000,19000
063313,南亞科群益9B購02,0,0,0,0,0,0,0,0,0,19000,0,0,0,21000,2000,19000,19000
063384,巨大永豐9B購04  ,0,0,0,0,0,0,0,0,0,19000,0,0,0,45000,26000,19000,19000
063507,奇鋐群益9B購02  ,0,0,0,0,0,0,0,0,0,19000,0,0,0,19000,0,19000,19000
066843,台達電元大01購02,0,0,0,0,0,0,0,0,0,19000,0,0,0,24000,5000,19000,19000
064779,義隆群益9C購03  ,0,0,0,0,0,0,0,0,0,19000,0,0,0,25000,6000,19000,19000
064000,台郡兆豐9C購01  ,0,0,0,0,0,0,0,0,0,19000,0,0,0,37000,18000,19000,19000
08670P,健策統一01售01  ,0,0,0,0,0,0,0,0,0,19000,0,0,0,39000,20000,19000,19000
1473,台南            ,39000,20000,19000,0,0,0,0,0,0,0,0,0,0,0,0,0,19000
068826,群創元大05購01  ,0,0,0,0,0,0,0,0,0,18000,0,0,0,28000,10000,18000,18000
068836,義隆永豐02購01  ,0,0,0,0,0,0,0,0,0,18000,0,0,0,22000,4000,18000,18000
067354,國揚群益01購03  ,0,0,0,0,0,0,0,0,0,18000,0,0,0,53000,35000,18000,18000
067379,新日興統一03購01,0,0,0,0,0,0,0,0,0,18000,0,0,0,20000,2000,18000,18000
067502,聚陽統一02購04  ,0,0,0,0,0,0,0,0,0,18000,0,0,0,120000,102000,18000,18000
066930,台積電國票02購01,0,0,0,0,0,0,0,0,0,18000,0,0,0,18000,0,18000,18000
067874,台郡元大01購05  ,0,0,0,0,0,0,0,0,0,18000,0,0,0,22000,4000,18000,18000
067954,大立光永豐01購02,0,0,0,0,0,0,0,0,0,18000,0,0,0,30000,12000,18000,18000
057557,聯茂凱基99購04  ,0,0,0,0,0,0,0,0,0,18000,0,0,0,18000,0,18000,18000
057625,泰鼎國泰9A購01  ,0,0,0,0,0,0,0,0,0,18000,0,0,0,18000,0,18000,18000
058074,欣興凱基99購01  ,0,0,0,0,0,0,0,0,0,18000,0,0,0,18000,0,18000,18000
058944,元石油群益9C購02,0,0,0,0,0,0,0,0,0,18000,0,0,0,18000,0,18000,18000
058499,滬深2X元大9C購01,0,0,0,0,0,0,0,0,0,18000,0,0,0,42000,24000,18000,18000
059143,國巨國票9A購04  ,0,0,0,0,0,0,0,0,0,18000,0,0,0,75000,57000,18000,18000
059355,國巨富邦9B購03  ,0,0,0,0,0,0,0,0,0,18000,0,0,0,19000,1000,18000,18000
059766,同欣電永豐99購03,0,0,0,0,0,0,0,0,0,18000,0,0,0,41000,23000,18000,18000
054272,華通中信98購01  ,0,0,0,0,0,0,0,0,0,18000,0,0,0,32000,14000,18000,18000
054370,台積電中信9A購01,0,0,0,0,0,0,0,0,0,18000,0,0,0,18000,0,18000,18000
00673R,元大S&P原油反1  ,0,0,0,0,0,0,0,0,0,18000,0,0,0,215000,197000,18000,18000
03302P,聯發科元富02售08,0,0,0,0,0,0,0,0,0,18000,0,0,0,18000,0,18000,18000
056366,玉晶光元大99購04,0,0,0,0,0,0,0,0,0,18000,0,0,0,20000,2000,18000,18000
063281,京元電元大9B購01,0,0,0,0,0,0,0,0,0,18000,0,0,0,35000,17000,18000,18000
062285,台勝科群益9B購01,0,0,0,0,0,0,0,0,0,18000,0,0,0,18000,0,18000,18000
062896,中興電元大9B購01,0,0,0,0,0,0,0,0,0,18000,0,0,0,25000,7000,18000,18000
061693,華新科群益9B購02,0,0,0,0,0,0,0,0,0,18000,0,0,0,76000,58000,18000,18000
061640,智原元大9A購01  ,0,0,0,0,0,0,0,0,0,18000,0,0,0,20000,2000,18000,18000
060361,南亞科元富9A購03,0,0,0,0,0,0,0,0,0,18000,0,0,0,20000,2000,18000,18000
064578,TPK國泰02購01   ,0,0,0,0,0,0,0,0,0,18000,0,0,0,20000,2000,18000,18000
065009,勤誠國票01購01  ,0,0,0,0,0,0,0,0,0,18000,0,0,0,18000,0,18000,18000
065232,健策凱基02購01  ,0,0,0,0,0,0,0,0,0,18000,0,0,0,25000,7000,18000,18000
065208,義隆國票01購01  ,0,0,0,0,0,0,0,0,0,18000,0,0,0,41000,23000,18000,18000
066592,大立光群益01購06,0,0,0,0,0,0,0,0,0,18000,0,0,0,18000,0,18000,18000
3011,今皓            ,21000,3000,18000,0,0,0,0,0,0,0,0,0,0,0,0,0,18000
08699P,南電元大01售05  ,0,0,0,0,0,0,0,0,0,18000,0,0,0,60000,42000,18000,18000
08803P,鴻海元富07售08  ,0,0,0,0,0,0,0,0,0,18000,0,0,0,18000,0,18000,18000
067796,臺股指群益01購08,0,0,0,0,0,0,0,0,0,17000,0,0,0,22000,5000,17000,17000
066935,奇鋐國票02購02  ,0,0,0,0,0,0,0,0,0,17000,0,0,0,17000,0,17000,17000
067505,微星統一03購01  ,0,0,0,0,0,0,0,0,0,17000,0,0,0,275000,258000,17000,17000
067390,聯詠元富07購02  ,0,0,0,0,0,0,0,0,0,17000,0,0,0,212000,195000,17000,17000
068858,台積電元富08購05,0,0,0,0,0,0,0,0,0,17000,0,0,0,49000,32000,17000,17000
068623,美律群益02購01  ,0,0,0,0,0,0,0,0,0,17000,0,0,0,54000,37000,17000,17000
03263P,日月光國票04售01,0,0,0,0,0,0,0,0,0,17000,0,0,0,17000,0,17000,17000
053891,欣興群益98購01  ,0,0,0,0,0,0,0,0,0,17000,0,0,0,19000,2000,17000,17000
054658,道瓊銀元大9A購01,0,0,0,0,0,0,0,0,0,17000,0,0,0,17000,0,17000,17000
055063,玉晶光永豐99購01,0,0,0,0,0,0,0,0,0,17000,0,0,0,237000,220000,17000,17000
056955,台灣50永豐98購01,0,0,0,0,0,0,0,0,0,17000,0,0,0,17000,0,17000,17000
057802,卜蜂元大98購01  ,0,0,0,0,0,0,0,0,0,17000,0,0,0,17000,0,17000,17000
057758,鴻海凱基99購03  ,0,0,0,0,0,0,0,0,0,17000,0,0,0,17000,0,17000,17000
059644,茂林凱基99購03  ,0,0,0,0,0,0,0,0,0,17000,0,0,0,24000,7000,17000,17000
059155,台表科日盛99購01,0,0,0,0,0,0,0,0,0,17000,0,0,0,17000,0,17000,17000
059195,國巨永豐99購04  ,0,0,0,0,0,0,0,0,0,17000,0,0,0,46000,29000,17000,17000
058655,鴻海中信03購02  ,0,0,0,0,0,0,0,0,0,17000,0,0,0,17000,0,17000,17000
060174,T50反1元富04購01,0,0,0,0,0,0,0,0,0,17000,0,0,0,17000,0,17000,17000
064102,宏達電群益9C購01,0,0,0,0,0,0,0,0,0,17000,0,0,0,48000,31000,17000,17000
061790,中租群益9B購01  ,0,0,0,0,0,0,0,0,0,17000,0,0,0,22000,5000,17000,17000
061567,華通元大9A購11  ,0,0,0,0,0,0,0,0,0,17000,0,0,0,17000,0,17000,17000
060755,鴻海元大9A購15  ,0,0,0,0,0,0,0,0,0,17000,0,0,0,17000,0,17000,17000
061235,台積電元大9A購23,0,0,0,0,0,0,0,0,0,17000,0,0,0,17000,0,17000,17000
063013,技嘉元大9B購02  ,0,0,0,0,0,0,0,0,0,17000,0,0,0,20000,3000,17000,17000
063015,微星元大9B購01  ,0,0,0,0,0,0,0,0,0,17000,0,0,0,38000,21000,17000,17000
063709,上銀凱基9B購07  ,0,0,0,0,0,0,0,0,0,17000,0,0,0,95000,78000,17000,17000
063104,大立光群益9C購02,0,0,0,0,0,0,0,0,0,17000,0,0,0,82000,65000,17000,17000
062098,億光永豐9B購01  ,0,0,0,0,0,0,0,0,0,17000,0,0,0,17000,0,17000,17000
063785,華通中信06購02  ,0,0,0,0,0,0,0,0,0,17000,0,0,0,17000,0,17000,17000
063463,瑞昱元大9B購05  ,0,0,0,0,0,0,0,0,0,17000,0,0,0,20000,3000,17000,17000
066327,強茂永豐01購01  ,0,0,0,0,0,0,0,0,0,17000,0,0,0,120000,103000,17000,17000
065845,友達元大9C購12  ,0,0,0,0,0,0,0,0,0,17000,0,0,0,55000,38000,17000,17000
065671,大立光凱基9C購07,0,0,0,0,0,0,0,0,0,17000,0,0,0,21000,4000,17000,17000
065340,旺宏統一9C購04  ,0,0,0,0,0,0,0,0,0,17000,0,0,0,17000,0,17000,17000
065548,台達電凱基01購02,0,0,0,0,0,0,0,0,0,17000,0,0,0,19000,2000,17000,17000
08742P,友達凱基01售02  ,0,0,0,0,0,0,0,0,0,17000,0,0,0,72000,55000,17000,17000
08517P,奇力新群益9C售03,0,0,0,0,0,0,0,0,0,17000,0,0,0,47000,30000,17000,17000
08458P,南電元大9C售04  ,0,0,0,0,0,0,0,0,0,17000,0,0,0,77000,60000,17000,17000
08425P,世紀鋼元富9C售03,0,0,0,0,0,0,0,0,0,17000,0,0,0,21000,4000,17000,17000
2059,川湖            ,39000,23000,16000,0,0,0,0,0,0,1000,1000,0,1000,0,0,0,17000
068734,瑞儀元大02購02  ,40000,0,40000,0,0,0,0,0,0,-24000,0,0,0,84000,108000,-24000,16000
068327,聯發科元大01購27,0,0,0,0,0,0,0,0,0,16000,0,0,0,94000,78000,16000,16000
068416,致茂中信07購01  ,0,0,0,0,0,0,0,0,0,16000,0,0,0,20000,4000,16000,16000
066967,台積電元富07購03,0,0,0,0,0,0,0,0,0,16000,0,0,0,20000,4000,16000,16000
067909,玉晶光國泰03購02,6000,0,6000,0,0,0,0,0,0,10000,0,0,0,693000,683000,10000,16000
068100,喬山永豐01購01  ,0,0,0,0,0,0,0,0,0,16000,0,0,0,35000,19000,16000,16000
058033,景碩永豐98購02  ,0,0,0,0,0,0,0,0,0,16000,0,0,0,20000,4000,16000,16000
061942,亞德客群益9B購01,0,0,0,0,0,0,0,0,0,16000,0,0,0,16000,0,16000,16000
057944,新日興國票99購02,0,0,0,0,0,0,0,0,0,16000,0,0,0,16000,0,16000,16000
058585,S&P正2中信9B購02,0,0,0,0,0,0,0,0,0,16000,0,0,0,16000,0,16000,16000
058323,泰鼎永豐9A購01  ,0,0,0,0,0,0,0,0,0,16000,0,0,0,38000,22000,16000,16000
059726,華新科元大99購18,0,0,0,0,0,0,0,0,0,16000,0,0,0,19000,3000,16000,16000
057241,超眾凱基99購02  ,0,0,0,0,0,0,0,0,0,16000,0,0,0,16000,0,16000,16000
050014,國巨富邦98購01  ,0,0,0,0,0,0,0,0,0,16000,0,0,0,16000,0,16000,16000
03187P,聯發科元大01售33,0,0,0,0,0,0,0,0,0,16000,0,0,0,23000,7000,16000,16000
063522,技嘉凱基9B購03  ,0,0,0,0,0,0,0,0,0,16000,0,0,0,21000,5000,16000,16000
062246,力山元大9B購02  ,0,0,0,0,0,0,0,0,0,16000,0,0,0,16000,0,16000,16000
062998,泰碩國票01購01  ,0,0,0,0,0,0,0,0,0,16000,0,0,0,16000,0,16000,16000
063225,茂林群益9B購04  ,0,0,0,0,0,0,0,0,0,16000,0,0,0,95000,79000,16000,16000
060597,華通凱基9A購04  ,0,0,0,0,0,0,0,0,0,16000,0,0,0,30000,14000,16000,16000
060402,神隆國泰9B購01  ,0,0,0,0,0,0,0,0,0,16000,0,0,0,16000,0,16000,16000
060874,中鋼中信02購01  ,0,0,0,0,0,0,0,0,0,16000,0,0,0,17000,1000,16000,16000
060940,國巨國票9B購03  ,0,0,0,0,0,0,0,0,0,16000,0,0,0,46000,30000,16000,16000
063895,新光金群益01購01,0,0,0,0,0,0,0,0,0,16000,0,0,0,44000,28000,16000,16000
065740,聯發科麥證9C購05,0,0,0,16000,0,16000,0,0,0,16000,0,0,0,16000,0,16000,16000
065833,中租凱基02購01  ,0,0,0,0,0,0,0,0,0,16000,0,0,0,16000,0,16000,16000
066054,創意元大01購02  ,0,0,0,0,0,0,0,0,0,16000,0,0,0,36000,20000,16000,16000
08544P,和碩國票01售02  ,0,0,0,0,0,0,0,0,0,16000,0,0,0,16000,0,16000,16000
08652P,鴻海群益9C售09  ,0,0,0,0,0,0,0,0,0,16000,0,0,0,30000,14000,16000,16000
08890P,為升元大01售04  ,0,0,0,0,0,0,0,0,0,16000,0,0,0,16000,0,16000,16000
6409,旭隼            ,77000,60893,16107,0,0,0,0,1000,-1000,0,0,0,0,0,0,0,15107
068047,台積電統一03購06,0,0,0,0,0,0,0,0,0,15000,0,0,0,15000,0,15000,15000
067607,聯鈞凱基01購04  ,0,0,0,0,0,0,0,0,0,15000,0,0,0,35000,20000,15000,15000
067531,台積電群益01購13,0,0,0,0,0,0,0,0,0,15000,0,0,0,15000,0,15000,15000
066904,台積電凱基02購10,0,0,0,0,0,0,0,0,0,15000,0,0,0,15000,0,15000,15000
067449,微星國票02購02  ,0,0,0,0,0,0,0,0,0,15000,0,0,0,132000,117000,15000,15000
068731,健策元大03購01  ,0,0,0,0,0,0,0,0,0,15000,0,0,0,33000,18000,15000,15000
07051P,大立光中信99售02,0,0,0,0,0,0,0,0,0,15000,0,0,0,15000,0,15000,15000
03203P,台積電凱基01售26,0,0,0,0,0,0,0,0,0,15000,0,0,0,15000,0,15000,15000
03095P,國巨凱基02售07  ,0,0,0,0,0,0,0,0,0,15000,0,0,0,15000,0,15000,15000
03086P,台積電元大01售37,0,0,0,0,0,0,0,0,0,15000,0,0,0,15000,0,15000,15000
053523,T50反1中信9A購01,0,0,0,0,0,0,0,0,0,15000,0,0,0,15000,0,15000,15000
03306P,臺股指中信05售01,0,0,0,0,0,0,0,0,0,15000,0,0,0,15000,0,15000,15000
03028P,玉晶光元大01售11,0,0,0,0,0,0,0,0,0,15000,0,0,0,40000,25000,15000,15000
00690,兆豐藍籌30      ,0,1000,-1000,0,0,0,0,0,0,16000,0,0,0,246000,230000,16000,15000
055975,鴻海統一98購05  ,0,0,0,0,0,0,0,0,0,15000,0,0,0,15000,0,15000,15000
055980,祥碩統一98購01  ,0,0,0,0,0,0,0,0,0,15000,0,0,0,15000,0,15000,15000
054375,貿聯中信99購01  ,0,0,0,0,0,0,0,0,0,15000,0,0,0,15000,0,15000,15000
054301,楠梓電凱基98購01,0,0,0,0,0,0,0,0,0,15000,0,0,0,15000,0,15000,15000
058832,立積永豐99購01  ,0,0,0,0,0,0,0,0,0,15000,0,0,0,88000,73000,15000,15000
058980,鴻海凱基99購06  ,0,0,0,0,0,0,0,0,0,15000,0,0,0,15000,0,15000,15000
058477,億光凱基9A購01  ,0,0,0,0,0,0,0,0,0,15000,0,0,0,116000,101000,15000,15000
06136P,華新科國泰99售02,0,0,0,0,0,0,0,0,0,15000,0,0,0,15000,0,15000,15000
061347,創意元大9A購02  ,0,0,0,0,0,0,0,0,0,15000,0,0,0,20000,5000,15000,15000
058091,欣興元大99購03  ,0,0,0,0,0,0,0,0,0,15000,0,0,0,15000,0,15000,15000
061972,華新元大9B購01  ,0,0,0,0,0,0,0,0,0,15000,0,0,0,30000,15000,15000,15000
06025P,臺股指元大99售02,0,0,0,0,0,0,0,0,0,15000,0,0,0,15000,0,15000,15000
060964,日月光凱基9A購01,0,0,0,0,0,0,0,0,0,15000,0,0,0,65000,50000,15000,15000
060382,儒鴻凱基9A購01  ,0,0,0,0,0,0,0,0,0,15000,0,0,0,15000,0,15000,15000
061524,華通凱基9A購07  ,0,0,0,0,0,0,0,0,0,15000,0,0,0,37000,22000,15000,15000
061308,元金2X中信9A購01,0,0,0,0,0,0,0,0,0,15000,0,0,0,30000,15000,15000,15000
061751,華通台新9B購01  ,0,0,0,0,0,0,0,0,0,15000,0,0,0,15000,0,15000,15000
061928,群創凱基9B購06  ,0,0,0,0,0,0,0,0,0,15000,0,0,0,15000,0,15000,15000
064114,南茂國票01購01  ,0,0,0,0,0,0,0,0,0,15000,0,0,0,22000,7000,15000,15000
064508,力成元大9C購03  ,0,0,0,0,0,0,0,0,0,15000,0,0,0,46000,31000,15000,15000
064611,亞德客元大9C購02,0,0,0,0,0,0,0,0,0,15000,0,0,0,15000,0,15000,15000
064414,臺股指凱基9C購10,0,0,0,0,0,0,0,0,0,15000,0,0,0,95000,80000,15000,15000
064318,彩晶群益9C購01  ,0,0,0,0,0,0,0,0,0,15000,0,0,0,15000,0,15000,15000
062870,亞德客兆豐9C購01,0,0,0,0,0,0,0,0,0,15000,0,0,0,15000,0,15000,15000
062499,鴻海群益01購01  ,0,0,0,0,0,0,0,0,0,15000,0,0,0,160000,145000,15000,15000
063393,華通群益9C購05  ,0,0,0,0,0,0,0,0,0,15000,0,0,0,15000,0,15000,15000
066143,惠特群益01購01  ,0,0,0,0,0,0,0,0,0,15000,0,0,0,82000,67000,15000,15000
065846,華新科元大03購01,0,0,0,0,0,0,0,0,0,15000,0,0,0,80000,65000,15000,15000
065892,聯發科統一02購04,0,0,0,0,0,0,0,0,0,15000,0,0,0,30000,15000,15000,15000
065717,創意中信9C購02  ,0,0,0,0,0,0,0,0,0,15000,0,0,0,122000,107000,15000,15000
066371,同欣電中信05購01,0,0,0,0,0,0,0,0,0,15000,0,0,0,41000,26000,15000,15000
066672,瑞祺凱基03購01  ,0,0,0,0,0,0,0,0,0,15000,0,0,0,30000,15000,15000,15000
064013,創意國票01購01  ,0,0,0,0,0,0,0,0,0,15000,0,0,0,23000,8000,15000,15000
064538,鈺齊國票01購01  ,0,0,0,0,0,0,0,0,0,15000,0,0,0,187000,172000,15000,15000
064920,景碩統一01購02  ,0,0,0,0,0,0,0,0,0,15000,0,0,0,15000,0,15000,15000
064850,智原元富9C購01  ,0,0,0,0,0,0,0,0,0,15000,0,0,0,25000,10000,15000,15000
065531,聯電統一01購01  ,0,0,0,0,0,0,0,0,0,15000,0,0,0,16000,1000,15000,15000
065473,鴻海元大9C購14  ,0,0,0,0,0,0,0,0,0,15000,0,0,0,15000,0,15000,15000
065388,華擎兆豐01購01  ,0,0,0,0,0,0,0,0,0,15000,0,0,0,15000,0,15000,15000
08609P,世紀鋼永豐9C售03,0,0,0,0,0,0,0,0,0,15000,0,0,0,15000,0,15000,15000
2243,宏旭-KY         ,22000,7000,15000,0,0,0,0,0,0,0,0,0,0,0,0,0,15000
068733,瑞儀元大02購01  ,0,0,0,0,0,0,0,0,0,14000,0,0,0,122000,108000,14000,14000
068713,台灣50元大02購05,0,0,0,0,0,0,0,0,0,14000,0,0,0,20000,6000,14000,14000
067629,亞德客永豐01購01,0,0,0,0,0,0,0,0,0,14000,0,0,0,14000,0,14000,14000
068028,國巨元富07購12  ,0,0,0,0,0,0,0,0,0,14000,0,0,0,94000,80000,14000,14000
057712,南亞科統一9A購01,0,0,0,0,0,0,0,0,0,14000,0,0,0,38000,24000,14000,14000
061961,台積電統一01購02,0,0,0,0,0,0,0,0,0,14000,0,0,0,14000,0,14000,14000
063581,同欣電國泰9C購01,0,0,0,0,0,0,0,0,0,14000,0,0,0,92000,78000,14000,14000
058077,超眾凱基98購02  ,0,0,0,0,0,0,0,0,0,14000,0,0,0,29000,15000,14000,14000
058209,臺股指凱基01購01,0,0,0,0,0,0,0,0,0,14000,0,0,0,14000,0,14000,14000
059594,奇力新元大9B購01,0,0,0,0,0,0,0,0,0,14000,0,0,0,14000,0,14000,14000
03687C,臺股指凱基9C牛22,0,0,0,0,0,0,0,0,0,14000,0,0,0,33000,19000,14000,14000
056909,嘉聯益元大99購03,0,0,0,0,0,0,0,0,0,14000,0,0,0,14000,0,14000,14000
056605,台積電富邦9B購02,0,0,0,0,0,0,0,0,0,14000,0,0,0,14000,0,14000,14000
063408,茂林國票9C購02  ,0,0,0,0,0,0,0,0,0,14000,0,0,0,50000,36000,14000,14000
062138,力成群益9B購01  ,0,0,0,0,0,0,0,0,0,14000,0,0,0,14000,0,14000,14000
062609,帆宣凱基9B購01  ,0,0,0,0,0,0,0,0,0,14000,0,0,0,26000,12000,14000,14000
064410,超眾凱基02購01  ,0,0,0,0,0,0,0,0,0,14000,0,0,0,24000,10000,14000,14000
060322,卜蜂群益9A購01  ,0,0,0,0,0,0,0,0,0,14000,0,0,0,14000,0,14000,14000
060965,中租凱基9B購01  ,0,0,0,0,0,0,0,0,0,14000,0,0,0,19000,5000,14000,14000
060922,金像電永豐9A購01,0,0,0,0,0,0,0,0,0,14000,0,0,0,66000,52000,14000,14000
065441,義隆麥證9C購01  ,0,0,0,20000,8000,12000,0,0,0,14000,0,0,0,22000,8000,14000,14000
065596,鴻海元大9C購16  ,0,0,0,0,0,0,0,0,0,14000,0,0,0,14000,0,14000,14000
065188,玉晶光統一02購01,0,0,0,0,0,0,0,0,0,14000,0,0,0,62000,48000,14000,14000
065249,聯發科麥證9C購04,0,0,0,37000,23000,14000,0,0,0,14000,0,0,0,37000,23000,14000,14000
065005,台光電國票01購02,0,0,0,0,0,0,0,0,0,14000,0,0,0,14000,0,14000,14000
064972,台積電元大9C購11,0,0,0,0,0,0,0,0,0,14000,0,0,0,14000,0,14000,14000
064882,同欣電兆豐9C購01,0,0,0,0,0,0,0,0,0,14000,0,0,0,20000,6000,14000,14000
064806,微星元大01購01  ,0,0,0,0,0,0,0,0,0,14000,0,0,0,24000,10000,14000,14000
064177,立積國泰01購01  ,0,0,0,0,0,0,0,0,0,14000,0,0,0,14000,0,14000,14000
064050,景碩統一01購01  ,0,0,0,0,0,0,0,0,0,14000,0,0,0,14000,0,14000,14000
066698,川湖群益01購01  ,0,0,0,0,0,0,0,0,0,14000,0,0,0,25000,11000,14000,14000
066830,國揚群益01購01  ,0,0,0,0,0,0,0,0,0,14000,0,0,0,14000,0,14000,14000
066380,瑞昱康和01購02  ,0,0,0,0,0,0,0,0,0,14000,0,0,0,24000,10000,14000,14000
066076,台勝科凱基01購02,0,0,0,0,0,0,0,0,0,14000,0,0,0,20000,6000,14000,14000
3380,明泰            ,764000,610000,154000,0,0,0,0,0,0,-140000,23000,17000,6000,0,146000,-146000,14000
3356,奇偶            ,63000,48000,15000,0,0,0,0,0,0,-1000,0,1000,-1000,0,0,0,14000
08924P,鴻海元富07售10  ,0,0,0,0,0,0,0,0,0,14000,0,0,0,14000,0,14000,14000
4572,駐龍            ,18000,4000,14000,0,0,0,0,0,0,0,0,0,0,0,0,0,14000
068036,緯創元富02購01  ,0,0,0,0,0,0,0,0,0,13000,0,0,0,15000,2000,13000,13000
068030,台積電元富07購10,0,0,0,0,0,0,0,0,0,13000,0,0,0,13000,0,13000,13000
067311,欣興元大01購06  ,0,0,0,0,0,0,0,0,0,13000,0,0,0,13000,0,13000,13000
067225,巨大元大01購03  ,0,0,0,0,0,0,0,0,0,13000,0,0,0,42000,29000,13000,13000
068787,國巨凱基02購09  ,0,0,0,0,0,0,0,0,0,13000,0,0,0,22000,9000,13000,13000
068559,鴻海元大01購29  ,0,0,0,0,0,0,0,0,0,13000,0,0,0,15000,2000,13000,13000
068329,義隆元大01購07  ,0,0,0,0,0,0,0,0,0,13000,0,0,0,55000,42000,13000,13000
068270,建準永豐01購01  ,0,0,0,0,0,0,0,0,0,13000,0,0,0,267000,254000,13000,13000
059876,智易凱基99購02  ,0,0,0,0,0,0,0,0,0,13000,0,0,0,13000,0,13000,13000
054589,聯鈞國泰99購01  ,0,0,0,0,0,0,0,0,0,13000,0,0,0,30000,17000,13000,13000
03268P,可成元大02售01  ,0,0,0,0,0,0,0,0,0,13000,0,0,0,17000,4000,13000,13000
053377,台積電元大98購01,0,0,0,0,0,0,0,0,0,13000,0,0,0,13000,0,13000,13000
053082,聯電元大98購03  ,0,0,0,0,0,0,0,0,0,13000,0,0,0,13000,0,13000,13000
058854,樺漢群益9B購01  ,0,0,0,0,0,0,0,0,0,13000,0,0,0,13000,0,13000,13000
058495,元大金群益9B購01,0,0,0,0,0,0,0,0,0,13000,0,0,0,229000,216000,13000,13000
057972,群創富邦9C購01  ,0,0,0,0,0,0,0,0,0,13000,0,0,0,24000,11000,13000,13000
061349,嘉澤元大9A購02  ,0,0,0,0,0,0,0,0,0,13000,0,0,0,24000,11000,13000,13000
062005,旺宏國泰01購01  ,0,0,0,0,0,0,0,0,0,13000,0,0,0,13000,0,13000,13000
063228,聯茂群益9B購01  ,0,0,0,0,0,0,0,0,0,13000,0,0,0,13000,0,13000,13000
057575,世紀鋼永豐98購02,0,0,0,0,0,0,0,0,0,13000,0,0,0,14000,1000,13000,13000
060209,喬山康和9A購01  ,0,0,0,0,0,0,0,0,0,13000,0,0,0,13000,0,13000,13000
060434,台汽電永豐9A購01,0,0,0,0,0,0,0,0,0,13000,0,0,0,22000,9000,13000,13000
060470,台勝科元大9A購03,0,0,0,0,0,0,0,0,0,13000,0,0,0,50000,37000,13000,13000
061256,亞德客凱基9B購01,0,0,0,0,0,0,0,0,0,13000,0,0,0,13000,0,13000,13000
061607,台表科凱基9B購02,0,0,0,0,0,0,0,0,0,13000,0,0,0,13000,0,13000,13000
064488,台達電元大9C購01,0,0,0,0,0,0,0,0,0,13000,0,0,0,13000,0,13000,13000
063641,泰鼎元大9B購04  ,0,0,0,0,0,0,0,0,0,13000,0,0,0,15000,2000,13000,13000
065927,智原國票02購01  ,0,0,0,0,0,0,0,0,0,13000,0,0,0,13000,0,13000,13000
065952,聯發科統一03購02,0,0,0,0,0,0,0,0,0,13000,0,0,0,13000,0,13000,13000
066607,台郡永豐01購01  ,0,0,0,0,0,0,0,0,0,13000,0,0,0,18000,5000,13000,13000
065633,聯發科國票01購02,0,0,0,0,0,0,0,0,0,13000,0,0,0,45000,32000,13000,13000
065492,台灣50富邦03購02,0,0,0,0,0,0,0,0,0,13000,0,0,0,13000,0,13000,13000
065395,致茂群益01購01  ,0,0,0,0,0,0,0,0,0,13000,0,0,0,60000,47000,13000,13000
912000,晨訊科-DR       ,13000,0,13000,0,0,0,0,0,0,0,0,0,0,0,0,0,13000
08668P,燿華群益01售01  ,0,0,0,0,0,0,0,0,0,13000,0,0,0,24000,11000,13000,13000
08617P,緯創元富9C售03  ,0,0,0,0,0,0,0,0,0,13000,0,0,0,113000,100000,13000,13000
2707,晶華            ,68000,15000,53000,0,0,0,0,40000,-40000,0,0,0,0,0,0,0,13000
068366,泰碩國泰03購02  ,0,0,0,0,0,0,0,0,0,12000,0,0,0,106000,94000,12000,12000
068453,台積電國票03購03,0,0,0,0,0,0,0,0,0,12000,0,0,0,24000,12000,12000,12000
068849,旺宏統一04購01  ,0,0,0,0,0,0,0,0,0,12000,0,0,0,12000,0,12000,12000
08015P,可成凱基9B售05  ,0,0,0,0,0,0,0,0,0,12000,0,0,0,50000,38000,12000,12000
067331,友訊凱基01購02  ,0,0,0,0,0,0,0,0,0,12000,0,0,0,78000,66000,12000,12000
066961,超眾元大01購05  ,0,0,0,0,0,0,0,0,0,12000,0,0,0,12000,0,12000,12000
067945,台積電國泰03購03,0,0,0,0,0,0,0,0,0,12000,0,0,0,12000,0,12000,12000
067634,高鐵永豐01購01  ,0,0,0,0,0,0,0,0,0,12000,0,0,0,12000,0,12000,12000
067598,台積電凱基01購13,0,0,0,0,0,0,0,0,0,12000,0,0,0,12000,0,12000,12000
067769,國巨統一02購04  ,0,0,0,0,0,0,0,0,0,12000,0,0,0,125000,113000,12000,12000
060145,牧德國票9A購02  ,0,0,0,0,0,0,0,0,0,12000,0,0,0,100000,88000,12000,12000
061988,大立光元大9B購04,0,0,0,0,0,0,0,0,0,12000,0,0,0,50000,38000,12000,12000
061334,華通元大9A購09  ,0,0,0,0,0,0,0,0,0,12000,0,0,0,12000,0,12000,12000
058314,欣興富邦9B購01  ,0,0,0,0,0,0,0,0,0,12000,0,0,0,12000,0,12000,12000
059632,聯發科凱基01購01,0,0,0,0,0,0,0,0,0,12000,0,0,0,12000,0,12000,12000
00714,群益道瓊美國地產,0,2000,-2000,0,0,0,0,0,0,14000,0,0,0,14000,0,14000,12000
058737,鴻海第一01購01  ,0,0,0,0,0,0,0,0,0,12000,0,0,0,12000,0,12000,12000
058706,聯鈞元大9C購01  ,0,0,0,0,0,0,0,0,0,12000,0,0,0,12000,0,12000,12000
062149,牧德國票9B購01  ,0,0,0,0,0,0,0,0,0,12000,0,0,0,50000,38000,12000,12000
063389,大立光兆豐9C購02,0,0,0,0,0,0,0,0,0,12000,0,0,0,13000,1000,12000,12000
063337,國巨統一02購02  ,0,0,0,0,0,0,0,0,0,12000,0,0,0,17000,5000,12000,12000
063440,上銀統一01購02  ,0,0,0,0,0,0,0,0,0,12000,0,0,0,15000,3000,12000,12000
063708,上銀凱基9B購06  ,0,0,0,0,0,0,0,0,0,12000,0,0,0,100000,88000,12000,12000
061471,台積電元大9A購31,0,0,0,0,0,0,0,0,0,12000,0,0,0,12000,0,12000,12000
064394,全新永豐9C購02  ,0,0,0,0,0,0,0,0,0,12000,0,0,0,12000,0,12000,12000
060343,台積電統一9C購02,0,0,0,0,0,0,0,0,0,12000,0,0,0,12000,0,12000,12000
060350,元黃金元富9B購01,0,0,0,0,0,0,0,0,0,12000,0,0,0,12000,0,12000,12000
061894,台積電永豐9B購01,0,0,0,0,0,0,0,0,0,12000,0,0,0,12000,0,12000,12000
061168,力成兆豐9A購01  ,0,0,0,0,0,0,0,0,0,12000,0,0,0,21000,9000,12000,12000
061109,臻鼎元大9A購03  ,0,0,0,0,0,0,0,0,0,12000,0,0,0,12000,0,12000,12000
065601,聯發科元大01購05,0,0,0,0,0,0,0,0,0,12000,0,0,0,12000,0,12000,12000
064969,達新元大9C購01  ,0,0,0,0,0,0,0,0,0,12000,0,0,0,12000,0,12000,12000
064752,台達電凱基01購01,0,0,0,0,0,0,0,0,0,12000,0,0,0,12000,0,12000,12000
064005,義隆凱基01購01  ,0,0,0,0,0,0,0,0,0,12000,0,0,0,29000,17000,12000,12000
063932,世芯統一01購01  ,0,0,0,0,0,0,0,0,0,12000,0,0,0,12000,0,12000,12000
063847,聯發科元大9C購03,0,0,0,0,0,0,0,0,0,12000,0,0,0,27000,15000,12000,12000
066314,台橡永豐01購01  ,0,0,0,0,0,0,0,0,0,12000,0,0,0,112000,100000,12000,12000
066447,智伸科群益01購02,0,0,0,0,0,0,0,0,0,12000,0,0,0,324000,312000,12000,12000
065777,正崴國泰03購01  ,0,0,0,0,0,0,0,0,0,12000,0,0,0,32000,20000,12000,12000
065976,牧德元大02購02  ,0,0,0,0,0,0,0,0,0,12000,0,0,0,112000,100000,12000,12000
4566,時碩工業        ,14000,2000,12000,0,0,0,0,0,0,0,0,0,0,0,0,0,12000
067552,亞光兆豐01購01  ,0,0,0,0,0,0,0,0,0,11000,0,0,0,52000,41000,11000,11000
067957,玉晶光永豐01購09,0,0,0,0,0,0,0,0,0,11000,0,0,0,11000,0,11000,11000
067883,元金2X群益01購02,0,0,0,0,0,0,0,0,0,11000,0,0,0,11000,0,11000,11000
066927,亞德客國票02購01,0,0,0,0,0,0,0,0,0,11000,0,0,0,81000,70000,11000,11000
066951,長榮航元大01購01,0,0,0,0,0,0,0,0,0,11000,0,0,0,11000,0,11000,11000
067346,巨大凱基02購01  ,0,0,0,0,0,0,0,0,0,11000,0,0,0,60000,49000,11000,11000
07285P,上証2X群益01售02,0,0,0,0,0,0,0,0,0,11000,0,0,0,310000,299000,11000,11000
068602,智邦凱基01購01  ,0,0,0,0,0,0,0,0,0,11000,0,0,0,24000,13000,11000,11000
059847,喬山永豐99購01  ,0,0,0,0,0,0,0,0,0,11000,0,0,0,27000,16000,11000,11000
059912,國巨元大99購28  ,0,0,0,0,0,0,0,0,0,11000,0,0,0,29000,18000,11000,11000
057374,禾伸堂元大99購03,0,0,0,0,0,0,0,0,0,11000,0,0,0,11000,0,11000,11000
055523,道瓊銀群益9A購01,0,0,0,0,0,0,0,0,0,11000,0,0,0,11000,0,11000,11000
056914,臺股指元大99購09,0,0,0,0,0,0,0,0,0,11000,0,0,0,11000,0,11000,11000
056970,TPK永豐98購01   ,0,0,0,0,0,0,0,0,0,11000,0,0,0,11000,0,11000,11000
03299P,華通元富02售04  ,0,0,0,0,0,0,0,0,0,11000,0,0,0,31000,20000,11000,11000
053294,聯發科中信9C購01,0,0,0,0,0,0,0,0,0,11000,0,0,0,11000,0,11000,11000
059512,晶豪科永豐99購02,0,0,0,0,0,0,0,0,0,11000,0,0,0,32000,21000,11000,11000
059021,台積電統一9B購07,0,0,0,0,0,0,0,0,0,11000,0,0,0,11000,0,11000,11000
059168,奇力新凱基99購05,0,0,0,0,0,0,0,0,0,11000,0,0,0,44000,33000,11000,11000
059277,群創元大99購05  ,0,0,0,0,0,0,0,0,0,11000,0,0,0,13000,2000,11000,11000
058229,為升元大99購02  ,0,0,0,0,0,0,0,0,0,11000,0,0,0,11000,0,11000,11000
058514,潤泰全元大99購01,0,0,0,0,0,0,0,0,0,11000,0,0,0,100000,89000,11000,11000
060645,台表科永豐9A購02,0,0,0,0,0,0,0,0,0,11000,0,0,0,11000,0,11000,11000
057539,南茂元大98購02  ,0,0,0,0,0,0,0,0,0,11000,0,0,0,11000,0,11000,11000
060310,瑞昱永豐9A購01  ,0,0,0,0,0,0,0,0,0,11000,0,0,0,11000,0,11000,11000
060370,滬深2X元富04購01,0,0,0,0,0,0,0,0,0,11000,0,0,0,18000,7000,11000,11000
063078,元金2X凱基02購03,0,0,0,0,0,0,0,0,0,11000,0,0,0,12000,1000,11000,11000
061162,南電群益9A購02  ,0,0,0,0,0,0,0,0,0,11000,0,0,0,11000,0,11000,11000
064215,康控凱基02購01  ,0,0,0,0,0,0,0,0,0,11000,0,0,0,11000,0,11000,11000
064403,正崴凱基01購01  ,0,0,0,0,0,0,0,0,0,11000,0,0,0,20000,9000,11000,11000
064470,世紀鋼元富03購01,0,0,0,0,0,0,0,0,0,11000,0,0,0,12000,1000,11000,11000
062047,緯穎凱基9B購01  ,0,0,0,0,0,0,0,0,0,11000,0,0,0,11000,0,11000,11000
062058,瑞昱統一01購01  ,0,0,0,0,0,0,0,0,0,11000,0,0,0,63000,52000,11000,11000
062644,中環國泰9C購01  ,0,0,0,0,0,0,0,0,0,11000,0,0,0,18000,7000,11000,11000
062874,微星兆豐9B購01  ,0,0,0,0,0,0,0,0,0,11000,0,0,0,11000,0,11000,11000
063029,喬山凱基9B購01  ,0,0,0,0,0,0,0,0,0,11000,0,0,0,12000,1000,11000,11000
063358,華擎國泰01購01  ,0,0,0,0,0,0,0,0,0,11000,0,0,0,11000,0,11000,11000
062310,南亞科凱基9B購02,0,0,0,0,0,0,0,0,0,11000,0,0,0,71000,60000,11000,11000
063628,華通元大9B購09  ,0,0,0,0,0,0,0,0,0,11000,0,0,0,11000,0,11000,11000
06613P,華新科富邦9A售03,0,0,0,0,0,0,0,0,0,11000,0,0,0,11000,0,11000,11000
066261,華碩元大01購01  ,0,0,0,0,0,0,0,0,0,11000,0,0,0,472000,461000,11000,11000
065656,聯發科國泰03購01,0,0,0,0,0,0,0,0,0,11000,0,0,0,11000,0,11000,11000
066441,聯強群益01購01  ,0,0,0,0,0,0,0,0,0,11000,0,0,0,11000,0,11000,11000
066534,華通台新01購02  ,0,0,0,0,0,0,0,0,0,11000,0,0,0,188000,177000,11000,11000
066801,奇鋐凱基01購02  ,0,0,0,0,0,0,0,0,0,11000,0,0,0,111000,100000,11000,11000
064666,華新科元大02購01,0,0,0,0,0,0,0,0,0,11000,0,0,0,81000,70000,11000,11000
064689,台積電群益9C購09,0,0,0,0,0,0,0,0,0,11000,0,0,0,11000,0,11000,11000
064863,台積電永豐9C購01,0,0,0,0,0,0,0,0,0,11000,0,0,0,11000,0,11000,11000
065107,道瓊反國票9C購03,0,0,0,0,0,0,0,0,0,11000,0,0,0,11000,0,11000,11000
1587,吉茂            ,18000,8000,10000,0,0,0,0,0,0,1000,2000,1000,1000,0,0,0,11000
08567P,台勝科群益9C售01,0,0,0,0,0,0,0,0,0,11000,0,0,0,11000,0,11000,11000
08843P,台表科凱基01售01,0,0,0,0,0,0,0,0,0,11000,0,0,0,62000,51000,11000,11000
068598,台積電凱基01購25,0,0,0,0,0,0,0,0,0,10000,0,0,0,10000,0,10000,10000
068510,鴻海統一03購06  ,0,0,0,0,0,0,0,0,0,10000,0,0,0,40000,30000,10000,10000
068690,喬山凱基03購01  ,0,0,0,0,0,0,0,0,0,10000,0,0,0,10000,0,10000,10000
068682,神達富邦03購01  ,0,0,0,0,0,0,0,0,0,10000,0,0,0,10000,0,10000,10000
07451P,鴻海元大9B售01  ,0,0,0,0,0,0,0,0,0,10000,0,0,0,10000,0,10000,10000
07358P,鴻海元大99售39  ,0,0,0,0,0,0,0,0,0,10000,0,0,0,30000,20000,10000,10000
07031P,台灣50中信03售02,0,0,0,0,0,0,0,0,0,10000,0,0,0,80000,70000,10000,10000
07011P,宏達電凱基99售02,0,0,0,0,0,0,0,0,0,10000,0,0,0,20000,10000,10000,10000
07996P,亞德客凱基9B售03,0,0,0,0,0,0,0,0,0,10000,0,0,0,31000,21000,10000,10000
08000P,奇鋐凱基9B售03  ,0,0,0,0,0,0,0,0,0,10000,0,0,0,10000,0,10000,10000
07812P,大立光統一9A售06,0,0,0,0,0,0,0,0,0,10000,0,0,0,20000,10000,10000,10000
07800P,華新科國泰9B售04,0,0,0,0,0,0,0,0,0,10000,0,0,0,16000,6000,10000,10000
07939P,台積電統一9B售14,0,0,0,0,0,0,0,0,0,10000,0,0,0,10000,0,10000,10000
07703P,玉晶光中信9B售03,0,0,0,0,0,0,0,0,0,10000,0,0,0,10000,0,10000,10000
07712P,茂林元大9A售03  ,0,0,0,0,0,0,0,0,0,10000,0,0,0,10000,0,10000,10000
07519P,臺股指元大9B售10,0,0,0,0,0,0,0,0,0,10000,0,0,0,10000,0,10000,10000
067349,中化群益02購01  ,0,0,0,0,0,0,0,0,0,10000,0,0,0,10000,0,10000,10000
067232,友訊群益01購05  ,0,0,0,0,0,0,0,0,0,10000,0,0,0,40000,30000,10000,10000
067430,中工凱基05購01  ,0,0,0,0,0,0,0,0,0,10000,0,0,0,10000,0,10000,10000
066906,聯發科凱基03購03,0,0,0,0,0,0,0,0,0,10000,0,0,0,10000,0,10000,10000
067098,台積電群益01購10,0,0,0,0,0,0,0,0,0,10000,0,0,0,10000,0,10000,10000
067887,英業達群益01購02,0,0,0,0,0,0,0,0,0,10000,0,0,0,10000,0,10000,10000
067924,台積電兆豐03購03,0,0,0,0,0,0,0,0,0,10000,0,0,0,10000,0,10000,10000
067870,玉晶光元大01購07,0,0,0,0,0,0,0,0,0,10000,0,0,0,10000,0,10000,10000
068054,玉晶光統一03購04,0,0,0,0,0,0,0,0,0,10000,0,0,0,30000,20000,10000,10000
068109,上証2X元富07購03,0,0,0,0,0,0,0,0,0,10000,0,0,0,10000,0,10000,10000
067549,聯電中信03購01  ,0,0,0,0,0,0,0,0,0,10000,0,0,0,10000,0,10000,10000
067581,聯電群益03購01  ,0,0,0,0,0,0,0,0,0,10000,0,0,0,10000,0,10000,10000
067786,緯創群益04購01  ,0,0,0,0,0,0,0,0,0,10000,0,0,0,113000,103000,10000,10000
067832,鴻海統一02購04  ,0,0,0,0,0,0,0,0,0,10000,0,0,0,10000,0,10000,10000
067696,欣興兆豐03購01  ,0,0,0,0,0,0,0,0,0,10000,0,0,0,37000,27000,10000,10000
060303,宏達電富邦9B購01,0,0,0,0,0,0,0,0,0,10000,0,0,0,10000,0,10000,10000
057472,T50正2元大9B購03,0,0,0,0,0,0,0,0,0,10000,0,0,0,10000,0,10000,10000
057530,奇鋐元大99購01  ,0,0,0,0,0,0,0,0,0,10000,0,0,0,10000,0,10000,10000
057699,可成群益9A購02  ,0,0,0,0,0,0,0,0,0,10000,0,0,0,10000,0,10000,10000
057723,臺股指元富98購02,0,0,0,0,0,0,0,0,0,10000,0,0,0,10000,0,10000,10000
058016,智邦凱基98購06  ,0,0,0,0,0,0,0,0,0,10000,0,0,0,10000,0,10000,10000
060134,鈺齊群益9A購01  ,0,0,0,0,0,0,0,0,0,10000,0,0,0,20000,10000,10000,10000
058931,玉晶光統一9C購01,0,0,0,0,0,0,0,0,0,10000,0,0,0,11000,1000,10000,10000
060649,國巨第一9A購01  ,0,0,0,0,0,0,0,0,0,10000,0,0,0,20000,10000,10000,10000
060666,聯茂凱基9A購02  ,0,0,0,0,0,0,0,0,0,10000,0,0,0,10000,0,10000,10000
058084,大立光群益98購04,0,0,0,0,0,0,0,0,0,10000,0,0,0,40000,30000,10000,10000
058150,中502X統一9B購01,0,0,0,0,0,0,0,0,0,10000,0,0,0,20000,10000,10000,10000
061989,晶技元大9B購04  ,0,0,0,0,0,0,0,0,0,10000,0,0,0,11000,1000,10000,10000
063260,信邦富邦9B購01  ,0,0,0,0,0,0,0,0,0,10000,0,0,0,10000,0,10000,10000
058515,健鼎元大99購01  ,0,0,0,0,0,0,0,0,0,10000,0,0,0,10000,0,10000,10000
058536,群創統一9B購01  ,0,0,0,0,0,0,0,0,0,10000,0,0,0,30000,20000,10000,10000
058547,世紀鋼富邦9A購01,0,0,0,0,0,0,0,0,0,10000,0,0,0,10000,0,10000,10000
058590,南電中信9A購02  ,0,0,0,0,0,0,0,0,0,10000,0,0,0,10000,0,10000,10000
058601,台積電元大99購10,0,0,0,0,0,0,0,0,0,10000,0,0,0,10000,0,10000,10000
057991,健策統一9C購01  ,0,0,0,0,0,0,0,0,0,10000,0,0,0,19000,9000,10000,10000
058956,健策國票9A購02  ,0,0,0,0,0,0,0,0,0,10000,0,0,0,10000,0,10000,10000
057905,臺股指永豐98購06,0,0,0,0,0,0,0,0,0,10000,0,0,0,10000,0,10000,10000
058238,奇鋐元大99購02  ,0,0,0,0,0,0,0,0,0,10000,0,0,0,10000,0,10000,10000
058246,帆宣元大99購01  ,0,0,0,0,0,0,0,0,0,10000,0,0,0,10000,0,10000,10000
058221,上銀統一99購04  ,0,0,0,0,0,0,0,0,0,10000,0,0,0,20000,10000,10000,10000
059964,元金2X凱基99購02,0,0,0,0,0,0,0,0,0,10000,0,0,0,10000,0,10000,10000
058355,旺宏凱基99購04  ,0,0,0,0,0,0,0,0,0,10000,0,0,0,10000,0,10000,10000
058375,群創凱基9B購04  ,0,0,0,0,0,0,0,0,0,10000,0,0,0,72000,62000,10000,10000
058433,台積電統一9B購04,0,0,0,0,0,0,0,0,0,10000,0,0,0,10000,0,10000,10000
059278,群創元大9A購04  ,0,0,0,0,0,0,0,0,0,10000,0,0,0,14000,4000,10000,10000
059162,國巨凱基99購12  ,0,0,0,0,0,0,0,0,0,10000,0,0,0,29000,19000,10000,10000
059173,矽力凱基99購01  ,0,0,0,0,0,0,0,0,0,10000,0,0,0,10000,0,10000,10000
059174,訊芯凱基99購01  ,0,0,0,0,0,0,0,0,0,10000,0,0,0,20000,10000,10000,10000
059166,友達凱基99購05  ,0,0,0,0,0,0,0,0,0,10000,0,0,0,10000,0,10000,10000
059120,致伸永豐99購01  ,0,0,0,0,0,0,0,0,0,10000,0,0,0,10000,0,10000,10000
059129,麗豐中信99購01  ,0,0,0,0,0,0,0,0,0,10000,0,0,0,16000,6000,10000,10000
059533,富邦金凱基99購01,0,0,0,0,0,0,0,0,0,10000,0,0,0,45000,35000,10000,10000
059471,華新科元大99購17,0,0,0,0,0,0,0,0,0,10000,0,0,0,10000,0,10000,10000
059345,禾伸堂凱基99購03,0,0,0,0,0,0,0,0,0,10000,0,0,0,10000,0,10000,10000
059359,精元永豐99購01  ,0,0,0,0,0,0,0,0,0,10000,0,0,0,10000,0,10000,10000
059641,群創凱基99購06  ,0,0,0,0,0,0,0,0,0,10000,0,0,0,10000,0,10000,10000
058812,台積電統一9B購06,0,0,0,0,0,0,0,0,0,10000,0,0,0,10000,0,10000,10000
053058,台光電永昌99購01,0,0,0,0,0,0,0,0,0,10000,0,0,0,10000,0,10000,10000
053565,台光電富邦98購01,0,0,0,0,0,0,0,0,0,10000,0,0,0,10000,0,10000,10000
051847,香港反中信99購01,0,0,0,0,0,0,0,0,0,10000,0,0,0,10000,0,10000,10000
03857P,聯發科元富99售02,0,0,0,0,0,0,0,0,0,10000,0,0,0,10000,0,10000,10000
046384,群創凱基98購02  ,0,0,0,0,0,0,0,0,0,10000,0,0,0,10000,0,10000,10000
056313,聯茂元大98購01  ,0,0,0,0,0,0,0,0,0,10000,0,0,0,10000,0,10000,10000
03099P,玉晶光凱基03售01,0,0,0,0,0,0,0,0,0,10000,0,0,0,10000,0,10000,10000
056276,同欣電國泰98購01,0,0,0,0,0,0,0,0,0,10000,0,0,0,10000,0,10000,10000
056156,禾伸堂凱基98購04,0,0,0,0,0,0,0,0,0,10000,0,0,0,20000,10000,10000,10000
056954,聯詠富邦9A購01  ,0,0,0,0,0,0,0,0,0,10000,0,0,0,10000,0,10000,10000
056867,華通麥證98購01  ,0,0,0,10000,0,10000,0,0,0,10000,0,0,0,10000,0,10000,10000
056768,宏達電元大99購03,0,0,0,0,0,0,0,0,0,10000,0,0,0,32000,22000,10000,10000
057128,台光電凱基98購03,0,0,0,0,0,0,0,0,0,10000,0,0,0,10000,0,10000,10000
057020,台積電凱基99購02,0,0,0,0,0,0,0,0,0,10000,0,0,0,10000,0,10000,10000
056995,華新科日盛99購01,0,0,0,0,0,0,0,0,0,10000,0,0,0,10000,0,10000,10000
055486,國巨元大98購06  ,0,0,0,0,0,0,0,0,0,10000,0,0,0,170000,160000,10000,10000
055022,精元國泰99購01  ,0,0,0,0,0,0,0,0,0,10000,0,0,0,123000,113000,10000,10000
055439,台表科國票98購02,0,0,0,0,0,0,0,0,0,10000,0,0,0,10000,0,10000,10000
055415,禾伸堂富邦9B購01,0,0,0,0,0,0,0,0,0,10000,0,0,0,10000,0,10000,10000
055425,聚陽群益99購01  ,0,0,0,0,0,0,0,0,0,10000,0,0,0,10000,0,10000,10000
054308,嘉晶凱基98購01  ,0,0,0,0,0,0,0,0,0,10000,0,0,0,10000,0,10000,10000
053901,T50反1凱基99購03,0,0,0,0,0,0,0,0,0,10000,0,0,0,10000,0,10000,10000
056453,禾伸堂凱基99購02,0,0,0,0,0,0,0,0,0,10000,0,0,0,10000,0,10000,10000
057772,台積電群益99購01,0,0,0,0,0,0,0,0,0,10000,0,0,0,10000,0,10000,10000
057774,台光電群益99購02,0,0,0,0,0,0,0,0,0,10000,0,0,0,10000,0,10000,10000
059934,華通永豐99購02  ,0,0,0,0,0,0,0,0,0,10000,0,0,0,10000,0,10000,10000
059869,友達凱基99購07  ,0,0,0,0,0,0,0,0,0,10000,0,0,0,10000,0,10000,10000
058693,旭富國票9A購01  ,0,0,0,0,0,0,0,0,0,10000,0,0,0,30000,20000,10000,10000
058694,鈺齊國票9A購02  ,0,0,0,0,0,0,0,0,0,10000,0,0,0,10000,0,10000,10000
063141,聯發科統一9C購10,0,0,0,0,0,0,0,0,0,10000,0,0,0,10000,0,10000,10000
063619,聯發科兆豐01購01,0,0,0,0,0,0,0,0,0,10000,0,0,0,10000,0,10000,10000
063115,台積電麥證9B購02,0,0,0,10000,0,10000,0,0,0,10000,0,0,0,10000,0,10000,10000
063120,台光電元大9C購01,0,0,0,0,0,0,0,0,0,10000,0,0,0,10000,0,10000,10000
062088,緯穎元大9B購04  ,0,0,0,0,0,0,0,0,0,10000,0,0,0,76000,66000,10000,10000
062128,祥碩統一01購01  ,0,0,0,0,0,0,0,0,0,10000,0,0,0,10000,0,10000,10000
063351,億豐統一9B購01  ,0,0,0,0,0,0,0,0,0,10000,0,0,0,10000,0,10000,10000
063315,京元電群益9B購03,0,0,0,0,0,0,0,0,0,10000,0,0,0,10000,0,10000,10000
063300,華通凱基9B購05  ,0,0,0,0,0,0,0,0,0,10000,0,0,0,20000,10000,10000,10000
062513,玉晶光國票9C購01,0,0,0,0,0,0,0,0,0,10000,0,0,0,15000,5000,10000,10000
063534,鴻海統一9B購07  ,0,0,0,0,0,0,0,0,0,10000,0,0,0,10000,0,10000,10000
063551,美食國票9B購02  ,0,0,0,0,0,0,0,0,0,10000,0,0,0,10000,0,10000,10000
062562,瑞儀凱基9B購02  ,0,0,0,0,0,0,0,0,0,10000,0,0,0,20000,10000,10000,10000
062559,嘉晶凱基9B購02  ,0,0,0,0,0,0,0,0,0,10000,0,0,0,15000,5000,10000,10000
063014,技嘉元大9B購03  ,0,0,0,0,0,0,0,0,0,10000,0,0,0,10000,0,10000,10000
063051,仁寶統一01購01  ,0,0,0,0,0,0,0,0,0,10000,0,0,0,96000,86000,10000,10000
062987,祥碩中信01購01  ,0,0,0,0,0,0,0,0,0,10000,0,0,0,10000,0,10000,10000
062995,聚陽國票9C購01  ,0,0,0,0,0,0,0,0,0,10000,0,0,0,10000,0,10000,10000
062660,神隆群益9B購02  ,0,0,0,0,0,0,0,0,0,10000,0,0,0,79000,69000,10000,10000
062898,華通元大9B購05  ,0,0,0,0,0,0,0,0,0,10000,0,0,0,10000,0,10000,10000
062904,台光電元大9B購06,0,0,0,0,0,0,0,0,0,10000,0,0,0,10000,0,10000,10000
062652,上証2X永豐9B購01,0,0,0,0,0,0,0,0,0,10000,0,0,0,22000,12000,10000,10000
062591,新日興統一9C購01,0,0,0,0,0,0,0,0,0,10000,0,0,0,10000,0,10000,10000
063684,上銀永豐9B購02  ,0,0,0,0,0,0,0,0,0,10000,0,0,0,30000,20000,10000,10000
062796,技嘉統一9C購01  ,0,0,0,0,0,0,0,0,0,10000,0,0,0,34000,24000,10000,10000
062681,全新統一01購01  ,0,0,0,0,0,0,0,0,0,10000,0,0,0,20000,10000,10000,10000
062718,技嘉凱基9B購01  ,0,0,0,0,0,0,0,0,0,10000,0,0,0,10000,0,10000,10000
061419,國巨元大9A購21  ,0,0,0,0,0,0,0,0,0,10000,0,0,0,10000,0,10000,10000
062343,中石化群益9B購01,0,0,0,0,0,0,0,0,0,10000,0,0,0,10000,0,10000,10000
061400,可成兆豐9B購02  ,0,0,0,0,0,0,0,0,0,10000,0,0,0,75000,65000,10000,10000
061402,矽創兆豐9B購01  ,0,0,0,0,0,0,0,0,0,10000,0,0,0,10000,0,10000,10000
06448P,華通元大99售01  ,0,0,0,0,0,0,0,0,0,10000,0,0,0,183000,173000,10000,10000
064415,群創麥證9C購01  ,0,0,0,21000,10000,11000,0,0,0,10000,0,0,0,21000,11000,10000,10000
064384,聯電富邦01購01  ,0,0,0,0,0,0,0,0,0,10000,0,0,0,10000,0,10000,10000
06437P,玉晶光國票99售01,0,0,0,0,0,0,0,0,0,10000,0,0,0,10000,0,10000,10000
064351,中租元大9C購01  ,0,0,0,0,0,0,0,0,0,10000,0,0,0,125000,115000,10000,10000
064117,中興電元大9C購01,0,0,0,0,0,0,0,0,0,10000,0,0,0,17000,7000,10000,10000
064138,亞德客統一01購02,0,0,0,0,0,0,0,0,0,10000,0,0,0,10000,0,10000,10000
060314,元翎永豐9A購01  ,0,0,0,0,0,0,0,0,0,10000,0,0,0,10000,0,10000,10000
061898,茂林永豐9B購01  ,0,0,0,0,0,0,0,0,0,10000,0,0,0,10000,0,10000,10000
060342,台積電統一02購01,0,0,0,0,0,0,0,0,0,10000,0,0,0,10000,0,10000,10000
061833,華新科凱基02購01,0,0,0,0,0,0,0,0,0,10000,0,0,0,99000,89000,10000,10000
061648,緯穎元大9A購04  ,0,0,0,0,0,0,0,0,0,10000,0,0,0,10000,0,10000,10000
06166P,大立光國票98售01,0,0,0,0,0,0,0,0,0,10000,0,0,0,10000,0,10000,10000
061708,同欣電國票9A購02,0,0,0,0,0,0,0,0,0,10000,0,0,0,10000,0,10000,10000
061155,華新科群益9A購06,0,0,0,0,0,0,0,0,0,10000,0,0,0,10000,0,10000,10000
061520,健策中信9A購01  ,0,0,0,0,0,0,0,0,0,10000,0,0,0,23000,13000,10000,10000
061566,華通元大9A購10  ,0,0,0,0,0,0,0,0,0,10000,0,0,0,10000,0,10000,10000
063069,道瓊銀富邦05購01,0,0,0,0,0,0,0,0,0,10000,0,0,0,10000,0,10000,10000
061068,祥碩凱基9B購01  ,0,0,0,0,0,0,0,0,0,10000,0,0,0,20000,10000,10000,10000
061026,南電富邦9B購01  ,0,0,0,0,0,0,0,0,0,10000,0,0,0,10000,0,10000,10000
061033,台光電永豐9A購01,0,0,0,0,0,0,0,0,0,10000,0,0,0,10000,0,10000,10000
060476,瑞祺元大9A購02  ,0,0,0,0,0,0,0,0,0,10000,0,0,0,10000,0,10000,10000
060477,和潤元大9A購01  ,0,0,0,0,0,0,0,0,0,10000,0,0,0,10000,0,10000,10000
060521,鴻海中信01購03  ,0,0,0,0,0,0,0,0,0,10000,0,0,0,10000,0,10000,10000
060556,緯穎凱基9A購04  ,0,0,0,0,0,0,0,0,0,10000,0,0,0,10000,0,10000,10000
060552,群創凱基9B購05  ,0,0,0,0,0,0,0,0,0,10000,0,0,0,11000,1000,10000,10000
060452,儒鴻元大9A購01  ,0,0,0,0,0,0,0,0,0,10000,0,0,0,10000,0,10000,10000
065120,臺股指富邦9C購03,0,0,0,0,0,0,0,0,0,10000,0,0,0,10000,0,10000,10000
065239,超眾凱基02購02  ,0,0,0,0,0,0,0,0,0,10000,0,0,0,10000,0,10000,10000
065195,國巨元富06購01  ,0,0,0,0,0,0,0,0,0,10000,0,0,0,56000,46000,10000,10000
064968,道瓊銀元大01購02,0,0,0,0,0,0,0,0,0,10000,0,0,0,60000,50000,10000,10000
064936,世紀鋼統一9C購02,0,0,0,0,0,0,0,0,0,10000,0,0,0,10000,0,10000,10000
064928,同欣電統一01購02,0,0,0,0,0,0,0,0,0,10000,0,0,0,10000,0,10000,10000
065067,億豐群益01購01  ,0,0,0,0,0,0,0,0,0,10000,0,0,0,10000,0,10000,10000
065602,聯發科元大9C購15,0,0,0,0,0,0,0,0,0,10000,0,0,0,10000,0,10000,10000
065593,達新元大9C購02  ,0,0,0,0,0,0,0,0,0,10000,0,0,0,10000,0,10000,10000
065479,新日興元大9C購05,0,0,0,0,0,0,0,0,0,10000,0,0,0,10000,0,10000,10000
065507,亞德客群益01購02,0,0,0,0,0,0,0,0,0,10000,0,0,0,10000,0,10000,10000
065447,緯創統一02購02  ,0,0,0,0,0,0,0,0,0,10000,0,0,0,13000,3000,10000,10000
065304,台勝科元富03購01,0,0,0,0,0,0,0,0,0,10000,0,0,0,64000,54000,10000,10000
064908,世紀鋼群益01購02,0,0,0,0,0,0,0,0,0,10000,0,0,0,14000,4000,10000,10000
064769,漢翔中信9C購01  ,0,0,0,0,0,0,0,0,0,10000,0,0,0,10000,0,10000,10000
064722,大立光統一02購03,0,0,0,0,0,0,0,0,0,10000,0,0,0,20000,10000,10000,10000
064183,聯茂富邦01購01  ,0,0,0,0,0,0,0,0,0,10000,0,0,0,35000,25000,10000,10000
064202,景碩兆豐9C購01  ,0,0,0,0,0,0,0,0,0,10000,0,0,0,10000,0,10000,10000
064687,國巨群益9C購10  ,0,0,0,0,0,0,0,0,0,10000,0,0,0,30000,20000,10000,10000
064646,群創凱基02購01  ,0,0,0,0,0,0,0,0,0,10000,0,0,0,16000,6000,10000,10000
064544,國巨凱基9C購09  ,0,0,0,0,0,0,0,0,0,10000,0,0,0,23000,13000,10000,10000
064558,台積電群益9C購08,0,0,0,0,0,0,0,0,0,10000,0,0,0,10000,0,10000,10000
063856,臺股指元大9C購09,0,0,0,0,0,0,0,0,0,10000,0,0,0,10000,0,10000,10000
063891,國巨群益9C購07  ,0,0,0,0,0,0,0,0,0,10000,0,0,0,19000,9000,10000,10000
063902,志超群益9C購01  ,0,0,0,0,0,0,0,0,0,10000,0,0,0,10000,0,10000,10000
066827,聯發科群益02購04,0,0,0,0,0,0,0,0,0,10000,0,0,0,20000,10000,10000,10000
066783,友達中信01購04  ,0,0,0,0,0,0,0,0,0,10000,0,0,0,10000,0,10000,10000
066610,台積電麥證01購02,0,0,0,10000,0,10000,0,0,0,10000,0,0,0,10000,0,10000,10000
066455,聯發科統一01購10,0,0,0,0,0,0,0,0,0,10000,0,0,0,10000,0,10000,10000
06646P,國巨元大98售16  ,0,0,0,0,0,0,0,0,0,10000,0,0,0,10000,0,10000,10000
066470,惠特統一02購01  ,0,0,0,0,0,0,0,0,0,10000,0,0,0,10000,0,10000,10000
066358,美利達永豐01購01,0,0,0,0,0,0,0,0,0,10000,0,0,0,10000,0,10000,10000
065652,超眾元大01購02  ,0,0,0,0,0,0,0,0,0,10000,0,0,0,10000,0,10000,10000
065718,健策中信9C購02  ,0,0,0,0,0,0,0,0,0,10000,0,0,0,10000,0,10000,10000
065715,勤誠群益9C購01  ,0,0,0,0,0,0,0,0,0,10000,0,0,0,15000,5000,10000,10000
065787,奇鋐永豐9C購01  ,0,0,0,0,0,0,0,0,0,10000,0,0,0,10000,0,10000,10000
065809,同欣電群益9C購03,0,0,0,0,0,0,0,0,0,10000,0,0,0,10000,0,10000,10000
066245,道瓊反元大02購01,0,0,0,0,0,0,0,0,0,10000,0,0,0,10000,0,10000,10000
066142,超眾群益01購03  ,0,0,0,0,0,0,0,0,0,10000,0,0,0,10000,0,10000,10000
065983,亞德客國泰03購01,0,0,0,0,0,0,0,0,0,10000,0,0,0,30000,20000,10000,10000
066024,金像電群益01購04,0,0,0,0,0,0,0,0,0,10000,0,0,0,10000,0,10000,10000
066067,台積電凱基02購05,0,0,0,0,0,0,0,0,0,10000,0,0,0,10000,0,10000,10000
08789P,A50正2元富01售04,0,0,0,0,0,0,0,0,0,10000,0,0,0,10000,0,10000,10000
08903P,台積電兆豐01售04,0,0,0,0,0,0,0,0,0,10000,0,0,0,10000,0,10000,10000
08941P,臺股指中信04售04,0,0,0,0,0,0,0,0,0,10000,0,0,0,10000,0,10000,10000
1215,卜蜂            ,182000,103000,79000,0,0,0,0,0,0,-69000,0,66000,-66000,2000,5000,-3000,10000
08547P,大立光中信9C售04,0,0,0,0,0,0,0,0,0,10000,0,0,0,10000,0,10000,10000
08606P,聯發科國票9C售05,0,0,0,0,0,0,0,0,0,10000,0,0,0,70000,60000,10000,10000
08381P,台灣50群益9C售06,0,0,0,0,0,0,0,0,0,10000,0,0,0,10000,0,10000,10000
08225P,臺股指凱基9B售20,0,0,0,0,0,0,0,0,0,10000,0,0,0,10000,0,10000,10000
1451,年興            ,61000,51000,10000,0,0,0,0,0,0,0,0,0,0,0,0,0,10000
2374,佳能            ,34000,24000,10000,0,0,0,0,0,0,0,0,0,0,0,0,0,10000
6205,詮欣            ,42000,31000,11000,0,0,0,0,0,0,-1000,1000,2000,-1000,0,0,0,10000
9943,好樂迪          ,22000,9000,13000,0,0,0,0,0,0,-3000,0,3000,-3000,0,0,0,10000
068066,亞德客凱基03購01,0,0,0,0,0,0,0,0,0,9000,0,0,0,14000,5000,9000,9000
067920,玉晶光永豐01購04,0,0,0,0,0,0,0,0,0,9000,0,0,0,9000,0,9000,9000
067381,康控統一03購01  ,0,0,0,0,0,0,0,0,0,9000,0,0,0,20000,11000,9000,9000
067450,聯發科國票02購01,0,0,0,0,0,0,0,0,0,9000,0,0,0,100000,91000,9000,9000
08165P,台表科永豐9B售02,0,0,0,0,0,0,0,0,0,9000,0,0,0,29000,20000,9000,9000
068844,台積電統一02購11,0,0,0,0,0,0,0,0,0,9000,0,0,0,88000,79000,9000,9000
068324,台積電元大01購43,0,0,0,0,0,0,0,0,0,9000,0,0,0,11000,2000,9000,9000
058763,和碩群益99購01  ,0,0,0,0,0,0,0,0,0,9000,0,0,0,9000,0,9000,9000
054533,泰碩國泰98購01  ,0,0,0,0,0,0,0,0,0,9000,0,0,0,9000,0,9000,9000
056772,欣興元大99購01  ,0,0,0,0,0,0,0,0,0,9000,0,0,0,9000,0,9000,9000
03684C,臺股指元大06牛01,0,0,0,0,0,0,0,0,0,9000,0,0,0,10000,1000,9000,9000
056783,國巨群益99購01  ,0,0,0,0,0,0,0,0,0,9000,0,0,0,12000,3000,9000,9000
00742,新光內需收益    ,0,0,0,0,0,0,0,0,0,9000,250000,250000,0,372000,363000,9000,9000
0053,元大電子        ,0,0,0,0,0,0,0,0,0,9000,0,0,0,13000,4000,9000,9000
058863,可成凱基99購02  ,0,0,0,0,0,0,0,0,0,9000,0,0,0,10000,1000,9000,9000
059706,嘉晶凱基99購01  ,0,0,0,0,0,0,0,0,0,9000,0,0,0,12000,3000,9000,9000
058648,聯陽永豐99購01  ,0,0,0,0,0,0,0,0,0,9000,0,0,0,19000,10000,9000,9000
057957,嘉晶元大98購01  ,0,0,0,0,0,0,0,0,0,9000,0,0,0,9000,0,9000,9000
063583,GIS國泰01購01   ,0,0,0,0,0,0,0,0,0,9000,0,0,0,20000,11000,9000,9000
061929,嘉澤凱基9B購01  ,0,0,0,0,0,0,0,0,0,9000,0,0,0,9000,0,9000,9000
060107,旭富元大99購03  ,0,0,0,0,0,0,0,0,0,9000,0,0,0,59000,50000,9000,9000
057600,大立光群益99購03,0,0,0,0,0,0,0,0,0,9000,0,0,0,10000,1000,9000,9000
061204,國巨元大9A購16  ,0,0,0,0,0,0,0,0,0,9000,0,0,0,34000,25000,9000,9000
061288,大立光統一9C購01,0,0,0,0,0,0,0,0,0,9000,0,0,0,10000,1000,9000,9000
061763,聯電元大9C購02  ,0,0,0,0,0,0,0,0,0,9000,0,0,0,9000,0,9000,9000
064615,智邦元大01購01  ,0,0,0,0,0,0,0,0,0,9000,0,0,0,12000,3000,9000,9000
064520,京鼎群益02購01  ,0,0,0,0,0,0,0,0,0,9000,0,0,0,13000,4000,9000,9000
061435,元金2X凱基9C購03,0,0,0,0,0,0,0,0,0,9000,0,0,0,9000,0,9000,9000
062877,可成兆豐9C購01  ,0,0,0,0,0,0,0,0,0,9000,0,0,0,15000,6000,9000,9000
062996,致茂國票9C購01  ,0,0,0,0,0,0,0,0,0,9000,0,0,0,43000,34000,9000,9000
063021,大立光元大9C購05,0,0,0,0,0,0,0,0,0,9000,0,0,0,319000,310000,9000,9000
062538,台積電國泰9C購02,0,0,0,0,0,0,0,0,0,9000,0,0,0,9000,0,9000,9000
063361,台表科國泰01購02,0,0,0,0,0,0,0,0,0,9000,0,0,0,9000,0,9000,9000
062145,億光國票9B購01  ,0,0,0,0,0,0,0,0,0,9000,0,0,0,41000,32000,9000,9000
062218,燿華統一01購01  ,0,0,0,0,0,0,0,0,0,9000,0,0,0,199000,190000,9000,9000
066061,超眾元大01購04  ,0,0,0,0,0,0,0,0,0,9000,0,0,0,32000,23000,9000,9000
066103,神基國票02購01  ,0,0,0,0,0,0,0,0,0,9000,0,0,0,9000,0,9000,9000
066046,聯發科元大01購09,0,0,0,0,0,0,0,0,0,9000,0,0,0,9000,0,9000,9000
065739,正崴麥證9C購01  ,0,0,0,9000,0,9000,0,0,0,9000,0,0,0,9000,0,9000,9000
066307,華城永豐01購01  ,0,0,0,0,0,0,0,0,0,9000,0,0,0,60000,51000,9000,9000
063943,台光電元大9C購02,0,0,0,0,0,0,0,0,0,9000,0,0,0,12000,3000,9000,9000
064053,祥碩統一02購01  ,0,0,0,0,0,0,0,0,0,9000,0,0,0,20000,11000,9000,9000
065320,技嘉凱基9C購02  ,0,0,0,0,0,0,0,0,0,9000,0,0,0,70000,61000,9000,9000
065576,泰鼎群益9C購02  ,0,0,0,0,0,0,0,0,0,9000,0,0,0,26000,17000,9000,9000
065079,致茂元大9C購01  ,0,0,0,0,0,0,0,0,0,9000,0,0,0,143000,134000,9000,9000
1452,宏益            ,33000,24000,9000,0,0,0,0,0,0,0,0,0,0,0,0,0,9000
2415,錩新            ,20000,15000,5000,0,0,0,0,0,0,4000,4000,0,4000,0,0,0,9000
2491,吉祥全          ,16000,7000,9000,0,0,0,0,0,0,0,0,0,0,0,0,0,9000
3022,威強電          ,60000,51000,9000,0,0,0,0,0,0,0,0,0,0,0,0,0,9000
08647P,鴻海凱基9C售06  ,0,0,0,0,0,0,0,0,0,9000,0,0,0,19000,10000,9000,9000
068408,緯穎元富01購02  ,0,0,0,0,0,0,0,0,0,8000,0,0,0,8000,0,8000,8000
068781,欣興國票03購03  ,0,0,0,0,0,0,0,0,0,8000,0,0,0,63000,55000,8000,8000
08150P,立積國票9C售01  ,0,0,0,0,0,0,0,0,0,8000,0,0,0,600000,592000,8000,8000
07692P,玉晶光元大9A售11,0,0,0,0,0,0,0,0,0,8000,0,0,0,68000,60000,8000,8000
067251,長興國票01購01  ,0,0,0,0,0,0,0,0,0,8000,0,0,0,85000,77000,8000,8000
067842,微星元富07購01  ,0,0,0,0,0,0,0,0,0,8000,0,0,0,73000,65000,8000,8000
067939,玉晶光凱基02購06,0,0,0,0,0,0,0,0,0,8000,0,0,0,70000,62000,8000,8000
067929,華通凱基01購04  ,0,0,0,0,0,0,0,0,0,8000,0,0,0,686000,678000,8000,8000
067809,聯發科凱基01購17,0,0,0,0,0,0,0,0,0,8000,0,0,0,8000,0,8000,8000
058023,南電凱基98購02  ,0,0,0,0,0,0,0,0,0,8000,0,0,0,8000,0,8000,8000
060680,玉晶光元大9C購03,0,0,0,0,0,0,0,0,0,8000,0,0,0,10000,2000,8000,8000
058147,鈺齊元大99購01  ,0,0,0,0,0,0,0,0,0,8000,0,0,0,8000,0,8000,8000
063603,友達凱基9B購05  ,0,0,0,0,0,0,0,0,0,8000,0,0,0,8000,0,8000,8000
057901,大立光永豐98購04,0,0,0,0,0,0,0,0,0,8000,0,0,0,8000,0,8000,8000
057936,健策群益99購01  ,0,0,0,0,0,0,0,0,0,8000,0,0,0,12000,4000,8000,8000
058492,華通群益9B購01  ,0,0,0,0,0,0,0,0,0,8000,0,0,0,8000,0,8000,8000
058498,世紀鋼群益99購01,0,0,0,0,0,0,0,0,0,8000,0,0,0,19000,11000,8000,8000
059596,大立光元大99購20,0,0,0,0,0,0,0,0,0,8000,0,0,0,10000,2000,8000,8000
03083P,鴻海元大01售22  ,0,0,0,0,0,0,0,0,0,8000,0,0,0,8000,0,8000,8000
03132P,玉晶光台新01售01,0,0,0,0,0,0,0,0,0,8000,0,0,0,38000,30000,8000,8000
050797,聯發科中信99購01,0,0,0,0,0,0,0,0,0,8000,0,0,0,8000,0,8000,8000
051970,元黃金凱基98購01,0,0,0,0,0,0,0,0,0,8000,0,0,0,8000,0,8000,8000
054425,聯發科富邦99購03,0,0,0,0,0,0,0,0,0,8000,0,0,0,8000,0,8000,8000
059733,緯穎元大99購08  ,0,0,0,0,0,0,0,0,0,8000,0,0,0,10000,2000,8000,8000
059952,旺宏康和99購01  ,0,0,0,0,0,0,0,0,0,8000,0,0,0,8000,0,8000,8000
063151,奇鋐元富9B購01  ,0,0,0,0,0,0,0,0,0,8000,0,0,0,8000,0,8000,8000
063525,廣達凱基9B購02  ,0,0,0,0,0,0,0,0,0,8000,0,0,0,24000,16000,8000,8000
064593,鈺齊永豐9C購01  ,0,0,0,0,0,0,0,0,0,8000,0,0,0,10000,2000,8000,8000
061744,超眾凱基9B購02  ,0,0,0,0,0,0,0,0,0,8000,0,0,0,8000,0,8000,8000
06178P,大立光第一99售01,0,0,0,0,0,0,0,0,0,8000,0,0,0,8000,0,8000,8000
061851,智邦國票9B購01  ,0,0,0,0,0,0,0,0,0,8000,0,0,0,8000,0,8000,8000
061707,超眾國票9B購01  ,0,0,0,0,0,0,0,0,0,8000,0,0,0,18000,10000,8000,8000
064100,義隆群益9C購01  ,0,0,0,0,0,0,0,0,0,8000,0,0,0,10000,2000,8000,8000
064090,祥碩凱基9C購03  ,0,0,0,0,0,0,0,0,0,8000,0,0,0,28000,20000,8000,8000
064950,美律凱基02購01  ,0,0,0,0,0,0,0,0,0,8000,0,0,0,22000,14000,8000,8000
065282,國巨群益9C購14  ,0,0,0,0,0,0,0,0,0,8000,0,0,0,8000,0,8000,8000
065283,台積電群益01購01,0,0,0,0,0,0,0,0,0,8000,0,0,0,20000,12000,8000,8000
065396,微星群益01購01  ,0,0,0,0,0,0,0,0,0,8000,0,0,0,8000,0,8000,8000
064883,GIS兆豐01購01   ,0,0,0,0,0,0,0,0,0,8000,0,0,0,8000,0,8000,8000
064008,日月光凱基9C購01,0,0,0,0,0,0,0,0,0,8000,0,0,0,52000,44000,8000,8000
066392,聯強凱基01購01  ,0,0,0,0,0,0,0,0,0,8000,0,0,0,30000,22000,8000,8000
066661,友達凱基03購01  ,0,0,0,0,0,0,0,0,0,8000,0,0,0,10000,2000,8000,8000
066796,台積電凱基02購08,0,0,0,0,0,0,0,0,0,8000,0,0,0,8000,0,8000,8000
065772,道瓊反國票01購02,0,0,0,0,0,0,0,0,0,8000,0,0,0,8000,0,8000,8000
065678,聯發科統一01購07,0,0,0,0,0,0,0,0,0,8000,0,0,0,27000,19000,8000,8000
065815,微星元富9C購01  ,0,0,0,0,0,0,0,0,0,8000,0,0,0,18000,10000,8000,8000
066044,京元電元大01購01,10000,0,10000,0,0,0,0,0,0,-2000,0,0,0,330000,332000,-2000,8000
08836P,滬深2X國票02售04,0,0,0,0,0,0,0,0,0,8000,0,0,0,10000,2000,8000,8000
08929P,可成元富07售04  ,0,0,0,0,0,0,0,0,0,8000,0,0,0,71000,63000,8000,8000
08234P,華擎元富9B售03  ,0,0,0,0,0,0,0,0,0,8000,0,0,0,8000,0,8000,8000
08428P,GIS國票01售01   ,0,0,0,0,0,0,0,0,0,8000,0,0,0,20000,12000,8000,8000
2929,淘帝-KY         ,187000,178000,9000,0,0,0,0,0,0,-1000,3000,2000,1000,0,2000,-2000,8000
1524,耿鼎            ,9000,4000,5000,0,0,0,0,0,0,3000,3000,0,3000,0,0,0,8000
4144,康聯-KY         ,21000,13000,8000,0,0,0,0,0,0,0,0,0,0,0,0,0,8000
4536,拓凱            ,141000,47000,94000,0,0,0,0,30000,-30000,-56000,0,57000,-57000,5000,4000,1000,8000
5269,祥碩            ,281000,306000,-25000,0,0,0,20000,0,20000,13000,20000,7000,13000,0,0,0,8000
5283,禾聯碩          ,13000,4000,9000,0,0,0,0,0,0,-1000,1000,2000,-1000,0,0,0,8000
067944,緯穎凱基01購04  ,0,0,0,0,0,0,0,0,0,7000,0,0,0,47000,40000,7000,7000
06807P,臺股指群益98售13,0,0,0,0,0,0,0,0,0,7000,0,0,0,12000,5000,7000,7000
06810P,國巨統一99售03  ,0,0,0,0,0,0,0,0,0,7000,0,0,0,60000,53000,7000,7000
07531P,大立光國泰9B售03,0,0,0,0,0,0,0,0,0,7000,0,0,0,15000,8000,7000,7000
068482,光寶科元大01購01,0,0,0,0,0,0,0,0,0,7000,0,0,0,7000,0,7000,7000
068615,矽創凱基03購01  ,0,0,0,0,0,0,0,0,0,7000,0,0,0,186000,179000,7000,7000
059727,大立光元大9A購01,0,0,0,0,0,0,0,0,0,7000,0,0,0,53000,46000,7000,7000
058757,道瓊銀群益9A購02,0,0,0,0,0,0,0,0,0,7000,0,0,0,7000,0,7000,7000
055780,禾伸堂凱基99購01,0,0,0,0,0,0,0,0,0,7000,0,0,0,20000,13000,7000,7000
055989,矽力元富9A購01  ,0,0,0,0,0,0,0,0,0,7000,0,0,0,7000,0,7000,7000
056980,建準群益98購02  ,0,0,0,0,0,0,0,0,0,7000,0,0,0,7000,0,7000,7000
053537,玉晶光永豐98購02,0,0,0,0,0,0,0,0,0,7000,0,0,0,13000,6000,7000,7000
053559,台積電國泰98購01,0,0,0,0,0,0,0,0,0,7000,0,0,0,307000,300000,7000,7000
03082P,鴻海元大01售21  ,0,0,0,0,0,0,0,0,0,7000,0,0,0,7000,0,7000,7000
056150,台光電凱基98購02,0,0,0,0,0,0,0,0,0,7000,0,0,0,7000,0,7000,7000
03196P,台積電元富07售15,0,0,0,0,0,0,0,0,0,7000,0,0,0,10000,3000,7000,7000
059581,日月光元富99購02,0,0,0,0,0,0,0,0,0,7000,0,0,0,7000,0,7000,7000
059073,元油2X元大9C購14,0,0,0,0,0,0,0,0,0,7000,0,0,0,7000,0,7000,7000
058488,華擎國票9A購01  ,0,0,0,0,0,0,0,0,0,7000,0,0,0,7000,0,7000,7000
057981,臻鼎永豐98購01  ,0,0,0,0,0,0,0,0,0,7000,0,0,0,7000,0,7000,7000
058011,台虹國票99購01  ,0,0,0,0,0,0,0,0,0,7000,0,0,0,74000,67000,7000,7000
057475,聯電元大9A購01  ,0,0,0,0,0,0,0,0,0,7000,0,0,0,8000,1000,7000,7000
064099,億光群益9C購01  ,0,0,0,0,0,0,0,0,0,7000,0,0,0,12000,5000,7000,7000
064240,群創統一02購02  ,0,0,0,0,0,0,0,0,0,7000,0,0,0,17000,10000,7000,7000
064341,聯詠元大9C購01  ,0,0,0,0,0,0,0,0,0,7000,0,0,0,10000,3000,7000,7000
061541,旺宏群益9A購03  ,0,0,0,0,0,0,0,0,0,7000,0,0,0,22000,15000,7000,7000
063171,光寶科中信9B購01,0,0,0,0,0,0,0,0,0,7000,0,0,0,7000,0,7000,7000
063184,台光電凱基9B購03,0,0,0,0,0,0,0,0,0,7000,0,0,0,7000,0,7000,7000
060835,亞德客國票9A購01,0,0,0,0,0,0,0,0,0,7000,0,0,0,7000,0,7000,7000
060398,立積國票9B購01  ,0,0,0,0,0,0,0,0,0,7000,0,0,0,7000,0,7000,7000
062501,台積電群益9C購03,0,0,0,0,0,0,0,0,0,7000,0,0,0,12000,5000,7000,7000
063626,聚陽元大9B購03  ,0,0,0,0,0,0,0,0,0,7000,0,0,0,21000,14000,7000,7000
063778,亞德客永豐9B購02,0,0,0,0,0,0,0,0,0,7000,0,0,0,7000,0,7000,7000
062994,祥碩群益9B購05  ,0,0,0,0,0,0,0,0,0,7000,0,0,0,10000,3000,7000,7000
062947,國巨富邦01購01  ,0,0,0,0,0,0,0,0,0,7000,0,0,0,7000,0,7000,7000
062827,神基群益9B購01  ,0,0,0,0,0,0,0,0,0,7000,0,0,0,7000,0,7000,7000
061451,南電中信9A購03  ,0,0,0,0,0,0,0,0,0,7000,0,0,0,7000,0,7000,7000
062451,瀚宇博元大9B購02,0,0,0,0,0,0,0,0,0,7000,0,0,0,7000,0,7000,7000
062707,致伸元大9B購01  ,0,0,0,0,0,0,0,0,0,7000,0,0,0,15000,8000,7000,7000
066042,正崴元大02購01  ,0,0,0,0,0,0,0,0,0,7000,0,0,0,7000,0,7000,7000
066681,聯發科兆豐01購04,0,0,0,0,0,0,0,0,0,7000,0,0,0,32000,25000,7000,7000
066360,致茂中信05購01  ,0,0,0,0,0,0,0,0,0,7000,0,0,0,68000,61000,7000,7000
066284,松翰元大01購01  ,0,0,0,0,0,0,0,0,0,7000,0,0,0,230000,223000,7000,7000
066317,英利永豐01購01  ,0,0,0,0,0,0,0,0,0,7000,0,0,0,27000,20000,7000,7000
066535,台積電兆豐01購01,0,0,0,0,0,0,0,0,0,7000,0,0,0,7000,0,7000,7000
064859,南亞科富邦01購01,0,0,0,0,0,0,0,0,0,7000,0,0,0,7000,0,7000,7000
065607,聯詠元大9C購02  ,0,0,0,0,0,0,0,0,0,7000,0,0,0,15000,8000,7000,7000
8249,菱光            ,87000,72000,15000,0,0,0,0,0,0,-8000,0,8000,-8000,0,0,0,7000
3311,閎暉            ,65000,58000,7000,0,0,0,0,0,0,0,0,0,0,0,0,0,7000
3504,揚明光          ,81000,81000,0,0,0,0,0,0,0,7000,0,0,0,23000,16000,7000,7000
2421,建準            ,1888000,2231000,-343000,0,0,0,0,0,0,350000,175000,4000,171000,268000,89000,179000,7000
2838A,聯邦銀甲特      ,5000,0,5000,0,0,0,0,0,0,2000,2000,0,2000,0,0,0,7000
08578P,TPK元大9C售04   ,0,0,0,0,0,0,0,0,0,7000,0,0,0,85000,78000,7000,7000
08240P,華通中信06售03  ,0,0,0,0,0,0,0,0,0,7000,0,0,0,110000,103000,7000,7000
08648P,健策凱基9C售05  ,0,0,0,0,0,0,0,0,0,7000,0,0,0,7000,0,7000,7000
068569,健策元大01購13  ,0,0,0,0,0,0,0,0,0,6000,0,0,0,75000,69000,6000,6000
068780,國揚國票03購01  ,0,0,0,0,0,0,0,0,0,6000,0,0,0,6000,0,6000,6000
068725,京元電元大02購01,0,0,0,0,0,0,0,0,0,6000,0,0,0,225000,219000,6000,6000
068644,臺股指凱基03購10,0,0,0,0,0,0,0,0,0,6000,0,0,0,16000,10000,6000,6000
068689,亞德客凱基02購01,0,0,0,0,0,0,0,0,0,6000,0,0,0,6000,0,6000,6000
068279,台灣50中信04購04,0,0,0,0,0,0,0,0,0,6000,0,0,0,6000,0,6000,6000
068168,臺股指元大01購18,0,0,0,0,0,0,0,0,0,6000,0,0,0,8000,2000,6000,6000
07363P,大立光元大99售26,0,0,0,0,0,0,0,0,0,6000,0,0,0,26000,20000,6000,6000
07130P,台郡元大9B售01  ,0,0,0,0,0,0,0,0,0,6000,0,0,0,6000,0,6000,6000
067840,滬深2X元富04購02,0,0,0,0,0,0,0,0,0,6000,0,0,0,21000,15000,6000,6000
067795,臺股指群益01購07,0,0,0,0,0,0,0,0,0,6000,0,0,0,9000,3000,6000,6000
067275,聯發科統一02購07,0,0,0,0,0,0,0,0,0,6000,0,0,0,6000,0,6000,6000
067236,聯發科群益01購06,0,0,0,0,0,0,0,0,0,6000,0,0,0,6000,0,6000,6000
067237,國揚群益01購02  ,0,0,0,0,0,0,0,0,0,6000,0,0,0,13000,7000,6000,6000
067471,台積電元大01購26,0,0,0,0,0,0,0,0,0,6000,0,0,0,11000,5000,6000,6000
067462,台灣50元大01購27,0,0,0,0,0,0,0,0,0,6000,0,0,0,6000,0,6000,6000
067426,聯發科凱基01購14,0,0,0,0,0,0,0,0,0,6000,0,0,0,170000,164000,6000,6000
066928,台達電國票01購02,0,0,0,0,0,0,0,0,0,6000,0,0,0,8000,2000,6000,6000
063596,嘉澤中信9B購01  ,0,0,0,0,0,0,0,0,0,6000,0,0,0,54000,48000,6000,6000
063256,鴻海國泰01購02  ,0,0,0,0,0,0,0,0,0,6000,0,0,0,6000,0,6000,6000
063248,創意元大9C購01  ,0,0,0,0,0,0,0,0,0,6000,0,0,0,35000,29000,6000,6000
063241,聯發科元大9B購18,0,0,0,0,0,0,0,0,0,6000,0,0,0,6000,0,6000,6000
061974,光寶科元大9B購01,0,0,0,0,0,0,0,0,0,6000,0,0,0,10000,4000,6000,6000
058157,華通台新99購01  ,0,0,0,0,0,0,0,0,0,6000,0,0,0,6000,0,6000,6000
060604,宏達電凱基9B購01,0,0,0,0,0,0,0,0,0,6000,0,0,0,44000,38000,6000,6000
061372,世紀鋼國泰9C購01,0,0,0,0,0,0,0,0,0,6000,0,0,0,42000,36000,6000,6000
061364,國巨國票9A購09  ,0,0,0,0,0,0,0,0,0,6000,0,0,0,98000,92000,6000,6000
057897,華通富邦99購01  ,0,0,0,0,0,0,0,0,0,6000,0,0,0,6000,0,6000,6000
058659,力成中信99購01  ,0,0,0,0,0,0,0,0,0,6000,0,0,0,6000,0,6000,6000
058484,元金2X國票04購01,0,0,0,0,0,0,0,0,0,6000,0,0,0,6000,0,6000,6000
059230,滬深2X國票9B購02,0,0,0,0,0,0,0,0,0,6000,0,0,0,6000,0,6000,6000
03186P,台積電元大01售50,0,0,0,0,0,0,0,0,0,6000,0,0,0,71000,65000,6000,6000
051695,元金2X中信98購01,0,0,0,0,0,0,0,0,0,6000,0,0,0,6000,0,6000,6000
03318P,台積電元富08售12,0,0,0,0,0,0,0,0,0,6000,0,0,0,6000,0,6000,6000
00732,國泰RMB短期報酬 ,0,0,0,0,0,0,0,0,0,6000,0,0,0,106000,100000,6000,6000
03221P,和大凱基02售03  ,0,0,0,0,0,0,0,0,0,6000,0,0,0,6000,0,6000,6000
057043,台積電元大99購02,0,0,0,0,0,0,0,0,0,6000,0,0,0,6000,0,6000,6000
057268,臻鼎兆豐99購01  ,0,0,0,0,0,0,0,0,0,6000,0,0,0,6000,0,6000,6000
03680C,臺股指凱基9A牛26,0,0,0,0,0,0,0,0,0,6000,0,0,0,11000,5000,6000,6000
055661,亞德客中信98購01,0,0,0,0,0,0,0,0,0,6000,0,0,0,6000,0,6000,6000
055038,華航富邦99購01  ,0,0,0,0,0,0,0,0,0,6000,0,0,0,6000,0,6000,6000
059761,國巨永豐99購06  ,0,0,0,0,0,0,0,0,0,6000,0,0,0,12000,6000,6000,6000
058788,喬山元大99購01  ,0,0,0,0,0,0,0,0,0,6000,0,0,0,7000,1000,6000,6000
057785,智邦國票99購02  ,0,0,0,0,0,0,0,0,0,6000,0,0,0,6000,0,6000,6000
056724,臻鼎中信9A購01  ,0,0,0,0,0,0,0,0,0,6000,0,0,0,568000,562000,6000,6000
057401,晶豪科群益99購01,0,0,0,0,0,0,0,0,0,6000,0,0,0,34000,28000,6000,6000
061409,力成國票9A購02  ,0,0,0,0,0,0,0,0,0,6000,0,0,0,44000,38000,6000,6000
062944,茂林凱基9B購02  ,0,0,0,0,0,0,0,0,0,6000,0,0,0,32000,26000,6000,6000
062803,嘉晶統一9B購02  ,0,0,0,0,0,0,0,0,0,6000,0,0,0,6000,0,6000,6000
062553,台積電凱基9B購07,0,0,0,0,0,0,0,0,0,6000,0,0,0,12000,6000,6000,6000
060424,中租永豐9A購01  ,0,0,0,0,0,0,0,0,0,6000,0,0,0,34000,28000,6000,6000
060502,國巨元大9A購07  ,0,0,0,0,0,0,0,0,0,6000,0,0,0,17000,11000,6000,6000
060513,緯穎元大9B購01  ,0,0,0,0,0,0,0,0,0,6000,0,0,0,27000,21000,6000,6000
061275,臺股指凱基9A購25,0,0,0,0,0,0,0,0,0,6000,0,0,0,23000,17000,6000,6000
061270,彩晶凱基9A購02  ,0,0,0,0,0,0,0,0,0,6000,0,0,0,77000,71000,6000,6000
065643,聯發科元大01購06,0,0,0,0,0,0,0,0,0,6000,0,0,0,48000,42000,6000,6000
065565,神隆群益01購01  ,0,0,0,0,0,0,0,0,0,6000,0,0,0,30000,24000,6000,6000
065211,世芯國票01購03  ,0,0,0,0,0,0,0,0,0,6000,0,0,0,23000,17000,6000,6000
065093,新日興元大9C購03,0,0,0,0,0,0,0,0,0,6000,0,0,0,19000,13000,6000,6000
065150,上銀群益9C購03  ,0,0,0,0,0,0,0,0,0,6000,0,0,0,53000,47000,6000,6000
064181,景碩富邦9C購01  ,0,0,0,0,0,0,0,0,0,6000,0,0,0,6000,0,6000,6000
064196,健策群益01購01  ,0,0,0,0,0,0,0,0,0,6000,0,0,0,29000,23000,6000,6000
064719,聯發科統一02購01,0,0,0,0,0,0,0,0,0,6000,0,0,0,41000,35000,6000,6000
064739,智邦國票01購01  ,0,0,0,0,0,0,0,0,0,6000,0,0,0,21000,15000,6000,6000
064741,南亞科國票01購01,0,0,0,0,0,0,0,0,0,6000,0,0,0,10000,4000,6000,6000
063865,旺宏永豐9C購01  ,0,0,0,0,0,0,0,0,0,6000,0,0,0,6000,0,6000,6000
064539,玉晶光麥證01購01,0,0,0,8000,2000,6000,0,0,0,6000,0,0,0,8000,2000,6000,6000
066488,聯詠元富07購01  ,0,0,0,0,0,0,0,0,0,6000,0,0,0,6000,0,6000,6000
066799,台光電凱基01購02,0,0,0,0,0,0,0,0,0,6000,0,0,0,16000,10000,6000,6000
066251,川湖元大01購01  ,30000,0,30000,0,0,0,0,0,0,-24000,0,0,0,126000,150000,-24000,6000
065910,立積永豐9C購02  ,0,0,0,0,0,0,0,0,0,6000,0,0,0,11000,5000,6000,6000
08776P,上証2X群益03售02,0,0,0,0,0,0,0,0,0,6000,0,0,0,16000,10000,6000,6000
08871P,大立光群益01售08,0,0,0,0,0,0,0,0,0,6000,0,0,0,7000,1000,6000,6000
08262P,茂林元大9C售01  ,0,0,0,0,0,0,0,0,0,6000,0,0,0,6000,0,6000,6000
08396P,鴻海元富9C售04  ,0,0,0,0,0,0,0,0,0,6000,0,0,0,6000,0,6000,6000
08387P,臺股指群益9C售15,0,0,0,0,0,0,0,0,0,6000,0,0,0,6000,0,6000,6000
08590P,智邦凱基9C售04  ,0,0,0,0,0,0,0,0,0,6000,0,0,0,26000,20000,6000,6000
2433,互盛電          ,1000,6000,-5000,0,0,0,0,0,0,11000,14000,3000,11000,0,0,0,6000
2465,麗臺            ,8000,2000,6000,0,0,0,0,0,0,0,0,0,0,0,0,0,6000
8482,商億-KY         ,46000,40000,6000,0,0,0,0,0,0,0,0,0,0,0,0,0,6000
6164,華興            ,7000,1000,6000,0,0,0,0,0,0,0,0,0,0,0,0,0,6000
06693P,臺股指凱基98售01,0,0,0,0,0,0,0,0,0,5000,0,0,0,5000,0,5000,5000
067066,鴻海元大01購15  ,0,0,0,0,0,0,0,0,0,5000,0,0,0,10000,5000,5000,5000
067171,聯發科麥證01購08,0,0,0,5000,0,5000,0,0,0,5000,0,0,0,5000,0,5000,5000
067172,台積電兆豐03購02,0,0,0,0,0,0,0,0,0,5000,0,0,0,5000,0,5000,5000
067433,神達凱基01購01  ,0,0,0,0,0,0,0,0,0,5000,0,0,0,5000,0,5000,5000
067447,台積電國票02購04,0,0,0,0,0,0,0,0,0,5000,0,0,0,5000,0,5000,5000
067808,聯發科凱基01購16,0,0,0,0,0,0,0,0,0,5000,0,0,0,5000,0,5000,5000
067717,聯電凱基03購01  ,0,0,0,0,0,0,0,0,0,5000,0,0,0,5000,0,5000,5000
067729,台灣50元大01購29,0,0,0,0,0,0,0,0,0,5000,0,0,0,5000,0,5000,5000
068024,聚陽元富07購02  ,0,0,0,0,0,0,0,0,0,5000,0,0,0,5000,0,5000,5000
068022,聯發科台新01購01,0,0,0,0,0,0,0,0,0,5000,0,0,0,5000,0,5000,5000
067967,玉山金群益01購01,0,0,0,0,0,0,0,0,0,5000,0,0,0,5000,0,5000,5000
067886,台積電群益02購03,0,0,0,0,0,0,0,0,0,5000,0,0,0,5000,0,5000,5000
07270P,台灣50元大01售09,0,0,0,0,0,0,0,0,0,5000,0,0,0,5000,0,5000,5000
06926P,可成群益9A售04  ,0,0,0,0,0,0,0,0,0,5000,0,0,0,5000,0,5000,5000
068871,台灣50凱基03購04,0,0,0,0,0,0,0,0,0,5000,0,0,0,5000,0,5000,5000
07946P,華通統一9B售02  ,0,0,0,0,0,0,0,0,0,5000,0,0,0,5000,0,5000,5000
08145P,台灣50群益9B售11,0,0,0,0,0,0,0,0,0,5000,0,0,0,5000,0,5000,5000
08014P,微星凱基9B售02  ,0,0,0,0,0,0,0,0,0,5000,0,0,0,15000,10000,5000,5000
08018P,牧德國票9B售04  ,0,0,0,0,0,0,0,0,0,5000,0,0,0,5000,0,5000,5000
068287,鴻海群益01購10  ,0,0,0,0,0,0,0,0,0,5000,0,0,0,15000,10000,5000,5000
06826P,臺股指國票98售02,0,0,0,0,0,0,0,0,0,5000,0,0,0,5000,0,5000,5000
068347,T50反1凱基04購03,0,0,0,0,0,0,0,0,0,5000,0,0,0,5000,0,5000,5000
068584,帆宣永豐01購03  ,0,0,0,0,0,0,0,0,0,5000,0,0,0,76000,71000,5000,5000
068533,台郡元富07購03  ,0,0,0,0,0,0,0,0,0,5000,0,0,0,5000,0,5000,5000
056604,鴻海富邦9A購01  ,0,0,0,0,0,0,0,0,0,5000,0,0,0,45000,40000,5000,5000
056663,臺股指元大9A購10,0,0,0,0,0,0,0,0,0,5000,0,0,0,5000,0,5000,5000
057751,神達國票99購02  ,0,0,0,0,0,0,0,0,0,5000,0,0,0,5000,0,5000,5000
057865,富邦金凱基98購01,0,0,0,0,0,0,0,0,0,5000,0,0,0,5000,0,5000,5000
059825,嘉晶凱基99購02  ,0,0,0,0,0,0,0,0,0,5000,0,0,0,23000,18000,5000,5000
059785,美律元大9A購03  ,0,0,0,0,0,0,0,0,0,5000,0,0,0,39000,34000,5000,5000
059940,微星永豐99購01  ,0,0,0,0,0,0,0,0,0,5000,0,0,0,5000,0,5000,5000
059921,大立光元大99購24,0,0,0,0,0,0,0,0,0,5000,0,0,0,153000,148000,5000,5000
055842,建準元大98購01  ,0,0,0,0,0,0,0,0,0,5000,0,0,0,5000,0,5000,5000
054756,世紀鋼凱基99購01,0,0,0,0,0,0,0,0,0,5000,0,0,0,11000,6000,5000,5000
056015,華通群益99購01  ,0,0,0,0,0,0,0,0,0,5000,0,0,0,5000,0,5000,5000
036628,統一台新99購01  ,0,0,0,0,0,0,0,0,0,5000,0,0,0,5000,0,5000,5000
056834,華新元富99購01  ,0,0,0,0,0,0,0,0,0,5000,0,0,0,5000,0,5000,5000
057263,可成兆豐99購01  ,0,0,0,0,0,0,0,0,0,5000,0,0,0,30000,25000,5000,5000
057278,可成元大98購06  ,0,0,0,0,0,0,0,0,0,5000,0,0,0,5000,0,5000,5000
057079,台積電統一9A購02,0,0,0,0,0,0,0,0,0,5000,0,0,0,5000,0,5000,5000
01009T,王道圓滿R1      ,0,0,0,0,0,0,0,0,0,5000,5000,0,5000,0,0,0,5000
03277P,聯發科中信04售03,0,0,0,0,0,0,0,0,0,5000,0,0,0,10000,5000,5000,5000
03297P,台積電統一02售14,0,0,0,0,0,0,0,0,0,5000,0,0,0,5000,0,5000,5000
05175P,TPK富邦99售01   ,0,0,0,0,0,0,0,0,0,5000,0,0,0,5000,0,5000,5000
046937,聯電元大99購01  ,0,0,0,0,0,0,0,0,0,5000,0,0,0,5000,0,5000,5000
053770,元金2X元大98購01,0,0,0,0,0,0,0,0,0,5000,0,0,0,5000,0,5000,5000
053400,緯穎中信9A購01  ,0,0,0,0,0,0,0,0,0,5000,0,0,0,5000,0,5000,5000
053413,台積電國票99購01,0,0,0,0,0,0,0,0,0,5000,0,0,0,5000,0,5000,5000
053461,台郡永昌99購01  ,0,0,0,0,0,0,0,0,0,5000,0,0,0,10000,5000,5000,5000
052888,台表科中信9A購01,0,0,0,0,0,0,0,0,0,5000,0,0,0,5000,0,5000,5000
056269,新日興統一98購01,0,0,0,0,0,0,0,0,0,5000,0,0,0,5000,0,5000,5000
059250,大立光凱基99購06,0,0,0,0,0,0,0,0,0,5000,0,0,0,5000,0,5000,5000
059082,華通元大99購06  ,0,0,0,0,0,0,0,0,0,5000,0,0,0,5000,0,5000,5000
058861,國巨凱基9A購08  ,0,0,0,0,0,0,0,0,0,5000,0,0,0,9000,4000,5000,5000
059597,大立光元大99購21,0,0,0,0,0,0,0,0,0,5000,0,0,0,20000,15000,5000,5000
059536,新光金凱基99購05,0,0,0,0,0,0,0,0,0,5000,0,0,0,5000,0,5000,5000
059458,鎧勝永豐99購01  ,0,0,0,0,0,0,0,0,0,5000,0,0,0,5000,0,5000,5000
059419,滬深2X元大99購03,0,0,0,0,0,0,0,0,0,5000,0,0,0,5000,0,5000,5000
058644,元黃金富邦03購01,0,0,0,0,0,0,0,0,0,5000,0,0,0,5000,0,5000,5000
057912,美律日盛99購01  ,0,0,0,0,0,0,0,0,0,5000,0,0,0,5000,0,5000,5000
058170,國巨凱基9A購06  ,0,0,0,0,0,0,0,0,0,5000,0,0,0,5000,0,5000,5000
058193,緯穎永豐99購01  ,0,0,0,0,0,0,0,0,0,5000,0,0,0,5000,0,5000,5000
058290,南電國票9A購01  ,0,0,0,0,0,0,0,0,0,5000,0,0,0,5000,0,5000,5000
061940,世紀鋼國票9C購01,0,0,0,0,0,0,0,0,0,5000,0,0,0,10000,5000,5000,5000
061967,旺宏統一01購04  ,0,0,0,0,0,0,0,0,0,5000,0,0,0,5000,0,5000,5000
057534,旭富元大98購01  ,0,0,0,0,0,0,0,0,0,5000,0,0,0,5000,0,5000,5000
057554,新日興凱基99購02,0,0,0,0,0,0,0,0,0,5000,0,0,0,5000,0,5000,5000
058012,鈺齊國票99購01  ,0,0,0,0,0,0,0,0,0,5000,0,0,0,6000,1000,5000,5000
060190,國泰金元富9A購01,0,0,0,0,0,0,0,0,0,5000,0,0,0,5000,0,5000,5000
061169,GIS兆豐9A購01   ,0,0,0,0,0,0,0,0,0,5000,0,0,0,5000,0,5000,5000
061509,SP黃豆富邦9C購01,0,0,0,0,0,0,0,0,0,5000,0,0,0,11000,6000,5000,5000
060463,台積電元大9A購10,0,0,0,0,0,0,0,0,0,5000,0,0,0,5000,0,5000,5000
060566,聯詠富邦9C購01  ,0,0,0,0,0,0,0,0,0,5000,0,0,0,5000,0,5000,5000
061075,亞德客兆豐9A購01,0,0,0,0,0,0,0,0,0,5000,0,0,0,5000,0,5000,5000
061081,宏碁兆豐9A購01  ,0,0,0,0,0,0,0,0,0,5000,0,0,0,45000,40000,5000,5000
060376,瑞祺元富9A購01  ,0,0,0,0,0,0,0,0,0,5000,0,0,0,5000,0,5000,5000
060871,台灣50中信01購03,0,0,0,0,0,0,0,0,0,5000,0,0,0,5000,0,5000,5000
064357,中橡統一9C購01  ,0,0,0,0,0,0,0,0,0,5000,0,0,0,20000,15000,5000,5000
064333,義隆元大9C購02  ,0,0,0,0,0,0,0,0,0,5000,0,0,0,10000,5000,5000,5000
064127,聯發科元大9C購06,0,0,0,0,0,0,0,0,0,5000,0,0,0,19000,14000,5000,5000
060311,盟立永豐9A購01  ,0,0,0,0,0,0,0,0,0,5000,0,0,0,5000,0,5000,5000
061920,台積電凱基9C購02,0,0,0,0,0,0,0,0,0,5000,0,0,0,5000,0,5000,5000
061742,奇鋐凱基9B購01  ,0,0,0,0,0,0,0,0,0,5000,0,0,0,10000,5000,5000,5000
061731,旺宏統一9B購06  ,0,0,0,0,0,0,0,0,0,5000,0,0,0,5000,0,5000,5000
061773,和潤元大9B購01  ,0,0,0,0,0,0,0,0,0,5000,0,0,0,55000,50000,5000,5000
061764,旺宏元大9B購01  ,0,0,0,0,0,0,0,0,0,5000,0,0,0,5000,0,5000,5000
061753,南亞科台新9B購01,0,0,0,0,0,0,0,0,0,5000,0,0,0,5000,0,5000,5000
063545,華通兆豐9B購03  ,0,0,0,0,0,0,0,0,0,5000,0,0,0,5000,0,5000,5000
063376,神達永豐9B購01  ,0,0,0,0,0,0,0,0,0,5000,0,0,0,5000,0,5000,5000
063664,漢唐統一9C購01  ,0,0,0,0,0,0,0,0,0,5000,0,0,0,5000,0,5000,5000
062631,奇力新國票9B購01,0,0,0,0,0,0,0,0,0,5000,0,0,0,244000,239000,5000,5000
062869,帆宣中信9B購01  ,0,0,0,0,0,0,0,0,0,5000,0,0,0,6000,1000,5000,5000
062937,旺宏凱基9B購08  ,0,0,0,0,0,0,0,0,0,5000,0,0,0,5000,0,5000,5000
061478,奇鋐元大9A購01  ,0,0,0,0,0,0,0,0,0,5000,0,0,0,5000,0,5000,5000
061423,廣達元大9A購01  ,0,0,0,0,0,0,0,0,0,5000,0,0,0,5000,0,5000,5000
061398,力成中信9A購01  ,0,0,0,0,0,0,0,0,0,5000,0,0,0,5000,0,5000,5000
062698,台積電元大01購01,0,0,0,0,0,0,0,0,0,5000,0,0,0,5000,0,5000,5000
062666,和碩群益9B購01  ,0,0,0,0,0,0,0,0,0,5000,0,0,0,12000,7000,5000,5000
062037,華新凱基9B購01  ,0,0,0,0,0,0,0,0,0,5000,0,0,0,9000,4000,5000,5000
065921,GIS凱基01購02   ,0,0,0,0,0,0,0,0,0,5000,0,0,0,21000,16000,5000,5000
065691,國巨群益9C購16  ,0,0,0,0,0,0,0,0,0,5000,0,0,0,6000,1000,5000,5000
065741,聯發科麥證9C購06,0,0,0,5000,0,5000,0,0,0,5000,0,0,0,5000,0,5000,5000
06624P,訊芯元大98售06  ,0,0,0,0,0,0,0,0,0,5000,0,0,0,5000,0,5000,5000
066231,友訊富邦02購01  ,0,0,0,0,0,0,0,0,0,5000,0,0,0,10000,5000,5000,5000
066147,美利達群益01購01,0,0,0,0,0,0,0,0,0,5000,0,0,0,5000,0,5000,5000
066085,台積電富邦05購01,0,0,0,0,0,0,0,0,0,5000,0,0,0,14000,9000,5000,5000
06610P,台積電凱基9A售03,0,0,0,0,0,0,0,0,0,5000,0,0,0,5000,0,5000,5000
066045,聯發科元大01購08,0,0,0,0,0,0,0,0,0,5000,0,0,0,5000,0,5000,5000
066809,新唐凱基01購01  ,0,0,0,0,0,0,0,0,0,5000,0,0,0,10000,5000,5000,5000
06678P,大立光統一99售01,0,0,0,0,0,0,0,0,0,5000,0,0,0,5000,0,5000,5000
066667,群創凱基03購03  ,0,0,0,0,0,0,0,0,0,5000,0,0,0,5000,0,5000,5000
064557,鴻海群益9C購04  ,0,0,0,0,0,0,0,0,0,5000,0,0,0,10000,5000,5000,5000
063878,國巨元富9C購01  ,0,0,0,0,0,0,0,0,0,5000,0,0,0,55000,50000,5000,5000
063936,道瓊反元大9C購02,0,0,0,0,0,0,0,0,0,5000,0,0,0,10000,5000,5000,5000
064191,聯發科中信03購01,0,0,0,0,0,0,0,0,0,5000,0,0,0,5000,0,5000,5000
064858,鴻海富邦01購01  ,0,0,0,0,0,0,0,0,0,5000,0,0,0,10000,5000,5000,5000
064822,台達電統一01購03,0,0,0,0,0,0,0,0,0,5000,0,0,0,5000,0,5000,5000
065149,遠東新群益9C購01,0,0,0,0,0,0,0,0,0,5000,0,0,0,27000,22000,5000,5000
065088,可成元大9C購09  ,0,0,0,0,0,0,0,0,0,5000,0,0,0,64000,59000,5000,5000
065196,技嘉元富06購01  ,0,0,0,0,0,0,0,0,0,5000,0,0,0,5000,0,5000,5000
064995,世紀鋼兆豐9C購01,0,0,0,0,0,0,0,0,0,5000,0,0,0,29000,24000,5000,5000
065530,亞德客統一9C購02,0,0,0,0,0,0,0,0,0,5000,0,0,0,5000,0,5000,5000
065393,旺宏群益9C購04  ,0,0,0,0,0,0,0,0,0,5000,0,0,0,5000,0,5000,5000
06529P,貿聯富邦99售03  ,0,0,0,0,0,0,0,0,0,5000,0,0,0,5000,0,5000,5000
6201,亞弘電          ,2000,1000,1000,0,0,0,0,0,0,4000,6000,2000,4000,0,0,0,5000
5706,鳳凰            ,6000,1000,5000,0,0,0,0,0,0,0,0,0,0,0,0,0,5000
2444,兆勁            ,10000,5000,5000,0,0,0,0,0,0,0,0,0,0,0,0,0,5000
2617,台航            ,51000,46000,5000,0,0,0,0,0,0,0,0,0,0,0,0,0,5000
1708,東鹼            ,26000,24000,2000,0,0,0,0,0,0,3000,8000,5000,3000,0,0,0,5000
08509P,臺股指國票9C售10,0,0,0,0,0,0,0,0,0,5000,0,0,0,109000,104000,5000,5000
08510P,大立光富邦03售04,0,0,0,0,0,0,0,0,0,5000,0,0,0,7000,2000,5000,5000
08310P,南電凱基9C售01  ,0,0,0,0,0,0,0,0,0,5000,0,0,0,5000,0,5000,5000
08256P,台積電元大9C售02,0,0,0,0,0,0,0,0,0,5000,0,0,0,5000,0,5000,5000
08812P,聯發科群益01售01,0,0,0,0,0,0,0,0,0,5000,0,0,0,5000,0,5000,5000
8215,明基材          ,233241,229000,4241,0,0,0,0,0,0,0,0,0,0,0,0,0,4241
068433,台光電凱基01購04,0,0,0,0,0,0,0,0,0,4000,0,0,0,72000,68000,4000,4000
068475,晶技群益01購04  ,0,0,0,0,0,0,0,0,0,4000,0,0,0,229000,225000,4000,4000
068273,嘉晶永豐01購01  ,0,0,0,0,0,0,0,0,0,4000,0,0,0,6000,2000,4000,4000
068323,台積電元大01購42,0,0,0,0,0,0,0,0,0,4000,0,0,0,6000,2000,4000,4000
07937P,國巨中信9B售03  ,0,0,0,0,0,0,0,0,0,4000,0,0,0,4000,0,4000,4000
068136,香港2X元大01購01,0,0,0,0,0,0,0,0,0,4000,0,0,0,8000,4000,4000,4000
067700,緯創國票02購01  ,0,0,0,0,0,0,0,0,0,4000,0,0,0,47000,43000,4000,4000
067819,健策凱基01購03  ,0,0,0,0,0,0,0,0,0,4000,0,0,0,4000,0,4000,4000
067841,A50正2元富04購01,0,0,0,0,0,0,0,0,0,4000,0,0,0,54000,50000,4000,4000
067458,台積電永豐01購02,0,0,0,0,0,0,0,0,0,4000,0,0,0,4000,0,4000,4000
067316,嘉澤元大01購03  ,0,0,0,0,0,0,0,0,0,4000,0,0,0,416000,412000,4000,4000
066959,新唐元大01購01  ,0,0,0,0,0,0,0,0,0,4000,0,0,0,30000,26000,4000,4000
061964,台積電統一01購05,0,0,0,0,0,0,0,0,0,4000,0,0,0,4000,0,4000,4000
063582,瑞祺國泰9C購01  ,0,0,0,0,0,0,0,0,0,4000,0,0,0,65000,61000,4000,4000
063598,國巨凱基9B購14  ,0,0,0,0,0,0,0,0,0,4000,0,0,0,5000,1000,4000,4000
063240,聯發科元大9B購17,0,0,0,0,0,0,0,0,0,4000,0,0,0,4000,0,4000,4000
061365,國巨國票9B購05  ,0,0,0,0,0,0,0,0,0,4000,0,0,0,24000,20000,4000,4000
061360,智邦兆豐9B購02  ,0,0,0,0,0,0,0,0,0,4000,0,0,0,4000,0,4000,4000
058660,樺漢中信9A購01  ,0,0,0,0,0,0,0,0,0,4000,0,0,0,4000,0,4000,4000
057893,亞德客元富98購03,0,0,0,0,0,0,0,0,0,4000,0,0,0,4000,0,4000,4000
059415,台灣50元大9A購03,0,0,0,0,0,0,0,0,0,4000,0,0,0,7000,3000,4000,4000
059034,華通群益9B購02  ,0,0,0,0,0,0,0,0,0,4000,0,0,0,5000,1000,4000,4000
03145P,聯發科國票03售01,0,0,0,0,0,0,0,0,0,4000,0,0,0,7000,3000,4000,4000
053651,台光電凱基98購01,0,0,0,0,0,0,0,0,0,4000,0,0,0,4000,0,4000,4000
051375,道瓊反群益9A購01,0,0,0,0,0,0,0,0,0,4000,0,0,0,4000,0,4000,4000
056390,台積電富邦9B購01,0,0,0,0,0,0,0,0,0,4000,0,0,0,4000,0,4000,4000
03050X,元展47          ,0,0,0,0,0,0,0,0,0,4000,0,0,0,25000,21000,4000,4000
00851,台新全球AI      ,0,0,0,0,0,0,0,0,0,4000,0,0,0,13000,9000,4000,4000
057103,禾伸堂中信9A購01,0,0,0,0,0,0,0,0,0,4000,0,0,0,18000,14000,4000,4000
056921,京元電兆豐98購01,0,0,0,0,0,0,0,0,0,4000,0,0,0,4000,0,4000,4000
054159,T50正2凱基99購01,0,0,0,0,0,0,0,0,0,4000,0,0,0,9000,5000,4000,4000
059821,美律凱基99購08  ,0,0,0,0,0,0,0,0,0,4000,0,0,0,4000,0,4000,4000
056501,貿聯富邦99購01  ,0,0,0,0,0,0,0,0,0,4000,0,0,0,4000,0,4000,4000
062038,鴻海凱基9B購05  ,0,0,0,0,0,0,0,0,0,4000,0,0,0,5000,1000,4000,4000
061448,旺宏中信9A購02  ,0,0,0,0,0,0,0,0,0,4000,0,0,0,5000,1000,4000,4000
062922,南六元大9B購03  ,0,0,0,0,0,0,0,0,0,4000,0,0,0,4000,0,4000,4000
063039,大立光凱基9C購02,0,0,0,0,0,0,0,0,0,4000,0,0,0,4000,0,4000,4000
062107,台光電國票9B購01,0,0,0,0,0,0,0,0,0,4000,0,0,0,4000,0,4000,4000
063135,國巨統一9B購16  ,0,0,0,0,0,0,0,0,0,4000,0,0,0,32000,28000,4000,4000
062320,南電凱基9B購03  ,0,0,0,0,0,0,0,0,0,4000,0,0,0,4000,0,4000,4000
063429,南電凱基01購01  ,0,0,0,0,0,0,0,0,0,4000,0,0,0,4000,0,4000,4000
061870,智邦元大9B購02  ,0,0,0,0,0,0,0,0,0,4000,0,0,0,10000,6000,4000,4000
061711,台積電凱基9A購27,0,0,0,0,0,0,0,0,0,4000,0,0,0,8000,4000,4000,4000
064459,創意統一02購01  ,0,0,0,0,0,0,0,0,0,4000,0,0,0,4000,0,4000,4000
064478,聚陽富邦01購01  ,0,0,0,0,0,0,0,0,0,4000,0,0,0,11000,7000,4000,4000
060381,元黃金凱基9A購01,0,0,0,0,0,0,0,0,0,4000,0,0,0,54000,50000,4000,4000
060574,高股息中信9C購01,0,0,0,0,0,0,0,0,0,4000,0,0,0,5000,1000,4000,4000
063224,泰鼎群益9B購02  ,0,0,0,0,0,0,0,0,0,4000,0,0,0,14000,10000,4000,4000
063226,康控群益9B購03  ,0,0,0,0,0,0,0,0,0,4000,0,0,0,34000,30000,4000,4000
061515,泰碩永豐9A購03  ,0,0,0,0,0,0,0,0,0,4000,0,0,0,4000,0,4000,4000
061125,億光永豐9A購01  ,0,0,0,0,0,0,0,0,0,4000,0,0,0,16000,12000,4000,4000
060782,道瓊指富邦9C購01,0,0,0,0,0,0,0,0,0,4000,0,0,0,5000,1000,4000,4000
065271,日月光元大9C購02,0,0,0,0,0,0,0,0,0,4000,0,0,0,164000,160000,4000,4000
065275,台灣50群益02購02,0,0,0,0,0,0,0,0,0,4000,0,0,0,4000,0,4000,4000
065428,旺宏凱基03購01  ,0,0,0,0,0,0,0,0,0,4000,0,0,0,4000,0,4000,4000
065178,和碩元大9C購01  ,0,0,0,0,0,0,0,0,0,4000,0,0,0,4000,0,4000,4000
064857,T50反1富邦01購02,0,0,0,0,0,0,0,0,0,4000,0,0,0,4000,0,4000,4000
063968,新光金國票01購01,0,0,0,0,0,0,0,0,0,4000,0,0,0,10000,6000,4000,4000
064009,超眾凱基01購01  ,0,0,0,0,0,0,0,0,0,4000,0,0,0,4000,0,4000,4000
063912,信邦凱基01購01  ,0,0,0,0,0,0,0,0,0,4000,0,0,0,4000,0,4000,4000
066116,宏達電兆豐01購01,0,0,0,0,0,0,0,0,0,4000,0,0,0,34000,30000,4000,4000
065813,華擎統一03購01  ,0,0,0,0,0,0,0,0,0,4000,0,0,0,4000,0,4000,4000
8222,寶一            ,17000,14000,3000,0,0,0,0,0,0,1000,1000,0,1000,0,0,0,4000
5234,達興材料        ,29000,18000,11000,0,0,0,0,0,0,-7000,4000,11000,-7000,0,0,0,4000
4190,佐登-KY         ,26000,25000,1000,0,0,0,0,0,0,3000,0,0,0,3000,0,3000,4000
08283P,T50反1凱基01售01,0,0,0,0,0,0,0,0,0,4000,0,0,0,4000,0,4000,4000
08201P,祥碩元大9B售09  ,0,0,0,0,0,0,0,0,0,4000,0,0,0,770000,766000,4000,4000
08211P,台表科元富9B售03,0,0,0,0,0,0,0,0,0,4000,0,0,0,50000,46000,4000,4000
08576P,嘉澤凱基9C售03  ,0,0,0,0,0,0,0,0,0,4000,0,0,0,4000,0,4000,4000
1465,偉全            ,5000,1000,4000,0,0,0,0,0,0,0,0,0,0,0,0,0,4000
1454,台富            ,8000,4000,4000,0,0,0,0,0,0,0,0,0,0,0,0,0,4000
2611,志信            ,8000,4000,4000,0,0,0,0,0,0,0,0,0,0,0,0,0,4000
2739,寒舍            ,7000,3000,4000,0,0,0,0,0,0,0,0,0,0,0,0,0,4000
2748,雲品            ,9000,5000,4000,0,0,0,0,0,0,0,0,0,0,0,0,0,4000
01002T,土銀國泰R1      ,3456,0,3456,0,0,0,0,0,0,0,0,0,0,0,0,0,3456
066926,聚陽國票02購01  ,0,0,0,0,0,0,0,0,0,3000,0,0,0,3000,0,3000,3000
067279,美利達統一02購02,0,0,0,0,0,0,0,0,0,3000,0,0,0,3000,0,3000,3000
067484,聯詠元大01購07  ,0,0,0,0,0,0,0,0,0,3000,0,0,0,81000,78000,3000,3000
067820,和碩凱基01購01  ,0,0,0,0,0,0,0,0,0,3000,0,0,0,21000,18000,3000,3000
067759,美食永豐01購01  ,0,0,0,0,0,0,0,0,0,3000,0,0,0,3000,0,3000,3000
067595,國巨凱基02購04  ,0,0,0,0,0,0,0,0,0,3000,0,0,0,416000,413000,3000,3000
067553,上証2X國票02購03,0,0,0,0,0,0,0,0,0,3000,0,0,0,3000,0,3000,3000
068144,台積電元大01購33,0,0,0,0,0,0,0,0,0,3000,0,0,0,3000,0,3000,3000
067977,中磊群益01購02  ,0,0,0,0,0,0,0,0,0,3000,0,0,0,65000,62000,3000,3000
07782P,寶成凱基9A售02  ,0,0,0,0,0,0,0,0,0,3000,0,0,0,3000,0,3000,3000
06888P,日月光元大98售02,0,0,0,0,0,0,0,0,0,3000,0,0,0,3000,0,3000,3000
068880,茂林凱基03購02  ,0,0,0,0,0,0,0,0,0,3000,0,0,0,13000,10000,3000,3000
068281,A50反1中信01購01,0,0,0,0,0,0,0,0,0,3000,0,0,0,3000,0,3000,3000
068460,健策國票03購02  ,0,0,0,0,0,0,0,0,0,3000,0,0,0,80000,77000,3000,3000
068428,神隆凱基03購01  ,0,0,0,0,0,0,0,0,0,3000,0,0,0,3000,0,3000,3000
068367,聯電富邦03購02  ,0,0,0,0,0,0,0,0,0,3000,0,0,0,3000,0,3000,3000
068552,台灣50元大01購38,0,0,0,0,0,0,0,0,0,3000,0,0,0,3000,0,3000,3000
068764,台積電統一02購09,0,0,0,0,0,0,0,0,0,3000,0,0,0,3000,0,3000,3000
00830,國泰費城半導體  ,0,0,0,0,0,0,0,0,0,3000,0,0,0,222000,219000,3000,3000
00685L,群益臺灣加權正2 ,0,0,0,0,0,0,0,0,0,3000,0,0,0,14000,11000,3000,3000
03076P,台積電富邦03售06,0,0,0,0,0,0,0,0,0,3000,0,0,0,3000,0,3000,3000
059832,超眾康和99購01  ,0,0,0,0,0,0,0,0,0,3000,0,0,0,3000,0,3000,3000
054166,日電貿凱基98購01,0,0,0,0,0,0,0,0,0,3000,0,0,0,3000,0,3000,3000
054893,帆宣統一99購01  ,0,0,0,0,0,0,0,0,0,3000,0,0,0,4000,1000,3000,3000
054477,聯發科中信9C購02,0,0,0,0,0,0,0,0,0,3000,0,0,0,3000,0,3000,3000
054556,世芯凱基99購01  ,0,0,0,0,0,0,0,0,0,3000,0,0,0,3000,0,3000,3000
056856,華通群益9A購01  ,0,0,0,0,0,0,0,0,0,3000,0,0,0,3000,0,3000,3000
057279,國揚元大98購01  ,0,0,0,0,0,0,0,0,0,3000,0,0,0,3000,0,3000,3000
057190,立積元大9A購02  ,0,0,0,0,0,0,0,0,0,3000,0,0,0,3000,0,3000,3000
059076,FBVIX元大99購04 ,0,0,0,0,0,0,0,0,0,3000,0,0,0,3000,0,3000,3000
059268,鎧勝中信01購01  ,0,0,0,0,0,0,0,0,0,3000,0,0,0,3000,0,3000,3000
059476,道瓊指群益9C購01,0,0,0,0,0,0,0,0,0,3000,0,0,0,3000,0,3000,3000
059721,旺宏元大99購16  ,0,0,0,0,0,0,0,0,0,3000,0,0,0,4000,1000,3000,3000
059688,燿華永豐99購01  ,0,0,0,0,0,0,0,0,0,3000,0,0,0,3000,0,3000,3000
058485,智邦國票9A購01  ,0,0,0,0,0,0,0,0,0,3000,0,0,0,3000,0,3000,3000
059975,元金2X元大99購02,0,0,0,0,0,0,0,0,0,3000,0,0,0,3000,0,3000,3000
058334,鴻海元富99購05  ,0,0,0,0,0,0,0,0,0,3000,0,0,0,3000,0,3000,3000
061326,新日興凱基9B購01,0,0,0,0,0,0,0,0,0,3000,0,0,0,18000,15000,3000,3000
063594,上銀中信9C購01  ,0,0,0,0,0,0,0,0,0,3000,0,0,0,94000,91000,3000,3000
063265,瑞祺永豐9B購01  ,0,0,0,0,0,0,0,0,0,3000,0,0,0,83000,80000,3000,3000
060197,臻鼎元富9A購02  ,0,0,0,0,0,0,0,0,0,3000,0,0,0,3000,0,3000,3000
057739,新日興富邦9B購01,0,0,0,0,0,0,0,0,0,3000,0,0,0,10000,7000,3000,3000
057489,奇力新元大99購06,0,0,0,0,0,0,0,0,0,3000,0,0,0,5000,2000,3000,3000
061260,台積電凱基9A購23,0,0,0,0,0,0,0,0,0,3000,0,0,0,3000,0,3000,3000
061615,鴻海群益9A購06  ,0,0,0,0,0,0,0,0,0,3000,0,0,0,3000,0,3000,3000
060511,群創元大9B購08  ,0,0,0,0,0,0,0,0,0,3000,0,0,0,18000,15000,3000,3000
060544,國巨凱基9B購03  ,0,0,0,0,0,0,0,0,0,3000,0,0,0,4000,1000,3000,3000
060951,元黃金群益9A購01,0,0,0,0,0,0,0,0,0,3000,0,0,0,3000,0,3000,3000
060959,金像電凱基9A購01,0,0,0,0,0,0,0,0,0,3000,0,0,0,3000,0,3000,3000
060900,超眾凱基9B購01  ,0,0,0,0,0,0,0,0,0,3000,0,0,0,3000,0,3000,3000
061627,台表科群益9A購01,0,0,0,0,0,0,0,0,0,3000,0,0,0,3000,0,3000,3000
061806,元黃金統一9B購01,0,0,0,0,0,0,0,0,0,3000,0,0,0,3000,0,3000,3000
060355,元金2X元富9C購01,0,0,0,0,0,0,0,0,0,3000,0,0,0,3000,0,3000,3000
064113,新日興國票01購01,0,0,0,0,0,0,0,0,0,3000,0,0,0,5000,2000,3000,3000
064232,鴻海統一01購04  ,0,0,0,0,0,0,0,0,0,3000,0,0,0,5000,2000,3000,3000
063492,台積電富邦02購02,0,0,0,0,0,0,0,0,0,3000,0,0,0,3000,0,3000,3000
063552,晶技國票9B購03  ,0,0,0,0,0,0,0,0,0,3000,0,0,0,3000,0,3000,3000
063330,神達國票9C購01  ,0,0,0,0,0,0,0,0,0,3000,0,0,0,3000,0,3000,3000
062178,上銀元大9B購03  ,0,0,0,0,0,0,0,0,0,3000,0,0,0,5000,2000,3000,3000
062186,晶技元大9B購05  ,0,0,0,0,0,0,0,0,0,3000,0,0,0,3000,0,3000,3000
061429,南六元大9A購02  ,0,0,0,0,0,0,0,0,0,3000,0,0,0,3000,0,3000,3000
062452,A50正2群益01購04,0,0,0,0,0,0,0,0,0,3000,0,0,0,3000,0,3000,3000
061396,台灣50台新9C購03,0,0,0,0,0,0,0,0,0,3000,0,0,0,3000,0,3000,3000
062335,茂林統一01購01  ,0,0,0,0,0,0,0,0,0,3000,0,0,0,3000,0,3000,3000
062470,智邦凱基9C購01  ,0,0,0,0,0,0,0,0,0,3000,0,0,0,64000,61000,3000,3000
062076,美律元大9B購02  ,0,0,0,0,0,0,0,0,0,3000,0,0,0,8000,5000,3000,3000
065827,正崴凱基9C購01  ,0,0,0,0,0,0,0,0,0,3000,0,0,0,6000,3000,3000,3000
065751,台光電元大9C購06,0,0,0,0,0,0,0,0,0,3000,0,0,0,7000,4000,3000,3000
066194,美利達凱基01購01,0,0,0,0,0,0,0,0,0,3000,0,0,0,3000,0,3000,3000
066217,美利達統一03購01,0,0,0,0,0,0,0,0,0,3000,0,0,0,3000,0,3000,3000
066602,滬深2X富邦03購01,0,0,0,0,0,0,0,0,0,3000,0,0,0,30000,27000,3000,3000
066715,台灣50元大01購23,0,0,0,0,0,0,0,0,0,3000,0,0,0,3000,0,3000,3000
066391,國巨凱基01購04  ,0,0,0,0,0,0,0,0,0,3000,0,0,0,633000,630000,3000,3000
063893,微星群益9C購01  ,0,0,0,0,0,0,0,0,0,3000,0,0,0,3000,0,3000,3000
063845,旺宏元大9C購03  ,0,0,0,0,0,0,0,0,0,3000,0,0,0,29000,26000,3000,3000
064856,GIS國泰02購01   ,0,0,0,0,0,0,0,0,0,3000,0,0,0,59000,56000,3000,3000
064189,TPK永豐9C購01   ,0,0,0,0,0,0,0,0,0,3000,0,0,0,3000,0,3000,3000
065096,世芯元大9C購03  ,0,0,0,0,0,0,0,0,0,3000,0,0,0,3000,0,3000,3000
065048,世芯凱基01購01  ,0,0,0,0,0,0,0,0,0,3000,0,0,0,3000,0,3000,3000
3021,鴻名            ,0,1000,-1000,0,0,0,0,0,0,4000,8000,4000,4000,0,0,0,3000
2904,匯僑            ,5000,1000,4000,0,0,0,0,0,0,-1000,0,1000,-1000,0,0,0,3000
2881A,富邦特          ,0,0,0,0,0,0,0,0,0,3000,3000,0,3000,0,0,0,3000
2881B,富邦金乙特      ,0,0,0,0,0,0,0,0,0,3000,3000,0,3000,0,0,0,3000
2882B,國泰金乙特      ,0,0,0,0,0,0,0,0,0,3000,3000,0,3000,0,0,0,3000
1437,勤益控          ,11000,17000,-6000,0,0,0,0,0,0,9000,13000,4000,9000,0,0,0,3000
08461P,長榮航國票9C售01,0,0,0,0,0,0,0,0,0,3000,0,0,0,107000,104000,3000,3000
08878P,台積電凱基01售11,0,0,0,0,0,0,0,0,0,3000,0,0,0,6000,3000,3000,3000
4439,冠星-KY         ,4000,1000,3000,0,0,0,0,0,0,0,0,0,0,0,0,0,3000
6605,帝寶            ,12000,11000,1000,0,0,0,0,0,0,2000,5000,3000,2000,0,0,0,3000
910861,神州-DR         ,3000,0,3000,0,0,0,0,0,0,0,0,0,0,0,0,0,3000
068694,台積電凱基02購12,0,0,0,0,0,0,0,0,0,2000,0,0,0,8000,6000,2000,2000
068568,聯詠元大01購10  ,0,0,0,0,0,0,0,0,0,2000,0,0,0,194000,192000,2000,2000
068590,台積電元富07購12,0,0,0,0,0,0,0,0,0,2000,0,0,0,148000,146000,2000,2000
068376,美律永豐01購01  ,0,0,0,0,0,0,0,0,0,2000,0,0,0,2000,0,2000,2000
068352,台積電凱基01購22,0,0,0,0,0,0,0,0,0,2000,0,0,0,2000,0,2000,2000
068896,聯詠元大02購02  ,0,0,0,0,0,0,0,0,0,2000,0,0,0,2000,0,2000,2000
06912P,台光電元大99售02,0,0,0,0,0,0,0,0,0,2000,0,0,0,2000,0,2000,2000
07634P,金像電元大9A售01,0,0,0,0,0,0,0,0,0,2000,0,0,0,10000,8000,2000,2000
07965P,玉晶光群益01售02,0,0,0,0,0,0,0,0,0,2000,0,0,0,2000,0,2000,2000
07978P,茂林群益9B售02  ,0,0,0,0,0,0,0,0,0,2000,0,0,0,2000,0,2000,2000
067882,A50正2群益01購06,0,0,0,0,0,0,0,0,0,2000,0,0,0,2000,0,2000,2000
068145,台積電元大01購35,0,0,0,0,0,0,0,0,0,2000,0,0,0,2000,0,2000,2000
068052,玉晶光統一03購02,0,0,0,0,0,0,0,0,0,2000,0,0,0,2000,0,2000,2000
068086,世紀鋼凱基03購02,0,0,0,0,0,0,0,0,0,2000,0,0,0,12000,10000,2000,2000
067735,聯電元大03購01  ,0,0,0,0,0,0,0,0,0,2000,0,0,0,2000,0,2000,2000
067811,高鐵凱基01購01  ,0,0,0,0,0,0,0,0,0,2000,0,0,0,2000,0,2000,2000
067512,台郡統一02購03  ,0,0,0,0,0,0,0,0,0,2000,0,0,0,4000,2000,2000,2000
06688P,鴻海中信02售01  ,0,0,0,0,0,0,0,0,0,2000,0,0,0,2000,0,2000,2000
06689P,鴻海中信9C售02  ,0,0,0,0,0,0,0,0,0,2000,0,0,0,2000,0,2000,2000
066988,新唐群益02購01  ,0,0,0,0,0,0,0,0,0,2000,0,0,0,2000,0,2000,2000
057456,道瓊銀富邦9C購01,0,0,0,0,0,0,0,0,0,2000,0,0,0,2000,0,2000,2000
057514,華新科元富99購03,0,0,0,0,0,0,0,0,0,2000,0,0,0,2000,0,2000,2000
058020,大立光凱基99購03,0,0,0,0,0,0,0,0,0,2000,0,0,0,2000,0,2000,2000
058025,聯茂國泰99購01  ,0,0,0,0,0,0,0,0,0,2000,0,0,0,2000,0,2000,2000
060204,矽創元富9A購01  ,0,0,0,0,0,0,0,0,0,2000,0,0,0,65000,63000,2000,2000
060262,臺股指凱基9B購02,0,0,0,0,0,0,0,0,0,2000,0,0,0,2000,0,2000,2000
060287,燿華元大9A購01  ,0,0,0,0,0,0,0,0,0,2000,0,0,0,2000,0,2000,2000
060245,聯陽元大9C購01  ,0,0,0,0,0,0,0,0,0,2000,0,0,0,2000,0,2000,2000
060029,嘉晶永豐99購03  ,0,0,0,0,0,0,0,0,0,2000,0,0,0,2000,0,2000,2000
063227,祥碩群益9B購06  ,0,0,0,0,0,0,0,0,0,2000,0,0,0,2000,0,2000,2000
061975,華通元大9B購01  ,0,0,0,0,0,0,0,0,0,2000,0,0,0,4000,2000,2000,2000
061985,富邦金元大9B購01,0,0,0,0,0,0,0,0,0,2000,0,0,0,85000,83000,2000,2000
058331,鴻海元富99購02  ,0,0,0,0,0,0,0,0,0,2000,0,0,0,2000,0,2000,2000
058409,鴻海兆豐99購05  ,0,0,0,0,0,0,0,0,0,2000,0,0,0,2000,0,2000,2000
058449,台積電永豐99購01,0,0,0,0,0,0,0,0,0,2000,0,0,0,2000,0,2000,2000
059992,S&P正2元富9B購04,0,0,0,0,0,0,0,0,0,2000,0,0,0,2000,0,2000,2000
058626,瑞昱國票9A購01  ,0,0,0,0,0,0,0,0,0,2000,0,0,0,7000,5000,2000,2000
058004,大立光群益98購03,0,0,0,0,0,0,0,0,0,2000,0,0,0,2000,0,2000,2000
057954,宏碁元大99購01  ,0,0,0,0,0,0,0,0,0,2000,0,0,0,2000,0,2000,2000
058876,南電國票9A購02  ,0,0,0,0,0,0,0,0,0,2000,0,0,0,2000,0,2000,2000
058836,FBVIX中信03購05 ,0,0,0,0,0,0,0,0,0,2000,0,0,0,2000,0,2000,2000
058806,道瓊銀統一9B購01,0,0,0,0,0,0,0,0,0,2000,0,0,0,2000,0,2000,2000
059434,全新元大99購05  ,0,0,0,0,0,0,0,0,0,2000,0,0,0,2000,0,2000,2000
059284,緯穎永豐99購03  ,0,0,0,0,0,0,0,0,0,2000,0,0,0,13000,11000,2000,2000
059302,大立光群益99購08,0,0,0,0,0,0,0,0,0,2000,0,0,0,2000,0,2000,2000
059095,訊芯元大99購01  ,0,0,0,0,0,0,0,0,0,2000,0,0,0,2000,0,2000,2000
059006,樺漢元大99購01  ,0,0,0,0,0,0,0,0,0,2000,0,0,0,5000,3000,2000,2000
057021,台積電凱基9A購02,0,0,0,0,0,0,0,0,0,2000,0,0,0,2000,0,2000,2000
057057,立積元大9A購01  ,0,0,0,0,0,0,0,0,0,2000,0,0,0,2000,0,2000,2000
057009,信邦中信99購01  ,0,0,0,0,0,0,0,0,0,2000,0,0,0,2000,0,2000,2000
056811,健策統一9B購01  ,0,0,0,0,0,0,0,0,0,2000,0,0,0,2000,0,2000,2000
054072,台積電富邦98購02,0,0,0,0,0,0,0,0,0,2000,0,0,0,2000,0,2000,2000
054285,國巨元大98購02  ,0,0,0,0,0,0,0,0,0,2000,0,0,0,2000,0,2000,2000
054377,臺股指中信99購09,0,0,0,0,0,0,0,0,0,2000,0,0,0,2000,0,2000,2000
055812,台積電國票99購02,0,0,0,0,0,0,0,0,0,2000,0,0,0,2000,0,2000,2000
055408,力成國泰98購01  ,0,0,0,0,0,0,0,0,0,2000,0,0,0,2000,0,2000,2000
058791,鴻海元大99購17  ,0,0,0,0,0,0,0,0,0,2000,0,0,0,2000,0,2000,2000
057383,玉晶光富邦9A購01,0,0,0,0,0,0,0,0,0,2000,0,0,0,2000,0,2000,2000
03059P,台積電凱基01售19,0,0,0,0,0,0,0,0,0,2000,0,0,0,2000,0,2000,2000
03316P,欣興群益02售02  ,0,0,0,0,0,0,0,0,0,2000,0,0,0,41000,39000,2000,2000
0055,元大MSCI金融    ,0,0,0,0,0,0,0,0,0,2000,0,0,0,2000,0,2000,2000
020016,統一MSCI美科技N ,0,0,0,0,0,0,0,0,0,2000,0,0,0,6000,4000,2000,2000
056357,台積電元大9A購01,0,0,0,0,0,0,0,0,0,2000,0,0,0,2000,0,2000,2000
047211,華新科富邦99購01,0,0,0,0,0,0,0,0,0,2000,0,0,0,12000,10000,2000,2000
053522,臺股指群益99購01,0,0,0,0,0,0,0,0,0,2000,0,0,0,2000,0,2000,2000
053411,深中小國票9B購01,0,0,0,0,0,0,0,0,0,2000,0,0,0,2000,0,2000,2000
053298,SP黃豆凱基99購01,0,0,0,0,0,0,0,0,0,2000,0,0,0,2000,0,2000,2000
03107P,台積電元大01售39,0,0,0,0,0,0,0,0,0,2000,0,0,0,12000,10000,2000,2000
03017P,深中小群益01售02,0,0,0,0,0,0,0,0,0,2000,0,0,0,202000,200000,2000,2000
062699,台積電元大01購02,0,0,0,0,0,0,0,0,0,2000,0,0,0,2000,0,2000,2000
062066,元黃金元大9B購01,0,0,0,0,0,0,0,0,0,2000,0,0,0,22000,20000,2000,2000
062346,智邦群益9B購02  ,0,0,0,0,0,0,0,0,0,2000,0,0,0,2000,0,2000,2000
062410,台積電第一9B購02,0,0,0,0,0,0,0,0,0,2000,0,0,0,2000,0,2000,2000
062400,晶豪科永豐9B購02,0,0,0,0,0,0,0,0,0,2000,0,0,0,2000,0,2000,2000
061453,台達電凱基9B購01,0,0,0,0,0,0,0,0,0,2000,0,0,0,2000,0,2000,2000
063008,華通元大9B購06  ,0,0,0,0,0,0,0,0,0,2000,0,0,0,2000,0,2000,2000
062989,鴻海群益9B購07  ,0,0,0,0,0,0,0,0,0,2000,0,0,0,102000,100000,2000,2000
062900,台積電元大9B購04,0,0,0,0,0,0,0,0,0,2000,0,0,0,2000,0,2000,2000
062902,智邦元大9B購07  ,0,0,0,0,0,0,0,0,0,2000,0,0,0,12000,10000,2000,2000
062887,台積電群益9C購05,0,0,0,0,0,0,0,0,0,2000,0,0,0,2000,0,2000,2000
062632,嘉晶國票9B購01  ,0,0,0,0,0,0,0,0,0,2000,0,0,0,13000,11000,2000,2000
062623,元金2X國票01購01,0,0,0,0,0,0,0,0,0,2000,0,0,0,2000,0,2000,2000
063750,和鑫國票9B購01  ,0,0,0,0,0,0,0,0,0,2000,0,0,0,1392000,1390000,2000,2000
063329,健策國票9C購01  ,0,0,0,0,0,0,0,0,0,2000,0,0,0,35000,33000,2000,2000
063422,奇鋐凱基9B購04  ,0,0,0,0,0,0,0,0,0,2000,0,0,0,85000,83000,2000,2000
062503,玉晶光群益01購03,0,0,0,0,0,0,0,0,0,2000,0,0,0,3000,1000,2000,2000
063447,聯發科統一9B購12,0,0,0,0,0,0,0,0,0,2000,0,0,0,2000,0,2000,2000
064152,義隆統一02購02  ,0,0,0,0,0,0,0,0,0,2000,0,0,0,2000,0,2000,2000
064092,世紀鋼凱基9C購03,0,0,0,0,0,0,0,0,0,2000,0,0,0,5000,3000,2000,2000
061912,台積電中信05購05,0,0,0,0,0,0,0,0,0,2000,0,0,0,2000,0,2000,2000
061716,瑞儀凱基9B購01  ,0,0,0,0,0,0,0,0,0,2000,0,0,0,21000,19000,2000,2000
064314,信邦群益9C購01  ,0,0,0,0,0,0,0,0,0,2000,0,0,0,2000,0,2000,2000
064332,聯發科元大01購01,0,0,0,0,0,0,0,0,0,2000,0,0,0,2000,0,2000,2000
060885,世紀鋼中信9A購01,0,0,0,0,0,0,0,0,0,2000,0,0,0,2000,0,2000,2000
060810,滬深2X凱基9B購03,0,0,0,0,0,0,0,0,0,2000,0,0,0,2000,0,2000,2000
060916,金像電國泰9C購01,0,0,0,0,0,0,0,0,0,2000,0,0,0,2000,0,2000,2000
060455,葡萄王元大9A購02,0,0,0,0,0,0,0,0,0,2000,0,0,0,2000,0,2000,2000
065061,聯發科群益9C購08,0,0,0,0,0,0,0,0,0,2000,0,0,0,2000,0,2000,2000
064963,T50反1元大9C購09,0,0,0,0,0,0,0,0,0,2000,0,0,0,8000,6000,2000,2000
065220,義隆富邦01購02  ,0,0,0,0,0,0,0,0,0,2000,0,0,0,43000,41000,2000,2000
065406,緯穎富邦9C購02  ,0,0,0,0,0,0,0,0,0,2000,0,0,0,2000,0,2000,2000
065438,緯穎凱基9C購04  ,0,0,0,0,0,0,0,0,0,2000,0,0,0,10000,8000,2000,2000
06527P,T50正2富邦9C售01,0,0,0,0,0,0,0,0,0,2000,0,0,0,5000,3000,2000,2000
065524,康控群益01購01  ,0,0,0,0,0,0,0,0,0,2000,0,0,0,2000,0,2000,2000
065500,健鼎富邦01購01  ,0,0,0,0,0,0,0,0,0,2000,0,0,0,2000,0,2000,2000
064736,超眾元富9C購04  ,0,0,0,0,0,0,0,0,0,2000,0,0,0,2000,0,2000,2000
064078,台積電中信06購04,0,0,0,0,0,0,0,0,0,2000,0,0,0,2000,0,2000,2000
063879,台積電元富9C購01,0,0,0,0,0,0,0,0,0,2000,0,0,0,2000,0,2000,2000
063874,志超永豐9C購01  ,0,0,0,0,0,0,0,0,0,2000,0,0,0,2000,0,2000,2000
063945,京元電元大9C購01,0,0,0,0,0,0,0,0,0,2000,0,0,0,2000,0,2000,2000
064545,智邦凱基9C購02  ,0,0,0,0,0,0,0,0,0,2000,0,0,0,2000,0,2000,2000
063814,嘉晶群益9C購01  ,0,0,0,0,0,0,0,0,0,2000,0,0,0,15000,13000,2000,2000
066139,拓凱群益01購01  ,0,0,0,0,0,0,0,0,0,2000,0,0,0,49000,47000,2000,2000
065679,聯發科統一03購01,0,0,0,0,0,0,0,0,0,2000,0,0,0,5000,3000,2000,2000
065863,臺股指元大9C購37,0,0,0,0,0,0,0,0,0,2000,0,0,0,2000,0,2000,2000
065951,聯發科統一01購08,0,0,0,0,0,0,0,0,0,2000,0,0,0,67000,65000,2000,2000
910322,康師傅-DR       ,6000,4000,2000,0,0,0,0,0,0,0,0,0,0,0,0,0,2000
4552,力達-KY         ,28000,26000,2000,0,0,0,0,0,0,0,0,0,0,0,0,0,2000
9906,欣巴巴          ,4000,2000,2000,0,0,0,0,0,0,0,0,0,0,0,0,0,2000
1312A,國喬特          ,0,0,0,0,0,0,0,0,0,2000,2000,0,2000,0,0,0,2000
1101B,台泥乙特        ,0,0,0,0,0,0,0,0,0,2000,2000,0,2000,0,0,0,2000
08814P,世紀鋼群益01售04,0,0,0,0,0,0,0,0,0,2000,0,0,0,2000,0,2000,2000
08841P,A50正2中信03售02,0,0,0,0,0,0,0,0,0,2000,0,0,0,2000,0,2000,2000
08664P,金像電凱基01售02,0,0,0,0,0,0,0,0,0,2000,0,0,0,2000,0,2000,2000
08689P,高股息中信01售01,0,0,0,0,0,0,0,0,0,2000,0,0,0,4000,2000,2000,2000
08719P,華通元大01售04  ,0,0,0,0,0,0,0,0,0,2000,0,0,0,22000,20000,2000,2000
08464P,牧德永豐9C售02  ,0,0,0,0,0,0,0,0,0,2000,0,0,0,2000,0,2000,2000
08207P,金像電群益9B售05,0,0,0,0,0,0,0,0,0,2000,0,0,0,115000,113000,2000,2000
08329P,台達電統一9C售02,0,0,0,0,0,0,0,0,0,2000,0,0,0,2000,0,2000,2000
1323,永裕            ,6000,4000,2000,0,0,0,0,0,0,0,0,0,0,0,0,0,2000
2002A,中鋼特          ,0,0,0,0,0,0,0,0,0,2000,2000,0,2000,0,0,0,2000
2030,彰源            ,53000,51000,2000,0,0,0,0,0,0,0,0,0,0,0,0,0,2000
2891B,中信金乙特      ,0,0,0,0,0,0,0,0,0,2000,2000,0,2000,0,0,0,2000
2891C,中信金丙特      ,0,0,0,0,0,0,0,0,0,2000,2000,0,2000,0,0,0,2000
2540,愛山林          ,6000,4000,2000,0,0,0,0,0,0,0,0,0,0,0,0,0,2000
3501,維熹            ,24000,17600,6400,0,0,0,0,0,0,-5000,0,5000,-5000,0,0,0,1400
066987,旭富群益01購01  ,0,0,0,0,0,0,0,0,0,1000,0,0,0,1000,0,1000,1000
06698P,玉晶光國票99售05,0,0,0,0,0,0,0,0,0,1000,0,0,0,1000,0,1000,1000
067203,台達電元大01購03,0,0,0,0,0,0,0,0,0,1000,0,0,0,214000,213000,1000,1000
067273,台積電統一02購05,0,0,0,0,0,0,0,0,0,1000,0,0,0,1000,0,1000,1000
067329,巨大康和01購02  ,0,0,0,0,0,0,0,0,0,1000,0,0,0,50000,49000,1000,1000
06770P,台灣50第一9C售01,0,0,0,0,0,0,0,0,0,1000,0,0,0,2000,1000,1000,1000
067591,聚陽凱基02購02  ,0,0,0,0,0,0,0,0,0,1000,0,0,0,68000,67000,1000,1000
067618,臺股指凱基01購14,0,0,0,0,0,0,0,0,0,1000,0,0,0,5000,4000,1000,1000
068023,聚陽元富07購01  ,0,0,0,0,0,0,0,0,0,1000,0,0,0,1000,0,1000,1000
068148,台積電元大02購07,0,0,0,0,0,0,0,0,0,1000,0,0,0,1000,0,1000,1000
067961,台達電群益01購03,0,0,0,0,0,0,0,0,0,1000,0,0,0,5000,4000,1000,1000
067956,玉晶光永豐01購08,0,0,0,0,0,0,0,0,0,1000,0,0,0,11000,10000,1000,1000
07991P,鴻海群益9C售02  ,0,0,0,0,0,0,0,0,0,1000,0,0,0,3000,2000,1000,1000
07983P,茂林群益9B售03  ,0,0,0,0,0,0,0,0,0,1000,0,0,0,1000,0,1000,1000
08121P,聯發科國票9B售05,0,0,0,0,0,0,0,0,0,1000,0,0,0,1000,0,1000,1000
08129P,聯發科元大9B售23,0,0,0,0,0,0,0,0,0,1000,0,0,0,1000,0,1000,1000
07627P,超眾凱基9A售02  ,0,0,0,0,0,0,0,0,0,1000,0,0,0,1000,0,1000,1000
07958P,華擎群益9B售01  ,0,0,0,0,0,0,0,0,0,1000,0,0,0,1000,0,1000,1000
07963P,智邦統一9B售01  ,0,0,0,0,0,0,0,0,0,1000,0,0,0,1000,0,1000,1000
06923P,鴻海群益98售09  ,0,0,0,0,0,0,0,0,0,1000,0,0,0,1000,0,1000,1000
068447,A50正2國票03購01,0,0,0,0,0,0,0,0,0,1000,0,0,0,4000,3000,1000,1000
068263,台灣50永豐01購01,0,0,0,0,0,0,0,0,0,1000,0,0,0,1000,0,1000,1000
068268,旺宏永豐01購01  ,0,0,0,0,0,0,0,0,0,1000,0,0,0,1000,0,1000,1000
068304,台積電國票03購01,0,0,0,0,0,0,0,0,0,1000,0,0,0,1000,0,1000,1000
068691,大成鋼凱基02購01,0,0,0,0,0,0,0,0,0,1000,0,0,0,11000,10000,1000,1000
068634,台積電凱基03購08,0,0,0,0,0,0,0,0,0,1000,0,0,0,1000,0,1000,1000
068640,緯創凱基03購01  ,0,0,0,0,0,0,0,0,0,1000,0,0,0,54000,53000,1000,1000
06867P,訊芯元大98售08  ,0,0,0,0,0,0,0,0,0,1000,0,0,0,1000,0,1000,1000
056164,聯茂凱基98購03  ,0,0,0,0,0,0,0,0,0,1000,0,0,0,12000,11000,1000,1000
056222,台積電凱基9A購01,0,0,0,0,0,0,0,0,0,1000,0,0,0,1000,0,1000,1000
03178P,台積電群益01售23,0,0,0,0,0,0,0,0,0,1000,0,0,0,1000,0,1000,1000
053798,台積電中信98購02,0,0,0,0,0,0,0,0,0,1000,0,0,0,1000,0,1000,1000
052917,大立光富邦99購02,0,0,0,0,0,0,0,0,0,1000,0,0,0,1000,0,1000,1000
052936,華通兆豐98購01  ,0,0,0,0,0,0,0,0,0,1000,0,0,0,1000,0,1000,1000
053186,健策中信9C購01  ,0,0,0,0,0,0,0,0,0,1000,0,0,0,14000,13000,1000,1000
052412,上証2X中信98購01,0,0,0,0,0,0,0,0,0,1000,0,0,0,1000,0,1000,1000
052437,聯發科富邦99購02,0,0,0,0,0,0,0,0,0,1000,0,0,0,1000,0,1000,1000
051843,聯發科富邦99購01,0,0,0,0,0,0,0,0,0,1000,0,0,0,1000,0,1000,1000
048070,聯發科元富99購03,0,0,0,0,0,0,0,0,0,1000,0,0,0,1000,0,1000,1000
00865B,國泰US短期公債  ,0,0,0,0,0,0,0,0,0,1000,0,0,0,101000,100000,1000,1000
03271P,台積電群益02售06,0,0,0,0,0,0,0,0,0,1000,0,0,0,1000,0,1000,1000
03038P,玉晶光國票02售03,0,0,0,0,0,0,0,0,0,1000,0,0,0,1000,0,1000,1000
057335,技嘉國票99購01  ,0,0,0,0,0,0,0,0,0,1000,0,0,0,1000,0,1000,1000
057364,國巨元大98購18  ,0,0,0,0,0,0,0,0,0,1000,0,0,0,1000,0,1000,1000
057313,聯發科麥證99購01,0,0,0,1000,0,1000,0,0,0,1000,0,0,0,1000,0,1000,1000
057327,玉晶光群益9A購04,0,0,0,0,0,0,0,0,0,1000,0,0,0,1000,0,1000,1000
056550,瑞儀凱基99購01  ,0,0,0,0,0,0,0,0,0,1000,0,0,0,1000,0,1000,1000
057862,智邦凱基99購01  ,0,0,0,0,0,0,0,0,0,1000,0,0,0,1000,0,1000,1000
057841,茂林富邦9A購02  ,0,0,0,0,0,0,0,0,0,1000,0,0,0,1000,0,1000,1000
057783,台積電國票9A購01,0,0,0,0,0,0,0,0,0,1000,0,0,0,1000,0,1000,1000
059877,康控凱基99購05  ,0,0,0,0,0,0,0,0,0,1000,0,0,0,1000,0,1000,1000
055136,聯發科富邦99購06,0,0,0,0,0,0,0,0,0,1000,0,0,0,1000,0,1000,1000
053882,聯發科中信98購02,0,0,0,0,0,0,0,0,0,1000,0,0,0,1000,0,1000,1000
056813,聯茂統一99購01  ,0,0,0,0,0,0,0,0,0,1000,0,0,0,1000,0,1000,1000
056962,技嘉永豐98購01  ,0,0,0,0,0,0,0,0,0,1000,0,0,0,1000,0,1000,1000
056918,台積電兆豐98購01,0,0,0,0,0,0,0,0,0,1000,0,0,0,1000,0,1000,1000
057207,立積元富98購02  ,0,0,0,0,0,0,0,0,0,1000,0,0,0,1000,0,1000,1000
059200,京鼎永豐99購02  ,0,0,0,0,0,0,0,0,0,1000,0,0,0,1000,0,1000,1000
059610,上銀永豐99購02  ,0,0,0,0,0,0,0,0,0,1000,0,0,0,1000,0,1000,1000
058897,國巨元大99購17  ,0,0,0,0,0,0,0,0,0,1000,0,0,0,1000,0,1000,1000
059702,台積電凱基9A購14,0,0,0,0,0,0,0,0,0,1000,0,0,0,1000,0,1000,1000
058955,台積電國票9A購04,0,0,0,0,0,0,0,0,0,1000,0,0,0,41000,40000,1000,1000
057980,聯詠永豐98購01  ,0,0,0,0,0,0,0,0,0,1000,0,0,0,1000,0,1000,1000
057904,矽力永豐98購01  ,0,0,0,0,0,0,0,0,0,1000,0,0,0,1000,0,1000,1000
057930,旺宏群益99購04  ,0,0,0,0,0,0,0,0,0,1000,0,0,0,1000,0,1000,1000
058643,T50正2富邦03購01,0,0,0,0,0,0,0,0,0,1000,0,0,0,1000,0,1000,1000
058471,台積電日盛9C購01,0,0,0,0,0,0,0,0,0,1000,0,0,0,71000,70000,1000,1000
058483,道瓊指國票9A購01,0,0,0,0,0,0,0,0,0,1000,0,0,0,1000,0,1000,1000
058366,元大金凱基99購01,0,0,0,0,0,0,0,0,0,1000,0,0,0,1000,0,1000,1000
058379,臺股指凱基99購14,0,0,0,0,0,0,0,0,0,1000,0,0,0,1000,0,1000,1000
061962,台積電統一01購03,0,0,0,0,0,0,0,0,0,1000,0,0,0,1000,0,1000,1000
061959,鴻海統一9B購04  ,0,0,0,0,0,0,0,0,0,1000,0,0,0,272000,271000,1000,1000
063606,TPK凱基9C購01   ,0,0,0,0,0,0,0,0,0,1000,0,0,0,3000,2000,1000,1000
061944,聯電群益9B購01  ,0,0,0,0,0,0,0,0,0,1000,0,0,0,1000,0,1000,1000
061381,台灣50群益9B購07,0,0,0,0,0,0,0,0,0,1000,0,0,0,1000,0,1000,1000
058158,台積電台新99購01,0,0,0,0,0,0,0,0,0,1000,0,0,0,111000,110000,1000,1000
058119,華新亞東99購01  ,0,0,0,0,0,0,0,0,0,1000,0,0,0,1000,0,1000,1000
058106,神達統一98購02  ,0,0,0,0,0,0,0,0,0,1000,0,0,0,51000,50000,1000,1000
060043,全新群益9B購02  ,0,0,0,0,0,0,0,0,0,1000,0,0,0,1000,0,1000,1000
060088,國巨元大99購30  ,0,0,0,0,0,0,0,0,0,1000,0,0,0,43000,42000,1000,1000
060028,國揚永豐99購01  ,0,0,0,0,0,0,0,0,0,1000,0,0,0,1000,0,1000,1000
060011,臺股指群益9C購06,0,0,0,0,0,0,0,0,0,1000,0,0,0,1000,0,1000,1000
057716,神達統一98購01  ,0,0,0,0,0,0,0,0,0,1000,0,0,0,1000,0,1000,1000
057678,臺股指元大98購08,0,0,0,0,0,0,0,0,0,1000,0,0,0,1000,0,1000,1000
057670,欣興元大99購02  ,0,0,0,0,0,0,0,0,0,1000,0,0,0,1000,0,1000,1000
060296,和碩元大9A購01  ,0,0,0,0,0,0,0,0,0,1000,0,0,0,1000,0,1000,1000
057449,華新科元富99購02,0,0,0,0,0,0,0,0,0,1000,0,0,0,1000,0,1000,1000
057570,技嘉永豐98購02  ,0,0,0,0,0,0,0,0,0,1000,0,0,0,1000,0,1000,1000
060428,瑞祺永豐9A購01  ,0,0,0,0,0,0,0,0,0,1000,0,0,0,1000,0,1000,1000
060422,台勝科永豐9A購01,0,0,0,0,0,0,0,0,0,1000,0,0,0,1000,0,1000,1000
060392,華擎群益9C購02  ,0,0,0,0,0,0,0,0,0,1000,0,0,0,1000,0,1000,1000
060550,可成凱基9A購02  ,0,0,0,0,0,0,0,0,0,1000,0,0,0,70000,69000,1000,1000
060558,億豐凱基9A購01  ,0,0,0,0,0,0,0,0,0,1000,0,0,0,1000,0,1000,1000
060576,欣興中信9B購01  ,0,0,0,0,0,0,0,0,0,1000,0,0,0,1000,0,1000,1000
061038,TPK永豐9A購01   ,0,0,0,0,0,0,0,0,0,1000,0,0,0,35000,34000,1000,1000
060999,國巨兆豐9A購01  ,0,0,0,0,0,0,0,0,0,1000,0,0,0,3000,2000,1000,1000
060813,高鐵凱基9A購01  ,0,0,0,0,0,0,0,0,0,1000,0,0,0,71000,70000,1000,1000
063068,聯發科國泰01購03,0,0,0,0,0,0,0,0,0,1000,0,0,0,1000,0,1000,1000
060846,欣興國票9A購02  ,0,0,0,0,0,0,0,0,0,1000,0,0,0,1000,0,1000,1000
063077,巨大永豐9B購03  ,0,0,0,0,0,0,0,0,0,1000,0,0,0,72000,71000,1000,1000
063221,京元電群益9B購02,0,0,0,0,0,0,0,0,0,1000,0,0,0,1000,0,1000,1000
061501,嘉澤國票9A購01  ,0,0,0,0,0,0,0,0,0,1000,0,0,0,1000,0,1000,1000
061233,國巨元大9A購17  ,0,0,0,0,0,0,0,0,0,1000,0,0,0,3000,2000,1000,1000
061231,聚陽元大9A購02  ,0,0,0,0,0,0,0,0,0,1000,0,0,0,1000,0,1000,1000
061142,南電統一9A購01  ,0,0,0,0,0,0,0,0,0,1000,0,0,0,1000,0,1000,1000
060758,台積電元大9A購19,0,0,0,0,0,0,0,0,0,1000,0,0,0,1000,0,1000,1000
060766,世芯元大9A購02  ,0,0,0,0,0,0,0,0,0,1000,0,0,0,1000,0,1000,1000
064340,大立光元大9C購17,0,0,0,0,0,0,0,0,0,1000,0,0,0,1000,0,1000,1000
064381,道瓊銀國泰02購01,0,0,0,0,0,0,0,0,0,1000,0,0,0,1000,0,1000,1000
064325,亞德客元大9C購01,0,0,0,0,0,0,0,0,0,1000,0,0,0,1000,0,1000,1000
064302,美律兆豐01購01  ,0,0,0,0,0,0,0,0,0,1000,0,0,0,1000,0,1000,1000
064284,京鼎元大9C購01  ,0,0,0,0,0,0,0,0,0,1000,0,0,0,6000,5000,1000,1000
064494,南亞科元大9C購02,0,0,0,0,0,0,0,0,0,1000,0,0,0,1000,0,1000,1000
064423,義隆兆豐9C購02  ,0,0,0,0,0,0,0,0,0,1000,0,0,0,1000,0,1000,1000
061728,華新科麥證9A購02,0,0,0,1000,0,1000,0,0,0,1000,0,0,0,1000,0,1000,1000
061811,A50正2群益01購03,0,0,0,0,0,0,0,0,0,1000,0,0,0,1000,0,1000,1000
061768,晶技元大9B購02  ,0,0,0,0,0,0,0,0,0,1000,0,0,0,1000,0,1000,1000
061871,瑞昱元大9B購01  ,0,0,0,0,0,0,0,0,0,1000,0,0,0,1000,0,1000,1000
064250,亞光元富9C購01  ,0,0,0,0,0,0,0,0,0,1000,0,0,0,97000,96000,1000,1000
064146,瑞昱統一01購03  ,0,0,0,0,0,0,0,0,0,1000,0,0,0,1000,0,1000,1000
063423,聯詠凱基9C購02  ,0,0,0,0,0,0,0,0,0,1000,0,0,0,1000,0,1000,1000
063355,超眾元富9B購01  ,0,0,0,0,0,0,0,0,0,1000,0,0,0,1000,0,1000,1000
063126,TPK元大9B購01   ,0,0,0,0,0,0,0,0,0,1000,0,0,0,3000,2000,1000,1000
062135,國巨群益9B購05  ,0,0,0,0,0,0,0,0,0,1000,0,0,0,1000,0,1000,1000
062132,神隆群益9B購01  ,0,0,0,0,0,0,0,0,0,1000,0,0,0,11000,10000,1000,1000
062235,億光凱基9B購01  ,0,0,0,0,0,0,0,0,0,1000,0,0,0,12000,11000,1000,1000
062610,啟碁凱基9B購01  ,0,0,0,0,0,0,0,0,0,1000,0,0,0,227000,226000,1000,1000
062630,全新國票9B購02  ,0,0,0,0,0,0,0,0,0,1000,0,0,0,251000,250000,1000,1000
063727,鴻海元大9C購05  ,0,0,0,0,0,0,0,0,0,1000,0,0,0,14000,13000,1000,1000
063733,聯發科元大9B購27,0,0,0,0,0,0,0,0,0,1000,0,0,0,1000,0,1000,1000
062795,國巨統一9B購15  ,0,0,0,0,0,0,0,0,0,1000,0,0,0,4000,3000,1000,1000
062822,力成兆豐9B購01  ,0,0,0,0,0,0,0,0,0,1000,0,0,0,1000,0,1000,1000
062840,臺股指群益9B購07,0,0,0,0,0,0,0,0,0,1000,0,0,0,1000,0,1000,1000
061413,台勝科群益9A購01,0,0,0,0,0,0,0,0,0,1000,0,0,0,1000,0,1000,1000
061422,台積電元大9A購30,0,0,0,0,0,0,0,0,0,1000,0,0,0,1000,0,1000,1000
062456,台積電群益9B購05,0,0,0,0,0,0,0,0,0,1000,0,0,0,1000,0,1000,1000
061407,鴻海國票9A購07  ,0,0,0,0,0,0,0,0,0,1000,0,0,0,1000,0,1000,1000
062350,台表科群益9B購01,0,0,0,0,0,0,0,0,0,1000,0,0,0,30000,29000,1000,1000
062053,華通統一9C購02  ,0,0,0,0,0,0,0,0,0,1000,0,0,0,1000,0,1000,1000
062044,健策凱基9B購02  ,0,0,0,0,0,0,0,0,0,1000,0,0,0,2000,1000,1000,1000
062042,台勝科凱基9C購01,0,0,0,0,0,0,0,0,0,1000,0,0,0,1000,0,1000,1000
062685,華新科統一9C購03,0,0,0,0,0,0,0,0,0,1000,0,0,0,1000,0,1000,1000
062071,華通元大9B購02  ,0,0,0,0,0,0,0,0,0,1000,0,0,0,1000,0,1000,1000
065884,智原元富9C購02  ,0,0,0,0,0,0,0,0,0,1000,0,0,0,63000,62000,1000,1000
066128,台積電群益02購01,0,0,0,0,0,0,0,0,0,1000,0,0,0,1000,0,1000,1000
066167,強茂凱基01購01  ,0,0,0,0,0,0,0,0,0,1000,0,0,0,259000,258000,1000,1000
066297,美利達元大01購01,0,0,0,0,0,0,0,0,0,1000,0,0,0,1000,0,1000,1000
066298,美利達元大01購02,0,0,0,0,0,0,0,0,0,1000,0,0,0,34000,33000,1000,1000
066474,微星麥證01購01  ,0,0,0,1000,0,1000,0,0,0,1000,0,0,0,1000,0,1000,1000
066472,美利達統一02購01,0,0,0,0,0,0,0,0,0,1000,0,0,0,1000,0,1000,1000
066580,臺股指元大01購09,0,0,0,0,0,0,0,0,0,1000,0,0,0,16000,15000,1000,1000
066699,台積電群益01購08,0,0,0,0,0,0,0,0,0,1000,0,0,0,1000,0,1000,1000
066652,聯鈞康和01購01  ,0,0,0,0,0,0,0,0,0,1000,0,0,0,1000,0,1000,1000
066795,台積電凱基02購07,0,0,0,0,0,0,0,0,0,1000,0,0,0,1000,0,1000,1000
066760,大立光永豐01購01,0,0,0,0,0,0,0,0,0,1000,0,0,0,1000,0,1000,1000
063797,台積電凱基02購02,0,0,0,0,0,0,0,0,0,1000,0,0,0,1000,0,1000,1000
064571,帆宣群益9C購01  ,0,0,0,0,0,0,0,0,0,1000,0,0,0,1000,0,1000,1000
065667,台光電凱基01購01,0,0,0,0,0,0,0,0,0,1000,0,0,0,1000,0,1000,1000
064690,台光電群益9C購02,0,0,0,0,0,0,0,0,0,1000,0,0,0,74000,73000,1000,1000
064701,巨大群益9C購02  ,0,0,0,0,0,0,0,0,0,1000,0,0,0,6000,5000,1000,1000
064173,國產元富9C購01  ,0,0,0,0,0,0,0,0,0,1000,0,0,0,14000,13000,1000,1000
064899,大立光群益9C購06,0,0,0,0,0,0,0,0,0,1000,0,0,0,41000,40000,1000,1000
064837,TPK統一9C購02   ,0,0,0,0,0,0,0,0,0,1000,0,0,0,1000,0,1000,1000
064781,嘉晶群益9C購04  ,0,0,0,0,0,0,0,0,0,1000,0,0,0,12000,11000,1000,1000
065525,瑞儀群益01購01  ,0,0,0,0,0,0,0,0,0,1000,0,0,0,433000,432000,1000,1000
065455,金寶元富9C購01  ,0,0,0,0,0,0,0,0,0,1000,0,0,0,300000,299000,1000,1000
065322,聯發科凱基01購05,0,0,0,0,0,0,0,0,0,1000,0,0,0,1000,0,1000,1000
065426,台積電凱基01購09,0,0,0,0,0,0,0,0,0,1000,0,0,0,1000,0,1000,1000
065409,鴻海永豐9C購01  ,0,0,0,0,0,0,0,0,0,1000,0,0,0,5000,4000,1000,1000
065397,宏達電群益9C購03,0,0,0,0,0,0,0,0,0,1000,0,0,0,56000,55000,1000,1000
065384,南電元大9C購07  ,0,0,0,0,0,0,0,0,0,1000,0,0,0,1000,0,1000,1000
065202,南電元富06購01  ,0,0,0,0,0,0,0,0,0,1000,0,0,0,1000,0,1000,1000
065094,新日興元大9C購04,0,0,0,0,0,0,0,0,0,1000,0,0,0,6000,5000,1000,1000
065168,台積電元大02購02,0,0,0,0,0,0,0,0,0,1000,0,0,0,1000,0,1000,1000
064946,台積電凱基01購07,0,0,0,0,0,0,0,0,0,1000,0,0,0,10000,9000,1000,1000
065084,南亞科元大9C購08,0,0,0,0,0,0,0,0,0,1000,0,0,0,1000,0,1000,1000
3543,州巧            ,17000,12000,5000,0,0,0,0,0,0,-4000,0,4000,-4000,0,0,0,1000
3296,勝德            ,1000,2000,-1000,0,0,0,0,0,0,2000,4000,2000,2000,0,0,0,1000
3130,一零四          ,1000,0,1000,0,0,0,0,0,0,0,0,0,0,0,0,0,1000
2630,亞航            ,2000,1000,1000,0,0,0,0,0,0,0,0,0,0,0,0,0,1000
08332P,智邦台新9C售03  ,0,0,0,0,0,0,0,0,0,1000,0,0,0,60000,59000,1000,1000
08290P,高鐵統一01售01  ,0,0,0,0,0,0,0,0,0,1000,0,0,0,2000,1000,1000,1000
08655P,大立光群益02售02,0,0,0,0,0,0,0,0,0,1000,0,0,0,1000,0,1000,1000
08831P,台積電群益01售11,0,0,0,0,0,0,0,0,0,1000,0,0,0,1000,0,1000,1000
08939P,緯穎元大01售06  ,0,0,0,0,0,0,0,0,0,1000,0,0,0,1000,0,1000,1000
08897P,國巨群益01售10  ,0,0,0,0,0,0,0,0,0,1000,0,0,0,1000,0,1000,1000
08860P,鴻海統一01售06  ,0,0,0,0,0,0,0,0,0,1000,0,0,0,1000,0,1000,1000
08935P,鴻海元大01售19  ,0,0,0,0,0,0,0,0,0,1000,0,0,0,1000,0,1000,1000
08942P,上証2X國票02售04,0,0,0,0,0,0,0,0,0,1000,0,0,0,1000,0,1000,1000
9924,福興            ,10000,11000,-1000,0,0,0,0,0,0,2000,6000,4000,2000,0,0,0,1000
4952,凌通            ,17000,16000,1000,0,0,0,0,0,0,0,0,0,0,0,0,0,1000
911868,同方友友-DR     ,2000,1000,1000,0,0,0,0,0,0,0,0,0,0,0,0,0,1000
6625,必應            ,1000,0,1000,0,0,0,0,0,0,0,0,0,0,0,0,0,1000
6671,三能-KY         ,3000,2000,1000,0,0,0,0,0,0,0,0,0,0,0,0,0,1000
6216,居易            ,3000,2000,1000,0,0,0,0,0,0,0,0,0,0,0,0,0,1000
6442,光聖            ,2000,1000,1000,0,0,0,0,0,0,0,0,0,0,0,0,0,1000
068668,國巨統一03購03  ,0,0,0,0,0,0,0,0,0,0,0,0,0,2000,2000,0,0
068698,聯鈞凱基02購01  ,0,0,0,0,0,0,0,0,0,0,0,0,0,10000,10000,0,0
068706,國產國票03購01  ,0,0,0,0,0,0,0,0,0,0,0,0,0,33000,33000,0,0
068723,億光元大02購01  ,0,0,0,0,0,0,0,0,0,0,0,0,0,10000,10000,0,0
068768,台積電統一05購01,0,0,0,0,0,0,0,0,0,0,0,0,0,10000,10000,0,0
068171,T50反1中信05購02,0,0,0,0,0,0,0,0,0,0,0,0,0,200000,200000,0,0
068449,國巨國票01購03  ,0,0,0,0,0,0,0,0,0,0,0,0,0,2000,2000,0,0
068451,台積電國票01購11,0,0,0,0,0,0,0,0,0,0,0,0,0,40000,40000,0,0
06843P,鴻海元大98售11  ,0,0,0,0,0,0,0,0,0,0,0,0,0,1000000,1000000,0,0
068444,中磊凱基01購01  ,0,0,0,0,0,0,0,0,0,0,0,0,0,28000,28000,0,0
068467,台灣50群益01購15,0,0,0,0,0,0,0,0,0,0,0,0,0,2000,2000,0,0
068381,玉晶光永豐03購01,0,0,0,0,0,0,0,0,0,0,0,0,0,1000,1000,0,0
069006,義隆兆豐04購01  ,0,0,0,0,0,0,0,0,0,0,0,0,0,1000,1000,0,0
069013,緯創兆豐03購01  ,0,0,0,0,0,0,0,0,0,0,0,0,0,3000,3000,0,0
069043,上銀元富08購01  ,0,0,0,0,0,0,0,0,0,0,0,0,0,20000,20000,0,0
07004P,大立光兆豐9A售01,0,0,0,0,0,0,0,0,0,0,0,0,0,33000,33000,0,0
07015P,國巨元大99售13  ,0,0,0,0,0,0,0,0,0,0,0,0,0,15000,15000,0,0
06987P,鴻海元富99售08  ,0,0,0,0,0,0,0,0,0,0,0,0,0,10000,10000,0,0
07460P,臺股指元大9B售03,0,0,0,0,0,0,0,0,0,0,0,0,0,120000,120000,0,0
07200P,臺股指元大99售16,7000,0,7000,0,0,0,0,0,0,-7000,0,0,0,0,7000,-7000,0
07059P,華通國票9A售02  ,0,0,0,0,0,0,0,0,0,0,0,0,0,100000,100000,0,0
068898,健策元大02購05  ,0,0,0,0,0,0,0,0,0,0,0,0,0,7000,7000,0,0
068929,台積電永豐02購02,0,0,0,0,0,0,0,0,0,0,0,0,0,27000,27000,0,0
068930,億光永豐02購01  ,0,0,0,0,0,0,0,0,0,0,0,0,0,11000,11000,0,0
068978,義隆元大02購02  ,0,0,0,0,0,0,0,0,0,0,0,0,0,6000,6000,0,0
068886,群創統一02購04  ,0,0,0,0,0,0,0,0,0,0,0,0,0,6000,6000,0,0
07829P,旺宏凱基9A售07  ,0,0,0,0,0,0,0,0,0,0,0,0,0,5000,5000,0,0
07673P,電子類元大9A售01,0,0,0,0,0,0,0,0,0,0,0,0,0,180000,180000,0,0
07475P,A50正2群益9C售02,0,0,0,0,0,0,0,0,0,0,0,0,0,1000,1000,0,0
08147P,聯發科群益9B售10,0,0,0,0,0,0,0,0,0,0,0,0,0,50000,50000,0,0
08111P,臺股指中信01售06,0,0,0,0,0,0,0,0,0,0,0,0,0,5000,5000,0,0
067940,健策凱基01購04  ,0,0,0,0,0,0,0,0,0,0,0,0,0,13000,13000,0,0
067948,群創國泰03購01  ,0,0,0,0,0,0,0,0,0,0,0,0,0,369000,369000,0,0
067934,美律凱基01購01  ,0,0,0,0,0,0,0,0,0,0,0,0,0,2000,2000,0,0
068138,道瓊銀元大01購03,0,0,0,0,0,0,0,0,0,0,0,0,0,1000,1000,0,0
068020,玉晶光國票02購07,0,0,0,0,0,0,0,0,0,0,0,0,0,1000,1000,0,0
068017,玉晶光國票01購09,0,0,0,0,0,0,0,0,0,0,0,0,0,1000,1000,0,0
067605,新日興凱基02購02,0,0,0,0,0,0,0,0,0,0,0,0,0,1000,1000,0,0
067589,拓凱群益02購01  ,0,0,0,0,0,0,0,0,0,0,0,0,0,58000,58000,0,0
06755P,大立光永豐98售03,0,0,0,0,0,0,0,0,0,0,0,0,0,1000,1000,0,0
06771P,台灣50中信02售01,0,0,0,0,0,0,0,0,0,0,0,0,0,15000,15000,0,0
067716,台船凱基01購01  ,0,0,0,0,0,0,0,0,0,0,0,0,0,62000,62000,0,0
067714,上銀凱基01購01  ,0,0,0,0,0,0,0,0,0,0,0,0,0,10000,10000,0,0
067697,致茂國票02購01  ,0,0,0,0,0,0,0,0,0,0,0,0,0,13000,13000,0,0
06732P,台灣50日盛9A售01,0,0,0,0,0,0,0,0,0,0,0,0,0,530000,530000,0,0
067226,台灣50群益01購09,0,0,0,0,0,0,0,0,0,0,0,0,0,10000,10000,0,0
067488,群創元大03購01  ,0,0,0,0,0,0,0,0,0,0,0,0,0,100000,100000,0,0
067442,南港國票02購01  ,0,0,0,0,0,0,0,0,0,0,0,0,0,12000,12000,0,0
067482,高鐵元大01購01  ,0,0,0,0,0,0,0,0,0,0,0,0,0,100000,100000,0,0
067425,京元電凱基01購01,0,0,0,0,0,0,0,0,0,0,0,0,0,65000,65000,0,0
067059,A50正2元大01購01,0,0,0,0,0,0,0,0,0,0,0,0,0,3000,3000,0,0
066990,啟碁群益01購01  ,0,0,0,0,0,0,0,0,0,0,0,0,0,20000,20000,0,0
067026,群創兆豐03購01  ,0,0,0,0,0,0,0,0,0,0,0,0,0,6000,6000,0,0
066907,聯發科凱基03購04,0,0,0,0,0,0,0,0,0,0,0,0,0,120000,120000,0,0
066903,中興電凱基01購01,0,0,0,0,0,0,0,0,0,0,0,0,0,7000,7000,0,0
066929,國巨國票02購03  ,0,0,0,0,0,0,0,0,0,0,0,0,0,9000,9000,0,0
066937,群創國票03購01  ,0,0,0,0,0,0,0,0,0,0,0,0,0,6000,6000,0,0
066955,新日興元大01購01,0,0,0,0,0,0,0,0,0,0,0,0,0,102000,102000,0,0
057542,上銀凱基99購01  ,0,0,0,0,0,0,0,0,0,0,0,0,0,40000,40000,0,0
057529,嘉晶元大99購02  ,0,0,0,0,0,0,0,0,0,0,0,0,0,2000,2000,0,0
057480,技嘉元大98購03  ,0,0,0,0,0,0,0,0,0,0,0,0,0,1000,1000,0,0
057618,台光電凱基99購01,0,0,0,0,0,0,0,0,0,0,0,0,0,10000,10000,0,0
057691,健策凱基99購01  ,0,0,0,0,0,0,0,0,0,0,0,0,0,1000,1000,0,0
057721,華擎元富98購02  ,0,0,0,0,0,0,0,0,0,0,0,0,0,2000,2000,0,0
057735,台灣50富邦9C購02,0,0,0,0,0,0,0,0,0,0,0,0,0,125000,125000,0,0
058021,牧德凱基98購02  ,0,0,0,0,0,0,0,0,0,0,0,0,0,20000,20000,0,0
058013,SP黃豆凱基9A購01,0,0,0,0,0,0,0,0,0,0,0,0,0,100000,100000,0,0
060013,S&P正2康和99購01,0,0,0,0,0,0,0,0,0,0,0,0,0,5000,5000,0,0
058143,瑞儀元大99購02  ,0,0,0,0,0,0,0,0,0,0,0,0,0,10000,10000,0,0
060601,技嘉凱基9A購02  ,0,0,0,0,0,0,0,0,0,0,0,0,0,10000,10000,0,0
060608,玉晶光凱基9A購08,0,0,0,0,0,0,0,0,0,0,0,0,0,10000,10000,0,0
060610,玉晶光凱基9B購02,0,0,0,0,0,0,0,0,0,0,0,0,0,1000,1000,0,0
060624,玉晶光元大9C購02,0,0,0,0,0,0,0,0,0,0,0,0,0,1000,1000,0,0
060706,群創富邦9A購01  ,0,0,0,0,0,0,0,0,0,0,0,0,0,5000,5000,0,0
061359,台灣50兆豐9C購02,0,0,0,0,0,0,0,0,0,0,0,0,0,45000,45000,0,0
063565,旺宏元大9B購08  ,0,0,0,0,0,0,0,0,0,0,0,0,0,27000,27000,0,0
062494,中石化中信9C購01,0,0,0,0,0,0,0,0,0,0,0,0,0,9000,9000,0,0
061395,健策統一9C購02  ,0,0,0,0,0,0,0,0,0,0,0,0,0,8000,8000,0,0
058358,技嘉凱基9A購01  ,0,0,0,0,0,0,0,0,0,0,0,0,0,10000,10000,0,0
058439,玉晶光統一01購02,0,0,0,0,0,0,0,0,0,0,0,0,0,1000,1000,0,0
058470,台灣50日盛9B購02,0,0,0,0,0,0,0,0,0,0,0,0,0,35000,35000,0,0
058403,玉晶光元大99購12,0,0,0,0,0,0,0,0,0,0,0,0,0,1000,1000,0,0
058371,智原凱基9A購01  ,0,0,0,0,0,0,0,0,0,0,0,0,0,7000,7000,0,0
058420,聯發科麥證99購03,0,0,0,45000,0,45000,0,0,0,0,0,0,0,45000,45000,0,0
059956,玉山金康和99購01,0,0,0,0,0,0,0,0,0,0,0,0,0,19000,19000,0,0
058241,景碩元大99購05  ,0,0,0,0,0,0,0,0,0,0,0,0,0,1000,1000,0,0
058237,嘉晶元大99購04  ,0,0,0,0,0,0,0,0,0,0,0,0,0,1000,1000,0,0
058539,聯發科台新99購01,0,0,0,0,0,0,0,0,0,0,0,0,0,32000,32000,0,0
058555,矽創永豐9A購01  ,0,0,0,0,0,0,0,0,0,0,0,0,0,68000,68000,0,0
058589,群創中信01購01  ,0,0,0,0,0,0,0,0,0,0,0,0,0,15000,15000,0,0
057919,技嘉凱基98購03  ,0,0,0,0,0,0,0,0,0,0,0,0,0,10000,10000,0,0
057996,臻鼎中信98購01  ,0,0,0,0,0,0,0,0,0,0,0,0,0,10000,10000,0,0
058959,南茂國票9A購01  ,0,0,0,0,0,0,0,0,0,0,0,0,0,4000,4000,0,0
059707,健策凱基9A購03  ,0,0,0,0,0,0,0,0,0,0,0,0,0,9000,9000,0,0
059681,華新科國泰9B購02,0,0,0,0,0,0,0,0,0,0,0,0,0,3000,3000,0,0
059642,健策凱基99購04  ,0,0,0,0,0,0,0,0,0,0,0,0,0,8000,8000,0,0
059645,祥碩凱基99購05  ,0,0,0,0,0,0,0,0,0,0,0,0,0,10000,10000,0,0
059646,聯茂凱基99購06  ,0,0,0,0,0,0,0,0,0,0,0,0,0,10000,10000,0,0
058874,聯鈞國票9A購01  ,0,0,0,0,0,0,0,0,0,0,0,0,0,18000,18000,0,0
058827,聯發科永豐9A購01,0,0,0,0,0,0,0,0,0,0,0,0,0,65000,65000,0,0
058833,台表科永豐99購01,0,0,0,0,0,0,0,0,0,0,0,0,0,10000,10000,0,0
059572,華新科凱基99購08,0,0,0,0,0,0,0,0,0,0,0,0,0,7000,7000,0,0
059623,聯電凱基99購02  ,0,0,0,0,0,0,0,0,0,0,0,0,0,3000,3000,0,0
059538,健策凱基99購03  ,0,0,0,0,0,0,0,0,0,0,0,0,0,10000,10000,0,0
059550,台灣50日盛99購02,0,0,0,0,0,0,0,0,0,0,0,0,0,10000,10000,0,0
059436,大立光元大99購18,3000,0,3000,0,0,0,0,0,0,-3000,0,0,0,0,3000,-3000,0
059466,國巨元大99購26  ,0,0,0,0,0,0,0,0,0,0,0,0,0,6000,6000,0,0
059198,華新科永豐99購06,0,0,0,0,0,0,0,0,0,0,0,0,0,1000,1000,0,0
059301,華新科群益99購04,0,0,0,0,0,0,0,0,0,0,0,0,0,4000,4000,0,0
059267,群創中信01購02  ,0,0,0,0,0,0,0,0,0,0,0,0,0,6000,6000,0,0
059253,康控凱基9B購02  ,0,0,0,0,0,0,0,0,0,0,0,0,0,10000,10000,0,0
059249,大立光凱基99購05,0,0,0,0,0,0,0,0,0,0,0,0,0,10000,10000,0,0
059058,可成凱基9B購01  ,0,0,0,0,0,0,0,0,0,0,0,0,0,68000,68000,0,0
059101,康控統一9A購01  ,0,0,0,0,0,0,0,0,0,0,0,0,0,22000,22000,0,0
057259,台積電兆豐98購03,0,0,0,0,0,0,0,0,0,0,0,0,0,668000,668000,0,0
057201,華擎元富98購01  ,0,0,0,0,0,0,0,0,0,0,0,0,0,5000,5000,0,0
057202,TPK元富98購02   ,0,0,0,0,0,0,0,0,0,0,0,0,0,16000,16000,0,0
056776,聯茂元大99購01  ,0,0,0,0,0,0,0,0,0,0,0,0,0,3000,3000,0,0
03678C,臺股指凱基01牛02,0,0,0,0,0,0,0,0,0,0,0,0,0,9000,9000,0,0
055997,矽創國泰99購01  ,0,0,0,0,0,0,0,0,0,0,0,0,0,10000,10000,0,0
03681C,台灣50凱基02牛02,0,0,0,0,0,0,0,0,0,0,0,0,0,6000,6000,0,0
056771,嘉晶元大99購01  ,0,0,0,0,0,0,0,0,0,0,0,0,0,2000,2000,0,0
054559,台光電群益99購01,0,0,0,0,0,0,0,0,0,0,0,0,0,10000,10000,0,0
055281,台光電元大98購03,0,0,0,0,0,0,0,0,0,0,0,0,0,1000,1000,0,0
055813,聯發科國票98購04,0,0,0,0,0,0,0,0,0,0,0,0,0,1000,1000,0,0
055797,華通富邦98購01  ,0,0,0,0,0,0,0,0,0,0,0,0,0,9000,9000,0,0
059879,GIS凱基99購03   ,0,0,0,0,0,0,0,0,0,0,0,0,0,10000,10000,0,0
059828,健策凱基99購05  ,0,0,0,0,0,0,0,0,0,0,0,0,0,9000,9000,0,0
059905,A50正2元大9C購06,0,0,0,0,0,0,0,0,0,0,0,0,0,5000,5000,0,0
059728,聯鈞元大99購01  ,0,0,0,0,0,0,0,0,0,0,0,0,0,10000,10000,0,0
059783,旺宏元大99購17  ,0,0,0,0,0,0,0,0,0,0,0,0,0,10000,10000,0,0
057793,群創統一99購02  ,0,0,0,0,0,0,0,0,0,0,0,0,0,4000,4000,0,0
056689,玉晶光統一9A購03,0,0,0,0,0,0,0,0,0,0,0,0,0,5000,5000,0,0
057856,聯鈞國票99購03  ,0,0,0,0,0,0,0,0,0,0,0,0,0,18000,18000,0,0
058684,健策凱基99購02  ,0,0,0,0,0,0,0,0,0,0,0,0,0,13000,13000,0,0
056455,群創凱基9A購01  ,0,0,0,0,0,0,0,0,0,0,0,0,0,6000,6000,0,0
056636,台積電日盛9A購01,0,0,0,0,0,0,0,0,0,0,0,0,0,100000,100000,0,0
057367,技嘉元大98購02  ,0,0,0,0,0,0,0,0,0,0,0,0,0,1000,1000,0,0
057339,群創國票99購02  ,0,0,0,0,0,0,0,0,0,0,0,0,0,5000,5000,0,0
03315P,聯發科群益02售12,0,0,0,0,0,0,0,0,0,0,0,0,0,15000,15000,0,0
03250P,日月光元富07售02,0,0,0,0,0,0,0,0,0,0,0,0,0,40000,40000,0,0
03219P,台積電康和02售01,0,0,0,0,0,0,0,0,0,0,0,0,0,9000,9000,0,0
008201,BP上證50        ,0,0,0,0,0,0,0,0,0,0,0,0,0,100,100,0,0
00731,FH富時高息低波  ,0,5000,-5000,0,0,0,0,0,0,5000,0,0,0,1014000,1009000,5000,0
00707R,元大S&P日圓反1  ,0,0,0,0,0,0,0,0,0,0,0,0,0,1000,1000,0,0
00643K,群益深証中小+R  ,0,0,0,0,0,0,0,0,0,0,0,0,0,2000,2000,0,0
00636K,國泰中國A50+U   ,0,0,0,0,0,0,0,0,0,0,0,0,0,100,100,0,0
00657K,國泰日經225+U   ,0,0,0,0,0,0,0,0,0,0,0,0,0,100,100,0,0
00668K,國泰美國道瓊+U  ,0,0,0,0,0,0,0,0,0,0,0,0,0,100,100,0,0
00666R,富邦恒生國企反1 ,0,0,0,0,0,0,0,0,0,0,0,0,0,82000,82000,0,0
046942,友達元大99購01  ,0,0,0,0,0,0,0,0,0,0,0,0,0,5000,5000,0,0
046375,友達凱基98購01  ,0,0,0,0,0,0,0,0,0,0,0,0,0,2000,2000,0,0
056375,玉晶光統一01購01,0,0,0,0,0,0,0,0,0,0,0,0,0,30000,30000,0,0
056346,聯茂凱基99購02  ,0,0,0,0,0,0,0,0,0,0,0,0,0,39000,39000,0,0
052542,友達元富98購01  ,0,0,0,0,0,0,0,0,0,0,0,0,0,2000,2000,0,0
052853,友達日盛99購01  ,0,0,0,0,0,0,0,0,0,0,0,0,0,3000,3000,0,0
053095,台光電統一98購01,0,0,0,0,0,0,0,0,0,0,0,0,0,20000,20000,0,0
053811,國巨群益98購02  ,0,0,0,0,0,0,0,0,0,0,0,0,0,40000,40000,0,0
03183P,鴻海元大01售28  ,0,0,0,0,0,0,0,0,0,0,0,0,0,50000,50000,0,0
03002P,玉晶光群益02售18,0,0,0,0,0,0,0,0,0,0,0,0,0,10000,10000,0,0
03122P,台積電元大01售44,0,0,0,0,0,0,0,0,0,0,0,0,0,60000,60000,0,0
062075,智邦元大9B購03  ,0,0,0,0,0,0,0,0,0,0,0,0,0,2000,2000,0,0
062687,華擎統一01購02  ,0,0,0,0,0,0,0,0,0,0,0,0,0,108000,108000,0,0
062728,健策凱基9B購04  ,0,0,0,0,0,0,0,0,0,0,0,0,0,2000,2000,0,0
062729,神達凱基9B購02  ,0,0,0,0,0,0,0,0,0,0,0,0,0,2000,2000,0,0
062730,致伸凱基9B購01  ,0,0,0,0,0,0,0,0,0,0,0,0,0,20000,20000,0,0
062487,中興電永豐9B購01,0,0,0,0,0,0,0,0,0,0,0,0,0,5000,5000,0,0
062357,國巨元大9B購11  ,0,0,0,0,0,0,0,0,0,0,0,0,0,25000,25000,0,0
062371,健策元大9B購08  ,0,0,0,0,0,0,0,0,0,0,0,0,0,1000,1000,0,0
062349,新日興群益9B購02,0,0,0,0,0,0,0,0,0,0,0,0,0,7000,7000,0,0
062385,玉晶光國泰01購01,0,0,0,0,0,0,0,0,0,0,0,0,0,1000,1000,0,0
062448,健策元大9C購04  ,0,0,0,0,0,0,0,0,0,0,0,0,0,5000,5000,0,0
061456,玉晶光凱基9B購05,0,0,0,0,0,0,0,0,0,0,0,0,0,10000,10000,0,0
061434,國巨麥證9A購04  ,0,0,0,2000,0,2000,0,0,0,0,0,0,0,2000,2000,0,0
061468,神達群益9A購01  ,0,0,0,0,0,0,0,0,0,0,0,0,0,3000,3000,0,0
062829,泰碩群益9B購01  ,0,0,0,0,0,0,0,0,0,0,0,0,0,6000,6000,0,0
062903,燿華元大9B購04  ,0,0,0,0,0,0,0,0,0,0,0,0,0,1000,1000,0,0
063019,聯發科元大9C購01,0,0,0,0,0,0,0,0,0,0,0,0,0,12000,12000,0,0
063052,國巨統一9C購10  ,0,0,0,0,0,0,0,0,0,0,0,0,0,2000,2000,0,0
063042,同欣電凱基9C購01,0,0,0,0,0,0,0,0,0,0,0,0,0,1000,1000,0,0
063678,友達國泰9C購01  ,0,0,0,0,0,0,0,0,0,0,0,0,0,2000,2000,0,0
062593,健策統一9B購03  ,0,0,0,0,0,0,0,0,0,0,0,0,0,11000,11000,0,0
062636,聯鈞國票9B購01  ,0,0,0,0,0,0,0,0,0,0,0,0,0,2000,2000,0,0
062606,聯電凱基9C購02  ,0,0,0,0,0,0,0,0,0,0,0,0,0,4000,4000,0,0
062134,國巨群益9B購04  ,0,0,0,0,0,0,0,0,0,0,0,0,0,1000,1000,0,0
062113,瑞祺國票9B購01  ,0,0,0,0,0,0,0,0,0,0,0,0,0,30000,30000,0,0
062202,國巨國票9C購04  ,0,0,0,0,0,0,0,0,0,0,0,0,0,5000,5000,0,0
063100,聚陽群益9C購02  ,0,0,0,0,0,0,0,0,0,0,0,0,0,1000,1000,0,0
063134,裕隆統一01購01  ,0,0,0,0,0,0,0,0,0,0,0,0,0,10000,10000,0,0
063132,台表科元大9C購02,0,0,0,0,0,0,0,0,0,0,0,0,0,2000,2000,0,0
063093,國產國票9B購01  ,0,0,0,0,0,0,0,0,0,0,0,0,0,28000,28000,0,0
063747,國巨國票9C購06  ,0,0,0,0,0,0,0,0,0,0,0,0,0,2000,2000,0,0
063647,超眾元大9B購02  ,0,0,0,0,0,0,0,0,0,0,0,0,0,14000,14000,0,0
063424,新日興凱基01購01,0,0,0,0,0,0,0,0,0,0,0,0,0,7000,7000,0,0
063432,金寶元富9B購01  ,0,0,0,0,0,0,0,0,0,0,0,0,0,200000,200000,0,0
063279,國巨元大9C購05  ,0,0,0,0,0,0,0,0,0,0,0,0,0,50000,50000,0,0
063521,國巨凱基03購01  ,0,0,0,0,0,0,0,0,0,0,0,0,0,2000,2000,0,0
062521,玉晶光元大9C購05,0,0,0,0,0,0,0,0,0,0,0,0,0,1000,1000,0,0
062526,友達統一01購01  ,0,0,0,0,0,0,0,0,0,0,0,0,0,100000,100000,0,0
063083,聯發科凱基01購02,0,0,0,0,0,0,0,0,0,0,0,0,0,36000,36000,0,0
064109,上銀國票01購01  ,0,0,0,0,0,0,0,0,0,0,0,0,0,5000,5000,0,0
064126,聯發科元大9C購05,0,0,0,0,0,0,0,0,0,0,0,0,0,2000,2000,0,0
064239,群創統一02購01  ,0,0,0,0,0,0,0,0,0,0,0,0,0,34000,34000,0,0
064223,日電貿國票01購01,0,0,0,0,0,0,0,0,0,0,0,0,0,50000,50000,0,0
064225,健策國票01購02  ,0,0,0,0,0,0,0,0,0,0,0,0,0,4000,4000,0,0
061901,柏文永豐9B購01  ,0,0,0,0,0,0,0,0,0,0,0,0,0,15000,15000,0,0
061897,泰碩永豐9B購01  ,0,0,0,0,0,0,0,0,0,0,0,0,0,100000,100000,0,0
064091,台郡凱基01購01  ,0,0,0,0,0,0,0,0,0,0,0,0,0,54000,54000,0,0
060339,國巨統一01購01  ,0,0,0,0,0,0,0,0,0,0,0,0,0,2000,2000,0,0
060340,國巨統一01購02  ,0,0,0,0,0,0,0,0,0,0,0,0,0,2000,2000,0,0
061831,智邦凱基9B購02  ,0,0,0,0,0,0,0,0,0,0,0,0,0,2000,2000,0,0
061743,祥碩凱基9B購02  ,0,0,0,0,0,0,0,0,0,0,0,0,0,20000,20000,0,0
061705,健策國票9A購06  ,0,0,0,0,0,0,0,0,0,0,0,0,0,1000,1000,0,0
061679,健策元大9B購04  ,0,0,0,0,0,0,0,0,0,0,0,0,0,4000,4000,0,0
064601,嘉晶元富9C購03  ,0,0,0,0,0,0,0,0,0,0,0,0,0,1000,1000,0,0
064514,喬山群益9C購01  ,0,0,0,0,0,0,0,0,0,0,0,0,0,10000,10000,0,0
064616,智邦元大9C購04  ,0,0,0,0,0,0,0,0,0,0,0,0,0,3000,3000,0,0
064629,和潤元大9C購01  ,0,0,0,0,0,0,0,0,0,0,0,0,0,50000,50000,0,0
064308,國巨群益9C購09  ,0,0,0,0,0,0,0,0,0,0,0,0,0,1000,1000,0,0
064295,聚陽國票01購01  ,0,0,0,0,0,0,0,0,0,0,0,0,0,15000,15000,0,0
064400,大成鋼凱基01購01,0,0,0,0,0,0,0,0,0,0,0,0,0,100000,100000,0,0
064344,緯創元大9C購01  ,0,0,0,0,0,0,0,0,0,0,0,0,0,1000,1000,0,0
060743,鴻海國票9A購03  ,0,0,0,0,0,0,0,0,0,0,0,0,0,36000,36000,0,0
061290,玉晶光統一01購04,0,0,0,0,0,0,0,0,0,0,0,0,0,1000,1000,0,0
061280,國巨統一9C購06  ,0,0,0,0,0,0,0,0,0,0,0,0,0,2000,2000,0,0
061482,健策元大9C購01  ,0,0,0,0,0,0,0,0,0,0,0,0,0,4000,4000,0,0
060806,華新科群益9A購03,0,0,0,0,0,0,0,0,0,0,0,0,0,10000,10000,0,0
063079,儒鴻凱基9B購01  ,0,0,0,0,0,0,0,0,0,0,0,0,0,20000,20000,0,0
063170,智邦第一9B購01  ,0,0,0,0,0,0,0,0,0,0,0,0,0,170000,170000,0,0
061622,臻鼎群益9A購01  ,0,0,0,0,0,0,0,0,0,0,0,0,0,10000,10000,0,0
061535,群創統一9C購01  ,0,0,0,0,0,0,0,0,0,0,0,0,0,4000,4000,0,0
061563,群創國票9B購02  ,0,0,0,0,0,0,0,0,0,0,0,0,0,4000,4000,0,0
060881,玉山金中信02購01,0,0,0,0,0,0,0,0,0,0,0,0,0,12000,12000,0,0
061015,旺宏麥證9A購03  ,0,0,0,1000,1000,0,0,0,0,0,0,0,0,1000,1000,0,0
060943,宏達電國票9B購02,0,0,0,0,0,0,0,0,0,0,0,0,0,21000,21000,0,0
060980,台積電元大9A購21,0,0,0,0,0,0,0,0,0,0,0,0,0,20000,20000,0,0
061106,群創元大9B購09  ,0,0,0,0,0,0,0,0,0,0,0,0,0,6000,6000,0,0
060553,祥碩凱基9A購01  ,0,0,0,0,0,0,0,0,0,0,0,0,0,10000,10000,0,0
060506,京元電元大9A購02,0,0,0,0,0,0,0,0,0,0,0,0,0,30000,30000,0,0
060471,台勝科元大9B購01,0,0,0,0,0,0,0,0,0,0,0,0,0,8000,8000,0,0
065018,台達電富邦03購01,0,0,0,0,0,0,0,0,0,0,0,0,0,5000,5000,0,0
065033,和碩兆豐9C購01  ,0,0,0,0,0,0,0,0,0,0,0,0,0,19000,19000,0,0
064978,群創元大9C購07  ,0,0,0,0,0,0,0,0,0,0,0,0,0,18000,18000,0,0
065144,大立光凱基01購06,0,0,0,0,0,0,0,0,0,0,0,0,0,12000,12000,0,0
065210,健策國票01購03  ,0,0,0,0,0,0,0,0,0,0,0,0,0,3000,3000,0,0
065172,義隆元大9C購05  ,0,0,0,0,0,0,0,0,0,0,0,0,0,7000,7000,0,0
065231,宏達電凱基01購01,0,0,0,0,0,0,0,0,0,0,0,0,0,1000,1000,0,0
065262,義隆元大9C購06  ,0,0,0,0,0,0,0,0,0,0,0,0,0,10000,10000,0,0
065399,新日興群益01購01,0,0,0,0,0,0,0,0,0,0,0,0,0,6000,6000,0,0
065411,旺宏永豐9C購02  ,0,0,0,0,0,0,0,0,0,0,0,0,0,9000,9000,0,0
065446,宏達電統一9C購02,0,0,0,0,0,0,0,0,0,0,0,0,0,62000,62000,0,0
065324,聯發科凱基9C購10,0,0,0,0,0,0,0,0,0,0,0,0,0,48000,48000,0,0
065316,大成鋼凱基9C購01,0,0,0,0,0,0,0,0,0,0,0,0,0,70000,70000,0,0
065291,日電貿群益01購01,0,0,0,0,0,0,0,0,0,0,0,0,0,10000,10000,0,0
065335,玉晶光台新9C購03,0,0,0,0,0,0,0,0,0,0,0,0,0,5000,5000,0,0
065459,台灣50台新9C購07,0,0,0,0,0,0,0,0,0,0,0,0,0,65000,65000,0,0
065519,台勝科群益9C購02,0,0,0,0,0,0,0,0,0,0,0,0,0,42000,42000,0,0
065553,聯詠凱基9C購03  ,0,0,0,0,0,0,0,0,0,0,0,0,0,10000,10000,0,0
06556P,臺股指元大99售08,0,0,0,0,0,0,0,0,0,0,0,0,0,1000,1000,0,0
064807,義隆元大9C購03  ,0,0,0,0,0,0,0,0,0,0,0,0,0,1000,1000,0,0
064803,智邦元大9C購05  ,0,0,0,0,0,0,0,0,0,0,0,0,0,25000,25000,0,0
064896,華新科群益01購02,0,0,0,0,0,0,0,0,0,0,0,0,0,12000,12000,0,0
064889,T50反1群益9C購02,0,0,0,0,0,0,0,0,0,0,0,0,0,30000,30000,0,0
064892,台達電群益9C購02,0,0,0,0,0,0,0,0,0,0,0,0,0,31000,31000,0,0
064163,康控統一01購01  ,0,0,0,0,0,0,0,0,0,0,0,0,0,120000,120000,0,0
064063,健策國泰01購02  ,0,0,0,0,0,0,0,0,0,0,0,0,0,5000,5000,0,0
064528,國巨中信02購01  ,0,0,0,0,0,0,0,0,0,0,0,0,0,2000,2000,0,0
064669,健策元大01購03  ,0,0,0,0,0,0,0,0,0,0,0,0,0,4000,4000,0,0
064537,健鼎國票01購02  ,0,0,0,0,0,0,0,0,0,0,0,0,0,25000,25000,0,0
064552,巨大凱基01購01  ,0,0,0,0,0,0,0,0,0,0,0,0,0,10000,10000,0,0
063800,玉晶光凱基9C購02,0,0,0,0,0,0,0,0,0,0,0,0,0,1000,1000,0,0
063826,中興電國票01購01,0,0,0,0,0,0,0,0,0,0,0,0,0,36000,36000,0,0
063897,神達群益9C購01  ,0,0,0,0,0,0,0,0,0,0,0,0,0,2000,2000,0,0
066804,緯創凱基01購01  ,0,0,0,0,0,0,0,0,0,0,0,0,0,4000,4000,0,0
06682P,玉晶光元大99售08,0,0,0,0,0,0,0,0,0,0,0,0,0,41000,41000,0,0
066839,台灣50元大01購24,0,0,0,0,0,0,0,0,0,0,0,0,0,4000,4000,0,0
066874,A50正2富邦02購01,0,0,0,0,0,0,0,0,0,0,0,0,0,54000,54000,0,0
066650,宏達電康和01購01,0,0,0,0,0,0,0,0,0,0,0,0,0,36000,36000,0,0
066712,台灣50元大01購20,0,2000,-2000,0,0,0,0,0,0,2000,0,0,0,5000,3000,2000,0
066713,台灣50元大01購21,0,0,0,0,0,0,0,0,0,0,0,0,0,4000,4000,0,0
066714,台灣50元大01購22,0,0,0,0,0,0,0,0,0,0,0,0,0,3000,3000,0,0
066708,嘉澤群益02購01  ,0,0,0,0,0,0,0,0,0,0,0,0,0,3000,3000,0,0
066744,和碩元大01購02  ,0,0,0,0,0,0,0,0,0,0,0,0,0,5000,5000,0,0
066747,台郡元大01購03  ,0,0,0,0,0,0,0,0,0,0,0,0,0,3000,3000,0,0
066397,智原凱基01購01  ,0,0,0,0,0,0,0,0,0,0,0,0,0,28000,28000,0,0
066189,和潤凱基01購01  ,0,0,0,0,0,0,0,0,0,0,0,0,0,100000,100000,0,0
065893,華新科統一02購02,0,0,0,0,0,0,0,0,0,0,0,0,0,13000,13000,0,0
065916,聯發科凱基01購10,0,0,0,0,0,0,0,0,0,0,0,0,0,22000,22000,0,0
065918,可成凱基01購01  ,0,0,0,0,0,0,0,0,0,0,0,0,0,3000,3000,0,0
065956,緯創統一01購01  ,0,0,0,0,0,0,0,0,0,0,0,0,0,3000,3000,0,0
065864,光寶科群益9C購01,0,0,0,0,0,0,0,0,0,0,0,0,0,10000,10000,0,0
065865,光寶科群益9C購02,0,0,0,0,0,0,0,0,0,0,0,0,0,5000,5000,0,0
065844,南亞科元大9C購09,0,0,0,0,0,0,0,0,0,0,0,0,0,30000,30000,0,0
065876,牧德群益02購01  ,0,0,0,0,0,0,0,0,0,0,0,0,0,10000,10000,0,0
065883,康友台新9C購01  ,0,0,0,0,0,0,0,0,0,0,0,0,0,130000,130000,0,0
065868,燿華群益02購01  ,0,0,0,0,0,0,0,0,0,0,0,0,0,37000,37000,0,0
065831,緯創凱基9C購03  ,0,0,0,0,0,0,0,0,0,0,0,0,0,4000,4000,0,0
065666,旺宏凱基9C購03  ,0,0,0,0,0,0,0,0,0,0,0,0,0,2000,2000,0,0
065702,聯發科群益9C購14,0,0,0,0,0,0,0,0,0,0,0,0,0,1000,1000,0,0
065727,冠德凱基9C購01  ,0,0,0,0,0,0,0,0,0,0,0,0,0,6000,6000,0,0
065725,技嘉凱基9C購03  ,0,0,0,0,0,0,0,0,0,0,0,0,0,20000,20000,0,0
065792,TPK永豐9C購02   ,0,0,0,0,0,0,0,0,0,0,0,0,0,1000,1000,0,0
065758,嘉澤元大9C購03  ,0,0,0,0,0,0,0,0,0,0,0,0,0,42000,42000,0,0
6674,鋐寶科技        ,1000,1000,0,0,0,0,0,0,0,0,0,0,0,0,0,0,0
8488,吉源-KY         ,0,1000,-1000,0,0,0,0,0,0,1000,1000,0,1000,0,0,0,0
8442,威宏-KY         ,1000,1000,0,0,0,0,0,0,0,0,0,0,0,0,0,0,0
4438,廣越            ,7000,7000,0,0,0,0,0,0,0,0,0,0,0,0,0,0,0
1235,興泰            ,1000,1000,0,0,0,0,0,0,0,0,0,0,0,0,0,0,0
08787P,滬深2X元富01售06,0,0,0,0,0,0,0,0,0,0,0,0,0,3000,3000,0,0
08684P,禾伸堂凱基01售01,0,0,0,0,0,0,0,0,0,0,0,0,0,20000,20000,0,0
08226P,台灣50元大9B售26,0,0,0,0,0,0,0,0,0,0,0,0,0,70000,70000,0,0
08220P,華邦電凱基9B售02,0,0,0,0,0,0,0,0,0,0,0,0,0,24000,24000,0,0
08168P,金像電群益9B售03,0,0,0,0,0,0,0,0,0,0,0,0,0,100000,100000,0,0
08393P,鴻海群益9C售05  ,0,0,0,0,0,0,0,0,0,0,0,0,0,20000,20000,0,0
08508P,臺股指國票9C售09,0,0,0,0,0,0,0,0,0,0,0,0,0,75000,75000,0,0
08597P,聯發科元大9C售18,0,0,0,0,0,0,0,0,0,0,0,0,0,230000,230000,0,0
3167,大量            ,12000,13000,-1000,0,0,0,0,0,0,1000,3000,2000,1000,0,0,0,0
3432,台端            ,3000,3000,0,0,0,0,0,0,0,0,0,0,0,0,0,0,0
2936,客思達-KY       ,2000,2000,0,0,0,0,0,0,0,0,0,0,0,0,0,0,0
1776,展宇            ,1000,2000,-1000,0,0,0,0,0,0,1000,1000,0,1000,0,0,0,0
2007,燁興            ,19000,19000,0,0,0,0,0,0,0,0,0,0,0,0,0,0,0
2033,佳大            ,0,1000,-1000,0,0,0,0,0,0,1000,1000,0,1000,0,0,0,0
1438,裕豐            ,1000,1000,0,0,0,0,0,0,0,0,0,0,0,0,0,0,0
066891,鴻海兆豐04購01  ,0,0,0,0,0,0,0,0,0,-1000,0,0,0,0,1000,-1000,-1000
067103,聯發科群益01購04,0,0,0,0,0,0,0,0,0,-1000,0,0,0,22000,23000,-1000,-1000
067518,大立光台新01購03,0,0,0,0,0,0,0,0,0,-1000,0,0,0,30000,31000,-1000,-1000
067210,聯發科元大01購18,0,0,0,0,0,0,0,0,0,-1000,0,0,0,82000,83000,-1000,-1000
067351,國巨群益01購08  ,0,0,0,0,0,0,0,0,0,-1000,0,0,0,36000,37000,-1000,-1000
067719,旺宏凱基01購03  ,0,0,0,0,0,0,0,0,0,-1000,0,0,0,6000,7000,-1000,-1000
067777,元上證群益01購01,0,0,0,0,0,0,0,0,0,-1000,0,0,0,0,1000,-1000,-1000
067767,鴻海統一03購04  ,0,0,0,0,0,0,0,0,0,-1000,0,0,0,0,1000,-1000,-1000
067628,力山永豐01購01  ,0,0,0,0,0,0,0,0,0,-1000,0,0,0,10000,11000,-1000,-1000
068061,台灣50兆豐01購03,0,0,0,0,0,0,0,0,0,-1000,0,0,0,10000,11000,-1000,-1000
068147,台積電元大02購06,0,0,0,0,0,0,0,0,0,-1000,0,0,0,2000,3000,-1000,-1000
068121,TPK元富03購01   ,0,0,0,0,0,0,0,0,0,-1000,0,0,0,143000,144000,-1000,-1000
08052P,臺股指國票9B售17,0,0,0,0,0,0,0,0,0,-1000,0,0,0,0,1000,-1000,-1000
07641P,上銀凱基9A售05  ,0,0,0,0,0,0,0,0,0,-1000,0,0,0,0,1000,-1000,-1000
07871P,台積電群益9C售02,0,0,0,0,0,0,0,0,0,-1000,0,0,0,0,1000,-1000,-1000
07952P,富邦金元大9B售02,0,0,0,0,0,0,0,0,0,-1000,0,0,0,49000,50000,-1000,-1000
07923P,元金2X凱基02售02,0,0,0,0,0,0,0,0,0,-1000,0,0,0,0,1000,-1000,-1000
07216P,大立光凱基99售08,0,0,0,0,0,0,0,0,0,-1000,0,0,0,0,1000,-1000,-1000
07047P,S&P500中信9B售02,0,0,0,0,0,0,0,0,0,-1000,0,0,0,0,1000,-1000,-1000
069055,台表科元富08購01,0,0,0,0,0,0,0,0,0,-1000,0,0,0,0,1000,-1000,-1000
068363,世紀鋼凱基01購02,0,0,0,0,0,0,0,0,0,-1000,0,0,0,0,1000,-1000,-1000
068188,T50反1凱基04購02,0,0,0,0,0,0,0,0,0,-1000,0,0,0,0,1000,-1000,-1000
068587,T50反1元富07購05,0,0,0,0,0,0,0,0,0,-1000,0,0,0,0,1000,-1000,-1000
068539,T50反1國票03購04,0,0,0,0,0,0,0,0,0,-1000,0,0,0,0,1000,-1000,-1000
03104P,大立光元富04售01,0,0,0,0,0,0,0,0,0,-1000,0,0,0,0,1000,-1000,-1000
03097P,聯發科凱基01售20,0,0,0,0,0,0,0,0,0,-1000,0,0,0,0,1000,-1000,-1000
02001L,富邦蘋果正二N   ,0,0,0,0,0,0,0,0,0,-1000,0,0,0,1000,2000,-1000,-1000
056385,創意國泰99購01  ,0,0,0,0,0,0,0,0,0,-1000,0,0,0,0,1000,-1000,-1000
056333,台積電日盛9B購01,0,0,0,0,0,0,0,0,0,-1000,0,0,0,59000,60000,-1000,-1000
00625K,富邦上証+R      ,0,0,0,0,0,0,0,0,0,-1000,0,0,0,50000,51000,-1000,-1000
00711B,FH彭博新興債    ,0,0,0,0,0,0,0,0,0,-1000,0,0,0,107000,108000,-1000,-1000
00774B,新光中國政金綠債,0,0,0,0,0,0,0,0,0,-1000,0,0,0,2000,3000,-1000,-1000
00775B,新光投等債15+   ,0,0,0,0,0,0,0,0,0,-1000,0,0,0,2000,3000,-1000,-1000
020015,統一MSCI美低波N ,0,0,0,0,0,0,0,0,0,-1000,0,0,0,0,1000,-1000,-1000
03232P,國巨元大02售06  ,0,0,0,0,0,0,0,0,0,-1000,0,0,0,0,1000,-1000,-1000
03240P,臺股指元大02售05,0,0,0,0,0,0,0,0,0,-1000,0,0,0,0,1000,-1000,-1000
03291P,國巨元大02售08  ,0,0,0,0,0,0,0,0,0,-1000,0,0,0,0,1000,-1000,-1000
03352P,臺股指麥證02售01,0,0,0,0,1000,-1000,0,0,0,-1000,0,0,0,0,1000,-1000,-1000
03419B,臺股指元富99熊03,0,0,0,0,0,0,0,0,0,-1000,0,0,0,0,1000,-1000,-1000
056607,貿聯富邦99購02  ,0,0,0,0,0,0,0,0,0,-1000,0,0,0,0,1000,-1000,-1000
056465,臺股指凱基99購07,0,0,0,0,0,0,0,0,0,-1000,0,0,0,0,1000,-1000,-1000
058773,和碩兆豐99購01  ,0,0,0,0,0,0,0,0,0,-1000,0,0,0,0,1000,-1000,-1000
058777,台光電國票9A購01,0,0,0,0,0,0,0,0,0,-1000,0,0,0,0,1000,-1000,-1000
054679,台積電康和99購01,0,0,0,0,0,0,0,0,0,-1000,0,0,0,0,1000,-1000,-1000
03686C,臺股指元大04牛05,0,0,0,0,0,0,0,0,0,-1000,0,0,0,1000,2000,-1000,-1000
056033,T50正2凱基99購02,0,0,0,0,0,0,0,0,0,-1000,0,0,0,0,1000,-1000,-1000
056963,建準永豐98購01  ,0,0,0,0,0,0,0,0,0,-1000,0,0,0,0,1000,-1000,-1000
057045,美律元大99購04  ,0,0,0,0,0,0,0,0,0,-1000,0,0,0,0,1000,-1000,-1000
057113,祥碩群益98購01  ,0,0,0,0,0,0,0,0,0,-1000,0,0,0,0,1000,-1000,-1000
057084,立積統一9B購01  ,0,0,0,0,0,0,0,0,0,-1000,0,0,0,3000,4000,-1000,-1000
059214,國巨元大99購20  ,0,0,0,0,0,0,0,0,0,-1000,0,0,0,7000,8000,-1000,-1000
059142,道瓊指國票9B購02,0,0,0,0,0,0,0,0,0,-1000,0,0,0,0,1000,-1000,-1000
059365,T50反1台新99購01,0,0,0,0,0,0,0,0,0,-1000,0,0,0,0,1000,-1000,-1000
057959,欣興元大98購14  ,0,0,0,0,0,0,0,0,0,-1000,0,0,0,1000,2000,-1000,-1000
057908,國泰金亞東99購01,0,0,0,0,0,0,0,0,0,-1000,0,0,0,0,1000,-1000,-1000
058558,鴻海日盛9A購02  ,0,0,0,0,0,0,0,0,0,-1000,0,0,0,0,1000,-1000,-1000
058272,超眾永豐9A購01  ,0,0,0,0,0,0,0,0,0,-1000,0,0,0,0,1000,-1000,-1000
058099,鴻海國泰9A購02  ,0,0,0,0,0,0,0,0,0,-1000,0,0,0,0,1000,-1000,-1000
060008,華邦電群益9A購01,0,0,0,0,0,0,0,0,0,-1000,0,0,0,0,1000,-1000,-1000
060056,大立光凱基9B購01,0,0,0,0,0,0,0,0,0,-1000,0,0,0,0,1000,-1000,-1000
060281,卜蜂元大9C購01  ,0,0,0,0,0,0,0,0,0,-1000,0,0,0,0,1000,-1000,-1000
057648,和碩元大98購01  ,0,0,0,0,0,0,0,0,0,-1000,0,0,0,0,1000,-1000,-1000
057563,旭富國泰9A購01  ,0,0,0,0,0,0,0,0,0,-1000,0,0,0,0,1000,-1000,-1000
060469,台勝科元大9A購02,0,0,0,0,0,0,0,0,0,-1000,0,0,0,10000,11000,-1000,-1000
060425,凌華永豐9A購01  ,0,0,0,0,0,0,0,0,0,-1000,0,0,0,0,1000,-1000,-1000
061573,義隆元大9A購02  ,0,0,0,0,0,0,0,0,0,-1000,0,0,0,6000,7000,-1000,-1000
060802,道瓊指中信9C購03,0,0,0,0,0,0,0,0,0,-1000,0,0,0,0,1000,-1000,-1000
063181,聚陽凱基9B購01  ,0,0,0,0,0,0,0,0,0,-1000,0,0,0,0,1000,-1000,-1000
063173,矽格中信9B購01  ,0,0,0,0,0,0,0,0,0,-1000,0,0,0,9000,10000,-1000,-1000
060759,南亞科元大9A購03,0,0,0,0,0,0,0,0,0,-1000,0,0,0,0,1000,-1000,-1000
064386,友達富邦01購01  ,0,0,0,0,0,0,0,0,0,-1000,0,0,0,1000,2000,-1000,-1000
064380,超眾元富9C購03  ,0,0,0,0,0,0,0,0,0,-1000,0,0,0,0,1000,-1000,-1000
061632,SP黃豆元大9A購06,0,0,0,0,0,0,0,0,0,-1000,0,0,0,0,1000,-1000,-1000
061787,華新科群益9C購01,0,0,0,0,0,0,0,0,0,-1000,0,0,0,120000,121000,-1000,-1000
064098,正崴群益9C購01  ,0,0,0,0,0,0,0,0,0,-1000,0,0,0,0,1000,-1000,-1000
062533,嘉澤統一9C購01  ,0,0,0,0,0,0,0,0,0,-1000,0,0,0,0,1000,-1000,-1000
063538,神達統一9C購01  ,0,0,0,0,0,0,0,0,0,-1000,0,0,0,8000,9000,-1000,-1000
063493,金像電富邦01購01,0,0,0,0,0,0,0,0,0,-1000,0,0,0,0,1000,-1000,-1000
06344P,臺股指統一99售03,0,0,0,0,0,0,0,0,0,-1000,0,0,0,0,1000,-1000,-1000
063325,SP黃豆國票9C購02,0,0,0,0,0,0,0,0,0,-1000,0,0,0,0,1000,-1000,-1000
063320,旭富群益9B購03  ,0,0,0,0,0,0,0,0,0,-1000,0,0,0,0,1000,-1000,-1000
063421,可成凱基9C購02  ,0,0,0,0,0,0,0,0,0,-1000,0,0,0,20000,21000,-1000,-1000
062119,世紀鋼中信9B購01,0,0,0,0,0,0,0,0,0,-1000,0,0,0,0,1000,-1000,-1000
062251,旺宏元大9B購06  ,0,0,0,0,0,0,0,0,0,-1000,0,0,0,0,1000,-1000,-1000
062273,國巨群益9C購02  ,0,0,0,0,0,0,0,0,0,-1000,0,0,0,0,1000,-1000,-1000
062635,創意國票9B購01  ,0,0,0,0,0,0,0,0,0,-1000,0,0,0,8000,9000,-1000,-1000
062493,元金反中信9B購01,0,0,0,0,0,0,0,0,0,-1000,0,0,0,0,1000,-1000,-1000
063717,宏達電兆豐9B購02,0,0,0,0,0,0,0,0,0,-1000,0,0,0,23000,24000,-1000,-1000
063162,國喬永豐9B購01  ,0,0,0,0,0,0,0,0,0,-1000,0,0,0,9000,10000,-1000,-1000
062843,臺股指群益9B購10,0,0,0,0,0,0,0,0,0,-1000,0,0,0,0,1000,-1000,-1000
062863,聯茂國票9B購01  ,0,0,0,0,0,0,0,0,0,-1000,0,0,0,0,1000,-1000,-1000
062378,台表科元大9C購01,0,0,0,0,0,0,0,0,0,-1000,0,0,0,9000,10000,-1000,-1000
062759,旺宏凱基9B購07  ,0,0,0,0,0,0,0,0,0,-1000,0,0,0,0,1000,-1000,-1000
062713,台灣50凱基02購03,0,0,0,0,0,0,0,0,0,-1000,0,0,0,3000,4000,-1000,-1000
062705,美食元大9B購01  ,0,0,0,0,0,0,0,0,0,-1000,0,0,0,29000,30000,-1000,-1000
065770,元黃金國票01購01,0,0,0,0,0,0,0,0,0,-1000,0,0,0,0,1000,-1000,-1000
065723,新日興兆豐01購01,0,0,0,0,0,0,0,0,0,-1000,0,0,0,56000,57000,-1000,-1000
065920,日月光凱基02購01,0,0,0,0,0,0,0,0,0,-1000,0,0,0,0,1000,-1000,-1000
065925,鴻海國票04購01  ,0,0,0,0,0,0,0,0,0,-1000,0,0,0,0,1000,-1000,-1000
066122,卜蜂群益03購01  ,0,0,0,0,0,0,0,0,0,-1000,0,0,0,0,1000,-1000,-1000
066364,可成中信03購01  ,0,0,0,0,0,0,0,0,0,-1000,0,0,0,0,1000,-1000,-1000
066716,高股息元大01購01,0,0,0,0,0,0,0,0,0,-1000,0,0,0,4000,5000,-1000,-1000
066643,旺宏麥證01購01  ,0,0,0,10000,11000,-1000,0,0,0,-1000,0,0,0,10000,11000,-1000,-1000
066601,上証2X富邦02購01,0,0,0,0,0,0,0,0,0,-1000,0,0,0,4000,5000,-1000,-1000
066621,川湖凱基01購01  ,0,0,0,0,0,0,0,0,0,-1000,0,0,0,0,1000,-1000,-1000
066880,上証2X永豐01購01,0,0,0,0,0,0,0,0,0,-1000,0,0,0,0,1000,-1000,-1000
063939,上銀元大9C購04  ,0,0,0,0,0,0,0,0,0,-1000,0,0,0,10000,11000,-1000,-1000
06463P,大立光富邦9A售01,0,0,0,0,0,0,0,0,0,-1000,0,0,0,0,1000,-1000,-1000
064069,華新科永豐9C購01,0,0,0,0,0,0,0,0,0,-1000,0,0,0,0,1000,-1000,-1000
064062,創意國泰01購01  ,0,0,0,0,0,0,0,0,0,-1000,0,0,0,0,1000,-1000,-1000
064871,緯穎永豐9C購03  ,0,0,0,0,0,0,0,0,0,-1000,0,0,0,0,1000,-1000,-1000
065618,電子類元大9C購01,0,0,0,0,0,0,0,0,0,-1000,0,0,0,5000,6000,-1000,-1000
065506,道瓊指群益9C購03,0,0,0,0,0,0,0,0,0,-1000,0,0,0,0,1000,-1000,-1000
065509,上銀群益9C購04  ,0,0,0,0,0,0,0,0,0,-1000,0,0,0,51000,52000,-1000,-1000
065526,台表科群益9C購03,0,0,0,0,0,0,0,0,0,-1000,0,0,0,20000,21000,-1000,-1000
065429,微星凱基02購02  ,0,0,0,0,0,0,0,0,0,-1000,0,0,0,29000,30000,-1000,-1000
065410,國巨永豐9C購01  ,0,0,0,0,0,0,0,0,0,-1000,0,0,0,5000,6000,-1000,-1000
065109,台勝科國票01購01,0,0,0,0,0,0,0,0,0,-1000,0,0,0,63000,64000,-1000,-1000
064947,台積電凱基01購08,0,0,0,0,0,0,0,0,0,-1000,0,0,0,0,1000,-1000,-1000
1416,廣豐            ,42000,43000,-1000,0,0,0,0,0,0,0,0,0,0,0,0,0,-1000
1441,大東            ,0,1000,-1000,0,0,0,0,0,0,0,0,0,0,0,0,0,-1000
1419,新紡            ,4000,5000,-1000,0,0,0,0,0,0,0,0,0,0,0,0,0,-1000
1341,富林-KY         ,0,1000,-1000,0,0,0,0,0,0,0,0,0,0,0,0,0,-1000
1410,南染            ,0,1000,-1000,0,0,0,0,0,0,0,0,0,0,0,0,0,-1000
1456,怡華            ,0,1000,-1000,0,0,0,0,0,0,0,0,0,0,0,0,0,-1000
1516,川飛            ,0,1000,-1000,0,0,0,0,0,0,0,0,0,0,0,0,0,-1000
1470,大統新創        ,0,1000,-1000,0,0,0,0,0,0,0,0,0,0,0,0,0,-1000
1727,中華化          ,2000,3000,-1000,0,0,0,0,0,0,0,0,0,0,0,0,0,-1000
1540,喬福            ,0,1000,-1000,0,0,0,0,0,0,0,0,0,0,0,0,0,-1000
2233,宇隆            ,20000,22000,-2000,0,0,0,0,0,0,1000,2000,1000,1000,0,0,0,-1000
2236,百達-KY         ,0,1000,-1000,0,0,0,0,0,0,0,0,0,0,0,0,0,-1000
2008,高興昌          ,0,1000,-1000,0,0,0,0,0,0,0,0,0,0,0,0,0,-1000
2365,昆盈            ,86000,94000,-8000,0,0,0,0,0,0,7000,16000,9000,7000,0,0,0,-1000
3025,星通            ,4000,5000,-1000,0,0,0,0,0,0,0,0,0,0,0,0,0,-1000
3383,新世紀          ,0,1000,-1000,0,0,0,0,0,0,0,0,0,0,0,0,0,-1000
3229,晟鈦            ,0,1000,-1000,0,0,0,0,0,0,0,0,0,0,0,0,0,-1000
2712,遠雄來          ,0,1000,-1000,0,0,0,0,0,0,0,0,0,0,0,0,0,-1000
2722,夏都            ,7000,8000,-1000,0,0,0,0,0,0,0,0,0,0,0,0,0,-1000
08581P,臺股指元大9C售29,0,0,0,0,0,0,0,0,0,-1000,0,0,0,6000,7000,-1000,-1000
08390P,旺宏凱基9C售02  ,0,0,0,0,0,0,0,0,0,-1000,0,0,0,20000,21000,-1000,-1000
08171P,嘉澤國票9C售01  ,0,0,0,0,0,0,0,0,0,-1000,0,0,0,150000,151000,-1000,-1000
08206P,鴻海群益9C售03  ,0,0,0,0,0,0,0,0,0,-1000,0,0,0,15000,16000,-1000,-1000
08643P,和碩群益9C售02  ,0,0,0,0,0,0,0,0,0,-1000,0,0,0,0,1000,-1000,-1000
08725P,臺股指元大01售06,0,0,0,0,0,0,0,0,0,-1000,0,0,0,7000,8000,-1000,-1000
08697P,臺股指麥證01售03,0,0,0,31000,32000,-1000,0,0,0,-1000,0,0,0,31000,32000,-1000,-1000
08705P,臺股指群益01售02,0,0,0,0,0,0,0,0,0,-1000,0,0,0,0,1000,-1000,-1000
08820P,台積電凱基01售10,0,0,0,0,0,0,0,0,0,-1000,0,0,0,0,1000,-1000,-1000
08810P,滬深2X群益03售05,0,0,0,0,0,0,0,0,0,-1000,0,0,0,0,1000,-1000,-1000
08800P,台積電元大01售20,0,0,0,0,0,0,0,0,0,-1000,0,0,0,0,1000,-1000,-1000
1233,天仁            ,0,1000,-1000,0,0,0,0,0,0,0,0,0,0,0,0,0,-1000
4148,全宇生技-KY     ,9000,10000,-1000,0,0,0,0,0,0,0,0,0,0,0,0,0,-1000
4571,鈞興-KY         ,0,1000,-1000,0,0,0,0,0,0,0,0,0,0,0,0,0,-1000
4562,穎漢            ,0,1000,-1000,0,0,0,0,0,0,0,0,0,0,0,0,0,-1000
4764,雙鍵            ,0,1000,-1000,0,0,0,0,0,0,0,0,0,0,0,0,0,-1000
3701,大眾控          ,0,1000,-1000,0,0,0,0,0,0,0,0,0,0,0,0,0,-1000
5225,東科-KY         ,35000,36000,-1000,0,0,0,0,0,0,0,0,0,0,0,0,0,-1000
5484,慧友            ,0,1000,-1000,0,0,0,0,0,0,0,0,0,0,0,0,0,-1000
8443,阿瘦            ,0,1000,-1000,0,0,0,0,0,0,0,0,0,0,0,0,0,-1000
8466,美吉吉-KY       ,1000,2000,-1000,0,0,0,0,0,0,0,0,0,0,0,0,0,-1000
6655,科定            ,0,1000,-1000,0,0,0,0,0,0,0,0,0,0,0,0,0,-1000
8201,無敵            ,5000,6000,-1000,0,0,0,0,0,0,0,0,0,0,0,0,0,-1000
9926,新海            ,0,1000,-1000,0,0,0,0,0,0,0,0,0,0,0,0,0,-1000
9930,中聯資源        ,26000,22000,4000,0,0,0,0,0,0,-5000,0,5000,-5000,0,0,0,-1000
2207,和泰車          ,105197,111000,-5803,0,0,0,1000,0,1000,3000,3000,0,3000,0,0,0,-1803
068487,台積電元大01購46,0,0,0,0,0,0,0,0,0,-2000,0,0,0,0,2000,-2000,-2000
068488,台積電元大01購47,0,0,0,0,0,0,0,0,0,-2000,0,0,0,0,2000,-2000,-2000
068592,台積電統一01購13,0,0,0,0,0,0,0,0,0,-2000,0,0,0,80000,82000,-2000,-2000
068782,牧德國票03購03  ,0,0,0,0,0,0,0,0,0,-2000,0,0,0,0,2000,-2000,-2000
068795,上緯控凱基02購02,0,0,0,0,0,0,0,0,0,-2000,0,0,0,3000,5000,-2000,-2000
068789,旺宏凱基04購01  ,0,0,0,0,0,0,0,0,0,-2000,0,0,0,13000,15000,-2000,-2000
068712,台灣50元大02購04,0,0,0,0,0,0,0,0,0,-2000,0,0,0,0,2000,-2000,-2000
068246,台積電元大01購38,0,0,0,0,0,0,0,0,0,-2000,0,0,0,0,2000,-2000,-2000
07190P,臺股指富邦9C售02,0,0,0,0,0,0,0,0,0,-2000,0,0,0,0,2000,-2000,-2000
07195P,大立光元大99售12,0,0,0,0,0,0,0,0,0,-2000,0,0,0,0,2000,-2000,-2000
068809,台灣50元大02購07,0,0,0,0,0,0,0,0,0,-2000,0,0,0,0,2000,-2000,-2000
068927,台達電永豐02購01,0,0,0,0,0,0,0,0,0,-2000,0,0,0,0,2000,-2000,-2000
07626P,台灣50凱基04售07,0,0,0,0,0,0,0,0,0,-2000,0,0,0,0,2000,-2000,-2000
08114P,國巨凱基9B售11  ,0,0,0,0,0,0,0,0,0,-2000,0,0,0,0,2000,-2000,-2000
068060,聯發科中信04購01,0,0,0,0,0,0,0,0,0,-2000,0,0,0,569000,571000,-2000,-2000
067990,台積電元大01購32,0,0,0,0,0,0,0,0,0,-2000,0,0,0,8000,10000,-2000,-2000
067619,臺股指凱基04購02,0,0,0,0,0,0,0,0,0,-2000,0,0,0,324000,326000,-2000,-2000
06776P,鴻海元大99售05  ,0,0,0,0,0,0,0,0,0,-2000,0,0,0,0,2000,-2000,-2000
067201,A50正2元大03購01,0,0,0,0,0,0,0,0,0,-2000,0,0,0,100000,102000,-2000,-2000
067187,聯陽凱基01購02  ,0,0,0,0,0,0,0,0,0,-2000,0,0,0,44000,46000,-2000,-2000
067179,健策康和01購01  ,0,0,0,0,0,0,0,0,0,-2000,0,0,0,13000,15000,-2000,-2000
057577,廣宇中信9A購01  ,0,0,0,0,0,0,0,0,0,-2000,0,0,0,0,2000,-2000,-2000
060293,緯創元大9A購01  ,0,0,0,0,0,0,0,0,0,-2000,0,0,0,0,2000,-2000,-2000
060154,堤維西永豐9A購01,0,0,0,0,0,0,0,0,0,-2000,0,0,0,0,2000,-2000,-2000
060106,旭富元大99購02  ,0,0,0,0,0,0,0,0,0,-2000,0,0,0,0,2000,-2000,-2000
060609,玉晶光凱基9B購01,0,0,0,0,0,0,0,0,0,-2000,0,0,0,0,2000,-2000,-2000
061388,台積電群益9A購05,0,0,0,0,0,0,0,0,0,-2000,0,0,0,118000,120000,-2000,-2000
057999,智邦亞東99購02  ,0,0,0,0,0,0,0,0,0,-2000,0,0,0,0,2000,-2000,-2000
059107,南茂國泰9A購01  ,0,0,0,0,0,0,0,0,0,-2000,0,0,0,0,2000,-2000,-2000
057244,鈺齊凱基99購01  ,0,0,0,0,0,0,0,0,0,-2000,0,0,0,8000,10000,-2000,-2000
058673,華新科群益9A購02,0,0,0,0,0,0,0,0,0,-2000,0,0,0,15000,17000,-2000,-2000
058738,FBVIX中信03購04 ,0,0,0,0,0,0,0,0,0,-2000,0,0,0,0,2000,-2000,-2000
058786,元黃金元大99購01,0,0,0,0,0,0,0,0,0,-2000,0,0,0,0,2000,-2000,-2000
059901,滬深2X元大9C購07,0,0,0,0,0,0,0,0,0,-2000,0,0,0,3000,5000,-2000,-2000
059944,欣興永豐99購03  ,0,0,0,0,0,0,0,0,0,-2000,0,0,0,0,2000,-2000,-2000
03333P,台積電元大03售03,0,0,0,0,0,0,0,0,0,-2000,0,0,0,0,2000,-2000,-2000
00657,國泰日經225     ,0,10000,-10000,0,0,0,0,0,0,8000,0,0,0,111000,103000,8000,-2000
056386,TPK國泰99購01   ,0,0,0,0,0,0,0,0,0,-2000,0,0,0,18000,20000,-2000,-2000
052890,FB上証群益9B購01,0,0,0,0,0,0,0,0,0,-2000,0,0,0,0,2000,-2000,-2000
052475,滬深2X群益99購06,0,0,0,0,0,0,0,0,0,-2000,0,0,0,13000,15000,-2000,-2000
03158P,大立光元大01售20,0,0,0,0,0,0,0,0,0,-2000,0,0,0,50000,52000,-2000,-2000
03166P,台積電台新03售01,0,0,0,0,0,0,0,0,0,-2000,0,0,0,0,2000,-2000,-2000
062739,嘉晶國票9B購02  ,0,0,0,0,0,0,0,0,0,-2000,0,0,0,7000,9000,-2000,-2000
062359,旺宏元大9C購02  ,0,0,0,0,0,0,0,0,0,-2000,0,0,0,0,2000,-2000,-2000
062894,道瓊銀元大9B購02,0,0,0,0,0,0,0,0,0,-2000,0,0,0,0,2000,-2000,-2000
062629,聯發科國票9C購01,0,0,0,0,0,0,0,0,0,-2000,0,0,0,0,2000,-2000,-2000
063509,超眾群益9B購03  ,0,0,0,0,0,0,0,0,0,-2000,0,0,0,0,2000,-2000,-2000
063501,旭富永豐9B購02  ,0,0,0,0,0,0,0,0,0,-2000,0,0,0,0,2000,-2000,-2000
061881,緯穎元大9B購02  ,0,0,0,0,0,0,0,0,0,-2000,0,0,0,10000,12000,-2000,-2000
061794,國巨永豐9B購01  ,0,0,0,0,0,0,0,0,0,-2000,0,0,0,0,2000,-2000,-2000
061655,微星國票9A購01  ,0,0,0,0,0,0,0,0,0,-2000,0,0,0,5000,7000,-2000,-2000
064315,創意群益9C購01  ,0,0,0,0,0,0,0,0,0,-2000,0,0,0,12000,14000,-2000,-2000
061282,台積電統一9C購06,0,0,0,0,0,0,0,0,0,-2000,0,0,0,0,2000,-2000,-2000
063188,TPK凱基9B購01   ,0,0,0,0,0,0,0,0,0,-2000,0,0,0,1000,3000,-2000,-2000
063192,技嘉台新9B購01  ,0,0,0,0,0,0,0,0,0,-2000,0,0,0,0,2000,-2000,-2000
060519,S&P500中信01購01,0,0,0,0,0,0,0,0,0,-2000,0,0,0,0,2000,-2000,-2000
065151,國巨群益9C購13  ,0,0,0,0,0,0,0,0,0,-2000,0,0,0,1000,3000,-2000,-2000
065228,南亞科凱基01購03,0,0,0,0,0,0,0,0,0,-2000,0,0,0,0,2000,-2000,-2000
065370,瑞昱元大9C購02  ,0,0,0,0,0,0,0,0,0,-2000,0,0,0,23000,25000,-2000,-2000
065355,聯發科元富03購05,0,0,0,0,0,0,0,0,0,-2000,0,0,0,5000,7000,-2000,-2000
065356,聯發科元富03購06,0,0,0,0,0,0,0,0,0,-2000,0,0,0,0,2000,-2000,-2000
065353,GIS統一02購03   ,0,0,0,0,0,0,0,0,0,-2000,0,0,0,4000,6000,-2000,-2000
065632,正崴國票01購01  ,0,0,0,0,0,0,0,0,0,-2000,0,0,0,0,2000,-2000,-2000
065571,神基群益01購01  ,0,0,0,0,0,0,0,0,0,-2000,0,0,0,16000,18000,-2000,-2000
065574,創意群益9C購04  ,0,0,0,0,0,0,0,0,0,-2000,0,0,0,0,2000,-2000,-2000
065590,元黃金元大9C購01,0,0,0,0,0,0,0,0,0,-2000,0,0,0,0,2000,-2000,-2000
064818,華新統一01購01  ,0,0,0,0,0,0,0,0,0,-2000,0,0,0,18000,20000,-2000,-2000
064821,聯電統一02購01  ,0,0,0,0,0,0,0,0,0,-2000,0,0,0,77000,79000,-2000,-2000
064071,台郡永豐9C購01  ,0,0,0,0,0,0,0,0,0,-2000,0,0,0,8000,10000,-2000,-2000
064706,嘉晶富邦01購01  ,0,0,0,0,0,0,0,0,0,-2000,0,0,0,0,2000,-2000,-2000
063861,南亞科國泰02購01,0,0,0,0,0,0,0,0,0,-2000,0,0,0,3000,5000,-2000,-2000
066655,上証2X凱基03購03,0,0,0,0,0,0,0,0,0,-2000,0,0,0,0,2000,-2000,-2000
066528,南電統一02購01  ,0,0,0,0,0,0,0,0,0,-2000,0,0,0,0,2000,-2000,-2000
066537,全新兆豐01購01  ,0,0,0,0,0,0,0,0,0,-2000,0,0,0,0,2000,-2000,-2000
066079,道瓊反國泰03購01,0,0,0,0,0,0,0,0,0,-2000,0,0,0,0,2000,-2000,-2000
065946,鴻海統一03購03  ,0,0,0,0,0,0,0,0,0,-2000,0,0,0,0,2000,-2000,-2000
2069,運錩            ,0,2000,-2000,0,0,0,0,0,0,0,0,0,0,0,0,0,-2000
1805,寶徠            ,0,2000,-2000,0,0,0,0,0,0,0,0,0,0,0,0,0,-2000
1539,巨庭            ,0,1000,-1000,0,0,0,0,0,0,-1000,0,1000,-1000,0,0,0,-2000
1616,億泰            ,1000,3000,-2000,0,0,0,0,0,0,0,0,0,0,0,0,0,-2000
1724,台硝            ,0,2000,-2000,0,0,0,0,0,0,0,0,0,0,0,0,0,-2000
1725,元禎            ,1000,4000,-3000,0,0,0,0,0,0,1000,1000,0,1000,0,0,0,-2000
1468,昶和            ,0,3000,-3000,0,0,0,0,0,0,1000,1000,0,1000,0,0,0,-2000
1324,地球            ,0,1000,-1000,0,0,0,0,0,0,-1000,0,1000,-1000,0,0,0,-2000
1432,大魯閣          ,1000,3000,-2000,0,0,0,0,0,0,0,0,0,0,0,0,0,-2000
2612,中航            ,23000,27000,-4000,0,0,0,0,0,0,2000,6000,4000,2000,0,0,0,-2000
2497,怡利電          ,0,2000,-2000,0,0,0,0,0,0,0,0,0,0,0,0,0,-2000
3550,聯穎            ,2000,1000,1000,0,0,0,0,0,0,-3000,0,3000,-3000,0,0,0,-2000
2910,統領            ,0,2000,-2000,0,0,0,0,0,0,0,0,0,0,0,0,0,-2000
08916P,臺股指凱基01售07,0,0,0,0,0,0,0,0,0,-2000,0,0,0,0,2000,-2000,-2000
08695P,嘉晶群益01售01  ,0,0,0,0,0,0,0,0,0,-2000,0,0,0,58000,60000,-2000,-2000
08659P,聯發科統一9C售20,0,0,0,0,0,0,0,0,0,-2000,0,0,0,0,2000,-2000,-2000
08263P,台表科元大9C售06,0,0,0,0,0,0,0,0,0,-2000,0,0,0,58000,60000,-2000,-2000
08537P,台光電國票01售03,0,0,0,0,0,0,0,0,0,-2000,0,0,0,0,2000,-2000,-2000
08538P,聯發科國票01售01,0,0,0,0,0,0,0,0,0,-2000,0,0,0,0,2000,-2000,-2000
08465P,玉晶光兆豐01售02,0,0,0,0,0,0,0,0,0,-2000,0,0,0,5000,7000,-2000,-2000
8467,波力-KY         ,1000,3000,-2000,0,0,0,0,0,0,0,0,0,0,0,0,0,-2000
6464,台數科          ,0,2000,-2000,0,0,0,0,0,0,0,0,0,0,0,0,0,-2000
6172,互億            ,9000,11000,-2000,0,0,0,0,0,0,0,0,0,0,0,0,0,-2000
5284,jpp-KY          ,1000,3000,-2000,0,0,0,0,0,0,0,1000,1000,0,0,0,0,-2000
4930,燦星網          ,5000,7000,-2000,0,0,0,0,0,0,0,0,0,0,0,0,0,-2000
3591,艾笛森          ,9000,11000,-2000,0,0,0,0,0,0,0,0,0,0,0,0,0,-2000
4581,光隆精密-KY     ,0,1000,-1000,0,0,0,0,0,0,-1000,0,1000,-1000,0,0,0,-2000
067519,台灣50元富01購06,0,0,0,0,0,0,0,0,0,-3000,0,0,0,0,3000,-3000,-3000
067448,華碩國票01購01  ,0,0,0,0,0,0,0,0,0,-3000,0,0,0,531000,534000,-3000,-3000
067818,玉晶光凱基02購02,0,0,0,0,0,0,0,0,0,-3000,0,0,0,7000,10000,-3000,-3000
067858,上証2X元大01購06,0,0,0,0,0,0,0,0,0,-3000,0,0,0,6000,9000,-3000,-3000
08115P,聯發科凱基9B售13,0,0,0,0,0,0,0,0,0,-3000,0,0,0,0,3000,-3000,-3000
068918,臺股指群益02購04,0,0,0,0,0,0,0,0,0,-3000,0,0,0,0,3000,-3000,-3000
068982,健策元大02購06  ,0,0,0,0,0,0,0,0,0,-3000,0,0,0,43000,46000,-3000,-3000
068840,瑞儀永豐02購01  ,0,0,0,0,0,0,0,0,0,-3000,0,0,0,0,3000,-3000,-3000
07050P,宏達電中信9B售01,0,0,0,0,0,0,0,0,0,-3000,0,0,0,0,3000,-3000,-3000
06961P,台積電凱基99售05,0,0,0,0,0,0,0,0,0,-3000,0,0,0,0,3000,-3000,-3000
068212,GIS凱基02購04   ,0,0,0,0,0,0,0,0,0,-3000,0,0,0,82000,85000,-3000,-3000
068196,南亞科凱基01購04,0,0,0,0,0,0,0,0,0,-3000,0,0,0,0,3000,-3000,-3000
068280,滬深2X中信01購03,0,0,0,0,0,0,0,0,0,-3000,0,0,0,0,3000,-3000,-3000
06842P,臺股指統一9A售03,0,0,0,0,0,0,0,0,0,-3000,0,0,0,0,3000,-3000,-3000
068717,華通元大02購04  ,0,0,0,0,0,0,0,0,0,-3000,0,0,0,311000,314000,-3000,-3000
01001T,土銀富邦R1      ,0,0,0,0,0,0,0,0,0,-3000,0,3000,-3000,0,0,0,-3000
00763U,街口道瓊銅      ,0,10000,-10000,0,0,0,0,0,0,7000,0,0,0,7000,0,7000,-3000
03226P,台積電凱基03售10,0,0,0,0,0,0,0,0,0,-3000,0,0,0,0,3000,-3000,-3000
03033X,元展30          ,0,0,0,0,0,0,0,0,0,-3000,0,0,0,7000,10000,-3000,-3000
059843,華新科富邦9B購03,0,0,0,0,0,0,0,0,0,-3000,0,0,0,0,3000,-3000,-3000
059884,鴻海國票99購09  ,0,0,0,0,0,0,0,0,0,-3000,0,0,0,3000,6000,-3000,-3000
057236,聯詠凱基98購03  ,0,0,0,0,0,0,0,0,0,-3000,0,0,0,0,3000,-3000,-3000
057003,立積國票98購01  ,0,0,0,0,0,0,0,0,0,-3000,0,0,0,0,3000,-3000,-3000
054639,台新金中信99購01,0,0,0,0,0,0,0,0,0,-3000,0,0,0,0,3000,-3000,-3000
054778,世紀鋼國票99購01,0,0,0,0,0,0,0,0,0,-3000,0,0,0,2000,5000,-3000,-3000
059360,全新永豐99購02  ,0,0,0,0,0,0,0,0,0,-3000,0,0,0,10000,13000,-3000,-3000
057931,正崴群益98購02  ,0,0,0,0,0,0,0,0,0,-3000,0,0,0,0,3000,-3000,-3000
058568,宏達電凱基9A購02,0,0,0,0,0,0,0,0,0,-3000,0,0,0,0,3000,-3000,-3000
058217,新唐群益99購01  ,0,0,0,0,0,0,0,0,0,-3000,0,0,0,0,3000,-3000,-3000
061976,國巨元大9B購01  ,0,0,0,0,0,0,0,0,0,-3000,0,0,0,97000,100000,-3000,-3000
063605,健策凱基9C購02  ,0,0,0,0,0,0,0,0,0,-3000,0,0,0,1000,4000,-3000,-3000
058048,群創元大9B購07  ,0,0,0,0,0,0,0,0,0,-3000,0,0,0,0,3000,-3000,-3000
060369,滬深2X元富01購01,0,0,0,0,0,0,0,0,0,-3000,0,0,0,0,3000,-3000,-3000
061001,智邦兆豐9B購01  ,0,0,0,0,0,0,0,0,0,-3000,0,0,0,0,3000,-3000,-3000
061283,智邦統一9A購01  ,0,0,0,0,0,0,0,0,0,-3000,0,0,0,0,3000,-3000,-3000
061228,聯茂中信9A購01  ,0,0,0,0,0,0,0,0,0,-3000,0,0,0,0,3000,-3000,-3000
064294,和大中信9C購01  ,0,0,0,0,0,0,0,0,0,-3000,0,0,0,0,3000,-3000,-3000
063478,GIS元大9B購03   ,0,0,0,0,0,0,0,0,0,-3000,0,0,0,10000,13000,-3000,-3000
063304,大立光凱基01購02,0,0,0,0,0,0,0,0,0,-3000,0,0,0,2000,5000,-3000,-3000
062122,國巨統一02購01  ,0,0,0,0,0,0,0,0,0,-3000,0,0,0,7000,10000,-3000,-3000
062150,南六國票9B購01  ,0,0,0,0,0,0,0,0,0,-3000,0,0,0,0,3000,-3000,-3000
062170,健策永豐9B購04  ,0,0,0,0,0,0,0,0,0,-3000,0,0,0,3000,6000,-3000,-3000
062770,臺股指凱基9B購14,0,0,0,0,0,0,0,0,0,-3000,0,0,0,0,3000,-3000,-3000
062889,可成群益9C購01  ,0,0,0,0,0,0,0,0,0,-3000,0,0,0,5000,8000,-3000,-3000
063006,道瓊反元大9C購01,0,0,0,0,0,0,0,0,0,-3000,0,0,0,0,3000,-3000,-3000
062992,聯發科群益9B購09,0,0,0,0,0,0,0,0,0,-3000,0,0,0,90000,93000,-3000,-3000
062314,玉晶光凱基9B購06,0,0,0,0,0,0,0,0,0,-3000,0,0,0,3000,6000,-3000,-3000
061446,鴻海中信04購01  ,0,0,0,0,0,0,0,0,0,-3000,0,0,0,0,3000,-3000,-3000
062731,力成凱基9B購02  ,0,0,0,0,0,0,0,0,0,-3000,0,0,0,2000,5000,-3000,-3000
062478,牧德國票9B購03  ,0,0,0,0,0,0,0,0,0,-3000,0,0,0,0,3000,-3000,-3000
062029,牧德群益9B購03  ,0,0,0,0,0,0,0,0,0,-3000,0,0,0,200000,203000,-3000,-3000
065843,瑞昱元大9C購03  ,0,0,0,0,0,0,0,0,0,-3000,0,0,0,15000,18000,-3000,-3000
065850,緯創元大9C購06  ,0,0,0,0,0,0,0,0,0,-3000,0,0,0,51000,54000,-3000,-3000
065748,台積電元大01購05,0,0,0,0,0,0,0,0,0,-3000,0,0,0,0,3000,-3000,-3000
065677,南亞科統一03購02,0,25000,-25000,0,0,0,0,0,0,22000,0,0,0,65000,43000,22000,-3000
066123,華夏群益01購01  ,0,0,0,0,0,0,0,0,0,-3000,0,0,0,0,3000,-3000,-3000
066367,緯創中信05購01  ,0,0,0,0,0,0,0,0,0,-3000,0,0,0,13000,16000,-3000,-3000
066419,聯發科元大01購11,0,0,0,0,0,0,0,0,0,-3000,0,0,0,10000,13000,-3000,-3000
066338,德律永豐01購01  ,0,0,0,0,0,0,0,0,0,-3000,0,0,0,0,3000,-3000,-3000
066866,滬深2X元富01購03,0,0,0,0,0,0,0,0,0,-3000,0,0,0,0,3000,-3000,-3000
064541,元黃金凱基01購02,0,0,0,0,0,0,0,0,0,-3000,0,0,0,0,3000,-3000,-3000
064059,新日興麥證01購01,0,0,0,0,3000,-3000,0,0,0,-3000,0,0,0,0,3000,-3000,-3000
064748,力成國票01購01  ,0,0,0,0,0,0,0,0,0,-3000,0,0,0,0,3000,-3000,-3000
064849,大立光元富9C購06,0,0,0,0,0,0,0,0,0,-3000,0,0,0,41000,44000,-3000,-3000
065549,智邦凱基9C購03  ,0,0,0,0,0,0,0,0,0,-3000,0,0,0,17000,20000,-3000,-3000
065619,金融類元大9C購02,0,0,0,0,0,0,0,0,0,-3000,0,0,0,0,3000,-3000,-3000
065608,緯創元大9C購04  ,0,0,0,0,0,0,0,0,0,-3000,0,0,0,10000,13000,-3000,-3000
065467,臺指反元大03購03,0,0,0,0,0,0,0,0,0,-3000,0,0,0,0,3000,-3000,-3000
065140,國巨凱基01購02  ,0,0,0,0,0,0,0,0,0,-3000,0,0,0,47000,50000,-3000,-3000
5608,四維航          ,79000,82000,-3000,0,0,0,0,0,0,0,0,0,0,0,0,0,-3000
8411,福貞-KY         ,3000,6000,-3000,0,0,0,0,0,0,0,0,0,0,0,0,0,-3000
8481,政伸            ,1000,3000,-2000,0,0,0,0,0,0,-1000,0,1000,-1000,0,0,0,-3000
6666,羅麗芬-KY       ,1000,4000,-3000,0,0,0,0,0,0,0,0,0,0,0,0,0,-3000
08407P,臺股指元大9C售13,0,0,0,0,0,0,0,0,0,-3000,0,0,0,1000,4000,-3000,-3000
08913P,臺股指凱基01售04,0,0,0,0,0,0,0,0,0,-3000,0,0,0,0,3000,-3000,-3000
08905P,金像電群益01售06,0,0,0,0,0,0,0,0,0,-3000,0,0,0,0,3000,-3000,-3000
1236,宏亞            ,0,3000,-3000,0,0,0,0,0,0,0,0,0,0,0,0,0,-3000
08996P,華通群益02售05  ,0,0,0,0,0,0,0,0,0,-3000,0,0,0,0,3000,-3000,-3000
2901,欣欣            ,3000,6000,-3000,0,0,0,0,0,0,0,0,0,0,0,0,0,-3000
3002,歐格            ,6000,9000,-3000,0,0,0,0,0,0,0,0,0,0,0,0,0,-3000
3058,立德            ,1000,4000,-3000,0,0,0,0,0,0,0,0,0,0,0,0,0,-3000
2509,全坤建          ,0,3000,-3000,0,0,0,0,0,0,0,0,0,0,0,0,0,-3000
2460,建通            ,0,3000,-3000,0,0,0,0,0,0,0,0,0,0,0,0,0,-3000
2438,翔耀            ,3000,6000,-3000,0,0,0,0,0,0,0,0,0,0,0,0,0,-3000
2701,萬企            ,0,5000,-5000,0,0,0,0,0,0,2000,2000,0,2000,0,0,0,-3000
1436,華友聯          ,0,3000,-3000,0,0,0,0,0,0,0,0,0,0,0,0,0,-3000
1413,宏洲            ,0,3000,-3000,0,0,0,0,0,0,0,0,0,0,0,0,0,-3000
1443,立益            ,0,3000,-3000,0,0,0,0,0,0,0,0,0,0,0,0,0,-3000
1446,宏和            ,4000,7000,-3000,0,0,0,0,0,0,0,0,0,0,0,0,0,-3000
1583,程泰            ,1000,4000,-3000,0,0,0,0,0,0,0,0,0,0,0,0,0,-3000
1525,江申            ,0,3000,-3000,0,0,0,0,0,0,0,0,0,0,0,0,0,-3000
2038,海光            ,16000,21000,-5000,0,0,0,0,0,0,2000,3000,1000,2000,0,0,0,-3000
068775,上証2X元富08購01,0,0,0,0,0,0,0,0,0,-4000,0,0,0,92000,96000,-4000,-4000
068448,光寶科國票03購01,0,0,0,0,0,0,0,0,0,-4000,0,0,0,1000,5000,-4000,-4000
068199,大立光凱基02購04,0,0,0,0,0,0,0,0,0,-4000,0,0,0,8000,12000,-4000,-4000
07094P,華通國票9A售03  ,0,0,0,0,0,0,0,0,0,-4000,0,0,0,0,4000,-4000,-4000
068939,鴻海日盛02購01  ,0,0,0,0,0,0,0,0,0,-4000,0,0,0,0,4000,-4000,-4000
068917,臺股指群益02購03,0,0,0,0,0,0,0,0,0,-4000,0,0,0,0,4000,-4000,-4000
07993P,寶成群益9B售01  ,0,0,0,0,0,0,0,0,0,-4000,0,0,0,0,4000,-4000,-4000
067881,香港2X群益01購02,0,0,0,0,0,0,0,0,0,-4000,0,0,0,0,4000,-4000,-4000
067894,玉晶光群益02購08,0,0,0,0,0,0,0,0,0,-4000,0,0,0,31000,35000,-4000,-4000
067985,聚陽元大02購01  ,0,0,0,0,0,0,0,0,0,-4000,0,0,0,250000,254000,-4000,-4000
067979,寶成群益03購01  ,0,0,0,0,0,0,0,0,0,-4000,0,0,0,20000,24000,-4000,-4000
067783,高鐵群益02購01  ,0,0,0,0,0,0,0,0,0,-4000,0,0,0,10000,14000,-4000,-4000
067671,正崴元大01購01  ,0,0,0,0,0,0,0,0,0,-4000,0,0,0,0,4000,-4000,-4000
067260,台郡國票02購02  ,0,0,0,0,0,0,0,0,0,-4000,0,0,0,24000,28000,-4000,-4000
06690P,玉晶光群益9A售05,0,0,0,0,0,0,0,0,0,-4000,0,0,0,3000,7000,-4000,-4000
057690,美律凱基99購03  ,0,0,0,0,0,0,0,0,0,-4000,0,0,0,10000,14000,-4000,-4000
060602,京元電凱基9A購01,0,0,0,0,0,0,0,0,0,-4000,0,0,0,20000,24000,-4000,-4000
060618,玉晶光元大9A購02,0,0,0,0,0,0,0,0,0,-4000,0,0,0,0,4000,-4000,-4000
059973,A50正2元大99購02,0,0,0,0,0,0,0,0,0,-4000,0,0,0,1000,5000,-4000,-4000
058346,嘉晶群益99購01  ,0,0,0,0,0,0,0,0,0,-4000,0,0,0,0,4000,-4000,-4000
059452,全新永豐99購03  ,0,0,0,0,0,0,0,0,0,-4000,0,0,0,0,4000,-4000,-4000
059424,SGBR2X元大9A購01,0,0,0,0,0,0,0,0,0,-4000,0,0,0,6000,10000,-4000,-4000
058865,群創凱基01購01  ,0,0,0,0,0,0,0,0,0,-4000,0,0,0,2000,6000,-4000,-4000
058884,世紀鋼永豐99購02,0,0,0,0,0,0,0,0,0,-4000,0,0,0,8000,12000,-4000,-4000
059126,臺指反中信9B購01,0,0,0,0,0,0,0,0,0,-4000,0,0,0,0,4000,-4000,-4000
059045,高股息凱基99購01,0,0,0,0,0,0,0,0,0,-4000,0,0,0,0,4000,-4000,-4000
054479,緯創中信98購01  ,0,0,0,0,0,0,0,0,0,-4000,0,0,0,6000,10000,-4000,-4000
059923,緯穎元大99購09  ,0,0,0,0,0,0,0,0,0,-4000,0,0,0,5000,9000,-4000,-4000
057318,台光電凱基9A購01,0,0,0,0,0,0,0,0,0,-4000,0,0,0,96000,100000,-4000,-4000
03322P,景碩凱基02售02  ,0,0,0,0,0,0,0,0,0,-4000,0,0,0,0,4000,-4000,-4000
020011,統一微波高息20N ,0,0,0,0,0,0,0,0,0,-4000,0,0,0,21000,25000,-4000,-4000
00660,元大歐洲50      ,0,0,0,0,0,0,0,0,0,-4000,0,0,0,19000,23000,-4000,-4000
006204,永豐臺灣加權    ,0,0,0,0,0,0,0,0,0,-4000,0,0,0,0,4000,-4000,-4000
061457,TPK凱基9A購01   ,0,0,0,0,0,0,0,0,0,-4000,0,0,0,0,4000,-4000,-4000
062814,台光電兆豐9B購01,0,0,0,0,0,0,0,0,0,-4000,0,0,0,26000,30000,-4000,-4000
062649,緯穎富邦9B購03  ,0,0,0,0,0,0,0,0,0,-4000,0,0,0,1000,5000,-4000,-4000
063663,台光電統一9C購01,0,0,0,0,0,0,0,0,0,-4000,0,0,0,0,4000,-4000,-4000
063472,茂林元大9B購04  ,0,0,0,0,0,0,0,0,0,-4000,0,0,0,127000,131000,-4000,-4000
063520,上銀凱基9B購05  ,0,0,0,0,0,0,0,0,0,-4000,0,0,0,25000,29000,-4000,-4000
061808,聯發科統一01購02,0,0,0,0,0,0,0,0,0,-4000,0,0,0,3000,7000,-4000,-4000
061837,華新科凱基05購02,0,0,0,0,0,0,0,0,0,-4000,0,0,0,150000,154000,-4000,-4000
061866,力山元大9C購01  ,0,0,0,0,0,0,0,0,0,-4000,0,0,0,2000,6000,-4000,-4000
061616,鴻海群益9A購07  ,0,0,0,0,0,0,0,0,0,-4000,0,0,0,2000,6000,-4000,-4000
060932,南六永豐9A購02  ,0,0,0,0,0,0,0,0,0,-4000,0,0,0,16000,20000,-4000,-4000
065077,鴻海元大01購03  ,0,0,0,0,0,0,0,0,0,-4000,0,0,0,0,4000,-4000,-4000
065063,玉晶光群益02購04,0,0,0,0,0,0,0,0,0,-4000,0,0,0,1000,5000,-4000,-4000
065069,臺股指群益9C購17,0,0,0,0,0,0,0,0,0,-4000,0,0,0,0,4000,-4000,-4000
065047,群創凱基9C購01  ,0,0,0,0,0,0,0,0,0,-4000,0,0,0,7000,11000,-4000,-4000
065577,超眾群益9C購02  ,0,0,0,0,0,0,0,0,0,-4000,0,0,0,0,4000,-4000,-4000
064801,鴻海元大9C購13  ,0,0,0,0,0,0,0,0,0,-4000,0,0,0,1000,5000,-4000,-4000
064026,建準元大9C購02  ,0,0,0,0,0,0,0,0,0,-4000,0,0,0,164000,168000,-4000,-4000
064003,台積電凱基01購03,0,0,0,0,0,0,0,0,0,-4000,0,0,0,0,4000,-4000,-4000
063995,健鼎群益9C購01  ,0,0,0,0,0,0,0,0,0,-4000,0,0,0,4000,8000,-4000,-4000
066270,國揚元大01購01  ,0,0,0,0,0,0,0,0,0,-4000,0,0,0,160000,164000,-4000,-4000
2024,志聯            ,0,4000,-4000,0,0,0,0,0,0,0,0,0,0,0,0,0,-4000
2032,新鋼            ,0,5000,-5000,0,0,0,0,0,0,1000,1000,0,1000,0,0,0,-4000
1533,車王電          ,19000,23000,-4000,0,0,0,0,0,0,0,0,0,0,0,0,0,-4000
1713,國化            ,0,2000,-2000,0,0,0,0,0,0,-2000,0,2000,-2000,0,0,0,-4000
1521,大億            ,1000,5000,-4000,0,0,0,0,0,0,0,0,0,0,0,0,0,-4000
2440,太空梭          ,0,4000,-4000,0,0,0,0,0,0,0,0,0,0,0,0,0,-4000
3054,立萬利          ,0,4000,-4000,0,0,0,0,0,0,0,0,0,0,0,0,0,-4000
3055,蔚華科          ,22000,20000,2000,0,0,0,0,0,0,-6000,1000,7000,-6000,0,0,0,-4000
3528,安馳            ,0,2000,-2000,0,0,0,0,0,0,-2000,0,2000,-2000,0,0,0,-4000
3031,佰鴻            ,31000,44000,-13000,0,0,0,0,0,0,9000,9000,0,9000,0,0,0,-4000
08451P,南六統一9C售06  ,0,0,0,0,0,0,0,0,0,-4000,0,0,0,80000,84000,-4000,-4000
08445P,臺股指麥證9C售03,0,0,0,40000,44000,-4000,0,0,0,-4000,0,0,0,40000,44000,-4000,-4000
8478,東哥遊艇        ,1000,5000,-4000,0,0,0,0,0,0,0,0,0,0,0,0,0,-4000
6573,虹揚-KY         ,0,4000,-4000,0,0,0,0,0,0,0,0,0,0,0,0,0,-4000
6443,元晶            ,781000,1105000,-324000,0,0,0,0,0,0,320000,320000,0,320000,0,0,0,-4000
4739,康普            ,52000,56000,-4000,0,0,0,0,0,0,0,0,0,0,0,0,0,-4000
067006,德律永豐01購02  ,0,0,0,0,0,0,0,0,0,-5000,0,0,0,0,5000,-5000,-5000
066984,總太群益02購01  ,0,0,0,0,0,0,0,0,0,-5000,0,0,0,0,5000,-5000,-5000
067204,國巨元大02購02  ,0,0,0,0,0,0,0,0,0,-5000,0,0,0,295000,300000,-5000,-5000
067159,上証2X國票02購01,0,0,0,0,0,0,0,0,0,-5000,0,0,0,0,5000,-5000,-5000
067464,上証2X元大03購01,0,0,0,0,0,0,0,0,0,-5000,0,0,0,25000,30000,-5000,-5000
067556,義隆國票02購02  ,0,0,0,0,0,0,0,0,0,-5000,0,0,0,1000,6000,-5000,-5000
068004,玉晶光元大02購04,0,0,0,0,0,0,0,0,0,-5000,0,0,0,0,5000,-5000,-5000
068005,玉晶光元大03購02,0,0,0,0,0,0,0,0,0,-5000,0,0,0,0,5000,-5000,-5000
07753P,台灣50元大9C售34,0,0,0,0,0,0,0,0,0,-5000,0,0,0,0,5000,-5000,-5000
07916P,臺股指元大9B售22,0,0,0,0,0,0,0,0,0,-5000,0,0,0,0,5000,-5000,-5000
07899P,和大凱基9B售01  ,0,0,0,0,0,0,0,0,0,-5000,0,0,0,0,5000,-5000,-5000
07833P,大立光群益9B售02,0,0,0,0,0,0,0,0,0,-5000,0,0,0,0,5000,-5000,-5000
07217P,大立光凱基9A售05,0,0,0,0,0,0,0,0,0,-5000,0,0,0,5000,10000,-5000,-5000
07127P,精元元大99售01  ,0,0,0,0,0,0,0,0,0,-5000,0,0,0,0,5000,-5000,-5000
07389P,臺股指群益9C售08,0,0,0,0,0,0,0,0,0,-5000,0,0,0,0,5000,-5000,-5000
069030,國巨統一02購06  ,0,0,0,0,0,0,0,0,0,-5000,0,0,0,0,5000,-5000,-5000
069036,冠德統一03購01  ,0,0,0,0,0,0,0,0,0,-5000,0,0,0,0,5000,-5000,-5000
068242,長興元大01購02  ,0,0,0,0,0,0,0,0,0,-5000,0,0,0,247000,252000,-5000,-5000
068766,台積電統一04購04,0,0,0,0,0,0,0,0,0,-5000,0,0,0,0,5000,-5000,-5000
068747,台積電群益02購05,0,0,0,0,0,0,0,0,0,-5000,0,0,0,0,5000,-5000,-5000
068700,瑞儀凱基03購01  ,0,0,0,0,0,0,0,0,0,-5000,0,0,0,115000,120000,-5000,-5000
068647,臺指反元大02購18,0,0,0,0,0,0,0,0,0,-5000,0,0,0,0,5000,-5000,-5000
068618,上証2X群益02購04,0,0,0,0,0,0,0,0,0,-5000,0,0,0,0,5000,-5000,-5000
068519,群創統一03購01  ,0,0,0,0,0,0,0,0,0,-5000,0,0,0,7000,12000,-5000,-5000
03320P,台達電凱基02售02,0,0,0,0,0,0,0,0,0,-5000,0,0,0,0,5000,-5000,-5000
03283P,台灣50群益03售03,0,0,0,0,0,0,0,0,0,-5000,0,0,0,0,5000,-5000,-5000
03267P,台灣50元大02售06,0,0,0,0,0,0,0,0,0,-5000,0,0,0,0,5000,-5000,-5000
03040P,玉晶光國票03售02,0,0,0,0,0,0,0,0,0,-5000,0,0,0,10000,15000,-5000,-5000
03345P,台積電元富08售16,0,0,0,0,0,0,0,0,0,-5000,0,0,0,0,5000,-5000,-5000
03347P,欣興台新02售01  ,0,0,0,0,0,0,0,0,0,-5000,0,0,0,0,5000,-5000,-5000
03084P,鴻海元大01售23  ,0,0,0,0,0,0,0,0,0,-5000,0,0,0,0,5000,-5000,-5000
03013P,華新科永豐01售01,0,0,0,0,0,0,0,0,0,-5000,0,0,0,0,5000,-5000,-5000
052766,玉晶光群益9A購01,0,0,0,0,0,0,0,0,0,-5000,0,0,0,0,5000,-5000,-5000
048383,元金2X國票99購01,0,0,0,0,0,0,0,0,0,-5000,0,0,0,0,5000,-5000,-5000
058687,聯茂凱基9A購01  ,0,0,0,0,0,0,0,0,0,-5000,0,0,0,25000,30000,-5000,-5000
054742,京鼎凱基99購01  ,0,0,0,0,0,0,0,0,0,-5000,0,0,0,25000,30000,-5000,-5000
054297,台郡元大98購01  ,0,0,0,0,0,0,0,0,0,-5000,0,0,0,0,5000,-5000,-5000
057116,鴻海日盛9A購01  ,0,0,0,0,0,0,0,0,0,-5000,0,0,0,0,5000,-5000,-5000
057118,欣興日盛9A購01  ,0,0,0,0,0,0,0,0,0,-5000,0,0,0,0,5000,-5000,-5000
057183,玉晶光元大99購07,0,0,0,0,0,0,0,0,0,-5000,0,0,0,0,5000,-5000,-5000
059044,聯電日盛99購02  ,0,0,0,0,0,0,0,0,0,-5000,0,0,0,0,5000,-5000,-5000
059127,國巨中信99購04  ,0,0,0,0,0,0,0,0,0,-5000,0,0,0,0,5000,-5000,-5000
059188,京元電富邦9B購01,0,0,0,0,0,0,0,0,0,-5000,0,0,0,20000,25000,-5000,-5000
059251,大立光凱基9A購04,0,0,0,0,0,0,0,0,0,-5000,0,0,0,4000,9000,-5000,-5000
058837,SGBR2X中信9C購01,0,0,0,0,0,0,0,0,0,-5000,0,0,0,0,5000,-5000,-5000
059500,鴻海元富99購11  ,0,0,0,0,0,0,0,0,0,-5000,0,0,0,0,5000,-5000,-5000
059489,上証2X國票9A購01,0,0,0,0,0,0,0,0,0,-5000,0,0,0,30000,35000,-5000,-5000
058347,玉晶光群益9B購01,0,0,0,0,0,0,0,0,0,-5000,0,0,0,8000,13000,-5000,-5000
058474,鴻海凱基9A購06  ,0,0,0,0,0,0,0,0,0,-5000,0,0,0,5000,10000,-5000,-5000
058487,晶技國票9A購01  ,0,0,0,0,0,0,0,0,0,-5000,0,0,0,0,5000,-5000,-5000
057962,超眾元大99購03  ,0,0,0,0,0,0,0,0,0,-5000,0,0,0,0,5000,-5000,-5000
058156,超眾統一9A購02  ,0,0,0,0,0,0,0,0,0,-5000,0,0,0,46000,51000,-5000,-5000
062007,台光電國泰9C購01,0,0,0,0,0,0,0,0,0,-5000,0,0,0,0,5000,-5000,-5000
063555,SP黃豆元大9B購01,0,0,0,0,0,0,0,0,0,-5000,0,0,0,0,5000,-5000,-5000
057613,瑞昱元富02購02  ,0,0,0,0,0,0,0,0,0,-5000,0,0,0,0,5000,-5000,-5000
058901,美律元大99購07  ,0,0,0,0,0,0,0,0,0,-5000,0,0,0,0,5000,-5000,-5000
060183,南亞科元富9A購01,0,0,0,0,0,0,0,0,0,-5000,0,0,0,37000,42000,-5000,-5000
060886,國巨統一01購03  ,0,0,0,0,0,0,0,0,0,-5000,0,0,0,0,5000,-5000,-5000
060836,上銀國票9A購03  ,0,0,0,0,0,0,0,0,0,-5000,0,0,0,0,5000,-5000,-5000
063186,聯發科凱基9C購04,0,0,0,0,0,0,0,0,0,-5000,0,0,0,10000,15000,-5000,-5000
063176,南亞科兆豐9B購01,0,0,0,0,0,0,0,0,0,-5000,0,0,0,0,5000,-5000,-5000
061267,玉山金凱基9B購01,0,0,0,0,0,0,0,0,0,-5000,0,0,0,0,5000,-5000,-5000
061247,玉晶光群益9A購09,0,0,0,0,0,0,0,0,0,-5000,0,0,0,4000,9000,-5000,-5000
061842,牧德凱基9C購01  ,0,0,0,0,0,0,0,0,0,-5000,0,0,0,0,5000,-5000,-5000
061820,康控群益9B購02  ,0,0,0,0,0,0,0,0,0,-5000,0,0,0,20000,25000,-5000,-5000
061816,長榮航群益9B購02,0,0,0,0,0,0,0,0,0,-5000,0,0,0,120000,125000,-5000,-5000
061796,興勤永豐9B購01  ,0,0,0,0,0,0,0,0,0,-5000,0,0,0,0,5000,-5000,-5000
064226,TPK國票01購01   ,0,0,0,0,0,0,0,0,0,-5000,0,0,0,8000,13000,-5000,-5000
064628,南六元大9C購05  ,0,0,0,0,0,0,0,0,0,-5000,0,0,0,290000,295000,-5000,-5000
062528,全新統一9C購01  ,0,0,0,0,0,0,0,0,0,-5000,0,0,0,0,5000,-5000,-5000
062547,玉晶光永豐9B購05,0,0,0,0,0,0,0,0,0,-5000,0,0,0,69000,74000,-5000,-5000
062104,上証2X國票9B購03,0,0,0,0,0,0,0,0,0,-5000,0,0,0,0,5000,-5000,-5000
063632,金像電元大9B購04,0,0,0,0,0,0,0,0,0,-5000,0,0,0,245000,250000,-5000,-5000
063722,遠東新元大9B購02,0,0,0,0,0,0,0,0,0,-5000,0,0,0,77000,82000,-5000,-5000
062599,鴻海台新9B購01  ,0,0,0,0,0,0,0,0,0,-5000,0,0,0,0,5000,-5000,-5000
062858,微星國票9B購01  ,0,0,0,0,0,0,0,0,0,-5000,0,0,0,55000,60000,-5000,-5000
062912,新日興元大9B購01,0,0,0,0,0,0,0,0,0,-5000,0,0,0,0,5000,-5000,-5000
061462,國巨群益9A購11  ,0,0,0,0,0,0,0,0,0,-5000,0,0,0,0,5000,-5000,-5000
062464,T50反1凱基9C購03,0,0,0,0,0,0,0,0,0,-5000,0,0,0,5000,10000,-5000,-5000
066222,生達國泰02購01  ,0,0,0,0,0,0,0,0,0,-5000,0,0,0,0,5000,-5000,-5000
066171,德律凱基01購01  ,0,0,0,0,0,0,0,0,0,-5000,0,0,0,0,5000,-5000,-5000
066160,美利達康和01購01,0,0,0,0,0,0,0,0,0,-5000,0,0,0,0,5000,-5000,-5000
066115,美律兆豐02購01  ,0,0,0,0,0,0,0,0,0,-5000,0,0,0,0,5000,-5000,-5000
066093,世紀鋼永豐01購01,0,0,0,0,0,0,0,0,0,-5000,0,0,0,6000,11000,-5000,-5000
066062,同欣電元大01購02,0,0,0,0,0,0,0,0,0,-5000,0,0,0,118000,123000,-5000,-5000
065981,超眾元大02購01  ,0,0,0,0,0,0,0,0,0,-5000,0,0,0,0,5000,-5000,-5000
065731,群創凱基03購02  ,0,0,0,0,0,0,0,0,0,-5000,0,0,0,2000,7000,-5000,-5000
065737,南茂凱基9C購02  ,0,0,0,0,0,0,0,0,0,-5000,0,0,0,170000,175000,-5000,-5000
065771,道瓊反國票01購01,0,0,0,0,0,0,0,0,0,-5000,0,0,0,0,5000,-5000,-5000
065914,智邦凱基02購03  ,0,0,0,0,0,0,0,0,0,-5000,0,0,0,2000,7000,-5000,-5000
066342,上緯控永豐01購01,0,0,0,0,0,0,0,0,0,-5000,0,0,0,0,5000,-5000,-5000
066485,台光電元富01購01,0,0,0,0,0,0,0,0,0,-5000,0,0,0,5000,10000,-5000,-5000
066504,全新富邦03購01  ,0,0,0,0,0,0,0,0,0,-5000,0,0,0,0,5000,-5000,-5000
066443,智原群益01購01  ,0,0,0,0,0,0,0,0,0,-5000,0,0,0,0,5000,-5000,-5000
063836,台塑元大9C購01  ,0,0,0,0,0,0,0,0,0,-5000,0,0,0,37000,42000,-5000,-5000
064694,玉晶光群益02購02,0,0,0,0,0,0,0,0,0,-5000,0,0,0,1000,6000,-5000,-5000
064052,創意統一01購02  ,0,0,0,0,0,0,0,0,0,-5000,0,0,0,10000,15000,-5000,-5000
064713,和大統一02購01  ,0,0,0,0,0,0,0,0,0,-5000,0,0,0,0,5000,-5000,-5000
064826,南亞科統一01購03,0,0,0,0,0,0,0,0,0,-5000,0,0,0,0,5000,-5000,-5000
064836,群創統一9C購04  ,0,0,0,0,0,0,0,0,0,-5000,0,0,0,227000,232000,-5000,-5000
064860,聯發科富邦03購01,0,0,0,0,0,0,0,0,0,-5000,0,0,0,0,5000,-5000,-5000
065374,義隆元大9C購07  ,0,0,0,0,0,0,0,0,0,-5000,0,0,0,0,5000,-5000,-5000
065391,和大群益01購03  ,0,0,0,0,0,0,0,0,0,-5000,0,0,0,51000,56000,-5000,-5000
065417,嘉晶國票01購02  ,0,0,0,0,0,0,0,0,0,-5000,0,0,0,11000,16000,-5000,-5000
064959,巨大凱基9C購02  ,0,0,0,0,0,0,0,0,0,-5000,0,0,0,20000,25000,-5000,-5000
065137,中鋼凱基01購01  ,0,0,0,0,0,0,0,0,0,-5000,0,0,0,5000,10000,-5000,-5000
065128,大成鋼兆豐9C購01,0,0,0,0,0,0,0,0,0,-5000,0,0,0,14000,19000,-5000,-5000
065101,力成元大9C購05  ,0,0,0,0,0,0,0,0,0,-5000,0,0,0,4000,9000,-5000,-5000
4912,聯德控股-KY     ,349000,294000,55000,0,0,0,0,0,0,-60000,0,60000,-60000,0,0,0,-5000
5285,界霖            ,3000,8000,-5000,0,0,0,0,0,0,0,0,0,0,0,0,0,-5000
6117,迎廣            ,1000,6000,-5000,0,0,0,0,0,0,0,0,0,0,0,0,0,-5000
8940,新天地          ,2000,7000,-5000,0,0,0,0,0,0,0,0,0,0,0,0,0,-5000
9188,精熙-DR         ,11000,16000,-5000,0,0,0,0,0,0,0,0,0,0,0,0,0,-5000
08440P,玉晶光國票01售05,0,0,0,0,0,0,0,0,0,-5000,0,0,0,145000,150000,-5000,-5000
08450P,台積電統一9C售14,0,0,0,0,0,0,0,0,0,-5000,0,0,0,0,5000,-5000,-5000
08595P,南電群益9C售03  ,0,0,0,0,0,0,0,0,0,-5000,0,0,0,10000,15000,-5000,-5000
08627P,臺股指群益9C售22,0,0,0,0,0,0,0,0,0,-5000,0,0,0,0,5000,-5000,-5000
08239P,南六永豐9B售03  ,0,0,0,0,0,0,0,0,0,-5000,0,0,0,0,5000,-5000,-5000
08284P,鴻海凱基01售03  ,0,0,0,0,0,0,0,0,0,-5000,0,0,0,0,5000,-5000,-5000
08349P,南六元大9C售03  ,0,0,0,0,0,0,0,0,0,-5000,0,0,0,0,5000,-5000,-5000
08669P,聯發科群益02售02,0,0,0,0,0,0,0,0,0,-5000,0,0,0,0,5000,-5000,-5000
08710P,鴻海元富07售03  ,0,0,0,0,0,0,0,0,0,-5000,0,0,0,18000,23000,-5000,-5000
08795P,聯發科凱基01售11,0,0,0,0,0,0,0,0,0,-5000,0,0,0,182000,187000,-5000,-5000
08757P,台灣50元大01售19,0,0,0,0,0,0,0,0,0,-5000,0,0,0,0,5000,-5000,-5000
1726,永記            ,0,5000,-5000,0,0,0,0,0,0,0,0,0,0,0,0,0,-5000
1529,樂士            ,6000,11000,-5000,0,0,0,0,0,0,0,0,0,0,0,0,0,-5000
2114,鑫永銓          ,0,4000,-4000,0,0,0,0,0,0,-1000,0,1000,-1000,0,0,0,-5000
2348,海悅            ,96000,100000,-4000,0,0,0,0,0,0,-1000,1000,2000,-1000,0,0,0,-5000
068535,台積電中信05購06,0,0,0,0,0,0,0,0,0,-6000,0,0,0,1000,7000,-6000,-6000
068621,國巨群益02購03  ,0,0,0,0,0,0,0,0,0,-6000,0,0,0,0,6000,-6000,-6000
068630,T50反1凱基04購04,0,0,0,0,0,0,0,0,0,-6000,0,0,0,0,6000,-6000,-6000
068759,台船永豐02購01  ,0,0,0,0,0,0,0,0,0,-6000,0,0,0,0,6000,-6000,-6000
07379P,大立光元大99售30,0,0,0,0,0,0,0,0,0,-6000,0,0,0,0,6000,-6000,-6000
068897,聯詠元大02購03  ,0,0,0,0,0,0,0,0,0,-6000,0,0,0,0,6000,-6000,-6000
068976,台光電元大02購02,0,0,0,0,0,0,0,0,0,-6000,0,0,0,0,6000,-6000,-6000
068808,瑞儀群益02購01  ,0,0,0,0,0,0,0,0,0,-6000,0,0,0,57000,63000,-6000,-6000
07507P,國巨國票9B售02  ,0,0,0,0,0,0,0,0,0,-6000,0,0,0,0,6000,-6000,-6000
08069P,大立光國泰01售02,0,0,0,0,0,0,0,0,0,-6000,0,0,0,6000,12000,-6000,-6000
067896,玉晶光群益02購10,0,0,0,0,0,0,0,0,0,-6000,0,0,0,40000,46000,-6000,-6000
067851,華邦電國票02購01,0,0,0,0,0,0,0,0,0,-6000,0,0,0,158000,164000,-6000,-6000
068128,台積電統一03購07,0,0,0,0,0,0,0,0,0,-6000,0,0,0,0,6000,-6000,-6000
067565,聯發科日盛01購01,0,0,0,0,0,0,0,0,0,-6000,0,0,0,0,6000,-6000,-6000
067764,寶成永豐01購01  ,0,0,0,0,0,0,0,0,0,-6000,0,0,0,19000,25000,-6000,-6000
060612,世紀鋼凱基9A購01,0,0,0,0,0,0,0,0,0,-6000,0,0,0,4000,10000,-6000,-6000
061390,大立光群益9A購04,0,0,0,0,0,0,0,0,0,-6000,0,0,0,4000,10000,-6000,-6000
061348,聯鈞元大9A購05  ,0,0,0,0,0,0,0,0,0,-6000,0,0,0,1000,7000,-6000,-6000
058549,藍天永豐99購01  ,0,0,0,0,0,0,0,0,0,-6000,0,0,0,5000,11000,-6000,-6000
058899,旺宏元大99購10  ,0,0,0,0,0,0,0,0,0,-6000,0,0,0,15000,21000,-6000,-6000
059202,禾聯碩永豐99購01,0,0,0,0,0,0,0,0,0,-6000,0,0,0,0,6000,-6000,-6000
058970,鴻海永豐99購02  ,0,0,0,0,0,0,0,0,0,-6000,0,0,0,10000,16000,-6000,-6000
057872,旺宏元大99購06  ,0,0,0,0,0,0,0,0,0,-6000,0,0,0,2000,8000,-6000,-6000
059924,世紀鋼元大99購06,0,0,0,0,0,0,0,0,0,-6000,0,0,0,0,6000,-6000,-6000
03008P,玉晶光中信01售01,0,0,0,0,0,0,0,0,0,-6000,0,0,0,0,6000,-6000,-6000
03138P,台灣50凱基04售12,0,0,0,0,0,0,0,0,0,-6000,0,0,0,0,6000,-6000,-6000
03294P,欣興永豐02售01  ,0,0,0,0,0,0,0,0,0,-6000,0,0,0,0,6000,-6000,-6000
00736,國泰新興市場    ,0,0,0,0,0,0,0,0,0,-6000,0,0,0,112000,118000,-6000,-6000
062484,臺股指國票9B購10,0,0,0,0,0,0,0,0,0,-6000,0,0,0,0,6000,-6000,-6000
063053,聯發科統一01購04,0,0,0,0,0,0,0,0,0,-6000,0,0,0,13000,19000,-6000,-6000
063524,瑞昱凱基9B購05  ,0,0,0,0,0,0,0,0,0,-6000,0,0,0,5000,11000,-6000,-6000
063419,聯發科凱基03購01,0,0,0,0,0,0,0,0,0,-6000,0,0,0,5000,11000,-6000,-6000
064434,微星凱基02購01  ,0,0,0,0,0,0,0,0,0,-6000,0,0,0,30000,36000,-6000,-6000
060736,旺宏統一01購01  ,0,0,0,0,0,0,0,0,0,-6000,0,0,0,0,6000,-6000,-6000
061499,嘉晶國票9A購03  ,0,0,0,0,0,0,0,0,0,-6000,0,0,0,4000,10000,-6000,-6000
065095,玉晶光元大02購02,0,0,0,0,0,0,0,0,0,-6000,0,0,0,91000,97000,-6000,-6000
065229,友達凱基02購03  ,0,0,0,0,0,0,0,0,0,-6000,0,0,0,84000,90000,-6000,-6000
065267,聯鈞元大9C購02  ,0,0,0,0,0,0,0,0,0,-6000,0,0,0,37000,43000,-6000,-6000
064955,健策凱基9C購03  ,0,0,0,0,0,0,0,0,0,-6000,0,0,0,1000,7000,-6000,-6000
064785,康友群益9C購01  ,0,0,0,0,0,0,0,0,0,-6000,0,0,0,50000,56000,-6000,-6000
063794,亞德客凱基9C購01,0,0,0,0,0,0,0,0,0,-6000,0,0,0,20000,26000,-6000,-6000
066308,中化永豐01購01  ,0,0,0,0,0,0,0,0,0,-6000,0,0,0,3000,9000,-6000,-6000
066373,美利達中信01購01,0,0,0,0,0,0,0,0,0,-6000,0,0,0,8000,14000,-6000,-6000
066648,可成麥證01購01  ,0,0,0,100000,106000,-6000,0,0,0,-6000,0,0,0,100000,106000,-6000,-6000
2239,英利-KY         ,64000,38000,26000,0,0,0,0,32000,-32000,0,0,0,0,0,0,0,-6000
2012,春雨            ,0,6000,-6000,0,0,0,0,0,0,0,0,0,0,0,0,0,-6000
1530,亞崴            ,0,4000,-4000,0,0,0,0,0,0,-2000,0,2000,-2000,0,0,0,-6000
1773,勝一            ,69000,76000,-7000,0,0,0,0,0,0,1000,1000,0,1000,0,0,0,-6000
1453,大將            ,0,6000,-6000,0,0,0,0,0,0,0,0,0,0,0,0,0,-6000
1445,大宇            ,0,11000,-11000,0,0,0,0,0,0,5000,5000,0,5000,0,0,0,-6000
3266,昇陽            ,0,9000,-9000,0,0,0,0,0,0,3000,10000,7000,3000,0,0,0,-6000
3164,景岳            ,0,6000,-6000,0,0,0,0,0,0,0,0,0,0,0,0,0,-6000
08851P,義隆群益01售03  ,0,0,0,0,0,0,0,0,0,-6000,0,0,0,29000,35000,-6000,-6000
08372P,大立光凱基01售04,0,0,0,0,0,0,0,0,0,-6000,0,0,0,4000,10000,-6000,-6000
08288P,鴻海統一9C售17  ,0,0,0,0,0,0,0,0,0,-6000,0,0,0,0,6000,-6000,-6000
08505P,臺股指國票9C售07,0,0,0,0,0,0,0,0,0,-6000,0,0,0,3000,9000,-6000,-6000
8463,潤泰材          ,14000,20000,-6000,0,0,0,0,0,0,0,0,0,0,0,0,0,-6000
8033,雷虎            ,9000,16000,-7000,0,0,0,0,0,0,1000,1000,0,1000,0,0,0,-6000
6405,悅城            ,3000,9000,-6000,0,0,0,0,0,0,0,0,0,0,0,0,0,-6000
6579,研揚            ,2000,8000,-6000,0,0,0,0,0,0,0,0,0,0,0,0,0,-6000
6581,鋼聯            ,1000,7000,-6000,0,0,0,0,0,0,0,0,0,0,0,0,0,-6000
4137,麗豐-KY         ,21000,15000,6000,0,0,0,0,0,0,-12000,0,0,0,0,12000,-12000,-6000
4526,東台            ,34000,40000,-6000,0,0,0,0,0,0,0,0,0,0,0,0,0,-6000
9937,全國            ,3000,9000,-6000,0,0,0,0,0,0,0,0,0,0,0,0,0,-6000
068107,台灣50台新01購06,0,0,0,0,0,0,0,0,0,-7000,0,0,0,23000,30000,-7000,-7000
067987,台積電元大01購29,0,0,0,0,0,0,0,0,0,-7000,0,0,0,3000,10000,-7000,-7000
07671P,超眾元大9A售04  ,0,0,0,0,0,0,0,0,0,-7000,0,0,0,100000,107000,-7000,-7000
07940P,國巨群益9B售06  ,0,0,0,0,0,0,0,0,0,-7000,0,0,0,0,7000,-7000,-7000
069045,國巨元富08購01  ,0,0,0,0,0,0,0,0,0,-7000,0,0,0,0,7000,-7000,-7000
068777,台積電元富08購02,0,0,0,0,0,0,0,0,0,-7000,0,0,0,15000,22000,-7000,-7000
068553,T50反1元大01購09,0,0,0,0,0,0,0,0,0,-7000,0,0,0,200000,207000,-7000,-7000
0057,富邦摩台        ,6000,6000,0,0,0,0,0,0,0,-7000,0,0,0,21000,28000,-7000,-7000
03137P,台灣50凱基03售03,0,0,0,0,0,0,0,0,0,-7000,0,0,0,0,7000,-7000,-7000
03101P,GIS凱基01售04   ,0,0,0,0,0,0,0,0,0,-7000,0,0,0,10000,17000,-7000,-7000
059926,世紀鋼國泰9B購01,0,0,0,0,0,0,0,0,0,-7000,0,0,0,3000,10000,-7000,-7000
059882,臺股指凱基9C購06,0,0,0,0,0,0,0,0,0,-7000,0,0,0,18000,25000,-7000,-7000
058744,FBVIX凱基9C購03 ,0,0,0,0,0,0,0,0,0,-7000,0,0,0,14000,21000,-7000,-7000
057876,隆達元大98購01  ,0,0,0,0,0,0,0,0,0,-7000,0,0,0,20000,27000,-7000,-7000
054318,台虹凱基98購01  ,0,0,0,0,0,0,0,0,0,-7000,0,0,0,48000,55000,-7000,-7000
059071,元油2X元大9C購12,0,0,0,0,0,0,0,0,0,-7000,0,0,0,0,7000,-7000,-7000
058583,臻鼎群益99購01  ,0,0,0,0,0,0,0,0,0,-7000,0,0,0,0,7000,-7000,-7000
058124,玉晶光國票9A購01,0,0,0,0,0,0,0,0,0,-7000,0,0,0,0,7000,-7000,-7000
060630,國巨富邦9C購03  ,0,0,0,0,0,0,0,0,0,-7000,0,0,0,3000,10000,-7000,-7000
060684,同欣電元大9A購01,0,0,0,0,0,0,0,0,0,-7000,0,0,0,0,7000,-7000,-7000
061946,鴻海群益9B購03  ,0,0,0,0,0,0,0,0,0,-7000,0,0,0,1000,8000,-7000,-7000
058908,貿聯元大99購03  ,0,0,0,0,0,0,0,0,0,-7000,0,0,0,13000,20000,-7000,-7000
059995,南亞科元富99購01,0,0,0,0,0,0,0,0,0,-7000,0,0,0,50000,57000,-7000,-7000
060116,世紀鋼元大99購07,0,0,0,0,0,0,0,0,0,-7000,0,0,0,3000,10000,-7000,-7000
057685,台灣50凱基9C購01,0,0,0,0,0,0,0,0,0,-7000,0,0,0,5000,12000,-7000,-7000
061565,滬深2X元大9A購08,0,0,0,0,0,0,0,0,0,-7000,0,0,0,2000,9000,-7000,-7000
060966,台表科凱基9B購01,0,0,0,0,0,0,0,0,0,-7000,0,0,0,2000,9000,-7000,-7000
060410,台苯永豐9A購01  ,0,0,0,0,0,0,0,0,0,-7000,0,0,0,0,7000,-7000,-7000
064505,康控元大9C購01  ,0,0,0,0,0,0,0,0,0,-7000,0,0,0,12000,19000,-7000,-7000
061843,億豐凱基9C購01  ,0,0,0,0,0,0,0,0,0,-7000,0,0,0,15000,22000,-7000,-7000
061666,友達中信01購01  ,0,0,0,0,0,0,0,0,0,-7000,0,0,0,0,7000,-7000,-7000
063394,金像電群益9B購01,0,0,0,0,0,0,0,0,0,-7000,0,0,0,3000,10000,-7000,-7000
063118,中鋼元大9C購01  ,0,0,0,0,0,0,0,0,0,-7000,0,0,0,193000,200000,-7000,-7000
063038,富邦金凱基9B購02,0,0,0,0,0,0,0,0,0,-7000,0,0,0,152000,159000,-7000,-7000
062931,上証2X凱基01購01,0,0,0,0,0,0,0,0,0,-7000,0,0,0,0,7000,-7000,-7000
066779,上証2X中信03購01,0,0,0,0,0,0,0,0,0,-7000,0,0,0,0,7000,-7000,-7000
066363,美律中信05購01  ,0,0,0,0,0,0,0,0,0,-7000,0,0,0,65000,72000,-7000,-7000
065928,創意國票02購01  ,0,0,0,0,0,0,0,0,0,-7000,0,0,0,39000,46000,-7000,-7000
065829,嘉晶凱基9C購05  ,0,0,0,0,0,0,0,0,0,-7000,0,0,0,17000,24000,-7000,-7000
066041,台光電元大01購02,0,0,0,0,0,0,0,0,0,-7000,0,0,0,205000,212000,-7000,-7000
066068,台積電凱基02購06,0,0,0,0,0,0,0,0,0,-7000,0,0,0,0,7000,-7000,-7000
064657,和大元大9C購02  ,0,0,0,0,0,0,0,0,0,-7000,0,0,0,43000,50000,-7000,-7000
064716,國巨統一9C購14  ,0,0,0,0,0,0,0,0,0,-7000,0,0,0,11000,18000,-7000,-7000
065376,京鼎元大9C購02  ,0,0,0,0,0,0,0,0,0,-7000,0,0,0,13000,20000,-7000,-7000
4540,全球傳動        ,21000,28000,-7000,0,0,0,0,0,0,0,0,0,0,0,0,0,-7000
3583,辛耘            ,216000,223000,-7000,0,0,0,0,0,0,0,0,0,0,0,0,0,-7000
3698,隆達            ,946000,982000,-36000,0,0,0,0,0,0,29000,108000,79000,29000,0,0,0,-7000
6133,金橋            ,0,2000,-2000,0,0,0,0,0,0,-5000,0,5000,-5000,0,0,0,-7000
6416,瑞祺電通        ,141000,141000,0,0,0,0,40000,35000,5000,-12000,4000,0,4000,2000,18000,-16000,-7000
8367,建新國際        ,0,8000,-8000,0,0,0,0,0,0,1000,2000,1000,1000,0,0,0,-7000
08555P,超眾國票01售01  ,0,0,0,0,0,0,0,0,0,-7000,0,0,0,27000,34000,-7000,-7000
08186P,泰碩永豐9B售03  ,0,0,0,0,0,0,0,0,0,-7000,0,0,0,0,7000,-7000,-7000
08366P,祥碩凱基9C售04  ,0,0,0,0,0,0,0,0,0,-7000,0,0,0,12000,19000,-7000,-7000
08902P,台灣50中信05售01,0,0,0,0,0,0,0,0,0,-7000,0,0,0,20000,27000,-7000,-7000
1110,東泥            ,1000,10000,-9000,0,0,0,0,0,0,2000,2000,0,2000,0,0,0,-7000
08796P,晶技凱基01售01  ,0,0,0,0,0,0,0,0,0,-7000,0,0,0,77000,84000,-7000,-7000
2429,銘旺科          ,3000,10000,-7000,0,0,0,0,0,0,0,0,0,0,0,0,0,-7000
2483,百容            ,0,1000,-1000,0,0,0,0,0,0,-6000,0,6000,-6000,0,0,0,-7000
2832,台產            ,8000,22000,-14000,0,0,0,0,0,0,7000,10000,3000,7000,0,0,0,-7000
1903,士紙            ,32000,39000,-7000,0,0,0,0,0,0,0,0,0,0,0,0,0,-7000
068477,嘉聯益群益01購02,0,0,0,0,0,0,0,0,0,-8000,0,0,0,2000,10000,-8000,-8000
068803,國揚群益03購01  ,0,0,0,0,0,0,0,0,0,-8000,0,0,0,27000,35000,-8000,-8000
068443,致伸凱基01購01  ,0,0,0,0,0,0,0,0,0,-8000,0,0,0,0,8000,-8000,-8000
068348,上銀凱基01購02  ,0,0,0,0,0,0,0,0,0,-8000,0,0,0,92000,100000,-8000,-8000
069026,聯陽國票03購01  ,0,0,0,0,0,0,0,0,0,-8000,0,0,0,0,8000,-8000,-8000
068862,義隆元富04購01  ,0,0,0,0,0,0,0,0,0,-8000,0,0,0,10000,18000,-8000,-8000
068940,國巨日盛02購01  ,0,0,0,0,0,0,0,0,0,-8000,0,0,0,1000,9000,-8000,-8000
068902,瑞儀元大02購03  ,0,0,0,0,0,0,0,0,0,-8000,0,0,0,19000,27000,-8000,-8000
067761,致伸永豐01購01  ,0,0,0,0,0,0,0,0,0,-8000,0,0,0,0,8000,-8000,-8000
067606,京鼎凱基01購04  ,0,0,0,0,0,0,0,0,0,-8000,0,0,0,202000,210000,-8000,-8000
067486,新日興元大01購03,0,0,0,0,0,0,0,0,0,-8000,0,0,0,10000,18000,-8000,-8000
067238,大立光群益02購03,0,0,0,0,0,0,0,0,0,-8000,0,0,0,41000,49000,-8000,-8000
057540,緯穎日盛99購01  ,0,0,0,0,0,0,0,0,0,-8000,0,0,0,2000,10000,-8000,-8000
060621,玉晶光元大9A購05,0,0,0,0,0,0,0,0,0,-8000,0,0,0,1000,9000,-8000,-8000
059099,元油2X統一9C購01,0,0,0,0,0,0,0,0,0,-8000,0,0,0,0,8000,-8000,-8000
059042,世紀鋼群益99購02,0,0,0,0,0,0,0,0,0,-8000,0,0,0,2000,10000,-8000,-8000
058890,元油2X元大9C購06,0,0,0,0,0,0,0,0,0,-8000,0,0,0,12000,20000,-8000,-8000
059525,上銀凱基99購08  ,0,0,0,0,0,0,0,0,0,-8000,0,0,0,2000,10000,-8000,-8000
054515,華通元大98購02  ,0,0,0,0,0,0,0,0,0,-8000,0,0,0,0,8000,-8000,-8000
054586,健鼎國泰99購01  ,0,0,0,0,0,0,0,0,0,-8000,0,0,0,0,8000,-8000,-8000
055032,億光富邦99購01  ,0,0,0,0,0,0,0,0,0,-8000,0,0,0,2000,10000,-8000,-8000
057306,玉晶光兆豐99購01,0,0,0,0,0,0,0,0,0,-8000,0,0,0,0,8000,-8000,-8000
058770,貿聯兆豐9A購01  ,0,0,0,0,0,0,0,0,0,-8000,0,0,0,12000,20000,-8000,-8000
03114P,台灣50富邦03售05,0,0,0,0,0,0,0,0,0,-8000,0,0,0,0,8000,-8000,-8000
00710B,FH彭博高收益債  ,0,0,0,0,0,0,0,0,0,-8000,0,0,0,85000,93000,-8000,-8000
063685,鴻海永豐9B購03  ,0,0,0,0,0,0,0,0,0,-8000,0,0,0,0,8000,-8000,-8000
062070,金寶元大9B購01  ,0,0,0,0,0,0,0,0,0,-8000,0,0,0,300000,308000,-8000,-8000
062669,微星中信03購01  ,0,0,0,0,0,0,0,0,0,-8000,0,0,0,14000,22000,-8000,-8000
062281,奇鋐群益9B購01  ,0,0,0,0,0,0,0,0,0,-8000,0,0,0,20000,28000,-8000,-8000
062306,華通凱基9B購01  ,0,0,0,0,0,0,0,0,0,-8000,0,0,0,12000,20000,-8000,-8000
063353,上銀元富9B購03  ,0,0,0,0,0,0,0,0,0,-8000,0,0,0,117000,125000,-8000,-8000
064230,上銀統一01購04  ,0,0,0,0,0,0,0,0,0,-8000,0,0,0,2000,10000,-8000,-8000
060490,華新科台新9A購01,0,0,0,0,0,0,0,0,0,-8000,0,0,0,86000,94000,-8000,-8000
063211,道瓊銀國票9B購01,0,0,0,0,0,0,0,0,0,-8000,0,0,0,0,8000,-8000,-8000
061213,群創元大9A購05  ,0,0,0,0,0,0,0,0,0,-8000,0,0,0,2000,10000,-8000,-8000
061190,力山永豐9A購02  ,0,0,0,0,0,0,0,0,0,-8000,0,0,0,60000,68000,-8000,-8000
065380,緯穎元大9C購02  ,0,0,0,0,0,0,0,0,0,-8000,0,0,0,0,8000,-8000,-8000
064925,和碩統一02購01  ,0,0,0,0,0,0,0,0,0,-8000,0,0,0,21000,29000,-8000,-8000
064651,GIS凱基9C購02   ,0,0,0,0,0,0,0,0,0,-8000,0,0,0,96000,104000,-8000,-8000
066151,大立光麥證01購02,0,0,0,2000,10000,-8000,0,0,0,-8000,0,0,0,2000,10000,-8000,-8000
066306,亞聚永豐01購01  ,0,0,0,0,0,0,0,0,0,-8000,0,0,0,9000,17000,-8000,-8000
2358,廷鑫            ,5000,13000,-8000,0,0,0,0,0,0,0,0,0,0,0,0,0,-8000
2702,華園            ,13000,21000,-8000,0,0,0,0,0,0,0,0,0,0,0,0,0,-8000
2613,中櫃            ,0,5000,-5000,0,0,0,0,0,0,-3000,5000,8000,-3000,0,0,0,-8000
08802P,聯發科元大01售14,0,0,0,0,0,0,0,0,0,-8000,0,0,0,2000,10000,-8000,-8000
08904P,為升國票03售01  ,0,0,0,0,0,0,0,0,0,-8000,0,0,0,51000,59000,-8000,-8000
08308P,聯發科凱基01售03,0,0,0,0,0,0,0,0,0,-8000,0,0,0,0,8000,-8000,-8000
6668,中揚光          ,54000,64000,-10000,0,0,0,0,0,0,2000,2000,0,2000,0,0,0,-8000
5907,大洋-KY         ,16000,24000,-8000,0,0,0,0,0,0,0,0,0,0,0,0,0,-8000
5007,三星            ,8000,16000,-8000,0,0,0,0,0,0,0,0,0,0,0,0,0,-8000
3593,力銘            ,4000,12000,-8000,0,0,0,0,0,0,0,0,0,0,0,0,0,-8000
3622,洋華            ,34000,45000,-11000,0,0,0,0,0,0,3000,15000,12000,3000,0,0,0,-8000
4807,日成-KY         ,0,4000,-4000,0,0,0,0,0,0,-4000,0,4000,-4000,0,0,0,-8000
8464,億豐            ,625031,644000,-18969,0,0,0,57000,0,57000,-47000,0,6000,-6000,5000,46000,-41000,-8969
067815,玉晶光凱基01購04,0,0,0,0,0,0,0,0,0,-9000,0,0,0,41000,50000,-9000,-9000
068115,玉山金元富07購01,0,0,0,0,0,0,0,0,0,-9000,0,0,0,110000,119000,-9000,-9000
068832,台積電國泰06購02,0,0,0,0,0,0,0,0,0,-9000,0,0,0,0,9000,-9000,-9000
069056,南電元富08購01  ,0,0,0,0,0,0,0,0,0,-9000,0,0,0,0,9000,-9000,-9000
07145P,為升元大99售03  ,0,0,0,0,0,0,0,0,0,-9000,0,0,0,10000,19000,-9000,-9000
03313P,台積電元大02售15,0,0,0,0,0,0,0,0,0,-9000,0,0,0,0,9000,-9000,-9000
03314P,台積電元大02售16,0,0,0,0,0,0,0,0,0,-9000,0,0,0,0,9000,-9000,-9000
03014X,元展14          ,0,0,0,0,0,0,0,0,0,-9000,0,0,0,0,9000,-9000,-9000
03695C,T50反1凱基03牛05,0,0,0,0,0,0,0,0,0,-9000,0,0,0,0,9000,-9000,-9000
056470,旺宏元大99購01  ,0,0,0,0,0,0,0,0,0,-9000,0,0,0,0,9000,-9000,-9000
056552,台表科凱基99購01,0,0,0,0,0,0,0,0,0,-9000,0,0,0,2000,11000,-9000,-9000
056547,臻鼎凱基99購01  ,0,0,0,0,0,0,0,0,0,-9000,0,0,0,100000,109000,-9000,-9000
059386,上銀凱基99購07  ,0,0,0,0,0,0,0,0,0,-9000,0,0,0,1000,10000,-9000,-9000
058385,創意中信99購01  ,0,0,0,0,0,0,0,0,0,-9000,0,0,0,0,9000,-9000,-9000
058370,聯詠凱基99購01  ,0,0,0,0,0,0,0,0,0,-9000,0,0,0,1000,10000,-9000,-9000
063592,瑞祺永豐9B購02  ,0,0,0,0,0,0,0,0,0,-9000,0,0,0,1000,10000,-9000,-9000
063179,群創兆豐9B購01  ,0,0,0,0,0,0,0,0,0,-9000,0,0,0,1000,10000,-9000,-9000
064130,創意元大9C購02  ,0,0,0,0,0,0,0,0,0,-9000,0,0,0,0,9000,-9000,-9000
064419,鴻海兆豐9C購01  ,0,0,0,0,0,0,0,0,0,-9000,0,0,0,5000,14000,-9000,-9000
063305,亞光凱基9B購01  ,0,0,0,0,0,0,0,0,0,-9000,0,0,0,0,9000,-9000,-9000
063338,國巨統一9C購11  ,0,0,0,0,0,0,0,0,0,-9000,0,0,0,0,9000,-9000,-9000
062208,旭富國票9C購01  ,0,0,0,0,0,0,0,0,0,-9000,0,0,0,0,9000,-9000,-9000
062762,聯詠凱基9B購02  ,0,0,0,0,0,0,0,0,0,-9000,0,0,0,53000,62000,-9000,-9000
062639,臻鼎國票9C購01  ,0,0,0,0,0,0,0,0,0,-9000,0,0,0,36000,45000,-9000,-9000
066787,聯發科麥證01購06,0,0,0,6000,60000,-54000,0,0,0,-9000,0,0,0,51000,60000,-9000,-9000
066673,緯穎凱基02購01  ,0,0,0,0,0,0,0,0,0,-9000,0,0,0,1000,10000,-9000,-9000
066682,聯詠兆豐03購01  ,0,0,0,0,0,0,0,0,0,-9000,0,0,0,139000,148000,-9000,-9000
066678,台達電兆豐03購01,0,0,0,0,0,0,0,0,0,-9000,0,0,0,26000,35000,-9000,-9000
065996,T50反1第一01購01,0,0,0,0,0,0,0,0,0,-9000,0,0,0,102000,111000,-9000,-9000
065907,南亞科永豐9C購01,0,0,0,0,0,0,0,0,0,-9000,0,0,0,10000,19000,-9000,-9000
063892,旺宏群益01購01  ,0,0,0,0,0,0,0,0,0,-9000,0,0,0,0,9000,-9000,-9000
064887,嘉晶中信9C購02  ,0,0,0,0,0,0,0,0,0,-9000,0,0,0,0,9000,-9000,-9000
065045,信邦凱基9C購01  ,0,0,0,0,0,0,0,0,0,-9000,0,0,0,0,9000,-9000,-9000
065327,台表科凱基9C購02,0,0,0,0,0,0,0,0,0,-9000,0,0,0,3000,12000,-9000,-9000
065328,緯穎凱基9C購03  ,0,0,0,0,0,0,0,0,0,-9000,0,0,0,1000,10000,-9000,-9000
065604,聯發科元大9C購17,0,0,0,0,0,0,0,0,0,-9000,0,0,0,1000,10000,-9000,-9000
5525,順天            ,0,9000,-9000,0,0,0,0,0,0,0,0,0,0,0,0,0,-9000
08324P,大立光凱基9C售05,0,0,0,0,0,0,0,0,0,-9000,0,0,0,0,9000,-9000,-9000
08367P,臺股指凱基9C售11,0,0,0,0,0,0,0,0,0,-9000,0,0,0,9000,18000,-9000,-9000
1203,味王            ,3000,12000,-9000,0,0,0,0,0,0,0,0,0,0,0,0,0,-9000
08749P,鴻海台新01售02  ,0,0,0,0,0,0,0,0,0,-9000,0,0,0,0,9000,-9000,-9000
2546,根基            ,1000,8000,-7000,0,0,0,0,0,0,-2000,0,2000,-2000,0,0,0,-9000
2820,華票            ,117000,101000,16000,0,0,0,0,1000,-1000,-24000,0,24000,-24000,0,0,0,-9000
2838,聯邦銀          ,131000,132000,-1000,0,0,0,0,0,0,-8000,50000,58000,-8000,0,0,0,-9000
2462,良得電          ,0,9000,-9000,0,0,0,0,0,0,0,0,0,0,0,0,0,-9000
07177P,臺股指凱基99售19,0,0,0,0,0,0,0,0,0,-10000,0,0,0,0,10000,-10000,-10000
07080P,健策群益9A售01  ,0,0,0,0,0,0,0,0,0,-10000,0,0,0,0,10000,-10000,-10000
07055P,景碩群益9A售02  ,0,0,0,0,0,0,0,0,0,-10000,0,0,0,30000,40000,-10000,-10000
07382P,台積電群益9B售01,0,0,0,0,0,0,0,0,0,-10000,0,0,0,0,10000,-10000,-10000
07349P,大立光凱基99售16,0,0,0,0,0,0,0,0,0,-10000,0,0,0,0,10000,-10000,-10000
07255P,國巨凱基99售15  ,0,0,0,0,0,0,0,0,0,-10000,0,0,0,0,10000,-10000,-10000
06997P,台灣50中信03售01,0,0,0,0,0,0,0,0,0,-10000,0,0,0,0,10000,-10000,-10000
068837,欣興永豐02購02  ,0,0,0,0,0,0,0,0,0,-10000,0,0,0,63000,73000,-10000,-10000
068802,台積電群益02購07,0,0,0,0,0,0,0,0,0,-10000,0,0,0,15000,25000,-10000,-10000
068810,T50反1元大02購02,0,0,0,0,0,0,0,0,0,-10000,0,0,0,0,10000,-10000,-10000
068909,台積電群益02購09,0,0,0,0,0,0,0,0,0,-10000,0,0,0,0,10000,-10000,-10000
068891,亞德客元大02購03,0,0,0,0,0,0,0,0,0,-10000,0,0,0,0,10000,-10000,-10000
068892,台達電元大02購01,0,0,0,0,0,0,0,0,0,-10000,0,0,0,0,10000,-10000,-10000
068947,台達電凱基03購01,0,0,0,0,0,0,0,0,0,-10000,0,0,0,0,10000,-10000,-10000
068966,TPK群益02購01   ,0,0,0,0,0,0,0,0,0,-10000,0,0,0,1000,11000,-10000,-10000
068972,力山元大02購01  ,0,0,0,0,0,0,0,0,0,-10000,0,0,0,0,10000,-10000,-10000
068995,南六永豐02購01  ,0,0,0,0,0,0,0,0,0,-10000,0,0,0,0,10000,-10000,-10000
068996,台灣50兆豐04購01,0,0,0,0,0,0,0,0,0,-10000,0,0,0,0,10000,-10000,-10000
068997,T50反1兆豐03購01,0,0,0,0,0,0,0,0,0,-10000,0,0,0,0,10000,-10000,-10000
07964P,大立光統一9B售12,0,0,0,0,0,0,0,0,0,-10000,0,0,0,0,10000,-10000,-10000
07882P,台灣50凱基01售12,0,0,0,0,0,0,0,0,0,-10000,0,0,0,0,10000,-10000,-10000
07533P,臺股指中信9C售04,0,0,0,0,0,0,0,0,0,-10000,0,0,0,0,10000,-10000,-10000
07538P,玉晶光元富9A售05,0,0,0,0,0,0,0,0,0,-10000,0,0,0,0,10000,-10000,-10000
07623P,大立光統一9B售05,0,0,0,0,0,0,0,0,0,-10000,0,0,0,0,10000,-10000,-10000
07591P,台灣50元大9A售16,0,0,0,0,0,0,0,0,0,-10000,0,0,0,0,10000,-10000,-10000
08056P,華通群益9B售06  ,0,0,0,0,0,0,0,0,0,-10000,0,0,0,0,10000,-10000,-10000
07980P,臺股指凱基02售01,0,0,0,0,0,0,0,0,0,-10000,0,0,0,0,10000,-10000,-10000
08043P,電子類群益9B售01,0,0,0,0,0,0,0,0,0,-10000,0,0,0,50000,60000,-10000,-10000
08153P,台表科統一9B售01,0,0,0,0,0,0,0,0,0,-10000,0,0,0,0,10000,-10000,-10000
068345,聯發科麥證01購09,0,0,0,0,10000,-10000,0,0,0,-10000,0,0,0,0,10000,-10000,-10000
06834P,訊芯群益99售02  ,0,0,0,0,0,0,0,0,0,-10000,0,0,0,40000,50000,-10000,-10000
068421,GIS兆豐01購02   ,0,0,0,0,0,0,0,0,0,-10000,0,0,0,0,10000,-10000,-10000
068424,台灣50凱基04購11,0,0,0,0,0,0,0,0,0,-10000,0,0,0,40000,50000,-10000,-10000
068406,同欣電元富07購01,0,0,0,0,0,0,0,0,0,-10000,0,0,0,0,10000,-10000,-10000
068740,T50反1群益03購01,0,0,0,0,0,0,0,0,0,-10000,0,0,0,0,10000,-10000,-10000
068699,松翰凱基03購01  ,0,0,0,0,0,0,0,0,0,-10000,0,0,0,0,10000,-10000,-10000
068546,國巨群益01購11  ,0,0,0,0,0,0,0,0,0,-10000,0,0,0,0,10000,-10000,-10000
068026,華通元富07購01  ,0,0,0,0,0,0,0,0,0,-10000,0,0,0,91000,101000,-10000,-10000
068045,滬深2X統一03購01,0,0,0,0,0,0,0,0,0,-10000,0,0,0,0,10000,-10000,-10000
06799P,臺股指凱基98售09,0,0,0,0,0,0,0,0,0,-10000,0,0,0,0,10000,-10000,-10000
067936,泰碩凱基01購02  ,0,0,0,0,0,0,0,0,0,-10000,0,0,0,130000,140000,-10000,-10000
067962,鴻海群益02購04  ,0,0,0,0,0,0,0,0,0,-10000,0,0,0,20000,30000,-10000,-10000
067897,玉晶光群益02購11,0,0,0,0,0,0,0,0,0,-10000,0,0,0,21000,31000,-10000,-10000
067912,上証2X永豐01購03,0,0,0,0,0,0,0,0,0,-10000,0,0,0,0,10000,-10000,-10000
067822,同欣電凱基01購02,0,0,0,0,0,0,0,0,0,-10000,0,0,0,2000,12000,-10000,-10000
067575,道瓊反群益01購04,0,0,0,0,0,0,0,0,0,-10000,0,0,0,0,10000,-10000,-10000
067227,T50反1群益01購06,0,0,0,0,0,0,0,0,0,-10000,0,0,0,0,10000,-10000,-10000
067206,台積電元大01購23,0,0,0,0,0,0,0,0,0,-10000,0,0,0,8000,18000,-10000,-10000
067296,A50正2元大01購03,0,0,0,0,0,0,0,0,0,-10000,0,0,0,0,10000,-10000,-10000
067156,樺漢統一04購01  ,0,0,0,0,0,0,0,0,0,-10000,0,0,0,0,10000,-10000,-10000
067133,正崴永豐01購01  ,0,0,0,0,0,0,0,0,0,-10000,0,0,0,0,10000,-10000,-10000
067182,鴻海凱基02購05  ,0,0,0,0,0,0,0,0,0,-10000,0,0,0,0,10000,-10000,-10000
067183,友訊凱基02購01  ,0,0,0,0,0,0,0,0,0,-10000,0,0,0,0,10000,-10000,-10000
066977,鴻海群益02購01  ,0,0,0,0,0,0,0,0,0,-10000,0,0,0,0,10000,-10000,-10000
06697P,台積電國票99售05,0,0,0,0,0,0,0,0,0,-10000,0,0,0,0,10000,-10000,-10000
067015,義隆富邦04購01  ,0,0,0,0,0,0,0,0,0,-10000,0,0,0,7000,17000,-10000,-10000
067020,臺指反中信03購02,0,0,0,0,0,0,0,0,0,-10000,0,0,0,0,10000,-10000,-10000
063557,聚陽元大9B購01  ,0,0,0,0,0,0,0,0,0,-10000,0,0,0,0,10000,-10000,-10000
061995,超眾元大01購01  ,0,0,0,0,0,0,0,0,0,-10000,0,0,0,2000,12000,-10000,-10000
060707,台郡富邦9A購01  ,0,0,0,0,0,0,0,0,0,-10000,0,0,0,0,10000,-10000,-10000
060611,同欣電凱基9A購02,0,0,0,0,0,0,0,0,0,-10000,0,0,0,2000,12000,-10000,-10000
061335,國巨元大9A購19  ,0,0,0,0,0,0,0,0,0,-10000,0,0,0,0,10000,-10000,-10000
061336,國巨元大9A購20  ,0,0,0,0,0,0,0,0,0,-10000,0,0,0,0,10000,-10000,-10000
061387,鴻海群益9A購05  ,0,0,0,0,0,0,0,0,0,-10000,0,0,0,5000,15000,-10000,-10000
057466,泰鼎永豐98購01  ,0,0,0,0,0,0,0,0,0,-10000,0,0,0,10000,20000,-10000,-10000
057673,臻鼎元大98購01  ,0,0,0,0,0,0,0,0,0,-10000,0,0,0,0,10000,-10000,-10000
060089,台積電元大99購54,0,0,0,0,0,0,0,0,0,-10000,0,0,0,0,10000,-10000,-10000
060083,和大元大99購02  ,0,0,0,0,0,0,0,0,0,-10000,0,0,0,0,10000,-10000,-10000
059997,華航元富99購01  ,0,0,0,0,0,0,0,0,0,-10000,0,0,0,0,10000,-10000,-10000
060254,世紀鋼元大9A購01,0,0,0,0,0,0,0,0,0,-10000,0,0,0,0,10000,-10000,-10000
058368,奇鋐凱基9A購01  ,0,0,0,0,0,0,0,0,0,-10000,0,0,0,0,10000,-10000,-10000
058425,S&P正2元富01購02,0,0,0,0,0,0,0,0,0,-10000,0,0,0,0,10000,-10000,-10000
058468,聯茂中信99購02  ,0,0,0,0,0,0,0,0,0,-10000,0,0,0,0,10000,-10000,-10000
058473,上銀凱基9A購03  ,0,0,0,0,0,0,0,0,0,-10000,0,0,0,33000,43000,-10000,-10000
059955,美食康和99購01  ,0,0,0,0,0,0,0,0,0,-10000,0,0,0,0,10000,-10000,-10000
058163,道瓊反凱基9B購01,0,0,0,0,0,0,0,0,0,-10000,0,0,0,0,10000,-10000,-10000
058216,TPK群益99購01   ,0,0,0,0,0,0,0,0,0,-10000,0,0,0,0,10000,-10000,-10000
058287,國巨國票9A購02  ,0,0,0,0,0,0,0,0,0,-10000,0,0,0,0,10000,-10000,-10000
058481,玉晶光凱基9A購04,0,0,0,0,0,0,0,0,0,-10000,0,0,0,1000,11000,-10000,-10000
058494,可成群益9B購01  ,0,0,0,0,0,0,0,0,0,-10000,0,0,0,10000,20000,-10000,-10000
058544,FBVIX富邦9B購01 ,0,0,0,0,0,0,0,0,0,-10000,0,0,0,0,10000,-10000,-10000
057915,台泥凱基98購01  ,0,0,0,0,0,0,0,0,0,-10000,0,0,0,0,10000,-10000,-10000
057903,聯鈞永豐99購01  ,0,0,0,0,0,0,0,0,0,-10000,0,0,0,0,10000,-10000,-10000
059451,國巨永豐99購05  ,0,0,0,0,0,0,0,0,0,-10000,0,0,0,2000,12000,-10000,-10000
059347,京鼎凱基99購02  ,0,0,0,0,0,0,0,0,0,-10000,0,0,0,0,10000,-10000,-10000
059562,上銀凱基99購09  ,0,0,0,0,0,0,0,0,0,-10000,0,0,0,0,10000,-10000,-10000
058803,世紀鋼元大99購03,0,0,0,0,0,0,0,0,0,-10000,0,0,0,0,10000,-10000,-10000
059630,美律凱基99購07  ,0,0,0,0,0,0,0,0,0,-10000,0,0,0,0,10000,-10000,-10000
059722,南亞科元大99購02,0,0,0,0,0,0,0,0,0,-10000,0,0,0,0,10000,-10000,-10000
058981,國巨凱基99購10  ,0,0,0,0,0,0,0,0,0,-10000,0,0,0,0,10000,-10000,-10000
059112,上銀永豐99購01  ,0,0,0,0,0,0,0,0,0,-10000,0,0,0,21000,31000,-10000,-10000
059062,群創凱基99購05  ,0,0,0,0,0,0,0,0,0,-10000,0,0,0,11000,21000,-10000,-10000
059211,鴻海元大99購27  ,0,0,0,0,0,0,0,0,0,-10000,0,0,0,0,10000,-10000,-10000
059161,鴻海凱基9A購09  ,0,0,0,0,0,0,0,0,0,-10000,0,0,0,0,10000,-10000,-10000
059247,可成凱基99購05  ,0,0,0,0,0,0,0,0,0,-10000,0,0,0,1000,11000,-10000,-10000
059339,上銀凱基99購06  ,0,0,0,0,0,0,0,0,0,-10000,0,0,0,0,10000,-10000,-10000
059340,鴻海凱基9A購12  ,0,0,0,0,0,0,0,0,0,-10000,0,0,0,0,10000,-10000,-10000
057415,和碩日盛98購01  ,0,0,0,0,0,0,0,0,0,-10000,0,0,0,0,10000,-10000,-10000
057869,大立光凱基99購01,0,0,0,0,0,0,0,0,0,-10000,0,0,0,0,10000,-10000,-10000
057819,新日興元大99購01,0,0,0,0,0,0,0,0,0,-10000,0,0,0,0,10000,-10000,-10000
056701,國產國泰9A購01  ,0,0,0,0,0,0,0,0,0,-10000,0,0,0,0,10000,-10000,-10000
056721,台灣50永昌9A購01,0,0,0,0,0,0,0,0,0,-10000,0,0,0,10000,20000,-10000,-10000
056736,國巨凱基99購03  ,0,0,0,0,0,0,0,0,0,-10000,0,0,0,0,10000,-10000,-10000
059871,義隆凱基99購03  ,0,0,0,0,0,0,0,0,0,-10000,0,0,0,0,10000,-10000,-10000
055892,國巨統一99購01  ,0,0,0,0,0,0,0,0,0,-10000,0,0,0,420000,430000,-10000,-10000
055477,同欣電凱基98購01,0,0,0,0,0,0,0,0,0,-10000,0,0,0,0,10000,-10000,-10000
055596,新光金元大9B購02,0,0,0,0,0,0,0,0,0,-10000,0,0,0,0,10000,-10000,-10000
054640,健策中信9B購01  ,0,0,0,0,0,0,0,0,0,-10000,0,0,0,10000,20000,-10000,-10000
054480,和碩中信98購01  ,0,0,0,0,0,0,0,0,0,-10000,0,0,0,0,10000,-10000,-10000
054546,玉晶光中信9B購01,0,0,0,0,0,0,0,0,0,-10000,0,0,0,0,10000,-10000,-10000
054791,泰碩群益99購02  ,0,0,0,0,0,0,0,0,0,-10000,0,0,0,0,10000,-10000,-10000
054803,味全元大9A購01  ,0,0,0,0,0,0,0,0,0,-10000,0,0,0,0,10000,-10000,-10000
057100,國巨中信9A購02  ,0,0,0,0,0,0,0,0,0,-10000,0,0,0,0,10000,-10000,-10000
055999,電子類富邦99購01,0,0,0,0,0,0,0,0,0,-10000,0,0,0,0,10000,-10000,-10000
056096,超眾元富9A購01  ,0,0,0,0,0,0,0,0,0,-10000,0,0,0,2000,12000,-10000,-10000
051432,群創元富99購03  ,0,0,0,0,0,0,0,0,0,-10000,0,0,0,0,10000,-10000,-10000
056358,友訊元大99購01  ,0,0,0,0,0,0,0,0,0,-10000,0,0,0,0,10000,-10000,-10000
053601,台表科元大98購01,0,0,0,0,0,0,0,0,0,-10000,0,0,0,0,10000,-10000,-10000
053398,和鑫中信99購01  ,0,0,0,0,0,0,0,0,0,-10000,0,0,0,0,10000,-10000,-10000
03007P,玉晶光永豐01售01,0,0,0,0,0,0,0,0,0,-10000,0,0,0,0,10000,-10000,-10000
03171P,台積電中信05售07,0,0,0,0,0,0,0,0,0,-10000,0,0,0,0,10000,-10000,-10000
03141P,台灣50國票01售08,0,0,0,0,0,0,0,0,0,-10000,0,0,0,0,10000,-10000,-10000
03144P,台積電國票01售09,0,0,0,0,0,0,0,0,0,-10000,0,0,0,0,10000,-10000,-10000
03337P,華邦電國票04售01,0,0,0,0,0,0,0,0,0,-10000,0,0,0,0,10000,-10000,-10000
03287P,台灣50元大02售08,0,0,0,0,0,0,0,0,0,-10000,0,0,0,0,10000,-10000,-10000
03223P,華通凱基03售03  ,0,0,0,0,0,0,0,0,0,-10000,0,0,0,10000,20000,-10000,-10000
03427B,臺股指元大9A熊02,0,0,0,0,0,0,0,0,0,-10000,0,0,0,454000,464000,-10000,-10000
03022P,玉晶光群益02售26,0,0,0,0,0,0,0,0,0,-10000,0,0,0,0,10000,-10000,-10000
03042P,玉晶光國票04售01,0,0,0,0,0,0,0,0,0,-10000,0,0,0,0,10000,-10000,-10000
006203,元大MSCI台灣    ,0,0,0,0,0,0,0,0,0,-10000,0,0,0,2000,12000,-10000,-10000
062617,京鼎元大9B購01  ,0,0,0,0,0,0,0,0,0,-10000,0,0,0,0,10000,-10000,-10000
062936,鴻海凱基9B購07  ,0,0,0,0,0,0,0,0,0,-10000,0,0,0,0,10000,-10000,-10000
062910,亞光元大9B購01  ,0,0,0,0,0,0,0,0,0,-10000,0,0,0,56000,66000,-10000,-10000
062849,中興電永豐9B購02,0,0,0,0,0,0,0,0,0,-10000,0,0,0,7000,17000,-10000,-10000
062975,京鼎元富9B購01  ,0,0,0,0,0,0,0,0,0,-10000,0,0,0,0,10000,-10000,-10000
062733,巨大凱基9B購01  ,0,0,0,0,0,0,0,0,0,-10000,0,0,0,0,10000,-10000,-10000
062719,微星凱基9B購01  ,0,0,0,0,0,0,0,0,0,-10000,0,0,0,20000,30000,-10000,-10000
062490,聯茂永豐9B購01  ,0,0,0,0,0,0,0,0,0,-10000,0,0,0,0,10000,-10000,-10000
062021,康控永豐9B購01  ,0,0,0,0,0,0,0,0,0,-10000,0,0,0,0,10000,-10000,-10000
061436,上銀凱基9A購07  ,0,0,0,0,0,0,0,0,0,-10000,0,0,0,0,10000,-10000,-10000
062429,A50正2元大9B購01,0,0,0,0,0,0,0,0,0,-10000,0,0,0,20000,30000,-10000,-10000
062361,智邦元大9B購06  ,0,0,0,0,0,0,0,0,0,-10000,0,0,0,14000,24000,-10000,-10000
061410,緯穎國票9A購03  ,0,0,0,0,0,0,0,0,0,-10000,0,0,0,0,10000,-10000,-10000
061397,上銀台新9A購01  ,0,0,0,0,0,0,0,0,0,-10000,0,0,0,0,10000,-10000,-10000
062409,巨大永豐9B購02  ,0,0,0,0,0,0,0,0,0,-10000,0,0,0,10000,20000,-10000,-10000
062158,禾伸堂凱基9B購01,0,0,0,0,0,0,0,0,0,-10000,0,0,0,0,10000,-10000,-10000
063099,臺指反群益9B購05,0,0,0,0,0,0,0,0,0,-10000,0,0,0,0,10000,-10000,-10000
063103,技嘉群益9B購01  ,0,0,0,0,0,0,0,0,0,-10000,0,0,0,0,10000,-10000,-10000
063790,南亞科台新9C購01,0,0,0,0,0,0,0,0,0,-10000,0,0,0,0,10000,-10000,-10000
063661,聚陽統一9C購02  ,0,0,0,0,0,0,0,0,0,-10000,0,0,0,0,10000,-10000,-10000
063345,嘉晶統一9C購02  ,0,0,0,0,0,0,0,0,0,-10000,0,0,0,0,10000,-10000,-10000
063409,GIS國票9C購02   ,0,0,0,0,0,0,0,0,0,-10000,0,0,0,25000,35000,-10000,-10000
063532,GIS凱基9B購03   ,0,0,0,0,0,0,0,0,0,-10000,0,0,0,89000,99000,-10000,-10000
063485,巨大元大9B購04  ,0,0,0,0,0,0,0,0,0,-10000,0,0,0,0,10000,-10000,-10000
063454,瑞儀統一9B購01  ,0,0,0,0,0,0,0,0,0,-10000,0,0,0,0,10000,-10000,-10000
062546,新日興永豐9B購01,0,0,0,0,0,0,0,0,0,-10000,0,0,0,0,10000,-10000,-10000
062583,鴻海統一9C購12  ,0,0,0,0,0,0,0,0,0,-10000,0,0,0,0,10000,-10000,-10000
062509,SP黃豆國票9B購03,0,0,0,0,0,0,0,0,0,-10000,0,0,0,0,10000,-10000,-10000
064432,台積電凱基9C購04,0,0,0,0,0,0,0,0,0,-10000,0,0,0,16000,26000,-10000,-10000
064140,台達電統一01購01,0,0,0,0,0,0,0,0,0,-10000,0,0,0,0,10000,-10000,-10000
061927,玉晶光凱基9C購01,0,0,0,0,0,0,0,0,0,-10000,0,0,0,0,10000,-10000,-10000
060315,易華電永豐9A購01,0,0,0,0,0,0,0,0,0,-10000,0,0,0,0,10000,-10000,-10000
061672,臺指反元大01購05,0,0,0,0,0,0,0,0,0,-10000,0,0,0,0,10000,-10000,-10000
061664,上銀中信9A購01  ,0,0,0,0,0,0,0,0,0,-10000,0,0,0,0,10000,-10000,-10000
061701,友達國票9B購02  ,0,0,0,0,0,0,0,0,0,-10000,0,0,0,0,10000,-10000,-10000
061526,宏達電凱基9A購04,0,0,0,0,0,0,0,0,0,-10000,0,0,0,22000,32000,-10000,-10000
061599,元金反中信9C購01,0,0,0,0,0,0,0,0,0,-10000,0,0,0,0,10000,-10000,-10000
061182,南六凱基9A購01  ,0,0,0,0,0,0,0,0,0,-10000,0,0,0,0,10000,-10000,-10000
060721,瑞儀永豐9A購01  ,0,0,0,0,0,0,0,0,0,-10000,0,0,0,4000,14000,-10000,-10000
061303,玉晶光永豐9B購03,0,0,0,0,0,0,0,0,0,-10000,0,0,0,0,10000,-10000,-10000
060542,上銀凱基9A購04  ,0,0,0,0,0,0,0,0,0,-10000,0,0,0,0,10000,-10000,-10000
061110,超眾元大9A購03  ,0,0,0,0,0,0,0,0,0,-10000,0,0,0,18000,28000,-10000,-10000
060957,SP黃豆凱基9A購04,0,0,0,0,0,0,0,0,0,-10000,0,0,0,0,10000,-10000,-10000
060399,康友國票9A購02  ,0,0,0,0,0,0,0,0,0,-10000,0,0,0,0,10000,-10000,-10000
060389,世紀鋼凱基9B購02,0,0,0,0,0,0,0,0,0,-10000,0,0,0,0,10000,-10000,-10000
060814,健策凱基9B購01  ,0,0,0,0,0,0,0,0,0,-10000,0,0,0,6000,16000,-10000,-10000
060903,臺指反元大9A購01,0,0,0,0,0,0,0,0,0,-10000,0,0,0,0,10000,-10000,-10000
065434,台勝科凱基01購01,0,0,0,0,0,0,0,0,0,-10000,0,0,0,10000,20000,-10000,-10000
065319,鴻海凱基9C購03  ,0,0,0,0,0,0,0,0,0,-10000,0,0,0,0,10000,-10000,-10000
065333,冠德國票01購01  ,0,0,0,0,0,0,0,0,0,-10000,0,0,0,0,10000,-10000,-10000
064960,世紀鋼凱基03購01,0,0,0,0,0,0,0,0,0,-10000,0,0,0,20000,30000,-10000,-10000
064943,聚陽凱基9C購01  ,0,0,0,0,0,0,0,0,0,-10000,0,0,0,0,10000,-10000,-10000
064880,神達兆豐9C購01  ,0,0,0,0,0,0,0,0,0,-10000,0,0,0,10000,20000,-10000,-10000
064885,T50反1中信04購01,0,0,0,0,0,0,0,0,0,-10000,0,0,0,0,10000,-10000,-10000
064201,新光金兆豐9C購01,0,0,0,0,0,0,0,0,0,-10000,0,0,0,0,10000,-10000,-10000
064034,台表科元大9C購07,0,0,0,0,0,0,0,0,0,-10000,0,0,0,0,10000,-10000,-10000
063951,新日興元大9C購01,0,0,0,0,0,0,0,0,0,-10000,0,0,0,0,10000,-10000,-10000
063978,美食兆豐9C購01  ,0,0,0,0,0,0,0,0,0,-10000,0,0,0,0,10000,-10000,-10000
064647,致伸凱基9C購01  ,0,0,0,0,0,0,0,0,0,-10000,0,0,0,0,10000,-10000,-10000
064688,國巨群益9C購11  ,0,0,0,0,0,0,0,0,0,-10000,0,0,0,1000,11000,-10000,-10000
063796,鴻海凱基9C購02  ,0,0,0,0,0,0,0,0,0,-10000,0,0,0,0,10000,-10000,-10000
063803,世紀鋼凱基01購01,0,0,0,0,0,0,0,0,0,-10000,0,0,0,0,10000,-10000,-10000
063807,超眾兆豐01購01  ,0,0,0,0,0,0,0,0,0,-10000,0,0,0,0,10000,-10000,-10000
064540,神達麥證01購01  ,0,0,0,0,10000,-10000,0,0,0,-10000,0,0,0,0,10000,-10000,-10000
065799,友訊群益01購03  ,0,0,0,0,0,0,0,0,0,-10000,0,0,0,67000,77000,-10000,-10000
06586P,鴻海元大9C售01  ,0,0,0,0,0,0,0,0,0,-10000,0,0,0,0,10000,-10000,-10000
065795,康友永豐9C購02  ,0,0,0,0,0,0,0,0,0,-10000,0,0,0,0,10000,-10000,-10000
065690,台苯群益9C購01  ,0,0,0,0,0,0,0,0,0,-10000,0,0,0,0,10000,-10000,-10000
06597P,國巨富邦9A售05  ,0,0,0,0,0,0,0,0,0,-10000,0,0,0,20000,30000,-10000,-10000
066031,力成群益01購01  ,0,0,0,0,0,0,0,0,0,-10000,0,0,0,0,10000,-10000,-10000
066089,文曄永豐01購01  ,0,0,0,0,0,0,0,0,0,-10000,0,0,0,213000,223000,-10000,-10000
066169,晶豪科凱基01購01,0,0,0,0,0,0,0,0,0,-10000,0,0,0,140000,150000,-10000,-10000
066186,台郡凱基02購01  ,0,0,0,0,0,0,0,0,0,-10000,0,0,0,0,10000,-10000,-10000
066687,國巨元富07購05  ,0,0,0,0,0,0,0,0,0,-10000,0,0,0,0,10000,-10000,-10000
066657,滬深2X凱基04購01,0,0,0,0,0,0,0,0,0,-10000,0,0,0,0,10000,-10000,-10000
066633,總太凱基01購01  ,0,0,0,0,0,0,0,0,0,-10000,0,0,0,0,10000,-10000,-10000
066807,揚明光凱基01購02,0,0,0,0,0,0,0,0,0,-10000,0,0,0,0,10000,-10000,-10000
066401,智伸科凱基01購02,0,0,0,0,0,0,0,0,0,-10000,0,0,0,130000,140000,-10000,-10000
066403,台郡凱基01購02  ,0,0,0,0,0,0,0,0,0,-10000,0,0,0,0,10000,-10000,-10000
066389,南港凱基01購01  ,0,0,0,0,0,0,0,0,0,-10000,0,0,0,13000,23000,-10000,-10000
066500,T50反1富邦03購02,0,0,0,0,0,0,0,0,0,-10000,0,0,0,0,10000,-10000,-10000
2888A,新光金甲特      ,0,0,0,0,0,0,0,0,0,-10000,0,10000,-10000,0,0,0,-10000
1817,凱撒衛          ,5000,15000,-10000,0,0,0,0,0,0,0,0,0,0,0,0,0,-10000
1626,艾美特-KY       ,4000,14000,-10000,0,0,0,0,0,0,0,0,0,0,0,0,0,-10000
1558,伸興            ,1000,10000,-9000,0,0,0,0,0,0,-1000,0,1000,-1000,0,0,0,-10000
08701P,景碩康和01售02  ,0,0,0,0,0,0,0,0,0,-10000,0,0,0,0,10000,-10000,-10000
08722P,臺股指元大01售03,0,0,0,0,0,0,0,0,0,-10000,0,0,0,0,10000,-10000,-10000
08634P,大立光元大9C售26,0,0,0,0,0,0,0,0,0,-10000,0,0,0,0,10000,-10000,-10000
08965P,台灣50元大01售30,0,0,0,0,0,0,0,0,0,-10000,0,0,0,0,10000,-10000,-10000
08971P,臺股指元大01售14,0,0,0,0,0,0,0,0,0,-10000,0,0,0,0,10000,-10000,-10000
08917P,臺股指凱基01售08,0,0,0,0,0,0,0,0,0,-10000,0,0,0,0,10000,-10000,-10000
08927P,技嘉元富07售04  ,0,0,0,0,0,0,0,0,0,-10000,0,0,0,23000,33000,-10000,-10000
08900P,聯發科群益01售07,0,0,0,0,0,0,0,0,0,-10000,0,0,0,0,10000,-10000,-10000
08879P,台積電凱基01售12,0,0,0,0,0,0,0,0,0,-10000,0,0,0,0,10000,-10000,-10000
08846P,上証2X群益03售03,0,0,0,0,0,0,0,0,0,-10000,0,0,0,0,10000,-10000,-10000
08847P,滬深2X群益03售06,0,0,0,0,0,0,0,0,0,-10000,0,0,0,0,10000,-10000,-10000
08848P,國巨群益01售06  ,0,0,0,0,0,0,0,0,0,-10000,0,0,0,0,10000,-10000,-10000
08358P,大立光元大9C售18,0,0,0,0,0,0,0,0,0,-10000,0,0,0,0,10000,-10000,-10000
08319P,台積電統一9C售11,0,0,0,0,0,0,0,0,0,-10000,0,0,0,0,10000,-10000,-10000
08195P,臺指反元大03售01,0,0,0,0,0,0,0,0,0,-10000,0,0,0,0,10000,-10000,-10000
08282P,南六群益9C售01  ,0,0,0,0,0,0,0,0,0,-10000,0,0,0,0,10000,-10000,-10000
08541P,景碩國票01售02  ,0,0,0,0,0,0,0,0,0,-10000,0,0,0,0,10000,-10000,-10000
08532P,國巨元富06售02  ,0,0,0,0,0,0,0,0,0,-10000,0,0,0,0,10000,-10000,-10000
08476P,臺股指凱基9C售14,0,0,0,0,0,0,0,0,0,-10000,0,0,0,0,10000,-10000,-10000
4737,華廣            ,2000,12000,-10000,0,0,0,0,0,0,0,0,0,0,0,0,0,-10000
4555,氣立            ,15000,25000,-10000,0,0,0,0,0,0,0,0,0,0,0,0,0,-10000
6183,關貿            ,13000,18000,-5000,0,0,0,0,0,0,-5000,4000,9000,-5000,0,0,0,-10000
067019,A50中信02購01   ,0,0,0,0,0,0,0,0,0,-11000,0,0,0,0,11000,-11000,-11000
066895,台勝科兆豐01購01,0,0,0,0,0,0,0,0,0,-11000,0,0,0,0,11000,-11000,-11000
067370,南亞科統一03購03,0,0,0,0,0,0,0,0,0,-11000,0,0,0,0,11000,-11000,-11000
068127,台積電統一02購07,0,0,0,0,0,0,0,0,0,-11000,0,0,0,0,11000,-11000,-11000
068111,大成鋼元富07購01,0,0,0,0,0,0,0,0,0,-11000,0,0,0,0,11000,-11000,-11000
068632,華新凱基03購01  ,0,0,0,0,0,0,0,0,0,-11000,0,0,0,19000,30000,-11000,-11000
07838P,泰碩元大9A售04  ,0,0,0,0,0,0,0,0,0,-11000,0,0,0,20000,31000,-11000,-11000
068913,聯發科群益02購11,0,0,0,0,0,0,0,0,0,-11000,0,0,0,4000,15000,-11000,-11000
00706L,元大S&P日圓正2  ,0,0,0,0,0,0,0,0,0,-11000,0,0,0,6000,17000,-11000,-11000
050758,聯發科元富9B購01,0,0,0,0,0,0,0,0,0,-11000,0,0,0,4000,15000,-11000,-11000
057870,大立光凱基99購02,0,0,0,0,0,0,0,0,0,-11000,0,0,0,0,11000,-11000,-11000
059343,宏達電凱基99購04,0,0,0,0,0,0,0,0,0,-11000,0,0,0,11000,22000,-11000,-11000
059363,超眾永豐99購02  ,0,0,0,0,0,0,0,0,0,-11000,0,0,0,0,11000,-11000,-11000
061651,世紀鋼元大9C購02,0,0,0,0,0,0,0,0,0,-11000,0,0,0,0,11000,-11000,-11000
064413,世紀鋼凱基02購01,0,0,0,0,0,0,0,0,0,-11000,0,0,0,0,11000,-11000,-11000
064276,聯發科元大9C購07,0,0,0,0,0,0,0,0,0,-11000,0,0,0,0,11000,-11000,-11000
062716,鴻海凱基9B購06  ,0,0,0,0,0,0,0,0,0,-11000,0,0,0,0,11000,-11000,-11000
062700,台光電元大9B購05,0,0,0,0,0,0,0,0,0,-11000,0,0,0,5000,16000,-11000,-11000
062950,貿聯富邦01購01  ,0,0,0,0,0,0,0,0,0,-11000,0,0,0,3000,14000,-11000,-11000
063031,鴻海凱基9C購01  ,0,0,0,0,0,0,0,0,0,-11000,0,0,0,2000,13000,-11000,-11000
066689,技嘉台新01購01  ,0,0,0,0,0,0,0,0,0,-11000,0,0,0,14000,25000,-11000,-11000
066100,鎧勝中信05購01  ,0,0,0,0,0,0,0,0,0,-11000,0,0,0,4000,15000,-11000,-11000
064662,鴻海元大9C購10  ,0,0,0,0,0,0,0,0,0,-11000,0,0,0,0,11000,-11000,-11000
065008,TPK國票01購02   ,0,0,0,0,0,0,0,0,0,-11000,0,0,0,7000,18000,-11000,-11000
065512,友訊群益01購01  ,0,0,0,0,0,0,0,0,0,-11000,0,0,0,15000,26000,-11000,-11000
6226,光鼎            ,43000,54000,-11000,0,0,0,0,0,0,0,0,0,0,0,0,0,-11000
6698,旭暉應材        ,29000,40000,-11000,0,0,0,0,0,0,0,0,0,0,0,0,0,-11000
6670,復盛應用        ,8000,14000,-6000,0,0,0,0,0,0,-5000,0,6000,-6000,2000,1000,1000,-11000
08507P,臺股指國票9C售08,0,0,0,0,0,0,0,0,0,-11000,0,0,0,0,11000,-11000,-11000
1232,大統益          ,0,8000,-8000,0,0,0,0,0,0,-3000,0,3000,-3000,0,0,0,-11000
08734P,創意康和01售02  ,0,0,0,0,0,0,0,0,0,-11000,0,0,0,40000,51000,-11000,-11000
08828P,上証2X群益01售05,0,0,0,0,0,0,0,0,0,-11000,0,0,0,0,11000,-11000,-11000
2034,允強            ,25000,28000,-3000,0,0,0,0,0,0,-8000,0,8000,-8000,0,0,0,-11000
2731,雄獅            ,14000,25000,-11000,0,0,0,0,0,0,0,0,0,0,0,0,0,-11000
068912,聯發科群益02購10,0,0,0,0,0,0,0,0,0,-12000,0,0,0,0,12000,-12000,-12000
069070,欣興麥證02購01  ,0,0,0,0,12000,-12000,0,0,0,-12000,0,0,0,0,12000,-12000,-12000
069031,台積電統一04購07,0,0,0,0,0,0,0,0,0,-12000,0,0,0,0,12000,-12000,-12000
069019,GIS兆豐03購01   ,0,0,0,0,0,0,0,0,0,-12000,0,0,0,0,12000,-12000,-12000
07086P,力成元富9C售01  ,0,0,0,0,0,0,0,0,0,-12000,0,0,0,120000,132000,-12000,-12000
08120P,南亞科國票9C售01,0,0,0,0,0,0,0,0,0,-12000,0,0,0,57000,69000,-12000,-12000
068625,信邦群益02購02  ,0,0,0,0,0,0,0,0,0,-12000,0,0,0,128000,140000,-12000,-12000
068719,台積電元大02購13,0,0,0,0,0,0,0,0,0,-12000,0,0,0,0,12000,-12000,-12000
068317,台灣50元大01購35,0,0,0,0,0,0,0,0,0,-12000,0,0,0,0,12000,-12000,-12000
068135,S&P反1元大03購01,0,0,0,0,0,0,0,0,0,-12000,0,0,0,0,12000,-12000,-12000
067893,玉晶光群益02購07,0,0,0,0,0,0,0,0,0,-12000,0,0,0,30000,42000,-12000,-12000
067774,同欣電統一02購01,0,0,0,0,0,0,0,0,0,-12000,0,0,0,3000,15000,-12000,-12000
058656,燿華中信99購01  ,0,0,0,0,0,0,0,0,0,-12000,0,0,0,8000,20000,-12000,-12000
059959,訊芯康和99購01  ,0,0,0,0,0,0,0,0,0,-12000,0,0,0,12000,24000,-12000,-12000
060017,全新康和99購01  ,0,0,0,0,0,0,0,0,0,-12000,0,0,0,1000,13000,-12000,-12000
061379,鈺齊永豐9A購02  ,0,0,0,0,0,0,0,0,0,-12000,0,0,0,24000,36000,-12000,-12000
046629,群創統一98購01  ,0,0,0,0,0,0,0,0,0,-12000,0,0,0,0,12000,-12000,-12000
056377,智伸科統一9A購01,0,0,0,0,0,0,0,0,0,-12000,0,0,0,0,12000,-12000,-12000
03131P,南亞科元富07售02,0,0,0,0,0,0,0,0,0,-12000,0,0,0,63000,75000,-12000,-12000
056259,T50反1統一9A購01,0,0,0,0,0,0,0,0,0,-12000,0,0,0,0,12000,-12000,-12000
00757,統一FANG+       ,0,0,0,0,0,0,0,0,0,-12000,0,0,0,334000,346000,-12000,-12000
03064X,元展59          ,0,0,0,0,0,0,0,0,0,-12000,0,0,0,0,12000,-12000,-12000
03278P,臺股指中信02售03,0,0,0,0,0,0,0,0,0,-12000,0,0,0,0,12000,-12000,-12000
062811,鴻海兆豐9B購01  ,0,0,0,0,0,0,0,0,0,-12000,0,0,0,0,12000,-12000,-12000
062677,儒鴻統一01購01  ,0,0,0,0,0,0,0,0,0,-12000,0,0,0,0,12000,-12000,-12000
062479,TPK國票9B購01   ,0,0,0,0,0,0,0,0,0,-12000,0,0,0,13000,25000,-12000,-12000
063082,瑞昱凱基9B購04  ,0,0,0,0,0,0,0,0,0,-12000,0,0,0,11000,23000,-12000,-12000
063437,聚陽統一01購01  ,0,0,0,0,0,0,0,0,0,-12000,0,0,0,0,12000,-12000,-12000
063324,道瓊反國票9B購03,0,0,0,0,0,0,0,0,0,-12000,0,0,0,0,12000,-12000,-12000
062136,南亞科群益9B購01,0,0,0,0,0,0,0,0,0,-12000,0,0,0,8000,20000,-12000,-12000
064586,緯創永豐9C購01  ,0,0,0,0,0,0,0,0,0,-12000,0,0,0,0,12000,-12000,-12000
061293,聯茂統一9A購01  ,0,0,0,0,0,0,0,0,0,-12000,0,0,0,3000,15000,-12000,-12000
063212,聯發科國票9C購02,0,0,0,0,0,0,0,0,0,-12000,0,0,0,0,12000,-12000,-12000
065351,中租統一02購02  ,0,0,0,0,0,0,0,0,0,-12000,0,0,0,215000,227000,-12000,-12000
063950,信邦元大9C購01  ,0,0,0,0,0,0,0,0,0,-12000,0,0,0,96000,108000,-12000,-12000
063867,全新永豐9C購01  ,0,0,0,0,0,0,0,0,0,-12000,0,0,0,0,12000,-12000,-12000
064070,祥碩永豐9C購01  ,0,0,0,0,0,0,0,0,0,-12000,0,0,0,322000,334000,-12000,-12000
064203,康控兆豐9C購02  ,0,0,0,0,0,0,0,0,0,-12000,0,0,0,0,12000,-12000,-12000
064712,聚陽統一02購03  ,0,0,0,0,0,0,0,0,0,-12000,0,0,0,0,12000,-12000,-12000
066096,友訊中信05購02  ,0,0,0,0,0,0,0,0,0,-12000,0,0,0,20000,32000,-12000,-12000
065756,緯創元大9C購05  ,0,0,0,0,0,0,0,0,0,-12000,0,0,0,157000,169000,-12000,-12000
066805,泰碩凱基02購03  ,0,0,0,0,0,0,0,0,0,-12000,0,0,0,8000,20000,-12000,-12000
066361,微星中信05購01  ,0,0,0,0,0,0,0,0,0,-12000,0,0,0,8000,20000,-12000,-12000
3416,融程電          ,3000,7000,-4000,0,0,0,0,0,0,-8000,0,8000,-8000,0,0,0,-12000
1809,中釉            ,46000,58000,-12000,0,0,0,0,0,0,0,0,0,0,0,0,0,-12000
2028,威致            ,0,7000,-7000,0,0,0,0,0,0,-5000,0,5000,-5000,0,0,0,-12000
1603,華電            ,5000,19000,-14000,0,0,0,0,0,0,2000,3000,1000,2000,0,0,0,-12000
1618,合機            ,0,7000,-7000,0,0,0,0,0,0,-5000,0,5000,-5000,0,0,0,-12000
1786,科妍            ,18000,32000,-14000,0,0,0,0,0,0,2000,2000,0,2000,0,0,0,-12000
1737,臺鹽            ,7000,23000,-16000,0,0,0,0,0,0,4000,8000,4000,4000,0,0,0,-12000
1414,東和            ,0,12000,-12000,0,0,0,0,0,0,0,0,0,0,0,0,0,-12000
08811P,鴻海群益01售08  ,0,0,0,0,0,0,0,0,0,-12000,0,0,0,37000,49000,-12000,-12000
08974P,可成群益02售02  ,0,0,0,0,0,0,0,0,0,-12000,0,0,0,8000,20000,-12000,-12000
08896P,台灣50群益01售10,0,0,0,0,0,0,0,0,0,-12000,0,0,0,30000,42000,-12000,-12000
08442P,臺股指麥證01售01,0,0,0,50000,62000,-12000,0,0,0,-12000,0,0,0,50000,62000,-12000,-12000
08523P,金像電元大9C售06,0,0,0,0,0,0,0,0,0,-12000,0,0,0,2000,14000,-12000,-12000
08285P,國巨凱基9C售07  ,0,0,0,0,0,0,0,0,0,-12000,0,0,0,0,12000,-12000,-12000
08233P,國泰金元富9B售01,0,0,0,0,0,0,0,0,0,-12000,0,0,0,60000,72000,-12000,-12000
8473,山林水          ,2000,12000,-10000,0,0,0,0,0,0,-2000,1000,3000,-2000,0,0,0,-12000
067869,玉晶光元大01購05,0,0,0,0,0,0,0,0,0,-13000,0,0,0,0,13000,-13000,-13000
067024,旺宏兆豐03購01  ,0,0,0,0,0,0,0,0,0,-13000,0,0,0,1000,14000,-13000,-13000
067180,為升凱基02購01  ,0,0,0,0,0,0,0,0,0,-13000,0,0,0,50000,63000,-13000,-13000
068313,松翰國票03購01  ,0,0,0,0,0,0,0,0,0,-13000,0,0,0,38000,51000,-13000,-13000
068793,聯詠凱基03購03  ,0,0,0,0,0,0,0,0,0,-13000,0,0,0,24000,37000,-13000,-13000
08142P,國巨凱基9B售13  ,0,0,0,0,0,0,0,0,0,-13000,0,0,0,0,13000,-13000,-13000
07069P,欣興元富99售02  ,0,0,0,0,0,0,0,0,0,-13000,0,0,0,251000,264000,-13000,-13000
07034P,大立光元富99售03,0,0,0,0,0,0,0,0,0,-13000,0,0,0,0,13000,-13000,-13000
068901,嘉聯益元大02購02,0,0,0,0,0,0,0,0,0,-13000,0,0,0,43000,56000,-13000,-13000
03310P,聯詠凱基02售05  ,0,0,0,0,0,0,0,0,0,-13000,0,0,0,0,13000,-13000,-13000
00702,國泰標普低波高息,0,8000,-8000,0,0,0,0,0,0,-5000,0,0,0,0,5000,-5000,-13000
00654R,富邦印度反1     ,0,0,0,0,0,0,0,0,0,-13000,0,0,0,0,13000,-13000,-13000
051431,群創元富99購02  ,0,0,0,0,0,0,0,0,0,-13000,0,0,0,0,13000,-13000,-13000
058215,貿聯群益99購02  ,0,0,0,0,0,0,0,0,0,-13000,0,0,0,0,13000,-13000,-13000
058526,鈺齊元大99購02  ,0,0,0,0,0,0,0,0,0,-13000,0,0,0,143000,156000,-13000,-13000
058490,元黃金群益9B購01,0,0,0,0,0,0,0,0,0,-13000,0,0,0,0,13000,-13000,-13000
058878,旭富國泰9B購01  ,0,0,0,0,0,0,0,0,0,-13000,0,0,0,0,13000,-13000,-13000
059114,華新科永豐99購05,0,0,0,0,0,0,0,0,0,-13000,0,0,0,20000,33000,-13000,-13000
060713,聯詠永豐9A購01  ,0,0,0,0,0,0,0,0,0,-13000,0,0,0,0,13000,-13000,-13000
061176,聯發科凱基9A購14,0,0,0,0,0,0,0,0,0,-13000,0,0,0,0,13000,-13000,-13000
060920,超眾富邦9B購01  ,0,0,0,0,0,0,0,0,0,-13000,0,0,0,10000,23000,-13000,-13000
064510,GIS元大01購01   ,0,0,0,0,0,0,0,0,0,-13000,0,0,0,18000,31000,-13000,-13000
063480,南六元大9C購01  ,0,0,0,0,0,0,0,0,0,-13000,0,0,0,216000,229000,-13000,-13000
062745,聯詠永豐9B購01  ,0,0,0,0,0,0,0,0,0,-13000,0,0,0,43000,56000,-13000,-13000
062416,和大統一01購02  ,0,0,0,0,0,0,0,0,0,-13000,0,0,0,10000,23000,-13000,-13000
062819,奇鋐兆豐9B購01  ,0,0,0,0,0,0,0,0,0,-13000,0,0,0,9000,22000,-13000,-13000
066835,台郡群益01購02  ,0,0,0,0,0,0,0,0,0,-13000,0,0,0,2000,15000,-13000,-13000
066691,京元電台新01購01,0,0,0,0,0,0,0,0,0,-13000,0,0,0,43000,56000,-13000,-13000
065730,新日興凱基9C購01,0,0,0,0,0,0,0,0,0,-13000,0,0,0,19000,32000,-13000,-13000
065695,友訊群益01購02  ,0,0,0,0,0,0,0,0,0,-13000,0,0,0,1000,14000,-13000,-13000
065660,晶豪科永豐9C購01,0,0,0,0,0,0,0,0,0,-13000,0,0,0,47000,60000,-13000,-13000
066083,鴻海富邦02購01  ,0,0,0,0,0,0,0,0,0,-13000,0,0,0,0,13000,-13000,-13000
063876,華新元富9C購01  ,0,0,0,0,0,0,0,0,0,-13000,0,0,0,175000,188000,-13000,-13000
065461,台光電中信9C購01,0,0,0,0,0,0,0,0,0,-13000,0,0,0,183000,196000,-13000,-13000
064944,亞德客凱基9C購03,0,0,0,0,0,0,0,0,0,-13000,0,0,0,0,13000,-13000,-13000
064981,致伸元大9C購01  ,0,0,0,0,0,0,0,0,0,-13000,0,0,0,0,13000,-13000,-13000
8114,振樺電          ,0,13000,-13000,0,0,0,0,0,0,0,0,0,0,0,0,0,-13000
6115,鎰勝            ,8000,22000,-14000,0,0,0,0,0,0,1000,13000,12000,1000,0,0,0,-13000
4994,傳奇            ,6000,19000,-13000,0,0,0,0,0,0,0,0,0,0,0,0,0,-13000
9912,偉聯            ,0,13000,-13000,0,0,0,0,0,0,0,0,0,0,0,0,0,-13000
08314P,國巨元大9C售14  ,0,0,0,0,0,0,0,0,0,-13000,0,0,0,1000,14000,-13000,-13000
08333P,大立光富邦02售03,0,0,0,0,0,0,0,0,0,-13000,0,0,0,10000,23000,-13000,-13000
08963P,牧德凱基01售02  ,0,0,0,0,0,0,0,0,0,-13000,0,0,0,0,13000,-13000,-13000
1256,鮮活果汁-KY     ,0,1000,-1000,0,0,0,0,12000,-12000,0,0,0,0,0,0,0,-13000
1219,福壽            ,1000,14000,-13000,0,0,0,0,0,0,0,0,0,0,0,0,0,-13000
1220,台榮            ,2000,15000,-13000,0,0,0,0,0,0,0,0,0,0,0,0,0,-13000
08672P,聯發科統一01售09,0,0,0,0,0,0,0,0,0,-13000,0,0,0,8000,21000,-13000,-13000
1528,恩德            ,2000,15000,-13000,0,0,0,0,0,0,0,0,0,0,0,0,0,-13000
2115,六暉-KY         ,0,13000,-13000,0,0,0,0,0,0,0,0,0,0,0,0,0,-13000
2516,新建            ,0,13000,-13000,0,0,0,0,0,0,0,0,0,0,0,0,0,-13000
2496,卓越            ,1000,14000,-13000,0,0,0,0,0,0,0,0,0,0,0,0,0,-13000
07618P,大立光中信9A售06,0,0,0,0,0,0,0,0,0,-14000,0,0,0,0,14000,-14000,-14000
068718,台積電元大02購12,0,0,0,0,0,0,0,0,0,-14000,0,0,0,36000,50000,-14000,-14000
068660,欣興元大02購02  ,0,0,0,0,0,0,0,0,0,-14000,0,0,0,56000,70000,-14000,-14000
068146,台積電元大01購36,0,0,0,0,0,0,0,0,0,-14000,0,0,0,42000,56000,-14000,-14000
068152,美律元大01購03  ,0,0,0,0,0,0,0,0,0,-14000,0,0,0,26000,40000,-14000,-14000
067610,上緯控凱基02購01,0,0,0,0,0,0,0,0,0,-14000,0,0,0,21000,35000,-14000,-14000
067636,復盛永豐01購01  ,0,0,0,0,0,0,0,0,0,-14000,0,0,0,0,14000,-14000,-14000
058374,玉晶光凱基9A購03,0,0,0,0,0,0,0,0,0,-14000,0,0,0,1000,15000,-14000,-14000
060638,玉晶光永豐9A購04,0,0,0,0,0,0,0,0,0,-14000,0,0,0,1000,15000,-14000,-14000
063566,台光電元大9B購08,0,0,0,0,0,0,0,0,0,-14000,0,0,0,4000,18000,-14000,-14000
03194P,國巨元富07售14  ,0,0,0,0,0,0,0,0,0,-14000,0,0,0,0,14000,-14000,-14000
059951,台塑康和99購01  ,0,0,0,0,0,0,0,0,0,-14000,0,0,0,101000,115000,-14000,-14000
062767,GIS凱基9B購02   ,0,0,0,0,0,0,0,0,0,-14000,0,0,0,10000,24000,-14000,-14000
062360,華邦電元大9B購01,0,0,0,0,0,0,0,0,0,-14000,0,0,0,353000,367000,-14000,-14000
062358,國巨元大9B購12  ,0,0,0,0,0,0,0,0,0,-14000,0,0,0,71000,85000,-14000,-14000
062474,台表科凱基9C購01,0,0,0,0,0,0,0,0,0,-14000,0,0,0,2000,16000,-14000,-14000
064496,聯發科元大9C購10,0,0,0,0,0,0,0,0,0,-14000,0,0,0,6000,20000,-14000,-14000
060954,國泰金群益9A購02,0,0,0,0,0,0,0,0,0,-14000,0,0,0,0,14000,-14000,-14000
061594,玉晶光永豐9A購08,0,0,0,0,0,0,0,0,0,-14000,0,0,0,26000,40000,-14000,-14000
064686,鴻海群益01購03  ,0,0,0,0,0,0,0,0,0,-14000,0,0,0,2000,16000,-14000,-14000
066015,健策元富01購01  ,0,0,0,0,0,0,0,0,0,-14000,0,0,0,87000,101000,-14000,-14000
065693,國巨群益9C購18  ,0,0,0,0,0,0,0,0,0,-14000,0,0,0,4000,18000,-14000,-14000
065848,聯詠元大9C購03  ,0,0,0,0,0,0,0,0,0,-14000,0,0,0,0,14000,-14000,-14000
066343,佳醫永豐01購01  ,0,0,0,0,0,0,0,0,0,-14000,0,0,0,29000,43000,-14000,-14000
2305,全友            ,4000,20000,-16000,0,0,0,0,0,0,2000,3000,1000,2000,0,0,0,-14000
1614,三洋電          ,8000,22000,-14000,0,0,0,0,0,0,0,0,0,0,0,0,0,-14000
08727P,健策群益01售07  ,0,0,0,0,0,0,0,0,0,-14000,0,0,0,36000,50000,-14000,-14000
08452P,智邦台新9C售05  ,0,0,0,0,0,0,0,0,0,-14000,0,0,0,60000,74000,-14000,-14000
4999,鑫禾            ,81000,88000,-7000,0,0,0,0,0,0,-7000,4000,11000,-7000,0,0,0,-14000
4934,太極            ,326000,340000,-14000,0,0,0,0,0,0,0,0,0,0,0,0,0,-14000
6152,百一            ,0,14000,-14000,0,0,0,0,0,0,0,0,0,0,0,0,0,-14000
8462,柏文            ,4000,8000,-4000,0,0,0,0,11000,-11000,1000,3000,2000,1000,0,0,0,-14000
067592,信錦凱基01購01  ,0,0,0,0,0,0,0,0,0,-15000,0,0,0,0,15000,-15000,-15000
068049,玉晶光統一01購13,0,0,0,0,0,0,0,0,0,-15000,0,0,0,5000,20000,-15000,-15000
066890,聯詠中信07購01  ,0,0,0,0,0,0,0,0,0,-15000,0,0,0,15000,30000,-15000,-15000
068436,聯發科凱基03購06,0,0,0,0,0,0,0,0,0,-15000,0,0,0,5000,20000,-15000,-15000
068368,國巨富邦04購01  ,0,0,0,0,0,0,0,0,0,-15000,0,0,0,0,15000,-15000,-15000
07479P,A50正2元富9A售03,0,0,0,0,0,0,0,0,0,-15000,0,0,0,0,15000,-15000,-15000
059943,信邦永豐99購01  ,0,0,0,0,0,0,0,0,0,-15000,0,0,0,1000,16000,-15000,-15000
057763,康控凱基99購02  ,0,0,0,0,0,0,0,0,0,-15000,0,0,0,0,15000,-15000,-15000
056643,奇力新凱基99購01,0,0,0,0,0,0,0,0,0,-15000,0,0,0,0,15000,-15000,-15000
03168P,聯發科元富01售03,0,0,0,0,0,0,0,0,0,-15000,0,0,0,16000,31000,-15000,-15000
056383,上銀國泰99購01  ,0,0,0,0,0,0,0,0,0,-15000,0,0,0,0,15000,-15000,-15000
056279,新日興富邦99購01,0,0,0,0,0,0,0,0,0,-15000,0,0,0,0,15000,-15000,-15000
03249P,華擎元富04售01  ,0,0,0,0,0,0,0,0,0,-15000,0,0,0,0,15000,-15000,-15000
03077P,臺股指富邦01售03,0,0,0,0,0,0,0,0,0,-15000,0,0,0,0,15000,-15000,-15000
03073P,大立光國泰03售04,0,0,0,0,0,0,0,0,0,-15000,0,0,0,10000,25000,-15000,-15000
03023P,玉晶光群益02售27,0,0,0,0,0,0,0,0,0,-15000,0,0,0,0,15000,-15000,-15000
060606,玉晶光凱基9A購05,0,0,0,0,0,0,0,0,0,-15000,0,0,0,0,15000,-15000,-15000
060607,玉晶光凱基9A購06,0,0,0,0,0,0,0,0,0,-15000,0,0,0,0,15000,-15000,-15000
061319,聯發科凱基9A購16,0,0,0,0,0,0,0,0,0,-15000,0,0,0,0,15000,-15000,-15000
061311,元黃金凱基9A購03,0,0,0,0,0,0,0,0,0,-15000,0,0,0,0,15000,-15000,-15000
058528,世紀鋼元大99購02,0,0,0,0,0,0,0,0,0,-15000,0,0,0,5000,20000,-15000,-15000
060388,世紀鋼凱基9B購01,0,0,0,0,0,0,0,0,0,-15000,0,0,0,5000,20000,-15000,-15000
060818,上銀統一9C購01  ,0,0,0,0,0,0,0,0,0,-15000,0,0,0,0,15000,-15000,-15000
064418,鴻海兆豐01購02  ,0,0,0,0,0,0,0,0,0,-15000,0,0,0,0,15000,-15000,-15000
064430,鴻海凱基03購04  ,0,0,0,0,0,0,0,0,0,-15000,0,0,0,405000,420000,-15000,-15000
064398,聚陽凱基01購01  ,0,0,0,0,0,0,0,0,0,-15000,0,0,0,25000,40000,-15000,-15000
063716,旺宏兆豐9B購01  ,0,0,0,0,0,0,0,0,0,-15000,0,0,0,0,15000,-15000,-15000
062155,國巨凱基9C購03  ,0,0,0,0,0,0,0,0,0,-15000,0,0,0,0,15000,-15000,-15000
062156,美律凱基9B購01  ,0,0,0,0,0,0,0,0,0,-15000,0,0,0,5000,20000,-15000,-15000
062302,聯詠中信05購02  ,0,0,0,0,0,0,0,0,0,-15000,0,0,0,1000,16000,-15000,-15000
066496,大立光國泰03購01,0,0,0,0,0,0,0,0,0,-15000,0,0,0,70000,85000,-15000,-15000
066453,嘉基群益01購01  ,0,0,0,0,0,0,0,0,0,-15000,0,0,0,85000,100000,-15000,-15000
066572,台郡元大01購02  ,0,0,0,0,0,0,0,0,0,-15000,0,0,0,4000,19000,-15000,-15000
06658P,台灣50富邦9C售01,0,0,0,0,0,0,0,0,0,-15000,0,0,0,25000,40000,-15000,-15000
066812,志超凱基01購01  ,0,0,0,0,0,0,0,0,0,-15000,0,0,0,32000,47000,-15000,-15000
065913,光寶科凱基01購01,0,0,0,0,0,0,0,0,0,-15000,0,0,0,5000,20000,-15000,-15000
066195,臺股指凱基03購04,0,0,0,0,0,0,0,0,0,-15000,0,0,0,200000,215000,-15000,-15000
064692,嘉晶群益9C購03  ,0,0,0,0,0,0,0,0,0,-15000,0,0,0,3000,18000,-15000,-15000
064697,健策群益01購02  ,0,0,0,0,0,0,0,0,0,-15000,0,0,0,0,15000,-15000,-15000
064704,嘉晶國泰01購01  ,0,0,0,0,0,0,0,0,0,-15000,0,0,0,12000,27000,-15000,-15000
064658,喬山元大9C購01  ,0,0,0,0,0,0,0,0,0,-15000,0,0,0,0,15000,-15000,-15000
063930,高鐵統一02購02  ,0,0,0,0,0,0,0,0,0,-15000,0,0,0,0,15000,-15000,-15000
064064,義隆富邦03購01  ,0,0,0,0,0,0,0,0,0,-15000,0,0,0,0,15000,-15000,-15000
065042,國產凱基02購01  ,0,0,0,0,0,0,0,0,0,-15000,0,0,0,37000,52000,-15000,-15000
065116,臺股指國票9C購13,0,0,0,0,0,0,0,0,0,-15000,0,0,0,0,15000,-15000,-15000
065478,緯創元大9C購03  ,0,0,0,0,0,0,0,0,0,-15000,0,0,0,26000,41000,-15000,-15000
8374,羅昇            ,5000,20000,-15000,0,0,0,0,0,0,0,0,0,0,0,0,0,-15000
6281,全國電          ,5000,17000,-12000,0,0,0,0,0,0,-3000,0,3000,-3000,0,0,0,-15000
5288,豐祥-KY         ,10000,55000,-45000,0,0,0,30000,0,30000,0,0,0,0,0,0,0,-15000
9918,欣天然          ,0,12000,-12000,0,0,0,0,0,0,-3000,0,3000,-3000,0,0,0,-15000
08438P,鴻海國票01售02  ,0,0,0,0,0,0,0,0,0,-15000,0,0,0,20000,35000,-15000,-15000
08370P,台積電凱基01售06,0,0,0,0,0,0,0,0,0,-15000,0,0,0,0,15000,-15000,-15000
08979P,電子類群益01售01,0,0,0,0,0,0,0,0,0,-15000,0,0,0,9000,24000,-15000,-15000
1535,中宇            ,0,16000,-16000,0,0,0,0,0,0,1000,1000,0,1000,0,0,0,-15000
2397,友通            ,3000,11000,-8000,0,0,0,0,0,0,-7000,7000,14000,-7000,0,0,0,-15000
2727,王品            ,23000,38000,-15000,0,0,0,0,0,0,0,0,0,0,0,0,0,-15000
3030,德律            ,259000,260000,-1000,0,0,0,0,0,0,-14000,0,14000,-14000,0,0,0,-15000
07987P,大立光統一9B售13,0,0,0,0,0,0,0,0,0,-16000,0,0,0,0,16000,-16000,-16000
069008,大立光兆豐03購01,0,0,0,0,0,0,0,0,0,-16000,0,0,0,0,16000,-16000,-16000
07033P,大立光統一9B售03,0,0,0,0,0,0,0,0,0,-16000,0,0,0,1000,17000,-16000,-16000
068355,美律凱基01購02  ,0,0,0,0,0,0,0,0,0,-16000,0,0,0,0,16000,-16000,-16000
068450,台積電國票01購10,0,0,0,0,0,0,0,0,0,-16000,0,0,0,112000,128000,-16000,-16000
068224,健策統一03購01  ,0,0,0,0,0,0,0,0,0,-16000,0,0,0,28000,44000,-16000,-16000
068495,新光金元大04購01,0,0,0,0,0,0,0,0,0,-16000,0,0,0,0,16000,-16000,-16000
067366,巨大群益01購01  ,0,0,0,0,0,0,0,0,0,-16000,0,0,0,13000,29000,-16000,-16000
067454,矽格國票02購02  ,0,0,0,0,0,0,0,0,0,-16000,0,0,0,34000,50000,-16000,-16000
067207,微星元大01購04  ,0,0,0,0,0,0,0,0,0,-16000,0,0,0,124000,140000,-16000,-16000
067850,台郡元富07購01  ,0,0,0,0,0,0,0,0,0,-16000,0,0,0,154000,170000,-16000,-16000
058631,鈺齊國票9A購01  ,0,0,0,0,0,0,0,0,0,-16000,0,0,0,6000,22000,-16000,-16000
059344,長榮航凱基99購01,0,0,0,0,0,0,0,0,0,-16000,0,0,0,0,16000,-16000,-16000
058116,正崴中信99購02  ,0,0,0,0,0,0,0,0,0,-16000,0,0,0,0,16000,-16000,-16000
060626,貿聯元大9A購04  ,0,0,0,0,0,0,0,0,0,-16000,0,0,0,0,16000,-16000,-16000
00680L,元大美債20正2   ,0,0,0,0,0,0,0,0,0,-16000,0,0,0,2000,18000,-16000,-16000
03693C,T50反1元大03牛01,0,0,0,0,0,0,0,0,0,-16000,0,0,0,0,16000,-16000,-16000
051266,國巨富邦99購01  ,0,0,0,0,0,0,0,0,0,-16000,0,0,0,4000,20000,-16000,-16000
057428,正崴兆豐98購01  ,0,0,0,0,0,0,0,0,0,-16000,0,0,0,0,16000,-16000,-16000
059755,宏達電國泰9A購01,0,0,0,0,0,0,0,0,0,-16000,0,0,0,96000,112000,-16000,-16000
056989,鴻海兆豐98購02  ,0,0,0,0,0,0,0,0,0,-16000,0,0,0,395000,411000,-16000,-16000
055899,群創中信99購01  ,0,0,0,0,0,0,0,0,0,-16000,0,0,0,0,16000,-16000,-16000
063047,大立光兆豐9B購03,0,0,0,0,0,0,0,0,0,-16000,0,0,0,0,16000,-16000,-16000
060386,台勝科凱基9B購01,0,0,0,0,0,0,0,0,0,-16000,0,0,0,30000,46000,-16000,-16000
060955,大立光群益9A購02,0,0,0,0,0,0,0,0,0,-16000,0,0,0,0,16000,-16000,-16000
060952,滬深2X群益9C購05,0,0,0,0,0,0,0,0,0,-16000,0,0,0,8000,24000,-16000,-16000
060561,台積電富邦04購01,0,0,0,0,0,0,0,0,0,-16000,0,0,0,2000,18000,-16000,-16000
064711,國喬統一02購01  ,0,0,0,0,0,0,0,0,0,-16000,0,0,0,60000,76000,-16000,-16000
063955,TPK元大9C購01   ,0,0,0,0,0,0,0,0,0,-16000,0,0,0,0,16000,-16000,-16000
066163,友訊凱基01購01  ,0,0,0,0,0,0,0,0,0,-16000,0,0,0,0,16000,-16000,-16000
065713,緯穎群益9C購04  ,0,0,0,0,0,0,0,0,0,-16000,0,0,0,28000,44000,-16000,-16000
065784,正崴永豐9C購01  ,0,0,0,0,0,0,0,0,0,-16000,0,0,0,0,16000,-16000,-16000
066432,南六元大01購02  ,0,0,0,0,0,0,0,0,0,-16000,0,0,0,96000,112000,-16000,-16000
066278,健策元大02購01  ,0,0,0,0,0,0,0,0,0,-16000,0,0,0,65000,81000,-16000,-16000
066377,健策兆豐01購02  ,0,0,0,0,0,0,0,0,0,-16000,0,0,0,60000,76000,-16000,-16000
2543,皇昌            ,0,16000,-16000,0,0,0,0,0,0,0,0,0,0,0,0,0,-16000
2616,山隆            ,1000,17000,-16000,0,0,0,0,0,0,0,0,0,0,0,0,0,-16000
1472,三洋紡          ,33000,49000,-16000,0,0,0,0,0,0,0,0,0,0,0,0,0,-16000
08708P,華通台新01售01  ,0,0,0,0,0,0,0,0,0,-16000,0,0,0,0,16000,-16000,-16000
08373P,大立光凱基01售05,0,0,0,0,0,0,0,0,0,-16000,0,0,0,0,16000,-16000,-16000
08410P,臺股指元大9C售16,0,0,0,0,0,0,0,0,0,-16000,0,0,0,29000,45000,-16000,-16000
4766,南寶            ,1000,18000,-17000,0,0,0,1000,0,1000,0,0,0,0,0,0,0,-16000
067925,可成兆豐02購01  ,0,0,0,0,0,0,0,0,0,-17000,0,0,0,3000,20000,-17000,-17000
067763,鈺齊永豐01購01  ,0,0,0,0,0,0,0,0,0,-17000,0,0,0,150000,167000,-17000,-17000
066950,義隆元大01購03  ,0,0,0,0,0,0,0,0,0,-17000,0,0,0,232000,249000,-17000,-17000
068515,聯發科統一03購10,0,0,0,0,0,0,0,0,0,-17000,0,0,0,0,17000,-17000,-17000
068577,台積電國泰03購08,0,0,0,0,0,0,0,0,0,-17000,0,0,0,180000,197000,-17000,-17000
068697,聯詠凱基03購02  ,0,0,0,0,0,0,0,0,0,-17000,0,0,0,28000,45000,-17000,-17000
068895,京元電元大02購02,0,0,0,0,0,0,0,0,0,-17000,0,0,0,5000,22000,-17000,-17000
068979,欣興元大02購05  ,0,0,0,0,0,0,0,0,0,-17000,0,0,0,6000,23000,-17000,-17000
054976,上証2X元富9A購01,0,0,0,0,0,0,0,0,0,-17000,0,0,0,9000,26000,-17000,-17000
059867,華邦電凱基99購02,0,0,0,0,0,0,0,0,0,-17000,0,0,0,50000,67000,-17000,-17000
057311,玉晶光日盛9A購01,0,0,0,0,0,0,0,0,0,-17000,0,0,0,0,17000,-17000,-17000
056554,GIS凱基99購01   ,0,0,0,0,0,0,0,0,0,-17000,0,0,0,3000,20000,-17000,-17000
057852,國巨國票99購05  ,0,0,0,0,0,0,0,0,0,-17000,0,0,0,0,17000,-17000,-17000
00703,台新MSCI中國    ,0,0,0,0,0,0,0,0,0,-17000,0,0,0,132000,149000,-17000,-17000
03081P,華通元大01售06  ,0,0,0,0,0,0,0,0,0,-17000,0,0,0,0,17000,-17000,-17000
03269P,健策元大02售04  ,0,0,0,0,0,0,0,0,0,-17000,0,0,0,83000,100000,-17000,-17000
060040,康控國票99購04  ,0,0,0,0,0,0,0,0,0,-17000,0,0,0,13000,30000,-17000,-17000
057681,T50反1日盛9C購01,0,0,0,0,0,0,0,0,0,-17000,0,0,0,0,17000,-17000,-17000
060492,元黃金元富9A購01,0,0,0,0,0,0,0,0,0,-17000,0,0,0,3000,20000,-17000,-17000
060929,健策永豐9A購01  ,0,0,0,0,0,0,0,0,0,-17000,0,0,0,0,17000,-17000,-17000
060799,茂林永豐9A購01  ,0,0,0,0,0,0,0,0,0,-17000,0,0,0,3000,20000,-17000,-17000
061188,大成鋼富邦9B購01,0,0,0,0,0,0,0,0,0,-17000,0,0,0,1000,18000,-17000,-17000
061266,國泰金凱基9B購01,0,0,0,0,0,0,0,0,0,-17000,0,0,0,0,17000,-17000,-17000
061639,晶豪科元大9A購02,0,0,0,0,0,0,0,0,0,-17000,0,0,0,212000,229000,-17000,-17000
064125,聯發科元大02購01,0,0,0,0,0,0,0,0,0,-17000,0,0,0,0,17000,-17000,-17000
062619,台表科元大9B購03,0,0,0,0,0,0,0,0,0,-17000,0,0,0,3000,20000,-17000,-17000
065790,創意永豐9C購02  ,0,0,0,0,0,0,0,0,0,-17000,0,0,0,0,17000,-17000,-17000
065729,聯詠凱基9C購04  ,0,0,0,0,0,0,0,0,0,-17000,0,0,0,5000,22000,-17000,-17000
065720,義隆兆豐9C購03  ,0,0,0,0,0,0,0,0,0,-17000,0,0,0,0,17000,-17000,-17000
066030,超眾群益01購01  ,0,0,0,0,0,0,0,0,0,-17000,0,0,0,8000,25000,-17000,-17000
064744,創意國票01購02  ,0,0,0,0,0,0,0,0,0,-17000,0,0,0,0,17000,-17000,-17000
064080,宏達電中信06購01,0,0,0,0,0,0,0,0,0,-17000,0,0,0,33000,50000,-17000,-17000
064911,光寶科統一02購01,0,0,0,0,0,0,0,0,0,-17000,0,0,0,111000,128000,-17000,-17000
065620,金融類元大9C購03,0,0,0,0,0,0,0,0,0,-17000,0,0,0,8000,25000,-17000,-17000
065058,東元群益9C購01  ,0,0,0,0,0,0,0,0,0,-17000,0,0,0,20000,37000,-17000,-17000
08471P,日月光凱基9C售02,0,0,0,0,0,0,0,0,0,-17000,0,0,0,3000,20000,-17000,-17000
08346P,大立光元大9C售15,0,0,0,0,0,0,0,0,0,-17000,0,0,0,10000,27000,-17000,-17000
08197P,聯發科元大9B售24,0,0,0,0,0,0,0,0,0,-17000,0,0,0,0,17000,-17000,-17000
08733P,臺股指麥證01售05,0,0,0,0,17000,-17000,0,0,0,-17000,0,0,0,0,17000,-17000,-17000
08638P,泰碩國票9C售01  ,0,0,0,0,0,0,0,0,0,-17000,0,0,0,3000,20000,-17000,-17000
1225,福懋油          ,1000,18000,-17000,0,0,0,0,0,0,0,0,0,0,0,0,0,-17000
08877P,臺股指中信04售03,0,0,0,0,0,0,0,0,0,-17000,0,0,0,3000,20000,-17000,-17000
1459,聯發            ,0,17000,-17000,0,0,0,0,0,0,0,0,0,0,0,0,0,-17000
1617,榮星            ,0,17000,-17000,0,0,0,0,0,0,0,0,0,0,0,0,0,-17000
2607,榮運            ,21000,47000,-26000,0,0,0,0,0,0,9000,29000,20000,9000,0,0,0,-17000
2443,億麗            ,2000,19000,-17000,0,0,0,0,0,0,0,0,0,0,0,0,0,-17000
068937,TPK永豐02購01   ,0,0,0,0,0,0,0,0,0,-18000,0,0,0,3000,21000,-18000,-18000
07274P,上証2X群益01售01,0,0,0,0,0,0,0,0,0,-18000,0,0,0,0,18000,-18000,-18000
08156P,大立光元富9B售05,0,0,0,0,0,0,0,0,0,-18000,0,0,0,5000,23000,-18000,-18000
07885P,長榮航凱基9B售01,0,0,0,0,0,0,0,0,0,-18000,0,0,0,0,18000,-18000,-18000
068798,南電凱基02購04  ,0,0,0,0,0,0,0,0,0,-18000,0,0,0,213000,231000,-18000,-18000
068211,樺漢凱基01購02  ,0,0,0,0,0,0,0,0,0,-18000,0,0,0,368000,386000,-18000,-18000
06837P,上銀統一9A售02  ,0,0,0,0,0,0,0,0,0,-18000,0,0,0,36000,54000,-18000,-18000
067048,聯詠凱基02購02  ,0,0,0,0,0,0,0,0,0,-18000,0,0,0,15000,33000,-18000,-18000
067698,潤泰全國票02購01,0,0,0,0,0,0,0,0,0,-18000,0,0,0,153000,171000,-18000,-18000
057494,玉晶光元大99購09,0,0,0,0,0,0,0,0,0,-18000,0,0,0,10000,28000,-18000,-18000
061930,臺股指凱基9B購05,0,0,0,0,0,0,0,0,0,-18000,0,0,0,17000,35000,-18000,-18000
059265,美律中信01購01  ,0,0,0,0,0,0,0,0,0,-18000,0,0,0,0,18000,-18000,-18000
059351,台虹凱基99購01  ,0,0,0,0,0,0,0,0,0,-18000,0,0,0,0,18000,-18000,-18000
00688L,國泰20年美債正2 ,0,4000,-4000,0,0,0,0,0,0,-14000,0,0,0,101000,115000,-14000,-18000
052328,台表科中信99購01,0,0,0,0,0,0,0,0,0,-18000,0,0,0,12000,30000,-18000,-18000
062927,同欣電國票9B購02,0,0,0,0,0,0,0,0,0,-18000,0,0,0,20000,38000,-18000,-18000
062482,台表科國票9B購01,0,0,0,0,0,0,0,0,0,-18000,0,0,0,5000,23000,-18000,-18000
062407,同欣電永豐9B購01,0,0,0,0,0,0,0,0,0,-18000,0,0,0,0,18000,-18000,-18000
064122,國巨元大9C購17  ,0,0,0,0,0,0,0,0,0,-18000,0,0,0,129000,147000,-18000,-18000
064316,貿聯群益9C購02  ,0,0,0,0,0,0,0,0,0,-18000,0,0,0,173000,191000,-18000,-18000
064311,新光金群益01購02,0,0,0,0,0,0,0,0,0,-18000,0,0,0,0,18000,-18000,-18000
061263,微星凱基9A購01  ,0,0,0,0,0,0,0,0,0,-18000,0,0,0,2000,20000,-18000,-18000
061177,大立光凱基9A購10,0,0,0,0,0,0,0,0,0,-18000,0,0,0,90000,108000,-18000,-18000
060409,味全永豐9A購01  ,0,0,0,0,0,0,0,0,0,-18000,0,0,0,0,18000,-18000,-18000
061093,華新科統一9B購03,0,0,0,0,0,0,0,0,0,-18000,0,0,0,0,18000,-18000,-18000
064874,和大兆豐9C購01  ,0,0,0,0,0,0,0,0,0,-18000,0,0,0,65000,83000,-18000,-18000
064796,緯穎國票01購01  ,0,0,0,0,0,0,0,0,0,-18000,0,0,0,283000,301000,-18000,-18000
063956,神達元大9C購01  ,0,0,0,0,0,0,0,0,0,-18000,0,0,0,0,18000,-18000,-18000
063909,旺宏凱基02購01  ,0,0,0,0,0,0,0,0,0,-18000,0,0,0,20000,38000,-18000,-18000
064645,義隆凱基03購01  ,0,0,0,0,0,0,0,0,0,-18000,0,0,0,11000,29000,-18000,-18000
066187,瑞祺凱基01購01  ,0,0,0,0,0,0,0,0,0,-18000,0,0,0,4000,22000,-18000,-18000
065788,緯創永豐9C購02  ,0,0,0,0,0,0,0,0,0,-18000,0,0,0,0,18000,-18000,-18000
065804,大立光群益01購04,0,0,0,0,0,0,0,0,0,-18000,0,0,0,11000,29000,-18000,-18000
066425,創意元大01購03  ,0,0,0,0,0,0,0,0,0,-18000,0,0,0,18000,36000,-18000,-18000
066312,川湖永豐01購01  ,0,0,0,0,0,0,0,0,0,-18000,0,0,0,0,18000,-18000,-18000
066742,健策元大02購03  ,0,0,0,0,0,0,0,0,0,-18000,0,0,0,58000,76000,-18000,-18000
2427,三商電          ,0,18000,-18000,0,0,0,0,0,0,0,0,0,0,0,0,0,-18000
2477,美隆電          ,3000,21000,-18000,0,0,0,0,0,0,0,0,0,0,0,0,0,-18000
08908P,義隆凱基01售05  ,0,0,0,0,0,0,0,0,0,-18000,0,0,0,30000,48000,-18000,-18000
1109,信大            ,8000,26000,-18000,0,0,0,0,0,0,0,0,0,0,0,0,0,-18000
08327P,聯發科兆豐9C售03,0,0,0,0,0,0,0,0,0,-18000,0,0,0,0,18000,-18000,-18000
3617,碩天            ,12000,29000,-17000,0,0,0,0,0,0,-1000,2000,3000,-1000,0,0,0,-18000
6184,大豐電          ,4000,22000,-18000,0,0,0,0,0,0,0,0,0,0,0,0,0,-18000
068105,GIS永豐01購01   ,0,0,0,0,0,0,0,0,0,-19000,0,0,0,51000,70000,-19000,-19000
067434,日月光凱基01購01,0,0,0,0,0,0,0,0,0,-19000,0,0,0,6000,25000,-19000,-19000
068214,嘉基凱基02購01  ,0,0,0,0,0,0,0,0,0,-19000,0,0,0,1000,20000,-19000,-19000
068192,台積電凱基03購04,0,0,0,0,0,0,0,0,0,-19000,0,0,0,281000,300000,-19000,-19000
068915,聯詠群益03購01  ,0,0,0,0,0,0,0,0,0,-19000,0,0,0,16000,35000,-19000,-19000
068928,鴻海永豐02購01  ,0,0,0,0,0,0,0,0,0,-19000,0,0,0,0,19000,-19000,-19000
056290,正文永豐98購01  ,0,0,0,0,0,0,0,0,0,-19000,0,0,0,0,19000,-19000,-19000
03036P,玉晶光國票01售08,0,0,0,0,0,0,0,0,0,-19000,0,0,0,221000,240000,-19000,-19000
03030P,玉晶光元大03售01,0,0,0,0,0,0,0,0,0,-19000,0,0,0,6000,25000,-19000,-19000
056498,A50正2富邦9B購01,0,0,0,0,0,0,0,0,0,-19000,0,0,0,76000,95000,-19000,-19000
059534,國泰金凱基99購01,0,0,0,0,0,0,0,0,0,-19000,0,0,0,1000,20000,-19000,-19000
058856,新光金兆豐99購01,0,0,0,0,0,0,0,0,0,-19000,0,0,0,11000,30000,-19000,-19000
061939,中租國票9B購01  ,0,0,0,0,0,0,0,0,0,-19000,0,0,0,87000,106000,-19000,-19000
063571,TPK元大9B購03   ,0,0,0,0,0,0,0,0,0,-19000,0,0,0,1000,20000,-19000,-19000
060243,潤泰全元大9C購02,0,0,0,0,0,0,0,0,0,-19000,0,0,0,200000,219000,-19000,-19000
061132,志超永豐9A購01  ,0,0,0,0,0,0,0,0,0,-19000,0,0,0,0,19000,-19000,-19000
061304,創意永豐9A購02  ,0,0,0,0,0,0,0,0,0,-19000,0,0,0,34000,53000,-19000,-19000
064300,英業達兆豐9C購01,0,0,0,0,0,0,0,0,0,-19000,0,0,0,0,19000,-19000,-19000
064348,TPK元大9C購03   ,0,0,0,0,0,0,0,0,0,-19000,0,0,0,7000,26000,-19000,-19000
061710,國巨凱基9A購18  ,0,0,0,0,0,0,0,0,0,-19000,0,0,0,54000,73000,-19000,-19000
062415,聯茂中信9C購01  ,0,0,0,0,0,0,0,0,0,-19000,0,0,0,1000,20000,-19000,-19000
062266,世紀鋼元大9B購02,0,0,0,0,0,0,0,0,0,-19000,0,0,0,90000,109000,-19000,-19000
063317,大立光群益9B購06,0,0,0,0,0,0,0,0,0,-19000,0,0,0,1000,20000,-19000,-19000
065785,奇力新永豐9C購02,0,0,0,0,0,0,0,0,0,-19000,0,0,0,93000,112000,-19000,-19000
065504,宏達電永豐9C購01,0,0,0,0,0,0,0,0,0,-19000,0,0,0,13000,32000,-19000,-19000
065377,群創元大02購02  ,0,0,0,0,0,0,0,0,0,-19000,0,0,0,11000,30000,-19000,-19000
4564,元翎            ,165000,183000,-18000,0,0,0,0,0,0,-1000,0,0,0,0,1000,-1000,-19000
08297P,寶成元大9C售01  ,0,0,0,0,0,0,0,0,0,-19000,0,0,0,1000,20000,-19000,-19000
08976P,臺股指群益01售10,0,0,0,0,0,0,0,0,0,-19000,0,0,0,51000,70000,-19000,-19000
08984P,玉晶光凱基02售03,0,0,0,0,0,0,0,0,0,-19000,0,0,0,31000,50000,-19000,-19000
08683P,大立光凱基02售03,0,0,0,0,0,0,0,0,0,-19000,0,0,0,50000,69000,-19000,-19000
1604,聲寶            ,43000,101000,-58000,0,0,0,47000,0,47000,-8000,0,8000,-8000,0,0,0,-19000
068932,大立光永豐02購01,0,0,0,0,0,0,0,0,0,-20000,0,0,0,0,20000,-20000,-20000
068960,建準群益02購01  ,0,0,0,0,0,0,0,0,0,-20000,0,0,0,0,20000,-20000,-20000
068950,台積電凱基02購16,0,0,0,0,0,0,0,0,0,-20000,0,0,0,0,20000,-20000,-20000
07249P,T50正2富邦03售02,0,0,0,0,0,0,0,0,0,-20000,0,0,0,0,20000,-20000,-20000
07295P,滬深2X元富9C售09,0,0,0,0,0,0,0,0,0,-20000,0,0,0,0,20000,-20000,-20000
07342P,大立光凱基99售14,0,0,0,0,0,0,0,0,0,-20000,0,0,0,40000,60000,-20000,-20000
07065P,臺股指元大9A售26,0,0,0,0,0,0,0,0,0,-20000,0,0,0,50000,70000,-20000,-20000
07100P,華航元大99售01  ,0,0,0,0,0,0,0,0,0,-20000,0,0,0,0,20000,-20000,-20000
069007,可成兆豐03購01  ,0,0,0,0,0,0,0,0,0,-20000,0,0,0,14000,34000,-20000,-20000
06928P,鴻海元大99售10  ,0,0,0,0,0,0,0,0,0,-20000,0,0,0,0,20000,-20000,-20000
07014P,華通元大99售04  ,0,0,0,0,0,0,0,0,0,-20000,0,0,0,0,20000,-20000,-20000
07867P,晶技元大9B售01  ,0,0,0,0,0,0,0,0,0,-20000,0,0,0,0,20000,-20000,-20000
07861P,台灣50中信03售08,0,0,0,0,0,0,0,0,0,-20000,0,0,0,8000,28000,-20000,-20000
07794P,智邦國票9A售03  ,0,0,0,0,0,0,0,0,0,-20000,0,0,0,0,20000,-20000,-20000
07502P,美食元大9A售01  ,0,0,0,0,0,0,0,0,0,-20000,0,0,0,0,20000,-20000,-20000
07585P,台灣50中信03售06,0,0,0,0,0,0,0,0,0,-20000,0,0,0,0,20000,-20000,-20000
07683P,宏達電凱基9A售03,0,0,0,0,0,0,0,0,0,-20000,0,0,0,0,20000,-20000,-20000
07786P,南電中信9C售01  ,0,0,0,0,0,0,0,0,0,-20000,0,0,0,0,20000,-20000,-20000
08048P,臺股指國票9B售13,0,0,0,0,0,0,0,0,0,-20000,0,0,0,0,20000,-20000,-20000
08070P,晶技國泰9C售02  ,0,0,0,0,0,0,0,0,0,-20000,0,0,0,70000,90000,-20000,-20000
068343,台積電麥證01購12,0,0,0,610000,630000,-20000,0,0,0,-20000,0,0,0,610000,630000,-20000,-20000
068790,義隆凱基02購02  ,0,0,0,0,0,0,0,0,0,-20000,0,0,0,4000,24000,-20000,-20000
068773,T50反1元富08購01,0,0,0,0,0,0,0,0,0,-20000,0,0,0,0,20000,-20000,-20000
068751,日月光群益02購01,0,0,0,0,0,0,0,0,0,-20000,0,0,0,10000,30000,-20000,-20000
068695,台積電凱基02購13,0,0,0,0,0,0,0,0,0,-20000,0,0,0,30000,50000,-20000,-20000
068685,台積電中信02購03,0,0,0,0,0,0,0,0,0,-20000,0,0,0,0,20000,-20000,-20000
068669,國巨統一03購04  ,0,0,0,0,0,0,0,0,0,-20000,0,0,0,0,20000,-20000,-20000
068521,同欣電統一03購02,0,0,0,0,0,0,0,0,0,-20000,0,0,0,0,20000,-20000,-20000
067040,鴻海凱基02購04  ,0,0,0,0,0,0,0,0,0,-20000,0,0,0,0,20000,-20000,-20000
066943,FBVIX元大04購01 ,0,0,0,0,0,0,0,0,0,-20000,0,0,0,0,20000,-20000,-20000
066985,牧德群益02購02  ,0,0,0,0,0,0,0,0,0,-20000,0,0,0,0,20000,-20000,-20000
066972,滬深2X群益03購04,0,0,0,0,0,0,0,0,0,-20000,0,0,0,0,20000,-20000,-20000
068132,大立光統一02購08,0,0,0,0,0,0,0,0,0,-20000,0,0,0,0,20000,-20000,-20000
068041,訊芯元富07購01  ,0,0,0,0,0,0,0,0,0,-20000,0,0,0,0,20000,-20000,-20000
068027,國巨元富07購11  ,0,0,0,0,0,0,0,0,0,-20000,0,0,0,10000,30000,-20000,-20000
067693,滬深2X中信04購02,0,0,0,0,0,0,0,0,0,-20000,0,0,0,15000,35000,-20000,-20000
067751,臺股指元大01購15,0,0,0,0,0,0,0,0,0,-20000,0,0,0,0,20000,-20000,-20000
060232,友訊元大9C購01  ,0,0,0,0,0,0,0,0,0,-20000,0,0,0,0,20000,-20000,-20000
060247,牧德元大9A購02  ,0,0,0,0,0,0,0,0,0,-20000,0,0,0,10000,30000,-20000,-20000
060151,旺宏富邦9A購02  ,0,0,0,0,0,0,0,0,0,-20000,0,0,0,0,20000,-20000,-20000
05890P,彩晶元大99售01  ,0,0,0,0,0,0,0,0,0,-20000,0,0,0,0,20000,-20000,-20000
057579,長榮航中信9A購01,0,0,0,0,0,0,0,0,0,-20000,0,0,0,0,20000,-20000,-20000
058014,上銀凱基99購02  ,0,0,0,0,0,0,0,0,0,-20000,0,0,0,0,20000,-20000,-20000
063577,台表科元大9C購04,0,0,0,0,0,0,0,0,0,-20000,0,0,0,0,20000,-20000,-20000
058134,信邦元大99購01  ,0,0,0,0,0,0,0,0,0,-20000,0,0,0,0,20000,-20000,-20000
059717,國巨元大99購21  ,0,0,0,0,0,0,0,0,0,-20000,0,0,0,0,20000,-20000,-20000
059662,旭富元大9C購01  ,0,0,0,0,0,0,0,0,0,-20000,0,0,0,10000,30000,-20000,-20000
059573,健策凱基9A購02  ,0,0,0,0,0,0,0,0,0,-20000,0,0,0,0,20000,-20000,-20000
059622,上銀凱基99購10  ,0,0,0,0,0,0,0,0,0,-20000,0,0,0,0,20000,-20000,-20000
059159,上銀凱基99購05  ,0,0,0,0,0,0,0,0,0,-20000,0,0,0,0,20000,-20000,-20000
058496,文曄群益99購01  ,0,0,0,0,0,0,0,0,0,-20000,0,0,0,0,20000,-20000,-20000
057913,健策日盛98購01  ,0,0,0,0,0,0,0,0,0,-20000,0,0,0,0,20000,-20000,-20000
058164,FBVIX凱基03購02 ,0,0,0,0,0,0,0,0,0,-20000,0,0,0,0,20000,-20000,-20000
058178,國巨國泰9A購02  ,0,0,0,0,0,0,0,0,0,-20000,0,0,0,0,20000,-20000,-20000
058299,同欣電凱基9A購01,0,0,0,0,0,0,0,0,0,-20000,0,0,0,14000,34000,-20000,-20000
058239,景碩元大99購03  ,0,0,0,0,0,0,0,0,0,-20000,0,0,0,0,20000,-20000,-20000
058672,可成群益9B購02  ,0,0,0,0,0,0,0,0,0,-20000,0,0,0,10000,30000,-20000,-20000
055781,聯詠凱基98購01  ,0,0,0,0,0,0,0,0,0,-20000,0,0,0,0,20000,-20000,-20000
056854,友達中信9A購01  ,0,0,0,0,0,0,0,0,0,-20000,0,0,0,0,20000,-20000,-20000
03058P,台積電凱基01售18,0,0,0,0,0,0,0,0,0,-20000,0,0,0,0,20000,-20000,-20000
03280P,台積電凱基02售14,0,0,0,0,0,0,0,0,0,-20000,0,0,0,0,20000,-20000,-20000
03321P,智邦凱基03售01  ,0,0,0,0,0,0,0,0,0,-20000,0,0,0,0,20000,-20000,-20000
03236P,大立光元大02售03,0,0,0,0,0,0,0,0,0,-20000,0,0,0,0,20000,-20000,-20000
03222P,為升凱基02售02  ,0,0,0,0,0,0,0,0,0,-20000,0,0,0,0,20000,-20000,-20000
056341,宏達電凱基9A購01,0,0,0,0,0,0,0,0,0,-20000,0,0,0,0,20000,-20000,-20000
053153,大立光元大99購02,0,0,0,0,0,0,0,0,0,-20000,0,0,0,0,20000,-20000,-20000
053163,上証2X群益9A購02,0,0,0,0,0,0,0,0,0,-20000,0,0,0,0,20000,-20000,-20000
03155P,玉晶光群益01售08,0,0,0,0,0,0,0,0,0,-20000,0,0,0,20000,40000,-20000,-20000
03015P,玉晶光永豐01售06,0,0,0,0,0,0,0,0,0,-20000,0,0,0,0,20000,-20000,-20000
063428,矽創凱基9B購02  ,0,0,0,0,0,0,0,0,0,-20000,0,0,0,60000,80000,-20000,-20000
063403,鈺齊群益9B購01  ,0,0,0,0,0,0,0,0,0,-20000,0,0,0,30000,50000,-20000,-20000
062508,臺股指群益9B購03,0,0,0,0,0,0,0,0,0,-20000,0,0,0,0,20000,-20000,-20000
062159,聯詠凱基9B購01  ,0,0,0,0,0,0,0,0,0,-20000,0,0,0,0,20000,-20000,-20000
062191,台郡元大9B購05  ,0,0,0,0,0,0,0,0,0,-20000,0,0,0,2000,22000,-20000,-20000
063637,聯發科元大9C購02,0,0,0,0,0,0,0,0,0,-20000,0,0,0,0,20000,-20000,-20000
062315,健策凱基9C購01  ,0,0,0,0,0,0,0,0,0,-20000,0,0,0,0,20000,-20000,-20000
062462,GIS群益9B購01   ,0,0,0,0,0,0,0,0,0,-20000,0,0,0,10000,30000,-20000,-20000
062014,牧德富邦9C購01  ,0,0,0,0,0,0,0,0,0,-20000,0,0,0,0,20000,-20000,-20000
062717,華邦電凱基9C購01,0,0,0,0,0,0,0,0,0,-20000,0,0,0,30000,50000,-20000,-20000
062880,大立光兆豐9B購02,0,0,0,0,0,0,0,0,0,-20000,0,0,0,0,20000,-20000,-20000
062876,全新兆豐9B購01  ,0,0,0,0,0,0,0,0,0,-20000,0,0,0,0,20000,-20000,-20000
062991,台光電群益9B購03,0,0,0,0,0,0,0,0,0,-20000,0,0,0,0,20000,-20000,-20000
062620,台表科元大9B購04,0,0,0,0,0,0,0,0,0,-20000,0,0,0,0,20000,-20000,-20000
063715,鈺齊凱基9C購01  ,0,0,0,0,0,0,0,0,0,-20000,0,0,0,0,20000,-20000,-20000
062806,世芯統一02購01  ,0,0,0,0,0,0,0,0,0,-20000,0,0,0,10000,30000,-20000,-20000
061722,健策永豐9B購03  ,0,0,0,0,0,0,0,0,0,-20000,0,0,0,0,20000,-20000,-20000
061793,上銀永豐9B購01  ,0,0,0,0,0,0,0,0,0,-20000,0,0,0,0,20000,-20000,-20000
064118,喬山元大01購01  ,0,0,0,0,0,0,0,0,0,-20000,0,0,0,10000,30000,-20000,-20000
061907,裕隆中信9B購01  ,0,0,0,0,0,0,0,0,0,-20000,0,0,0,0,20000,-20000,-20000
061923,友達凱基9B購04  ,0,0,0,0,0,0,0,0,0,-20000,0,0,0,2000,22000,-20000,-20000
064331,微星元大9C購03  ,0,0,0,0,0,0,0,0,0,-20000,0,0,0,0,20000,-20000,-20000
064425,華新科兆豐9C購01,0,0,0,0,0,0,0,0,0,-20000,0,0,0,0,20000,-20000,-20000
064450,致茂統一01購01  ,0,0,0,0,0,0,0,0,0,-20000,0,0,0,0,20000,-20000,-20000
064504,玉晶光元大01購02,0,0,0,0,0,0,0,0,0,-20000,0,0,0,1000,21000,-20000,-20000
060710,上銀永豐9A購01  ,0,0,0,0,0,0,0,0,0,-20000,0,0,0,10000,30000,-20000,-20000
060741,滬深2X國票9A購05,0,0,0,0,0,0,0,0,0,-20000,0,0,0,0,20000,-20000,-20000
060756,鴻海元大9A購16  ,0,0,0,0,0,0,0,0,0,-20000,0,0,0,0,20000,-20000,-20000
061206,旺宏元大9A購12  ,0,0,0,0,0,0,0,0,0,-20000,0,0,0,46000,66000,-20000,-20000
061583,矽創元大9A購01  ,0,0,0,0,0,0,0,0,0,-20000,0,0,0,100000,120000,-20000,-20000
061521,亞光兆豐9A購02  ,0,0,0,0,0,0,0,0,0,-20000,0,0,0,53000,73000,-20000,-20000
061100,SP黃豆元大9A購04,0,0,0,0,0,0,0,0,0,-20000,0,0,0,0,20000,-20000,-20000
061088,國巨統一9C購05  ,0,0,0,0,0,0,0,0,0,-20000,0,0,0,16000,36000,-20000,-20000
061064,可成凱基9B購02  ,0,0,0,0,0,0,0,0,0,-20000,0,0,0,0,20000,-20000,-20000
061057,華新科國票9A購04,0,0,0,0,0,0,0,0,0,-20000,0,0,0,104000,124000,-20000,-20000
060543,鴻海凱基9B購02  ,0,0,0,0,0,0,0,0,0,-20000,0,0,0,0,20000,-20000,-20000
060962,義隆凱基9B購01  ,0,0,0,0,0,0,0,0,0,-20000,0,0,0,0,20000,-20000,-20000
060897,健策凱基9A購04  ,0,0,0,0,0,0,0,0,0,-20000,0,0,0,0,20000,-20000,-20000
065436,力成凱基02購01  ,0,0,0,0,0,0,0,0,0,-20000,0,0,0,0,20000,-20000,-20000
065595,鴻海元大9C購15  ,0,0,0,0,0,0,0,0,0,-20000,0,0,0,0,20000,-20000,-20000
065039,國巨凱基02購02  ,0,0,0,0,0,0,0,0,0,-20000,0,0,0,24000,44000,-20000,-20000
064983,力成元大9C購04  ,0,0,0,0,0,0,0,0,0,-20000,0,0,0,0,20000,-20000,-20000
064945,中橡凱基9C購01  ,0,0,0,0,0,0,0,0,0,-20000,0,0,0,0,20000,-20000,-20000
064644,台光電凱基9C購01,0,0,0,0,0,0,0,0,0,-20000,0,0,0,78000,98000,-20000,-20000
063957,臻鼎元大9C購01  ,0,0,0,0,0,0,0,0,0,-20000,0,0,0,0,20000,-20000,-20000
06478P,臺股指日盛9A售01,0,0,0,0,0,0,0,0,0,-20000,0,0,0,600000,620000,-20000,-20000
064805,金像電元大9C購04,0,0,0,0,0,0,0,0,0,-20000,0,0,0,0,20000,-20000,-20000
064155,大立光統一01購05,0,0,0,0,0,0,0,0,0,-20000,0,0,0,30000,50000,-20000,-20000
064172,義隆元富9C購01  ,0,0,0,0,0,0,0,0,0,-20000,0,0,0,0,20000,-20000,-20000
065797,臺指反群益9C購02,0,0,0,0,0,0,0,0,0,-20000,0,0,0,0,20000,-20000,-20000
065701,聯發科群益9C購13,0,0,0,0,0,0,0,0,0,-20000,0,0,0,0,20000,-20000,-20000
065839,鴻海元大9C購17  ,0,0,0,0,0,0,0,0,0,-20000,0,0,0,82000,102000,-20000,-20000
066185,松翰凱基01購01  ,0,0,0,0,0,0,0,0,0,-20000,0,0,0,0,20000,-20000,-20000
066438,南紡群益01購01  ,0,0,0,0,0,0,0,0,0,-20000,0,0,0,90000,110000,-20000,-20000
066516,智原永豐01購01  ,0,0,0,0,0,0,0,0,0,-20000,0,0,0,0,20000,-20000,-20000
1712,興農            ,49000,107000,-58000,0,0,0,0,0,0,38000,40000,2000,38000,0,0,0,-20000
1810,和成            ,45000,65000,-20000,0,0,0,0,0,0,0,0,0,0,0,0,0,-20000
2597,潤弘            ,1000,21000,-20000,0,0,0,0,0,0,0,0,0,0,0,0,0,-20000
2887E,台新戊特        ,0,0,0,0,0,0,0,20000,-20000,0,0,0,0,0,0,0,-20000
08844P,滬深2X元大03售03,0,0,0,0,0,0,0,0,0,-20000,0,0,0,0,20000,-20000,-20000
08987P,臻鼎元富07售02  ,0,0,0,0,0,0,0,0,0,-20000,0,0,0,0,20000,-20000,-20000
08257P,台積電元大9C售04,0,0,0,0,0,0,0,0,0,-20000,0,0,0,0,20000,-20000,-20000
08417P,聯發科元大9C售12,0,0,0,0,0,0,0,0,0,-20000,0,0,0,0,20000,-20000,-20000
08433P,臺股指凱基03售01,0,0,0,0,0,0,0,0,0,-20000,0,0,0,0,20000,-20000,-20000
08566P,禾伸堂群益9C售01,0,0,0,0,0,0,0,0,0,-20000,0,0,0,40000,60000,-20000,-20000
08600P,臺股指元大9C售32,0,0,0,0,0,0,0,0,0,-20000,0,0,0,0,20000,-20000,-20000
08583P,鴻海群益01售05  ,0,0,0,0,0,0,0,0,0,-20000,0,0,0,0,20000,-20000,-20000
9136,巨騰-DR         ,1000,21000,-20000,0,0,0,0,0,0,0,35000,35000,0,0,0,0,-20000
068048,美律統一03購01  ,0,0,0,0,0,0,0,0,0,-21000,0,0,0,220000,241000,-21000,-21000
067927,瑞祺兆豐01購01  ,0,0,0,0,0,0,0,0,0,-21000,0,0,0,30000,51000,-21000,-21000
067971,玉晶光群益02購21,0,0,0,0,0,0,0,0,0,-21000,0,0,0,0,21000,-21000,-21000
066978,國巨群益01購03  ,0,0,0,0,0,0,0,0,0,-21000,0,0,0,0,21000,-21000,-21000
067046,聯發科凱基04購01,0,0,0,0,0,0,0,0,0,-21000,0,0,0,0,21000,-21000,-21000
067177,日月光麥證01購02,0,0,0,11000,21000,-10000,0,0,0,-21000,0,0,0,11000,32000,-21000,-21000
067291,可成兆豐01購01  ,0,0,0,0,0,0,0,0,0,-21000,0,0,0,0,21000,-21000,-21000
068531,瀚宇博元富04購03,0,0,0,0,0,0,0,0,0,-21000,0,0,0,201000,222000,-21000,-21000
068318,中興電元大01購01,0,0,0,0,0,0,0,0,0,-21000,0,0,0,5000,26000,-21000,-21000
07009P,臺股指中信9B售01,0,0,0,0,0,0,0,0,0,-21000,0,0,0,0,21000,-21000,-21000
03192P,台積電國泰03售05,0,0,0,0,0,0,0,0,0,-21000,0,0,0,31000,52000,-21000,-21000
00766L,台新MSCI中國正2 ,0,0,0,0,0,0,0,0,0,-21000,0,0,0,274000,295000,-21000,-21000
03261P,力山國票04售01  ,0,0,0,0,0,0,0,0,0,-21000,0,0,0,0,21000,-21000,-21000
058128,FBVIX元大9C購02 ,0,0,0,0,0,0,0,0,0,-21000,0,0,0,0,21000,-21000,-21000
057671,群創元大9B購06  ,0,0,0,0,0,0,0,0,0,-21000,0,0,0,9000,30000,-21000,-21000
05748P,臺股指群益99售02,0,0,0,0,0,0,0,0,0,-21000,0,0,0,0,21000,-21000,-21000
061010,上銀麥證9A購02  ,0,0,0,0,21000,-21000,0,0,0,-21000,0,0,0,0,21000,-21000,-21000
060717,康控永豐9A購01  ,0,0,0,0,0,0,0,0,0,-21000,0,0,0,0,21000,-21000,-21000
064624,群創元大02購01  ,0,0,0,0,0,0,0,0,0,-21000,0,0,0,8000,29000,-21000,-21000
064614,友訊元大9C購02  ,0,0,0,0,0,0,0,0,0,-21000,0,0,0,73000,94000,-21000,-21000
064401,台達電凱基06購01,0,0,0,0,0,0,0,0,0,-21000,0,0,0,0,21000,-21000,-21000
062311,奇力新凱基9B購01,0,0,0,0,0,0,0,0,0,-21000,0,0,0,0,21000,-21000,-21000
062282,禾伸堂群益9B購01,0,0,0,0,0,0,0,0,0,-21000,0,0,0,50000,71000,-21000,-21000
063290,GIS元大9B購02   ,0,0,0,0,0,0,0,0,0,-21000,0,0,0,20000,41000,-21000,-21000
063851,健策元大01購01  ,0,0,0,0,0,0,0,0,0,-21000,0,0,0,60000,81000,-21000,-21000
063801,GIS凱基01購01   ,0,0,0,0,0,0,0,0,0,-21000,0,0,0,60000,81000,-21000,-21000
064988,志超元大9C購01  ,0,0,0,0,0,0,0,0,0,-21000,0,0,0,5000,26000,-21000,-21000
065072,和大元大9C購03  ,0,0,0,0,0,0,0,0,0,-21000,0,0,0,43000,64000,-21000,-21000
065622,鴻海中信06購01  ,0,0,0,0,0,0,0,0,0,-21000,0,0,0,0,21000,-21000,-21000
4545,銘鈺            ,2000,23000,-21000,0,0,0,0,0,0,0,0,0,0,0,0,0,-21000
9902,台火            ,24000,45000,-21000,0,0,0,0,0,0,0,0,0,0,0,0,0,-21000
08881P,奇力新凱基01售02,0,0,0,0,0,0,0,0,0,-21000,0,0,0,20000,41000,-21000,-21000
3454,晶睿            ,17000,38000,-21000,0,0,0,0,0,0,0,0,0,0,0,0,0,-21000
3050,鈺德            ,5000,26000,-21000,0,0,0,0,0,0,0,1000,1000,0,0,0,0,-21000
2420,新巨            ,33000,49000,-16000,0,0,0,0,0,0,-5000,6000,11000,-5000,0,0,0,-21000
2107,厚生            ,92000,106000,-14000,0,0,0,0,0,0,-7000,0,7000,-7000,0,0,0,-21000
068992,日電貿永豐02購01,0,0,0,0,0,0,0,0,0,-22000,0,0,0,0,22000,-22000,-22000
068286,聯電群益03購02  ,0,0,0,0,0,0,0,0,0,-22000,0,0,0,243000,265000,-22000,-22000
068248,美律元大01購05  ,0,0,0,0,0,0,0,0,0,-22000,0,0,0,75000,97000,-22000,-22000
068389,美律統一03購03  ,0,0,0,0,0,0,0,0,0,-22000,0,0,0,13000,35000,-22000,-22000
068483,聯電元大01購06  ,0,0,0,0,0,0,0,0,0,-22000,0,0,0,60000,82000,-22000,-22000
067255,日月光國票02購01,0,0,0,0,0,0,0,0,0,-22000,0,0,0,0,22000,-22000,-22000
067403,眾達永豐01購03  ,0,0,0,0,0,0,0,0,0,-22000,0,0,0,0,22000,-22000,-22000
068019,玉晶光國票02購06,0,0,0,0,0,0,0,0,0,-22000,0,0,0,3000,25000,-22000,-22000
060260,京鼎凱基9C購01  ,0,0,0,0,0,0,0,0,0,-22000,0,0,0,0,22000,-22000,-22000
061318,智邦凱基9B購01  ,0,0,0,0,0,0,0,0,0,-22000,0,0,0,11000,33000,-22000,-22000
063576,台表科元大9B購08,0,0,0,0,0,0,0,0,0,-22000,0,0,0,30000,52000,-22000,-22000
058573,鴻海群益9A購02  ,0,0,0,0,0,0,0,0,0,-22000,0,0,0,10000,32000,-22000,-22000
058588,致茂中信9B購01  ,0,0,0,0,0,0,0,0,0,-22000,0,0,0,59000,81000,-22000,-22000
058985,可成凱基99購03  ,0,0,0,0,0,0,0,0,0,-22000,0,0,0,1000,23000,-22000,-22000
059334,A50正2國票9A購02,0,0,0,0,0,0,0,0,0,-22000,0,0,0,0,22000,-22000,-22000
057777,可成群益9A購03  ,0,0,0,0,0,0,0,0,0,-22000,0,0,0,126000,148000,-22000,-22000
063721,道瓊銀元大9B購03,0,0,0,0,0,0,0,0,0,-22000,0,0,0,0,22000,-22000,-22000
064509,台表科元大9C購08,0,0,0,0,0,0,0,0,0,-22000,0,0,0,147000,169000,-22000,-22000
061689,國巨群益9A購12  ,0,0,0,0,0,0,0,0,0,-22000,0,0,0,35000,57000,-22000,-22000
061528,超眾凱基9A購04  ,0,0,0,0,0,0,0,0,0,-22000,0,0,0,0,22000,-22000,-22000
060401,世紀鋼國票9B購01,0,0,0,0,0,0,0,0,0,-22000,0,0,0,5000,27000,-22000,-22000
060547,瑞昱凱基9A購01  ,0,0,0,0,0,0,0,0,0,-22000,0,0,0,5000,27000,-22000,-22000
065520,台勝科群益9C購03,0,0,0,0,0,0,0,0,0,-22000,0,0,0,64000,86000,-22000,-22000
064655,聚陽元大9C購02  ,0,0,0,0,0,0,0,0,0,-22000,0,0,0,10000,32000,-22000,-22000
064035,GIS元大9C購03   ,0,0,0,0,0,0,0,0,0,-22000,0,0,0,10000,32000,-22000,-22000
066538,信邦兆豐03購01  ,0,0,0,0,0,0,0,0,0,-22000,0,0,0,12000,34000,-22000,-22000
066656,滬深2X凱基03購02,0,0,0,0,0,0,0,0,0,-22000,0,0,0,11000,33000,-22000,-22000
066129,佳世達群益01購01,0,0,0,0,0,0,0,0,0,-22000,0,0,0,5000,27000,-22000,-22000
1733,五鼎            ,50000,74000,-24000,0,0,0,0,0,0,2000,6000,4000,2000,0,0,0,-22000
1506,正道            ,12000,34000,-22000,0,0,0,0,0,0,0,0,0,0,0,0,0,-22000
2459,敦吉            ,4000,21000,-17000,0,0,0,0,0,0,-5000,0,5000,-5000,0,0,0,-22000
08989P,玉晶光國票03售01,0,0,0,0,0,0,0,0,0,-22000,0,0,0,0,22000,-22000,-22000
1234,黑松            ,1000,19000,-18000,0,0,0,0,0,0,-4000,2000,6000,-4000,0,0,0,-22000
08830P,A50正2群益01售05,0,0,0,0,0,0,0,0,0,-22000,0,0,0,0,22000,-22000,-22000
08575P,長榮航凱基9C售02,0,0,0,0,0,0,0,0,0,-22000,0,0,0,0,22000,-22000,-22000
08350P,臺股指中信9C售06,0,0,0,0,0,0,0,0,0,-22000,0,0,0,0,22000,-22000,-22000
9942,茂順            ,0,23000,-23000,0,0,0,0,0,0,1000,1000,0,1000,0,0,0,-22000
6136,富爾特          ,4000,31000,-27000,0,0,0,0,0,0,5000,7000,2000,5000,0,0,0,-22000
067631,上銀永豐01購01  ,0,0,0,0,0,0,0,0,0,-23000,0,0,0,15000,38000,-23000,-23000
067033,新日興康和01購01,0,0,0,0,0,0,0,0,0,-23000,0,0,0,27000,50000,-23000,-23000
066941,滬深2X元大03購01,0,0,0,0,0,0,0,0,0,-23000,0,0,0,42000,65000,-23000,-23000
08161P,台表科元富9B售02,0,0,0,0,0,0,0,0,0,-23000,0,0,0,100000,123000,-23000,-23000
07855P,旺宏凱基9A售09  ,0,0,0,0,0,0,0,0,0,-23000,0,0,0,0,23000,-23000,-23000
059852,康控永豐99購02  ,0,0,0,0,0,0,0,0,0,-23000,0,0,0,1000,24000,-23000,-23000
03010P,國巨國泰03售01  ,0,0,0,0,0,0,0,0,0,-23000,0,0,0,46000,69000,-23000,-23000
059014,SGBR2X元富03購01,0,0,0,0,0,0,0,0,0,-23000,0,0,0,80000,103000,-23000,-23000
058009,智易國票99購01  ,0,0,0,0,0,0,0,0,0,-23000,0,0,0,20000,43000,-23000,-23000
058952,南茂群益99購01  ,0,0,0,0,0,0,0,0,0,-23000,0,0,0,0,23000,-23000,-23000
060208,卜蜂康和9A購01  ,0,0,0,0,0,0,0,0,0,-23000,0,0,0,0,23000,-23000,-23000
061044,世紀鋼永豐9A購02,0,0,0,0,0,0,0,0,0,-23000,0,0,0,0,23000,-23000,-23000
061262,智邦凱基9A購02  ,0,0,0,0,0,0,0,0,0,-23000,0,0,0,6000,29000,-23000,-23000
064132,神達元大9C購02  ,0,0,0,0,0,0,0,0,0,-23000,0,0,0,0,23000,-23000,-23000
062738,可成國票9B購02  ,0,0,0,0,0,0,0,0,0,-23000,0,0,0,0,23000,-23000,-23000
062027,國泰金群益9B購01,0,0,0,0,0,0,0,0,0,-23000,0,0,0,0,23000,-23000,-23000
063121,友達元大9C購09  ,0,0,0,0,0,0,0,0,0,-23000,0,0,0,0,23000,-23000,-23000
065681,聯發科統一9C購17,0,0,0,0,0,0,0,0,0,-23000,0,0,0,164000,187000,-23000,-23000
066684,T50反1元富07購01,0,0,0,0,0,0,0,0,0,-23000,0,0,0,30000,53000,-23000,-23000
064760,玉晶光凱基01購02,0,0,0,0,0,0,0,0,0,-23000,0,0,0,8000,31000,-23000,-23000
064873,世紀鋼永豐9C購01,0,0,0,0,0,0,0,0,0,-23000,0,0,0,0,23000,-23000,-23000
065464,健鼎中信9C購01  ,0,0,0,0,0,0,0,0,0,-23000,0,0,0,263000,286000,-23000,-23000
064924,健策統一9C購05  ,0,0,0,0,0,0,0,0,0,-23000,0,0,0,9000,32000,-23000,-23000
065141,國巨凱基9C購10  ,0,0,0,0,0,0,0,0,0,-23000,0,0,0,0,23000,-23000,-23000
4942,嘉彰            ,26000,41000,-15000,0,0,0,0,0,0,-8000,1000,9000,-8000,0,0,0,-23000
08496P,金像電國票01售02,0,0,0,0,0,0,0,0,0,-23000,0,0,0,0,23000,-23000,-23000
068977,建準元大02購01  ,0,0,0,0,0,0,0,0,0,-24000,0,0,0,45000,69000,-24000,-24000
068910,瑞昱群益02購01  ,0,0,0,0,0,0,0,0,0,-24000,0,0,0,18000,42000,-24000,-24000
068372,聯電永豐01購01  ,0,0,0,0,0,0,0,0,0,-24000,0,0,0,361000,385000,-24000,-24000
068334,玉晶光元大01購14,0,0,0,0,0,0,0,0,0,-24000,0,0,0,96000,120000,-24000,-24000
066888,長榮航中信07購01,0,0,0,0,0,0,0,0,0,-24000,0,0,0,10000,34000,-24000,-24000
067286,新日興國票02購02,0,0,0,0,0,0,0,0,0,-24000,0,0,0,0,24000,-24000,-24000
067683,上緯控元大01購03,0,0,0,0,0,0,0,0,0,-24000,0,0,0,473000,497000,-24000,-24000
067559,高鐵國票02購01  ,0,0,0,0,0,0,0,0,0,-24000,0,0,0,23000,47000,-24000,-24000
067737,英業達元大01購01,0,0,0,0,0,0,0,0,0,-24000,0,0,0,0,24000,-24000,-24000
06795P,臺股指凱基98售05,0,0,0,0,0,0,0,0,0,-24000,0,0,0,0,24000,-24000,-24000
03256P,聯發科富邦03售08,0,0,0,0,0,0,0,0,0,-24000,0,0,0,0,24000,-24000,-24000
03211P,健鼎國票03售01  ,0,0,0,0,0,0,0,0,0,-24000,0,0,0,0,24000,-24000,-24000
00645,富邦日本        ,0,0,0,0,0,0,0,0,0,-24000,0,0,0,118000,142000,-24000,-24000
057877,神達元大99購01  ,0,0,0,0,0,0,0,0,0,-24000,0,0,0,0,24000,-24000,-24000
062091,世紀鋼元大9B購01,0,0,0,0,0,0,0,0,0,-24000,0,0,0,50000,74000,-24000,-24000
063705,臻鼎群益9B購03  ,0,0,0,0,0,0,0,0,0,-24000,0,0,0,375000,399000,-24000,-24000
064148,瑞昱統一02購01  ,0,0,0,0,0,0,0,0,0,-24000,0,0,0,15000,39000,-24000,-24000
064368,日月光統一01購01,0,0,0,0,0,0,0,0,0,-24000,0,0,0,128000,152000,-24000,-24000
061626,超眾群益9A購02  ,0,0,0,0,0,0,0,0,0,-24000,0,0,0,16000,40000,-24000,-24000
065205,金寶國票01購01  ,0,0,0,0,0,0,0,0,0,-24000,0,0,0,0,24000,-24000,-24000
064865,美律永豐9C購02  ,0,0,0,0,0,0,0,0,0,-24000,0,0,0,4000,28000,-24000,-24000
065911,超眾永豐9C購01  ,0,0,0,0,0,0,0,0,0,-24000,0,0,0,1000,25000,-24000,-24000
08950P,臺股指國票01售07,0,0,0,0,0,0,0,0,0,-24000,0,0,0,1000,25000,-24000,-24000
3028,增你強          ,9000,33000,-24000,0,0,0,0,0,0,0,0,0,0,0,0,0,-24000
8480,泰昇-KY         ,2000,25000,-23000,0,0,0,0,0,0,-1000,0,1000,-1000,0,0,0,-24000
067980,上証2X元大03購02,0,0,0,0,0,0,0,0,0,-25000,0,0,0,0,25000,-25000,-25000
068081,GIS凱基01購03   ,0,0,0,0,0,0,0,0,0,-25000,0,0,0,14000,39000,-25000,-25000
067540,新日興群益02購01,0,0,0,0,0,0,0,0,0,-25000,0,0,0,4000,29000,-25000,-25000
067323,美利達元大01購04,0,0,0,0,0,0,0,0,0,-25000,0,0,0,32000,57000,-25000,-25000
06694P,臺股指凱基99售13,0,0,0,0,0,0,0,0,0,-25000,0,0,0,15000,40000,-25000,-25000
067106,義隆群益01購01  ,0,0,0,0,0,0,0,0,0,-25000,0,0,0,17000,42000,-25000,-25000
068458,玉晶光國票01購10,0,0,0,0,0,0,0,0,0,-25000,0,0,0,1000,26000,-25000,-25000
068497,緯創元大01購05  ,0,0,0,0,0,0,0,0,0,-25000,0,0,0,12000,37000,-25000,-25000
068528,緯創元富03購01  ,0,0,0,0,0,0,0,0,0,-25000,0,0,0,0,25000,-25000,-25000
068716,華通元大02購03  ,0,0,0,0,0,0,0,0,0,-25000,0,0,0,155000,180000,-25000,-25000
07593P,臺股指凱基9A售08,0,0,0,0,0,0,0,0,0,-25000,0,0,0,75000,100000,-25000,-25000
059789,貿聯元大9A購02  ,0,0,0,0,0,0,0,0,0,-25000,0,0,0,8000,33000,-25000,-25000
00709,富邦歐洲        ,0,0,0,0,0,0,0,0,0,-25000,0,0,0,107000,132000,-25000,-25000
03201P,台灣50凱基04售13,0,0,0,0,0,0,0,0,0,-25000,0,0,0,0,25000,-25000,-25000
03140P,聯發科凱基01售22,0,0,0,0,0,0,0,0,0,-25000,0,0,0,6000,31000,-25000,-25000
056345,嘉聯益凱基99購01,0,0,0,0,0,0,0,0,0,-25000,0,0,0,0,25000,-25000,-25000
060176,T50反1元富04購03,0,0,0,0,0,0,0,0,0,-25000,0,0,0,0,25000,-25000,-25000
061932,上銀國票9B購01  ,0,0,0,0,0,0,0,0,0,-25000,0,0,0,0,25000,-25000,-25000
058507,美律元大9A購01  ,0,0,0,0,0,0,0,0,0,-25000,0,0,0,0,25000,-25000,-25000
061039,台表科永豐9A購03,0,0,0,0,0,0,0,0,0,-25000,0,0,0,19000,44000,-25000,-25000
060967,鈺齊凱基9A購02  ,0,0,0,0,0,0,0,0,0,-25000,0,0,0,0,25000,-25000,-25000
064327,金寶元大01購01  ,0,0,0,0,0,0,0,0,0,-25000,0,0,0,200000,225000,-25000,-25000
062797,瑞昱統一9B購01  ,0,0,0,0,0,0,0,0,0,-25000,0,0,0,0,25000,-25000,-25000
062985,元金2X第一9B購02,0,0,0,0,0,0,0,0,0,-25000,0,0,0,20000,45000,-25000,-25000
062435,國巨元大9B購13  ,0,0,0,0,0,0,0,0,0,-25000,0,0,0,31000,56000,-25000,-25000
062110,華擎國票9B購01  ,0,0,0,0,0,0,0,0,0,-25000,0,0,0,0,25000,-25000,-25000
063322,台郡群益9B購02  ,0,0,0,0,0,0,0,0,0,-25000,0,0,0,103000,128000,-25000,-25000
062520,晶豪科元大9B購02,0,0,0,0,0,0,0,0,0,-25000,0,0,0,214000,239000,-25000,-25000
063536,美食統一01購01  ,0,0,0,0,0,0,0,0,0,-25000,0,0,0,0,25000,-25000,-25000
065912,瑞祺永豐9C購02  ,0,0,0,0,0,0,0,0,0,-25000,0,0,0,5000,30000,-25000,-25000
065899,神基麥證9C購02  ,0,0,0,6000,31000,-25000,0,0,0,-25000,0,0,0,6000,31000,-25000,-25000
066125,得力群益01購01  ,0,0,0,0,0,0,0,0,0,-25000,0,0,0,0,25000,-25000,-25000
066732,可成元大01購06  ,0,0,0,0,0,0,0,0,0,-25000,0,0,0,32000,57000,-25000,-25000
066641,台郡凱基03購01  ,0,0,0,0,0,0,0,0,0,-25000,0,0,0,5000,30000,-25000,-25000
066526,創意統一05購01  ,0,0,0,0,0,0,0,0,0,-25000,0,0,0,50000,75000,-25000,-25000
066490,創意元富07購01  ,0,0,0,0,0,0,0,0,0,-25000,0,0,0,1000,26000,-25000,-25000
066289,晶碩元大02購01  ,0,0,0,0,0,0,0,0,0,-25000,0,0,0,6000,31000,-25000,-25000
064084,群創中信06購02  ,0,0,0,0,0,0,0,0,0,-25000,0,0,0,23000,48000,-25000,-25000
064922,玉晶光統一01購10,0,0,0,0,0,0,0,0,0,-25000,0,0,0,37000,62000,-25000,-25000
4989,榮科            ,7000,32000,-25000,0,0,0,0,0,0,0,0,0,0,0,0,0,-25000
6128,上福            ,3000,22000,-19000,0,0,0,0,0,0,-6000,0,6000,-6000,0,0,0,-25000
9927,泰銘            ,0,25000,-25000,0,0,0,0,0,0,0,0,0,0,0,0,0,-25000
3518,柏騰            ,15000,40000,-25000,0,0,0,0,0,0,0,0,0,0,0,0,0,-25000
2495,普安            ,10000,35000,-25000,0,0,0,0,0,0,0,0,0,0,0,0,0,-25000
2706,第一店          ,9000,34000,-25000,0,0,0,0,0,0,0,0,0,0,0,0,0,-25000
1507,永大            ,1000,19000,-18000,0,0,0,0,0,0,-7000,2000,9000,-7000,0,0,0,-25000
1457,宜進            ,23000,48000,-25000,0,0,0,0,0,0,0,0,0,0,0,0,0,-25000
1442,名軒            ,25000,50000,-25000,0,0,0,0,0,0,0,6000,6000,0,0,0,0,-25000
1537,廣隆            ,90000,140000,-50000,0,0,0,30000,7000,23000,2000,4000,2000,2000,0,0,0,-25000
08943P,嘉晶國票03售01  ,0,0,0,0,0,0,0,0,0,-25000,0,0,0,37000,62000,-25000,-25000
08453P,玉晶光台新9C售02,0,0,0,0,0,0,0,0,0,-25000,0,0,0,172000,197000,-25000,-25000
08527P,大立光元大01售06,0,0,0,0,0,0,0,0,0,-25000,0,0,0,0,25000,-25000,-25000
08397P,國巨元富9C售04  ,0,0,0,0,0,0,0,0,0,-25000,0,0,0,0,25000,-25000,-25000
07853P,國巨凱基9A售19  ,0,0,0,0,0,0,0,0,0,-26000,0,0,0,0,26000,-26000,-26000
068491,美律元大01購06  ,0,0,0,0,0,0,0,0,0,-26000,0,0,0,17000,43000,-26000,-26000
067122,眾達國泰03購02  ,0,0,0,0,0,0,0,0,0,-26000,0,0,0,104000,130000,-26000,-26000
067846,大立光元富01購01,0,0,0,0,0,0,0,0,0,-26000,0,0,0,120000,146000,-26000,-26000
058967,可成麥證99購01  ,0,0,0,0,26000,-26000,0,0,0,-26000,0,0,0,0,26000,-26000,-26000
063579,GIS元大9C購01   ,0,0,0,0,0,0,0,0,0,-26000,0,0,0,15000,41000,-26000,-26000
058941,華新科中信99購03,0,0,0,0,0,0,0,0,0,-26000,0,0,0,94000,120000,-26000,-26000
057604,鴻海統一9C購01  ,0,0,0,0,0,0,0,0,0,-26000,0,0,0,0,26000,-26000,-26000
057688,國巨凱基99購07  ,0,0,0,0,0,0,0,0,0,-26000,0,0,0,0,26000,-26000,-26000
03123P,台積電元大01售45,0,0,0,0,0,0,0,0,0,-26000,0,0,0,0,26000,-26000,-26000
03135P,台灣50麥證01售03,0,0,0,0,26000,-26000,0,0,0,-26000,0,0,0,0,26000,-26000,-26000
03260P,技嘉凱基02售01  ,0,0,0,0,0,0,0,0,0,-26000,0,0,0,8000,34000,-26000,-26000
062672,兆豐金中信03購01,0,0,0,0,0,0,0,0,0,-26000,0,0,0,0,26000,-26000,-26000
062926,嘉澤國票9B購01  ,0,0,0,0,0,0,0,0,0,-26000,0,0,0,68000,94000,-26000,-26000
061596,健策永豐9A購03  ,0,0,0,0,0,0,0,0,0,-26000,0,0,0,23000,49000,-26000,-26000
061165,美律兆豐9A購01  ,0,0,0,0,0,0,0,0,0,-26000,0,0,0,20000,46000,-26000,-26000
064192,巨大中信9C購01  ,0,0,0,0,0,0,0,0,0,-26000,0,0,0,14000,40000,-26000,-26000
063859,國巨國泰01購03  ,0,0,0,0,0,0,0,0,0,-26000,0,0,0,11000,37000,-26000,-26000
066773,美律富邦03購01  ,0,0,0,0,0,0,0,0,0,-26000,0,0,0,342000,368000,-26000,-26000
08363P,南亞科凱基01售01,0,0,0,0,0,0,0,0,0,-26000,0,0,0,38000,64000,-26000,-26000
08951P,臺股指國票01售08,0,0,0,0,0,0,0,0,0,-26000,0,0,0,191000,217000,-26000,-26000
08798P,聯發科國票01售03,0,0,0,0,0,0,0,0,0,-26000,0,0,0,41000,67000,-26000,-26000
067599,台積電凱基01購14,0,0,0,0,0,0,0,0,0,-27000,0,0,0,186000,213000,-27000,-27000
067684,康控元大01購05  ,0,0,0,0,0,0,0,0,0,-27000,0,0,0,103000,130000,-27000,-27000
067626,聚陽永豐01購01  ,0,0,0,0,0,0,0,0,0,-27000,0,0,0,48000,75000,-27000,-27000
069039,TPK統一04購01   ,0,0,0,0,0,0,0,0,0,-27000,0,0,0,1000,28000,-27000,-27000
03022X,富展01          ,0,0,0,0,0,0,0,0,0,-27000,0,0,0,14000,41000,-27000,-27000
057764,台表科凱基9A購01,0,0,0,0,0,0,0,0,0,-27000,0,0,0,6000,33000,-27000,-27000
058093,神達元大9A購01  ,0,0,0,0,0,0,0,0,0,-27000,0,0,0,0,27000,-27000,-27000
059169,可成凱基99購04  ,0,0,0,0,0,0,0,0,0,-27000,0,0,0,3000,30000,-27000,-27000
061595,智易永豐9A購02  ,0,0,0,0,0,0,0,0,0,-27000,0,0,0,0,27000,-27000,-27000
063064,台表科元富9B購01,0,0,0,0,0,0,0,0,0,-27000,0,0,0,30000,57000,-27000,-27000
061463,智邦群益9A購02  ,0,0,0,0,0,0,0,0,0,-27000,0,0,0,5000,32000,-27000,-27000
061442,玉晶光永豐9A購07,0,0,0,0,0,0,0,0,0,-27000,0,0,0,0,27000,-27000,-27000
062352,南六群益9B購02  ,0,0,0,0,0,0,0,0,0,-27000,0,0,0,123000,150000,-27000,-27000
063443,金像電統一01購02,0,0,0,0,0,0,0,0,0,-27000,0,0,0,6000,33000,-27000,-27000
066498,康控國泰02購01  ,0,0,0,0,0,0,0,0,0,-27000,0,0,0,0,27000,-27000,-27000
066118,台郡兆豐01購01  ,0,0,0,0,0,0,0,0,0,-27000,0,0,0,30000,57000,-27000,-27000
063926,南亞科統一03購01,0,0,0,0,0,0,0,0,0,-27000,0,0,0,3000,30000,-27000,-27000
065213,南六國票01購03  ,0,0,0,0,0,0,0,0,0,-27000,0,0,0,122000,149000,-27000,-27000
065413,玉晶光永豐9C購10,0,0,0,0,0,0,0,0,0,-27000,0,0,0,0,27000,-27000,-27000
2031,新光鋼          ,125000,161000,-36000,0,0,0,0,0,0,9000,9000,0,9000,0,0,0,-27000
2450,神腦            ,4000,31000,-27000,0,0,0,0,0,0,0,0,0,0,0,0,0,-27000
2903,遠百            ,128363,156062,-27699,0,0,0,0,0,0,0,0,0,0,0,0,0,-27699
068412,欣興台新01購01  ,0,0,0,0,0,0,0,0,0,-28000,0,0,0,72000,100000,-28000,-28000
067363,同欣電群益01購02,0,0,0,0,0,0,0,0,0,-28000,0,0,0,10000,38000,-28000,-28000
058875,台表科國票9A購02,0,0,0,0,0,0,0,0,0,-28000,0,0,0,15000,43000,-28000,-28000
00641R,富邦日本反1     ,23000,0,23000,0,0,0,0,0,0,-51000,0,0,0,202000,253000,-51000,-28000
062496,矽創中信9B購01  ,0,0,0,0,0,0,0,0,0,-28000,0,0,0,1004000,1032000,-28000,-28000
062924,世紀鋼元大9C購04,0,0,0,0,0,0,0,0,0,-28000,0,0,0,8000,36000,-28000,-28000
062642,帆宣國票9B購01  ,0,0,0,0,0,0,0,0,0,-28000,0,0,0,2000,30000,-28000,-28000
060763,聯鈞元大9A購03  ,0,0,0,0,0,0,0,0,0,-28000,0,0,0,3000,31000,-28000,-28000
064429,鴻海凱基03購03  ,0,0,0,0,0,0,0,0,0,-28000,0,0,0,0,28000,-28000,-28000
061879,超眾元大9C購01  ,0,0,0,0,0,0,0,0,0,-28000,0,0,0,17000,45000,-28000,-28000
061850,國巨國票9C購02  ,0,0,0,0,0,0,0,0,0,-28000,0,0,0,0,28000,-28000,-28000
065011,智邦國泰02購01  ,0,0,0,0,0,0,0,0,0,-28000,0,0,0,37000,65000,-28000,-28000
064660,華通元大9C購05  ,0,0,0,0,0,0,0,0,0,-28000,0,0,0,166000,194000,-28000,-28000
3305,昇貿            ,2000,23000,-21000,0,0,0,0,0,0,-7000,0,7000,-7000,0,0,0,-28000
2453,凌群            ,44000,72000,-28000,0,0,0,0,0,0,0,0,0,0,0,0,0,-28000
2514,龍邦            ,2000,30000,-28000,0,0,0,0,0,0,0,0,0,0,0,0,0,-28000
1615,大山            ,3000,31000,-28000,0,0,0,0,0,0,0,0,0,0,0,0,0,-28000
08685P,南電凱基01售03  ,0,0,0,0,0,0,0,0,0,-28000,0,0,0,142000,170000,-28000,-28000
08868P,欣興凱基02售03  ,0,0,0,0,0,0,0,0,0,-28000,0,0,0,830000,858000,-28000,-28000
08173P,金像電凱基9B售02,0,0,0,0,0,0,0,0,0,-28000,0,0,0,100000,128000,-28000,-28000
08429P,台達電凱基9C售01,0,0,0,0,0,0,0,0,0,-28000,0,0,0,3000,31000,-28000,-28000
3679,新至陞          ,54000,78000,-24000,0,0,0,0,0,0,-4000,0,4000,-4000,0,0,0,-28000
1527,鑽全            ,49000,74264,-25264,0,0,0,0,0,0,-3000,0,3000,-3000,0,0,0,-28264
067836,聯發科統一03購05,0,0,0,0,0,0,0,0,0,-29000,0,0,0,21000,50000,-29000,-29000
055312,台虹群益99購01  ,0,0,0,0,0,0,0,0,0,-29000,0,0,0,0,29000,-29000,-29000
058909,神達元大99購03  ,0,0,0,0,0,0,0,0,0,-29000,0,0,0,0,29000,-29000,-29000
060039,大立光國票99購04,0,0,0,0,0,0,0,0,0,-29000,0,0,0,2000,31000,-29000,-29000
061791,康友群益9B購01  ,0,0,0,0,0,0,0,0,0,-29000,0,0,0,0,29000,-29000,-29000
060571,京元電永豐9A購01,0,0,0,0,0,0,0,0,0,-29000,0,0,0,76000,105000,-29000,-29000
062891,台汽電群益9B購01,0,0,0,0,0,0,0,0,0,-29000,0,0,0,26000,55000,-29000,-29000
062057,華邦電統一01購01,0,0,0,0,0,0,0,0,0,-29000,0,0,0,230000,259000,-29000,-29000
064643,瑞昱凱基04購01  ,0,0,0,0,0,0,0,0,0,-29000,0,0,0,1000,30000,-29000,-29000
063884,台表科元富03購01,0,0,0,0,0,0,0,0,0,-29000,0,0,0,15000,44000,-29000,-29000
065026,世紀鋼永豐9C購02,0,0,0,0,0,0,0,0,0,-29000,0,0,0,16000,45000,-29000,-29000
1568,倉佑            ,3000,32000,-29000,0,0,0,0,0,0,0,0,0,0,0,0,0,-29000
2227,裕日車          ,34000,60000,-26000,0,0,0,0,1000,-1000,-2000,0,2000,-2000,0,0,0,-29000
067672,聯發科元大01購21,0,0,0,0,0,0,0,0,0,-30000,0,0,0,59000,89000,-30000,-30000
067573,滬深反群益02購01,0,0,0,0,0,0,0,0,0,-30000,0,0,0,0,30000,-30000,-30000
067997,美律元大01購02  ,0,0,0,0,0,0,0,0,0,-30000,0,0,0,16000,46000,-30000,-30000
067513,南六統一01購04  ,0,0,0,0,0,0,0,0,0,-30000,0,0,0,0,30000,-30000,-30000
066963,T50反1元富07購03,0,0,0,0,0,0,0,0,0,-30000,0,0,0,0,30000,-30000,-30000
068315,台灣50元大01購33,0,0,0,0,0,0,0,0,0,-30000,0,0,0,22000,52000,-30000,-30000
068517,大立光統一01購09,0,0,0,0,0,0,0,0,0,-30000,0,0,0,0,30000,-30000,-30000
069040,日月光統一02購01,0,0,0,0,0,0,0,0,0,-30000,0,0,0,0,30000,-30000,-30000
07045P,上銀國票9A售01  ,0,0,0,0,0,0,0,0,0,-30000,0,0,0,17000,47000,-30000,-30000
07341P,台積電凱基99售18,0,0,0,0,0,0,0,0,0,-30000,0,0,0,0,30000,-30000,-30000
07142P,台灣50元大01售01,0,0,0,0,0,0,0,0,0,-30000,0,0,0,107000,137000,-30000,-30000
069003,台積電兆豐03購06,0,0,0,0,0,0,0,0,0,-30000,0,0,0,0,30000,-30000,-30000
068988,道瓊銀國泰03購01,0,0,0,0,0,0,0,0,0,-30000,0,0,0,15000,45000,-30000,-30000
068811,臺指反元大05購02,0,0,0,0,0,0,0,0,0,-30000,0,0,0,0,30000,-30000,-30000
068859,台積電元富08購06,0,0,0,0,0,0,0,0,0,-30000,0,0,0,25000,55000,-30000,-30000
07728P,臺股指凱基9A售20,0,0,0,0,0,0,0,0,0,-30000,0,0,0,5000,35000,-30000,-30000
07901P,臺股指凱基9B售04,0,0,0,0,0,0,0,0,0,-30000,0,0,0,0,30000,-30000,-30000
08119P,南亞科統一9C售03,0,0,0,0,0,0,0,0,0,-30000,0,0,0,0,30000,-30000,-30000
07966P,瑞祺群益9B售02  ,0,0,0,0,0,0,0,0,0,-30000,0,0,0,0,30000,-30000,-30000
057729,華新科國泰99購04,0,0,0,0,0,0,0,0,0,-30000,0,0,0,0,30000,-30000,-30000
057454,上銀國泰99購02  ,0,0,0,0,0,0,0,0,0,-30000,0,0,0,0,30000,-30000,-30000
060617,華新科元大9A購08,0,0,0,0,0,0,0,0,0,-30000,0,0,0,20000,50000,-30000,-30000
060676,京元電元大9A購03,0,0,0,0,0,0,0,0,0,-30000,0,0,0,317000,347000,-30000,-30000
059194,元金2X永豐99購01,0,0,0,0,0,0,0,0,0,-30000,0,0,0,0,30000,-30000,-30000
059054,國巨凱基99購11  ,0,0,0,0,0,0,0,0,0,-30000,0,0,0,22000,52000,-30000,-30000
058632,世紀鋼國票9A購01,0,0,0,0,0,0,0,0,0,-30000,0,0,0,0,30000,-30000,-30000
058276,道瓊指中信9C購01,0,0,0,0,0,0,0,0,0,-30000,0,0,0,0,30000,-30000,-30000
058277,FBVIX中信03購01 ,0,0,0,0,0,0,0,0,0,-30000,0,0,0,0,30000,-30000,-30000
057082,玉晶光統一9A購04,0,0,0,0,0,0,0,0,0,-30000,0,0,0,8000,38000,-30000,-30000
057875,京鼎元大98購03  ,0,0,0,0,0,0,0,0,0,-30000,0,0,0,20000,50000,-30000,-30000
057807,友訊元大98購02  ,0,0,0,0,0,0,0,0,0,-30000,0,0,0,0,30000,-30000,-30000
057815,信邦元大98購01  ,0,0,0,0,0,0,0,0,0,-30000,0,0,0,0,30000,-30000,-30000
057352,大立光統一9A購02,0,0,0,0,0,0,0,0,0,-30000,0,0,0,0,30000,-30000,-30000
00689R,國泰20年美債反1 ,0,30000,-30000,0,0,0,0,0,0,0,0,0,0,100000,100000,0,-30000
03051P,玉晶光統一01售14,0,0,0,0,0,0,0,0,0,-30000,0,0,0,0,30000,-30000,-30000
03252P,台積電台新02售01,0,0,0,0,0,0,0,0,0,-30000,0,0,0,0,30000,-30000,-30000
03241P,聯電統一02售03  ,0,0,0,0,0,0,0,0,0,-30000,0,0,0,123000,153000,-30000,-30000
03181P,台灣50元大01售40,0,0,0,0,0,0,0,0,0,-30000,0,0,0,71000,101000,-30000,-30000
056325,群創兆豐9A購01  ,0,0,0,0,0,0,0,0,0,-30000,0,0,0,0,30000,-30000,-30000
053739,A50正2國票9A購01,0,0,0,0,0,0,0,0,0,-30000,0,0,0,0,30000,-30000,-30000
062055,鴻海統一9C購07  ,0,0,0,0,0,0,0,0,0,-30000,0,0,0,0,30000,-30000,-30000
062472,大立光凱基9B購04,0,0,0,0,0,0,0,0,0,-30000,0,0,0,0,30000,-30000,-30000
062432,上銀元大9B購04  ,0,0,0,0,0,0,0,0,0,-30000,0,0,0,0,30000,-30000,-30000
063696,T50反1群益9B購03,0,0,0,0,0,0,0,0,0,-30000,0,0,0,0,30000,-30000,-30000
062287,康友群益9B購02  ,0,0,0,0,0,0,0,0,0,-30000,0,0,0,0,30000,-30000,-30000
061050,康友中信9A購01  ,0,0,0,0,0,0,0,0,0,-30000,0,0,0,0,30000,-30000,-30000
061052,和大群益9A購01  ,0,0,0,0,0,0,0,0,0,-30000,0,0,0,44000,74000,-30000,-30000
061053,國巨群益9A購08  ,0,0,0,0,0,0,0,0,0,-30000,0,0,0,2000,32000,-30000,-30000
060761,南亞科元大9A購05,0,0,0,0,0,0,0,0,0,-30000,0,0,0,60000,90000,-30000,-30000
061603,瑞昱凱基9A購02  ,0,0,0,0,0,0,0,0,0,-30000,0,0,0,10000,40000,-30000,-30000
061587,美律富邦9A購02  ,0,0,0,0,0,0,0,0,0,-30000,0,0,0,0,30000,-30000,-30000
061718,GIS凱基9B購01   ,0,0,0,0,0,0,0,0,0,-30000,0,0,0,0,30000,-30000,-30000
064323,滬深2X元大9C購09,0,0,0,0,0,0,0,0,0,-30000,0,0,0,25000,55000,-30000,-30000
064277,可成元大9C購04  ,0,0,0,0,0,0,0,0,0,-30000,0,0,0,60000,90000,-30000,-30000
064374,旺宏元富9C購01  ,0,0,0,0,0,0,0,0,0,-30000,0,0,0,32000,62000,-30000,-30000
06433P,大立光群益99售01,0,0,0,0,0,0,0,0,0,-30000,0,0,0,0,30000,-30000,-30000
065233,TPK凱基01購01   ,0,0,0,0,0,0,0,0,0,-30000,0,0,0,66000,96000,-30000,-30000
063942,台積電元大01購03,0,0,0,0,0,0,0,0,0,-30000,0,0,0,0,30000,-30000,-30000
064761,神達凱基9C購01  ,0,0,0,0,0,0,0,0,0,-30000,0,0,0,0,30000,-30000,-30000
066152,大立光麥證01購03,0,0,0,0,30000,-30000,0,0,0,-30000,0,0,0,0,30000,-30000,-30000
065801,瑞昱群益9C購04  ,0,0,0,0,0,0,0,0,0,-30000,0,0,0,0,30000,-30000,-30000
065774,旭富國票01購01  ,0,0,0,0,0,0,0,0,0,-30000,0,0,0,8000,38000,-30000,-30000
065767,T50反1國票03購01,0,0,0,0,0,0,0,0,0,-30000,0,0,0,80000,110000,-30000,-30000
066435,臺指反群益03購01,0,0,0,0,0,0,0,0,0,-30000,0,0,0,0,30000,-30000,-30000
066674,達方凱基01購01  ,0,0,0,0,0,0,0,0,0,-30000,0,0,0,19000,49000,-30000,-30000
2380,虹光            ,6000,36000,-30000,0,0,0,0,0,0,0,0,0,0,0,0,0,-30000
2423,固緯            ,16000,37000,-21000,0,0,0,0,0,0,-9000,0,9000,-9000,0,0,0,-30000
08430P,友達凱基01售01  ,0,0,0,0,0,0,0,0,0,-30000,0,0,0,0,30000,-30000,-30000
08493P,嘉澤元大9C售01  ,0,0,0,0,0,0,0,0,0,-30000,0,0,0,0,30000,-30000,-30000
08482P,亞德客群益9C售02,0,0,0,0,0,0,0,0,0,-30000,0,0,0,10000,40000,-30000,-30000
08524P,奇力新元大9C售01,0,0,0,0,0,0,0,0,0,-30000,0,0,0,0,30000,-30000,-30000
08394P,大立光群益9C售05,0,0,0,0,0,0,0,0,0,-30000,0,0,0,0,30000,-30000,-30000
08395P,燿華永豐9C售02  ,0,0,0,0,0,0,0,0,0,-30000,0,0,0,0,30000,-30000,-30000
08336P,聯發科中信9C售05,0,0,0,0,0,0,0,0,0,-30000,0,0,0,0,30000,-30000,-30000
08980P,華通凱基01售03  ,0,0,0,0,0,0,0,0,0,-30000,0,0,0,0,30000,-30000,-30000
08741P,國巨凱基01售05  ,0,0,0,0,0,0,0,0,0,-30000,0,0,0,20000,50000,-30000,-30000
08842P,京鼎凱基01售03  ,0,0,0,0,0,0,0,0,0,-30000,0,0,0,60000,90000,-30000,-30000
4720,德淵            ,77000,30000,47000,0,0,0,0,0,0,-77000,3000,80000,-77000,0,0,0,-30000
4722,國精化          ,0,28000,-28000,0,0,0,0,0,0,-2000,0,2000,-2000,0,0,0,-30000
4576,大銀微系統      ,27000,57000,-30000,0,0,0,0,0,0,0,0,0,0,0,0,0,-30000
07807P,聯茂永豐9A售02  ,0,0,0,0,0,0,0,0,0,-31000,0,0,0,0,31000,-31000,-31000
07660P,聯茂凱基9A售03  ,0,0,0,0,0,0,0,0,0,-31000,0,0,0,0,31000,-31000,-31000
068961,宏達電群益02購01,0,0,0,0,0,0,0,0,0,-31000,0,0,0,28000,59000,-31000,-31000
067477,億光元大01購01  ,0,0,0,0,0,0,0,0,0,-31000,0,0,0,10000,41000,-31000,-31000
067341,欣興凱基03購01  ,0,0,0,0,0,0,0,0,0,-31000,0,0,0,243000,274000,-31000,-31000
067859,滬深2X元大01購12,0,0,0,0,0,0,0,0,0,-31000,0,0,0,0,31000,-31000,-31000
00678,群益NBI生技     ,0,0,0,0,0,0,0,0,0,-31000,0,0,0,300000,331000,-31000,-31000
00850,元大臺灣ESG永續 ,0,0,0,0,0,0,0,0,0,-31000,0,0,0,1487000,1518000,-31000,-31000
057325,可成群益9A購01  ,0,0,0,0,0,0,0,0,0,-31000,0,0,0,0,31000,-31000,-31000
058522,聯茂元大99購07  ,0,0,0,0,0,0,0,0,0,-31000,0,0,0,68000,99000,-31000,-31000
061971,力山元大9C購02  ,0,0,0,0,0,0,0,0,0,-31000,0,0,0,75000,106000,-31000,-31000
057636,上銀元大98購06  ,0,0,0,0,0,0,0,0,0,-31000,0,0,0,27000,58000,-31000,-31000
064408,TPK凱基02購01   ,0,0,0,0,0,0,0,0,0,-31000,0,0,0,112000,143000,-31000,-31000
064467,南亞科元富9C購02,0,0,0,0,0,0,0,0,0,-31000,0,0,0,0,31000,-31000,-31000
061789,群創群益9B購01  ,0,0,0,0,0,0,0,0,0,-31000,0,0,0,0,31000,-31000,-31000
064224,玉晶光國票01購04,0,0,0,0,0,0,0,0,0,-31000,0,0,0,25000,56000,-31000,-31000
063519,聚陽凱基9B購02  ,0,0,0,0,0,0,0,0,0,-31000,0,0,0,0,31000,-31000,-31000
062775,大成鋼元大9B購02,0,0,0,0,0,0,0,0,0,-31000,0,0,0,249000,280000,-31000,-31000
062694,遠東新元大9B購01,0,0,0,0,0,0,0,0,0,-31000,0,0,0,29000,60000,-31000,-31000
066822,泰豐群益01購01  ,0,0,0,0,0,0,0,0,0,-31000,0,0,0,0,31000,-31000,-31000
065814,健策統一9C購08  ,0,0,0,0,0,0,0,0,0,-31000,0,0,0,33000,64000,-31000,-31000
065866,鴻海群益9C購07  ,0,0,0,0,0,0,0,0,0,-31000,0,0,0,0,31000,-31000,-31000
065877,TPK群益9C購05   ,0,0,0,0,0,0,0,0,0,-31000,0,0,0,19000,50000,-31000,-31000
064734,大立光元富9C購05,0,0,0,0,0,0,0,0,0,-31000,0,0,0,10000,41000,-31000,-31000
065200,健策元富9C購04  ,0,0,0,0,0,0,0,0,0,-31000,0,0,0,3000,34000,-31000,-31000
08766P,臺股指中信03售03,0,0,0,0,0,0,0,0,0,-31000,0,0,0,20000,51000,-31000,-31000
08972P,義隆永豐01售02  ,0,0,0,0,0,0,0,0,0,-31000,0,0,0,154000,185000,-31000,-31000
08298P,大立光國票9C售01,0,0,0,0,0,0,0,0,0,-31000,0,0,0,52000,83000,-31000,-31000
08553P,嘉澤群益9C售01  ,0,0,0,0,0,0,0,0,0,-31000,0,0,0,0,31000,-31000,-31000
3094,聯傑            ,18000,49000,-31000,0,0,0,0,0,0,0,0,0,0,0,0,0,-31000
2939,凱羿-KY         ,32000,63000,-31000,0,0,0,0,0,0,0,0,0,0,0,0,0,-31000
1906,寶隆            ,29000,57000,-28000,0,0,0,0,0,0,-3000,0,3000,-3000,0,0,0,-31000
067594,國巨凱基01購06  ,0,0,0,0,0,0,0,0,0,-32000,0,0,0,34000,66000,-32000,-32000
067731,SP黃豆元大01購01,0,0,0,0,0,0,0,0,0,-32000,0,0,0,0,32000,-32000,-32000
067455,T50反1國泰03購01,0,0,0,0,0,0,0,0,0,-32000,0,0,0,30000,62000,-32000,-32000
08110P,臺股指中信01售05,0,0,0,0,0,0,0,0,0,-32000,0,0,0,258000,290000,-32000,-32000
068470,台積電群益01購20,0,0,0,0,0,0,0,0,0,-32000,0,0,0,5000,37000,-32000,-32000
03162P,泰碩元大01售02  ,0,0,0,0,0,0,0,0,0,-32000,0,0,0,0,32000,-32000,-32000
063310,和大群益9B購02  ,0,0,0,0,0,0,0,0,0,-32000,0,0,0,37000,69000,-32000,-32000
063402,GIS群益9B購02   ,0,0,0,0,0,0,0,0,0,-32000,0,0,0,38000,70000,-32000,-32000
064235,美律統一9C購02  ,0,0,0,0,0,0,0,0,0,-32000,0,0,0,31000,63000,-32000,-32000
061048,國巨中信9A購05  ,0,0,0,0,0,0,0,0,0,-32000,0,0,0,17000,49000,-32000,-32000
061014,台積電麥證9A購04,0,0,0,0,32000,-32000,0,0,0,-32000,0,0,0,0,32000,-32000,-32000
064902,健策群益01購03  ,0,0,0,0,0,0,0,0,0,-32000,0,0,0,0,32000,-32000,-32000
064016,南六國票01購01  ,0,0,0,0,0,0,0,0,0,-32000,0,0,0,64000,96000,-32000,-32000
065786,神基永豐9C購01  ,0,0,0,0,0,0,0,0,0,-32000,0,0,0,0,32000,-32000,-32000
065705,嘉晶群益9C購05  ,0,0,0,0,0,0,0,0,0,-32000,0,0,0,22000,54000,-32000,-32000
066772,友達富邦03購01  ,0,0,0,0,0,0,0,0,0,-32000,0,0,0,18000,50000,-32000,-32000
066717,上証2X元大01購01,0,0,0,0,0,0,0,0,0,-32000,0,0,0,10000,42000,-32000,-32000
066563,日月光元大01購01,0,0,0,0,0,0,0,0,0,-32000,0,0,0,38000,70000,-32000,-32000
1612,宏泰            ,48000,80000,-32000,0,0,0,0,0,0,0,0,0,0,0,0,0,-32000
3149,正達            ,7000,39000,-32000,0,0,0,0,0,0,0,0,0,0,0,0,0,-32000
2524,京城            ,11000,43000,-32000,0,0,0,0,0,0,0,0,0,0,0,0,0,-32000
2527,宏璟            ,14000,48000,-34000,0,0,0,0,0,0,2000,4000,2000,2000,0,0,0,-32000
2528,皇普            ,3000,35000,-32000,0,0,0,0,0,0,0,0,0,0,0,0,0,-32000
5471,松翰            ,733000,598000,135000,0,0,0,0,180000,-180000,13000,9000,3000,6000,37000,30000,7000,-32000
068455,聯發科國票03購02,0,0,0,0,0,0,0,0,0,-33000,0,0,0,461000,494000,-33000,-33000
068307,美律國票03購01  ,0,0,0,0,0,0,0,0,0,-33000,0,0,0,17000,50000,-33000,-33000
068714,臺指反元大05購01,0,0,0,0,0,0,0,0,0,-33000,0,0,0,33000,66000,-33000,-33000
067120,矽創群益01購01  ,0,0,0,0,0,0,0,0,0,-33000,0,0,0,53000,86000,-33000,-33000
067793,鈺齊群益01購02  ,0,0,0,0,0,0,0,0,0,-33000,0,0,0,77000,110000,-33000,-33000
067935,大立光凱基01購09,0,0,0,0,0,0,0,0,0,-33000,0,0,0,0,33000,-33000,-33000
068068,瑞昱凱基01購03  ,0,0,0,0,0,0,0,0,0,-33000,0,0,0,448000,481000,-33000,-33000
056404,嘉聯益群益9A購01,0,0,0,0,0,0,0,0,0,-33000,0,0,0,121000,154000,-33000,-33000
057078,國巨統一9A購02  ,0,0,0,0,0,0,0,0,0,-33000,0,0,0,0,33000,-33000,-33000
059626,台積電凱基01購01,0,0,0,0,0,0,0,0,0,-33000,0,0,0,10000,43000,-33000,-33000
064289,台郡元大9C購01  ,0,0,0,0,0,0,0,0,0,-33000,0,0,0,3000,36000,-33000,-33000
062497,遠東新群益9B購01,0,0,0,0,0,0,0,0,0,-33000,0,0,0,21000,54000,-33000,-33000
063634,台光電元大9B購09,0,0,0,0,0,0,0,0,0,-33000,0,0,0,104000,137000,-33000,-33000
062724,可成凱基9B購04  ,0,0,0,0,0,0,0,0,0,-33000,0,0,0,5000,38000,-33000,-33000
062597,世紀鋼統一01購01,0,0,0,0,0,0,0,0,0,-33000,0,0,0,71000,104000,-33000,-33000
062832,嘉澤群益9B購02  ,0,0,0,0,0,0,0,0,0,-33000,0,0,0,72000,105000,-33000,-33000
066293,惠特元大02購01  ,0,0,0,0,0,0,0,0,0,-33000,0,0,0,36000,69000,-33000,-33000
066101,微星國票02購01  ,0,0,0,0,0,0,0,0,0,-33000,0,0,0,20000,53000,-33000,-33000
064049,信邦統一01購01  ,0,0,0,0,0,0,0,0,0,-33000,0,0,0,20000,53000,-33000,-33000
6533,晶心科          ,91000,124000,-33000,0,0,0,0,0,0,0,0,0,0,0,0,0,-33000
6541,泰福-KY         ,10000,43000,-33000,0,0,0,0,0,0,0,0,0,0,0,0,0,-33000
2608,嘉里大榮        ,32000,68000,-36000,0,0,0,0,0,0,3000,13000,10000,3000,0,0,0,-33000
3010,華立            ,83000,101000,-18000,0,0,0,0,0,0,-15000,0,15000,-15000,0,0,0,-33000
2062,橋椿            ,47000,80000,-33000,0,0,0,0,0,0,0,0,0,0,0,0,0,-33000
2351,順德            ,61000,74000,-13000,0,0,0,0,0,0,-20000,0,0,0,0,20000,-20000,-33000
08964P,美律台新01售01  ,0,0,0,0,0,0,0,0,0,-33000,0,0,0,24000,57000,-33000,-33000
08739P,台郡凱基01售03  ,0,0,0,0,0,0,0,0,0,-33000,0,0,0,68000,101000,-33000,-33000
6669,緯穎            ,300152,208000,92152,0,0,0,0,88000,-88000,-38000,4000,29000,-25000,5000,18000,-13000,-33848
068150,英業達元大01購02,0,0,0,0,0,0,0,0,0,-34000,0,0,0,0,34000,-34000,-34000
067888,奇力新群益01購02,0,0,0,0,0,0,0,0,0,-34000,0,0,0,30000,64000,-34000,-34000
067596,國巨凱基02購05  ,0,0,0,0,0,0,0,0,0,-34000,0,0,0,43000,77000,-34000,-34000
067537,大立光群益02購04,0,0,0,0,0,0,0,0,0,-34000,0,0,0,1000,35000,-34000,-34000
067018,FB上証中信02購01,0,0,0,0,0,0,0,0,0,-34000,0,0,0,0,34000,-34000,-34000
066939,TPK國票02購02   ,0,0,0,0,0,0,0,0,0,-34000,0,0,0,14000,48000,-34000,-34000
067228,華新群益01購01  ,0,0,0,0,0,0,0,0,0,-34000,0,0,0,75000,109000,-34000,-34000
068506,GIS元大01購07   ,0,0,0,0,0,0,0,0,0,-34000,0,0,0,366000,400000,-34000,-34000
068610,牧德凱基01購05  ,0,0,0,0,0,0,0,0,0,-34000,0,0,0,3000,37000,-34000,-34000
068866,申豐元富05購01  ,0,0,0,0,0,0,0,0,0,-34000,0,0,0,820000,854000,-34000,-34000
060259,潤泰全凱基9C購01,0,0,0,0,0,0,0,0,0,-34000,0,0,0,66000,100000,-34000,-34000
061361,世紀鋼兆豐9A購01,0,0,0,0,0,0,0,0,0,-34000,0,0,0,17000,51000,-34000,-34000
057813,京元電元大98購03,0,0,0,0,0,0,0,0,0,-34000,0,0,0,0,34000,-34000,-34000
058743,可成康和99購01  ,0,0,0,0,0,0,0,0,0,-34000,0,0,0,0,34000,-34000,-34000
03174P,台積電國票01售12,0,0,0,0,0,0,0,0,0,-34000,0,0,0,46000,80000,-34000,-34000
063553,同欣電國票9B購03,0,0,0,0,0,0,0,0,0,-34000,0,0,0,0,34000,-34000,-34000
064691,友達群益9C購04  ,0,0,0,0,0,0,0,0,0,-34000,0,0,0,10000,44000,-34000,-34000
065286,瑞昱群益9C購03  ,0,0,0,0,0,0,0,0,0,-34000,0,0,0,0,34000,-34000,-34000
065744,華新元大9C購01  ,0,0,0,0,0,0,0,0,0,-34000,0,0,0,235000,269000,-34000,-34000
06633P,國巨國票99售01  ,0,0,0,0,0,0,0,0,0,-34000,0,0,0,0,34000,-34000,-34000
066584,滬深2X群益03購01,0,0,0,0,0,0,0,0,0,-34000,0,0,0,2000,36000,-34000,-34000
6277,宏正            ,2000,32000,-30000,0,0,0,0,0,0,-4000,1000,5000,-4000,0,0,0,-34000
9905,大華            ,0,34000,-34000,0,0,0,0,0,0,0,0,0,0,0,0,0,-34000
08865P,欣興元大01售02  ,0,0,0,0,0,0,0,0,0,-34000,0,0,0,93000,127000,-34000,-34000
08341P,國泰金台新9C售01,0,0,0,0,0,0,0,0,0,-34000,0,0,0,107000,141000,-34000,-34000
1723,中碳            ,83000,117000,-34000,0,0,0,0,0,0,0,0,0,0,0,0,0,-34000
3530,晶相光          ,255000,257000,-2000,0,0,0,0,0,0,-32000,0,0,0,0,32000,-32000,-34000
069037,大立光統一02購10,0,0,0,0,0,0,0,0,0,-35000,0,0,0,0,35000,-35000,-35000
07954P,台表科元大9B售02,0,0,0,0,0,0,0,0,0,-35000,0,0,0,0,35000,-35000,-35000
07844P,可成國票9A售01  ,0,0,0,0,0,0,0,0,0,-35000,0,0,0,30000,65000,-35000,-35000
068606,聯發科凱基01購26,0,0,0,0,0,0,0,0,0,-35000,0,0,0,80000,115000,-35000,-35000
068297,臺指反國票01購03,0,0,0,0,0,0,0,0,0,-35000,0,0,0,0,35000,-35000,-35000
068285,道瓊反群益01購05,0,0,0,0,0,0,0,0,0,-35000,0,0,0,0,35000,-35000,-35000
067309,欣興元大01購04  ,0,0,0,0,0,0,0,0,0,-35000,0,0,0,48000,83000,-35000,-35000
067421,華邦電凱基01購02,0,0,0,0,0,0,0,0,0,-35000,0,0,0,50000,85000,-35000,-35000
067005,盟立永豐01購04  ,0,0,0,0,0,0,0,0,0,-35000,0,0,0,365000,400000,-35000,-35000
067539,緯創群益01購01  ,0,0,0,0,0,0,0,0,0,-35000,0,0,0,23000,58000,-35000,-35000
067799,玉晶光康和01購01,0,0,0,0,0,0,0,0,0,-35000,0,0,0,69000,104000,-35000,-35000
067744,神達元大01購02  ,0,0,0,0,0,0,0,0,0,-35000,0,0,0,0,35000,-35000,-35000
068000,聯詠元大01購09  ,0,0,0,0,0,0,0,0,0,-35000,0,0,0,66000,101000,-35000,-35000
03190P,日月光元大01售05,0,0,0,0,0,0,0,0,0,-35000,0,0,0,23000,58000,-35000,-35000
02001R,富邦蘋果反一N   ,0,0,0,0,0,0,0,0,0,-35000,0,0,0,0,35000,-35000,-35000
03004P,華擎群益02售02  ,0,0,0,0,0,0,0,0,0,-35000,0,0,0,55000,90000,-35000,-35000
060286,佳世達元大9C購01,0,0,0,0,0,0,0,0,0,-35000,0,0,0,31000,66000,-35000,-35000
060187,華新科元富9A購02,0,0,0,0,0,0,0,0,0,-35000,0,0,0,305000,340000,-35000,-35000
058972,新日興永豐9A購01,0,0,0,0,0,0,0,0,0,-35000,0,0,0,3000,38000,-35000,-35000
058586,鴻海中信01購02  ,0,0,0,0,0,0,0,0,0,-35000,0,0,0,99000,134000,-35000,-35000
058315,TPK富邦9C購01   ,0,0,0,0,0,0,0,0,0,-35000,0,0,0,1000,36000,-35000,-35000
062577,泰鼎群益9B購01  ,0,0,0,0,0,0,0,0,0,-35000,0,0,0,0,35000,-35000,-35000
062993,華新科群益9B購05,0,0,0,0,0,0,0,0,0,-35000,0,0,0,21000,56000,-35000,-35000
063001,巨大國票9B購01  ,0,0,0,0,0,0,0,0,0,-35000,0,0,0,1000,36000,-35000,-35000
062640,訊連國票9C購01  ,0,0,0,0,0,0,0,0,0,-35000,0,0,0,0,35000,-35000,-35000
061043,百和永豐9A購01  ,0,0,0,0,0,0,0,0,0,-35000,0,0,0,0,35000,-35000,-35000
061131,崇越永豐9A購01  ,0,0,0,0,0,0,0,0,0,-35000,0,0,0,331000,366000,-35000,-35000
06685P,鴻海國泰9A售01  ,0,0,0,0,0,0,0,0,0,-35000,0,0,0,120000,155000,-35000,-35000
065180,台表科元大9C購10,0,0,0,0,0,0,0,0,0,-35000,0,0,0,24000,59000,-35000,-35000
065223,旺宏中信01購01  ,0,0,0,0,0,0,0,0,0,-35000,0,0,0,0,35000,-35000,-35000
064740,台光電國票01購01,0,0,0,0,0,0,0,0,0,-35000,0,0,0,8000,43000,-35000,-35000
064187,亞光永豐9C購01  ,0,0,0,0,0,0,0,0,0,-35000,0,0,0,24000,59000,-35000,-35000
064207,國巨凱基03購02  ,0,0,0,0,0,0,0,0,0,-35000,0,0,0,0,35000,-35000,-35000
064772,FBVIX群益9C購04 ,0,0,0,0,0,0,0,0,0,-35000,0,0,0,0,35000,-35000,-35000
3346,麗清            ,43000,78000,-35000,0,0,0,0,0,0,0,0,0,0,0,0,0,-35000
3312,弘憶股          ,61000,91000,-30000,0,0,0,0,0,0,-5000,0,5000,-5000,0,0,0,-35000
1806,冠軍            ,3000,38000,-35000,0,0,0,0,0,0,0,0,0,0,0,0,0,-35000
2020,美亞            ,22000,52000,-30000,0,0,0,0,0,0,-5000,0,5000,-5000,0,0,0,-35000
08439P,智邦國票01售02  ,0,0,0,0,0,0,0,0,0,-35000,0,0,0,0,35000,-35000,-35000
9946,三發地產        ,0,35000,-35000,0,0,0,0,0,0,0,0,0,0,0,0,0,-35000
3588,通嘉            ,151000,186000,-35000,0,0,0,0,0,0,0,0,0,0,0,0,0,-35000
067970,玉晶光群益02購20,0,0,0,0,0,0,0,0,0,-36000,0,0,0,12000,48000,-36000,-36000
06797P,臺股指凱基98售07,0,0,0,0,0,0,0,0,0,-36000,0,0,0,24000,60000,-36000,-36000
067821,力成凱基01購02  ,0,0,0,0,0,0,0,0,0,-36000,0,0,0,10000,46000,-36000,-36000
068784,聯發科康和02購02,0,0,0,0,0,0,0,0,0,-36000,0,0,0,12000,48000,-36000,-36000
069047,台積電元富08購13,0,0,0,0,0,0,0,0,0,-36000,0,0,0,0,36000,-36000,-36000
03020P,大立光群益01售11,0,0,0,0,0,0,0,0,0,-36000,0,0,0,0,36000,-36000,-36000
055331,國巨兆豐99購01  ,0,0,0,0,0,0,0,0,0,-36000,0,0,0,802000,838000,-36000,-36000
054532,強茂國泰98購01  ,0,0,0,0,0,0,0,0,0,-36000,0,0,0,36000,72000,-36000,-36000
061055,康控群益9A購01  ,0,0,0,0,0,0,0,0,0,-36000,0,0,0,10000,46000,-36000,-36000
064625,健策元大01購02  ,0,0,0,0,0,0,0,0,0,-36000,0,0,0,80000,116000,-36000,-36000
062305,遠東新凱基9B購01,0,0,0,0,0,0,0,0,0,-36000,0,0,0,2000,38000,-36000,-36000
066599,鴻海國泰03購02  ,0,0,0,0,0,0,0,0,0,-36000,0,0,0,20000,56000,-36000,-36000
06637P,大立光凱基98售15,0,0,0,0,0,0,0,0,0,-36000,0,0,0,50000,86000,-36000,-36000
08911P,力成凱基01售01  ,0,0,0,0,0,0,0,0,0,-36000,0,0,0,0,36000,-36000,-36000
08680P,聯發科元大01售10,0,0,0,0,0,0,0,0,0,-36000,0,0,0,10000,46000,-36000,-36000
08806P,技嘉元富07售02  ,0,0,0,0,0,0,0,0,0,-36000,0,0,0,0,36000,-36000,-36000
069053,欣興元富02購03  ,0,0,0,0,0,0,0,0,0,-37000,0,0,0,0,37000,-37000,-37000
07057P,大立光康和9B售02,0,0,0,0,0,0,0,0,0,-37000,0,0,0,5000,42000,-37000,-37000
068861,聯發科元富08購02,0,0,0,0,0,0,0,0,0,-37000,0,0,0,80000,117000,-37000,-37000
067899,玉晶光群益02購13,0,0,0,0,0,0,0,0,0,-37000,0,0,0,61000,98000,-37000,-37000
03079P,台灣50元大01售31,0,0,0,0,0,0,0,0,0,-37000,0,0,0,201000,238000,-37000,-37000
057948,嘉聯益國票99購02,0,0,0,0,0,0,0,0,0,-37000,0,0,0,0,37000,-37000,-37000
062129,世紀鋼統一02購01,0,0,0,0,0,0,0,0,0,-37000,0,0,0,0,37000,-37000,-37000
063385,可成中信9C購01  ,0,0,0,0,0,0,0,0,0,-37000,0,0,0,0,37000,-37000,-37000
064336,可成元大9C購06  ,0,0,0,0,0,0,0,0,0,-37000,0,0,0,22000,59000,-37000,-37000
060457,中橡元大9A購02  ,0,0,0,0,0,0,0,0,0,-37000,0,0,0,13000,50000,-37000,-37000
066318,友訊永豐01購01  ,0,0,0,0,0,0,0,0,0,-37000,0,0,0,0,37000,-37000,-37000
065710,嘉聯益群益9C購02,0,0,0,0,0,0,0,0,0,-37000,0,0,0,3000,40000,-37000,-37000
065939,創意群益01購01  ,0,0,0,0,0,0,0,0,0,-37000,0,0,0,30000,67000,-37000,-37000
063820,華邦電麥證01購01,0,0,0,0,37000,-37000,0,0,0,-37000,0,0,0,0,37000,-37000,-37000
065312,日月光國票01購01,0,0,0,0,0,0,0,0,0,-37000,0,0,0,168000,205000,-37000,-37000
08740P,創意康和01售03  ,0,0,0,0,0,0,0,0,0,-37000,0,0,0,43000,80000,-37000,-37000
08213P,台光電統一9B售03,0,0,0,0,0,0,0,0,0,-37000,0,0,0,0,37000,-37000,-37000
2399,映泰            ,95000,131000,-36000,0,0,0,0,0,0,-1000,0,1000,-1000,0,0,0,-37000
1316,上曜            ,19000,56000,-37000,0,0,0,0,0,0,0,0,0,0,0,0,0,-37000
2923,鼎固-KY         ,3000,40000,-37000,0,0,0,0,0,0,0,0,0,0,0,0,0,-37000
2530,華建            ,7000,44000,-37000,0,0,0,0,0,0,0,0,0,0,0,0,0,-37000
8429,金麗-KY         ,10000,47000,-37000,0,0,0,0,0,0,0,0,0,0,0,0,0,-37000
9917,中保科          ,68000,111000,-43000,0,0,0,0,0,0,6000,6000,0,6000,0,0,0,-37000
067877,T50反1群益01購07,0,0,0,0,0,0,0,0,0,-38000,0,0,0,44000,82000,-38000,-38000
067627,中興電永豐01購01,0,0,0,0,0,0,0,0,0,-38000,0,0,0,5000,43000,-38000,-38000
068816,美律元大02購02  ,0,0,0,0,0,0,0,0,0,-38000,0,0,0,66000,104000,-38000,-38000
08004P,大毅永豐9B售02  ,0,0,0,0,0,0,0,0,0,-38000,0,0,0,0,38000,-38000,-38000
08006P,長榮航中信03售01,0,0,0,0,0,0,0,0,0,-38000,0,0,0,102000,140000,-38000,-38000
068282,信邦中信03購01  ,0,0,0,0,0,0,0,0,0,-38000,0,0,0,20000,58000,-38000,-38000
068411,世紀鋼元富07購01,0,0,0,0,0,0,0,0,0,-38000,0,0,0,21000,59000,-38000,-38000
059067,上銀國票9A購02  ,0,0,0,0,0,0,0,0,0,-38000,0,0,0,30000,68000,-38000,-38000
03014P,玉晶光永豐01售05,0,0,0,0,0,0,0,0,0,-38000,0,0,0,0,38000,-38000,-38000
062500,國巨群益01購01  ,0,0,0,0,0,0,0,0,0,-38000,0,0,0,38000,76000,-38000,-38000
062106,華邦電國票9B購02,0,0,0,0,0,0,0,0,0,-38000,0,0,0,100000,138000,-38000,-38000
065598,微星元大01購02  ,0,0,0,0,0,0,0,0,0,-38000,0,0,0,30000,68000,-38000,-38000
065547,同欣電兆豐01購01,0,0,0,0,0,0,0,0,0,-38000,0,0,0,0,38000,-38000,-38000
8341,日友            ,6000,48000,-42000,0,0,0,0,2000,-2000,6000,6000,0,6000,0,0,0,-38000
6672,騰輝電子-KY     ,56000,91000,-35000,0,0,0,0,0,0,-3000,0,3000,-3000,0,0,0,-38000
6412,群電            ,191000,154000,37000,0,0,0,0,100000,-100000,25000,0,0,0,25000,0,25000,-38000
6108,競國            ,50000,86000,-36000,0,0,0,0,0,0,-2000,0,2000,-2000,0,0,0,-38000
068532,台郡元富07購02  ,0,0,0,0,0,0,0,0,0,-39000,0,0,0,24000,63000,-39000,-39000
068511,國巨統一07購01  ,0,0,0,0,0,0,0,0,0,-39000,0,0,0,0,39000,-39000,-39000
08123P,台表科國票9C售01,0,0,0,0,0,0,0,0,0,-39000,0,0,0,132000,171000,-39000,-39000
06952P,大立光統一9A售03,0,0,0,0,0,0,0,0,0,-39000,0,0,0,0,39000,-39000,-39000
067114,京鼎群益02購04  ,0,0,0,0,0,0,0,0,0,-39000,0,0,0,27000,66000,-39000,-39000
03034P,欣興國票03售01  ,0,0,0,0,0,0,0,0,0,-39000,0,0,0,504000,543000,-39000,-39000
059987,大立光元大99購28,0,0,0,0,0,0,0,0,0,-39000,0,0,0,60000,99000,-39000,-39000
061376,瑞昱永豐9A購02  ,0,0,0,0,0,0,0,0,0,-39000,0,0,0,57000,96000,-39000,-39000
063754,道瓊指統一9B購01,0,0,0,0,0,0,0,0,0,-39000,0,0,0,6000,45000,-39000,-39000
062124,大立光統一9B購09,0,0,0,0,0,0,0,0,0,-39000,0,0,0,45000,84000,-39000,-39000
062575,景碩群益9B購01  ,0,0,0,0,0,0,0,0,0,-39000,0,0,0,1000,40000,-39000,-39000
062972,京元電元富9B購01,0,0,0,0,0,0,0,0,0,-39000,0,0,0,286000,325000,-39000,-39000
061610,力成統一9C購01  ,0,0,0,0,0,0,0,0,0,-39000,0,0,0,16000,55000,-39000,-39000
063196,力成元富9B購01  ,0,0,0,0,0,0,0,0,0,-39000,0,0,0,8000,47000,-39000,-39000
064335,可成元大9C購05  ,0,0,0,0,0,0,0,0,0,-39000,0,0,0,0,39000,-39000,-39000
064208,智邦凱基02購01  ,0,0,0,0,0,0,0,0,0,-39000,0,0,0,46000,85000,-39000,-39000
065743,宏達電麥證9C購02,0,0,0,36000,94000,-58000,0,0,0,-39000,0,0,0,57000,96000,-39000,-39000
066326,敦陽科永豐01購01,0,0,0,0,0,0,0,0,0,-39000,0,0,0,63000,102000,-39000,-39000
066332,慧洋永豐01購01  ,0,0,0,0,0,0,0,0,0,-39000,0,0,0,90000,129000,-39000,-39000
2849,安泰銀          ,2000,45000,-43000,0,0,0,0,1000,-1000,5000,5000,0,5000,0,0,0,-39000
1423,利華            ,23000,62000,-39000,0,0,0,0,0,0,0,0,0,0,0,0,0,-39000
08621P,景碩群益9C售01  ,0,0,0,0,0,0,0,0,0,-39000,0,0,0,13000,52000,-39000,-39000
08682P,鴻海凱基01售06  ,0,0,0,0,0,0,0,0,0,-39000,0,0,0,7000,46000,-39000,-39000
067041,國巨凱基04購02  ,0,0,0,0,0,0,0,0,0,-40000,0,0,0,95000,135000,-40000,-40000
067283,南亞科國票02購01,0,0,0,0,0,0,0,0,0,-40000,0,0,0,110000,150000,-40000,-40000
067646,元金2X元富01購01,0,10000,-10000,0,0,0,0,0,0,-30000,0,0,0,10000,40000,-30000,-40000
067773,台郡統一02購04  ,0,0,0,0,0,0,0,0,0,-40000,0,0,0,0,40000,-40000,-40000
067743,緯創元大01購02  ,0,0,0,0,0,0,0,0,0,-40000,0,0,0,74000,114000,-40000,-40000
067847,大立光元富01購02,0,0,0,0,0,0,0,0,0,-40000,0,0,0,0,40000,-40000,-40000
07318P,鴻海凱基01售02  ,0,0,0,0,0,0,0,0,0,-40000,0,0,0,0,40000,-40000,-40000
07416P,台積電元大99售53,0,0,0,0,0,0,0,0,0,-40000,0,0,0,0,40000,-40000,-40000
068935,晶技永豐02購01  ,0,0,0,0,0,0,0,0,0,-40000,0,0,0,1000,41000,-40000,-40000
08127P,聯發科元大9B售21,0,0,0,0,0,0,0,0,0,-40000,0,0,0,100000,140000,-40000,-40000
08002P,大毅國票9B售03  ,0,0,0,0,0,0,0,0,0,-40000,0,0,0,0,40000,-40000,-40000
07880P,可成群益9B售05  ,0,0,0,0,0,0,0,0,0,-40000,0,0,0,0,40000,-40000,-40000
07691P,宏達電元大9A售05,0,0,0,0,0,0,0,0,0,-40000,0,0,0,60000,100000,-40000,-40000
068658,義隆元大02購01  ,0,0,0,0,0,0,0,0,0,-40000,0,0,0,104000,144000,-40000,-40000
068434,美律凱基01購03  ,0,0,0,0,0,0,0,0,0,-40000,0,0,0,0,40000,-40000,-40000
068364,鴻海國泰07購01  ,0,0,0,0,0,0,0,0,0,-40000,0,0,0,0,40000,-40000,-40000
061970,大立光統一9C購03,0,0,0,0,0,0,0,0,0,-40000,0,0,0,0,40000,-40000,-40000
060036,上証2X國票99購03,0,0,0,0,0,0,0,0,0,-40000,0,0,0,0,40000,-40000,-40000
058259,訊連國泰9B購01  ,0,0,0,0,0,0,0,0,0,-40000,0,0,0,0,40000,-40000,-40000
058600,國巨元大99購15  ,0,0,0,0,0,0,0,0,0,-40000,0,0,0,10000,50000,-40000,-40000
059164,旺宏凱基99購06  ,0,0,0,0,0,0,0,0,0,-40000,0,0,0,0,40000,-40000,-40000
059571,奇力新凱基99購06,0,0,0,0,0,0,0,0,0,-40000,0,0,0,20000,60000,-40000,-40000
03207P,臺股指凱基03售09,0,0,0,0,0,0,0,0,0,-40000,0,0,0,0,40000,-40000,-40000
03149P,鴻海群益01售12  ,0,0,0,0,0,0,0,0,0,-40000,0,0,0,0,40000,-40000,-40000
046949,群創元大99購01  ,0,0,0,0,0,0,0,0,0,-40000,0,0,0,78000,118000,-40000,-40000
053389,彩晶元大98購01  ,0,0,0,0,0,0,0,0,0,-40000,0,0,0,0,40000,-40000,-40000
055002,群創元富99購04  ,0,0,0,0,0,0,0,0,0,-40000,0,0,0,0,40000,-40000,-40000
055314,華邦電中信99購01,0,0,0,0,0,0,0,0,0,-40000,0,0,0,0,40000,-40000,-40000
057004,滬深反中信9A購01,0,0,0,0,0,0,0,0,0,-40000,0,0,0,0,40000,-40000,-40000
03454B,臺股指元大04熊06,0,0,0,0,0,0,0,0,0,-40000,0,0,0,24000,64000,-40000,-40000
03458B,臺股指元大04熊07,0,0,0,0,0,0,0,0,0,-40000,0,0,0,2000,42000,-40000,-40000
056520,鴻海日盛99購01  ,0,0,0,0,0,0,0,0,0,-40000,0,0,0,0,40000,-40000,-40000
056669,貿聯國票99購01  ,0,0,0,0,0,0,0,0,0,-40000,0,0,0,0,40000,-40000,-40000
064389,台泥永豐9C購01  ,0,0,0,0,0,0,0,0,0,-40000,0,0,0,82000,122000,-40000,-40000
064469,臻鼎元富9C購01  ,0,0,0,0,0,0,0,0,0,-40000,0,0,0,451000,491000,-40000,-40000
061919,國巨凱基9B購06  ,0,0,0,0,0,0,0,0,0,-40000,0,0,0,0,40000,-40000,-40000
061724,訊芯永豐9A購01  ,0,0,0,0,0,0,0,0,0,-40000,0,0,0,35000,75000,-40000,-40000
061475,漢唐元大9A購01  ,0,0,0,0,0,0,0,0,0,-40000,0,0,0,10000,50000,-40000,-40000
062372,旭富元大9B購01  ,0,0,0,0,0,0,0,0,0,-40000,0,0,0,10000,50000,-40000,-40000
062545,嘉晶永豐9B購01  ,0,0,0,0,0,0,0,0,0,-40000,0,0,0,7000,47000,-40000,-40000
062292,旭富永豐9B購01  ,0,0,0,0,0,0,0,0,0,-40000,0,0,0,0,40000,-40000,-40000
066468,申豐統一02購01  ,0,0,0,0,0,0,0,0,0,-40000,0,0,0,74000,114000,-40000,-40000
066704,創意群益01購02  ,0,0,0,0,0,0,0,0,0,-40000,0,0,0,25000,65000,-40000,-40000
066860,健策國票02購02  ,0,0,0,0,0,0,0,0,0,-40000,0,0,0,8000,48000,-40000,-40000
065873,信邦群益02購01  ,0,0,0,0,0,0,0,0,0,-40000,0,0,0,10000,50000,-40000,-40000
064770,開發金中信01購01,0,0,0,0,0,0,0,0,0,-40000,0,0,0,0,40000,-40000,-40000
064886,燿華中信01購01  ,0,0,0,0,0,0,0,0,0,-40000,0,0,0,0,40000,-40000,-40000
064535,國產國票01購01  ,0,0,0,0,0,0,0,0,0,-40000,0,0,0,10000,50000,-40000,-40000
065002,致茂國票01購01  ,0,0,0,0,0,0,0,0,0,-40000,0,0,0,27000,67000,-40000,-40000
06504P,麗豐國票99售02  ,0,0,0,0,0,0,0,0,0,-40000,0,0,0,0,40000,-40000,-40000
08706P,台積電統一02售04,0,0,0,0,0,0,0,0,0,-40000,0,0,0,0,40000,-40000,-40000
08585P,台表科群益9C售04,0,0,0,0,0,0,0,0,0,-40000,0,0,0,0,40000,-40000,-40000
08330P,聯發科統一9C售13,0,0,0,0,0,0,0,0,0,-40000,0,0,0,0,40000,-40000,-40000
067856,寶成國票02購01  ,0,0,0,0,0,0,0,0,0,-41000,0,0,0,20000,61000,-41000,-41000
067892,玉晶光群益02購06,0,0,0,0,0,0,0,0,0,-41000,0,0,0,51000,92000,-41000,-41000
067824,鈺齊凱基01購02  ,0,0,0,0,0,0,0,0,0,-41000,0,0,0,31000,72000,-41000,-41000
067324,巨大元大01購04  ,0,0,0,0,0,0,0,0,0,-41000,0,0,0,71000,112000,-41000,-41000
057249,華邦電統一9A購01,0,0,0,0,0,0,0,0,0,-41000,0,0,0,1000,42000,-41000,-41000
03163P,玉晶光元大01售15,0,0,0,0,0,0,0,0,0,-41000,0,0,0,0,41000,-41000,-41000
03239P,臺股指元大02售04,0,0,0,0,0,0,0,0,0,-41000,0,0,0,1000,42000,-41000,-41000
03225P,國巨凱基02售08  ,0,0,0,0,0,0,0,0,0,-41000,0,0,0,0,41000,-41000,-41000
059097,世紀鋼元大99購05,0,0,0,0,0,0,0,0,0,-41000,0,0,0,6000,47000,-41000,-41000
062141,遠東新國票9B購01,0,0,0,0,0,0,0,0,0,-41000,0,0,0,0,41000,-41000,-41000
064255,泰碩國泰02購01  ,0,0,0,0,0,0,0,0,0,-41000,0,0,0,78000,119000,-41000,-41000
064286,TPK元大9C購02   ,0,0,0,0,0,0,0,0,0,-41000,0,0,0,3000,44000,-41000,-41000
065142,華邦電凱基01購01,0,0,0,0,0,0,0,0,0,-41000,0,0,0,105000,146000,-41000,-41000
065456,義隆元富9C購03  ,0,0,0,0,0,0,0,0,0,-41000,0,0,0,23000,64000,-41000,-41000
065317,上銀凱基9C購03  ,0,0,0,0,0,0,0,0,0,-41000,0,0,0,30000,71000,-41000,-41000
064060,同欣電麥證01購01,0,0,0,0,41000,-41000,0,0,0,-41000,0,0,0,0,41000,-41000,-41000
066094,元黃金中信03購01,0,0,0,0,0,0,0,0,0,-41000,0,0,0,28000,69000,-41000,-41000
066179,智伸科凱基01購01,0,0,0,0,0,0,0,0,0,-41000,0,0,0,2000,43000,-41000,-41000
066724,台達電元大01購01,0,0,0,0,0,0,0,0,0,-41000,0,0,0,1000,42000,-41000,-41000
066675,滬深2X兆豐03購01,0,0,0,0,0,0,0,0,0,-41000,0,0,0,0,41000,-41000,-41000
066529,巨大統一03購01  ,0,0,0,0,0,0,0,0,0,-41000,0,0,0,176000,217000,-41000,-41000
1463,強盛            ,4000,46000,-42000,0,0,0,0,0,0,1000,2000,1000,1000,0,0,0,-41000
2476,鉅祥            ,0,49000,-49000,0,0,0,0,0,0,8000,20000,12000,8000,0,0,0,-41000
3607,谷崧            ,19000,60000,-41000,0,0,0,0,0,0,0,0,0,0,0,0,0,-41000
6582,申豐            ,680000,689000,-9000,0,0,0,0,0,0,-32000,0,4000,-4000,33000,61000,-28000,-41000
2908,特力            ,14000,55194,-41194,0,0,0,0,0,0,0,0,0,0,0,0,0,-41194
067205,台積電元大01購22,0,0,0,0,0,0,0,0,0,-42000,0,0,0,14000,56000,-42000,-42000
066981,聯發科群益02購07,0,0,0,0,0,0,0,0,0,-42000,0,0,0,0,42000,-42000,-42000
067648,國巨元富07購09  ,0,0,0,0,0,0,0,0,0,-42000,0,0,0,60000,102000,-42000,-42000
068557,道瓊銀元大03購02,0,0,0,0,0,0,0,0,0,-42000,0,0,0,9000,51000,-42000,-42000
068906,台灣50群益02購10,0,0,0,0,0,0,0,0,0,-42000,0,0,0,0,42000,-42000,-42000
068868,聯發科台新02購02,0,0,0,0,0,0,0,0,0,-42000,0,0,0,0,42000,-42000,-42000
059501,可成元富99購01  ,0,0,0,0,0,0,0,0,0,-42000,0,0,0,0,42000,-42000,-42000
058628,宏達電國票9A購01,0,0,0,0,0,0,0,0,0,-42000,0,0,0,3000,45000,-42000,-42000
063245,富邦金元大9B購03,0,0,0,0,0,0,0,0,0,-42000,0,0,0,66000,108000,-42000,-42000
03060P,微星凱基01售01  ,0,0,0,0,0,0,0,0,0,-42000,0,0,0,0,42000,-42000,-42000
00675L,富邦臺灣加權正2 ,147000,134000,13000,0,0,0,0,0,0,-55000,0,0,0,209000,264000,-55000,-42000
00681R,元大美債20反1   ,0,0,0,0,0,0,0,0,0,-42000,0,0,0,0,42000,-42000,-42000
03455B,臺股指凱基03熊06,0,0,0,0,0,0,0,0,0,-42000,0,0,0,11000,53000,-42000,-42000
064396,創意永豐9C購01  ,0,0,0,0,0,0,0,0,0,-42000,0,0,0,0,42000,-42000,-42000
061545,華新科群益9A購09,0,0,0,0,0,0,0,0,0,-42000,0,0,0,23000,65000,-42000,-42000
063464,廣達元大9B購02  ,0,0,0,0,0,0,0,0,0,-42000,0,0,0,120000,162000,-42000,-42000
063410,南六國票9C購01  ,0,0,0,0,0,0,0,0,0,-42000,0,0,0,40000,82000,-42000,-42000
066506,宏達電富邦03購01,0,0,0,0,0,0,0,0,0,-42000,0,0,0,0,42000,-42000,-42000
066463,鎧勝統一02購01  ,0,0,0,0,0,0,0,0,0,-42000,0,0,0,225000,267000,-42000,-42000
065856,中租元大9C購03  ,0,0,0,0,0,0,0,0,0,-42000,0,0,0,68000,110000,-42000,-42000
2468,華經            ,12000,52000,-40000,0,0,0,0,0,0,-2000,0,2000,-2000,0,0,0,-42000
08162P,台灣50台新9C售06,0,0,0,0,0,0,0,0,0,-43000,0,0,0,0,43000,-43000,-43000
067907,緯創國泰03購01  ,0,0,0,0,0,0,0,0,0,-43000,0,0,0,8000,51000,-43000,-43000
068010,台郡元大01購06  ,0,0,0,0,0,0,0,0,0,-43000,0,0,0,149000,192000,-43000,-43000
067969,玉晶光群益02購19,0,0,0,0,0,0,0,0,0,-43000,0,0,0,1000,44000,-43000,-43000
068078,緯創凱基02購01  ,0,0,0,0,0,0,0,0,0,-43000,0,0,0,9000,52000,-43000,-43000
067452,台勝科國票02購02,0,0,0,0,0,0,0,0,0,-43000,0,0,0,0,43000,-43000,-43000
057404,貿聯群益99購01  ,0,0,0,0,0,0,0,0,0,-43000,0,0,0,0,43000,-43000,-43000
059844,大立光富邦9C購04,0,0,0,0,0,0,0,0,0,-43000,0,0,0,74000,117000,-43000,-43000
03212P,健策國票03售03  ,0,0,0,0,0,0,0,0,0,-43000,0,0,0,0,43000,-43000,-43000
03049P,台積電元富07售11,0,0,0,0,0,0,0,0,0,-43000,0,0,0,208000,251000,-43000,-43000
03029P,玉晶光元大02售05,0,0,0,0,0,0,0,0,0,-43000,0,0,0,20000,63000,-43000,-43000
03421B,臺股指元大99熊01,0,0,0,0,0,0,0,0,0,-43000,0,0,0,70000,113000,-43000,-43000
03254P,台積電國泰03售09,0,0,0,0,0,0,0,0,0,-43000,0,0,0,0,43000,-43000,-43000
058222,玉晶光統一9B購01,0,0,0,0,0,0,0,0,0,-43000,0,0,0,131000,174000,-43000,-43000
062189,康控元大9B購02  ,0,0,0,0,0,0,0,0,0,-43000,0,0,0,7000,50000,-43000,-43000
062247,國巨元大9B購07  ,0,0,0,0,0,0,0,0,0,-43000,0,0,0,52000,95000,-43000,-43000
062828,聯詠群益9B購02  ,0,0,0,0,0,0,0,0,0,-43000,0,0,0,2000,45000,-43000,-43000
060540,南亞凱基9A購01  ,0,0,0,0,0,0,0,0,0,-43000,0,0,0,0,43000,-43000,-43000
060575,大立光中信9B購02,0,0,0,0,0,0,0,0,0,-43000,0,0,0,43000,86000,-43000,-43000
064307,聚陽群益9C購03  ,0,0,0,0,0,0,0,0,0,-43000,0,0,0,0,43000,-43000,-43000
061867,旺宏元大9B購02  ,0,0,0,0,0,0,0,0,0,-43000,0,0,0,30000,73000,-43000,-43000
065791,牧德永豐9C購03  ,0,0,0,0,0,0,0,0,0,-43000,0,0,0,19000,62000,-43000,-43000
066654,上証2X凱基03購02,0,0,0,0,0,0,0,0,0,-43000,0,0,0,22000,65000,-43000,-43000
063888,TPK中信01購01   ,0,0,0,0,0,0,0,0,0,-43000,0,0,0,4000,47000,-43000,-43000
065156,可成群益01購02  ,0,0,0,0,0,0,0,0,0,-43000,0,0,0,27000,70000,-43000,-43000
3257,虹冠電          ,101000,145000,-44000,0,0,0,0,0,0,1000,1000,0,1000,0,0,0,-43000
1339,昭輝            ,20000,64000,-44000,0,0,0,0,0,0,1000,1000,0,1000,0,0,0,-43000
08563P,金像電元富9C售03,0,0,0,0,0,0,0,0,0,-43000,0,0,0,66000,109000,-43000,-43000
08906P,義隆群益01售04  ,0,0,0,0,0,0,0,0,0,-43000,0,0,0,26000,69000,-43000,-43000
8105,凌巨            ,159000,202000,-43000,0,0,0,0,0,0,0,0,0,0,0,0,0,-43000
5533,皇鼎            ,6000,49000,-43000,0,0,0,0,0,0,0,0,0,0,0,0,0,-43000
067327,聯詠康和01購01  ,0,0,0,0,0,0,0,0,0,-44000,0,0,0,766000,810000,-44000,-44000
066948,聯發科元大01購16,0,0,0,0,0,0,0,0,0,-44000,0,0,0,109000,153000,-44000,-44000
07945P,上銀國票9B售02  ,0,0,0,0,0,0,0,0,0,-44000,0,0,0,0,44000,-44000,-44000
068604,聯發科凱基01購23,0,0,0,0,0,0,0,0,0,-44000,0,0,0,1000,45000,-44000,-44000
068655,台積電元大02購08,0,0,0,0,0,0,0,0,0,-44000,0,0,0,150000,194000,-44000,-44000
062696,國巨元大9B購16  ,0,0,0,0,0,0,0,0,0,-44000,0,0,0,2000,46000,-44000,-44000
065245,國泰金兆豐9C購01,0,0,0,0,0,0,0,0,0,-44000,0,0,0,117000,161000,-44000,-44000
06380P,臺股指統一98售02,0,0,0,0,0,0,0,0,0,-44000,0,0,0,0,44000,-44000,-44000
066492,台郡元富01購01  ,0,0,0,0,0,0,0,0,0,-44000,0,0,0,9000,53000,-44000,-44000
066456,全新統一02購01  ,0,0,0,0,0,0,0,0,0,-44000,0,0,0,10000,54000,-44000,-44000
6451,訊芯-KY         ,213000,247000,-34000,0,0,0,0,0,0,-10000,0,0,0,4000,14000,-10000,-44000
08624P,力成群益9C售01  ,0,0,0,0,0,0,0,0,0,-44000,0,0,0,0,44000,-44000,-44000
2428,興勤            ,32000,69000,-37000,0,0,0,0,0,0,-7000,2000,6000,-4000,0,3000,-3000,-44000
068974,國巨元大02購09  ,0,0,0,0,0,0,0,0,0,-45000,0,0,0,0,45000,-45000,-45000
066974,SP黃豆群益03購01,0,0,0,0,0,0,0,0,0,-45000,0,0,0,0,45000,-45000,-45000
067807,京元電凱基01購02,0,0,0,0,0,0,0,0,0,-45000,0,0,0,55000,100000,-45000,-45000
067797,臺股指群益01購09,0,0,0,0,0,0,0,0,0,-45000,0,0,0,1000,46000,-45000,-45000
058894,元油2X元大9C購11,0,0,0,0,0,0,0,0,0,-45000,0,0,0,0,45000,-45000,-45000
060678,聯詠元大9A購03  ,0,0,0,0,0,0,0,0,0,-45000,0,0,0,0,45000,-45000,-45000
060688,世紀鋼元大9C購01,0,0,0,0,0,0,0,0,0,-45000,0,0,0,5000,50000,-45000,-45000
00682U,元大美元指數    ,0,0,0,0,0,0,0,0,0,-45000,0,0,0,0,45000,-45000,-45000
03102P,臺股指凱基03售08,0,0,0,0,0,0,0,0,0,-45000,0,0,0,10000,55000,-45000,-45000
03092P,臺股指元大01售21,0,0,0,0,0,0,0,0,0,-45000,0,0,0,0,45000,-45000,-45000
063145,台表科統一02購01,0,0,0,0,0,0,0,0,0,-45000,0,0,0,178000,223000,-45000,-45000
063630,智邦元大9B購09  ,0,0,0,0,0,0,0,0,0,-45000,0,0,0,31000,76000,-45000,-45000
064417,創意中信9C購01  ,0,0,0,0,0,0,0,0,0,-45000,0,0,0,10000,55000,-45000,-45000
066758,智邦永豐01購01  ,0,0,0,0,0,0,0,0,0,-45000,0,0,0,0,45000,-45000,-45000
066777,群創富邦01購01  ,0,0,0,0,0,0,0,0,0,-45000,0,0,0,5000,50000,-45000,-45000
065991,牧德永豐01購01  ,0,0,0,0,0,0,0,0,0,-45000,0,0,0,26000,71000,-45000,-45000
064649,同欣電凱基01購01,0,0,0,0,0,0,0,0,0,-45000,0,0,0,57000,102000,-45000,-45000
065613,GIS元大9C購08   ,0,0,0,0,0,0,0,0,0,-45000,0,0,0,53000,98000,-45000,-45000
3419,譁裕            ,20000,65000,-45000,0,0,0,0,0,0,0,0,0,0,0,0,0,-45000
1503,士電            ,20000,64000,-44000,0,0,0,0,0,0,-1000,7000,8000,-1000,0,0,0,-45000
08603P,電子類元大9C售02,0,0,0,0,0,0,0,0,0,-45000,0,0,0,0,45000,-45000,-45000
08418P,大立光元大01售04,0,0,0,0,0,0,0,0,0,-45000,0,0,0,4000,49000,-45000,-45000
08853P,嘉晶群益02售02  ,0,0,0,0,0,0,0,0,0,-45000,0,0,0,27000,72000,-45000,-45000
08675P,旺宏群益01售03  ,0,0,0,0,0,0,0,0,0,-45000,0,0,0,0,45000,-45000,-45000
6189,豐藝            ,2000,36000,-34000,0,0,0,0,0,0,-11000,1000,12000,-11000,0,0,0,-45000
066982,嘉晶群益02購01  ,0,0,0,0,0,0,0,0,0,-46000,0,0,0,33000,79000,-46000,-46000
067166,華通麥證01購01  ,0,0,0,244000,302000,-58000,0,0,0,-46000,0,0,0,256000,302000,-46000,-46000
03003P,京鼎群益01售02  ,0,0,0,0,0,0,0,0,0,-46000,0,0,0,0,46000,-46000,-46000
03027P,玉晶光元大01售09,0,0,0,0,0,0,0,0,0,-46000,0,0,0,20000,66000,-46000,-46000
060222,貿聯凱基9A購02  ,0,0,0,0,0,0,0,0,0,-46000,0,0,0,21000,67000,-46000,-46000
060414,中興電永豐9A購01,0,0,0,0,0,0,0,0,0,-46000,0,0,0,15000,61000,-46000,-46000
060840,可成國票9B購01  ,0,0,0,0,0,0,0,0,0,-46000,0,0,0,0,46000,-46000,-46000
062261,嘉晶元大9B購02  ,0,0,0,0,0,0,0,0,0,-46000,0,0,0,5000,51000,-46000,-46000
065270,TPK元大01購01   ,0,0,0,0,0,0,0,0,0,-46000,0,0,0,101000,147000,-46000,-46000
064575,鈺齊群益9C購01  ,0,0,0,0,0,0,0,0,0,-46000,0,0,0,84000,130000,-46000,-46000
064901,牧德群益9C購01  ,0,0,0,0,0,0,0,0,0,-46000,0,0,0,14000,60000,-46000,-46000
065649,牧德元大03購01  ,0,0,0,0,0,0,0,0,0,-46000,0,0,0,55000,101000,-46000,-46000
066566,康控元大01購01  ,0,0,0,0,0,0,0,0,0,-46000,0,0,0,4000,50000,-46000,-46000
066365,富邦金中信03購01,0,0,0,0,0,0,0,0,0,-46000,0,0,0,100000,146000,-46000,-46000
9911,櫻花            ,69000,104000,-35000,0,0,0,0,0,0,-11000,0,11000,-11000,0,0,0,-46000
08932P,矽格元富01售01  ,0,0,0,0,0,0,0,0,0,-46000,0,0,0,4000,50000,-46000,-46000
08478P,臺股指凱基9C售16,0,0,0,0,0,0,0,0,0,-46000,0,0,0,150000,196000,-46000,-46000
08287P,茂林凱基9C售02  ,0,0,0,0,0,0,0,0,0,-46000,0,0,0,11000,57000,-46000,-46000
2014,中鴻            ,187000,233000,-46000,0,0,0,0,0,0,0,0,0,0,0,0,0,-46000
2913,農林            ,270000,331000,-61000,0,0,0,0,0,0,15000,18000,3000,15000,0,0,0,-46000
067503,聚陽統一03購01  ,0,0,0,0,0,0,0,0,0,-47000,0,0,0,86000,133000,-47000,-47000
068952,瑞昱凱基03購01  ,0,0,0,0,0,0,0,0,0,-47000,0,0,0,20000,67000,-47000,-47000
068319,聯電元大01購05  ,0,0,0,0,0,0,0,0,0,-47000,0,0,0,43000,90000,-47000,-47000
057637,上銀元大98購07  ,0,0,0,0,0,0,0,0,0,-47000,0,0,0,3000,50000,-47000,-47000
061355,康友元大9A購03  ,0,0,0,0,0,0,0,0,0,-47000,0,0,0,344000,391000,-47000,-47000
059242,南亞科凱基99購06,0,0,0,0,0,0,0,0,0,-47000,0,0,0,0,47000,-47000,-47000
057229,友達凱基9B購02  ,0,0,0,0,0,0,0,0,0,-47000,0,0,0,2000,49000,-47000,-47000
062237,緯創凱基9B購01  ,0,0,0,0,0,0,0,0,0,-47000,0,0,0,38000,85000,-47000,-47000
062034,同欣電群益9B購01,0,0,0,0,0,0,0,0,0,-47000,0,0,0,20000,67000,-47000,-47000
062388,旭富國泰01購01  ,0,0,0,0,0,0,0,0,0,-47000,0,0,0,0,47000,-47000,-47000
061613,南六統一9C購01  ,0,0,0,0,0,0,0,0,0,-47000,0,0,0,94000,141000,-47000,-47000
064895,奇力新群益9C購02,0,0,0,0,0,0,0,0,0,-47000,0,0,0,88000,135000,-47000,-47000
064551,鈺齊凱基9C購02  ,0,0,0,0,0,0,0,0,0,-47000,0,0,0,33000,80000,-47000,-47000
063898,旭富群益9C購01  ,0,0,0,0,0,0,0,0,0,-47000,0,0,0,0,47000,-47000,-47000
063961,世紀鋼元大9C購05,0,0,0,0,0,0,0,0,0,-47000,0,0,0,31000,78000,-47000,-47000
065418,緯創國票01購01  ,0,0,0,0,0,0,0,0,0,-47000,0,0,0,1000,48000,-47000,-47000
068785,兆豐金康和02購01,0,0,0,0,0,0,0,0,0,-48000,0,0,0,0,48000,-48000,-48000
068963,欣興群益02購03  ,0,0,0,0,0,0,0,0,0,-48000,0,0,0,0,48000,-48000,-48000
068879,TPK凱基02購03   ,0,0,0,0,0,0,0,0,0,-48000,0,0,0,1000,49000,-48000,-48000
08003P,國巨國泰9B售07  ,0,0,0,0,0,0,0,0,0,-48000,0,0,0,21000,69000,-48000,-48000
067127,台虹富邦03購01  ,0,0,0,0,0,0,0,0,0,-48000,0,0,0,0,48000,-48000,-48000
00712,FH富時不動產    ,306000,0,306000,0,0,0,0,0,0,-354000,0,0,0,239000,593000,-354000,-48000
03009P,玉晶光凱基01售08,0,0,0,0,0,0,0,0,0,-48000,0,0,0,57000,105000,-48000,-48000
063262,南六富邦9C購01  ,0,0,0,0,0,0,0,0,0,-48000,0,0,0,854000,902000,-48000,-48000
060105,牧德元大9B購01  ,0,0,0,0,0,0,0,0,0,-48000,0,0,0,29000,77000,-48000,-48000
060712,建準永豐9A購01  ,0,0,0,0,0,0,0,0,0,-48000,0,0,0,2000,50000,-48000,-48000
064627,矽格元大9C購01  ,0,0,0,0,0,0,0,0,0,-48000,0,0,0,52000,100000,-48000,-48000
064271,鴻海元大9C購08  ,0,0,0,0,0,0,0,0,0,-48000,0,0,0,2000,50000,-48000,-48000
061759,上証反元大02購01,0,0,0,0,0,0,0,0,0,-48000,0,0,0,0,48000,-48000,-48000
062233,神隆凱基9B購01  ,0,0,0,0,0,0,0,0,0,-48000,0,0,0,5000,53000,-48000,-48000
062227,南六統一01購02  ,0,0,0,0,0,0,0,0,0,-48000,0,0,0,16000,64000,-48000,-48000
063326,正隆國票9B購01  ,0,0,0,0,0,0,0,0,0,-48000,0,0,0,110000,158000,-48000,-48000
063340,英業達統一9B購01,0,0,0,0,0,0,0,0,0,-48000,0,0,0,21000,69000,-48000,-48000
065325,亞光凱基9C購01  ,0,0,0,0,0,0,0,0,0,-48000,0,0,0,10000,58000,-48000,-48000
064572,同欣電群益9C購02,0,0,0,0,0,0,0,0,0,-48000,0,0,0,0,48000,-48000,-48000
063831,帆宣國票01購01  ,0,0,0,0,0,0,0,0,0,-48000,0,0,0,1000,49000,-48000,-48000
065869,微星群益02購01  ,0,0,0,0,0,0,0,0,0,-48000,0,0,0,10000,58000,-48000,-48000
066232,聯強富邦03購01  ,0,0,0,0,0,0,0,0,0,-48000,0,0,0,0,48000,-48000,-48000
08374P,緯穎凱基9C售01  ,0,0,0,0,0,0,0,0,0,-48000,0,0,0,10000,58000,-48000,-48000
08845P,友訊元大01售05  ,0,0,0,0,0,0,0,0,0,-48000,0,0,0,17000,65000,-48000,-48000
6415,矽力-KY         ,113700,151000,-37300,0,0,0,0,0,0,-11000,0,11000,-11000,0,0,0,-48300
067319,眾達元大01購02  ,0,0,0,0,0,0,0,0,0,-49000,0,0,0,0,49000,-49000,-49000
07903P,台積電群益9B售03,0,0,0,0,0,0,0,0,0,-49000,0,0,0,70000,119000,-49000,-49000
068797,茂林凱基02購01  ,0,0,0,0,0,0,0,0,0,-49000,0,0,0,0,49000,-49000,-49000
068547,台積電群益01購21,0,0,0,0,0,0,0,0,0,-49000,0,0,0,100000,149000,-49000,-49000
056146,台虹元大98購01  ,0,0,0,0,0,0,0,0,0,-49000,0,0,0,1000,50000,-49000,-49000
03006P,華通永豐01售01  ,0,0,0,0,0,0,0,0,0,-49000,0,0,0,0,49000,-49000,-49000
057837,康控國泰99購02  ,0,0,0,0,0,0,0,0,0,-49000,0,0,0,0,49000,-49000,-49000
063483,致新元大9B購03  ,0,0,0,0,0,0,0,0,0,-49000,0,0,0,53000,102000,-49000,-49000
062522,同欣電元大9B購02,0,0,0,0,0,0,0,0,0,-49000,0,0,0,24000,73000,-49000,-49000
062263,康控元大9B購03  ,0,0,0,0,0,0,0,0,0,-49000,0,0,0,1000,50000,-49000,-49000
063644,祥碩元大9B購10  ,0,0,0,0,0,0,0,0,0,-49000,0,0,0,34000,83000,-49000,-49000
064506,康控元大9C購02  ,0,0,0,0,0,0,0,0,0,-49000,0,0,0,1000,50000,-49000,-49000
066136,景碩群益01購02  ,0,0,0,0,0,0,0,0,0,-49000,0,0,0,168000,217000,-49000,-49000
065993,立積永豐01購02  ,0,0,0,0,0,0,0,0,0,-49000,0,0,0,15000,64000,-49000,-49000
066730,致茂元大01購01  ,0,0,0,0,0,0,0,0,0,-49000,0,0,0,216000,265000,-49000,-49000
064875,國巨兆豐01購01  ,0,0,0,0,0,0,0,0,0,-49000,0,0,0,11000,60000,-49000,-49000
08728P,緯穎群益01售01  ,0,0,0,0,0,0,0,0,0,-49000,0,0,0,0,49000,-49000,-49000
3532,台勝科          ,64000,102000,-38000,0,0,0,0,0,0,-11000,0,0,0,14000,25000,-11000,-49000
068513,聯發科統一03購08,0,0,0,0,0,0,0,0,0,-50000,0,0,0,194000,244000,-50000,-50000
068730,富邦金元大02購01,0,0,0,0,0,0,0,0,0,-50000,0,0,0,27000,77000,-50000,-50000
068350,鴻海凱基03購05  ,0,0,0,0,0,0,0,0,0,-50000,0,0,0,0,50000,-50000,-50000
068333,緯創元大01購04  ,0,0,0,0,0,0,0,0,0,-50000,0,0,0,0,50000,-50000,-50000
068375,台光電永豐01購02,0,0,0,0,0,0,0,0,0,-50000,0,0,0,0,50000,-50000,-50000
07906P,中租群益9B售02  ,0,0,0,0,0,0,0,0,0,-50000,0,0,0,10000,60000,-50000,-50000
07875P,祥碩群益9B售01  ,0,0,0,0,0,0,0,0,0,-50000,0,0,0,0,50000,-50000,-50000
07877P,晶技永豐9B售01  ,0,0,0,0,0,0,0,0,0,-50000,0,0,0,0,50000,-50000,-50000
08125P,聯茂群益9B售02  ,0,0,0,0,0,0,0,0,0,-50000,0,0,0,0,50000,-50000,-50000
06886P,旺宏元大99售07  ,0,0,0,0,0,0,0,0,0,-50000,0,0,0,0,50000,-50000,-50000
068971,元金2X元大02購01,0,0,0,0,0,0,0,0,0,-50000,0,0,0,0,50000,-50000,-50000
068893,友達元大04購01  ,0,0,0,0,0,0,0,0,0,-50000,0,0,0,0,50000,-50000,-50000
069044,鴻海元富08購01  ,0,0,0,0,0,0,0,0,0,-50000,0,0,0,0,50000,-50000,-50000
067242,景碩群益01購03  ,0,0,0,0,0,0,0,0,0,-50000,0,0,0,200000,250000,-50000,-50000
067146,台達電統一02購01,0,0,0,0,0,0,0,0,0,-50000,0,0,0,24000,74000,-50000,-50000
067778,A50群益01購01   ,0,0,0,0,0,0,0,0,0,-50000,0,0,0,0,50000,-50000,-50000
06782P,大立光元大99售07,0,0,0,0,0,0,0,0,0,-50000,0,0,0,0,50000,-50000,-50000
067901,旭富群益01購04  ,0,0,0,0,0,0,0,0,0,-50000,0,0,0,0,50000,-50000,-50000
067854,力成國票02購01  ,0,0,0,0,0,0,0,0,0,-50000,0,0,0,0,50000,-50000,-50000
056735,國巨凱基99購02  ,0,0,0,0,0,0,0,0,0,-50000,0,0,0,0,50000,-50000,-50000
056479,玉晶光元大99購05,0,0,0,0,0,0,0,0,0,-50000,0,0,0,3000,53000,-50000,-50000
058752,鈺齊凱基9A購01  ,0,0,0,0,0,0,0,0,0,-50000,0,0,0,0,50000,-50000,-50000
059772,可成群益9A購05  ,0,0,0,0,0,0,0,0,0,-50000,0,0,0,0,50000,-50000,-50000
055585,國巨元大98購08  ,0,0,0,0,0,0,0,0,0,-50000,0,0,0,0,50000,-50000,-50000
03052P,台灣50第一01售01,0,0,0,0,0,0,0,0,0,-50000,0,0,0,0,50000,-50000,-50000
060133,牧德群益9B購01  ,0,0,0,0,0,0,0,0,0,-50000,0,0,0,0,50000,-50000,-50000
057617,國巨凱基99購06  ,0,0,0,0,0,0,0,0,0,-50000,0,0,0,0,50000,-50000,-50000
063250,同欣電元大9B購03,0,0,0,0,0,0,0,0,0,-50000,0,0,0,2000,52000,-50000,-50000
061949,大立光群益9B購03,0,0,0,0,0,0,0,0,0,-50000,0,0,0,175000,225000,-50000,-50000
061342,華新科元大9A購17,0,0,0,0,0,0,0,0,0,-50000,0,0,0,100000,150000,-50000,-50000
059165,南亞科凱基99購04,0,0,0,0,0,0,0,0,0,-50000,0,0,0,10000,60000,-50000,-50000
059063,康控凱基99購04  ,0,0,0,0,0,0,0,0,0,-50000,0,0,0,0,50000,-50000,-50000
058891,元油2X元大9C購07,0,0,0,0,0,0,0,0,0,-50000,0,0,0,0,50000,-50000,-50000
058893,元油2X元大9C購10,0,0,0,0,0,0,0,0,0,-50000,0,0,0,0,50000,-50000,-50000
058359,瑞昱凱基99購01  ,0,0,0,0,0,0,0,0,0,-50000,0,0,0,0,50000,-50000,-50000
058517,景碩元大99購06  ,0,0,0,0,0,0,0,0,0,-50000,0,0,0,0,50000,-50000,-50000
058947,SGBR2X群益9B購02,0,0,0,0,0,0,0,0,0,-50000,0,0,0,0,50000,-50000,-50000
058652,SGBR2X中信01購01,0,0,0,0,0,0,0,0,0,-50000,0,0,0,0,50000,-50000,-50000
064376,美律元富9C購01  ,0,0,0,0,0,0,0,0,0,-50000,0,0,0,0,50000,-50000,-50000
061268,玉晶光凱基9B購04,0,0,0,0,0,0,0,0,0,-50000,0,0,0,14000,64000,-50000,-50000
063204,高鐵統一9C購01  ,0,0,0,0,0,0,0,0,0,-50000,0,0,0,0,50000,-50000,-50000
063058,A50正2元富02購01,0,0,0,0,0,0,0,0,0,-50000,0,0,0,0,50000,-50000,-50000
063070,奇力新富邦01購01,0,0,0,0,0,0,0,0,0,-50000,0,0,0,0,50000,-50000,-50000
060884,超眾中信9B購01  ,0,0,0,0,0,0,0,0,0,-50000,0,0,0,0,50000,-50000,-50000
060851,國巨國泰9C購01  ,0,0,0,0,0,0,0,0,0,-50000,0,0,0,2000,52000,-50000,-50000
060919,滬深2X富邦9B購01,0,0,0,0,0,0,0,0,0,-50000,0,0,0,0,50000,-50000,-50000
060948,可成第一9A購01  ,0,0,0,0,0,0,0,0,0,-50000,0,0,0,0,50000,-50000,-50000
063640,貿聯元大9B購03  ,0,0,0,0,0,0,0,0,0,-50000,0,0,0,65000,115000,-50000,-50000
062323,上銀統一9B購03  ,0,0,0,0,0,0,0,0,0,-50000,0,0,0,226000,276000,-50000,-50000
062131,臺指反群益9B購03,0,0,0,0,0,0,0,0,0,-50000,0,0,0,0,50000,-50000,-50000
063546,國巨兆豐9C購03  ,0,0,0,0,0,0,0,0,0,-50000,0,0,0,40000,90000,-50000,-50000
063474,康控元大9B購04  ,0,0,0,0,0,0,0,0,0,-50000,0,0,0,0,50000,-50000,-50000
062381,上銀國泰9C購01  ,0,0,0,0,0,0,0,0,0,-50000,0,0,0,40000,90000,-50000,-50000
062671,國泰金中信03購01,0,0,0,0,0,0,0,0,0,-50000,0,0,0,0,50000,-50000,-50000
062917,旭富元大9C購03  ,0,0,0,0,0,0,0,0,0,-50000,0,0,0,0,50000,-50000,-50000
062899,鴻海元大9C購04  ,0,0,0,0,0,0,0,0,0,-50000,0,0,0,0,50000,-50000,-50000
062616,玉晶光元大9C購06,0,0,0,0,0,0,0,0,0,-50000,0,0,0,86000,136000,-50000,-50000
064800,鴻海元大9C購12  ,0,0,0,0,0,0,0,0,0,-50000,0,0,0,0,50000,-50000,-50000
064068,義隆永豐9C購01  ,0,0,0,0,0,0,0,0,0,-50000,0,0,0,18000,68000,-50000,-50000
06466P,台積電統一9B售01,0,0,0,0,0,0,0,0,0,-50000,0,0,0,0,50000,-50000,-50000
063853,同欣電元大9C購02,0,0,0,0,0,0,0,0,0,-50000,0,0,0,15000,65000,-50000,-50000
065287,華新科群益01購03,0,0,0,0,0,0,0,0,0,-50000,0,0,0,1000,51000,-50000,-50000
065471,和大元大9C購05  ,0,0,0,0,0,0,0,0,0,-50000,0,0,0,0,50000,-50000,-50000
065480,旭富元大9C購06  ,0,0,0,0,0,0,0,0,0,-50000,0,0,0,0,50000,-50000,-50000
065177,旭富元大9C購05  ,0,0,0,0,0,0,0,0,0,-50000,0,0,0,0,50000,-50000,-50000
066736,京鼎元大01購02  ,0,0,0,0,0,0,0,0,0,-50000,0,0,0,55000,105000,-50000,-50000
066739,揚明光元大01購01,0,0,0,0,0,0,0,0,0,-50000,0,0,0,0,50000,-50000,-50000
066740,揚明光元大01購02,0,0,0,0,0,0,0,0,0,-50000,0,0,0,0,50000,-50000,-50000
066802,亞光凱基02購01  ,0,0,0,0,0,0,0,0,0,-50000,0,0,0,0,50000,-50000,-50000
066395,可成凱基01購03  ,0,0,0,0,0,0,0,0,0,-50000,0,0,0,28000,78000,-50000,-50000
066399,聯鈞凱基01購02  ,0,0,0,0,0,0,0,0,0,-50000,0,0,0,23000,73000,-50000,-50000
066545,鴻海元大01購09  ,0,0,0,0,0,0,0,0,0,-50000,0,0,0,0,50000,-50000,-50000
066178,拓凱凱基01購01  ,0,0,0,0,0,0,0,0,0,-50000,0,0,0,20000,70000,-50000,-50000
065859,GIS元大9C購10   ,0,0,0,0,0,0,0,0,0,-50000,0,0,0,57000,107000,-50000,-50000
065796,T50反1群益01購02,0,0,0,0,0,0,0,0,0,-50000,0,0,0,0,50000,-50000,-50000
065763,台表科元大9C購14,0,0,0,0,0,0,0,0,0,-50000,0,0,0,0,50000,-50000,-50000
08788P,A50正2元富01售03,0,0,0,0,0,0,0,0,0,-50000,0,0,0,0,50000,-50000,-50000
08925P,國巨元富07售10  ,0,0,0,0,0,0,0,0,0,-50000,0,0,0,0,50000,-50000,-50000
08926P,台積電元富07售06,0,0,0,0,0,0,0,0,0,-50000,0,0,0,0,50000,-50000,-50000
1108,幸福            ,24000,74000,-50000,0,0,0,0,0,0,0,0,0,0,0,0,0,-50000
08354P,旺宏元大9C售05  ,0,0,0,0,0,0,0,0,0,-50000,0,0,0,0,50000,-50000,-50000
08208P,臺股指群益9B售16,0,0,0,0,0,0,0,0,0,-50000,0,0,0,0,50000,-50000,-50000
08199P,大毅元大9B售02  ,0,0,0,0,0,0,0,0,0,-50000,0,0,0,50000,100000,-50000,-50000
08490P,上銀元大9C售08  ,0,0,0,0,0,0,0,0,0,-50000,0,0,0,100000,150000,-50000,-50000
08500P,臺股指國票9C售02,0,0,0,0,0,0,0,0,0,-50000,0,0,0,0,50000,-50000,-50000
08632P,聯發科元大9C售19,0,0,0,0,0,0,0,0,0,-50000,0,0,0,0,50000,-50000,-50000
067755,大立光國泰03購03,0,4000,-4000,0,0,0,0,0,0,-47000,0,0,0,785000,832000,-47000,-51000
067155,健策統一02購01  ,0,0,0,0,0,0,0,0,0,-51000,0,0,0,57000,108000,-51000,-51000
068469,鴻海群益01購11  ,0,0,0,0,0,0,0,0,0,-51000,0,0,0,330000,381000,-51000,-51000
03175P,台積電國票03售04,0,0,0,0,0,0,0,0,0,-51000,0,0,0,0,51000,-51000,-51000
03100P,玉晶光凱基03售04,0,0,0,0,0,0,0,0,0,-51000,0,0,0,61000,112000,-51000,-51000
063452,創意統一01購01  ,0,0,0,0,0,0,0,0,0,-51000,0,0,0,4000,55000,-51000,-51000
064588,玉晶光永豐9C購05,0,0,0,0,0,0,0,0,0,-51000,0,0,0,25000,76000,-51000,-51000
066208,聯鈞統一02購01  ,0,0,0,0,0,0,0,0,0,-51000,0,0,0,236000,287000,-51000,-51000
066005,國巨統一03購01  ,0,0,0,0,0,0,0,0,0,-51000,0,0,0,61000,112000,-51000,-51000
065407,世紀鋼富邦01購01,0,0,0,0,0,0,0,0,0,-51000,0,0,0,0,51000,-51000,-51000
064025,友達元大02購01  ,0,0,0,0,0,0,0,0,0,-51000,0,0,0,0,51000,-51000,-51000
08511P,電子類富邦9C售02,0,0,0,0,0,0,0,0,0,-51000,0,0,0,0,51000,-51000,-51000
8072,陞泰            ,12000,63000,-51000,0,0,0,0,0,0,0,0,0,0,0,0,0,-51000
068189,國巨凱基04購03  ,0,0,0,0,0,0,0,0,0,-52000,0,0,0,261000,313000,-52000,-52000
068827,鎧勝元大02購01  ,0,0,0,0,0,0,0,0,0,-52000,0,0,0,275000,327000,-52000,-52000
067271,世紀鋼永豐01購02,0,0,0,0,0,0,0,0,0,-52000,0,0,0,0,52000,-52000,-52000
067330,台達電凱基02購01,0,0,0,0,0,0,0,0,0,-52000,0,0,0,5000,57000,-52000,-52000
067728,南亞科台新01購01,0,0,0,0,0,0,0,0,0,-52000,0,0,0,0,52000,-52000,-52000
067703,臺股指國票01購11,0,0,0,0,0,0,0,0,0,-52000,0,0,0,8000,60000,-52000,-52000
03054P,宏碁中信03售02  ,0,0,0,0,0,0,0,0,0,-52000,0,0,0,0,52000,-52000,-52000
056850,彩晶元富99購01  ,0,0,0,0,0,0,0,0,0,-52000,0,0,0,301000,353000,-52000,-52000
058443,T50正2富邦01購01,0,0,0,0,0,0,0,0,0,-52000,0,0,0,57000,109000,-52000,-52000
061986,晶豪科元大9B購01,0,0,0,0,0,0,0,0,0,-52000,0,0,0,250000,302000,-52000,-52000
064617,台光電元大01購01,0,0,0,0,0,0,0,0,0,-52000,0,0,0,73000,125000,-52000,-52000
064248,億光元富9C購01  ,0,0,0,0,0,0,0,0,0,-52000,0,0,0,51000,103000,-52000,-52000
062188,貿聯元大9B購02  ,0,0,0,0,0,0,0,0,0,-52000,0,0,0,50000,102000,-52000,-52000
062073,國巨元大9B購06  ,0,0,0,0,0,0,0,0,0,-52000,0,0,0,132000,184000,-52000,-52000
064812,旭富元大9C購04  ,0,0,0,0,0,0,0,0,0,-52000,0,0,0,1000,53000,-52000,-52000
065344,瑞昱統一01購05  ,0,0,0,0,0,0,0,0,0,-52000,0,0,0,4000,56000,-52000,-52000
065112,台表科國票02購01,0,0,0,0,0,0,0,0,0,-52000,0,0,0,85000,137000,-52000,-52000
065022,同欣電富邦01購01,0,0,0,0,0,0,0,0,0,-52000,0,0,0,0,52000,-52000,-52000
6024,群益期          ,84000,136000,-52000,0,0,0,0,0,0,0,0,0,0,0,0,0,-52000
2413,環科            ,47000,99000,-52000,0,0,0,0,0,0,0,0,0,0,0,0,0,-52000
1702,南僑            ,76000,127000,-51000,0,0,0,0,0,0,-1000,0,1000,-1000,0,0,0,-52000
067872,玉晶光元大02購03,0,0,0,0,0,0,0,0,0,-53000,0,0,0,73000,126000,-53000,-53000
068551,台灣50元大01購37,0,0,0,0,0,0,0,0,0,-53000,0,0,0,27000,80000,-53000,-53000
058923,華新科元富99購06,0,0,0,0,0,0,0,0,0,-53000,0,0,0,54000,107000,-53000,-53000
056892,旺宏元大9A購02  ,0,0,0,0,0,0,0,0,0,-53000,0,0,0,20000,73000,-53000,-53000
062777,鴻海元大9C購03  ,0,0,0,0,0,0,0,0,0,-53000,0,0,0,0,53000,-53000,-53000
063549,國巨國票9C購05  ,0,0,0,0,0,0,0,0,0,-53000,0,0,0,140000,193000,-53000,-53000
064589,聯鈞永豐9C購01  ,0,0,0,0,0,0,0,0,0,-53000,0,0,0,17000,70000,-53000,-53000
061619,大立光群益9B購01,0,0,0,0,0,0,0,0,0,-53000,0,0,0,26000,79000,-53000,-53000
064055,台郡統一02購01  ,0,0,0,0,0,0,0,0,0,-53000,0,0,0,0,53000,-53000,-53000
063972,緯創國票9C購01  ,0,0,0,0,0,0,0,0,0,-53000,0,0,0,11000,64000,-53000,-53000
066012,友訊元富01購01  ,0,0,0,0,0,0,0,0,0,-53000,0,0,0,62000,115000,-53000,-53000
1103,嘉泥            ,40000,93000,-53000,0,0,0,0,0,0,0,0,0,0,0,0,0,-53000
07070P,晶相光元富99售01,0,0,0,0,0,0,0,0,0,-54000,0,0,0,0,54000,-54000,-54000
067162,康控國票02購01  ,0,0,0,0,0,0,0,0,0,-54000,0,0,0,12000,66000,-54000,-54000
03017X,元展17          ,0,0,0,0,0,0,0,0,0,-54000,0,0,0,0,54000,-54000,-54000
060019,彰銀康和99購01  ,0,0,0,0,0,0,0,0,0,-54000,0,0,0,10000,64000,-54000,-54000
059197,可成永豐99購02  ,0,0,0,0,0,0,0,0,0,-54000,0,0,0,1000,55000,-54000,-54000
063073,瑞昱永豐9B購01  ,0,0,0,0,0,0,0,0,0,-54000,0,0,0,70000,124000,-54000,-54000
064375,智邦元富03購01  ,0,0,0,0,0,0,0,0,0,-54000,0,0,0,9000,63000,-54000,-54000
063781,健策永豐9B購08  ,0,0,0,0,0,0,0,0,0,-54000,0,0,0,30000,84000,-54000,-54000
066400,健策凱基02購02  ,0,0,0,0,0,0,0,0,0,-54000,0,0,0,13000,67000,-54000,-54000
063948,高鐵元大9C購01  ,0,0,0,0,0,0,0,0,0,-54000,0,0,0,114000,168000,-54000,-54000
064040,鴻海統一9C購18  ,0,0,0,0,0,0,0,0,0,-54000,0,0,0,28000,82000,-54000,-54000
065158,和碩群益9C購01  ,0,0,0,0,0,0,0,0,0,-54000,0,0,0,4000,58000,-54000,-54000
065623,瑞昱中信04購01  ,0,0,0,0,0,0,0,0,0,-54000,0,0,0,116000,170000,-54000,-54000
065569,智邦群益01購01  ,0,0,0,0,0,0,0,0,0,-54000,0,0,0,32000,86000,-54000,-54000
1721,三晃            ,4000,58000,-54000,0,0,0,0,0,0,0,0,0,0,0,0,0,-54000
2547,日勝生          ,110000,172000,-62000,0,0,0,0,0,0,8000,8000,0,8000,0,0,0,-54000
8261,富鼎            ,111000,165000,-54000,0,0,0,0,0,0,0,0,0,0,0,0,0,-54000
2373,震旦行          ,4000,58202,-54202,0,0,0,0,0,0,0,0,0,0,0,0,0,-54202
066909,義隆凱基01購04  ,0,0,0,0,0,0,0,0,0,-55000,0,0,0,13000,68000,-55000,-55000
067303,聯發科元大02購03,0,0,0,0,0,0,0,0,0,-55000,0,0,0,428000,483000,-55000,-55000
067792,GIS群益02購02   ,0,0,0,0,0,0,0,0,0,-55000,0,0,0,420000,475000,-55000,-55000
068583,信邦永豐01購01  ,0,0,0,0,0,0,0,0,0,-55000,0,0,0,0,55000,-55000,-55000
068550,玉晶光群益03購01,2000,0,2000,0,0,0,0,0,0,-57000,0,0,0,7000,64000,-57000,-55000
068269,南亞科永豐01購01,0,0,0,0,0,0,0,0,0,-55000,0,0,0,0,55000,-55000,-55000
060290,興富發元大9C購01,0,0,0,0,0,0,0,0,0,-55000,0,0,0,194000,249000,-55000,-55000
00733,富邦臺灣中小    ,0,0,0,0,0,0,0,0,0,-55000,0,0,0,204000,259000,-55000,-55000
063133,喬山統一01購01  ,0,0,0,0,0,0,0,0,0,-55000,0,0,0,234000,289000,-55000,-55000
062531,大立光統一9C購06,0,0,0,0,0,0,0,0,0,-55000,0,0,0,0,55000,-55000,-55000
062356,國巨元大9B購10  ,0,0,0,0,0,0,0,0,0,-55000,0,0,0,38000,93000,-55000,-55000
062428,超眾統一9B購01  ,0,0,0,0,0,0,0,0,0,-55000,0,0,0,85000,140000,-55000,-55000
062444,大立光元大9C購01,0,0,0,0,0,0,0,0,0,-55000,0,0,0,125000,180000,-55000,-55000
061418,世紀鋼群益9A購02,0,0,0,0,0,0,0,0,0,-55000,0,0,0,25000,80000,-55000,-55000
063222,群創群益9B購03  ,0,0,0,0,0,0,0,0,0,-55000,0,0,0,0,55000,-55000,-55000
061150,國巨群益9A購09  ,0,0,0,0,0,0,0,0,0,-55000,0,0,0,51000,106000,-55000,-55000
064939,健策元富9C購03  ,0,0,0,0,0,0,0,0,0,-55000,0,0,0,9000,64000,-55000,-55000
064083,群創中信06購01  ,0,0,0,0,0,0,0,0,0,-55000,0,0,0,11000,66000,-55000,-55000
063868,嘉晶永豐9C購01  ,0,0,0,0,0,0,0,0,0,-55000,0,0,0,0,55000,-55000,-55000
066396,可成凱基01購04  ,0,0,0,0,0,0,0,0,0,-55000,0,0,0,63000,118000,-55000,-55000
066509,南亞永豐01購01  ,0,0,0,0,0,0,0,0,0,-55000,0,0,0,1000,56000,-55000,-55000
066071,台光電凱基02購01,0,0,0,0,0,0,0,0,0,-55000,0,0,0,5000,60000,-55000,-55000
065851,京鼎元大02購01  ,0,0,0,0,0,0,0,0,0,-55000,0,0,0,223000,278000,-55000,-55000
2705,六福            ,10000,65000,-55000,0,0,0,0,0,0,0,0,0,0,0,0,0,-55000
08958P,鴻海凱基01售08  ,0,0,0,0,0,0,0,0,0,-55000,0,0,0,1000,56000,-55000,-55000
08931P,晶技元富07售02  ,0,0,0,0,0,0,0,0,0,-55000,0,0,0,3000,58000,-55000,-55000
08221P,台表科凱基9B售05,0,0,0,0,0,0,0,0,0,-55000,0,0,0,1000,56000,-55000,-55000
9908,大台北          ,1000,42000,-41000,0,0,0,0,0,0,-14000,0,14000,-14000,0,0,0,-55000
068299,華新國票03購01  ,0,0,0,0,0,0,0,0,0,-56000,0,0,0,325000,381000,-56000,-56000
068173,友達中信01購05  ,0,0,0,0,0,0,0,0,0,-56000,0,0,0,184000,240000,-56000,-56000
068374,技嘉永豐01購01  ,0,0,0,0,0,0,0,0,0,-56000,0,0,0,114000,170000,-56000,-56000
068877,聯詠凱基03購04  ,0,0,0,0,0,0,0,0,0,-56000,0,0,0,52000,108000,-56000,-56000
067603,冠德凱基02購01  ,0,0,0,0,0,0,0,0,0,-56000,0,0,0,20000,76000,-56000,-56000
067483,禾伸堂元大01購02,0,0,0,0,0,0,0,0,0,-56000,0,0,0,287000,343000,-56000,-56000
03024P,南六群益01售02  ,0,0,0,0,0,0,0,0,0,-56000,0,0,0,0,56000,-56000,-56000
03179P,聯發科群益01售16,0,0,0,0,0,0,0,0,0,-56000,0,0,0,7000,63000,-56000,-56000
060307,南港永豐9A購01  ,0,0,0,0,0,0,0,0,0,-56000,0,0,0,0,56000,-56000,-56000
061202,和大元大9A購02  ,0,0,0,0,0,0,0,0,0,-56000,0,0,0,0,56000,-56000,-56000
060368,緯穎元富9A購03  ,0,0,0,0,0,0,0,0,0,-56000,0,0,0,4000,60000,-56000,-56000
061066,嘉晶凱基9B購01  ,0,0,0,0,0,0,0,0,0,-56000,0,0,0,1000,57000,-56000,-56000
064460,健策統一9C購03  ,5000,0,5000,0,0,0,0,0,0,-61000,0,0,0,175000,236000,-61000,-56000
066279,拓凱元大01購01  ,0,0,0,0,0,0,0,0,0,-56000,0,0,0,74000,130000,-56000,-56000
064547,宏達電凱基9C購01,0,0,0,0,0,0,0,0,0,-56000,0,0,0,22000,78000,-56000,-56000
064879,健策兆豐01購01  ,0,0,0,0,0,0,0,0,0,-56000,0,0,0,21000,77000,-56000,-56000
064866,義隆永豐9C購02  ,0,0,0,0,0,0,0,0,0,-56000,0,0,0,54000,110000,-56000,-56000
4155,訊映            ,21000,77000,-56000,0,0,0,0,0,0,0,0,0,0,0,0,0,-56000
066936,新日興國票02購01,0,0,0,0,0,0,0,0,0,-57000,0,0,0,4000,61000,-57000,-57000
067533,瑞昱群益01購02  ,0,0,0,0,0,0,0,0,0,-57000,0,0,0,41000,98000,-57000,-57000
067530,國巨群益01購09  ,0,0,0,0,0,0,0,0,0,-57000,0,0,0,279000,336000,-57000,-57000
068931,聯發科永豐02購01,0,0,0,0,0,0,0,0,0,-57000,0,0,0,0,57000,-57000,-57000
07856P,力成凱基9A售02  ,0,0,0,0,0,0,0,0,0,-57000,0,0,0,0,57000,-57000,-57000
060227,和大元大9A購01  ,0,0,0,0,0,0,0,0,0,-57000,0,0,0,33000,90000,-57000,-57000
059246,奇力新凱基9A購02,0,0,0,0,0,0,0,0,0,-57000,0,0,0,10000,67000,-57000,-57000
059146,貿聯國票9A購02  ,0,0,0,0,0,0,0,0,0,-57000,0,0,0,9000,66000,-57000,-57000
059640,聯詠凱基99購04  ,0,0,0,0,0,0,0,0,0,-57000,0,0,0,2000,59000,-57000,-57000
03264P,聯茂國票04售01  ,0,0,0,0,0,0,0,0,0,-57000,0,0,0,0,57000,-57000,-57000
054421,臺股指元大99購03,0,0,0,0,0,0,0,0,0,-57000,0,0,0,45000,102000,-57000,-57000
056573,華新科元大99購06,0,0,0,0,0,0,0,0,0,-57000,0,0,0,0,57000,-57000,-57000
063191,台表科凱基9B購03,0,0,0,0,0,0,0,0,0,-57000,0,0,0,165000,222000,-57000,-57000
065600,友達元大9C購11  ,0,0,0,0,0,0,0,0,0,-57000,0,0,0,68000,125000,-57000,-57000
065424,華新凱基02購01  ,0,0,0,0,0,0,0,0,0,-57000,0,0,0,30000,87000,-57000,-57000
08320P,智邦統一9C售02  ,0,0,0,0,0,0,0,0,0,-57000,0,0,0,0,57000,-57000,-57000
1304,台聚            ,199000,268000,-69000,0,0,0,0,0,0,12000,36000,24000,12000,0,0,0,-57000
08666P,智邦國票02售01  ,0,0,0,0,0,0,0,0,0,-57000,0,0,0,8000,65000,-57000,-57000
2816,旺旺保          ,5000,58000,-53000,0,0,0,0,0,0,-4000,0,4000,-4000,0,0,0,-57000
068925,欣興國泰04購01  ,0,0,0,0,0,0,0,0,0,-58000,0,0,0,79000,137000,-58000,-58000
068599,台積電凱基01購27,0,0,0,0,0,0,0,0,0,-58000,0,0,0,10000,68000,-58000,-58000
067190,智伸科凱基02購01,0,0,0,0,0,0,0,0,0,-58000,0,0,0,21000,79000,-58000,-58000
03231P,聯電元大02售03  ,0,0,0,0,0,0,0,0,0,-58000,0,0,0,60000,118000,-58000,-58000
00683L,元大美元指數正2 ,0,0,0,0,0,0,0,0,0,-58000,0,0,0,0,58000,-58000,-58000
061977,國巨元大9B購02  ,0,0,0,0,0,0,0,0,0,-58000,0,0,0,77000,135000,-58000,-58000
061154,可成群益9B購04  ,0,0,0,0,0,0,0,0,0,-58000,0,0,0,0,58000,-58000,-58000
061847,力山國票9B購01  ,0,0,0,0,0,0,0,0,0,-58000,0,0,0,32000,90000,-58000,-58000
062909,大立光元大9C購04,0,0,0,0,0,0,0,0,0,-58000,0,0,0,36000,94000,-58000,-58000
06376P,上銀統一99售01  ,0,0,0,0,0,0,0,0,0,-58000,0,0,0,2000,60000,-58000,-58000
062195,聚陽中信9C購01  ,0,0,0,0,0,0,0,0,0,-58000,0,0,0,33000,91000,-58000,-58000
065573,新日興群益01購02,0,0,0,0,0,0,0,0,0,-58000,0,0,0,24000,82000,-58000,-58000
065263,國泰金元大9C購02,0,0,0,0,0,0,0,0,0,-58000,0,0,0,0,58000,-58000,-58000
064834,大立光統一02購05,0,0,0,0,0,0,0,0,0,-58000,0,0,0,0,58000,-58000,-58000
066461,智伸科統一04購01,0,0,0,0,0,0,0,0,0,-58000,0,0,0,0,58000,-58000,-58000
066428,健策元大02購02  ,0,0,0,0,0,0,0,0,0,-58000,0,0,0,39000,97000,-58000,-58000
066791,牧德康和01購01  ,0,0,0,0,0,0,0,0,0,-58000,0,0,0,6000,64000,-58000,-58000
1305,華夏            ,240000,331000,-91000,0,0,0,0,0,0,33000,9000,14000,-5000,46000,8000,38000,-58000
08884P,義隆國票02售01  ,0,0,0,0,0,0,0,0,0,-58000,0,0,0,7000,65000,-58000,-58000
08466P,旺宏統一9C售03  ,0,0,0,0,0,0,0,0,0,-58000,0,0,0,0,58000,-58000,-58000
067035,台表科康和01購01,0,0,0,0,0,0,0,0,0,-59000,0,0,0,29000,88000,-59000,-59000
067220,台郡元大01購04  ,0,0,0,0,0,0,0,0,0,-59000,0,0,0,83000,142000,-59000,-59000
068473,聯發科群益01購13,0,0,0,0,0,0,0,0,0,-59000,0,0,0,217000,276000,-59000,-59000
068395,GIS統一03購03   ,0,0,0,0,0,0,0,0,0,-59000,0,0,0,11000,70000,-59000,-59000
068349,聯電凱基03購03  ,0,0,0,0,0,0,0,0,0,-59000,0,0,0,41000,100000,-59000,-59000
063561,上銀元大9B購08  ,0,0,0,0,0,0,0,0,0,-59000,0,0,0,0,59000,-59000,-59000
0051,元大中型100     ,4000,4000,0,0,0,0,0,0,0,-59000,0,0,0,30000,89000,-59000,-59000
058685,TPK凱基99購01   ,0,0,0,0,0,0,0,0,0,-59000,0,0,0,7000,66000,-59000,-59000
063531,台表科凱基9B購04,0,0,0,0,0,0,0,0,0,-59000,0,0,0,0,59000,-59000,-59000
063689,可成永豐9B購04  ,0,0,0,0,0,0,0,0,0,-59000,0,0,0,0,59000,-59000,-59000
061662,瑞儀永豐9A購02  ,0,0,0,0,0,0,0,0,0,-59000,0,0,0,0,59000,-59000,-59000
060341,國巨統一9C購02  ,0,0,0,0,0,0,0,0,0,-59000,0,0,0,2000,61000,-59000,-59000
060449,元金2X元大9A購02,0,0,0,0,0,0,0,0,0,-59000,0,0,0,0,59000,-59000,-59000
060435,鈺齊永豐9A購01  ,0,0,0,0,0,0,0,0,0,-59000,0,0,0,89000,148000,-59000,-59000
1104,環泥            ,30000,89000,-59000,0,0,0,0,0,0,0,0,0,0,0,0,0,-59000
068233,同欣電元富05購01,0,0,0,0,0,0,0,0,0,-60000,0,0,0,0,60000,-60000,-60000
068908,道瓊銀群益02購02,0,0,0,0,0,0,0,0,0,-60000,0,0,0,15000,75000,-60000,-60000
068981,晶技元大02購01  ,0,0,0,0,0,0,0,0,0,-60000,0,0,0,0,60000,-60000,-60000
07564P,臺股指中信01售01,0,0,0,0,0,0,0,0,0,-60000,0,0,0,0,60000,-60000,-60000
08059P,京鼎元大9B售02  ,0,0,0,0,0,0,0,0,0,-60000,0,0,0,0,60000,-60000,-60000
067092,美利達元大01購03,0,0,0,0,0,0,0,0,0,-60000,0,0,0,23000,83000,-60000,-60000
067527,遠東新群益01購01,0,0,0,0,0,0,0,0,0,-60000,0,0,0,0,60000,-60000,-60000
055411,國巨富邦9A購02  ,0,0,0,0,0,0,0,0,0,-60000,0,0,0,0,60000,-60000,-60000
03033P,微星國票03售01  ,0,0,0,0,0,0,0,0,0,-60000,0,0,0,0,60000,-60000,-60000
060664,聯詠凱基9A購01  ,0,0,0,0,0,0,0,0,0,-60000,0,0,0,0,60000,-60000,-60000
060280,元金2X元大9A購01,0,0,0,0,0,0,0,0,0,-60000,0,0,0,0,60000,-60000,-60000
060308,劍麟永豐9A購01  ,0,0,0,0,0,0,0,0,0,-60000,0,0,0,0,60000,-60000,-60000
057486,美律元大98購04  ,0,0,0,0,0,0,0,0,0,-60000,0,0,0,0,60000,-60000,-60000
058448,滬深2X永豐9A購01,0,0,0,0,0,0,0,0,0,-60000,0,0,0,40000,100000,-60000,-60000
058184,鴻海永豐99購01  ,0,5000,-5000,0,0,0,0,0,0,-55000,0,0,0,225000,280000,-55000,-60000
061083,京元電兆豐9A購01,0,0,0,0,0,0,0,0,0,-60000,0,0,0,0,60000,-60000,-60000
061189,可成富邦9B購02  ,0,0,0,0,0,0,0,0,0,-60000,0,0,0,141000,201000,-60000,-60000
063206,貿聯統一9C購02  ,0,0,0,0,0,0,0,0,0,-60000,0,0,0,0,60000,-60000,-60000
062816,華新科兆豐9B購01,0,0,0,0,0,0,0,0,0,-60000,0,0,0,0,60000,-60000,-60000
063734,可成元大9B購04  ,0,0,0,0,0,0,0,0,0,-60000,0,0,0,17000,77000,-60000,-60000
062980,康控元富9B購01  ,0,0,0,0,0,0,0,0,0,-60000,0,0,0,10000,70000,-60000,-60000
062404,新唐永豐9B購01  ,0,0,0,0,0,0,0,0,0,-60000,0,0,0,287000,347000,-60000,-60000
062732,南六凱基9B購03  ,0,0,0,0,0,0,0,0,0,-60000,0,0,0,48000,108000,-60000,-60000
062162,世紀鋼凱基9B購03,0,0,0,0,0,0,0,0,0,-60000,0,0,0,0,60000,-60000,-60000
065716,道瓊反中信03購01,0,0,0,0,0,0,0,0,0,-60000,0,0,0,6000,66000,-60000,-60000
064199,南六群益01購01  ,0,0,0,0,0,0,0,0,0,-60000,0,0,0,23000,83000,-60000,-60000
065086,可成元大01購04  ,0,0,0,0,0,0,0,0,0,-60000,0,0,0,20000,80000,-60000,-60000
08849P,國巨群益01售07  ,0,0,0,0,0,0,0,0,0,-60000,0,0,0,0,60000,-60000,-60000
08658P,聯發科統一9C售19,0,0,0,0,0,0,0,0,0,-60000,0,0,0,180000,240000,-60000,-60000
08646P,臺股指中信03售02,0,0,0,0,0,0,0,0,0,-60000,0,0,0,50000,110000,-60000,-60000
08459P,聯發科兆豐9C售04,0,0,0,0,0,0,0,0,0,-60000,0,0,0,0,60000,-60000,-60000
08216P,聯發科群益9C售05,0,0,0,0,0,0,0,0,0,-60000,0,0,0,0,60000,-60000,-60000
2455,全新            ,346000,315000,31000,0,0,0,0,25000,-25000,-66000,18000,28000,-10000,6000,62000,-56000,-60000
2466,冠西電          ,2000,62000,-60000,0,0,0,0,0,0,0,0,0,0,0,0,0,-60000
1795,美時            ,26000,86000,-60000,0,0,0,0,0,0,0,0,0,0,0,0,0,-60000
3686,達能            ,97000,157000,-60000,0,0,0,0,0,0,0,0,0,0,0,0,0,-60000
2454,聯發科          ,3429440,3412526,16914,0,0,0,156000,287000,-131000,54000,231000,184000,47000,50000,43000,7000,-60086
067760,旭富永豐01購01  ,0,0,0,0,0,0,0,0,0,-61000,0,0,0,0,61000,-61000,-61000
068153,美律元大01購04  ,0,0,0,0,0,0,0,0,0,-61000,0,0,0,10000,71000,-61000,-61000
067123,京鼎富邦05購01  ,0,0,0,0,0,0,0,0,0,-61000,0,0,0,100000,161000,-61000,-61000
068989,瑞昱永豐02購01  ,0,0,0,0,0,0,0,0,0,-61000,0,0,0,0,61000,-61000,-61000
068526,聯發科元富04購03,0,0,0,0,0,0,0,0,0,-61000,0,0,0,0,61000,-61000,-61000
063763,上銀元富9B購07  ,0,0,0,0,0,0,0,0,0,-61000,0,0,0,59000,120000,-61000,-61000
066095,友訊中信05購01  ,0,0,0,0,0,0,0,0,0,-61000,0,0,0,53000,114000,-61000,-61000
066520,大立光第一01購01,0,0,0,0,0,0,0,0,0,-61000,0,0,0,0,61000,-61000,-61000
2414,精技            ,5000,56000,-51000,0,0,0,0,0,0,-10000,0,10000,-10000,0,0,0,-61000
08983P,玉晶光凱基01售06,0,0,0,0,0,0,0,0,0,-61000,0,0,0,53000,114000,-61000,-61000
068882,亞德客統一04購01,0,0,0,0,0,0,0,0,0,-62000,0,0,0,0,62000,-62000,-62000
07638P,長榮航國票9A售01,0,0,0,0,0,0,0,0,0,-62000,0,0,0,0,62000,-62000,-62000
059450,和大永豐99購01  ,0,0,0,0,0,0,0,0,0,-62000,0,0,0,0,62000,-62000,-62000
056906,玉晶光元大9B購01,0,0,0,0,0,0,0,0,0,-62000,0,0,0,0,62000,-62000,-62000
063504,國巨群益9C購06  ,0,0,0,0,0,0,0,0,0,-62000,0,0,0,53000,115000,-62000,-62000
066593,奇鋐群益01購01  ,0,0,0,0,0,0,0,0,0,-62000,0,0,0,20000,82000,-62000,-62000
066304,聯華永豐01購01  ,0,0,0,0,0,0,0,0,0,-62000,0,0,0,31000,93000,-62000,-62000
066386,宏全康和01購01  ,0,0,0,0,0,0,0,0,0,-62000,0,0,0,0,62000,-62000,-62000
064985,台表科元大9C購09,0,0,0,0,0,0,0,0,0,-62000,0,0,0,14000,76000,-62000,-62000
08729P,創意永豐01售01  ,0,0,0,0,0,0,0,0,0,-62000,0,0,0,127000,189000,-62000,-62000
08347P,大立光元大9C售16,0,0,0,0,0,0,0,0,0,-62000,0,0,0,12000,74000,-62000,-62000
067065,為升元大01購03  ,0,0,0,0,0,0,0,0,0,-63000,0,0,0,294000,357000,-63000,-63000
067039,生達凱基01購01  ,0,0,0,0,0,0,0,0,0,-63000,0,0,0,30000,93000,-63000,-63000
066889,元大金中信07購01,0,0,0,0,0,0,0,0,0,-63000,0,0,0,21000,84000,-63000,-63000
03021P,玉晶光群益02售25,0,0,0,0,0,0,0,0,0,-63000,0,0,0,0,63000,-63000,-63000
03165P,台表科元大01售06,0,0,0,0,0,0,0,0,0,-63000,0,0,0,18000,81000,-63000,-63000
059148,百和國票9A購01  ,0,0,0,0,0,0,0,0,0,-63000,0,0,0,0,63000,-63000,-63000
060774,南亞科凱基9A購01,0,0,0,0,0,0,0,0,0,-63000,0,0,0,2000,65000,-63000,-63000
060732,玉晶光群益9C購02,0,0,0,0,0,0,0,0,0,-63000,0,0,0,1000,64000,-63000,-63000
064603,和碩元富9C購01  ,0,0,0,0,0,0,0,0,0,-63000,0,0,0,3000,66000,-63000,-63000
064517,國巨群益02購01  ,0,0,0,0,0,0,0,0,0,-63000,0,0,0,27000,90000,-63000,-63000
064952,國泰金凱基9C購01,0,0,0,0,0,0,0,0,0,-63000,0,0,0,0,63000,-63000,-63000
064029,宏達電元大9C購01,0,0,0,0,0,0,0,0,0,-63000,0,0,0,22000,85000,-63000,-63000
064536,富邦金國票01購01,0,0,0,0,0,0,0,0,0,-63000,0,0,0,184000,247000,-63000,-63000
063922,大立光元富9C購04,0,0,0,0,0,0,0,0,0,-63000,0,0,0,223000,286000,-63000,-63000
066720,滬深2X元大01購07,0,0,0,0,0,0,0,0,0,-63000,0,0,0,30000,93000,-63000,-63000
065672,嘉晶凱基01購01  ,0,0,0,0,0,0,0,0,0,-63000,0,0,0,16000,79000,-63000,-63000
08157P,大立光元富9B售06,0,0,0,0,0,0,0,0,0,-64000,0,0,0,0,64000,-64000,-64000
068558,聯電元大01購07  ,0,0,0,0,0,0,0,0,0,-64000,0,0,0,197000,261000,-64000,-64000
068576,台積電國泰03購07,0,0,0,0,0,0,0,0,0,-64000,0,0,0,226000,290000,-64000,-64000
068804,大立光群益02購05,0,0,0,0,0,0,0,0,0,-64000,0,0,0,65000,129000,-64000,-64000
059580,大立光元富99購07,0,0,0,0,0,0,0,0,0,-64000,0,0,0,49000,113000,-64000,-64000
060159,健和興永豐9A購01,0,0,0,0,0,0,0,0,0,-64000,0,0,0,0,64000,-64000,-64000
056395,玉晶光永豐9B購01,0,0,0,0,0,0,0,0,0,-64000,0,0,0,69000,133000,-64000,-64000
03272P,台積電統一02售10,0,0,0,0,0,0,0,0,0,-64000,0,0,0,5000,69000,-64000,-64000
060468,聯鈞元大9A購02  ,0,0,0,0,0,0,0,0,0,-64000,0,0,0,11000,75000,-64000,-64000
063515,香港2X凱基01購01,0,0,0,0,0,0,0,0,0,-64000,0,0,0,1000,65000,-64000,-64000
063356,台表科元富02購01,0,0,0,0,0,0,0,0,0,-64000,0,0,0,0,64000,-64000,-64000
066084,國巨富邦05購01  ,0,0,0,0,0,0,0,0,0,-64000,0,0,0,278000,342000,-64000,-64000
066033,南六群益02購01  ,0,0,0,0,0,0,0,0,0,-64000,0,0,0,67000,131000,-64000,-64000
066302,卜蜂永豐01購01  ,0,0,0,0,0,0,0,0,0,-64000,0,0,0,0,64000,-64000,-64000
066445,牧德群益01購01  ,0,0,0,0,0,0,0,0,0,-64000,0,0,0,67000,131000,-64000,-64000
065017,和大富邦03購01  ,0,0,0,0,0,0,0,0,0,-64000,0,0,0,0,64000,-64000,-64000
068290,大立光群益01購12,0,0,0,0,0,0,0,0,0,-65000,0,0,0,92000,157000,-65000,-65000
06836P,玉晶光國票99售06,0,0,0,0,0,0,0,0,0,-65000,0,0,0,50000,115000,-65000,-65000
08159P,日月光元富9B售01,0,0,0,0,0,0,0,0,0,-65000,0,0,0,95000,160000,-65000,-65000
069009,聯詠兆豐03購02  ,0,0,0,0,0,0,0,0,0,-65000,0,0,0,0,65000,-65000,-65000
069032,台光電統一04購01,0,0,0,0,0,0,0,0,0,-65000,0,0,0,0,65000,-65000,-65000
07294P,滬深2X元富9C售08,0,0,0,0,0,0,0,0,0,-65000,0,0,0,0,65000,-65000,-65000
066964,T50反1元富07購04,0,0,0,0,0,0,0,0,0,-65000,0,0,0,0,65000,-65000,-65000
03105P,大立光元富04售02,0,0,0,0,0,0,0,0,0,-65000,0,0,0,0,65000,-65000,-65000
057287,彩晶元大9C購03  ,0,0,0,0,0,0,0,0,0,-65000,0,0,0,227000,292000,-65000,-65000
059028,嘉聯益台新99購02,0,0,0,0,0,0,0,0,0,-65000,0,0,0,0,65000,-65000,-65000
057925,貿聯凱基99購01  ,0,0,0,0,0,0,0,0,0,-65000,0,0,0,1000,66000,-65000,-65000
057947,和碩國票99購01  ,0,0,0,0,0,0,0,0,0,-65000,0,0,0,0,65000,-65000,-65000
062296,南六永豐9B購02  ,0,0,0,0,0,0,0,0,0,-65000,0,0,0,8000,73000,-65000,-65000
064297,台郡國票01購01  ,0,0,0,0,0,0,0,0,0,-65000,0,0,0,50000,115000,-65000,-65000
061892,亞德客永豐9B購01,0,0,0,0,0,0,0,0,0,-65000,0,0,0,50000,115000,-65000,-65000
065994,南六永豐01購01  ,0,0,0,0,0,0,0,0,0,-65000,0,0,0,40000,105000,-65000,-65000
065673,嘉晶凱基01購02  ,0,0,0,0,0,0,0,0,0,-65000,0,0,0,5000,70000,-65000,-65000
065781,創意富邦01購01  ,0,0,0,0,0,0,0,0,0,-65000,0,0,0,9000,74000,-65000,-65000
08898P,台積電群益01售15,0,0,0,0,0,0,0,0,0,-65000,0,0,0,0,65000,-65000,-65000
2471,資通            ,12000,77000,-65000,0,0,0,0,0,0,0,0,0,0,0,0,0,-65000
6285,啟碁            ,235379,345000,-109621,0,0,0,2000,1000,1000,43000,80000,2000,78000,46000,81000,-35000,-65621
067563,上緯控國票02購01,0,0,0,0,0,0,0,0,0,-66000,0,0,0,14000,80000,-66000,-66000
068570,日月光元大01購06,0,0,0,0,0,0,0,0,0,-66000,0,0,0,0,66000,-66000,-66000
058570,臻鼎凱基9A購01  ,0,0,0,0,0,0,0,0,0,-66000,0,0,0,111000,177000,-66000,-66000
060265,宏達電國票9A購02,0,0,0,0,0,0,0,0,0,-66000,0,0,0,31000,97000,-66000,-66000
055259,玉晶光統一9A購01,0,0,0,0,0,0,0,0,0,-66000,0,0,0,160000,226000,-66000,-66000
060360,南亞科元富9A購02,0,0,0,0,0,0,0,0,0,-66000,0,0,0,65000,131000,-66000,-66000
064356,矽創元大01購01  ,0,0,0,0,0,0,0,0,0,-66000,0,0,0,343000,409000,-66000,-66000
066157,晶碩康和01購01  ,0,0,0,0,0,0,0,0,0,-66000,0,0,0,7000,73000,-66000,-66000
066552,大立光元大01購08,0,0,0,0,0,0,0,0,0,-66000,0,0,0,201000,267000,-66000,-66000
065051,和碩凱基02購01  ,0,0,0,0,0,0,0,0,0,-66000,0,0,0,0,66000,-66000,-66000
08999P,玉晶光群益02售16,0,0,0,0,0,0,0,0,0,-66000,0,0,0,0,66000,-66000,-66000
08304P,大立光中信02售01,0,0,0,0,0,0,0,0,0,-66000,0,0,0,55000,121000,-66000,-66000
08192P,大毅國票9B售05  ,0,0,0,0,0,0,0,0,0,-66000,0,0,0,0,66000,-66000,-66000
08172P,台積電凱基03售02,0,0,0,0,0,0,0,0,0,-66000,0,0,0,90000,156000,-66000,-66000
069048,台積電元富08購14,0,0,0,0,0,0,0,0,0,-67000,0,0,0,0,67000,-67000,-67000
067459,微星永豐01購01  ,0,0,0,0,0,0,0,0,0,-67000,0,0,0,173000,240000,-67000,-67000
00700,富邦恒生國企    ,0,0,0,0,0,0,0,0,0,-67000,0,0,0,50000,117000,-67000,-67000
059170,康控凱基9B購01  ,0,0,0,0,0,0,0,0,0,-67000,0,0,0,3000,70000,-67000,-67000
064243,TPK統一02購02   ,0,0,0,0,0,0,0,0,0,-67000,0,0,0,49000,116000,-67000,-67000
063427,南六凱基9B購04  ,0,0,0,0,0,0,0,0,0,-67000,0,0,0,84000,151000,-67000,-67000
061470,鈺齊群益9A購02  ,0,0,0,0,0,0,0,0,0,-67000,0,0,0,33000,100000,-67000,-67000
064674,鈺齊元大9C購01  ,0,0,0,0,0,0,0,0,0,-67000,0,0,0,132000,199000,-67000,-67000
064755,南亞科凱基01購02,0,0,0,0,0,0,0,0,0,-67000,0,0,0,0,67000,-67000,-67000
06485P,玉晶光群益9A售02,0,0,0,0,0,0,0,0,0,-67000,0,0,0,0,67000,-67000,-67000
065760,和碩元大9C購02  ,0,0,0,0,0,0,0,0,0,-67000,0,0,0,1000,68000,-67000,-67000
08560P,茂林國票01售01  ,0,10000,-10000,0,0,0,0,0,0,-57000,0,0,0,20000,77000,-57000,-67000
067055,上証2X元大01購03,0,0,0,0,0,0,0,0,0,-68000,0,0,0,5000,73000,-68000,-68000
067816,玉晶光凱基01購05,0,0,0,0,0,0,0,0,0,-68000,0,0,0,1000,69000,-68000,-68000
059189,國泰金富邦9B購01,0,0,0,0,0,0,0,0,0,-68000,0,0,0,2000,70000,-68000,-68000
060295,貿聯元大9A購03  ,0,0,0,0,0,0,0,0,0,-68000,0,0,0,0,68000,-68000,-68000
060300,佐登國泰9B購01  ,0,0,0,0,0,0,0,0,0,-68000,0,0,0,2000,70000,-68000,-68000
063588,華新科永豐9B購02,0,0,0,0,0,0,0,0,0,-68000,0,0,0,0,68000,-68000,-68000
03251P,台灣50台新03售01,0,0,0,0,0,0,0,0,0,-68000,0,0,0,0,68000,-68000,-68000
063307,同欣電凱基9B購02,0,0,0,0,0,0,0,0,0,-68000,0,0,0,0,68000,-68000,-68000
063153,南六元富9B購01  ,0,0,0,0,0,0,0,0,0,-68000,0,0,0,93000,161000,-68000,-68000
064245,GIS統一02購02   ,0,0,0,0,0,0,0,0,0,-68000,0,0,0,177000,245000,-68000,-68000
064592,同欣電永豐9C購01,0,0,0,0,0,0,0,0,0,-68000,0,0,0,0,68000,-68000,-68000
061084,京元電兆豐9A購02,0,0,0,0,0,0,0,0,0,-68000,0,0,0,68000,136000,-68000,-68000
060864,可成永豐9A購01  ,0,0,0,0,0,0,0,0,0,-68000,0,0,0,0,68000,-68000,-68000
066743,和碩元大01購01  ,0,0,0,0,0,0,0,0,0,-68000,0,0,0,0,68000,-68000,-68000
066764,聯鈞永豐01購01  ,0,0,0,0,0,0,0,0,0,-68000,0,0,0,0,68000,-68000,-68000
064792,美律國票9C購01  ,0,0,0,0,0,0,0,0,0,-68000,0,0,0,55000,123000,-68000,-68000
064665,南亞科元大9C購06,0,0,0,0,0,0,0,0,0,-68000,0,0,0,0,68000,-68000,-68000
065001,中橡國票9C購01  ,0,0,0,0,0,0,0,0,0,-68000,0,0,0,0,68000,-68000,-68000
08623P,健策群益01售04  ,0,0,0,0,0,0,0,0,0,-68000,0,0,0,47000,115000,-68000,-68000
5534,長虹            ,34622,128000,-93378,0,0,0,0,0,0,25000,26000,1000,25000,0,0,0,-68378
08042P,臺股指群益9B售15,0,0,0,0,0,0,0,0,0,-69000,0,0,0,11000,80000,-69000,-69000
068201,玉晶光凱基02購07,0,0,0,0,0,0,0,0,0,-69000,0,0,0,68000,137000,-69000,-69000
03151P,聯發科群益01售14,0,0,0,0,0,0,0,0,0,-69000,0,0,0,0,69000,-69000,-69000
055034,建準富邦99購01  ,0,0,0,0,0,0,0,0,0,-69000,0,0,0,4000,73000,-69000,-69000
057568,友訊永豐99購01  ,0,0,0,0,0,0,0,0,0,-69000,0,0,0,0,69000,-69000,-69000
064566,大立光群益9C購04,0,0,0,0,0,0,0,0,0,-69000,0,0,0,1000,70000,-69000,-69000
066479,國巨元富07購01  ,0,0,0,0,0,0,0,0,0,-69000,0,0,0,74000,143000,-69000,-69000
065998,友訊國票01購02  ,0,0,0,0,0,0,0,0,0,-69000,0,0,0,1000,70000,-69000,-69000
08604P,金融類元大9C售01,0,0,0,0,0,0,0,0,0,-69000,0,0,0,15000,84000,-69000,-69000
2867,三商壽          ,521000,610000,-89000,0,0,0,0,2000,-2000,22000,22000,0,22000,0,0,0,-69000
2009,第一銅          ,1000,70000,-69000,0,0,0,0,0,0,0,0,0,0,0,0,0,-69000
068230,亞光元富04購01  ,0,0,0,0,0,0,0,0,0,-70000,0,0,0,0,70000,-70000,-70000
068252,晶技元大01購05  ,0,0,0,0,0,0,0,0,0,-70000,0,0,0,166000,236000,-70000,-70000
07532P,台灣50中信01售02,0,0,0,0,0,0,0,0,0,-70000,0,0,0,0,70000,-70000,-70000
069049,華邦電元富08購01,0,0,0,0,0,0,0,0,0,-70000,0,0,0,0,70000,-70000,-70000
07081P,南電群益9A售01  ,0,0,0,0,0,0,0,0,0,-70000,0,0,0,0,70000,-70000,-70000
067787,致伸群益03購01  ,0,0,0,0,0,0,0,0,0,-70000,0,0,0,10000,80000,-70000,-70000
067725,旭富凱基01購03  ,0,0,0,0,0,0,0,0,0,-70000,0,0,0,0,70000,-70000,-70000
067966,聯發科群益01購09,0,0,0,0,0,0,0,0,0,-70000,0,0,0,0,70000,-70000,-70000
067285,欣興國票02購01  ,0,0,0,0,0,0,0,0,0,-70000,0,0,0,264000,334000,-70000,-70000
067353,可成群益02購01  ,0,0,0,0,0,0,0,0,0,-70000,0,0,0,4000,74000,-70000,-70000
060009,南亞科群益99購03,0,0,0,0,0,0,0,0,0,-70000,0,0,0,10000,80000,-70000,-70000
056726,友達日盛9A購01  ,0,0,0,0,0,0,0,0,0,-70000,0,0,0,17000,87000,-70000,-70000
056392,玉晶光富邦9C購01,0,0,0,0,0,0,0,0,0,-70000,0,0,0,12000,82000,-70000,-70000
053328,滬深2X永豐99購01,0,0,0,0,0,0,0,0,0,-70000,0,0,0,60000,130000,-70000,-70000
03331P,臺股指群益02售05,0,0,0,0,0,0,0,0,0,-70000,0,0,0,0,70000,-70000,-70000
060841,宏達電國票9B購01,0,0,0,0,0,0,0,0,0,-70000,0,0,0,22000,92000,-70000,-70000
061006,新光金兆豐9A購01,0,0,0,0,0,0,0,0,0,-70000,0,0,0,50000,120000,-70000,-70000
060716,新唐永豐9A購01  ,0,0,0,0,0,0,0,0,0,-70000,0,0,0,38000,108000,-70000,-70000
062557,台光電凱基9B購02,0,0,0,0,0,0,0,0,0,-70000,0,0,0,0,70000,-70000,-70000
062970,智邦元富9B購01  ,0,0,0,0,0,0,0,0,0,-70000,0,0,0,5000,75000,-70000,-70000
062934,大成鋼凱基9B購02,0,0,0,0,0,0,0,0,0,-70000,0,0,0,0,70000,-70000,-70000
062807,和碩統一9B購01  ,0,0,0,0,0,0,0,0,0,-70000,0,0,0,0,70000,-70000,-70000
066162,泰豐凱基01購01  ,0,0,0,0,0,0,0,0,0,-70000,0,0,0,0,70000,-70000,-70000
065669,義隆凱基01購03  ,0,0,0,0,0,0,0,0,0,-70000,0,0,0,14000,84000,-70000,-70000
065676,臻鼎凱基9C購04  ,0,0,0,0,0,0,0,0,0,-70000,0,0,0,126000,196000,-70000,-70000
066842,卜蜂元大01購01  ,0,0,0,0,0,0,0,0,0,-70000,0,0,0,100000,170000,-70000,-70000
066640,達麗凱基01購01  ,0,0,0,0,0,0,0,0,0,-70000,0,0,0,0,70000,-70000,-70000
064641,神隆凱基9C購01  ,0,0,0,0,0,0,0,0,0,-70000,0,0,0,50000,120000,-70000,-70000
08289P,智邦統一9C售01  ,0,0,0,0,0,0,0,0,0,-70000,0,0,0,0,70000,-70000,-70000
08809P,台灣50群益01售07,0,0,0,0,0,0,0,0,0,-70000,0,0,0,6000,76000,-70000,-70000
8131,福懋科          ,32000,76000,-44000,0,0,0,0,0,0,-26000,0,26000,-26000,0,0,0,-70000
055623,貿聯國泰99購01  ,0,0,0,0,0,0,0,0,0,-71000,0,0,0,40000,111000,-71000,-71000
062194,遠東新中信9C購01,0,0,0,0,0,0,0,0,0,-71000,0,0,0,38000,109000,-71000,-71000
065682,健策統一9C購07  ,0,0,0,0,0,0,0,0,0,-71000,0,0,0,81000,152000,-71000,-71000
065692,國巨群益9C購17  ,0,0,0,0,0,0,0,0,0,-71000,0,0,0,1000,72000,-71000,-71000
5546,永固-KY         ,19000,10000,9000,0,0,0,0,0,0,-80000,0,80000,-80000,0,0,0,-71000
2852,第一保          ,4000,75000,-71000,0,0,0,0,0,0,0,0,0,0,0,0,0,-71000
067470,國巨元大01購10  ,0,0,0,0,0,0,0,0,0,-72000,0,0,0,114000,186000,-72000,-72000
068080,台表科凱基02購03,0,0,0,0,0,0,0,0,0,-72000,0,0,0,0,72000,-72000,-72000
067715,泰豐凱基02購01  ,0,0,0,0,0,0,0,0,0,-72000,0,0,0,0,72000,-72000,-72000
06859P,元金2X中信9C售01,0,0,0,0,0,0,0,0,0,-72000,0,0,0,0,72000,-72000,-72000
060546,旺宏凱基9A購02  ,0,0,0,0,0,0,0,0,0,-72000,0,0,0,3000,75000,-72000,-72000
065694,國巨群益9C購19  ,0,0,0,0,0,0,0,0,0,-72000,0,0,0,1000,73000,-72000,-72000
066808,牧德凱基01購01  ,0,0,0,0,0,0,0,0,0,-72000,0,0,0,0,72000,-72000,-72000
063804,華邦電兆豐01購01,0,0,0,0,0,0,0,0,0,-72000,0,0,0,32000,104000,-72000,-72000
063917,南六凱基02購01  ,0,0,0,0,0,0,0,0,0,-72000,0,0,0,130000,202000,-72000,-72000
065352,GIS統一01購04   ,0,0,0,0,0,0,0,0,0,-72000,0,0,0,71000,143000,-72000,-72000
2022,聚亨            ,10000,82000,-72000,0,0,0,0,0,0,0,0,0,0,0,0,0,-72000
08037P,台表科群益9B售02,0,0,0,0,0,0,0,0,0,-73000,0,0,0,0,73000,-73000,-73000
067407,南六永豐01購03  ,0,0,0,0,0,0,0,0,0,-73000,0,0,0,27000,100000,-73000,-73000
03074P,大立光國泰03售05,0,0,0,0,0,0,0,0,0,-73000,0,0,0,20000,93000,-73000,-73000
058284,滬深反群益01購01,0,0,0,0,0,0,0,0,0,-73000,0,0,0,0,73000,-73000,-73000
064495,南亞科元大9C購03,0,0,0,0,0,0,0,0,0,-73000,0,0,0,0,73000,-73000,-73000
063366,台表科富邦9C購02,0,0,0,0,0,0,0,0,0,-73000,0,0,0,0,73000,-73000,-73000
065361,上銀元大9C購11  ,0,0,0,0,0,0,0,0,0,-73000,0,0,0,7000,80000,-73000,-73000
064531,旭富兆豐9C購01  ,0,0,0,0,0,0,0,0,0,-73000,0,0,0,5000,78000,-73000,-73000
064732,GIS統一01購03   ,0,0,0,0,0,0,0,0,0,-73000,0,0,0,359000,432000,-73000,-73000
08797P,健策凱基02售03  ,0,0,0,0,0,0,0,0,0,-73000,0,0,0,113000,186000,-73000,-73000
067281,T50反1國票01購05,0,0,0,0,0,0,0,0,0,-74000,0,0,0,899000,973000,-74000,-74000
067209,瑞昱元大01購04  ,0,0,0,0,0,0,0,0,0,-74000,0,0,0,580000,654000,-74000,-74000
067241,信邦群益01購01  ,0,0,0,0,0,0,0,0,0,-74000,0,0,0,17000,91000,-74000,-74000
067754,元金2X元大01購02,0,0,0,0,0,0,0,0,0,-74000,0,0,0,15000,89000,-74000,-74000
067597,國巨凱基02購06  ,0,0,0,0,0,0,0,0,0,-74000,0,0,0,2000,76000,-74000,-74000
068200,亞光凱基01購01  ,0,0,0,0,0,0,0,0,0,-74000,0,0,0,17000,91000,-74000,-74000
060240,富邦金元大9A購01,0,0,0,0,0,0,0,0,0,-74000,0,0,0,59000,133000,-74000,-74000
00753L,中信中國50正2   ,0,0,0,0,0,0,0,0,0,-74000,0,0,0,639000,713000,-74000,-74000
055218,彩晶凱基99購01  ,0,0,0,0,0,0,0,0,0,-74000,0,0,0,10000,84000,-74000,-74000
061427,旭富元大9A購02  ,0,0,0,0,0,0,0,0,0,-74000,0,0,0,9000,83000,-74000,-74000
060984,南亞科元大9A購07,0,0,0,0,0,0,0,0,0,-74000,0,0,0,0,74000,-74000,-74000
063198,仁寶統一01購02  ,0,0,0,0,0,0,0,0,0,-74000,0,0,0,21000,95000,-74000,-74000
065779,台勝科國泰01購02,0,0,0,0,0,0,0,0,0,-74000,0,0,0,255000,329000,-74000,-74000
066175,聯鈞凱基01購01  ,0,0,0,0,0,0,0,0,0,-74000,0,0,0,24000,98000,-74000,-74000
07756P,台灣50國票04售01,0,0,0,0,0,0,0,0,0,-75000,0,0,0,0,75000,-75000,-75000
067960,帆宣永豐01購01  ,0,0,0,0,0,0,0,0,0,-75000,0,0,0,236000,311000,-75000,-75000
067921,旭富永豐01購02  ,0,0,0,0,0,0,0,0,0,-75000,0,0,0,0,75000,-75000,-75000
067429,國揚凱基02購01  ,0,0,0,0,0,0,0,0,0,-75000,0,0,0,49000,124000,-75000,-75000
03237P,大立光元大02售04,0,0,0,0,0,0,0,0,0,-75000,0,0,0,0,75000,-75000,-75000
058310,大立光元大99購10,0,0,0,0,0,0,0,0,0,-75000,0,0,0,5000,80000,-75000,-75000
063128,智伸科元大9B購01,0,0,0,0,0,0,0,0,0,-75000,0,0,0,0,75000,-75000,-75000
066594,聯詠群益01購01  ,0,0,0,0,0,0,0,0,0,-75000,0,0,0,78000,153000,-75000,-75000
066316,台船永豐01購01  ,0,0,0,0,0,0,0,0,0,-75000,0,0,0,15000,90000,-75000,-75000
065235,旭富凱基02購01  ,0,0,0,0,0,0,0,0,0,-75000,0,0,0,25000,100000,-75000,-75000
08691P,鎧勝中信05售02  ,0,40000,-40000,0,0,0,0,0,0,-35000,0,0,0,53000,88000,-35000,-75000
08187P,大毅群益9B售04  ,0,0,0,0,0,0,0,0,0,-75000,0,0,0,100000,175000,-75000,-75000
6598,ABC-KY          ,84000,159000,-75000,0,0,0,0,0,0,0,0,0,0,0,0,0,-75000
9934,成霖            ,67000,145000,-78000,0,0,0,0,0,0,3000,6000,3000,3000,0,0,0,-75000
057973,神達富邦9A購01  ,0,0,0,0,0,0,0,0,0,-76000,0,0,0,0,76000,-76000,-76000
059454,亞光永豐99購01  ,0,0,0,0,0,0,0,0,0,-76000,0,0,0,97000,173000,-76000,-76000
03210P,美食國票03售01  ,0,0,0,0,0,0,0,0,0,-76000,0,0,0,0,76000,-76000,-76000
065138,上銀凱基02購01  ,0,0,0,0,0,0,0,0,0,-76000,0,0,0,73000,149000,-76000,-76000
065060,上銀群益9C購02  ,0,0,0,0,0,0,0,0,0,-76000,0,0,0,20000,96000,-76000,-76000
066823,國巨群益02購02  ,0,0,0,0,0,0,0,0,0,-76000,0,0,0,77000,153000,-76000,-76000
066651,創意康和01購04  ,0,0,0,0,0,0,0,0,0,-76000,0,0,0,52000,128000,-76000,-76000
066628,宏達電凱基03購01,0,0,0,0,0,0,0,0,0,-76000,0,0,0,21000,97000,-76000,-76000
08443P,臺股指麥證01售02,0,0,0,1919000,1995000,-76000,0,0,0,-76000,0,0,0,1919000,1995000,-76000,-76000
067411,矽格兆豐03購01  ,0,0,0,0,0,0,0,0,0,-77000,0,0,0,28000,105000,-77000,-77000
067386,巨大統一02購02  ,0,0,0,0,0,0,0,0,0,-77000,0,0,0,271000,348000,-77000,-77000
03067P,南亞科群益01售01,0,0,0,0,0,0,0,0,0,-77000,0,0,0,26000,103000,-77000,-77000
058936,國喬中信99購01  ,0,0,0,0,0,0,0,0,0,-77000,0,0,0,90000,167000,-77000,-77000
060127,牧德永豐99購02  ,0,0,0,0,0,0,0,0,0,-77000,0,0,0,0,77000,-77000,-77000
062801,宏達電統一01購01,0,0,0,0,0,0,0,0,0,-77000,0,0,0,148000,225000,-77000,-77000
064439,大立光凱基03購02,0,0,0,0,0,0,0,0,0,-77000,0,0,0,121000,198000,-77000,-77000
06602P,國巨統一99售02  ,0,0,0,0,0,0,0,0,0,-77000,0,0,0,0,77000,-77000,-77000
065052,南六凱基02購02  ,0,0,0,0,0,0,0,0,0,-77000,0,0,0,50000,127000,-77000,-77000
065527,巨大群益9C購03  ,0,0,0,0,0,0,0,0,0,-77000,0,0,0,66000,143000,-77000,-77000
08673P,友訊元富01售03  ,0,0,0,0,0,0,0,0,0,-77000,0,0,0,33000,110000,-77000,-77000
08873P,欣興永豐01售01  ,0,0,0,0,0,0,0,0,0,-77000,0,0,0,39000,116000,-77000,-77000
068197,聯發科凱基01購19,0,0,0,0,0,0,0,0,0,-78000,0,0,0,40000,118000,-78000,-78000
068492,聯發科元大01購29,0,0,0,0,0,0,0,0,0,-78000,0,0,0,112000,190000,-78000,-78000
058438,大立光統一9B購01,0,0,0,0,0,0,0,0,0,-78000,0,0,0,46000,124000,-78000,-78000
055487,國巨元大98購07  ,0,0,0,0,0,0,0,0,0,-78000,0,0,0,42000,120000,-78000,-78000
059886,可成國票99購04  ,0,0,0,0,0,0,0,0,0,-78000,0,0,0,0,78000,-78000,-78000
064957,台表科凱基02購02,0,0,0,0,0,0,0,0,0,-78000,0,0,0,16000,94000,-78000,-78000
06675P,國巨國票99售02  ,0,0,0,0,0,0,0,0,0,-78000,0,0,0,0,78000,-78000,-78000
08952P,台積電元富07售08,0,0,0,0,0,0,0,0,0,-78000,0,0,0,0,78000,-78000,-78000
08504P,臺股指國票9C售06,0,0,0,0,0,0,0,0,0,-78000,0,0,0,318000,396000,-78000,-78000
068943,大立光日盛02購01,0,0,0,0,0,0,0,0,0,-79000,0,0,0,0,79000,-79000,-79000
066885,牧德永豐01購02  ,0,0,0,0,0,0,0,0,0,-79000,0,0,0,2000,81000,-79000,-79000
067554,聚陽國票02購02  ,0,0,0,0,0,0,0,0,0,-79000,0,0,0,21000,100000,-79000,-79000
067733,力山元大01購01  ,0,0,0,0,0,0,0,0,0,-79000,0,0,0,173000,252000,-79000,-79000
057914,日月光日盛9A購01,0,0,0,0,0,0,0,0,0,-79000,0,0,0,61000,140000,-79000,-79000
058527,世紀鋼元大99購01,0,0,0,0,0,0,0,0,0,-79000,0,0,0,0,79000,-79000,-79000
061195,健策永豐9B購02  ,0,0,0,0,0,0,0,0,0,-79000,0,0,0,5000,84000,-79000,-79000
060983,南亞科元大9A購06,0,0,0,0,0,0,0,0,0,-79000,0,0,0,43000,122000,-79000,-79000
063760,聯詠統一9C購02  ,0,0,0,0,0,0,0,0,0,-79000,0,0,0,2000,81000,-79000,-79000
063547,大立光兆豐9B購04,0,0,0,0,0,0,0,0,0,-79000,0,0,0,35000,114000,-79000,-79000
066335,潤泰全永豐01購01,0,0,0,0,0,0,0,0,0,-79000,0,0,0,83000,162000,-79000,-79000
066200,建準統一02購01  ,0,0,0,0,0,0,0,0,0,-79000,0,0,0,74000,153000,-79000,-79000
064877,可成兆豐9C購02  ,0,0,0,0,0,0,0,0,0,-79000,0,0,0,0,79000,-79000,-79000
2850,新產            ,0,71000,-71000,0,0,0,0,0,0,-8000,0,8000,-8000,0,0,0,-79000
2642,宅配通          ,6000,83000,-77000,0,0,0,0,0,0,-2000,1000,3000,-2000,0,0,0,-79000
2029,盛餘            ,4000,89798,-85798,0,0,0,0,0,0,6000,13000,7000,6000,0,0,0,-79798
067713,聚陽凱基01購02  ,0,0,0,0,0,0,0,0,0,-80000,0,0,0,7000,87000,-80000,-80000
068006,玉晶光元大03購03,0,0,0,0,0,0,0,0,0,-80000,0,0,0,0,80000,-80000,-80000
068140,鴻海元大01購24  ,0,0,0,0,0,0,0,0,0,-80000,0,0,0,20000,100000,-80000,-80000
067034,台郡康和01購01  ,0,0,0,0,0,0,0,0,0,-80000,0,0,0,20000,100000,-80000,-80000
068485,台達電元大01購05,0,0,0,0,0,0,0,0,0,-80000,0,0,0,118000,198000,-80000,-80000
068439,信邦凱基01購02  ,0,0,0,0,0,0,0,0,0,-80000,0,0,0,70000,150000,-80000,-80000
058929,可成統一9C購01  ,0,0,0,0,0,0,0,0,0,-80000,0,0,0,230000,310000,-80000,-80000
063257,牧德國泰01購01  ,0,0,0,0,0,0,0,0,0,-80000,0,0,0,5000,85000,-80000,-80000
054422,T50反1富邦9A購01,0,0,0,0,0,0,0,0,0,-80000,0,0,0,0,80000,-80000,-80000
053317,友達群益9A購02  ,0,0,0,0,0,0,0,0,0,-80000,0,0,0,0,80000,-80000,-80000
052491,泰碩國票99購01  ,0,0,0,0,0,0,0,0,0,-80000,0,0,0,20000,100000,-80000,-80000
063755,上銀統一9C購03  ,0,0,0,0,0,0,0,0,0,-80000,0,0,0,0,80000,-80000,-80000
063643,臻鼎元大9B購03  ,0,0,0,0,0,0,0,0,0,-80000,0,0,0,142000,222000,-80000,-80000
062259,可成元大9B購03  ,0,0,0,0,0,0,0,0,0,-80000,0,0,0,0,80000,-80000,-80000
062605,上銀凱基9B購03  ,0,0,0,0,0,0,0,0,0,-80000,0,0,0,20000,100000,-80000,-80000
062884,康控兆豐9C購01  ,0,0,0,0,0,0,0,0,0,-80000,0,0,0,0,80000,-80000,-80000
060522,鴻海中信9A購03  ,0,0,0,0,0,0,0,0,0,-80000,0,0,0,0,80000,-80000,-80000
063215,台表科國票9C購02,0,0,0,0,0,0,0,0,0,-80000,0,0,0,10000,90000,-80000,-80000
064119,上銀元大9C購06  ,0,0,0,0,0,0,0,0,0,-80000,0,0,0,0,80000,-80000,-80000
06615P,鴻海元大9C售02  ,0,0,0,0,0,0,0,0,0,-80000,0,0,0,20000,100000,-80000,-80000
065977,旭富元大02購01  ,0,0,0,0,0,0,0,0,0,-80000,0,0,0,98000,178000,-80000,-80000
066450,松翰群益01購01  ,0,0,0,0,0,0,0,0,0,-80000,0,0,0,10000,90000,-80000,-80000
08222P,南六凱基9B售05  ,0,0,0,0,0,0,0,0,0,-80000,0,0,0,0,80000,-80000,-80000
08988P,華碩國票01售02  ,0,0,0,0,0,0,0,0,0,-80000,0,0,0,60000,140000,-80000,-80000
08640P,台灣50群益9C售07,0,0,0,0,0,0,0,0,0,-80000,0,0,0,0,80000,-80000,-80000
068508,世紀鋼元大01購05,0,0,0,0,0,0,0,0,0,-81000,0,0,0,4000,85000,-81000,-81000
08148P,長榮航群益9B售03,0,0,0,0,0,0,0,0,0,-81000,0,0,0,0,81000,-81000,-81000
067557,可成國票01購01  ,0,0,0,0,0,0,0,0,0,-81000,0,0,0,4000,85000,-81000,-81000
03069P,大毅群益01售04  ,0,0,0,0,0,0,0,0,0,-81000,0,0,0,100000,181000,-81000,-81000
059949,啟碁永豐99購01  ,0,0,0,0,0,0,0,0,0,-81000,0,0,0,671000,752000,-81000,-81000
059925,可成國泰9B購01  ,0,0,0,0,0,0,0,0,0,-81000,0,0,0,79000,160000,-81000,-81000
057638,上銀元大99購01  ,0,0,0,0,0,0,0,0,0,-81000,0,0,0,5000,86000,-81000,-81000
058353,國巨凱基99購09  ,0,0,0,0,0,0,0,0,0,-81000,0,0,0,0,81000,-81000,-81000
061018,台積電國票9B購05,0,0,0,0,0,0,0,0,0,-81000,0,0,0,11000,92000,-81000,-81000
063276,和大元大9B購01  ,0,0,0,0,0,0,0,0,0,-81000,0,0,0,0,81000,-81000,-81000
066577,巨大元大01購02  ,0,0,0,0,0,0,0,0,0,-81000,0,0,0,46000,127000,-81000,-81000
064081,國產中信06購01  ,0,0,0,0,0,0,0,0,0,-81000,0,0,0,55000,136000,-81000,-81000
064984,同欣電元大9C購06,0,0,0,0,0,0,0,0,0,-81000,0,0,0,20000,101000,-81000,-81000
2545,皇翔            ,8000,89000,-81000,0,0,0,0,0,0,0,0,0,0,0,0,0,-81000
068459,玉晶光國票03購04,0,0,0,0,0,0,0,0,0,-82000,0,0,0,1000,83000,-82000,-82000
061092,可成統一9C購02  ,0,0,0,0,0,0,0,0,0,-82000,0,0,0,10000,92000,-82000,-82000
063180,台塑凱基9B購01  ,0,0,0,0,0,0,0,0,0,-82000,0,0,0,0,82000,-82000,-82000
061257,上銀凱基9A購06  ,0,0,0,0,0,0,0,0,0,-82000,0,0,0,3000,85000,-82000,-82000
061661,京鼎永豐9A購02  ,0,0,0,0,0,0,0,0,0,-82000,0,0,0,90000,172000,-82000,-82000
061868,旺宏元大9B購03  ,0,0,0,0,0,0,0,0,0,-82000,0,0,0,0,82000,-82000,-82000
065515,大立光群益02購01,0,0,0,0,0,0,0,0,0,-82000,0,0,0,21000,103000,-82000,-82000
08457P,大毅元大9C售03  ,0,0,0,0,0,0,0,0,0,-82000,0,0,0,31000,113000,-82000,-82000
068425,道瓊銀凱基04購01,0,0,0,0,0,0,0,0,0,-83000,0,0,0,21000,104000,-83000,-83000
068403,南亞科元富07購01,0,0,0,0,0,0,0,0,0,-83000,0,0,0,0,83000,-83000,-83000
08061P,大毅國票9B售04  ,0,0,0,0,0,0,0,0,0,-83000,0,0,0,0,83000,-83000,-83000
067776,巨大統一03購02  ,0,0,0,0,0,0,0,0,0,-83000,0,0,0,0,83000,-83000,-83000
067895,玉晶光群益02購09,0,0,0,0,0,0,0,0,0,-83000,0,0,0,45000,128000,-83000,-83000
060170,世紀鋼永豐9A購01,0,0,0,0,0,0,0,0,0,-83000,0,0,0,0,83000,-83000,-83000
061987,大立光元大9B購03,0,0,0,0,0,0,0,0,0,-83000,0,0,0,88000,171000,-83000,-83000
03116P,玉晶光康和01售02,0,0,0,0,0,0,0,0,0,-83000,0,0,0,0,83000,-83000,-83000
061877,貿聯元大9B購01  ,0,0,0,0,0,0,0,0,0,-83000,0,0,0,67000,150000,-83000,-83000
064493,南亞科元大9C購01,0,0,0,0,0,0,0,0,0,-83000,0,0,0,0,83000,-83000,-83000
064310,華新科群益9C購02,0,0,0,0,0,0,0,0,0,-83000,0,0,0,15000,98000,-83000,-83000
064088,大立光凱基02購01,0,0,0,0,0,0,0,0,0,-83000,0,0,0,100000,183000,-83000,-83000
065906,瑞昱永豐9C購01  ,0,0,0,0,0,0,0,0,0,-83000,0,0,0,72000,155000,-83000,-83000
065932,世紀鋼國票02購01,0,0,0,0,0,0,0,0,0,-83000,0,0,0,0,83000,-83000,-83000
5203,訊連            ,93000,181000,-88000,0,0,0,0,0,0,5000,8000,0,8000,1000,4000,-3000,-83000
068843,國巨統一03購05  ,0,0,0,0,0,0,0,0,0,-84000,0,0,0,51000,135000,-84000,-84000
068418,微星兆豐03購01  ,0,0,0,0,0,0,0,0,0,-84000,0,0,0,136000,220000,-84000,-84000
068437,宏達電凱基01購03,0,0,0,0,0,0,0,0,0,-84000,0,0,0,27000,111000,-84000,-84000
059797,大立光國票99購01,0,0,0,0,0,0,0,0,0,-84000,0,0,0,49000,133000,-84000,-84000
054472,道瓊反中信9A購01,0,0,0,0,0,0,0,0,0,-84000,0,0,0,43000,127000,-84000,-84000
063570,嘉晶元大9C購02  ,0,0,0,0,0,0,0,0,0,-84000,0,0,0,27000,111000,-84000,-84000
063608,力成凱基9B購03  ,0,0,0,0,0,0,0,0,0,-84000,0,0,0,0,84000,-84000,-84000
060637,玉晶光永豐9A購03,0,0,0,0,0,0,0,0,0,-84000,0,0,0,5000,89000,-84000,-84000
057733,嘉聯益國泰99購01,0,0,0,0,0,0,0,0,0,-84000,0,0,0,92000,176000,-84000,-84000
058957,貿聯國票9A購01  ,0,0,0,0,0,0,0,0,0,-84000,0,0,0,0,84000,-84000,-84000
064267,南六永豐9C購03  ,0,0,0,0,0,0,0,0,0,-84000,0,0,0,28000,112000,-84000,-84000
062761,嘉晶凱基9C購01  ,0,0,0,0,0,0,0,0,0,-84000,0,0,0,46000,130000,-84000,-84000
063706,台虹群益9B購01  ,0,0,0,0,0,0,0,0,0,-84000,0,0,0,10000,94000,-84000,-84000
065766,南電元大9C購08  ,0,0,0,0,0,0,0,0,0,-84000,0,0,0,101000,185000,-84000,-84000
08949P,臺股指國票01售06,0,0,0,0,0,0,0,0,0,-84000,0,0,0,1000,85000,-84000,-84000
067937,玉晶光凱基02購04,0,0,0,0,0,0,0,0,0,-85000,0,0,0,86000,171000,-85000,-85000
059689,南亞科永豐99購02,0,0,0,0,0,0,0,0,0,-85000,0,0,0,0,85000,-85000,-85000
057700,新日興群益9A購01,0,0,0,0,0,0,0,0,0,-85000,0,0,0,10000,95000,-85000,-85000
057796,鴻海兆豐99購03  ,0,0,0,0,0,0,0,0,0,-85000,0,0,0,15000,100000,-85000,-85000
03319P,健策元富03售01  ,0,0,0,0,0,0,0,0,0,-85000,0,0,0,0,85000,-85000,-85000
060826,牧德元大9B購02  ,0,0,0,0,0,0,0,0,0,-85000,0,0,0,15000,100000,-85000,-85000
066700,瑞昱群益01購01  ,0,0,0,0,0,0,0,0,0,-85000,0,0,0,71000,156000,-85000,-85000
063877,鴻海元富9C購01  ,0,0,0,0,0,0,0,0,0,-85000,0,0,0,0,85000,-85000,-85000
08994P,台灣50群益01售11,0,0,0,0,0,0,0,0,0,-85000,0,0,0,70000,155000,-85000,-85000
08246P,亞德客群益01售01,0,0,0,0,0,0,0,0,0,-85000,0,0,0,120000,205000,-85000,-85000
2723,美食-KY         ,76000,160000,-84000,0,0,0,1000,0,1000,-2000,0,0,0,0,2000,-2000,-85000
068155,國揚元大01購03  ,0,0,0,0,0,0,0,0,0,-86000,0,0,0,64000,150000,-86000,-86000
067602,億光凱基01購01  ,0,0,0,0,0,0,0,0,0,-86000,0,0,0,25000,111000,-86000,-86000
068337,同欣電元大01購05,0,0,0,0,0,0,0,0,0,-86000,0,0,0,100000,186000,-86000,-86000
06956P,國巨日盛99售04  ,0,0,0,0,0,0,0,0,0,-86000,0,0,0,0,86000,-86000,-86000
060509,宏達電元大9A購02,0,0,0,0,0,0,0,0,0,-86000,0,0,0,21000,107000,-86000,-86000
062850,友訊永豐9B購01  ,0,0,0,0,0,0,0,0,0,-86000,0,0,0,0,86000,-86000,-86000
063510,台表科群益9C購01,0,0,0,0,0,0,0,0,0,-86000,0,0,0,95000,181000,-86000,-86000
065165,上銀元大9C購09  ,0,0,0,0,0,0,0,0,0,-86000,0,0,0,26000,112000,-86000,-86000
065224,和大凱基02購02  ,0,0,0,0,0,0,0,0,0,-86000,0,0,0,14000,100000,-86000,-86000
2506,太設            ,0,78000,-78000,0,0,0,0,0,0,-8000,0,8000,-8000,0,0,0,-86000
2430,燦坤            ,1000,77000,-76000,0,0,0,0,0,0,-10000,0,10000,-10000,0,0,0,-86000
3048,益登            ,52000,125000,-73000,0,0,0,0,0,0,-13000,1000,14000,-13000,0,0,0,-86000
5531,鄉林            ,55000,141000,-86000,0,0,0,0,0,0,0,0,0,0,0,0,0,-86000
068728,宏達電元大02購03,0,0,0,0,0,0,0,0,0,-87000,0,0,0,21000,108000,-87000,-87000
068154,聯發科元大01購23,0,0,0,0,0,0,0,0,0,-87000,0,0,0,306000,393000,-87000,-87000
067360,日月光群益01購01,0,0,0,0,0,0,0,0,0,-87000,0,0,0,110000,197000,-87000,-87000
061991,牧德元大9C購01  ,0,0,0,0,0,0,0,0,0,-87000,0,0,0,112000,199000,-87000,-87000
062236,信邦凱基9B購01  ,0,0,0,0,0,0,0,0,0,-87000,0,0,0,64000,151000,-87000,-87000
062097,台光電永豐9B購01,0,0,0,0,0,0,0,0,0,-87000,0,0,0,10000,97000,-87000,-87000
064393,友訊永豐9C購01  ,0,0,0,0,0,0,0,0,0,-87000,0,0,0,0,87000,-87000,-87000
065298,健策統一9C購06  ,0,0,0,0,0,0,0,0,0,-87000,0,0,0,24000,111000,-87000,-87000
066800,晶豪科凱基02購01,0,0,0,0,0,0,0,0,0,-87000,0,0,0,140000,227000,-87000,-87000
065940,立積群益02購01  ,0,0,0,0,0,0,0,0,0,-87000,0,0,0,41000,128000,-87000,-87000
065838,鴻海元大03購01  ,10000,0,10000,0,0,0,0,0,0,-97000,0,0,0,193000,290000,-97000,-87000
066066,鴻海凱基01購05  ,0,0,0,0,0,0,0,0,0,-87000,0,0,0,0,87000,-87000,-87000
8011,台通            ,134000,221000,-87000,0,0,0,0,0,0,0,0,0,0,0,0,0,-87000
063597,健策中信9B購02  ,0,0,0,0,0,0,0,0,0,-88000,0,0,0,10000,98000,-88000,-88000
057844,新日興永豐99購01,0,0,0,0,0,0,0,0,0,-88000,0,0,0,0,88000,-88000,-88000
062523,世紀鋼元大9C購03,0,0,0,0,0,0,0,0,0,-88000,0,0,0,18000,106000,-88000,-88000
066202,大立光統一02購07,0,0,0,0,0,0,0,0,0,-88000,0,0,0,72000,160000,-88000,-88000
067211,聯發科元大01購19,0,0,0,0,0,0,0,0,0,-89000,0,0,0,38000,127000,-89000,-89000
068753,聯發科國泰06購01,0,0,0,0,0,0,0,0,0,-89000,0,0,0,0,89000,-89000,-89000
068566,聯發科元大01購31,0,0,0,0,0,0,0,0,0,-89000,0,0,0,31000,120000,-89000,-89000
060014,中鋼康和99購01  ,0,0,0,0,0,0,0,0,0,-89000,0,0,0,17000,106000,-89000,-89000
062187,台勝科元大9B購02,0,0,0,0,0,0,0,0,0,-89000,0,0,0,59000,148000,-89000,-89000
064406,健策凱基03購01  ,0,0,0,0,0,0,0,0,0,-89000,0,0,0,4000,93000,-89000,-89000
061141,臻鼎統一9A購01  ,0,0,0,0,0,0,0,0,0,-89000,0,0,0,242000,331000,-89000,-89000
6715,嘉基            ,12000,133000,-121000,0,0,0,42000,0,42000,-10000,0,0,0,12000,22000,-10000,-89000
1449,佳和            ,50000,139000,-89000,0,0,0,0,0,0,0,0,0,0,0,0,0,-89000
08610P,鴻海凱基9C售05  ,0,0,0,0,0,0,0,0,0,-89000,0,0,0,110000,199000,-89000,-89000
1231,聯華食          ,12000,101000,-89000,0,0,0,0,0,0,0,0,0,0,0,0,0,-89000
068696,聯詠凱基02購03  ,0,0,0,0,0,0,0,0,0,-90000,0,0,0,22000,112000,-90000,-90000
068964,晶技群益02購01  ,0,0,0,0,0,0,0,0,0,-90000,0,0,0,3000,93000,-90000,-90000
059988,大立光元大9A購02,0,0,0,0,0,0,0,0,0,-90000,0,0,0,10000,100000,-90000,-90000
03150P,台積電群益03售01,0,0,0,0,0,0,0,0,0,-90000,0,0,0,0,90000,-90000,-90000
03692C,T50反1元大05牛01,0,0,0,0,0,0,0,0,0,-90000,0,0,0,0,90000,-90000,-90000
061922,瑞昱凱基9B購01  ,0,0,0,0,0,0,0,0,0,-90000,0,0,0,88000,178000,-90000,-90000
062298,國巨第一9B購01  ,0,0,0,0,0,0,0,0,0,-90000,0,0,0,10000,100000,-90000,-90000
063328,京元電國票9C購02,0,0,0,0,0,0,0,0,0,-90000,0,0,0,0,90000,-90000,-90000
065887,巨大元富9C購01  ,0,0,0,0,0,0,0,0,0,-90000,0,0,0,10000,100000,-90000,-90000
065688,緯創元富9C購02  ,0,0,0,0,0,0,0,0,0,-90000,0,0,0,11000,101000,-90000,-90000
066410,潤泰新凱基01購01,0,0,0,0,0,0,0,0,0,-90000,0,0,0,171000,261000,-90000,-90000
065046,玉晶光凱基01購03,0,0,0,0,0,0,0,0,0,-90000,0,0,0,1000,91000,-90000,-90000
08492P,大立光元大9C售22,0,0,0,0,0,0,0,0,0,-90000,0,0,0,10000,100000,-90000,-90000
08299P,玉晶光國票02售01,0,0,0,0,0,0,0,0,0,-90000,0,0,0,30000,120000,-90000,-90000
08357P,聯發科元大9C售09,0,0,0,0,0,0,0,0,0,-90000,0,0,0,30000,120000,-90000,-90000
6525,捷敏-KY         ,52000,39000,13000,0,0,0,0,99000,-99000,-4000,2000,6000,-4000,0,0,0,-90000
068195,瑞昱凱基02購02  ,0,0,0,0,0,0,0,0,0,-91000,0,0,0,179000,270000,-91000,-91000
067038,滬深2X凱基04購02,0,0,0,0,0,0,0,0,0,-91000,0,0,0,15000,106000,-91000,-91000
03118P,台積電國票01售07,0,0,0,0,0,0,0,0,0,-91000,0,0,0,52000,143000,-91000,-91000
03091P,臺股指元大01售20,0,0,0,0,0,0,0,0,0,-91000,0,0,0,70000,161000,-91000,-91000
03052X,元展49          ,0,0,0,0,0,0,0,0,0,-91000,0,0,0,0,91000,-91000,-91000
059919,宏達電元大99購06,0,0,0,0,0,0,0,0,0,-91000,0,0,0,22000,113000,-91000,-91000
062248,國巨元大9B購08  ,0,0,0,0,0,0,0,0,0,-91000,0,0,0,81000,172000,-91000,-91000
064280,大立光元大9C購11,0,0,0,0,0,0,0,0,0,-91000,0,0,0,200000,291000,-91000,-91000
060882,大立光中信9A購05,0,0,0,0,0,0,0,0,0,-91000,0,0,0,0,91000,-91000,-91000
065038,上銀凱基9C購02  ,0,0,0,0,0,0,0,0,0,-91000,0,0,0,3000,94000,-91000,-91000
063830,智伸科國票01購01,0,0,0,0,0,0,0,0,0,-91000,0,0,0,0,91000,-91000,-91000
08993P,彩晶元大01售02  ,0,0,0,0,0,0,0,0,0,-91000,0,0,0,20000,111000,-91000,-91000
067485,緯創元大01購01  ,100000,0,100000,0,0,0,0,0,0,-192000,0,0,0,46000,238000,-192000,-92000
068095,GIS群益01購01   ,0,0,0,0,0,0,0,0,0,-92000,0,0,0,131000,223000,-92000,-92000
068311,牧德國票03購02  ,0,0,0,0,0,0,0,0,0,-92000,0,0,0,23000,115000,-92000,-92000
068373,華通永豐01購02  ,30000,0,30000,0,0,0,0,0,0,-122000,0,0,0,389000,511000,-122000,-92000
00662,富邦NASDAQ      ,0,1000,-1000,0,0,0,0,0,0,-91000,0,12000,-12000,91000,170000,-79000,-92000
057573,京鼎永豐98購02  ,0,0,0,0,0,0,0,0,0,-92000,0,0,0,0,92000,-92000,-92000
060888,金像電統一9C購01,0,0,0,0,0,0,0,0,0,-92000,0,0,0,15000,107000,-92000,-92000
061278,和大統一9A購01  ,0,0,0,0,0,0,0,0,0,-92000,0,0,0,0,92000,-92000,-92000
063458,正隆元大9B購01  ,0,0,0,0,0,0,0,0,0,-92000,0,0,0,129000,221000,-92000,-92000
064524,GIS群益02購01   ,0,0,0,0,0,0,0,0,0,-92000,0,0,0,246000,338000,-92000,-92000
065255,上銀元大01購01  ,0,0,0,0,0,0,0,0,0,-92000,0,0,0,0,92000,-92000,-92000
08780P,聯發科群益02售06,0,0,0,0,0,0,0,0,0,-92000,0,0,0,0,92000,-92000,-92000
3024,憶聲            ,110000,204000,-94000,0,0,0,0,0,0,2000,2000,0,2000,0,0,0,-92000
07494P,葡萄王元大9A售03,0,0,0,0,0,0,0,0,0,-93000,0,0,0,0,93000,-93000,-93000
06798P,臺股指凱基98售08,0,0,0,0,0,0,0,0,0,-93000,0,0,0,0,93000,-93000,-93000
057328,京鼎群益99購02  ,0,0,0,0,0,0,0,0,0,-93000,0,0,0,50000,143000,-93000,-93000
060988,華新科元大9A購12,0,0,0,0,0,0,0,0,0,-93000,0,0,0,60000,153000,-93000,-93000
064481,技嘉永豐9C購01  ,0,0,0,0,0,0,0,0,0,-93000,0,0,0,68000,161000,-93000,-93000
065588,聯發科永豐9C購02,0,0,0,0,0,0,0,0,0,-93000,0,0,0,33000,126000,-93000,-93000
066388,力山凱基01購02  ,0,0,0,0,0,0,0,0,0,-93000,0,0,0,171000,264000,-93000,-93000
066301,大成永豐01購01  ,0,0,0,0,0,0,0,0,0,-93000,0,0,0,17000,110000,-93000,-93000
066719,滬深2X元大01購06,0,0,0,0,0,0,0,0,0,-93000,0,0,0,710000,803000,-93000,-93000
6192,巨路            ,55000,142000,-87000,0,0,0,0,0,0,-6000,0,6000,-6000,0,0,0,-93000
6155,鈞寶            ,15000,108000,-93000,0,0,0,0,0,0,0,0,0,0,0,0,0,-93000
066911,牧德凱基02購01  ,0,0,0,0,0,0,0,0,0,-94000,0,0,0,27000,121000,-94000,-94000
062851,建準永豐9B購02  ,0,0,0,0,0,0,0,0,0,-94000,0,0,0,164000,258000,-94000,-94000
062697,國巨元大9C購01  ,0,0,0,0,0,0,0,0,0,-94000,0,0,0,76000,170000,-94000,-94000
062030,旭富群益9B購01  ,0,0,0,0,0,0,0,0,0,-94000,0,0,0,6000,100000,-94000,-94000
062471,國泰金凱基9B購02,0,0,0,0,0,0,0,0,0,-94000,0,0,0,0,94000,-94000,-94000
066225,松翰國泰03購01  ,0,0,0,0,0,0,0,0,0,-94000,0,0,0,180000,274000,-94000,-94000
066229,力山富邦04購01  ,0,0,0,0,0,0,0,0,0,-94000,0,0,0,90000,184000,-94000,-94000
1308,亞聚            ,86000,168000,-82000,0,0,0,0,0,0,-12000,0,12000,-12000,0,0,0,-94000
067164,台虹國票02購01  ,0,0,0,0,0,0,0,0,0,-95000,0,0,0,139000,234000,-95000,-95000
068985,瑞儀元大02購04  ,0,0,0,0,0,0,0,0,0,-95000,0,0,0,0,95000,-95000,-95000
068805,欣興群益03購01  ,0,0,0,0,0,0,0,0,0,-95000,0,0,0,96000,191000,-95000,-95000
057946,晶相光國票99購01,0,0,0,0,0,0,0,0,0,-95000,0,0,0,4000,99000,-95000,-95000
058977,SGBR2X凱基03購01,0,0,0,0,0,0,0,0,0,-95000,0,0,0,57000,152000,-95000,-95000
063469,牧德元大9C購02  ,0,0,0,0,0,0,0,0,0,-95000,0,0,0,5000,100000,-95000,-95000
064411,台表科凱基02購01,0,0,0,0,0,0,0,0,0,-95000,0,0,0,7000,102000,-95000,-95000
063218,台塑群益9B購01  ,0,0,0,0,0,0,0,0,0,-95000,0,0,0,60000,155000,-95000,-95000
06552P,茂林元大99售02  ,0,0,0,0,0,0,0,0,0,-95000,0,0,0,15000,110000,-95000,-95000
08715P,創意元富07售02  ,0,0,0,0,0,0,0,0,0,-95000,0,0,0,55000,150000,-95000,-95000
08271P,華通元富9C售01  ,0,0,0,0,0,0,0,0,0,-95000,0,0,0,0,95000,-95000,-95000
2340,光磊            ,448000,545000,-97000,0,0,0,0,0,0,2000,10000,1000,9000,0,7000,-7000,-95000
068919,台積電元富08購09,0,0,0,0,0,0,0,0,0,-96000,0,0,0,4000,100000,-96000,-96000
059677,大立光台新99購01,0,0,0,0,0,0,0,0,0,-96000,0,0,0,0,96000,-96000,-96000
062043,牧德凱基9B購04  ,0,0,0,0,0,0,0,0,0,-96000,0,0,0,0,96000,-96000,-96000
068860,聯發科元富08購01,0,0,0,0,0,0,0,0,0,-97000,0,0,0,200000,297000,-97000,-97000
068677,日月光元富07購01,0,0,0,0,0,0,0,0,0,-97000,0,0,0,12000,109000,-97000,-97000
068607,聯詠凱基01購02  ,0,0,0,0,0,0,0,0,0,-97000,0,0,0,5000,102000,-97000,-97000
067186,晶豪科凱基01購02,0,0,0,0,0,0,0,0,0,-97000,0,0,0,100000,197000,-97000,-97000
067523,上証反群益06購01,0,0,0,0,0,0,0,0,0,-97000,0,0,0,4000,101000,-97000,-97000
058242,玉晶光元大9A購01,0,0,0,0,0,0,0,0,0,-97000,0,0,0,15000,112000,-97000,-97000
055007,晶相光元富9A購02,0,0,0,0,0,0,0,0,0,-97000,0,0,0,2000,99000,-97000,-97000
063539,世紀鋼統一9B購02,0,0,0,0,0,0,0,0,0,-97000,0,0,0,65000,162000,-97000,-97000
064390,台塑永豐9C購01  ,0,0,0,0,0,0,0,0,0,-97000,0,0,0,0,97000,-97000,-97000
064154,大立光統一01購04,0,0,0,0,0,0,0,0,0,-97000,0,0,0,3000,100000,-97000,-97000
064185,裕隆永豐9C購01  ,0,0,0,0,0,0,0,0,0,-97000,0,0,0,72000,169000,-97000,-97000
066411,南紡元大01購01  ,0,0,0,0,0,0,0,0,0,-97000,0,0,0,53000,150000,-97000,-97000
067245,康控群益01購03  ,0,0,0,0,0,0,0,0,0,-98000,0,0,0,0,98000,-98000,-98000
066897,京元電康和01購01,0,0,0,0,0,0,0,0,0,-98000,0,0,0,1000,99000,-98000,-98000
068749,聯詠群益02購01  ,0,0,0,0,0,0,0,0,0,-98000,0,0,0,102000,200000,-98000,-98000
068813,南港元大02購01  ,0,0,0,0,0,0,0,0,0,-98000,0,0,0,0,98000,-98000,-98000
03305P,台達電台新02售01,0,0,0,0,0,0,0,0,0,-98000,0,0,0,19000,117000,-98000,-98000
03113P,南電元大01售09  ,0,0,0,0,0,0,0,0,0,-98000,0,0,0,60000,158000,-98000,-98000
061227,日月光中信9B購01,0,0,0,0,0,0,0,0,0,-98000,0,0,0,135000,233000,-98000,-98000
062228,南六統一02購01  ,0,0,0,0,0,0,0,0,0,-98000,0,0,0,42000,140000,-98000,-98000
066591,華新科群益01購05,0,0,0,0,0,0,0,0,0,-98000,0,0,0,16000,114000,-98000,-98000
065433,緯創凱基9C購01  ,0,0,0,0,0,0,0,0,0,-98000,0,0,0,10000,108000,-98000,-98000
2634,漢翔            ,164000,250000,-86000,0,0,0,0,1000,-1000,-11000,0,0,0,9000,20000,-11000,-98000
4532,瑞智            ,64000,162000,-98000,0,0,0,0,0,0,0,0,0,0,0,0,0,-98000
068397,世紀鋼統一03購01,0,0,0,0,0,0,0,0,0,-99000,0,0,0,79000,178000,-99000,-99000
058699,楠梓電元大99購02,0,0,0,0,0,0,0,0,0,-99000,0,0,0,2000,101000,-99000,-99000
058010,帆宣國票98購01  ,0,0,0,0,0,0,0,0,0,-99000,0,0,0,87000,186000,-99000,-99000
062967,上銀元富9B購01  ,0,0,0,0,0,0,0,0,0,-99000,0,0,0,248000,347000,-99000,-99000
064228,同欣電國票01購01,0,0,0,0,0,0,0,0,0,-99000,0,0,0,0,99000,-99000,-99000
065234,旭富凱基01購01  ,0,0,0,0,0,0,0,0,0,-99000,0,0,0,14000,113000,-99000,-99000
065098,致伸元大9C購02  ,0,0,0,0,0,0,0,0,0,-99000,0,0,0,0,99000,-99000,-99000
064774,聚陽群益9C購04  ,0,0,0,0,0,0,0,0,0,-99000,0,0,0,12000,111000,-99000,-99000
065871,南亞科群益9C購03,0,0,0,0,0,0,0,0,0,-99000,0,0,0,10000,109000,-99000,-99000
08867P,欣興凱基01售03  ,0,0,0,0,0,0,0,0,0,-99000,0,0,0,372000,471000,-99000,-99000
068653,鴻海元大02購03  ,0,0,0,0,0,0,0,0,0,-100000,0,0,0,0,100000,-100000,-100000
068715,為升元大02購01  ,0,0,0,0,0,0,0,0,0,-100000,0,0,0,13000,113000,-100000,-100000
068486,鴻海元大01購26  ,0,0,0,0,0,0,0,0,0,-100000,0,0,0,0,100000,-100000,-100000
06973P,臺股指元大9A售11,0,0,0,0,0,0,0,0,0,-100000,0,0,0,0,100000,-100000,-100000
07107P,臺股指統一99售07,0,0,0,0,0,0,0,0,0,-100000,0,0,0,0,100000,-100000,-100000
07466P,亞德客元大9A售02,0,0,0,0,0,0,0,0,0,-100000,0,0,0,0,100000,-100000,-100000
07503P,禾伸堂元大9A售01,0,0,0,0,0,0,0,0,0,-100000,0,0,0,0,100000,-100000,-100000
07557P,玉晶光元大9A售09,0,0,0,0,0,0,0,0,0,-100000,0,0,0,0,100000,-100000,-100000
07689P,旺宏元大9A售13  ,0,0,0,0,0,0,0,0,0,-100000,0,0,0,0,100000,-100000,-100000
07841P,臻鼎元大9A售04  ,0,0,0,0,0,0,0,0,0,-100000,0,0,0,0,100000,-100000,-100000
08026P,臺股指凱基9B售12,0,0,0,0,0,0,0,0,0,-100000,0,0,0,0,100000,-100000,-100000
08036P,嘉澤群益9B售03  ,0,0,0,0,0,0,0,0,0,-100000,0,0,0,33000,133000,-100000,-100000
066952,亞光元大01購03  ,0,0,0,0,0,0,0,0,0,-100000,0,0,0,0,100000,-100000,-100000
066945,鴻海元大01購14  ,0,0,0,0,0,0,0,0,0,-100000,0,0,0,0,100000,-100000,-100000
067075,亞光元大01購04  ,0,0,0,0,0,0,0,0,0,-100000,0,0,0,0,100000,-100000,-100000
067480,可成元大01購07  ,0,0,0,0,0,0,0,0,0,-100000,0,0,0,0,100000,-100000,-100000
068156,新光金元大02購01,0,0,0,0,0,0,0,0,0,-100000,0,0,0,0,100000,-100000,-100000
067710,同欣電元富04購01,0,0,0,0,0,0,0,0,0,-100000,0,0,0,0,100000,-100000,-100000
067747,同欣電元大01購04,0,0,0,0,0,0,0,0,0,-100000,0,0,0,0,100000,-100000,-100000
057895,全新元富9B購01  ,0,0,0,0,0,0,0,0,0,-100000,0,0,0,0,100000,-100000,-100000
058197,國巨中信99購02  ,0,0,0,0,0,0,0,0,0,-100000,0,0,0,0,100000,-100000,-100000
058328,世紀鋼統一9B購01,0,0,0,0,0,0,0,0,0,-100000,0,0,0,124000,224000,-100000,-100000
058356,華邦電凱基99購01,0,0,0,0,0,0,0,0,0,-100000,0,0,0,0,100000,-100000,-100000
059008,鈺齊元大99購03  ,0,0,0,0,0,0,0,0,0,-100000,0,0,0,129000,229000,-100000,-100000
057527,億光元大98購01  ,0,0,0,0,0,0,0,0,0,-100000,0,0,0,0,100000,-100000,-100000
060194,旭富元富9A購01  ,0,0,0,0,0,0,0,0,0,-100000,0,0,0,0,100000,-100000,-100000
054565,玉晶光群益99購02,0,0,0,0,0,0,0,0,0,-100000,0,0,0,0,100000,-100000,-100000
054058,晶豪科國票98購01,0,0,0,0,0,0,0,0,0,-100000,0,0,0,0,100000,-100000,-100000
055874,中環元富9A購01  ,0,0,0,0,0,0,0,0,0,-100000,0,0,0,100000,200000,-100000,-100000
056977,國巨群益9A購01  ,0,0,0,0,0,0,0,0,0,-100000,0,0,0,0,100000,-100000,-100000
057049,新日興元大98購02,0,0,0,0,0,0,0,0,0,-100000,0,0,0,0,100000,-100000,-100000
03209P,台積電國票02售05,0,0,0,0,0,0,0,0,0,-100000,0,0,0,0,100000,-100000,-100000
03326P,臺股指凱基05售01,0,0,0,0,0,0,0,0,0,-100000,0,0,0,0,100000,-100000,-100000
061839,華新科凱基05購04,0,0,0,0,0,0,0,0,0,-100000,0,0,0,0,100000,-100000,-100000
064339,大立光元大01購01,0,0,0,0,0,0,0,0,0,-100000,0,0,0,0,100000,-100000,-100000
060770,宏達電麥證9A購01,0,0,0,0,122000,-122000,0,0,0,-100000,0,0,0,22000,122000,-100000,-100000
061527,牧德凱基9A購02  ,0,0,0,0,0,0,0,0,0,-100000,0,0,0,0,100000,-100000,-100000
060868,致伸永豐9A購01  ,0,0,0,0,0,0,0,0,0,-100000,0,0,0,0,100000,-100000,-100000
061062,和大凱基9A購02  ,0,0,0,0,0,0,0,0,0,-100000,0,0,0,0,100000,-100000,-100000
062802,宏達電統一9B購01,0,0,0,0,0,0,0,0,0,-100000,0,0,0,2000,102000,-100000,-100000
063475,同欣電元大9C購01,0,0,0,0,0,0,0,0,0,-100000,0,0,0,44000,144000,-100000,-100000
065963,鴻海元大01購05  ,0,0,0,0,0,0,0,0,0,-100000,0,0,0,0,100000,-100000,-100000
065964,鴻海元大02購01  ,0,0,0,0,0,0,0,0,0,-100000,0,0,0,0,100000,-100000,-100000
066196,南港統一03購01  ,0,0,0,0,0,0,0,0,0,-100000,0,0,0,20000,120000,-100000,-100000
066168,強茂凱基01購02  ,0,0,0,0,0,0,0,0,0,-100000,0,0,0,111000,211000,-100000,-100000
066427,牧德元大02購03  ,0,0,0,0,0,0,0,0,0,-100000,0,0,0,0,100000,-100000,-100000
066733,大立光元大01購10,0,0,0,0,0,0,0,0,0,-100000,0,0,0,100000,200000,-100000,-100000
066663,達欣工凱基01購01,0,0,0,0,0,0,0,0,0,-100000,0,0,0,0,100000,-100000,-100000
066845,亞光元大01購02  ,0,0,0,0,0,0,0,0,0,-100000,0,0,0,0,100000,-100000,-100000
063881,嘉晶元富9C購01  ,0,0,0,0,0,0,0,0,0,-100000,0,0,0,0,100000,-100000,-100000
08919P,臺股指凱基01售10,0,0,0,0,0,0,0,0,0,-100000,0,0,0,0,100000,-100000,-100000
08679P,台灣50元大01售15,0,0,0,0,0,0,0,0,0,-100000,0,0,0,0,100000,-100000,-100000
9945,潤泰新          ,1456644,1654000,-197356,0,0,0,0,0,0,97000,118000,2000,116000,59000,78000,-19000,-100356
067995,瑞昱元大02購01  ,0,0,0,0,0,0,0,0,0,-101000,0,0,0,359000,460000,-101000,-101000
067923,台勝科中信01購01,0,0,0,0,0,0,0,0,0,-101000,0,0,0,35000,136000,-101000,-101000
068916,聯詠群益03購02  ,0,0,0,0,0,0,0,0,0,-101000,0,0,0,50000,151000,-101000,-101000
068980,欣興元大02購06  ,0,0,0,0,0,0,0,0,0,-101000,0,0,0,12000,113000,-101000,-101000
068711,瑞儀國票03購02  ,0,0,0,0,0,0,0,0,0,-101000,0,0,0,110000,211000,-101000,-101000
068686,瑞儀中信02購01  ,0,0,0,0,0,0,0,0,0,-101000,0,0,0,0,101000,-101000,-101000
060212,華航康和9A購01  ,0,0,0,0,0,0,0,0,0,-101000,0,0,0,0,101000,-101000,-101000
057479,致茂元大98購03  ,0,0,0,0,0,0,0,0,0,-101000,0,0,0,0,101000,-101000,-101000
063106,台表科群益9B購03,0,0,0,0,0,0,0,0,0,-101000,0,0,0,13000,114000,-101000,-101000
062971,英業達元富9B購01,0,0,0,0,0,0,0,0,0,-101000,0,0,0,8000,109000,-101000,-101000
061638,國泰金元大9A購03,0,0,0,0,0,0,0,0,0,-101000,0,0,0,0,101000,-101000,-101000
065215,義隆國泰02購02  ,0,0,0,0,0,0,0,0,0,-101000,0,0,0,4000,105000,-101000,-101000
1789,神隆            ,513000,531000,-18000,0,0,0,0,0,0,-83000,0,59000,-59000,3000,27000,-24000,-101000
068683,聯電永豐02購02  ,0,0,0,0,0,0,0,0,0,-102000,0,0,0,148000,250000,-102000,-102000
068257,聯發科國泰03購05,0,0,0,0,0,0,0,0,0,-102000,0,0,0,529000,631000,-102000,-102000
067768,鴻海統一03購05  ,0,0,0,0,0,0,0,0,0,-102000,0,0,0,0,102000,-102000,-102000
061378,南六永豐9A購03  ,0,0,0,0,0,0,0,0,0,-102000,0,0,0,52000,154000,-102000,-102000
059488,大立光兆豐99購03,0,0,0,0,0,0,0,0,0,-102000,0,0,0,10000,112000,-102000,-102000
058251,百和元大99購03  ,0,0,0,0,0,0,0,0,0,-102000,0,0,0,0,102000,-102000,-102000
061477,晶豪科元大9A購01,0,0,0,0,0,0,0,0,0,-102000,0,0,0,28000,130000,-102000,-102000
063827,國巨國票02購01  ,0,0,0,0,0,0,0,0,0,-102000,0,0,0,59000,161000,-102000,-102000
066149,潤泰新群益01購01,0,0,0,0,0,0,0,0,0,-102000,0,0,0,221000,323000,-102000,-102000
065973,嘉晶元大01購03  ,0,0,0,0,0,0,0,0,0,-102000,0,0,0,53000,155000,-102000,-102000
065662,台勝科永豐9C購01,0,0,0,0,0,0,0,0,0,-102000,0,0,0,0,102000,-102000,-102000
065778,南亞科國泰01購01,0,0,0,0,0,0,0,0,0,-102000,0,0,0,16000,118000,-102000,-102000
1218,泰山            ,32000,127000,-95000,0,0,0,0,0,0,-7000,0,0,0,10000,17000,-7000,-102000
068818,聯發科元大02購06,0,0,0,0,0,0,0,0,0,-103000,0,0,0,44000,147000,-103000,-103000
068865,茂林元富08購01  ,0,0,0,0,0,0,0,0,0,-103000,0,0,0,317000,420000,-103000,-103000
057536,康控元大99購03  ,0,0,0,0,0,0,0,0,0,-103000,0,0,0,6000,109000,-103000,-103000
03075P,泰碩國泰03售01  ,0,0,0,0,0,0,0,0,0,-103000,0,0,0,0,103000,-103000,-103000
061432,世紀鋼元大9A購05,0,0,0,0,0,0,0,0,0,-103000,0,0,0,5000,108000,-103000,-103000
060762,長榮航元大9A購02,0,0,0,0,0,0,0,0,0,-103000,0,0,0,0,103000,-103000,-103000
066074,文曄凱基01購01  ,0,0,0,0,0,0,0,0,0,-103000,0,0,0,177000,280000,-103000,-103000
9940,信義            ,66000,125000,-59000,0,0,0,0,0,0,-44000,1000,45000,-44000,0,0,0,-103000
068846,台積電統一04購06,0,0,0,0,0,0,0,0,0,-104000,0,0,0,0,104000,-104000,-104000
068709,上緯控國票03購01,0,0,0,0,0,0,0,0,0,-104000,0,0,0,31000,135000,-104000,-104000
067307,聯詠元大01購06  ,1000,0,1000,0,0,0,0,0,0,-105000,0,0,0,303000,408000,-105000,-104000
06242P,大立光元富9A售02,0,0,0,0,0,0,0,0,0,-104000,0,0,0,0,104000,-104000,-104000
062063,世紀鋼統一9C購01,0,0,0,0,0,0,0,0,0,-104000,0,0,0,112000,216000,-104000,-104000
063284,大立光元大9B購07,0,0,0,0,0,0,0,0,0,-104000,0,0,0,103000,207000,-104000,-104000
063370,國巨永豐9B購03  ,0,0,0,0,0,0,0,0,0,-104000,0,0,0,2000,106000,-104000,-104000
065749,友訊元大9C購03  ,0,0,0,0,0,0,0,0,0,-104000,0,0,0,55000,159000,-104000,-104000
6449,鈺邦            ,49000,157000,-108000,0,0,0,0,0,0,4000,6000,2000,4000,0,0,0,-104000
2331,精英            ,146000,246000,-100000,0,0,0,0,0,0,-4000,1000,5000,-4000,0,0,0,-104000
2388,威盛            ,740000,844126,-104126,0,0,0,0,0,0,0,0,0,0,0,0,0,-104126
068249,聯發科元大01購25,0,0,0,0,0,0,0,0,0,-105000,0,0,0,62000,167000,-105000,-105000
062776,鴻海元大9B購03  ,0,0,0,0,0,0,0,0,0,-105000,0,0,0,10000,115000,-105000,-105000
060411,達新永豐9A購01  ,0,0,0,0,0,0,0,0,0,-105000,0,0,0,0,105000,-105000,-105000
064285,貿聯元大9C購02  ,0,0,0,0,0,0,0,0,0,-105000,0,0,0,50000,155000,-105000,-105000
066554,嘉晶元大01購05  ,0,0,0,0,0,0,0,0,0,-105000,0,0,0,47000,152000,-105000,-105000
066525,創意統一03購01  ,0,0,0,0,0,0,0,0,0,-105000,0,0,0,25000,130000,-105000,-105000
064523,聯茂群益9C購01  ,0,0,0,0,0,0,0,0,0,-105000,0,0,0,31000,136000,-105000,-105000
064648,臻鼎凱基9C購02  ,0,0,0,0,0,0,0,0,0,-105000,0,0,0,178000,283000,-105000,-105000
065257,友訊元大01購01  ,0,0,0,0,0,0,0,0,0,-105000,0,0,0,0,105000,-105000,-105000
08930P,嘉晶元富07售04  ,0,0,0,0,0,0,0,0,0,-105000,0,0,0,20000,125000,-105000,-105000
07874P,長榮航群益9B售01,0,0,0,0,0,0,0,0,0,-106000,0,0,0,0,106000,-106000,-106000
066980,台光電群益01購02,0,0,0,0,0,0,0,0,0,-106000,0,0,0,4000,110000,-106000,-106000
067542,旭富群益01購03  ,0,0,0,0,0,0,0,0,0,-106000,0,0,0,94000,200000,-106000,-106000
061017,國泰金麥證9A購01,0,0,0,14000,120000,-106000,0,0,0,-106000,0,0,0,14000,120000,-106000,-106000
061581,貿聯元大9A購05  ,0,0,0,0,0,0,0,0,0,-106000,0,0,0,55000,161000,-106000,-106000
061597,南六永豐9A購04  ,0,0,0,0,0,0,0,0,0,-106000,0,0,0,90000,196000,-106000,-106000
065236,旭富凱基9C購01  ,0,0,0,0,0,0,0,0,0,-106000,0,0,0,0,106000,-106000,-106000
08821P,旺宏凱基01售01  ,0,0,0,0,0,0,0,0,0,-106000,0,0,0,25000,131000,-106000,-106000
08608P,臺股指富邦9C售06,0,0,0,0,0,0,0,0,0,-106000,0,0,0,0,106000,-106000,-106000
067662,聚陽元大01購03  ,0,0,0,0,0,0,0,0,0,-107000,0,0,0,88000,195000,-107000,-107000
067946,聯發科國泰03購04,0,0,0,0,0,0,0,0,0,-107000,0,0,0,255000,362000,-107000,-107000
066969,可成元富07購01  ,0,0,0,0,0,0,0,0,0,-107000,0,0,0,0,107000,-107000,-107000
067394,國巨永豐01購01  ,0,0,0,0,0,0,0,0,0,-107000,0,0,0,2000,109000,-107000,-107000
068975,瑞昱元大02購03  ,0,0,0,0,0,0,0,0,0,-107000,0,0,0,94000,201000,-107000,-107000
068537,信邦中信01購01  ,0,0,0,0,0,0,0,0,0,-107000,0,0,0,15000,122000,-107000,-107000
066828,聯發科群益02購05,0,0,0,0,0,0,0,0,0,-107000,0,0,0,3000,110000,-107000,-107000
1714,和桐            ,557000,664000,-107000,0,0,0,0,0,0,0,0,0,0,0,0,0,-107000
068561,台積電元大01購52,0,0,0,0,0,0,0,0,0,-108000,0,0,0,35000,143000,-108000,-108000
068762,牧德永豐02購01  ,0,0,0,0,0,0,0,0,0,-108000,0,0,0,9000,117000,-108000,-108000
07471P,南亞科元大9A售01,0,0,0,0,0,0,0,0,0,-108000,0,0,0,200000,308000,-108000,-108000
07300P,臺股指元大9A售33,0,0,0,0,0,0,0,0,0,-108000,0,0,0,2000,110000,-108000,-108000
062673,台新金中信03購01,0,0,0,0,0,0,0,0,0,-108000,0,0,0,18000,126000,-108000,-108000
066550,國泰金元大01購01,0,0,0,0,0,0,0,0,0,-108000,0,0,0,0,108000,-108000,-108000
065108,建準國票01購01  ,0,10000,-10000,0,0,0,0,0,0,-98000,0,0,0,16000,114000,-98000,-108000
064953,嘉晶凱基9C購02  ,0,0,0,0,0,0,0,0,0,-108000,0,0,0,5000,113000,-108000,-108000
064010,GIS凱基02購01   ,0,0,0,0,0,0,0,0,0,-108000,0,0,0,66000,174000,-108000,-108000
064758,可成凱基02購02  ,0,0,0,0,0,0,0,0,0,-108000,0,0,0,0,108000,-108000,-108000
068538,帆宣中信01購03  ,0,0,0,0,0,0,0,0,0,-109000,0,0,0,180000,289000,-109000,-109000
068206,牧德凱基01購03  ,0,0,0,0,0,0,0,0,0,-109000,0,0,0,78000,187000,-109000,-109000
068087,臺股指凱基04購04,0,0,0,0,0,0,0,0,0,-109000,0,0,0,111000,220000,-109000,-109000
051597,T50反1中信99購02,0,0,0,0,0,0,0,0,0,-109000,0,0,0,55000,164000,-109000,-109000
058802,矽創元大99購02  ,0,0,0,0,0,0,0,0,0,-109000,0,0,0,41000,150000,-109000,-109000
058581,大立光群益99購05,0,0,0,0,0,0,0,0,0,-109000,0,0,0,0,109000,-109000,-109000
062324,上銀統一9B購04  ,0,0,0,0,0,0,0,0,0,-109000,0,0,0,50000,159000,-109000,-109000
063928,可成統一01購02  ,0,0,0,0,0,0,0,0,0,-109000,0,0,0,35000,144000,-109000,-109000
065398,國泰金群益9C購01,0,0,0,0,0,0,0,0,0,-109000,0,0,0,0,109000,-109000,-109000
066636,健策凱基01購02  ,0,0,0,0,0,0,0,0,0,-109000,0,0,0,1000,110000,-109000,-109000
1611,中電            ,17000,126000,-109000,0,0,0,0,0,0,0,0,0,0,0,0,0,-109000
08872P,臺股指群益01售05,0,0,0,0,0,0,0,0,0,-109000,0,0,0,179000,288000,-109000,-109000
08134P,臺股指元大9B售40,0,0,0,0,0,0,0,0,0,-110000,0,0,0,0,110000,-110000,-110000
060437,宏全永豐9A購01  ,0,0,0,0,0,0,0,0,0,-110000,0,0,0,223000,333000,-110000,-110000
061087,國巨統一01購04  ,0,0,0,0,0,0,0,0,0,-110000,0,0,0,2000,112000,-110000,-110000
061668,信邦中信9B購01  ,0,0,0,0,0,0,0,0,0,-110000,0,0,0,0,110000,-110000,-110000
061680,崇越元大9A購01  ,0,0,0,0,0,0,0,0,0,-110000,0,0,0,10000,120000,-110000,-110000
065962,鴻海元大01購04  ,0,0,0,0,0,0,0,0,0,-110000,0,0,0,0,110000,-110000,-110000
066034,南六群益02購02  ,0,0,0,0,0,0,0,0,0,-110000,0,0,0,48000,158000,-110000,-110000
063959,GIS元大9C購02   ,0,0,0,0,0,0,0,0,0,-110000,0,0,0,44000,154000,-110000,-110000
064815,台表科元大01購01,0,0,0,0,0,0,0,0,0,-110000,0,0,0,22000,132000,-110000,-110000
2109,華豐            ,4000,114000,-110000,0,0,0,0,0,0,0,0,0,0,0,0,0,-110000
07845P,南亞科元大9A售08,0,0,0,0,0,0,0,0,0,-111000,0,0,0,162000,273000,-111000,-111000
068864,欣興元富08購01  ,0,0,0,0,0,0,0,0,0,-111000,0,0,0,261000,372000,-111000,-111000
067876,世紀鋼元大01購03,0,0,0,0,0,0,0,0,0,-111000,0,0,0,0,111000,-111000,-111000
067721,義隆凱基01購06  ,0,0,0,0,0,0,0,0,0,-111000,0,0,0,105000,216000,-111000,-111000
059003,中壽元大99購01  ,0,0,0,0,0,0,0,0,0,-111000,0,0,0,0,111000,-111000,-111000
03148P,聯電群益03售04  ,0,0,0,0,0,0,0,0,0,-111000,0,0,0,125000,236000,-111000,-111000
062161,南六凱基9C購01  ,0,0,0,0,0,0,0,0,0,-111000,0,0,0,34000,145000,-111000,-111000
064810,嘉晶元大01購01  ,0,0,0,0,0,0,0,0,0,-111000,0,0,0,30000,141000,-111000,-111000
066104,鎧勝國票02購01  ,0,0,0,0,0,0,0,0,0,-111000,0,0,0,138000,249000,-111000,-111000
067741,中壽元大01購01  ,0,0,0,0,0,0,0,0,0,-112000,0,0,0,0,112000,-112000,-112000
067494,日月光元大01購03,0,0,0,0,0,0,0,0,0,-112000,0,0,0,115000,227000,-112000,-112000
058367,大立光凱基9A購01,0,0,0,0,0,0,0,0,0,-112000,0,0,0,14000,126000,-112000,-112000
063137,瑞昱統一01購02  ,0,0,0,0,0,0,0,0,0,-112000,0,0,0,0,112000,-112000,-112000
064101,可成群益01購01  ,0,0,0,0,0,0,0,0,0,-112000,0,0,0,9000,121000,-112000,-112000
063195,訊連元富9B購01  ,0,0,0,0,0,0,0,0,0,-112000,0,0,0,217000,329000,-112000,-112000
061157,聯鈞群益9A購02  ,0,0,0,0,0,0,0,0,0,-112000,0,0,0,0,112000,-112000,-112000
08631P,臺股指麥證9C售06,0,0,0,0,112000,-112000,0,0,0,-112000,0,0,0,0,112000,-112000,-112000
067265,巨大國票02購01  ,0,0,0,0,0,0,0,0,0,-113000,0,0,0,0,113000,-113000,-113000
067566,台積電康和01購01,0,0,0,0,0,0,0,0,0,-113000,0,0,0,64000,177000,-113000,-113000
067857,百和國票02購01  ,0,0,0,0,0,0,0,0,0,-113000,0,0,0,1000,114000,-113000,-113000
068059,宏碁中信03購01  ,0,0,0,0,0,0,0,0,0,-113000,0,0,0,13000,126000,-113000,-113000
03088P,大立光元大01售17,0,0,0,0,0,0,0,0,0,-113000,0,0,0,0,113000,-113000,-113000
057347,國巨統一9A購03  ,0,0,0,0,0,0,0,0,0,-113000,0,0,0,84000,197000,-113000,-113000
064097,友訊群益9C購01  ,0,0,0,0,0,0,0,0,0,-113000,0,0,0,0,113000,-113000,-113000
061466,創意群益9A購01  ,0,0,0,0,0,0,0,0,0,-113000,0,0,0,29000,142000,-113000,-113000
062401,信邦永豐9B購01  ,0,0,0,0,0,0,0,0,0,-113000,0,0,0,41000,154000,-113000,-113000
065650,旭富元大9C購07  ,0,0,0,0,0,0,0,0,0,-113000,0,0,0,5000,118000,-113000,-113000
063837,亞德客元大01購01,0,0,0,0,0,0,0,0,0,-113000,0,0,0,40000,153000,-113000,-113000
065135,和大凱基01購01  ,0,0,0,0,0,0,0,0,0,-113000,0,0,0,0,113000,-113000,-113000
1531,高林股          ,18000,128000,-110000,0,0,0,0,0,0,-3000,1000,4000,-3000,0,0,0,-113000
067022,台虹中信01購01  ,0,0,0,0,0,0,0,0,0,-114000,0,0,0,112000,226000,-114000,-114000
068306,建準國票03購01  ,0,0,0,0,0,0,0,0,0,-114000,0,0,0,203000,317000,-114000,-114000
058943,元石油群益9C購01,0,0,0,0,0,0,0,0,0,-114000,0,0,0,0,114000,-114000,-114000
064841,彩晶統一02購02  ,0,0,0,0,0,0,0,0,0,-114000,0,0,0,85000,199000,-114000,-114000
08761P,聯詠元大01售02  ,0,0,0,0,0,0,0,0,0,-114000,0,0,0,0,114000,-114000,-114000
067938,玉晶光凱基02購05,0,0,0,0,0,0,0,0,0,-115000,0,0,0,86000,201000,-115000,-115000
060233,宏碁元大9A購01  ,0,0,0,0,0,0,0,0,0,-115000,0,0,0,15000,130000,-115000,-115000
063691,聯鈞永豐9B購01  ,0,0,0,0,0,0,0,0,0,-115000,0,0,0,10000,125000,-115000,-115000
063550,可成國票9C購01  ,0,0,0,0,0,0,0,0,0,-115000,0,0,0,63000,178000,-115000,-115000
064590,牧德永豐9C購01  ,0,0,0,0,0,0,0,0,0,-115000,0,0,0,0,115000,-115000,-115000
064720,長榮航統一02購01,0,0,0,0,0,0,0,0,0,-115000,0,0,0,22000,137000,-115000,-115000
063873,南六永豐9C購01  ,0,0,0,0,0,0,0,0,0,-115000,0,0,0,30000,145000,-115000,-115000
064967,道瓊銀元大01購01,0,0,0,0,0,0,0,0,0,-115000,0,0,0,19000,134000,-115000,-115000
065366,英業達元大9C購02,0,0,0,0,0,0,0,0,0,-115000,0,0,0,22000,137000,-115000,-115000
066820,南茂兆豐03購01  ,0,0,0,0,0,0,0,0,0,-115000,0,0,0,100000,215000,-115000,-115000
066313,泰豐永豐01購01  ,0,0,0,0,0,0,0,0,0,-115000,0,0,0,10000,125000,-115000,-115000
08953P,大立光元富07售02,0,0,0,0,0,0,0,0,0,-115000,0,0,0,21000,136000,-115000,-115000
07864P,可成元大9B售01  ,0,0,0,0,0,0,0,0,0,-116000,0,0,0,122000,238000,-116000,-116000
058988,大立光凱基9A購02,0,0,0,0,0,0,0,0,0,-116000,0,0,0,80000,196000,-116000,-116000
055652,聯詠元富01購01  ,0,0,0,0,0,0,0,0,0,-116000,0,0,0,74000,190000,-116000,-116000
053764,A50正2富邦99購01,0,0,0,0,0,0,0,0,0,-116000,0,0,0,0,116000,-116000,-116000
064621,大立光元大9C購20,0,0,0,0,0,0,0,0,0,-116000,0,0,0,16000,132000,-116000,-116000
063686,國巨永豐9B購04  ,0,0,0,0,0,0,0,0,0,-116000,0,0,0,7000,123000,-116000,-116000
063041,貿聯凱基9B購01  ,0,0,0,0,0,0,0,0,0,-116000,0,0,0,60000,176000,-116000,-116000
066604,台郡富邦04購01  ,0,0,0,0,0,0,0,0,0,-116000,0,0,0,235000,351000,-116000,-116000
065314,矽創國票01購02  ,0,0,0,0,0,0,0,0,0,-116000,0,0,0,112000,228000,-116000,-116000
4164,承業醫          ,33000,97000,-64000,0,0,0,0,0,0,-52000,1000,53000,-52000,0,0,0,-116000
068619,道瓊銀群益02購01,0,0,0,0,0,0,0,0,0,-117000,0,0,0,0,117000,-117000,-117000
066901,台虹康和01購01  ,0,0,0,0,0,0,0,0,0,-117000,0,0,0,103000,220000,-117000,-117000
066325,可成永豐01購01  ,0,0,0,0,0,0,0,0,0,-117000,0,0,0,0,117000,-117000,-117000
065909,大立光永豐9C購02,0,0,0,0,0,0,0,0,0,-117000,0,0,0,46000,163000,-117000,-117000
065807,智伸科群益01購01,0,0,0,0,0,0,0,0,0,-117000,0,0,0,21000,138000,-117000,-117000
066250,大成鋼元大01購01,0,0,0,0,0,0,0,0,0,-117000,0,0,0,402000,519000,-117000,-117000
08975P,欣興群益01售05  ,0,0,0,0,0,0,0,0,0,-117000,0,0,0,69000,186000,-117000,-117000
064246,南六統一9C購02  ,0,0,0,0,0,0,0,0,0,-118000,0,0,0,195000,313000,-118000,-118000
063213,智伸科國票9C購01,0,0,0,0,0,0,0,0,0,-118000,0,0,0,11000,129000,-118000,-118000
066272,聯陽元大01購01  ,0,0,0,0,0,0,0,0,0,-118000,0,0,0,434000,552000,-118000,-118000
066181,泰鼎凱基01購01  ,0,0,0,0,0,0,0,0,0,-118000,0,0,0,36000,154000,-118000,-118000
066873,健策國泰02購01  ,0,0,0,0,0,0,0,0,0,-118000,0,0,0,221000,339000,-118000,-118000
08724P,臺股指元大01售05,0,0,0,0,0,0,0,0,0,-118000,0,0,0,16000,134000,-118000,-118000
2614,東森            ,238000,294000,-56000,0,0,0,0,0,0,-62000,3000,4000,-1000,0,61000,-61000,-118000
067266,義隆國泰03購01  ,0,0,0,0,0,0,0,0,0,-119000,0,0,0,577000,696000,-119000,-119000
068611,臻鼎凱基01購01  ,0,0,0,0,0,0,0,0,0,-119000,0,0,0,78000,197000,-119000,-119000
058292,上銀凱基9A購01  ,0,0,0,0,0,0,0,0,0,-119000,0,0,0,21000,140000,-119000,-119000
063676,上銀國泰9C購02  ,0,0,0,0,0,0,0,0,0,-119000,0,0,0,481000,600000,-119000,-119000
065699,南亞科群益9C購02,0,0,0,0,0,0,0,0,0,-119000,0,0,0,14000,133000,-119000,-119000
064156,大立光統一01購06,0,0,0,0,0,0,0,0,0,-119000,0,0,0,0,119000,-119000,-119000
068652,聯電元大02購05  ,0,0,0,0,0,0,0,0,0,-120000,0,0,0,333000,453000,-120000,-120000
068419,聯發科兆豐03購02,0,0,0,0,0,0,0,0,0,-120000,0,0,0,10000,130000,-120000,-120000
068472,聯發科群益01購12,0,0,0,0,0,0,0,0,0,-120000,0,0,0,27000,147000,-120000,-120000
03115P,玉晶光第一01售01,0,0,0,0,0,0,0,0,0,-120000,0,0,0,0,120000,-120000,-120000
03046P,緯穎國票03售01  ,0,0,0,0,0,0,0,0,0,-120000,0,0,0,299000,419000,-120000,-120000
058714,美律統一9B購01  ,0,0,0,0,0,0,0,0,0,-120000,0,0,0,45000,165000,-120000,-120000
063672,GIS統一9C購01   ,0,0,0,0,0,0,0,0,0,-120000,0,0,0,0,120000,-120000,-120000
061034,晶豪科永豐9A購01,0,0,0,0,0,0,0,0,0,-120000,0,0,0,301000,421000,-120000,-120000
064839,旭富統一9C購01  ,0,0,0,0,0,0,0,0,0,-120000,0,0,0,13000,133000,-120000,-120000
064553,臺指反群益9C購01,0,0,0,0,0,0,0,0,0,-120000,0,0,0,20000,140000,-120000,-120000
065175,大立光元大01購05,0,0,0,0,0,0,0,0,0,-120000,0,0,0,100000,220000,-120000,-120000
065776,鴻海國泰03購01  ,0,0,0,0,0,0,0,0,0,-120000,0,0,0,42000,162000,-120000,-120000
3535,晶彩科          ,111000,231000,-120000,0,0,0,0,0,0,0,0,0,0,0,0,0,-120000
3705,永信            ,63000,178000,-115000,0,0,0,0,0,0,-5000,0,5000,-5000,0,0,0,-120000
068184,彩晶群益03購03  ,0,0,0,0,0,0,0,0,0,-121000,0,0,0,160000,281000,-121000,-121000
07668P,旺宏元大9A售10  ,0,0,0,0,0,0,0,0,0,-121000,0,0,0,10000,131000,-121000,-121000
066886,T50反1中信05購01,0,0,0,0,0,0,0,0,0,-121000,0,0,0,40000,161000,-121000,-121000
058733,同欣電永豐99購02,0,0,0,0,0,0,0,0,0,-121000,0,0,0,0,121000,-121000,-121000
00717,富邦美國特別股  ,0,0,0,0,0,0,0,0,0,-121000,0,0,0,494000,615000,-121000,-121000
066603,台達電富邦05購01,0,0,0,0,0,0,0,0,0,-121000,0,0,0,23000,144000,-121000,-121000
064695,京鼎群益02購02  ,0,0,0,0,0,0,0,0,0,-121000,0,0,0,19000,140000,-121000,-121000
2010,春源            ,0,108000,-108000,0,0,0,0,0,0,-13000,0,13000,-13000,0,0,0,-121000
068142,鴻海元大02購02  ,0,0,0,0,0,0,0,0,0,-122000,0,0,0,111000,233000,-122000,-122000
068729,宏達電元大03購01,0,0,0,0,0,0,0,0,0,-122000,0,0,0,21000,143000,-122000,-122000
063197,遠東新統一9C購01,0,0,0,0,0,0,0,0,0,-122000,0,0,0,116000,238000,-122000,-122000
064468,健策元富9C購02  ,0,0,0,0,0,0,0,0,0,-122000,0,0,0,54000,176000,-122000,-122000
06334P,臺股指群益9C售03,0,0,0,0,0,0,0,0,0,-122000,0,0,0,20000,142000,-122000,-122000
066141,盛群群益01購01  ,0,0,0,0,0,0,0,0,0,-122000,0,0,0,18000,140000,-122000,-122000
08359P,緯創元大9C售02  ,0,0,0,0,0,0,0,0,0,-122000,0,0,0,0,122000,-122000,-122000
6269,台郡            ,1806800,889000,917800,0,0,0,24000,590000,-566000,-474000,43000,502000,-459000,10000,25000,-15000,-122200
067125,健策富邦03購01  ,0,0,0,0,0,0,0,0,0,-123000,0,0,0,21000,144000,-123000,-123000
03050P,台積電統一01售12,0,0,0,0,0,0,0,0,0,-123000,0,0,0,0,123000,-123000,-123000
066385,巨大康和01購01  ,0,0,0,0,0,0,0,0,0,-123000,0,0,0,0,123000,-123000,-123000
08491P,全新元大9C售01  ,0,0,0,0,0,0,0,0,0,-123000,0,0,0,2000,125000,-123000,-123000
3090,日電貿          ,61000,133000,-72000,0,0,0,0,0,0,-51000,11000,3000,8000,4000,63000,-59000,-123000
067208,瑞昱元大01購03  ,0,0,0,0,0,0,0,0,0,-124000,0,0,0,380000,504000,-124000,-124000
067501,聚陽統一01購03  ,0,0,0,0,0,0,0,0,0,-124000,0,0,0,130000,254000,-124000,-124000
064585,中壽永豐9C購01  ,0,0,0,0,0,0,0,0,0,-124000,0,0,0,0,124000,-124000,-124000
061589,世紀鋼富邦9B購01,0,0,0,0,0,0,0,0,0,-124000,0,0,0,0,124000,-124000,-124000
066398,京鼎凱基01購02  ,0,0,0,0,0,0,0,0,0,-124000,0,0,0,45000,169000,-124000,-124000
2851,中再保          ,15000,108000,-93000,0,0,0,0,0,0,-31000,0,31000,-31000,0,0,0,-124000
2355,敬鵬            ,404000,468000,-64000,0,0,0,0,0,0,-60000,0,23000,-23000,0,37000,-37000,-124000
067012,台虹永豐01購02  ,0,0,0,0,0,0,0,0,0,-125000,0,0,0,107000,232000,-125000,-125000
068701,道瓊銀國票02購01,0,0,0,0,0,0,0,0,0,-125000,0,0,0,30000,155000,-125000,-125000
068294,玉晶光兆豐03購01,0,0,0,0,0,0,0,0,0,-125000,0,0,0,200000,325000,-125000,-125000
068468,聯電群益03購03  ,0,0,0,0,0,0,0,0,0,-125000,0,0,0,12000,137000,-125000,-125000
068365,大立光國泰03購06,0,0,0,0,0,0,0,0,0,-125000,0,0,0,317000,442000,-125000,-125000
03072P,台積電國泰03售04,0,0,0,0,0,0,0,0,0,-125000,0,0,0,121000,246000,-125000,-125000
062051,上銀統一9C購02  ,0,0,0,0,0,0,0,0,0,-125000,0,0,0,0,125000,-125000,-125000
064835,嘉晶統一02購01  ,0,0,0,0,0,0,0,0,0,-125000,0,0,0,40000,165000,-125000,-125000
2472,立隆電          ,254000,387000,-133000,0,0,0,0,0,0,8000,8000,0,8000,0,0,0,-125000
08456P,聯發科元大9C售13,0,0,0,0,0,0,0,0,0,-125000,0,0,0,20000,145000,-125000,-125000
1201,味全            ,113000,238000,-125000,0,0,0,0,0,0,0,0,0,0,0,0,0,-125000
068649,道瓊銀元大02購01,0,0,0,0,0,0,0,0,0,-126000,0,0,0,0,126000,-126000,-126000
068505,GIS元大01購06   ,0,0,0,0,0,0,0,0,0,-126000,0,0,0,276000,402000,-126000,-126000
07894P,燿華元大9B售01  ,0,0,0,0,0,0,0,0,0,-126000,0,0,0,40000,166000,-126000,-126000
06925P,致茂群益9A售02  ,0,0,0,0,0,0,0,0,0,-126000,0,0,0,80000,206000,-126000,-126000
067828,聯鈞兆豐03購01  ,0,0,0,0,0,0,0,0,0,-126000,0,0,0,68000,194000,-126000,-126000
03205P,聯發科凱基01售24,0,0,0,0,0,0,0,0,0,-126000,0,0,0,0,126000,-126000,-126000
057150,貿聯國票99購02  ,0,0,0,0,0,0,0,0,0,-126000,0,0,0,10000,136000,-126000,-126000
057945,京鼎國票99購03  ,0,0,0,0,0,0,0,0,0,-126000,0,0,0,29000,155000,-126000,-126000
064399,和大凱基02購01  ,0,0,0,0,0,0,0,0,0,-126000,0,0,0,10000,136000,-126000,-126000
057198,智伸科統一9B購01,0,0,0,0,0,0,0,0,0,-127000,0,0,0,20000,147000,-127000,-127000
059948,正文永豐99購01  ,0,0,0,0,0,0,0,0,0,-127000,0,0,0,80000,207000,-127000,-127000
061032,金像電永豐9A購03,0,0,0,0,0,0,0,0,0,-127000,0,0,0,70000,197000,-127000,-127000
063654,上銀元富9B購05  ,0,0,0,0,0,0,0,0,0,-127000,0,0,0,0,127000,-127000,-127000
065214,友達國泰01購01  ,0,0,0,0,0,0,0,0,0,-127000,0,0,0,280000,407000,-127000,-127000
066336,聯陽永豐01購01  ,0,0,0,0,0,0,0,0,0,-127000,0,0,0,15000,142000,-127000,-127000
066757,南港永豐01購01  ,0,0,0,0,0,0,0,0,0,-127000,0,0,0,12000,139000,-127000,-127000
066140,鎧勝群益01購01  ,0,0,0,0,0,0,0,0,0,-127000,0,0,0,95000,222000,-127000,-127000
066111,上銀兆豐02購01  ,0,0,0,0,0,0,0,0,0,-127000,0,0,0,410000,537000,-127000,-127000
066047,嘉晶元大01購04  ,0,0,0,0,0,0,0,0,0,-127000,0,0,0,25000,152000,-127000,-127000
08334P,智邦永豐9C售01  ,0,0,0,0,0,0,0,0,0,-127000,0,0,0,0,127000,-127000,-127000
08178P,南亞科元大9B售01,6000,0,6000,0,0,0,0,0,0,-133000,0,0,0,84000,217000,-133000,-127000
8499,鼎炫-KY         ,82000,212000,-130000,0,0,0,0,0,0,3000,4000,1000,3000,0,0,0,-127000
067491,健策元大01購10  ,0,0,0,0,0,0,0,0,0,-128000,0,0,0,69000,197000,-128000,-128000
067216,健策元大01購09  ,0,0,0,0,0,0,0,0,0,-128000,0,0,0,12000,140000,-128000,-128000
064726,創意統一01購03  ,0,0,0,0,0,0,0,0,0,-128000,0,0,0,125000,253000,-128000,-128000
6224,聚鼎            ,14000,146000,-132000,0,0,0,0,0,0,4000,4000,0,4000,0,0,0,-128000
059932,世紀鋼富邦9A購02,0,0,0,0,0,0,0,0,0,-129000,0,0,0,0,129000,-129000,-129000
03064P,台灣50群益01售14,0,0,0,0,0,0,0,0,0,-129000,0,0,0,17000,146000,-129000,-129000
063674,力山國泰01購02  ,0,0,0,0,0,0,0,0,0,-129000,0,0,0,124000,253000,-129000,-129000
063697,香港反群益9C購01,0,0,0,0,0,0,0,0,0,-129000,0,0,0,0,129000,-129000,-129000
061119,國巨永豐9A購03  ,0,0,0,0,0,0,0,0,0,-129000,0,0,0,0,129000,-129000,-129000
063832,矽創國票01購01  ,0,0,0,0,0,0,0,0,0,-129000,0,0,0,62000,191000,-129000,-129000
068705,聯發科國票03購03,0,0,0,0,0,0,0,0,0,-130000,0,0,0,1000,131000,-130000,-130000
03053P,台灣50中信04售03,0,0,0,0,0,0,0,0,0,-130000,0,0,0,0,130000,-130000,-130000
057943,可成國票99購03  ,0,0,0,0,0,0,0,0,0,-130000,0,0,0,0,130000,-130000,-130000
059279,台灣50富邦9C購03,0,0,0,0,0,0,0,0,0,-130000,0,0,0,0,130000,-130000,-130000
061223,T50反1中信01購01,0,0,0,0,0,0,0,0,0,-130000,0,0,0,100000,230000,-130000,-130000
064501,大立光元大01購02,0,0,0,0,0,0,0,0,0,-130000,0,0,0,0,130000,-130000,-130000
063662,上銀統一01購03  ,0,0,0,0,0,0,0,0,0,-130000,0,0,0,130000,260000,-130000,-130000
063289,台表科元大9B購07,0,0,0,0,0,0,0,0,0,-130000,0,0,0,9000,139000,-130000,-130000
066849,神達元大01購01  ,0,0,0,0,0,0,0,0,0,-130000,0,0,0,0,130000,-130000,-130000
08545P,南電國泰01售02  ,0,0,0,0,0,0,0,0,0,-130000,0,0,0,20000,150000,-130000,-130000
08880P,全新凱基01售02  ,0,0,0,0,0,0,0,0,0,-130000,0,0,0,155000,285000,-130000,-130000
068692,為升凱基02購03  ,0,0,0,0,0,0,0,0,0,-131000,0,0,0,15000,146000,-131000,-131000
067466,元金2X元大03購01,0,0,0,0,0,0,0,0,0,-131000,0,0,0,0,131000,-131000,-131000
067007,拓凱永豐01購02  ,0,0,0,0,0,0,0,0,0,-131000,0,0,0,60000,191000,-131000,-131000
067128,華城永豐01購02  ,0,0,0,0,0,0,0,0,0,-131000,0,0,0,40000,171000,-131000,-131000
067536,大立光群益01購09,0,0,0,0,0,0,0,0,0,-131000,0,0,0,0,131000,-131000,-131000
067643,台郡統一03購01  ,0,0,0,0,0,0,0,0,0,-131000,0,0,0,21000,152000,-131000,-131000
05589P,大立光中信9A售01,0,0,0,0,0,0,0,0,0,-131000,0,0,0,350000,481000,-131000,-131000
063084,可成凱基9C購01  ,0,0,0,0,0,0,0,0,0,-131000,0,0,0,37000,168000,-131000,-131000
062294,盛群永豐9B購01  ,0,0,0,0,0,0,0,0,0,-131000,0,0,0,60000,191000,-131000,-131000
062845,微星富邦01購01  ,0,0,0,0,0,0,0,0,0,-131000,0,0,0,36000,167000,-131000,-131000
064464,台郡統一01購01  ,0,0,0,0,0,0,0,0,0,-131000,0,0,0,150000,281000,-131000,-131000
064703,T50反1國泰01購01,0,0,0,0,0,0,0,0,0,-131000,0,0,0,300000,431000,-131000,-131000
067665,台達電元大01購04,0,0,0,0,0,0,0,0,0,-132000,0,0,0,20000,152000,-132000,-132000
067528,聚陽群益01購01  ,0,60000,-60000,0,0,0,0,0,0,-72000,0,0,0,63000,135000,-72000,-132000
067496,拓凱元大01購02  ,0,0,0,0,0,0,0,0,0,-132000,0,0,0,70000,202000,-132000,-132000
067409,巨大永豐01購01  ,0,0,0,0,0,0,0,0,0,-132000,0,0,0,15000,147000,-132000,-132000
068710,正文國票03購01  ,0,0,0,0,0,0,0,0,0,-132000,0,0,0,33000,165000,-132000,-132000
03039P,玉晶光國票02售04,0,0,0,0,0,0,0,0,0,-132000,0,0,0,0,132000,-132000,-132000
03093P,台灣50凱基04售10,0,0,0,0,0,0,0,0,0,-132000,0,0,0,0,132000,-132000,-132000
060161,牧德永豐9A購02  ,0,0,0,0,0,0,0,0,0,-132000,0,0,0,0,132000,-132000,-132000
06499P,臺股指元大9A售04,0,0,0,0,0,0,0,0,0,-132000,0,0,0,7000,139000,-132000,-132000
066228,嘉基國泰02購01  ,0,0,0,0,0,0,0,0,0,-132000,0,0,0,198000,330000,-132000,-132000
03127P,台表科凱基01售03,0,0,0,0,0,0,0,0,0,-133000,0,0,0,46000,179000,-133000,-133000
060450,南亞元大9A購02  ,0,0,0,0,0,0,0,0,0,-133000,0,0,0,0,133000,-133000,-133000
065636,台表科國票01購03,0,0,0,0,0,0,0,0,0,-133000,0,0,0,50000,183000,-133000,-133000
066639,彩晶凱基05購01  ,0,0,0,0,0,0,0,0,0,-133000,0,0,0,172000,305000,-133000,-133000
064182,臻鼎富邦01購01  ,0,0,0,0,0,0,0,0,0,-133000,0,0,0,18000,151000,-133000,-133000
2017,官田鋼          ,14000,147000,-133000,0,0,0,0,0,0,0,0,0,0,0,0,0,-133000
2228,劍麟            ,89000,110000,-21000,0,0,0,0,113000,-113000,1000,0,0,0,1000,0,1000,-133000
1310,台苯            ,478000,596983,-118983,0,0,0,0,0,0,-15000,7000,22000,-15000,0,0,0,-133983
068659,嘉晶元大03購01  ,0,0,0,0,0,0,0,0,0,-134000,0,0,0,18000,152000,-134000,-134000
07482P,南亞科元富9A售04,0,0,0,0,0,0,0,0,0,-134000,0,0,0,0,134000,-134000,-134000
067269,眾達永豐01購02  ,0,0,0,0,0,0,0,0,0,-134000,0,0,0,1000,135000,-134000,-134000
067099,友訊群益01購04  ,0,0,0,0,0,0,0,0,0,-134000,0,0,0,0,134000,-134000,-134000
03070P,台表科群益01售04,0,0,0,0,0,0,0,0,0,-134000,0,0,0,77000,211000,-134000,-134000
00665L,富邦恒生國企正2 ,8000,21000,-13000,0,0,0,0,0,0,-121000,0,0,0,137000,258000,-121000,-134000
061005,可成兆豐9A購01  ,0,0,0,0,0,0,0,0,0,-134000,0,0,0,423000,557000,-134000,-134000
063415,台積電凱基03購01,0,0,0,0,0,0,0,0,0,-134000,0,0,0,6000,140000,-134000,-134000
064937,英業達元富9C購01,0,0,0,0,0,0,0,0,0,-134000,0,0,0,5000,139000,-134000,-134000
066735,智原元大01購03  ,0,0,0,0,0,0,0,0,0,-134000,0,0,0,60000,194000,-134000,-134000
066362,瑞昱中信05購01  ,0,0,0,0,0,0,0,0,0,-134000,0,0,0,52000,186000,-134000,-134000
08957P,聯電凱基03售02  ,0,0,0,0,0,0,0,0,0,-134000,0,0,0,0,134000,-134000,-134000
6243,迅杰            ,67000,201000,-134000,0,0,0,0,0,0,0,0,0,0,0,0,0,-134000
06721P,臺股指中信9A售03,0,0,0,0,0,0,0,0,0,-135000,0,0,0,415000,550000,-135000,-135000
067676,大立光元大01購12,0,0,0,0,0,0,0,0,0,-135000,0,0,0,104000,239000,-135000,-135000
07902P,玉晶光國票01售01,0,0,0,0,0,0,0,0,0,-135000,0,0,0,0,135000,-135000,-135000
053181,滬深2X元富99購02,0,0,0,0,0,0,0,0,0,-135000,0,0,0,90000,225000,-135000,-135000
063022,嘉晶元大9B購04  ,0,0,0,0,0,0,0,0,0,-135000,0,0,0,4000,139000,-135000,-135000
064852,智邦台新9C購04  ,0,0,0,0,0,0,0,0,0,-135000,0,0,0,25000,160000,-135000,-135000
064014,貿聯國票01購01  ,0,0,0,0,0,0,0,0,0,-135000,0,0,0,0,135000,-135000,-135000
08792P,聯發科中信02售02,0,0,0,0,0,0,0,0,0,-135000,0,0,0,39000,174000,-135000,-135000
3056,總太            ,134000,260000,-126000,0,0,0,0,0,0,-9000,0,4000,-4000,0,5000,-5000,-135000
068794,欣興凱基02購04  ,0,0,0,0,0,0,0,0,0,-136000,0,0,0,41000,177000,-136000,-136000
056723,國巨中信9A購01  ,0,0,0,0,0,0,0,0,0,-136000,0,0,0,65000,201000,-136000,-136000
064530,康控中信9C購01  ,0,0,0,0,0,0,0,0,0,-136000,0,0,0,43000,179000,-136000,-136000
063554,GIS國票9C購03   ,0,0,0,0,0,0,0,0,0,-137000,0,0,0,86000,223000,-137000,-137000
063764,上銀元富9B購08  ,0,0,0,0,0,0,0,0,0,-137000,0,0,0,83000,220000,-137000,-137000
064854,祥碩麥證9C購01  ,0,0,0,265000,400000,-135000,0,0,0,-137000,0,0,0,265000,402000,-137000,-137000
066236,潤泰全富邦01購01,0,0,0,0,0,0,0,0,0,-137000,0,0,0,620000,757000,-137000,-137000
2316,楠梓電          ,268000,302000,-34000,0,0,0,0,0,0,-103000,12000,2000,10000,0,113000,-113000,-137000
6112,聚碩            ,36000,168000,-132000,0,0,0,0,0,0,-5000,13000,8000,5000,0,10000,-10000,-137000
068597,聯電凱基03購04  ,0,0,0,0,0,0,0,0,0,-138000,0,0,0,115000,253000,-138000,-138000
067219,瑞儀元大01購01  ,0,0,0,0,0,0,0,0,0,-138000,0,0,0,153000,291000,-138000,-138000
066013,友訊元富01購02  ,0,0,0,0,0,0,0,0,0,-138000,0,0,0,27000,165000,-138000,-138000
064213,大立光凱基03購01,0,0,0,0,0,0,0,0,0,-138000,0,0,0,151000,289000,-138000,-138000
2486,一詮            ,122000,260000,-138000,0,0,0,0,0,0,0,0,0,0,0,0,0,-138000
067029,台表科兆豐03購01,0,0,0,0,0,0,0,0,0,-139000,0,0,0,11000,150000,-139000,-139000
067748,GIS元大01購02   ,0,0,0,0,0,0,0,0,0,-139000,0,0,0,256000,395000,-139000,-139000
068493,聯發科元大01購30,0,0,0,0,0,0,0,0,0,-139000,0,0,0,150000,289000,-139000,-139000
068656,台積電元大02購09,0,0,0,0,0,0,0,0,0,-139000,0,0,0,213000,352000,-139000,-139000
064326,裕隆元大9C購01  ,0,0,0,0,0,0,0,0,0,-139000,0,0,0,64000,203000,-139000,-139000
064742,奇鋐國票01購02  ,0,0,0,0,0,0,0,0,0,-139000,0,0,0,16000,155000,-139000,-139000
066406,南六凱基01購02  ,0,0,0,0,0,0,0,0,0,-139000,0,0,0,29000,168000,-139000,-139000
2915,潤泰全          ,289000,432000,-143000,0,0,0,0,0,0,4000,9000,15000,-6000,17000,7000,10000,-139000
2405,浩鑫            ,29000,168000,-139000,0,0,0,0,0,0,0,0,0,0,0,0,0,-139000
068638,國泰金凱基03購01,0,0,0,0,0,0,0,0,0,-140000,0,0,0,0,140000,-140000,-140000
064449,金寶統一01購02  ,0,0,0,0,0,0,0,0,0,-140000,0,0,0,72000,212000,-140000,-140000
060390,聯鈞群益9A購01  ,0,0,0,0,0,0,0,0,0,-140000,0,0,0,0,140000,-140000,-140000
066422,嘉晶元大02購01  ,0,0,0,0,0,0,0,0,0,-140000,0,0,0,88000,228000,-140000,-140000
066390,鴻海凱基02購03  ,0,0,0,0,0,0,0,0,0,-140000,0,0,0,0,140000,-140000,-140000
066346,眾達永豐01購01  ,0,0,0,0,0,0,0,0,0,-140000,0,0,0,143000,283000,-140000,-140000
060860,國巨永豐9A購02  ,0,0,0,0,0,0,0,0,0,-141000,0,0,0,0,141000,-141000,-141000
061454,國巨凱基9A購16  ,0,0,0,0,0,0,0,0,0,-141000,0,0,0,4000,145000,-141000,-141000
065007,群創國票01購01  ,0,0,0,0,0,0,0,0,0,-141000,0,0,0,65000,206000,-141000,-141000
068035,聯詠元富07購03  ,0,0,0,0,0,0,0,0,0,-142000,0,0,0,83000,225000,-142000,-142000
060628,和大富邦9B購01  ,0,0,0,0,0,0,0,0,0,-142000,0,0,0,20000,162000,-142000,-142000
066112,智邦兆豐02購01  ,0,0,0,0,0,0,0,0,0,-142000,0,0,0,60000,202000,-142000,-142000
08275P,南亞科元富9C售01,0,0,0,0,0,0,0,0,0,-142000,0,0,0,254000,396000,-142000,-142000
060022,勤誠康和99購01  ,0,0,0,0,0,0,0,0,0,-143000,0,0,0,0,143000,-143000,-143000
062706,大立光元大9B購06,0,0,0,0,0,0,0,0,0,-143000,0,0,0,50000,193000,-143000,-143000
063344,臺企銀統一9C購01,0,0,0,0,0,0,0,0,0,-143000,0,0,0,100000,243000,-143000,-143000
064916,玉山金統一02購01,0,0,0,0,0,0,0,0,0,-143000,0,0,0,10000,153000,-143000,-143000
063937,上銀元大9C購02  ,0,0,0,0,0,0,0,0,0,-143000,0,0,0,10000,153000,-143000,-143000
067913,華城永豐01購03  ,0,0,0,0,0,0,0,0,0,-144000,0,0,0,0,144000,-144000,-144000
07035P,大立光元富99售04,0,0,0,0,0,0,0,0,0,-144000,0,0,0,0,144000,-144000,-144000
068817,聯發科元大02購05,0,0,0,0,0,0,0,0,0,-144000,0,0,0,67000,211000,-144000,-144000
057506,聯鈞國票99購02  ,0,0,0,0,0,0,0,0,0,-144000,0,0,0,38000,182000,-144000,-144000
062603,台化凱基9B購01  ,0,0,0,0,0,0,0,0,0,-144000,0,0,0,2000,146000,-144000,-144000
061244,和碩兆豐9A購01  ,0,0,0,0,0,0,0,0,0,-144000,0,0,0,16000,160000,-144000,-144000
6230,超眾            ,174000,46000,128000,0,0,0,0,249000,-249000,-23000,0,25000,-25000,3000,1000,2000,-144000
069054,欣興元富05購01  ,0,0,0,0,0,0,0,0,0,-145000,0,0,0,0,145000,-145000,-145000
08090P,嘉澤統一9B售01  ,0,0,0,0,0,0,0,0,0,-145000,0,0,0,10000,155000,-145000,-145000
068745,上銀群益02購01  ,0,0,0,0,0,0,0,0,0,-145000,0,0,0,0,145000,-145000,-145000
067812,國泰金凱基01購01,0,0,0,0,0,0,0,0,0,-145000,0,0,0,0,145000,-145000,-145000
061350,牧德元大9B購03  ,0,0,0,0,0,0,0,0,0,-145000,0,0,0,107000,252000,-145000,-145000
061958,鴻海統一01購01  ,0,0,0,0,0,0,0,0,0,-145000,0,0,0,70000,215000,-145000,-145000
03029X,元展26          ,0,0,0,0,0,0,0,0,0,-145000,0,0,0,0,145000,-145000,-145000
063398,信邦群益9B購02  ,0,0,0,0,0,0,0,0,0,-145000,0,0,0,8000,153000,-145000,-145000
064721,國泰金統一02購01,0,0,0,0,0,0,0,0,0,-145000,0,0,0,0,145000,-145000,-145000
065212,瑞儀國票01購01  ,0,0,0,0,0,0,0,0,0,-145000,0,0,0,10000,155000,-145000,-145000
066622,南帝凱基01購01  ,0,0,0,0,0,0,0,0,0,-145000,0,0,0,108000,253000,-145000,-145000
068379,聯陽永豐01購04  ,0,0,0,0,0,0,0,0,0,-146000,0,0,0,136000,282000,-146000,-146000
054827,宏全元大9A購01  ,0,0,0,0,0,0,0,0,0,-146000,0,0,0,304000,450000,-146000,-146000
063772,智邦富邦9B購02  ,0,0,0,0,0,0,0,0,0,-146000,0,0,0,117000,263000,-146000,-146000
065505,健鼎永豐9C購01  ,0,0,0,0,0,0,0,0,0,-146000,0,0,0,20000,166000,-146000,-146000
08419P,元金2X群益9C售01,0,0,0,0,0,0,0,0,0,-146000,0,0,0,0,146000,-146000,-146000
08907P,奇鋐群益01售03  ,0,0,0,0,0,0,0,0,0,-146000,0,0,0,86000,232000,-146000,-146000
068548,台積電群益01購22,0,0,0,0,0,0,0,0,0,-147000,0,0,0,3000,150000,-147000,-147000
063624,GIS兆豐9B購01   ,0,0,0,0,0,0,0,0,0,-147000,0,0,0,506000,653000,-147000,-147000
063168,台表科永豐9B購01,0,0,0,0,0,0,0,0,0,-147000,0,0,0,25000,172000,-147000,-147000
064683,台表科兆豐9C購02,0,0,0,0,0,0,0,0,0,-147000,0,0,0,24000,171000,-147000,-147000
067720,瑞昱凱基01購02  ,0,0,0,0,0,0,0,0,0,-148000,0,0,0,299000,447000,-148000,-148000
067461,晶碩永豐01購02  ,0,0,0,0,0,0,0,0,0,-148000,0,0,0,1000,149000,-148000,-148000
03180P,台灣50元大01售39,0,0,0,0,0,0,0,0,0,-148000,0,0,0,0,148000,-148000,-148000
063246,嘉晶元大9C購01  ,0,0,0,0,0,0,0,0,0,-148000,0,0,0,2000,150000,-148000,-148000
060747,聯鈞國票9A購02  ,0,0,0,0,0,0,0,0,0,-148000,0,0,0,132000,280000,-148000,-148000
064217,GIS凱基02購02   ,0,0,0,0,0,0,0,0,0,-148000,0,0,0,98000,246000,-148000,-148000
061778,元金2X群益9B購02,0,0,0,0,0,0,0,0,0,-148000,0,0,0,0,148000,-148000,-148000
062633,亞光國票9B購01  ,0,0,0,0,0,0,0,0,0,-148000,0,0,0,72000,220000,-148000,-148000
064746,貿聯國票01購02  ,0,0,0,0,0,0,0,0,0,-148000,0,0,0,30000,178000,-148000,-148000
064898,國產群益9C購01  ,0,0,0,0,0,0,0,0,0,-148000,0,0,0,40000,188000,-148000,-148000
066620,長興凱基01購01  ,0,0,0,0,0,0,0,0,0,-148000,0,0,0,213000,361000,-148000,-148000
066574,康友元大01購01  ,0,0,0,0,0,0,0,0,0,-148000,0,0,0,555000,703000,-148000,-148000
066253,泰豐元大01購01  ,0,0,0,0,0,0,0,0,0,-148000,0,0,0,3000,151000,-148000,-148000
065653,同欣電元大03購01,0,0,0,0,0,0,0,0,0,-148000,0,0,0,173000,321000,-148000,-148000
6206,飛捷            ,14000,154000,-140000,0,0,0,0,0,0,-8000,0,8000,-8000,0,0,0,-148000
067261,樺漢國票02購01  ,0,0,0,0,0,0,0,0,0,-149000,0,0,0,210000,359000,-149000,-149000
059742,富邦金元富99購01,0,0,0,0,0,0,0,0,0,-149000,0,0,0,65000,214000,-149000,-149000
065342,華邦電統一02購01,0,0,0,0,0,0,0,0,0,-149000,0,0,0,142000,291000,-149000,-149000
08613P,同欣電凱基9C售04,10000,0,10000,0,0,0,0,0,0,-159000,0,0,0,16000,175000,-159000,-149000
2542,興富發          ,712279,836000,-123721,0,0,0,0,0,0,-26000,56000,82000,-26000,0,0,0,-149721
068708,新光金國票02購01,0,0,0,0,0,0,0,0,0,-150000,0,0,0,0,150000,-150000,-150000
068393,GIS統一03購01   ,0,0,0,0,0,0,0,0,0,-150000,0,0,0,0,150000,-150000,-150000
07878P,智邦群益9C售01  ,0,0,0,0,0,0,0,0,0,-150000,0,0,0,0,150000,-150000,-150000
07685P,玉晶光凱基9B售03,0,0,0,0,0,0,0,0,0,-150000,0,0,0,0,150000,-150000,-150000
06922P,元上證群益9C售01,0,0,0,0,0,0,0,0,0,-150000,0,0,0,53000,203000,-150000,-150000
06885P,國巨國票99售06  ,0,0,0,0,0,0,0,0,0,-150000,0,0,0,0,150000,-150000,-150000
063160,牧德富邦9C購02  ,0,0,0,0,0,0,0,0,0,-150000,0,0,0,0,150000,-150000,-150000
063414,鴻海凱基03購01  ,0,0,0,0,0,0,0,0,0,-150000,0,0,0,0,150000,-150000,-150000
063272,GIS兆豐9C購01   ,0,0,0,0,0,0,0,0,0,-150000,0,0,0,0,150000,-150000,-150000
064291,南六元大9C購04  ,0,0,0,0,0,0,0,0,0,-150000,0,0,0,129000,279000,-150000,-150000
066252,南港元大01購02  ,0,0,0,0,0,0,0,0,0,-150000,0,0,0,27000,177000,-150000,-150000
066055,聯鈞元大01購01  ,0,0,0,0,0,0,0,0,0,-150000,0,0,0,1000,151000,-150000,-150000
08579P,臺股指元大9C售27,0,0,0,0,0,0,0,0,0,-150000,0,0,0,15000,165000,-150000,-150000
08645P,臺股指中信03售01,0,0,0,0,0,0,0,0,0,-150000,0,0,0,0,150000,-150000,-150000
5522,遠雄            ,85000,229000,-144000,0,0,0,0,0,0,-6000,11000,17000,-6000,0,0,0,-150000
068806,景碩群益03購01  ,0,0,0,0,0,0,0,0,0,-151000,0,0,0,2000,153000,-151000,-151000
067577,FBVIX群益01購02 ,0,0,0,0,0,0,0,0,0,-151000,0,0,0,50000,201000,-151000,-151000
058795,可成元大99購03  ,0,0,0,0,0,0,0,0,0,-151000,0,0,0,0,151000,-151000,-151000
03189P,玉晶光元大03售05,0,0,0,0,0,0,0,0,0,-151000,0,0,0,106000,257000,-151000,-151000
08644P,臺股指中信02售02,0,0,0,0,0,0,0,0,0,-151000,0,0,0,68000,219000,-151000,-151000
068772,欣興統一04購01  ,0,0,0,0,0,0,0,0,0,-152000,0,0,0,275000,427000,-152000,-152000
058762,貿聯群益99購03  ,0,0,0,0,0,0,0,0,0,-152000,0,0,0,0,152000,-152000,-152000
061173,T50反1凱基04購01,0,0,0,0,0,0,0,0,0,-152000,0,0,0,0,152000,-152000,-152000
08344P,旺宏元大01售02  ,0,0,0,0,0,0,0,0,0,-152000,0,0,0,1000,153000,-152000,-152000
6166,凌華            ,12000,137000,-125000,0,0,0,0,0,0,-27000,0,13000,-13000,1000,15000,-14000,-152000
068754,聯發科國泰08購01,0,0,0,0,0,0,0,0,0,-153000,0,0,0,204000,357000,-153000,-153000
068890,南六統一02購03  ,0,0,0,0,0,0,0,0,0,-153000,0,0,0,193000,346000,-153000,-153000
065862,世紀鋼元大9C購06,0,0,0,0,0,0,0,0,0,-153000,0,0,0,34000,187000,-153000,-153000
064529,友達中信01購03  ,0,0,0,0,0,0,0,0,0,-153000,0,0,0,32000,185000,-153000,-153000
03184P,台積電元大01售48,0,0,0,0,0,0,0,0,0,-154000,0,0,0,31000,185000,-154000,-154000
064482,微星永豐9C購01  ,0,0,0,0,0,0,0,0,0,-154000,0,0,0,157000,311000,-154000,-154000
064499,可成元大9C購07  ,0,0,0,0,0,0,0,0,0,-154000,0,0,0,6000,160000,-154000,-154000
063913,貿聯凱基02購01  ,0,0,0,0,0,0,0,0,0,-154000,0,0,0,70000,224000,-154000,-154000
066058,TPK元大01購02   ,0,0,0,0,0,0,0,0,0,-154000,0,0,0,8000,162000,-154000,-154000
068601,台積電凱基03購07,0,0,0,0,0,0,0,0,0,-155000,0,0,0,2000,157000,-155000,-155000
067781,SP黃豆群益01購02,0,0,0,0,0,0,0,0,0,-155000,0,0,0,0,155000,-155000,-155000
059296,大立光元富99購06,0,0,0,0,0,0,0,0,0,-155000,0,0,0,81000,236000,-155000,-155000
064373,和大元富03購01  ,0,0,0,0,0,0,0,0,0,-155000,0,0,0,5000,160000,-155000,-155000
061828,T50反1凱基02購01,0,0,0,0,0,0,0,0,0,-155000,0,0,0,0,155000,-155000,-155000
061659,信邦永豐9A購01  ,0,0,0,0,0,0,0,0,0,-155000,0,0,0,20000,175000,-155000,-155000
062011,上銀富邦9C購01  ,0,0,0,0,0,0,0,0,0,-155000,0,0,0,0,155000,-155000,-155000
066153,南帝康和01購01  ,0,0,0,0,0,0,0,0,0,-155000,0,0,0,23000,178000,-155000,-155000
066352,晶碩永豐01購01  ,0,0,0,0,0,0,0,0,0,-155000,0,0,0,0,155000,-155000,-155000
068039,鎧勝元富07購01  ,0,0,0,0,0,0,0,0,0,-156000,0,0,0,0,156000,-156000,-156000
067121,台虹群益01購01  ,0,0,0,0,0,0,0,0,0,-156000,0,0,0,12000,168000,-156000,-156000
060191,亞光元富9A購02  ,0,0,0,0,0,0,0,0,0,-156000,0,0,0,85000,241000,-156000,-156000
056266,開發金統一9A購01,0,0,0,0,0,0,0,0,0,-156000,0,0,0,69000,225000,-156000,-156000
03234P,技嘉元大02售01  ,0,0,0,0,0,0,0,0,0,-156000,0,0,0,62000,218000,-156000,-156000
062230,緯穎統一01購01  ,0,0,0,0,0,0,0,0,0,-156000,0,0,0,94000,250000,-156000,-156000
4104,佳醫            ,9000,162000,-153000,0,0,0,0,0,0,-3000,0,3000,-3000,0,0,0,-156000
08995P,台灣50群益01售12,0,0,0,0,0,0,0,0,0,-156000,0,0,0,85000,241000,-156000,-156000
067369,瑞昱統一01購07  ,0,0,0,0,0,0,0,0,0,-157000,0,0,0,1310000,1467000,-157000,-157000
068565,建準元大01購02  ,0,0,0,0,0,0,0,0,0,-157000,0,0,0,270000,427000,-157000,-157000
03206P,台郡凱基01售05  ,0,0,0,0,0,0,0,0,0,-157000,0,0,0,23000,180000,-157000,-157000
063087,南六凱基9C購02  ,0,0,0,0,0,0,0,0,0,-157000,0,0,0,0,157000,-157000,-157000
065938,文曄群益01購01  ,0,0,0,0,0,0,0,0,0,-157000,0,0,0,40000,197000,-157000,-157000
065945,鴻海統一02購01  ,0,0,0,0,0,0,0,0,0,-157000,0,0,0,953000,1110000,-157000,-157000
065198,玉晶光元富06購01,0,0,0,0,0,0,0,0,0,-157000,0,0,0,20000,177000,-157000,-157000
3003,健和興          ,534000,700000,-166000,0,0,0,0,0,0,9000,0,0,0,9000,0,9000,-157000
1760,寶齡富錦        ,494000,651000,-157000,0,0,0,0,0,0,0,0,0,0,0,0,0,-157000
068855,南港元富03購01  ,0,0,0,0,0,0,0,0,0,-158000,0,0,0,0,158000,-158000,-158000
07989P,玉晶光凱基9B售07,0,0,0,0,0,0,0,0,0,-158000,0,0,0,0,158000,-158000,-158000
066912,盛群凱基01購01  ,0,0,0,0,0,0,0,0,0,-158000,0,0,0,0,158000,-158000,-158000
063991,南六永豐9C購02  ,0,0,0,0,0,0,0,0,0,-158000,0,0,0,54000,212000,-158000,-158000
066560,聯鈞元大01購04  ,0,0,0,0,0,0,0,0,0,-158000,0,0,0,4000,162000,-158000,-158000
2441,超豐            ,476000,616000,-140000,0,0,0,0,0,0,-18000,10000,28000,-18000,0,0,0,-158000
067732,遠東新元大01購01,0,0,0,0,0,0,0,0,0,-159000,0,0,0,71000,230000,-159000,-159000
064502,大立光元大9C購19,0,0,0,0,0,0,0,0,0,-159000,0,0,0,41000,200000,-159000,-159000
08219P,上銀凱基9B售08  ,0,0,0,0,0,0,0,0,0,-159000,0,0,0,41000,200000,-159000,-159000
03028X,元展25          ,0,0,0,0,0,0,0,0,0,-160000,0,0,0,0,160000,-160000,-160000
066718,滬深2X元大01購05,0,0,0,0,0,0,0,0,0,-160000,0,0,0,1023000,1183000,-160000,-160000
065847,嘉晶元大9C購03  ,0,0,0,0,0,0,0,0,0,-160000,0,0,0,22000,182000,-160000,-160000
064809,冠德元大9C購01  ,0,0,0,0,0,0,0,0,0,-160000,0,0,0,36000,196000,-160000,-160000
064786,GIS群益9C購04   ,0,0,0,0,0,0,0,0,0,-160000,0,0,0,167000,327000,-160000,-160000
08991P,玉晶光元大01售06,0,0,0,0,0,0,0,0,0,-160000,0,0,0,35000,195000,-160000,-160000
3321,同泰            ,239000,399000,-160000,0,0,0,0,0,0,0,0,0,0,0,0,0,-160000
05887P,友達元富99售03  ,0,0,0,0,0,0,0,0,0,-161000,0,0,0,285000,446000,-161000,-161000
064825,英業達統一9C購01,0,0,0,0,0,0,0,0,0,-161000,0,0,0,12000,173000,-161000,-161000
065404,玉晶光國泰02購03,0,0,0,0,0,0,0,0,0,-161000,0,0,0,965000,1126000,-161000,-161000
065566,裕隆群益9C購02  ,0,0,0,0,0,0,0,0,0,-161000,0,0,0,0,161000,-161000,-161000
065645,嘉晶元大01購02  ,0,0,0,0,0,0,0,0,0,-161000,0,0,0,37000,198000,-161000,-161000
08641P,台灣50群益9C售08,0,0,0,0,0,0,0,0,0,-161000,0,0,0,0,161000,-161000,-161000
08462P,臻鼎國票9C售02  ,0,0,0,0,0,0,0,0,0,-162000,0,0,0,12000,174000,-162000,-162000
3338,泰碩            ,37000,163000,-126000,0,0,0,0,0,0,-36000,6000,7000,-1000,2000,37000,-35000,-162000
2493,揚博            ,41000,200000,-159000,0,0,0,0,0,0,-3000,3000,6000,-3000,0,0,0,-162000
064428,裕隆凱基02購01  ,0,0,0,0,0,0,0,0,0,-163000,0,0,0,17000,180000,-163000,-163000
063808,台表科兆豐9C購01,0,0,0,0,0,0,0,0,0,-163000,0,0,0,7000,170000,-163000,-163000
08309P,GIS凱基9C售01   ,0,0,0,0,0,0,0,0,0,-163000,0,0,0,43000,206000,-163000,-163000
08752P,長榮航群益01售01,0,0,0,0,0,0,0,0,0,-163000,0,0,0,2000,165000,-163000,-163000
068852,可成統一04購01  ,0,0,0,0,0,0,0,0,0,-164000,0,0,0,114000,278000,-164000,-164000
0052,富邦科技        ,6000,6000,0,0,0,0,0,0,0,-164000,0,0,0,109000,273000,-164000,-164000
062504,旭富群益9B購02  ,0,0,0,0,0,0,0,0,0,-164000,0,0,0,3000,167000,-164000,-164000
063528,元大金凱基9B購01,0,0,0,0,0,0,0,0,0,-164000,0,0,0,61000,225000,-164000,-164000
064783,貿聯群益9C購03  ,0,0,0,0,0,0,0,0,0,-164000,0,0,0,0,164000,-164000,-164000
065953,宏達電統一03購01,0,0,0,0,0,0,0,0,0,-164000,0,0,0,34000,198000,-164000,-164000
066457,可成統一02購01  ,0,0,0,0,0,0,0,0,0,-164000,0,0,0,30000,194000,-164000,-164000
08095P,大立光元富9B售03,0,0,0,0,0,0,0,0,0,-165000,0,0,0,12000,177000,-165000,-165000
068441,台勝科凱基01購03,0,0,0,0,0,0,0,0,0,-165000,0,0,0,70000,235000,-165000,-165000
067438,緯穎凱基01購03  ,0,0,0,0,0,0,0,0,0,-165000,0,0,0,7000,172000,-165000,-165000
058851,大立光群益99購07,0,0,0,0,0,0,0,0,0,-165000,0,0,0,224000,389000,-165000,-165000
058169,國巨凱基9A購05  ,0,0,0,0,0,0,0,0,0,-165000,0,0,0,135000,300000,-165000,-165000
061950,日月光群益9B購01,0,0,0,0,0,0,0,0,0,-165000,0,0,0,62000,227000,-165000,-165000
060632,可成富邦9B購01  ,0,0,0,0,0,0,0,0,0,-165000,0,0,0,10000,175000,-165000,-165000
063516,香港反凱基03購01,0,0,0,0,0,0,0,0,0,-165000,0,0,0,0,165000,-165000,-165000
062810,華通兆豐9B購02  ,0,0,0,0,0,0,0,0,0,-165000,0,0,0,115000,280000,-165000,-165000
065145,貿聯凱基9C購02  ,0,0,0,0,0,0,0,0,0,-165000,0,0,0,0,165000,-165000,-165000
08977P,臺股指群益01售11,0,0,0,0,0,0,0,0,0,-165000,0,0,0,35000,200000,-165000,-165000
2419,仲琦            ,47000,196000,-149000,0,0,0,0,0,0,-16000,0,1000,-1000,0,15000,-15000,-165000
066883,聯發科永豐01購01,0,0,0,0,0,0,0,0,0,-166000,0,0,0,111000,277000,-166000,-166000
067561,晶技國票02購01  ,0,0,0,0,0,0,0,0,0,-166000,0,0,0,173000,339000,-166000,-166000
058262,大立光富邦9C購02,0,0,0,0,0,0,0,0,0,-166000,0,0,0,6000,172000,-166000,-166000
03066P,台積電群益01售19,0,0,0,0,0,0,0,0,0,-166000,0,0,0,15000,181000,-166000,-166000
03694C,臺股指元大04牛08,0,0,0,0,0,0,0,0,0,-166000,0,0,0,10000,176000,-166000,-166000
03689C,T50反1元大02牛01,0,0,0,0,0,0,0,0,0,-166000,0,0,0,642000,808000,-166000,-166000
068122,彩晶元富03購01  ,0,0,0,0,0,0,0,0,0,-167000,0,0,0,277000,444000,-167000,-167000
068464,聯詠富邦03購02  ,0,0,0,0,0,0,0,0,0,-167000,0,0,0,1037000,1204000,-167000,-167000
066734,聯詠元大01購03  ,0,0,0,0,0,0,0,0,0,-167000,0,0,0,21000,188000,-167000,-167000
066003,台表科國票02購02,0,0,0,0,0,0,0,0,0,-167000,0,0,0,0,167000,-167000,-167000
3563,牧德            ,58000,260000,-202000,0,0,0,0,0,0,35000,17000,7000,10000,47000,22000,25000,-167000
062702,可成元大9C購01  ,0,0,0,0,0,0,0,0,0,-168000,0,0,0,39000,207000,-168000,-168000
063944,建準元大9C購01  ,0,0,0,0,0,0,0,0,0,-168000,0,0,0,41000,209000,-168000,-168000
08817P,致新元富01售02  ,0,0,0,0,0,0,0,0,0,-168000,0,0,0,90000,258000,-168000,-168000
08376P,南亞科元富9C售03,0,0,0,0,0,0,0,0,0,-168000,0,0,0,145000,313000,-168000,-168000
066944,鴻海元大01購13  ,0,0,0,0,0,0,0,0,0,-169000,0,0,0,0,169000,-169000,-169000
03662C,FBVIX凱基03牛01 ,0,0,0,0,0,0,0,0,0,-169000,0,0,0,22000,191000,-169000,-169000
059187,國巨富邦9B購02  ,0,0,0,0,0,0,0,0,0,-169000,0,0,0,294000,463000,-169000,-169000
062026,華邦電群益9B購01,0,0,0,0,0,0,0,0,0,-169000,0,0,0,11000,180000,-169000,-169000
065179,同欣電元大02購01,0,0,0,0,0,0,0,0,0,-169000,0,0,0,0,169000,-169000,-169000
065025,健策永豐9C購02  ,0,0,0,0,0,0,0,0,0,-169000,0,0,0,14000,183000,-169000,-169000
065665,鴻海凱基9C購04  ,0,0,0,0,0,0,0,0,0,-169000,0,0,0,0,169000,-169000,-169000
066711,臺股指群益01購03,0,0,0,0,0,0,0,0,0,-169000,0,0,0,8000,177000,-169000,-169000
067656,新日興元富07購01,0,0,0,0,0,0,0,0,0,-170000,0,0,0,105000,275000,-170000,-170000
067615,鈺齊凱基01購01  ,0,0,0,0,0,0,0,0,0,-170000,0,0,0,1000,171000,-170000,-170000
068209,彩晶凱基04購02  ,0,0,0,0,0,0,0,0,0,-170000,0,0,0,65000,235000,-170000,-170000
060656,國巨統一9C購03  ,0,0,0,0,0,0,0,0,0,-170000,0,0,0,2000,172000,-170000,-170000
059920,宏達電元大99購07,0,0,0,0,0,0,0,0,0,-170000,0,0,0,183000,353000,-170000,-170000
057750,神達國票99購01  ,0,0,0,0,0,0,0,0,0,-170000,0,0,0,0,170000,-170000,-170000
066679,微星兆豐01購01  ,0,0,0,0,0,0,0,0,0,-170000,0,0,0,173000,343000,-170000,-170000
2615,萬海            ,329000,469000,-140000,0,0,0,0,0,0,-30000,0,30000,-30000,0,0,0,-170000
068429,裕隆凱基01購01  ,0,0,0,0,0,0,0,0,0,-171000,0,0,0,15000,186000,-171000,-171000
068388,宏碁統一03購02  ,0,0,0,0,0,0,0,0,0,-171000,0,0,0,105000,276000,-171000,-171000
063444,金像電統一03購01,0,0,0,0,0,0,0,0,0,-171000,0,0,0,134000,305000,-171000,-171000
064387,GIS富邦9C購01   ,0,0,0,0,0,0,0,0,0,-171000,0,0,0,10000,181000,-171000,-171000
060333,金寶康和9A購01  ,0,0,0,0,0,0,0,0,0,-171000,0,0,0,8000,179000,-171000,-171000
060733,和大統一9C購01  ,0,0,0,0,0,0,0,0,0,-171000,0,0,0,55000,226000,-171000,-171000
3708,上緯投控        ,569000,584000,-15000,0,0,0,0,20000,-20000,-136000,1000,87000,-86000,0,50000,-50000,-171000
068414,聯電中信01購01  ,0,0,0,0,0,0,0,0,0,-172000,0,0,0,301000,473000,-172000,-172000
060889,國泰金統一9C購01,0,0,0,0,0,0,0,0,0,-172000,0,0,0,20000,192000,-172000,-172000
064437,可成凱基02購01  ,0,0,0,0,0,0,0,0,0,-172000,0,0,0,125000,297000,-172000,-172000
066848,健策元大01購05  ,0,0,0,0,0,0,0,0,0,-172000,0,0,0,112000,284000,-172000,-172000
065995,台虹永豐01購01  ,0,0,0,0,0,0,0,0,0,-172000,0,0,0,65000,237000,-172000,-172000
064958,GIS凱基02購03   ,0,0,0,0,0,0,0,0,0,-172000,0,0,0,120000,292000,-172000,-172000
068503,同欣電元大01購06,0,0,0,0,0,0,0,0,0,-173000,0,0,0,0,173000,-173000,-173000
067493,健策元大01購12  ,0,0,0,0,0,0,0,0,0,-173000,0,0,0,26000,199000,-173000,-173000
061891,力山永豐9B購01  ,0,0,0,0,0,0,0,0,0,-173000,0,0,0,102000,275000,-173000,-173000
063154,南六元富9B購02  ,0,0,0,0,0,0,0,0,0,-173000,0,0,0,109000,282000,-173000,-173000
067775,GIS統一02購04   ,0,0,0,0,0,0,0,0,0,-174000,0,0,0,293000,467000,-174000,-174000
07981P,上銀群益9B售04  ,0,0,0,0,0,0,0,0,0,-174000,0,0,0,28000,202000,-174000,-174000
061532,和大統一9C購02  ,0,0,0,0,0,0,0,0,0,-174000,0,0,0,61000,235000,-174000,-174000
066690,瑞昱台新01購01  ,0,0,0,0,0,0,0,0,0,-174000,0,0,0,141000,315000,-174000,-174000
8271,宇瞻            ,80000,250000,-170000,0,0,0,0,0,0,-4000,2000,6000,-4000,0,0,0,-174000
08380P,GIS元大9C售06   ,0,0,0,0,0,0,0,0,0,-174000,0,0,0,100000,274000,-174000,-174000
069010,欣興兆豐03購03  ,0,0,0,0,0,0,0,0,0,-175000,0,0,0,0,175000,-175000,-175000
068770,大立光統一02購09,0,0,0,0,0,0,0,0,0,-175000,0,0,0,0,175000,-175000,-175000
054890,聯鈞統一99購01  ,0,0,0,0,0,0,0,0,0,-175000,0,0,0,41000,216000,-175000,-175000
064372,滬深2X元富9C購10,0,0,0,0,0,0,0,0,0,-175000,0,0,0,70000,245000,-175000,-175000
064999,T50反1國票9C購03,0,0,0,0,0,0,0,0,0,-175000,0,0,0,15000,190000,-175000,-175000
065253,和大元大01購02  ,0,0,0,0,0,0,0,0,0,-175000,0,0,0,5000,180000,-175000,-175000
2637,慧洋-KY         ,134000,270000,-136000,0,0,0,0,1000,-1000,-38000,26000,94000,-68000,30000,0,30000,-175000
068461,瑞儀國票03購01  ,0,0,0,0,0,0,0,0,0,-176000,0,0,0,0,176000,-176000,-176000
062152,國巨麥證9C購01  ,0,0,0,0,176000,-176000,0,0,0,-176000,0,0,0,0,176000,-176000,-176000
062907,可成元大9C購03  ,0,0,0,0,0,0,0,0,0,-176000,0,0,0,112000,288000,-176000,-176000
068181,長榮航群益02購01,0,0,0,0,0,0,0,0,0,-177000,0,0,0,100000,277000,-177000,-177000
068536,聯發科中信04購02,0,0,0,0,0,0,0,0,0,-177000,0,0,0,343000,520000,-177000,-177000
059298,大立光元富9C購02,0,0,0,0,0,0,0,0,0,-177000,0,0,0,575000,752000,-177000,-177000
062809,同欣電統一9C購01,0,0,0,0,0,0,0,0,0,-177000,0,0,0,3000,180000,-177000,-177000
065183,和大統一01購03  ,0,0,0,0,0,0,0,0,0,-177000,0,0,0,0,177000,-177000,-177000
066697,長興群益01購01  ,0,0,0,0,0,0,0,0,0,-177000,0,0,0,0,177000,-177000,-177000
2362,藍天            ,126000,286000,-160000,0,0,0,0,0,0,-17000,0,0,0,0,17000,-17000,-177000
068726,全新元大02購01  ,0,0,0,0,0,0,0,0,0,-178000,0,0,0,296000,474000,-178000,-178000
068341,世紀鋼元大01購04,0,1000,-1000,0,0,0,0,0,0,-177000,0,0,0,25000,202000,-177000,-178000
063350,台表科統一02購02,0,0,0,0,0,0,0,0,0,-178000,0,0,0,3000,181000,-178000,-178000
065635,智伸科國票01購02,0,0,0,0,0,0,0,0,0,-178000,0,0,0,0,178000,-178000,-178000
058351,上銀凱基9A購02  ,0,0,0,0,0,0,0,0,0,-179000,0,0,0,90000,269000,-179000,-179000
066738,聯鈞元大01購05  ,0,0,0,0,0,0,0,0,0,-179000,0,0,0,0,179000,-179000,-179000
2023,燁輝            ,108000,287000,-179000,0,0,0,0,0,0,0,0,0,0,0,0,0,-179000
3062,建漢            ,319000,498000,-179000,0,0,0,0,0,0,0,0,0,0,0,0,0,-179000
068471,聯發科群益01購11,0,0,0,0,0,0,0,0,0,-180000,0,0,0,7000,187000,-180000,-180000
063362,台表科國泰01購03,0,0,0,0,0,0,0,0,0,-180000,0,0,0,22000,202000,-180000,-180000
062229,南六統一9B購01  ,0,0,0,0,0,0,0,0,0,-180000,0,0,0,31000,211000,-180000,-180000
061186,牧德國泰9C購01  ,0,0,0,0,0,0,0,0,0,-180000,0,0,0,50000,230000,-180000,-180000
061063,國巨凱基9A購14  ,0,0,0,0,0,0,0,0,0,-180000,0,0,0,2000,182000,-180000,-180000
065721,中壽兆豐9C購01  ,0,0,0,0,0,0,0,0,0,-180000,0,0,0,24000,204000,-180000,-180000
065163,香港反元大03購01,0,0,0,0,0,0,0,0,0,-180000,0,0,0,0,180000,-180000,-180000
08302P,長榮航國泰02售01,0,0,0,0,0,0,0,0,0,-180000,0,0,0,0,180000,-180000,-180000
068392,彩晶統一03購01  ,0,0,0,0,0,0,0,0,0,-181000,0,0,0,63000,244000,-181000,-181000
068934,聯詠永豐02購01  ,0,0,0,0,0,0,0,0,0,-181000,0,0,0,5000,186000,-181000,-181000
066976,台達電群益01購01,0,0,0,0,0,0,0,0,0,-181000,0,0,0,60000,241000,-181000,-181000
067073,國揚元大01購02  ,0,0,0,0,0,0,0,0,0,-181000,0,0,0,138000,319000,-181000,-181000
058376,貿聯凱基9A購01  ,0,0,0,0,0,0,0,0,0,-181000,0,0,0,65000,246000,-181000,-181000
064527,裕隆中信01購01  ,0,0,0,0,0,0,0,0,0,-181000,0,0,0,65000,246000,-181000,-181000
6139,亞翔            ,109000,290000,-181000,0,0,0,0,0,0,0,0,0,0,0,0,0,-181000
067107,義隆群益01購02  ,0,0,0,0,0,0,0,0,0,-182000,0,0,0,106000,288000,-182000,-182000
067674,可成元大01購08  ,0,0,0,0,0,0,0,0,0,-182000,0,0,0,23000,205000,-182000,-182000
059695,聯鈞永豐99購02  ,0,0,0,0,0,0,0,0,0,-182000,0,0,0,31000,213000,-182000,-182000
066908,聯發科凱基03購05,0,0,0,0,0,0,0,0,0,-183000,0,0,0,121000,304000,-183000,-183000
062172,南六永豐9B購01  ,0,0,0,0,0,0,0,0,0,-183000,0,0,0,37000,220000,-183000,-183000
062085,同欣電元大9B購01,0,0,0,0,0,0,0,0,0,-183000,0,0,0,1000,184000,-183000,-183000
066616,創意康和01購01  ,0,0,0,0,0,0,0,0,0,-183000,0,0,0,55000,238000,-183000,-183000
066394,建準凱基01購01  ,0,0,0,0,0,0,0,0,0,-183000,0,0,0,50000,233000,-183000,-183000
08469P,富邦金凱基9C售01,0,0,0,0,0,0,0,0,0,-183000,0,0,0,41000,224000,-183000,-183000
1217,愛之味          ,20000,203000,-183000,0,0,0,0,0,0,0,0,0,0,0,0,0,-183000
3209,全科            ,21000,199000,-178000,0,0,0,0,0,0,-5000,6000,11000,-5000,0,0,0,-183000
08096P,大立光元富9B售04,0,0,0,0,0,0,0,0,0,-184000,0,0,0,7000,191000,-184000,-184000
068342,鴻海麥證01購03  ,0,0,0,20000,204000,-184000,0,0,0,-184000,0,0,0,20000,204000,-184000,-184000
063773,可成富邦9C購01  ,0,0,0,0,0,0,0,0,0,-184000,0,0,0,311000,495000,-184000,-184000
066618,南六康和01購01  ,0,0,0,0,0,0,0,0,0,-184000,0,0,0,106000,290000,-184000,-184000
066017,南六元富03購01  ,0,0,0,0,0,0,0,0,0,-184000,0,0,0,355000,539000,-184000,-184000
068833,大立光國泰04購01,0,0,0,0,0,0,0,0,0,-185000,0,0,0,733000,918000,-185000,-185000
067391,健策元富01購02  ,0,0,0,0,0,0,0,0,0,-185000,0,0,0,46000,231000,-185000,-185000
067653,可成元富07購03  ,0,0,0,0,0,0,0,0,0,-185000,0,0,0,18000,203000,-185000,-185000
057649,嘉聯益元大99購04,0,0,0,0,0,0,0,0,0,-185000,0,0,0,3000,188000,-185000,-185000
060926,宏達電永豐9A購01,0,0,0,0,0,0,0,0,0,-185000,0,0,0,36000,221000,-185000,-185000
066434,台虹元大01購01  ,0,0,0,0,0,0,0,0,0,-185000,0,0,0,429000,614000,-185000,-185000
064188,玉晶光永豐9C購02,0,0,0,0,0,0,0,0,0,-185000,0,0,0,20000,205000,-185000,-185000
065252,玉晶光永豐9C購08,0,0,0,0,0,0,0,0,0,-185000,0,0,0,15000,200000,-185000,-185000
08559P,瑞昱國票9C售01  ,0,0,0,0,0,0,0,0,0,-185000,0,0,0,5000,190000,-185000,-185000
6271,同欣電          ,1708000,706000,1002000,0,0,0,0,1133000,-1133000,-54000,32000,64000,-32000,20000,42000,-22000,-185000
060659,鴻海凱基9B購03  ,0,0,0,0,0,0,0,0,0,-186000,0,0,0,0,186000,-186000,-186000
065313,聯茂國票01購01  ,0,0,0,0,0,0,0,0,0,-186000,0,0,0,174000,360000,-186000,-186000
066671,TPK凱基02購02   ,0,0,0,0,0,0,0,0,0,-186000,0,0,0,41000,227000,-186000,-186000
08850P,台光電群益01售03,0,0,0,0,0,0,0,0,0,-186000,0,0,0,60000,246000,-186000,-186000
2451,創見            ,99000,283000,-184000,0,0,0,0,0,0,-2000,12000,9000,3000,0,5000,-5000,-186000
07986P,大成鋼統一9B售02,0,0,0,0,0,0,0,0,0,-187000,0,0,0,113000,300000,-187000,-187000
066133,京元電群益01購01,0,0,0,0,0,0,0,0,0,-187000,0,0,0,163000,350000,-187000,-187000
2534,宏盛            ,27000,203000,-176000,0,0,0,0,0,0,-11000,0,0,0,0,11000,-11000,-187000
08526P,義隆元大9C售04  ,0,0,0,0,0,0,0,0,0,-187000,0,0,0,96000,283000,-187000,-187000
9914,美利達          ,252000,400000,-148000,0,0,0,0,25000,-25000,-14000,15000,24000,-9000,3000,8000,-5000,-187000
067975,茂林群益04購01  ,0,0,0,0,0,0,0,0,0,-188000,0,0,0,249000,437000,-188000,-188000
064149,美律統一02購01  ,0,0,0,0,0,0,0,0,0,-188000,0,0,0,23000,211000,-188000,-188000
066561,健策元大01購04  ,0,0,0,0,0,0,0,0,0,-188000,0,0,0,62000,250000,-188000,-188000
064777,南亞科群益9C購01,0,0,0,0,0,0,0,0,0,-188000,0,0,0,6000,194000,-188000,-188000
058421,國泰金麥證01購01,0,0,0,11000,200000,-189000,0,0,0,-189000,0,0,0,11000,200000,-189000,-189000
03068P,美律群益01售03  ,0,0,0,0,0,0,0,0,0,-189000,0,0,0,20000,209000,-189000,-189000
062338,鴻海麥證9B購01  ,0,0,0,0,189000,-189000,0,0,0,-189000,0,0,0,0,189000,-189000,-189000
068043,GIS元富07購02   ,0,0,0,0,0,0,0,0,0,-190000,0,0,0,27000,217000,-190000,-190000
068204,玉晶光凱基03購05,0,0,0,0,0,0,0,0,0,-190000,0,0,0,203000,393000,-190000,-190000
068260,道瓊銀富邦07購01,0,0,0,0,0,0,0,0,0,-190000,0,0,0,54000,244000,-190000,-190000
059181,世紀鋼元富9C購01,0,0,0,0,0,0,0,0,0,-190000,0,0,0,211000,401000,-190000,-190000
059074,元油2X元大9C購15,0,0,0,0,0,0,0,0,0,-190000,0,0,0,0,190000,-190000,-190000
063920,大立光元富03購02,0,0,0,0,0,0,0,0,0,-190000,0,0,0,146000,336000,-190000,-190000
066106,台郡國票02購01  ,0,0,0,0,0,0,0,0,0,-190000,0,0,0,0,190000,-190000,-190000
066016,台表科元富01購02,0,0,0,0,0,0,0,0,0,-191000,0,0,0,0,191000,-191000,-191000
068624,聯發科群益02購08,0,0,0,0,0,0,0,0,0,-192000,0,0,0,50000,242000,-192000,-192000
066615,長榮航康和01購01,0,0,0,0,0,0,0,0,0,-192000,0,0,0,127000,319000,-192000,-192000
068250,聯發科元大02購04,0,0,0,0,0,0,0,0,0,-193000,0,0,0,46000,239000,-193000,-193000
067508,奇鋐統一03購01  ,0,0,0,0,0,0,0,0,0,-193000,0,0,0,74000,267000,-193000,-193000
058075,貿聯凱基99購02  ,0,0,0,0,0,0,0,0,0,-193000,0,0,0,65000,258000,-193000,-193000
066305,華夏永豐01購01  ,0,0,0,0,0,0,0,0,0,-193000,0,0,0,119000,312000,-193000,-193000
066018,南六元富03購02  ,0,0,0,0,0,0,0,0,0,-193000,0,0,0,168000,361000,-193000,-193000
066134,強茂群益01購01  ,0,0,0,0,0,0,0,0,0,-193000,0,0,0,1209000,1402000,-193000,-193000
063862,世紀鋼國泰02購01,0,0,0,0,0,0,0,0,0,-193000,0,0,0,87000,280000,-193000,-193000
08840P,臺股指麥證01售07,0,0,0,52000,245000,-193000,0,0,0,-193000,0,0,0,52000,245000,-193000,-193000
063467,大立光元大9C購06,0,0,0,0,0,0,0,0,0,-194000,0,0,0,240000,434000,-194000,-194000
065269,貿聯元大9C購05  ,0,0,0,0,0,0,0,0,0,-195000,0,0,0,260000,455000,-195000,-195000
4961,天鈺            ,255000,300000,-45000,0,0,0,0,0,0,-150000,0,150000,-150000,0,0,0,-195000
068722,瑞昱元大02購02  ,0,0,0,0,0,0,0,0,0,-196000,0,0,0,21000,217000,-196000,-196000
061067,貿聯凱基9A購03  ,0,0,0,0,0,0,0,0,0,-196000,0,0,0,80000,276000,-196000,-196000
065903,聯發科富邦02購02,0,0,0,0,0,0,0,0,0,-196000,0,0,0,170000,366000,-196000,-196000
066487,聯詠元富01購03  ,0,0,0,0,0,0,0,0,0,-196000,0,0,0,13000,209000,-196000,-196000
066501,鴻海富邦03購01  ,0,0,0,0,0,0,0,0,0,-196000,0,0,0,20000,216000,-196000,-196000
08676P,泰碩群益04售01  ,0,0,0,0,0,0,0,0,0,-196000,0,0,0,5000,201000,-196000,-196000
068338,GIS元大01購04   ,0,0,0,0,0,0,0,0,0,-197000,0,0,0,119000,316000,-197000,-197000
067510,嘉澤統一03購01  ,0,0,0,0,0,0,0,0,0,-197000,0,0,0,14000,211000,-197000,-197000
067326,世紀鋼元大01購02,0,0,0,0,0,0,0,0,0,-198000,0,0,0,4000,202000,-198000,-198000
067132,瑞昱永豐01購01  ,0,0,0,0,0,0,0,0,0,-198000,0,0,0,88000,286000,-198000,-198000
067165,世紀鋼國票02購02,0,0,0,0,0,0,0,0,0,-198000,0,0,0,35000,233000,-198000,-198000
068042,GIS元富07購01   ,0,0,0,0,0,0,0,0,0,-198000,0,0,0,12000,210000,-198000,-198000
055615,宏達電國票99購02,0,0,0,0,0,0,0,0,0,-198000,0,0,0,0,198000,-198000,-198000
061550,聯鈞群益9A購03  ,0,0,0,0,0,0,0,0,0,-198000,0,0,0,11000,209000,-198000,-198000
061663,南六永豐9A購05  ,0,0,0,0,0,0,0,0,0,-198000,0,0,0,96000,294000,-198000,-198000
066337,聯陽永豐01購02  ,0,0,0,0,0,0,0,0,0,-198000,0,0,0,18000,216000,-198000,-198000
065360,和大元大01購03  ,0,0,0,0,0,0,0,0,0,-198000,0,0,0,2000,200000,-198000,-198000
055698,茂林國票98購03  ,0,0,0,0,0,0,0,0,0,-199000,0,0,0,0,199000,-199000,-199000
060942,智邦國票9A購02  ,0,0,0,0,0,0,0,0,0,-199000,0,0,0,0,199000,-199000,-199000
062394,大立光富邦02購01,0,0,0,0,0,0,0,0,0,-199000,0,0,0,10000,209000,-199000,-199000
064696,群創群益9C購02  ,0,0,0,0,0,0,0,0,0,-199000,0,0,0,1000,200000,-199000,-199000
066353,台塑化永豐01購01,0,0,0,0,0,0,0,0,0,-199000,0,0,0,0,199000,-199000,-199000
065880,訊芯群益9C購01  ,0,0,0,0,0,0,0,0,0,-199000,0,0,0,84000,283000,-199000,-199000
067189,牧德凱基02購02  ,0,0,0,0,0,0,0,0,0,-200000,0,0,0,0,200000,-200000,-200000
067318,康控元大01購03  ,0,0,0,0,0,0,0,0,0,-200000,0,0,0,61000,261000,-200000,-200000
07842P,力成元大9A售01  ,0,0,0,0,0,0,0,0,0,-200000,0,0,0,0,200000,-200000,-200000
057824,日月光元大98購01,0,0,0,0,0,0,0,0,0,-200000,0,0,0,17000,217000,-200000,-200000
058735,南茂永豐99購01  ,0,0,0,0,0,0,0,0,0,-200000,0,0,0,0,200000,-200000,-200000
063237,微星元大9B購02  ,0,0,0,0,0,0,0,0,0,-200000,0,0,0,0,200000,-200000,-200000
058467,日月光中信9A購01,0,0,0,0,0,0,0,0,0,-200000,0,0,0,0,200000,-200000,-200000
061438,牧德凱基9B購02  ,0,0,0,0,0,0,0,0,0,-200000,0,0,0,0,200000,-200000,-200000
061631,SP黃豆元大9A購05,0,0,0,0,0,0,0,0,0,-200000,0,0,0,0,200000,-200000,-200000
064409,彩晶凱基04購01  ,0,0,0,0,0,0,0,0,0,-200000,0,0,0,56000,256000,-200000,-200000
064282,大立光元大9C購13,0,0,0,0,0,0,0,0,0,-200000,0,0,0,0,200000,-200000,-200000
064511,GIS元大9C購05   ,0,0,0,0,0,0,0,0,0,-200000,0,0,0,142000,342000,-200000,-200000
065895,台勝科統一02購01,0,0,0,0,0,0,0,0,0,-200000,0,0,0,0,200000,-200000,-200000
066413,鴻海元大01購06  ,0,0,0,0,0,0,0,0,0,-200000,0,0,0,0,200000,-200000,-200000
064705,新光金富邦01購01,0,0,0,0,0,0,0,0,0,-200000,0,0,0,0,200000,-200000,-200000
064568,聯鈞群益9C購01  ,0,0,0,0,0,0,0,0,0,-200000,0,0,0,5000,205000,-200000,-200000
08487P,同欣電群益01售01,0,0,0,0,0,0,0,0,0,-200000,0,0,0,30000,230000,-200000,-200000
4935,茂林-KY         ,370000,571000,-201000,0,0,0,167000,0,167000,-166000,0,4000,-4000,39000,201000,-162000,-200000
07951P,智邦元大9B售05  ,0,0,0,0,0,0,0,0,0,-201000,0,0,0,0,201000,-201000,-201000
06954P,大立光元富99售01,0,0,0,0,0,0,0,0,0,-201000,0,0,0,0,201000,-201000,-201000
068544,台積電兆豐03購04,0,0,0,0,0,0,0,0,0,-201000,0,0,0,29000,230000,-201000,-201000
067904,SP黃豆國泰03購01,0,0,0,0,0,0,0,0,0,-201000,0,0,0,4000,205000,-201000,-201000
067576,元金反群益04購01,10000,0,10000,0,0,0,0,0,0,-211000,0,0,0,12000,223000,-211000,-201000
067794,臺股指群益01購06,0,0,0,0,0,0,0,0,0,-201000,0,0,0,0,201000,-201000,-201000
061366,台勝科國票9A購01,0,0,0,0,0,0,0,0,0,-201000,0,0,0,0,201000,-201000,-201000
062445,大立光元大9C購02,0,0,0,0,0,0,0,0,0,-201000,0,0,0,120000,321000,-201000,-201000
062111,台勝科國票9B購01,0,0,0,0,0,0,0,0,0,-201000,0,0,0,61000,262000,-201000,-201000
067526,深中小群益02購01,0,0,0,0,0,0,0,0,0,-202000,0,0,0,0,202000,-202000,-202000
067181,華通凱基01購02  ,0,0,0,0,0,0,0,0,0,-202000,0,0,0,287000,489000,-202000,-202000
068516,聯發科統一05購02,0,0,0,0,0,0,0,0,0,-202000,0,0,0,38000,240000,-202000,-202000
068678,台積電台新03購02,0,0,0,0,0,0,0,0,0,-202000,0,0,0,66000,268000,-202000,-202000
8210,勤誠            ,28000,232000,-204000,0,0,0,0,0,0,2000,1000,6000,-5000,7000,0,7000,-202000
068205,京鼎凱基01購05  ,0,0,0,0,0,0,0,0,0,-203000,0,0,0,37000,240000,-203000,-203000
067497,康控元大01購04  ,0,0,0,0,0,0,0,0,0,-203000,0,0,0,0,203000,-203000,-203000
00639,富邦深100       ,298000,248000,50000,0,0,0,0,0,0,-253000,0,0,0,1120000,1373000,-253000,-203000
065102,同欣電元大9C購07,0,0,0,0,0,0,0,0,0,-203000,0,0,0,0,203000,-203000,-203000
2911,麗嬰房          ,0,203000,-203000,0,0,0,0,0,0,0,0,0,0,0,0,0,-203000
067520,健策元富01購03  ,0,0,0,0,0,0,0,0,0,-204000,0,0,0,25000,229000,-204000,-204000
068223,京鼎統一03購02  ,0,0,0,0,0,0,0,0,0,-205000,0,0,0,144000,349000,-205000,-205000
064412,緯穎凱基01購01  ,0,0,0,0,0,0,0,0,0,-205000,0,0,0,6000,211000,-205000,-205000
058572,百和凱基9A購01  ,0,0,0,0,0,0,0,0,0,-206000,0,0,0,0,206000,-206000,-206000
064619,南亞科元大9C購05,0,0,0,0,0,0,0,0,0,-207000,0,0,0,4000,211000,-207000,-207000
064443,同欣電凱基03購01,0,0,0,0,0,0,0,0,0,-207000,0,0,0,3000,210000,-207000,-207000
065536,健鼎統一02購04  ,0,0,0,0,0,0,0,0,0,-207000,0,0,0,112000,319000,-207000,-207000
08801P,聯發科元大01售13,0,0,0,0,0,0,0,0,0,-207000,0,0,0,38000,245000,-207000,-207000
067996,南亞科元大01購02,0,0,0,0,0,0,0,0,0,-208000,0,0,0,410000,618000,-208000,-208000
03292P,欣興元大02售03  ,0,0,0,0,0,0,0,0,0,-208000,0,0,0,101000,309000,-208000,-208000
062312,大立光凱基9B購03,0,0,0,0,0,0,0,0,0,-208000,0,0,0,13000,221000,-208000,-208000
063296,可成麥證9B購01  ,0,0,0,0,208000,-208000,0,0,0,-208000,0,0,0,0,208000,-208000,-208000
068442,牧德凱基01購04  ,0,0,0,0,0,0,0,0,0,-209000,0,0,0,20000,229000,-209000,-209000
03108P,台積電元大01售40,0,0,0,0,0,0,0,0,0,-209000,0,0,0,11000,220000,-209000,-209000
064355,南六元大01購01  ,0,0,0,0,0,0,0,0,0,-209000,0,0,0,7000,216000,-209000,-209000
6214,精誠            ,48000,151000,-103000,0,0,0,0,0,0,-106000,4000,110000,-106000,0,0,0,-209000
068390,聯詠統一03購01  ,0,0,0,0,0,0,0,0,0,-210000,0,0,0,1004000,1214000,-210000,-210000
07895P,美律元大9B售01  ,0,0,0,0,0,0,0,0,0,-210000,0,0,0,90000,300000,-210000,-210000
067718,鴻海凱基01購09  ,0,0,0,0,0,0,0,0,0,-210000,0,0,0,30000,240000,-210000,-210000
065959,T50反1元大01購02,0,0,0,0,0,0,0,0,0,-210000,0,0,0,200000,410000,-210000,-210000
08893P,京元電元大01售06,0,0,0,0,0,0,0,0,0,-211000,0,0,0,4000,215000,-211000,-211000
03139P,聯電凱基01售02  ,0,0,0,0,0,0,0,0,0,-212000,0,0,0,320000,532000,-212000,-212000
060730,台積電群益9A購03,0,0,0,0,0,0,0,0,0,-212000,0,0,0,90000,302000,-212000,-212000
062590,亞光統一9B購01  ,0,0,0,0,0,0,0,0,0,-212000,0,0,0,0,212000,-212000,-212000
059068,台虹國票9A購01  ,0,0,0,0,0,0,0,0,0,-213000,0,0,0,52000,265000,-213000,-213000
061353,康控元大9A購01  ,0,0,0,0,0,0,0,0,0,-213000,0,0,0,11000,224000,-213000,-213000
064346,貿聯元大01購01  ,0,0,0,0,0,0,0,0,0,-213000,0,0,0,50000,263000,-213000,-213000
066748,同欣電元大01購03,20000,0,20000,0,0,0,0,0,0,-233000,0,0,0,20000,253000,-233000,-213000
1905,華紙            ,69000,267000,-198000,0,0,0,0,0,0,-15000,5000,23000,-18000,3000,0,3000,-213000
067396,欣興永豐01購02  ,0,0,0,0,0,0,0,0,0,-214000,0,0,0,194000,408000,-214000,-214000
067217,康控元大01購02  ,0,0,0,0,0,0,0,0,0,-214000,0,0,0,2000,216000,-214000,-214000
060913,宏達電元大9A購03,0,0,0,0,0,0,0,0,0,-214000,0,0,0,52000,266000,-214000,-214000
064971,裕隆元大01購01  ,0,0,0,0,0,0,0,0,0,-214000,0,0,0,477000,691000,-214000,-214000
067240,聯陽群益01購02  ,0,0,0,0,0,0,0,0,0,-215000,0,0,0,68000,283000,-215000,-215000
058026,上銀富邦9A購01  ,0,0,0,0,0,0,0,0,0,-215000,0,0,0,12000,227000,-215000,-215000
064011,嘉晶國票9C購01  ,0,0,0,0,0,0,0,0,0,-215000,0,0,0,6000,221000,-215000,-215000
066751,矽創元大01購03  ,0,0,0,0,0,0,0,0,0,-215000,0,0,0,429000,644000,-215000,-215000
066366,信邦中信02購01  ,0,0,0,0,0,0,0,0,0,-215000,0,0,0,7000,222000,-215000,-215000
08561P,台表科國票01售02,0,0,0,0,0,0,0,0,0,-216000,0,0,0,0,216000,-216000,-216000
067137,健策永豐01購03  ,0,0,0,0,0,0,0,0,0,-217000,0,0,0,2000,219000,-217000,-217000
08149P,祥碩群益9B售07  ,0,0,0,0,0,0,0,0,0,-217000,0,0,0,0,217000,-217000,-217000
069004,瑞昱兆豐03購02  ,0,0,0,0,0,0,0,0,0,-217000,0,0,0,0,217000,-217000,-217000
6591,動力-KY         ,166000,376000,-210000,0,0,0,0,0,0,-7000,0,7000,-7000,0,0,0,-217000
066946,京元電元大01購04,0,0,0,0,0,0,0,0,0,-218000,0,0,0,231000,449000,-218000,-218000
03453B,臺股指元大02熊02,0,0,0,0,0,0,0,0,0,-218000,0,0,0,88000,306000,-218000,-218000
060385,台勝科凱基9A購01,0,0,0,0,0,0,0,0,0,-218000,0,0,0,10000,228000,-218000,-218000
066559,聯鈞元大01購03  ,0,0,0,0,0,0,0,0,0,-218000,0,0,0,2000,220000,-218000,-218000
064685,裕隆群益9C購01  ,0,0,0,0,0,0,0,0,0,-218000,0,0,0,50000,268000,-218000,-218000
08360P,國巨國泰02售01  ,0,0,0,0,0,0,0,0,0,-218000,0,0,0,110000,328000,-218000,-218000
08764P,台灣50富邦03售03,0,0,0,0,0,0,0,0,0,-218000,0,0,0,0,218000,-218000,-218000
3645,達邁            ,299000,596000,-297000,0,0,0,0,0,0,78000,78000,0,78000,0,0,0,-219000
067077,智原元大01購04  ,0,0,0,0,0,0,0,0,0,-220000,0,0,0,78000,298000,-220000,-220000
07943P,瑞昱元大9B售02  ,0,0,0,0,0,0,0,0,0,-220000,0,0,0,5000,225000,-220000,-220000
056810,群創統一9A購01  ,0,0,0,0,0,0,0,0,0,-220000,0,0,0,90000,310000,-220000,-220000
060189,宏達電元富9B購03,0,0,0,0,0,0,0,0,0,-220000,0,0,0,0,220000,-220000,-220000
060123,光罩永豐99購02  ,0,0,0,0,0,0,0,0,0,-220000,0,0,0,562000,782000,-220000,-220000
064966,FBVIX元大9C購03 ,0,0,0,0,0,0,0,0,0,-220000,0,0,0,0,220000,-220000,-220000
068825,京鼎元大02購02  ,0,0,0,0,0,0,0,0,0,-221000,0,0,0,81000,302000,-221000,-221000
1736,喬山            ,140000,339000,-199000,0,0,0,0,0,0,-22000,0,0,0,2000,24000,-22000,-221000
07982P,全新群益9B售04  ,0,0,0,0,0,0,0,0,0,-222000,0,0,0,2000,224000,-222000,-222000
058646,聯茂富邦9A購01  ,0,0,0,0,0,0,0,0,0,-222000,0,0,0,88000,310000,-222000,-222000
03303P,義隆元富02售01  ,0,0,0,0,0,0,0,0,0,-222000,0,0,0,32000,254000,-222000,-222000
066625,瑞昱凱基02購01  ,0,0,0,0,0,0,0,0,0,-222000,0,0,0,357000,579000,-222000,-222000
068167,世紀鋼元大02購01,0,0,0,0,0,0,0,0,0,-223000,0,0,0,0,223000,-223000,-223000
03242P,聯電統一02售04  ,0,0,0,0,0,0,0,0,0,-223000,0,0,0,77000,300000,-223000,-223000
060305,得力永豐9A購01  ,0,0,0,0,0,0,0,0,0,-223000,0,0,0,1000,224000,-223000,-223000
08822P,聯發科凱基01售12,0,0,0,0,0,0,0,0,0,-223000,0,0,0,456000,679000,-223000,-223000
068220,聯發科統一04購01,0,0,0,0,0,0,0,0,0,-224000,0,0,0,40000,264000,-224000,-224000
057662,上銀元大9A購01  ,0,0,0,0,0,0,0,0,0,-224000,0,0,0,30000,254000,-224000,-224000
059865,國巨凱基01購01  ,0,0,0,0,0,0,0,0,0,-224000,0,0,0,2000,226000,-224000,-224000
068499,京鼎元大01購07  ,0,0,0,0,0,0,0,0,0,-225000,0,0,0,249000,474000,-225000,-225000
069065,聯發科麥證02購01,0,0,0,0,225000,-225000,0,0,0,-225000,0,0,0,0,225000,-225000,-225000
066933,可成國票02購01  ,0,0,0,0,0,0,0,0,0,-225000,0,0,0,28000,253000,-225000,-225000
061212,聯鈞元大9A購04  ,0,0,0,0,0,0,0,0,0,-225000,0,0,0,6000,231000,-225000,-225000
3018,同開            ,92000,317000,-225000,0,0,0,0,0,0,0,0,0,0,0,0,0,-225000
066606,聯詠永豐01購01  ,0,0,0,0,0,0,0,0,0,-226000,0,0,0,140000,366000,-226000,-226000
064990,世紀鋼元大01購01,0,0,0,0,0,0,0,0,0,-226000,0,0,0,4000,230000,-226000,-226000
064500,國泰金元大9C購01,0,0,0,0,0,0,0,0,0,-227000,0,0,0,2000,229000,-227000,-227000
064303,新光金兆豐01購01,0,0,0,0,0,0,0,0,0,-228000,0,0,0,20000,248000,-228000,-228000
08522P,智邦元大9C售08  ,0,0,0,0,0,0,0,0,0,-228000,0,0,0,0,228000,-228000,-228000
059293,宏達電元富9B購01,0,0,0,0,0,0,0,0,0,-229000,0,0,0,40000,269000,-229000,-229000
08745P,臺股指凱基02售06,0,0,0,0,0,0,0,0,0,-229000,0,0,0,0,229000,-229000,-229000
2404,漢唐            ,53000,196000,-143000,0,0,0,0,0,0,-86000,8000,10000,-2000,9000,93000,-84000,-229000
067942,瑞儀凱基02購01  ,0,0,0,0,0,0,0,0,0,-230000,0,0,0,75000,305000,-230000,-230000
067853,京鼎國票02購01  ,0,0,0,0,0,0,0,0,0,-230000,0,0,0,40000,270000,-230000,-230000
068612,崇越凱基01購01  ,0,0,0,0,0,0,0,0,0,-230000,0,0,0,217000,447000,-230000,-230000
00686R,群益臺灣加權反1 ,0,0,0,0,0,0,0,0,0,-230000,0,0,0,57000,287000,-230000,-230000
064279,新光金元大01購01,0,0,0,0,0,0,0,0,0,-230000,0,0,0,70000,300000,-230000,-230000
066467,晶碩統一03購01  ,0,0,0,0,0,0,0,0,0,-230000,0,0,0,3000,233000,-230000,-230000
065806,貿聯群益9C購05  ,0,0,0,0,0,0,0,0,0,-230000,0,0,0,10000,240000,-230000,-230000
2338,光罩            ,1104000,1523000,-419000,0,0,0,0,0,0,189000,0,0,0,316000,127000,189000,-230000
08568P,臺股指富邦9C售05,0,0,0,0,0,0,0,0,0,-230000,0,0,0,0,230000,-230000,-230000
03090P,臺股指元大01售19,0,0,0,0,0,0,0,0,0,-231000,0,0,0,40000,271000,-231000,-231000
08202P,台表科國泰01售04,0,0,0,0,0,0,0,0,0,-231000,0,0,0,0,231000,-231000,-231000
067978,緯穎群益01購06  ,0,0,0,0,0,0,0,0,0,-232000,0,0,0,44000,276000,-232000,-232000
067141,台表科永豐01購01,0,0,0,0,0,0,0,0,0,-233000,0,0,0,20000,253000,-233000,-233000
068339,GIS元大01購05   ,0,0,0,0,0,0,0,0,0,-233000,0,0,0,114000,347000,-233000,-233000
068924,國巨國泰05購01  ,0,0,0,0,0,0,0,0,0,-233000,0,0,0,19000,252000,-233000,-233000
063981,貿聯兆豐9C購01  ,0,0,0,0,0,0,0,0,0,-233000,0,0,0,10000,243000,-233000,-233000
03182P,聯電元大01售08  ,0,0,0,0,0,0,0,0,0,-234000,0,0,0,65000,299000,-234000,-234000
08214P,南六統一9B售03  ,0,0,0,0,0,0,0,0,0,-234000,0,0,0,151000,385000,-234000,-234000
2536,宏普            ,28000,255000,-227000,0,0,0,0,0,0,-7000,0,7000,-7000,0,0,0,-234000
068983,日月光元大02購01,0,0,0,0,0,0,0,0,0,-235000,0,0,0,0,235000,-235000,-235000
067023,巨大中信01購01  ,0,0,0,0,0,0,0,0,0,-235000,0,0,0,176000,411000,-235000,-235000
068056,台表科統一03購01,0,0,0,0,0,0,0,0,0,-235000,0,0,0,170000,405000,-235000,-235000
064906,台表科群益9C購02,0,0,0,0,0,0,0,0,0,-235000,0,0,0,10000,245000,-235000,-235000
066502,國巨富邦05購02  ,0,0,0,0,0,0,0,0,0,-235000,0,0,0,58000,293000,-235000,-235000
067050,京鼎凱基03購01  ,0,0,0,0,0,0,0,0,0,-236000,0,0,0,1000,237000,-236000,-236000
057581,元大金中信9A購01,0,0,0,0,0,0,0,0,0,-236000,0,0,0,0,236000,-236000,-236000
067031,華擎元富01購01  ,0,0,0,0,0,0,0,0,0,-237000,0,0,0,862000,1099000,-237000,-237000
064139,裕隆統一01購02  ,0,0,0,0,0,0,0,0,0,-237000,0,0,0,0,237000,-237000,-237000
066792,T50反1凱基01購03,0,0,0,0,0,0,0,0,0,-237000,0,0,0,124000,361000,-237000,-237000
057523,大成鋼元大99購01,0,0,0,0,0,0,0,0,0,-238000,0,0,0,0,238000,-238000,-238000
065097,貿聯元大9C購04  ,0,0,0,0,0,0,0,0,0,-238000,0,0,0,292000,530000,-238000,-238000
8110,華東            ,37000,289000,-252000,0,0,0,0,0,0,14000,14000,0,14000,0,0,0,-238000
064672,同欣電元大01購01,0,0,0,0,0,0,0,0,0,-239000,0,0,0,13000,252000,-239000,-239000
6177,達麗            ,32000,268000,-236000,0,0,0,0,0,0,-3000,0,3000,-3000,0,0,0,-239000
07750P,台表科凱基9A售04,0,0,0,0,0,0,0,0,0,-240000,0,0,0,0,240000,-240000,-240000
057451,大立光元富9B購01,0,0,0,0,0,0,0,0,0,-240000,0,0,0,70000,310000,-240000,-240000
054158,國巨日盛99購01  ,0,0,0,0,0,0,0,0,0,-240000,0,0,0,300000,540000,-240000,-240000
062781,微星元大9C購01  ,0,0,0,0,0,0,0,0,0,-240000,0,0,0,39000,279000,-240000,-240000
062720,南亞科凱基9B購03,0,0,0,0,0,0,0,0,0,-240000,0,0,0,8000,248000,-240000,-240000
08210P,健策元富9B售02  ,0,0,0,0,0,0,0,0,0,-240000,0,0,0,34000,274000,-240000,-240000
066056,聯鈞元大01購02  ,0,0,0,0,0,0,0,0,0,-241000,0,0,0,1000,242000,-241000,-241000
5305,敦南            ,6000,228000,-222000,0,0,0,0,0,0,-19000,0,19000,-19000,0,0,0,-241000
067922,玉晶光中信04購01,0,0,0,0,0,0,0,0,0,-242000,0,0,0,168000,410000,-242000,-242000
066727,鴻海元大01購12  ,0,0,0,0,0,0,0,0,0,-242000,0,0,0,0,242000,-242000,-242000
065056,臺股指凱基9C購20,0,0,0,0,0,0,0,0,0,-242000,0,0,0,0,242000,-242000,-242000
068130,美律統一03購02  ,0,0,0,0,0,0,0,0,0,-243000,0,0,0,0,243000,-243000,-243000
061634,遠東新元大9A購01,0,0,0,0,0,0,0,0,0,-243000,0,0,0,39000,282000,-243000,-243000
066703,聯詠群益01購02  ,0,0,0,0,0,0,0,0,0,-243000,0,0,0,22000,265000,-243000,-243000
066759,盟立永豐01購03  ,0,0,0,0,0,0,0,0,0,-243000,0,0,0,170000,413000,-243000,-243000
066249,生達元大01購01  ,0,0,0,0,0,0,0,0,0,-243000,0,0,0,260000,503000,-243000,-243000
1560,中砂            ,53000,232000,-179000,0,0,0,0,34000,-34000,-30000,0,30000,-30000,0,0,0,-243000
066553,大立光元大01購09,0,0,0,0,0,0,0,0,0,-244000,0,0,0,273000,517000,-244000,-244000
057798,貿聯兆豐99購01  ,0,0,0,0,0,0,0,0,0,-245000,0,0,0,320000,565000,-245000,-245000
068987,GIS元大03購01   ,0,0,0,0,0,0,0,0,0,-246000,0,0,0,26000,272000,-246000,-246000
065349,玉晶光統一9C購05,0,0,0,0,0,0,0,0,0,-246000,0,0,0,249000,495000,-246000,-246000
08132P,南六元大9B售05  ,0,0,0,0,0,0,0,0,0,-247000,0,0,0,70000,317000,-247000,-247000
067432,大立光凱基03購04,0,0,0,0,0,0,0,0,0,-247000,0,0,0,9000,256000,-247000,-247000
067495,日月光元大01購04,0,0,0,0,0,0,0,0,0,-247000,0,0,0,40000,287000,-247000,-247000
00652,富邦印度        ,4000,119000,-115000,0,0,0,0,0,0,-132000,0,0,0,2000,134000,-132000,-247000
065654,台表科元大9C購12,0,0,0,0,0,0,0,0,0,-247000,0,0,0,18000,265000,-247000,-247000
067861,聚陽元大01購04  ,0,10000,-10000,0,0,0,0,0,0,-238000,0,0,0,75000,313000,-238000,-248000
063080,裕隆凱基9B購01  ,0,0,0,0,0,0,0,0,0,-248000,0,0,0,70000,318000,-248000,-248000
062579,華通統一01購02  ,0,0,0,0,0,0,0,0,0,-248000,0,0,0,589000,837000,-248000,-248000
2511,太子            ,72000,351000,-279000,0,0,0,0,0,0,31000,31000,0,31000,0,0,0,-248000
067079,聯鈞元大02購01  ,0,0,0,0,0,0,0,0,0,-249000,0,0,0,0,249000,-249000,-249000
07148P,富邦金元大99售01,0,0,0,0,0,0,0,0,0,-249000,0,0,0,310000,559000,-249000,-249000
066567,臻鼎元大01購01  ,0,0,0,0,0,0,0,0,0,-249000,0,0,0,79000,328000,-249000,-249000
07647P,健策國票9A售04  ,0,0,0,0,0,0,0,0,0,-250000,0,0,0,0,250000,-250000,-250000
07879P,瑞昱群益9C售01  ,0,0,0,0,0,0,0,0,0,-250000,0,0,0,0,250000,-250000,-250000
067199,滬深2X元大04購02,0,0,0,0,0,0,0,0,0,-250000,0,0,0,0,250000,-250000,-250000
059986,宏達電元大99購08,0,0,0,0,0,0,0,0,0,-250000,0,0,0,21000,271000,-250000,-250000
059935,國巨永豐99購07  ,0,0,0,0,0,0,0,0,0,-250000,0,0,0,3000,253000,-250000,-250000
061782,智邦群益9B購01  ,0,0,0,0,0,0,0,0,0,-250000,0,0,0,0,250000,-250000,-250000
066269,宏達電元大01購03,0,0,0,0,0,0,0,0,0,-250000,0,0,0,22000,272000,-250000,-250000
8926,台汽電          ,21000,235000,-214000,0,0,0,0,1000,-1000,-35000,2000,26000,-24000,1000,12000,-11000,-250000
08084P,台表科元大9B售06,0,0,0,0,0,0,0,0,0,-251000,0,0,0,0,251000,-251000,-251000
062461,智伸科群益9B購01,0,0,0,0,0,0,0,0,0,-251000,0,0,0,1000,252000,-251000,-251000
062398,建準永豐9B購01  ,0,0,0,0,0,0,0,0,0,-251000,0,0,0,103000,354000,-251000,-251000
07997P,上銀凱基9B售04  ,0,0,0,0,0,0,0,0,0,-252000,0,0,0,2000,254000,-252000,-252000
2882A,國泰特          ,0,0,0,0,0,0,0,0,0,-252000,3000,255000,-252000,0,0,0,-252000
067082,健策元大01購07  ,0,0,0,0,0,0,0,0,0,-253000,0,0,0,0,253000,-253000,-253000
066899,義隆康和01購01  ,0,0,0,0,0,0,0,0,0,-254000,0,0,0,690000,944000,-254000,-254000
07898P,國巨國泰9C售02  ,0,0,0,0,0,0,0,0,0,-254000,0,0,0,0,254000,-254000,-254000
060169,群電永豐9A購01  ,0,0,0,0,0,0,0,0,0,-254000,0,0,0,8000,262000,-254000,-254000
061857,康友國票9B購01  ,0,0,0,0,0,0,0,0,0,-254000,0,0,0,0,254000,-254000,-254000
3033,威健            ,411000,650000,-239000,0,0,0,0,0,0,-15000,0,15000,-15000,0,0,0,-254000
6202,盛群            ,723212,976000,-252788,0,0,0,0,0,0,-2000,1000,15000,-14000,17000,5000,12000,-254788
068463,聯發科富邦03購07,0,0,0,0,0,0,0,0,0,-255000,0,0,0,2000,257000,-255000,-255000
068574,GIS元大01購08   ,0,0,0,0,0,0,0,0,0,-255000,0,0,0,137000,392000,-255000,-255000
068635,台積電凱基03購09,0,0,0,0,0,0,0,0,0,-255000,0,0,0,5000,260000,-255000,-255000
060675,南亞科元大9A購02,0,0,0,0,0,0,0,0,0,-255000,0,0,0,48000,303000,-255000,-255000
063386,國巨兆豐9B購04  ,0,0,0,0,0,0,0,0,0,-255000,0,0,0,129000,384000,-255000,-255000
066060,超眾元大01購03  ,0,0,0,0,0,0,0,0,0,-255000,0,0,0,45000,300000,-255000,-255000
063908,國巨凱基9C購06  ,0,0,0,0,0,0,0,0,0,-255000,0,0,0,76000,331000,-255000,-255000
08244P,同欣電凱基9C售03,0,0,0,0,0,0,0,0,0,-255000,0,0,0,0,255000,-255000,-255000
063669,宏達電統一9C購01,0,0,0,0,0,0,0,0,0,-256000,0,0,0,81000,337000,-256000,-256000
911608,明輝-DR         ,0,256000,-256000,0,0,0,0,0,0,0,0,0,0,0,0,0,-256000
066376,聯詠兆豐01購01  ,0,0,0,0,0,0,0,0,0,-257000,0,0,0,58000,315000,-257000,-257000
066209,聯鈞統一03購01  ,0,0,0,0,0,0,0,0,0,-258000,0,0,0,40000,298000,-258000,-258000
068620,聯電群益03購05  ,0,0,0,0,0,0,0,0,0,-259000,0,0,0,239000,498000,-259000,-259000
2912,統一超          ,305360,565000,-259640,0,0,0,2000,2000,0,0,0,0,0,0,0,0,-259640
054378,楠梓電群益98購01,0,0,0,0,0,0,0,0,0,-260000,0,0,0,0,260000,-260000,-260000
061236,台積電元大9A購24,0,0,0,0,0,0,0,0,0,-260000,0,0,0,15000,275000,-260000,-260000
066756,長興永豐01購02  ,0,0,0,0,0,0,0,0,0,-260000,0,0,0,33000,293000,-260000,-260000
8021,尖點            ,73000,324000,-251000,0,0,0,0,0,0,-9000,2000,11000,-9000,0,0,0,-260000
068129,宏碁統一03購01  ,0,0,0,0,0,0,0,0,0,-262000,0,0,0,251000,513000,-262000,-262000
068090,大成鋼群益01購02,0,0,0,0,0,0,0,0,0,-262000,0,0,0,116000,378000,-262000,-262000
057864,奇力新凱基99購03,0,0,0,0,0,0,0,0,0,-262000,0,0,0,0,262000,-262000,-262000
058267,奇鋐永豐99購01  ,0,0,0,0,0,0,0,0,0,-262000,0,0,0,19000,281000,-262000,-262000
060489,世紀鋼群益9A購01,0,0,0,0,0,0,0,0,0,-262000,0,0,0,0,262000,-262000,-262000
066670,貿聯凱基01購01  ,0,0,0,0,0,0,0,0,0,-262000,0,0,0,100000,362000,-262000,-262000
067385,申豐統一02購04  ,0,0,0,0,0,0,0,0,0,-263000,0,0,0,343000,606000,-263000,-263000
068582,聯發科永豐01購04,0,0,0,0,0,0,0,0,0,-263000,0,0,0,215000,478000,-263000,-263000
07920P,大立光中信01售01,0,0,0,0,0,0,0,0,0,-263000,0,0,0,1000,264000,-263000,-263000
08078P,聯發科國票9B售04,0,0,0,0,0,0,0,0,0,-263000,0,0,0,100000,363000,-263000,-263000
061956,和大統一01購01  ,0,0,0,0,0,0,0,0,0,-263000,0,0,0,91000,354000,-263000,-263000
00771,元大US高息特別股,0,0,0,0,0,0,0,0,0,-263000,0,0,0,0,263000,-263000,-263000
064532,聯茂兆豐01購01  ,0,0,0,0,0,0,0,0,0,-263000,0,0,0,31000,294000,-263000,-263000
065090,大立光元大9C購24,0,0,0,0,0,0,0,0,0,-263000,0,0,0,15000,278000,-263000,-263000
6153,嘉聯益          ,1536000,1208000,328000,0,0,0,0,0,0,-591000,40000,345000,-305000,13000,299000,-286000,-263000
068628,台表科群益02購01,0,0,0,0,0,0,0,0,0,-264000,0,0,0,55000,319000,-264000,-264000
068110,華新元富03購01  ,0,0,0,0,0,0,0,0,0,-264000,0,0,0,518000,782000,-264000,-264000
060164,合勤控永豐9A購01,0,0,0,0,0,0,0,0,0,-264000,0,0,0,6000,270000,-264000,-264000
063380,台表科永豐9B購03,0,0,0,0,0,0,0,0,0,-264000,0,0,0,11000,275000,-264000,-264000
06453P,群創元大9B售02  ,0,0,0,0,0,0,0,0,0,-264000,0,0,0,11000,275000,-264000,-264000
067136,京鼎永豐01購01  ,0,0,0,0,0,0,0,0,0,-265000,0,0,0,0,265000,-265000,-265000
08077P,亞德客國票9B售02,0,0,0,0,0,0,0,0,0,-265000,0,0,0,111000,376000,-265000,-265000
065627,貿聯兆豐9C購02  ,0,0,0,0,0,0,0,0,0,-265000,0,0,0,0,265000,-265000,-265000
066755,永光永豐01購02  ,0,0,0,0,0,0,0,0,0,-265000,0,0,0,0,265000,-265000,-265000
08431P,景碩凱基9C售02  ,0,0,0,0,0,0,0,0,0,-265000,0,0,0,195000,460000,-265000,-265000
07133P,臺股指元大9A售27,0,0,0,0,0,0,0,0,0,-266000,0,0,0,0,266000,-266000,-266000
068262,南電富邦03購01  ,0,0,0,0,0,0,0,0,0,-266000,0,0,0,171000,437000,-266000,-266000
067302,聯發科元大01購20,0,0,0,0,0,0,0,0,0,-266000,0,0,0,18000,284000,-266000,-266000
064498,可成元大01購03  ,0,0,0,0,0,0,0,0,0,-266000,0,0,0,20000,286000,-266000,-266000
066268,宏達電元大01購02,0,0,0,0,0,0,0,0,0,-266000,0,0,0,21000,287000,-266000,-266000
065742,宏達電麥證9C購01,0,0,0,32000,297000,-265000,0,0,0,-266000,0,0,0,53000,319000,-266000,-266000
08294P,台積電元大9C售06,0,0,0,0,0,0,0,0,0,-266000,0,0,0,0,266000,-266000,-266000
057667,可成元大99購01  ,0,0,0,0,0,0,0,0,0,-267000,0,0,0,1000,268000,-267000,-267000
058650,台虹永豐9A購01  ,0,0,0,0,0,0,0,0,0,-267000,0,0,0,83000,350000,-267000,-267000
065825,鴻海凱基02購02  ,0,0,0,0,0,0,0,0,0,-267000,0,0,0,10000,277000,-267000,-267000
064699,臻鼎群益9C購01  ,0,0,0,0,0,0,0,0,0,-267000,0,0,0,293000,560000,-267000,-267000
062164,禾伸堂國泰01購01,0,0,0,0,0,0,0,0,0,-268000,0,0,0,208000,476000,-268000,-268000
060121,新光金富邦99購01,0,0,0,0,0,0,0,0,0,-269000,0,0,0,0,269000,-269000,-269000
060058,牧德凱基9B購01  ,0,0,0,0,0,0,0,0,0,-269000,0,0,0,33000,302000,-269000,-269000
067930,鴻海凱基01購10  ,0,0,0,0,0,0,0,0,0,-270000,0,0,0,0,270000,-270000,-270000
062953,大立光永豐9B購01,0,0,0,0,0,0,0,0,0,-270000,0,0,0,30000,300000,-270000,-270000
2464,盟立            ,94000,331000,-237000,0,0,0,0,0,0,-33000,0,0,0,37000,70000,-33000,-270000
067321,南六元大01購05  ,0,0,0,0,0,0,0,0,0,-271000,0,0,0,250000,521000,-271000,-271000
068637,長榮航凱基03購01,0,0,0,0,0,0,0,0,0,-272000,0,0,0,70000,342000,-272000,-272000
064317,日月光群益9C購01,0,0,0,0,0,0,0,0,0,-272000,0,0,0,215000,487000,-272000,-272000
07953P,健策元大9B售07  ,0,0,0,0,0,0,0,0,0,-273000,0,0,0,27000,300000,-273000,-273000
066174,京鼎凱基01購01  ,0,0,0,0,0,0,0,0,0,-273000,0,0,0,59000,332000,-273000,-273000
1477,聚陽            ,907000,837000,70000,0,0,0,16000,195000,-179000,-165000,30000,171000,-141000,13000,37000,-24000,-274000
063203,華新科統一9C購04,0,0,0,0,0,0,0,0,0,-275000,0,0,0,306000,581000,-275000,-275000
066850,鎧勝元大01購03  ,0,0,0,0,0,0,0,0,0,-275000,0,0,0,102000,377000,-275000,-275000
058796,可成元大99購04  ,0,0,0,0,0,0,0,0,0,-276000,0,0,0,15000,291000,-276000,-276000
068567,聯發科元大01購32,0,0,0,0,0,0,0,0,0,-277000,0,0,0,51000,328000,-277000,-277000
068079,瑞儀凱基01購01  ,0,0,0,0,0,0,0,0,0,-277000,0,0,0,108000,385000,-277000,-277000
063788,矽創統一02購01  ,0,0,0,0,0,0,0,0,0,-277000,0,0,0,60000,337000,-277000,-277000
068289,國泰金群益01購01,0,0,0,0,0,0,0,0,0,-278000,0,0,0,9000,287000,-278000,-278000
066761,聯陽永豐01購03  ,0,0,0,0,0,0,0,0,0,-278000,0,0,0,115000,393000,-278000,-278000
4904,遠傳            ,943043,1324000,-380957,0,0,0,140000,2000,138000,-36000,18000,59000,-41000,6000,1000,5000,-278957
068430,聯電凱基01購01  ,0,0,0,0,0,0,0,0,0,-279000,0,0,0,148000,427000,-279000,-279000
067069,友訊元大01購03  ,0,0,0,0,0,0,0,0,0,-279000,0,0,0,0,279000,-279000,-279000
03124P,台郡元大01售07  ,0,0,0,0,0,0,0,0,0,-279000,0,0,0,21000,300000,-279000,-279000
061687,大成鋼群益9A購01,0,0,0,0,0,0,0,0,0,-279000,0,0,0,100000,379000,-279000,-279000
068065,京鼎兆豐01購02  ,0,0,0,0,0,0,0,0,0,-280000,0,0,0,0,280000,-280000,-280000
068208,彩晶凱基02購01  ,0,0,0,0,0,0,0,0,0,-280000,0,0,0,152000,432000,-280000,-280000
068854,超眾統一03購03  ,0,0,0,0,0,0,0,0,0,-280000,0,0,0,0,280000,-280000,-280000
061706,旭富國票9A購02  ,0,0,0,0,0,0,0,0,0,-280000,0,0,0,0,280000,-280000,-280000
064831,宏達電統一02購01,0,0,0,0,0,0,0,0,0,-280000,0,0,0,65000,345000,-280000,-280000
08160P,茂林元富9B售03  ,0,0,0,0,0,0,0,0,0,-281000,0,0,0,1000,282000,-281000,-281000
05644P,大立光中信9A售03,0,0,0,0,0,0,0,0,0,-281000,0,0,0,0,281000,-281000,-281000
03259P,聯發科康和02售01,0,0,0,0,0,0,0,0,0,-281000,0,0,0,45000,326000,-281000,-281000
064334,可成元大01購01  ,0,0,0,0,0,0,0,0,0,-282000,0,0,0,12000,294000,-282000,-282000
063655,華通元富9B購01  ,0,0,0,0,0,0,0,0,0,-282000,0,0,0,118000,400000,-282000,-282000
063880,可成元富9C購01  ,0,0,0,0,0,0,0,0,0,-282000,0,0,0,21000,303000,-282000,-282000
062674,百和中信03購01  ,0,0,0,0,0,0,0,0,0,-283000,0,0,0,26000,309000,-283000,-283000
064367,貿聯統一01購02  ,0,0,0,0,0,0,0,0,0,-283000,0,0,0,1000,284000,-283000,-283000
08404P,技嘉元大9C售02  ,0,0,0,0,0,0,0,0,0,-283000,0,0,0,304000,587000,-283000,-283000
064263,貿聯永豐9C購01  ,0,0,0,0,0,0,0,0,0,-284000,0,0,0,0,284000,-284000,-284000
064477,南六國泰02購01  ,0,0,0,0,0,0,0,0,0,-284000,0,0,0,633000,917000,-284000,-284000
1337,再生-KY         ,230000,514000,-284000,0,0,0,0,0,0,0,0,0,0,0,0,0,-284000
061915,T50反1凱基02購02,0,0,0,0,0,0,0,0,0,-285000,0,0,0,143000,428000,-285000,-285000
064640,和大凱基03購01  ,0,0,0,0,0,0,0,0,0,-285000,0,0,0,44000,329000,-285000,-285000
066522,建準中信01購01  ,0,0,0,0,0,0,0,0,0,-285000,0,0,0,10000,295000,-285000,-285000
6706,惠特            ,50000,214000,-164000,0,0,0,0,0,0,-123000,0,12000,-12000,2000,113000,-111000,-287000
068478,瑞儀群益01購02  ,0,0,0,0,0,0,0,0,0,-288000,0,0,0,532000,820000,-288000,-288000
057730,聯鈞國泰9A購01  ,0,0,0,0,0,0,0,0,0,-288000,0,0,0,140000,428000,-288000,-288000
061192,奇鋐永豐9A購01  ,0,0,0,0,0,0,0,0,0,-288000,0,0,0,114000,402000,-288000,-288000
060708,康友富邦9B購01  ,0,0,0,0,0,0,0,0,0,-288000,0,0,0,2000,290000,-288000,-288000
08250P,GIS群益9C售02   ,0,0,0,0,0,0,0,0,0,-288000,0,0,0,53000,341000,-288000,-288000
3026,禾伸堂          ,301895,536000,-234105,0,0,0,0,0,0,-54000,0,0,0,18000,72000,-54000,-288105
067891,玉晶光群益02購05,0,0,0,0,0,0,0,0,0,-289000,0,0,0,0,289000,-289000,-289000
064296,奇鋐國票01購01  ,0,0,0,0,0,0,0,0,0,-289000,0,0,0,11000,300000,-289000,-289000
066957,健策元大01購06  ,0,0,0,0,0,0,0,0,0,-290000,0,0,0,15000,305000,-290000,-290000
068581,台積電永豐01購05,0,0,0,0,0,0,0,0,0,-290000,0,0,0,20000,310000,-290000,-290000
056869,國巨日盛99購03  ,0,0,0,0,0,0,0,0,0,-290000,0,0,0,470000,760000,-290000,-290000
066878,牧德富邦03購01  ,0,0,0,0,0,0,0,0,0,-290000,0,0,0,10000,300000,-290000,-290000
068351,鴻海凱基04購01  ,0,0,0,0,0,0,0,0,0,-291000,0,0,0,0,291000,-291000,-291000
066806,京鼎凱基02購01  ,0,0,0,0,0,0,0,0,0,-291000,0,0,0,47000,338000,-291000,-291000
066206,聯鈞統一01購01  ,0,0,0,0,0,0,0,0,0,-291000,0,0,0,215000,506000,-291000,-291000
065783,友訊永豐9C購02  ,0,0,0,0,0,0,0,0,0,-291000,0,0,0,0,291000,-291000,-291000
065315,玉晶光中信03購02,0,300000,-300000,0,0,0,0,0,0,9000,0,0,0,1595000,1586000,9000,-291000
066979,國巨群益01購04  ,0,0,0,0,0,0,0,0,0,-292000,0,0,0,310000,602000,-292000,-292000
08468P,台郡統一9C售02  ,0,0,0,0,0,0,0,0,0,-292000,0,0,0,60000,352000,-292000,-292000
5215,科嘉-KY         ,39000,278000,-239000,0,0,0,0,10000,-10000,-43000,2000,45000,-43000,0,0,0,-292000
067677,大立光元大01購13,0,0,0,0,0,0,0,0,0,-294000,0,0,0,111000,405000,-294000,-294000
058061,貿聯元富9B購01  ,0,0,0,0,0,0,0,0,0,-294000,0,0,0,32000,326000,-294000,-294000
064347,貿聯元大9C購03  ,0,0,0,0,0,0,0,0,0,-294000,0,0,0,0,294000,-294000,-294000
068239,道瓊銀元大01購04,0,0,0,0,0,0,0,0,0,-295000,0,0,0,83000,378000,-295000,-295000
2480,敦陽科          ,14000,307000,-293000,0,0,0,0,0,0,-2000,0,6000,-6000,4000,0,4000,-295000
068141,鴻海元大01購25  ,0,0,0,0,0,0,0,0,0,-296000,0,0,0,0,296000,-296000,-296000
062817,富邦金兆豐9B購01,0,0,0,0,0,0,0,0,0,-296000,0,0,0,200000,496000,-296000,-296000
065019,華邦電富邦9C購01,0,0,0,0,0,0,0,0,0,-296000,0,0,0,187000,483000,-296000,-296000
064197,智伸科群益9C購01,0,0,0,0,0,0,0,0,0,-297000,0,0,0,0,297000,-297000,-297000
08441P,同欣電元富9C售01,0,0,0,0,0,0,0,0,0,-297000,0,0,0,50000,347000,-297000,-297000
08933P,上銀元大01售02  ,0,0,0,0,0,0,0,0,0,-297000,0,0,0,5000,302000,-297000,-297000
056136,京鼎元大98購01  ,0,0,0,0,0,0,0,0,0,-298000,0,0,0,0,298000,-298000,-298000
066662,建準凱基02購01  ,0,0,0,0,0,0,0,0,0,-298000,0,0,0,80000,378000,-298000,-298000
067135,聯詠永豐01購02  ,0,0,0,0,0,0,0,0,0,-299000,0,0,0,40000,339000,-299000,-299000
059036,可成群益9B購03  ,0,0,0,0,0,0,0,0,0,-299000,0,0,0,15000,314000,-299000,-299000
8163,達方            ,1020000,1064000,-44000,0,0,0,0,0,0,-255000,9000,118000,-109000,0,146000,-146000,-299000
6414,樺漢            ,324000,946000,-622000,0,0,0,425000,0,425000,-102000,26000,51000,-25000,6000,83000,-77000,-299000
067167,鴻海麥證01購02  ,0,0,0,0,300000,-300000,0,0,0,-300000,0,0,0,0,300000,-300000,-300000
067463,T50反1元大01購04,0,0,0,0,0,0,0,0,0,-300000,0,0,0,20000,320000,-300000,-300000
068593,台積電統一03購08,0,0,0,0,0,0,0,0,0,-300000,0,0,0,195000,495000,-300000,-300000
07713P,台郡元大9A售03  ,0,0,0,0,0,0,0,0,0,-300000,0,0,0,0,300000,-300000,-300000
06959P,鴻海凱基9A售02  ,0,0,0,0,0,0,0,0,0,-300000,0,0,0,0,300000,-300000,-300000
059096,百和元大99購04  ,0,0,0,0,0,0,0,0,0,-300000,0,0,0,0,300000,-300000,-300000
061358,世紀鋼元大9A購04,0,0,0,0,0,0,0,0,0,-300000,0,0,0,113000,413000,-300000,-300000
066448,眾達群益01購01  ,0,0,0,0,0,0,0,0,0,-300000,0,0,0,56000,356000,-300000,-300000
065832,貿聯凱基02購03  ,0,0,0,0,0,0,0,0,0,-300000,0,0,0,77000,377000,-300000,-300000
065922,鴻海麥證01購01  ,0,0,0,0,300000,-300000,0,0,0,-300000,0,0,0,0,300000,-300000,-300000
065250,同欣電麥證9C購01,0,0,0,0,300000,-300000,0,0,0,-300000,0,0,0,0,300000,-300000,-300000
065562,同欣電麥證9C購04,0,0,0,0,300000,-300000,0,0,0,-300000,0,0,0,0,300000,-300000,-300000
068099,GIS富邦01購01   ,0,0,0,0,0,0,0,0,0,-301000,0,0,0,2000,303000,-301000,-301000
006207,FH滬深          ,5000,687000,-682000,0,0,0,0,0,0,381000,0,0,0,920000,539000,381000,-301000
064448,裕隆統一02購01  ,0,0,0,0,0,0,0,0,0,-301000,0,0,0,84000,385000,-301000,-301000
067823,台表科凱基01購02,0,0,0,0,0,0,0,0,0,-302000,0,0,0,109000,411000,-302000,-302000
065490,國巨國泰02購02  ,0,0,0,0,0,0,0,0,0,-302000,0,0,0,529000,831000,-302000,-302000
066156,建準康和01購01  ,0,0,0,0,0,0,0,0,0,-302000,0,0,0,0,302000,-302000,-302000
066049,奇鋐元大02購01  ,0,0,0,0,0,0,0,0,0,-302000,0,0,0,0,302000,-302000,-302000
066870,宏達電元富01購01,0,0,0,0,0,0,0,0,0,-302000,0,0,0,0,302000,-302000,-302000
07950P,智邦元大9B售04  ,0,0,0,0,0,0,0,0,0,-303000,0,0,0,0,303000,-303000,-303000
066776,創意富邦03購02  ,0,0,0,0,0,0,0,0,0,-303000,0,0,0,115000,418000,-303000,-303000
066204,京鼎統一02購01  ,0,0,0,0,0,0,0,0,0,-303000,0,0,0,33000,336000,-303000,-303000
067829,鎧勝兆豐03購01  ,0,0,0,0,0,0,0,0,0,-304000,0,0,0,139000,443000,-304000,-304000
067002,生達永豐01購02  ,0,0,0,0,0,0,0,0,0,-304000,0,0,0,0,304000,-304000,-304000
058645,康控富邦01購01  ,0,0,0,0,0,0,0,0,0,-304000,0,0,0,101000,405000,-304000,-304000
064153,中壽統一9C購01  ,0,0,0,0,0,0,0,0,0,-304000,0,0,0,15000,319000,-304000,-304000
8028,昇陽半導體      ,74000,335000,-261000,0,0,0,0,0,0,-43000,3000,1000,2000,0,45000,-45000,-304000
058278,FBVIX中信03購02 ,0,0,0,0,0,0,0,0,0,-305000,0,0,0,0,305000,-305000,-305000
059091,中信金元大99購01,0,0,0,0,0,0,0,0,0,-305000,0,0,0,0,305000,-305000,-305000
058148,百和元大99購01  ,0,0,0,0,0,0,0,0,0,-305000,0,0,0,4000,309000,-305000,-305000
066489,京鼎元富04購01  ,0,0,0,0,0,0,0,0,0,-305000,0,0,0,30000,335000,-305000,-305000
066947,聯發科元大01購15,0,0,0,0,0,0,0,0,0,-306000,0,0,0,849000,1155000,-306000,-306000
07793P,同欣電元大9A售02,0,0,0,0,0,0,0,0,0,-306000,0,0,0,0,306000,-306000,-306000
064738,裕隆國票01購01  ,0,0,0,0,0,0,0,0,0,-306000,0,0,0,29000,335000,-306000,-306000
067374,大立光統一01購08,0,0,0,0,0,0,0,0,0,-307000,0,0,0,19000,326000,-307000,-307000
062846,國泰金富邦9C購01,0,0,0,0,0,0,0,0,0,-307000,0,0,0,18000,325000,-307000,-307000
066311,生達永豐01購01  ,0,0,0,0,0,0,0,0,0,-307000,0,0,0,0,307000,-307000,-307000
3533,嘉澤            ,182000,447000,-265000,0,0,0,64000,51152,12848,-55000,18000,16000,2000,4000,61000,-57000,-307152
068151,瑞昱元大01購05  ,0,0,0,0,0,0,0,0,0,-308000,0,0,0,117000,425000,-308000,-308000
066868,聯發科元富07購01,0,0,0,0,0,0,0,0,0,-309000,0,0,0,235000,544000,-309000,-309000
03087P,聯發科元大01售24,0,0,0,0,0,0,0,0,0,-310000,0,0,0,137000,447000,-310000,-310000
063753,矽創國票9C購01  ,0,0,0,0,0,0,0,0,0,-310000,0,0,0,0,310000,-310000,-310000
066790,健策麥證01購01  ,0,0,0,4000,322000,-318000,0,0,0,-310000,0,0,0,16000,326000,-310000,-310000
069051,聯發科元富08購03,0,0,0,0,0,0,0,0,0,-311000,0,0,0,0,311000,-311000,-311000
068213,台塑化凱基01購01,0,0,0,0,0,0,0,0,0,-312000,0,0,0,30000,342000,-312000,-312000
066517,智伸科永豐01購01,0,0,0,0,0,0,0,0,0,-312000,0,0,0,1000,313000,-312000,-312000
068217,台達電統一03購01,0,0,0,0,0,0,0,0,0,-313000,0,0,0,160000,473000,-313000,-313000
067144,上銀統一02購01  ,0,0,0,0,0,0,0,0,0,-313000,0,0,0,65000,378000,-313000,-313000
065134,中石化凱基01購01,0,0,0,0,0,0,0,0,0,-313000,0,0,0,117000,430000,-313000,-313000
08918P,臺股指凱基01售09,0,0,0,0,0,0,0,0,0,-313000,0,0,0,0,313000,-313000,-313000
056387,智伸科國泰99購01,0,0,0,0,0,0,0,0,0,-314000,0,0,0,0,314000,-314000,-314000
2345,智邦            ,880424,1052000,-171576,0,0,0,1000,45000,-44000,-99000,33000,85000,-52000,6000,53000,-47000,-314576
065133,SP黃豆凱基02購01,0,0,0,0,0,0,0,0,0,-315000,0,0,0,100000,415000,-315000,-315000
065521,貿聯群益9C購04  ,0,0,0,0,0,0,0,0,0,-315000,0,0,0,30000,345000,-315000,-315000
066619,永光凱基01購01  ,0,0,0,0,0,0,0,0,0,-315000,0,0,0,30000,345000,-315000,-315000
064304,信邦兆豐01購01  ,0,0,0,0,0,0,0,0,0,-316000,0,0,0,111000,427000,-316000,-316000
08080P,祥碩國票9B售03  ,0,0,0,0,0,0,0,0,0,-317000,0,0,0,149000,466000,-317000,-317000
2505,國揚            ,1664000,1697000,-33000,0,0,0,0,0,0,-284000,255000,0,255000,86000,625000,-539000,-317000
03185P,台積電元大01售49,0,0,0,0,0,0,0,0,0,-318000,0,0,0,98000,416000,-318000,-318000
063593,GIS永豐9B購01   ,0,0,0,0,0,0,0,0,0,-318000,0,0,0,233000,551000,-318000,-318000
066789,聯詠麥證01購01  ,0,0,0,20000,338000,-318000,0,0,0,-318000,0,0,0,20000,338000,-318000,-318000
063439,正隆統一01購01  ,0,0,0,0,0,0,0,0,0,-319000,0,0,0,125000,444000,-319000,-319000
060258,T50反1凱基9A購06,0,0,0,0,0,0,0,0,0,-320000,0,0,0,0,320000,-320000,-320000
058236,大立光元大99購09,0,0,0,0,0,0,0,0,0,-320000,0,0,0,0,320000,-320000,-320000
056410,康控國票99購01  ,0,0,0,0,0,0,0,0,0,-320000,0,0,0,2000,322000,-320000,-320000
053781,友達元大9B購03  ,0,0,0,0,0,0,0,0,0,-320000,0,0,0,0,320000,-320000,-320000
066359,潤泰新永豐01購01,0,0,0,0,0,0,0,0,0,-320000,0,0,0,243000,563000,-320000,-320000
068476,聯鈞群益01購02  ,0,0,0,0,0,0,0,0,0,-321000,0,0,0,11000,332000,-321000,-321000
061136,可成統一9A購01  ,0,0,0,0,0,0,0,0,0,-321000,0,0,0,3000,324000,-321000,-321000
066004,國巨統一01購11  ,0,0,0,0,0,0,0,0,0,-321000,0,0,0,20000,341000,-321000,-321000
2456,奇力新          ,1234000,1178000,56000,0,0,0,0,0,0,-377000,127000,60000,67000,86000,530000,-444000,-321000
07198P,臺股指元大99售14,0,0,0,0,0,0,0,0,0,-322000,0,0,0,0,322000,-322000,-322000
068884,華通統一04購01  ,0,0,0,0,0,0,0,0,0,-322000,0,0,0,281000,603000,-322000,-322000
068038,康控元富03購01  ,0,0,0,0,0,0,0,0,0,-322000,0,0,0,33000,355000,-322000,-322000
056903,大立光元大99購04,0,0,0,0,0,0,0,0,0,-323000,0,0,0,13000,336000,-323000,-323000
059294,宏達電元富9B購02,0,0,0,0,0,0,0,0,0,-323000,0,0,0,1000,324000,-323000,-323000
064440,大立光凱基03購03,0,0,0,0,0,0,0,0,0,-323000,0,0,0,35000,358000,-323000,-323000
054471,T50反1中信9C購01,0,0,0,0,0,0,0,0,0,-324000,0,0,0,54000,378000,-324000,-324000
066040,友訊元大01購02  ,0,0,0,0,0,0,0,0,0,-324000,0,0,0,0,324000,-324000,-324000
2501,國建            ,88000,132000,-44000,0,0,0,0,258000,-258000,-22000,0,22000,-22000,0,0,0,-324000
068384,聯電統一03購02  ,0,0,0,0,0,0,0,0,0,-325000,0,0,0,1375000,1700000,-325000,-325000
066614,貿聯麥證01購01  ,0,0,0,75000,400000,-325000,0,0,0,-325000,0,0,0,75000,400000,-325000,-325000
066686,鴻海元富07購05  ,0,0,0,0,0,0,0,0,0,-325000,0,0,0,113000,438000,-325000,-325000
068791,元大金凱基02購01,0,0,0,0,0,0,0,0,0,-327000,0,0,0,0,327000,-327000,-327000
068137,FBVIX元大01購04 ,0,0,0,0,0,0,0,0,0,-327000,0,0,0,5000,332000,-327000,-327000
1707,葡萄王          ,21000,285000,-264000,0,0,0,0,60000,-60000,-3000,0,0,0,0,3000,-3000,-327000
064771,貿聯中信01購01  ,0,0,0,0,0,0,0,0,0,-329000,0,0,0,0,329000,-329000,-329000
064681,牧德兆豐01購01  ,0,0,0,0,0,0,0,0,0,-329000,0,0,0,14000,343000,-329000,-329000
067862,泰豐元大01購02  ,0,0,0,0,0,0,0,0,0,-330000,0,0,0,116000,446000,-330000,-330000
08060P,嘉澤元大9B售01  ,0,0,0,0,0,0,0,0,0,-330000,0,0,0,50000,380000,-330000,-330000
060510,大立光元大9A購03,0,0,0,0,0,0,0,0,0,-330000,0,0,0,245000,575000,-330000,-330000
3706,神達            ,322000,736000,-414000,0,0,0,0,0,0,83000,44000,0,44000,49000,10000,39000,-331000
068484,聯電元大03購02  ,0,0,0,0,0,0,0,0,0,-332000,0,0,0,164000,496000,-332000,-332000
4108,懷特            ,80000,412000,-332000,0,0,0,0,0,0,0,0,0,0,0,0,0,-332000
08065P,瑞昱凱基9B售03  ,0,0,0,0,0,0,0,0,0,-335000,0,0,0,0,335000,-335000,-335000
065968,國巨元大02購01  ,0,0,0,0,0,0,0,0,0,-335000,0,0,0,150000,485000,-335000,-335000
3027,盛達            ,120000,455000,-335000,0,0,0,0,0,0,0,0,0,0,0,0,0,-335000
067195,台虹凱基02購01  ,0,0,0,0,0,0,0,0,0,-336000,0,0,0,232000,568000,-336000,-336000
066617,鎧勝康和01購01  ,0,0,0,0,0,0,0,0,0,-336000,0,0,0,274000,610000,-336000,-336000
060695,同欣電麥證9A購01,0,0,0,21000,337000,-316000,0,0,0,-337000,0,0,0,21000,358000,-337000,-337000
068888,茂林統一03購01  ,0,0,0,0,0,0,0,0,0,-338000,0,0,0,0,338000,-338000,-338000
064218,南六凱基01購01  ,0,0,0,0,0,0,0,0,0,-338000,0,0,0,85000,423000,-338000,-338000
065745,裕隆元大9C購03  ,0,0,0,0,0,0,0,0,0,-338000,0,0,0,66000,404000,-338000,-338000
08650P,臺股指元大9C售36,0,0,0,0,0,0,0,0,0,-338000,0,0,0,62000,400000,-338000,-338000
6288,聯嘉            ,278000,620000,-342000,0,0,0,0,0,0,4000,4000,0,4000,0,0,0,-338000
068885,健鼎統一02購06  ,0,0,0,0,0,0,0,0,0,-339000,0,0,0,23000,362000,-339000,-339000
064497,可成元大01購02  ,0,0,0,0,0,0,0,0,0,-339000,0,0,0,7000,346000,-339000,-339000
064986,GIS元大9C購07   ,0,0,0,0,0,0,0,0,0,-339000,0,0,0,21000,360000,-339000,-339000
08154P,上銀元富9B售04  ,0,0,0,0,0,0,0,0,0,-340000,0,0,0,49000,389000,-340000,-340000
058616,台虹元大9A購01  ,0,0,0,0,0,0,0,0,0,-340000,0,0,0,220000,560000,-340000,-340000
066283,鎧勝元大01購02  ,0,0,0,0,0,0,0,0,0,-340000,0,0,0,245000,585000,-340000,-340000
08557P,臺股指中信01售09,0,0,0,0,0,0,0,0,0,-340000,0,0,0,0,340000,-340000,-340000
068889,康友統一04購01  ,0,0,0,0,0,0,0,0,0,-341000,0,0,0,13000,354000,-341000,-341000
068922,TPK元富04購01   ,0,0,0,0,0,0,0,0,0,-341000,0,0,0,0,341000,-341000,-341000
068258,可成國泰03購01  ,0,0,0,0,0,0,0,0,0,-341000,0,0,0,410000,751000,-341000,-341000
06716P,台積電元大9A售02,0,0,0,0,0,0,0,0,0,-343000,0,0,0,103000,446000,-343000,-343000
00692,富邦公司治理    ,55000,75000,-20000,0,0,0,0,0,0,-323000,0,0,0,1681000,2004000,-323000,-343000
060865,創意永豐9A購01  ,0,0,0,0,0,0,0,0,0,-343000,0,0,0,76000,419000,-343000,-343000
066707,揚明光群益01購02,0,0,0,0,0,0,0,0,0,-343000,0,0,0,65000,408000,-343000,-343000
066309,永光永豐01購01  ,0,0,0,0,0,0,0,0,0,-344000,0,0,0,18000,362000,-344000,-344000
066006,大立光統一01購07,0,0,0,0,0,0,0,0,0,-344000,0,0,0,530000,874000,-344000,-344000
067053,申豐凱基02購01  ,0,0,0,0,0,0,0,0,0,-345000,0,0,0,516000,861000,-345000,-345000
066570,力成元大02購01  ,0,0,0,0,0,0,0,0,0,-345000,0,0,0,40000,385000,-345000,-345000
064791,友達國票9C購01  ,0,0,0,0,0,0,0,0,0,-345000,0,0,0,281000,626000,-345000,-345000
056353,鴻海元大99購02  ,0,0,0,0,0,0,0,0,0,-346000,0,0,0,4000,350000,-346000,-346000
065495,上銀富邦01購02  ,0,0,0,0,0,0,0,0,0,-346000,0,0,0,151000,497000,-346000,-346000
067817,玉晶光凱基02購01,0,0,0,0,0,0,0,0,0,-347000,0,0,0,151000,498000,-347000,-347000
068755,鎧勝國泰04購01  ,0,0,0,0,0,0,0,0,0,-349000,0,0,0,206000,555000,-349000,-349000
064160,新日興統一01購03,0,0,0,0,0,0,0,0,0,-349000,0,0,0,93000,442000,-349000,-349000
068288,長榮航群益01購02,0,0,0,0,0,0,0,0,0,-350000,0,0,0,0,350000,-350000,-350000
064407,貿聯凱基02購02  ,0,0,0,0,0,0,0,0,0,-350000,0,0,0,142000,492000,-350000,-350000
066344,拓凱永豐01購01  ,0,0,0,0,0,0,0,0,0,-350000,0,0,0,11000,361000,-350000,-350000
067149,瑞昱統一03購01  ,0,0,0,0,0,0,0,0,0,-354000,0,0,0,142000,496000,-354000,-354000
065076,中橡元大9C購01  ,0,0,0,0,0,0,0,0,0,-354000,0,0,0,5000,359000,-354000,-354000
065164,和大元大01購01  ,0,0,0,0,0,0,0,0,0,-354000,0,0,0,0,354000,-354000,-354000
066932,京元電國票02購01,0,0,0,0,0,0,0,0,0,-357000,0,0,0,38000,395000,-357000,-357000
08209P,上銀元富9B售06  ,0,0,0,0,0,0,0,0,0,-358000,0,0,0,35000,393000,-358000,-358000
08723P,臺股指元大01售04,0,0,0,0,0,0,0,0,0,-358000,0,0,0,10000,368000,-358000,-358000
6197,佳必琪          ,57000,411000,-354000,0,0,0,0,0,0,-4000,4000,8000,-4000,0,0,0,-358000
052847,漢唐統一99購01  ,0,0,0,0,0,0,0,0,0,-359000,0,0,0,231000,590000,-359000,-359000
03128P,玉晶光國泰03售04,0,0,0,0,0,0,0,0,0,-359000,0,0,0,24000,383000,-359000,-359000
060252,緯穎元大9A購02  ,0,0,0,0,0,0,0,0,0,-359000,0,0,0,51000,410000,-359000,-359000
060284,南港元大01購01  ,0,0,0,0,0,0,0,0,0,-359000,0,0,0,55000,414000,-359000,-359000
064830,可成統一9C購04  ,0,0,0,0,0,0,0,0,0,-359000,0,0,0,71000,430000,-359000,-359000
067388,聯發科元富07購03,0,0,0,0,0,0,0,0,0,-360000,0,0,0,100000,460000,-360000,-360000
067724,大立光凱基01購08,0,0,0,0,0,0,0,0,0,-360000,0,0,0,57000,417000,-360000,-360000
055817,京鼎國票99購01  ,0,0,0,0,0,0,0,0,0,-361000,0,0,0,52000,413000,-361000,-361000
068033,國產元富01購01  ,0,0,0,0,0,0,0,0,0,-362000,0,0,0,102000,464000,-362000,-362000
063491,國巨富邦02購02  ,20000,0,20000,0,0,0,0,0,0,-383000,0,0,0,40000,423000,-383000,-363000
067246,鎧勝群益01購02  ,0,0,0,0,0,0,0,0,0,-364000,0,0,0,46000,410000,-364000,-364000
08140P,祥碩元大9B售07  ,0,0,0,0,0,0,0,0,0,-364000,0,0,0,770000,1134000,-364000,-364000
065083,南亞科元大01購01,0,0,0,0,0,0,0,0,0,-365000,0,0,0,5000,370000,-365000,-365000
4977,眾達-KY         ,336000,351000,-15000,0,0,0,120000,518000,-398000,46000,50000,0,50000,10000,14000,-4000,-367000
067825,南港兆豐03購01  ,0,0,0,0,0,0,0,0,0,-368000,0,0,0,13000,381000,-368000,-368000
6196,帆宣            ,379000,657000,-278000,0,0,0,0,0,0,-90000,0,1000,-1000,11000,100000,-89000,-368000
066706,揚明光群益01購01,0,0,0,0,0,0,0,0,0,-369000,0,0,0,29000,398000,-369000,-369000
4119,旭富            ,207000,596000,-389000,0,0,0,0,0,0,20000,0,2000,-2000,25000,3000,22000,-369000
064206,鴻海凱基03購02  ,0,0,0,0,0,0,0,0,0,-371000,0,0,0,0,371000,-371000,-371000
067766,上銀統一02購02  ,0,0,0,0,0,0,0,0,0,-372000,0,0,0,15000,387000,-372000,-372000
067280,國巨第一01購01  ,0,0,0,0,0,0,0,0,0,-372000,0,0,0,123000,495000,-372000,-372000
068498,玉晶光元大01購16,0,0,0,0,0,0,0,0,0,-372000,0,0,0,1000,373000,-372000,-372000
064570,TPK群益9C購03   ,0,0,0,0,0,0,0,0,0,-373000,0,0,0,53000,426000,-373000,-373000
068383,上銀統一03購01  ,0,0,0,0,0,0,0,0,0,-374000,0,0,0,154000,528000,-374000,-374000
067328,鎧勝康和01購02  ,0,0,0,0,0,0,0,0,0,-374000,0,0,0,99000,473000,-374000,-374000
066644,瑞昱麥證01購01  ,0,0,0,261000,578000,-317000,0,0,0,-374000,0,0,0,335000,709000,-374000,-374000
066207,聯鈞統一01購02  ,0,0,0,0,0,0,0,0,0,-374000,0,0,0,0,374000,-374000,-374000
058731,貿聯永豐99購02  ,0,0,0,0,0,0,0,0,0,-377000,0,0,0,37000,414000,-377000,-377000
08434P,臺股指凱基03售02,0,0,0,0,0,0,0,0,0,-377000,0,0,0,150000,527000,-377000,-377000
060767,世紀鋼元大9A購02,0,0,0,0,0,0,0,0,0,-378000,0,0,0,0,378000,-378000,-378000
068234,T50反1元大01購07,0,0,0,0,0,0,0,0,0,-379000,0,0,0,1008000,1387000,-379000,-379000
066922,台表科麥證01購01,0,0,0,0,380000,-380000,0,0,0,-380000,0,0,0,0,380000,-380000,-380000
03432B,臺股指凱基98熊13,0,0,0,0,0,0,0,0,0,-380000,0,0,0,781000,1161000,-380000,-380000
064487,和大元大9C購01  ,0,0,0,0,0,0,0,0,0,-380000,0,0,0,0,380000,-380000,-380000
062800,奇力新統一01購02,0,0,0,0,0,0,0,0,0,-380000,0,0,0,646000,1026000,-380000,-380000
066876,大立光富邦05購01,0,0,0,0,0,0,0,0,0,-380000,0,0,0,734000,1114000,-380000,-380000
062722,京元電凱基9B購02,0,0,0,0,0,0,0,0,0,-381000,0,0,0,41000,422000,-381000,-381000
064804,英業達元大9C購01,0,0,0,0,0,0,0,0,0,-382000,0,0,0,24000,406000,-382000,-382000
08978P,臺股指群益01售12,0,0,0,0,0,0,0,0,0,-382000,0,0,0,16000,398000,-382000,-382000
064281,大立光元大9C購12,0,0,0,0,0,0,0,0,0,-384000,0,0,0,2000,386000,-384000,-384000
08760P,瑞昱元大01售02  ,0,0,0,0,0,0,0,0,0,-384000,0,0,0,164000,548000,-384000,-384000
067798,GIS中信03購01   ,0,0,0,0,0,0,0,0,0,-385000,0,0,0,100000,485000,-385000,-385000
068435,聯發科凱基01購21,0,0,0,0,0,0,0,0,0,-385000,0,0,0,68000,453000,-385000,-385000
067253,精元國票01購01  ,0,0,0,0,0,0,0,0,0,-387000,0,0,0,159000,546000,-387000,-387000
068007,玉晶光元大03購04,0,0,0,0,0,0,0,0,0,-388000,0,0,0,0,388000,-388000,-388000
067344,鎧勝凱基02購01  ,0,0,0,0,0,0,0,0,0,-389000,0,0,0,120000,509000,-389000,-389000
064095,鴻海群益01購02  ,0,0,0,0,0,0,0,0,0,-389000,0,0,0,111000,500000,-389000,-389000
08169P,台光電群益9B售04,0,0,0,0,0,0,0,0,0,-389000,0,0,0,0,389000,-389000,-389000
059375,道瓊反群益9C購02,0,0,0,0,0,0,0,0,0,-390000,0,0,0,0,390000,-390000,-390000
061938,大立光國票9B購03,0,0,0,0,0,0,0,0,0,-392000,0,0,0,90000,482000,-392000,-392000
065943,台表科元富01購01,0,0,0,0,0,0,0,0,0,-393000,0,0,0,0,393000,-393000,-393000
066916,台虹凱基01購01  ,0,0,0,0,0,0,0,0,0,-394000,0,0,0,60000,454000,-394000,-394000
03217P,臺股指群益02售02,0,0,0,0,0,0,0,0,0,-395000,0,0,0,8000,403000,-395000,-395000
064354,同欣電元大9C購05,0,0,0,0,0,0,0,0,0,-395000,0,0,0,62000,457000,-395000,-395000
058779,大立光國票9A購02,0,0,0,0,0,0,0,0,0,-396000,0,0,0,143000,539000,-396000,-396000
066184,鎧勝凱基01購01  ,0,0,0,0,0,0,0,0,0,-396000,0,0,0,14000,410000,-396000,-396000
064204,瑞儀兆豐01購01  ,0,0,0,0,0,0,0,0,0,-396000,0,0,0,260000,656000,-396000,-396000
066254,南帝元大01購01  ,0,0,0,0,0,0,0,0,0,-397000,0,0,0,266000,663000,-397000,-397000
067213,大立光元大01購11,0,0,0,0,0,0,0,0,0,-399000,0,0,0,371000,770000,-399000,-399000
066414,鴻海元大01購07  ,0,0,0,0,0,0,0,0,0,-399000,0,0,0,10000,409000,-399000,-399000
064061,GIS麥證01購01   ,0,0,0,107000,506000,-399000,0,0,0,-399000,0,0,0,107000,506000,-399000,-399000
08521P,台達電元大9C售03,0,0,0,0,0,0,0,0,0,-399000,0,0,0,0,399000,-399000,-399000
1907,永豐餘          ,185000,586000,-401000,0,0,0,0,0,0,2000,0,34000,-34000,37000,1000,36000,-399000
068238,臺指反元大04購09,0,0,0,0,0,0,0,0,0,-400000,0,0,0,0,400000,-400000,-400000
061741,新光金凱基9B購01,0,0,0,0,0,0,0,0,0,-400000,0,0,0,0,400000,-400000,-400000
066330,新興永豐01購01  ,0,0,0,0,0,0,0,0,0,-400000,0,0,0,0,400000,-400000,-400000
068385,聯電統一03購03  ,0,0,0,0,0,0,0,0,0,-401000,0,0,0,845000,1246000,-401000,-401000
066315,南帝永豐01購01  ,0,0,0,0,0,0,0,0,0,-401000,0,0,0,159000,560000,-401000,-401000
065888,鴻海統一03購01  ,0,0,0,0,0,0,0,0,0,-401000,0,0,0,0,401000,-401000,-401000
2412,中華電          ,818459,1298000,-479541,0,0,0,87000,21000,66000,12000,1000,0,1000,11000,0,11000,-401541
068633,聯電凱基03購05  ,0,0,0,0,0,0,0,0,0,-403000,0,0,0,321000,724000,-403000,-403000
066858,聯鈞國票02購01  ,0,0,0,0,0,0,0,0,0,-404000,0,0,0,118000,522000,-404000,-404000
08392P,上銀群益9C售01  ,0,0,0,0,0,0,0,0,0,-404000,0,0,0,91000,495000,-404000,-404000
03063P,臺股指凱基04售03,0,0,0,0,0,0,0,0,0,-406000,0,0,0,21000,427000,-406000,-406000
064930,南六統一02購02  ,0,0,0,0,0,0,0,0,0,-406000,0,0,0,42000,448000,-406000,-406000
08315P,台積電元大9C售08,0,0,0,0,0,0,0,0,0,-406000,0,0,0,0,406000,-406000,-406000
066507,和碩富邦03購01  ,0,0,0,0,0,0,0,0,0,-410000,0,0,0,0,410000,-410000,-410000
056775,康控元大99購01  ,0,0,0,0,0,0,0,0,0,-415000,0,0,0,0,415000,-415000,-415000
065816,聯發科元富03購07,0,0,0,0,0,0,0,0,0,-415000,0,0,0,184000,599000,-415000,-415000
065761,中租元大9C購02  ,0,0,0,0,0,0,0,0,0,-415000,0,0,0,135000,550000,-415000,-415000
060867,智伸科永豐9A購01,0,0,0,0,0,0,0,0,0,-418000,0,0,0,10000,428000,-418000,-418000
067140,鎧勝永豐01購02  ,0,0,0,0,0,0,0,0,0,-419000,0,0,0,51000,470000,-419000,-419000
067258,盛群國票01購01  ,0,0,0,0,0,0,0,0,0,-420000,0,0,0,77000,497000,-420000,-420000
064377,宏達電元富9C購01,0,0,0,0,0,0,0,0,0,-420000,0,0,0,5000,425000,-420000,-420000
066205,京鼎統一03購01  ,0,0,0,0,0,0,0,0,0,-420000,0,0,0,368000,788000,-420000,-420000
066685,T50反1元富07購02,0,0,0,0,0,0,0,0,0,-420000,0,0,0,50000,470000,-420000,-420000
062013,奇鋐富邦9B購01  ,0,0,0,0,0,0,0,0,0,-424000,0,0,0,228000,652000,-424000,-424000
054819,裕民元大9A購01  ,0,0,0,0,0,0,0,0,0,-426000,0,0,0,0,426000,-426000,-426000
065518,聯鈞群益9C購02  ,0,0,0,0,0,0,0,0,0,-426000,0,0,0,8000,434000,-426000,-426000
5243,乙盛-KY         ,262000,743000,-481000,0,0,0,0,0,0,55000,66000,11000,55000,0,0,0,-426000
059947,貿聯永豐99購03  ,0,0,0,0,0,0,0,0,0,-429000,0,0,0,0,429000,-429000,-429000
060915,旭富元大9A購01  ,0,0,0,0,0,0,0,0,0,-429000,0,0,0,0,429000,-429000,-429000
6456,GIS-KY          ,2826000,2931000,-105000,0,0,0,8000,365000,-357000,32000,209000,230000,-21000,167000,114000,53000,-430000
066846,京鼎元大01購03  ,0,0,0,0,0,0,0,0,0,-431000,0,0,0,453000,884000,-431000,-431000
1101,台泥            ,3448842,6132023,-2683181,0,0,0,2285000,169000,2116000,136000,322000,41000,281000,18000,163000,-145000,-431181
058978,SGBR2X凱基9A購03,0,0,0,0,0,0,0,0,0,-432000,0,0,0,0,432000,-432000,-432000
065817,聯發科元富03購08,0,0,0,0,0,0,0,0,0,-432000,0,0,0,97000,529000,-432000,-432000
062020,智伸科永豐9B購01,0,0,0,0,0,0,0,0,0,-433000,0,0,0,10000,443000,-433000,-433000
006208,富邦台50        ,18000,19000,-1000,0,0,0,0,0,0,-433000,0,0,0,279000,712000,-433000,-434000
067178,京鼎康和01購01  ,0,0,0,0,0,0,0,0,0,-437000,0,0,0,218000,655000,-437000,-437000
067003,聯發科永豐01購02,0,0,0,0,0,0,0,0,0,-438000,0,0,0,558000,996000,-438000,-438000
067790,台表科群益01購03,0,0,0,0,0,0,0,0,0,-439000,0,0,0,220000,659000,-439000,-439000
065421,康友國票01購01  ,0,0,0,0,0,0,0,0,0,-439000,0,0,0,327000,766000,-439000,-439000
068665,聯電統一02購02  ,0,0,0,0,0,0,0,0,0,-440000,0,0,0,1612000,2052000,-440000,-440000
2520,冠德            ,1445000,1161000,284000,0,0,0,0,11000,-11000,-713000,109000,692000,-583000,0,130000,-130000,-440000
067664,台船元大01購01  ,0,0,0,0,0,0,0,0,0,-442000,0,0,0,84000,526000,-442000,-442000
060850,康友國票9A購03  ,0,0,0,0,0,0,0,0,0,-442000,0,0,0,71000,513000,-442000,-442000
065537,健鼎統一02購05  ,0,0,0,0,0,0,0,0,0,-443000,0,0,0,132000,575000,-443000,-443000
066420,宏達電元大02購01,0,0,0,0,0,0,0,0,0,-443000,0,0,0,49000,492000,-443000,-443000
5434,崇越            ,145000,579000,-434000,0,0,0,0,0,0,-10000,0,8000,-8000,12000,14000,-2000,-444000
067704,台表科麥證01購02,0,0,0,0,446000,-446000,0,0,0,-446000,0,0,0,0,446000,-446000,-446000
068629,聯電康和02購01  ,0,10000,-10000,0,0,0,0,0,0,-437000,0,0,0,663000,1100000,-437000,-447000
066285,松翰元大01購02  ,0,0,0,0,0,0,0,0,0,-447000,0,0,0,3000,450000,-447000,-447000
068295,旭富兆豐01購02  ,0,0,0,0,0,0,0,0,0,-449000,0,0,0,0,449000,-449000,-449000
07578P,高鐵元大9A售02  ,0,0,0,0,0,0,0,0,0,-450000,0,0,0,150000,600000,-450000,-450000
058556,百和永豐99購01  ,0,0,0,0,0,0,0,0,0,-450000,0,0,0,50000,500000,-450000,-450000
03229P,臺股指凱基02售07,0,0,0,0,0,0,0,0,0,-451000,0,0,0,0,451000,-451000,-451000
065819,京鼎元富03購01  ,0,0,0,0,0,0,0,0,0,-451000,0,0,0,111000,562000,-451000,-451000
064179,上銀富邦01購01  ,0,0,0,0,0,0,0,0,0,-452000,0,0,0,100000,552000,-452000,-452000
067476,台光電元大01購04,0,0,0,0,0,0,0,0,0,-453000,0,0,0,156000,609000,-453000,-453000
08495P,同欣電元大9C售08,0,0,0,0,0,0,0,0,0,-453000,0,0,0,0,453000,-453000,-453000
064582,裕隆永豐9C購02  ,0,0,0,0,0,0,0,0,0,-457000,0,0,0,0,457000,-457000,-457000
066774,聯詠富邦03購01  ,0,0,0,0,0,0,0,0,0,-457000,0,0,0,809000,1266000,-457000,-457000
067173,京鼎兆豐01購01  ,0,0,0,0,0,0,0,0,0,-459000,0,0,0,0,459000,-459000,-459000
066540,景碩兆豐01購02  ,0,0,0,0,0,0,0,0,0,-459000,0,0,0,112000,571000,-459000,-459000
066515,強茂永豐01購02  ,0,0,0,0,0,0,0,0,0,-460000,0,0,0,141000,601000,-460000,-460000
067705,遠東新元富01購01,0,0,0,0,0,0,0,0,0,-461000,0,0,0,38000,499000,-461000,-461000
068748,可成群益03購01  ,0,0,0,0,0,0,0,0,0,-461000,0,0,0,3000,464000,-461000,-461000
06054P,臺股指中信9A售01,0,0,0,0,0,0,0,0,0,-462000,0,0,0,2000,464000,-462000,-462000
068216,國巨台新01購01  ,0,0,0,0,0,0,0,0,0,-463000,0,0,0,40000,503000,-463000,-463000
063072,裕隆永豐9B購01  ,0,0,0,0,0,0,0,0,0,-463000,0,0,0,20000,483000,-463000,-463000
062586,國巨統一01購06  ,0,0,0,0,0,0,0,0,0,-463000,0,0,0,46000,509000,-463000,-463000
067443,國巨國票02購04  ,0,0,0,0,0,0,0,0,0,-464000,0,0,0,106000,570000,-464000,-464000
068520,彩晶統一03購02  ,0,0,0,0,0,0,0,0,0,-465000,0,0,0,497000,962000,-465000,-465000
059950,百和永豐99購02  ,0,0,0,0,0,0,0,0,0,-466000,0,0,0,58000,524000,-466000,-466000
057016,中石化凱基9B購01,0,0,0,0,0,0,0,0,0,-466000,0,0,0,94000,560000,-466000,-466000
067113,京鼎群益02購03  ,0,0,0,0,0,0,0,0,0,-467000,0,0,0,0,467000,-467000,-467000
058161,T50反1日盛03購01,0,0,0,0,0,0,0,0,0,-470000,0,0,0,0,470000,-470000,-470000
08400P,美律元富9C售02  ,0,0,0,0,0,0,0,0,0,-471000,0,0,0,0,471000,-471000,-471000
068226,聯發科元富04購02,0,0,0,0,0,0,0,0,0,-473000,0,0,0,10000,483000,-473000,-473000
066505,可成富邦03購01  ,0,0,0,0,0,0,0,0,0,-473000,0,0,0,50000,523000,-473000,-473000
062693,中石化元大02購01,0,0,0,0,0,0,0,0,0,-474000,0,0,0,0,474000,-474000,-474000
2897,王道銀行        ,114000,537000,-423000,0,0,0,0,2000,-2000,-49000,1000,50000,-49000,0,0,0,-474000
00664R,國泰臺灣加權反1 ,5000,5000,0,0,0,0,0,0,0,-475000,0,0,0,1615000,2090000,-475000,-475000
2889,國票金          ,873000,1404000,-531000,0,0,0,0,0,0,56000,56000,0,56000,0,0,0,-475000
067078,京鼎元大01購04  ,0,0,0,0,0,0,0,0,0,-476000,0,0,0,219000,695000,-476000,-476000
067678,大立光元大02購02,0,0,0,0,0,0,0,0,0,-476000,0,0,0,213000,689000,-476000,-476000
3596,智易            ,233000,502000,-269000,0,0,0,0,0,0,-210000,20000,7000,13000,21000,244000,-223000,-479000
08864P,欣興元大01售01  ,0,0,0,0,0,0,0,0,0,-482000,0,0,0,205000,687000,-482000,-482000
03019P,全新群益01售01  ,0,0,0,0,0,0,0,0,0,-483000,0,0,0,0,483000,-483000,-483000
058808,大成鋼統一9B購01,0,0,0,0,0,0,0,0,0,-483000,0,0,0,15000,498000,-483000,-483000
066960,盛群元大01購01  ,0,0,0,0,0,0,0,0,0,-485000,0,0,0,50000,535000,-485000,-485000
059878,聯茂凱基99購07  ,0,0,0,0,0,0,0,0,0,-485000,0,0,0,20000,505000,-485000,-485000
03112P,GIS元大01售03   ,0,0,0,0,0,0,0,0,0,-486000,0,0,0,148000,634000,-486000,-486000
064244,GIS統一02購01   ,0,0,0,0,0,0,0,0,0,-486000,0,0,0,668000,1154000,-486000,-486000
058584,百和群益9A購01  ,0,0,0,0,0,0,0,0,0,-488000,0,0,0,191000,679000,-488000,-488000
08985P,台表科兆豐03售02,0,0,0,0,0,0,0,0,0,-489000,0,0,0,100000,589000,-489000,-489000
068911,聯發科群益02購09,0,0,0,0,0,0,0,0,0,-490000,0,0,0,20000,510000,-490000,-490000
2395,研華            ,946838,1387181,-440343,0,0,0,2000,41000,-39000,-13000,2000,15000,-13000,0,0,0,-492343
07032P,聯發科統一9C售02,0,0,0,0,0,0,0,0,0,-494000,0,0,0,437000,931000,-494000,-494000
067239,聯陽群益01購01  ,0,0,0,0,0,0,0,0,0,-494000,0,0,0,299000,793000,-494000,-494000
067910,玉晶光國泰03購03,0,0,0,0,0,0,0,0,0,-494000,0,0,0,5000,499000,-494000,-494000
2393,億光            ,247000,685000,-438000,0,0,0,0,0,0,-56000,6000,5000,1000,1000,58000,-57000,-494000
067221,台表科元大01購02,0,0,0,0,0,0,0,0,0,-495000,0,0,0,124000,619000,-495000,-495000
060451,中石化元大9C購02,0,0,0,0,0,0,0,0,0,-498000,0,0,0,200000,698000,-498000,-498000
064724,健鼎統一02購02  ,0,0,0,0,0,0,0,0,0,-498000,0,0,0,69000,567000,-498000,-498000
1227,佳格            ,167213,691000,-523787,0,0,0,0,0,0,25000,33000,8000,25000,0,0,0,-498787
056492,全新國泰9A購01  ,0,0,0,0,0,0,0,0,0,-499000,0,0,0,0,499000,-499000,-499000
08955P,台灣50凱基04售09,0,0,0,0,0,0,0,0,0,-502000,0,0,0,132000,634000,-502000,-502000
068346,GIS麥證01購02   ,0,0,0,98000,601000,-503000,0,0,0,-503000,0,0,0,98000,601000,-503000,-503000
058053,上銀統一9B購01  ,0,0,0,0,0,0,0,0,0,-503000,0,0,0,827000,1330000,-503000,-503000
03061P,南電凱基01售05  ,0,0,0,0,0,0,0,0,0,-514000,0,0,0,98000,612000,-514000,-514000
063559,力山元大9B購04  ,0,0,0,0,0,0,0,0,0,-518000,0,0,0,78000,596000,-518000,-518000
065448,緯創統一9C購01  ,0,0,0,0,0,0,0,0,0,-518000,0,0,0,105000,623000,-518000,-518000
063659,世紀鋼元富9B購01,0,0,0,0,0,0,0,0,0,-519000,0,0,0,32000,551000,-519000,-519000
067158,T50反1國票02購02,0,0,0,0,0,0,0,0,0,-520000,0,0,0,1000,521000,-520000,-520000
068371,華城永豐01購04  ,0,0,0,0,0,0,0,0,0,-522000,0,0,0,13000,535000,-522000,-522000
068674,聯發科統一03購12,0,0,0,0,0,0,0,0,0,-522000,0,0,0,67000,589000,-522000,-522000
2301,光寶科          ,2782560,3568000,-785440,0,0,0,244000,1000,243000,17000,62000,4000,58000,0,41000,-41000,-525440
03089P,華擎元大01售07  ,0,0,0,0,0,0,0,0,0,-526000,0,0,0,19000,545000,-526000,-526000
067067,國巨元大01購08  ,0,0,0,0,0,0,0,0,0,-527000,0,0,0,341000,868000,-527000,-527000
08403P,上銀元大9C售07  ,0,0,0,0,0,0,0,0,0,-528000,0,0,0,22000,550000,-528000,-528000
068251,大立光元大01購18,0,0,0,0,0,0,0,0,0,-530000,0,0,0,215000,745000,-530000,-530000
066347,鎧勝永豐01購01  ,0,0,0,0,0,0,0,0,0,-530000,0,0,0,21000,551000,-530000,-530000
066821,臺指反群益01購03,0,0,0,0,0,0,0,0,0,-530000,0,0,0,0,530000,-530000,-530000
08398P,台積電元富9C售04,0,0,0,0,0,0,0,0,0,-530000,0,0,0,0,530000,-530000,-530000
068899,TPK元大02購01   ,0,0,0,0,0,0,0,0,0,-532000,0,0,0,12000,544000,-532000,-532000
067212,聯發科元大02購02,0,0,0,0,0,0,0,0,0,-532000,0,0,0,613000,1145000,-532000,-532000
068529,貿聯元富07購01  ,0,0,0,0,0,0,0,0,0,-533000,0,0,0,2000,535000,-533000,-533000
065021,貿聯富邦03購01  ,0,0,0,0,0,0,0,0,0,-534000,0,0,0,14000,548000,-534000,-534000
3437,榮創            ,295000,818000,-523000,0,0,0,0,0,0,-15000,0,15000,-15000,0,0,0,-538000
065386,華通兆豐9C購02  ,0,0,0,0,0,0,0,0,0,-539000,0,0,0,305000,844000,-539000,-539000
07579P,聯茂元大9A售01  ,0,0,0,0,0,0,0,0,0,-540000,0,0,0,3000,543000,-540000,-540000
06822P,上銀富邦99售03  ,0,0,0,0,0,0,0,0,0,-541000,0,0,0,120000,661000,-541000,-541000
08152P,祥碩統一9B售02  ,0,0,0,0,0,0,0,0,0,-545000,0,0,0,0,545000,-545000,-545000
067487,京鼎元大01購06  ,0,0,0,0,0,0,0,0,0,-555000,0,0,0,85000,640000,-555000,-555000
058525,台虹元大99購02  ,0,0,0,0,0,0,0,0,0,-558000,0,0,0,78000,636000,-558000,-558000
063148,建準元富9B購01  ,0,0,0,0,0,0,0,0,0,-558000,0,0,0,48000,606000,-558000,-558000
08339P,上銀統一9C售04  ,0,0,0,0,0,0,0,0,0,-559000,0,0,0,99000,658000,-559000,-559000
2478,大毅            ,687000,759000,-72000,0,0,0,0,0,0,-490000,1000,3000,-2000,4000,492000,-488000,-562000
063390,嘉晶兆豐9B購01  ,0,0,0,0,0,0,0,0,0,-565000,0,0,0,1000,566000,-565000,-565000
068240,道瓊銀元大01購05,0,0,0,0,0,0,0,0,0,-566000,0,0,0,56000,622000,-566000,-566000
061957,上銀統一01購01  ,0,0,0,0,0,0,0,0,0,-566000,0,0,0,33000,599000,-566000,-566000
064843,巨大統一02購01  ,0,0,0,0,0,0,0,0,0,-567000,0,0,0,386000,953000,-567000,-567000
067871,玉晶光元大01購08,0,0,0,0,0,0,0,0,0,-569000,0,0,0,112000,681000,-569000,-569000
067691,台虹元大01購03  ,0,0,0,0,0,0,0,0,0,-569000,0,0,0,100000,669000,-569000,-569000
1504,東元            ,605000,1046000,-441000,0,0,0,0,3000,-3000,-125000,10000,32000,-22000,21000,124000,-103000,-569000
00875,國泰網路資安    ,8000,309000,-301000,0,0,0,0,0,0,-270000,0,0,0,842000,1112000,-270000,-571000
4915,致伸            ,1082000,1670742,-588742,0,0,0,2000,1000,1000,14000,17000,3000,14000,3000,3000,0,-573742
066551,大立光元大01購07,0,0,0,0,0,0,0,0,0,-576000,0,0,0,209000,785000,-576000,-576000
08656P,大立光群益9C售07,0,0,0,0,0,0,0,0,0,-578000,0,0,0,0,578000,-578000,-578000
066345,正文永豐01購01  ,0,0,0,0,0,0,0,0,0,-580000,0,0,0,215000,795000,-580000,-580000
062920,康友元大9B購01  ,0,0,0,0,0,0,0,0,0,-582000,0,0,0,126000,708000,-582000,-582000
065054,百和凱基02購01  ,0,0,0,0,0,0,0,0,0,-585000,0,0,0,105000,690000,-585000,-585000
03191P,國巨國泰03售02  ,0,0,0,0,0,0,0,0,0,-587000,0,0,0,110000,697000,-587000,-587000
066483,瑞昱元富01購01  ,0,0,0,0,0,0,0,0,0,-589000,0,0,0,32000,621000,-589000,-589000
066433,南六元大02購01  ,0,0,0,0,0,0,0,0,0,-590000,0,0,0,109000,699000,-590000,-590000
062489,可成永豐9B購02  ,0,0,0,0,0,0,0,0,0,-594000,0,0,0,6000,600000,-594000,-594000
064931,南六統一9C購05  ,0,0,0,0,0,0,0,0,0,-597000,0,0,0,386000,983000,-597000,-597000
064782,健策群益9C購02  ,0,0,0,0,0,0,0,0,0,-597000,0,0,0,112000,709000,-597000,-597000
067509,京鼎統一01購01  ,0,0,0,0,0,0,0,0,0,-604000,0,0,0,166000,770000,-604000,-604000
064799,裕隆元大9C購02  ,0,0,0,0,0,0,0,0,0,-608000,0,0,0,136000,744000,-608000,-608000
03202P,聯電凱基01售03  ,0,0,0,0,0,0,0,0,0,-611000,0,0,0,78000,689000,-611000,-611000
067642,貿聯統一01購03  ,0,0,0,0,0,0,0,0,0,-618000,0,0,0,110000,728000,-618000,-618000
058928,國巨統一9C購01  ,0,0,0,0,0,0,0,0,0,-620000,0,0,0,1009000,1629000,-620000,-620000
1434,福懋            ,460914,1074000,-613086,0,0,0,0,0,0,-15000,0,0,0,0,15000,-15000,-628086
063671,GIS統一01購01   ,0,0,0,0,0,0,0,0,0,-629000,0,0,0,451000,1080000,-629000,-629000
00674R,元大S&P黃金反1  ,0,0,0,0,0,0,0,0,0,-630000,0,0,0,34000,664000,-630000,-630000
8996,高力            ,109000,683000,-574000,0,0,0,0,0,0,-57000,0,57000,-57000,0,0,0,-631000
068765,台積電統一04購03,0,0,0,0,0,0,0,0,0,-634000,0,0,0,23000,657000,-634000,-634000
067765,百和永豐01購01  ,0,0,0,0,0,0,0,0,0,-636000,0,0,0,24000,660000,-636000,-636000
067941,鎧勝凱基01購02  ,0,0,0,0,0,0,0,0,0,-636000,0,0,0,143000,779000,-636000,-636000
3016,嘉晶            ,167000,807000,-640000,0,0,0,0,0,0,2000,1000,1000,0,38000,36000,2000,-638000
08355P,智邦元大9C售03  ,0,0,0,0,0,0,0,0,0,-642000,0,0,0,10000,652000,-642000,-642000
068675,聯電元富03購01  ,0,0,0,0,0,0,0,0,0,-643000,0,0,0,382000,1025000,-643000,-643000
067908,玉晶光國泰03購01,0,0,0,0,0,0,0,0,0,-649000,0,0,0,150000,799000,-649000,-649000
06700P,臺股指統一99售05,0,0,0,0,0,0,0,0,0,-654000,0,0,0,0,654000,-654000,-654000
08720P,台光電元大01售03,0,0,0,0,0,0,0,0,0,-654000,0,0,0,4000,658000,-654000,-654000
068968,康友群益02購01  ,0,0,0,0,0,0,0,0,0,-655000,0,0,0,11000,666000,-655000,-655000
07913P,友達元大01售01  ,0,0,0,0,0,0,0,0,0,-656000,0,0,0,64000,720000,-656000,-656000
03311P,欣興凱基02售05  ,0,0,0,0,0,0,0,0,0,-658000,0,0,0,70000,728000,-658000,-658000
067130,泰豐永豐01購02  ,0,0,0,0,0,0,0,0,0,-659000,0,0,0,56000,715000,-659000,-659000
3682,亞太電          ,238000,919000,-681000,0,0,0,0,0,0,0,0,0,0,0,0,0,-681000
057555,玉晶光凱基9A購02,0,0,0,0,0,0,0,0,0,-682000,0,0,0,614000,1296000,-682000,-682000
05755P,臺股指中信99售04,0,0,0,0,0,0,0,0,0,-686000,0,0,0,280000,966000,-686000,-686000
067214,聯陽元大01購02  ,0,0,0,0,0,0,0,0,0,-694000,0,0,0,502000,1196000,-694000,-694000
068680,聯陽國泰03購01  ,0,0,0,0,0,0,0,0,0,-695000,0,0,0,478000,1173000,-695000,-695000
058149,百和元大99購02  ,0,0,0,0,0,0,0,0,0,-695000,0,0,0,11000,706000,-695000,-695000
063694,貿聯永豐9B購01  ,0,0,0,0,0,0,0,0,0,-699000,0,0,0,40000,739000,-699000,-699000
064162,貿聯統一02購01  ,0,0,0,0,0,0,0,0,0,-699000,0,0,0,17000,716000,-699000,-699000
08243P,祥碩凱基9C售02  ,0,0,0,0,0,0,0,0,0,-700000,0,0,0,0,700000,-700000,-700000
08591P,台光電凱基9C售02,0,0,0,0,0,0,0,0,0,-700000,0,0,0,0,700000,-700000,-700000
03121P,聯電元大01售04  ,0,0,0,0,0,0,0,0,0,-701000,0,0,0,590000,1291000,-701000,-701000
1210,大成            ,55000,173000,-118000,0,0,0,0,589000,-589000,1000,23000,36000,-13000,14000,0,14000,-706000
8104,錸寶            ,286000,990000,-704000,0,0,0,0,0,0,-3000,0,3000,-3000,0,0,0,-707000
067091,台虹元大01購02  ,0,0,0,0,0,0,0,0,0,-711000,0,0,0,241000,952000,-711000,-711000
2484,希華            ,389000,1102000,-713000,0,0,0,0,0,0,0,0,0,0,0,0,0,-713000
063205,貿聯統一9C購01  ,0,0,0,0,0,0,0,0,0,-718000,0,0,0,52000,770000,-718000,-718000
065055,臺股指凱基02購04,0,0,0,0,0,0,0,0,0,-723000,0,0,0,390000,1113000,-723000,-723000
065933,鴻海群益01購06  ,0,0,0,0,0,0,0,0,0,-726000,0,0,0,204000,930000,-726000,-726000
068312,鎧勝國票03購01  ,0,0,0,0,0,0,0,0,0,-727000,0,0,0,42000,769000,-727000,-727000
057442,玉晶光統一98購03,0,0,0,0,0,0,0,0,0,-734000,0,0,0,72000,806000,-734000,-734000
068062,瑞昱兆豐03購01  ,0,0,0,0,0,0,0,0,0,-736000,0,0,0,318000,1054000,-736000,-736000
068426,道瓊銀凱基05購01,0,0,0,0,0,0,0,0,0,-742000,0,0,0,25000,767000,-742000,-742000
058664,百和兆豐99購01  ,0,0,0,0,0,0,0,0,0,-742000,0,0,0,50000,792000,-742000,-742000
061105,宏達電元大9A購04,0,0,0,0,0,0,0,0,0,-745000,0,0,0,21000,766000,-745000,-745000
061960,國巨統一01購05  ,0,0,0,0,0,0,0,0,0,-749000,0,0,0,10000,759000,-749000,-749000
067028,上海銀兆豐03購01,0,0,0,0,0,0,0,0,0,-752000,0,0,0,437000,1189000,-752000,-752000
062017,京鼎永豐9B購01  ,0,0,0,0,0,0,0,0,0,-756000,0,0,0,128000,884000,-756000,-756000
064842,南六統一9C購04  ,0,0,0,0,0,0,0,0,0,-758000,0,0,0,1144000,1902000,-758000,-758000
062062,貿聯統一01購01  ,0,0,0,0,0,0,0,0,0,-760000,0,0,0,12000,772000,-760000,-760000
066465,同欣電統一01購05,0,0,0,0,0,0,0,0,0,-761000,0,0,0,68000,829000,-761000,-761000
067928,華城凱基01購01  ,0,0,0,0,0,0,0,0,0,-763000,0,0,0,37000,800000,-763000,-763000
065251,宏達電國泰02購01,0,0,0,0,0,0,0,0,0,-765000,0,0,0,107000,872000,-765000,-765000
066290,台塑化元大01購01,0,0,0,0,0,0,0,0,0,-773000,0,0,0,525000,1298000,-773000,-773000
065563,T50反1群益9C購04,0,0,0,0,0,0,0,0,0,-779000,0,0,0,370000,1149000,-779000,-779000
068834,大立光國泰08購01,0,0,0,0,0,0,0,0,0,-780000,0,0,0,171000,951000,-780000,-780000
1526,日馳            ,1717000,2499000,-782000,0,0,0,0,0,0,0,0,0,0,0,0,0,-782000
064253,貿聯元富9C購01  ,0,0,0,0,0,0,0,0,0,-793000,0,0,0,102000,895000,-793000,-793000
056879,旺宏國票99購02  ,0,0,0,0,0,0,0,0,0,-800000,0,0,0,0,800000,-800000,-800000
00650L,FH香港正2       ,28000,30000,-2000,0,0,0,0,0,0,-798000,0,0,0,537000,1335000,-798000,-800000
6282,康舒            ,309000,988000,-679000,0,0,0,0,0,0,-121000,0,24000,-24000,21000,118000,-97000,-800000
03452B,臺股指凱基03熊05,0,0,0,0,0,0,0,0,0,-804000,0,0,0,704000,1508000,-804000,-804000
066442,華碩群益01購01  ,0,0,0,0,0,0,0,0,0,-804000,0,0,0,454000,1258000,-804000,-804000
08750P,台灣50群益01售04,0,0,0,0,0,0,0,0,0,-807000,0,0,0,572000,1379000,-807000,-807000
3605,宏致            ,130000,491000,-361000,0,0,0,0,0,0,-449000,251000,700000,-449000,0,0,0,-810000
066564,智伸科元大01購01,0,0,0,0,0,0,0,0,0,-813000,0,0,0,0,813000,-813000,-813000
068404,建準元富04購01  ,0,0,0,0,0,0,0,0,0,-815000,0,0,0,187000,1002000,-815000,-815000
08231P,上銀元富9B售10  ,0,0,0,0,0,0,0,0,0,-816000,0,0,0,326000,1142000,-816000,-816000
067138,正文永豐01購02  ,0,0,0,0,0,0,0,0,0,-818000,0,0,0,2000,820000,-818000,-818000
067083,正文元大01購01  ,0,0,0,0,0,0,0,0,0,-819000,0,0,0,356000,1175000,-819000,-819000
067315,京鼎元大01購05  ,0,0,0,0,0,0,0,0,0,-821000,0,0,0,856000,1677000,-821000,-821000
065010,國巨國泰01購04  ,0,0,0,0,0,0,0,0,0,-821000,0,0,0,615000,1436000,-821000,-821000
1313,聯成            ,157000,978000,-821000,0,0,0,0,0,0,0,0,0,0,0,0,0,-821000
066531,智伸科元富01購01,0,0,0,0,0,0,0,0,0,-824000,0,0,0,5000,829000,-824000,-824000
059023,可成統一9B購02  ,0,0,0,0,0,0,0,0,0,-832000,0,0,0,22000,854000,-832000,-832000
064940,智伸科元富9C購01,0,0,0,0,0,0,0,0,0,-844000,0,0,0,67000,911000,-844000,-844000
08296P,同欣電元大9C售04,0,0,0,0,0,0,0,0,0,-846000,0,0,0,0,846000,-846000,-846000
068863,元大金元富03購01,0,0,0,0,0,0,0,0,0,-859000,0,0,0,161000,1020000,-859000,-859000
062539,可成國泰01購01  ,0,0,0,0,0,0,0,0,0,-865000,0,0,0,8000,873000,-865000,-865000
064670,智伸科元大9C購01,0,0,0,0,0,0,0,0,0,-869000,0,0,0,0,869000,-869000,-869000
08203P,同欣電永豐9B售04,0,0,0,0,0,0,0,0,0,-872000,0,0,0,0,872000,-872000,-872000
067293,智伸科兆豐03購01,0,0,0,0,0,0,0,0,0,-890000,0,0,0,141000,1031000,-890000,-890000
068518,大立光統一01購10,0,0,0,0,0,0,0,0,0,-892000,0,0,0,15000,907000,-892000,-892000
07060P,台表科國票9A售01,0,0,0,0,0,0,0,0,0,-896000,0,0,0,65000,961000,-896000,-896000
068011,台表科元大01購05,0,0,0,0,0,0,0,0,0,-900000,0,0,0,556000,1456000,-900000,-900000
068401,瑞昱元富07購03  ,0,0,0,0,0,0,0,0,0,-907000,0,0,0,259000,1166000,-907000,-907000
08967P,聯電元大01售03  ,0,0,0,0,0,0,0,0,0,-923000,0,0,0,0,923000,-923000,-923000
064702,百和群益01購01  ,0,0,0,0,0,0,0,0,0,-962000,0,0,0,31000,993000,-962000,-962000
066676,A50正2兆豐03購01,0,0,0,0,0,0,0,0,0,-965000,0,0,0,111000,1076000,-965000,-965000
4133,亞諾法          ,1658000,2160000,-502000,0,0,0,0,0,0,-463000,0,0,0,0,463000,-463000,-965000
3041,揚智            ,1049000,2018000,-969000,0,0,0,0,0,0,0,0,0,0,0,0,0,-969000
08744P,臺股指凱基02售05,0,0,0,0,0,0,0,0,0,-975000,0,0,0,146000,1121000,-975000,-975000
066833,正文群益01購01  ,0,0,0,0,0,0,0,0,0,-977000,0,0,0,210000,1187000,-977000,-977000
1515,力山            ,238000,1230000,-992000,0,0,0,0,0,0,14000,13000,0,13000,57000,56000,1000,-978000
068835,台積電永豐02購01,0,0,0,0,0,0,0,0,0,-991000,0,0,0,30000,1021000,-991000,-991000
08316P,祥碩元大9C售04  ,0,0,0,0,0,0,0,0,0,-993000,0,0,0,383000,1376000,-993000,-993000
066879,智伸科富邦03購01,0,0,0,0,0,0,0,0,0,-996000,0,0,0,22000,1018000,-996000,-996000
062570,T50反1群益9B購02,0,0,0,0,0,0,0,0,0,-998000,0,0,0,0,998000,-998000,-998000
065279,T50反1群益9C購03,0,0,0,0,0,0,0,0,0,-1003000,0,0,0,150000,1153000,-1003000,-1003000
08584P,立積群益9C售02  ,0,0,0,0,0,0,0,0,0,-1009000,0,0,0,60000,1069000,-1009000,-1009000
068255,鎧勝元大01購05  ,0,0,0,0,0,0,0,0,0,-1024000,0,0,0,61000,1085000,-1024000,-1024000
066009,創意統一02購02  ,0,0,0,0,0,0,0,0,0,-1030000,0,0,0,142000,1172000,-1030000,-1030000
3035,智原            ,616000,1660000,-1044000,0,0,0,0,0,0,2000,17000,16000,1000,22000,21000,1000,-1042000
3443,創意            ,291000,1274000,-983000,0,0,0,5000,108000,-103000,42000,132000,106000,26000,25000,9000,16000,-1044000
4968,立積            ,821000,1614000,-793000,0,0,0,16000,0,16000,-268000,77000,158000,-81000,9000,196000,-187000,-1045000
061676,新光金元大9A購03,0,0,0,0,0,0,0,0,0,-1050000,0,0,0,0,1050000,-1050000,-1050000
065540,台表科統一02購05,0,0,0,0,0,0,0,0,0,-1059000,0,0,0,77000,1136000,-1059000,-1059000
068055,鎧勝統一02購02  ,0,0,0,0,0,0,0,0,0,-1065000,0,0,0,163000,1228000,-1065000,-1065000
03106P,T50反1元大01售06,0,0,0,0,0,0,0,0,0,-1069000,0,0,0,1600000,2669000,-1069000,-1069000
1717,長興            ,5997000,6948000,-951000,0,0,0,0,0,0,-128000,10000,193000,-183000,191000,136000,55000,-1079000
068012,台虹元大01購04  ,0,0,0,0,0,0,0,0,0,-1085000,0,0,0,60000,1145000,-1085000,-1085000
067875,百和元大01購01  ,0,0,0,0,0,0,0,0,0,-1092000,0,0,0,5000,1097000,-1092000,-1092000
8081,致新            ,20000,738000,-718000,0,0,0,50000,200000,-150000,-227000,4000,20000,-16000,12000,223000,-211000,-1095000
3711,日月光投控      ,5175054,6288000,-1112946,0,0,0,188000,317000,-129000,144000,140000,1000,139000,158000,153000,5000,-1097946
067218,鎧勝元大01購04  ,0,0,0,0,0,0,0,0,0,-1099000,0,0,0,91000,1190000,-1099000,-1099000
2360,致茂            ,579000,1418000,-839000,0,0,0,11000,232000,-221000,-39000,6000,18000,-12000,15000,42000,-27000,-1099000
5469,瀚宇博          ,647000,1207000,-560000,0,0,0,25000,52000,-27000,-526000,15000,80000,-65000,74000,535000,-461000,-1113000
3038,全台            ,192000,1162000,-970000,0,0,0,0,0,0,-166000,2000,168000,-166000,0,0,0,-1136000
2610,華航            ,1833109,1011000,822109,0,0,0,0,2016000,-2016000,55000,0,0,0,65000,10000,55000,-1138891
063210,百和統一9C購01  ,0,0,0,0,0,0,0,0,0,-1149000,0,0,0,41000,1190000,-1149000,-1149000
065853,智伸科元大9C購02,0,0,0,0,0,0,0,0,0,-1197000,0,0,0,0,1197000,-1197000,-1197000
2489,瑞軒            ,3143000,4325000,-1182000,0,0,0,0,0,0,-18000,34000,52000,-18000,0,0,0,-1200000
2383,台光電          ,789798,974000,-184202,0,0,0,0,914000,-914000,-116127,141000,152127,-11127,15000,120000,-105000,-1214329
1734,杏輝            ,1590000,2512000,-922000,0,0,0,0,0,0,-306000,0,0,0,0,306000,-306000,-1228000
2492,華新科          ,701914,1221000,-519086,0,0,0,0,92000,-92000,-619000,42000,289000,-247000,27000,399000,-372000,-1230086
2905,三商            ,239000,1480000,-1241000,0,0,0,0,0,0,0,0,0,0,0,0,0,-1241000
00715L,街口布蘭特油正2 ,0,593000,-593000,0,0,0,0,0,0,-656000,0,0,0,340000,996000,-656000,-1249000
3376,新日興          ,251000,778000,-527000,0,0,0,0,771000,-771000,38000,53000,29000,24000,15000,1000,14000,-1260000
03218P,聯電康和02售02  ,0,0,0,0,0,0,0,0,0,-1282000,0,0,0,172000,1454000,-1282000,-1282000
068037,聯鈞元富07購01  ,0,0,0,0,0,0,0,0,0,-1290000,0,0,0,242000,1532000,-1290000,-1290000
3406,玉晶光          ,1111000,2688000,-1577000,0,0,0,4000,15000,-11000,298000,248000,15000,233000,85000,20000,65000,-1290000
056673,中石化元富9B購01,0,0,0,0,0,0,0,0,0,-1325000,0,0,0,0,1325000,-1325000,-1325000
2377,微星            ,1788980,3101000,-1312020,0,0,0,285000,82000,203000,-219000,11000,216000,-205000,32000,46000,-14000,-1328020
2314,台揚            ,621000,1969000,-1348000,0,0,0,0,0,0,0,0,0,0,0,0,0,-1348000
06984P,上銀富邦9B售01  ,0,0,0,0,0,0,0,0,0,-1375000,0,0,0,95000,1470000,-1375000,-1375000
067500,台表科元大01購03,0,0,0,0,0,0,0,0,0,-1411000,0,0,0,234000,1645000,-1411000,-1411000
1102,亞泥            ,1639628,3096800,-1457172,0,0,0,8000,3000,5000,35000,67000,4000,63000,11000,39000,-28000,-1417172
8039,台虹            ,924000,2073000,-1149000,0,0,0,0,520000,-520000,243000,133000,313000,-180000,435000,12000,423000,-1426000
020018,統一價值成長30N ,0,0,0,0,0,0,0,0,0,-1473000,0,0,0,0,1473000,-1473000,-1473000
08388P,台灣50中信03售09,0,0,0,0,0,0,0,0,0,-1514000,0,0,0,3000,1517000,-1514000,-1514000
2892,第一金          ,7322691,10092000,-2769309,0,0,0,615000,14000,601000,651849,510000,1000,509000,154000,11151,142849,-1516460
057417,國巨凱基9A購03  ,0,0,0,0,0,0,0,0,0,-1518000,0,0,0,0,1518000,-1518000,-1518000
063774,GIS富邦9B購02   ,0,0,0,0,0,0,0,0,0,-1569000,0,0,0,74000,1643000,-1569000,-1569000
068820,聯陽元大02購01  ,0,0,0,0,0,0,0,0,0,-1573000,0,0,0,97000,1670000,-1573000,-1573000
068580,聯電永豐01購02  ,15000,0,15000,0,0,0,0,0,0,-1647000,0,0,0,543000,2190000,-1647000,-1632000
068133,鎧勝統一03購01  ,0,0,0,0,0,0,0,0,0,-1660000,0,0,0,197000,1857000,-1660000,-1660000
3045,台灣大          ,367195,2415000,-2047805,0,0,0,90000,2000,88000,291000,286000,0,286000,5000,0,5000,-1668805
2436,偉詮電          ,522000,2252000,-1730000,0,0,0,0,0,0,0,0,0,0,0,0,0,-1730000
068400,瑞昱元富07購02  ,0,0,0,0,0,0,0,0,0,-1758000,0,0,0,310000,2068000,-1758000,-1758000
067947,京鼎國泰03購01  ,0,0,0,0,0,0,0,0,0,-1762000,0,0,0,276000,2038000,-1762000,-1762000
8150,南茂            ,499000,2014000,-1515000,0,0,0,0,73000,-73000,-178000,34000,16000,18000,45000,241000,-196000,-1766000
08615P,同欣電統一9C售02,0,0,0,0,0,0,0,0,0,-1780000,0,0,0,0,1780000,-1780000,-1780000
1722,台肥            ,272000,1807000,-1535000,0,0,0,0,200000,-200000,-52000,49000,96000,-47000,8000,13000,-5000,-1787000
00655L,國泰中國A50正2  ,24000,299000,-275000,0,0,0,0,0,0,-1521000,0,0,0,1216000,2737000,-1521000,-1796000
3515,華擎            ,490000,1755000,-1265000,0,0,0,0,4000,-4000,-596000,11000,226000,-215000,20000,401000,-381000,-1865000
2881,富邦金          ,6902216,8970000,-2067784,0,0,0,221000,10000,211000,-14000,1000,30000,-29000,161000,146000,15000,-1870784
064917,元大金統一02購01,0,0,0,0,0,0,0,0,0,-1910000,0,0,0,574000,2484000,-1910000,-1910000
2337,旺宏            ,8347900,9586000,-1238100,0,0,0,0,249000,-249000,-460000,67000,103000,-36000,68000,492000,-424000,-1947100
065496,裕隆富邦9C購01  ,0,0,0,0,0,0,0,0,0,-2027000,0,0,0,0,2027000,-2027000,-2027000
1309,台達化          ,621000,2921000,-2300000,0,0,0,0,0,0,250000,250000,0,250000,0,0,0,-2050000
6005,群益證          ,2112000,4254000,-2142000,0,0,0,0,3000,-3000,0,0,0,0,0,0,0,-2145000
6191,精成科          ,897000,2898000,-2001000,0,0,0,0,0,0,-263000,0,0,0,0,263000,-263000,-2264000
068666,聯電統一03購04  ,0,0,0,0,0,0,0,0,0,-2271000,0,0,0,1173000,3444000,-2271000,-2271000
067014,聯發科富邦03購05,0,0,0,0,0,0,0,0,0,-2317000,0,0,0,737000,3054000,-2317000,-2317000
2049,上銀            ,3958959,5901000,-1942041,0,0,0,1000,155000,-154000,-227000,87000,251000,-164000,37000,100000,-63000,-2323041
2327,國巨            ,1584426,4051000,-2466574,0,0,0,24000,44000,-20000,144000,417000,295000,122000,177000,155000,22000,-2342574
066282,鎧勝元大01購01  ,0,0,0,0,0,0,0,0,0,-2406000,0,0,0,170000,2576000,-2406000,-2406000
2382,廣達            ,1961613,3285000,-1323387,0,0,0,282000,39000,243000,-1383000,29000,1225000,-1196000,5000,192000,-187000,-2463387
2376,技嘉            ,1953100,2624000,-670900,0,0,0,0,1552000,-1552000,-447000,57000,427000,-370000,8000,85000,-77000,-2669900
2367,燿華            ,1796000,2935000,-1139000,0,0,0,0,0,0,-1733000,46000,0,46000,141000,1920000,-1779000,-2872000
2855,統一證          ,48000,3056000,-3008000,0,0,0,0,0,0,0,0,0,0,0,0,0,-3008000
00693U,街口S&P黃豆     ,0,135000,-135000,0,0,0,0,0,0,-2879000,0,0,0,70000,2949000,-2879000,-3014000
07597P,臺股指中信01售02,0,0,0,0,0,0,0,0,0,-3035000,0,0,0,464000,3499000,-3035000,-3035000
4906,正文            ,1388000,4816000,-3428000,0,0,0,0,0,0,280000,94000,114000,-20000,432000,132000,300000,-3148000
00653L,富邦印度正2     ,1181000,2255000,-1074000,0,0,0,0,0,0,-2162000,0,0,0,3091000,5253000,-2162000,-3236000
2504,國產            ,1227000,650000,577000,0,0,0,9000,3804000,-3795000,-99000,19000,128000,-109000,87000,77000,10000,-3317000
068667,聯電統一03購05  ,0,0,0,0,0,0,0,0,0,-3477000,0,0,0,458000,3935000,-3477000,-3477000
020019,統一特選台灣5GN ,0,0,0,0,0,0,0,0,0,-3478000,0,0,0,446000,3924000,-3478000,-3478000
6257,矽格            ,410000,3009000,-2599000,0,0,0,0,0,0,-926000,204000,161000,43000,45000,1014000,-969000,-3525000
2448,晶電            ,4499000,6713000,-2214000,0,0,0,46000,1547000,-1501000,41000,664000,623000,41000,0,0,0,-3674000
2887,台新金          ,9594943,14939000,-5344057,0,0,0,2032000,13000,2019000,-432000,0,10000,-10000,0,422000,-422000,-3757057
3017,奇鋐            ,431000,3984000,-3553000,0,0,0,50000,276000,-226000,-106000,36000,37000,-1000,91000,196000,-105000,-3885000
2891,中信金          ,5790857,10210000,-4419143,0,0,0,496000,22000,474000,-23000,0,9000,-9000,0,14000,-14000,-3968143
6213,聯茂            ,405000,3214376,-2809376,0,0,0,2000,1197000,-1195000,-122000,21000,2000,19000,15000,156000,-141000,-4126376
00633L,富邦上証正2     ,1516000,4753000,-3237000,0,0,0,0,0,0,-1000000,0,0,0,3265000,4265000,-1000000,-4237000
3545,敦泰            ,876000,4897000,-4021000,0,0,0,0,0,0,-323000,0,0,0,25000,348000,-323000,-4344000
4927,泰鼎-KY         ,269000,4087000,-3818000,0,0,0,0,566000,-566000,-696000,20000,296000,-276000,13000,433000,-420000,-5080000
2449,京元電子        ,748000,6867000,-6119000,0,0,0,0,0,0,-12000,46000,51000,-5000,98000,105000,-7000,-6131000
2368,金像電          ,2477000,9884000,-7407000,0,0,0,60000,315000,-255000,-221000,716000,63000,653000,246000,1120000,-874000,-7883000
3037,欣興            ,10674836,18808365,-8133529,0,0,0,747000,16000,731000,-508000,985000,1086000,-101000,229000,636000,-407000,-7910529
2409,友達            ,19149901,17262101,1887800,0,0,0,1000,8177000,-8176000,-2114000,26000,433000,-407000,83000,1790000,-1707000,-8402200
2313,華通            ,2982000,10565000,-7583000,0,0,0,621000,100000,521000,-1989000,257000,829000,-572000,543000,1960000,-1417000,-9051000
00878,國泰永續高股息  ,1276119,30000,1246119,0,0,0,0,0,0,-10771000,50000,0,50000,300000,11121000,-10821000,-9524881
3481,群創            ,28963769,38826000,-9862231,0,0,0,0,0,0,-3377000,190000,1282000,-1092000,264000,2549000,-2285000,-13239231
00637L,元大滬深300正2  ,3111000,15659000,-12548000,0,0,0,0,0,0,-4855000,50000,50000,0,25199000,30054000,-4855000,-17403000
2408,南亞科          ,4069611,22454894,-18385283,0,0,0,233000,343000,-110000,26000,236000,140000,96000,12000,82000,-70000,-18469283
00632R,元大台灣50反1   ,87554000,1107000,86447000,0,0,0,0,0,0,-107974000,0,250000,-250000,3119000,110843000,-107724000,-21527000
2371,大同            ,55266000,83423350,-28157350,0,0,0,0,45268,-45268,1347000,720000,173000,547000,800000,0,800000,-26855618
2303,聯電            ,39090279,86086770,-46996491,0,0,0,5611000,377000,5234000,7399990,5331000,423000,4908000,3529990,1038000,2491990,-34362501
