證券代號,證券名稱,外陸資買進股數(不含外資自營商),外陸資賣出股數(不含外資自營商),外陸資買賣超股數(不含外資自營商),外資自營商買進股數,外資自營商賣出股數,外資自營商買賣超股數,投信買進股數,投信賣出股數,投信買賣超股數,自營商買賣超股數,自營商買進股數(自行買賣),自營商賣出股數(自行買賣),自營商買賣超股數(自行買賣),自營商買進股數(避險),自營商賣出股數(避險),自營商買賣超股數(避險),三大法人買賣超股數
00637L,元大滬深300正2  ,939000,10657000,-9718000,0,0,0,0,0,0,40508000,330000,0,330000,77929000,37751000,40178000,30790000
00852L,國泰美國道瓊正2 ,10000,0,10000,0,0,0,0,0,0,26894000,0,0,0,40965000,14071000,26894000,26904000
2330,台積電          ,38924957,18714770,20210187,0,0,0,148820,160000,-11180,-694000,243000,554000,-311000,290000,673000,-383000,19505007
00677U,富邦VIX         ,48940000,49717000,-777000,0,0,0,0,0,0,15999000,5362000,9958000,-4596000,31000000,10405000,20595000,15222000
2888,新光金          ,22773446,10037292,12736154,0,0,0,97872,12000,85872,361000,2000,21000,-19000,505000,125000,380000,13183026
00631L,元大台灣50正2   ,2234000,914000,1320000,0,0,0,0,0,0,10318000,2000,0,2000,15701000,5385000,10316000,11638000
0050,元大台灣50      ,3582094,287000,3295094,0,0,0,69000,0,69000,1809000,75000,140000,-65000,6445000,4571000,1874000,5173094
2371,大同            ,6636000,1845000,4791000,0,0,0,12803,0,12803,0,0,0,0,0,0,0,4803803
2324,仁寶            ,9865081,5238405,4626676,0,0,0,33317,0,33317,-232000,1000,93000,-92000,0,140000,-140000,4427993
2449,京元電子        ,8422000,4179000,4243000,0,0,0,6366,14000,-7634,138000,23000,153000,-130000,343000,75000,268000,4373366
00633L,富邦上証正2     ,2927000,656000,2271000,0,0,0,0,0,0,2062000,128000,0,128000,7412000,5478000,1934000,4333000
2002,中鋼            ,10640337,6084000,4556337,0,0,0,94181,39000,55181,-384000,0,352000,-352000,0,32000,-32000,4227518
2886,兆豐金          ,17096222,12994648,4101574,0,0,0,76428,55000,21428,-94000,1000,9000,-8000,0,86000,-86000,4029002
5880,合庫金          ,11726954,7608236,4118718,0,0,0,55681,33000,22681,-126000,0,126000,-126000,0,0,0,4015399
2880,華南金          ,9086295,5087825,3998470,0,0,0,64844,56000,8844,-71000,29000,114000,-85000,14000,0,14000,3936314
2353,宏碁            ,9549793,6760278,2789515,0,0,0,12658,4000,8658,955000,595000,128000,467000,505000,17000,488000,3753173
0056,元大高股息      ,174250,122000,52250,0,0,0,0,0,0,3651000,0,0,0,8536000,4885000,3651000,3703250
2881,富邦金          ,9345208,5567203,3778005,0,0,0,58888,42000,16888,-132000,2000,1000,1000,29000,162000,-133000,3662893
2368,金像電          ,9425000,6812000,2613000,0,0,0,0,28000,-28000,1048000,1279000,251000,1028000,20000,0,20000,3633000
2883,開發金          ,12117415,8627000,3490415,0,0,0,105211,23000,82211,-34000,0,68000,-68000,34000,0,34000,3538626
2882,國泰金          ,8599896,5097627,3502269,0,0,0,66458,46000,20458,-169740,0,201740,-201740,34000,2000,32000,3352987
2323,中環            ,4331000,1062027,3268973,0,0,0,0,0,0,41000,66000,80000,-14000,60000,5000,55000,3309973
8046,南電            ,2960200,1895000,1065200,0,0,0,1964896,6000,1958896,64000,29000,61000,-32000,175000,79000,96000,3088096
00647L,元大S&P500正2   ,173000,173000,0,0,0,0,0,0,0,3057000,0,0,0,4287000,1230000,3057000,3057000
2347,聯強            ,4854000,2028618,2825382,0,0,0,11031,8000,3031,-131000,175000,236000,-61000,0,70000,-70000,2697413
056047,台積電兆豐97購02,0,0,0,0,0,0,0,0,0,2588000,0,0,0,2598000,10000,2588000,2588000
053564,台積電富邦99購01,0,10000,-10000,0,0,0,0,0,0,2498000,0,0,0,2498000,0,2498000,2488000
2454,聯發科          ,6116721,4078614,2038107,0,0,0,94747,7000,87747,101000,175000,170000,5000,161000,65000,96000,2226854
2890,永豐金          ,9239759,6969233,2270526,0,0,0,63248,46000,17248,-183000,0,185000,-185000,2000,0,2000,2104774
059286,S&P正2元富01購03,0,0,0,0,0,0,0,0,0,2088000,0,0,0,2286000,198000,2088000,2088000
2382,廣達            ,5708252,3800000,1908252,0,0,0,105542,7000,98542,79000,179000,70000,109000,10000,40000,-30000,2085794
00655L,國泰中國A50正2  ,112000,123000,-11000,0,0,0,0,0,0,2064000,0,0,0,6441000,4377000,2064000,2053000
1402,遠東新          ,5111376,1935000,3176376,0,0,0,28098,16000,12098,-1207000,52000,1279000,-1227000,20000,0,20000,1981474
3702,大聯大          ,3296000,1393803,1902197,0,0,0,32796,3000,29796,31000,203000,91000,112000,0,81000,-81000,1962993
2887,台新金          ,11413176,9446348,1966828,0,0,0,78071,31000,47071,-56000,0,46000,-46000,0,10000,-10000,1957899
00708L,元大S&P黃金正2  ,3136000,27000,3109000,0,0,0,0,0,0,-1202000,0,0,0,3966000,5168000,-1202000,1907000
00861,元大全球未來通訊,604000,2000,602000,0,0,0,0,0,0,1302000,25000,0,25000,3814000,2537000,1277000,1904000
5871,中租-KY         ,5795000,4048701,1746299,0,0,0,117610,7000,110610,19000,32000,25000,7000,30000,18000,12000,1875909
2201,裕隆            ,3088000,1270000,1818000,0,0,0,18514,0,18514,8000,0,0,0,9000,1000,8000,1844514
056918,台積電兆豐98購01,0,0,0,0,0,0,0,0,0,1798000,0,0,0,1798000,0,1798000,1798000
2823,中壽            ,6914000,4634541,2279459,0,0,0,26915,16000,10915,-507000,1000,441000,-440000,1000,68000,-67000,1783374
053563,台積電富邦97購01,0,0,0,0,0,0,0,0,0,1761000,0,0,0,1761000,0,1761000,1761000
056017,台積電群益97購04,0,0,0,0,0,0,0,0,0,1740000,0,0,0,1740000,0,1740000,1740000
6239,力成            ,3650782,2187072,1463710,0,0,0,193820,3000,190820,41000,72000,49000,23000,27000,9000,18000,1695530
2377,微星            ,3281624,1481341,1800283,0,0,0,5042,19000,-13958,-142000,4000,90000,-86000,15000,71000,-56000,1644325
3017,奇鋐            ,2161000,1060000,1101000,0,0,0,0,101000,-101000,631000,616000,0,616000,21000,6000,15000,1631000
2492,華新科          ,2826000,1282000,1544000,0,0,0,3233,2000,1233,-54000,20000,37000,-17000,90000,127000,-37000,1491233
1536,和大            ,2249000,1118000,1131000,0,0,0,64010,0,64010,296000,256000,37000,219000,108000,31000,77000,1491010
2104,國際中橡        ,2349000,859000,1490000,0,0,0,8471,2000,6471,-24000,0,24000,-24000,0,0,0,1472471
2458,義隆            ,2235000,1604473,630527,0,0,0,721025,202000,519025,316000,210000,29000,181000,176000,41000,135000,1465552
054197,台積電永昌96購07,0,0,0,0,0,0,0,0,0,1426000,0,0,0,1866000,440000,1426000,1426000
058853,日月光群益99購01,0,0,0,0,0,0,0,0,0,1400000,0,0,0,1400000,0,1400000,1400000
1314,中石化          ,2906000,1323000,1583000,0,0,0,26554,0,26554,-220000,8000,188000,-180000,4000,44000,-40000,1389554
053276,友達元大9C購01  ,0,0,0,0,0,0,0,0,0,1382000,0,0,0,1382000,0,1382000,1382000
6505,台塑化          ,2750826,1333714,1417112,0,0,0,32882,34000,-1118,-45000,0,45000,-45000,0,0,0,1370994
3034,聯詠            ,3839212,2446000,1393212,0,0,0,41439,4000,37439,-61000,4000,50000,-46000,14000,29000,-15000,1369651
056829,台積電富邦9A購01,0,0,0,0,0,0,0,0,0,1346000,0,0,0,1663000,317000,1346000,1346000
6269,台郡            ,2128000,860000,1268000,0,0,0,1547,128000,-126453,104000,101000,17000,84000,22000,2000,20000,1245547
1440,南紡            ,1482000,253000,1229000,0,0,0,0,0,0,-1000,0,1000,-1000,0,0,0,1228000
052568,漢唐凱基96購02  ,0,0,0,0,0,0,0,0,0,1195000,0,0,0,1195000,0,1195000,1195000
4958,臻鼎-KY         ,4913000,4026000,887000,0,0,0,172912,25000,147912,138000,156000,7000,149000,10000,21000,-11000,1172912
056701,國產國泰9A購01  ,0,0,0,0,0,0,0,0,0,1138000,0,0,0,1138000,0,1138000,1138000
2884,玉山金          ,14618232,13273060,1345172,0,0,0,77436,160000,-82564,-127000,19000,59000,-40000,20000,107000,-87000,1135608
6456,GIS-KY          ,1379000,398000,981000,0,0,0,76878,0,76878,73000,57000,8000,49000,25000,1000,24000,1130878
00675L,富邦臺灣加權正2 ,0,0,0,0,0,0,0,0,0,1066000,0,0,0,1905000,839000,1066000,1066000
1907,永豐餘          ,1941000,672000,1269000,0,0,0,0,33000,-33000,-197000,0,197000,-197000,0,0,0,1039000
9938,百和            ,1842001,759000,1083001,0,0,0,1068,1000,68,-55000,25000,26000,-1000,26000,80000,-54000,1028069
058120,台灣50國票99購03,0,0,0,0,0,0,0,0,0,1014000,0,0,0,1014000,0,1014000,1014000
052441,亞泥元大95購01  ,0,0,0,0,0,0,0,0,0,1010000,0,0,0,1010000,0,1010000,1010000
053631,欣興兆豐97購01  ,0,0,0,0,0,0,0,0,0,1000000,0,0,0,1000000,0,1000000,1000000
054756,世紀鋼凱基99購01,0,0,0,0,0,0,0,0,0,998000,0,0,0,998000,0,998000,998000
2615,萬海            ,1462000,431000,1031000,0,0,0,20195,7000,13195,-51000,0,51000,-51000,0,0,0,993195
2915,潤泰全          ,1545200,499600,1045600,0,0,0,1957,2000,-43,-56000,2000,37000,-35000,19000,40000,-21000,989557
1710,東聯            ,1438000,270000,1168000,0,0,0,1000,0,1000,-181000,0,181000,-181000,0,0,0,988000
056403,茂林群益98購01  ,0,0,0,0,0,0,0,0,0,981000,0,0,0,981000,0,981000,981000
2301,光寶科          ,6004903,4893182,1111721,0,0,0,10842,3000,7842,-141000,50000,140000,-90000,0,51000,-51000,978563
6213,聯茂            ,639250,613000,26250,0,0,0,827208,5000,822208,125000,135000,3000,132000,19000,26000,-7000,973458
3049,和鑫            ,2248000,1253000,995000,0,0,0,0,22000,-22000,0,0,0,0,0,0,0,973000
2313,華通            ,4777000,9855000,-5078000,0,0,0,5021209,7000,5014209,1028000,1328000,539000,789000,403000,164000,239000,964209
2338,光罩            ,1798000,906000,892000,0,0,0,0,7000,-7000,76000,68000,1000,67000,10000,1000,9000,961000
051911,大立光元大98購02,0,0,0,0,0,0,0,0,0,960000,0,0,0,960000,0,960000,960000
00830,國泰費城半導體  ,2288000,11000,2277000,0,0,0,0,0,0,-1317000,0,0,0,1143000,2460000,-1317000,960000
4904,遠傳            ,3061692,2046918,1014774,0,0,0,14905,6000,8905,-66000,0,66000,-66000,0,0,0,957679
059253,康控凱基9B購02  ,0,0,0,0,0,0,0,0,0,918000,0,0,0,918000,0,918000,918000
6251,定穎            ,1023000,1293000,-270000,0,0,0,1000000,13000,987000,199000,200000,1000,199000,0,0,0,916000
2014,中鴻            ,2079000,1121000,958000,0,0,0,0,0,0,-49000,0,49000,-49000,0,0,0,909000
1590,亞德客-KY       ,2848827,1564895,1283932,0,0,0,658,356000,-355342,-20000,0,8000,-8000,10000,22000,-12000,908590
056317,華通群益99購02  ,0,0,0,0,0,0,0,0,0,896000,0,0,0,896000,0,896000,896000
5521,工信            ,1070000,177000,893000,0,0,0,0,0,0,0,0,0,0,0,0,0,893000
052325,高股息中信99購01,0,0,0,0,0,0,0,0,0,873000,0,0,0,873000,0,873000,873000
2392,正崴            ,961000,382000,579000,0,0,0,295345,10000,285345,-13000,38000,49000,-11000,2000,4000,-2000,851345
3189,景碩            ,1246000,375000,871000,0,0,0,34,40000,-39966,19000,151000,133000,18000,3000,2000,1000,850034
056671,台灣50元富9A購01,0,0,0,0,0,0,0,0,0,827000,0,0,0,827000,0,827000,827000
3706,神達            ,1898000,1112000,786000,0,0,0,8632,2000,6632,31000,82000,73000,9000,25000,3000,22000,823632
2498,宏達電          ,1357000,511000,846000,0,0,0,5181,0,5181,-35000,36000,53000,-17000,17000,35000,-18000,816181
1714,和桐            ,1871000,985000,886000,0,0,0,0,0,0,-72000,0,72000,-72000,0,0,0,814000
2478,大毅            ,1416000,599000,817000,0,0,0,0,0,0,-10000,0,5000,-5000,12000,17000,-5000,807000
3661,世芯-KY         ,1218000,821000,397000,0,0,0,376000,0,376000,28000,15000,4000,11000,28000,11000,17000,801000
054473,鴻海中信96購02  ,0,0,0,0,0,0,0,0,0,800000,0,0,0,800000,0,800000,800000
053893,京鼎群益97購02  ,0,0,0,0,0,0,0,0,0,800000,0,0,0,800000,0,800000,800000
051304,緯創凱基96購01  ,0,0,0,0,0,0,0,0,0,800000,0,0,0,800000,0,800000,800000
058135,景碩元大99購01  ,0,0,0,0,0,0,0,0,0,798000,0,0,0,798000,0,798000,798000
059218,台積電元大99購31,0,0,0,0,0,0,0,0,0,796000,0,0,0,796000,0,796000,796000
059015,華通元富99購02  ,0,0,0,0,0,0,0,0,0,796000,0,0,0,796000,0,796000,796000
2379,瑞昱            ,2863119,2190000,673119,0,0,0,93395,3000,90395,27000,45000,38000,7000,25000,5000,20000,790514
053559,台積電國泰98購01,0,0,0,0,0,0,0,0,0,776000,0,0,0,776000,0,776000,776000
2308,台達電          ,3367514,2576000,791514,0,0,0,15045,7000,8045,-34000,0,43000,-43000,17000,8000,9000,765559
3545,敦泰            ,1969000,1220500,748500,0,0,0,0,0,0,15000,15000,0,15000,0,0,0,763500
1718,中纖            ,1312000,574000,738000,0,0,0,0,0,0,0,0,0,0,0,0,0,738000
059013,臺股指元大9A購32,0,0,0,0,0,0,0,0,0,727000,0,0,0,727000,0,727000,727000
055415,禾伸堂富邦9B購01,0,0,0,0,0,0,0,0,0,718000,0,0,0,718000,0,718000,718000
3376,新日興          ,1081000,592000,489000,0,0,0,247000,1000,246000,-18000,44000,100000,-56000,46000,8000,38000,717000
3576,聯合再生        ,2029000,1355000,674000,0,0,0,34557,0,34557,0,0,0,0,0,0,0,708557
4906,正文            ,997000,253000,744000,0,0,0,0,0,0,-37000,8000,29000,-21000,0,16000,-16000,707000
058139,臻鼎元大99購01  ,0,0,0,0,0,0,0,0,0,703000,0,0,0,703000,0,703000,703000
2515,中工            ,1418000,786000,632000,0,0,0,0,0,0,62000,60000,28000,32000,30000,0,30000,694000
00668,國泰美國道瓊    ,67000,1000,66000,0,0,0,0,0,0,611000,0,0,0,790000,179000,611000,677000
058211,國巨群益9A購02  ,0,0,0,0,0,0,0,0,0,676000,0,0,0,676000,0,676000,676000
056417,欣興中信98購01  ,0,0,0,0,0,0,0,0,0,675000,0,0,0,675000,0,675000,675000
054860,台積電群益98購01,0,0,0,0,0,0,0,0,0,675000,0,0,0,675000,0,675000,675000
057431,京鼎兆豐98購02  ,0,0,0,0,0,0,0,0,0,672000,0,0,0,682000,10000,672000,672000
051971,元金2X凱基97購02,0,0,0,0,0,0,0,0,0,665000,0,0,0,665000,0,665000,665000
042168,台灣50凱基96購01,0,0,0,0,0,0,0,0,0,656000,0,0,0,656000,0,656000,656000
054534,台積電富邦98購03,0,0,0,0,0,0,0,0,0,655000,0,0,0,655000,0,655000,655000
052313,聯電元大98購01  ,0,0,0,0,0,0,0,0,0,654000,0,0,0,658000,4000,654000,654000
2412,中華電          ,4301974,3477233,824741,0,0,0,42649,54000,-11351,-160000,4000,164000,-160000,0,0,0,653390
00850,元大臺灣ESG永續 ,1000,2000,-1000,0,0,0,0,0,0,654000,0,0,0,1438000,784000,654000,653000
058547,世紀鋼富邦9A購01,0,0,0,0,0,0,0,0,0,652000,0,0,0,652000,0,652000,652000
6153,嘉聯益          ,1482000,813000,669000,0,0,0,0,0,0,-17000,13000,52000,-39000,43000,21000,22000,652000
2601,益航            ,840000,180000,660000,0,0,0,0,15000,-15000,-1000,0,1000,-1000,0,0,0,644000
00673R,元大S&P原油反1  ,1108000,29000,1079000,0,0,0,0,0,0,-437000,0,0,0,3699000,4136000,-437000,642000
059148,百和國票9A購01  ,0,0,0,0,0,0,0,0,0,620000,0,0,0,620000,0,620000,620000
2499,東貝            ,732000,115000,617000,0,0,0,0,0,0,0,0,0,0,0,0,0,617000
054573,漢唐元大98購01  ,0,0,0,0,0,0,0,0,0,598000,0,0,0,618000,20000,598000,598000
054008,大立光元富96購06,0,0,0,0,0,0,0,0,0,597000,0,0,0,597000,0,597000,597000
056863,義隆群益98購01  ,0,0,0,0,0,0,0,0,0,595000,0,0,0,595000,0,595000,595000
3042,晶技            ,1475000,938000,537000,0,0,0,100000,1000,99000,-43000,55000,112000,-57000,31000,17000,14000,593000
3406,玉晶光          ,1916000,1123000,793000,0,0,0,44603,154854,-110251,-91000,37000,91000,-54000,68000,105000,-37000,591749
050223,聯茂元富94購02  ,0,0,0,0,0,0,0,0,0,591000,0,0,0,591000,0,591000,591000
05253P,智邦凱基95售08  ,0,0,0,0,0,0,0,0,0,585000,0,0,0,585000,0,585000,585000
4935,茂林-KY         ,1175000,1423000,-248000,0,0,0,566000,0,566000,259000,59000,0,59000,205000,5000,200000,577000
053561,玉晶光國泰98購01,0,0,0,0,0,0,0,0,0,574000,0,0,0,574000,0,574000,574000
056193,聯發科富邦99購08,0,0,0,0,0,0,0,0,0,564000,0,0,0,566000,2000,564000,564000
2352,佳世達          ,1732000,1152000,580000,0,0,0,7974,17000,-9026,-9000,40000,67000,-27000,18000,0,18000,561974
051449,玉晶光元大96購01,0,0,0,0,0,0,0,0,0,558000,0,0,0,558000,0,558000,558000
045053,聯發科元富98購01,0,0,0,0,0,0,0,0,0,552000,0,0,0,552000,0,552000,552000
05483P,國巨凱基95售07  ,0,0,0,0,0,0,0,0,0,551000,0,0,0,551000,0,551000,551000
053619,和碩群益96購01  ,0,0,0,0,0,0,0,0,0,548000,0,0,0,548000,0,548000,548000
055671,世紀鋼群益97購01,0,0,0,0,0,0,0,0,0,546000,0,0,0,546000,0,546000,546000
056242,緯創群益9A購01  ,0,0,0,0,0,0,0,0,0,545000,0,0,0,545000,0,545000,545000
6166,凌華            ,946000,405171,540829,0,0,0,0,1000,-1000,4000,0,0,0,5000,1000,4000,543829
058659,力成中信99購01  ,0,0,0,0,0,0,0,0,0,541000,0,0,0,541000,0,541000,541000
00646,元大S&P500      ,266000,121000,145000,0,0,0,0,0,0,394000,6000,0,6000,1552000,1164000,388000,539000
057259,台積電兆豐98購03,0,0,0,0,0,0,0,0,0,535000,0,0,0,535000,0,535000,535000
3006,晶豪科          ,846000,321000,525000,0,0,0,0,0,0,9000,27000,0,27000,2000,20000,-18000,534000
053761,健策國泰98購01  ,0,0,0,0,0,0,0,0,0,534000,0,0,0,534000,0,534000,534000
3338,泰碩            ,947000,685000,262000,0,0,0,310000,100000,210000,60000,36000,20000,16000,50000,6000,44000,532000
9919,康那香          ,785000,255000,530000,0,0,0,0,0,0,0,0,0,0,0,0,0,530000
054726,台積電日盛97購01,0,0,0,0,0,0,0,0,0,528000,0,0,0,528000,0,528000,528000
2455,全新            ,855000,499000,356000,0,0,0,72706,1000,71706,98000,151000,84000,67000,42000,11000,31000,525706
057457,華邦電富邦98購01,0,0,0,0,0,0,0,0,0,524000,0,0,0,524000,0,524000,524000
3682,亞太電          ,1196000,673000,523000,0,0,0,0,0,0,0,0,0,0,0,0,0,523000
052886,世紀鋼兆豐96購01,0,0,0,0,0,0,0,0,0,519000,0,0,0,539000,20000,519000,519000
058739,喬山中信99購01  ,0,0,0,0,0,0,0,0,0,517000,0,0,0,517000,0,517000,517000
054259,健策元大97購03  ,0,0,0,0,0,0,0,0,0,515000,0,0,0,531000,16000,515000,515000
056418,台光電元富98購01,0,0,0,0,0,0,0,0,0,501000,0,0,0,509000,8000,501000,501000
058733,同欣電永豐99購02,0,0,0,0,0,0,0,0,0,500000,0,0,0,500000,0,500000,500000
056118,聯詠群益97購03  ,0,0,0,0,0,0,0,0,0,500000,0,0,0,500000,0,500000,500000
050396,欣興元富94購02  ,0,0,0,0,0,0,0,0,0,500000,0,0,0,500000,0,500000,500000
056673,中石化元富9B購01,0,0,0,0,0,0,0,0,0,499000,0,0,0,499000,0,499000,499000
048153,台積電兆豐94購01,0,0,0,0,0,0,0,0,0,499000,0,0,0,499000,0,499000,499000
055512,聯詠兆豐97購01  ,0,0,0,0,0,0,0,0,0,499000,0,0,0,499000,0,499000,499000
054910,信錦凱基97購01  ,0,0,0,0,0,0,0,0,0,499000,0,0,0,499000,0,499000,499000
3704,合勤控          ,701000,206000,495000,0,0,0,0,0,0,0,0,0,0,0,0,0,495000
054943,群光元大97購01  ,0,0,0,0,0,0,0,0,0,494000,0,0,0,513000,19000,494000,494000
2360,致茂            ,1305000,574000,731000,0,0,0,1384,203000,-201616,-36000,6000,43000,-37000,2000,1000,1000,493384
052936,華通兆豐98購01  ,0,0,0,0,0,0,0,0,0,487000,0,0,0,497000,10000,487000,487000
3653,健策            ,752000,1419000,-667000,0,0,0,1193000,200000,993000,160000,44000,60000,-16000,223000,47000,176000,486000
056292,統一元大97購01  ,0,0,0,0,0,0,0,0,0,485000,0,0,0,533000,48000,485000,485000
8028,昇陽半導體      ,738000,246000,492000,0,0,0,0,0,0,-7000,0,7000,-7000,0,0,0,485000
058595,T50正2元富99購01,0,0,0,0,0,0,0,0,0,482000,0,0,0,482000,0,482000,482000
053860,台積電元大98購03,0,0,0,0,0,0,0,0,0,482000,0,0,0,482000,0,482000,482000
054046,義隆元大96購02  ,0,0,0,0,0,0,0,0,0,481000,0,0,0,977000,496000,481000,481000
05321P,鴻海凱基95售17  ,0,0,0,0,0,0,0,0,0,480000,0,0,0,490000,10000,480000,480000
051644,聯茂康和95購01  ,0,0,0,0,0,0,0,0,0,479000,0,0,0,479000,0,479000,479000
2031,新光鋼          ,678000,199000,479000,0,0,0,0,2000,-2000,0,0,0,0,0,0,0,477000
057664,台積電元大9A購03,0,0,0,0,0,0,0,0,0,476000,0,0,0,476000,0,476000,476000
052775,滬深2X國票99購02,0,0,0,0,0,0,0,0,0,476000,0,0,0,511000,35000,476000,476000
058151,台積電統一9A購04,0,0,0,0,0,0,0,0,0,475000,0,0,0,475000,0,475000,475000
9105,泰金寶-DR       ,591000,121000,470000,0,0,0,0,0,0,0,0,0,0,0,0,0,470000
8150,南茂            ,2183000,1767000,416000,0,0,0,5325,0,5325,47000,83000,0,83000,7000,43000,-36000,468325
051254,健策元大96購04  ,0,0,0,0,0,0,0,0,0,468000,0,0,0,470000,2000,468000,468000
052939,富邦金兆豐96購01,0,0,0,0,0,0,0,0,0,461000,0,0,0,461000,0,461000,461000
5264,鎧勝-KY         ,708000,255000,453000,0,0,0,5235,0,5235,2000,0,1000,-1000,6000,3000,3000,460235
054425,聯發科富邦99購03,0,0,0,0,0,0,0,0,0,457000,0,0,0,457000,0,457000,457000
058113,百和元富98購01  ,0,0,0,0,0,0,0,0,0,453000,0,0,0,770000,317000,453000,453000
00683L,元大美元指數正2 ,0,0,0,0,0,0,0,0,0,452000,0,0,0,454000,2000,452000,452000
049491,聯發科元大95購01,0,0,0,0,0,0,0,0,0,452000,0,0,0,452000,0,452000,452000
00643,群益深証中小    ,474000,52000,422000,0,0,0,0,0,0,27000,0,0,0,180000,153000,27000,449000
058848,台積電群益99購07,0,0,0,0,0,0,0,0,0,448000,0,0,0,448000,0,448000,448000
057879,電子類元大99購02,0,0,0,0,0,0,0,0,0,445000,0,0,0,445000,0,445000,445000
056135,緯創元大98購01  ,0,0,0,0,0,0,0,0,0,445000,0,0,0,458000,13000,445000,445000
1902,台紙            ,821000,380000,441000,0,0,0,0,6000,-6000,0,0,0,0,0,0,0,435000
052150,台積電富邦95購07,0,0,0,0,0,0,0,0,0,435000,0,0,0,435000,0,435000,435000
057303,喬山兆豐99購01  ,0,0,0,0,0,0,0,0,0,434000,0,0,0,434000,0,434000,434000
050101,台積電永昌96購03,0,0,0,0,0,0,0,0,0,434000,0,0,0,1014000,580000,434000,434000
057381,微星國泰9A購01  ,0,0,0,0,0,0,0,0,0,430000,0,0,0,430000,0,430000,430000
4551,智伸科          ,318000,300000,18000,0,0,0,369000,0,369000,43000,57000,15000,42000,5000,4000,1000,430000
053587,京元電元大98購01,0,0,0,0,0,0,0,0,0,429000,0,0,0,429000,0,429000,429000
2723,美食-KY         ,1183835,758275,425560,0,0,0,2507,0,2507,-6000,0,3000,-3000,0,3000,-3000,422067
2332,友訊            ,958000,494000,464000,0,0,0,0,0,0,-50000,4000,62000,-58000,8000,0,8000,414000
053632,新唐兆豐96購01  ,0,0,0,0,0,0,0,0,0,414000,0,0,0,414000,0,414000,414000
058999,台積電元大99購24,0,0,0,0,0,0,0,0,0,412000,0,0,0,412000,0,412000,412000
8464,億豐            ,1256000,965000,291000,0,0,0,155039,1000,154039,-36000,0,36000,-36000,0,0,0,409039
055052,凱美永豐97購01  ,0,0,0,0,0,0,0,0,0,405000,0,0,0,405000,0,405000,405000
059012,臺股指元大9A購31,0,0,0,0,0,0,0,0,0,402000,0,0,0,402000,0,402000,402000
058905,京鼎元大99購01  ,0,0,0,0,0,0,0,0,0,402000,0,0,0,402000,0,402000,402000
053154,聯詠元大96購01  ,0,0,0,0,0,0,0,0,0,400000,0,0,0,400000,0,400000,400000
051227,技嘉群益97購01  ,0,0,0,0,0,0,0,0,0,400000,0,0,0,400000,0,400000,400000
052028,健策群益95購02  ,0,0,0,0,0,0,0,0,0,400000,0,0,0,400000,0,400000,400000
04776P,聯發科凱基94售06,0,0,0,0,0,0,0,0,0,398000,0,0,0,520000,122000,398000,398000
5388,中磊            ,544000,144000,400000,0,0,0,1179,4000,-2821,0,8000,10000,-2000,2000,0,2000,397179
5471,松翰            ,587000,191000,396000,0,0,0,0,0,0,0,0,0,0,0,0,0,396000
057798,貿聯兆豐99購01  ,0,0,0,0,0,0,0,0,0,395000,0,0,0,395000,0,395000,395000
058698,華通元大99購05  ,0,0,0,0,0,0,0,0,0,395000,0,0,0,395000,0,395000,395000
03657C,T50反1元大99牛01,0,0,0,0,0,0,0,0,0,389000,0,0,0,461000,72000,389000,389000
058160,奇鋐元富99購01  ,0,0,0,0,0,0,0,0,0,387000,0,0,0,387000,0,387000,387000
2399,映泰            ,475000,89000,386000,0,0,0,0,0,0,0,0,0,0,0,0,0,386000
058470,台灣50日盛9B購02,0,0,0,0,0,0,0,0,0,382000,0,0,0,782000,400000,382000,382000
054072,台積電富邦98購02,0,0,0,0,0,0,0,0,0,379000,0,0,0,379000,0,379000,379000
9103,美德醫療-DR     ,445000,68000,377000,0,0,0,0,0,0,0,0,0,0,0,0,0,377000
053115,滬深2X中信97購01,0,0,0,0,0,0,0,0,0,374000,0,0,0,374000,0,374000,374000
052986,聯發科元大97購05,0,0,0,0,0,0,0,0,0,371000,0,0,0,371000,0,371000,371000
052830,台光電群益96購01,0,0,0,0,0,0,0,0,0,371000,0,0,0,371000,0,371000,371000
053387,緯創元大97購01  ,0,0,0,0,0,0,0,0,0,371000,0,0,0,371000,0,371000,371000
2456,奇力新          ,1179000,827000,352000,0,0,0,903,1000,-97,19000,40000,35000,5000,20000,6000,14000,370903
2314,台揚            ,540000,67000,473000,0,0,0,0,0,0,-114000,0,114000,-114000,0,0,0,359000
049820,世紀鋼元大96購03,0,0,0,0,0,0,0,0,0,357000,0,0,0,387000,30000,357000,357000
3450,聯鈞            ,1029000,660000,369000,0,0,0,85000,144000,-59000,43000,42000,3000,39000,11000,7000,4000,353000
2841,台開            ,700000,347000,353000,0,0,0,0,0,0,-2000,0,2000,-2000,0,0,0,351000
058174,台積電凱基9A購05,0,0,0,0,0,0,0,0,0,351000,0,0,0,351000,0,351000,351000
059181,世紀鋼元富9C購01,0,0,0,0,0,0,0,0,0,349000,0,0,0,426000,77000,349000,349000
054088,華新群益98購02  ,0,0,0,0,0,0,0,0,0,349000,0,0,0,349000,0,349000,349000
053510,聯電群益97購01  ,0,0,0,0,0,0,0,0,0,348000,0,0,0,384000,36000,348000,348000
058927,勤誠元富99購02  ,0,0,0,0,0,0,0,0,0,343000,0,0,0,393000,50000,343000,343000
051053,台光電群益95購01,0,0,0,0,0,0,0,0,0,343000,0,0,0,343000,0,343000,343000
3062,建漢            ,478000,135000,343000,0,0,0,0,0,0,-2000,0,2000,-2000,0,0,0,341000
058121,國巨國票9A購01  ,0,0,0,0,0,0,0,0,0,340000,0,0,0,340000,0,340000,340000
1217,愛之味          ,508000,168000,340000,0,0,0,0,0,0,0,0,0,0,0,0,0,340000
3665,貿聯-KY         ,677000,459000,218000,0,0,0,10441,0,10441,111000,91000,3000,88000,23000,0,23000,339441
058793,鴻海元大99購19  ,0,0,0,0,0,0,0,0,0,335000,0,0,0,340000,5000,335000,335000
058469,臺股指中信9A購05,0,0,0,0,0,0,0,0,0,334000,0,0,0,334000,0,334000,334000
9921,巨大            ,1821000,1472200,348800,0,0,0,3095,0,3095,-18000,1000,19000,-18000,0,0,0,333895
2027,大成鋼          ,834000,364000,470000,0,0,0,11721,0,11721,-150000,0,42000,-42000,0,108000,-108000,331721
2889,國票金          ,926000,523000,403000,0,0,0,17994,11000,6994,-79000,20000,99000,-79000,0,0,0,330994
059343,宏達電凱基99購04,0,0,0,0,0,0,0,0,0,330000,0,0,0,1333000,1003000,330000,330000
2340,光磊            ,687000,329000,358000,0,0,0,0,3000,-3000,-26000,2000,25000,-23000,0,3000,-3000,329000
050915,健策中信98購01  ,0,0,0,0,0,0,0,0,0,329000,0,0,0,329000,0,329000,329000
056390,台積電富邦9B購01,0,0,0,0,0,0,0,0,0,327000,0,0,0,327000,0,327000,327000
056721,台灣50永昌9A購01,0,0,0,0,0,0,0,0,0,326000,0,0,0,326000,0,326000,326000
052107,台積電統一95購06,0,0,0,0,0,0,0,0,0,324000,0,0,0,324000,0,324000,324000
2606,裕民            ,760000,414000,346000,0,0,0,4223,4000,223,-24000,0,44000,-44000,20000,0,20000,322223
00752,中信中國50      ,5000,5000,0,0,0,0,0,0,0,320000,0,0,0,783000,463000,320000,320000
059368,T50正2元富99購02,0,0,0,0,0,0,0,0,0,318000,0,0,0,380000,62000,318000,318000
059293,宏達電元富9B購01,0,0,0,0,0,0,0,0,0,316000,0,0,0,318000,2000,316000,316000
042929,台積電中信95購02,0,0,0,0,0,0,0,0,0,314000,0,0,0,314000,0,314000,314000
058379,臺股指凱基99購14,0,0,0,0,0,0,0,0,0,314000,0,0,0,314000,0,314000,314000
3698,隆達            ,574000,229000,345000,0,0,0,0,0,0,-31000,2000,36000,-34000,3000,0,3000,314000
1303,南亞            ,3382952,3072640,310312,0,0,0,42544,23000,19544,-17000,11000,28000,-17000,0,0,0,312856
057635,中鋼元大98購01  ,0,0,0,0,0,0,0,0,0,310000,0,0,0,310000,0,310000,310000
051069,智邦國票96購01  ,0,0,0,0,0,0,0,0,0,310000,0,0,0,310000,0,310000,310000
4977,眾達-KY         ,474000,322000,152000,0,0,0,54000,0,54000,103000,103000,0,103000,0,0,0,309000
045189,大立光元富98購01,0,0,0,0,0,0,0,0,0,308000,0,0,0,308000,0,308000,308000
055562,欣興凱基97購06  ,0,0,0,0,0,0,0,0,0,308000,0,0,0,339000,31000,308000,308000
4142,國光生          ,1662000,1327000,335000,0,0,0,0,0,0,-28000,0,28000,-28000,0,0,0,307000
051948,滬深2X元富9B購01,0,0,0,0,0,0,0,0,0,302000,0,0,0,302000,0,302000,302000
1312,國喬            ,1172000,940000,232000,0,0,0,0,4000,-4000,74000,94000,18000,76000,0,2000,-2000,302000
047885,元金2X富邦99購01,0,0,0,0,0,0,0,0,0,301000,0,0,0,311000,10000,301000,301000
2105,正新            ,1731683,1388000,343683,0,0,0,17869,3000,14869,-58000,4000,64000,-60000,2000,0,2000,300552
058549,藍天永豐99購01  ,0,0,0,0,0,0,0,0,0,300000,0,0,0,300000,0,300000,300000
050797,聯發科中信99購01,0,0,0,0,0,0,0,0,0,300000,0,0,0,300000,0,300000,300000
056788,日月光群益98購01,0,0,0,0,0,0,0,0,0,300000,0,0,0,300000,0,300000,300000
052752,臺股指元大96購06,0,0,0,0,0,0,0,0,0,300000,0,0,0,300000,0,300000,300000
057330,台積電國票99購03,0,0,0,0,0,0,0,0,0,299000,0,0,0,299000,0,299000,299000
054644,A50正2群益9B購01,0,0,0,0,0,0,0,0,0,296000,0,0,0,296000,0,296000,296000
059133,臺股指群益99購08,0,0,0,0,0,0,0,0,0,295000,0,0,0,582000,287000,295000,295000
057889,致新群益99購01  ,0,0,0,0,0,0,0,0,0,292000,0,0,0,302000,10000,292000,292000
020012,富邦行動通訊N   ,0,0,0,0,0,0,0,0,0,292000,0,0,0,321000,29000,292000,292000
056914,臺股指元大99購09,0,0,0,0,0,0,0,0,0,288000,0,0,0,288000,0,288000,288000
2481,強茂            ,928000,681000,247000,0,0,0,0,0,0,40000,42000,0,42000,11000,13000,-2000,287000
6670,復盛應用        ,628004,345040,282964,0,0,0,1222,0,1222,0,0,0,0,0,0,0,284186
051829,玉晶光元大98購02,0,0,0,0,0,0,0,0,0,284000,0,0,0,340000,56000,284000,284000
051688,大立光凱基97購02,0,0,0,0,0,0,0,0,0,284000,0,0,0,284000,0,284000,284000
020000,富邦特選蘋果N   ,0,0,0,0,0,0,0,0,0,283000,0,0,0,283000,0,283000,283000
059395,T50反1元富99購03,0,0,0,0,0,0,0,0,0,281000,0,0,0,1645000,1364000,281000,281000
057731,華擎國泰9A購02  ,0,0,0,0,0,0,0,0,0,280000,0,0,0,467000,187000,280000,280000
2363,矽統            ,910000,610000,300000,0,0,0,0,0,0,-20000,0,20000,-20000,0,0,0,280000
049780,智易統一94購02  ,0,0,0,0,0,0,0,0,0,280000,0,0,0,280000,0,280000,280000
054180,亞泥康和96購01  ,0,0,0,0,0,0,0,0,0,280000,0,0,0,380000,100000,280000,280000
059135,臺股指群益99購10,0,0,0,0,0,0,0,0,0,279000,0,0,0,296000,17000,279000,279000
054745,智易凱基97購01  ,0,0,0,0,0,0,0,0,0,279000,0,0,0,319000,40000,279000,279000
059150,臺股指國票99購13,0,0,0,0,0,0,0,0,0,278000,0,0,0,354000,76000,278000,278000
056284,台積電永豐97購06,0,0,0,0,0,0,0,0,0,278000,0,0,0,278000,0,278000,278000
059158,S&P正2凱基99購01,0,0,0,0,0,0,0,0,0,277000,0,0,0,411000,134000,277000,277000
055666,鴻海群益97購05  ,0,0,0,0,0,0,0,0,0,277000,0,0,0,277000,0,277000,277000
2357,華碩            ,1979632,1674407,305225,0,0,0,5112,3000,2112,-32000,8000,29000,-21000,0,11000,-11000,275337
3041,揚智            ,437000,164000,273000,0,0,0,0,0,0,2000,2000,0,2000,0,0,0,275000
058248,聯茂元大99購05  ,0,0,0,0,0,0,0,0,0,274000,0,0,0,284000,10000,274000,274000
2402,毅嘉            ,353000,81000,272000,0,0,0,0,0,0,0,0,0,0,0,0,0,272000
055414,奇力新富邦9B購01,0,0,0,0,0,0,0,0,0,271000,0,0,0,271000,0,271000,271000
057516,和鑫元富98購01  ,0,0,0,0,0,0,0,0,0,270000,0,0,0,270000,0,270000,270000
059295,大立光元富99購05,0,0,0,0,0,0,0,0,0,270000,0,0,0,303000,33000,270000,270000
058286,道瓊指國票9B購01,0,0,0,0,0,0,0,0,0,270000,0,0,0,270000,0,270000,270000
056787,健鼎群益98購01  ,0,0,0,0,0,0,0,0,0,270000,0,0,0,270000,0,270000,270000
051488,健策凱基96購04  ,0,0,0,0,0,0,0,0,0,270000,0,0,0,270000,0,270000,270000
059239,台積電凱基99購12,0,0,0,0,0,0,0,0,0,269000,0,0,0,269000,0,269000,269000
00714,群益道瓊美國地產,0,0,0,0,0,0,0,0,0,269000,0,0,0,353000,84000,269000,269000
056523,光寶科中信98購01,0,0,0,0,0,0,0,0,0,267000,0,0,0,267000,0,267000,267000
059056,技嘉凱基99購02  ,0,0,0,0,0,0,0,0,0,266000,0,0,0,288000,22000,266000,266000
6669,緯穎            ,449000,264380,184620,0,0,0,82641,2000,80641,0,7000,7000,0,4000,4000,0,265261
059566,台積電凱基9A購11,0,0,0,0,0,0,0,0,0,264000,0,0,0,775000,511000,264000,264000
050548,華固凱基95購01  ,0,0,0,0,0,0,0,0,0,262000,0,0,0,262000,0,262000,262000
055196,致新元富97購01  ,0,0,0,0,0,0,0,0,0,261000,0,0,0,323000,62000,261000,261000
055166,台積電統一97購05,0,0,0,0,0,0,0,0,0,260000,0,0,0,260000,0,260000,260000
051280,台積電兆豐95購04,0,0,0,0,0,0,0,0,0,260000,0,0,0,270000,10000,260000,260000
044717,旺宏統一94購01  ,0,0,0,0,0,0,0,0,0,260000,0,0,0,260000,0,260000,260000
055702,美律富邦98購01  ,0,0,0,0,0,0,0,0,0,258000,0,0,0,271000,13000,258000,258000
3380,明泰            ,699000,396000,303000,0,0,0,0,0,0,-47000,82000,129000,-47000,0,0,0,256000
05194P,玉晶光康和95售01,0,0,0,0,0,0,0,0,0,255000,0,0,0,291000,36000,255000,255000
058531,華通元富99購01  ,0,0,0,0,0,0,0,0,0,254000,0,0,0,254000,0,254000,254000
056515,燿華兆豐99購01  ,0,0,0,0,0,0,0,0,0,254000,0,0,0,254000,0,254000,254000
058661,臺股指中信9C購01,0,0,0,0,0,0,0,0,0,253000,0,0,0,253000,0,253000,253000
059535,玉山金凱基99購01,0,0,0,0,0,0,0,0,0,252000,0,0,0,254000,2000,252000,252000
056157,聯詠凱基97購03  ,0,0,0,0,0,0,0,0,0,252000,0,0,0,259000,7000,252000,252000
6197,佳必琪          ,313000,62000,251000,0,0,0,0,0,0,0,1000,1000,0,0,0,0,251000
3443,創意            ,639000,327000,312000,0,0,0,1271,65000,-63729,2000,3000,0,3000,7000,8000,-1000,250271
046937,聯電元大99購01  ,0,0,0,0,0,0,0,0,0,250000,0,0,0,288000,38000,250000,250000
048652,巨大元大96購01  ,0,0,0,0,0,0,0,0,0,250000,0,0,0,250000,0,250000,250000
6668,中揚光          ,346000,95000,251000,0,0,0,0,0,0,-2000,0,2000,-2000,0,0,0,249000
049252,國巨元大96購01  ,0,0,0,0,0,0,0,0,0,248000,0,0,0,248000,0,248000,248000
055344,國巨凱基97購04  ,0,0,0,0,0,0,0,0,0,248000,0,0,0,272000,24000,248000,248000
6452,康友-KY         ,403000,143358,259642,0,0,0,0,0,0,-13000,0,11000,-11000,0,2000,-2000,246642
056175,可成元富97購03  ,0,0,0,0,0,0,0,0,0,246000,0,0,0,282000,36000,246000,246000
051399,玉晶光台新96購01,0,0,0,0,0,0,0,0,0,246000,0,0,0,256000,10000,246000,246000
059525,上銀凱基99購08  ,0,0,0,0,0,0,0,0,0,245000,0,0,0,252000,7000,245000,245000
9944,新麗            ,276000,31000,245000,0,0,0,0,0,0,0,0,0,0,0,0,0,245000
00766L,台新MSCI中國正2 ,0,0,0,0,0,0,0,0,0,244000,0,0,0,299000,55000,244000,244000
055701,亞德客富邦99購01,0,0,0,0,0,0,0,0,0,244000,0,0,0,244000,0,244000,244000
056054,亞德客元大97購05,0,0,0,0,0,0,0,0,0,243000,0,0,0,243000,0,243000,243000
056378,欣興元富98購01  ,0,0,0,0,0,0,0,0,0,242000,0,0,0,242000,0,242000,242000
1795,美時            ,326000,86000,240000,0,0,0,0,0,0,2000,2000,0,2000,0,0,0,242000
1808,潤隆            ,362646,100000,262646,0,0,0,1868,0,1868,-23000,0,23000,-23000,0,0,0,241514
057919,技嘉凱基98購03  ,0,0,0,0,0,0,0,0,0,240000,0,0,0,240000,0,240000,240000
04637P,臺股指群益94售12,0,0,0,0,0,0,0,0,0,240000,0,0,0,250000,10000,240000,240000
051052,台積電群益95購01,0,0,0,0,0,0,0,0,0,240000,0,0,0,240000,0,240000,240000
059102,聯鈞元富99購01  ,0,0,0,0,0,0,0,0,0,239000,0,0,0,375000,136000,239000,239000
058109,台灣50元富9B購01,0,0,0,0,0,0,0,0,0,238000,0,0,0,238000,0,238000,238000
050992,台積電元大97購01,0,0,0,0,0,0,0,0,0,238000,0,0,0,238000,0,238000,238000
058570,臻鼎凱基9A購01  ,0,0,0,0,0,0,0,0,0,237000,0,0,0,519000,282000,237000,237000
059080,亞泥元大99購01  ,0,0,0,0,0,0,0,0,0,236000,0,0,0,236000,0,236000,236000
057609,友訊元富98購01  ,0,0,0,0,0,0,0,0,0,236000,0,0,0,246000,10000,236000,236000
05446P,緯穎元大95售04  ,0,0,0,0,0,0,0,0,0,235000,0,0,0,430000,195000,235000,235000
5215,科嘉-KY         ,184000,99000,85000,0,0,0,150000,0,150000,0,0,0,0,0,0,0,235000
058789,喬山元大99購02  ,0,0,0,0,0,0,0,0,0,232000,0,0,0,232000,0,232000,232000
052738,聯電元大98購02  ,0,0,0,0,0,0,0,0,0,231000,0,0,0,441000,210000,231000,231000
3014,聯陽            ,607000,359000,248000,0,0,0,0,7000,-7000,-10000,0,8000,-8000,1000,3000,-2000,231000
057709,電子類群益98購01,0,0,0,0,0,0,0,0,0,230000,0,0,0,230000,0,230000,230000
055456,上銀富邦99購01  ,0,0,0,0,0,0,0,0,0,230000,0,0,0,230000,0,230000,230000
052875,樺漢凱基96購02  ,0,0,0,0,0,0,0,0,0,230000,0,0,0,230000,0,230000,230000
051567,台積電富邦95購06,0,0,0,0,0,0,0,0,0,230000,0,0,0,230000,0,230000,230000
2461,光群雷          ,317000,88000,229000,0,0,0,0,0,0,0,0,0,0,0,0,0,229000
4746,台耀            ,264000,19000,245000,0,0,0,0,0,0,-17000,2000,19000,-17000,0,0,0,228000
055976,台積電統一99購03,0,0,0,0,0,0,0,0,0,227000,0,0,0,229000,2000,227000,227000
059246,奇力新凱基9A購02,0,0,0,0,0,0,0,0,0,226000,0,0,0,226000,0,226000,226000
00652,富邦印度        ,0,0,0,0,0,0,0,0,0,225000,0,0,0,471000,246000,225000,225000
054020,技嘉台新97購01  ,0,0,0,0,0,0,0,0,0,225000,0,0,0,225000,0,225000,225000
07281P,鴻海凱基99售13  ,0,0,0,0,0,0,0,0,0,225000,0,0,0,255000,30000,225000,225000
056437,台積電凱基98購11,0,0,0,0,0,0,0,0,0,224000,0,0,0,224000,0,224000,224000
07026P,超眾凱基99售03  ,0,0,0,0,0,0,0,0,0,223000,0,0,0,225000,2000,223000,223000
06508P,台灣50統一98售01,0,0,0,0,0,0,0,0,0,223000,0,0,0,223000,0,223000,223000
059291,華新科元富9B購01,0,0,0,0,0,0,0,0,0,223000,0,0,0,223000,0,223000,223000
050250,台郡凱基94購03  ,0,0,0,0,0,0,0,0,0,223000,0,0,0,231000,8000,223000,223000
059259,FBVIX中信03購06 ,0,0,0,0,0,0,0,0,0,222000,0,0,0,661000,439000,222000,222000
058971,台積電永豐99購03,0,0,0,0,0,0,0,0,0,222000,0,0,0,222000,0,222000,222000
056571,燿華元大98購02  ,0,0,0,0,0,0,0,0,0,220000,0,0,0,220000,0,220000,220000
057985,華通元富02購03  ,0,0,0,0,0,0,0,0,0,220000,0,0,0,220000,0,220000,220000
056075,瀚宇博元大97購03,0,0,0,0,0,0,0,0,0,220000,0,0,0,220000,0,220000,220000
04837P,華新科元大94售05,0,0,0,0,0,0,0,0,0,220000,0,0,0,220000,0,220000,220000
4943,康控-KY         ,560000,348151,211849,0,0,0,1740,0,1740,6000,3000,5000,-2000,32000,24000,8000,219589
057421,智原凱基98購04  ,0,0,0,0,0,0,0,0,0,219000,0,0,0,219000,0,219000,219000
059468,智邦元大99購02  ,0,0,0,0,0,0,0,0,0,219000,0,0,0,283000,64000,219000,219000
056392,玉晶光富邦9C購01,0,0,0,0,0,0,0,0,0,218000,0,0,0,218000,0,218000,218000
058982,台積電凱基99購08,0,0,0,0,0,0,0,0,0,215000,0,0,0,215000,0,215000,215000
05101P,大立光凱基95售11,0,0,0,0,0,0,0,0,0,215000,0,0,0,215000,0,215000,215000
059298,大立光元富9C購02,0,0,0,0,0,0,0,0,0,214000,0,0,0,215000,1000,214000,214000
058600,國巨元大99購15  ,0,0,0,0,0,0,0,0,0,213000,0,0,0,213000,0,213000,213000
059011,臺股指元大9A購30,0,0,0,0,0,0,0,0,0,212000,0,0,0,222000,10000,212000,212000
058907,健策元大99購04  ,0,0,0,0,0,0,0,0,0,211000,0,0,0,223000,12000,211000,211000
058603,台積電元大99購12,0,0,0,0,0,0,0,0,0,211000,0,0,0,211000,0,211000,211000
00710B,FH彭博高收益債  ,0,0,0,0,0,0,0,0,0,211000,0,0,0,311000,100000,211000,211000
054803,味全元大9A購01  ,0,0,0,0,0,0,0,0,0,211000,0,0,0,211000,0,211000,211000
057697,國巨群益98購09  ,0,0,0,0,0,0,0,0,0,210000,0,0,0,210000,0,210000,210000
057802,卜蜂元大98購01  ,0,0,0,0,0,0,0,0,0,210000,0,0,0,247000,37000,210000,210000
056912,臺股指元大99購04,0,0,0,0,0,0,0,0,0,210000,0,0,0,210000,0,210000,210000
053020,貿聯元富96購01  ,0,0,0,0,0,0,0,0,0,210000,0,0,0,210000,0,210000,210000
051799,台積電永豐96購01,0,0,0,0,0,0,0,0,0,209000,0,0,0,209000,0,209000,209000
2312,金寶            ,1305000,1086000,219000,0,0,0,0,9000,-9000,-3000,0,3000,-3000,0,0,0,207000
055503,健策元大98購05  ,0,0,0,0,0,0,0,0,0,207000,0,0,0,207000,0,207000,207000
8081,致新            ,329000,154000,175000,0,0,0,36000,2000,34000,-2000,3000,0,3000,0,5000,-5000,207000
6531,愛普            ,767000,585000,182000,0,0,0,21000,0,21000,2000,25000,23000,2000,0,0,0,205000
048911,玉晶光富邦96購01,0,0,0,0,0,0,0,0,0,204000,0,0,0,206000,2000,204000,204000
051201,台積電麥證95購02,0,0,0,0,0,0,0,0,0,204000,0,0,0,204000,0,204000,204000
3026,禾伸堂          ,675000,512900,162100,0,0,0,0,0,0,40000,45000,5000,40000,12000,12000,0,202100
058081,技嘉群益9A購03  ,0,0,0,0,0,0,0,0,0,201000,0,0,0,201000,0,201000,201000
052991,台積電台新96購01,0,0,0,0,0,0,0,0,0,201000,0,0,0,201000,0,201000,201000
055197,致新元富97購02  ,0,0,0,0,0,0,0,0,0,201000,0,0,0,266000,65000,201000,201000
055662,上銀中信99購01  ,0,0,0,0,0,0,0,0,0,201000,0,0,0,201000,0,201000,201000
058641,鴻海麥證99購02  ,0,0,0,200000,0,200000,0,0,0,200000,0,0,0,200000,0,200000,200000
057173,南亞科元大98購04,0,0,0,0,0,0,0,0,0,200000,0,0,0,200000,0,200000,200000
054781,台化群益99購01  ,0,0,0,0,0,0,0,0,0,200000,0,0,0,200000,0,200000,200000
052075,旺宏元富95購03  ,0,0,0,0,0,0,0,0,0,200000,0,0,0,200000,0,200000,200000
051840,康友國泰97購02  ,0,0,0,0,0,0,0,0,0,200000,0,0,0,200000,0,200000,200000
051968,勤誠永豐95購01  ,0,0,0,0,0,0,0,0,0,200000,0,0,0,200000,0,200000,200000
056704,健策國泰99購01  ,0,0,0,0,0,0,0,0,0,200000,0,0,0,200000,0,200000,200000
055448,健策統一97購02  ,0,0,0,0,0,0,0,0,0,200000,0,0,0,200000,0,200000,200000
052765,新日興群益97購01,0,0,0,0,0,0,0,0,0,200000,0,0,0,220000,20000,200000,200000
052553,技嘉國票96購01  ,0,0,0,0,0,0,0,0,0,200000,0,0,0,200000,0,200000,200000
054925,神達凱基97購01  ,0,0,0,0,0,0,0,0,0,200000,0,0,0,200000,0,200000,200000
050665,南電台新94購01  ,0,0,0,0,0,0,0,0,0,200000,0,0,0,200000,0,200000,200000
052963,智邦凱基96購02  ,0,0,0,0,0,0,0,0,0,199000,0,0,0,244000,45000,199000,199000
045600,道瓊指國票95購01,0,0,0,0,0,0,0,0,0,199000,0,0,0,199000,0,199000,199000
045468,健策元大94購01  ,0,0,0,0,0,0,0,0,0,199000,0,0,0,200000,1000,199000,199000
053117,大立光中信9A購02,0,0,0,0,0,0,0,0,0,198000,0,0,0,198000,0,198000,198000
1730,花仙子          ,431000,237000,194000,0,0,0,0,0,0,0,0,0,0,0,0,0,194000
00663L,國泰臺灣加權正2 ,0,0,0,0,0,0,0,0,0,194000,0,0,0,1077000,883000,194000,194000
053701,台積電兆豐96購05,0,0,0,0,0,0,0,0,0,194000,0,0,0,204000,10000,194000,194000
056605,台積電富邦9B購02,0,0,0,0,0,0,0,0,0,193000,0,0,0,193000,0,193000,193000
057944,新日興國票99購02,0,0,0,0,0,0,0,0,0,193000,0,0,0,239000,46000,193000,193000
053503,臻鼎兆豐97購01  ,0,0,0,0,0,0,0,0,0,193000,0,0,0,193000,0,193000,193000
5305,敦南            ,258000,135000,123000,0,0,0,88000,0,88000,-18000,0,18000,-18000,0,0,0,193000
2539,櫻花建          ,235000,43000,192000,0,0,0,0,0,0,0,0,0,0,0,0,0,192000
055040,台虹富邦99購01  ,0,0,0,0,0,0,0,0,0,191000,0,0,0,191000,0,191000,191000
051368,國泰金富邦97購01,0,0,0,0,0,0,0,0,0,190000,0,0,0,190000,0,190000,190000
054446,美食兆豐97購01  ,0,0,0,0,0,0,0,0,0,190000,0,0,0,190000,0,190000,190000
1434,福懋            ,949000,752000,197000,0,0,0,14751,0,14751,-22000,0,22000,-22000,0,0,0,189751
9945,潤泰新          ,1928523,1693000,235523,0,0,0,4933,3000,1933,-49000,50000,96000,-46000,2000,5000,-3000,188456
059299,欣興元富99購03  ,0,0,0,0,0,0,0,0,0,188000,0,0,0,190000,2000,188000,188000
6552,易華電          ,334000,146000,188000,0,0,0,0,0,0,0,0,0,0,0,0,0,188000
059361,玉晶光永豐99購04,0,0,0,0,0,0,0,0,0,186000,0,0,0,193000,7000,186000,186000
055439,台表科國票98購02,0,0,0,0,0,0,0,0,0,186000,0,0,0,186000,0,186000,186000
059484,臺股指群益99購18,0,0,0,0,0,0,0,0,0,184000,0,0,0,184000,0,184000,184000
1326,台化            ,3045149,2800750,244399,0,0,0,30097,17000,13097,-74000,0,48000,-48000,0,26000,-26000,183496
1218,泰山            ,722000,538000,184000,0,0,0,0,0,0,-1000,0,1000,-1000,0,0,0,183000
055469,台光電凱基97購01,0,0,0,0,0,0,0,0,0,182000,0,0,0,182000,0,182000,182000
052076,可成元富98購01  ,0,0,0,0,0,0,0,0,0,182000,0,0,0,198000,16000,182000,182000
2387,精元            ,1204000,1045000,159000,0,0,0,0,0,0,22000,13000,0,13000,9000,0,9000,181000
057323,智邦群益98購01  ,0,0,0,0,0,0,0,0,0,180000,0,0,0,200000,20000,180000,180000
058173,台積電凱基99購04,0,0,0,0,0,0,0,0,0,180000,0,0,0,184000,4000,180000,180000
06875P,台灣50永昌9A售02,0,0,0,0,0,0,0,0,0,180000,0,0,0,180000,0,180000,180000
059264,台光電中信99購02,0,0,0,0,0,0,0,0,0,180000,0,0,0,228000,48000,180000,180000
058245,訊連元大99購01  ,0,0,0,0,0,0,0,0,0,180000,0,0,0,230000,50000,180000,180000
051017,聯發科凱基95購04,0,0,0,0,0,0,0,0,0,180000,0,0,0,180000,0,180000,180000
049485,台積電元大96購03,0,0,0,0,0,0,0,0,0,180000,0,0,0,182000,2000,180000,180000
059082,華通元大99購06  ,0,0,0,0,0,0,0,0,0,179000,0,0,0,179000,0,179000,179000
058247,聯茂元大99購04  ,0,0,0,0,0,0,0,0,0,179000,0,0,0,200000,21000,179000,179000
6288,聯嘉            ,542000,364000,178000,0,0,0,0,0,0,1000,5000,4000,1000,0,0,0,179000
9907,統一實          ,475000,295000,180000,0,0,0,0,0,0,-1000,0,1000,-1000,0,0,0,179000
1722,台肥            ,566000,363000,203000,0,0,0,4382,2000,2382,-27000,0,30000,-30000,3000,0,3000,178382
059296,大立光元富99購06,0,0,0,0,0,0,0,0,0,178000,0,0,0,211000,33000,178000,178000
044963,台積電中信96購01,0,0,0,0,0,0,0,0,0,178000,0,0,0,178000,0,178000,178000
2393,億光            ,973000,779000,194000,0,0,0,0,0,0,-17000,6000,26000,-20000,9000,6000,3000,177000
053184,世紀鋼元富96購01,0,0,0,0,0,0,0,0,0,177000,0,0,0,177000,0,177000,177000
00737,國泰AI+Robo     ,99000,5000,94000,0,0,0,0,0,0,82000,0,0,0,265000,183000,82000,176000
056557,世紀鋼凱基98購02,0,0,0,0,0,0,0,0,0,175000,0,0,0,200000,25000,175000,175000
056693,國產群益98購01  ,0,0,0,0,0,0,0,0,0,175000,0,0,0,274000,99000,175000,175000
046793,聯發科元富99購01,0,0,0,0,0,0,0,0,0,175000,0,0,0,175000,0,175000,175000
051590,玉晶光元大96購02,0,0,0,0,0,0,0,0,0,175000,0,0,0,190000,15000,175000,175000
056092,亞德客元富97購02,0,0,0,0,0,0,0,0,0,174000,0,0,0,348000,174000,174000,174000
058575,智邦群益99購01  ,0,0,0,0,0,0,0,0,0,174000,0,0,0,174000,0,174000,174000
3038,全台            ,536000,368000,168000,0,0,0,0,0,0,6000,6000,0,6000,0,0,0,174000
2444,兆勁            ,207000,34000,173000,0,0,0,0,0,0,0,0,0,0,0,0,0,173000
049629,臺股指群益94購02,0,0,0,0,0,0,0,0,0,173000,0,0,0,214000,41000,173000,173000
04494P,台積電國票94售04,0,0,0,0,0,0,0,0,0,173000,0,0,0,173000,0,173000,173000
03619C,臺股指元大95牛02,0,0,0,0,0,0,0,0,0,172000,0,0,0,186000,14000,172000,172000
057546,台積電凱基02購01,0,0,0,0,0,0,0,0,0,171000,0,0,0,171000,0,171000,171000
057885,台光電群益98購04,0,0,0,0,0,0,0,0,0,171000,0,0,0,171000,0,171000,171000
049137,華通元大95購02  ,0,0,0,0,0,0,0,0,0,171000,0,0,0,171000,0,171000,171000
056641,華通凱基98購03  ,0,0,0,0,0,0,0,0,0,170000,0,0,0,170000,0,170000,170000
049798,台積電元大94購18,0,0,0,0,0,0,0,0,0,170000,0,0,0,170000,0,170000,170000
056857,國巨群益99購02  ,0,0,0,0,0,0,0,0,0,170000,0,0,0,170000,0,170000,170000
052109,可成元富95購01  ,0,0,0,0,0,0,0,0,0,170000,0,0,0,170000,0,170000,170000
053928,智易國票97購03  ,0,0,0,0,0,0,0,0,0,170000,0,0,0,170000,0,170000,170000
052362,瑞昱國票96購02  ,0,0,0,0,0,0,0,0,0,170000,0,0,0,170000,0,170000,170000
059500,鴻海元富99購11  ,0,0,0,0,0,0,0,0,0,169000,0,0,0,240000,71000,169000,169000
055065,神達永豐97購01  ,0,0,0,0,0,0,0,0,0,169000,0,0,0,170000,1000,169000,169000
050515,聯電元大96購01  ,0,0,0,0,0,0,0,0,0,169000,0,0,0,169000,0,169000,169000
3035,智原            ,534000,354000,180000,0,0,0,0,0,0,-11000,5000,13000,-8000,0,3000,-3000,169000
050536,亞泥凱基95購01  ,0,0,0,0,0,0,0,0,0,168000,0,0,0,208000,40000,168000,168000
3052,夆典            ,281000,111000,170000,0,0,0,0,0,0,-2000,0,2000,-2000,0,0,0,168000
2362,藍天            ,317000,134000,183000,0,0,0,7001,2000,5001,-21000,0,21000,-21000,0,0,0,167001
2405,浩鑫            ,184000,17000,167000,0,0,0,0,0,0,0,0,0,0,0,0,0,167000
06669P,緯穎凱基98售05  ,0,0,0,0,0,0,0,0,0,167000,0,0,0,167000,0,167000,167000
054607,台積電永豐97購03,0,0,0,0,0,0,0,0,0,167000,0,0,0,167000,0,167000,167000
6230,超眾            ,407000,280000,127000,0,0,0,83000,40000,43000,-3000,0,0,0,26000,29000,-3000,167000
4564,元翎            ,251000,84000,167000,0,0,0,0,0,0,0,0,0,0,0,0,0,167000
057917,台積電凱基98購17,0,0,0,0,0,0,0,0,0,166000,0,0,0,166000,0,166000,166000
2401,凌陽            ,414000,221000,193000,0,0,0,0,0,0,-27000,4000,31000,-27000,0,0,0,166000
052972,義隆群益96購04  ,0,0,0,0,0,0,0,0,0,166000,0,0,0,166000,0,166000,166000
06033P,可成凱基96售09  ,0,0,0,0,0,0,0,0,0,165000,0,0,0,165000,0,165000,165000
058718,台灣50元富03購01,0,0,0,0,0,0,0,0,0,164000,0,0,0,164000,0,164000,164000
2406,國碩            ,307000,141000,166000,0,0,0,0,0,0,-2000,0,2000,-2000,0,0,0,164000
06284P,台積電國票98售03,0,0,0,0,0,0,0,0,0,164000,0,0,0,164000,0,164000,164000
00665L,富邦恒生國企正2 ,109000,15000,94000,0,0,0,0,0,0,70000,0,0,0,73000,3000,70000,164000
6141,柏承            ,516000,352000,164000,0,0,0,0,0,0,0,0,0,0,0,0,0,164000
059308,T50反1元大99購07,0,0,0,0,0,0,0,0,0,163000,0,0,0,285000,122000,163000,163000
051107,鴻海統一95購05  ,0,0,0,0,0,0,0,0,0,163000,0,0,0,163000,0,163000,163000
2375,凱美            ,1039000,876311,162689,0,0,0,0,0,0,0,0,0,0,0,0,0,162689
057526,智邦元大98購10  ,0,0,0,0,0,0,0,0,0,162000,0,0,0,162000,0,162000,162000
056357,台積電元大9A購01,0,0,0,0,0,0,0,0,0,162000,0,0,0,162000,0,162000,162000
056842,全新元富98購01  ,0,0,0,0,0,0,0,0,0,162000,0,0,0,162000,0,162000,162000
8105,凌巨            ,375000,203000,172000,0,0,0,0,0,0,-10000,0,10000,-10000,0,0,0,162000
056352,鴻海元大99購01  ,0,0,0,0,0,0,0,0,0,161000,0,0,0,208000,47000,161000,161000
059002,聯發科元大99購18,0,0,0,0,0,0,0,0,0,161000,0,0,0,161000,0,161000,161000
044805,旭富凱基93購01  ,0,0,0,0,0,0,0,0,0,161000,0,0,0,161000,0,161000,161000
07278P,台灣50元富9C售03,0,0,0,0,0,0,0,0,0,161000,0,0,0,178000,17000,161000,161000
056473,奇力新元大99購02,0,0,0,0,0,0,0,0,0,160000,0,0,0,160000,0,160000,160000
056637,台光電日盛9A購01,0,0,0,0,0,0,0,0,0,160000,0,0,0,170000,10000,160000,160000
057340,玉晶光元富98購04,0,0,0,0,0,0,0,0,0,160000,0,0,0,160000,0,160000,160000
055081,健鼎中信97購01  ,0,0,0,0,0,0,0,0,0,160000,0,0,0,160000,0,160000,160000
053287,臺股指元大96購15,0,0,0,0,0,0,0,0,0,160000,0,0,0,160000,0,160000,160000
052005,矽力國泰97購02  ,0,0,0,0,0,0,0,0,0,160000,0,0,0,160000,0,160000,160000
054558,劍麟群益99購01  ,0,0,0,0,0,0,0,0,0,160000,0,0,0,160000,0,160000,160000
07142P,台灣50元大01售01,0,0,0,0,0,0,0,0,0,159000,0,0,0,159000,0,159000,159000
1455,集盛            ,259000,99000,160000,0,0,0,0,0,0,-1000,0,1000,-1000,0,0,0,159000
6196,帆宣            ,303000,149000,154000,0,0,0,0,0,0,3000,0,0,0,3000,0,3000,157000
056494,緯創國泰99購01  ,0,0,0,0,0,0,0,0,0,156000,0,0,0,156000,0,156000,156000
056379,玉晶光元富98購01,0,0,0,0,0,0,0,0,0,155000,0,0,0,458000,303000,155000,155000
07131P,緯穎元大99售06  ,0,0,0,0,0,0,0,0,0,155000,0,0,0,248000,93000,155000,155000
07074P,FBVIX凱基9A售01 ,0,0,0,0,0,0,0,0,0,155000,0,0,0,155000,0,155000,155000
054053,聯茂元大96購01  ,0,0,0,0,0,0,0,0,0,155000,0,0,0,160000,5000,155000,155000
059137,電子類群益99購01,0,0,0,0,0,0,0,0,0,154000,0,0,0,155000,1000,154000,154000
049007,玉晶光中信96購01,0,0,0,0,0,0,0,0,0,154000,0,0,0,154000,0,154000,154000
6120,達運            ,569000,398000,171000,0,0,0,0,0,0,-17000,0,17000,-17000,0,0,0,154000
3312,弘憶股          ,218000,64000,154000,0,0,0,0,0,0,0,0,0,0,0,0,0,154000
056198,台光電永豐97購02,0,0,0,0,0,0,0,0,0,153000,0,0,0,153000,0,153000,153000
00661,元大日經225     ,0,0,0,0,0,0,0,0,0,152000,0,0,0,152000,0,152000,152000
046961,大立光中信95購02,0,0,0,0,0,0,0,0,0,152000,0,0,0,167000,15000,152000,152000
057093,臻鼎元富98購02  ,0,0,0,0,0,0,0,0,0,151000,0,0,0,151000,0,151000,151000
2030,彰源            ,178000,26000,152000,0,0,0,0,0,0,-2000,0,2000,-2000,0,0,0,150000
046870,大立光統一95購01,0,0,0,0,0,0,0,0,0,150000,0,0,0,150000,0,150000,150000
054067,百和國票97購03  ,0,0,0,0,0,0,0,0,0,150000,0,0,0,150000,0,150000,150000
051843,聯發科富邦99購01,0,0,0,0,0,0,0,0,0,150000,0,0,0,160000,10000,150000,150000
058388,健策國票9A購01  ,0,0,0,0,0,0,0,0,0,150000,0,0,0,150000,0,150000,150000
056835,聯電元富99購01  ,0,0,0,0,0,0,0,0,0,150000,0,0,0,160000,10000,150000,150000
054517,高鐵元大96購01  ,0,0,0,0,0,0,0,0,0,150000,0,0,0,150000,0,150000,150000
054423,華新富邦96購01  ,0,0,0,0,0,0,0,0,0,150000,0,0,0,150000,0,150000,150000
1604,聲寶            ,228000,69000,159000,0,0,0,0,8000,-8000,-1000,0,1000,-1000,0,0,0,150000
059369,滬深2X元富9C購01,0,0,0,0,0,0,0,0,0,149000,0,0,0,172000,23000,149000,149000
055162,新唐元大97購01  ,0,0,0,0,0,0,0,0,0,149000,0,0,0,149000,0,149000,149000
3530,晶相光          ,425000,289000,136000,0,0,0,0,0,0,13000,0,0,0,13000,0,13000,149000
059093,旭富元大99購01  ,0,0,0,0,0,0,0,0,0,146000,0,0,0,146000,0,146000,146000
047505,元金2X國票9B購01,0,0,0,0,0,0,0,0,0,146000,0,0,0,146000,0,146000,146000
058358,技嘉凱基9A購01  ,0,0,0,0,0,0,0,0,0,146000,0,0,0,146000,0,146000,146000
8039,台虹            ,723000,527000,196000,0,0,0,0,0,0,-50000,16000,38000,-22000,0,28000,-28000,146000
055041,致新富邦97購01  ,0,0,0,0,0,0,0,0,0,145000,0,0,0,145000,0,145000,145000
058786,元黃金元大99購01,0,0,0,0,0,0,0,0,0,144000,0,0,0,144000,0,144000,144000
042953,鴻海台新01購01  ,0,0,0,0,0,0,0,0,0,144000,0,0,0,144000,0,144000,144000
059341,台積電凱基99購15,0,0,0,0,0,0,0,0,0,143000,0,0,0,173000,30000,143000,143000
059278,群創元大9A購04  ,0,0,0,0,0,0,0,0,0,143000,0,0,0,200000,57000,143000,143000
058514,潤泰全元大99購01,0,0,0,0,0,0,0,0,0,142000,0,0,0,282000,140000,142000,142000
059598,欣興元大99購08  ,0,0,0,0,0,0,0,0,0,142000,0,0,0,156000,14000,142000,142000
059417,上証反元大9C購01,0,0,0,0,0,0,0,0,0,142000,0,0,0,150000,8000,142000,142000
051808,美律凱基96購02  ,0,0,0,0,0,0,0,0,0,142000,0,0,0,142000,0,142000,142000
049784,台積電兆豐94購05,0,0,0,0,0,0,0,0,0,141000,0,0,0,141000,0,141000,141000
056177,嘉澤元富97購01  ,0,0,0,0,0,0,0,0,0,140000,0,0,0,140000,0,140000,140000
056312,茂林元大98購01  ,0,0,0,0,0,0,0,0,0,140000,0,0,0,140000,0,140000,140000
056595,台積電元富98購04,0,0,0,0,0,0,0,0,0,140000,0,0,0,140000,0,140000,140000
055012,茂林元富97購01  ,0,0,0,0,0,0,0,0,0,140000,0,0,0,140000,0,140000,140000
053183,大立光元富96購03,0,0,0,0,0,0,0,0,0,140000,0,0,0,140000,0,140000,140000
050760,矽力元富94購03  ,0,0,0,0,0,0,0,0,0,140000,0,0,0,150000,10000,140000,140000
047212,宏達電富邦97購01,0,0,0,0,0,0,0,0,0,140000,0,0,0,140000,0,140000,140000
8996,高力            ,1179000,1206000,-27000,0,0,0,137000,0,137000,30000,30000,0,30000,0,0,0,140000
4119,旭富            ,893000,890000,3000,0,0,0,78000,4000,74000,63000,1000,10000,-9000,92000,20000,72000,140000
058795,可成元大99購03  ,0,0,0,0,0,0,0,0,0,138000,0,0,0,141000,3000,138000,138000
2349,錸德            ,365000,227000,138000,0,0,0,0,0,0,0,0,0,0,0,0,0,138000
2489,瑞軒            ,492000,329000,163000,0,0,0,0,0,0,-25000,4000,29000,-25000,0,0,0,138000
052790,智邦兆豐97購01  ,0,0,0,0,0,0,0,0,0,138000,0,0,0,138000,0,138000,138000
3019,亞光            ,889000,780000,109000,0,0,0,1886,0,1886,27000,76000,25000,51000,7000,31000,-24000,137886
057616,聯電凱基99購01  ,0,0,0,0,0,0,0,0,0,137000,0,0,0,139000,2000,137000,137000
052809,訊芯元大97購01  ,0,0,0,0,0,0,0,0,0,137000,0,0,0,137000,0,137000,137000
053496,義隆兆豐96購02  ,0,0,0,0,0,0,0,0,0,137000,0,0,0,300000,163000,137000,137000
058276,道瓊指中信9C購01,0,0,0,0,0,0,0,0,0,137000,0,0,0,137000,0,137000,137000
057167,台積電元大99購03,0,0,0,0,0,0,0,0,0,136000,0,0,0,139000,3000,136000,136000
059426,鴻海元大99購31  ,0,0,0,0,0,0,0,0,0,135000,0,0,0,156000,21000,135000,135000
057265,聯詠兆豐98購01  ,0,0,0,0,0,0,0,0,0,134000,0,0,0,134000,0,134000,134000
053027,玉晶光富邦98購01,0,0,0,0,0,0,0,0,0,134000,0,0,0,134000,0,134000,134000
6209,今國光          ,206000,72000,134000,0,0,0,0,0,0,0,0,0,0,0,0,0,134000
053173,矽格群益97購01  ,0,0,0,0,0,0,0,0,0,133000,0,0,0,133000,0,133000,133000
051619,智邦凱基95購07  ,0,0,0,0,0,0,0,0,0,133000,0,0,0,146000,13000,133000,133000
058749,康控凱基99購03  ,0,0,0,0,0,0,0,0,0,131000,0,0,0,198000,67000,131000,131000
056467,上証2X元大98購02,0,0,0,0,0,0,0,0,0,131000,0,0,0,561000,430000,131000,131000
049434,茂林國票95購01  ,0,0,0,0,0,0,0,0,0,131000,0,0,0,131000,0,131000,131000
04751P,智邦兆豐95售02  ,0,0,0,0,0,0,0,0,0,131000,0,0,0,131000,0,131000,131000
2867,三商壽          ,1753000,1534000,219000,0,0,0,20270,0,20270,-109000,0,109000,-109000,0,0,0,130270
2417,圓剛            ,642000,512000,130000,0,0,0,0,0,0,0,0,0,0,0,0,0,130000
056223,華邦電凱基97購04,0,0,0,0,0,0,0,0,0,130000,0,0,0,130000,0,130000,130000
059142,道瓊指國票9B購02,0,0,0,0,0,0,0,0,0,130000,0,0,0,130000,0,130000,130000
058686,祥碩凱基99購03  ,0,0,0,0,0,0,0,0,0,130000,0,0,0,130000,0,130000,130000
03242P,聯電統一02售04  ,0,0,0,0,0,0,0,0,0,130000,0,0,0,130000,0,130000,130000
059377,台積電群益99購09,0,0,0,0,0,0,0,0,0,129000,0,0,0,129000,0,129000,129000
03094X,大立光元大68展08,0,0,0,0,0,0,0,0,0,129000,0,0,0,129000,0,129000,129000
058949,上銀群益99購02  ,0,0,0,0,0,0,0,0,0,128000,0,0,0,130000,2000,128000,128000
054868,國泰金群益9A購01,0,0,0,0,0,0,0,0,0,128000,0,0,0,128000,0,128000,128000
1316,上曜            ,166000,38000,128000,0,0,0,0,0,0,0,0,0,0,0,0,0,128000
059107,南茂國泰9A購01  ,0,0,0,0,0,0,0,0,0,127000,0,0,0,187000,60000,127000,127000
05188P,可成凱基95售09  ,0,0,0,0,0,0,0,0,0,127000,0,0,0,128000,1000,127000,127000
053770,元金2X元大98購01,0,0,0,0,0,0,0,0,0,127000,0,0,0,127000,0,127000,127000
4164,承業醫          ,147000,18000,129000,0,0,0,0,1000,-1000,-1000,0,1000,-1000,0,0,0,127000
058223,世芯統一9B購01  ,0,0,0,0,0,0,0,0,0,126000,0,0,0,127000,1000,126000,126000
051381,玉晶光群益98購01,0,0,0,0,0,0,0,0,0,126000,0,0,0,126000,0,126000,126000
05546P,全新元大97售01  ,0,0,0,0,0,0,0,0,0,125000,0,0,0,195000,70000,125000,125000
054201,聯詠富邦97購02  ,0,0,0,0,0,0,0,0,0,125000,0,0,0,125000,0,125000,125000
1460,宏遠            ,132000,7000,125000,0,0,0,0,0,0,0,0,0,0,0,0,0,125000
058759,義隆群益99購01  ,0,0,0,0,0,0,0,0,0,123000,0,0,0,190000,67000,123000,123000
053712,台光電凱基96購04,0,0,0,0,0,0,0,0,0,123000,0,0,0,123000,0,123000,123000
4968,立積            ,666000,543000,123000,0,0,0,0,0,0,0,0,0,0,0,0,0,123000
053405,台達電兆豐96購01,0,0,0,0,0,0,0,0,0,122000,0,0,0,124000,2000,122000,122000
00753L,中信中國50正2   ,0,0,0,0,0,0,0,0,0,122000,0,0,0,132000,10000,122000,122000
1201,味全            ,502000,380000,122000,0,0,0,0,0,0,0,0,0,0,0,0,0,122000
07145P,為升元大99售03  ,0,0,0,0,0,0,0,0,0,121000,0,0,0,141000,20000,121000,121000
1905,華紙            ,426000,286000,140000,0,0,0,0,0,0,-19000,0,19000,-19000,0,0,0,121000
058529,S&P正2元富9B購01,0,0,0,0,0,0,0,0,0,121000,0,0,0,121000,0,121000,121000
06957P,FBVIX凱基01售01 ,0,0,0,0,0,0,0,0,0,121000,0,0,0,121000,0,121000,121000
3596,智易            ,580000,445334,134666,0,0,0,0,2000,-2000,-12000,12000,12000,0,3000,15000,-12000,120666
055452,台積電元富97購03,0,0,0,0,0,0,0,0,0,120000,0,0,0,120000,0,120000,120000
052940,玉晶光兆豐97購01,0,0,0,0,0,0,0,0,0,120000,0,0,0,120000,0,120000,120000
051807,瑞昱凱基95購03  ,0,0,0,0,0,0,0,0,0,120000,0,0,0,120000,0,120000,120000
059476,道瓊指群益9C購01,0,0,0,0,0,0,0,0,0,120000,0,0,0,120000,0,120000,120000
3437,榮創            ,199000,79000,120000,0,0,0,0,0,0,0,0,0,0,0,0,0,120000
6177,達麗            ,186000,65000,121000,0,0,0,0,0,0,-1000,0,1000,-1000,0,0,0,120000
054693,神基永豐97購01  ,0,0,0,0,0,0,0,0,0,119000,0,0,0,119000,0,119000,119000
059524,FBVIX凱基9A購02 ,0,0,0,0,0,0,0,0,0,118000,0,0,0,371000,253000,118000,118000
058587,台積電中信9C購03,0,0,0,0,0,0,0,0,0,116000,0,0,0,120000,4000,116000,116000
057239,貿聯凱基98購05  ,0,0,0,0,0,0,0,0,0,116000,0,0,0,264000,148000,116000,116000
054343,世紀鋼元富96購02,0,0,0,0,0,0,0,0,0,116000,0,0,0,255000,139000,116000,116000
052042,台積電日盛95購02,0,0,0,0,0,0,0,0,0,116000,0,0,0,116000,0,116000,116000
055215,智邦凱基98購02  ,0,0,0,0,0,0,0,0,0,116000,0,0,0,138000,22000,116000,116000
058203,信邦凱基99購01  ,0,0,0,0,0,0,0,0,0,115000,0,0,0,171000,56000,115000,115000
058055,華擎統一9A購01  ,0,0,0,0,0,0,0,0,0,115000,0,0,0,115000,0,115000,115000
053513,義隆群益96購05  ,0,0,0,0,0,0,0,0,0,115000,0,0,0,115000,0,115000,115000
00645,富邦日本        ,0,0,0,0,0,0,0,0,0,114000,0,0,0,203000,89000,114000,114000
6504,南六            ,136000,22000,114000,0,0,0,0,0,0,0,0,0,0,0,0,0,114000
053438,玉晶光麥證97購02,0,0,0,105000,0,105000,0,0,0,113000,0,0,0,115000,2000,113000,113000
052482,茂林群益95購01  ,0,0,0,0,0,0,0,0,0,113000,0,0,0,113000,0,113000,113000
054129,技嘉元大96購02  ,0,0,0,0,0,0,0,0,0,112000,0,0,0,112000,0,112000,112000
2328,廣宇            ,565000,431000,134000,0,0,0,0,10000,-10000,-13000,13000,28000,-15000,2000,0,2000,111000
054716,緯穎康和97購01  ,0,0,0,0,0,0,0,0,0,111000,0,0,0,282000,171000,111000,111000
058985,可成凱基99購03  ,0,0,0,0,0,0,0,0,0,110000,0,0,0,110000,0,110000,110000
058788,喬山元大99購01  ,0,0,0,0,0,0,0,0,0,110000,0,0,0,110000,0,110000,110000
057433,上銀國票98購04  ,0,0,0,0,0,0,0,0,0,110000,0,0,0,110000,0,110000,110000
058094,祥碩元大98購09  ,0,0,0,0,0,0,0,0,0,110000,0,0,0,110000,0,110000,110000
056020,義隆群益97購01  ,0,0,0,0,0,0,0,0,0,110000,0,0,0,110000,0,110000,110000
044530,台積電富邦94購01,0,0,0,0,0,0,0,0,0,110000,0,0,0,110000,0,110000,110000
044639,京元電元富94購01,0,0,0,0,0,0,0,0,0,110000,0,0,0,110000,0,110000,110000
053361,友達元富99購01  ,0,0,0,0,0,0,0,0,0,110000,0,0,0,110000,0,110000,110000
053165,大立光群益96購03,0,0,0,0,0,0,0,0,0,110000,0,0,0,110000,0,110000,110000
053018,旺宏元富96購02  ,0,0,0,0,0,0,0,0,0,110000,0,0,0,110000,0,110000,110000
051700,深中小群益99購04,0,0,0,0,0,0,0,0,0,110000,0,0,0,120000,10000,110000,110000
1227,佳格            ,1266000,1088000,178000,0,0,0,2288,8000,-5712,-63000,4000,67000,-63000,0,0,0,109288
3059,華晶科          ,258001,149000,109001,0,0,0,0,0,0,0,0,0,0,0,0,0,109001
055971,矽力元大97購05  ,0,0,0,0,0,0,0,0,0,109000,0,0,0,110000,1000,109000,109000
053493,智邦兆豐97購02  ,0,0,0,0,0,0,0,0,0,109000,0,0,0,109000,0,109000,109000
055710,亞德客元大97購03,0,0,0,0,0,0,0,0,0,109000,0,0,0,109000,0,109000,109000
06346P,聯鈞元富97售02  ,0,0,0,0,0,0,0,0,0,108000,0,0,0,108000,0,108000,108000
056565,欣興群益98購03  ,0,0,0,0,0,0,0,0,0,108000,0,0,0,108000,0,108000,108000
056333,台積電日盛9B購01,0,0,0,0,0,0,0,0,0,108000,0,0,0,108000,0,108000,108000
058758,台積電群益99購05,0,0,0,0,0,0,0,0,0,108000,0,0,0,108000,0,108000,108000
058369,亞光凱基99購02  ,0,0,0,0,0,0,0,0,0,108000,0,0,0,125000,17000,108000,108000
056906,玉晶光元大9B購01,0,0,0,0,0,0,0,0,0,107000,0,0,0,118000,11000,107000,107000
3008,大立光          ,463262,348718,114544,0,0,0,4313,14000,-9687,2000,2000,2000,0,3000,1000,2000,106857
2850,新產            ,38000,63000,-25000,0,0,0,0,0,0,131000,135000,4000,131000,0,0,0,106000
057972,群創富邦9C購01  ,0,0,0,0,0,0,0,0,0,106000,0,0,0,116000,10000,106000,106000
058462,台積電兆豐99購01,0,0,0,0,0,0,0,0,0,106000,0,0,0,116000,10000,106000,106000
052959,聯電凱基97購01  ,0,0,0,0,0,0,0,0,0,106000,0,0,0,106000,0,106000,106000
055275,台積電元大97購19,0,0,0,0,0,0,0,0,0,106000,0,0,0,106000,0,106000,106000
3048,益登            ,183000,77000,106000,0,0,0,0,0,0,0,0,0,0,0,0,0,106000
8215,明基材          ,328000,215000,113000,0,0,0,0,7000,-7000,0,0,0,0,0,0,0,106000
2419,仲琦            ,141000,35472,105528,0,0,0,0,0,0,0,0,0,0,0,0,0,105528
058074,欣興凱基99購01  ,0,0,0,0,0,0,0,0,0,105000,0,0,0,111000,6000,105000,105000
058720,旭富元富99購01  ,0,0,0,0,0,0,0,0,0,105000,0,0,0,105000,0,105000,105000
06779P,智邦元大98售12  ,0,0,0,0,0,0,0,0,0,105000,0,0,0,130000,25000,105000,105000
052885,高鐵兆豐98購01  ,0,0,0,0,0,0,0,0,0,105000,0,0,0,120000,15000,105000,105000
059430,台積電元大99購36,0,0,0,0,0,0,0,0,0,105000,0,0,0,127000,22000,105000,105000
051863,技嘉凱基95購01  ,0,0,0,0,0,0,0,0,0,105000,0,0,0,105000,0,105000,105000
057190,立積元大9A購02  ,0,0,0,0,0,0,0,0,0,104000,0,0,0,104000,0,104000,104000
057724,亞德客國泰99購01,0,0,0,0,0,0,0,0,0,104000,0,0,0,104000,0,104000,104000
059290,全新元富99購01  ,0,0,0,0,0,0,0,0,0,104000,0,0,0,155000,51000,104000,104000
056004,南電永豐97購02  ,0,0,0,0,0,0,0,0,0,104000,0,0,0,104000,0,104000,104000
03650C,T50反1元大98牛05,0,0,0,0,0,0,0,0,0,104000,0,0,0,107000,3000,104000,104000
2908,特力            ,136000,33000,103000,0,0,0,0,0,0,0,0,0,0,0,0,0,103000
057586,台積電國票99購06,0,0,0,0,0,0,0,0,0,103000,0,0,0,103000,0,103000,103000
050526,貿聯元大95購01  ,0,0,0,0,0,0,0,0,0,103000,0,0,0,103000,0,103000,103000
059475,元石油群益99購02,0,0,0,0,0,0,0,0,0,103000,0,0,0,119000,16000,103000,103000
055429,華新科群益99購01,0,0,0,0,0,0,0,0,0,103000,0,0,0,103000,0,103000,103000
4306,炎洲            ,141000,82000,59000,0,0,0,0,0,0,44000,51000,7000,44000,0,0,0,103000
6257,矽格            ,1174000,1069382,104618,0,0,0,0,8000,-8000,6000,31000,20000,11000,5000,10000,-5000,102618
059014,SGBR2X元富03購01,0,0,0,0,0,0,0,0,0,102000,0,0,0,120000,18000,102000,102000
056904,大立光元大99購05,0,0,0,0,0,0,0,0,0,102000,0,0,0,102000,0,102000,102000
2354,鴻準            ,1605000,1512730,92270,0,0,0,29484,2000,27484,-18000,12000,30000,-18000,0,0,0,101754
055961,國泰金元大97購01,0,0,0,0,0,0,0,0,0,101000,0,0,0,101000,0,101000,101000
057248,台積電統一98購08,0,0,0,0,0,0,0,0,0,101000,0,0,0,102000,1000,101000,101000
052418,玉晶光兆豐96購01,0,0,0,0,0,0,0,0,0,101000,0,0,0,106000,5000,101000,101000
051008,大立光麥證95購01,0,0,0,101000,0,101000,0,0,0,101000,0,0,0,101000,0,101000,101000
047769,大立光元大96購01,0,0,0,0,0,0,0,0,0,101000,0,0,0,101000,0,101000,101000
4725,信昌化          ,152000,51000,101000,0,0,0,0,0,0,0,0,0,0,0,0,0,101000
6672,騰輝電子-KY     ,164000,63000,101000,0,0,0,0,0,0,0,0,0,0,0,0,0,101000
057289,力成元大98購03  ,0,0,0,0,0,0,0,0,0,100000,0,0,0,100000,0,100000,100000
057217,奇力新群益99購01,0,0,0,0,0,0,0,0,0,100000,0,0,0,100000,0,100000,100000
056240,嘉晶群益97購02  ,0,0,0,0,0,0,0,0,0,100000,0,0,0,100000,0,100000,100000
057601,中磊群益98購01  ,0,0,0,0,0,0,0,0,0,100000,0,0,0,100000,0,100000,100000
057630,茂林永豐98購01  ,0,0,0,0,0,0,0,0,0,100000,0,0,0,100000,0,100000,100000
058075,貿聯凱基99購02  ,0,0,0,0,0,0,0,0,0,100000,0,0,0,100000,0,100000,100000
057839,台積電富邦9A購02,0,0,0,0,0,0,0,0,0,100000,0,0,0,100000,0,100000,100000
059292,華新科元富9B購02,0,0,0,0,0,0,0,0,0,100000,0,0,0,100000,0,100000,100000
04476P,玉晶光元大94售05,0,0,0,0,0,0,0,0,0,100000,0,0,0,100000,0,100000,100000
048283,亞德客中信94購01,0,0,0,0,0,0,0,0,0,100000,0,0,0,100000,0,100000,100000
051505,台積電元富95購05,0,0,0,0,0,0,0,0,0,100000,0,0,0,100000,0,100000,100000
051461,聯詠國泰96購01  ,0,0,0,0,0,0,0,0,0,100000,0,0,0,100000,0,100000,100000
050486,可成元富94購05  ,0,0,0,0,0,0,0,0,0,100000,0,0,0,100000,0,100000,100000
053144,上証2X元大96購01,0,0,0,0,0,0,0,0,0,100000,0,0,0,100000,0,100000,100000
053371,滬深2X元大99購01,0,0,0,0,0,0,0,0,0,100000,0,0,0,100000,0,100000,100000
053341,聯發科國票97購03,0,0,0,0,0,0,0,0,0,100000,0,0,0,100000,0,100000,100000
053299,台泥凱基96購01  ,0,0,0,0,0,0,0,0,0,100000,0,0,0,100000,0,100000,100000
049407,台積電日盛94購02,0,0,0,0,0,0,0,0,0,100000,0,0,0,100000,0,100000,100000
050035,聯茂元大94購07  ,0,0,0,0,0,0,0,0,0,100000,0,0,0,100000,0,100000,100000
052444,友訊元大95購01  ,0,0,0,0,0,0,0,0,0,100000,0,0,0,100000,0,100000,100000
052622,貿聯兆豐97購01  ,0,0,0,0,0,0,0,0,0,100000,0,0,0,100000,0,100000,100000
052674,智邦國泰98購01  ,0,0,0,0,0,0,0,0,0,100000,0,0,0,100000,0,100000,100000
055408,力成國泰98購01  ,0,0,0,0,0,0,0,0,0,100000,0,0,0,111000,11000,100000,100000
055418,華通永豐97購01  ,0,0,0,0,0,0,0,0,0,100000,0,0,0,100000,0,100000,100000
052309,健策國泰97購01  ,0,0,0,0,0,0,0,0,0,100000,0,0,0,100000,0,100000,100000
052828,滬深2X群益9A購02,0,0,0,0,0,0,0,0,0,100000,0,0,0,100000,0,100000,100000
054346,世芯國票97購01  ,0,0,0,0,0,0,0,0,0,100000,0,0,0,100000,0,100000,100000
053969,瑞昱元大97購01  ,0,0,0,0,0,0,0,0,0,100000,0,0,0,100000,0,100000,100000
056773,晶技元大99購03  ,0,0,0,0,0,0,0,0,0,100000,0,0,0,100000,0,100000,100000
053855,康友國泰98購01  ,0,0,0,0,0,0,0,0,0,100000,0,0,0,100000,0,100000,100000
054081,聯電元富96購01  ,0,0,0,0,0,0,0,0,0,100000,0,0,0,100000,0,100000,100000
054830,世芯國泰99購01  ,0,0,0,0,0,0,0,0,0,100000,0,0,0,100000,0,100000,100000
055648,可成元富97購01  ,0,0,0,0,0,0,0,0,0,100000,0,0,0,251000,151000,100000,100000
055759,技嘉群益98購02  ,0,0,0,0,0,0,0,0,0,100000,0,0,0,100000,0,100000,100000
052167,亞泥元大96購01  ,0,0,0,0,0,0,0,0,0,100000,0,0,0,100000,0,100000,100000
4919,新唐            ,288000,121000,167000,0,0,0,0,2000,-2000,-65000,0,29000,-29000,0,36000,-36000,100000
3031,佰鴻            ,223000,121000,102000,0,0,0,0,0,0,-2000,0,2000,-2000,0,0,0,100000
1308,亞聚            ,220000,123000,97000,0,0,0,0,0,0,3000,3000,0,3000,0,0,0,100000
058521,日月光元大99購01,0,0,0,0,0,0,0,0,0,99000,0,0,0,99000,0,99000,99000
054058,晶豪科國票98購01,0,0,0,0,0,0,0,0,0,99000,0,0,0,99000,0,99000,99000
054336,台積電統一96購11,0,0,0,0,0,0,0,0,0,99000,0,0,0,99000,0,99000,99000
053553,聯詠凱基96購03  ,0,0,0,0,0,0,0,0,0,99000,0,0,0,99000,0,99000,99000
052481,利勤群益95購01  ,0,0,0,0,0,0,0,0,0,99000,0,0,0,99000,0,99000,99000
049254,台積電元大96購02,0,0,0,0,0,0,0,0,0,99000,0,0,0,101000,2000,99000,99000
051231,健策群益97購01  ,0,0,0,0,0,0,0,0,0,99000,0,0,0,99000,0,99000,99000
5434,崇越            ,518380,443000,75380,0,0,0,0,2000,-2000,25000,29000,4000,25000,0,0,0,98380
057814,聯發科元大98購12,0,0,0,0,0,0,0,0,0,98000,0,0,0,98000,0,98000,98000
057539,南茂元大98購02  ,0,0,0,0,0,0,0,0,0,98000,0,0,0,108000,10000,98000,98000
2485,兆赫            ,257000,158000,99000,0,0,0,0,0,0,-1000,0,1000,-1000,0,0,0,98000
056505,聯發科永豐98購01,0,0,0,0,0,0,0,0,0,98000,0,0,0,98000,0,98000,98000
03648C,T50反1元大96牛07,0,0,0,0,0,0,0,0,0,98000,0,0,0,100000,2000,98000,98000
053539,智易永豐96購01  ,0,0,0,0,0,0,0,0,0,98000,0,0,0,108000,10000,98000,98000
051991,泰碩元大95購02  ,0,0,0,0,0,0,0,0,0,98000,0,0,0,118000,20000,98000,98000
056334,台積電凱基98購06,0,0,0,0,0,0,0,0,0,97000,0,0,0,97000,0,97000,97000
056192,智邦富邦98購01  ,0,0,0,0,0,0,0,0,0,97000,0,0,0,97000,0,97000,97000
1734,杏輝            ,183000,86000,97000,0,0,0,0,0,0,0,0,0,0,0,0,0,97000
056375,玉晶光統一01購01,0,0,0,0,0,0,0,0,0,96000,0,0,0,96000,0,96000,96000
058515,健鼎元大99購01  ,0,0,0,0,0,0,0,0,0,96000,0,0,0,132000,36000,96000,96000
047151,台積電國票94購02,0,0,0,0,0,0,0,0,0,96000,0,0,0,96000,0,96000,96000
6226,光鼎            ,146000,50000,96000,0,0,0,0,0,0,0,0,0,0,0,0,0,96000
3645,達邁            ,173000,74000,99000,0,0,0,0,0,0,-3000,0,3000,-3000,0,0,0,96000
2538,基泰            ,170000,74000,96000,0,0,0,0,0,0,0,0,0,0,0,0,0,96000
058683,可成凱基9A購01  ,0,0,0,0,0,0,0,0,0,95000,0,0,0,95000,0,95000,95000
059242,南亞科凱基99購06,0,0,0,0,0,0,0,0,0,95000,0,0,0,95000,0,95000,95000
059138,台積電兆豐99購04,0,0,0,0,0,0,0,0,0,95000,0,0,0,97000,2000,95000,95000
057116,鴻海日盛9A購01  ,0,0,0,0,0,0,0,0,0,95000,0,0,0,100000,5000,95000,95000
056575,禾伸堂元大99購01,0,0,0,0,0,0,0,0,0,95000,0,0,0,95000,0,95000,95000
057491,美食元大98購03  ,0,0,0,0,0,0,0,0,0,95000,0,0,0,100000,5000,95000,95000
047774,台表科元大95購01,0,0,0,0,0,0,0,0,0,95000,0,0,0,95000,0,95000,95000
055062,文曄永豐97購01  ,0,0,0,0,0,0,0,0,0,95000,0,0,0,95000,0,95000,95000
053850,嘉澤元富96購03  ,0,0,0,0,0,0,0,0,0,95000,0,0,0,95000,0,95000,95000
052706,台虹國票97購01  ,0,0,0,0,0,0,0,0,0,95000,0,0,0,95000,0,95000,95000
059370,玉晶光元富99購02,0,0,0,0,0,0,0,0,0,94000,0,0,0,1643000,1549000,94000,94000
058676,聯茂群益99購01  ,0,0,0,0,0,0,0,0,0,94000,0,0,0,94000,0,94000,94000
05602P,國巨元大96售06  ,0,0,0,0,0,0,0,0,0,94000,0,0,0,94000,0,94000,94000
057961,茂林元大9A購01  ,0,0,0,0,0,0,0,0,0,94000,0,0,0,95000,1000,94000,94000
057893,亞德客元富98購03,0,0,0,0,0,0,0,0,0,94000,0,0,0,131000,37000,94000,94000
052297,旭富國票96購01  ,0,0,0,0,0,0,0,0,0,94000,0,0,0,94000,0,94000,94000
055489,瑞昱元大97購02  ,0,0,0,0,0,0,0,0,0,94000,0,0,0,94000,0,94000,94000
00701,國泰股利精選30  ,4000,10000,-6000,0,0,0,0,0,0,100000,0,0,0,1615000,1515000,100000,94000
1439,中和            ,169000,75000,94000,0,0,0,0,0,0,0,0,0,0,0,0,0,94000
059495,台灣50元富9C購02,0,0,0,0,0,0,0,0,0,92000,0,0,0,92000,0,92000,92000
058898,台積電元大99購20,0,0,0,0,0,0,0,0,0,92000,0,0,0,92000,0,92000,92000
6416,瑞祺電通        ,487000,376000,111000,0,0,0,0,0,0,-19000,10000,29000,-19000,0,0,0,92000
058855,台積電兆豐99購02,0,0,0,0,0,0,0,0,0,91000,0,0,0,105000,14000,91000,91000
057784,台積電國票9B購01,0,0,0,0,0,0,0,0,0,91000,0,0,0,95000,4000,91000,91000
052874,超眾凱基96購01  ,0,0,0,0,0,0,0,0,0,91000,0,0,0,107000,16000,91000,91000
059362,健策永豐99購03  ,0,0,0,0,0,0,0,0,0,90000,0,0,0,90000,0,90000,90000
058170,國巨凱基9A購06  ,0,0,0,0,0,0,0,0,0,90000,0,0,0,120000,30000,90000,90000
057592,美律兆豐99購01  ,0,0,0,0,0,0,0,0,0,90000,0,0,0,90000,0,90000,90000
055966,茂林元大99購01  ,0,0,0,0,0,0,0,0,0,90000,0,0,0,90000,0,90000,90000
058960,臺股指國票99購05,0,0,0,0,0,0,0,0,0,90000,0,0,0,90000,0,90000,90000
058968,T50正2永豐99購01,0,0,0,0,0,0,0,0,0,90000,0,0,0,90000,0,90000,90000
055493,華新科元大97購09,0,0,0,0,0,0,0,0,0,90000,0,0,0,90000,0,90000,90000
055513,旺宏亞東98購01  ,0,0,0,0,0,0,0,0,0,90000,0,0,0,90000,0,90000,90000
054258,牧德元大97購01  ,0,0,0,0,0,0,0,0,0,90000,0,0,0,100000,10000,90000,90000
054640,健策中信9B購01  ,0,0,0,0,0,0,0,0,0,90000,0,0,0,90000,0,90000,90000
055451,台積電元富97購02,0,0,0,0,0,0,0,0,0,90000,0,0,0,90000,0,90000,90000
053550,聯發科凱基96購15,0,0,0,0,0,0,0,0,0,90000,0,0,0,90000,0,90000,90000
052476,台光電群益98購01,0,0,0,0,0,0,0,0,0,90000,0,0,0,90000,0,90000,90000
052101,滬深2X兆豐96購01,0,0,0,0,0,0,0,0,0,90000,0,0,0,100000,10000,90000,90000
052052,嘉澤凱基95購02  ,0,0,0,0,0,0,0,0,0,90000,0,0,0,100000,10000,90000,90000
054770,健策國票98購01  ,0,0,0,0,0,0,0,0,0,90000,0,0,0,90000,0,90000,90000
048431,瑞昱國票94購01  ,0,0,0,0,0,0,0,0,0,90000,0,0,0,90000,0,90000,90000
055150,台積電元大98購04,0,0,0,0,0,0,0,0,0,90000,0,0,0,90000,0,90000,90000
050633,義隆群益96購02  ,0,0,0,0,0,0,0,0,0,90000,0,0,0,90000,0,90000,90000
4532,瑞智            ,142000,52000,90000,0,0,0,0,0,0,0,0,0,0,0,0,0,90000
3673,TPK-KY          ,1559000,1453000,106000,0,0,0,5342,0,5342,-22000,26000,62000,-36000,34000,20000,14000,89342
056441,燿華凱基98購01  ,0,0,0,0,0,0,0,0,0,89000,0,0,0,145000,56000,89000,89000
1515,力山            ,836000,736000,100000,0,0,0,0,0,0,-11000,0,10000,-10000,0,1000,-1000,89000
6533,晶心科          ,162000,71000,91000,0,0,0,0,0,0,-2000,0,2000,-2000,0,0,0,89000
056401,國巨群益98購07  ,0,0,0,0,0,0,0,0,0,88000,0,0,0,88000,0,88000,88000
057646,玉山金元大98購01,0,0,0,0,0,0,0,0,0,88000,0,0,0,88000,0,88000,88000
1732,毛寶            ,250000,164000,86000,0,0,0,0,0,0,2000,3000,1000,2000,0,0,0,88000
058014,上銀凱基99購02  ,0,0,0,0,0,0,0,0,0,88000,0,0,0,140000,52000,88000,88000
050099,台積電永昌96購01,0,0,0,0,0,0,0,0,0,88000,0,0,0,589000,501000,88000,88000
055373,聯詠元大97購03  ,0,0,0,0,0,0,0,0,0,88000,0,0,0,302000,214000,88000,88000
055381,茂林元大97購02  ,0,0,0,0,0,0,0,0,0,88000,0,0,0,88000,0,88000,88000
058663,瑞儀兆豐9A購01  ,0,0,0,0,0,0,0,0,0,87000,0,0,0,87000,0,87000,87000
03658C,T50反1元大9A牛02,0,0,0,0,0,0,0,0,0,87000,0,0,0,100000,13000,87000,87000
00650L,FH香港正2       ,0,8000,-8000,0,0,0,0,0,0,94000,0,0,0,120000,26000,94000,86000
059571,奇力新凱基99購06,0,0,0,0,0,0,0,0,0,85000,0,0,0,153000,68000,85000,85000
059400,滬深2X元富9C購04,0,0,0,0,0,0,0,0,0,85000,0,0,0,120000,35000,85000,85000
057547,技嘉凱基99購01  ,0,0,0,0,0,0,0,0,0,85000,0,0,0,85000,0,85000,85000
058847,國巨群益99購05  ,0,0,0,0,0,0,0,0,0,85000,0,0,0,105000,20000,85000,85000
03039X,元展36          ,0,0,0,0,0,0,0,0,0,85000,0,0,0,85000,0,85000,85000
051075,智邦國泰97購01  ,0,0,0,0,0,0,0,0,0,85000,0,0,0,85000,0,85000,85000
052274,大立光群益95購03,0,0,0,0,0,0,0,0,0,85000,0,0,0,90000,5000,85000,85000
054217,台表科國票97購05,0,0,0,0,0,0,0,0,0,85000,0,0,0,85000,0,85000,85000
054166,日電貿凱基98購01,0,0,0,0,0,0,0,0,0,85000,0,0,0,85000,0,85000,85000
6285,啟碁            ,521000,392000,129000,0,0,0,1780,0,1780,-45800,2000,47800,-45800,0,0,0,84980
054790,禾伸堂群益98購01,0,0,0,0,0,0,0,0,0,84000,0,0,0,84000,0,84000,84000
055744,茂林元富97購02  ,0,0,0,0,0,0,0,0,0,84000,0,0,0,84000,0,84000,84000
1810,和成            ,83000,0,83000,0,0,0,0,0,0,0,0,0,0,0,0,0,83000
059391,立積凱基9A購01  ,0,0,0,0,0,0,0,0,0,83000,0,0,0,205000,122000,83000,83000
052595,奇力新群益96購01,0,0,0,0,0,0,0,0,0,83000,0,0,0,83000,0,83000,83000
052685,技嘉元大96購01  ,0,0,0,0,0,0,0,0,0,83000,0,0,0,83000,0,83000,83000
049349,國巨康和94購01  ,0,0,0,0,0,0,0,0,0,83000,0,0,0,173000,90000,83000,83000
057835,華擎元富9B購01  ,0,0,0,0,0,0,0,0,0,82000,0,0,0,176000,94000,82000,82000
052223,聯電凱基96購02  ,0,0,0,0,0,0,0,0,0,82000,0,0,0,82000,0,82000,82000
053500,新日興兆豐97購01,0,0,0,0,0,0,0,0,0,82000,0,0,0,171000,89000,82000,82000
056977,國巨群益9A購01  ,0,0,0,0,0,0,0,0,0,82000,0,0,0,82000,0,82000,82000
2836,高雄銀          ,181000,99867,81133,0,0,0,0,0,0,0,0,0,0,0,0,0,81133
2342,茂矽            ,867000,786000,81000,0,0,0,0,0,0,0,0,0,0,0,0,0,81000
045767,大立光元富95購01,0,0,0,0,0,0,0,0,0,81000,0,0,0,81000,0,81000,81000
056532,技嘉凱基98購01  ,0,0,0,0,0,0,0,0,0,80000,0,0,0,80000,0,80000,80000
056538,國泰金凱基98購01,0,0,0,0,0,0,0,0,0,80000,0,0,0,80000,0,80000,80000
056212,台光電國票98購03,0,0,0,0,0,0,0,0,0,80000,0,0,0,80000,0,80000,80000
057840,健策富邦99購01  ,0,0,0,0,0,0,0,0,0,80000,0,0,0,80000,0,80000,80000
058546,玉晶光富邦9B購01,0,0,0,0,0,0,0,0,0,80000,0,0,0,80000,0,80000,80000
056011,矽力中信99購01  ,0,0,0,0,0,0,0,0,0,80000,0,0,0,80000,0,80000,80000
057195,南茂元大98購01  ,0,0,0,0,0,0,0,0,0,80000,0,0,0,130000,50000,80000,80000
048049,滬深反中信96購01,0,0,0,0,0,0,0,0,0,80000,0,0,0,80000,0,80000,80000
00635U,元大S&P黃金     ,5000,5000,0,0,0,0,0,0,0,80000,0,0,0,1123000,1043000,80000,80000
050281,台積電日盛94購03,0,0,0,0,0,0,0,0,0,80000,0,0,0,80000,0,80000,80000
050618,緯創元大95購01  ,0,0,0,0,0,0,0,0,0,80000,0,0,0,90000,10000,80000,80000
050791,聯發科富邦96購01,0,0,0,0,0,0,0,0,0,80000,0,0,0,80000,0,80000,80000
055155,奇力新元大99購01,0,0,0,0,0,0,0,0,0,80000,0,0,0,80000,0,80000,80000
054158,國巨日盛99購01  ,0,0,0,0,0,0,0,0,0,80000,0,0,0,144000,64000,80000,80000
051995,矽力元大95購03  ,0,0,0,0,0,0,0,0,0,80000,0,0,0,80000,0,80000,80000
052498,台積電永豐95購06,0,0,0,0,0,0,0,0,0,80000,0,0,0,80000,0,80000,80000
055532,中工群益98購01  ,0,0,0,0,0,0,0,0,0,80000,0,0,0,80000,0,80000,80000
8021,尖點            ,133000,50000,83000,0,0,0,0,0,0,-3000,0,3000,-3000,0,0,0,80000
058656,燿華中信99購01  ,0,0,0,0,0,0,0,0,0,79000,0,0,0,79000,0,79000,79000
057987,大立光元富98購02,0,0,0,0,0,0,0,0,0,79000,0,0,0,122000,43000,79000,79000
2442,新美齊          ,241000,162000,79000,0,0,0,0,0,0,0,0,0,0,0,0,0,79000
058310,大立光元大99購10,0,0,0,0,0,0,0,0,0,79000,0,0,0,79000,0,79000,79000
049986,嘉澤凱基94購02  ,0,0,0,0,0,0,0,0,0,79000,0,0,0,89000,10000,79000,79000
1442,名軒            ,107000,9000,98000,0,0,0,0,20000,-20000,1000,1000,0,1000,0,0,0,79000
3022,威強電          ,107000,28000,79000,0,0,0,0,0,0,0,0,0,0,0,0,0,79000
1809,中釉            ,149000,71000,78000,0,0,0,0,0,0,0,0,0,0,0,0,0,78000
1733,五鼎            ,132000,54000,78000,0,0,0,0,0,0,0,0,0,0,0,0,0,78000
06851P,鈺齊元大98售01  ,0,0,0,0,0,0,0,0,0,78000,0,0,0,104000,26000,78000,78000
057742,喬山永豐98購02  ,0,0,0,0,0,0,0,0,0,78000,0,0,0,100000,22000,78000,78000
056936,禾伸堂元富98購01,0,0,0,0,0,0,0,0,0,78000,0,0,0,98000,20000,78000,78000
6477,安集            ,98000,20000,78000,0,0,0,0,0,0,0,0,0,0,0,0,0,78000
4961,天鈺            ,145000,67000,78000,0,0,0,0,0,0,0,0,0,0,0,0,0,78000
056308,TPK元大97購02   ,0,0,0,0,0,0,0,0,0,77000,0,0,0,103000,26000,77000,77000
05319P,上銀凱基95售02  ,0,0,0,0,0,0,0,0,0,77000,0,0,0,77000,0,77000,77000
042793,台積電台新9C購01,0,0,0,0,0,0,0,0,0,77000,0,0,0,80000,3000,77000,77000
059159,上銀凱基99購05  ,0,0,0,0,0,0,0,0,0,76000,0,0,0,170000,94000,76000,76000
1592,英瑞-KY         ,78000,2000,76000,0,0,0,0,0,0,0,0,0,0,0,0,0,76000
057143,台郡兆豐98購01  ,0,0,0,0,0,0,0,0,0,75000,0,0,0,75000,0,75000,75000
059062,群創凱基99購05  ,0,0,0,0,0,0,0,0,0,75000,0,0,0,114000,39000,75000,75000
05642P,玉晶光兆豐97售02,0,0,0,0,0,0,0,0,0,75000,0,0,0,85000,10000,75000,75000
2605,新興            ,251000,168000,83000,0,0,0,0,5000,-5000,-3000,0,0,0,0,3000,-3000,75000
048785,台積電元大96購01,0,0,0,0,0,0,0,0,0,75000,0,0,0,75000,0,75000,75000
057534,旭富元大98購01  ,0,0,0,0,0,0,0,0,0,74000,0,0,0,82000,8000,74000,74000
3209,全科            ,100000,31000,69000,0,0,0,0,0,0,5000,5000,0,5000,0,0,0,74000
057175,美律元大98購03  ,0,0,0,0,0,0,0,0,0,74000,0,0,0,74000,0,74000,74000
059277,群創元大99購05  ,0,0,0,0,0,0,0,0,0,74000,0,0,0,97000,23000,74000,74000
059297,大立光元富9C購01,0,0,0,0,0,0,0,0,0,74000,0,0,0,123000,49000,74000,74000
059467,旺宏元大99購15  ,0,0,0,0,0,0,0,0,0,74000,0,0,0,112000,38000,74000,74000
1526,日馳            ,106000,32000,74000,0,0,0,0,0,0,0,0,0,0,0,0,0,74000
059294,宏達電元富9B購02,0,0,0,0,0,0,0,0,0,73000,0,0,0,73000,0,73000,73000
057996,臻鼎中信98購01  ,0,0,0,0,0,0,0,0,0,73000,0,0,0,73000,0,73000,73000
059036,可成群益9B購03  ,0,0,0,0,0,0,0,0,0,73000,0,0,0,73000,0,73000,73000
054556,世芯凱基99購01  ,0,0,0,0,0,0,0,0,0,73000,0,0,0,73000,0,73000,73000
00728,第一金工業30    ,0,0,0,0,0,0,0,0,0,73000,0,0,0,705000,632000,73000,73000
2484,希華            ,141000,69000,72000,0,0,0,0,0,0,0,0,0,0,0,0,0,72000
00636,國泰中國A50     ,81000,62000,19000,0,0,0,0,0,0,53000,0,0,0,331000,278000,53000,72000
058443,T50正2富邦01購01,0,0,0,0,0,0,0,0,0,72000,0,0,0,72000,0,72000,72000
1449,佳和            ,91000,19000,72000,0,0,0,0,0,0,0,0,0,0,0,0,0,72000
057296,智原永豐98購01  ,0,0,0,0,0,0,0,0,0,71000,0,0,0,71000,0,71000,71000
059209,華通元大99購08  ,0,0,0,0,0,0,0,0,0,71000,0,0,0,71000,0,71000,71000
054195,亞泥國泰98購01  ,0,0,0,0,0,0,0,0,0,71000,0,0,0,71000,0,71000,71000
054417,牧德元大96購01  ,0,0,0,0,0,0,0,0,0,71000,0,0,0,71000,0,71000,71000
04006P,滬深2X國票9B售01,0,0,0,0,0,0,0,0,0,71000,0,0,0,71000,0,71000,71000
047995,台達電元大96購01,0,0,0,0,0,0,0,0,0,71000,0,0,0,71000,0,71000,71000
048633,台達電元大94購02,0,0,0,0,0,0,0,0,0,71000,0,0,0,171000,100000,71000,71000
07238P,台灣50國票99售07,0,0,0,0,0,0,0,0,0,71000,0,0,0,74000,3000,71000,71000
5531,鄉林            ,346000,245000,101000,0,0,0,0,0,0,-30000,0,30000,-30000,0,0,0,71000
8341,日友            ,198000,125000,73000,0,0,0,438,0,438,-3000,0,3000,-3000,0,0,0,70438
059132,臺股指群益99購07,0,0,0,0,0,0,0,0,0,70000,0,0,0,139000,69000,70000,70000
057945,京鼎國票99購03  ,0,0,0,0,0,0,0,0,0,70000,0,0,0,70000,0,70000,70000
057309,南茂兆豐99購01  ,0,0,0,0,0,0,0,0,0,70000,0,0,0,70000,0,70000,70000
057397,茂林中信9A購01  ,0,0,0,0,0,0,0,0,0,70000,0,0,0,70000,0,70000,70000
057382,聯發科國泰9A購01,0,0,0,0,0,0,0,0,0,70000,0,0,0,70000,0,70000,70000
056655,旺宏元大99購02  ,0,0,0,0,0,0,0,0,0,70000,0,0,0,70000,0,70000,70000
06418P,T50反1統一9A售02,0,0,0,0,0,0,0,0,0,70000,0,0,0,70000,0,70000,70000
057558,致新凱基98購01  ,0,0,0,0,0,0,0,0,0,70000,0,0,0,70000,0,70000,70000
049954,健策群益95購01  ,0,0,0,0,0,0,0,0,0,70000,0,0,0,70000,0,70000,70000
049114,玉晶光統一94購02,0,0,0,0,0,0,0,0,0,70000,0,0,0,70000,0,70000,70000
05011P,南電國泰96售01  ,0,0,0,0,0,0,0,0,0,70000,0,0,0,70000,0,70000,70000
053153,大立光元大99購02,0,0,0,0,0,0,0,0,0,70000,0,0,0,70000,0,70000,70000
050496,鴻海富邦96購01  ,0,0,0,0,0,0,0,0,0,70000,0,0,0,70000,0,70000,70000
04834P,鴻海元大94售17  ,0,0,0,0,0,0,0,0,0,70000,0,0,0,70000,0,70000,70000
054374,信邦中信96購01  ,0,0,0,0,0,0,0,0,0,70000,0,0,0,70000,0,70000,70000
053494,南亞科兆豐96購02,0,0,0,0,0,0,0,0,0,70000,0,0,0,70000,0,70000,70000
05536P,奇力新元大96售03,0,0,0,0,0,0,0,0,0,70000,0,0,0,70000,0,70000,70000
4155,訊映            ,143000,73000,70000,0,0,0,0,0,0,0,0,0,0,0,0,0,70000
2426,鼎元            ,213000,137000,76000,0,0,0,0,0,0,-7000,0,7000,-7000,0,0,0,69000
1760,寶齡富錦        ,128000,39000,89000,0,0,0,0,0,0,-20000,0,20000,-20000,0,0,0,69000
057478,智邦元大99購01  ,0,0,0,0,0,0,0,0,0,69000,0,0,0,70000,1000,69000,69000
055850,聯詠元大97購06  ,0,0,0,0,0,0,0,0,0,69000,0,0,0,134000,65000,69000,69000
054614,玉晶光永豐97購03,0,0,0,0,0,0,0,0,0,69000,0,0,0,69000,0,69000,69000
6451,訊芯-KY         ,669000,631000,38000,0,0,0,0,0,0,31000,7000,11000,-4000,36000,1000,35000,69000
1315,達新            ,180000,103000,77000,0,0,0,0,3000,-3000,-5000,0,5000,-5000,0,0,0,69000
058995,台達電元大99購01,0,0,0,0,0,0,0,0,0,68000,0,0,0,70000,2000,68000,68000
06650P,聯發科元大98售09,0,0,0,0,0,0,0,0,0,68000,0,0,0,68000,0,68000,68000
056817,國巨永豐98購04  ,0,0,0,0,0,0,0,0,0,68000,0,0,0,68000,0,68000,68000
049383,健策元大95購01  ,0,0,0,0,0,0,0,0,0,68000,0,0,0,70000,2000,68000,68000
3617,碩天            ,139000,67000,72000,0,0,0,0,3000,-3000,-1000,1000,2000,-1000,0,0,0,68000
058633,台灣50兆豐99購01,0,0,0,0,0,0,0,0,0,67000,0,0,0,77000,10000,67000,67000
050168,緯創富邦95購01  ,0,0,0,0,0,0,0,0,0,67000,0,0,0,67000,0,67000,67000
6491,晶碩            ,103000,36000,67000,0,0,0,0,0,0,0,0,0,0,0,0,0,67000
9955,佳龍            ,98000,31000,67000,0,0,0,0,0,0,0,0,0,0,0,0,0,67000
058489,台灣50群益9B購01,0,0,0,0,0,0,0,0,0,66000,0,0,0,66000,0,66000,66000
059512,晶豪科永豐99購02,0,0,0,0,0,0,0,0,0,66000,0,0,0,91000,25000,66000,66000
059118,晶技永豐9A購01  ,0,0,0,0,0,0,0,0,0,66000,0,0,0,66000,0,66000,66000
059233,台灣50凱基9C購02,0,0,0,0,0,0,0,0,0,66000,0,0,0,66000,0,66000,66000
055160,玉晶光元大99購03,0,0,0,0,0,0,0,0,0,66000,0,0,0,66000,0,66000,66000
059222,聯發科元大99購22,0,0,0,0,0,0,0,0,0,65000,0,0,0,65000,0,65000,65000
057030,滬深反元大9B購01,0,0,0,0,0,0,0,0,0,65000,0,0,0,65000,0,65000,65000
059005,嘉晶元大99購06  ,0,0,0,0,0,0,0,0,0,65000,0,0,0,65000,0,65000,65000
057548,微星凱基99購01  ,0,0,0,0,0,0,0,0,0,65000,0,0,0,65000,0,65000,65000
2425,承啟            ,141000,76000,65000,0,0,0,0,0,0,0,0,0,0,0,0,0,65000
051578,智邦元大96購01  ,0,0,0,0,0,0,0,0,0,65000,0,0,0,115000,50000,65000,65000
049477,泰鼎永豐94購01  ,0,0,0,0,0,0,0,0,0,65000,0,0,0,65000,0,65000,65000
047418,智邦富邦97購01  ,0,0,0,0,0,0,0,0,0,65000,0,0,0,65000,0,65000,65000
051946,健策統一98購01  ,0,0,0,0,0,0,0,0,0,65000,0,0,0,65000,0,65000,65000
054727,台積電日盛97購02,0,0,0,0,0,0,0,0,0,65000,0,0,0,65000,0,65000,65000
053729,聯茂凱基96購05  ,0,0,0,0,0,0,0,0,0,65000,0,0,0,75000,10000,65000,65000
2542,興富發          ,1312000,1211000,101000,0,0,0,7389,0,7389,-44000,57000,101000,-44000,0,0,0,64389
059252,聯詠凱基99購03  ,0,0,0,0,0,0,0,0,0,64000,0,0,0,101000,37000,64000,64000
059364,昇陽半永豐99購02,0,0,0,0,0,0,0,0,0,64000,0,0,0,64000,0,64000,64000
052917,大立光富邦99購02,0,0,0,0,0,0,0,0,0,64000,0,0,0,64000,0,64000,64000
052923,台積電永豐96購02,0,0,0,0,0,0,0,0,0,64000,0,0,0,64000,0,64000,64000
059324,智易元大99購04  ,0,0,0,0,0,0,0,0,0,63000,0,0,0,63000,0,63000,63000
054208,台積電國票97購07,0,0,0,0,0,0,0,0,0,63000,0,0,0,63000,0,63000,63000
054109,南亞科凱基96購05,0,0,0,0,0,0,0,0,0,63000,0,0,0,289000,226000,63000,63000
053983,樺漢元大97購02  ,0,0,0,0,0,0,0,0,0,63000,0,0,0,63000,0,63000,63000
056913,臺股指元大99購05,0,0,0,0,0,0,0,0,0,63000,0,0,0,63000,0,63000,63000
058343,台積電群益99購02,0,0,0,0,0,0,0,0,0,63000,0,0,0,63000,0,63000,63000
1731,美吾華          ,91000,29000,62000,0,0,0,0,0,0,0,0,0,0,0,0,0,62000
2642,宅配通          ,82000,20000,62000,0,0,0,0,0,0,0,0,0,0,0,0,0,62000
055303,鈺齊元大97購01  ,0,0,0,0,0,0,0,0,0,62000,0,0,0,62000,0,62000,62000
052818,智邦永豐96購01  ,0,0,0,0,0,0,0,0,0,62000,0,0,0,62000,0,62000,62000
045678,華新科元大95購01,0,0,0,0,0,0,0,0,0,62000,0,0,0,62000,0,62000,62000
050801,元金2X群益98購01,0,0,0,0,0,0,0,0,0,62000,0,0,0,62000,0,62000,62000
07170P,臺股指國票99售07,0,0,0,0,0,0,0,0,0,62000,0,0,0,62000,0,62000,62000
8101,華冠            ,64000,2000,62000,0,0,0,0,0,0,0,0,0,0,0,0,0,62000
056199,美律永豐97購01  ,0,0,0,0,0,0,0,0,0,61000,0,0,0,61000,0,61000,61000
050651,大立光凱基96購02,0,0,0,0,0,0,0,0,0,61000,0,0,0,91000,30000,61000,61000
050553,緯穎凱基94購06  ,0,0,0,0,0,0,0,0,0,61000,0,0,0,71000,10000,61000,61000
03670C,元油2X元富99牛01,0,0,0,0,0,0,0,0,0,61000,0,0,0,73000,12000,61000,61000
048261,鴻海元富95購01  ,0,0,0,0,0,0,0,0,0,61000,0,0,0,61000,0,61000,61000
055369,友訊元大97購01  ,0,0,0,0,0,0,0,0,0,61000,0,0,0,81000,20000,61000,61000
05427P,聯發科凱基96售07,0,0,0,0,0,0,0,0,0,61000,0,0,0,61000,0,61000,61000
058406,聯茂元大99購06  ,0,0,0,0,0,0,0,0,0,61000,0,0,0,207000,146000,61000,61000
054912,群光凱基97購01  ,0,0,0,0,0,0,0,0,0,61000,0,0,0,66000,5000,61000,61000
4190,佐登-KY         ,104000,43000,61000,0,0,0,0,0,0,0,0,0,0,0,0,0,61000
056462,訊芯凱基98購03  ,0,0,0,0,0,0,0,0,0,60000,0,0,0,60000,0,60000,60000
056547,臻鼎凱基99購01  ,0,0,0,0,0,0,0,0,0,60000,0,0,0,60000,0,60000,60000
056553,啟碁凱基98購02  ,0,0,0,0,0,0,0,0,0,60000,0,0,0,60000,0,60000,60000
056486,樺漢元大98購04  ,0,0,0,0,0,0,0,0,0,60000,0,0,0,60000,0,60000,60000
057347,國巨統一9A購03  ,0,0,0,0,0,0,0,0,0,60000,0,0,0,60000,0,60000,60000
057207,立積元富98購02  ,0,0,0,0,0,0,0,0,0,60000,0,0,0,90000,30000,60000,60000
057240,茂林凱基9A購01  ,0,0,0,0,0,0,0,0,0,60000,0,0,0,60000,0,60000,60000
058893,元油2X元大9C購10,0,0,0,0,0,0,0,0,0,60000,0,0,0,60000,0,60000,60000
06473P,鴻海元大99售03  ,0,0,0,0,0,0,0,0,0,60000,0,0,0,60000,0,60000,60000
057110,立積群益98購01  ,0,0,0,0,0,0,0,0,0,60000,0,0,0,60000,0,60000,60000
057088,上銀元富98購01  ,0,0,0,0,0,0,0,0,0,60000,0,0,0,60000,0,60000,60000
05609P,國泰金凱基96售01,0,0,0,0,0,0,0,0,0,60000,0,0,0,60000,0,60000,60000
058205,神達凱基9B購01  ,0,0,0,0,0,0,0,0,0,60000,0,0,0,60000,0,60000,60000
054870,新日興群益98購01,0,0,0,0,0,0,0,0,0,60000,0,0,0,70000,10000,60000,60000
054210,台光電國票97購03,0,0,0,0,0,0,0,0,0,60000,0,0,0,60000,0,60000,60000
055533,大立光群益97購03,0,0,0,0,0,0,0,0,0,60000,0,0,0,60000,0,60000,60000
053565,台光電富邦98購01,0,0,0,0,0,0,0,0,0,60000,0,0,0,60000,0,60000,60000
055421,玉晶光永豐98購04,0,0,0,0,0,0,0,0,0,60000,0,0,0,60000,0,60000,60000
055450,台積電元富97購01,0,0,0,0,0,0,0,0,0,60000,0,0,0,60000,0,60000,60000
05266P,華新科元大95售11,0,0,0,0,0,0,0,0,0,60000,0,0,0,60000,0,60000,60000
052489,義隆國票96購02  ,0,0,0,0,0,0,0,0,0,60000,0,0,0,60000,0,60000,60000
052454,力成元大95購02  ,0,0,0,0,0,0,0,0,0,60000,0,0,0,60000,0,60000,60000
051133,台積電永豐95購02,0,0,0,0,0,0,0,0,0,60000,0,0,0,60000,0,60000,60000
036630,玉山金台新99購01,0,0,0,0,0,0,0,0,0,60000,0,0,0,60000,0,60000,60000
051020,健策凱基96購02  ,0,0,0,0,0,0,0,0,0,60000,0,0,0,60000,0,60000,60000
046896,臻鼎群益94購01  ,0,0,0,0,0,0,0,0,0,60000,0,0,0,60000,0,60000,60000
053005,微星永豐96購01  ,0,0,0,0,0,0,0,0,0,60000,0,0,0,60000,0,60000,60000
05522P,友達元富96售02  ,0,0,0,0,0,0,0,0,0,60000,0,0,0,150000,90000,60000,60000
048624,美律台新93購01  ,0,0,0,0,0,0,0,0,0,60000,0,0,0,60000,0,60000,60000
050315,和碩兆豐95購01  ,0,0,0,0,0,0,0,0,0,60000,0,0,0,60000,0,60000,60000
049004,聯發科中信96購01,0,0,0,0,0,0,0,0,0,60000,0,0,0,60000,0,60000,60000
04892P,聯發科元大94售14,0,0,0,0,0,0,0,0,0,60000,0,0,0,60000,0,60000,60000
1532,勤美            ,140000,80000,60000,0,0,0,0,0,0,0,0,0,0,0,0,0,60000
059238,台積電凱基99購11,0,0,0,0,0,0,0,0,0,59000,0,0,0,59000,0,59000,59000
056233,超眾凱基97購02  ,0,0,0,0,0,0,0,0,0,59000,0,0,0,68000,9000,59000,59000
056356,台積電元大99購01,0,0,0,0,0,0,0,0,0,59000,0,0,0,59000,0,59000,59000
044927,聯詠國泰94購01  ,0,0,0,0,0,0,0,0,0,59000,0,0,0,89000,30000,59000,59000
055425,聚陽群益99購01  ,0,0,0,0,0,0,0,0,0,59000,0,0,0,59000,0,59000,59000
053709,台達電凱基96購04,0,0,0,0,0,0,0,0,0,59000,0,0,0,60000,1000,59000,59000
054819,裕民元大9A購01  ,0,0,0,0,0,0,0,0,0,59000,0,0,0,529000,470000,59000,59000
058581,大立光群益99購05,0,0,0,0,0,0,0,0,0,58000,0,0,0,60000,2000,58000,58000
052251,台光電永豐95購03,0,0,0,0,0,0,0,0,0,58000,0,0,0,58000,0,58000,58000
045768,大立光元富95購02,0,0,0,0,0,0,0,0,0,58000,0,0,0,58000,0,58000,58000
08506P,台灣50中信96售02,0,0,0,0,0,0,0,0,0,58000,0,0,0,58000,0,58000,58000
9911,櫻花            ,209000,155000,54000,0,0,0,0,3000,-3000,7000,9000,2000,7000,0,0,0,58000
059250,大立光凱基99購06,0,0,0,0,0,0,0,0,0,57000,0,0,0,70000,13000,57000,57000
05742P,可成元大96售04  ,0,0,0,0,0,0,0,0,0,57000,0,0,0,57000,0,57000,57000
048460,盛群凱基94購01  ,0,0,0,0,0,0,0,0,0,57000,0,0,0,57000,0,57000,57000
048937,玉晶光永豐95購01,0,0,0,0,0,0,0,0,0,57000,0,0,0,57000,0,57000,57000
055468,智邦凱基97購04  ,0,0,0,0,0,0,0,0,0,57000,0,0,0,79000,22000,57000,57000
052789,台積電麥證96購01,0,0,0,59000,0,59000,0,0,0,57000,0,0,0,59000,2000,57000,57000
058901,美律元大99購07  ,0,50000,-50000,0,0,0,0,0,0,106000,0,0,0,106000,0,106000,56000
06337P,祥碩元大97售05  ,0,0,0,0,0,0,0,0,0,56000,0,0,0,248000,192000,56000,56000
06885P,國巨國票99售06  ,0,0,0,0,0,0,0,0,0,56000,0,0,0,56000,0,56000,56000
054373,富邦金中信97購01,0,0,0,0,0,0,0,0,0,56000,0,0,0,56000,0,56000,56000
052984,漢唐元大96購01  ,0,0,0,0,0,0,0,0,0,56000,0,0,0,56000,0,56000,56000
00685L,群益臺灣加權正2 ,0,0,0,0,0,0,0,0,0,56000,0,0,0,65000,9000,56000,56000
057206,立積元富98購01  ,0,0,0,0,0,0,0,0,0,55000,0,0,0,77000,22000,55000,55000
059367,台灣50元富01購03,0,0,0,0,0,0,0,0,0,55000,0,0,0,68000,13000,55000,55000
058568,宏達電凱基9A購02,0,0,0,0,0,0,0,0,0,55000,0,0,0,104000,49000,55000,55000
056651,聯茂凱基98購04  ,0,0,0,0,0,0,0,0,0,55000,0,0,0,55000,0,55000,55000
047285,鴻海統一95購02  ,0,0,0,0,0,0,0,0,0,55000,0,0,0,55000,0,55000,55000
049483,台積電元大94購12,0,0,0,0,0,0,0,0,0,55000,0,0,0,55000,0,55000,55000
055612,台光電國票97購04,0,0,0,0,0,0,0,0,0,55000,0,0,0,55000,0,55000,55000
052528,茂林元大95購05  ,0,0,0,0,0,0,0,0,0,55000,0,0,0,55000,0,55000,55000
058419,聯發科麥證99購02,0,0,0,36000,0,36000,0,0,0,55000,0,0,0,55000,0,55000,55000
6024,群益期          ,83000,28000,55000,0,0,0,0,0,0,0,0,0,0,0,0,0,55000
4552,力達-KY         ,125000,70000,55000,0,0,0,0,0,0,0,0,0,0,0,0,0,55000
056615,燿華永豐98購02  ,0,0,0,0,0,0,0,0,0,54000,0,0,0,54000,0,54000,54000
056291,聯茂永豐97購03  ,0,0,0,0,0,0,0,0,0,54000,0,0,0,54000,0,54000,54000
058830,健策永豐99購02  ,0,0,0,0,0,0,0,0,0,54000,0,0,0,54000,0,54000,54000
055996,矽力國泰99購01  ,0,0,0,0,0,0,0,0,0,54000,0,0,0,54000,0,54000,54000
058504,台積電元大99購07,0,0,0,0,0,0,0,0,0,54000,0,0,0,54000,0,54000,54000
057977,台光電永豐98購02,0,0,0,0,0,0,0,0,0,54000,0,0,0,54000,0,54000,54000
053625,國巨兆豐96購03  ,0,0,0,0,0,0,0,0,0,54000,0,0,0,54000,0,54000,54000
054404,新日興康和96購01,0,0,0,0,0,0,0,0,0,54000,0,0,0,54000,0,54000,54000
054718,可成永豐97購01  ,0,0,0,0,0,0,0,0,0,54000,0,0,0,71000,17000,54000,54000
3622,洋華            ,72000,18000,54000,0,0,0,0,0,0,0,0,0,0,0,0,0,54000
057810,技嘉元大98購06  ,0,0,0,0,0,0,0,0,0,53000,0,0,0,53000,0,53000,53000
056639,國產康和98購01  ,0,0,0,0,0,0,0,0,0,53000,0,0,0,53000,0,53000,53000
052943,奇力新國票96購02,0,0,0,0,0,0,0,0,0,53000,0,0,0,53000,0,53000,53000
054163,燿華凱基97購02  ,0,0,0,0,0,0,0,0,0,53000,0,0,0,53000,0,53000,53000
050492,漢唐國泰96購01  ,0,0,0,0,0,0,0,0,0,53000,0,0,0,53000,0,53000,53000
047316,大立光元大94購01,0,0,0,0,0,0,0,0,0,53000,0,0,0,53000,0,53000,53000
044088,國巨元富95購01  ,0,0,0,0,0,0,0,0,0,53000,0,0,0,53000,0,53000,53000
3705,永信            ,114000,61000,53000,0,0,0,0,0,0,0,0,0,0,0,0,0,53000
056381,台虹元富98購01  ,0,0,0,0,0,0,0,0,0,52000,0,0,0,52000,0,52000,52000
057515,智原元富98購02  ,0,0,0,0,0,0,0,0,0,52000,0,0,0,52000,0,52000,52000
058721,立積元富9C購01  ,0,0,0,0,0,0,0,0,0,52000,0,0,0,130000,78000,52000,52000
059215,台積電元大99購28,0,0,0,0,0,0,0,0,0,52000,0,0,0,52000,0,52000,52000
01003T,兆豐新光R1      ,55000,3000,52000,0,0,0,0,0,0,0,0,0,0,0,0,0,52000
050189,旭富元大94購01  ,0,0,0,0,0,0,0,0,0,52000,0,0,0,74000,22000,52000,52000
053889,致茂群益97購01  ,0,0,0,0,0,0,0,0,0,52000,0,0,0,52000,0,52000,52000
058359,瑞昱凱基99購01  ,0,0,0,0,0,0,0,0,0,52000,0,0,0,52000,0,52000,52000
053713,漢唐凱基96購04  ,0,0,0,0,0,0,0,0,0,52000,0,0,0,52000,0,52000,52000
8011,台通            ,79000,25000,54000,0,0,0,0,0,0,-2000,0,2000,-2000,0,0,0,52000
056173,廣達元富97購01  ,0,0,0,0,0,0,0,0,0,51000,0,0,0,51000,0,51000,51000
058472,亞德客凱基9A購01,0,0,0,0,0,0,0,0,0,51000,0,0,0,51000,0,51000,51000
059040,訊芯群益99購03  ,0,0,0,0,0,0,0,0,0,51000,0,0,0,51000,0,51000,51000
2702,華園            ,61000,10000,51000,0,0,0,0,0,0,0,0,0,0,0,0,0,51000
055307,瑞昱群益97購02  ,0,0,0,0,0,0,0,0,0,51000,0,0,0,51000,0,51000,51000
048874,玉晶光國票96購01,0,0,0,0,0,0,0,0,0,51000,0,0,0,51000,0,51000,51000
050522,聯發科元大95購03,0,0,0,0,0,0,0,0,0,51000,0,0,0,56000,5000,51000,51000
04797P,華新科元大94售04,0,0,0,0,0,0,0,0,0,51000,0,0,0,51000,0,51000,51000
04798P,牧德元大95售02  ,0,0,0,0,0,0,0,0,0,51000,0,0,0,62000,11000,51000,51000
1789,神隆            ,847000,796489,50511,0,0,0,0,0,0,0,0,0,0,0,0,0,50511
055983,全新元富9A購02  ,0,0,0,0,0,0,0,0,0,50000,0,0,0,50000,0,50000,50000
056516,晶豪科兆豐98購01,0,0,0,0,0,0,0,0,0,50000,0,0,0,50000,0,50000,50000
056524,欣興中信98購02  ,0,0,0,0,0,0,0,0,0,50000,0,0,0,50000,0,50000,50000
056246,祥碩群益97購01  ,0,0,0,0,0,0,0,0,0,50000,0,0,0,50000,0,50000,50000
056607,貿聯富邦99購02  ,0,0,0,0,0,0,0,0,0,50000,0,0,0,50000,0,50000,50000
056694,欣興群益98購04  ,0,0,0,0,0,0,0,0,0,50000,0,0,0,50000,0,50000,50000
055822,臺股指國票97購09,0,0,0,0,0,0,0,0,0,50000,0,0,0,50000,0,50000,50000
058487,晶技國票9A購01  ,0,0,0,0,0,0,0,0,0,50000,0,0,0,50000,0,50000,50000
058118,瑞昱群益99購01  ,0,0,0,0,0,0,0,0,0,50000,0,0,0,50000,0,50000,50000
056187,京鼎統一97購01  ,0,0,0,0,0,0,0,0,0,50000,0,0,0,50000,0,50000,50000
05774P,臺股指凱基99售04,0,0,0,0,0,0,0,0,0,50000,0,0,0,50000,0,50000,50000
057091,華新科元富9A購01,0,0,0,0,0,0,0,0,0,50000,0,0,0,50000,0,50000,50000
059234,台灣50凱基9C購03,0,0,0,0,0,0,0,0,0,50000,0,0,0,50000,0,50000,50000
059309,滬深2X元大99購02,0,0,0,0,0,0,0,0,0,50000,0,0,0,50000,0,50000,50000
06967P,台郡台新99售02  ,0,0,0,0,0,0,0,0,0,50000,0,0,0,50000,0,50000,50000
06865P,亞德客元大98售04,0,0,0,0,0,0,0,0,0,50000,0,0,0,60000,10000,50000,50000
051268,創意富邦97購01  ,0,0,0,0,0,0,0,0,0,50000,0,0,0,50000,0,50000,50000
051230,聯詠群益95購01  ,0,0,0,0,0,0,0,0,0,50000,0,0,0,50000,0,50000,50000
051038,健策台新95購01  ,0,0,0,0,0,0,0,0,0,50000,0,0,0,50000,0,50000,50000
048532,大立光國票93購06,0,0,0,0,0,0,0,0,0,50000,0,0,0,50000,0,50000,50000
051471,國巨凱基97購01  ,0,0,0,0,0,0,0,0,0,50000,0,0,0,50000,0,50000,50000
051487,健策凱基96購03  ,0,0,0,0,0,0,0,0,0,50000,0,0,0,50000,0,50000,50000
00660,元大歐洲50      ,0,0,0,0,0,0,0,0,0,50000,0,0,0,70000,20000,50000,50000
050685,緯穎元富94購02  ,0,0,0,0,0,0,0,0,0,50000,0,0,0,50000,0,50000,50000
055082,台郡中信97購01  ,0,0,0,0,0,0,0,0,0,50000,0,0,0,50000,0,50000,50000
049900,台積電元富94購06,0,0,0,0,0,0,0,0,0,50000,0,0,0,50000,0,50000,50000
050309,亞泥兆豐94購01  ,0,0,0,0,0,0,0,0,0,50000,0,0,0,50000,0,50000,50000
050140,台郡第一94購01  ,0,0,0,0,0,0,0,0,0,50000,0,0,0,50000,0,50000,50000
051582,聯發科元大97購02,0,0,0,0,0,0,0,0,0,50000,0,0,0,50000,0,50000,50000
052798,滬深2X元大96購07,0,0,0,0,0,0,0,0,0,50000,0,0,0,50000,0,50000,50000
052644,聯發科永豐96購01,0,0,0,0,0,0,0,0,0,50000,0,0,0,50000,0,50000,50000
053588,聯發科元大97購07,0,0,0,0,0,0,0,0,0,50000,0,0,0,50000,0,50000,50000
054643,上証2X群益9B購01,0,0,0,0,0,0,0,0,0,50000,0,0,0,50000,0,50000,50000
054656,深中小元大97購01,0,0,0,0,0,0,0,0,0,50000,0,0,0,50000,0,50000,50000
054585,禾伸堂國泰99購01,0,0,0,0,0,0,0,0,0,50000,0,0,0,50000,0,50000,50000
054364,智伸科凱基96購01,0,0,0,0,0,0,0,0,0,50000,0,0,0,50000,0,50000,50000
054361,技嘉凱基96購01  ,0,0,0,0,0,0,0,0,0,50000,0,0,0,50000,0,50000,50000
054418,茂林元大97購01  ,0,0,0,0,0,0,0,0,0,50000,0,0,0,50000,0,50000,50000
056973,T50反1永昌9C購01,0,0,0,0,0,0,0,0,0,50000,0,0,0,50000,0,50000,50000
058507,美律元大9A購01  ,0,0,0,0,0,0,0,0,0,50000,0,0,0,50000,0,50000,50000
056979,微星群益98購01  ,0,0,0,0,0,0,0,0,0,50000,0,0,0,50000,0,50000,50000
056735,國巨凱基99購02  ,0,0,0,0,0,0,0,0,0,50000,0,0,0,50000,0,50000,50000
056745,聯茂凱基99購03  ,0,0,0,0,0,0,0,0,0,50000,0,0,0,50000,0,50000,50000
058250,台虹元大99購01  ,0,0,0,0,0,0,0,0,0,50000,0,0,0,80000,30000,50000,50000
054815,台積電元大97購14,0,0,0,0,0,0,0,0,0,50000,0,0,0,50000,0,50000,50000
054786,全新群益99購02  ,0,0,0,0,0,0,0,0,0,50000,0,0,0,50000,0,50000,50000
054919,興富發凱基97購01,0,0,0,0,0,0,0,0,0,50000,0,0,0,55000,5000,50000,50000
052097,GIS元大95購05   ,0,0,0,0,0,0,0,0,0,50000,0,0,0,50000,0,50000,50000
2609,陽明            ,428000,415000,13000,0,0,0,36465,0,36465,0,0,0,0,0,0,0,49465
2636,台驊投控        ,81000,32000,49000,0,0,0,0,0,0,0,0,0,0,0,0,0,49000
06470P,臺股指凱基99售10,0,0,0,0,0,0,0,0,0,49000,0,0,0,49000,0,49000,49000
057719,欣興元富02購01  ,0,0,0,0,0,0,0,0,0,49000,0,0,0,49000,0,49000,49000
057847,聯茂永豐98購01  ,0,0,0,0,0,0,0,0,0,49000,0,0,0,49000,0,49000,49000
052851,滬深2X元富96購02,0,0,0,0,0,0,0,0,0,49000,0,0,0,49000,0,49000,49000
055357,欣興凱基97購04  ,0,0,0,0,0,0,0,0,0,49000,0,0,0,56000,7000,49000,49000
048732,台勝科麥證95購01,0,0,0,61000,12000,49000,0,0,0,49000,0,0,0,61000,12000,49000,49000
04792P,智邦元大94售06  ,0,0,0,0,0,0,0,0,0,49000,0,0,0,66000,17000,49000,49000
6139,亞翔            ,102000,37000,65000,0,0,0,0,12000,-12000,-4000,0,4000,-4000,0,0,0,49000
2439,美律            ,657000,312000,345000,0,0,0,1614,210000,-208386,-88000,5000,26000,-21000,2000,69000,-67000,48614
2331,精英            ,103000,50000,53000,0,0,0,0,0,0,-5000,0,5000,-5000,0,0,0,48000
056577,玉晶光元大99購06,0,0,0,0,0,0,0,0,0,48000,0,0,0,48000,0,48000,48000
059486,A50正2兆豐9A購01,0,0,0,0,0,0,0,0,0,48000,0,0,0,48000,0,48000,48000
06620P,聯發科元大98售07,0,0,0,0,0,0,0,0,0,48000,0,0,0,48000,0,48000,48000
059153,臺股指國票99購16,0,0,0,0,0,0,0,0,0,48000,0,0,0,48000,0,48000,48000
059351,台虹凱基99購01  ,0,0,0,0,0,0,0,0,0,48000,0,0,0,48000,0,48000,48000
050370,台積電元大94購24,0,0,0,0,0,0,0,0,0,48000,0,0,0,48000,0,48000,48000
052691,GIS元大96購01   ,0,0,0,0,0,0,0,0,0,48000,0,0,0,49000,1000,48000,48000
053746,彰銀康和96購01  ,0,0,0,0,0,0,0,0,0,48000,0,0,0,257000,209000,48000,48000
4540,全球傳動        ,96000,48000,48000,0,0,0,0,0,0,0,0,0,0,0,0,0,48000
059260,國巨中信99購05  ,0,0,0,0,0,0,0,0,0,47000,0,0,0,48000,1000,47000,47000
057272,台積電元大98購14,0,0,0,0,0,0,0,0,0,47000,0,0,0,51000,4000,47000,47000
057550,聯發科凱基02購01,0,0,0,0,0,0,0,0,0,47000,0,0,0,47000,0,47000,47000
054594,國巨麥證97購01  ,0,0,0,0,0,0,0,0,0,47000,0,0,0,47000,0,47000,47000
054548,鴻海凱基98購03  ,0,0,0,0,0,0,0,0,0,47000,0,0,0,47000,0,47000,47000
049497,茂林元大94購04  ,0,0,0,0,0,0,0,0,0,47000,0,0,0,50000,3000,47000,47000
051665,台積電元大96購07,0,0,0,0,0,0,0,0,0,47000,0,0,0,47000,0,47000,47000
051722,玉晶光永豐97購01,0,0,0,0,0,0,0,0,0,47000,0,0,0,333000,286000,47000,47000
1321,大洋            ,113000,64000,49000,0,0,0,0,0,0,-2000,0,2000,-2000,0,0,0,47000
6592,和潤企業        ,267000,271000,-4000,0,0,0,51000,0,51000,0,0,0,0,0,0,0,47000
9941,裕融            ,217000,160600,56400,0,0,0,1868,0,1868,-12000,0,12000,-12000,0,0,0,46268
2010,春源            ,54000,8000,46000,0,0,0,0,0,0,0,0,0,0,0,0,0,46000
055828,上銀元大97購05  ,0,0,0,0,0,0,0,0,0,46000,0,0,0,46000,0,46000,46000
059216,台積電元大99購29,0,0,0,0,0,0,0,0,0,46000,0,0,0,46000,0,46000,46000
057692,臺股指凱基98購10,0,0,0,0,0,0,0,0,0,46000,0,0,0,46000,0,46000,46000
059531,華新科凱基9B購02,0,0,0,0,0,0,0,0,0,46000,0,0,0,59000,13000,46000,46000
057939,鈺齊群益98購02  ,0,0,0,0,0,0,0,0,0,46000,0,0,0,69000,23000,46000,46000
03935P,可成富邦95售01  ,0,0,0,0,0,0,0,0,0,46000,0,0,0,58000,12000,46000,46000
058065,南亞科亞東99購01,0,0,0,0,0,0,0,0,0,45000,0,0,0,45000,0,45000,45000
059321,欣興元大99購07  ,0,0,0,0,0,0,0,0,0,45000,0,0,0,58000,13000,45000,45000
06897P,FBVIX群益01售01 ,0,0,0,0,0,0,0,0,0,45000,0,0,0,45000,0,45000,45000
06790P,台積電凱基9A售04,0,0,0,0,0,0,0,0,0,45000,0,0,0,45000,0,45000,45000
056594,台積電元富98購03,0,0,0,0,0,0,0,0,0,45000,0,0,0,45000,0,45000,45000
07123P,鴻海元大99售23  ,0,0,0,0,0,0,0,0,0,45000,0,0,0,60000,15000,45000,45000
057562,奇鋐兆豐98購01  ,0,0,0,0,0,0,0,0,0,45000,0,0,0,45000,0,45000,45000
053229,南電台新97購01  ,0,0,0,0,0,0,0,0,0,45000,0,0,0,45000,0,45000,45000
05336P,臺股指國票95售05,0,0,0,0,0,0,0,0,0,45000,0,0,0,45000,0,45000,45000
050514,聯電元大94購01  ,0,0,0,0,0,0,0,0,0,45000,0,0,0,45000,0,45000,45000
053687,智邦元大96購02  ,0,0,0,0,0,0,0,0,0,45000,0,0,0,45000,0,45000,45000
052882,南電凱基96購02  ,0,0,0,0,0,0,0,0,0,45000,0,0,0,45000,0,45000,45000
053947,義隆富邦97購01  ,0,0,0,0,0,0,0,0,0,45000,0,0,0,49000,4000,45000,45000
059437,京鼎元大99購02  ,0,0,0,0,0,0,0,0,0,45000,0,0,0,49000,4000,45000,45000
5519,隆大            ,162000,117000,45000,0,0,0,0,0,0,0,0,0,0,0,0,0,45000
2204,中華            ,333000,323418,9582,0,0,0,0,0,0,35000,36000,1000,35000,0,0,0,44582
2637,慧洋-KY         ,387000,329982,57018,0,0,0,5186,0,5186,-18000,0,16000,-16000,0,2000,-2000,44204
059363,超眾永豐99購02  ,0,0,0,0,0,0,0,0,0,44000,0,0,0,93000,49000,44000,44000
059149,臺股指國票99購12,0,0,0,0,0,0,0,0,0,44000,0,0,0,54000,10000,44000,44000
057070,美律永豐98購02  ,0,0,0,0,0,0,0,0,0,44000,0,0,0,59000,15000,44000,44000
058414,大立光兆豐99購02,0,0,0,0,0,0,0,0,0,44000,0,0,0,44000,0,44000,44000
053377,台積電元大98購01,0,0,0,0,0,0,0,0,0,44000,0,0,0,44000,0,44000,44000
04974P,聯發科凱基96售02,0,0,0,0,0,0,0,0,0,44000,0,0,0,105000,61000,44000,44000
042928,台積電中信95購01,0,0,0,0,0,0,0,0,0,44000,0,0,0,44000,0,44000,44000
051087,國巨元大97購01  ,0,0,0,0,0,0,0,0,0,44000,0,0,0,44000,0,44000,44000
1527,鑽全            ,131000,82000,49000,0,0,0,0,5000,-5000,0,0,0,0,0,0,0,44000
3013,晟銘電          ,49000,5000,44000,0,0,0,0,0,0,0,0,0,0,0,0,0,44000
059255,臺股指凱基99購33,0,0,0,0,0,0,0,0,0,43000,0,0,0,44000,1000,43000,43000
059196,聯發科永豐99購02,0,0,0,0,0,0,0,0,0,43000,0,0,0,43000,0,43000,43000
06038P,國泰金台新96售01,0,0,0,0,0,0,0,0,0,43000,0,0,0,73000,30000,43000,43000
058219,台灣50國票9A購02,0,0,0,0,0,0,0,0,0,43000,0,0,0,43000,0,43000,43000
058619,台灣50國票99購04,0,0,0,0,0,0,0,0,0,43000,0,0,0,43000,0,43000,43000
057298,旭富永豐98購01  ,0,0,0,0,0,0,0,0,0,43000,0,0,0,43000,0,43000,43000
056542,緯創凱基98購01  ,0,0,0,0,0,0,0,0,0,43000,0,0,0,43000,0,43000,43000
055123,億光兆豐97購01  ,0,0,0,0,0,0,0,0,0,43000,0,0,0,43000,0,43000,43000
054579,聯茂元大97購01  ,0,0,0,0,0,0,0,0,0,43000,0,0,0,80000,37000,43000,43000
054717,亞德客永豐97購01,0,0,0,0,0,0,0,0,0,43000,0,0,0,47000,4000,43000,43000
3419,譁裕            ,72000,29000,43000,0,0,0,0,0,0,0,0,0,0,0,0,0,43000
07160P,台灣50中信03售04,0,0,0,0,0,0,0,0,0,43000,0,0,0,43000,0,43000,43000
1717,長興            ,201000,263000,-62000,0,0,0,170502,0,170502,-66000,0,66000,-66000,0,0,0,42502
1313,聯成            ,351000,298659,52341,0,0,0,0,7000,-7000,-3000,0,3000,-3000,0,0,0,42341
2471,資通            ,48000,6000,42000,0,0,0,0,0,0,0,0,0,0,0,0,0,42000
057261,瑞昱兆豐98購01  ,0,0,0,0,0,0,0,0,0,42000,0,0,0,42000,0,42000,42000
058708,臺股指元大9A購21,0,0,0,0,0,0,0,0,0,42000,0,0,0,42000,0,42000,42000
058191,祥碩永豐99購01  ,0,0,0,0,0,0,0,0,0,42000,0,0,0,67000,25000,42000,42000
059114,華新科永豐99購05,0,0,0,0,0,0,0,0,0,42000,0,0,0,42000,0,42000,42000
05994P,奇鋐元大96售02  ,0,0,0,0,0,0,0,0,0,42000,0,0,0,85000,43000,42000,42000
059304,華新科兆豐99購06,0,0,0,0,0,0,0,0,0,42000,0,0,0,42000,0,42000,42000
057778,大立光群益98購02,0,0,0,0,0,0,0,0,0,42000,0,0,0,42000,0,42000,42000
052354,健策群益96購02  ,0,0,0,0,0,0,0,0,0,42000,0,0,0,42000,0,42000,42000
052080,康友元富98購02  ,0,0,0,0,0,0,0,0,0,42000,0,0,0,62000,20000,42000,42000
048850,聯電群益96購01  ,0,0,0,0,0,0,0,0,0,42000,0,0,0,161000,119000,42000,42000
046944,奇力新元大96購01,0,0,0,0,0,0,0,0,0,42000,0,0,0,42000,0,42000,42000
00702,國泰標普低波高息,0,0,0,0,0,0,0,0,0,42000,0,0,0,250000,208000,42000,42000
056412,上証2X中信9A購02,0,0,0,0,0,0,0,0,0,41000,0,0,0,41000,0,41000,41000
055957,瑞昱元大97購06  ,0,0,0,0,0,0,0,0,0,41000,0,0,0,41000,0,41000,41000
046662,大立光元大93購14,0,0,0,0,0,0,0,0,0,41000,0,0,0,41000,0,41000,41000
042692,台灣50凱基96購09,0,0,0,0,0,0,0,0,0,41000,0,0,0,41000,0,41000,41000
052056,緯穎凱基95購04  ,0,0,0,0,0,0,0,0,0,41000,0,0,0,46000,5000,41000,41000
054293,健策元大98購02  ,0,0,0,0,0,0,0,0,0,41000,0,0,0,42000,1000,41000,41000
6155,鈞寶            ,108000,67000,41000,0,0,0,0,0,0,0,0,0,0,0,0,0,41000
6591,動力-KY         ,100000,58000,42000,0,0,0,0,0,0,-1000,0,1000,-1000,0,0,0,41000
055964,正文元大97購02  ,0,0,0,0,0,0,0,0,0,40000,0,0,0,40000,0,40000,40000
057563,旭富國泰9A購01  ,0,0,0,0,0,0,0,0,0,40000,0,0,0,40000,0,40000,40000
059016,晶相光元富99購03,0,0,0,0,0,0,0,0,0,40000,0,0,0,40000,0,40000,40000
056677,智伸科元富98購01,0,0,0,0,0,0,0,0,0,40000,0,0,0,40000,0,40000,40000
058957,貿聯國票9A購01  ,0,0,0,0,0,0,0,0,0,40000,0,0,0,40000,0,40000,40000
057427,華通兆豐99購01  ,0,0,0,0,0,0,0,0,0,40000,0,0,0,40000,0,40000,40000
057788,嘉聯益國票99購01,0,0,0,0,0,0,0,0,0,40000,0,0,0,40000,0,40000,40000
057753,臺股指國票98購09,0,0,0,0,0,0,0,0,0,40000,0,0,0,40000,0,40000,40000
057001,華邦電國票99購02,0,0,0,0,0,0,0,0,0,40000,0,0,0,40000,0,40000,40000
05931P,鴻海凱基96售15  ,0,0,0,0,0,0,0,0,0,40000,0,0,0,40000,0,40000,40000
059281,創意永豐99購02  ,0,0,0,0,0,0,0,0,0,40000,0,0,0,40000,0,40000,40000
059048,元油2X凱基9A購11,0,0,0,0,0,0,0,0,0,40000,0,0,0,40000,0,40000,40000
056087,世芯統一97購01  ,0,0,0,0,0,0,0,0,0,40000,0,0,0,40000,0,40000,40000
059601,臺股指元大9A購38,0,0,0,0,0,0,0,0,0,40000,0,0,0,40000,0,40000,40000
054538,台光電國票98購01,0,0,0,0,0,0,0,0,0,40000,0,0,0,40000,0,40000,40000
052867,晶技凱基96購01  ,0,0,0,0,0,0,0,0,0,40000,0,0,0,40000,0,40000,40000
053584,友達元大9B購02  ,0,0,0,0,0,0,0,0,0,40000,0,0,0,40000,0,40000,40000
053599,崇越元大96購01  ,0,0,0,0,0,0,0,0,0,40000,0,0,0,40000,0,40000,40000
053602,台虹元大96購01  ,0,0,0,0,0,0,0,0,0,40000,0,0,0,40000,0,40000,40000
053577,上証2X元大96購02,0,0,0,0,0,0,0,0,0,40000,0,0,0,40000,0,40000,40000
052323,矽力元大95購04  ,0,0,0,0,0,0,0,0,0,40000,0,0,0,50000,10000,40000,40000
052681,T50反1元大98購02,0,0,0,0,0,0,0,0,0,40000,0,0,0,360000,320000,40000,40000
052806,玉晶光元大98購04,0,0,0,0,0,0,0,0,0,40000,0,0,0,40000,0,40000,40000
053413,台積電國票99購01,0,0,0,0,0,0,0,0,0,40000,0,0,0,40000,0,40000,40000
052091,緯創元大95購04  ,0,0,0,0,0,0,0,0,0,40000,0,0,0,40000,0,40000,40000
055745,臻鼎元富97購01  ,0,0,0,0,0,0,0,0,0,40000,0,0,0,40000,0,40000,40000
052038,國巨永昌96購01  ,0,0,0,0,0,0,0,0,0,40000,0,0,0,600000,560000,40000,40000
055704,亞德客永豐97購04,0,0,0,0,0,0,0,0,0,40000,0,0,0,40000,0,40000,40000
051990,泰碩元大95購01  ,0,0,0,0,0,0,0,0,0,40000,0,0,0,40000,0,40000,40000
054120,奇力新永豐96購01,0,0,0,0,0,0,0,0,0,40000,0,0,0,40000,0,40000,40000
054047,富邦金元大97購01,0,0,0,0,0,0,0,0,0,40000,0,0,0,40000,0,40000,40000
054045,奇力新元大97購03,0,0,0,0,0,0,0,0,0,40000,0,0,0,40000,0,40000,40000
03874P,臺股指群益95售01,0,0,0,0,0,0,0,0,0,40000,0,0,0,40000,0,40000,40000
043442,大立光台新01購01,0,0,0,0,0,0,0,0,0,40000,0,0,0,40000,0,40000,40000
050984,大立光國泰97購01,0,0,0,0,0,0,0,0,0,40000,0,0,0,40000,0,40000,40000
04477P,南電元大94售04  ,0,0,0,0,0,0,0,0,0,40000,0,0,0,80000,40000,40000,40000
048269,瀚宇博國泰95購01,0,0,0,0,0,0,0,0,0,40000,0,0,0,40000,0,40000,40000
047127,臻鼎中信95購01  ,0,0,0,0,0,0,0,0,0,40000,0,0,0,40000,0,40000,40000
00851,台新全球AI      ,0,0,0,0,0,0,0,0,0,40000,0,0,0,50000,10000,40000,40000
048867,台積電兆豐95購01,0,0,0,0,0,0,0,0,0,40000,0,0,0,50000,10000,40000,40000
048783,國巨元大94購01  ,0,0,0,0,0,0,0,0,0,40000,0,0,0,40000,0,40000,40000
050217,健策永豐94購03  ,0,0,0,0,0,0,0,0,0,40000,0,0,0,40000,0,40000,40000
049675,台光電國票95購01,0,0,0,0,0,0,0,0,0,40000,0,0,0,40000,0,40000,40000
051691,台表科凱基95購01,0,0,0,0,0,0,0,0,0,40000,0,0,0,40000,0,40000,40000
049433,健策國票95購03  ,0,0,0,0,0,0,0,0,0,40000,0,0,0,40000,0,40000,40000
052998,拓凱康和96購01  ,0,0,0,0,0,0,0,0,0,40000,0,0,0,40000,0,40000,40000
050645,台積電凱基94購39,0,0,0,0,0,0,0,0,0,40000,0,0,0,55000,15000,40000,40000
9917,中保科          ,80000,31000,49000,0,0,0,3443,3000,443,-10000,3000,13000,-10000,0,0,0,39443
059067,上銀國票9A購02  ,0,0,0,0,0,0,0,0,0,39000,0,0,0,40000,1000,39000,39000
059116,晶豪科永豐99購01,0,0,0,0,0,0,0,0,0,39000,0,0,0,47000,8000,39000,39000
05990P,台積電群益96售13,0,0,0,0,0,0,0,0,0,39000,0,0,0,40000,1000,39000,39000
057379,寶成元大98購02  ,0,0,0,0,0,0,0,0,0,39000,0,0,0,39000,0,39000,39000
07012P,智邦群益9A售01  ,0,0,0,0,0,0,0,0,0,39000,0,0,0,39000,0,39000,39000
050870,旭富永豐95購01  ,0,0,0,0,0,0,0,0,0,39000,0,0,0,39000,0,39000,39000
053073,技嘉康和96購01  ,0,0,0,0,0,0,0,0,0,39000,0,0,0,39000,0,39000,39000
053357,可成統一96購02  ,0,0,0,0,0,0,0,0,0,39000,0,0,0,39000,0,39000,39000
00865B,國泰US短期公債  ,0,0,0,0,0,0,0,0,0,39000,0,0,0,39000,0,39000,39000
053506,南茂兆豐97購01  ,0,0,0,0,0,0,0,0,0,39000,0,0,0,39000,0,39000,39000
06731P,聯茂元大98售05  ,0,0,0,0,0,0,0,0,0,38000,0,0,0,88000,50000,38000,38000
058067,台積電第一9C購01,0,0,0,0,0,0,0,0,0,38000,0,0,0,38000,0,38000,38000
058069,美律凱基99購05  ,0,0,0,0,0,0,0,0,0,38000,0,0,0,38000,0,38000,38000
055703,緯穎富邦98購01  ,0,0,0,0,0,0,0,0,0,38000,0,0,0,38000,0,38000,38000
054773,台郡國票98購01  ,0,0,0,0,0,0,0,0,0,38000,0,0,0,40000,2000,38000,38000
054845,智邦兆豐98購01  ,0,0,0,0,0,0,0,0,0,38000,0,0,0,38000,0,38000,38000
056895,技嘉元大98購01  ,0,0,0,0,0,0,0,0,0,38000,0,0,0,38000,0,38000,38000
056855,祥碩中信98購02  ,0,0,0,0,0,0,0,0,0,38000,0,0,0,38000,0,38000,38000
047194,世紀鋼元大96購01,0,0,0,0,0,0,0,0,0,38000,0,0,0,50000,12000,38000,38000
043784,鴻海凱基94購01  ,0,0,0,0,0,0,0,0,0,38000,0,0,0,38000,0,38000,38000
3535,晶彩科          ,153000,115000,38000,0,0,0,0,0,0,0,0,0,0,0,0,0,38000
058527,世紀鋼元大99購01,0,0,0,0,0,0,0,0,0,37000,0,0,0,37000,0,37000,37000
059064,緯穎凱基99購02  ,0,0,0,0,0,0,0,0,0,37000,0,0,0,54000,17000,37000,37000
00674R,元大S&P黃金反1  ,0,0,0,0,0,0,0,0,0,37000,0,0,0,136000,99000,37000,37000
053451,致新凱基96購02  ,0,0,0,0,0,0,0,0,0,37000,0,0,0,42000,5000,37000,37000
052316,台積電元大96購10,0,0,0,0,0,0,0,0,0,37000,0,0,0,37000,0,37000,37000
054737,京元電凱基99購01,0,0,0,0,0,0,0,0,0,37000,0,0,0,37000,0,37000,37000
4108,懷特            ,52000,15000,37000,0,0,0,0,0,0,0,0,0,0,0,0,0,37000
059334,A50正2國票9A購02,0,0,0,0,0,0,0,0,0,36000,0,0,0,66000,30000,36000,36000
059163,台積電凱基99購10,0,0,0,0,0,0,0,0,0,36000,0,0,0,36000,0,36000,36000
06651P,華新科元大99售09,0,0,0,0,0,0,0,0,0,36000,0,0,0,52000,16000,36000,36000
054403,同欣電永豐96購02,0,0,0,0,0,0,0,0,0,36000,0,0,0,43000,7000,36000,36000
053581,台積電元大96購14,0,0,0,0,0,0,0,0,0,36000,0,0,0,36000,0,36000,36000
053638,信邦永豐96購01  ,0,0,0,0,0,0,0,0,0,36000,0,0,0,76000,40000,36000,36000
052606,聯發科元大97購04,0,0,0,0,0,0,0,0,0,36000,0,0,0,36000,0,36000,36000
055304,瑞昱第一98購01  ,0,0,0,0,0,0,0,0,0,36000,0,0,0,36000,0,36000,36000
059410,滬深2X國票9A購04,0,0,0,0,0,0,0,0,0,36000,0,0,0,76000,40000,36000,36000
059457,立積永豐99購02  ,0,0,0,0,0,0,0,0,0,36000,0,0,0,36000,0,36000,36000
050383,超眾兆豐95購01  ,0,0,0,0,0,0,0,0,0,36000,0,0,0,36000,0,36000,36000
059501,可成元富99購01  ,0,0,0,0,0,0,0,0,0,35000,0,0,0,190000,155000,35000,35000
058578,聯發科群益99購03,0,0,0,0,0,0,0,0,0,35000,0,0,0,35000,0,35000,35000
057171,台光電元大9B購01,0,0,0,0,0,0,0,0,0,35000,0,0,0,35000,0,35000,35000
07075P,FBVIX凱基9C售04 ,0,0,0,0,0,0,0,0,0,35000,0,0,0,35000,0,35000,35000
057268,臻鼎兆豐99購01  ,0,0,0,0,0,0,0,0,0,35000,0,0,0,45000,10000,35000,35000
057377,康控元大99購02  ,0,0,0,0,0,0,0,0,0,35000,0,0,0,35000,0,35000,35000
053305,聯詠凱基96購02  ,0,0,0,0,0,0,0,0,0,35000,0,0,0,53000,18000,35000,35000
055179,大立光統一97購04,0,0,0,0,0,0,0,0,0,35000,0,0,0,35000,0,35000,35000
054964,智易元大99購01  ,0,0,0,0,0,0,0,0,0,35000,0,0,0,35000,0,35000,35000
044987,宏達電統一94購01,0,0,0,0,0,0,0,0,0,35000,0,0,0,35000,0,35000,35000
053499,禾伸堂兆豐96購01,0,0,0,0,0,0,0,0,0,35000,0,0,0,135000,100000,35000,35000
052396,台積電凱基97購01,0,0,0,0,0,0,0,0,0,35000,0,0,0,35000,0,35000,35000
055563,智易凱基97購02  ,0,0,0,0,0,0,0,0,0,35000,0,0,0,40000,5000,35000,35000
5225,東科-KY         ,74000,39000,35000,0,0,0,0,0,0,0,0,0,0,0,0,0,35000
8463,潤泰材          ,79000,44000,35000,0,0,0,0,0,0,0,0,0,0,0,0,0,35000
058938,台積電中信01購03,0,0,0,0,0,0,0,0,0,34000,0,0,0,34000,0,34000,34000
055986,祥碩元富97購01  ,0,0,0,0,0,0,0,0,0,34000,0,0,0,34000,0,34000,34000
057523,大成鋼元大99購01,0,0,0,0,0,0,0,0,0,34000,0,0,0,34000,0,34000,34000
2612,中航            ,73000,39000,34000,0,0,0,0,0,0,0,0,0,0,0,0,0,34000
2423,固緯            ,53000,19000,34000,0,0,0,0,0,0,0,0,0,0,0,0,0,34000
053614,台積電群益96購08,0,0,0,0,0,0,0,0,0,34000,0,0,0,34000,0,34000,34000
052387,台積電群益95購08,0,0,0,0,0,0,0,0,0,34000,0,0,0,34000,0,34000,34000
056757,T50反1元大98購07,0,0,0,0,0,0,0,0,0,34000,0,0,0,150000,116000,34000,34000
050786,健策國泰96購01  ,0,0,0,0,0,0,0,0,0,34000,0,0,0,34000,0,34000,34000
4566,時碩工業        ,43000,9000,34000,0,0,0,0,0,0,0,0,0,0,0,0,0,34000
3015,全漢            ,70000,36000,34000,0,0,0,0,0,0,0,0,0,0,0,0,0,34000
1229,聯華            ,494000,410000,84000,0,0,0,8073,14000,-5927,-45000,0,45000,-45000,0,0,0,33073
2509,全坤建          ,47000,14000,33000,0,0,0,0,0,0,0,0,0,0,0,0,0,33000
06561P,台灣50國泰9A售01,0,0,0,0,0,0,0,0,0,33000,0,0,0,33000,0,33000,33000
056385,創意國泰99購01  ,0,0,0,0,0,0,0,0,0,33000,0,0,0,33000,0,33000,33000
058471,台積電日盛9C購01,0,0,0,0,0,0,0,0,0,33000,0,0,0,37000,4000,33000,33000
058046,國巨元大9A購01  ,0,0,0,0,0,0,0,0,0,33000,0,0,0,33000,0,33000,33000
051608,新日興群益96購01,0,0,0,0,0,0,0,0,0,33000,0,0,0,53000,20000,33000,33000
00703,台新MSCI中國    ,1000,1000,0,0,0,0,0,0,0,33000,0,0,0,94000,61000,33000,33000
052057,臺股指凱基95購15,0,0,0,0,0,0,0,0,0,33000,0,0,0,33000,0,33000,33000
3018,同開            ,48000,15000,33000,0,0,0,0,0,0,0,0,0,0,0,0,0,33000
07225P,台積電元大99售33,0,0,0,0,0,0,0,0,0,33000,0,0,0,33000,0,33000,33000
058130,瑞昱元大99購01  ,0,0,0,0,0,0,0,0,0,32000,0,0,0,32000,0,32000,32000
058612,健策元大99購02  ,0,0,0,0,0,0,0,0,0,32000,0,0,0,32000,0,32000,32000
059322,晶技元大99購06  ,0,0,0,0,0,0,0,0,0,32000,0,0,0,64000,32000,32000,32000
054074,健策富邦98購01  ,0,0,0,0,0,0,0,0,0,32000,0,0,0,32000,0,32000,32000
059432,聯發科元大99購26,0,0,0,0,0,0,0,0,0,32000,0,0,0,44000,12000,32000,32000
053741,漢唐國票97購03  ,0,0,0,0,0,0,0,0,0,32000,0,0,0,47000,15000,32000,32000
047004,台積電統一99購01,0,0,0,0,0,0,0,0,0,32000,0,0,0,32000,0,32000,32000
048628,T50反1元大96購03,0,0,0,0,0,0,0,0,0,32000,0,0,0,32000,0,32000,32000
4104,佳醫            ,34000,18000,16000,0,0,0,0,1000,-1000,17000,17000,0,17000,0,0,0,32000
059220,聯發科元大99購20,0,0,0,0,0,0,0,0,0,31000,0,0,0,31000,0,31000,31000
059517,茂林永豐99購02  ,0,0,0,0,0,0,0,0,0,31000,0,0,0,90000,59000,31000,31000
058532,禾伸堂元富99購01,0,0,0,0,0,0,0,0,0,31000,0,0,0,87000,56000,31000,31000
056426,上証2X凱基9A購01,0,0,0,0,0,0,0,0,0,31000,0,0,0,31000,0,31000,31000
058831,茂林永豐99購01  ,0,0,0,0,0,0,0,0,0,31000,0,0,0,45000,14000,31000,31000
058932,FBVIX台新99購01 ,0,0,0,0,0,0,0,0,0,31000,0,0,0,41000,10000,31000,31000
042501,台灣50凱基96購06,0,0,0,0,0,0,0,0,0,31000,0,0,0,31000,0,31000,31000
052736,T50反1元大96購05,0,0,0,0,0,0,0,0,0,31000,0,0,0,31000,0,31000,31000
052020,聯茂永豐95購02  ,0,0,0,0,0,0,0,0,0,31000,0,0,0,123000,92000,31000,31000
055676,亞德客凱基97購03,0,0,0,0,0,0,0,0,0,31000,0,0,0,31000,0,31000,31000
058921,聯發科元富03購01,0,0,0,0,0,0,0,0,0,30000,0,0,0,30000,0,30000,30000
07042P,T50反1元大9C售02,0,0,0,0,0,0,0,0,0,30000,0,0,0,30000,0,30000,30000
06244P,智易元富97售02  ,0,0,0,0,0,0,0,0,0,30000,0,0,0,30000,0,30000,30000
056387,智伸科國泰99購01,0,0,0,0,0,0,0,0,0,30000,0,0,0,30000,0,30000,30000
056438,旺宏凱基98購05  ,0,0,0,0,0,0,0,0,0,30000,0,0,0,30000,0,30000,30000
056540,聯詠凱基98購02  ,0,0,0,0,0,0,0,0,0,30000,0,0,0,30000,0,30000,30000
057430,富邦金兆豐98購01,0,0,0,0,0,0,0,0,0,30000,0,0,0,30000,0,30000,30000
055826,中石化元大97購01,0,0,0,0,0,0,0,0,0,30000,0,0,0,30000,0,30000,30000
2527,宏璟            ,60000,30000,30000,0,0,0,0,0,0,0,0,0,0,0,0,0,30000
057567,嘉聯益富邦9A購01,0,0,0,0,0,0,0,0,0,30000,0,0,0,30000,0,30000,30000
059564,鴻海凱基9A購15  ,0,0,0,0,0,0,0,0,0,30000,0,0,0,30000,0,30000,30000
057824,日月光元大98購01,0,0,0,0,0,0,0,0,0,30000,0,0,0,30000,0,30000,30000
059505,上証2X永豐99購02,0,0,0,0,0,0,0,0,0,30000,0,0,0,40000,10000,30000,30000
056034,華通凱基98購01  ,0,0,0,0,0,0,0,0,0,30000,0,0,0,30000,0,30000,30000
058124,玉晶光國票9A購01,0,0,0,0,0,0,0,0,0,30000,0,0,0,30000,0,30000,30000
058097,台灣50國泰99購01,0,0,0,0,0,0,0,0,0,30000,0,0,0,30000,0,30000,30000
058214,世芯群益9A購01  ,0,0,0,0,0,0,0,0,0,30000,0,0,0,30000,0,30000,30000
058189,嘉澤永豐99購01  ,0,0,0,0,0,0,0,0,0,30000,0,0,0,30000,0,30000,30000
059274,國巨元大99購22  ,0,0,0,0,0,0,0,0,0,30000,0,0,0,30000,0,30000,30000
057059,易華電元大99購01,0,0,0,0,0,0,0,0,0,30000,0,0,0,30000,0,30000,30000
057095,祥碩元富98購02  ,0,0,0,0,0,0,0,0,0,30000,0,0,0,30000,0,30000,30000
057170,瑞昱元大98購01  ,0,0,0,0,0,0,0,0,0,30000,0,0,0,30000,0,30000,30000
07000P,T50反1元大99售03,0,0,0,0,0,0,0,0,0,30000,0,0,0,30000,0,30000,30000
057139,華新科兆豐98購02,0,0,0,0,0,0,0,0,0,30000,0,0,0,30000,0,30000,30000
06902P,聯電凱基98售02  ,0,0,0,0,0,0,0,0,0,30000,0,0,0,30000,0,30000,30000
059376,國巨群益99購09  ,0,0,0,0,0,0,0,0,0,30000,0,0,0,30000,0,30000,30000
055645,技嘉元富97購01  ,0,0,0,0,0,0,0,0,0,30000,0,0,0,30000,0,30000,30000
054906,神達康和97購01  ,0,0,0,0,0,0,0,0,0,30000,0,0,0,30000,0,30000,30000
055741,健策元富97購01  ,0,0,0,0,0,0,0,0,0,30000,0,0,0,30000,0,30000,30000
052119,漢唐國票96購01  ,0,0,0,0,0,0,0,0,0,30000,0,0,0,30000,0,30000,30000
053784,奇力新元大97購02,0,0,0,0,0,0,0,0,0,30000,0,0,0,30000,0,30000,30000
051953,矽力元富95購03  ,0,0,0,0,0,0,0,0,0,30000,0,0,0,40000,10000,30000,30000
051919,台郡元大96購02  ,0,0,0,0,0,0,0,0,0,30000,0,0,0,30000,0,30000,30000
053975,大立光元大98購04,0,0,0,0,0,0,0,0,0,30000,0,0,0,30000,0,30000,30000
058235,大立光元大99購08,0,0,0,0,0,0,0,0,0,30000,0,0,0,30000,0,30000,30000
056774,和鑫元大98購01  ,0,0,0,0,0,0,0,0,0,30000,0,0,0,100000,70000,30000,30000
056893,智邦元大98購02  ,0,0,0,0,0,0,0,0,0,30000,0,0,0,30000,0,30000,30000
056983,大立光群益99購02,0,0,0,0,0,0,0,0,0,30000,0,0,0,30000,0,30000,30000
052777,燿華國票98購01  ,0,0,0,0,0,0,0,0,0,30000,0,0,0,30000,0,30000,30000
052380,臺股指元大95購21,0,0,0,0,0,0,0,0,0,30000,0,0,0,30000,0,30000,30000
052428,嘉晶永豐95購01  ,0,0,0,0,0,0,0,0,0,30000,0,0,0,30000,0,30000,30000
052546,友達中信98購01  ,0,0,0,0,0,0,0,0,0,30000,0,0,0,30000,0,30000,30000
055507,樺漢元大98購02  ,0,0,0,0,0,0,0,0,0,30000,0,0,0,32000,2000,30000,30000
052880,台積電凱基96購06,0,0,0,0,0,0,0,0,0,30000,0,0,0,30000,0,30000,30000
054353,世紀鋼國泰98購01,0,0,0,0,0,0,0,0,0,30000,0,0,0,30000,0,30000,30000
054263,聯茂元大96購02  ,0,0,0,0,0,0,0,0,0,30000,0,0,0,60000,30000,30000,30000
05450P,臺股指元大95售27,0,0,0,0,0,0,0,0,0,30000,0,0,0,30000,0,30000,30000
03896P,長榮航凱基95售01,0,0,0,0,0,0,0,0,0,30000,0,0,0,30000,0,30000,30000
04444P,玉晶光永豐94售06,0,0,0,0,0,0,0,0,0,30000,0,0,0,30000,0,30000,30000
044475,國巨元富95購02  ,0,0,0,0,0,0,0,0,0,30000,0,0,0,30000,0,30000,30000
044049,元金2X元大94購03,0,0,0,0,0,0,0,0,0,30000,0,0,0,30000,0,30000,30000
04835P,鴻海元大94售18  ,0,0,0,0,0,0,0,0,0,30000,0,0,0,30000,0,30000,30000
04836P,台積電元大94售22,0,0,0,0,0,0,0,0,0,30000,0,0,0,30000,0,30000,30000
051040,漢唐永豐95購01  ,0,0,0,0,0,0,0,0,0,30000,0,0,0,30000,0,30000,30000
051094,健策元大96購03  ,0,0,0,0,0,0,0,0,0,30000,0,0,0,30000,0,30000,30000
0061,元大寶滬深      ,8000,12000,-4000,0,0,0,0,0,0,34000,30000,0,30000,31000,27000,4000,30000
049438,嘉晶國泰96購01  ,0,0,0,0,0,0,0,0,0,30000,0,0,0,30000,0,30000,30000
049492,聯發科元大95購02,0,0,0,0,0,0,0,0,0,30000,0,0,0,30000,0,30000,30000
051668,智邦元大95購02  ,0,0,0,0,0,0,0,0,0,30000,0,0,0,30000,0,30000,30000
048819,國巨凱基94購01  ,0,0,0,0,0,0,0,0,0,30000,0,0,0,30000,0,30000,30000
048883,玉晶光統一94購01,0,0,0,0,0,0,0,0,0,30000,0,0,0,30000,0,30000,30000
050653,聯鈞凱基96購01  ,0,0,0,0,0,0,0,0,0,30000,0,0,0,30000,0,30000,30000
050626,A50正2中信96購02,0,0,0,0,0,0,0,0,0,30000,0,0,0,40000,10000,30000,30000
053071,南電群益96購01  ,0,0,0,0,0,0,0,0,0,30000,0,0,0,30000,0,30000,30000
053131,華通國票97購03  ,0,0,0,0,0,0,0,0,0,30000,0,0,0,30000,0,30000,30000
054962,玉晶光元大99購02,0,0,0,0,0,0,0,0,0,30000,0,0,0,30000,0,30000,30000
055021,亞德客國泰98購01,0,0,0,0,0,0,0,0,0,30000,0,0,0,30000,0,30000,30000
053185,友達中信99購01  ,0,0,0,0,0,0,0,0,0,30000,0,0,0,30000,0,30000,30000
055288,日電貿元大97購02,0,0,0,0,0,0,0,0,0,30000,0,0,0,30000,0,30000,30000
1528,恩德            ,35000,5000,30000,0,0,0,0,0,0,0,0,0,0,0,0,0,30000
059513,揚明光永豐99購01,0,0,0,0,0,0,0,0,0,29000,0,0,0,65000,36000,29000,29000
057394,台積電中信9C購02,0,0,0,0,0,0,0,0,0,29000,0,0,0,29000,0,29000,29000
07138P,台灣50群益9B售04,0,0,0,0,0,0,0,0,0,29000,0,0,0,29000,0,29000,29000
049154,玉晶光元大95購02,0,0,0,0,0,0,0,0,0,29000,0,0,0,29000,0,29000,29000
045055,聯發科元富98購03,0,0,0,0,0,0,0,0,0,29000,0,0,0,29000,0,29000,29000
04431P,牧德元大94售03  ,0,0,0,0,0,0,0,0,0,29000,0,0,0,41000,12000,29000,29000
053629,玉山金兆豐96購01,0,0,0,0,0,0,0,0,0,29000,0,0,0,29000,0,29000,29000
054887,大毅統一98購01  ,0,0,0,0,0,0,0,0,0,29000,0,0,0,29000,0,29000,29000
3504,揚明光          ,67000,35000,32000,0,0,0,0,0,0,-3000,0,3000,-3000,0,0,0,29000
4916,事欣科          ,58000,29000,29000,0,0,0,0,0,0,0,0,0,0,0,0,0,29000
6189,豐藝            ,82000,56000,26000,0,0,0,0,0,0,3000,3000,0,3000,0,0,0,29000
056475,宏達電元大99購02,0,0,0,0,0,0,0,0,0,28000,0,0,0,35000,7000,28000,28000
057564,台積電富邦9B購03,0,0,0,0,0,0,0,0,0,28000,0,0,0,28000,0,28000,28000
058545,義隆富邦9C購01  ,0,0,0,0,0,0,0,0,0,28000,0,0,0,70000,42000,28000,28000
058196,台塑中信99購01  ,0,0,0,0,0,0,0,0,0,28000,0,0,0,28000,0,28000,28000
059144,嘉晶國票9A購02  ,0,0,0,0,0,0,0,0,0,28000,0,0,0,28000,0,28000,28000
056856,華通群益9A購01  ,0,0,0,0,0,0,0,0,0,28000,0,0,0,38000,10000,28000,28000
058375,群創凱基9B購04  ,0,0,0,0,0,0,0,0,0,28000,0,0,0,59000,31000,28000,28000
054216,聯茂國票97購03  ,0,0,0,0,0,0,0,0,0,28000,0,0,0,28000,0,28000,28000
048938,玉晶光永豐95購02,0,0,0,0,0,0,0,0,0,28000,0,0,0,28000,0,28000,28000
055339,緯穎兆豐98購01  ,0,0,0,0,0,0,0,0,0,28000,0,0,0,28000,0,28000,28000
050836,緯穎凱基95購01  ,0,0,0,0,0,0,0,0,0,28000,0,0,0,35000,7000,28000,28000
9930,中聯資源        ,85000,57000,28000,0,0,0,0,0,0,0,0,0,0,0,0,0,28000
4144,康聯-KY         ,58000,30000,28000,0,0,0,0,0,0,0,0,0,0,0,0,0,28000
059143,國巨國票9A購04  ,0,0,0,0,0,0,0,0,0,27000,0,0,0,65000,38000,27000,27000
057656,大成鋼兆豐98購01,0,0,0,0,0,0,0,0,0,27000,0,0,0,27000,0,27000,27000
059254,台表科凱基9A購02,0,0,0,0,0,0,0,0,0,27000,0,0,0,27000,0,27000,27000
056074,茂林元大97購04  ,0,0,0,0,0,0,0,0,0,27000,0,0,0,27000,0,27000,27000
058503,鴻海元大99購14  ,0,0,0,0,0,0,0,0,0,27000,0,0,0,44000,17000,27000,27000
2477,美隆電          ,31000,0,31000,0,0,0,0,0,0,-4000,0,4000,-4000,0,0,0,27000
2431,聯昌            ,39000,12000,27000,0,0,0,0,0,0,0,0,0,0,0,0,0,27000
057253,高股息中信99購02,0,0,0,0,0,0,0,0,0,27000,0,0,0,27000,0,27000,27000
057276,全新元大99購03  ,0,0,0,0,0,0,0,0,0,27000,0,0,0,27000,0,27000,27000
046476,鴻海統一96購01  ,0,0,0,0,0,0,0,0,0,27000,0,0,0,27000,0,27000,27000
052754,上証2X群益9A購01,0,0,0,0,0,0,0,0,0,27000,0,0,0,27000,0,27000,27000
052278,國巨凱基95購06  ,0,0,0,0,0,0,0,0,0,27000,0,0,0,27000,0,27000,27000
054063,聯茂國票97購02  ,0,0,0,0,0,0,0,0,0,27000,0,0,0,30000,3000,27000,27000
051842,大成鋼富邦97購01,0,0,0,0,0,0,0,0,0,27000,0,0,0,27000,0,27000,27000
5234,達興材料        ,82000,51000,31000,0,0,0,0,1000,-1000,-3000,0,3000,-3000,0,0,0,27000
07115P,T50反1日盛9C售02,0,0,0,0,0,0,0,0,0,26000,0,0,0,26000,0,26000,26000
056669,貿聯國票99購01  ,0,0,0,0,0,0,0,0,0,26000,0,0,0,26000,0,26000,26000
056635,亞德客日盛99購01,0,0,0,0,0,0,0,0,0,26000,0,0,0,26000,0,26000,26000
2467,志聖            ,132000,101000,31000,0,0,0,0,0,0,-5000,0,5000,-5000,0,0,0,26000
055980,祥碩統一98購01  ,0,0,0,0,0,0,0,0,0,26000,0,0,0,26000,0,26000,26000
059526,鴻海凱基99購12  ,0,0,0,0,0,0,0,0,0,26000,0,0,0,28000,2000,26000,26000
06654P,欣興元大98售08  ,0,0,0,0,0,0,0,0,0,26000,0,0,0,81000,55000,26000,26000
058226,世芯元富99購01  ,0,0,0,0,0,0,0,0,0,26000,0,0,0,26000,0,26000,26000
059162,國巨凱基99購12  ,0,0,0,0,0,0,0,0,0,26000,0,0,0,41000,15000,26000,26000
059303,國巨兆豐99購04  ,0,0,0,0,0,0,0,0,0,26000,0,0,0,26000,0,26000,26000
06721P,臺股指中信9A售03,0,0,0,0,0,0,0,0,0,26000,0,0,0,26000,0,26000,26000
058449,台積電永豐99購01,0,0,0,0,0,0,0,0,0,26000,0,0,0,26000,0,26000,26000
055588,瑞昱元大97購03  ,0,0,0,0,0,0,0,0,0,26000,0,0,0,26000,0,26000,26000
055289,泰碩元大98購01  ,0,0,0,0,0,0,0,0,0,26000,0,0,0,26000,0,26000,26000
050138,台表科國票95購02,0,0,0,0,0,0,0,0,0,26000,0,0,0,26000,0,26000,26000
050220,台積電元富96購01,0,0,0,0,0,0,0,0,0,26000,0,0,0,26000,0,26000,26000
059276,可成元大99購06  ,0,0,0,0,0,0,0,0,0,25000,0,0,0,91000,66000,25000,25000
059194,元金2X永豐99購01,0,0,0,0,0,0,0,0,0,25000,0,0,0,25000,0,25000,25000
059213,國巨元大99購19  ,0,0,0,0,0,0,0,0,0,25000,0,0,0,25000,0,25000,25000
057099,元油2X中信9B購03,0,0,0,0,0,0,0,0,0,25000,0,0,0,25000,0,25000,25000
059643,日月光凱基99購02,0,0,0,0,0,0,0,0,0,25000,0,0,0,30000,5000,25000,25000
058233,聯發科元大99購06,0,0,0,0,0,0,0,0,0,25000,0,0,0,25000,0,25000,25000
06619P,聯發科元大98售06,25000,0,25000,0,0,0,0,0,0,0,0,0,0,0,0,0,25000
059607,台積電富邦9C購04,0,0,0,0,0,0,0,0,0,25000,0,0,0,25000,0,25000,25000
1708,東鹼            ,39000,11000,28000,0,0,0,0,0,0,-3000,0,3000,-3000,0,0,0,25000
057402,嘉晶群益98購02  ,0,0,0,0,0,0,0,0,0,25000,0,0,0,25000,0,25000,25000
07095P,台灣50元大9C售03,0,0,0,0,0,0,0,0,0,25000,0,0,0,25000,0,25000,25000
058798,大立光元大99購11,0,0,0,0,0,0,0,0,0,25000,0,0,0,25000,0,25000,25000
058773,和碩兆豐99購01  ,0,0,0,0,0,0,0,0,0,25000,0,0,0,35000,10000,25000,25000
050227,大立光中信96購01,0,0,0,0,0,0,0,0,0,25000,0,0,0,85000,60000,25000,25000
050262,台積電元大94購21,0,0,0,0,0,0,0,0,0,25000,0,0,0,25000,0,25000,25000
055205,京鼎中信99購01  ,0,0,0,0,0,0,0,0,0,25000,0,0,0,25000,0,25000,25000
053281,茂林元大96購02  ,0,0,0,0,0,0,0,0,0,25000,0,0,0,25000,0,25000,25000
053277,大立光元大96購04,0,0,0,0,0,0,0,0,0,25000,0,0,0,25000,0,25000,25000
053322,京鼎群益97購01  ,0,0,0,0,0,0,0,0,0,25000,0,0,0,25000,0,25000,25000
046645,技嘉國泰94購01  ,0,0,0,0,0,0,0,0,0,25000,0,0,0,25000,0,25000,25000
0053,元大電子        ,0,0,0,0,0,0,0,0,0,25000,0,0,0,27000,2000,25000,25000
044645,元金2X群益93購01,0,0,0,0,0,0,0,0,0,25000,0,0,0,25000,0,25000,25000
05098P,鴻海凱基95售15  ,0,0,0,0,0,0,0,0,0,25000,0,0,0,25000,0,25000,25000
051522,玉晶光凱基95購05,0,0,0,0,0,0,0,0,0,25000,0,0,0,25000,0,25000,25000
048263,台積電元富95購01,0,0,0,0,0,0,0,0,0,25000,0,0,0,25000,0,25000,25000
048572,美利達元大96購04,0,0,0,0,0,0,0,0,0,25000,0,0,0,25000,0,25000,25000
051450,世芯元大95購02  ,0,0,0,0,0,0,0,0,0,25000,0,0,0,25000,0,25000,25000
055368,台積電元大97購24,0,0,0,0,0,0,0,0,0,25000,0,0,0,25000,0,25000,25000
055317,金寶國票98購01  ,0,0,0,0,0,0,0,0,0,25000,0,0,0,25000,0,25000,25000
053412,台達電國票97購02,0,0,0,0,0,0,0,0,0,25000,0,0,0,25000,0,25000,25000
056966,嘉晶永豐98購01  ,0,0,0,0,0,0,0,0,0,25000,0,0,0,25000,0,25000,25000
059469,智邦元大99購03  ,0,0,0,0,0,0,0,0,0,25000,0,0,0,84000,59000,25000,25000
052104,英業達兆豐96購01,0,0,0,0,0,0,0,0,0,25000,0,0,0,25000,0,25000,25000
07077P,緯穎凱基99售01  ,0,0,0,0,0,0,0,0,0,24000,0,0,0,24000,0,24000,24000
056311,泰鼎元大98購01  ,0,0,0,0,0,0,0,0,0,24000,0,0,0,25000,1000,24000,24000
06544P,鴻海元大98售09  ,0,0,0,0,0,0,0,0,0,24000,0,0,0,60000,36000,24000,24000
058128,FBVIX元大9C購02 ,0,0,0,0,0,0,0,0,0,24000,0,0,0,24000,0,24000,24000
057707,臺股指群益98購07,0,0,0,0,0,0,0,0,0,24000,0,0,0,76000,52000,24000,24000
059176,臺股指凱基99購27,0,0,0,0,0,0,0,0,0,24000,0,0,0,24000,0,24000,24000
059302,大立光群益99購08,0,0,0,0,0,0,0,0,0,24000,0,0,0,24000,0,24000,24000
059134,臺股指群益99購09,0,0,0,0,0,0,0,0,0,24000,0,0,0,165000,141000,24000,24000
055637,亞德客元富97購01,0,0,0,0,0,0,0,0,0,24000,0,0,0,285000,261000,24000,24000
055615,宏達電國票99購02,0,0,0,0,0,0,0,0,0,24000,0,0,0,24000,0,24000,24000
054649,聯茂群益97購01  ,0,0,0,0,0,0,0,0,0,24000,0,0,0,36000,12000,24000,24000
051451,世芯元大95購03  ,0,0,0,0,0,0,0,0,0,24000,0,0,0,29000,5000,24000,24000
00762,元大全球AI      ,2000,2000,0,0,0,0,0,0,0,24000,0,0,0,167000,143000,24000,24000
055018,緯穎元富97購02  ,0,0,0,0,0,0,0,0,0,24000,0,0,0,24000,0,24000,24000
054961,玉晶光元大99購01,0,0,0,0,0,0,0,0,0,24000,0,0,0,24000,0,24000,24000
049130,臺指反元大98購01,0,0,0,0,0,0,0,0,0,24000,0,0,0,50000,26000,24000,24000
07226P,貿聯富邦9B售01  ,0,0,0,0,0,0,0,0,0,24000,0,0,0,24000,0,24000,24000
2101,南港            ,338000,303000,35000,0,0,0,5881,0,5881,-17000,0,21000,-21000,5000,1000,4000,23881
9914,美利達          ,1267000,1224200,42800,0,0,0,840,6000,-5160,-14000,0,19000,-19000,5000,0,5000,23640
057413,臺股指群益9C購04,0,0,0,0,0,0,0,0,0,23000,0,0,0,23000,0,23000,23000
059221,聯發科元大99購21,0,0,0,0,0,0,0,0,0,23000,0,0,0,23000,0,23000,23000
059241,旺宏凱基99購07  ,0,0,0,0,0,0,0,0,0,23000,0,0,0,23000,0,23000,23000
057925,貿聯凱基99購01  ,0,0,0,0,0,0,0,0,0,23000,0,0,0,219000,196000,23000,23000
058707,泰鼎元大99購02  ,0,0,0,0,0,0,0,0,0,23000,0,0,0,43000,20000,23000,23000
058528,世紀鋼元大99購02,0,0,0,0,0,0,0,0,0,23000,0,0,0,23000,0,23000,23000
051576,台積電元大97購02,0,0,0,0,0,0,0,0,0,23000,0,0,0,23000,0,23000,23000
051756,台積電元大97購04,0,0,0,0,0,0,0,0,0,23000,0,0,0,23000,0,23000,23000
00680L,元大美債20正2   ,0,0,0,0,0,0,0,0,0,23000,0,0,0,71000,48000,23000,23000
051033,台積電兆豐95購03,0,0,0,0,0,0,0,0,0,23000,0,0,0,23000,0,23000,23000
054669,凌華元富97購01  ,0,0,0,0,0,0,0,0,0,23000,0,0,0,32000,9000,23000,23000
053962,聯茂永豐96購01  ,0,0,0,0,0,0,0,0,0,23000,0,0,0,28000,5000,23000,23000
056747,致新凱基99購01  ,0,0,0,0,0,0,0,0,0,23000,0,0,0,23000,0,23000,23000
056714,晶相光永豐98購02,0,0,0,0,0,0,0,0,0,23000,0,0,0,23000,0,23000,23000
6164,華興            ,25000,2000,23000,0,0,0,0,0,0,0,0,0,0,0,0,0,23000
5607,遠雄港          ,179000,156000,23000,0,0,0,0,0,0,0,0,0,0,0,0,0,23000
05965P,健策凱基96售05  ,0,0,0,0,0,0,0,0,0,22000,0,0,0,22000,0,22000,22000
057663,國巨元大99購08  ,0,0,0,0,0,0,0,0,0,22000,0,0,0,22000,0,22000,22000
056454,欣興凱基98購02  ,0,0,0,0,0,0,0,0,0,22000,0,0,0,26000,4000,22000,22000
05724P,致茂永豐96售01  ,0,0,0,0,0,0,0,0,0,22000,0,0,0,22000,0,22000,22000
1709,和益            ,109000,87000,22000,0,0,0,0,0,0,0,0,0,0,0,0,0,22000
1626,艾美特-KY       ,36000,14000,22000,0,0,0,0,0,0,0,0,0,0,0,0,0,22000
1762,中化生          ,323000,301000,22000,0,0,0,0,0,0,0,0,0,0,0,0,0,22000
056711,亞光永豐98購01  ,0,0,0,0,0,0,0,0,0,22000,0,0,0,32000,10000,22000,22000
056836,國巨元富98購01  ,0,0,0,0,0,0,0,0,0,22000,0,0,0,22000,0,22000,22000
054245,鴻海元大96購23  ,0,0,0,0,0,0,0,0,0,22000,0,0,0,22000,0,22000,22000
054380,世芯群益97購02  ,0,0,0,0,0,0,0,0,0,22000,0,0,0,122000,100000,22000,22000
052893,聯電群益98購01  ,0,0,0,0,0,0,0,0,0,22000,0,0,0,120000,98000,22000,22000
046477,台積電統一94購02,0,0,0,0,0,0,0,0,0,22000,0,0,0,22000,0,22000,22000
4763,材料-KY         ,29000,12000,17000,0,0,0,0,0,0,5000,7000,2000,5000,0,0,0,22000
1444,力麗            ,279000,256000,23000,0,0,0,0,0,0,-1000,0,1000,-1000,0,0,0,22000
2816,旺旺保          ,59000,38000,21000,0,0,0,0,0,0,0,0,0,0,0,0,0,21000
056237,智邦群益97購02  ,0,0,0,0,0,0,0,0,0,21000,0,0,0,21000,0,21000,21000
057767,緯穎凱基98購06  ,0,0,0,0,0,0,0,0,0,21000,0,0,0,21000,0,21000,21000
06948P,FBVIX元大01售02 ,0,0,0,0,0,0,0,0,0,21000,0,0,0,21000,0,21000,21000
057201,華擎元富98購01  ,0,0,0,0,0,0,0,0,0,21000,0,0,0,44000,23000,21000,21000
056078,勤誠元大97購01  ,0,0,0,0,0,0,0,0,0,21000,0,0,0,21000,0,21000,21000
058622,國巨國票99購07  ,0,0,0,0,0,0,0,0,0,21000,0,0,0,81000,60000,21000,21000
057980,聯詠永豐98購01  ,0,0,0,0,0,0,0,0,0,21000,0,0,0,27000,6000,21000,21000
059618,台積電日盛99購01,0,0,0,0,0,0,0,0,0,21000,0,0,0,121000,100000,21000,21000
04553P,S&P正2中信95售01,0,0,0,0,0,0,0,0,0,21000,0,0,0,21000,0,21000,21000
03662C,FBVIX凱基03牛01 ,0,0,0,0,0,0,0,0,0,21000,0,0,0,80000,59000,21000,21000
051382,玉晶光群益98購02,0,0,0,0,0,0,0,0,0,21000,0,0,0,21000,0,21000,21000
051299,致茂凱基95購01  ,0,0,0,0,0,0,0,0,0,21000,0,0,0,61000,40000,21000,21000
050896,華新科元大96購02,0,0,0,0,0,0,0,0,0,21000,0,0,0,21000,0,21000,21000
055099,可成日盛97購01  ,0,0,0,0,0,0,0,0,0,21000,0,0,0,21000,0,21000,21000
055193,世芯元富97購02  ,0,0,0,0,0,0,0,0,0,21000,0,0,0,21000,0,21000,21000
050031,嘉澤元大95購01  ,0,0,0,0,0,0,0,0,0,21000,0,0,0,21000,0,21000,21000
048848,滬深2X群益98購02,0,0,0,0,0,0,0,0,0,21000,0,0,0,21000,0,21000,21000
051739,奇力新國票97購01,0,0,0,0,0,0,0,0,0,21000,0,0,0,21000,0,21000,21000
052903,致茂國票97購01  ,0,0,0,0,0,0,0,0,0,21000,0,0,0,21000,0,21000,21000
053628,微星兆豐96購01  ,0,0,0,0,0,0,0,0,0,21000,0,0,0,21000,0,21000,21000
053562,玉晶光國泰98購02,0,0,0,0,0,0,0,0,0,21000,0,0,0,21000,0,21000,21000
05252P,華通凱基95售01  ,0,0,0,0,0,0,0,0,0,21000,0,0,0,21000,0,21000,21000
058457,創意永豐99購01  ,0,0,0,0,0,0,0,0,0,21000,0,0,0,21000,0,21000,21000
055749,智邦永昌9C購01  ,0,0,0,0,0,0,0,0,0,21000,0,0,0,21000,0,21000,21000
8499,鼎炫-KY         ,33000,12000,21000,0,0,0,0,0,0,0,0,0,0,0,0,0,21000
8249,菱光            ,33000,12000,21000,0,0,0,0,0,0,0,0,0,0,0,0,0,21000
1467,南緯            ,21000,0,21000,0,0,0,0,0,0,0,0,0,0,0,0,0,21000
9905,大華            ,70000,44000,26000,0,0,0,0,0,0,-5000,0,5000,-5000,0,0,0,21000
058506,台積電元大99購09,0,0,0,0,0,0,0,0,0,20000,0,0,0,20000,0,20000,20000
057946,晶相光國票99購01,0,0,0,0,0,0,0,0,0,20000,0,0,0,20000,0,20000,20000
058035,旭富永豐98購02  ,0,0,0,0,0,0,0,0,0,20000,0,0,0,20000,0,20000,20000
058090,聯發科元大98購16,0,0,0,0,0,0,0,0,0,20000,0,0,0,20000,0,20000,20000
056098,矽創元富97購02  ,0,0,0,0,0,0,0,0,0,20000,0,0,0,20000,0,20000,20000
057193,力成元大98購02  ,0,0,0,0,0,0,0,0,0,20000,0,0,0,40000,20000,20000,20000
059044,聯電日盛99購02  ,0,0,0,0,0,0,0,0,0,20000,0,0,0,20000,0,20000,20000
057752,臺股指國票98購08,0,0,0,0,0,0,0,0,0,20000,0,0,0,20000,0,20000,20000
057658,玉晶光兆豐99購02,0,0,0,0,0,0,0,0,0,20000,0,0,0,20000,0,20000,20000
056115,奇力新群益97購06,0,0,0,0,0,0,0,0,0,20000,0,0,0,20000,0,20000,20000
057042,台積電元大98購10,0,40000,-40000,0,0,0,0,0,0,60000,0,0,0,60000,0,60000,20000
057043,台積電元大99購02,0,0,0,0,0,0,0,0,0,20000,0,0,0,20000,0,20000,20000
059289,瑞昱元富99購01  ,0,0,0,0,0,0,0,0,0,20000,0,0,0,20000,0,20000,20000
056347,GIS凱基9A購01   ,0,0,0,0,0,0,0,0,0,20000,0,0,0,20000,0,20000,20000
056434,國巨凱基98購03  ,0,0,0,0,0,0,0,0,0,20000,0,0,0,20000,0,20000,20000
056537,冠德凱基98購01  ,0,0,0,0,0,0,0,0,0,20000,0,0,0,20000,0,20000,20000
056551,台郡凱基98購04  ,0,0,0,0,0,0,0,0,0,20000,0,0,0,25000,5000,20000,20000
056604,鴻海富邦9A購01  ,0,0,0,0,0,0,0,0,0,20000,0,0,0,20000,0,20000,20000
057263,可成兆豐99購01  ,0,0,0,0,0,0,0,0,0,20000,0,0,0,20000,0,20000,20000
057214,瑞昱群益98購01  ,0,0,0,0,0,0,0,0,0,20000,0,0,0,20000,0,20000,20000
058811,台積電統一9A購05,0,0,0,0,0,0,0,0,0,20000,0,0,0,20000,0,20000,20000
058815,華新科台新99購03,0,0,0,0,0,0,0,0,0,20000,0,0,0,20000,0,20000,20000
07105P,大毅元富99售02  ,0,0,0,0,0,0,0,0,0,20000,0,0,0,40000,20000,20000,20000
07118P,台積電凱基99售09,0,0,0,0,0,0,0,0,0,20000,0,0,0,20000,0,20000,20000
058924,晶相光元富99購02,0,0,0,0,0,0,0,0,0,20000,0,0,0,20000,0,20000,20000
058925,旭富元富99購02  ,0,0,0,0,0,0,0,0,0,20000,0,0,0,20000,0,20000,20000
058904,晶技元大99購05  ,0,0,0,0,0,0,0,0,0,20000,0,0,0,20000,0,20000,20000
055965,泰鼎元大97購03  ,0,0,0,0,0,0,0,0,0,20000,0,0,0,20000,0,20000,20000
059001,聯發科元大99購17,0,0,0,0,0,0,0,0,0,20000,0,0,0,20000,0,20000,20000
057643,聯發科元大99購03,0,0,0,0,0,0,0,0,0,20000,0,0,0,20000,0,20000,20000
2321,東訊            ,20000,0,20000,0,0,0,0,0,0,0,0,0,0,0,0,0,20000
055717,聯發科元大97購19,0,0,0,0,0,0,0,0,0,20000,0,0,0,20000,0,20000,20000
055755,禾伸堂兆豐97購02,0,0,0,0,0,0,0,0,0,20000,0,0,0,20000,0,20000,20000
055756,臺股指兆豐97購01,0,0,0,0,0,0,0,0,0,20000,0,0,0,20000,0,20000,20000
052041,鴻海日盛95購02  ,0,0,0,0,0,0,0,0,0,20000,0,0,0,20000,0,20000,20000
052090,聯發科元大97購03,0,0,0,0,0,0,0,0,0,20000,0,0,0,20000,0,20000,20000
053935,華通元富96購02  ,0,0,0,0,0,0,0,0,0,20000,0,0,0,20000,0,20000,20000
051830,健策元大97購01  ,0,0,0,0,0,0,0,0,0,20000,0,0,0,20000,0,20000,20000
05180P,玉晶光凱基95售04,0,0,0,0,0,0,0,0,0,20000,0,0,0,20000,0,20000,20000
054188,欣興永豐96購03  ,0,0,0,0,0,0,0,0,0,20000,0,0,0,20000,0,20000,20000
054089,台積電群益96購11,0,0,0,0,0,0,0,0,0,20000,0,0,0,20000,0,20000,20000
054036,T50反1元大96購08,0,0,0,0,0,0,0,0,0,20000,0,0,0,20000,0,20000,20000
058425,S&P正2元富01購02,0,0,0,0,0,0,0,0,0,20000,0,0,0,20000,0,20000,20000
056845,揚明光元富98購01,0,0,0,0,0,0,0,0,0,20000,0,0,0,20000,0,20000,20000
056864,新日興群益99購01,0,0,0,0,0,0,0,0,0,20000,0,0,0,70000,50000,20000,20000
056834,華新元富99購01  ,0,0,0,0,0,0,0,0,0,20000,0,0,0,20000,0,20000,20000
059439,健策元大9B購01  ,0,0,0,0,0,0,0,0,0,20000,0,0,0,31000,11000,20000,20000
053978,創意元大96購05  ,0,0,0,0,0,0,0,0,0,20000,0,0,0,20000,0,20000,20000
052838,新唐國泰98購01  ,0,0,0,0,0,0,0,0,0,20000,0,0,0,20000,0,20000,20000
053381,友達元大9A購02  ,0,0,0,0,0,0,0,0,0,20000,0,0,0,20000,0,20000,20000
055351,聯發科凱基97購03,0,0,0,0,0,0,0,0,0,20000,0,0,0,20000,0,20000,20000
055441,緯穎國票98購01  ,0,0,0,0,0,0,0,0,0,20000,0,0,0,20000,0,20000,20000
053683,上証2X元大96購03,0,0,0,0,0,0,0,0,0,20000,0,0,0,20000,0,20000,20000
055566,台表科凱基97購03,0,0,0,0,0,0,0,0,0,20000,0,0,0,20000,0,20000,20000
055526,台積電群益97購02,0,0,0,0,0,0,0,0,0,20000,0,0,0,20000,0,20000,20000
053768,S&P反1元大99購01,0,0,0,0,0,0,0,0,0,20000,0,0,0,40000,20000,20000,20000
054370,台積電中信9A購01,0,0,0,0,0,0,0,0,0,20000,0,0,0,20000,0,20000,20000
054520,健鼎元大96購02  ,0,0,0,0,0,0,0,0,0,20000,0,0,0,20000,0,20000,20000
049934,緯穎元大94購08  ,0,0,0,0,0,0,0,0,0,20000,0,0,0,26000,6000,20000,20000
04973P,台積電凱基94售41,0,0,0,0,0,0,0,0,0,20000,0,0,0,20000,0,20000,20000
048820,台積電凱基94購06,0,0,0,0,0,0,0,0,0,20000,0,0,0,20000,0,20000,20000
048998,玉晶光國票95購03,0,0,0,0,0,0,0,0,0,20000,0,0,0,20000,0,20000,20000
050155,華新科群益95購01,0,0,0,0,0,0,0,0,0,20000,0,0,0,20000,0,20000,20000
050177,聯發科元大94購11,0,0,0,0,0,0,0,0,0,20000,0,0,0,20000,0,20000,20000
050427,台積電凱基94購34,0,0,0,0,0,0,0,0,0,20000,0,0,0,20000,0,20000,20000
05033P,T50反1元大98售01,0,0,0,0,0,0,0,0,0,20000,0,0,0,20000,0,20000,20000
051564,和碩國泰96購01  ,0,0,0,0,0,0,0,0,0,20000,0,0,0,20000,0,20000,20000
049362,國巨元大94購04  ,0,0,0,0,0,0,0,0,0,20000,0,0,0,20000,0,20000,20000
049221,健策國票95購02  ,0,0,0,0,0,0,0,0,0,20000,0,0,0,20000,0,20000,20000
051696,新日興中信96購01,0,0,0,0,0,0,0,0,0,20000,0,0,0,20000,0,20000,20000
055218,彩晶凱基99購01  ,0,0,0,0,0,0,0,0,0,20000,0,0,0,20000,0,20000,20000
055079,台光電中信97購01,0,0,0,0,0,0,0,0,0,20000,0,0,0,20000,0,20000,20000
05316P,台積電永昌96售06,0,0,0,0,0,0,0,0,0,20000,0,0,0,140000,120000,20000,20000
054939,台積電元大97購15,0,0,0,0,0,0,0,0,0,20000,0,0,0,20000,0,20000,20000
050892,聯電元大96購02  ,0,0,0,0,0,0,0,0,0,20000,0,0,0,20000,0,20000,20000
05090P,國巨元大95售05  ,0,0,0,0,0,0,0,0,0,20000,0,0,0,20000,0,20000,20000
053118,大立光中信9C購01,0,0,0,0,0,0,0,0,0,20000,0,0,0,20000,0,20000,20000
05052P,友達群益97售01  ,0,0,0,0,0,0,0,0,0,20000,0,0,0,20000,0,20000,20000
05049P,矽創永豐95售01  ,0,0,0,0,0,0,0,0,0,20000,0,0,0,20000,0,20000,20000
050774,健策元大96購02  ,0,0,0,0,0,0,0,0,0,20000,0,0,0,20000,0,20000,20000
04795P,聯發科元大94售09,0,0,0,0,0,0,0,0,0,20000,0,0,0,20000,0,20000,20000
051148,聯發科凱基95購06,0,0,0,0,0,0,0,0,0,20000,0,0,0,20000,0,20000,20000
051100,同欣電元大95購01,0,0,0,0,0,0,0,0,0,20000,0,0,0,20000,0,20000,20000
04819P,嘉澤永豐94售01  ,0,0,0,0,0,0,0,0,0,20000,0,0,0,20000,0,20000,20000
048286,滬深2X兆豐94購04,0,0,0,0,0,0,0,0,0,20000,0,0,0,20000,0,20000,20000
050921,旺宏凱基95購02  ,0,0,0,0,0,0,0,0,0,20000,0,0,0,20000,0,20000,20000
046680,上証反群益95購01,0,0,0,0,0,0,0,0,0,20000,0,0,0,20000,0,20000,20000
047421,聯茂富邦97購01  ,0,0,0,0,0,0,0,0,0,20000,0,0,0,20000,0,20000,20000
047395,聯茂元大94購01  ,0,0,0,0,0,0,0,0,0,20000,0,0,0,20000,0,20000,20000
047521,台積電元大94購03,0,0,0,0,0,0,0,0,0,20000,0,0,0,20000,0,20000,20000
035276,南亞科台新97購01,0,0,0,0,0,0,0,0,0,20000,0,0,0,32000,12000,20000,20000
01002T,土銀國泰R1      ,21000,1000,20000,0,0,0,0,0,0,0,0,0,0,0,0,0,20000
9935,慶豐富          ,28000,8000,20000,0,0,0,0,0,0,0,0,0,0,0,0,0,20000
3712,永崴投控        ,53000,33000,20000,0,0,0,0,0,0,0,0,0,0,0,0,0,20000
5608,四維航          ,23000,3000,20000,0,0,0,0,0,0,0,0,0,0,0,0,0,20000
5525,順天            ,39000,19000,20000,0,0,0,0,0,0,0,0,0,0,0,0,0,20000
6224,聚鼎            ,108000,55000,53000,0,0,0,0,1000,-1000,-32000,0,32000,-32000,0,0,0,20000
3518,柏騰            ,69000,49000,20000,0,0,0,0,0,0,0,0,0,0,0,0,0,20000
2911,麗嬰房          ,30000,11000,19000,0,0,0,0,0,0,0,0,0,0,0,0,0,19000
05900P,臺股指凱基99售05,0,0,0,0,0,0,0,0,0,19000,0,0,0,19000,0,19000,19000
06201P,可成元大97售01  ,0,0,0,0,0,0,0,0,0,19000,0,0,0,20000,1000,19000,19000
057270,遠東新元大98購01,0,0,0,0,0,0,0,0,0,19000,0,0,0,19000,0,19000,19000
056446,聯發科凱基98購08,0,0,0,0,0,0,0,0,0,19000,0,0,0,19000,0,19000,19000
06785P,臺股指元大98售02,0,0,0,0,0,0,0,0,0,19000,0,0,0,19000,0,19000,19000
058111,健鼎元富98購01  ,0,0,0,0,0,0,0,0,0,19000,0,0,0,20000,1000,19000,19000
057861,台積電凱基98購16,0,0,0,0,0,0,0,0,0,19000,0,0,0,19000,0,19000,19000
0055,元大MSCI金融    ,3000,3000,0,0,0,0,0,0,0,19000,0,0,0,21000,2000,19000,19000
00678,群益NBI生技     ,46000,6000,40000,0,0,0,0,0,0,-21000,0,0,0,0,21000,-21000,19000
051047,深中小群益99購01,0,0,0,0,0,0,0,0,0,19000,0,0,0,19000,0,19000,19000
051603,深中小群益99購03,0,0,0,0,0,0,0,0,0,19000,0,0,0,19000,0,19000,19000
05023P,和碩凱基95售01  ,0,0,0,0,0,0,0,0,0,19000,0,0,0,19000,0,19000,19000
055383,GIS元大97購02   ,0,0,0,0,0,0,0,0,0,19000,0,0,0,19000,0,19000,19000
055358,臻鼎凱基97購01  ,0,0,0,0,0,0,0,0,0,19000,0,0,0,19000,0,19000,19000
052601,大成鋼元大96購01,0,0,0,0,0,0,0,0,0,19000,0,0,0,19000,0,19000,19000
058367,大立光凱基9A購01,0,0,0,0,0,0,0,0,0,19000,0,0,0,19000,0,19000,19000
059544,創意亞東99購01  ,0,0,0,0,0,0,0,0,0,19000,0,0,0,20000,1000,19000,19000
053786,新日興元大96購02,0,0,0,0,0,0,0,0,0,19000,0,0,0,19000,0,19000,19000
052179,康友元大95購03  ,0,0,0,0,0,0,0,0,0,19000,0,0,0,19000,0,19000,19000
3025,星通            ,21000,2000,19000,0,0,0,0,0,0,0,0,0,0,0,0,0,19000
6698,旭暉應材        ,21000,10000,11000,0,0,0,0,0,0,8000,8000,0,8000,0,0,0,19000
8033,雷虎            ,27000,8000,19000,0,0,0,0,0,0,0,0,0,0,0,0,0,19000
6558,興能高          ,29000,10000,19000,0,0,0,0,0,0,0,0,0,0,0,0,0,19000
058519,嘉澤元大99購01  ,0,0,0,0,0,0,0,0,0,18000,0,0,0,25000,7000,18000,18000
059243,聯發科凱基99購12,0,0,0,0,0,0,0,0,0,18000,0,0,0,18000,0,18000,18000
058751,南茂凱基9A購01  ,0,0,0,0,0,0,0,0,0,18000,0,0,0,18000,0,18000,18000
055974,上銀統一97購05  ,0,0,0,0,0,0,0,0,0,18000,0,0,0,18000,0,18000,18000
055995,華擎國泰99購01  ,0,0,0,0,0,0,0,0,0,18000,0,0,0,31000,13000,18000,18000
1614,三洋電          ,19000,1000,18000,0,0,0,0,0,0,0,0,0,0,0,0,0,18000
06450P,聯發科元大98售03,0,0,0,0,0,0,0,0,0,18000,0,0,0,18000,0,18000,18000
05192P,玉晶光台新96售02,0,0,0,0,0,0,0,0,0,18000,0,0,0,93000,75000,18000,18000
053407,台積電兆豐96購02,0,0,0,0,0,0,0,0,0,18000,0,0,0,45000,27000,18000,18000
055460,華擎永豐97購01  ,0,0,0,0,0,0,0,0,0,18000,0,0,0,18000,0,18000,18000
05434P,世紀鋼元富95售02,0,0,0,0,0,0,0,0,0,18000,0,0,0,63000,45000,18000,18000
050254,大立光富邦96購02,0,0,0,0,0,0,0,0,0,18000,0,0,0,18000,0,18000,18000
049108,玉晶光富邦96購02,0,0,0,0,0,0,0,0,0,18000,0,0,0,18000,0,18000,18000
051735,台積電國票96購06,0,0,0,0,0,0,0,0,0,18000,0,0,0,18000,0,18000,18000
054971,帆宣元大97購02  ,0,0,0,0,0,0,0,0,0,18000,0,0,0,18000,0,18000,18000
051380,禾伸堂群益95購01,0,0,0,0,0,0,0,0,0,18000,0,0,0,18000,0,18000,18000
048007,明基材元大96購01,0,0,0,0,0,0,0,0,0,18000,0,0,0,18000,0,18000,18000
039212,台達電台新9A購01,0,0,0,0,0,0,0,0,0,18000,0,0,0,18000,0,18000,18000
047854,滬深2X國票96購02,0,0,0,0,0,0,0,0,0,18000,0,0,0,23000,5000,18000,18000
6525,捷敏-KY         ,57000,39000,18000,0,0,0,0,0,0,0,0,0,0,0,0,0,18000
5533,皇鼎            ,45000,27000,18000,0,0,0,0,0,0,0,0,0,0,0,0,0,18000
3588,通嘉            ,24000,6000,18000,0,0,0,0,0,0,0,0,0,0,0,0,0,18000
058991,台灣50元大03購01,0,10000,-10000,0,0,0,0,0,0,27000,0,0,0,27000,0,27000,17000
059217,台積電元大99購30,0,0,0,0,0,0,0,0,0,17000,0,0,0,17000,0,17000,17000
059189,國泰金富邦9B購01,0,0,0,0,0,0,0,0,0,17000,0,0,0,17000,0,17000,17000
057123,上銀凱基98購05  ,0,0,0,0,0,0,0,0,0,17000,0,0,0,80000,63000,17000,17000
06898P,FBVIX群益9C售03 ,0,0,0,0,0,0,0,0,0,17000,0,0,0,17000,0,17000,17000
06021P,世紀鋼元富96售03,0,0,0,0,0,0,0,0,0,17000,0,0,0,17000,0,17000,17000
06648P,華邦電元大98售03,0,0,0,0,0,0,0,0,0,17000,0,0,0,55000,38000,17000,17000
06573P,台積電永昌99售02,0,0,0,0,0,0,0,0,0,17000,0,0,0,120000,103000,17000,17000
051470,玉晶光日盛95購01,0,0,0,0,0,0,0,0,0,17000,0,0,0,17000,0,17000,17000
050782,台積電國泰96購03,0,0,0,0,0,0,0,0,0,17000,0,0,0,17000,0,17000,17000
053129,緯穎凱基96購01  ,0,0,0,0,0,0,0,0,0,17000,0,0,0,36000,19000,17000,17000
049659,旺宏台新95購01  ,0,0,0,0,0,0,0,0,0,17000,0,0,0,17000,0,17000,17000
054712,上証2X中信98購02,0,0,0,0,0,0,0,0,0,17000,0,0,0,17000,0,17000,17000
053422,可成永豐96購01  ,0,0,0,0,0,0,0,0,0,17000,0,0,0,17000,0,17000,17000
051907,台積電元大97購05,0,0,0,0,0,0,0,0,0,17000,0,0,0,17000,0,17000,17000
055665,亞德客群益97購01,0,0,0,0,0,0,0,0,0,17000,0,0,0,98000,81000,17000,17000
056980,建準群益98購02  ,0,0,0,0,0,0,0,0,0,17000,0,0,0,17000,0,17000,17000
058426,旺宏元富99購02  ,0,0,0,0,0,0,0,0,0,17000,0,0,0,17000,0,17000,17000
05682P,大立光元大98售03,0,0,0,0,0,0,0,0,0,17000,0,0,0,17000,0,17000,17000
6277,宏正            ,57000,37000,20000,0,0,0,0,0,0,-3000,0,3000,-3000,0,0,0,17000
4438,廣越            ,31000,14000,17000,0,0,0,0,0,0,0,0,0,0,0,0,0,17000
058486,大立光國票9A購01,0,0,0,0,0,0,0,0,0,16000,0,0,0,16000,0,16000,16000
057868,大立光凱基98購18,0,0,0,0,0,0,0,0,0,16000,0,0,0,16000,0,16000,16000
058671,旺宏群益9A購01  ,0,0,0,0,0,0,0,0,0,16000,0,0,0,16000,0,16000,16000
059182,台灣50台新9B購03,0,0,0,0,0,0,0,0,0,16000,0,0,0,16000,0,16000,16000
059177,臺股指凱基99購28,0,0,0,0,0,0,0,0,0,16000,0,0,0,16000,0,16000,16000
2705,六福            ,17000,1000,16000,0,0,0,0,0,0,0,0,0,0,0,0,0,16000
07098P,台積電元大99售18,0,0,0,0,0,0,0,0,0,16000,0,0,0,16000,0,16000,16000
06295P,國巨元大97售14  ,0,0,0,0,0,0,0,0,0,16000,0,0,0,16000,0,16000,16000
056351,鴻海元大98購06  ,0,0,0,0,0,0,0,0,0,16000,0,0,0,35000,19000,16000,16000
056702,欣興國泰9A購01  ,0,0,0,0,0,0,0,0,0,16000,0,0,0,16000,0,16000,16000
058350,T50正2凱基9B購01,0,0,0,0,0,0,0,0,0,16000,0,0,0,16000,0,16000,16000
052160,美律永豐95購03  ,0,0,0,0,0,0,0,0,0,16000,0,0,0,16000,0,16000,16000
054107,上銀凱基97購01  ,0,0,0,0,0,0,0,0,0,16000,0,0,0,16000,0,16000,16000
055419,國巨永豐97購03  ,0,0,0,0,0,0,0,0,0,16000,0,0,0,20000,4000,16000,16000
054707,聯茂亞東97購01  ,0,0,0,0,0,0,0,0,0,16000,0,0,0,246000,230000,16000,16000
054266,緯穎元大96購07  ,0,0,0,0,0,0,0,0,0,16000,0,0,0,32000,16000,16000,16000
049583,台積電元大95購04,0,0,0,0,0,0,0,0,0,16000,0,0,0,16000,0,16000,16000
051614,元金2X凱基97購01,0,0,0,0,0,0,0,0,0,16000,0,0,0,16000,0,16000,16000
051638,聯茂國票96購01  ,0,0,0,0,0,0,0,0,0,16000,0,0,0,16000,0,16000,16000
050894,旺宏元大96購03  ,0,0,0,0,0,0,0,0,0,16000,0,0,0,16000,0,16000,16000
053351,A50正2兆豐97購01,0,0,0,0,0,0,0,0,0,16000,0,0,0,16000,0,16000,16000
04859P,台達電群益94售04,0,0,0,0,0,0,0,0,0,16000,0,0,0,16000,0,16000,16000
03669C,滬深2X元富09牛01,0,0,0,0,0,0,0,0,0,16000,0,0,0,59000,43000,16000,16000
4739,康普            ,35000,16000,19000,0,0,0,0,0,0,-3000,0,3000,-3000,0,0,0,16000
1340,勝悅-KY         ,26000,10000,16000,0,0,0,0,0,0,0,0,0,0,0,0,0,16000
3033,威健            ,130000,114000,16000,0,0,0,0,0,0,-793,0,793,-793,0,0,0,15207
056287,亞光永豐97購02  ,0,0,0,0,0,0,0,0,0,15000,0,0,0,15000,0,15000,15000
058897,國巨元大99購17  ,0,0,0,0,0,0,0,0,0,15000,0,0,0,15000,0,15000,15000
058917,SGBR2X元富99購03,0,0,0,0,0,0,0,0,0,15000,0,0,0,30000,15000,15000,15000
058782,臺股指國票99購01,0,0,0,0,0,0,0,0,0,15000,0,0,0,15000,0,15000,15000
06535P,可成群益99售02  ,0,0,0,0,0,0,0,0,0,15000,0,0,0,15000,0,15000,15000
05898P,旺宏凱基96售06  ,0,0,0,0,0,0,0,0,0,15000,0,0,0,15000,0,15000,15000
055994,聯發科國泰99購02,0,0,0,0,0,0,0,0,0,15000,0,0,0,15000,0,15000,15000
059284,緯穎永豐99購03  ,0,0,0,0,0,0,0,0,0,15000,0,0,0,15000,0,15000,15000
06028P,智邦台新97售01  ,0,0,0,0,0,0,0,0,0,15000,0,0,0,15000,0,15000,15000
057176,全新元大99購02  ,0,0,0,0,0,0,0,0,0,15000,0,0,0,15000,0,15000,15000
058230,國巨元大99購11  ,0,0,0,0,0,0,0,0,0,15000,0,0,0,22000,7000,15000,15000
057881,SP黃豆群益9A購01,0,0,0,0,0,0,0,0,0,15000,0,0,0,15000,0,15000,15000
058597,瑞昱台新99購01  ,0,0,0,0,0,0,0,0,0,15000,0,0,0,25000,10000,15000,15000
058491,滬深2X群益01購01,0,0,0,0,0,0,0,0,0,15000,0,0,0,15000,0,15000,15000
059508,聯發科永豐99購03,0,0,0,0,0,0,0,0,0,15000,0,0,0,15000,0,15000,15000
06661P,玉晶光永豐98售05,0,0,0,0,0,0,0,0,0,15000,0,0,0,15000,0,15000,15000
06692P,瑞昱凱基98售03  ,0,0,0,0,0,0,0,0,0,15000,0,0,0,15000,0,15000,15000
04344P,台達電國泰94售01,0,0,0,0,0,0,0,0,0,15000,0,0,0,15000,0,15000,15000
048248,聯發科兆豐95購01,0,0,0,0,0,0,0,0,0,15000,0,0,0,15000,0,15000,15000
047372,創意國票94購01  ,0,0,0,0,0,0,0,0,0,15000,0,0,0,15000,0,15000,15000
055127,台虹兆豐97購01  ,0,0,0,0,0,0,0,0,0,15000,0,0,0,15000,0,15000,15000
050722,聯電國票96購01  ,0,0,0,0,0,0,0,0,0,15000,0,0,0,15000,0,15000,15000
050525,嘉晶元大95購02  ,0,0,0,0,0,0,0,0,0,15000,0,0,0,15000,0,15000,15000
049595,麗豐元大95購01  ,0,0,0,0,0,0,0,0,0,15000,0,0,0,15000,0,15000,15000
049482,國巨元大94購06  ,0,0,0,0,0,0,0,0,0,15000,0,0,0,15000,0,15000,15000
05037P,華新科元大95售09,0,0,0,0,0,0,0,0,0,15000,0,0,0,15000,0,15000,15000
050100,台積電永昌96購02,0,0,0,0,0,0,0,0,0,15000,0,0,0,555000,540000,15000,15000
050005,京鼎永豐94購01  ,0,0,0,0,0,0,0,0,0,15000,0,0,0,15000,0,15000,15000
055542,亞德客凱基97購01,0,0,0,0,0,0,0,0,0,15000,0,0,0,15000,0,15000,15000
053610,矽力中信98購01  ,0,0,0,0,0,0,0,0,0,15000,0,0,0,15000,0,15000,15000
055330,上銀兆豐98購02  ,0,0,0,0,0,0,0,0,0,15000,0,0,0,15000,0,15000,15000
052576,聯茂凱基96購01  ,0,0,0,0,0,0,0,0,0,15000,0,0,0,15000,0,15000,15000
052577,台積電統一96購01,0,0,0,0,0,0,0,0,0,15000,0,0,0,15000,0,15000,15000
052515,矽力凱基95購02  ,0,0,0,0,0,0,0,0,0,15000,0,0,0,15000,0,15000,15000
051961,泰碩永豐95購01  ,0,0,0,0,0,0,0,0,0,15000,0,0,0,15000,0,15000,15000
052085,聯電元大95購01  ,0,0,0,0,0,0,0,0,0,15000,0,0,0,15000,0,15000,15000
056892,旺宏元大9A購02  ,0,0,0,0,0,0,0,0,0,15000,0,0,0,15000,0,15000,15000
059477,FBVIX群益99購01 ,0,0,0,0,0,0,0,0,0,15000,0,0,0,15000,0,15000,15000
058551,義隆永豐99購03  ,0,0,0,0,0,0,0,0,0,14000,0,0,0,32000,18000,14000,14000
06802P,緯穎群益98售03  ,0,0,0,0,0,0,0,0,0,14000,0,0,0,69000,55000,14000,14000
057721,華擎元富98購02  ,0,0,0,0,0,0,0,0,0,14000,0,0,0,14000,0,14000,14000
2348,海悅            ,29000,15000,14000,0,0,0,0,0,0,0,3000,3000,0,0,0,0,14000
2109,華豐            ,47000,33000,14000,0,0,0,0,0,0,0,0,0,0,0,0,0,14000
06211P,鴻海元大98售04  ,0,0,0,0,0,0,0,0,0,14000,0,0,0,14000,0,14000,14000
056852,矽格元富98購01  ,0,0,0,0,0,0,0,0,0,14000,0,0,0,14000,0,14000,14000
053353,玉晶光兆豐97購03,0,0,0,0,0,0,0,0,0,14000,0,0,0,14000,0,14000,14000
051485,玉晶光凱基97購02,0,0,0,0,0,0,0,0,0,14000,0,0,0,14000,0,14000,14000
051361,泰鼎元大95購01  ,0,0,0,0,0,0,0,0,0,14000,0,0,0,14000,0,14000,14000
9939,宏全            ,320659,261000,59659,0,0,0,2000,2000,0,-46000,1000,48000,-47000,1000,0,1000,13659
058851,大立光群益99購07,0,0,0,0,0,0,0,0,0,13000,0,0,0,13000,0,13000,13000
056257,聯茂元富97購04  ,0,0,0,0,0,0,0,0,0,13000,0,0,0,13000,0,13000,13000
056313,聯茂元大98購01  ,0,0,0,0,0,0,0,0,0,13000,0,0,0,13000,0,13000,13000
056509,晶相光永豐98購01,0,0,0,0,0,0,0,0,0,13000,0,0,0,13000,0,13000,13000
056498,A50正2富邦9B購01,0,0,0,0,0,0,0,0,0,13000,0,0,0,13000,0,13000,13000
056593,台積電元富98購02,0,0,0,0,0,0,0,0,0,13000,0,0,0,13000,0,13000,13000
2228,劍麟            ,100000,87000,13000,0,0,0,0,0,0,0,0,0,0,0,0,0,13000
2374,佳能            ,54000,41000,13000,0,0,0,0,0,0,0,0,0,0,0,0,0,13000
057782,台積電國票99購07,0,0,0,0,0,0,0,0,0,13000,0,0,0,13000,0,13000,13000
059315,鴻海元大99購30  ,0,0,0,0,0,0,0,0,0,13000,0,0,0,13000,0,13000,13000
058727,嘉晶富邦9A購01  ,0,0,0,0,0,0,0,0,0,13000,0,0,0,13000,0,13000,13000
058582,禾伸堂群益99購02,0,0,0,0,0,0,0,0,0,13000,0,0,0,13000,0,13000,13000
058509,聯發科元大99購12,0,0,0,0,0,0,0,0,0,13000,0,0,0,13000,0,13000,13000
058227,台灣50元大9C購01,0,0,0,0,0,0,0,0,0,13000,0,0,0,13000,0,13000,13000
051283,亞德客統一95購01,0,0,0,0,0,0,0,0,0,13000,0,0,0,13000,0,13000,13000
051462,世芯國泰97購01  ,0,0,0,0,0,0,0,0,0,13000,0,0,0,13000,0,13000,13000
036084,台灣50台新98購01,0,0,0,0,0,0,0,0,0,13000,0,0,0,13000,0,13000,13000
054963,牧德元大97購02  ,0,0,0,0,0,0,0,0,0,13000,0,0,0,13000,0,13000,13000
055058,大毅永豐97購01  ,0,0,0,0,0,0,0,0,0,13000,0,0,0,13000,0,13000,13000
058403,玉晶光元大99購12,0,0,0,0,0,0,0,0,0,13000,0,0,0,35000,22000,13000,13000
052055,緯穎凱基95購03  ,0,0,0,0,0,0,0,0,0,13000,0,0,0,29000,16000,13000,13000
052516,臺股指凱基95購20,13000,0,13000,0,0,0,0,0,0,0,0,0,0,0,0,0,13000
052345,矽力凱基95購01  ,0,0,0,0,0,0,0,0,0,13000,0,0,0,13000,0,13000,13000
055559,大立光凱基97購09,0,0,0,0,0,0,0,0,0,13000,0,0,0,13000,0,13000,13000
05551P,電子類元大96售01,0,0,0,0,0,0,0,0,0,13000,0,0,0,20000,7000,13000,13000
5007,三星            ,34000,21000,13000,0,0,0,0,0,0,0,0,0,0,0,0,0,13000
3032,偉訓            ,22000,9000,13000,0,0,0,0,0,0,0,0,0,0,0,0,0,13000
1203,味王            ,25000,12000,13000,0,0,0,0,0,0,0,0,0,0,0,0,0,13000
058058,大立光元富9B購02,0,0,0,0,0,0,0,0,0,12000,0,0,0,12000,0,12000,12000
057806,國巨元大98購20  ,0,0,0,0,0,0,0,0,0,12000,0,0,0,12000,0,12000,12000
059330,台灣50國票99購10,0,0,0,0,0,0,0,0,0,12000,0,0,0,12000,0,12000,12000
059271,台灣50元大01購05,0,0,0,0,0,0,0,0,0,12000,0,0,0,12000,0,12000,12000
059232,台灣50凱基03購01,0,0,0,0,0,0,0,0,0,12000,0,0,0,12000,0,12000,12000
057772,台積電群益99購01,0,0,0,0,0,0,0,0,0,12000,0,0,0,14000,2000,12000,12000
2851,中再保          ,116000,104000,12000,0,0,0,0,0,0,0,0,0,0,0,0,0,12000
059032,元石油群益9C購03,0,0,0,0,0,0,0,0,0,12000,0,0,0,12000,0,12000,12000
06307P,聚陽元富97售02  ,0,0,0,0,0,0,0,0,0,12000,0,0,0,12000,0,12000,12000
06554P,臺股指元大99售06,0,0,0,0,0,0,0,0,0,12000,0,0,0,12000,0,12000,12000
056580,泰鼎元大9A購01  ,0,0,0,0,0,0,0,0,0,12000,0,0,0,12000,0,12000,12000
057482,微星元大98購03  ,0,0,0,0,0,0,0,0,0,12000,0,0,0,86000,74000,12000,12000
056206,泰鼎永豐97購01  ,0,0,0,0,0,0,0,0,0,12000,0,0,0,12000,0,12000,12000
06212P,華新科元大97售11,0,0,0,0,0,0,0,0,0,12000,0,0,0,155000,143000,12000,12000
058910,泰鼎元大99購03  ,0,0,0,0,0,0,0,0,0,12000,0,0,0,87000,75000,12000,12000
058900,旺宏元大99購11  ,0,0,0,0,0,0,0,0,0,12000,0,0,0,12000,0,12000,12000
055555,全新凱基9A購01  ,0,0,0,0,0,0,0,0,0,12000,0,0,0,12000,0,12000,12000
055585,國巨元大98購08  ,0,0,0,0,0,0,0,0,0,12000,0,0,0,12000,0,12000,12000
052937,國巨兆豐97購01  ,0,0,0,0,0,0,0,0,0,12000,0,0,0,12000,0,12000,12000
054212,聯詠國票97購03  ,0,30000,-30000,0,0,0,0,0,0,42000,0,0,0,42000,0,42000,12000
052594,友訊群益98購01  ,0,0,0,0,0,0,0,0,0,12000,0,0,0,12000,0,12000,12000
052693,微星中信96購01  ,0,0,0,0,0,0,0,0,0,12000,0,0,0,12000,0,12000,12000
055371,正崴元大97購02  ,0,0,0,0,0,0,0,0,0,12000,0,0,0,12000,0,12000,12000
052003,泰碩國泰97購02  ,0,0,0,0,0,0,0,0,0,12000,0,0,0,12000,0,12000,12000
055716,致茂元大97購01  ,0,0,0,0,0,0,0,0,0,12000,0,0,0,23000,11000,12000,12000
054808,東元元大9A購01  ,0,0,0,0,0,0,0,0,0,12000,0,0,0,318000,306000,12000,12000
053194,緯穎統一99購01  ,0,0,0,0,0,0,0,0,0,12000,0,0,0,12000,0,12000,12000
050572,大立光中信97購01,0,0,0,0,0,0,0,0,0,12000,0,0,0,12000,0,12000,12000
050869,健策永豐95購01  ,0,0,0,0,0,0,0,0,0,12000,0,0,0,12000,0,12000,12000
049152,大立光元大95購06,0,0,0,0,0,0,0,0,0,12000,0,0,0,12000,0,12000,12000
051577,台積電元大97購03,0,0,0,0,0,0,0,0,0,12000,0,0,0,14000,2000,12000,12000
04923P,GIS凱基94售06   ,0,0,0,0,0,0,0,0,0,12000,0,0,0,12000,0,12000,12000
03417B,臺股指凱基95熊19,0,0,0,0,0,0,0,0,0,12000,0,0,0,12000,0,12000,12000
00666R,富邦恒生國企反1 ,16000,0,16000,0,0,0,0,0,0,-4000,0,0,0,80000,84000,-4000,12000
04846P,旺宏凱基94售07  ,0,0,0,0,0,0,0,0,0,12000,0,0,0,12000,0,12000,12000
04380P,欣興元大94售02  ,0,0,0,0,0,0,0,0,0,12000,0,0,0,12000,0,12000,12000
045753,大立光國泰94購02,0,0,0,0,0,0,0,0,0,12000,0,0,0,12000,0,12000,12000
1219,福壽            ,16000,4000,12000,0,0,0,0,0,0,0,0,0,0,0,0,0,12000
4557,永新-KY         ,13000,1000,12000,0,0,0,0,0,0,0,0,0,0,0,0,0,12000
8454,富邦媒          ,55000,35000,20000,0,0,0,635,0,635,-9000,0,9000,-9000,0,0,0,11635
058852,貿聯群益99購04  ,0,0,0,0,0,0,0,0,0,11000,0,0,0,11000,0,11000,11000
057307,瀚宇博兆豐99購01,0,0,0,0,0,0,0,0,0,11000,0,0,0,11000,0,11000,11000
057318,台光電凱基9A購01,0,0,0,0,0,0,0,0,0,11000,0,0,0,11000,0,11000,11000
056236,台積電群益97購06,0,0,0,0,0,0,0,0,0,11000,0,0,0,11000,0,11000,11000
056517,茂林兆豐99購01  ,0,0,0,0,0,0,0,0,0,11000,0,0,0,11000,0,11000,11000
2358,廷鑫            ,29000,18000,11000,0,0,0,0,0,0,0,0,0,0,0,0,0,11000
1786,科妍            ,32000,21000,11000,0,0,0,0,0,0,0,2000,2000,0,0,0,0,11000
2013,中鋼構          ,50000,36000,14000,0,0,0,0,0,0,-3000,0,3000,-3000,0,0,0,11000
1817,凱撒衛          ,15000,4000,11000,0,0,0,0,0,0,0,0,0,0,0,0,0,11000
057785,智邦國票99購02  ,0,0,0,0,0,0,0,0,0,11000,0,0,0,11000,0,11000,11000
059285,台灣50元富01購02,0,0,0,0,0,0,0,0,0,11000,0,0,0,11000,0,11000,11000
06073P,健策永豐97售01  ,0,0,0,0,0,0,0,0,0,11000,0,0,0,11000,0,11000,11000
06075P,智邦凱基97售02  ,0,0,0,0,0,0,0,0,0,11000,0,0,0,11000,0,11000,11000
059576,臺股指凱基99購42,0,0,0,0,0,0,0,0,0,11000,0,0,0,22000,11000,11000,11000
059491,國巨國票9A購05  ,0,0,0,0,0,0,0,0,0,11000,0,0,0,29000,18000,11000,11000
057880,金融類元大99購02,0,0,0,0,0,0,0,0,0,11000,0,0,0,11000,0,11000,11000
059668,台灣50元富9B購04,0,0,0,0,0,0,0,0,0,11000,0,0,0,11000,0,11000,11000
048273,南電富邦97購01  ,0,0,0,0,0,0,0,0,0,11000,0,0,0,11000,0,11000,11000
051406,泰鼎永豐96購01  ,0,0,0,0,0,0,0,0,0,11000,0,0,0,11000,0,11000,11000
006207,FH滬深          ,4000,232000,-228000,0,0,0,0,0,0,239000,0,0,0,286000,47000,239000,11000
020008,元大特股高息N   ,0,0,0,0,0,0,0,0,0,11000,0,0,0,39000,28000,11000,11000
03412P,滬深2X群益98售01,0,0,0,0,0,0,0,0,0,11000,0,0,0,11000,0,11000,11000
035275,台積電台新97購01,0,0,0,0,0,0,0,0,0,11000,0,0,0,11000,0,11000,11000
049344,華固統一94購01  ,0,0,0,0,0,0,0,0,0,11000,0,0,0,11000,0,11000,11000
049310,台積電凱基94購15,0,0,0,0,0,0,0,0,0,11000,0,0,0,11000,0,11000,11000
05479P,華新科台新96售01,0,0,0,0,0,0,0,0,0,11000,0,0,0,641000,630000,11000,11000
056848,泰鼎元富98購01  ,0,0,0,0,0,0,0,0,0,11000,0,0,0,11000,0,11000,11000
05684P,臺股指元大96售09,0,0,0,0,0,0,0,0,0,11000,0,0,0,11000,0,11000,11000
053977,新日興元大96購03,0,0,0,0,0,0,0,0,0,11000,0,0,0,11000,0,11000,11000
059429,台積電元大99購35,0,0,0,0,0,0,0,0,0,11000,0,0,0,16000,5000,11000,11000
053498,大立光兆豐96購03,0,0,0,0,0,0,0,0,0,11000,0,0,0,11000,0,11000,11000
052508,矽力日盛95購02  ,0,0,0,0,0,0,0,0,0,11000,0,0,0,21000,10000,11000,11000
054535,旺宏富邦97購02  ,0,0,0,0,0,0,0,0,0,11000,0,0,0,11000,0,11000,11000
054463,瑞昱凱基97購01  ,0,0,0,0,0,0,0,0,0,11000,0,0,0,76000,65000,11000,11000
055488,華邦電元大98購01,0,0,0,0,0,0,0,0,0,11000,0,0,0,11000,0,11000,11000
07210P,智邦凱基99售03  ,0,0,0,0,0,0,0,0,0,11000,0,0,0,61000,50000,11000,11000
2923,鼎固-KY         ,0,0,0,0,0,0,10117,0,10117,0,0,0,0,0,0,0,10117
2939,凱羿-KY         ,13000,3000,10000,0,0,0,0,0,0,0,0,0,0,0,0,0,10000
2429,銘旺科          ,17000,7000,10000,0,0,0,0,0,0,0,0,0,0,0,0,0,10000
06323P,台郡統一97售01  ,0,0,0,0,0,0,0,0,0,10000,0,0,0,10000,0,10000,10000
059003,中壽元大99購01  ,0,0,0,0,0,0,0,0,0,10000,0,0,0,10000,0,10000,10000
058990,GIS凱基99購02   ,0,0,0,0,0,0,0,0,0,10000,0,0,0,10000,0,10000,10000
057640,台積電元大98購16,0,0,0,0,0,0,0,0,0,10000,0,0,0,10000,0,10000,10000
055949,亞德客元大97購04,0,0,0,0,0,0,0,0,0,10000,0,0,0,22000,12000,10000,10000
057529,嘉晶元大99購02  ,0,0,0,0,0,0,0,0,0,10000,0,0,0,10000,0,10000,10000
056442,瑞昱凱基98購02  ,0,0,0,0,0,0,0,0,0,10000,0,0,0,10000,0,10000,10000
056457,嘉澤凱基98購01  ,0,0,0,0,0,0,0,0,0,10000,0,0,0,10000,0,10000,10000
056224,聯發科凱基97購08,0,0,0,0,0,0,0,0,0,10000,0,0,0,10000,0,10000,10000
056238,聯發科群益98購02,0,0,0,0,0,0,0,0,0,10000,0,0,0,10000,0,10000,10000
056279,新日興富邦99購01,0,0,0,0,0,0,0,0,0,10000,0,0,0,10000,0,10000,10000
056222,台積電凱基9A購01,0,0,0,0,0,0,0,0,0,10000,0,0,0,10000,0,10000,10000
056196,聯茂富邦98購02  ,0,0,0,0,0,0,0,0,0,10000,0,0,0,10000,0,10000,10000
056314,力成元大97購01  ,0,0,0,0,0,0,0,0,0,10000,0,0,0,11000,1000,10000,10000
056297,台光電元大97購04,0,0,0,0,0,0,0,0,0,10000,0,0,0,10000,0,10000,10000
056374,聯發科統一9B購01,0,0,0,0,0,0,0,0,0,10000,0,0,0,10000,0,10000,10000
056366,玉晶光元大99購04,0,0,0,0,0,0,0,0,0,10000,0,0,0,10000,0,10000,10000
057445,華通元富02購01  ,0,0,0,0,0,0,0,0,0,10000,0,0,0,10000,0,10000,10000
057458,TPK富邦9A購01   ,0,0,0,0,0,0,0,0,0,10000,0,0,0,10000,0,10000,10000
057385,光罩永豐99購01  ,0,0,0,0,0,0,0,0,0,10000,0,0,0,10000,0,10000,10000
057438,禾伸堂國票99購01,0,0,0,0,0,0,0,0,0,10000,0,0,0,10000,0,10000,10000
057498,台郡元大98購04  ,0,0,0,0,0,0,0,0,0,10000,0,0,0,10000,0,10000,10000
055841,南亞科元大97購04,0,0,0,0,0,0,0,0,0,10000,0,0,0,10000,0,10000,10000
056601,鈺齊元富98購01  ,0,0,0,0,0,0,0,0,0,10000,0,0,0,10000,0,10000,10000
056657,華邦電元大99購01,0,0,0,0,0,0,0,0,0,10000,0,0,0,10000,0,10000,10000
056680,華通統一98購04  ,0,0,0,0,0,0,0,0,0,10000,0,0,0,17000,7000,10000,10000
056675,聯發科元富02購01,0,0,0,0,0,0,0,0,0,10000,0,0,0,10000,0,10000,10000
058947,SGBR2X群益9B購02,0,0,0,0,0,0,0,0,0,10000,0,0,0,10000,0,10000,10000
057373,大立光元大98購17,0,0,0,0,0,0,0,0,0,10000,0,0,0,10000,0,10000,10000
058844,元油2X群益9C購03,0,0,0,0,0,0,0,0,0,10000,0,0,0,20000,10000,10000,10000
057283,欣興元大98購07  ,0,0,0,0,0,0,0,0,0,10000,0,0,0,20000,10000,10000,10000
058826,台積電永豐99購02,0,0,0,0,0,0,0,0,0,10000,0,0,0,10000,0,10000,10000
058770,貿聯兆豐9A購01  ,0,0,0,0,0,0,0,0,0,10000,0,0,0,10000,0,10000,10000
058745,元金2X凱基9C購02,0,0,0,0,0,0,0,0,0,10000,0,0,0,10000,0,10000,10000
058761,欣興群益99購02  ,0,0,0,0,0,0,0,0,0,10000,0,0,0,10000,0,10000,10000
058891,元油2X元大9C購07,0,0,0,0,0,0,0,0,0,10000,0,0,0,10000,0,10000,10000
06153P,健策元大97售04  ,0,0,0,0,0,0,0,0,0,10000,0,0,0,10000,0,10000,10000
06127P,泰碩元富97售01  ,0,0,0,0,0,0,0,0,0,10000,0,0,0,10000,0,10000,10000
07041P,T50反1元大9C售01,0,0,0,0,0,0,0,0,0,10000,0,0,0,10000,0,10000,10000
07088P,訊芯永豐99售02  ,0,0,0,0,0,0,0,0,0,10000,0,0,0,10000,0,10000,10000
07078P,鴻海群益99售02  ,0,0,0,0,0,0,0,0,0,10000,0,0,0,10000,0,10000,10000
056064,大立光元大97購14,0,0,0,0,0,0,0,0,0,10000,0,0,0,10000,0,10000,10000
057976,旺宏永豐98購03  ,0,0,0,0,0,0,0,0,0,10000,0,0,0,20000,10000,10000,10000
058060,貿聯元富98購01  ,0,0,0,0,0,0,0,0,0,10000,0,0,0,10000,0,10000,10000
058050,台郡元大99購05  ,0,0,0,0,0,0,0,0,0,10000,0,0,0,10000,0,10000,10000
058011,台虹國票99購01  ,0,0,0,0,0,0,0,0,0,10000,0,0,0,10000,0,10000,10000
058020,大立光凱基99購03,0,0,0,0,0,0,0,0,0,10000,0,0,0,10000,0,10000,10000
058152,聯發科統一9B購02,0,0,0,0,0,0,0,0,0,10000,0,0,0,10000,0,10000,10000
058088,鴻海元大9A購01  ,0,0,0,0,0,0,0,0,0,10000,0,0,0,10000,0,10000,10000
058089,聯發科元大98購15,0,0,0,0,0,0,0,0,0,10000,0,0,0,10000,0,10000,10000
059488,大立光兆豐99購03,0,0,0,0,0,0,0,0,0,10000,0,0,0,10000,0,10000,10000
059490,國巨國票99購09  ,0,0,0,0,0,0,0,0,0,10000,0,0,0,10000,0,10000,10000
058505,台積電元大99購08,0,0,0,0,0,0,0,0,0,10000,0,0,0,10000,0,10000,10000
058475,台積電凱基99購06,0,0,0,0,0,0,0,0,0,10000,0,0,0,10000,0,10000,10000
059520,台表科永豐99購02,0,0,0,0,0,0,0,0,0,10000,0,0,0,36000,26000,10000,10000
06577P,聯發科日盛9A售02,0,0,0,0,0,0,0,0,0,10000,0,0,0,10000,0,10000,10000
06608P,立積群益99售02  ,0,0,0,0,0,0,0,0,0,10000,0,0,0,10000,0,10000,10000
06649P,聯發科元大98售08,0,0,0,0,0,0,0,0,0,10000,0,0,0,10000,0,10000,10000
06638P,鴻海統一99售02  ,0,0,0,0,0,0,0,0,0,10000,0,0,0,10000,0,10000,10000
058601,台積電元大99購10,0,0,0,0,0,0,0,0,0,10000,0,0,0,10000,0,10000,10000
059061,晶技凱基9A購01  ,0,0,0,0,0,0,0,0,0,10000,0,0,0,10000,0,10000,10000
059119,華擎永豐99購02  ,0,0,0,0,0,0,0,0,0,10000,0,0,0,10000,0,10000,10000
059085,鴻海元大99購25  ,0,0,0,0,0,0,0,0,0,10000,0,0,0,10000,0,10000,10000
059090,台新金元大99購01,0,0,0,0,0,0,0,0,0,10000,0,0,0,10000,0,10000,10000
05984P,台積電統一98售01,0,0,0,0,0,0,0,0,0,10000,0,0,0,10000,0,10000,10000
06949P,台表科元大99售01,0,0,0,0,0,0,0,0,0,10000,0,0,0,12000,2000,10000,10000
057183,玉晶光元大99購07,0,0,0,0,0,0,0,0,0,10000,0,0,0,10000,0,10000,10000
06839P,玉晶光統一9A售05,0,0,0,0,0,0,0,0,0,10000,0,0,0,10000,0,10000,10000
06884P,台郡群益98售03  ,0,0,0,0,0,0,0,0,0,10000,0,0,0,10000,0,10000,10000
06876P,台灣50兆豐9B售01,0,0,0,0,0,0,0,0,0,10000,0,0,0,18000,8000,10000,10000
059256,臺股指凱基99購34,0,0,0,0,0,0,0,0,0,10000,0,0,0,10000,0,10000,10000
059344,長榮航凱基99購01,0,0,0,0,0,0,0,0,0,10000,0,0,0,10000,0,10000,10000
059170,康控凱基9B購01  ,0,0,0,0,0,0,0,0,0,10000,0,0,0,10000,0,10000,10000
059210,鴻海元大99購26  ,0,0,0,0,0,0,0,0,0,10000,0,0,0,10000,0,10000,10000
057686,中50凱基99購01  ,0,0,0,0,0,0,0,0,0,10000,0,0,0,10000,0,10000,10000
057734,訊芯國泰9A購01  ,0,0,0,0,0,0,0,0,0,10000,0,0,0,10000,0,10000,10000
056172,鴻海元富97購11  ,0,0,0,0,0,0,0,0,0,10000,0,0,0,10000,0,10000,10000
056145,緯穎元大98購03  ,0,0,0,0,0,0,0,0,0,10000,0,0,0,40000,30000,10000,10000
057069,台積電永豐98購02,0,0,0,0,0,0,0,0,0,10000,0,0,0,10000,0,10000,10000
057044,旺宏元大98購08  ,0,0,0,0,0,0,0,0,0,10000,0,0,0,10000,0,10000,10000
057074,立積永豐98購01  ,0,0,0,0,0,0,0,0,0,10000,0,0,0,10000,0,10000,10000
057000,亞德客國票99購01,0,0,0,0,0,0,0,0,0,10000,0,0,0,10000,0,10000,10000
057795,鴻海兆豐99購02  ,0,0,0,0,0,0,0,0,0,10000,0,0,0,10000,0,10000,10000
055520,矽力中信97購02  ,0,0,0,0,0,0,0,0,0,10000,0,0,0,10000,0,10000,10000
055583,國巨元大97購10  ,0,0,0,0,0,0,0,0,0,10000,0,0,0,10000,0,10000,10000
055554,聯發科凱基97購06,0,0,0,0,0,0,0,0,0,10000,0,0,0,10000,0,10000,10000
055565,祥碩凱基97購01  ,0,0,0,0,0,0,0,0,0,10000,0,0,0,10000,0,10000,10000
05358P,大立光元大95售09,0,0,0,0,0,0,0,0,0,10000,0,0,0,10000,0,10000,10000
054480,和碩中信98購01  ,0,0,0,0,0,0,0,0,0,10000,0,0,0,10000,0,10000,10000
054702,智邦第一97購01  ,0,0,0,0,0,0,0,0,0,10000,0,0,0,10000,0,10000,10000
054739,義隆凱基98購02  ,0,0,0,0,0,0,0,0,0,10000,0,0,0,10000,0,10000,10000
054667,神基元富97購01  ,0,0,0,0,0,0,0,0,0,10000,0,0,0,10000,0,10000,10000
054571,楠梓電元大99購01,0,0,0,0,0,0,0,0,0,10000,0,0,0,10000,0,10000,10000
054424,大成鋼富邦97購02,0,0,0,0,0,0,0,0,0,10000,0,0,0,10000,0,10000,10000
054432,台積電台新96購05,0,0,0,0,0,0,0,0,0,10000,0,0,0,10000,0,10000,10000
052569,聯發科凱基96購08,0,0,0,0,0,0,0,0,0,10000,0,0,0,10000,0,10000,10000
05232P,緯穎群益95售01  ,0,0,0,0,0,0,0,0,0,10000,0,0,0,10000,0,10000,10000
052447,聯發科元大96購04,0,0,0,0,0,0,0,0,0,10000,0,0,0,10000,0,10000,10000
052470,華新科亞東97購01,0,0,0,0,0,0,0,0,0,10000,0,0,0,700000,690000,10000,10000
052719,致新凱基96購01  ,0,0,0,0,0,0,0,0,0,10000,0,0,0,10000,0,10000,10000
052619,茂林國泰99購01  ,0,0,0,0,0,0,0,0,0,10000,0,0,0,10000,0,10000,10000
052687,國泰金元大96購03,0,0,0,0,0,0,0,0,0,10000,0,0,0,40000,30000,10000,10000
052811,玉晶光台新96購03,0,0,0,0,0,0,0,0,0,10000,0,0,0,10000,0,10000,10000
052725,為升元富96購01  ,0,0,0,0,0,0,0,0,0,10000,0,0,0,10000,0,10000,10000
053457,旺宏國泰98購03  ,0,0,0,0,0,0,0,0,0,10000,0,0,0,10000,0,10000,10000
053472,漢唐元大96購02  ,0,0,0,0,0,0,0,0,0,10000,0,0,0,10000,0,10000,10000
053474,聯發科元大97購06,0,0,0,0,0,0,0,0,0,10000,0,0,0,10000,0,10000,10000
053489,上銀兆豐97購01  ,0,0,0,0,0,0,0,0,0,10000,0,0,0,10000,0,10000,10000
055311,健策群益98購02  ,0,0,0,0,0,0,0,0,0,10000,0,0,0,10000,0,10000,10000
055302,達方元大97購01  ,0,0,0,0,0,0,0,0,0,10000,0,0,0,40000,30000,10000,10000
053449,超眾凱基98購01  ,0,0,0,0,0,0,0,0,0,10000,0,0,0,10000,0,10000,10000
05539P,鎧勝永豐96售01  ,0,0,0,0,0,0,0,0,0,10000,0,0,0,10000,0,10000,10000
055404,超眾元富97購01  ,0,0,0,0,0,0,0,0,0,10000,0,0,0,86000,76000,10000,10000
059472,T50正2群益99購01,0,0,0,0,0,0,0,0,0,10000,0,0,0,10000,0,10000,10000
059449,滬深2X永豐99購03,0,0,0,0,0,0,0,0,0,10000,0,0,0,10000,0,10000,10000
056838,旺宏元富98購01  ,0,0,0,0,0,0,0,0,0,10000,0,0,0,10000,0,10000,10000
056777,矽力元大98購02  ,0,0,0,0,0,0,0,0,0,10000,0,0,0,10000,0,10000,10000
05677P,玉晶光群益98售03,0,0,0,0,0,0,0,0,0,10000,0,0,0,10000,0,10000,10000
058398,中環元大99購02  ,0,0,0,0,0,0,0,0,0,10000,0,0,0,10000,0,10000,10000
058312,大毅國泰9B購01  ,0,0,0,0,0,0,0,0,0,10000,0,0,0,10000,0,10000,10000
056869,國巨日盛99購03  ,0,0,0,0,0,0,0,0,0,10000,0,0,0,10000,0,10000,10000
056858,國巨群益99購03  ,0,0,0,0,0,0,0,0,0,10000,0,0,0,10000,0,10000,10000
056976,喬山群益98購01  ,0,0,0,0,0,0,0,0,0,10000,0,0,0,10000,0,10000,10000
058412,聯發科兆豐99購01,0,0,0,0,0,0,0,0,0,10000,0,0,0,10000,0,10000,10000
058402,欣興元大99購04  ,0,0,0,0,0,0,0,0,0,10000,0,0,0,11000,1000,10000,10000
058442,玉晶光台新99購01,0,0,0,0,0,0,0,0,0,10000,0,0,0,20000,10000,10000,10000
054800,訊芯群益99購01  ,0,0,0,0,0,0,0,0,0,10000,0,0,0,10000,0,10000,10000
054761,台光電國票98購02,0,0,0,0,0,0,0,0,0,10000,0,0,0,10000,0,10000,10000
054735,漢唐凱基98購01  ,0,0,0,0,0,0,0,0,0,10000,0,0,0,10000,0,10000,10000
054841,亞德客兆豐97購01,0,50000,-50000,0,0,0,0,0,0,60000,0,0,0,60000,0,60000,10000
054811,裕隆元大9A購01  ,0,0,0,0,0,0,0,0,0,10000,0,0,0,10000,0,10000,10000
054888,泰碩統一97購01  ,0,0,0,0,0,0,0,0,0,10000,0,0,0,10000,0,10000,10000
055790,南電凱基97購01  ,0,0,0,0,0,0,0,0,0,10000,0,0,0,10000,0,10000,10000
055772,致茂凱基97購01  ,0,0,0,0,0,0,0,0,0,10000,0,0,0,10000,0,10000,10000
055764,臺股指群益97購02,0,0,0,0,0,0,0,0,0,10000,0,0,0,10000,0,10000,10000
055733,奇力新元富97購01,0,0,0,0,0,0,0,0,0,10000,0,0,0,10000,0,10000,10000
052077,可成元富98購02  ,0,0,0,0,0,0,0,0,0,10000,0,0,0,74000,64000,10000,10000
052172,致茂元大95購01  ,0,0,0,0,0,0,0,0,0,10000,0,0,0,10000,0,10000,10000
052117,鴻海國票96購03  ,0,0,0,0,0,0,0,0,0,10000,0,0,0,20000,10000,10000,10000
05186P,鈺齊中信95售02  ,0,0,0,0,0,0,0,0,0,10000,0,0,0,10000,0,10000,10000
051899,欣興國泰97購01  ,0,0,0,0,0,0,0,0,0,10000,0,0,0,10000,0,10000,10000
053876,可成永昌98購01  ,0,0,0,0,0,0,0,0,0,10000,0,0,0,10000,0,10000,10000
054101,茂林國票97購04  ,0,0,0,0,0,0,0,0,0,10000,0,0,0,10000,0,10000,10000
052205,台積電中信95購09,0,0,0,0,0,0,0,0,0,10000,0,0,0,10000,0,10000,10000
054171,台郡凱基97購01  ,0,0,0,0,0,0,0,0,0,10000,0,0,0,10000,0,10000,10000
054177,牧德台新97購01  ,0,0,0,0,0,0,0,0,0,10000,0,0,0,70000,60000,10000,10000
054117,宏全康和96購01  ,0,0,0,0,0,0,0,0,0,10000,0,0,0,10000,0,10000,10000
049314,京鼎凱基94購01  ,0,0,0,0,0,0,0,0,0,10000,0,0,0,10000,0,10000,10000
049352,泰鼎永豐95購01  ,0,0,0,0,0,0,0,0,0,10000,0,0,0,10000,0,10000,10000
04935P,鴻海中信96售01  ,0,0,0,0,0,0,0,0,0,10000,0,0,0,10000,0,10000,10000
049387,緯穎元大94購03  ,0,0,0,0,0,0,0,0,0,10000,0,0,0,18000,8000,10000,10000
049270,台表科元大95購02,0,0,0,0,0,0,0,0,0,10000,0,0,0,10000,0,10000,10000
04927P,大立光凱基95售06,0,0,0,0,0,0,0,0,0,10000,0,0,0,10000,0,10000,10000
049484,台積電元大95購02,0,0,0,0,0,0,0,0,0,10000,0,0,0,10000,0,10000,10000
049584,台積電元大96購04,0,0,0,0,0,0,0,0,0,10000,0,0,0,13000,3000,10000,10000
049579,鴻海元大94購06  ,0,0,0,0,0,0,0,0,0,10000,0,0,0,10000,0,10000,10000
049723,緯穎凱基94購04  ,0,0,0,0,0,0,0,0,0,10000,0,0,0,10000,0,10000,10000
051592,健策元大96購05  ,0,0,0,0,0,0,0,0,0,10000,0,0,0,10000,0,10000,10000
051666,旺宏元大96購05  ,0,0,0,0,0,0,0,0,0,10000,0,0,0,10000,0,10000,10000
050006,華擎永豐94購03  ,0,0,0,0,0,0,0,0,0,10000,0,0,0,10000,0,10000,10000
050149,東元群益94購01  ,0,0,0,0,0,0,0,0,0,10000,0,0,0,10000,0,10000,10000
050102,鴻海富邦95購04  ,0,0,0,0,0,0,0,0,0,10000,0,0,0,10000,0,10000,10000
050311,上銀兆豐95購01  ,0,0,0,0,0,0,0,0,0,10000,0,0,0,20000,10000,10000,10000
050312,大立光兆豐94購04,0,0,0,0,0,0,0,0,0,10000,0,0,0,10000,0,10000,10000
050414,泰鼎永豐94購04  ,0,0,0,0,0,0,0,0,0,10000,0,0,0,10000,0,10000,10000
050253,百和國泰96購01  ,0,0,0,0,0,0,0,0,0,10000,0,0,0,10000,0,10000,10000
050306,聯發科中信97購01,0,0,0,0,0,0,0,0,0,10000,0,0,0,10000,0,10000,10000
04881P,高股息凱基96售01,0,0,0,0,0,0,0,0,0,10000,0,0,0,10000,0,10000,10000
04883P,台積電凱基94售35,0,0,0,0,0,0,0,0,0,10000,0,0,0,10000,0,10000,10000
049892,國巨富邦96購01  ,0,0,0,0,0,0,0,0,0,10000,0,0,0,10000,0,10000,10000
048648,祥碩元大93購03  ,0,0,0,0,0,0,0,0,0,10000,0,0,0,10000,0,10000,10000
048653,巨大元大96購02  ,0,0,0,0,0,0,0,0,0,10000,0,0,0,10000,0,10000,10000
050880,大立光元富95購03,0,0,0,0,0,0,0,0,0,10000,0,0,0,10000,0,10000,10000
053034,上海銀兆豐96購01,0,0,0,0,0,0,0,0,0,10000,0,0,0,10000,0,10000,10000
051788,奇力新國票97購02,0,0,0,0,0,0,0,0,0,10000,0,0,0,10000,0,10000,10000
051805,元黃金凱基97購02,0,0,0,0,0,0,0,0,0,10000,0,0,0,10000,0,10000,10000
053190,聯發科統一99購01,0,0,0,0,0,0,0,0,0,10000,0,0,0,10000,0,10000,10000
055098,臺股指群益97購01,0,0,0,0,0,0,0,0,0,10000,0,0,0,10000,0,10000,10000
054940,台積電元大97購16,0,0,0,0,0,0,0,0,0,10000,0,0,0,10000,0,10000,10000
053339,友達國票97購02  ,0,0,0,0,0,0,0,0,0,10000,0,0,0,10000,0,10000,10000
053370,上証2X元大97購03,0,0,0,0,0,0,0,0,0,10000,0,0,0,370000,360000,10000,10000
053363,旺宏國泰98購02  ,0,0,0,0,0,0,0,0,0,10000,0,0,0,10000,0,10000,10000
053250,百和國票97購02  ,0,0,0,0,0,0,0,0,0,10000,0,0,0,10000,0,10000,10000
055159,玉晶光元大98購05,0,0,0,0,0,0,0,0,0,10000,0,0,0,10000,0,10000,10000
035277,景碩台新97購01  ,0,0,0,0,0,0,0,0,0,10000,0,0,0,10000,0,10000,10000
03314P,台積電元大02售16,0,0,0,0,0,0,0,0,0,10000,0,0,0,10000,0,10000,10000
047926,可成凱基94購02  ,0,0,0,0,0,0,0,0,0,10000,0,0,0,10000,0,10000,10000
04765P,宏達電永豐94售02,0,0,0,0,0,0,0,0,0,10000,0,0,0,10000,0,10000,10000
047383,鴻海元大95購01  ,0,0,0,0,0,0,0,0,0,10000,0,0,0,10000,0,10000,10000
047202,欣興元富96購01  ,0,0,0,0,0,0,0,0,0,10000,0,0,0,10000,0,10000,10000
047557,麗豐凱基94購02  ,0,0,0,0,0,0,0,0,0,10000,0,0,0,10000,0,10000,10000
04759P,台積電凱基94售27,0,0,0,0,0,0,0,0,0,10000,0,0,0,10000,0,10000,10000
04617P,臺股指群益95售03,0,0,0,0,0,0,0,0,0,10000,0,0,0,10000,0,10000,10000
046949,群創元大99購01  ,0,0,0,0,0,0,0,0,0,10000,0,0,0,10000,0,10000,10000
051067,台積電國票96購03,0,0,0,0,0,0,0,0,0,10000,0,0,0,10000,0,10000,10000
051089,旺宏元大96購04  ,0,0,0,0,0,0,0,0,0,10000,0,0,0,10000,0,10000,10000
05108P,欣興中信95售02  ,0,0,0,0,0,0,0,0,0,10000,0,0,0,10000,0,10000,10000
04833P,鴻海元大94售16  ,0,0,0,0,0,0,0,0,0,10000,0,0,0,10000,0,10000,10000
051490,世芯凱基96購01  ,0,0,0,0,0,0,0,0,0,10000,0,0,0,10000,0,10000,10000
051516,全新凱基96購02  ,0,0,0,0,0,0,0,0,0,10000,0,0,0,10000,0,10000,10000
048124,大立光元大95購03,0,0,0,0,0,0,0,0,0,10000,0,0,0,10000,0,10000,10000
04814P,健策元大96售01  ,0,0,0,0,0,0,0,0,0,10000,0,0,0,20000,10000,10000,10000
045795,瀚宇博兆豐94購01,0,0,0,0,0,0,0,0,0,10000,0,0,0,10000,0,10000,10000
050998,訊連元大95購01  ,0,0,0,0,0,0,0,0,0,10000,0,0,0,10000,0,10000,10000
050982,台積電國泰96購04,0,0,0,0,0,0,0,0,0,10000,0,0,0,10000,0,10000,10000
045437,大立光統一94購02,0,0,0,0,0,0,0,0,0,10000,0,0,0,10000,0,10000,10000
045250,華通凱基94購01  ,0,0,0,0,0,0,0,0,0,10000,0,0,0,10000,0,10000,10000
044996,嘉晶國泰95購01  ,0,0,0,0,0,0,0,0,0,10000,0,0,0,10000,0,10000,10000
03902P,義隆國票94售01  ,0,0,0,0,0,0,0,0,0,10000,0,0,0,10000,0,10000,10000
03777P,華通中信95售01  ,0,0,0,0,0,0,0,0,0,10000,0,0,0,10000,0,10000,10000
042317,台灣50永豐96購01,0,0,0,0,0,0,0,0,0,10000,0,0,0,10000,0,10000,10000
041455,國巨元富93購05  ,0,0,0,0,0,0,0,0,0,10000,0,0,0,10000,0,10000,10000
1612,宏泰            ,69000,58000,11000,0,0,0,0,0,0,-1000,0,1000,-1000,0,0,0,10000
08653P,台灣50凱基96售07,0,0,0,0,0,0,0,0,0,10000,0,0,0,10000,0,10000,10000
2849,安泰銀          ,10000,11000,-1000,0,0,0,21603,0,21603,-11000,0,11000,-11000,0,0,0,9603
5269,祥碩            ,241000,272000,-31000,0,0,0,80286,46000,34286,6000,0,1000,-1000,11000,4000,7000,9286
1721,三晃            ,55000,46000,9000,0,0,0,0,0,0,0,0,0,0,0,0,0,9000
055968,祥碩元大97購04  ,0,0,0,0,0,0,0,0,0,9000,0,0,0,16000,7000,9000,9000
06434P,超眾群益98售02  ,0,0,0,0,0,0,0,0,0,9000,0,0,0,9000,0,9000,9000
2546,根基            ,18000,9000,9000,0,0,0,0,0,0,0,0,0,0,0,0,0,9000
07109P,聯發科中信9B售02,0,0,0,0,0,0,0,0,0,9000,0,0,0,9000,0,9000,9000
057422,欣興凱基98購04  ,0,0,0,0,0,0,0,0,0,9000,0,0,0,40000,31000,9000,9000
056338,聯發科凱基99購01,0,0,0,0,0,0,0,0,0,9000,0,0,0,9000,0,9000,9000
056444,南亞科凱基99購01,0,0,0,0,0,0,0,0,0,9000,0,0,0,9000,0,9000,9000
057029,緯穎凱基98購04  ,0,0,0,0,0,0,0,0,0,9000,0,0,0,26000,17000,9000,9000
057071,華擎永豐98購02  ,0,0,0,0,0,0,0,0,0,9000,0,0,0,10000,1000,9000,9000
056107,智易永豐97購02  ,0,0,0,0,0,0,0,0,0,9000,0,0,0,10000,1000,9000,9000
05922P,京元電兆豐96售01,0,0,0,0,0,0,0,0,0,9000,0,0,0,10000,1000,9000,9000
059097,世紀鋼元大99購05,0,0,0,0,0,0,0,0,0,9000,0,0,0,9000,0,9000,9000
057842,緯穎富邦99購02  ,0,0,0,0,0,0,0,0,0,9000,0,0,0,9000,0,9000,9000
06657P,寶成元大98售01  ,0,0,0,0,0,0,0,0,0,9000,0,0,0,44000,35000,9000,9000
059494,國巨國票9C購01  ,0,0,0,0,0,0,0,0,0,9000,0,0,0,14000,5000,9000,9000
058478,聯發科凱基9A購01,0,0,0,0,0,0,0,0,0,9000,0,0,0,9000,0,9000,9000
006204,永豐臺灣加權    ,0,0,0,0,0,0,0,0,0,9000,0,0,0,11000,2000,9000,9000
00763U,街口道瓊銅      ,0,0,0,0,0,0,0,0,0,9000,0,0,0,9000,0,9000,9000
00866,新光Shiller CAPE,0,0,0,0,0,0,0,0,0,9000,0,0,0,46000,37000,9000,9000
050612,台積電元大95購06,0,0,0,0,0,0,0,0,0,9000,0,0,0,9000,0,9000,9000
053121,上証2X凱基9C購01,0,0,0,0,0,0,0,0,0,9000,0,0,0,9000,0,9000,9000
048655,A50正2元富96購01,0,0,0,0,0,0,0,0,0,9000,0,0,0,9000,0,9000,9000
048637,鴻海元大96購01  ,0,0,0,0,0,0,0,0,0,9000,0,0,0,9000,0,9000,9000
049551,電子類群益94購01,0,0,0,0,0,0,0,0,0,9000,0,0,0,9000,0,9000,9000
051560,玉晶光國泰97購03,0,0,0,0,0,0,0,0,0,9000,0,0,0,9000,0,9000,9000
048548,緯穎永豐93購02  ,0,0,0,0,0,0,0,0,0,9000,0,0,0,9000,0,9000,9000
053787,健策元大97購02  ,0,0,0,0,0,0,0,0,0,9000,0,0,0,9000,0,9000,9000
059442,祥碩元大99購03  ,0,0,0,0,0,0,0,0,0,9000,0,0,0,15000,6000,9000,9000
059412,臺股指國票99購18,0,0,0,0,0,0,0,0,0,9000,0,0,0,17000,8000,9000,9000
05263P,台積電元大96售09,0,0,0,0,0,0,0,0,0,9000,0,0,0,9000,0,9000,9000
054385,矽創群益98購01  ,0,0,0,0,0,0,0,0,0,9000,0,0,0,9000,0,9000,9000
3047,訊舟            ,159000,173000,-14000,0,0,0,0,0,0,23000,23000,0,23000,0,0,0,9000
1533,車王電          ,15000,3000,12000,0,0,0,0,0,0,-3000,0,3000,-3000,0,0,0,9000
5534,長虹            ,247791,218800,28991,0,0,0,1151,3000,-1849,-19000,0,19000,-19000,0,0,0,8142
2912,統一超          ,1321322,1300020,21302,0,0,0,9787,3000,6787,-20000,2000,21000,-19000,0,1000,-1000,8089
2397,友通            ,14000,6000,8000,0,0,0,0,0,0,0,0,0,0,0,0,0,8000
1737,臺鹽            ,41000,33000,8000,0,0,0,0,0,0,0,0,0,0,0,0,0,8000
2365,昆盈            ,76000,68000,8000,0,0,0,0,0,0,0,0,0,0,0,0,0,8000
058970,鴻海永豐99購02  ,0,0,0,0,0,0,0,0,0,8000,0,0,0,10000,2000,8000,8000
056298,億光元大97購02  ,0,0,0,0,0,0,0,0,0,8000,0,0,0,10000,2000,8000,8000
056194,聯發科富邦9B購01,0,0,0,0,0,0,0,0,0,8000,0,0,0,8000,0,8000,8000
057476,國巨元大98購19  ,0,0,0,0,0,0,0,0,0,8000,0,0,0,8000,0,8000,8000
057503,世紀鋼群益98購02,0,0,0,0,0,0,0,0,0,8000,0,0,0,8000,0,8000,8000
056612,台積電永豐98購01,0,0,0,0,0,0,0,0,0,8000,0,0,0,8000,0,8000,8000
07124P,台積電元大99售21,0,0,0,0,0,0,0,0,0,8000,0,0,0,8000,0,8000,8000
06157P,聯鈞統一97售02  ,0,0,0,0,0,0,0,0,0,8000,0,0,0,8000,0,8000,8000
058903,聯發科元大99購16,0,0,0,0,0,0,0,0,0,8000,0,0,0,8000,0,8000,8000
058520,智易元大99購03  ,0,0,0,0,0,0,0,0,0,8000,0,0,0,8000,0,8000,8000
057909,台光電兆豐98購01,0,0,0,0,0,0,0,0,0,8000,0,0,0,8000,0,8000,8000
059670,T50正2元富99購04,0,0,0,0,0,0,0,0,0,8000,0,0,0,10000,2000,8000,8000
058704,台積電元大99購17,0,0,0,0,0,0,0,0,0,8000,0,0,0,8000,0,8000,8000
06740P,台灣50國泰9A售02,0,0,0,0,0,0,0,0,0,8000,0,0,0,8000,0,8000,8000
057766,矽力凱基98購03  ,0,0,0,0,0,0,0,0,0,8000,0,0,0,8000,0,8000,8000
057061,華擎國泰9A購01  ,0,0,0,0,0,0,0,0,0,8000,0,0,0,82000,74000,8000,8000
05704P,矽力群益96售04  ,0,0,0,0,0,0,0,0,0,8000,0,0,0,8000,0,8000,8000
057094,祥碩元富98購01  ,0,0,0,0,0,0,0,0,0,8000,0,0,0,8000,0,8000,8000
055480,元上證元大97購02,0,0,0,0,0,0,0,0,0,8000,0,0,0,8000,0,8000,8000
055541,聚陽凱基98購01  ,0,0,0,0,0,0,0,0,0,8000,0,0,0,8000,0,8000,8000
052574,茂林凱基96購02  ,0,0,0,0,0,0,0,0,0,8000,0,0,0,8000,0,8000,8000
05255P,義隆凱基95售01  ,0,0,0,0,0,0,0,0,0,8000,0,0,0,8000,0,8000,8000
055417,健策富邦98購02  ,0,0,0,0,0,0,0,0,0,8000,0,0,0,8000,0,8000,8000
053424,欣興永豐96購02  ,0,0,0,0,0,0,0,0,0,8000,0,0,0,31000,23000,8000,8000
058508,聯發科元大99購11,0,0,0,0,0,0,0,0,0,8000,0,0,0,8000,0,8000,8000
050245,大立光凱基94購12,0,0,0,0,0,0,0,0,0,8000,0,0,0,8000,0,8000,8000
052990,超眾元大97購01  ,0,0,0,0,0,0,0,0,0,8000,0,0,0,11000,3000,8000,8000
050673,旺宏富邦96購02  ,0,0,0,0,0,0,0,0,0,8000,0,0,0,8000,0,8000,8000
050988,廣達富邦95購01  ,0,0,0,0,0,0,0,0,0,8000,0,0,0,8000,0,8000,8000
1568,倉佑            ,9000,1000,8000,0,0,0,0,0,0,0,0,0,0,0,0,0,8000
3016,嘉晶            ,826000,838000,-12000,0,0,0,0,0,0,20000,29000,3000,26000,8000,14000,-6000,8000
07312P,台灣50元大99售10,0,0,0,0,0,0,0,0,0,8000,0,0,0,114000,106000,8000,8000
07211P,南亞科凱基99售05,0,0,0,0,0,0,0,0,0,8000,0,0,0,8000,0,8000,8000
056166,微星台新97購01  ,0,0,0,0,0,0,0,0,0,7000,0,0,0,7000,0,7000,7000
059263,瑞昱中信01購01  ,0,0,0,0,0,0,0,0,0,7000,0,0,0,7000,0,7000,7000
059287,華通元富99購03  ,0,0,0,0,0,0,0,0,0,7000,0,0,0,7000,0,7000,7000
06923P,鴻海群益98售09  ,0,0,0,0,0,0,0,0,0,7000,0,0,0,10000,3000,7000,7000
058080,台積電群益98購06,0,0,0,0,0,0,0,0,0,7000,0,0,0,7000,0,7000,7000
057832,聯發科元富02購05,0,0,0,0,0,0,0,0,0,7000,0,0,0,8000,1000,7000,7000
058577,南亞科群益99購02,0,0,0,0,0,0,0,0,0,7000,0,0,0,7000,0,7000,7000
058885,元石油元大9C購02,0,0,0,0,0,0,0,0,0,7000,0,0,0,7000,0,7000,7000
058934,台灣50中信03購03,0,0,0,0,0,0,0,0,0,7000,0,0,0,7000,0,7000,7000
06273P,台表科凱基97售04,0,0,0,0,0,0,0,0,0,7000,0,0,0,7000,0,7000,7000
057288,聯茂元大98購03  ,0,0,0,0,0,0,0,0,0,7000,0,0,0,8000,1000,7000,7000
057282,大立光元大99購06,0,0,0,0,0,0,0,0,0,7000,0,0,0,7000,0,7000,7000
044942,國巨群益94購01  ,0,0,0,0,0,0,0,0,0,7000,0,0,0,7000,0,7000,7000
044680,華新科凱基93購06,0,0,0,0,0,0,0,0,0,7000,0,0,0,7000,0,7000,7000
046145,矽力元富95購01  ,0,0,0,0,0,0,0,0,0,7000,0,0,0,7000,0,7000,7000
051755,台積電元大96購08,0,0,0,0,0,0,0,0,0,7000,0,0,0,7000,0,7000,7000
050594,康友永豐94購01  ,0,0,0,0,0,0,0,0,0,7000,0,0,0,7000,0,7000,7000
053378,台積電元大98購02,0,0,0,0,0,0,0,0,0,7000,0,0,0,7000,0,7000,7000
049913,微星元大94購01  ,0,0,0,0,0,0,0,0,0,7000,0,0,0,7000,0,7000,7000
054755,世紀鋼凱基98購01,0,0,0,0,0,0,0,0,0,7000,0,0,0,7000,0,7000,7000
052580,高鐵元富96購01  ,0,0,0,0,0,0,0,0,0,7000,0,0,0,7000,0,7000,7000
053704,國巨群益96購06  ,0,0,0,0,0,0,0,0,0,7000,0,0,0,7000,0,7000,7000
05555P,健策群益98售01  ,0,0,0,0,0,0,0,0,0,7000,0,0,0,7000,0,7000,7000
052895,台積電群益96購04,0,0,0,0,0,0,0,0,0,7000,0,0,0,7000,0,7000,7000
054331,世芯永豐96購03  ,0,0,0,0,0,0,0,0,0,7000,0,0,0,7000,0,7000,7000
054272,華通中信98購01  ,0,0,0,0,0,0,0,0,0,7000,0,0,0,7000,0,7000,7000
054632,緯穎凱基9A購01  ,0,0,0,0,0,0,0,0,0,7000,0,0,0,7000,0,7000,7000
3040,遠見            ,7000,0,7000,0,0,0,0,0,0,0,0,0,0,0,0,0,7000
5243,乙盛-KY         ,136000,129000,7000,0,0,0,0,0,0,0,0,0,0,0,0,0,7000
9937,全國            ,11000,4000,7000,0,0,0,0,0,0,0,0,0,0,0,0,0,7000
1503,士電            ,35000,35000,0,0,0,0,1527,0,1527,5000,6000,1000,5000,0,0,0,6527
057369,奇力新元大99購05,0,0,0,0,0,0,0,0,0,6000,0,0,0,6000,0,6000,6000
057278,可成元大98購06  ,0,0,0,0,0,0,0,0,0,6000,0,0,0,29000,23000,6000,6000
058767,亞德客兆豐99購01,0,0,0,0,0,0,0,0,0,6000,0,0,0,6000,0,6000,6000
058833,台表科永豐99購01,0,0,0,0,0,0,0,0,0,6000,0,0,0,7000,1000,6000,6000
058936,國喬中信99購01  ,0,0,0,0,0,0,0,0,0,6000,0,0,0,6000,0,6000,6000
058873,美律國票9A購02  ,0,0,0,0,0,0,0,0,0,6000,0,0,0,6000,0,6000,6000
056588,聯發科統一9A購02,0,0,0,0,0,0,0,0,0,6000,0,0,0,32000,26000,6000,6000
057480,技嘉元大98購03  ,0,0,0,0,0,0,0,0,0,6000,0,0,0,6000,0,6000,6000
057634,道瓊反元大99購01,0,0,0,0,0,0,0,0,0,6000,0,0,0,6000,0,6000,6000
055951,大成鋼元大97購02,0,0,0,0,0,0,0,0,0,6000,0,0,0,8000,2000,6000,6000
057569,光磊永豐98購03  ,0,0,0,0,0,0,0,0,0,6000,0,0,0,6000,0,6000,6000
06495P,華新科亞東9A售01,0,0,0,0,0,0,0,0,0,6000,0,0,0,1016000,1010000,6000,6000
3257,虹冠電          ,8000,2000,6000,0,0,0,0,0,0,0,0,0,0,0,0,0,6000
2936,客思達-KY       ,6000,0,6000,0,0,0,0,0,0,0,0,0,0,0,0,0,6000
058533,玉晶光元富99購01,0,0,0,0,0,0,0,0,0,6000,0,0,0,6000,0,6000,6000
05787P,臺股指永昌96售04,0,0,0,0,0,0,0,0,0,6000,10000,0,10000,26000,30000,-4000,6000
057960,聯鈞元大98購02  ,0,0,0,0,0,0,0,0,0,6000,0,0,0,30000,24000,6000,6000
06900P,FBVIX國票12售01 ,0,0,0,0,0,0,0,0,0,6000,0,0,0,6000,0,6000,6000
059366,台積電台新99購04,0,0,0,0,0,0,0,0,0,6000,0,0,0,6000,0,6000,6000
059316,國巨元大99購23  ,0,0,0,0,0,0,0,0,0,6000,0,0,0,45000,39000,6000,6000
057138,亞德客兆豐98購01,0,0,0,0,0,0,0,0,0,6000,0,0,0,6000,0,6000,6000
054354,技嘉富邦97購01  ,0,0,0,0,0,0,0,0,0,6000,0,0,0,6000,0,6000,6000
052890,FB上証群益9B購01,0,0,0,0,0,0,0,0,0,6000,0,0,0,10000,4000,6000,6000
053481,同欣電元大97購01,0,0,0,0,0,0,0,0,0,6000,0,0,0,33000,27000,6000,6000
052103,台積電兆豐95購06,0,0,0,0,0,0,0,0,0,6000,0,0,0,6000,0,6000,6000
051879,健策台新96購01  ,0,0,0,0,0,0,0,0,0,6000,0,0,0,6000,0,6000,6000
05181P,健策凱基95售01  ,0,0,0,0,0,0,0,0,0,6000,0,0,0,6000,0,6000,6000
058407,滬深2X兆豐9A購01,0,0,0,0,0,0,0,0,0,6000,0,0,0,6000,0,6000,6000
056982,華新科群益98購05,0,0,0,0,0,0,0,0,0,6000,0,0,0,6000,0,6000,6000
058428,大立光元富99購02,0,0,0,0,0,0,0,0,0,6000,0,0,0,6000,0,6000,6000
056919,英業達兆豐98購01,0,0,0,0,0,0,0,0,0,6000,0,0,0,6000,0,6000,6000
056962,技嘉永豐98購01  ,0,0,0,0,0,0,0,0,0,6000,0,0,0,6000,0,6000,6000
058322,玉晶光永豐99購02,0,0,0,0,0,0,0,0,0,6000,0,0,0,6000,0,6000,6000
059478,FBVIX群益9A購01 ,0,0,0,0,0,0,0,0,0,6000,0,0,0,6000,0,6000,6000
056768,宏達電元大99購03,0,0,0,0,0,0,0,0,0,6000,0,0,0,26000,20000,6000,6000
058278,FBVIX中信03購02 ,0,0,0,0,0,0,0,0,0,6000,0,0,0,6000,0,6000,6000
049298,矽格群益95購01  ,0,0,0,0,0,0,0,0,0,6000,0,0,0,6000,0,6000,6000
049436,義隆國泰96購02  ,0,0,0,0,0,0,0,0,0,6000,0,0,0,6000,0,6000,6000
051672,玉晶光元大96購03,0,0,0,0,0,0,0,0,0,6000,0,0,0,10000,4000,6000,6000
051673,玉晶光元大96購04,0,0,0,0,0,0,0,0,0,6000,0,0,0,10000,4000,6000,6000
04963P,鴻海元大94售25  ,0,0,0,0,0,0,0,0,0,6000,0,0,0,6000,0,6000,6000
05300P,健策元大95售02  ,0,0,0,0,0,0,0,0,0,6000,0,0,0,45000,39000,6000,6000
055217,緯創凱基97購02  ,0,0,0,0,0,0,0,0,0,6000,0,0,0,6000,0,6000,6000
03021P,玉晶光群益02售25,0,0,0,0,0,0,0,0,0,6000,0,0,0,6000,0,6000,6000
036628,統一台新99購01  ,0,0,0,0,0,0,0,0,0,6000,0,0,0,10000,4000,6000,6000
04534P,臻鼎元富94售03  ,0,0,0,0,0,0,0,0,0,6000,0,0,0,6000,0,6000,6000
04569P,聯詠兆豐94售01  ,0,0,0,0,0,0,0,0,0,6000,0,0,0,6000,0,6000,6000
051415,晶技國票96購01  ,0,0,0,0,0,0,0,0,0,6000,0,0,0,6000,0,6000,6000
1521,大億            ,7000,1000,6000,0,0,0,0,0,0,0,0,0,0,0,0,0,6000
07259P,滬深2X國票01售01,0,0,0,0,0,0,0,0,0,6000,0,0,0,6000,0,6000,6000
07297P,台灣50元大9C售11,0,0,0,0,0,0,0,0,0,6000,0,0,0,6000,0,6000,6000
6674,鋐寶科技        ,8000,2000,6000,0,0,0,0,0,0,0,0,0,0,0,0,0,6000
057078,國巨統一9A購02  ,0,0,0,0,0,0,0,0,0,5000,0,0,0,5000,0,5000,5000
057041,國巨元大99購04  ,0,0,0,0,0,0,0,0,0,5000,0,0,0,5000,0,5000,5000
057684,聯茂日盛99購01  ,0,0,0,0,0,0,0,0,0,5000,0,0,0,5000,0,5000,5000
057790,台積電統一99購04,0,0,0,0,0,0,0,0,0,5000,0,0,0,5000,0,5000,5000
059329,台灣50國票99購09,0,0,0,0,0,0,0,0,0,5000,0,0,0,5000,0,5000,5000
059227,臺股指元大99購20,0,0,0,0,0,0,0,0,0,5000,0,0,0,5000,0,5000,5000
05918P,大立光元大96售11,0,0,0,0,0,0,0,0,0,5000,0,0,0,5000,0,5000,5000
059109,台積電富邦9C購03,0,0,0,0,0,0,0,0,0,5000,0,0,0,5000,0,5000,5000
059129,麗豐中信99購01  ,0,0,0,0,0,0,0,0,0,5000,0,0,0,5000,0,5000,5000
06887P,華新科元大98售04,0,0,0,0,0,0,0,0,0,5000,0,0,0,5000,0,5000,5000
06771P,台灣50中信02售01,0,0,0,0,0,0,0,0,0,5000,0,0,0,5000,0,5000,5000
06736P,新日興凱基98售03,0,0,0,0,0,0,0,0,0,5000,0,0,0,10000,5000,5000,5000
06850P,聯茂元大98售06  ,0,0,0,0,0,0,0,0,0,5000,0,0,0,31000,26000,5000,5000
05714P,群創統一97售03  ,0,0,0,0,0,0,0,0,0,5000,0,0,0,5000,0,5000,5000
06934P,聯鈞元大98售03  ,0,0,0,0,0,0,0,0,0,5000,0,0,0,40000,35000,5000,5000
057927,勤誠凱基98購01  ,0,0,0,0,0,0,0,0,0,5000,0,0,0,5000,0,5000,5000
05789P,臺股指永昌96售06,0,0,0,0,0,0,0,0,0,5000,10000,0,10000,26000,31000,-5000,5000
058059,晶技元富98購01  ,0,0,0,0,0,0,0,0,0,5000,0,0,0,5000,0,5000,5000
058154,泰碩統一9A購01  ,0,0,0,0,0,0,0,0,0,5000,0,0,0,5000,0,5000,5000
058165,FBVIX凱基9C購01 ,0,0,0,0,0,0,0,0,0,5000,0,0,0,5000,0,5000,5000
058188,華擎永豐99購01  ,0,0,0,0,0,0,0,0,0,5000,0,0,0,5000,0,5000,5000
058207,南茂凱基99購01  ,0,0,0,0,0,0,0,0,0,5000,0,0,0,5000,0,5000,5000
058703,台積電元大99購16,0,0,0,0,0,0,0,0,0,5000,0,0,0,5000,0,5000,5000
058662,禾伸堂兆豐99購01,0,0,0,0,0,0,0,0,0,5000,0,0,0,5000,0,5000,5000
058664,百和兆豐99購01  ,0,0,0,0,0,0,0,0,0,5000,0,0,0,5000,0,5000,5000
058638,矽力兆豐99購01  ,0,0,0,0,0,0,0,0,0,5000,0,0,0,5000,0,5000,5000
056055,國巨元大97購15  ,0,0,0,0,0,0,0,0,0,5000,0,0,0,5000,0,5000,5000
05788P,臺股指永昌96售05,0,0,0,0,0,0,0,0,0,5000,10000,0,10000,25000,30000,-5000,5000
057833,聯發科元富02購06,0,0,0,0,0,0,0,0,0,5000,0,0,0,5000,0,5000,5000
057838,台郡國泰99購01  ,0,0,0,0,0,0,0,0,0,5000,0,0,0,5000,0,5000,5000
059584,台灣50元大01購11,0,0,0,0,0,0,0,0,0,5000,0,0,0,5000,0,5000,5000
059588,鴻海元大99購32  ,0,0,0,0,0,0,0,0,0,5000,0,0,0,18000,13000,5000,5000
058580,華新科群益99購02,0,0,0,0,0,0,0,0,0,5000,0,0,0,11000,6000,5000,5000
058525,台虹元大99購02  ,0,0,0,0,0,0,0,0,0,5000,0,0,0,5000,0,5000,5000
06697P,台積電國票99售05,0,0,0,0,0,0,0,0,0,5000,0,0,0,5000,0,5000,5000
06706P,智原台新98售02  ,0,0,0,0,0,0,0,0,0,5000,0,0,0,5000,0,5000,5000
05846P,大立光元大96售07,0,0,0,0,0,0,0,0,0,5000,0,0,0,5000,0,5000,5000
05947P,大成鋼元大96售03,0,0,0,0,0,0,0,0,0,5000,0,0,0,5000,0,5000,5000
059502,台灣50台新9B購04,0,0,0,0,0,0,0,0,0,5000,0,0,0,15000,10000,5000,5000
2390,云辰            ,271000,263000,8000,0,0,0,0,0,0,-3000,0,3000,-3000,0,0,0,5000
057537,聯茂元大98購04  ,0,0,0,0,0,0,0,0,0,5000,0,0,0,15000,10000,5000,5000
055979,聯鈞統一97購03  ,0,0,0,0,0,0,0,0,0,5000,0,0,0,5000,0,5000,5000
05761P,嘉澤永豐96售01  ,0,0,0,0,0,0,0,0,0,5000,0,0,0,5000,0,5000,5000
058976,元油2X凱基9A購09,0,0,0,0,0,0,0,0,0,5000,0,0,0,5000,0,5000,5000
058977,SGBR2X凱基03購01,0,0,0,0,0,0,0,0,0,5000,0,0,0,5000,0,5000,5000
059019,元石油統一9B購03,0,0,0,0,0,0,0,0,0,5000,0,0,0,5000,0,5000,5000
057447,智邦元富02購01  ,0,0,0,0,0,0,0,0,0,5000,0,0,0,5000,0,5000,5000
05741P,聯發科元大96售14,0,0,0,0,0,0,0,0,0,5000,0,0,0,5000,0,5000,5000
055855,牧德元大99購02  ,0,0,0,0,0,0,0,0,0,5000,0,0,0,5000,0,5000,5000
056570,旺宏元大98購07  ,0,0,0,0,0,0,0,0,0,5000,0,0,0,5000,0,5000,5000
056626,同欣電永豐98購01,0,0,0,0,0,0,0,0,0,5000,0,0,0,63000,58000,5000,5000
058956,健策國票9A購02  ,0,0,0,0,0,0,0,0,0,5000,0,0,0,5000,0,5000,5000
056661,臺股指元大9A購08,0,0,0,0,0,0,0,0,0,5000,0,0,0,5000,0,5000,5000
056330,玉晶光國票99購03,0,0,0,0,0,0,0,0,0,5000,0,0,0,5000,0,5000,5000
056428,台達電凱基99購01,0,0,0,0,0,0,0,0,0,5000,0,0,0,5000,0,5000,5000
058918,SGBR2X元富99購04,0,0,0,0,0,0,0,0,0,5000,0,0,0,5000,0,5000,5000
058931,玉晶光統一9C購01,0,0,0,0,0,0,0,0,0,5000,0,0,0,5000,0,5000,5000
06151P,華新科元大97售07,0,0,0,0,0,0,0,0,0,5000,0,0,0,50000,45000,5000,5000
06248P,國巨統一97售07  ,0,0,0,0,0,0,0,0,0,5000,0,0,0,5000,0,5000,5000
06213P,大立光元大98售07,0,0,0,0,0,0,0,0,0,5000,0,0,0,5000,0,5000,5000
06216P,上銀元富97售03  ,0,0,0,0,0,0,0,0,0,5000,0,0,0,5000,0,5000,5000
06235P,國巨元大97售12  ,0,0,0,0,0,0,0,0,0,5000,0,0,0,5000,0,5000,5000
07038P,華新科台新99售01,0,0,0,0,0,0,0,0,0,5000,0,0,0,465000,460000,5000,5000
07016P,聯發科元大99售10,0,0,0,0,0,0,0,0,0,5000,0,0,0,5000,0,5000,5000
07065P,臺股指元大9A售26,0,0,0,0,0,0,0,0,0,5000,0,0,0,25000,20000,5000,5000
07068P,欣興台新99售01  ,0,0,0,0,0,0,0,0,0,5000,0,0,0,5000,0,5000,5000
057321,台泥群益98購01  ,0,0,0,0,0,0,0,0,0,5000,0,0,0,5000,0,5000,5000
05885P,牧德統一96售01  ,0,0,0,0,0,0,0,0,0,5000,0,0,0,5000,0,5000,5000
057353,玉晶光統一99購01,0,0,0,0,0,0,0,0,0,5000,0,0,0,10000,5000,5000,5000
051536,玉晶光國票97購01,0,0,0,0,0,0,0,0,0,5000,0,0,0,5000,0,5000,5000
048262,台積電元富94購01,0,0,0,0,0,0,0,0,0,5000,0,0,0,5000,0,5000,5000
048427,百和元富95購01  ,0,0,0,0,0,0,0,0,0,5000,0,0,0,5000,0,5000,5000
051039,台表科康和95購01,0,0,0,0,0,0,0,0,0,5000,0,0,0,5000,0,5000,5000
051397,聯茂兆豐95購03  ,0,0,0,0,0,0,0,0,0,5000,0,0,0,5000,0,5000,5000
045106,玉晶光群益95購01,0,0,0,0,0,0,0,0,0,5000,0,0,0,5000,0,5000,5000
04543P,鴻海富邦95售03  ,0,0,0,0,0,0,0,0,0,5000,0,0,0,5000,0,5000,5000
03993P,滬深2X中信94售03,0,0,0,0,0,0,0,0,0,5000,0,0,0,5000,0,5000,5000
04417P,光罩國泰95售02  ,0,0,0,0,0,0,0,0,0,5000,0,0,0,5000,0,5000,5000
04745P,祥碩元大94售04  ,0,0,0,0,0,0,0,0,0,5000,0,0,0,5000,0,5000,5000
047681,滬深反中信95購01,0,0,0,0,0,0,0,0,0,5000,0,0,0,5000,0,5000,5000
03025X,元展22          ,0,0,0,0,0,0,0,0,0,5000,0,0,0,5000,0,5000,5000
055238,茂林台新97購01  ,0,0,0,0,0,0,0,0,0,5000,0,0,0,5000,0,5000,5000
053255,貿聯國泰97購01  ,0,0,0,0,0,0,0,0,0,5000,0,0,0,5000,0,5000,5000
053285,臺股指元大96購08,0,0,0,0,0,0,0,0,0,5000,0,0,0,5000,0,5000,5000
055022,精元國泰99購01  ,0,0,0,0,0,0,0,0,0,5000,0,0,0,5000,0,5000,5000
055025,華新科國泰98購02,0,0,0,0,0,0,0,0,0,5000,0,0,0,5000,0,5000,5000
053152,大立光元大99購01,0,0,0,0,0,0,0,0,0,5000,0,0,0,5000,0,5000,5000
053126,健策凱基97購02  ,0,0,0,0,0,0,0,0,0,5000,0,0,0,5000,0,5000,5000
053090,新唐元大96購01  ,0,0,0,0,0,0,0,0,0,5000,0,0,0,5000,0,5000,5000
050745,茂林永豐94購06  ,0,0,0,0,0,0,0,0,0,5000,0,0,0,5000,0,5000,5000
050754,元金2X元富9B購01,0,0,0,0,0,0,0,0,0,5000,0,0,0,5000,0,5000,5000
049759,元黃金富邦9A購01,0,0,0,0,0,0,0,0,0,5000,0,0,0,5000,0,5000,5000
049439,牧德國泰96購01  ,0,0,0,0,0,0,0,0,0,5000,0,0,0,5000,0,5000,5000
049251,國巨元大95購02  ,0,0,0,0,0,0,0,0,0,5000,0,0,0,5000,0,5000,5000
04917P,台積電凱基94售37,0,0,0,0,0,0,0,0,0,5000,0,0,0,5000,0,5000,5000
048860,玉晶光群益96購03,0,0,0,0,0,0,0,0,0,5000,0,0,0,5000,0,5000,5000
048831,玉晶光凱基95購01,0,0,0,0,0,0,0,0,0,5000,0,0,0,5000,0,5000,5000
049101,聯詠國泰95購01  ,0,0,0,0,0,0,0,0,0,5000,0,0,0,5000,0,5000,5000
058268,泰碩永豐9A購01  ,0,0,0,0,0,0,0,0,0,5000,0,0,0,5000,0,5000,5000
05670P,台積電國票98售01,0,0,0,0,0,0,0,0,0,5000,0,0,0,5000,0,5000,5000
059452,全新永豐99購03  ,0,0,0,0,0,0,0,0,0,5000,0,0,0,5000,0,5000,5000
056700,華新科國泰99購03,0,0,0,0,0,0,0,0,0,5000,0,0,0,5000,0,5000,5000
058342,鴻海群益9A購01  ,0,0,0,0,0,0,0,0,0,5000,0,0,0,5000,0,5000,5000
058365,奇力新凱基9A購01,0,0,0,0,0,0,0,0,0,5000,0,0,0,5000,0,5000,5000
056896,南亞科元大98購01,0,0,0,0,0,0,0,0,0,5000,0,0,0,5000,0,5000,5000
056987,南茂群益98購01  ,0,0,0,0,0,0,0,0,0,5000,0,0,0,5000,0,5000,5000
058400,聯發科元大99購09,0,0,0,0,0,0,0,0,0,5000,0,0,0,5000,0,5000,5000
051847,香港反中信99購01,0,0,0,0,0,0,0,0,0,5000,0,0,0,5000,0,5000,5000
05381P,聯詠群益95售02  ,0,0,0,0,0,0,0,0,0,5000,0,0,0,5000,0,5000,5000
05382P,電子類群益95售02,0,0,0,0,0,0,0,0,0,5000,0,0,0,5000,0,5000,5000
052177,京鼎元大95購02  ,0,0,0,0,0,0,0,0,0,5000,0,0,0,5000,0,5000,5000
054823,祥碩元大97購02  ,0,0,0,0,0,0,0,0,0,5000,0,0,0,34000,29000,5000,5000
05348P,美律元富98售01  ,0,0,0,0,0,0,0,0,0,5000,0,0,0,5000,0,5000,5000
053532,台積電永豐96購03,0,0,0,0,0,0,0,0,0,5000,0,0,0,5000,0,5000,5000
055395,泰鼎統一97購01  ,0,0,0,0,0,0,0,0,0,5000,0,0,0,5000,0,5000,5000
052276,力成群益96購01  ,0,0,0,0,0,0,0,0,0,5000,0,0,0,5000,0,5000,5000
052256,台泥國泰96購01  ,0,0,0,0,0,0,0,0,0,5000,0,0,0,5000,0,5000,5000
052463,聯電統一96購01  ,0,0,0,0,0,0,0,0,0,5000,0,0,0,5000,0,5000,5000
052688,新日興元大96購01,0,0,0,0,0,0,0,0,0,5000,0,0,0,5000,0,5000,5000
052742,可成元大96購01  ,0,0,0,0,0,0,0,0,0,5000,0,0,0,5000,0,5000,5000
05277P,深中小統一95售02,0,0,0,0,0,0,0,0,0,5000,0,0,0,5000,0,5000,5000
05293P,廣達凱基95售01  ,0,0,0,0,0,0,0,0,0,5000,0,0,0,5000,0,5000,5000
052930,華新科元大97購03,0,0,0,0,0,0,0,0,0,5000,0,0,0,5000,0,5000,5000
054421,臺股指元大99購03,0,0,0,0,0,0,0,0,0,5000,0,0,0,5000,0,5000,5000
054581,訊芯元大97購02  ,0,0,0,0,0,0,0,0,0,5000,0,0,0,5000,0,5000,5000
8367,建新國際        ,7000,2000,5000,0,0,0,0,0,0,0,0,0,0,0,0,0,5000
4999,鑫禾            ,10000,2000,8000,0,0,0,0,0,0,-3000,0,3000,-3000,0,0,0,5000
07309P,聯發科凱基99售18,0,0,0,0,0,0,0,0,0,5000,0,0,0,25000,20000,5000,5000
1220,台榮            ,1000,2000,-1000,0,0,0,0,0,0,6000,6000,0,6000,0,0,0,5000
1232,大統益          ,45000,35000,10000,0,0,0,0,1000,-1000,-4000,0,4000,-4000,0,0,0,5000
4526,東台            ,16000,10000,6000,0,0,0,0,0,0,-1000,0,1000,-1000,0,0,0,5000
2882B,國泰金乙特      ,1000,38,962,0,0,0,0,0,0,4000,6000,2000,4000,0,0,0,4962
06448P,華通元大99售01  ,0,0,0,0,0,0,0,0,0,4000,0,0,0,24000,20000,4000,4000
06572P,台積電永昌99售01,0,0,0,0,0,0,0,0,0,4000,0,0,0,423000,419000,4000,4000
058775,台積電國票9A購02,0,0,0,0,0,0,0,0,0,4000,0,0,0,55000,51000,4000,4000
06130P,玉晶光元富97售07,0,0,0,0,0,0,0,0,0,4000,0,0,0,4000,0,4000,4000
058880,台灣50永豐99購04,0,0,0,0,0,0,0,0,0,4000,0,0,0,4000,0,4000,4000
056603,嘉聯益國泰9A購01,0,0,0,0,0,0,0,0,0,4000,0,0,0,4000,0,4000,4000
056563,華新科群益98購04,0,0,0,0,0,0,0,0,0,4000,0,0,0,13000,9000,4000,4000
059538,健策凱基99購03  ,0,0,0,0,0,0,0,0,0,4000,0,0,0,190000,186000,4000,4000
06681P,致茂元大98售02  ,0,0,0,0,0,0,0,0,0,4000,0,0,0,4000,0,4000,4000
056992,祥碩兆豐98購01  ,0,0,0,0,0,0,0,0,0,4000,0,0,0,4000,0,4000,4000
059589,國巨元大9A購02  ,0,0,0,0,0,0,0,0,0,4000,0,0,0,5000,1000,4000,4000
05857P,旺宏中信98售02  ,0,0,0,0,0,0,0,0,0,4000,0,0,0,4000,0,4000,4000
057807,友訊元大98購02  ,0,0,0,0,0,0,0,0,0,4000,0,0,0,4000,0,4000,4000
059666,台表科元大9B購01,0,0,0,0,0,0,0,0,0,4000,0,0,0,9000,5000,4000,4000
058607,聯發科元大99購14,0,0,0,0,0,0,0,0,0,4000,0,0,0,4000,0,4000,4000
058040,FBVIX元大98購01 ,0,0,0,0,0,0,0,0,0,4000,0,0,0,4000,0,4000,4000
057988,鈺齊元富98購02  ,0,0,0,0,0,0,0,0,0,4000,0,0,0,4000,0,4000,4000
059200,京鼎永豐99購02  ,0,0,0,0,0,0,0,0,0,4000,0,0,0,8000,4000,4000,4000
059236,鴻海凱基99購09  ,0,0,0,0,0,0,0,0,0,4000,0,0,0,4000,0,4000,4000
059335,台灣50凱基03購02,0,0,0,0,0,0,0,0,0,4000,0,0,0,4000,0,4000,4000
057034,道瓊反元大9B購01,0,0,0,0,0,0,0,0,0,4000,0,0,0,4000,0,4000,4000
057097,致新元富98購01  ,0,0,0,0,0,0,0,0,0,4000,0,0,0,4000,0,4000,4000
054375,貿聯中信99購01  ,0,0,0,0,0,0,0,0,0,4000,0,0,0,4000,0,4000,4000
052854,聯詠日盛96購01  ,0,0,0,0,0,0,0,0,0,4000,0,0,0,4000,0,4000,4000
055545,國巨凱基97購06  ,0,0,0,0,0,0,0,0,0,4000,0,0,0,10000,6000,4000,4000
055582,亞德客元大97購01,0,0,0,0,0,0,0,0,0,4000,0,0,0,14000,10000,4000,4000
052321,華擎元大95購01  ,0,0,0,0,0,0,0,0,0,4000,0,0,0,5000,1000,4000,4000
055295,瀚宇博元大97購02,0,0,0,0,0,0,0,0,0,4000,0,0,0,4000,0,4000,4000
055653,聯詠元富01購02  ,0,0,0,0,0,0,0,0,0,4000,0,0,0,4000,0,4000,4000
055781,聯詠凱基98購01  ,0,0,0,0,0,0,0,0,0,4000,0,0,0,4000,0,4000,4000
054128,台積電元大97購10,0,0,0,0,0,0,0,0,0,4000,0,0,0,4000,0,4000,4000
056741,大立光凱基98購14,0,0,0,0,0,0,0,0,0,4000,0,0,0,12000,8000,4000,4000
050403,台積電麥證94購02,0,0,0,1000,0,1000,0,0,0,4000,0,0,0,4000,0,4000,4000
05013P,台積電元大96售05,0,0,0,0,0,0,0,0,0,4000,0,0,0,4000,0,4000,4000
051699,世紀鋼麥證95購01,0,0,0,10000,6000,4000,0,0,0,4000,0,0,0,10000,6000,4000,4000
050813,旺宏凱基96購01  ,0,0,0,0,0,0,0,0,0,4000,0,0,0,4000,0,4000,4000
053223,台郡凱基96購02  ,0,0,0,0,0,0,0,0,0,4000,0,0,0,30000,26000,4000,4000
053181,滬深2X元富99購02,0,0,0,0,0,0,0,0,0,4000,0,0,0,4000,0,4000,4000
053219,祥碩凱基96購01  ,0,0,0,0,0,0,0,0,0,4000,0,0,0,4000,0,4000,4000
03420B,臺股指元大95熊31,0,0,0,0,0,0,0,0,0,4000,0,0,0,5000,1000,4000,4000
047014,元油反元大99購01,0,0,0,0,0,0,0,0,0,4000,0,0,0,4000,0,4000,4000
04693P,超眾群益95售01  ,0,0,0,0,0,0,0,0,0,4000,0,0,0,4000,0,4000,4000
00735,國泰臺韓科技    ,2000,0,2000,0,0,0,0,0,0,2000,0,0,0,70000,68000,2000,4000
03677C,臺股指元大05牛02,0,0,0,0,0,0,0,0,0,4000,0,0,0,27000,23000,4000,4000
051088,台積電元大95購09,0,0,0,0,0,0,0,0,0,4000,0,0,0,4000,0,4000,4000
1413,宏洲            ,13000,9000,4000,0,0,0,0,0,0,0,0,0,0,0,0,0,4000
1517,利奇            ,5000,0,5000,0,0,0,0,0,0,-1000,0,1000,-1000,0,0,0,4000
3029,零壹            ,335000,336000,-1000,0,0,0,0,0,0,5000,5000,0,5000,0,0,0,4000
6243,迅杰            ,4000,0,4000,0,0,0,0,0,0,0,0,0,0,0,0,0,4000
6172,互億            ,13000,9000,4000,0,0,0,0,0,0,0,0,0,0,0,0,0,4000
8222,寶一            ,6000,1000,5000,0,0,0,0,0,0,-1000,0,1000,-1000,0,0,0,4000
6666,羅麗芬-KY       ,9000,5000,4000,0,0,0,0,0,0,0,0,0,0,0,0,0,4000
8104,錸寶            ,22000,12000,10000,0,0,0,0,0,0,-6000,0,6000,-6000,0,0,0,4000
1457,宜進            ,62000,56000,6000,0,0,0,0,0,0,-2000,0,2000,-2000,0,0,0,4000
2727,王品            ,63001,60000,3001,0,0,0,0,0,0,0,0,0,0,0,0,0,3001
06472P,道瓊銀元大98售03,0,0,0,0,0,0,0,0,0,3000,0,0,0,3000,0,3000,3000
06372P,聯發科元大97售21,0,0,0,0,0,0,0,0,0,3000,0,0,0,3000,0,3000,3000
06303P,臺股指元大97售09,0,0,0,0,0,0,0,0,0,3000,0,0,0,5000,2000,3000,3000
059038,健策群益9A購02  ,0,0,0,0,0,0,0,0,0,3000,0,0,0,3000,0,3000,3000
055911,可成凱基98購02  ,0,0,0,0,0,0,0,0,0,3000,0,0,0,26000,23000,3000,3000
2891C,中信金丙特      ,0,0,0,0,0,0,0,0,0,3000,3000,0,3000,0,0,0,3000
2413,環科            ,20000,17000,3000,0,0,0,0,0,0,0,0,0,0,0,0,0,3000
3311,閎暉            ,6000,3000,3000,0,0,0,0,0,0,0,0,0,0,0,0,0,3000
2239,英利-KY         ,11000,6000,5000,0,0,0,0,0,0,-2000,0,2000,-2000,0,0,0,3000
2115,六暉-KY         ,3000,0,3000,0,0,0,0,0,0,0,0,0,0,0,0,0,3000
2033,佳大            ,1000,0,1000,0,0,0,0,0,0,2000,2000,0,2000,0,0,0,3000
056620,華新科永豐98購02,0,0,0,0,0,0,0,0,0,3000,0,0,0,20000,17000,3000,3000
057502,訊芯群益98購02  ,0,0,0,0,0,0,0,0,0,3000,0,0,0,3000,0,3000,3000
057415,和碩日盛98購01  ,0,0,0,0,0,0,0,0,0,3000,0,0,0,3000,0,3000,3000
056439,華邦電凱基98購02,0,0,0,0,0,0,0,0,0,3000,0,0,0,3000,0,3000,3000
058909,神達元大99購03  ,0,0,0,0,0,0,0,0,0,3000,0,0,0,5000,2000,3000,3000
06124P,超眾元大97售03  ,0,0,0,0,0,0,0,0,0,3000,0,0,0,3000,0,3000,3000
07022P,嘉晶永豐99售02  ,0,0,0,0,0,0,0,0,0,3000,0,0,0,3000,0,3000,3000
07025P,玉晶光凱基99售01,0,0,0,0,0,0,0,0,0,3000,0,0,0,3000,0,3000,3000
058729,國巨永豐99購03  ,0,0,0,0,0,0,0,0,0,3000,0,0,0,3000,0,3000,3000
057087,台郡統一99購01  ,0,0,0,0,0,0,0,0,0,3000,0,0,0,3000,0,3000,3000
057027,祥碩凱基98購01  ,0,0,0,0,0,0,0,0,0,3000,0,0,0,3000,0,3000,3000
056994,緯穎兆豐98購02  ,0,0,0,0,0,0,0,0,0,3000,0,0,0,3000,0,3000,3000
057746,同欣電永豐98購02,0,0,0,0,0,0,0,0,0,3000,0,0,0,33000,30000,3000,3000
06932P,大立光元大98售21,0,0,0,0,0,0,0,0,0,3000,0,0,0,3000,0,3000,3000
057166,國巨元大99購06  ,0,0,0,0,0,0,0,0,0,3000,0,0,0,3000,0,3000,3000
059357,華通永豐99購01  ,0,0,0,0,0,0,0,0,0,3000,0,0,0,3000,0,3000,3000
059399,滬深2X元富9C購03,0,0,0,0,0,0,0,0,0,3000,0,0,0,3000,0,3000,3000
058000,FBVIX群益9B購01 ,0,0,0,0,0,0,0,0,0,3000,0,0,0,3000,0,3000,3000
058001,FBVIX群益9B購02 ,0,0,0,0,0,0,0,0,0,3000,0,0,0,3000,0,3000,3000
058002,FBVIX群益9C購01 ,0,0,0,0,0,0,0,0,0,3000,0,0,0,3000,0,3000,3000
058003,FBVIX群益9C購02 ,0,0,0,0,0,0,0,0,0,3000,0,0,0,3000,0,3000,3000
058091,欣興元大99購03  ,0,0,0,0,0,0,0,0,0,3000,0,0,0,3000,0,3000,3000
058646,聯茂富邦9A購01  ,0,0,0,0,0,0,0,0,0,3000,0,0,0,3000,0,3000,3000
059671,滬深2X元富99購05,0,0,0,0,0,0,0,0,0,3000,0,0,0,5000,2000,3000,3000
057821,晶相光元大98購03,0,0,0,0,0,0,0,0,0,3000,0,0,0,15000,12000,3000,3000
058579,聯發科群益99購04,0,0,0,0,0,0,0,0,0,3000,0,0,0,4000,1000,3000,3000
058591,台灣50統一9B購02,0,0,0,0,0,0,0,0,0,3000,0,0,0,3000,0,3000,3000
06618P,智邦元大98售04  ,0,0,0,0,0,0,0,0,0,3000,0,0,0,4000,1000,3000,3000
059492,國巨國票9A購06  ,0,0,0,0,0,0,0,0,0,3000,0,0,0,208000,205000,3000,3000
05151P,台光電群益95售02,0,0,0,0,0,0,0,0,0,3000,0,0,0,3000,0,3000,3000
046191,新光金凱基98購01,0,0,0,0,0,0,0,0,0,3000,0,0,0,3000,0,3000,3000
03029X,元展26          ,0,0,0,0,0,0,0,0,0,3000,0,0,0,3000,0,3000,3000
05527P,聯茂群益96售01  ,0,0,0,0,0,0,0,0,0,3000,0,0,0,13000,10000,3000,3000
055126,嘉澤兆豐97購01  ,0,0,0,0,0,0,0,0,0,3000,0,0,0,3000,0,3000,3000
05506P,茂林凱基96售03  ,0,0,0,0,0,0,0,0,0,3000,0,0,0,3000,0,3000,3000
055029,帆宣國泰99購01  ,0,0,0,0,0,0,0,0,0,3000,0,0,0,3000,0,3000,3000
050779,超眾元大96購03  ,0,0,0,0,0,0,0,0,0,3000,0,0,0,3000,0,3000,3000
053064,國巨群益96購04  ,0,0,0,0,0,0,0,0,0,3000,0,0,0,3000,0,3000,3000
054926,神達凱基98購01  ,0,0,0,0,0,0,0,0,0,3000,0,0,0,3000,0,3000,3000
049260,華新科元大96購01,0,0,0,0,0,0,0,0,0,3000,0,0,0,3000,0,3000,3000
05017P,臺股指元大95售08,0,0,0,0,0,0,0,0,0,3000,0,0,0,3000,0,3000,3000
049063,緯穎日盛94購01  ,0,0,0,0,0,0,0,0,0,3000,0,0,0,3000,0,3000,3000
04872P,高股息中信94售01,0,0,0,0,0,0,0,0,0,3000,0,0,0,3000,0,3000,3000
056782,鴻海群益98購04  ,0,0,0,0,0,0,0,0,0,3000,0,0,0,3000,0,3000,3000
056916,台達電兆豐98購02,0,0,0,0,0,0,0,0,0,3000,0,0,0,5000,2000,3000,3000
058354,台積電凱基9A購06,0,0,0,0,0,0,0,0,0,3000,0,0,0,7000,4000,3000,3000
058330,鴻海元富99購01  ,0,0,0,0,0,0,0,0,0,3000,0,0,0,3000,0,3000,3000
056846,晶相光元富98購01,0,0,0,0,0,0,0,0,0,3000,0,0,0,3000,0,3000,3000
05182P,嘉晶統一95售03  ,0,0,0,0,0,0,0,0,0,3000,0,0,0,3000,0,3000,3000
05191P,鴻海台新95售01  ,0,0,0,0,0,0,0,0,0,3000,0,0,0,3000,0,3000,3000
055365,華通元大97購03  ,0,0,0,0,0,0,0,0,0,3000,0,0,0,11000,8000,3000,3000
05227P,大立光統一95售04,0,0,0,0,0,0,0,0,0,3000,0,0,0,3000,0,3000,3000
052293,泰碩國票95購03  ,0,0,0,0,0,0,0,0,0,3000,0,0,0,3000,0,3000,3000
055390,國巨統一98購03  ,0,0,0,0,0,0,0,0,0,3000,0,0,0,3000,0,3000,3000
052815,滬深2X永豐97購01,0,0,0,0,0,0,0,0,0,3000,0,0,0,3000,0,3000,3000
05268P,玉晶光元大98售01,0,0,0,0,0,0,0,0,0,3000,0,0,0,5000,2000,3000,3000
055515,聚陽中信9A購01  ,0,0,0,0,0,0,0,0,0,3000,0,0,0,3000,0,3000,3000
052865,大立光凱基96購11,0,0,0,0,0,0,0,0,0,3000,0,0,0,3000,0,3000,3000
054260,貿聯元大96購03  ,0,0,0,0,0,0,0,0,0,3000,0,0,0,3000,0,3000,3000
07193P,聯發科元大99售24,0,0,0,0,0,0,0,0,0,3000,0,0,0,3000,0,3000,3000
3027,盛達            ,8000,5000,3000,0,0,0,0,0,0,0,0,0,0,0,0,0,3000
1506,正道            ,3000,0,3000,0,0,0,0,0,0,0,0,0,0,0,0,0,3000
1235,興泰            ,0,1000,-1000,0,0,0,0,0,0,4000,4000,0,4000,0,0,0,3000
4439,冠星-KY         ,11000,8000,3000,0,0,0,0,0,0,0,0,0,0,0,0,0,3000
3533,嘉澤            ,310000,555423,-245423,0,0,0,318248,126000,192248,56000,73000,19000,54000,3000,1000,2000,2825
059498,滬深2X元富9C購06,0,0,0,0,0,0,0,0,0,2000,0,0,0,2000,0,2000,2000
058493,台積電群益9A購01,0,0,0,0,0,0,0,0,0,2000,0,0,0,5000,3000,2000,2000
06602P,國巨統一99售02  ,0,0,0,0,0,0,0,0,0,2000,0,0,0,2000,0,2000,2000
06613P,華新科富邦9A售03,0,0,0,0,0,0,0,0,0,2000,0,0,0,157000,155000,2000,2000
06615P,鴻海元大9C售02  ,0,0,0,0,0,0,0,0,0,2000,0,0,0,2000,0,2000,2000
06617P,智邦元大98售03  ,0,0,0,0,0,0,0,0,0,2000,0,0,0,3000,1000,2000,2000
058569,健策凱基9A購01  ,0,0,0,0,0,0,0,0,0,2000,0,0,0,2000,0,2000,2000
058645,康控富邦01購01  ,0,0,0,0,0,0,0,0,0,2000,0,0,0,2000,0,2000,2000
058073,大立光凱基99購04,0,0,0,0,0,0,0,0,0,2000,0,0,0,2000,0,2000,2000
058114,台積電第一01購01,0,0,0,0,0,0,0,0,0,2000,0,0,0,2000,0,2000,2000
057998,玉晶光麥證9A購01,0,0,0,2000,0,2000,0,0,0,2000,0,0,0,2000,0,2000,2000
057947,和碩國票99購01  ,0,0,0,0,0,0,0,0,0,2000,0,0,0,2000,0,2000,2000
059054,國巨凱基99購11  ,0,0,0,0,0,0,0,0,0,2000,0,0,0,2000,0,2000,2000
057158,義隆永豐99購01  ,0,0,0,0,0,0,0,0,0,2000,0,0,0,12000,10000,2000,2000
057189,康控元大98購02  ,0,0,0,0,0,0,0,0,0,2000,0,0,0,2000,0,2000,2000
06866P,聯發科元大98售13,0,0,0,0,0,0,0,0,0,2000,0,0,0,2000,0,2000,2000
06857P,超眾永豐98售02  ,0,0,0,0,0,0,0,0,0,2000,0,0,0,2000,0,2000,2000
057725,台達電國泰9A購01,0,0,0,0,0,0,0,0,0,2000,0,0,0,2000,0,2000,2000
059237,鴻海凱基9A購10  ,0,0,0,0,0,0,0,0,0,2000,0,0,0,3000,1000,2000,2000
059164,旺宏凱基99購06  ,0,0,0,0,0,0,0,0,0,2000,0,0,0,2000,0,2000,2000
057221,華通國票98購03  ,0,0,0,0,0,0,0,0,0,2000,0,0,0,2000,0,2000,2000
058776,台積電國票9A購03,0,0,0,0,0,0,0,0,0,2000,0,0,0,2000,0,2000,2000
057331,台積電國票99購04,0,0,0,0,0,0,0,0,0,2000,0,0,0,2000,0,2000,2000
057269,鈺齊兆豐98購01  ,0,0,0,0,0,0,0,0,0,2000,0,0,0,2000,0,2000,2000
07062P,台積電元大99售15,0,0,0,0,0,0,0,0,0,2000,0,0,0,2000,0,2000,2000
06199P,聯發科元大97售17,0,0,0,0,0,0,0,0,0,2000,0,0,0,2000,0,2000,2000
06200P,聯發科元大97售18,0,0,0,0,0,0,0,0,0,2000,0,0,0,2000,0,2000,2000
058882,晶相光永豐99購01,0,0,0,0,0,0,0,0,0,2000,0,0,0,2000,0,2000,2000
058874,聯鈞國票9A購01  ,0,0,0,0,0,0,0,0,0,2000,0,0,0,2000,0,2000,2000
058878,旭富國泰9B購01  ,0,0,0,0,0,0,0,0,0,2000,0,0,0,2000,0,2000,2000
056399,上証2X群益9C購01,0,0,0,0,0,0,0,0,0,2000,0,0,0,2000,0,2000,2000
056482,貿聯元大99購01  ,0,0,0,0,0,0,0,0,0,2000,0,0,0,2000,0,2000,2000
056506,晶豪科永豐98購02,0,0,0,0,0,0,0,0,0,2000,0,0,0,2000,0,2000,2000
056519,創意國票99購01  ,0,0,0,0,0,0,0,0,0,2000,0,0,0,2000,0,2000,2000
056360,智邦元大98購01  ,0,0,0,0,0,0,0,0,0,2000,0,0,0,12000,10000,2000,2000
057488,聯發科元大99購02,0,0,0,0,0,0,0,0,0,2000,0,0,0,2000,0,2000,2000
056598,京元電元富98購01,0,0,0,0,0,0,0,0,0,2000,0,0,0,2000,0,2000,2000
058946,SGBR2X群益9B購01,0,0,0,0,0,0,0,0,0,2000,0,0,0,2000,0,2000,2000
1727,中華化          ,2000,0,2000,0,0,0,0,0,0,0,0,0,0,0,0,0,2000
2002A,中鋼特          ,0,0,0,0,0,0,0,0,0,2000,2000,0,2000,0,0,0,2000
058983,旺宏凱基99購05  ,0,0,0,0,0,0,0,0,0,2000,0,0,0,2000,0,2000,2000
06365P,鴻海凱基97售09  ,0,0,0,0,0,0,0,0,0,2000,0,0,0,2000,0,2000,2000
06383P,聯茂元富97售01  ,0,0,0,0,0,0,0,0,0,2000,0,0,0,2000,0,2000,2000
06408P,聯茂元富97售02  ,0,0,0,0,0,0,0,0,0,2000,0,0,0,3000,1000,2000,2000
06564P,國巨富邦9A售04  ,0,0,0,0,0,0,0,0,0,2000,0,0,0,2000,0,2000,2000
2464,盟立            ,107000,92000,15000,0,0,0,0,1000,-1000,-12000,0,12000,-12000,0,0,0,2000
2528,皇普            ,8000,5000,3000,0,0,0,0,0,0,-1000,0,1000,-1000,0,0,0,2000
054428,禾伸堂富邦98購01,0,0,0,0,0,0,0,0,0,2000,0,0,0,2000,0,2000,2000
054564,玉晶光群益99購01,0,0,0,0,0,0,0,0,0,2000,0,0,0,2000,0,2000,2000
05468P,鴻海元大96售14  ,0,0,0,0,0,0,0,0,0,2000,0,0,0,2000,0,2000,2000
053560,漢唐國泰98購01  ,0,0,0,0,0,0,0,0,0,2000,0,0,0,2000,0,2000,2000
055623,貿聯國泰99購01  ,0,0,0,0,0,0,0,0,0,2000,0,0,0,2000,0,2000,2000
055579,健策統一9A購01  ,0,0,0,0,0,0,0,0,0,2000,0,0,0,2000,0,2000,2000
052676,聯發科永昌98購01,0,0,0,0,0,0,0,0,0,2000,0,0,0,2000,0,2000,2000
05267P,欣興元大95售08  ,0,0,0,0,0,0,0,0,0,2000,0,0,0,2000,0,2000,2000
052784,緯穎國票97購02  ,0,0,0,0,0,0,0,0,0,2000,0,0,0,2000,0,2000,2000
052607,大立光元大96購03,0,0,0,0,0,0,0,0,0,2000,0,0,0,2000,0,2000,2000
052532,台積電國泰96購07,0,0,0,0,0,0,0,0,0,2000,0,0,0,2000,0,2000,2000
053448,智易凱基96購03  ,0,0,0,0,0,0,0,0,0,2000,0,0,0,6000,4000,2000,2000
053439,台積電凱基96購11,0,0,0,0,0,0,0,0,0,2000,0,0,0,2000,0,2000,2000
051902,T50反1元大97購01,0,1000,-1000,0,0,0,0,0,0,3000,0,0,0,14000,11000,3000,2000
053831,台積電台新97購02,0,0,0,0,0,0,0,0,0,2000,0,0,0,2000,0,2000,2000
053950,緯穎富邦97購02  ,0,0,0,0,0,0,0,0,0,2000,0,0,0,2000,0,2000,2000
054130,漢唐元大97購02  ,0,0,0,0,0,0,0,0,0,2000,0,0,0,2000,0,2000,2000
055760,新日興群益98購02,0,0,0,0,0,0,0,0,0,2000,0,0,0,102000,100000,2000,2000
054766,智原國票98購01  ,0,0,0,0,0,0,0,0,0,2000,0,0,0,5000,3000,2000,2000
056905,欣興元大98購03  ,0,0,0,0,0,0,0,0,0,2000,0,0,0,2000,0,2000,2000
058238,奇鋐元大99購02  ,0,0,0,0,0,0,0,0,0,2000,0,0,0,2000,0,2000,2000
049835,緯穎凱基94購05  ,0,0,0,0,0,0,0,0,0,2000,0,0,0,2000,0,2000,2000
05016P,臺股指元大95售07,0,0,0,0,0,0,0,0,0,2000,0,0,0,32000,30000,2000,2000
05014P,臺股指元大95售05,0,0,0,0,0,0,0,0,0,2000,0,0,0,2000,0,2000,2000
050385,貿聯國票95購02  ,0,0,0,0,0,0,0,0,0,2000,0,0,0,2000,0,2000,2000
051682,元黃金凱基97購01,0,0,0,0,0,0,0,0,0,2000,0,0,0,2000,0,2000,2000
051598,瑞昱兆豐95購01  ,0,0,0,0,0,0,0,0,0,2000,0,0,0,2000,0,2000,2000
04958P,和大凱基94售04  ,0,0,0,0,0,0,0,0,0,2000,0,0,0,2000,0,2000,2000
049600,緯穎元大95購02  ,0,0,0,0,0,0,0,0,0,2000,0,0,0,13000,11000,2000,2000
053069,同欣電群益98購01,0,0,0,0,0,0,0,0,0,2000,0,0,0,2000,0,2000,2000
053041,可成凱基96購02  ,0,0,0,0,0,0,0,0,0,2000,0,0,0,2000,0,2000,2000
050842,旺宏國票97購01  ,0,0,0,0,0,0,0,0,0,2000,0,0,0,2000,0,2000,2000
051801,牧德永豐95購04  ,0,0,0,0,0,0,0,0,0,2000,0,0,0,2000,0,2000,2000
050604,上証2X永昌94購01,0,0,0,0,0,0,0,0,0,2000,0,0,0,2000,0,2000,2000
05501P,健策國票97售01  ,0,0,0,0,0,0,0,0,0,2000,0,0,0,2000,0,2000,2000
053163,上証2X群益9A購02,0,0,0,0,0,0,0,0,0,2000,0,0,0,2000,0,2000,2000
046866,台積電統一94購03,0,0,0,0,0,0,0,0,0,2000,0,0,0,2000,0,2000,2000
04700P,臺股指元富94售06,0,0,0,0,0,0,0,0,0,2000,0,0,0,2000,0,2000,2000
00736,國泰新興市場    ,10000,0,10000,0,0,0,0,0,0,-8000,0,0,0,33000,41000,-8000,2000
00707R,元大S&P日圓反1  ,0,0,0,0,0,0,0,0,0,2000,0,0,0,2000,0,2000,2000
03016X,元展16          ,0,0,0,0,0,0,0,0,0,2000,0,0,0,2000,0,2000,2000
00682U,元大美元指數    ,0,0,0,0,0,0,0,0,0,2000,0,0,0,2000,0,2000,2000
048051,大立光中信94購03,0,0,0,0,0,0,0,0,0,2000,0,0,0,2000,0,2000,2000
051175,國巨凱基95購04  ,0,0,0,0,0,0,0,0,0,2000,0,0,0,2000,0,2000,2000
051218,聯發科元富9B購02,0,0,0,0,0,0,0,0,0,2000,0,0,0,2000,0,2000,2000
05122P,鴻海永昌96售06  ,0,0,0,0,0,0,0,0,0,2000,0,0,0,2000,0,2000,2000
051354,聯發科元大95購09,0,0,0,0,0,0,0,0,0,2000,0,0,0,2000,0,2000,2000
051324,康友國票96購01  ,0,0,0,0,0,0,0,0,0,2000,0,0,0,2000,0,2000,2000
046011,欣興元富95購01  ,0,0,0,0,0,0,0,0,0,2000,0,0,0,2000,0,2000,2000
05092P,全新元大95售03  ,0,0,0,0,0,0,0,0,0,2000,0,0,0,2000,0,2000,2000
051012,台積電凱基95購04,0,0,0,0,0,0,0,0,0,2000,0,0,0,2000,0,2000,2000
1307,三芳            ,27000,25000,2000,0,0,0,0,0,0,0,0,0,0,0,0,0,2000
1524,耿鼎            ,2000,0,2000,0,0,0,0,0,0,0,0,0,0,0,0,0,2000
1529,樂士            ,0,2000,-2000,0,0,0,0,0,0,4000,4000,0,4000,0,0,0,2000
07275P,FBVIX群益99售02 ,0,0,0,0,0,0,0,0,0,2000,0,0,0,17000,15000,2000,2000
07247P,聯發科凱基9A售06,0,0,0,0,0,0,0,0,0,2000,0,0,0,6000,4000,2000,2000
07251P,台灣50元富01售04,0,0,0,0,0,0,0,0,0,2000,0,0,0,2000,0,2000,2000
6581,鋼聯            ,4000,2000,2000,0,0,0,0,0,0,0,0,0,0,0,0,0,2000
8480,泰昇-KY         ,2000,0,2000,0,0,0,0,0,0,0,0,0,0,0,0,0,2000
4737,華廣            ,20000,18000,2000,0,0,0,0,0,0,0,0,0,0,0,0,0,2000
07199P,臺股指元大99售15,0,0,0,0,0,0,0,0,0,2000,0,0,0,4000,2000,2000,2000
1454,台富            ,3000,1000,2000,0,0,0,0,0,0,0,0,0,0,0,0,0,2000
2707,晶華            ,69000,55000,14000,0,0,0,733,0,733,-13000,0,13000,-13000,0,0,0,1733
2712,遠雄來          ,1000,0,1000,0,0,0,0,0,0,0,0,0,0,0,0,0,1000
2482,連宇            ,3000,2000,1000,0,0,0,0,0,0,0,0,0,0,0,0,0,1000
06326P,鴻海中信01售01  ,0,0,0,0,0,0,0,0,0,1000,0,0,0,1000,0,1000,1000
059000,台積電元大99購25,0,0,0,0,0,0,0,0,0,1000,0,0,0,1000,0,1000,1000
057595,健鼎兆豐98購01  ,0,0,0,0,0,0,0,0,0,1000,0,0,0,1000,0,1000,1000
057600,大立光群益99購03,0,0,0,0,0,0,0,0,0,1000,0,0,0,1000,0,1000,1000
2007,燁興            ,1000,0,1000,0,0,0,0,0,0,0,0,0,0,0,0,0,1000
058950,國巨群益99購06  ,0,0,0,0,0,0,0,0,0,1000,0,0,0,1000,0,1000,1000
057372,華新科元大99購10,0,0,0,0,0,0,0,0,0,1000,0,0,0,1000,0,1000,1000
057380,技嘉國泰9A購01  ,0,0,0,0,0,0,0,0,0,1000,0,0,0,1000,0,1000,1000
056664,上証反中信9B購01,0,0,0,0,0,0,0,0,0,1000,0,0,0,1000,0,1000,1000
056576,晶技元大99購02  ,0,0,0,0,0,0,0,0,0,1000,0,0,0,1000,0,1000,1000
055896,南電統一97購02  ,0,0,0,0,0,0,0,0,0,1000,0,0,0,1000,0,1000,1000
05589P,大立光中信9A售01,0,0,0,0,0,0,0,0,0,1000,0,0,0,1000,0,1000,1000
055831,台達電元大97購01,0,0,0,0,0,0,0,0,0,1000,0,0,0,1000,0,1000,1000
05743P,創意元大96售01  ,0,0,0,0,0,0,0,0,0,1000,0,0,0,4000,3000,1000,1000
056362,聯發科元大99購01,0,0,0,0,0,0,0,0,0,1000,0,0,0,1000,0,1000,1000
056372,訊芯元大98購04  ,0,0,0,0,0,0,0,0,0,1000,0,0,0,1000,0,1000,1000
056384,玉晶光國泰9A購02,0,0,0,0,0,0,0,0,0,1000,0,0,0,1000,0,1000,1000
056425,聯發科日盛9A購01,0,0,0,0,0,0,0,0,0,1000,0,0,0,1000,0,1000,1000
058906,晶相光元大99購01,0,0,0,0,0,0,0,0,0,1000,0,0,0,1000,0,1000,1000
06183P,大立光元大97售05,0,0,0,0,0,0,0,0,0,1000,0,0,0,1000,0,1000,1000
06270P,致伸凱基97售03  ,0,0,0,0,0,0,0,0,0,1000,0,0,0,1000,0,1000,1000
07030P,鈺齊群益99售01  ,0,0,0,0,0,0,0,0,0,1000,0,0,0,1000,0,1000,1000
07071P,立積元富99售01  ,0,0,0,0,0,0,0,0,0,1000,0,0,0,1000,0,1000,1000
07144P,FBVIX元大99售03 ,0,0,0,0,0,0,0,0,0,1000,0,0,0,1000,0,1000,1000
055799,致茂永豐97購02  ,0,0,0,0,0,0,0,0,0,1000,0,0,0,1000,0,1000,1000
057257,台泥兆豐99購01  ,0,0,0,0,0,0,0,0,0,1000,0,0,0,1000,0,1000,1000
058845,元油2X群益9C購04,0,0,0,0,0,0,0,0,0,1000,0,0,0,1000,0,1000,1000
058777,台光電國票9A購01,0,0,0,0,0,0,0,0,0,1000,0,0,0,1000,0,1000,1000
057224,和碩日盛9A購01  ,0,0,0,0,0,0,0,0,0,1000,0,0,0,21000,20000,1000,1000
058805,元石油統一9B購02,0,0,0,0,0,0,0,0,0,1000,0,0,0,1000,0,1000,1000
059228,臺股指元大99購21,0,0,0,0,0,0,0,0,0,1000,0,0,0,1000,0,1000,1000
059336,台灣50凱基9A購02,0,0,0,0,0,0,0,0,0,1000,0,0,0,1000,0,1000,1000
059333,滬深2X國票9A購03,0,0,0,0,0,0,0,0,0,1000,0,0,0,7000,6000,1000,1000
057732,牧德國泰9A購01  ,0,0,0,0,0,0,0,0,0,1000,0,0,0,1000,0,1000,1000
057779,禾伸堂群益98購02,0,0,0,0,0,0,0,0,0,1000,0,0,0,1000,0,1000,1000
057676,臺股指元大98購06,0,0,0,0,0,0,0,0,0,1000,0,0,0,1000,0,1000,1000
057079,台積電統一9A購02,0,0,0,0,0,0,0,0,0,1000,0,0,0,1000,0,1000,1000
059140,大立光兆豐9A購02,0,0,0,0,0,0,0,0,0,1000,0,0,0,1000,0,1000,1000
06860P,台灣50兆豐98售01,0,0,0,0,0,0,0,0,0,1000,0,0,0,9000,8000,1000,1000
06812P,台灣50元富9C售01,0,0,0,0,0,0,0,0,0,1000,0,0,0,1000,0,1000,1000
06784P,臺股指元大98售01,0,0,0,0,0,0,0,0,0,1000,0,0,0,1000,0,1000,1000
06936P,瑞儀元大98售01  ,0,0,0,0,0,0,0,0,0,1000,0,0,0,1000,0,1000,1000
06966P,健策台新9A售02  ,0,0,0,0,0,0,0,0,0,1000,0,0,0,1000,0,1000,1000
06083P,華通統一98售02  ,0,0,0,0,0,0,0,0,0,1000,0,0,0,2000,1000,1000,1000
06085P,義隆台新97售01  ,0,0,0,0,0,0,0,0,0,1000,0,0,0,1000,0,1000,1000
05970P,超眾永豐96售03  ,0,0,0,0,0,0,0,0,0,1000,0,0,0,1000,0,1000,1000
05973P,聯詠元大96售06  ,0,0,0,0,0,0,0,0,0,1000,0,0,0,1000,0,1000,1000
058010,帆宣國票98購01  ,0,0,0,0,0,0,0,0,0,1000,0,0,0,1000,0,1000,1000
058032,大立光永豐98購05,0,0,0,0,0,0,0,0,0,1000,0,0,0,1000,0,1000,1000
058636,亞光兆豐9A購01  ,0,0,0,0,0,0,0,0,0,1000,0,0,0,1000,0,1000,1000
058669,上銀群益99購01  ,0,0,0,0,0,0,0,0,0,1000,0,0,0,1000,0,1000,1000
058231,技嘉元大99購02  ,0,0,0,0,0,0,0,0,0,1000,0,0,0,1000,0,1000,1000
058697,亞德客元大99購01,0,0,0,0,0,0,0,0,0,1000,0,0,0,1000,0,1000,1000
05871P,全新凱基96售04  ,0,0,0,0,0,0,0,0,0,1000,0,0,0,1000,0,1000,1000
056095,臻鼎元富9A購01  ,0,0,0,0,0,0,0,0,0,1000,0,0,0,1000,0,1000,1000
056079,世紀鋼元大97購02,0,0,0,0,0,0,0,0,0,1000,0,0,0,13000,12000,1000,1000
056080,世紀鋼元大97購03,0,0,0,0,0,0,0,0,0,1000,0,0,0,1000,0,1000,1000
058538,智邦台新99購02  ,0,0,0,0,0,0,0,0,0,1000,0,0,0,200000,199000,1000,1000
058550,南亞科永豐99購01,0,0,0,0,0,0,0,0,0,1000,0,0,0,1000,0,1000,1000
058594,台灣50元富9B購03,0,0,0,0,0,0,0,0,0,1000,0,0,0,1000,0,1000,1000
05790P,臺股指永昌96售07,0,0,0,0,0,0,0,0,0,1000,10000,0,10000,21000,30000,-9000,1000
06595P,祥碩元大98售03  ,0,0,0,0,0,0,0,0,0,1000,0,0,0,5000,4000,1000,1000
06580P,元油2X凱基9A售06,0,0,0,0,0,0,0,0,0,1000,0,0,0,1000,0,1000,1000
06660P,大立光富邦9B售03,0,0,0,0,0,0,0,0,0,1000,0,0,0,1000,0,1000,1000
06642P,可成兆豐98售01  ,0,0,0,0,0,0,0,0,0,1000,0,0,0,1000,0,1000,1000
06665P,欣興兆豐99售01  ,0,0,0,0,0,0,0,0,0,1000,0,0,0,1000,0,1000,1000
058476,旺宏凱基9A購01  ,0,0,0,0,0,0,0,0,0,1000,0,0,0,1000,0,1000,1000
051001,緯穎元大96購02  ,0,0,0,0,0,0,0,0,0,1000,0,0,0,1000,0,1000,1000
04568P,瑞昱兆豐94售02  ,0,0,0,0,0,0,0,0,0,1000,0,0,0,1000,0,1000,1000
04562P,南亞科凱基94售02,0,0,0,0,0,0,0,0,0,1000,0,0,0,1000,0,1000,1000
04434P,玉晶光國票96售02,0,0,0,0,0,0,0,0,0,1000,0,0,0,1000,0,1000,1000
04416P,牧德元富94售06  ,0,0,0,0,0,0,0,0,0,1000,0,0,0,1000,0,1000,1000
04399P,樺漢群益94售01  ,0,0,0,0,0,0,0,0,0,1000,0,0,0,1000,0,1000,1000
04446P,元油2X凱基94售03,0,0,0,0,0,0,0,0,0,1000,0,0,0,1000,0,1000,1000
051307,康舒凱基95購01  ,0,0,0,0,0,0,0,0,0,1000,0,0,0,1000,0,1000,1000
051250,大立光元大98購01,0,0,0,0,0,0,0,0,0,1000,0,0,0,1000,0,1000,1000
051405,世芯永豐95購01  ,0,0,0,0,0,0,0,0,0,1000,0,0,0,1000,0,1000,1000
051402,玉晶光永豐95購04,0,0,0,0,0,0,0,0,0,1000,0,0,0,1000,0,1000,1000
051248,華固元大95購01  ,0,0,0,0,0,0,0,0,0,1000,0,0,0,1000,0,1000,1000
04611P,元油2X群益98售02,0,0,0,0,0,0,0,0,0,1000,0,0,0,1000,0,1000,1000
046241,聯發科中信94購02,0,0,0,0,0,0,0,0,0,1000,0,0,0,1000,0,1000,1000
046391,上海銀統一94購01,0,0,0,0,0,0,0,0,0,1000,0,0,0,1000,0,1000,1000
04640P,上銀凱基94售05  ,0,0,0,0,0,0,0,0,0,1000,0,0,0,1000,0,1000,1000
04761P,可成凱基94售09  ,0,0,0,0,0,0,0,0,0,1000,0,0,0,1000,0,1000,1000
04753P,台積電統一94售11,0,0,0,0,0,0,0,0,0,1000,0,0,0,1000,0,1000,1000
047231,大立光凱基95購03,0,0,0,0,0,0,0,0,0,1000,0,0,0,1000,0,1000,1000
04707P,喬山元大94售01  ,0,0,0,0,0,0,0,0,0,1000,0,0,0,1000,0,1000,1000
047905,元油反元大96購04,0,0,0,0,0,0,0,0,0,1000,0,0,0,1000,0,1000,1000
047680,上証反中信96購01,0,0,0,0,0,0,0,0,0,1000,0,0,0,1000,0,1000,1000
03430B,臺股指元大9B熊01,0,0,0,0,0,0,0,0,0,1000,0,0,0,1000,0,1000,1000
053195,玉晶光元富96購02,0,0,0,0,0,0,0,0,0,1000,0,0,0,1000,0,1000,1000
055092,開發金群益9B購01,0,0,0,0,0,0,0,0,0,1000,0,0,0,1000,0,1000,1000
055093,京鼎群益98購01  ,0,0,0,0,0,0,0,0,0,1000,0,0,0,1000,0,1000,1000
05511P,T50反1台新06售01,0,0,0,0,0,0,0,0,0,1000,0,0,0,1000,0,1000,1000
055161,貿聯元大98購03  ,0,0,0,0,0,0,0,0,0,1000,0,0,0,1000,0,1000,1000
053373,台泥元大96購01  ,0,0,0,0,0,0,0,0,0,1000,0,0,0,17000,16000,1000,1000
051746,玉晶光國泰97購07,0,0,0,0,0,0,0,0,0,1000,0,0,0,1000,0,1000,1000
050477,矽力永豐94購01  ,0,0,0,0,0,0,0,0,0,1000,0,0,0,1000,0,1000,1000
050547,華新科凱基95購01,0,0,0,0,0,0,0,0,0,1000,0,0,0,1000,0,1000,1000
050895,聯發科元大97購01,0,0,0,0,0,0,0,0,0,1000,0,0,0,1000,0,1000,1000
053084,國巨元大98購01  ,0,0,0,0,0,0,0,0,0,1000,0,0,0,1000,0,1000,1000
053142,緯穎永豐96購01  ,0,0,0,0,0,0,0,0,0,1000,0,0,0,1000,0,1000,1000
049591,開發金元大98購01,0,0,0,0,0,0,0,0,0,1000,0,0,0,1000,0,1000,1000
049597,泰鼎元大96購01  ,0,0,0,0,0,0,0,0,0,1000,0,0,0,1000,0,1000,1000
051725,緯穎永豐95購02  ,0,0,0,0,0,0,0,0,0,1000,0,0,0,1000,0,1000,1000
051677,達方元大95購01  ,0,0,0,0,0,0,0,0,0,1000,0,0,0,1000,0,1000,1000
051650,矽力永豐95購01  ,0,0,0,0,0,0,0,0,0,1000,0,0,0,1000,0,1000,1000
051659,力山國泰97購01  ,0,0,0,0,0,0,0,0,0,1000,0,0,0,1000,0,1000,1000
049200,元黃金群益98購01,0,0,0,0,0,0,0,0,0,1000,0,0,0,1000,0,1000,1000
049567,鴻海統一94購05  ,0,0,0,0,0,0,0,0,0,1000,0,0,0,1000,0,1000,1000
049501,台郡元大95購01  ,0,0,0,0,0,0,0,0,0,1000,0,0,0,2000,1000,1000,1000
050233,香港2X凱基96購01,0,0,0,0,0,0,0,0,0,1000,0,0,0,1000,0,1000,1000
049982,嘉晶凱基94購01  ,0,0,0,0,0,0,0,0,0,1000,0,0,0,21000,20000,1000,1000
049856,緯穎群益94購02  ,0,0,0,0,0,0,0,0,0,1000,0,0,0,1000,0,1000,1000
04994P,大成鋼凱基95售01,0,0,0,0,0,0,0,0,0,1000,0,0,0,1000,0,1000,1000
056990,聯發科兆豐98購01,0,0,0,0,0,0,0,0,0,1000,0,0,0,1000,0,1000,1000
058243,華擎元大99購01  ,0,0,0,0,0,0,0,0,0,1000,0,0,0,1000,0,1000,1000
05941P,聯發科凱基96售22,0,0,0,0,0,0,0,0,0,1000,0,0,0,1000,0,1000,1000
056699,光罩國泰99購01  ,0,0,0,0,0,0,0,0,0,1000,0,0,0,1000,0,1000,1000
054016,嘉晶永豐96購04  ,0,0,0,0,0,0,0,0,0,1000,0,0,0,1000,0,1000,1000
054000,訊芯群益96購02  ,0,0,0,0,0,0,0,0,0,1000,0,0,0,1000,0,1000,1000
056862,聯發科群益98購03,0,0,0,0,0,0,0,0,0,1000,0,0,0,1000,0,1000,1000
056959,鴻海永豐98購03  ,0,0,0,0,0,0,0,0,0,1000,0,0,0,1000,0,1000,1000
058337,日月光元富99購01,0,0,0,0,0,0,0,0,0,1000,0,0,0,1000,0,1000,1000
058328,世紀鋼統一9B購01,0,0,0,0,0,0,0,0,0,1000,0,0,0,1000,0,1000,1000
058356,華邦電凱基99購01,0,0,0,0,0,0,0,0,0,1000,0,0,0,1000,0,1000,1000
058404,貿聯元大99購02  ,0,0,0,0,0,0,0,0,0,1000,0,0,0,1000,0,1000,1000
054898,台肥康和97購01  ,0,0,0,0,0,0,0,0,0,1000,0,0,0,1000,0,1000,1000
055785,祥碩凱基97購02  ,0,0,0,0,0,0,0,0,0,1000,0,0,0,1000,0,1000,1000
052132,旺宏凱基9B購01  ,0,0,0,0,0,0,0,0,0,1000,0,0,0,1000,0,1000,1000
053960,晶技永豐96購02  ,0,0,0,0,0,0,0,0,0,1000,0,0,0,1000,0,1000,1000
053916,漢唐國票97購04  ,0,0,0,0,0,0,0,0,0,1000,0,0,0,1000,0,1000,1000
051856,亞德客凱基95購01,0,0,0,0,0,0,0,0,0,1000,0,0,0,1000,0,1000,1000
051864,聯發科凱基96購03,0,0,0,0,0,0,0,0,0,1000,0,0,0,1000,0,1000,1000
055313,南電群益97購01  ,0,0,0,0,0,0,0,0,0,1000,0,0,0,1000,0,1000,1000
053518,聯茂群益96購03  ,0,0,0,0,0,0,0,0,0,1000,0,0,0,1000,0,1000,1000
053537,玉晶光永豐98購02,0,0,0,0,0,0,0,0,0,1000,0,0,0,1000,0,1000,1000
052384,臺股指元大95購30,0,0,0,0,0,0,0,0,0,1000,0,0,0,1000,0,1000,1000
052402,健策凱基97購01  ,0,0,0,0,0,0,0,0,0,1000,0,0,0,1000,0,1000,1000
052755,滬深2X群益9A購01,0,0,0,0,0,0,0,0,0,1000,0,0,0,1000,0,1000,1000
052800,國巨元大96購05  ,0,0,0,0,0,0,0,0,0,1000,0,0,0,1000,0,1000,1000
05261P,鴻海元大95售20  ,0,0,0,0,0,0,0,0,0,1000,0,0,0,1000,0,1000,1000
054209,台積電國票97購08,0,0,0,0,0,0,0,0,0,1000,0,0,0,1000,0,1000,1000
055605,緯穎元大97購02  ,0,0,0,0,0,0,0,0,0,1000,0,0,0,1000,0,1000,1000
053621,臺股指群益96購07,0,0,0,0,0,0,0,0,0,1000,0,0,0,1000,0,1000,1000
054690,新興永豐97購01  ,0,0,0,0,0,0,0,0,0,1000,0,0,0,1000,0,1000,1000
054575,聯鈞元大97購01  ,0,0,0,0,0,0,0,0,0,1000,0,0,0,3000,2000,1000,1000
054577,世芯元大98購01  ,0,0,0,0,0,0,0,0,0,1000,0,0,0,12000,11000,1000,1000
054420,緯穎元大96購08  ,0,0,0,0,0,0,0,0,0,1000,0,0,0,1000,0,1000,1000
054231,國巨群益98購03  ,0,0,0,0,0,0,0,0,0,1000,0,0,0,1000,0,1000,1000
054240,訊芯群益96購03  ,0,0,0,0,0,0,0,0,0,1000,0,0,0,1000,0,1000,1000
054302,鴻海凱基96購18  ,0,0,0,0,0,0,0,0,0,1000,0,0,0,1000,0,1000,1000
07217P,大立光凱基9A售05,0,0,0,0,0,0,0,0,0,1000,0,0,0,1000,0,1000,1000
1472,三洋紡          ,1000,0,1000,0,0,0,0,0,0,0,0,0,0,0,0,0,1000
4989,榮科            ,48000,39000,9000,0,0,0,0,0,0,-8000,0,8000,-8000,0,0,0,1000
6152,百一            ,1000,0,1000,0,0,0,0,0,0,0,0,0,0,0,0,0,1000
8466,美吉吉-KY       ,0,0,0,0,0,0,0,0,0,1000,1000,0,1000,0,0,0,1000
8201,無敵            ,1000,0,1000,0,0,0,0,0,0,0,0,0,0,0,0,0,1000
8427,基勝-KY         ,1000,0,1000,0,0,0,0,0,0,0,0,0,0,0,0,0,1000
1443,立益            ,1000,0,1000,0,0,0,0,0,0,0,0,0,0,0,0,0,1000
6655,科定            ,1000,0,1000,0,0,0,0,0,0,0,0,0,0,0,0,0,1000
1525,江申            ,2000,1000,1000,0,0,0,0,0,0,0,0,0,0,0,0,0,1000
1309,台達化          ,163000,162000,1000,0,0,0,0,0,0,0,0,0,0,0,0,0,1000
1236,宏亞            ,0,0,0,0,0,0,0,0,0,1000,1000,0,1000,0,0,0,1000
4545,銘鈺            ,8000,7000,1000,0,0,0,0,0,0,0,0,0,0,0,0,0,1000
3501,維熹            ,28000,27000,1000,0,0,0,0,0,0,0,0,0,0,0,0,0,1000
1432,大魯閣          ,1000,0,1000,0,0,0,0,0,0,0,0,0,0,0,0,0,1000
059493,國巨國票9B購01  ,0,0,0,0,0,0,0,0,0,0,0,0,0,5000,5000,0,0
059532,華新科凱基9B購03,0,0,0,0,0,0,0,0,0,0,0,0,0,8000,8000,0,0
059530,華新科凱基9A購05,0,0,0,0,0,0,0,0,0,0,0,0,0,6000,6000,0,0
059507,鴻海永豐99購03  ,0,0,0,0,0,0,0,0,0,0,0,0,0,4000,4000,0,0
059515,牧德永豐99購01  ,0,0,0,0,0,0,0,0,0,0,0,0,0,68000,68000,0,0
06667P,鴻海凱基98售11  ,0,0,0,0,0,0,0,0,0,0,0,0,0,20000,20000,0,0
06708P,臺股指台新99售05,0,0,0,0,0,0,0,0,0,0,0,0,0,9000,9000,0,0
06640P,國巨兆豐99售02  ,0,0,0,0,0,0,0,0,0,0,0,0,0,10000,10000,0,0
06574P,大立光永昌99售01,0,0,0,0,0,0,0,0,0,0,0,0,0,10000,10000,0,0
059542,聯發科亞東99購01,0,0,0,0,0,0,0,0,0,0,0,0,0,10000,10000,0,0
057910,華新科兆豐99購02,0,0,0,0,0,0,0,0,0,0,0,0,0,10000,10000,0,0
057913,健策日盛98購01  ,0,0,0,0,0,0,0,0,0,0,0,0,0,470000,470000,0,0
057874,可成元大99購02  ,0,0,0,0,0,0,0,0,0,0,0,0,0,10000,10000,0,0
059611,台積電永豐99購05,0,0,0,0,0,0,0,0,0,0,0,0,0,13000,13000,0,0
059619,台積電日盛9A購04,0,0,0,0,0,0,0,0,0,0,0,0,0,100000,100000,0,0
059620,聯發科日盛99購02,0,0,0,0,0,0,0,0,0,0,0,0,0,53000,53000,0,0
059595,華新科元大9A購03,0,0,0,0,0,0,0,0,0,0,0,0,0,10000,10000,0,0
058584,百和群益9A購01  ,0,0,0,0,0,0,0,0,0,0,0,0,0,7000,7000,0,0
058572,百和凱基9A購01  ,0,0,0,0,0,0,0,0,0,0,0,0,0,7000,7000,0,0
058556,百和永豐99購01  ,0,0,0,0,0,0,0,0,0,0,0,0,0,7000,7000,0,0
059590,台積電元大99購39,0,0,0,0,0,0,0,0,0,0,0,0,0,50000,50000,0,0
056036,鴻海凱基97購07  ,0,0,0,0,0,0,0,0,0,0,0,0,0,1000,1000,0,0
058673,華新科群益9A購02,0,0,0,0,0,0,0,0,0,0,0,0,0,17000,17000,0,0
058679,可成日盛99購01  ,0,0,0,0,0,0,0,0,0,0,0,0,0,430000,430000,0,0
058700,鴻海元大99購15  ,0,0,0,0,0,0,0,0,0,0,0,0,0,16000,16000,0,0
058621,華通國票9A購01  ,0,0,0,0,0,0,0,0,0,0,0,0,0,7000,7000,0,0
058647,華新科永豐99購03,0,0,0,0,0,0,0,0,0,0,0,0,0,5000,5000,0,0
058017,漢唐凱基99購01  ,0,0,0,0,0,0,0,0,0,0,0,0,0,25000,25000,0,0
058052,南電元大98購02  ,0,0,0,0,0,0,0,0,0,0,0,0,0,3000,3000,0,0
058066,可成亞東99購01  ,0,0,0,0,0,0,0,0,0,0,0,0,0,10000,10000,0,0
057999,智邦亞東99購02  ,0,0,0,0,0,0,0,0,0,0,0,0,0,50000,50000,0,0
058103,台積電永豐98購06,0,0,0,0,0,0,0,0,0,0,0,0,0,1000,1000,0,0
058092,牧德元大98購02  ,0,0,0,0,0,0,0,0,0,0,0,0,0,10000,10000,0,0
058148,百和元大99購01  ,0,0,0,0,0,0,0,0,0,0,0,0,0,8000,8000,0,0
058208,百和凱基99購01  ,0,0,0,0,0,0,0,0,0,0,0,0,0,7000,7000,0,0
058167,鴻海凱基9A購03  ,0,0,0,0,0,0,0,0,0,0,0,0,0,1000,1000,0,0
059731,康控元大99購04  ,0,0,0,0,0,0,0,0,0,0,0,0,0,17000,17000,0,0
06019P,緯穎凱基96售03  ,0,0,0,0,0,0,0,0,0,0,0,0,0,10000,10000,0,0
059762,禾伸堂永豐99購02,0,0,0,0,0,0,0,0,0,0,0,0,0,13000,13000,0,0
059131,國巨群益99購07  ,0,0,0,0,0,0,0,0,0,0,0,0,0,15000,15000,0,0
06985P,華新科富邦9C售02,0,0,0,0,0,0,0,0,0,0,0,0,0,5000,5000,0,0
06986P,台積電台新9A售01,0,0,0,0,0,0,0,0,0,0,0,0,0,17000,17000,0,0
057161,亞德客元大98購02,0,0,0,0,0,0,0,0,0,0,0,0,0,11000,11000,0,0
06847P,奇力新元大98售05,0,0,0,0,0,0,0,0,0,0,0,0,0,1000,1000,0,0
06763P,技嘉元大98售05  ,0,0,0,0,0,0,0,0,0,0,0,0,0,1000,1000,0,0
06919P,臺股指日盛98售02,0,0,0,0,0,0,0,0,0,0,0,0,0,10000,10000,0,0
059139,全新兆豐9A購01  ,0,0,0,0,0,0,0,0,0,0,0,0,0,4000,4000,0,0
057045,美律元大99購04  ,0,0,0,0,0,0,0,0,0,0,0,0,0,19000,19000,0,0
05701P,彩晶凱基96售01  ,0,0,0,0,0,0,0,0,0,0,0,0,0,260000,260000,0,0
057667,可成元大99購01  ,0,0,0,0,0,0,0,0,0,0,0,0,0,38000,38000,0,0
05614P,臺股指康和96售03,0,0,0,0,0,0,0,0,0,0,0,0,0,389000,389000,0,0
057758,鴻海凱基99購03  ,0,0,0,0,0,0,0,0,0,0,0,0,0,3000,3000,0,0
059317,台積電元大99購34,0,0,0,0,0,0,0,0,0,0,0,0,0,50000,50000,0,0
059275,可成元大99購05  ,0,0,0,0,0,0,0,0,0,0,0,0,0,40000,40000,0,0
05919P,京鼎元大96售03  ,0,0,0,0,0,0,0,0,0,0,0,0,0,28000,28000,0,0
059240,台積電凱基9A購09,0,0,0,0,0,0,0,0,0,0,0,0,0,50000,50000,0,0
059248,華新科凱基99購04,0,0,0,0,0,0,0,0,0,0,0,0,0,6000,6000,0,0
059161,鴻海凱基9A購09  ,0,0,0,0,0,0,0,0,0,0,0,0,0,5000,5000,0,0
059203,勤誠永豐99購02  ,0,0,0,0,0,0,0,0,0,0,0,0,0,23000,23000,0,0
058818,南電台新99購03  ,0,0,0,0,0,0,0,0,0,0,0,0,0,10000,10000,0,0
055795,茂林國泰98購01  ,0,0,0,0,0,0,0,0,0,0,0,0,0,11000,11000,0,0
058791,鴻海元大99購17  ,0,0,0,0,0,0,0,0,0,0,0,0,0,9000,9000,0,0
058792,鴻海元大99購18  ,0,0,0,0,0,0,0,0,0,0,0,0,0,15000,15000,0,0
058796,可成元大99購04  ,0,0,0,0,0,0,0,0,0,0,0,0,0,19000,19000,0,0
058797,大毅元大99購03  ,0,0,0,0,0,0,0,0,0,0,0,0,0,68000,68000,0,0
057222,鴻海國票99購04  ,0,0,0,0,0,0,0,0,0,0,0,0,0,3000,3000,0,0
057211,鴻海群益98購05  ,0,0,0,0,0,0,0,0,0,0,0,0,0,6000,6000,0,0
057342,玉晶光台新98購01,0,0,0,0,0,0,0,0,0,0,0,0,0,10000,10000,0,0
057310,聯發科日盛99購01,0,0,0,0,0,0,0,0,0,0,0,0,0,10000,10000,0,0
057277,可成元大98購05  ,0,0,0,0,0,0,0,0,0,0,0,0,0,21000,21000,0,0
07081P,南電群益9A售01  ,0,50000,-50000,0,0,0,0,0,0,50000,0,0,0,50000,0,50000,0
06098P,T50反1日盛97售02,0,0,0,0,0,0,0,0,0,0,0,0,0,110000,110000,0,0
06136P,華新科國泰99售02,0,0,0,0,0,0,0,0,0,0,0,0,0,5000,5000,0,0
056421,鴻海統一98購08  ,0,0,0,0,0,0,0,0,0,0,0,0,0,10000,10000,0,0
056435,台積電凱基98購09,0,0,0,0,0,0,0,0,0,0,0,0,0,100000,100000,0,0
05653P,華邦電統一96售02,0,0,0,0,0,0,0,0,0,0,0,0,0,2000,2000,0,0
056491,南亞科國泰99購01,0,0,0,0,0,0,0,0,0,0,0,0,0,50000,50000,0,0
05621P,聯電中信96售01  ,0,0,0,0,0,0,0,0,0,0,0,0,0,20000,20000,0,0
056268,新日興統一97購01,0,0,0,0,0,0,0,0,0,0,0,0,0,28000,28000,0,0
057429,華新科兆豐98購03,0,0,0,0,0,0,0,0,0,0,0,0,0,10000,10000,0,0
057490,可成元大98購10  ,0,0,0,0,0,0,0,0,0,0,0,0,0,10000,10000,0,0
057505,健策麥證98購01  ,0,0,0,0,100000,-100000,0,0,0,0,0,0,0,100000,100000,0,0
3266,昇陽            ,1000,1000,0,0,0,0,0,0,0,0,0,0,0,0,0,0,0
2881B,富邦金乙特      ,0,0,0,0,0,0,0,0,0,0,2000,2000,0,0,0,0,0
057614,華新科元富99購04,0,0,0,0,0,0,0,0,0,0,0,0,0,10000,10000,0,0
057540,緯穎日盛99購01  ,0,0,0,0,0,0,0,0,0,0,0,0,0,60000,60000,0,0
055955,微星元大97購01  ,0,0,0,0,0,0,0,0,0,0,0,0,0,89000,89000,0,0
057524,旺宏元大99購04  ,0,0,0,0,0,0,0,0,0,0,0,0,0,5000,5000,0,0
057513,智邦台新98購01  ,0,0,0,0,0,0,0,0,0,0,0,0,0,20000,20000,0,0
057514,華新科元富99購03,0,0,0,0,0,0,0,0,0,0,0,0,0,10000,10000,0,0
059009,世紀鋼元大99購04,0,0,0,0,0,0,0,0,0,0,0,0,0,112000,112000,0,0
06309P,光罩元富97售03  ,0,0,0,0,0,0,0,0,0,0,0,0,0,8000,8000,0,0
058980,鴻海凱基99購06  ,0,0,0,0,0,0,0,0,0,0,0,0,0,6000,6000,0,0
058986,華新科凱基9A購03,0,0,0,0,0,0,0,0,0,0,0,0,0,5000,5000,0,0
058969,亞德客永豐99購01,0,0,0,0,0,0,0,0,0,0,0,0,0,4000,4000,0,0
06492P,上銀永豐98售01  ,0,0,0,0,0,0,0,0,0,0,0,0,0,1000,1000,0,0
2468,華經            ,4000,4000,0,0,0,0,0,0,0,0,0,0,0,0,0,0,0
2516,新建            ,5000,5000,0,0,0,0,0,0,0,0,0,0,0,0,0,0,0
054296,世芯元大97購01  ,0,0,0,0,0,0,0,0,0,0,0,0,0,120000,120000,0,0
054281,世芯群益97購01  ,0,0,0,0,0,0,0,0,0,0,0,0,0,50000,50000,0,0
054269,台光電亞東98購01,0,0,0,0,0,0,0,0,0,0,0,0,0,20000,20000,0,0
054416,禾伸堂元大97購01,0,0,0,0,0,0,0,0,0,0,0,0,0,14000,14000,0,0
054437,欣興台新97購02  ,0,0,0,0,0,0,0,0,0,0,0,0,0,970000,970000,0,0
054381,世芯群益98購01  ,0,0,0,0,0,0,0,0,0,0,0,0,0,50000,50000,0,0
054547,鴻海凱基98購02  ,0,0,0,0,0,0,0,0,0,0,0,0,0,1000,1000,0,0
054730,上証2X凱基98購02,0,0,0,0,0,0,0,0,0,0,0,0,0,680000,680000,0,0
055627,亞德客永豐97購02,0,0,0,0,0,0,0,0,0,0,0,0,0,4000,4000,0,0
055597,禾伸堂元大98購02,0,0,0,0,0,0,0,0,0,0,0,0,0,14000,14000,0,0
055550,華邦電凱基97購03,0,0,0,0,0,0,0,0,0,0,0,0,0,239000,239000,0,0
055484,華通元大97購04  ,0,0,0,0,0,0,0,0,0,0,0,0,0,10000,10000,0,0
053719,可成凱基96購08  ,0,0,0,0,0,0,0,0,0,0,0,0,0,8000,8000,0,0
052696,玉晶光麥證97購01,0,0,0,2000,0,2000,0,0,0,0,0,0,0,2000,2000,0,0
052409,國巨亞東95購01  ,0,0,0,0,0,0,0,0,0,0,0,0,0,30000,30000,0,0
052410,智邦亞東96購01  ,0,0,0,0,0,0,0,0,0,0,0,0,0,40000,40000,0,0
052322,力成元大96購01  ,0,0,0,0,0,0,0,0,0,0,0,0,0,3000,3000,0,0
052561,矽創國票97購01  ,0,0,0,0,0,0,0,0,0,0,0,0,0,40000,40000,0,0
053432,世紀鋼永豐96購02,0,0,0,0,0,0,0,0,0,0,0,0,0,10000,10000,0,0
055384,緯穎元大98購02  ,0,0,0,0,0,0,0,0,0,0,0,0,0,1000,1000,0,0
055454,華邦電元富97購02,0,0,0,0,0,0,0,0,0,0,0,0,0,199000,199000,0,0
055471,聯發科凱基97購04,0,0,0,0,0,0,0,0,0,0,0,0,0,5000,5000,0,0
053772,大成鋼元大96購02,0,0,0,0,0,0,0,0,0,0,0,0,0,50000,50000,0,0
054111,緯穎凱基97購01  ,0,0,0,0,0,0,0,0,0,0,0,0,0,4000,4000,0,0
054037,T50反1元大96購09,0,0,0,0,0,0,0,0,0,0,0,0,0,2000,2000,0,0
05403P,台積電富邦95售08,0,0,0,0,0,0,0,0,0,0,0,0,0,20000,20000,0,0
052084,台泥元大95購01  ,0,0,0,0,0,0,0,0,0,0,0,0,0,17000,17000,0,0
05474P,智邦亞東95售01  ,0,0,0,0,0,0,0,0,0,0,0,0,0,25000,25000,0,0
058309,大毅元大99購02  ,0,0,0,0,0,0,0,0,0,0,0,0,0,68000,68000,0,0
058333,鴻海元富99購04  ,0,0,0,0,0,0,0,0,0,0,0,0,0,10000,10000,0,0
056867,華通麥證98購01  ,0,0,0,0,10000,-10000,0,0,0,0,0,0,0,10000,10000,0,0
056899,可成元大98購01  ,0,0,0,0,0,0,0,0,0,0,0,0,0,27000,27000,0,0
056900,可成元大98購02  ,0,0,0,0,0,0,0,0,0,0,0,0,0,30000,30000,0,0
059471,華新科元大99購17,0,0,0,0,0,0,0,0,0,0,0,0,0,10000,10000,0,0
058251,百和元大99購03  ,0,0,0,0,0,0,0,0,0,0,0,0,0,7000,7000,0,0
04995P,台達電凱基96售03,0,0,0,0,0,0,0,0,0,0,0,0,0,15000,15000,0,0
048733,台勝科麥證95購02,0,0,0,12000,12000,0,0,0,0,0,0,0,0,12000,12000,0,0
049927,健策元大94購02  ,0,0,0,0,0,0,0,0,0,0,0,0,0,50000,50000,0,0
049929,祥碩元大94購03  ,0,0,0,0,0,0,0,0,0,0,0,0,0,1000,1000,0,0
04981P,華新科亞東94售01,0,0,0,0,0,0,0,0,0,0,0,0,0,20000,20000,0,0
048793,超眾元大95購02  ,0,0,0,0,0,0,0,0,0,0,0,0,0,11000,11000,0,0
049136,華通元大95購01  ,0,0,0,0,0,0,0,0,0,0,0,0,0,15000,15000,0,0
050022,鴻海元大94購11  ,0,0,0,0,0,0,0,0,0,0,0,0,0,340000,340000,0,0
05018P,臺股指元大95售09,0,0,0,0,0,0,0,0,0,0,0,0,0,30000,30000,0,0
050420,鴻海凱基95購03  ,0,0,0,0,0,0,0,0,0,0,0,0,0,2000,2000,0,0
049564,聯電統一94購03  ,0,0,0,0,0,0,0,0,0,0,0,0,0,10000,10000,0,0
051591,玉晶光元大97購01,0,0,0,0,0,0,0,0,0,0,0,0,0,2000,2000,0,0
051605,奇力新群益95購02,0,0,0,0,0,0,0,0,0,0,0,0,0,180000,180000,0,0
04975P,華新科凱基96售02,0,0,0,0,0,0,0,0,0,0,0,0,0,125000,125000,0,0
049766,滬深2X元富94購02,0,0,0,0,0,0,0,0,0,0,0,0,0,1000,1000,0,0
049589,奇力新元大95購02,0,0,0,0,0,0,0,0,0,0,0,0,0,218000,218000,0,0
049611,緯穎兆豐95購02  ,0,0,0,0,0,0,0,0,0,0,0,0,0,7000,7000,0,0
05305P,華新科國泰97售01,0,0,0,0,0,0,0,0,0,0,0,0,0,473000,473000,0,0
052997,國巨康和96購01  ,0,0,0,0,0,0,0,0,0,0,0,0,0,70000,70000,0,0
050627,華通中信94購02  ,0,0,0,0,0,0,0,0,0,0,0,0,0,7000,7000,0,0
050648,全新凱基96購01  ,0,0,0,0,0,0,0,0,0,0,0,0,0,26000,26000,0,0
050742,新日興永豐94購01,0,0,0,0,0,0,0,0,0,0,0,0,0,10000,10000,0,0
050818,華新科凱基95購02,0,0,0,0,0,0,0,0,0,0,0,0,0,20000,20000,0,0
055087,瑞昱亞東97購01  ,0,0,0,0,0,0,0,0,0,0,0,0,0,30000,30000,0,0
053207,SP黃豆凱基96購01,0,0,0,0,0,0,0,0,0,0,0,0,0,60000,60000,0,0
054952,大毅元大97購02  ,0,0,0,0,0,0,0,0,0,0,0,0,0,67000,67000,0,0
03052X,元展49          ,0,0,0,0,0,0,0,0,0,0,0,0,0,2000,2000,0,0
047652,滬深2X兆豐94購03,0,0,0,0,0,0,0,0,0,0,0,0,0,10000,10000,0,0
00732,國泰RMB短期報酬 ,0,0,0,0,0,0,0,0,0,0,0,0,0,100000,100000,0,0
00689R,國泰20年美債反1 ,0,0,0,0,0,0,0,0,0,0,0,0,0,407000,407000,0,0
03010X,元展10          ,0,0,0,0,0,0,0,0,0,0,0,0,0,1000,1000,0,0
00774B,新光中國政金綠債,0,0,0,0,0,0,0,0,0,0,0,0,0,2000,2000,0,0
00775B,新光投等債15+   ,0,0,0,0,0,0,0,0,0,0,0,0,0,2000,2000,0,0
00776,新光ICE美國權值 ,0,0,0,0,0,0,0,0,0,0,0,0,0,2000,2000,0,0
00783,富邦中証500     ,2000,19000,-17000,0,0,0,0,0,0,17000,0,0,0,1035000,1018000,17000,0
00668K,國泰美國道瓊+U  ,0,0,0,0,0,0,0,0,0,0,0,0,0,100,100,0,0
00657K,國泰日經225+U   ,0,0,0,0,0,0,0,0,0,0,0,0,0,100,100,0,0
00625K,富邦上証+R      ,0,0,0,0,0,0,0,0,0,0,0,0,0,57000,57000,0,0
0057,富邦摩台        ,0,0,0,0,0,0,0,0,0,0,0,0,0,24000,24000,0,0
00636K,國泰中國A50+U   ,0,0,0,0,0,0,0,0,0,0,0,0,0,100,100,0,0
05133P,臺股指日盛95售01,0,0,0,0,0,0,0,0,0,0,0,0,0,30000,30000,0,0
04799P,健策元大94售03  ,0,0,0,0,0,0,0,0,0,0,0,0,0,20000,20000,0,0
051428,玉晶光統一96購01,0,0,0,0,0,0,0,0,0,0,0,0,0,2000,2000,0,0
048606,聯發科日盛93購02,0,0,0,0,0,0,0,0,0,0,0,0,0,200000,200000,0,0
04857P,美律元富94售01  ,0,0,0,0,0,0,0,0,0,0,0,0,0,10000,10000,0,0
04379P,大立光元大94售06,0,0,0,0,0,0,0,0,0,0,0,0,0,18000,18000,0,0
03821P,上海銀統一95售01,0,0,0,0,0,0,0,0,0,0,0,0,0,1000,1000,0,0
05097P,聯發科日盛95售01,0,0,0,0,0,0,0,0,0,0,0,0,0,90000,90000,0,0
04551P,台表科元大94售02,0,0,0,0,0,0,0,0,0,0,0,0,0,1000,1000,0,0
045115,玉晶光永豐94購01,0,0,0,0,0,0,0,0,0,0,0,0,0,1000,1000,0,0
04509P,臺股指元大94售04,0,0,0,0,0,0,0,0,0,0,0,0,0,10000,10000,0,0
044988,玉晶光統一95購01,0,0,0,0,0,0,0,0,0,0,0,0,0,2000,2000,0,0
3694,海華            ,2000,1000,1000,0,0,0,0,0,0,-1000,0,1000,-1000,0,0,0,0
1541,錩泰            ,2000,2000,0,0,0,0,0,0,0,0,0,0,0,0,0,0,0
07273P,台灣50群益99售03,0,0,0,0,0,0,0,0,0,0,0,0,0,6000,6000,0,0
6715,嘉基            ,14000,14000,0,0,0,0,0,0,0,0,0,0,0,0,0,0,0
8103,瀚荃            ,4000,4000,0,0,0,0,0,0,0,0,0,0,0,0,0,0,0
4764,雙鍵            ,1000,1000,0,0,0,0,0,0,0,0,0,0,0,0,0,0,0
1474,弘裕            ,27000,27000,0,0,0,0,0,0,0,0,0,0,0,0,0,0,0
07171P,臺股指國票99售08,0,0,0,0,0,0,0,0,0,0,0,0,0,10000,10000,0,0
07175P,聯詠凱基99售02  ,0,0,0,0,0,0,0,0,0,0,0,0,0,10000,10000,0,0
2838,聯邦銀          ,440000,285000,155000,0,0,0,28804,0,28804,-184000,0,184000,-184000,0,0,0,-196
3296,勝德            ,0,1000,-1000,0,0,0,0,0,0,0,0,0,0,0,0,0,-1000
2433,互盛電          ,13000,11000,2000,0,0,0,0,0,0,-3000,0,3000,-3000,0,0,0,-1000
1805,寶徠            ,0,1000,-1000,0,0,0,0,0,0,0,0,0,0,0,0,0,-1000
1724,台硝            ,0,1000,-1000,0,0,0,0,0,0,0,0,0,0,0,0,0,-1000
1725,元禎            ,1000,2000,-1000,0,0,0,0,0,0,0,0,0,0,0,0,0,-1000
1783,和康生          ,18000,19000,-1000,0,0,0,0,0,0,0,0,0,0,0,0,0,-1000
1735,日勝化          ,0,1000,-1000,0,0,0,0,0,0,0,0,0,0,0,0,0,-1000
2243,宏旭-KY         ,0,1000,-1000,0,0,0,0,0,0,0,0,0,0,0,0,0,-1000
2722,夏都            ,0,1000,-1000,0,0,0,0,0,0,0,0,0,0,0,0,0,-1000
2739,寒舍            ,0,1000,-1000,0,0,0,0,0,0,0,0,0,0,0,0,0,-1000
2613,中櫃            ,0,1000,-1000,0,0,0,0,0,0,0,0,0,0,0,0,0,-1000
2460,建通            ,0,1000,-1000,0,0,0,0,0,0,0,0,0,0,0,0,0,-1000
06486P,麗豐元大98售02  ,0,0,0,0,0,0,0,0,0,-1000,0,0,0,24000,25000,-1000,-1000
06412P,南亞科日盛97售01,0,0,0,0,0,0,0,0,0,-1000,0,0,0,0,1000,-1000,-1000
057507,貿聯國票98購02  ,0,0,0,0,0,0,0,0,0,-1000,0,0,0,40000,41000,-1000,-1000
05760P,京鼎永豐96售02  ,0,0,0,0,0,0,0,0,0,-1000,0,0,0,0,1000,-1000,-1000
055830,上銀元大97購07  ,0,0,0,0,0,0,0,0,0,-1000,0,0,0,0,1000,-1000,-1000
057448,致茂元富98購01  ,0,0,0,0,0,0,0,0,0,-1000,0,0,0,0,1000,-1000,-1000
057465,智易永豐98購02  ,0,0,0,0,0,0,0,0,0,-1000,0,0,0,0,1000,-1000,-1000
056480,京鼎元大98購02  ,0,0,0,0,0,0,0,0,0,-1000,0,0,0,0,1000,-1000,-1000
05650P,台積電富邦96售01,0,0,0,0,0,0,0,0,0,-1000,0,0,0,9000,10000,-1000,-1000
056455,群創凱基9A購01  ,0,0,0,0,0,0,0,0,0,-1000,0,0,0,0,1000,-1000,-1000
06188P,大立光元富97售01,0,0,0,0,0,0,0,0,0,-1000,0,0,0,30000,31000,-1000,-1000
06208P,台郡凱基97售03  ,0,0,0,0,0,0,0,0,0,-1000,0,0,0,0,1000,-1000,-1000
06274P,臺股指凱基97售06,0,0,0,0,0,0,0,0,0,-1000,0,0,0,0,1000,-1000,-1000
06283P,祥碩永豐97售01  ,0,0,0,0,0,0,0,0,0,-1000,0,0,0,0,1000,-1000,-1000
059195,國巨永豐99購04  ,0,0,0,0,0,0,0,0,0,-1000,0,0,0,72000,73000,-1000,-1000
05917P,宏達電元大96售02,0,0,0,0,0,0,0,0,0,-1000,0,0,0,0,1000,-1000,-1000
059257,臺股指凱基99購35,0,0,0,0,0,0,0,0,0,-1000,0,0,0,11000,12000,-1000,-1000
057130,全新凱基98購03  ,0,0,0,0,0,0,0,0,0,-1000,0,0,0,0,1000,-1000,-1000
057090,奇力新元富98購02,0,0,0,0,0,0,0,0,0,-1000,0,0,0,0,1000,-1000,-1000
06903P,技嘉凱基98售04  ,0,0,0,0,0,0,0,0,0,-1000,0,0,0,0,1000,-1000,-1000
06772P,國巨中信99售01  ,0,0,0,0,0,0,0,0,0,-1000,0,0,0,0,1000,-1000,-1000
05717P,鴻海元大97售07  ,0,0,0,0,0,0,0,0,0,-1000,0,0,0,30000,31000,-1000,-1000
06992P,玉晶光日盛9B售01,0,0,0,0,0,0,0,0,0,-1000,0,0,0,0,1000,-1000,-1000
06944P,健鼎元富98售02  ,0,0,0,0,0,0,0,0,0,-1000,0,0,0,0,1000,-1000,-1000
06081P,深中小元大97售02,0,0,0,0,0,0,0,0,0,-1000,0,0,0,0,1000,-1000,-1000
06074P,台積電凱基98售04,0,0,0,0,0,0,0,0,0,-1000,0,0,0,0,1000,-1000,-1000
06031P,新光金兆豐96售02,0,0,0,0,0,0,0,0,0,-1000,0,0,0,0,1000,-1000,-1000
06060P,玉晶光元大97售03,0,0,0,0,0,0,0,0,0,-1000,0,0,0,44000,45000,-1000,-1000
06062P,宏達電元富97售01,0,0,0,0,0,0,0,0,0,-1000,0,0,0,0,1000,-1000,-1000
06072P,牧德永豐97售01  ,0,0,0,0,0,0,0,0,0,-1000,0,0,0,0,1000,-1000,-1000
058194,勤誠永豐99購01  ,0,0,0,0,0,0,0,0,0,-1000,0,0,0,19000,20000,-1000,-1000
05807P,泰鼎永豐96售03  ,0,0,0,0,0,0,0,0,0,-1000,0,0,0,0,1000,-1000,-1000
05803P,臺股指兆豐96售03,0,0,0,0,0,0,0,0,0,-1000,0,0,0,9000,10000,-1000,-1000
058047,可成元大98購11  ,0,0,0,0,0,0,0,0,0,-1000,0,0,0,0,1000,-1000,-1000
058653,光寶科中信9A購01,0,0,0,0,0,0,0,0,0,-1000,0,0,0,47000,48000,-1000,-1000
058616,台虹元大9A購01  ,0,0,0,0,0,0,0,0,0,-1000,0,0,0,3000,4000,-1000,-1000
058709,臺股指元大9A購22,0,0,0,0,0,0,0,0,0,-1000,0,0,0,1000,2000,-1000,-1000
056076,超眾元大97購05  ,0,0,0,0,0,0,0,0,0,-1000,0,0,0,0,1000,-1000,-1000
059548,台積電群益99購10,0,0,0,0,0,0,0,0,0,-1000,0,0,0,0,1000,-1000,-1000
057823,神達元大98購01  ,0,0,0,0,0,0,0,0,0,-1000,0,0,0,0,1000,-1000,-1000
06635P,聯發科凱基98售15,0,0,0,0,0,0,0,0,0,-1000,0,0,0,0,1000,-1000,-1000
059509,奇力新永豐99購02,0,0,0,0,0,0,0,0,0,-1000,0,0,0,0,1000,-1000,-1000
058502,鴻海元大99購13  ,0,0,0,0,0,0,0,0,0,-1000,0,0,0,13000,14000,-1000,-1000
04605P,台積電兆豐94售03,0,0,0,0,0,0,0,0,0,-1000,0,0,0,0,1000,-1000,-1000
045877,友達元富95購01  ,0,0,0,0,0,0,0,0,0,-1000,0,0,0,0,1000,-1000,-1000
04376P,漢唐元大94售04  ,0,0,0,0,0,0,0,0,0,-1000,0,0,0,0,1000,-1000,-1000
04457P,同欣電統一94售01,0,0,0,0,0,0,0,0,0,-1000,0,0,0,0,1000,-1000,-1000
04427P,滬深2X元大97售02,0,0,0,0,0,0,0,0,0,-1000,0,0,0,0,1000,-1000,-1000
051497,中磊亞東96購01  ,0,0,0,0,0,0,0,0,0,-1000,0,0,0,0,1000,-1000,-1000
04813P,智邦元大94售07  ,0,0,0,0,0,0,0,0,0,-1000,0,0,0,1000,2000,-1000,-1000
006203,元大MSCI台灣    ,0,0,0,0,0,0,0,0,0,-1000,0,0,0,0,1000,-1000,-1000
0054,元大台商50      ,0,0,0,0,0,0,0,0,0,-1000,0,0,0,1000,2000,-1000,-1000
00657,國泰日經225     ,0,17000,-17000,0,0,0,0,0,0,16000,0,0,0,139000,123000,16000,-1000
03014X,元展14          ,0,0,0,0,0,0,0,0,0,-1000,0,0,0,0,1000,-1000,-1000
01007T,兆豐國泰R2      ,0,1000,-1000,0,0,0,0,0,0,0,0,0,0,0,0,0,-1000
00684R,元大美元指數反1 ,0,0,0,0,0,0,0,0,0,-1000,0,0,0,0,1000,-1000,-1000
00731,FH富時高息低波  ,1000,1000,0,0,0,0,0,100000,-100000,99000,0,0,0,307000,208000,99000,-1000
03078X,元展73          ,0,0,0,0,0,0,0,0,0,-1000,0,0,0,0,1000,-1000,-1000
03425B,臺股指元大9A熊01,0,0,0,0,0,0,0,0,0,-1000,0,0,0,0,1000,-1000,-1000
047690,美律富邦97購01  ,0,0,0,0,0,0,0,0,0,-1000,0,0,0,0,1000,-1000,-1000
047694,SP黃豆國票9B購01,0,0,0,0,0,0,0,0,0,-1000,0,0,0,0,1000,-1000,-1000
04784P,超眾元富94售01  ,0,0,0,0,0,0,0,0,0,-1000,0,0,0,0,1000,-1000,-1000
054951,大毅元大97購01  ,0,0,0,0,0,0,0,0,0,-1000,0,0,0,69000,70000,-1000,-1000
054975,福懋科元大97購01,0,0,0,0,0,0,0,0,0,-1000,0,0,0,0,1000,-1000,-1000
055147,鴻海元大97購11  ,0,0,0,0,0,0,0,0,0,-1000,0,0,0,0,1000,-1000,-1000
050778,瑞儀元大96購01  ,0,0,0,0,0,0,0,0,0,-1000,0,0,0,0,1000,-1000,-1000
050502,聯發科凱基94購21,0,0,0,0,0,0,0,0,0,-1000,0,0,0,0,1000,-1000,-1000
050857,義隆台新95購01  ,0,0,0,0,0,0,0,0,0,-1000,0,0,0,0,1000,-1000,-1000
051544,T50反1康和98購01,0,0,0,0,0,0,0,0,0,-1000,0,0,0,0,1000,-1000,-1000
049276,臺股指元大94購11,0,0,0,0,0,0,0,0,0,-1000,0,0,0,0,1000,-1000,-1000
050021,鴻海元大94購10  ,0,0,0,0,0,0,0,0,0,-1000,0,0,0,300000,301000,-1000,-1000
04983P,臺股指康和94售03,0,0,0,0,0,0,0,0,0,-1000,0,0,0,0,1000,-1000,-1000
049809,聯詠元大94購04  ,0,0,0,0,0,0,0,0,0,-1000,0,0,0,0,1000,-1000,-1000
049908,鴻海元大94購08  ,0,0,0,0,0,0,0,0,0,-1000,0,0,0,410000,411000,-1000,-1000
058255,臺股指元大9A購19,0,0,0,0,0,0,0,0,0,-1000,0,0,0,2000,3000,-1000,-1000
056720,世紀鋼永豐98購01,0,0,0,0,0,0,0,0,0,-1000,0,0,0,20000,21000,-1000,-1000
05675P,美律群益97售01  ,0,0,0,0,0,0,0,0,0,-1000,0,0,0,0,1000,-1000,-1000
059474,元石油群益99購01,0,0,0,0,0,0,0,0,0,-1000,0,0,0,0,1000,-1000,-1000
059402,台灣50台新99購01,0,0,0,0,0,0,0,0,0,-1000,0,0,0,0,1000,-1000,-1000
058415,祥碩兆豐99購01  ,0,0,0,0,0,0,0,0,0,-1000,0,0,0,0,1000,-1000,-1000
05482P,鴻海凱基95售22  ,0,0,0,0,0,0,0,0,0,-1000,0,0,0,0,1000,-1000,-1000
052068,瑞儀兆豐96購01  ,0,0,0,0,0,0,0,0,0,-1000,0,0,0,0,1000,-1000,-1000
055780,禾伸堂凱基99購01,0,0,0,0,0,0,0,0,0,-1000,0,0,0,0,1000,-1000,-1000
054025,鴻海凱基96購17  ,0,0,0,0,0,0,0,0,0,-1000,0,0,0,0,1000,-1000,-1000
054069,亞光國泰98購01  ,0,0,0,0,0,0,0,0,0,-1000,0,0,0,0,1000,-1000,-1000
051875,聯發科兆豐95購04,0,0,0,0,0,0,0,0,0,-1000,0,0,0,9000,10000,-1000,-1000
052000,鈺齊元大95購03  ,0,0,0,0,0,0,0,0,0,-1000,0,0,0,0,1000,-1000,-1000
053849,聯發科元富96購04,0,0,0,0,0,0,0,0,0,-1000,0,0,0,0,1000,-1000,-1000
053884,緯穎第一96購01  ,0,0,0,0,0,0,0,0,0,-1000,0,0,0,0,1000,-1000,-1000
053864,義隆元大96購01  ,0,0,0,0,0,0,0,0,0,-1000,0,0,0,1000,2000,-1000,-1000
055433,嘉聯益群益99購01,0,0,0,0,0,0,0,0,0,-1000,0,0,0,0,1000,-1000,-1000
055386,致新元大97購02  ,0,0,0,0,0,0,0,0,0,-1000,0,0,0,0,1000,-1000,-1000
053466,華通元大98購01  ,0,0,0,0,0,0,0,0,0,-1000,0,0,0,0,1000,-1000,-1000
05260P,和碩元富95售02  ,0,0,0,0,0,0,0,0,0,-1000,0,0,0,0,1000,-1000,-1000
052523,奇力新元大97購01,0,0,0,0,0,0,0,0,0,-1000,0,0,0,9000,10000,-1000,-1000
05235P,健鼎康和95售02  ,0,0,0,0,0,0,0,0,0,-1000,0,0,0,0,1000,-1000,-1000
055570,華通統一98購03  ,0,0,0,0,0,0,0,0,0,-1000,0,0,0,0,1000,-1000,-1000
053671,可成統一96購03  ,0,0,0,0,0,0,0,0,0,-1000,0,0,0,0,1000,-1000,-1000
053571,奇鋐統一96購02  ,0,0,0,0,0,0,0,0,0,-1000,0,0,0,29000,30000,-1000,-1000
052846,智邦統一97購01  ,0,0,0,0,0,0,0,0,0,-1000,0,0,0,0,1000,-1000,-1000
052907,嘉澤國票97購01  ,0,0,0,0,0,0,0,0,0,-1000,0,0,0,6000,7000,-1000,-1000
054487,京元電台新97購01,0,0,0,0,0,0,0,0,0,-1000,0,0,0,0,1000,-1000,-1000
054262,瀚宇博元大96購03,0,0,0,0,0,0,0,0,0,-1000,0,0,0,0,1000,-1000,-1000
054292,欣興元大96購06  ,0,0,0,0,0,0,0,0,0,-1000,0,0,0,0,1000,-1000,-1000
4555,氣立            ,1000,2000,-1000,0,0,0,0,0,0,0,0,0,0,0,0,0,-1000
4807,日成-KY         ,0,1000,-1000,0,0,0,0,0,0,0,0,0,0,0,0,0,-1000
4930,燦星網          ,0,1000,-1000,0,0,0,0,0,0,0,0,0,0,0,0,0,-1000
9912,偉聯            ,0,1000,-1000,0,0,0,0,0,0,0,0,0,0,0,0,0,-1000
5538,東明-KY         ,0,1000,-1000,0,0,0,0,0,0,0,0,0,0,0,0,0,-1000
5906,台南-KY         ,2000,3000,-1000,0,0,0,0,0,0,0,0,0,0,0,0,0,-1000
6215,和椿            ,2000,3000,-1000,0,0,0,0,0,0,0,0,0,0,0,0,0,-1000
6706,惠特            ,119000,80000,39000,0,0,0,0,0,0,-40000,0,40000,-40000,0,0,0,-1000
6579,研揚            ,1000,2000,-1000,0,0,0,0,0,0,0,0,0,0,0,0,0,-1000
6431,光麗-KY         ,0,1000,-1000,0,0,0,0,0,0,0,0,0,0,0,0,0,-1000
6442,光聖            ,0,1000,-1000,0,0,0,0,0,0,0,0,0,0,0,0,0,-1000
6405,悅城            ,0,1000,-1000,0,0,0,0,0,0,0,0,0,0,0,0,0,-1000
1441,大東            ,14000,15000,-1000,0,0,0,0,0,0,0,0,0,0,0,0,0,-1000
9926,新海            ,0,1000,-1000,0,0,0,0,0,0,0,0,0,0,0,0,0,-1000
8411,福貞-KY         ,0,0,0,0,0,0,0,0,0,-1000,0,1000,-1000,0,0,0,-1000
8261,富鼎            ,33000,34000,-1000,0,0,0,0,0,0,0,0,0,0,0,0,0,-1000
8443,阿瘦            ,0,1000,-1000,0,0,0,0,0,0,0,0,0,0,0,0,0,-1000
8481,政伸            ,0,1000,-1000,0,0,0,0,0,0,0,0,0,0,0,0,0,-1000
8478,東哥遊艇        ,1000,2000,-1000,0,0,0,0,0,0,0,0,0,0,0,0,0,-1000
3130,一零四          ,0,1000,-1000,0,0,0,0,0,0,0,0,0,0,0,0,0,-1000
1558,伸興            ,12000,13000,-1000,0,0,0,0,0,0,0,0,0,0,0,0,0,-1000
1583,程泰            ,0,1000,-1000,0,0,0,0,0,0,0,0,0,0,0,0,0,-1000
1587,吉茂            ,0,1000,-1000,0,0,0,0,0,0,0,0,0,0,0,0,0,-1000
1516,川飛            ,1000,2000,-1000,0,0,0,0,0,0,0,0,0,0,0,0,0,-1000
3528,安馳            ,0,1000,-1000,0,0,0,0,0,0,0,0,0,0,0,0,0,-1000
1337,再生-KY         ,11000,12000,-1000,0,0,0,0,0,0,0,0,0,0,0,0,0,-1000
3321,同泰            ,0,1000,-1000,0,0,0,0,0,0,0,0,0,0,0,0,0,-1000
05849P,臺股指元大96售25,0,0,0,0,0,0,0,0,0,-2000,0,0,0,0,2000,-2000,-2000
059510,華新科永豐99購07,0,0,0,0,0,0,0,0,0,-2000,0,0,0,8000,10000,-2000,-2000
057856,聯鈞國票99購03  ,0,0,0,0,0,0,0,0,0,-2000,0,0,0,9000,11000,-2000,-2000
059615,台灣50群益99購05,0,0,0,0,0,0,0,0,0,-2000,0,0,0,0,2000,-2000,-2000
059587,華通元大9A購01  ,0,0,0,0,0,0,0,0,0,-2000,0,0,0,36000,38000,-2000,-2000
059572,華新科凱基99購08,0,0,0,0,0,0,0,0,0,-2000,0,0,0,6000,8000,-2000,-2000
059556,台灣50凱基9A購07,0,0,0,0,0,0,0,0,0,-2000,0,0,0,0,2000,-2000,-2000
059667,矽力元大99購01  ,0,0,0,0,0,0,0,0,0,-2000,0,0,0,0,2000,-2000,-2000
059639,大立光凱基9A購06,0,0,0,0,0,0,0,0,0,-2000,0,0,0,0,2000,-2000,-2000
05860P,旺宏康和96售01  ,0,0,0,0,0,0,0,0,0,-2000,0,0,0,0,2000,-2000,-2000
057941,聯電國票99購01  ,0,0,0,0,0,0,0,0,0,-2000,0,0,0,0,2000,-2000,-2000
058146,勤誠元大99購01  ,0,0,0,0,0,0,0,0,0,-2000,0,0,0,0,2000,-2000,-2000
06067P,華新科康和97售01,0,0,0,0,0,0,0,0,0,-2000,0,0,0,199000,201000,-2000,-2000
06046P,健策統一96售03  ,0,0,0,0,0,0,0,0,0,-2000,0,0,0,0,2000,-2000,-2000
059739,華通元富99購04  ,0,0,0,0,0,0,0,0,0,-2000,0,0,0,0,2000,-2000,-2000
06973P,臺股指元大9A售11,0,0,0,0,0,0,0,0,0,-2000,0,0,0,0,2000,-2000,-2000
05718P,國巨元大96售09  ,0,0,0,0,0,0,0,0,0,-2000,0,0,0,0,2000,-2000,-2000
057150,貿聯國票99購02  ,0,0,0,0,0,0,0,0,0,-2000,0,0,0,40000,42000,-2000,-2000
06804P,臺股指群益98售10,0,0,0,0,0,0,0,0,0,-2000,0,0,0,0,2000,-2000,-2000
059320,華新科元大99購15,0,0,0,0,0,0,0,0,0,-2000,0,0,0,10000,12000,-2000,-2000
059235,鴻海凱基99購08  ,0,0,0,0,0,0,0,0,0,-2000,0,0,0,0,2000,-2000,-2000
06181P,國巨中信97售02  ,0,0,0,0,0,0,0,0,0,-2000,0,0,0,0,2000,-2000,-2000
06206P,台積電凱基97售11,0,0,0,0,0,0,0,0,0,-2000,0,0,0,0,2000,-2000,-2000
057357,超眾統一98購01  ,0,0,0,0,0,0,0,0,0,-2000,0,0,0,0,2000,-2000,-2000
058841,深中小群益01購01,0,0,0,0,0,0,0,0,0,-2000,0,0,0,0,2000,-2000,-2000
058744,FBVIX凱基9C購03 ,0,0,0,0,0,0,0,0,0,-2000,0,0,0,0,2000,-2000,-2000
058832,立積永豐99購01  ,0,0,0,0,0,0,0,0,0,-2000,0,0,0,0,2000,-2000,-2000
057466,泰鼎永豐98購01  ,0,0,0,0,0,0,0,0,0,-2000,0,0,0,0,2000,-2000,-2000
057557,聯茂凱基99購04  ,0,0,0,0,0,0,0,0,0,-2000,0,0,0,0,2000,-2000,-2000
055912,宏達電凱基98購03,0,0,0,0,0,0,0,0,0,-2000,0,0,0,20000,22000,-2000,-2000
06454P,緯穎元大98售04  ,0,0,0,0,0,0,0,0,0,-2000,0,0,0,131000,133000,-2000,-2000
1615,大山            ,2000,4000,-2000,0,0,0,0,0,0,0,0,0,0,0,0,0,-2000
1903,士紙            ,1000,3000,-2000,0,0,0,0,0,0,0,0,0,0,0,0,0,-2000
2024,志聯            ,0,2000,-2000,0,0,0,0,0,0,0,0,0,0,0,0,0,-2000
2427,三商電          ,0,2000,-2000,0,0,0,0,0,0,0,0,0,0,0,0,0,-2000
3229,晟鈦            ,0,2000,-2000,0,0,0,0,0,0,0,0,0,0,0,0,0,-2000
2901,欣欣            ,0,2000,-2000,0,0,0,0,0,0,0,0,0,0,0,0,0,-2000
2904,匯僑            ,0,2000,-2000,0,0,0,0,0,0,0,0,0,0,0,0,0,-2000
2910,統領            ,0,2000,-2000,0,0,0,0,0,0,0,0,0,0,0,0,0,-2000
3002,歐格            ,0,2000,-2000,0,0,0,0,0,0,0,0,0,0,0,0,0,-2000
05431P,台光電統一97售01,0,0,0,0,0,0,0,0,0,-2000,0,0,0,0,2000,-2000,-2000
054444,緯穎台新97購01  ,0,0,0,0,0,0,0,0,0,-2000,0,0,0,53000,55000,-2000,-2000
054584,貿聯元富97購01  ,0,0,0,0,0,0,0,0,0,-2000,0,0,0,0,2000,-2000,-2000
05459P,聯詠凱基95售03  ,0,0,0,0,0,0,0,0,0,-2000,0,0,0,0,2000,-2000,-2000
05464P,華通康和95售02  ,0,0,0,0,0,0,0,0,0,-2000,0,0,0,0,2000,-2000,-2000
053703,緯穎兆豐96購01  ,0,0,0,0,0,0,0,0,0,-2000,0,0,0,9000,11000,-2000,-2000
052443,台積電元大95購23,0,0,0,0,0,0,0,0,0,-2000,0,0,0,2000,4000,-2000,-2000
05270P,台表科元大95售05,0,0,0,0,0,0,0,0,0,-2000,0,0,0,0,2000,-2000,-2000
052647,晶技永豐97購01  ,0,0,0,0,0,0,0,0,0,-2000,0,0,0,0,2000,-2000,-2000
052689,玉晶光元大98購03,0,0,0,0,0,0,0,0,0,-2000,0,0,0,10000,12000,-2000,-2000
052151,義隆富邦96購01  ,0,0,0,0,0,0,0,0,0,-2000,0,0,0,0,2000,-2000,-2000
058450,旺宏永豐99購01  ,0,0,0,0,0,0,0,0,0,-2000,0,0,0,0,2000,-2000,-2000
059436,大立光元大99購18,0,0,0,0,0,0,0,0,0,-2000,0,0,0,2000,4000,-2000,-2000
059463,台灣50元大9C購07,0,0,0,0,0,0,0,0,0,-2000,0,0,0,0,2000,-2000,-2000
056825,深中小富邦9B購01,0,0,0,0,0,0,0,0,0,-2000,0,0,0,3000,5000,-2000,-2000
04980P,臺股指凱基96售08,0,0,0,0,0,0,0,0,0,-2000,0,0,0,0,2000,-2000,-2000
050246,大立光凱基94購13,0,0,0,0,0,0,0,0,0,-2000,0,0,0,0,2000,-2000,-2000
051675,瑞儀元大96購02  ,0,0,0,0,0,0,0,0,0,-2000,0,0,0,0,2000,-2000,-2000
053062,緯穎富邦97購01  ,0,0,0,0,0,0,0,0,0,-2000,0,0,0,11000,13000,-2000,-2000
05173P,臺股指元大95售17,0,0,0,0,0,0,0,0,0,-2000,0,0,0,0,2000,-2000,-2000
04774P,金融類元大94售02,0,0,0,0,0,0,0,0,0,-2000,0,0,0,0,2000,-2000,-2000
03022X,富展01          ,0,0,0,0,0,0,0,0,0,-2000,0,0,0,0,2000,-2000,-2000
03492P,創意元大02售03  ,0,0,0,0,0,0,0,0,0,-2000,0,0,0,0,2000,-2000,-2000
047024,奇力新元大95購01,0,0,0,0,0,0,0,0,0,-2000,0,0,0,0,2000,-2000,-2000
00713,元大台灣高息低波,0,1000,-1000,0,0,0,0,0,0,-1000,0,0,0,5000,6000,-1000,-2000
00711B,FH彭博新興債    ,0,0,0,0,0,0,0,0,0,-2000,0,0,0,107000,109000,-2000,-2000
00690,兆豐藍籌30      ,0,0,0,0,0,0,0,0,0,-2000,0,0,0,176000,178000,-2000,-2000
0051,元大中型100     ,0,0,0,0,0,0,0,0,0,-2000,0,0,0,6000,8000,-2000,-2000
051489,世芯凱基95購01  ,0,0,0,0,0,0,0,0,0,-2000,0,0,0,18000,20000,-2000,-2000
048346,智易元大95購01  ,0,0,0,0,0,0,0,0,0,-2000,0,0,0,0,2000,-2000,-2000
04544P,欣興富邦96售02  ,0,0,0,0,0,0,0,0,0,-2000,0,0,0,0,2000,-2000,-2000
3346,麗清            ,14000,16000,-2000,0,0,0,0,0,0,0,0,0,0,0,0,0,-2000
1312A,國喬特          ,0,0,0,0,0,0,0,0,0,-2000,0,2000,-2000,0,0,0,-2000
3058,立德            ,7000,9000,-2000,0,0,0,0,0,0,0,0,0,0,0,0,0,-2000
07239P,台灣50國票9A售04,0,0,0,0,0,0,0,0,0,-2000,0,0,0,32000,34000,-2000,-2000
07240P,台灣50台新94售01,0,0,0,0,0,0,0,0,0,-2000,0,0,0,0,2000,-2000,-2000
07234P,台灣50元大9B售04,0,0,0,0,0,0,0,0,0,-2000,0,0,0,0,2000,-2000,-2000
07236P,台灣50國票99售05,0,0,0,0,0,0,0,0,0,-2000,0,0,0,0,2000,-2000,-2000
07277P,臺股指群益99售20,0,0,0,0,0,0,0,0,0,-2000,0,0,0,10000,12000,-2000,-2000
6201,亞弘電          ,0,2000,-2000,0,0,0,0,0,0,0,0,0,0,0,0,0,-2000
4572,駐龍            ,15000,17000,-2000,0,0,0,0,0,0,0,0,0,0,0,0,0,-2000
4755,三福化          ,0,2000,-2000,0,0,0,0,0,0,0,0,0,0,0,0,0,-2000
5284,jpp-KY          ,0,2000,-2000,0,0,0,0,0,0,0,0,0,0,0,0,0,-2000
07173P,臺股指國票99售10,0,0,0,0,0,0,0,0,0,-2000,0,0,0,0,2000,-2000,-2000
07157P,臺股指元富99售12,0,0,0,0,0,0,0,0,0,-2000,0,0,0,0,2000,-2000,-2000
1468,昶和            ,0,2000,-2000,0,0,0,0,0,0,0,0,0,0,0,0,0,-2000
2012,春雨            ,0,3000,-3000,0,0,0,0,0,0,0,0,0,0,0,0,0,-3000
2616,山隆            ,15000,18000,-3000,0,0,0,0,0,0,0,0,0,0,0,0,0,-3000
2496,卓越            ,0,3000,-3000,0,0,0,0,0,0,0,0,0,0,0,0,0,-3000
06497P,大立光凱基98售11,0,0,0,0,0,0,0,0,0,-3000,0,0,0,0,3000,-3000,-3000
055834,國巨元大97購13  ,0,0,0,0,0,0,0,0,0,-3000,0,0,0,0,3000,-3000,-3000
056301,開發金元大9A購01,0,0,0,0,0,0,0,0,0,-3000,0,0,0,0,3000,-3000,-3000
057325,可成群益9A購01  ,0,0,0,0,0,0,0,0,0,-3000,0,0,0,0,3000,-3000,-3000
06268P,聯詠凱基97售02  ,0,0,0,0,0,0,0,0,0,-3000,0,0,0,0,3000,-3000,-3000
07053P,台灣50兆豐01售01,0,0,0,0,0,0,0,0,0,-3000,0,0,0,0,3000,-3000,-3000
07039P,南電台新99售01  ,0,0,0,0,0,0,0,0,0,-3000,0,0,0,0,3000,-3000,-3000
059212,鴻海元大99購28  ,0,0,0,0,0,0,0,0,0,-3000,0,0,0,0,3000,-3000,-3000
059197,可成永豐99購02  ,0,0,0,0,0,0,0,0,0,-3000,0,0,0,45000,48000,-3000,-3000
059258,台灣50群益99購01,0,0,0,0,0,0,0,0,0,-3000,0,0,0,0,3000,-3000,-3000
057056,立積元大99購02  ,0,0,0,0,0,0,0,0,0,-3000,0,0,0,7000,10000,-3000,-3000
057756,瑞昱日盛99購01  ,0,0,0,0,0,0,0,0,0,-3000,0,0,0,0,3000,-3000,-3000
056142,超眾元大97購06  ,0,0,0,0,0,0,0,0,0,-3000,0,0,0,0,3000,-3000,-3000
057681,T50反1日盛9C購01,0,0,0,0,0,0,0,0,0,-3000,0,0,0,40000,43000,-3000,-3000
06789P,鴻海凱基98售12  ,0,0,0,0,0,0,0,0,0,-3000,0,0,0,0,3000,-3000,-3000
06938P,南電元大98售03  ,0,0,0,0,0,0,0,0,0,-3000,0,0,0,0,3000,-3000,-3000
059728,聯鈞元大99購01  ,0,0,0,0,0,0,0,0,0,-3000,0,0,0,10000,13000,-3000,-3000
059059,宏達電凱基99購03,0,0,0,0,0,0,0,0,0,-3000,0,0,0,20000,23000,-3000,-3000
058682,聯發科凱基99購07,0,0,0,0,0,0,0,0,0,-3000,0,0,0,0,3000,-3000,-3000
058526,鈺齊元大99購02  ,0,0,0,0,0,0,0,0,0,-3000,0,0,0,0,3000,-3000,-3000
04595P,臺股指元大94售13,0,0,0,0,0,0,0,0,0,-3000,0,0,0,0,3000,-3000,-3000
051249,潤泰全元大95購01,0,0,0,0,0,0,0,0,0,-3000,0,0,0,0,3000,-3000,-3000
051103,緯穎元大96購03  ,0,0,0,0,0,0,0,0,0,-3000,0,0,0,3000,6000,-3000,-3000
0052,富邦科技        ,2000,4000,-2000,0,0,0,0,0,0,-1000,0,0,0,106000,107000,-1000,-3000
03012X,元展12          ,0,0,0,0,0,0,0,0,0,-3000,0,0,0,0,3000,-3000,-3000
03049X,元展46          ,0,0,0,0,0,0,0,0,0,-3000,0,0,0,0,3000,-3000,-3000
03050X,元展47          ,0,0,0,0,0,0,0,0,0,-3000,0,0,0,45000,48000,-3000,-3000
03033X,元展30          ,0,0,0,0,0,0,0,0,0,-3000,0,0,0,0,3000,-3000,-3000
053312,緯穎凱基96購02  ,0,0,0,0,0,0,0,0,0,-3000,0,0,0,2000,5000,-3000,-3000
04999P,南電永豐95售01  ,0,0,0,0,0,0,0,0,0,-3000,0,0,0,0,3000,-3000,-3000
049904,矽力元富94購01  ,0,0,0,0,0,0,0,0,0,-3000,0,0,0,0,3000,-3000,-3000
059434,全新元大99購05  ,0,0,0,0,0,0,0,0,0,-3000,0,0,0,4000,7000,-3000,-3000
059543,可成亞東99購02  ,0,0,0,0,0,0,0,0,0,-3000,0,0,0,0,3000,-3000,-3000
058389,聯茂國票9A購01  ,0,0,0,0,0,0,0,0,0,-3000,0,0,0,0,3000,-3000,-3000
055770,欣興麥證97購01  ,0,0,0,0,3000,-3000,0,0,0,-3000,0,0,0,0,3000,-3000,-3000
054198,台積電永昌96購08,0,0,0,0,0,0,0,0,0,-3000,0,0,0,0,3000,-3000,-3000
051823,矽力元富95購02  ,0,0,0,0,0,0,0,0,0,-3000,0,0,0,0,3000,-3000,-3000
054156,聯電亞東98購01  ,0,0,0,0,0,0,0,0,0,-3000,0,0,0,0,3000,-3000,-3000
052724,力成統一97購01  ,0,0,0,0,0,0,0,0,0,-3000,0,0,0,1000,4000,-3000,-3000
052331,漢唐亞東97購01  ,0,0,0,0,0,0,0,0,0,-3000,0,0,0,0,3000,-3000,-3000
054615,牧德永豐98購01  ,0,0,0,0,0,0,0,0,0,-3000,0,0,0,0,3000,-3000,-3000
1452,宏益            ,22000,25000,-3000,0,0,0,0,0,0,0,0,0,0,0,0,0,-3000
07194P,聯發科元大99售25,0,0,0,0,0,0,0,0,0,-3000,0,0,0,0,3000,-3000,-3000
07169P,臺股指國票99售06,0,0,0,0,0,0,0,0,0,-3000,0,0,0,0,3000,-3000,-3000
2540,愛山林          ,0,3000,-3000,0,0,0,0,0,0,0,0,0,0,0,0,0,-3000
4562,穎漢            ,0,3000,-3000,0,0,0,0,0,0,0,0,0,0,0,0,0,-3000
6183,關貿            ,10000,13000,-3000,0,0,0,0,0,0,0,0,0,0,0,0,0,-3000
6281,全國電          ,3000,4000,-1000,0,0,0,0,0,0,-2000,0,2000,-2000,0,0,0,-3000
6414,樺漢            ,493000,499000,-6000,0,0,0,0,0,0,3000,6000,3000,3000,0,0,0,-3000
07290P,台灣50凱基9A售08,0,0,0,0,0,0,0,0,0,-3000,0,0,0,0,3000,-3000,-3000
08852P,台灣50台新01售01,0,0,0,0,0,0,0,0,0,-3000,0,0,0,0,3000,-3000,-3000
1535,中宇            ,4000,7000,-3000,0,0,0,0,0,0,0,0,0,0,0,0,0,-3000
1539,巨庭            ,0,3000,-3000,0,0,0,0,0,0,0,0,0,0,0,0,0,-3000
3679,新至陞          ,11000,14000,-3000,0,0,0,0,0,0,0,0,0,0,0,0,0,-3000
2888A,新光金甲特      ,339,4000,-3661,0,0,0,0,0,0,0,0,0,0,0,0,0,-3661
2906,高林            ,1000,0,1000,0,0,0,0,0,0,-5000,0,5000,-5000,0,0,0,-4000
2022,聚亨            ,4000,4000,0,0,0,0,0,0,0,-4000,0,4000,-4000,0,0,0,-4000
2032,新鋼            ,1000,5000,-4000,0,0,0,0,0,0,0,0,0,0,0,0,0,-4000
1726,永記            ,2000,6000,-4000,0,0,0,0,0,0,0,0,0,0,0,0,0,-4000
2208,台船            ,109000,113000,-4000,0,0,0,0,0,0,0,0,0,0,0,0,0,-4000
06498P,臺股指元大9A售03,0,0,0,0,0,0,0,0,0,-4000,0,0,0,2000,6000,-4000,-4000
06460P,亞德客元富98售02,0,0,0,0,0,0,0,0,0,-4000,0,0,0,0,4000,-4000,-4000
06427P,鴻海元大97售13  ,0,0,0,0,0,0,0,0,0,-4000,0,0,0,0,4000,-4000,-4000
2483,百容            ,1000,5000,-4000,0,0,0,0,0,0,0,0,0,0,0,0,0,-4000
2545,皇翔            ,37000,41000,-4000,0,0,0,0,0,0,0,0,0,0,0,0,0,-4000
07101P,台郡元大99售06  ,0,0,0,0,0,0,0,0,0,-4000,0,0,0,0,4000,-4000,-4000
06172P,台虹永豐97售02  ,0,0,0,0,0,0,0,0,0,-4000,0,0,0,0,4000,-4000,-4000
06150P,奇力新元大97售06,0,0,0,0,0,0,0,0,0,-4000,0,0,0,0,4000,-4000,-4000
057370,可成元大98購07  ,0,0,0,0,0,0,0,0,0,-4000,0,0,0,35000,39000,-4000,-4000
057258,中環兆豐98購01  ,0,0,0,0,0,0,0,0,0,-4000,0,0,0,0,4000,-4000,-4000
058741,欣興日盛99購01  ,0,0,0,0,0,0,0,0,0,-4000,0,0,0,0,4000,-4000,-4000
056518,美律國票99購01  ,0,0,0,0,0,0,0,0,0,-4000,0,0,0,6000,10000,-4000,-4000
055909,大成鋼凱基98購02,0,0,0,0,0,0,0,0,0,-4000,0,0,0,0,4000,-4000,-4000
057393,台積電中信02購01,0,0,0,0,0,0,0,0,0,-4000,0,0,0,0,4000,-4000,-4000
056581,超眾元大99購01  ,0,0,0,0,0,0,0,0,0,-4000,0,0,0,0,4000,-4000,-4000
059579,聯發科元富99購06,0,0,0,0,0,0,0,0,0,-4000,0,0,0,0,4000,-4000,-4000
05786P,臺股指永昌96售03,0,0,0,0,0,0,0,0,0,-4000,10000,0,10000,16000,30000,-14000,-4000
059669,台灣50元富9B購05,0,0,0,0,0,0,0,0,0,-4000,0,0,0,46000,50000,-4000,-4000
059673,玉山金元富99購01,0,0,0,0,0,0,0,0,0,-4000,0,0,0,0,4000,-4000,-4000
057933,聯發科群益98購06,0,0,0,0,0,0,0,0,0,-4000,0,0,0,1000,5000,-4000,-4000
059741,聯發科元富99購07,0,0,0,0,0,0,0,0,0,-4000,0,0,0,0,4000,-4000,-4000
06013P,世芯國泰97售03  ,0,0,0,0,0,0,0,0,0,-4000,0,0,0,0,4000,-4000,-4000
057164,國巨元大98購14  ,0,0,0,0,0,0,0,0,0,-4000,0,0,0,0,4000,-4000,-4000
059167,聯發科凱基99購11,0,0,0,0,0,0,0,0,0,-4000,0,0,0,1000,5000,-4000,-4000
059223,大立光元大99購14,0,0,0,0,0,0,0,0,0,-4000,0,0,0,0,4000,-4000,-4000
052319,可成元大95購12  ,0,0,0,0,0,0,0,0,0,-4000,0,0,0,0,4000,-4000,-4000
052612,康舒元大97購01  ,0,0,0,0,0,0,0,0,0,-4000,0,0,0,0,4000,-4000,-4000
052799,上銀元大96購01  ,0,0,0,0,0,0,0,0,0,-4000,0,0,0,1000,5000,-4000,-4000
053480,祥碩元大96購02  ,0,0,0,0,0,0,0,0,0,-4000,0,0,0,22000,26000,-4000,-4000
055724,祥碩元大97購03  ,0,0,0,0,0,0,0,0,0,-4000,0,0,0,11000,15000,-4000,-4000
054842,台達電兆豐98購01,0,0,0,0,0,0,0,0,0,-4000,0,0,0,6000,10000,-4000,-4000
04949P,致新元大94售04  ,0,0,0,0,0,0,0,0,0,-4000,0,0,0,20000,24000,-4000,-4000
04773P,金融類元大94售01,0,0,0,0,0,0,0,0,0,-4000,0,0,0,0,4000,-4000,-4000
047437,旺宏元大94購02  ,0,0,0,0,0,0,0,0,0,-4000,0,0,0,0,4000,-4000,-4000
01004T,土銀富邦R2      ,4000,8000,-4000,0,0,0,0,0,0,0,0,0,0,0,0,0,-4000
051023,S&P反1統一95購02,0,0,0,0,0,0,0,0,0,-4000,0,0,0,0,4000,-4000,-4000
1324,地球            ,0,2000,-2000,0,0,0,0,0,0,-2000,0,2000,-2000,0,0,0,-4000
1215,卜蜂            ,264000,293000,-29000,0,0,0,27000,2000,25000,0,0,0,0,0,0,0,-4000
07241P,台灣50國票9A售05,0,0,0,0,0,0,0,0,0,-4000,0,0,0,617000,621000,-4000,-4000
3055,蔚華科          ,8000,12000,-4000,0,0,0,0,0,0,0,0,0,0,0,0,0,-4000
4133,亞諾法          ,300000,304000,-4000,0,0,0,0,0,0,0,0,0,0,0,0,0,-4000
1456,怡華            ,3000,7000,-4000,0,0,0,0,0,0,0,0,0,0,0,0,0,-4000
00771,元大US高息特別股,0,0,0,0,0,0,0,0,0,-4200,0,0,0,6000,10200,-4200,-4200
059251,大立光凱基9A購04,0,0,0,0,0,0,0,0,0,-5000,0,0,0,0,5000,-5000,-5000
057670,欣興元大99購02  ,0,0,0,0,0,0,0,0,0,-5000,0,0,0,0,5000,-5000,-5000
056116,義隆群益97購02  ,0,0,0,0,0,0,0,0,0,-5000,0,0,0,0,5000,-5000,-5000
057796,鴻海兆豐99購03  ,0,0,0,0,0,0,0,0,0,-5000,0,0,0,0,5000,-5000,-5000
06962P,華新科永豐99售01,0,0,0,0,0,0,0,0,0,-5000,0,0,0,0,5000,-5000,-5000
06974P,臺股指元大9A售12,0,0,0,0,0,0,0,0,0,-5000,0,0,0,0,5000,-5000,-5000
06757P,台灣50元大9B售01,0,0,0,0,0,0,0,0,0,-5000,0,0,0,0,5000,-5000,-5000
06762P,智邦元大98售11  ,0,0,0,0,0,0,0,0,0,-5000,0,0,0,1000,6000,-5000,-5000
059710,上証2X元大9C購02,0,0,0,0,0,0,0,0,0,-5000,0,0,0,0,5000,-5000,-5000
059115,美食永豐99購01  ,0,0,0,0,0,0,0,0,0,-5000,0,0,0,0,5000,-5000,-5000
058022,樺漢凱基99購02  ,0,0,0,0,0,0,0,0,0,-5000,0,0,0,0,5000,-5000,-5000
059657,華通元大99購09  ,0,0,0,0,0,0,0,0,0,-5000,0,0,0,0,5000,-5000,-5000
056051,T50反1元大97購05,0,0,0,0,0,0,0,0,0,-5000,0,0,0,0,5000,-5000,-5000
057828,緯穎元大99購02  ,0,0,0,0,0,0,0,0,0,-5000,0,0,0,0,5000,-5000,-5000
059600,緯穎元大99購07  ,0,0,0,0,0,0,0,0,0,-5000,0,0,0,2000,7000,-5000,-5000
059575,臺股指凱基99購41,0,0,0,0,0,0,0,0,0,-5000,0,0,0,116000,121000,-5000,-5000
06623P,立積元大98售04  ,0,0,0,0,0,0,0,0,0,-5000,0,0,0,0,5000,-5000,-5000
06634P,欣興國票98售02  ,0,0,0,0,0,0,0,0,0,-5000,0,0,0,0,5000,-5000,-5000
059516,TPK永豐99購01   ,0,0,0,0,0,0,0,0,0,-5000,0,0,0,47000,52000,-5000,-5000
059540,新光金日盛99購01,0,0,0,0,0,0,0,0,0,-5000,0,0,0,0,5000,-5000,-5000
058496,文曄群益99購01  ,0,0,0,0,0,0,0,0,0,-5000,0,0,0,0,5000,-5000,-5000
056309,合勤控元大97購01,0,0,0,0,0,0,0,0,0,-5000,0,0,0,0,5000,-5000,-5000
05630P,大立光永昌96售06,0,0,0,0,0,0,0,0,0,-5000,0,0,0,259000,264000,-5000,-5000
07147P,高鐵元大99售01  ,0,0,0,0,0,0,0,0,0,-5000,0,0,0,50000,55000,-5000,-5000
058768,南港兆豐99購01  ,0,0,0,0,0,0,0,0,0,-5000,0,0,0,5000,10000,-5000,-5000
057241,超眾凱基99購02  ,0,0,0,0,0,0,0,0,0,-5000,0,0,0,0,5000,-5000,-5000
057243,樺漢凱基99購01  ,0,0,0,0,0,0,0,0,0,-5000,0,0,0,0,5000,-5000,-5000
06133P,帆宣元富97售02  ,0,0,0,0,0,0,0,0,0,-5000,0,0,0,0,5000,-5000,-5000
06185P,台表科元大97售05,0,0,0,0,0,0,0,0,0,-5000,0,0,0,0,5000,-5000,-5000
07135P,臺股指元大9A售29,0,0,0,0,0,0,0,0,0,-5000,0,0,0,0,5000,-5000,-5000
07076P,鴻海凱基9A售08  ,0,0,0,0,0,0,0,0,0,-5000,0,0,0,0,5000,-5000,-5000
2488,漢平            ,56000,61000,-5000,0,0,0,0,0,0,0,0,0,0,0,0,0,-5000
2611,志信            ,0,5000,-5000,0,0,0,0,0,0,0,0,0,0,0,0,0,-5000
06475P,牧德永豐98售03  ,0,0,0,0,0,0,0,0,0,-5000,0,0,0,0,5000,-5000,-5000
06494P,鴻海永昌98售03  ,0,0,0,0,0,0,0,0,0,-5000,0,0,0,12000,17000,-5000,-5000
057641,旺宏元大98購10  ,0,0,0,0,0,0,0,0,0,-5000,0,0,0,5000,10000,-5000,-5000
059023,可成統一9B購02  ,0,0,0,0,0,0,0,0,0,-5000,0,0,0,0,5000,-5000,-5000
2038,海光            ,0,5000,-5000,0,0,0,0,0,0,0,0,0,0,0,0,0,-5000
03013X,元展13          ,0,0,0,0,0,0,0,0,0,-5000,0,0,0,0,5000,-5000,-5000
04771P,友達元大96售02  ,0,0,0,0,0,0,0,0,0,-5000,0,0,0,5000,10000,-5000,-5000
047904,臺指反元大96購01,0,0,0,0,0,0,0,0,0,-5000,0,0,0,0,5000,-5000,-5000
051413,富邦金國票96購02,0,0,0,0,0,0,0,0,0,-5000,0,0,0,0,5000,-5000,-5000
04811P,上銀元大94售02  ,0,0,0,0,0,0,0,0,0,-5000,0,0,0,0,5000,-5000,-5000
049255,旺宏元大97購02  ,0,0,0,0,0,0,0,0,0,-5000,0,0,0,6000,11000,-5000,-5000
051684,瑞昱凱基95購02  ,0,0,0,0,0,0,0,0,0,-5000,0,0,0,223000,228000,-5000,-5000
051653,南電永豐95購02  ,0,0,0,0,0,0,0,0,0,-5000,0,0,0,0,5000,-5000,-5000
051629,上証2X國票95購04,0,0,0,0,0,0,0,0,0,-5000,0,0,0,15000,20000,-5000,-5000
049814,超眾元大95購04  ,0,0,0,0,0,0,0,0,0,-5000,0,0,0,0,5000,-5000,-5000
050016,緯穎富邦95購01  ,0,0,0,0,0,0,0,0,0,-5000,0,0,0,0,5000,-5000,-5000
050266,兆豐金元大94購01,0,0,0,0,0,0,0,0,0,-5000,0,0,0,0,5000,-5000,-5000
050351,華新科群益95購02,0,0,0,0,0,0,0,0,0,-5000,0,0,0,0,5000,-5000,-5000
055137,GIS富邦98購01   ,0,0,0,0,0,0,0,0,0,-5000,0,0,0,0,5000,-5000,-5000
05050P,華通群益96售02  ,0,0,0,0,0,0,0,0,0,-5000,0,0,0,0,5000,-5000,-5000
052965,廣宇群益97購01  ,0,0,0,0,0,0,0,0,0,-5000,0,0,0,0,5000,-5000,-5000
054826,復盛元大9A購01  ,0,0,0,0,0,0,0,0,0,-5000,0,0,0,0,5000,-5000,-5000
054806,台化元大9A購01  ,0,0,0,0,0,0,0,0,0,-5000,0,0,0,5000,10000,-5000,-5000
054143,茂林元大96購04  ,0,0,0,0,0,0,0,0,0,-5000,0,0,0,0,5000,-5000,-5000
054066,緯穎國票97購03  ,0,0,0,0,0,0,0,0,0,-5000,0,0,0,0,5000,-5000,-5000
052184,台光電群益95購03,0,0,0,0,0,0,0,0,0,-5000,0,0,0,93000,98000,-5000,-5000
05390P,康友群益95售04  ,0,0,0,0,0,0,0,0,0,-5000,0,0,0,0,5000,-5000,-5000
05688P,臺股指元大96售13,0,0,0,0,0,0,0,0,0,-5000,0,0,0,0,5000,-5000,-5000
058405,訊連元大99購02  ,0,0,0,0,0,0,0,0,0,-5000,0,0,0,15000,20000,-5000,-5000
056988,聚陽兆豐98購01  ,0,0,0,0,0,0,0,0,0,-5000,0,0,0,0,5000,-5000,-5000
053976,亞光元大96購02  ,0,0,0,0,0,0,0,0,0,-5000,0,0,0,0,5000,-5000,-5000
059443,嘉聯益元大9B購01,0,0,0,0,0,0,0,0,0,-5000,0,0,0,0,5000,-5000,-5000
059456,智易永豐99購01  ,0,0,0,0,0,0,0,0,0,-5000,0,0,0,0,5000,-5000,-5000
058271,訊連永豐99購01  ,0,0,0,0,0,0,0,0,0,-5000,0,0,0,0,5000,-5000,-5000
058303,華通元大99購03  ,0,0,0,0,0,0,0,0,0,-5000,0,0,0,0,5000,-5000,-5000
052625,南電亞東97購01  ,0,0,0,0,0,0,0,0,0,-5000,0,0,0,170000,175000,-5000,-5000
052502,瀚宇博永豐95購02,0,0,0,0,0,0,0,0,0,-5000,0,0,0,0,5000,-5000,-5000
054576,健策元大98購03  ,0,0,0,0,0,0,0,0,0,-5000,0,0,0,5000,10000,-5000,-5000
05451P,臺股指元大95售28,0,0,0,0,0,0,0,0,0,-5000,0,0,0,0,5000,-5000,-5000
054696,嘉聯益永豐97購01,0,0,0,0,0,0,0,0,0,-5000,0,0,0,0,5000,-5000,-5000
05467P,聯電元大95售02  ,0,0,0,0,0,0,0,0,0,-5000,0,0,0,24000,29000,-5000,-5000
054399,智易永豐96購03  ,0,0,0,0,0,0,0,0,0,-5000,0,0,0,0,5000,-5000,-5000
054363,世芯凱基97購01  ,0,0,0,0,0,0,0,0,0,-5000,0,0,0,0,5000,-5000,-5000
055538,鴻海日盛97購04  ,0,0,0,0,0,0,0,0,0,-5000,0,0,0,0,5000,-5000,-5000
07206P,鴻海凱基9A售11  ,0,0,0,0,0,0,0,0,0,-5000,0,0,0,0,5000,-5000,-5000
4952,凌通            ,19000,24000,-5000,0,0,0,0,0,0,0,0,0,0,0,0,0,-5000
07237P,台灣50國票99售06,0,0,0,0,0,0,0,0,0,-5000,0,0,0,0,5000,-5000,-5000
3057,喬鼎            ,1000,6000,-5000,0,0,0,0,0,0,0,0,0,0,0,0,0,-5000
07270P,台灣50元大01售09,0,0,0,0,0,0,0,0,0,-5000,0,0,0,0,5000,-5000,-5000
1256,鮮活果汁-KY     ,6000,11000,-5000,0,0,0,0,0,0,0,0,0,0,0,0,0,-5000
1540,喬福            ,43000,47000,-4000,0,0,0,0,0,0,-1000,0,1000,-1000,0,0,0,-5000
2476,鉅祥            ,0,6000,-6000,0,0,0,0,0,0,0,0,0,0,0,0,0,-6000
06518P,奇力新兆豐99售01,0,0,0,0,0,0,0,0,0,-6000,0,0,0,0,6000,-6000,-6000
2748,雲品            ,15000,2000,13000,0,0,0,0,10000,-10000,-9000,0,9000,-9000,0,0,0,-6000
07029P,緯穎群益99售02  ,0,0,0,0,0,0,0,0,0,-6000,0,0,0,5000,11000,-6000,-6000
058488,華擎國票9A購01  ,0,0,0,0,0,0,0,0,0,-6000,0,0,0,0,6000,-6000,-6000
06655P,TPK元大98售02   ,0,0,0,0,0,0,0,0,0,-6000,0,0,0,5000,11000,-6000,-6000
058522,聯茂元大99購07  ,0,0,0,0,0,0,0,0,0,-6000,0,0,0,0,6000,-6000,-6000
058516,健鼎元大99購02  ,0,0,0,0,0,0,0,0,0,-6000,0,0,0,67000,73000,-6000,-6000
059552,台灣50凱基99購04,0,0,0,0,0,0,0,0,0,-6000,0,0,0,0,6000,-6000,-6000
059697,上証2X凱基9A購03,0,0,0,0,0,0,0,0,0,-6000,0,0,0,0,6000,-6000,-6000
059675,大立光元富99購08,0,0,0,0,0,0,0,0,0,-6000,0,0,0,0,6000,-6000,-6000
059633,聯發科凱基9A購07,0,0,0,0,0,0,0,0,0,-6000,0,0,0,1000,7000,-6000,-6000
059627,旺宏凱基99購10  ,0,0,0,0,0,0,0,0,0,-6000,0,0,0,0,6000,-6000,-6000
058632,世紀鋼國票9A購01,0,0,0,0,0,0,0,0,0,-6000,0,0,0,0,6000,-6000,-6000
058042,鴻海元大98購12  ,0,0,0,0,0,0,0,0,0,-6000,0,0,0,10000,16000,-6000,-6000
057964,緯穎元大99購03  ,0,0,0,0,0,0,0,0,0,-6000,0,0,0,10000,16000,-6000,-6000
059055,旺宏凱基9B購02  ,0,0,0,0,0,0,0,0,0,-6000,0,0,0,0,6000,-6000,-6000
059733,緯穎元大99購08  ,0,0,0,0,0,0,0,0,0,-6000,0,0,0,0,6000,-6000,-6000
059145,創意國票99購02  ,0,0,0,0,0,0,0,0,0,-6000,0,0,0,19000,25000,-6000,-6000
059325,超眾元大99購05  ,0,0,0,0,0,0,0,0,0,-6000,0,0,0,0,6000,-6000,-6000
059345,禾伸堂凱基99購03,0,0,0,0,0,0,0,0,0,-6000,0,0,0,0,6000,-6000,-6000
055618,麗豐國票98購01  ,0,0,0,0,0,0,0,0,0,-6000,0,0,0,0,6000,-6000,-6000
052511,聯發科凱基95購14,0,0,0,0,0,0,0,0,0,-6000,0,0,0,56000,62000,-6000,-6000
056772,欣興元大99購01  ,0,0,0,0,0,0,0,0,0,-6000,0,0,0,0,6000,-6000,-6000
059404,鴻海台新99購03  ,0,0,0,0,0,0,0,0,0,-6000,0,0,0,6000,12000,-6000,-6000
056894,佳世達元大99購01,0,0,0,0,0,0,0,0,0,-6000,0,0,0,10000,16000,-6000,-6000
058327,大毅統一9B購01  ,0,0,0,0,0,0,0,0,0,-6000,0,0,0,0,6000,-6000,-6000
054076,義隆第一96購01  ,0,0,0,0,0,0,0,0,0,-6000,0,0,0,0,6000,-6000,-6000
055763,鎧勝群益97購01  ,0,0,0,0,0,0,0,0,0,-6000,0,0,0,0,6000,-6000,-6000
050694,國巨凱基96購03  ,0,0,0,0,0,0,0,0,0,-6000,0,0,0,1000,7000,-6000,-6000
049129,S&P反1元大97購01,0,0,0,0,0,0,0,0,0,-6000,0,0,0,0,6000,-6000,-6000
05169P,玉晶光元大95售03,0,0,0,0,0,0,0,0,0,-6000,0,0,0,6000,12000,-6000,-6000
048533,景碩國票94購01  ,0,0,0,0,0,0,0,0,0,-6000,0,0,0,0,6000,-6000,-6000
050957,T50反1台新05購01,0,0,0,0,0,0,0,0,0,-6000,0,0,0,0,6000,-6000,-6000
03959P,義隆元富96售01  ,0,0,0,0,0,0,0,0,0,-6000,0,0,0,0,6000,-6000,-6000
1233,天仁            ,0,4000,-4000,0,0,0,0,0,0,-2000,0,2000,-2000,0,0,0,-6000
07235P,T50正2元大9C售02,0,0,0,0,0,0,0,0,0,-6000,0,0,0,10000,16000,-6000,-6000
07314P,T50正2元大9C售03,0,0,0,0,0,0,0,0,0,-6000,0,0,0,0,6000,-6000,-6000
07272P,台灣50元大9C售05,0,0,0,0,0,0,0,0,0,-6000,0,0,0,0,6000,-6000,-6000
4994,傳奇            ,3000,9000,-6000,0,0,0,0,0,0,0,0,0,0,0,0,0,-6000
5258,虹堡            ,23000,29000,-6000,0,0,0,0,0,0,0,0,0,0,0,0,0,-6000
4560,強信-KY         ,68000,74000,-6000,0,0,0,0,0,0,0,0,0,0,0,0,0,-6000
6192,巨路            ,36000,41000,-5000,0,0,0,0,1000,-1000,0,0,0,0,0,0,0,-6000
6216,居易            ,1000,7000,-6000,0,0,0,0,0,0,0,0,0,0,0,0,0,-6000
4141,龍燈-KY         ,0,6000,-6000,0,0,0,0,0,0,0,0,0,0,0,0,0,-6000
9924,福興            ,47000,48000,-1000,0,0,0,0,0,0,-5000,0,5000,-5000,0,0,0,-6000
1466,聚隆            ,0,6000,-6000,0,0,0,0,0,0,0,0,0,0,0,0,0,-6000
2395,研華            ,713760,775000,-61240,0,0,0,75538,19000,56538,-2000,1000,3000,-2000,0,0,0,-6702
2706,第一店          ,1000,8000,-7000,0,0,0,0,0,0,0,0,0,0,0,0,0,-7000
06306P,臺股指元大97售12,0,0,0,0,0,0,0,0,0,-7000,0,0,0,0,7000,-7000,-7000
06301P,臺股指元大97售04,0,0,0,0,0,0,0,0,0,-7000,0,0,0,0,7000,-7000,-7000
058973,麗豐永豐99購01  ,0,0,0,0,0,0,0,0,0,-7000,0,0,0,0,7000,-7000,-7000
06163P,聯詠群益97售01  ,0,0,0,0,0,0,0,0,0,-7000,0,0,0,3000,10000,-7000,-7000
056295,國巨元大97購16  ,0,0,0,0,0,0,0,0,0,-7000,0,0,0,15000,22000,-7000,-7000
055861,矽力元大97購03  ,0,0,0,0,0,0,0,0,0,-7000,0,0,0,3000,10000,-7000,-7000
059397,T50反1元富99購05,0,0,0,0,0,0,0,0,0,-7000,0,0,0,43000,50000,-7000,-7000
059358,旺宏永豐99購02  ,0,0,0,0,0,0,0,0,0,-7000,0,0,0,6000,13000,-7000,-7000
06803P,臺股指群益98售09,0,0,0,0,0,0,0,0,0,-7000,0,0,0,0,7000,-7000,-7000
06853P,華擎元富98售03  ,0,0,0,0,0,0,0,0,0,-7000,0,0,0,11000,18000,-7000,-7000
06888P,日月光元大98售02,0,0,0,0,0,0,0,0,0,-7000,0,0,0,0,7000,-7000,-7000
059636,宏達電凱基99購05,0,0,0,0,0,0,0,0,0,-7000,0,0,0,0,7000,-7000,-7000
059583,台灣50元大01購10,0,0,0,0,0,0,0,0,0,-7000,0,0,0,3000,10000,-7000,-7000
04234P,華通群益94售02  ,0,0,0,0,0,0,0,0,0,-7000,0,0,0,4000,11000,-7000,-7000
00688L,國泰20年美債正2 ,0,0,0,0,0,0,0,0,0,-7000,0,0,0,106000,113000,-7000,-7000
049702,台表科元大95購03,0,0,0,0,0,0,0,0,0,-7000,0,0,0,63000,70000,-7000,-7000
049385,茂林元大94購03  ,0,0,0,0,0,0,0,0,0,-7000,0,0,0,10000,17000,-7000,-7000
04889P,華通元大94售03  ,0,0,0,0,0,0,0,0,0,-7000,0,0,0,0,7000,-7000,-7000
051754,廣宇元大95購01  ,0,0,0,0,0,0,0,0,0,-7000,0,0,0,0,7000,-7000,-7000
053093,緯穎元大96購06  ,0,0,0,0,0,0,0,0,0,-7000,0,0,0,13000,20000,-7000,-7000
054877,百和群益98購01  ,0,0,0,0,0,0,0,0,0,-7000,0,0,0,0,7000,-7000,-7000
053792,百和元大96購01  ,0,0,0,0,0,0,0,0,0,-7000,0,0,0,0,7000,-7000,-7000
05401P,聯茂永豐95售03  ,0,0,0,0,0,0,0,0,0,-7000,0,0,0,0,7000,-7000,-7000
055525,國巨群益98購05  ,0,0,0,0,0,0,0,0,0,-7000,0,0,0,8000,15000,-7000,-7000
052955,國巨日盛96購01  ,0,5000,-5000,0,0,0,0,0,0,-2000,0,0,0,0,2000,-2000,-7000
05360P,健策元大95售03  ,0,0,0,0,0,0,0,0,0,-7000,0,0,0,0,7000,-7000,-7000
07198P,臺股指元大99售14,0,0,0,0,0,0,0,0,0,-7000,0,0,0,5000,12000,-7000,-7000
9927,泰銘            ,19000,26000,-7000,0,0,0,0,0,0,0,0,0,0,0,0,0,-7000
8482,商億-KY         ,2000,9000,-7000,0,0,0,0,0,0,0,0,0,0,0,0,0,-7000
8442,威宏-KY         ,0,7000,-7000,0,0,0,0,0,0,0,0,0,0,0,0,0,-7000
1110,東泥            ,3000,10000,-7000,0,0,0,0,0,0,0,0,0,0,0,0,0,-7000
07246P,旺宏凱基99售08  ,0,0,0,0,0,0,0,0,0,-7000,0,0,0,0,7000,-7000,-7000
3011,今皓            ,0,7000,-7000,0,0,0,0,0,0,0,0,0,0,0,0,0,-7000
1323,永裕            ,22000,29000,-7000,0,0,0,0,0,0,0,0,0,0,0,0,0,-7000
3583,辛耘            ,63000,71000,-8000,0,0,0,0,0,0,1000,1000,0,1000,0,0,0,-7000
1414,東和            ,11000,18000,-7000,0,0,0,0,0,0,0,0,0,0,0,0,0,-7000
1802,台玻            ,421000,383658,37342,0,0,0,14854,0,14854,-60000,0,60000,-60000,0,0,0,-7804
2887F,台新戊特二      ,0,0,0,0,0,0,0,0,0,-8000,0,8000,-8000,0,0,0,-8000
058961,台灣50兆豐9C購01,0,0,0,0,0,0,0,0,0,-8000,0,0,0,2000,10000,-8000,-8000
2466,冠西電          ,1000,9000,-8000,0,0,0,0,0,0,0,0,0,0,0,0,0,-8000
058877,T50反1國泰9B購01,0,0,0,0,0,0,0,0,0,-8000,0,0,0,0,8000,-8000,-8000
059534,國泰金凱基99購01,0,0,0,0,0,0,0,0,0,-8000,0,0,0,10000,18000,-8000,-8000
059704,聯發科凱基9A購08,0,0,0,0,0,0,0,0,0,-8000,0,0,0,0,8000,-8000,-8000
058604,華邦電元大99購03,0,0,0,0,0,0,0,0,0,-8000,0,0,0,4000,12000,-8000,-8000
06848P,聯詠元大98售04  ,0,0,0,0,0,0,0,0,0,-8000,0,0,0,0,8000,-8000,-8000
06728P,全新元大98售03  ,0,0,0,0,0,0,0,0,0,-8000,0,0,0,13000,21000,-8000,-8000
06730P,祥碩元大98售07  ,0,0,0,0,0,0,0,0,0,-8000,0,0,0,102000,110000,-8000,-8000
06976P,臺股指元大9A售14,0,0,0,0,0,0,0,0,0,-8000,0,0,0,181000,189000,-8000,-8000
06954P,大立光元富99售01,0,0,0,0,0,0,0,0,0,-8000,0,0,0,0,8000,-8000,-8000
059719,台積電元大99購42,0,0,0,0,0,0,0,0,0,-8000,0,0,0,50000,58000,-8000,-8000
059249,大立光凱基99購05,0,0,0,0,0,0,0,0,0,-8000,0,0,0,13000,21000,-8000,-8000
056153,華新科凱基97購02,0,0,0,0,0,0,0,0,0,-8000,0,0,0,5000,13000,-8000,-8000
057672,茂林元大98購02  ,0,0,0,0,0,0,0,0,0,-8000,0,0,0,2000,10000,-8000,-8000
054304,台積電凱基96購23,0,0,0,0,0,0,0,0,0,-8000,0,0,0,111000,119000,-8000,-8000
054697,凌華永豐97購01  ,0,0,0,0,0,0,0,0,0,-8000,0,0,0,13000,21000,-8000,-8000
054682,東元永豐97購01  ,0,0,0,0,0,0,0,0,0,-8000,0,0,0,2000,10000,-8000,-8000
05341P,臺股指兆豐95售02,0,0,0,0,0,0,0,0,0,-8000,0,0,0,0,8000,-8000,-8000
055392,凱美統一97購03  ,0,0,0,0,0,0,0,0,0,-8000,0,0,0,0,8000,-8000,-8000
056767,大毅元大99購01  ,0,0,0,0,0,0,0,0,0,-8000,0,0,0,0,8000,-8000,-8000
05574P,英業達元富96售01,0,0,0,0,0,0,0,0,0,-8000,0,0,0,0,8000,-8000,-8000
05298P,上銀元大95售03  ,0,0,0,0,0,0,0,0,0,-8000,0,0,0,0,8000,-8000,-8000
04550P,超眾元大94售01  ,0,0,0,0,0,0,0,0,0,-8000,0,0,0,195000,203000,-8000,-8000
1225,福懋油          ,1000,6000,-5000,0,0,0,0,0,0,-3000,0,3000,-3000,0,0,0,-8000
08674P,嘉晶元富07售02  ,0,0,0,0,0,0,0,0,0,-8000,0,0,0,12000,20000,-8000,-8000
1435,中福            ,11000,19000,-8000,0,0,0,0,0,0,0,0,0,0,0,0,0,-8000
6605,帝寶            ,12000,19000,-7000,0,0,0,0,1000,-1000,0,0,0,0,0,0,0,-8000
6283,淳安            ,3000,11000,-8000,0,0,0,0,0,0,0,0,0,0,0,0,0,-8000
2373,震旦行          ,0,6000,-6000,0,0,0,2907,0,2907,-5000,0,5000,-5000,0,0,0,-8093
1507,永大            ,1000,13000,-12000,0,0,0,3130,0,3130,0,0,0,0,0,0,0,-8870
06550P,健策元大99售01  ,0,0,0,0,0,0,0,0,0,-9000,0,0,0,35000,44000,-9000,-9000
2597,潤弘            ,17000,26000,-9000,0,0,0,0,0,0,0,0,0,0,0,0,0,-9000
06242P,大立光元富9A售02,0,0,0,0,0,0,0,0,0,-9000,0,0,0,8000,17000,-9000,-9000
059136,臺股指群益99購11,0,0,0,0,0,0,0,0,0,-9000,0,0,0,131000,140000,-9000,-9000
06718P,聯詠元大98售01  ,0,0,0,0,0,0,0,0,0,-9000,0,0,0,1000,10000,-9000,-9000
057152,緯穎國票99購03  ,0,0,0,0,0,0,0,0,0,-9000,0,0,0,1000,10000,-9000,-9000
057200,技嘉元富98購01  ,0,0,0,0,0,0,0,0,0,-9000,0,0,0,1000,10000,-9000,-9000
058687,聯茂凱基9A購01  ,0,0,0,0,0,0,0,0,0,-9000,0,0,0,11000,20000,-9000,-9000
058142,瑞儀元大99購01  ,0,0,0,0,0,0,0,0,0,-9000,0,0,0,21000,30000,-9000,-9000
058224,世芯統一9B購02  ,0,0,0,0,0,0,0,0,0,-9000,0,0,0,1000,10000,-9000,-9000
04041P,大立光統一94售03,0,0,0,0,0,0,0,0,0,-9000,0,0,0,26000,35000,-9000,-9000
04838P,宏達電元大95售02,0,0,0,0,0,0,0,0,0,-9000,0,0,0,13000,22000,-9000,-9000
047406,香港反統一94購01,0,0,0,0,0,0,0,0,0,-9000,0,0,0,0,9000,-9000,-9000
046598,T50反1群益93購04,0,0,0,0,0,0,0,0,0,-9000,0,0,0,0,9000,-9000,-9000
055231,大毅國票98購02  ,0,0,0,0,0,0,0,0,0,-9000,0,0,0,0,9000,-9000,-9000
053162,緯穎元大97購01  ,0,0,0,0,0,0,0,0,0,-9000,0,0,0,0,9000,-9000,-9000
051969,世紀鋼永豐95購01,0,0,0,0,0,0,0,0,0,-9000,0,0,0,10000,19000,-9000,-9000
056820,欣興永豐98購02  ,0,0,0,0,0,0,0,0,0,-9000,0,0,0,0,9000,-9000,-9000
056749,滬深2X兆豐99購01,0,0,0,0,0,0,0,0,0,-9000,0,0,0,1000,10000,-9000,-9000
059405,台灣50國票01購01,0,0,0,0,0,0,0,0,0,-9000,0,0,0,33000,42000,-9000,-9000
055603,超眾元大97購04  ,0,0,0,0,0,0,0,0,0,-9000,0,0,0,0,9000,-9000,-9000
07323P,鴻海元大99售34  ,0,0,0,0,0,0,0,0,0,-9000,0,0,0,0,9000,-9000,-9000
07282P,聯發科凱基99售17,0,0,0,0,0,0,0,0,0,-9000,0,0,0,5000,14000,-9000,-9000
3050,鈺德            ,64000,73000,-9000,0,0,0,0,0,0,0,0,0,0,0,0,0,-9000
1603,華電            ,43000,52000,-9000,0,0,0,0,0,0,0,0,0,0,0,0,0,-9000
1530,亞崴            ,0,9000,-9000,0,0,0,0,0,0,0,0,0,0,0,0,0,-9000
3607,谷崧            ,61000,70000,-9000,0,0,0,0,0,0,0,0,0,0,0,0,0,-9000
3686,達能            ,1000,10000,-9000,0,0,0,0,0,0,0,0,0,0,0,0,0,-9000
8210,勤誠            ,219000,258000,-39000,0,0,0,42000,2000,40000,-10000,2000,0,2000,6000,18000,-12000,-9000
5706,鳳凰            ,17000,26000,-9000,0,0,0,0,0,0,0,0,0,0,0,0,0,-9000
4571,鈞興-KY         ,8000,8000,0,0,0,0,0,0,0,-9000,0,9000,-9000,0,0,0,-9000
1445,大宇            ,0,9000,-9000,0,0,0,0,0,0,0,0,0,0,0,0,0,-9000
058161,T50反1日盛03購01,0,0,0,0,0,0,0,0,0,-10000,0,0,0,0,10000,-10000,-10000
058156,超眾統一9A購02  ,0,0,0,0,0,0,0,0,0,-10000,0,0,0,0,10000,-10000,-10000
057953,聚陽元大98購01  ,0,0,0,0,0,0,0,0,0,-10000,0,0,0,0,10000,-10000,-10000
058713,國巨統一9B購02  ,0,0,0,0,0,0,0,0,0,-10000,0,0,0,0,10000,-10000,-10000
058670,鴻海群益9A購03  ,0,0,0,0,0,0,0,0,0,-10000,0,0,0,0,10000,-10000,-10000
056077,矽力元大97購07  ,0,0,0,0,0,0,0,0,0,-10000,0,0,0,0,10000,-10000,-10000
056073,智伸科元大97購01,0,0,0,0,0,0,0,0,0,-10000,0,0,0,0,10000,-10000,-10000
059635,華新科凱基9A購06,0,0,0,0,0,0,0,0,0,-10000,0,0,0,13000,23000,-10000,-10000
059655,T50反1元大99購10,0,0,0,0,0,0,0,0,0,-10000,0,0,0,0,10000,-10000,-10000
059679,國巨國泰9B購03  ,0,0,0,0,0,0,0,0,0,-10000,0,0,0,0,10000,-10000,-10000
059479,國巨群益99購10  ,0,0,0,0,0,0,0,0,0,-10000,0,0,0,0,10000,-10000,-10000
059485,台灣50兆豐99購02,0,0,0,0,0,0,0,0,0,-10000,0,0,0,21000,31000,-10000,-10000
05851P,力山群益97售01  ,0,0,0,0,0,0,0,0,0,-10000,0,0,0,0,10000,-10000,-10000
06641P,智邦兆豐99售01  ,0,0,0,0,0,0,0,0,0,-10000,0,0,0,0,10000,-10000,-10000
059546,FBVIX群益99購03 ,0,0,0,0,0,0,0,0,0,-10000,0,0,0,0,10000,-10000,-10000
05956P,漢唐國票96售02  ,0,0,0,0,0,0,0,0,0,-10000,0,0,0,0,10000,-10000,-10000
058535,玉晶光統一9A購06,0,0,0,0,0,0,0,0,0,-10000,0,0,0,0,10000,-10000,-10000
059596,大立光元大99購20,0,0,0,0,0,0,0,0,0,-10000,0,0,0,0,10000,-10000,-10000
057914,日月光日盛9A購01,0,0,0,0,0,0,0,0,0,-10000,0,0,0,0,10000,-10000,-10000
057888,貿聯群益98購02  ,0,0,0,0,0,0,0,0,0,-10000,0,0,0,0,10000,-10000,-10000
06970P,旺宏元大99售08  ,0,0,0,0,0,0,0,0,0,-10000,0,0,0,170000,180000,-10000,-10000
06993P,鴻海凱基99售05  ,0,0,0,0,0,0,0,0,0,-10000,0,0,0,0,10000,-10000,-10000
057142,力成兆豐98購01  ,0,0,0,0,0,0,0,0,0,-10000,0,0,0,0,10000,-10000,-10000
06725P,聯電元富98售01  ,0,0,0,0,0,0,0,0,0,-10000,0,0,0,0,10000,-10000,-10000
06765P,欣興元大98售11  ,0,0,0,0,0,0,0,0,0,-10000,0,0,0,0,10000,-10000,-10000
06878P,台灣50日盛9B售01,0,0,0,0,0,0,0,0,0,-10000,0,0,0,0,10000,-10000,-10000
06917P,聯電亞東99售01  ,0,0,0,0,0,0,0,0,0,-10000,0,0,0,0,10000,-10000,-10000
06925P,致茂群益9A售02  ,0,0,0,0,0,0,0,0,0,-10000,0,0,0,0,10000,-10000,-10000
059083,華通元大99購07  ,0,0,0,0,0,0,0,0,0,-10000,0,0,0,0,10000,-10000,-10000
06068P,玉晶光康和97售01,0,0,0,0,0,0,0,0,0,-10000,0,0,0,0,10000,-10000,-10000
059047,元油2X凱基9A購10,0,0,0,0,0,0,0,0,0,-10000,0,0,0,0,10000,-10000,-10000
059708,立積凱基9A購02  ,0,0,0,0,0,0,0,0,0,-10000,0,0,0,0,10000,-10000,-10000
059709,上証2X元大9C購01,0,0,0,0,0,0,0,0,0,-10000,0,0,0,0,10000,-10000,-10000
059390,華新科凱基99購05,0,0,0,0,0,0,0,0,0,-10000,0,0,0,15000,25000,-10000,-10000
057128,台光電凱基98購03,0,0,0,0,0,0,0,0,0,-10000,0,0,0,0,10000,-10000,-10000
057036,元油2X元大9B購04,0,0,0,0,0,0,0,0,0,-10000,0,0,0,0,10000,-10000,-10000
057055,立積元大99購01  ,0,0,0,0,0,0,0,0,0,-10000,0,0,0,50000,60000,-10000,-10000
057064,華新科富邦9B購01,0,0,0,0,0,0,0,0,0,-10000,0,0,0,0,10000,-10000,-10000
057673,臻鼎元大98購01  ,0,0,0,0,0,0,0,0,0,-10000,0,0,0,0,10000,-10000,-10000
057659,台表科兆豐98購01,0,0,0,0,0,0,0,0,0,-10000,0,0,0,0,10000,-10000,-10000
057657,國巨兆豐98購04  ,0,0,0,0,0,0,0,0,0,-10000,0,0,0,0,10000,-10000,-10000
056144,GIS元大98購01   ,0,0,0,0,0,0,0,0,0,-10000,0,0,0,0,10000,-10000,-10000
056168,鴻海元富97購07  ,0,0,0,0,0,0,0,0,0,-10000,0,0,0,0,10000,-10000,-10000
057755,鴻海日盛98購01  ,0,0,0,0,0,0,0,0,0,-10000,0,0,0,0,10000,-10000,-10000
059219,旺宏元大99購12  ,0,0,0,0,0,0,0,0,0,-10000,0,0,0,0,10000,-10000,-10000
06254P,臺股指群益97售07,0,0,0,0,0,0,0,0,0,-10000,0,0,0,24000,34000,-10000,-10000
06296P,燿華元大98售01  ,0,0,0,0,0,0,0,0,0,-10000,0,0,0,30000,40000,-10000,-10000
07112P,聯發科群益99售05,0,0,0,0,0,0,0,0,0,-10000,0,0,0,0,10000,-10000,-10000
07140P,台灣50日盛99售01,0,0,0,0,0,0,0,0,0,-10000,0,0,0,100000,110000,-10000,-10000
06145P,華新科永豐97售02,0,0,0,0,0,0,0,0,0,-10000,0,0,0,0,10000,-10000,-10000
06115P,台積電統一97售04,0,0,0,0,0,0,0,0,0,-10000,0,0,0,0,10000,-10000,-10000
058916,SGBR2X元富99購02,0,0,0,0,0,0,0,0,0,-10000,0,0,0,0,10000,-10000,-10000
057262,友達兆豐98購03  ,0,0,0,0,0,0,0,0,0,-10000,0,0,0,0,10000,-10000,-10000
057255,聯發科麥證98購02,0,0,0,0,20000,-20000,0,0,0,-10000,0,0,0,10000,20000,-10000,-10000
055803,鎧勝永豐97購01  ,0,0,0,0,0,0,0,0,0,-10000,0,0,0,0,10000,-10000,-10000
057304,為升兆豐99購02  ,0,0,0,0,0,0,0,0,0,-10000,0,0,0,0,10000,-10000,-10000
057368,微星元大98購02  ,0,0,0,0,0,0,0,0,0,-10000,0,0,0,0,10000,-10000,-10000
058825,同欣電富邦9A購01,0,0,0,0,0,0,0,0,0,-10000,0,0,0,0,10000,-10000,-10000
057213,華邦電群益98購01,0,0,0,0,0,0,0,0,0,-10000,0,0,0,0,10000,-10000,-10000
055862,矽力元大97購04  ,0,0,0,0,0,0,0,0,0,-10000,0,0,0,0,10000,-10000,-10000
055833,華通元大98購05  ,0,0,0,0,0,0,0,0,0,-10000,0,0,0,0,10000,-10000,-10000
057504,技嘉麥證98購01  ,0,0,0,0,10000,-10000,0,0,0,-10000,0,0,0,0,10000,-10000,-10000
057474,T50反1元大98購09,0,0,0,0,0,0,0,0,0,-10000,0,0,0,0,10000,-10000,-10000
057484,南亞科元大98購06,0,0,0,0,0,0,0,0,0,-10000,0,0,0,0,10000,-10000,-10000
057371,可成元大98購08  ,0,0,0,0,0,0,0,0,0,-10000,0,0,0,12000,22000,-10000,-10000
056323,旺宏兆豐98購01  ,0,0,0,0,0,0,0,0,0,-10000,0,0,0,0,10000,-10000,-10000
056325,群創兆豐9A購01  ,0,0,0,0,0,0,0,0,0,-10000,0,0,0,0,10000,-10000,-10000
056377,智伸科統一9A購01,0,0,0,0,0,0,0,0,0,-10000,0,0,0,0,10000,-10000,-10000
056272,嘉澤統一99購01  ,0,0,0,0,0,0,0,0,0,-10000,0,0,0,1000,11000,-10000,-10000
056277,上銀富邦99購02  ,0,0,0,0,0,0,0,0,0,-10000,0,0,0,0,10000,-10000,-10000
056280,上証2X永豐98購01,0,0,0,0,0,0,0,0,0,-10000,0,0,0,0,10000,-10000,-10000
056251,聯發科兆豐97購02,0,0,0,0,0,0,0,0,0,-10000,0,0,0,0,10000,-10000,-10000
056472,美律元大99購03  ,0,0,0,0,0,0,0,0,0,-10000,0,0,0,0,10000,-10000,-10000
056511,超眾永豐98購01  ,0,0,0,0,0,0,0,0,0,-10000,0,0,0,0,10000,-10000,-10000
06551P,貿聯元大98售05  ,0,0,0,0,0,0,0,0,0,-10000,0,0,0,0,10000,-10000,-10000
06382P,大毅元富97售02  ,0,0,0,0,0,0,0,0,0,-10000,0,0,0,0,10000,-10000,-10000
058964,群創兆豐99購01  ,0,0,0,0,0,0,0,0,0,-10000,0,0,0,0,10000,-10000,-10000
05764P,世紀鋼永豐96售03,0,0,0,0,0,0,0,0,0,-10000,0,0,0,0,10000,-10000,-10000
059041,南茂群益99購02  ,0,0,0,0,0,0,0,0,0,-10000,0,0,0,0,10000,-10000,-10000
055934,景碩群益98購03  ,0,0,0,0,0,0,0,0,0,-10000,0,0,0,0,10000,-10000,-10000
2302,麗正            ,1000,11000,-10000,0,0,0,0,0,0,0,0,0,0,0,0,0,-10000
05552P,聯詠群益96售01  ,0,0,0,0,0,0,0,0,0,-10000,0,0,0,0,10000,-10000,-10000
053633,臺股指兆豐96購01,0,0,0,0,0,0,0,0,0,-10000,0,0,0,0,10000,-10000,-10000
05288P,寶成元富95售02  ,0,0,0,0,0,0,0,0,0,-10000,0,0,0,0,10000,-10000,-10000
054738,聯發科凱基97購01,0,0,0,0,0,0,0,0,0,-10000,0,0,0,10000,20000,-10000,-10000
054621,華新科兆豐98購01,0,0,0,0,0,0,0,0,0,-10000,0,0,0,0,10000,-10000,-10000
054294,世芯元大96購02  ,0,0,0,0,0,0,0,0,0,-10000,0,0,0,0,10000,-10000,-10000
054413,台光電元大96購03,0,0,0,0,0,0,0,0,0,-10000,0,0,0,0,10000,-10000,-10000
055377,揚明光元大98購01,0,0,0,0,0,0,0,0,0,-10000,0,0,0,0,10000,-10000,-10000
055399,超眾統一99購01  ,0,0,0,0,0,0,0,0,0,-10000,0,0,0,0,10000,-10000,-10000
05547P,群創元大96售03  ,0,0,0,0,0,0,0,0,0,-10000,0,0,0,0,10000,-10000,-10000
052307,潤泰全國泰96購01,0,0,0,0,0,0,0,0,0,-10000,0,0,0,0,10000,-10000,-10000
052279,旺宏凱基95購07  ,0,0,0,0,0,0,0,0,0,-10000,0,0,0,0,10000,-10000,-10000
053408,友達兆豐98購01  ,0,0,0,0,0,0,0,0,0,-10000,0,0,0,0,10000,-10000,-10000
053409,和碩兆豐96購02  ,0,0,0,0,0,0,0,0,0,-10000,0,0,0,0,10000,-10000,-10000
053436,聯茂日盛96購01  ,0,0,0,0,0,0,0,0,0,-10000,0,0,0,60000,70000,-10000,-10000
055300,緯穎元大98購01  ,0,0,0,0,0,0,0,0,0,-10000,0,0,0,0,10000,-10000,-10000
055337,超眾兆豐98購01  ,0,0,0,0,0,0,0,0,0,-10000,0,0,0,0,10000,-10000,-10000
053465,聯電元大96購05  ,0,0,0,0,0,0,0,0,0,-10000,0,0,0,0,10000,-10000,-10000
053490,為升兆豐97購01  ,0,0,0,0,0,0,0,0,0,-10000,0,0,0,0,10000,-10000,-10000
053495,聯發科兆豐96購02,0,0,0,0,0,0,0,0,0,-10000,0,0,0,0,10000,-10000,-10000
052533,聯發科國泰96購03,0,0,0,0,0,0,0,0,0,-10000,0,0,0,0,10000,-10000,-10000
052324,康友元大96購02  ,0,0,0,0,0,0,0,0,0,-10000,0,0,0,0,10000,-10000,-10000
052400,聯詠凱基97購01  ,0,0,0,0,0,0,0,0,0,-10000,0,0,0,0,10000,-10000,-10000
052624,微星亞東97購01  ,0,0,0,0,0,0,0,0,0,-10000,0,0,0,0,10000,-10000,-10000
052672,世紀鋼群益96購02,0,0,0,0,0,0,0,0,0,-10000,0,0,0,20000,30000,-10000,-10000
052831,華固群益96購01  ,0,0,0,0,0,0,0,0,0,-10000,0,0,0,0,10000,-10000,-10000
052764,景碩群益98購01  ,0,0,0,0,0,0,0,0,0,-10000,0,0,0,0,10000,-10000,-10000
052791,友達兆豐97購01  ,0,0,0,0,0,0,0,0,0,-10000,0,0,0,0,10000,-10000,-10000
052794,群創兆豐97購01  ,0,0,0,0,0,0,0,0,0,-10000,0,0,0,0,10000,-10000,-10000
052797,樺漢兆豐96購01  ,0,0,0,0,0,0,0,0,0,-10000,0,0,0,0,10000,-10000,-10000
053979,健策元大98購01  ,0,0,0,0,0,0,0,0,0,-10000,0,0,0,0,10000,-10000,-10000
059464,台灣50元大9C購08,0,0,0,0,0,0,0,0,0,-10000,0,0,0,0,10000,-10000,-10000
059466,國巨元大99購26  ,0,0,0,0,0,0,0,0,0,-10000,0,0,0,0,10000,-10000,-10000
056751,和大兆豐98購01  ,0,0,0,0,0,0,0,0,0,-10000,0,0,0,0,10000,-10000,-10000
056752,國巨兆豐98購02  ,0,0,0,0,0,0,0,0,0,-10000,0,0,0,0,10000,-10000,-10000
056753,群創兆豐98購02  ,0,0,0,0,0,0,0,0,0,-10000,0,0,0,0,10000,-10000,-10000
056715,瀚宇博永豐98購01,0,0,0,0,0,0,0,0,0,-10000,0,0,0,0,10000,-10000,-10000
056736,國巨凱基99購03  ,0,0,0,0,0,0,0,0,0,-10000,0,0,0,0,10000,-10000,-10000
056722,滬深反中信9B購01,0,0,0,0,0,0,0,0,0,-10000,0,0,0,0,10000,-10000,-10000
058311,緯穎元大99購05  ,0,0,0,0,0,0,0,0,0,-10000,0,0,0,0,10000,-10000,-10000
056991,牧德兆豐98購01  ,0,0,0,0,0,0,0,0,0,-10000,0,0,0,0,10000,-10000,-10000
056925,群創兆豐98購03  ,0,0,0,0,0,0,0,0,0,-10000,0,0,0,0,10000,-10000,-10000
056974,臻鼎永昌9C購01  ,0,0,0,0,0,0,0,0,0,-10000,0,0,0,0,10000,-10000,-10000
05844P,旺宏元大96售07  ,0,0,0,0,0,0,0,0,0,-10000,0,0,0,120000,130000,-10000,-10000
058464,矽創兆豐9A購01  ,0,0,0,0,0,0,0,0,0,-10000,0,0,0,0,10000,-10000,-10000
053945,國巨富邦98購02  ,0,0,0,0,0,0,0,0,0,-10000,0,0,0,0,10000,-10000,-10000
05407P,超眾凱基95售04  ,0,0,0,0,0,0,0,0,0,-10000,0,0,0,0,10000,-10000,-10000
052200,台光電統一95購02,0,0,0,0,0,0,0,0,0,-10000,0,0,0,0,10000,-10000,-10000
054178,中磊台新97購01  ,0,0,0,0,0,0,0,0,0,-10000,0,0,0,0,10000,-10000,-10000
051855,道瓊反凱基97購01,0,0,0,0,0,0,0,0,0,-10000,0,0,0,0,10000,-10000,-10000
055754,和大兆豐97購01  ,0,0,0,0,0,0,0,0,0,-10000,0,0,0,0,10000,-10000,-10000
05201P,玉晶光國泰97售02,0,0,0,0,0,0,0,0,0,-10000,0,0,0,0,10000,-10000,-10000
052071,臺股指兆豐95購01,0,0,0,0,0,0,0,0,0,-10000,0,0,0,0,10000,-10000,-10000
052066,華邦電兆豐96購01,0,0,0,0,0,0,0,0,0,-10000,0,0,0,0,10000,-10000,-10000
054848,群創兆豐98購01  ,0,0,0,0,0,0,0,0,0,-10000,0,0,0,0,10000,-10000,-10000
055089,金寶群益98購01  ,0,0,0,0,0,0,0,0,0,-10000,0,0,0,0,10000,-10000,-10000
055120,南港兆豐97購01  ,0,0,0,0,0,0,0,0,0,-10000,0,0,0,0,10000,-10000,-10000
055033,漢唐富邦98購01  ,0,0,0,0,0,0,0,0,0,-10000,0,0,0,0,10000,-10000,-10000
055245,凱美統一99購01  ,0,0,0,0,0,0,0,0,0,-10000,0,0,0,10000,20000,-10000,-10000
055263,華新科富邦9A購01,0,0,0,0,0,0,0,0,0,-10000,0,0,0,0,10000,-10000,-10000
055133,致新康和97購01  ,0,0,0,0,0,0,0,0,0,-10000,0,0,0,0,10000,-10000,-10000
053279,景碩元大97購01  ,0,0,0,0,0,0,0,0,0,-10000,0,0,0,0,10000,-10000,-10000
052969,建準群益97購01  ,0,0,0,0,0,0,0,0,0,-10000,0,0,0,0,10000,-10000,-10000
053032,國巨兆豐97購02  ,0,0,0,0,0,0,0,0,0,-10000,0,0,0,0,10000,-10000,-10000
053105,鴻海兆豐97購01  ,0,0,0,0,0,0,0,0,0,-10000,0,0,0,0,10000,-10000,-10000
053112,中磊兆豐97購01  ,0,0,0,0,0,0,0,0,0,-10000,0,0,0,0,10000,-10000,-10000
053091,同欣電元大96購01,0,0,0,0,0,0,0,0,0,-10000,0,0,0,0,10000,-10000,-10000
053057,聯電國泰97購02  ,0,0,0,0,0,0,0,0,0,-10000,0,0,0,60000,70000,-10000,-10000
05307P,光寶科中信95售01,0,0,0,0,0,0,0,0,0,-10000,0,0,0,0,10000,-10000,-10000
053081,上銀元大97購02  ,0,0,0,0,0,0,0,0,0,-10000,0,0,0,0,10000,-10000,-10000
050759,貿聯元富94購02  ,0,0,0,0,0,0,0,0,0,-10000,0,0,0,0,10000,-10000,-10000
049128,滬深2X元大97購03,0,0,0,0,0,0,0,0,0,-10000,0,0,0,0,10000,-10000,-10000
049010,台表科麥證95購01,0,0,0,10000,20000,-10000,0,0,0,-10000,0,0,0,10000,20000,-10000,-10000
048947,凌華永豐94購01  ,0,0,0,0,0,0,0,0,0,-10000,0,0,0,0,10000,-10000,-10000
049898,緯穎統一95購01  ,0,0,0,0,0,0,0,0,0,-10000,0,0,0,0,10000,-10000,-10000
04877P,聯發科麥證94售04,0,0,0,0,10000,-10000,0,0,0,-10000,0,0,0,0,10000,-10000,-10000
050381,鴻海兆豐94購01  ,0,0,0,0,0,0,0,0,0,-10000,0,0,0,0,10000,-10000,-10000
049425,喬山兆豐95購01  ,0,0,0,0,0,0,0,0,0,-10000,0,0,0,0,10000,-10000,-10000
049524,可成兆豐95購02  ,0,0,0,0,0,0,0,0,0,-10000,0,0,0,0,10000,-10000,-10000
051569,緯創富邦95購02  ,0,0,0,0,0,0,0,0,0,-10000,0,0,0,0,10000,-10000,-10000
04968P,台積電富邦94售06,0,0,0,0,0,0,0,0,0,-10000,0,0,0,0,10000,-10000,-10000
051661,華新科永昌96購01,0,0,0,0,0,0,0,0,0,-10000,0,0,0,0,10000,-10000,-10000
051599,健鼎兆豐95購02  ,0,0,0,0,0,0,0,0,0,-10000,0,0,0,0,10000,-10000,-10000
046599,S&P反1群益93購01,0,0,0,0,0,0,0,0,0,-10000,0,0,0,0,10000,-10000,-10000
047184,漢唐元大94購02  ,0,0,0,0,0,0,0,0,0,-10000,0,0,0,0,10000,-10000,-10000
047210,漢唐富邦95購01  ,0,0,0,0,0,0,0,0,0,-10000,0,0,0,0,10000,-10000,-10000
03035X,元展32          ,0,0,0,0,0,0,0,0,0,-10000,0,0,0,0,10000,-10000,-10000
047733,友達兆豐95購01  ,0,0,0,0,0,0,0,0,0,-10000,0,0,0,0,10000,-10000,-10000
04768P,大立光國泰96售03,0,0,0,0,0,0,0,0,0,-10000,0,0,0,0,10000,-10000,-10000
03497P,金像電凱基02售06,0,0,0,0,0,0,0,0,0,-10000,0,0,0,0,10000,-10000,-10000
03647P,京元電元富95售02,0,0,0,0,0,0,0,0,0,-10000,0,0,0,0,10000,-10000,-10000
03431B,元油2X凱基9B熊03,0,0,0,0,0,0,0,0,0,-10000,0,0,0,0,10000,-10000,-10000
03421B,臺股指元大99熊01,0,0,0,0,0,0,0,0,0,-10000,0,0,0,0,10000,-10000,-10000
03413B,臺股指凱基94熊19,0,0,0,0,0,0,0,0,0,-10000,0,0,0,5000,15000,-10000,-10000
051512,超眾麥證95購01  ,0,0,0,0,10000,-10000,0,0,0,-10000,0,0,0,0,10000,-10000,-10000
048026,瑞昱凱基94購01  ,0,0,0,0,0,0,0,0,0,-10000,0,0,0,0,10000,-10000,-10000
05149P,緯穎國泰96售01  ,0,0,0,0,0,0,0,0,0,-10000,0,0,0,0,10000,-10000,-10000
051393,新光金兆豐96購01,0,0,0,0,0,0,0,0,0,-10000,0,0,0,0,10000,-10000,-10000
051251,信邦元大95購01  ,0,0,0,0,0,0,0,0,0,-10000,0,0,0,0,10000,-10000,-10000
051189,鴻海兆豐96購01  ,0,0,0,0,0,0,0,0,0,-10000,0,0,0,0,10000,-10000,-10000
04177P,富邦金元大94售01,0,0,0,0,0,0,0,0,0,-10000,0,0,0,0,10000,-10000,-10000
04189P,台積電兆豐94售02,0,0,0,0,0,0,0,0,0,-10000,0,0,0,0,10000,-10000,-10000
04250P,嘉晶統一95售02  ,0,0,0,0,0,0,0,0,0,-10000,0,0,0,0,10000,-10000,-10000
03675C,臺股指元大04牛02,0,0,0,0,0,0,0,0,0,-10000,0,0,0,40000,50000,-10000,-10000
04400P,台積電兆豐95售02,0,0,0,0,0,0,0,0,0,-10000,0,0,0,0,10000,-10000,-10000
04373P,滬深2X元大97售01,0,0,0,0,0,0,0,0,0,-10000,0,0,0,50000,60000,-10000,-10000
04346P,大立光兆豐95售02,0,0,0,0,0,0,0,0,0,-10000,0,0,0,0,10000,-10000,-10000
04552P,南電元大94售06  ,0,0,0,0,0,0,0,0,0,-10000,0,0,0,0,10000,-10000,-10000
045572,元油2X元大98購01,0,0,0,0,0,0,0,0,0,-10000,0,0,0,0,10000,-10000,-10000
04496P,國巨國泰96售02  ,0,0,0,0,0,0,0,0,0,-10000,0,0,0,0,10000,-10000,-10000
044871,國巨統一93購05  ,0,0,0,0,0,0,0,0,0,-10000,0,0,0,0,10000,-10000,-10000
07166P,台灣50兆豐03售01,0,0,0,0,0,0,0,0,0,-10000,0,0,0,0,10000,-10000,-10000
07218P,臺股指凱基99售31,0,0,0,0,0,0,0,0,0,-10000,0,0,0,734000,744000,-10000,-10000
5283,禾聯碩          ,37000,49000,-12000,0,0,0,0,0,0,2000,0,0,0,2000,0,2000,-10000
1436,華友聯          ,1000,11000,-10000,0,0,0,0,0,0,0,0,0,0,0,0,0,-10000
07285P,上証2X群益01售02,0,0,0,0,0,0,0,0,0,-10000,0,0,0,0,10000,-10000,-10000
07295P,滬深2X元富9C售09,0,0,0,0,0,0,0,0,0,-10000,0,0,0,0,10000,-10000,-10000
2305,全友            ,0,11000,-11000,0,0,0,0,0,0,0,0,0,0,0,0,0,-11000
2436,偉詮電          ,136000,138000,-2000,0,0,0,0,0,0,-9000,0,9000,-9000,0,0,0,-11000
2465,麗臺            ,0,11000,-11000,0,0,0,0,0,0,0,0,0,0,0,0,0,-11000
057366,智邦元大98購08  ,0,0,0,0,0,0,0,0,0,-11000,0,0,0,10000,21000,-11000,-11000
058933,FBVIX台新9B購01 ,0,0,0,0,0,0,0,0,0,-11000,0,0,0,7000,18000,-11000,-11000
06160P,台達電群益97售01,0,0,0,0,0,0,0,0,0,-11000,0,0,0,0,11000,-11000,-11000
058896,中環元大99購03  ,0,0,0,0,0,0,0,0,0,-11000,0,0,0,0,11000,-11000,-11000
06239P,奇力新元大97售08,0,0,0,0,0,0,0,0,0,-11000,0,0,0,5000,16000,-11000,-11000
059342,聯發科凱基9A購05,0,0,0,0,0,0,0,0,0,-11000,0,0,0,0,11000,-11000,-11000
056141,聯茂元大97購05  ,0,0,0,0,0,0,0,0,0,-11000,0,0,0,10000,21000,-11000,-11000
05991P,聯茂群益96售05  ,0,0,0,0,0,0,0,0,0,-11000,0,0,0,0,11000,-11000,-11000
059077,FBVIX元大99購05 ,0,0,0,0,0,0,0,0,0,-11000,0,0,0,1000,12000,-11000,-11000
057194,南電元大98購01  ,0,0,0,0,0,0,0,0,0,-11000,0,0,0,0,11000,-11000,-11000
058038,滬深反元大98購01,0,0,0,0,0,0,0,0,0,-11000,0,0,0,0,11000,-11000,-11000
047410,上銀元富96購01  ,0,0,0,0,0,0,0,0,0,-11000,0,0,0,0,11000,-11000,-11000
05299P,旺宏元大95售04  ,0,0,0,0,0,0,0,0,0,-11000,0,0,0,0,11000,-11000,-11000
05331P,上証2X國票96售01,0,0,0,0,0,0,0,0,0,-11000,0,0,0,10000,21000,-11000,-11000
054967,神達元大97購01  ,0,0,0,0,0,0,0,0,0,-11000,0,0,0,10000,21000,-11000,-11000
051918,聯茂元大95購01  ,0,0,0,0,0,0,0,0,0,-11000,0,0,0,0,11000,-11000,-11000
07265P,大立光元大99售16,0,0,0,0,0,0,0,0,0,-11000,0,0,0,0,11000,-11000,-11000
6128,上福            ,9000,11000,-2000,0,0,0,0,0,0,-9000,0,9000,-9000,0,0,0,-11000
6449,鈺邦            ,18000,29000,-11000,0,0,0,0,0,0,0,0,0,0,0,0,0,-11000
4722,國精化          ,1000,12000,-11000,0,0,0,0,0,0,0,0,0,0,0,0,0,-11000
3167,大量            ,12000,20000,-8000,0,0,0,0,0,0,-3000,0,3000,-3000,0,0,0,-11000
058015,旺宏凱基99購02  ,0,0,0,0,0,0,0,0,0,-12000,0,0,0,0,12000,-12000,-12000
059536,新光金凱基99購05,0,0,0,0,0,0,0,0,0,-12000,0,0,0,30000,42000,-12000,-12000
057179,可成元大98購04  ,0,0,0,0,0,0,0,0,0,-12000,0,0,0,11000,23000,-12000,-12000
057198,智伸科統一9B購01,0,0,0,0,0,0,0,0,0,-12000,0,0,0,0,12000,-12000,-12000
057172,南亞科元大98購03,0,0,0,0,0,0,0,0,0,-12000,0,0,0,20000,32000,-12000,-12000
059740,瑞昱元富99購02  ,0,0,0,0,0,0,0,0,0,-12000,0,0,0,0,12000,-12000,-12000
058801,致伸元大99購01  ,0,0,0,0,0,0,0,0,0,-12000,0,0,0,0,12000,-12000,-12000
07149P,健鼎元大99售03  ,0,0,0,0,0,0,0,0,0,-12000,0,0,0,0,12000,-12000,-12000
056289,合勤控永豐97購01,0,0,0,0,0,0,0,0,0,-12000,0,0,0,2000,14000,-12000,-12000
055989,矽力元富9A購01  ,0,0,0,0,0,0,0,0,0,-12000,0,0,0,0,12000,-12000,-12000
059007,南電元大99購05  ,0,0,0,0,0,0,0,0,0,-12000,0,0,0,8000,20000,-12000,-12000
3305,昇貿            ,15000,27000,-12000,0,0,0,0,0,0,0,0,0,0,0,0,0,-12000
2233,宇隆            ,29000,41000,-12000,0,0,0,0,0,0,0,0,0,0,0,0,0,-12000
2009,第一銅          ,5000,17000,-12000,0,0,0,0,0,0,0,0,0,0,0,0,0,-12000
2832,台產            ,33000,45000,-12000,0,0,0,0,0,0,0,0,0,0,0,0,0,-12000
05565P,鎧勝元大96售01  ,0,0,0,0,0,0,0,0,0,-12000,0,0,0,25000,37000,-12000,-12000
058452,義隆永豐99購02  ,0,0,0,0,0,0,0,0,0,-12000,0,0,0,0,12000,-12000,-12000
056709,華通永豐98購01  ,0,0,0,0,0,0,0,0,0,-12000,0,0,0,54000,66000,-12000,-12000
052781,瀚宇博國票97購03,0,0,0,0,0,0,0,0,0,-12000,0,0,0,0,12000,-12000,-12000
055625,亞光富邦98購01  ,0,0,0,0,0,0,0,0,0,-12000,0,0,0,0,12000,-12000,-12000
051690,超眾凱基95購03  ,0,0,0,0,0,0,0,0,0,-12000,0,0,0,0,12000,-12000,-12000
048976,華擎元大94購01  ,0,0,0,0,0,0,0,0,0,-12000,0,0,0,0,12000,-12000,-12000
04713P,創意元大95售01  ,0,0,0,0,0,0,0,0,0,-12000,0,0,0,3000,15000,-12000,-12000
03415B,臺股指元大93熊49,0,0,0,0,0,0,0,0,0,-12000,0,0,0,0,12000,-12000,-12000
6582,申豐            ,15000,27000,-12000,0,0,0,0,0,0,0,0,0,0,0,0,0,-12000
8473,山林水          ,17000,32000,-15000,0,0,0,0,0,0,3000,3000,0,3000,0,0,0,-12000
07313P,台灣50元大99售11,0,0,0,0,0,0,0,0,0,-12000,0,0,0,0,12000,-12000,-12000
1231,聯華食          ,46000,66000,-20000,0,0,0,0,0,0,8000,8000,0,8000,0,0,0,-12000
6573,虹揚-KY         ,2000,14249,-12249,0,0,0,0,0,0,0,0,0,0,0,0,0,-12249
1701,中化            ,424000,437000,-13000,0,0,0,0,0,0,0,0,0,0,0,0,0,-13000
056495,泰鼎國泰99購01  ,0,0,0,0,0,0,0,0,0,-13000,0,0,0,0,13000,-13000,-13000
059722,南亞科元大99購02,0,0,0,0,0,0,0,0,0,-13000,0,0,0,0,13000,-13000,-13000
06094P,台達電中信97售01,0,0,0,0,0,0,0,0,0,-13000,0,0,0,0,13000,-13000,-13000
06975P,臺股指元大9A售13,0,0,0,0,0,0,0,0,0,-13000,0,0,0,1000,14000,-13000,-13000
06904P,TPK凱基98售03   ,0,0,0,0,0,0,0,0,0,-13000,0,0,0,0,13000,-13000,-13000
05817P,可成凱基96售07  ,0,0,0,0,0,0,0,0,0,-13000,0,0,0,9000,22000,-13000,-13000
058204,世芯凱基9A購01  ,0,0,0,0,0,0,0,0,0,-13000,0,0,0,0,13000,-13000,-13000
058147,鈺齊元大99購01  ,0,0,0,0,0,0,0,0,0,-13000,0,0,0,0,13000,-13000,-13000
03638C,T50反1元大94牛03,0,0,0,0,0,0,0,0,0,-13000,0,0,0,32000,45000,-13000,-13000
046813,聯電凱基96購01  ,0,0,0,0,0,0,0,0,0,-13000,0,0,0,35000,48000,-13000,-13000
00743,國泰中國A150    ,0,197000,-197000,0,0,0,0,0,0,184000,0,0,0,197000,13000,184000,-13000
04845P,台積電凱基94售33,0,0,0,0,0,0,0,0,0,-13000,0,0,0,7000,20000,-13000,-13000
053149,京元電元大96購02,0,0,0,0,0,0,0,0,0,-13000,0,0,0,20000,33000,-13000,-13000
6184,大豐電          ,19000,32000,-13000,0,0,0,0,0,0,0,0,0,0,0,0,0,-13000
07268P,臺股指元大99售24,0,0,0,0,0,0,0,0,0,-13000,0,0,0,0,13000,-13000,-13000
058053,上銀統一9B購01  ,0,0,0,0,0,0,0,0,0,-14000,0,0,0,0,14000,-14000,-14000
06849P,欣興元大98售12  ,0,0,0,0,0,0,0,0,0,-14000,0,0,0,0,14000,-14000,-14000
06780P,義隆元大98售02  ,0,0,0,0,0,0,0,0,0,-14000,0,0,0,0,14000,-14000,-14000
059076,FBVIX元大99購04 ,0,0,0,0,0,0,0,0,0,-14000,0,0,0,1000,15000,-14000,-14000
059126,臺指反中信9B購01,0,0,0,0,0,0,0,0,0,-14000,0,0,0,1000,15000,-14000,-14000
059327,南茂元大99購01  ,0,0,0,0,0,0,0,0,0,-14000,0,0,0,38000,52000,-14000,-14000
057260,微星兆豐98購01  ,0,0,0,0,0,0,0,0,0,-14000,0,0,0,46000,60000,-14000,-14000
057619,玉晶光凱基98購02,0,0,0,0,0,0,0,0,0,-14000,0,0,0,18000,32000,-14000,-14000
2506,太設            ,0,14000,-14000,0,0,0,0,0,0,0,0,0,0,0,0,0,-14000
050411,聯發科永豐94購05,0,0,0,0,0,0,0,0,0,-14000,0,0,0,0,14000,-14000,-14000
052682,上銀元大97購01  ,0,0,0,0,0,0,0,0,0,-14000,0,0,0,1000,15000,-14000,-14000
1423,利華            ,0,14000,-14000,0,0,0,0,0,0,0,0,0,0,0,0,0,-14000
3454,晶睿            ,35000,46000,-11000,0,0,0,0,1000,-1000,-2000,0,2000,-2000,0,0,0,-14000
5515,建國            ,44000,58000,-14000,0,0,0,0,0,0,0,0,0,0,0,0,0,-14000
07221P,臺股指中信9B售04,0,0,0,0,0,0,0,0,0,-14000,0,0,0,5000,19000,-14000,-14000
9902,台火            ,0,13000,-13000,0,0,0,0,0,0,-1000,0,1000,-1000,0,0,0,-14000
3044,健鼎            ,1499000,1687000,-188000,0,0,0,191770,2000,189770,-16000,13000,28000,-15000,6000,7000,-1000,-14230
057556,智易凱基99購01  ,0,0,0,0,0,0,0,0,0,-15000,0,0,0,0,15000,-15000,-15000
07084P,S&P正2元富9B售02,0,0,0,0,0,0,0,0,0,-15000,0,0,0,0,15000,-15000,-15000
059272,台灣50元大99購01,0,0,0,0,0,0,0,0,0,-15000,0,0,0,1000,16000,-15000,-15000
059172,台郡凱基99購03  ,0,0,0,0,0,0,0,0,0,-15000,0,0,0,0,15000,-15000,-15000
06720P,智邦亞東99售01  ,0,0,0,0,0,0,0,0,0,-15000,0,0,0,0,15000,-15000,-15000
059101,康控統一9A購01  ,0,0,0,0,0,0,0,0,0,-15000,0,0,0,0,15000,-15000,-15000
05976P,國巨凱基96售14  ,0,0,0,0,0,0,0,0,0,-15000,0,0,0,0,15000,-15000,-15000
06896P,信邦中信98售01  ,0,0,0,0,0,0,0,0,0,-15000,0,0,0,2000,17000,-15000,-15000
058716,華新科台新99購02,0,0,0,0,0,0,0,0,0,-15000,0,0,0,0,15000,-15000,-15000
059628,智邦凱基99購04  ,0,0,0,0,0,0,0,0,0,-15000,0,0,0,49000,64000,-15000,-15000
058518,玉晶光元大99購13,0,0,0,0,0,0,0,0,0,-15000,0,0,0,0,15000,-15000,-15000
059550,台灣50日盛99購02,0,0,0,0,0,0,0,0,0,-15000,0,0,0,0,15000,-15000,-15000
052261,台泥第一95購01  ,0,0,0,0,0,0,0,0,0,-15000,0,0,0,0,15000,-15000,-15000
055376,群創元大01購01  ,0,0,0,0,0,0,0,0,0,-15000,0,0,0,0,15000,-15000,-15000
055620,樺漢國票98購01  ,0,0,0,0,0,0,0,0,0,-15000,0,0,0,0,15000,-15000,-15000
054412,智邦元大96購03  ,0,0,0,0,0,0,0,0,0,-15000,0,0,0,5000,20000,-15000,-15000
05460P,台郡凱基95售05  ,0,0,0,0,0,0,0,0,0,-15000,0,0,0,0,15000,-15000,-15000
058274,世紀鋼永豐99購01,0,0,0,0,0,0,0,0,0,-15000,0,0,0,0,15000,-15000,-15000
056961,凱美永豐98購01  ,0,0,0,0,0,0,0,0,0,-15000,0,0,0,0,15000,-15000,-15000
055713,國巨元大98購09  ,0,0,0,0,0,0,0,0,0,-15000,0,0,0,0,15000,-15000,-15000
054789,高鐵群益98購01  ,0,0,0,0,0,0,0,0,0,-15000,0,0,0,0,15000,-15000,-15000
052054,台表科凱基96購01,0,0,0,0,0,0,0,0,0,-15000,0,0,0,0,15000,-15000,-15000
053905,華新科凱基96購10,0,0,0,0,0,0,0,0,0,-15000,0,0,0,0,15000,-15000,-15000
055090,國巨群益97購03  ,0,0,0,0,0,0,0,0,0,-15000,0,0,0,0,15000,-15000,-15000
046906,新光金凱基99購02,0,0,0,0,0,0,0,0,0,-15000,0,0,0,10000,25000,-15000,-15000
03437B,臺股指元富9C熊01,0,0,0,0,0,0,0,0,0,-15000,0,0,0,0,15000,-15000,-15000
07266P,大立光元大99售19,0,0,0,0,0,0,0,0,0,-15000,0,0,0,0,15000,-15000,-15000
07289P,台灣50凱基99售07,0,0,0,0,0,0,0,0,0,-15000,0,0,0,5000,20000,-15000,-15000
3557,嘉威            ,6000,21000,-15000,0,0,0,0,0,0,0,0,0,0,0,0,0,-15000
6115,鎰勝            ,13000,28000,-15000,0,0,0,0,0,0,0,0,0,0,0,0,0,-15000
07192P,聯發科元大99售23,0,0,0,0,0,0,0,0,0,-15000,0,0,0,0,15000,-15000,-15000
06645P,上銀元大98售05  ,0,0,0,0,0,0,0,0,0,-16000,0,0,0,0,16000,-16000,-16000
057956,全新元大99購04  ,0,0,0,0,0,0,0,0,0,-16000,0,0,0,2000,18000,-16000,-16000
059069,臺指反元大9C購01,0,0,0,0,0,0,0,0,0,-16000,0,0,0,0,16000,-16000,-16000
057118,欣興日盛9A購01  ,0,0,0,0,0,0,0,0,0,-16000,0,0,0,10000,26000,-16000,-16000
056658,美食元大98購01  ,0,0,0,0,0,0,0,0,0,-16000,0,0,0,14000,30000,-16000,-16000
2530,華建            ,0,16000,-16000,0,0,0,0,0,0,0,0,0,0,0,0,0,-16000
04507P,台光電元大94售03,0,0,0,0,0,0,0,0,0,-16000,0,0,0,0,16000,-16000,-16000
053875,GIS元大97購01   ,0,0,0,0,0,0,0,0,0,-16000,0,0,0,218000,234000,-16000,-16000
056902,大立光元大98購12,0,0,0,0,0,0,0,0,0,-16000,0,0,0,4000,20000,-16000,-16000
053718,全新凱基97購02  ,0,0,0,0,0,0,0,0,0,-16000,0,0,0,0,16000,-16000,-16000
5288,豐祥-KY         ,32000,49000,-17000,0,0,0,0,0,0,1000,1000,0,1000,0,0,0,-16000
3416,融程電          ,0,16000,-16000,0,0,0,0,0,0,0,0,0,0,0,0,0,-16000
1234,黑松            ,12000,28000,-16000,0,0,0,0,0,0,0,0,0,0,0,0,0,-16000
1909,榮成            ,1330939,611000,719939,0,0,0,0,5000,-5000,-731000,0,659000,-659000,8000,80000,-72000,-16061
2608,嘉里大榮        ,75000,96000,-21000,0,0,0,12749,0,12749,-8000,0,8000,-8000,0,0,0,-16251
6409,旭隼            ,126000,142000,-16000,0,0,0,1422,0,1422,-2000,0,2000,-2000,0,0,0,-16578
057493,聯詠元大98購02  ,0,0,0,0,0,0,0,0,0,-17000,0,0,0,146000,163000,-17000,-17000
06152P,玉晶光元大98售06,0,0,0,0,0,0,0,0,0,-17000,0,0,0,10000,27000,-17000,-17000
057060,緯穎元大98購05  ,0,0,0,0,0,0,0,0,0,-17000,0,0,0,20000,37000,-17000,-17000
057028,台郡凱基99購02  ,0,0,0,0,0,0,0,0,0,-17000,0,0,0,0,17000,-17000,-17000
06883P,聯茂群益98售03  ,0,0,0,0,0,0,0,0,0,-17000,0,0,0,0,17000,-17000,-17000
059656,T50反1元大99購11,0,0,0,0,0,0,0,0,0,-17000,0,0,0,315000,332000,-17000,-17000
055728,緯穎元大97購03  ,0,0,0,0,0,0,0,0,0,-17000,0,0,0,10000,27000,-17000,-17000
04517P,宏達電群益95售01,0,0,0,0,0,0,0,0,0,-17000,0,0,0,3000,20000,-17000,-17000
00709,富邦歐洲        ,0,0,0,0,0,0,0,0,0,-17000,0,0,0,100000,117000,-17000,-17000
4148,全宇生技-KY     ,1000,18000,-17000,0,0,0,0,0,0,0,0,0,0,0,0,0,-17000
4912,聯德控股-KY     ,17000,34000,-17000,0,0,0,0,0,0,0,0,0,0,0,0,0,-17000
1609,大亞            ,447000,445000,2000,0,0,0,0,0,0,-19000,0,19000,-19000,0,0,0,-17000
1589,永冠-KY         ,82000,97000,-15000,0,0,0,0,0,0,-2000,0,2000,-2000,0,0,0,-17000
059521,南電永豐99購03  ,0,0,0,0,0,0,0,0,0,-18000,0,0,0,0,18000,-18000,-18000
059094,臻鼎元大99購03  ,0,0,0,0,0,0,0,0,0,-18000,0,0,0,2000,20000,-18000,-18000
059392,臺股指凱基99購38,0,0,0,0,0,0,0,0,0,-18000,0,0,0,0,18000,-18000,-18000
058790,楠梓電元大99購03,0,0,0,0,0,0,0,0,0,-18000,0,0,0,12000,30000,-18000,-18000
058955,台積電國票9A購04,0,0,0,0,0,0,0,0,0,-18000,0,0,0,133000,151000,-18000,-18000
056350,上銀元大98購02  ,0,0,0,0,0,0,0,0,0,-18000,0,0,0,0,18000,-18000,-18000
2731,雄獅            ,32000,50000,-18000,0,0,0,0,0,0,0,0,0,0,0,0,0,-18000
06332P,世紀鋼群益98售01,0,0,0,0,0,0,0,0,0,-18000,0,0,0,13000,31000,-18000,-18000
04769P,高股息元大94售01,0,0,0,0,0,0,0,0,0,-18000,0,0,0,10000,28000,-18000,-18000
03676C,臺股指元大04牛03,0,0,0,0,0,0,0,0,0,-18000,0,0,0,23000,41000,-18000,-18000
048179,臻鼎富邦97購01  ,0,0,0,0,0,0,0,0,0,-18000,0,0,0,0,18000,-18000,-18000
055248,可成統一97購02  ,0,0,0,0,0,0,0,0,0,-18000,0,0,0,0,18000,-18000,-18000
059427,國巨元大99購24  ,0,0,0,0,0,0,0,0,0,-18000,0,0,0,2000,20000,-18000,-18000
07248P,可成凱基99售06  ,0,0,0,0,0,0,0,0,0,-18000,0,0,0,0,18000,-18000,-18000
5285,界霖            ,24000,42000,-18000,0,0,0,0,0,0,0,0,0,0,0,0,0,-18000
9136,巨騰-DR         ,2000,20000,-18000,0,0,0,0,0,0,0,0,0,0,0,0,0,-18000
2414,精技            ,26000,44190,-18190,0,0,0,0,0,0,0,0,0,0,0,0,0,-18190
2891B,中信金乙特      ,0,0,0,0,0,0,0,19000,-19000,0,0,0,0,0,0,0,-19000
2017,官田鋼          ,0,19000,-19000,0,0,0,0,0,0,0,0,0,0,0,0,0,-19000
2524,京城            ,33000,42000,-9000,0,0,0,0,7000,-7000,-3000,0,3000,-3000,0,0,0,-19000
07150P,和碩元大99售01  ,0,0,0,0,0,0,0,0,0,-19000,0,0,0,19000,38000,-19000,-19000
05912P,和大元大96售01  ,0,0,0,0,0,0,0,0,0,-19000,0,0,0,12000,31000,-19000,-19000
06808P,電子類群益98售02,0,0,0,0,0,0,0,0,0,-19000,0,0,0,0,19000,-19000,-19000
059567,台積電凱基9A購12,0,0,0,0,0,0,0,0,0,-19000,0,0,0,527000,546000,-19000,-19000
056776,聯茂元大99購01  ,0,0,0,0,0,0,0,0,0,-19000,0,0,0,1000,20000,-19000,-19000
05205P,緯穎元大95售03  ,0,0,0,0,0,0,0,0,0,-19000,0,0,0,81000,100000,-19000,-19000
055270,上銀元大97購03  ,0,0,0,0,0,0,0,0,0,-19000,0,0,0,1000,20000,-19000,-19000
055136,聯發科富邦99購06,0,0,0,0,0,0,0,0,0,-19000,0,0,0,0,19000,-19000,-19000
4137,麗豐-KY         ,141000,133000,8000,0,0,0,0,0,0,-27000,2000,30000,-28000,1000,0,1000,-19000
07267P,臺股指元大99售23,0,0,0,0,0,0,0,0,0,-19000,0,0,0,0,19000,-19000,-19000
058599,T50反1元大99購05,0,0,0,0,0,0,0,0,0,-20000,0,0,0,0,20000,-20000,-20000
05782P,聯詠元富96售02  ,0,0,0,0,0,0,0,0,0,-20000,0,0,0,0,20000,-20000,-20000
059528,華新科凱基99購06,0,0,0,0,0,0,0,0,0,-20000,0,0,0,17000,37000,-20000,-20000
059644,茂林凱基99購03  ,0,0,0,0,0,0,0,0,0,-20000,0,0,0,0,20000,-20000,-20000
059682,可成富邦9A購01  ,0,0,0,0,0,0,0,0,0,-20000,0,0,0,56000,76000,-20000,-20000
06922P,元上證群益9C售01,0,0,0,0,0,0,0,0,0,-20000,0,0,0,0,20000,-20000,-20000
059123,訊芯永豐99購03  ,0,0,0,0,0,0,0,0,0,-20000,0,0,0,0,20000,-20000,-20000
06086P,台積電康和97售01,0,0,0,0,0,0,0,0,0,-20000,0,0,0,0,20000,-20000,-20000
059381,TPK亞東99購01   ,0,0,0,0,0,0,0,0,0,-20000,0,0,0,0,20000,-20000,-20000
06016P,京元電凱基96售03,0,0,0,0,0,0,0,0,0,-20000,0,0,0,0,20000,-20000,-20000
057803,上銀元大98購08  ,0,0,0,0,0,0,0,0,0,-20000,0,0,0,0,20000,-20000,-20000
059198,華新科永豐99購06,0,0,0,0,0,0,0,0,0,-20000,0,0,0,75000,95000,-20000,-20000
059231,華通國票9A購04  ,0,0,0,0,0,0,0,0,0,-20000,0,0,0,0,20000,-20000,-20000
059318,旺宏元大99購13  ,0,0,0,0,0,0,0,0,0,-20000,0,0,0,0,20000,-20000,-20000
056676,國產元富98購01  ,0,0,0,0,0,0,0,0,0,-20000,0,0,0,0,20000,-20000,-20000
05580P,美律凱基96售03  ,0,0,0,0,0,0,0,0,0,-20000,0,0,0,0,20000,-20000,-20000
055898,訊芯第一97購01  ,0,0,0,0,0,0,0,0,0,-20000,0,0,0,0,20000,-20000,-20000
07133P,臺股指元大9A售27,0,0,0,0,0,0,0,0,0,-20000,0,0,0,0,20000,-20000,-20000
06483P,聯發科凱基98售10,0,0,0,0,0,0,0,0,0,-20000,0,0,0,15000,35000,-20000,-20000
057575,世紀鋼永豐98購02,0,0,0,0,0,0,0,0,0,-20000,0,0,0,0,20000,-20000,-20000
059031,元石油中信03購01,0,0,0,0,0,0,0,0,0,-20000,0,0,0,0,20000,-20000,-20000
057648,和碩元大98購01  ,0,0,0,0,0,0,0,0,0,-20000,0,0,0,0,20000,-20000,-20000
1720,生達            ,60000,80000,-20000,0,0,0,0,0,0,0,0,0,0,0,0,0,-20000
053280,群創元大9C購01  ,0,0,0,0,0,0,0,0,0,-20000,0,0,0,0,20000,-20000,-20000
050634,華新科群益96購01,0,0,0,0,0,0,0,0,0,-20000,0,0,0,47000,67000,-20000,-20000
047969,台達電富邦97購01,0,0,0,0,0,0,0,0,0,-20000,0,0,0,0,20000,-20000,-20000
03674C,臺股指元富9C牛02,0,0,0,0,0,0,0,0,0,-20000,0,0,0,2000,22000,-20000,-20000
03252P,台積電台新02售01,0,0,0,0,0,0,0,0,0,-20000,0,0,0,0,20000,-20000,-20000
04744P,臻鼎元富94售04  ,0,0,0,0,0,0,0,0,0,-20000,0,0,0,0,20000,-20000,-20000
03020X,元展20          ,0,0,0,0,0,0,0,0,0,-20000,0,0,0,0,20000,-20000,-20000
00770,國泰北美科技    ,2000,0,2000,0,0,0,0,0,0,-22000,0,0,0,4000,26000,-22000,-20000
05576P,群創日盛99售02  ,0,0,0,0,0,0,0,0,0,-20000,0,0,0,0,20000,-20000,-20000
054900,金寶康和97購01  ,0,0,0,0,0,0,0,0,0,-20000,0,0,0,0,20000,-20000,-20000
056819,奇力新永豐98購01,0,0,0,0,0,0,0,0,0,-20000,0,0,0,0,20000,-20000,-20000
059470,華新科元大99購16,0,0,0,0,0,0,0,0,0,-20000,0,0,0,10000,30000,-20000,-20000
058430,滬深2X統一99購02,0,0,0,0,0,0,0,0,0,-20000,0,0,0,0,20000,-20000,-20000
052927,友達元大98購02  ,0,0,0,0,0,0,0,0,0,-20000,0,0,0,0,20000,-20000,-20000
054680,華新科康和97購02,0,0,0,0,0,0,0,0,0,-20000,0,0,0,0,20000,-20000,-20000
054451,上銀亞東98購01  ,0,0,0,0,0,0,0,0,0,-20000,0,0,0,160000,180000,-20000,-20000
055297,啟碁元大97購01  ,0,0,0,0,0,0,0,0,0,-20000,0,0,0,0,20000,-20000,-20000
052744,聯詠元大97購01  ,0,0,0,0,0,0,0,0,0,-20000,0,0,0,0,20000,-20000,-20000
07242P,台灣50凱基9A售03,0,0,0,0,0,0,0,0,0,-20000,0,0,0,0,20000,-20000,-20000
6541,泰福-KY         ,90447,111000,-20553,0,0,0,0,0,0,0,0,0,0,0,0,0,-20553
2359,所羅門          ,92000,113000,-21000,0,0,0,0,0,0,0,0,0,0,0,0,0,-21000
2929,淘帝-KY         ,303000,324000,-21000,0,0,0,0,0,0,0,0,0,0,0,0,0,-21000
059033,元油2X群益9C購05,0,0,0,0,0,0,0,0,0,-21000,0,0,0,68000,89000,-21000,-21000
058740,T50反1日盛9B購02,0,0,0,0,0,0,0,0,0,-21000,0,0,0,0,21000,-21000,-21000
057405,麗豐群益98購01  ,0,0,0,0,0,0,0,0,0,-21000,0,0,0,0,21000,-21000,-21000
059735,T50反1元富99購06,0,0,0,0,0,0,0,0,0,-21000,0,0,0,0,21000,-21000,-21000
059393,臺股指凱基99購39,0,0,0,0,0,0,0,0,0,-21000,0,0,0,3000,24000,-21000,-21000
059415,台灣50元大9A購03,0,0,0,0,0,0,0,0,0,-21000,0,0,0,6000,27000,-21000,-21000
058290,南電國票9A購01  ,0,0,0,0,0,0,0,0,0,-21000,0,0,0,0,21000,-21000,-21000
055776,宏達電凱基98購02,0,0,0,0,0,0,0,0,0,-21000,0,0,0,22000,43000,-21000,-21000
054186,高鐵永豐96購01  ,0,0,0,0,0,0,0,0,0,-21000,0,0,0,0,21000,-21000,-21000
054978,堤維西元富97購01,0,0,0,0,0,0,0,0,0,-21000,0,0,0,0,21000,-21000,-21000
050343,鴻海元富94購01  ,0,0,0,0,0,0,0,0,0,-21000,0,0,0,0,21000,-21000,-21000
048870,義隆國票96購01  ,0,0,0,0,0,0,0,0,0,-21000,0,0,0,0,21000,-21000,-21000
910322,康師傅-DR       ,0,21000,-21000,0,0,0,0,0,0,0,0,0,0,0,0,0,-21000
1514,亞力            ,219000,240000,-21000,0,0,0,0,0,0,0,0,0,0,0,0,0,-21000
059359,精元永豐99購01  ,0,0,0,0,0,0,0,0,0,-22000,0,0,0,75000,97000,-22000,-22000
06734P,智邦凱基98售05  ,0,0,0,0,0,0,0,0,0,-22000,0,0,0,0,22000,-22000,-22000
059332,台灣50國票9A購07,0,0,0,0,0,0,0,0,0,-22000,0,0,0,5000,27000,-22000,-22000
059147,矽創國票99購01  ,0,0,0,0,0,0,0,0,0,-22000,0,0,0,44000,66000,-22000,-22000
056061,國泰金元大97購02,0,0,0,0,0,0,0,0,0,-22000,0,0,0,10000,32000,-22000,-22000
057926,帆宣凱基98購02  ,0,0,0,0,0,0,0,0,0,-22000,0,0,0,0,22000,-22000,-22000
06705P,臻鼎元富98售03  ,0,0,0,0,0,0,0,0,0,-22000,0,0,0,0,22000,-22000,-22000
059599,健策元大9B購02  ,0,0,0,0,0,0,0,0,0,-22000,0,0,0,14000,36000,-22000,-22000
04863P,技嘉元大94售02  ,0,0,0,0,0,0,0,0,0,-22000,0,0,0,9000,31000,-22000,-22000
050695,台積電凱基94購40,0,0,0,0,0,0,0,0,0,-22000,0,0,0,0,22000,-22000,-22000
053827,漢唐麥證9A購01  ,0,0,0,0,22000,-22000,0,0,0,-22000,0,0,0,0,22000,-22000,-22000
052808,矽力元大96購02  ,0,0,0,0,0,0,0,0,0,-22000,0,0,0,0,22000,-22000,-22000
3702A,大聯大甲特      ,17000,10000,7000,0,0,0,0,29000,-29000,0,0,0,0,0,0,0,-22000
8070,長華*           ,32000,48000,-16000,0,0,0,0,2000,-2000,-4000,0,4000,-4000,0,0,0,-22000
2451,創見            ,326000,275010,50990,0,0,0,3723,2000,1723,-75000,0,42000,-42000,0,33000,-33000,-22287
3056,總太            ,0,900,-900,0,0,0,0,12000,-12000,-10000,0,10000,-10000,0,0,0,-22900
2495,普安            ,39000,61000,-22000,0,0,0,0,0,0,-1000,0,1000,-1000,0,0,0,-23000
059763,華擎永豐99購03  ,0,0,0,0,0,0,0,0,0,-23000,0,0,0,0,23000,-23000,-23000
055684,京鼎凱基97購01  ,0,0,0,0,0,0,0,0,0,-23000,0,0,0,89000,112000,-23000,-23000
058283,世紀鋼中信99購01,0,0,0,0,0,0,0,0,0,-23000,0,0,0,527000,550000,-23000,-23000
049030,凌華群益94購01  ,0,0,0,0,0,0,0,0,0,-23000,0,0,0,0,23000,-23000,-23000
051540,力成國票95購01  ,0,0,0,0,0,0,0,0,0,-23000,0,0,0,0,23000,-23000,-23000
00700,富邦恒生國企    ,0,0,0,0,0,0,0,0,0,-23000,0,0,0,91000,114000,-23000,-23000
00757,統一FANG+       ,0,0,0,0,0,0,0,0,0,-23000,0,0,0,206000,229000,-23000,-23000
04839P,大立光元大94售17,0,0,0,0,0,0,0,0,0,-23000,0,0,0,1000,24000,-23000,-23000
1537,廣隆            ,20000,41000,-21000,0,0,0,0,2000,-2000,0,0,0,0,0,0,0,-23000
1437,勤益控          ,9000,32000,-23000,0,0,0,0,0,0,0,0,0,0,0,0,0,-23000
3708,上緯投控        ,75000,95000,-20000,0,0,0,0,0,0,-3000,0,3000,-3000,0,0,0,-23000
07219P,臺股指凱基99售32,0,0,0,0,0,0,0,0,0,-23000,0,0,0,0,23000,-23000,-23000
059565,國巨凱基99購16  ,0,0,0,0,0,0,0,0,0,-24000,0,0,0,27000,51000,-24000,-24000
059649,矽力凱基99購02  ,0,0,0,0,0,0,0,0,0,-24000,0,0,0,0,24000,-24000,-24000
05150P,玉晶光第一95售01,0,0,0,0,0,0,0,0,0,-24000,0,0,0,0,24000,-24000,-24000
052563,京元電日盛96購01,0,0,0,0,0,0,0,0,0,-24000,0,0,0,0,24000,-24000,-24000
054205,華新國票97購02  ,0,0,0,0,0,0,0,0,0,-24000,0,0,0,106000,130000,-24000,-24000
1451,年興            ,42000,66000,-24000,0,0,0,0,0,0,0,0,0,0,0,0,0,-24000
1519,華城            ,213000,137000,76000,0,0,0,0,100000,-100000,0,0,0,0,0,0,0,-24000
07294P,滬深2X元富9C售08,0,0,0,0,0,0,0,0,0,-24000,0,0,0,0,24000,-24000,-24000
1104,環泥            ,17000,38000,-21000,0,0,0,0,3000,-3000,0,0,0,0,0,0,0,-24000
059340,鴻海凱基9A購12  ,0,0,0,0,0,0,0,0,0,-25000,0,0,0,0,25000,-25000,-25000
06955P,臻鼎元富99售01  ,0,0,0,0,0,0,0,0,0,-25000,0,0,0,0,25000,-25000,-25000
059230,滬深2X國票9B購02,0,0,0,0,0,0,0,0,0,-25000,0,0,0,15000,40000,-25000,-25000
059305,台灣50元大99購02,0,0,0,0,0,0,0,0,0,-25000,0,0,0,0,25000,-25000,-25000
07100P,華航元大99售01  ,0,0,0,0,0,0,0,0,0,-25000,0,0,0,10000,35000,-25000,-25000
055568,緯穎凱基97購02  ,0,0,0,0,0,0,0,0,0,-25000,0,0,0,5000,30000,-25000,-25000
054578,世芯元大99購01  ,0,0,0,0,0,0,0,0,0,-25000,0,0,0,50000,75000,-25000,-25000
05279P,上銀元大95售02  ,0,0,0,0,0,0,0,0,0,-25000,0,0,0,10000,35000,-25000,-25000
055476,台郡凱基97購02  ,0,0,0,0,0,0,0,0,0,-25000,0,0,0,24000,49000,-25000,-25000
056877,群創凱基99購04  ,0,0,0,0,0,0,0,0,0,-25000,0,0,0,0,25000,-25000,-25000
051904,深100元大95購01 ,0,0,0,0,0,0,0,0,0,-25000,0,0,0,0,25000,-25000,-25000
048349,美利達元大96購02,0,0,0,0,0,0,0,0,0,-25000,0,0,0,0,25000,-25000,-25000
05096P,台積電日盛95售01,0,0,0,0,0,0,0,0,0,-25000,0,0,0,31000,56000,-25000,-25000
047911,晶技麥證94購01  ,0,0,0,0,25000,-25000,0,0,0,-25000,0,0,0,0,25000,-25000,-25000
053003,國巨永豐96購02  ,0,0,0,0,0,0,0,0,0,-25000,0,0,0,5000,30000,-25000,-25000
07324P,台積電元大99售40,0,0,0,0,0,0,0,0,0,-25000,0,0,0,0,25000,-25000,-25000
3028,增你強          ,37000,62000,-25000,0,0,0,0,0,0,0,0,0,0,0,0,0,-25000
3591,艾笛森          ,25000,50000,-25000,0,0,0,0,0,0,0,0,0,0,0,0,0,-25000
3515,華擎            ,434000,450000,-16000,0,0,0,0,5000,-5000,-4000,6000,3000,3000,20000,27000,-7000,-25000
6142,友勁            ,5000,90000,-85000,0,0,0,0,0,0,60000,60000,0,60000,0,0,0,-25000
8114,振樺電          ,10000,34000,-24000,0,0,0,0,1000,-1000,0,0,0,0,0,0,0,-25000
06247P,同欣電元富97售02,0,0,0,0,0,0,0,0,0,-26000,0,0,0,0,26000,-26000,-26000
1773,勝一            ,6000,31000,-25000,0,0,0,0,1000,-1000,0,0,0,0,0,0,0,-26000
059179,祥碩元富99購01  ,0,0,0,0,0,0,0,0,0,-26000,0,0,0,184000,210000,-26000,-26000
057160,佐登永豐98購02  ,0,0,0,0,0,0,0,0,0,-26000,0,0,0,0,26000,-26000,-26000
03647C,T50反1元富99牛02,0,0,0,0,0,0,0,0,0,-26000,0,0,0,60000,86000,-26000,-26000
042315,T50反1台新96購01,0,0,0,0,0,0,0,0,0,-26000,0,0,0,0,26000,-26000,-26000
051271,華新科群益95購04,0,0,0,0,0,0,0,0,0,-26000,0,0,0,61000,87000,-26000,-26000
05116P,台積電群益95售03,0,0,0,0,0,0,0,0,0,-26000,0,0,0,0,26000,-26000,-26000
051873,緯穎凱基95購02  ,0,0,0,0,0,0,0,0,0,-26000,0,0,0,66000,92000,-26000,-26000
055750,瑞昱永昌9C購01  ,0,0,0,0,0,0,0,0,0,-26000,0,0,0,28000,54000,-26000,-26000
059459,訊芯永豐99購04  ,0,0,0,0,0,0,0,0,0,-26000,0,0,0,0,26000,-26000,-26000
05271P,國巨富邦97售01  ,0,6000,-6000,0,0,0,0,0,0,-20000,0,0,0,0,20000,-20000,-26000
054623,華新科第一97購01,0,0,0,0,0,0,0,0,0,-26000,0,0,0,0,26000,-26000,-26000
054731,S&P反1凱基98購01,0,0,0,0,0,0,0,0,0,-26000,0,0,0,0,26000,-26000,-26000
9942,茂順            ,10000,20000,-10000,0,0,0,0,0,0,-16000,0,16000,-16000,0,0,0,-26000
3164,景岳            ,2000,28000,-26000,0,0,0,0,0,0,0,0,0,0,0,0,0,-26000
06872P,亞德客元富98售04,0,0,0,0,0,0,0,0,0,-27000,0,0,0,0,27000,-27000,-27000
057815,信邦元大98購01  ,0,0,0,0,0,0,0,0,0,-27000,0,0,0,5000,32000,-27000,-27000
06668P,祥碩凱基98售02  ,0,0,0,0,0,0,0,0,0,-27000,0,0,0,11000,38000,-27000,-27000
06392P,T50反1元大9A售01,0,0,0,0,0,0,0,0,0,-27000,0,0,0,160000,187000,-27000,-27000
2472,立隆電          ,43000,63000,-20000,0,0,0,0,1000,-1000,-6000,5000,11000,-6000,0,0,0,-27000
056533,友達凱基9A購02  ,0,0,0,0,0,0,0,0,0,-27000,0,0,0,0,27000,-27000,-27000
05283P,健鼎元大95售04  ,0,0,0,0,0,0,0,0,0,-27000,0,0,0,0,27000,-27000,-27000
056744,麗豐凱基9A購01  ,0,0,0,0,0,0,0,0,0,-27000,0,0,0,0,27000,-27000,-27000
047993,鑽全元大96購01  ,0,0,0,0,0,0,0,0,0,-27000,0,0,0,0,27000,-27000,-27000
4106,雃博            ,108000,135000,-27000,0,0,0,0,0,0,0,0,0,0,0,0,0,-27000
1417,嘉裕            ,30000,57000,-27000,0,0,0,0,0,0,0,0,0,0,0,0,0,-27000
1560,中砂            ,95000,169000,-74000,0,0,0,49000,2000,47000,0,0,0,0,0,0,0,-27000
07256P,臺股指凱基99售36,0,0,0,0,0,0,0,0,0,-27000,0,0,0,753000,780000,-27000,-27000
059042,世紀鋼群益99購02,0,0,0,0,0,0,0,0,0,-28000,0,0,0,10000,38000,-28000,-28000
2206,三陽工業        ,92000,120000,-28000,0,0,0,0,0,0,0,0,0,0,0,0,0,-28000
06739P,聯詠兆豐98售02  ,3000,0,3000,0,0,0,0,0,0,-31000,0,0,0,0,31000,-31000,-28000
055067,禾聯碩永豐97購01,0,0,0,0,0,0,0,0,0,-28000,0,0,0,0,28000,-28000,-28000
07271P,台灣50元大9C售04,0,0,0,0,0,0,0,0,0,-28000,0,0,0,0,28000,-28000,-28000
07274P,上証2X群益01售01,0,0,0,0,0,0,0,0,0,-28000,0,0,0,0,28000,-28000,-28000
6112,聚碩            ,45000,71000,-26000,0,0,0,0,0,0,-2000,0,2000,-2000,0,0,0,-28000
059551,T50正2康和99購02,0,0,0,0,0,0,0,0,0,-29000,0,0,0,1000,30000,-29000,-29000
058201,華通凱基9A購01  ,0,0,0,0,0,0,0,0,0,-29000,0,0,0,31000,60000,-29000,-29000
058836,FBVIX中信03購05 ,0,0,0,0,0,0,0,0,0,-29000,0,0,0,1000,30000,-29000,-29000
049630,臺股指群益94購03,0,0,0,0,0,0,0,0,0,-29000,0,0,0,1000,30000,-29000,-29000
053728,茂林凱基97購01  ,0,0,0,0,0,0,0,0,0,-29000,0,0,0,200000,229000,-29000,-29000
1611,中電            ,73000,98000,-25000,0,0,0,0,0,0,-4000,0,4000,-4000,0,0,0,-29000
1447,力鵬            ,118000,147000,-29000,0,0,0,0,0,0,0,0,0,0,0,0,0,-29000
1473,台南            ,49000,78000,-29000,0,0,0,0,0,0,0,0,0,0,0,0,0,-29000
05727P,新光金日盛96售02,0,0,0,0,0,0,0,0,0,-30000,0,0,0,0,30000,-30000,-30000
06223P,漢唐元富97售02  ,0,0,0,0,0,0,0,0,0,-30000,0,0,0,5000,35000,-30000,-30000
056219,T50反1日盛02購01,0,0,0,0,0,0,0,0,0,-30000,0,0,0,0,30000,-30000,-30000
056281,深中小永豐97購01,0,0,0,0,0,0,0,0,0,-30000,0,0,0,0,30000,-30000,-30000
056616,台光電永豐98購01,0,0,0,0,0,0,0,0,0,-30000,0,0,0,20000,50000,-30000,-30000
059043,聯電日盛99購01  ,0,0,0,0,0,0,0,0,0,-30000,0,0,0,68000,98000,-30000,-30000
059006,樺漢元大99購01  ,0,0,0,0,0,0,0,0,0,-30000,0,0,0,0,30000,-30000,-30000
057606,健策統一98購03  ,0,0,0,0,0,0,0,0,0,-30000,0,0,0,0,30000,-30000,-30000
055963,欣興元大97購04  ,0,0,0,0,0,0,0,0,0,-30000,0,0,0,0,30000,-30000,-30000
056086,奇力新統一98購01,0,0,0,0,0,0,0,0,0,-30000,0,0,0,0,30000,-30000,-30000
059621,T50正2凱基9C購04,0,0,0,0,0,0,0,0,0,-30000,0,0,0,0,30000,-30000,-30000
059562,上銀凱基99購09  ,0,0,0,0,0,0,0,0,0,-30000,0,0,0,0,30000,-30000,-30000
057820,華擎元大98購02  ,0,0,0,0,0,0,0,0,0,-30000,0,0,0,0,30000,-30000,-30000
06683P,訊芯元大98售07  ,0,0,0,0,0,0,0,0,0,-30000,0,0,0,0,30000,-30000,-30000
06990P,康友元富99售03  ,0,0,0,0,0,0,0,0,0,-30000,0,0,0,0,30000,-30000,-30000
059384,上証2X凱基9B購01,0,0,0,0,0,0,0,0,0,-30000,0,0,0,0,30000,-30000,-30000
059766,同欣電永豐99購03,0,0,0,0,0,0,0,0,0,-30000,0,0,0,0,30000,-30000,-30000
05999P,世芯元大96售01  ,0,0,0,0,0,0,0,0,0,-30000,0,0,0,35000,65000,-30000,-30000
057058,祥碩元大98購04  ,0,0,0,0,0,0,0,0,0,-30000,0,0,0,0,30000,-30000,-30000
057105,致茂群益9A購01  ,0,0,0,0,0,0,0,0,0,-30000,0,0,0,30000,60000,-30000,-30000
056139,貿聯元大97購04  ,0,0,0,0,0,0,0,0,0,-30000,0,0,0,0,30000,-30000,-30000
05292P,台積電凱基95售16,0,0,0,0,0,0,0,0,0,-30000,0,0,0,0,30000,-30000,-30000
052916,華新科富邦96購01,0,0,0,0,0,0,0,0,0,-30000,0,0,0,0,30000,-30000,-30000
052852,國巨元富96購02  ,0,0,0,0,0,0,0,0,0,-30000,0,0,0,0,30000,-30000,-30000
053583,漢唐元大96購03  ,0,0,0,0,0,0,0,0,0,-30000,0,0,0,0,30000,-30000,-30000
054298,台表科元大97購03,0,0,0,0,0,0,0,0,0,-30000,0,0,0,0,30000,-30000,-30000
053404,致新群益96購01  ,0,0,0,0,0,0,0,0,0,-30000,0,0,0,20000,50000,-30000,-30000
053502,智伸科兆豐97購01,0,0,0,0,0,0,0,0,0,-30000,0,0,0,206000,236000,-30000,-30000
055687,瀚宇博凱基97購01,0,0,0,0,0,0,0,0,0,-30000,0,0,0,94000,124000,-30000,-30000
05491P,茂林元大95售04  ,0,0,0,0,0,0,0,0,0,-30000,0,0,0,74000,104000,-30000,-30000
053785,聯詠元大96購05  ,0,0,0,0,0,0,0,0,0,-30000,0,0,0,0,30000,-30000,-30000
054139,揚明光元大96購01,0,0,0,0,0,0,0,0,0,-30000,0,0,0,0,30000,-30000,-30000
05171P,臺股指元大95售15,0,0,0,0,0,0,0,0,0,-30000,0,0,0,0,30000,-30000,-30000
053216,京鼎凱基96購02  ,0,0,0,0,0,0,0,0,0,-30000,0,0,0,0,30000,-30000,-30000
050495,大立光永昌96購01,0,0,0,0,0,0,0,0,0,-30000,0,0,0,0,30000,-30000,-30000
050451,嘉晶元大95購01  ,0,0,0,0,0,0,0,0,0,-30000,0,0,0,0,30000,-30000,-30000
051346,仁寶元大95購01  ,0,0,0,0,0,0,0,0,0,-30000,0,0,0,0,30000,-30000,-30000
04396P,玉晶光群益94售02,0,0,0,0,0,0,0,0,0,-30000,0,0,0,0,30000,-30000,-30000
04397P,玉晶光群益95售03,0,0,0,0,0,0,0,0,0,-30000,0,0,0,0,30000,-30000,-30000
046574,泰鼎國泰94購01  ,0,0,0,0,0,0,0,0,0,-30000,0,0,0,0,30000,-30000,-30000
07202P,台灣50凱基9C售04,0,0,0,0,0,0,0,0,0,-30000,0,0,0,18000,48000,-30000,-30000
06950P,鴻海統一9B售02  ,0,0,0,0,0,0,0,0,0,-31000,0,0,0,0,31000,-31000,-31000
06611P,祥碩國票98售01  ,0,0,0,0,0,0,0,0,0,-31000,0,0,0,6000,37000,-31000,-31000
059539,緯穎凱基99購03  ,0,0,0,0,0,0,0,0,0,-31000,0,0,0,4000,35000,-31000,-31000
057915,台泥凱基98購01  ,0,0,0,0,0,0,0,0,0,-31000,0,0,0,0,31000,-31000,-31000
2020,美亞            ,25000,56000,-31000,0,0,0,0,0,0,0,0,0,0,0,0,0,-31000
04712P,國泰金元大94售01,0,0,0,0,0,0,0,0,0,-31000,0,0,0,0,31000,-31000,-31000
054822,祥碩元大97購01  ,0,0,0,0,0,0,0,0,0,-31000,0,0,0,1000,32000,-31000,-31000
058249,緯穎元大99購04  ,0,0,0,0,0,0,0,0,0,-31000,0,0,0,8000,39000,-31000,-31000
6136,富爾特          ,21000,28000,-7000,0,0,0,0,0,0,-24000,0,24000,-24000,0,0,0,-31000
2351,順德            ,311000,146000,165000,0,0,0,0,50000,-50000,-147000,0,147000,-147000,0,0,0,-32000
055813,聯發科國票98購04,0,0,0,0,0,0,0,0,0,-32000,0,0,0,50000,82000,-32000,-32000
058672,可成群益9B購02  ,0,0,0,0,0,0,0,0,0,-32000,0,0,0,31000,63000,-32000,-32000
059711,滬深2X元大9C購02,0,0,0,0,0,0,0,0,0,-32000,0,0,0,0,32000,-32000,-32000
059165,南亞科凱基99購04,0,0,0,0,0,0,0,0,0,-32000,0,0,0,89000,121000,-32000,-32000
059306,台灣50元大99購03,0,0,0,0,0,0,0,0,0,-32000,0,0,0,0,32000,-32000,-32000
059461,鈺齊永豐99購03  ,0,0,0,0,0,0,0,0,0,-32000,0,0,0,4000,36000,-32000,-32000
043585,道瓊反元大94購01,0,0,0,0,0,0,0,0,0,-32000,0,0,0,0,32000,-32000,-32000
4576,大銀微系統      ,11000,43000,-32000,0,0,0,0,0,0,0,0,0,0,0,0,0,-32000
059694,創意永豐99購03  ,0,0,0,0,0,0,0,0,0,-33000,0,0,0,25000,58000,-33000,-33000
057470,易華電永豐98購02,0,0,0,0,0,0,0,0,0,-33000,0,0,0,0,33000,-33000,-33000
057230,建準凱基98購02  ,0,0,0,0,0,0,0,0,0,-33000,0,0,0,0,33000,-33000,-33000
2029,盛餘            ,0,33000,-33000,0,0,0,0,0,0,0,0,0,0,0,0,0,-33000
047196,上銀統一97購01  ,0,0,0,0,0,0,0,0,0,-33000,0,0,0,0,33000,-33000,-33000
6206,飛捷            ,74000,102000,-28000,0,0,0,0,1000,-1000,-4000,0,4000,-4000,0,0,0,-33000
4536,拓凱            ,61000,72000,-11000,0,0,0,0,22000,-22000,0,0,0,0,0,0,0,-33000
6412,群電            ,460000,562075,-102075,0,0,0,73604,0,73604,-5000,0,5000,-5000,0,0,0,-33471
055952,上銀元大97購08  ,0,0,0,0,0,0,0,0,0,-34000,0,0,0,50000,84000,-34000,-34000
059622,上銀凱基99購10  ,0,0,0,0,0,0,0,0,0,-34000,0,0,0,0,34000,-34000,-34000
06653P,美食元大98售02  ,0,0,0,0,0,0,0,0,0,-34000,0,0,0,9000,43000,-34000,-34000
04634P,臺股指群益94售09,0,0,0,0,0,0,0,0,0,-34000,0,0,0,97000,131000,-34000,-34000
054972,聯茂元大97購02  ,0,0,0,0,0,0,0,0,0,-34000,0,0,0,50000,84000,-34000,-34000
05549P,臺股指元大96售03,0,0,0,0,0,0,0,0,0,-34000,0,0,0,8000,42000,-34000,-34000
059388,國巨凱基99購13  ,0,0,0,0,0,0,0,0,0,-35000,0,0,0,0,35000,-35000,-35000
059068,台虹國票9A購01  ,0,0,0,0,0,0,0,0,0,-35000,0,0,0,30000,65000,-35000,-35000
06300P,緯穎元大97售04  ,0,0,0,0,0,0,0,0,0,-35000,0,0,0,0,35000,-35000,-35000
053446,欣興凱基96購02  ,0,0,0,0,0,0,0,0,0,-35000,0,0,0,0,35000,-35000,-35000
053392,致新元大96購01  ,0,0,0,0,0,0,0,0,0,-35000,0,0,0,0,35000,-35000,-35000
055070,聯茂永豐97購01  ,0,0,0,0,0,0,0,0,0,-35000,0,0,0,5000,40000,-35000,-35000
050714,深中小群益98購01,0,0,0,0,0,0,0,0,0,-35000,0,0,0,0,35000,-35000,-35000
050121,南電元大95購02  ,0,0,0,0,0,0,0,0,0,-35000,0,0,0,11000,46000,-35000,-35000
07197P,臺股指元大99售13,0,0,0,0,0,0,0,0,0,-35000,0,0,0,0,35000,-35000,-35000
07223P,鴻海元大99售29  ,0,0,0,0,0,0,0,0,0,-35000,0,0,0,12000,47000,-35000,-35000
06347P,祥碩元富97售02  ,0,0,0,0,0,0,0,0,0,-36000,0,0,0,122000,158000,-36000,-36000
059729,群創元大9C購05  ,0,0,0,0,0,0,0,0,0,-36000,0,0,0,0,36000,-36000,-36000
056104,義隆永豐97購01  ,0,0,0,0,0,0,0,0,0,-36000,0,0,0,0,36000,-36000,-36000
059594,奇力新元大9B購01,0,0,0,0,0,0,0,0,0,-36000,0,0,0,10000,46000,-36000,-36000
054300,華通凱基96購07  ,0,0,0,0,0,0,0,0,0,-36000,0,0,0,102000,138000,-36000,-36000
057825,和碩元大98購02  ,0,0,0,0,0,0,0,0,0,-37000,0,0,0,0,37000,-37000,-37000
05972P,瑞昱元大96售01  ,0,0,0,0,0,0,0,0,0,-37000,0,0,0,0,37000,-37000,-37000
058944,元石油群益9C購02,0,0,0,0,0,0,0,0,0,-37000,0,0,0,39000,76000,-37000,-37000
053383,京元電元大97購01,0,0,0,0,0,0,0,0,0,-37000,0,0,0,55000,92000,-37000,-37000
052747,京鼎元大97購01  ,0,0,0,0,0,0,0,0,0,-37000,0,0,0,0,37000,-37000,-37000
05396P,台郡元大95售05  ,0,0,0,0,0,0,0,0,0,-37000,0,0,0,11000,48000,-37000,-37000
07283P,華新科凱基99售07,0,0,0,0,0,0,0,0,0,-37000,0,0,0,4000,41000,-37000,-37000
059201,祥碩永豐99購02  ,0,0,0,0,0,0,0,0,0,-38000,0,0,0,0,38000,-38000,-38000
06656P,GIS元大98售02   ,0,0,0,0,0,0,0,0,0,-38000,0,0,0,11000,49000,-38000,-38000
06593P,欣興元大98售05  ,0,0,0,0,0,0,0,0,0,-38000,0,0,0,0,38000,-38000,-38000
059629,友達凱基99購06  ,0,0,0,0,0,0,0,0,0,-38000,0,0,0,0,38000,-38000,-38000
00733,富邦臺灣中小    ,0,0,0,0,0,0,0,0,0,-38000,0,0,0,200000,238000,-38000,-38000
3024,憶聲            ,29000,67000,-38000,0,0,0,0,0,0,0,0,0,0,0,0,0,-38000
1338,廣華-KY         ,113000,151000,-38000,0,0,0,0,0,0,0,0,0,0,0,0,0,-38000
8404,百和興業-KY     ,88000,126000,-38000,0,0,0,0,0,0,0,0,0,0,0,0,0,-38000
058143,瑞儀元大99購02  ,0,0,0,0,0,0,0,0,0,-39000,0,0,0,2000,41000,-39000,-39000
058864,欣興凱基99購04  ,0,0,0,0,0,0,0,0,0,-39000,0,0,0,128000,167000,-39000,-39000
06469P,臺股指凱基99售09,0,0,0,0,0,0,0,0,0,-39000,0,0,0,0,39000,-39000,-39000
2462,良得電          ,0,38000,-38000,0,0,0,0,0,0,-1000,0,1000,-1000,0,0,0,-39000
2704,國賓            ,12000,53000,-41000,0,0,0,0,0,0,2000,2000,0,2000,0,0,0,-39000
8429,金麗-KY         ,122000,161000,-39000,0,0,0,0,0,0,0,0,0,0,0,0,0,-39000
9925,新保            ,37000,72000,-35000,0,0,0,0,0,0,-4000,0,4000,-4000,0,0,0,-39000
2450,神腦            ,58000,92000,-34000,0,0,0,0,0,0,-6000,0,6000,-6000,0,0,0,-40000
058912,祥碩元大99購01  ,0,0,0,0,0,0,0,0,0,-40000,0,0,0,0,40000,-40000,-40000
058919,SGBR2X元富99購05,0,0,0,0,0,0,0,0,0,-40000,0,0,0,1000,41000,-40000,-40000
056408,奇鋐國票99購01  ,0,0,0,0,0,0,0,0,0,-40000,0,0,0,0,40000,-40000,-40000
056000,佳世達永豐97購01,0,0,0,0,0,0,0,0,0,-40000,0,0,0,0,40000,-40000,-40000
059642,健策凱基99購04  ,0,0,0,0,0,0,0,0,0,-40000,0,0,0,0,40000,-40000,-40000
057822,牧德元大9A購01  ,0,0,0,0,0,0,0,0,0,-40000,0,0,0,0,40000,-40000,-40000
03595P,聯發科凱基02售11,0,0,0,0,0,0,0,0,0,-40000,0,0,0,0,40000,-40000,-40000
050832,力成凱基95購01  ,0,0,0,0,0,0,0,0,0,-40000,0,0,0,0,40000,-40000,-40000
05044P,亞德客永豐95售01,0,0,0,0,0,0,0,0,0,-40000,0,0,0,0,40000,-40000,-40000
052980,上銀元大96購03  ,0,0,0,0,0,0,0,0,0,-40000,0,0,0,0,40000,-40000,-40000
054977,SP黃豆元富9B購01,0,0,0,0,0,0,0,0,0,-40000,0,0,0,0,40000,-40000,-40000
056823,智伸科永豐98購01,0,0,0,0,0,0,0,0,0,-40000,0,0,0,0,40000,-40000,-40000
052192,SP黃豆元富95購04,0,0,0,0,0,0,0,0,0,-40000,0,0,0,0,40000,-40000,-40000
07308P,滬深2X凱基9A售01,0,0,0,0,0,0,0,0,0,-40000,0,0,0,0,40000,-40000,-40000
1446,宏和            ,12000,52000,-40000,0,0,0,0,0,0,0,0,0,0,0,0,0,-40000
05948P,茂林元大96售03  ,0,0,0,0,0,0,0,0,0,-41000,0,0,0,0,41000,-41000,-41000
058013,SP黃豆凱基9A購01,0,0,0,0,0,0,0,0,0,-41000,0,0,0,40000,81000,-41000,-41000
055808,世紀鋼永豐97購01,0,0,0,0,0,0,0,0,0,-41000,0,0,0,5000,46000,-41000,-41000
059473,T50反1群益99購03,0,0,0,0,0,0,0,0,0,-41000,0,0,0,80000,121000,-41000,-41000
054502,泰碩永豐96購01  ,0,0,0,0,0,0,0,0,0,-41000,0,0,0,15000,56000,-41000,-41000
04775P,台積電凱基94售29,0,0,0,0,0,0,0,0,0,-41000,0,0,0,0,41000,-41000,-41000
03960P,新日興元富96售02,0,0,0,0,0,0,0,0,0,-41000,0,0,0,0,41000,-41000,-41000
07224P,鴻海元大9A售02  ,0,0,0,0,0,0,0,0,0,-41000,0,0,0,0,41000,-41000,-41000
3094,聯傑            ,30000,71000,-41000,0,0,0,0,0,0,0,0,0,0,0,0,0,-41000
056410,康控國票99購01  ,0,0,0,0,0,0,0,0,0,-42000,0,0,0,120000,162000,-42000,-42000
058821,泰鼎國泰9B購01  ,0,0,0,0,0,0,0,0,0,-42000,0,0,0,0,42000,-42000,-42000
057134,茂林凱基98購02  ,0,0,0,0,0,0,0,0,0,-42000,0,0,0,189000,231000,-42000,-42000
03436B,臺股指元富99熊13,0,0,0,0,0,0,0,0,0,-42000,0,0,0,0,42000,-42000,-42000
05036P,義隆元大95售03  ,0,0,0,0,0,0,0,0,0,-42000,0,0,0,0,42000,-42000,-42000
1109,信大            ,31000,67000,-36000,0,0,0,0,6000,-6000,0,0,0,0,0,0,0,-42000
07162P,臺股指群益99售13,0,0,0,0,0,0,0,0,0,-42000,0,0,0,122000,164000,-42000,-42000
00739,元大MSCI A股    ,2000,2000,0,0,0,0,0,0,0,-42692,0,0,0,53000,95692,-42692,-42692
06891P,緯穎富邦99售03  ,0,0,0,0,0,0,0,0,0,-43000,0,0,0,0,43000,-43000,-43000
059662,旭富元大9C購01  ,0,0,0,0,0,0,0,0,0,-43000,0,0,0,40000,83000,-43000,-43000
06682P,玉晶光元大99售08,0,0,0,0,0,0,0,0,0,-43000,0,0,0,1429000,1472000,-43000,-43000
058876,南電國票9A購02  ,0,0,0,0,0,0,0,0,0,-43000,0,0,0,0,43000,-43000,-43000
055508,矽力元大97購01  ,0,0,0,0,0,0,0,0,0,-43000,0,0,0,0,43000,-43000,-43000
059453,奇力新永豐99購01,0,0,0,0,0,0,0,0,0,-43000,0,0,0,0,43000,-43000,-43000
056897,南亞科元大98購02,0,0,0,0,0,0,0,0,0,-43000,0,0,0,40000,83000,-43000,-43000
053955,華通永豐96購04  ,0,0,0,0,0,0,0,0,0,-43000,0,0,0,0,43000,-43000,-43000
8422,可寧衛          ,28000,62000,-34000,0,0,0,0,3000,-3000,-6000,3000,9000,-6000,0,0,0,-43000
1702,南僑            ,62000,104000,-42000,0,0,0,0,2000,-2000,0,0,0,0,0,0,0,-44000
06447P,上銀元大98售01  ,0,0,0,0,0,0,0,0,0,-44000,0,0,0,5000,49000,-44000,-44000
057817,景碩元大98購01  ,0,0,0,0,0,0,0,0,0,-44000,0,0,0,6000,50000,-44000,-44000
053804,富邦金凱基96購01,0,0,0,0,0,0,0,0,0,-44000,0,0,0,82000,126000,-44000,-44000
051641,矽創國票96購01  ,0,0,0,0,0,0,0,0,0,-44000,0,0,0,6000,50000,-44000,-44000
059664,立積元大9C購01  ,0,0,0,0,0,0,0,0,0,-45000,0,0,0,5000,50000,-45000,-45000
058144,聯茂元大99購02  ,0,0,0,0,0,0,0,0,0,-45000,0,0,0,40000,85000,-45000,-45000
059152,臺股指國票99購15,0,0,0,0,0,0,0,0,0,-45000,0,0,0,35000,80000,-45000,-45000
04947P,聯詠元大94售05  ,0,0,0,0,0,0,0,0,0,-45000,0,0,0,0,45000,-45000,-45000
050503,聯發科凱基94購22,0,0,0,0,0,0,0,0,0,-45000,0,0,0,30000,75000,-45000,-45000
050831,超眾凱基95購01  ,0,0,0,0,0,0,0,0,0,-45000,0,0,0,0,45000,-45000,-45000
046384,群創凱基98購02  ,0,0,0,0,0,0,0,0,0,-45000,0,0,0,0,45000,-45000,-45000
05573P,仁寶元富96售02  ,0,0,0,0,0,0,0,0,0,-45000,0,0,0,0,45000,-45000,-45000
052453,崇越元大95購01  ,0,0,0,0,0,0,0,0,0,-45000,0,0,0,55000,100000,-45000,-45000
8374,羅昇            ,0,46000,-46000,0,0,0,0,0,0,1000,1000,0,1000,0,0,0,-45000
9943,好樂迪          ,28000,73000,-45000,0,0,0,0,0,0,0,0,0,0,0,0,0,-45000
4766,南寶            ,29000,70000,-41000,0,0,0,0,0,0,-4000,0,4000,-4000,0,0,0,-45000
07318P,鴻海凱基01售02  ,0,0,0,0,0,0,0,0,0,-45000,0,0,0,0,45000,-45000,-45000
1339,昭輝            ,86000,128000,-42000,0,0,0,0,0,0,-3000,0,3000,-3000,0,0,0,-45000
059681,華新科國泰9B購02,0,0,0,0,0,0,0,0,0,-46000,0,0,0,5000,51000,-46000,-46000
06586P,鴻海元大9C售01  ,0,0,0,0,0,0,0,0,0,-46000,0,0,0,15000,61000,-46000,-46000
06123P,玉晶光元大97售04,0,0,0,0,0,0,0,0,0,-46000,0,0,0,37000,83000,-46000,-46000
057228,友達凱基9B購01  ,0,0,0,0,0,0,0,0,0,-46000,0,0,0,0,46000,-46000,-46000
052572,群創凱基99購01  ,0,0,0,0,0,0,0,0,0,-46000,0,0,0,0,46000,-46000,-46000
055359,超眾凱基97購01  ,0,0,0,0,0,0,0,0,0,-46000,0,0,0,1000,47000,-46000,-46000
9946,三發地產        ,38000,81000,-43000,0,0,0,0,0,0,-3000,0,3000,-3000,0,0,0,-46000
2852,第一保          ,6000,53000,-47000,0,0,0,0,0,0,0,0,0,0,0,0,0,-47000
059537,大立光凱基99購09,0,0,0,0,0,0,0,0,0,-47000,0,0,0,10000,57000,-47000,-47000
059518,康控永豐99購01  ,0,0,0,0,0,0,0,0,0,-47000,0,0,0,0,47000,-47000,-47000
054965,健策元大98購04  ,0,0,0,0,0,0,0,0,0,-47000,0,0,0,0,47000,-47000,-47000
053298,SP黃豆凱基99購01,0,0,0,0,0,0,0,0,0,-47000,0,0,0,0,47000,-47000,-47000
3605,宏致            ,143000,186000,-43000,0,0,0,0,0,0,-4000,0,4000,-4000,0,0,0,-47000
06644P,亞德客元大98售03,0,0,0,0,0,0,0,0,0,-48000,0,0,0,20000,68000,-48000,-48000
059604,臺股指元大9A購41,0,0,0,0,0,0,0,0,0,-48000,0,0,0,2000,50000,-48000,-48000
06971P,台光電元大99售03,0,0,0,0,0,0,0,0,0,-48000,0,0,0,18000,66000,-48000,-48000
057169,微星元大98購01  ,0,0,0,0,0,0,0,0,0,-48000,0,0,0,38000,86000,-48000,-48000
2227,裕日車          ,33000,67000,-34000,0,0,0,0,2000,-2000,-12000,0,12000,-12000,0,0,0,-48000
2459,敦吉            ,34000,80000,-46000,0,0,0,0,0,0,-2000,0,2000,-2000,0,0,0,-48000
2493,揚博            ,49000,97000,-48000,0,0,0,0,0,0,0,0,0,0,0,0,0,-48000
058794,旺宏元大99購09  ,0,0,0,0,0,0,0,0,0,-48000,0,0,0,50000,98000,-48000,-48000
07148P,富邦金元大99售01,0,0,0,0,0,0,0,0,0,-48000,0,0,0,65000,113000,-48000,-48000
04616P,臺股指群益95售02,0,0,0,0,0,0,0,0,0,-48000,0,0,0,48000,96000,-48000,-48000
00681R,元大美債20反1   ,0,0,0,0,0,0,0,0,0,-48000,0,0,0,27000,75000,-48000,-48000
5522,遠雄            ,240000,279000,-39000,0,0,0,9135,0,9135,-19000,16000,35000,-19000,0,0,0,-48865
05980P,台積電永昌96售09,0,0,0,0,0,0,0,0,0,-49000,0,0,0,361000,410000,-49000,-49000
059326,康友元大99購01  ,0,0,0,0,0,0,0,0,0,-49000,0,0,0,85000,134000,-49000,-49000
006205,富邦上証        ,85000,10000,75000,0,0,0,0,0,0,-124000,0,0,0,1501000,1625000,-124000,-49000
00717,富邦美國特別股  ,84000,400000,-316000,0,0,0,0,0,0,266449,0,0,0,1038000,771551,266449,-49551
057878,台郡元大99購04  ,0,0,0,0,0,0,0,0,0,-50000,0,0,0,0,50000,-50000,-50000
059506,滬深2X永豐99購04,0,0,0,0,0,0,0,0,0,-50000,0,0,0,20000,70000,-50000,-50000
059625,國巨凱基99購17  ,0,0,0,0,0,0,0,0,0,-50000,0,0,0,0,50000,-50000,-50000
058722,台郡元富99購01  ,0,0,0,0,0,0,0,0,0,-50000,0,0,0,16000,66000,-50000,-50000
058726,宏達電富邦9A購01,0,0,0,0,0,0,0,0,0,-50000,0,0,0,0,50000,-50000,-50000
058618,南電元大99購02  ,0,0,0,0,0,0,0,0,0,-50000,0,0,0,0,50000,-50000,-50000
058615,矽創元大99購01  ,0,0,0,0,0,0,0,0,0,-50000,0,0,0,0,50000,-50000,-50000
058138,晶相光元大9C購01,0,0,0,0,0,0,0,0,0,-50000,0,0,0,0,50000,-50000,-50000
056398,南茂永豐98購01  ,0,0,0,0,0,0,0,0,0,-50000,0,0,0,0,50000,-50000,-50000
05581P,華新科凱基96售07,0,0,0,0,0,0,0,0,0,-50000,0,0,0,10000,60000,-50000,-50000
056578,智易元大99購02  ,0,0,0,0,0,0,0,0,0,-50000,0,0,0,21000,71000,-50000,-50000
056589,康控統一98購01  ,0,0,0,0,0,0,0,0,0,-50000,0,0,0,0,50000,-50000,-50000
05882P,華新科永豐96售01,0,0,0,0,0,0,0,0,0,-50000,0,0,0,0,50000,-50000,-50000
058762,貿聯群益99購03  ,0,0,0,0,0,0,0,0,0,-50000,0,0,0,0,50000,-50000,-50000
06431P,新日興元大97售05,0,0,0,0,0,0,0,0,0,-50000,0,0,0,0,50000,-50000,-50000
2457,飛宏            ,76000,126000,-50000,0,0,0,0,0,0,0,0,0,0,0,0,0,-50000
04843P,致新元大94售02  ,0,0,0,0,0,0,0,0,0,-50000,0,0,0,0,50000,-50000,-50000
053318,全新群益99購01  ,0,0,0,0,0,0,0,0,0,-50000,0,0,0,0,50000,-50000,-50000
055146,華通元大98購04  ,0,0,0,0,0,0,0,0,0,-50000,0,0,0,0,50000,-50000,-50000
05020P,廣達中信95售01  ,0,0,0,0,0,0,0,0,0,-50000,0,0,0,0,50000,-50000,-50000
05004P,健策統一95售01  ,0,0,0,0,0,0,0,0,0,-50000,0,0,0,0,50000,-50000,-50000
053710,華通凱基96購05  ,0,0,0,0,0,0,0,0,0,-50000,0,0,0,0,50000,-50000,-50000
055633,牧德永豐97購02  ,0,0,0,0,0,0,0,0,0,-50000,0,0,0,0,50000,-50000,-50000
054708,華通統一97購02  ,0,0,0,0,0,0,0,0,0,-50000,0,0,0,0,50000,-50000,-50000
054311,世芯凱基96購02  ,0,0,0,0,0,0,0,0,0,-50000,0,0,0,10000,60000,-50000,-50000
055752,臺股指永昌97購01,0,0,0,0,0,0,0,0,0,-50000,0,0,0,0,50000,-50000,-50000
05402P,台郡永豐95售02  ,0,0,0,0,0,0,0,0,0,-50000,0,0,0,0,50000,-50000,-50000
058456,京鼎永豐99購01  ,0,0,0,0,0,0,0,0,0,-50000,0,0,0,0,50000,-50000,-50000
059454,亞光永豐99購01  ,0,0,0,0,0,0,0,0,0,-50000,0,0,0,1000,51000,-50000,-50000
9934,成霖            ,96000,140000,-44000,0,0,0,0,7000,-7000,1000,1000,0,1000,0,0,0,-50000
07258P,台灣50台新9A售01,0,0,0,0,0,0,0,0,0,-50000,0,0,0,0,50000,-50000,-50000
2420,新巨            ,18000,58000,-40000,0,0,0,0,0,0,-11000,0,11000,-11000,0,0,0,-51000
1711,永光            ,89000,140000,-51000,0,0,0,0,0,0,0,0,0,0,0,0,0,-51000
056536,義隆凱基98購04  ,0,0,0,0,0,0,0,0,0,-51000,0,0,0,0,51000,-51000,-51000
06673P,大立光群益98售01,0,0,0,0,0,0,0,0,0,-51000,0,0,0,0,51000,-51000,-51000
06674P,祥碩群益98售02  ,0,0,0,0,0,0,0,0,0,-51000,0,0,0,0,51000,-51000,-51000
057811,南亞科元大98購08,0,0,0,0,0,0,0,0,0,-51000,0,0,0,0,51000,-51000,-51000
05395P,旺宏元大96售06  ,0,0,0,0,0,0,0,0,0,-51000,0,0,0,5000,56000,-51000,-51000
054252,奇力新元大96購04,0,0,0,0,0,0,0,0,0,-51000,0,0,0,50000,101000,-51000,-51000
05281P,南亞科元大95售03,0,0,0,0,0,0,0,0,0,-51000,0,0,0,0,51000,-51000,-51000
051789,嘉澤國票96購01  ,0,0,0,0,0,0,0,0,0,-51000,0,0,0,16000,67000,-51000,-51000
006206,元大上證50      ,5000,46000,-41000,0,0,0,0,0,0,-10000,0,0,0,1000,11000,-10000,-51000
6165,捷泰            ,29000,80000,-51000,0,0,0,0,0,0,0,0,0,0,0,0,0,-51000
1463,強盛            ,0,51000,-51000,0,0,0,0,0,0,0,0,0,0,0,0,0,-51000
05719P,可成元大96售03  ,0,0,0,0,0,0,0,0,0,-52000,0,0,0,15000,67000,-52000,-52000
06952P,大立光統一9A售03,0,0,0,0,0,0,0,0,0,-52000,0,0,0,0,52000,-52000,-52000
07130P,台郡元大9B售01  ,0,0,0,0,0,0,0,0,0,-52000,0,0,0,0,52000,-52000,-52000
048192,華通元大96購01  ,0,0,0,0,0,0,0,0,0,-52000,0,0,0,0,52000,-52000,-52000
05142P,華新科台新95售01,0,0,0,0,0,0,0,0,0,-52000,0,0,0,0,52000,-52000,-52000
054398,牧德永豐96購03  ,0,0,0,0,0,0,0,0,0,-52000,0,0,0,0,52000,-52000,-52000
056579,麗豐元大99購01  ,0,0,0,0,0,0,0,0,0,-53000,0,0,0,0,53000,-53000,-53000
06844P,智邦元大98售13  ,0,0,0,0,0,0,0,0,0,-53000,0,0,0,233000,286000,-53000,-53000
059070,道瓊指元大99購02,0,0,0,0,0,0,0,0,0,-53000,0,0,0,0,53000,-53000,-53000
057671,群創元大9B購06  ,0,0,0,0,0,0,0,0,0,-53000,0,0,0,0,53000,-53000,-53000
054742,京鼎凱基99購01  ,0,0,0,0,0,0,0,0,0,-53000,0,0,0,172000,225000,-53000,-53000
051049,亞德客群益95購01,0,0,0,0,0,0,0,0,0,-53000,0,0,0,20000,73000,-53000,-53000
050955,達方群益97購01  ,0,0,0,0,0,0,0,0,0,-53000,0,0,0,0,53000,-53000,-53000
045231,南電元大94購01  ,0,0,0,0,0,0,0,0,0,-53000,0,0,0,10000,63000,-53000,-53000
03434B,臺股指元大99熊10,0,0,0,0,0,0,0,0,0,-53000,0,0,0,30000,83000,-53000,-53000
055069,帆宣永豐97購01  ,0,0,0,0,0,0,0,0,0,-53000,0,0,0,0,53000,-53000,-53000
2537,聯上發          ,475000,528000,-53000,0,0,0,0,0,0,0,0,0,0,0,0,0,-53000
07322P,鴻海元大99售33  ,0,0,0,0,0,0,0,0,0,-53000,0,0,0,0,53000,-53000,-53000
056534,京元電凱基98購01,0,0,0,0,0,0,0,0,0,-54000,0,0,0,0,54000,-54000,-54000
051600,新日興兆豐96購02,0,0,0,0,0,0,0,0,0,-54000,0,0,0,10000,64000,-54000,-54000
058401,華航元大9A購01  ,0,0,0,0,0,0,0,0,0,-54000,0,0,0,0,54000,-54000,-54000
2207,和泰車          ,620809,693000,-72191,0,0,0,29750,2000,27750,-10000,0,9000,-9000,0,1000,-1000,-54441
06189P,華新科永豐97售03,0,0,0,0,0,0,0,0,0,-55000,0,0,0,5000,60000,-55000,-55000
055798,聯茂富邦98購01  ,0,0,0,0,0,0,0,0,0,-55000,0,0,0,6000,61000,-55000,-55000
05443P,宏達電元大95售05,0,0,0,0,0,0,0,0,0,-55000,0,0,0,0,55000,-55000,-55000
053083,中環元大99購01  ,0,0,0,0,0,0,0,0,0,-55000,0,0,0,0,55000,-55000,-55000
04831P,聯詠富邦96售01  ,0,0,0,0,0,0,0,0,0,-55000,0,0,0,0,55000,-55000,-55000
8110,華東            ,209000,243000,-34000,0,0,0,0,21000,-21000,0,12000,12000,0,0,0,0,-55000
4414,如興            ,387000,414000,-27000,0,0,0,0,0,0,-28000,0,28000,-28000,0,0,0,-55000
05027P,南電群益95售01  ,0,0,0,0,0,0,0,0,0,-56000,0,0,0,8000,64000,-56000,-56000
055631,創意永豐98購01  ,0,0,0,0,0,0,0,0,0,-56000,0,0,0,0,56000,-56000,-56000
6108,競國            ,77000,133000,-56000,0,0,0,0,0,0,0,0,0,0,0,0,0,-56000
3030,德律            ,90000,136000,-46000,0,0,0,0,5000,-5000,-5000,0,5000,-5000,0,0,0,-56000
057216,聯發科群益99購01,0,0,0,0,0,0,0,0,0,-57000,0,0,0,10000,67000,-57000,-57000
059301,華新科群益99購04,0,0,0,0,0,0,0,0,0,-57000,0,0,0,10000,67000,-57000,-57000
059748,聯發科台新99購03,0,0,0,0,0,0,0,0,0,-57000,0,0,0,0,57000,-57000,-57000
057818,泰碩元大9A購01  ,0,0,0,0,0,0,0,0,0,-57000,0,0,0,12000,69000,-57000,-57000
057805,華通元大98購06  ,0,0,0,0,0,0,0,0,0,-57000,0,0,0,0,57000,-57000,-57000
05440P,緯穎國票96售02  ,0,0,0,0,0,0,0,0,0,-57000,0,0,0,265000,322000,-57000,-57000
052234,GIS凱基97購01   ,0,0,0,0,0,0,0,0,0,-57000,0,0,0,0,57000,-57000,-57000
1608,華榮            ,32000,88000,-56000,0,0,0,0,0,0,-1000,0,1000,-1000,0,0,0,-57000
8497,格威傳媒        ,34000,1000,33000,0,0,0,0,0,0,-90000,0,90000,-90000,0,0,0,-57000
6415,矽力-KY         ,318000,326000,-8000,0,0,0,9248,58000,-48752,-1000,0,0,0,1000,2000,-1000,-57752
057870,大立光凱基99購02,0,0,0,0,0,0,0,0,0,-58000,0,0,0,12000,70000,-58000,-58000
056288,健鼎永豐97購01  ,0,0,0,0,0,0,0,0,0,-58000,0,0,0,0,58000,-58000,-58000
2486,一詮            ,20000,78000,-58000,0,0,0,0,0,0,0,0,0,0,0,0,0,-58000
2536,宏普            ,54000,112000,-58000,0,0,0,0,0,0,0,0,0,0,0,0,0,-58000
4976,佳凌            ,124390,183000,-58610,0,0,0,0,0,0,0,0,0,0,0,0,0,-58610
2316,楠梓電          ,876000,942000,-66000,0,0,0,0,0,0,7000,14000,7000,7000,0,0,0,-59000
058850,華新科群益99購03,0,0,0,0,0,0,0,0,0,-59000,0,0,0,17000,76000,-59000,-59000
059608,聯發科富邦9B購04,0,0,0,0,0,0,0,0,0,-59000,0,0,0,100000,159000,-59000,-59000
057147,新日興國票99購01,0,0,0,0,0,0,0,0,0,-59000,0,0,0,40000,99000,-59000,-59000
055479,GIS凱基97購04   ,0,0,0,0,0,0,0,0,0,-59000,0,0,0,0,59000,-59000,-59000
053800,華通凱基97購03  ,0,0,0,0,0,0,0,0,0,-59000,0,0,0,5000,64000,-59000,-59000
05221P,玉晶光元大95售04,0,0,0,0,0,0,0,0,0,-59000,0,0,0,0,59000,-59000,-59000
054169,上緯控凱基98購01,0,0,0,0,0,0,0,0,0,-59000,0,0,0,0,59000,-59000,-59000
07164P,臺股指群益99售15,0,0,0,0,0,0,0,0,0,-59000,0,0,0,0,59000,-59000,-59000
058558,鴻海日盛9A購02  ,0,0,0,0,0,0,0,0,0,-60000,0,0,0,0,60000,-60000,-60000
058149,百和元大99購02  ,0,0,0,0,0,0,0,0,0,-60000,0,0,0,45000,105000,-60000,-60000
059634,可成凱基99購07  ,0,0,0,0,0,0,0,0,0,-60000,0,0,0,74000,134000,-60000,-60000
06196P,元上證元大97售01,0,0,0,0,0,0,0,0,0,-60000,0,0,0,0,60000,-60000,-60000
053915,光罩國票96購02  ,0,0,0,0,0,0,0,0,0,-60000,0,0,0,110000,170000,-60000,-60000
053970,聯發科元大97購08,0,0,0,0,0,0,0,0,0,-60000,0,0,0,0,60000,-60000,-60000
049064,T50反1凱基96購03,0,0,0,0,0,0,0,0,0,-60000,0,0,0,100000,160000,-60000,-60000
04381P,世紀鋼元大94售01,0,0,0,0,0,0,0,0,0,-60000,0,0,0,0,60000,-60000,-60000
6168,宏齊            ,29000,84000,-55000,0,0,0,0,0,0,-5000,0,5000,-5000,0,0,0,-60000
07328P,FBVIX國泰9B售01 ,0,0,0,0,0,0,0,0,0,-60000,0,0,0,0,60000,-60000,-60000
07310P,大立光凱基99售12,0,0,0,0,0,0,0,0,0,-60000,0,0,0,0,60000,-60000,-60000
059650,緯穎凱基99購04  ,0,0,0,0,0,0,0,0,0,-61000,0,0,0,251000,312000,-61000,-61000
048166,滬深2X永豐96購02,0,0,0,0,0,0,0,0,0,-61000,0,0,0,0,61000,-61000,-61000
05301P,矽力元大95售02  ,0,0,0,0,0,0,0,0,0,-61000,0,0,0,17000,78000,-61000,-61000
05218P,大立光永昌96售04,0,0,0,0,0,0,0,0,0,-61000,0,0,0,30000,91000,-61000,-61000
054896,聯茂日盛97購01  ,0,0,0,0,0,0,0,0,0,-61000,0,0,0,152000,213000,-61000,-61000
054710,東元元富97購01  ,0,0,0,0,0,0,0,0,0,-61000,0,0,0,19000,80000,-61000,-61000
3356,奇偶            ,87000,148000,-61000,0,0,0,0,0,0,0,0,0,0,0,0,0,-61000
6202,盛群            ,474000,520000,-46000,0,0,0,0,1000,-1000,-14000,0,14000,-14000,0,0,0,-61000
2062,橋椿            ,14000,76000,-62000,0,0,0,0,0,0,0,0,0,0,0,0,0,-62000
058070,華新科凱基98購07,0,0,0,0,0,0,0,0,0,-63000,0,0,0,24000,87000,-63000,-63000
055131,茂林康和97購01  ,0,0,0,0,0,0,0,0,0,-63000,0,0,0,32000,95000,-63000,-63000
9908,大台北          ,16000,81000,-65000,0,0,0,0,0,0,2000,4000,2000,2000,0,0,0,-63000
050171,臺指反元大97購03,0,0,0,0,0,0,0,0,0,-64000,0,0,0,0,64000,-64000,-64000
059458,鎧勝永豐99購01  ,0,0,0,0,0,0,0,0,0,-64000,0,0,0,17000,81000,-64000,-64000
8016,矽創            ,788000,780000,8000,0,0,0,842,151000,-150158,78000,80000,6000,74000,7000,3000,4000,-64158
058598,T50反1元大99購04,0,0,0,0,0,0,0,0,0,-65000,0,0,0,0,65000,-65000,-65000
00730,富邦臺灣優質高息,0,0,0,0,0,0,0,0,0,-65000,0,0,0,745000,810000,-65000,-65000
058492,華通群益9B購01  ,0,0,0,0,0,0,0,0,0,-67000,0,0,0,10000,77000,-67000,-67000
059063,康控凱基99購04  ,0,0,0,0,0,0,0,0,0,-67000,0,0,0,0,67000,-67000,-67000
1464,得力            ,77000,135000,-58000,0,0,0,0,9000,-9000,0,0,0,0,0,0,0,-67000
1459,聯發            ,0,67000,-67000,0,0,0,0,0,0,0,0,0,0,0,0,0,-67000
2505,國揚            ,266000,441000,-175000,0,0,0,0,0,0,107000,25000,0,25000,82000,0,82000,-68000
07046P,大立光富邦9C售03,0,0,0,0,0,0,0,0,0,-68000,0,0,0,0,68000,-68000,-68000
048350,世紀鋼元大95購01,0,0,0,0,0,0,0,0,0,-68000,0,0,0,2000,70000,-68000,-68000
055674,南港康和97購02  ,0,0,0,0,0,0,0,0,0,-68000,0,0,0,0,68000,-68000,-68000
054215,創意國票97購02  ,0,0,0,0,0,0,0,0,0,-68000,0,0,0,12000,80000,-68000,-68000
2887E,台新戊特        ,0,0,0,0,0,0,0,69000,-69000,0,0,0,0,0,0,0,-69000
058264,瑞昱永豐99購01  ,0,0,0,0,0,0,0,0,0,-69000,0,0,0,13000,82000,-69000,-69000
049490,京元電元大95購02,0,0,0,0,0,0,0,0,0,-69000,0,0,0,10000,79000,-69000,-69000
05620P,大立光富邦9B售01,0,0,0,0,0,0,0,0,0,-70000,0,0,0,0,70000,-70000,-70000
056477,欣興元大98購02  ,0,0,0,0,0,0,0,0,0,-70000,0,0,0,48000,118000,-70000,-70000
059730,晶相光元大9C購02,0,0,0,0,0,0,0,0,0,-70000,0,0,0,0,70000,-70000,-70000
059338,滬深2X凱基9C購02,0,0,0,0,0,0,0,0,0,-70000,0,0,0,0,70000,-70000,-70000
047123,中石化中信95購01,0,0,0,0,0,0,0,0,0,-70000,0,0,0,0,70000,-70000,-70000
054567,拓凱群益98購01  ,0,0,0,0,0,0,0,0,0,-70000,0,0,0,0,70000,-70000,-70000
052519,旺宏元大95購05  ,0,0,0,0,0,0,0,0,0,-70000,0,0,0,16000,86000,-70000,-70000
3060,銘異            ,35000,105000,-70000,0,0,0,0,0,0,0,0,0,0,0,0,0,-70000
06969P,上銀元大99售02  ,0,0,0,0,0,0,0,0,0,-71000,0,0,0,1000,72000,-71000,-71000
03416B,臺股指凱基95熊05,0,0,0,0,0,0,0,0,0,-71000,0,0,0,15000,86000,-71000,-71000
04126P,滬深2X國票95售02,0,0,0,0,0,0,0,0,0,-71000,0,0,0,10000,81000,-71000,-71000
049296,義隆群益96購01  ,0,0,0,0,0,0,0,0,0,-71000,0,0,0,0,71000,-71000,-71000
057531,禾伸堂元大99購04,0,0,0,0,0,0,0,0,0,-72000,0,0,0,41000,113000,-72000,-72000
050846,緯創國票96購01  ,0,0,0,0,0,0,0,0,0,-72000,0,0,0,0,72000,-72000,-72000
6235,華孚            ,123000,195000,-72000,0,0,0,0,0,0,0,0,0,0,0,0,0,-72000
050609,鴻海元大94購23  ,0,0,0,0,0,0,0,0,0,-73000,0,0,0,0,73000,-73000,-73000
056958,喬山永豐98購01  ,0,0,0,0,0,0,0,0,0,-73000,0,0,0,29000,102000,-73000,-73000
05852P,嘉晶群益96售01  ,0,0,0,0,0,0,0,0,0,-74000,0,0,0,0,74000,-74000,-74000
056733,國巨凱基98購10  ,0,0,0,0,0,0,0,0,0,-74000,0,0,0,26000,100000,-74000,-74000
00651R,FH香港反1       ,0,8000,-8000,0,0,0,0,0,0,-66000,100000,0,100000,146000,312000,-166000,-74000
058093,神達元大9A購01  ,0,0,0,0,0,0,0,0,0,-75000,0,0,0,0,75000,-75000,-75000
057383,玉晶光富邦9A購01,0,0,0,0,0,0,0,0,0,-75000,0,0,0,0,75000,-75000,-75000
053082,聯電元大98購03  ,0,0,0,0,0,0,0,0,0,-75000,0,0,0,0,75000,-75000,-75000
053375,鴻海元大96購18  ,0,0,0,0,0,0,0,0,0,-75000,0,0,0,0,75000,-75000,-75000
055960,義隆元大97購01  ,0,0,0,0,0,0,0,0,0,-76000,0,0,0,205000,281000,-76000,-76000
06459P,亞德客元富98售01,0,0,0,0,0,0,0,0,0,-76000,0,0,0,0,76000,-76000,-76000
2388,威盛            ,116000,191000,-75000,0,0,0,0,0,0,-1000,0,1000,-1000,0,0,0,-76000
6214,精誠            ,52000,127000,-75000,0,0,0,0,3000,-3000,2000,5000,3000,2000,0,0,0,-76000
058746,華通凱基9A購02  ,0,0,0,0,0,0,0,0,0,-77000,0,0,0,0,77000,-77000,-77000
058041,FBVIX元大98購02 ,0,0,0,0,0,0,0,0,0,-77000,0,0,0,3000,80000,-77000,-77000
9802,鈺齊-KY         ,554000,1166019,-612019,0,0,0,522891,0,522891,12000,10000,11000,-1000,13000,0,13000,-77128
059640,聯詠凱基99購04  ,0,0,0,0,0,0,0,0,0,-78000,0,0,0,19000,97000,-78000,-78000
054244,華新元大96購01  ,0,0,0,0,0,0,0,0,0,-78000,0,0,0,40000,118000,-78000,-78000
06177P,玉晶光元大98售07,0,0,0,0,0,0,0,0,0,-79000,0,0,0,43000,122000,-79000,-79000
049690,義隆元大95購02  ,0,0,0,0,0,0,0,0,0,-79000,0,0,0,20000,99000,-79000,-79000
055856,新唐元大97購03  ,0,0,0,0,0,0,0,0,0,-80000,0,0,0,0,80000,-80000,-80000
053248,智伸科國票97購01,0,0,0,0,0,0,0,0,0,-80000,0,0,0,0,80000,-80000,-80000
053050,華通國票97購02  ,0,0,0,0,0,0,0,0,0,-80000,0,0,0,0,80000,-80000,-80000
052602,聯電元大97購01  ,0,0,0,0,0,0,0,0,0,-80000,0,0,0,0,80000,-80000,-80000
2480,敦陽科          ,141000,212204,-71204,0,0,0,0,2000,-2000,-7000,0,7000,-7000,0,0,0,-80204
058800,健策元大99購03  ,0,0,0,0,0,0,0,0,0,-81000,0,0,0,49000,130000,-81000,-81000
052714,義隆凱基96購02  ,0,0,0,0,0,0,0,0,0,-82000,0,0,0,0,82000,-82000,-82000
052180,緯穎元大96購05  ,0,0,0,0,0,0,0,0,0,-82000,0,0,0,20000,102000,-82000,-82000
049406,T50反1日盛97購01,0,0,0,0,0,0,0,0,0,-83000,0,0,0,157000,240000,-83000,-83000
03435B,臺股指凱基99熊29,0,0,0,0,0,0,0,0,0,-83000,0,0,0,15000,98000,-83000,-83000
8163,達方            ,328000,405000,-77000,0,0,0,0,1000,-1000,-5000,16000,25000,-9000,4000,0,4000,-83000
9940,信義            ,91000,165000,-74000,0,0,0,7288,0,7288,-17000,0,17000,-17000,0,0,0,-83712
2428,興勤            ,126000,205000,-79000,0,0,0,0,2000,-2000,-3000,0,3000,-3000,1000,1000,0,-84000
059689,南亞科永豐99購02,0,0,0,0,0,0,0,0,0,-84000,0,0,0,13000,97000,-84000,-84000
5469,瀚宇博          ,983000,1088000,-105000,0,0,0,3650,10000,-6350,27000,0,15000,-15000,44000,2000,42000,-84350
059519,台郡永豐99購01  ,0,0,0,0,0,0,0,0,0,-85000,0,0,0,2000,87000,-85000,-85000
059514,嘉澤永豐99購02  ,0,0,0,0,0,0,0,0,0,-85000,0,0,0,5000,90000,-85000,-85000
2380,虹光            ,6000,91000,-85000,0,0,0,0,0,0,0,0,0,0,0,0,0,-85000
058966,元油2X日盛99購03,0,0,0,0,0,0,0,0,0,-85000,0,0,0,0,85000,-85000,-85000
07129P,華新科元大99售14,0,0,0,0,0,0,0,0,0,-85000,0,0,0,40000,125000,-85000,-85000
04471P,華通元大95售03  ,0,0,0,0,0,0,0,0,0,-85000,0,0,0,0,85000,-85000,-85000
056770,國產元大98購02  ,0,0,0,0,0,0,0,0,0,-85000,0,0,0,31000,116000,-85000,-85000
1598,岱宇            ,0,55000,-55000,0,0,0,0,0,0,-30000,0,30000,-30000,0,0,0,-85000
06552P,茂林元大99售02  ,0,0,0,0,0,0,0,0,0,-86000,0,0,0,8000,94000,-86000,-86000
058177,華新科凱基99購02,0,0,0,0,0,0,0,0,0,-86000,0,0,0,5000,91000,-86000,-86000
057163,上銀元大98購04  ,0,0,0,0,0,0,0,0,0,-86000,0,0,0,0,86000,-86000,-86000
054029,瀚宇博凱基96購02,0,0,0,0,0,0,0,0,0,-86000,0,0,0,0,86000,-86000,-86000
051531,國巨國票96購04  ,0,0,0,0,0,0,0,0,0,-86000,0,0,0,20000,106000,-86000,-86000
057918,旺宏凱基99購01  ,0,0,0,0,0,0,0,0,0,-87000,0,0,0,10000,97000,-87000,-87000
059578,智邦元富99購02  ,0,0,0,0,0,0,0,0,0,-87000,0,0,0,10000,97000,-87000,-87000
059160,華通凱基99購03  ,0,0,0,0,0,0,0,0,0,-88000,0,0,0,146000,234000,-88000,-88000
058992,上証反元大99購02,0,0,0,0,0,0,0,0,0,-88000,0,0,0,0,88000,-88000,-88000
059411,臺股指國票99購17,0,0,0,0,0,0,0,0,0,-88000,0,0,0,427000,515000,-88000,-88000
1806,冠軍            ,17000,106000,-89000,0,0,0,0,0,0,0,0,0,0,0,0,0,-89000
055844,大毅元大98購01  ,0,0,0,0,0,0,0,0,0,-89000,0,0,0,20000,109000,-89000,-89000
059103,旭富元富99購03  ,10000,15000,-5000,0,0,0,0,0,0,-84000,0,0,0,599000,683000,-84000,-89000
054751,GIS凱基98購01   ,0,0,0,0,0,0,0,0,0,-89000,0,0,0,0,89000,-89000,-89000
054299,南電元大96購03  ,0,0,0,0,0,0,0,0,0,-89000,0,0,0,170000,259000,-89000,-89000
07158P,FBVIX國泰9C售01 ,0,0,0,0,0,0,0,0,0,-89000,0,0,0,430000,519000,-89000,-89000
057174,南亞科元大98購05,0,0,0,0,0,0,0,0,0,-90000,0,0,0,0,90000,-90000,-90000
06748P,智邦台新98售02  ,0,0,0,0,0,0,0,0,0,-90000,0,0,0,5000,95000,-90000,-90000
059202,禾聯碩永豐99購01,0,0,0,0,0,0,0,0,0,-90000,0,0,0,0,90000,-90000,-90000
056689,玉晶光統一9A購03,0,0,0,0,0,0,0,0,0,-90000,0,0,0,0,90000,-90000,-90000
07014P,華通元大99售04  ,0,0,0,0,0,0,0,0,0,-90000,0,0,0,10000,100000,-90000,-90000
058728,SP黃豆永豐99購01,0,0,0,0,0,0,0,0,0,-90000,0,0,0,0,90000,-90000,-90000
2497,怡利電          ,2000,91000,-89000,0,0,0,0,0,0,-1000,0,1000,-1000,0,0,0,-90000
054929,群電凱基97購01  ,0,0,0,0,0,0,0,0,0,-90000,0,0,0,10000,100000,-90000,-90000
1906,寶隆            ,15000,106000,-91000,0,0,0,0,0,0,0,0,0,0,0,0,0,-91000
2453,凌群            ,87000,178000,-91000,0,0,0,0,0,0,0,0,0,0,0,0,0,-91000
056643,奇力新凱基99購01,0,0,0,0,0,0,0,0,0,-91000,0,0,0,0,91000,-91000,-91000
059127,國巨中信99購04  ,0,0,0,0,0,0,0,0,0,-91000,0,0,0,10000,101000,-91000,-91000
07260P,台灣50元大9A售01,0,0,0,0,0,0,0,0,0,-91000,0,0,0,118000,209000,-91000,-91000
057024,義隆凱基99購01  ,0,0,0,0,0,0,0,0,0,-92000,0,0,0,0,92000,-92000,-92000
059371,聯鈞元富99購02  ,0,0,0,0,0,0,0,0,0,-93000,0,0,0,29000,122000,-93000,-93000
2034,允強            ,176000,268000,-92000,0,0,0,0,0,0,-1000,0,1000,-1000,0,0,0,-93000
2701,萬企            ,0,93000,-93000,0,0,0,0,0,0,0,0,0,0,0,0,0,-93000
058972,新日興永豐9A購01,0,0,0,0,0,0,0,0,0,-93000,0,0,0,155000,248000,-93000,-93000
056231,嘉聯益凱基97購02,0,0,0,0,0,0,0,0,0,-94000,0,0,0,80000,174000,-94000,-94000
1531,高林股          ,13000,107000,-94000,0,0,0,0,0,0,0,0,0,0,0,0,0,-94000
059180,祥碩元富9A購01  ,0,0,0,0,0,0,0,0,0,-95000,0,0,0,126000,221000,-95000,-95000
059605,臺股指元大9A購42,0,0,0,0,0,0,0,0,0,-95000,0,0,0,0,95000,-95000,-95000
059606,上銀富邦9B購02  ,0,0,0,0,0,0,0,0,0,-95000,0,0,0,62000,157000,-95000,-95000
058524,超眾元大99購04  ,0,0,0,0,0,0,0,0,0,-95000,0,0,0,8000,103000,-95000,-95000
058021,牧德凱基98購02  ,0,0,0,0,0,0,0,0,0,-95000,0,0,0,0,95000,-95000,-95000
054306,聯發科凱基96購23,0,0,0,0,0,0,0,0,0,-95000,0,0,0,5000,100000,-95000,-95000
054821,貿聯元大9A購01  ,0,0,0,0,0,0,0,0,0,-95000,0,0,0,0,95000,-95000,-95000
056597,宏碁元富98購01  ,0,0,0,0,0,0,0,0,0,-96000,0,0,0,4000,100000,-96000,-96000
2607,榮運            ,131000,223000,-92000,0,0,0,0,0,0,-4000,0,4000,-4000,0,0,0,-96000
052819,義隆永豐96購01  ,0,0,0,0,0,0,0,0,0,-96000,0,0,0,38000,134000,-96000,-96000
5907,大洋-KY         ,30000,126000,-96000,0,0,0,0,0,0,0,0,0,0,0,0,0,-96000
2882A,國泰特          ,7000,0,7000,0,0,0,0,95000,-95000,-9000,6000,15000,-9000,0,0,0,-97000
059581,日月光元富99購02,0,0,0,0,0,0,0,0,0,-97000,0,0,0,50000,147000,-97000,-97000
052933,祥碩元大96購01  ,0,0,0,0,0,0,0,0,0,-97000,0,0,0,1000,98000,-97000,-97000
051390,京元電兆豐95購01,0,0,0,0,0,0,0,0,0,-97000,0,0,0,90000,187000,-97000,-97000
057108,潤泰全群益98購01,0,0,0,0,0,0,0,0,0,-98000,0,0,0,0,98000,-98000,-98000
055940,致新群益98購01  ,0,0,0,0,0,0,0,0,0,-98000,0,0,0,0,98000,-98000,-98000
04604P,華新科國票95售01,0,0,0,0,0,0,0,0,0,-98000,0,0,0,15000,113000,-98000,-98000
049955,崇越群益95購01  ,0,0,0,0,0,0,0,0,0,-98000,0,0,0,0,98000,-98000,-98000
052614,聯電國泰97購01  ,0,0,0,0,0,0,0,0,0,-98000,0,0,0,0,98000,-98000,-98000
058051,同欣電元大98購03,0,0,0,0,0,0,0,0,0,-99000,0,0,0,1000,100000,-99000,-99000
054932,台肥元大97購01  ,0,0,0,0,0,0,0,0,0,-99000,0,0,0,1000,100000,-99000,-99000
4960,誠美材          ,0,99000,-99000,0,0,0,0,0,0,0,0,0,0,0,0,0,-99000
8462,柏文            ,84000,131000,-47000,0,0,0,0,52000,-52000,0,0,0,0,0,0,0,-99000
059151,臺股指國票99購14,0,0,0,0,0,0,0,0,0,-100000,0,0,0,12000,112000,-100000,-100000
059706,嘉晶凱基99購01  ,0,0,0,0,0,0,0,0,0,-100000,0,0,0,0,100000,-100000,-100000
055954,南港元大97購02  ,0,0,0,0,0,0,0,0,0,-100000,0,0,0,0,100000,-100000,-100000
057538,緯穎元大98購07  ,0,0,0,0,0,0,0,0,0,-100000,0,0,0,0,100000,-100000,-100000
057626,技嘉富邦9A購01  ,0,0,0,0,0,0,0,0,0,-100000,0,0,0,0,100000,-100000,-100000
3004,豐達科          ,64000,164000,-100000,0,0,0,0,0,0,0,0,0,0,0,0,0,-100000
055827,中石化元大98購01,0,0,0,0,0,0,0,0,0,-100000,0,0,0,0,100000,-100000,-100000
057316,國巨凱基99購04  ,0,0,0,0,0,0,0,0,0,-100000,0,0,0,0,100000,-100000,-100000
057279,國揚元大98購01  ,0,0,0,0,0,0,0,0,0,-100000,0,0,0,0,100000,-100000,-100000
057275,友達元大9A購04  ,0,0,0,0,0,0,0,0,0,-100000,0,0,0,0,100000,-100000,-100000
051356,全新元大96購04  ,0,0,0,0,0,0,0,0,0,-100000,0,0,0,0,100000,-100000,-100000
051236,鴻海元大96購05  ,0,0,0,0,0,0,0,0,0,-100000,0,0,0,0,100000,-100000,-100000
052232,貿聯凱基96購02  ,0,0,0,0,0,0,0,0,0,-100000,0,0,0,0,100000,-100000,-100000
052294,創意國票96購03  ,0,0,0,0,0,0,0,0,0,-100000,0,0,0,0,100000,-100000,-100000
053660,群創凱基98購08  ,0,0,0,0,0,0,0,0,0,-100000,0,0,0,0,100000,-100000,-100000
052062,臺股指國票95購09,0,0,0,0,0,0,0,0,0,-100000,0,0,0,10000,110000,-100000,-100000
052016,神基永豐95購01  ,0,0,0,0,0,0,0,0,0,-100000,0,0,0,0,100000,-100000,-100000
053954,貿聯康和96購01  ,0,0,0,0,0,0,0,0,0,-100000,0,0,0,40000,140000,-100000,-100000
059455,玉晶光永豐99購05,0,0,0,0,0,0,0,0,0,-100000,0,0,0,159000,259000,-100000,-100000
1512,瑞利            ,0,100000,-100000,0,0,0,0,0,0,0,0,0,0,0,0,0,-100000
059416,T50反1元大99購08,0,0,0,0,0,0,0,0,0,-101000,0,0,0,45000,146000,-101000,-101000
052159,瑞昱永豐95購01  ,0,0,0,0,0,0,0,0,0,-101000,0,0,0,107000,208000,-101000,-101000
07326P,大立光元大99售23,0,0,0,0,0,0,0,0,0,-101000,0,0,0,46000,147000,-101000,-101000
07174P,臺股指國票99售11,0,0,0,0,0,0,0,0,0,-101000,0,0,0,111000,212000,-101000,-101000
06982P,義隆凱基99售02  ,0,0,0,0,0,0,0,0,0,-102000,0,0,0,0,102000,-102000,-102000
048422,瑞昱元富96購02  ,0,0,0,0,0,0,0,0,0,-103000,0,0,0,290000,393000,-103000,-103000
050116,嘉澤元大94購03  ,0,0,0,0,0,0,0,0,0,-103000,0,0,0,0,103000,-103000,-103000
059307,T50反1元大99購06,0,0,0,0,0,0,0,0,0,-104000,0,0,0,504000,608000,-104000,-104000
06496P,台灣50日盛98售01,0,0,0,0,0,0,0,0,0,-104000,0,0,0,21000,125000,-104000,-104000
1513,中興電          ,231000,330000,-99000,0,0,0,0,5000,-5000,0,6000,6000,0,0,0,0,-104000
056380,麗豐元富98購01  ,0,0,0,0,0,0,0,0,0,-105000,0,0,0,0,105000,-105000,-105000
059168,奇力新凱基99購05,0,0,0,0,0,0,0,0,0,-105000,0,0,0,0,105000,-105000,-105000
059091,中信金元大99購01,0,0,0,0,0,0,0,0,0,-105000,0,0,0,0,105000,-105000,-105000
057841,茂林富邦9A購02  ,0,0,0,0,0,0,0,0,0,-105000,0,0,0,5000,110000,-105000,-105000
049706,世紀鋼元大95購02,0,0,0,0,0,0,0,0,0,-105000,0,0,0,0,105000,-105000,-105000
055667,致茂群益98購01  ,0,0,0,0,0,0,0,0,0,-105000,0,0,0,0,105000,-105000,-105000
057812,友達元大9A購05  ,0,0,0,0,0,0,0,0,0,-106000,0,0,0,0,106000,-106000,-106000
056618,京元電永豐98購01,0,0,0,0,0,0,0,0,0,-106000,0,0,0,2000,108000,-106000,-106000
057232,京元電凱基98購02,0,0,0,0,0,0,0,0,0,-106000,0,0,0,0,106000,-106000,-106000
056762,亞德客元大98購01,0,0,0,0,0,0,0,0,0,-106000,0,0,0,10000,116000,-106000,-106000
04787P,台積電永昌96售04,0,0,0,0,0,0,0,0,0,-106000,0,0,0,414000,520000,-106000,-106000
07316P,長榮航康和99售01,0,0,0,0,0,0,0,0,0,-106000,0,0,0,0,106000,-106000,-106000
057740,茂林富邦9A購01  ,0,0,0,0,0,0,0,0,0,-107000,0,0,0,204000,311000,-107000,-107000
052703,貿聯國票97購01  ,0,0,0,0,0,0,0,0,0,-107000,0,0,0,40000,147000,-107000,-107000
2897,王道銀行        ,273000,368000,-95000,0,0,0,11463,0,11463,-24000,0,24000,-24000,0,0,0,-107537
059229,臺股指元大99購22,0,0,0,0,0,0,0,0,0,-108000,0,0,0,17000,125000,-108000,-108000
059574,台表科凱基99購02,0,0,0,0,0,0,0,0,0,-108000,0,0,0,52000,160000,-108000,-108000
059742,富邦金元富99購01,0,0,0,0,0,0,0,0,0,-110000,0,0,0,0,110000,-110000,-110000
055829,上銀元大97購06  ,0,0,0,0,0,0,0,0,0,-110000,0,0,0,10000,120000,-110000,-110000
048588,世紀鋼中信94購01,0,0,0,0,0,0,0,0,0,-110000,0,0,0,0,110000,-110000,-110000
05492P,聯茂元大95售02  ,0,0,0,0,0,0,0,0,0,-110000,0,0,0,5000,115000,-110000,-110000
050767,京元電元大96購01,0,0,0,0,0,0,0,0,0,-110000,0,0,0,0,110000,-110000,-110000
07317P,T50正2凱基9B售02,0,0,0,0,0,0,0,0,0,-110000,0,0,0,0,110000,-110000,-110000
07252P,台灣50凱基99售01,0,0,0,0,0,0,0,0,0,-110000,0,0,0,0,110000,-110000,-110000
057483,微星元大98購04  ,0,0,0,0,0,0,0,0,0,-111000,0,0,0,25000,136000,-111000,-111000
057132,華新科凱基98購05,0,0,0,0,0,0,0,0,0,-111000,0,0,0,41000,152000,-111000,-111000
059428,國巨元大99購25  ,0,0,0,0,0,0,0,0,0,-111000,0,0,0,46000,157000,-111000,-111000
07279P,台灣50台新99售02,0,0,0,0,0,0,0,0,0,-111000,0,0,0,0,111000,-111000,-111000
057689,南亞科凱基99購02,0,0,0,0,0,0,0,0,0,-113000,0,0,0,105000,218000,-113000,-113000
058730,玉晶光永豐9A購01,0,0,0,0,0,0,0,0,0,-114000,0,0,0,241000,355000,-114000,-114000
6205,詮欣            ,1000,114000,-113000,0,0,0,0,0,0,-1000,0,1000,-1000,0,0,0,-114000
07163P,臺股指群益99售14,0,0,0,0,0,0,0,0,0,-114000,0,0,0,536000,650000,-114000,-114000
06933P,禾伸堂元大98售03,0,0,0,0,0,0,0,0,0,-115000,0,0,0,0,115000,-115000,-115000
07190P,臺股指富邦9C售02,0,0,0,0,0,0,0,0,0,-115000,0,0,0,0,115000,-115000,-115000
07302P,臺股指元大9A售35,0,0,0,0,0,0,0,0,0,-115000,0,0,0,0,115000,-115000,-115000
3532,台勝科          ,264000,349000,-85000,0,0,0,3374,0,3374,-34000,0,3000,-3000,0,31000,-31000,-115626
056659,泰碩元大99購01  ,0,0,0,0,0,0,0,0,0,-118000,0,0,0,12000,130000,-118000,-118000
1618,合機            ,26000,144000,-118000,0,0,0,0,0,0,0,0,0,0,0,0,0,-118000
053818,富邦金群益98購01,0,0,0,0,0,0,0,0,0,-119000,0,0,0,34000,153000,-119000,-119000
06868P,電子類元大99售01,0,0,0,0,0,0,0,0,0,-120000,0,0,0,0,120000,-120000,-120000
07165P,臺股指群益99售16,0,0,0,0,0,0,0,0,0,-120000,0,0,0,0,120000,-120000,-120000
057119,微星康和98購01  ,0,0,0,0,0,0,0,0,0,-122000,0,0,0,68000,190000,-122000,-122000
8112,至上            ,1160000,1252000,-92000,0,0,0,0,8000,-8000,-22000,12000,34000,-22000,0,0,0,-122000
2617,台航            ,64000,182000,-118000,0,0,0,0,0,0,-5000,0,5000,-5000,0,0,0,-123000
057203,麗豐元富98購02  ,0,0,0,0,0,0,0,0,0,-125000,0,0,0,0,125000,-125000,-125000
052822,泰碩永豐97購01  ,0,0,0,0,0,0,0,0,0,-125000,0,0,0,0,125000,-125000,-125000
06173P,華通元大97售02  ,0,0,0,0,0,0,0,0,0,-126000,0,0,0,20000,146000,-126000,-126000
059440,康控元大9B購01  ,0,0,0,0,0,0,0,0,0,-126000,0,0,0,0,126000,-126000,-126000
048832,玉晶光凱基95購02,0,0,0,0,0,0,0,0,0,-127000,0,0,0,44000,171000,-127000,-127000
059573,健策凱基9A購02  ,0,0,0,0,0,0,0,0,0,-128000,0,0,0,0,128000,-128000,-128000
053505,瑞儀兆豐97購01  ,0,0,0,0,0,0,0,0,0,-128000,0,0,0,2000,130000,-128000,-128000
06869P,金融類元大99售01,0,0,0,0,0,0,0,0,0,-129000,0,0,0,0,129000,-129000,-129000
07233P,台灣50元大99售04,0,0,0,0,0,0,0,0,0,-129000,0,0,0,314000,443000,-129000,-129000
059146,貿聯國票9A購02  ,0,0,0,0,0,0,0,0,0,-130000,0,0,0,26000,156000,-130000,-130000
059563,鴻海凱基9A購14  ,0,0,0,0,0,0,0,0,0,-130000,0,0,0,0,130000,-130000,-130000
059648,台表科凱基99購03,0,0,0,0,0,0,0,0,0,-130000,0,0,0,0,130000,-130000,-130000
055324,TPK國票98購03   ,0,0,0,0,0,0,0,0,0,-130000,0,0,0,0,130000,-130000,-130000
058555,矽創永豐9A購01  ,0,0,0,0,0,0,0,0,0,-131000,0,0,0,27000,158000,-131000,-131000
06738P,瑞昱兆豐98售02  ,0,0,0,0,0,0,0,0,0,-131000,0,0,0,0,131000,-131000,-131000
056769,國產元大98購01  ,0,0,0,0,0,0,0,0,0,-131000,0,0,0,0,131000,-131000,-131000
050169,臺指反元大97購01,0,0,0,0,0,0,0,0,0,-131000,0,0,0,0,131000,-131000,-131000
2913,農林            ,277000,402711,-125711,0,0,0,0,0,0,-6000,0,6000,-6000,0,0,0,-131711
059346,新日興凱基99購03,0,0,0,0,0,0,0,0,0,-132000,0,0,0,554000,686000,-132000,-132000
059702,台積電凱基9A購14,0,0,0,0,0,0,0,0,0,-132000,0,0,0,100000,232000,-132000,-132000
056921,京元電兆豐98購01,0,0,0,0,0,0,0,0,0,-132000,0,0,0,60000,192000,-132000,-132000
05359P,嘉澤元大95售02  ,0,0,0,0,0,0,0,0,0,-132000,0,0,0,250000,382000,-132000,-132000
07172P,臺股指國票99售09,0,0,0,0,0,0,0,0,0,-132000,0,0,0,15000,147000,-132000,-132000
059610,上銀永豐99購02  ,0,0,0,0,0,0,0,0,0,-133000,0,0,0,0,133000,-133000,-133000
052221,東元凱基95購01  ,0,0,0,0,0,0,0,0,0,-133000,0,0,0,0,133000,-133000,-133000
055216,友達凱基98購05  ,0,0,0,0,0,0,0,0,0,-133000,0,0,0,0,133000,-133000,-133000
059383,台灣50凱基99購03,0,0,0,0,0,0,0,0,0,-135000,0,0,0,145000,280000,-135000,-135000
05683P,矽創元大96售01  ,0,0,0,0,0,0,0,0,0,-135000,0,0,0,40000,175000,-135000,-135000
059204,台灣50元大01購02,0,0,0,0,0,0,0,0,0,-136000,0,0,0,160000,296000,-136000,-136000
055387,世紀鋼元大97購01,0,0,0,0,0,0,0,0,0,-136000,0,0,0,131000,267000,-136000,-136000
06680P,智邦元大98售06  ,0,0,0,0,0,0,0,0,0,-137000,0,0,0,359000,496000,-137000,-137000
2881A,富邦特          ,53000,0,53000,0,0,0,0,110000,-110000,-80000,3000,83000,-80000,0,0,0,-137000
05264P,微星元大95售02  ,0,0,0,0,0,0,0,0,0,-137000,0,0,0,88000,225000,-137000,-137000
04878P,國巨康和94售02  ,0,0,0,0,0,0,0,0,0,-137000,0,0,0,0,137000,-137000,-137000
059319,台光電元大99購04,0,0,0,0,0,0,0,0,0,-138000,0,0,0,46000,184000,-138000,-138000
055470,南亞科凱基97購01,0,0,0,0,0,0,0,0,0,-138000,0,0,0,0,138000,-138000,-138000
1325,恆大            ,438000,577000,-139000,0,0,0,0,0,0,0,0,0,0,0,0,0,-139000
059568,台積電凱基9A購13,0,0,0,0,0,0,0,0,0,-140000,0,0,0,568000,708000,-140000,-140000
055269,和大元大97購02  ,0,0,0,0,0,0,0,0,0,-140000,0,0,0,0,140000,-140000,-140000
059654,T50反1元大99購09,0,0,0,0,0,0,0,0,0,-141000,0,0,0,0,141000,-141000,-141000
059631,京元電凱基99購02,0,0,0,0,0,0,0,0,0,-141000,0,0,0,35000,176000,-141000,-141000
058975,台灣50凱基01購02,0,0,0,0,0,0,0,0,0,-141000,0,0,0,2000,143000,-141000,-141000
07280P,FBVIX凱基99售01 ,0,0,0,0,0,0,0,0,0,-142000,0,0,0,381000,523000,-142000,-142000
5203,訊連            ,91000,267000,-176000,0,0,0,0,0,0,34000,20000,0,20000,14000,0,14000,-142000
057826,祥碩元大98購08  ,0,0,0,0,0,0,0,0,0,-143000,0,0,0,2000,145000,-143000,-143000
058951,南電群益99購01  ,0,0,0,0,0,0,0,0,0,-145000,0,0,0,51000,196000,-145000,-145000
04116P,京元電元大94售02,0,0,0,0,0,0,0,0,0,-145000,0,0,0,0,145000,-145000,-145000
047673,瑞昱元富96購01  ,0,0,0,0,0,0,0,0,0,-145000,0,0,0,342000,487000,-145000,-145000
00706L,元大S&P日圓正2  ,0,0,0,0,0,0,0,0,0,-145000,0,0,0,0,145000,-145000,-145000
059533,富邦金凱基99購01,0,0,0,0,0,0,0,0,0,-146000,0,0,0,236000,382000,-146000,-146000
059207,臺指反元大9C購02,0,0,0,0,0,0,0,0,0,-147000,0,0,0,3000,150000,-147000,-147000
05063P,聯電元大96售03  ,0,0,0,0,0,0,0,0,0,-148000,0,0,0,26000,174000,-148000,-148000
052231,景碩凱基96購01  ,0,0,0,0,0,0,0,0,0,-148000,0,0,0,0,148000,-148000,-148000
06142P,台虹康和97售02  ,0,0,0,0,0,0,0,0,0,-149000,0,0,0,6000,155000,-149000,-149000
2905,三商            ,203000,349695,-146695,0,0,0,0,0,0,-3000,0,3000,-3000,0,0,0,-149695
057573,京鼎永豐98購02  ,0,0,0,0,0,0,0,0,0,-150000,0,0,0,0,150000,-150000,-150000
059386,上銀凱基99購07  ,0,0,0,0,0,0,0,0,0,-150000,0,0,0,170000,320000,-150000,-150000
055475,臻鼎凱基97購02  ,0,0,0,0,0,0,0,0,0,-150000,0,0,0,0,150000,-150000,-150000
054057,晶豪科國票97購01,0,0,0,0,0,0,0,0,0,-150000,0,0,0,0,150000,-150000,-150000
054149,達方元大96購01  ,0,0,0,0,0,0,0,0,0,-150000,0,0,0,0,150000,-150000,-150000
054875,群電群益97購01  ,0,0,0,0,0,0,0,0,0,-150000,0,0,0,0,150000,-150000,-150000
059591,台積電元大9A購04,0,0,0,0,0,0,0,0,0,-151000,0,0,0,0,151000,-151000,-151000
057300,訊連永豐98購01  ,0,0,0,0,0,0,0,0,0,-151000,0,0,0,0,151000,-151000,-151000
059460,GIS永豐99購02   ,0,0,0,0,0,0,0,0,0,-151000,0,0,0,8000,159000,-151000,-151000
058459,南電永豐99購01  ,0,0,0,0,0,0,0,0,0,-151000,0,0,0,5000,156000,-151000,-151000
07288P,台灣50凱基99售06,0,0,0,0,0,0,0,0,0,-151000,0,0,0,0,151000,-151000,-151000
2520,冠德            ,450000,612000,-162000,0,0,0,0,0,0,10000,10000,0,10000,0,0,0,-152000
059438,群創元大99購06  ,0,0,0,0,0,0,0,0,0,-153000,0,0,0,208000,361000,-153000,-153000
053127,貿聯凱基97購01  ,0,0,0,0,0,0,0,0,0,-155000,0,0,0,200000,355000,-155000,-155000
6005,群益證          ,456000,590000,-134000,0,0,0,3464,25000,-21536,0,0,0,0,0,0,0,-155536
059128,友達中信99購02  ,0,0,0,0,0,0,0,0,0,-156000,0,0,0,408000,564000,-156000,-156000
059188,京元電富邦9B購01,0,0,0,0,0,0,0,0,0,-157000,0,0,0,41000,198000,-157000,-157000
03433B,臺股指元大9C熊01,0,0,0,0,0,0,0,0,0,-157000,0,0,0,0,157000,-157000,-157000
050899,旭富元大95購01  ,0,0,0,0,0,0,0,0,0,-158000,0,0,0,20000,178000,-158000,-158000
2855,統一證          ,121000,250000,-129000,0,0,0,0,30000,-30000,0,0,0,0,0,0,0,-159000
05170P,世芯元大95售01  ,0,0,0,0,0,0,0,0,0,-160000,0,0,0,0,160000,-160000,-160000
2006,東和鋼鐵        ,1273000,611000,662000,0,0,0,8714,2000,6714,-829000,372000,1201000,-829000,0,0,0,-160286
058996,台達電元大99購02,0,0,0,0,0,0,0,0,0,-161000,0,0,0,60000,221000,-161000,-161000
049478,祥碩永豐94購02  ,0,0,0,0,0,0,0,0,0,-162000,0,0,0,0,162000,-162000,-162000
4956,光鋐            ,80000,242000,-162000,0,0,0,0,0,0,0,0,0,0,0,0,0,-162000
053123,京元電凱基96購01,0,0,0,0,0,0,0,0,0,-163000,0,0,0,10000,173000,-163000,-163000
06889P,臺股指元大98售13,0,0,0,0,0,0,0,0,0,-164000,0,0,0,1000,165000,-164000,-164000
049272,世紀鋼元大96購02,0,0,0,0,0,0,0,0,0,-165000,0,0,0,71000,236000,-165000,-165000
03555P,聯電元大02售24  ,0,45000,-45000,0,0,0,0,0,0,-120000,0,0,0,0,120000,-120000,-165000
059626,台積電凱基01購01,0,0,0,0,0,0,0,0,0,-167000,0,0,0,529000,696000,-167000,-167000
053653,京元電凱基96購02,0,0,0,0,0,0,0,0,0,-167000,0,0,0,0,167000,-167000,-167000
059171,祥碩凱基99購04  ,0,0,0,0,0,0,0,0,0,-168000,0,0,0,10000,178000,-168000,-168000
006208,富邦台50        ,6000,8000,-2000,0,0,0,0,0,0,-166000,0,0,0,738000,904000,-166000,-168000
04977P,力成凱基96售01  ,0,0,0,0,0,0,0,0,0,-168000,0,0,0,0,168000,-168000,-168000
2534,宏盛            ,418400,612760,-194360,0,0,0,0,0,0,26000,27000,1000,26000,0,0,0,-168360
3413,京鼎            ,233000,673000,-440000,0,0,0,256000,0,256000,15000,0,4000,-4000,25000,6000,19000,-169000
2059,川湖            ,162000,296000,-134000,0,0,0,867,35000,-34133,-1000,2000,3000,-1000,0,0,0,-169133
053352,義隆兆豐96購01  ,0,0,0,0,0,0,0,0,0,-171000,0,0,0,150000,321000,-171000,-171000
2514,龍邦            ,51000,223000,-172000,0,0,0,0,0,0,0,0,0,0,0,0,0,-172000
06890P,金融類元大98售02,0,0,0,0,0,0,0,0,0,-172000,0,0,0,0,172000,-172000,-172000
2345,智邦            ,2204169,2432000,-227831,0,0,0,110720,4000,106720,-51000,18000,3000,15000,19000,85000,-66000,-172111
058989,茂林凱基99購02  ,0,0,0,0,0,0,0,0,0,-173000,0,0,0,0,173000,-173000,-173000
059569,旺宏凱基99購09  ,0,0,0,0,0,0,0,0,0,-173000,0,0,0,3000,176000,-173000,-173000
6443,元晶            ,113000,286000,-173000,0,0,0,0,0,0,0,0,0,0,0,0,0,-173000
1304,台聚            ,354000,538000,-184000,0,0,0,0,9000,-9000,19000,19000,0,19000,0,0,0,-174000
07161P,臺股指群益99售12,0,0,0,0,0,0,0,0,0,-174000,0,0,0,563000,737000,-174000,-174000
1723,中碳            ,83000,263000,-180000,0,0,0,2290,0,2290,2000,9000,7000,2000,0,0,0,-175710
058920,SGBR2X元富99購06,10000,0,10000,0,0,0,0,0,0,-188000,0,0,0,7000,195000,-188000,-178000
07128P,大毅元大99售04  ,0,0,0,0,0,0,0,0,0,-178000,0,0,0,75000,253000,-178000,-178000
059503,大立光富邦9B購04,0,0,0,0,0,0,0,0,0,-178000,0,0,0,6000,184000,-178000,-178000
058494,可成群益9B購01  ,0,0,0,0,0,0,0,0,0,-178000,0,0,0,48000,226000,-178000,-178000
058399,美律元大99購05  ,0,0,0,0,0,0,0,0,0,-178000,0,0,0,117000,295000,-178000,-178000
6271,同欣電          ,661000,614000,47000,0,0,0,157420,286000,-128580,-98000,1000,100000,-99000,2000,1000,1000,-179580
3023,信邦            ,346735,583000,-236265,0,0,0,50642,1000,49642,7000,0,0,0,7000,0,7000,-179623
051403,玉晶光永豐95購05,0,0,0,0,0,0,0,0,0,-180000,0,0,0,20000,200000,-180000,-180000
04894P,世紀鋼元大94售02,0,0,0,0,0,0,0,0,0,-181000,0,0,0,80000,261000,-181000,-181000
058077,超眾凱基98購02  ,0,0,0,0,0,0,0,0,0,-182000,0,0,0,48000,230000,-182000,-182000
2633,台灣高鐵        ,1870780,1979000,-108220,0,0,0,20398,4000,16398,-94000,2000,95000,-93000,5000,6000,-1000,-185822
00662,富邦NASDAQ      ,10000,9000,1000,0,0,0,0,0,0,-188000,0,0,0,137000,325000,-188000,-187000
052406,力成凱基95購03  ,0,0,0,0,0,0,0,0,0,-188000,0,0,0,40000,228000,-188000,-188000
2231,為升            ,91000,280366,-189366,0,0,0,0,1000,-1000,2000,0,13000,-13000,22000,7000,15000,-188366
056053,和大元大97購05  ,0,0,0,0,0,0,0,0,0,-190000,0,0,0,0,190000,-190000,-190000
2106,建大            ,133000,263000,-130000,0,0,0,9990,2000,7990,-70000,0,70000,-70000,0,0,0,-192010
056211,南港國票98購01  ,0,0,0,0,0,0,0,0,0,-193000,0,0,0,0,193000,-193000,-193000
06684P,緯穎元大98售06  ,0,0,0,0,0,0,0,0,0,-193000,0,0,0,210000,403000,-193000,-193000
07146P,瑞昱元大99售02  ,0,0,0,0,0,0,0,0,0,-194000,0,0,0,16000,210000,-194000,-194000
057320,玉晶光凱基98購01,0,20000,-20000,0,0,0,0,0,0,-176000,0,0,0,300000,476000,-176000,-196000
059529,華新科凱基9A購04,0,0,0,0,0,0,0,0,0,-196000,0,0,0,211000,407000,-196000,-196000
05256P,義隆凱基95售02  ,0,0,0,0,0,0,0,0,0,-197000,0,0,0,0,197000,-197000,-197000
054928,帆宣凱基98購01  ,0,0,0,0,0,0,0,0,0,-198000,0,0,0,0,198000,-198000,-198000
056471,台光電元大99購01,0,0,0,0,0,0,0,0,0,-200000,0,0,0,0,200000,-200000,-200000
053536,明泰永豐96購01  ,0,0,0,0,0,0,0,0,0,-200000,0,0,0,0,200000,-200000,-200000
059431,旺宏元大99購14  ,0,0,0,0,0,0,0,0,0,-200000,0,0,0,13000,213000,-200000,-200000
04452P,超眾國泰95售01  ,0,0,0,0,0,0,0,0,0,-202000,0,0,0,22000,224000,-202000,-202000
057419,奇力新凱基98購06,0,0,0,0,0,0,0,0,0,-203000,0,0,0,0,203000,-203000,-203000
3036,文曄            ,154000,166000,-12000,0,0,0,0,11000,-11000,-181000,18000,198000,-180000,0,1000,-1000,-204000
054271,中石化中信99購01,0,0,0,0,0,0,0,0,0,-205000,0,0,0,0,205000,-205000,-205000
057804,為升元大98購01  ,0,0,0,0,0,0,0,0,0,-206000,0,0,0,0,206000,-206000,-206000
3703,欣陸            ,206000,429443,-223443,0,0,0,0,0,0,17000,17000,0,17000,0,0,0,-206443
057533,晶相光元大98購02,0,0,0,0,0,0,0,0,0,-208000,0,0,0,30000,238000,-208000,-208000
052282,宏達電凱基95購05,0,0,0,0,0,0,0,0,0,-209000,0,0,0,15000,224000,-209000,-209000
1103,嘉泥            ,479000,659000,-180000,0,0,0,0,20000,-20000,-9000,37000,46000,-9000,0,0,0,-209000
052269,T50反1日盛9B購01,0,0,0,0,0,0,0,0,0,-210000,0,0,0,0,210000,-210000,-210000
053517,崇越群益97購01  ,0,0,0,0,0,0,0,0,0,-210000,0,0,0,0,210000,-210000,-210000
05246P,南電元大95售04  ,0,0,0,0,0,0,0,0,0,-210000,0,0,0,20000,230000,-210000,-210000
050441,和碩凱基94購01  ,0,0,0,0,0,0,0,0,0,-210000,0,0,0,99000,309000,-210000,-210000
049700,瀚宇博元大97購01,0,0,0,0,0,0,0,0,0,-210000,0,0,0,0,210000,-210000,-210000
1522,堤維西          ,127000,334000,-207000,0,0,0,0,4000,-4000,0,0,0,0,0,0,0,-211000
057873,義隆元大98購03  ,0,0,0,0,0,0,0,0,0,-212000,0,0,0,53000,265000,-212000,-212000
03016P,滬深2X群益01售09,0,0,0,0,0,0,0,0,0,-212000,0,0,0,0,212000,-212000,-212000
055407,祥碩國泰98購01  ,0,0,0,0,0,0,0,0,0,-212000,0,0,0,30000,242000,-212000,-212000
1108,幸福            ,5000,217000,-212000,0,0,0,0,0,0,0,0,0,0,0,0,0,-212000
059676,台積電台新99購05,0,0,0,0,0,0,0,0,0,-213000,0,0,0,0,213000,-213000,-213000
046942,友達元大99購01  ,0,0,0,0,0,0,0,0,0,-217000,0,0,0,520000,737000,-217000,-217000
3090,日電貿          ,211000,420000,-209000,0,0,0,0,0,0,-8000,0,6000,-6000,0,2000,-2000,-217000
04794P,友達元大96售03  ,0,0,0,0,0,0,0,0,0,-221000,0,0,0,38000,259000,-221000,-221000
055349,京元電凱基97購02,0,0,0,0,0,0,0,0,0,-221000,0,0,0,0,221000,-221000,-221000
059558,T50正2凱基9C購03,0,0,0,0,0,0,0,0,0,-223000,0,0,0,17000,240000,-223000,-223000
9910,豐泰            ,1132000,1381900,-249900,0,0,0,40031,4000,36031,-10000,3000,13000,-10000,0,0,0,-223869
1409,新纖            ,393000,610000,-217000,0,0,0,0,0,0,-7000,0,7000,-7000,0,0,0,-224000
059659,旺宏元大9A購03  ,0,0,0,0,0,0,0,0,0,-225000,0,0,0,5000,230000,-225000,-225000
00693U,街口S&P黃豆     ,191000,0,191000,0,0,0,0,0,0,-416000,0,0,0,274000,690000,-416000,-225000
03414B,臺股指凱基99熊01,0,0,0,0,0,0,0,0,0,-226000,0,0,0,0,226000,-226000,-226000
057017,和大凱基98購01  ,0,0,0,0,0,0,0,0,0,-227000,0,0,0,98000,325000,-227000,-227000
056449,義隆凱基98購03  ,0,0,0,0,0,0,0,0,0,-228000,0,0,0,4000,232000,-228000,-228000
058839,瑞儀中信99購02  ,0,0,0,0,0,0,0,0,0,-231000,0,0,0,145000,376000,-231000,-231000
059385,滬深2X凱基9C購03,0,0,0,0,0,0,0,0,0,-231000,0,0,0,10000,241000,-231000,-231000
07264P,台積電元大99售38,0,0,0,0,0,0,0,0,0,-233000,0,0,0,10000,243000,-233000,-233000
059586,上銀元大9A購02  ,0,0,0,0,0,0,0,0,0,-234000,0,0,0,0,234000,-234000,-234000
057178,可成元大98購03  ,0,0,0,0,0,0,0,0,0,-235000,0,0,0,45000,280000,-235000,-235000
053782,京元電元大98購02,0,0,0,0,0,0,0,0,0,-236000,0,0,0,0,236000,-236000,-236000
07257P,臺股指凱基99售37,0,0,0,0,0,0,0,0,0,-239000,0,0,0,825000,1064000,-239000,-239000
058229,為升元大99購02  ,0,0,0,0,0,0,0,0,0,-240000,0,0,0,0,240000,-240000,-240000
2102,泰豐            ,319000,549000,-230000,0,0,0,0,0,0,-11000,1000,12000,-11000,0,0,0,-241000
07301P,臺股指元大9A售34,0,0,0,0,0,0,0,0,0,-242000,0,0,0,3000,245000,-242000,-242000
058297,茂林凱基9A購02  ,0,0,0,0,0,0,0,0,0,-243000,0,0,0,0,243000,-243000,-243000
07284P,大立光凱基99售10,0,0,0,0,0,0,0,0,0,-249000,0,0,0,211000,460000,-249000,-249000
058802,矽創元大99購02  ,0,0,0,0,0,0,0,0,0,-251000,0,0,0,0,251000,-251000,-251000
07134P,臺股指元大9A售28,0,0,0,0,0,0,0,0,0,-251000,0,0,0,473000,724000,-251000,-251000
2535,達欣工          ,309000,168000,141000,0,0,0,0,1000,-1000,-392000,0,392000,-392000,0,0,0,-252000
052246,超眾康和95購01  ,0,0,0,0,0,0,0,0,0,-254000,0,0,0,0,254000,-254000,-254000
07220P,台灣50中信03售05,0,0,0,0,0,0,0,0,0,-254000,0,0,0,15000,269000,-254000,-254000
04696P,亞德客國泰95售02,0,0,0,0,0,0,0,0,0,-257000,0,0,0,0,257000,-257000,-257000
058413,義隆兆豐99購01  ,0,0,0,0,0,0,0,0,0,-258000,0,0,0,127000,385000,-258000,-258000
3149,正達            ,102000,363000,-261000,0,0,0,0,0,0,0,0,0,0,0,0,0,-261000
054137,聯詠元大97購02  ,0,0,0,0,0,0,0,0,0,-265000,0,0,0,13000,278000,-265000,-265000
07311P,台灣50元大99售09,0,0,0,0,0,0,0,0,0,-265000,0,0,0,0,265000,-265000,-265000
07327P,台灣50群益9A售06,0,0,0,0,0,0,0,0,0,-265000,0,0,0,0,265000,-265000,-265000
2385,群光            ,2652000,2979533,-327533,0,0,0,97630,2000,95630,-35000,4000,12000,-8000,1000,28000,-27000,-266903
04717P,和大凱基94售02  ,0,0,0,0,0,0,0,0,0,-267000,0,0,0,24000,291000,-267000,-267000
04955P,大立光日盛94售02,0,0,0,0,0,0,0,0,0,-267000,0,0,0,113000,380000,-267000,-267000
2103,台橡            ,930000,1180000,-250000,0,0,0,0,0,0,-18000,0,18000,-18000,0,0,0,-268000
052451,旭富元大95購02  ,0,0,0,0,0,0,0,0,0,-268000,0,0,0,18000,286000,-268000,-268000
05452P,亞德客群益95售02,0,0,0,0,0,0,0,0,0,-269000,0,0,0,28000,297000,-269000,-269000
2618,長榮航          ,5898000,6077971,-179971,0,0,0,37001,6000,31001,-122000,57000,151000,-94000,65000,93000,-28000,-270970
059630,美律凱基99購07  ,0,0,0,0,0,0,0,0,0,-271000,0,0,0,5000,276000,-271000,-271000
059637,大立光凱基01購01,0,0,0,0,0,0,0,0,0,-271000,0,0,0,0,271000,-271000,-271000
07291P,臺股指凱基99售43,0,0,0,0,0,0,0,0,0,-272000,0,0,0,39000,311000,-272000,-272000
07010P,T50正2凱基9C售01,0,0,0,0,0,0,0,0,0,-275000,0,0,0,0,275000,-275000,-275000
04786P,鴻海永昌96售01  ,0,0,0,0,0,0,0,0,0,-275000,0,0,0,0,275000,-275000,-275000
2548,華固            ,413000,662000,-249000,0,0,0,3077,5000,-1923,-25000,0,23000,-23000,0,2000,-2000,-275923
051721,玉晶光永豐96購02,0,0,0,0,0,0,0,0,0,-276000,0,0,0,177000,453000,-276000,-276000
2383,台光電          ,1164000,1467000,-303000,0,0,0,1705,1000,705,26000,41000,15000,26000,20000,20000,0,-276295
00692,富邦公司治理    ,1000,3000,-2000,0,0,0,0,0,0,-275000,0,0,0,2209000,2484000,-275000,-277000
1210,大成            ,254000,503914,-249914,0,0,0,4773,6000,-1227,-26000,0,26000,-26000,0,0,0,-277141
047564,滬深2X國票99購01,0,0,0,0,0,0,0,0,0,-279000,0,0,0,0,279000,-279000,-279000
07057P,大立光康和9B售02,0,0,0,0,0,0,0,0,0,-282000,0,0,0,30000,312000,-282000,-282000
00656R,國泰中國A50反1  ,2000,109000,-107000,0,0,0,0,0,0,-176000,0,0,0,49000,225000,-176000,-283000
053888,和大群益97購01  ,0,0,0,0,0,0,0,0,0,-285000,0,0,0,0,285000,-285000,-285000
04618P,電子類群益94售02,0,0,0,0,0,0,0,0,0,-287000,0,0,0,0,287000,-287000,-287000
054427,潤泰全富邦97購01,0,0,0,0,0,0,0,0,0,-292000,0,0,0,4000,296000,-292000,-292000
8131,福懋科          ,187000,468500,-281500,0,0,0,0,3000,-3000,-8000,15000,23000,-8000,0,0,0,-292500
059387,華通凱基9A購03  ,0,0,0,0,0,0,0,0,0,-295000,0,0,0,160000,455000,-295000,-295000
052049,緯創凱基97購01  ,0,0,0,0,0,0,0,0,0,-295000,0,0,0,0,295000,-295000,-295000
05564P,玉晶光元大97售02,0,0,0,0,0,0,0,0,0,-296000,0,0,0,0,296000,-296000,-296000
2441,超豐            ,260000,516000,-256000,0,0,0,4829,8000,-3171,-39000,0,39000,-39000,0,0,0,-298171
2504,國產            ,1158000,1263000,-105000,0,0,0,0,0,0,-194000,0,0,0,0,194000,-194000,-299000
054810,中橡元大9A購01  ,0,0,0,0,0,0,0,0,0,-300000,0,0,0,0,300000,-300000,-300000
051362,台郡元大95購04  ,0,0,0,0,0,0,0,0,0,-300000,0,0,0,0,300000,-300000,-300000
8271,宇瞻            ,372000,667000,-295000,0,0,0,0,0,0,-5000,0,5000,-5000,0,0,0,-300000
055286,晶技元大98購03  ,0,0,0,0,0,0,0,0,0,-301000,0,0,0,0,301000,-301000,-301000
2108,南帝            ,96000,328359,-232359,0,0,0,0,7000,-7000,-63000,3000,66000,-63000,0,0,0,-302359
056529,中環凱基98購01  ,0,0,0,0,0,0,0,0,0,-303000,0,0,0,0,303000,-303000,-303000
3669,圓展            ,118000,391000,-273000,0,0,0,0,0,0,-30000,0,30000,-30000,0,0,0,-303000
2903,遠百            ,412000,618000,-206000,0,0,0,11774,0,11774,-109000,0,109000,-109000,0,0,0,-303226
06852P,臺股指元大98售11,0,0,0,0,0,0,0,0,0,-304000,0,0,0,3000,307000,-304000,-304000
053900,T50反1日盛99購01,0,0,0,0,0,0,0,0,0,-304000,0,0,0,0,304000,-304000,-304000
050135,禾伸堂兆豐95購01,0,0,0,0,0,0,0,0,0,-305000,0,0,0,0,305000,-305000,-305000
1582,信錦            ,83000,386250,-303250,0,0,0,0,1000,-1000,-2000,3000,5000,-2000,0,0,0,-306250
1736,喬山            ,487000,800000,-313000,0,0,0,0,2000,-2000,8000,0,1000,-1000,14000,5000,9000,-307000
055240,京元電元富97購01,0,0,0,0,0,0,0,0,0,-309000,0,0,0,0,309000,-309000,-309000
058911,茂林元大99購04  ,0,0,0,0,0,0,0,0,0,-312000,0,0,0,30000,342000,-312000,-312000
07305P,T50正2群益99售02,0,0,0,0,0,0,0,0,0,-312000,0,0,0,99000,411000,-312000,-312000
2501,國建            ,152000,440700,-288700,0,0,0,10593,0,10593,-34000,0,34000,-34000,0,0,0,-312107
049808,聯詠元大94購03  ,0,0,0,0,0,0,0,0,0,-314000,0,0,0,39000,353000,-314000,-314000
04636P,臺股指群益94售11,0,0,0,0,0,0,0,0,0,-314000,0,0,0,0,314000,-314000,-314000
2023,燁輝            ,134000,448000,-314000,0,0,0,0,0,0,-1000,0,1000,-1000,0,0,0,-315000
2511,太子            ,154000,432000,-278000,0,0,0,0,0,0,-41000,0,41000,-41000,0,0,0,-319000
4927,泰鼎-KY         ,865000,833000,32000,0,0,0,0,360000,-360000,8000,4000,0,4000,10000,6000,4000,-320000
00640L,富邦日本正2     ,0,0,0,0,0,0,0,0,0,-322000,0,0,0,899000,1221000,-322000,-322000
1310,台苯            ,206000,487000,-281000,0,0,0,0,11000,-11000,-31000,0,31000,-31000,0,0,0,-323000
8926,台汽電          ,186000,465000,-279000,0,0,0,0,14000,-14000,-34000,0,34000,-34000,0,0,0,-327000
059647,超眾凱基99購04  ,0,0,0,0,0,0,0,0,0,-330000,0,0,0,33000,363000,-330000,-330000
04915P,鴻海永昌96售02  ,0,0,0,0,0,0,0,0,0,-330000,0,0,0,0,330000,-330000,-330000
059323,新日興元大99購02,0,0,0,0,0,0,0,0,0,-331000,0,0,0,13000,344000,-331000,-331000
059663,旭富元大9C購02  ,0,0,0,0,0,0,0,0,0,-339000,0,0,0,76000,415000,-339000,-339000
1605,華新            ,2091000,2072000,19000,0,0,0,24069,0,24069,-383000,2000,106000,-104000,0,279000,-279000,-339931
059096,百和元大99購04  ,0,0,0,0,0,0,0,0,0,-341000,0,0,0,0,341000,-341000,-341000
056479,玉晶光元大99購05,0,0,0,0,0,0,0,0,0,-345000,0,0,0,99000,444000,-345000,-345000
046630,京元電元富95購03,0,0,0,0,0,0,0,0,0,-346000,0,0,0,0,346000,-346000,-346000
3010,華立            ,48000,411000,-363000,0,0,0,0,4000,-4000,19000,19000,0,19000,0,0,0,-348000
059527,聯發科凱基99購16,0,0,0,0,0,0,0,0,0,-348000,0,0,0,119000,467000,-348000,-348000
053158,茂林元大96購01  ,0,0,0,0,0,0,0,0,0,-349000,0,0,0,0,349000,-349000,-349000
055604,訊芯元大98購02  ,0,0,0,0,0,0,0,0,0,-350000,0,0,0,0,350000,-350000,-350000
058131,義隆元大99購02  ,0,0,0,0,0,0,0,0,0,-351000,0,0,0,104000,455000,-351000,-351000
07263P,台積電元大99售37,0,0,0,0,0,0,0,0,0,-352000,0,0,0,70000,422000,-352000,-352000
07255P,國巨凱基99售15  ,0,0,0,0,0,0,0,0,0,-354000,0,0,0,0,354000,-354000,-354000
8213,志超            ,95000,441000,-346000,0,0,0,0,8000,-8000,-1000,0,0,0,0,1000,-1000,-355000
058750,緯穎凱基9A購03  ,0,0,0,0,0,0,0,0,0,-357000,0,0,0,49000,406000,-357000,-357000
3003,健和興          ,404000,645000,-241000,0,0,0,0,125000,-125000,7000,0,2000,-2000,9000,0,9000,-359000
058339,康友元富99購02  ,0,0,0,0,0,0,0,0,0,-361000,0,0,0,54000,415000,-361000,-361000
059314,上銀元大99購03  ,0,0,0,0,0,0,0,0,0,-364000,0,0,0,121000,485000,-364000,-364000
1707,葡萄王          ,511000,672000,-161000,0,0,0,733,208000,-207267,3000,3000,0,3000,0,0,0,-365267
07300P,臺股指元大9A售33,0,0,0,0,0,0,0,0,0,-366000,0,0,0,51000,417000,-366000,-366000
058391,T50反1元大99購02,0,0,0,0,0,0,0,0,0,-367000,0,0,0,0,367000,-367000,-367000
1712,興農            ,284000,534000,-250000,0,0,0,0,3000,-3000,-116000,0,116000,-116000,0,0,0,-369000
2801,彰銀            ,3814699,3627169,187530,0,0,0,61710,43000,18710,-579000,0,572000,-572000,25000,32000,-7000,-372760
2820,華票            ,372000,691000,-319000,0,0,0,15073,0,15073,-71000,6000,77000,-71000,0,0,0,-374927
2344,華邦電          ,8352000,8789000,-437000,0,0,0,17527,6000,11527,49000,407000,328000,79000,139000,169000,-30000,-376473
07276P,臺股指群益99售19,0,0,0,0,0,0,0,0,0,-378000,0,0,0,558000,936000,-378000,-378000
2015,豐興            ,291000,660700,-369700,0,0,0,6620,4000,2620,-13000,0,13000,-13000,0,0,0,-380080
058427,大毅元富99購01  ,0,0,0,0,0,0,0,0,0,-384000,0,0,0,228000,612000,-384000,-384000
06234P,亞德客元大97售02,0,0,0,0,0,0,0,0,0,-386000,0,0,0,32000,418000,-386000,-386000
05528P,臺股指群益96售01,0,0,0,0,0,0,0,0,0,-391000,0,0,0,5000,396000,-391000,-391000
4942,嘉彰            ,90000,472124,-382124,0,0,0,0,9000,-9000,0,0,0,0,0,0,0,-391124
05089P,亞德客元大95售01,0,0,0,0,0,0,0,0,0,-397000,0,0,0,0,397000,-397000,-397000
054253,宏達電元大97購03,0,0,0,0,0,0,0,0,0,-400000,0,0,0,0,400000,-400000,-400000
056766,義隆元大98購01  ,0,0,0,0,0,0,0,0,0,-404000,0,0,0,234000,638000,-404000,-404000
056065,奇鋐元大97購01  ,0,0,0,0,0,0,0,0,0,-410000,0,0,0,0,410000,-410000,-410000
03253P,台灣50國泰03售02,0,0,0,0,0,0,0,0,0,-410000,0,0,0,0,410000,-410000,-410000
2614,東森            ,316000,728000,-412000,0,0,0,0,0,0,0,0,0,0,0,0,0,-412000
050170,臺指反元大97購02,0,0,0,0,0,0,0,0,0,-413000,0,0,0,0,413000,-413000,-413000
2845,遠東銀          ,891000,1209934,-318934,0,0,0,24674,4000,20674,-116000,0,116000,-116000,0,0,0,-414260
03075X,元展70          ,0,0,0,0,0,0,0,0,0,-420000,0,0,0,0,420000,-420000,-420000
4426,利勤            ,408000,830000,-422000,0,0,0,0,0,0,-1000,0,1000,-1000,0,0,0,-423000
058141,嘉聯益元大99購05,0,0,0,0,0,0,0,0,0,-426000,0,0,0,0,426000,-426000,-426000
054533,泰碩國泰98購01  ,0,0,0,0,0,0,0,0,0,-433000,0,0,0,32000,465000,-433000,-433000
058078,景碩國票99購01  ,0,0,0,0,0,0,0,0,0,-434000,0,0,0,0,434000,-434000,-434000
00639,富邦深100       ,548000,28000,520000,0,0,0,0,0,0,-969000,0,0,0,701000,1670000,-969000,-449000
053627,宏碁兆豐97購01  ,0,0,0,0,0,0,0,0,0,-456000,0,0,0,133000,589000,-456000,-456000
1319,東陽            ,249611,1062000,-812389,0,0,0,355101,3000,352101,4000,26000,22000,4000,0,0,0,-456288
07304P,臺股指元大9A售37,0,0,0,0,0,0,0,0,0,-460000,0,0,0,1000,461000,-460000,-460000
2421,建準            ,1407000,1850000,-443000,0,0,0,0,0,0,-18000,0,18000,-18000,0,0,0,-461000
059065,南電凱基9A購01  ,0,0,0,0,0,0,0,0,0,-462000,0,0,0,207000,669000,-462000,-462000
058241,景碩元大99購05  ,0,0,0,0,0,0,0,0,0,-462000,0,0,0,0,462000,-462000,-462000
2809,京城銀          ,771000,1195000,-424000,0,0,0,5062,4000,1062,-40000,0,40000,-40000,0,0,0,-462938
059646,聯茂凱基99購06  ,0,0,0,0,0,0,0,0,0,-470000,0,0,0,34000,504000,-470000,-470000
040761,T50反1凱基95購02,0,0,0,0,0,0,0,0,0,-472000,0,0,0,1000,473000,-472000,-472000
05634P,玉晶光台新97售01,0,0,0,0,0,0,0,0,0,-473000,0,0,0,34000,507000,-473000,-473000
2369,菱生            ,485000,944000,-459000,0,0,0,0,0,0,-20000,0,20000,-20000,0,0,0,-479000
057202,TPK元富98購02   ,0,0,0,0,0,0,0,0,0,-480000,0,0,0,120000,600000,-480000,-480000
057696,聯電群益9A購01  ,0,0,0,0,0,0,0,0,0,-480000,0,0,0,110000,590000,-480000,-480000
058140,臻鼎元大99購02  ,0,0,0,0,0,0,0,0,0,-490000,0,0,0,33000,523000,-490000,-490000
059375,道瓊反群益9C購02,0,0,0,0,0,0,0,0,0,-491000,0,0,0,0,491000,-491000,-491000
059095,訊芯元大99購01  ,0,0,0,0,0,0,0,0,0,-494000,0,0,0,40000,534000,-494000,-494000
058200,世芯康和99購01  ,0,0,0,0,0,0,0,0,0,-494000,0,0,0,315000,809000,-494000,-494000
9933,中鼎            ,939000,1463000,-524000,0,0,0,6198,0,6198,23000,44000,21000,23000,0,0,0,-494802
056572,義隆元大99購01  ,0,0,0,0,0,0,0,0,0,-497000,0,0,0,27000,524000,-497000,-497000
055920,智伸科凱基97購02,0,0,0,0,0,0,0,0,0,-500000,0,0,0,0,500000,-500000,-500000
047990,臺指反元大96購02,0,0,0,0,0,0,0,0,0,-500000,0,0,0,0,500000,-500000,-500000
055026,健和興國泰98購01,0,0,0,0,0,0,0,0,0,-500000,0,0,0,0,500000,-500000,-500000
055496,高鐵元大97購02  ,0,0,0,0,0,0,0,0,0,-500000,0,0,0,0,500000,-500000,-500000
07306P,台灣50凱基9A售09,0,0,0,0,0,0,0,0,0,-501000,0,0,0,1000,502000,-501000,-501000
07011P,宏達電凱基99售02,0,0,0,0,0,0,0,0,0,-502000,0,0,0,0,502000,-502000,-502000
3563,牧德            ,295000,675000,-380000,0,0,0,0,153000,-153000,23000,0,0,0,25000,2000,23000,-510000
059347,京鼎凱基99購02  ,0,0,0,0,0,0,0,0,0,-514000,0,0,0,31000,545000,-514000,-514000
06983P,台積電國泰9A售02,1000,0,1000,0,0,0,0,0,0,-518000,0,0,0,1265000,1783000,-518000,-517000
08865P,欣興元大01售02  ,0,0,0,0,0,0,0,0,0,-518000,0,0,0,0,518000,-518000,-518000
6282,康舒            ,485000,967000,-482000,0,0,0,0,17000,-17000,-20000,4000,18000,-14000,0,6000,-6000,-519000
07303P,臺股指元大9A售36,0,0,0,0,0,0,0,0,0,-528000,0,0,0,19000,547000,-528000,-528000
058295,欣興凱基99購02  ,0,0,0,0,0,0,0,0,0,-534000,0,0,0,1000,535000,-534000,-534000
059680,台積電國泰9A購03,0,0,0,0,0,0,0,0,0,-541000,0,0,0,100000,641000,-541000,-541000
1476,儒鴻            ,629800,1220000,-590200,0,0,0,56824,2000,54824,-12000,5000,17000,-12000,0,0,0,-547376
06901P,亞德客凱基98售02,0,0,0,0,0,0,0,0,0,-548000,0,0,0,0,548000,-548000,-548000
051121,裕民群益97購01  ,0,0,0,0,0,0,0,0,0,-550000,0,0,0,300000,850000,-550000,-550000
00686R,群益臺灣加權反1 ,0,0,0,0,0,0,0,0,0,-551000,0,0,0,285000,836000,-551000,-551000
058372,欣興凱基99購03  ,0,0,0,0,0,0,0,0,0,-551000,0,0,0,194000,745000,-551000,-551000
048187,臺指反元大96購04,0,0,0,0,0,0,0,0,0,-554000,0,0,0,0,554000,-554000,-554000
6191,精成科          ,679000,1230000,-551000,0,0,0,0,8000,-8000,2000,0,1000,-1000,4000,1000,3000,-557000
058132,義隆元大99購03  ,0,0,0,0,0,0,0,0,0,-567000,0,0,0,75000,642000,-567000,-567000
2448,晶電            ,2530000,3070000,-540000,0,0,0,2923,0,2923,-37000,3000,30000,-27000,2000,12000,-10000,-574077
00670L,富邦NASDAQ正2   ,217000,217000,0,0,0,0,0,0,0,-592000,0,0,0,1474000,2066000,-592000,-592000
2329,華泰            ,990000,1537000,-547000,0,0,0,0,15000,-15000,-31000,0,31000,-31000,0,0,0,-593000
048388,華通國票94購01  ,0,0,0,0,0,0,0,0,0,-600000,0,0,0,0,600000,-600000,-600000
1305,華夏            ,240000,870000,-630000,0,0,0,0,2000,-2000,32000,32000,0,32000,0,0,0,-600000
051580,宏碁元大95購02  ,0,0,0,0,0,0,0,0,0,-610000,0,0,0,0,610000,-610000,-610000
04316P,華新科國票94售05,0,0,0,0,0,0,0,0,0,-620000,0,0,0,260000,880000,-620000,-620000
059191,茂林富邦9B購01  ,0,0,0,0,0,0,0,0,0,-625000,0,0,0,0,625000,-625000,-625000
06766P,玉晶光元大99售10,0,0,0,0,0,0,0,0,0,-627000,0,0,0,218000,845000,-627000,-627000
058908,貿聯元大99購03  ,0,0,0,0,0,0,0,0,0,-643000,0,0,0,230000,873000,-643000,-643000
2474,可成            ,1943861,2549000,-605139,0,0,0,3862,59000,-55138,-2000,12000,29000,-17000,20000,5000,15000,-662277
4934,太極            ,251000,915000,-664000,0,0,0,0,0,0,0,0,0,0,0,0,0,-664000
05600P,玉晶光台新96售04,0,0,0,0,0,0,0,0,0,-665000,0,0,0,0,665000,-665000,-665000
059081,和大元大99購01  ,0,0,0,0,0,0,0,0,0,-670000,0,0,0,0,670000,-670000,-670000
07315P,台積電台新99售06,0,0,0,0,0,0,0,0,0,-675000,0,0,0,0,675000,-675000,-675000
04810P,亞德客元大94售01,0,0,0,0,0,0,0,0,0,-680000,0,0,0,0,680000,-680000,-680000
6176,瑞儀            ,1031000,1484760,-453760,0,0,0,377,5000,-4623,-223000,51000,249000,-198000,5000,30000,-25000,-681383
00738U,元大道瓊白銀    ,797000,51000,746000,0,0,0,0,0,0,-1437000,0,0,0,842000,2279000,-1437000,-691000
4915,致伸            ,496000,1176000,-680000,0,0,0,650,3000,-2350,-11000,6000,17000,-11000,0,0,0,-693350
07245P,台積電凱基99售16,0,0,0,0,0,0,0,0,0,-713000,0,0,0,101000,814000,-713000,-713000
2892,第一金          ,10737044,11057114,-320070,0,0,0,35399,45000,-9601,-395000,0,391000,-391000,0,4000,-4000,-724671
2547,日勝生          ,131000,842200,-711200,0,0,0,0,0,0,-28000,0,28000,-28000,0,0,0,-739200
2356,英業達          ,5720094,6362640,-642546,0,0,0,19311,0,19311,-152000,61000,104000,-43000,10000,119000,-109000,-775235
9958,世紀鋼          ,489114,1099493,-610379,0,0,0,2000,0,2000,-174000,9000,15000,-6000,9000,177000,-168000,-782379
059450,和大永豐99購01  ,0,0,0,0,0,0,0,0,0,-796000,0,0,0,116000,912000,-796000,-796000
3005,神基            ,694000,1378000,-684000,0,0,0,4986,80000,-75014,-51000,0,1000,-1000,11000,61000,-50000,-810014
038489,T50反1台新9A購01,0,0,0,0,0,0,0,0,0,-821000,0,0,0,0,821000,-821000,-821000
07108P,FBVIX台新99售02 ,0,0,0,0,0,0,0,0,0,-839000,0,0,0,16000,855000,-839000,-839000
00653L,富邦印度正2     ,2000,0,2000,0,0,0,0,0,0,-845000,0,0,0,1323000,2168000,-845000,-843000
07208P,台積電凱基99售14,0,0,0,0,0,0,0,0,0,-892000,0,0,0,0,892000,-892000,-892000
2404,漢唐            ,367000,1255000,-888000,0,0,0,1539,1000,539,-11000,6000,32000,-26000,25000,10000,15000,-898461
2355,敬鵬            ,603000,1548000,-945000,0,0,0,0,0,0,38000,48000,14000,34000,8000,4000,4000,-907000
2303,聯電            ,53164595,52324000,840595,0,0,0,79501,2164000,-2084499,292000,317000,93000,224000,155000,87000,68000,-951904
2603,長榮            ,4936000,5640000,-704000,0,0,0,20453,23000,-2547,-278000,6000,284000,-278000,0,0,0,-984547
2885,元大金          ,10680966,11745602,-1064636,0,0,0,77819,40000,37819,41000,76000,14000,62000,0,21000,-21000,-985817
9904,寶成            ,6236321,7139400,-903079,0,0,0,19936,9000,10936,-95000,44000,139000,-95000,0,0,0,-987143
5876,上海商銀        ,3168714,4108414,-939700,0,0,0,16782,17000,-218,-49000,22000,71000,-49000,0,0,0,-988918
057813,京元電元大98購03,0,0,0,0,0,0,0,0,0,-993000,0,0,0,191000,1184000,-993000,-993000
053586,建準元大96購01  ,0,0,0,0,0,0,0,0,0,-998000,0,0,0,0,998000,-998000,-998000
00712,FH富時不動產    ,0,349000,-349000,0,0,0,0,0,0,-650000,0,0,0,160000,810000,-650000,-999000
2834,臺企銀          ,6228000,7225300,-997300,0,0,0,43632,4000,39632,-45000,0,43000,-43000,0,2000,-2000,-1002668
2634,漢翔            ,558000,1566349,-1008349,0,0,0,5342,1000,4342,0,0,0,0,0,0,0,-1004007
1477,聚陽            ,453000,1276000,-823000,0,0,0,56211,1000,55211,-270000,35000,310000,-275000,5000,0,5000,-1037789
07293P,臺股指凱基99售45,0,0,0,0,0,0,0,0,0,-1062000,0,0,0,95000,1157000,-1062000,-1062000
4938,和碩            ,3179364,4353677,-1174313,0,0,0,16936,15000,1936,97000,175000,77000,98000,53000,54000,-1000,-1075377
2376,技嘉            ,1027929,2818000,-1790071,0,0,0,732807,9000,723807,-29000,3000,57000,-54000,56000,31000,25000,-1095264
00654R,富邦印度反1     ,0,108000,-108000,0,0,0,0,0,0,-1043000,0,0,0,121000,1164000,-1043000,-1151000
059683,康控富邦9C購01  ,0,0,0,0,0,0,0,0,0,-1153000,0,0,0,0,1153000,-1153000,-1153000
2107,厚生            ,291000,1455000,-1164000,0,0,0,0,21000,-21000,1000,1000,0,1000,0,0,0,-1184000
1904,正隆            ,1350000,2362000,-1012000,0,0,0,0,163000,-163000,-32000,25000,57000,-32000,0,0,0,-1207000
03033P,微星國票03售01  ,0,0,0,0,0,0,0,0,0,-1214000,0,0,0,0,1214000,-1214000,-1214000
07082P,美律元大99售06  ,0,0,0,0,0,0,0,0,0,-1255000,0,0,0,85000,1340000,-1255000,-1255000
06025P,臺股指元大99售02,0,0,0,0,0,0,0,0,0,-1283000,0,0,0,108000,1391000,-1283000,-1283000
057475,聯電元大9A購01  ,0,0,0,0,0,0,0,0,0,-1291000,0,0,0,217000,1508000,-1291000,-1291000
07292P,臺股指凱基99售44,0,0,0,0,0,0,0,0,0,-1313000,0,0,0,75000,1388000,-1313000,-1313000
059051,和大凱基9A購01  ,0,0,0,0,0,0,0,0,0,-1316000,0,0,0,775000,2091000,-1316000,-1316000
2327,國巨            ,2153590,3196994,-1043404,0,0,0,7908,128000,-120092,-155000,34000,71000,-37000,42000,160000,-118000,-1318496
059389,國巨凱基99購14  ,0,0,0,0,0,0,0,0,0,-1384000,0,0,0,44000,1428000,-1384000,-1384000
3481,群創            ,29842000,28641750,1200250,0,0,0,50549,2105000,-2054451,-544000,2000,429000,-427000,8000,125000,-117000,-1398201
059645,祥碩凱基99購05  ,0,0,0,0,0,0,0,0,0,-1429000,0,0,0,20000,1449000,-1429000,-1429000
3045,台灣大          ,1401769,2850231,-1448462,0,0,0,17012,10000,7012,-21000,1000,22000,-21000,0,0,0,-1462450
00634R,富邦上証反1     ,2000,842000,-840000,0,0,0,0,0,0,-711000,0,0,0,359000,1070000,-711000,-1551000
2367,燿華            ,3486000,5026000,-1540000,0,0,0,3855,9000,-5145,-22000,1000,22000,-21000,15000,16000,-1000,-1567145
6278,台表科          ,1733000,3068814,-1335814,0,0,0,144869,405000,-260131,-37000,0,45000,-45000,12000,4000,8000,-1632945
00638R,元大滬深300反1  ,78000,1587000,-1509000,0,0,0,0,0,0,-156000,0,0,0,543000,699000,-156000,-1665000
057884,華邦電群益98購02,0,0,0,0,0,0,0,0,0,-1800000,0,0,0,20000,1820000,-1800000,-1800000
059273,臺指反元大9C購03,0,0,0,0,0,0,0,0,0,-1820000,0,0,0,3000,1823000,-1820000,-1820000
1102,亞泥            ,3899063,5743817,-1844754,0,0,0,218457,19000,199457,-184000,0,81000,-81000,6000,109000,-103000,-1829297
1101,台泥            ,6286375,9991511,-3705136,0,0,0,2190150,27000,2163150,-293121,0,144121,-144121,2000,151000,-149000,-1835107
00641R,富邦日本反1     ,26000,26000,0,0,0,0,0,0,0,-1898000,0,0,0,104000,2002000,-1898000,-1898000
059401,牧德元富99購01  ,0,0,0,0,0,0,0,0,0,-1995000,0,0,0,252000,2247000,-1995000,-1995000
00672L,元大S&P原油正2  ,29000,48000,-19000,0,0,0,0,0,0,-2023000,0,0,0,1214000,3237000,-2023000,-2042000
03438B,臺股指元大96熊27,0,0,0,0,0,0,0,0,0,-2057000,0,0,0,42000,2099000,-2057000,-2057000
057940,和大國票99購01  ,0,0,0,0,0,0,0,0,0,-2077000,0,0,0,25000,2102000,-2077000,-2077000
07319P,台積電凱基01售02,0,0,0,0,0,0,0,0,0,-2095000,0,0,0,0,2095000,-2095000,-2095000
059559,T50反1凱基99購07,0,0,0,0,0,0,0,0,0,-2115000,0,0,0,90000,2205000,-2115000,-2115000
2408,南亞科          ,10647806,11640000,-992194,0,0,0,48738,1308000,-1259262,133000,457000,335000,122000,89000,78000,11000,-2118456
3711,日月光投控      ,7733012,10123385,-2390373,0,0,0,59575,28000,31575,65000,115000,46000,69000,20000,24000,-4000,-2293798
6116,彩晶            ,1703000,3523000,-1820000,0,0,0,420,0,420,-549000,14000,576000,-562000,20000,7000,13000,-2368580
057954,宏碁元大99購01  ,0,0,0,0,0,0,0,0,0,-2423000,0,0,0,206000,2629000,-2423000,-2423000
1301,台塑            ,2747654,5034000,-2286346,0,0,0,28647,26000,2647,-194000,7000,205000,-198000,4000,0,4000,-2477699
2049,上銀            ,1289000,3748000,-2459000,0,0,0,97285,170890,-73605,30000,97000,69000,28000,12000,10000,2000,-2502605
1216,統一            ,8881197,11608333,-2727136,0,0,0,34449,66000,-31551,192000,308000,109000,199000,4000,11000,-7000,-2566687
059560,T50反1凱基99購08,0,0,0,0,0,0,0,0,0,-2610000,0,0,0,102000,2712000,-2610000,-2610000
058228,為升元大99購01  ,0,0,0,0,0,0,0,0,0,-2770000,0,0,0,0,2770000,-2770000,-2770000
3231,緯創            ,16408840,20171500,-3762660,0,0,0,568233,12000,556233,330000,37000,95000,-58000,495000,107000,388000,-2876427
2317,鴻海            ,20000236,19720905,279331,0,0,0,64505,2917000,-2852495,-342461,126000,138000,-12000,138539,469000,-330461,-2915625
00642U,元大S&P石油     ,50000,1509000,-1459000,0,0,0,0,0,0,-1589000,0,400000,-400000,1352000,2541000,-1189000,-3048000
2610,華航            ,7278000,11215000,-3937000,0,0,0,232524,36000,196524,-54000,0,0,0,0,54000,-54000,-3794476
00664R,國泰臺灣加權反1 ,0,0,0,0,0,0,0,0,0,-3956000,1040000,0,1040000,3386000,8382000,-4996000,-3956000
2812,台中銀          ,1238000,5636412,-4398412,0,0,0,17773,10000,7773,-2000,0,2000,-2000,0,0,0,-4392639
00671R,富邦NASDAQ反1   ,0,0,0,0,0,0,0,0,0,-5386000,0,0,0,916000,6302000,-5386000,-5386000
1504,東元            ,747000,6422000,-5675000,0,0,0,18579,5000,13579,-21000,11000,2000,9000,0,30000,-30000,-5682421
2409,友達            ,52487320,60782172,-8294852,0,0,0,2052163,0,2052163,-46000,2000,14000,-12000,76000,110000,-34000,-6288689
00648R,元大S&P500反1   ,11000,9000,2000,0,0,0,0,0,0,-6931000,0,0,0,521000,7452000,-6931000,-6929000
3037,欣興            ,4153000,11663000,-7510000,0,0,0,676373,202000,474373,-178000,271000,413000,-142000,134000,170000,-36000,-7213627
00676R,富邦臺灣加權反1 ,10000,879000,-869000,0,0,0,0,0,0,-7768000,0,0,0,1798000,9566000,-7768000,-8637000
2337,旺宏            ,6559702,14831000,-8271298,0,0,0,64494,1605000,-1540506,-26000,340000,405000,-65000,202000,163000,39000,-9837804
00669R,國泰美國道瓊反1 ,32000,48000,-16000,0,0,0,0,0,0,-17588000,0,0,0,245000,17833000,-17588000,-17604000
2891,中信金          ,23236080,41005433,-17769353,0,0,0,122630,1258000,-1135370,48000,10000,17000,-7000,62000,7000,55000,-18856723
00715L,街口布蘭特油正2 ,37000,2250000,-2213000,0,0,0,0,0,0,-18430000,0,0,0,5459000,23889000,-18430000,-20643000
00632R,元大台灣50反1   ,3098000,2225000,873000,0,0,0,0,0,0,-160533000,7994000,5165000,2829000,12792000,176154000,-163362000,-159660000
