證券代號,證券名稱,外陸資買進股數(不含外資自營商),外陸資賣出股數(不含外資自營商),外陸資買賣超股數(不含外資自營商),外資自營商買進股數,外資自營商賣出股數,外資自營商買賣超股數,投信買進股數,投信賣出股數,投信買賣超股數,自營商買賣超股數,自營商買進股數(自行買賣),自營商賣出股數(自行買賣),自營商買賣超股數(自行買賣),自營商買進股數(避險),自營商賣出股數(避險),自營商買賣超股數(避險),三大法人買賣超股數
2368,金像電          ,18402000,13766000,4636000,0,0,0,8512000,616000,7896000,2575000,1350000,351000,999000,1882000,306000,1576000,15107000
2324,仁寶            ,15489897,14805000,684897,0,0,0,9331000,34000,9297000,4522000,45000,147000,-102000,4710000,86000,4624000,14503897
2888,新光金          ,21582807,8123000,13459807,0,0,0,0,164000,-164000,542000,69000,22000,47000,1004000,509000,495000,13837807
00876,元大未來關鍵科技,1937000,0,1937000,0,0,0,0,0,0,10032000,0,0,0,10345000,313000,10032000,11969000
00852L,國泰美國道瓊正2 ,2495000,1005000,1490000,0,0,0,0,0,0,8896000,0,0,0,12100000,3204000,8896000,10386000
2002,中鋼            ,11567299,3420440,8146859,0,0,0,0,244000,-244000,-59000,385000,538000,-153000,94000,0,94000,7843859
00861,元大全球未來通訊,2043000,36000,2007000,0,0,0,0,0,0,5045000,0,200000,-200000,5569000,324000,5245000,7052000
1909,榮成            ,6924000,1255000,5669000,0,0,0,0,0,0,-262000,710000,1090000,-380000,118000,0,118000,5407000
1605,華新            ,7185000,1625000,5560000,0,0,0,0,9000,-9000,-158000,39000,0,39000,609000,806000,-197000,5393000
2301,光寶科          ,9491290,3561867,5929423,0,0,0,652000,20000,632000,-1242000,15000,1266000,-1251000,52000,43000,9000,5319423
2412,中華電          ,7833299,3379560,4453739,0,0,0,198000,57481,140519,223000,234000,33000,201000,22000,0,22000,4817258
0050,元大台灣50      ,12080351,5590000,6490351,0,0,0,0,157000,-157000,-1611000,245000,71000,174000,5710000,7495000,-1785000,4722351
2332,友訊            ,5663000,1303000,4360000,0,0,0,0,0,0,2000,222000,183000,39000,95000,132000,-37000,4362000
2504,國產            ,6157000,2358000,3799000,0,0,0,1700000,300000,1400000,-872000,105000,15000,90000,1000,963000,-962000,4327000
1402,遠東新          ,8001104,5591484,2409620,0,0,0,1000000,66000,934000,773000,895000,96000,799000,12000,38000,-26000,4116620
2882,國泰金          ,8343014,4679535,3663479,0,0,0,529000,147833,381167,63000,15000,30000,-15000,240000,162000,78000,4107646
2105,正新            ,4535000,1339000,3196000,0,0,0,677000,31000,646000,-55000,9000,64000,-55000,0,0,0,3787000
03414B,臺股指凱基99熊01,120000,48000,72000,0,0,0,0,0,0,3412000,0,0,0,6358000,2946000,3412000,3484000
2409,友達            ,28450074,24358000,4092074,0,0,0,0,525000,-525000,-146000,445000,364000,81000,539000,766000,-227000,3421074
064676,聚陽兆豐9C購01  ,0,0,0,0,0,0,0,0,0,3421000,0,0,0,3664000,243000,3421000,3421000
3045,台灣大          ,1648299,1766000,-117701,0,0,0,2757000,24571,2732429,725000,1223000,498000,725000,0,0,0,3339728
2883,開發金          ,12837733,11817427,1020306,0,0,0,2671000,118000,2553000,-504000,29000,503000,-474000,0,30000,-30000,3069306
9904,寶成            ,5923286,4049400,1873886,0,0,0,1005000,49000,956000,211000,61000,54000,7000,219000,15000,204000,3040886
2801,彰銀            ,5234527,2052252,3182275,0,0,0,0,104000,-104000,-60000,0,196000,-196000,136000,0,136000,3018275
2880,華南金          ,9243867,6186547,3057320,0,0,0,0,115000,-115000,52000,64000,12000,52000,0,0,0,2994320
0061,元大寶滬深      ,14719000,151000,14568000,0,0,0,0,0,0,-11849000,260000,6300000,-6040000,594000,6403000,-5809000,2719000
2881,富邦金          ,6815272,4644000,2171272,0,0,0,517000,121602,395398,150000,68000,28000,40000,174000,64000,110000,2716670
1515,力山            ,3235000,595000,2640000,0,0,0,0,0,0,54000,7000,48000,-41000,183000,88000,95000,2694000
2892,第一金          ,7420769,5778727,1642042,0,0,0,1077000,122000,955000,94000,94000,0,94000,0,0,0,2691042
2337,旺宏            ,5050000,2408000,2642000,0,0,0,0,0,0,-31000,114000,26000,88000,98000,217000,-119000,2611000
054633,臺股指凱基9A購02,0,0,0,0,0,0,0,0,0,2548000,0,0,0,2706000,158000,2548000,2548000
0056,元大高股息      ,110000,114000,-4000,0,0,0,0,0,0,2485000,0,0,0,2920000,435000,2485000,2481000
00701,國泰股利精選30  ,108000,13000,95000,0,0,0,0,0,0,2257000,0,0,0,2566000,309000,2257000,2352000
067088,啟碁元大01購01  ,0,0,0,0,0,0,0,0,0,2348000,0,0,0,2458000,110000,2348000,2348000
5876,上海商銀        ,3324713,2387000,937713,0,0,0,1000000,22320,977680,377000,256000,155000,101000,308000,32000,276000,2292393
057282,大立光元大99購06,0,0,0,0,0,0,0,0,0,2290000,0,0,0,2559000,269000,2290000,2290000
3231,緯創            ,9756960,7749652,2007308,0,0,0,814000,24000,790000,-508000,27000,401000,-374000,185000,319000,-134000,2289308
065861,台汽電元大9C購01,0,0,0,0,0,0,0,0,0,2104000,0,0,0,2277000,173000,2104000,2104000
045872,元油2X元富98購03,0,0,0,0,0,0,0,0,0,2093000,0,0,0,2093000,0,2093000,2093000
2353,宏碁            ,4614726,2375082,2239644,0,0,0,0,26000,-26000,-132000,129000,147000,-18000,34000,148000,-114000,2081644
1714,和桐            ,2959000,892000,2067000,0,0,0,0,0,0,0,0,0,0,0,0,0,2067000
2356,英業達          ,16664000,9227000,7437000,0,0,0,1556000,451000,1105000,-6479000,447000,2815000,-2368000,96000,4207000,-4111000,2063000
1477,聚陽            ,3502000,2037300,1464700,0,0,0,506000,100000,406000,140000,937000,518000,419000,191000,470000,-279000,2010700
065055,臺股指凱基02購04,0,0,0,0,0,0,0,0,0,1998000,0,0,0,2212000,214000,1998000,1998000
2308,台達電          ,6277716,4162789,2114927,0,0,0,46000,55704,-9704,-113000,122000,196000,-74000,13000,52000,-39000,1992223
063437,聚陽統一01購01  ,0,0,0,0,0,0,0,0,0,1959000,0,0,0,2085000,126000,1959000,1959000
2520,冠德            ,1968000,795000,1173000,0,0,0,1022000,0,1022000,-248000,73000,97000,-24000,66000,290000,-224000,1947000
3034,聯詠            ,3978816,1539915,2438901,0,0,0,0,19727,-19727,-519000,37000,529000,-492000,26000,53000,-27000,1900174
060123,光罩永豐99購02  ,0,0,0,0,0,0,0,0,0,1899000,0,0,0,2227000,328000,1899000,1899000
00640L,富邦日本正2     ,466000,0,466000,0,0,0,0,0,0,1430000,0,0,0,1640000,210000,1430000,1896000
1904,正隆            ,2078000,438000,1640000,0,0,0,0,315000,-315000,517000,0,110000,-110000,627000,0,627000,1842000
00708L,元大S&P黃金正2  ,661000,40000,621000,0,0,0,0,0,0,1200000,0,0,0,1392000,192000,1200000,1821000
2889,國票金          ,3633000,1796000,1837000,0,0,0,0,0,0,-30000,70000,100000,-30000,0,0,0,1807000
06849P,欣興元大98售12  ,0,0,0,0,0,0,0,0,0,1804000,0,0,0,1914000,110000,1804000,1804000
2201,裕隆            ,3218000,1190000,2028000,0,0,0,0,433000,-433000,157000,0,20000,-20000,760000,583000,177000,1752000
6213,聯茂            ,2016852,842157,1174695,0,0,0,619000,0,619000,-42000,30000,76000,-46000,137000,133000,4000,1751695
00692,富邦公司治理    ,36000,36000,0,0,0,0,0,0,0,1747000,0,0,0,2081000,334000,1747000,1747000
2633,台灣高鐵        ,4669746,2862000,1807746,0,0,0,0,44000,-44000,-72000,1000,432000,-431000,419000,60000,359000,1691746
3042,晶技            ,4699000,5315000,-616000,0,0,0,1911000,1000,1910000,392000,401000,105000,296000,619000,523000,96000,1686000
064727,群創統一02購03  ,0,0,0,0,0,0,0,0,0,1651000,0,0,0,1726000,75000,1651000,1651000
056829,台積電富邦9A購01,10000,0,10000,0,0,0,0,0,0,1633000,0,0,0,1643000,10000,1633000,1643000
3017,奇鋐            ,6144000,8155000,-2011000,0,0,0,1167000,0,1167000,2420000,1569000,246000,1323000,1549000,452000,1097000,1576000
1907,永豐餘          ,2796000,923000,1873000,0,0,0,0,0,0,-306000,0,306000,-306000,0,0,0,1567000
066704,創意群益01購02  ,0,0,0,0,0,0,0,0,0,1540000,0,0,0,1592000,52000,1540000,1540000
064482,微星永豐9C購01  ,0,0,0,0,0,0,0,0,0,1532000,0,0,0,1753000,221000,1532000,1532000
6196,帆宣            ,1691000,748000,943000,0,0,0,91000,0,91000,489000,242000,5000,237000,264000,12000,252000,1523000
006205,富邦上証        ,1315000,64000,1251000,0,0,0,0,0,0,270630,0,390000,-390000,2512630,1852000,660630,1521630
054406,旺宏國票98購01  ,0,0,0,0,0,0,0,0,0,1495000,0,0,0,1495000,0,1495000,1495000
6269,台郡            ,2044000,1156000,888000,0,0,0,628000,4000,624000,-35000,139000,126000,13000,61000,109000,-48000,1477000
5880,合庫金          ,6201780,4616409,1585371,0,0,0,0,139000,-139000,18000,18000,0,18000,0,0,0,1464371
066239,拓凱富邦02購01  ,0,0,0,0,0,0,0,0,0,1452000,0,0,0,1664000,212000,1452000,1452000
065815,微星元富9C購01  ,0,0,0,0,0,0,0,0,0,1443000,0,0,0,1445000,2000,1443000,1443000
2385,群光            ,2082000,1124319,957681,0,0,0,449000,7000,442000,34000,7000,17000,-10000,67000,23000,44000,1433681
064656,聚陽元大9C購03  ,0,0,0,0,0,0,0,0,0,1421000,0,0,0,2037000,616000,1421000,1421000
066467,晶碩統一03購01  ,0,0,0,0,0,0,0,0,0,1411000,0,0,0,1772000,361000,1411000,1411000
00639,富邦深100       ,1085000,71000,1014000,0,0,0,0,0,0,392412,10000,130000,-120000,1934412,1422000,512412,1406412
064746,貿聯國票01購02  ,0,0,0,0,0,0,0,0,0,1353000,0,0,0,1461000,108000,1353000,1353000
00636,國泰中國A50     ,860000,61000,799000,0,0,0,0,0,0,481000,53000,200000,-147000,1307000,679000,628000,1280000
2812,台中銀          ,1694000,416000,1278000,0,0,0,0,0,0,0,0,0,0,0,0,0,1278000
08387P,臺股指群益9C售15,0,0,0,0,0,0,0,0,0,1275000,0,0,0,1422000,147000,1275000,1275000
2382,廣達            ,6327038,4592000,1735038,0,0,0,421000,55000,366000,-827000,42000,897000,-855000,69000,41000,28000,1274038
2845,遠東銀          ,1615000,324848,1290152,0,0,0,0,18000,-18000,0,0,0,0,0,0,0,1272152
058188,華擎永豐99購01  ,0,0,0,0,0,0,0,0,0,1262000,0,0,0,1352000,90000,1262000,1262000
1802,台玻            ,1439000,202000,1237000,0,0,0,0,0,0,25000,38000,13000,25000,0,0,0,1262000
066470,惠特統一02購01  ,0,0,0,0,0,0,0,0,0,1257000,0,0,0,1295000,38000,1257000,1257000
063027,台汽電元大9B購01,0,0,0,0,0,0,0,0,0,1233000,0,0,0,1447000,214000,1233000,1233000
065415,台積電兆豐9C購05,0,0,0,0,0,0,0,0,0,1232000,0,0,0,1486000,254000,1232000,1232000
062475,道瓊反國票9B購02,0,0,0,0,0,0,0,0,0,1226000,0,0,0,1226000,0,1226000,1226000
1210,大成            ,1446000,420000,1026000,0,0,0,0,0,0,198000,168000,13000,155000,62000,19000,43000,1224000
00850,元大臺灣ESG永續 ,0,6000,-6000,0,0,0,0,0,0,1196000,0,40000,-40000,1881000,645000,1236000,1190000
00643,群益深証中小    ,649000,74000,575000,0,0,0,0,0,0,610000,150000,200000,-50000,1024000,364000,660000,1185000
1303,南亞            ,4171186,3023430,1147756,0,0,0,460000,103034,356966,-336000,2000,334000,-332000,0,4000,-4000,1168722
1905,華紙            ,1284000,155000,1129000,0,0,0,0,0,0,34000,0,0,0,34000,0,34000,1163000
1312,國喬            ,2104000,873000,1231000,0,0,0,0,0,0,-90000,2000,16000,-14000,0,76000,-76000,1141000
065119,大立光富邦03購03,0,0,0,0,0,0,0,0,0,1122000,0,0,0,1360000,238000,1122000,1122000
1789,神隆            ,2203000,1054000,1149000,0,0,0,0,0,0,-29000,0,0,0,45000,74000,-29000,1120000
08152P,祥碩統一9B售02  ,0,0,0,0,0,0,0,0,0,1109000,0,0,0,1512000,403000,1109000,1109000
1218,泰山            ,1169000,148000,1021000,0,0,0,0,0,0,81000,0,0,0,84000,3000,81000,1102000
045873,元油2X元富98購04,0,0,0,0,0,0,0,0,0,1077000,0,0,0,1077000,0,1077000,1077000
059024,大立光統一9B購04,0,0,0,0,0,0,0,0,0,1073000,0,0,0,1297000,224000,1073000,1073000
9945,潤泰新          ,1416000,3346000,-1930000,0,0,0,0,0,0,3001000,328000,28000,300000,2819000,118000,2701000,1071000
065518,聯鈞群益9C購02  ,0,0,0,0,0,0,0,0,0,1069000,0,0,0,1102000,33000,1069000,1069000
064446,聚陽統一02購02  ,0,0,0,0,0,0,0,0,0,1064000,0,0,0,2114000,1050000,1064000,1064000
055325,佐登國票98購01  ,0,0,0,0,0,0,0,0,0,1048000,0,0,0,1048000,0,1048000,1048000
4904,遠傳            ,3484436,3445000,39436,0,0,0,1000000,20806,979194,24000,83000,59000,24000,0,0,0,1042630
065348,中壽統一9C購02  ,0,0,0,0,0,0,0,0,0,1042000,0,0,0,1103000,61000,1042000,1042000
066291,惠特元大01購01  ,0,0,0,0,0,0,0,0,0,1037000,0,0,0,1143000,106000,1037000,1037000
064809,冠德元大9C購01  ,0,0,0,0,0,0,0,0,0,1023000,0,0,0,1909000,886000,1023000,1023000
060890,大立光統一01購01,0,0,0,0,0,0,0,0,0,1017000,0,0,0,1166000,149000,1017000,1017000
064788,台汽電群益9C購01,0,0,0,0,0,0,0,0,0,1017000,0,0,0,1155000,138000,1017000,1017000
066737,創意元大01購05  ,0,0,0,0,0,0,0,0,0,1010000,0,0,0,1060000,50000,1010000,1010000
07170P,臺股指國票99售07,0,0,0,0,0,0,0,0,0,1001000,0,0,0,1001000,0,1001000,1001000
057458,TPK富邦9A購01   ,0,0,0,0,0,0,0,0,0,998000,0,0,0,998000,0,998000,998000
1590,亞德客-KY       ,1797171,916000,881171,0,0,0,25000,158,24842,80000,8000,21000,-13000,112000,19000,93000,986013
063260,信邦富邦9B購01  ,0,0,0,0,0,0,0,0,0,985000,0,0,0,985000,0,985000,985000
062681,全新統一01購01  ,0,0,0,0,0,0,0,0,0,978000,0,0,0,1119000,141000,978000,978000
065345,台光電統一01購04,0,0,0,0,0,0,0,0,0,977000,0,0,0,1007000,30000,977000,977000
1227,佳格            ,1229000,1354261,-125261,0,0,0,1000000,0,1000000,95000,95000,0,95000,0,0,0,969739
061949,大立光群益9B購03,0,0,0,0,0,0,0,0,0,969000,0,0,0,1019000,50000,969000,969000
00631L,元大台灣50正2   ,11000,8000,3000,0,0,0,0,0,0,963000,0,0,0,3175000,2212000,963000,966000
2360,致茂            ,958000,539000,419000,0,0,0,442000,6000,436000,109000,30000,11000,19000,96000,6000,90000,964000
064712,聚陽統一02購03  ,0,0,0,0,0,0,0,0,0,958000,0,0,0,1240000,282000,958000,958000
047564,滬深2X國票99購01,0,0,0,0,0,0,0,0,0,955000,0,0,0,2013000,1058000,955000,955000
066292,惠特元大01購02  ,0,0,0,0,0,0,0,0,0,946000,0,0,0,946000,0,946000,946000
065533,台光電統一02購03,0,0,0,0,0,0,0,0,0,934000,0,0,0,987000,53000,934000,934000
2014,中鴻            ,1014000,82000,932000,0,0,0,0,0,0,0,0,0,0,0,0,0,932000
2049,上銀            ,1396405,701000,695405,0,0,0,97000,32000,65000,168000,98000,127000,-29000,222000,25000,197000,928405
064382,台積電國泰01購01,0,0,0,0,0,0,0,0,0,924000,0,0,0,1095000,171000,924000,924000
066294,嘉基元大01購01  ,0,0,0,0,0,0,0,0,0,920000,0,0,0,928000,8000,920000,920000
064453,微星統一02購01  ,0,0,0,0,0,0,0,0,0,914000,0,0,0,1263000,349000,914000,914000
053919,可成國票97購02  ,0,0,0,0,0,0,0,0,0,902000,0,0,0,902000,0,902000,902000
063100,聚陽群益9C購02  ,0,0,0,0,0,0,0,0,0,900000,0,0,0,1128000,228000,900000,900000
063950,信邦元大9C購01  ,0,0,0,0,0,0,0,0,0,899000,0,0,0,928000,29000,899000,899000
066242,惠特富邦03購01  ,0,0,0,0,0,0,0,0,0,889000,0,0,0,889000,0,889000,889000
066344,拓凱永豐01購01  ,0,0,0,0,0,0,0,0,0,884000,0,0,0,1036000,152000,884000,884000
2023,燁輝            ,1040000,156000,884000,0,0,0,0,0,0,0,0,0,0,0,0,0,884000
2615,萬海            ,794000,267000,527000,0,0,0,365000,13000,352000,1000,1000,0,1000,0,0,0,880000
063584,南六國泰01購01  ,0,0,0,0,0,0,0,0,0,873000,0,0,0,873000,0,873000,873000
066990,啟碁群益01購01  ,0,0,0,0,0,0,0,0,0,867000,0,0,0,867000,0,867000,867000
9958,世紀鋼          ,1351000,1143000,208000,0,0,0,50000,0,50000,603000,134000,124000,10000,886000,293000,593000,861000
07194P,聯發科元大99售25,0,0,0,0,0,0,0,0,0,860000,0,0,0,1010000,150000,860000,860000
064049,信邦統一01購01  ,0,0,0,0,0,0,0,0,0,853000,0,0,0,1056000,203000,853000,853000
064723,大立光統一02購04,0,0,0,0,0,0,0,0,0,852000,0,0,0,875000,23000,852000,852000
065654,台表科元大9C購12,0,0,0,0,0,0,0,0,0,850000,0,0,0,920000,70000,850000,850000
1304,台聚            ,997000,147000,850000,0,0,0,0,0,0,0,0,0,0,0,0,0,850000
063656,台光電元富03購01,0,0,0,0,0,0,0,0,0,844000,0,0,0,876000,32000,844000,844000
07731P,臺股指凱基9A售28,0,0,0,0,0,0,0,0,0,839000,0,0,0,849000,10000,839000,839000
00680L,元大美債20正2   ,214000,0,214000,0,0,0,0,0,0,612000,0,0,0,619000,7000,612000,826000
063388,台光電兆豐9C購01,0,0,0,0,0,0,0,0,0,820000,0,0,0,871000,51000,820000,820000
1216,統一            ,6270732,5331884,938848,0,0,0,0,100135,-100135,-20000,0,36000,-36000,22000,6000,16000,818713
063446,台光電統一01購02,0,0,0,0,0,0,0,0,0,818000,0,0,0,818000,0,818000,818000
4142,國光生          ,2822000,2010000,812000,0,0,0,0,0,0,0,0,0,0,0,0,0,812000
2838,聯邦銀          ,880000,70000,810000,0,0,0,0,0,0,0,0,0,0,0,0,0,810000
066009,創意統一02購02  ,0,0,0,0,0,0,0,0,0,796000,0,0,0,1777000,981000,796000,796000
6271,同欣電          ,1641000,721904,919096,0,0,0,428000,6000,422000,-547000,193000,676000,-483000,100000,164000,-64000,794096
053965,聯電元大98購04  ,0,0,0,0,0,0,0,0,0,794000,0,0,0,1046000,252000,794000,794000
2607,榮運            ,1010000,217000,793000,0,0,0,0,0,0,0,0,0,0,0,0,0,793000
063661,聚陽統一9C購02  ,0,0,0,0,0,0,0,0,0,785000,0,0,0,886000,101000,785000,785000
08006P,長榮航中信03售01,0,0,0,0,0,0,0,0,0,781000,0,0,0,791000,10000,781000,781000
057583,啟碁中信9A購01  ,0,0,0,0,0,0,0,0,0,778000,0,0,0,808000,30000,778000,778000
063545,華通兆豐9B購03  ,0,0,0,0,0,0,0,0,0,778000,0,0,0,778000,0,778000,778000
053082,聯電元大98購03  ,0,0,0,0,0,0,0,0,0,776000,0,0,0,809000,33000,776000,776000
00653L,富邦印度正2     ,1537000,1604000,-67000,0,0,0,0,0,0,838000,0,0,0,5237000,4399000,838000,771000
06025P,臺股指元大99售02,0,0,0,0,0,0,0,0,0,770000,0,0,0,770000,0,770000,770000
066313,泰豐永豐01購01  ,0,0,0,0,0,0,0,0,0,767000,0,0,0,769000,2000,767000,767000
064940,智伸科元富9C購01,0,0,0,0,0,0,0,0,0,758000,0,0,0,793000,35000,758000,758000
060060,台積電兆豐99購05,0,0,0,0,0,0,0,0,0,755000,0,0,0,755000,0,755000,755000
2501,國建            ,1166050,182000,984050,0,0,0,0,0,0,-237000,0,237000,-237000,0,0,0,747050
08454P,台灣50凱基9C售12,0,0,0,0,0,0,0,0,0,743000,0,0,0,793000,50000,743000,743000
057393,台積電中信02購01,0,0,0,0,0,0,0,0,0,742000,0,0,0,905000,163000,742000,742000
064783,貿聯群益9C購03  ,0,0,0,0,0,0,0,0,0,742000,0,0,0,742000,0,742000,742000
1504,東元            ,2516000,1837000,679000,0,0,0,0,18000,-18000,79000,1000,30000,-29000,148000,40000,108000,740000
2867,三商壽          ,1298000,560000,738000,0,0,0,0,0,0,0,0,0,0,0,0,0,738000
2454,聯發科          ,6999122,5915114,1084008,0,0,0,5000,290921,-285921,-61000,108000,103000,5000,50000,116000,-66000,737087
9802,鈺齊-KY         ,557000,341000,216000,0,0,0,389000,0,389000,132000,67000,5000,62000,91000,21000,70000,737000
3711,日月光投控      ,4290527,3181478,1109049,0,0,0,55000,131000,-76000,-298000,105000,169000,-64000,18000,252000,-234000,735049
063772,智邦富邦9B購02  ,0,0,0,0,0,0,0,0,0,731000,0,0,0,742000,11000,731000,731000
054546,玉晶光中信9B購01,0,0,0,0,0,0,0,0,0,727000,0,0,0,2120000,1393000,727000,727000
063398,信邦群益9B購02  ,0,0,0,0,0,0,0,0,0,724000,0,0,0,724000,0,724000,724000
2897,王道銀行        ,795000,64000,731000,0,0,0,0,7000,-7000,0,0,0,0,0,0,0,724000
1517,利奇            ,841000,118000,723000,0,0,0,0,0,0,0,0,0,0,0,0,0,723000
058210,臺股指凱基9C購04,0,0,0,0,0,0,0,0,0,721000,0,0,0,732000,11000,721000,721000
2371,大同            ,2061000,1969000,92000,0,0,0,0,0,0,623000,742000,97000,645000,0,22000,-22000,715000
064917,元大金統一02購01,0,0,0,0,0,0,0,0,0,712000,0,0,0,823000,111000,712000,712000
057987,大立光元富98購02,0,0,0,0,0,0,0,0,0,711000,0,0,0,2464000,1753000,711000,711000
062220,台光電統一01購01,0,0,0,0,0,0,0,0,0,706000,0,0,0,771000,65000,706000,706000
066926,聚陽國票02購01  ,0,50000,-50000,0,0,0,0,0,0,754000,0,0,0,909000,155000,754000,704000
2393,億光            ,1728000,1087000,641000,0,0,0,0,0,0,59000,10000,45000,-35000,111000,17000,94000,700000
065912,瑞祺永豐9C購02  ,0,0,0,0,0,0,0,0,0,695000,0,0,0,727000,32000,695000,695000
8021,尖點            ,787000,93000,694000,0,0,0,0,0,0,1000,1000,0,1000,0,0,0,695000
066107,惠特國票02購01  ,0,0,0,0,0,0,0,0,0,694000,0,0,0,694000,0,694000,694000
062680,微星統一01購01  ,0,0,0,0,0,0,0,0,0,693000,0,0,0,935000,242000,693000,693000
064774,聚陽群益9C購04  ,0,0,0,0,0,0,0,0,0,693000,0,0,0,865000,172000,693000,693000
064183,聯茂富邦01購01  ,0,0,0,0,0,0,0,0,0,692000,0,0,0,942000,250000,692000,692000
1308,亞聚            ,829000,156000,673000,0,0,0,0,0,0,19000,0,0,0,20000,1000,19000,692000
5871,中租-KY         ,2113000,1477000,636000,0,0,0,0,26687,-26687,79000,85000,4000,81000,3000,5000,-2000,688313
1734,杏輝            ,592000,11000,581000,0,0,0,0,0,0,105000,0,0,0,243000,138000,105000,686000
061702,奇鋐國票9A購02  ,0,0,0,0,0,0,0,0,0,684000,0,0,0,689000,5000,684000,684000
065097,貿聯元大9C購04  ,0,0,0,0,0,0,0,0,0,684000,0,0,0,726000,42000,684000,684000
056892,旺宏元大9A購02  ,0,0,0,0,0,0,0,0,0,680000,0,0,0,1939000,1259000,680000,680000
059296,大立光元富99購06,0,0,0,0,0,0,0,0,0,665000,0,0,0,682000,17000,665000,665000
6456,GIS-KY          ,2294000,1605000,689000,0,0,0,135000,635000,-500000,476000,193000,75000,118000,436000,78000,358000,665000
047504,滬深2X國票9A購01,0,0,0,0,0,0,0,0,0,663000,0,0,0,663000,0,663000,663000
062230,緯穎統一01購01  ,0,0,0,0,0,0,0,0,0,662000,0,0,0,750000,88000,662000,662000
066085,台積電富邦05購01,0,0,0,0,0,0,0,0,0,659000,0,0,0,744000,85000,659000,659000
06836P,玉晶光國票99售06,0,0,0,0,0,0,0,0,0,658000,0,0,0,968000,310000,658000,658000
4968,立積            ,776000,59000,717000,0,0,0,0,17000,-17000,-43000,9000,28000,-19000,42000,66000,-24000,657000
8213,志超            ,888000,253000,635000,0,0,0,0,3000,-3000,25000,8000,1000,7000,37000,19000,18000,657000
063169,台汽電永豐9B購01,0,0,0,0,0,0,0,0,0,656000,0,0,0,742000,86000,656000,656000
066293,惠特元大02購01  ,0,0,0,0,0,0,0,0,0,652000,0,0,0,722000,70000,652000,652000
066819,樺漢兆豐01購01  ,0,0,0,0,0,0,0,0,0,650000,0,0,0,832000,182000,650000,650000
059307,T50反1元大99購06,0,0,0,0,0,0,0,0,0,649000,0,0,0,650000,1000,649000,649000
6278,台表科          ,1535000,1008000,527000,0,0,0,100000,0,100000,20000,376000,351000,25000,164000,169000,-5000,647000
063324,道瓊反國票9B購03,0,0,0,0,0,0,0,0,0,646000,0,0,0,654000,8000,646000,646000
065598,微星元大01購02  ,0,0,0,0,0,0,0,0,0,646000,0,0,0,680000,34000,646000,646000
065012,燿華國泰02購01  ,0,0,0,0,0,0,0,0,0,645000,0,0,0,865000,220000,645000,645000
6116,彩晶            ,3384000,2884000,500000,0,0,0,0,0,0,141000,96000,131000,-35000,249000,73000,176000,641000
057716,神達統一98購01  ,0,0,0,0,0,0,0,0,0,639000,0,0,0,641000,2000,639000,639000
064347,貿聯元大9C購03  ,0,0,0,0,0,0,0,0,0,637000,0,0,0,727000,90000,637000,637000
4935,茂林-KY         ,699000,464000,235000,0,0,0,208000,0,208000,194000,28000,57000,-29000,274000,51000,223000,637000
07410P,鴻海元大99售44  ,0,0,0,0,0,0,0,0,0,635000,0,0,0,635000,0,635000,635000
2312,金寶            ,4725000,4073000,652000,0,0,0,0,0,0,-17000,0,0,0,10000,27000,-17000,635000
061659,信邦永豐9A購01  ,0,0,0,0,0,0,0,0,0,634000,0,0,0,755000,121000,634000,634000
062163,大毅國泰01購01  ,0,0,0,0,0,0,0,0,0,631000,0,0,0,681000,50000,631000,631000
5434,崇越            ,763000,56000,707000,0,0,0,0,0,0,-77000,6000,81000,-75000,8000,10000,-2000,630000
066439,信錦群益02購01  ,0,0,0,0,0,0,0,0,0,629000,0,0,0,639000,10000,629000,629000
00739,元大MSCI A股    ,547000,47000,500000,0,0,0,0,0,0,128000,0,0,0,1089000,961000,128000,628000
9907,統一實          ,824000,196000,628000,0,0,0,0,0,0,0,0,0,0,0,0,0,628000
064464,台郡統一01購01  ,0,0,0,0,0,0,0,0,0,627000,0,0,0,628000,1000,627000,627000
9103,美德醫療-DR     ,38000,169000,-131000,0,0,0,0,0,0,754000,0,0,0,994000,240000,754000,623000
066099,大立光中信05購01,0,0,0,0,0,0,0,0,0,609000,0,0,0,1151000,542000,609000,609000
1722,台肥            ,1367000,710310,656690,0,0,0,0,3000,-3000,-49000,10000,20000,-10000,0,39000,-39000,604690
058270,上緯控永豐99購01,0,0,0,0,0,0,0,0,0,604000,0,0,0,1079000,475000,604000,604000
2354,鴻準            ,1760085,1614890,145195,0,0,0,426000,3709,422291,35000,36000,1000,35000,0,0,0,602486
08371P,京元電凱基9C售01,0,0,0,0,0,0,0,0,0,602000,0,0,0,822000,220000,602000,602000
061844,T50反1國票9C購02,0,0,0,0,0,0,0,0,0,596000,0,0,0,676000,80000,596000,596000
1717,長興            ,1530000,641000,889000,0,0,0,0,322000,-322000,28000,5000,0,5000,23000,0,23000,595000
00655L,國泰中國A50正2  ,210000,190000,20000,0,0,0,0,0,0,574000,0,0,0,3333000,2759000,574000,594000
063287,嘉澤元大9B購05  ,0,0,0,0,0,0,0,0,0,594000,0,0,0,783000,189000,594000,594000
065269,貿聯元大9C購05  ,0,0,0,0,0,0,0,0,0,589000,0,0,0,638000,49000,589000,589000
064239,群創統一02購01  ,0,0,0,0,0,0,0,0,0,587000,0,0,0,679000,92000,587000,587000
2887,台新金          ,5649371,4836248,813123,0,0,0,0,158000,-158000,-69000,23000,15000,8000,0,77000,-77000,586123
063330,神達國票9C購01  ,0,0,0,0,0,0,0,0,0,582000,0,0,0,621000,39000,582000,582000
057616,聯電凱基99購01  ,0,0,0,0,0,0,0,0,0,579000,0,0,0,700000,121000,579000,579000
2206,三陽工業        ,735000,157000,578000,0,0,0,0,0,0,0,0,0,0,0,0,0,578000
062891,台汽電群益9B購01,0,0,0,0,0,0,0,0,0,576000,0,0,0,712000,136000,576000,576000
064704,嘉晶國泰01購01  ,0,0,0,0,0,0,0,0,0,576000,0,0,0,597000,21000,576000,576000
6412,群電            ,643000,76000,567000,0,0,0,0,1000,-1000,9000,0,0,0,9000,0,9000,575000
2027,大成鋼          ,1271460,484000,787460,0,0,0,0,0,0,-214000,10000,175000,-165000,83000,132000,-49000,573460
062597,世紀鋼統一01購01,0,0,0,0,0,0,0,0,0,571000,0,0,0,2655000,2084000,571000,571000
1229,聯華            ,785000,227000,558000,0,0,0,0,0,0,12000,0,0,0,12000,0,12000,570000
6141,柏承            ,998000,428000,570000,0,0,0,0,0,0,0,0,0,0,0,0,0,570000
064398,聚陽凱基01購01  ,0,0,0,0,0,0,0,0,0,568000,0,0,0,841000,273000,568000,568000
063495,台光電富邦9C購01,0,0,0,0,0,0,0,0,0,568000,0,0,0,638000,70000,568000,568000
064466,聯電元富9C購01  ,0,0,0,0,0,0,0,0,0,566000,0,0,0,666000,100000,566000,566000
066139,拓凱群益01購01  ,0,0,0,0,0,0,0,0,0,562000,0,0,0,796000,234000,562000,562000
00646,元大S&P500      ,16000,14000,2000,0,0,0,0,0,0,560000,1000,0,1000,793000,234000,559000,562000
066486,台光電元富01購02,0,0,0,0,0,0,0,0,0,560000,0,0,0,570000,10000,560000,560000
00647L,元大S&P500正2   ,9000,9000,0,0,0,0,0,0,0,557000,0,0,0,660000,103000,557000,557000
065387,台光電兆豐9C購02,0,0,0,0,0,0,0,0,0,556000,0,0,0,603000,47000,556000,556000
9910,豐泰            ,1750200,1172048,578152,0,0,0,0,10538,-10538,-15000,25000,0,25000,0,40000,-40000,552614
060375,葡萄王元富9A購01,0,0,0,0,0,0,0,0,0,548000,0,0,0,548000,0,548000,548000
2905,三商            ,772000,226000,546000,0,0,0,0,0,0,0,0,0,0,0,0,0,546000
062687,華擎統一01購02  ,0,0,0,0,0,0,0,0,0,544000,0,0,0,1115000,571000,544000,544000
064444,聚陽統一01購02  ,0,0,0,0,0,0,0,0,0,544000,0,0,0,1635000,1091000,544000,544000
062028,晶技群益9B購01  ,0,0,0,0,0,0,0,0,0,540000,0,0,0,601000,61000,540000,540000
08392P,上銀群益9C售01  ,0,0,0,0,0,0,0,0,0,539000,0,0,0,679000,140000,539000,539000
07720P,臺股指群益9A售09,0,0,0,0,0,0,0,0,0,538000,0,0,0,630000,92000,538000,538000
5469,瀚宇博          ,2531000,1834627,696373,0,0,0,0,0,0,-159000,139000,342000,-203000,117000,73000,44000,537373
08189P,超眾群益9B售04  ,0,0,0,0,0,0,0,0,0,536000,0,0,0,536000,0,536000,536000
06552P,茂林元大99售02  ,0,0,0,0,0,0,0,0,0,536000,0,0,0,573000,37000,536000,536000
064173,國產元富9C購01  ,0,0,0,0,0,0,0,0,0,532000,0,0,0,549000,17000,532000,532000
063596,嘉澤中信9B購01  ,0,0,0,0,0,0,0,0,0,532000,0,0,0,748000,216000,532000,532000
059580,大立光元富99購07,0,0,0,0,0,0,0,0,0,531000,0,0,0,533000,2000,531000,531000
066204,京鼎統一02購01  ,0,0,0,0,0,0,0,0,0,530000,0,0,0,879000,349000,530000,530000
060428,瑞祺永豐9A購01  ,0,0,0,0,0,0,0,0,0,530000,0,0,0,653000,123000,530000,530000
065047,群創凱基9C購01  ,0,0,0,0,0,0,0,0,0,527000,0,0,0,569000,42000,527000,527000
5522,遠雄            ,1097000,570000,527000,0,0,0,0,0,0,0,0,0,0,0,0,0,527000
2436,偉詮電          ,913000,395000,518000,0,0,0,0,0,0,8000,8000,0,8000,0,0,0,526000
064346,貿聯元大01購01  ,0,0,0,0,0,0,0,0,0,522000,0,0,0,623000,101000,522000,522000
061944,聯電群益9B購01  ,0,0,0,0,0,0,0,0,0,521000,0,0,0,568000,47000,521000,521000
066279,拓凱元大01購01  ,0,0,0,0,0,0,0,0,0,518000,0,0,0,922000,404000,518000,518000
063663,台光電統一9C購01,0,0,0,0,0,0,0,0,0,516000,0,0,0,565000,49000,516000,516000
07991P,鴻海群益9C售02  ,0,0,0,0,0,0,0,0,0,515000,0,0,0,515000,0,515000,515000
057740,茂林富邦9A購01  ,0,0,0,0,0,0,0,0,0,512000,0,0,0,584000,72000,512000,512000
066188,訊芯凱基01購01  ,0,0,0,0,0,0,0,0,0,510000,0,0,0,510000,0,510000,510000
04006P,滬深2X國票9B售01,0,0,0,0,0,0,0,0,0,509000,0,0,0,509000,0,509000,509000
057778,大立光群益98購02,0,0,0,0,0,0,0,0,0,508000,0,0,0,613000,105000,508000,508000
066474,微星麥證01購01  ,0,0,0,551000,45000,506000,0,0,0,505000,0,0,0,551000,46000,505000,505000
064033,茂林元大9C購02  ,0,0,0,0,0,0,0,0,0,503000,0,0,0,691000,188000,503000,503000
065642,台積電元大9C購13,0,0,0,0,0,0,0,0,0,503000,0,0,0,864000,361000,503000,503000
056774,和鑫元大98購01  ,0,0,0,0,0,0,0,0,0,500000,0,0,0,500000,0,500000,500000
065531,聯電統一01購01  ,0,0,0,0,0,0,0,0,0,500000,0,0,0,500000,0,500000,500000
08567P,台勝科群益9C售01,0,0,0,0,0,0,0,0,0,499000,0,0,0,499000,0,499000,499000
08840P,臺股指麥證01售07,0,0,0,503000,5000,498000,0,0,0,498000,0,0,0,503000,5000,498000,498000
065489,臺股指元大9C購31,0,0,0,0,0,0,0,0,0,497000,0,0,0,499000,2000,497000,497000
054759,台化國票98購01  ,0,0,0,0,0,0,0,0,0,496000,0,0,0,496000,0,496000,496000
3437,榮創            ,1370000,879000,491000,0,0,0,0,0,0,1000,2000,1000,1000,0,0,0,492000
065445,台光電統一01購05,0,0,0,0,0,0,0,0,0,488000,0,0,0,538000,50000,488000,488000
006207,FH滬深          ,319000,91000,228000,0,0,0,0,0,0,259000,120000,30000,90000,1305000,1136000,169000,487000
059295,大立光元富99購05,0,0,0,0,0,0,0,0,0,487000,0,0,0,560000,73000,487000,487000
062062,貿聯統一01購01  ,0,0,0,0,0,0,0,0,0,487000,0,0,0,512000,25000,487000,487000
066968,技嘉元富07購01  ,0,0,0,0,0,0,0,0,0,485000,0,0,0,826000,341000,485000,485000
062401,信邦永豐9B購01  ,0,0,0,0,0,0,0,0,0,485000,0,0,0,553000,68000,485000,485000
062410,台積電第一9B購02,0,0,0,0,0,0,0,0,0,485000,0,0,0,513000,28000,485000,485000
2536,宏普            ,569000,95000,474000,0,0,0,0,0,0,10000,10000,0,10000,0,0,0,484000
056531,佳世達凱基98購01,0,0,0,0,0,0,0,0,0,483000,0,0,0,483000,0,483000,483000
057041,國巨元大99購04  ,0,0,0,0,0,0,0,0,0,481000,0,0,0,488000,7000,481000,481000
066253,泰豐元大01購01  ,0,0,0,0,0,0,0,0,0,476000,0,0,0,752000,276000,476000,476000
064531,旭富兆豐9C購01  ,0,0,0,0,0,0,0,0,0,475000,0,0,0,496000,21000,475000,475000
064726,創意統一01購03  ,0,0,0,0,0,0,0,0,0,474000,0,0,0,763000,289000,474000,474000
066382,拓凱康和01購01  ,0,0,0,0,0,0,0,0,0,472000,0,0,0,472000,0,472000,472000
07100P,華航元大99售01  ,0,0,0,0,0,0,0,0,0,472000,0,0,0,472000,0,472000,472000
066485,台光電元富01購01,0,0,0,0,0,0,0,0,0,470000,0,0,0,480000,10000,470000,470000
061969,大立光統一01購02,0,0,0,0,0,0,0,0,0,469000,0,0,0,690000,221000,469000,469000
066219,惠特元富01購01  ,0,0,0,0,0,0,0,0,0,467000,0,0,0,507000,40000,467000,467000
062679,技嘉統一01購01  ,0,0,0,0,0,0,0,0,0,466000,0,0,0,696000,230000,466000,466000
065210,健策國票01購03  ,0,0,0,0,0,0,0,0,0,466000,0,0,0,474000,8000,466000,466000
2101,南港            ,805000,357000,448000,0,0,0,0,0,0,16000,44000,0,44000,29000,57000,-28000,464000
057765,康舒凱基98購01  ,0,0,0,0,0,0,0,0,0,460000,0,0,0,470000,10000,460000,460000
066535,台積電兆豐01購01,0,0,0,0,0,0,0,0,0,457000,0,0,0,1361000,904000,457000,457000
064711,國喬統一02購01  ,0,0,0,0,0,0,0,0,0,457000,0,0,0,457000,0,457000,457000
058325,昇陽半永豐99購01,0,0,0,0,0,0,0,0,0,455000,0,0,0,490000,35000,455000,455000
08407P,臺股指元大9C售13,0,0,0,0,0,0,0,0,0,452000,0,0,0,454000,2000,452000,452000
08249P,聯發科群益9C售06,0,0,0,0,0,0,0,0,0,450000,0,0,0,500000,50000,450000,450000
08470P,世芯凱基9C售02  ,0,0,0,0,0,0,0,0,0,449000,0,0,0,517000,68000,449000,449000
062798,台光電統一9B購01,0,0,0,0,0,0,0,0,0,448000,0,0,0,573000,125000,448000,448000
1104,環泥            ,566000,171000,395000,0,0,0,0,0,0,50000,50000,0,50000,0,0,0,445000
2414,精技            ,499000,63000,436000,0,0,0,0,0,0,7000,7000,0,7000,0,0,0,443000
6230,超眾            ,1058000,778000,280000,0,0,0,0,280000,-280000,442000,184000,23000,161000,331000,50000,281000,442000
059949,啟碁永豐99購01  ,0,0,0,0,0,0,0,0,0,441000,0,0,0,456000,15000,441000,441000
055622,群創國泰99購01  ,0,0,0,0,0,0,0,0,0,440000,0,0,0,440000,0,440000,440000
058630,日月光國票9A購01,0,0,0,0,0,0,0,0,0,437000,0,0,0,438000,1000,437000,437000
062976,嘉澤元富9B購01  ,0,0,0,0,0,0,0,0,0,437000,0,0,0,437000,0,437000,437000
00638R,元大滬深300反1  ,124000,111000,13000,0,0,0,0,0,0,423000,0,0,0,1300000,877000,423000,436000
067007,拓凱永豐01購02  ,0,0,0,0,0,0,0,0,0,433000,0,0,0,437000,4000,433000,433000
2421,建準            ,1190000,1186000,4000,0,0,0,0,2000,-2000,431000,0,0,0,525000,94000,431000,433000
065451,台表科統一02購04,0,0,0,0,0,0,0,0,0,431000,0,0,0,578000,147000,431000,431000
058936,國喬中信99購01  ,0,0,0,0,0,0,0,0,0,430000,0,0,0,454000,24000,430000,430000
060434,台汽電永豐9A購01,0,0,0,0,0,0,0,0,0,430000,0,0,0,603000,173000,430000,430000
6533,晶心科          ,692000,263000,429000,0,0,0,0,0,0,0,0,0,0,0,0,0,429000
08535P,和大國票01售02  ,0,0,0,0,0,0,0,0,0,424000,0,0,0,540000,116000,424000,424000
062874,微星兆豐9B購01  ,0,0,0,0,0,0,0,0,0,424000,0,0,0,444000,20000,424000,424000
08337P,台灣50凱基01售15,0,0,0,0,0,0,0,0,0,423000,0,0,0,639000,216000,423000,423000
058769,友達兆豐99購01  ,0,0,0,0,0,0,0,0,0,422000,0,0,0,595000,173000,422000,422000
061184,大立光國泰9C購01,0,0,0,0,0,0,0,0,0,422000,0,0,0,437000,15000,422000,422000
058313,台積電富邦9B購04,0,0,0,0,0,0,0,0,0,420000,0,0,0,520000,100000,420000,420000
063237,微星元大9B購02  ,0,0,0,0,0,0,0,0,0,420000,0,0,0,529000,109000,420000,420000
060047,道瓊反凱基99購01,0,0,0,0,0,0,0,0,0,420000,0,0,0,420000,0,420000,420000
055063,玉晶光永豐99購01,0,0,0,0,0,0,0,0,0,419000,0,0,0,634000,215000,419000,419000
2511,太子            ,520000,101000,419000,0,0,0,0,0,0,0,0,0,0,0,0,0,419000
064709,瑞祺永豐9C購01  ,0,0,0,0,0,0,0,0,0,418000,0,0,0,458000,40000,418000,418000
063173,矽格中信9B購01  ,0,0,0,0,0,0,0,0,0,415000,0,0,0,429000,14000,415000,415000
064966,FBVIX元大9C購03 ,0,0,0,0,0,0,0,0,0,414000,0,0,0,558000,144000,414000,414000
053095,台光電統一98購01,0,0,0,0,0,0,0,0,0,413000,0,0,0,446000,33000,413000,413000
00668,國泰美國道瓊    ,6000,42000,-36000,0,0,0,0,0,0,447000,0,0,0,648000,201000,447000,411000
056211,南港國票98購01  ,0,0,0,0,0,0,0,0,0,410000,0,0,0,421000,11000,410000,410000
057941,聯電國票99購01  ,0,0,0,0,0,0,0,0,0,410000,0,0,0,500000,90000,410000,410000
059623,聯電凱基99購02  ,0,0,0,0,0,0,0,0,0,410000,0,0,0,467000,57000,410000,410000
6443,元晶            ,2037000,828000,1209000,0,0,0,0,0,0,-800000,0,800000,-800000,0,0,0,409000
066679,微星兆豐01購01  ,0,0,0,0,0,0,0,0,0,407000,0,0,0,427000,20000,407000,407000
056356,台積電元大99購01,0,0,0,0,0,0,0,0,0,407000,0,0,0,524000,117000,407000,407000
065521,貿聯群益9C購04  ,0,0,0,0,0,0,0,0,0,407000,0,0,0,425000,18000,407000,407000
066369,瀚宇博中信01購01,0,0,0,0,0,0,0,0,0,405000,0,0,0,738000,333000,405000,405000
8016,矽創            ,685000,287000,398000,0,0,0,0,0,0,7000,1000,0,1000,21000,15000,6000,405000
066213,惠特統一03購01  ,0,0,0,0,0,0,0,0,0,404000,0,0,0,408000,4000,404000,404000
062534,力成統一01購01  ,0,10000,-10000,0,0,0,0,0,0,414000,0,0,0,414000,0,414000,404000
1762,中化生          ,1055000,437000,618000,0,0,0,0,215000,-215000,0,0,2000,-2000,2000,0,2000,403000
055613,全新國票98購01  ,0,0,0,0,0,0,0,0,0,402000,0,0,0,402000,0,402000,402000
057555,玉晶光凱基9A購02,0,0,0,0,0,0,0,0,0,400000,0,0,0,576000,176000,400000,400000
052413,上証反中信97購01,0,0,0,0,0,0,0,0,0,400000,0,0,0,400000,0,400000,400000
057281,大立光元大98購16,0,0,0,0,0,0,0,0,0,400000,0,0,0,400000,0,400000,400000
061905,上証反中信03購01,0,0,0,0,0,0,0,0,0,400000,0,0,0,760000,360000,400000,400000
2610,華航            ,3659000,3197000,462000,0,0,0,0,14000,-14000,-48000,2000,0,2000,0,50000,-50000,400000
061553,南電群益9A購03  ,0,0,0,0,0,0,0,0,0,398000,0,0,0,700000,302000,398000,398000
065885,神達元富9C購01  ,0,0,0,0,0,0,0,0,0,398000,0,0,0,398000,0,398000,398000
064295,聚陽國票01購01  ,0,0,0,0,0,0,0,0,0,398000,0,0,0,532000,134000,398000,398000
062236,信邦凱基9B購01  ,0,0,0,0,0,0,0,0,0,397000,0,0,0,427000,30000,397000,397000
062100,矽格永豐9B購01  ,0,0,0,0,0,0,0,0,0,394000,0,0,0,397000,3000,394000,394000
9933,中鼎            ,635000,744000,-109000,0,0,0,528000,0,528000,-25000,0,0,0,0,25000,-25000,394000
06851P,鈺齊元大98售01  ,0,0,0,0,0,0,0,0,0,392000,0,0,0,402000,10000,392000,392000
045189,大立光元富98購01,0,0,0,0,0,0,0,0,0,392000,0,0,0,392000,0,392000,392000
1718,中纖            ,537000,114000,423000,0,0,0,0,0,0,-31000,9000,40000,-31000,0,0,0,392000
066558,創意元大01購04  ,0,0,0,0,0,0,0,0,0,390000,0,0,0,490000,100000,390000,390000
00651R,FH香港反1       ,0,8000,-8000,0,0,0,0,0,0,397000,0,0,0,879000,482000,397000,389000
061767,信邦元大9B購01  ,0,0,0,0,0,0,0,0,0,389000,0,0,0,536000,147000,389000,389000
06371P,茂林國票98售04  ,0,0,0,0,0,0,0,0,0,389000,0,0,0,415000,26000,389000,389000
08243P,祥碩凱基9C售02  ,0,0,0,0,0,0,0,0,0,388000,0,0,0,948000,560000,388000,388000
057289,力成元大98購03  ,0,0,0,0,0,0,0,0,0,386000,0,0,0,386000,0,386000,386000
059943,信邦永豐99購01  ,0,0,0,0,0,0,0,0,0,386000,0,0,0,390000,4000,386000,386000
066855,樺漢元大01購03  ,0,0,0,0,0,0,0,0,0,385000,0,0,0,739000,354000,385000,385000
064898,國產群益9C購01  ,0,0,0,0,0,0,0,0,0,385000,0,0,0,772000,387000,385000,385000
066288,晶碩元大01購01  ,0,0,0,0,0,0,0,0,0,384000,0,0,0,415000,31000,384000,384000
058012,鈺齊國票99購01  ,0,0,0,0,0,0,0,0,0,384000,0,0,0,504000,120000,384000,384000
056586,光罩統一98購02  ,0,0,0,0,0,0,0,0,0,384000,0,0,0,533000,149000,384000,384000
066352,晶碩永豐01購01  ,0,0,0,0,0,0,0,0,0,383000,0,0,0,483000,100000,383000,383000
065523,茂林群益9C購03  ,0,0,0,0,0,0,0,0,0,382000,0,0,0,580000,198000,382000,382000
2542,興富發          ,1959441,1675000,284441,0,0,0,0,0,0,97000,181000,182000,-1000,98000,0,98000,381441
052807,貿聯元大98購01  ,0,0,0,0,0,0,0,0,0,380000,0,0,0,380000,0,380000,380000
1309,台達化          ,605000,315000,290000,0,0,0,0,0,0,90000,90000,0,90000,0,0,0,380000
00830,國泰費城半導體  ,22000,22000,0,0,0,0,0,0,0,379000,0,0,0,500000,121000,379000,379000
065900,瑞祺國泰02購01  ,0,0,0,0,0,0,0,0,0,378000,0,0,0,378000,0,378000,378000
06466P,台積電統一9B售01,0,0,0,0,0,0,0,0,0,378000,0,0,0,378000,0,378000,378000
00737,國泰AI+Robo     ,512000,16000,496000,0,0,0,0,0,0,-119000,0,0,0,410000,529000,-119000,377000
065677,南亞科統一03購02,0,0,0,0,0,0,0,0,0,377000,0,0,0,388000,11000,377000,377000
053396,漢唐中信9A購01  ,0,0,0,0,0,0,0,0,0,376000,0,0,0,401000,25000,376000,376000
063887,香港2X中信02購01,0,0,0,0,0,0,0,0,0,376000,0,0,0,379000,3000,376000,376000
1314,中石化          ,1617000,1040000,577000,0,0,0,0,10000,-10000,-191000,1000,150000,-149000,0,42000,-42000,376000
066871,台表科元富07購01,0,0,0,0,0,0,0,0,0,375000,0,0,0,380000,5000,375000,375000
059003,中壽元大99購01  ,0,0,0,0,0,0,0,0,0,375000,0,0,0,375000,0,375000,375000
063677,台光電國泰9C購02,0,0,0,0,0,0,0,0,0,375000,0,0,0,375000,0,375000,375000
066289,晶碩元大02購01  ,0,0,0,0,0,0,0,0,0,371000,0,0,0,447000,76000,371000,371000
064731,台郡統一01購02  ,0,0,0,0,0,0,0,0,0,369000,0,0,0,369000,0,369000,369000
07670P,茂林元大9A售02  ,0,0,0,0,0,0,0,0,0,366000,0,0,0,418000,52000,366000,366000
058801,致伸元大99購01  ,0,0,0,0,0,0,0,0,0,365000,0,0,0,370000,5000,365000,365000
055161,貿聯元大98購03  ,0,0,0,0,0,0,0,0,0,360000,0,0,0,360000,0,360000,360000
063761,嘉澤統一02購01  ,0,0,0,0,0,0,0,0,0,360000,0,0,0,534000,174000,360000,360000
049894,嘉聯益富邦98購01,0,0,0,0,0,0,0,0,0,359000,0,0,0,359000,0,359000,359000
058144,聯茂元大99購02  ,0,0,0,0,0,0,0,0,0,359000,0,0,0,427000,68000,359000,359000
3661,世芯-KY         ,1699000,1075500,623500,0,0,0,0,228000,-228000,-37000,17000,43000,-26000,0,11000,-11000,358500
08331P,義隆元富9C售02  ,0,0,0,0,0,0,0,0,0,358000,0,0,0,574000,216000,358000,358000
064296,奇鋐國票01購01  ,0,0,0,0,0,0,0,0,0,356000,0,0,0,408000,52000,356000,356000
1217,愛之味          ,775000,419000,356000,0,0,0,0,0,0,0,0,0,0,0,0,0,356000
058101,台積電富邦9C購01,0,0,0,0,0,0,0,0,0,355000,0,0,0,510000,155000,355000,355000
061612,南六統一9A購01  ,0,0,0,0,0,0,0,0,0,355000,0,0,0,358000,3000,355000,355000
064639,聚陽凱基02購01  ,0,0,0,0,0,0,0,0,0,355000,0,0,0,635000,280000,355000,355000
057009,信邦中信99購01  ,0,0,0,0,0,0,0,0,0,354000,0,0,0,493000,139000,354000,354000
065928,創意國票02購01  ,0,0,0,0,0,0,0,0,0,354000,0,0,0,427000,73000,354000,354000
062228,南六統一02購01  ,0,0,0,0,0,0,0,0,0,353000,0,0,0,458000,105000,353000,353000
061124,微星永豐9A購02  ,0,0,0,0,0,0,0,0,0,352000,0,0,0,541000,189000,352000,352000
059987,大立光元大99購28,0,0,0,0,0,0,0,0,0,352000,0,0,0,373000,21000,352000,352000
2608,嘉里大榮        ,403000,52000,351000,0,0,0,0,0,0,0,0,0,0,0,0,0,351000
3703,欣陸            ,188000,87000,101000,0,0,0,0,0,0,250000,250000,0,250000,0,0,0,351000
1711,永光            ,710000,360000,350000,0,0,0,0,0,0,0,0,0,0,0,0,0,350000
059947,貿聯永豐99購03  ,0,0,0,0,0,0,0,0,0,349000,0,0,0,349000,0,349000,349000
065781,創意富邦01購01  ,0,0,0,0,0,0,0,0,0,349000,0,0,0,472000,123000,349000,349000
065215,義隆國泰02購02  ,0,0,0,0,0,0,0,0,0,349000,0,0,0,530000,181000,349000,349000
064014,貿聯國票01購01  ,0,0,0,0,0,0,0,0,0,349000,0,0,0,349000,0,349000,349000
3005,神基            ,678000,309000,369000,0,0,0,0,0,0,-20000,13000,13000,0,0,20000,-20000,349000
061886,力山國泰01購01  ,0,0,0,0,0,0,0,0,0,348000,0,0,0,539000,191000,348000,348000
062729,神達凱基9B購02  ,0,0,0,0,0,0,0,0,0,348000,0,0,0,350000,2000,348000,348000
061668,信邦中信9B購01  ,0,0,0,0,0,0,0,0,0,347000,0,0,0,389000,42000,347000,347000
3682,亞太電          ,731000,384000,347000,0,0,0,0,0,0,0,0,0,0,0,0,0,347000
066570,力成元大02購01  ,0,0,0,0,0,0,0,0,0,346000,0,0,0,470000,124000,346000,346000
057335,技嘉國票99購01  ,0,0,0,0,0,0,0,0,0,346000,0,0,0,346000,0,346000,346000
060284,南港元大01購01  ,0,0,0,0,0,0,0,0,0,346000,0,0,0,366000,20000,346000,346000
064008,日月光凱基9C購01,0,0,0,0,0,0,0,0,0,346000,0,0,0,351000,5000,346000,346000
6202,盛群            ,1432000,1090000,342000,0,0,0,0,0,0,2000,0,4000,-4000,16000,10000,6000,344000
1612,宏泰            ,530000,186000,344000,0,0,0,0,0,0,0,0,0,0,0,0,0,344000
062207,牧德國票9B購02  ,0,0,0,0,0,0,0,0,0,343000,0,0,0,346000,3000,343000,343000
064316,貿聯群益9C購02  ,0,0,0,0,0,0,0,0,0,343000,0,0,0,343000,0,343000,343000
08526P,義隆元大9C售04  ,0,0,0,0,0,0,0,0,0,342000,0,0,0,580000,238000,342000,342000
057548,微星凱基99購01  ,0,0,0,0,0,0,0,0,0,342000,0,0,0,442000,100000,342000,342000
062097,台光電永豐9B購01,0,0,0,0,0,0,0,0,0,342000,0,0,0,343000,1000,342000,342000
064159,新日興統一01購02,0,0,0,0,0,0,0,0,0,341000,0,0,0,412000,71000,341000,341000
063665,南亞科統一01購02,0,0,0,0,0,0,0,0,0,341000,0,0,0,393000,52000,341000,341000
056269,新日興統一98購01,0,0,0,0,0,0,0,0,0,340000,0,0,0,427000,87000,340000,340000
057792,群創統一99購01  ,0,0,0,0,0,0,0,0,0,339000,0,0,0,966000,627000,339000,339000
064707,群創富邦9C購02  ,0,0,0,0,0,0,0,0,0,339000,0,0,0,339000,0,339000,339000
065534,台光電統一9C購02,0,0,0,0,0,0,0,0,0,339000,0,0,0,351000,12000,339000,339000
064880,神達兆豐9C購01  ,0,0,0,0,0,0,0,0,0,336000,0,0,0,340000,4000,336000,336000
08511P,電子類富邦9C售02,0,0,0,0,0,0,0,0,0,335000,0,0,0,345000,10000,335000,335000
00703,台新MSCI中國    ,1000,0,1000,0,0,0,0,0,0,334000,0,0,0,639000,305000,334000,335000
066956,華擎元大01購04  ,0,0,0,0,0,0,0,0,0,334000,0,0,0,400000,66000,334000,334000
2329,華泰            ,1143000,810000,333000,0,0,0,0,0,0,1000,1000,0,1000,0,0,0,334000
058054,台積電統一9C購01,0,0,0,0,0,0,0,0,0,332000,0,0,0,1111000,779000,332000,332000
8210,勤誠            ,647000,323000,324000,0,0,0,0,0,0,8000,0,0,0,11000,3000,8000,332000
064301,漢唐兆豐01購01  ,0,0,0,0,0,0,0,0,0,331000,0,0,0,420000,89000,331000,331000
058062,上銀中信98購01  ,0,0,0,0,0,0,0,0,0,330000,0,0,0,330000,0,330000,330000
054097,淘帝國票97購01  ,0,0,0,0,0,0,0,0,0,330000,0,0,0,330000,0,330000,330000
065228,南亞科凱基01購03,0,0,0,0,0,0,0,0,0,330000,0,0,0,351000,21000,330000,330000
8996,高力            ,825000,591000,234000,0,0,0,95000,0,95000,0,0,0,0,0,0,0,329000
07300P,臺股指元大9A售33,0,0,0,0,0,0,0,0,0,328000,0,0,0,330000,2000,328000,328000
065954,大立光統一03購01,0,0,0,0,0,0,0,0,0,328000,0,0,0,328000,0,328000,328000
056925,群創兆豐98購03  ,0,0,0,0,0,0,0,0,0,326000,0,0,0,339000,13000,326000,326000
00783,富邦中証500     ,235000,36000,199000,0,0,0,0,0,0,126421,0,0,0,1265421,1139000,126421,325421
066209,聯鈞統一03購01  ,0,22000,-22000,0,0,0,0,0,0,347000,0,0,0,387000,40000,347000,325000
061517,瑞祺永豐9A購03  ,0,0,0,0,0,0,0,0,0,325000,0,0,0,350000,25000,325000,325000
064836,群創統一9C購04  ,0,0,0,0,0,0,0,0,0,325000,0,0,0,365000,40000,325000,325000
063805,技嘉兆豐9C購01  ,0,0,0,0,0,0,0,0,0,325000,0,0,0,333000,8000,325000,325000
08431P,景碩凱基9C售02  ,0,0,0,0,0,0,0,0,0,324000,0,0,0,476000,152000,324000,324000
057899,台積電永豐98購04,0,0,0,0,0,0,0,0,0,324000,0,0,0,324000,0,324000,324000
057404,貿聯群益99購01  ,0,0,0,0,0,0,0,0,0,323000,0,0,0,324000,1000,323000,323000
061549,泰碩群益9A購01  ,0,0,0,0,0,0,0,0,0,323000,0,0,0,619000,296000,323000,323000
063205,貿聯統一9C購01  ,0,0,0,0,0,0,0,0,0,323000,0,0,0,397000,74000,323000,323000
07672P,南電元大9A售05  ,0,0,0,0,0,0,0,0,0,322000,0,0,0,352000,30000,322000,322000
064978,群創元大9C購07  ,0,0,0,0,0,0,0,0,0,322000,0,0,0,464000,142000,322000,322000
066018,南六元富03購02  ,0,0,0,0,0,0,0,0,0,321000,0,0,0,321000,0,321000,321000
066921,日月光麥證01購01,0,0,0,350000,30000,320000,0,0,0,320000,0,0,0,350000,30000,320000,320000
050400,臻鼎中信97購01  ,0,0,0,0,0,0,0,0,0,320000,0,0,0,320000,0,320000,320000
08299P,玉晶光國票02售01,0,0,0,0,0,0,0,0,0,318000,0,0,0,831000,513000,318000,318000
066538,信邦兆豐03購01  ,0,0,0,0,0,0,0,0,0,317000,0,0,0,402000,85000,317000,317000
063145,台表科統一02購01,0,0,0,0,0,0,0,0,0,317000,0,0,0,329000,12000,317000,317000
056591,S&P正2元富9A購01,0,0,0,0,0,0,0,0,0,316000,0,0,0,316000,0,316000,316000
020015,統一MSCI美低波N ,0,0,0,0,0,0,0,0,0,316000,0,0,0,336000,20000,316000,316000
066320,順德永豐01購01  ,0,0,0,0,0,0,0,0,0,315000,0,0,0,330000,15000,315000,315000
066997,樺漢國泰03購01  ,0,0,0,0,0,0,0,0,0,315000,0,0,0,352000,37000,315000,315000
057490,可成元大98購10  ,0,0,0,0,0,0,0,0,0,315000,0,0,0,315000,0,315000,315000
056903,大立光元大99購04,0,0,0,0,0,0,0,0,0,315000,0,0,0,339000,24000,315000,315000
062803,嘉晶統一9B購02  ,0,0,0,0,0,0,0,0,0,315000,0,0,0,428000,113000,315000,315000
1760,寶齡富錦        ,1177000,863000,314000,0,0,0,0,0,0,-1000,0,1000,-1000,0,0,0,313000
056411,緯穎國票99購01  ,0,0,0,0,0,0,0,0,0,312000,0,0,0,337000,25000,312000,312000
062822,力成兆豐9B購01  ,0,0,0,0,0,0,0,0,0,311000,0,0,0,311000,0,311000,311000
058328,世紀鋼統一9B購01,0,0,0,0,0,0,0,0,0,310000,0,0,0,420000,110000,310000,310000
061521,亞光兆豐9A購02  ,0,0,0,0,0,0,0,0,0,310000,0,0,0,846000,536000,310000,310000
065599,台光電元大9C購05,0,0,0,0,0,0,0,0,0,310000,0,0,0,487000,177000,310000,310000
8150,南茂            ,1443000,1149000,294000,0,0,0,0,4000,-4000,20000,12000,0,12000,21000,13000,8000,310000
066763,創意永豐01購02  ,0,0,0,0,0,0,0,0,0,307000,0,0,0,312000,5000,307000,307000
066041,台光電元大01購02,0,0,0,0,0,0,0,0,0,307000,0,0,0,432000,125000,307000,307000
08091P,A50正2元富9B售02,0,0,0,0,0,0,0,0,0,307000,0,0,0,327000,20000,307000,307000
065722,緯創兆豐9C購02  ,0,0,0,0,0,0,0,0,0,307000,0,0,0,450000,143000,307000,307000
07768P,緯穎群益9A售02  ,0,0,0,0,0,0,0,0,0,305000,0,0,0,305000,0,305000,305000
063197,遠東新統一9C購01,0,0,0,0,0,0,0,0,0,305000,0,0,0,305000,0,305000,305000
064678,嘉晶兆豐01購01  ,0,0,0,0,0,0,0,0,0,304000,0,0,0,306000,2000,304000,304000
066998,訊芯國泰03購01  ,0,0,0,0,0,0,0,0,0,303000,0,0,0,552000,249000,303000,303000
056673,中石化元富9B購01,0,0,0,0,0,0,0,0,0,303000,0,0,0,303000,0,303000,303000
8454,富邦媒          ,456000,129000,327000,0,0,0,0,0,0,-25000,12000,37000,-25000,0,0,0,302000
00762,元大全球AI      ,0,0,0,0,0,0,0,0,0,301000,0,0,0,326000,25000,301000,301000
057523,大成鋼元大99購01,0,0,0,0,0,0,0,0,0,301000,0,0,0,301000,0,301000,301000
2367,燿華            ,2319000,2193000,126000,0,0,0,0,0,0,175000,225000,360000,-135000,653000,343000,310000,301000
054786,全新群益99購02  ,0,0,0,0,0,0,0,0,0,300000,0,0,0,500000,200000,300000,300000
055827,中石化元大98購01,0,0,0,0,0,0,0,0,0,300000,0,0,0,300000,0,300000,300000
057534,旭富元大98購01  ,0,0,0,0,0,0,0,0,0,300000,0,0,0,354000,54000,300000,300000
060833,道瓊反國票9A購01,0,0,0,0,0,0,0,0,0,300000,0,0,0,300000,0,300000,300000
08595P,南電群益9C售03  ,0,0,0,0,0,0,0,0,0,299000,0,0,0,299000,0,299000,299000
057278,可成元大98購06  ,0,0,0,0,0,0,0,0,0,299000,0,0,0,499000,200000,299000,299000
6531,愛普            ,708000,403000,305000,0,0,0,0,0,0,-7000,0,0,0,0,7000,-7000,298000
055652,聯詠元富01購01  ,0,0,0,0,0,0,0,0,0,297000,0,0,0,373000,76000,297000,297000
056590,樺漢統一9A購01  ,0,0,0,0,0,0,0,0,0,296000,0,0,0,402000,106000,296000,296000
066496,大立光國泰03購01,0,0,0,0,0,0,0,0,0,295000,0,0,0,320000,25000,295000,295000
061914,台光電中信9B購01,0,0,0,0,0,0,0,0,0,295000,0,0,0,355000,60000,295000,295000
3712,永崴投控        ,286000,82000,204000,0,0,0,0,0,0,91000,1000,0,1000,180000,90000,90000,295000
065496,裕隆富邦9C購01  ,0,0,0,0,0,0,0,0,0,294000,0,0,0,1755000,1461000,294000,294000
066144,惠特群益01購02  ,0,0,0,0,0,0,0,0,0,293000,0,0,0,295000,2000,293000,293000
08202P,台表科國泰01售04,0,0,0,0,0,0,0,0,0,293000,0,0,0,353000,60000,293000,293000
054472,道瓊反中信9A購01,0,0,0,0,0,0,0,0,0,293000,0,0,0,1013000,720000,293000,293000
057683,技嘉日盛98購01  ,0,0,0,0,0,0,0,0,0,292000,0,0,0,298000,6000,292000,292000
2347,聯強            ,3202000,2345500,856500,0,0,0,495000,0,495000,-1061000,56000,1067000,-1011000,5000,55000,-50000,290500
07122P,欣興凱基99售05  ,0,0,0,0,0,0,0,0,0,290000,0,0,0,305000,15000,290000,290000
057954,宏碁元大99購01  ,0,0,0,0,0,0,0,0,0,290000,0,0,0,295000,5000,290000,290000
062239,台汽電凱基9B購01,0,0,0,0,0,0,0,0,0,290000,0,0,0,513000,223000,290000,290000
065078,台積電元大02購01,0,0,0,0,0,0,0,0,0,290000,0,0,0,1002000,712000,290000,290000
056189,樺漢統一97購02  ,0,0,0,0,0,0,0,0,0,289000,0,0,0,289000,0,289000,289000
059940,微星永豐99購01  ,0,0,0,0,0,0,0,0,0,289000,0,0,0,289000,0,289000,289000
064371,矽格統一9C購02  ,0,0,0,0,0,0,0,0,0,289000,0,0,0,367000,78000,289000,289000
062986,T50反1中信02購01,0,0,0,0,0,0,0,0,0,288000,0,0,0,509000,221000,288000,288000
4133,亞諾法          ,358000,70000,288000,0,0,0,0,0,0,0,0,0,0,0,0,0,288000
066254,南帝元大01購01  ,0,0,0,0,0,0,0,0,0,287000,0,0,0,288000,1000,287000,287000
00735,國泰臺韓科技    ,0,0,0,0,0,0,0,0,0,286000,0,0,0,398000,112000,286000,286000
065007,群創國票01購01  ,0,0,0,0,0,0,0,0,0,286000,0,0,0,396000,110000,286000,286000
063821,南亞科麥證9C購01,0,0,0,339000,54000,285000,0,0,0,285000,0,0,0,339000,54000,285000,285000
6112,聚碩            ,409000,139000,270000,0,0,0,0,0,0,15000,2000,0,2000,13000,0,13000,285000
2809,京城銀          ,719000,404000,315000,0,0,0,0,3000,-3000,-27000,0,15000,-15000,26000,38000,-12000,285000
066796,台積電凱基02購08,0,0,0,0,0,0,0,0,0,284000,0,0,0,485000,201000,284000,284000
055205,京鼎中信99購01  ,0,0,0,0,0,0,0,0,0,284000,0,0,0,682000,398000,284000,284000
6285,啟碁            ,1012000,505000,507000,0,0,0,0,0,0,-223000,0,132000,-132000,38000,129000,-91000,284000
08214P,南六統一9B售03  ,0,0,0,0,0,0,0,0,0,282000,0,0,0,770000,488000,282000,282000
064048,大立光統一9C購07,0,0,0,0,0,0,0,0,0,281000,0,0,0,912000,631000,281000,281000
06666P,台積電日盛9A售02,0,0,0,0,0,0,0,0,0,279000,0,0,0,279000,0,279000,279000
054201,聯詠富邦97購02  ,0,0,0,0,0,0,0,0,0,279000,0,0,0,279000,0,279000,279000
08019P,緯穎國票9B售02  ,0,0,0,0,0,0,0,0,0,278000,0,0,0,364000,86000,278000,278000
063296,可成麥證9B購01  ,0,0,0,278000,0,278000,0,0,0,278000,0,0,0,278000,0,278000,278000
057317,技嘉凱基98購02  ,0,0,0,0,0,0,0,0,0,276000,0,0,0,471000,195000,276000,276000
057154,易華電國泰99購01,0,0,0,0,0,0,0,0,0,275000,0,0,0,275000,0,275000,275000
064421,技嘉兆豐01購01  ,0,0,0,0,0,0,0,0,0,275000,0,0,0,758000,483000,275000,275000
065532,台光電統一02購02,0,0,0,0,0,0,0,0,0,275000,0,0,0,364000,89000,275000,275000
067017,樺漢富邦04購01  ,0,0,0,0,0,0,0,0,0,274000,0,0,0,410000,136000,274000,274000
006206,元大上證50      ,249000,146000,103000,0,0,0,0,0,0,171000,190000,50000,140000,781000,750000,31000,274000
063143,嘉澤統一9B購02  ,0,0,0,0,0,0,0,0,0,274000,0,0,0,595000,321000,274000,274000
065804,大立光群益01購04,0,0,0,0,0,0,0,0,0,274000,0,0,0,295000,21000,274000,274000
2106,建大            ,346000,71000,275000,0,0,0,0,0,0,-1000,0,1000,-1000,0,0,0,274000
064722,大立光統一02購03,0,0,0,0,0,0,0,0,0,273000,0,0,0,273000,0,273000,273000
063179,群創兆豐9B購01  ,0,0,0,0,0,0,0,0,0,272000,0,0,0,275000,3000,272000,272000
006208,富邦台50        ,11000,12000,-1000,0,0,0,0,0,0,272000,0,0,0,926000,654000,272000,271000
060959,金像電凱基9A購01,0,0,0,0,0,0,0,0,0,271000,0,0,0,377000,106000,271000,271000
064753,英業達凱基9C購01,0,0,0,0,0,0,0,0,0,270000,0,0,0,284000,14000,270000,270000
066466,晶碩統一02購01  ,0,0,0,0,0,0,0,0,0,269000,0,0,0,543000,274000,269000,269000
058106,神達統一98購02  ,0,0,0,0,0,0,0,0,0,269000,0,0,0,269000,0,269000,269000
066361,微星中信05購01  ,0,0,0,0,0,0,0,0,0,268000,0,0,0,357000,89000,268000,268000
066143,惠特群益01購01  ,0,0,0,0,0,0,0,0,0,268000,0,0,0,318000,50000,268000,268000
061847,力山國票9B購01  ,0,0,0,0,0,0,0,0,0,268000,0,0,0,333000,65000,268000,268000
064937,英業達元富9C購01,0,0,0,0,0,0,0,0,0,267000,0,0,0,354000,87000,267000,267000
065852,創意元大9C購06  ,0,0,0,0,0,0,0,0,0,267000,0,0,0,565000,298000,267000,267000
2392,正崴            ,1020000,660000,360000,0,0,0,0,0,0,-94000,10000,1000,9000,14000,117000,-103000,266000
066780,上証反中信04購01,0,0,0,0,0,0,0,0,0,265000,0,0,0,270000,5000,265000,265000
057798,貿聯兆豐99購01  ,0,0,0,0,0,0,0,0,0,265000,0,0,0,430000,165000,265000,265000
059095,訊芯元大99購01  ,0,0,0,0,0,0,0,0,0,265000,0,0,0,401000,136000,265000,265000
062426,大立光統一02購02,0,0,0,0,0,0,0,0,0,265000,0,0,0,475000,210000,265000,265000
052152,創意富邦98購01  ,0,0,0,0,0,0,0,0,0,264000,0,0,0,394000,130000,264000,264000
059950,百和永豐99購02  ,0,0,0,0,0,0,0,0,0,264000,0,0,0,264000,0,264000,264000
064000,台郡兆豐9C購01  ,0,0,0,0,0,0,0,0,0,264000,0,0,0,478000,214000,264000,264000
063394,金像電群益9B購01,0,0,0,0,0,0,0,0,0,264000,0,0,0,447000,183000,264000,264000
1409,新纖            ,402000,138000,264000,0,0,0,0,0,0,0,0,0,0,0,0,0,264000
08329P,台達電統一9C售02,0,0,0,0,0,0,0,0,0,263000,0,0,0,393000,130000,263000,263000
08262P,茂林元大9C售01  ,0,0,0,0,0,0,0,0,0,262000,0,0,0,284000,22000,262000,262000
063522,技嘉凱基9B購03  ,0,0,0,0,0,0,0,0,0,262000,0,0,0,334000,72000,262000,262000
065289,冠德群益9C購01  ,0,0,0,0,0,0,0,0,0,262000,0,0,0,636000,374000,262000,262000
08247P,台積電群益9C售06,0,0,0,0,0,0,0,0,0,260000,0,0,0,500000,240000,260000,260000
058736,鈺齊永豐99購02  ,0,0,0,0,0,0,0,0,0,260000,0,0,0,260000,0,260000,260000
063006,道瓊反元大9C購01,0,0,0,0,0,0,0,0,0,260000,0,0,0,305000,45000,260000,260000
065477,健鼎元大9C購03  ,0,0,0,0,0,0,0,0,0,260000,0,0,0,260000,0,260000,260000
066776,創意富邦03購02  ,0,0,0,0,0,0,0,0,0,255000,0,0,0,373000,118000,255000,255000
058806,道瓊銀統一9B購01,0,0,0,0,0,0,0,0,0,255000,0,0,0,255000,0,255000,255000
065374,義隆元大9C購07  ,0,0,0,0,0,0,0,0,0,255000,0,0,0,640000,385000,255000,255000
059072,元油2X元大9C購13,0,0,0,0,0,0,0,0,0,253000,0,0,0,275000,22000,253000,253000
03012X,元展12          ,0,0,0,0,0,0,0,0,0,252000,0,0,0,254000,2000,252000,252000
063055,創意統一9B購02  ,0,0,0,0,0,0,0,0,0,252000,0,0,0,252000,0,252000,252000
06832P,玉晶光凱基98售03,0,0,0,0,0,0,0,0,0,250000,0,0,0,250000,0,250000,250000
056158,新日興凱基98購02,0,0,0,0,0,0,0,0,0,250000,0,0,0,300000,50000,250000,250000
061646,力成元大9A購02  ,0,0,0,0,0,0,0,0,0,250000,0,0,0,300000,50000,250000,250000
08422P,玉晶光群益02售03,0,0,0,0,0,0,0,0,0,249000,0,0,0,502000,253000,249000,249000
07575P,瑞昱元大9A售02  ,0,0,0,0,0,0,0,0,0,249000,0,0,0,259000,10000,249000,249000
065368,技嘉元大9C購04  ,0,0,0,0,0,0,0,0,0,249000,0,0,0,289000,40000,249000,249000
064156,大立光統一01購06,0,0,0,0,0,0,0,0,0,249000,0,0,0,249000,0,249000,249000
066489,京鼎元富04購01  ,0,0,0,0,0,0,0,0,0,248000,0,0,0,282000,34000,248000,248000
057043,台積電元大99購02,0,0,0,0,0,0,0,0,0,248000,0,0,0,326000,78000,248000,248000
059298,大立光元富9C購02,0,0,0,0,0,0,0,0,0,248000,0,0,0,331000,83000,248000,248000
065463,大立光中信01購02,0,0,0,0,0,0,0,0,0,248000,0,0,0,931000,683000,248000,248000
054079,鴻海中信98購02  ,0,0,0,0,0,0,0,0,0,247000,0,0,0,252000,5000,247000,247000
1103,嘉泥            ,469000,222000,247000,0,0,0,0,0,0,0,0,0,0,0,0,0,247000
6582,申豐            ,626000,425000,201000,0,0,0,19000,0,19000,27000,24000,5000,19000,14000,6000,8000,247000
066431,台郡元大02購01  ,0,0,0,0,0,0,0,0,0,246000,0,0,0,703000,457000,246000,246000
066186,台郡凱基02購01  ,0,0,0,0,0,0,0,0,0,246000,0,0,0,338000,92000,246000,246000
060759,南亞科元大9A購03,0,0,0,0,0,0,0,0,0,246000,0,0,0,247000,1000,246000,246000
065357,立積元富03購01  ,0,0,0,0,0,0,0,0,0,246000,0,0,0,247000,1000,246000,246000
2906,高林            ,316000,70000,246000,0,0,0,0,0,0,0,0,0,0,0,0,0,246000
056699,光罩國泰99購01  ,0,0,0,0,0,0,0,0,0,244000,0,0,0,307000,63000,244000,244000
056349,道瓊銀元大9B購01,0,0,0,0,0,0,0,0,0,243000,0,0,0,243000,0,243000,243000
065466,台表科中信01購03,0,0,0,0,0,0,0,0,0,243000,0,0,0,424000,181000,243000,243000
07069P,欣興元富99售02  ,0,0,0,0,0,0,0,0,0,242000,0,0,0,415000,173000,242000,242000
054774,同欣電國票98購01,0,0,0,0,0,0,0,0,0,242000,0,0,0,242000,0,242000,242000
065880,訊芯群益9C購01  ,0,0,0,0,0,0,0,0,0,241000,0,0,0,260000,19000,241000,241000
3406,玉晶光          ,1149000,584537,564463,0,0,0,36000,70000,-34000,-290000,13000,184000,-171000,23000,142000,-119000,240463
058406,聯茂元大99購06  ,0,0,0,0,0,0,0,0,0,239000,0,0,0,332000,93000,239000,239000
064664,微星元大9C購04  ,0,0,0,0,0,0,0,0,0,239000,0,0,0,299000,60000,239000,239000
2352,佳世達          ,788000,472000,316000,0,0,0,0,5000,-5000,-73000,23000,88000,-65000,0,8000,-8000,238000
08297P,寶成元大9C售01  ,0,0,0,0,0,0,0,0,0,237000,0,0,0,237000,0,237000,237000
08315P,台積電元大9C售08,0,0,0,0,0,0,0,0,0,237000,0,0,0,402000,165000,237000,237000
00671R,富邦NASDAQ反1   ,53000,62000,-9000,0,0,0,0,0,0,246000,0,0,0,1540000,1294000,246000,237000
00678,群益NBI生技     ,361000,0,361000,0,0,0,0,0,0,-124000,0,35000,-35000,610000,699000,-89000,237000
3044,健鼎            ,1182240,654216,528024,0,0,0,0,70000,-70000,-222000,22000,197000,-175000,7000,54000,-47000,236024
066818,力成兆豐01購01  ,0,0,0,0,0,0,0,0,0,236000,0,0,0,236000,0,236000,236000
064452,微星統一01購02  ,0,0,0,0,0,0,0,0,0,236000,0,0,0,252000,16000,236000,236000
1513,中興電          ,1178000,1127000,51000,0,0,0,0,0,0,185000,38000,54000,-16000,210000,9000,201000,236000
057391,樺漢永豐98購01  ,0,0,0,0,0,0,0,0,0,235000,0,0,0,382000,147000,235000,235000
2031,新光鋼          ,380000,127000,253000,0,0,0,0,0,0,-18000,10000,28000,-18000,0,0,0,235000
061081,宏碁兆豐9A購01  ,0,0,0,0,0,0,0,0,0,234000,0,0,0,395000,161000,234000,234000
00733,富邦臺灣中小    ,0,0,0,0,0,0,0,0,0,234000,0,0,0,521000,287000,234000,234000
065100,聯茂元大9C購04  ,0,0,0,0,0,0,0,0,0,234000,0,0,0,515000,281000,234000,234000
3380,明泰            ,646000,421000,225000,0,0,0,0,0,0,9000,48000,92000,-44000,68000,15000,53000,234000
064565,高鐵群益01購01  ,0,0,0,0,0,0,0,0,0,233000,0,0,0,280000,47000,233000,233000
066178,拓凱凱基01購01  ,0,0,0,0,0,0,0,0,0,232000,0,0,0,252000,20000,232000,232000
065312,日月光國票01購01,0,0,0,0,0,0,0,0,0,232000,0,0,0,237000,5000,232000,232000
066214,惠特統一03購02  ,0,0,0,0,0,0,0,0,0,231000,0,0,0,243000,12000,231000,231000
055809,T50反1國票98購02,0,0,0,0,0,0,0,0,0,231000,0,0,0,231000,0,231000,231000
058190,貿聯永豐99購01  ,0,0,0,0,0,0,0,0,0,231000,0,0,0,231000,0,231000,231000
058262,大立光富邦9C購02,0,0,0,0,0,0,0,0,0,231000,0,0,0,231000,0,231000,231000
061724,訊芯永豐9A購01  ,0,0,0,0,0,0,0,0,0,231000,0,0,0,365000,134000,231000,231000
065606,可成元大01購05  ,0,0,0,0,0,0,0,0,0,231000,0,0,0,267000,36000,231000,231000
2006,東和鋼鐵        ,508000,299000,209000,0,0,0,0,3000,-3000,25000,25000,0,25000,0,0,0,231000
054791,泰碩群益99購02  ,0,0,0,0,0,0,0,0,0,230000,0,0,0,230000,0,230000,230000
060880,中壽中信9C購01  ,0,0,0,0,0,0,0,0,0,230000,0,0,0,328000,98000,230000,230000
065869,微星群益02購01  ,0,0,0,0,0,0,0,0,0,230000,0,0,0,358000,128000,230000,230000
1476,儒鴻            ,1124000,930000,194000,0,0,0,0,26236,-26236,62000,45000,26000,19000,46000,3000,43000,229764
057347,國巨統一9A購03  ,0,0,0,0,0,0,0,0,0,229000,0,0,0,310000,81000,229000,229000
065180,台表科元大9C購10,0,0,0,0,0,0,0,0,0,229000,0,0,0,235000,6000,229000,229000
059922,大立光元大99購25,0,0,0,0,0,0,0,0,0,228000,0,0,0,229000,1000,228000,228000
065952,聯發科統一03購02,0,0,0,0,0,0,0,0,0,228000,0,0,0,550000,322000,228000,228000
07708P,玉晶光元大9A售13,0,0,0,0,0,0,0,0,0,227000,0,0,0,526000,299000,227000,227000
064259,矽格富邦9C購01  ,0,0,0,0,0,0,0,0,0,227000,0,0,0,262000,35000,227000,227000
06853P,華擎元富98售03  ,0,0,0,0,0,0,0,0,0,226000,0,0,0,444000,218000,226000,226000
066769,嘉基永豐01購02  ,0,0,0,0,0,0,0,0,0,225000,0,0,0,260000,35000,225000,225000
062332,大立光統一9B購11,0,3000,-3000,0,0,0,0,0,0,228000,0,0,0,341000,113000,228000,225000
4961,天鈺            ,339000,115000,224000,0,0,0,0,0,0,1000,1000,0,1000,0,0,0,225000
055916,奇鋐凱基99購01  ,0,0,0,0,0,0,0,0,0,224000,0,0,0,523000,299000,224000,224000
054080,微星中信98購01  ,0,0,0,0,0,0,0,0,0,224000,0,0,0,244000,20000,224000,224000
059096,百和元大99購04  ,0,0,0,0,0,0,0,0,0,224000,0,0,0,224000,0,224000,224000
2207,和泰車          ,427427,195239,232188,0,0,0,0,3562,-3562,-5000,0,5000,-5000,0,0,0,223626
056455,群創凱基9A購01  ,0,0,0,0,0,0,0,0,0,223000,0,0,0,253000,30000,223000,223000
057973,神達富邦9A購01  ,0,0,0,0,0,0,0,0,0,223000,0,0,0,226000,3000,223000,223000
062413,台光電中信9B購02,0,0,0,0,0,0,0,0,0,223000,0,0,0,268000,45000,223000,223000
061186,牧德國泰9C購01  ,0,0,0,0,0,0,0,0,0,223000,0,0,0,223000,0,223000,223000
064197,智伸科群益9C購01,0,0,0,0,0,0,0,0,0,223000,0,0,0,223000,0,223000,223000
066852,矽格元大01購03  ,0,0,0,0,0,0,0,0,0,222000,0,0,0,672000,450000,222000,222000
08440P,玉晶光國票01售05,0,0,0,0,0,0,0,0,0,222000,0,0,0,593000,371000,222000,222000
066490,創意元富07購01  ,0,0,0,0,0,0,0,0,0,221000,0,0,0,236000,15000,221000,221000
055114,新日興凱基98購01,0,0,0,0,0,0,0,0,0,221000,0,0,0,221000,0,221000,221000
064887,嘉晶中信9C購02  ,0,0,0,0,0,0,0,0,0,221000,0,0,0,251000,30000,221000,221000
05878P,創意群益98售01  ,0,0,0,0,0,0,0,0,0,220000,0,0,0,220000,0,220000,220000
061443,大立光統一9C購02,0,0,0,0,0,0,0,0,0,220000,0,0,0,240000,20000,220000,220000
060785,國巨富邦9B購04  ,0,0,0,0,0,0,0,0,0,220000,0,0,0,220000,0,220000,220000
065131,晶技兆豐01購01  ,0,0,0,0,0,0,0,0,0,220000,0,0,0,220000,0,220000,220000
064167,緯穎統一01購03  ,0,0,0,0,0,0,0,0,0,220000,0,0,0,220000,0,220000,220000
064253,貿聯元富9C購01  ,0,0,0,0,0,0,0,0,0,220000,0,0,0,334000,114000,220000,220000
063809,矽創兆豐01購01  ,0,0,0,0,0,0,0,0,0,219000,0,0,0,275000,56000,219000,219000
056685,光罩統一98購03  ,0,0,0,0,0,0,0,0,0,218000,0,0,0,231000,13000,218000,218000
063592,瑞祺永豐9B購02  ,0,0,0,0,0,0,0,0,0,218000,0,0,0,351000,133000,218000,218000
2606,裕民            ,499000,273000,226000,0,0,0,0,8000,-8000,0,0,0,0,0,0,0,218000
066166,大毅凱基02購01  ,0,0,0,0,0,0,0,0,0,217000,0,0,0,230000,13000,217000,217000
063374,嘉澤永豐9B購04  ,0,0,0,0,0,0,0,0,0,217000,0,0,0,263000,46000,217000,217000
064059,新日興麥證01購01,0,0,0,217000,0,217000,0,0,0,217000,0,0,0,217000,0,217000,217000
065651,中磊元大9C購01  ,0,0,0,0,0,0,0,0,0,217000,0,0,0,267000,50000,217000,217000
2855,統一證          ,775000,558156,216844,0,0,0,0,0,0,0,0,0,0,0,0,0,216844
057299,立積永豐98購02  ,0,0,0,0,0,0,0,0,0,216000,0,0,0,226000,10000,216000,216000
059691,大立光永豐99購02,0,0,0,0,0,0,0,0,0,216000,0,0,0,216000,0,216000,216000
058771,神達兆豐99購01  ,0,0,0,0,0,0,0,0,0,215000,0,0,0,220000,5000,215000,215000
06192P,高股息中信98售01,0,0,0,0,0,0,0,0,0,215000,0,0,0,215000,0,215000,215000
060788,嘉晶富邦9B購01  ,0,0,0,0,0,0,0,0,0,215000,0,0,0,215000,0,215000,215000
060934,台汽電永豐9A購02,0,0,0,0,0,0,0,0,0,215000,0,0,0,357000,142000,215000,215000
066515,強茂永豐01購02  ,0,0,0,0,0,0,0,0,0,214000,0,0,0,304000,90000,214000,214000
067008,康舒永豐01購01  ,0,0,0,0,0,0,0,0,0,214000,0,0,0,1087000,873000,214000,214000
057428,正崴兆豐98購01  ,0,0,0,0,0,0,0,0,0,214000,0,0,0,215000,1000,214000,214000
063342,台光電統一9B購02,0,0,0,0,0,0,0,0,0,214000,0,0,0,350000,136000,214000,214000
062606,聯電凱基9C購02  ,0,0,0,0,0,0,0,0,0,214000,0,0,0,222000,8000,214000,214000
2836,高雄銀          ,280000,66000,214000,0,0,0,0,0,0,0,0,0,0,0,0,0,214000
07000P,T50反1元大99售03,0,0,0,0,0,0,0,0,0,213000,0,0,0,213000,0,213000,213000
063523,微星凱基9B購03  ,0,0,0,0,0,0,0,0,0,212000,0,0,0,231000,19000,212000,212000
063904,大立光麥證01購01,0,0,0,222000,10000,212000,0,0,0,212000,0,0,0,222000,10000,212000,212000
066177,上緯控凱基01購01,0,0,0,0,0,0,0,0,0,211000,0,0,0,505000,294000,211000,211000
064796,緯穎國票01購01  ,0,0,0,0,0,0,0,0,0,211000,0,0,0,326000,115000,211000,211000
5388,中磊            ,454000,243000,211000,0,0,0,0,0,0,0,0,15000,-15000,17000,2000,15000,211000
08381P,台灣50群益9C售06,0,0,0,0,0,0,0,0,0,210000,0,0,0,454000,244000,210000,210000
064626,聯茂元大9C購01  ,0,0,0,0,0,0,0,0,0,210000,0,0,0,521000,311000,210000,210000
057570,技嘉永豐98購02  ,0,0,0,0,0,0,0,0,0,209000,0,0,0,507000,298000,209000,209000
060738,矽格統一9C購01  ,0,0,0,0,0,0,0,0,0,209000,0,0,0,275000,66000,209000,209000
08724P,臺股指元大01售05,0,0,0,0,0,0,0,0,0,207000,0,0,0,207000,0,207000,207000
066185,松翰凱基01購01  ,0,0,0,0,0,0,0,0,0,207000,0,0,0,510000,303000,207000,207000
06726P,欣興元富98售04  ,0,0,0,0,0,0,0,0,0,207000,0,0,0,233000,26000,207000,207000
054152,漢唐國泰98購02  ,0,0,0,0,0,0,0,0,0,207000,0,0,0,212000,5000,207000,207000
062775,大成鋼元大9B購02,0,0,0,0,0,0,0,0,0,207000,0,0,0,232000,25000,207000,207000
064682,嘉聯益兆豐01購01,0,0,0,0,0,0,0,0,0,207000,0,0,0,207000,0,207000,207000
063473,茂林元大9B購05  ,0,0,0,0,0,0,0,0,0,207000,0,0,0,517000,310000,207000,207000
065266,創意元大9C購05  ,0,0,0,0,0,0,0,0,0,207000,0,0,0,321000,114000,207000,207000
065515,大立光群益02購01,0,0,0,0,0,0,0,0,0,207000,0,0,0,217000,10000,207000,207000
062814,台光電兆豐9B購01,0,0,0,0,0,0,0,0,0,206000,0,0,0,206000,0,206000,206000
059091,中信金元大99購01,0,0,0,0,0,0,0,0,0,206000,0,0,0,245000,39000,206000,206000
063486,聚陽國泰9C購01  ,0,0,0,0,0,0,0,0,0,206000,0,0,0,267000,61000,206000,206000
08341P,國泰金台新9C售01,0,0,0,0,0,0,0,0,0,205000,0,0,0,218000,13000,205000,205000
07578P,高鐵元大9A售02  ,0,0,0,0,0,0,0,0,0,205000,0,0,0,209000,4000,205000,205000
07407P,欣興凱基99售07  ,0,0,0,0,0,0,0,0,0,205000,0,0,0,220000,15000,205000,205000
064743,聯詠國票01購01  ,0,0,0,0,0,0,0,0,0,205000,0,0,0,210000,5000,205000,205000
2379,瑞昱            ,2198673,1793199,405474,0,0,0,0,18594,-18594,-182000,31000,204000,-173000,3000,12000,-9000,204880
046628,大立光統一98購01,0,0,0,0,0,0,0,0,0,203000,0,0,0,420000,217000,203000,203000
057844,新日興永豐99購01,0,0,0,0,0,0,0,0,0,203000,0,0,0,213000,10000,203000,203000
061235,台積電元大9A購23,0,0,0,0,0,0,0,0,0,203000,0,0,0,233000,30000,203000,203000
065082,台光電元大9C購04,0,0,0,0,0,0,0,0,0,203000,0,0,0,379000,176000,203000,203000
064459,創意統一02購01  ,0,0,0,0,0,0,0,0,0,203000,0,0,0,217000,14000,203000,203000
08300P,世芯國票01售01  ,0,0,0,0,0,0,0,0,0,202000,0,0,0,230000,28000,202000,202000
057394,台積電中信9C購02,0,1000,-1000,0,0,0,0,0,0,203000,0,0,0,285000,82000,203000,202000
062328,南亞科統一9C購01,0,0,0,0,0,0,0,0,0,202000,0,0,0,207000,5000,202000,202000
06893P,致新元富98售02  ,0,0,0,0,0,0,0,0,0,201000,0,0,0,216000,15000,201000,201000
066853,樺漢元大01購01  ,0,0,0,0,0,0,0,0,0,201000,0,0,0,723000,522000,201000,201000
062610,啟碁凱基9B購01  ,0,0,0,0,0,0,0,0,0,201000,0,0,0,241000,40000,201000,201000
06685P,鴻海國泰9A售01  ,0,0,0,0,0,0,0,0,0,200000,0,0,0,200000,0,200000,200000
066991,訊芯群益01購01  ,0,0,0,0,0,0,0,0,0,200000,0,0,0,200000,0,200000,200000
07619P,鴻海統一9A售03  ,0,0,0,0,0,0,0,0,0,200000,0,0,0,200000,0,200000,200000
08543P,世芯國票01售02  ,0,0,0,0,0,0,0,0,0,200000,0,0,0,271000,71000,200000,200000
057051,群創元大9B購03  ,0,0,0,0,0,0,0,0,0,200000,0,0,0,200000,0,200000,200000
060360,南亞科元富9A購02,0,0,0,0,0,0,0,0,0,200000,0,0,0,217000,17000,200000,200000
057723,臺股指元富98購02,0,0,0,0,0,0,0,0,0,200000,200000,0,200000,0,0,0,200000
054279,揚明光群益98購01,0,0,0,0,0,0,0,0,0,200000,0,0,0,200000,0,200000,200000
057656,大成鋼兆豐98購01,0,0,0,0,0,0,0,0,0,200000,0,0,0,200000,0,200000,200000
057914,日月光日盛9A購01,0,0,0,0,0,0,0,0,0,200000,0,0,0,200000,0,200000,200000
063110,牧德兆豐9B購01  ,0,0,0,0,0,0,0,0,0,200000,0,0,0,200000,0,200000,200000
060801,滬深2X中信01購01,0,0,0,0,0,0,0,0,0,200000,0,0,0,200000,0,200000,200000
062550,啟碁永豐9B購01  ,0,0,0,0,0,0,0,0,0,200000,0,0,0,200000,0,200000,200000
062337,台表科統一01購01,0,0,0,0,0,0,0,0,0,200000,0,0,0,200000,0,200000,200000
059080,亞泥元大99購01  ,0,0,0,0,0,0,0,0,0,200000,0,0,0,265000,65000,200000,200000
061690,旺宏群益9A購05  ,0,0,0,0,0,0,0,0,0,200000,0,0,0,200000,0,200000,200000
061168,力成兆豐9A購01  ,0,0,0,0,0,0,0,0,0,200000,0,0,0,200000,0,200000,200000
063919,大立光元富03購01,0,0,0,0,0,0,0,0,0,200000,0,0,0,209000,9000,200000,200000
8110,華東            ,330000,131000,199000,0,0,0,0,0,0,1000,9000,8000,1000,0,0,0,200000
061033,台光電永豐9A購01,0,0,0,0,0,0,0,0,0,199000,0,0,0,276000,77000,199000,199000
060654,大毅群益9B購01  ,0,0,0,0,0,0,0,0,0,199000,0,0,0,219000,20000,199000,199000
064075,台積電中信06購01,0,0,0,0,0,0,0,0,0,199000,0,0,0,279000,80000,199000,199000
06657P,寶成元大98售01  ,0,0,0,0,0,0,0,0,0,198000,0,0,0,200000,2000,198000,198000
06437P,玉晶光國票99售01,0,0,0,0,0,0,0,0,0,198000,0,0,0,206000,8000,198000,198000
063912,信邦凱基01購01  ,0,0,0,0,0,0,0,0,0,198000,0,0,0,198000,0,198000,198000
3010,華立            ,219000,30000,189000,0,0,0,0,0,0,9000,9000,0,9000,0,0,0,198000
062994,祥碩群益9B購05  ,0,0,0,0,0,0,0,0,0,197000,0,0,0,234000,37000,197000,197000
064509,台表科元大9C購08,0,0,0,0,0,0,0,0,0,197000,0,0,0,234000,37000,197000,197000
066331,東森永豐01購01  ,0,0,0,0,0,0,0,0,0,196000,0,0,0,224000,28000,196000,196000
066387,FBVIX凱基03購03 ,0,0,0,0,0,0,0,0,0,196000,0,0,0,446000,250000,196000,196000
08160P,茂林元富9B售03  ,0,0,0,0,0,0,0,0,0,196000,0,0,0,425000,229000,196000,196000
063162,國喬永豐9B購01  ,0,0,0,0,0,0,0,0,0,196000,0,0,0,196000,0,196000,196000
063881,嘉晶元富9C購01  ,0,0,0,0,0,0,0,0,0,196000,0,0,0,216000,20000,196000,196000
063640,貿聯元大9B購03  ,0,0,0,0,0,0,0,0,0,196000,0,0,0,206000,10000,196000,196000
065763,台表科元大9C購14,0,0,0,0,0,0,0,0,0,196000,0,0,0,202000,6000,196000,196000
066749,瑞祺元大01購03  ,0,0,0,0,0,0,0,0,0,195000,0,0,0,279000,84000,195000,195000
058523,聯茂元大99購08  ,0,0,0,0,0,0,0,0,0,195000,0,0,0,683000,488000,195000,195000
061796,興勤永豐9B購01  ,0,0,0,0,0,0,0,0,0,194000,0,0,0,310000,116000,194000,194000
065526,台表科群益9C購03,0,0,0,0,0,0,0,0,0,194000,0,0,0,258000,64000,194000,194000
064622,晶技元大01購01  ,0,0,0,0,0,0,0,0,0,194000,0,0,0,420000,226000,194000,194000
063247,信邦元大9B購02  ,0,0,0,0,0,0,0,0,0,193000,0,0,0,293000,100000,193000,193000
056612,台積電永豐98購01,0,0,0,0,0,0,0,0,0,192000,0,0,0,194000,2000,192000,192000
1701,中化            ,788000,596000,192000,0,0,0,0,0,0,0,0,0,0,0,0,0,192000
057416,T50反1凱基9C購01,0,0,0,0,0,0,0,0,0,191000,0,0,0,352000,161000,191000,191000
057119,微星康和98購01  ,0,0,0,0,0,0,0,0,0,190000,0,0,0,190000,0,190000,190000
056202,國揚永豐97購01  ,0,0,0,0,0,0,0,0,0,190000,0,0,0,200000,10000,190000,190000
062655,漢唐永豐9B購01  ,0,0,0,0,0,0,0,0,0,190000,0,0,0,275000,85000,190000,190000
061021,聯電國泰9B購01  ,0,0,0,0,0,0,0,0,0,190000,0,0,0,274000,84000,190000,190000
064808,國產元大9C購02  ,0,0,0,0,0,0,0,0,0,190000,0,0,0,197000,7000,190000,190000
063277,大成鋼元大9B購03,0,0,0,0,0,0,0,0,0,189000,0,0,0,218000,29000,189000,189000
4746,台耀            ,833000,571000,262000,0,0,0,0,0,0,-73000,6000,79000,-73000,0,0,0,189000
03448B,臺股指元大9C熊11,0,0,0,0,0,0,0,0,0,188000,0,0,0,625000,437000,188000,188000
061154,可成群益9B購04  ,0,0,0,0,0,0,0,0,0,188000,0,0,0,198000,10000,188000,188000
062195,聚陽中信9C購01  ,0,0,0,0,0,0,0,0,0,188000,0,0,0,479000,291000,188000,188000
2441,超豐            ,356000,188000,168000,0,0,0,0,1000,-1000,21000,21000,0,21000,0,0,0,188000
08593P,聯發科凱基9C售13,0,0,0,0,0,0,0,0,0,187000,0,0,0,257000,70000,187000,187000
2442,新美齊          ,243000,56000,187000,0,0,0,0,0,0,0,0,0,0,0,0,0,187000
066451,台郡群益01購01  ,0,0,0,0,0,0,0,0,0,186000,0,0,0,186000,0,186000,186000
056113,新日興兆豐98購01,0,0,0,0,0,0,0,0,0,186000,0,0,0,236000,50000,186000,186000
062490,聯茂永豐9B購01  ,0,0,0,0,0,0,0,0,0,186000,0,0,0,186000,0,186000,186000
064691,友達群益9C購04  ,0,0,0,0,0,0,0,0,0,186000,0,0,0,196000,10000,186000,186000
064246,南六統一9C購02  ,0,0,0,0,0,0,0,0,0,186000,0,0,0,186000,0,186000,186000
3532,台勝科          ,329000,164000,165000,0,0,0,0,1000,-1000,22000,0,2000,-2000,39000,15000,24000,186000
066610,台積電麥證01購02,0,0,0,814000,629000,185000,0,0,0,185000,0,0,0,814000,629000,185000,185000
066205,京鼎統一03購01  ,0,0,0,0,0,0,0,0,0,183000,0,0,0,271000,88000,183000,183000
064434,微星凱基02購01  ,0,0,0,0,0,0,0,0,0,183000,0,0,0,242000,59000,183000,183000
065305,泰鼎元富9C購01  ,0,0,0,0,0,0,0,0,0,183000,0,0,0,246000,63000,183000,183000
4306,炎洲            ,257000,68000,189000,0,0,0,0,0,0,-6000,0,6000,-6000,0,0,0,183000
06954P,大立光元富99售01,0,0,0,0,0,0,0,0,0,182000,0,0,0,184000,2000,182000,182000
055810,T50反1國票99購01,0,0,0,0,0,0,0,0,0,182000,0,0,0,182000,0,182000,182000
2467,志聖            ,214000,33000,181000,0,0,0,0,0,0,1000,1000,0,1000,0,0,0,182000
059836,大立光國泰9B購02,0,0,0,0,0,0,0,0,0,181000,0,0,0,182000,1000,181000,181000
065295,旭富群益9C購02  ,0,0,0,0,0,0,0,0,0,181000,0,0,0,191000,10000,181000,181000
064579,大立光富邦03購02,0,0,0,0,0,0,0,0,0,181000,0,0,0,437000,256000,181000,181000
07750P,台表科凱基9A售04,0,0,0,0,0,0,0,0,0,180000,0,0,0,180000,0,180000,180000
08423P,台積電統一9C售13,0,0,0,0,0,0,0,0,0,180000,0,0,0,200000,20000,180000,180000
060539,道瓊反凱基9A購01,0,0,0,0,0,0,0,0,0,180000,0,0,0,180000,0,180000,180000
064335,可成元大9C購05  ,0,0,0,0,0,0,0,0,0,180000,0,0,0,180000,0,180000,180000
065977,旭富元大02購01  ,0,0,0,0,0,0,0,0,0,179000,0,0,0,243000,64000,179000,179000
066270,國揚元大01購01  ,0,0,0,0,0,0,0,0,0,179000,0,0,0,237000,58000,179000,179000
066653,矽格康和01購01  ,0,0,0,0,0,0,0,0,0,179000,0,0,0,181000,2000,179000,179000
057839,台積電富邦9A購02,0,0,0,0,0,0,0,0,0,179000,0,0,0,419000,240000,179000,179000
058677,矽格群益99購01  ,0,0,0,0,0,0,0,0,0,179000,0,0,0,300000,121000,179000,179000
058312,大毅國泰9B購01  ,0,0,0,0,0,0,0,0,0,179000,0,0,0,214000,35000,179000,179000
060705,台光電富邦9B購01,0,0,0,0,0,0,0,0,0,179000,0,0,0,180000,1000,179000,179000
062719,微星凱基9B購01  ,0,0,0,0,0,0,0,0,0,179000,0,0,0,193000,14000,179000,179000
060315,易華電永豐9A購01,0,0,0,0,0,0,0,0,0,178000,0,0,0,188000,10000,178000,178000
062537,聯電國泰9C購01  ,0,0,0,0,0,0,0,0,0,178000,0,0,0,238000,60000,178000,178000
064995,世紀鋼兆豐9C購01,0,0,0,0,0,0,0,0,0,178000,0,0,0,400000,222000,178000,178000
1522,堤維西          ,199000,21000,178000,0,0,0,0,0,0,0,0,0,0,0,0,0,178000
08313P,健策國票01售01  ,0,0,0,0,0,0,0,0,0,177000,0,0,0,237000,60000,177000,177000
058581,大立光群益99購05,0,0,0,0,0,0,0,0,0,177000,0,0,0,255000,78000,177000,177000
066328,國揚永豐01購01  ,0,0,0,0,0,0,0,0,0,176000,0,0,0,176000,0,176000,176000
056320,京鼎群益99購01  ,0,0,0,0,0,0,0,0,0,176000,0,0,0,311000,135000,176000,176000
060918,康友國泰9C購01  ,0,0,0,0,0,0,0,0,0,176000,0,0,0,369000,193000,176000,176000
063093,國產國票9B購01  ,0,0,0,0,0,0,0,0,0,176000,0,0,0,180000,4000,176000,176000
00633L,富邦上証正2     ,993000,774000,219000,0,0,0,0,0,0,-44000,25000,0,25000,4111000,4180000,-69000,175000
062106,華邦電國票9B購02,0,0,0,0,0,0,0,0,0,175000,0,0,0,192000,17000,175000,175000
066433,南六元大02購01  ,0,0,0,0,0,0,0,0,0,174000,0,0,0,185000,11000,174000,174000
058034,神達永豐98購02  ,0,0,0,0,0,0,0,0,0,174000,0,0,0,174000,0,174000,174000
065429,微星凱基02購02  ,0,0,0,0,0,0,0,0,0,174000,0,0,0,174000,0,174000,174000
064314,信邦群益9C購01  ,0,0,0,0,0,0,0,0,0,174000,0,0,0,232000,58000,174000,174000
064617,台光電元大01購01,0,0,0,0,0,0,0,0,0,174000,0,0,0,348000,174000,174000,174000
2537,聯上發          ,201000,27000,174000,0,0,0,0,0,0,0,0,0,0,0,0,0,174000
061348,聯鈞元大9A購05  ,0,0,0,0,0,0,0,0,0,173000,0,0,0,279000,106000,173000,173000
058587,台積電中信9C購03,0,0,0,0,0,0,0,0,0,173000,0,0,0,190000,17000,173000,173000
061478,奇鋐元大9A購01  ,0,0,0,0,0,0,0,0,0,173000,0,0,0,197000,24000,173000,173000
065333,冠德國票01購01  ,0,0,0,0,0,0,0,0,0,173000,0,0,0,408000,235000,173000,173000
065396,微星群益01購01  ,0,0,0,0,0,0,0,0,0,173000,0,0,0,288000,115000,173000,173000
065672,嘉晶凱基01購01  ,0,0,0,0,0,0,0,0,0,173000,0,0,0,274000,101000,173000,173000
3003,健和興          ,311000,139000,172000,0,0,0,0,0,0,1000,0,0,0,2000,1000,1000,173000
3030,德律            ,250000,86000,164000,0,0,0,0,0,0,9000,13000,4000,9000,0,0,0,173000
066449,瀚宇博群益01購01,0,0,0,0,0,0,0,0,0,172000,0,0,0,336000,164000,172000,172000
061544,大毅群益9B購02  ,0,0,0,0,0,0,0,0,0,172000,0,0,0,172000,0,172000,172000
062365,台光電元大9B購03,0,0,0,0,0,0,0,0,0,172000,0,0,0,257000,85000,172000,172000
065751,台光電元大9C購06,0,0,0,0,0,0,0,0,0,172000,0,0,0,302000,130000,172000,172000
1439,中和            ,274000,102000,172000,0,0,0,0,0,0,0,0,0,0,0,0,0,172000
08400P,美律元富9C售02  ,0,0,0,0,0,0,0,0,0,171000,0,0,0,244000,73000,171000,171000
064721,國泰金統一02購01,0,0,0,0,0,0,0,0,0,171000,0,0,0,228000,57000,171000,171000
08363P,南亞科凱基01售01,0,0,0,0,0,0,0,0,0,170000,0,0,0,180000,10000,170000,170000
00635U,元大S&P黃金     ,18000,15000,3000,0,0,0,0,0,0,167000,0,0,0,222000,55000,167000,170000
059297,大立光元富9C購01,0,0,0,0,0,0,0,0,0,170000,0,0,0,209000,39000,170000,170000
062466,FBVIX凱基9B購01 ,0,0,0,0,0,0,0,0,0,170000,0,0,0,235000,65000,170000,170000
064299,宏碁兆豐9C購01  ,0,0,0,0,0,0,0,0,0,170000,0,0,0,293000,123000,170000,170000
2102,泰豐            ,1208000,797000,411000,0,0,0,0,0,0,-241000,0,31000,-31000,1000,211000,-210000,170000
07927P,國巨統一9B售08  ,0,0,0,0,0,0,0,0,0,169000,0,0,0,169000,0,169000,169000
064919,嘉晶統一02購02  ,0,0,0,0,0,0,0,0,0,169000,0,0,0,211000,42000,169000,169000
065188,玉晶光統一02購01,0,0,0,0,0,0,0,0,0,169000,0,0,0,246000,77000,169000,169000
061306,瑞祺永豐9A購02  ,0,0,0,0,0,0,0,0,0,168000,0,0,0,244000,76000,168000,168000
062383,大立光國泰01購01,0,0,0,0,0,0,0,0,0,168000,0,0,0,188000,20000,168000,168000
061164,燿華兆豐9B購01  ,0,0,0,0,0,0,0,0,0,168000,0,0,0,173000,5000,168000,168000
064548,漢翔凱基9C購01  ,0,0,0,0,0,0,0,0,0,168000,0,0,0,168000,0,168000,168000
067027,日月光兆豐03購01,0,0,0,0,0,0,0,0,0,167000,0,0,0,200000,33000,167000,167000
060413,東元永豐9A購01  ,0,0,0,0,0,0,0,0,0,167000,0,0,0,341000,174000,167000,167000
063319,神達群益9B購01  ,0,0,0,0,0,0,0,0,0,167000,0,0,0,169000,2000,167000,167000
066421,國產元大01購01  ,0,0,0,0,0,0,0,0,0,166000,0,0,0,274000,108000,166000,166000
07875P,祥碩群益9B售01  ,0,0,0,0,0,0,0,0,0,166000,0,0,0,176000,10000,166000,166000
08153P,台表科統一9B售01,0,0,0,0,0,0,0,0,0,166000,0,0,0,614000,448000,166000,166000
057060,緯穎元大98購05  ,0,0,0,0,0,0,0,0,0,166000,0,0,0,166000,0,166000,166000
060908,金像電元大9A購03,0,0,0,0,0,0,0,0,0,166000,0,0,0,244000,78000,166000,166000
061581,貿聯元大9A購05  ,0,0,0,0,0,0,0,0,0,166000,0,0,0,186000,20000,166000,166000
059100,元油2X統一9C購02,0,0,0,0,0,0,0,0,0,166000,0,0,0,549000,383000,166000,166000
067163,眾達國票02購01  ,0,0,0,0,0,0,0,0,0,165000,0,0,0,200000,35000,165000,165000
060051,台積電凱基9B購01,0,0,0,0,0,0,0,0,0,165000,0,0,0,170000,5000,165000,165000
065271,日月光元大9C購02,0,0,0,0,0,0,0,0,0,165000,0,0,0,193000,28000,165000,165000
6226,光鼎            ,233000,69000,164000,0,0,0,0,0,0,1000,1000,0,1000,0,0,0,165000
066371,同欣電中信05購01,0,0,0,0,0,0,0,0,0,164000,0,0,0,446000,282000,164000,164000
057940,和大國票99購01  ,0,0,0,0,0,0,0,0,0,164000,0,0,0,164000,0,164000,164000
062143,大成鋼國票9B購01,0,0,0,0,0,0,0,0,0,164000,0,0,0,165000,1000,164000,164000
065902,燿華富邦02購01  ,0,0,0,0,0,0,0,0,0,164000,0,0,0,270000,106000,164000,164000
064894,漢唐群益9C購02  ,0,0,0,0,0,0,0,0,0,163000,0,0,0,214000,51000,163000,163000
08699P,南電元大01售05  ,0,0,0,0,0,0,0,0,0,162000,0,0,0,164000,2000,162000,162000
063947,大毅元大9C購02  ,0,0,0,0,0,0,0,0,0,162000,0,0,0,178000,16000,162000,162000
2923,鼎固-KY         ,221000,59000,162000,0,0,0,0,0,0,0,0,0,0,0,0,0,162000
08316P,祥碩元大9C售04  ,0,0,0,0,0,0,0,0,0,161000,0,0,0,690000,529000,161000,161000
06177P,玉晶光元大98售07,0,0,0,0,0,0,0,0,0,161000,0,0,0,281000,120000,161000,161000
064366,群創統一01購01  ,0,0,0,0,0,0,0,0,0,161000,0,0,0,195000,34000,161000,161000
058666,上証反群益01購01,0,0,0,0,0,0,0,0,0,160000,0,0,0,390000,230000,160000,160000
059293,宏達電元富9B購01,0,0,0,0,0,0,0,0,0,160000,0,0,0,160000,0,160000,160000
07982P,全新群益9B售04  ,0,0,0,0,0,0,0,0,0,159000,0,0,0,186000,27000,159000,159000
066190,惠特凱基01購01  ,0,0,0,0,0,0,0,0,0,159000,0,0,0,259000,100000,159000,159000
066141,盛群群益01購01  ,0,0,0,0,0,0,0,0,0,159000,0,0,0,264000,105000,159000,159000
065730,新日興凱基9C購01,0,0,0,0,0,0,0,0,0,159000,0,0,0,194000,35000,159000,159000
2903,遠百            ,795000,424000,371000,0,0,0,0,0,0,-212000,0,212000,-212000,0,0,0,159000
066670,貿聯凱基01購01  ,0,0,0,0,0,0,0,0,0,158000,0,0,0,160000,2000,158000,158000
3708,上緯投控        ,815000,666000,149000,0,0,0,0,1000,-1000,10000,30000,0,30000,59000,79000,-20000,158000
066830,國揚群益01購01  ,0,0,0,0,0,0,0,0,0,157000,0,0,0,305000,148000,157000,157000
066524,創意統一02購03  ,0,0,0,0,0,0,0,0,0,157000,0,0,0,224000,67000,157000,157000
058483,道瓊指國票9A購01,0,0,0,0,0,0,0,0,0,157000,0,0,0,157000,0,157000,157000
065320,技嘉凱基9C購02  ,0,0,0,0,0,0,0,0,0,157000,0,0,0,222000,65000,157000,157000
8462,柏文            ,133000,29000,104000,0,0,0,0,0,0,53000,0,0,0,53000,0,53000,157000
2849,安泰銀          ,193000,36000,157000,0,0,0,0,0,0,0,0,0,0,0,0,0,157000
1614,三洋電          ,173000,23000,150000,0,0,0,0,0,0,7000,7000,0,7000,0,0,0,157000
066366,信邦中信02購01  ,0,0,0,0,0,0,0,0,0,156000,0,0,0,220000,64000,156000,156000
066191,惠特凱基01購02  ,0,0,0,0,0,0,0,0,0,156000,0,0,0,156000,0,156000,156000
03050X,元展47          ,0,0,0,0,0,0,0,0,0,156000,0,0,0,166000,10000,156000,156000
056955,台灣50永豐98購01,0,0,0,0,0,0,0,0,0,156000,0,0,0,156000,0,156000,156000
060792,信錦永豐9A購01  ,0,0,0,0,0,0,0,0,0,156000,0,0,0,156000,0,156000,156000
065190,緯穎統一9C購02  ,0,0,0,0,0,0,0,0,0,156000,0,0,0,160000,4000,156000,156000
063694,貿聯永豐9B購01  ,0,0,0,0,0,0,0,0,0,156000,0,0,0,157000,1000,156000,156000
9941,裕融            ,186000,29000,157000,0,0,0,0,1000,-1000,0,0,0,0,0,0,0,156000
055002,群創元富99購04  ,0,0,0,0,0,0,0,0,0,155000,0,0,0,155000,0,155000,155000
061876,明泰元大9B購01  ,0,0,0,0,0,0,0,0,0,155000,0,0,0,215000,60000,155000,155000
1710,東聯            ,256000,101000,155000,0,0,0,0,0,0,0,0,0,0,0,0,0,155000
2820,華票            ,628000,474000,154000,0,0,0,0,0,0,1000,1000,0,1000,0,0,0,155000
063493,金像電富邦01購01,0,0,0,0,0,0,0,0,0,154000,0,0,0,319000,165000,154000,154000
066388,力山凱基01購02  ,0,0,0,0,0,0,0,0,0,153000,0,0,0,330000,177000,153000,153000
08366P,祥碩凱基9C售04  ,0,0,0,0,0,0,0,0,0,153000,0,0,0,213000,60000,153000,153000
057977,台光電永豐98購02,0,0,0,0,0,0,0,0,0,153000,0,0,0,173000,20000,153000,153000
060956,超眾群益9A購01  ,0,0,0,0,0,0,0,0,0,153000,0,0,0,213000,60000,153000,153000
2034,允強            ,246000,93000,153000,0,0,0,0,0,0,0,0,0,0,0,0,0,153000
08276P,可成元富9C售02  ,0,0,0,0,0,0,0,0,0,152000,0,0,0,182000,30000,152000,152000
066031,力成群益01購01  ,0,0,0,0,0,0,0,0,0,152000,0,0,0,214000,62000,152000,152000
066815,華擎兆豐03購01  ,0,0,0,0,0,0,0,0,0,152000,0,0,0,153000,1000,152000,152000
063081,技嘉凱基9B購02  ,0,0,0,0,0,0,0,0,0,152000,0,0,0,258000,106000,152000,152000
059663,旭富元大9C購02  ,0,0,0,0,0,0,0,0,0,152000,0,0,0,154000,2000,152000,152000
063576,台表科元大9B購08,0,0,0,0,0,0,0,0,0,152000,0,0,0,207000,55000,152000,152000
065404,玉晶光國泰02購03,0,0,0,0,0,0,0,0,0,152000,0,0,0,429000,277000,152000,152000
066151,大立光麥證01購02,0,0,0,171000,20000,151000,0,0,0,151000,0,0,0,171000,20000,151000,151000
057782,台積電國票99購07,0,0,0,0,0,0,0,0,0,151000,0,0,0,164000,13000,151000,151000
061390,大立光群益9A購04,0,0,0,0,0,0,0,0,0,151000,0,0,0,151000,0,151000,151000
065111,瀚宇博國票01購01,0,0,0,0,0,0,0,0,0,151000,0,0,0,172000,21000,151000,151000
063995,健鼎群益9C購01  ,0,0,0,0,0,0,0,0,0,151000,0,0,0,151000,0,151000,151000
9921,巨大            ,856418,1054961,-198543,0,0,0,292000,1000,291000,58000,37000,7000,30000,37000,9000,28000,150457
066340,敦泰永豐01購01  ,0,0,0,0,0,0,0,0,0,150000,0,0,0,150000,0,150000,150000
066315,南帝永豐01購01  ,0,0,0,0,0,0,0,0,0,150000,0,0,0,150000,0,150000,150000
07294P,滬深2X元富9C售08,0,0,0,0,0,0,0,0,0,150000,0,0,0,150000,0,150000,150000
07536P,華新科元富9A售04,0,0,0,0,0,0,0,0,0,150000,0,0,0,150000,0,150000,150000
061063,國巨凱基9A購14  ,0,0,0,0,0,0,0,0,0,150000,0,0,0,150000,0,150000,150000
061516,力成永豐9A購02  ,0,0,0,0,0,0,0,0,0,150000,0,0,0,150000,0,150000,150000
062229,南六統一9B購01  ,0,0,0,0,0,0,0,0,0,150000,0,0,0,150000,0,150000,150000
061718,GIS凱基9B購01   ,0,0,0,0,0,0,0,0,0,150000,0,0,0,218000,68000,150000,150000
060233,宏碁元大9A購01  ,0,0,0,0,0,0,0,0,0,150000,0,0,0,150000,0,150000,150000
063566,台光電元大9B購08,0,0,0,0,0,0,0,0,0,150000,0,0,0,190000,40000,150000,150000
064365,美食統一01購02  ,0,0,0,0,0,0,0,0,0,150000,0,0,0,150000,0,150000,150000
065760,和碩元大9C購02  ,0,0,0,0,0,0,0,0,0,150000,0,0,0,152000,2000,150000,150000
08029P,臺股指元大9B售36,0,0,0,0,0,0,0,0,0,149000,0,0,0,149000,0,149000,149000
066174,京鼎凱基01購01  ,0,0,0,0,0,0,0,0,0,149000,0,0,0,167000,18000,149000,149000
066192,嘉基凱基01購01  ,0,0,0,0,0,0,0,0,0,149000,0,0,0,162000,13000,149000,149000
056150,台光電凱基98購02,0,0,0,0,0,0,0,0,0,149000,0,0,0,169000,20000,149000,149000
00690,兆豐藍籌30      ,11000,11000,0,0,0,0,0,0,0,149000,0,0,0,454000,305000,149000,149000
063968,新光金國票01購01,0,0,0,0,0,0,0,0,0,149000,0,0,0,298000,149000,149000,149000
066453,嘉基群益01購01  ,0,0,0,0,0,0,0,0,0,148000,0,0,0,162000,14000,148000,148000
06755P,大立光永豐98售03,0,0,0,0,0,0,0,0,0,148000,0,0,0,153000,5000,148000,148000
07757P,國巨國票9B售04  ,0,0,0,0,0,0,0,0,0,148000,0,0,0,148000,0,148000,148000
07071P,立積元富99售01  ,0,0,0,0,0,0,0,0,0,148000,0,0,0,200000,52000,148000,148000
07035P,大立光元富99售04,0,0,0,0,0,0,0,0,0,148000,0,0,0,159000,11000,148000,148000
053569,漢唐統一98購01  ,0,0,0,0,0,0,0,0,0,148000,0,0,0,153000,5000,148000,148000
061263,微星凱基9A購01  ,0,0,0,0,0,0,0,0,0,148000,0,0,0,148000,0,148000,148000
064304,信邦兆豐01購01  ,0,0,0,0,0,0,0,0,0,148000,0,0,0,148000,0,148000,148000
065377,群創元大02購02  ,0,0,0,0,0,0,0,0,0,148000,0,0,0,401000,253000,148000,148000
065158,和碩群益9C購01  ,0,0,0,0,0,0,0,0,0,148000,0,0,0,150000,2000,148000,148000
064982,新唐元大9C購01  ,0,0,0,0,0,0,0,0,0,148000,0,0,0,383000,235000,148000,148000
066785,台光電麥證01購01,0,0,0,147000,0,147000,0,0,0,147000,0,0,0,147000,0,147000,147000
060390,聯鈞群益9A購01  ,0,0,0,0,0,0,0,0,0,147000,0,0,0,160000,13000,147000,147000
065307,矽格元富9C購01  ,0,0,0,0,0,0,0,0,0,147000,0,0,0,183000,36000,147000,147000
064475,台積電國泰02購03,0,0,0,0,0,0,0,0,0,147000,0,0,0,171000,24000,147000,147000
066501,鴻海富邦03購01  ,0,0,0,0,0,0,0,0,0,146000,0,0,0,421000,275000,146000,146000
066048,奇鋐元大01購01  ,0,0,0,0,0,0,0,0,0,146000,0,0,0,667000,521000,146000,146000
07712P,茂林元大9A售03  ,0,0,0,0,0,0,0,0,0,146000,0,0,0,151000,5000,146000,146000
055899,群創中信99購01  ,0,0,0,0,0,0,0,0,0,146000,0,0,0,335000,189000,146000,146000
062573,大毅群益9B購03  ,0,0,0,0,0,0,0,0,0,146000,0,0,0,192000,46000,146000,146000
07957P,晶技群益9B售02  ,0,0,0,0,0,0,0,0,0,145000,0,0,0,160000,15000,145000,145000
08587P,聯發科中信01售05,0,0,0,0,0,0,0,0,0,145000,0,0,0,145000,0,145000,145000
063515,香港2X凱基01購01,0,0,0,0,0,0,0,0,0,145000,0,0,0,218000,73000,145000,145000
065715,勤誠群益9C購01  ,0,0,0,0,0,0,0,0,0,145000,0,0,0,184000,39000,145000,145000
061703,信邦國票9A購01  ,0,0,0,0,0,0,0,0,0,144000,0,0,0,144000,0,144000,144000
065539,瑞儀統一01購01  ,0,0,0,0,0,0,0,0,0,144000,0,0,0,271000,127000,144000,144000
2402,毅嘉            ,440000,337000,103000,0,0,0,0,0,0,41000,41000,0,41000,0,0,0,144000
066495,技嘉國泰03購01  ,0,0,0,0,0,0,0,0,0,143000,0,0,0,143000,0,143000,143000
055570,華通統一98購03  ,0,0,0,0,0,0,0,0,0,143000,0,0,0,147000,4000,143000,143000
063154,南六元富9B購02  ,0,0,0,0,0,0,0,0,0,143000,0,0,0,143000,0,143000,143000
064921,景碩統一02購01  ,0,0,0,0,0,0,0,0,0,143000,0,0,0,163000,20000,143000,143000
066101,微星國票02購01  ,0,0,0,0,0,0,0,0,0,142000,0,0,0,212000,70000,142000,142000
063340,英業達統一9B購01,0,0,0,0,0,0,0,0,0,142000,0,0,0,165000,23000,142000,142000
060425,凌華永豐9A購01  ,0,0,0,0,0,0,0,0,0,142000,0,0,0,152000,10000,142000,142000
065540,台表科統一02購05,0,0,0,0,0,0,0,0,0,142000,0,0,0,213000,71000,142000,142000
2059,川湖            ,170000,35000,135000,0,0,0,0,1000,-1000,8000,3000,0,3000,5000,0,5000,142000
065957,華擎統一03購02  ,0,0,0,0,0,0,0,0,0,141000,0,0,0,141000,0,141000,141000
08772P,滬深2X凱基03售03,0,0,0,0,0,0,0,0,0,141000,0,0,0,151000,10000,141000,141000
055688,力成凱基98購02  ,0,0,0,0,0,0,0,0,0,141000,0,0,0,141000,0,141000,141000
00875,國泰網路資安    ,577000,22000,555000,0,0,0,0,0,0,-414000,0,0,0,192000,606000,-414000,141000
061067,貿聯凱基9A購03  ,0,0,0,0,0,0,0,0,0,141000,0,0,0,168000,27000,141000,141000
057260,微星兆豐98購01  ,0,0,0,0,0,0,0,0,0,141000,0,0,0,141000,0,141000,141000
063265,瑞祺永豐9B購01  ,0,0,0,0,0,0,0,0,0,141000,0,0,0,278000,137000,141000,141000
063153,南六元富9B購01  ,0,0,0,0,0,0,0,0,0,141000,0,0,0,141000,0,141000,141000
08261P,玉晶光元大9C售08,10000,0,10000,0,0,0,0,0,0,130000,0,0,0,515000,385000,130000,140000
06959P,鴻海凱基9A售02  ,0,0,0,0,0,0,0,0,0,140000,0,0,0,220000,80000,140000,140000
066602,滬深2X富邦03購01,0,0,0,0,0,0,0,0,0,140000,0,0,0,140000,0,140000,140000
06705P,臻鼎元富98售03  ,0,0,0,0,0,0,0,0,0,140000,0,0,0,174000,34000,140000,140000
063082,瑞昱凱基9B購04  ,0,0,0,0,0,0,0,0,0,140000,0,0,0,140000,0,140000,140000
063341,燿華統一9C購01  ,0,0,0,0,0,0,0,0,0,140000,0,0,0,181000,41000,140000,140000
062488,台光電永豐9B購02,0,0,0,0,0,0,0,0,0,140000,0,0,0,140000,0,140000,140000
065483,聯茂元大9C購06  ,0,0,0,0,0,0,0,0,0,140000,0,0,0,272000,132000,140000,140000
4942,嘉彰            ,283000,146000,137000,0,0,0,0,0,0,3000,3000,0,3000,0,0,0,140000
07840P,康控元大9A售02  ,0,0,0,0,0,0,0,0,0,139000,0,0,0,139000,0,139000,139000
058149,百和元大99購02  ,0,0,0,0,0,0,0,0,0,139000,0,0,0,139000,0,139000,139000
063634,台光電元大9B購09,0,0,0,0,0,0,0,0,0,139000,0,0,0,259000,120000,139000,139000
064486,聚陽元大9C購01  ,0,0,0,0,0,0,0,0,0,139000,0,0,0,440000,301000,139000,139000
064147,瑞昱統一01購04  ,0,0,0,0,0,0,0,0,0,139000,0,0,0,291000,152000,139000,139000
066799,台光電凱基01購02,0,0,0,0,0,0,0,0,0,138000,0,0,0,148000,10000,138000,138000
066008,大立光統一03購02,0,0,0,0,0,0,0,0,0,138000,0,0,0,138000,0,138000,138000
066212,惠特統一01購01  ,0,0,0,0,0,0,0,0,0,138000,0,0,0,168000,30000,138000,138000
057774,台光電群益99購02,0,0,0,0,0,0,0,0,0,138000,0,0,0,158000,20000,138000,138000
057451,大立光元富9B購01,0,0,0,0,0,0,0,0,0,138000,0,0,0,225000,87000,138000,138000
066356,嘉基永豐01購01  ,0,0,0,0,0,0,0,0,0,137000,0,0,0,200000,63000,137000,137000
055782,新日興凱基99購01,0,0,0,0,0,0,0,0,0,137000,0,0,0,139000,2000,137000,137000
056520,鴻海日盛99購01  ,0,0,0,0,0,0,0,0,0,136000,0,0,0,263000,127000,136000,136000
062280,大立光群益9C購01,0,0,0,0,0,0,0,0,0,136000,0,0,0,152000,16000,136000,136000
063731,台積電元大9B購10,0,0,0,0,0,0,0,0,0,136000,0,0,0,163000,27000,136000,136000
065118,國巨富邦01購02  ,0,0,0,0,0,0,0,0,0,136000,0,0,0,162000,26000,136000,136000
06798P,臺股指凱基98售08,0,0,0,0,0,0,0,0,0,135000,0,0,0,140000,5000,135000,135000
08610P,鴻海凱基9C售05  ,0,0,0,0,0,0,0,0,0,135000,0,0,0,194000,59000,135000,135000
056464,臺股指凱基99購06,0,0,0,0,0,0,0,0,0,135000,0,0,0,135000,0,135000,135000
052618,群創國泰98購01  ,0,0,0,0,0,0,0,0,0,135000,0,0,0,135000,0,135000,135000
1449,佳和            ,182000,17000,165000,0,0,0,0,0,0,-30000,0,30000,-30000,0,0,0,135000
08290P,高鐵統一01售01  ,0,0,0,0,0,0,0,0,0,134000,0,0,0,134000,0,134000,134000
066837,樺漢群益01購02  ,0,0,0,0,0,0,0,0,0,134000,0,0,0,225000,91000,134000,134000
061711,台積電凱基9A購27,0,0,0,0,0,0,0,0,0,134000,0,0,0,151000,17000,134000,134000
061970,大立光統一9C購03,0,0,0,0,0,0,0,0,0,134000,0,0,0,154000,20000,134000,134000
062557,台光電凱基9B購02,0,0,0,0,0,0,0,0,0,134000,0,0,0,178000,44000,134000,134000
060283,台肥元大9C購01  ,0,0,0,0,0,0,0,0,0,133000,0,0,0,133000,0,133000,133000
060642,華擎永豐9A購02  ,0,0,0,0,0,0,0,0,0,133000,0,0,0,166000,33000,133000,133000
062086,瑞祺元大9B購01  ,0,0,0,0,0,0,0,0,0,133000,0,0,0,162000,29000,133000,133000
061902,百和永豐9B購01  ,0,0,0,0,0,0,0,0,0,133000,0,0,0,133000,0,133000,133000
064263,貿聯永豐9C購01  ,0,0,0,0,0,0,0,0,0,133000,0,0,0,133000,0,133000,133000
066641,台郡凱基03購01  ,0,0,0,0,0,0,0,0,0,132000,0,0,0,163000,31000,132000,132000
055578,群創統一98購03  ,0,0,0,0,0,0,0,0,0,132000,0,0,0,132000,0,132000,132000
057905,臺股指永豐98購06,0,0,0,0,0,0,0,0,0,132000,0,0,0,132000,0,132000,132000
057297,新日興永豐98購01,0,0,0,0,0,0,0,0,0,132000,0,0,0,132000,0,132000,132000
058236,大立光元大99購09,0,0,0,0,0,0,0,0,0,132000,0,0,0,200000,68000,132000,132000
061617,微星群益9A購02  ,0,0,0,0,0,0,0,0,0,132000,0,0,0,147000,15000,132000,132000
063103,技嘉群益9B購01  ,0,0,0,0,0,0,0,0,0,132000,0,0,0,256000,124000,132000,132000
062845,微星富邦01購01  ,0,0,0,0,0,0,0,0,0,132000,0,0,0,186000,54000,132000,132000
065667,台光電凱基01購01,0,0,0,0,0,0,0,0,0,132000,0,0,0,132000,0,132000,132000
056399,上証2X群益9C購01,0,0,0,0,0,0,0,0,0,131000,0,0,0,131000,0,131000,131000
052847,漢唐統一99購01  ,0,0,0,0,0,0,0,0,0,131000,0,0,0,131000,0,131000,131000
062802,宏達電統一9B購01,0,0,0,0,0,0,0,0,0,131000,0,0,0,175000,44000,131000,131000
065310,華擎國票01購01  ,0,0,0,0,0,0,0,0,0,131000,0,0,0,133000,2000,131000,131000
4414,如興            ,4329000,4198000,131000,0,0,0,0,0,0,0,0,0,0,0,0,0,131000
6142,友勁            ,145000,34000,111000,0,0,0,0,0,0,20000,20000,0,20000,0,0,0,131000
6166,凌華            ,189000,75000,114000,0,0,0,0,1000,-1000,18000,1000,0,1000,33000,16000,17000,131000
051926,聯電中信97購01  ,0,0,0,0,0,0,0,0,0,130000,0,0,0,130000,0,130000,130000
057537,聯茂元大98購04  ,0,0,0,0,0,0,0,0,0,130000,0,0,0,130000,0,130000,130000
055541,聚陽凱基98購01  ,0,0,0,0,0,0,0,0,0,130000,0,0,0,220000,90000,130000,130000
062877,可成兆豐9C購01  ,0,0,0,0,0,0,0,0,0,130000,0,0,0,140000,10000,130000,130000
063022,嘉晶元大9B購04  ,0,0,0,0,0,0,0,0,0,130000,0,0,0,201000,71000,130000,130000
061405,亞德客國票9B購01,0,0,0,0,0,0,0,0,0,130000,0,0,0,144000,14000,130000,130000
064044,台光電統一01購03,0,0,0,0,0,0,0,0,0,130000,0,0,0,130000,0,130000,130000
063785,華通中信06購02  ,0,0,0,0,0,0,0,0,0,130000,0,0,0,130000,0,130000,130000
063362,台表科國泰01購03,0,0,0,0,0,0,0,0,0,130000,0,0,0,337000,207000,130000,130000
08250P,GIS群益9C售02   ,0,0,0,0,0,0,0,0,0,129000,0,0,0,161000,32000,129000,129000
08512P,玉晶光永豐9C售06,0,0,0,0,0,0,0,0,0,129000,0,0,0,205000,76000,129000,129000
058073,大立光凱基99購04,0,0,0,0,0,0,0,0,0,129000,0,0,0,129000,0,129000,129000
057931,正崴群益98購02  ,0,0,0,0,0,0,0,0,0,129000,0,0,0,134000,5000,129000,129000
062331,大立光統一9B購10,0,0,0,0,0,0,0,0,0,129000,0,0,0,130000,1000,129000,129000
059807,大立光元富99購09,15000,0,15000,0,0,0,0,0,0,114000,0,0,0,201000,87000,114000,129000
063085,嘉澤凱基9C購01  ,0,0,0,0,0,0,0,0,0,129000,0,0,0,244000,115000,129000,129000
063392,聯電群益9B購02  ,0,0,0,0,0,0,0,0,0,129000,0,0,0,129000,0,129000,129000
063615,瑞祺群益9B購03  ,0,0,0,0,0,0,0,0,0,129000,0,0,0,139000,10000,129000,129000
065943,台表科元富01購01,0,0,0,0,0,0,0,0,0,129000,0,0,0,129000,0,129000,129000
08235P,南電國泰9C售03  ,0,0,0,0,0,0,0,0,0,128000,0,0,0,130000,2000,128000,128000
08068P,宏達電國泰9C售01,0,0,0,0,0,0,0,0,0,128000,0,0,0,299000,171000,128000,128000
066367,緯創中信05購01  ,0,0,0,0,0,0,0,0,0,128000,0,0,0,138000,10000,128000,128000
058148,百和元大99購01  ,0,0,0,0,0,0,0,0,0,128000,0,0,0,128000,0,128000,128000
063262,南六富邦9C購01  ,0,0,0,0,0,0,0,0,0,128000,0,0,0,136000,8000,128000,128000
063289,台表科元大9B購07,0,0,0,0,0,0,0,0,0,128000,0,0,0,132000,4000,128000,128000
065325,亞光凱基9C購01  ,0,0,0,0,0,0,0,0,0,128000,0,0,0,150000,22000,128000,128000
064655,聚陽元大9C購02  ,0,0,0,0,0,0,0,0,0,128000,0,0,0,520000,392000,128000,128000
6005,群益證          ,1579000,1434000,145000,0,0,0,0,17000,-17000,0,0,0,0,0,0,0,128000
8464,億豐            ,598000,714000,-116000,0,0,0,50000,1000,49000,195000,118000,0,118000,78000,1000,77000,128000
066097,英業達中信02購01,0,0,0,0,0,0,0,0,0,127000,0,0,0,279000,152000,127000,127000
08018P,牧德國票9B售04  ,0,0,0,0,0,0,0,0,0,127000,0,0,0,146000,19000,127000,127000
063196,力成元富9B購01  ,0,0,0,0,0,0,0,0,0,127000,0,0,0,136000,9000,127000,127000
1536,和大            ,394000,210000,184000,0,0,0,0,0,0,-57000,0,6000,-6000,12000,63000,-51000,127000
063762,緯穎統一9C購01  ,0,0,0,0,0,0,0,0,0,126000,0,0,0,146000,20000,126000,126000
065198,玉晶光元富06購01,0,0,0,0,0,0,0,0,0,126000,0,0,0,257000,131000,126000,126000
065711,矽格群益9C購02  ,0,0,0,0,0,0,0,0,0,126000,0,0,0,267000,141000,126000,126000
2851,中再保          ,152000,26000,126000,0,0,0,0,0,0,0,0,0,0,0,0,0,126000
2395,研華            ,623188,493568,129620,0,0,0,0,9495,-9495,5000,5000,0,5000,0,0,0,125125
066857,大立光國票02購02,0,0,0,0,0,0,0,0,0,125000,0,0,0,125000,0,125000,125000
058140,臻鼎元大99購02  ,0,0,0,0,0,0,0,0,0,125000,0,0,0,125000,0,125000,125000
058930,華新科統一9B購01,0,0,0,0,0,0,0,0,0,125000,0,0,0,155000,30000,125000,125000
064264,智伸科永豐9C購01,0,0,0,0,0,0,0,0,0,125000,0,0,0,125000,0,125000,125000
066080,台光電國泰03購01,0,0,0,0,0,0,0,0,0,124000,0,0,0,124000,0,124000,124000
066157,晶碩康和01購01  ,0,0,0,0,0,0,0,0,0,124000,0,0,0,356000,232000,124000,124000
066372,惠特中信01購01  ,0,0,0,0,0,0,0,0,0,124000,0,0,0,134000,10000,124000,124000
064235,美律統一9C購02  ,0,0,0,0,0,0,0,0,0,124000,0,0,0,134000,10000,124000,124000
064177,立積國泰01購01  ,0,0,0,0,0,0,0,0,0,124000,0,0,0,156000,32000,124000,124000
064659,台達電元大9C購02,0,0,0,0,0,0,0,0,0,124000,0,0,0,135000,11000,124000,124000
063894,漢唐群益9C購01  ,0,0,0,0,0,0,0,0,0,124000,0,0,0,134000,10000,124000,124000
065141,國巨凱基9C購10  ,0,0,0,0,0,0,0,0,0,124000,0,0,0,132000,8000,124000,124000
9917,中保科          ,135000,18000,117000,0,0,0,0,1000,-1000,8000,8000,0,8000,0,0,0,124000
07174P,臺股指國票99售11,0,0,0,0,0,0,0,0,0,123000,0,0,0,123000,0,123000,123000
061134,大成鋼統一9C購01,0,0,0,0,0,0,0,0,0,123000,0,0,0,375000,252000,123000,123000
061974,光寶科元大9B購01,0,0,0,0,0,0,0,0,0,123000,0,0,0,208000,85000,123000,123000
07257P,臺股指凱基99售37,0,0,0,0,0,0,0,0,0,122000,0,0,0,222000,100000,122000,122000
066441,聯強群益01購01  ,0,0,0,0,0,0,0,0,0,122000,0,0,0,132000,10000,122000,122000
051431,群創元富99購02  ,0,0,0,0,0,0,0,0,0,122000,0,0,0,123000,1000,122000,122000
062091,世紀鋼元大9B購01,0,0,0,0,0,0,0,0,0,122000,0,0,0,215000,93000,122000,122000
066014,嘉晶元富07購01  ,0,0,0,0,0,0,0,0,0,121000,0,0,0,305000,184000,121000,121000
08296P,同欣電元大9C售04,0,0,0,0,0,0,0,0,0,121000,0,0,0,121000,0,121000,121000
057587,微星國票99購01  ,0,0,0,0,0,0,0,0,0,121000,0,0,0,121000,0,121000,121000
061241,晶技兆豐9A購01  ,0,0,0,0,0,0,0,0,0,121000,0,0,0,923000,802000,121000,121000
062991,台光電群益9B購03,0,0,0,0,0,0,0,0,0,121000,0,0,0,121000,0,121000,121000
062742,技嘉國泰01購01  ,0,0,0,0,0,0,0,0,0,121000,0,0,0,131000,10000,121000,121000
064897,宏達電群益9C購02,0,0,0,0,0,0,0,0,0,121000,0,0,0,123000,2000,121000,121000
1582,信錦            ,530000,360000,170000,0,0,0,0,0,0,-49000,6000,19000,-13000,0,36000,-36000,121000
1527,鑽全            ,144000,23000,121000,0,0,0,0,0,0,0,0,0,0,0,0,0,121000
08083P,健策元大9C售05  ,0,0,0,0,0,0,0,0,0,120000,0,0,0,120000,0,120000,120000
066028,嘉澤群益01購01  ,0,0,0,0,0,0,0,0,0,120000,0,0,0,210000,90000,120000,120000
056852,矽格元富98購01  ,0,0,0,0,0,0,0,0,0,120000,0,0,0,120000,0,120000,120000
05888P,友達元大97售01  ,0,0,0,0,0,0,0,0,0,120000,0,0,0,120000,0,120000,120000
060687,GIS元大9A購01   ,0,0,0,0,0,0,0,0,0,120000,0,0,0,120000,0,120000,120000
061964,台積電統一01購05,0,0,0,0,0,0,0,0,0,120000,0,0,0,180000,60000,120000,120000
065346,台光電統一02購01,0,0,0,0,0,0,0,0,0,120000,0,0,0,160000,40000,120000,120000
064535,國產國票01購01  ,0,0,0,0,0,0,0,0,0,120000,0,0,0,265000,145000,120000,120000
064477,南六國泰02購01  ,0,0,0,0,0,0,0,0,0,120000,0,0,0,130000,10000,120000,120000
064368,日月光統一01購01,0,0,0,0,0,0,0,0,0,120000,0,0,0,205000,85000,120000,120000
066006,大立光統一01購07,0,0,0,0,0,0,0,0,0,119000,0,0,0,154000,35000,119000,119000
066905,台積電凱基03購03,30000,0,30000,0,0,0,0,0,0,89000,0,0,0,539000,450000,89000,119000
066622,南帝凱基01購01  ,0,0,0,0,0,0,0,0,0,119000,0,0,0,119000,0,119000,119000
065938,文曄群益01購01  ,0,0,0,0,0,0,0,0,0,119000,0,0,0,129000,10000,119000,119000
066573,瑞祺元大01購02  ,0,0,0,0,0,0,0,0,0,118000,0,0,0,178000,60000,118000,118000
066037,華通元大01購03  ,0,0,0,0,0,0,0,0,0,118000,0,0,0,118000,0,118000,118000
064835,嘉晶統一02購01  ,0,0,0,0,0,0,0,0,0,118000,0,0,0,239000,121000,118000,118000
064807,義隆元大9C購03  ,0,0,0,0,0,0,0,0,0,118000,0,0,0,456000,338000,118000,118000
07471P,南亞科元大9A售01,0,0,0,0,0,0,0,0,0,117000,0,0,0,117000,0,117000,117000
056911,緯穎元大99購01  ,0,0,0,0,0,0,0,0,0,117000,0,0,0,123000,6000,117000,117000
054923,晶技凱基98購01  ,0,0,0,0,0,0,0,0,0,117000,0,0,0,146000,29000,117000,117000
054377,臺股指中信99購09,0,0,0,0,0,0,0,0,0,117000,0,0,0,117000,0,117000,117000
00713,元大台灣高息低波,15000,4000,11000,0,0,0,0,0,0,106000,0,0,0,114000,8000,106000,117000
061962,台積電統一01購03,0,0,0,0,0,0,0,0,0,117000,0,0,0,823000,706000,117000,117000
061938,大立光國票9B購03,0,0,0,0,0,0,0,0,0,117000,0,0,0,140000,23000,117000,117000
060931,GIS永豐9A購01   ,0,0,0,0,0,0,0,0,0,117000,0,0,0,131000,14000,117000,117000
064367,貿聯統一01購02  ,0,0,0,0,0,0,0,0,0,117000,0,0,0,157000,40000,117000,117000
063585,台積電永豐9B購03,0,0,0,0,0,0,0,0,0,117000,0,0,0,180000,63000,117000,117000
08003P,國巨國泰9B售07  ,0,0,0,0,0,0,0,0,0,116000,0,0,0,132000,16000,116000,116000
066231,友訊富邦02購01  ,0,0,0,0,0,0,0,0,0,116000,0,0,0,138000,22000,116000,116000
056954,聯詠富邦9A購01  ,0,0,0,0,0,0,0,0,0,116000,0,0,0,130000,14000,116000,116000
060573,力成永豐9A購01  ,0,0,0,0,0,0,0,0,0,116000,0,0,0,229000,113000,116000,116000
061792,和大永豐9B購01  ,0,0,0,0,0,0,0,0,0,116000,0,0,0,126000,10000,116000,116000
064680,創意兆豐01購01  ,0,0,0,0,0,0,0,0,0,116000,0,0,0,157000,41000,116000,116000
066733,大立光元大01購10,0,0,0,0,0,0,0,0,0,115000,0,0,0,125000,10000,115000,115000
06908P,健策國泰99售02  ,0,0,0,0,0,0,0,0,0,115000,0,0,0,115000,0,115000,115000
057021,台積電凱基9A購02,0,0,0,0,0,0,0,0,0,115000,0,0,0,123000,8000,115000,115000
057109,信邦群益98購01  ,0,0,0,0,0,0,0,0,0,115000,0,0,0,125000,10000,115000,115000
058809,國巨統一9B購03  ,0,0,0,0,0,0,0,0,0,115000,0,0,0,115000,0,115000,115000
063350,台表科統一02購02,0,0,0,0,0,0,0,0,0,115000,0,0,0,160000,45000,115000,115000
064927,瀚宇博統一02購01,0,0,0,0,0,0,0,0,0,115000,0,0,0,303000,188000,115000,115000
065625,聯發科兆豐9C購06,0,0,0,0,0,0,0,0,0,115000,0,0,0,149000,34000,115000,115000
3015,全漢            ,135000,24000,111000,0,0,0,0,0,0,4000,4000,0,4000,0,0,0,115000
9902,台火            ,309000,194000,115000,0,0,0,0,0,0,0,0,0,0,0,0,0,115000
07505P,台勝科元大9A售01,0,0,0,0,0,0,0,0,0,114000,0,0,0,129000,15000,114000,114000
08135P,玉晶光國泰01售02,0,0,0,0,0,0,0,0,0,114000,0,0,0,201000,87000,114000,114000
065000,和大國票02購01  ,0,0,0,0,0,0,0,0,0,114000,0,0,0,192000,78000,114000,114000
063570,嘉晶元大9C購02  ,0,0,0,0,0,0,0,0,0,114000,0,0,0,137000,23000,114000,114000
1305,華夏            ,336000,222000,114000,0,0,0,0,0,0,0,0,0,0,0,0,0,114000
063359,泰鼎國泰01購01  ,0,0,0,0,0,0,0,0,0,113000,0,0,0,154000,41000,113000,113000
063893,微星群益9C購01  ,0,0,0,0,0,0,0,0,0,113000,0,0,0,173000,60000,113000,113000
065671,大立光凱基9C購07,0,0,0,0,0,0,0,0,0,113000,0,0,0,214000,101000,113000,113000
07919P,創意永豐9B售01  ,0,0,0,0,0,0,0,0,0,112000,0,0,0,472000,360000,112000,112000
07843P,緯穎元大9A售05  ,0,0,0,0,0,0,0,0,0,112000,0,0,0,150000,38000,112000,112000
061989,晶技元大9B購04  ,0,0,0,0,0,0,0,0,0,112000,0,0,0,207000,95000,112000,112000
065499,京元電富邦01購01,0,0,0,0,0,0,0,0,0,112000,0,0,0,593000,481000,112000,112000
064238,玉晶光統一01購08,0,0,0,0,0,0,0,0,0,112000,0,0,0,121000,9000,112000,112000
08233P,國泰金元富9B售01,0,0,0,0,0,0,0,0,0,111000,0,0,0,214000,103000,111000,111000
066240,泰鼎富邦03購01  ,0,0,0,0,0,0,0,0,0,111000,0,0,0,177000,66000,111000,111000
058857,元油2X日盛99購02,0,0,0,0,0,0,0,0,0,111000,0,0,0,111000,0,111000,111000
056855,祥碩中信98購02  ,0,0,0,0,0,0,0,0,0,111000,0,0,0,111000,0,111000,111000
062017,京鼎永豐9B購01  ,0,0,0,0,0,0,0,0,0,111000,0,0,0,176000,65000,111000,111000
061649,緯穎元大9A購06  ,0,0,0,0,0,0,0,0,0,111000,0,0,0,111000,0,111000,111000
061589,世紀鋼富邦9B購01,0,0,0,0,0,0,0,0,0,111000,0,0,0,445000,334000,111000,111000
060228,亞德客元大9A購01,0,0,0,0,0,0,0,0,0,111000,0,0,0,150000,39000,111000,111000
060232,友訊元大9C購01  ,0,0,0,0,0,0,0,0,0,111000,0,0,0,116000,5000,111000,111000
063737,大立光元大9C購07,0,0,0,0,0,0,0,0,0,111000,0,0,0,111000,0,111000,111000
065272,聯茂元大9C購05  ,0,0,0,0,0,0,0,0,0,111000,0,0,0,389000,278000,111000,111000
9919,康那香          ,269000,161000,108000,0,0,0,0,0,0,3000,3000,0,3000,0,0,0,111000
2609,陽明            ,326000,215653,110347,0,0,0,0,0,0,0,0,0,0,0,0,0,110347
066238,聯鈞富邦03購01  ,0,0,0,0,0,0,0,0,0,110000,0,0,0,150000,40000,110000,110000
066717,上証2X元大01購01,0,0,0,0,0,0,0,0,0,110000,0,0,0,120000,10000,110000,110000
057750,神達國票99購01  ,0,0,0,0,0,0,0,0,0,110000,0,0,0,110000,0,110000,110000
057181,亞光元大98購02  ,0,0,0,0,0,0,0,0,0,110000,0,0,0,210000,100000,110000,110000
061288,大立光統一9C購01,0,0,0,0,0,0,0,0,0,110000,0,0,0,120000,10000,110000,110000
00730,富邦臺灣優質高息,10000,9000,1000,0,0,0,0,0,0,109000,0,0,0,200000,91000,109000,110000
052863,友達凱基98購02  ,0,0,0,0,0,0,0,0,0,110000,0,0,0,110000,0,110000,110000
063349,台郡統一9C購01  ,0,0,0,0,0,0,0,0,0,110000,0,0,0,110000,0,110000,110000
062702,可成元大9C購01  ,0,0,0,0,0,0,0,0,0,110000,0,0,0,110000,0,110000,110000
062942,嘉澤凱基9B購02  ,0,0,0,0,0,0,0,0,0,110000,0,0,0,118000,8000,110000,110000
061785,奇力新群益9B購01,0,0,0,0,0,0,0,0,0,110000,0,0,0,110000,0,110000,110000
062349,新日興群益9B購02,0,0,0,0,0,0,0,0,0,110000,0,0,0,110000,0,110000,110000
063624,GIS兆豐9B購01   ,0,0,0,0,0,0,0,0,0,110000,0,0,0,267000,157000,110000,110000
064354,同欣電元大9C購05,0,0,0,0,0,0,0,0,0,110000,0,0,0,234000,124000,110000,110000
064176,京元電國泰01購01,0,0,0,0,0,0,0,0,0,110000,0,0,0,214000,104000,110000,110000
064555,力山群益01購01  ,0,0,0,0,0,0,0,0,0,110000,0,0,0,210000,100000,110000,110000
2908,特力            ,152000,42000,110000,0,0,0,0,0,0,0,0,0,0,0,0,0,110000
08360P,國巨國泰02售01  ,0,0,0,0,0,0,0,0,0,109000,0,0,0,132000,23000,109000,109000
08765P,鴻海富邦01售02  ,0,0,0,0,0,0,0,0,0,109000,0,0,0,115000,6000,109000,109000
057868,大立光凱基98購18,0,0,0,0,0,0,0,0,0,109000,0,0,0,135000,26000,109000,109000
063131,聯茂元大9B購03  ,0,0,0,0,0,0,0,0,0,109000,0,0,0,111000,2000,109000,109000
064644,台光電凱基9C購01,0,0,0,0,0,0,0,0,0,109000,0,0,0,129000,20000,109000,109000
064133,力成元大9C購01  ,0,0,0,0,0,0,0,0,0,109000,0,0,0,119000,10000,109000,109000
07895P,美律元大9B售01  ,0,0,0,0,0,0,0,0,0,108000,0,0,0,113000,5000,108000,108000
066226,惠特國泰03購01  ,0,0,0,0,0,0,0,0,0,108000,0,0,0,118000,10000,108000,108000
066165,大毅凱基01購01  ,0,0,0,0,0,0,0,0,0,108000,0,0,0,218000,110000,108000,108000
058752,鈺齊凱基9A購01  ,0,0,0,0,0,0,0,0,0,108000,0,0,0,187000,79000,108000,108000
063206,貿聯統一9C購02  ,0,0,0,0,0,0,0,0,0,108000,0,0,0,108000,0,108000,108000
06178P,大立光第一99售01,0,0,0,0,0,0,0,0,0,108000,0,0,0,108000,0,108000,108000
061877,貿聯元大9B購01  ,0,0,0,0,0,0,0,0,0,108000,0,0,0,142000,34000,108000,108000
064542,聯電凱基02購01  ,0,0,0,0,0,0,0,0,0,108000,0,0,0,131000,23000,108000,108000
063390,嘉晶兆豐9B購01  ,0,0,0,0,0,0,0,0,0,108000,0,0,0,130000,22000,108000,108000
064831,宏達電統一02購01,0,0,0,0,0,0,0,0,0,108000,0,0,0,200000,92000,108000,108000
065704,華新科群益9C購05,0,0,0,0,0,0,0,0,0,108000,0,0,0,108000,0,108000,108000
065975,緯創元大02購01  ,0,0,0,0,0,0,0,0,0,107000,0,0,0,258000,151000,107000,107000
07744P,奇力新凱基9A售05,0,0,0,0,0,0,0,0,0,107000,0,0,0,120000,13000,107000,107000
065062,亞光群益9C購01  ,0,0,0,0,0,0,0,0,0,107000,0,0,0,136000,29000,107000,107000
064216,矽格凱基01購01  ,0,0,0,0,0,0,0,0,0,107000,0,0,0,189000,82000,107000,107000
066021,華通群益02購03  ,0,0,0,0,0,0,0,0,0,106000,0,0,0,147000,41000,106000,106000
058732,矽格永豐99購01  ,0,0,0,0,0,0,0,0,0,106000,0,0,0,197000,91000,106000,106000
054559,台光電群益99購01,0,0,0,0,0,0,0,0,0,106000,0,0,0,116000,10000,106000,106000
058534,友達統一9B購01  ,0,0,0,0,0,0,0,0,0,106000,0,0,0,149000,43000,106000,106000
057626,技嘉富邦9A購01  ,0,0,0,0,0,0,0,0,0,106000,0,0,0,341000,235000,106000,106000
062718,技嘉凱基9B購01  ,0,0,0,0,0,0,0,0,0,106000,0,0,0,187000,81000,106000,106000
064185,裕隆永豐9C購01  ,0,0,0,0,0,0,0,0,0,106000,0,0,0,582000,476000,106000,106000
063920,大立光元富03購02,0,0,0,0,0,0,0,0,0,106000,0,0,0,112000,6000,106000,106000
064993,嘉澤兆豐9C購01  ,0,0,0,0,0,0,0,0,0,106000,0,0,0,111000,5000,106000,106000
065803,大立光群益01購03,0,0,0,0,0,0,0,0,0,106000,0,0,0,156000,50000,106000,106000
9935,慶豐富          ,237000,131000,106000,0,0,0,0,0,0,0,0,0,0,0,0,0,106000
066277,敦泰元大01購02  ,0,0,0,0,0,0,0,0,0,105000,0,0,0,108000,3000,105000,105000
07233P,台灣50元大99售04,0,0,0,0,0,0,0,0,0,105000,0,0,0,120000,15000,105000,105000
056416,華新科中信98購01,0,0,0,0,0,0,0,0,0,105000,0,0,0,105000,0,105000,105000
065705,嘉晶群益9C購05  ,0,0,0,0,0,0,0,0,0,105000,0,0,0,107000,2000,105000,105000
063736,大立光元大9B購08,0,0,0,0,0,0,0,0,0,105000,0,0,0,123000,18000,105000,105000
063797,台積電凱基02購02,0,0,0,0,0,0,0,0,0,105000,0,0,0,106000,1000,105000,105000
6491,晶碩            ,143000,93000,50000,0,0,0,118000,10000,108000,-53000,0,0,0,16000,69000,-53000,105000
6251,定穎            ,682765,583000,99765,0,0,0,0,6000,-6000,11000,11000,0,11000,0,0,0,104765
07303P,臺股指元大9A售36,0,0,0,0,0,0,0,0,0,104000,0,0,0,254000,150000,104000,104000
07508P,華新科國票9A售03,0,0,0,0,0,0,0,0,0,104000,0,0,0,109000,5000,104000,104000
066235,大毅富邦04購01  ,0,0,0,0,0,0,0,0,0,104000,0,0,0,110000,6000,104000,104000
066260,聯強元大01購02  ,0,0,0,0,0,0,0,0,0,104000,0,0,0,140000,36000,104000,104000
05306P,泰碩國泰97售01  ,0,0,0,0,0,0,0,0,0,104000,0,0,0,104000,0,104000,104000
056290,正文永豐98購01  ,0,0,0,0,0,0,0,0,0,104000,0,0,0,114000,10000,104000,104000
057719,欣興元富02購01  ,0,0,0,0,0,0,0,0,0,104000,0,0,0,432000,328000,104000,104000
058173,台積電凱基99購04,0,0,0,0,0,0,0,0,0,104000,0,0,0,109000,5000,104000,104000
063013,技嘉元大9B購02  ,0,0,0,0,0,0,0,0,0,104000,0,0,0,131000,27000,104000,104000
058766,力山兆豐99購01  ,0,0,0,0,0,0,0,0,0,103000,0,0,0,106000,3000,103000,103000
062689,華擎統一02購01  ,0,0,0,0,0,0,0,0,0,103000,0,0,0,152000,49000,103000,103000
062546,新日興永豐9B購01,0,0,0,0,0,0,0,0,0,103000,0,0,0,113000,10000,103000,103000
062511,台光電國票9B購02,0,0,0,0,0,0,0,0,0,103000,0,0,0,106000,3000,103000,103000
065745,裕隆元大9C購03  ,0,0,0,0,0,0,0,0,0,103000,0,0,0,301000,198000,103000,103000
064772,FBVIX群益9C購04 ,0,0,0,0,0,0,0,0,0,103000,0,0,0,104000,1000,103000,103000
9925,新保            ,113000,10000,103000,0,0,0,0,0,0,0,0,0,0,0,0,0,103000
2420,新巨            ,186000,86000,100000,0,0,0,0,0,0,3000,3000,0,3000,0,0,0,103000
2239,英利-KY         ,147000,49000,98000,0,0,0,0,0,0,5000,0,0,0,5000,0,5000,103000
066220,矽格台新01購01  ,0,0,0,0,0,0,0,0,0,102000,0,0,0,102000,0,102000,102000
066405,晶碩凱基01購01  ,0,0,0,0,0,0,0,0,0,102000,0,0,0,227000,125000,102000,102000
08464P,牧德永豐9C售02  ,0,0,0,0,0,0,0,0,0,102000,0,0,0,478000,376000,102000,102000
058796,可成元大99購04  ,0,0,0,0,0,0,0,0,0,102000,0,0,0,102000,0,102000,102000
057004,滬深反中信9A購01,0,0,0,0,0,0,0,0,0,102000,0,0,0,132000,30000,102000,102000
056267,文曄統一97購02  ,0,0,0,0,0,0,0,0,0,102000,0,0,0,102000,0,102000,102000
056701,國產國泰9A購01  ,0,0,0,0,0,0,0,0,0,102000,0,0,0,107000,5000,102000,102000
00712,FH富時不動產    ,520000,26000,494000,0,0,0,0,0,0,-392000,0,0,0,7000,399000,-392000,102000
063184,台光電凱基9B購03,0,0,0,0,0,0,0,0,0,102000,0,0,0,102000,0,102000,102000
061480,泰碩元大9B購01  ,0,0,0,0,0,0,0,0,0,102000,0,0,0,460000,358000,102000,102000
08157P,大立光元富9B售06,0,0,0,0,0,0,0,0,0,101000,0,0,0,159000,58000,101000,101000
08832P,台表科群益01售01,0,0,0,0,0,0,0,0,0,101000,0,0,0,101000,0,101000,101000
07247P,聯發科凱基9A售06,0,0,0,0,0,0,0,0,0,101000,0,0,0,101000,0,101000,101000
06933P,禾伸堂元大98售03,0,0,0,0,0,0,0,0,0,101000,0,0,0,101000,0,101000,101000
066153,南帝康和01購01  ,0,0,0,0,0,0,0,0,0,101000,0,0,0,101000,0,101000,101000
057510,泰碩統一98購02  ,0,0,0,0,0,0,0,0,0,101000,0,0,0,243000,142000,101000,101000
058648,聯陽永豐99購01  ,0,0,0,0,0,0,0,0,0,101000,0,0,0,124000,23000,101000,101000
060430,和潤永豐9A購01  ,0,0,0,0,0,0,0,0,0,101000,0,0,0,118000,17000,101000,101000
063192,技嘉台新9B購01  ,0,0,0,0,0,0,0,0,0,101000,0,0,0,150000,49000,101000,101000
062654,技嘉永豐9B購01  ,0,0,0,0,0,0,0,0,0,101000,0,0,0,222000,121000,101000,101000
062915,嘉澤元大9B購03  ,0,0,0,0,0,0,0,0,0,101000,0,0,0,194000,93000,101000,101000
064144,智邦統一01購02  ,0,0,0,0,0,0,0,0,0,101000,0,0,0,164000,63000,101000,101000
5471,松翰            ,1761000,1981000,-220000,0,0,0,0,0,0,321000,123000,6000,117000,211000,7000,204000,101000
066017,南六元富03購01  ,0,0,0,0,0,0,0,0,0,100000,0,0,0,101000,1000,100000,100000
066104,鎧勝國票02購01  ,0,0,0,0,0,0,0,0,0,100000,0,0,0,178000,78000,100000,100000
06631P,玉晶光群益9A售03,0,0,0,0,0,0,0,0,0,100000,0,0,0,100000,0,100000,100000
066775,智原富邦03購01  ,0,0,0,0,0,0,0,0,0,100000,0,0,0,100000,0,100000,100000
07368P,國巨凱基99售19  ,0,0,0,0,0,0,0,0,0,100000,0,0,0,100000,0,100000,100000
07713P,台郡元大9A售03  ,0,0,0,0,0,0,0,0,0,100000,0,0,0,100000,0,100000,100000
07944P,華新科元大9B售08,0,0,0,0,0,0,0,0,0,100000,0,0,0,141000,41000,100000,100000
058249,緯穎元大99購04  ,0,0,0,0,0,0,0,0,0,100000,0,0,0,120000,20000,100000,100000
058145,聯茂元大99購03  ,0,0,0,0,0,0,0,0,0,100000,0,0,0,168000,68000,100000,100000
058828,大毅永豐99購01  ,0,0,0,0,0,0,0,0,0,100000,0,0,0,200000,100000,100000,100000
057370,可成元大98購07  ,0,0,0,0,0,0,0,0,0,100000,0,0,0,100000,0,100000,100000
057371,可成元大98購08  ,0,0,0,0,0,0,0,0,0,100000,0,0,0,100000,0,100000,100000
057381,微星國泰9A購01  ,0,0,0,0,0,0,0,0,0,100000,0,0,0,100000,0,100000,100000
059207,臺指反元大9C購02,0,0,0,0,0,0,0,0,0,100000,0,0,0,100000,0,100000,100000
055281,台光電元大98購03,0,0,0,0,0,0,0,0,0,100000,0,0,0,100000,0,100000,100000
055917,禾伸堂凱基98購02,0,0,0,0,0,0,0,0,0,100000,0,0,0,100000,0,100000,100000
062693,中石化元大02購01,0,0,0,0,0,0,0,0,0,100000,0,0,0,100000,0,100000,100000
063356,台表科元富02購01,0,0,0,0,0,0,0,0,0,100000,0,0,0,182000,82000,100000,100000
060911,大毅元大9A購01  ,0,0,0,0,0,0,0,0,0,100000,0,0,0,119000,19000,100000,100000
061632,SP黃豆元大9A購06,0,0,0,0,0,0,0,0,0,100000,0,0,0,100000,0,100000,100000
062133,大成鋼群益9B購01,0,0,0,0,0,0,0,0,0,100000,0,0,0,100000,0,100000,100000
062032,崇越群益9B購01  ,0,0,0,0,0,0,0,0,0,100000,0,0,0,100000,0,100000,100000
061170,南茂兆豐9B購01  ,0,0,0,0,0,0,0,0,0,100000,0,0,0,100000,0,100000,100000
064045,南亞科統一9C購04,0,0,0,0,0,0,0,0,0,100000,0,0,0,100000,0,100000,100000
064536,富邦金國票01購01,0,0,0,0,0,0,0,0,0,100000,0,0,0,102000,2000,100000,100000
064484,元金2X元大9C購02,0,0,0,0,0,0,0,0,0,100000,0,0,0,100000,0,100000,100000
064899,大立光群益9C購06,0,0,0,0,0,0,0,0,0,100000,0,0,0,100000,0,100000,100000
065364,國巨元大9C購18  ,0,0,0,0,0,0,0,0,0,100000,0,0,0,100000,0,100000,100000
065447,緯創統一02購02  ,0,0,0,0,0,0,0,0,0,100000,0,0,0,150000,50000,100000,100000
2455,全新            ,790000,704000,86000,0,0,0,0,0,0,14000,20000,94000,-74000,124000,36000,88000,100000
07085P,超眾元富9C售01  ,0,0,0,0,0,0,0,0,0,99000,0,0,0,372000,273000,99000,99000
066250,大成鋼元大01購01,0,0,0,0,0,0,0,0,0,99000,0,0,0,130000,31000,99000,99000
00675L,富邦臺灣加權正2 ,207000,89000,118000,0,0,0,0,0,0,-19000,0,0,0,2000,21000,-19000,99000
053276,友達元大9C購01  ,0,0,0,0,0,0,0,0,0,99000,0,0,0,123000,24000,99000,99000
054527,國巨統一97購03  ,0,0,0,0,0,0,0,0,0,99000,0,0,0,499000,400000,99000,99000
060451,中石化元大9C購02,0,0,0,0,0,0,0,0,0,99000,0,0,0,100000,1000,99000,99000
065372,漢唐元大9C購02  ,0,0,0,0,0,0,0,0,0,99000,0,0,0,236000,137000,99000,99000
065223,旺宏中信01購01  ,0,0,0,0,0,0,0,0,0,99000,0,0,0,99000,0,99000,99000
1215,卜蜂            ,243000,155000,88000,0,0,0,0,0,0,11000,0,0,0,13000,2000,11000,99000
1503,士電            ,161000,62000,99000,0,0,0,0,0,0,0,0,0,0,0,0,0,99000
8404,百和興業-KY     ,116000,17000,99000,0,0,0,0,0,0,0,0,0,0,0,0,0,99000
066023,燿華群益01購02  ,0,0,0,0,0,0,0,0,0,98000,0,0,0,98000,0,98000,98000
053584,友達元大9B購02  ,0,0,0,0,0,0,0,0,0,98000,0,0,0,98000,0,98000,98000
053979,健策元大98購01  ,0,0,0,0,0,0,0,0,0,98000,0,0,0,98000,0,98000,98000
057259,台積電兆豐98購03,0,0,0,0,0,0,0,0,0,98000,0,0,0,105000,7000,98000,98000
062061,台勝科統一01購01,0,0,0,0,0,0,0,0,0,98000,0,0,0,108000,10000,98000,98000
061912,台積電中信05購05,0,0,0,0,0,0,0,0,0,98000,0,0,0,98000,0,98000,98000
062291,力成富邦9B購01  ,0,0,0,0,0,0,0,0,0,98000,0,0,0,98000,0,98000,98000
062419,台積電統一9B購15,0,0,0,0,0,0,0,0,0,98000,0,0,0,226000,128000,98000,98000
060631,微星富邦9B購01  ,0,0,0,0,0,0,0,0,0,98000,0,0,0,98000,0,98000,98000
065868,燿華群益02購01  ,0,0,0,0,0,0,0,0,0,98000,0,0,0,98000,0,98000,98000
1340,勝悅-KY         ,203000,105000,98000,0,0,0,0,0,0,0,0,0,0,0,0,0,98000
07070P,晶相光元富99售01,0,0,0,0,0,0,0,0,0,97000,0,0,0,97000,0,97000,97000
057664,台積電元大9A購03,0,0,0,0,0,0,0,0,0,97000,0,0,0,116000,19000,97000,97000
062674,百和中信03購01  ,0,0,0,0,0,0,0,0,0,97000,0,0,0,137000,40000,97000,97000
062404,新唐永豐9B購01  ,0,0,0,0,0,0,0,0,0,97000,0,0,0,291000,194000,97000,97000
059918,華新科元大99購20,0,0,0,0,0,0,0,0,0,97000,0,0,0,97000,0,97000,97000
065099,聯茂元大9C購03  ,0,0,0,0,0,0,0,0,0,97000,0,0,0,163000,66000,97000,97000
064426,群創兆豐9C購01  ,0,0,0,0,0,0,0,0,0,97000,0,0,0,347000,250000,97000,97000
063885,南六元富9C購01  ,0,0,0,0,0,0,0,0,0,97000,0,0,0,146000,49000,97000,97000
066300,潤泰新元大01購02,0,0,0,0,0,0,0,0,0,96000,0,0,0,398000,302000,96000,96000
054210,台光電國票97購03,0,0,0,0,0,0,0,0,0,96000,0,0,0,100000,4000,96000,96000
057079,台積電統一9A購02,0,0,0,0,0,0,0,0,0,96000,0,0,0,104000,8000,96000,96000
060333,金寶康和9A購01  ,0,0,0,0,0,0,0,0,0,96000,0,0,0,138000,42000,96000,96000
063054,健鼎統一01購01  ,0,0,0,0,0,0,0,0,0,96000,0,0,0,163000,67000,96000,96000
063728,國巨元大9B購21  ,0,0,0,0,0,0,0,0,0,96000,0,0,0,96000,0,96000,96000
065149,遠東新群益9C購01,0,0,0,0,0,0,0,0,0,96000,0,0,0,98000,2000,96000,96000
064760,玉晶光凱基01購02,0,0,0,0,0,0,0,0,0,96000,0,0,0,169000,73000,96000,96000
9939,宏全            ,516000,602000,-86000,0,0,0,0,0,0,182000,79000,23000,56000,126000,0,126000,96000
07080P,健策群益9A售01  ,0,0,0,0,0,0,0,0,0,95000,0,0,0,105000,10000,95000,95000
057739,新日興富邦9B購01,0,0,0,0,0,0,0,0,0,95000,0,0,0,105000,10000,95000,95000
058337,日月光元富99購01,0,0,0,0,0,0,0,0,0,95000,0,0,0,169000,74000,95000,95000
056266,開發金統一9A購01,0,0,0,0,0,0,0,0,0,95000,0,0,0,95000,0,95000,95000
056314,力成元大97購01  ,0,0,0,0,0,0,0,0,0,95000,0,0,0,95000,0,95000,95000
060699,華新科國泰9B購03,0,0,0,0,0,0,0,0,0,95000,0,0,0,100000,5000,95000,95000
060882,大立光中信9A購05,0,0,0,0,0,0,0,0,0,95000,0,0,0,95000,0,95000,95000
062021,康控永豐9B購01  ,0,0,0,0,0,0,0,0,0,95000,0,0,0,95000,0,95000,95000
061550,聯鈞群益9A購03  ,0,0,0,0,0,0,0,0,0,95000,0,0,0,146000,51000,95000,95000
064420,台積電兆豐9C購03,0,0,0,0,0,0,0,0,0,95000,0,0,0,115000,20000,95000,95000
064291,南六元大9C購04  ,0,0,0,0,0,0,0,0,0,95000,0,0,0,112000,17000,95000,95000
07955P,大成鋼群益9B售02,0,0,0,0,0,0,0,0,0,94000,0,0,0,100000,6000,94000,94000
07890P,南電國票9B售01  ,0,0,0,0,0,0,0,0,0,94000,0,0,0,138000,44000,94000,94000
08682P,鴻海凱基01售06  ,0,0,0,0,0,0,0,0,0,94000,0,0,0,114000,20000,94000,94000
057870,大立光凱基99購02,0,0,0,0,0,0,0,0,0,94000,0,0,0,94000,0,94000,94000
063015,微星元大9B購01  ,0,0,0,0,0,0,0,0,0,94000,0,0,0,110000,16000,94000,94000
064204,瑞儀兆豐01購01  ,0,0,0,0,0,0,0,0,0,94000,0,0,0,198000,104000,94000,94000
064605,GIS元富9C購01   ,0,0,0,0,0,0,0,0,0,94000,0,0,0,205000,111000,94000,94000
065635,智伸科國票01購02,0,0,0,0,0,0,0,0,0,94000,0,0,0,94000,0,94000,94000
055661,亞德客中信98購01,0,0,0,0,0,0,0,0,0,93000,0,0,0,95000,2000,93000,93000
061567,華通元大9A購11  ,0,0,0,0,0,0,0,0,0,93000,0,0,0,98000,5000,93000,93000
062347,台光電群益9B購02,0,0,0,0,0,0,0,0,0,93000,0,0,0,93000,0,93000,93000
063958,瑞祺元大9C購01  ,0,0,0,0,0,0,0,0,0,93000,0,0,0,151000,58000,93000,93000
08159P,日月光元富9B售01,0,0,0,0,0,0,0,0,0,92000,0,0,0,238000,146000,92000,92000
07880P,可成群益9B售05  ,0,0,0,0,0,0,0,0,0,92000,0,0,0,92000,0,92000,92000
066034,南六群益02購02  ,0,0,0,0,0,0,0,0,0,92000,0,0,0,135000,43000,92000,92000
056392,玉晶光富邦9C購01,0,0,0,0,0,0,0,0,0,92000,0,0,0,108000,16000,92000,92000
059223,大立光元大99購14,0,0,0,0,0,0,0,0,0,92000,0,0,0,116000,24000,92000,92000
063897,神達群益9C購01  ,0,0,0,0,0,0,0,0,0,92000,0,0,0,94000,2000,92000,92000
064400,大成鋼凱基01購01,0,0,0,0,0,0,0,0,0,92000,0,0,0,94000,2000,92000,92000
064333,義隆元大9C購02  ,0,0,0,0,0,0,0,0,0,92000,0,0,0,159000,67000,92000,92000
2439,美律            ,349000,294000,55000,0,0,0,80000,0,80000,-43000,21000,37000,-16000,2000,29000,-27000,92000
066617,鎧勝康和01購01  ,0,0,0,0,0,0,0,0,0,91000,0,0,0,472000,381000,91000,91000
00728,第一金工業30    ,0,0,0,0,0,0,0,0,0,91000,0,0,0,299000,208000,91000,91000
061655,微星國票9A購01  ,0,0,0,0,0,0,0,0,0,91000,0,0,0,92000,1000,91000,91000
065649,牧德元大03購01  ,0,0,0,0,0,0,0,0,0,91000,0,0,0,91000,0,91000,91000
064761,神達凱基9C購01  ,0,0,0,0,0,0,0,0,0,91000,0,0,0,141000,50000,91000,91000
5515,建國            ,109000,18000,91000,0,0,0,0,0,0,0,0,0,0,0,0,0,91000
066702,開發金群益03購01,0,0,0,0,0,0,0,0,0,90000,0,0,0,90000,0,90000,90000
066859,華擎國票02購01  ,0,0,0,0,0,0,0,0,0,90000,0,0,0,113000,23000,90000,90000
06801P,技嘉群益99售02  ,0,0,0,0,0,0,0,0,0,90000,0,0,0,150000,60000,90000,90000
07945P,上銀國票9B售02  ,0,0,0,0,0,0,0,0,0,90000,0,0,0,100000,10000,90000,90000
07068P,欣興台新99售01  ,0,0,0,0,0,0,0,0,0,90000,0,0,0,460000,370000,90000,90000
08490P,上銀元大9C售08  ,0,0,0,0,0,0,0,0,0,90000,0,0,0,104000,14000,90000,90000
056432,鴻海凱基98購08  ,0,0,0,0,0,0,0,0,0,90000,0,0,0,103000,13000,90000,90000
054889,京鼎統一99購01  ,0,0,0,0,0,0,0,0,0,90000,0,0,0,90000,0,90000,90000
058309,大毅元大99購02  ,0,0,0,0,0,0,0,0,0,90000,0,0,0,112000,22000,90000,90000
056871,新日興日盛99購01,0,0,0,0,0,0,0,0,0,90000,0,0,0,90000,0,90000,90000
064748,力成國票01購01  ,0,0,0,0,0,0,0,0,0,90000,0,0,0,90000,0,90000,90000
065142,華邦電凱基01購01,0,0,0,0,0,0,0,0,0,90000,0,0,0,90000,0,90000,90000
065005,台光電國票01購02,0,0,0,0,0,0,0,0,0,90000,0,0,0,90000,0,90000,90000
065820,瑞祺元富03購01  ,0,0,0,0,0,0,0,0,0,90000,0,0,0,161000,71000,90000,90000
064270,華通元大9C購03  ,0,0,0,0,0,0,0,0,0,90000,0,0,0,93000,3000,90000,90000
064483,瑞儀永豐9C購01  ,0,0,0,0,0,0,0,0,0,90000,0,0,0,110000,20000,90000,90000
063806,瀚宇博兆豐01購01,0,0,0,0,0,0,0,0,0,90000,0,0,0,110000,20000,90000,90000
3515,華擎            ,703000,952000,-249000,0,0,0,384000,0,384000,-45000,53000,22000,31000,28000,104000,-76000,90000
2419,仲琦            ,97000,43000,54000,0,0,0,0,0,0,36000,24000,0,24000,12000,0,12000,90000
066640,達麗凱基01購01  ,0,0,0,0,0,0,0,0,0,89000,0,0,0,112000,23000,89000,89000
066280,眾達元大01購01  ,0,0,0,0,0,0,0,0,0,89000,0,0,0,280000,191000,89000,89000
066532,力成元富07購01  ,0,0,0,0,0,0,0,0,0,89000,0,0,0,217000,128000,89000,89000
058397,大成鋼元大99購02,0,0,0,0,0,0,0,0,0,89000,0,0,0,100000,11000,89000,89000
046881,智原富邦99購01  ,0,0,0,0,0,0,0,0,0,89000,0,0,0,99000,10000,89000,89000
062115,臺股指國票9B購09,0,0,0,0,0,0,0,0,0,89000,0,0,0,89000,0,89000,89000
059677,大立光台新99購01,0,0,0,0,0,0,0,0,0,89000,0,0,0,90000,1000,89000,89000
059921,大立光元大99購24,0,0,0,0,0,0,0,0,0,89000,0,0,0,94000,5000,89000,89000
062903,燿華元大9B購04  ,0,0,0,0,0,0,0,0,0,89000,0,0,0,89000,0,89000,89000
060212,華航康和9A購01  ,0,0,0,0,0,0,0,0,0,89000,0,0,0,94000,5000,89000,89000
063630,智邦元大9B購09  ,0,0,0,0,0,0,0,0,0,89000,0,0,0,148000,59000,89000,89000
064567,晶技群益01購01  ,0,0,0,0,0,0,0,0,0,89000,0,0,0,89000,0,89000,89000
064690,台光電群益9C購02,0,0,0,0,0,0,0,0,0,89000,0,0,0,89000,0,89000,89000
2464,盟立            ,111000,111000,0,0,0,0,0,0,0,89000,0,0,0,89000,0,89000,89000
066007,大立光統一02購06,0,0,0,0,0,0,0,0,0,88000,0,0,0,109000,21000,88000,88000
08057P,京鼎群益9B售01  ,0,0,0,0,0,0,0,0,0,88000,0,0,0,380000,292000,88000,88000
056574,亞光元大99購03  ,0,0,0,0,0,0,0,0,0,88000,0,0,0,88000,0,88000,88000
03451B,臺股指凱基9C熊23,0,0,0,0,0,0,0,0,0,88000,0,0,0,424000,336000,88000,88000
056080,世紀鋼元大97購03,0,0,0,0,0,0,0,0,0,88000,0,0,0,88000,0,88000,88000
056352,鴻海元大99購01  ,0,0,0,0,0,0,0,0,0,88000,0,0,0,458000,370000,88000,88000
058449,台積電永豐99購01,0,0,0,0,0,0,0,0,0,88000,0,0,0,89000,1000,88000,88000
059242,南亞科凱基99購06,0,0,0,0,0,0,0,0,0,88000,0,0,0,352000,264000,88000,88000
057836,南亞科國泰9A購01,0,0,0,0,0,0,0,0,0,88000,0,0,0,98000,10000,88000,88000
063104,大立光群益9C購02,0,0,0,0,0,0,0,0,0,88000,0,0,0,112000,24000,88000,88000
060467,神基元大9A購01  ,0,0,0,0,0,0,0,0,0,88000,0,0,0,142000,54000,88000,88000
064297,台郡國票01購01  ,0,0,0,0,0,0,0,0,0,88000,0,0,0,107000,19000,88000,88000
1712,興農            ,189000,98000,91000,0,0,0,0,0,0,-3000,0,3000,-3000,0,0,0,88000
08349P,南六元大9C售03  ,0,0,0,0,0,0,0,0,0,87000,0,0,0,327000,240000,87000,87000
066402,泰鼎凱基01購02  ,0,0,0,0,0,0,0,0,0,87000,0,0,0,156000,69000,87000,87000
057852,國巨國票99購05  ,0,0,0,0,0,0,0,0,0,87000,0,0,0,87000,0,87000,87000
03006X,元展06          ,0,0,0,0,0,0,0,0,0,87000,0,0,0,87000,0,87000,87000
059113,群光永豐99購01  ,0,0,0,0,0,0,0,0,0,87000,0,0,0,87000,0,87000,87000
061759,上証反元大02購01,0,0,0,0,0,0,0,0,0,87000,0,0,0,87000,0,87000,87000
063209,巨大統一01購01  ,0,0,0,0,0,0,0,0,0,87000,0,0,0,184000,97000,87000,87000
060707,台郡富邦9A購01  ,0,0,0,0,0,0,0,0,0,87000,0,0,0,99000,12000,87000,87000
064556,華通群益02購02  ,0,0,0,0,0,0,0,0,0,87000,0,0,0,87000,0,87000,87000
065327,台表科凱基9C購02,0,0,0,0,0,0,0,0,0,87000,0,0,0,90000,3000,87000,87000
2103,台橡            ,203000,116000,87000,0,0,0,0,0,0,0,0,0,0,0,0,0,87000
3257,虹冠電          ,125000,38000,87000,0,0,0,0,0,0,0,0,0,0,0,0,0,87000
08559P,瑞昱國票9C售01  ,0,0,0,0,0,0,0,0,0,86000,0,0,0,106000,20000,86000,86000
07837P,華邦電元大9A售01,0,0,0,0,0,0,0,0,0,86000,0,0,0,296000,210000,86000,86000
057793,群創統一99購02  ,0,0,0,0,0,0,0,0,0,86000,0,0,0,91000,5000,86000,86000
060308,劍麟永豐9A購01  ,0,0,0,0,0,0,0,0,0,86000,0,0,0,87000,1000,86000,86000
057972,群創富邦9C購01  ,0,0,0,0,0,0,0,0,0,86000,0,0,0,141000,55000,86000,86000
066636,健策凱基01購02  ,0,0,0,0,0,0,0,0,0,85000,0,0,0,96000,11000,85000,85000
057016,中石化凱基9B購01,0,0,0,0,0,0,0,0,0,85000,0,0,0,85000,0,85000,85000
046629,群創統一98購01  ,0,0,0,0,0,0,0,0,0,85000,0,0,0,168000,83000,85000,85000
060722,矽格永豐9A購01  ,0,0,0,0,0,0,0,0,0,85000,0,0,0,170000,85000,85000,85000
061682,南電元大9B購01  ,0,0,0,0,0,0,0,0,0,85000,0,0,0,110000,25000,85000,85000
059125,台積電第一03購02,0,0,0,0,0,0,0,0,0,85000,0,0,0,100000,15000,85000,85000
062124,大立光統一9B購09,0,0,0,0,0,0,0,0,0,85000,0,0,0,95000,10000,85000,85000
065213,南六國票01購03  ,0,0,0,0,0,0,0,0,0,85000,0,0,0,85000,0,85000,85000
065674,華擎凱基9C購03  ,0,0,0,0,0,0,0,0,0,85000,0,0,0,110000,25000,85000,85000
065386,華通兆豐9C購02  ,0,0,0,0,0,0,0,0,0,85000,0,0,0,85000,0,85000,85000
2915,潤泰全          ,396641,2828200,-2431559,0,0,0,1523000,0,1523000,993000,184000,22000,162000,850000,19000,831000,84441
2327,國巨            ,1417849,942123,475726,0,0,0,63000,3498,59502,-451000,7000,354000,-347000,37000,141000,-104000,84228
066854,樺漢元大01購02  ,0,0,0,0,0,0,0,0,0,84000,0,0,0,373000,289000,84000,84000
066879,智伸科富邦03購01,0,0,0,0,0,0,0,0,0,84000,0,0,0,84000,0,84000,84000
066996,拓凱國泰03購02  ,0,0,0,0,0,0,0,0,0,84000,0,0,0,84000,0,84000,84000
066326,敦陽科永豐01購01,0,0,0,0,0,0,0,0,0,84000,0,0,0,84000,0,84000,84000
066492,台郡元富01購01  ,0,0,0,0,0,0,0,0,0,84000,0,0,0,327000,243000,84000,84000
066011,華通元富01購01  ,0,0,0,0,0,0,0,0,0,84000,0,0,0,84000,0,84000,84000
065966,國巨元大01購06  ,0,0,0,0,0,0,0,0,0,84000,0,0,0,100000,16000,84000,84000
058373,晶技凱基99購02  ,0,0,0,0,0,0,0,0,0,84000,0,0,0,111000,27000,84000,84000
061831,智邦凱基9B購02  ,0,0,0,0,0,0,0,0,0,84000,0,0,0,84000,0,84000,84000
063267,台表科中信01購02,0,0,0,0,0,0,0,0,0,84000,0,0,0,91000,7000,84000,84000
065728,嘉晶凱基9C購04  ,0,0,0,0,0,0,0,0,0,84000,0,0,0,172000,88000,84000,84000
064162,貿聯統一02購01  ,0,0,0,0,0,0,0,0,0,84000,0,0,0,84000,0,84000,84000
063476,台表科元大9C購03,0,0,0,0,0,0,0,0,0,84000,0,0,0,590000,506000,84000,84000
066210,瑞祺統一02購01  ,0,0,0,0,0,0,0,0,0,83000,0,0,0,93000,10000,83000,83000
053282,彩晶元大9C購01  ,0,0,0,0,0,0,0,0,0,83000,0,0,0,133000,50000,83000,83000
057667,可成元大99購01  ,0,0,0,0,0,0,0,0,0,83000,0,0,0,83000,0,83000,83000
062743,微星國泰01購01  ,0,0,0,0,0,0,0,0,0,83000,0,0,0,140000,57000,83000,83000
061789,群創群益9B購01  ,0,0,0,0,0,0,0,0,0,83000,0,0,0,88000,5000,83000,83000
063547,大立光兆豐9B購04,0,0,0,0,0,0,0,0,0,83000,0,0,0,102000,19000,83000,83000
064403,正崴凱基01購01  ,0,0,0,0,0,0,0,0,0,83000,0,0,0,104000,21000,83000,83000
065232,健策凱基02購01  ,0,0,0,0,0,0,0,0,0,83000,0,0,0,84000,1000,83000,83000
066298,美利達元大01購02,0,0,0,0,0,0,0,0,0,82000,0,0,0,86000,4000,82000,82000
07986P,大成鋼統一9B售02,0,0,0,0,0,0,0,0,0,82000,0,0,0,82000,0,82000,82000
057969,緯穎國泰99購01  ,0,0,0,0,0,0,0,0,0,82000,0,0,0,95000,13000,82000,82000
061269,嘉澤凱基9A購01  ,0,0,0,0,0,0,0,0,0,82000,0,0,0,98000,16000,82000,82000
062676,南六台新9B購01  ,0,0,0,0,0,0,0,0,0,82000,0,0,0,82000,0,82000,82000
060571,京元電永豐9A購01,0,0,0,0,0,0,0,0,0,82000,0,0,0,94000,12000,82000,82000
065378,嘉澤元大01購01  ,0,0,0,0,0,0,0,0,0,82000,0,0,0,145000,63000,82000,82000
6414,樺漢            ,248000,275000,-27000,0,0,0,133000,0,133000,-24000,145000,125000,20000,21000,65000,-44000,82000
6670,復盛應用        ,167000,56000,111000,0,0,0,0,78000,-78000,49000,0,0,0,49000,0,49000,82000
08119P,南亞科統一9C售03,0,0,0,0,0,0,0,0,0,81000,0,0,0,82000,1000,81000,81000
06597P,國巨富邦9A售05  ,0,0,0,0,0,0,0,0,0,81000,0,0,0,237000,156000,81000,81000
066725,華通元大01購05  ,0,0,0,0,0,0,0,0,0,81000,0,0,0,96000,15000,81000,81000
057270,遠東新元大98購01,0,0,0,0,0,0,0,0,0,81000,0,0,0,81000,0,81000,81000
05894P,友達群益98售02  ,0,0,0,0,0,0,0,0,0,81000,0,0,0,101000,20000,81000,81000
056503,楠梓電永豐98購01,0,0,0,0,0,0,0,0,0,81000,0,0,0,81000,0,81000,81000
063347,祥碩統一01購03  ,0,0,0,0,0,0,0,0,0,81000,0,0,0,457000,376000,81000,81000
065570,台光電群益01購01,0,0,0,0,0,0,0,0,0,81000,0,0,0,81000,0,81000,81000
065042,國產凱基02購01  ,0,0,0,0,0,0,0,0,0,81000,0,0,0,162000,81000,81000,81000
065110,嘉澤國票01購01  ,0,0,0,0,0,0,0,0,0,81000,0,0,0,123000,42000,81000,81000
063407,泰鼎國票9C購01  ,0,0,0,0,0,0,0,0,0,81000,0,0,0,86000,5000,81000,81000
2850,新產            ,146000,34000,112000,0,0,0,0,0,0,-31000,0,31000,-31000,0,0,0,81000
06760P,台積電元大98售18,0,0,0,0,0,0,0,0,0,80000,0,0,0,80000,0,80000,80000
066232,聯強富邦03購01  ,0,0,0,0,0,0,0,0,0,80000,0,0,0,281000,201000,80000,80000
07993P,寶成群益9B售01  ,0,0,0,0,0,0,0,0,0,80000,0,0,0,80000,0,80000,80000
07253P,台灣50凱基9A售05,0,0,0,0,0,0,0,0,0,80000,0,0,0,80000,0,80000,80000
07579P,聯茂元大9A售01  ,0,0,0,0,0,0,0,0,0,80000,0,0,0,80000,0,80000,80000
08375P,聯電元富9C售02  ,0,0,0,0,0,0,0,0,0,80000,0,0,0,110000,30000,80000,80000
08312P,旺宏國票01售01  ,0,0,0,0,0,0,0,0,0,80000,0,0,0,80000,0,80000,80000
053630,奇鋐兆豐97購01  ,0,0,0,0,0,0,0,0,0,80000,0,0,0,80000,0,80000,80000
058515,健鼎元大99購01  ,0,0,0,0,0,0,0,0,0,80000,0,0,0,100000,20000,80000,80000
058577,南亞科群益99購02,0,0,0,0,0,0,0,0,0,80000,0,0,0,90000,10000,80000,80000
056317,華通群益99購02  ,0,0,0,0,0,0,0,0,0,80000,0,0,0,100000,20000,80000,80000
056072,群創元大97購01  ,0,0,0,0,0,0,0,0,0,80000,0,0,0,80000,0,80000,80000
055389,國巨統一98購02  ,0,0,0,0,0,0,0,0,0,80000,0,0,0,80000,0,80000,80000
054793,牧德群益9A購01  ,0,0,0,0,0,0,0,0,0,80000,0,0,0,80000,0,80000,80000
058670,鴻海群益9A購03  ,0,0,0,0,0,0,0,0,0,80000,0,0,0,165000,85000,80000,80000
057812,友達元大9A購05  ,0,0,0,0,0,0,0,0,0,80000,0,0,0,80000,0,80000,80000
062732,南六凱基9B購03  ,0,0,0,0,0,0,0,0,0,80000,0,0,0,85000,5000,80000,80000
062858,微星國票9B購01  ,0,0,0,0,0,0,0,0,0,80000,0,0,0,118000,38000,80000,80000
060745,京元電國票9A購01,0,0,0,0,0,0,0,0,0,80000,0,0,0,150000,70000,80000,80000
060807,新光金群益9A購01,0,0,0,0,0,0,0,0,0,80000,0,0,0,80000,0,80000,80000
063526,台光電凱基9B購04,0,0,0,0,0,0,0,0,0,80000,0,0,0,80000,0,80000,80000
064620,大立光元大01購03,0,0,0,0,0,0,0,0,0,80000,0,0,0,80000,0,80000,80000
064902,健策群益01購03  ,0,0,0,0,0,0,0,0,0,80000,0,0,0,186000,106000,80000,80000
065688,緯創元富9C購02  ,0,0,0,0,0,0,0,0,0,80000,0,0,0,80000,0,80000,80000
066707,揚明光群益01購02,0,0,0,0,0,0,0,0,0,79000,0,0,0,79000,0,79000,79000
057835,華擎元富9B購01  ,0,0,0,0,0,0,0,0,0,79000,0,0,0,120000,41000,79000,79000
060346,華新科統一01購01,0,0,0,0,0,0,0,0,0,79000,0,0,0,100000,21000,79000,79000
058093,神達元大9A購01  ,0,0,0,0,0,0,0,0,0,79000,0,0,0,81000,2000,79000,79000
060916,金像電國泰9C購01,0,0,0,0,0,0,0,0,0,79000,0,0,0,179000,100000,79000,79000
061769,晶技元大9B購03  ,0,0,0,0,0,0,0,0,0,79000,0,0,0,522000,443000,79000,79000
059140,大立光兆豐9A購02,20000,0,20000,0,0,0,0,0,0,59000,0,0,0,142000,83000,59000,79000
062019,嘉澤永豐9B購01  ,0,0,0,0,0,0,0,0,0,79000,0,0,0,117000,38000,79000,79000
065379,立積元大01購01  ,0,0,0,0,0,0,0,0,0,79000,0,0,0,129000,50000,79000,79000
064266,聯茂永豐9C購01  ,0,0,0,0,0,0,0,0,0,79000,0,0,0,225000,146000,79000,79000
064275,台光電元大9C購03,0,0,0,0,0,0,0,0,0,79000,0,0,0,243000,164000,79000,79000
3022,威強電          ,195000,116000,79000,0,0,0,0,0,0,0,0,0,0,0,0,0,79000
066246,中化元大01購01  ,0,0,0,0,0,0,0,0,0,78000,0,0,0,80000,2000,78000,78000
058494,可成群益9B購01  ,0,0,0,0,0,0,0,0,0,78000,0,0,0,99000,21000,78000,78000
062111,台勝科國票9B購01,0,0,0,0,0,0,0,0,0,78000,0,0,0,112000,34000,78000,78000
061734,全新中信9B購02  ,0,0,0,0,0,0,0,0,0,78000,0,0,0,101000,23000,78000,78000
062289,緯穎群益9B購01  ,0,0,0,0,0,0,0,0,0,78000,0,0,0,102000,24000,78000,78000
060285,聯電元大9C購01  ,0,0,0,0,0,0,0,0,0,78000,0,0,0,87000,9000,78000,78000
060489,世紀鋼群益9A購01,0,0,0,0,0,0,0,0,0,78000,0,0,0,125000,47000,78000,78000
060120,聯電富邦9B購01  ,0,0,0,0,0,0,0,0,0,78000,0,0,0,78000,0,78000,78000
064081,國產中信06購01  ,0,0,0,0,0,0,0,0,0,78000,0,0,0,236000,158000,78000,78000
063559,力山元大9B購04  ,0,0,0,0,0,0,0,0,0,78000,0,0,0,308000,230000,78000,78000
063808,台表科兆豐9C購01,0,0,0,0,0,0,0,0,0,78000,0,0,0,170000,92000,78000,78000
06505P,康控國票99售02  ,0,0,0,0,0,0,0,0,0,78000,0,0,0,103000,25000,78000,78000
065254,大成鋼元大9C購01,0,0,0,0,0,0,0,0,0,78000,0,0,0,100000,22000,78000,78000
066319,聯強永豐01購01  ,0,0,0,0,0,0,0,0,0,77000,0,0,0,77000,0,77000,77000
048505,滬深2X群益99購03,0,0,0,0,0,0,0,0,0,77000,0,0,0,77000,0,77000,77000
058650,台虹永豐9A購01  ,0,0,0,0,0,0,0,0,0,77000,0,0,0,109000,32000,77000,77000
056988,聚陽兆豐98購01  ,0,0,0,0,0,0,0,0,0,77000,0,0,0,77000,0,77000,77000
062710,盛群元大9B購01  ,0,0,0,0,0,0,0,0,0,77000,0,0,0,201000,124000,77000,77000
065175,大立光元大01購05,0,0,0,0,0,0,0,0,0,77000,0,0,0,80000,3000,77000,77000
1733,五鼎            ,147000,70000,77000,0,0,0,0,0,0,0,4000,4000,0,0,0,0,77000
066525,創意統一03購01  ,0,0,0,0,0,0,0,0,0,76000,0,0,0,98000,22000,76000,76000
066913,樺漢凱基01購01  ,0,0,0,0,0,0,0,0,0,76000,0,0,0,208000,132000,76000,76000
057042,台積電元大98購10,0,0,0,0,0,0,0,0,0,76000,0,0,0,76000,0,76000,76000
061351,智伸科元大9A購01,0,0,0,0,0,0,0,0,0,76000,0,0,0,76000,0,76000,76000
058314,欣興富邦9B購01  ,0,0,0,0,0,0,0,0,0,76000,0,0,0,86000,10000,76000,76000
058547,世紀鋼富邦9A購01,0,0,0,0,0,0,0,0,0,76000,0,0,0,76000,0,76000,76000
060110,茂林元大99購06  ,0,0,0,0,0,0,0,0,0,76000,0,0,0,76000,0,76000,76000
059618,台積電日盛99購01,0,0,0,0,0,0,0,0,0,76000,0,0,0,76000,0,76000,76000
059841,國巨富邦9C購01  ,0,0,0,0,0,0,0,0,0,76000,0,0,0,98000,22000,76000,76000
059054,國巨凱基99購11  ,0,0,0,0,0,0,0,0,0,76000,0,0,0,182000,106000,76000,76000
065004,瑞昱國票01購02  ,0,0,0,0,0,0,0,0,0,76000,0,0,0,76000,0,76000,76000
064782,健策群益9C購02  ,0,0,0,0,0,0,0,0,0,76000,0,0,0,83000,7000,76000,76000
065399,新日興群益01購01,0,0,0,0,0,0,0,0,0,76000,0,0,0,106000,30000,76000,76000
063655,華通元富9B購01  ,0,0,0,0,0,0,0,0,0,76000,0,0,0,76000,0,76000,76000
063507,奇鋐群益9B購02  ,0,0,0,0,0,0,0,0,0,76000,0,0,0,194000,118000,76000,76000
063380,台表科永豐9B購03,0,0,0,0,0,0,0,0,0,76000,0,0,0,227000,151000,76000,76000
064070,祥碩永豐9C購01  ,0,0,0,0,0,0,0,0,0,76000,0,0,0,88000,12000,76000,76000
064096,台積電群益9C購07,0,0,0,0,0,0,0,0,0,76000,0,0,0,116000,40000,76000,76000
064184,矽格富邦02購01  ,0,0,0,0,0,0,0,0,0,76000,0,0,0,138000,62000,76000,76000
064312,大立光群益01購01,0,0,0,0,0,0,0,0,0,76000,0,0,0,76000,0,76000,76000
2539,櫻花建          ,89000,13000,76000,0,0,0,0,0,0,0,0,0,0,0,0,0,76000
08557P,臺股指中信01售09,0,0,0,0,0,0,0,0,0,75000,0,0,0,140000,65000,75000,75000
08763P,健策永豐01售02  ,0,0,0,0,0,0,0,0,0,75000,0,0,0,153000,78000,75000,75000
057902,嘉晶永豐98購02  ,0,0,0,0,0,0,0,0,0,75000,0,0,0,97000,22000,75000,75000
054807,台化元大9A購02  ,0,0,0,0,0,0,0,0,0,75000,0,0,0,100000,25000,75000,75000
058215,貿聯群益99購02  ,0,0,0,0,0,0,0,0,0,75000,0,0,0,75000,0,75000,75000
056979,微星群益98購01  ,0,0,0,0,0,0,0,0,0,75000,0,0,0,75000,0,75000,75000
057279,國揚元大98購01  ,0,0,0,0,0,0,0,0,0,75000,0,0,0,75000,0,75000,75000
061955,FANG+統一9B購01 ,0,0,0,0,0,0,0,0,0,75000,0,0,0,108000,33000,75000,75000
061600,聯電凱基9B購01  ,0,0,0,0,0,0,0,0,0,75000,0,0,0,129000,54000,75000,75000
062888,漢唐群益9B購01  ,0,0,0,0,0,0,0,0,0,75000,0,0,0,75000,0,75000,75000
06326P,鴻海中信01售01  ,0,0,0,0,0,0,0,0,0,75000,0,0,0,101000,26000,75000,75000
063773,可成富邦9C購01  ,0,0,0,0,0,0,0,0,0,75000,0,0,0,135000,60000,75000,75000
063924,致新元富9C購01  ,0,0,0,0,0,0,0,0,0,75000,0,0,0,75000,0,75000,75000
065493,T50反1富邦03購01,0,0,0,0,0,0,0,0,0,75000,0,0,0,75000,0,75000,75000
066259,聯強元大01購01  ,0,0,0,0,0,0,0,0,0,74000,0,0,0,124000,50000,74000,74000
057286,群創元大9B購05  ,0,0,0,0,0,0,0,0,0,74000,0,0,0,144000,70000,74000,74000
061244,和碩兆豐9A購01  ,0,0,0,0,0,0,0,0,0,74000,0,0,0,74000,0,74000,74000
060341,國巨統一9C購02  ,0,0,0,0,0,0,0,0,0,74000,0,0,0,74000,0,74000,74000
057894,華通元富02購02  ,0,0,0,0,0,0,0,0,0,74000,0,0,0,74000,0,74000,74000
056585,台積電統一9A購01,0,0,0,0,0,0,0,0,0,74000,0,0,0,74000,0,74000,74000
00670L,富邦NASDAQ正2   ,16000,0,16000,0,0,0,0,0,0,58000,0,0,0,475000,417000,58000,74000
062731,力成凱基9B購02  ,0,0,0,0,0,0,0,0,0,74000,0,0,0,74000,0,74000,74000
062669,微星中信03購01  ,0,0,0,0,0,0,0,0,0,74000,0,0,0,101000,27000,74000,74000
060028,國揚永豐99購01  ,0,0,0,0,0,0,0,0,0,74000,0,0,0,92000,18000,74000,74000
059039,致伸群益99購01  ,0,0,0,0,0,0,0,0,0,74000,0,0,0,74000,0,74000,74000
059064,緯穎凱基99購02  ,0,0,0,0,0,0,0,0,0,74000,0,0,0,74000,0,74000,74000
065337,華通統一01購03  ,0,0,0,0,0,0,0,0,0,74000,0,0,0,109000,35000,74000,74000
064972,台積電元大9C購11,0,0,0,0,0,0,0,0,0,74000,0,0,0,845000,771000,74000,74000
063941,國巨元大9C購12  ,0,0,0,0,0,0,0,0,0,74000,0,0,0,182000,108000,74000,74000
063467,大立光元大9C購06,0,0,0,0,0,0,0,0,0,74000,0,0,0,79000,5000,74000,74000
1337,再生-KY         ,486000,412000,74000,0,0,0,0,0,0,0,0,0,0,0,0,0,74000
1234,黑松            ,102000,28000,74000,0,0,0,0,0,0,0,0,0,0,0,0,0,74000
6541,泰福-KY         ,101000,27000,74000,0,0,0,0,0,0,0,0,0,0,0,0,0,74000
910861,神州-DR         ,74000,0,74000,0,0,0,0,0,0,0,0,0,0,0,0,0,74000
066223,拓凱國泰03購01  ,0,0,0,0,0,0,0,0,0,73000,0,0,0,113000,40000,73000,73000
066164,精元凱基01購01  ,0,0,0,0,0,0,0,0,0,73000,0,0,0,73000,0,73000,73000
056655,旺宏元大99購02  ,0,0,0,0,0,0,0,0,0,73000,0,0,0,73000,0,73000,73000
060302,台積電富邦02購01,0,0,0,0,0,0,0,0,0,73000,0,0,0,80000,7000,73000,73000
058345,台光電群益99購03,0,0,0,0,0,0,0,0,0,73000,0,0,0,113000,40000,73000,73000
058360,台光電凱基9A購02,0,0,0,0,0,0,0,0,0,73000,0,0,0,73000,0,73000,73000
061498,大立光國票9A購10,0,0,0,0,0,0,0,0,0,73000,0,0,0,103000,30000,73000,73000
063219,友達群益9B購03  ,0,0,0,0,0,0,0,0,0,73000,0,0,0,83000,10000,73000,73000
063639,華擎元大9C購03  ,0,0,0,0,0,0,0,0,0,73000,0,0,0,123000,50000,73000,73000
063931,牧德統一01購02  ,0,0,0,0,0,0,0,0,0,73000,0,0,0,73000,0,73000,73000
063898,旭富群益9C購01  ,0,0,0,0,0,0,0,0,0,73000,0,0,0,83000,10000,73000,73000
065930,矽格國票02購01  ,0,0,0,0,0,0,0,0,0,73000,0,0,0,195000,122000,73000,73000
2472,立隆電          ,225000,155000,70000,0,0,0,0,0,0,3000,6000,3000,3000,0,0,0,73000
07243P,台灣50凱基9A售04,0,0,0,0,0,0,0,0,0,72000,0,0,0,72000,0,72000,72000
057385,光罩永豐99購01  ,0,0,0,0,0,0,0,0,0,72000,0,0,0,837000,765000,72000,72000
056466,臺股指凱基99購08,0,0,0,0,0,0,0,0,0,72000,0,0,0,120000,48000,72000,72000
056395,玉晶光永豐9B購01,0,0,0,0,0,0,0,0,0,72000,0,0,0,84000,12000,72000,72000
059128,友達中信99購02  ,0,0,0,0,0,0,0,0,0,72000,0,0,0,72000,0,72000,72000
062319,南六凱基9B購02  ,0,0,0,0,0,0,0,0,0,72000,0,0,0,72000,0,72000,72000
063949,大立光元大9C購10,0,0,0,0,0,0,0,0,0,72000,0,0,0,72000,0,72000,72000
064440,大立光凱基03購03,0,0,0,0,0,0,0,0,0,72000,0,0,0,72000,0,72000,72000
08702P,南電康和01售01  ,0,0,0,0,0,0,0,0,0,71000,0,0,0,71000,0,71000,71000
066016,台表科元富01購02,0,0,0,0,0,0,0,0,0,71000,0,0,0,88000,17000,71000,71000
066071,台光電凱基02購01,0,0,0,0,0,0,0,0,0,71000,0,0,0,86000,15000,71000,71000
066392,聯強凱基01購01  ,0,0,0,0,0,0,0,0,0,71000,0,0,0,72000,1000,71000,71000
020012,富邦行動通訊N   ,0,0,0,0,0,0,0,0,0,71000,0,0,0,121000,50000,71000,71000
054164,強茂凱基98購01  ,0,0,0,0,0,0,0,0,0,71000,0,0,0,110000,39000,71000,71000
059539,緯穎凱基99購03  ,0,0,0,0,0,0,0,0,0,71000,0,0,0,78000,7000,71000,71000
063285,華擎元大9B購03  ,0,0,0,0,0,0,0,0,0,71000,0,0,0,125000,54000,71000,71000
063913,貿聯凱基02購01  ,0,0,0,0,0,0,0,0,0,71000,0,0,0,76000,5000,71000,71000
064007,嘉澤凱基02購01  ,0,0,0,0,0,0,0,0,0,71000,0,0,0,401000,330000,71000,71000
063479,南六元大9B購06  ,0,0,0,0,0,0,0,0,0,71000,0,0,0,99000,28000,71000,71000
9940,信義            ,162000,91000,71000,0,0,0,0,0,0,0,0,0,0,0,0,0,71000
066263,華碩元大02購01  ,0,0,0,0,0,0,0,0,0,70000,0,0,0,185000,115000,70000,70000
055576,嘉晶統一98購01  ,0,0,0,0,0,0,0,0,0,70000,0,0,0,70000,0,70000,70000
056013,T50反1群益97購01,0,0,0,0,0,0,0,0,0,70000,0,0,0,70000,0,70000,70000
057804,為升元大98購01  ,0,0,0,0,0,0,0,0,0,70000,0,0,0,70000,0,70000,70000
058229,為升元大99購02  ,0,0,0,0,0,0,0,0,0,70000,0,0,0,70000,0,70000,70000
058020,大立光凱基99購03,0,0,0,0,0,0,0,0,0,70000,0,0,0,70000,0,70000,70000
058681,大立光康和9B購01,0,0,0,0,0,0,0,0,0,70000,0,0,0,70000,0,70000,70000
058876,南電國票9A購02  ,0,0,0,0,0,0,0,0,0,70000,0,0,0,80000,10000,70000,70000
063021,大立光元大9C購05,0,0,0,0,0,0,0,0,0,70000,0,0,0,70000,0,70000,70000
063043,台灣50兆豐9B購02,0,0,0,0,0,0,0,0,0,70000,0,0,0,270000,200000,70000,70000
063039,大立光凱基9C購02,0,0,0,0,0,0,0,0,0,70000,0,0,0,70000,0,70000,70000
062761,嘉晶凱基9C購01  ,0,0,0,0,0,0,0,0,0,70000,0,0,0,100000,30000,70000,70000
060018,國產康和99購01  ,0,0,0,0,0,0,0,0,0,70000,0,0,0,70000,0,70000,70000
060151,旺宏富邦9A購02  ,0,0,0,0,0,0,0,0,0,70000,0,0,0,70000,0,70000,70000
061820,康控群益9B購02  ,0,0,0,0,0,0,0,0,0,70000,0,0,0,71000,1000,70000,70000
063884,台表科元富03購01,0,0,0,0,0,0,0,0,0,70000,0,0,0,70000,0,70000,70000
063927,奇力新統一02購01,0,0,0,0,0,0,0,0,0,70000,0,0,0,70000,0,70000,70000
063716,旺宏兆豐9B購01  ,0,0,0,0,0,0,0,0,0,70000,0,0,0,70000,0,70000,70000
064406,健策凱基03購01  ,0,0,0,0,0,0,0,0,0,70000,0,0,0,189000,119000,70000,70000
065757,新日興元大9C購06,0,0,0,0,0,0,0,0,0,70000,0,0,0,70000,0,70000,70000
065519,台勝科群益9C購02,0,0,0,0,0,0,0,0,0,70000,0,0,0,163000,93000,70000,70000
064734,大立光元富9C購05,0,0,0,0,0,0,0,0,0,70000,0,0,0,85000,15000,70000,70000
065083,南亞科元大01購01,0,0,0,0,0,0,0,0,0,70000,0,0,0,95000,25000,70000,70000
066509,南亞永豐01購01  ,0,0,0,0,0,0,0,0,0,69000,0,0,0,130000,61000,69000,69000
066432,南六元大01購02  ,0,0,0,0,0,0,0,0,0,69000,0,0,0,89000,20000,69000,69000
066029,神達群益02購01  ,0,0,0,0,0,0,0,0,0,69000,0,0,0,99000,30000,69000,69000
057877,神達元大99購01  ,0,0,0,0,0,0,0,0,0,69000,0,0,0,74000,5000,69000,69000
061787,華新科群益9C購01,0,0,0,0,0,0,0,0,0,69000,0,0,0,74000,5000,69000,69000
063339,智邦統一01購01  ,0,0,0,0,0,0,0,0,0,69000,0,0,0,163000,94000,69000,69000
063315,京元電群益9B購03,0,0,0,0,0,0,0,0,0,69000,0,0,0,73000,4000,69000,69000
065478,緯創元大9C購03  ,0,0,0,0,0,0,0,0,0,69000,0,0,0,115000,46000,69000,69000
063956,神達元大9C購01  ,0,0,0,0,0,0,0,0,0,69000,0,0,0,128000,59000,69000,69000
063542,泰鼎元富9B購02  ,0,0,0,0,0,0,0,0,0,69000,0,0,0,69000,0,69000,69000
1109,信大            ,109000,74000,35000,0,0,0,0,0,0,34000,34000,0,34000,0,0,0,69000
066202,大立光統一02購07,0,0,0,0,0,0,0,0,0,68000,0,0,0,148000,80000,68000,68000
066482,華碩元富01購02  ,0,0,0,0,0,0,0,0,0,68000,0,0,0,219000,151000,68000,68000
066318,友訊永豐01購01  ,0,0,0,0,0,0,0,0,0,68000,0,0,0,68000,0,68000,68000
059282,嘉聯益永豐99購01,0,0,0,0,0,0,0,0,0,68000,0,0,0,68000,0,68000,68000
057422,欣興凱基98購04  ,0,0,0,0,0,0,0,0,0,68000,0,0,0,78000,10000,68000,68000
057045,美律元大99購04  ,0,0,0,0,0,0,0,0,0,68000,0,0,0,68000,0,68000,68000
056899,可成元大98購01  ,0,0,0,0,0,0,0,0,0,68000,0,0,0,68000,0,68000,68000
058104,國巨統一9A購04  ,0,0,0,0,0,0,0,0,0,68000,0,0,0,355000,287000,68000,68000
056657,華邦電元大99購01,0,0,0,0,0,0,0,0,0,68000,0,0,0,68000,0,68000,68000
056676,國產元富98購01  ,0,0,0,0,0,0,0,0,0,68000,0,0,0,91000,23000,68000,68000
057554,新日興凱基99購02,0,0,0,0,0,0,0,0,0,68000,0,0,0,120000,52000,68000,68000
00652,富邦印度        ,115000,10000,105000,0,0,0,0,0,0,-37000,0,0,0,89000,126000,-37000,68000
063182,國巨凱基9B購10  ,0,0,0,0,0,0,0,0,0,68000,0,0,0,68000,0,68000,68000
060019,彰銀康和99購01  ,0,0,0,0,0,0,0,0,0,68000,0,0,0,68000,0,68000,68000
059984,華新科元大99購21,0,0,0,0,0,0,0,0,0,68000,0,0,0,68000,0,68000,68000
062445,大立光元大9C購02,0,0,0,0,0,0,0,0,0,68000,0,0,0,68000,0,68000,68000
061679,健策元大9B購04  ,0,0,0,0,0,0,0,0,0,68000,0,0,0,75000,7000,68000,68000
062372,旭富元大9B購01  ,0,0,0,0,0,0,0,0,0,68000,0,0,0,68000,0,68000,68000
061542,旺宏群益9A購04  ,0,0,0,0,0,0,0,0,0,68000,0,0,0,68000,0,68000,68000
061611,南六統一01購01  ,0,0,0,0,0,0,0,0,0,68000,0,0,0,72000,4000,68000,68000
061984,華新科元大9B購05,0,0,0,0,0,0,0,0,0,68000,0,0,0,68000,0,68000,68000
061637,華新科元大9A購22,0,0,0,0,0,0,0,0,0,68000,0,0,0,68000,0,68000,68000
063420,奇力新凱基9B購03,0,0,0,0,0,0,0,0,0,68000,0,0,0,68000,0,68000,68000
065788,緯創永豐9C購02  ,0,0,0,0,0,0,0,0,0,68000,0,0,0,68000,0,68000,68000
065791,牧德永豐9C購03  ,0,0,0,0,0,0,0,0,0,68000,0,0,0,68000,0,68000,68000
065673,嘉晶凱基01購02  ,0,0,0,0,0,0,0,0,0,68000,0,0,0,69000,1000,68000,68000
065662,台勝科永豐9C購01,0,0,0,0,0,0,0,0,0,68000,0,0,0,68000,0,68000,68000
065915,聯發科凱基01購09,0,0,0,0,0,0,0,0,0,68000,0,0,0,68000,0,68000,68000
065332,漢唐國票01購02  ,0,0,0,0,0,0,0,0,0,68000,0,0,0,70000,2000,68000,68000
066384,訊芯康和01購01  ,0,0,0,0,0,0,0,0,0,67000,0,0,0,97000,30000,67000,67000
066170,聯陽凱基01購01  ,0,0,0,0,0,0,0,0,0,67000,0,0,0,112000,45000,67000,67000
065994,南六永豐01購01  ,0,0,0,0,0,0,0,0,0,67000,0,0,0,67000,0,67000,67000
08406P,緯穎元大9C售01  ,0,0,0,0,0,0,0,0,0,67000,0,0,0,68000,1000,67000,67000
055907,台虹兆豐98購01  ,0,0,0,0,0,0,0,0,0,67000,0,0,0,104000,37000,67000,67000
055323,貿聯國票98購01  ,0,0,0,0,0,0,0,0,0,67000,0,0,0,71000,4000,67000,67000
058390,樺漢國票9A購01  ,0,0,0,0,0,0,0,0,0,67000,0,0,0,78000,11000,67000,67000
062007,台光電國泰9C購01,0,0,0,0,0,0,0,0,0,67000,0,0,0,98000,31000,67000,67000
059661,大立光元大99購22,0,0,0,0,0,0,0,0,0,67000,0,0,0,113000,46000,67000,67000
060955,大立光群益9A購02,0,0,0,0,0,0,0,0,0,67000,0,0,0,137000,70000,67000,67000
063213,智伸科國票9C購01,0,0,0,0,0,0,0,0,0,67000,0,0,0,79000,12000,67000,67000
063317,大立光群益9B購06,0,0,0,0,0,0,0,0,0,67000,0,0,0,77000,10000,67000,67000
062796,技嘉統一9C購01  ,0,0,0,0,0,0,0,0,0,67000,0,0,0,99000,32000,67000,67000
062904,台光電元大9B購06,0,0,0,0,0,0,0,0,0,67000,0,0,0,334000,267000,67000,67000
065013,矽創國泰02購01  ,0,0,0,0,0,0,0,0,0,67000,0,0,0,354000,287000,67000,67000
065942,燿華元富01購01  ,0,0,0,0,0,0,0,0,0,67000,0,0,0,230000,163000,67000,67000
065575,神達群益01購01  ,0,0,0,0,0,0,0,0,0,67000,0,0,0,69000,2000,67000,67000
067011,嘉基永豐01購03  ,0,0,0,0,0,0,0,0,0,66000,0,0,0,78000,12000,66000,66000
058383,道瓊指中信9C購02,0,0,0,0,0,0,0,0,0,66000,0,0,0,66000,0,66000,66000
061095,台積電台新9B購03,0,0,0,0,0,0,0,0,0,66000,0,0,0,66000,0,66000,66000
056650,彩晶凱基9A購01  ,0,0,0,0,0,0,0,0,0,66000,0,0,0,80000,14000,66000,66000
054870,新日興群益98購01,0,0,0,0,0,0,0,0,0,66000,0,0,0,76000,10000,66000,66000
057611,技嘉元富98購02  ,0,0,0,0,0,0,0,0,0,66000,0,0,0,90000,24000,66000,66000
020016,統一MSCI美科技N ,0,0,0,0,0,0,0,0,0,66000,0,0,0,248000,182000,66000,66000
056490,台積電國泰99購01,0,0,0,0,0,0,0,0,0,66000,0,0,0,66000,0,66000,66000
056537,冠德凱基98購01  ,0,0,0,0,0,0,0,0,0,66000,0,0,0,104000,38000,66000,66000
054658,道瓊銀元大9A購01,0,0,0,0,0,0,0,0,0,66000,0,0,0,66000,0,66000,66000
062708,立積元大9B購01  ,0,0,0,0,0,0,0,0,0,66000,0,0,0,102000,36000,66000,66000
063320,旭富群益9B購03  ,0,0,0,0,0,0,0,0,0,66000,0,0,0,66000,0,66000,66000
059675,大立光元富99購08,0,0,0,0,0,0,0,0,0,66000,0,0,0,126000,60000,66000,66000
061956,和大統一01購01  ,0,0,0,0,0,0,0,0,0,66000,0,0,0,66000,0,66000,66000
065735,矽格凱基01購02  ,0,0,0,0,0,0,0,0,0,66000,0,0,0,85000,19000,66000,66000
065034,玉晶光統一01購11,0,0,0,0,0,0,0,0,0,66000,0,0,0,118000,52000,66000,66000
063965,漢唐國票01購01  ,0,0,0,0,0,0,0,0,0,66000,0,0,0,66000,0,66000,66000
063994,台光電群益9C購01,0,0,0,0,0,0,0,0,0,66000,0,0,0,134000,68000,66000,66000
064407,貿聯凱基02購02  ,0,0,0,0,0,0,0,0,0,66000,0,0,0,116000,50000,66000,66000
4108,懷特            ,611000,545000,66000,0,0,0,0,0,0,0,0,0,0,0,0,0,66000
4930,燦星網          ,203000,137000,66000,0,0,0,0,0,0,0,0,0,0,0,0,0,66000
056430,鴻海凱基98購06  ,0,0,0,0,0,0,0,0,0,65000,0,0,0,90000,25000,65000,65000
050508,上証2X元大97購01,0,0,0,0,0,0,0,0,0,65000,0,0,0,65000,0,65000,65000
056279,新日興富邦99購01,0,0,0,0,0,0,0,0,0,65000,0,0,0,146000,81000,65000,65000
057118,欣興日盛9A購01  ,0,0,0,0,0,0,0,0,0,65000,0,0,0,141000,76000,65000,65000
057353,玉晶光統一99購01,0,0,0,0,0,0,0,0,0,65000,0,0,0,65000,0,65000,65000
061900,志超永豐9B購01  ,0,0,0,0,0,0,0,0,0,65000,0,0,0,192000,127000,65000,65000
059063,康控凱基99購04  ,0,0,0,0,0,0,0,0,0,65000,0,0,0,139000,74000,65000,65000
060867,智伸科永豐9A購01,0,0,0,0,0,0,0,0,0,65000,0,0,0,75000,10000,65000,65000
064340,大立光元大9C購17,0,0,0,0,0,0,0,0,0,65000,0,0,0,65000,0,65000,65000
063782,致新永豐9B購02  ,0,0,0,0,0,0,0,0,0,65000,0,0,0,76000,11000,65000,65000
065692,國巨群益9C購17  ,0,0,0,0,0,0,0,0,0,65000,0,0,0,65000,0,65000,65000
065829,嘉晶凱基9C購05  ,0,0,0,0,0,0,0,0,0,65000,0,0,0,81000,16000,65000,65000
065514,建準群益9C購01  ,0,0,0,0,0,0,0,0,0,65000,0,0,0,190000,125000,65000,65000
065495,上銀富邦01購02  ,0,0,0,0,0,0,0,0,0,65000,0,0,0,160000,95000,65000,65000
066918,台積電麥證01購05,0,0,0,179000,115000,64000,0,0,0,64000,0,0,0,179000,115000,64000,64000
066746,聯茂元大01購01  ,0,0,0,0,0,0,0,0,0,64000,0,0,0,450000,386000,64000,64000
066497,大立光國泰03購02,0,0,0,0,0,0,0,0,0,64000,0,0,0,64000,0,64000,64000
07389P,臺股指群益9C售08,0,0,0,0,0,0,0,0,0,64000,0,0,0,72000,8000,64000,64000
07127P,精元元大99售01  ,0,0,0,0,0,0,0,0,0,64000,0,0,0,64000,0,64000,64000
060804,T50反1群益9A購02,0,0,0,0,0,0,0,0,0,64000,0,0,0,79000,15000,64000,64000
062501,台積電群益9C購03,0,0,0,0,0,0,0,0,0,64000,0,0,0,106000,42000,64000,64000
062498,華通群益9C購04  ,0,0,0,0,0,0,0,0,0,64000,0,0,0,68000,4000,64000,64000
061913,宏碁中信9B購01  ,0,0,0,0,0,0,0,0,0,64000,0,0,0,112000,48000,64000,64000
064825,英業達統一9C購01,0,0,0,0,0,0,0,0,0,64000,0,0,0,114000,50000,64000,64000
063966,大毅國票01購01  ,0,0,0,0,0,0,0,0,0,64000,0,0,0,74000,10000,64000,64000
08074P,緯穎元富9B售02  ,0,0,0,0,0,0,0,0,0,63000,0,0,0,122000,59000,63000,63000
066162,泰豐凱基01購01  ,0,0,0,0,0,0,0,0,0,63000,0,0,0,63000,0,63000,63000
053323,群創群益98購07  ,0,0,0,0,0,0,0,0,0,63000,0,0,0,122000,59000,63000,63000
061762,台塑元大9B購01  ,0,0,0,0,0,0,0,0,0,63000,0,0,0,100000,37000,63000,63000
059932,世紀鋼富邦9A購02,0,0,0,0,0,0,0,0,0,63000,0,0,0,261000,198000,63000,63000
062457,京元電群益9B購01,0,0,0,0,0,0,0,0,0,63000,0,0,0,73000,10000,63000,63000
060821,SP黃豆元大9A購02,0,0,0,0,0,0,0,0,0,63000,0,0,0,203000,140000,63000,63000
060106,旭富元大99購02  ,0,0,0,0,0,0,0,0,0,63000,0,0,0,68000,5000,63000,63000
062695,華通元大9C購01  ,0,0,0,0,0,0,0,0,0,63000,0,0,0,68000,5000,63000,63000
064771,貿聯中信01購01  ,0,0,0,0,0,0,0,0,0,63000,0,0,0,63000,0,63000,63000
065144,大立光凱基01購06,0,0,0,0,0,0,0,0,0,63000,0,0,0,68000,5000,63000,63000
065253,和大元大01購02  ,0,0,0,0,0,0,0,0,0,63000,0,0,0,68000,5000,63000,63000
2015,豐興            ,162000,99000,63000,0,0,0,0,0,0,0,0,0,0,0,0,0,63000
2233,宇隆            ,92000,29000,63000,0,0,0,0,0,0,0,0,0,0,0,0,0,63000
2331,精英            ,237000,152000,85000,0,0,0,0,0,0,-22000,3000,25000,-22000,0,0,0,63000
066150,國巨麥證01購02  ,0,0,0,71000,9000,62000,0,0,0,62000,0,0,0,71000,9000,62000,62000
066138,健策群益01購05  ,0,0,0,0,0,0,0,0,0,62000,0,0,0,62000,0,62000,62000
066032,矽格群益01購01  ,0,0,0,0,0,0,0,0,0,62000,0,0,0,82000,20000,62000,62000
066594,聯詠群益01購01  ,0,0,0,0,0,0,0,0,0,62000,0,0,0,62000,0,62000,62000
060361,南亞科元富9A購03,0,0,0,0,0,0,0,0,0,62000,0,0,0,62000,0,62000,62000
057919,技嘉凱基98購03  ,0,0,0,0,0,0,0,0,0,62000,0,0,0,64000,2000,62000,62000
059975,元金2X元大99購02,0,0,0,0,0,0,0,0,0,62000,0,0,0,62000,0,62000,62000
064740,台光電國票01購01,0,0,0,0,0,0,0,0,0,62000,0,0,0,82000,20000,62000,62000
065950,正崴統一03購01  ,0,0,0,0,0,0,0,0,0,62000,0,0,0,106000,44000,62000,62000
065939,創意群益01購01  ,0,0,0,0,0,0,0,0,0,62000,0,0,0,171000,109000,62000,62000
064481,技嘉永豐9C購01  ,0,0,0,0,0,0,0,0,0,62000,0,0,0,296000,234000,62000,62000
2010,春源            ,99000,37000,62000,0,0,0,0,0,0,0,0,0,0,0,0,0,62000
1786,科妍            ,99000,37000,62000,0,0,0,0,0,0,0,2000,2000,0,0,0,0,62000
1808,潤隆            ,109000,47000,62000,0,0,0,0,0,0,0,0,0,0,0,0,0,62000
2705,六福            ,132000,70000,62000,0,0,0,0,0,0,0,0,0,0,0,0,0,62000
066604,台郡富邦04購01  ,0,0,0,0,0,0,0,0,0,61000,0,0,0,1096000,1035000,61000,61000
07774P,台灣50群益9A售16,0,0,0,0,0,0,0,0,0,61000,0,0,0,260000,199000,61000,61000
050754,元金2X元富9B購01,0,0,0,0,0,0,0,0,0,61000,0,0,0,61000,0,61000,61000
00665L,富邦恒生國企正2 ,100000,12000,88000,0,0,0,0,0,0,-27000,0,0,0,186000,213000,-27000,61000
057618,台光電凱基99購01,0,0,0,0,0,0,0,0,0,61000,0,0,0,161000,100000,61000,61000
060556,緯穎凱基9A購04  ,0,0,0,0,0,0,0,0,0,61000,0,0,0,111000,50000,61000,61000
061763,聯電元大9C購02  ,0,0,0,0,0,0,0,0,0,61000,0,0,0,126000,65000,61000,61000
062141,遠東新國票9B購01,0,0,0,0,0,0,0,0,0,61000,0,0,0,99000,38000,61000,61000
064145,宏碁統一02購01  ,0,0,0,0,0,0,0,0,0,61000,0,0,0,286000,225000,61000,61000
063839,華通元大9C購02  ,0,0,0,0,0,0,0,0,0,61000,0,0,0,61000,0,61000,61000
065075,葡萄王元大01購01,0,0,0,0,0,0,0,0,0,61000,0,0,0,61000,0,61000,61000
1231,聯華食          ,66000,5000,61000,0,0,0,0,0,0,0,0,0,0,0,0,0,61000
6573,虹揚-KY         ,72000,11000,61000,0,0,0,0,0,0,0,0,0,0,0,0,0,61000
06956P,國巨日盛99售04  ,0,0,0,0,0,0,0,0,0,60000,0,0,0,60000,0,60000,60000
06994P,台光電凱基99售02,0,0,0,0,0,0,0,0,0,60000,0,0,0,60000,0,60000,60000
07557P,玉晶光元大9A售09,0,0,0,0,0,0,0,0,0,60000,0,0,0,120000,60000,60000,60000
066627,大毅凱基03購01  ,0,0,0,0,0,0,0,0,0,60000,0,0,0,60000,0,60000,60000
057633,緯穎永豐98購02  ,0,0,0,0,0,0,0,0,0,60000,0,0,0,60000,0,60000,60000
055027,牧德國泰99購01  ,0,0,0,0,0,0,0,0,0,60000,0,0,0,60000,0,60000,60000
055318,華通國票98購01  ,0,0,0,0,0,0,0,0,0,60000,0,0,0,60000,0,60000,60000
057925,貿聯凱基99購01  ,0,0,0,0,0,0,0,0,0,60000,0,0,0,60000,0,60000,60000
056810,群創統一9A購01  ,0,0,0,0,0,0,0,0,0,60000,0,0,0,60000,0,60000,60000
058795,可成元大99購03  ,0,0,0,0,0,0,0,0,0,60000,0,0,0,60000,0,60000,60000
061062,和大凱基9A購02  ,0,0,0,0,0,0,0,0,0,60000,0,0,0,60000,0,60000,60000
057453,矽創元富98購01  ,0,0,0,0,0,0,0,0,0,60000,0,0,0,80000,20000,60000,60000
062227,南六統一01購02  ,0,0,0,0,0,0,0,0,0,60000,0,0,0,60000,0,60000,60000
061963,台積電統一01購04,0,0,0,0,0,0,0,0,0,60000,0,0,0,99000,39000,60000,60000
061468,神達群益9A購01  ,0,0,0,0,0,0,0,0,0,60000,0,0,0,109000,49000,60000,60000
061715,牧德凱基9B購03  ,0,0,0,0,0,0,0,0,0,60000,0,0,0,60000,0,60000,60000
060052,宏碁凱基99購01  ,0,0,0,0,0,0,0,0,0,60000,0,0,0,60000,0,60000,60000
060031,旭富永豐99購02  ,0,0,0,0,0,0,0,0,0,60000,0,0,0,60000,0,60000,60000
062522,同欣電元大9B購02,0,0,0,0,0,0,0,0,0,60000,0,0,0,168000,108000,60000,60000
064749,巨大國票01購01  ,0,0,0,0,0,0,0,0,0,60000,0,0,0,130000,70000,60000,60000
064968,道瓊銀元大01購02,0,0,0,0,0,0,0,0,0,60000,0,0,0,60000,0,60000,60000
06448P,華通元大99售01  ,0,0,0,0,0,0,0,0,0,60000,0,0,0,120000,60000,60000,60000
064625,健策元大01購02  ,0,0,0,0,0,0,0,0,0,60000,0,0,0,138000,78000,60000,60000
064598,國巨元富9C購03  ,0,0,0,0,0,0,0,0,0,60000,0,0,0,60000,0,60000,60000
1108,幸福            ,79000,19000,60000,0,0,0,0,0,0,0,0,0,0,0,0,0,60000
066919,台積電麥證01購06,0,0,0,80000,21000,59000,0,0,0,59000,0,0,0,80000,21000,59000,59000
066042,正崴元大02購01  ,0,0,0,0,0,0,0,0,0,59000,0,0,0,91000,32000,59000,59000
066054,創意元大01購02  ,0,0,0,0,0,0,0,0,0,59000,0,0,0,219000,160000,59000,59000
07482P,南亞科元富9A售04,0,0,0,0,0,0,0,0,0,59000,0,0,0,59000,0,59000,59000
07998P,聯電凱基9C售01  ,0,0,0,0,0,0,0,0,0,59000,0,0,0,59000,0,59000,59000
07904P,聯發科群益9B售05,0,0,0,0,0,0,0,0,0,59000,0,0,0,61000,2000,59000,59000
08429P,台達電凱基9C售01,0,0,0,0,0,0,0,0,0,59000,0,0,0,60000,1000,59000,59000
058061,貿聯元富9B購01  ,0,0,0,0,0,0,0,0,0,59000,0,0,0,107000,48000,59000,59000
056601,鈺齊元富98購01  ,0,0,0,0,0,0,0,0,0,59000,0,0,0,59000,0,59000,59000
062314,玉晶光凱基9B購06,0,0,0,0,0,0,0,0,0,59000,0,0,0,63000,4000,59000,59000
064600,技嘉元富9C購01  ,0,0,0,0,0,0,0,0,0,59000,0,0,0,88000,29000,59000,59000
063779,華邦電永豐9B購01,0,0,0,0,0,0,0,0,0,59000,0,0,0,59000,0,59000,59000
064752,台達電凱基01購01,0,0,0,0,0,0,0,0,0,59000,0,0,0,110000,51000,59000,59000
065020,友達富邦01購02  ,0,0,0,0,0,0,0,0,0,59000,0,0,0,229000,170000,59000,59000
6189,豐藝            ,63000,11000,52000,0,0,0,0,0,0,7000,7000,0,7000,0,0,0,59000
1319,東陽            ,544843,234000,310843,0,0,0,0,250000,-250000,-2000,0,2000,-2000,0,0,0,58843
08139P,華新科元大9B售12,0,0,0,0,0,0,0,0,0,58000,0,0,0,62000,4000,58000,58000
065998,友訊國票01購02  ,0,0,0,0,0,0,0,0,0,58000,0,0,0,62000,4000,58000,58000
066108,惠特國票02購02  ,0,0,0,0,0,0,0,0,0,58000,0,0,0,64000,6000,58000,58000
053573,臺股指統一99購01,0,0,0,0,0,0,0,0,0,58000,0,0,0,58000,0,58000,58000
03425B,臺股指元大9A熊01,0,0,0,0,0,0,0,0,0,58000,0,0,0,70000,12000,58000,58000
058499,滬深2X元大9C購01,0,0,0,0,0,0,0,0,0,58000,0,0,0,109000,51000,58000,58000
058174,台積電凱基9A購05,0,0,0,0,0,0,0,0,0,58000,0,0,0,84000,26000,58000,58000
061442,玉晶光永豐9A購07,0,0,0,0,0,0,0,0,0,58000,0,0,0,58000,0,58000,58000
062146,大毅國票9B購01  ,0,0,0,0,0,0,0,0,0,58000,0,0,0,378000,320000,58000,58000
060862,美律永豐9A購01  ,0,0,0,0,0,0,0,0,0,58000,0,0,0,58000,0,58000,58000
063106,台表科群益9B購03,0,0,0,0,0,0,0,0,0,58000,0,0,0,80000,22000,58000,58000
065267,聯鈞元大9C購02  ,0,0,0,0,0,0,0,0,0,58000,0,0,0,62000,4000,58000,58000
066228,嘉基國泰02購01  ,0,0,0,0,0,0,0,0,0,57000,0,0,0,64000,7000,57000,57000
066941,滬深2X元大03購01,0,0,0,0,0,0,0,0,0,57000,0,0,0,70000,13000,57000,57000
08703P,華碩凱基01售02  ,0,0,0,0,0,0,0,0,0,57000,0,0,0,67000,10000,57000,57000
08125P,聯茂群益9B售02  ,0,0,0,0,0,0,0,0,0,57000,0,0,0,60000,3000,57000,57000
061347,創意元大9A購02  ,0,0,0,0,0,0,0,0,0,57000,0,0,0,60000,3000,57000,57000
057599,技嘉群益9A購01  ,0,0,0,0,0,0,0,0,0,57000,0,0,0,71000,14000,57000,57000
060896,晶技凱基9A購02  ,0,0,0,0,0,0,0,0,0,57000,0,0,0,267000,210000,57000,57000
060503,技嘉元大9A購01  ,0,0,0,0,0,0,0,0,0,57000,0,0,0,57000,0,57000,57000
061661,京鼎永豐9A購02  ,0,0,0,0,0,0,0,0,0,57000,0,0,0,105000,48000,57000,57000
065316,大成鋼凱基9C購01,0,0,0,0,0,0,0,0,0,57000,0,0,0,127000,70000,57000,57000
065931,瑞祺國票02購01  ,0,0,0,0,0,0,0,0,0,57000,0,0,0,108000,51000,57000,57000
065856,中租元大9C購03  ,0,0,0,0,0,0,0,0,0,57000,0,0,0,67000,10000,57000,57000
063914,和碩凱基9C購01  ,0,0,0,0,0,0,0,0,0,57000,0,0,0,59000,2000,57000,57000
064574,達方群益01購01  ,0,0,0,0,0,0,0,0,0,57000,0,0,0,97000,40000,57000,57000
064618,南亞科元大9C購04,0,0,0,0,0,0,0,0,0,57000,0,0,0,97000,40000,57000,57000
064355,南六元大01購01  ,0,0,0,0,0,0,0,0,0,57000,0,0,0,90000,33000,57000,57000
4564,元翎            ,457000,400000,57000,0,0,0,0,0,0,0,0,0,0,0,0,0,57000
07719P,臺股指群益9A售08,0,0,0,0,0,0,0,0,0,56000,0,0,0,223000,167000,56000,56000
08555P,超眾國票01售01  ,0,0,0,0,0,0,0,0,0,56000,0,0,0,56000,0,56000,56000
053797,台積電中信98購01,0,0,0,0,0,0,0,0,0,56000,0,0,0,178000,122000,56000,56000
061082,台光電兆豐9A購01,0,0,0,0,0,0,0,0,0,56000,0,0,0,56000,0,56000,56000
058244,神達元大99購02  ,0,0,0,0,0,0,0,0,0,56000,0,0,0,66000,10000,56000,56000
061526,宏達電凱基9A購04,0,0,0,0,0,0,0,0,0,56000,0,0,0,85000,29000,56000,56000
060981,旺宏元大9A購08  ,0,0,0,0,0,0,0,0,0,56000,0,0,0,56000,0,56000,56000
062699,台積電元大01購02,0,0,0,0,0,0,0,0,0,56000,0,0,0,63000,7000,56000,56000
063538,神達統一9C購01  ,0,0,0,0,0,0,0,0,0,56000,0,0,0,56000,0,56000,56000
065318,聯電凱基9C購03  ,0,0,0,0,0,0,0,0,0,56000,0,0,0,117000,61000,56000,56000
065126,世芯永豐9C購02  ,0,0,0,0,0,0,0,0,0,56000,0,0,0,70000,14000,56000,56000
064977,玉晶光元大01購03,0,0,0,0,0,0,0,0,0,56000,0,0,0,104000,48000,56000,56000
2707,晶華            ,91000,41000,50000,0,0,0,0,0,0,6000,13000,9000,4000,2000,0,2000,56000
08660P,台灣50麥證9C售02,0,0,0,57000,2000,55000,0,0,0,55000,0,0,0,57000,2000,55000,55000
07825P,健策國泰9B售04  ,0,0,0,0,0,0,0,0,0,55000,0,0,0,55000,0,55000,55000
07260P,台灣50元大9A售01,0,0,0,0,0,0,0,0,0,55000,0,0,0,55000,0,55000,55000
06958P,FBVIX凱基9C售02 ,0,0,0,0,0,0,0,0,0,55000,0,0,0,55000,0,55000,55000
07024P,臺股指永豐99售02,0,0,0,0,0,0,0,0,0,55000,0,0,0,55000,0,55000,55000
065987,大毅永豐01購01  ,0,0,0,0,0,0,0,0,0,55000,0,0,0,55000,0,55000,55000
058196,台塑中信99購01  ,0,0,0,0,0,0,0,0,0,55000,0,0,0,55000,0,55000,55000
058099,鴻海國泰9A購02  ,0,0,0,0,0,0,0,0,0,55000,0,0,0,60000,5000,55000,55000
061271,聯茂凱基9A購04  ,0,0,0,0,0,0,0,0,0,55000,0,0,0,55000,0,55000,55000
057318,台光電凱基9A購01,0,0,0,0,0,0,0,0,0,55000,0,0,0,90000,35000,55000,55000
00662,富邦NASDAQ      ,6000,6000,0,0,0,0,0,0,0,55000,0,0,0,271000,216000,55000,55000
053088,奇鋐元大98購01  ,0,0,0,0,0,0,0,0,0,55000,0,0,0,55000,0,55000,55000
056619,強茂永豐98購01  ,0,0,0,0,0,0,0,0,0,55000,0,0,0,79000,24000,55000,55000
063119,華通元大9B購07  ,0,0,0,0,0,0,0,0,0,55000,0,0,0,57000,2000,55000,55000
060506,京元電元大9A購02,0,0,0,0,0,0,0,0,0,55000,0,0,0,113000,58000,55000,55000
060097,華新科元大99購23,0,0,0,0,0,0,0,0,0,55000,0,0,0,55000,0,55000,55000
061153,奇力新群益9A購02,0,0,0,0,0,0,0,0,0,55000,0,0,0,55000,0,55000,55000
059056,技嘉凱基99購02  ,0,0,0,0,0,0,0,0,0,55000,0,0,0,67000,12000,55000,55000
064870,中租永豐9C購01  ,0,0,0,0,0,0,0,0,0,55000,0,0,0,55000,0,55000,55000
065640,聯電元大01購02  ,0,0,0,0,0,0,0,0,0,55000,0,0,0,308000,253000,55000,55000
065602,聯發科元大9C購15,0,0,0,0,0,0,0,0,0,55000,0,0,0,79000,24000,55000,55000
063916,瀚宇博凱基01購01,0,0,0,0,0,0,0,0,0,55000,0,0,0,205000,150000,55000,55000
063971,健鼎國票01購01  ,0,0,0,0,0,0,0,0,0,55000,0,0,0,70000,15000,55000,55000
064128,國產元大9C購01  ,0,0,0,0,0,0,0,0,0,55000,0,0,0,61000,6000,55000,55000
1435,中福            ,112000,57000,55000,0,0,0,0,0,0,0,0,0,0,0,0,0,55000
2204,中華            ,185000,130000,55000,0,0,0,0,0,0,0,0,0,0,0,0,0,55000
4141,龍燈-KY         ,690000,635000,55000,0,0,0,0,0,0,0,0,0,0,0,0,0,55000
066276,敦泰元大01購01  ,0,0,0,0,0,0,0,0,0,54000,0,0,0,285000,231000,54000,54000
055700,緯穎國泰98購02  ,0,0,0,0,0,0,0,0,0,54000,0,0,0,100000,46000,54000,54000
054539,欣興國票98購01  ,0,0,0,0,0,0,0,0,0,54000,0,0,0,54000,0,54000,54000
00866,新光Shiller CAPE,0,0,0,0,0,0,0,0,0,54000,0,0,0,80000,26000,54000,54000
056984,嘉晶群益98購01  ,0,0,0,0,0,0,0,0,0,54000,0,0,0,54000,0,54000,54000
057963,緯穎元大98購08  ,0,0,0,0,0,0,0,0,0,54000,0,0,0,72000,18000,54000,54000
057751,神達國票99購02  ,0,0,0,0,0,0,0,0,0,54000,0,0,0,54000,0,54000,54000
061607,台表科凱基9B購02,0,0,0,0,0,0,0,0,0,54000,0,0,0,70000,16000,54000,54000
061575,華新科元大9A購20,0,0,0,0,0,0,0,0,0,54000,0,0,0,54000,0,54000,54000
063009,國巨元大9B購18  ,0,0,0,0,0,0,0,0,0,54000,0,0,0,54000,0,54000,54000
065609,嘉澤元大01購02  ,0,2000,-2000,0,0,0,0,0,0,56000,0,0,0,372000,316000,56000,54000
065909,大立光永豐9C購02,0,0,0,0,0,0,0,0,0,54000,0,0,0,121000,67000,54000,54000
1201,味全            ,184000,134000,50000,0,0,0,0,0,0,4000,0,0,0,4000,0,4000,54000
1541,錩泰            ,72000,17000,55000,0,0,0,0,0,0,-1000,0,1000,-1000,0,0,0,54000
6409,旭隼            ,109200,54739,54461,0,0,0,0,0,0,-1000,0,1000,-1000,0,0,0,53461
066357,昇陽半永豐01購01,0,0,0,0,0,0,0,0,0,53000,0,0,0,64000,11000,53000,53000
066834,泰鼎群益01購01  ,0,0,0,0,0,0,0,0,0,53000,0,0,0,53000,0,53000,53000
058687,聯茂凱基9A購01  ,0,0,0,0,0,0,0,0,0,53000,0,0,0,123000,70000,53000,53000
057813,京元電元大98購03,0,0,0,0,0,0,0,0,0,53000,0,0,0,153000,100000,53000,53000
056475,宏達電元大99購02,0,0,0,0,0,0,0,0,0,53000,0,0,0,595000,542000,53000,53000
056197,友訊永豐97購01  ,0,0,0,0,0,0,0,0,0,53000,0,0,0,68000,15000,53000,53000
058583,臻鼎群益99購01  ,0,0,0,0,0,0,0,0,0,53000,0,0,0,53000,0,53000,53000
058586,鴻海中信01購02  ,0,0,0,0,0,0,0,0,0,53000,0,0,0,53000,0,53000,53000
063332,矽格國票9B購01  ,0,0,0,0,0,0,0,0,0,53000,0,0,0,126000,73000,53000,53000
060667,力成凱基9A購01  ,0,0,0,0,0,0,0,0,0,53000,0,0,0,91000,38000,53000,53000
061574,大毅元大9B購01  ,0,0,0,0,0,0,0,0,0,53000,0,0,0,53000,0,53000,53000
061398,力成中信9A購01  ,0,0,0,0,0,0,0,0,0,53000,0,0,0,196000,143000,53000,53000
064980,牧德元大01購01  ,0,0,0,0,0,0,0,0,0,53000,0,0,0,68000,15000,53000,53000
064950,美律凱基02購01  ,0,0,0,0,0,0,0,0,0,53000,0,0,0,55000,2000,53000,53000
06473P,鴻海元大99售03  ,0,0,0,0,0,0,0,0,0,53000,0,0,0,53000,0,53000,53000
063424,新日興凱基01購01,0,0,0,0,0,0,0,0,0,53000,0,0,0,64000,11000,53000,53000
063481,緯穎元大9B購08  ,0,0,0,0,0,0,0,0,0,53000,0,0,0,68000,15000,53000,53000
3673,TPK-KY          ,566000,514000,52000,0,0,0,0,0,0,1000,12000,15000,-3000,69000,65000,4000,53000
9908,大台北          ,76000,13000,63000,0,0,0,0,0,0,-10000,0,10000,-10000,0,0,0,53000
1419,新紡            ,66000,13000,53000,0,0,0,0,0,0,0,0,0,0,0,0,0,53000
066822,泰豐群益01購01  ,0,0,0,0,0,0,0,0,0,52000,0,0,0,52000,0,52000,52000
06744P,嘉聯益永豐98售03,0,0,0,0,0,0,0,0,0,52000,0,0,0,104000,52000,52000,52000
066050,亞光元大01購01  ,0,0,0,0,0,0,0,0,0,52000,0,0,0,52000,0,52000,52000
07902P,玉晶光國票01售01,0,0,0,0,0,0,0,0,0,52000,0,0,0,72000,20000,52000,52000
08170P,緯穎群益9B售03  ,0,0,0,0,0,0,0,0,0,52000,0,0,0,60000,8000,52000,52000
020000,富邦特選蘋果N   ,0,0,0,0,0,0,0,0,0,52000,0,0,0,61000,9000,52000,52000
057112,立積群益99購01  ,0,0,0,0,0,0,0,0,0,52000,0,0,0,253000,201000,52000,52000
056843,冠德元富98購01  ,0,0,0,0,0,0,0,0,0,52000,0,0,0,64000,12000,52000,52000
062416,和大統一01購02  ,0,0,0,0,0,0,0,0,0,52000,0,0,0,98000,46000,52000,52000
060611,同欣電凱基9A購02,0,0,0,0,0,0,0,0,0,52000,0,0,0,135000,83000,52000,52000
060845,欣興國票9A購01  ,0,0,0,0,0,0,0,0,0,52000,0,0,0,77000,25000,52000,52000
062590,亞光統一9B購01  ,0,0,0,0,0,0,0,0,0,52000,0,0,0,95000,43000,52000,52000
062635,創意國票9B購01  ,0,0,0,0,0,0,0,0,0,52000,0,0,0,80000,28000,52000,52000
063371,南亞科永豐9B購01,0,0,0,0,0,0,0,0,0,52000,0,0,0,54000,2000,52000,52000
064154,大立光統一01購04,0,0,0,0,0,0,0,0,0,52000,0,0,0,63000,11000,52000,52000
064343,健鼎元大9C購01  ,0,0,0,0,0,0,0,0,0,52000,0,0,0,52000,0,52000,52000
064673,南茂元大9C購01  ,0,0,0,0,0,0,0,0,0,52000,0,0,0,52000,0,52000,52000
064564,義隆群益9C購02  ,0,0,0,0,0,0,0,0,0,52000,0,0,0,52000,0,52000,52000
065050,世芯凱基9C購01  ,0,0,0,0,0,0,0,0,0,52000,0,0,0,52000,0,52000,52000
065443,智邦統一9C購03  ,0,0,0,0,0,0,0,0,0,52000,0,0,0,52000,0,52000,52000
065376,京鼎元大9C購02  ,0,0,0,0,0,0,0,0,0,52000,0,0,0,65000,13000,52000,52000
2514,龍邦            ,71000,19000,52000,0,0,0,0,0,0,0,0,0,0,0,0,0,52000
4526,東台            ,68000,16000,52000,0,0,0,0,0,0,0,0,0,0,0,0,0,52000
6416,瑞祺電通        ,406000,210000,196000,0,0,0,55000,101000,-46000,-98000,0,25000,-25000,5000,78000,-73000,52000
08727P,健策群益01售07  ,0,0,0,0,0,0,0,0,0,51000,0,0,0,51000,0,51000,51000
08075P,聯電群益9C售01  ,0,0,0,0,0,0,0,0,0,51000,0,0,0,51000,0,51000,51000
06953P,景碩統一9A售01  ,0,0,0,0,0,0,0,0,0,51000,0,0,0,51000,0,51000,51000
066843,台達電元大01購02,0,0,0,0,0,0,0,0,0,51000,0,0,0,51000,0,51000,51000
066619,永光凱基01購01  ,0,0,0,0,0,0,0,0,0,51000,0,0,0,51000,0,51000,51000
058203,信邦凱基99購01  ,0,0,0,0,0,0,0,0,0,51000,0,0,0,51000,0,51000,51000
054209,台積電國票97購08,0,0,0,0,0,0,0,0,0,51000,0,0,0,121000,70000,51000,51000
056345,嘉聯益凱基99購01,0,0,0,0,0,0,0,0,0,51000,0,0,0,51000,0,51000,51000
055525,國巨群益98購05  ,0,0,0,0,0,0,0,0,0,51000,0,0,0,51000,0,51000,51000
056047,台積電兆豐97購02,0,0,0,0,0,0,0,0,0,51000,0,0,0,51000,0,51000,51000
061037,嘉澤永豐9A購01  ,0,0,0,0,0,0,0,0,0,51000,0,0,0,71000,20000,51000,51000
061685,道瓊反群益9A購03,0,0,0,0,0,0,0,0,0,51000,0,0,0,51000,0,51000,51000
065680,聯發科統一9C購16,0,0,0,0,0,0,0,0,0,51000,0,0,0,194000,143000,51000,51000
065186,和大統一02購06  ,0,0,0,0,0,0,0,0,0,51000,0,0,0,51000,0,51000,51000
064806,微星元大01購01  ,0,0,0,0,0,0,0,0,0,51000,0,0,0,64000,13000,51000,51000
064378,群創元富9C購01  ,0,0,0,0,0,0,0,0,0,51000,0,0,0,159000,108000,51000,51000
063516,香港反凱基03購01,0,0,0,0,0,0,0,0,0,51000,0,0,0,255000,204000,51000,51000
2617,台航            ,95000,44000,51000,0,0,0,0,0,0,0,0,0,0,0,0,0,51000
06723P,台灣50麥證99售01,0,0,0,100000,50000,50000,0,0,0,50000,0,0,0,100000,50000,50000,50000
066063,南電元大01購04  ,0,0,0,0,0,0,0,0,0,50000,0,0,0,50000,0,50000,50000
066074,文曄凱基01購01  ,0,0,0,0,0,0,0,0,0,50000,0,0,0,100000,50000,50000,50000
06962P,華新科永豐99售01,0,0,0,0,0,0,0,0,0,50000,0,0,0,50000,0,50000,50000
06971P,台光電元大99售03,0,0,0,0,0,0,0,0,0,50000,0,0,0,50000,0,50000,50000
07134P,臺股指元大9A售28,0,0,0,0,0,0,0,0,0,50000,0,0,0,50000,0,50000,50000
07163P,臺股指群益99售14,0,0,0,0,0,0,0,0,0,50000,0,0,0,211000,161000,50000,50000
07365P,超眾元大99售07  ,0,0,0,0,0,0,0,0,0,50000,0,0,0,50000,0,50000,50000
07418P,聯發科元大99售45,0,0,0,0,0,0,0,0,0,50000,0,0,0,50000,0,50000,50000
07816P,聯發科群益9A售02,0,0,0,0,0,0,0,0,0,50000,0,0,0,50000,0,50000,50000
07782P,寶成凱基9A售02  ,0,0,0,0,0,0,0,0,0,50000,0,0,0,50000,0,50000,50000
07786P,南電中信9C售01  ,0,0,0,0,0,0,0,0,0,50000,0,0,0,50000,0,50000,50000
07844P,可成國票9A售01  ,0,0,0,0,0,0,0,0,0,50000,0,0,0,60000,10000,50000,50000
07728P,臺股指凱基9A售20,0,0,0,0,0,0,0,0,0,50000,0,0,0,50000,0,50000,50000
08648P,健策凱基9C售05  ,0,0,0,0,0,0,0,0,0,50000,0,0,0,163000,113000,50000,50000
08558P,香港2X國票9C售01,0,0,0,0,0,0,0,0,0,50000,0,0,0,50000,0,50000,50000
08533P,技嘉元富06售02  ,0,0,0,0,0,0,0,0,0,50000,0,0,0,50000,0,50000,50000
08382P,國巨群益01售02  ,0,0,0,0,0,0,0,0,0,50000,0,0,0,50000,0,50000,50000
055446,奇力新統一9A購01,0,0,0,0,0,0,0,0,0,50000,0,0,0,50000,0,50000,50000
056689,玉晶光統一9A購03,0,0,0,0,0,0,0,0,0,50000,0,0,0,50000,0,50000,50000
054856,得力群益99購01  ,0,0,0,0,0,0,0,0,0,50000,0,0,0,50000,0,50000,50000
054931,緯穎凱基98購01  ,0,0,0,0,0,0,0,0,0,50000,0,0,0,50000,0,50000,50000
056335,微星凱基98購01  ,0,0,0,0,0,0,0,0,0,50000,0,0,0,50000,0,50000,50000
058409,鴻海兆豐99購05  ,0,0,0,0,0,0,0,0,0,50000,0,0,0,69000,19000,50000,50000
057598,鴻海群益98購07  ,0,0,0,0,0,0,0,0,0,50000,0,0,0,50000,0,50000,50000
053875,GIS元大97購01   ,0,0,0,0,0,0,0,0,0,50000,0,0,0,50000,0,50000,50000
053734,友達中信98購02  ,0,0,0,0,0,0,0,0,0,50000,0,0,0,450000,400000,50000,50000
05348P,美律元富98售01  ,0,0,0,0,0,0,0,0,0,50000,0,0,0,50000,0,50000,50000
020006,永昌中小300N    ,0,0,0,0,0,0,0,0,0,50000,0,0,0,50000,0,50000,50000
056477,欣興元大98購02  ,0,0,0,0,0,0,0,0,0,50000,0,0,0,50000,0,50000,50000
056565,欣興群益98購03  ,0,0,0,0,0,0,0,0,0,50000,0,0,0,50000,0,50000,50000
052871,群創凱基98購07  ,0,0,0,0,0,0,0,0,0,50000,0,0,0,50000,0,50000,50000
058259,訊連國泰9B購01  ,0,0,0,0,0,0,0,0,0,50000,0,0,0,50000,0,50000,50000
057780,台郡群益98購02  ,0,0,0,0,0,0,0,0,0,50000,0,0,0,50000,0,50000,50000
056769,國產元大98購01  ,0,0,0,0,0,0,0,0,0,50000,0,0,0,50000,0,50000,50000
058750,緯穎凱基9A購03  ,0,0,0,0,0,0,0,0,0,50000,0,0,0,50000,0,50000,50000
057258,中環兆豐98購01  ,0,0,0,0,0,0,0,0,0,50000,0,0,0,50000,0,50000,50000
057239,貿聯凱基98購05  ,0,0,0,0,0,0,0,0,0,50000,0,0,0,50000,0,50000,50000
057531,禾伸堂元大99購04,0,0,0,0,0,0,0,0,0,50000,0,0,0,50000,0,50000,50000
061104,華新科元大9A購13,0,0,0,0,0,0,0,0,0,50000,0,0,0,50000,0,50000,50000
061275,臺股指凱基9A購25,0,0,0,0,0,0,0,0,0,50000,0,0,0,63000,13000,50000,50000
061318,智邦凱基9B購01  ,0,0,0,0,0,0,0,0,0,50000,0,0,0,90000,40000,50000,50000
061773,和潤元大9B購01  ,0,0,0,0,0,0,0,0,0,50000,0,0,0,50000,0,50000,50000
061856,台郡國票9B購02  ,0,0,0,0,0,0,0,0,0,50000,0,0,0,50000,0,50000,50000
061868,旺宏元大9B購03  ,0,0,0,0,0,0,0,0,0,50000,0,0,0,50000,0,50000,50000
061834,華新科凱基02購02,0,0,0,0,0,0,0,0,0,50000,0,0,0,50000,0,50000,50000
059811,高股息凱基99購02,0,0,0,0,0,0,0,0,0,50000,0,0,0,50000,0,50000,50000
059911,國巨元大99購27  ,0,0,0,0,0,0,0,0,0,50000,0,0,0,90000,40000,50000,50000
061604,台光電凱基9B購01,0,0,0,0,0,0,0,0,0,50000,0,0,0,65000,15000,50000,50000
061157,聯鈞群益9A購02  ,0,0,0,0,0,0,0,0,0,50000,0,0,0,50000,0,50000,50000
061166,玉晶光兆豐9B購01,0,0,0,0,0,0,0,0,0,50000,0,0,0,50000,0,50000,50000
061163,台灣50兆豐9A購04,0,0,0,0,0,0,0,0,0,50000,0,0,0,50000,0,50000,50000
061202,和大元大9A購02  ,0,0,0,0,0,0,0,0,0,50000,0,0,0,50000,0,50000,50000
059530,華新科凱基9A購05,0,0,0,0,0,0,0,0,0,50000,0,0,0,50000,0,50000,50000
062188,貿聯元大9B購02  ,0,0,0,0,0,0,0,0,0,50000,0,0,0,50000,0,50000,50000
061203,國巨元大9A購15  ,0,0,0,0,0,0,0,0,0,50000,0,0,0,50000,0,50000,50000
062436,國巨元大9B購14  ,0,0,0,0,0,0,0,0,0,50000,0,0,0,50000,0,50000,50000
062563,緯穎凱基9B購03  ,0,0,0,0,0,0,0,0,0,50000,0,0,0,50000,0,50000,50000
060774,南亞科凱基9A購01,0,0,0,0,0,0,0,0,0,50000,0,0,0,50000,0,50000,50000
060576,欣興中信9B購01  ,0,0,0,0,0,0,0,0,0,50000,0,0,0,50000,0,50000,50000
062778,國巨元大9B購17  ,0,0,0,0,0,0,0,0,0,50000,0,0,0,50000,0,50000,50000
063017,台光電元大9B購07,0,0,0,0,0,0,0,0,0,50000,0,0,0,90000,40000,50000,50000
06296P,燿華元大98售01  ,0,0,0,0,0,0,0,0,0,50000,0,0,0,80000,30000,50000,50000
062908,晶豪科元大9B購03,0,0,0,0,0,0,0,0,0,50000,0,0,0,150000,100000,50000,50000
063250,同欣電元大9B購03,0,0,0,0,0,0,0,0,0,50000,0,0,0,196000,146000,50000,50000
063186,聯發科凱基9C購04,0,0,0,0,0,0,0,0,0,50000,0,0,0,50000,0,50000,50000
063558,聚陽元大9B購02  ,0,0,0,0,0,0,0,0,0,50000,0,0,0,168000,118000,50000,50000
063689,可成永豐9B購04  ,0,0,0,0,0,0,0,0,0,50000,0,0,0,50000,0,50000,50000
064028,大毅元大01購01  ,0,0,0,0,0,0,0,0,0,50000,0,0,0,50000,0,50000,50000
063824,S&P反1國票9C購01,0,0,0,0,0,0,0,0,0,50000,0,0,0,60000,10000,50000,50000
064471,國巨麥證9C購02  ,0,0,0,50000,0,50000,0,0,0,50000,0,0,0,50000,0,50000,50000
064472,國巨麥證9C購03  ,0,0,0,50000,0,50000,0,0,0,50000,0,0,0,50000,0,50000,50000
064621,大立光元大9C購20,0,0,0,0,0,0,0,0,0,50000,0,0,0,52000,2000,50000,50000
064280,大立光元大9C購11,0,0,0,0,0,0,0,0,0,50000,0,0,0,50000,0,50000,50000
064696,群創群益9C購02  ,0,0,0,0,0,0,0,0,0,50000,0,0,0,50000,0,50000,50000
064949,南亞科凱基9C購01,0,0,0,0,0,0,0,0,0,50000,0,0,0,50000,0,50000,50000
065224,和大凱基02購02  ,0,0,0,0,0,0,0,0,0,50000,0,0,0,50000,0,50000,50000
065226,華通凱基01購01  ,0,0,0,0,0,0,0,0,0,50000,0,0,0,50000,0,50000,50000
065694,國巨群益9C購19  ,0,0,0,0,0,0,0,0,0,50000,0,0,0,50000,0,50000,50000
065832,貿聯凱基02購03  ,0,0,0,0,0,0,0,0,0,50000,0,0,0,170000,120000,50000,50000
065568,台積電群益01購04,0,0,0,0,0,0,0,0,0,50000,0,0,0,118000,68000,50000,50000
2832,台產            ,60000,10000,50000,0,0,0,0,0,0,0,0,0,0,0,0,0,50000
08216P,聯發科群益9C售05,0,0,0,0,0,0,0,0,0,49000,0,0,0,60000,11000,49000,49000
07883P,可成凱基9B售03  ,0,0,0,0,0,0,0,0,0,49000,0,0,0,59000,10000,49000,49000
066047,嘉晶元大01購04  ,0,0,0,0,0,0,0,0,0,49000,0,0,0,111000,62000,49000,49000
066527,泰鼎統一03購01  ,0,0,0,0,0,0,0,0,0,49000,0,0,0,49000,0,49000,49000
066531,智伸科元富01購01,0,0,0,0,0,0,0,0,0,49000,0,0,0,50000,1000,49000,49000
066635,敦泰凱基01購01  ,0,0,0,0,0,0,0,0,0,49000,0,0,0,87000,38000,49000,49000
060339,國巨統一01購01  ,0,0,0,0,0,0,0,0,0,49000,0,0,0,49000,0,49000,49000
057659,台表科兆豐98購01,0,0,0,0,0,0,0,0,0,49000,0,0,0,49000,0,49000,49000
063175,燿華兆豐9C購01  ,0,0,0,0,0,0,0,0,0,49000,0,0,0,53000,4000,49000,49000
062850,友訊永豐9B購01  ,0,0,0,0,0,0,0,0,0,49000,0,0,0,61000,12000,49000,49000
060513,緯穎元大9B購01  ,0,0,0,0,0,0,0,0,0,49000,0,0,0,82000,33000,49000,49000
060637,玉晶光永豐9A購03,0,0,0,0,0,0,0,0,0,49000,0,0,0,55000,6000,49000,49000
062307,華通凱基9C購01  ,0,0,0,0,0,0,0,0,0,49000,0,0,0,51000,2000,49000,49000
065508,大成鋼群益01購01,0,0,0,0,0,0,0,0,0,49000,0,0,0,100000,51000,49000,49000
063830,智伸科國票01購01,0,0,0,0,0,0,0,0,0,49000,0,0,0,77000,28000,49000,49000
063619,聯發科兆豐01購01,0,0,0,0,0,0,0,0,0,49000,0,0,0,55000,6000,49000,49000
065988,晶技永豐01購01  ,0,0,0,0,0,0,0,0,0,48000,0,0,0,141000,93000,48000,48000
08094P,華新科元富9B售05,0,0,0,0,0,0,0,0,0,48000,0,0,0,122000,74000,48000,48000
08257P,台積電元大9C售04,0,0,0,0,0,0,0,0,0,48000,0,0,0,49000,1000,48000,48000
055168,光罩統一98購01  ,0,0,0,0,0,0,0,0,0,48000,0,0,0,148000,100000,48000,48000
055176,大毅統一98購02  ,0,0,0,0,0,0,0,0,0,48000,0,0,0,54000,6000,48000,48000
056390,台積電富邦9B購01,0,0,0,0,0,0,0,0,0,48000,0,0,0,161000,113000,48000,48000
051849,旺宏中信98購01  ,0,0,0,0,0,0,0,0,0,48000,0,0,0,380000,332000,48000,48000
056986,超眾群益98購03  ,0,0,0,0,0,0,0,0,0,48000,0,0,0,300000,252000,48000,48000
058749,康控凱基99購03  ,0,0,0,0,0,0,0,0,0,48000,0,0,0,49000,1000,48000,48000
058248,聯茂元大99購05  ,0,0,0,0,0,0,0,0,0,48000,0,0,0,298000,250000,48000,48000
058640,台灣50麥證9A購01,0,0,0,50000,2000,48000,0,0,0,48000,0,0,0,50000,2000,48000,48000
058067,台積電第一9C購01,0,0,0,0,0,0,0,0,0,48000,0,0,0,571000,523000,48000,48000
061988,大立光元大9B購04,0,0,0,0,0,0,0,0,0,48000,0,0,0,50000,2000,48000,48000
061174,鴻海凱基9A購23  ,0,0,0,0,0,0,0,0,0,48000,0,0,0,89000,41000,48000,48000
060641,聯鈞永豐9A購01  ,0,0,0,0,0,0,0,0,0,48000,0,0,0,48000,0,48000,48000
062868,葡萄王中信9B購01,0,0,0,0,0,0,0,0,0,48000,0,0,0,48000,0,48000,48000
063056,嘉澤統一9C購02  ,0,0,0,0,0,0,0,0,0,48000,0,0,0,196000,148000,48000,48000
063337,國巨統一02購02  ,0,0,0,0,0,0,0,0,0,48000,0,0,0,60000,12000,48000,48000
063553,同欣電國票9B購03,0,0,0,0,0,0,0,0,0,48000,0,0,0,58000,10000,48000,48000
063578,瑞祺元大9B購03  ,0,0,0,0,0,0,0,0,0,48000,0,0,0,99000,51000,48000,48000
064227,和碩國票01購01  ,0,0,0,0,0,0,0,0,0,48000,0,0,0,48000,0,48000,48000
064358,台達電統一01購02,0,0,0,0,0,0,0,0,0,48000,0,0,0,49000,1000,48000,48000
064692,嘉晶群益9C購03  ,0,0,0,0,0,0,0,0,0,48000,0,0,0,48000,0,48000,48000
065605,義隆元大01購02  ,0,0,0,0,0,0,0,0,0,48000,0,0,0,535000,487000,48000,48000
065326,華擎凱基02購01  ,0,0,0,0,0,0,0,0,0,48000,0,0,0,76000,28000,48000,48000
065030,亞光兆豐9C購01  ,0,0,0,0,0,0,0,0,0,48000,0,0,0,50000,2000,48000,48000
5269,祥碩            ,368000,220000,148000,0,0,0,2000,75000,-73000,-27000,7000,43000,-36000,13000,4000,9000,48000
06827P,臺股指國票98售03,0,0,0,0,0,0,0,0,0,47000,0,0,0,70000,23000,47000,47000
058018,南亞科凱基99購03,0,0,0,0,0,0,0,0,0,47000,0,0,0,47000,0,47000,47000
058813,旺宏統一9B購04  ,0,0,0,0,0,0,0,0,0,47000,0,0,0,101000,54000,47000,47000
057764,台表科凱基9A購01,0,0,0,0,0,0,0,0,0,47000,0,0,0,205000,158000,47000,47000
057738,旺宏富邦9A購01  ,0,0,0,0,0,0,0,0,0,47000,0,0,0,50000,3000,47000,47000
057869,大立光凱基99購01,0,0,0,0,0,0,0,0,0,47000,0,0,0,47000,0,47000,47000
061213,群創元大9A購05  ,0,0,0,0,0,0,0,0,0,47000,0,0,0,57000,10000,47000,47000
053401,臺股指中信99購01,0,0,0,0,0,0,0,0,0,47000,0,0,0,52000,5000,47000,47000
056161,康控凱基98購02  ,0,0,0,0,0,0,0,0,0,47000,0,0,0,47000,0,47000,47000
061961,台積電統一01購02,0,0,0,0,0,0,0,0,0,47000,0,0,0,52000,5000,47000,47000
059920,宏達電元大99購07,0,0,0,0,0,0,0,0,0,47000,0,0,0,150000,103000,47000,47000
064754,漢唐凱基02購01  ,0,0,0,0,0,0,0,0,0,47000,0,0,0,50000,3000,47000,47000
065573,新日興群益01購02,0,0,0,0,0,0,0,0,0,47000,0,0,0,82000,35000,47000,47000
065873,信邦群益02購01  ,0,0,0,0,0,0,0,0,0,47000,0,0,0,59000,12000,47000,47000
064437,可成凱基02購01  ,0,0,0,0,0,0,0,0,0,47000,0,0,0,50000,3000,47000,47000
064091,台郡凱基01購01  ,0,0,0,0,0,0,0,0,0,47000,0,0,0,77000,30000,47000,47000
3027,盛達            ,92000,46000,46000,0,0,0,0,0,0,1000,1000,0,1000,0,0,0,47000
2020,美亞            ,74000,27000,47000,0,0,0,0,0,0,0,0,0,0,0,0,0,47000
067010,訊芯永豐01購01  ,0,0,0,0,0,0,0,0,0,46000,0,0,0,212000,166000,46000,46000
066459,智原統一01購01  ,0,0,0,0,0,0,0,0,0,46000,0,0,0,50000,4000,46000,46000
066375,南亞科兆豐01購01,0,0,0,0,0,0,0,0,0,46000,0,0,0,91000,45000,46000,46000
00851,台新全球AI      ,0,0,0,0,0,0,0,0,0,46000,0,0,0,175000,129000,46000,46000
00770,國泰北美科技    ,59000,0,59000,0,0,0,0,0,0,-13000,0,0,0,101000,114000,-13000,46000
058637,晶技兆豐99購01  ,0,0,0,0,0,0,0,0,0,46000,0,0,0,47000,1000,46000,46000
062031,臻鼎群益9B購01  ,0,0,0,0,0,0,0,0,0,46000,0,0,0,86000,40000,46000,46000
062898,華通元大9B購05  ,0,0,0,0,0,0,0,0,0,46000,0,0,0,50000,4000,46000,46000
062984,致新元富9B購01  ,0,0,0,0,0,0,0,0,0,46000,0,0,0,72000,26000,46000,46000
060714,晶技永豐9A購02  ,0,0,0,0,0,0,0,0,0,46000,0,0,0,121000,75000,46000,46000
060555,台表科凱基9A購03,0,0,0,0,0,0,0,0,0,46000,0,0,0,50000,4000,46000,46000
060238,強茂元大9C購01  ,0,0,0,0,0,0,0,0,0,46000,0,0,0,58000,12000,46000,46000
064148,瑞昱統一02購01  ,0,0,0,0,0,0,0,0,0,46000,0,0,0,76000,30000,46000,46000
064134,瑞祺元大9C購02  ,0,0,0,0,0,0,0,0,0,46000,0,0,0,74000,28000,46000,46000
064331,微星元大9C購03  ,0,0,0,0,0,0,0,0,0,46000,0,0,0,63000,17000,46000,46000
064584,英業達永豐9C購01,0,0,0,0,0,0,0,0,0,46000,0,0,0,104000,58000,46000,46000
063729,國巨元大9C購08  ,0,0,0,0,0,0,0,0,0,46000,0,0,0,72000,26000,46000,46000
065749,友訊元大9C購03  ,0,0,0,0,0,0,0,0,0,46000,0,0,0,75000,29000,46000,46000
065430,可成凱基02購03  ,0,0,0,0,0,0,0,0,0,46000,0,0,0,56000,10000,46000,46000
064985,台表科元大9C購09,0,0,0,0,0,0,0,0,0,46000,0,0,0,52000,6000,46000,46000
064913,燿華統一02購01  ,0,0,0,0,0,0,0,0,0,46000,0,0,0,194000,148000,46000,46000
08253P,鴻海元大9C售06  ,0,0,0,0,0,0,0,0,0,45000,0,0,0,45000,0,45000,45000
08604P,金融類元大9C售01,0,0,0,0,0,0,0,0,0,45000,0,0,0,50000,5000,45000,45000
07067P,旺宏台新99售02  ,0,0,0,0,0,0,0,0,0,45000,0,0,0,50000,5000,45000,45000
06983P,台積電國泰9A售02,0,0,0,0,0,0,0,0,0,45000,0,0,0,45000,0,45000,45000
057958,禾伸堂元大99購05,0,0,0,0,0,0,0,0,0,45000,0,0,0,45000,0,45000,45000
058150,中502X統一9B購01,0,0,0,0,0,0,0,0,0,45000,0,0,0,45000,0,45000,45000
057772,台積電群益99購01,0,0,0,0,0,0,0,0,0,45000,0,0,0,45000,0,45000,45000
056835,聯電元富99購01  ,0,0,0,0,0,0,0,0,0,45000,0,0,0,219000,174000,45000,45000
056962,技嘉永豐98購01  ,0,0,0,0,0,0,0,0,0,45000,0,0,0,109000,64000,45000,45000
057272,台積電元大98購14,0,0,0,0,0,0,0,0,0,45000,0,0,0,45000,0,45000,45000
057442,玉晶光統一98購03,0,0,0,0,0,0,0,0,0,45000,0,0,0,50000,5000,45000,45000
054060,晶技國票97購02  ,0,0,0,0,0,0,0,0,0,45000,0,0,0,76000,31000,45000,45000
057580,玉山金中信9A購01,0,0,0,0,0,0,0,0,0,45000,0,0,0,45000,0,45000,45000
057581,元大金中信9A購01,0,0,0,0,0,0,0,0,0,45000,0,0,0,85000,40000,45000,45000
057546,台積電凱基02購01,0,0,0,0,0,0,0,0,0,45000,0,0,0,45000,0,45000,45000
057691,健策凱基99購01  ,0,0,0,0,0,0,0,0,0,45000,0,0,0,62000,17000,45000,45000
056702,欣興國泰9A購01  ,0,0,0,0,0,0,0,0,0,45000,0,0,0,55000,10000,45000,45000
055425,聚陽群益99購01  ,0,0,0,0,0,0,0,0,0,45000,0,0,0,50000,5000,45000,45000
055842,建準元大98購01  ,0,0,0,0,0,0,0,0,0,45000,0,0,0,47000,2000,45000,45000
060251,易華電元大9C購01,0,0,0,0,0,0,0,0,0,45000,0,0,0,75000,30000,45000,45000
060165,上緯控永豐9A購01,0,0,0,0,0,0,0,0,0,45000,0,0,0,50000,5000,45000,45000
062502,旺宏群益9C購01  ,0,0,0,0,0,0,0,0,0,45000,0,0,0,45000,0,45000,45000
061875,華新科元大9B購03,0,0,0,0,0,0,0,0,0,45000,0,0,0,68000,23000,45000,45000
064906,台表科群益9C購02,0,0,0,0,0,0,0,0,0,45000,0,0,0,45000,0,45000,45000
1617,榮星            ,49000,3000,46000,0,0,0,0,0,0,-1000,0,1000,-1000,0,0,0,45000
07948P,大成鋼凱基9B售01,0,0,0,0,0,0,0,0,0,44000,0,0,0,64000,20000,44000,44000
08815P,聯發科國泰03售03,0,0,0,0,0,0,0,0,0,44000,0,0,0,71000,27000,44000,44000
08309P,GIS凱基9C售01   ,0,0,0,0,0,0,0,0,0,44000,0,0,0,74000,30000,44000,44000
066286,瑞祺元大01購01  ,0,0,0,0,0,0,0,0,0,44000,0,0,0,196000,152000,44000,44000
058429,欣興元富99購01  ,0,0,0,0,0,0,0,0,0,44000,0,0,0,44000,0,44000,44000
053609,華新中信9A購01  ,0,0,0,0,0,0,0,0,0,44000,0,0,0,54000,10000,44000,44000
00645,富邦日本        ,0,0,0,0,0,0,0,0,0,44000,0,0,0,152000,108000,44000,44000
058798,大立光元大99購11,0,0,0,0,0,0,0,0,0,44000,0,0,0,49000,5000,44000,44000
058604,華邦電元大99購03,0,0,0,0,0,0,0,0,0,44000,0,0,0,44000,0,44000,44000
059856,昇陽半永豐99購03,0,0,0,0,0,0,0,0,0,44000,0,0,0,112000,68000,44000,44000
062312,大立光凱基9B購03,0,0,0,0,0,0,0,0,0,44000,0,0,0,44000,0,44000,44000
059174,訊芯凱基99購01  ,0,0,0,0,0,0,0,0,0,44000,0,0,0,44000,0,44000,44000
060849,力成國票9A購01  ,0,0,0,0,0,0,0,0,0,44000,0,0,0,54000,10000,44000,44000
060677,京元電元大9A購04,0,0,0,0,0,0,0,0,0,44000,0,0,0,95000,51000,44000,44000
063305,亞光凱基9B購01  ,0,0,0,0,0,0,0,0,0,44000,0,0,0,67000,23000,44000,44000
064931,南六統一9C購05  ,0,0,0,0,0,0,0,0,0,44000,0,0,0,121000,77000,44000,44000
065061,聯發科群益9C購08,0,0,0,0,0,0,0,0,0,44000,0,0,0,56000,12000,44000,44000
065128,大成鋼兆豐9C購01,0,0,0,0,0,0,0,0,0,44000,0,0,0,68000,24000,44000,44000
065400,華擎群益01購02  ,0,0,0,0,0,0,0,0,0,44000,0,0,0,51000,7000,44000,44000
065717,創意中信9C購02  ,0,0,0,0,0,0,0,0,0,44000,0,0,0,125000,81000,44000,44000
063868,嘉晶永豐9C購01  ,0,0,0,0,0,0,0,0,0,44000,0,0,0,44000,0,44000,44000
063973,緯穎國票9C購01  ,0,0,0,0,0,0,0,0,0,44000,0,0,0,92000,48000,44000,44000
3006,晶豪科          ,947000,827000,120000,0,0,0,0,0,0,-76000,4000,5000,-1000,1000,76000,-75000,44000
3702,大聯大          ,1796337,2542960,-746623,0,0,0,832000,4000,828000,-38000,13000,10000,3000,0,41000,-41000,43377
066422,嘉晶元大02購01  ,0,0,0,0,0,0,0,0,0,43000,0,0,0,56000,13000,43000,43000
066198,華碩統一03購01  ,0,0,0,0,0,0,0,0,0,43000,0,0,0,165000,122000,43000,43000
066588,台積電群益01購06,0,0,0,0,0,0,0,0,0,43000,0,0,0,1315000,1272000,43000,43000
066901,台虹康和01購01  ,0,0,0,0,0,0,0,0,0,43000,0,0,0,53000,10000,43000,43000
066744,和碩元大01購02  ,0,0,0,0,0,0,0,0,0,43000,0,0,0,52000,9000,43000,43000
07836P,大成鋼元大9A售01,0,0,0,0,0,0,0,0,0,43000,0,0,0,73000,30000,43000,43000
061106,群創元大9B購09  ,0,0,0,0,0,0,0,0,0,43000,0,0,0,53000,10000,43000,43000
059241,旺宏凱基99購07  ,0,0,0,0,0,0,0,0,0,43000,0,0,0,70000,27000,43000,43000
056369,彩晶元大01購01  ,0,0,0,0,0,0,0,0,0,43000,0,0,0,43000,0,43000,43000
055817,京鼎國票99購01  ,0,0,0,0,0,0,0,0,0,43000,0,0,0,118000,75000,43000,43000
060747,聯鈞國票9A購02  ,0,0,0,0,0,0,0,0,0,43000,0,0,0,88000,45000,43000,43000
062191,台郡元大9B購05  ,0,0,0,0,0,0,0,0,0,43000,0,0,0,83000,40000,43000,43000
061614,亞德客群益9A購01,0,0,0,0,0,0,0,0,0,43000,0,0,0,73000,30000,43000,43000
061452,大成鋼凱基9A購01,0,0,0,0,0,0,0,0,0,43000,0,0,0,76000,33000,43000,43000
064021,國巨元大9C購15  ,0,0,0,0,0,0,0,0,0,43000,0,0,0,43000,0,43000,43000
063710,光寶科凱基9C購01,0,0,0,0,0,0,0,0,0,43000,0,0,0,49000,6000,43000,43000
064586,緯創永豐9C購01  ,0,0,0,0,0,0,0,0,0,43000,0,0,0,78000,35000,43000,43000
064467,南亞科元富9C購02,0,0,0,0,0,0,0,0,0,43000,0,0,0,95000,52000,43000,43000
065362,華通元大9C購06  ,0,0,0,0,0,0,0,0,0,43000,0,0,0,93000,50000,43000,43000
065080,燿華元大01購01  ,0,0,0,0,0,0,0,0,0,43000,0,0,0,150000,107000,43000,43000
3032,偉訓            ,253000,233000,20000,0,0,0,0,0,0,23000,23000,0,23000,0,0,0,43000
06915P,晶技元富98售02  ,0,0,0,0,0,0,0,0,0,42000,0,0,0,42000,0,42000,42000
08178P,南亞科元大9B售01,0,0,0,0,0,0,0,0,0,42000,0,0,0,42000,0,42000,42000
066812,志超凱基01購01  ,0,0,0,0,0,0,0,0,0,42000,0,0,0,92000,50000,42000,42000
06789P,鴻海凱基98售12  ,0,0,0,0,0,0,0,0,0,42000,0,0,0,48000,6000,42000,42000
065978,臻鼎元大02購01  ,0,0,0,0,0,0,0,0,0,42000,0,0,0,255000,213000,42000,42000
03427B,臺股指元大9A熊02,0,0,0,0,0,0,0,0,0,42000,0,0,0,306000,264000,42000,42000
03419B,臺股指元富99熊03,0,0,0,0,0,0,0,0,0,42000,0,0,0,52000,10000,42000,42000
056589,康控統一98購01  ,0,0,0,0,0,0,0,0,0,42000,0,0,0,50000,8000,42000,42000
060367,緯穎元富9A購02  ,0,0,0,0,0,0,0,0,0,42000,0,0,0,72000,30000,42000,42000
056823,智伸科永豐98購01,0,0,0,0,0,0,0,0,0,42000,0,0,0,46000,4000,42000,42000
058955,台積電國票9A購04,0,0,0,0,0,0,0,0,0,42000,0,0,0,60000,18000,42000,42000
061532,和大統一9C購02  ,0,0,0,0,0,0,0,0,0,42000,0,0,0,88000,46000,42000,42000
061878,茂林元大9B購01  ,0,0,0,0,0,0,0,0,0,42000,0,0,0,68000,26000,42000,42000
063174,臺股指中信01購04,0,0,0,0,0,0,0,0,0,42000,0,0,0,82000,40000,42000,42000
062636,聯鈞國票9B購01  ,0,0,0,0,0,0,0,0,0,42000,0,0,0,44000,2000,42000,42000
062639,臻鼎國票9C購01  ,0,0,0,0,0,0,0,0,0,42000,0,0,0,76000,34000,42000,42000
064951,聯發科凱基01購04,0,0,0,0,0,0,0,0,0,42000,0,0,0,52000,10000,42000,42000
064777,南亞科群益9C購01,0,0,0,0,0,0,0,0,0,42000,0,0,0,112000,70000,42000,42000
063533,緯穎凱基9B購06  ,0,0,0,0,0,0,0,0,0,42000,0,0,0,42000,0,42000,42000
063629,台積電元大9B購08,0,0,0,0,0,0,0,0,0,42000,0,0,0,56000,14000,42000,42000
1416,廣豐            ,96000,54000,42000,0,0,0,0,0,0,0,0,0,0,0,0,0,42000
1736,喬山            ,244000,195800,48200,0,0,0,0,0,0,-7000,0,0,0,1000,8000,-7000,41200
06598P,奇力新永豐98售02,0,0,0,0,0,0,0,0,0,41000,0,0,0,41000,0,41000,41000
065995,台虹永豐01購01  ,0,0,0,0,0,0,0,0,0,41000,0,0,0,108000,67000,41000,41000
066069,英業達凱基02購01,0,0,0,0,0,0,0,0,0,41000,0,0,0,85000,44000,41000,41000
066256,華通元大02購02  ,0,0,0,0,0,0,0,0,0,41000,0,0,0,83000,42000,41000,41000
066446,健策群益01購06  ,0,0,0,0,0,0,0,0,0,41000,0,0,0,100000,59000,41000,41000
066928,台達電國票01購02,0,0,0,0,0,0,0,0,0,41000,0,0,0,76000,35000,41000,41000
08259P,華新科元大9C售04,0,0,0,0,0,0,0,0,0,41000,0,0,0,54000,13000,41000,41000
08488P,臺股指群益9C售19,0,0,0,0,0,0,0,0,0,41000,0,0,0,41000,0,41000,41000
058091,欣興元大99購03  ,0,0,0,0,0,0,0,0,0,41000,0,0,0,58000,17000,41000,41000
054567,拓凱群益98購01  ,0,0,0,0,0,0,0,0,0,41000,0,0,0,41000,0,41000,41000
046375,友達凱基98購01  ,0,0,0,0,0,0,0,0,0,41000,0,0,0,41000,0,41000,41000
058531,華通元富99購01  ,0,0,0,0,0,0,0,0,0,41000,0,0,0,41000,0,41000,41000
062751,華擎中信9C購01  ,0,0,0,0,0,0,0,0,0,41000,0,0,0,77000,36000,41000,41000
062863,聯茂國票9B購01  ,0,0,0,0,0,0,0,0,0,41000,0,0,0,61000,20000,41000,41000
062456,台積電群益9B購05,0,0,0,0,0,0,0,0,0,41000,0,0,0,377000,336000,41000,41000
061373,華通富邦9A購02  ,0,0,0,0,0,0,0,0,0,41000,0,0,0,106000,65000,41000,41000
063820,華邦電麥證01購01,0,0,0,56000,15000,41000,0,0,0,41000,0,0,0,56000,15000,41000,41000
064416,南亞科中信01購01,0,0,0,0,0,0,0,0,0,41000,0,0,0,46000,5000,41000,41000
06425P,TPK永豐97售02   ,0,0,0,0,0,0,0,0,0,41000,0,0,0,41000,0,41000,41000
064689,台積電群益9C購09,0,0,0,0,0,0,0,0,0,41000,0,0,0,376000,335000,41000,41000
064876,旺宏兆豐9C購01  ,0,0,0,0,0,0,0,0,0,41000,0,0,0,86000,45000,41000,41000
065112,台表科國票02購01,0,0,0,0,0,0,0,0,0,41000,0,0,0,56000,15000,41000,41000
065413,玉晶光永豐9C購10,0,0,0,0,0,0,0,0,0,41000,0,0,0,41000,0,41000,41000
065916,聯發科凱基01購10,0,0,0,0,0,0,0,0,0,41000,0,0,0,46000,5000,41000,41000
3167,大量            ,102000,60000,42000,0,0,0,0,0,0,-1000,0,1000,-1000,0,0,0,41000
2425,承啟            ,172000,130000,42000,0,0,0,0,0,0,-1000,0,1000,-1000,0,0,0,41000
6128,上福            ,83000,42000,41000,0,0,0,0,0,0,0,0,0,0,0,0,0,41000
07029P,緯穎群益99售02  ,0,0,0,0,0,0,0,0,0,40000,0,0,0,40000,0,40000,40000
07033P,大立光統一9B售03,0,0,0,0,0,0,0,0,0,40000,0,0,0,40000,0,40000,40000
07502P,美食元大9A售01  ,0,0,0,0,0,0,0,0,0,40000,0,0,0,40000,0,40000,40000
07567P,台灣50凱基01售05,0,0,0,0,0,0,0,0,0,40000,0,0,0,40000,0,40000,40000
07347P,上証2X凱基99售02,0,0,0,0,0,0,0,0,0,40000,0,0,0,40000,0,40000,40000
07246P,旺宏凱基99售08  ,0,0,0,0,0,0,0,0,0,40000,0,0,0,40000,0,40000,40000
07834P,聯詠群益9A售03  ,0,0,0,0,0,0,0,0,0,40000,0,0,0,60000,20000,40000,40000
07867P,晶技元大9B售01  ,0,0,0,0,0,0,0,0,0,40000,0,0,0,60000,20000,40000,40000
07839P,嘉澤元大9A售04  ,0,0,0,0,0,0,0,0,0,40000,0,0,0,210000,170000,40000,40000
067041,國巨凱基04購02  ,0,0,0,0,0,0,0,0,0,40000,0,0,0,69000,29000,40000,40000
06844P,智邦元大98售13  ,0,0,0,0,0,0,0,0,0,40000,0,0,0,40000,0,40000,40000
06722P,臺股指中信9A售04,0,0,0,0,0,0,0,0,0,40000,0,0,0,40000,0,40000,40000
06712P,臺股指台新99售09,0,0,0,0,0,0,0,0,0,40000,0,0,0,50000,10000,40000,40000
066513,精元永豐01購02  ,0,0,0,0,0,0,0,0,0,40000,0,0,0,40000,0,40000,40000
066383,臻鼎康和01購01  ,0,0,0,0,0,0,0,0,0,40000,0,0,0,86000,46000,40000,40000
066055,聯鈞元大01購01  ,0,0,0,0,0,0,0,0,0,40000,0,0,0,80000,40000,40000,40000
057547,技嘉凱基99購01  ,0,0,0,0,0,0,0,0,0,40000,0,0,0,68000,28000,40000,40000
056276,同欣電國泰98購01,0,0,0,0,0,0,0,0,0,40000,0,0,0,170000,130000,40000,40000
045444,群創元富98購02  ,0,0,0,0,0,0,0,0,0,40000,0,0,0,40000,0,40000,40000
053537,玉晶光永豐98購02,0,0,0,0,0,0,0,0,0,40000,0,0,0,41000,1000,40000,40000
01009T,王道圓滿R1      ,0,0,0,0,0,0,0,0,0,40000,40000,0,40000,0,0,0,40000
054598,鴻海台新98購01  ,0,0,0,0,0,0,0,0,0,40000,0,0,0,40000,0,40000,40000
054480,和碩中信98購01  ,0,0,0,0,0,0,0,0,0,40000,0,0,0,40000,0,40000,40000
056552,台表科凱基99購01,0,0,0,0,0,0,0,0,0,40000,0,0,0,50000,10000,40000,40000
046999,康控富邦99購01  ,0,0,0,0,0,0,0,0,0,40000,0,0,0,40000,0,40000,40000
056444,南亞科凱基99購01,0,0,0,0,0,0,0,0,0,40000,0,0,0,40000,0,40000,40000
057955,技嘉元大98購07  ,0,0,0,0,0,0,0,0,0,40000,0,0,0,40000,0,40000,40000
057928,鈺齊凱基98購02  ,0,0,0,0,0,0,0,0,0,40000,0,0,0,50000,10000,40000,40000
057946,晶相光國票99購01,0,0,0,0,0,0,0,0,0,40000,0,0,0,40000,0,40000,40000
057747,致新永豐98購01  ,0,0,0,0,0,0,0,0,0,40000,0,0,0,40000,0,40000,40000
058762,貿聯群益99購03  ,0,0,0,0,0,0,0,0,0,40000,0,0,0,40000,0,40000,40000
059267,群創中信01購02  ,0,0,0,0,0,0,0,0,0,40000,0,0,0,50000,10000,40000,40000
061307,和潤永豐9A購02  ,0,0,0,0,0,0,0,0,0,40000,0,0,0,40000,0,40000,40000
057822,牧德元大9A購01  ,0,0,0,0,0,0,0,0,0,40000,0,0,0,40000,0,40000,40000
059626,台積電凱基01購01,0,0,0,0,0,0,0,0,0,40000,0,0,0,51000,11000,40000,40000
059890,大立光國票99購03,0,0,0,0,0,0,0,0,0,40000,0,0,0,40000,0,40000,40000
059789,貿聯元大9A購02  ,0,0,0,0,0,0,0,0,0,40000,0,0,0,40000,0,40000,40000
061039,台表科永豐9A購03,0,0,0,0,0,0,0,0,0,40000,0,0,0,60000,20000,40000,40000
062529,可成統一9C購03  ,0,0,0,0,0,0,0,0,0,40000,0,0,0,40000,0,40000,40000
060877,華邦電中信02購01,0,0,0,0,0,0,0,0,0,40000,0,0,0,50000,10000,40000,40000
060808,欣興群益9A購01  ,0,0,0,0,0,0,0,0,0,40000,0,0,0,40000,0,40000,40000
060715,日電貿永豐9A購01,0,0,0,0,0,0,0,0,0,40000,0,0,0,40000,0,40000,40000
060277,道瓊反元大9A購02,0,0,0,0,0,0,0,0,0,40000,0,0,0,40000,0,40000,40000
059974,臺指反元大9C購05,0,0,0,0,0,0,0,0,0,40000,0,0,0,40000,0,40000,40000
062867,東元中信9B購01  ,0,0,0,0,0,0,0,0,0,40000,0,0,0,72000,32000,40000,40000
063041,貿聯凱基9B購01  ,0,0,0,0,0,0,0,0,0,40000,0,0,0,60000,20000,40000,40000
065891,聯發科統一02購03,0,0,0,0,0,0,0,0,0,40000,0,0,0,50000,10000,40000,40000
065676,臻鼎凱基9C購04  ,0,0,0,0,0,0,0,0,0,40000,0,0,0,40000,0,40000,40000
065436,力成凱基02購01  ,0,0,0,0,0,0,0,0,0,40000,0,0,0,40000,0,40000,40000
065365,國巨元大9C購19  ,0,0,0,0,0,0,0,0,0,40000,0,0,0,50000,10000,40000,40000
065132,臻鼎兆豐01購01  ,0,0,0,0,0,0,0,0,0,40000,0,0,0,95000,55000,40000,40000
064715,和大統一02購03  ,0,0,0,0,0,0,0,0,0,40000,0,0,0,75000,35000,40000,40000
064826,南亞科統一01購03,0,0,0,0,0,0,0,0,0,40000,0,0,0,60000,20000,40000,40000
064130,創意元大9C購02  ,0,0,0,0,0,0,0,0,0,40000,0,0,0,40000,0,40000,40000
064671,聯茂元大9C購02  ,0,0,0,0,0,0,0,0,0,40000,0,0,0,171000,131000,40000,40000
063988,華通永豐9C購01  ,0,0,0,0,0,0,0,0,0,40000,0,0,0,40000,0,40000,40000
063901,緯穎群益9C購01  ,0,0,0,0,0,0,0,0,0,40000,0,0,0,70000,30000,40000,40000
063577,台表科元大9C購04,0,0,0,0,0,0,0,0,0,40000,0,0,0,68000,28000,40000,40000
6283,淳安            ,89000,41000,48000,0,0,0,0,0,0,-8000,0,8000,-8000,0,0,0,40000
1321,大洋            ,49000,9000,40000,0,0,0,0,0,0,0,0,0,0,0,0,0,40000
1459,聯發            ,40000,0,40000,0,0,0,0,0,0,0,0,0,0,0,0,0,40000
066233,華碩富邦02購01  ,0,0,0,0,0,0,0,0,0,39000,0,0,0,253000,214000,39000,39000
06846P,美律元大98售05  ,0,0,0,0,0,0,0,0,0,39000,0,0,0,44000,5000,39000,39000
06746P,聯發科群益99售02,0,0,0,0,0,0,0,0,0,39000,0,0,0,50000,11000,39000,39000
08598P,立積元大9C售04  ,0,0,0,0,0,0,0,0,0,39000,0,0,0,185000,146000,39000,39000
057057,立積元大9A購01  ,0,0,0,0,0,0,0,0,0,39000,0,0,0,84000,45000,39000,39000
058776,台積電國票9A購03,0,0,0,0,0,0,0,0,0,39000,0,0,0,39000,0,39000,39000
062408,致新永豐9B購01  ,0,0,0,0,0,0,0,0,0,39000,0,0,0,110000,71000,39000,39000
059847,喬山永豐99購01  ,0,0,0,0,0,0,0,0,0,39000,0,0,0,39000,0,39000,39000
059476,道瓊指群益9C購01,0,0,0,0,0,0,0,0,0,39000,0,0,0,39000,0,39000,39000
062072,國巨元大9B購05  ,0,0,0,0,0,0,0,0,0,39000,0,0,0,70000,31000,39000,39000
063725,聯電元大9C購03  ,0,0,0,0,0,0,0,0,0,39000,0,0,0,40000,1000,39000,39000
064624,群創元大02購01  ,0,0,0,0,0,0,0,0,0,39000,0,0,0,147000,108000,39000,39000
064357,中橡統一9C購01  ,0,0,0,0,0,0,0,0,0,39000,0,0,0,39000,0,39000,39000
065392,華通群益01購02  ,0,0,0,0,0,0,0,0,0,39000,0,0,0,44000,5000,39000,39000
065503,燿華永豐9C購04  ,0,0,0,0,0,0,0,0,0,39000,0,0,0,51000,12000,39000,39000
2038,海光            ,53000,14000,39000,0,0,0,0,0,0,0,0,0,0,0,0,0,39000
6215,和椿            ,65000,26000,39000,0,0,0,0,0,0,0,0,0,0,0,0,0,39000
1598,岱宇            ,923000,952187,-29187,0,0,0,0,0,0,68000,68000,0,68000,0,0,0,38813
08734P,創意康和01售02  ,0,0,0,0,0,0,0,0,0,38000,0,0,0,110000,72000,38000,38000
08418P,大立光元大01售04,0,0,0,0,0,0,0,0,0,38000,0,0,0,38000,0,38000,38000
07850P,健策群益9A售06  ,0,0,0,0,0,0,0,0,0,38000,0,0,0,138000,100000,38000,38000
06677P,牧德國票98售02  ,0,0,0,0,0,0,0,0,0,38000,0,0,0,64000,26000,38000,38000
058950,國巨群益99購06  ,0,0,0,0,0,0,0,0,0,38000,0,0,0,45000,7000,38000,38000
058926,勤誠元富99購01  ,0,0,0,0,0,0,0,0,0,38000,0,0,0,41000,3000,38000,38000
057128,台光電凱基98購03,0,0,0,0,0,0,0,0,0,38000,0,0,0,38000,0,38000,38000
056462,訊芯凱基98購03  ,0,0,0,0,0,0,0,0,0,38000,0,0,0,48000,10000,38000,38000
006203,元大MSCI台灣    ,0,0,0,0,0,0,0,0,0,38000,0,0,0,38000,0,38000,38000
054959,禾伸堂元大98購01,0,0,0,0,0,0,0,0,0,38000,0,0,0,38000,0,38000,38000
062149,牧德國票9B購01  ,0,0,0,0,0,0,0,0,0,38000,0,0,0,38000,0,38000,38000
063214,康控國票9C購01  ,0,0,0,0,0,0,0,0,0,38000,0,0,0,105000,67000,38000,38000
062736,漢唐國票9B購01  ,0,0,0,0,0,0,0,0,0,38000,0,0,0,38000,0,38000,38000
060671,亞德客元大9A購03,0,0,0,0,0,0,0,0,0,38000,0,0,0,338000,300000,38000,38000
060545,台積電凱基9B購02,0,0,0,0,0,0,0,0,0,38000,0,0,0,38000,0,38000,38000
060793,微星永豐9A購01  ,0,0,0,0,0,0,0,0,0,38000,0,0,0,38000,0,38000,38000
065913,光寶科凱基01購01,0,0,0,0,0,0,0,0,0,38000,0,0,0,38000,0,38000,38000
064789,和大國票01購01  ,0,0,0,0,0,0,0,0,0,38000,0,0,0,38000,0,38000,38000
064252,嘉澤元富9C購01  ,0,0,0,0,0,0,0,0,0,38000,0,0,0,242000,204000,38000,38000
064523,聯茂群益9C購01  ,0,0,0,0,0,0,0,0,0,38000,0,0,0,224000,186000,38000,38000
063972,緯創國票9C購01  ,0,0,0,0,0,0,0,0,0,38000,0,0,0,38000,0,38000,38000
063551,美食國票9B購02  ,0,0,0,0,0,0,0,0,0,38000,0,0,0,76000,38000,38000,38000
2022,聚亨            ,57000,19000,38000,0,0,0,0,0,0,0,0,0,0,0,0,0,38000
066519,達方永豐01購01  ,0,0,0,0,0,0,0,0,0,37000,0,0,0,37000,0,37000,37000
055816,新日興國票98購01,0,0,0,0,0,0,0,0,0,37000,0,0,0,38000,1000,37000,37000
00660,元大歐洲50      ,0,0,0,0,0,0,0,0,0,37000,0,0,0,37000,0,37000,37000
056767,大毅元大99購01  ,0,0,0,0,0,0,0,0,0,37000,0,0,0,94000,57000,37000,37000
058664,百和兆豐99購01  ,0,0,0,0,0,0,0,0,0,37000,0,0,0,37000,0,37000,37000
062728,健策凱基9B購04  ,0,0,0,0,0,0,0,0,0,37000,0,0,0,52000,15000,37000,37000
062672,兆豐金中信03購01,0,0,0,0,0,0,0,0,0,37000,0,0,0,37000,0,37000,37000
063292,致新元大9B購02  ,0,0,0,0,0,0,0,0,0,37000,0,0,0,106000,69000,37000,37000
062192,南六元大9B購01  ,0,0,0,0,0,0,0,0,0,37000,0,0,0,52000,15000,37000,37000
059531,華新科凱基9B購02,0,0,0,0,0,0,0,0,0,37000,0,0,0,37000,0,37000,37000
061455,京元電凱基9B購01,0,0,0,0,0,0,0,0,0,37000,0,0,0,59000,22000,37000,37000
063537,華擎統一9C購03  ,0,0,0,0,0,0,0,0,0,37000,0,0,0,50000,13000,37000,37000
064627,矽格元大9C購01  ,0,0,0,0,0,0,0,0,0,37000,0,0,0,660000,623000,37000,37000
064083,群創中信06購01  ,0,0,0,0,0,0,0,0,0,37000,0,0,0,115000,78000,37000,37000
064778,美律群益9C購01  ,0,0,0,0,0,0,0,0,0,37000,0,0,0,37000,0,37000,37000
065090,大立光元大9C購24,0,0,0,0,0,0,0,0,0,37000,0,0,0,42000,5000,37000,37000
065847,嘉晶元大9C購03  ,0,0,0,0,0,0,0,0,0,37000,0,0,0,117000,80000,37000,37000
065798,華通群益01購03  ,0,0,0,0,0,0,0,0,0,37000,0,0,0,127000,90000,37000,37000
1410,南染            ,37000,0,37000,0,0,0,0,0,0,0,0,0,0,0,0,0,37000
4164,承業醫          ,123000,100000,23000,0,0,0,0,0,0,14000,27000,13000,14000,0,0,0,37000
06822P,上銀富邦99售03  ,0,0,0,0,0,0,0,0,0,36000,0,0,0,56000,20000,36000,36000
07845P,南亞科元大9A售08,0,0,0,0,0,0,0,0,0,36000,0,0,0,46000,10000,36000,36000
07729P,臺股指凱基9A售21,0,0,0,0,0,0,0,0,0,36000,0,0,0,36000,0,36000,36000
07653P,華新科群益9A售05,0,0,0,0,0,0,0,0,0,36000,0,0,0,36000,0,36000,36000
07552P,技嘉元大9A售03  ,0,0,0,0,0,0,0,0,0,36000,0,0,0,36000,0,36000,36000
08669P,聯發科群益02售02,0,0,0,0,0,0,0,0,0,36000,0,0,0,82000,46000,36000,36000
058431,國巨統一9B購01  ,0,0,0,0,0,0,0,0,0,36000,0,0,0,96000,60000,36000,36000
061152,微星群益9A購01  ,0,0,0,0,0,0,0,0,0,36000,0,0,0,70000,34000,36000,36000
061132,志超永豐9A購01  ,0,0,0,0,0,0,0,0,0,36000,0,0,0,75000,39000,36000,36000
062264,南六元大9B購02  ,0,0,0,0,0,0,0,0,0,36000,0,0,0,67000,31000,36000,36000
059816,聯電凱基99購03  ,0,0,0,0,0,0,0,0,0,36000,0,0,0,74000,38000,36000,36000
061753,南亞科台新9B購01,0,0,0,0,0,0,0,0,0,36000,0,0,0,48000,12000,36000,36000
059060,大立光凱基9A購03,0,0,0,0,0,0,0,0,0,36000,0,0,0,36000,0,36000,36000
063230,緯穎群益9B購02  ,0,0,0,0,0,0,0,0,0,36000,0,0,0,71000,35000,36000,36000
062697,國巨元大9C購01  ,0,0,0,0,0,0,0,0,0,36000,0,0,0,66000,30000,36000,36000
062781,微星元大9C購01  ,0,0,0,0,0,0,0,0,0,36000,0,0,0,75000,39000,36000,36000
060868,致伸永豐9A購01  ,0,0,0,0,0,0,0,0,0,36000,0,0,0,36000,0,36000,36000
059986,宏達電元大99購08,0,0,0,0,0,0,0,0,0,36000,0,0,0,50000,14000,36000,36000
065127,世芯永豐9C購03  ,0,0,0,0,0,0,0,0,0,36000,0,0,0,37000,1000,36000,36000
065184,和大統一02購04  ,0,0,0,0,0,0,0,0,0,36000,0,0,0,36000,0,36000,36000
9955,佳龍            ,152000,116000,36000,0,0,0,0,0,0,0,0,0,0,0,0,0,36000
1455,集盛            ,156000,120000,36000,0,0,0,0,0,0,0,0,0,0,0,0,0,36000
1592,英瑞-KY         ,77000,41000,36000,0,0,0,0,0,0,0,0,0,0,0,0,0,36000
08461P,長榮航國票9C售01,0,0,0,0,0,0,0,0,0,35000,0,0,0,35000,0,35000,35000
06904P,TPK凱基98售03   ,0,0,0,0,0,0,0,0,0,35000,0,0,0,35000,0,35000,35000
06876P,台灣50兆豐9B售01,0,0,0,0,0,0,0,0,0,35000,0,0,0,254000,219000,35000,35000
07899P,和大凱基9B售01  ,0,0,0,0,0,0,0,0,0,35000,0,0,0,60000,25000,35000,35000
08095P,大立光元富9B售03,0,0,0,0,0,0,0,0,0,35000,0,0,0,123000,88000,35000,35000
066933,可成國票02購01  ,0,0,0,0,0,0,0,0,0,35000,0,0,0,37000,2000,35000,35000
066861,致新國票02購01  ,0,0,0,0,0,0,0,0,0,35000,0,0,0,35000,0,35000,35000
066613,燿華麥證01購01  ,0,0,0,35000,0,35000,0,0,0,35000,0,0,0,35000,0,35000,35000
066460,智原統一03購01  ,0,0,0,0,0,0,0,0,0,35000,0,0,0,35000,0,35000,35000
066481,華碩元富01購01  ,0,0,0,0,0,0,0,0,0,35000,0,0,0,141000,106000,35000,35000
066338,德律永豐01購01  ,0,0,0,0,0,0,0,0,0,35000,0,0,0,35000,0,35000,35000
066309,永光永豐01購01  ,0,0,0,0,0,0,0,0,0,35000,0,0,0,35000,0,35000,35000
066154,聯強康和01購01  ,0,0,0,0,0,0,0,0,0,35000,0,0,0,46000,11000,35000,35000
057696,聯電群益9A購01  ,0,0,0,0,0,0,0,0,0,35000,0,0,0,35000,0,35000,35000
057576,南亞科第一9C購01,0,0,0,0,0,0,0,0,0,35000,0,0,0,40000,5000,35000,35000
056609,楠梓電永豐98購02,0,0,0,0,0,0,0,0,0,35000,0,0,0,42000,7000,35000,35000
047571,滬深2X群益99購01,0,0,0,0,0,0,0,0,0,35000,0,0,0,35000,0,35000,35000
058379,臺股指凱基99購14,0,0,0,0,0,0,0,0,0,35000,0,0,0,38000,3000,35000,35000
061093,華新科統一9B購03,0,0,0,0,0,0,0,0,0,35000,0,0,0,35000,0,35000,35000
060961,台光電凱基9A購03,0,0,0,0,0,0,0,0,0,35000,0,0,0,35000,0,35000,35000
062797,瑞昱統一9B購01  ,0,0,0,0,0,0,0,0,0,35000,0,0,0,35000,0,35000,35000
062936,鴻海凱基9B購07  ,0,0,0,0,0,0,0,0,0,35000,0,0,0,303000,268000,35000,35000
063231,台泥元大9B購01  ,0,0,0,0,0,0,0,0,0,35000,0,0,0,388000,353000,35000,35000
059029,旺宏兆豐99購01  ,0,0,0,0,0,0,0,0,0,35000,0,0,0,35000,0,35000,35000
065024,華擎永豐9C購01  ,0,0,0,0,0,0,0,0,0,35000,0,0,0,67000,32000,35000,35000
064781,嘉晶群益9C購04  ,0,0,0,0,0,0,0,0,0,35000,0,0,0,37000,2000,35000,35000
065420,中租國票01購01  ,0,0,0,0,0,0,0,0,0,35000,0,0,0,35000,0,35000,35000
063563,國巨元大9C購07  ,0,0,0,0,0,0,0,0,0,35000,0,0,0,45000,10000,35000,35000
1442,名軒            ,46000,11000,35000,0,0,0,0,0,0,0,0,0,0,0,0,0,35000
9937,全國            ,38000,3000,35000,0,0,0,0,0,0,0,0,0,0,0,0,0,35000
4438,廣越            ,48000,13000,35000,0,0,0,0,0,0,0,0,0,0,0,0,0,35000
3605,宏致            ,242000,207000,35000,0,0,0,0,0,0,0,0,0,0,0,0,0,35000
066664,嘉晶凱基02購01  ,0,0,0,0,0,0,0,0,0,34000,0,0,0,65000,31000,34000,34000
06952P,大立光統一9A售03,0,0,0,0,0,0,0,0,0,34000,0,0,0,34000,0,34000,34000
08291P,智邦台新9C售02  ,0,0,0,0,0,0,0,0,0,34000,0,0,0,44000,10000,34000,34000
053597,牧德元大99購01  ,0,0,0,0,0,0,0,0,0,34000,0,0,0,319000,285000,34000,34000
053860,台積電元大98購03,0,0,0,0,0,0,0,0,0,34000,0,0,0,78000,44000,34000,34000
056212,台光電國票98購03,0,0,0,0,0,0,0,0,0,34000,0,0,0,34000,0,34000,34000
063063,泰鼎元富9B購01  ,0,0,0,0,0,0,0,0,0,34000,0,0,0,34000,0,34000,34000
062923,緯穎元大9B購06  ,0,0,0,0,0,0,0,0,0,34000,0,0,0,34000,0,34000,34000
063618,智邦兆豐9C購01  ,0,0,0,0,0,0,0,0,0,34000,0,0,0,34000,0,34000,34000
063465,友達元大9C購10  ,0,0,0,0,0,0,0,0,0,34000,0,0,0,93000,59000,34000,34000
063387,台積電兆豐9B購03,0,0,0,0,0,0,0,0,0,34000,0,0,0,34000,0,34000,34000
064160,新日興統一01購03,0,0,0,0,0,0,0,0,0,34000,0,0,0,54000,20000,34000,34000
064667,大立光元大02購01,0,0,0,0,0,0,0,0,0,34000,0,0,0,75000,41000,34000,34000
064591,臻鼎永豐9C購01  ,0,0,0,0,0,0,0,0,0,34000,0,0,0,45000,11000,34000,34000
065513,旺宏群益9C購05  ,0,0,0,0,0,0,0,0,0,34000,0,0,0,34000,0,34000,34000
065546,景碩兆豐01購01  ,0,0,0,0,0,0,0,0,0,34000,0,0,0,59000,25000,34000,34000
065701,聯發科群益9C購13,0,0,0,0,0,0,0,0,0,34000,0,0,0,55000,21000,34000,34000
065866,鴻海群益9C購07  ,0,0,0,0,0,0,0,0,0,34000,0,0,0,130000,96000,34000,34000
064953,嘉晶凱基9C購02  ,0,0,0,0,0,0,0,0,0,34000,0,0,0,90000,56000,34000,34000
065219,緯穎國泰01購01  ,0,0,0,0,0,0,0,0,0,34000,0,0,0,82000,48000,34000,34000
8341,日友            ,84000,50000,34000,0,0,0,0,0,0,0,0,0,0,0,0,0,34000
1466,聚隆            ,106000,72000,34000,0,0,0,0,0,0,0,0,0,0,0,0,0,34000
08803P,鴻海元富07售08  ,0,0,0,0,0,0,0,0,0,33000,0,0,0,33000,0,33000,33000
06937P,GIS元大98售03   ,0,0,0,0,0,0,0,0,0,33000,0,0,0,38000,5000,33000,33000
07795P,美律國票9A售03  ,0,0,0,0,0,0,0,0,0,33000,0,0,0,33000,0,33000,33000
065955,健鼎統一01購03  ,0,0,0,0,0,0,0,0,0,33000,0,0,0,133000,100000,33000,33000
061286,大立光統一9A購05,0,0,0,0,0,0,0,0,0,33000,0,0,0,34000,1000,33000,33000
060320,元金2X群益02購01,0,0,0,0,0,0,0,0,0,33000,0,0,0,33000,0,33000,33000
057147,新日興國票99購01,0,0,0,0,0,0,0,0,0,33000,0,0,0,33000,0,33000,33000
058293,光寶科凱基9A購01,0,0,0,0,0,0,0,0,0,33000,0,0,0,57000,24000,33000,33000
058783,臺股指國票99購02,0,0,0,0,0,0,0,0,0,33000,0,0,0,33000,0,33000,33000
062941,大立光凱基9B購07,0,0,0,0,0,0,0,0,0,33000,0,0,0,33000,0,33000,33000
063038,富邦金凱基9B購02,0,0,0,0,0,0,0,0,0,33000,0,0,0,63000,30000,33000,33000
063257,牧德國泰01購01  ,0,0,0,0,0,0,0,0,0,33000,0,0,0,33000,0,33000,33000
06082P,華通統一98售01  ,0,0,0,0,0,0,0,0,0,33000,0,0,0,54000,21000,33000,33000
062489,可成永豐9B購02  ,0,0,0,0,0,0,0,0,0,33000,0,0,0,40000,7000,33000,33000
061945,華通群益9B購04  ,0,0,0,0,0,0,0,0,0,33000,0,0,0,33000,0,33000,33000
062272,鴻海群益9B購05  ,0,0,0,0,0,0,0,0,0,33000,0,0,0,112000,79000,33000,33000
061141,臻鼎統一9A購01  ,0,0,0,0,0,0,0,0,0,33000,0,0,0,33000,0,33000,33000
059454,亞光永豐99購01  ,0,0,0,0,0,0,0,0,0,33000,0,0,0,58000,25000,33000,33000
065185,和大統一02購05  ,0,0,0,0,0,0,0,0,0,33000,0,0,0,33000,0,33000,33000
065678,聯發科統一01購07,0,0,0,0,0,0,0,0,0,33000,0,0,0,151000,118000,33000,33000
065664,矽格永豐9C購01  ,0,0,0,0,0,0,0,0,0,33000,0,0,0,79000,46000,33000,33000
065431,大立光凱基02購02,0,0,0,0,0,0,0,0,0,33000,0,0,0,121000,88000,33000,33000
064569,群創群益9C購01  ,0,0,0,0,0,0,0,0,0,33000,0,0,0,108000,75000,33000,33000
063638,華新科元大9B購14,0,0,0,0,0,0,0,0,0,33000,0,0,0,33000,0,33000,33000
063981,貿聯兆豐9C購01  ,0,0,0,0,0,0,0,0,0,33000,0,0,0,38000,5000,33000,33000
066955,新日興元大01購01,0,0,0,0,0,0,0,0,0,32000,0,0,0,77000,45000,32000,32000
06879P,長榮航凱基98售02,0,0,0,0,0,0,0,0,0,32000,0,0,0,32000,0,32000,32000
08497P,華新科國票01售02,0,0,0,0,0,0,0,0,0,32000,0,0,0,93000,61000,32000,32000
057257,台泥兆豐99購01  ,0,0,0,0,0,0,0,0,0,32000,0,0,0,57000,25000,32000,32000
057425,臺股指凱基9C購02,0,0,0,0,0,0,0,0,0,32000,0,0,0,32000,0,32000,32000
061302,晶技永豐9A購04  ,0,0,0,0,0,0,0,0,0,32000,0,0,0,110000,78000,32000,32000
057568,友訊永豐99購01  ,0,0,0,0,0,0,0,0,0,32000,0,0,0,46000,14000,32000,32000
054926,神達凱基98購01  ,0,0,0,0,0,0,0,0,0,32000,0,0,0,34000,2000,32000,32000
051939,同欣電群益97購01,0,0,0,0,0,0,0,0,0,32000,0,0,0,32000,0,32000,32000
060387,盛群凱基9A購01  ,0,0,0,0,0,0,0,0,0,32000,0,0,0,85000,53000,32000,32000
061378,南六永豐9A購03  ,0,0,0,0,0,0,0,0,0,32000,0,0,0,67000,35000,32000,32000
060824,旺宏元大9A購06  ,0,0,0,0,0,0,0,0,0,32000,0,0,0,100000,68000,32000,32000
060889,國泰金統一9C購01,0,0,0,0,0,0,0,0,0,32000,0,0,0,69000,37000,32000,32000
063295,京元電麥證9B購01,0,0,0,150000,118000,32000,0,0,0,32000,0,0,0,150000,118000,32000,32000
064670,智伸科元大9C購01,0,0,0,0,0,0,0,0,0,32000,0,0,0,32000,0,32000,32000
065246,旭富兆豐01購01  ,0,0,0,0,0,0,0,0,0,32000,0,0,0,85000,53000,32000,32000
065010,國巨國泰01購04  ,0,0,0,0,0,0,0,0,0,32000,0,0,0,62000,30000,32000,32000
1773,勝一            ,109000,76000,33000,0,0,0,0,1200,-1200,0,0,0,0,0,0,0,31800
08483P,金像電群益9C售02,0,0,0,0,0,0,0,0,0,31000,0,0,0,42000,11000,31000,31000
08213P,台光電統一9B售03,0,0,0,0,0,0,0,0,0,31000,0,0,0,61000,30000,31000,31000
08749P,鴻海台新01售02  ,0,0,0,0,0,0,0,0,0,31000,0,0,0,31000,0,31000,31000
08677P,超眾群益01售02  ,0,0,0,0,0,0,0,0,0,31000,0,0,0,70000,39000,31000,31000
07218P,臺股指凱基99售31,0,0,0,0,0,0,0,0,0,31000,0,0,0,31000,0,31000,31000
07687P,上銀元大9A售06  ,0,0,0,0,0,0,0,0,0,31000,0,0,0,36000,5000,31000,31000
066098,華碩中信02購01  ,0,0,0,0,0,0,0,0,0,31000,0,0,0,48000,17000,31000,31000
066308,中化永豐01購01  ,0,0,0,0,0,0,0,0,0,31000,0,0,0,31000,0,31000,31000
056410,康控國票99購01  ,0,0,0,0,0,0,0,0,0,31000,0,0,0,38000,7000,31000,31000
057331,台積電國票99購04,0,0,0,0,0,0,0,0,0,31000,0,0,0,84000,53000,31000,31000
063102,旺宏群益9B購03  ,0,0,0,0,0,0,0,0,0,31000,0,0,0,31000,0,31000,31000
062969,旺宏元富9B購01  ,0,0,0,0,0,0,0,0,0,31000,0,0,0,123000,92000,31000,31000
063008,華通元大9B購06  ,0,0,0,0,0,0,0,0,0,31000,0,0,0,77000,46000,31000,31000
062782,聯發科元大9B購12,0,0,0,0,0,0,0,0,0,31000,0,0,0,43000,12000,31000,31000
061699,燿華國票9A購01  ,0,0,0,0,0,0,0,0,0,31000,0,0,0,31000,0,31000,31000
065304,台勝科元富03購01,0,0,0,0,0,0,0,0,0,31000,0,0,0,158000,127000,31000,31000
064884,台表科第一9C購01,0,0,0,0,0,0,0,0,0,31000,0,0,0,31000,0,31000,31000
065454,神隆元富9C購01  ,0,0,0,0,0,0,0,0,0,31000,0,0,0,31000,0,31000,31000
065780,國巨富邦03購02  ,0,0,0,0,0,0,0,0,0,31000,0,0,0,31000,0,31000,31000
064589,聯鈞永豐9C購01  ,0,0,0,0,0,0,0,0,0,31000,0,0,0,72000,41000,31000,31000
064560,技嘉群益01購01  ,0,0,0,0,0,0,0,0,0,31000,0,0,0,336000,305000,31000,31000
064516,華通群益02購01  ,0,0,0,0,0,0,0,0,0,31000,0,0,0,129000,98000,31000,31000
064079,英業達中信9C購01,0,0,0,0,0,0,0,0,0,31000,0,0,0,514000,483000,31000,31000
063943,台光電元大9C購02,0,0,0,0,0,0,0,0,0,31000,0,0,0,128000,97000,31000,31000
063648,台表科元大9C購05,0,0,0,0,0,0,0,0,0,31000,0,0,0,141000,110000,31000,31000
063658,瑞祺元富9B購01  ,0,0,0,0,0,0,0,0,0,31000,0,0,0,160000,129000,31000,31000
1737,臺鹽            ,43000,12000,31000,0,0,0,0,0,0,0,0,0,0,0,0,0,31000
1783,和康生          ,152000,121000,31000,0,0,0,0,0,0,0,0,0,0,0,0,0,31000
9930,中聯資源        ,40000,9000,31000,0,0,0,0,0,0,0,0,0,0,0,0,0,31000
3543,州巧            ,39000,8000,31000,0,0,0,0,0,0,0,0,0,0,0,0,0,31000
6605,帝寶            ,54000,23000,31000,0,0,0,0,0,0,0,0,0,0,0,0,0,31000
06627P,華新科元富99售01,0,0,0,0,0,0,0,0,0,30000,0,0,0,30000,0,30000,30000
06653P,美食元大98售02  ,0,0,0,0,0,0,0,0,0,30000,0,0,0,30000,0,30000,30000
065969,台積電元大01購06,0,0,0,0,0,0,0,0,0,30000,0,0,0,30000,0,30000,30000
066159,寶成康和01購01  ,0,0,0,0,0,0,0,0,0,30000,0,0,0,81000,51000,30000,30000
066977,鴻海群益02購01  ,0,0,0,0,0,0,0,0,0,30000,0,0,0,35000,5000,30000,30000
066618,南六康和01購01  ,0,0,0,0,0,0,0,0,0,30000,0,0,0,30000,0,30000,30000
06658P,台灣50富邦9C售01,0,0,0,0,0,0,0,0,0,30000,0,0,0,68000,38000,30000,30000
066833,正文群益01購01  ,0,0,0,0,0,0,0,0,0,30000,0,0,0,30000,0,30000,30000
07650P,台灣50中信9A售01,0,0,0,0,0,0,0,0,0,30000,0,0,0,30000,0,30000,30000
07780P,美律凱基9A售02  ,0,0,0,0,0,0,0,0,0,30000,0,0,0,30000,0,30000,30000
08066P,南亞科凱基9B售04,0,0,0,0,0,0,0,0,0,30000,0,0,0,40000,10000,30000,30000
08046P,臺股指國票9B售11,0,0,0,0,0,0,0,0,0,30000,0,0,0,30000,0,30000,30000
08010P,大成鋼元大9B售01,0,0,0,0,0,0,0,0,0,30000,0,0,0,30000,0,30000,30000
07358P,鴻海元大99售39  ,0,0,0,0,0,0,0,0,0,30000,0,0,0,80000,50000,30000,30000
07400P,國巨凱基99售20  ,0,0,0,0,0,0,0,0,0,30000,0,0,0,30000,0,30000,30000
07146P,瑞昱元大99售02  ,0,0,0,0,0,0,0,0,0,30000,0,0,0,30000,0,30000,30000
08689P,高股息中信01售01,0,0,0,0,0,0,0,0,0,30000,0,0,0,30000,0,30000,30000
08810P,滬深2X群益03售05,0,0,0,0,0,0,0,0,0,30000,0,0,0,30000,0,30000,30000
08323P,華新科凱基9C售04,0,0,0,0,0,0,0,0,0,30000,0,0,0,30000,0,30000,30000
057815,信邦元大98購01  ,0,0,0,0,0,0,0,0,0,30000,0,0,0,30000,0,30000,30000
057796,鴻海兆豐99購03  ,0,0,0,0,0,0,0,0,0,30000,0,0,0,50000,20000,30000,30000
057242,台郡凱基98購05  ,0,0,0,0,0,0,0,0,0,30000,0,0,0,50000,20000,30000,30000
056919,英業達兆豐98購01,0,0,0,0,0,0,0,0,0,30000,0,0,0,30000,0,30000,30000
057011,日月光中信99購01,0,0,0,0,0,0,0,0,0,30000,0,0,0,70000,40000,30000,30000
058693,旭富國票9A購01  ,0,0,0,0,0,0,0,0,0,30000,0,0,0,30000,0,30000,30000
058737,鴻海第一01購01  ,0,0,0,0,0,0,0,0,0,30000,0,0,0,35000,5000,30000,30000
056808,台積電統一98購06,0,0,0,0,0,0,0,0,0,30000,0,0,0,30000,0,30000,30000
056791,嘉聯益群益98購01,0,0,0,0,0,0,0,0,0,30000,0,0,0,30000,0,30000,30000
058112,神達元富98購01  ,0,0,0,0,0,0,0,0,0,30000,0,0,0,30000,0,30000,30000
058050,台郡元大99購05  ,0,0,0,0,0,0,0,0,0,30000,0,0,0,30000,0,30000,30000
052521,友達元大9B購01  ,0,0,0,0,0,0,0,0,0,30000,0,0,0,30000,0,30000,30000
047969,台達電富邦97購01,0,0,0,0,0,0,0,0,0,30000,0,0,0,30000,0,30000,30000
056461,樺漢凱基98購02  ,0,0,0,0,0,0,0,0,0,30000,0,0,0,30000,0,30000,30000
054735,漢唐凱基98購01  ,0,0,0,0,0,0,0,0,0,30000,0,0,0,30000,0,30000,30000
054514,道瓊銀元大98購01,0,0,0,0,0,0,0,0,0,30000,0,0,0,30000,0,30000,30000
054072,台積電富邦98購02,0,0,0,0,0,0,0,0,0,30000,0,0,0,174000,144000,30000,30000
054204,元金2X國票9B購02,0,0,0,0,0,0,0,0,0,30000,0,0,0,30000,0,30000,30000
03810P,大立光富邦98售01,0,0,0,0,0,0,0,0,0,30000,0,0,0,30000,0,30000,30000
035276,南亞科台新97購01,0,0,0,0,0,0,0,0,0,30000,0,0,0,30000,0,30000,30000
054852,奇鋐國票98購01  ,0,0,0,0,0,0,0,0,0,30000,0,0,0,30000,0,30000,30000
055259,玉晶光統一9A購01,0,0,0,0,0,0,0,0,0,30000,0,0,0,30000,0,30000,30000
056607,貿聯富邦99購02  ,0,0,0,0,0,0,0,0,0,30000,0,0,0,30000,0,30000,30000
055290,玉晶光元大98購08,0,0,0,0,0,0,0,0,0,30000,0,0,0,30000,0,30000,30000
057671,群創元大9B購06  ,0,0,0,0,0,0,0,0,0,30000,0,0,0,209000,179000,30000,30000
061669,崇越中信9A購01  ,0,0,0,0,0,0,0,0,0,30000,0,0,0,50000,20000,30000,30000
062298,國巨第一9B購01  ,0,0,0,0,0,0,0,0,0,30000,0,0,0,30000,0,30000,30000
062411,玉晶光第一9B購01,0,0,0,0,0,0,0,0,0,30000,0,0,0,30000,0,30000,30000
061435,元金2X凱基9C購03,0,0,0,0,0,0,0,0,0,30000,0,0,0,30000,0,30000,30000
061511,緯穎富邦9B購02  ,0,0,0,0,0,0,0,0,0,30000,0,0,0,43000,13000,30000,30000
061506,瑞祺國票9A購02  ,0,0,0,0,0,0,0,0,0,30000,0,0,0,30000,0,30000,30000
059515,牧德永豐99購01  ,0,0,0,0,0,0,0,0,0,30000,0,0,0,30000,0,30000,30000
062156,美律凱基9B購01  ,0,0,0,0,0,0,0,0,0,30000,0,0,0,30000,0,30000,30000
062107,台光電國票9B購01,0,0,0,0,0,0,0,0,0,30000,0,0,0,65000,35000,30000,30000
062943,世芯凱基9B購03  ,0,0,0,0,0,0,0,0,0,30000,0,0,0,30000,0,30000,30000
062895,道瓊銀元大9C購01,0,0,0,0,0,0,0,0,0,30000,0,0,0,30000,0,30000,30000
062907,可成元大9C購03  ,0,0,0,0,0,0,0,0,0,30000,0,0,0,30000,0,30000,30000
063075,祥碩永豐9B購04  ,0,0,0,0,0,0,0,0,0,30000,0,0,0,30000,0,30000,30000
063308,緯穎凱基9B購05  ,0,0,0,0,0,0,0,0,0,30000,0,0,0,30000,0,30000,30000
060964,日月光凱基9A購01,0,0,0,0,0,0,0,0,0,30000,0,0,0,60000,30000,30000,30000
060966,台表科凱基9B購01,0,0,0,0,0,0,0,0,0,30000,0,0,0,40000,10000,30000,30000
060861,漢唐永豐9A購01  ,0,0,0,0,0,0,0,0,0,30000,0,0,0,30000,0,30000,30000
060776,世芯凱基9B購01  ,0,0,0,0,0,0,0,0,0,30000,0,0,0,30000,0,30000,30000
062545,嘉晶永豐9B購01  ,0,0,0,0,0,0,0,0,0,30000,0,0,0,80000,50000,30000,30000
062441,華新科元大9C購01,0,0,0,0,0,0,0,0,0,30000,0,0,0,50000,20000,30000,30000
060504,技嘉元大9A購02  ,0,0,0,0,0,0,0,0,0,30000,0,0,0,30000,0,30000,30000
060596,元黃金凱基9A購02,0,0,0,0,0,0,0,0,0,30000,0,0,0,30000,0,30000,30000
060605,大立光凱基9C購01,0,0,0,0,0,0,0,0,0,30000,0,0,0,30000,0,30000,30000
063534,鴻海統一9B購07  ,0,0,0,0,0,0,0,0,0,30000,0,0,0,35000,5000,30000,30000
063591,麗豐永豐9B購02  ,0,0,0,0,0,0,0,0,0,30000,0,0,0,50000,20000,30000,30000
063358,華擎國泰01購01  ,0,0,0,0,0,0,0,0,0,30000,0,0,0,32000,2000,30000,30000
063484,達方元大9B購01  ,0,0,0,0,0,0,0,0,0,30000,0,0,0,259000,229000,30000,30000
063477,訊芯元大9B購01  ,0,0,0,0,0,0,0,0,0,30000,0,0,0,30000,0,30000,30000
064432,台積電凱基9C購04,0,0,0,0,0,0,0,0,0,30000,0,0,0,52000,22000,30000,30000
065687,華通元富9C購03  ,0,0,0,0,0,0,0,0,0,30000,0,0,0,30000,0,30000,30000
065703,大毅群益9C購01  ,0,0,0,0,0,0,0,0,0,30000,0,0,0,40000,10000,30000,30000
06570P,大立光永豐98售01,0,0,0,0,0,0,0,0,0,30000,0,0,0,30000,0,30000,30000
065607,聯詠元大9C購02  ,0,0,0,0,0,0,0,0,0,30000,0,0,0,41000,11000,30000,30000
065579,南茂群益9C購02  ,0,0,0,0,0,0,0,0,0,30000,0,0,0,30000,0,30000,30000
064850,智原元富9C購01  ,0,0,0,0,0,0,0,0,0,30000,0,0,0,30000,0,30000,30000
065023,大毅永豐9C購01  ,0,0,0,0,0,0,0,0,0,30000,0,0,0,30000,0,30000,30000
2468,華經            ,108000,81000,27000,0,0,0,0,0,0,3000,3000,0,3000,0,0,0,30000
066195,臺股指凱基03購04,0,0,0,0,0,0,0,0,0,29000,0,0,0,59000,30000,29000,29000
00682U,元大美元指數    ,0,0,0,0,0,0,0,0,0,29000,0,0,0,29000,0,29000,29000
0052,富邦科技        ,5000,4000,1000,0,0,0,0,0,0,28000,0,0,0,147000,119000,28000,29000
058624,台積電國票99購09,0,0,0,0,0,0,0,0,0,29000,0,0,0,95000,66000,29000,29000
056859,台積電群益98購02,0,0,0,0,0,0,0,0,0,29000,0,0,0,69000,40000,29000,29000
056875,亞光凱基98購03  ,0,0,0,0,0,0,0,0,0,29000,0,0,0,29000,0,29000,29000
058790,楠梓電元大99購03,0,0,0,0,0,0,0,0,0,29000,0,0,0,29000,0,29000,29000
058797,大毅元大99購03  ,0,0,0,0,0,0,0,0,0,29000,0,0,0,33000,4000,29000,29000
057805,華通元大98購06  ,0,0,0,0,0,0,0,0,0,29000,0,0,0,29000,0,29000,29000
062706,大立光元大9B購06,0,0,0,0,0,0,0,0,0,29000,0,0,0,29000,0,29000,29000
062186,晶技元大9B購05  ,0,0,0,0,0,0,0,0,0,29000,0,0,0,73000,44000,29000,29000
060416,神隆永豐9A購01  ,0,0,0,0,0,0,0,0,0,29000,0,0,0,119000,90000,29000,29000
059765,嘉聯益永豐99購02,0,0,0,0,0,0,0,0,0,29000,0,0,0,49000,20000,29000,29000
059170,康控凱基9B購01  ,0,0,0,0,0,0,0,0,0,29000,0,0,0,31000,2000,29000,29000
059055,旺宏凱基9B購02  ,0,0,0,0,0,0,0,0,0,29000,0,0,0,29000,0,29000,29000
065094,新日興元大9C購04,0,0,0,0,0,0,0,0,0,29000,0,0,0,49000,20000,29000,29000
065242,巨大凱基01購02  ,0,0,0,0,0,0,0,0,0,29000,0,0,0,104000,75000,29000,29000
064681,牧德兆豐01購01  ,0,0,0,0,0,0,0,0,0,29000,0,0,0,70000,41000,29000,29000
063366,台表科富邦9C購02,0,0,0,0,0,0,0,0,0,29000,0,0,0,85000,56000,29000,29000
063612,金像電群益9B購04,0,0,0,0,0,0,0,0,0,29000,0,0,0,214000,185000,29000,29000
2702,華園            ,172000,143000,29000,0,0,0,0,0,0,0,0,0,0,0,0,0,29000
066389,南港凱基01購01  ,0,0,0,0,0,0,0,0,0,28000,0,0,0,28000,0,28000,28000
066758,智邦永豐01購01  ,0,0,0,0,0,0,0,0,0,28000,0,0,0,30000,2000,28000,28000
06880P,鈺齊凱基98售03  ,0,0,0,0,0,0,0,0,0,28000,0,0,0,40000,12000,28000,28000
07963P,智邦統一9B售01  ,0,0,0,0,0,0,0,0,0,28000,0,0,0,28000,0,28000,28000
07936P,臺股指國票9B售08,0,0,0,0,0,0,0,0,0,28000,0,0,0,28000,0,28000,28000
08058P,華新科元大9B售10,0,0,0,0,0,0,0,0,0,28000,0,0,0,38000,10000,28000,28000
061210,玉山金元大9A購02,0,0,0,0,0,0,0,0,0,28000,0,0,0,78000,50000,28000,28000
058773,和碩兆豐99購01  ,0,0,0,0,0,0,0,0,0,28000,0,0,0,38000,10000,28000,28000
057773,技嘉群益9A購02  ,0,0,0,0,0,0,0,0,0,28000,0,0,0,104000,76000,28000,28000
0054,元大台商50      ,0,0,0,0,0,0,0,0,0,28000,0,0,0,28000,0,28000,28000
061415,健策群益9A購04  ,0,0,0,0,0,0,0,0,0,28000,0,0,0,37000,9000,28000,28000
062625,華通國票9B購02  ,0,0,0,0,0,0,0,0,0,28000,0,0,0,48000,20000,28000,28000
062914,嘉澤元大9B購02  ,0,0,0,0,0,0,0,0,0,28000,0,0,0,113000,85000,28000,28000
063016,微星元大9C購02  ,0,0,0,0,0,0,0,0,0,28000,0,0,0,28000,0,28000,28000
060511,群創元大9B購08  ,0,0,0,0,0,0,0,0,0,28000,0,0,0,28000,0,28000,28000
059968,世紀鋼凱基99購03,0,0,0,0,0,0,0,0,0,28000,0,0,0,40000,12000,28000,28000
062458,全新群益9B購03  ,0,0,0,0,0,0,0,0,0,28000,0,0,0,419000,391000,28000,28000
060844,大立光國票9A購07,0,0,0,0,0,0,0,0,0,28000,0,0,0,35000,7000,28000,28000
063361,台表科國泰01購02,0,0,0,0,0,0,0,0,0,28000,0,0,0,28000,0,28000,28000
063738,奇鋐元大9B購03  ,0,0,0,0,0,0,0,0,0,28000,0,0,0,307000,279000,28000,28000
065632,正崴國票01購01  ,0,0,0,0,0,0,0,0,0,28000,0,0,0,43000,15000,28000,28000
065726,京元電凱基9C購02,0,0,0,0,0,0,0,0,0,28000,0,0,0,72000,44000,28000,28000
07693P,群創元大9B售10  ,0,0,0,0,0,0,0,0,0,27000,0,0,0,40000,13000,27000,27000
06921P,台光電凱基98售06,0,0,0,0,0,0,0,0,0,27000,0,0,0,27000,0,27000,27000
07251P,台灣50元富01售04,0,0,0,0,0,0,0,0,0,27000,0,0,0,70000,43000,27000,27000
066572,台郡元大01購02  ,0,0,0,0,0,0,0,0,0,27000,0,0,0,333000,306000,27000,27000
066938,敦泰國票02購01  ,0,0,0,0,0,0,0,0,0,27000,0,0,0,40000,13000,27000,27000
066425,創意元大01購03  ,0,0,0,0,0,0,0,0,0,27000,0,0,0,54000,27000,27000,27000
066182,康控凱基01購01  ,0,0,0,0,0,0,0,0,0,27000,0,0,0,41000,14000,27000,27000
056268,新日興統一97購01,0,0,0,0,0,0,0,0,0,27000,0,0,0,27000,0,27000,27000
055021,亞德客國泰98購01,0,0,0,0,0,0,0,0,0,27000,0,0,0,27000,0,27000,27000
062698,台積電元大01購01,0,0,0,0,0,0,0,0,0,27000,0,0,0,54000,27000,27000,27000
062721,美律凱基9B購02  ,0,0,0,0,0,0,0,0,0,27000,0,0,0,27000,0,27000,27000
063128,智伸科元大9B購01,0,0,0,0,0,0,0,0,0,27000,0,0,0,48000,21000,27000,27000
060386,台勝科凱基9B購01,0,0,0,0,0,0,0,0,0,27000,0,0,0,50000,23000,27000,27000
061950,日月光群益9B購01,0,0,0,0,0,0,0,0,0,27000,0,0,0,37000,10000,27000,27000
062306,華通凱基9B購01  ,0,0,0,0,0,0,0,0,0,27000,0,0,0,27000,0,27000,27000
059944,欣興永豐99購03  ,0,0,0,0,0,0,0,0,0,27000,0,0,0,30000,3000,27000,27000
059939,技嘉永豐99購01  ,0,0,0,0,0,0,0,0,0,27000,0,0,0,41000,14000,27000,27000
065624,聯詠中信9C購01  ,0,0,0,0,0,0,0,0,0,27000,0,0,0,42000,15000,27000,27000
065417,嘉晶國票01購02  ,0,0,0,0,0,0,0,0,0,27000,0,0,0,29000,2000,27000,27000
063819,致新群益9C購01  ,0,0,0,0,0,0,0,0,0,27000,0,0,0,30000,3000,27000,27000
064526,臺股指群益9C購11,0,0,0,0,0,0,0,0,0,27000,0,0,0,63000,36000,27000,27000
2495,普安            ,77000,51000,26000,0,0,0,0,0,0,1000,1000,0,1000,0,0,0,27000
2485,兆赫            ,410000,332000,78000,0,0,0,0,0,0,-51000,4000,45000,-41000,0,10000,-10000,27000
2428,興勤            ,88000,56000,32000,0,0,0,0,1000,-1000,-4000,1000,0,1000,0,5000,-5000,27000
1313,聯成            ,296000,269000,27000,0,0,0,0,0,0,0,0,0,0,0,0,0,27000
1220,台榮            ,44000,17000,27000,0,0,0,0,0,0,0,0,0,0,0,0,0,27000
8039,台虹            ,836000,681000,155000,0,0,0,0,0,0,-128000,99000,159000,-60000,10000,78000,-68000,27000
6525,捷敏-KY         ,46000,24000,22000,0,0,0,0,0,0,5000,5000,0,5000,0,0,0,27000
5007,三星            ,47000,20000,27000,0,0,0,0,0,0,0,0,0,0,0,0,0,27000
9905,大華            ,30000,3000,27000,0,0,0,0,0,0,0,0,0,0,0,0,0,27000
066554,嘉晶元大01購05  ,0,0,0,0,0,0,0,0,0,26000,0,0,0,95000,69000,26000,26000
07082P,美律元大99售06  ,0,0,0,0,0,0,0,0,0,26000,0,0,0,26000,0,26000,26000
07889P,旭富國票9B售01  ,10000,0,10000,0,0,0,0,0,0,16000,0,0,0,419000,403000,16000,26000
057699,可成群益9A購02  ,0,0,0,0,0,0,0,0,0,26000,0,0,0,76000,50000,26000,26000
051911,大立光元大98購02,0,0,0,0,0,0,0,0,0,26000,0,0,0,26000,0,26000,26000
053058,台光電永昌99購01,0,0,0,0,0,0,0,0,0,26000,0,0,0,26000,0,26000,26000
058006,台郡群益98購04  ,0,0,0,0,0,0,0,0,0,26000,0,0,0,26000,0,26000,26000
061303,玉晶光永豐9B購03,0,0,0,0,0,0,0,0,0,26000,0,0,0,26000,0,26000,26000
060294,嘉澤元大9A購01  ,0,0,0,0,0,0,0,0,0,26000,0,0,0,27000,1000,26000,26000
061948,美食群益9B購01  ,0,0,0,0,0,0,0,0,0,26000,0,0,0,69000,43000,26000,26000
061454,國巨凱基9A購16  ,0,0,0,0,0,0,0,0,0,26000,0,0,0,28000,2000,26000,26000
064084,群創中信06購02  ,0,0,0,0,0,0,0,0,0,26000,0,0,0,36000,10000,26000,26000
063921,大立光元富9C購03,0,0,0,0,0,0,0,0,0,26000,0,0,0,33000,7000,26000,26000
065418,緯創國票01購01  ,0,0,0,0,0,0,0,0,0,26000,0,0,0,27000,1000,26000,26000
065612,聯茂元大9C購07  ,0,0,0,0,0,0,0,0,0,26000,0,0,0,142000,116000,26000,26000
065742,宏達電麥證9C購01,0,0,0,35000,9000,26000,0,0,0,26000,0,0,0,35000,9000,26000,26000
064794,牧德國票01購01  ,0,0,0,0,0,0,0,0,0,26000,0,0,0,26000,0,26000,26000
2007,燁興            ,33000,7000,26000,0,0,0,0,0,0,0,0,0,0,0,0,0,26000
1720,生達            ,314000,294000,20000,0,0,0,0,0,0,6000,0,1000,-1000,9000,2000,7000,26000
2109,華豐            ,61000,35000,26000,0,0,0,0,0,0,0,0,0,0,0,0,0,26000
07990P,緯穎凱基9B售02  ,0,0,0,0,0,0,0,0,0,25000,0,0,0,201000,176000,25000,25000
08096P,大立光元富9B售04,0,0,0,0,0,0,0,0,0,25000,0,0,0,28000,3000,25000,25000
06911P,鴻海元大99售09  ,0,0,0,0,0,0,0,0,0,25000,0,0,0,25000,0,25000,25000
08466P,旺宏統一9C售03  ,0,0,0,0,0,0,0,0,0,25000,0,0,0,25000,0,25000,25000
08432P,台勝科凱基9C售02,0,0,0,0,0,0,0,0,0,25000,0,0,0,25000,0,25000,25000
08769P,上証2X凱基01售02,0,0,0,0,0,0,0,0,0,25000,0,0,0,33000,8000,25000,25000
066355,惠特永豐01購01  ,0,0,0,0,0,0,0,0,0,25000,0,0,0,25000,0,25000,25000
065965,國巨元大01購05  ,0,0,0,0,0,0,0,0,0,25000,0,0,0,25000,0,25000,25000
066760,大立光永豐01購01,0,0,0,0,0,0,0,0,0,25000,0,0,0,27000,2000,25000,25000
059224,大立光元大99購15,0,0,0,0,0,0,0,0,0,25000,0,0,0,35000,10000,25000,25000
057819,新日興元大99購01,0,0,0,0,0,0,0,0,0,25000,0,0,0,25000,0,25000,25000
057074,立積永豐98購01  ,0,0,0,0,0,0,0,0,0,25000,0,0,0,25000,0,25000,25000
057198,智伸科統一9B購01,0,0,0,0,0,0,0,0,0,25000,0,0,0,25000,0,25000,25000
057927,勤誠凱基98購01  ,0,0,0,0,0,0,0,0,0,25000,0,0,0,25000,0,25000,25000
058151,台積電統一9A購04,0,0,0,0,0,0,0,0,0,25000,0,0,0,25000,0,25000,25000
058250,台虹元大99購01  ,0,0,0,0,0,0,0,0,0,25000,0,0,0,25000,0,25000,25000
058246,帆宣元大99購01  ,0,0,0,0,0,0,0,0,0,25000,0,0,0,35000,10000,25000,25000
058207,南茂凱基99購01  ,0,0,0,0,0,0,0,0,0,25000,0,0,0,25000,0,25000,25000
053297,鎧勝中信98購01  ,0,0,0,0,0,0,0,0,0,25000,0,0,0,36000,11000,25000,25000
0055,元大MSCI金融    ,2000,2000,0,0,0,0,0,0,0,25000,0,0,0,25000,0,25000,25000
046159,群創群益98購04  ,0,0,0,0,0,0,0,0,0,25000,0,0,0,25000,0,25000,25000
056357,台積電元大9A購01,0,0,0,0,0,0,0,0,0,25000,0,0,0,25000,0,25000,25000
055902,同欣電中信99購01,0,0,0,0,0,0,0,0,0,25000,0,0,0,1808000,1783000,25000,25000
061431,鈺齊元大9A購01  ,0,0,0,0,0,0,0,0,0,25000,0,0,0,25000,0,25000,25000
061568,國巨元大9A購25  ,0,0,0,0,0,0,0,0,0,25000,0,0,0,25000,0,25000,25000
061596,健策永豐9A購03  ,0,0,0,0,0,0,0,0,0,25000,0,0,0,74000,49000,25000,25000
060402,神隆國泰9B購01  ,0,0,0,0,0,0,0,0,0,25000,0,0,0,115000,90000,25000,25000
062247,國巨元大9B購07  ,0,0,0,0,0,0,0,0,0,25000,0,0,0,25000,0,25000,25000
062164,禾伸堂國泰01購01,0,0,0,0,0,0,0,0,0,25000,0,0,0,25000,0,25000,25000
062049,亞德客統一01購01,0,0,0,0,0,0,0,0,0,25000,0,0,0,347000,322000,25000,25000
059032,元石油群益9C購03,0,0,0,0,0,0,0,0,0,25000,0,0,0,25000,0,25000,25000
059062,群創凱基99購05  ,0,0,0,0,0,0,0,0,0,25000,0,0,0,35000,10000,25000,25000
059118,晶技永豐9A購01  ,0,0,0,0,0,0,0,0,0,25000,0,0,0,45000,20000,25000,25000
062423,聯發科統一9C購07,0,0,0,0,0,0,0,0,0,25000,0,0,0,27000,2000,25000,25000
059639,大立光凱基9A購06,0,0,0,0,0,0,0,0,0,25000,0,0,0,25000,0,25000,25000
063120,台光電元大9C購01,0,0,0,0,0,0,0,0,0,25000,0,0,0,25000,0,25000,25000
063344,臺企銀統一9C購01,0,0,0,0,0,0,0,0,0,25000,0,0,0,25000,0,25000,25000
062927,同欣電國票9B購02,0,0,0,0,0,0,0,0,0,25000,0,0,0,70000,45000,25000,25000
060978,國巨元大9A購13  ,0,0,0,0,0,0,0,0,0,25000,0,0,0,25000,0,25000,25000
060886,國巨統一01購03  ,0,0,0,0,0,0,0,0,0,25000,0,0,0,50000,25000,25000,25000
060932,南六永豐9A購02  ,0,0,0,0,0,0,0,0,0,25000,0,0,0,25000,0,25000,25000
062438,台光電元大9B購04,0,0,0,0,0,0,0,0,0,25000,0,0,0,171000,146000,25000,25000
060154,堤維西永豐9A購01,0,0,0,0,0,0,0,0,0,25000,0,0,0,25000,0,25000,25000
064861,緯創富邦9C購01  ,0,0,0,0,0,0,0,0,0,25000,0,0,0,175000,150000,25000,25000
065270,TPK元大01購01   ,0,0,0,0,0,0,0,0,0,25000,0,0,0,25000,0,25000,25000
06506P,台郡國票99售02  ,0,0,0,0,0,0,0,0,0,25000,0,0,0,25000,0,25000,25000
065063,玉晶光群益02購04,0,0,0,0,0,0,0,0,0,25000,0,0,0,30000,5000,25000,25000
065563,T50反1群益9C購04,0,0,0,0,0,0,0,0,0,25000,0,0,0,425000,400000,25000,25000
063970,大立光國票01購01,0,0,0,0,0,0,0,0,0,25000,0,0,0,25000,0,25000,25000
063850,玉晶光元大9C購07,0,0,0,0,0,0,0,0,0,25000,0,0,0,25000,0,25000,25000
063404,金像電國票9B購01,0,0,0,0,0,0,0,0,0,25000,0,0,0,147000,122000,25000,25000
064051,新日興統一01購01,0,0,0,0,0,0,0,0,0,25000,0,0,0,25000,0,25000,25000
064131,群創元大01購02  ,0,0,0,0,0,0,0,0,0,25000,0,0,0,50000,25000,25000,25000
064208,智邦凱基02購01  ,0,0,0,0,0,0,0,0,0,25000,0,0,0,53000,28000,25000,25000
06433P,大立光群益99售01,0,0,0,0,0,0,0,0,0,25000,0,0,0,25000,0,25000,25000
064665,南亞科元大9C購06,0,0,0,0,0,0,0,0,0,25000,0,0,0,25000,0,25000,25000
064635,臺股指元大9C購21,0,0,0,0,0,0,0,0,0,25000,0,0,0,25000,0,25000,25000
2029,盛餘            ,24000,10000,14000,0,0,0,0,0,0,11000,11000,0,11000,0,0,0,25000
2362,藍天            ,91000,78000,13000,0,0,0,0,0,0,12000,7000,0,7000,12000,7000,5000,25000
06743P,創意永豐98售03  ,0,0,0,0,0,0,0,0,0,24000,0,0,0,24000,0,24000,24000
066230,南帝富邦02購01  ,0,0,0,0,0,0,0,0,0,24000,0,0,0,84000,60000,24000,24000
08710P,鴻海元富07售03  ,0,0,0,0,0,0,0,0,0,24000,0,0,0,24000,0,24000,24000
08347P,大立光元大9C售16,0,0,0,0,0,0,0,0,0,24000,0,0,0,27000,3000,24000,24000
06889P,臺股指元大98售13,0,0,0,0,0,0,0,0,0,24000,0,0,0,24000,0,24000,24000
07503P,禾伸堂元大9A售01,0,0,0,0,0,0,0,0,0,24000,0,0,0,25000,1000,24000,24000
055424,聚陽群益98購01  ,0,0,0,0,0,0,0,0,0,24000,0,0,0,34000,10000,24000,24000
00709,富邦歐洲        ,0,0,0,0,0,0,0,0,0,24000,0,0,0,154000,130000,24000,24000
056465,臺股指凱基99購07,0,0,0,0,0,0,0,0,0,24000,0,0,0,40000,16000,24000,24000
059996,美律元富99購01  ,0,0,0,0,0,0,0,0,0,24000,0,0,0,24000,0,24000,24000
060601,技嘉凱基9A購02  ,0,0,0,0,0,0,0,0,0,24000,0,0,0,47000,23000,24000,24000
063286,嘉澤元大9B購04  ,0,0,0,0,0,0,0,0,0,24000,0,0,0,110000,86000,24000,24000
063244,華新科元大9B購11,0,0,0,0,0,0,0,0,0,24000,0,0,0,68000,44000,24000,24000
063226,康控群益9B購03  ,0,0,0,0,0,0,0,0,0,24000,0,0,0,57000,33000,24000,24000
062134,國巨群益9B購04  ,0,0,0,0,0,0,0,0,0,24000,0,0,0,24000,0,24000,24000
061643,嘉澤元大9A購05  ,0,0,0,0,0,0,0,0,0,24000,0,0,0,30000,6000,24000,24000
061627,台表科群益9A購01,0,0,0,0,0,0,0,0,0,24000,0,0,0,24000,0,24000,24000
064537,健鼎國票01購02  ,0,0,0,0,0,0,0,0,0,24000,0,0,0,44000,20000,24000,24000
064267,南六永豐9C購03  ,0,0,0,0,0,0,0,0,0,24000,0,0,0,34000,10000,24000,24000
064194,燿華群益9C購01  ,0,0,0,0,0,0,0,0,0,24000,0,0,0,201000,177000,24000,24000
064140,台達電統一01購01,0,0,0,0,0,0,0,0,0,24000,0,0,0,24000,0,24000,24000
063389,大立光兆豐9C購02,0,0,0,0,0,0,0,0,0,24000,0,0,0,29000,5000,24000,24000
065648,華擎元大01購02  ,0,0,0,0,0,0,0,0,0,24000,0,0,0,85000,61000,24000,24000
2816,旺旺保          ,43000,19000,24000,0,0,0,0,0,0,0,0,0,0,0,0,0,24000
1618,合機            ,36000,7000,29000,0,0,0,0,0,0,-5000,0,5000,-5000,0,0,0,24000
910322,康師傅-DR       ,24000,0,24000,0,0,0,0,0,0,0,0,0,0,0,0,0,24000
4148,全宇生技-KY     ,52000,28000,24000,0,0,0,0,0,0,0,0,0,0,0,0,0,24000
6281,全國電          ,37000,17000,20000,0,0,0,0,0,0,4000,4000,0,4000,0,0,0,24000
07014P,華通元大99售04  ,0,0,0,0,0,0,0,0,0,23000,0,0,0,38000,15000,23000,23000
07145P,為升元大99售03  ,0,0,0,0,0,0,0,0,0,23000,0,0,0,71000,48000,23000,23000
07898P,國巨國泰9C售02  ,0,0,0,0,0,0,0,0,0,23000,0,0,0,23000,0,23000,23000
07754P,日月光元大9A售02,0,0,0,0,0,0,0,0,0,23000,0,0,0,28000,5000,23000,23000
08325P,臺股指凱基9C售08,0,0,0,0,0,0,0,0,0,23000,0,0,0,213000,190000,23000,23000
065967,國巨元大01購07  ,0,0,0,0,0,0,0,0,0,23000,0,0,0,50000,27000,23000,23000
056471,台光電元大99購01,0,0,0,0,0,0,0,0,0,23000,0,0,0,29000,6000,23000,23000
053865,欣興元大97購02  ,0,0,0,0,0,0,0,0,0,23000,0,0,0,23000,0,23000,23000
057553,景碩凱基98購03  ,0,0,0,0,0,0,0,0,0,23000,0,0,0,41000,18000,23000,23000
058158,台積電台新99購01,0,0,0,0,0,0,0,0,0,23000,0,0,0,83000,60000,23000,23000
057953,聚陽元大98購01  ,0,0,0,0,0,0,0,0,0,23000,0,0,0,62000,39000,23000,23000
057771,鴻海群益99購01  ,0,0,0,0,0,0,0,0,0,23000,0,0,0,25000,2000,23000,23000
058777,台光電國票9A購01,0,0,0,0,0,0,0,0,0,23000,0,0,0,36000,13000,23000,23000
058731,貿聯永豐99購02  ,0,0,0,0,0,0,0,0,0,23000,0,0,0,24000,1000,23000,23000
057056,立積元大99購02  ,0,0,0,0,0,0,0,0,0,23000,0,0,0,23000,0,23000,23000
062246,力山元大9B購02  ,0,0,0,0,0,0,0,0,0,23000,0,0,0,23000,0,23000,23000
059074,元油2X元大9C購15,0,0,0,0,0,0,0,0,0,23000,0,0,0,110000,87000,23000,23000
061737,南亞科凱基9B購01,0,0,0,0,0,0,0,0,0,23000,0,0,0,23000,0,23000,23000
062770,臺股指凱基9B購14,0,0,0,0,0,0,0,0,0,23000,0,0,0,23000,0,23000,23000
060546,旺宏凱基9A購02  ,0,0,0,0,0,0,0,0,0,23000,0,0,0,73000,50000,23000,23000
060252,緯穎元大9A購02  ,0,0,0,0,0,0,0,0,0,23000,0,0,0,45000,22000,23000,23000
062547,玉晶光永豐9B購05,0,0,0,0,0,0,0,0,0,23000,0,0,0,43000,20000,23000,23000
064735,群創元富9C購02  ,0,0,0,0,0,0,0,0,0,23000,0,0,0,133000,110000,23000,23000
063880,可成元富9C購01  ,0,0,0,0,0,0,0,0,0,23000,0,0,0,53000,30000,23000,23000
064492,技嘉元大9C購01  ,0,0,0,0,0,0,0,0,0,23000,0,0,0,191000,168000,23000,23000
4155,訊映            ,51000,28000,23000,0,0,0,0,0,0,0,0,0,0,0,0,0,23000
4576,大銀微系統      ,44000,21000,23000,0,0,0,0,0,0,0,0,0,0,0,0,0,23000
2017,官田鋼          ,39000,16000,23000,0,0,0,0,0,0,0,0,0,0,0,0,0,23000
1414,東和            ,34000,11000,23000,0,0,0,0,0,0,0,0,0,0,0,0,0,23000
06783P,亞光元大98售03  ,0,0,0,0,0,0,0,0,0,22000,0,0,0,57000,35000,22000,22000
06831P,臺股指國票98售07,0,0,0,0,0,0,0,0,0,22000,0,0,0,22000,0,22000,22000
08380P,GIS元大9C售06   ,0,0,0,0,0,0,0,0,0,22000,0,0,0,37000,15000,22000,22000
08711P,鴻海元富07售04  ,0,0,0,0,0,0,0,0,0,22000,0,0,0,26000,4000,22000,22000
07333P,台灣50國票9B售03,0,0,0,0,0,0,0,0,0,22000,0,0,0,22000,0,22000,22000
059251,大立光凱基9A購04,0,0,0,0,0,0,0,0,0,22000,0,0,0,22000,0,22000,22000
058714,美律統一9B購01  ,0,0,0,0,0,0,0,0,0,22000,0,0,0,22000,0,22000,22000
058854,樺漢群益9B購01  ,0,0,0,0,0,0,0,0,0,22000,0,0,0,23000,1000,22000,22000
056124,華通國票98購02  ,0,0,0,0,0,0,0,0,0,22000,0,0,0,22000,0,22000,22000
054156,聯電亞東98購01  ,0,0,0,0,0,0,0,0,0,22000,0,0,0,22000,0,22000,22000
062533,嘉澤統一9C購01  ,0,0,0,0,0,0,0,0,0,22000,0,0,0,22000,0,22000,22000
060758,台積電元大9A購19,0,0,0,0,0,0,0,0,0,22000,0,0,0,22000,0,22000,22000
060594,國巨麥證9A購01  ,0,0,0,22000,0,22000,0,0,0,22000,0,0,0,22000,0,22000,22000
063024,祥碩元大9B購05  ,0,0,0,0,0,0,0,0,0,22000,0,0,0,22000,0,22000,22000
061873,友達元大9C購07  ,0,0,0,0,0,0,0,0,0,22000,0,0,0,38000,16000,22000,22000
061619,大立光群益9B購01,0,0,0,0,0,0,0,0,0,22000,0,0,0,67000,45000,22000,22000
059350,樺漢凱基9A購01  ,0,0,0,0,0,0,0,0,0,22000,0,0,0,37000,15000,22000,22000
063531,台表科凱基9B購04,0,0,0,0,0,0,0,0,0,22000,0,0,0,32000,10000,22000,22000
063600,燿華凱基9B購04  ,0,0,0,0,0,0,0,0,0,22000,0,0,0,33000,11000,22000,22000
065220,義隆富邦01購02  ,0,0,0,0,0,0,0,0,0,22000,0,0,0,295000,273000,22000,22000
065944,大成鋼統一02購01,0,0,0,0,0,0,0,0,0,22000,0,0,0,195000,173000,22000,22000
2706,第一店          ,27000,5000,22000,0,0,0,0,0,0,0,0,0,0,0,0,0,22000
3705,永信            ,239000,217000,22000,0,0,0,0,0,0,0,0,0,0,0,0,0,22000
07162P,臺股指群益99售13,0,0,0,0,0,0,0,0,0,21000,0,0,0,21000,0,21000,21000
08740P,創意康和01售03  ,0,0,0,0,0,0,0,0,0,21000,0,0,0,149000,128000,21000,21000
08156P,大立光元富9B售05,0,0,0,0,0,0,0,0,0,21000,0,0,0,54000,33000,21000,21000
066949,聯發科元大01購17,0,0,0,0,0,0,0,0,0,21000,0,0,0,21000,0,21000,21000
066766,嘉澤永豐01購01  ,0,0,0,0,0,0,0,0,0,21000,0,0,0,81000,60000,21000,21000
066087,大毅永豐01購02  ,0,0,0,0,0,0,0,0,0,21000,0,0,0,21000,0,21000,21000
055377,揚明光元大98購01,0,0,0,0,0,0,0,0,0,21000,0,0,0,71000,50000,21000,21000
054806,台化元大9A購01  ,0,0,0,0,0,0,0,0,0,21000,0,0,0,21000,0,21000,21000
057660,訊芯兆豐98購02  ,0,0,0,0,0,0,0,0,0,21000,0,0,0,21000,0,21000,21000
060296,和碩元大9A購01  ,0,0,0,0,0,0,0,0,0,21000,0,0,0,24000,3000,21000,21000
060342,台積電統一02購01,0,0,0,0,0,0,0,0,0,21000,0,0,0,21000,0,21000,21000
061268,玉晶光凱基9B購04,0,0,0,0,0,0,0,0,0,21000,0,0,0,21000,0,21000,21000
057838,台郡國泰99購01  ,0,0,0,0,0,0,0,0,0,21000,0,0,0,24000,3000,21000,21000
060385,台勝科凱基9A購01,0,0,0,0,0,0,0,0,0,21000,0,0,0,76000,55000,21000,21000
059006,樺漢元大99購01  ,0,0,0,0,0,0,0,0,0,21000,0,0,0,31000,10000,21000,21000
059838,茂林國泰9B購01  ,0,0,0,0,0,0,0,0,0,21000,0,0,0,109000,88000,21000,21000
063202,南亞科統一9C購02,0,0,0,0,0,0,0,0,0,21000,0,0,0,29000,8000,21000,21000
060676,京元電元大9A購03,0,0,0,0,0,0,0,0,0,21000,0,0,0,155000,134000,21000,21000
059995,南亞科元富99購01,0,0,0,0,0,0,0,0,0,21000,0,0,0,21000,0,21000,21000
060791,聯茂富邦9A購02  ,0,0,0,0,0,0,0,0,0,21000,0,0,0,73000,52000,21000,21000
062512,美食國票9B購01  ,0,0,0,0,0,0,0,0,0,21000,0,0,0,23000,2000,21000,21000
065872,漢翔群益9C購01  ,0,0,0,0,0,0,0,0,0,21000,0,0,0,62000,41000,21000,21000
065850,緯創元大9C購06  ,0,0,0,0,0,0,0,0,0,21000,0,0,0,43000,22000,21000,21000
065746,光寶科元大9C購01,0,0,0,0,0,0,0,0,0,21000,0,0,0,39000,18000,21000,21000
065665,鴻海凱基9C購04  ,0,0,0,0,0,0,0,0,0,21000,0,0,0,94000,73000,21000,21000
063524,瑞昱凱基9B購05  ,0,0,0,0,0,0,0,0,0,21000,0,0,0,21000,0,21000,21000
063910,漢唐凱基9C購01  ,0,0,0,0,0,0,0,0,0,21000,0,0,0,21000,0,21000,21000
063946,聯發科元大9C購04,0,0,0,0,0,0,0,0,0,21000,0,0,0,21000,0,21000,21000
063697,香港反群益9C購01,0,0,0,0,0,0,0,0,0,21000,0,0,0,120000,99000,21000,21000
064396,創意永豐9C購01  ,0,0,0,0,0,0,0,0,0,21000,0,0,0,61000,40000,21000,21000
064588,玉晶光永豐9C購05,0,0,0,0,0,0,0,0,0,21000,0,0,0,42000,21000,21000,21000
064052,創意統一01購02  ,0,0,0,0,0,0,0,0,0,21000,0,0,0,28000,7000,21000,21000
6165,捷泰            ,58000,37000,21000,0,0,0,0,0,0,0,0,0,0,0,0,0,21000
1446,宏和            ,28000,7000,21000,0,0,0,0,0,0,0,0,0,0,0,0,0,21000
1219,福壽            ,24000,3000,21000,0,0,0,0,0,0,0,0,0,0,0,0,0,21000
2545,皇翔            ,90142,70000,20142,0,0,0,0,0,0,0,0,0,0,0,0,0,20142
066076,台勝科凱基01購02,0,0,0,0,0,0,0,0,0,20000,0,0,0,20000,0,20000,20000
066065,東元凱基04購01  ,0,0,0,0,0,0,0,0,0,20000,0,0,0,98000,78000,20000,20000
066207,聯鈞統一01購02  ,0,0,0,0,0,0,0,0,0,20000,0,0,0,21000,1000,20000,20000
066379,台達電康和01購01,0,0,0,0,0,0,0,0,0,20000,0,0,0,20000,0,20000,20000
066406,南六凱基01購02  ,0,0,0,0,0,0,0,0,0,20000,0,0,0,20000,0,20000,20000
066553,大立光元大01購09,0,0,0,0,0,0,0,0,0,20000,0,0,0,28000,8000,20000,20000
066443,智原群益01購01  ,0,0,0,0,0,0,0,0,0,20000,0,0,0,20000,0,20000,20000
066832,健策群益01購08  ,0,0,0,0,0,0,0,0,0,20000,0,0,0,32000,12000,20000,20000
066575,緯穎元大01購03  ,0,0,0,0,0,0,0,0,0,20000,0,0,0,20000,0,20000,20000
066922,台表科麥證01購01,0,0,0,30000,10000,20000,0,0,0,20000,0,0,0,30000,10000,20000,20000
06865P,亞德客元大98售04,0,0,0,0,0,0,0,0,0,20000,0,0,0,20000,0,20000,20000
06824P,台灣50國票99售02,0,0,0,0,0,0,0,0,0,20000,0,0,0,50000,30000,20000,20000
08188P,群創群益9B售04  ,0,0,0,0,0,0,0,0,0,20000,0,0,0,20000,0,20000,20000
08383P,智邦群益9C售03  ,0,0,0,0,0,0,0,0,0,20000,0,0,0,20000,0,20000,20000
08489P,臺股指群益9C售20,0,0,0,0,0,0,0,0,0,20000,0,0,0,20000,0,20000,20000
08694P,大立光群益01售05,0,0,0,0,0,0,0,0,0,20000,0,0,0,23000,3000,20000,20000
08828P,上証2X群益01售05,0,0,0,0,0,0,0,0,0,20000,0,0,0,20000,0,20000,20000
08500P,臺股指國票9C售02,0,0,0,0,0,0,0,0,0,20000,0,0,0,20000,0,20000,20000
07143P,FBVIX元大99售02 ,0,0,0,0,0,0,0,0,0,20000,0,0,0,20000,0,20000,20000
07050P,宏達電中信9B售01,0,0,0,0,0,0,0,0,0,20000,0,0,0,70000,50000,20000,20000
07051P,大立光中信99售02,0,0,0,0,0,0,0,0,0,20000,0,0,0,20000,0,20000,20000
07034P,大立光元富99售03,0,0,0,0,0,0,0,0,0,20000,0,0,0,23000,3000,20000,20000
06948P,FBVIX元大01售02 ,0,0,0,0,0,0,0,0,0,20000,0,0,0,20000,0,20000,20000
06905P,上証2X國泰99售02,0,0,0,0,0,0,0,0,0,20000,0,0,0,20000,0,20000,20000
06898P,FBVIX群益9C售03 ,0,0,0,0,0,0,0,0,0,20000,0,0,0,20000,0,20000,20000
06919P,臺股指日盛98售02,0,0,0,0,0,0,0,0,0,20000,0,0,0,20000,0,20000,20000
07219P,臺股指凱基99售32,0,0,0,0,0,0,0,0,0,20000,0,0,0,20000,0,20000,20000
07230P,滬深2X群益01售02,0,0,0,0,0,0,0,0,0,20000,0,0,0,20000,0,20000,20000
07493P,台灣50元大9A售10,0,0,0,0,0,0,0,0,0,20000,0,0,0,20000,0,20000,20000
07521P,台積電中信01售05,0,0,0,0,0,0,0,0,0,20000,0,0,0,20000,0,20000,20000
07473P,祥碩元大9A售01  ,0,0,0,0,0,0,0,0,0,20000,0,0,0,20000,0,20000,20000
07600P,台灣50凱基04售06,0,0,0,0,0,0,0,0,0,20000,0,0,0,20000,0,20000,20000
07657P,技嘉凱基9A售03  ,0,0,0,0,0,0,0,0,0,20000,0,0,0,20000,0,20000,20000
07907P,台灣50台新9B售08,0,0,0,0,0,0,0,0,0,20000,0,0,0,20000,0,20000,20000
07961P,滬深2X中信01售02,0,0,0,0,0,0,0,0,0,20000,0,0,0,20000,0,20000,20000
07962P,聯詠中信05售03  ,0,0,0,0,0,0,0,0,0,20000,0,0,0,20000,0,20000,20000
08054P,臺股指國票9B售19,0,0,0,0,0,0,0,0,0,20000,0,0,0,82000,62000,20000,20000
057482,微星元大98購03  ,0,0,0,0,0,0,0,0,0,20000,0,0,0,20000,0,20000,20000
057363,華通元大99購02  ,0,0,0,0,0,0,0,0,0,20000,0,0,0,20000,0,20000,20000
057408,台郡群益98購01  ,0,0,0,0,0,0,0,0,0,20000,0,0,0,132000,112000,20000,20000
056991,牧德兆豐98購01  ,0,0,0,0,0,0,0,0,0,20000,0,0,0,231000,211000,20000,20000
057169,微星元大98購01  ,0,0,0,0,0,0,0,0,0,20000,0,0,0,20000,0,20000,20000
057188,佐登元大98購01  ,0,0,0,0,0,0,0,0,0,20000,0,0,0,20000,0,20000,20000
061336,國巨元大9A購20  ,0,0,0,0,0,0,0,0,0,20000,0,0,0,20000,0,20000,20000
061214,華擎元大9A購04  ,0,0,0,0,0,0,0,0,0,20000,0,0,0,20000,0,20000,20000
061242,玉晶光兆豐9B購02,0,0,0,0,0,0,0,0,0,20000,0,0,0,20000,0,20000,20000
060295,貿聯元大9A購03  ,0,0,0,0,0,0,0,0,0,20000,0,0,0,20000,0,20000,20000
061053,國巨群益9A購08  ,0,0,0,0,0,0,0,0,0,20000,0,0,0,20000,0,20000,20000
057886,聯詠群益98購01  ,0,0,0,0,0,0,0,0,0,20000,0,0,0,20000,0,20000,20000
057891,華新科統一9A購01,0,0,0,0,0,0,0,0,0,20000,0,0,0,20000,0,20000,20000
058908,貿聯元大99購03  ,0,0,0,0,0,0,0,0,0,20000,0,0,0,20000,0,20000,20000
058663,瑞儀兆豐9A購01  ,0,0,0,0,0,0,0,0,0,20000,0,0,0,20000,0,20000,20000
058658,瑞儀中信99購01  ,0,0,0,0,0,0,0,0,0,20000,0,0,0,20000,0,20000,20000
057767,緯穎凱基98購06  ,0,0,0,0,0,0,0,0,0,20000,0,0,0,20000,0,20000,20000
057734,訊芯國泰9A購01  ,0,0,0,0,0,0,0,0,0,20000,0,0,0,45000,25000,20000,20000
057975,台積電永豐98購05,0,0,0,0,0,0,0,0,0,20000,0,0,0,27000,7000,20000,20000
058282,聯茂中信99購01  ,0,0,0,0,0,0,0,0,0,20000,0,0,0,20000,0,20000,20000
057665,技嘉元大99購01  ,0,0,0,0,0,0,0,0,0,20000,0,0,0,33000,13000,20000,20000
057675,同欣電元大98購02,0,0,0,0,0,0,0,0,0,20000,0,0,0,20000,0,20000,20000
057641,旺宏元大98購10  ,0,0,0,0,0,0,0,0,0,20000,0,0,0,20000,0,20000,20000
057625,泰鼎國泰9A購01  ,0,0,0,0,0,0,0,0,0,20000,0,0,0,20000,0,20000,20000
058596,旺宏台新99購01  ,0,0,0,0,0,0,0,0,0,20000,0,0,0,20000,0,20000,20000
058597,瑞昱台新99購01  ,0,0,0,0,0,0,0,0,0,20000,0,0,0,20000,0,20000,20000
055555,全新凱基9A購01  ,0,0,0,0,0,0,0,0,0,20000,0,0,0,20000,0,20000,20000
055726,台表科元大98購03,0,0,0,0,0,0,0,0,0,20000,0,0,0,20000,0,20000,20000
055760,新日興群益98購02,0,0,0,0,0,0,0,0,0,20000,0,0,0,20000,0,20000,20000
053528,南電中信9A購01  ,0,0,0,0,0,0,0,0,0,20000,0,0,0,20000,0,20000,20000
046384,群創凱基98購02  ,0,0,0,0,0,0,0,0,0,20000,0,0,0,50000,30000,20000,20000
056544,貿聯凱基98購03  ,0,0,0,0,0,0,0,0,0,20000,0,0,0,20000,0,20000,20000
054744,晶相光凱基99購01,0,0,0,0,0,0,0,0,0,20000,0,0,0,20000,0,20000,20000
056579,麗豐元大99購01  ,0,0,0,0,0,0,0,0,0,20000,0,0,0,20000,0,20000,20000
052669,群創群益98購06  ,0,0,0,0,0,0,0,0,0,20000,0,0,0,20000,0,20000,20000
052697,滬深2X國票98購01,0,0,0,0,0,0,0,0,0,20000,0,0,0,20000,0,20000,20000
053174,同欣電群益98購02,0,0,0,0,0,0,0,0,0,20000,0,0,0,20000,0,20000,20000
05175P,TPK富邦99售01   ,0,0,0,0,0,0,0,0,0,20000,0,0,0,20000,0,20000,20000
062513,玉晶光國票9C購01,0,0,0,0,0,0,0,0,0,20000,0,0,0,23000,3000,20000,20000
062509,SP黃豆國票9B購03,0,0,0,0,0,0,0,0,0,20000,0,0,0,35000,15000,20000,20000
062486,瑞昱富邦9B購01  ,0,0,0,0,0,0,0,0,0,20000,0,0,0,20000,0,20000,20000
062437,廣達元大9B購01  ,0,0,0,0,0,0,0,0,0,20000,0,0,0,26000,6000,20000,20000
060843,大立光國票9A購06,0,0,0,0,0,0,0,0,0,20000,0,0,0,20000,0,20000,20000
060881,玉山金中信02購01,0,0,0,0,0,0,0,0,0,20000,0,0,0,20000,0,20000,20000
060027,元金2X永豐99購02,0,0,0,0,0,0,0,0,0,20000,0,0,0,20000,0,20000,20000
060253,昇陽半元大9C購01,0,0,0,0,0,0,0,0,0,20000,0,0,0,20000,0,20000,20000
060278,道瓊反元大9A購03,0,0,0,0,0,0,0,0,0,20000,0,0,0,20000,0,20000,20000
060280,元金2X元大9A購01,0,0,0,0,0,0,0,0,0,20000,0,0,0,20000,0,20000,20000
060583,南亞科元富9A購05,0,0,0,0,0,0,0,0,0,20000,0,0,0,20000,0,20000,20000
060608,玉晶光凱基9A購08,0,0,0,0,0,0,0,0,0,20000,0,0,0,20000,0,20000,20000
060287,燿華元大9A購01  ,0,0,0,0,0,0,0,0,0,20000,0,0,0,20000,0,20000,20000
063086,祥碩凱基9C購01  ,0,0,0,0,0,0,0,0,0,20000,0,0,0,61000,41000,20000,20000
063091,聯電中信9B購01  ,0,0,0,0,0,0,0,0,0,20000,0,0,0,294000,274000,20000,20000
063057,祥碩統一03購01  ,0,0,0,0,0,0,0,0,0,20000,0,0,0,873000,853000,20000,20000
063014,技嘉元大9B購03  ,0,0,0,0,0,0,0,0,0,20000,0,0,0,20000,0,20000,20000
062887,台積電群益9C購05,0,0,0,0,0,0,0,0,0,20000,0,0,0,20000,0,20000,20000
062808,祥碩統一9C購01  ,0,0,0,0,0,0,0,0,0,20000,0,0,0,30000,10000,20000,20000
062804,玉晶光統一9C購04,0,0,0,0,0,0,0,0,0,20000,0,0,0,20000,0,20000,20000
062658,聯茂第一9B購01  ,0,0,0,0,0,0,0,0,0,20000,0,0,0,60000,40000,20000,20000
06241P,大立光元富9A售01,0,0,0,0,0,0,0,0,0,20000,0,0,0,20000,0,20000,20000
059819,台積電凱基99購17,0,0,0,0,0,0,0,0,0,20000,0,0,0,20000,0,20000,20000
059648,台表科凱基99購03,0,0,0,0,0,0,0,0,0,20000,0,0,0,20000,0,20000,20000
058977,SGBR2X凱基03購01,0,0,0,0,0,0,0,0,0,20000,0,0,0,20000,0,20000,20000
059079,SGBR2X元大99購01,0,0,0,0,0,0,0,0,0,20000,0,0,0,20000,0,20000,20000
061603,瑞昱凱基9A購02  ,0,0,0,0,0,0,0,0,0,20000,0,0,0,20000,0,20000,20000
061144,玉晶光中信9B購02,0,0,0,0,0,0,0,0,0,20000,0,0,0,20000,0,20000,20000
062254,台光電元大9B購02,0,0,0,0,0,0,0,0,0,20000,0,0,0,43000,23000,20000,20000
062261,嘉晶元大9B購02  ,0,0,0,0,0,0,0,0,0,20000,0,0,0,24000,4000,20000,20000
062045,崇越凱基9B購01  ,0,0,0,0,0,0,0,0,0,20000,0,0,0,20000,0,20000,20000
064254,景碩台新9C購02  ,0,0,0,0,0,0,0,0,0,20000,0,0,0,20000,0,20000,20000
064329,國巨元大01購03  ,0,0,0,0,0,0,0,0,0,20000,0,0,0,20000,0,20000,20000
064294,和大中信9C購01  ,0,0,0,0,0,0,0,0,0,20000,0,0,0,80000,60000,20000,20000
064603,和碩元富9C購01  ,0,0,0,0,0,0,0,0,0,20000,0,0,0,70000,50000,20000,20000
064643,瑞昱凱基04購01  ,0,0,0,0,0,0,0,0,0,20000,0,0,0,30000,10000,20000,20000
064658,喬山元大9C購01  ,0,0,0,0,0,0,0,0,0,20000,0,0,0,20000,0,20000,20000
064447,喬山統一02購01  ,0,0,0,0,0,0,0,0,0,20000,0,0,0,20000,0,20000,20000
064488,台達電元大9C購01,0,0,0,0,0,0,0,0,0,20000,0,0,0,20000,0,20000,20000
064498,可成元大01購03  ,0,0,0,0,0,0,0,0,0,20000,0,0,0,24000,4000,20000,20000
064503,日電貿元大9C購01,0,0,0,0,0,0,0,0,0,20000,0,0,0,39000,19000,20000,20000
063922,大立光元富9C購04,0,0,0,0,0,0,0,0,0,20000,0,0,0,20000,0,20000,20000
064023,智邦元大9C購02  ,0,0,0,0,0,0,0,0,0,20000,0,0,0,28000,8000,20000,20000
063628,華通元大9B購09  ,0,0,0,0,0,0,0,0,0,20000,0,0,0,42000,22000,20000,20000
065752,正崴元大9C購01  ,0,0,0,0,0,0,0,0,0,20000,0,0,0,52000,32000,20000,20000
065462,聯發科中信03購02,0,0,0,0,0,0,0,0,0,20000,0,0,0,20000,0,20000,20000
065380,緯穎元大9C購02  ,0,0,0,0,0,0,0,0,0,20000,0,0,0,20000,0,20000,20000
065177,旭富元大9C購05  ,0,0,0,0,0,0,0,0,0,20000,0,0,0,70000,50000,20000,20000
065021,貿聯富邦03購01  ,0,0,0,0,0,0,0,0,0,20000,0,0,0,20000,0,20000,20000
065134,中石化凱基01購01,0,0,0,0,0,0,0,0,0,20000,0,0,0,20000,0,20000,20000
065161,矽格群益9C購01  ,0,0,0,0,0,0,0,0,0,20000,0,0,0,70000,50000,20000,20000
064737,中石化國票01購01,0,0,0,0,0,0,0,0,0,20000,0,0,0,20000,0,20000,20000
064900,景碩群益01購01  ,0,0,0,0,0,0,0,0,0,20000,0,0,0,40000,20000,20000,20000
3018,同開            ,235000,215000,20000,0,0,0,0,0,0,0,0,0,0,0,0,0,20000
1524,耿鼎            ,41000,21000,20000,0,0,0,0,0,0,0,0,0,0,0,0,0,20000
07539P,玉山金台新9A售01,0,0,0,0,0,0,0,0,0,19000,0,0,0,19000,0,19000,19000
08521P,台達電元大9C售03,0,0,0,0,0,0,0,0,0,19000,0,0,0,219000,200000,19000,19000
08656P,大立光群益9C售07,0,0,0,0,0,0,0,0,0,19000,0,0,0,19000,0,19000,19000
08450P,台積電統一9C售14,0,0,0,0,0,0,0,0,0,19000,0,0,0,61000,42000,19000,19000
08389P,技嘉國票9C售01  ,0,0,0,0,0,0,0,0,0,19000,0,0,0,42000,23000,19000,19000
08320P,智邦統一9C售02  ,0,0,0,0,0,0,0,0,0,19000,0,0,0,40000,21000,19000,19000
08252P,台積電國票9C售06,0,0,0,0,0,0,0,0,0,19000,0,0,0,19000,0,19000,19000
066712,台灣50元大01購20,0,0,0,0,0,0,0,0,0,19000,0,0,0,25000,6000,19000,19000
066534,華通台新01購02  ,0,0,0,0,0,0,0,0,0,19000,0,0,0,39000,20000,19000,19000
058428,大立光元富99購02,0,0,0,0,0,0,0,0,0,19000,0,0,0,67000,48000,19000,19000
058004,大立光群益98購03,0,0,0,0,0,0,0,0,0,19000,0,0,0,40000,21000,19000,19000
057730,聯鈞國泰9A購01  ,0,0,0,0,0,0,0,0,0,19000,0,0,0,81000,62000,19000,19000
057338,群創國票99購01  ,0,0,0,0,0,0,0,0,0,19000,0,0,0,99000,80000,19000,19000
062126,創意統一9B購01  ,0,0,0,0,0,0,0,0,0,19000,0,0,0,77000,58000,19000,19000
060426,盛群永豐9A購01  ,0,0,0,0,0,0,0,0,0,19000,0,0,0,19000,0,19000,19000
061439,寶成凱基9A購01  ,0,0,0,0,0,0,0,0,0,19000,0,0,0,32000,13000,19000,19000
061871,瑞昱元大9B購01  ,0,0,0,0,0,0,0,0,0,19000,0,0,0,19000,0,19000,19000
062296,南六永豐9B購02  ,0,0,0,0,0,0,0,0,0,19000,0,0,0,19000,0,19000,19000
062309,燿華凱基9B購01  ,0,0,0,0,0,0,0,0,0,19000,0,0,0,35000,16000,19000,19000
059825,嘉晶凱基99購02  ,0,0,0,0,0,0,0,0,0,19000,0,0,0,28000,9000,19000,19000
062661,華通群益9B購05  ,0,0,0,0,0,0,0,0,0,19000,0,0,0,104000,85000,19000,19000
062740,致伸國票9B購01  ,0,0,0,0,0,0,0,0,0,19000,0,0,0,19000,0,19000,19000
060666,聯茂凱基9A購02  ,0,0,0,0,0,0,0,0,0,19000,0,0,0,20000,1000,19000,19000
060039,大立光國票99購04,0,0,0,0,0,0,0,0,0,19000,0,0,0,49000,30000,19000,19000
062444,大立光元大9C購01,0,0,0,0,0,0,0,0,0,19000,0,0,0,69000,50000,19000,19000
065107,道瓊反國票9C購03,0,0,0,0,0,0,0,0,0,19000,0,0,0,51000,32000,19000,19000
065045,信邦凱基9C購01  ,0,0,0,0,0,0,0,0,0,19000,0,0,0,48000,29000,19000,19000
065321,瑞昱凱基9C購01  ,0,0,0,0,0,0,0,0,0,19000,0,0,0,61000,42000,19000,19000
065750,智邦元大9C購09  ,0,0,0,0,0,0,0,0,0,19000,0,0,0,85000,66000,19000,19000
06581P,南亞科凱基98售04,0,0,0,0,0,0,0,0,0,19000,0,0,0,20000,1000,19000,19000
065932,世紀鋼國票02購01,0,0,0,0,0,0,0,0,0,19000,0,0,0,84000,65000,19000,19000
064504,玉晶光元大01購02,0,0,0,0,0,0,0,0,0,19000,0,0,0,20000,1000,19000,19000
06461P,玉晶光國泰9A售01,0,0,0,0,0,0,0,0,0,19000,0,0,0,19000,0,19000,19000
064288,瀚宇博元大9C購02,0,0,0,0,0,0,0,0,0,19000,0,0,0,19000,0,19000,19000
064132,神達元大9C購02  ,0,0,0,0,0,0,0,0,0,19000,0,0,0,57000,38000,19000,19000
9943,好樂迪          ,53000,34000,19000,0,0,0,0,0,0,0,0,0,0,0,0,0,19000
066211,瑞祺統一04購01  ,0,0,0,0,0,0,0,0,0,18000,0,0,0,120000,102000,18000,18000
066222,生達國泰02購01  ,0,0,0,0,0,0,0,0,0,18000,0,0,0,20000,2000,18000,18000
066605,盟立永豐01購02  ,0,0,0,0,0,0,0,0,0,18000,0,0,0,18000,0,18000,18000
06715P,台積電元大99售04,0,0,0,0,0,0,0,0,0,18000,0,0,0,18000,0,18000,18000
08495P,同欣電元大9C售08,0,0,0,0,0,0,0,0,0,18000,0,0,0,43000,25000,18000,18000
08527P,大立光元大01售06,0,0,0,0,0,0,0,0,0,18000,0,0,0,18000,0,18000,18000
07103P,南電元大99售04  ,0,0,0,0,0,0,0,0,0,18000,0,0,0,20000,2000,18000,18000
08063P,立積國票9B售03  ,0,0,0,0,0,0,0,0,0,18000,0,0,0,18000,0,18000,18000
07940P,國巨群益9B售06  ,0,0,0,0,0,0,0,0,0,18000,0,0,0,25000,7000,18000,18000
057423,台郡凱基98購06  ,0,0,0,0,0,0,0,0,0,18000,0,0,0,67000,49000,18000,18000
057450,國泰金元富98購01,0,0,0,0,0,0,0,0,0,18000,0,0,0,18000,0,18000,18000
057856,聯鈞國票99購03  ,0,0,0,0,0,0,0,0,0,18000,0,0,0,38000,20000,18000,18000
058613,茂林元大99購03  ,0,0,0,0,0,0,0,0,0,18000,0,0,0,110000,92000,18000,18000
058614,台郡元大9A購01  ,0,0,0,0,0,0,0,0,0,18000,0,0,0,53000,35000,18000,18000
058349,滬深2X日盛9A購01,0,0,0,0,0,0,0,0,0,18000,0,0,0,28000,10000,18000,18000
060244,大立光元大9B購02,0,0,0,0,0,0,0,0,0,18000,0,0,0,28000,10000,18000,18000
063140,聯發科統一9B購08,0,0,0,0,0,0,0,0,0,18000,0,0,0,50000,32000,18000,18000
061570,瑞昱元大9A購05  ,0,0,0,0,0,0,0,0,0,18000,0,0,0,18000,0,18000,18000
061613,南六統一9C購01  ,0,0,0,0,0,0,0,0,0,18000,0,0,0,18000,0,18000,18000
059503,大立光富邦9B購04,0,0,0,0,0,0,0,0,0,18000,0,0,0,158000,140000,18000,18000
062071,華通元大9B購02  ,0,0,0,0,0,0,0,0,0,18000,0,0,0,24000,6000,18000,18000
064108,創意兆豐9C購01  ,0,0,0,0,0,0,0,0,0,18000,0,0,0,48000,30000,18000,18000
064660,華通元大9C購05  ,0,0,0,0,0,0,0,0,0,18000,0,0,0,18000,0,18000,18000
063575,矽格元大9B購02  ,0,0,0,0,0,0,0,0,0,18000,0,0,0,40000,22000,18000,18000
063586,燿華永豐9B購02  ,0,0,0,0,0,0,0,0,0,18000,0,0,0,18000,0,18000,18000
063459,華通元大9B購08  ,0,0,0,0,0,0,0,0,0,18000,0,0,0,25000,7000,18000,18000
065222,玉晶光永豐9C購07,0,0,0,0,0,0,0,0,0,18000,0,0,0,24000,6000,18000,18000
065160,聯茂群益9C購02  ,0,0,0,0,0,0,0,0,0,18000,0,0,0,171000,153000,18000,18000
065135,和大凱基01購01  ,0,0,0,0,0,0,0,0,0,18000,0,0,0,53000,35000,18000,18000
064878,大立光兆豐9C購03,0,0,0,0,0,0,0,0,0,18000,0,0,0,18000,0,18000,18000
064744,創意國票01購02  ,0,0,0,0,0,0,0,0,0,18000,0,0,0,64000,46000,18000,18000
6177,達麗            ,174000,162000,12000,0,0,0,0,0,0,6000,0,0,0,6000,0,6000,18000
07950P,智邦元大9B售04  ,0,0,0,0,0,0,0,0,0,17000,0,0,0,145000,128000,17000,17000
07894P,燿華元大9B售01  ,0,0,0,0,0,0,0,0,0,17000,0,0,0,17000,0,17000,17000
07694P,超眾元大9A售05  ,0,0,0,0,0,0,0,0,0,17000,0,0,0,19000,2000,17000,17000
07874P,長榮航群益9B售01,0,0,0,0,0,0,0,0,0,17000,0,0,0,17000,0,17000,17000
07054P,華新科兆豐99售04,0,0,0,0,0,0,0,0,0,17000,0,0,0,17000,0,17000,17000
08471P,日月光凱基9C售02,0,0,0,0,0,0,0,0,0,17000,0,0,0,60000,43000,17000,17000
08190P,宏達電元富9B售04,0,0,0,0,0,0,0,0,0,17000,0,0,0,49000,32000,17000,17000
06751P,旺宏凱基98售10  ,0,0,0,0,0,0,0,0,0,17000,0,0,0,17000,0,17000,17000
066247,中化元大01購02  ,0,0,0,0,0,0,0,0,0,17000,0,0,0,50000,33000,17000,17000
065974,智原元大01購01  ,0,0,0,0,0,0,0,0,0,17000,0,0,0,25000,8000,17000,17000
058204,世芯凱基9A購01  ,0,0,0,0,0,0,0,0,0,17000,0,0,0,17000,0,17000,17000
057380,技嘉國泰9A購01  ,0,0,0,0,0,0,0,0,0,17000,0,0,0,17000,0,17000,17000
058488,華擎國票9A購01  ,0,0,0,0,0,0,0,0,0,17000,0,0,0,22000,5000,17000,17000
056516,晶豪科兆豐98購01,0,0,0,0,0,0,0,0,0,17000,0,0,0,27000,10000,17000,17000
03450B,臺股指元大9C熊23,0,0,0,0,0,0,0,0,0,17000,0,0,0,33000,16000,17000,17000
062081,華新科元大9B購06,0,0,0,0,0,0,0,0,0,17000,0,0,0,17000,0,17000,17000
062172,南六永豐9B購01  ,0,0,0,0,0,0,0,0,0,17000,0,0,0,17000,0,17000,17000
062173,世紀鋼永豐9B購01,0,0,0,0,0,0,0,0,0,17000,0,0,0,17000,0,17000,17000
061427,旭富元大9A購02  ,0,0,0,0,0,0,0,0,0,17000,0,0,0,121000,104000,17000,17000
059851,晶相光永豐99購02,0,0,0,0,0,0,0,0,0,17000,0,0,0,52000,35000,17000,17000
062313,聯詠凱基9C購01  ,0,0,0,0,0,0,0,0,0,17000,0,0,0,22000,5000,17000,17000
063215,台表科國票9C購02,0,0,0,0,0,0,0,0,0,17000,0,0,0,62000,45000,17000,17000
060602,京元電凱基9A購01,0,0,0,0,0,0,0,0,0,17000,0,0,0,17000,0,17000,17000
065211,世芯國票01購03  ,0,0,0,0,0,0,0,0,0,17000,0,0,0,20000,3000,17000,17000
065293,玉晶光群益01購07,0,0,0,0,0,0,0,0,0,17000,0,0,0,54000,37000,17000,17000
065822,緯創台新9C購01  ,0,0,0,0,0,0,0,0,0,17000,0,0,0,27000,10000,17000,17000
063376,神達永豐9B購01  ,0,0,0,0,0,0,0,0,0,17000,0,0,0,17000,0,17000,17000
064025,友達元大02購01  ,0,0,0,0,0,0,0,0,0,17000,0,0,0,53000,36000,17000,17000
063845,旺宏元大9C購03  ,0,0,0,0,0,0,0,0,0,17000,0,0,0,70000,53000,17000,17000
06438P,玉晶光國票99售02,0,0,0,0,0,0,0,0,0,17000,0,0,0,17000,0,17000,17000
064064,義隆富邦03購01  ,0,0,0,0,0,0,0,0,0,17000,0,0,0,21000,4000,17000,17000
064224,玉晶光國票01購04,0,0,0,0,0,0,0,0,0,17000,0,0,0,18000,1000,17000,17000
6184,大豐電          ,23000,6000,17000,0,0,0,0,0,0,0,0,0,0,0,0,0,17000
3501,維熹            ,23000,11000,12000,0,0,0,0,0,0,5000,5000,0,5000,0,0,0,17000
4144,康聯-KY         ,30000,13000,17000,0,0,0,0,0,0,0,0,0,0,0,0,0,17000
1110,東泥            ,21000,4000,17000,0,0,0,0,0,0,0,0,0,0,0,0,0,17000
3055,蔚華科          ,35000,21000,14000,0,0,0,0,0,0,3000,3000,0,3000,0,0,0,17000
2642,宅配通          ,54000,37000,17000,0,0,0,0,0,0,0,0,0,0,0,0,0,17000
066445,牧德群益01購01  ,0,0,0,0,0,0,0,0,0,16000,0,0,0,16000,0,16000,16000
066914,樺漢凱基02購01  ,0,0,0,0,0,0,0,0,0,16000,0,0,0,67000,51000,16000,16000
067047,大立光凱基01購07,0,0,0,0,0,0,0,0,0,16000,0,0,0,26000,10000,16000,16000
066607,台郡永豐01購01  ,0,0,0,0,0,0,0,0,0,16000,0,0,0,247000,231000,16000,16000
08399P,技嘉元富9C售02  ,0,0,0,0,0,0,0,0,0,16000,0,0,0,107000,91000,16000,16000
08569P,玉晶光永豐9C售09,0,0,0,0,0,0,0,0,0,16000,0,0,0,21000,5000,16000,16000
07013P,玉晶光群益9A售06,0,0,0,0,0,0,0,0,0,16000,0,0,0,150000,134000,16000,16000
00731,FH富時高息低波  ,5000,5000,0,0,0,0,0,0,0,16000,0,0,0,711000,695000,16000,16000
054961,玉晶光元大99購01,0,0,0,0,0,0,0,0,0,16000,0,0,0,16000,0,16000,16000
055230,大毅國票98購01  ,0,0,0,0,0,0,0,0,0,16000,0,0,0,16000,0,16000,16000
061047,大立光第一9A購01,0,0,0,0,0,0,0,0,0,16000,0,0,0,31000,15000,16000,16000
061228,聯茂中信9A購01  ,0,0,0,0,0,0,0,0,0,16000,0,0,0,60000,44000,16000,16000
061326,新日興凱基9B購01,0,0,0,0,0,0,0,0,0,16000,0,0,0,56000,40000,16000,16000
061350,牧德元大9B購03  ,0,0,0,0,0,0,0,0,0,16000,0,0,0,16000,0,16000,16000
058147,鈺齊元大99購01  ,0,0,0,0,0,0,0,0,0,16000,0,0,0,24000,8000,16000,16000
058389,聯茂國票9A購01  ,0,0,0,0,0,0,0,0,0,16000,0,0,0,16000,0,16000,16000
057745,泰鼎永豐99購01  ,0,0,0,0,0,0,0,0,0,16000,0,0,0,48000,32000,16000,16000
060130,瀚宇博永豐99購02,0,0,0,0,0,0,0,0,0,16000,0,0,0,96000,80000,16000,16000
060022,勤誠康和99購01  ,0,0,0,0,0,0,0,0,0,16000,0,0,0,26000,10000,16000,16000
063232,裕隆元大9B購01  ,0,0,0,0,0,0,0,0,0,16000,0,0,0,339000,323000,16000,16000
062623,元金2X國票01購01,0,0,0,0,0,0,0,0,0,16000,0,0,0,16000,0,16000,16000
062948,台積電富邦01購02,0,0,0,0,0,0,0,0,0,16000,0,0,0,51000,35000,16000,16000
062364,瑞昱元大9B購04  ,0,0,0,0,0,0,0,0,0,16000,0,0,0,16000,0,16000,16000
064417,創意中信9C購01  ,0,0,0,0,0,0,0,0,0,16000,0,0,0,28000,12000,16000,16000
064543,華通凱基02購02  ,0,0,0,0,0,0,0,0,0,16000,0,0,0,28000,12000,16000,16000
063818,矽創群益9C購01  ,0,0,0,0,0,0,0,0,0,16000,0,0,0,84000,68000,16000,16000
063735,華新科元大9B購15,0,0,0,0,0,0,0,0,0,16000,0,0,0,82000,66000,16000,16000
063873,南六永豐9C購01  ,0,0,0,0,0,0,0,0,0,16000,0,0,0,17000,1000,16000,16000
065813,華擎統一03購01  ,0,0,0,0,0,0,0,0,0,16000,0,0,0,263000,247000,16000,16000
065268,嘉澤元大9C購02  ,0,0,0,0,0,0,0,0,0,16000,0,0,0,23000,7000,16000,16000
065178,和碩元大9C購01  ,0,0,0,0,0,0,0,0,0,16000,0,0,0,68000,52000,16000,16000
2881B,富邦金乙特      ,0,0,0,0,0,0,0,0,0,16000,16000,0,16000,0,0,0,16000
2227,裕日車          ,35000,18000,17000,0,0,0,0,1000,-1000,0,0,0,0,0,0,0,16000
6024,群益期          ,71000,55000,16000,0,0,0,0,0,0,0,0,0,0,0,0,0,16000
6477,安集            ,716000,731000,-15000,0,0,0,0,1000,-1000,32000,20000,0,20000,12000,0,12000,16000
9927,泰銘            ,39000,23000,16000,0,0,0,0,0,0,0,0,0,0,0,0,0,16000
06969P,上銀元大99售02  ,0,0,0,0,0,0,0,0,0,15000,0,0,0,15000,0,15000,15000
07046P,大立光富邦9C售03,0,0,0,0,0,0,0,0,0,15000,0,0,0,16000,1000,15000,15000
07078P,鴻海群益99售02  ,0,0,0,0,0,0,0,0,0,15000,0,0,0,15000,0,15000,15000
07173P,臺股指國票99售10,0,0,0,0,0,0,0,0,0,15000,0,0,0,15000,0,15000,15000
07406P,大立光凱基99售18,0,0,0,0,0,0,0,0,0,15000,0,0,0,15000,0,15000,15000
07772P,華新科國票9A售05,0,0,0,0,0,0,0,0,0,15000,0,0,0,15000,0,15000,15000
07977P,華新科群益01售01,0,0,0,0,0,0,0,0,0,15000,0,0,0,15000,0,15000,15000
08459P,聯發科兆豐9C售04,0,0,0,0,0,0,0,0,0,15000,0,0,0,15000,0,15000,15000
08207P,金像電群益9B售05,0,0,0,0,0,0,0,0,0,15000,0,0,0,55000,40000,15000,15000
08150P,立積國票9C售01  ,0,0,0,0,0,0,0,0,0,15000,0,0,0,15000,0,15000,15000
066625,瑞昱凱基02購01  ,0,0,0,0,0,0,0,0,0,15000,0,0,0,40000,25000,15000,15000
066743,和碩元大01購01  ,0,0,0,0,0,0,0,0,0,15000,0,0,0,115000,100000,15000,15000
06825P,臺股指國票98售01,0,0,0,0,0,0,0,0,0,15000,0,0,0,15000,0,15000,15000
067130,泰豐永豐01購02  ,0,0,0,0,0,0,0,0,0,15000,0,0,0,15000,0,15000,15000
066471,致新統一02購01  ,0,0,0,0,0,0,0,0,0,15000,0,0,0,89000,74000,15000,15000
066408,致新凱基01購02  ,0,0,0,0,0,0,0,0,0,15000,0,0,0,47000,32000,15000,15000
066330,新興永豐01購01  ,0,0,0,0,0,0,0,0,0,15000,0,0,0,15000,0,15000,15000
066343,佳醫永豐01購01  ,0,0,0,0,0,0,0,0,0,15000,0,0,0,15000,0,15000,15000
066100,鎧勝中信05購01  ,0,0,0,0,0,0,0,0,0,15000,0,0,0,60000,45000,15000,15000
057960,聯鈞元大98購02  ,0,0,0,0,0,0,0,0,0,15000,0,0,0,15000,0,15000,15000
057887,智原群益98購04  ,0,0,0,0,0,0,0,0,0,15000,0,0,0,15000,0,15000,15000
057082,玉晶光統一9A購04,0,0,0,0,0,0,0,0,0,15000,0,0,0,15000,0,15000,15000
056921,京元電兆豐98購01,0,0,0,0,0,0,0,0,0,15000,0,0,0,25000,10000,15000,15000
055262,台虹國泰98購01  ,0,0,0,0,0,0,0,0,0,15000,0,0,0,16000,1000,15000,15000
054976,上証2X元富9A購01,0,0,0,0,0,0,0,0,0,15000,0,0,0,59000,44000,15000,15000
054828,正崴國泰99購01  ,0,0,0,0,0,0,0,0,0,15000,0,0,0,15000,0,15000,15000
056641,華通凱基98購03  ,0,0,0,0,0,0,0,0,0,15000,0,0,0,15000,0,15000,15000
055408,力成國泰98購01  ,0,0,0,0,0,0,0,0,0,15000,0,0,0,15000,0,15000,15000
057669,嘉晶元大99購03  ,0,0,0,0,0,0,0,0,0,15000,0,0,0,15000,0,15000,15000
058574,台積電群益99購03,0,0,0,0,0,0,0,0,0,15000,0,0,0,23000,8000,15000,15000
058513,宏達電元大99購05,0,0,0,0,0,0,0,0,0,15000,0,0,0,69000,54000,15000,15000
058528,世紀鋼元大99購02,0,0,0,0,0,0,0,0,0,15000,0,0,0,15000,0,15000,15000
053782,京元電元大98購02,0,0,0,0,0,0,0,0,0,15000,0,0,0,35000,20000,15000,15000
05174P,元金2X富邦9B售01,0,0,0,0,0,0,0,0,0,15000,0,0,0,15000,0,15000,15000
059886,可成國票99購04  ,0,0,0,0,0,0,0,0,0,15000,0,0,0,28000,13000,15000,15000
059908,元金2X元大99購01,0,0,0,0,0,0,0,0,0,15000,0,0,0,15000,0,15000,15000
061822,和潤群益9B購01  ,0,0,0,0,0,0,0,0,0,15000,0,0,0,25000,10000,15000,15000
059087,台積電元大99購26,0,0,0,0,0,0,0,0,0,15000,0,0,0,15000,0,15000,15000
061916,元金2X凱基02購01,0,0,0,0,0,0,0,0,0,15000,0,0,0,15000,0,15000,15000
061422,台積電元大9A購30,0,0,0,0,0,0,0,0,0,15000,0,0,0,29000,14000,15000,15000
059371,聯鈞元富99購02  ,0,0,0,0,0,0,0,0,0,15000,0,0,0,20000,5000,15000,15000
062150,南六國票9B購01  ,0,0,0,0,0,0,0,0,0,15000,0,0,0,65000,50000,15000,15000
062026,華邦電群益9B購01,0,0,0,0,0,0,0,0,0,15000,0,0,0,30000,15000,15000,15000
062221,奇力新統一01購01,0,0,0,0,0,0,0,0,0,15000,0,0,0,15000,0,15000,15000
061975,華通元大9B購01  ,0,0,0,0,0,0,0,0,0,15000,0,0,0,28000,13000,15000,15000
062875,瑞昱兆豐9C購01  ,0,0,0,0,0,0,0,0,0,15000,0,0,0,15000,0,15000,15000
062616,玉晶光元大9C購06,0,0,0,0,0,0,0,0,0,15000,0,0,0,16000,1000,15000,15000
062769,臺股指凱基9B購13,0,0,0,0,0,0,0,0,0,15000,0,0,0,60000,45000,15000,15000
062786,立積元大9C購03  ,0,0,0,0,0,0,0,0,0,15000,0,0,0,73000,58000,15000,15000
063288,泰鼎元大9B購02  ,0,0,0,0,0,0,0,0,0,15000,0,0,0,32000,17000,15000,15000
063144,超眾統一9C購02  ,0,0,0,0,0,0,0,0,0,15000,0,0,0,17000,2000,15000,15000
059980,台積電元大99購50,0,0,0,0,0,0,0,0,0,15000,0,0,0,15000,0,15000,15000
060550,可成凱基9A購02  ,0,0,0,0,0,0,0,0,0,15000,0,0,0,25000,10000,15000,15000
060682,牧德元大9A購03  ,0,0,0,0,0,0,0,0,0,15000,0,0,0,20000,5000,15000,15000
060887,台積電統一01購01,0,0,0,0,0,0,0,0,0,15000,0,0,0,15000,0,15000,15000
060851,國巨國泰9C購01  ,0,0,0,0,0,0,0,0,0,15000,0,0,0,30000,15000,15000,15000
060873,道瓊反中信9C購01,0,0,0,0,0,0,0,0,0,15000,0,0,0,15000,0,15000,15000
065323,聯發科凱基9C購09,0,0,0,0,0,0,0,0,0,15000,0,0,0,25000,10000,15000,15000
064697,健策群益01購02  ,0,0,0,0,0,0,0,0,0,15000,0,0,0,118000,103000,15000,15000
065818,奇鋐元富9C購01  ,0,0,0,0,0,0,0,0,0,15000,0,0,0,15000,0,15000,15000
065753,正崴元大9C購02  ,0,0,0,0,0,0,0,0,0,15000,0,0,0,50000,35000,15000,15000
065778,南亞科國泰01購01,0,0,0,0,0,0,0,0,0,15000,0,0,0,25000,10000,15000,15000
065898,神基麥證9C購01  ,0,0,0,66000,51000,15000,0,0,0,15000,0,0,0,66000,51000,15000,15000
065402,漢唐國泰02購01  ,0,0,0,0,0,0,0,0,0,15000,0,0,0,39000,24000,15000,15000
063905,健策麥證02購01  ,0,0,0,15000,0,15000,0,0,0,15000,0,0,0,15000,0,15000,15000
063976,正崴兆豐9C購01  ,0,0,0,0,0,0,0,0,0,15000,0,0,0,15000,0,15000,15000
063768,華新科國泰9C購03,0,0,0,0,0,0,0,0,0,15000,0,0,0,15000,0,15000,15000
063521,國巨凱基03購01  ,0,0,0,0,0,0,0,0,0,15000,0,0,0,20000,5000,15000,15000
063546,國巨兆豐9C購03  ,0,0,0,0,0,0,0,0,0,15000,0,0,0,20000,5000,15000,15000
064424,華新科兆豐01購01,0,0,0,0,0,0,0,0,0,15000,0,0,0,15000,0,15000,15000
064229,台表科國票01購01,0,0,0,0,0,0,0,0,0,15000,0,0,0,15000,0,15000,15000
064256,玉晶光國泰02購02,0,0,0,0,0,0,0,0,0,15000,0,0,0,42000,27000,15000,15000
064334,可成元大01購01  ,0,0,0,0,0,0,0,0,0,15000,0,0,0,81000,66000,15000,15000
064199,南六群益01購01  ,0,0,0,0,0,0,0,0,0,15000,0,0,0,15000,0,15000,15000
5607,遠雄港          ,90000,75000,15000,0,0,0,0,0,0,0,0,0,0,0,0,0,15000
3679,新至陞          ,22000,9000,13000,0,0,0,0,0,0,2000,2000,0,2000,0,0,0,15000
1472,三洋紡          ,19000,4000,15000,0,0,0,0,0,0,0,0,0,0,0,0,0,15000
2516,新建            ,19000,4000,15000,0,0,0,0,0,0,0,0,0,0,0,0,0,15000
2459,敦吉            ,17000,10000,7000,0,0,0,0,0,0,8000,8000,0,8000,0,0,0,15000
066982,嘉晶群益02購01  ,0,0,0,0,0,0,0,0,0,14000,0,0,0,16000,2000,14000,14000
08136P,祥碩國泰01售01  ,0,0,0,0,0,0,0,0,0,14000,0,0,0,14000,0,14000,14000
08181P,華新科國泰9C售02,0,0,0,0,0,0,0,0,0,14000,0,0,0,20000,6000,14000,14000
056583,昇陽半元大98購02,0,0,0,0,0,0,0,0,0,14000,0,0,0,14000,0,14000,14000
054569,GIS群益98購01   ,0,0,0,0,0,0,0,0,0,14000,0,0,0,15000,1000,14000,14000
00710B,FH彭博高收益債  ,7000,6000,1000,0,0,0,0,0,0,13000,0,0,0,23000,10000,13000,14000
00742,新光內需收益    ,0,0,0,0,0,0,0,0,0,14000,250000,250000,0,566000,552000,14000,14000
057572,明泰永豐98購01  ,0,0,0,0,0,0,0,0,0,14000,0,0,0,14000,0,14000,14000
057595,健鼎兆豐98購01  ,0,0,0,0,0,0,0,0,0,14000,0,0,0,15000,1000,14000,14000
057152,緯穎國票99購03  ,0,0,0,0,0,0,0,0,0,14000,0,0,0,14000,0,14000,14000
057417,國巨凱基9A購03  ,0,0,0,0,0,0,0,0,0,14000,0,0,0,14000,0,14000,14000
058134,信邦元大99購01  ,0,0,0,0,0,0,0,0,0,14000,0,0,0,14000,0,14000,14000
056743,貿聯凱基98購04  ,0,0,0,0,0,0,0,0,0,14000,0,0,0,34000,20000,14000,14000
058786,元黃金元大99購01,0,0,0,0,0,0,0,0,0,14000,0,0,0,14000,0,14000,14000
060591,富邦金台新9A購01,0,0,0,0,0,0,0,0,0,14000,0,0,0,14000,0,14000,14000
060183,南亞科元富9A購01,0,0,0,0,0,0,0,0,0,14000,0,0,0,24000,10000,14000,14000
063101,華通群益9B購07  ,0,0,0,0,0,0,0,0,0,14000,0,0,0,14000,0,14000,14000
062827,神基群益9B購01  ,0,0,0,0,0,0,0,0,0,14000,0,0,0,64000,50000,14000,14000
062926,嘉澤國票9B購01  ,0,0,0,0,0,0,0,0,0,14000,0,0,0,26000,12000,14000,14000
061176,聯發科凱基9A購14,0,0,0,0,0,0,0,0,0,14000,0,0,0,14000,0,14000,14000
064221,華通國票01購01  ,0,0,0,0,0,0,0,0,0,14000,0,0,0,19000,5000,14000,14000
064493,南亞科元大9C購01,0,0,0,0,0,0,0,0,0,14000,0,0,0,69000,55000,14000,14000
063700,台積電群益9B購09,0,0,0,0,0,0,0,0,0,14000,0,0,0,60000,46000,14000,14000
065936,聯發科群益02購01,0,0,0,0,0,0,0,0,0,14000,0,0,0,26000,12000,14000,14000
064849,大立光元富9C購06,0,0,0,0,0,0,0,0,0,14000,0,0,0,39000,25000,14000,14000
2456,奇力新          ,477000,451000,26000,0,0,0,0,0,0,-12000,18000,36000,-18000,23000,17000,6000,14000
2208,台船            ,894000,1204000,-310000,0,0,0,0,0,0,324000,0,0,0,334000,10000,324000,14000
6168,宏齊            ,88000,74000,14000,0,0,0,0,0,0,0,0,0,0,0,0,0,14000
8422,可寧衛          ,49000,35000,14000,0,0,0,0,0,0,0,0,0,0,0,0,0,14000
8480,泰昇-KY         ,26000,12000,14000,0,0,0,0,0,0,0,0,0,0,0,0,0,14000
08581P,臺股指元大9C售29,0,0,0,0,0,0,0,0,0,13000,0,0,0,38000,25000,13000,13000
08531P,台積電統一9C售15,0,0,0,0,0,0,0,0,0,13000,0,0,0,20000,7000,13000,13000
08741P,國巨凱基01售05  ,0,0,0,0,0,0,0,0,0,13000,0,0,0,13000,0,13000,13000
08017P,華新科國票9B售01,0,0,0,0,0,0,0,0,0,13000,0,0,0,13000,0,13000,13000
058898,台積電元大99購20,0,0,0,0,0,0,0,0,0,13000,0,0,0,13000,0,13000,13000
057207,立積元富98購02  ,0,0,0,0,0,0,0,0,0,13000,0,0,0,13000,0,13000,13000
059203,勤誠永豐99購02  ,0,0,0,0,0,0,0,0,0,13000,0,0,0,23000,10000,13000,13000
061204,國巨元大9A購16  ,0,0,0,0,0,0,0,0,0,13000,0,0,0,18000,5000,13000,13000
061117,美律國泰9C購01  ,0,0,0,0,0,0,0,0,0,13000,0,0,0,13000,0,13000,13000
058480,新日興凱基9A購01,0,0,0,0,0,0,0,0,0,13000,0,0,0,13000,0,13000,13000
056610,鴻海永豐98購01  ,0,0,0,0,0,0,0,0,0,13000,0,0,0,13000,0,13000,13000
054799,超眾群益98購01  ,0,0,0,0,0,0,0,0,0,13000,0,0,0,13000,0,13000,13000
055137,GIS富邦98購01   ,0,0,0,0,0,0,0,0,0,13000,0,0,0,13000,0,13000,13000
042793,台積電台新9C購01,0,0,0,0,0,0,0,0,0,13000,0,0,0,13000,0,13000,13000
056496,康控國泰99購01  ,0,0,0,0,0,0,0,0,0,13000,0,0,0,18000,5000,13000,13000
052888,台表科中信9A購01,0,0,0,0,0,0,0,0,0,13000,0,0,0,13000,0,13000,13000
061499,嘉晶國票9A購03  ,0,0,0,0,0,0,0,0,0,13000,0,0,0,18000,5000,13000,13000
061501,嘉澤國票9A購01  ,0,0,0,0,0,0,0,0,0,13000,0,0,0,17000,4000,13000,13000
059917,華新科元大99購19,0,0,0,0,0,0,0,0,0,13000,0,0,0,13000,0,13000,13000
062707,致伸元大9B購01  ,0,0,0,0,0,0,0,0,0,13000,0,0,0,13000,0,13000,13000
063245,富邦金元大9B購03,0,0,0,0,0,0,0,0,0,13000,0,0,0,39000,26000,13000,13000
060239,國揚元大9C購01  ,0,0,0,0,0,0,0,0,0,13000,0,0,0,52000,39000,13000,13000
064764,聯茂凱基01購01  ,0,0,0,0,0,0,0,0,0,13000,0,0,0,112000,99000,13000,13000
064802,台積電元大01購04,0,0,0,0,0,0,0,0,0,13000,0,0,0,25000,12000,13000,13000
064842,南六統一9C購04  ,0,0,0,0,0,0,0,0,0,13000,0,0,0,68000,55000,13000,13000
065170,智邦元大9C購07  ,0,0,0,0,0,0,0,0,0,13000,0,0,0,57000,44000,13000,13000
065095,玉晶光元大02購02,0,0,0,0,0,0,0,0,0,13000,0,0,0,18000,5000,13000,13000
06586P,鴻海元大9C售01  ,0,0,0,0,0,0,0,0,0,13000,0,0,0,13000,0,13000,13000
063997,泰鼎群益9C購01  ,0,0,0,0,0,0,0,0,0,13000,0,0,0,52000,39000,13000,13000
063377,泰鼎永豐9B購03  ,0,0,0,0,0,0,0,0,0,13000,0,0,0,18000,5000,13000,13000
064251,緯創元富9C購01  ,0,0,0,0,0,0,0,0,0,13000,0,0,0,62000,49000,13000,13000
9942,茂順            ,20000,7000,13000,0,0,0,0,0,0,0,0,0,0,0,0,0,13000
6192,巨路            ,71000,62000,9000,0,0,0,0,0,0,4000,4000,0,4000,0,0,0,13000
6243,迅杰            ,17000,4000,13000,0,0,0,0,0,0,0,0,0,0,0,0,0,13000
1558,伸興            ,23000,10000,13000,0,0,0,0,0,0,0,0,0,0,0,0,0,13000
1232,大統益          ,25000,12000,13000,0,0,0,0,0,0,0,0,0,0,0,0,0,13000
2415,錩新            ,38000,25000,13000,0,0,0,0,0,0,0,0,0,0,0,0,0,13000
2397,友通            ,14000,16000,-2000,0,0,0,0,0,0,15000,15000,0,15000,0,0,0,13000
2597,潤弘            ,24000,11000,13000,0,0,0,0,0,0,0,0,0,0,0,0,0,13000
2852,第一保          ,20000,7000,13000,0,0,0,0,0,0,0,0,0,0,0,0,0,13000
3149,正達            ,33000,20000,13000,0,0,0,0,0,0,0,0,0,0,0,0,0,13000
07494P,葡萄王元大9A售03,0,0,0,0,0,0,0,0,0,12000,0,0,0,15000,3000,12000,12000
08811P,鴻海群益01售08  ,0,0,0,0,0,0,0,0,0,12000,0,0,0,20000,8000,12000,12000
08210P,健策元富9B售02  ,0,0,0,0,0,0,0,0,0,12000,0,0,0,92000,80000,12000,12000
08255P,國巨元大9C售11  ,0,0,0,0,0,0,0,0,0,12000,0,0,0,12000,0,12000,12000
067037,美利達康和01購02,0,0,0,0,0,0,0,0,0,12000,0,0,0,20000,8000,12000,12000
067015,義隆富邦04購01  ,0,0,0,0,0,0,0,0,0,12000,0,0,0,200000,188000,12000,12000
06776P,鴻海元大99售05  ,0,0,0,0,0,0,0,0,0,12000,0,0,0,187000,175000,12000,12000
066040,友訊元大01購02  ,0,0,0,0,0,0,0,0,0,12000,0,0,0,100000,88000,12000,12000
066215,惠特統一04購01  ,0,0,0,0,0,0,0,0,0,12000,0,0,0,12000,0,12000,12000
066175,聯鈞凱基01購01  ,0,0,0,0,0,0,0,0,0,12000,0,0,0,12000,0,12000,12000
066373,美利達中信01購01,0,0,0,0,0,0,0,0,0,12000,0,0,0,273000,261000,12000,12000
066295,昇陽半元大01購01,0,0,0,0,0,0,0,0,0,12000,0,0,0,12000,0,12000,12000
066419,聯發科元大01購11,0,0,0,0,0,0,0,0,0,12000,0,0,0,13000,1000,12000,12000
056450,可成凱基98購05  ,0,0,0,0,0,0,0,0,0,12000,0,0,0,12000,0,12000,12000
00865B,國泰US短期公債  ,0,0,0,0,0,0,0,0,0,12000,0,0,0,114000,102000,12000,12000
055926,國巨群益98購06  ,0,0,0,0,0,0,0,0,0,12000,0,0,0,12000,0,12000,12000
056304,創意元大97購03  ,0,0,0,0,0,0,0,0,0,12000,0,0,0,60000,48000,12000,12000
061075,亞德客兆豐9A購01,0,0,0,0,0,0,0,0,0,12000,0,0,0,560000,548000,12000,12000
061253,臺股指群益9A購04,0,0,0,0,0,0,0,0,0,12000,0,0,0,12000,0,12000,12000
060350,元黃金元富9B購01,0,0,0,0,0,0,0,0,0,12000,0,0,0,12000,0,12000,12000
06105P,國巨國票98售02  ,0,0,0,0,0,0,0,0,0,12000,0,0,0,12000,0,12000,12000
056906,玉晶光元大9B購01,0,0,0,0,0,0,0,0,0,12000,0,0,0,54000,42000,12000,12000
057444,台泥元富98購01  ,0,0,0,0,0,0,0,0,0,12000,0,0,0,60000,48000,12000,12000
056740,大立光凱基98購13,0,0,0,0,0,0,0,0,0,12000,0,0,0,17000,5000,12000,12000
057743,華擎永豐98購03  ,0,0,0,0,0,0,0,0,0,12000,0,0,0,12000,0,12000,12000
058623,國巨國票99購08  ,0,0,0,0,0,0,0,0,0,12000,0,0,0,17000,5000,12000,12000
058227,台灣50元大9C購01,0,0,0,0,0,0,0,0,0,12000,0,0,0,182000,170000,12000,12000
060240,富邦金元大9A購01,0,0,0,0,0,0,0,0,0,12000,0,0,0,34000,22000,12000,12000
06242P,大立光元富9A售02,0,0,0,0,0,0,0,0,0,12000,0,0,0,25000,13000,12000,12000
062543,華通富邦9C購01  ,0,0,0,0,0,0,0,0,0,12000,0,0,0,22000,10000,12000,12000
063248,創意元大9C購01  ,0,0,0,0,0,0,0,0,0,12000,0,0,0,32000,20000,12000,12000
061527,牧德凱基9A購02  ,0,0,0,0,0,0,0,0,0,12000,0,0,0,12000,0,12000,12000
059436,大立光元大99購18,0,0,0,0,0,0,0,0,0,12000,0,0,0,12000,0,12000,12000
060457,中橡元大9A購02  ,0,0,0,0,0,0,0,0,0,12000,0,0,0,32000,20000,12000,12000
062044,健策凱基9B購02  ,0,0,0,0,0,0,0,0,0,12000,0,0,0,51000,39000,12000,12000
064211,友達凱基02購01  ,0,0,0,0,0,0,0,0,0,12000,0,0,0,58000,46000,12000,12000
063582,瑞祺國泰9C購01  ,0,0,0,0,0,0,0,0,0,12000,0,0,0,30000,18000,12000,12000
063833,致新國票01購01  ,0,0,0,0,0,0,0,0,0,12000,0,0,0,17000,5000,12000,12000
065663,凌華永豐9C購01  ,0,0,0,0,0,0,0,0,0,12000,0,0,0,12000,0,12000,12000
065707,聯詠群益9C購02  ,0,0,0,0,0,0,0,0,0,12000,0,0,0,40000,28000,12000,12000
064820,裕隆統一9C購01  ,0,0,0,0,0,0,0,0,0,12000,0,0,0,367000,355000,12000,12000
064918,中信金統一02購01,0,0,0,0,0,0,0,0,0,12000,0,0,0,53000,41000,12000,12000
2701,萬企            ,22000,10000,12000,0,0,0,0,0,0,0,0,0,0,0,0,0,12000
6133,金橋            ,12000,4000,8000,0,0,0,0,0,0,4000,4000,0,4000,0,0,0,12000
066049,奇鋐元大02購01  ,0,0,0,0,0,0,0,0,0,11000,0,0,0,125000,114000,11000,11000
067070,友訊元大01購04  ,0,0,0,0,0,0,0,0,0,11000,0,0,0,30000,19000,11000,11000
066590,華新科群益01購04,0,0,0,0,0,0,0,0,0,11000,0,0,0,13000,2000,11000,11000
08293P,國巨元大9C售13  ,0,0,0,0,0,0,0,0,0,11000,0,0,0,11000,0,11000,11000
08788P,A50正2元富01售03,0,0,0,0,0,0,0,0,0,11000,0,0,0,11000,0,11000,11000
08520P,和大元大9C售04  ,0,0,0,0,0,0,0,0,0,11000,0,0,0,11000,0,11000,11000
08670P,健策統一01售01  ,0,0,0,0,0,0,0,0,0,11000,0,0,0,45000,34000,11000,11000
07509P,牧德國票9A售03  ,0,0,0,0,0,0,0,0,0,11000,0,0,0,11000,0,11000,11000
07975P,國巨元大9B售15  ,0,0,0,0,0,0,0,0,0,11000,0,0,0,22000,11000,11000,11000
056811,健策統一9B購01  ,0,0,0,0,0,0,0,0,0,11000,0,0,0,11000,0,11000,11000
05682P,大立光元大98售03,0,0,0,0,0,0,0,0,0,11000,0,0,0,13000,2000,11000,11000
057203,麗豐元富98購02  ,0,0,0,0,0,0,0,0,0,11000,0,0,0,11000,0,11000,11000
061260,台積電凱基9A購23,0,0,0,0,0,0,0,0,0,11000,0,0,0,32000,21000,11000,11000
056375,玉晶光統一01購01,0,0,0,0,0,0,0,0,0,11000,0,0,0,134000,123000,11000,11000
058497,新日興群益9B購01,0,0,0,0,0,0,0,0,0,11000,0,0,0,11000,0,11000,11000
057674,台郡元大99購03  ,0,0,0,0,0,0,0,0,0,11000,0,0,0,11000,0,11000,11000
055024,興勤國泰98購01  ,0,0,0,0,0,0,0,0,0,11000,0,0,0,21000,10000,11000,11000
056618,京元電永豐98購01,0,0,0,0,0,0,0,0,0,11000,0,0,0,11000,0,11000,11000
00763U,街口道瓊銅      ,0,0,0,0,0,0,0,0,0,11000,0,0,0,34000,23000,11000,11000
053217,群創凱基99購02  ,0,0,0,0,0,0,0,0,0,11000,0,0,0,11000,0,11000,11000
061639,晶豪科元大9A購02,0,0,0,0,0,0,0,0,0,11000,0,0,0,11000,0,11000,11000
061593,智原永豐9A購01  ,0,0,0,0,0,0,0,0,0,11000,0,0,0,51000,40000,11000,11000
061471,台積電元大9A購31,0,0,0,0,0,0,0,0,0,11000,0,0,0,11000,0,11000,11000
059742,富邦金元富99購01,0,0,0,0,0,0,0,0,0,11000,0,0,0,52000,41000,11000,11000
061927,玉晶光凱基9C購01,0,0,0,0,0,0,0,0,0,11000,0,0,0,11000,0,11000,11000
061852,大立光國票9B購02,0,0,0,0,0,0,0,0,0,11000,0,0,0,12000,1000,11000,11000
061853,晶技國票9B購02  ,0,0,0,0,0,0,0,0,0,11000,0,0,0,207000,196000,11000,11000
063058,A50正2元富02購01,0,0,0,0,0,0,0,0,0,11000,0,0,0,11000,0,11000,11000
063019,聯發科元大9C購01,0,0,0,0,0,0,0,0,0,11000,0,0,0,28000,17000,11000,11000
062807,和碩統一9B購01  ,0,0,0,0,0,0,0,0,0,11000,0,0,0,58000,47000,11000,11000
064892,台達電群益9C購02,0,0,0,0,0,0,0,0,0,11000,0,0,0,31000,20000,11000,11000
064992,玉晶光兆豐01購01,0,0,0,0,0,0,0,0,0,11000,0,0,0,11000,0,11000,11000
064979,華擎元大9C購04  ,0,0,0,0,0,0,0,0,0,11000,0,0,0,105000,94000,11000,11000
065306,泰鼎元富9C購02  ,0,0,0,0,0,0,0,0,0,11000,0,0,0,21000,10000,11000,11000
065725,技嘉凱基9C購03  ,0,0,0,0,0,0,0,0,0,11000,0,0,0,178000,167000,11000,11000
063608,力成凱基9B購03  ,0,0,0,0,0,0,0,0,0,11000,0,0,0,21000,10000,11000,11000
064166,和潤統一02購01  ,0,0,0,0,0,0,0,0,0,11000,0,0,0,11000,0,11000,11000
064292,南茂元大01購01  ,0,0,0,0,0,0,0,0,0,11000,0,0,0,53000,42000,11000,11000
5243,乙盛-KY         ,101000,95000,6000,0,0,0,0,0,0,5000,5000,0,5000,0,0,0,11000
2524,京城            ,44000,33000,11000,0,0,0,0,0,0,0,0,0,0,0,0,0,11000
2433,互盛電          ,21000,14000,7000,0,0,0,0,0,0,4000,4000,0,4000,0,0,0,11000
1537,廣隆            ,23000,12000,11000,0,0,0,0,0,0,0,0,0,0,0,0,0,11000
1528,恩德            ,19000,8000,11000,0,0,0,0,0,0,0,0,0,0,0,0,0,11000
1457,宜進            ,50000,39000,11000,0,0,0,0,0,0,0,0,0,0,0,0,0,11000
1616,億泰            ,12000,1000,11000,0,0,0,0,0,0,0,0,0,0,0,0,0,11000
07968P,國巨元大9B售09  ,0,0,0,0,0,0,0,0,0,10000,0,0,0,10000,0,10000,10000
07983P,茂林群益9B售03  ,0,0,0,0,0,0,0,0,0,10000,0,0,0,26000,16000,10000,10000
08027P,嘉晶元大9B售03  ,0,0,0,0,0,0,0,0,0,10000,0,0,0,10000,0,10000,10000
08069P,大立光國泰01售02,0,0,0,0,0,0,0,0,0,10000,0,0,0,11000,1000,10000,10000
08081P,台灣50元大9B售20,0,0,0,0,0,0,0,0,0,10000,0,0,0,10000,0,10000,10000
08124P,臻鼎群益9B售02  ,0,0,0,0,0,0,0,0,0,10000,0,0,0,10000,0,10000,10000
07707P,玉山金元大9A售03,0,0,0,0,0,0,0,0,0,10000,0,0,0,10000,0,10000,10000
07684P,大立光凱基9A售11,0,0,0,0,0,0,0,0,0,10000,0,0,0,10000,0,10000,10000
07651P,道瓊指中信01售01,0,0,0,0,0,0,0,0,0,10000,0,0,0,10000,0,10000,10000
07833P,大立光群益9B售02,0,0,0,0,0,0,0,0,0,10000,0,0,0,30000,20000,10000,10000
07800P,華新科國泰9B售04,0,0,0,0,0,0,0,0,0,10000,0,0,0,20000,10000,10000,10000
07284P,大立光凱基99售10,0,0,0,0,0,0,0,0,0,10000,0,0,0,10000,0,10000,10000
06927P,台灣50元大9B售03,0,0,0,0,0,0,0,0,0,10000,0,0,0,10000,0,10000,10000
06941P,國巨統一98售07  ,0,0,0,0,0,0,0,0,0,10000,0,0,0,10000,0,10000,10000
08679P,台灣50元大01售15,0,0,0,0,0,0,0,0,0,10000,0,0,0,20000,10000,10000,10000
08654P,台積電群益9C售13,0,0,0,0,0,0,0,0,0,10000,0,0,0,20000,10000,10000,10000
08619P,國巨群益9C售21  ,0,0,0,0,0,0,0,0,0,10000,0,0,0,10000,0,10000,10000
08584P,立積群益9C售02  ,0,0,0,0,0,0,0,0,0,10000,0,0,0,30000,20000,10000,10000
08785P,滬深2X元富01售04,0,0,0,0,0,0,0,0,0,10000,0,0,0,10000,0,10000,10000
08684P,禾伸堂凱基01售01,0,0,0,0,0,0,0,0,0,10000,0,0,0,10000,0,10000,10000
08281P,國巨群益9C售08  ,0,0,0,0,0,0,0,0,0,10000,0,0,0,10000,0,10000,10000
08219P,上銀凱基9B售08  ,0,0,0,0,0,0,0,0,0,10000,0,0,0,10000,0,10000,10000
08222P,南六凱基9B售05  ,0,0,0,0,0,0,0,0,0,10000,0,0,0,210000,200000,10000,10000
08148P,長榮航群益9B售03,0,0,0,0,0,0,0,0,0,10000,0,0,0,10000,0,10000,10000
08442P,臺股指麥證01售01,0,0,0,15000,5000,10000,0,0,0,10000,0,0,0,15000,5000,10000,10000
08361P,玉晶光永豐9C售04,0,0,0,0,0,0,0,0,0,10000,0,0,0,10000,0,10000,10000
066579,臺股指元大01購08,0,0,0,0,0,0,0,0,0,10000,0,0,0,10000,0,10000,10000
066589,英業達群益01購01,0,0,0,0,0,0,0,0,0,10000,0,0,0,167000,157000,10000,10000
066825,智邦群益01購03  ,0,0,0,0,0,0,0,0,0,10000,0,0,0,15000,5000,10000,10000
066912,盛群凱基01購01  ,0,0,0,0,0,0,0,0,0,10000,0,0,0,10000,0,10000,10000
066943,FBVIX元大04購01 ,0,0,0,0,0,0,0,0,0,10000,0,0,0,10000,0,10000,10000
067126,康控富邦03購02  ,0,0,0,0,0,0,0,0,0,10000,0,0,0,10000,0,10000,10000
066126,南港群益01購01  ,0,0,0,0,0,0,0,0,0,10000,0,0,0,11000,1000,10000,10000
066227,惠特國泰03購02  ,0,0,0,0,0,0,0,0,0,10000,0,0,0,40000,30000,10000,10000
066438,南紡群益01購01  ,0,0,0,0,0,0,0,0,0,10000,0,0,0,10000,0,10000,10000
066447,智伸科群益01購02,0,0,0,0,0,0,0,0,0,10000,0,0,0,10000,0,10000,10000
06652P,長榮航元大98售01,0,0,0,0,0,0,0,0,0,10000,0,0,0,10000,0,10000,10000
066505,可成富邦03購01  ,0,0,0,0,0,0,0,0,0,10000,0,0,0,70000,60000,10000,10000
066272,聯陽元大01購01  ,0,0,0,0,0,0,0,0,0,10000,0,0,0,110000,100000,10000,10000
053220,瀚宇博凱基98購01,0,0,0,0,0,0,0,0,0,10000,0,0,0,10000,0,10000,10000
052853,友達日盛99購01  ,0,0,0,0,0,0,0,0,0,10000,0,0,0,10000,0,10000,10000
052456,滬深2X元富9B購03,0,0,0,0,0,0,0,0,0,10000,0,0,0,10000,0,10000,10000
048070,聯發科元富99購03,0,0,0,0,0,0,0,0,0,10000,0,0,0,10000,0,10000,10000
054375,貿聯中信99購01  ,0,0,0,0,0,0,0,0,0,10000,0,0,0,10000,0,10000,10000
056469,國巨元大99購01  ,0,0,0,0,0,0,0,0,0,10000,0,0,0,18000,8000,10000,10000
056478,晶技元大99購01  ,0,0,0,0,0,0,0,0,0,10000,0,0,0,10000,0,10000,10000
056463,台虹凱基98購02  ,0,0,0,0,0,0,0,0,0,10000,0,0,0,10000,0,10000,10000
056532,技嘉凱基98購01  ,0,0,0,0,0,0,0,0,0,10000,0,0,0,13000,3000,10000,10000
056534,京元電凱基98購01,0,0,0,0,0,0,0,0,0,10000,0,0,0,10000,0,10000,10000
056553,啟碁凱基98購02  ,0,0,0,0,0,0,0,0,0,10000,0,0,0,10000,0,10000,10000
054585,禾伸堂國泰99購01,0,0,0,0,0,0,0,0,0,10000,0,0,0,10000,0,10000,10000
054550,旺宏凱基98購02  ,0,0,0,0,0,0,0,0,0,10000,0,0,0,10000,0,10000,10000
054533,泰碩國泰98購01  ,0,0,0,0,0,0,0,0,0,10000,0,0,0,110000,100000,10000,10000
054627,義隆凱基98購01  ,0,0,0,0,0,0,0,0,0,10000,0,0,0,10000,0,10000,10000
054419,嘉聯益元大98購02,0,0,0,0,0,0,0,0,0,10000,0,0,0,10000,0,10000,10000
03674C,臺股指元富9C牛02,0,0,0,0,0,0,0,0,0,10000,0,0,0,15000,5000,10000,10000
045836,群創群益98購01  ,0,0,0,0,0,0,0,0,0,10000,0,0,0,10000,0,10000,10000
054269,台光電亞東98購01,0,0,0,0,0,0,0,0,0,10000,0,0,0,10000,0,10000,10000
053601,台表科元大98購01,0,0,0,0,0,0,0,0,0,10000,0,0,0,10000,0,10000,10000
053593,晶技元大98購01  ,0,0,0,0,0,0,0,0,0,10000,0,0,0,10000,0,10000,10000
053631,欣興兆豐97購01  ,0,0,0,0,0,0,0,0,0,10000,0,0,0,10000,0,10000,10000
056606,華新科富邦9A購02,0,0,0,0,0,0,0,0,0,10000,0,0,0,10000,0,10000,10000
056651,聯茂凱基98購04  ,0,0,0,0,0,0,0,0,0,10000,0,0,0,17000,7000,10000,10000
054773,台郡國票98購01  ,0,0,0,0,0,0,0,0,0,10000,0,0,0,10000,0,10000,10000
054784,順德群益9A購01  ,0,0,0,0,0,0,0,0,0,10000,0,0,0,10000,0,10000,10000
054842,台達電兆豐98購01,0,0,0,0,0,0,0,0,0,10000,0,0,0,10000,0,10000,10000
054855,得力群益98購01  ,0,0,0,0,0,0,0,0,0,10000,0,0,0,10000,0,10000,10000
055272,國巨元大98購04  ,0,0,0,0,0,0,0,0,0,10000,0,0,0,10000,0,10000,10000
056025,嘉晶群益97購01  ,0,0,0,0,0,0,0,0,0,10000,0,0,0,10000,0,10000,10000
055942,臺股指群益9C購01,0,0,0,0,0,0,0,0,0,10000,0,0,0,10000,0,10000,10000
055420,欣興永豐98購01  ,0,0,0,0,0,0,0,0,0,10000,0,0,0,10000,0,10000,10000
055477,同欣電凱基98購01,0,0,0,0,0,0,0,0,0,10000,0,0,0,12000,2000,10000,10000
055527,旺宏群益99購03  ,0,0,0,0,0,0,0,0,0,10000,0,0,0,10000,0,10000,10000
055523,道瓊銀群益9A購01,0,0,0,0,0,0,0,0,0,10000,0,0,0,10000,0,10000,10000
058438,大立光統一9B購01,0,0,0,0,0,0,0,0,0,10000,0,0,0,10000,0,10000,10000
058580,華新科群益99購02,0,0,0,0,0,0,0,0,0,10000,0,0,0,10000,0,10000,10000
05856P,A50正2中信99售01,0,0,0,0,0,0,0,0,0,10000,0,0,0,10000,0,10000,10000
05754P,臺股指中信99售03,0,0,0,0,0,0,0,0,0,10000,0,0,0,10000,0,10000,10000
058414,大立光兆豐99購02,0,0,0,0,0,0,0,0,0,10000,0,0,0,10000,0,10000,10000
057603,樺漢群益98購02  ,0,0,0,0,0,0,0,0,0,10000,0,0,0,10000,0,10000,10000
056277,上銀富邦99購02  ,0,0,0,0,0,0,0,0,0,10000,0,0,0,10000,0,10000,10000
056195,群創富邦98購01  ,0,0,0,0,0,0,0,0,0,10000,0,0,0,10000,0,10000,10000
056228,可成凱基97購03  ,0,0,0,0,0,0,0,0,0,10000,0,0,0,10000,0,10000,10000
056139,貿聯元大97購04  ,0,0,0,0,0,0,0,0,0,10000,0,0,0,10000,0,10000,10000
056178,嘉澤元富97購02  ,0,0,0,0,0,0,0,0,0,10000,0,0,0,10000,0,10000,10000
061083,京元電兆豐9A購01,0,0,0,0,0,0,0,0,0,10000,0,0,0,32000,22000,10000,10000
06120P,大立光凱基98售05,0,0,0,0,0,0,0,0,0,10000,0,0,0,10000,0,10000,10000
061301,華新科永豐9A購03,0,0,0,0,0,0,0,0,0,10000,0,0,0,10000,0,10000,10000
060327,美律群益9A購02  ,0,0,0,0,0,0,0,0,0,10000,0,0,0,10000,0,10000,10000
060313,淘帝永豐9A購01  ,0,0,0,0,0,0,0,0,0,10000,0,0,0,10000,0,10000,10000
059198,華新科永豐99購06,0,0,0,0,0,0,0,0,0,10000,0,0,0,10000,0,10000,10000
059283,康友永豐99購02  ,0,0,0,0,0,0,0,0,0,10000,0,0,0,10000,0,10000,10000
059278,群創元大9A購04  ,0,0,0,0,0,0,0,0,0,10000,0,0,0,10000,0,10000,10000
057237,群創凱基9B購02  ,0,0,0,0,0,0,0,0,0,10000,0,0,0,10000,0,10000,10000
057234,宏達電凱基98購05,0,0,0,0,0,0,0,0,0,10000,0,0,0,10000,0,10000,10000
057078,國巨統一9A購02  ,0,0,0,0,0,0,0,0,0,10000,0,0,0,10000,0,10000,10000
057019,台積電凱基98購14,0,0,0,0,0,0,0,0,0,10000,0,0,0,13000,3000,10000,10000
057368,微星元大98購02  ,0,0,0,0,0,0,0,0,0,10000,0,0,0,15000,5000,10000,10000
057855,晶技國票99購01  ,0,0,0,0,0,0,0,0,0,10000,0,0,0,10000,0,10000,10000
057466,泰鼎永豐98購01  ,0,0,0,0,0,0,0,0,0,10000,0,0,0,20000,10000,10000,10000
057483,微星元大98購04  ,0,0,0,0,0,0,0,0,0,10000,0,0,0,10000,0,10000,10000
057481,技嘉元大98購04  ,0,0,0,0,0,0,0,0,0,10000,0,0,0,29000,19000,10000,10000
057500,神達群益98購01  ,0,0,0,0,0,0,0,0,0,10000,0,0,0,10000,0,10000,10000
056739,美律凱基98購04  ,0,0,0,0,0,0,0,0,0,10000,0,0,0,10000,0,10000,10000
056803,群創台新99購02  ,0,0,0,0,0,0,0,0,0,10000,0,0,0,10000,0,10000,10000
056891,國巨元大99購03  ,0,0,0,0,0,0,0,0,0,10000,0,0,0,38000,28000,10000,10000
057776,京元電群益98購02,0,0,0,0,0,0,0,0,0,10000,0,0,0,236000,226000,10000,10000
057721,華擎元富98購02  ,0,0,0,0,0,0,0,0,0,10000,0,0,0,10000,0,10000,10000
057725,台達電國泰9A購01,0,0,0,0,0,0,0,0,0,10000,0,0,0,10000,0,10000,10000
058953,S&P反1國票03購01,0,0,0,0,0,0,0,0,0,10000,0,0,0,10000,0,10000,10000
058931,玉晶光統一9C購01,0,0,0,0,0,0,0,0,0,10000,0,0,0,10000,0,10000,10000
057711,台積電統一9A購03,0,0,0,0,0,0,0,0,0,10000,0,0,0,10000,0,10000,10000
058788,喬山元大99購01  ,0,0,0,0,0,0,0,0,0,10000,0,0,0,10000,0,10000,10000
058831,茂林永豐99購01  ,0,0,0,0,0,0,0,0,0,10000,0,0,0,260000,250000,10000,10000
058839,瑞儀中信99購02  ,0,0,0,0,0,0,0,0,0,10000,0,0,0,10000,0,10000,10000
058296,明泰凱基99購01  ,0,0,0,0,0,0,0,0,0,10000,0,0,0,10000,0,10000,10000
058369,亞光凱基99購02  ,0,0,0,0,0,0,0,0,0,10000,0,0,0,20000,10000,10000,10000
058353,國巨凱基99購09  ,0,0,0,0,0,0,0,0,0,10000,0,0,0,20000,10000,10000,10000
058180,華新科國泰9A購01,0,0,0,0,0,0,0,0,0,10000,0,0,0,10000,0,10000,10000
057957,嘉晶元大98購01  ,0,0,0,0,0,0,0,0,0,10000,0,0,0,15000,5000,10000,10000
057937,神達群益98購02  ,0,0,0,0,0,0,0,0,0,10000,0,0,0,10000,0,10000,10000
058025,聯茂國泰99購01  ,0,0,0,0,0,0,0,0,0,10000,0,0,0,10000,0,10000,10000
062709,帆宣元大9B購01  ,0,0,0,0,0,0,0,0,0,10000,0,0,0,10000,0,10000,10000
062700,台光電元大9B購05,0,0,0,0,0,0,0,0,0,10000,0,0,0,31000,21000,10000,10000
062671,國泰金中信03購01,0,0,0,0,0,0,0,0,0,10000,0,0,0,10000,0,10000,10000
063133,喬山統一01購01  ,0,0,0,0,0,0,0,0,0,10000,0,0,0,20000,10000,10000,10000
063165,泰碩永豐9B購02  ,0,0,0,0,0,0,0,0,0,10000,0,0,0,10000,0,10000,10000
063249,祥碩元大9B購06  ,0,0,0,0,0,0,0,0,0,10000,0,0,0,10000,0,10000,10000
063258,緯穎國泰9C購01  ,0,0,0,0,0,0,0,0,0,10000,0,0,0,10000,0,10000,10000
061018,台積電國票9B購05,0,0,0,0,0,0,0,0,0,10000,0,0,0,11000,1000,10000,10000
060775,世芯凱基9A購02  ,0,0,0,0,0,0,0,0,0,10000,0,0,0,10000,0,10000,10000
060763,聯鈞元大9A購03  ,0,0,0,0,0,0,0,0,0,10000,0,0,0,58000,48000,10000,10000
060871,台灣50中信01購03,0,0,0,0,0,0,0,0,0,10000,0,0,0,10000,0,10000,10000
060944,國泰金國票9A購01,0,0,0,0,0,0,0,0,0,10000,0,0,0,10000,0,10000,10000
060275,元黃金元大9A購01,0,0,0,0,0,0,0,0,0,10000,0,0,0,20000,10000,10000,10000
060167,禾聯碩永豐9A購01,0,0,0,0,0,0,0,0,0,10000,0,0,0,10000,0,10000,10000
060032,利勤永豐99購01  ,0,0,0,0,0,0,0,0,0,10000,0,0,0,10000,0,10000,10000
060575,大立光中信9B購02,0,0,0,0,0,0,0,0,0,10000,0,0,0,10000,0,10000,10000
060607,玉晶光凱基9A購06,0,0,0,0,0,0,0,0,0,10000,0,0,0,10000,0,10000,10000
060626,貿聯元大9A購04  ,0,0,0,0,0,0,0,0,0,10000,0,0,0,30000,20000,10000,10000
060531,大立光中信9A購04,0,0,0,0,0,0,0,0,0,10000,0,0,0,10000,0,10000,10000
060538,S&P反1凱基9A購01,0,0,0,0,0,0,0,0,0,10000,0,0,0,10000,0,10000,10000
060510,大立光元大9A購03,0,0,0,0,0,0,0,0,0,10000,0,0,0,10000,0,10000,10000
060634,矽創富邦9B購01  ,0,0,0,0,0,0,0,0,0,10000,0,0,0,10000,0,10000,10000
060636,大毅永豐9A購02  ,0,0,0,0,0,0,0,0,0,10000,0,0,0,10000,0,10000,10000
061870,智邦元大9B購02  ,0,0,0,0,0,0,0,0,0,10000,0,0,0,10000,0,10000,10000
061880,台郡元大9B購02  ,0,0,0,0,0,0,0,0,0,10000,0,0,0,10000,0,10000,10000
061833,華新科凱基02購01,0,0,0,0,0,0,0,0,0,10000,0,0,0,20000,10000,10000,10000
061688,華通群益9A購07  ,0,0,0,0,0,0,0,0,0,10000,0,0,0,10000,0,10000,10000
061947,旺宏群益9B購02  ,0,0,0,0,0,0,0,0,0,10000,0,0,0,10000,0,10000,10000
059783,旺宏元大99購17  ,0,0,0,0,0,0,0,0,0,10000,0,0,0,10000,0,10000,10000
059831,聯詠康和99購01  ,0,0,0,0,0,0,0,0,0,10000,0,0,0,10000,0,10000,10000
059817,華通凱基99購05  ,0,0,0,0,0,0,0,0,0,10000,0,0,0,10000,0,10000,10000
059706,嘉晶凱基99購01  ,0,0,0,0,0,0,0,0,0,10000,0,0,0,14000,4000,10000,10000
062394,大立光富邦02購01,0,0,0,0,0,0,0,0,0,10000,0,0,0,10000,0,10000,10000
059928,道瓊銀富邦03購01,0,0,0,0,0,0,0,0,0,10000,0,0,0,20000,10000,10000,10000
059887,華新科國票99購02,0,0,0,0,0,0,0,0,0,10000,0,0,0,10000,0,10000,10000
059875,信邦凱基99購02  ,0,0,0,0,0,0,0,0,0,10000,0,0,0,20000,10000,10000,10000
062359,旺宏元大9C購02  ,0,0,0,0,0,0,0,0,0,10000,0,0,0,10000,0,10000,10000
062346,智邦群益9B購02  ,0,0,0,0,0,0,0,0,0,10000,0,0,0,16000,6000,10000,10000
059693,智原永豐99購01  ,0,0,0,0,0,0,0,0,0,10000,0,0,0,10000,0,10000,10000
061453,台達電凱基9B購01,0,0,0,0,0,0,0,0,0,10000,0,0,0,10000,0,10000,10000
061552,南六群益9A購02  ,0,0,0,0,0,0,0,0,0,10000,0,0,0,10000,0,10000,10000
061561,義隆國票9A購02  ,0,0,0,0,0,0,0,0,0,10000,0,0,0,10000,0,10000,10000
061139,玉晶光統一9C購02,0,0,0,0,0,0,0,0,0,10000,0,0,0,10000,0,10000,10000
059475,元石油群益99購02,0,0,0,0,0,0,0,0,0,10000,0,0,0,10000,0,10000,10000
059512,晶豪科永豐99購02,0,0,0,0,0,0,0,0,0,10000,0,0,0,10000,0,10000,10000
062040,玉晶光凱基01購01,0,0,0,0,0,0,0,0,0,10000,0,0,0,11000,1000,10000,10000
062020,智伸科永豐9B購01,0,0,0,0,0,0,0,0,0,10000,0,0,0,81000,71000,10000,10000
062224,玉晶光統一9C購03,0,0,0,0,0,0,0,0,0,10000,0,0,0,10000,0,10000,10000
060436,巨大永豐9A購01  ,0,0,0,0,0,0,0,0,0,10000,0,0,0,10000,0,10000,10000
060392,華擎群益9C購02  ,0,0,0,0,0,0,0,0,0,10000,0,0,0,10000,0,10000,10000
060411,達新永豐9A購01  ,0,0,0,0,0,0,0,0,0,10000,0,0,0,11000,1000,10000,10000
062262,茂林元大9B購02  ,0,0,0,0,0,0,0,0,0,10000,0,0,0,10000,0,10000,10000
062269,葡萄王群益9B購01,0,0,0,0,0,0,0,0,0,10000,0,0,0,10000,0,10000,10000
064257,台勝科國泰01購01,0,0,0,0,0,0,0,0,0,10000,0,0,0,221000,211000,10000,10000
064218,南六凱基01購01  ,0,0,0,0,0,0,0,0,0,10000,0,0,0,10000,0,10000,10000
064175,華通國泰02購01  ,0,0,0,0,0,0,0,0,0,10000,0,0,0,11000,1000,10000,10000
064082,緯創中信06購01  ,0,0,0,0,0,0,0,0,0,10000,0,0,0,10000,0,10000,10000
06407P,創意元富97售02  ,0,0,0,0,0,0,0,0,0,10000,0,0,0,10000,0,10000,10000
064104,TPK群益9C購02   ,0,0,0,0,0,0,0,0,0,10000,0,0,0,30000,20000,10000,10000
064517,國巨群益02購01  ,0,0,0,0,0,0,0,0,0,10000,0,0,0,20000,10000,10000,10000
064379,TPK元富9C購01   ,0,0,0,0,0,0,0,0,0,10000,0,0,0,19000,9000,10000,10000
064540,神達麥證01購01  ,0,0,0,10000,0,10000,0,0,0,10000,0,0,0,10000,0,10000,10000
064558,台積電群益9C購08,0,0,0,0,0,0,0,0,0,10000,0,0,0,10000,0,10000,10000
064581,葡萄王永豐9C購01,0,0,0,0,0,0,0,0,0,10000,0,0,0,10000,0,10000,10000
064666,華新科元大02購01,0,0,0,0,0,0,0,0,0,10000,0,0,0,10000,0,10000,10000
063652,國泰金台新9B購01,0,0,0,0,0,0,0,0,0,10000,0,0,0,10000,0,10000,10000
06352P,臺股指富邦99售02,0,0,0,0,0,0,0,0,0,10000,0,0,0,16000,6000,10000,10000
063859,國巨國泰01購03  ,0,0,0,0,0,0,0,0,0,10000,0,0,0,30000,20000,10000,10000
063786,瑞昱中信06購01  ,0,0,0,0,0,0,0,0,0,10000,0,0,0,40000,30000,10000,10000
063699,國巨群益9B購07  ,0,0,0,0,0,0,0,0,0,10000,0,0,0,15000,5000,10000,10000
063769,玉晶光國泰02購01,0,0,0,0,0,0,0,0,0,10000,0,0,0,11000,1000,10000,10000
063749,聯發科國票9C購04,0,0,0,0,0,0,0,0,0,10000,0,0,0,10000,0,10000,10000
063986,聯發科富邦02購01,0,0,0,0,0,0,0,0,0,10000,0,0,0,10000,0,10000,10000
063903,國巨麥證01購01  ,0,0,0,10000,0,10000,0,0,0,10000,0,0,0,10000,0,10000,10000
063878,國巨元富9C購01  ,0,0,0,0,0,0,0,0,0,10000,0,0,0,10000,0,10000,10000
063899,同欣電群益9C購01,0,0,0,0,0,0,0,0,0,10000,0,0,0,10000,0,10000,10000
063925,祥碩元富9C購01  ,0,0,0,0,0,0,0,0,0,10000,0,0,0,10000,0,10000,10000
065793,旭富永豐9C購02  ,0,0,0,0,0,0,0,0,0,10000,0,0,0,10000,0,10000,10000
065884,智原元富9C購02  ,0,0,0,0,0,0,0,0,0,10000,0,0,0,10000,0,10000,10000
065833,中租凱基02購01  ,0,0,0,0,0,0,0,0,0,10000,0,0,0,20000,10000,10000,10000
065660,晶豪科永豐9C購01,0,0,0,0,0,0,0,0,0,10000,0,0,0,35000,25000,10000,10000
065637,台灣50元大9C購50,0,0,0,0,0,0,0,0,0,10000,0,0,0,10000,0,10000,10000
065594,華通元大01購02  ,0,0,0,0,0,0,0,0,0,10000,0,0,0,10000,0,10000,10000
065257,友訊元大01購01  ,0,0,0,0,0,0,0,0,0,10000,0,0,0,10000,0,10000,10000
065089,大立光元大9C購23,0,0,0,0,0,0,0,0,0,10000,0,0,0,10000,0,10000,10000
065122,電子類富邦9C購01,0,0,0,0,0,0,0,0,0,10000,0,0,0,10000,0,10000,10000
065166,台達電元大9C購04,0,0,0,0,0,0,0,0,0,10000,0,0,0,10000,0,10000,10000
065152,燿華群益9C購02  ,0,0,0,0,0,0,0,0,0,10000,0,0,0,10000,0,10000,10000
065153,金像電群益9C購03,0,0,0,0,0,0,0,0,0,10000,0,0,0,10000,0,10000,10000
065019,華邦電富邦9C購01,0,0,0,0,0,0,0,0,0,10000,0,0,0,15000,5000,10000,10000
065039,國巨凱基02購02  ,0,0,0,0,0,0,0,0,0,10000,0,0,0,10000,0,10000,10000
064945,中橡凱基9C購01  ,0,0,0,0,0,0,0,0,0,10000,0,0,0,10000,0,10000,10000
064890,聯電群益9C購02  ,0,0,0,0,0,0,0,0,0,10000,0,0,0,160000,150000,10000,10000
064814,祥碩元大9C購06  ,0,10000,-10000,0,0,0,0,0,0,20000,0,0,0,129000,109000,20000,10000
1615,大山            ,16000,6000,10000,0,0,0,0,0,0,0,0,0,0,0,0,0,10000
1906,寶隆            ,94000,84000,10000,0,0,0,0,0,0,0,0,0,0,0,0,0,10000
2028,威致            ,10000,0,10000,0,0,0,0,0,0,0,0,0,0,0,0,0,10000
1507,永大            ,46000,36000,10000,0,0,0,0,0,0,0,0,0,0,0,0,0,10000
1225,福懋油          ,32000,22000,10000,0,0,0,0,0,0,0,0,0,0,0,0,0,10000
1203,味王            ,17000,7000,10000,0,0,0,0,0,0,0,0,0,0,0,0,0,10000
2450,神腦            ,18000,17000,1000,0,0,0,0,0,0,9000,9000,0,9000,0,0,0,10000
2427,三商電          ,29000,19000,10000,0,0,0,0,0,0,0,0,0,0,0,0,0,10000
2611,志信            ,20000,10000,10000,0,0,0,0,0,0,0,0,0,0,0,0,0,10000
2506,太設            ,29000,19000,10000,0,0,0,0,0,0,0,0,0,0,0,0,0,10000
2722,夏都            ,16000,6000,10000,0,0,0,0,0,0,0,0,0,0,0,0,0,10000
3004,豐達科          ,83000,33000,50000,0,0,0,0,40000,-40000,0,0,0,0,0,0,0,10000
6666,羅麗芬-KY       ,11000,1000,10000,0,0,0,0,0,0,0,0,0,0,0,0,0,10000
9929,秋雨            ,10000,0,10000,0,0,0,0,0,0,0,0,0,0,0,0,0,10000
2451,創見            ,222000,208570,13430,0,0,0,0,0,0,-4000,10000,0,10000,0,14000,-14000,9430
066327,強茂永豐01購01  ,0,0,0,0,0,0,0,0,0,9000,0,0,0,58000,49000,9000,9000
066484,瑞昱元富07購01  ,0,0,0,0,0,0,0,0,0,9000,0,0,0,10000,1000,9000,9000
066948,聯發科元大01購16,0,0,0,0,0,0,0,0,0,9000,0,0,0,19000,10000,9000,9000
066592,大立光群益01購06,0,0,0,0,0,0,0,0,0,9000,0,0,0,10000,1000,9000,9000
066654,上証2X凱基03購02,0,0,0,0,0,0,0,0,0,9000,0,0,0,20000,11000,9000,9000
08168P,金像電群益9B售03,0,0,0,0,0,0,0,0,0,9000,0,0,0,79000,70000,9000,9000
08314P,國巨元大9C售14  ,0,0,0,0,0,0,0,0,0,9000,0,0,0,10000,1000,9000,9000
07803P,南亞科永豐9A售02,0,0,0,0,0,0,0,0,0,9000,0,0,0,13000,4000,9000,9000
058323,泰鼎永豐9A購01  ,0,0,0,0,0,0,0,0,0,9000,0,0,0,10000,1000,9000,9000
058326,祥碩台新99購01  ,0,0,0,0,0,0,0,0,0,9000,0,0,0,9000,0,9000,9000
058290,南電國票9A購01  ,0,0,0,0,0,0,0,0,0,9000,0,0,0,9000,0,9000,9000
057406,茂林群益98購03  ,0,0,0,0,0,0,0,0,0,9000,0,0,0,9000,0,9000,9000
057874,可成元大99購02  ,0,0,0,0,0,0,0,0,0,9000,0,0,0,9000,0,9000,9000
061279,鴻海統一9C購04  ,0,0,0,0,0,0,0,0,0,9000,0,0,0,10000,1000,9000,9000
061120,台積電永豐9A購03,0,0,0,0,0,0,0,0,0,9000,0,0,0,9000,0,9000,9000
057692,臺股指凱基98購10,0,0,0,0,0,0,0,0,0,9000,0,0,0,21000,12000,9000,9000
055998,臺股指富邦99購01,0,0,0,0,0,0,0,0,0,9000,0,0,0,9000,0,9000,9000
055812,台積電國票99購02,0,0,0,0,0,0,0,0,0,9000,0,0,0,9000,0,9000,9000
056677,智伸科元富98購01,0,0,0,0,0,0,0,0,0,9000,0,0,0,115000,106000,9000,9000
056669,貿聯國票99購01  ,0,0,0,0,0,0,0,0,0,9000,0,0,0,9000,0,9000,9000
056637,台光電日盛9A購01,0,0,0,0,0,0,0,0,0,9000,0,0,0,9000,0,9000,9000
054098,嘉晶國票97購04  ,0,0,0,0,0,0,0,0,0,9000,0,0,0,9000,0,9000,9000
01001T,土銀富邦R1      ,31000,0,31000,0,0,0,0,0,0,-22000,0,22000,-22000,0,0,0,9000
052738,聯電元大98購02  ,0,0,0,0,0,0,0,0,0,9000,0,0,0,28000,19000,9000,9000
062068,滬深2X元大9B購02,0,0,0,0,0,0,0,0,0,9000,0,0,0,10000,1000,9000,9000
061564,華擎國票9A購02  ,0,0,0,0,0,0,0,0,0,9000,0,0,0,14000,5000,9000,9000
061395,健策統一9C購02  ,0,0,0,0,0,0,0,0,0,9000,0,0,0,12000,3000,9000,9000
059868,台光電凱基99購03,0,0,0,0,0,0,0,0,0,9000,0,0,0,9000,0,9000,9000
059754,訊芯群益9A購01  ,0,0,0,0,0,0,0,0,0,9000,0,0,0,10000,1000,9000,9000
059034,華通群益9B購02  ,0,0,0,0,0,0,0,0,0,9000,0,0,0,9000,0,9000,9000
061771,玉晶光元大9C購04,0,0,0,0,0,0,0,0,0,9000,0,0,0,10000,1000,9000,9000
060030,晶相光永豐99購03,0,0,0,0,0,0,0,0,0,9000,0,0,0,20000,11000,9000,9000
060234,凱美元大9C購01  ,0,0,0,0,0,0,0,0,0,9000,0,0,0,9000,0,9000,9000
060928,明泰永豐9A購01  ,0,0,0,0,0,0,0,0,0,9000,0,0,0,25000,16000,9000,9000
062434,華通元大9B購04  ,0,0,0,0,0,0,0,0,0,9000,0,0,0,37000,28000,9000,9000
062450,臻鼎元大9B購02  ,0,0,0,0,0,0,0,0,0,9000,0,0,0,75000,66000,9000,9000
062559,嘉晶凱基9B購02  ,0,0,0,0,0,0,0,0,0,9000,0,0,0,26000,17000,9000,9000
063236,旺宏元大9B購07  ,0,0,0,0,0,0,0,0,0,9000,0,0,0,60000,51000,9000,9000
063218,台塑群益9B購01  ,0,0,0,0,0,0,0,0,0,9000,0,0,0,10000,1000,9000,9000
064903,新唐群益9C購01  ,0,0,0,0,0,0,0,0,0,9000,0,0,0,15000,6000,9000,9000
06491P,台積電富邦99售02,0,0,0,0,0,0,0,0,0,9000,0,0,0,9000,0,9000,9000
064854,祥碩麥證9C購01  ,0,0,0,62000,53000,9000,0,0,0,9000,0,0,0,62000,53000,9000,9000
065015,上証2X富邦01購01,0,0,0,0,0,0,0,0,0,9000,0,0,0,10000,1000,9000,9000
065292,緯創群益9C購01  ,0,0,0,0,0,0,0,0,0,9000,0,0,0,73000,64000,9000,9000
065656,聯發科國泰03購01,0,0,0,0,0,0,0,0,0,9000,0,0,0,43000,34000,9000,9000
065548,台達電凱基01購02,0,0,0,0,0,0,0,0,0,9000,0,0,0,20000,11000,9000,9000
063492,台積電富邦02購02,0,0,0,0,0,0,0,0,0,9000,0,0,0,41000,32000,9000,9000
064401,台達電凱基06購01,0,0,0,0,0,0,0,0,0,9000,0,0,0,40000,31000,9000,9000
064458,玉晶光統一01購09,0,0,0,0,0,0,0,0,0,9000,0,0,0,9000,0,9000,9000
064101,可成群益01購01  ,0,0,0,0,0,0,0,0,0,9000,0,0,0,16000,7000,9000,9000
064276,聯發科元大9C購07,0,0,0,0,0,0,0,0,0,9000,0,0,0,9000,0,9000,9000
064311,新光金群益01購02,0,0,0,0,0,0,0,0,0,9000,0,0,0,107000,98000,9000,9000
2543,皇昌            ,10000,1000,9000,0,0,0,0,0,0,0,0,0,0,0,0,0,9000
3308,聯德            ,9000,0,9000,0,0,0,0,0,0,0,0,0,0,0,0,0,9000
1539,巨庭            ,10000,1000,9000,0,0,0,0,0,0,0,0,0,0,0,0,0,9000
1445,大宇            ,14000,5000,9000,0,0,0,0,0,0,0,0,0,0,0,0,0,9000
1453,大將            ,11000,2000,9000,0,0,0,0,0,0,0,0,0,0,0,0,0,9000
2009,第一銅          ,56000,47000,9000,0,0,0,0,0,0,0,0,0,0,0,0,0,9000
1809,中釉            ,24000,15000,9000,0,0,0,0,0,0,0,0,0,0,0,0,0,9000
1713,國化            ,12000,3000,9000,0,0,0,0,0,0,0,0,0,0,0,0,0,9000
1726,永記            ,10000,1000,9000,0,0,0,0,0,0,0,0,0,0,0,0,0,9000
9918,欣天然          ,12000,2000,10000,0,0,0,0,0,0,-1000,0,1000,-1000,0,0,0,9000
4540,全球傳動        ,43000,34000,9000,0,0,0,0,0,0,0,0,0,0,0,0,0,9000
08613P,同欣電凱基9C售04,10000,0,10000,0,0,0,0,0,0,-2000,0,0,0,18000,20000,-2000,8000
066929,國巨國票02購03  ,0,0,0,0,0,0,0,0,0,8000,0,0,0,8000,0,8000,8000
06777P,鴻海元大99售06  ,0,0,0,0,0,0,0,0,0,8000,0,0,0,88000,80000,8000,8000
066415,台積電元大01購11,0,0,0,0,0,0,0,0,0,8000,0,0,0,8000,0,8000,8000
066547,台積電元大01購14,0,0,0,0,0,0,0,0,0,8000,0,0,0,13000,5000,8000,8000
066380,瑞昱康和01購02  ,0,0,0,0,0,0,0,0,0,8000,0,0,0,76000,68000,8000,8000
066404,瑞祺凱基02購01  ,0,0,0,0,0,0,0,0,0,8000,0,0,0,13000,5000,8000,8000
066397,智原凱基01購01  ,0,0,0,0,0,0,0,0,0,8000,0,0,0,8000,0,8000,8000
06613P,華新科富邦9A售03,0,0,0,0,0,0,0,0,0,8000,0,0,0,8000,0,8000,8000
066038,台積電元大01購07,0,0,0,0,0,0,0,0,0,8000,0,0,0,8000,0,8000,8000
066086,東元永豐01購01  ,0,0,0,0,0,0,0,0,0,8000,0,0,0,90000,82000,8000,8000
065973,嘉晶元大01購03  ,0,0,0,0,0,0,0,0,0,8000,0,0,0,56000,48000,8000,8000
056598,京元電元富98購01,0,0,0,0,0,0,0,0,0,8000,0,0,0,40000,32000,8000,8000
054428,禾伸堂富邦98購01,0,0,0,0,0,0,0,0,0,8000,0,0,0,30000,22000,8000,8000
056718,GIS永豐98購01   ,0,0,0,0,0,0,0,0,0,8000,0,0,0,25000,17000,8000,8000
056041,禾伸堂凱基98購03,0,0,0,0,0,0,0,0,0,8000,0,0,0,8000,0,8000,8000
061338,台積電元大9A購28,0,0,0,0,0,0,0,0,0,8000,0,0,0,9000,1000,8000,8000
060307,南港永豐9A購01  ,0,0,0,0,0,0,0,0,0,8000,0,0,0,8000,0,8000,8000
060370,滬深2X元富04購01,0,0,0,0,0,0,0,0,0,8000,0,0,0,10000,2000,8000,8000
061066,嘉晶凱基9B購01  ,0,0,0,0,0,0,0,0,0,8000,0,0,0,9000,1000,8000,8000
057343,道瓊反統一9A購01,0,0,0,0,0,0,0,0,0,8000,0,0,0,8000,0,8000,8000
058295,欣興凱基99購02  ,0,0,0,0,0,0,0,0,0,8000,0,0,0,38000,30000,8000,8000
058189,嘉澤永豐99購01  ,0,20000,-20000,0,0,0,0,0,0,28000,0,0,0,28000,0,28000,8000
058704,台積電元大99購17,0,0,0,0,0,0,0,0,0,8000,0,0,0,23000,15000,8000,8000
063146,南六統一9B購02  ,0,0,0,0,0,0,0,0,0,8000,0,0,0,178000,170000,8000,8000
063107,矽創群益9B購01  ,0,0,0,0,0,0,0,0,0,8000,0,0,0,90000,82000,8000,8000
063124,奇力新元大9B購05,0,0,0,0,0,0,0,0,0,8000,0,0,0,8000,0,8000,8000
062619,台表科元大9B購03,0,0,0,0,0,0,0,0,0,8000,0,0,0,17000,9000,8000,8000
062532,聯詠統一9C購01  ,0,0,0,0,0,0,0,0,0,8000,0,0,0,8000,0,8000,8000
060661,台積電凱基9A購18,0,0,0,0,0,0,0,0,0,8000,0,0,0,9000,1000,8000,8000
061716,瑞儀凱基9B購01  ,0,0,0,0,0,0,0,0,0,8000,0,0,0,61000,53000,8000,8000
059075,FBVIX元大99購01 ,0,0,0,0,0,0,0,0,0,8000,0,0,0,8000,0,8000,8000
061933,光寶科國票9B購01,0,0,0,0,0,0,0,0,0,8000,0,0,0,8000,0,8000,8000
062318,台郡凱基9B購01  ,0,0,0,0,0,0,0,0,0,8000,0,0,0,28000,20000,8000,8000
061472,台積電元大9A購32,0,0,0,0,0,0,0,0,0,8000,0,0,0,8000,0,8000,8000
061520,健策中信9A購01  ,0,0,0,0,0,0,0,0,0,8000,0,0,0,20000,12000,8000,8000
061169,GIS兆豐9A購01   ,0,0,0,0,0,0,0,0,0,8000,0,0,0,8000,0,8000,8000
062003,國巨國泰01購01  ,0,0,0,0,0,0,0,0,0,8000,0,0,0,38000,30000,8000,8000
064152,義隆統一02購02  ,0,0,0,0,0,0,0,0,0,8000,0,0,0,11000,3000,8000,8000
064519,聯詠群益9C購01  ,0,0,0,0,0,0,0,0,0,8000,0,0,0,8000,0,8000,8000
064499,可成元大9C購07  ,0,0,0,0,0,0,0,0,0,8000,0,0,0,15000,7000,8000,8000
063430,台積電台新9B購07,0,0,0,0,0,0,0,0,0,8000,0,0,0,8000,0,8000,8000
063989,大立光永豐9C購01,0,0,0,0,0,0,0,0,0,8000,0,0,0,20000,12000,8000,8000
063999,日月光兆豐9C購01,0,0,0,0,0,0,0,0,0,8000,0,0,0,18000,10000,8000,8000
065448,緯創統一9C購01  ,0,0,0,0,0,0,0,0,0,8000,0,0,0,59000,51000,8000,8000
065758,嘉澤元大9C購03  ,0,0,0,0,0,0,0,0,0,8000,0,0,0,8000,0,8000,8000
065086,可成元大01購04  ,0,0,0,0,0,0,0,0,0,8000,0,0,0,37000,29000,8000,8000
064706,嘉晶富邦01購01  ,0,0,0,0,0,0,0,0,0,8000,0,0,0,16000,8000,8000,8000
4952,凌通            ,51000,44000,7000,0,0,0,0,0,0,1000,1000,0,1000,0,0,0,8000
4737,華廣            ,15000,7000,8000,0,0,0,0,0,0,0,0,0,0,0,0,0,8000
1233,天仁            ,9000,1000,8000,0,0,0,0,0,0,0,0,0,0,0,0,0,8000
2528,皇普            ,11000,6000,5000,0,0,0,0,0,0,3000,3000,0,3000,0,0,0,8000
2483,百容            ,5000,3000,2000,0,0,0,0,0,0,6000,6000,0,6000,0,0,0,8000
2373,震旦行          ,23000,15000,8000,0,0,0,0,0,0,0,0,0,0,0,0,0,8000
066426,台勝科元大01購02,0,0,0,0,0,0,0,0,0,7000,0,0,0,78000,71000,7000,7000
066980,台光電群益01購02,0,0,0,0,0,0,0,0,0,7000,0,0,0,7000,0,7000,7000
066657,滬深2X凱基04購01,0,0,0,0,0,0,0,0,0,7000,0,0,0,10000,3000,7000,7000
08554P,玉晶光國票01售06,0,0,0,0,0,0,0,0,0,7000,0,0,0,142000,135000,7000,7000
08390P,旺宏凱基9C售02  ,0,0,0,0,0,0,0,0,0,7000,0,0,0,19000,12000,7000,7000
08492P,大立光元大9C售22,0,0,0,0,0,0,0,0,0,7000,0,0,0,15000,8000,7000,7000
08458P,南電元大9C售04  ,0,0,0,0,0,0,0,0,0,7000,0,0,0,36000,29000,7000,7000
07913P,友達元大01售01  ,0,0,0,0,0,0,0,0,0,7000,0,0,0,107000,100000,7000,7000
058722,台郡元富99購01  ,0,0,0,0,0,0,0,0,0,7000,0,0,0,167000,160000,7000,7000
058938,台積電中信01購03,0,0,0,0,0,0,0,0,0,7000,0,0,0,30000,23000,7000,7000
056993,GIS兆豐99購01   ,0,0,0,0,0,0,0,0,0,7000,0,0,0,7000,0,7000,7000
059290,全新元富99購01  ,0,0,0,0,0,0,0,0,0,7000,0,0,0,9000,2000,7000,7000
061343,大立光元大9A購04,0,0,0,0,0,0,0,0,0,7000,0,0,0,7000,0,7000,7000
055781,聯詠凱基98購01  ,0,0,0,0,0,0,0,0,0,7000,0,0,0,60000,53000,7000,7000
054935,華通元大98購03  ,0,0,0,0,0,0,0,0,0,7000,0,0,0,17000,10000,7000,7000
056301,開發金元大9A購01,0,0,0,0,0,0,0,0,0,7000,0,0,0,30000,23000,7000,7000
054626,建準凱基98購01  ,0,0,0,0,0,0,0,0,0,7000,0,0,0,7000,0,7000,7000
047937,元金2X國票97購02,0,0,0,0,0,0,0,0,0,7000,0,0,0,7000,0,7000,7000
061654,旺宏國票9A購02  ,0,0,0,0,0,0,0,0,0,7000,0,0,0,7000,0,7000,7000
062249,台積電元大9B購01,0,0,0,0,0,0,0,0,0,7000,0,0,0,7000,0,7000,7000
060463,台積電元大9A購10,0,0,0,0,0,0,0,0,0,7000,0,0,0,27000,20000,7000,7000
061150,國巨群益9A購09  ,0,0,0,0,0,0,0,0,0,7000,0,0,0,99000,92000,7000,7000
059364,昇陽半永豐99購02,0,0,0,0,0,0,0,0,0,7000,0,0,0,7000,0,7000,7000
061389,華新科群益9B購01,0,0,0,0,0,0,0,0,0,7000,0,0,0,17000,10000,7000,7000
059086,國巨元大99購18  ,0,0,0,0,0,0,0,0,0,7000,0,0,0,8000,1000,7000,7000
059123,訊芯永豐99購03  ,0,0,0,0,0,0,0,0,0,7000,0,0,0,46000,39000,7000,7000
059145,創意國票99購02  ,0,0,0,0,0,0,0,0,0,7000,0,0,0,9000,2000,7000,7000
061693,華新科群益9B購02,0,0,0,0,0,0,0,0,0,7000,0,0,0,10000,3000,7000,7000
060265,宏達電國票9A購02,0,0,0,0,0,0,0,0,0,7000,0,0,0,17000,10000,7000,7000
060247,牧德元大9A購02  ,0,0,0,0,0,0,0,0,0,7000,0,0,0,7000,0,7000,7000
060248,日月光元大9A購01,0,0,0,0,0,0,0,0,0,7000,0,0,0,7000,0,7000,7000
060023,T50反1國泰9A購03,0,0,0,0,0,0,0,0,0,7000,0,0,0,7000,0,7000,7000
062549,中租永豐9B購01  ,0,0,0,0,0,0,0,0,0,7000,0,0,0,85000,78000,7000,7000
062451,瀚宇博元大9B購02,0,0,0,0,0,0,0,0,0,7000,0,0,0,8000,1000,7000,7000
062688,華擎統一01購03  ,0,0,0,0,0,0,0,0,0,7000,0,0,0,107000,100000,7000,7000
062823,台表科兆豐9B購01,0,0,0,0,0,0,0,0,0,7000,0,0,0,12000,5000,7000,7000
063067,緯穎麥證9B購01  ,0,0,0,7000,0,7000,0,0,0,7000,0,0,0,7000,0,7000,7000
063242,聯發科元大9B購19,0,0,0,0,0,0,0,0,0,7000,0,0,0,7000,0,7000,7000
06332P,世紀鋼群益98售01,0,0,0,0,0,0,0,0,0,7000,0,0,0,7000,0,7000,7000
064765,緯穎凱基9C購02  ,0,0,0,0,0,0,0,0,0,7000,0,0,0,9000,2000,7000,7000
064933,矽創統一01購01  ,0,0,0,0,0,0,0,0,0,7000,0,0,0,204000,197000,7000,7000
065207,奇力新國票9C購02,0,0,0,0,0,0,0,0,0,7000,0,0,0,93000,86000,7000,7000
065243,聯發科兆豐01購03,0,0,0,0,0,0,0,0,0,7000,0,0,0,7000,0,7000,7000
065853,智伸科元大9C購02,0,0,0,0,0,0,0,0,0,7000,0,0,0,183000,176000,7000,7000
065890,台積電統一03購01,0,0,0,0,0,0,0,0,0,7000,0,0,0,115000,108000,7000,7000
063747,國巨國票9C購06  ,0,0,0,0,0,0,0,0,0,7000,0,0,0,7000,0,7000,7000
063463,瑞昱元大9B購05  ,0,0,0,0,0,0,0,0,0,7000,0,0,0,10000,3000,7000,7000
063604,群創凱基01購02  ,0,0,0,0,0,0,0,0,0,7000,0,0,0,28000,21000,7000,7000
064640,和大凱基03購01  ,0,0,0,0,0,0,0,0,0,7000,0,0,0,50000,43000,7000,7000
064121,國巨元大9C購16  ,0,0,0,0,0,0,0,0,0,7000,0,0,0,57000,50000,7000,7000
064349,泰鼎元大9C購02  ,0,0,0,0,0,0,0,0,0,7000,0,0,0,17000,10000,7000,7000
2461,光群雷          ,110000,104000,6000,0,0,0,0,0,0,1000,1000,0,1000,0,0,0,7000
3266,昇陽            ,15000,8000,7000,0,0,0,0,0,0,0,0,0,0,0,0,0,7000
4755,三福化          ,15000,8000,7000,0,0,0,0,0,0,0,0,0,0,0,0,0,7000
6581,鋼聯            ,9000,2000,7000,0,0,0,0,0,0,0,0,0,0,0,0,0,7000
6214,精誠            ,258000,147000,111000,0,0,0,0,0,0,-104000,19000,123000,-104000,0,0,0,7000
08014P,微星凱基9B售02  ,0,0,0,0,0,0,0,0,0,6000,0,0,0,6000,0,6000,6000
07855P,旺宏凱基9A售09  ,0,0,0,0,0,0,0,0,0,6000,0,0,0,21000,15000,6000,6000
07235P,T50正2元大9C售02,0,0,0,0,0,0,0,0,0,6000,0,0,0,16000,10000,6000,6000
08165P,台表科永豐9B售02,0,0,0,0,0,0,0,0,0,6000,0,0,0,6000,0,6000,6000
08624P,力成群益9C售01  ,0,0,0,0,0,0,0,0,0,6000,0,0,0,6000,0,6000,6000
08793P,聯詠中信07售02  ,0,0,0,0,0,0,0,0,0,6000,0,0,0,76000,70000,6000,6000
08802P,聯發科元大01售14,0,0,0,0,0,0,0,0,0,6000,0,0,0,94000,88000,6000,6000
066708,嘉澤群益02購01  ,0,0,0,0,0,0,0,0,0,6000,0,0,0,88000,82000,6000,6000
066731,瑞昱元大01購01  ,0,0,0,0,0,0,0,0,0,6000,0,0,0,35000,29000,6000,6000
066637,瀚宇博凱基01購02,0,0,0,0,0,0,0,0,0,6000,0,0,0,46000,40000,6000,6000
067002,生達永豐01購02  ,0,0,0,0,0,0,0,0,0,6000,0,0,0,6000,0,6000,6000
066565,泰鼎元大01購01  ,0,0,0,0,0,0,0,0,0,6000,0,0,0,12000,6000,6000,6000
056401,國巨群益98購07  ,0,0,0,0,0,0,0,0,0,6000,0,0,0,6000,0,6000,6000
056407,嘉晶國票99購01  ,0,0,0,0,0,0,0,0,0,6000,0,0,0,6000,0,6000,6000
054630,聯鈞凱基98購01  ,0,0,0,0,0,0,0,0,0,6000,0,0,0,6000,0,6000,6000
054468,台郡凱基98購01  ,0,0,0,0,0,0,0,0,0,6000,0,0,0,6000,0,6000,6000
053854,聯茂國泰97購02  ,0,0,0,0,0,0,0,0,0,6000,0,0,0,6000,0,6000,6000
058474,鴻海凱基9A購06  ,0,0,0,0,0,0,0,0,0,6000,0,0,0,27000,21000,6000,6000
055689,台郡凱基99購01  ,0,0,0,0,0,0,0,0,0,6000,0,0,0,54000,48000,6000,6000
059230,滬深2X國票9B購02,0,0,0,0,0,0,0,0,0,6000,0,0,0,6000,0,6000,6000
060306,台肥永豐9A購01  ,0,0,0,0,0,0,0,0,0,6000,0,0,0,6000,0,6000,6000
058952,南茂群益99購01  ,0,0,0,0,0,0,0,0,0,6000,0,0,0,6000,0,6000,6000
057753,臺股指國票98購09,0,0,0,0,0,0,0,0,0,6000,0,0,0,6000,0,6000,6000
058847,國巨群益99購05  ,0,0,0,0,0,0,0,0,0,6000,0,0,0,6000,0,6000,6000
058643,T50正2富邦03購01,0,0,0,0,0,0,0,0,0,6000,0,0,0,6000,0,6000,6000
063312,台積電群益9B購07,0,0,0,0,0,0,0,0,0,6000,0,0,0,10000,4000,6000,6000
063233,國巨元大9B購19  ,0,0,0,0,0,0,0,0,0,6000,0,0,0,12000,6000,6000,6000
062889,可成群益9C購01  ,0,0,0,0,0,0,0,0,0,6000,0,0,0,9000,3000,6000,6000
062894,道瓊銀元大9B購02,0,0,0,0,0,0,0,0,0,6000,0,0,0,6000,0,6000,6000
062934,大成鋼凱基9B購02,0,0,0,0,0,0,0,0,0,6000,0,0,0,115000,109000,6000,6000
061010,上銀麥證9A購02  ,0,0,0,14000,8000,6000,0,0,0,6000,0,0,0,14000,8000,6000,6000
060011,臺股指群益9C購06,0,0,0,0,0,0,0,0,0,6000,0,0,0,7000,1000,6000,6000
060509,宏達電元大9A購02,0,0,0,0,0,0,0,0,0,6000,0,0,0,6000,0,6000,6000
061782,智邦群益9B購01  ,0,30000,-30000,0,0,0,0,0,0,36000,0,0,0,45000,9000,36000,6000
061851,智邦國票9B購01  ,0,0,0,0,0,0,0,0,0,6000,0,0,0,27000,21000,6000,6000
059728,聯鈞元大99購01  ,0,0,0,0,0,0,0,0,0,6000,0,0,0,9000,3000,6000,6000
059914,台積電元大99購47,0,0,0,0,0,0,0,0,0,6000,0,0,0,6000,0,6000,6000
059934,華通永豐99購02  ,0,0,0,0,0,0,0,0,0,6000,0,0,0,16000,10000,6000,6000
061524,華通凱基9A購07  ,0,0,0,0,0,0,0,0,0,6000,0,0,0,16000,10000,6000,6000
060462,鴻海元大9A購10  ,0,0,0,0,0,0,0,0,0,6000,0,0,0,50000,44000,6000,6000
061663,南六永豐9A購05  ,0,0,0,0,0,0,0,0,0,6000,0,0,0,11000,5000,6000,6000
062181,義隆元大9B購03  ,0,0,0,0,0,0,0,0,0,6000,0,0,0,8000,2000,6000,6000
062080,奇力新元大9B購02,0,0,0,0,0,0,0,0,0,6000,0,0,0,6000,0,6000,6000
062088,緯穎元大9B購04  ,0,0,0,0,0,0,0,0,0,6000,0,0,0,54000,48000,6000,6000
064113,新日興國票01購01,0,0,0,0,0,0,0,0,0,6000,0,0,0,6000,0,6000,6000
064080,宏達電中信06購01,0,0,0,0,0,0,0,0,0,6000,0,0,0,9000,3000,6000,6000
064192,巨大中信9C購01  ,0,0,0,0,0,0,0,0,0,6000,0,0,0,61000,55000,6000,6000
064566,大立光群益9C購04,0,0,0,0,0,0,0,0,0,6000,0,0,0,6000,0,6000,6000
064439,大立光凱基03購02,0,0,0,0,0,0,0,0,0,6000,0,0,0,8000,2000,6000,6000
063382,南茂永豐9B購01  ,0,0,0,0,0,0,0,0,0,6000,0,0,0,16000,10000,6000,6000
064020,華通元大01購01  ,0,0,0,0,0,0,0,0,0,6000,0,0,0,6000,0,6000,6000
065845,友達元大9C購12  ,0,0,0,0,0,0,0,0,0,6000,0,0,0,6000,0,6000,6000
06533P,上証2X中信9B售01,0,0,0,0,0,0,0,0,0,6000,0,0,0,7000,1000,6000,6000
065655,緯穎元大9C購05  ,0,0,0,0,0,0,0,0,0,6000,0,0,0,15000,9000,6000,6000
065046,玉晶光凱基01購03,0,0,0,0,0,0,0,0,0,6000,0,0,0,26000,20000,6000,6000
064862,創意富邦03購01  ,0,0,0,0,0,0,0,0,0,6000,0,0,0,6000,0,6000,6000
6164,華興            ,15000,9000,6000,0,0,0,0,0,0,0,0,0,0,0,0,0,6000
5525,順天            ,8000,2000,6000,0,0,0,0,0,0,0,0,0,0,0,0,0,6000
8411,福貞-KY         ,17000,11000,6000,0,0,0,0,0,0,0,0,0,0,0,0,0,6000
2438,翔耀            ,9000,4000,5000,0,0,0,0,0,0,1000,1000,0,1000,0,0,0,6000
1423,利華            ,11000,5000,6000,0,0,0,0,0,0,0,0,0,0,0,0,0,6000
1724,台硝            ,10000,4000,6000,0,0,0,0,0,0,0,0,0,0,0,0,0,6000
066563,日月光元大01購01,0,0,0,0,0,0,0,0,0,5000,0,0,0,10000,5000,5000,5000
066362,瑞昱中信05購01  ,0,0,0,0,0,0,0,0,0,5000,0,0,0,105000,100000,5000,5000
066325,可成永豐01購01  ,0,0,0,0,0,0,0,0,0,5000,0,0,0,5000,0,5000,5000
066130,燿華群益01購03  ,0,0,0,0,0,0,0,0,0,5000,0,0,0,5000,0,5000,5000
066180,正文凱基01購01  ,0,0,0,0,0,0,0,0,0,5000,0,0,0,5000,0,5000,5000
066255,英利元大01購01  ,0,0,0,0,0,0,0,0,0,5000,0,0,0,25000,20000,5000,5000
066724,台達電元大01購01,0,0,0,0,0,0,0,0,0,5000,0,0,0,5000,0,5000,5000
08738P,TPK凱基01售02   ,0,0,0,0,0,0,0,0,0,5000,0,0,0,92000,87000,5000,5000
08668P,燿華群益01售01  ,0,0,0,0,0,0,0,0,0,5000,0,0,0,10000,5000,5000,5000
08577P,臺指2X中信03售01,0,0,0,0,0,0,0,0,0,5000,0,0,0,30000,25000,5000,5000
08138P,台灣50元大9B售25,0,0,0,0,0,0,0,0,0,5000,0,0,0,10000,5000,5000,5000
08301P,台積電兆豐9C售02,0,0,0,0,0,0,0,0,0,5000,0,0,0,60000,55000,5000,5000
08269P,臺股指元大9C售07,0,0,0,0,0,0,0,0,0,5000,0,0,0,5000,0,5000,5000
07354P,臺股指國票99售22,0,0,0,0,0,0,0,0,0,5000,0,0,0,5000,0,5000,5000
07428P,華新科國票9A售01,0,0,0,0,0,0,0,0,0,5000,0,0,0,10000,5000,5000,5000
07586P,FBVIX台新9A售01 ,0,0,0,0,0,0,0,0,0,5000,0,0,0,5000,0,5000,5000
06891P,緯穎富邦99售03  ,0,0,0,0,0,0,0,0,0,5000,0,0,0,10000,5000,5000,5000
06990P,康友元富99售03  ,0,0,0,0,0,0,0,0,0,5000,0,0,0,5000,0,5000,5000
07114P,旺宏兆豐9A售01  ,0,0,0,0,0,0,0,0,0,5000,0,0,0,5000,0,5000,5000
07821P,臺股指國票9A售12,0,0,0,0,0,0,0,0,0,5000,0,0,0,5000,0,5000,5000
07660P,聯茂凱基9A售03  ,0,0,0,0,0,0,0,0,0,5000,0,0,0,5000,0,5000,5000
07686P,祥碩凱基9A售02  ,0,0,0,0,0,0,0,0,0,5000,0,0,0,5000,0,5000,5000
08098P,大立光凱基9B售09,0,0,0,0,0,0,0,0,0,5000,0,0,0,5000,0,5000,5000
07926P,上銀統一9B售02  ,0,0,0,0,0,0,0,0,0,5000,0,0,0,55000,50000,5000,5000
058405,訊連元大99購02  ,0,0,0,0,0,0,0,0,0,5000,0,0,0,5000,0,5000,5000
058401,華航元大9A購01  ,0,0,0,0,0,0,0,0,0,5000,0,0,0,35000,30000,5000,5000
058347,玉晶光群益9B購01,0,0,0,0,0,0,0,0,0,5000,0,0,0,6000,1000,5000,5000
058370,聯詠凱基99購01  ,0,0,0,0,0,0,0,0,0,5000,0,0,0,5000,0,5000,5000
058243,華擎元大99購01  ,0,0,0,0,0,0,0,0,0,5000,0,0,0,5000,0,5000,5000
058051,同欣電元大98購03,0,0,0,0,0,0,0,0,0,5000,0,0,0,5000,0,5000,5000
058047,可成元大98購11  ,0,0,0,0,0,0,0,0,0,5000,0,0,0,5000,0,5000,5000
058127,FBVIX元大9C購01 ,0,0,0,0,0,0,0,0,0,5000,0,0,0,5000,0,5000,5000
058133,華新科元大9A購02,0,0,0,0,0,0,0,0,0,5000,0,0,0,5000,0,5000,5000
057992,大立光日盛98購01,0,0,0,0,0,0,0,0,0,5000,0,0,0,5000,0,5000,5000
058874,聯鈞國票9A購01  ,0,0,0,0,0,0,0,0,0,5000,0,0,0,51000,46000,5000,5000
058721,立積元富9C購01  ,0,0,0,0,0,0,0,0,0,5000,0,0,0,5000,0,5000,5000
058702,國巨元大99購16  ,0,0,0,0,0,0,0,0,0,5000,0,0,0,5000,0,5000,5000
058948,道瓊銀群益9C購01,0,0,0,0,0,0,0,0,0,5000,0,0,0,7000,2000,5000,5000
058957,貿聯國票9A購01  ,0,0,0,0,0,0,0,0,0,5000,0,0,0,5000,0,5000,5000
057700,新日興群益9A購01,0,0,0,0,0,0,0,0,0,5000,0,0,0,5000,0,5000,5000
056894,佳世達元大99購01,0,0,0,0,0,0,0,0,0,5000,0,0,0,30000,25000,5000,5000
056864,新日興群益99購01,0,0,0,0,0,0,0,0,0,5000,0,0,0,5000,0,5000,5000
059277,群創元大99購05  ,0,0,0,0,0,0,0,0,0,5000,0,0,0,43000,38000,5000,5000
057872,旺宏元大99購06  ,0,0,0,0,0,0,0,0,0,5000,0,0,0,5000,0,5000,5000
059194,元金2X永豐99購01,0,0,0,0,0,0,0,0,0,5000,0,0,0,5000,0,5000,5000
056961,凱美永豐98購01  ,0,0,0,0,0,0,0,0,0,5000,0,0,0,5000,0,5000,5000
057384,台灣50永豐99購02,0,0,0,0,0,0,0,0,0,5000,0,0,0,5000,0,5000,5000
057498,台郡元大98購04  ,0,0,0,0,0,0,0,0,0,5000,0,0,0,5000,0,5000,5000
057472,T50正2元大9B購03,0,0,0,0,0,0,0,0,0,5000,0,0,0,5000,0,5000,5000
055589,台光電元大98購04,0,0,0,0,0,0,0,0,0,5000,0,0,0,10000,5000,5000,5000
055502,群創元大9C購03  ,0,0,0,0,0,0,0,0,0,5000,0,0,0,5000,0,5000,5000
056614,智邦永豐98購01  ,0,0,0,0,0,0,0,0,0,5000,0,0,0,5000,0,5000,5000
057624,新日興國泰99購01,0,0,0,0,0,0,0,0,0,5000,0,0,0,5000,0,5000,5000
058507,美律元大9A購01  ,0,0,0,0,0,0,0,0,0,5000,0,0,0,5000,0,5000,5000
058576,南亞科群益99購01,0,0,0,0,0,0,0,0,0,5000,0,0,0,5000,0,5000,5000
058416,鴻海麥證99購01  ,0,0,0,32000,5000,27000,0,0,0,5000,0,0,0,32000,27000,5000,5000
056366,玉晶光元大99購04,0,0,0,0,0,0,0,0,0,5000,0,0,0,12000,7000,5000,5000
03430B,臺股指元大9B熊01,0,0,0,0,0,0,0,0,0,5000,0,0,0,5000,0,5000,5000
039212,台達電台新9A購01,0,0,0,0,0,0,0,0,0,5000,0,0,0,5000,0,5000,5000
03682C,臺股指凱基9C牛07,0,0,0,0,0,0,0,0,0,5000,0,0,0,5000,0,5000,5000
02001L,富邦蘋果正二N   ,0,0,0,0,0,0,0,0,0,5000,0,0,0,5000,0,5000,5000
054555,欣興凱基98購01  ,0,0,0,0,0,0,0,0,0,5000,0,0,0,5000,0,5000,5000
056569,T50正2元大9B購02,0,0,0,0,0,0,0,0,0,5000,0,0,0,5000,0,5000,5000
056541,智原凱基98購03  ,0,0,0,0,0,0,0,0,0,5000,0,0,0,5000,0,5000,5000
056513,臻鼎亞東99購01  ,0,0,0,0,0,0,0,0,0,5000,0,0,0,5000,0,5000,5000
056485,同欣電元大98購01,0,0,0,0,0,0,0,0,0,5000,0,0,0,5000,0,5000,5000
056414,國巨中信98購02  ,0,0,0,0,0,0,0,0,0,5000,0,0,0,5000,0,5000,5000
056429,華通凱基98購02  ,0,0,0,0,0,0,0,0,0,5000,0,0,0,25000,20000,5000,5000
051047,深中小群益99購01,0,0,0,0,0,0,0,0,0,5000,0,0,0,5000,0,5000,5000
052130,國巨凱基9B購01  ,0,0,0,0,0,0,0,0,0,5000,0,0,0,5000,0,5000,5000
062029,牧德群益9B購03  ,0,0,0,0,0,0,0,0,0,5000,0,0,0,5000,0,5000,5000
061640,智原元大9A購01  ,0,0,0,0,0,0,0,0,0,5000,0,0,0,20000,15000,5000,5000
061386,道瓊銀群益9A購03,0,0,0,0,0,0,0,0,0,5000,0,0,0,5000,0,5000,5000
061366,台勝科國票9A購01,0,0,0,0,0,0,0,0,0,5000,0,0,0,10000,5000,5000,5000
059912,國巨元大99購28  ,0,0,0,0,0,0,0,0,0,5000,0,0,0,6000,1000,5000,5000
059727,大立光元大9A購01,0,0,0,0,0,0,0,0,0,5000,0,0,0,11000,6000,5000,5000
062370,華擎元大9B購01  ,0,0,0,0,0,0,0,0,0,5000,0,0,0,5000,0,5000,5000
061811,A50正2群益01購03,0,0,0,0,0,0,0,0,0,5000,0,0,0,5000,0,5000,5000
060597,華通凱基9A購04  ,0,0,0,0,0,0,0,0,0,5000,0,0,0,5000,0,5000,5000
060065,大立光兆豐9B購01,0,0,0,0,0,0,0,0,0,5000,0,0,0,5000,0,5000,5000
060050,鴻海凱基9B購01  ,0,0,0,0,0,0,0,0,0,5000,0,0,0,5000,0,5000,5000
060107,旭富元大99購03  ,0,0,0,0,0,0,0,0,0,5000,0,0,0,84000,79000,5000,5000
060189,宏達電元富9B購03,0,0,0,0,0,0,0,0,0,5000,0,0,0,5000,0,5000,5000
061019,大毅國票9A購01  ,0,0,0,0,0,0,0,0,0,5000,0,0,0,15000,10000,5000,5000
062485,華通國泰01購01  ,0,0,0,0,0,0,0,0,0,5000,0,0,0,5000,0,5000,5000
062544,信錦永豐9B購01  ,0,0,0,0,0,0,0,0,0,5000,0,0,0,5000,0,5000,5000
062525,鴻海統一9C購10  ,0,0,0,0,0,0,0,0,0,5000,0,0,0,10000,5000,5000,5000
060764,華擎元大9A購03  ,0,0,0,0,0,0,0,0,0,5000,0,0,0,15000,10000,5000,5000
060878,奇力新中信9C購01,0,0,0,0,0,0,0,0,0,5000,0,0,0,5000,0,5000,5000
062992,聯發科群益9B購09,0,0,0,0,0,0,0,0,0,5000,0,0,0,46000,41000,5000,5000
062909,大立光元大9C購04,0,0,0,0,0,0,0,0,0,5000,0,0,0,15000,10000,5000,5000
062779,台積電元大9B購03,0,0,0,0,0,0,0,0,0,5000,0,0,0,5000,0,5000,5000
063212,聯發科國票9C購02,0,0,0,0,0,0,0,0,0,5000,0,0,0,5000,0,5000,5000
063284,大立光元大9B購07,0,0,0,0,0,0,0,0,0,5000,0,0,0,5000,0,5000,5000
063087,南六凱基9C購02  ,0,0,0,0,0,0,0,0,0,5000,0,0,0,10000,5000,5000,5000
063150,聯發科元富05購03,0,0,0,0,0,0,0,0,0,5000,0,0,0,5000,0,5000,5000
064728,健策統一9C購04  ,0,0,0,0,0,0,0,0,0,5000,0,0,0,39000,34000,5000,5000
064844,道瓊指元富9C購01,0,0,0,0,0,0,0,0,0,5000,0,0,0,5000,0,5000,5000
064773,FBVIX群益9C購05 ,0,0,0,0,0,0,0,0,0,5000,0,0,0,5000,0,5000,5000
065093,新日興元大9C購03,0,0,0,0,0,0,0,0,0,5000,0,0,0,58000,53000,5000,5000
065465,麗豐中信9C購01  ,0,0,0,0,0,0,0,0,0,5000,0,0,0,15000,10000,5000,5000
065491,華新科國泰02購01,0,0,0,0,0,0,0,0,0,5000,0,0,0,10000,5000,5000,5000
065800,技嘉群益9C購01  ,0,0,0,0,0,0,0,0,0,5000,0,0,0,217000,212000,5000,5000
064015,立積國票01購01  ,0,0,0,0,0,0,0,0,0,5000,0,0,0,5000,0,5000,5000
063936,道瓊反元大9C購02,0,0,0,0,0,0,0,0,0,5000,0,0,0,10000,5000,5000,5000
063730,台積電元大9B購09,0,0,0,0,0,0,0,0,0,5000,0,0,0,106000,101000,5000,5000
063798,台積電凱基02購03,0,0,0,0,0,0,0,0,0,5000,0,0,0,5000,0,5000,5000
06364P,鴻海凱基97售08  ,0,0,0,0,0,0,0,0,0,5000,0,0,0,5000,0,5000,5000
064495,南亞科元大9C購03,0,0,0,0,0,0,0,0,0,5000,0,0,0,10000,5000,5000,5000
064636,臺股指元大9C購22,0,0,0,0,0,0,0,0,0,5000,0,0,0,5000,0,5000,5000
064684,巨大兆豐9C購01  ,0,0,0,0,0,0,0,0,0,5000,0,0,0,5000,0,5000,5000
064111,國巨國票02購02  ,0,0,0,0,0,0,0,0,0,5000,0,0,0,11000,6000,5000,5000
064345,創意元大9C購03  ,0,0,0,0,0,0,0,0,0,5000,0,0,0,5000,0,5000,5000
2033,佳大            ,12000,7000,5000,0,0,0,0,0,0,0,0,0,0,0,0,0,5000
1432,大魯閣          ,6000,1000,5000,0,0,0,0,0,0,0,0,0,0,0,0,0,5000
1454,台富            ,7000,2000,5000,0,0,0,0,0,0,0,0,0,0,0,0,0,5000
1443,立益            ,5000,0,5000,0,0,0,0,0,0,0,0,0,0,0,0,0,5000
1468,昶和            ,7000,2000,5000,0,0,0,0,0,0,0,0,0,0,0,0,0,5000
2440,太空梭          ,5000,0,5000,0,0,0,0,0,0,0,0,0,0,0,0,0,5000
2491,吉祥全          ,22000,17000,5000,0,0,0,0,0,0,0,0,0,0,0,0,0,5000
2530,華建            ,36000,31000,5000,0,0,0,0,0,0,0,0,0,0,0,0,0,5000
2712,遠雄來          ,5000,0,5000,0,0,0,0,0,0,0,0,0,0,0,0,0,5000
2634,漢翔            ,332000,322000,10000,0,0,0,0,2000,-2000,-3000,0,3000,-3000,0,0,0,5000
9906,欣巴巴          ,5000,0,5000,0,0,0,0,0,0,0,0,0,0,0,0,0,5000
6201,亞弘電          ,5000,3000,2000,0,0,0,0,0,0,3000,3000,0,3000,0,0,0,5000
4989,榮科            ,16000,12000,4000,0,0,0,0,0,0,1000,1000,0,1000,0,0,0,5000
07966P,瑞祺群益9B售02  ,0,0,0,0,0,0,0,0,0,4000,0,0,0,4000,0,4000,4000
07905P,大立光群益9B售04,0,0,0,0,0,0,0,0,0,4000,0,0,0,7000,3000,4000,4000
07849P,大立光群益9A售06,0,0,0,0,0,0,0,0,0,4000,0,0,0,4000,0,4000,4000
07888P,大立光國票9B售01,0,0,0,0,0,0,0,0,0,4000,0,0,0,6000,2000,4000,4000
07027P,台積電群益99售04,0,0,0,0,0,0,0,0,0,4000,0,0,0,4000,0,4000,4000
07593P,臺股指凱基9A售08,0,0,0,0,0,0,0,0,0,4000,0,0,0,16000,12000,4000,4000
07196P,大立光元大99售13,0,0,0,0,0,0,0,0,0,4000,0,0,0,4000,0,4000,4000
08298P,大立光國票9C售01,0,0,0,0,0,0,0,0,0,4000,0,0,0,4000,0,4000,4000
08552P,華新科群益9C售04,0,0,0,0,0,0,0,0,0,4000,0,0,0,4000,0,4000,4000
066665,聯詠凱基02購01  ,0,0,0,0,0,0,0,0,0,4000,0,0,0,127000,123000,4000,4000
066904,台積電凱基02購10,0,0,0,0,0,0,0,0,0,4000,0,0,0,47000,43000,4000,4000
067106,義隆群益01購01  ,0,0,0,0,0,0,0,0,0,4000,0,0,0,4000,0,4000,4000
06701P,臺股指統一99售06,0,0,0,0,0,0,0,0,0,4000,0,0,0,4000,0,4000,4000
06839P,玉晶光統一9A售05,0,0,0,0,0,0,0,0,0,4000,0,0,0,4000,0,4000,4000
066039,台積電元大01購08,0,0,0,0,0,0,0,0,0,4000,0,0,0,5000,1000,4000,4000
066401,智伸科凱基01購02,0,0,0,0,0,0,0,0,0,4000,0,0,0,4000,0,4000,4000
066407,昇陽半凱基01購01,0,0,0,0,0,0,0,0,0,4000,0,0,0,15000,11000,4000,4000
051375,道瓊反群益9A購01,0,0,0,0,0,0,0,0,0,4000,0,0,0,4000,0,4000,4000
049759,元黃金富邦9A購01,0,0,0,0,0,0,0,0,0,4000,0,0,0,4000,0,4000,4000
056408,奇鋐國票99購01  ,0,0,0,0,0,0,0,0,0,4000,0,0,0,11000,7000,4000,4000
00643K,群益深証中小+R  ,0,0,0,0,0,0,0,0,0,4000,0,0,0,4000,0,4000,4000
045053,聯發科元富98購01,0,0,0,0,0,0,0,0,0,4000,0,0,0,725000,721000,4000,4000
056252,聯發科兆豐97購03,0,0,0,0,0,0,0,0,0,4000,0,0,0,4000,0,4000,4000
056671,台灣50元富9A購01,0,0,0,0,0,0,0,0,0,4000,0,0,0,14000,10000,4000,4000
056721,台灣50永昌9A購01,0,0,0,0,0,0,0,0,0,4000,0,0,0,4000,0,4000,4000
054770,健策國票98購01  ,0,0,0,0,0,0,0,0,0,4000,0,0,0,6000,2000,4000,4000
055033,漢唐富邦98購01  ,0,0,0,0,0,0,0,0,0,4000,0,0,0,4000,0,4000,4000
055456,上銀富邦99購01  ,0,0,0,0,0,0,0,0,0,4000,0,0,0,4000,0,4000,4000
060355,元金2X元富9C購01,0,0,0,0,0,0,0,0,0,4000,0,0,0,4000,0,4000,4000
060356,上銀元富9A購01  ,0,0,0,0,0,0,0,0,0,4000,0,0,0,4000,0,4000,4000
060362,建準元富9A購02  ,0,0,0,0,0,0,0,0,0,4000,0,0,0,4000,0,4000,4000
061290,玉晶光統一01購04,0,0,0,0,0,0,0,0,0,4000,0,0,0,4000,0,4000,4000
058833,台表科永豐99購01,0,0,0,0,0,0,0,0,0,4000,0,0,0,8000,4000,4000,4000
058084,大立光群益98購04,0,0,0,0,0,0,0,0,0,4000,0,0,0,4000,0,4000,4000
063012,技嘉元大9B購01  ,0,0,0,0,0,0,0,0,0,4000,0,0,0,13000,9000,4000,4000
060790,日月光富邦9A購01,0,0,0,0,0,0,0,0,0,4000,0,0,0,174000,170000,4000,4000
060935,T50反1國票9A購08,0,0,0,0,0,0,0,0,0,4000,0,0,0,4000,0,4000,4000
060980,台積電元大9A購21,0,0,0,0,0,0,0,0,0,4000,0,0,0,10000,6000,4000,4000
062530,大立光統一01購03,0,0,0,0,0,0,0,0,0,4000,0,0,0,4000,0,4000,4000
062538,台積電國泰9C購02,0,0,0,0,0,0,0,0,0,4000,0,0,0,19000,15000,4000,4000
062565,漢唐中信9C購01  ,0,0,0,0,0,0,0,0,0,4000,0,0,0,10000,6000,4000,4000
060264,華新科國票9A購02,0,0,0,0,0,0,0,0,0,4000,0,0,0,4000,0,4000,4000
060006,華通群益9A購04  ,0,0,0,0,0,0,0,0,0,4000,0,0,0,4000,0,4000,4000
059976,道瓊銀元大99購01,0,0,0,0,0,0,0,0,0,4000,0,0,0,10000,6000,4000,4000
060492,元黃金元富9A購01,0,0,0,0,0,0,0,0,0,4000,0,0,0,4000,0,4000,4000
060551,大立光凱基9B購02,0,0,0,0,0,0,0,0,0,4000,0,0,0,4000,0,4000,4000
060734,華通統一9C購01  ,0,0,0,0,0,0,0,0,0,4000,0,0,0,4000,0,4000,4000
059084,鴻海元大99購24  ,0,0,0,0,0,0,0,0,0,4000,0,0,0,4000,0,4000,4000
061924,聯發科凱基9C購01,0,0,0,0,0,0,0,0,0,4000,0,0,0,4000,0,4000,4000
059004,嘉晶元大99購05  ,0,0,0,0,0,0,0,0,0,4000,0,0,0,14000,10000,4000,4000
059014,SGBR2X元富03購01,0,0,0,0,0,0,0,0,0,4000,0,0,0,4000,0,4000,4000
062368,聯詠元大9B購01  ,0,0,0,0,0,0,0,0,0,4000,0,0,0,4000,0,4000,4000
059784,台光電元大9A購01,0,0,0,0,0,0,0,0,0,4000,0,0,0,33000,29000,4000,4000
059823,奇力新凱基99購07,0,0,0,0,0,0,0,0,0,4000,0,0,0,4000,0,4000,4000
061476,大毅元大9A購02  ,0,0,0,0,0,0,0,0,0,4000,0,0,0,4000,0,4000,4000
059474,元石油群益99購01,0,0,0,0,0,0,0,0,0,4000,0,0,0,5000,1000,4000,4000
059424,SGBR2X元大9A購01,0,0,0,0,0,0,0,0,0,4000,0,0,0,5000,1000,4000,4000
062159,聯詠凱基9B購01  ,0,0,0,0,0,0,0,0,0,4000,0,0,0,4000,0,4000,4000
064285,貿聯元大9C購02  ,0,0,0,0,0,0,0,0,0,4000,0,0,0,4000,0,4000,4000
064124,台積電元大9C購10,0,0,0,0,0,0,0,0,0,4000,0,0,0,5000,1000,4000,4000
064055,台郡統一02購01  ,0,0,0,0,0,0,0,0,0,4000,0,0,0,5000,1000,4000,4000
064679,晶技兆豐9C購01  ,0,0,0,0,0,0,0,0,0,4000,0,0,0,713000,709000,4000,4000
063691,聯鈞永豐9B購01  ,0,0,0,0,0,0,0,0,0,4000,0,0,0,31000,27000,4000,4000
063423,聯詠凱基9C購02  ,0,0,0,0,0,0,0,0,0,4000,0,0,0,31000,27000,4000,4000
063843,台積電元大9C購03,0,0,0,0,0,0,0,0,0,4000,0,0,0,5000,1000,4000,4000
065370,瑞昱元大9C購02  ,0,0,0,0,0,0,0,0,0,4000,0,0,0,8000,4000,4000,4000
065603,聯發科元大9C購16,0,0,0,0,0,0,0,0,0,4000,0,0,0,4000,0,4000,4000
065238,聯茂凱基02購01  ,0,0,0,0,0,0,0,0,0,4000,0,0,0,123000,119000,4000,4000
4439,冠星-KY         ,4000,0,4000,0,0,0,0,0,0,0,0,0,0,0,0,0,4000
3321,同泰            ,4000,0,4000,0,0,0,0,0,0,0,0,0,0,0,0,0,4000
5519,隆大            ,55000,51000,4000,0,0,0,0,0,0,0,0,0,0,0,0,0,4000
5706,鳳凰            ,23000,19000,4000,0,0,0,0,0,0,0,0,0,0,0,0,0,4000
6115,鎰勝            ,33000,36000,-3000,0,0,0,0,0,0,7000,7000,0,7000,0,0,0,4000
2704,國賓            ,54000,50000,4000,0,0,0,0,0,0,0,0,0,0,0,0,0,4000
3058,立德            ,21000,18000,3000,0,0,0,0,0,0,1000,1000,0,1000,0,0,0,4000
3046,建碁            ,4000,0,4000,0,0,0,0,0,0,0,0,0,0,0,0,0,4000
2540,愛山林          ,8000,4000,4000,0,0,0,0,0,0,0,0,0,0,0,0,0,4000
2509,全坤建          ,12000,8000,4000,0,0,0,0,0,0,0,0,0,0,0,0,0,4000
2460,建通            ,11000,7000,4000,0,0,0,0,0,0,0,0,0,0,0,0,0,4000
2444,兆勁            ,11000,7000,4000,0,0,0,0,0,0,0,0,0,0,0,0,0,4000
2380,虹光            ,68000,64000,4000,0,0,0,0,0,0,0,0,0,0,0,0,0,4000
1535,中宇            ,6000,2000,4000,0,0,0,0,0,0,0,0,0,0,0,0,0,4000
1587,吉茂            ,58000,54000,4000,0,0,0,0,0,0,0,0,0,0,0,0,0,4000
1323,永裕            ,7000,3000,4000,0,0,0,0,0,0,0,0,0,0,0,0,0,4000
2114,鑫永銓          ,13000,9000,4000,0,0,0,0,0,0,0,0,0,0,0,0,0,4000
2115,六暉-KY         ,8000,4000,4000,0,0,0,0,0,0,0,0,0,0,0,0,0,4000
2002A,中鋼特          ,0,0,0,0,0,0,0,0,0,4000,5000,1000,4000,0,0,0,4000
008201,BP上證50        ,0,0,0,0,0,0,0,0,0,3400,0,0,0,3400,0,3400,3400
066341,永信永豐01購01  ,0,0,0,0,0,0,0,0,0,3000,0,0,0,3000,0,3000,3000
066053,創意元大01購01  ,0,0,0,0,0,0,0,0,0,3000,0,0,0,27000,24000,3000,3000
066145,昇陽半群益01購01,0,0,0,0,0,0,0,0,0,3000,0,0,0,50000,47000,3000,3000
06711P,臺股指台新99售08,0,0,0,0,0,0,0,0,0,3000,1000,0,1000,2000,0,2000,3000
066862,台達電台新01購01,0,0,0,0,0,0,0,0,0,3000,0,0,0,3000,0,3000,3000
066729,台積電元大01購16,0,0,0,0,0,0,0,0,0,3000,0,0,0,119000,116000,3000,3000
08641P,台灣50群益9C售08,0,0,0,0,0,0,0,0,0,3000,0,0,0,15000,12000,3000,3000
08240P,華通中信06售03  ,0,0,0,0,0,0,0,0,0,3000,0,0,0,3000,0,3000,3000
08145P,台灣50群益9B售11,0,0,0,0,0,0,0,0,0,3000,0,0,0,3000,0,3000,3000
08177P,金像電元大9B售02,0,0,0,0,0,0,0,0,0,3000,0,0,0,3000,0,3000,3000
07462P,臺股指元大9B售05,0,0,0,0,0,0,0,0,0,3000,0,0,0,28000,25000,3000,3000
07994P,臺股指群益9B售04,0,0,0,0,0,0,0,0,0,3000,0,0,0,4000,1000,3000,3000
00736,國泰新興市場    ,0,0,0,0,0,0,0,0,0,3000,0,0,0,127000,124000,3000,3000
03010X,元展10          ,0,0,0,0,0,0,0,0,0,3000,0,0,0,3000,0,3000,3000
052755,滬深2X群益9A購01,0,0,0,0,0,0,0,0,0,3000,0,0,0,3000,0,3000,3000
052629,訊芯中信99購01  ,0,0,0,0,0,0,0,0,0,3000,0,0,0,3000,0,3000,3000
052313,聯電元大98購01  ,0,0,0,0,0,0,0,0,0,3000,0,0,0,41000,38000,3000,3000
054309,禾伸堂凱基98購01,0,0,0,0,0,0,0,0,0,3000,0,0,0,23000,20000,3000,3000
056479,玉晶光元大99購05,0,0,0,0,0,0,0,0,0,3000,0,0,0,12000,9000,3000,3000
055390,國巨統一98購03  ,0,0,0,0,0,0,0,0,0,3000,0,0,0,3000,0,3000,3000
055759,技嘉群益98購02  ,0,0,0,0,0,0,0,0,0,3000,0,0,0,3000,0,3000,3000
055820,矽力國票98購02  ,0,0,0,0,0,0,0,0,0,3000,0,0,0,3000,0,3000,3000
056182,台光電統一97購03,0,0,0,0,0,0,0,0,0,3000,0,0,0,20000,17000,3000,3000
056330,玉晶光國票99購03,0,0,0,0,0,0,0,0,0,3000,0,0,0,3000,0,3000,3000
056359,旺宏元大9A購01  ,0,0,0,0,0,0,0,0,0,3000,0,0,0,3000,0,3000,3000
058455,玉晶光永豐99購03,0,0,0,0,0,0,0,0,0,3000,0,0,0,3000,0,3000,3000
058078,景碩國票99購01  ,0,0,0,0,0,0,0,0,0,3000,0,0,0,19000,16000,3000,3000
057994,技嘉中信98購01  ,0,0,0,0,0,0,0,0,0,3000,0,0,0,3000,0,3000,3000
058703,台積電元大99購16,0,0,0,0,0,0,0,0,0,3000,0,0,0,5000,2000,3000,3000
057724,亞德客國泰99購01,0,0,0,0,0,0,0,0,0,3000,0,0,0,16000,13000,3000,3000
061342,華新科元大9A購17,0,0,0,0,0,0,0,0,0,3000,0,0,0,100000,97000,3000,3000
061337,台積電元大9A購27,0,0,0,0,0,0,0,0,0,3000,0,0,0,3000,0,3000,3000
061308,元金2X中信9A購01,0,0,0,0,0,0,0,0,0,3000,0,0,0,3000,0,3000,3000
059292,華新科元富9B購02,0,0,0,0,0,0,0,0,0,3000,0,0,0,3000,0,3000,3000
059302,大立光群益99購08,0,0,0,0,0,0,0,0,0,3000,0,0,0,3000,0,3000,3000
057020,台積電凱基99購02,0,0,0,0,0,0,0,0,0,3000,0,0,0,260000,257000,3000,3000
057249,華邦電統一9A購01,0,0,0,0,0,0,0,0,0,3000,0,0,0,3000,0,3000,3000
062166,致新國泰01購01  ,0,0,0,0,0,0,0,0,0,3000,0,0,0,3000,0,3000,3000
061648,緯穎元大9A購04  ,0,0,0,0,0,0,0,0,0,3000,0,0,0,9000,6000,3000,3000
060455,葡萄王元大9A購02,0,0,0,0,0,0,0,0,0,3000,0,0,0,14000,11000,3000,3000
060464,台積電元大9A購11,0,0,0,0,0,0,0,0,0,3000,0,0,0,10000,7000,3000,3000
059488,大立光兆豐99購03,0,0,0,0,0,0,0,0,0,3000,0,0,0,3000,0,3000,3000
059459,訊芯永豐99購04  ,0,0,0,0,0,0,0,0,0,3000,0,0,0,3000,0,3000,3000
059797,大立光國票99購01,0,0,0,0,0,0,0,0,0,3000,0,0,0,3000,0,3000,3000
062371,健策元大9B購08  ,0,0,0,0,0,0,0,0,0,3000,0,0,0,3000,0,3000,3000
062345,和大群益9B購01  ,0,0,0,0,0,0,0,0,0,3000,0,0,0,3000,0,3000,3000
062354,台達電元大9B購01,0,0,0,0,0,0,0,0,0,3000,0,0,0,3000,0,3000,3000
059638,大立光凱基99購11,0,0,0,0,0,0,0,0,0,3000,0,0,0,3000,0,3000,3000
059143,國巨國票9A購04  ,0,0,0,0,0,0,0,0,0,3000,0,0,0,8000,5000,3000,3000
059169,可成凱基99購04  ,0,0,0,0,0,0,0,0,0,3000,0,0,0,3000,0,3000,3000
061855,台郡國票9B購01  ,0,0,0,0,0,0,0,0,0,3000,0,0,0,8000,5000,3000,3000
062591,新日興統一9C購01,0,0,0,0,0,0,0,0,0,3000,0,0,0,3000,0,3000,3000
062474,台表科凱基9C購01,0,0,0,0,0,0,0,0,0,3000,0,0,0,11000,8000,3000,3000
060995,泰鼎元大9A購03  ,0,0,0,0,0,0,0,0,0,3000,0,0,0,3000,0,3000,3000
060940,國巨國票9B購03  ,0,0,0,0,0,0,0,0,0,3000,0,0,0,6000,3000,3000,3000
060796,世芯永豐9A購03  ,0,0,0,0,0,0,0,0,0,3000,0,0,0,3000,0,3000,3000
063018,聯發科元大9B購14,0,0,0,0,0,0,0,0,0,3000,0,0,0,3000,0,3000,3000
062841,臺股指群益9B購08,0,0,0,0,0,0,0,0,0,3000,0,0,0,3000,0,3000,3000
065196,技嘉元富06購01  ,0,0,0,0,0,0,0,0,0,3000,0,0,0,15000,12000,3000,3000
065103,南六元大9C購06  ,0,0,0,0,0,0,0,0,0,3000,0,0,0,76000,73000,3000,3000
065143,聯發科凱基9C購07,0,0,0,0,0,0,0,0,0,3000,0,0,0,25000,22000,3000,3000
065036,世芯統一02購02  ,0,0,0,0,0,0,0,0,0,3000,0,0,0,3000,0,3000,3000
064766,矽創凱基9C購01  ,0,0,0,0,0,0,0,0,0,3000,0,0,0,5000,2000,3000,3000
064914,友達統一02購03  ,0,0,0,0,0,0,0,0,0,3000,0,0,0,90000,87000,3000,3000
064909,華擎麥證9C購01  ,0,0,0,43000,40000,3000,0,0,0,3000,0,0,0,43000,40000,3000,3000
064893,金像電群益01購02,0,0,0,0,0,0,0,0,0,3000,0,0,0,260000,257000,3000,3000
064946,台積電凱基01購07,0,0,0,0,0,0,0,0,0,3000,0,0,0,403000,400000,3000,3000
065619,金融類元大9C購02,0,0,0,0,0,0,0,0,0,3000,0,0,0,3000,0,3000,3000
065367,技嘉元大01購01  ,0,0,0,0,0,0,0,0,0,3000,0,0,0,173000,170000,3000,3000
065388,華擎兆豐01購01  ,0,0,0,0,0,0,0,0,0,3000,0,0,0,3000,0,3000,3000
065479,新日興元大9C購05,0,0,0,0,0,0,0,0,0,3000,0,0,0,28000,25000,3000,3000
06545P,致茂元大98售01  ,0,0,0,0,0,0,0,0,0,3000,0,0,0,3000,0,3000,3000
065840,國巨元大03購01  ,0,0,0,0,0,0,0,0,0,3000,0,0,0,13000,10000,3000,3000
065831,緯創凱基9C購03  ,0,0,0,0,0,0,0,0,0,3000,0,0,0,5000,2000,3000,3000
063411,和潤國票9C購01  ,0,0,0,0,0,0,0,0,0,3000,0,0,0,3000,0,3000,3000
064647,致伸凱基9C購01  ,0,0,0,0,0,0,0,0,0,3000,0,0,0,13000,10000,3000,3000
064629,和潤元大9C購01  ,0,0,0,0,0,0,0,0,0,3000,0,0,0,3000,0,3000,3000
064614,友訊元大9C購02  ,0,0,0,0,0,0,0,0,0,3000,0,0,0,50000,47000,3000,3000
064514,喬山群益9C購01  ,0,0,0,0,0,0,0,0,0,3000,0,0,0,3000,0,3000,3000
064114,南茂國票01購01  ,0,0,0,0,0,0,0,0,0,3000,0,0,0,3000,0,3000,3000
064106,國巨兆豐9C購04  ,0,0,0,0,0,0,0,0,0,3000,0,0,0,7000,4000,3000,3000
064265,嘉聯益永豐9C購02,0,0,0,0,0,0,0,0,0,3000,0,0,0,22000,19000,3000,3000
1725,元禎            ,4000,1000,3000,0,0,0,0,0,0,0,0,0,0,0,0,0,3000
1626,艾美特-KY       ,25000,34000,-9000,0,0,0,0,0,0,12000,14000,2000,12000,0,0,0,3000
1530,亞崴            ,6000,3000,3000,0,0,0,0,0,0,0,0,0,0,0,0,0,3000
1437,勤益控          ,24000,21000,3000,0,0,0,0,0,0,0,0,0,0,0,0,0,3000
3035,智原            ,991000,693000,298000,0,0,0,0,0,0,-295000,20000,201000,-181000,12000,126000,-114000,3000
2910,統領            ,3000,0,3000,0,0,0,0,0,0,0,0,0,0,0,0,0,3000
2911,麗嬰房          ,12000,9000,3000,0,0,0,0,0,0,0,0,0,0,0,0,0,3000
5533,皇鼎            ,8000,5000,3000,0,0,0,0,0,0,0,0,0,0,0,0,0,3000
5288,豐祥-KY         ,11000,8000,3000,0,0,0,0,0,0,0,0,0,0,0,0,0,3000
6405,悅城            ,4000,2000,2000,0,0,0,0,0,0,1000,1000,0,1000,0,0,0,3000
6579,研揚            ,16000,14000,2000,0,0,0,0,0,0,1000,1000,0,1000,0,0,0,3000
3550,聯穎            ,3000,3000,0,0,0,0,0,0,0,3000,3000,0,3000,0,0,0,3000
4536,拓凱            ,246000,152000,94000,0,0,0,8000,17000,-9000,-82000,18000,0,18000,13000,113000,-100000,3000
8940,新天地          ,10000,7000,3000,0,0,0,0,0,0,0,0,0,0,0,0,0,3000
8482,商億-KY         ,11000,8000,3000,0,0,0,0,0,0,0,0,0,0,0,0,0,3000
08174P,國巨統一9B售17  ,0,0,0,0,0,0,0,0,0,2000,0,0,0,2000,0,2000,2000
08465P,玉晶光兆豐01售02,0,0,0,0,0,0,0,0,0,2000,0,0,0,6000,4000,2000,2000
08394P,大立光群益9C售05,0,0,0,0,0,0,0,0,0,2000,0,0,0,2000,0,2000,2000
08560P,茂林國票01售01  ,0,0,0,0,0,0,0,0,0,2000,0,0,0,23000,21000,2000,2000
08728P,緯穎群益01售01  ,0,0,0,0,0,0,0,0,0,2000,0,0,0,56000,54000,2000,2000
08792P,聯發科中信02售02,0,0,0,0,0,0,0,0,0,2000,0,0,0,100000,98000,2000,2000
066687,國巨元富07購05  ,0,0,0,0,0,0,0,0,0,2000,0,0,0,10000,8000,2000,2000
066608,國巨麥證01購03  ,0,0,0,20000,18000,2000,0,0,0,2000,0,0,0,20000,18000,2000,2000
066860,健策國票02購02  ,0,0,0,0,0,0,0,0,0,2000,0,0,0,20000,18000,2000,2000
066804,緯創凱基01購01  ,0,0,0,0,0,0,0,0,0,2000,0,0,0,6000,4000,2000,2000
066169,晶豪科凱基01購01,0,0,0,0,0,0,0,0,0,2000,0,0,0,77000,75000,2000,2000
066193,致新凱基01購01  ,0,0,0,0,0,0,0,0,0,2000,0,0,0,22000,20000,2000,2000
066544,鴻海元大01購08  ,0,0,0,0,0,0,0,0,0,2000,0,0,0,29000,27000,2000,2000
066499,台郡國泰02購01  ,0,0,0,0,0,0,0,0,0,2000,0,0,0,2000,0,2000,2000
066518,惠特永豐01購02  ,0,0,0,0,0,0,0,0,0,2000,0,0,0,2000,0,2000,2000
066440,南帝群益01購01  ,0,0,0,0,0,0,0,0,0,2000,0,0,0,2000,0,2000,2000
057126,台積電凱基99購03,0,0,0,0,0,0,0,0,0,2000,0,0,0,10000,8000,2000,2000
056917,國巨兆豐98購03  ,0,0,0,0,0,0,0,0,0,2000,0,0,0,2000,0,2000,2000
057494,玉晶光元大99購09,0,0,0,0,0,0,0,0,0,2000,0,0,0,5000,3000,2000,2000
057507,貿聯國票98購02  ,0,0,0,0,0,0,0,0,0,2000,0,0,0,2000,0,2000,2000
057831,聯發科元富02購04,0,0,0,0,0,0,0,0,0,2000,0,0,0,2000,0,2000,2000
057315,台灣50康和9A購03,0,0,0,0,0,0,0,0,0,2000,0,0,0,2000,0,2000,2000
059195,國巨永豐99購04  ,0,0,0,0,0,0,0,0,0,2000,0,0,0,2000,0,2000,2000
060335,明泰康和9A購01  ,0,0,0,0,0,0,0,0,0,2000,0,0,0,2000,0,2000,2000
061258,華通凱基9A購06  ,0,0,0,0,0,0,0,0,0,2000,0,0,0,2000,0,2000,2000
056836,國巨元富98購01  ,0,0,0,0,0,0,0,0,0,2000,0,0,0,2000,0,2000,2000
057784,台積電國票9B購01,0,0,0,0,0,0,0,0,0,2000,0,0,0,2000,0,2000,2000
058860,SGBR2X凱基9A購01,0,0,0,0,0,0,0,0,0,2000,0,0,0,2000,0,2000,2000
058029,台灣50永豐9A購01,0,0,0,0,0,0,0,0,0,2000,0,0,0,2000,0,2000,2000
057935,晶技群益98購02  ,0,0,0,0,0,0,0,0,0,2000,0,0,0,2000,0,2000,2000
058231,技嘉元大99購02  ,0,0,0,0,0,0,0,0,0,2000,0,0,0,2000,0,2000,2000
058402,欣興元大99購04  ,0,0,0,0,0,0,0,0,0,2000,0,0,0,16000,14000,2000,2000
058445,旺宏富邦9C購01  ,0,0,0,0,0,0,0,0,0,2000,0,0,0,17000,15000,2000,2000
058476,旺宏凱基9A購01  ,0,0,0,0,0,0,0,0,0,2000,0,0,0,2000,0,2000,2000
058487,晶技國票9A購01  ,0,0,0,0,0,0,0,0,0,2000,0,0,0,75000,73000,2000,2000
056376,玉晶光統一98購01,0,0,0,0,0,0,0,0,0,2000,0,0,0,2817000,2815000,2000,2000
057578,可成中信99購01  ,0,0,0,0,0,0,0,0,0,2000,0,0,0,112000,110000,2000,2000
056292,統一元大97購01  ,0,0,0,0,0,0,0,0,0,2000,0,0,0,4000,2000,2000,2000
055798,聯茂富邦98購01  ,0,0,0,0,0,0,0,0,0,2000,0,0,0,2000,0,2000,2000
056133,可成元大97購05  ,0,0,0,0,0,0,0,0,0,2000,0,0,0,2000,0,2000,2000
056065,奇鋐元大97購01  ,0,0,0,0,0,0,0,0,0,2000,0,0,0,2000,0,2000,2000
055249,大毅統一99購01  ,0,0,0,0,0,0,0,0,0,2000,0,0,0,12000,10000,2000,2000
054917,聯發科凱基98購05,0,0,0,0,0,0,0,0,0,2000,0,0,0,7000,5000,2000,2000
056481,創意元大98購01  ,0,0,0,0,0,0,0,0,0,2000,0,0,0,2000,0,2000,2000
056499,鴻海富邦98購02  ,0,0,0,0,0,0,0,0,0,2000,0,0,0,2000,0,2000,2000
056551,台郡凱基98購04  ,0,0,0,0,0,0,0,0,0,2000,0,0,0,2000,0,2000,2000
056592,台積電元富98購01,0,0,0,0,0,0,0,0,0,2000,0,0,0,2000,0,2000,2000
052417,聯發科兆豐9B購01,0,0,0,0,0,0,0,0,0,2000,0,0,0,2000,0,2000,2000
052396,台積電凱基97購01,0,0,0,0,0,0,0,0,0,2000,0,0,0,2000,0,2000,2000
052005,矽力國泰97購02  ,0,0,0,0,0,0,0,0,0,2000,0,0,0,2000,0,2000,2000
054259,健策元大97購03  ,0,0,0,0,0,0,0,0,0,2000,0,0,0,21000,19000,2000,2000
054159,T50正2凱基99購01,0,0,0,0,0,0,0,0,0,2000,0,0,0,2000,0,2000,2000
053705,滬深2X凱基99購01,0,0,0,0,0,0,0,0,0,2000,0,0,0,2000,0,2000,2000
053732,S&P反1中信9C購01,0,0,0,0,0,0,0,0,0,2000,0,0,0,2000,0,2000,2000
00711B,FH彭博新興債    ,0,0,0,0,0,0,0,0,0,2000,0,0,0,104000,102000,2000,2000
053378,台積電元大98購02,0,0,0,0,0,0,0,0,0,2000,0,0,0,2000,0,2000,2000
00685L,群益臺灣加權正2 ,0,0,0,0,0,0,0,0,0,2000,0,0,0,10000,8000,2000,2000
00661,元大日經225     ,0,0,0,0,0,0,0,0,0,2000,0,0,0,2000,0,2000,2000
062832,嘉澤群益9B購02  ,0,0,0,0,0,0,0,0,0,2000,0,0,0,236000,234000,2000,2000
062912,新日興元大9B購01,0,0,0,0,0,0,0,0,0,2000,0,0,0,2000,0,2000,2000
062950,貿聯富邦01購01  ,0,0,0,0,0,0,0,0,0,2000,0,0,0,2000,0,2000,2000
062757,華通凱基9B購02  ,0,0,0,0,0,0,0,0,0,2000,0,0,0,2000,0,2000,2000
062793,鴻海統一9B購06  ,0,0,0,0,0,0,0,0,0,2000,0,0,0,2000,0,2000,2000
062739,嘉晶國票9B購02  ,0,0,0,0,0,0,0,0,0,2000,0,0,0,6000,4000,2000,2000
062730,致伸凱基9B購01  ,0,0,0,0,0,0,0,0,0,2000,0,0,0,2000,0,2000,2000
063147,東元元富9B購01  ,0,0,0,0,0,0,0,0,0,2000,0,0,0,129000,127000,2000,2000
063122,聯發科元大9B購15,0,0,0,0,0,0,0,0,0,2000,0,0,0,2000,0,2000,2000
063123,聯發科元大9B購16,0,0,0,0,0,0,0,0,0,2000,0,0,0,2000,0,2000,2000
063243,聯發科元大9B購20,0,0,0,0,0,0,0,0,0,2000,0,0,0,2000,0,2000,2000
060765,世芯元大9A購01  ,0,0,0,0,0,0,0,0,0,2000,0,0,0,2000,0,2000,2000
062482,台表科國票9B購01,0,0,0,0,0,0,0,0,0,2000,0,0,0,7000,5000,2000,2000
062439,聯發科元大9B購10,0,0,0,0,0,0,0,0,0,2000,0,0,0,2000,0,2000,2000
061028,聚陽永豐9A購01  ,0,0,0,0,0,0,0,0,0,2000,0,0,0,156000,154000,2000,2000
062566,嘉晶中信9C購01  ,0,0,0,0,0,0,0,0,0,2000,0,0,0,3000,1000,2000,2000
062554,台積電凱基9B購08,0,0,0,0,0,0,0,0,0,2000,0,0,0,2000,0,2000,2000
060752,上銀元大9A購04  ,0,0,0,0,0,0,0,0,0,2000,0,0,0,2000,0,2000,2000
060702,玉晶光國泰9C購02,0,0,0,0,0,0,0,0,0,2000,0,0,0,2000,0,2000,2000
060659,鴻海凱基9B購03  ,0,0,0,0,0,0,0,0,0,2000,0,0,0,33000,31000,2000,2000
059992,S&P正2元富9B購04,0,0,0,0,0,0,0,0,0,2000,0,0,0,4000,2000,2000,2000
060077,台積電台新9B購01,0,0,0,0,0,0,0,0,0,2000,0,0,0,3000,1000,2000,2000
060126,創意永豐99購04  ,0,0,0,0,0,0,0,0,0,2000,0,0,0,6000,4000,2000,2000
060209,喬山康和9A購01  ,0,0,0,0,0,0,0,0,0,2000,0,0,0,2000,0,2000,2000
061758,T50反1元大9B購02,0,0,0,0,0,0,0,0,0,2000,0,0,0,2000,0,2000,2000
059077,FBVIX元大99購05 ,0,0,0,0,0,0,0,0,0,2000,0,0,0,2000,0,2000,2000
059153,臺股指國票99購16,0,0,0,0,0,0,0,0,0,2000,0,0,0,2000,0,2000,2000
059155,台表科日盛99購01,0,0,0,0,0,0,0,0,0,2000,0,0,0,2000,0,2000,2000
059132,臺股指群益99購07,0,0,0,0,0,0,0,0,0,2000,0,0,0,2000,0,2000,2000
059636,宏達電凱基99購05,0,0,0,0,0,0,0,0,0,2000,0,0,0,2000,0,2000,2000
062327,燿華統一9B購02  ,0,0,0,0,0,0,0,0,0,2000,0,0,0,260000,258000,2000,2000
059937,旺宏永豐99購03  ,0,0,0,0,0,0,0,0,0,2000,0,0,0,2000,0,2000,2000
059945,嘉澤永豐99購03  ,0,0,0,0,0,0,0,0,0,2000,0,0,0,2000,0,2000,2000
059954,華新科康和99購01,0,0,0,0,0,0,0,0,0,2000,0,0,0,2000,0,2000,2000
059843,華新科富邦9B購03,0,0,0,0,0,0,0,0,0,2000,0,0,0,2000,0,2000,2000
059844,大立光富邦9C購04,0,0,0,0,0,0,0,0,0,2000,0,0,0,5000,3000,2000,2000
059516,TPK永豐99購01   ,0,0,0,0,0,0,0,0,0,2000,0,0,0,40000,38000,2000,2000
061497,大立光國票9A購09,0,0,0,0,0,0,0,0,0,2000,0,0,0,2000,0,2000,2000
061558,旺宏國票9B購02  ,0,0,0,0,0,0,0,0,0,2000,0,0,0,2000,0,2000,2000
061530,智邦台新9A購02  ,0,0,0,0,0,0,0,0,0,2000,0,0,0,2000,0,2000,2000
061535,群創統一9C購01  ,0,0,0,0,0,0,0,0,0,2000,0,0,0,2000,0,2000,2000
061364,國巨國票9A購09  ,0,0,0,0,0,0,0,0,0,2000,0,0,0,6000,4000,2000,2000
061406,華通國票9A購06  ,0,0,0,0,0,0,0,0,0,2000,0,0,0,10000,8000,2000,2000
062271,華通群益9C購02  ,0,0,0,0,0,0,0,0,0,2000,0,0,0,15000,13000,2000,2000
062160,南六凱基9B購01  ,0,0,0,0,0,0,0,0,0,2000,0,0,0,5000,3000,2000,2000
062094,台積電富邦9C購12,0,0,0,0,0,0,0,0,0,2000,0,0,0,2000,0,2000,2000
064241,貿聯統一02購02  ,0,0,0,0,0,0,0,0,0,2000,0,0,0,2000,0,2000,2000
064631,臺股指元大9C購17,0,0,0,0,0,0,0,0,0,2000,0,0,0,2000,0,2000,2000
06453P,群創元大9B售02  ,0,0,0,0,0,0,0,0,0,2000,0,0,0,20000,18000,2000,2000
063378,茂林永豐9B購02  ,0,0,0,0,0,0,0,0,0,2000,0,0,0,78000,76000,2000,2000
063636,聯發科元大9B購26,0,0,0,0,0,0,0,0,0,2000,0,0,0,2000,0,2000,2000
063543,技嘉台新9B購02  ,0,0,0,0,0,0,0,0,0,2000,0,0,0,20000,18000,2000,2000
063549,國巨國票9C購05  ,0,0,0,0,0,0,0,0,0,2000,0,0,0,7000,5000,2000,2000
063848,大立光元大9C購09,0,0,0,0,0,0,0,0,0,2000,0,0,0,2000,0,2000,2000
063926,南亞科統一03購01,0,0,0,0,0,0,0,0,0,2000,0,0,0,20000,18000,2000,2000
065476,聯發科元大9C購14,0,0,0,0,0,0,0,0,0,2000,0,0,0,2000,0,2000,2000
065455,金寶元富9C購01  ,0,0,0,0,0,0,0,0,0,2000,0,0,0,100000,98000,2000,2000
065414,立積永豐9C購01  ,0,0,0,0,0,0,0,0,0,2000,0,0,0,2000,0,2000,2000
065610,牧德元大02購01  ,0,0,0,0,0,0,0,0,0,2000,0,0,0,2000,0,2000,2000
064973,智邦元大9C購06  ,0,0,0,0,0,0,0,0,0,2000,0,0,0,33000,31000,2000,2000
064925,和碩統一02購01  ,0,0,0,0,0,0,0,0,0,2000,0,0,0,2000,0,2000,2000
064830,可成統一9C購04  ,0,0,0,0,0,0,0,0,0,2000,0,0,0,72000,70000,2000,2000
064813,祥碩元大9C購05  ,0,0,0,0,0,0,0,0,0,2000,0,0,0,91000,89000,2000,2000
065033,和碩兆豐9C購01  ,0,0,0,0,0,0,0,0,0,2000,0,0,0,140000,138000,2000,2000
065236,旭富凱基9C購01  ,0,0,0,0,0,0,0,0,0,2000,0,0,0,2000,0,2000,2000
065322,聯發科凱基01購05,0,0,0,0,0,0,0,0,0,2000,0,0,0,19000,17000,2000,2000
8201,無敵            ,9000,8000,1000,0,0,0,0,0,0,1000,1000,0,1000,0,0,0,2000
8222,寶一            ,11000,9000,2000,0,0,0,0,0,0,0,0,0,0,0,0,0,2000
9941A,裕融甲特        ,0,0,0,0,0,0,0,0,0,2000,2000,0,2000,0,0,0,2000
4562,穎漢            ,2000,0,2000,0,0,0,0,0,0,0,0,0,0,0,0,0,2000
4720,德淵            ,68000,66000,2000,0,0,0,0,0,0,0,0,0,0,0,0,0,2000
4912,聯德控股-KY     ,21000,19000,2000,0,0,0,0,0,0,0,0,0,0,0,0,0,2000
3383,新世紀          ,3000,1000,2000,0,0,0,0,0,0,0,0,0,0,0,0,0,2000
3686,達能            ,2000,0,2000,0,0,0,0,0,0,0,0,0,0,0,0,0,2000
2904,匯僑            ,6000,4000,2000,0,0,0,0,0,0,0,0,0,0,0,0,0,2000
2630,亞航            ,2000,0,2000,0,0,0,0,0,0,0,0,0,0,0,0,0,2000
3002,歐格            ,63000,61000,2000,0,0,0,0,0,0,0,0,0,0,0,0,0,2000
3011,今皓            ,2000,0,2000,0,0,0,0,0,0,0,0,0,0,0,0,0,2000
3296,勝德            ,5000,3000,2000,0,0,0,0,0,0,0,0,0,0,0,0,0,2000
2612,中航            ,22000,20000,2000,0,0,0,0,0,0,0,0,0,0,0,0,0,2000
2613,中櫃            ,5000,3000,2000,0,0,0,0,0,0,0,0,0,0,0,0,0,2000
1438,裕豐            ,2000,0,2000,0,0,0,0,0,0,0,0,0,0,0,0,0,2000
1540,喬福            ,6000,4000,2000,0,0,0,0,0,0,0,0,0,0,0,0,0,2000
1583,程泰            ,4000,2000,2000,0,0,0,0,0,0,0,0,0,0,0,0,0,2000
1525,江申            ,4000,2000,2000,0,0,0,0,0,0,0,0,0,0,0,0,0,2000
1235,興泰            ,2000,0,2000,0,0,0,0,0,0,0,0,0,0,0,0,0,2000
1727,中華化          ,5000,3000,2000,0,0,0,0,0,0,0,0,0,0,0,0,0,2000
1817,凱撒衛          ,8000,6000,2000,0,0,0,0,0,0,0,0,0,0,0,0,0,2000
2069,運錩            ,8000,6000,2000,0,0,0,0,0,0,0,0,0,0,0,0,0,2000
2024,志聯            ,6000,3000,3000,0,0,0,0,0,0,-1000,0,1000,-1000,0,0,0,2000
00668K,國泰美國道瓊+U  ,0,0,0,0,0,0,0,0,0,1100,0,0,0,1200,100,1100,1100
066351,關貿永豐01購01  ,0,0,0,0,0,0,0,0,0,1000,0,0,0,1000,0,1000,1000
066257,台積電元大01購09,0,0,0,0,0,0,0,0,0,1000,0,0,0,10000,9000,1000,1000
066176,華擎凱基01購01  ,0,0,0,0,0,0,0,0,0,1000,0,0,0,3000,2000,1000,1000
066025,宏達電群益01購01,0,0,0,0,0,0,0,0,0,1000,0,0,0,2000,1000,1000,1000
066868,聯發科元富07購01,0,0,0,0,0,0,0,0,0,1000,0,0,0,56000,55000,1000,1000
066839,台灣50元大01購24,0,0,0,0,0,0,0,0,0,1000,0,0,0,1000,0,1000,1000
066574,康友元大01購01  ,0,0,0,0,0,0,0,0,0,1000,0,0,0,33000,32000,1000,1000
066685,T50反1元富07購02,0,0,0,0,0,0,0,0,0,1000,0,0,0,1000,0,1000,1000
066700,瑞昱群益01購01  ,0,0,0,0,0,0,0,0,0,1000,0,0,0,31000,30000,1000,1000
067153,聯鈞統一03購02  ,0,0,0,0,0,0,0,0,0,1000,0,0,0,1000,0,1000,1000
06854P,鴻海富邦99售05  ,0,0,0,0,0,0,0,0,0,1000,0,0,0,1000,0,1000,1000
06806P,臺股指群益98售12,0,0,0,0,0,0,0,0,0,1000,0,0,0,1000,0,1000,1000
066994,聯發科國泰03購02,0,0,0,0,0,0,0,0,0,1000,0,0,0,2000,1000,1000,1000
066976,台達電群益01購01,0,0,0,0,0,0,0,0,0,1000,0,0,0,1000,0,1000,1000
066966,國巨元富07購07  ,0,0,0,0,0,0,0,0,0,1000,0,0,0,1000,0,1000,1000
08583P,鴻海群益01售05  ,0,0,0,0,0,0,0,0,0,1000,0,0,0,1000,0,1000,1000
08646P,臺股指中信03售02,0,0,0,0,0,0,0,0,0,1000,0,0,0,1000,0,1000,1000
08647P,鴻海凱基9C售06  ,0,0,0,0,0,0,0,0,0,1000,0,0,0,130000,129000,1000,1000
08445P,臺股指麥證9C售03,0,0,0,10000,9000,1000,0,0,0,1000,0,0,0,10000,9000,1000,1000
08448P,台灣50中信01售05,0,0,0,0,0,0,0,0,0,1000,0,0,0,1000,0,1000,1000
08209P,上銀元富9B售06  ,0,0,0,0,0,0,0,0,0,1000,0,0,0,64000,63000,1000,1000
08204P,台灣50中信01售04,0,0,0,0,0,0,0,0,0,1000,0,0,0,1000,0,1000,1000
08302P,長榮航國泰02售01,0,0,0,0,0,0,0,0,0,1000,0,0,0,50000,49000,1000,1000
07906P,中租群益9B售02  ,0,0,0,0,0,0,0,0,0,1000,0,0,0,1000,0,1000,1000
07903P,台積電群益9B售03,0,0,0,0,0,0,0,0,0,1000,0,0,0,12000,11000,1000,1000
07819P,旺宏國票9B售01  ,0,0,0,0,0,0,0,0,0,1000,0,0,0,1000,0,1000,1000
07609P,台灣50國票9C售04,0,0,0,0,0,0,0,0,0,1000,0,0,0,5000,4000,1000,1000
07355P,臺股指國票99售23,0,0,0,0,0,0,0,0,0,1000,0,0,0,1000,0,1000,1000
06970P,旺宏元大99售08  ,0,0,0,0,0,0,0,0,0,1000,0,0,0,11000,10000,1000,1000
06946P,T50正2元大9C售01,0,0,0,0,0,0,0,0,0,1000,0,0,0,61000,60000,1000,1000
07094P,華通國票9A售03  ,0,0,0,0,0,0,0,0,0,1000,0,0,0,1000,0,1000,1000
00657,國泰日經225     ,0,0,0,0,0,0,0,0,0,1000,0,0,0,101000,100000,1000,1000
006204,永豐臺灣加權    ,0,0,0,0,0,0,0,0,0,1000,0,0,0,71000,70000,1000,1000
00702,國泰標普低波高息,0,0,0,0,0,0,0,0,0,1000,0,0,0,1000,0,1000,1000
00766L,台新MSCI中國正2 ,0,0,0,0,0,0,0,0,0,1000,0,0,0,159000,158000,1000,1000
054270,寶滬深中信98購01,0,0,0,0,0,0,0,0,0,1000,0,0,0,1000,0,1000,1000
042953,鴻海台新01購01  ,0,0,0,0,0,0,0,0,0,1000,0,0,0,1000,0,1000,1000
052113,漢唐中信98購01  ,0,0,0,0,0,0,0,0,0,1000,0,0,0,1000,0,1000,1000
051776,上証2X群益99購01,0,0,0,0,0,0,0,0,0,1000,0,0,0,1000,0,1000,1000
052325,高股息中信99購01,0,0,0,0,0,0,0,0,0,1000,0,0,0,1000,0,1000,1000
052692,滬深2X中信99購02,0,0,0,0,0,0,0,0,0,1000,0,0,0,5000,4000,1000,1000
052775,滬深2X國票99購02,0,0,0,0,0,0,0,0,0,1000,0,0,0,26000,25000,1000,1000
056451,可成凱基99購01  ,0,0,0,0,0,0,0,0,0,1000,0,0,0,1000,0,1000,1000
056595,台積電元富98購04,0,0,0,0,0,0,0,0,0,1000,0,0,0,1000,0,1000,1000
054632,緯穎凱基9A購01  ,0,0,0,0,0,0,0,0,0,1000,0,0,0,1000,0,1000,1000
054356,可成兆豐97購01  ,0,0,0,0,0,0,0,0,0,1000,0,0,0,1000,0,1000,1000
055039,神達富邦99購01  ,0,0,0,0,0,0,0,0,0,1000,0,0,0,1000,0,1000,1000
056703,群創國泰9A購01  ,0,0,0,0,0,0,0,0,0,1000,0,0,0,1000,0,1000,1000
056118,聯詠群益97購03  ,0,0,0,0,0,0,0,0,0,1000,0,0,0,1000,0,1000,1000
05582P,群創凱基98售06  ,0,0,0,0,0,0,0,0,0,1000,0,0,0,1000,0,1000,1000
055707,聯鈞永豐98購01  ,0,0,0,0,0,0,0,0,0,1000,0,0,0,1000,0,1000,1000
055443,台虹國票98購01  ,0,0,0,0,0,0,0,0,0,1000,0,0,0,1000,0,1000,1000
055421,玉晶光永豐98購04,0,0,0,0,0,0,0,0,0,1000,0,0,0,1000,0,1000,1000
055439,台表科國票98購02,0,0,0,0,0,0,0,0,0,1000,0,0,0,1000,0,1000,1000
056328,訊芯兆豐98購01  ,0,0,0,0,0,0,0,0,0,1000,0,0,0,1000,0,1000,1000
056354,國巨元大98購10  ,0,0,0,0,0,0,0,0,0,1000,0,0,0,1000,0,1000,1000
056214,義隆國票99購01  ,0,0,0,0,0,0,0,0,0,1000,0,0,0,13000,12000,1000,1000
056217,A50正2中信99購02,0,0,0,0,0,0,0,0,0,1000,0,0,0,1000,0,1000,1000
057573,京鼎永豐98購02  ,0,0,0,0,0,0,0,0,0,1000,0,0,0,1000,0,1000,1000
057596,聯茂兆豐99購01  ,0,0,0,0,0,0,0,0,0,1000,0,0,0,41000,40000,1000,1000
058410,國巨兆豐99購03  ,0,0,0,0,0,0,0,0,0,1000,0,0,0,1000,0,1000,1000
057601,中磊群益98購01  ,0,0,0,0,0,0,0,0,0,1000,0,0,0,1000,0,1000,1000
058433,台積電統一9B購04,0,0,0,0,0,0,0,0,0,1000,0,0,0,4000,3000,1000,1000
058506,台積電元大99購09,0,0,0,0,0,0,0,0,0,1000,0,0,0,1000,0,1000,1000
058590,南電中信9A購02  ,0,0,0,0,0,0,0,0,0,1000,0,0,0,1000,0,1000,1000
057693,臺股指凱基98購11,0,0,0,0,0,0,0,0,0,1000,0,0,0,1000,0,1000,1000
058266,宏達電永豐99購01,0,0,0,0,0,0,0,0,0,1000,0,0,0,3000,2000,1000,1000
058289,奇鋐國票9A購01  ,0,0,0,0,0,0,0,0,0,1000,0,0,0,1000,0,1000,1000
058024,台積電國泰9A購01,0,0,0,0,0,0,0,0,0,1000,0,0,0,1000,0,1000,1000
058851,大立光群益99購07,0,0,0,0,0,0,0,0,0,1000,0,0,0,7000,6000,1000,1000
058673,華新科群益9A購02,0,0,0,0,0,0,0,0,0,1000,0,0,0,1000,0,1000,1000
058729,國巨永豐99購03  ,0,0,0,0,0,0,0,0,0,1000,0,0,0,1000,0,1000,1000
058775,台積電國票9A購02,0,0,0,0,0,0,0,0,0,1000,0,0,0,5000,4000,1000,1000
056742,玉晶光凱基9A購01,0,0,0,0,0,0,0,0,0,1000,0,0,0,11000,10000,1000,1000
057712,南亞科統一9A購01,0,0,0,0,0,0,0,0,0,1000,0,0,0,11000,10000,1000,1000
061323,華新科凱基9B購06,0,0,0,0,0,0,0,0,0,1000,0,0,0,1000,0,1000,1000
061353,康控元大9A購01  ,0,0,0,0,0,0,0,0,0,1000,0,0,0,2000,1000,1000,1000
060311,盟立永豐9A購01  ,0,0,0,0,0,0,0,0,0,1000,0,0,0,1000,0,1000,1000
060343,台積電統一9C購02,0,0,0,0,0,0,0,0,0,1000,0,0,0,1000,0,1000,1000
059177,臺股指凱基99購28,0,0,0,0,0,0,0,0,0,1000,0,0,0,1000,0,1000,1000
057398,台郡中信99購01  ,0,0,0,0,0,0,0,0,0,1000,0,0,0,1000,0,1000,1000
057861,台積電凱基98購16,0,0,0,0,0,0,0,0,0,1000,0,0,0,1000,0,1000,1000
057456,道瓊銀富邦9C購01,0,0,0,0,0,0,0,0,0,1000,0,0,0,41000,40000,1000,1000
057084,立積統一9B購01  ,0,0,0,0,0,0,0,0,0,1000,0,0,0,1000,0,1000,1000
057268,臻鼎兆豐99購01  ,0,0,0,0,0,0,0,0,0,1000,0,0,0,6000,5000,1000,1000
062082,嘉晶元大9B購01  ,0,0,0,0,0,0,0,0,0,1000,0,0,0,1000,0,1000,1000
062005,旺宏國泰01購01  ,0,0,0,0,0,0,0,0,0,1000,0,0,0,1000,0,1000,1000
062151,世紀鋼國票01購01,0,0,0,0,0,0,0,0,0,1000,0,0,0,1000,0,1000,1000
062147,大毅國票9B購02  ,0,0,0,0,0,0,0,0,0,1000,0,0,0,1000,0,1000,1000
060429,南六永豐9A購01  ,0,0,0,0,0,0,0,0,0,1000,0,0,0,1000,0,1000,1000
061467,嘉澤群益9A購01  ,0,0,0,0,0,0,0,0,0,1000,0,0,0,1000,0,1000,1000
061533,友達統一9C購02  ,0,0,0,0,0,0,0,0,0,1000,0,0,0,1000,0,1000,1000
061557,台積電國票9C購02,0,0,0,0,0,0,0,0,0,1000,0,0,0,1000,0,1000,1000
061481,嘉澤元大9A購03  ,0,0,0,0,0,0,0,0,0,1000,0,0,0,1000,0,1000,1000
059415,台灣50元大9A購03,0,0,0,0,0,0,0,0,0,1000,0,0,0,4000,3000,1000,1000
059933,台灣50永豐99購11,0,0,0,0,0,0,0,0,0,1000,0,0,0,1000,0,1000,1000
059802,上証2X元富99購02,0,0,0,0,0,0,0,0,0,1000,0,0,0,1000,0,1000,1000
059824,大立光凱基99購13,0,0,0,0,0,0,0,0,0,1000,0,0,0,1000,0,1000,1000
059733,緯穎元大99購08  ,0,0,0,0,0,0,0,0,0,1000,0,0,0,1000,0,1000,1000
062360,華邦電元大9B購01,0,0,0,0,0,0,0,0,0,1000,0,0,0,94000,93000,1000,1000
062342,上証2X群益01購03,0,0,0,0,0,0,0,0,0,1000,0,0,0,1000,0,1000,1000
059664,立積元大9C購01  ,0,0,0,0,0,0,0,0,0,1000,0,0,0,1000,0,1000,1000
059607,台積電富邦9C購04,0,0,0,0,0,0,0,0,0,1000,0,0,0,1000,0,1000,1000
05959P,聯發科國票98售01,0,0,0,0,0,0,0,0,0,1000,0,0,0,1000,0,1000,1000
05957P,友達國票97售04  ,0,0,0,0,0,0,0,0,0,1000,0,0,0,51000,50000,1000,1000
059568,台積電凱基9A購13,0,0,0,0,0,0,0,0,0,1000,0,0,0,1000,0,1000,1000
059092,聯陽元大99購01  ,0,0,0,0,0,0,0,0,0,1000,0,0,0,1000,0,1000,1000
059112,上銀永豐99購01  ,0,0,0,0,0,0,0,0,0,1000,0,0,0,16000,15000,1000,1000
058991,台灣50元大03購01,0,0,0,0,0,0,0,0,0,1000,0,0,0,1000,0,1000,1000
060235,瑞昱元大9A購01  ,0,0,0,0,0,0,0,0,0,1000,0,0,0,2000,1000,1000,1000
060222,貿聯凱基9A購02  ,0,0,0,0,0,0,0,0,0,1000,0,0,0,1000,0,1000,1000
060073,台積電元富99購03,0,0,0,0,0,0,0,0,0,1000,0,0,0,1000,0,1000,1000
059998,華航元富99購02  ,0,0,0,0,0,0,0,0,0,1000,0,0,0,1000,0,1000,1000
059985,華新科元大99購22,0,0,0,0,0,0,0,0,0,1000,0,0,0,8000,7000,1000,1000
060015,國巨康和99購03  ,0,0,0,0,0,0,0,0,0,1000,0,0,0,1000,0,1000,1000
060711,旺宏永豐9A購01  ,0,0,0,0,0,0,0,0,0,1000,0,0,0,1000,0,1000,1000
060482,東元富邦9A購01  ,0,0,0,0,0,0,0,0,0,1000,0,0,0,1000,0,1000,1000
060606,玉晶光凱基9A購05,0,0,0,0,0,0,0,0,0,1000,0,0,0,1000,0,1000,1000
060570,南亞科永豐9A購01,0,0,0,0,0,0,0,0,0,1000,0,0,0,4000,3000,1000,1000
060558,億豐凱基9A購01  ,0,0,0,0,0,0,0,0,0,1000,0,0,0,1000,0,1000,1000
062567,祥碩中信9C購01  ,0,0,0,0,0,0,0,0,0,1000,0,0,0,1000,0,1000,1000
062527,美律統一01購01  ,0,0,0,0,0,0,0,0,0,1000,0,0,0,1000,0,1000,1000
062503,玉晶光群益01購03,0,0,0,0,0,0,0,0,0,1000,0,0,0,3000,2000,1000,1000
060857,旭富富邦9B購01  ,0,0,0,0,0,0,0,0,0,1000,0,0,0,5000,4000,1000,1000
063211,道瓊銀國票9B購01,0,0,0,0,0,0,0,0,0,1000,0,0,0,1000,0,1000,1000
063281,京元電元大9B購01,0,0,0,0,0,0,0,0,0,1000,0,0,0,6000,5000,1000,1000
063270,喬山兆豐9C購01  ,0,0,0,0,0,0,0,0,0,1000,0,0,0,1000,0,1000,1000
063046,聯發科兆豐9C購01,0,0,0,0,0,0,0,0,0,1000,0,0,0,1000,0,1000,1000
062748,祥碩永豐9B購02  ,0,0,0,0,0,0,0,0,0,1000,0,0,0,1000,0,1000,1000
062632,嘉晶國票9B購01  ,0,0,0,0,0,0,0,0,0,1000,0,0,0,3000,2000,1000,1000
063011,台積電元大9C購01,0,0,0,0,0,0,0,0,0,1000,0,0,0,1000,0,1000,1000
062900,台積電元大9B購04,0,0,0,0,0,0,0,0,0,1000,0,0,0,2000,1000,1000,1000
062901,台積電元大9B購05,0,0,0,0,0,0,0,0,0,1000,0,0,0,2000,1000,1000,1000
065035,世芯統一01購03  ,0,0,0,0,0,0,0,0,0,1000,0,0,0,21000,20000,1000,1000
065054,百和凱基02購01  ,0,0,0,0,0,0,0,0,0,1000,0,0,0,10000,9000,1000,1000
065140,國巨凱基01購02  ,0,0,0,0,0,0,0,0,0,1000,0,0,0,9000,8000,1000,1000
064700,致新群益9C購02  ,0,0,0,0,0,0,0,0,0,1000,0,0,0,1000,0,1000,1000
064934,南電統一01購02  ,0,0,0,0,0,0,0,0,0,1000,0,0,0,1000,0,1000,1000
065552,聯發科凱基9C購12,0,0,0,0,0,0,0,0,0,1000,0,0,0,8000,7000,1000,1000
06551P,貿聯元大98售05  ,0,0,0,0,0,0,0,0,0,1000,0,0,0,10000,9000,1000,1000
065460,嘉聯益台新9C購01,0,0,0,0,0,0,0,0,0,1000,0,0,0,1000,0,1000,1000
065827,正崴凱基9C購01  ,0,0,0,0,0,0,0,0,0,1000,0,0,0,13000,12000,1000,1000
065698,旺宏群益9C購08  ,0,0,0,0,0,0,0,0,0,1000,0,0,0,1000,0,1000,1000
063814,嘉晶群益9C購01  ,0,0,0,0,0,0,0,0,0,1000,0,0,0,69000,68000,1000,1000
063760,聯詠統一9C購02  ,0,0,0,0,0,0,0,0,0,1000,0,0,0,1000,0,1000,1000
063683,大成鋼永豐9B購01,0,0,0,0,0,0,0,0,0,1000,0,0,0,65000,64000,1000,1000
063428,矽創凱基9B購02  ,0,0,0,0,0,0,0,0,0,1000,0,0,0,1000,0,1000,1000
06345P,臺股指統一9A售01,0,0,0,0,0,0,0,0,0,1000,0,0,0,1000,0,1000,1000
064633,臺股指元大9C購19,0,0,0,0,0,0,0,0,0,1000,0,0,0,1000,0,1000,1000
064619,南亞科元大9C購05,0,0,0,0,0,0,0,0,0,1000,0,0,0,1000,0,1000,1000
064525,臺股指群益9C購10,0,0,0,0,0,0,0,0,0,1000,0,0,0,1000,0,1000,1000
064361,旺宏統一01購06  ,0,0,0,0,0,0,0,0,0,1000,0,0,0,1000,0,1000,1000
064102,宏達電群益9C購01,0,0,0,0,0,0,0,0,0,1000,0,0,0,2000,1000,1000,1000
064103,大立光群益9C購03,0,0,0,0,0,0,0,0,0,1000,0,0,0,56000,55000,1000,1000
064126,聯發科元大9C購05,0,0,0,0,0,0,0,0,0,1000,0,0,0,1000,0,1000,1000
064129,新日興元大9C購02,0,0,0,0,0,0,0,0,0,1000,0,0,0,2000,1000,1000,1000
064182,臻鼎富邦01購01  ,0,0,0,0,0,0,0,0,0,1000,0,0,0,2000,1000,1000,1000
064191,聯發科中信03購01,0,0,0,0,0,0,0,0,0,1000,0,0,0,23000,22000,1000,1000
1236,宏亞            ,3000,2000,1000,0,0,0,0,0,0,0,0,0,0,0,0,0,1000
1324,地球            ,3000,2000,1000,0,0,0,0,0,0,0,0,0,0,0,0,0,1000
1436,華友聯          ,3000,2000,1000,0,0,0,0,0,0,0,0,0,0,0,0,0,1000
1341,富林-KY         ,1000,0,1000,0,0,0,0,0,0,0,0,0,0,0,0,0,1000
1456,怡華            ,6000,5000,1000,0,0,0,0,0,0,0,0,0,0,0,0,0,1000
3130,一零四          ,1000,1000,0,0,0,0,0,0,0,1000,1000,0,1000,0,0,0,1000
3021,鴻名            ,5000,4000,1000,0,0,0,0,0,0,0,0,0,0,0,0,0,1000
2901,欣欣            ,3000,2000,1000,0,0,0,0,0,0,0,0,0,0,0,0,0,1000
2891C,中信金丙特      ,0,0,0,0,0,0,0,0,0,1000,1000,0,1000,0,0,0,1000
2882B,國泰金乙特      ,0,0,0,0,0,0,0,0,0,1000,1000,0,1000,0,0,0,1000
4566,時碩工業        ,12000,11000,1000,0,0,0,0,0,0,0,0,0,0,0,0,0,1000
6464,台數科          ,10000,7000,3000,0,0,0,0,0,0,-2000,0,2000,-2000,0,0,0,1000
6442,光聖            ,3000,2000,1000,0,0,0,0,0,0,0,0,0,0,0,0,0,1000
6671,三能-KY         ,3000,2000,1000,0,0,0,0,0,0,0,0,0,0,0,0,0,1000
5484,慧友            ,1000,0,1000,0,0,0,0,0,0,0,0,0,0,0,0,0,1000
5906,台南-KY         ,1000,0,1000,0,0,0,0,0,0,0,0,0,0,0,0,0,1000
8467,波力-KY         ,5000,4000,1000,0,0,0,0,0,0,0,0,0,0,0,0,0,1000
8473,山林水          ,10000,9000,1000,0,0,0,0,0,0,0,0,0,0,0,0,0,1000
8478,東哥遊艇        ,3000,2000,1000,0,0,0,0,0,0,0,0,0,0,0,0,0,1000
8442,威宏-KY         ,2000,1000,1000,0,0,0,0,0,0,0,0,0,0,0,0,0,1000
00636K,國泰中國A50+U   ,0,0,0,0,0,0,0,0,0,100,0,0,0,100,0,100,100
07129P,華新科元大99售14,0,0,0,0,0,0,0,0,0,0,0,0,0,20000,20000,0,0
07132P,臺股指元大99售11,0,0,0,0,0,0,0,0,0,0,0,0,0,10000,10000,0,0
07056P,臺股指麥證99售02,0,0,0,10000,10000,0,0,0,0,0,0,0,0,10000,10000,0,0
06906P,國巨國泰99售01  ,0,0,0,0,0,0,0,0,0,0,0,0,0,117000,117000,0,0
06977P,臺股指元大9A售15,0,0,0,0,0,0,0,0,0,0,0,0,0,5000,5000,0,0
07198P,臺股指元大99售14,0,0,0,0,0,0,0,0,0,0,0,0,0,105000,105000,0,0
07245P,台積電凱基99售16,0,0,0,0,0,0,0,0,0,0,0,0,0,10000,10000,0,0
07298P,台灣50元大9C售12,0,0,0,0,0,0,0,0,0,0,0,0,0,60000,60000,0,0
07611P,大立光國票9A售05,0,0,0,0,0,0,0,0,0,0,0,0,0,2000,2000,0,0
07544P,大立光凱基9A售09,0,0,0,0,0,0,0,0,0,0,0,0,0,1000,1000,0,0
07547P,緯穎凱基9A售05  ,0,0,0,0,0,0,0,0,0,0,0,0,0,10000,10000,0,0
07415P,台積電元大99售52,0,0,0,0,0,0,0,0,0,0,0,0,0,10000,10000,0,0
07788P,華新科群益9A售08,0,0,0,0,0,0,0,0,0,0,0,0,0,12000,12000,0,0
07758P,台積電國票9A售06,0,0,0,0,0,0,0,0,0,0,0,0,0,4000,4000,0,0
07747P,晶技凱基9A售04  ,0,0,0,0,0,0,0,0,0,0,0,0,0,10000,10000,0,0
07675P,全新永豐9A售02  ,0,0,0,0,0,0,0,0,0,0,0,0,0,20000,20000,0,0
07678P,大立光群益9A售03,0,0,0,0,0,0,0,0,0,0,0,0,0,3000,3000,0,0
07645P,華通元大9A售06  ,0,0,0,0,0,0,0,0,0,0,0,0,0,50000,50000,0,0
08004P,大毅永豐9B售02  ,0,0,0,0,0,0,0,0,0,0,0,0,0,88000,88000,0,0
08101P,超眾群益9B售02  ,0,0,0,0,0,0,0,0,0,0,0,0,0,20000,20000,0,0
08038P,臺股指群益9B售11,0,0,0,0,0,0,0,0,0,0,0,0,0,10000,10000,0,0
08067P,大立光凱基9B售08,0,0,0,0,0,0,0,0,0,0,0,0,0,3000,3000,0,0
08053P,臺股指國票9B售18,0,0,0,0,0,0,0,0,0,0,0,0,0,35000,35000,0,0
08311P,台積電國票9C售07,0,0,0,0,0,0,0,0,0,0,0,0,0,250000,250000,0,0
08244P,同欣電凱基9C售03,0,0,0,0,0,0,0,0,0,0,0,0,0,30000,30000,0,0
08201P,祥碩元大9B售09  ,0,0,0,0,0,0,0,0,0,0,0,0,0,80000,80000,0,0
08393P,鴻海群益9C售05  ,0,0,0,0,0,0,0,0,0,0,0,0,0,299000,299000,0,0
08373P,大立光凱基01售05,0,0,0,0,0,0,0,0,0,0,0,0,0,2000,2000,0,0
08339P,上銀統一9C售04  ,0,0,0,0,0,0,0,0,0,0,0,0,0,1000,1000,0,0
08334P,智邦永豐9C售01  ,0,0,0,0,0,0,0,0,0,0,0,0,0,1000,1000,0,0
08636P,華通國票01售03  ,0,0,0,0,0,0,0,0,0,0,0,0,0,34000,34000,0,0
08594P,台積電群益01售05,0,0,0,0,0,0,0,0,0,0,0,0,0,75000,75000,0,0
08579P,臺股指元大9C售27,0,0,0,0,0,0,0,0,0,0,0,0,0,40000,40000,0,0
08549P,大立光元大9C售25,0,0,0,0,0,0,0,0,0,0,0,0,0,3000,3000,0,0
08712P,國巨元富07售03  ,0,0,0,0,0,0,0,0,0,0,0,0,0,10000,10000,0,0
08697P,臺股指麥證01售03,0,0,0,30000,30000,0,0,0,0,0,0,0,0,30000,30000,0,0
067116,嘉澤群益01購02  ,0,0,0,0,0,0,0,0,0,0,0,0,0,2000,2000,0,0
067117,健策群益01購09  ,0,0,0,0,0,0,0,0,0,0,0,0,0,5000,5000,0,0
067083,正文元大01購01  ,0,0,0,0,0,0,0,0,0,0,0,0,0,100000,100000,0,0
06758P,鴻海元大98售10  ,0,0,0,0,0,0,0,0,0,0,0,0,0,117000,117000,0,0
06766P,玉晶光元大99售10,0,0,0,0,0,0,0,0,0,0,0,0,0,13000,13000,0,0
067247,瀚宇博群益01購02,0,0,0,0,0,0,0,0,0,0,0,0,0,16000,16000,0,0
067259,聯茂國票02購01  ,0,0,0,0,0,0,0,0,0,0,0,0,0,4000,4000,0,0
067167,鴻海麥證01購02  ,0,0,0,0,50000,-50000,0,0,0,0,0,0,0,50000,50000,0,0
067215,亞光元大01購05  ,0,0,0,0,0,0,0,0,0,0,0,0,0,3000,3000,0,0
067228,華新群益01購01  ,0,0,0,0,0,0,0,0,0,0,0,0,0,29000,29000,0,0
066714,台灣50元大01購22,0,0,0,0,0,0,0,0,0,0,0,0,0,10000,10000,0,0
066732,可成元大01購06  ,0,0,0,0,0,0,0,0,0,0,0,0,0,12000,12000,0,0
066596,健策群益02購01  ,0,0,0,0,0,0,0,0,0,0,0,0,0,6000,6000,0,0
066638,聚碩凱基01購01  ,0,0,0,0,0,0,0,0,0,0,0,0,0,10000,10000,0,0
066650,宏達電康和01購01,0,0,0,0,0,0,0,0,0,0,0,0,0,4000,4000,0,0
066628,宏達電凱基03購01,0,0,0,0,0,0,0,0,0,0,0,0,0,4000,4000,0,0
066601,上証2X富邦02購01,0,0,0,0,0,0,0,0,0,0,0,0,0,30000,30000,0,0
06689P,鴻海中信9C售02  ,0,0,0,0,0,0,0,0,0,0,0,0,0,40000,40000,0,0
06687P,A50正2中信9A售01,0,0,0,0,0,0,0,0,0,0,0,0,0,11000,11000,0,0
066872,亞光國泰03購01  ,0,0,0,0,0,0,0,0,0,0,0,0,0,28000,28000,0,0
066750,緯穎元大01購04  ,0,0,0,0,0,0,0,0,0,0,0,0,0,60000,60000,0,0
066753,聯鈞國泰03購01  ,0,0,0,0,0,0,0,0,0,0,0,0,0,1000,1000,0,0
06602P,國巨統一99售02  ,0,0,0,0,0,0,0,0,0,0,0,0,0,60000,60000,0,0
06599P,宏達電永豐98售02,0,0,0,0,0,0,0,0,0,0,0,0,0,25000,25000,0,0
066127,劍麟群益03購01  ,0,0,0,0,0,0,0,0,0,0,0,0,0,3000,3000,0,0
066258,台積電元大01購10,0,0,0,0,0,0,0,0,0,0,0,0,0,1000,1000,0,0
066221,康友台新01購01  ,0,0,0,0,0,0,0,0,0,0,0,0,0,20000,20000,0,0
066365,富邦金中信03購01,0,0,0,0,0,0,0,0,0,0,0,0,0,96000,96000,0,0
066399,聯鈞凱基01購02  ,0,0,0,0,0,0,0,0,0,0,0,0,0,6000,6000,0,0
066390,鴻海凱基02購03  ,0,0,0,0,0,0,0,0,0,0,0,0,0,97000,97000,0,0
066329,達欣工永豐01購01,0,0,0,0,0,0,0,0,0,0,0,0,0,1000,1000,0,0
066416,台積電元大01購12,0,0,0,0,0,0,0,0,0,0,0,0,0,1000,1000,0,0
00625K,富邦上証+R      ,0,0,0,0,0,0,0,0,0,0,0,0,0,50000,50000,0,0
00657K,國泰日經225+U   ,0,0,0,0,0,0,0,0,0,0,0,0,0,100,100,0,0
00689R,國泰20年美債反1 ,0,0,0,0,0,0,0,0,0,0,0,0,0,125000,125000,0,0
00732,國泰RMB短期報酬 ,0,2000,-2000,0,0,0,0,0,0,2000,0,0,0,102000,100000,2000,0
00707R,元大S&P日圓反1  ,0,0,0,0,0,0,0,0,0,0,0,0,0,1000,1000,0,0
00774B,新光中國政金綠債,0,0,0,0,0,0,0,0,0,0,0,0,0,2000,2000,0,0
00775B,新光投等債15+   ,0,0,0,0,0,0,0,0,0,0,0,0,0,2000,2000,0,0
03681C,台灣50凱基02牛02,0,0,0,0,0,0,0,0,0,0,0,0,0,3000,3000,0,0
03678C,臺股指凱基01牛02,0,0,0,0,0,0,0,0,0,0,0,0,0,9000,9000,0,0
045054,聯發科元富98購02,0,0,0,0,0,0,0,0,0,0,0,0,0,40000,40000,0,0
036628,統一台新99購01  ,0,0,0,0,0,0,0,0,0,0,0,0,0,5000,5000,0,0
053742,創意國票97購01  ,150000,155000,-5000,0,0,0,0,0,0,5000,0,0,0,185000,180000,5000,0
053660,群創凱基98購08  ,0,0,0,0,0,0,0,0,0,0,0,0,0,10000,10000,0,0
053971,聯發科元大97購09,0,0,0,0,0,0,0,0,0,0,0,0,0,130000,130000,0,0
054312,TPK凱基98購01   ,0,0,0,0,0,0,0,0,0,0,0,0,0,17000,17000,0,0
056505,聯發科永豐98購01,0,0,0,0,0,0,0,0,0,0,0,0,0,187000,187000,0,0
056483,TPK元大98購01   ,0,0,0,0,0,0,0,0,0,0,0,0,0,147000,147000,0,0
056435,台積電凱基98購09,0,0,0,0,0,0,0,0,0,0,0,0,0,1000,1000,0,0
056519,創意國票99購01  ,0,0,0,0,0,0,0,0,0,0,0,0,0,1000,1000,0,0
054740,強茂凱基99購01  ,0,0,0,0,0,0,0,0,0,0,0,0,0,10000,10000,0,0
054671,國巨國泰98購01  ,0,0,0,0,0,0,0,0,0,0,0,0,0,115000,115000,0,0
056594,台積電元富98購03,0,0,0,0,0,0,0,0,0,0,0,0,0,20000,20000,0,0
056556,南電凱基98購01  ,0,0,0,0,0,0,0,0,0,0,0,0,0,10000,10000,0,0
054425,聯發科富邦99購03,0,0,0,0,0,0,0,0,0,0,0,0,0,1212000,1212000,0,0
054435,華新科台新97購02,0,0,0,0,0,0,0,0,0,0,0,0,0,400000,400000,0,0
054437,欣興台新97購02  ,0,0,0,0,0,0,0,0,0,0,0,0,0,35000,35000,0,0
052658,友達元富9C購01  ,0,0,0,0,0,0,0,0,0,0,0,0,0,82000,82000,0,0
048270,T50反1富邦99購01,0,0,0,0,0,0,0,0,0,0,0,0,0,30000,30000,0,0
050142,聯發科元富9A購01,0,0,0,0,0,0,0,0,0,0,0,0,0,595000,595000,0,0
050306,聯發科中信97購01,0,0,0,0,0,0,0,0,0,0,0,0,0,337000,337000,0,0
050758,聯發科元富9B購01,0,0,0,0,0,0,0,0,0,0,0,0,0,1000,1000,0,0
047547,友達凱基99購02  ,0,0,0,0,0,0,0,0,0,0,0,0,0,138000,138000,0,0
046942,友達元大99購01  ,0,0,0,0,0,0,0,0,0,0,0,0,0,5000,5000,0,0
058511,華新科元大9B購01,0,0,0,0,0,0,0,0,0,0,0,0,0,4681000,4681000,0,0
058522,聯茂元大99購07  ,0,0,0,0,0,0,0,0,0,0,0,0,0,303000,303000,0,0
058539,聯發科台新99購01,0,0,0,0,0,0,0,0,0,0,0,0,0,100000,100000,0,0
058549,藍天永豐99購01  ,0,0,0,0,0,0,0,0,0,0,0,0,0,400000,400000,0,0
058565,鴻海凱基9A購07  ,0,0,0,0,0,0,0,0,0,0,0,0,0,5000,5000,0,0
058573,鴻海群益9A購02  ,0,0,0,0,0,0,0,0,0,0,0,0,0,46000,46000,0,0
058568,宏達電凱基9A購02,0,0,0,0,0,0,0,0,0,0,0,0,0,1000,1000,0,0
058569,健策凱基9A購01  ,0,0,0,0,0,0,0,0,0,0,0,0,0,2000,2000,0,0
057672,茂林元大98購02  ,0,0,0,0,0,0,0,0,0,0,0,0,0,68000,68000,0,0
058432,台積電統一9B購03,0,0,0,0,0,0,0,0,0,0,0,0,0,10000,10000,0,0
058436,聯發科統一9B購03,0,0,0,0,0,0,0,0,0,0,0,0,0,470000,470000,0,0
058470,台灣50日盛9B購02,0,0,0,0,0,0,0,0,0,0,0,0,0,1130000,1130000,0,0
058502,鴻海元大99購13  ,0,0,0,0,0,0,0,0,0,0,0,0,0,7000,7000,0,0
058489,台灣50群益9B購01,0,0,0,0,0,0,0,0,0,0,0,0,0,450000,450000,0,0
058425,S&P正2元富01購02,0,0,0,0,0,0,0,0,0,0,0,0,0,20000,20000,0,0
058412,聯發科兆豐99購01,0,0,0,0,0,0,0,0,0,0,0,0,0,73000,73000,0,0
057604,鴻海統一9C購01  ,0,0,0,0,0,0,0,0,0,0,0,0,0,4000,4000,0,0
056238,聯發科群益98購02,0,0,0,0,0,0,0,0,0,0,0,0,0,10000,10000,0,0
056192,智邦富邦98購01  ,0,0,0,0,0,0,0,0,0,0,0,0,0,153000,153000,0,0
056193,聯發科富邦99購08,0,0,0,0,0,0,0,0,0,0,0,0,0,1197000,1197000,0,0
056344,嘉晶凱基98購02  ,0,0,0,0,0,0,0,0,0,0,0,0,0,1000,1000,0,0
055590,聯發科元大98購02,0,0,0,0,0,0,0,0,0,0,0,0,0,167000,167000,0,0
055670,矽創群益98購02  ,0,0,0,0,0,0,0,0,0,0,0,0,0,100000,100000,0,0
055621,國巨國泰98購03  ,0,0,0,0,0,0,0,0,0,0,0,0,0,110000,110000,0,0
055624,聯發科富邦99購07,0,0,0,0,0,0,0,0,0,0,0,0,0,1244000,1244000,0,0
056132,台光電元大97購03,0,0,0,0,0,0,0,0,0,0,0,0,0,9000,9000,0,0
056066,奇鋐元大98購02  ,0,0,0,0,0,0,0,0,0,0,0,0,0,30000,30000,0,0
056012,勤誠中信99購01  ,0,0,0,0,0,0,0,0,0,0,0,0,0,100000,100000,0,0
056020,義隆群益97購01  ,0,0,0,0,0,0,0,0,0,0,0,0,0,20000,20000,0,0
055975,鴻海統一98購05  ,0,0,0,0,0,0,0,0,0,0,0,0,0,30000,30000,0,0
056681,鴻海統一98購09  ,0,0,0,0,0,0,0,0,0,0,0,0,0,31000,31000,0,0
055023,億光國泰98購01  ,0,0,0,0,0,0,0,0,0,0,0,0,0,16000,16000,0,0
057212,台積電群益98購03,0,0,0,0,0,0,0,0,0,0,0,0,0,10000,10000,0,0
057222,鴻海國票99購04  ,0,0,0,0,0,0,0,0,0,0,0,0,0,32000,32000,0,0
057133,京鼎凱基98購02  ,0,0,0,0,0,0,0,0,0,0,0,0,0,20000,20000,0,0
057069,台積電永豐98購02,0,0,0,0,0,0,0,0,0,0,0,0,0,10000,10000,0,0
057031,滬深反元大9B購02,0,0,0,0,0,0,0,0,0,0,0,0,0,2000,2000,0,0
057013,聯發科麥證98購01,0,0,0,616000,0,616000,0,0,0,0,0,0,0,616000,616000,0,0
056990,聯發科兆豐98購01,0,0,0,0,0,0,0,0,0,0,0,0,0,45000,45000,0,0
057529,嘉晶元大99購02  ,0,0,0,0,0,0,0,0,0,0,0,0,0,1000,1000,0,0
057532,智原元大98購03  ,0,0,0,0,0,0,0,0,0,0,0,0,0,1000,1000,0,0
057809,英業達元大98購01,0,0,0,0,0,0,0,0,0,0,0,0,0,2000,2000,0,0
057437,可成國票99購01  ,0,0,0,0,0,0,0,0,0,0,0,0,0,2000,2000,0,0
057349,聯發科統一98購04,0,0,0,0,0,0,0,0,0,0,0,0,0,264000,264000,0,0
057375,欣興元大98購09  ,0,0,0,0,0,0,0,0,0,0,0,0,0,5000,5000,0,0
057865,富邦金凱基98購01,0,0,0,0,0,0,0,0,0,0,0,0,0,50000,50000,0,0
059294,宏達電元富9B購02,0,0,0,0,0,0,0,0,0,0,0,0,0,10000,10000,0,0
059237,鴻海凱基9A購10  ,0,0,0,0,0,0,0,0,0,0,0,0,0,31000,31000,0,0
060317,台灣50群益02購01,0,0,0,0,0,0,0,0,0,0,0,0,0,40000,40000,0,0
060297,和碩元大9A購02  ,0,0,0,0,0,0,0,0,0,0,0,0,0,72000,72000,0,0
061054,台積電群益9A購04,0,0,0,0,0,0,0,0,0,0,0,0,0,1000,1000,0,0
061215,健策元大9A購06  ,0,0,0,0,0,0,0,0,0,0,0,0,0,1000,1000,0,0
058961,台灣50兆豐9C購01,0,0,0,0,0,0,0,0,0,0,0,0,0,217000,217000,0,0
058949,上銀群益99購02  ,0,0,0,0,0,0,0,0,0,0,0,0,0,2000,2000,0,0
058947,SGBR2X群益9B購02,0,0,0,0,0,0,0,0,0,0,0,0,0,10000,10000,0,0
056744,麗豐凱基9A購01  ,0,0,0,0,0,0,0,0,0,0,0,0,0,120000,120000,0,0
056771,嘉晶元大99購01  ,0,0,0,0,0,0,0,0,0,0,0,0,0,2000,2000,0,0
056782,鴻海群益98購04  ,0,0,0,0,0,0,0,0,0,0,0,0,0,30000,30000,0,0
056797,台積電麥證98購01,0,0,0,0,10000,-10000,0,0,0,0,0,0,0,10000,10000,0,0
058742,鴻海康和99購01  ,0,0,0,0,0,0,0,0,0,0,0,0,0,5000,5000,0,0
058698,華通元大99購05  ,0,0,0,0,0,0,0,0,0,0,0,0,0,3000,3000,0,0
058700,鴻海元大99購15  ,0,0,0,0,0,0,0,0,0,0,0,0,0,8000,8000,0,0
058711,鴻海統一9A購02  ,0,0,0,0,0,0,0,0,0,0,0,0,0,5000,5000,0,0
058684,健策凱基99購02  ,0,0,0,0,0,0,0,0,0,0,0,0,0,3000,3000,0,0
058826,台積電永豐99購02,0,0,0,0,0,0,0,0,0,0,0,0,0,24000,24000,0,0
05890P,彩晶元大99售01  ,0,0,0,0,0,0,0,0,0,0,0,0,0,100000,100000,0,0
058015,旺宏凱基99購02  ,0,0,0,0,0,0,0,0,0,0,0,0,0,50000,50000,0,0
057984,聯發科台新98購01,0,0,0,0,0,0,0,0,0,0,0,0,0,207000,207000,0,0
057936,健策群益99購01  ,0,0,0,0,0,0,0,0,0,0,0,0,0,5000,5000,0,0
057965,臺股指元大98購14,0,2000,-2000,0,0,0,0,0,0,2000,0,0,0,2000,0,2000,0
058079,鴻海群益98購08  ,0,0,0,0,0,0,0,0,0,0,0,0,0,33000,33000,0,0
058120,台灣50國票99購03,0,0,0,0,0,0,0,0,0,0,0,0,0,10000,10000,0,0
058115,台光電中信99購01,0,0,0,0,0,0,0,0,0,0,0,0,0,2000,2000,0,0
058166,鴻海凱基9A購01  ,0,0,0,0,0,0,0,0,0,0,0,0,0,14000,14000,0,0
058186,聯發科永豐99購01,0,0,0,0,0,0,0,0,0,0,0,0,0,7000,7000,0,0
058187,泰碩永豐99購01  ,0,0,0,0,0,0,0,0,0,0,0,0,0,68000,68000,0,0
058237,嘉晶元大99購04  ,0,0,0,0,0,0,0,0,0,0,0,0,0,1000,1000,0,0
058608,華新科元大99購13,0,0,0,0,0,0,0,0,0,0,0,0,0,100000,100000,0,0
058649,健策永豐99購01  ,0,0,0,0,0,0,0,0,0,0,0,0,0,2000,2000,0,0
058338,康友元富99購01  ,0,0,0,0,0,0,0,0,0,0,0,0,0,60000,60000,0,0
058358,技嘉凱基9A購01  ,0,0,0,0,0,0,0,0,0,0,0,0,0,4000,4000,0,0
062835,瑞儀群益9B購01  ,0,0,0,0,0,0,0,0,0,0,0,0,0,1000,1000,0,0
062844,T50反1國泰9C購01,0,0,0,0,0,0,0,0,0,0,0,0,0,70000,70000,0,0
062828,聯詠群益9B購02  ,0,0,0,0,0,0,0,0,0,0,0,0,0,5000,5000,0,0
063020,奇力新元大9B購04,0,0,0,0,0,0,0,0,0,0,0,0,0,50000,50000,0,0
063000,緯穎國票9B購03  ,0,0,0,0,0,0,0,0,0,0,0,0,0,5000,5000,0,0
062951,鴻海永豐9B購02  ,0,0,0,0,0,0,0,0,0,0,0,0,0,5000,5000,0,0
062928,富邦金台新9B購02,0,0,0,0,0,0,0,0,0,0,0,0,0,14000,14000,0,0
062776,鴻海元大9B購03  ,0,0,0,0,0,0,0,0,0,0,0,0,0,7000,7000,0,0
062762,聯詠凱基9B購02  ,0,0,0,0,0,0,0,0,0,0,0,0,0,5000,5000,0,0
063033,台積電凱基9B購09,0,0,0,0,0,0,0,0,0,0,0,0,0,3000,3000,0,0
063105,健策群益9C購01  ,0,0,0,0,0,0,0,0,0,0,0,0,0,5000,5000,0,0
063235,台積電元大9B購06,0,0,0,0,0,0,0,0,0,0,0,0,0,1000,1000,0,0
063321,泰鼎群益9B購03  ,0,0,0,0,0,0,0,0,0,0,0,0,0,49000,49000,0,0
063328,京元電國票9C購02,0,0,0,0,0,0,0,0,0,0,0,0,0,4000,4000,0,0
060798,旭富永豐9A購01  ,0,0,0,0,0,0,0,0,0,0,0,0,0,198000,198000,0,0
060941,台積電國票9B購04,0,0,0,0,0,0,0,0,0,0,0,0,0,1000,1000,0,0
060939,鴻海國票9A購06  ,0,0,0,0,0,0,0,0,0,0,0,0,0,32000,32000,0,0
060993,健策元大9B購03  ,0,0,0,0,0,0,0,0,0,0,0,0,0,1000,1000,0,0
060912,華新科元大9A購10,0,0,0,0,0,0,0,0,0,0,0,0,0,68000,68000,0,0
062582,鴻海統一9C購11  ,0,0,0,0,0,0,0,0,0,0,0,0,0,77000,77000,0,0
062584,鴻海統一9C購13  ,0,0,0,0,0,0,0,0,0,0,0,0,0,5000,5000,0,0
062585,鴻海統一9C購14  ,0,0,0,0,0,0,0,0,0,0,0,0,0,5000,5000,0,0
061014,台積電麥證9A購04,0,0,0,0,1000,-1000,0,0,0,0,0,0,0,1000,1000,0,0
062446,聯詠元大9B購02  ,0,0,0,0,0,0,0,0,0,0,0,0,0,7000,7000,0,0
062470,智邦凱基9C購01  ,0,0,0,0,0,0,0,0,0,0,0,0,0,8000,8000,0,0
062472,大立光凱基9B購04,0,0,0,0,0,0,0,0,0,0,0,0,0,10000,10000,0,0
060604,宏達電凱基9B購01,0,0,0,0,0,0,0,0,0,0,0,0,0,3000,3000,0,0
060621,玉晶光元大9A購05,0,0,0,0,0,0,0,0,0,0,0,0,0,1000,1000,0,0
060502,國巨元大9A購07  ,0,0,0,0,0,0,0,0,0,0,0,0,0,1000,1000,0,0
060543,鴻海凱基9B購02  ,0,0,0,0,0,0,0,0,0,0,0,0,0,24000,24000,0,0
060522,鴻海中信9A購03  ,0,0,0,0,0,0,0,0,0,0,0,0,0,5000,5000,0,0
060730,台積電群益9A購03,0,0,0,0,0,0,0,0,0,0,0,0,0,1000,1000,0,0
060733,和大統一9C購01  ,0,0,0,0,0,0,0,0,0,0,0,0,0,35000,35000,0,0
060697,鴻海國泰9C購01  ,0,0,0,0,0,0,0,0,0,0,0,0,0,29000,29000,0,0
060016,廣達康和99購01  ,0,0,0,0,0,0,0,0,0,0,0,0,0,7000,7000,0,0
059990,健策元大9A購01  ,0,0,0,0,0,0,0,0,0,0,0,0,0,1000,1000,0,0
060059,鴻海兆豐99購06  ,0,0,0,0,0,0,0,0,0,0,0,0,0,25000,25000,0,0
060055,宏達電凱基99購06,0,0,0,0,0,0,0,0,0,0,0,0,0,1000,1000,0,0
060084,聯電元大99購02  ,0,0,0,0,0,0,0,0,0,0,0,0,0,10000,10000,0,0
058967,可成麥證99購01  ,0,0,0,1000,0,1000,0,0,0,0,0,0,0,1000,1000,0,0
058970,鴻海永豐99購02  ,0,0,0,0,0,0,0,0,0,0,0,0,0,26000,26000,0,0
058980,鴻海凱基99購06  ,0,0,0,0,0,0,0,0,0,0,0,0,0,37000,37000,0,0
061930,臺股指凱基9B購05,0,0,0,0,0,0,0,0,0,0,0,0,0,10000,10000,0,0
059053,鴻海凱基99購07  ,0,0,0,0,0,0,0,0,0,0,0,0,0,81000,81000,0,0
059036,可成群益9B購03  ,0,0,0,0,0,0,0,0,0,0,0,0,0,5000,5000,0,0
059059,宏達電凱基99購03,0,0,0,0,0,0,0,0,0,0,0,0,0,1000,1000,0,0
061781,台積電群益9C購01,0,0,0,0,0,0,0,0,0,0,0,0,0,1000,1000,0,0
061678,玉晶光元大9B購04,0,0,0,0,0,0,0,0,0,0,0,0,0,1000,1000,0,0
061717,力成凱基9B購01  ,0,0,0,0,0,0,0,0,0,0,0,0,0,50000,50000,0,0
061698,智邦國票9A購04  ,0,0,0,0,0,0,0,0,0,0,0,0,0,2000,2000,0,0
061845,SP黃豆國票9B購02,0,0,0,0,0,0,0,0,0,0,0,0,0,35000,35000,0,0
061893,鴻海永豐9B購01  ,0,0,0,0,0,0,0,0,0,0,0,0,0,5000,5000,0,0
061837,華新科凱基05購02,0,0,0,0,0,0,0,0,0,0,0,0,0,50000,50000,0,0
061808,聯發科統一01購02,0,0,0,0,0,0,0,0,0,0,0,0,0,18000,18000,0,0
059573,健策凱基9A購02  ,0,0,0,0,0,0,0,0,0,0,0,0,0,2000,2000,0,0
059538,健策凱基99購03  ,0,0,0,0,0,0,0,0,0,0,0,0,0,2000,2000,0,0
059588,鴻海元大99購32  ,0,0,0,0,0,0,0,0,0,0,0,0,0,23000,23000,0,0
059161,鴻海凱基9A購09  ,0,0,0,0,0,0,0,0,0,0,0,0,0,26000,26000,0,0
059172,台郡凱基99購03  ,0,0,0,0,0,0,0,0,0,0,0,0,0,10000,10000,0,0
059540,新光金日盛99購01,0,0,0,0,0,0,0,0,0,0,0,0,0,1000,1000,0,0
059680,台積電國泰9A購03,0,0,0,0,0,0,0,0,0,0,0,0,0,2000,2000,0,0
062277,廣達群益9B購01  ,0,0,0,0,0,0,0,0,0,0,0,0,0,3000,3000,0,0
059642,健策凱基99購04  ,0,0,0,0,0,0,0,0,0,0,0,0,0,2000,2000,0,0
062351,瑞祺群益9C購01  ,0,0,0,0,0,0,0,0,0,0,0,0,0,40000,40000,0,0
062369,創意元大9B購01  ,0,0,0,0,0,0,0,0,0,0,0,0,0,7000,7000,0,0
062325,鴻海統一9B購05  ,0,0,0,0,0,0,0,0,0,0,0,0,0,7000,7000,0,0
062315,健策凱基9C購01  ,0,0,0,0,0,0,0,0,0,0,0,0,0,13000,13000,0,0
059755,宏達電國泰9A購01,0,0,0,0,0,0,0,0,0,0,0,0,0,4000,4000,0,0
059787,奇力新元大9A購02,0,0,0,0,0,0,0,0,0,0,0,0,0,4000,4000,0,0
059721,旺宏元大99購16  ,0,0,0,0,0,0,0,0,0,0,0,0,0,1000,1000,0,0
062417,鴻海統一9C購08  ,0,0,0,0,0,0,0,0,0,0,0,0,0,5000,5000,0,0
062418,台積電統一01購06,0,0,0,0,0,0,0,0,0,0,0,0,0,6000,6000,0,0
062403,健策永豐9B購06  ,0,0,0,0,0,0,0,0,0,0,0,0,0,2000,2000,0,0
059925,可成國泰9B購01  ,0,0,0,0,0,0,0,0,0,0,0,0,0,1000,1000,0,0
059849,興勤永豐99購01  ,0,0,0,0,0,0,0,0,0,0,0,0,0,50000,50000,0,0
059830,台郡凱基99購05  ,0,0,0,0,0,0,0,0,0,0,0,0,0,1000,1000,0,0
059879,GIS凱基99購03   ,0,0,0,0,0,0,0,0,0,0,0,0,0,10000,10000,0,0
059884,鴻海國票99購09  ,0,0,0,0,0,0,0,0,0,0,0,0,0,3000,3000,0,0
059905,A50正2元大9C購06,0,0,0,0,0,0,0,0,0,0,0,0,0,3000,3000,0,0
059404,鴻海台新99購03  ,0,0,0,0,0,0,0,0,0,0,0,0,0,28000,28000,0,0
059430,台積電元大99購36,0,0,0,0,0,0,0,0,0,0,0,0,0,1000,1000,0,0
059507,鴻海永豐99購03  ,0,0,0,0,0,0,0,0,0,0,0,0,0,26000,26000,0,0
059366,台積電台新99購04,0,0,0,0,0,0,0,0,0,0,0,0,0,26000,26000,0,0
059351,台虹凱基99購01  ,0,0,0,0,0,0,0,0,0,0,0,0,0,10000,10000,0,0
059349,台郡凱基99購04  ,0,0,0,0,0,0,0,0,0,0,0,0,0,20000,20000,0,0
061201,FBVIX元大01購03 ,0,0,0,0,0,0,0,0,0,0,0,0,0,1000,1000,0,0
059315,鴻海元大99購30  ,0,0,0,0,0,0,0,0,0,0,0,0,0,7000,7000,0,0
061175,台積電凱基9A購19,0,0,0,0,0,0,0,0,0,0,0,0,0,1000,1000,0,0
061582,麗豐元大9A購01  ,0,0,0,0,0,0,0,0,0,0,0,0,0,18000,18000,0,0
061813,鴻海群益9B購02  ,0,0,0,0,0,0,0,0,0,0,0,0,0,24000,24000,0,0
061616,鴻海群益9A購07  ,0,0,0,0,0,0,0,0,0,0,0,0,0,31000,31000,0,0
061482,健策元大9C購01  ,0,0,0,0,0,0,0,0,0,0,0,0,0,2000,2000,0,0
061485,鴻海兆豐9A購01  ,0,0,0,0,0,0,0,0,0,0,0,0,0,6000,6000,0,0
06154P,超眾元大98售01  ,0,0,0,0,0,0,0,0,0,0,0,0,0,40000,40000,0,0
061458,臻鼎凱基9A購02  ,0,0,0,0,0,0,0,0,0,0,0,0,0,10000,10000,0,0
061429,南六元大9A購02  ,0,0,0,0,0,0,0,0,0,0,0,0,0,1000,1000,0,0
061433,華通麥證9A購03  ,0,0,0,2000,0,2000,0,0,0,0,0,0,0,2000,2000,0,0
061382,台灣50群益9C購02,0,0,0,0,0,0,0,0,0,0,0,0,0,40000,40000,0,0
061365,國巨國票9B購05  ,0,0,0,0,0,0,0,0,0,0,0,0,0,3000,3000,0,0
061986,晶豪科元大9B購01,0,0,0,0,0,0,0,0,0,0,0,0,0,50000,50000,0,0
062251,旺宏元大9B購06  ,0,0,0,0,0,0,0,0,0,0,0,0,0,68000,68000,0,0
062231,台光電麥證9C購01,0,0,0,10000,0,10000,0,0,0,0,0,0,0,10000,10000,0,0
062033,瀚宇博群益9B購01,0,0,0,0,0,0,0,0,0,0,0,0,0,18000,18000,0,0
062038,鴻海凱基9B購05  ,0,0,0,0,0,0,0,0,0,0,0,0,0,11000,11000,0,0
062083,健策元大9C購03  ,0,0,0,0,0,0,0,0,0,0,0,0,0,1000,1000,0,0
062087,瑞祺元大9B購02  ,0,0,0,0,0,0,0,0,0,0,0,0,0,3000,3000,0,0
062128,祥碩統一01購01  ,0,0,0,0,0,0,0,0,0,0,0,0,0,3000,3000,0,0
062104,上証2X國票9B購03,0,0,0,0,0,0,0,0,0,0,0,0,0,5000,5000,0,0
064110,國巨國票01購01  ,0,0,0,0,0,0,0,0,0,0,0,0,0,1000,1000,0,0
064352,嘉聯益元大9C購01,0,0,0,0,0,0,0,0,0,0,0,0,0,50000,50000,0,0
064341,聯詠元大9C購01  ,0,0,0,0,0,0,0,0,0,0,0,0,0,46000,46000,0,0
064336,可成元大9C購06  ,0,0,0,0,0,0,0,0,0,0,0,0,0,4000,4000,0,0
064327,金寶元大01購01  ,0,0,0,0,0,0,0,0,0,0,0,0,0,41000,41000,0,0
064223,日電貿國票01購01,0,0,0,0,0,0,0,0,0,0,0,0,0,38000,38000,0,0
064277,可成元大9C購04  ,0,0,0,0,0,0,0,0,0,0,0,0,0,4000,4000,0,0
064489,宏碁元大9C購01  ,0,0,0,0,0,0,0,0,0,0,0,0,0,50000,50000,0,0
064497,可成元大01購02  ,0,0,0,0,0,0,0,0,0,0,0,0,0,6000,6000,0,0
064502,大立光元大9C購19,0,0,0,0,0,0,0,0,0,0,0,0,0,10000,10000,0,0
064694,玉晶光群益02購02,0,0,0,0,0,0,0,0,0,0,0,0,0,2000,2000,0,0
064661,鴻海元大01購02  ,0,0,0,0,0,0,0,0,0,0,0,0,0,40000,40000,0,0
064662,鴻海元大9C購10  ,0,0,0,0,0,0,0,0,0,0,0,0,0,3000,3000,0,0
064544,國巨凱基9C購09  ,0,0,0,0,0,0,0,0,0,0,0,0,0,2000,2000,0,0
064533,技嘉國票01購01  ,0,0,0,0,0,0,0,0,0,0,0,0,0,63000,63000,0,0
063452,創意統一01購01  ,0,0,0,0,0,0,0,0,0,0,0,0,0,21000,21000,0,0
063530,同欣電凱基9C購02,0,0,0,0,0,0,0,0,0,0,0,0,0,7000,7000,0,0
063414,鴻海凱基03購01  ,0,0,0,0,0,0,0,0,0,0,0,0,0,25000,25000,0,0
063416,台積電凱基9B購10,0,0,0,0,0,0,0,0,0,0,0,0,0,8000,8000,0,0
063690,健鼎永豐9B購01  ,0,0,0,0,0,0,0,0,0,0,0,0,0,68000,68000,0,0
063607,中租凱基9B購02  ,0,0,0,0,0,0,0,0,0,0,0,0,0,10000,10000,0,0
063599,智邦凱基9B購04  ,0,0,0,0,0,0,0,0,0,0,0,0,0,4000,4000,0,0
063766,南茂元富9B購01  ,0,0,0,0,0,0,0,0,0,0,0,0,0,10000,10000,0,0
063767,義隆國泰02購01  ,0,0,0,0,0,0,0,0,0,0,0,0,0,3000,3000,0,0
063756,鴻海統一9B購09  ,0,0,0,0,0,0,0,0,0,0,0,0,0,17000,17000,0,0
063812,智邦群益9C購02  ,0,0,0,0,0,0,0,0,0,0,0,0,0,7000,7000,0,0
063788,矽創統一02購01  ,0,0,0,0,0,0,0,0,0,0,0,0,0,180000,180000,0,0
063790,南亞科台新9C購01,0,0,0,0,0,0,0,0,0,0,0,0,0,4000,4000,0,0
063854,南電元大9C購01  ,0,0,0,0,0,0,0,0,0,0,0,0,0,10000,10000,0,0
063951,新日興元大9C購01,0,0,0,0,0,0,0,0,0,0,0,0,0,17000,17000,0,0
064034,台表科元大9C購07,0,0,0,0,0,0,0,0,0,0,0,0,0,2000,2000,0,0
064036,矽創元大9C購01  ,0,0,0,0,0,0,0,0,0,0,0,0,0,141000,141000,0,0
064027,義隆元大9C購01  ,0,0,0,0,0,0,0,0,0,0,0,0,0,40000,40000,0,0
064041,國巨統一01購07  ,0,0,0,0,0,0,0,0,0,0,0,0,0,5000,5000,0,0
063963,鴻海國票01購01  ,0,0,0,0,0,0,0,0,0,0,0,0,0,28000,28000,0,0
065696,旺宏群益9C購06  ,0,0,0,0,0,0,0,0,0,0,0,0,0,47000,47000,0,0
065712,緯穎群益9C購03  ,0,0,0,0,0,0,0,0,0,0,0,0,0,10000,10000,0,0
065713,緯穎群益9C購04  ,0,0,0,0,0,0,0,0,0,0,0,0,0,5000,5000,0,0
065759,TPK元大9C購05   ,0,0,0,0,0,0,0,0,0,0,0,0,0,121000,121000,0,0
065774,旭富國票01購01  ,0,0,0,0,0,0,0,0,0,0,0,0,0,35000,35000,0,0
065835,台灣50元大9C購52,0,0,0,0,0,0,0,0,0,0,0,0,0,148000,148000,0,0
065879,瑞祺群益9C購02  ,0,0,0,0,0,0,0,0,0,0,0,0,0,6000,6000,0,0
065867,鴻海群益9C購08  ,0,0,0,0,0,0,0,0,0,0,0,0,0,39000,39000,0,0
06585P,鴻海元大99售04  ,0,0,0,0,0,0,0,0,0,0,0,0,0,50000,50000,0,0
065934,智邦群益01購02  ,0,0,0,0,0,0,0,0,0,0,0,0,0,31000,31000,0,0
065929,TPK國票02購01   ,0,0,0,0,0,0,0,0,0,0,0,0,0,12000,12000,0,0
065918,可成凱基01購01  ,0,0,0,0,0,0,0,0,0,0,0,0,0,3000,3000,0,0
065914,智邦凱基02購03  ,0,0,0,0,0,0,0,0,0,0,0,0,0,8000,8000,0,0
065474,旺宏元大9C購06  ,0,0,0,0,0,0,0,0,0,0,0,0,0,4000,4000,0,0
065363,國巨元大01購04  ,0,0,0,0,0,0,0,0,0,0,0,0,0,50000,50000,0,0
065505,健鼎永豐9C購01  ,0,0,0,0,0,0,0,0,0,0,0,0,0,68000,68000,0,0
065556,旭富凱基9C購02  ,0,0,0,0,0,0,0,0,0,0,0,0,0,50000,50000,0,0
065557,中磊凱基9C購01  ,0,0,0,0,0,0,0,0,0,0,0,0,0,36000,36000,0,0
065574,創意群益9C購04  ,0,0,0,0,0,0,0,0,0,0,0,0,0,36000,36000,0,0
065596,鴻海元大9C購16  ,0,0,0,0,0,0,0,0,0,0,0,0,0,15000,15000,0,0
065589,景碩永豐9C購02  ,0,0,0,0,0,0,0,0,0,0,0,0,0,68000,68000,0,0
065622,鴻海中信06購01  ,0,0,0,0,0,0,0,0,0,0,0,0,0,46000,46000,0,0
065623,瑞昱中信04購01  ,0,0,0,0,0,0,0,0,0,0,0,0,0,25000,25000,0,0
065638,台灣50元大9C購51,0,0,0,0,0,0,0,0,0,0,0,0,0,149000,149000,0,0
065650,旭富元大9C購07  ,0,0,0,0,0,0,0,0,0,0,0,0,0,68000,68000,0,0
064924,健策統一9C購05  ,0,0,0,0,0,0,0,0,0,0,0,0,0,27000,27000,0,0
064947,台積電凱基01購08,0,0,0,0,0,0,0,0,0,0,0,0,0,401000,401000,0,0
064957,台表科凱基02購02,0,0,0,0,0,0,0,0,0,0,0,0,0,119000,119000,0,0
064964,T50反1元大9C購10,0,0,0,0,0,0,0,0,0,0,0,0,0,10000,10000,0,0
064891,台達電群益9C購01,0,0,0,0,0,0,0,0,0,0,0,0,0,5000,5000,0,0
064852,智邦台新9C購04  ,0,0,0,0,0,0,0,0,0,0,0,0,0,5000,5000,0,0
064869,景碩永豐9C購01  ,0,0,0,0,0,0,0,0,0,0,0,0,0,68000,68000,0,0
064702,百和群益01購01  ,0,0,0,0,0,0,0,0,0,0,0,0,0,10000,10000,0,0
064845,華通元富9C購02  ,0,0,0,0,0,0,0,0,0,0,0,0,0,82000,82000,0,0
064801,鴻海元大9C購13  ,0,0,0,0,0,0,0,0,0,0,0,0,0,3000,3000,0,0
065088,可成元大9C購09  ,0,0,0,0,0,0,0,0,0,0,0,0,0,4000,4000,0,0
065064,創意群益9C購02  ,0,0,0,0,0,0,0,0,0,0,0,0,0,39000,39000,0,0
065077,鴻海元大01購03  ,0,0,0,0,0,0,0,0,0,0,0,0,0,27000,27000,0,0
065009,勤誠國票01購01  ,0,0,0,0,0,0,0,0,0,0,0,0,0,38000,38000,0,0
065311,TPK國票01購03   ,0,0,0,0,0,0,0,0,0,0,0,0,0,12000,12000,0,0
065173,可成元大9C購10  ,0,0,0,0,0,0,0,0,0,0,0,0,0,4000,4000,0,0
8466,美吉吉-KY       ,1000,1000,0,0,0,0,0,0,0,0,0,0,0,0,0,0,0
8481,政伸            ,1000,1000,0,0,0,0,0,0,0,0,0,0,0,0,0,0,0
9926,新海            ,9000,2000,7000,0,0,0,0,0,0,-7000,0,7000,-7000,0,0,0,0
9912,偉聯            ,1000,1000,0,0,0,0,0,0,0,0,0,0,0,0,0,0,0
6117,迎廣            ,2000,2000,0,0,0,0,0,0,0,0,0,0,0,0,0,0,0
6216,居易            ,5000,5000,0,0,0,0,0,0,0,0,0,0,0,0,0,0,0
6136,富爾特          ,13000,13000,0,0,0,0,0,0,0,0,0,0,0,0,0,0,0
6625,必應            ,1000,1000,0,0,0,0,0,0,0,0,0,0,0,0,0,0,0
6641,基士德-KY       ,5000,5000,0,0,0,0,0,0,0,0,0,0,0,0,0,0,0
4572,駐龍            ,9000,9000,0,0,0,0,0,0,0,0,0,0,0,0,0,0,0
4763,材料-KY         ,36000,26000,10000,0,0,0,0,0,0,-10000,0,10000,-10000,0,0,0,0
4764,雙鍵            ,1000,0,1000,0,0,0,0,0,0,-1000,0,1000,-1000,0,0,0,0
4557,永新-KY         ,3000,3000,0,0,0,0,0,0,0,0,0,0,0,0,0,0,0
3454,晶睿            ,35000,35000,0,0,0,0,0,0,0,0,0,0,0,0,0,0,0
3305,昇貿            ,6000,11000,-5000,0,0,0,0,0,0,5000,5000,0,5000,0,0,0,0
3054,立萬利          ,1000,1000,0,0,0,0,0,0,0,0,0,0,0,0,0,0,0
2462,良得電          ,3000,3000,0,0,0,0,0,0,0,0,0,0,0,0,0,0,0
2488,漢平            ,9000,9000,0,0,0,0,0,0,0,0,0,0,0,0,0,0,0
2405,浩鑫            ,84000,84000,0,0,0,0,0,0,0,0,0,0,0,0,0,0,0
1470,大統新創        ,1000,1000,0,0,0,0,0,0,0,0,0,0,0,0,0,0,0
1441,大東            ,14000,14000,0,0,0,0,0,0,0,0,0,0,0,0,0,0,0
1526,日馳            ,210000,210000,0,0,0,0,0,0,0,0,0,0,0,0,0,0,0
1413,宏洲            ,1000,1000,0,0,0,0,0,0,0,0,0,0,0,0,0,0,0
2302,麗正            ,84000,84000,0,0,0,0,0,0,0,0,0,0,0,0,0,0,0
1776,展宇            ,2000,2000,0,0,0,0,0,0,0,0,0,0,0,0,0,0,0
1735,日勝化          ,1000,1000,0,0,0,0,0,0,0,0,0,0,0,0,0,0,0
066423,智原元大01購02  ,0,0,0,0,0,0,0,0,0,-1000,0,0,0,5000,6000,-1000,-1000
066516,智原永豐01購01  ,0,0,0,0,0,0,0,0,0,-1000,0,0,0,0,1000,-1000,-1000
066022,鴻海群益01購07  ,0,0,0,0,0,0,0,0,0,-1000,0,0,0,5000,6000,-1000,-1000
066858,聯鈞國票02購01  ,0,0,0,0,0,0,0,0,0,-1000,0,0,0,0,1000,-1000,-1000
066711,臺股指群益01購03,0,0,0,0,0,0,0,0,0,-1000,0,0,0,0,1000,-1000,-1000
066697,長興群益01購01  ,0,0,0,0,0,0,0,0,0,-1000,0,0,0,0,1000,-1000,-1000
067178,京鼎康和01購01  ,0,0,0,0,0,0,0,0,0,-1000,0,0,0,0,1000,-1000,-1000
067151,聯發科統一02購06,0,0,0,0,0,0,0,0,0,-1000,0,0,0,0,1000,-1000,-1000
066964,T50反1元富07購04,0,0,0,0,0,0,0,0,0,-1000,0,0,0,0,1000,-1000,-1000
08767P,台灣50凱基01售17,0,0,0,0,0,0,0,0,0,-1000,0,0,0,0,1000,-1000,-1000
08332P,智邦台新9C售03  ,0,0,0,0,0,0,0,0,0,-1000,0,0,0,56000,57000,-1000,-1000
07932P,國巨元大9B售04  ,0,0,0,0,0,0,0,0,0,-1000,0,0,0,11000,12000,-1000,-1000
07787P,國巨凱基9A售17  ,0,0,0,0,0,0,0,0,0,-1000,0,0,0,0,1000,-1000,-1000
07478P,南電康和9A售02  ,0,0,0,0,0,0,0,0,0,-1000,0,0,0,0,1000,-1000,-1000
07090P,台灣50凱基01售01,0,0,0,0,0,0,0,0,0,-1000,0,0,0,0,1000,-1000,-1000
07157P,臺股指元富99售12,0,0,0,0,0,0,0,0,0,-1000,0,0,0,0,1000,-1000,-1000
058321,大立光永豐99購01,0,0,0,0,0,0,0,0,0,-1000,0,0,0,31000,32000,-1000,-1000
058633,台灣50兆豐99購01,0,0,0,0,0,0,0,0,0,-1000,0,0,0,86000,87000,-1000,-1000
058225,旺宏元富99購01  ,0,0,0,0,0,0,0,0,0,-1000,0,0,0,0,1000,-1000,-1000
058085,景碩群益9A購01  ,0,0,0,0,0,0,0,0,0,-1000,0,0,0,9000,10000,-1000,-1000
058075,貿聯凱基99購02  ,0,0,0,0,0,0,0,0,0,-1000,0,0,0,20000,21000,-1000,-1000
057978,聯發科永豐98購05,0,0,0,0,0,0,0,0,0,-1000,0,0,0,162000,163000,-1000,-1000
058022,樺漢凱基99購02  ,0,0,0,0,0,0,0,0,0,-1000,0,0,0,40000,41000,-1000,-1000
058017,漢唐凱基99購01  ,0,0,0,0,0,0,0,0,0,-1000,0,0,0,0,1000,-1000,-1000
058712,鴻海統一9B購03  ,0,0,0,0,0,0,0,0,0,-1000,0,0,0,5000,6000,-1000,-1000
058774,台郡兆豐9A購01  ,0,0,0,0,0,0,0,0,0,-1000,0,0,0,0,1000,-1000,-1000
057729,華新科國泰99購04,0,0,0,0,0,0,0,0,0,-1000,0,0,0,0,1000,-1000,-1000
057758,鴻海凱基99購03  ,0,0,0,0,0,0,0,0,0,-1000,0,0,0,22000,23000,-1000,-1000
061280,國巨統一9C購06  ,0,0,0,0,0,0,0,0,0,-1000,0,0,0,0,1000,-1000,-1000
060368,緯穎元富9A購03  ,0,0,0,0,0,0,0,0,0,-1000,0,0,0,0,1000,-1000,-1000
060369,滬深2X元富01購01,0,0,0,0,0,0,0,0,0,-1000,0,0,0,1000,2000,-1000,-1000
059239,台積電凱基99購12,0,0,0,0,0,0,0,0,0,-1000,0,0,0,0,1000,-1000,-1000
059215,台積電元大99購28,0,0,0,0,0,0,0,0,0,-1000,0,0,0,0,1000,-1000,-1000
057364,國巨元大98購18  ,0,0,0,0,0,0,0,0,0,-1000,0,0,0,0,1000,-1000,-1000
057096,緯穎元富98購01  ,0,0,0,0,0,0,0,0,0,-1000,0,0,0,29000,30000,-1000,-1000
057164,國巨元大98購14  ,0,0,0,0,0,0,0,0,0,-1000,0,0,0,0,1000,-1000,-1000
054977,SP黃豆元富9B購01,0,0,0,0,0,0,0,0,0,-1000,0,0,0,0,1000,-1000,-1000
055031,南港富邦99購01  ,0,0,0,0,0,0,0,0,0,-1000,0,0,0,0,1000,-1000,-1000
056642,旺宏凱基98購07  ,0,0,0,0,0,0,0,0,0,-1000,0,0,0,0,1000,-1000,-1000
056105,智原永豐97購01  ,0,0,0,0,0,0,0,0,0,-1000,0,0,0,0,1000,-1000,-1000
055923,矽力凱基98購01  ,0,0,0,0,0,0,0,0,0,-1000,0,0,0,20000,21000,-1000,-1000
055384,緯穎元大98購02  ,0,0,0,0,0,0,0,0,0,-1000,0,0,0,0,1000,-1000,-1000
056164,聯茂凱基98購03  ,0,0,0,0,0,0,0,0,0,-1000,0,0,0,29000,30000,-1000,-1000
057613,瑞昱元富02購02  ,0,0,0,0,0,0,0,0,0,-1000,0,0,0,10000,11000,-1000,-1000
057541,台灣50康和9A購04,0,0,0,0,0,0,0,0,0,-1000,0,0,0,0,1000,-1000,-1000
05855P,滬深2X中信9C售01,0,0,0,0,0,0,0,0,0,-1000,0,0,0,0,1000,-1000,-1000
058525,台虹元大99購02  ,0,0,0,0,0,0,0,0,0,-1000,0,0,0,17000,18000,-1000,-1000
054509,上証反元大99購01,0,0,0,0,0,0,0,0,0,-1000,0,0,0,0,1000,-1000,-1000
056576,晶技元大99購02  ,0,0,0,0,0,0,0,0,0,-1000,0,0,0,11000,12000,-1000,-1000
056548,瀚宇博凱基98購02,0,0,0,0,0,0,0,0,0,-1000,0,0,0,9000,10000,-1000,-1000
054223,大立光統一98購04,0,0,0,0,0,0,0,0,0,-1000,0,0,0,0,1000,-1000,-1000
03669C,滬深2X元富09牛01,0,0,0,0,0,0,0,0,0,-1000,0,0,0,0,1000,-1000,-1000
03452B,臺股指凱基03熊05,0,0,0,0,0,0,0,0,0,-1000,0,0,0,8000,9000,-1000,-1000
03093X,永豐金元大61展01,0,0,0,0,0,0,0,0,0,-1000,0,0,0,0,1000,-1000,-1000
00776,新光ICE美國權值 ,0,0,0,0,0,0,0,0,0,-1000,0,0,0,1000,2000,-1000,-1000
062098,億光永豐9B購01  ,0,0,0,0,0,0,0,0,0,-1000,0,0,0,166000,167000,-1000,-1000
062140,元金2X國票9B購03,0,0,0,0,0,0,0,0,0,-1000,0,0,0,0,1000,-1000,-1000
062179,旺宏元大9B購05  ,0,0,0,0,0,0,0,0,0,-1000,0,0,0,67000,68000,-1000,-1000
062256,聯發科元大9B購08,0,0,0,0,0,0,0,0,0,-1000,0,0,0,0,1000,-1000,-1000
062248,國巨元大9B購08  ,0,0,0,0,0,0,0,0,0,-1000,0,0,0,97000,98000,-1000,-1000
061991,牧德元大9C購01  ,0,0,0,0,0,0,0,0,0,-1000,0,0,0,0,1000,-1000,-1000
060471,台勝科元大9B購01,0,0,0,0,0,0,0,0,0,-1000,0,0,0,9000,10000,-1000,-1000
060468,聯鈞元大9A購02  ,0,0,0,0,0,0,0,0,0,-1000,0,0,0,2000,3000,-1000,-1000
061388,台積電群益9A購05,0,0,0,0,0,0,0,0,0,-1000,0,0,0,104000,105000,-1000,-1000
059347,京鼎凱基99購02  ,0,0,0,0,0,0,0,0,0,-1000,0,0,0,0,1000,-1000,-1000
059901,滬深2X元大9C購07,0,0,0,0,0,0,0,0,0,-1000,0,0,0,0,1000,-1000,-1000
059726,華新科元大99購18,0,0,0,0,0,0,0,0,0,-1000,0,0,0,15000,16000,-1000,-1000
062308,旺宏凱基9B購04  ,0,0,0,0,0,0,0,0,0,-1000,0,0,0,0,1000,-1000,-1000
059176,臺股指凱基99購27,0,0,0,0,0,0,0,0,0,-1000,0,0,0,0,1000,-1000,-1000
059162,國巨凱基99購12  ,0,0,0,0,0,0,0,0,0,-1000,0,0,0,3000,4000,-1000,-1000
059605,臺股指元大9A購42,0,0,0,0,0,0,0,0,0,-1000,0,0,0,0,1000,-1000,-1000
061810,S&P反1群益9B購02,0,0,0,0,0,0,0,0,0,-1000,0,0,0,0,1000,-1000,-1000
061708,同欣電國票9A購02,0,0,0,0,0,0,0,0,0,-1000,0,0,0,0,1000,-1000,-1000
061728,華新科麥證9A購02,0,0,0,0,1000,-1000,0,0,0,-1000,0,0,0,0,1000,-1000,-1000
059049,元油2X凱基9A購12,0,0,0,0,0,0,0,0,0,-1000,0,0,0,0,1000,-1000,-1000
059050,元油2X凱基9B購08,0,0,0,0,0,0,0,0,0,-1000,0,0,0,0,1000,-1000,-1000
059070,道瓊指元大99購02,0,0,0,0,0,0,0,0,0,-1000,0,0,0,0,1000,-1000,-1000
059082,華通元大99購06  ,0,0,0,0,0,0,0,0,0,-1000,0,0,0,0,1000,-1000,-1000
059099,元油2X統一9C購01,0,0,0,0,0,0,0,0,0,-1000,0,0,0,0,1000,-1000,-1000
061926,晶技凱基9B購02  ,0,0,0,0,0,0,0,0,0,-1000,0,0,0,247000,248000,-1000,-1000
061946,鴻海群益9B購03  ,0,0,0,0,0,0,0,0,0,-1000,0,0,0,3000,4000,-1000,-1000
060158,廣達永豐9A購01  ,0,0,0,0,0,0,0,0,0,-1000,0,0,0,133000,134000,-1000,-1000
060163,健策永豐9B購01  ,0,0,0,0,0,0,0,0,0,-1000,0,0,0,0,1000,-1000,-1000
060673,旺宏元大9A購04  ,0,0,0,0,0,0,0,0,0,-1000,0,0,0,0,1000,-1000,-1000
060997,上銀兆豐9B購01  ,0,0,0,0,0,0,0,0,0,-1000,0,0,0,0,1000,-1000,-1000
061025,創意富邦9B購01  ,0,0,0,0,0,0,0,0,0,-1000,0,0,0,40000,41000,-1000,-1000
062577,泰鼎群益9B購01  ,0,0,0,0,0,0,0,0,0,-1000,0,0,0,0,1000,-1000,-1000
060905,台積電元大9A購20,0,0,0,0,0,0,0,0,0,-1000,0,0,0,10000,11000,-1000,-1000
060962,義隆凱基9B購01  ,0,0,0,0,0,0,0,0,0,-1000,0,0,0,11000,12000,-1000,-1000
063345,嘉晶統一9C購02  ,0,0,0,0,0,0,0,0,0,-1000,0,0,0,10000,11000,-1000,-1000
063066,同欣電麥證9B購01,0,0,0,0,1000,-1000,0,0,0,-1000,0,0,0,0,1000,-1000,-1000
063199,台積電統一01購07,0,0,0,0,0,0,0,0,0,-1000,0,0,0,0,1000,-1000,-1000
062766,台郡凱基9B購02  ,0,0,0,0,0,0,0,0,0,-1000,0,0,0,10000,11000,-1000,-1000
062785,世芯元大9C購01  ,0,0,0,0,0,0,0,0,0,-1000,0,0,0,0,1000,-1000,-1000
062648,聯茂富邦9B購01  ,0,0,0,0,0,0,0,0,0,-1000,0,0,0,1000,2000,-1000,-1000
062628,廣達國票9B購01  ,0,0,0,0,0,0,0,0,0,-1000,0,0,0,0,1000,-1000,-1000
065280,道瓊指群益9C購02,0,0,0,0,0,0,0,0,0,-1000,0,0,0,0,1000,-1000,-1000
065049,世芯凱基02購01  ,0,0,0,0,0,0,0,0,0,-1000,0,0,0,587000,588000,-1000,-1000
065056,臺股指凱基9C購20,0,0,0,0,0,0,0,0,0,-1000,0,0,0,0,1000,-1000,-1000
064915,美律統一02購02  ,0,0,0,0,0,0,0,0,0,-1000,0,0,0,0,1000,-1000,-1000
065636,台表科國票01購03,0,0,0,0,0,0,0,0,0,-1000,0,0,0,114000,115000,-1000,-1000
065631,台積電國票9C購10,0,0,0,0,0,0,0,0,0,-1000,0,0,0,2000,3000,-1000,-1000
06556P,臺股指元大99售08,0,0,0,0,0,0,0,0,0,-1000,0,0,0,30000,31000,-1000,-1000
065618,電子類元大9C購01,0,0,0,0,0,0,0,0,0,-1000,0,0,0,0,1000,-1000,-1000
065953,宏達電統一03購01,0,0,0,0,0,0,0,0,0,-1000,0,0,0,17000,18000,-1000,-1000
065666,旺宏凱基9C購03  ,0,0,0,0,0,0,0,0,0,-1000,0,0,0,0,1000,-1000,-1000
064011,嘉晶國票9C購01  ,0,0,0,0,0,0,0,0,0,-1000,0,0,0,20000,21000,-1000,-1000
063828,台積電國票01購02,0,0,0,0,0,0,0,0,0,-1000,0,0,0,1000,2000,-1000,-1000
063635,漢唐元大9B購04  ,0,0,0,0,0,0,0,0,0,-1000,0,0,0,49000,50000,-1000,-1000
063410,南六國票9C購01  ,0,0,0,0,0,0,0,0,0,-1000,0,0,0,0,1000,-1000,-1000
063429,南電凱基01購01  ,0,0,0,0,0,0,0,0,0,-1000,0,0,0,4000,5000,-1000,-1000
063500,嘉晶永豐9B購02  ,0,0,0,0,0,0,0,0,0,-1000,0,0,0,1000,2000,-1000,-1000
064431,台積電凱基01購05,0,0,0,0,0,0,0,0,0,-1000,0,0,0,384000,385000,-1000,-1000
064441,嘉澤凱基9C購02  ,0,0,0,0,0,0,0,0,0,-1000,0,0,0,133000,134000,-1000,-1000
064412,緯穎凱基01購01  ,0,0,0,0,0,0,0,0,0,-1000,0,0,0,9000,10000,-1000,-1000
06435P,臺股指群益98售02,0,0,0,0,0,0,0,0,0,-1000,0,0,0,0,1000,-1000,-1000
064122,國巨元大9C購17  ,0,0,0,0,0,0,0,0,0,-1000,0,0,0,0,1000,-1000,-1000
2008,高興昌          ,4000,5000,-1000,0,0,0,0,0,0,0,0,0,0,0,0,0,-1000
2243,宏旭-KY         ,4000,5000,-1000,0,0,0,0,0,0,0,0,0,0,0,0,0,-1000
2030,彰源            ,56000,57000,-1000,0,0,0,0,0,0,0,0,0,0,0,0,0,-1000
2032,新鋼            ,5000,6000,-1000,0,0,0,0,0,0,0,0,0,0,0,0,0,-1000
1315,達新            ,36000,34000,2000,0,0,0,0,0,0,-3000,0,0,0,0,3000,-3000,-1000
1516,川飛            ,4000,5000,-1000,0,0,0,0,0,0,0,0,0,0,0,0,0,-1000
2936,客思達-KY       ,2000,3000,-1000,0,0,0,0,0,0,0,0,0,0,0,0,0,-1000
3593,力銘            ,1000,2000,-1000,0,0,0,0,0,0,0,0,0,0,0,0,0,-1000
4976,佳凌            ,127000,128000,-1000,0,0,0,0,0,0,0,0,0,0,0,0,0,-1000
4807,日成-KY         ,2000,3000,-1000,0,0,0,0,0,0,0,0,0,0,0,0,0,-1000
8114,振樺電          ,5000,6000,-1000,0,0,0,0,0,0,0,0,0,0,0,0,0,-1000
8103,瀚荃            ,138000,143000,-5000,0,0,0,0,0,0,4000,4000,0,4000,0,0,0,-1000
6277,宏正            ,35000,39000,-4000,0,0,0,0,0,0,3000,3000,0,3000,0,0,0,-1000
8427,基勝-KY         ,0,1000,-1000,0,0,0,0,0,0,0,0,0,0,0,0,0,-1000
8367,建新國際        ,3000,4000,-1000,0,0,0,0,0,0,0,0,0,0,0,0,0,-1000
07151P,台灣50統一9B售04,0,0,0,0,0,0,0,0,0,-2000,0,0,0,4000,6000,-2000,-2000
07190P,臺股指富邦9C售02,0,0,0,0,0,0,0,0,0,-2000,0,0,0,0,2000,-2000,-2000
07999P,台達電凱基9B售02,0,0,0,0,0,0,0,0,0,-2000,0,0,0,0,2000,-2000,-2000
07970P,臺股指元大9B售28,0,0,0,0,0,0,0,0,0,-2000,0,0,0,0,2000,-2000,-2000
08333P,大立光富邦02售03,0,0,0,0,0,0,0,0,0,-2000,0,0,0,0,2000,-2000,-2000
08452P,智邦台新9C售05  ,0,0,0,0,0,0,0,0,0,-2000,0,0,0,49000,51000,-2000,-2000
08764P,台灣50富邦03售03,0,0,0,0,0,0,0,0,0,-2000,0,0,0,2000,4000,-2000,-2000
08787P,滬深2X元富01售06,0,0,0,0,0,0,0,0,0,-2000,0,0,0,0,2000,-2000,-2000
08833P,緯穎群益01售03  ,0,0,0,0,0,0,0,0,0,-2000,0,0,0,28000,30000,-2000,-2000
066973,香港2X群益01購01,0,0,0,0,0,0,0,0,0,-2000,0,0,0,0,2000,-2000,-2000
067080,群創元大01購04  ,0,0,0,0,0,0,0,0,0,-2000,0,0,0,31000,33000,-2000,-2000
067019,A50中信02購01   ,0,0,0,0,0,0,0,0,0,-2000,0,0,0,0,2000,-2000,-2000
067168,國巨麥證01購05  ,0,0,0,0,2000,-2000,0,0,0,-2000,0,0,0,0,2000,-2000,-2000
067232,友訊群益01購05  ,0,0,0,0,0,0,0,0,0,-2000,0,0,0,0,2000,-2000,-2000
066767,敦泰永豐01購02  ,0,0,0,0,0,0,0,0,0,-2000,0,0,0,0,2000,-2000,-2000
066068,台積電凱基02購06,0,0,0,0,0,0,0,0,0,-2000,0,0,0,1000,3000,-2000,-2000
066184,鎧勝凱基01購01  ,0,0,0,0,0,0,0,0,0,-2000,0,0,0,18000,20000,-2000,-2000
066462,智伸科統一04購02,0,0,0,0,0,0,0,0,0,-2000,0,0,0,0,2000,-2000,-2000
00706L,元大S&P日圓正2  ,0,0,0,0,0,0,0,0,0,-2000,0,0,0,1000,3000,-2000,-2000
00688L,國泰20年美債正2 ,0,0,0,0,0,0,0,0,0,-2000,0,0,0,100000,102000,-2000,-2000
03026X,元展23          ,0,0,0,0,0,0,0,0,0,-2000,0,0,0,0,2000,-2000,-2000
054297,台郡元大98購01  ,0,0,0,0,0,0,0,0,0,-2000,0,0,0,83000,85000,-2000,-2000
03679C,臺股指元大04牛04,0,0,0,0,0,0,0,0,0,-2000,0,0,0,0,2000,-2000,-2000
054370,台積電中信9A購01,0,0,0,0,0,0,0,0,0,-2000,0,0,0,73000,75000,-2000,-2000
054588,玉晶光國泰99購02,0,0,0,0,0,0,0,0,0,-2000,0,0,0,0,2000,-2000,-2000
058490,元黃金群益9B購01,0,0,0,0,0,0,0,0,0,-2000,0,0,0,0,2000,-2000,-2000
057670,欣興元大99購02  ,0,0,0,0,0,0,0,0,0,-2000,0,0,0,0,2000,-2000,-2000
057636,上銀元大98購06  ,0,0,0,0,0,0,0,0,0,-2000,0,0,0,100000,102000,-2000,-2000
056363,華新科元大99購04,0,0,0,0,0,0,0,0,0,-2000,0,0,0,0,2000,-2000,-2000
057582,亞光中信9A購02  ,0,0,0,0,0,0,0,0,0,-2000,0,0,0,8000,10000,-2000,-2000
056667,上銀國票99購01  ,0,0,0,0,0,0,0,0,0,-2000,0,0,0,0,2000,-2000,-2000
054769,創意國票98購01  ,0,0,0,0,0,0,0,0,0,-2000,0,0,0,0,2000,-2000,-2000
057149,京鼎國票99購02  ,0,0,0,0,0,0,0,0,0,-2000,0,0,0,0,2000,-2000,-2000
056946,國巨統一98購05  ,0,0,0,0,0,0,0,0,0,-2000,0,0,0,3000,5000,-2000,-2000
057411,臺股指群益99購05,0,0,0,0,0,0,0,0,0,-2000,0,0,0,0,2000,-2000,-2000
060344,聯發科統一01購01,0,0,0,0,0,0,0,0,0,-2000,0,0,0,0,2000,-2000,-2000
060334,群光康和9A購01  ,0,0,0,0,0,0,0,0,0,-2000,0,0,0,27000,29000,-2000,-2000
061282,台積電統一9C購06,0,0,0,0,0,0,0,0,0,-2000,0,0,0,0,2000,-2000,-2000
061283,智邦統一9A購01  ,0,0,0,0,0,0,0,0,0,-2000,0,0,0,0,2000,-2000,-2000
061360,智邦兆豐9B購02  ,0,0,0,0,0,0,0,0,0,-2000,0,0,0,0,2000,-2000,-2000
061224,道瓊反中信01購01,0,0,0,0,0,0,0,0,0,-2000,0,0,0,0,2000,-2000,-2000
061267,玉山金凱基9B購01,0,0,0,0,0,0,0,0,0,-2000,0,0,0,0,2000,-2000,-2000
061101,道瓊銀元大9A購02,0,0,0,0,0,0,0,0,0,-2000,0,0,0,0,2000,-2000,-2000
056794,上銀麥證98購01  ,0,0,0,0,2000,-2000,0,0,0,-2000,0,0,0,0,2000,-2000,-2000
056856,華通群益9A購01  ,0,0,0,0,0,0,0,0,0,-2000,0,0,0,1000,3000,-2000,-2000
057785,智邦國票99購02  ,0,0,0,0,0,0,0,0,0,-2000,0,0,0,2000,4000,-2000,-2000
056738,國巨凱基9A購02  ,0,0,0,0,0,0,0,0,0,-2000,0,0,0,0,2000,-2000,-2000
058758,台積電群益99購05,0,0,0,0,0,0,0,0,0,-2000,0,0,0,0,2000,-2000,-2000
058890,元油2X元大9C購06,0,0,0,0,0,0,0,0,0,-2000,0,0,0,6000,8000,-2000,-2000
058822,樺漢國泰9B購01  ,0,0,0,0,0,0,0,0,0,-2000,0,0,0,0,2000,-2000,-2000
058100,聯茂國泰99購02  ,0,0,0,0,0,0,0,0,0,-2000,0,0,0,8000,10000,-2000,-2000
058217,新唐群益99購01  ,0,0,0,0,0,0,0,0,0,-2000,0,0,0,8000,10000,-2000,-2000
058271,訊連永豐99購01  ,0,0,0,0,0,0,0,0,0,-2000,0,0,0,0,2000,-2000,-2000
058610,欣興元大99購05  ,0,0,0,0,0,0,0,0,0,-2000,0,0,0,0,2000,-2000,-2000
058375,群創凱基9B購04  ,0,0,0,0,0,0,0,0,0,-2000,0,0,0,112000,114000,-2000,-2000
062990,台積電群益9B購06,0,0,0,0,0,0,0,0,0,-2000,0,0,0,25000,27000,-2000,-2000
062843,臺股指群益9B購10,0,0,0,0,0,0,0,0,0,-2000,0,0,0,5000,7000,-2000,-2000
063303,聯發科凱基9B購14,0,0,0,0,0,0,0,0,0,-2000,0,0,0,0,2000,-2000,-2000
060979,國巨元大9A購14  ,0,0,0,0,0,0,0,0,0,-2000,0,0,0,0,2000,-2000,-2000
060779,臺股指凱基9A購07,0,0,0,0,0,0,0,0,0,-2000,0,0,0,0,2000,-2000,-2000
061035,亞光永豐9A購01  ,0,0,0,0,0,0,0,0,0,-2000,0,0,0,0,2000,-2000,-2000
060599,國巨凱基9C購01  ,0,0,0,0,0,0,0,0,0,-2000,0,0,0,4000,6000,-2000,-2000
060105,牧德元大9B購01  ,0,0,0,0,0,0,0,0,0,-2000,0,0,0,88000,90000,-2000,-2000
061928,群創凱基9B購06  ,0,0,0,0,0,0,0,0,0,-2000,0,0,0,18000,20000,-2000,-2000
061929,嘉澤凱基9B購01  ,0,0,0,0,0,0,0,0,0,-2000,0,0,0,0,2000,-2000,-2000
061922,瑞昱凱基9B購01  ,0,0,0,0,0,0,0,0,0,-2000,0,0,0,5000,7000,-2000,-2000
059117,禾伸堂永豐99購01,0,0,0,0,0,0,0,0,0,-2000,0,0,0,8000,10000,-2000,-2000
061710,國巨凱基9A購18  ,0,0,0,0,0,0,0,0,0,-2000,0,0,0,0,2000,-2000,-2000
062294,盛群永豐9B購01  ,0,0,0,0,0,0,0,0,0,-2000,0,0,0,18000,20000,-2000,-2000
062402,台勝科永豐9B購02,0,0,0,0,0,0,0,0,0,-2000,0,0,0,0,2000,-2000,-2000
061469,瑞祺群益9A購02  ,0,0,0,0,0,0,0,0,0,-2000,0,0,0,0,2000,-2000,-2000
061529,國巨台新9A購02  ,0,0,0,0,0,0,0,0,0,-2000,0,0,0,2000,4000,-2000,-2000
061816,長榮航群益9B購02,0,0,0,0,0,0,0,0,0,-2000,0,0,0,0,2000,-2000,-2000
062259,可成元大9B購03  ,0,0,0,0,0,0,0,0,0,-2000,0,0,0,1000,3000,-2000,-2000
062108,晶豪科國票9B購01,0,0,0,0,0,0,0,0,0,-2000,0,0,0,100000,102000,-2000,-2000
064127,聯發科元大9C購06,0,0,0,0,0,0,0,0,0,-2000,0,0,0,22000,24000,-2000,-2000
064149,美律統一02購01  ,0,0,0,0,0,0,0,0,0,-2000,0,0,0,0,2000,-2000,-2000
064326,裕隆元大9C購01  ,0,0,0,0,0,0,0,0,0,-2000,0,0,0,477000,479000,-2000,-2000
064411,台表科凱基02購01,0,0,0,0,0,0,0,0,0,-2000,0,0,0,104000,106000,-2000,-2000
064628,南六元大9C購05  ,0,0,0,0,0,0,0,0,0,-2000,0,0,0,14000,16000,-2000,-2000
063385,可成中信9C購01  ,0,0,0,0,0,0,0,0,0,-2000,0,0,0,0,2000,-2000,-2000
063598,國巨凱基9B購14  ,0,0,0,0,0,0,0,0,0,-2000,0,0,0,4000,6000,-2000,-2000
063567,漢唐元大9B購03  ,0,0,0,0,0,0,0,0,0,-2000,0,0,0,3000,5000,-2000,-2000
06380P,臺股指統一98售02,0,0,0,0,0,0,0,0,0,-2000,0,0,0,3000,5000,-2000,-2000
063906,T50反1凱基02購03,0,0,0,0,0,0,0,0,0,-2000,0,0,0,0,2000,-2000,-2000
065682,健策統一9C購07  ,0,0,0,0,0,0,0,0,0,-2000,0,0,0,85000,87000,-2000,-2000
065716,道瓊反中信03購01,0,0,0,0,0,0,0,0,0,-2000,0,0,0,0,2000,-2000,-2000
065893,華新科統一02購02,0,0,0,0,0,0,0,0,0,-2000,0,0,0,0,2000,-2000,-2000
065334,立積國票01購02  ,0,0,0,0,0,0,0,0,0,-2000,0,0,0,1000,3000,-2000,-2000
065351,中租統一02購02  ,0,0,0,0,0,0,0,0,0,-2000,0,0,0,0,2000,-2000,-2000
8488,吉源-KY         ,1000,2000,-1000,0,0,0,0,0,0,-1000,0,1000,-1000,0,0,0,-2000
8101,華冠            ,3000,5000,-2000,0,0,0,0,0,0,0,0,0,0,0,0,0,-2000
5538,東明-KY         ,2000,4000,-2000,0,0,0,0,0,0,0,0,0,0,0,0,0,-2000
5284,jpp-KY          ,2000,4000,-2000,0,0,0,0,0,0,0,0,0,0,0,0,0,-2000
4560,強信-KY         ,108000,110000,-2000,0,0,0,0,0,0,0,0,0,0,0,0,0,-2000
2748,雲品            ,4000,6000,-2000,0,0,0,0,0,0,0,0,0,0,0,0,0,-2000
2413,環科            ,54000,57000,-3000,0,0,0,0,0,0,1000,1000,0,1000,0,0,0,-2000
08847P,滬深2X群益03售06,0,0,0,0,0,0,0,0,0,-2000,0,0,0,0,2000,-2000,-2000
2236,百達-KY         ,6000,8000,-2000,0,0,0,0,0,0,0,0,0,0,0,0,0,-2000
066560,聯鈞元大01購04  ,0,0,0,0,0,0,0,0,0,-3000,0,0,0,0,3000,-3000,-3000
066290,台塑化元大01購01,0,0,0,0,0,0,0,0,0,-3000,0,0,0,302000,305000,-3000,-3000
066125,得力群益01購01  ,0,0,0,0,0,0,0,0,0,-3000,0,0,0,0,3000,-3000,-3000
066067,台積電凱基02購05,0,0,0,0,0,0,0,0,0,-3000,0,0,0,1000,4000,-3000,-3000
066043,美律元大01購01  ,0,0,0,0,0,0,0,0,0,-3000,0,0,0,0,3000,-3000,-3000
066768,瀚宇博永豐01購01,0,0,0,0,0,0,0,0,0,-3000,0,0,0,0,3000,-3000,-3000
066906,聯發科凱基03購03,0,0,0,0,0,0,0,0,0,-3000,0,0,0,0,3000,-3000,-3000
066907,聯發科凱基03購04,0,0,0,0,0,0,0,0,0,-3000,0,0,0,0,3000,-3000,-3000
066669,華擎凱基02購02  ,0,0,0,0,0,0,0,0,0,-3000,0,0,0,20000,23000,-3000,-3000
067132,瑞昱永豐01購01  ,0,0,0,0,0,0,0,0,0,-3000,0,0,0,0,3000,-3000,-3000
067266,義隆國泰03購01  ,0,0,0,0,0,0,0,0,0,-3000,0,0,0,20000,23000,-3000,-3000
067251,長興國票01購01  ,0,0,0,0,0,0,0,0,0,-3000,0,0,0,0,3000,-3000,-3000
06845P,億光元大98售02  ,0,0,0,0,0,0,0,0,0,-3000,0,0,0,17000,20000,-3000,-3000
067034,台郡康和01購01  ,0,0,0,0,0,0,0,0,0,-3000,0,0,0,5000,8000,-3000,-3000
067067,國巨元大01購08  ,0,0,0,0,0,0,0,0,0,-3000,0,0,0,0,3000,-3000,-3000
066925,滬深2X國票02購03,0,0,0,0,0,0,0,0,0,-3000,0,0,0,0,3000,-3000,-3000
06693P,臺股指凱基98售01,0,0,0,0,0,0,0,0,0,-3000,0,0,0,0,3000,-3000,-3000
08801P,聯發科元大01售13,0,0,0,0,0,0,0,0,0,-3000,0,0,0,102000,105000,-3000,-3000
08319P,台積電統一9C售11,0,0,0,0,0,0,0,0,0,-3000,0,0,0,0,3000,-3000,-3000
07148P,富邦金元大99售01,0,0,0,0,0,0,0,0,0,-3000,0,0,0,0,3000,-3000,-3000
07142P,台灣50元大01售01,0,0,0,0,0,0,0,0,0,-3000,0,0,0,8000,11000,-3000,-3000
07555P,玉晶光元大9A售07,0,0,0,0,0,0,0,0,0,-3000,0,0,0,0,3000,-3000,-3000
058216,TPK群益99購01   ,0,0,0,0,0,0,0,0,0,-3000,0,0,0,0,3000,-3000,-3000
058114,台積電第一01購01,0,0,0,0,0,0,0,0,0,-3000,0,0,0,1000,4000,-3000,-3000
058160,奇鋐元富99購01  ,0,0,0,0,0,0,0,0,0,-3000,0,0,0,1000,4000,-3000,-3000
057959,欣興元大98購14  ,0,0,0,0,0,0,0,0,0,-3000,0,0,0,5000,8000,-3000,-3000
058835,元油2X中信9C購02,0,0,0,0,0,0,0,0,0,-3000,0,0,0,0,3000,-3000,-3000
058655,鴻海中信03購02  ,0,0,0,0,0,0,0,0,0,-3000,0,0,0,5000,8000,-3000,-3000
056772,欣興元大99購01  ,0,0,0,0,0,0,0,0,0,-3000,0,0,0,26000,29000,-3000,-3000
056849,瀚宇博元富98購01,0,0,0,0,0,0,0,0,0,-3000,0,0,0,0,3000,-3000,-3000
058933,FBVIX台新9B購01 ,0,0,0,0,0,0,0,0,0,-3000,0,0,0,0,3000,-3000,-3000
057707,臺股指群益98購07,0,0,0,0,0,0,0,0,0,-3000,0,0,0,0,3000,-3000,-3000
060293,緯創元大9A購01  ,0,0,0,0,0,0,0,0,0,-3000,0,0,0,0,3000,-3000,-3000
057892,上証2X元富02購01,0,0,0,0,0,0,0,0,0,-3000,0,0,0,0,3000,-3000,-3000
057436,義隆國票99購02  ,0,0,0,0,0,0,0,0,0,-3000,0,0,0,0,3000,-3000,-3000
057324,億光群益98購01  ,0,0,0,0,0,0,0,0,0,-3000,0,0,0,0,3000,-3000,-3000
056670,樺漢國票99購01  ,0,0,0,0,0,0,0,0,0,-3000,0,0,0,0,3000,-3000,-3000
055311,健策群益98購02  ,0,0,0,0,0,0,0,0,0,-3000,0,0,0,0,3000,-3000,-3000
056295,國巨元大97購16  ,0,0,0,0,0,0,0,0,0,-3000,0,0,0,0,3000,-3000,-3000
058473,上銀凱基9A購03  ,0,0,0,0,0,0,0,0,0,-3000,0,0,0,49000,52000,-3000,-3000
03453B,臺股指元大02熊02,0,0,0,0,0,0,0,0,0,-3000,0,0,0,12000,15000,-3000,-3000
020011,統一微波高息20N ,0,0,0,0,0,0,0,0,0,-3000,0,0,0,22000,25000,-3000,-3000
060445,S&P反1元大9A購04,0,0,0,0,0,0,0,0,0,-3000,0,0,0,0,3000,-3000,-3000
061555,聯電國票9B購01  ,0,0,0,0,0,0,0,0,0,-3000,0,0,0,35000,38000,-3000,-3000
059391,立積凱基9A購01  ,0,0,0,0,0,0,0,0,0,-3000,0,0,0,0,3000,-3000,-3000
062293,麗豐永豐9B購01  ,0,0,0,0,0,0,0,0,0,-3000,0,0,0,4000,7000,-3000,-3000
059151,臺股指國票99購14,0,0,0,0,0,0,0,0,0,-3000,0,0,0,0,3000,-3000,-3000
061788,信邦群益9B購01  ,0,0,0,0,0,0,0,0,0,-3000,0,0,0,0,3000,-3000,-3000
060236,精元元大9C購01  ,0,0,0,0,0,0,0,0,0,-3000,0,0,0,2000,5000,-3000,-3000
06054P,臺股指中信9A售01,0,0,0,0,0,0,0,0,0,-3000,0,0,0,89000,92000,-3000,-3000
060743,鴻海國票9A購03  ,0,0,0,0,0,0,0,0,0,-3000,0,0,0,41000,44000,-3000,-3000
060826,牧德元大9B購02  ,0,0,0,0,0,0,0,0,0,-3000,0,0,0,0,3000,-3000,-3000
063240,聯發科元大9B購17,0,0,0,0,0,0,0,0,0,-3000,0,0,0,3000,6000,-3000,-3000
063068,聯發科國泰01購03,0,0,0,0,0,0,0,0,0,-3000,0,0,0,0,3000,-3000,-3000
062630,全新國票9B購02  ,0,0,0,0,0,0,0,0,0,-3000,0,0,0,0,3000,-3000,-3000
062643,緯穎國票9B購01  ,0,0,0,0,0,0,0,0,0,-3000,0,0,0,15000,18000,-3000,-3000
062741,立積國票9B購02  ,0,0,0,0,0,0,0,0,0,-3000,0,0,0,1000,4000,-3000,-3000
065558,嘉聯益凱基9C購02,0,0,0,0,0,0,0,0,0,-3000,0,0,0,7000,10000,-3000,-3000
065886,中磊元富9C購01  ,0,0,0,0,0,0,0,0,0,-3000,0,0,0,84000,87000,-3000,-3000
065761,中租元大9C購02  ,0,0,0,0,0,0,0,0,0,-3000,0,0,0,67000,70000,-3000,-3000
06469P,臺股指凱基99售09,0,0,0,0,0,0,0,0,0,-3000,0,0,0,0,3000,-3000,-3000
065283,台積電群益01購01,0,0,0,0,0,0,0,0,0,-3000,0,0,0,2000,5000,-3000,-3000
065284,旺宏群益9C購03  ,0,0,0,0,0,0,0,0,0,-3000,0,0,0,1000,4000,-3000,-3000
063909,旺宏凱基02購01  ,0,0,0,0,0,0,0,0,0,-3000,0,0,0,54000,57000,-3000,-3000
064003,台積電凱基01購03,0,0,0,0,0,0,0,0,0,-3000,0,0,0,0,3000,-3000,-3000
063979,健鼎兆豐9C購01  ,0,0,0,0,0,0,0,0,0,-3000,0,0,0,17000,20000,-3000,-3000
064315,創意群益9C購01  ,0,0,0,0,0,0,0,0,0,-3000,0,0,0,4000,7000,-3000,-3000
064169,南電統一9C購01  ,0,0,0,0,0,0,0,0,0,-3000,0,0,0,0,3000,-3000,-3000
1256,鮮活果汁-KY     ,3000,6000,-3000,0,0,0,0,0,0,0,0,0,0,0,0,0,-3000
2429,銘旺科          ,1000,4000,-3000,0,0,0,0,0,0,0,0,0,0,0,0,0,-3000
4552,力達-KY         ,11000,14000,-3000,0,0,0,0,0,0,0,0,0,0,0,0,0,-3000
5285,界霖            ,29000,32000,-3000,0,0,0,0,0,0,0,0,0,0,0,0,0,-3000
5234,達興材料        ,26000,33000,-7000,0,0,0,0,0,0,4000,4000,0,4000,0,0,0,-3000
8443,阿瘦            ,9000,12000,-3000,0,0,0,0,0,0,0,0,0,0,0,0,0,-3000
07353P,大立光國票99售02,0,0,0,0,0,0,0,0,0,-4000,0,0,0,0,4000,-4000,-4000
07184P,台灣50元富01售01,0,0,0,0,0,0,0,0,0,-4000,0,0,0,0,4000,-4000,-4000
07011P,宏達電凱基99售02,0,0,0,0,0,0,0,0,0,-4000,0,0,0,61000,65000,-4000,-4000
06928P,鴻海元大99售10  ,0,0,0,0,0,0,0,0,0,-4000,0,0,0,14000,18000,-4000,-4000
08487P,同欣電群益01售01,0,0,0,0,0,0,0,0,0,-4000,0,0,0,16000,20000,-4000,-4000
08760P,瑞昱元大01售02  ,0,0,0,0,0,0,0,0,0,-4000,0,0,0,141000,145000,-4000,-4000
08528P,台勝科元大9C售02,0,0,0,0,0,0,0,0,0,-4000,0,0,0,0,4000,-4000,-4000
067077,智原元大01購04  ,0,0,0,0,0,0,0,0,0,-4000,0,0,0,1000,5000,-4000,-4000
067102,聯發科群益01購03,0,0,0,0,0,0,0,0,0,-4000,0,0,0,4000,8000,-4000,-4000
066688,台積電元富07購01,0,0,0,0,0,0,0,0,0,-4000,0,0,0,367000,371000,-4000,-4000
06671P,台積電群益98售04,0,0,0,0,0,0,0,0,0,-4000,0,0,0,7000,11000,-4000,-4000
066875,臺指反富邦03購01,0,0,0,0,0,0,0,0,0,-4000,0,0,0,0,4000,-4000,-4000
066863,上証2X元富07購01,0,0,0,0,0,0,0,0,0,-4000,0,0,0,0,4000,-4000,-4000
066773,美律富邦03購01  ,0,0,0,0,0,0,0,0,0,-4000,0,0,0,0,4000,-4000,-4000
066795,台積電凱基02購07,0,0,0,0,0,0,0,0,0,-4000,0,0,0,10000,14000,-4000,-4000
053411,深中小國票9B購01,0,0,0,0,0,0,0,0,0,-4000,0,0,0,0,4000,-4000,-4000
0053,元大電子        ,0,0,0,0,0,0,0,0,0,-4000,0,0,0,11000,15000,-4000,-4000
053901,T50反1凱基99購03,0,0,0,0,0,0,0,0,0,-4000,0,0,0,31000,35000,-4000,-4000
054128,台積電元大97購10,0,0,0,0,0,0,0,0,0,-4000,0,0,0,3000,7000,-4000,-4000
056222,台積電凱基9A購01,0,0,0,0,0,0,0,0,0,-4000,0,0,0,6000,10000,-4000,-4000
056705,超眾國泰99購01  ,0,0,0,0,0,0,0,0,0,-4000,0,0,0,0,4000,-4000,-4000
055108,智邦凱基98購01  ,0,0,0,0,0,0,0,0,0,-4000,0,0,0,0,4000,-4000,-4000
054891,聯鈞統一99購02  ,0,0,0,0,0,0,0,0,0,-4000,0,0,0,0,4000,-4000,-4000
057367,技嘉元大98購02  ,0,0,0,0,0,0,0,0,0,-4000,0,0,0,5000,9000,-4000,-4000
057383,玉晶光富邦9A購01,0,0,0,0,0,0,0,0,0,-4000,0,0,0,0,4000,-4000,-4000
056960,光罩永豐98購01  ,0,0,0,0,0,0,0,0,0,-4000,0,0,0,52000,56000,-4000,-4000
057136,立積凱基98購02  ,0,0,0,0,0,0,0,0,0,-4000,0,0,0,0,4000,-4000,-4000
059288,旺宏元富99購03  ,0,0,0,0,0,0,0,0,0,-4000,0,0,0,7000,11000,-4000,-4000
058167,鴻海凱基9A購03  ,0,0,0,0,0,0,0,0,0,-4000,0,0,0,22000,26000,-4000,-4000
063176,南亞科兆豐9B購01,0,0,0,0,0,0,0,0,0,-4000,0,0,0,12000,16000,-4000,-4000
060761,南亞科元大9A購05,0,0,0,0,0,0,0,0,0,-4000,0,0,0,0,4000,-4000,-4000
062462,GIS群益9B購01   ,0,0,0,0,0,0,0,0,0,-4000,0,0,0,0,4000,-4000,-4000
060567,華擎富邦9C購01  ,0,0,0,0,0,0,0,0,0,-4000,0,0,0,20000,24000,-4000,-4000
061829,T50反1凱基9C購02,0,0,0,0,0,0,0,0,0,-4000,0,0,0,0,4000,-4000,-4000
061738,聯發科凱基9B購04,0,0,0,0,0,0,0,0,0,-4000,0,0,0,0,4000,-4000,-4000
059164,旺宏凱基99購06  ,0,0,0,0,0,0,0,0,0,-4000,0,0,0,0,4000,-4000,-4000
05961P,鴻海群益97售01  ,0,0,0,0,0,0,0,0,0,-4000,0,0,0,0,4000,-4000,-4000
062392,國巨富邦02購01  ,0,0,0,0,0,0,0,0,0,-4000,0,0,0,6000,10000,-4000,-4000
061180,華擎凱基9B購01  ,0,0,0,0,0,0,0,0,0,-4000,0,0,0,0,4000,-4000,-4000
061569,旺宏元大9A購14  ,0,0,0,0,0,0,0,0,0,-4000,0,0,0,0,4000,-4000,-4000
061507,南電國票9A購05  ,0,0,0,0,0,0,0,0,0,-4000,0,0,0,2000,6000,-4000,-4000
061400,可成兆豐9B購02  ,0,0,0,0,0,0,0,0,0,-4000,0,0,0,7000,11000,-4000,-4000
061376,瑞昱永豐9A購02  ,0,0,0,0,0,0,0,0,0,-4000,0,0,0,6000,10000,-4000,-4000
062035,瑞祺群益9B購01  ,0,0,0,0,0,0,0,0,0,-4000,0,0,0,1000,5000,-4000,-4000
06213P,大立光元大98售07,0,0,0,0,0,0,0,0,0,-4000,0,0,0,0,4000,-4000,-4000
064125,聯發科元大02購01,0,0,0,0,0,0,0,0,0,-4000,0,0,0,16000,20000,-4000,-4000
064438,大立光凱基01購03,0,0,0,0,0,0,0,0,0,-4000,0,0,0,0,4000,-4000,-4000
064469,臻鼎元富9C購01  ,0,0,0,0,0,0,0,0,0,-4000,0,0,0,263000,267000,-4000,-4000
063932,世芯統一01購01  ,0,0,0,0,0,0,0,0,0,-4000,0,0,0,1000,5000,-4000,-4000
063504,國巨群益9C購06  ,0,0,0,0,0,0,0,0,0,-4000,0,0,0,0,4000,-4000,-4000
065209,國泰金國票01購01,0,0,0,0,0,0,0,0,0,-4000,0,0,0,1000,5000,-4000,-4000
065247,聯發科麥證9C購02,0,0,0,0,4000,-4000,0,0,0,-4000,0,0,0,0,4000,-4000,-4000
064857,T50反1富邦01購02,0,0,0,0,0,0,0,0,0,-4000,0,0,0,0,4000,-4000,-4000
065537,健鼎統一02購05  ,0,0,0,0,0,0,0,0,0,-4000,0,0,0,0,4000,-4000,-4000
065511,台積電群益01購02,0,0,0,0,0,0,0,0,0,-4000,0,0,0,18000,22000,-4000,-4000
6655,科定            ,17000,21000,-4000,0,0,0,0,0,0,0,0,0,0,0,0,0,-4000
4555,氣立            ,6000,10000,-4000,0,0,0,0,0,0,0,0,0,0,0,0,0,-4000
3617,碩天            ,37000,41000,-4000,0,0,0,0,0,0,0,0,0,0,0,0,0,-4000
3622,洋華            ,174000,180000,-6000,0,0,0,0,0,0,2000,2000,0,2000,0,0,0,-4000
3528,安馳            ,3000,7000,-4000,0,0,0,0,0,0,0,0,0,0,0,0,0,-4000
2891B,中信金乙特      ,0,0,0,0,0,0,0,0,0,-4000,1000,5000,-4000,0,0,0,-4000
1603,華電            ,14000,18000,-4000,0,0,0,0,0,0,0,0,0,0,0,0,0,-4000
066882,A50正2永豐01購01,0,0,0,0,0,0,0,0,0,-5000,0,0,0,0,5000,-5000,-5000
066890,聯詠中信07購01  ,0,0,0,0,0,0,0,0,0,-5000,0,0,0,0,5000,-5000,-5000
066684,T50反1元富07購01,0,0,0,0,0,0,0,0,0,-5000,0,0,0,5000,10000,-5000,-5000
066675,滬深2X兆豐03購01,0,0,0,0,0,0,0,0,0,-5000,0,0,0,3000,8000,-5000,-5000
066583,上証2X群益03購01,0,0,0,0,0,0,0,0,0,-5000,0,0,0,0,5000,-5000,-5000
067090,南六元大01購04  ,0,0,0,0,0,0,0,0,0,-5000,0,0,0,33000,38000,-5000,-5000
067084,泰鼎元大01購02  ,0,0,0,0,0,0,0,0,0,-5000,0,0,0,12000,17000,-5000,-5000
066954,聯詠元大01購04  ,0,0,0,0,0,0,0,0,0,-5000,0,0,0,61000,66000,-5000,-5000
06696P,台灣50國票99售01,0,0,0,0,0,0,0,0,0,-5000,0,0,0,5000,10000,-5000,-5000
067220,台郡元大01購04  ,0,0,0,0,0,0,0,0,0,-5000,0,0,0,29000,34000,-5000,-5000
067213,大立光元大01購11,0,0,0,0,0,0,0,0,0,-5000,0,0,0,0,5000,-5000,-5000
06603P,立積統一99售01  ,0,0,0,0,0,0,0,0,0,-5000,0,0,0,0,5000,-5000,-5000
066002,健策國票02購01  ,0,0,0,0,0,0,0,0,0,-5000,0,0,0,0,5000,-5000,-5000
066523,智原統一02購01  ,0,0,0,0,0,0,0,0,0,-5000,0,0,0,0,5000,-5000,-5000
08523P,金像電元大9C售06,0,0,0,0,0,0,0,0,0,-5000,0,0,0,0,5000,-5000,-5000
08513P,聯發科凱基9C售08,0,0,0,0,0,0,0,0,0,-5000,0,0,0,0,5000,-5000,-5000
08681P,台灣50凱基01售16,0,0,0,0,0,0,0,0,0,-5000,0,0,0,0,5000,-5000,-5000
08780P,聯發科群益02售06,0,0,0,0,0,0,0,0,0,-5000,0,0,0,0,5000,-5000,-5000
08789P,A50正2元富01售04,0,0,0,0,0,0,0,0,0,-5000,0,0,0,0,5000,-5000,-5000
08265P,臺股指元大9C售03,0,0,0,0,0,0,0,0,0,-5000,0,0,0,0,5000,-5000,-5000
08220P,華邦電凱基9B售02,0,0,0,0,0,0,0,0,0,-5000,0,0,0,15000,20000,-5000,-5000
06914P,南茂元大98售03  ,0,0,0,0,0,0,0,0,0,-5000,0,0,0,0,5000,-5000,-5000
06901P,亞德客凱基98售02,0,0,0,0,0,0,0,0,0,-5000,0,0,0,0,5000,-5000,-5000
06885P,國巨國票99售06  ,0,0,0,0,0,0,0,0,0,-5000,0,0,0,0,5000,-5000,-5000
07161P,臺股指群益99售12,0,0,0,0,0,0,0,0,0,-5000,0,0,0,0,5000,-5000,-5000
07382P,台積電群益9B售01,0,0,0,0,0,0,0,0,0,-5000,0,0,0,5000,10000,-5000,-5000
07326P,大立光元大99售23,0,0,0,0,0,0,0,0,0,-5000,0,0,0,0,5000,-5000,-5000
07283P,華新科凱基99售07,0,0,0,0,0,0,0,0,0,-5000,0,0,0,0,5000,-5000,-5000
07255P,國巨凱基99售15  ,0,0,0,0,0,0,0,0,0,-5000,0,0,0,0,5000,-5000,-5000
07435P,台積電富邦9C售07,0,0,0,0,0,0,0,0,0,-5000,0,0,0,0,5000,-5000,-5000
07421P,國泰金元大99售01,0,0,0,0,0,0,0,0,0,-5000,0,0,0,0,5000,-5000,-5000
08055P,臺股指國票9B售20,0,0,0,0,0,0,0,0,0,-5000,0,0,0,100000,105000,-5000,-5000
08113P,台灣50凱基02售04,0,0,0,0,0,0,0,0,0,-5000,0,0,0,0,5000,-5000,-5000
07877P,晶技永豐9B售01  ,0,0,0,0,0,0,0,0,0,-5000,0,0,0,0,5000,-5000,-5000
07637P,國巨國票9A售08  ,0,0,0,0,0,0,0,0,0,-5000,0,0,0,0,5000,-5000,-5000
07643P,禾伸堂凱基9A售02,0,0,0,0,0,0,0,0,0,-5000,0,0,0,0,5000,-5000,-5000
07702P,台積電中信9A售06,0,0,0,0,0,0,0,0,0,-5000,0,0,0,0,5000,-5000,-5000
057974,上銀永豐98購02  ,0,0,0,0,0,0,0,0,0,-5000,0,0,0,0,5000,-5000,-5000
058165,FBVIX凱基9C購01 ,0,0,0,0,0,0,0,0,0,-5000,0,0,0,0,5000,-5000,-5000
058603,台積電元大99購12,0,0,0,0,0,0,0,0,0,-5000,0,0,0,0,5000,-5000,-5000
058636,亞光兆豐9A購01  ,0,0,0,0,0,0,0,0,0,-5000,0,0,0,10000,15000,-5000,-5000
058956,健策國票9A購02  ,0,0,0,0,0,0,0,0,0,-5000,0,0,0,0,5000,-5000,-5000
058661,臺股指中信9C購01,0,0,0,0,0,0,0,0,0,-5000,0,0,0,3000,8000,-5000,-5000
058751,南茂凱基9A購01  ,0,0,0,0,0,0,0,0,0,-5000,0,0,0,0,5000,-5000,-5000
058808,大成鋼統一9B購01,0,0,0,0,0,0,0,0,0,-5000,0,0,0,0,5000,-5000,-5000
058791,鴻海元大99購17  ,0,0,0,0,0,0,0,0,0,-5000,0,0,0,25000,30000,-5000,-5000
061274,臺股指凱基9A購24,0,0,0,0,0,0,0,0,0,-5000,0,0,0,0,5000,-5000,-5000
061281,台積電統一9C購05,0,0,0,0,0,0,0,0,0,-5000,0,0,0,10000,15000,-5000,-5000
057533,晶相光元大98購02,0,0,0,0,0,0,0,0,0,-5000,0,0,0,0,5000,-5000,-5000
057862,智邦凱基99購01  ,0,0,0,0,0,0,0,0,0,-5000,0,0,0,15000,20000,-5000,-5000
056638,臺股指日盛98購01,0,0,0,0,0,0,0,0,0,-5000,0,0,0,5000,10000,-5000,-5000
055376,群創元大01購01  ,0,0,0,0,0,0,0,0,0,-5000,0,0,0,0,5000,-5000,-5000
055521,S&P反1群益01購01,0,0,0,0,0,0,0,0,0,-5000,0,0,0,0,5000,-5000,-5000
056204,嘉澤永豐97購01  ,0,0,0,0,0,0,0,0,0,-5000,0,0,0,10000,15000,-5000,-5000
057577,廣宇中信9A購01  ,0,0,0,0,0,0,0,0,0,-5000,0,0,0,30000,35000,-5000,-5000
058471,台積電日盛9C購01,0,0,0,0,0,0,0,0,0,-5000,0,0,0,0,5000,-5000,-5000
058592,聯發科統一9C購01,0,0,0,0,0,0,0,0,0,-5000,0,0,0,11000,16000,-5000,-5000
053559,台積電國泰98購01,0,0,0,0,0,0,0,0,0,-5000,0,0,0,3000,8000,-5000,-5000
053811,國巨群益98購02  ,0,0,0,0,0,0,0,0,0,-5000,0,0,0,5000,10000,-5000,-5000
00753L,中信中國50正2   ,0,0,0,0,0,0,0,0,0,-5000,0,0,0,663000,668000,-5000,-5000
054634,FB上証中信99購01,0,0,0,0,0,0,0,0,0,-5000,0,0,0,10000,15000,-5000,-5000
050316,上証2X國票98購01,0,0,0,0,0,0,0,0,0,-5000,0,0,0,0,5000,-5000,-5000
052491,泰碩國票99購01  ,0,0,0,0,0,0,0,0,0,-5000,0,0,0,5000,10000,-5000,-5000
053181,滬深2X元富99購02,0,0,0,0,0,0,0,0,0,-5000,0,0,0,5000,10000,-5000,-5000
053152,大立光元大99購01,0,0,0,0,0,0,0,0,0,-5000,0,0,0,0,5000,-5000,-5000
056386,TPK國泰99購01   ,0,0,0,0,0,0,0,0,0,-5000,0,0,0,84000,89000,-5000,-5000
062054,鴻海統一9C購06  ,0,0,0,0,0,0,0,0,0,-5000,0,0,0,5000,10000,-5000,-5000
062252,華邦電元大9C購01,0,0,0,0,0,0,0,0,0,-5000,0,0,0,0,5000,-5000,-5000
061998,緯穎元大9B購03  ,0,0,0,0,0,0,0,0,0,-5000,0,0,0,8000,13000,-5000,-5000
061594,玉晶光永豐9A購08,0,0,0,0,0,0,0,0,0,-5000,0,0,0,0,5000,-5000,-5000
059719,台積電元大99購42,0,0,0,0,0,0,0,0,0,-5000,0,0,0,1000,6000,-5000,-5000
059781,A50正2元大9C購03,0,0,0,0,0,0,0,0,0,-5000,0,0,0,5000,10000,-5000,-5000
059758,滬深2X永豐99購05,0,0,0,0,0,0,0,0,0,-5000,0,0,0,0,5000,-5000,-5000
059872,華新科凱基01購01,0,0,0,0,0,0,0,0,0,-5000,0,0,0,100000,105000,-5000,-5000
059168,奇力新凱基99購05,0,0,0,0,0,0,0,0,0,-5000,0,0,0,0,5000,-5000,-5000
059656,T50反1元大99購11,0,0,0,0,0,0,0,0,0,-5000,0,0,0,0,5000,-5000,-5000
062285,台勝科群益9B購01,0,0,0,0,0,0,0,0,0,-5000,0,0,0,0,5000,-5000,-5000
062316,康控凱基9B購03  ,0,0,0,0,0,0,0,0,0,-5000,0,0,0,4000,9000,-5000,-5000
061741,新光金凱基9B購01,0,0,0,0,0,0,0,0,0,-5000,0,0,0,15000,20000,-5000,-5000
061720,智邦國泰9C購01  ,0,0,0,0,0,0,0,0,0,-5000,0,0,0,0,5000,-5000,-5000
061722,健策永豐9B購03  ,0,0,0,0,0,0,0,0,0,-5000,0,0,0,16000,21000,-5000,-5000
060744,鴻海國票9A購04  ,0,0,0,0,0,0,0,0,0,-5000,0,0,0,26000,31000,-5000,-5000
060757,台積電元大9A購18,0,0,0,0,0,0,0,0,0,-5000,0,0,0,0,5000,-5000,-5000
060713,聯詠永豐9A購01  ,0,0,0,0,0,0,0,0,0,-5000,0,0,0,0,5000,-5000,-5000
060675,南亞科元大9A購02,0,0,0,0,0,0,0,0,0,-5000,0,0,0,50000,55000,-5000,-5000
060159,健和興永豐9A購01,0,0,0,0,0,0,0,0,0,-5000,0,0,0,0,5000,-5000,-5000
060190,國泰金元富9A購01,0,0,0,0,0,0,0,0,0,-5000,0,0,0,0,5000,-5000,-5000
060093,友達元大03購01  ,0,0,0,0,0,0,0,0,0,-5000,0,0,0,11000,16000,-5000,-5000
05998P,台積電元大97售12,0,0,0,0,0,0,0,0,0,-5000,0,0,0,0,5000,-5000,-5000
062464,T50反1凱基9C購03,0,0,0,0,0,0,0,0,0,-5000,0,0,0,50000,55000,-5000,-5000
060772,FBVIX凱基9A購03 ,0,0,0,0,0,0,0,0,0,-5000,0,0,0,0,5000,-5000,-5000
060860,國巨永豐9A購02  ,0,0,0,0,0,0,0,0,0,-5000,0,0,0,0,5000,-5000,-5000
060957,SP黃豆凱基9A購04,0,0,0,0,0,0,0,0,0,-5000,0,0,0,0,5000,-5000,-5000
060907,金像電元大9A購02,0,0,0,0,0,0,0,0,0,-5000,0,0,0,28000,33000,-5000,-5000
063180,台塑凱基9B購01  ,0,0,0,0,0,0,0,0,0,-5000,0,0,0,0,5000,-5000,-5000
063129,祥碩元大9C購03  ,0,0,0,0,0,0,0,0,0,-5000,0,0,0,0,5000,-5000,-5000
063280,燿華元大9B購05  ,0,0,0,0,0,0,0,0,0,-5000,0,0,0,29000,34000,-5000,-5000
062701,漢唐元大9B購01  ,0,0,0,0,0,0,0,0,0,-5000,0,0,0,30000,35000,-5000,-5000
062649,緯穎富邦9B購03  ,0,0,0,0,0,0,0,0,0,-5000,0,0,0,20000,25000,-5000,-5000
062872,華通兆豐9C購01  ,0,0,0,0,0,0,0,0,0,-5000,0,0,0,100000,105000,-5000,-5000
062869,帆宣中信9B購01  ,0,0,0,0,0,0,0,0,0,-5000,0,0,0,15000,20000,-5000,-5000
062995,聚陽國票9C購01  ,0,0,0,0,0,0,0,0,0,-5000,0,0,0,0,5000,-5000,-5000
063002,上証2X元大9B購03,0,0,0,0,0,0,0,0,0,-5000,0,0,0,0,5000,-5000,-5000
062920,康友元大9B購01  ,0,0,0,0,0,0,0,0,0,-5000,0,0,0,42000,47000,-5000,-5000
065487,臺股指元大9C購25,0,0,0,0,0,0,0,0,0,-5000,0,0,0,0,5000,-5000,-5000
065542,緯穎統一01購05  ,0,0,0,0,0,0,0,0,0,-5000,0,0,0,0,5000,-5000,-5000
065525,瑞儀群益01購01  ,0,0,0,0,0,0,0,0,0,-5000,0,0,0,38000,43000,-5000,-5000
065545,華通兆豐9C購03  ,0,0,0,0,0,0,0,0,0,-5000,0,0,0,0,5000,-5000,-5000
065567,台積電群益01購03,0,0,0,0,0,0,0,0,0,-5000,0,0,0,38000,43000,-5000,-5000
065381,緯穎元大9C購03  ,0,0,0,0,0,0,0,0,0,-5000,0,0,0,0,5000,-5000,-5000
065464,健鼎中信9C購01  ,0,0,0,0,0,0,0,0,0,-5000,0,0,0,48000,53000,-5000,-5000
065428,旺宏凱基03購01  ,0,0,0,0,0,0,0,0,0,-5000,0,0,0,0,5000,-5000,-5000
065449,中租統一9C購01  ,0,0,0,0,0,0,0,0,0,-5000,0,0,0,0,5000,-5000,-5000
065668,南亞科凱基9C購02,0,0,0,0,0,0,0,0,0,-5000,0,0,0,19000,24000,-5000,-5000
064860,聯發科富邦03購01,0,0,0,0,0,0,0,0,0,-5000,0,0,0,0,5000,-5000,-5000
064922,玉晶光統一01購10,0,0,0,0,0,0,0,0,0,-5000,0,0,0,0,5000,-5000,-5000
064941,台積電台新9C購04,0,0,0,0,0,0,0,0,0,-5000,0,0,0,0,5000,-5000,-5000
064846,旺宏元富03購01  ,0,0,0,0,0,0,0,0,0,-5000,0,0,0,10000,15000,-5000,-5000
065274,南茂元大9C購03  ,0,0,0,0,0,0,0,0,0,-5000,0,0,0,0,5000,-5000,-5000
065315,玉晶光中信03購02,0,0,0,0,0,0,0,0,0,-5000,0,0,0,485000,490000,-5000,-5000
065303,國泰金元富9C購01,0,0,0,0,0,0,0,0,0,-5000,0,0,0,1000,6000,-5000,-5000
065057,臺股指凱基9C購21,0,0,0,0,0,0,0,0,0,-5000,0,0,0,0,5000,-5000,-5000
065105,巨大元大01購01  ,0,0,0,0,0,0,0,0,0,-5000,0,0,0,49000,54000,-5000,-5000
065116,臺股指國票9C購13,0,0,0,0,0,0,0,0,0,-5000,0,0,0,15000,20000,-5000,-5000
063506,嘉晶群益9B購01  ,0,0,0,0,0,0,0,0,0,-5000,0,0,0,30000,35000,-5000,-5000
063589,美食永豐9B購02  ,0,0,0,0,0,0,0,0,0,-5000,0,0,0,0,5000,-5000,-5000
063631,燿華元大9B購06  ,0,0,0,0,0,0,0,0,0,-5000,0,0,0,32000,37000,-5000,-5000
063983,麗豐兆豐9C購01  ,0,0,0,0,0,0,0,0,0,-5000,0,0,0,0,5000,-5000,-5000
064022,台積電元大9C購07,0,0,0,0,0,0,0,0,0,-5000,0,0,0,17000,22000,-5000,-5000
063827,國巨國票02購01  ,0,0,0,0,0,0,0,0,0,-5000,0,0,0,23000,28000,-5000,-5000
064449,金寶統一01購02  ,0,0,0,0,0,0,0,0,0,-5000,0,0,0,35000,40000,-5000,-5000
064389,台泥永豐9C購01  ,0,0,0,0,0,0,0,0,0,-5000,0,0,0,0,5000,-5000,-5000
064615,智邦元大01購01  ,0,0,0,0,0,0,0,0,0,-5000,0,0,0,10000,15000,-5000,-5000
064089,新日興凱基02購01,0,0,0,0,0,0,0,0,0,-5000,0,0,0,95000,100000,-5000,-5000
064155,大立光統一01購05,0,0,0,0,0,0,0,0,0,-5000,0,0,0,1000,6000,-5000,-5000
1568,倉佑            ,4000,9000,-5000,0,0,0,0,0,0,0,0,0,0,0,0,0,-5000
1730,花仙子          ,13000,18000,-5000,0,0,0,0,0,0,0,0,0,0,0,0,0,-5000
2723,美食-KY         ,554000,591000,-37000,0,0,0,0,0,0,32000,0,0,0,38000,6000,32000,-5000
2430,燦坤            ,6000,19000,-13000,0,0,0,0,0,0,8000,8000,0,8000,0,0,0,-5000
2465,麗臺            ,2000,7000,-5000,0,0,0,0,0,0,0,0,0,0,0,0,0,-5000
5258,虹堡            ,15000,22000,-7000,0,0,0,0,0,0,2000,2000,0,2000,0,0,0,-5000
08104P,晶技元大9B售06  ,0,0,0,0,0,0,0,0,0,-6000,0,0,0,44000,50000,-6000,-6000
07178P,臺股指凱基99售20,0,0,0,0,0,0,0,0,0,-6000,0,0,0,0,6000,-6000,-6000
08451P,南六統一9C售06  ,0,0,0,0,0,0,0,0,0,-6000,0,0,0,44000,50000,-6000,-6000
08358P,大立光元大9C售18,0,0,0,0,0,0,0,0,0,-6000,0,0,0,7000,13000,-6000,-6000
08408P,臺股指元大9C售14,0,0,0,0,0,0,0,0,0,-6000,0,0,0,3000,9000,-6000,-6000
08835P,聯發科統一01售12,0,0,0,0,0,0,0,0,0,-6000,0,0,0,0,6000,-6000,-6000
08652P,鴻海群益9C售09  ,0,0,0,0,0,0,0,0,0,-6000,0,0,0,20000,26000,-6000,-6000
066146,昇陽半群益01購02,0,0,0,0,0,0,0,0,0,-6000,0,0,0,0,6000,-6000,-6000
067245,康控群益01購03  ,0,0,0,0,0,0,0,0,0,-6000,0,0,0,3000,9000,-6000,-6000
067269,眾達永豐01購02  ,0,0,0,0,0,0,0,0,0,-6000,0,0,0,0,6000,-6000,-6000
066809,新唐凱基01購01  ,0,0,0,0,0,0,0,0,0,-6000,0,0,0,0,6000,-6000,-6000
046937,聯電元大99購01  ,0,0,0,0,0,0,0,0,0,-6000,0,0,0,11000,17000,-6000,-6000
056603,嘉聯益國泰9A購01,0,0,0,0,0,0,0,0,0,-6000,0,0,0,0,6000,-6000,-6000
056460,同欣電凱基99購01,0,0,0,0,0,0,0,0,0,-6000,0,0,0,199000,205000,-6000,-6000
00714,群益道瓊美國地產,0,0,0,0,0,0,0,0,0,-6000,0,0,0,0,6000,-6000,-6000
03686C,臺股指元大04牛05,0,0,0,0,0,0,0,0,0,-6000,0,0,0,0,6000,-6000,-6000
056165,矽力凱基98購02  ,0,0,0,0,0,0,0,0,0,-6000,0,0,0,18000,24000,-6000,-6000
055487,國巨元大98購07  ,0,0,0,0,0,0,0,0,0,-6000,0,0,0,5000,11000,-6000,-6000
055655,群創元富99購07  ,0,0,0,0,0,0,0,0,0,-6000,0,0,0,0,6000,-6000,-6000
057837,康控國泰99購02  ,0,0,0,0,0,0,0,0,0,-6000,0,0,0,12000,18000,-6000,-6000
057840,健策富邦99購01  ,0,0,0,0,0,0,0,0,0,-6000,0,0,0,0,6000,-6000,-6000
057502,訊芯群益98購02  ,0,0,0,0,0,0,0,0,0,-6000,0,0,0,39000,45000,-6000,-6000
057150,貿聯國票99購02  ,0,0,0,0,0,0,0,0,0,-6000,0,0,0,0,6000,-6000,-6000
057103,禾伸堂中信9A購01,0,0,0,0,0,0,0,0,0,-6000,0,0,0,31000,37000,-6000,-6000
057228,友達凱基9B購01  ,0,0,0,0,0,0,0,0,0,-6000,0,0,0,0,6000,-6000,-6000
058622,國巨國票99購07  ,0,0,0,0,0,0,0,0,0,-6000,0,0,0,1000,7000,-6000,-6000
058356,華邦電凱基99購01,0,0,0,0,0,0,0,0,0,-6000,0,0,0,0,6000,-6000,-6000
058136,景碩元大99購02  ,0,0,0,0,0,0,0,0,0,-6000,0,0,0,0,6000,-6000,-6000
062806,世芯統一02購01  ,0,0,0,0,0,0,0,0,0,-6000,0,0,0,5000,11000,-6000,-6000
063282,奇力新元大9B購06,0,0,0,0,0,0,0,0,0,-6000,0,0,0,0,6000,-6000,-6000
063238,漢唐元大9B購02  ,0,0,0,0,0,0,0,0,0,-6000,0,0,0,0,6000,-6000,-6000
063338,國巨統一9C購11  ,0,0,0,0,0,0,0,0,0,-6000,0,0,0,0,6000,-6000,-6000
063053,聯發科統一01購04,0,0,0,0,0,0,0,0,0,-6000,0,0,0,12000,18000,-6000,-6000
060987,華新科元大9A購11,0,0,0,0,0,0,0,0,0,-6000,0,0,0,94000,100000,-6000,-6000
061024,南電國泰9B購01  ,0,0,0,0,0,0,0,0,0,-6000,0,0,0,0,6000,-6000,-6000
059999,緯穎元富99購01  ,0,0,0,0,0,0,0,0,0,-6000,0,0,0,0,6000,-6000,-6000
060203,緯穎元富9A購01  ,0,0,0,0,0,0,0,0,0,-6000,0,0,0,0,6000,-6000,-6000
060477,和潤元大9A購01  ,0,0,0,0,0,0,0,0,0,-6000,0,0,0,0,6000,-6000,-6000
061696,南茂群益9A購01  ,0,0,0,0,0,0,0,0,0,-6000,0,0,0,0,6000,-6000,-6000
061939,中租國票9B購01  ,0,0,0,0,0,0,0,0,0,-6000,0,0,0,0,6000,-6000,-6000
059031,元石油中信03購01,0,0,0,0,0,0,0,0,0,-6000,0,0,0,5000,11000,-6000,-6000
059919,宏達電元大99購06,0,0,0,0,0,0,0,0,0,-6000,0,0,0,2000,8000,-6000,-6000
061140,華擎統一9C購01  ,0,0,0,0,0,0,0,0,0,-6000,0,0,0,31000,37000,-6000,-6000
059314,上銀元大99購03  ,0,0,0,0,0,0,0,0,0,-6000,0,0,0,4000,10000,-6000,-6000
061394,FBVIX統一9B購01 ,0,0,0,0,0,0,0,0,0,-6000,0,0,0,0,6000,-6000,-6000
062002,鴻海國泰01購01  ,0,0,0,0,0,0,0,0,0,-6000,0,0,0,27000,33000,-6000,-6000
062122,國巨統一02購01  ,0,0,0,0,0,0,0,0,0,-6000,0,0,0,0,6000,-6000,-6000
064136,致新元大9C購01  ,0,0,0,0,0,0,0,0,0,-6000,0,0,0,0,6000,-6000,-6000
064203,康控兆豐9C購02  ,0,0,0,0,0,0,0,0,0,-6000,0,0,0,25000,31000,-6000,-6000
064228,同欣電國票01購01,0,0,0,0,0,0,0,0,0,-6000,0,0,0,35000,41000,-6000,-6000
064657,和大元大9C購02  ,0,0,0,0,0,0,0,0,0,-6000,0,0,0,0,6000,-6000,-6000
063742,道瓊指國票9C購01,0,0,0,0,0,0,0,0,0,-6000,0,0,0,15000,21000,-6000,-6000
063703,晶豪科群益9B購02,0,0,0,0,0,0,0,0,0,-6000,0,0,0,44000,50000,-6000,-6000
064016,南六國票01購01  ,0,0,0,0,0,0,0,0,0,-6000,0,0,0,4000,10000,-6000,-6000
063892,旺宏群益01購01  ,0,0,0,0,0,0,0,0,0,-6000,0,0,0,0,6000,-6000,-6000
063554,GIS國票9C購03   ,0,0,0,0,0,0,0,0,0,-6000,0,0,0,36000,42000,-6000,-6000
063443,金像電統一01購02,0,0,0,0,0,0,0,0,0,-6000,0,0,0,5000,11000,-6000,-6000
065145,貿聯凱基9C購02  ,0,0,0,0,0,0,0,0,0,-6000,0,0,0,44000,50000,-6000,-6000
065163,香港反元大03購01,0,0,0,0,0,0,0,0,0,-6000,0,0,0,40000,46000,-6000,-6000
065051,和碩凱基02購01  ,0,0,0,0,0,0,0,0,0,-6000,0,0,0,52000,58000,-6000,-6000
065072,和大元大9C購03  ,0,0,0,0,0,0,0,0,0,-6000,0,0,0,0,6000,-6000,-6000
065298,健策統一9C購06  ,0,0,0,0,0,0,0,0,0,-6000,0,0,0,14000,20000,-6000,-6000
065252,玉晶光永豐9C購08,0,0,0,0,0,0,0,0,0,-6000,0,0,0,39000,45000,-6000,-6000
064955,健策凱基9C購03  ,0,0,0,0,0,0,0,0,0,-6000,0,0,0,0,6000,-6000,-6000
065441,義隆麥證9C購01  ,0,0,0,0,6000,-6000,0,0,0,-6000,0,0,0,0,6000,-6000,-6000
065482,立積元大01購02  ,0,0,0,0,0,0,0,0,0,-6000,0,0,0,132000,138000,-6000,-6000
5283,禾聯碩          ,5000,11000,-6000,0,0,0,0,0,0,0,0,0,0,0,0,0,-6000
3346,麗清            ,22000,28000,-6000,0,0,0,0,0,0,0,0,0,0,0,0,0,-6000
6449,鈺邦            ,14000,20000,-6000,0,0,0,0,0,0,0,0,0,0,0,0,0,-6000
912398,友佳-DR         ,1000,7000,-6000,0,0,0,0,0,0,0,0,0,0,0,0,0,-6000
9924,福興            ,37000,43000,-6000,0,0,0,0,0,0,0,0,0,0,0,0,0,-6000
2739,寒舍            ,10000,16000,-6000,0,0,0,0,0,0,0,0,0,0,0,0,0,-6000
3164,景岳            ,25000,31000,-6000,0,0,0,0,0,0,0,0,0,0,0,0,0,-6000
1732,毛寶            ,31000,37000,-6000,0,0,0,0,0,0,0,0,0,0,0,0,0,-6000
1529,樂士            ,9000,15000,-6000,0,0,0,0,0,0,0,0,0,0,0,0,0,-6000
066755,永光永豐01購02  ,0,0,0,0,0,0,0,0,0,-7000,0,0,0,56000,63000,-7000,-7000
066883,聯發科永豐01購01,0,0,0,0,0,0,0,0,0,-7000,0,0,0,0,7000,-7000,-7000
066647,聯發科麥證01購04,0,0,0,0,7000,-7000,0,0,0,-7000,0,0,0,0,7000,-7000,-7000
066691,京元電台新01購01,0,0,0,0,0,0,0,0,0,-7000,0,0,0,0,7000,-7000,-7000
06771P,台灣50中信02售01,0,0,0,0,0,0,0,0,0,-7000,0,0,0,5000,12000,-7000,-7000
06721P,臺股指中信9A售03,0,0,0,0,0,0,0,0,0,-7000,0,0,0,175000,182000,-7000,-7000
067108,大毅群益01購01  ,0,0,0,0,0,0,0,0,0,-7000,0,0,0,102000,109000,-7000,-7000
067038,滬深2X凱基04購02,0,0,0,0,0,0,0,0,0,-7000,0,0,0,0,7000,-7000,-7000
066072,華新科凱基01購03,0,0,0,0,0,0,0,0,0,-7000,0,0,0,0,7000,-7000,-7000
066358,美利達永豐01購01,0,0,0,0,0,0,0,0,0,-7000,0,0,0,60000,67000,-7000,-7000
08745P,臺股指凱基02售06,0,0,0,0,0,0,0,0,0,-7000,0,0,0,3000,10000,-7000,-7000
08328P,國巨國票9C售07  ,0,0,0,0,0,0,0,0,0,-7000,0,0,0,0,7000,-7000,-7000
058352,鴻海凱基9A購05  ,0,0,0,0,0,0,0,0,0,-7000,0,0,0,35000,42000,-7000,-7000
058939,台積電中信9B購01,0,0,0,0,0,0,0,0,0,-7000,0,0,0,20000,27000,-7000,-7000
057102,亞光中信9A購01  ,0,0,0,0,0,0,0,0,0,-7000,0,0,0,3000,10000,-7000,-7000
057085,立積統一9B購02  ,0,0,0,0,0,0,0,0,0,-7000,0,0,0,49000,56000,-7000,-7000
057328,京鼎群益99購02  ,0,0,0,0,0,0,0,0,0,-7000,0,0,0,20000,27000,-7000,-7000
059250,大立光凱基99購06,0,0,0,0,0,0,0,0,0,-7000,0,0,0,3000,10000,-7000,-7000
061064,可成凱基9B購02  ,0,0,0,0,0,0,0,0,0,-7000,0,0,0,2000,9000,-7000,-7000
055029,帆宣國泰99購01  ,0,0,0,0,0,0,0,0,0,-7000,0,0,0,18000,25000,-7000,-7000
058591,台灣50統一9B購02,0,0,0,0,0,0,0,0,0,-7000,0,0,0,0,7000,-7000,-7000
054353,世紀鋼國泰98購01,0,0,0,0,0,0,0,0,0,-7000,0,0,0,57000,64000,-7000,-7000
054511,香港反元大98購01,0,0,0,0,0,0,0,0,0,-7000,0,0,0,85000,92000,-7000,-7000
054532,強茂國泰98購01  ,0,0,0,0,0,0,0,0,0,-7000,0,0,0,3000,10000,-7000,-7000
060461,鴻海元大9A購09  ,0,0,0,0,0,0,0,0,0,-7000,0,0,0,28000,35000,-7000,-7000
061620,禾伸堂群益9A購02,0,0,0,0,0,0,0,0,0,-7000,0,0,0,77000,84000,-7000,-7000
059707,健策凱基9A購03  ,0,0,0,0,0,0,0,0,0,-7000,0,0,0,4000,11000,-7000,-7000
061772,健策元大9B購06  ,0,0,0,0,0,0,0,0,0,-7000,0,0,0,1000,8000,-7000,-7000
061779,上銀群益9B購01  ,0,0,0,0,0,0,0,0,0,-7000,0,0,0,0,7000,-7000,-7000
060260,京鼎凱基9C購01  ,0,0,0,0,0,0,0,0,0,-7000,0,0,0,3000,10000,-7000,-7000
060999,國巨兆豐9A購01  ,0,0,0,0,0,0,0,0,0,-7000,0,0,0,13000,20000,-7000,-7000
060892,超眾統一9C購01  ,0,0,0,0,0,0,0,0,0,-7000,0,0,0,3000,10000,-7000,-7000
062626,台積電國票9C購04,0,0,0,0,0,0,0,0,0,-7000,0,0,0,11000,18000,-7000,-7000
062939,奇力新凱基9B購02,0,0,0,0,0,0,0,0,0,-7000,0,0,0,5000,12000,-7000,-7000
062983,緯穎元富9B購01  ,0,0,0,0,0,0,0,0,0,-7000,0,0,0,0,7000,-7000,-7000
065486,臺股指元大9C購24,0,0,0,0,0,0,0,0,0,-7000,0,0,0,5000,12000,-7000,-7000
065714,矽創群益9C購02  ,0,0,0,0,0,0,0,0,0,-7000,0,0,0,25000,32000,-7000,-7000
064939,健策元富9C購03  ,0,0,0,0,0,0,0,0,0,-7000,0,0,0,50000,57000,-7000,-7000
064784,祥碩群益9C購01  ,0,0,0,0,0,0,0,0,0,-7000,0,0,0,67000,74000,-7000,-7000
064756,友達凱基02購02  ,0,0,0,0,0,0,0,0,0,-7000,0,0,0,0,7000,-7000,-7000
065229,友達凱基02購03  ,0,0,0,0,0,0,0,0,0,-7000,0,0,0,0,7000,-7000,-7000
063485,巨大元大9B購04  ,0,0,0,0,0,0,0,0,0,-7000,0,0,0,31000,38000,-7000,-7000
063674,力山國泰01購02  ,0,0,0,0,0,0,0,0,0,-7000,0,0,0,607000,614000,-7000,-7000
063991,南六永豐9C購02  ,0,0,0,0,0,0,0,0,0,-7000,0,0,0,13000,20000,-7000,-7000
063734,可成元大9B購04  ,0,0,0,0,0,0,0,0,0,-7000,0,0,0,10000,17000,-7000,-7000
064397,旭富永豐9C購01  ,0,0,0,0,0,0,0,0,0,-7000,0,0,0,3000,10000,-7000,-7000
064353,力成元大9C購02  ,0,0,0,0,0,0,0,0,0,-7000,0,0,0,50000,57000,-7000,-7000
1465,偉全            ,6000,13000,-7000,0,0,0,0,0,0,0,0,0,0,0,0,0,-7000
2374,佳能            ,104000,111000,-7000,0,0,0,0,0,0,0,0,0,0,0,0,0,-7000
08725P,臺股指元大01售06,0,0,0,0,0,0,0,0,0,-8000,0,0,0,0,8000,-8000,-8000
08507P,臺股指國票9C售08,0,0,0,0,0,0,0,0,0,-8000,0,0,0,0,8000,-8000,-8000
08524P,奇力新元大9C售01,0,0,0,0,0,0,0,0,0,-8000,0,0,0,92000,100000,-8000,-8000
08553P,嘉澤群益9C售01  ,0,0,0,0,0,0,0,0,0,-8000,0,0,0,2000,10000,-8000,-8000
08568P,臺股指富邦9C售05,0,0,0,0,0,0,0,0,0,-8000,0,0,0,2000,10000,-8000,-8000
08122P,晶技國票9C售01  ,0,0,0,0,0,0,0,0,0,-8000,0,0,0,0,8000,-8000,-8000
07978P,茂林群益9B售02  ,0,0,0,0,0,0,0,0,0,-8000,0,0,0,23000,31000,-8000,-8000
07923P,元金2X凱基02售02,0,0,0,0,0,0,0,0,0,-8000,0,0,0,0,8000,-8000,-8000
067165,世紀鋼國票02購02,0,0,0,0,0,0,0,0,0,-8000,0,0,0,0,8000,-8000,-8000
066686,鴻海元富07購05  ,0,0,0,0,0,0,0,0,0,-8000,0,0,0,0,8000,-8000,-8000
066614,貿聯麥證01購01  ,0,0,0,0,8000,-8000,0,0,0,-8000,0,0,0,0,8000,-8000,-8000
066600,瀚宇博國泰03購01,0,0,0,0,0,0,0,0,0,-8000,0,0,0,80000,88000,-8000,-8000
066606,聯詠永豐01購01  ,0,0,0,0,0,0,0,0,0,-8000,0,0,0,60000,68000,-8000,-8000
066873,健策國泰02購01  ,0,0,0,0,0,0,0,0,0,-8000,0,0,0,35000,43000,-8000,-8000
066910,華擎凱基01購03  ,0,0,0,0,0,0,0,0,0,-8000,0,0,0,3000,11000,-8000,-8000
054470,緯穎國票97購04  ,0,0,0,0,0,0,0,0,0,-8000,0,0,0,0,8000,-8000,-8000
054158,國巨日盛99購01  ,0,0,0,0,0,0,0,0,0,-8000,0,0,0,0,8000,-8000,-8000
058552,欣興永豐99購01  ,0,0,0,0,0,0,0,0,0,-8000,0,0,0,62000,70000,-8000,-8000
058540,嘉聯益國泰9A購02,0,0,0,0,0,0,0,0,0,-8000,0,0,0,0,8000,-8000,-8000
057567,嘉聯益富邦9A購01,0,0,0,0,0,0,0,0,0,-8000,0,0,0,2000,10000,-8000,-8000
056092,亞德客元富97購02,0,0,0,0,0,0,0,0,0,-8000,0,0,0,0,8000,-8000,-8000
060382,儒鴻凱基9A購01  ,0,0,0,0,0,0,0,0,0,-8000,0,0,0,0,8000,-8000,-8000
059235,鴻海凱基99購08  ,0,0,0,0,0,0,0,0,0,-8000,0,0,0,0,8000,-8000,-8000
057389,玉晶光永豐98購06,0,0,0,0,0,0,0,0,0,-8000,0,0,0,97000,105000,-8000,-8000
057028,台郡凱基99購02  ,0,0,0,0,0,0,0,0,0,-8000,0,0,0,2000,10000,-8000,-8000
058937,仁寶中信99購01  ,0,0,0,0,0,0,0,0,0,-8000,0,0,0,22000,30000,-8000,-8000
056825,深中小富邦9B購01,0,0,0,0,0,0,0,0,0,-8000,0,0,0,0,8000,-8000,-8000
057783,台積電國票9A購01,0,0,0,0,0,0,0,0,0,-8000,0,0,0,20000,28000,-8000,-8000
058897,國巨元大99購17  ,0,0,0,0,0,0,0,0,0,-8000,0,0,0,36000,44000,-8000,-8000
062947,國巨富邦01購01  ,0,0,0,0,0,0,0,0,0,-8000,0,0,0,10000,18000,-8000,-8000
062716,鴻海凱基9B購06  ,0,0,0,0,0,0,0,0,0,-8000,0,0,0,33000,41000,-8000,-8000
062460,京鼎群益9C購01  ,0,0,0,0,0,0,0,0,0,-8000,0,0,0,21000,29000,-8000,-8000
060552,群創凱基9B購05  ,0,0,0,0,0,0,0,0,0,-8000,0,0,0,2000,10000,-8000,-8000
061732,智邦中信9B購01  ,0,0,0,0,0,0,0,0,0,-8000,0,0,0,53000,61000,-8000,-8000
062299,台積電第一9B購01,0,0,0,0,0,0,0,0,0,-8000,0,0,0,0,8000,-8000,-8000
059635,華新科凱基9A購06,0,0,0,0,0,0,0,0,0,-8000,0,0,0,0,8000,-8000,-8000
059456,智易永豐99購01  ,0,0,0,0,0,0,0,0,0,-8000,0,0,0,0,8000,-8000,-8000
061397,上銀台新9A購01  ,0,0,0,0,0,0,0,0,0,-8000,0,0,0,0,8000,-8000,-8000
061381,台灣50群益9B購07,0,0,0,0,0,0,0,0,0,-8000,0,0,0,1000,9000,-8000,-8000
060424,中租永豐9A購01  ,0,0,0,0,0,0,0,0,0,-8000,0,0,0,32000,40000,-8000,-8000
061657,智原國票9A購01  ,0,0,0,0,0,0,0,0,0,-8000,0,0,0,25000,33000,-8000,-8000
064078,台積電中信06購04,0,0,0,0,0,0,0,0,0,-8000,0,0,0,78000,86000,-8000,-8000
064451,技嘉統一01購02  ,0,0,0,0,0,0,0,0,0,-8000,0,0,0,23000,31000,-8000,-8000
063733,聯發科元大9B購27,0,0,0,0,0,0,0,0,0,-8000,0,0,0,2000,10000,-8000,-8000
063870,健策永豐01購01  ,0,0,0,0,0,0,0,0,0,-8000,0,0,0,1000,9000,-8000,-8000
063940,國巨元大01購02  ,0,0,0,0,0,0,0,0,0,-8000,0,0,0,5000,13000,-8000,-8000
065264,亞光元大9C購02  ,0,0,0,0,0,0,0,0,0,-8000,0,0,0,10000,18000,-8000,-8000
065467,臺指反元大03購03,0,0,0,0,0,0,0,0,0,-8000,0,0,0,0,8000,-8000,-8000
4916,事欣科          ,13000,22000,-9000,0,0,0,0,0,0,1000,1000,0,1000,0,0,0,-8000
066771,滬深2X富邦02購01,0,0,0,0,0,0,0,0,0,-9000,0,0,0,21000,30000,-9000,-9000
066599,鴻海國泰03購02  ,0,0,0,0,0,0,0,0,0,-9000,0,0,0,41000,50000,-9000,-9000
066616,創意康和01購01  ,35000,20000,15000,0,0,0,0,0,0,-24000,0,0,0,125000,149000,-24000,-9000
067120,矽創群益01購01  ,0,0,0,0,0,0,0,0,0,-9000,0,0,0,0,9000,-9000,-9000
066936,新日興國票02購01,0,0,0,0,0,0,0,0,0,-9000,0,0,0,35000,44000,-9000,-9000
066353,台塑化永豐01購01,0,0,0,0,0,0,0,0,0,-9000,0,0,0,0,9000,-9000,-9000
08578P,TPK元大9C售04   ,0,0,0,0,0,0,0,0,0,-9000,0,0,0,59000,68000,-9000,-9000
08688P,台灣50中信04售02,0,0,0,0,0,0,0,0,0,-9000,0,0,0,0,9000,-9000,-9000
08310P,南電凱基9C售01  ,0,0,0,0,0,0,0,0,0,-9000,0,0,0,86000,95000,-9000,-9000
058727,嘉晶富邦9A購01  ,0,0,0,0,0,0,0,0,0,-9000,0,0,0,16000,25000,-9000,-9000
056776,聯茂元大99購01  ,0,0,0,0,0,0,0,0,0,-9000,0,0,0,1000,10000,-9000,-9000
056793,臺股指群益98購03,0,0,0,0,0,0,0,0,0,-9000,0,0,0,0,9000,-9000,-9000
057744,健策永豐98購02  ,0,0,0,0,0,0,0,0,0,-9000,0,0,0,1000,10000,-9000,-9000
058222,玉晶光統一9B購01,0,0,0,0,0,0,0,0,0,-9000,0,0,0,1000,10000,-9000,-9000
058080,台積電群益98購06,0,0,0,0,0,0,0,0,0,-9000,0,0,0,32000,41000,-9000,-9000
057445,華通元富02購01  ,0,0,0,0,0,0,0,0,0,-9000,0,0,0,26000,35000,-9000,-9000
061327,台郡凱基9A購02  ,0,0,0,0,0,0,0,0,0,-9000,0,0,0,49000,58000,-9000,-9000
061352,茂林元大9A購04  ,0,0,0,0,0,0,0,0,0,-9000,0,0,0,6000,15000,-9000,-9000
061262,智邦凱基9A購02  ,0,0,0,0,0,0,0,0,0,-9000,0,0,0,1000,10000,-9000,-9000
056011,矽力中信99購01  ,0,0,0,0,0,0,0,0,0,-9000,0,0,0,7000,16000,-9000,-9000
058520,智易元大99購03  ,0,0,0,0,0,0,0,0,0,-9000,0,0,0,80000,89000,-9000,-9000
053565,台光電富邦98購01,0,0,0,0,0,0,0,0,0,-9000,0,0,0,0,9000,-9000,-9000
056543,京鼎凱基98購01  ,0,0,0,0,0,0,0,0,0,-9000,0,0,0,43000,52000,-9000,-9000
048383,元金2X國票99購01,0,0,0,0,0,0,0,0,0,-9000,0,0,0,0,9000,-9000,-9000
056448,全新凱基99購01  ,0,0,0,0,0,0,0,0,0,-9000,0,0,0,50000,59000,-9000,-9000
062158,禾伸堂凱基9B購01,0,0,0,0,0,0,0,0,0,-9000,0,0,0,20000,29000,-9000,-9000
062034,同欣電群益9B購01,0,0,0,0,0,0,0,0,0,-9000,0,0,0,1000,10000,-9000,-9000
061583,矽創元大9A購01  ,0,0,0,0,0,0,0,0,0,-9000,0,0,0,78000,87000,-9000,-9000
062302,聯詠中信05購02  ,0,0,0,0,0,0,0,0,0,-9000,0,0,0,15000,24000,-9000,-9000
061747,南亞科統一01購01,0,0,0,0,0,0,0,0,0,-9000,0,0,0,97000,106000,-9000,-9000
059067,上銀國票9A購02  ,0,0,0,0,0,0,0,0,0,-9000,0,0,0,37000,46000,-9000,-9000
059068,台虹國票9A購01  ,0,0,0,0,0,0,0,0,0,-9000,0,0,0,40000,49000,-9000,-9000
060540,南亞凱基9A購01  ,0,0,0,0,0,0,0,0,0,-9000,0,0,0,30000,39000,-9000,-9000
060855,華新科富邦01購01,0,0,0,0,0,0,0,0,0,-9000,0,0,0,1000,10000,-9000,-9000
060846,欣興國票9A購02  ,0,0,0,0,0,0,0,0,0,-9000,0,0,0,1000,10000,-9000,-9000
060812,智邦凱基9A購01  ,0,0,0,0,0,0,0,0,0,-9000,0,0,0,1000,10000,-9000,-9000
063001,巨大國票9B購01  ,0,0,0,0,0,0,0,0,0,-9000,0,0,0,2000,11000,-9000,-9000
062818,大立光兆豐9C購01,0,0,0,0,0,0,0,0,0,-9000,0,0,0,0,9000,-9000,-9000
063078,元金2X凱基02購03,0,0,0,0,0,0,0,0,0,-9000,0,0,0,1000,10000,-9000,-9000
065433,緯創凱基9C購01  ,0,0,0,0,0,0,0,0,0,-9000,0,0,0,21000,30000,-9000,-9000
065434,台勝科凱基01購01,0,0,0,0,0,0,0,0,0,-9000,0,0,0,0,9000,-9000,-9000
065571,神基群益01購01  ,0,0,0,0,0,0,0,0,0,-9000,0,0,0,10000,19000,-9000,-9000
065709,瀚宇博群益9C購01,0,0,0,0,0,0,0,0,0,-9000,0,0,0,71000,80000,-9000,-9000
065925,鴻海國票04購01  ,0,0,0,0,0,0,0,0,0,-9000,0,0,0,0,9000,-9000,-9000
065324,聯發科凱基9C購10,0,0,0,0,0,0,0,0,0,-9000,0,0,0,7000,16000,-9000,-9000
065225,神隆凱基01購01  ,0,0,0,0,0,0,0,0,0,-9000,0,0,0,1000,10000,-9000,-9000
065192,臺股指統一9C購03,0,0,0,0,0,0,0,0,0,-9000,0,0,0,2000,11000,-9000,-9000
065096,世芯元大9C購03  ,0,0,0,0,0,0,0,0,0,-9000,0,0,0,42000,51000,-9000,-9000
064013,創意國票01購01  ,0,0,0,0,0,0,0,0,0,-9000,0,0,0,11000,20000,-9000,-9000
063483,致新元大9B購03  ,0,0,0,0,0,0,0,0,0,-9000,0,0,0,22000,31000,-9000,-9000
08305P,茂林群益9C售01  ,0,0,0,0,0,0,0,0,0,-10000,0,0,0,15000,25000,-10000,-10000
08284P,鴻海凱基01售03  ,0,0,0,0,0,0,0,0,0,-10000,0,0,0,0,10000,-10000,-10000
08264P,南電元大9C售02  ,0,0,0,0,0,0,0,0,0,-10000,0,0,0,0,10000,-10000,-10000
08221P,台表科凱基9B售05,0,0,0,0,0,0,0,0,0,-10000,0,0,0,140000,150000,-10000,-10000
08183P,聯發科永豐9B售04,0,0,0,0,0,0,0,0,0,-10000,0,0,0,0,10000,-10000,-10000
08350P,臺股指中信9C售06,0,0,0,0,0,0,0,0,0,-10000,0,0,0,30000,40000,-10000,-10000
08398P,台積電元富9C售04,0,0,0,0,0,0,0,0,0,-10000,0,0,0,0,10000,-10000,-10000
08385P,臺股指群益9C售13,0,0,0,0,0,0,0,0,0,-10000,0,0,0,0,10000,-10000,-10000
08691P,鎧勝中信05售02  ,0,0,0,0,0,0,0,0,0,-10000,0,0,0,20000,30000,-10000,-10000
08747P,國巨元富07售06  ,0,0,0,0,0,0,0,0,0,-10000,0,0,0,0,10000,-10000,-10000
08538P,聯發科國票01售01,0,0,0,0,0,0,0,0,0,-10000,0,0,0,15000,25000,-10000,-10000
08505P,臺股指國票9C售07,0,0,0,0,0,0,0,0,0,-10000,0,0,0,0,10000,-10000,-10000
08642P,華新科群益9C售06,0,0,0,0,0,0,0,0,0,-10000,0,0,0,0,10000,-10000,-10000
08609P,世紀鋼永豐9C售03,60000,60000,0,0,0,0,0,0,0,-10000,0,0,0,70000,80000,-10000,-10000
08612P,嘉晶凱基9C售03  ,0,0,0,0,0,0,0,0,0,-10000,0,0,0,0,10000,-10000,-10000
07935P,臺股指國票9B售07,0,0,0,0,0,0,0,0,0,-10000,0,0,0,0,10000,-10000,-10000
07938P,國巨統一9B售10  ,0,0,0,0,0,0,0,0,0,-10000,0,0,0,0,10000,-10000,-10000
08005P,台積電群益9C售04,0,0,0,0,0,0,0,0,0,-10000,0,0,0,0,10000,-10000,-10000
08009P,華擎統一9B售02  ,0,0,0,0,0,0,0,0,0,-10000,0,0,0,0,10000,-10000,-10000
08086P,燿華凱基9B售03  ,0,0,0,0,0,0,0,0,0,-10000,0,0,0,0,10000,-10000,-10000
08048P,臺股指國票9B售13,0,0,0,0,0,0,0,0,0,-10000,0,0,0,0,10000,-10000,-10000
08041P,臺股指群益9B售14,0,0,0,0,0,0,0,0,0,-10000,0,0,0,0,10000,-10000,-10000
08044P,臺股指富邦9B售03,0,0,0,0,0,0,0,0,0,-10000,0,0,0,0,10000,-10000,-10000
07656P,國巨凱基9A售15  ,0,0,0,0,0,0,0,0,0,-10000,0,0,0,20000,30000,-10000,-10000
07743P,智邦凱基9A售03  ,0,0,0,0,0,0,0,0,0,-10000,0,0,0,0,10000,-10000,-10000
07717P,臺股指群益9A售06,0,0,0,0,0,0,0,0,0,-10000,0,0,0,0,10000,-10000,-10000
07879P,瑞昱群益9C售01  ,0,0,0,0,0,0,0,0,0,-10000,0,0,0,0,10000,-10000,-10000
07785P,鴻海中信04售03  ,0,0,0,0,0,0,0,0,0,-10000,0,0,0,0,10000,-10000,-10000
07188P,臺股指台新99售11,0,0,0,0,0,0,0,0,0,-10000,0,0,0,0,10000,-10000,-10000
07189P,聯發科富邦9B售03,0,0,0,0,0,0,0,0,0,-10000,0,0,0,90000,100000,-10000,-10000
07141P,台灣50國票9A售03,0,0,0,0,0,0,0,0,0,-10000,0,0,0,0,10000,-10000,-10000
07124P,台積電元大99售21,0,0,0,0,0,0,0,0,0,-10000,0,0,0,0,10000,-10000,-10000
07053P,台灣50兆豐01售01,0,0,0,0,0,0,0,0,0,-10000,0,0,0,0,10000,-10000,-10000
06964P,臺股指凱基9B售01,0,0,0,0,0,0,0,0,0,-10000,0,0,0,230000,240000,-10000,-10000
07456P,華新科元大9A售06,0,0,0,0,0,0,0,0,0,-10000,0,0,0,0,10000,-10000,-10000
07468P,聯電元大9A售02  ,0,0,0,0,0,0,0,0,0,-10000,0,0,0,0,10000,-10000,-10000
07489P,國巨國票9A售07  ,0,0,0,0,0,0,0,0,0,-10000,0,0,0,0,10000,-10000,-10000
07568P,鴻海凱基9A售22  ,0,0,0,0,0,0,0,0,0,-10000,0,0,0,0,10000,-10000,-10000
07564P,臺股指中信01售01,0,0,0,0,0,0,0,0,0,-10000,0,0,0,0,10000,-10000,-10000
07227P,聯發科元富99售05,0,0,0,0,0,0,0,0,0,-10000,0,0,0,0,10000,-10000,-10000
07209P,台積電凱基9A售10,0,0,0,0,0,0,0,0,0,-10000,0,0,0,0,10000,-10000,-10000
07388P,臺股指群益9C售07,0,0,0,0,0,0,0,0,0,-10000,0,0,0,0,10000,-10000,-10000
066403,台郡凱基01購02  ,0,0,0,0,0,0,0,0,0,-10000,0,0,0,100000,110000,-10000,-10000
066533,南茂元富01購01  ,0,0,0,0,0,0,0,0,0,-10000,0,0,0,0,10000,-10000,-10000
066498,康控國泰02購01  ,0,0,0,0,0,0,0,0,0,-10000,0,0,0,34000,44000,-10000,-10000
066437,台泥群益02購01  ,0,0,0,0,0,0,0,0,0,-10000,0,0,0,78000,88000,-10000,-10000
066077,健策凱基01購01  ,0,0,0,0,0,0,0,0,0,-10000,0,0,0,60000,70000,-10000,-10000
066078,南電凱基02購02  ,0,0,0,0,0,0,0,0,0,-10000,0,0,0,12000,22000,-10000,-10000
066057,華擎元大02購01  ,0,0,0,0,0,0,0,0,0,-10000,0,0,0,84000,94000,-10000,-10000
066005,國巨統一03購01  ,0,0,0,0,0,0,0,0,0,-10000,0,0,0,0,10000,-10000,-10000
065991,牧德永豐01購01  ,0,0,0,0,0,0,0,0,0,-10000,0,0,0,0,10000,-10000,-10000
066129,佳世達群益01購01,0,0,0,0,0,0,0,0,0,-10000,0,0,0,0,10000,-10000,-10000
066963,T50反1元富07購03,0,0,0,0,0,0,0,0,0,-10000,0,0,0,0,10000,-10000,-10000
066981,聯發科群益02購07,0,0,0,0,0,0,0,0,0,-10000,0,0,0,0,10000,-10000,-10000
066987,旭富群益01購01  ,0,0,0,0,0,0,0,0,0,-10000,0,0,0,0,10000,-10000,-10000
067049,明泰凱基01購01  ,0,0,0,0,0,0,0,0,0,-10000,0,0,0,0,10000,-10000,-10000
067100,華邦電群益01購01,0,0,0,0,0,0,0,0,0,-10000,0,0,0,0,10000,-10000,-10000
067097,為升群益01購01  ,0,0,0,0,0,0,0,0,0,-10000,0,0,0,0,10000,-10000,-10000
067081,華擎元大01購05  ,0,0,0,0,0,0,0,0,0,-10000,0,0,0,0,10000,-10000,-10000
067078,京鼎元大01購04  ,0,0,0,0,0,0,0,0,0,-10000,0,0,0,0,10000,-10000,-10000
067155,健策統一02購01  ,0,0,0,0,0,0,0,0,0,-10000,0,0,0,0,10000,-10000,-10000
067191,康控凱基01購02  ,0,0,0,0,0,0,0,0,0,-10000,0,0,0,29000,39000,-10000,-10000
067216,健策元大01購09  ,0,0,0,0,0,0,0,0,0,-10000,0,0,0,2000,12000,-10000,-10000
067246,鎧勝群益01購02  ,0,0,0,0,0,0,0,0,0,-10000,0,0,0,0,10000,-10000,-10000
067270,精成科永豐01購01,0,0,0,0,0,0,0,0,0,-10000,0,0,0,0,10000,-10000,-10000
067260,台郡國票02購02  ,0,0,0,0,0,0,0,0,0,-10000,0,0,0,0,10000,-10000,-10000
06834P,訊芯群益99售02  ,0,0,0,0,0,0,0,0,0,-10000,0,0,0,0,10000,-10000,-10000
06828P,臺股指國票98售04,0,0,0,0,0,0,0,0,0,-10000,0,0,0,0,10000,-10000,-10000
066649,華新科麥證01購02,0,0,0,0,10000,-10000,0,0,0,-10000,0,0,0,0,10000,-10000,-10000
066661,友達凱基03購01  ,0,0,0,0,0,0,0,0,0,-10000,0,0,0,0,10000,-10000,-10000
066718,滬深2X元大01購05,0,0,0,0,0,0,0,0,0,-10000,0,0,0,20000,30000,-10000,-10000
066740,揚明光元大01購02,0,0,0,0,0,0,0,0,0,-10000,0,0,0,0,10000,-10000,-10000
066777,群創富邦01購01  ,0,0,0,0,0,0,0,0,0,-10000,0,0,0,0,10000,-10000,-10000
066820,南茂兆豐03購01  ,0,0,0,0,0,0,0,0,0,-10000,0,0,0,0,10000,-10000,-10000
066874,A50正2富邦02購01,0,0,0,0,0,0,0,0,0,-10000,0,0,0,0,10000,-10000,-10000
066867,A50正2元富01購02,0,0,0,0,0,0,0,0,0,-10000,0,0,0,60000,70000,-10000,-10000
056433,鴻海凱基98購09  ,0,0,0,0,0,0,0,0,0,-10000,0,0,0,31000,41000,-10000,-10000
056387,智伸科國泰99購01,0,0,0,0,0,0,0,0,0,-10000,0,0,0,0,10000,-10000,-10000
048414,滬深2X統一98購01,0,0,0,0,0,0,0,0,0,-10000,0,0,0,10000,20000,-10000,-10000
051369,新光金富邦9A購01,0,0,0,0,0,0,0,0,0,-10000,0,0,0,0,10000,-10000,-10000
048236,A50正2國票97購02,0,0,0,0,0,0,0,0,0,-10000,0,0,0,0,10000,-10000,-10000
056550,瑞儀凱基99購01  ,0,0,0,0,0,0,0,0,0,-10000,0,0,0,0,10000,-10000,-10000
056547,臻鼎凱基99購01  ,0,0,0,0,0,0,0,0,0,-10000,0,0,0,10000,20000,-10000,-10000
056570,旺宏元大98購07  ,0,0,0,0,0,0,0,0,0,-10000,0,0,0,0,10000,-10000,-10000
054553,宏達電凱基99購01,0,0,0,0,0,0,0,0,0,-10000,0,0,0,0,10000,-10000,-10000
053805,奇鋐凱基98購02  ,0,0,0,0,0,0,0,0,0,-10000,0,0,0,0,10000,-10000,-10000
046383,群創凱基98購01  ,0,0,0,0,0,0,0,0,0,-10000,0,0,0,20000,30000,-10000,-10000
058553,合勤控永豐99購01,0,0,0,0,0,0,0,0,0,-10000,0,0,0,0,10000,-10000,-10000
058570,臻鼎凱基9A購01  ,0,0,0,0,0,0,0,0,0,-10000,0,0,0,10000,20000,-10000,-10000
057652,欣興永昌9C購01  ,0,0,0,0,0,0,0,0,0,-10000,0,0,0,0,10000,-10000,-10000
057571,泰碩永豐98購01  ,0,0,0,0,0,0,0,0,0,-10000,0,0,0,0,10000,-10000,-10000
057609,友訊元富98購01  ,0,0,0,0,0,0,0,0,0,-10000,0,0,0,0,10000,-10000,-10000
056382,道瓊反國泰9A購01,0,0,0,0,0,0,0,0,0,-10000,0,0,0,0,10000,-10000,-10000
056232,瑞儀凱基98購01  ,0,0,0,0,0,0,0,0,0,-10000,0,0,0,0,10000,-10000,-10000
056236,台積電群益97購06,0,0,0,0,0,0,0,0,0,-10000,0,0,0,10000,20000,-10000,-10000
056104,義隆永豐97購01  ,0,0,0,0,0,0,0,0,0,-10000,0,0,0,0,10000,-10000,-10000
055435,佳世達中信99購01,0,0,0,0,0,0,0,0,0,-10000,0,0,0,10000,20000,-10000,-10000
055119,力成凱基98購01  ,0,0,0,0,0,0,0,0,0,-10000,0,0,0,0,10000,-10000,-10000
056623,禾伸堂永豐98購01,0,0,0,0,0,0,0,0,0,-10000,0,0,0,0,10000,-10000,-10000
056700,華新科國泰99購03,0,0,0,0,0,0,0,0,0,-10000,0,0,0,0,10000,-10000,-10000
061264,全新凱基9B購01  ,0,0,0,0,0,0,0,0,0,-10000,0,0,0,0,10000,-10000,-10000
061222,台灣50中信9A購02,0,0,0,0,0,0,0,0,0,-10000,0,0,0,7000,17000,-10000,-10000
061298,華新科富邦01購02,0,0,0,0,0,0,0,0,0,-10000,0,0,0,0,10000,-10000,-10000
059236,鴻海凱基99購09  ,0,0,0,0,0,0,0,0,0,-10000,0,0,0,0,10000,-10000,-10000
059252,聯詠凱基99購03  ,0,0,0,0,0,0,0,0,0,-10000,0,0,0,0,10000,-10000,-10000
059208,SGBR2X元大99購02,0,0,0,0,0,0,0,0,0,-10000,0,0,0,0,10000,-10000,-10000
059202,禾聯碩永豐99購01,0,0,0,0,0,0,0,0,0,-10000,0,0,0,0,10000,-10000,-10000
060376,瑞祺元富9A購01  ,0,0,0,0,0,0,0,0,0,-10000,0,0,0,0,10000,-10000,-10000
061056,臺指反國票02購01,0,0,0,0,0,0,0,0,0,-10000,0,0,0,40000,50000,-10000,-10000
057421,智原凱基98購04  ,0,0,0,0,0,0,0,0,0,-10000,0,0,0,0,10000,-10000,-10000
057323,智邦群益98購01  ,0,0,0,0,0,0,0,0,0,-10000,0,0,0,0,10000,-10000,-10000
057464,大立光永豐98購02,0,0,0,0,0,0,0,0,0,-10000,0,0,0,0,10000,-10000,-10000
057817,景碩元大98購01  ,0,0,0,0,0,0,0,0,0,-10000,0,0,0,0,10000,-10000,-10000
057053,立積元大98購02  ,0,0,0,0,0,0,0,0,0,-10000,0,0,0,10000,20000,-10000,-10000
058202,鴻海凱基9A購04  ,0,0,0,0,0,0,0,0,0,-10000,0,0,0,33000,43000,-10000,-10000
058016,智邦凱基98購06  ,0,0,0,0,0,0,0,0,0,-10000,0,0,0,0,10000,-10000,-10000
058007,南電群益98購02  ,0,0,0,0,0,0,0,0,0,-10000,0,0,0,0,10000,-10000,-10000
058343,台積電群益99購02,0,0,0,0,0,0,0,0,0,-10000,0,0,0,1000,11000,-10000,-10000
058376,貿聯凱基9A購01  ,0,0,0,0,0,0,0,0,0,-10000,0,0,0,10000,20000,-10000,-10000
058644,元黃金富邦03購01,0,0,0,0,0,0,0,0,0,-10000,0,0,0,0,10000,-10000,-10000
058958,台表科國票9A購03,0,0,0,0,0,0,0,0,0,-10000,0,0,0,0,10000,-10000,-10000
056895,技嘉元大98購01  ,0,0,0,0,0,0,0,0,0,-10000,0,0,0,1000,11000,-10000,-10000
056747,致新凱基99購01  ,0,0,0,0,0,0,0,0,0,-10000,0,0,0,0,10000,-10000,-10000
056727,滬深反凱基9B購01,0,0,0,0,0,0,0,0,0,-10000,0,0,0,0,10000,-10000,-10000
058654,鴻海中信03購01  ,0,0,0,0,0,0,0,0,0,-10000,0,0,0,27000,37000,-10000,-10000
058685,TPK凱基99購01   ,0,0,0,0,0,0,0,0,0,-10000,0,0,0,0,10000,-10000,-10000
058882,晶相光永豐99購01,0,0,0,0,0,0,0,0,0,-10000,0,0,0,0,10000,-10000,-10000
058919,SGBR2X元富99購05,0,0,0,0,0,0,0,0,0,-10000,0,0,0,0,10000,-10000,-10000
058781,康友國票9A購01  ,0,0,0,0,0,0,0,0,0,-10000,0,0,0,0,10000,-10000,-10000
063073,瑞昱永豐9B購01  ,0,0,0,0,0,0,0,0,0,-10000,0,0,0,6000,16000,-10000,-10000
063062,群創元富9B購01  ,0,0,0,0,0,0,0,0,0,-10000,0,0,0,0,10000,-10000,-10000
063189,臻鼎凱基9B購01  ,0,0,0,0,0,0,0,0,0,-10000,0,0,0,10000,20000,-10000,-10000
063137,瑞昱統一01購02  ,0,0,0,0,0,0,0,0,0,-10000,0,0,0,0,10000,-10000,-10000
063159,嘉澤國泰01購01  ,0,0,0,0,0,0,0,0,0,-10000,0,0,0,68000,78000,-10000,-10000
063310,和大群益9B購02  ,0,0,0,0,0,0,0,0,0,-10000,0,0,0,0,10000,-10000,-10000
063253,巨大元大9B購03  ,0,0,0,0,0,0,0,0,0,-10000,0,0,0,0,10000,-10000,-10000
063300,華通凱基9B購05  ,0,0,0,0,0,0,0,0,0,-10000,0,0,0,0,10000,-10000,-10000
062816,華新科兆豐9B購01,0,0,0,0,0,0,0,0,0,-10000,0,0,0,0,10000,-10000,-10000
063023,華擎元大9B購02  ,0,0,0,0,0,0,0,0,0,-10000,0,0,0,0,10000,-10000,-10000
062979,茂林元富9B購01  ,0,0,0,0,0,0,0,0,0,-10000,0,0,0,0,10000,-10000,-10000
062723,聯發科凱基9B購09,0,0,0,0,0,0,0,0,0,-10000,0,0,0,0,10000,-10000,-10000
062758,國巨凱基9B購09  ,0,0,0,0,0,0,0,0,0,-10000,0,0,0,0,10000,-10000,-10000
062633,亞光國票9B購01  ,0,0,0,0,0,0,0,0,0,-10000,0,0,0,10000,20000,-10000,-10000
060814,健策凱基9B購01  ,0,0,0,0,0,0,0,0,0,-10000,0,0,0,2000,12000,-10000,-10000
060996,臻鼎元大9A購01  ,0,0,0,0,0,0,0,0,0,-10000,0,0,0,0,10000,-10000,-10000
060965,中租凱基9B購01  ,0,0,0,0,0,0,0,0,0,-10000,0,0,0,0,10000,-10000,-10000
060945,緯穎國票9A購02  ,0,0,0,0,0,0,0,0,0,-10000,0,0,0,200000,210000,-10000,-10000
062479,TPK國票9B購01   ,0,0,0,0,0,0,0,0,0,-10000,0,0,0,0,10000,-10000,-10000
061017,國泰金麥證9A購01,0,0,0,0,10000,-10000,0,0,0,-10000,0,0,0,0,10000,-10000,-10000
061038,TPK永豐9A購01   ,0,0,0,0,0,0,0,0,0,-10000,0,0,0,25000,35000,-10000,-10000
062598,華通台新9B購02  ,0,0,0,0,0,0,0,0,0,-10000,0,0,0,0,10000,-10000,-10000
062495,友達中信01購02  ,0,0,0,0,0,0,0,0,0,-10000,0,0,0,0,10000,-10000,-10000
062535,台積電麥證02購01,0,0,0,10000,20000,-10000,0,0,0,-10000,0,0,0,10000,20000,-10000,-10000
060625,華擎元大9A購01  ,0,0,0,0,0,0,0,0,0,-10000,0,0,0,0,10000,-10000,-10000
060618,玉晶光元大9A購02,0,0,0,0,0,0,0,0,0,-10000,0,0,0,0,10000,-10000,-10000
060656,國巨統一9C購03  ,0,0,0,0,0,0,0,0,0,-10000,0,0,0,0,10000,-10000,-10000
060643,牧德永豐9A購03  ,0,0,0,0,0,0,0,0,0,-10000,0,0,0,0,10000,-10000,-10000
060684,同欣電元大9A購01,0,0,0,0,0,0,0,0,0,-10000,0,0,0,0,10000,-10000,-10000
060741,滬深2X國票9A購05,0,0,0,0,0,0,0,0,0,-10000,0,0,0,0,10000,-10000,-10000
060202,康友元富9A購01  ,0,0,0,0,0,0,0,0,0,-10000,0,0,0,0,10000,-10000,-10000
060213,牧德康和9A購01  ,0,0,0,0,0,0,0,0,0,-10000,0,0,0,20000,30000,-10000,-10000
060191,亞光元富9A購02  ,0,0,0,0,0,0,0,0,0,-10000,0,0,0,0,10000,-10000,-10000
060134,鈺齊群益9A購01  ,0,0,0,0,0,0,0,0,0,-10000,0,0,0,0,10000,-10000,-10000
060116,世紀鋼元大99購07,0,0,0,0,0,0,0,0,0,-10000,0,0,0,0,10000,-10000,-10000
060048,元金2X凱基99購03,0,0,0,0,0,0,0,0,0,-10000,0,0,0,10000,20000,-10000,-10000
059129,麗豐中信99購01  ,0,0,0,0,0,0,0,0,0,-10000,0,0,0,10000,20000,-10000,-10000
059007,南電元大99購05  ,0,0,0,0,0,0,0,0,0,-10000,0,0,0,0,10000,-10000,-10000
058988,大立光凱基9A購02,0,0,0,0,0,0,0,0,0,-10000,0,0,0,0,10000,-10000,-10000
058972,新日興永豐9A購01,0,0,0,0,0,0,0,0,0,-10000,0,0,0,0,10000,-10000,-10000
061712,旺宏凱基9A購08  ,0,0,0,0,0,0,0,0,0,-10000,0,0,0,0,10000,-10000,-10000
061897,泰碩永豐9B購01  ,0,0,0,0,0,0,0,0,0,-10000,0,0,0,50000,60000,-10000,-10000
062352,南六群益9B購02  ,0,0,0,0,0,0,0,0,0,-10000,0,0,0,0,10000,-10000,-10000
059643,日月光凱基99購02,0,0,0,0,0,0,0,0,0,-10000,0,0,0,5000,15000,-10000,-10000
059631,京元電凱基99購02,0,0,0,0,0,0,0,0,0,-10000,0,0,0,0,10000,-10000,-10000
059628,智邦凱基99購04  ,0,0,0,0,0,0,0,0,0,-10000,0,0,0,0,10000,-10000,-10000
059624,鴻海凱基01購01  ,0,0,0,0,0,0,0,0,0,-10000,0,0,0,0,10000,-10000,-10000
059708,立積凱基9A購02  ,0,0,0,0,0,0,0,0,0,-10000,0,0,0,0,10000,-10000,-10000
059828,健策凱基99購05  ,0,0,0,0,0,0,0,0,0,-10000,0,0,0,0,10000,-10000,-10000
059821,美律凱基99購08  ,0,0,0,0,0,0,0,0,0,-10000,0,0,0,0,10000,-10000,-10000
059913,台積電元大99購44,0,0,0,0,0,0,0,0,0,-10000,0,0,0,0,10000,-10000,-10000
059956,玉山金康和99購01,0,0,0,0,0,0,0,0,0,-10000,0,0,0,0,10000,-10000,-10000
059942,全新永豐99購04  ,0,0,0,0,0,0,0,0,0,-10000,0,0,0,0,10000,-10000,-10000
059870,全新凱基99購05  ,0,0,0,0,0,0,0,0,0,-10000,0,0,0,10000,20000,-10000,-10000
059866,國巨凱基99購18  ,0,0,0,0,0,0,0,0,0,-10000,0,0,0,0,10000,-10000,-10000
061597,南六永豐9A購04  ,0,0,0,0,0,0,0,0,0,-10000,0,0,0,10000,20000,-10000,-10000
061609,華新科統一9C購01,0,0,0,0,0,0,0,0,0,-10000,0,0,0,0,10000,-10000,-10000
059450,和大永豐99購01  ,0,0,0,0,0,0,0,0,0,-10000,0,0,0,0,10000,-10000,-10000
059325,超眾元大99購05  ,0,0,0,0,0,0,0,0,0,-10000,0,0,0,0,10000,-10000,-10000
061191,可成永豐9A購02  ,0,0,0,0,0,0,0,0,0,-10000,0,0,0,0,10000,-10000,-10000
06136P,華新科國泰99售02,0,0,0,0,0,0,0,0,0,-10000,0,0,0,50000,60000,-10000,-10000
061407,鴻海國票9A購07  ,0,0,0,0,0,0,0,0,0,-10000,0,0,0,0,10000,-10000,-10000
061475,漢唐元大9A購01  ,0,0,0,0,0,0,0,0,0,-10000,0,0,0,0,10000,-10000,-10000
061461,元金2X群益9A購01,0,0,0,0,0,0,0,0,0,-10000,0,0,0,0,10000,-10000,-10000
061423,廣達元大9A購01  ,0,0,0,0,0,0,0,0,0,-10000,0,0,0,10000,20000,-10000,-10000
061510,嘉澤富邦9C購01  ,0,0,0,0,0,0,0,0,0,-10000,0,0,0,3000,13000,-10000,-10000
061522,元黃金凱基01購01,0,0,0,0,0,0,0,0,0,-10000,0,0,0,0,10000,-10000,-10000
062041,華擎凱基9C購01  ,0,0,0,0,0,0,0,0,0,-10000,0,0,0,0,10000,-10000,-10000
06211P,鴻海元大98售04  ,0,0,0,0,0,0,0,0,0,-10000,0,0,0,0,10000,-10000,-10000
062176,元金2X元大9B購01,0,0,0,0,0,0,0,0,0,-10000,0,0,0,0,10000,-10000,-10000
060443,滬深2X元大9A購03,0,0,0,0,0,0,0,0,0,-10000,0,0,0,0,10000,-10000,-10000
062205,奇力新國票9C購01,0,0,0,0,0,0,0,0,0,-10000,0,0,0,0,10000,-10000,-10000
062238,臻鼎凱基9C購01  ,0,0,0,0,0,0,0,0,0,-10000,0,0,0,128000,138000,-10000,-10000
063454,瑞儀統一9B購01  ,0,0,0,0,0,0,0,0,0,-10000,0,0,0,108000,118000,-10000,-10000
063401,中租群益9B購03  ,0,0,0,0,0,0,0,0,0,-10000,0,0,0,19000,29000,-10000,-10000
063418,京元電凱基9B購03,0,0,0,0,0,0,0,0,0,-10000,0,0,0,0,10000,-10000,-10000
063535,聯發科統一9B購13,0,0,0,0,0,0,0,0,0,-10000,0,0,0,3000,13000,-10000,-10000
063758,聯發科統一9B購14,0,0,0,0,0,0,0,0,0,-10000,0,0,0,0,10000,-10000,-10000
063754,道瓊指統一9B購01,0,0,0,0,0,0,0,0,0,-10000,0,0,0,0,10000,-10000,-10000
063704,麗豐群益9B購01  ,0,0,0,0,0,0,0,0,0,-10000,0,0,0,0,10000,-10000,-10000
063719,T50反1元大9B購11,0,0,0,0,0,0,0,0,0,-10000,0,0,0,10000,20000,-10000,-10000
064518,華新科群益02購01,0,0,0,0,0,0,0,0,0,-10000,0,0,0,0,10000,-10000,-10000
064545,智邦凱基9C購02  ,0,0,0,0,0,0,0,0,0,-10000,0,0,0,0,10000,-10000,-10000
064562,友達群益9C購03  ,0,0,0,0,0,0,0,0,0,-10000,0,0,0,0,10000,-10000,-10000
064332,聯發科元大01購01,0,0,0,0,0,0,0,0,0,-10000,0,0,0,4000,14000,-10000,-10000
064305,健鼎兆豐9C購02  ,0,0,0,0,0,0,0,0,0,-10000,0,0,0,0,10000,-10000,-10000
064287,日月光元大9C購01,0,0,0,0,0,0,0,0,0,-10000,0,0,0,4000,14000,-10000,-10000
064234,正崴統一01購01  ,0,0,0,0,0,0,0,0,0,-10000,0,0,0,0,10000,-10000,-10000
065087,可成元大9C購08  ,0,0,0,0,0,0,0,0,0,-10000,0,0,0,1000,11000,-10000,-10000
065071,電子類群益9C購01,0,0,0,0,0,0,0,0,0,-10000,0,0,0,0,10000,-10000,-10000
065115,臺股指國票9C購12,0,0,0,0,0,0,0,0,0,-10000,0,0,0,0,10000,-10000,-10000
065168,台積電元大02購02,0,0,0,0,0,0,0,0,0,-10000,0,0,0,6000,16000,-10000,-10000
065006,景碩國票01購01  ,0,0,0,0,0,0,0,0,0,-10000,0,0,0,0,10000,-10000,-10000
065037,緯穎統一02購02  ,0,0,0,0,0,0,0,0,0,-10000,0,0,0,10000,20000,-10000,-10000
065231,宏達電凱基01購01,0,0,0,0,0,0,0,0,0,-10000,0,0,0,1000,11000,-10000,-10000
065319,鴻海凱基9C購03  ,0,0,0,0,0,0,0,0,0,-10000,0,0,0,0,10000,-10000,-10000
065309,亞光國票01購01  ,0,0,0,0,0,0,0,0,0,-10000,0,0,0,0,10000,-10000,-10000
065288,華新科群益02購02,0,0,0,0,0,0,0,0,0,-10000,0,0,0,0,10000,-10000,-10000
064716,國巨統一9C購14  ,0,0,0,0,0,0,0,0,0,-10000,0,0,0,250000,260000,-10000,-10000
064787,和潤群益9C購01  ,0,0,0,0,0,0,0,0,0,-10000,0,0,0,0,10000,-10000,-10000
06482P,台積電凱基98售13,0,0,0,0,0,0,0,0,0,-10000,0,0,0,0,10000,-10000,-10000
064981,致伸元大9C購01  ,0,0,0,0,0,0,0,0,0,-10000,0,0,0,0,10000,-10000,-10000
064991,友達兆豐9C購01  ,0,0,0,0,0,0,0,0,0,-10000,0,0,0,0,10000,-10000,-10000
065889,鴻海統一03購02  ,0,0,0,0,0,0,0,0,0,-10000,0,0,0,2000,12000,-10000,-10000
065875,創意群益9C購05  ,0,0,0,0,0,0,0,0,0,-10000,0,0,0,0,10000,-10000,-10000
065737,南茂凱基9C購02  ,0,0,0,0,0,0,0,0,0,-10000,0,0,0,0,10000,-10000,-10000
065792,TPK永豐9C購02   ,0,0,0,0,0,0,0,0,0,-10000,0,0,0,5000,15000,-10000,-10000
065565,神隆群益01購01  ,0,0,0,0,0,0,0,0,0,-10000,0,0,0,0,10000,-10000,-10000
065661,智原永豐9C購01  ,0,0,0,0,0,0,0,0,0,-10000,0,0,0,0,10000,-10000,-10000
065435,臻鼎凱基02購01  ,0,0,0,0,0,0,0,0,0,-10000,0,0,0,130000,140000,-10000,-10000
065419,立積國票01購03  ,0,0,0,0,0,0,0,0,0,-10000,0,0,0,0,10000,-10000,-10000
065421,康友國票01購01  ,0,0,0,0,0,0,0,0,0,-10000,0,0,0,6000,16000,-10000,-10000
065458,立積元富03購02  ,0,0,0,0,0,0,0,0,0,-10000,0,0,0,0,10000,-10000,-10000
065480,旭富元大9C購06  ,0,0,0,0,0,0,0,0,0,-10000,0,0,0,68000,78000,-10000,-10000
065382,緯穎元大9C購04  ,0,0,0,0,0,0,0,0,0,-10000,0,0,0,1000,11000,-10000,-10000
065369,瑞昱元大9C購01  ,0,0,0,0,0,0,0,0,0,-10000,0,0,0,0,10000,-10000,-10000
5225,東科-KY         ,19000,29000,-10000,0,0,0,0,0,0,0,0,0,0,0,0,0,-10000
1463,強盛            ,27000,37000,-10000,0,0,0,0,0,0,0,0,0,0,0,0,0,-10000
1521,大億            ,3000,13000,-10000,0,0,0,0,0,0,0,0,0,0,0,0,0,-10000
08841P,A50正2中信03售02,0,0,0,0,0,0,0,0,0,-10000,0,0,0,0,10000,-10000,-10000
08837P,牧德國票03售01  ,0,0,0,0,0,0,0,0,0,-10000,0,0,0,0,10000,-10000,-10000
066810,瀚宇博凱基02購01,0,0,0,0,0,0,0,0,0,-11000,0,0,0,135000,146000,-11000,-11000
066779,上証2X中信03購01,0,0,0,0,0,0,0,0,0,-11000,0,0,0,0,11000,-11000,-11000
066960,盛群元大01購01  ,0,0,0,0,0,0,0,0,0,-11000,0,0,0,1000,12000,-11000,-11000
066376,聯詠兆豐01購01  ,0,0,0,0,0,0,0,0,0,-11000,0,0,0,0,11000,-11000,-11000
07301P,臺股指元大9A售34,0,0,0,0,0,0,0,0,0,-11000,0,0,0,0,11000,-11000,-11000
06926P,可成群益9A售04  ,0,0,0,0,0,0,0,0,0,-11000,0,0,0,9000,20000,-11000,-11000
07876P,台灣50國泰01售01,0,0,0,0,0,0,0,0,0,-11000,0,0,0,0,11000,-11000,-11000
08345P,大立光元大9C售14,0,0,0,0,0,0,0,0,0,-11000,0,0,0,0,11000,-11000,-11000
057117,開發金日盛9B購01,0,0,0,0,0,0,0,0,0,-11000,0,0,0,0,11000,-11000,-11000
057243,樺漢凱基99購01  ,0,0,0,0,0,0,0,0,0,-11000,0,0,0,36000,47000,-11000,-11000
061069,嘉聯益凱基9A購01,0,0,0,0,0,0,0,0,0,-11000,0,0,0,0,11000,-11000,-11000
061092,可成統一9C購02  ,0,0,0,0,0,0,0,0,0,-11000,0,0,0,51000,62000,-11000,-11000
055924,深中小群益9B購01,0,0,0,0,0,0,0,0,0,-11000,0,0,0,0,11000,-11000,-11000
058593,大立光統一9B購02,0,0,0,0,0,0,0,0,0,-11000,0,0,0,1000,12000,-11000,-11000
03052X,元展49          ,0,0,0,0,0,0,0,0,0,-11000,0,0,0,0,11000,-11000,-11000
0057,富邦摩台        ,0,0,0,0,0,0,0,0,0,-11000,0,0,0,67000,78000,-11000,-11000
054679,台積電康和99購01,0,0,0,0,0,0,0,0,0,-11000,0,0,0,2000,13000,-11000,-11000
047694,SP黃豆國票9B購01,0,0,0,0,0,0,0,0,0,-11000,0,0,0,0,11000,-11000,-11000
047004,台積電統一99購01,0,0,0,0,0,0,0,0,0,-11000,0,0,0,4000,15000,-11000,-11000
050890,南電富邦99購01  ,0,0,0,0,0,0,0,0,0,-11000,0,0,0,0,11000,-11000,-11000
060469,台勝科元大9A購02,0,0,0,0,0,0,0,0,0,-11000,0,0,0,11000,22000,-11000,-11000
060421,華擎永豐9A購01  ,0,0,0,0,0,0,0,0,0,-11000,0,0,0,63000,74000,-11000,-11000
061546,大立光群益9A購05,0,0,0,0,0,0,0,0,0,-11000,0,0,0,25000,36000,-11000,-11000
059660,華新科元大9A購04,0,0,0,0,0,0,0,0,0,-11000,0,0,0,0,11000,-11000,-11000
062311,奇力新凱基9B購01,0,0,0,0,0,0,0,0,0,-11000,0,0,0,0,11000,-11000,-11000
062427,嘉澤統一01購01  ,0,0,0,0,0,0,0,0,0,-11000,0,0,0,0,11000,-11000,-11000
062478,牧德國票9B購03  ,0,0,0,0,0,0,0,0,0,-11000,0,0,0,38000,49000,-11000,-11000
060865,創意永豐9A購01  ,0,0,0,0,0,0,0,0,0,-11000,0,0,0,51000,62000,-11000,-11000
063261,康控富邦03購01  ,0,0,0,0,0,0,0,0,0,-11000,0,0,0,24000,35000,-11000,-11000
065551,聯發科凱基9C購11,0,0,0,0,0,0,0,0,0,-11000,0,0,0,16000,27000,-11000,-11000
065806,貿聯群益9C購05  ,0,0,0,0,0,0,0,0,0,-11000,0,0,0,61000,72000,-11000,-11000
064745,聯鈞國票01購01  ,0,0,0,0,0,0,0,0,0,-11000,0,0,0,45000,56000,-11000,-11000
065113,南電國票01購02  ,0,0,0,0,0,0,0,0,0,-11000,0,0,0,0,11000,-11000,-11000
064172,義隆元富9C購01  ,0,0,0,0,0,0,0,0,0,-11000,0,0,0,0,11000,-11000,-11000
064561,友達群益9C購02  ,0,0,0,0,0,0,0,0,0,-11000,0,0,0,0,11000,-11000,-11000
063501,旭富永豐9B購02  ,0,0,0,0,0,0,0,0,0,-11000,0,0,0,0,11000,-11000,-11000
3229,晟鈦            ,0,11000,-11000,0,0,0,0,0,0,0,0,0,0,0,0,0,-11000
3025,星通            ,13000,24000,-11000,0,0,0,0,0,0,0,0,0,0,0,0,0,-11000
2731,雄獅            ,8000,19000,-11000,0,0,0,0,0,0,0,0,0,0,0,0,0,-11000
08335P,香港2X中信03售01,0,0,0,0,0,0,0,0,0,-12000,0,0,0,1000,13000,-12000,-12000
08631P,臺股指麥證9C售06,0,0,0,0,12000,-12000,0,0,0,-12000,0,0,0,0,12000,-12000,-12000
08504P,臺股指國票9C售06,0,0,0,0,0,0,0,0,0,-12000,0,0,0,4000,16000,-12000,-12000
08545P,南電國泰01售02  ,0,0,0,0,0,0,0,0,0,-12000,0,0,0,5000,17000,-12000,-12000
07756P,台灣50國票04售01,0,0,0,0,0,0,0,0,0,-12000,0,0,0,0,12000,-12000,-12000
06936P,瑞儀元大98售01  ,0,0,0,0,0,0,0,0,0,-12000,0,0,0,48000,60000,-12000,-12000
066429,矽格元大01購01  ,0,0,0,0,0,0,0,0,0,-12000,0,0,0,98000,110000,-12000,-12000
066201,大毅統一02購01  ,0,0,0,0,0,0,0,0,0,-12000,0,0,0,24000,36000,-12000,-12000
067231,台積電群益01購12,0,0,0,0,0,0,0,0,0,-12000,0,0,0,0,12000,-12000,-12000
067207,微星元大01購04  ,0,0,0,0,0,0,0,0,0,-12000,0,0,0,0,12000,-12000,-12000
066757,南港永豐01購01  ,0,0,0,0,0,0,0,0,0,-12000,0,0,0,0,12000,-12000,-12000
066898,聯發科康和01購01,0,0,0,0,0,0,0,0,0,-12000,0,0,0,0,12000,-12000,-12000
06656P,GIS元大98售02   ,0,0,0,0,0,0,0,0,0,-12000,0,0,0,3000,15000,-12000,-12000
066578,臺股指元大01購07,0,0,0,0,0,0,0,0,0,-12000,0,0,0,0,12000,-12000,-12000
054742,京鼎凱基99購01  ,0,0,0,0,0,0,0,0,0,-12000,0,0,0,8000,20000,-12000,-12000
054589,聯鈞國泰99購01  ,0,0,0,0,0,0,0,0,0,-12000,0,0,0,25000,37000,-12000,-12000
056264,聯發科統一98購02,0,0,0,0,0,0,0,0,0,-12000,0,0,0,0,12000,-12000,-12000
056333,台積電日盛9B購01,0,0,0,0,0,0,0,0,0,-12000,0,0,0,131000,143000,-12000,-12000
055080,正崴中信99購01  ,0,0,0,0,0,0,0,0,0,-12000,0,0,0,10000,22000,-12000,-12000
062596,緯穎統一01購02  ,0,0,0,0,0,0,0,0,0,-12000,0,0,0,63000,75000,-12000,-12000
062824,國巨群益9C購03  ,0,0,0,0,0,0,0,0,0,-12000,0,0,0,52000,64000,-12000,-12000
060188,華新科元富9A購03,0,0,0,0,0,0,0,0,0,-12000,0,0,0,0,12000,-12000,-12000
062415,聯茂中信9C購01  ,0,0,0,0,0,0,0,0,0,-12000,0,0,0,65000,77000,-12000,-12000
061953,台積電台新9B購04,0,0,0,0,0,0,0,0,0,-12000,0,0,0,0,12000,-12000,-12000
061935,台積電國票9B購07,0,0,0,0,0,0,0,0,0,-12000,0,0,0,481000,493000,-12000,-12000
061518,達方永豐9A購02  ,0,0,0,0,0,0,0,0,0,-12000,0,0,0,44000,56000,-12000,-12000
063565,旺宏元大9B購08  ,0,0,0,0,0,0,0,0,0,-12000,0,0,0,21000,33000,-12000,-12000
063597,健策中信9B購02  ,0,0,0,0,0,0,0,0,0,-12000,0,0,0,0,12000,-12000,-12000
063622,健策兆豐9B購01  ,0,0,0,0,0,0,0,0,0,-12000,0,0,0,0,12000,-12000,-12000
064200,華通兆豐01購01  ,0,0,0,0,0,0,0,0,0,-12000,0,0,0,0,12000,-12000,-12000
065218,世芯國泰02購02  ,0,0,0,0,0,0,0,0,0,-12000,0,0,0,0,12000,-12000,-12000
064896,華新科群益01購02,0,0,0,0,0,0,0,0,0,-12000,0,0,0,0,12000,-12000,-12000
065814,健策統一9C購08  ,0,0,0,0,0,0,0,0,0,-12000,0,0,0,0,12000,-12000,-12000
065702,聯發科群益9C購14,0,0,0,0,0,0,0,0,0,-12000,0,0,0,0,12000,-12000,-12000
065416,華通國票01購02  ,0,0,0,0,0,0,0,0,0,-12000,0,0,0,68000,80000,-12000,-12000
08836P,滬深2X國票02售04,0,0,0,0,0,0,0,0,0,-12000,0,0,0,0,12000,-12000,-12000
1452,宏益            ,6000,18000,-12000,0,0,0,0,0,0,0,0,0,0,0,0,0,-12000
2012,春雨            ,17000,27000,-10000,0,0,0,0,0,0,-2000,0,2000,-2000,0,0,0,-12000
3518,柏騰            ,56000,68000,-12000,0,0,0,0,0,0,0,0,0,0,0,0,0,-12000
066895,台勝科兆豐01購01,0,0,0,0,0,0,0,0,0,-13000,0,0,0,0,13000,-13000,-13000
067145,南港統一03購02  ,0,0,0,0,0,0,0,0,0,-13000,0,0,0,0,13000,-13000,-13000
067161,嘉澤國票02購01  ,0,0,0,0,0,0,0,0,0,-13000,0,0,0,0,13000,-13000,-13000
066252,南港元大01購02  ,0,0,0,0,0,0,0,0,0,-13000,0,0,0,56000,69000,-13000,-13000
066435,臺指反群益03購01,0,0,0,0,0,0,0,0,0,-13000,0,0,0,0,13000,-13000,-13000
066391,國巨凱基01購04  ,0,0,0,0,0,0,0,0,0,-13000,0,0,0,0,13000,-13000,-13000
066354,緯穎永豐01購01  ,0,0,0,0,0,0,0,0,0,-13000,0,0,0,0,13000,-13000,-13000
066342,上緯控永豐01購01,0,0,0,0,0,0,0,0,0,-13000,0,0,0,270000,283000,-13000,-13000
08043P,電子類群益9B售01,0,0,0,0,0,0,0,0,0,-13000,0,0,0,0,13000,-13000,-13000
08586P,台積電第一9C售02,0,0,0,0,0,0,0,0,0,-13000,0,0,0,0,13000,-13000,-13000
08664P,金像電凱基01售02,0,0,0,0,0,0,0,0,0,-13000,0,0,0,0,13000,-13000,-13000
054890,聯鈞統一99購01  ,0,0,0,0,0,0,0,0,0,-13000,0,0,0,5000,18000,-13000,-13000
057549,台光電凱基98購05,0,0,0,0,0,0,0,0,0,-13000,0,0,0,7000,20000,-13000,-13000
058443,T50正2富邦01購01,0,0,0,0,0,0,0,0,0,-13000,0,0,0,1000,14000,-13000,-13000
052328,台表科中信99購01,0,0,0,0,0,0,0,0,0,-13000,0,0,0,10000,23000,-13000,-13000
051907,台積電元大97購05,0,0,0,0,0,0,0,0,0,-13000,0,0,0,1000,14000,-13000,-13000
00700,富邦恒生國企    ,0,0,0,0,0,0,0,0,0,-13000,0,0,0,90000,103000,-13000,-13000
061335,國巨元大9A購19  ,0,0,0,0,0,0,0,0,0,-13000,0,0,0,25000,38000,-13000,-13000
058841,深中小群益01購01,0,0,0,0,0,0,0,0,0,-13000,0,0,0,5000,18000,-13000,-13000
058748,景碩凱基9A購01  ,0,0,0,0,0,0,0,0,0,-13000,0,0,0,1000,14000,-13000,-13000
059148,百和國票9A購01  ,0,0,0,0,0,0,0,0,0,-13000,0,0,0,25000,38000,-13000,-13000
061707,超眾國票9B購01  ,0,0,0,0,0,0,0,0,0,-13000,0,0,0,6000,19000,-13000,-13000
059611,台積電永豐99購05,0,0,0,0,0,0,0,0,0,-13000,0,0,0,1000,14000,-13000,-13000
060208,卜蜂康和9A購01  ,0,0,0,0,0,0,0,0,0,-13000,0,0,0,0,13000,-13000,-13000
062594,祥碩統一01購02  ,0,0,0,0,0,0,0,0,0,-13000,0,0,0,12000,25000,-13000,-13000
062641,瀚宇博國票9B購01,0,0,0,0,0,0,0,0,0,-13000,0,0,0,4000,17000,-13000,-13000
062692,T50反1元大9B購05,0,0,0,0,0,0,0,0,0,-13000,0,0,0,27000,40000,-13000,-13000
065342,華邦電統一02購01,0,0,0,0,0,0,0,0,0,-13000,0,0,0,0,13000,-13000,-13000
065008,TPK國票01購02   ,0,0,0,0,0,0,0,0,0,-13000,0,0,0,37000,50000,-13000,-13000
064115,高股息元大9C購01,0,0,0,0,0,0,0,0,0,-13000,0,0,0,0,13000,-13000,-13000
064293,勤誠元大9C購01  ,0,0,0,0,0,0,0,0,0,-13000,0,0,0,137000,150000,-13000,-13000
064300,英業達兆豐9C購01,0,0,0,0,0,0,0,0,0,-13000,0,0,0,117000,130000,-13000,-13000
064356,矽創元大01購01  ,0,0,0,0,0,0,0,0,0,-13000,0,0,0,133000,146000,-13000,-13000
063954,世芯元大01購02  ,0,0,0,0,0,0,0,0,0,-13000,0,0,0,1000,14000,-13000,-13000
3432,台端            ,3000,12000,-9000,0,0,0,0,0,0,-4000,0,4000,-4000,0,0,0,-13000
9911,櫻花            ,45000,68000,-23000,0,0,0,0,0,0,10000,10000,0,10000,0,0,0,-13000
08562P,南電國票01售03  ,0,0,0,0,0,0,0,0,0,-14000,0,0,0,126000,140000,-14000,-14000
08730P,緯穎永豐01售02  ,0,0,0,0,0,0,0,0,0,-14000,0,0,0,21000,35000,-14000,-14000
08813P,聯發科群益01售02,0,0,0,0,0,0,0,0,0,-14000,0,0,0,0,14000,-14000,-14000
08443P,臺股指麥證01售02,0,0,0,83000,97000,-14000,0,0,0,-14000,0,0,0,83000,97000,-14000,-14000
08424P,群創元富9C售03  ,0,0,0,0,0,0,0,0,0,-14000,0,0,0,19000,33000,-14000,-14000
07861P,台灣50中信03售08,0,0,0,0,0,0,0,0,0,-14000,0,0,0,17000,31000,-14000,-14000
066045,聯發科元大01購08,0,0,0,0,0,0,0,0,0,-14000,0,0,0,36000,50000,-14000,-14000
067044,華碩凱基02購01  ,0,0,0,0,0,0,0,0,0,-14000,0,0,0,56000,70000,-14000,-14000
066597,緯穎群益02購01  ,0,0,0,0,0,0,0,0,0,-14000,0,0,0,0,14000,-14000,-14000
058864,欣興凱基99購04  ,0,0,0,0,0,0,0,0,0,-14000,0,0,0,52000,66000,-14000,-14000
058959,南茂國票9A購01  ,0,0,0,0,0,0,0,0,0,-14000,0,0,0,0,14000,-14000,-14000
058946,SGBR2X群益9B購01,0,0,0,0,0,0,0,0,0,-14000,0,0,0,23000,37000,-14000,-14000
057727,華邦電國泰9A購01,0,0,0,0,0,0,0,0,0,-14000,0,0,0,102000,116000,-14000,-14000
061042,致新永豐9A購02  ,0,0,0,0,0,0,0,0,0,-14000,0,0,0,40000,54000,-14000,-14000
05750P,臺股指群益99售04,0,0,0,0,0,0,0,0,0,-14000,0,0,0,26000,40000,-14000,-14000
00654R,富邦印度反1     ,0,8000,-8000,0,0,0,0,0,0,-6000,0,0,0,17000,23000,-6000,-14000
054272,華通中信98購01  ,0,0,0,0,0,0,0,0,0,-14000,0,0,0,1000,15000,-14000,-14000
055092,開發金群益9B購01,0,0,0,0,0,0,0,0,0,-14000,0,0,0,0,14000,-14000,-14000
055104,台達電凱基98購01,0,0,0,0,0,0,0,0,0,-14000,0,0,0,74000,88000,-14000,-14000
062974,奇力新元富9B購01,0,0,0,0,0,0,0,0,0,-14000,0,0,0,9000,23000,-14000,-14000
063222,群創群益9B購03  ,0,0,0,0,0,0,0,0,0,-14000,0,0,0,6000,20000,-14000,-14000
062553,台積電凱基9B購07,0,0,0,0,0,0,0,0,0,-14000,0,0,0,5000,19000,-14000,-14000
060943,宏達電國票9B購02,0,0,0,0,0,0,0,0,0,-14000,0,0,0,5000,19000,-14000,-14000
060187,華新科元富9A購02,0,0,0,0,0,0,0,0,0,-14000,0,0,0,0,14000,-14000,-14000
059662,旭富元大9C購01  ,0,0,0,0,0,0,0,0,0,-14000,0,0,0,0,14000,-14000,-14000
061802,勤誠永豐9B購01  ,0,0,0,0,0,0,0,0,0,-14000,0,0,0,0,14000,-14000,-14000
061823,勤誠群益9B購01  ,0,0,0,0,0,0,0,0,0,-14000,0,0,0,26000,40000,-14000,-14000
061923,友達凱基9B購04  ,0,0,0,0,0,0,0,0,0,-14000,0,0,0,0,14000,-14000,-14000
061503,臻鼎國票9B購01  ,0,0,0,0,0,0,0,0,0,-14000,0,0,0,3000,17000,-14000,-14000
059510,華新科永豐99購07,0,0,0,0,0,0,0,0,0,-14000,0,0,0,0,14000,-14000,-14000
060412,儒鴻永豐9A購01  ,0,0,0,0,0,0,0,0,0,-14000,0,0,0,54000,68000,-14000,-14000
064042,國巨統一9C購12  ,0,0,0,0,0,0,0,0,0,-14000,0,0,0,25000,39000,-14000,-14000
063448,聯發科統一9C購11,0,0,0,0,0,0,0,0,0,-14000,0,0,0,14000,28000,-14000,-14000
063399,智原群益9B購01  ,0,0,0,0,0,0,0,0,0,-14000,0,0,0,6000,20000,-14000,-14000
064650,台表科凱基03購01,0,0,0,0,0,0,0,0,0,-14000,0,0,0,319000,333000,-14000,-14000
064686,鴻海群益01購03  ,0,0,0,0,0,0,0,0,0,-14000,0,0,0,34000,48000,-14000,-14000
064461,致伸統一01購01  ,0,0,0,0,0,0,0,0,0,-14000,0,0,0,206000,220000,-14000,-14000
064393,友訊永豐9C購01  ,0,0,0,0,0,0,0,0,0,-14000,0,0,0,16000,30000,-14000,-14000
064435,聯發科凱基02購03,0,0,0,0,0,0,0,0,0,-14000,0,0,0,0,14000,-14000,-14000
065048,世芯凱基01購01  ,0,0,0,0,0,0,0,0,0,-14000,0,0,0,134000,148000,-14000,-14000
064867,華新科永豐9C購03,0,0,0,0,0,0,0,0,0,-14000,0,0,0,0,14000,-14000,-14000
064960,世紀鋼凱基03購01,0,0,0,0,0,0,0,0,0,-14000,0,0,0,20000,34000,-14000,-14000
064803,智邦元大9C購05  ,0,0,0,0,0,0,0,0,0,-14000,0,0,0,6000,20000,-14000,-14000
065500,健鼎富邦01購01  ,0,0,0,0,0,0,0,0,0,-14000,0,0,0,20000,34000,-14000,-14000
3416,融程電          ,23000,39000,-16000,0,0,0,0,0,0,2000,2000,0,2000,0,0,0,-14000
4766,南寶            ,16000,30000,-14000,0,0,0,0,0,0,0,0,0,0,0,0,0,-14000
2431,聯昌            ,31000,46000,-15000,0,0,0,0,0,0,1000,1000,0,1000,0,0,0,-14000
066667,群創凱基03購03  ,0,0,0,0,0,0,0,0,0,-15000,0,0,0,0,15000,-15000,-15000
066655,上証2X凱基03購03,0,0,0,0,0,0,0,0,0,-15000,0,0,0,4000,19000,-15000,-15000
066681,聯發科兆豐01購04,0,0,0,0,0,0,0,0,0,-15000,0,0,0,0,15000,-15000,-15000
067208,瑞昱元大01購03  ,0,0,0,0,0,0,0,0,0,-15000,0,0,0,12000,27000,-15000,-15000
06809P,電子類群益98售03,0,0,0,0,0,0,0,0,0,-15000,0,0,0,0,15000,-15000,-15000
06797P,臺股指凱基98售07,0,0,0,0,0,0,0,0,0,-15000,0,0,0,0,15000,-15000,-15000
065958,T50反1元大01購01,0,0,0,0,0,0,0,0,0,-15000,0,0,0,0,15000,-15000,-15000
07878P,智邦群益9C售01  ,0,0,0,0,0,0,0,0,0,-15000,0,0,0,0,15000,-15000,-15000
08120P,南亞科國票9C售01,0,0,0,0,0,0,0,0,0,-15000,0,0,0,0,15000,-15000,-15000
06912P,台光電元大99售02,0,0,0,0,0,0,0,0,0,-15000,0,0,0,0,15000,-15000,-15000
06991P,矽創群益99售01  ,0,0,0,0,0,0,0,0,0,-15000,0,0,0,25000,40000,-15000,-15000
07081P,南電群益9A售01  ,0,0,0,0,0,0,0,0,0,-15000,0,0,0,0,15000,-15000,-15000
07292P,臺股指凱基99售44,0,0,0,0,0,0,0,0,0,-15000,0,0,0,0,15000,-15000,-15000
07200P,臺股指元大99售16,0,0,0,0,0,0,0,0,0,-15000,0,0,0,0,15000,-15000,-15000
07479P,A50正2元富9A售03,0,0,0,0,0,0,0,0,0,-15000,0,0,0,0,15000,-15000,-15000
08436P,TPK群益9C售04   ,0,0,0,0,0,0,0,0,0,-15000,0,0,0,15000,30000,-15000,-15000
08378P,世紀鋼元富9C售02,0,0,0,0,0,0,0,0,0,-15000,0,0,0,0,15000,-15000,-15000
08173P,金像電凱基9B售02,0,0,0,0,0,0,0,0,0,-15000,0,0,0,0,15000,-15000,-15000
08167P,台積電兆豐9B售04,0,0,0,0,0,0,0,0,0,-15000,0,0,0,0,15000,-15000,-15000
08818P,台灣50凱基01售18,0,0,0,0,0,0,0,0,0,-15000,0,0,0,0,15000,-15000,-15000
08750P,台灣50群益01售04,0,0,0,0,0,0,0,0,0,-15000,0,0,0,0,15000,-15000,-15000
08719P,華通元大01售04  ,0,0,0,0,0,0,0,0,0,-15000,0,0,0,10000,25000,-15000,-15000
058504,台積電元大99購07,0,0,0,0,0,0,0,0,0,-15000,0,0,0,55000,70000,-15000,-15000
058448,滬深2X永豐9A購01,0,0,0,0,0,0,0,0,0,-15000,0,0,0,0,15000,-15000,-15000
058598,T50反1元大99購04,0,0,0,0,0,0,0,0,0,-15000,0,0,0,35000,50000,-15000,-15000
057600,大立光群益99購03,0,0,0,0,0,0,0,0,0,-15000,0,0,0,0,15000,-15000,-15000
053364,友達國泰98購01  ,0,0,0,0,0,0,0,0,0,-15000,0,0,0,0,15000,-15000,-15000
052299,T50反1台新05購03,0,0,0,0,0,0,0,0,0,-15000,0,0,0,0,15000,-15000,-15000
056535,全新凱基99購02  ,0,0,0,0,0,0,0,0,0,-15000,0,0,0,0,15000,-15000,-15000
057325,可成群益9A購01  ,0,0,0,0,0,0,0,0,0,-15000,0,0,0,2000,17000,-15000,-15000
057135,立積凱基98購01  ,0,0,0,0,0,0,0,0,0,-15000,0,0,0,0,15000,-15000,-15000
056969,智易永豐98購01  ,0,0,0,0,0,0,0,0,0,-15000,0,0,0,0,15000,-15000,-15000
056970,TPK永豐98購01   ,0,0,0,0,0,0,0,0,0,-15000,0,0,0,0,15000,-15000,-15000
061065,神基凱基9A購01  ,0,0,0,0,0,0,0,0,0,-15000,0,0,0,0,15000,-15000,-15000
059187,國巨富邦9B購02  ,0,0,0,0,0,0,0,0,0,-15000,0,0,0,0,15000,-15000,-15000
058934,台灣50中信03購03,0,0,0,0,0,0,0,0,0,-15000,0,0,0,0,15000,-15000,-15000
056777,矽力元大98購02  ,0,0,0,0,0,0,0,0,0,-15000,0,0,0,0,15000,-15000,-15000
059504,台灣50永豐99購08,0,0,0,0,0,0,0,0,0,-15000,0,0,0,0,15000,-15000,-15000
061194,聯鈞永豐9A購02  ,0,0,0,0,0,0,0,0,0,-15000,0,0,0,0,15000,-15000,-15000
061368,南六國票9A購01  ,0,0,0,0,0,0,0,0,0,-15000,0,0,0,33000,48000,-15000,-15000
059142,道瓊指國票9B購02,0,0,0,0,0,0,0,0,0,-15000,0,0,0,10000,25000,-15000,-15000
061776,晶技國票9B購01  ,0,0,0,0,0,0,0,0,0,-15000,0,0,0,73000,88000,-15000,-15000
059581,日月光元富99購02,0,0,0,0,0,0,0,0,0,-15000,0,0,0,79000,94000,-15000,-15000
062282,禾伸堂群益9B購01,0,0,0,0,0,0,0,0,0,-15000,0,0,0,98000,113000,-15000,-15000
060225,S&P反1元大9A購02,0,0,0,0,0,0,0,0,0,-15000,0,0,0,0,15000,-15000,-15000
063299,金寶凱基9B購01  ,0,0,0,0,0,0,0,0,0,-15000,0,0,0,200000,215000,-15000,-15000
063098,台灣50群益01購02,0,0,0,0,0,0,0,0,0,-15000,0,0,0,0,15000,-15000,-15000
062854,日電貿永豐9B購01,0,0,0,0,0,0,0,0,0,-15000,0,0,0,0,15000,-15000,-15000
065597,旺宏元大01購03  ,0,0,0,0,0,0,0,0,0,-15000,0,0,0,166000,181000,-15000,-15000
065807,智伸科群益01購01,0,0,0,0,0,0,0,0,0,-15000,0,0,0,0,15000,-15000,-15000
065764,康友元大9C購02  ,0,0,0,0,0,0,0,0,0,-15000,0,0,0,32000,47000,-15000,-15000
065910,立積永豐9C購02  ,0,0,0,0,0,0,0,0,0,-15000,0,0,0,0,15000,-15000,-15000
064956,麗豐凱基9C購01  ,0,0,0,0,0,0,0,0,0,-15000,0,0,0,0,15000,-15000,-15000
065070,臺股指群益9C購18,0,0,0,0,0,0,0,0,0,-15000,0,0,0,0,15000,-15000,-15000
065214,友達國泰01購01  ,0,0,0,0,0,0,0,0,0,-15000,0,0,0,72000,87000,-15000,-15000
064507,臻鼎元大9C購02  ,0,0,0,0,0,0,0,0,0,-15000,0,0,0,135000,150000,-15000,-15000
064520,京鼎群益02購01  ,0,0,0,0,0,0,0,0,0,-15000,0,0,0,5000,20000,-15000,-15000
064496,聯發科元大9C購10,0,0,0,0,0,0,0,0,0,-15000,0,0,0,5000,20000,-15000,-15000
064076,台積電中信06購02,0,0,0,0,0,0,0,0,0,-15000,0,0,0,5000,20000,-15000,-15000
064196,健策群益01購01  ,0,0,0,0,0,0,0,0,0,-15000,0,0,0,109000,124000,-15000,-15000
063646,帆宣元大9B購02  ,0,0,0,0,0,0,0,0,0,-15000,0,0,0,5000,20000,-15000,-15000
063750,和鑫國票9B購01  ,0,0,0,0,0,0,0,0,0,-15000,0,0,0,0,15000,-15000,-15000
2365,昆盈            ,68000,83000,-15000,0,0,0,0,0,0,0,0,0,0,0,0,0,-15000
2497,怡利電          ,10000,25000,-15000,0,0,0,0,0,0,0,0,0,0,0,0,0,-15000
2527,宏璟            ,20000,35000,-15000,0,0,0,0,0,0,0,0,0,0,0,0,0,-15000
3013,晟銘電          ,93000,114000,-21000,0,0,0,0,0,0,6000,6000,0,6000,0,0,0,-15000
3645,達邁            ,103000,118000,-15000,0,0,0,0,0,0,0,0,0,0,0,0,0,-15000
6698,旭暉應材        ,9000,23000,-14000,0,0,0,0,0,0,-1000,0,1000,-1000,0,0,0,-15000
6715,嘉基            ,64000,61000,3000,0,0,0,0,0,0,-18000,0,0,0,1000,19000,-18000,-15000
6205,詮欣            ,20000,36000,-16000,0,0,0,0,0,0,1000,1000,0,1000,0,0,0,-15000
8463,潤泰材          ,128000,143000,-15000,0,0,0,0,0,0,0,0,0,0,0,0,0,-15000
08154P,上銀元富9B售04  ,0,0,0,0,0,0,0,0,0,-16000,0,0,0,4000,20000,-16000,-16000
07076P,鴻海凱基9A售08  ,0,0,0,0,0,0,0,0,0,-16000,0,0,0,9000,25000,-16000,-16000
06981P,台灣50麥證99售02,0,0,0,0,16000,-16000,0,0,0,-16000,0,0,0,0,16000,-16000,-16000
06888P,日月光元大98售02,0,0,0,0,0,0,0,0,0,-16000,0,0,0,3000,19000,-16000,-16000
08089P,嘉澤凱基9B售03  ,0,0,0,0,0,0,0,0,0,-16000,0,0,0,1000,17000,-16000,-16000
066003,台表科國票02購02,0,0,0,0,0,0,0,0,0,-16000,0,0,0,0,16000,-16000,-16000
067124,華擎富邦03購01  ,0,0,0,0,0,0,0,0,0,-16000,0,0,0,5000,21000,-16000,-16000
067050,京鼎凱基03購01  ,0,0,0,0,0,0,0,0,0,-16000,0,0,0,0,16000,-16000,-16000
066598,致新群益02購01  ,0,0,0,0,0,0,0,0,0,-16000,0,0,0,0,16000,-16000,-16000
058905,京鼎元大99購01  ,0,0,0,0,0,0,0,0,0,-16000,0,0,0,0,16000,-16000,-16000
061356,南電元大9A購06  ,0,0,0,0,0,0,0,0,0,-16000,0,0,0,0,16000,-16000,-16000
061261,台積電凱基9B購03,0,0,0,0,0,0,0,0,0,-16000,0,0,0,62000,78000,-16000,-16000
057248,台積電統一98購08,0,0,0,0,0,0,0,0,0,-16000,0,0,0,12000,28000,-16000,-16000
056511,超眾永豐98購01  ,0,0,0,0,0,0,0,0,0,-16000,0,0,0,0,16000,-16000,-16000
053859,台積電元大97購09,0,0,0,0,0,0,0,0,0,-16000,0,0,0,0,16000,-16000,-16000
062660,神隆群益9B購02  ,0,0,0,0,0,0,0,0,0,-16000,0,0,0,12000,28000,-16000,-16000
063224,泰鼎群益9B購02  ,0,0,0,0,0,0,0,0,0,-16000,0,0,0,42000,58000,-16000,-16000
063306,聯茂凱基9C購01  ,0,0,0,0,0,0,0,0,0,-16000,0,0,0,52000,68000,-16000,-16000
060561,台積電富邦04購01,0,0,0,0,0,0,0,0,0,-16000,0,0,0,21000,37000,-16000,-16000
061370,晶技國泰9C購01  ,0,0,0,0,0,0,0,0,0,-16000,0,0,0,80000,96000,-16000,-16000
061451,南電中信9A購03  ,0,0,0,0,0,0,0,0,0,-16000,0,0,0,26000,42000,-16000,-16000
061587,美律富邦9A購02  ,0,0,0,0,0,0,0,0,0,-16000,0,0,0,0,16000,-16000,-16000
062138,力成群益9B購01  ,0,0,0,0,0,0,0,0,0,-16000,0,0,0,4000,20000,-16000,-16000
063744,儒鴻國票9C購01  ,0,0,0,0,0,0,0,0,0,-16000,0,0,0,0,16000,-16000,-16000
063679,群創國泰01購01  ,0,0,0,0,0,0,0,0,0,-16000,0,0,0,0,16000,-16000,-16000
064274,燿華元大9C購01  ,0,0,0,0,0,0,0,0,0,-16000,0,0,0,31000,47000,-16000,-16000
064641,神隆凱基9C購01  ,0,0,0,0,0,0,0,0,0,-16000,0,0,0,52000,68000,-16000,-16000
064823,台積電統一01購09,0,0,0,0,0,0,0,0,0,-16000,0,0,0,5000,21000,-16000,-16000
065644,義隆元大9C購08  ,0,0,0,0,0,0,0,0,0,-16000,0,0,0,26000,42000,-16000,-16000
065633,聯發科國票01購02,0,0,0,0,0,0,0,0,0,-16000,0,0,0,0,16000,-16000,-16000
065405,華新科富邦03購01,0,0,0,0,0,0,0,0,0,-16000,0,0,0,0,16000,-16000,-16000
065409,鴻海永豐9C購01  ,0,0,0,0,0,0,0,0,0,-16000,0,0,0,32000,48000,-16000,-16000
8499,鼎炫-KY         ,20000,36000,-16000,0,0,0,0,0,0,0,0,0,0,0,0,0,-16000
6152,百一            ,9000,25000,-16000,0,0,0,0,0,0,0,0,0,0,0,0,0,-16000
8072,陞泰            ,12000,29000,-17000,0,0,0,0,0,0,1000,1000,0,1000,0,0,0,-16000
3494,誠研            ,20000,36000,-16000,0,0,0,0,0,0,0,0,0,0,0,0,0,-16000
4722,國精化          ,19000,35000,-16000,0,0,0,0,0,0,0,0,0,0,0,0,0,-16000
4545,銘鈺            ,5000,21000,-16000,0,0,0,0,0,0,0,0,0,0,0,0,0,-16000
00743,國泰中國A150    ,0,69000,-69000,0,0,0,0,0,0,52545,0,0,0,77545,25000,52545,-16455
066916,台虹凱基01購01  ,0,0,0,0,0,0,0,0,0,-17000,0,0,0,0,17000,-17000,-17000
07863P,華新科凱基9B售07,0,0,0,0,0,0,0,0,0,-17000,0,0,0,10000,27000,-17000,-17000
07690P,華新科元大9A售15,0,0,0,0,0,0,0,0,0,-17000,0,0,0,0,17000,-17000,-17000
08796P,晶技凱基01售01  ,0,0,0,0,0,0,0,0,0,-17000,0,0,0,0,17000,-17000,-17000
08782P,台積電元大01售17,0,0,0,0,0,0,0,0,0,-17000,0,0,0,500000,517000,-17000,-17000
08590P,智邦凱基9C售04  ,0,0,0,0,0,0,0,0,0,-17000,0,0,0,216000,233000,-17000,-17000
048105,滬深2X群益99購02,0,0,0,0,0,0,0,0,0,-17000,0,0,0,0,17000,-17000,-17000
058422,百和麥證99購01  ,0,0,0,62000,79000,-17000,0,0,0,-17000,0,0,0,62000,79000,-17000,-17000
057566,欣興富邦99購01  ,0,0,0,0,0,0,0,0,0,-17000,0,0,0,10000,27000,-17000,-17000
058546,玉晶光富邦9B購01,0,0,0,0,0,0,0,0,0,-17000,0,0,0,48000,65000,-17000,-17000
056624,景碩永豐98購01  ,0,0,0,0,0,0,0,0,0,-17000,0,0,0,5000,22000,-17000,-17000
061238,晶技元大9A購02  ,0,0,0,0,0,0,0,0,0,-17000,0,0,0,591000,608000,-17000,-17000
058676,聯茂群益99購01  ,0,0,0,0,0,0,0,0,0,-17000,0,0,0,265000,282000,-17000,-17000
061635,台積電元大9A購34,0,0,0,0,0,0,0,0,0,-17000,0,0,0,0,17000,-17000,-17000
061985,富邦金元大9B購01,0,0,0,0,0,0,0,0,0,-17000,0,0,0,35000,52000,-17000,-17000
061601,台積電凱基9A購26,0,0,0,0,0,0,0,0,0,-17000,0,0,0,1000,18000,-17000,-17000
061145,臻鼎中信9A購02  ,0,0,0,0,0,0,0,0,0,-17000,0,0,0,23000,40000,-17000,-17000
061195,健策永豐9B購02  ,0,0,0,0,0,0,0,0,0,-17000,0,0,0,1000,18000,-17000,-17000
062378,台表科元大9C購01,0,0,0,0,0,0,0,0,0,-17000,0,0,0,0,17000,-17000,-17000
061689,國巨群益9A購12  ,0,0,0,0,0,0,0,0,0,-17000,0,0,0,60000,77000,-17000,-17000
060716,新唐永豐9A購01  ,0,0,0,0,0,0,0,0,0,-17000,0,0,0,1000,18000,-17000,-17000
060125,強茂永豐99購01  ,0,0,0,0,0,0,0,0,0,-17000,0,0,0,0,17000,-17000,-17000
062461,智伸科群益9B購01,0,0,0,0,0,0,0,0,0,-17000,0,0,0,0,17000,-17000,-17000
063351,億豐統一9B購01  ,0,0,0,0,0,0,0,0,0,-17000,0,0,0,0,17000,-17000,-17000
065373,聯發科元大01購03,0,0,0,0,0,0,0,0,0,-17000,0,0,0,3000,20000,-17000,-17000
065543,緯穎元富01購01  ,0,0,0,0,0,0,0,0,0,-17000,0,0,0,0,17000,-17000,-17000
064996,T50反1國票01購03,0,0,0,0,0,0,0,0,0,-17000,0,0,0,912000,929000,-17000,-17000
064552,巨大凱基01購01  ,0,0,0,0,0,0,0,0,0,-17000,0,0,0,73000,90000,-17000,-17000
064369,彩晶統一01購01  ,0,0,0,0,0,0,0,0,0,-17000,0,0,0,0,17000,-17000,-17000
063541,華擎元富9B購02  ,0,0,0,0,0,0,0,0,0,-17000,0,0,0,27000,44000,-17000,-17000
063837,亞德客元大01購01,0,0,0,0,0,0,0,0,0,-17000,0,0,0,103000,120000,-17000,-17000
08481P,臺股指凱基9C售19,0,0,0,0,0,0,0,0,0,-18000,0,0,0,0,18000,-18000,-18000
08088P,義隆凱基9B售03  ,0,0,0,0,0,0,0,0,0,-18000,0,0,0,0,18000,-18000,-18000
06698P,玉晶光國票99售05,0,0,0,0,0,0,0,0,0,-18000,0,0,0,0,18000,-18000,-18000
067279,美利達統一02購02,0,0,0,0,0,0,0,0,0,-18000,0,0,0,0,18000,-18000,-18000
066620,長興凱基01購01  ,0,0,0,0,0,0,0,0,0,-18000,0,0,0,0,18000,-18000,-18000
066001,景碩國票02購01  ,0,0,0,0,0,0,0,0,0,-18000,0,0,0,1000,19000,-18000,-18000
066347,鎧勝永豐01購01  ,0,0,0,0,0,0,0,0,0,-18000,0,0,0,22000,40000,-18000,-18000
066483,瑞昱元富01購01  ,0,0,0,0,0,0,0,0,0,-18000,0,0,0,95000,113000,-18000,-18000
066526,創意統一05購01  ,0,0,0,0,0,0,0,0,0,-18000,0,0,0,841000,859000,-18000,-18000
058371,智原凱基9A購01  ,0,0,0,0,0,0,0,0,0,-18000,0,0,0,0,18000,-18000,-18000
061259,台積電凱基9A購21,0,0,0,0,0,0,0,0,0,-18000,0,0,0,1000,19000,-18000,-18000
061072,南電凱基9B購01  ,0,0,0,0,0,0,0,0,0,-18000,0,0,0,4000,22000,-18000,-18000
060310,瑞昱永豐9A購01  ,0,0,0,0,0,0,0,0,0,-18000,0,0,0,10000,28000,-18000,-18000
055703,緯穎富邦98購01  ,0,0,0,0,0,0,0,0,0,-18000,0,0,0,0,18000,-18000,-18000
055631,創意永豐98購01  ,0,0,0,0,0,0,0,0,0,-18000,0,0,0,16000,34000,-18000,-18000
055620,樺漢國票98購01  ,0,0,0,0,0,0,0,0,0,-18000,0,0,0,33000,51000,-18000,-18000
058421,國泰金麥證01購01,0,0,0,0,18000,-18000,0,0,0,-18000,0,0,0,0,18000,-18000,-18000
054542,台表科國票98購01,0,0,0,0,0,0,0,0,0,-18000,0,0,0,5000,23000,-18000,-18000
063157,鴻海台新9B購02  ,0,0,0,0,0,0,0,0,0,-18000,0,0,0,0,18000,-18000,-18000
063134,裕隆統一01購01  ,0,0,0,0,0,0,0,0,0,-18000,0,0,0,792000,810000,-18000,-18000
063190,聯茂凱基9B購01  ,0,0,0,0,0,0,0,0,0,-18000,0,0,0,34000,52000,-18000,-18000
060847,康控國票9A購01  ,0,0,0,0,0,0,0,0,0,-18000,0,0,0,2000,20000,-18000,-18000
060802,道瓊指中信9C購03,0,0,0,0,0,0,0,0,0,-18000,0,0,0,0,18000,-18000,-18000
060226,道瓊反元大9A購01,0,0,0,0,0,0,0,0,0,-18000,0,0,0,30000,48000,-18000,-18000
060557,南電凱基9A購02  ,0,0,0,0,0,0,0,0,0,-18000,0,0,0,14000,32000,-18000,-18000
060572,景碩永豐9A購01  ,0,0,0,0,0,0,0,0,0,-18000,0,0,0,14000,32000,-18000,-18000
060519,S&P500中信01購01,0,0,0,0,0,0,0,0,0,-18000,0,0,0,0,18000,-18000,-18000
061764,旺宏元大9B購01  ,0,0,0,0,0,0,0,0,0,-18000,0,0,0,50000,68000,-18000,-18000
059644,茂林凱基99購03  ,0,0,0,0,0,0,0,0,0,-18000,0,0,0,10000,28000,-18000,-18000
061416,聯茂群益9A購01  ,0,0,0,0,0,0,0,0,0,-18000,0,0,0,134000,152000,-18000,-18000
062129,世紀鋼統一02購01,0,0,0,0,0,0,0,0,0,-18000,0,0,0,0,18000,-18000,-18000
063518,儒鴻凱基9B購02  ,0,0,0,0,0,0,0,0,0,-18000,0,0,0,0,18000,-18000,-18000
064351,中租元大9C購01  ,0,0,0,0,0,0,0,0,0,-18000,0,0,0,60000,78000,-18000,-18000
064215,康控凱基02購01  ,0,0,0,0,0,0,0,0,0,-18000,0,0,0,54000,72000,-18000,-18000
064465,台表科統一01購02,0,0,0,0,0,0,0,0,0,-18000,0,0,0,10000,28000,-18000,-18000
064959,巨大凱基9C購02  ,0,0,0,0,0,0,0,0,0,-18000,0,0,0,103000,121000,-18000,-18000
065199,華擎元富03購01  ,0,0,0,0,0,0,0,0,0,-18000,0,0,0,173000,191000,-18000,-18000
065785,奇力新永豐9C購02,0,0,0,0,0,0,0,0,0,-18000,0,0,0,50000,68000,-18000,-18000
3591,艾笛森          ,65000,83000,-18000,0,0,0,0,0,0,0,0,0,0,0,0,0,-18000
5546,永固-KY         ,17000,35000,-18000,0,0,0,0,0,0,0,0,0,0,0,0,0,-18000
2496,卓越            ,4000,22664,-18664,0,0,0,0,0,0,0,0,0,0,0,0,0,-18664
1560,中砂            ,146095,111000,35095,0,0,0,0,0,0,-54000,0,54000,-54000,0,0,0,-18905
3008,大立光          ,228013,219848,8165,0,0,0,0,8129,-8129,-19000,2000,6000,-4000,4000,19000,-15000,-18964
066430,台郡元大01購01  ,0,0,0,0,0,0,0,0,0,-19000,0,0,0,368000,387000,-19000,-19000
066409,勤誠凱基01購01  ,0,0,0,0,0,0,0,0,0,-19000,0,0,0,0,19000,-19000,-19000
066311,生達永豐01購01  ,0,0,0,0,0,0,0,0,0,-19000,0,0,0,20000,39000,-19000,-19000
07691P,宏達電元大9A售05,0,0,0,0,0,0,0,0,0,-19000,0,0,0,81000,100000,-19000,-19000
08377P,臻鼎元富9C售02  ,0,0,0,0,0,0,0,0,0,-19000,0,0,0,0,19000,-19000,-19000
08576P,嘉澤凱基9C售03  ,0,0,0,0,0,0,0,0,0,-19000,0,0,0,15000,34000,-19000,-19000
056427,上銀凱基98購03  ,0,0,0,0,0,0,0,0,0,-19000,0,0,0,0,19000,-19000,-19000
058799,晶技元大99購04  ,0,0,0,0,0,0,0,0,0,-19000,0,0,0,1000,20000,-19000,-19000
060420,神基永豐9A購01  ,0,0,0,0,0,0,0,0,0,-19000,0,0,0,0,19000,-19000,-19000
061463,智邦群益9A購02  ,0,0,0,0,0,0,0,0,0,-19000,0,0,0,13000,32000,-19000,-19000
061592,義隆永豐9A購03  ,0,0,0,0,0,0,0,0,0,-19000,0,0,0,31000,50000,-19000,-19000
062414,臻鼎中信01購01  ,0,0,0,0,0,0,0,0,0,-19000,0,0,0,55000,74000,-19000,-19000
061704,景碩國票9A購01  ,0,0,0,0,0,0,0,0,0,-19000,0,0,0,18000,37000,-19000,-19000
060488,台灣50群益9C購01,0,0,0,0,0,0,0,0,0,-19000,0,0,0,0,19000,-19000,-19000
060704,台積電富邦01購01,0,0,0,0,0,0,0,0,0,-19000,0,0,0,1000,20000,-19000,-19000
060229,楠梓電元大9C購01,0,0,0,0,0,0,0,0,0,-19000,0,0,0,43000,62000,-19000,-19000
063171,光寶科中信9B購01,0,0,0,0,0,0,0,0,0,-19000,0,0,0,0,19000,-19000,-19000
063037,聯發科凱基9C購02,0,0,0,0,0,0,0,0,0,-19000,0,0,0,0,19000,-19000,-19000
065350,華擎統一01購04  ,0,0,0,0,0,0,0,0,0,-19000,0,0,0,144000,163000,-19000,-19000
065204,神隆國票01購01  ,0,0,0,0,0,0,0,0,0,-19000,0,0,0,0,19000,-19000,-19000
064770,開發金中信01購01,0,0,0,0,0,0,0,0,0,-19000,0,0,0,0,19000,-19000,-19000
064098,正崴群益9C購01  ,0,0,0,0,0,0,0,0,0,-19000,0,0,0,0,19000,-19000,-19000
063732,建準元大9B購02  ,0,0,0,0,0,0,0,0,0,-19000,0,0,0,628000,647000,-19000,-19000
3057,喬鼎            ,63000,82000,-19000,0,0,0,0,0,0,0,0,0,0,0,0,0,-19000
2358,廷鑫            ,30000,49000,-19000,0,0,0,0,0,0,0,0,0,0,0,0,0,-19000
1533,車王電          ,245000,264000,-19000,0,0,0,0,0,0,0,0,0,0,0,0,0,-19000
6598,ABC-KY          ,105091,125000,-19909,0,0,0,0,0,0,0,0,0,0,0,0,0,-19909
08575P,長榮航凱基9C售02,0,0,0,0,0,0,0,0,0,-20000,0,0,0,0,20000,-20000,-20000
08603P,電子類元大9C售02,0,0,0,0,0,0,0,0,0,-20000,0,0,0,0,20000,-20000,-20000
08827P,緯穎元大01售05  ,0,0,0,0,0,0,0,0,0,-20000,0,0,0,18000,38000,-20000,-20000
08733P,臺股指麥證01售05,0,0,0,0,20000,-20000,0,0,0,-20000,0,0,0,0,20000,-20000,-20000
08403P,上銀元大9C售07  ,0,0,0,0,0,0,0,0,0,-20000,0,0,0,0,20000,-20000,-20000
08433P,臺股指凱基03售01,0,0,0,0,0,0,0,0,0,-20000,0,0,0,0,20000,-20000,-20000
08420P,國巨群益9C售12  ,0,0,0,0,0,0,0,0,0,-20000,0,0,0,0,20000,-20000,-20000
08421P,台積電群益9C售10,0,0,0,0,0,0,0,0,0,-20000,0,0,0,10000,30000,-20000,-20000
08133P,臺股指元大9B售39,0,0,0,0,0,0,0,0,0,-20000,0,0,0,0,20000,-20000,-20000
08175P,金像電統一9B售02,0,0,0,0,0,0,0,0,0,-20000,0,0,0,0,20000,-20000,-20000
08191P,鴻海台新9B售03  ,0,0,0,0,0,0,0,0,0,-20000,0,0,0,0,20000,-20000,-20000
08270P,鴻海富邦9C售02  ,0,0,0,0,0,0,0,0,0,-20000,0,0,0,10000,30000,-20000,-20000
07765P,台積電群益9A售06,0,0,0,0,0,0,0,0,0,-20000,0,0,0,0,20000,-20000,-20000
07617P,聯發科中信9C售04,0,0,0,0,0,0,0,0,0,-20000,0,0,0,0,20000,-20000,-20000
07846P,台灣50群益9A售17,0,0,0,0,0,0,0,0,0,-20000,0,0,0,0,20000,-20000,-20000
07891P,臺股指國票9B售01,0,0,0,0,0,0,0,0,0,-20000,0,0,0,0,20000,-20000,-20000
07790P,台灣50元大9A售19,0,0,0,0,0,0,0,0,0,-20000,0,0,0,0,20000,-20000,-20000
07818P,台積電國票9C售01,0,0,0,0,0,0,0,0,0,-20000,0,0,0,150000,170000,-20000,-20000
08047P,臺股指國票9B售12,0,0,0,0,0,0,0,0,0,-20000,0,0,0,40000,60000,-20000,-20000
07929P,旺宏統一9B售07  ,0,0,0,0,0,0,0,0,0,-20000,0,0,0,0,20000,-20000,-20000
07946P,華通統一9B售02  ,0,0,0,0,0,0,0,0,0,-20000,0,0,0,50000,70000,-20000,-20000
06930P,台積電元大98售19,0,0,0,0,0,0,0,0,0,-20000,0,0,0,0,20000,-20000,-20000
06886P,旺宏元大99售07  ,0,0,0,0,0,0,0,0,0,-20000,0,0,0,0,20000,-20000,-20000
07030P,鈺齊群益99售01  ,0,0,0,0,0,0,0,0,0,-20000,0,0,0,20000,40000,-20000,-20000
07089P,臺指2X中信01售01,0,0,0,0,0,0,0,0,0,-20000,0,0,0,0,20000,-20000,-20000
07065P,臺股指元大9A售26,0,0,0,0,0,0,0,0,0,-20000,0,0,0,0,20000,-20000,-20000
07130P,台郡元大9B售01  ,0,0,0,0,0,0,0,0,0,-20000,0,0,0,99000,119000,-20000,-20000
07461P,臺股指元大9B售04,0,0,0,0,0,0,0,0,0,-20000,0,0,0,0,20000,-20000,-20000
07538P,玉晶光元富9A售05,0,0,0,0,0,0,0,0,0,-20000,0,0,0,0,20000,-20000,-20000
07612P,國巨國泰9B售06  ,0,0,0,0,0,0,0,0,0,-20000,0,0,0,0,20000,-20000,-20000
07598P,臺股指中信01售03,0,0,0,0,0,0,0,0,0,-20000,0,0,0,0,20000,-20000,-20000
07225P,台積電元大99售33,0,0,0,0,0,0,0,0,0,-20000,0,0,0,0,20000,-20000,-20000
07265P,大立光元大99售16,0,0,0,0,0,0,0,0,0,-20000,0,0,0,0,20000,-20000,-20000
07387P,臺股指群益99售25,0,0,0,0,0,0,0,0,0,-20000,0,0,0,0,20000,-20000,-20000
066502,國巨富邦05購02  ,0,0,0,0,0,0,0,0,0,-20000,0,0,0,20000,40000,-20000,-20000
066556,和鑫元大01購01  ,0,0,0,0,0,0,0,0,0,-20000,0,0,0,0,20000,-20000,-20000
066089,文曄永豐01購01  ,0,0,0,0,0,0,0,0,0,-20000,0,0,0,96000,116000,-20000,-20000
066721,臺指反元大04購03,0,0,0,0,0,0,0,0,0,-20000,0,0,0,0,20000,-20000,-20000
066701,京元電群益01購02,0,0,0,0,0,0,0,0,0,-20000,0,0,0,0,20000,-20000,-20000
06688P,鴻海中信02售01  ,0,0,0,0,0,0,0,0,0,-20000,0,0,0,0,20000,-20000,-20000
066864,上証2X元富07購02,0,0,0,0,0,0,0,0,0,-20000,0,0,0,0,20000,-20000,-20000
06788P,臺股指元大98售05,0,0,0,0,0,0,0,0,0,-20000,0,0,0,0,20000,-20000,-20000
06757P,台灣50元大9B售01,0,0,0,0,0,0,0,0,0,-20000,0,0,0,40000,60000,-20000,-20000
067180,為升凱基02購01  ,0,0,0,0,0,0,0,0,0,-20000,0,0,0,0,20000,-20000,-20000
066979,國巨群益01購04  ,0,0,0,0,0,0,0,0,0,-20000,0,0,0,0,20000,-20000,-20000
066944,鴻海元大01購13  ,0,0,0,0,0,0,0,0,0,-20000,0,0,0,0,20000,-20000,-20000
067076,聯詠元大01購05  ,0,0,0,0,0,0,0,0,0,-20000,0,0,0,6000,26000,-20000,-20000
058886,元石油元大9C購03,0,0,0,0,0,0,0,0,0,-20000,0,0,0,0,20000,-20000,-20000
058713,國巨統一9B購02  ,0,0,0,0,0,0,0,0,0,-20000,0,0,0,0,20000,-20000,-20000
058678,南亞科日盛99購01,0,0,0,0,0,0,0,0,0,-20000,0,0,0,0,20000,-20000,-20000
058739,喬山中信99購01  ,0,0,0,0,0,0,0,0,0,-20000,0,0,0,0,20000,-20000,-20000
056841,友達元富98購03  ,0,0,0,0,0,0,0,0,0,-20000,0,0,0,0,20000,-20000,-20000
056787,健鼎群益98購01  ,0,0,0,0,0,0,0,0,0,-20000,0,0,0,0,20000,-20000,-20000
057768,華新科中信9A購01,0,0,0,0,0,0,0,0,0,-20000,0,0,0,0,20000,-20000,-20000
058378,南電凱基99購01  ,0,0,0,0,0,0,0,0,0,-20000,0,0,0,0,20000,-20000,-20000
058241,景碩元大99購05  ,0,0,0,0,0,0,0,0,0,-20000,0,0,0,0,20000,-20000,-20000
058242,玉晶光元大9A購01,0,0,0,0,0,0,0,0,0,-20000,0,0,0,0,20000,-20000,-20000
058023,南電凱基98購02  ,0,0,0,0,0,0,0,0,0,-20000,0,0,0,0,20000,-20000,-20000
058033,景碩永豐98購02  ,0,0,0,0,0,0,0,0,0,-20000,0,0,0,0,20000,-20000,-20000
057930,旺宏群益99購04  ,0,0,0,0,0,0,0,0,0,-20000,0,0,0,2000,22000,-20000,-20000
05793P,臺股指中信99售08,0,0,0,0,0,0,0,0,0,-20000,0,0,0,0,20000,-20000,-20000
058135,景碩元大99購01  ,0,0,0,0,0,0,0,0,0,-20000,0,0,0,0,20000,-20000,-20000
058036,南電永豐98購01  ,0,0,0,0,0,0,0,0,0,-20000,0,0,0,16000,36000,-20000,-20000
059189,國泰金富邦9B購01,0,0,0,0,0,0,0,0,0,-20000,0,0,0,0,20000,-20000,-20000
059191,茂林富邦9B購01  ,0,0,0,0,0,0,0,0,0,-20000,0,0,0,0,20000,-20000,-20000
061231,聚陽元大9A購02  ,0,0,0,0,0,0,0,0,0,-20000,0,0,0,0,20000,-20000,-20000
061233,國巨元大9A購17  ,0,0,0,0,0,0,0,0,0,-20000,0,0,0,0,20000,-20000,-20000
061236,台積電元大9A購24,0,0,0,0,0,0,0,0,0,-20000,0,0,0,0,20000,-20000,-20000
061128,大立光永豐9A購02,0,0,0,0,0,0,0,0,0,-20000,0,0,0,0,20000,-20000,-20000
057266,TPK兆豐98購02   ,0,0,0,0,0,0,0,0,0,-20000,0,0,0,0,20000,-20000,-20000
057236,聯詠凱基98購03  ,0,0,0,0,0,0,0,0,0,-20000,0,0,0,20000,40000,-20000,-20000
057166,國巨元大99購06  ,0,0,0,0,0,0,0,0,0,-20000,0,0,0,31000,51000,-20000,-20000
056983,大立光群益99購02,0,0,0,0,0,0,0,0,0,-20000,0,0,0,0,20000,-20000,-20000
05692P,聯發科中信9A售02,0,0,0,0,0,0,0,0,0,-20000,0,0,0,0,20000,-20000,-20000
057048,新日興元大98購01,0,0,0,0,0,0,0,0,0,-20000,0,0,0,0,20000,-20000,-20000
057321,台泥群益98購01  ,0,0,0,0,0,0,0,0,0,-20000,0,0,0,0,20000,-20000,-20000
053316,友達群益9A購01  ,0,0,0,0,0,0,0,0,0,-20000,0,0,0,5000,25000,-20000,-20000
053342,全新國票99購01  ,0,0,0,0,0,0,0,0,0,-20000,0,0,0,0,20000,-20000,-20000
053186,健策中信9C購01  ,0,0,0,0,0,0,0,0,0,-20000,0,0,0,30000,50000,-20000,-20000
053291,旺宏中信9A購01  ,0,0,0,0,0,0,0,0,0,-20000,0,0,0,0,20000,-20000,-20000
053063,力山群益98購01  ,0,0,0,0,0,0,0,0,0,-20000,0,0,0,0,20000,-20000,-20000
054479,緯創中信98購01  ,0,0,0,0,0,0,0,0,0,-20000,0,0,0,0,20000,-20000,-20000
056575,禾伸堂元大99購01,0,0,0,0,0,0,0,0,0,-20000,0,0,0,0,20000,-20000,-20000
056523,光寶科中信98購01,0,0,0,0,0,0,0,0,0,-20000,0,0,0,20000,40000,-20000,-20000
054368,鴻海中信9A購02  ,0,0,0,0,0,0,0,0,0,-20000,0,0,0,0,20000,-20000,-20000
054301,楠梓電凱基98購01,0,0,0,0,0,0,0,0,0,-20000,0,0,0,0,20000,-20000,-20000
054078,鴻海中信98購01  ,0,0,0,0,0,0,0,0,0,-20000,0,0,0,0,20000,-20000,-20000
02001R,富邦蘋果反一N   ,0,0,0,0,0,0,0,0,0,-20000,0,0,0,0,20000,-20000,-20000
046385,群創凱基98購03  ,0,0,0,0,0,0,0,0,0,-20000,0,0,0,0,20000,-20000,-20000
05631P,國巨富邦9A售01  ,0,0,0,0,0,0,0,0,0,-20000,0,0,0,0,20000,-20000,-20000
056259,T50反1統一9A購01,0,0,0,0,0,0,0,0,0,-20000,0,0,0,0,20000,-20000,-20000
056145,緯穎元大98購03  ,0,0,0,0,0,0,0,0,0,-20000,0,0,0,0,20000,-20000,-20000
057912,美律日盛99購01  ,0,0,0,0,0,0,0,0,0,-20000,0,0,0,0,20000,-20000,-20000
055331,國巨兆豐99購01  ,0,0,0,0,0,0,0,0,0,-20000,0,0,0,100000,120000,-20000,-20000
055780,禾伸堂凱基99購01,0,0,0,0,0,0,0,0,0,-20000,0,0,0,0,20000,-20000,-20000
055989,矽力元富9A購01  ,0,0,0,0,0,0,0,0,0,-20000,0,0,0,0,20000,-20000,-20000
056649,智易凱基98購01  ,0,0,0,0,0,0,0,0,0,-20000,0,0,0,0,20000,-20000,-20000
055207,致新中信99購01  ,0,0,0,0,0,0,0,0,0,-20000,0,0,0,0,20000,-20000,-20000
063149,聯發科元富05購02,0,0,0,0,0,0,0,0,0,-20000,0,0,0,0,20000,-20000,-20000
063318,京鼎群益9C購02  ,0,0,0,0,0,0,0,0,0,-20000,0,0,0,0,20000,-20000,-20000
063326,正隆國票9B購01  ,0,0,0,0,0,0,0,0,0,-20000,0,0,0,38000,58000,-20000,-20000
062783,大立光元大9C購03,0,0,0,0,0,0,0,0,0,-20000,0,0,0,0,20000,-20000,-20000
062703,可成元大9C購02  ,0,0,0,0,0,0,0,0,0,-20000,0,0,0,0,20000,-20000,-20000
060266,潤泰全國票9A購01,0,0,0,0,0,0,0,0,0,-20000,0,0,0,38000,58000,-20000,-20000
060114,緯穎元大99購10  ,0,0,0,0,0,0,0,0,0,-20000,0,0,0,0,20000,-20000,-20000
060102,禾伸堂元大99購06,0,0,0,0,0,0,0,0,0,-20000,0,0,0,0,20000,-20000,-20000
060057,欣興凱基9B購01  ,0,0,0,0,0,0,0,0,0,-20000,0,0,0,0,20000,-20000,-20000
060058,牧德凱基9B購01  ,0,0,0,0,0,0,0,0,0,-20000,0,0,0,0,20000,-20000,-20000
060721,瑞儀永豐9A購01  ,0,0,0,0,0,0,0,0,0,-20000,0,0,0,0,20000,-20000,-20000
060286,佳世達元大9C購01,0,0,0,0,0,0,0,0,0,-20000,0,0,0,0,20000,-20000,-20000
060831,T50反1國票9B購03,0,0,0,0,0,0,0,0,0,-20000,0,0,0,0,20000,-20000,-20000
060897,健策凱基9A購04  ,0,0,0,0,0,0,0,0,0,-20000,0,0,0,0,20000,-20000,-20000
060929,健策永豐9A購01  ,0,0,0,0,0,0,0,0,0,-20000,0,0,0,2000,22000,-20000,-20000
062583,鴻海統一9C購12  ,0,0,0,0,0,0,0,0,0,-20000,0,0,0,5000,25000,-20000,-20000
061745,南電凱基9B購02  ,0,0,0,0,0,0,0,0,0,-20000,0,0,0,12000,32000,-20000,-20000
058984,全新凱基9A購03  ,0,0,0,0,0,0,0,0,0,-20000,0,0,0,0,20000,-20000,-20000
059028,嘉聯益台新99購02,0,0,0,0,0,0,0,0,0,-20000,0,0,0,0,20000,-20000,-20000
059020,元油2X統一9B購02,0,0,0,0,0,0,0,0,0,-20000,0,0,0,0,20000,-20000,-20000
059871,義隆凱基99購03  ,0,0,0,0,0,0,0,0,0,-20000,0,0,0,0,20000,-20000,-20000
059641,群創凱基99購06  ,0,0,0,0,0,0,0,0,0,-20000,0,0,0,0,20000,-20000,-20000
061143,道瓊指中信9C購04,0,0,0,0,0,0,0,0,0,-20000,0,0,0,30000,50000,-20000,-20000
059519,台郡永豐99購01  ,0,0,0,0,0,0,0,0,0,-20000,0,0,0,0,20000,-20000,-20000
061436,上銀凱基9A購07  ,0,0,0,0,0,0,0,0,0,-20000,0,0,0,0,20000,-20000,-20000
061363,儒鴻國票9B購01  ,0,0,0,0,0,0,0,0,0,-20000,0,0,0,0,20000,-20000,-20000
061580,華擎元大9A購06  ,0,0,0,0,0,0,0,0,0,-20000,0,0,0,0,20000,-20000,-20000
062243,臺指反元大02購04,0,0,0,0,0,0,0,0,0,-20000,0,0,0,0,20000,-20000,-20000
062056,國巨統一9C購08  ,0,0,0,0,0,0,0,0,0,-20000,0,0,0,0,20000,-20000,-20000
061662,瑞儀永豐9A購02  ,0,0,0,0,0,0,0,0,0,-20000,0,0,0,0,20000,-20000,-20000
063701,燿華群益9B購02  ,0,0,0,0,0,0,0,0,0,-20000,0,0,0,0,20000,-20000,-20000
063698,上銀群益9B購05  ,0,0,0,0,0,0,0,0,0,-20000,0,0,0,20000,40000,-20000,-20000
063864,健策富邦01購01  ,0,0,0,0,0,0,0,0,0,-20000,0,0,0,0,20000,-20000,-20000
063998,聯發科兆豐9C購02,0,0,0,0,0,0,0,0,0,-20000,0,0,0,0,20000,-20000,-20000
063978,美食兆豐9C購01  ,0,0,0,0,0,0,0,0,0,-20000,0,0,0,0,20000,-20000,-20000
063942,台積電元大01購03,0,0,0,0,0,0,0,0,0,-20000,0,0,0,0,20000,-20000,-20000
063520,上銀凱基9B購05  ,0,0,0,0,0,0,0,0,0,-20000,0,0,0,33000,53000,-20000,-20000
063502,南電永豐9B購02  ,0,0,0,0,0,0,0,0,0,-20000,0,0,0,0,20000,-20000,-20000
063421,可成凱基9C購02  ,0,0,0,0,0,0,0,0,0,-20000,0,0,0,0,20000,-20000,-20000
063609,南電凱基9B購05  ,0,0,0,0,0,0,0,0,0,-20000,0,0,0,0,20000,-20000,-20000
064337,大毅元大01購02  ,0,0,0,0,0,0,0,0,0,-20000,0,0,0,10000,30000,-20000,-20000
064344,緯創元大9C購01  ,0,0,0,0,0,0,0,0,0,-20000,0,0,0,7000,27000,-20000,-20000
064310,華新科群益9C購02,0,0,0,0,0,0,0,0,0,-20000,0,0,0,0,20000,-20000,-20000
064319,南電群益9C購01  ,0,0,0,0,0,0,0,0,0,-20000,0,0,0,5000,25000,-20000,-20000
064436,聯發科凱基03購02,0,0,0,0,0,0,0,0,0,-20000,0,0,0,0,20000,-20000,-20000
064572,同欣電群益9C購02,0,0,0,0,0,0,0,0,0,-20000,0,0,0,0,20000,-20000,-20000
064596,台表科統一01購03,0,0,0,0,0,0,0,0,0,-20000,0,0,0,10000,30000,-20000,-20000
064654,元金2X元大9C購03,0,0,0,0,0,0,0,0,0,-20000,0,0,0,0,20000,-20000,-20000
064687,國巨群益9C購10  ,0,0,0,0,0,0,0,0,0,-20000,0,0,0,20000,40000,-20000,-20000
064663,鴻海元大9C購11  ,0,0,0,0,0,0,0,0,0,-20000,0,0,0,13000,33000,-20000,-20000
064755,南亞科凱基01購02,0,0,0,0,0,0,0,0,0,-20000,0,0,0,0,20000,-20000,-20000
064938,華新科元富9C購01,0,0,0,0,0,0,0,0,0,-20000,0,0,0,0,20000,-20000,-20000
065172,義隆元大9C購05  ,0,0,0,0,0,0,0,0,0,-20000,0,0,0,113000,133000,-20000,-20000
065258,華邦電元大01購01,0,0,0,0,0,0,0,0,0,-20000,0,0,0,53000,73000,-20000,-20000
06535P,可成群益99售02  ,0,0,0,0,0,0,0,0,0,-20000,0,0,0,0,20000,-20000,-20000
065389,聯茂兆豐9C購01  ,0,0,0,0,0,0,0,0,0,-20000,0,0,0,18000,38000,-20000,-20000
065468,FBVIX元大9C購04 ,0,0,0,0,0,0,0,0,0,-20000,0,0,0,0,20000,-20000,-20000
065783,友訊永豐9C購02  ,0,0,0,0,0,0,0,0,0,-20000,0,0,0,52000,72000,-20000,-20000
065860,南電元大02購01  ,0,0,0,0,0,0,0,0,0,-20000,0,0,0,50000,70000,-20000,-20000
065878,麗豐群益02購01  ,0,0,0,0,0,0,0,0,0,-20000,0,0,0,0,20000,-20000,-20000
2482,連宇            ,16000,36000,-20000,0,0,0,0,0,0,0,0,0,0,0,0,0,-20000
066947,聯發科元大01購15,0,0,0,0,0,0,0,0,0,-21000,0,0,0,9000,30000,-21000,-21000
067142,美利達永豐01購02,0,0,0,0,0,0,0,0,0,-21000,0,0,0,0,21000,-21000,-21000
066739,揚明光元大01購01,0,0,0,0,0,0,0,0,0,-21000,0,0,0,0,21000,-21000,-21000
07005P,台積電統一9B售05,0,0,0,0,0,0,0,0,0,-21000,0,0,0,0,21000,-21000,-21000
08496P,金像電國票01售02,0,0,0,0,0,0,0,0,0,-21000,0,0,0,11000,32000,-21000,-21000
08814P,世紀鋼群益01售04,0,0,0,0,0,0,0,0,0,-21000,0,0,0,0,21000,-21000,-21000
056241,緯創群益97購01  ,0,0,0,0,0,0,0,0,0,-21000,0,0,0,5000,26000,-21000,-21000
058011,台虹國票99購01  ,0,0,0,0,0,0,0,0,0,-21000,0,0,0,0,21000,-21000,-21000
058925,旭富元富99購02  ,0,0,0,0,0,0,0,0,0,-21000,0,0,0,19000,40000,-21000,-21000
056800,臺股指麥證98購01,0,0,0,0,21000,-21000,0,0,0,-21000,0,0,0,0,21000,-21000,-21000
062058,瑞昱統一01購01  ,0,0,0,0,0,0,0,0,0,-21000,0,0,0,0,21000,-21000,-21000
060399,康友國票9A購02  ,0,0,0,0,0,0,0,0,0,-21000,0,0,0,6000,27000,-21000,-21000
061628,緯穎群益9A購04  ,0,0,0,0,0,0,0,0,0,-21000,0,0,0,0,21000,-21000,-21000
059695,聯鈞永豐99購02  ,0,0,0,0,0,0,0,0,0,-21000,0,0,0,4000,25000,-21000,-21000
062275,燿華群益9B購01  ,0,0,0,0,0,0,0,0,0,-21000,0,0,0,0,21000,-21000,-21000
059562,上銀凱基99購09  ,0,0,0,0,0,0,0,0,0,-21000,0,0,0,0,21000,-21000,-21000
059907,道瓊指元大99購03,0,0,0,0,0,0,0,0,0,-21000,0,0,0,10000,31000,-21000,-21000
059860,台積電群益9A購02,0,0,0,0,0,0,0,0,0,-21000,0,0,0,0,21000,-21000,-21000
060817,華邦電台新9A購01,0,0,0,0,0,0,0,0,0,-21000,0,0,0,2000,23000,-21000,-21000
060040,康控國票99購04  ,0,0,0,0,0,0,0,0,0,-21000,0,0,0,24000,45000,-21000,-21000
065927,智原國票02購01  ,0,0,0,0,0,0,0,0,0,-21000,0,0,0,10000,31000,-21000,-21000
065341,華邦電統一01購02,0,0,0,0,0,0,0,0,0,-21000,0,0,0,0,21000,-21000,-21000
065313,聯茂國票01購01  ,0,0,0,0,0,0,0,0,0,-21000,0,0,0,367000,388000,-21000,-21000
064289,台郡元大9C購01  ,0,0,0,0,0,0,0,0,0,-21000,0,0,0,24000,45000,-21000,-21000
063460,智邦元大9B購08  ,0,0,0,0,0,0,0,0,0,-21000,0,0,0,14000,35000,-21000,-21000
063851,健策元大01購01  ,0,0,0,0,0,0,0,0,0,-21000,0,0,0,82000,103000,-21000,-21000
063841,國巨元大01購01  ,0,0,0,0,0,0,0,0,0,-21000,0,0,0,96000,117000,-21000,-21000
3050,鈺德            ,23000,44000,-21000,0,0,0,0,0,0,0,0,0,0,0,0,0,-21000
1316,上曜            ,13000,34000,-21000,0,0,0,0,0,0,0,0,0,0,0,0,0,-21000
4104,佳醫            ,30000,51000,-21000,0,0,0,0,0,0,0,0,0,0,0,0,0,-21000
4190,佐登-KY         ,45000,66000,-21000,0,0,0,0,0,0,0,0,0,0,0,0,0,-21000
4994,傳奇            ,34000,54000,-20000,0,0,0,0,1000,-1000,0,1000,0,1000,0,1000,-1000,-21000
08683P,大立光凱基02售03,0,0,0,0,0,0,0,0,0,-22000,0,0,0,0,22000,-22000,-22000
08596P,聯發科國泰02售02,0,0,0,0,0,0,0,0,0,-22000,0,0,0,84000,106000,-22000,-22000
08666P,智邦國票02售01  ,0,0,0,0,0,0,0,0,0,-22000,0,0,0,66000,88000,-22000,-22000
07531P,大立光國泰9B售03,0,0,0,0,0,0,0,0,0,-22000,0,0,0,0,22000,-22000,-22000
066676,A50正2兆豐03購01,0,0,0,0,0,0,0,0,0,-22000,0,0,0,0,22000,-22000,-22000
067217,康控元大01購02  ,0,0,0,0,0,0,0,0,0,-22000,0,0,0,25000,47000,-22000,-22000
057717,友訊元富98購02  ,0,0,0,0,0,0,0,0,0,-22000,0,0,0,102000,124000,-22000,-22000
058802,矽創元大99購02  ,0,0,0,0,0,0,0,0,0,-22000,0,0,0,0,22000,-22000,-22000
058812,台積電統一9B購06,0,0,0,0,0,0,0,0,0,-22000,0,0,0,3000,25000,-22000,-22000
058074,欣興凱基99購01  ,0,0,0,0,0,0,0,0,0,-22000,0,0,0,5000,27000,-22000,-22000
058537,彩晶統一9B購01  ,0,0,0,0,0,0,0,0,0,-22000,0,0,0,160000,182000,-22000,-22000
00717,富邦美國特別股  ,11000,11000,0,0,0,0,0,0,0,-22000,0,0,0,403000,425000,-22000,-22000
056413,上証反中信9A購01,0,0,0,0,0,0,0,0,0,-22000,0,0,0,0,22000,-22000,-22000
060542,上銀凱基9A購04  ,0,0,0,0,0,0,0,0,0,-22000,0,0,0,0,22000,-22000,-22000
060548,友達凱基9B購03  ,0,0,0,0,0,0,0,0,0,-22000,0,0,0,0,22000,-22000,-22000
060628,和大富邦9B購01  ,0,0,0,0,0,0,0,0,0,-22000,0,0,0,12000,34000,-22000,-22000
063083,聯發科凱基01購02,0,0,0,0,0,0,0,0,0,-22000,0,0,0,0,22000,-22000,-22000
061793,上銀永豐9B購01  ,0,0,0,0,0,0,0,0,0,-22000,0,0,0,10000,32000,-22000,-22000
062052,華通統一01購01  ,0,0,0,0,0,0,0,0,0,-22000,0,0,0,66000,88000,-22000,-22000
062090,南電元大9B購02  ,0,0,0,0,0,0,0,0,0,-22000,0,0,0,3000,25000,-22000,-22000
061179,華擎凱基9A購01  ,0,0,0,0,0,0,0,0,0,-22000,0,0,0,0,22000,-22000,-22000
064062,創意國泰01購01  ,0,0,0,0,0,0,0,0,0,-22000,0,0,0,0,22000,-22000,-22000
064201,新光金兆豐9C購01,0,0,0,0,0,0,0,0,0,-22000,0,0,0,0,22000,-22000,-22000
064901,牧德群益9C購01  ,0,0,0,0,0,0,0,0,0,-22000,0,0,0,43000,65000,-22000,-22000
065397,宏達電群益9C購03,0,0,0,0,0,0,0,0,0,-22000,0,0,0,135000,157000,-22000,-22000
065689,群創元富9C購04  ,0,0,0,0,0,0,0,0,0,-22000,0,0,0,226000,248000,-22000,-22000
1506,正道            ,11000,33000,-22000,0,0,0,0,0,0,0,0,0,0,0,0,0,-22000
1903,士紙            ,22000,44000,-22000,0,0,0,0,0,0,0,0,0,0,0,0,0,-22000
07576P,可成元大9A售01  ,0,0,0,0,0,0,0,0,0,-23000,0,0,0,0,23000,-23000,-23000
07274P,上証2X群益01售01,0,0,0,0,0,0,0,0,0,-23000,0,0,0,22000,45000,-23000,-23000
00666R,富邦恒生國企反1 ,0,0,0,0,0,0,0,0,0,-23000,0,0,0,86000,109000,-23000,-23000
055093,京鼎群益98購01  ,0,0,0,0,0,0,0,0,0,-23000,0,0,0,10000,33000,-23000,-23000
054893,帆宣統一99購01  ,0,0,0,0,0,0,0,0,0,-23000,0,0,0,164000,187000,-23000,-23000
056719,台虹永豐98購01  ,0,0,0,0,0,0,0,0,0,-23000,0,0,0,95000,118000,-23000,-23000
061045,儒鴻第一9A購01  ,0,0,0,0,0,0,0,0,0,-23000,0,0,0,0,23000,-23000,-23000
059525,上銀凱基99購08  ,0,0,0,0,0,0,0,0,0,-23000,0,0,0,0,23000,-23000,-23000
061960,國巨統一01購05  ,0,0,0,0,0,0,0,0,0,-23000,0,0,0,19000,42000,-23000,-23000
063092,聯發科中信9B購03,0,0,0,0,0,0,0,0,0,-23000,0,0,0,0,23000,-23000,-23000
06269P,群創凱基98售10  ,0,0,0,0,0,0,0,0,0,-23000,0,0,0,3000,26000,-23000,-23000
062916,智易元大9B購01  ,0,0,0,0,0,0,0,0,0,-23000,0,0,0,78000,101000,-23000,-23000
060004,臺指反群益9A購01,0,0,0,0,0,0,0,0,0,-23000,0,0,0,0,23000,-23000,-23000
060975,滬深2X元大01購02,0,0,0,0,0,0,0,0,0,-23000,0,0,0,0,23000,-23000,-23000
062524,鴻海統一9C購09  ,0,0,0,0,0,0,0,0,0,-23000,0,0,0,5000,28000,-23000,-23000
065723,新日興兆豐01購01,0,0,0,0,0,0,0,0,0,-23000,0,0,0,87000,110000,-23000,-23000
065194,和大元富9C購01  ,0,0,0,0,0,0,0,0,0,-23000,0,0,0,3000,26000,-23000,-23000
065017,和大富邦03購01  ,0,0,0,0,0,0,0,0,0,-23000,0,0,0,100000,123000,-23000,-23000
064213,大立光凱基03購01,0,0,0,0,0,0,0,0,0,-23000,0,0,0,11000,34000,-23000,-23000
064317,日月光群益9C購01,0,0,0,0,0,0,0,0,0,-23000,0,0,0,13000,36000,-23000,-23000
2534,宏盛            ,104000,127000,-23000,0,0,0,0,0,0,0,0,0,0,0,0,0,-23000
4906,正文            ,388000,429000,-41000,0,0,0,0,0,0,18000,4000,0,4000,32000,18000,14000,-23000
6591,動力-KY         ,460000,483000,-23000,0,0,0,0,0,0,0,0,0,0,0,0,0,-23000
8374,羅昇            ,6000,29000,-23000,0,0,0,0,0,0,0,0,0,0,0,0,0,-23000
07673P,電子類元大9A售01,0,0,0,0,0,0,0,0,0,-24000,0,0,0,0,24000,-24000,-24000
08674P,嘉晶元富07售02  ,0,0,0,0,0,0,0,0,0,-24000,0,0,0,0,24000,-24000,-24000
08556P,臺股指中信01售08,0,0,0,0,0,0,0,0,0,-24000,0,0,0,56000,80000,-24000,-24000
08781P,台灣50元大01售25,0,0,0,0,0,0,0,0,0,-24000,0,0,0,0,24000,-24000,-24000
067035,台表科康和01購01,0,0,0,0,0,0,0,0,0,-24000,0,0,0,0,24000,-24000,-24000
061118,GIS富邦9A購01   ,0,0,0,0,0,0,0,0,0,-24000,0,0,0,0,24000,-24000,-24000
057087,台郡統一99購01  ,0,0,0,0,0,0,0,0,0,-24000,0,0,0,56000,80000,-24000,-24000
057787,TPK國票99購01   ,0,0,0,0,0,0,0,0,0,-24000,0,0,0,68000,92000,-24000,-24000
054924,景碩凱基98購01  ,0,0,0,0,0,0,0,0,0,-24000,0,0,0,2000,26000,-24000,-24000
061036,晶技永豐9A購03  ,0,0,0,0,0,0,0,0,0,-24000,0,0,0,151000,175000,-24000,-24000
060836,上銀國票9A購03  ,0,0,0,0,0,0,0,0,0,-24000,0,0,0,0,24000,-24000,-24000
062919,聯茂元大9B購01  ,0,0,0,0,0,0,0,0,0,-24000,0,0,0,131000,155000,-24000,-24000
062711,台表科元大9B購05,0,0,0,0,0,0,0,0,0,-24000,0,0,0,0,24000,-24000,-24000
062801,宏達電統一01購01,0,0,0,0,0,0,0,0,0,-24000,0,0,0,104000,128000,-24000,-24000
059386,上銀凱基99購07  ,0,0,0,0,0,0,0,0,0,-24000,0,0,0,3000,27000,-24000,-24000
059334,A50正2國票9A購02,0,0,0,0,0,0,0,0,0,-24000,0,0,0,5000,29000,-24000,-24000
059760,楠梓電永豐99購01,0,0,0,0,0,0,0,0,0,-24000,0,0,0,27000,51000,-24000,-24000
059165,南亞科凱基99購04,0,0,0,0,0,0,0,0,0,-24000,0,0,0,18000,42000,-24000,-24000
064195,晶豪科群益9C購01,0,0,0,0,0,0,0,0,0,-24000,0,0,0,1000,25000,-24000,-24000
063847,聯發科元大9C購03,0,0,0,0,0,0,0,0,0,-24000,0,0,0,1000,25000,-24000,-24000
063706,台虹群益9B購01  ,0,0,0,0,0,0,0,0,0,-24000,0,0,0,10000,34000,-24000,-24000
064791,友達國票9C購01  ,0,0,0,0,0,0,0,0,0,-24000,0,0,0,0,24000,-24000,-24000
065901,台積電富邦03購04,0,0,0,0,0,0,0,0,0,-24000,0,0,0,1000,25000,-24000,-24000
065871,南亞科群益9C購03,0,0,0,0,0,0,0,0,0,-24000,0,0,0,21000,45000,-24000,-24000
3356,奇偶            ,141000,165000,-24000,0,0,0,0,0,0,0,0,0,0,0,0,0,-24000
1806,冠軍            ,45000,69000,-24000,0,0,0,0,0,0,0,0,0,0,0,0,0,-24000
067122,眾達國泰03購02  ,0,0,0,0,0,0,0,0,0,-25000,0,0,0,0,25000,-25000,-25000
066245,道瓊反元大02購01,0,0,0,0,0,0,0,0,0,-25000,0,0,0,0,25000,-25000,-25000
066181,泰鼎凱基01購01  ,0,0,0,0,0,0,0,0,0,-25000,0,0,0,10000,35000,-25000,-25000
08798P,聯發科國票01售03,0,0,0,0,0,0,0,0,0,-25000,0,0,0,0,25000,-25000,-25000
08414P,超眾凱基9C售02  ,0,0,0,0,0,0,0,0,0,-25000,0,0,0,50000,75000,-25000,-25000
08278P,玉晶光元富9C售02,0,0,0,0,0,0,0,0,0,-25000,0,0,0,10000,35000,-25000,-25000
07317P,T50正2凱基9B售02,0,0,0,0,0,0,0,0,0,-25000,0,0,0,0,25000,-25000,-25000
07164P,臺股指群益99售15,0,0,0,0,0,0,0,0,0,-25000,0,0,0,100000,125000,-25000,-25000
056710,漢唐永豐98購01  ,0,0,0,0,0,0,0,0,0,-25000,0,0,0,26000,51000,-25000,-25000
058484,元金2X國票04購01,0,0,0,0,0,0,0,0,0,-25000,0,0,0,0,25000,-25000,-25000
057662,上銀元大9A購01  ,0,0,0,0,0,0,0,0,0,-25000,0,0,0,50000,75000,-25000,-25000
057539,南茂元大98購02  ,0,0,0,0,0,0,0,0,0,-25000,0,0,0,15000,40000,-25000,-25000
054088,華新群益98購02  ,0,0,0,0,0,0,0,0,0,-25000,0,0,0,0,25000,-25000,-25000
051603,深中小群益99購03,0,0,0,0,0,0,0,0,0,-25000,0,0,0,0,25000,-25000,-25000
056555,矽創凱基98購01  ,0,0,0,0,0,0,0,0,0,-25000,0,0,0,20000,45000,-25000,-25000
058875,台表科國票9A購02,0,0,0,0,0,0,0,0,0,-25000,0,0,0,15000,40000,-25000,-25000
058718,台灣50元富03購01,0,0,0,0,0,0,0,0,0,-25000,0,0,0,85000,110000,-25000,-25000
058048,群創元大9B購07  ,0,0,0,0,0,0,0,0,0,-25000,0,0,0,50000,75000,-25000,-25000
058049,帆宣元大98購01  ,0,0,0,0,0,0,0,0,0,-25000,0,0,0,66000,91000,-25000,-25000
058153,景碩統一9B購01  ,0,0,0,0,0,0,0,0,0,-25000,0,0,0,0,25000,-25000,-25000
057296,智原永豐98購01  ,0,0,0,0,0,0,0,0,0,-25000,0,0,0,0,25000,-25000,-25000
061827,台灣50凱基02購01,0,0,0,0,0,0,0,0,0,-25000,0,0,0,45000,70000,-25000,-25000
061538,SP黃豆群益9A購03,0,0,0,0,0,0,0,0,0,-25000,0,0,0,0,25000,-25000,-25000
061491,嘉聯益兆豐9B購01,0,0,0,0,0,0,0,0,0,-25000,0,0,0,0,25000,-25000,-25000
061660,禾伸堂永豐9A購01,0,0,0,0,0,0,0,0,0,-25000,0,0,0,0,25000,-25000,-25000
062767,GIS凱基9B購02   ,0,0,0,0,0,0,0,0,0,-25000,0,0,0,10000,35000,-25000,-25000
062727,華擎凱基9B購03  ,0,0,0,0,0,0,0,0,0,-25000,0,0,0,10000,35000,-25000,-25000
063007,儒鴻元大9B購01  ,0,0,0,0,0,0,0,0,0,-25000,0,0,0,18000,43000,-25000,-25000
063203,華新科統一9C購04,0,0,0,0,0,0,0,0,0,-25000,0,0,0,1000,26000,-25000,-25000
060926,宏達電永豐9A購01,0,0,0,0,0,0,0,0,0,-25000,0,0,0,0,25000,-25000,-25000
060942,智邦國票9A購02  ,0,0,0,0,0,0,0,0,0,-25000,0,0,0,0,25000,-25000,-25000
060249,正文元大9C購01  ,0,0,0,0,0,0,0,0,0,-25000,0,0,0,1000,26000,-25000,-25000
060544,國巨凱基9B購03  ,0,0,0,0,0,0,0,0,0,-25000,0,0,0,0,25000,-25000,-25000
064974,燿華元大9C購03  ,0,0,0,0,0,0,0,0,0,-25000,0,0,0,114000,139000,-25000,-25000
06499P,臺股指元大9A售04,0,0,0,0,0,0,0,0,0,-25000,0,0,0,5000,30000,-25000,-25000
065058,東元群益9C購01  ,0,0,0,0,0,0,0,0,0,-25000,0,0,0,0,25000,-25000,-25000
065273,南電元大9C購06  ,0,0,0,0,0,0,0,0,0,-25000,0,0,0,0,25000,-25000,-25000
06376P,上銀統一99售01  ,0,0,0,0,0,0,0,0,0,-25000,0,0,0,0,25000,-25000,-25000
064029,宏達電元大9C購01,0,0,0,0,0,0,0,0,0,-25000,0,0,0,57000,82000,-25000,-25000
063650,矽創元大9B購03  ,0,0,0,0,0,0,0,0,0,-25000,0,0,0,78000,103000,-25000,-25000
08370P,台積電凱基01售06,0,0,0,0,0,0,0,0,0,-26000,0,0,0,20000,46000,-26000,-26000
066417,台積電元大01購13,0,0,0,0,0,0,0,0,0,-26000,0,0,0,5000,31000,-26000,-26000
066262,華碩元大01購02  ,0,0,0,0,0,0,0,0,0,-26000,0,0,0,13000,39000,-26000,-26000
066698,川湖群益01購01  ,0,0,0,0,0,0,0,0,0,-26000,0,0,0,0,26000,-26000,-26000
066784,滬深反中信03購01,0,0,0,0,0,0,0,0,0,-26000,0,0,0,0,26000,-26000,-26000
056944,鴻海統一98購11  ,0,0,0,0,0,0,0,0,0,-26000,0,0,0,66000,92000,-26000,-26000
059204,台灣50元大01購02,0,0,0,0,0,0,0,0,0,-26000,0,0,0,0,26000,-26000,-26000
055667,致茂群益98購01  ,0,0,0,0,0,0,0,0,0,-26000,0,0,0,118000,144000,-26000,-26000
060736,旺宏統一01購01  ,0,0,0,0,0,0,0,0,0,-26000,0,0,0,30000,56000,-26000,-26000
060700,華新科國泰9C購01,0,0,0,0,0,0,0,0,0,-26000,0,0,0,0,26000,-26000,-26000
060064,華新科兆豐99購07,0,0,0,0,0,0,0,0,0,-26000,0,0,0,0,26000,-26000,-26000
063132,台表科元大9C購02,0,0,0,0,0,0,0,0,0,-26000,0,0,0,50000,76000,-26000,-26000
062673,台新金中信03購01,0,0,0,0,0,0,0,0,0,-26000,0,0,0,0,26000,-26000,-26000
061387,鴻海群益9A購05  ,0,0,0,0,0,0,0,0,0,-26000,0,0,0,32000,58000,-26000,-26000
059622,上銀凱基99購10  ,0,0,0,0,0,0,0,0,0,-26000,0,0,0,0,26000,-26000,-26000
059826,欣興凱基99購06  ,0,0,0,0,0,0,0,0,0,-26000,0,0,0,0,26000,-26000,-26000
062405,泰鼎永豐9B購02  ,0,0,0,0,0,0,0,0,0,-26000,0,0,0,0,26000,-26000,-26000
059948,正文永豐99購01  ,0,0,0,0,0,0,0,0,0,-26000,0,0,0,30000,56000,-26000,-26000
063727,鴻海元大9C購05  ,0,0,0,0,0,0,0,0,0,-26000,0,0,0,12000,38000,-26000,-26000
063784,華通中信06購01  ,0,0,0,0,0,0,0,0,0,-26000,0,0,0,20000,46000,-26000,-26000
064053,祥碩統一02購01  ,0,0,0,0,0,0,0,0,0,-26000,0,0,0,7000,33000,-26000,-26000
064648,臻鼎凱基9C購02  ,0,0,0,0,0,0,0,0,0,-26000,0,0,0,121000,147000,-26000,-26000
064468,健策元富9C購02  ,0,0,0,0,0,0,0,0,0,-26000,0,0,0,40000,66000,-26000,-26000
065262,義隆元大9C購06  ,0,0,0,0,0,0,0,0,0,-26000,0,0,0,298000,324000,-26000,-26000
065297,旺宏統一02購01  ,0,0,0,0,0,0,0,0,0,-26000,0,0,0,40000,66000,-26000,-26000
065167,華通元大02購01  ,0,0,0,0,0,0,0,0,0,-26000,0,0,0,10000,36000,-26000,-26000
064713,和大統一02購01  ,0,0,0,0,0,0,0,0,0,-26000,0,0,0,195000,221000,-26000,-26000
065699,南亞科群益9C購02,0,0,0,0,0,0,0,0,0,-26000,0,0,0,309000,335000,-26000,-26000
065700,京元電群益9C購01,0,0,0,0,0,0,0,0,0,-26000,0,0,0,19000,45000,-26000,-26000
065528,FBVIX中信04購01 ,0,0,0,0,0,0,0,0,0,-26000,0,0,0,0,26000,-26000,-26000
2538,基泰            ,61000,87000,-26000,0,0,0,0,0,0,0,0,0,0,0,0,0,-26000
2477,美隆電          ,14000,40000,-26000,0,0,0,0,0,0,0,0,0,0,0,0,0,-26000
5305,敦南            ,66000,103000,-37000,0,0,0,0,0,0,11000,13000,2000,11000,0,0,0,-26000
9188,精熙-DR         ,25000,51000,-26000,0,0,0,0,0,0,0,0,0,0,0,0,0,-26000
066458,大毅統一02購02  ,0,0,0,0,0,0,0,0,0,-27000,0,0,0,24000,51000,-27000,-27000
066106,台郡國票02購01  ,0,0,0,0,0,0,0,0,0,-27000,0,0,0,272000,299000,-27000,-27000
066088,漢翔永豐01購01  ,0,0,0,0,0,0,0,0,0,-27000,0,0,0,0,27000,-27000,-27000
065979,立積元大03購01  ,0,0,0,0,0,0,0,0,0,-27000,0,0,0,290000,317000,-27000,-27000
08199P,大毅元大9B售02  ,0,0,0,0,0,0,0,0,0,-27000,0,0,0,25000,52000,-27000,-27000
08806P,技嘉元富07售02  ,0,0,0,0,0,0,0,0,0,-27000,0,0,0,0,27000,-27000,-27000
06999P,玉晶光國票9B售01,0,0,0,0,0,0,0,0,0,-27000,0,0,0,33000,60000,-27000,-27000
057903,聯鈞永豐99購01  ,0,0,0,0,0,0,0,0,0,-27000,0,0,0,30000,57000,-27000,-27000
056578,智易元大99購02  ,0,0,0,0,0,0,0,0,0,-27000,0,0,0,0,27000,-27000,-27000
057878,台郡元大99購04  ,0,0,0,0,0,0,0,0,0,-27000,0,0,0,28000,55000,-27000,-27000
061127,美食永豐9A購01  ,0,0,0,0,0,0,0,0,0,-27000,0,0,0,27000,54000,-27000,-27000
058105,旺宏統一9A購02  ,0,0,0,0,0,0,0,0,0,-27000,0,0,0,3000,30000,-27000,-27000
058333,鴻海元富99購04  ,0,0,0,0,0,0,0,0,0,-27000,0,0,0,1000,28000,-27000,-27000
058836,FBVIX中信03購05 ,0,0,0,0,0,0,0,0,0,-27000,0,0,0,51000,78000,-27000,-27000
058990,GIS凱基99購02   ,0,0,0,0,0,0,0,0,0,-27000,0,0,0,0,27000,-27000,-27000
059116,晶豪科永豐99購01,0,0,0,0,0,0,0,0,0,-27000,0,0,0,0,27000,-27000,-27000
061598,南電永豐9A購04  ,0,0,0,0,0,0,0,0,0,-27000,0,0,0,0,27000,-27000,-27000
062046,矽格凱基9B購01  ,0,0,0,0,0,0,0,0,0,-27000,0,0,0,80000,107000,-27000,-27000
063348,祥碩統一01購04  ,0,0,0,0,0,0,0,0,0,-27000,0,0,0,3000,30000,-27000,-27000
060909,金像電元大9B購01,0,0,0,0,0,0,0,0,0,-27000,0,0,0,55000,82000,-27000,-27000
060874,中鋼中信02購01  ,0,0,0,0,0,0,0,0,0,-27000,0,0,0,4000,31000,-27000,-27000
065550,聯發科凱基01購07,0,0,0,0,0,0,0,0,0,-27000,0,0,0,43000,70000,-27000,-27000
065907,南亞科永豐9C購01,0,0,0,0,0,0,0,0,0,-27000,0,0,0,10000,37000,-27000,-27000
064383,SP黃豆富邦01購01,0,0,0,0,0,0,0,0,0,-27000,0,0,0,0,27000,-27000,-27000
064695,京鼎群益02購02  ,0,0,0,0,0,0,0,0,0,-27000,0,0,0,6000,33000,-27000,-27000
064180,國巨富邦02購03  ,0,0,0,0,0,0,0,0,0,-27000,0,0,0,42000,69000,-27000,-27000
063627,上銀元大9B購09  ,0,0,0,0,0,0,0,0,0,-27000,0,0,0,78000,105000,-27000,-27000
063464,廣達元大9B購02  ,0,0,0,0,0,0,0,0,0,-27000,0,0,0,56000,83000,-27000,-27000
1810,和成            ,113000,140000,-27000,0,0,0,0,0,0,0,0,0,0,0,0,0,-27000
065999,燿華國票02購01  ,0,0,0,0,0,0,0,0,0,-28000,0,0,0,0,28000,-28000,-28000
066102,國揚國票02購01  ,0,0,0,0,0,0,0,0,0,-28000,0,0,0,39000,67000,-28000,-28000
066128,台積電群益02購01,0,0,0,0,0,0,0,0,0,-28000,0,0,0,382000,410000,-28000,-28000
03684C,臺股指元大06牛01,0,0,0,0,0,0,0,0,0,-28000,0,0,0,0,28000,-28000,-28000
055106,台積電凱基98購05,0,0,0,0,0,0,0,0,0,-28000,0,0,0,10000,38000,-28000,-28000
061005,可成兆豐9A購01  ,0,0,0,0,0,0,0,0,0,-28000,0,0,0,73000,101000,-28000,-28000
063252,緯穎元大9B購07  ,0,0,0,0,0,0,0,0,0,-28000,0,0,0,12000,40000,-28000,-28000
063241,聯發科元大9B購18,0,0,0,0,0,0,0,0,0,-28000,0,0,0,2000,30000,-28000,-28000
063142,奇力新統一9C購04,0,0,0,0,0,0,0,0,0,-28000,0,0,0,0,28000,-28000,-28000
062666,和碩群益9B購01  ,0,0,0,0,0,0,0,0,0,-28000,0,0,0,104000,132000,-28000,-28000
062720,南亞科凱基9B購03,0,0,0,0,0,0,0,0,0,-28000,0,0,0,2000,30000,-28000,-28000
062183,奇鋐元大9B購01  ,0,0,0,0,0,0,0,0,0,-28000,0,0,0,480000,508000,-28000,-28000
060389,世紀鋼凱基9B購02,0,0,0,0,0,0,0,0,0,-28000,0,0,0,0,28000,-28000,-28000
063497,東元永豐9B購01  ,0,0,0,0,0,0,0,0,0,-28000,0,0,0,0,28000,-28000,-28000
064236,奇力新統一01購04,0,0,0,0,0,0,0,0,0,-28000,0,0,0,0,28000,-28000,-28000
064549,神基凱基9C購01  ,0,0,0,0,0,0,0,0,0,-28000,0,0,0,0,28000,-28000,-28000
064381,道瓊銀國泰02購01,0,0,0,0,0,0,0,0,0,-28000,0,0,0,40000,68000,-28000,-28000
064414,臺股指凱基9C購10,0,0,0,0,0,0,0,0,0,-28000,0,0,0,12000,40000,-28000,-28000
065695,友訊群益01購02  ,0,0,0,0,0,0,0,0,0,-28000,0,0,0,2000,30000,-28000,-28000
2466,冠西電          ,22000,50000,-28000,0,0,0,0,0,0,0,0,0,0,0,0,0,-28000
2616,山隆            ,12000,40000,-28000,0,0,0,0,0,0,0,0,0,0,0,0,0,-28000
5203,訊連            ,99000,127000,-28000,0,0,0,0,0,0,0,0,0,0,2000,2000,0,-28000
066133,京元電群益01購01,0,0,0,0,0,0,0,0,0,-29000,0,0,0,35000,64000,-29000,-29000
066058,TPK元大01購02   ,0,0,0,0,0,0,0,0,0,-29000,0,0,0,0,29000,-29000,-29000
066287,訊芯元大01購01  ,0,0,0,0,0,0,0,0,0,-29000,0,0,0,100000,129000,-29000,-29000
06793P,臺股指凱基98售03,0,0,0,0,0,0,0,0,0,-29000,0,0,0,0,29000,-29000,-29000
08544P,和碩國票01售02  ,0,0,0,0,0,0,0,0,0,-29000,0,0,0,13000,42000,-29000,-29000
056286,奇鋐永豐97購01  ,0,0,0,0,0,0,0,0,0,-29000,0,0,0,1000,30000,-29000,-29000
03680C,臺股指凱基9A牛26,0,0,0,0,0,0,0,0,0,-29000,0,0,0,3000,32000,-29000,-29000
054138,晶技元大98購02  ,0,0,0,0,0,0,0,0,0,-29000,0,0,0,1000,30000,-29000,-29000
053377,台積電元大98購01,0,0,0,0,0,0,0,0,0,-29000,0,0,0,137000,166000,-29000,-29000
054308,嘉晶凱基98購01  ,0,0,0,0,0,0,0,0,0,-29000,0,0,0,39000,68000,-29000,-29000
051432,群創元富99購03  ,0,0,0,0,0,0,0,0,0,-29000,0,0,0,1000,30000,-29000,-29000
056726,友達日盛9A購01  ,0,0,0,0,0,0,0,0,0,-29000,0,0,0,0,29000,-29000,-29000
062213,和大統一9B購02  ,0,0,0,0,0,0,0,0,0,-29000,0,0,0,6000,35000,-29000,-29000
062148,奇鋐國票9B購01  ,0,0,0,0,0,0,0,0,0,-29000,0,0,0,27000,56000,-29000,-29000
062018,台勝科永豐9B購01,0,0,0,0,0,0,0,0,0,-29000,0,0,0,81000,110000,-29000,-29000
061432,世紀鋼元大9A購05,0,0,0,0,0,0,0,0,0,-29000,0,0,0,30000,59000,-29000,-29000
061446,鴻海中信04購01  ,0,0,0,0,0,0,0,0,0,-29000,0,0,0,5000,34000,-29000,-29000
062712,晶技麥證9B購02  ,0,0,0,3000,32000,-29000,0,0,0,-29000,0,0,0,3000,32000,-29000,-29000
063118,中鋼元大9C購01  ,0,0,0,0,0,0,0,0,0,-29000,0,0,0,63000,92000,-29000,-29000
063164,聯發科永豐9B購03,0,0,0,0,0,0,0,0,0,-29000,0,0,0,6000,35000,-29000,-29000
060694,旺宏麥證9A購02  ,0,0,0,0,29000,-29000,0,0,0,-29000,0,0,0,0,29000,-29000,-29000
064929,台表科統一02購03,0,0,0,0,0,0,0,0,0,-29000,0,0,0,16000,45000,-29000,-29000
064057,緯穎統一02購01  ,0,0,0,0,0,0,0,0,0,-29000,0,0,0,1000,30000,-29000,-29000
064065,大立光富邦02購02,0,0,0,0,0,0,0,0,0,-29000,0,0,0,80000,109000,-29000,-29000
063911,大立光凱基9C購03,0,0,0,0,0,0,0,0,0,-29000,0,0,0,19000,48000,-29000,-29000
2443,億麗            ,25000,54000,-29000,0,0,0,0,0,0,0,0,0,0,0,0,0,-29000
2727,王品            ,29000,58000,-29000,0,0,0,0,0,0,0,0,0,0,0,0,0,-29000
1473,台南            ,20000,49000,-29000,0,0,0,0,0,0,0,0,0,0,0,0,0,-29000
08585P,台表科群益9C售04,0,0,0,0,0,0,0,0,0,-30000,0,0,0,0,30000,-30000,-30000
08834P,聯發科統一01售11,0,0,0,0,0,0,0,0,0,-30000,0,0,0,0,30000,-30000,-30000
08751P,友達群益01售01  ,0,0,0,0,0,0,0,0,0,-30000,0,0,0,0,30000,-30000,-30000
08437P,台郡群益9C售01  ,0,0,0,0,0,0,0,0,0,-30000,0,0,0,0,30000,-30000,-30000
07128P,大毅元大99售04  ,0,0,0,0,0,0,0,0,0,-30000,0,0,0,0,30000,-30000,-30000
07304P,臺股指元大9A售37,0,0,0,0,0,0,0,0,0,-30000,0,0,0,0,30000,-30000,-30000
07814P,華通群益9A售06  ,0,0,0,0,0,0,0,0,0,-30000,0,0,0,0,30000,-30000,-30000
07901P,臺股指凱基9B售04,0,0,0,0,0,0,0,0,0,-30000,0,0,0,0,30000,-30000,-30000
08016P,臺股指凱基02售02,0,0,0,0,0,0,0,0,0,-30000,0,0,0,0,30000,-30000,-30000
08114P,國巨凱基9B售11  ,0,0,0,0,0,0,0,0,0,-30000,0,0,0,0,30000,-30000,-30000
06732P,台灣50日盛9A售01,0,0,0,0,0,0,0,0,0,-30000,0,0,0,2130000,2160000,-30000,-30000
067277,樺漢統一03購01  ,0,0,0,0,0,0,0,0,0,-30000,0,0,0,0,30000,-30000,-30000
067222,申豐元大01購01  ,0,0,0,0,0,0,0,0,0,-30000,0,0,0,0,30000,-30000,-30000
067238,大立光群益02購03,0,0,0,0,0,0,0,0,0,-30000,0,0,0,0,30000,-30000,-30000
067096,滬深2X群益01購06,0,0,0,0,0,0,0,0,0,-30000,0,0,0,0,30000,-30000,-30000
066455,聯發科統一01購10,0,0,0,0,0,0,0,0,0,-30000,0,0,0,14000,44000,-30000,-30000
066487,聯詠元富01購03  ,0,0,0,0,0,0,0,0,0,-30000,0,0,0,29000,59000,-30000,-30000
066545,鴻海元大01購09  ,0,0,0,0,0,0,0,0,0,-30000,0,0,0,42000,72000,-30000,-30000
066096,友訊中信05購02  ,0,0,0,0,0,0,0,0,0,-30000,0,0,0,0,30000,-30000,-30000
066075,景碩凱基02購01  ,0,0,0,0,0,0,0,0,0,-30000,0,0,0,110000,140000,-30000,-30000
066187,瑞祺凱基01購01  ,0,0,0,0,0,0,0,0,0,-30000,0,0,0,20000,50000,-30000,-30000
056734,國巨凱基99購01  ,0,0,0,0,0,0,0,0,0,-30000,0,0,0,0,30000,-30000,-30000
056870,全新日盛9A購01  ,0,0,0,0,0,0,0,0,0,-30000,0,0,0,0,30000,-30000,-30000
056820,欣興永豐98購02  ,0,0,0,0,0,0,0,0,0,-30000,0,0,0,0,30000,-30000,-30000
058856,新光金兆豐99購01,0,0,0,0,0,0,0,0,0,-30000,0,0,0,175000,205000,-30000,-30000
058319,大毅永豐9A購01  ,0,0,0,0,0,0,0,0,0,-30000,0,0,0,70000,100000,-30000,-30000
058278,FBVIX中信03購02 ,0,0,0,0,0,0,0,0,0,-30000,0,0,0,0,30000,-30000,-30000
058211,國巨群益9A購02  ,0,0,0,0,0,0,0,0,0,-30000,0,0,0,0,30000,-30000,-30000
057924,健策凱基98購02  ,0,0,0,0,0,0,0,0,0,-30000,0,0,0,0,30000,-30000,-30000
061113,南電元大9A購03  ,0,0,0,0,0,0,0,0,0,-30000,0,0,0,20000,50000,-30000,-30000
061339,京元電元大9A購05,0,0,0,0,0,0,0,0,0,-30000,0,0,0,0,30000,-30000,-30000
061330,T50反1元大9A購14,0,0,0,0,0,0,0,0,0,-30000,0,0,0,0,30000,-30000,-30000
059253,康控凱基9B購02  ,0,0,0,0,0,0,0,0,0,-30000,0,0,0,10000,40000,-30000,-30000
061048,國巨中信9A購05  ,0,0,0,0,0,0,0,0,0,-30000,0,0,0,10000,40000,-30000,-30000
056910,超眾元大99購02  ,0,0,0,0,0,0,0,0,0,-30000,0,0,0,0,30000,-30000,-30000
057024,義隆凱基99購01  ,0,0,0,0,0,0,0,0,0,-30000,0,0,0,0,30000,-30000,-30000
057806,國巨元大98購20  ,0,0,0,0,0,0,0,0,0,-30000,0,0,0,0,30000,-30000,-30000
056526,力山凱基98購01  ,0,0,0,0,0,0,0,0,0,-30000,0,0,0,0,30000,-30000,-30000
056346,聯茂凱基99購02  ,0,0,0,0,0,0,0,0,0,-30000,0,0,0,253000,283000,-30000,-30000
056260,鴻海統一98購07  ,0,0,0,0,0,0,0,0,0,-30000,0,0,0,0,30000,-30000,-30000
056173,廣達元富97購01  ,0,0,0,0,0,0,0,0,0,-30000,0,0,0,0,30000,-30000,-30000
057557,聯茂凱基99購04  ,0,0,0,0,0,0,0,0,0,-30000,0,0,0,0,30000,-30000,-30000
058441,T50反1台新03購01,0,0,0,0,0,0,0,0,0,-30000,0,0,0,0,30000,-30000,-30000
054930,群電凱基98購01  ,0,0,0,0,0,0,0,0,0,-30000,0,0,0,0,30000,-30000,-30000
055919,景碩凱基98購02  ,0,0,0,0,0,0,0,0,0,-30000,0,0,0,0,30000,-30000,-30000
056109,彩晶永豐98購01  ,0,0,0,0,0,0,0,0,0,-30000,0,0,0,0,30000,-30000,-30000
055662,上銀中信99購01  ,0,0,0,0,0,0,0,0,0,-30000,0,0,0,0,30000,-30000,-30000
060562,旺宏富邦9C購02  ,0,0,0,0,0,0,0,0,0,-30000,0,0,0,25000,55000,-30000,-30000
060904,臺指反元大9C購07,0,0,0,0,0,0,0,0,0,-30000,0,0,0,40000,70000,-30000,-30000
062607,美食凱基9B購01  ,0,0,0,0,0,0,0,0,0,-30000,0,0,0,20000,50000,-30000,-30000
062880,大立光兆豐9B購02,0,0,0,0,0,0,0,0,0,-30000,0,0,0,0,30000,-30000,-30000
061466,創意群益9A購01  ,0,0,0,0,0,0,0,0,0,-30000,0,0,0,50000,80000,-30000,-30000
061545,華新科群益9A購09,0,0,0,0,0,0,0,0,0,-30000,0,0,0,1000,31000,-30000,-30000
059536,新光金凱基99購05,0,0,0,0,0,0,0,0,0,-30000,0,0,0,10000,40000,-30000,-30000
062095,旺宏富邦9C購03  ,0,0,0,0,0,0,0,0,0,-30000,0,0,0,0,30000,-30000,-30000
062116,元金2X第一9B購01,0,0,0,0,0,0,0,0,0,-30000,0,0,0,0,30000,-30000,-30000
062137,華新科群益9B購04,0,0,0,0,0,0,0,0,0,-30000,0,0,0,0,30000,-30000,-30000
062237,緯創凱基9B購01  ,0,0,0,0,0,0,0,0,0,-30000,0,0,0,43000,73000,-30000,-30000
059869,友達凱基99購07  ,0,0,0,0,0,0,0,0,0,-30000,0,0,0,0,30000,-30000,-30000
059876,智易凱基99購02  ,0,0,0,0,0,0,0,0,0,-30000,0,0,0,0,30000,-30000,-30000
059732,超眾元大9A購01  ,0,0,0,0,0,0,0,0,0,-30000,0,0,0,16000,46000,-30000,-30000
059629,友達凱基99購06  ,0,0,0,0,0,0,0,0,0,-30000,0,0,0,0,30000,-30000,-30000
063917,南六凱基02購01  ,0,0,0,0,0,0,0,0,0,-30000,0,0,0,10000,40000,-30000,-30000
064004,全新凱基01購01  ,0,0,0,0,0,0,0,0,0,-30000,0,0,0,129000,159000,-30000,-30000
063503,香港反中信9C購01,0,0,0,0,0,0,0,0,0,-30000,0,0,0,0,30000,-30000,-30000
063434,和潤元富9B購01  ,0,0,0,0,0,0,0,0,0,-30000,0,0,0,3000,33000,-30000,-30000
063692,華擎永豐9B購02  ,0,0,0,0,0,0,0,0,0,-30000,0,0,0,0,30000,-30000,-30000
064073,南電永豐9C購01  ,0,0,0,0,0,0,0,0,0,-30000,0,0,0,0,30000,-30000,-30000
064123,台積電元大9C購09,0,0,0,0,0,0,0,0,0,-30000,0,0,0,171000,201000,-30000,-30000
064188,玉晶光永豐9C購02,0,0,0,0,0,0,0,0,0,-30000,0,0,0,35000,65000,-30000,-30000
064442,嘉聯益凱基9C購01,0,0,0,0,0,0,0,0,0,-30000,0,0,0,20000,50000,-30000,-30000
064530,康控中信9C購01  ,0,0,0,0,0,0,0,0,0,-30000,0,0,0,69000,99000,-30000,-30000
064888,景碩中信9C購01  ,0,0,0,0,0,0,0,0,0,-30000,0,0,0,0,30000,-30000,-30000
064768,仁寶中信03購01  ,0,0,0,0,0,0,0,0,0,-30000,0,0,0,10000,40000,-30000,-30000
064800,鴻海元大9C購12  ,0,0,0,0,0,0,0,0,0,-30000,0,0,0,11000,41000,-30000,-30000
064824,台積電統一02購03,0,0,0,0,0,0,0,0,0,-30000,0,0,0,21000,51000,-30000,-30000
06510P,燿華永豐98售03  ,0,0,0,0,0,0,0,0,0,-30000,0,0,0,0,30000,-30000,-30000
065738,國巨麥證9C購04  ,0,0,0,0,30000,-30000,0,0,0,-30000,0,0,0,0,30000,-30000,-30000
065843,瑞昱元大9C購03  ,0,0,0,0,0,0,0,0,0,-30000,0,0,0,119000,149000,-30000,-30000
065645,嘉晶元大01購02  ,0,0,0,0,0,0,0,0,0,-30000,0,0,0,6000,36000,-30000,-30000
065469,FBVIX元大9C購05 ,0,0,0,0,0,0,0,0,0,-30000,0,0,0,0,30000,-30000,-30000
08854P,台灣50國票01售04,0,0,0,0,0,0,0,0,0,-30000,0,0,0,0,30000,-30000,-30000
5907,大洋-KY         ,30000,60000,-30000,0,0,0,0,0,0,0,0,0,0,0,0,0,-30000
6415,矽力-KY         ,330108,303880,26228,0,0,0,0,54000,-54000,-3000,0,3000,-3000,0,0,0,-30772
066514,盟立永豐01購01  ,0,0,0,0,0,0,0,0,0,-31000,0,0,0,0,31000,-31000,-31000
066728,台積電元大01購15,0,0,0,0,0,0,0,0,0,-31000,0,0,0,10000,41000,-31000,-31000
08002P,大毅國票9B售03  ,0,0,0,0,0,0,0,0,0,-31000,0,0,0,0,31000,-31000,-31000
07748P,茂林凱基9A售04  ,0,0,0,0,0,0,0,0,0,-31000,0,0,0,10000,41000,-31000,-31000
07059P,華通國票9A售02  ,0,0,0,0,0,0,0,0,0,-31000,0,0,0,0,31000,-31000,-31000
08468P,台郡統一9C售02  ,0,0,0,0,0,0,0,0,0,-31000,0,0,0,31000,62000,-31000,-31000
08439P,智邦國票01售02  ,0,0,0,0,0,0,0,0,0,-31000,0,0,0,33000,64000,-31000,-31000
08720P,台光電元大01售03,0,0,0,0,0,0,0,0,0,-31000,0,0,0,0,31000,-31000,-31000
055320,建準國票98購01  ,0,0,0,0,0,0,0,0,0,-31000,0,0,0,0,31000,-31000,-31000
05756P,臺股指中信99售05,0,0,0,0,0,0,0,0,0,-31000,0,0,0,0,31000,-31000,-31000
054743,聯鈞凱基99購01  ,0,0,0,0,0,0,0,0,0,-31000,0,0,0,0,31000,-31000,-31000
053388,群創元大9C購02  ,0,0,0,0,0,0,0,0,0,-31000,0,0,0,0,31000,-31000,-31000
057803,上銀元大98購08  ,0,0,0,0,0,0,0,0,0,-31000,0,0,0,2000,33000,-31000,-31000
059291,華新科元富9B購01,0,0,0,0,0,0,0,0,0,-31000,0,0,0,0,31000,-31000,-31000
058335,鴻海元富99購06  ,0,0,0,0,0,0,0,0,0,-31000,0,0,0,0,31000,-31000,-31000
056755,聯茂兆豐98購01  ,0,0,0,0,0,0,0,0,0,-31000,0,0,0,106000,137000,-31000,-31000
060450,南亞元大9A購02  ,0,0,0,0,0,0,0,0,0,-31000,0,0,0,50000,81000,-31000,-31000
062999,聯茂國票9C購01  ,0,0,0,0,0,0,0,0,0,-31000,0,0,0,23000,54000,-31000,-31000
065899,神基麥證9C購02  ,0,0,0,0,31000,-31000,0,0,0,-31000,0,0,0,0,31000,-31000,-31000
065693,國巨群益9C購18  ,0,0,0,0,0,0,0,0,0,-31000,0,0,0,0,31000,-31000,-31000
064374,旺宏元富9C購01  ,0,0,0,0,0,0,0,0,0,-31000,0,0,0,0,31000,-31000,-31000
064214,群創凱基03購01  ,0,0,0,0,0,0,0,0,0,-31000,0,0,0,62000,93000,-31000,-31000
063496,儒鴻永豐9B購01  ,0,0,0,0,0,0,0,0,0,-31000,0,0,0,10000,41000,-31000,-31000
066870,宏達電元富01購01,0,0,0,0,0,0,0,0,0,-32000,0,0,0,0,32000,-32000,-32000
067107,義隆群益01購02  ,0,0,0,0,0,0,0,0,0,-32000,0,0,0,205000,237000,-32000,-32000
06807P,臺股指群益98售13,0,0,0,0,0,0,0,0,0,-32000,0,0,0,0,32000,-32000,-32000
066281,眾達元大02購01  ,1000,0,1000,0,0,0,0,0,0,-33000,0,0,0,123000,156000,-33000,-32000
066056,聯鈞元大01購02  ,0,0,0,0,0,0,0,0,0,-32000,0,0,0,23000,55000,-32000,-32000
060326,群光群益9A購01  ,0,0,0,0,0,0,0,0,0,-32000,0,0,0,68000,100000,-32000,-32000
061234,國巨元大9A購18  ,0,0,0,0,0,0,0,0,0,-32000,0,0,0,28000,60000,-32000,-32000
057050,群創元大99購03  ,0,0,0,0,0,0,0,0,0,-32000,0,0,0,0,32000,-32000,-32000
057151,易華電國票99購01,0,0,0,0,0,0,0,0,0,-32000,0,0,0,5000,37000,-32000,-32000
056095,臻鼎元富9A購01  ,0,0,0,0,0,0,0,0,0,-32000,0,0,0,331000,363000,-32000,-32000
060953,富邦金群益9A購01,0,0,0,0,0,0,0,0,0,-32000,0,0,0,18000,50000,-32000,-32000
060698,旺宏國泰9C購01  ,0,0,0,0,0,0,0,0,0,-32000,0,0,0,11000,43000,-32000,-32000
060029,嘉晶永豐99購03  ,0,0,0,0,0,0,0,0,0,-32000,0,0,0,29000,61000,-32000,-32000
060162,碩天永豐9A購01  ,0,0,0,0,0,0,0,0,0,-32000,0,0,0,9000,41000,-32000,-32000
063472,茂林元大9B購04  ,0,0,0,0,0,0,0,0,0,-32000,0,0,0,68000,100000,-32000,-32000
064313,嘉晶群益9C購02  ,0,0,0,0,0,0,0,0,0,-32000,0,0,0,34000,66000,-32000,-32000
064100,義隆群益9C購01  ,0,0,0,0,0,0,0,0,0,-32000,0,0,0,36000,68000,-32000,-32000
064061,GIS麥證01購01   ,0,0,0,35000,67000,-32000,0,0,0,-32000,0,0,0,35000,67000,-32000,-32000
065810,台表科群益9C購05,0,0,0,0,0,0,0,0,0,-32000,0,0,0,30000,62000,-32000,-32000
065360,和大元大01購03  ,0,0,0,0,0,0,0,0,0,-32000,0,0,0,68000,100000,-32000,-32000
065614,緯穎元大01購02  ,0,0,0,0,0,0,0,0,0,-32000,0,0,0,5000,37000,-32000,-32000
6668,中揚光          ,88000,121000,-33000,0,0,0,0,0,0,1000,4000,3000,1000,0,0,0,-32000
2476,鉅祥            ,3000,36000,-33000,0,0,0,0,0,0,1000,1000,0,1000,0,0,0,-32000
065956,緯創統一01購01  ,0,0,0,0,0,0,0,0,0,-33000,0,0,0,7000,40000,-33000,-33000
066931,友達國票02購01  ,0,0,0,0,0,0,0,0,0,-33000,0,0,0,0,33000,-33000,-33000
08762P,南六元大01售03  ,0,0,0,0,0,0,0,0,0,-33000,0,0,0,167000,200000,-33000,-33000
08822P,聯發科凱基01售12,0,0,0,0,0,0,0,0,0,-33000,0,0,0,0,33000,-33000,-33000
08179P,華新科元大9B售13,0,0,0,0,0,0,0,0,0,-33000,0,0,0,0,33000,-33000,-33000
06922P,元上證群益9C售01,0,0,0,0,0,0,0,0,0,-33000,0,0,0,10000,43000,-33000,-33000
07789P,緯穎群益9A售03  ,0,0,0,0,0,0,0,0,0,-33000,0,0,0,0,33000,-33000,-33000
056783,國巨群益99購01  ,0,0,0,0,0,0,0,0,0,-33000,0,0,0,4000,37000,-33000,-33000
058342,鴻海群益9A購01  ,0,0,0,0,0,0,0,0,0,-33000,0,0,0,88000,121000,-33000,-33000
060789,禾伸堂富邦9B購02,0,0,0,0,0,0,0,0,0,-33000,0,0,0,41000,74000,-33000,-33000
063181,聚陽凱基9B購01  ,0,0,0,0,0,0,0,0,0,-33000,0,0,0,6000,39000,-33000,-33000
062253,燿華元大9B購02  ,0,0,0,0,0,0,0,0,0,-33000,0,0,0,127000,160000,-33000,-33000
062185,禾伸堂元大9B購01,0,0,0,0,0,0,0,0,0,-33000,0,0,0,42000,75000,-33000,-33000
062333,嘉晶統一9C購01  ,0,0,0,0,0,0,0,0,0,-33000,0,0,0,85000,118000,-33000,-33000
061907,裕隆中信9B購01  ,0,0,0,0,0,0,0,0,0,-33000,0,0,0,7000,40000,-33000,-33000
065335,玉晶光台新9C購03,0,0,0,0,0,0,0,0,0,-33000,0,0,0,11000,44000,-33000,-33000
064187,亞光永豐9C購01  ,0,0,0,0,0,0,0,0,0,-33000,0,0,0,32000,65000,-33000,-33000
063603,友達凱基9B購05  ,0,0,0,0,0,0,0,0,0,-33000,0,0,0,0,33000,-33000,-33000
063860,旺宏國泰02購01  ,0,0,0,0,0,0,0,0,0,-33000,0,0,0,10000,43000,-33000,-33000
08351P,南六國票01售02  ,0,0,0,0,0,0,0,0,0,-34000,0,0,0,29000,63000,-34000,-34000
08795P,聯發科凱基01售11,0,0,0,0,0,0,0,0,0,-34000,0,0,0,115000,149000,-34000,-34000
08743P,群創凱基01售04  ,0,0,0,0,0,0,0,0,0,-34000,0,0,0,17000,51000,-34000,-34000
066642,臺股指凱基04購01,0,0,0,0,0,0,0,0,0,-34000,0,0,0,22000,56000,-34000,-34000
065984,緯創富邦03購01  ,0,0,0,0,0,0,0,0,0,-34000,0,0,0,82000,116000,-34000,-34000
065992,立積永豐01購01  ,0,0,0,0,0,0,0,0,0,-34000,0,0,0,20000,54000,-34000,-34000
066013,友訊元富01購02  ,0,0,0,0,0,0,0,0,0,-34000,0,0,0,98000,132000,-34000,-34000
059188,京元電富邦9B購01,0,0,0,0,0,0,0,0,0,-34000,0,0,0,31000,65000,-34000,-34000
062036,致新群益9B購01  ,0,0,0,0,0,0,0,0,0,-34000,0,0,0,0,34000,-34000,-34000
061606,景碩凱基9A購02  ,0,0,0,0,0,0,0,0,0,-34000,0,0,0,13000,47000,-34000,-34000
061162,南電群益9A購02  ,0,0,0,0,0,0,0,0,0,-34000,0,0,0,0,34000,-34000,-34000
063003,滬深2X元大9B購06,0,0,0,0,0,0,0,0,0,-34000,0,0,0,370000,404000,-34000,-34000
062917,旭富元大9C購03  ,0,0,0,0,0,0,0,0,0,-34000,0,0,0,73000,107000,-34000,-34000
063813,瑞昱群益9C購02  ,0,0,0,0,0,0,0,0,0,-34000,0,0,0,16000,50000,-34000,-34000
065940,立積群益02購01  ,0,0,0,0,0,0,0,0,0,-34000,0,0,0,69000,103000,-34000,-34000
065085,聯發科元大01購02,0,0,0,0,0,0,0,0,0,-34000,0,0,0,9000,43000,-34000,-34000
065053,南電凱基02購01  ,0,0,0,0,0,0,0,0,0,-34000,0,0,0,0,34000,-34000,-34000
065216,群創國泰01購02  ,0,0,0,0,0,0,0,0,0,-34000,0,0,0,60000,94000,-34000,-34000
064724,健鼎統一02購02  ,0,0,0,0,0,0,0,0,0,-34000,0,0,0,100000,134000,-34000,-34000
4967,十銓            ,418000,454000,-36000,0,0,0,0,0,0,2000,2000,0,2000,0,0,0,-34000
066261,華碩元大01購01  ,0,0,0,0,0,0,0,0,0,-35000,0,0,0,7000,42000,-35000,-35000
066414,鴻海元大01購07  ,0,0,0,0,0,0,0,0,0,-35000,0,0,0,0,35000,-35000,-35000
066876,大立光富邦05購01,0,0,0,0,0,0,0,0,0,-35000,0,0,0,149000,184000,-35000,-35000
067021,正崴中信01購01  ,0,0,0,0,0,0,0,0,0,-35000,0,0,0,0,35000,-35000,-35000
067162,康控國票02購01  ,0,0,0,0,0,0,0,0,0,-35000,0,0,0,0,35000,-35000,-35000
08692P,國巨兆豐01售02  ,0,0,0,0,0,0,0,0,0,-35000,0,0,0,145000,180000,-35000,-35000
08628P,微星中信9C售01  ,0,0,0,0,0,0,0,0,0,-35000,0,0,0,195000,230000,-35000,-35000
07996P,亞德客凱基9B售03,0,0,0,0,0,0,0,0,0,-35000,0,0,0,55000,90000,-35000,-35000
07953P,健策元大9B售07  ,0,0,0,0,0,0,0,0,0,-35000,0,0,0,194000,229000,-35000,-35000
058372,欣興凱基99購03  ,0,0,0,0,0,0,0,0,0,-35000,0,0,0,0,35000,-35000,-35000
058675,康控群益9B購01  ,0,0,0,0,0,0,0,0,0,-35000,0,0,0,1000,36000,-35000,-35000
055382,台郡元大99購01  ,0,0,0,0,0,0,0,0,0,-35000,0,0,0,11000,46000,-35000,-35000
053358,晶技統一98購01  ,0,0,0,0,0,0,0,0,0,-35000,0,0,0,137000,172000,-35000,-35000
053294,聯發科中信9C購01,0,0,0,0,0,0,0,0,0,-35000,0,0,0,7000,42000,-35000,-35000
06333P,臺股指群益9C售02,0,0,0,0,0,0,0,0,0,-35000,0,0,0,73000,108000,-35000,-35000
060811,亞德客凱基9A購02,0,0,0,0,0,0,0,0,0,-35000,0,0,0,0,35000,-35000,-35000
062568,緯穎中信9C購01  ,0,0,0,0,0,0,0,0,0,-35000,0,0,0,0,35000,-35000,-35000
061531,奇鋐台新9A購01  ,0,0,0,0,0,0,0,0,0,-35000,0,0,0,0,35000,-35000,-35000
062132,神隆群益9B購01  ,0,0,0,0,0,0,0,0,0,-35000,0,0,0,10000,45000,-35000,-35000
062165,聯茂國泰01購01  ,0,0,0,0,0,0,0,0,0,-35000,0,0,0,60000,95000,-35000,-35000
059065,南電凱基9A購01  ,0,0,0,0,0,0,0,0,0,-35000,0,0,0,0,35000,-35000,-35000
059085,鴻海元大99購25  ,0,0,0,0,0,0,0,0,0,-35000,0,0,0,28000,63000,-35000,-35000
062363,燿華元大9B購03  ,0,0,0,0,0,0,0,0,0,-35000,0,0,0,100000,135000,-35000,-35000
059766,同欣電永豐99購03,0,0,0,0,0,0,0,0,0,-35000,0,0,0,17000,52000,-35000,-35000
059878,聯茂凱基99購07  ,0,0,0,0,0,0,0,0,0,-35000,0,0,0,22000,57000,-35000,-35000
059882,臺股指凱基9C購06,0,0,0,0,0,0,0,0,0,-35000,0,0,0,31000,66000,-35000,-35000
064983,力成元大9C購04  ,0,0,0,0,0,0,0,0,0,-35000,0,0,0,0,35000,-35000,-35000
065212,瑞儀國票01購01  ,0,0,0,0,0,0,0,0,0,-35000,0,0,0,0,35000,-35000,-35000
065773,鴻海國票03購01  ,0,0,0,0,0,0,0,0,0,-35000,0,0,0,60000,95000,-35000,-35000
065592,FBVIX元大9C購06 ,0,0,0,0,0,0,0,0,0,-35000,0,0,0,0,35000,-35000,-35000
065634,聯發科國票9C購06,0,0,0,0,0,0,0,0,0,-35000,0,0,0,1000,36000,-35000,-35000
065554,群創凱基02購02  ,0,0,0,0,0,0,0,0,0,-35000,0,0,0,211000,246000,-35000,-35000
065512,友訊群益01購01  ,0,0,0,0,0,0,0,0,0,-35000,0,0,0,17000,52000,-35000,-35000
063816,TPK群益9C購01   ,0,0,0,0,0,0,0,0,0,-35000,0,0,0,20000,55000,-35000,-35000
063605,健策凱基9C購02  ,0,0,0,0,0,0,0,0,0,-35000,0,0,0,19000,54000,-35000,-35000
063662,上銀統一01購03  ,0,0,0,0,0,0,0,0,0,-35000,0,0,0,30000,65000,-35000,-35000
064306,和潤兆豐01購01  ,0,0,0,0,0,0,0,0,0,-35000,0,0,0,0,35000,-35000,-35000
1307,三芳            ,40000,75000,-35000,0,0,0,0,0,0,0,0,0,0,0,0,0,-35000
2305,全友            ,120000,156000,-36000,0,0,0,0,0,0,1000,1000,0,1000,0,0,0,-35000
07630P,臺股指凱基9A售11,0,0,0,0,0,0,0,0,0,-36000,0,0,0,84000,120000,-36000,-36000
08338P,台灣50凱基9C售11,0,0,0,0,0,0,0,0,0,-36000,0,0,0,0,36000,-36000,-36000
066595,敦泰群益01購01  ,0,0,0,0,0,0,0,0,0,-36000,0,0,0,14000,50000,-36000,-36000
066109,南電國票02購01  ,0,0,0,0,0,0,0,0,0,-36000,0,0,0,26000,62000,-36000,-36000
065990,華擎永豐01購01  ,0,0,0,0,0,0,0,0,0,-36000,0,0,0,10000,46000,-36000,-36000
051266,國巨富邦99購01  ,0,0,0,0,0,0,0,0,0,-36000,0,0,0,0,36000,-36000,-36000
054526,道瓊反統一98購01,0,0,0,0,0,0,0,0,0,-36000,0,0,0,0,36000,-36000,-36000
01010T,京城樂富R1      ,0,0,0,0,0,0,0,0,0,-36000,0,36000,-36000,0,0,0,-36000
058672,可成群益9B購02  ,0,0,0,0,0,0,0,0,0,-36000,0,0,0,9000,45000,-36000,-36000
058763,和碩群益99購01  ,0,0,0,0,0,0,0,0,0,-36000,0,0,0,41000,77000,-36000,-36000
058615,矽創元大99購01  ,0,0,0,0,0,0,0,0,0,-36000,0,0,0,156000,192000,-36000,-36000
057468,台郡永豐98購01  ,0,0,0,0,0,0,0,0,0,-36000,0,0,0,160000,196000,-36000,-36000
064328,華通元大9C購04  ,0,0,0,0,0,0,0,0,0,-36000,0,0,0,14000,50000,-36000,-36000
064063,健策國泰01購02  ,0,0,0,0,0,0,0,0,0,-36000,0,0,0,29000,65000,-36000,-36000
064054,中租統一02購01  ,0,0,0,0,0,0,0,0,0,-36000,0,0,0,4000,40000,-36000,-36000
064463,聯茂統一01購02  ,0,0,0,0,0,0,0,0,0,-36000,0,0,0,385000,421000,-36000,-36000
064668,大立光元大9C購21,0,0,0,0,0,0,0,0,0,-36000,0,0,0,37000,73000,-36000,-36000
063579,GIS元大9C購01   ,0,0,0,0,0,0,0,0,0,-36000,0,0,0,38000,74000,-36000,-36000
063836,台塑元大9C購01  ,0,0,0,0,0,0,0,0,0,-36000,0,0,0,0,36000,-36000,-36000
065641,台積電元大9C購12,0,0,0,0,0,0,0,0,0,-36000,0,0,0,27000,63000,-36000,-36000
064943,聚陽凱基9C購01  ,0,0,0,0,0,0,0,0,0,-36000,0,0,0,122000,158000,-36000,-36000
1451,年興            ,30000,66000,-36000,0,0,0,0,0,0,0,0,0,0,0,0,0,-36000
3028,增你強          ,25000,70000,-45000,0,0,0,0,0,0,9000,9000,0,9000,0,0,0,-36000
3037,欣興            ,8745422,8335000,410422,0,0,0,300000,113000,187000,-634000,133000,785000,-652000,190000,172000,18000,-36578
066196,南港統一03購01  ,0,0,0,0,0,0,0,0,0,-37000,0,0,0,395000,432000,-37000,-37000
066216,南電統一03購01  ,0,0,0,0,0,0,0,0,0,-37000,0,0,0,43000,80000,-37000,-37000
066845,亞光元大01購02  ,0,0,0,0,0,0,0,0,0,-37000,0,0,0,2000,39000,-37000,-37000
08348P,貿聯元大9C售01  ,0,0,0,0,0,0,0,0,0,-37000,0,0,0,0,37000,-37000,-37000
08522P,智邦元大9C售08  ,0,0,0,0,0,0,0,0,0,-37000,0,0,0,50000,87000,-37000,-37000
07838P,泰碩元大9A售04  ,0,0,0,0,0,0,0,0,0,-37000,0,0,0,50000,87000,-37000,-37000
057843,晶技永豐98購02  ,0,0,0,0,0,0,0,0,0,-37000,0,0,0,90000,127000,-37000,-37000
057189,康控元大98購02  ,0,0,0,0,0,0,0,0,0,-37000,0,0,0,1000,38000,-37000,-37000
00686R,群益臺灣加權反1 ,0,0,0,0,0,0,0,0,0,-37000,0,0,0,44000,81000,-37000,-37000
056557,世紀鋼凱基98購02,0,0,0,0,0,0,0,0,0,-37000,0,0,0,0,37000,-37000,-37000
056497,GIS國泰99購01   ,0,0,0,0,0,0,0,0,0,-37000,0,0,0,30000,67000,-37000,-37000
059864,亞德客凱基99購01,0,0,0,0,0,0,0,0,0,-37000,0,0,0,2000,39000,-37000,-37000
060401,世紀鋼國票9B購01,0,0,0,0,0,0,0,0,0,-37000,0,0,0,239000,276000,-37000,-37000
064910,臺股指麥證9C購04,0,0,0,15000,52000,-37000,0,0,0,-37000,0,0,0,15000,52000,-37000,-37000
064758,可成凱基02購02  ,0,0,0,0,0,0,0,0,0,-37000,0,0,0,0,37000,-37000,-37000
064739,智邦國票01購01  ,0,0,0,0,0,0,0,0,0,-37000,0,0,0,3000,40000,-37000,-37000
065003,燿華國票01購01  ,0,0,0,0,0,0,0,0,0,-37000,0,0,0,0,37000,-37000,-37000
064212,可成凱基03購01  ,0,0,0,0,0,0,0,0,0,-37000,0,0,0,220000,257000,-37000,-37000
1532,勤美            ,56000,93000,-37000,0,0,0,0,0,0,0,0,0,0,0,0,0,-37000
1339,昭輝            ,23000,60000,-37000,0,0,0,0,0,0,0,0,0,0,0,0,0,-37000
2231,為升            ,129000,129000,0,0,0,0,0,0,0,-37000,0,4000,-4000,2000,35000,-33000,-37000
8104,錸寶            ,138000,175000,-37000,0,0,0,0,0,0,0,0,0,0,0,0,0,-37000
8429,金麗-KY         ,312000,349000,-37000,0,0,0,0,0,0,0,0,0,0,0,0,0,-37000
08037P,台表科群益9B售02,0,0,0,0,0,0,0,0,0,-38000,0,0,0,39000,77000,-38000,-38000
08565P,聯發科群益9C售12,0,0,0,0,0,0,0,0,0,-38000,0,0,0,0,38000,-38000,-38000
08457P,大毅元大9C售03  ,0,0,0,0,0,0,0,0,0,-38000,0,0,0,0,38000,-38000,-38000
066747,台郡元大01購03  ,0,0,0,0,0,0,0,0,0,-38000,0,0,0,308000,346000,-38000,-38000
066090,泰鼎永豐01購01  ,0,0,0,0,0,0,0,0,0,-38000,0,0,0,0,38000,-38000,-38000
00771,元大US高息特別股,4000,4000,0,0,0,0,0,0,0,-38000,0,0,0,5000,43000,-38000,-38000
03049X,元展46          ,0,0,0,0,0,0,0,0,0,-38000,0,0,0,0,38000,-38000,-38000
055442,矽創國票98購02  ,0,0,0,0,0,0,0,0,0,-38000,0,0,0,0,38000,-38000,-38000
056054,亞德客元大97購05,0,0,0,0,0,0,0,0,0,-38000,0,0,0,0,38000,-38000,-38000
055933,欣興群益98購02  ,0,0,0,0,0,0,0,0,0,-38000,0,0,0,44000,82000,-38000,-38000
055026,健和興國泰98購01,0,0,0,0,0,0,0,0,0,-38000,0,0,0,2000,40000,-38000,-38000
058437,可成統一9B購01  ,0,0,0,0,0,0,0,0,0,-38000,0,0,0,57000,95000,-38000,-38000
057841,茂林富邦9A購02  ,0,0,0,0,0,0,0,0,0,-38000,0,0,0,62000,100000,-38000,-38000
058396,力山元大99購01  ,0,0,0,0,0,0,0,0,0,-38000,0,0,0,0,38000,-38000,-38000
058824,晶技富邦9A購01  ,0,0,0,0,0,0,0,0,0,-38000,0,0,0,5000,43000,-38000,-38000
060410,台苯永豐9A購01  ,0,0,0,0,0,0,0,0,0,-38000,0,0,0,0,38000,-38000,-38000
061573,義隆元大9A購02  ,0,0,0,0,0,0,0,0,0,-38000,0,0,0,24000,62000,-38000,-38000
062575,景碩群益9B購01  ,0,0,0,0,0,0,0,0,0,-38000,0,0,0,0,38000,-38000,-38000
062497,遠東新群益9B購01,0,0,0,0,0,0,0,0,0,-38000,0,0,0,0,38000,-38000,-38000
062987,祥碩中信01購01  ,0,0,0,0,0,0,0,0,0,-38000,0,0,0,12000,50000,-38000,-38000
063611,儒鴻群益9B購03  ,0,0,0,0,0,0,0,0,0,-38000,0,0,0,0,38000,-38000,-38000
065205,金寶國票01購01  ,0,0,0,0,0,0,0,0,0,-38000,0,0,0,0,38000,-38000,-38000
065206,旺宏國票01購02  ,0,0,0,0,0,0,0,0,0,-38000,0,0,0,2000,40000,-38000,-38000
065391,和大群益01購03  ,0,0,0,0,0,0,0,0,0,-38000,0,0,0,22000,60000,-38000,-38000
065375,神基元大03購01  ,0,0,0,0,0,0,0,0,0,-38000,0,0,0,54000,92000,-38000,-38000
1702,南僑            ,68000,106000,-38000,0,0,0,0,0,0,0,0,0,0,0,0,0,-38000
066248,長興元大01購01  ,0,0,0,0,0,0,0,0,0,-39000,0,0,0,190000,229000,-39000,-39000
066323,精元永豐01購01  ,0,0,0,0,0,0,0,0,0,-39000,0,0,0,17000,56000,-39000,-39000
067174,嘉澤兆豐01購01  ,0,0,0,0,0,0,0,0,0,-39000,0,0,0,0,39000,-39000,-39000
07414P,台積電元大99售51,0,0,0,0,0,0,0,0,0,-39000,0,0,0,0,39000,-39000,-39000
057968,可成國泰9A購01  ,0,0,0,0,0,0,0,0,0,-39000,0,0,0,1000,40000,-39000,-39000
058496,文曄群益99購01  ,0,0,0,0,0,0,0,0,0,-39000,0,0,0,36000,75000,-39000,-39000
057917,台積電凱基98購17,0,0,0,0,0,0,0,0,0,-39000,0,0,0,0,39000,-39000,-39000
054640,健策中信9B購01  ,0,0,0,0,0,0,0,0,0,-39000,0,0,0,1000,40000,-39000,-39000
062922,南六元大9B購03  ,0,0,0,0,0,0,0,0,0,-39000,0,0,0,84000,123000,-39000,-39000
063314,美律群益9B購01  ,0,0,0,0,0,0,0,0,0,-39000,0,0,0,0,39000,-39000,-39000
063336,大成鋼統一9C購02,0,0,0,0,0,0,0,0,0,-39000,0,0,0,115000,154000,-39000,-39000
063135,國巨統一9B購16  ,0,0,0,0,0,0,0,0,0,-39000,0,0,0,41000,80000,-39000,-39000
062508,臺股指群益9B購03,0,0,0,0,0,0,0,0,0,-39000,0,0,0,0,39000,-39000,-39000
062552,南電永豐9B購01  ,0,0,0,0,0,0,0,0,0,-39000,0,0,0,0,39000,-39000,-39000
062468,台積電凱基9B購06,0,0,0,0,0,0,0,0,0,-39000,0,0,0,1000,40000,-39000,-39000
060153,A50正2永豐9A購01,0,0,0,0,0,0,0,0,0,-39000,0,0,0,4000,43000,-39000,-39000
059339,上銀凱基99購06  ,0,0,0,0,0,0,0,0,0,-39000,0,0,0,1000,40000,-39000,-39000
062161,南六凱基9C購01  ,0,0,0,0,0,0,0,0,0,-39000,0,0,0,11000,50000,-39000,-39000
061676,新光金元大9A購03,0,0,0,0,0,0,0,0,0,-39000,0,0,0,211000,250000,-39000,-39000
065340,旺宏統一9C購04  ,0,0,0,0,0,0,0,0,0,-39000,0,0,0,0,39000,-39000,-39000
065473,鴻海元大9C購14  ,0,0,0,0,0,0,0,0,0,-39000,0,0,0,107000,146000,-39000,-39000
065799,友訊群益01購03  ,0,0,0,0,0,0,0,0,0,-39000,0,0,0,24000,63000,-39000,-39000
065828,大立光凱基06購01,0,0,0,0,0,0,0,0,0,-39000,0,0,0,16000,55000,-39000,-39000
064701,巨大群益9C購02  ,0,0,0,0,0,0,0,0,0,-39000,0,0,0,24000,63000,-39000,-39000
063478,GIS元大9B購03   ,0,0,0,0,0,0,0,0,0,-39000,0,0,0,75000,114000,-39000,-39000
3535,晶彩科          ,228000,267000,-39000,0,0,0,0,0,0,0,0,0,0,0,0,0,-39000
07241P,台灣50國票9A售05,0,0,0,0,0,0,0,0,0,-40000,0,0,0,0,40000,-40000,-40000
08070P,晶技國泰9C售02  ,0,0,0,0,0,0,0,0,0,-40000,0,0,0,10000,50000,-40000,-40000
07922P,大立光群益9B售05,0,0,0,0,0,0,0,0,0,-40000,0,0,0,0,40000,-40000,-40000
07805P,義隆永豐9A售02  ,0,0,0,0,0,0,0,0,0,-40000,0,0,0,0,40000,-40000,-40000
07714P,世紀鋼元大9A售03,0,0,0,0,0,0,0,0,0,-40000,0,0,0,38000,78000,-40000,-40000
08289P,智邦統一9C售01  ,0,0,0,0,0,0,0,0,0,-40000,0,0,0,5000,45000,-40000,-40000
066158,惠特康和01購01  ,0,0,0,0,0,0,0,0,0,-40000,0,0,0,80000,120000,-40000,-40000
052572,群創凱基99購01  ,0,0,0,0,0,0,0,0,0,-40000,0,0,0,127000,167000,-40000,-40000
054212,聯詠國票97購03  ,0,0,0,0,0,0,0,0,0,-40000,0,0,0,20000,60000,-40000,-40000
053818,富邦金群益98購01,0,0,0,0,0,0,0,0,0,-40000,0,0,0,10000,50000,-40000,-40000
054811,裕隆元大9A購01  ,0,0,0,0,0,0,0,0,0,-40000,0,0,0,0,40000,-40000,-40000
056720,世紀鋼永豐98購01,0,0,0,0,0,0,0,0,0,-40000,0,0,0,20000,60000,-40000,-40000
058096,南電元大98購04  ,0,0,0,0,0,0,0,0,0,-40000,0,0,0,0,40000,-40000,-40000
058240,景碩元大99購04  ,0,0,0,0,0,0,0,0,0,-40000,0,0,0,0,40000,-40000,-40000
058652,SGBR2X中信01購01,0,0,0,0,0,0,0,0,0,-40000,0,0,0,0,40000,-40000,-40000
057718,旺宏元富02購02  ,0,0,0,0,0,0,0,0,0,-40000,0,0,0,10000,50000,-40000,-40000
057713,美律統一99購01  ,0,0,0,0,0,0,0,0,0,-40000,0,0,0,0,40000,-40000,-40000
057298,旭富永豐98購01  ,0,0,0,0,0,0,0,0,0,-40000,0,0,0,10000,50000,-40000,-40000
057431,京鼎兆豐98購02  ,0,0,0,0,0,0,0,0,0,-40000,0,0,0,0,40000,-40000,-40000
061074,儒鴻兆豐9B購01  ,0,0,0,0,0,0,0,0,0,-40000,0,0,0,60000,100000,-40000,-40000
062287,康友群益9B購02  ,0,0,0,0,0,0,0,0,0,-40000,0,0,0,25000,65000,-40000,-40000
059610,上銀永豐99購02  ,0,0,0,0,0,0,0,0,0,-40000,0,0,0,0,40000,-40000,-40000
059166,友達凱基99購05  ,0,0,0,0,0,0,0,0,0,-40000,0,0,0,0,40000,-40000,-40000
062214,金寶統一01購01  ,0,0,0,0,0,0,0,0,0,-40000,0,0,0,0,40000,-40000,-40000
061959,鴻海統一9B購04  ,0,0,0,0,0,0,0,0,0,-40000,0,0,0,181000,221000,-40000,-40000
062579,華通統一01購02  ,0,0,0,0,0,0,0,0,0,-40000,0,0,0,0,40000,-40000,-40000
062820,禾伸堂兆豐9B購01,0,0,0,0,0,0,0,0,0,-40000,0,0,0,4000,44000,-40000,-40000
062760,漢唐凱基9B購01  ,0,0,0,0,0,0,0,0,0,-40000,0,0,0,10000,50000,-40000,-40000
062772,T50反1元大9B購06,0,0,0,0,0,0,0,0,0,-40000,0,0,0,0,40000,-40000,-40000
063406,麗豐國票9C購01  ,0,0,0,0,0,0,0,0,0,-40000,0,0,0,0,40000,-40000,-40000
063397,廣達群益9B購02  ,0,0,0,0,0,0,0,0,0,-40000,0,0,0,2000,42000,-40000,-40000
063960,南電元大9C購03  ,0,0,0,0,0,0,0,0,0,-40000,0,0,0,3000,43000,-40000,-40000
065147,寶成凱基01購01  ,0,0,0,0,0,0,0,0,0,-40000,0,0,0,0,40000,-40000,-40000
065744,華新元大9C購01  ,0,0,0,0,0,0,0,0,0,-40000,0,0,0,0,40000,-40000,-40000
065383,南電元大01購02  ,0,0,0,0,0,0,0,0,0,-40000,0,0,0,84000,124000,-40000,-40000
065407,世紀鋼富邦01購01,0,0,0,0,0,0,0,0,0,-40000,0,0,0,0,40000,-40000,-40000
065629,台積電國票01購04,0,0,0,0,0,0,0,0,0,-40000,0,0,0,1000,41000,-40000,-40000
065593,達新元大9C購02  ,0,0,0,0,0,0,0,0,0,-40000,0,0,0,0,40000,-40000,-40000
3583,辛耘            ,22000,62000,-40000,0,0,0,0,0,0,0,0,0,0,0,0,0,-40000
8070,長華*           ,34000,75000,-41000,0,0,0,0,0,0,1000,1000,0,1000,0,0,0,-40000
065972,聯發科元大01購07,0,0,0,0,0,0,0,0,0,-41000,0,0,0,173000,214000,-41000,-41000
066798,燿華凱基02購02  ,0,0,0,0,0,0,0,0,0,-41000,0,0,0,40000,81000,-41000,-41000
08228P,華擎國票9C售01  ,0,0,0,0,0,0,0,0,0,-41000,0,0,0,0,41000,-41000,-41000
08230P,台表科國票9C售03,0,0,0,0,0,0,0,0,0,-41000,0,0,0,0,41000,-41000,-41000
08493P,嘉澤元大9C售01  ,0,0,0,0,0,0,0,0,0,-41000,0,0,0,5000,46000,-41000,-41000
07752P,台灣50元大9C售33,0,0,0,0,0,0,0,0,0,-41000,0,0,0,0,41000,-41000,-41000
07580P,緯穎元大9A售03  ,0,0,0,0,0,0,0,0,0,-41000,0,0,0,5000,46000,-41000,-41000
057515,智原元富98購02  ,0,0,0,0,0,0,0,0,0,-41000,0,0,0,59000,100000,-41000,-41000
058738,FBVIX中信03購04 ,0,0,0,0,0,0,0,0,0,-41000,0,0,0,0,41000,-41000,-41000
058837,SGBR2X中信9C購01,0,0,0,0,0,0,0,0,0,-41000,0,0,0,0,41000,-41000,-41000
058247,聯茂元大99購04  ,0,0,0,0,0,0,0,0,0,-41000,0,0,0,113000,154000,-41000,-41000
054768,泰碩國票99購02  ,0,0,0,0,0,0,0,0,0,-41000,0,0,0,0,41000,-41000,-41000
055486,國巨元大98購06  ,0,0,0,0,0,0,0,0,0,-41000,0,0,0,0,41000,-41000,-41000
058517,景碩元大99購06  ,0,0,0,0,0,0,0,0,0,-41000,0,0,0,7000,48000,-41000,-41000
063042,同欣電凱基9C購01,0,0,0,0,0,0,0,0,0,-41000,0,0,0,20000,61000,-41000,-41000
061586,智邦富邦9A購02  ,0,0,0,0,0,0,0,0,0,-41000,0,0,0,0,41000,-41000,-41000
061683,台灣50群益9B購09,0,0,0,0,0,0,0,0,0,-41000,0,0,0,0,41000,-41000,-41000
061735,上銀凱基9B購01  ,0,0,0,0,0,0,0,0,0,-41000,0,0,0,0,41000,-41000,-41000
065394,英業達群益9C購01,0,0,0,0,0,0,0,0,0,-41000,0,0,0,182000,223000,-41000,-41000
065794,麗豐永豐9C購01  ,0,0,0,0,0,0,0,0,0,-41000,0,0,0,0,41000,-41000,-41000
065906,瑞昱永豐9C購01  ,0,0,0,0,0,0,0,0,0,-41000,0,0,0,27000,68000,-41000,-41000
065018,台達電富邦03購01,0,0,0,0,0,0,0,0,0,-41000,0,0,0,3000,44000,-41000,-41000
063552,晶技國票9B購03  ,0,0,0,0,0,0,0,0,0,-41000,0,0,0,104000,145000,-41000,-41000
063529,聯茂凱基9B購02  ,0,0,0,0,0,0,0,0,0,-41000,0,0,0,38000,79000,-41000,-41000
064577,大立光國泰02購01,0,0,0,0,0,0,0,0,0,-41000,0,0,0,0,41000,-41000,-41000
064473,技嘉麥證9C購01  ,0,0,0,0,42000,-42000,0,0,0,-41000,0,0,0,1000,42000,-41000,-41000
064505,康控元大9C購01  ,0,0,0,0,0,0,0,0,0,-41000,0,0,0,4000,45000,-41000,-41000
08215P,旺宏群益9B售04  ,0,0,0,0,0,0,0,0,0,-42000,0,0,0,42000,84000,-42000,-42000
08541P,景碩國票01售02  ,0,0,0,0,0,0,0,0,0,-42000,0,0,0,87000,129000,-42000,-42000
066748,同欣電元大01購03,0,0,0,0,0,0,0,0,0,-42000,0,0,0,149000,191000,-42000,-42000
066562,上緯控元大01購01,0,0,0,0,0,0,0,0,0,-42000,0,0,0,1378000,1420000,-42000,-42000
05755P,臺股指中信99售04,0,0,0,0,0,0,0,0,0,-42000,0,0,0,127000,169000,-42000,-42000
056347,GIS凱基9A購01   ,0,0,0,0,0,0,0,0,0,-42000,0,0,0,104000,146000,-42000,-42000
054928,帆宣凱基98購01  ,0,0,0,0,0,0,0,0,0,-42000,0,0,0,48000,90000,-42000,-42000
061754,晶技麥證9B購01  ,0,0,0,184000,226000,-42000,0,0,0,-42000,0,0,0,184000,226000,-42000,-42000
059094,臻鼎元大99購03  ,0,0,0,0,0,0,0,0,0,-42000,0,0,0,76000,118000,-42000,-42000
059924,世紀鋼元大99購06,0,0,0,0,0,0,0,0,0,-42000,0,0,0,5000,47000,-42000,-42000
059791,超眾元大99購06  ,0,0,0,0,0,0,0,0,0,-42000,0,0,0,0,42000,-42000,-42000
061483,TPK元大9A購01   ,0,0,0,0,0,0,0,0,0,-42000,0,0,0,2000,44000,-42000,-42000
060409,味全永豐9A購01  ,0,0,0,0,0,0,0,0,0,-42000,0,0,0,22000,64000,-42000,-42000
061666,友達中信01購01  ,0,0,0,0,0,0,0,0,0,-42000,0,0,0,48000,90000,-42000,-42000
062794,鴻海統一9C購15  ,38000,0,38000,0,0,0,0,0,0,-80000,0,0,0,59000,139000,-80000,-42000
060144,全新國票9B購01  ,0,0,0,0,0,0,0,0,0,-42000,0,0,0,0,42000,-42000,-42000
060709,緯穎富邦9B購01  ,0,0,0,0,0,0,0,0,0,-42000,0,0,0,0,42000,-42000,-42000
064508,力成元大9C購03  ,0,0,0,0,0,0,0,0,0,-42000,0,0,0,58000,100000,-42000,-42000
064554,儒鴻群益9C購01  ,0,0,0,0,0,0,0,0,0,-42000,0,0,0,10000,52000,-42000,-42000
064623,創意元大9C購04  ,0,0,0,0,0,0,0,0,0,-42000,0,0,0,51000,93000,-42000,-42000
2887E,台新戊特        ,0,1000,-1000,0,0,0,0,41000,-41000,0,0,0,0,0,0,0,-42000
066385,巨大康和01購01  ,0,0,0,0,0,0,0,0,0,-43000,0,0,0,135000,178000,-43000,-43000
06826P,臺股指國票98售02,0,0,0,0,0,0,0,0,0,-43000,0,0,0,0,43000,-43000,-43000
08346P,大立光元大9C售15,0,0,0,0,0,0,0,0,0,-43000,0,0,0,10000,53000,-43000,-43000
08344P,旺宏元大01售02  ,0,0,0,0,0,0,0,0,0,-43000,0,0,0,0,43000,-43000,-43000
07026P,超眾凱基99售03  ,0,0,0,0,0,0,0,0,0,-43000,0,0,0,16000,59000,-43000,-43000
07655P,台灣50凱基01售09,0,0,0,0,0,0,0,0,0,-43000,0,0,0,0,43000,-43000,-43000
057556,智易凱基99購01  ,0,0,0,0,0,0,0,0,0,-43000,0,0,0,24000,67000,-43000,-43000
057945,京鼎國票99購03  ,0,0,0,0,0,0,0,0,0,-43000,0,0,0,40000,83000,-43000,-43000
060305,得力永豐9A購01  ,0,0,0,0,0,0,0,0,0,-43000,0,0,0,24000,67000,-43000,-43000
062476,神隆國票9B購01  ,0,0,0,0,0,0,0,0,0,-43000,0,0,0,13000,56000,-43000,-43000
062603,台化凱基9B購01  ,0,0,0,0,0,0,0,0,0,-43000,0,0,0,0,43000,-43000,-43000
063357,聯發科國泰01購04,0,0,0,0,0,0,0,0,0,-43000,0,0,0,27000,70000,-43000,-43000
059061,晶技凱基9A購01  ,0,0,0,0,0,0,0,0,0,-43000,0,0,0,234000,277000,-43000,-43000
059021,台積電統一9B購07,0,0,0,0,0,0,0,0,0,-43000,0,0,0,0,43000,-43000,-43000
061790,中租群益9B購01  ,0,0,0,0,0,0,0,0,0,-43000,0,0,0,22000,65000,-43000,-43000
064077,台積電中信06購03,0,0,0,0,0,0,0,0,0,-43000,0,0,0,0,43000,-43000,-43000
065040,燿華凱基9C購01  ,0,0,0,0,0,0,0,0,0,-43000,0,0,0,88000,131000,-43000,-43000
065291,日電貿群益01購01,0,0,0,0,0,0,0,0,0,-43000,0,0,0,0,43000,-43000,-43000
065784,正崴永豐9C購01  ,0,0,0,0,0,0,0,0,0,-43000,0,0,0,22000,65000,-43000,-43000
065727,冠德凱基9C購01  ,0,0,0,0,0,0,0,0,0,-43000,0,0,0,543000,586000,-43000,-43000
1460,宏遠            ,219000,262000,-43000,0,0,0,0,0,0,0,0,0,0,0,0,0,-43000
07616P,瑞昱中信02售01  ,0,0,0,0,0,0,0,0,0,-44000,0,0,0,0,44000,-44000,-44000
08622P,緯創群益9C售03  ,0,0,0,0,0,0,0,0,0,-44000,0,0,0,0,44000,-44000,-44000
066761,聯陽永豐01購03  ,0,0,0,0,0,0,0,0,0,-44000,0,0,0,0,44000,-44000,-44000
066690,瑞昱台新01購01  ,0,0,0,0,0,0,0,0,0,-44000,0,0,0,26000,70000,-44000,-44000
056904,大立光元大99購05,0,0,0,0,0,0,0,0,0,-44000,0,0,0,110000,154000,-44000,-44000
053413,台積電國票99購01,0,0,0,0,0,0,0,0,0,-44000,0,0,0,14000,58000,-44000,-44000
061882,矽創元大9B購01  ,0,0,0,0,0,0,0,0,0,-44000,0,0,0,125000,169000,-44000,-44000
059955,美食康和99購01  ,0,0,0,0,0,0,0,0,0,-44000,0,0,0,65000,109000,-44000,-44000
062320,南電凱基9B購03  ,0,0,0,0,0,0,0,0,0,-44000,0,0,0,3000,47000,-44000,-44000
062069,喬山元大9B購01  ,0,0,0,0,0,0,0,0,0,-44000,0,0,0,0,44000,-44000,-44000
059509,奇力新永豐99購02,0,0,0,0,0,0,0,0,0,-44000,0,0,0,39000,83000,-44000,-44000
063207,聯茂統一01購01  ,0,0,0,0,0,0,0,0,0,-44000,0,0,0,531000,575000,-44000,-44000
060718,中磊永豐9A購01  ,0,0,0,0,0,0,0,0,0,-44000,0,0,0,0,44000,-44000,-44000
065437,台表科凱基9C購03,0,0,0,0,0,0,0,0,0,-44000,0,0,0,67000,111000,-44000,-44000
065296,國巨統一01購10  ,0,0,0,0,0,0,0,0,0,-44000,0,0,0,6000,50000,-44000,-44000
065197,景碩元富06購01  ,0,0,0,0,0,0,0,0,0,-44000,0,0,0,6000,50000,-44000,-44000
064157,健鼎統一01購02  ,0,0,0,0,0,0,0,0,0,-44000,0,0,0,30000,74000,-44000,-44000
063572,麗豐元大9B購01  ,0,0,0,0,0,0,0,0,0,-44000,0,0,0,30000,74000,-44000,-44000
8033,雷虎            ,9000,48000,-39000,0,0,0,0,0,0,-5000,0,5000,-5000,0,0,0,-44000
067025,禾伸堂兆豐03購01,0,0,0,0,0,0,0,0,0,-45000,0,0,0,0,45000,-45000,-45000
066411,南紡元大01購01  ,0,0,0,0,0,0,0,0,0,-45000,0,0,0,15000,60000,-45000,-45000
066494,旺宏國泰03購01  ,0,0,0,0,0,0,0,0,0,-45000,0,0,0,46000,91000,-45000,-45000
066140,鎧勝群益01購01  ,0,0,0,0,0,0,0,0,0,-45000,0,0,0,116000,161000,-45000,-45000
08367P,臺股指凱基9C售11,0,0,0,0,0,0,0,0,0,-45000,0,0,0,78000,123000,-45000,-45000
08462P,臻鼎國票9C售02  ,0,0,0,0,0,0,0,0,0,-45000,0,0,0,20000,65000,-45000,-45000
08105P,景碩元大9B售01  ,0,0,0,0,0,0,0,0,0,-45000,0,0,0,0,45000,-45000,-45000
08085P,華通凱基9B售04  ,0,0,0,0,0,0,0,0,0,-45000,0,0,0,0,45000,-45000,-45000
054387,台積電統一98購02,0,0,0,0,0,0,0,0,0,-45000,0,0,0,31000,76000,-45000,-45000
058589,群創中信01購01  ,0,0,0,0,0,0,0,0,0,-45000,0,0,0,0,45000,-45000,-45000
058014,上銀凱基99購02  ,0,0,0,0,0,0,0,0,0,-45000,0,0,0,0,45000,-45000,-45000
058901,美律元大99購07  ,0,0,0,0,0,0,0,0,0,-45000,0,0,0,0,45000,-45000,-45000
062604,東元凱基9B購01  ,0,0,0,0,0,0,0,0,0,-45000,0,0,0,22000,67000,-45000,-45000
062975,京鼎元富9B購01  ,0,0,0,0,0,0,0,0,0,-45000,0,0,0,85000,130000,-45000,-45000
059435,大立光元大99購17,0,0,0,0,0,0,0,0,0,-45000,0,0,0,47000,92000,-45000,-45000
061138,晶技統一9C購01  ,0,0,0,0,0,0,0,0,0,-45000,0,0,0,300000,345000,-45000,-45000
064501,大立光元大01購02,0,0,0,0,0,0,0,0,0,-45000,0,0,0,0,45000,-45000,-45000
065200,健策元富9C購04  ,0,0,0,0,0,0,0,0,0,-45000,0,0,0,50000,95000,-45000,-45000
065182,南電元大9C購05  ,0,0,0,0,0,0,0,0,0,-45000,0,0,0,8000,53000,-45000,-45000
064775,和大群益01購01  ,0,0,0,0,0,0,0,0,0,-45000,0,0,0,50000,95000,-45000,-45000
065461,台光電中信9C購01,0,0,0,0,0,0,0,0,0,-45000,0,0,0,251000,296000,-45000,-45000
065777,正崴國泰03購01  ,0,0,0,0,0,0,0,0,0,-45000,0,0,0,0,45000,-45000,-45000
065903,聯發科富邦02購02,0,0,0,0,0,0,0,0,0,-45000,0,0,0,48000,93000,-45000,-45000
2228,劍麟            ,43000,73000,-30000,0,0,0,0,14000,-14000,-1000,0,0,0,3000,4000,-1000,-45000
08056P,華通群益9B售06  ,0,0,0,0,0,0,0,0,0,-46000,0,0,0,1000,47000,-46000,-46000
08205P,智邦凱基9B售03  ,0,0,0,0,0,0,0,0,0,-46000,0,0,0,10000,56000,-46000,-46000
08275P,南亞科元富9C售01,0,0,0,0,0,0,0,0,0,-46000,0,0,0,71000,117000,-46000,-46000
08685P,南電凱基01售03  ,0,0,0,0,0,0,0,0,0,-46000,0,0,0,49000,95000,-46000,-46000
08705P,臺股指群益01售02,0,0,0,0,0,0,0,0,0,-46000,0,0,0,0,46000,-46000,-46000
066950,義隆元大01購03  ,0,0,0,0,0,0,0,0,0,-46000,0,0,0,392000,438000,-46000,-46000
066989,聯茂群益01購01  ,0,0,0,0,0,0,0,0,0,-46000,0,0,0,0,46000,-46000,-46000
066680,友達兆豐01購02  ,0,0,0,0,0,0,0,0,0,-46000,0,0,0,0,46000,-46000,-46000
058361,美律凱基99購06  ,0,0,0,0,0,0,0,0,0,-46000,0,0,0,0,46000,-46000,-46000
057503,世紀鋼群益98購02,0,0,0,0,0,0,0,0,0,-46000,0,0,0,0,46000,-46000,-46000
056144,GIS元大98購01   ,0,0,0,0,0,0,0,0,0,-46000,0,0,0,10000,56000,-46000,-46000
056712,京鼎永豐98購01  ,0,0,0,0,0,0,0,0,0,-46000,0,0,0,21000,67000,-46000,-46000
061178,晶技凱基9B購01  ,0,0,0,0,0,0,0,0,0,-46000,0,0,0,114000,160000,-46000,-46000
061650,南電元大9A購07  ,0,0,0,0,0,0,0,0,0,-46000,0,0,0,3000,49000,-46000,-46000
062178,上銀元大9B購03  ,0,0,0,0,0,0,0,0,0,-46000,0,0,0,31000,77000,-46000,-46000
062136,南亞科群益9B購01,0,0,0,0,0,0,0,0,0,-46000,0,0,0,30000,76000,-46000,-46000
061908,台積電中信05購01,0,0,0,0,0,0,0,0,0,-46000,0,0,0,99000,145000,-46000,-46000
063313,南亞科群益9B購02,0,0,0,0,0,0,0,0,0,-46000,0,0,0,50000,96000,-46000,-46000
064604,聯茂元富9C購01  ,0,0,0,0,0,0,0,0,0,-46000,0,0,0,65000,111000,-46000,-46000
08838P,台灣50麥證01售02,0,0,0,0,46000,-46000,0,0,0,-46000,0,0,0,0,46000,-46000,-46000
066856,致新元大01購01  ,0,0,0,0,0,0,0,0,0,-47000,0,0,0,21000,68000,-47000,-47000
066062,同欣電元大01購02,0,0,0,0,0,0,0,0,0,-47000,0,0,0,53000,100000,-47000,-47000
066559,聯鈞元大01購03  ,0,0,0,0,0,0,0,0,0,-47000,0,0,0,11000,58000,-47000,-47000
08698P,可成凱基01售02  ,0,0,0,0,0,0,0,0,0,-47000,0,0,0,0,47000,-47000,-47000
08690P,友訊中信05售03  ,0,0,0,0,0,0,0,0,0,-47000,0,0,0,38000,85000,-47000,-47000
08759P,滬深2X元大01售08,0,0,0,0,0,0,0,0,0,-47000,0,0,0,3000,50000,-47000,-47000
08774P,華擎凱基01售02  ,0,0,0,0,0,0,0,0,0,-47000,0,0,0,0,47000,-47000,-47000
08411P,技嘉凱基9C售01  ,0,0,0,0,0,0,0,0,0,-47000,0,0,0,30000,77000,-47000,-47000
07366P,國巨康和99售02  ,0,0,0,0,0,0,0,0,0,-47000,0,0,0,13000,60000,-47000,-47000
056142,超眾元大97購06  ,0,0,0,0,0,0,0,0,0,-47000,0,0,0,1000,48000,-47000,-47000
058510,全新元大9B購02  ,0,0,0,0,0,0,0,0,0,-47000,0,0,0,87000,134000,-47000,-47000
058692,華邦電國票9B購01,0,0,0,0,0,0,0,0,0,-47000,0,0,0,600000,647000,-47000,-47000
062499,鴻海群益01購01  ,0,0,0,0,0,0,0,0,0,-47000,0,0,0,33000,80000,-47000,-47000
059637,大立光凱基01購01,0,0,0,0,0,0,0,0,0,-47000,0,0,0,30000,77000,-47000,-47000
059358,旺宏永豐99購02  ,0,0,0,0,0,0,0,0,0,-47000,0,0,0,3000,50000,-47000,-47000
061367,瑞祺國票9A購01  ,0,0,0,0,0,0,0,0,0,-47000,0,0,0,19000,66000,-47000,-47000
064510,GIS元大01購01   ,0,0,0,0,0,0,0,0,0,-47000,0,0,0,43000,90000,-47000,-47000
064086,旺宏凱基9C購01  ,0,0,0,0,0,0,0,0,0,-47000,0,0,0,7000,54000,-47000,-47000
065393,旺宏群益9C購04  ,0,0,0,0,0,0,0,0,0,-47000,0,0,0,9000,56000,-47000,-47000
065384,南電元大9C購07  ,0,0,0,0,0,0,0,0,0,-47000,0,0,0,46000,93000,-47000,-47000
3040,遠見            ,103000,147000,-44000,0,0,0,0,3000,-3000,0,0,0,0,0,0,0,-47000
9946,三發地產        ,1000,48000,-47000,0,0,0,0,0,0,0,0,0,0,0,0,0,-47000
07577P,華新科元大9A售09,0,0,0,0,0,0,0,0,0,-48000,0,0,0,130000,178000,-48000,-48000
08077P,亞德客國票9B售02,0,0,0,0,0,0,0,0,0,-48000,0,0,0,5000,53000,-48000,-48000
08193P,同欣電國票9C售02,0,0,0,0,0,0,0,0,0,-48000,0,0,0,88000,136000,-48000,-48000
066332,慧洋永豐01購01  ,0,0,0,0,0,0,0,0,0,-48000,0,0,0,0,48000,-48000,-48000
066115,美律兆豐02購01  ,0,0,0,0,0,0,0,0,0,-48000,0,0,0,0,48000,-48000,-48000
061122,敬鵬永豐9A購01  ,0,0,0,0,0,0,0,0,0,-48000,0,0,0,62000,110000,-48000,-48000
058544,FBVIX富邦9B購01 ,0,0,0,0,0,0,0,0,0,-48000,0,0,0,0,48000,-48000,-48000
055966,茂林元大99購01  ,0,0,0,0,0,0,0,0,0,-48000,0,0,0,2000,50000,-48000,-48000
020008,元大特股高息N   ,0,0,0,0,0,0,0,0,0,-48000,0,0,0,47000,95000,-48000,-48000
03454B,臺股指元大04熊06,0,0,0,0,0,0,0,0,0,-48000,0,0,0,25000,73000,-48000,-48000
062189,康控元大9B購02  ,0,0,0,0,0,0,0,0,0,-48000,0,0,0,46000,94000,-48000,-48000
062117,燿華中信9B購01  ,0,0,0,0,0,0,0,0,0,-48000,0,0,0,0,48000,-48000,-48000
059646,聯茂凱基99購06  ,0,0,0,0,0,0,0,0,0,-48000,0,0,0,7000,55000,-48000,-48000
061681,南電元大9A購08  ,0,0,0,0,0,0,0,0,0,-48000,0,0,0,71000,119000,-48000,-48000
062496,矽創中信9B購01  ,0,0,0,0,0,0,0,0,0,-48000,0,0,0,696000,744000,-48000,-48000
062539,可成國泰01購01  ,0,0,0,0,0,0,0,0,0,-48000,0,0,0,27000,75000,-48000,-48000
062599,鴻海台新9B購01  ,0,0,0,0,0,0,0,0,0,-48000,0,0,0,0,48000,-48000,-48000
060254,世紀鋼元大9A購01,0,0,0,0,0,0,0,0,0,-48000,0,0,0,22000,70000,-48000,-48000
064827,友達統一02購02  ,0,0,0,0,0,0,0,0,0,-48000,0,0,0,0,48000,-48000,-48000
064895,奇力新群益9C購02,0,0,0,0,0,0,0,0,0,-48000,0,0,0,8000,56000,-48000,-48000
065066,南電群益9C購02  ,0,0,0,0,0,0,0,0,0,-48000,0,0,0,21000,69000,-48000,-48000
06417P,台積電兆豐97售03,0,0,0,0,0,0,0,0,0,-48000,0,0,0,0,48000,-48000,-48000
064222,玉山金國票01購01,0,0,0,0,0,0,0,0,0,-48000,0,0,0,0,48000,-48000,-48000
064402,宏碁凱基01購01  ,0,0,0,0,0,0,0,0,0,-48000,0,0,0,12000,60000,-48000,-48000
063587,漢唐永豐9B購02  ,0,0,0,0,0,0,0,0,0,-48000,0,0,0,20000,68000,-48000,-48000
6451,訊芯-KY         ,245000,296000,-51000,0,0,0,0,0,0,3000,5000,2000,3000,25000,25000,0,-48000
066571,矽格元大01購02  ,0,0,0,0,0,0,0,0,0,-49000,0,0,0,170000,219000,-49000,-49000
066673,緯穎凱基02購01  ,0,0,0,0,0,0,0,0,0,-49000,0,0,0,11000,60000,-49000,-49000
067091,台虹元大01購02  ,0,0,0,0,0,0,0,0,0,-49000,0,0,0,14000,63000,-49000,-49000
067202,聚陽元大01購02  ,0,0,0,0,0,0,0,0,0,-49000,0,0,0,0,49000,-49000,-49000
067154,華擎統一03購03  ,0,0,0,0,0,0,0,0,0,-49000,0,0,0,0,49000,-49000,-49000
07667P,亞德客元大9A售05,0,0,0,0,0,0,0,0,0,-49000,0,0,0,30000,79000,-49000,-49000
07500P,微星元大9A售01  ,0,0,0,0,0,0,0,0,0,-49000,0,0,0,1000,50000,-49000,-49000
07031P,台灣50中信03售02,0,0,0,0,0,0,0,0,0,-49000,0,0,0,0,49000,-49000,-49000
056593,台積電元富98購02,0,0,0,0,0,0,0,0,0,-49000,0,0,0,11000,60000,-49000,-49000
056909,嘉聯益元大99購03,0,0,0,0,0,0,0,0,0,-49000,0,0,0,1000,50000,-49000,-49000
058834,GIS永豐99購01   ,0,0,0,0,0,0,0,0,0,-49000,0,0,0,6000,55000,-49000,-49000
058324,嘉聯益永豐9A購01,0,0,0,0,0,0,0,0,0,-49000,0,0,0,13000,62000,-49000,-49000
058284,滬深反群益01購01,0,0,0,0,0,0,0,0,0,-49000,0,0,0,91000,140000,-49000,-49000
060131,GIS永豐99購03   ,0,0,0,0,0,0,0,0,0,-49000,0,0,0,0,49000,-49000,-49000
062432,上銀元大9B購04  ,0,0,0,0,0,0,0,0,0,-49000,0,0,0,0,49000,-49000,-49000
060841,宏達電國票9B購01,0,0,0,0,0,0,0,0,0,-49000,0,0,0,35000,84000,-49000,-49000
060933,南電永豐9A購02  ,0,0,0,0,0,0,0,0,0,-49000,0,0,0,5000,54000,-49000,-49000
060900,超眾凱基9B購01  ,0,0,0,0,0,0,0,0,0,-49000,0,0,0,101000,150000,-49000,-49000
063185,聯發科凱基9C購03,0,0,0,0,0,0,0,0,0,-49000,0,0,0,15000,64000,-49000,-49000
061177,大立光凱基9A購10,0,0,0,0,0,0,0,0,0,-49000,0,0,0,64000,113000,-49000,-49000
063536,美食統一01購01  ,0,0,0,0,0,0,0,0,0,-49000,0,0,0,0,49000,-49000,-49000
063474,康控元大9B購04  ,0,0,0,0,0,0,0,0,0,-49000,0,0,0,6000,55000,-49000,-49000
065877,TPK群益9C購05   ,0,0,0,0,0,0,0,0,0,-49000,0,0,0,6000,55000,-49000,-49000
065870,正崴群益02購01  ,0,0,0,0,0,0,0,0,0,-49000,0,0,0,12000,61000,-49000,-49000
065882,景碩台新9C購03  ,0,0,0,0,0,0,0,0,0,-49000,0,0,0,14000,63000,-49000,-49000
4943,康控-KY         ,445000,459000,-14000,0,0,0,0,0,0,-35000,2000,48000,-46000,41000,30000,11000,-49000
07058P,台積電凱基9A售07,0,0,0,0,0,0,0,0,0,-50000,0,0,0,20000,70000,-50000,-50000
07459P,緯穎元大9A售01  ,0,0,0,0,0,0,0,0,0,-50000,0,0,0,20000,70000,-50000,-50000
07463P,台積電國票9A售05,0,0,0,0,0,0,0,0,0,-50000,0,0,0,0,50000,-50000,-50000
07359P,台積電元大99售45,0,0,0,0,0,0,0,0,0,-50000,0,0,0,0,50000,-50000,-50000
07312P,台灣50元大99售10,0,0,0,0,0,0,0,0,0,-50000,0,0,0,0,50000,-50000,-50000
07263P,台積電元大99售37,0,0,0,0,0,0,0,0,0,-50000,0,0,0,0,50000,-50000,-50000
07751P,世紀鋼凱基9A售02,0,0,0,0,0,0,0,0,0,-50000,0,0,0,10000,60000,-50000,-50000
07737P,華通永豐9A售01  ,0,0,0,0,0,0,0,0,0,-50000,0,0,0,0,50000,-50000,-50000
08097P,嘉澤永豐9B售03  ,0,0,0,0,0,0,0,0,0,-50000,0,0,0,0,50000,-50000,-50000
08149P,祥碩群益9B售07  ,0,0,0,0,0,0,0,0,0,-50000,0,0,0,0,50000,-50000,-50000
08231P,上銀元富9B售10  ,0,0,0,0,0,0,0,0,0,-50000,0,0,0,55000,105000,-50000,-50000
08236P,國巨富邦03售01  ,0,0,0,0,0,0,0,0,0,-50000,0,0,0,0,50000,-50000,-50000
08412P,群創凱基01售03  ,0,0,0,0,0,0,0,0,0,-50000,0,0,0,0,50000,-50000,-50000
08816P,台積電富邦04售03,0,0,0,0,0,0,0,0,0,-50000,0,0,0,0,50000,-50000,-50000
08650P,臺股指元大9C售36,0,0,0,0,0,0,0,0,0,-50000,0,0,0,10000,60000,-50000,-50000
067209,瑞昱元大01購04  ,0,0,0,0,0,0,0,0,0,-50000,0,0,0,71000,121000,-50000,-50000
067206,台積電元大01購23,0,0,0,0,0,0,0,0,0,-50000,0,0,0,0,50000,-50000,-50000
067244,康控群益01購02  ,0,0,0,0,0,0,0,0,0,-50000,0,0,0,2000,52000,-50000,-50000
06813P,友訊元富98售03  ,0,0,0,0,0,0,0,0,0,-50000,0,0,0,10000,60000,-50000,-50000
06861P,台積電國票99售08,0,0,0,0,0,0,0,0,0,-50000,0,0,0,120000,170000,-50000,-50000
067042,旺宏凱基01購02  ,0,0,0,0,0,0,0,0,0,-50000,0,0,0,0,50000,-50000,-50000
067005,盟立永豐01購04  ,0,0,0,0,0,0,0,0,0,-50000,0,0,0,0,50000,-50000,-50000
066970,T50反1群益01購05,0,0,0,0,0,0,0,0,0,-50000,0,0,0,0,50000,-50000,-50000
066974,SP黃豆群益03購01,0,0,0,0,0,0,0,0,0,-50000,0,0,0,0,50000,-50000,-50000
066965,鴻海元富07購07  ,0,0,0,0,0,0,0,0,0,-50000,0,0,0,0,50000,-50000,-50000
066952,亞光元大01購03  ,0,0,0,0,0,0,0,0,0,-50000,0,0,0,0,50000,-50000,-50000
06694P,臺股指凱基99售13,0,0,0,0,0,0,0,0,0,-50000,0,0,0,0,50000,-50000,-50000
066671,TPK凱基02購02   ,0,0,0,0,0,0,0,0,0,-50000,0,0,0,0,50000,-50000,-50000
066672,瑞祺凱基03購01  ,0,0,0,0,0,0,0,0,0,-50000,0,0,0,20000,70000,-50000,-50000
066727,鴻海元大01購12  ,0,0,0,0,0,0,0,0,0,-50000,0,0,0,0,50000,-50000,-50000
066850,鎧勝元大01購03  ,0,0,0,0,0,0,0,0,0,-50000,0,0,0,10000,60000,-50000,-50000
066902,台泥凱基01購01  ,0,0,0,0,0,0,0,0,0,-50000,0,0,0,20000,70000,-50000,-50000
066561,健策元大01購04  ,0,0,0,0,0,0,0,0,0,-50000,0,0,0,15000,65000,-50000,-50000
066269,宏達電元大01購03,0,0,0,0,0,0,0,0,0,-50000,0,0,0,0,50000,-50000,-50000
066152,大立光麥證01購03,0,0,0,0,50000,-50000,0,0,0,-50000,0,0,0,0,50000,-50000,-50000
058298,聯茂凱基99購05  ,0,0,0,0,0,0,0,0,0,-50000,0,0,0,2000,52000,-50000,-50000
058238,奇鋐元大99購02  ,0,0,0,0,0,0,0,0,0,-50000,0,0,0,0,50000,-50000,-50000
058239,景碩元大99購03  ,0,0,0,0,0,0,0,0,0,-50000,0,0,0,0,50000,-50000,-50000
058387,國巨國票9A購03  ,0,0,0,0,0,0,0,0,0,-50000,0,0,0,21000,71000,-50000,-50000
057757,鴻海凱基98購13  ,0,0,0,0,0,0,0,0,0,-50000,0,0,0,23000,73000,-50000,-50000
056768,宏達電元大99購03,0,0,0,0,0,0,0,0,0,-50000,0,0,0,166000,216000,-50000,-50000
057330,台積電國票99購03,0,0,0,0,0,0,0,0,0,-50000,0,0,0,348000,398000,-50000,-50000
061254,道瓊反凱基9A購02,0,0,0,0,0,0,0,0,0,-50000,0,0,0,51000,101000,-50000,-50000
061265,富邦金凱基9B購01,0,0,0,0,0,0,0,0,0,-50000,0,0,0,60000,110000,-50000,-50000
061325,晶技凱基9A購03  ,0,0,0,0,0,0,0,0,0,-50000,0,0,0,58000,108000,-50000,-50000
057893,亞德客元富98購03,0,0,0,0,0,0,0,0,0,-50000,0,0,0,0,50000,-50000,-50000
048177,臺指反富邦99購01,0,0,0,0,0,0,0,0,0,-50000,0,0,0,0,50000,-50000,-50000
053194,緯穎統一99購01  ,0,0,0,0,0,0,0,0,0,-50000,0,0,0,0,50000,-50000,-50000
053912,T50反1國票97購02,0,0,0,0,0,0,0,0,0,-50000,0,0,0,0,50000,-50000,-50000
056068,欣興元大97購05  ,0,0,0,0,0,0,0,0,0,-50000,0,0,0,0,50000,-50000,-50000
058567,華新科凱基9A購02,0,0,0,0,0,0,0,0,0,-50000,0,0,0,0,50000,-50000,-50000
057682,台積電日盛9A購03,0,0,0,0,0,0,0,0,0,-50000,0,0,0,0,50000,-50000,-50000
057617,國巨凱基99購06  ,0,0,0,0,0,0,0,0,0,-50000,0,0,0,0,50000,-50000,-50000
061543,南亞科群益9A購01,0,0,0,0,0,0,0,0,0,-50000,0,0,0,0,50000,-50000,-50000
062121,奇鋐台新9B購01  ,0,0,0,0,0,0,0,0,0,-50000,0,0,0,1000,51000,-50000,-50000
062042,台勝科凱基9C購01,0,0,0,0,0,0,0,0,0,-50000,0,0,0,0,50000,-50000,-50000
060433,億豐永豐9A購01  ,0,0,0,0,0,0,0,0,0,-50000,0,0,0,0,50000,-50000,-50000
062196,聯發科中信01購02,0,0,0,0,0,0,0,0,0,-50000,0,0,0,0,50000,-50000,-50000
061978,旺宏元大9C購01  ,0,0,0,0,0,0,0,0,0,-50000,0,0,0,0,50000,-50000,-50000
061719,緯穎凱基9A購06  ,0,0,0,0,0,0,0,0,0,-50000,0,0,0,0,50000,-50000,-50000
061807,元金2X統一9B購01,0,0,0,0,0,0,0,0,0,-50000,0,0,0,0,50000,-50000,-50000
061839,華新科凱基05購04,0,0,0,0,0,0,0,0,0,-50000,0,0,0,0,50000,-50000,-50000
058983,旺宏凱基99購05  ,0,0,0,0,0,0,0,0,0,-50000,0,0,0,0,50000,-50000,-50000
059127,國巨中信99購04  ,0,0,0,0,0,0,0,0,0,-50000,0,0,0,0,50000,-50000,-50000
063163,京元電永豐9B購01,0,0,0,0,0,0,0,0,0,-50000,0,0,0,0,50000,-50000,-50000
063026,南六元大9B購04  ,0,0,0,0,0,0,0,0,0,-50000,0,0,0,56000,106000,-50000,-50000
062937,旺宏凱基9B購08  ,0,0,0,0,0,0,0,0,0,-50000,0,0,0,2000,52000,-50000,-50000
062774,儒鴻元大9C購01  ,0,0,0,0,0,0,0,0,0,-50000,0,0,0,21000,71000,-50000,-50000
062777,鴻海元大9C購03  ,0,0,0,0,0,0,0,0,0,-50000,0,0,0,6000,56000,-50000,-50000
060963,禾伸堂凱基9A購01,0,0,0,0,0,0,0,0,0,-50000,0,0,0,0,50000,-50000,-50000
060009,南亞科群益99購03,0,0,0,0,0,0,0,0,0,-50000,0,0,0,0,50000,-50000,-50000
060054,華新科凱基9B購04,0,0,0,0,0,0,0,0,0,-50000,0,0,0,0,50000,-50000,-50000
065595,鴻海元大9C購15  ,0,0,0,0,0,0,0,0,0,-50000,0,0,0,0,50000,-50000,-50000
065504,宏達電永豐9C購01,0,0,0,0,0,0,0,0,0,-50000,0,0,0,0,50000,-50000,-50000
065059,神隆群益9C購01  ,0,0,0,0,0,0,0,0,0,-50000,0,0,0,0,50000,-50000,-50000
065104,南茂元大9C購02  ,0,0,0,0,0,0,0,0,0,-50000,0,0,0,0,50000,-50000,-50000
065189,台郡統一9C購03  ,0,0,0,0,0,0,0,0,0,-50000,0,0,0,30000,80000,-50000,-50000
064952,國泰金凱基9C購01,0,0,0,0,0,0,0,0,0,-50000,0,0,0,0,50000,-50000,-50000
064811,華擎元大01購01  ,0,0,0,0,0,0,0,0,0,-50000,0,0,0,25000,75000,-50000,-50000
063527,美食凱基01購01  ,0,0,0,0,0,0,0,0,0,-50000,0,0,0,0,50000,-50000,-50000
063525,廣達凱基9B購02  ,0,0,0,0,0,0,0,0,0,-50000,0,0,0,35000,85000,-50000,-50000
063393,華通群益9C購05  ,0,0,0,0,0,0,0,0,0,-50000,0,0,0,12000,62000,-50000,-50000
063645,瑞儀元大9B購02  ,0,0,0,0,0,0,0,0,0,-50000,0,0,0,62000,112000,-50000,-50000
063957,臻鼎元大9C購01  ,0,0,0,0,0,0,0,0,0,-50000,0,0,0,10000,60000,-50000,-50000
064002,仁寶凱基9C購01  ,0,0,0,0,0,0,0,0,0,-50000,0,0,0,10000,60000,-50000,-50000
063829,晶技國票01購01  ,0,0,0,0,0,0,0,0,0,-50000,0,0,0,0,50000,-50000,-50000
064408,TPK凱基02購01   ,0,0,0,0,0,0,0,0,0,-50000,0,0,0,15000,65000,-50000,-50000
064427,喬山凱基01購01  ,0,0,0,0,0,0,0,0,0,-50000,0,0,0,0,50000,-50000,-50000
064649,同欣電凱基01購01,0,0,0,0,0,0,0,0,0,-50000,0,0,0,22000,72000,-50000,-50000
064638,儒鴻凱基9C購03  ,0,0,0,0,0,0,0,0,0,-50000,0,0,0,10000,60000,-50000,-50000
064220,力山國票01購01  ,0,0,0,0,0,0,0,0,0,-50000,0,0,0,38000,88000,-50000,-50000
06427P,鴻海元大97售13  ,0,0,0,0,0,0,0,0,0,-50000,0,0,0,22000,72000,-50000,-50000
064271,鴻海元大9C購08  ,0,0,0,0,0,0,0,0,0,-50000,0,0,0,7000,57000,-50000,-50000
4999,鑫禾            ,14000,67000,-53000,0,0,0,0,0,0,3000,3000,0,3000,0,0,0,-50000
1531,高林股          ,12000,62000,-50000,0,0,0,0,0,0,0,0,0,0,0,0,0,-50000
08547P,大立光中信9C售04,0,0,0,0,0,0,0,0,0,-51000,0,0,0,0,51000,-51000,-51000
056191,世紀鋼統一97購01,0,0,0,0,0,0,0,0,0,-51000,0,0,0,0,51000,-51000,-51000
060340,國巨統一01購02  ,0,0,0,0,0,0,0,0,0,-51000,0,0,0,0,51000,-51000,-51000
060166,佐登永豐9A購01  ,0,0,0,0,0,0,0,0,0,-51000,0,0,0,0,51000,-51000,-51000
060913,宏達電元大9A購03,0,0,0,0,0,0,0,0,0,-51000,0,0,0,0,51000,-51000,-51000
062605,上銀凱基9B購03  ,0,0,0,0,0,0,0,0,0,-51000,0,0,0,57000,108000,-51000,-51000
062834,立積群益9B購02  ,0,0,0,0,0,0,0,0,0,-51000,0,0,0,9000,60000,-51000,-51000
062846,國泰金富邦9C購01,0,0,0,0,0,0,0,0,0,-51000,0,0,0,0,51000,-51000,-51000
059083,華通元大99購07  ,0,0,0,0,0,0,0,0,0,-51000,0,0,0,14000,65000,-51000,-51000
064250,亞光元富9C購01  ,0,0,0,0,0,0,0,0,0,-51000,0,0,0,73000,124000,-51000,-51000
064593,鈺齊永豐9C購01  ,0,0,0,0,0,0,0,0,0,-51000,0,0,0,76000,127000,-51000,-51000
064839,旭富統一9C購01  ,0,0,0,0,0,0,0,0,0,-51000,0,0,0,50000,101000,-51000,-51000
8131,福懋科          ,177000,224000,-47000,0,0,0,0,1000,-1000,-3000,20000,22000,-2000,0,1000,-1000,-51000
08582P,臺股指元大9C售30,0,0,0,0,0,0,0,0,0,-52000,0,0,0,22000,74000,-52000,-52000
08752P,長榮航群益01售01,0,0,0,0,0,0,0,0,0,-52000,0,0,0,0,52000,-52000,-52000
08304P,大立光中信02售01,0,0,0,0,0,0,0,0,0,-52000,0,0,0,0,52000,-52000,-52000
08011P,玉晶光元大9B售05,0,0,0,0,0,0,0,0,0,-52000,0,0,0,51000,103000,-52000,-52000
067046,聯發科凱基04購01,0,0,0,0,0,0,0,0,0,-52000,0,0,0,0,52000,-52000,-52000
067023,巨大中信01購01  ,0,0,0,0,0,0,0,0,0,-52000,0,0,0,0,52000,-52000,-52000
067071,燿華元大01購02  ,0,0,0,0,0,0,0,0,0,-52000,0,0,0,100000,152000,-52000,-52000
058701,鴻海元大99購16  ,0,0,0,0,0,0,0,0,0,-52000,0,0,0,29000,81000,-52000,-52000
056417,欣興中信98購01  ,0,0,0,0,0,0,0,0,0,-52000,0,0,0,10000,62000,-52000,-52000
062809,同欣電統一9C購01,0,0,0,0,0,0,0,0,0,-52000,0,0,0,209000,261000,-52000,-52000
062637,智易國票9B購01  ,0,0,0,0,0,0,0,0,0,-52000,0,0,0,0,52000,-52000,-52000
062768,南電凱基9B購04  ,0,0,0,0,0,0,0,0,0,-52000,0,0,0,55000,107000,-52000,-52000
065608,緯創元大9C購04  ,0,0,0,0,0,0,0,0,0,-52000,0,0,0,24000,76000,-52000,-52000
064272,鴻海元大9C購09  ,0,0,0,0,0,0,0,0,0,-52000,0,0,0,7000,59000,-52000,-52000
064024,漢唐元大9C購01  ,0,0,0,0,0,0,0,0,0,-52000,0,0,0,7000,59000,-52000,-52000
063373,晶技永豐9B購02  ,0,0,0,0,0,0,0,0,0,-52000,0,0,0,247000,299000,-52000,-52000
066296,昇陽半元大01購02,0,0,0,0,0,0,0,0,0,-53000,0,0,0,0,53000,-53000,-53000
08746P,鴻海元富07售06  ,0,0,0,0,0,0,0,0,0,-53000,0,0,0,0,53000,-53000,-53000
052890,FB上証群益9B購01,0,0,0,0,0,0,0,0,0,-53000,0,0,0,0,53000,-53000,-53000
00683L,元大美元指數正2 ,0,0,0,0,0,0,0,0,0,-53000,0,0,0,0,53000,-53000,-53000
054756,世紀鋼凱基99購01,0,0,0,0,0,0,0,0,0,-53000,0,0,0,25000,78000,-53000,-53000
062817,富邦金兆豐9B購01,0,0,0,0,0,0,0,0,0,-53000,0,0,0,127000,180000,-53000,-53000
062952,台積電永豐9B購02,0,0,0,0,0,0,0,0,0,-53000,0,0,0,0,53000,-53000,-53000
063307,同欣電凱基9B購02,0,0,0,0,0,0,0,0,0,-53000,0,0,0,3000,56000,-53000,-53000
062526,友達統一01購01  ,0,0,0,0,0,0,0,0,0,-53000,0,0,0,0,53000,-53000,-53000
061996,矽格元大9B購01  ,0,0,0,0,0,0,0,0,0,-53000,0,0,0,127000,180000,-53000,-53000
063480,南六元大9C購01  ,0,0,0,0,0,0,0,0,0,-53000,0,0,0,28000,81000,-53000,-53000
064210,台光電凱基03購01,0,0,0,0,0,0,0,0,0,-53000,0,0,0,191000,244000,-53000,-53000
064532,聯茂兆豐01購01  ,0,0,0,0,0,0,0,0,0,-53000,0,0,0,184000,237000,-53000,-53000
065844,南亞科元大9C購09,0,0,0,0,0,0,0,0,0,-53000,0,0,0,22000,75000,-53000,-53000
064840,彩晶統一02購01  ,0,0,0,0,0,0,0,0,0,-53000,0,0,0,0,53000,-53000,-53000
06485P,玉晶光群益9A售02,0,0,0,0,0,0,0,0,0,-53000,0,0,0,10000,63000,-53000,-53000
066314,台橡永豐01購01  ,0,0,0,0,0,0,0,0,0,-54000,0,0,0,0,54000,-54000,-54000
066428,健策元大02購02  ,0,0,0,0,0,0,0,0,0,-54000,0,0,0,22000,76000,-54000,-54000
066200,建準統一02購01  ,0,0,0,0,0,0,0,0,0,-54000,0,0,0,314000,368000,-54000,-54000
067053,申豐凱基02購01  ,0,0,0,0,0,0,0,0,0,-54000,0,0,0,30000,84000,-54000,-54000
067193,台表科凱基03購02,0,0,0,0,0,0,0,0,0,-54000,0,0,0,0,54000,-54000,-54000
066778,緯穎富邦03購01  ,0,0,0,0,0,0,0,0,0,-54000,0,0,0,0,54000,-54000,-54000
066817,瀚宇博兆豐03購01,0,0,0,0,0,0,0,0,0,-54000,0,0,0,54000,108000,-54000,-54000
066827,聯發科群益02購04,0,0,0,0,0,0,0,0,0,-54000,0,0,0,0,54000,-54000,-54000
066646,聯發科麥證01購03,0,0,0,1000,55000,-54000,0,0,0,-54000,0,0,0,1000,55000,-54000,-54000
054785,建準群益98購01  ,0,0,0,0,0,0,0,0,0,-54000,0,0,0,51000,105000,-54000,-54000
057536,康控元大99購03  ,0,0,0,0,0,0,0,0,0,-54000,0,0,0,81000,135000,-54000,-54000
056573,華新科元大99購06,0,0,0,0,0,0,0,0,0,-54000,0,0,0,34000,88000,-54000,-54000
062030,旭富群益9B購01  ,0,0,0,0,0,0,0,0,0,-54000,0,0,0,26000,80000,-54000,-54000
062344,力山群益9B購02  ,0,0,0,0,0,0,0,0,0,-54000,0,0,0,44000,98000,-54000,-54000
062620,台表科元大9B購04,0,0,0,0,0,0,0,0,0,-54000,0,0,0,13000,67000,-54000,-54000
062645,國巨國泰9B購08  ,0,0,0,0,0,0,0,0,0,-54000,0,0,0,0,54000,-54000,-54000
065091,亞光元大9C購01  ,0,0,0,0,0,0,0,0,0,-54000,0,0,0,0,54000,-54000,-54000
065620,金融類元大9C購03,0,0,0,0,0,0,0,0,0,-54000,0,0,0,0,54000,-54000,-54000
065569,智邦群益01購01  ,0,0,0,0,0,0,0,0,0,-54000,0,0,0,14000,68000,-54000,-54000
064630,巨大元大9C購01  ,0,0,0,0,0,0,0,0,0,-54000,0,0,0,0,54000,-54000,-54000
064158,健鼎統一02購01  ,0,0,0,0,0,0,0,0,0,-54000,0,0,0,30000,84000,-54000,-54000
063450,華新科統一02購01,0,0,0,0,0,0,0,0,0,-54000,0,0,0,5000,59000,-54000,-54000
063369,聚陽永豐9B購01  ,0,0,0,0,0,0,0,0,0,-54000,0,0,0,152000,206000,-54000,-54000
063849,奇鋐元大9C購01  ,0,0,0,0,0,0,0,0,0,-54000,0,0,0,131000,185000,-54000,-54000
063872,嘉聯益永豐9C購01,0,0,0,0,0,0,0,0,0,-54000,0,0,0,4000,58000,-54000,-54000
3530,晶相光          ,113000,226000,-113000,0,0,0,0,0,0,59000,31000,0,31000,29000,1000,28000,-54000
2359,所羅門          ,61000,118000,-57000,0,0,0,0,0,0,3000,3000,0,3000,0,0,0,-54000
066792,T50反1凱基01購03,0,0,0,0,0,0,0,0,0,-55000,0,0,0,4000,59000,-55000,-55000
06728P,全新元大98售03  ,0,0,0,0,0,0,0,0,0,-55000,0,0,0,0,55000,-55000,-55000
07871P,台積電群益9C售02,0,0,0,0,0,0,0,0,0,-55000,0,0,0,50000,105000,-55000,-55000
055572,鴻海統一98購04  ,0,0,0,0,0,0,0,0,0,-55000,0,0,0,31000,86000,-55000,-55000
057926,帆宣凱基98購02  ,0,0,0,0,0,0,0,0,0,-55000,0,0,0,10000,65000,-55000,-55000
058205,神達凱基9B購01  ,0,0,0,0,0,0,0,0,0,-55000,0,0,0,0,55000,-55000,-55000
058194,勤誠永豐99購01  ,0,0,0,0,0,0,0,0,0,-55000,0,0,0,0,55000,-55000,-55000
060363,美律元富9A購01  ,0,0,0,0,0,0,0,0,0,-55000,0,0,0,0,55000,-55000,-55000
059259,FBVIX中信03購06 ,0,0,0,0,0,0,0,0,0,-55000,0,0,0,30000,85000,-55000,-55000
061114,南電元大9A購04  ,0,0,0,0,0,0,0,0,0,-55000,0,0,0,0,55000,-55000,-55000
057267,康控兆豐99購01  ,0,0,0,0,0,0,0,0,0,-55000,0,0,0,120000,175000,-55000,-55000
062382,燿華國泰9C購01  ,0,0,0,0,0,0,0,0,0,-55000,0,0,0,260000,315000,-55000,-55000
059047,元油2X凱基9A購10,0,0,0,0,0,0,0,0,0,-55000,0,0,0,0,55000,-55000,-55000
062162,世紀鋼凱基9B購03,0,0,0,0,0,0,0,0,0,-55000,0,0,0,10000,65000,-55000,-55000
061625,聯茂群益9A購02  ,0,0,0,0,0,0,0,0,0,-55000,0,0,0,50000,105000,-55000,-55000
063363,鴻海富邦9B購02  ,0,0,0,0,0,0,0,0,0,-55000,0,0,0,0,55000,-55000,-55000
064047,義隆統一02購01  ,0,0,0,0,0,0,0,0,0,-55000,0,0,0,5000,60000,-55000,-55000
064971,裕隆元大01購01  ,0,0,0,0,0,0,0,0,0,-55000,0,0,0,380000,435000,-55000,-55000
07166P,台灣50兆豐03售01,0,0,0,0,0,0,0,0,0,-56000,0,0,0,0,56000,-56000,-56000
06984P,上銀富邦9B售01  ,0,0,0,0,0,0,0,0,0,-56000,0,0,0,7000,63000,-56000,-56000
08783P,台積電元大01售18,0,0,0,0,0,0,0,0,0,-56000,0,0,0,0,56000,-56000,-56000
08372P,大立光凱基01售04,0,0,0,0,0,0,0,0,0,-56000,0,0,0,3000,59000,-56000,-56000
066826,聯發科群益02購03,0,0,0,0,0,0,0,0,0,-56000,0,0,0,0,56000,-56000,-56000
066621,川湖凱基01購01  ,0,0,0,0,0,0,0,0,0,-56000,0,0,0,4000,60000,-56000,-56000
066689,技嘉台新01購01  ,0,0,0,0,0,0,0,0,0,-56000,0,0,0,51000,107000,-56000,-56000
065976,牧德元大02購02  ,0,0,0,0,0,0,0,0,0,-56000,0,0,0,0,56000,-56000,-56000
061206,旺宏元大9A購12  ,0,0,0,0,0,0,0,0,0,-56000,0,0,0,5000,61000,-56000,-56000
058434,旺宏統一9B購01  ,0,0,0,0,0,0,0,0,0,-56000,0,0,0,1000,57000,-56000,-56000
061188,大成鋼富邦9B購01,0,0,0,0,0,0,0,0,0,-56000,0,0,0,215000,271000,-56000,-56000
059461,鈺齊永豐99購03  ,0,0,0,0,0,0,0,0,0,-56000,0,0,0,0,56000,-56000,-56000
062367,禾伸堂元大9B購02,0,0,0,0,0,0,0,0,0,-56000,0,0,0,0,56000,-56000,-56000
065102,同欣電元大9C購07,0,0,0,0,0,0,0,0,0,-56000,0,0,0,167000,223000,-56000,-56000
065854,臻鼎元大9C購05  ,0,0,0,0,0,0,0,0,0,-56000,0,0,0,57000,113000,-56000,-56000
064575,鈺齊群益9C購01  ,0,0,0,0,0,0,0,0,0,-56000,0,0,0,50000,106000,-56000,-56000
2471,資通            ,29000,85000,-56000,0,0,0,0,0,0,0,0,0,0,0,0,0,-56000
3014,聯陽            ,1089239,1322000,-232761,0,0,0,0,0,0,176000,212000,3000,209000,10000,43000,-33000,-56761
066418,京元電元大01購02,0,0,0,0,0,0,0,0,0,-57000,0,0,0,256000,313000,-57000,-57000
057689,南亞科凱基99購02,0,0,0,0,0,0,0,0,0,-57000,0,0,0,5000,62000,-57000,-57000
062279,晶豪科群益9B購01,0,0,0,0,0,0,0,0,0,-57000,0,0,0,25000,82000,-57000,-57000
061920,台積電凱基9C購02,0,0,0,0,0,0,0,0,0,-57000,0,0,0,64000,121000,-57000,-57000
063079,儒鴻凱基9B購01  ,0,0,0,0,0,0,0,0,0,-57000,0,0,0,18000,75000,-57000,-57000
062569,南電中信01購01  ,0,0,0,0,0,0,0,0,0,-57000,0,0,0,140000,197000,-57000,-57000
060569,台積電永豐9A購01,0,0,0,0,0,0,0,0,0,-57000,0,0,0,3000,60000,-57000,-57000
065842,技嘉元大9C購05  ,0,0,0,0,0,0,0,0,0,-57000,0,0,0,134000,191000,-57000,-57000
3060,銘異            ,166000,224000,-58000,0,0,0,0,0,0,1000,1000,0,1000,0,0,0,-57000
2515,中工            ,780000,792000,-12000,0,0,0,0,0,0,-45000,10000,144000,-134000,119000,30000,89000,-57000
066541,南電兆豐01購02  ,0,0,0,0,0,0,0,0,0,-58000,0,0,0,50000,108000,-58000,-58000
066693,T50反1群益02購03,0,0,0,0,0,0,0,0,0,-58000,0,0,0,0,58000,-58000,-58000
08695P,嘉晶群益01售01  ,0,0,0,0,0,0,0,0,0,-58000,0,0,0,9000,67000,-58000,-58000
062663,聯發科群益9B購07,0,0,0,0,0,0,0,0,0,-58000,0,0,0,1000,59000,-58000,-58000
062910,亞光元大9B購01  ,0,0,0,0,0,0,0,0,0,-58000,0,0,0,18000,76000,-58000,-58000
059037,宏達電群益99購02,0,0,0,0,0,0,0,0,0,-58000,0,0,0,54000,112000,-58000,-58000
061447,鴻海中信04購02  ,0,0,0,0,0,0,0,0,0,-58000,0,0,0,5000,63000,-58000,-58000
065808,力成群益9C購02  ,0,0,0,0,0,0,0,0,0,-58000,0,0,0,40000,98000,-58000,-58000
065538,健鼎統一9C購01  ,0,0,0,0,0,0,0,0,0,-58000,0,0,0,0,58000,-58000,-58000
065502,康友富邦03購01  ,0,0,0,0,0,0,0,0,0,-58000,0,0,0,0,58000,-58000,-58000
065230,義隆凱基02購01  ,0,0,0,0,0,0,0,0,0,-58000,0,0,0,143000,201000,-58000,-58000
065234,旭富凱基01購01  ,0,0,0,0,0,0,0,0,0,-58000,0,0,0,40000,98000,-58000,-58000
063637,聯發科元大9C購02,0,0,0,0,0,0,0,0,0,-58000,0,0,0,7000,65000,-58000,-58000
063980,智易兆豐9C購02  ,0,0,0,0,0,0,0,0,0,-58000,0,0,0,2000,60000,-58000,-58000
6672,騰輝電子-KY     ,40000,99000,-59000,0,0,0,0,1000,-1000,2000,2000,0,2000,0,0,0,-58000
2548,華固            ,124044,213000,-88956,0,0,0,0,0,0,30000,30000,0,30000,0,0,0,-58956
08709P,台積電台新01售02,0,0,0,0,0,0,0,0,0,-59000,0,0,0,20000,79000,-59000,-59000
08401P,玉晶光元富9C售04,0,0,0,0,0,0,0,0,0,-59000,0,0,0,21000,80000,-59000,-59000
067004,義隆永豐01購01  ,0,0,0,0,0,0,0,0,0,-59000,0,0,0,300000,359000,-59000,-59000
066444,華擎群益01購03  ,0,0,0,0,0,0,0,0,0,-59000,0,0,0,13000,72000,-59000,-59000
066179,智伸科凱基01購01,0,0,0,0,0,0,0,0,0,-59000,0,0,0,66000,125000,-59000,-59000
061305,帆宣永豐9A購01  ,0,0,0,0,0,0,0,0,0,-59000,0,0,0,9000,68000,-59000,-59000
057882,華通群益9A購03  ,0,0,0,0,0,0,0,0,0,-59000,0,0,0,11000,70000,-59000,-59000
061951,南電群益9B購01  ,0,0,0,0,0,0,0,0,0,-59000,0,0,0,10000,69000,-59000,-59000
063684,上銀永豐9B購02  ,0,0,0,0,0,0,0,0,0,-59000,0,0,0,0,59000,-59000,-59000
064377,宏達電元富9C購01,0,0,0,0,0,0,0,0,0,-59000,0,0,0,41000,100000,-59000,-59000
065146,帆宣凱基9C購01  ,0,0,0,0,0,0,0,0,0,-59000,0,0,0,65000,124000,-59000,-59000
065164,和大元大01購01  ,0,0,0,0,0,0,0,0,0,-59000,0,0,0,0,59000,-59000,-59000
2484,希華            ,749000,809000,-60000,0,0,0,0,0,0,1000,1000,0,1000,0,0,0,-59000
3338,泰碩            ,603000,948000,-345000,0,0,0,0,0,0,286000,3000,47000,-44000,390000,60000,330000,-59000
066203,景碩統一03購01  ,0,0,0,0,0,0,0,0,0,-60000,0,0,0,70000,130000,-60000,-60000
066241,瑞祺富邦03購01  ,0,0,0,0,0,0,0,0,0,-60000,0,0,0,100000,160000,-60000,-60000
065993,立積永豐01購02  ,0,0,0,0,0,0,0,0,0,-60000,0,0,0,0,60000,-60000,-60000
066020,東元群益01購01  ,0,0,0,0,0,0,0,0,0,-60000,0,0,0,41000,101000,-60000,-60000
066536,漢唐兆豐03購01  ,0,0,0,0,0,0,0,0,0,-60000,0,0,0,15000,75000,-60000,-60000
066398,京鼎凱基01購02  ,0,0,0,0,0,0,0,0,0,-60000,0,0,0,28000,88000,-60000,-60000
066978,國巨群益01購03  ,0,0,0,0,0,0,0,0,0,-60000,0,0,0,0,60000,-60000,-60000
067048,聯詠凱基02購02  ,0,0,0,0,0,0,0,0,0,-60000,0,0,0,0,60000,-60000,-60000
067129,神隆永豐01購01  ,0,0,0,0,0,0,0,0,0,-60000,0,0,0,0,60000,-60000,-60000
066694,深中小群益03購01,0,0,0,0,0,0,0,0,0,-60000,0,0,0,229000,289000,-60000,-60000
066644,瑞昱麥證01購01  ,0,0,0,5000,65000,-60000,0,0,0,-60000,0,0,0,5000,65000,-60000,-60000
066889,元大金中信07購01,0,0,0,0,0,0,0,0,0,-60000,0,0,0,0,60000,-60000,-60000
08239P,南六永豐9B售03  ,0,0,0,0,0,0,0,0,0,-60000,0,0,0,0,60000,-60000,-60000
08700P,瑞昱康和01售01  ,0,0,0,0,0,0,0,0,0,-60000,0,0,0,0,60000,-60000,-60000
08825P,義隆元大01售04  ,0,0,0,0,0,0,0,0,0,-60000,0,0,0,0,60000,-60000,-60000
08831P,台積電群益01售11,0,0,0,0,0,0,0,0,0,-60000,0,0,0,1000,61000,-60000,-60000
07342P,大立光凱基99售14,0,0,0,0,0,0,0,0,0,-60000,0,0,0,0,60000,-60000,-60000
07886P,國巨國票9B售06  ,0,0,0,0,0,0,0,0,0,-60000,0,0,0,0,60000,-60000,-60000
057888,貿聯群益98購02  ,0,0,0,0,0,0,0,0,0,-60000,0,0,0,0,60000,-60000,-60000
059261,華邦電中信01購01,0,0,0,0,0,0,0,0,0,-60000,0,0,0,0,60000,-60000,-60000
057226,上銀凱基98購06  ,0,0,0,0,0,0,0,0,0,-60000,0,0,0,1000,61000,-60000,-60000
057227,台積電凱基98購15,0,0,0,0,0,0,0,0,0,-60000,0,0,0,0,60000,-60000,-60000
057162,上銀元大98購03  ,0,0,0,0,0,0,0,0,0,-60000,0,0,0,0,60000,-60000,-60000
058139,臻鼎元大99購01  ,0,0,0,0,0,0,0,0,0,-60000,0,0,0,178000,238000,-60000,-60000
057971,華新科富邦9B購02,0,0,0,0,0,0,0,0,0,-60000,0,0,0,30000,90000,-60000,-60000
058273,同欣電永豐99購01,0,0,0,0,0,0,0,0,0,-60000,0,0,0,90000,150000,-60000,-60000
056746,超眾凱基99購01  ,0,0,0,0,0,0,0,0,0,-60000,0,0,0,61000,121000,-60000,-60000
057620,康控凱基99購01  ,0,0,0,0,0,0,0,0,0,-60000,0,0,0,0,60000,-60000,-60000
055519,茂林中信99購01  ,0,0,0,0,0,0,0,0,0,-60000,0,0,0,0,60000,-60000,-60000
056659,泰碩元大99購01  ,0,0,0,0,0,0,0,0,0,-60000,0,0,0,0,60000,-60000,-60000
053764,A50正2富邦99購01,0,0,0,0,0,0,0,0,0,-60000,0,0,0,0,60000,-60000,-60000
059124,台積電第一03購01,0,0,0,0,0,0,0,0,0,-60000,0,0,0,0,60000,-60000,-60000
062425,可成統一01購01  ,0,0,0,0,0,0,0,0,0,-60000,0,0,0,10000,70000,-60000,-60000
061437,燿華凱基9A購01  ,0,0,0,0,0,0,0,0,0,-60000,0,0,0,4000,64000,-60000,-60000
059533,富邦金凱基99購01,0,0,0,0,0,0,0,0,0,-60000,0,0,0,25000,85000,-60000,-60000
061599,元金反中信9C購01,0,0,0,0,0,0,0,0,0,-60000,0,0,0,0,60000,-60000,-60000
062650,南電富邦01購01  ,0,0,0,0,0,0,0,0,0,-60000,0,0,0,13000,73000,-60000,-60000
063072,裕隆永豐9B購01  ,0,0,0,0,0,0,0,0,0,-60000,0,0,0,175000,235000,-60000,-60000
065240,矽創凱基01購01  ,0,0,0,0,0,0,0,0,0,-60000,0,0,0,0,60000,-60000,-60000
064863,台積電永豐9C購01,0,0,0,0,0,0,0,0,0,-60000,0,0,0,0,60000,-60000,-60000
065535,健鼎統一02購03  ,0,0,0,0,0,0,0,0,0,-60000,0,0,0,0,60000,-60000,-60000
065670,華新科凱基01購02,0,0,0,0,0,0,0,0,0,-60000,0,0,0,0,60000,-60000,-60000
064384,聯電富邦01購01  ,0,0,0,0,0,0,0,0,0,-60000,0,0,0,243000,303000,-60000,-60000
06432P,上銀群益98售01  ,0,0,0,0,0,0,0,0,0,-60000,0,0,0,0,60000,-60000,-60000
063442,金像電統一01購01,0,0,0,0,0,0,0,0,0,-60000,0,0,0,0,60000,-60000,-60000
063425,台勝科凱基9B購02,0,0,0,0,0,0,0,0,0,-60000,0,0,0,0,60000,-60000,-60000
063528,元大金凱基9B購01,0,0,0,0,0,0,0,0,0,-60000,0,0,0,80000,140000,-60000,-60000
063858,鴻海國泰02購01  ,0,0,0,0,0,0,0,0,0,-60000,0,0,0,29000,89000,-60000,-60000
2351,順德            ,108000,147000,-39000,0,0,0,0,0,0,-21000,0,0,0,0,21000,-21000,-60000
07084P,S&P正2元富9B售02,0,0,0,0,0,0,0,0,0,-61000,0,0,0,0,61000,-61000,-61000
066835,台郡群益01購02  ,0,0,0,0,0,0,0,0,0,-61000,0,0,0,220000,281000,-61000,-61000
066828,聯發科群益02購05,0,0,0,0,0,0,0,0,0,-61000,0,0,0,0,61000,-61000,-61000
066324,仲琦永豐01購01  ,0,0,0,0,0,0,0,0,0,-61000,0,0,0,50000,111000,-61000,-61000
066321,華碩永豐01購01  ,0,0,0,0,0,0,0,0,0,-61000,0,0,0,13000,74000,-61000,-61000
066477,鴻海元富07購01  ,0,0,0,0,0,0,0,0,0,-61000,0,0,0,1000,62000,-61000,-61000
046061,中石化凱基98購01,0,0,0,0,0,0,0,0,0,-61000,0,0,0,0,61000,-61000,-61000
056571,燿華元大98購02  ,0,0,0,0,0,0,0,0,0,-61000,0,0,0,255000,316000,-61000,-61000
057791,可成統一99購01  ,0,0,0,0,0,0,0,0,0,-61000,0,0,0,739000,800000,-61000,-61000
057964,緯穎元大99購03  ,0,0,0,0,0,0,0,0,0,-61000,0,0,0,113000,174000,-61000,-61000
058146,勤誠元大99購01  ,0,0,0,0,0,0,0,0,0,-61000,0,0,0,100000,161000,-61000,-61000
057374,禾伸堂元大99購03,0,0,0,0,0,0,0,0,0,-61000,0,0,0,0,61000,-61000,-61000
057433,上銀國票98購04  ,0,0,0,0,0,0,0,0,0,-61000,0,0,0,0,61000,-61000,-61000
062609,帆宣凱基9B購01  ,0,0,0,0,0,0,0,0,0,-61000,0,0,0,31000,92000,-61000,-61000
062449,臻鼎元大9B購01  ,0,0,0,0,0,0,0,0,0,-61000,0,0,0,89000,150000,-61000,-61000
059827,晶技凱基99購03  ,0,0,0,0,0,0,0,0,0,-61000,0,0,0,57000,118000,-61000,-61000
063825,道瓊銀國票01購01,0,0,0,0,0,0,0,0,0,-61000,0,0,0,0,61000,-61000,-61000
063993,華通群益01購01  ,0,0,0,0,0,0,0,0,0,-61000,0,0,0,20000,81000,-61000,-61000
064386,友達富邦01購01  ,0,0,0,0,0,0,0,0,0,-61000,0,0,0,21000,82000,-61000,-61000
064511,GIS元大9C購05   ,0,0,0,0,0,0,0,0,0,-61000,0,0,0,240000,301000,-61000,-61000
064527,裕隆中信01購01  ,0,0,0,0,0,0,0,0,0,-61000,0,0,0,52000,113000,-61000,-61000
065108,建準國票01購01  ,0,0,0,0,0,0,0,0,0,-61000,0,0,0,75000,136000,-61000,-61000
3094,聯傑            ,55000,116000,-61000,0,0,0,0,0,0,0,0,0,0,0,0,0,-61000
6197,佳必琪          ,268000,334000,-66000,0,0,0,0,0,0,5000,5000,0,5000,0,0,0,-61000
066095,友訊中信05購01  ,0,0,0,0,0,0,0,0,0,-62000,0,0,0,5000,67000,-62000,-62000
066734,聯詠元大01購03  ,0,0,0,0,0,0,0,0,0,-62000,0,0,0,69000,131000,-62000,-62000
057802,卜蜂元大98購01  ,0,0,0,0,0,0,0,0,0,-62000,0,0,0,0,62000,-62000,-62000
060364,奇力新元富9A購01,0,0,0,0,0,0,0,0,0,-62000,0,0,0,79000,141000,-62000,-62000
057962,超眾元大99購03  ,0,0,0,0,0,0,0,0,0,-62000,0,0,0,7000,69000,-62000,-62000
058435,旺宏統一9B購02  ,0,0,0,0,0,0,0,0,0,-62000,0,0,0,0,62000,-62000,-62000
061565,滬深2X元大9A購08,0,0,0,0,0,0,0,0,0,-62000,0,0,0,0,62000,-62000,-62000
060983,南亞科元大9A購06,0,0,0,0,0,0,0,0,0,-62000,0,0,0,3000,65000,-62000,-62000
065137,中鋼凱基01購01  ,0,0,0,0,0,0,0,0,0,-62000,0,0,0,0,62000,-62000,-62000
065133,SP黃豆凱基02購01,0,0,0,0,0,0,0,0,0,-62000,0,0,0,0,62000,-62000,-62000
065679,聯發科統一03購01,0,0,0,0,0,0,0,0,0,-62000,0,0,0,1000,63000,-62000,-62000
065951,聯發科統一01購08,0,0,0,0,0,0,0,0,0,-62000,0,0,0,78000,140000,-62000,-62000
065615,南電元大01購03  ,0,0,0,0,0,0,0,0,0,-62000,0,0,0,9000,71000,-62000,-62000
063741,GIS元大9B購04   ,0,0,0,0,0,0,0,0,0,-62000,0,0,0,196000,258000,-62000,-62000
1608,華榮            ,108000,170000,-62000,0,0,0,0,0,0,0,0,0,0,0,0,0,-62000
067018,FB上証中信02購01,0,0,0,0,0,0,0,0,0,-63000,0,0,0,0,63000,-63000,-63000
066312,川湖永豐01購01  ,0,0,0,0,0,0,0,0,0,-63000,0,0,0,0,63000,-63000,-63000
08708P,華通台新01售01  ,0,0,0,0,0,0,0,0,0,-63000,0,0,0,9000,72000,-63000,-63000
08187P,大毅群益9B售04  ,0,0,0,0,0,0,0,0,0,-63000,0,0,0,116000,179000,-63000,-63000
08224P,臺股指凱基9B售19,0,0,0,0,0,0,0,0,0,-63000,0,0,0,80000,143000,-63000,-63000
057638,上銀元大99購01  ,0,0,0,0,0,0,0,0,0,-63000,0,0,0,37000,100000,-63000,-63000
056554,GIS凱基99購01   ,0,0,0,0,0,0,0,0,0,-63000,0,0,0,133000,196000,-63000,-63000
054318,台虹凱基98購01  ,0,0,0,0,0,0,0,0,0,-63000,0,0,0,222000,285000,-63000,-63000
03658C,T50反1元大9A牛02,0,0,0,0,0,0,0,0,0,-63000,0,0,0,55000,118000,-63000,-63000
061226,台積電中信9A購05,0,0,0,0,0,0,0,0,0,-63000,0,0,0,1000,64000,-63000,-63000
062473,同欣電凱基9B購01,0,0,0,0,0,0,0,0,0,-63000,0,0,0,0,63000,-63000,-63000
060632,可成富邦9B購01  ,0,0,0,0,0,0,0,0,0,-63000,0,0,0,12000,75000,-63000,-63000
060719,瀚宇博永豐9A購01,0,0,0,0,0,0,0,0,0,-63000,0,0,0,1000,64000,-63000,-63000
062089,矽創元大9B購02  ,0,0,0,0,0,0,0,0,0,-63000,0,0,0,53000,116000,-63000,-63000
062208,旭富國票9C購01  ,0,0,0,0,0,0,0,0,0,-63000,0,0,0,0,63000,-63000,-63000
059688,燿華永豐99購01  ,0,0,0,0,0,0,0,0,0,-63000,0,0,0,1000,64000,-63000,-63000
063934,寶成統一02購01  ,0,0,0,0,0,0,0,0,0,-63000,0,0,0,10000,73000,-63000,-63000
063517,遠東新凱基01購01,0,0,0,0,0,0,0,0,0,-63000,0,0,0,50000,113000,-63000,-63000
065830,景碩凱基9C購04  ,0,0,0,0,0,0,0,0,0,-63000,0,0,0,0,63000,-63000,-63000
065245,國泰金兆豐9C購01,0,0,0,0,0,0,0,0,0,-63000,0,0,0,0,63000,-63000,-63000
065314,矽創國票01購02  ,0,0,0,0,0,0,0,0,0,-63000,0,0,0,10000,73000,-63000,-63000
064905,嘉聯益群益9C購01,0,0,0,0,0,0,0,0,0,-63000,0,0,0,0,63000,-63000,-63000
06496P,台灣50日盛98售01,0,0,0,0,0,0,0,0,0,-63000,0,0,0,0,63000,-63000,-63000
08561P,台表科國票01售02,0,0,0,0,0,0,0,0,0,-64000,0,0,0,4000,68000,-64000,-64000
065971,金像電元大02購01,0,0,0,0,0,0,0,0,0,-64000,0,0,0,33000,97000,-64000,-64000
057073,康控永豐98購01  ,0,0,0,0,0,0,0,0,0,-64000,0,0,0,0,64000,-64000,-64000
058046,國巨元大9A購01  ,0,0,0,0,0,0,0,0,0,-64000,0,0,0,14000,78000,-64000,-64000
061858,南電國票9B購02  ,0,0,0,0,0,0,0,0,0,-64000,0,0,0,37000,101000,-64000,-64000
062187,台勝科元大9B購02,0,0,0,0,0,0,0,0,0,-64000,0,0,0,0,64000,-64000,-64000
065027,玉晶光中信03購01,0,0,0,0,0,0,0,0,0,-64000,0,0,0,56000,120000,-64000,-64000
065731,群創凱基03購02  ,0,0,0,0,0,0,0,0,0,-64000,0,0,0,104000,168000,-64000,-64000
065411,旺宏永豐9C購02  ,0,0,0,0,0,0,0,0,0,-64000,0,0,0,2000,66000,-64000,-64000
065355,聯發科元富03購05,0,0,0,0,0,0,0,0,0,-64000,0,0,0,0,64000,-64000,-64000
063687,金像電永豐9B購04,0,0,0,0,0,0,0,0,0,-64000,0,0,0,20000,84000,-64000,-64000
063867,全新永豐9C購01  ,0,0,0,0,0,0,0,0,0,-64000,0,0,0,21000,85000,-64000,-64000
064669,健策元大01購03  ,0,0,0,0,0,0,0,0,0,-64000,0,0,0,39000,103000,-64000,-64000
067134,國揚永豐01購02  ,0,0,0,0,0,0,0,0,0,-65000,0,0,0,0,65000,-65000,-65000
08573P,台積電凱基9C售06,0,0,0,0,0,0,0,0,0,-65000,0,0,0,0,65000,-65000,-65000
07599P,台灣50凱基04售05,0,0,0,0,0,0,0,0,0,-65000,0,0,0,0,65000,-65000,-65000
057530,奇鋐元大99購01  ,0,0,0,0,0,0,0,0,0,-65000,0,0,0,11000,76000,-65000,-65000
054771,茂林國票98購02  ,0,0,0,0,0,0,0,0,0,-65000,0,0,0,133000,198000,-65000,-65000
055713,國巨元大98購09  ,0,0,0,0,0,0,0,0,0,-65000,0,0,0,0,65000,-65000,-65000
062184,奇鋐元大9B購02  ,0,0,0,0,0,0,0,0,0,-65000,0,0,0,193000,258000,-65000,-65000
060456,正隆元大9A購01  ,0,0,0,0,0,0,0,0,0,-65000,0,0,0,47000,112000,-65000,-65000
060014,中鋼康和99購01  ,0,0,0,0,0,0,0,0,0,-65000,0,0,0,0,65000,-65000,-65000
062561,瀚宇博凱基9B購01,0,0,0,0,0,0,0,0,0,-65000,0,0,0,118000,183000,-65000,-65000
060859,鴻海永豐9A購01  ,0,0,0,0,0,0,0,0,0,-65000,0,0,0,24000,89000,-65000,-65000
062690,華擎統一9B購01  ,0,0,0,0,0,0,0,0,0,-65000,0,0,0,18000,83000,-65000,-65000
063035,燿華凱基9B購02  ,0,0,0,0,0,0,0,0,0,-65000,0,0,0,14000,79000,-65000,-65000
063115,台積電麥證9B購02,0,0,0,40000,106000,-66000,0,0,0,-65000,0,0,0,41000,106000,-65000,-65000
063403,鈺齊群益9B購01  ,0,0,0,0,0,0,0,0,0,-65000,0,0,0,13000,78000,-65000,-65000
06532P,友達元富98售04  ,0,0,0,0,0,0,0,0,0,-65000,0,0,0,38000,103000,-65000,-65000
064963,T50反1元大9C購09,0,0,0,0,0,0,0,0,0,-65000,0,0,0,15000,80000,-65000,-65000
064759,景碩凱基9C購01  ,0,0,0,0,0,0,0,0,0,-65000,0,0,0,103000,168000,-65000,-65000
6108,競國            ,31000,96000,-65000,0,0,0,0,0,0,0,0,0,0,0,0,0,-65000
4739,康普            ,39000,104000,-65000,0,0,0,0,0,0,0,0,0,0,0,0,0,-65000
4956,光鋐            ,242000,307000,-65000,0,0,0,0,0,0,0,0,0,0,0,0,0,-65000
4426,利勤            ,41000,108000,-67000,0,0,0,0,0,0,2000,0,0,0,2000,0,2000,-65000
5215,科嘉-KY         ,512000,559107,-47107,0,0,0,0,20000,-20000,2000,4000,2000,2000,0,0,0,-65107
07799P,南電國票9A售04  ,0,0,0,0,0,0,0,0,0,-66000,0,0,0,163000,229000,-66000,-66000
08356P,聯發科元大9C售08,0,0,0,0,0,0,0,0,0,-66000,0,0,0,34000,100000,-66000,-66000
055232,泰碩國票98購01  ,0,0,0,0,0,0,0,0,0,-66000,0,0,0,65000,131000,-66000,-66000
054169,上緯控凱基98購01,0,0,0,0,0,0,0,0,0,-66000,0,0,0,224000,290000,-66000,-66000
060314,元翎永豐9A購01  ,0,0,0,0,0,0,0,0,0,-66000,0,0,0,0,66000,-66000,-66000
062617,京鼎元大9B購01  ,0,0,0,0,0,0,0,0,0,-66000,0,0,0,0,66000,-66000,-66000
060899,超眾凱基9A購01  ,0,0,0,0,0,0,0,0,0,-66000,0,0,0,75000,141000,-66000,-66000
062047,緯穎凱基9B購01  ,0,0,0,0,0,0,0,0,0,-66000,0,0,0,30000,96000,-66000,-66000
064763,祥碩凱基02購01  ,0,0,0,0,0,0,0,0,0,-66000,0,0,0,237000,303000,-66000,-66000
065171,燿華元大9C購04  ,0,0,0,0,0,0,0,0,0,-66000,0,0,0,214000,280000,-66000,-66000
063641,泰鼎元大9B購04  ,0,0,0,0,0,0,0,0,0,-66000,0,0,0,19000,85000,-66000,-66000
063852,瀚宇博元大9C購01,0,0,0,0,0,0,0,0,0,-66000,0,0,0,66000,132000,-66000,-66000
063778,亞德客永豐9B購02,0,0,0,0,0,0,0,0,0,-66000,0,0,0,17000,83000,-66000,-66000
064448,裕隆統一02購01  ,0,0,0,0,0,0,0,0,0,-66000,0,0,0,228000,294000,-66000,-66000
067148,燿華統一01購03  ,0,0,0,0,0,0,0,0,0,-67000,0,0,0,0,67000,-67000,-67000
066163,友訊凱基01購01  ,0,0,0,0,0,0,0,0,0,-67000,0,0,0,33000,100000,-67000,-67000
058929,可成統一9C購01  ,0,0,0,0,0,0,0,0,0,-67000,0,0,0,0,67000,-67000,-67000
058768,南港兆豐99購01  ,0,0,0,0,0,0,0,0,0,-67000,0,0,0,16000,83000,-67000,-67000
053821,群創群益98購08  ,0,0,0,0,0,0,0,0,0,-67000,0,0,0,0,67000,-67000,-67000
058554,瀚宇博永豐99購01,0,0,0,0,0,0,0,0,0,-67000,0,0,0,140000,207000,-67000,-67000
057564,台積電富邦9B購03,0,0,0,0,0,0,0,0,0,-67000,0,0,0,283000,350000,-67000,-67000
062023,寶成永豐9B購01  ,0,0,0,0,0,0,0,0,0,-67000,0,0,0,0,67000,-67000,-67000
061972,華新元大9B購01  ,0,0,0,0,0,0,0,0,0,-67000,0,0,0,83000,150000,-67000,-67000
059023,可成統一9B購02  ,0,0,0,0,0,0,0,0,0,-67000,0,0,0,11000,78000,-67000,-67000
060197,臻鼎元富9A購02  ,0,0,0,0,0,0,0,0,0,-67000,0,0,0,0,67000,-67000,-67000
063125,華擎元大9C購02  ,0,0,0,0,0,0,0,0,0,-67000,0,0,0,40000,107000,-67000,-67000
064601,嘉晶元富9C購03  ,0,0,0,0,0,0,0,0,0,-67000,0,0,0,83000,150000,-67000,-67000
063961,世紀鋼元大9C購05,0,0,0,0,0,0,0,0,0,-67000,0,0,0,92000,159000,-67000,-67000
066155,華碩康和01購01  ,0,0,0,0,0,0,0,0,0,-68000,0,0,0,137000,205000,-68000,-68000
066059,帆宣元大01購01  ,0,0,0,0,0,0,0,0,0,-68000,0,0,0,7000,75000,-68000,-68000
066268,宏達電元大01購02,0,0,0,0,0,0,0,0,0,-68000,0,0,0,0,68000,-68000,-68000
066335,潤泰全永豐01購01,0,0,0,0,0,0,0,0,0,-68000,0,0,0,0,68000,-68000,-68000
067276,義隆統一03購01  ,0,0,0,0,0,0,0,0,0,-68000,0,0,0,0,68000,-68000,-68000
06765P,欣興元大98售11  ,0,0,0,0,0,0,0,0,0,-68000,0,0,0,120000,188000,-68000,-68000
067054,台積電台新01購03,0,0,0,0,0,0,0,0,0,-68000,0,0,0,802000,870000,-68000,-68000
066678,台達電兆豐03購01,0,0,0,0,0,0,0,0,0,-68000,0,0,0,17000,85000,-68000,-68000
066584,滬深2X群益03購01,0,0,0,0,0,0,0,0,0,-68000,0,0,0,23000,91000,-68000,-68000
07392P,台積電國泰02售01,0,0,0,0,0,0,0,0,0,-68000,0,0,0,10000,78000,-68000,-68000
058456,京鼎永豐99購01  ,0,0,0,0,0,0,0,0,0,-68000,0,0,0,13000,81000,-68000,-68000
055653,聯詠元富01購02  ,0,0,0,0,0,0,0,0,0,-68000,0,0,0,23000,91000,-68000,-68000
058632,世紀鋼國票9A購01,0,0,0,0,0,0,0,0,0,-68000,0,0,0,11000,79000,-68000,-68000
057506,聯鈞國票99購02  ,0,0,0,0,0,0,0,0,0,-68000,0,0,0,0,68000,-68000,-68000
063302,國巨凱基9C購05  ,0,0,0,0,0,0,0,0,0,-68000,0,0,0,0,68000,-68000,-68000
062608,智易凱基9B購01  ,0,0,0,0,0,0,0,0,0,-68000,0,0,0,2000,70000,-68000,-68000
062744,超眾國泰9C購01  ,0,0,0,0,0,0,0,0,0,-68000,0,0,0,0,68000,-68000,-68000
060984,南亞科元大9A購07,0,0,0,0,0,0,0,0,0,-68000,0,0,0,0,68000,-68000,-68000
060823,旺宏元大9A購05  ,0,0,0,0,0,0,0,0,0,-68000,0,0,0,0,68000,-68000,-68000
062491,矽創永豐9B購01  ,0,0,0,0,0,0,0,0,0,-68000,0,0,0,23000,91000,-68000,-68000
061869,智邦元大9B購01  ,0,0,0,0,0,0,0,0,0,-68000,0,0,0,15000,83000,-68000,-68000
059951,台塑康和99購01  ,0,0,0,0,0,0,0,0,0,-68000,0,0,0,0,68000,-68000,-68000
061977,國巨元大9B購02  ,0,0,0,0,0,0,0,0,0,-68000,0,0,0,0,68000,-68000,-68000
064590,牧德永豐9C購01  ,0,0,0,0,0,0,0,0,0,-68000,0,0,0,0,68000,-68000,-68000
064547,宏達電凱基9C購01,0,0,0,0,0,0,0,0,0,-68000,0,0,0,14000,82000,-68000,-68000
064390,台塑永豐9C購01  ,0,0,0,0,0,0,0,0,0,-68000,0,0,0,0,68000,-68000,-68000
064067,美律永豐9C購01  ,0,0,0,0,0,0,0,0,0,-68000,0,0,0,0,68000,-68000,-68000
065457,旭富元富03購01  ,0,0,0,0,0,0,0,0,0,-68000,0,0,0,0,68000,-68000,-68000
065484,康友元大9C購01  ,0,0,0,0,0,0,0,0,0,-68000,0,0,0,0,68000,-68000,-68000
1464,得力            ,59000,131000,-72000,0,0,0,0,0,0,4000,0,0,0,10000,6000,4000,-68000
07749P,台郡凱基9A售01  ,0,0,0,0,0,0,0,0,0,-69000,0,0,0,0,69000,-69000,-69000
08824P,微星元大01售03  ,0,0,0,0,0,0,0,0,0,-69000,0,0,0,0,69000,-69000,-69000
06867P,訊芯元大98售08  ,0,0,0,0,0,0,0,0,0,-69000,0,0,0,31000,100000,-69000,-69000
056262,台積電統一98購04,0,0,0,0,0,0,0,0,0,-69000,0,0,0,170000,239000,-69000,-69000
062170,健策永豐9B購04  ,0,0,0,0,0,0,0,0,0,-69000,0,0,0,2000,71000,-69000,-69000
058971,台積電永豐99購03,0,0,0,0,0,0,0,0,0,-69000,0,0,0,370000,439000,-69000,-69000
060782,道瓊指富邦9C購01,0,0,0,0,0,0,0,0,0,-69000,0,0,0,3000,72000,-69000,-69000
064816,訊芯元大9C購01  ,0,0,0,0,0,0,0,0,0,-69000,0,0,0,148000,217000,-69000,-69000
064546,燿華凱基02購01  ,0,0,0,0,0,0,0,0,0,-69000,0,0,0,58000,127000,-69000,-69000
064010,GIS凱基02購01   ,0,0,0,0,0,0,0,0,0,-69000,0,0,0,28000,97000,-69000,-69000
063801,GIS凱基01購01   ,0,0,0,0,0,0,0,0,0,-69000,0,0,0,2000,71000,-69000,-69000
2348,海悅            ,48000,101000,-53000,0,0,0,0,0,0,-16000,1000,17000,-16000,0,0,0,-69000
067016,康控富邦04購01  ,0,0,0,0,0,0,0,0,0,-70000,0,0,0,0,70000,-70000,-70000
066000,奇鋐國票02購01  ,0,0,0,0,0,0,0,0,0,-70000,0,0,0,46000,116000,-70000,-70000
07988P,台積電台新9C售03,0,0,0,0,0,0,0,0,0,-70000,0,0,0,30000,100000,-70000,-70000
07595P,台灣50中信03售07,0,0,0,0,0,0,0,0,0,-70000,0,0,0,0,70000,-70000,-70000
03432B,臺股指凱基98熊13,0,0,0,0,0,0,0,0,0,-70000,0,0,0,768000,838000,-70000,-70000
056540,聯詠凱基98購02  ,0,0,0,0,0,0,0,0,0,-70000,0,0,0,0,70000,-70000,-70000
057455,景碩國泰99購01  ,0,0,0,0,0,0,0,0,0,-70000,0,0,0,4000,74000,-70000,-70000
059219,旺宏元大99購12  ,0,0,0,0,0,0,0,0,0,-70000,0,0,0,7000,77000,-70000,-70000
058941,華新科中信99購03,0,0,0,0,0,0,0,0,0,-70000,0,0,0,0,70000,-70000,-70000
058944,元石油群益9C購02,0,0,0,0,0,0,0,0,0,-70000,0,0,0,60000,130000,-70000,-70000
063298,統一凱基9B購01  ,0,0,0,0,0,0,0,0,0,-70000,0,0,0,0,70000,-70000,-70000
061932,上銀國票9B購01  ,0,0,0,0,0,0,0,0,0,-70000,0,0,0,0,70000,-70000,-70000
059814,SP黃豆凱基9A購02,0,0,0,0,0,0,0,0,0,-70000,0,0,0,20000,90000,-70000,-70000
062377,力成元大9B購01  ,0,0,0,0,0,0,0,0,0,-70000,0,0,0,0,70000,-70000,-70000
060470,台勝科元大9A購03,0,0,0,0,0,0,0,0,0,-70000,0,0,0,30000,100000,-70000,-70000
063688,建準永豐9B購03  ,0,0,0,0,0,0,0,0,0,-70000,0,0,0,30000,100000,-70000,-70000
063519,聚陽凱基9B購02  ,0,0,0,0,0,0,0,0,0,-70000,0,0,0,11000,81000,-70000,-70000
064286,TPK元大9C購02   ,0,0,0,0,0,0,0,0,0,-70000,0,0,0,12000,82000,-70000,-70000
5534,長虹            ,212000,270000,-58000,0,0,0,0,0,0,-12000,0,8000,-8000,0,4000,-4000,-70000
9934,成霖            ,54000,124000,-70000,0,0,0,0,0,0,0,0,0,0,0,0,0,-70000
08130P,義隆元大9B售05  ,0,0,0,0,0,0,0,0,0,-71000,0,0,0,60000,131000,-71000,-71000
066381,景碩康和01購01  ,0,0,0,0,0,0,0,0,0,-71000,0,0,0,0,71000,-71000,-71000
066273,晶技元大01購02  ,0,0,0,0,0,0,0,0,0,-71000,0,0,0,335000,406000,-71000,-71000
057579,長榮航中信9A購01,0,0,0,0,0,0,0,0,0,-71000,0,0,0,10000,81000,-71000,-71000
062197,聯發科中信01購03,0,0,0,0,0,0,0,0,0,-71000,0,0,0,0,71000,-71000,-71000
062374,茂林元大9B購03  ,0,0,0,0,0,0,0,0,0,-71000,0,0,0,13000,84000,-71000,-71000
062878,宏達電兆豐9B購01,0,0,0,0,0,0,0,0,0,-71000,0,0,0,20000,91000,-71000,-71000
060681,華擎元大9A購02  ,0,0,0,0,0,0,0,0,0,-71000,0,0,0,63000,134000,-71000,-71000
064137,台泥統一02購01  ,0,0,0,0,0,0,0,0,0,-71000,0,0,0,204000,275000,-71000,-71000
063471,泰鼎元大9C購01  ,0,0,0,0,0,0,0,0,0,-71000,0,0,0,14000,85000,-71000,-71000
065159,臻鼎群益9C購02  ,0,0,0,0,0,0,0,0,0,-71000,0,0,0,111000,182000,-71000,-71000
065848,聯詠元大9C購03  ,0,0,0,0,0,0,0,0,0,-71000,0,0,0,51000,122000,-71000,-71000
2492,華新科          ,891000,990000,-99000,0,0,0,0,10000,-10000,38000,6000,6000,0,95000,57000,38000,-71000
2605,新興            ,90000,161000,-71000,0,0,0,0,0,0,0,0,0,0,0,0,0,-71000
066336,聯陽永豐01購01  ,0,0,0,0,0,0,0,0,0,-72000,0,0,0,0,72000,-72000,-72000
067112,泰碩群益01購02  ,0,0,0,0,0,0,0,0,0,-72000,0,0,0,0,72000,-72000,-72000
067138,正文永豐01購02  ,0,0,0,0,0,0,0,0,0,-72000,0,0,0,0,72000,-72000,-72000
057552,禾伸堂凱基98購05,0,0,0,0,0,0,0,0,0,-72000,0,0,0,2000,74000,-72000,-72000
062956,同欣電永豐9B購02,0,0,0,0,0,0,0,0,0,-72000,0,0,0,0,72000,-72000,-72000
062780,旺宏元大01購01  ,0,0,0,0,0,0,0,0,0,-72000,0,0,0,0,72000,-72000,-72000
063188,TPK凱基9B購01   ,0,0,0,0,0,0,0,0,0,-72000,0,0,0,20000,92000,-72000,-72000
061894,台積電永豐9B購01,0,0,0,0,0,0,0,0,0,-72000,0,0,0,0,72000,-72000,-72000
063795,上銀凱基9C購01  ,0,0,0,0,0,0,0,0,0,-72000,0,0,0,0,72000,-72000,-72000
064578,TPK國泰02購01   ,0,0,0,0,0,0,0,0,0,-72000,0,0,0,38000,110000,-72000,-72000
08498P,大立光國票01售02,0,0,0,0,0,0,0,0,0,-73000,0,0,0,0,73000,-73000,-73000
08537P,台光電國票01售03,0,0,0,0,0,0,0,0,0,-73000,0,0,0,1000,74000,-73000,-73000
07527P,台灣50凱基9B售02,0,0,0,0,0,0,0,0,0,-73000,0,0,0,7000,80000,-73000,-73000
054739,義隆凱基98購02  ,0,0,0,0,0,0,0,0,0,-73000,0,0,0,34000,107000,-73000,-73000
059880,世紀鋼凱基99購02,0,0,0,0,0,0,0,0,0,-73000,0,0,0,0,73000,-73000,-73000
062119,世紀鋼中信9B購01,0,0,0,0,0,0,0,0,0,-73000,0,0,0,0,73000,-73000,-73000
059360,全新永豐99購02  ,0,0,0,0,0,0,0,0,0,-73000,0,0,0,49000,122000,-73000,-73000
060173,台灣50元富02購01,0,0,0,0,0,0,0,0,0,-73000,0,0,0,0,73000,-73000,-73000
065446,宏達電統一9C購02,0,0,0,0,0,0,0,0,0,-73000,0,0,0,0,73000,-73000,-73000
065181,南電元大01購01  ,0,0,0,0,0,0,0,0,0,-73000,0,0,0,2000,75000,-73000,-73000
6155,鈞寶            ,20000,93000,-73000,0,0,0,0,0,0,0,0,0,0,0,0,0,-73000
066745,瀚宇博元大01購01,0,0,0,0,0,0,0,0,0,-74000,0,0,0,320000,394000,-74000,-74000
066302,卜蜂永豐01購01  ,0,0,0,0,0,0,0,0,0,-74000,0,0,0,0,74000,-74000,-74000
066112,智邦兆豐02購01  ,0,0,0,0,0,0,0,0,0,-74000,0,0,0,40000,114000,-74000,-74000
053347,茂林國票98購01  ,0,0,0,0,0,0,0,0,0,-74000,0,0,0,0,74000,-74000,-74000
058408,華通兆豐99購02  ,0,0,0,0,0,0,0,0,0,-74000,0,0,0,1000,75000,-74000,-74000
055182,京鼎統一98購01  ,0,0,0,0,0,0,0,0,0,-74000,0,0,0,36000,110000,-74000,-74000
056989,鴻海兆豐98購02  ,0,0,0,0,0,0,0,0,0,-74000,0,0,0,0,74000,-74000,-74000
060169,群電永豐9A購01  ,0,0,0,0,0,0,0,0,0,-74000,0,0,0,29000,103000,-74000,-74000
060017,全新康和99購01  ,0,0,0,0,0,0,0,0,0,-74000,0,0,0,0,74000,-74000,-74000
062879,美食兆豐9B購01  ,0,0,0,0,0,0,0,0,0,-74000,0,0,0,19000,93000,-74000,-74000
059008,鈺齊元大99購03  ,0,0,0,0,0,0,0,0,0,-74000,0,0,0,152000,226000,-74000,-74000
064186,燿華永豐9C購01  ,0,0,0,0,0,0,0,0,0,-74000,0,0,0,27000,101000,-74000,-74000
064330,燿華元大9C購02  ,0,0,0,0,0,0,0,0,0,-74000,0,0,0,204000,278000,-74000,-74000
063487,國巨國泰01購02  ,0,0,0,0,0,0,0,0,0,-74000,0,0,0,0,74000,-74000,-74000
3419,譁裕            ,70000,145000,-75000,0,0,0,0,0,0,1000,1000,0,1000,0,0,0,-74000
066224,眾達國泰03購01  ,0,0,0,0,0,0,0,0,0,-75000,0,0,0,6000,81000,-75000,-75000
066517,智伸科永豐01購01,0,0,0,0,0,0,0,0,0,-75000,0,0,0,0,75000,-75000,-75000
066893,技嘉兆豐01購02  ,0,0,0,0,0,0,0,0,0,-75000,0,0,0,145000,220000,-75000,-75000
067104,聯發科群益01購05,0,0,0,0,0,0,0,0,0,-75000,0,0,0,0,75000,-75000,-75000
08509P,臺股指國票9C售10,0,0,0,0,0,0,0,0,0,-75000,0,0,0,130000,205000,-75000,-75000
08775P,台灣50群益01售05,0,0,0,0,0,0,0,0,0,-75000,0,0,0,0,75000,-75000,-75000
08409P,臺股指元大9C售15,0,0,0,0,0,0,0,0,0,-75000,0,0,0,0,75000,-75000,-75000
08374P,緯穎凱基9C售01  ,0,0,0,0,0,0,0,0,0,-75000,0,0,0,6000,81000,-75000,-75000
061304,創意永豐9A購02  ,0,0,0,0,0,0,0,0,0,-75000,0,0,0,422000,497000,-75000,-75000
061906,統一中信9B購01  ,0,0,0,0,0,0,0,0,0,-75000,0,0,0,0,75000,-75000,-75000
061917,亞德客凱基9B購02,0,0,0,0,0,0,0,0,0,-75000,0,0,0,28000,103000,-75000,-75000
061843,億豐凱基9C購01  ,0,0,0,0,0,0,0,0,0,-75000,0,0,0,10000,85000,-75000,-75000
060760,南亞科元大9A購04,0,0,0,0,0,0,0,0,0,-75000,0,0,0,0,75000,-75000,-75000
063717,宏達電兆豐9B購02,0,0,0,0,0,0,0,0,0,-75000,0,0,0,0,75000,-75000,-75000
064376,美律元富9C購01  ,0,0,0,0,0,0,0,0,0,-75000,0,0,0,0,75000,-75000,-75000
065344,瑞昱統一01購05  ,0,0,0,0,0,0,0,0,0,-75000,0,0,0,0,75000,-75000,-75000
065601,聯發科元大01購05,0,0,0,0,0,0,0,0,0,-75000,0,0,0,251000,326000,-75000,-75000
8261,富鼎            ,116000,191000,-75000,0,0,0,0,0,0,0,0,0,0,0,0,0,-75000
2546,根基            ,48000,123000,-75000,0,0,0,0,0,0,0,0,0,0,0,0,0,-75000
3048,益登            ,30000,115000,-85000,0,0,0,0,0,0,10000,10000,0,10000,0,0,0,-75000
066849,神達元大01購01  ,0,0,0,0,0,0,0,0,0,-76000,0,0,0,258000,334000,-76000,-76000
061080,華邦電兆豐9B購01,0,0,0,0,0,0,0,0,0,-76000,0,0,0,0,76000,-76000,-76000
055551,致茂凱基98購01  ,0,0,0,0,0,0,0,0,0,-76000,0,0,0,0,76000,-76000,-76000
052950,超眾國票98購01  ,0,0,0,0,0,0,0,0,0,-76000,0,0,0,16000,92000,-76000,-76000
060100,新光金元大9C購01,0,0,0,0,0,0,0,0,0,-76000,0,0,0,81000,157000,-76000,-76000
062393,智邦富邦9B購01  ,0,0,0,0,0,0,0,0,0,-76000,0,0,0,12000,88000,-76000,-76000
059425,SGBR2X元大9A購02,0,0,0,0,0,0,0,0,0,-76000,0,0,0,43000,119000,-76000,-76000
062234,廣達凱基9B購01  ,0,0,0,0,0,0,0,0,0,-76000,0,0,0,39000,115000,-76000,-76000
065343,智邦統一01購03  ,0,0,0,0,0,0,0,0,0,-76000,0,0,0,99000,175000,-76000,-76000
065403,健鼎國泰02購01  ,0,0,0,0,0,0,0,0,0,-76000,0,0,0,66000,142000,-76000,-76000
3702A,大聯大甲特      ,0,1000,-1000,0,0,0,0,0,0,-75000,0,75000,-75000,0,0,0,-76000
067131,為升永豐01購01  ,0,0,0,0,0,0,0,0,0,-77000,0,0,0,0,77000,-77000,-77000
08753P,群創群益01售01  ,0,0,0,0,0,0,0,0,0,-77000,0,0,0,13000,90000,-77000,-77000
056977,國巨群益9A購01  ,0,0,0,0,0,0,0,0,0,-77000,0,0,0,0,77000,-77000,-77000
062855,嘉澤永豐9B購02  ,0,0,0,0,0,0,0,0,0,-77000,0,0,0,142000,219000,-77000,-77000
063108,世紀鋼群益9C購01,0,0,0,0,0,0,0,0,0,-77000,0,0,0,53000,130000,-77000,-77000
064833,新光金統一02購01,0,0,0,0,0,0,0,0,0,-77000,0,0,0,400000,477000,-77000,-77000
064994,南電兆豐01購01  ,0,0,0,0,0,0,0,0,0,-77000,0,0,0,24000,101000,-77000,-77000
064610,儒鴻元大9C購03  ,0,0,0,0,0,0,0,0,0,-77000,0,0,0,15000,92000,-77000,-77000
064348,TPK元大9C購03   ,0,0,0,0,0,0,0,0,0,-77000,0,0,0,6000,83000,-77000,-77000
064209,燿華凱基01購01  ,0,0,0,0,0,0,0,0,0,-77000,0,0,0,25000,102000,-77000,-77000
9136,巨騰-DR         ,12000,137000,-125000,0,0,0,0,0,0,48000,48000,0,48000,0,0,0,-77000
08592P,聯發科凱基01售06,0,0,0,0,0,0,0,0,0,-78000,0,0,0,101000,179000,-78000,-78000
08623P,健策群益01售04  ,0,0,0,0,0,0,0,0,0,-78000,0,0,0,68000,146000,-78000,-78000
08456P,聯發科元大9C售13,0,0,0,0,0,0,0,0,0,-78000,0,0,0,22000,100000,-78000,-78000
08194P,同欣電國票9C售03,0,0,0,0,0,0,0,0,0,-78000,0,0,0,92000,170000,-78000,-78000
057292,國巨國泰9B購01  ,0,0,0,0,0,0,0,0,0,-78000,0,0,0,70000,148000,-78000,-78000
062883,智易兆豐9C購01  ,0,0,0,0,0,0,0,0,0,-78000,0,0,0,0,78000,-78000,-78000
062924,世紀鋼元大9C購04,0,0,0,0,0,0,0,0,0,-78000,0,0,0,134000,212000,-78000,-78000
060688,世紀鋼元大9C購01,0,0,0,0,0,0,0,0,0,-78000,0,0,0,50000,128000,-78000,-78000
064872,南電永豐9C購02  ,0,0,0,0,0,0,0,0,0,-78000,0,0,0,2000,80000,-78000,-78000
066012,友訊元富01購01  ,0,0,0,0,0,0,0,0,0,-79000,0,0,0,48000,127000,-79000,-79000
056963,建準永豐98購01  ,0,0,0,0,0,0,0,0,0,-79000,0,0,0,16000,95000,-79000,-79000
00663L,國泰臺灣加權正2 ,0,66000,-66000,0,0,0,0,0,0,-13000,0,0,0,94000,107000,-13000,-79000
055102,上銀凱基98購01  ,0,0,0,0,0,0,0,0,0,-79000,0,0,0,54000,133000,-79000,-79000
062622,南電元大9B購03  ,0,0,0,0,0,0,0,0,0,-79000,0,0,0,3000,82000,-79000,-79000
065279,T50反1群益9C購03,0,0,0,0,0,0,0,0,0,-79000,0,0,0,530000,609000,-79000,-79000
065371,漢唐元大01購01  ,0,0,0,0,0,0,0,0,0,-79000,0,0,0,156000,235000,-79000,-79000
065825,鴻海凱基02購02  ,0,0,0,0,0,0,0,0,0,-79000,0,0,0,108000,187000,-79000,-79000
064242,TPK統一02購01   ,0,0,0,0,0,0,0,0,0,-79000,0,0,0,4000,83000,-79000,-79000
1611,中電            ,35000,114000,-79000,0,0,0,0,0,0,0,0,0,0,0,0,0,-79000
08588P,緯穎元富03售01  ,0,0,0,0,0,0,0,0,0,-80000,0,0,0,212000,292000,-80000,-80000
07763P,嘉澤永豐9A售02  ,0,0,0,0,0,0,0,0,0,-80000,0,0,0,0,80000,-80000,-80000
07685P,玉晶光凱基9B售03,0,0,0,0,0,0,0,0,0,-80000,0,0,0,30000,110000,-80000,-80000
07868P,健策元大9B售05  ,0,0,0,0,0,0,0,0,0,-80000,0,0,0,40000,120000,-80000,-80000
055623,貿聯國泰99購01  ,0,0,0,0,0,0,0,0,0,-80000,0,0,0,44000,124000,-80000,-80000
057545,國巨凱基99購05  ,0,0,0,0,0,0,0,0,0,-80000,0,0,0,0,80000,-80000,-80000
057988,鈺齊元富98購02  ,0,0,0,0,0,0,0,0,0,-80000,0,0,0,0,80000,-80000,-80000
062813,台積電兆豐9B購01,0,0,0,0,0,0,0,0,0,-80000,0,0,0,1123000,1203000,-80000,-80000
061965,台積電統一02購02,0,0,0,0,0,0,0,0,0,-80000,0,0,0,0,80000,-80000,-80000
062212,臻鼎台新9B購01  ,0,0,0,0,0,0,0,0,0,-80000,0,0,0,131000,211000,-80000,-80000
061644,健策元大9C購02  ,0,0,0,0,0,0,0,0,0,-80000,0,0,0,14000,94000,-80000,-80000
059343,宏達電凱基99購04,0,0,0,0,0,0,0,0,0,-80000,0,0,0,3000,83000,-80000,-80000
063670,美食統一9C購01  ,0,0,0,0,0,0,0,0,0,-80000,0,0,0,0,80000,-80000,-80000
065790,創意永豐9C購02  ,0,0,0,0,0,0,0,0,0,-80000,0,0,0,20000,100000,-80000,-80000
064718,友達統一02購01  ,0,0,0,0,0,0,0,0,0,-80000,0,0,0,262000,342000,-80000,-80000
3504,揚明光          ,51000,129000,-78000,0,0,0,0,0,0,-2000,0,0,0,0,2000,-2000,-80000
08627P,臺股指群益9C售22,0,0,0,0,0,0,0,0,0,-81000,0,0,0,5000,86000,-81000,-81000
08238P,嘉晶永豐9B售03  ,0,0,0,0,0,0,0,0,0,-81000,0,0,0,0,81000,-81000,-81000
057287,彩晶元大9C購03  ,0,0,0,0,0,0,0,0,0,-81000,0,0,0,121000,202000,-81000,-81000
057527,億光元大98購01  ,0,0,0,0,0,0,0,0,0,-81000,0,0,0,207000,288000,-81000,-81000
056242,緯創群益9A購01  ,0,0,0,0,0,0,0,0,0,-81000,0,0,0,0,81000,-81000,-81000
056521,群創日盛98購01  ,0,0,0,0,0,0,0,0,0,-81000,0,0,0,0,81000,-81000,-81000
061413,台勝科群益9A購01,0,5000,-5000,0,0,0,0,0,0,-76000,0,0,0,6000,82000,-76000,-81000
061041,南電永豐9A購03  ,0,0,0,0,0,0,0,0,0,-81000,0,0,0,2000,83000,-81000,-81000
063861,南亞科國泰02購01,0,0,0,0,0,0,0,0,0,-81000,0,0,0,0,81000,-81000,-81000
064363,聯發科統一9C購14,0,0,0,0,0,0,0,0,0,-81000,0,0,0,0,81000,-81000,-81000
064487,和大元大9C購01  ,0,0,0,0,0,0,0,0,0,-81000,0,0,0,0,81000,-81000,-81000
4137,麗豐-KY         ,66000,146000,-80000,0,0,0,0,0,0,-1000,0,0,0,3000,4000,-1000,-81000
2881A,富邦特          ,2000,8000,-6000,0,0,0,0,50000,-50000,-25000,0,25000,-25000,0,0,0,-81000
066537,全新兆豐01購01  ,0,0,0,0,0,0,0,0,0,-82000,0,0,0,0,82000,-82000,-82000
067160,燿華國票03購01  ,0,0,0,0,0,0,0,0,0,-82000,0,0,0,2000,84000,-82000,-82000
053686,台積電元大97購08,0,0,0,0,0,0,0,0,0,-82000,0,0,0,92000,174000,-82000,-82000
057161,亞德客元大98購02,0,0,0,0,0,0,0,0,0,-82000,0,0,0,115000,197000,-82000,-82000
058832,立積永豐99購01  ,0,0,0,0,0,0,0,0,0,-82000,0,0,0,5000,87000,-82000,-82000
060809,康友群益9A購01  ,0,0,0,0,0,0,0,0,0,-82000,0,0,0,26000,108000,-82000,-82000
060665,康控凱基9A購01  ,0,0,0,0,0,0,0,0,0,-82000,0,0,0,29000,111000,-82000,-82000
062233,神隆凱基9B購01  ,0,0,0,0,0,0,0,0,0,-82000,0,0,0,24000,106000,-82000,-82000
061791,康友群益9B購01  ,0,0,0,0,0,0,0,0,0,-82000,0,0,0,0,82000,-82000,-82000
064460,健策統一9C購03  ,0,0,0,0,0,0,0,0,0,-82000,0,0,0,120000,202000,-82000,-82000
065809,同欣電群益9C購03,0,0,0,0,0,0,0,0,0,-82000,0,0,0,28000,110000,-82000,-82000
066612,台積電麥證01購04,0,0,0,102000,286000,-184000,0,0,0,-83000,0,0,0,203000,286000,-83000,-83000
066631,聯詠凱基03購01  ,0,0,0,0,0,0,0,0,0,-83000,0,0,0,35000,118000,-83000,-83000
066044,京元電元大01購01,0,0,0,0,0,0,0,0,0,-83000,0,0,0,29000,112000,-83000,-83000
08657P,牧德群益9C售02  ,0,0,0,0,0,0,0,0,0,-83000,0,0,0,44000,127000,-83000,-83000
08638P,泰碩國票9C售01  ,0,0,0,0,0,0,0,0,0,-83000,0,0,0,210000,293000,-83000,-83000
08714P,華碩元富01售03  ,0,0,0,0,0,0,0,0,0,-83000,0,0,0,284000,367000,-83000,-83000
058878,旭富國泰9B購01  ,0,0,0,0,0,0,0,0,0,-83000,0,0,0,10000,93000,-83000,-83000
057354,聯鈞統一99購03  ,0,0,0,0,0,0,0,0,0,-83000,0,0,0,501000,584000,-83000,-83000
054471,T50反1中信9C購01,0,0,0,0,0,0,0,0,0,-83000,0,0,0,160000,243000,-83000,-83000
062826,奇力新群益9C購01,0,0,0,0,0,0,0,0,0,-83000,0,0,0,0,83000,-83000,-83000
062998,泰碩國票01購01  ,0,0,0,0,0,0,0,0,0,-83000,0,0,0,0,83000,-83000,-83000
065659,華新科永豐9C購04,0,0,0,0,0,0,0,0,0,-83000,0,0,0,0,83000,-83000,-83000
064812,旭富元大9C購04  ,0,0,0,0,0,0,0,0,0,-83000,0,0,0,68000,151000,-83000,-83000
064019,上銀元大9C購05  ,0,0,0,0,0,0,0,0,0,-83000,0,0,0,0,83000,-83000,-83000
07424P,大立光元大9B售01,0,0,0,0,0,0,0,0,0,-84000,0,0,0,16000,100000,-84000,-84000
066161,力山凱基01購01  ,0,0,0,0,0,0,0,0,0,-84000,0,0,0,5000,89000,-84000,-84000
06837P,上銀統一9A售02  ,0,0,0,0,0,0,0,0,0,-84000,0,0,0,1000,85000,-84000,-84000
06697P,台積電國票99售05,0,0,0,0,0,0,0,0,0,-84000,0,0,0,408000,492000,-84000,-84000
055569,聚陽統一98購01  ,0,0,0,0,0,0,0,0,0,-84000,0,0,0,1000,85000,-84000,-84000
055437,禾伸堂中信99購01,0,0,0,0,0,0,0,0,0,-84000,0,0,0,0,84000,-84000,-84000
061084,京元電兆豐9A購02,0,0,0,0,0,0,0,0,0,-84000,0,0,0,20000,104000,-84000,-84000
062885,臻鼎兆豐9C購01  ,0,0,0,0,0,0,0,0,0,-84000,0,0,0,6000,90000,-84000,-84000
060815,茂林凱基9B購01  ,0,0,0,0,0,0,0,0,0,-84000,0,0,0,76000,160000,-84000,-84000
061027,儒鴻永豐9A購02  ,0,0,0,0,0,0,0,0,0,-84000,0,0,0,0,84000,-84000,-84000
062281,奇鋐群益9B購01  ,0,0,0,0,0,0,0,0,0,-84000,0,0,0,16000,100000,-84000,-84000
060427,聯茂永豐9A購01  ,0,0,0,0,0,0,0,0,0,-84000,0,0,0,10000,94000,-84000,-84000
064568,聯鈞群益9C購01  ,0,0,0,0,0,0,0,0,0,-84000,0,0,0,179000,263000,-84000,-84000
065259,燿華元大9C購05  ,0,0,0,0,0,0,0,0,0,-84000,0,0,0,163000,247000,-84000,-84000
065710,嘉聯益群益9C購02,0,0,0,0,0,0,0,0,0,-84000,0,0,0,1000,85000,-84000,-84000
065516,健鼎群益9C購02  ,0,0,0,0,0,0,0,0,0,-84000,0,0,0,0,84000,-84000,-84000
067022,台虹中信01購01  ,0,0,0,0,0,0,0,0,0,-85000,0,0,0,0,85000,-85000,-85000
066772,友達富邦03購01  ,0,0,0,0,0,0,0,0,0,-85000,0,0,0,0,85000,-85000,-85000
066806,京鼎凱基02購01  ,0,0,0,0,0,0,0,0,0,-85000,0,0,0,12000,97000,-85000,-85000
066217,美利達統一03購01,0,0,0,0,0,0,0,0,0,-85000,0,0,0,98000,183000,-85000,-85000
066322,群光永豐01購01  ,0,0,0,0,0,0,0,0,0,-85000,0,0,0,1000,86000,-85000,-85000
066337,聯陽永豐01購02  ,0,0,0,0,0,0,0,0,0,-85000,0,0,0,0,85000,-85000,-85000
07671P,超眾元大9A售04  ,0,0,0,0,0,0,0,0,0,-85000,0,0,0,15000,100000,-85000,-85000
08645P,臺股指中信03售01,0,0,0,0,0,0,0,0,0,-85000,0,0,0,4000,89000,-85000,-85000
058794,旺宏元大99購09  ,0,0,0,0,0,0,0,0,0,-85000,0,0,0,8000,93000,-85000,-85000
056818,正崴永豐98購01  ,0,0,0,0,0,0,0,0,0,-85000,0,0,0,0,85000,-85000,-85000
062270,上銀群益9B購03  ,0,0,0,0,0,0,0,0,0,-85000,0,0,0,70000,155000,-85000,-85000
059101,康控統一9A購01  ,0,0,0,0,0,0,0,0,0,-85000,0,0,0,80000,165000,-85000,-85000
062500,國巨群益01購01  ,0,0,0,0,0,0,0,0,0,-85000,0,0,0,2000,87000,-85000,-85000
060651,瑞儀中信9B購01  ,0,0,0,0,0,0,0,0,0,-85000,0,0,0,0,85000,-85000,-85000
062810,華通兆豐9B購02  ,0,0,0,0,0,0,0,0,0,-85000,0,0,0,0,85000,-85000,-85000
062652,上証2X永豐9B購01,0,0,0,0,0,0,0,0,0,-85000,0,0,0,7000,92000,-85000,-85000
065544,和大兆豐01購01  ,0,0,0,0,0,0,0,0,0,-85000,0,0,0,0,85000,-85000,-85000
064747,彩晶國票01購01  ,0,0,0,0,0,0,0,0,0,-85000,0,0,0,35000,120000,-85000,-85000
063715,鈺齊凱基9C購01  ,0,0,0,0,0,0,0,0,0,-85000,0,0,0,18000,103000,-85000,-85000
066930,台積電國票02購01,0,0,0,0,0,0,0,0,0,-86000,0,0,0,1013000,1099000,-86000,-86000
058631,鈺齊國票9A購01  ,0,0,0,0,0,0,0,0,0,-86000,0,0,0,1000,87000,-86000,-86000
060164,合勤控永豐9A購01,0,0,0,0,0,0,0,0,0,-86000,0,0,0,34000,120000,-86000,-86000
061034,晶豪科永豐9A購01,0,0,0,0,0,0,0,0,0,-86000,0,0,0,14000,100000,-86000,-86000
061824,聯電麥證9B購01  ,0,0,0,2000,88000,-86000,0,0,0,-86000,0,0,0,2000,88000,-86000,-86000
062203,燿華國票9C購01  ,0,0,0,0,0,0,0,0,0,-86000,0,0,0,20000,106000,-86000,-86000
063890,正隆群益9C購01  ,0,0,0,0,0,0,0,0,0,-86000,0,0,0,172000,258000,-86000,-86000
064868,嘉晶永豐9C購02  ,0,0,0,0,0,0,0,0,0,-86000,0,0,0,0,86000,-86000,-86000
08026P,臺股指凱基9B售12,0,0,0,0,0,0,0,0,0,-87000,0,0,0,25000,112000,-87000,-87000
061941,道瓊指群益9B購01,0,0,0,0,0,0,0,0,0,-87000,0,0,0,49000,136000,-87000,-87000
060170,世紀鋼永豐9A購01,0,0,0,0,0,0,0,0,0,-87000,0,0,0,0,87000,-87000,-87000
063187,全新凱基9B購02  ,0,0,0,0,0,0,0,0,0,-87000,0,0,0,35000,122000,-87000,-87000
065183,和大統一01購03  ,0,0,0,0,0,0,0,0,0,-87000,0,0,0,65000,152000,-87000,-87000
065475,聯發科元大01購04,0,0,0,0,0,0,0,0,0,-87000,0,0,0,31000,118000,-87000,-87000
065681,聯發科統一9C購17,0,0,0,0,0,0,0,0,0,-87000,0,0,0,7000,94000,-87000,-87000
065817,聯發科元富03購08,0,0,0,0,0,0,0,0,0,-87000,0,0,0,82000,169000,-87000,-87000
064174,致新元富9C購02  ,0,0,0,0,0,0,0,0,0,-87000,0,0,0,44000,131000,-87000,-87000
3062,建漢            ,284000,371000,-87000,0,0,0,0,0,0,0,0,0,0,0,0,0,-87000
055891,鴻海統一9A購01  ,0,0,0,0,0,0,0,0,0,-88000,0,0,0,5000,93000,-88000,-88000
051971,元金2X凱基97購02,0,0,0,0,0,0,0,0,0,-88000,0,0,0,15000,103000,-88000,-88000
060799,茂林永豐9A購01  ,0,0,0,0,0,0,0,0,0,-88000,0,0,0,58000,146000,-88000,-88000
064457,禾伸堂統一01購02,0,0,0,0,0,0,0,0,0,-88000,0,0,0,32000,120000,-88000,-88000
063475,同欣電元大9C購01,0,0,0,0,0,0,0,0,0,-88000,0,0,0,120000,208000,-88000,-88000
07794P,智邦國票9A售03  ,0,0,0,0,0,0,0,0,0,-89000,0,0,0,5000,94000,-89000,-89000
06935P,神達元大98售02  ,0,0,0,0,0,0,0,0,0,-89000,0,0,0,0,89000,-89000,-89000
08797P,健策凱基02售03  ,0,0,0,0,0,0,0,0,0,-89000,0,0,0,98000,187000,-89000,-89000
066781,滬深2X中信04購01,0,0,0,0,0,0,0,0,0,-89000,0,0,0,7000,96000,-89000,-89000
066114,瑞昱兆豐02購01  ,0,0,0,0,0,0,0,0,0,-89000,0,0,0,33000,122000,-89000,-89000
062615,亞德客元大9B購02,0,0,0,0,0,0,0,0,0,-89000,0,0,0,106000,195000,-89000,-89000
059009,世紀鋼元大99購04,0,0,0,0,0,0,0,0,0,-89000,0,0,0,150000,239000,-89000,-89000
063955,TPK元大9C購01   ,0,0,0,0,0,0,0,0,0,-89000,0,0,0,22000,111000,-89000,-89000
5531,鄉林            ,202000,291000,-89000,0,0,0,0,0,0,0,0,0,0,0,0,0,-89000
066891,鴻海兆豐04購01  ,0,0,0,0,0,0,0,0,0,-90000,0,0,0,10000,100000,-90000,-90000
07835P,台表科群益9A售02,0,0,0,0,0,0,0,0,0,-90000,0,0,0,10000,100000,-90000,-90000
08031P,臺股指元大9B售38,0,0,0,0,0,0,0,0,0,-90000,0,0,0,0,90000,-90000,-90000
08121P,聯發科國票9B售05,0,0,0,0,0,0,0,0,0,-90000,0,0,0,0,90000,-90000,-90000
054755,世紀鋼凱基98購01,0,0,0,0,0,0,0,0,0,-90000,0,0,0,0,90000,-90000,-90000
062805,台勝科統一9C購01,0,0,0,0,0,0,0,0,0,-90000,0,0,0,20000,110000,-90000,-90000
065669,義隆凱基01購03  ,0,0,0,0,0,0,0,0,0,-90000,0,0,0,14000,104000,-90000,-90000
3533,嘉澤            ,864778,805000,59778,0,0,0,0,75000,-75000,-75000,13000,75000,-62000,18000,31000,-13000,-90222
07951P,智邦元大9B售05  ,0,0,0,0,0,0,0,0,0,-91000,0,0,0,0,91000,-91000,-91000
07715P,台灣50群益9A售14,0,0,0,0,0,0,0,0,0,-91000,0,0,0,0,91000,-91000,-91000
053117,大立光中信9A購02,0,0,0,0,0,0,0,0,0,-91000,0,0,0,0,91000,-91000,-91000
057000,亞德客國票99購01,0,0,0,0,0,0,0,0,0,-91000,0,0,0,17000,108000,-91000,-91000
063113,聯茂兆豐9B購01  ,0,0,0,0,0,0,0,0,0,-91000,0,0,0,85000,176000,-91000,-91000
065686,同欣電統一03購01,0,0,0,0,0,0,0,0,0,-91000,0,0,0,1000,92000,-91000,-91000
065812,寶成群益9C購02  ,0,0,0,0,0,0,0,0,0,-91000,0,0,0,86000,177000,-91000,-91000
065935,金像電群益01購03,0,0,0,0,0,0,0,0,0,-91000,0,0,0,27000,118000,-91000,-91000
063740,矽格元大9B購03  ,0,0,0,0,0,0,0,0,0,-91000,0,0,0,83000,174000,-91000,-91000
063550,可成國票9C購01  ,0,0,0,0,0,0,0,0,0,-91000,0,0,0,13000,104000,-91000,-91000
07032P,聯發科統一9C售02,0,0,0,0,0,0,0,0,0,-92000,0,0,0,8000,100000,-92000,-92000
08449P,華新科群益9C售03,0,0,0,0,0,0,0,0,0,-92000,0,0,0,28000,120000,-92000,-92000
066836,樺漢群益01購01  ,0,0,0,0,0,0,0,0,0,-92000,0,0,0,200000,292000,-92000,-92000
066073,奇鋐凱基01購01  ,0,0,0,0,0,0,0,0,0,-92000,0,0,0,67000,159000,-92000,-92000
055030,帆宣國泰99購02  ,0,0,0,0,0,0,0,0,0,-92000,0,0,0,0,92000,-92000,-92000
055787,聯茂凱基99購01  ,0,0,0,0,0,0,0,0,0,-92000,0,0,0,148000,240000,-92000,-92000
056331,聯鈞國票99購01  ,0,0,0,0,0,0,0,0,0,-92000,0,0,0,18000,110000,-92000,-92000
063049,上海銀兆豐9B購01,0,0,0,0,0,0,0,0,0,-92000,0,0,0,189000,281000,-92000,-92000
063191,台表科凱基9B購03,0,0,0,0,0,0,0,0,0,-92000,0,0,0,68000,160000,-92000,-92000
062219,燿華統一9B購01  ,0,0,0,0,0,0,0,0,0,-92000,0,0,0,219000,311000,-92000,-92000
063364,聯發科富邦01購02,0,0,0,0,0,0,0,0,0,-92000,0,0,0,8000,100000,-92000,-92000
064006,晶技凱基9C購02  ,0,0,0,0,0,0,0,0,0,-92000,0,0,0,296000,388000,-92000,-92000
064612,聯電元大01購01  ,0,0,0,0,0,0,0,0,0,-92000,0,0,0,30000,122000,-92000,-92000
065802,義隆群益9C購05  ,0,0,0,0,0,0,0,0,0,-92000,0,0,0,15000,107000,-92000,-92000
065444,燿華統一02購02  ,0,0,0,0,0,0,0,0,0,-92000,0,0,0,10000,102000,-92000,-92000
064757,義隆凱基01購02  ,0,0,0,0,0,0,0,0,0,-92000,0,0,0,334000,426000,-92000,-92000
066271,東森元大01購01  ,0,0,0,0,0,0,0,0,0,-93000,0,0,0,194000,287000,-93000,-93000
057733,嘉聯益國泰99購01,0,0,0,0,0,0,0,0,0,-93000,0,0,0,0,93000,-93000,-93000
063327,燿華國票9C購02  ,0,0,0,0,0,0,0,0,0,-93000,0,0,0,4000,97000,-93000,-93000
062968,仁寶元富9B購01  ,0,0,0,0,0,0,0,0,0,-93000,0,0,0,100000,193000,-93000,-93000
060967,鈺齊凱基9A購02  ,0,0,0,0,0,0,0,0,0,-93000,0,0,0,1000,94000,-93000,-93000
064738,裕隆國票01購01  ,0,0,0,0,0,0,0,0,0,-93000,0,0,0,48000,141000,-93000,-93000
063709,上銀凱基9B購07  ,0,0,0,0,0,0,0,0,0,-93000,0,0,0,53000,146000,-93000,-93000
066183,眾達凱基01購01  ,0,0,0,0,0,0,0,0,0,-94000,0,0,0,152000,246000,-94000,-94000
06683P,訊芯元大98售07  ,0,0,0,0,0,0,0,0,0,-94000,0,0,0,68000,162000,-94000,-94000
08229P,祥碩國票9B售04  ,0,0,0,0,0,0,0,0,0,-94000,0,0,0,8000,102000,-94000,-94000
07109P,聯發科中信9B售02,0,0,0,0,0,0,0,0,0,-94000,0,0,0,0,94000,-94000,-94000
07688P,華通元大9A售07  ,0,0,0,0,0,0,0,0,0,-94000,0,0,0,6000,100000,-94000,-94000
058896,中環元大99購03  ,0,0,0,0,0,0,0,0,0,-94000,0,0,0,16000,110000,-94000,-94000
060708,康友富邦9B購01  ,0,0,0,0,0,0,0,0,0,-94000,0,0,0,0,94000,-94000,-94000
064005,義隆凱基01購01  ,0,0,0,0,0,0,0,0,0,-94000,0,0,0,21000,115000,-94000,-94000
063877,鴻海元富9C購01  ,0,0,0,0,0,0,0,0,0,-94000,0,0,0,0,94000,-94000,-94000
063616,上銀兆豐9C購01  ,0,0,0,0,0,0,0,0,0,-94000,0,0,0,0,94000,-94000,-94000
064920,景碩統一01購02  ,0,0,0,0,0,0,0,0,0,-94000,0,0,0,98000,192000,-94000,-94000
065221,神隆永豐9C購01  ,0,0,0,0,0,0,0,0,0,-94000,0,0,0,31000,125000,-94000,-94000
065022,同欣電富邦01購01,0,0,0,0,0,0,0,0,0,-94000,0,0,0,1000,95000,-94000,-94000
065921,GIS凱基01購02   ,0,0,0,0,0,0,0,0,0,-94000,0,0,0,12000,106000,-94000,-94000
065905,聯茂富邦02購01  ,0,0,0,0,0,0,0,0,0,-94000,0,0,0,15000,109000,-94000,-94000
065858,台表科元大03購01,0,0,0,0,0,0,0,0,0,-94000,0,0,0,544000,638000,-94000,-94000
07781P,高鐵凱基9A售02  ,0,0,0,0,0,0,0,0,0,-95000,0,0,0,5000,100000,-95000,-95000
08092P,仁寶元富9B售02  ,0,0,0,0,0,0,0,0,0,-95000,0,0,0,141000,236000,-95000,-95000
07474P,滬深2X群益9C售03,0,0,0,0,0,0,0,0,0,-95000,0,0,0,10000,105000,-95000,-95000
06725P,聯電元富98售01  ,0,0,0,0,0,0,0,0,0,-95000,0,0,0,10000,105000,-95000,-95000
066173,泰碩凱基02購01  ,0,0,0,0,0,0,0,0,0,-95000,0,0,0,5000,100000,-95000,-95000
066132,精元群益01購01  ,0,0,0,0,0,0,0,0,0,-95000,0,0,0,10000,105000,-95000,-95000
066350,達麗永豐01購01  ,0,0,0,0,0,0,0,0,0,-95000,0,0,0,0,95000,-95000,-95000
066540,景碩兆豐01購02  ,0,0,0,0,0,0,0,0,0,-95000,0,0,0,0,95000,-95000,-95000
066508,世紀鋼富邦03購01,0,0,0,0,0,0,0,0,0,-95000,0,0,0,0,95000,-95000,-95000
056213,建準國票98購02  ,0,0,0,0,0,0,0,0,0,-95000,0,0,0,2000,97000,-95000,-95000
055815,亞光國票99購01  ,0,0,0,0,0,0,0,0,0,-95000,0,0,0,0,95000,-95000,-95000
056668,光磊國票99購01  ,0,0,0,0,0,0,0,0,0,-95000,0,0,0,0,95000,-95000,-95000
053361,友達元富99購01  ,0,0,0,0,0,0,0,0,0,-95000,0,0,0,0,95000,-95000,-95000
054451,上銀亞東98購01  ,0,0,0,0,0,0,0,0,0,-95000,0,0,0,5000,100000,-95000,-95000
060767,世紀鋼元大9A購02,0,0,0,0,0,0,0,0,0,-95000,0,0,0,5000,100000,-95000,-95000
062932,滬深2X凱基01購01,0,0,0,0,0,0,0,0,0,-95000,0,0,0,6000,101000,-95000,-95000
062745,聯詠永豐9B購01  ,0,0,0,0,0,0,0,0,0,-95000,0,0,0,41000,136000,-95000,-95000
061457,TPK凱基9A購01   ,0,0,0,0,0,0,0,0,0,-95000,0,0,0,17000,112000,-95000,-95000
064930,南六統一02購02  ,0,0,0,0,0,0,0,0,0,-95000,0,0,0,0,95000,-95000,-95000
064717,台積電統一01購08,0,0,0,0,0,0,0,0,0,-95000,0,0,0,134000,229000,-95000,-95000
066035,南電群益01購01  ,0,0,0,0,0,0,0,0,0,-96000,0,0,0,11000,107000,-96000,-96000
066894,聯發科兆豐03購01,0,0,0,0,0,0,0,0,0,-96000,0,0,0,1000,97000,-96000,-96000
07793P,同欣電元大9A售02,0,0,0,0,0,0,0,0,0,-96000,0,0,0,54000,150000,-96000,-96000
057637,上銀元大98購07  ,0,0,0,0,0,0,0,0,0,-96000,0,0,0,0,96000,-96000,-96000
058899,旺宏元大99購10  ,0,0,0,0,0,0,0,0,0,-96000,0,0,0,4000,100000,-96000,-96000
058909,神達元大99購03  ,0,0,0,0,0,0,0,0,0,-96000,0,0,0,2000,98000,-96000,-96000
058651,FBVIX中信9C購01 ,0,0,0,0,0,0,0,0,0,-96000,0,0,0,10000,106000,-96000,-96000
061940,世紀鋼國票9C購01,0,0,0,0,0,0,0,0,0,-96000,0,0,0,0,96000,-96000,-96000
06478P,臺股指日盛9A售01,0,0,0,0,0,0,0,0,0,-96000,0,0,0,254000,350000,-96000,-96000
063846,智邦元大9C購01  ,0,0,0,0,0,0,0,0,0,-96000,0,0,0,56000,152000,-96000,-96000
064428,裕隆凱基02購01  ,0,0,0,0,0,0,0,0,0,-96000,0,0,0,40000,136000,-96000,-96000
3607,谷崧            ,30000,127000,-97000,0,0,0,0,0,0,1000,1000,0,1000,0,0,0,-96000
066551,大立光元大01購07,0,0,0,0,0,0,0,0,0,-97000,0,0,0,129000,226000,-97000,-97000
058920,SGBR2X元富99購06,0,0,0,0,0,0,0,0,0,-97000,0,0,0,3000,100000,-97000,-97000
056980,建準群益98購02  ,0,0,0,0,0,0,0,0,0,-97000,0,0,0,36000,133000,-97000,-97000
058989,茂林凱基99購02  ,0,0,0,0,0,0,0,0,0,-97000,0,0,0,91000,188000,-97000,-97000
061896,景碩永豐9B購01  ,0,0,0,0,0,0,0,0,0,-97000,0,0,0,113000,210000,-97000,-97000
062037,華新凱基9B購01  ,0,0,0,0,0,0,0,0,0,-97000,0,0,0,0,97000,-97000,-97000
062988,儒鴻群益9B購01  ,0,0,0,0,0,0,0,0,0,-97000,0,0,0,1000,98000,-97000,-97000
060770,宏達電麥證9A購01,0,0,0,1000,98000,-97000,0,0,0,-97000,0,0,0,1000,98000,-97000,-97000
064790,金像電國票01購01,0,0,0,0,0,0,0,0,0,-97000,0,0,0,163000,260000,-97000,-97000
065361,上銀元大9C購11  ,0,0,0,0,0,0,0,0,0,-97000,0,0,0,68000,165000,-97000,-97000
065586,嘉聯益富邦03購01,0,0,0,0,0,0,0,0,0,-97000,0,0,0,7000,104000,-97000,-97000
066473,大成鋼麥證01購01,0,0,0,0,98000,-98000,0,0,0,-98000,0,0,0,0,98000,-98000,-98000
066359,潤泰新永豐01購01,0,0,0,0,0,0,0,0,0,-98000,0,0,0,229000,327000,-98000,-98000
066783,友達中信01購04  ,0,0,0,0,0,0,0,0,0,-98000,0,0,0,0,98000,-98000,-98000
08112P,臺股指中信01售07,0,0,0,0,0,0,0,0,0,-98000,0,0,0,62000,160000,-98000,-98000
08463P,台灣50國泰02售02,0,0,0,0,0,0,0,0,0,-98000,0,0,0,120000,218000,-98000,-98000
058850,華新科群益99購03,0,0,0,0,0,0,0,0,0,-98000,0,0,0,0,98000,-98000,-98000
056470,旺宏元大99購01  ,0,0,0,0,0,0,0,0,0,-98000,0,0,0,0,98000,-98000,-98000
062442,華新科元大9C購02,0,0,0,0,0,0,0,0,0,-98000,0,0,0,2000,100000,-98000,-98000
060195,旭富元富9A購02  ,0,0,0,0,0,0,0,0,0,-98000,0,0,0,0,98000,-98000,-98000
062754,台勝科麥證9B購01,0,0,0,0,98000,-98000,0,0,0,-98000,0,0,0,0,98000,-98000,-98000
059363,超眾永豐99購02  ,0,0,0,0,0,0,0,0,0,-98000,0,0,0,0,98000,-98000,-98000
059103,旭富元富99購03  ,0,0,0,0,0,0,0,0,0,-98000,0,0,0,0,98000,-98000,-98000
065864,光寶科群益9C購01,0,0,0,0,0,0,0,0,0,-98000,0,0,0,0,98000,-98000,-98000
064785,康友群益9C購01  ,0,0,0,0,0,0,0,0,0,-98000,0,0,0,10000,108000,-98000,-98000
065261,技嘉元大9C購03  ,0,0,0,0,0,0,0,0,0,-98000,0,0,0,89000,187000,-98000,-98000
064576,世紀鋼群益01購01,0,0,0,0,0,0,0,0,0,-98000,0,0,0,0,98000,-98000,-98000
08723P,臺股指元大01售04,0,0,0,0,0,0,0,0,0,-99000,0,0,0,2000,101000,-99000,-99000
065968,國巨元大02購01  ,0,0,0,0,0,0,0,0,0,-99000,0,0,0,10000,109000,-99000,-99000
055795,茂林國泰98購01  ,0,0,0,0,0,0,0,0,0,-99000,0,0,0,27000,126000,-99000,-99000
061925,禾伸堂凱基9C購01,0,0,0,0,0,0,0,0,0,-99000,0,0,0,16000,115000,-99000,-99000
061798,晶豪科永豐9B購01,0,0,0,0,0,0,0,0,0,-99000,0,0,0,1000,100000,-99000,-99000
060652,滬深2X群益9C購04,0,0,0,0,0,0,0,0,0,-99000,0,0,0,0,99000,-99000,-99000
065193,和大元富03購02  ,0,0,0,0,0,0,0,0,0,-99000,0,0,0,10000,109000,-99000,-99000
065756,緯創元大9C購05  ,0,0,0,0,0,0,0,0,0,-99000,0,0,0,79000,178000,-99000,-99000
065524,康控群益01購01  ,0,0,0,0,0,0,0,0,0,-99000,0,0,0,36000,135000,-99000,-99000
065962,鴻海元大01購04  ,0,0,0,0,0,0,0,0,0,-100000,0,0,0,0,100000,-100000,-100000
066307,華城永豐01購01  ,0,0,0,0,0,0,0,0,0,-100000,0,0,0,276000,376000,-100000,-100000
066457,可成統一02購01  ,0,0,0,0,0,0,0,0,0,-100000,0,0,0,10000,110000,-100000,-100000
066434,台虹元大01購01  ,0,1000,-1000,0,0,0,0,0,0,-99000,0,0,0,299000,398000,-99000,-100000
066569,帆宣元大01購02  ,1000,0,1000,0,0,0,0,0,0,-101000,0,0,0,162000,263000,-101000,-100000
066790,健策麥證01購01  ,0,0,0,0,100000,-100000,0,0,0,-100000,0,0,0,0,100000,-100000,-100000
066821,臺指反群益01購03,0,0,0,0,0,0,0,0,0,-100000,0,0,0,0,100000,-100000,-100000
06847P,奇力新元大98售05,0,0,0,0,0,0,0,0,0,-100000,0,0,0,0,100000,-100000,-100000
066986,健策群益02購02  ,0,0,0,0,0,0,0,0,0,-100000,0,0,0,0,100000,-100000,-100000
067036,南電康和01購02  ,0,0,0,0,0,0,0,0,0,-100000,0,0,0,7000,107000,-100000,-100000
067086,中磊元大01購01  ,0,0,0,0,0,0,0,0,0,-100000,0,0,0,0,100000,-100000,-100000
08680P,聯發科元大01售10,0,0,0,0,0,0,0,0,0,-100000,0,0,0,0,100000,-100000,-100000
08629P,緯創凱基9C售02  ,0,0,0,0,0,0,0,0,0,-100000,0,0,0,0,100000,-100000,-100000
08282P,南六群益9C售01  ,0,0,0,0,0,0,0,0,0,-100000,0,0,0,0,100000,-100000,-100000
08318P,台積電台新01售01,0,0,0,0,0,0,0,0,0,-100000,0,0,0,20000,120000,-100000,-100000
08128P,聯發科元大9B售22,0,0,0,0,0,0,0,0,0,-100000,0,0,0,0,100000,-100000,-100000
08106P,聯發科統一9B售09,0,0,0,0,0,0,0,0,0,-100000,0,0,0,0,100000,-100000,-100000
07881P,台灣50凱基01售11,0,0,0,0,0,0,0,0,0,-100000,0,0,0,0,100000,-100000,-100000
07654P,台灣50凱基01售08,0,0,0,0,0,0,0,0,0,-100000,0,0,0,0,100000,-100000,-100000
07604P,台灣50元大9B售09,0,0,0,0,0,0,0,0,0,-100000,0,0,0,0,100000,-100000,-100000
07543P,台積電凱基9A售17,0,0,0,0,0,0,0,0,0,-100000,0,0,0,0,100000,-100000,-100000
07402P,瑞昱凱基99售02  ,0,0,0,0,0,0,0,0,0,-100000,0,0,0,0,100000,-100000,-100000
07285P,上証2X群益01售02,0,0,0,0,0,0,0,0,0,-100000,0,0,0,0,100000,-100000,-100000
06929P,鴻海元大99售11  ,0,0,0,0,0,0,0,0,0,-100000,0,0,0,0,100000,-100000,-100000
056715,瀚宇博永豐98購01,0,0,0,0,0,0,0,0,0,-100000,0,0,0,7000,107000,-100000,-100000
057649,嘉聯益元大99購04,0,0,0,0,0,0,0,0,0,-100000,0,0,0,0,100000,-100000,-100000
057895,全新元富9B購01  ,0,0,0,0,0,0,0,0,0,-100000,0,0,0,0,100000,-100000,-100000
056431,鴻海凱基98購07  ,0,0,0,0,0,0,0,0,0,-100000,0,0,0,10000,110000,-100000,-100000
053523,T50反1中信9A購01,0,0,0,0,0,0,0,0,0,-100000,0,0,0,0,100000,-100000,-100000
056872,旺宏凱基98購08  ,0,0,0,0,0,0,0,0,0,-100000,0,0,0,0,100000,-100000,-100000
058642,旺宏麥證9A購01  ,0,0,0,0,100000,-100000,0,0,0,-100000,0,0,0,0,100000,-100000,-100000
058008,禾伸堂國票99購02,0,0,0,0,0,0,0,0,0,-100000,0,0,0,0,100000,-100000,-100000
056922,全新兆豐99購01  ,0,0,0,0,0,0,0,0,0,-100000,0,0,0,0,100000,-100000,-100000
057187,群創元大9B購04  ,0,0,0,0,0,0,0,0,0,-100000,0,0,0,100000,200000,-100000,-100000
057379,寶成元大98購02  ,0,0,0,0,0,0,0,0,0,-100000,0,0,0,0,100000,-100000,-100000
059240,台積電凱基9A購09,0,0,0,0,0,0,0,0,0,-100000,0,0,0,0,100000,-100000,-100000
060653,全新群益9A購02  ,0,0,0,0,0,0,0,0,0,-100000,0,0,0,0,100000,-100000,-100000
060279,SP黃豆元大9A購01,0,0,0,0,0,0,0,0,0,-100000,0,0,0,0,100000,-100000,-100000
062542,南電國泰9C購01  ,0,0,0,0,0,0,0,0,0,-100000,0,0,0,3000,103000,-100000,-100000
062759,旺宏凱基9B購07  ,0,0,0,0,0,0,0,0,0,-100000,0,0,0,4000,104000,-100000,-100000
063050,葡萄王統一01購01,0,0,0,0,0,0,0,0,0,-100000,0,0,0,0,100000,-100000,-100000
063096,勤誠國票9B購02  ,0,0,0,0,0,0,0,0,0,-100000,0,0,0,0,100000,-100000,-100000
061828,T50反1凱基02購01,0,0,0,0,0,0,0,0,0,-100000,0,0,0,0,100000,-100000,-100000
061684,T50反1群益9A購06,0,0,0,0,0,0,0,0,0,-100000,0,0,0,20000,120000,-100000,-100000
061709,SP黃豆凱基01購02,0,0,0,0,0,0,0,0,0,-100000,0,0,0,0,100000,-100000,-100000
059356,滬深2X永豐99購02,0,0,0,0,0,0,0,0,0,-100000,0,0,0,0,100000,-100000,-100000
059452,全新永豐99購03  ,0,0,0,0,0,0,0,0,0,-100000,0,0,0,0,100000,-100000,-100000
061634,遠東新元大9A購01,0,0,0,0,0,0,0,0,0,-100000,0,0,0,0,100000,-100000,-100000
061983,華新科元大9B購04,0,0,0,0,0,0,0,0,0,-100000,0,0,0,0,100000,-100000,-100000
06560P,台積電統一98售07,0,0,0,0,0,0,0,0,0,-100000,0,0,0,0,100000,-100000,-100000
065639,臺指反元大03購04,0,0,0,0,0,0,0,0,0,-100000,0,0,0,0,100000,-100000,-100000
065862,世紀鋼元大9C購06,0,0,0,0,0,0,0,0,0,-100000,0,0,0,71000,171000,-100000,-100000
065888,鴻海統一03購01  ,0,0,0,0,0,0,0,0,0,-100000,0,0,0,5000,105000,-100000,-100000
065846,華新科元大03購01,0,0,0,0,0,0,0,0,0,-100000,0,0,0,0,100000,-100000,-100000
065857,嘉聯益元大9C購03,0,0,0,0,0,0,0,0,0,-100000,0,0,0,0,100000,-100000,-100000
06593P,欣興元大98售05  ,0,0,0,0,0,0,0,0,0,-100000,0,0,0,0,100000,-100000,-100000
065174,華新科元大02購02,0,0,0,0,0,0,0,0,0,-100000,0,0,0,0,100000,-100000,-100000
065233,TPK凱基01購01   ,0,0,0,0,0,0,0,0,0,-100000,0,0,0,0,100000,-100000,-100000
065290,奇鋐群益9C購01  ,0,0,0,0,0,0,0,0,0,-100000,0,0,0,5000,105000,-100000,-100000
06514P,國巨凱基98售05  ,0,0,0,0,0,0,0,0,0,-100000,0,0,0,0,100000,-100000,-100000
064822,台達電統一01購03,0,0,0,0,0,0,0,0,0,-100000,0,0,0,69000,169000,-100000,-100000
064998,T50反1國票02購01,0,0,0,0,0,0,0,0,0,-100000,0,0,0,0,100000,-100000,-100000
064885,T50反1中信04購01,0,0,0,0,0,0,0,0,0,-100000,0,0,0,0,100000,-100000,-100000
064646,群創凱基02購01  ,0,0,0,0,0,0,0,0,0,-100000,0,0,0,20000,120000,-100000,-100000
064415,群創麥證9C購01  ,0,0,0,0,100000,-100000,0,0,0,-100000,0,0,0,0,100000,-100000,-100000
064405,美食凱基01購02  ,0,0,0,0,0,0,0,0,0,-100000,0,0,0,0,100000,-100000,-100000
063614,美食群益9B購03  ,0,0,0,0,0,0,0,0,0,-100000,0,0,0,0,100000,-100000,-100000
063664,漢唐統一9C購01  ,0,0,0,0,0,0,0,0,0,-100000,0,0,0,50000,150000,-100000,-100000
063590,華擎永豐9B購01  ,0,0,0,0,0,0,0,0,0,-100000,0,0,0,0,100000,-100000,-100000
5608,四維航          ,47000,147000,-100000,0,0,0,0,0,0,0,0,0,0,0,0,0,-100000
2316,楠梓電          ,195000,285000,-90000,0,0,0,0,0,0,-10000,2000,0,2000,5000,17000,-12000,-100000
07647P,健策國票9A售04  ,0,0,0,0,0,0,0,0,0,-101000,0,0,0,0,101000,-101000,-101000
08078P,聯發科國票9B售04,0,0,0,0,0,0,0,0,0,-101000,0,0,0,0,101000,-101000,-101000
08438P,鴻海國票01售02  ,0,0,0,0,0,0,0,0,0,-101000,0,0,0,0,101000,-101000,-101000
08773P,瑞昱凱基01售01  ,0,0,0,0,0,0,0,0,0,-101000,0,0,0,71000,172000,-101000,-101000
067052,帆宣凱基02購01  ,0,0,0,0,0,0,0,0,0,-101000,0,0,0,30000,131000,-101000,-101000
057589,超眾國票9A購01  ,0,0,0,0,0,0,0,0,0,-101000,0,0,0,0,101000,-101000,-101000
061841,晶技凱基9C購01  ,0,0,0,0,0,0,0,0,0,-101000,0,0,0,206000,307000,-101000,-101000
063195,訊連元富9B購01  ,0,0,0,0,0,0,0,0,0,-101000,0,0,0,49000,150000,-101000,-101000
062677,儒鴻統一01購01  ,0,0,0,0,0,0,0,0,0,-101000,0,0,0,0,101000,-101000,-101000
065043,新光金凱基02購01,0,0,0,0,0,0,0,0,0,-101000,0,0,0,58000,159000,-101000,-101000
065908,聯發科永豐9C購04,0,0,0,0,0,0,0,0,0,-101000,0,0,0,0,101000,-101000,-101000
065706,奇鋐群益9C購02  ,0,0,0,0,0,0,0,0,0,-101000,0,0,0,205000,306000,-101000,-101000
065440,台積電麥證9C購02,0,0,0,0,101000,-101000,0,0,0,-101000,0,0,0,0,101000,-101000,-101000
067278,申豐統一02購03  ,0,0,0,0,0,0,0,0,0,-102000,0,0,0,0,102000,-102000,-102000
08404P,技嘉元大9C售02  ,0,0,0,0,0,0,0,0,0,-102000,0,0,0,8000,110000,-102000,-102000
058600,國巨元大99購15  ,0,0,0,0,0,0,0,0,0,-102000,0,0,0,0,102000,-102000,-102000
051887,上証2X元富98購01,0,0,0,0,0,0,0,0,0,-102000,0,0,0,0,102000,-102000,-102000
057346,鴻海統一98購13  ,0,0,0,0,0,0,0,0,0,-102000,0,0,0,27000,129000,-102000,-102000
063251,同欣電元大9B購04,0,0,0,0,0,0,0,0,0,-102000,0,0,0,147000,249000,-102000,-102000
059156,台灣50凱基01購03,0,0,0,0,0,0,0,0,0,-102000,0,0,0,40000,142000,-102000,-102000
061958,鴻海統一01購01  ,0,0,0,0,0,0,0,0,0,-102000,0,0,0,31000,133000,-102000,-102000
061418,世紀鋼群益9A購02,0,0,0,0,0,0,0,0,0,-102000,0,0,0,57000,159000,-102000,-102000
065729,聯詠凱基9C購04  ,0,0,0,0,0,0,0,0,0,-102000,0,0,0,23000,125000,-102000,-102000
065719,T50反1兆豐9C購01,0,0,0,0,0,0,0,0,0,-102000,0,0,0,40000,142000,-102000,-102000
063967,華新科國票01購01,0,0,0,0,0,0,0,0,0,-102000,0,0,0,0,102000,-102000,-102000
064375,智邦元富03購01  ,0,0,0,0,0,0,0,0,0,-102000,0,0,0,10000,112000,-102000,-102000
064529,友達中信01購03  ,0,0,0,0,0,0,0,0,0,-102000,0,0,0,0,102000,-102000,-102000
3033,威健            ,53000,163000,-110000,0,0,0,0,0,0,8000,8000,0,8000,0,0,0,-102000
07989P,玉晶光凱基9B售07,0,0,0,0,0,0,0,0,0,-103000,0,0,0,0,103000,-103000,-103000
066275,台勝科元大01購01,0,0,0,0,0,0,0,0,0,-103000,0,0,0,154000,257000,-103000,-103000
066386,宏全康和01購01  ,0,0,0,0,0,0,0,0,0,-103000,0,0,0,9000,112000,-103000,-103000
057770,亞德客群益98購01,0,0,0,0,0,0,0,0,0,-103000,0,0,0,0,103000,-103000,-103000
058884,世紀鋼永豐99購02,0,0,0,0,0,0,0,0,0,-103000,0,0,0,0,103000,-103000,-103000
057629,泰碩永豐98購02  ,0,0,0,0,0,0,0,0,0,-103000,0,0,0,71000,174000,-103000,-103000
062406,臻鼎永豐9B購01  ,0,0,0,0,0,0,0,0,0,-103000,0,0,0,106000,209000,-103000,-103000
063220,建準群益9B購01  ,0,0,0,0,0,0,0,0,0,-103000,0,0,0,0,103000,-103000,-103000
063126,TPK元大9B購01   ,0,0,0,0,0,0,0,0,0,-103000,0,0,0,17000,120000,-103000,-103000
063937,上銀元大9C購02  ,0,0,0,0,0,0,0,0,0,-103000,0,0,0,47000,150000,-103000,-103000
063606,TPK凱基9C購01   ,0,0,0,0,0,0,0,0,0,-103000,0,0,0,3000,106000,-103000,-103000
07920P,大立光中信01售01,0,0,0,0,0,0,0,0,0,-104000,0,0,0,0,104000,-104000,-104000
07652P,臺股指中信9A售07,0,0,0,0,0,0,0,0,0,-104000,0,0,0,25000,129000,-104000,-104000
07202P,台灣50凱基9C售04,0,0,0,0,0,0,0,0,0,-104000,0,0,0,0,104000,-104000,-104000
08158P,嘉澤元富9B售03  ,0,0,0,0,0,0,0,0,0,-104000,0,0,0,467000,571000,-104000,-104000
056136,京鼎元大98購01  ,0,0,0,0,0,0,0,0,0,-104000,0,0,0,54000,158000,-104000,-104000
061227,日月光中信9B購01,0,0,0,0,0,0,0,0,0,-104000,0,0,0,89000,193000,-104000,-104000
063874,志超永豐9C購01  ,0,0,0,0,0,0,0,0,0,-104000,0,0,0,84000,188000,-104000,-104000
065779,台勝科國泰01購02,0,0,0,0,0,0,0,0,0,-104000,0,0,0,30000,134000,-104000,-104000
08605P,聯發科中信9C售06,0,0,0,0,0,0,0,0,0,-105000,0,0,0,398000,503000,-105000,-105000
07646P,世芯元大9A售04  ,0,0,0,0,0,0,0,0,0,-105000,0,0,0,0,105000,-105000,-105000
066741,華擎元大01購03  ,0,0,0,0,0,0,0,0,0,-105000,0,0,0,26000,131000,-105000,-105000
062787,超眾元大9C購02  ,0,0,0,0,0,0,0,0,0,-105000,0,0,0,57000,162000,-105000,-105000
062564,矽創凱基9B購01  ,0,0,0,0,0,0,0,0,0,-105000,0,0,0,10000,115000,-105000,-105000
062421,台積電統一9C購09,0,0,0,0,0,0,0,0,0,-105000,0,0,0,20000,125000,-105000,-105000
065647,健鼎元大9C購05  ,0,0,0,0,0,0,0,0,0,-105000,0,0,0,160000,265000,-105000,-105000
064767,宏全凱基9C購01  ,0,0,0,0,0,0,0,0,0,-105000,0,0,0,0,105000,-105000,-105000
063509,超眾群益9B購03  ,0,0,0,0,0,0,0,0,0,-105000,0,0,0,5000,110000,-105000,-105000
2388,威盛            ,856000,961000,-105000,0,0,0,0,0,0,0,0,0,0,0,0,0,-105000
066927,亞德客國票02購01,0,0,0,0,0,0,0,0,0,-106000,0,0,0,265000,371000,-106000,-106000
066306,亞聚永豐01購01  ,0,0,0,0,0,0,0,0,0,-106000,0,0,0,11000,117000,-106000,-106000
066136,景碩群益01購02  ,0,0,0,0,0,0,0,0,0,-106000,0,0,0,3000,109000,-106000,-106000
066147,美利達群益01購01,0,0,0,0,0,0,0,0,0,-106000,0,0,0,0,106000,-106000,-106000
057225,華新凱基98購01  ,0,0,0,0,0,0,0,0,0,-106000,0,0,0,0,106000,-106000,-106000
061744,超眾凱基9B購02  ,0,0,0,0,0,0,0,0,0,-106000,0,0,0,67000,173000,-106000,-106000
060423,智易永豐9A購01  ,0,0,0,0,0,0,0,0,0,-106000,0,0,0,0,106000,-106000,-106000
060559,世紀鋼凱基9C購01,0,0,0,0,0,0,0,0,0,-106000,0,0,0,7000,113000,-106000,-106000
064587,泰碩永豐9C購01  ,0,0,0,0,0,0,0,0,0,-106000,0,0,0,0,106000,-106000,-106000
065522,旭富群益9C購03  ,0,0,0,0,0,0,0,0,0,-106000,0,0,0,1000,107000,-106000,-106000
066124,台化群益01購01  ,0,0,0,0,0,0,0,0,0,-107000,0,0,0,0,107000,-107000,-107000
066310,長興永豐01購01  ,0,0,0,0,0,0,0,0,0,-107000,0,0,0,26000,133000,-107000,-107000
066412,神隆元大01購01  ,0,0,0,0,0,0,0,0,0,-107000,0,0,0,100000,207000,-107000,-107000
066549,京元電元大01購03,0,0,0,0,0,0,0,0,0,-107000,0,0,0,129000,236000,-107000,-107000
08516P,技嘉群益01售02  ,0,0,0,0,0,0,0,0,0,-107000,0,0,0,27000,134000,-107000,-107000
058803,世紀鋼元大99購03,0,0,0,0,0,0,0,0,0,-107000,0,0,0,46000,153000,-107000,-107000
056253,京鼎兆豐98購01  ,0,0,0,0,0,0,0,0,0,-107000,0,0,0,0,107000,-107000,-107000
056404,嘉聯益群益9A購01,0,0,0,0,0,0,0,0,0,-107000,0,0,0,0,107000,-107000,-107000
062694,遠東新元大9B購01,0,0,0,0,0,0,0,0,0,-107000,0,0,0,7000,114000,-107000,-107000
062876,全新兆豐9B購01  ,0,0,0,0,0,0,0,0,0,-107000,0,0,0,0,107000,-107000,-107000
064247,廣達元富9C購01  ,0,0,0,0,0,0,0,0,0,-107000,0,0,0,140000,247000,-107000,-107000
2423,固緯            ,44000,152000,-108000,0,0,0,0,0,0,1000,8000,7000,1000,0,0,0,-107000
08365P,貿聯凱基9C售01  ,0,0,0,0,0,0,0,0,0,-108000,0,0,0,70000,178000,-108000,-108000
07939P,台積電統一9B售14,0,0,0,0,0,0,0,0,0,-108000,0,0,0,0,108000,-108000,-108000
058209,臺股指凱基01購01,0,1000,-1000,0,0,0,0,0,0,-107000,0,0,0,827000,934000,-107000,-108000
060013,S&P正2康和99購01,0,0,0,0,0,0,0,0,0,-108000,0,0,0,0,108000,-108000,-108000
061800,泰鼎永豐9B購01  ,0,0,0,0,0,0,0,0,0,-108000,0,0,0,5000,113000,-108000,-108000
063871,瀚宇博永豐9C購01,0,0,0,0,0,0,0,0,0,-108000,0,0,0,131000,239000,-108000,-108000
063722,遠東新元大9B購02,0,0,0,0,0,0,0,0,0,-108000,0,0,0,8000,116000,-108000,-108000
065585,聯發科富邦03購02,0,0,0,0,0,0,0,0,0,-108000,0,0,0,285000,393000,-108000,-108000
07363P,大立光元大99售26,0,0,0,0,0,0,0,0,0,-109000,0,0,0,0,109000,-109000,-109000
061272,超眾凱基9A購03  ,0,0,0,0,0,0,0,0,0,-109000,0,0,0,0,109000,-109000,-109000
03433B,臺股指元大9C熊01,0,0,0,0,0,0,0,0,0,-109000,0,0,0,0,109000,-109000,-109000
056682,鴻海統一98購10  ,0,0,0,0,0,0,0,0,0,-109000,0,0,0,27000,136000,-109000,-109000
061658,聯茂富邦9A購03  ,0,0,0,0,0,0,0,0,0,-109000,0,0,0,121000,230000,-109000,-109000
062925,建準國票9B購01  ,0,0,0,0,0,0,0,0,0,-109000,0,0,0,40000,149000,-109000,-109000
062642,帆宣國票9B購01  ,0,0,0,0,0,0,0,0,0,-109000,0,0,0,0,109000,-109000,-109000
063433,臻鼎元富9B購01  ,0,0,0,0,0,0,0,0,0,-109000,0,0,0,179000,288000,-109000,-109000
064261,力山永豐9C購01  ,0,0,0,0,0,0,0,0,0,-109000,0,0,0,4000,113000,-109000,-109000
3059,華晶科          ,361000,471000,-110000,0,0,0,0,0,0,1000,1000,0,1000,0,0,0,-109000
2314,台揚            ,222000,332000,-110000,0,0,0,0,0,0,1000,1000,0,1000,0,0,0,-109000
3036,文曄            ,439119,324000,115119,0,0,0,0,2000,-2000,-223000,100000,332000,-232000,19000,10000,9000,-109881
07391P,台灣50國泰02售01,0,0,0,0,0,0,0,0,0,-110000,0,0,0,0,110000,-110000,-110000
08036P,嘉澤群益9B售03  ,0,0,0,0,0,0,0,0,0,-110000,0,0,0,15000,125000,-110000,-110000
08015P,可成凱基9B售05  ,0,0,0,0,0,0,0,0,0,-110000,0,0,0,0,110000,-110000,-110000
066442,華碩群益01購01  ,0,0,0,0,0,0,0,0,0,-110000,0,0,0,24000,134000,-110000,-110000
067089,瑞祺元大01購04  ,0,0,0,0,0,0,0,0,0,-110000,0,0,0,2000,112000,-110000,-110000
066611,台積電麥證01購03,0,0,0,140000,251000,-111000,0,0,0,-110000,0,0,0,141000,251000,-110000,-110000
055698,茂林國票98購03  ,0,0,0,0,0,0,0,0,0,-110000,0,0,0,10000,120000,-110000,-110000
057244,鈺齊凱基99購01  ,0,0,0,0,0,0,0,0,0,-110000,0,0,0,0,110000,-110000,-110000
056937,智原元富98購01  ,0,0,0,0,0,0,0,0,0,-110000,0,0,0,10000,120000,-110000,-110000
063283,華新科元大9C購03,0,0,0,0,0,0,0,0,0,-110000,0,0,0,0,110000,-110000,-110000
063323,同欣電群益9B購03,0,0,0,0,0,0,0,0,0,-110000,0,0,0,0,110000,-110000,-110000
062350,台表科群益9B購01,0,0,0,0,0,0,0,0,0,-110000,0,0,0,13000,123000,-110000,-110000
064521,群創群益02購01  ,0,0,0,0,0,0,0,0,0,-110000,0,0,0,0,110000,-110000,-110000
065708,中磊群益9C購01  ,0,0,0,0,0,0,0,0,0,-110000,0,0,0,0,110000,-110000,-110000
065865,光寶科群益9C購02,0,0,0,0,0,0,0,0,0,-110000,0,0,0,0,110000,-110000,-110000
066723,聯電元大02購01  ,0,0,0,0,0,0,0,0,0,-111000,0,0,0,15000,126000,-111000,-111000
066752,南電元大01購06  ,0,0,0,0,0,0,0,0,0,-111000,0,0,0,109000,220000,-111000,-111000
066066,鴻海凱基01購05  ,0,0,0,0,0,0,0,0,0,-111000,0,0,0,114000,225000,-111000,-111000
08425P,世紀鋼元富9C售03,0,0,0,0,0,0,0,0,0,-111000,0,0,0,0,111000,-111000,-111000
061094,彩晶統一9B購02  ,0,0,0,0,0,0,0,0,0,-111000,0,0,0,83000,194000,-111000,-111000
057790,台積電統一99購04,0,0,0,0,0,0,0,0,0,-111000,0,0,0,60000,171000,-111000,-111000
060930,超眾永豐9A購03  ,0,0,0,0,0,0,0,0,0,-111000,0,0,0,0,111000,-111000,-111000
065067,億豐群益01購01  ,0,0,0,0,0,0,0,0,0,-111000,0,0,0,17000,128000,-111000,-111000
065179,同欣電元大02購01,0,0,0,0,0,0,0,0,0,-111000,0,0,0,72000,183000,-111000,-111000
2486,一詮            ,301000,412000,-111000,0,0,0,0,0,0,0,0,0,0,0,0,0,-111000
08123P,台表科國票9C售01,0,0,0,0,0,0,0,0,0,-112000,0,0,0,6000,118000,-112000,-112000
066568,聚碩元大01購01  ,0,0,0,0,0,0,0,0,0,-112000,0,0,0,70000,182000,-112000,-112000
061257,上銀凱基9A購06  ,0,0,0,0,0,0,0,0,0,-112000,0,0,0,4000,116000,-112000,-112000
057241,超眾凱基99購02  ,0,0,0,0,0,0,0,0,0,-112000,0,0,0,1000,113000,-112000,-112000
03662C,FBVIX凱基03牛01 ,0,0,0,0,0,0,0,0,0,-112000,0,0,0,93000,205000,-112000,-112000
062190,瀚宇博元大9B購01,0,0,0,0,0,0,0,0,0,-112000,0,0,0,32000,144000,-112000,-112000
060414,中興電永豐9A購01,0,0,0,0,0,0,0,0,0,-112000,0,0,0,4000,116000,-112000,-112000
061973,上銀元大9B購01  ,0,0,0,0,0,0,0,0,0,-112000,0,0,0,25000,137000,-112000,-112000
065011,智邦國泰02購01  ,0,0,0,0,0,0,0,0,0,-112000,0,0,0,10000,122000,-112000,-112000
064719,聯發科統一02購01,0,0,0,0,0,0,0,0,0,-112000,0,0,0,1137000,1249000,-112000,-112000
064394,全新永豐9C購02  ,0,0,0,0,0,0,0,0,0,-112000,0,0,0,0,112000,-112000,-112000
063746,上銀國票9C購01  ,0,0,0,0,0,0,0,0,0,-112000,0,0,0,47000,159000,-112000,-112000
2453,凌群            ,239000,351000,-112000,0,0,0,0,0,0,0,0,0,0,0,0,0,-112000
066168,強茂凱基01購02  ,0,0,0,0,0,0,0,0,0,-113000,0,0,0,10000,123000,-113000,-113000
067029,台表科兆豐03購01,0,0,0,0,0,0,0,0,0,-113000,0,0,0,2000,115000,-113000,-113000
062455,鴻海群益9C購01  ,0,0,0,0,0,0,0,0,0,-113000,0,0,0,31000,144000,-113000,-113000
063168,台表科永豐9B購01,0,0,0,0,0,0,0,0,0,-113000,0,0,0,152000,265000,-113000,-113000
065747,華通元大9C購07  ,0,0,0,0,0,0,0,0,0,-113000,0,0,0,186000,299000,-113000,-113000
1721,三晃            ,113000,226000,-113000,0,0,0,0,0,0,0,0,0,0,0,0,0,-113000
066961,超眾元大01購05  ,0,0,0,0,0,0,0,0,0,-114000,0,0,0,0,114000,-114000,-114000
067128,華城永豐01購02  ,0,0,0,0,0,0,0,0,0,-114000,0,0,0,0,114000,-114000,-114000
066122,卜蜂群益03購01  ,0,0,0,0,0,0,0,0,0,-114000,0,0,0,0,114000,-114000,-114000
057182,禾伸堂元大99購02,0,0,0,0,0,0,0,0,0,-114000,0,0,0,40000,154000,-114000,-114000
059115,美食永豐99購01  ,0,0,0,0,0,0,0,0,0,-114000,0,0,0,50000,164000,-114000,-114000
064841,彩晶統一02購02  ,0,0,0,0,0,0,0,0,0,-114000,0,0,0,0,114000,-114000,-114000
065331,亞德客國票01購01,0,0,0,0,0,0,0,0,0,-114000,0,0,0,5000,119000,-114000,-114000
064193,華新群益9C購01  ,0,0,0,0,0,0,0,0,0,-114000,0,0,0,131000,245000,-114000,-114000
066374,臺股指中信04購01,0,0,0,0,0,0,0,0,0,-115000,0,0,0,50000,165000,-115000,-115000
08277P,嘉晶元富9C售02  ,0,0,0,0,0,0,0,0,0,-115000,0,0,0,10000,125000,-115000,-115000
08805P,台積電元富07售04,0,0,0,0,0,0,0,0,0,-115000,0,0,0,0,115000,-115000,-115000
053390,彩晶元大9A購01  ,0,0,0,0,0,0,0,0,0,-115000,0,0,0,0,115000,-115000,-115000
063938,上銀元大9C購03  ,0,0,0,0,0,0,0,0,0,-115000,0,0,0,10000,125000,-115000,-115000
065839,鴻海元大9C購17  ,0,0,0,0,0,0,0,0,0,-115000,0,0,0,1000,116000,-115000,-115000
08842P,京鼎凱基01售03  ,0,0,0,0,0,0,0,0,0,-115000,0,0,0,0,115000,-115000,-115000
2535,達欣工          ,68000,113000,-45000,0,0,0,0,0,0,-70000,1000,71000,-70000,0,0,0,-115000
08687P,南六永豐01售02  ,0,0,0,0,0,0,0,0,0,-116000,0,0,0,0,116000,-116000,-116000
08355P,智邦元大9C售03  ,0,0,0,0,0,0,0,0,0,-116000,0,0,0,84000,200000,-116000,-116000
066503,台積電富邦05購02,0,9000,-9000,0,0,0,0,0,0,-107000,0,0,0,112000,219000,-107000,-116000
066084,國巨富邦05購01  ,0,0,0,0,0,0,0,0,0,-116000,0,0,0,0,116000,-116000,-116000
0051,元大中型100     ,4000,4000,0,0,0,0,0,0,0,-116000,0,0,0,107000,223000,-116000,-116000
058464,矽創兆豐9A購01  ,0,0,0,0,0,0,0,0,0,-116000,0,0,0,0,116000,-116000,-116000
057163,上銀元大98購04  ,0,0,0,0,0,0,0,0,0,-116000,0,0,0,0,116000,-116000,-116000
058119,華新亞東99購01  ,0,0,0,0,0,0,0,0,0,-116000,0,0,0,0,116000,-116000,-116000
058172,國巨凱基9B購02  ,0,0,0,0,0,0,0,0,0,-116000,0,0,0,0,116000,-116000,-116000
061547,禾伸堂群益9A購01,0,0,0,0,0,0,0,0,0,-116000,0,0,0,0,116000,-116000,-116000
059375,道瓊反群益9C購02,0,0,0,0,0,0,0,0,0,-116000,0,0,0,8000,124000,-116000,-116000
061197,矽創永豐9A購02  ,0,0,0,0,0,0,0,0,0,-116000,0,0,0,126000,242000,-116000,-116000
063918,復盛凱基9C購01  ,0,0,0,0,0,0,0,0,0,-116000,0,0,0,30000,146000,-116000,-116000
063676,上銀國泰9C購02  ,0,0,0,0,0,0,0,0,0,-116000,0,0,0,75000,191000,-116000,-116000
064231,鴻海統一01購03  ,0,0,0,0,0,0,0,0,0,-116000,0,0,0,48000,164000,-116000,-116000
064232,鴻海統一01購04  ,0,0,0,0,0,0,0,0,0,-116000,0,0,0,40000,156000,-116000,-116000
2929,淘帝-KY         ,71000,187000,-116000,0,0,0,0,0,0,0,0,0,0,0,0,0,-116000
066507,和碩富邦03購01  ,0,0,0,0,0,0,0,0,0,-117000,0,0,0,50000,167000,-117000,-117000
067127,台虹富邦03購01  ,0,0,0,0,0,0,0,0,0,-117000,0,0,0,0,117000,-117000,-117000
08225P,臺股指凱基9B售20,0,0,0,0,0,0,0,0,0,-117000,0,0,0,25000,142000,-117000,-117000
058363,全新凱基9A購02  ,0,0,0,0,0,0,0,0,0,-117000,0,0,0,4000,121000,-117000,-117000
057211,鴻海群益98購05  ,0,0,0,0,0,0,0,0,0,-117000,0,0,0,0,117000,-117000,-117000
061358,世紀鋼元大9A購04,0,0,0,0,0,0,0,0,0,-117000,0,0,0,78000,195000,-117000,-117000
063136,智邦統一9B購02  ,0,0,0,0,0,0,0,0,0,-117000,0,0,0,179000,296000,-117000,-117000
063064,台表科元富9B購01,0,0,0,0,0,0,0,0,0,-117000,0,0,0,11000,128000,-117000,-117000
063368,遠東新永豐9B購01,0,0,0,0,0,0,0,0,0,-117000,0,0,0,36000,153000,-117000,-117000
065527,巨大群益9C購03  ,0,0,0,0,0,0,0,0,0,-117000,0,0,0,10000,127000,-117000,-117000
057475,聯電元大9A購01  ,0,0,0,0,0,0,0,0,0,-118000,0,0,0,493000,611000,-118000,-118000
058385,創意中信99購01  ,0,0,0,0,0,0,0,0,0,-118000,0,0,0,41000,159000,-118000,-118000
060888,金像電統一9C購01,0,0,0,0,0,0,0,0,0,-118000,0,0,0,236000,354000,-118000,-118000
064741,南亞科國票01購01,0,0,0,0,0,0,0,0,0,-118000,0,0,0,40000,158000,-118000,-118000
064999,T50反1國票9C購03,0,0,0,0,0,0,0,0,0,-118000,0,0,0,273000,391000,-118000,-118000
063435,儒鴻統一01購02  ,0,0,0,0,0,0,0,0,0,-118000,0,0,0,55000,173000,-118000,-118000
3545,敦泰            ,1628000,1738366,-110366,0,0,0,0,0,0,-8000,0,0,0,10000,18000,-8000,-118366
066420,宏達電元大02購01,0,0,0,0,0,0,0,0,0,-119000,0,0,0,17000,136000,-119000,-119000
066199,金像電統一02購01,0,0,0,0,0,0,0,0,0,-119000,0,0,0,21000,140000,-119000,-119000
060336,南電康和9A購01  ,0,0,0,0,0,0,0,0,0,-119000,0,0,0,8000,127000,-119000,-119000
062218,燿華統一01購01  ,0,0,0,0,0,0,0,0,0,-119000,0,0,0,40000,159000,-119000,-119000
063574,茂林元大9B購07  ,0,0,0,0,0,0,0,0,0,-119000,0,0,0,99000,218000,-119000,-119000
063739,台勝科元大9B購03,0,0,0,0,0,0,0,0,0,-119000,0,0,0,146000,265000,-119000,-119000
063844,台積電元大9C購05,0,0,0,0,0,0,0,0,0,-119000,0,0,0,8000,127000,-119000,-119000
063840,鴻海元大01購01  ,0,0,0,0,0,0,0,0,0,-119000,0,0,0,26000,145000,-119000,-119000
064429,鴻海凱基03購03  ,0,0,0,0,0,0,0,0,0,-119000,0,0,0,52000,171000,-119000,-119000
064672,同欣電元大01購01,0,0,0,0,0,0,0,0,0,-119000,0,0,0,124000,243000,-119000,-119000
064954,奇鋐凱基9C購01  ,0,15000,-15000,0,0,0,0,0,0,-104000,0,0,0,733000,837000,-104000,-119000
3312,弘憶股          ,29000,154000,-125000,0,0,0,0,0,0,6000,6000,0,6000,0,0,0,-119000
3209,全科            ,34000,160000,-126000,0,0,0,0,0,0,7000,7000,0,7000,0,0,0,-119000
08435P,台積電群益9C售11,0,0,0,0,0,0,0,0,0,-120000,0,0,0,171000,291000,-120000,-120000
08630P,臺股指麥證9C售05,0,0,0,0,120000,-120000,0,0,0,-120000,0,0,0,0,120000,-120000,-120000
08080P,祥碩國票9B售03  ,0,0,0,0,0,0,0,0,0,-120000,0,0,0,115000,235000,-120000,-120000
07532P,台灣50中信01售02,0,0,0,0,0,0,0,0,0,-120000,0,0,0,0,120000,-120000,-120000
058820,致茂國泰9B購01  ,0,0,0,0,0,0,0,0,0,-120000,0,0,0,10000,130000,-120000,-120000
058735,南茂永豐99購01  ,0,0,0,0,0,0,0,0,0,-120000,0,0,0,0,120000,-120000,-120000
055736,宏達電元富99購01,0,0,0,0,0,0,0,0,0,-120000,0,0,0,0,120000,-120000,-120000
054873,帆宣群益99購01  ,0,0,0,0,0,0,0,0,0,-120000,0,0,0,0,120000,-120000,-120000
053400,緯穎中信9A購01  ,0,0,0,0,0,0,0,0,0,-120000,0,0,0,0,120000,-120000,-120000
059016,晶相光元富99購03,0,0,0,0,0,0,0,0,0,-120000,0,0,0,0,120000,-120000,-120000
059594,奇力新元大9B購01,0,0,0,0,0,0,0,0,0,-120000,0,0,0,5000,125000,-120000,-120000
059786,全新元大99購06  ,0,0,0,0,0,0,0,0,0,-120000,0,0,0,24000,144000,-120000,-120000
060816,世紀鋼凱基9C購02,0,0,0,0,0,0,0,0,0,-120000,0,0,0,10000,130000,-120000,-120000
063246,嘉晶元大9C購01  ,0,0,0,0,0,0,0,0,0,-120000,0,0,0,1000,121000,-120000,-120000
06479P,聯發科中信99售02,0,0,0,0,0,0,0,0,0,-120000,0,0,0,0,120000,-120000,-120000
065426,台積電凱基01購09,0,0,0,0,0,0,0,0,0,-120000,0,0,0,4000,124000,-120000,-120000
063685,鴻海永豐9B購03  ,0,0,0,0,0,0,0,0,0,-120000,0,0,0,30000,150000,-120000,-120000
063649,南六元大9C購02  ,0,0,0,0,0,0,0,0,0,-120000,0,0,0,23000,143000,-120000,-120000
07917P,可成永豐9B售01  ,0,0,0,0,0,0,0,0,0,-121000,0,0,0,111000,232000,-121000,-121000
057876,隆達元大98購01  ,0,0,0,0,0,0,0,0,0,-121000,0,0,0,27000,148000,-121000,-121000
063167,同欣電永豐9B購03,0,0,0,0,0,0,0,0,0,-121000,0,0,0,10000,131000,-121000,-121000
061584,勤誠元大9A購01  ,0,0,0,0,0,0,0,0,0,-121000,0,0,0,60000,181000,-121000,-121000
061142,南電統一9A購01  ,0,0,0,0,0,0,0,0,0,-121000,0,0,0,19000,140000,-121000,-121000
063470,泰鼎元大9B購03  ,0,0,0,0,0,0,0,0,0,-121000,0,0,0,59000,180000,-121000,-121000
064705,新光金富邦01購01,0,0,0,0,0,0,0,0,0,-121000,0,0,0,477000,598000,-121000,-121000
08140P,祥碩元大9B售07  ,0,0,0,0,0,0,0,0,0,-122000,0,0,0,945000,1067000,-122000,-122000
058368,奇鋐凱基9A購01  ,0,0,0,0,0,0,0,0,0,-122000,0,0,0,14000,136000,-122000,-122000
055415,禾伸堂富邦9B購01,0,0,0,0,0,0,0,0,0,-122000,0,0,0,10000,132000,-122000,-122000
060920,超眾富邦9B購01  ,0,0,0,0,0,0,0,0,0,-122000,0,0,0,450000,572000,-122000,-122000
062433,上銀元大9B購05  ,0,0,0,0,0,0,0,0,0,-122000,0,0,0,128000,250000,-122000,-122000
064944,亞德客凱基9C購03,0,0,0,0,0,0,0,0,0,-122000,0,0,0,0,122000,-122000,-122000
064908,世紀鋼群益01購02,0,0,0,0,0,0,0,0,0,-122000,0,0,0,0,122000,-122000,-122000
08171P,嘉澤國票9C售01  ,0,0,0,0,0,0,0,0,0,-123000,0,0,0,50000,173000,-123000,-123000
066543,大成鋼元大01購02,0,0,0,0,0,0,0,0,0,-123000,0,0,0,0,123000,-123000,-123000
062811,鴻海兆豐9B購01  ,0,0,0,0,0,0,0,0,0,-123000,0,0,0,19000,142000,-123000,-123000
059931,緯穎富邦9A購01  ,0,0,0,0,0,0,0,0,0,-123000,0,0,0,2000,125000,-123000,-123000
061687,大成鋼群益9A購01,0,0,0,0,0,0,0,0,0,-123000,0,0,0,150000,273000,-123000,-123000
064989,鈺齊元大01購01  ,0,0,0,0,0,0,0,0,0,-123000,0,0,0,0,123000,-123000,-123000
064776,金像電群益01購01,0,0,0,0,0,0,0,0,0,-123000,0,0,0,37000,160000,-123000,-123000
065084,南亞科元大9C購08,0,0,0,0,0,0,0,0,0,-123000,0,0,0,0,123000,-123000,-123000
065776,鴻海國泰03購01  ,0,0,0,0,0,0,0,0,0,-123000,0,0,0,55000,178000,-123000,-123000
063667,全新統一01購02  ,0,0,0,0,0,0,0,0,0,-123000,0,0,0,70000,193000,-123000,-123000
064170,儒鴻元富9C購01  ,0,0,0,0,0,0,0,0,0,-123000,0,0,0,154000,277000,-123000,-123000
067164,台虹國票02購01  ,0,0,0,0,0,0,0,0,0,-124000,0,0,0,0,124000,-124000,-124000
066719,滬深2X元大01購06,0,0,0,0,0,0,0,0,0,-124000,0,0,0,13000,137000,-124000,-124000
08359P,緯創元大9C售02  ,0,0,0,0,0,0,0,0,0,-124000,0,0,0,20000,144000,-124000,-124000
055265,玉晶光永豐98購03,0,0,0,0,0,0,0,0,0,-124000,0,0,0,241000,365000,-124000,-124000
058911,茂林元大99購04  ,0,0,0,0,0,0,0,0,0,-124000,0,0,0,17000,141000,-124000,-124000
064645,義隆凱基03購01  ,0,0,0,0,0,0,0,0,0,-124000,0,0,0,90000,214000,-124000,-124000
065740,聯發科麥證9C購05,0,0,0,15000,139000,-124000,0,0,0,-124000,0,0,0,15000,139000,-124000,-124000
065657,智邦富邦9C購01  ,0,0,0,0,0,0,0,0,0,-124000,0,0,0,5000,129000,-124000,-124000
08376P,南亞科元富9C售03,0,0,0,0,0,0,0,0,0,-125000,0,0,0,15000,140000,-125000,-125000
08472P,和碩凱基9C售02  ,0,0,0,0,0,0,0,0,0,-125000,0,0,0,135000,260000,-125000,-125000
08671P,友訊國票01售01  ,0,0,0,0,0,0,0,0,0,-125000,0,0,0,0,125000,-125000,-125000
057875,京鼎元大98購03  ,0,0,0,0,0,0,0,0,0,-125000,0,0,0,0,125000,-125000,-125000
060885,世紀鋼中信9A購01,0,0,0,0,0,0,0,0,0,-125000,0,0,0,0,125000,-125000,-125000
065498,台積電富邦04購02,0,0,0,0,0,0,0,0,0,-125000,0,0,0,24000,149000,-125000,-125000
064205,台灣50凱基01購14,0,0,0,0,0,0,0,0,0,-125000,0,0,0,0,125000,-125000,-125000
064035,GIS元大9C購03   ,0,0,0,0,0,0,0,0,0,-125000,0,0,0,4000,129000,-125000,-125000
9105,泰金寶-DR       ,253000,378000,-125000,0,0,0,0,0,0,0,0,0,0,0,0,0,-125000
058877,T50反1國泰9B購01,0,0,0,0,0,0,0,0,0,-126000,0,0,0,8000,134000,-126000,-126000
056646,奇鋐凱基99購02  ,0,0,0,0,0,0,0,0,0,-126000,0,0,0,25000,151000,-126000,-126000
063355,超眾元富9B購01  ,0,0,0,0,0,0,0,0,0,-126000,0,0,0,0,126000,-126000,-126000
2342,茂矽            ,554000,681000,-127000,0,0,0,0,0,0,1000,1000,0,1000,0,0,0,-126000
066762,總太永豐01購02  ,0,0,0,0,0,0,0,0,0,-127000,0,0,0,362000,489000,-127000,-127000
066548,燿華元大02購02  ,0,0,0,0,0,0,0,0,0,-127000,0,0,0,100000,227000,-127000,-127000
066137,智易群益01購01  ,0,0,0,0,0,0,0,0,0,-127000,0,0,0,96000,223000,-127000,-127000
058468,聯茂中信99購02  ,0,0,0,0,0,0,0,0,0,-127000,0,0,0,63000,190000,-127000,-127000
061123,燿華永豐9A購01  ,0,0,0,0,0,0,0,0,0,-127000,0,0,0,58000,185000,-127000,-127000
061818,富邦金群益9C購01,0,0,0,0,0,0,0,0,0,-127000,0,0,0,48000,175000,-127000,-127000
063755,上銀統一9C購03  ,0,0,0,0,0,0,0,0,0,-127000,0,0,0,35000,162000,-127000,-127000
064179,上銀富邦01購01  ,0,0,0,0,0,0,0,0,0,-127000,0,0,0,11000,138000,-127000,-127000
064597,鴻海元富9C購03  ,0,0,0,0,0,0,0,0,0,-127000,0,0,0,37000,164000,-127000,-127000
065456,義隆元富9C購03  ,0,0,0,0,0,0,0,0,0,-127000,0,0,0,112000,239000,-127000,-127000
064815,台表科元大01購01,0,0,0,0,0,0,0,0,0,-127000,0,0,0,129000,256000,-127000,-127000
061898,茂林永豐9B購01  ,0,0,0,0,0,0,0,0,0,-128000,0,0,0,30000,158000,-128000,-128000
062085,同欣電元大9B購01,0,0,0,0,0,0,0,0,0,-128000,0,0,0,23000,151000,-128000,-128000
062829,泰碩群益9B購01  ,0,0,0,0,0,0,0,0,0,-128000,0,0,0,12000,140000,-128000,-128000
060777,茂林凱基9C購01  ,0,0,0,0,0,0,0,0,0,-128000,0,0,0,76000,204000,-128000,-128000
064976,景碩元大9C購01  ,0,0,0,0,0,0,0,0,0,-128000,0,0,0,229000,357000,-128000,-128000
065432,景碩凱基9C購03  ,0,0,0,0,0,0,0,0,0,-128000,0,0,0,113000,241000,-128000,-128000
08132P,南六元大9B售05  ,0,0,0,0,0,0,0,0,0,-129000,0,0,0,186000,315000,-129000,-129000
055330,上銀兆豐98購02  ,0,0,0,0,0,0,0,0,0,-129000,0,0,0,0,129000,-129000,-129000
062266,世紀鋼元大9B購02,0,0,0,0,0,0,0,0,0,-129000,0,0,0,15000,144000,-129000,-129000
063853,同欣電元大9C購02,0,0,0,0,0,0,0,0,0,-129000,0,0,0,221000,350000,-129000,-129000
2107,厚生            ,145000,275000,-130000,0,0,0,0,0,0,1000,1000,0,1000,0,0,0,-129000
066842,卜蜂元大01購01  ,0,0,0,0,0,0,0,0,0,-130000,0,0,0,52000,182000,-130000,-130000
06770P,台灣50第一9C售01,0,0,0,0,0,0,0,0,0,-130000,0,0,0,100000,230000,-130000,-130000
056325,群創兆豐9A購01  ,0,0,0,0,0,0,0,0,0,-130000,0,0,0,0,130000,-130000,-130000
058162,上銀日盛9B購01  ,0,0,0,0,0,0,0,0,0,-130000,0,0,0,0,130000,-130000,-130000
062422,億光統一01購01  ,0,0,0,0,0,0,0,0,0,-130000,0,0,0,2000,132000,-130000,-130000
062395,台表科富邦9C購01,0,0,0,0,0,0,0,0,0,-130000,0,0,0,8000,138000,-130000,-130000
060848,聯茂國票9A購02  ,0,0,0,0,0,0,0,0,0,-130000,0,0,0,62000,192000,-130000,-130000
064120,鴻海元大9C購07  ,0,0,0,0,0,0,0,0,0,-130000,0,0,0,8000,138000,-130000,-130000
065412,金像電永豐9C購01,0,0,0,0,0,0,0,0,0,-130000,0,0,0,15000,145000,-130000,-130000
066624,燿華凱基01購02  ,0,0,0,0,0,0,0,0,0,-131000,0,0,0,11000,142000,-131000,-131000
08258P,旺宏元大9C售04  ,0,0,0,0,0,0,0,0,0,-131000,0,0,0,19000,150000,-131000,-131000
08809P,台灣50群益01售07,0,0,0,0,0,0,0,0,0,-131000,0,0,0,20000,151000,-131000,-131000
08256P,台積電元大9C售02,0,0,0,0,0,0,0,0,0,-132000,0,0,0,70000,202000,-132000,-132000
07319P,台積電凱基01售02,0,0,0,0,0,0,0,0,0,-132000,0,0,0,10000,142000,-132000,-132000
066720,滬深2X元大01購07,0,0,0,0,0,0,0,0,0,-132000,0,0,0,13000,145000,-132000,-132000
058694,鈺齊國票9A購02  ,0,0,0,0,0,0,0,0,0,-132000,0,0,0,0,132000,-132000,-132000
054751,GIS凱基98購01   ,0,0,0,0,0,0,0,0,0,-132000,0,0,0,0,132000,-132000,-132000
058973,麗豐永豐99購01  ,0,0,0,0,0,0,0,0,0,-132000,0,0,0,10000,142000,-132000,-132000
064810,嘉晶元大01購01  ,0,0,0,0,0,0,0,0,0,-132000,0,0,0,67000,199000,-132000,-132000
065138,上銀凱基02購01  ,0,0,0,0,0,0,0,0,0,-132000,0,0,0,27000,159000,-132000,-132000
063826,中興電國票01購01,0,0,0,0,0,0,0,0,0,-132000,0,0,0,0,132000,-132000,-132000
067172,台積電兆豐03購02,0,0,0,0,0,0,0,0,0,-133000,0,0,0,0,133000,-133000,-133000
08632P,聯發科元大9C售19,0,0,0,0,0,0,0,0,0,-133000,0,0,0,26000,159000,-133000,-133000
058498,世紀鋼群益99購01,0,0,0,0,0,0,0,0,0,-133000,0,0,0,32000,165000,-133000,-133000
062096,神隆永豐9B購01  ,0,0,0,0,0,0,0,0,0,-133000,0,0,0,0,133000,-133000,-133000
062130,T50反1群益9B購01,0,0,0,0,0,0,0,0,0,-133000,0,0,0,0,133000,-133000,-133000
060388,世紀鋼凱基9B購01,0,0,0,0,0,0,0,0,0,-133000,0,0,0,53000,186000,-133000,-133000
062982,同欣電元富9B購01,0,0,0,0,0,0,0,0,0,-133000,0,0,0,141000,274000,-133000,-133000
063198,仁寶統一01購02  ,0,0,0,0,0,0,0,0,0,-133000,0,0,0,166000,299000,-133000,-133000
063111,TPK兆豐9B購01   ,0,0,0,0,0,0,0,0,0,-133000,0,0,0,0,133000,-133000,-133000
064506,康控元大9C購02  ,0,0,0,0,0,0,0,0,0,-133000,0,0,0,9000,142000,-133000,-133000
065795,康友永豐9C購02  ,0,0,0,0,0,0,0,0,0,-133000,0,0,0,0,133000,-133000,-133000
08292P,華新科台新9C售01,0,0,0,0,0,0,0,0,0,-134000,0,0,0,34000,168000,-134000,-134000
066304,聯華永豐01購01  ,0,0,0,0,0,0,0,0,0,-134000,0,0,0,11000,145000,-134000,-134000
066274,景碩元大01購02  ,0,0,0,0,0,0,0,0,0,-134000,0,0,0,271000,405000,-134000,-134000
060977,亞德客元大9A購04,0,0,0,0,0,0,0,0,0,-134000,0,0,0,4000,138000,-134000,-134000
065685,同欣電統一01購04,0,0,0,0,0,0,0,0,0,-134000,0,0,0,25000,159000,-134000,-134000
064583,光寶科永豐9C購01,0,0,0,0,0,0,0,0,0,-134000,0,0,0,5000,139000,-134000,-134000
063431,神隆元富9B購01  ,0,0,0,0,0,0,0,0,0,-134000,0,0,0,39000,173000,-134000,-134000
2841,台開            ,246000,380000,-134000,0,0,0,0,0,0,0,0,0,0,0,0,0,-134000
066148,美利達群益01購02,0,0,0,0,0,0,0,0,0,-135000,0,0,0,1000,136000,-135000,-135000
067013,致新永豐01購01  ,0,0,0,0,0,0,0,0,0,-135000,0,0,0,0,135000,-135000,-135000
066869,聯發科元富07購02,0,0,0,0,0,0,0,0,0,-135000,0,0,0,5000,140000,-135000,-135000
08118P,嘉澤元富9B售02  ,0,0,0,0,0,0,0,0,0,-135000,0,0,0,102000,237000,-135000,-135000
049973,T50反1日盛9A購01,0,0,0,0,0,0,0,0,0,-135000,0,0,0,0,135000,-135000,-135000
00757,統一FANG+       ,0,0,0,0,0,0,0,0,0,-135000,0,0,0,207000,342000,-135000,-135000
00752,中信中國50      ,14000,15000,-1000,0,0,0,0,0,0,-134000,0,0,0,497000,631000,-134000,-135000
063130,聯茂元大9B購02  ,0,0,0,0,0,0,0,0,0,-135000,0,0,0,105000,240000,-135000,-135000
059159,上銀凱基99購05  ,0,0,0,0,0,0,0,0,0,-135000,0,0,0,0,135000,-135000,-135000
063557,聚陽元大9B購01  ,0,0,0,0,0,0,0,0,0,-135000,0,0,0,136000,271000,-135000,-135000
064112,宏碁國票01購01  ,0,0,0,0,0,0,0,0,0,-135000,0,0,0,100000,235000,-135000,-135000
00674R,元大S&P黃金反1  ,0,0,0,0,0,0,0,0,0,-136000,0,0,0,0,136000,-136000,-136000
065896,智易統一02購01  ,0,0,0,0,0,0,0,0,0,-136000,0,0,0,0,136000,-136000,-136000
3694,海華            ,220000,357000,-137000,0,0,0,0,0,0,1000,1000,0,1000,0,0,0,-136000
6183,關貿            ,52000,189000,-137000,0,0,0,0,0,0,1000,1000,0,1000,0,0,0,-136000
1102,亞泥            ,6538046,9421180,-2883134,0,0,0,3149000,151000,2998000,-251000,1000,188000,-187000,0,64000,-64000,-136134
08353P,聯電元大9C售04  ,0,0,0,0,0,0,0,0,0,-137000,0,0,0,100000,237000,-137000,-137000
067009,樺漢永豐01購01  ,0,0,0,0,0,0,0,0,0,-137000,0,0,0,0,137000,-137000,-137000
067139,訊連永豐01購01  ,0,0,0,0,0,0,0,0,0,-137000,0,0,0,0,137000,-137000,-137000
066546,鴻海元大01購10  ,0,0,0,0,0,0,0,0,0,-137000,0,0,0,66000,203000,-137000,-137000
058297,茂林凱基9A購02  ,0,0,0,0,0,0,0,0,0,-137000,0,0,0,126000,263000,-137000,-137000
057448,致茂元富98購01  ,0,0,0,0,0,0,0,0,0,-137000,0,0,0,0,137000,-137000,-137000
057230,建準凱基98購02  ,0,0,0,0,0,0,0,0,0,-137000,0,0,0,2000,139000,-137000,-137000
061470,鈺齊群益9A購02  ,0,0,0,0,0,0,0,0,0,-137000,0,0,0,0,137000,-137000,-137000
065684,超眾統一03購01  ,0,0,0,0,0,0,0,0,0,-137000,0,0,0,40000,177000,-137000,-137000
065124,燿華永豐9C購03  ,0,0,0,0,0,0,0,0,0,-137000,0,0,0,0,137000,-137000,-137000
063705,臻鼎群益9B購03  ,0,0,0,0,0,0,0,0,0,-137000,0,0,0,119000,256000,-137000,-137000
066064,T50反1凱基03購03,0,0,0,0,0,0,0,0,0,-138000,0,0,0,0,138000,-138000,-138000
07457P,宏達電元大9A售01,0,0,0,0,0,0,0,0,0,-138000,0,0,0,0,138000,-138000,-138000
061070,超眾凱基9C購01  ,0,0,0,0,0,0,0,0,0,-138000,0,0,0,100000,238000,-138000,-138000
052542,友達元富98購01  ,0,0,0,0,0,0,0,0,0,-138000,0,0,0,92000,230000,-138000,-138000
062145,億光國票9B購01  ,0,0,0,0,0,0,0,0,0,-138000,0,0,0,0,138000,-138000,-138000
058969,亞德客永豐99購01,0,0,0,0,0,0,0,0,0,-138000,0,0,0,24000,162000,-138000,-138000
063417,金像電凱基9B購03,0,0,0,0,0,0,0,0,0,-138000,0,0,0,141000,279000,-138000,-138000
065299,燿華元富9C購02  ,0,0,0,0,0,0,0,0,0,-138000,0,0,0,124000,262000,-138000,-138000
065721,中壽兆豐9C購01  ,0,0,0,0,0,0,0,0,0,-138000,0,0,0,122000,260000,-138000,-138000
07055P,景碩群益9A售02  ,0,0,0,0,0,0,0,0,0,-139000,0,0,0,198000,337000,-139000,-139000
08737P,聯詠凱基01售01  ,0,0,0,0,0,0,0,0,0,-139000,0,0,0,106000,245000,-139000,-139000
061680,崇越元大9A購01  ,0,0,0,0,0,0,0,0,0,-139000,0,0,0,65000,204000,-139000,-139000
063138,聯發科統一01購05,0,0,0,0,0,0,0,0,0,-139000,0,0,0,0,139000,-139000,-139000
065427,台積電凱基02購04,0,0,0,0,0,0,0,0,0,-139000,0,0,0,178000,317000,-139000,-139000
065578,台郡群益9C購02  ,0,0,0,0,0,0,0,0,0,-139000,0,0,0,138000,277000,-139000,-139000
063714,超眾凱基9B購03  ,0,0,0,0,0,0,0,0,0,-139000,0,0,0,2000,141000,-139000,-139000
054371,台積電中信9C購01,0,0,0,0,0,0,0,0,0,-140000,0,0,0,155000,295000,-140000,-140000
058688,矽創凱基9A購01  ,0,0,0,0,0,0,0,0,0,-140000,0,0,0,0,140000,-140000,-140000
057763,康控凱基99購02  ,0,0,0,0,0,0,0,0,0,-140000,0,0,0,60000,200000,-140000,-140000
062705,美食元大9B購01  ,0,0,0,0,0,0,0,0,0,-140000,0,0,0,0,140000,-140000,-140000
062336,茂林統一01購02  ,0,0,0,0,0,0,0,0,0,-140000,0,0,0,30000,170000,-140000,-140000
061509,SP黃豆富邦9C購01,0,0,0,0,0,0,0,0,0,-140000,0,0,0,0,140000,-140000,-140000
063571,TPK元大9B購03   ,0,0,0,0,0,0,0,0,0,-140000,0,0,0,28000,168000,-140000,-140000
064409,彩晶凱基04購01  ,0,0,0,0,0,0,0,0,0,-140000,0,0,0,10000,150000,-140000,-140000
065136,正隆凱基9C購01  ,0,0,0,0,0,0,0,0,0,-140000,0,0,0,46000,186000,-140000,-140000
065129,上銀兆豐01購01  ,0,0,0,0,0,0,0,0,0,-140000,0,0,0,0,140000,-140000,-140000
064926,臻鼎統一02購01  ,0,0,0,0,0,0,0,0,0,-140000,0,0,0,514000,654000,-140000,-140000
064851,勤誠元富03購01  ,0,0,0,0,0,0,0,0,0,-140000,0,0,0,60000,200000,-140000,-140000
1444,力麗            ,226000,366000,-140000,0,0,0,0,0,0,0,0,0,0,0,0,0,-140000
1708,東鹼            ,39000,179000,-140000,0,0,0,0,0,0,0,0,0,0,0,0,0,-140000
6558,興能高          ,53000,193000,-140000,0,0,0,0,0,0,0,0,0,0,0,0,0,-140000
066566,康控元大01購01  ,0,0,0,0,0,0,0,0,0,-141000,0,0,0,3000,144000,-141000,-141000
03421B,臺股指元大99熊01,0,0,0,0,0,0,0,0,0,-141000,0,0,0,21000,162000,-141000,-141000
062305,遠東新凱基9B購01,0,0,0,0,0,0,0,0,0,-141000,0,0,0,0,141000,-141000,-141000
065904,群創富邦02購01  ,0,0,0,0,0,0,0,0,0,-141000,0,0,0,541000,682000,-141000,-141000
064151,義隆統一01購01  ,0,0,0,0,0,0,0,0,0,-141000,0,0,0,0,141000,-141000,-141000
07967P,力山元大9B售03  ,0,0,0,0,0,0,0,0,0,-142000,0,0,0,206000,348000,-142000,-142000
058279,FBVIX中信03購03 ,0,0,0,0,0,0,0,0,0,-142000,0,0,0,0,142000,-142000,-142000
057848,台表科永豐98購02,0,0,0,0,0,0,0,0,0,-142000,0,0,0,221000,363000,-142000,-142000
064325,亞德客元大9C購01,0,0,0,0,0,0,0,0,0,-142000,0,0,0,68000,210000,-142000,-142000
065736,同欣電凱基9C購05,0,0,0,0,0,0,0,0,0,-142000,0,0,0,0,142000,-142000,-142000
066555,聯詠元大01購01  ,0,0,0,0,0,0,0,0,0,-143000,0,0,0,118000,261000,-143000,-143000
061085,聯茂兆豐9A購01  ,0,0,0,0,0,0,0,0,0,-143000,0,0,0,649000,792000,-143000,-143000
066528,南電統一02購01  ,0,0,0,0,0,0,0,0,0,-144000,0,0,0,0,144000,-144000,-144000
066677,台泥兆豐03購01  ,0,0,0,0,0,0,0,0,0,-144000,0,0,0,120000,264000,-144000,-144000
066626,盟立凱基01購01  ,0,0,0,0,0,0,0,0,0,-144000,0,0,0,235000,379000,-144000,-144000
061125,億光永豐9A購01  ,0,0,0,0,0,0,0,0,0,-144000,0,0,0,109000,253000,-144000,-144000
058585,S&P正2中信9B購02,0,0,0,0,0,0,0,0,0,-144000,0,0,0,0,144000,-144000,-144000
065241,南電凱基01購02  ,0,0,0,0,0,0,0,0,0,-144000,0,0,0,15000,159000,-144000,-144000
07830P,牧德凱基9A售03  ,0,0,0,0,0,0,0,0,0,-145000,0,0,0,0,145000,-145000,-145000
07102P,南電元大99售03  ,0,0,0,0,0,0,0,0,0,-145000,0,0,0,0,145000,-145000,-145000
08336P,聯發科中信9C售05,0,0,0,0,0,0,0,0,0,-145000,0,0,0,5000,150000,-145000,-145000
058656,燿華中信99購01  ,0,0,0,0,0,0,0,0,0,-145000,0,0,0,155000,300000,-145000,-145000
062008,南亞科國泰9C購01,0,0,0,0,0,0,0,0,0,-145000,0,0,0,0,145000,-145000,-145000
060717,康控永豐9A購01  ,0,0,0,0,0,0,0,0,0,-145000,0,0,0,41000,186000,-145000,-145000
065926,金像電國票02購01,0,0,0,0,0,0,0,0,0,-145000,0,0,0,47000,192000,-145000,-145000
064573,復盛群益9C購01  ,0,0,0,0,0,0,0,0,0,-145000,0,0,0,164000,309000,-145000,-145000
063556,儒鴻元大9B購02  ,0,0,0,0,0,0,0,0,0,-145000,0,0,0,101000,246000,-145000,-145000
063693,智易永豐9B購02  ,0,0,0,0,0,0,0,0,0,-145000,0,0,0,0,145000,-145000,-145000
063944,建準元大9C購01  ,0,0,0,0,0,0,0,0,0,-145000,0,0,0,275000,420000,-145000,-145000
06773P,台灣50兆豐9A售01,0,0,0,0,0,0,0,0,0,-146000,0,0,0,65000,211000,-146000,-146000
066993,世紀鋼群益01購03,0,0,0,0,0,0,0,0,0,-146000,0,0,0,0,146000,-146000,-146000
056309,合勤控元大97購01,0,0,0,0,0,0,0,0,0,-146000,0,0,0,140000,286000,-146000,-146000
061020,超眾國票9A購02  ,0,0,0,0,0,0,0,0,0,-146000,0,0,0,42000,188000,-146000,-146000
064009,超眾凱基01購01  ,0,0,0,0,0,0,0,0,0,-146000,0,0,0,52000,198000,-146000,-146000
063783,儒鴻中信9C購01  ,0,0,0,0,0,0,0,0,0,-146000,0,0,0,0,146000,-146000,-146000
065349,玉晶光統一9C購05,0,0,0,0,0,0,0,0,0,-146000,0,0,0,413000,559000,-146000,-146000
066452,晶碩群益01購01  ,0,0,0,0,0,0,0,0,0,-147000,0,0,0,408000,555000,-147000,-147000
056813,聯茂統一99購01  ,0,0,0,0,0,0,0,0,0,-147000,0,0,0,79000,226000,-147000,-147000
065917,全新凱基02購01  ,0,0,0,0,0,0,0,0,0,-147000,0,0,0,10000,157000,-147000,-147000
06529P,貿聯富邦99售03  ,0,0,0,0,0,0,0,0,0,-147000,0,0,0,25000,172000,-147000,-147000
064817,鈺齊元大9C購02  ,0,0,0,0,0,0,0,0,0,-147000,0,0,0,1000,148000,-147000,-147000
063532,GIS凱基9B購03   ,0,0,0,0,0,0,0,0,0,-147000,0,0,0,15000,162000,-147000,-147000
064685,裕隆群益9C購01  ,0,0,0,0,0,0,0,0,0,-147000,0,0,0,0,147000,-147000,-147000
060612,世紀鋼凱基9A購01,0,0,0,0,0,0,0,0,0,-148000,0,0,0,50000,198000,-148000,-148000
062972,京元電元富9B購01,0,0,0,0,0,0,0,0,0,-148000,0,0,0,118000,266000,-148000,-148000
064198,超眾群益9C購01  ,0,0,0,0,0,0,0,0,0,-148000,0,0,0,134000,282000,-148000,-148000
059138,台積電兆豐99購04,0,0,0,0,0,0,0,0,0,-149000,0,0,0,1000,150000,-149000,-149000
064318,彩晶群益9C購01  ,0,0,0,0,0,0,0,0,0,-149000,0,0,0,60000,209000,-149000,-149000
064580,統一永豐9C購01  ,0,0,0,0,0,0,0,0,0,-149000,0,0,0,0,149000,-149000,-149000
064018,儒鴻元大9C購02  ,0,0,0,0,0,0,0,0,0,-149000,0,0,0,23000,172000,-149000,-149000
065775,神隆國泰03購01  ,0,0,0,0,0,0,0,0,0,-149000,0,0,0,130000,279000,-149000,-149000
3031,佰鴻            ,20000,169000,-149000,0,0,0,0,0,0,0,0,0,0,0,0,0,-149000
066511,劍麟永豐01購01  ,0,0,0,0,0,0,0,0,0,-150000,0,0,0,50000,200000,-150000,-150000
065963,鴻海元大01購05  ,0,0,0,0,0,0,0,0,0,-150000,0,0,0,23000,173000,-150000,-150000
066639,彩晶凱基05購01  ,0,0,0,0,0,0,0,0,0,-150000,0,0,0,10000,160000,-150000,-150000
08134P,臺股指元大9B售40,0,0,0,0,0,0,0,0,0,-150000,0,0,0,0,150000,-150000,-150000
08566P,禾伸堂群益9C售01,0,0,0,0,0,0,0,0,0,-150000,0,0,0,74000,224000,-150000,-150000
07083P,台積電統一9A售06,0,0,0,0,0,0,0,0,0,-150000,0,0,0,0,150000,-150000,-150000
07801P,上銀永豐9A售02  ,0,0,0,0,0,0,0,0,0,-150000,0,0,0,0,150000,-150000,-150000
07703P,玉晶光中信9B售03,0,0,0,0,0,0,0,0,0,-150000,0,0,0,0,150000,-150000,-150000
058010,帆宣國票98購01  ,0,0,0,0,0,0,0,0,0,-150000,0,0,0,46000,196000,-150000,-150000
059249,大立光凱基99購05,0,0,0,0,0,0,0,0,0,-150000,0,0,0,0,150000,-150000,-150000
057491,美食元大98購03  ,0,0,0,0,0,0,0,0,0,-150000,0,0,0,0,150000,-150000,-150000
057240,茂林凱基9A購01  ,0,0,0,0,0,0,0,0,0,-150000,0,0,0,30000,180000,-150000,-150000
057023,美律凱基99購02  ,0,0,0,0,0,0,0,0,0,-150000,0,0,0,0,150000,-150000,-150000
056351,鴻海元大98購06  ,0,0,0,0,0,0,0,0,0,-150000,0,0,0,0,150000,-150000,-150000
056261,台積電統一97購07,0,0,0,0,0,0,0,0,0,-150000,0,0,0,0,150000,-150000,-150000
054874,帆宣群益99購02  ,0,0,0,0,0,0,0,0,0,-150000,0,0,0,10000,160000,-150000,-150000
053568,智伸科富邦98購01,0,0,0,0,0,0,0,0,0,-150000,0,0,0,70000,220000,-150000,-150000
00673R,元大S&P原油反1  ,0,0,0,0,0,0,0,0,0,-150000,0,0,0,111000,261000,-150000,-150000
062944,茂林凱基9B購02  ,0,0,0,0,0,0,0,0,0,-150000,0,0,0,0,150000,-150000,-150000
064742,奇鋐國票01購02  ,0,0,0,0,0,0,0,0,0,-150000,0,0,0,34000,184000,-150000,-150000
064987,勤誠元大9C購02  ,0,0,0,0,0,0,0,0,0,-150000,0,0,0,0,150000,-150000,-150000
063895,新光金群益01購01,0,0,0,0,0,0,0,0,0,-150000,0,0,0,88000,238000,-150000,-150000
063708,上銀凱基9B購06  ,0,0,0,0,0,0,0,0,0,-150000,0,0,0,50000,200000,-150000,-150000
064307,聚陽群益9C購03  ,0,0,0,0,0,0,0,0,0,-150000,0,0,0,79000,229000,-150000,-150000
08819P,上証2X凱基02售01,0,0,0,0,0,0,0,0,0,-151000,0,0,0,0,151000,-151000,-151000
08441P,同欣電元富9C售01,0,0,0,0,0,0,0,0,0,-151000,0,0,0,149000,300000,-151000,-151000
052619,茂林國泰99購01  ,0,0,0,0,0,0,0,0,0,-151000,0,0,0,26000,177000,-151000,-151000
063290,GIS元大9B購02   ,0,0,0,0,0,0,0,0,0,-151000,0,0,0,163000,314000,-151000,-151000
064843,巨大統一02購01  ,0,0,0,0,0,0,0,0,0,-151000,0,0,0,240000,391000,-151000,-151000
07992P,玉晶光群益01售04,0,0,0,0,0,0,0,0,0,-152000,0,0,0,84000,236000,-152000,-152000
066603,台達電富邦05購01,0,0,0,0,0,0,0,0,0,-152000,0,0,0,89000,241000,-152000,-152000
066370,帆宣中信01購01  ,0,0,0,0,0,0,0,0,0,-152000,0,0,0,892000,1044000,-152000,-152000
065766,南電元大9C購08  ,0,0,0,0,0,0,0,0,0,-152000,0,0,0,26000,178000,-152000,-152000
064595,超眾統一02購01  ,0,0,0,0,0,0,0,0,0,-152000,0,0,0,10000,162000,-152000,-152000
063726,鴻海元大9B購04  ,0,0,0,0,0,0,0,0,0,-152000,0,0,0,45000,197000,-152000,-152000
063811,亞德客群益9C購01,0,0,0,0,0,0,0,0,0,-152000,0,0,0,90000,242000,-152000,-152000
6452,康友-KY         ,92000,241256,-149256,0,0,0,0,0,0,-3000,0,0,0,2000,5000,-3000,-152256
065985,金像電永豐01購02,0,0,0,0,0,0,0,0,0,-153000,0,0,0,0,153000,-153000,-153000
066026,泰碩群益03購01  ,0,0,0,0,0,0,0,0,0,-153000,0,0,0,70000,223000,-153000,-153000
067141,台表科永豐01購01,0,0,0,0,0,0,0,0,0,-153000,0,0,0,0,153000,-153000,-153000
057508,康控國票99購03  ,0,0,0,0,0,0,0,0,0,-153000,0,0,0,63000,216000,-153000,-153000
057501,超眾群益98購04  ,0,0,0,0,0,0,0,0,0,-153000,0,0,0,0,153000,-153000,-153000
063322,台郡群益9B購02  ,0,0,0,0,0,0,0,0,0,-153000,0,0,0,193000,346000,-153000,-153000
061915,T50反1凱基02購02,0,0,0,0,0,0,0,0,0,-153000,0,0,0,110000,263000,-153000,-153000
064585,中壽永豐9C購01  ,0,0,0,0,0,0,0,0,0,-153000,0,0,0,0,153000,-153000,-153000
065816,聯發科元富03購07,0,0,0,0,0,0,0,0,0,-153000,0,0,0,7000,160000,-153000,-153000
065356,聯發科元富03購06,0,0,0,0,0,0,0,0,0,-153000,0,0,0,0,153000,-153000,-153000
2480,敦陽科          ,35000,193000,-158000,0,0,0,0,0,0,5000,7000,0,7000,0,2000,-2000,-153000
4119,旭富            ,481000,601093,-120093,0,0,0,0,52000,-52000,19000,4000,0,4000,31000,16000,15000,-153093
08693P,宏達電群益01售02,0,0,0,0,0,0,0,0,0,-154000,0,0,0,2000,156000,-154000,-154000
058779,大立光國票9A購02,0,0,0,0,0,0,0,0,0,-154000,0,0,0,117000,271000,-154000,-154000
059647,超眾凱基99購04  ,0,0,0,0,0,0,0,0,0,-154000,0,0,0,7000,161000,-154000,-154000
062215,華通統一9B購01  ,0,0,0,0,0,0,0,0,0,-154000,0,0,0,134000,288000,-154000,-154000
065919,禾伸堂凱基02購01,0,0,0,0,0,0,0,0,0,-154000,0,0,0,22000,176000,-154000,-154000
067205,台積電元大01購22,0,0,0,0,0,0,0,0,0,-155000,0,0,0,0,155000,-155000,-155000
067118,上緯控群益01購01,0,0,0,0,0,0,0,0,0,-155000,0,0,0,0,155000,-155000,-155000
066726,鴻海元大01購11  ,0,0,0,0,0,0,0,0,0,-155000,0,0,0,50000,205000,-155000,-155000
058744,FBVIX凱基9C購03 ,0,0,0,0,0,0,0,0,0,-155000,0,0,0,200000,355000,-155000,-155000
057138,亞德客兆豐98購01,0,0,0,0,0,0,0,0,0,-155000,0,0,0,1000,156000,-155000,-155000
06037P,超眾國票98售02  ,0,0,0,0,0,0,0,0,0,-155000,0,0,0,17000,172000,-155000,-155000
061344,禾伸堂元大9A購02,0,7000,-7000,0,0,0,0,0,0,-148000,0,0,0,33000,181000,-148000,-155000
055336,茂林兆豐98購01  ,0,0,0,0,0,0,0,0,0,-155000,0,0,0,0,155000,-155000,-155000
064219,滬深2X國票03購01,0,0,0,0,0,0,0,0,0,-155000,0,0,0,21000,176000,-155000,-155000
064058,儒鴻麥證01購01  ,0,0,0,18000,175000,-157000,0,0,0,-155000,0,0,0,38000,193000,-155000,-155000
063643,臻鼎元大9B購03  ,0,0,0,0,0,0,0,0,0,-155000,0,0,0,134000,289000,-155000,-155000
066633,總太凱基01購01  ,0,0,0,0,0,0,0,0,0,-156000,0,0,0,0,156000,-156000,-156000
067169,台積電麥證01購07,0,0,0,0,256000,-256000,0,0,0,-156000,0,0,0,100000,256000,-156000,-156000
066475,新光金麥證01購01,0,0,0,158000,314000,-156000,0,0,0,-156000,0,0,0,158000,314000,-156000,-156000
08716P,台積電兆豐01售02,0,0,0,0,0,0,0,0,0,-156000,0,0,0,90000,246000,-156000,-156000
08766P,臺股指中信03售03,0,0,0,0,0,0,0,0,0,-156000,0,0,0,66000,222000,-156000,-156000
08478P,臺股指凱基9C售16,0,0,0,0,0,0,0,0,0,-156000,0,0,0,157000,313000,-156000,-156000
062722,京元電凱基9B購02,0,0,0,0,0,0,0,0,0,-156000,0,0,0,254000,410000,-156000,-156000
060692,鴻海麥證9A購01  ,0,0,0,8000,156000,-148000,0,0,0,-156000,0,0,0,8000,164000,-156000,-156000
060109,茂林元大99購05  ,0,0,0,0,0,0,0,0,0,-156000,0,0,0,76000,232000,-156000,-156000
063781,健策永豐9B購08  ,0,0,0,0,0,0,0,0,0,-156000,0,0,0,0,156000,-156000,-156000
07009P,臺股指中信9B售01,0,0,0,0,0,0,0,0,0,-157000,0,0,0,40000,197000,-157000,-157000
066278,健策元大02購01  ,0,0,0,0,0,0,0,0,0,-157000,0,0,0,10000,167000,-157000,-157000
066194,美利達凱基01購01,0,0,0,0,0,0,0,0,0,-157000,0,0,0,72000,229000,-157000,-157000
056146,台虹元大98購01  ,0,0,0,0,0,0,0,0,0,-157000,0,0,0,10000,167000,-157000,-157000
057542,上銀凱基99購01  ,0,0,0,0,0,0,0,0,0,-157000,0,0,0,0,157000,-157000,-157000
061055,康控群益9A購01  ,0,0,0,0,0,0,0,0,0,-157000,0,0,0,19000,176000,-157000,-157000
060322,卜蜂群益9A購01  ,0,0,0,0,0,0,0,0,0,-157000,0,0,0,0,157000,-157000,-157000
060835,亞德客國票9A購01,0,0,0,0,0,0,0,0,0,-157000,0,0,0,92000,249000,-157000,-157000
064243,TPK統一02購02   ,0,0,0,0,0,0,0,0,0,-157000,0,0,0,0,157000,-157000,-157000
064883,GIS兆豐01購01   ,0,0,0,0,0,0,0,0,0,-157000,0,0,0,154000,311000,-157000,-157000
2387,精元            ,612000,847000,-235000,0,0,0,0,0,0,78000,151000,60000,91000,8000,21000,-13000,-157000
058733,同欣電永豐99購02,0,0,0,0,0,0,0,0,0,-158000,0,0,0,2000,160000,-158000,-158000
062480,茂林國票9B購01  ,0,0,0,0,0,0,0,0,0,-158000,0,0,0,0,158000,-158000,-158000
059936,台積電永豐99購06,0,0,0,0,0,0,0,0,0,-158000,0,0,0,0,158000,-158000,-158000
058979,上銀凱基99購04  ,0,0,0,0,0,0,0,0,0,-158000,0,0,0,63000,221000,-158000,-158000
063415,台積電凱基03購01,0,0,0,0,0,0,0,0,0,-158000,0,0,0,0,158000,-158000,-158000
1325,恆大            ,166000,339000,-173000,0,0,0,0,0,0,15000,26000,11000,15000,0,0,0,-158000
066060,超眾元大01購03  ,0,0,0,0,0,0,0,0,0,-159000,0,0,0,96000,255000,-159000,-159000
062523,世紀鋼元大9C購03,0,0,0,0,0,0,0,0,0,-159000,0,0,0,101000,260000,-159000,-159000
063458,正隆元大9B購01  ,0,0,0,0,0,0,0,0,0,-159000,0,0,0,210000,369000,-159000,-159000
066844,聯發科元大01購12,0,0,0,0,0,0,0,0,0,-160000,0,0,0,205000,365000,-160000,-160000
07856P,力成凱基9A售02  ,0,0,0,0,0,0,0,0,0,-160000,0,0,0,0,160000,-160000,-160000
058927,勤誠元富99購02  ,0,0,0,0,0,0,0,0,0,-160000,0,0,0,0,160000,-160000,-160000
063172,廣達中信9C購01  ,0,0,0,0,0,0,0,0,0,-160000,0,0,0,35000,195000,-160000,-160000
063117,聯茂麥證9B購01  ,0,0,0,37000,198000,-161000,0,0,0,-160000,0,0,0,38000,198000,-160000,-160000
066448,眾達群益01購01  ,0,0,0,0,0,0,0,0,0,-161000,0,0,0,260000,421000,-161000,-161000
062682,全新統一9B購01  ,0,0,0,0,0,0,0,0,0,-161000,0,0,0,20000,181000,-161000,-161000
062338,鴻海麥證9B購01  ,0,0,0,25000,161000,-136000,0,0,0,-161000,0,0,0,25000,186000,-161000,-161000
061105,宏達電元大9A購04,0,0,0,0,0,0,0,0,0,-162000,0,0,0,0,162000,-162000,-162000
060712,建準永豐9A購01  ,0,0,0,0,0,0,0,0,0,-162000,0,0,0,258000,420000,-162000,-162000
063396,金像電群益9C購01,0,0,0,0,0,0,0,0,0,-162000,0,0,0,37000,199000,-162000,-162000
065834,億豐凱基03購01  ,0,0,0,0,0,0,0,0,0,-162000,0,0,0,10000,172000,-162000,-162000
3026,禾伸堂          ,343000,673000,-330000,0,0,0,132000,0,132000,36000,52000,50000,2000,51000,17000,34000,-162000
3557,嘉威            ,121000,283000,-162000,0,0,0,0,0,0,0,0,0,0,0,0,0,-162000
6504,南六            ,110000,186000,-76000,0,0,0,0,0,0,-86000,0,42000,-42000,5000,49000,-44000,-162000
067152,義隆統一02購03  ,0,0,0,0,0,0,0,0,0,-163000,0,0,0,212000,375000,-163000,-163000
08180P,聯發科國泰01售05,0,0,0,0,0,0,0,0,0,-163000,0,0,0,75000,238000,-163000,-163000
056907,群創元大9C購04  ,0,0,0,0,0,0,0,0,0,-163000,0,0,0,37000,200000,-163000,-163000
063051,仁寶統一01購01  ,0,0,0,0,0,0,0,0,0,-163000,0,0,0,118000,281000,-163000,-163000
061528,超眾凱基9A購04  ,0,0,0,0,0,0,0,0,0,-163000,0,0,0,3000,166000,-163000,-163000
063711,高鐵凱基9B購01  ,0,0,0,0,0,0,0,0,0,-163000,0,0,0,10000,173000,-163000,-163000
064040,鴻海統一9C購18  ,0,0,0,0,0,0,0,0,0,-163000,0,0,0,53000,216000,-163000,-163000
066630,東森凱基01購01  ,0,0,0,0,0,0,0,0,0,-164000,0,0,0,25000,189000,-164000,-164000
065329,億豐凱基9C購02  ,0,0,0,0,0,0,0,0,0,-164000,0,0,0,0,164000,-164000,-164000
08482P,亞德客群益9C售02,0,0,0,0,0,0,0,0,0,-165000,0,0,0,0,165000,-165000,-165000
08608P,臺股指富邦9C售06,0,0,0,0,0,0,0,0,0,-165000,0,0,0,0,165000,-165000,-165000
058299,同欣電凱基9A購01,0,0,0,0,0,0,0,0,0,-165000,0,0,0,55000,220000,-165000,-165000
060435,鈺齊永豐9A購01  ,0,0,0,0,0,0,0,0,0,-165000,0,0,0,6000,171000,-165000,-165000
065025,健策永豐9C購02  ,0,0,0,0,0,0,0,0,0,-165000,0,0,0,2000,167000,-165000,-165000
063462,金像電元大9C購01,0,0,0,0,0,0,0,0,0,-165000,0,0,0,17000,182000,-165000,-165000
08115P,聯發科凱基9B售13,0,0,0,0,0,0,0,0,0,-166000,0,0,0,59000,225000,-166000,-166000
066576,矽創元大01購02  ,0,0,0,0,0,0,0,0,0,-166000,0,0,0,115000,281000,-166000,-166000
063271,中磊兆豐9C購01  ,0,0,0,0,0,0,0,0,0,-166000,0,0,0,10000,176000,-166000,-166000
064085,儒鴻凱基9C購02  ,0,0,0,0,0,0,0,0,0,-166000,0,0,0,73000,239000,-166000,-166000
065255,上銀元大01購01  ,0,0,0,0,0,0,0,0,0,-166000,0,0,0,30000,196000,-166000,-166000
3443,創意            ,1468000,1198000,270000,0,0,0,0,170000,-170000,-266000,94000,211000,-117000,24000,173000,-149000,-166000
067170,台積電麥證01購08,0,0,0,0,268000,-268000,0,0,0,-167000,0,0,0,101000,268000,-167000,-167000
066463,鎧勝統一02購01  ,0,0,0,0,0,0,0,0,0,-167000,0,0,0,172000,339000,-167000,-167000
066082,康友國泰03購01  ,0,0,0,0,0,0,0,0,0,-167000,0,0,0,47000,214000,-167000,-167000
065002,致茂國票01購01  ,0,0,0,0,0,0,0,0,0,-167000,0,0,0,121000,288000,-167000,-167000
058292,上銀凱基9A購01  ,0,0,0,0,0,0,0,0,0,-168000,0,0,0,10000,178000,-168000,-168000
058646,聯茂富邦9A購01  ,0,0,0,0,0,0,0,0,0,-168000,0,0,0,22000,190000,-168000,-168000
057397,茂林中信9A購01  ,0,0,0,0,0,0,0,0,0,-168000,0,0,0,0,168000,-168000,-168000
060432,達方永豐9A購01  ,0,0,0,0,0,0,0,0,0,-168000,0,0,0,246000,414000,-168000,-168000
064217,GIS凱基02購02   ,0,0,0,0,0,0,0,0,0,-168000,0,0,0,30000,198000,-168000,-168000
1589,永冠-KY         ,1012000,1287000,-275000,0,0,0,95000,0,95000,12000,42000,30000,12000,0,0,0,-168000
066036,神隆元大02購01  ,0,0,0,0,0,0,0,0,0,-169000,0,0,0,0,169000,-169000,-169000
08701P,景碩康和01售02  ,0,0,0,0,0,0,0,0,0,-169000,0,0,0,60000,229000,-169000,-169000
058865,群創凱基01購01  ,0,0,0,0,0,0,0,0,0,-169000,0,0,0,11000,180000,-169000,-169000
062409,巨大永豐9B購02  ,0,0,0,0,0,0,0,0,0,-169000,0,0,0,0,169000,-169000,-169000
064829,義隆統一01購02  ,0,0,0,0,0,0,0,0,0,-169000,0,0,0,1389000,1558000,-169000,-169000
058669,上銀群益99購01  ,0,0,0,0,0,0,0,0,0,-170000,0,0,0,12000,182000,-170000,-170000
058035,旭富永豐98購02  ,0,0,0,0,0,0,0,0,0,-170000,0,0,0,30000,200000,-170000,-170000
060046,S&P反1凱基99購02,0,0,0,0,0,0,0,0,0,-170000,0,0,0,0,170000,-170000,-170000
064571,帆宣群益9C購01  ,0,0,0,0,0,0,0,0,0,-170000,0,0,0,9000,179000,-170000,-170000
064385,台積電富邦03購02,0,0,0,0,0,0,0,0,0,-170000,0,0,0,9000,179000,-170000,-170000
3596,智易            ,353000,975000,-622000,0,0,0,0,66223,-66223,518000,3000,3000,0,519000,1000,518000,-170223
08357P,聯發科元大9C售09,0,0,0,0,0,0,0,0,0,-171000,0,0,0,29000,200000,-171000,-171000
066333,晶華永豐01購01  ,0,0,0,0,0,0,0,0,0,-171000,0,0,0,0,171000,-171000,-171000
00650L,FH香港正2       ,86000,93000,-7000,0,0,0,0,0,0,-164000,0,0,0,1043000,1207000,-164000,-171000
067062,神隆元大01購02  ,0,0,0,0,0,0,0,0,0,-172000,0,0,0,0,172000,-172000,-172000
08447P,緯穎永豐9C售02  ,0,0,0,0,0,0,0,0,0,-172000,0,0,0,24000,196000,-172000,-172000
08739P,台郡凱基01售03  ,0,0,0,0,0,0,0,0,0,-172000,0,0,0,58000,230000,-172000,-172000
08597P,聯發科元大9C售18,0,0,0,0,0,0,0,0,0,-172000,0,0,0,99000,271000,-172000,-172000
07792P,牧德元大9A售04  ,0,0,0,0,0,0,0,0,0,-172000,0,0,0,172000,344000,-172000,-172000
063239,建準元大9B購01  ,0,0,0,0,0,0,0,0,0,-172000,0,0,0,292000,464000,-172000,-172000
061647,南六元大9A購03  ,0,0,0,0,0,0,0,0,0,-172000,0,0,0,104000,276000,-172000,-172000
063625,儒鴻元大9B購03  ,0,0,0,0,0,0,0,0,0,-172000,0,0,0,22000,194000,-172000,-172000
1447,力鵬            ,147000,319000,-172000,0,0,0,0,0,0,0,0,0,0,0,0,0,-172000
060678,聯詠元大9A購03  ,0,0,0,0,0,0,0,0,0,-173000,0,0,0,3000,176000,-173000,-173000
063653,儒鴻元富9B購01  ,0,0,0,0,0,0,0,0,0,-173000,0,0,0,238000,411000,-173000,-173000
063561,上銀元大9B購08  ,0,0,0,0,0,0,0,0,0,-173000,0,0,0,25000,198000,-173000,-173000
062011,上銀富邦9C購01  ,0,0,0,0,0,0,0,0,0,-174000,0,0,0,0,174000,-174000,-174000
058077,超眾凱基98購02  ,0,0,0,0,0,0,0,0,0,-175000,0,0,0,31000,206000,-175000,-175000
058398,中環元大99購02  ,0,0,0,0,0,0,0,0,0,-175000,0,0,0,0,175000,-175000,-175000
059326,康友元大99購01  ,0,0,0,0,0,0,0,0,0,-175000,0,0,0,69000,244000,-175000,-175000
061768,晶技元大9B購02  ,0,0,0,0,0,0,0,0,0,-175000,0,0,0,316000,491000,-175000,-175000
060493,美律元富01購01  ,0,0,0,0,0,0,0,0,0,-175000,0,0,0,0,175000,-175000,-175000
063902,志超群益9C購01  ,0,0,0,0,0,0,0,0,0,-175000,0,0,0,15000,190000,-175000,-175000
066984,總太群益02購01  ,0,0,0,0,0,0,0,0,0,-176000,0,0,0,0,176000,-176000,-176000
061237,晶技元大9A購01  ,0,0,0,0,0,0,0,0,0,-176000,0,0,0,355000,531000,-176000,-176000
056353,鴻海元大99購02  ,0,0,0,0,0,0,0,0,0,-176000,0,0,0,284000,460000,-176000,-176000
062980,康控元富9B購01  ,0,0,0,0,0,0,0,0,0,-176000,0,0,0,178000,354000,-176000,-176000
063395,金像電群益9B購02,0,0,0,0,0,0,0,0,0,-176000,0,0,0,2000,178000,-176000,-176000
066349,聚碩永豐01購01  ,0,0,0,0,0,0,0,0,0,-177000,0,0,0,20000,197000,-177000,-177000
066282,鎧勝元大01購01  ,0,0,0,0,0,0,0,0,0,-177000,0,0,0,146000,323000,-177000,-177000
057390,台表科永豐98購01,0,0,0,0,0,0,0,0,0,-177000,0,0,0,119000,296000,-177000,-177000
058274,世紀鋼永豐99購01,0,0,0,0,0,0,0,0,0,-177000,0,0,0,63000,240000,-177000,-177000
062640,訊連國票9C購01  ,0,0,0,0,0,0,0,0,0,-177000,0,0,0,0,177000,-177000,-177000
061770,泰碩元大9B購02  ,0,0,0,0,0,0,0,0,0,-177000,0,0,0,56000,233000,-177000,-177000
061879,超眾元大9C購01  ,0,0,0,0,0,0,0,0,0,-177000,0,0,0,37000,214000,-177000,-177000
058985,可成凱基99購03  ,0,0,0,0,0,0,0,0,0,-177000,0,0,0,43000,220000,-177000,-177000
063876,華新元富9C購01  ,0,0,0,0,0,0,0,0,0,-177000,0,0,0,155000,332000,-177000,-177000
064039,亞德客統一02購01,0,0,0,0,0,0,0,0,0,-177000,0,0,0,77000,254000,-177000,-177000
3047,訊舟            ,134000,311000,-177000,0,0,0,0,0,0,0,0,0,0,0,0,0,-177000
08754P,臺股指群益01售04,0,0,0,0,0,0,0,0,0,-178000,0,0,0,65000,243000,-178000,-178000
08287P,茂林凱基9C售02  ,0,0,0,0,0,0,0,0,0,-178000,0,0,0,114000,292000,-178000,-178000
054800,訊芯群益99購01  ,0,0,0,0,0,0,0,0,0,-178000,0,0,0,21000,199000,-178000,-178000
063408,茂林國票9C購02  ,0,0,0,0,0,0,0,0,0,-178000,0,0,0,0,178000,-178000,-178000
3413,京鼎            ,558000,665000,-107000,0,0,0,0,0,0,-71000,29000,106000,-77000,56000,50000,6000,-178000
066142,超眾群益01購03  ,0,0,0,0,0,0,0,0,0,-179000,0,0,0,48000,227000,-179000,-179000
058377,茂林凱基9A購03  ,0,0,0,0,0,0,0,0,0,-179000,0,0,0,96000,275000,-179000,-179000
060541,正隆凱基9A購01  ,0,0,0,0,0,0,0,0,0,-179000,0,0,0,0,179000,-179000,-179000
065754,健鼎元大9C購06  ,0,0,0,0,0,0,0,0,0,-179000,0,0,0,0,179000,-179000,-179000
065604,聯發科元大9C購17,0,0,0,0,0,0,0,0,0,-179000,0,0,0,162000,341000,-179000,-179000
07057P,大立光康和9B售02,0,0,0,0,0,0,0,0,0,-180000,0,0,0,30000,210000,-180000,-180000
061126,京元電永豐9A購02,0,0,0,0,0,0,0,0,0,-180000,0,0,0,54000,234000,-180000,-180000
056187,京鼎統一97購01  ,0,0,0,0,0,0,0,0,0,-180000,0,0,0,0,180000,-180000,-180000
057915,台泥凱基98購01  ,0,0,0,0,0,0,0,0,0,-180000,0,0,0,20000,200000,-180000,-180000
06064P,台積電台新98售01,0,0,0,0,0,0,0,0,0,-180000,0,0,0,0,180000,-180000,-180000
063127,TPK元大9B購02   ,0,0,0,0,0,0,0,0,0,-180000,0,0,0,25000,205000,-180000,-180000
062340,力成麥證9B購01  ,0,0,0,0,180000,-180000,0,0,0,-180000,0,0,0,0,180000,-180000,-180000
064107,友達兆豐01購01  ,0,0,0,0,0,0,0,0,0,-180000,0,0,0,5000,185000,-180000,-180000
066265,精元元大01購01  ,0,0,0,0,0,0,0,0,0,-181000,0,0,0,29000,210000,-181000,-181000
066756,長興永豐01購02  ,0,0,0,0,0,0,0,0,0,-181000,0,0,0,0,181000,-181000,-181000
056635,亞德客日盛99購01,0,0,0,0,0,0,0,0,0,-181000,0,0,0,7000,188000,-181000,-181000
063025,超眾元大9B購01  ,0,0,0,0,0,0,0,0,0,-181000,0,0,0,111000,292000,-181000,-181000
064485,儒鴻元大01購01  ,0,0,0,0,0,0,0,0,0,-182000,0,0,0,76000,258000,-182000,-182000
058526,鈺齊元大99購02  ,0,0,0,0,0,0,0,0,0,-183000,0,0,0,41000,224000,-183000,-183000
064410,超眾凱基02購01  ,0,0,0,0,0,0,0,0,0,-183000,0,0,0,75000,258000,-183000,-183000
063548,同欣電兆豐9B購01,0,0,0,0,0,0,0,0,0,-183000,0,0,0,102000,285000,-183000,-183000
066805,泰碩凱基02購03  ,0,0,0,0,0,0,0,0,0,-184000,0,0,0,28000,212000,-184000,-184000
057269,鈺齊兆豐98購01  ,0,0,0,0,0,0,0,0,0,-184000,0,0,0,0,184000,-184000,-184000
057961,茂林元大9A購01  ,0,0,0,0,0,0,0,0,0,-184000,0,0,0,100000,284000,-184000,-184000
063272,GIS兆豐9C購01   ,0,0,0,0,0,0,0,0,0,-184000,0,0,0,25000,209000,-184000,-184000
059340,鴻海凱基9A購12  ,0,0,0,0,0,0,0,0,0,-184000,0,0,0,0,184000,-184000,-184000
8028,昇陽半導體      ,134000,290000,-156000,0,0,0,0,0,0,-28000,0,0,0,0,28000,-28000,-184000
066522,建準中信01購01  ,0,0,0,0,0,0,0,0,0,-185000,0,0,0,8000,193000,-185000,-185000
07954P,台表科元大9B售02,0,0,0,0,0,0,0,0,0,-185000,0,0,0,55000,240000,-185000,-185000
061610,力成統一9C購01  ,0,0,0,0,0,0,0,0,0,-185000,0,0,0,68000,253000,-185000,-185000
063293,億豐元大9B購01  ,0,0,0,0,0,0,0,0,0,-185000,0,0,0,0,185000,-185000,-185000
062453,聚陽群益9C購01  ,0,0,0,0,0,0,0,0,0,-185000,0,0,0,0,185000,-185000,-185000
063594,上銀中信9C購01  ,0,0,0,0,0,0,0,0,0,-185000,0,0,0,30000,215000,-185000,-185000
2636,台驊投控        ,79000,264000,-185000,0,0,0,0,0,0,0,0,0,0,0,0,0,-185000
064779,義隆群益9C購03  ,0,0,0,0,0,0,0,0,0,-186000,0,0,0,120000,306000,-186000,-186000
3311,閎暉            ,118000,304000,-186000,0,0,0,0,0,0,0,0,0,0,0,0,0,-186000
062871,大成鋼兆豐9B購01,0,0,0,0,0,0,0,0,0,-187000,0,0,0,17000,204000,-187000,-187000
064882,同欣電兆豐9C購01,0,0,0,0,0,0,0,0,0,-187000,0,0,0,10000,197000,-187000,-187000
065892,聯發科統一02購04,0,0,0,0,0,0,0,0,0,-187000,0,0,0,18000,205000,-187000,-187000
07535P,上銀元富9A售03  ,0,0,0,0,0,0,0,0,0,-188000,0,0,0,12000,200000,-188000,-188000
08649P,聯發科元大9C售21,0,0,0,0,0,0,0,0,0,-188000,0,0,0,82000,270000,-188000,-188000
066334,京城銀永豐01購01,0,0,0,0,0,0,0,0,0,-188000,0,0,0,7000,195000,-188000,-188000
063077,巨大永豐9B購03  ,0,0,0,0,0,0,0,0,0,-188000,0,0,0,25000,213000,-188000,-188000
062407,同欣電永豐9B購01,0,0,0,0,0,0,0,0,0,-188000,0,0,0,5000,193000,-188000,-188000
065653,同欣電元大03購01,10000,0,10000,0,0,0,0,0,0,-198000,0,0,0,236000,434000,-198000,-188000
08271P,華通元富9C售01  ,0,0,0,0,0,0,0,0,0,-189000,0,0,0,0,189000,-189000,-189000
064729,聯茂統一02購02  ,0,0,0,0,0,0,0,0,0,-189000,0,0,0,222000,411000,-189000,-189000
065275,台灣50群益02購02,0,0,0,0,0,0,0,0,0,-189000,0,0,0,3000,192000,-189000,-189000
064456,禾伸堂統一01購01,0,0,0,0,0,0,0,0,0,-189000,0,0,0,180000,369000,-189000,-189000
064462,致伸統一02購01  ,0,0,0,0,0,0,0,0,0,-189000,0,0,0,0,189000,-189000,-189000
064551,鈺齊凱基9C購02  ,0,0,0,0,0,0,0,0,0,-189000,0,0,0,60000,249000,-189000,-189000
064538,鈺齊國票01購01  ,0,0,0,0,0,0,0,0,0,-189000,0,0,0,0,189000,-189000,-189000
8011,台通            ,260000,449000,-189000,0,0,0,0,0,0,0,0,0,0,0,0,0,-189000
08611P,聯發科凱基01售08,0,0,0,0,0,0,0,0,0,-190000,0,0,0,178000,368000,-190000,-190000
08617P,緯創元富9C售03  ,0,0,0,0,0,0,0,0,0,-190000,0,0,0,0,190000,-190000,-190000
066789,聯詠麥證01購01  ,0,0,0,10000,200000,-190000,0,0,0,-190000,0,0,0,10000,200000,-190000,-190000
064260,矽創富邦9C購01  ,0,0,0,0,0,0,0,0,0,-190000,0,0,0,62000,252000,-190000,-190000
063642,茂林元大9B購08  ,0,0,0,0,0,0,0,0,0,-190000,0,0,0,78000,268000,-190000,-190000
065517,緯創群益9C購02  ,0,0,0,0,0,0,0,0,0,-190000,0,0,0,10000,200000,-190000,-190000
065490,國巨國泰02購02  ,0,0,0,0,0,0,0,0,0,-190000,0,0,0,20000,210000,-190000,-190000
065762,台表科元大9C購13,0,0,0,0,0,0,0,0,0,-190000,0,0,0,568000,758000,-190000,-190000
061990,台勝科元大9C購01,0,0,0,0,0,0,0,0,0,-191000,0,0,0,20000,211000,-191000,-191000
065819,京鼎元富03購01  ,0,0,0,0,0,0,0,0,0,-191000,0,0,0,126000,317000,-191000,-191000
065014,南電國泰01購01  ,0,0,0,0,0,0,0,0,0,-191000,0,0,0,46000,237000,-191000,-191000
4915,致伸            ,1558000,1996000,-438000,0,0,0,137000,0,137000,110000,102000,0,102000,25000,17000,8000,-191000
3041,揚智            ,133000,315000,-182000,0,0,0,0,0,0,-9000,1000,0,1000,0,10000,-10000,-191000
066024,金像電群益01購04,0,0,0,0,0,0,0,0,0,-192000,0,0,0,50000,242000,-192000,-192000
08491P,全新元大9C售01  ,0,0,0,0,0,0,0,0,0,-192000,0,0,0,0,192000,-192000,-192000
07558P,玉晶光元大9A售10,0,0,0,0,0,0,0,0,0,-192000,0,0,0,40000,232000,-192000,-192000
064524,GIS群益02購01   ,0,0,0,0,0,0,0,0,0,-192000,0,0,0,22000,214000,-192000,-192000
063409,GIS國票9C購02   ,0,0,0,0,0,0,0,0,0,-193000,0,0,0,10000,203000,-193000,-193000
064012,泰碩國票01購02  ,0,0,0,0,0,0,0,0,0,-193000,0,0,0,143000,336000,-193000,-193000
08129P,聯發科元大9B售23,0,0,0,0,0,0,0,0,0,-194000,0,0,0,0,194000,-194000,-194000
08606P,聯發科國票9C售05,0,0,0,0,0,0,0,0,0,-194000,0,0,0,76000,270000,-194000,-194000
08616P,聯發科元富9C售02,0,0,0,0,0,0,0,0,0,-195000,0,0,0,29000,224000,-195000,-195000
066469,申豐統一02購02  ,0,0,0,0,0,0,0,0,0,-195000,0,0,0,293000,488000,-195000,-195000
059262,致茂中信01購01  ,0,0,0,0,0,0,0,0,0,-195000,0,0,0,11000,206000,-195000,-195000
065510,鴻海群益01購04  ,0,0,0,0,0,0,0,0,0,-195000,0,0,0,0,195000,-195000,-195000
08571P,台積電兆豐9C售06,0,0,0,0,0,0,0,0,0,-196000,0,0,0,2000,198000,-196000,-196000
055261,帆宣統一98購01  ,0,0,0,0,0,0,0,0,0,-196000,0,0,0,13000,209000,-196000,-196000
2062,橋椿            ,116000,312000,-196000,0,0,0,0,0,0,0,0,0,0,0,0,0,-196000
07466P,亞德客元大9A售02,0,0,0,0,0,0,0,0,0,-197000,0,0,0,43000,240000,-197000,-197000
053798,台積電中信98購02,0,0,0,0,0,0,0,0,0,-197000,0,0,0,167000,364000,-197000,-197000
054418,茂林元大97購01  ,0,0,0,0,0,0,0,0,0,-197000,0,0,0,1000,198000,-197000,-197000
063031,鴻海凱基9C購01  ,0,0,0,0,0,0,0,0,0,-197000,0,0,0,48000,245000,-197000,-197000
063116,大立光麥證9C購01,0,0,0,24000,221000,-197000,0,0,0,-197000,0,0,0,24000,221000,-197000,-197000
060922,金像電永豐9A購01,0,0,0,0,0,0,0,0,0,-197000,0,0,0,221000,418000,-197000,-197000
063669,宏達電統一9C購01,0,0,0,0,0,0,0,0,0,-197000,0,0,0,0,197000,-197000,-197000
08410P,臺股指元大9C售16,0,0,0,0,0,0,0,0,0,-198000,0,0,0,20000,218000,-198000,-198000
060735,鴻海統一9C購03  ,0,0,0,0,0,0,0,0,0,-198000,0,0,0,0,198000,-198000,-198000
065509,上銀群益9C購04  ,0,0,0,0,0,0,0,0,0,-198000,0,0,0,30000,228000,-198000,-198000
2355,敬鵬            ,186000,346000,-160000,0,0,0,0,0,0,-38000,8000,55000,-47000,9000,0,9000,-198000
061361,世紀鋼兆豐9A購01,0,0,0,0,0,0,0,0,0,-199000,0,0,0,217000,416000,-199000,-199000
06138P,台積電中信99售01,0,0,0,0,0,0,0,0,0,-199000,0,0,0,0,199000,-199000,-199000
065260,金像電元大9C購07,0,0,0,0,0,0,0,0,0,-199000,0,0,0,142000,341000,-199000,-199000
08469P,富邦金凱基9C售01,0,0,0,0,0,0,0,0,0,-200000,0,0,0,0,200000,-200000,-200000
08143P,聯發科凱基9C售05,0,0,0,0,0,0,0,0,0,-200000,0,0,0,0,200000,-200000,-200000
08197P,聯發科元大9B售24,0,0,0,0,0,0,0,0,0,-200000,0,0,0,0,200000,-200000,-200000
08242P,聯發科凱基9C售06,0,0,0,0,0,0,0,0,0,-200000,0,0,0,0,200000,-200000,-200000
07560P,台積電國泰9B售01,0,0,0,0,0,0,0,0,0,-200000,0,0,0,0,200000,-200000,-200000
08127P,聯發科元大9B售21,0,0,0,0,0,0,0,0,0,-200000,0,0,0,0,200000,-200000,-200000
066110,大成鋼兆豐01購01,0,0,0,0,0,0,0,0,0,-200000,0,0,0,0,200000,-200000,-200000
066847,群創元大01購03  ,0,0,0,0,0,0,0,0,0,-200000,0,0,0,100000,300000,-200000,-200000
066660,群光凱基01購01  ,0,0,0,0,0,0,0,0,0,-200000,0,0,0,78000,278000,-200000,-200000
067111,聯詠群益01購03  ,0,0,0,0,0,0,0,0,0,-200000,0,0,0,0,200000,-200000,-200000
067135,聯詠永豐01購02  ,0,0,0,0,0,0,0,0,0,-200000,0,0,0,0,200000,-200000,-200000
054563,泰碩群益99購01  ,0,0,0,0,0,0,0,0,0,-200000,0,0,0,0,200000,-200000,-200000
062324,上銀統一9B購04  ,0,0,0,0,0,0,0,0,0,-200000,0,0,0,0,200000,-200000,-200000
059564,鴻海凱基9A購15  ,0,0,0,0,0,0,0,0,0,-200000,0,0,0,0,200000,-200000,-200000
064942,道瓊反凱基02購01,0,0,0,0,0,0,0,0,0,-200000,0,0,0,0,200000,-200000,-200000
065613,GIS元大9C購08   ,0,0,0,0,0,0,0,0,0,-200000,0,0,0,253000,453000,-200000,-200000
064430,鴻海凱基03購04  ,0,0,0,0,0,0,0,0,0,-200000,0,0,0,32000,232000,-200000,-200000
2637,慧洋-KY         ,76000,274000,-198000,0,0,0,0,2000,-2000,0,0,0,0,0,0,0,-200000
066167,強茂凱基01購01  ,0,0,0,0,0,0,0,0,0,-201000,0,0,0,10000,211000,-201000,-201000
066061,超眾元大01購04  ,0,0,0,0,0,0,0,0,0,-201000,0,0,0,197000,398000,-201000,-201000
066468,申豐統一02購01  ,0,0,0,0,0,0,0,0,0,-201000,0,0,0,148000,349000,-201000,-201000
057789,上銀統一9A購01  ,0,0,0,0,0,0,0,0,0,-201000,0,0,0,77000,278000,-201000,-201000
059559,T50反1凱基99購07,0,0,0,0,0,0,0,0,0,-201000,0,0,0,0,201000,-201000,-201000
059829,超眾凱基99購05  ,0,0,0,0,0,0,0,0,0,-201000,0,0,0,3000,204000,-201000,-201000
061633,統一元大9A購01  ,0,0,0,0,0,0,0,0,0,-201000,0,0,0,5000,206000,-201000,-201000
060157,致茂永豐9A購02  ,0,0,0,0,0,0,0,0,0,-201000,0,0,0,31000,232000,-201000,-201000
063794,亞德客凱基9C購01,0,0,0,0,0,0,0,0,0,-201000,0,0,0,5000,206000,-201000,-201000
065566,裕隆群益9C購02  ,0,0,0,0,0,0,0,0,0,-201000,0,0,0,0,201000,-201000,-201000
2104,國際中橡        ,302000,494000,-192000,0,0,0,0,0,0,-9000,0,0,0,0,9000,-9000,-201000
065961,東元元大04購01  ,0,0,0,0,0,0,0,0,0,-202000,0,0,0,238000,440000,-202000,-202000
08111P,臺股指中信01售06,0,0,0,0,0,0,0,0,0,-202000,0,0,0,28000,230000,-202000,-202000
063301,鴻海凱基9B購08  ,0,0,0,0,0,0,0,0,0,-202000,0,0,0,32000,234000,-202000,-202000
062171,中磊永豐9B購01  ,0,0,0,0,0,0,0,0,0,-202000,0,0,0,26000,228000,-202000,-202000
065849,景碩元大9C購03  ,0,0,0,0,0,0,0,0,0,-202000,0,0,0,56000,258000,-202000,-202000
063831,帆宣國票01購01  ,0,0,0,0,0,0,0,0,0,-202000,0,0,0,30000,232000,-202000,-202000
064443,同欣電凱基03購01,0,0,0,0,0,0,0,0,0,-202000,0,0,0,0,202000,-202000,-202000
064433,金像電凱基02購01,0,0,0,0,0,0,0,0,0,-202000,0,0,0,90000,292000,-202000,-202000
2406,國碩            ,593000,774000,-181000,0,0,0,0,0,0,-21000,0,21000,-21000,0,0,0,-202000
08426P,奇力新國票01售01,0,0,0,0,0,0,0,0,0,-203000,0,0,0,38000,241000,-203000,-203000
058272,超眾永豐9A購01  ,0,0,0,0,0,0,0,0,0,-203000,0,0,0,28000,231000,-203000,-203000
055032,億光富邦99購01  ,0,0,0,0,0,0,0,0,0,-203000,0,0,0,10000,213000,-203000,-203000
063992,大立光中信9C購03,0,0,0,0,0,0,0,0,0,-203000,0,0,0,50000,253000,-203000,-203000
2369,菱生            ,1273000,1477000,-204000,0,0,0,0,0,0,1000,1000,0,1000,0,0,0,-203000
065970,燿華元大02購01  ,0,0,0,0,0,0,0,0,0,-204000,0,0,0,116000,320000,-204000,-204000
066237,京鼎富邦04購01  ,0,0,0,0,0,0,0,0,0,-204000,0,0,0,109000,313000,-204000,-204000
06334P,臺股指群益9C售03,0,0,0,0,0,0,0,0,0,-204000,0,0,0,215000,419000,-204000,-204000
060710,上銀永豐9A購01  ,0,0,0,0,0,0,0,0,0,-204000,0,0,0,10000,214000,-204000,-204000
065743,宏達電麥證9C購02,0,0,0,1000,205000,-204000,0,0,0,-204000,0,0,0,1000,205000,-204000,-204000
4106,雃博            ,248000,452000,-204000,0,0,0,0,0,0,0,0,0,0,0,0,0,-204000
066135,潤泰全群益02購01,0,0,0,0,0,0,0,0,0,-205000,0,0,0,86000,291000,-205000,-205000
066593,奇鋐群益01購01  ,0,0,0,0,0,0,0,0,0,-205000,0,0,0,87000,292000,-205000,-205000
08427P,義隆國票9C售01  ,0,0,0,0,0,0,0,0,0,-205000,0,0,0,212000,417000,-205000,-205000
061256,亞德客凱基9B購01,0,0,0,0,0,0,0,0,0,-205000,0,0,0,7000,212000,-205000,-205000
057388,奇鋐永豐98購02  ,0,0,0,0,0,0,0,0,0,-205000,0,0,0,0,205000,-205000,-205000
060422,台勝科永豐9A購01,0,0,0,0,0,0,0,0,0,-205000,0,0,0,0,205000,-205000,-205000
065472,華新元大01購01  ,0,0,0,0,0,0,0,0,0,-205000,0,0,0,572000,777000,-205000,-205000
066225,松翰國泰03購01  ,0,0,0,0,0,0,0,0,0,-206000,0,0,0,0,206000,-206000,-206000
066529,巨大統一03購01  ,0,0,0,0,0,0,0,0,0,-206000,0,0,0,73000,279000,-206000,-206000
05887P,友達元富99售03  ,0,0,0,0,0,0,0,0,0,-206000,0,0,0,13000,219000,-206000,-206000
059832,超眾康和99購01  ,0,0,0,0,0,0,0,0,0,-206000,0,0,0,0,206000,-206000,-206000
064751,亞德客凱基9C購02,0,0,0,0,0,0,0,0,0,-206000,0,0,0,14000,220000,-206000,-206000
066317,英利永豐01購01  ,0,0,0,0,0,0,0,0,0,-207000,0,0,0,0,207000,-207000,-207000
054778,世紀鋼國票99購01,0,0,0,0,0,0,0,0,0,-207000,0,0,0,57000,264000,-207000,-207000
058472,亞德客凱基9A購01,0,0,0,0,0,0,0,0,0,-207000,0,0,0,131000,338000,-207000,-207000
061942,亞德客群益9B購01,0,0,0,0,0,0,0,0,0,-207000,0,0,0,12000,219000,-207000,-207000
062268,力山群益9B購01  ,0,0,0,0,0,0,0,0,0,-207000,0,0,0,50000,257000,-207000,-207000
064984,同欣電元大9C購06,0,0,0,0,0,0,0,0,0,-207000,0,0,0,85000,292000,-207000,-207000
065470,聚陽元大01購01  ,0,0,0,0,0,0,0,0,0,-207000,0,0,0,58000,265000,-207000,-207000
063939,上銀元大9C購04  ,0,0,0,0,0,0,0,0,0,-207000,0,0,0,0,207000,-207000,-207000
064470,世紀鋼元富03購01,0,0,0,0,0,0,0,0,0,-207000,0,0,0,240000,447000,-207000,-207000
064677,金像電兆豐9C購01,0,0,0,0,0,0,0,0,0,-207000,0,0,0,13000,220000,-207000,-207000
065986,金像電永豐01購03,0,0,0,0,0,0,0,0,0,-208000,0,0,0,0,208000,-208000,-208000
064494,南亞科元大9C購02,0,0,0,0,0,0,0,0,0,-208000,0,0,0,60000,268000,-208000,-208000
066160,美利達康和01購01,0,0,0,0,0,0,0,0,0,-209000,0,0,0,146000,355000,-209000,-209000
061121,智邦永豐9A購02  ,0,0,0,0,0,0,0,0,0,-209000,0,0,0,158000,367000,-209000,-209000
061918,上銀凱基9B購02  ,0,0,0,0,0,0,0,0,0,-209000,0,0,0,3000,212000,-209000,-209000
062398,建準永豐9B購01  ,0,0,0,0,0,0,0,0,0,-209000,0,0,0,165000,374000,-209000,-209000
064513,T50反1群益9C購01,0,0,0,0,0,0,0,0,0,-209000,0,0,0,0,209000,-209000,-209000
064881,聯茂兆豐01購02  ,0,0,0,0,0,0,0,0,0,-209000,0,0,0,554000,763000,-209000,-209000
065251,宏達電國泰02購01,0,0,0,0,0,0,0,0,0,-209000,0,0,0,26000,235000,-209000,-209000
1440,南紡            ,1163000,1382000,-219000,0,0,0,0,0,0,10000,10000,0,10000,0,0,0,-209000
08234P,華擎元富9B售03  ,0,0,0,0,0,0,0,0,0,-210000,0,0,0,20000,230000,-210000,-210000
08574P,聯發科凱基02售04,0,0,0,0,0,0,0,0,0,-210000,0,0,0,30000,240000,-210000,-210000
07683P,宏達電凱基9A售03,0,0,0,0,0,0,0,0,0,-210000,0,0,0,0,210000,-210000,-210000
07408P,台積電兆豐99售06,0,0,0,0,0,0,0,0,0,-210000,0,0,0,499000,709000,-210000,-210000
061212,聯鈞元大9A購04  ,0,0,0,0,0,0,0,0,0,-210000,0,0,0,64000,274000,-210000,-210000
062295,康友永豐9B購01  ,0,0,0,0,0,0,0,0,0,-210000,0,0,0,0,210000,-210000,-210000
060915,旭富元大9A購01  ,0,0,0,0,0,0,0,0,0,-210000,0,0,0,74000,284000,-210000,-210000
065741,聯發科麥證9C購06,0,0,0,0,210000,-210000,0,0,0,-210000,0,0,0,0,210000,-210000,-210000
063367,GIS富邦9B購01   ,0,0,0,0,0,0,0,0,0,-210000,0,0,0,0,210000,-210000,-210000
07910P,台積電統一9C售07,0,0,0,0,0,0,0,0,0,-211000,0,0,0,20000,231000,-211000,-211000
6176,瑞儀            ,1942000,1524000,418000,0,0,0,0,0,0,-629000,152000,739000,-587000,9000,51000,-42000,-211000
08455P,台積電凱基9C售05,0,0,0,0,0,0,0,0,0,-212000,0,0,0,1096000,1308000,-212000,-212000
061198,世紀鋼永豐9A購03,0,0,0,0,0,0,0,0,0,-212000,0,0,0,66000,278000,-212000,-212000
065547,同欣電兆豐01購01,0,0,0,0,0,0,0,0,0,-212000,0,0,0,77000,289000,-212000,-212000
065658,聯發科富邦03購03,0,0,0,0,0,0,0,0,0,-212000,0,0,0,185000,397000,-212000,-212000
064916,玉山金統一02購01,0,0,0,0,0,0,0,0,0,-212000,0,0,0,125000,337000,-212000,-212000
066754,南電國泰02購01  ,0,0,0,0,0,0,0,0,0,-213000,0,0,0,154000,367000,-213000,-213000
065237,茂林凱基01購01  ,0,0,0,0,0,0,0,0,0,-213000,0,0,0,50000,263000,-213000,-213000
065038,上銀凱基9C購02  ,0,0,0,0,0,0,0,0,0,-213000,0,0,0,90000,303000,-213000,-213000
063987,台灣50永豐9C購01,0,0,0,0,0,0,0,0,0,-213000,0,0,0,0,213000,-213000,-213000
4919,新唐            ,225000,422000,-197000,0,0,0,0,0,0,-16000,7000,1000,6000,6000,28000,-22000,-213000
065265,景碩元大9C購02  ,0,0,0,0,0,0,0,0,0,-214000,0,0,0,94000,308000,-214000,-214000
065317,上銀凱基9C購03  ,0,0,0,0,0,0,0,0,0,-214000,0,0,0,20000,234000,-214000,-214000
065581,寶成群益9C購01  ,0,0,0,0,0,0,0,0,0,-214000,0,0,0,86000,300000,-214000,-214000
067257,帆宣國票02購01  ,0,0,0,0,0,0,0,0,0,-215000,0,0,0,0,215000,-215000,-215000
066156,建準康和01購01  ,0,0,0,0,0,0,0,0,0,-215000,0,0,0,115000,330000,-215000,-215000
08308P,聯發科凱基01售03,0,0,0,0,0,0,0,0,0,-215000,0,0,0,0,215000,-215000,-215000
08778P,台積電群益01售09,0,0,0,0,0,0,0,0,0,-215000,0,0,0,1084000,1299000,-215000,-215000
064119,上銀元大9C購06  ,0,0,0,0,0,0,0,0,0,-215000,0,0,0,25000,240000,-215000,-215000
3376,新日興          ,243000,289000,-46000,0,0,0,50000,61000,-11000,-158000,83000,189000,-106000,3000,55000,-52000,-215000
08200P,祥碩元大9B售08  ,0,0,0,0,0,0,0,0,0,-216000,0,0,0,3000,219000,-216000,-216000
062638,茂林國票9C購01  ,0,0,0,0,0,0,0,0,0,-216000,0,0,0,133000,349000,-216000,-216000
065587,亞德客永豐9C購02,0,0,0,0,0,0,0,0,0,-216000,0,0,0,43000,259000,-216000,-216000
066301,大成永豐01購01  ,1000,0,1000,0,0,0,0,0,0,-219000,0,0,0,276000,495000,-219000,-218000
05830P,滬深2X元富99售03,0,0,0,0,0,0,0,0,0,-218000,0,0,0,1585000,1803000,-218000,-218000
053381,友達元大9A購02  ,0,0,0,0,0,0,0,0,0,-218000,0,0,0,40000,258000,-218000,-218000
063034,致茂凱基9B購01  ,0,0,0,0,0,0,0,0,0,-218000,0,0,0,5000,223000,-218000,-218000
060246,晶相光元大9C購03,0,0,0,0,0,0,0,0,0,-218000,0,0,0,5000,223000,-218000,-218000
063695,上銀第一9B購01  ,0,0,0,0,0,0,0,0,0,-218000,0,0,0,0,218000,-218000,-218000
066218,美利達統一03購02,0,0,0,0,0,0,0,0,0,-219000,0,0,0,278000,497000,-219000,-219000
062263,康控元大9B購03  ,0,0,0,0,0,0,0,0,0,-219000,0,0,0,16000,235000,-219000,-219000
063610,儒鴻群益9B購02  ,0,0,0,0,0,0,0,0,0,-219000,0,0,0,30000,249000,-219000,-219000
6224,聚鼎            ,114000,316000,-202000,0,0,0,0,0,0,-17000,50000,67000,-17000,0,0,0,-219000
8249,菱光            ,6000,227000,-221000,0,0,0,0,0,0,2000,2000,0,2000,0,0,0,-219000
066206,聯鈞統一01購01  ,0,0,0,0,0,0,0,0,0,-220000,0,0,0,0,220000,-220000,-220000
066521,A50反1中信03購01,0,0,0,0,0,0,0,0,0,-220000,0,0,0,20000,240000,-220000,-220000
08364P,聯發科凱基02售02,0,0,0,0,0,0,0,0,0,-220000,0,0,0,0,220000,-220000,-220000
08600P,臺股指元大9C售32,0,0,0,0,0,0,0,0,0,-220000,0,0,0,60000,280000,-220000,-220000
07590P,玉晶光國票9A售03,0,0,0,0,0,0,0,0,0,-220000,0,0,0,0,220000,-220000,-220000
07305P,T50正2群益99售02,0,0,0,0,0,0,0,0,0,-220000,0,0,0,0,220000,-220000,-220000
062323,上銀統一9B購03  ,0,0,0,0,0,0,0,0,0,-220000,0,0,0,20000,240000,-220000,-220000
063151,奇鋐元富9B購01  ,0,0,0,0,0,0,0,0,0,-220000,0,0,0,63000,283000,-220000,-220000
063422,奇鋐凱基9B購04  ,0,0,0,0,0,0,0,0,0,-220000,0,0,0,128000,348000,-220000,-220000
00648R,元大S&P500反1   ,37000,37000,0,0,0,0,0,0,0,-221000,0,0,0,594000,815000,-221000,-221000
061891,力山永豐9B購01  ,0,0,0,0,0,0,0,0,0,-221000,0,0,0,0,221000,-221000,-221000
061129,文曄永豐9A購01  ,0,0,0,0,0,0,0,0,0,-221000,0,0,0,10000,231000,-221000,-221000
063807,超眾兆豐01購01  ,0,0,0,0,0,0,0,0,0,-221000,0,0,0,5000,226000,-221000,-221000
065060,上銀群益9C購02  ,0,0,0,0,0,0,0,0,0,-221000,0,0,0,20000,241000,-221000,-221000
2328,廣宇            ,252000,465000,-213000,0,0,0,0,0,0,-8000,0,8000,-8000,0,0,0,-221000
063076,柏文永豐9B購02  ,0,0,0,0,0,0,0,0,0,-222000,0,0,0,0,222000,-222000,-222000
08000P,奇鋐凱基9B售03  ,0,0,0,0,0,0,0,0,0,-223000,0,0,0,52000,275000,-223000,-223000
054058,晶豪科國票98購01,0,0,0,0,0,0,0,0,0,-223000,0,0,0,87000,310000,-223000,-223000
057176,全新元大99購02  ,0,0,0,0,0,0,0,0,0,-223000,0,0,0,108000,331000,-223000,-223000
060121,新光金富邦99購01,0,0,0,0,0,0,0,0,0,-223000,0,0,0,267000,490000,-223000,-223000
062463,世紀鋼麥證9B購01,0,0,0,45000,268000,-223000,0,0,0,-223000,0,0,0,45000,268000,-223000,-223000
063449,全新統一9B購02  ,0,0,0,0,0,0,0,0,0,-223000,0,0,0,73000,296000,-223000,-223000
063672,GIS統一9C購01   ,0,0,0,0,0,0,0,0,0,-223000,0,0,0,45000,268000,-223000,-223000
08859P,奇鋐國票03售01  ,0,0,0,0,0,0,0,0,0,-223000,0,0,0,0,223000,-223000,-223000
066345,正文永豐01購01  ,0,0,0,0,0,0,0,0,0,-224000,0,0,0,3000,227000,-224000,-224000
064805,金像電元大9C購04,0,0,0,0,0,0,0,0,0,-224000,0,0,0,71000,295000,-224000,-224000
2547,日勝生          ,136000,360000,-224000,0,0,0,0,0,0,0,0,0,0,0,0,0,-224000
066794,鴻海凱基01購07  ,0,0,0,0,0,0,0,0,0,-225000,0,0,0,51000,276000,-225000,-225000
07352P,台積電國票99售11,0,0,0,0,0,0,0,0,0,-225000,0,0,0,0,225000,-225000,-225000
052203,T50反1中信99購03,0,0,0,0,0,0,0,0,0,-225000,0,0,0,13000,238000,-225000,-225000
065239,超眾凱基02購02  ,0,0,0,0,0,0,0,0,0,-225000,0,0,0,57000,282000,-225000,-225000
065583,超眾國泰02購01  ,0,0,0,0,0,0,0,0,0,-225000,0,0,0,120000,345000,-225000,-225000
065767,T50反1國票03購01,0,0,0,0,0,0,0,0,0,-226000,0,0,0,0,226000,-226000,-226000
063915,祥碩凱基01購01  ,0,0,0,0,0,0,0,0,0,-226000,0,0,0,41000,267000,-226000,-226000
064342,晶技元大9C購01  ,0,0,0,0,0,0,0,0,0,-226000,0,0,0,378000,604000,-226000,-226000
07864P,可成元大9B售01  ,0,0,0,0,0,0,0,0,0,-227000,0,0,0,0,227000,-227000,-227000
066735,智原元大01購03  ,0,0,0,0,0,0,0,0,0,-227000,0,0,0,53000,280000,-227000,-227000
3563,牧德            ,115000,259000,-144000,0,0,0,0,71000,-71000,-12000,1000,7000,-6000,14000,20000,-6000,-227000
053449,超眾凱基98購01  ,0,0,0,0,0,0,0,0,0,-228000,0,0,0,123000,351000,-228000,-228000
05995P,T50正2中信9C售01,0,0,0,0,0,0,0,0,0,-228000,0,0,0,227000,455000,-228000,-228000
064262,玉晶光永豐9C購03,0,0,0,0,0,0,0,0,0,-228000,0,0,0,133000,361000,-228000,-228000
064582,裕隆永豐9C購02  ,0,0,0,0,0,0,0,0,0,-228000,0,0,0,348000,576000,-228000,-228000
063602,金像電凱基9B購04,0,0,0,0,0,0,0,0,0,-228000,0,0,0,24000,252000,-228000,-228000
07709P,創意元大9A售01  ,0,0,0,0,0,0,0,0,0,-229000,0,0,0,375000,604000,-229000,-229000
061003,南亞科兆豐9A購01,0,0,0,0,0,0,0,0,0,-229000,0,0,0,294000,523000,-229000,-229000
064338,美食元大9C購01  ,0,0,0,0,0,0,0,0,0,-229000,0,0,0,10000,239000,-229000,-229000
07133P,臺股指元大9A售27,0,0,0,0,0,0,0,0,0,-230000,0,0,0,80000,310000,-230000,-230000
066070,金像電凱基01購03,0,0,0,0,0,0,0,0,0,-230000,0,0,0,84000,314000,-230000,-230000
059042,世紀鋼群益99購02,0,0,0,0,0,0,0,0,0,-230000,0,0,0,0,230000,-230000,-230000
08817P,致新元富01售02  ,0,0,0,0,0,0,0,0,0,-231000,0,0,0,0,231000,-231000,-231000
062235,億光凱基9B購01  ,0,0,0,0,0,0,0,0,0,-231000,0,0,0,38000,269000,-231000,-231000
1417,嘉裕            ,48000,279000,-231000,0,0,0,0,0,0,0,0,0,0,0,0,0,-231000
067098,台積電群益01購10,30000,0,30000,0,0,0,0,0,0,-262000,0,0,0,68000,330000,-262000,-232000
057407,超眾群益99購01  ,0,0,0,0,0,0,0,0,0,-232000,0,0,0,0,232000,-232000,-232000
062177,上銀元大9B購02  ,0,0,0,0,0,0,0,0,0,-232000,0,0,0,12000,244000,-232000,-232000
064837,TPK統一9C購02   ,0,0,0,0,0,0,0,0,0,-232000,0,0,0,45000,277000,-232000,-232000
057357,超眾統一98購01  ,0,0,0,0,0,0,0,0,0,-233000,0,0,0,53000,286000,-233000,-233000
061901,柏文永豐9B購01  ,0,0,0,0,0,0,0,0,0,-233000,0,0,0,5000,238000,-233000,-233000
061742,奇鋐凱基9B購01  ,0,0,0,0,0,0,0,0,0,-233000,0,0,0,66000,299000,-233000,-233000
056943,華通統一99購01  ,0,0,0,0,0,0,0,0,0,-234000,0,0,0,172000,406000,-234000,-234000
064370,聯茂統一02購01  ,0,0,0,0,0,0,0,0,0,-234000,0,0,0,212000,446000,-234000,-234000
064651,GIS凱基9C購02   ,0,0,0,0,0,0,0,0,0,-234000,0,0,0,17000,251000,-234000,-234000
08211P,台表科元富9B售03,0,0,0,0,0,0,0,0,0,-235000,0,0,0,16000,251000,-235000,-235000
062194,遠東新中信9C購01,0,0,0,0,0,0,0,0,0,-235000,0,0,0,14000,249000,-235000,-235000
065675,茂林凱基03購01  ,0,0,0,0,0,0,0,0,0,-235000,0,0,0,12000,247000,-235000,-235000
6669,緯穎            ,296000,385216,-89216,0,0,0,0,130000,-130000,-16000,3000,6000,-3000,11000,24000,-13000,-235216
066131,群光群益02購01  ,0,0,0,0,0,0,0,0,0,-237000,0,0,0,195000,432000,-237000,-237000
061645,超眾元大9A購06  ,0,0,0,0,0,0,0,0,0,-237000,0,0,0,240000,477000,-237000,-237000
060990,新光金元大9B購03,0,0,0,0,0,0,0,0,0,-237000,0,0,0,191000,428000,-237000,-237000
060813,高鐵凱基9A購01  ,0,0,0,0,0,0,0,0,0,-237000,0,0,0,39000,276000,-237000,-237000
064970,東元元大9C購01  ,0,0,0,0,0,0,0,0,0,-237000,0,0,0,144000,381000,-237000,-237000
063928,可成統一01購02  ,0,0,0,0,0,0,0,0,0,-237000,0,0,0,36000,273000,-237000,-237000
03687C,臺股指凱基9C牛22,0,0,0,0,0,0,0,0,0,-238000,0,0,0,120000,358000,-238000,-238000
055034,建準富邦99購01  ,0,0,0,0,0,0,0,0,0,-238000,0,0,0,0,238000,-238000,-238000
063426,茂林凱基9B購03  ,0,0,0,0,0,0,0,0,0,-238000,0,0,0,50000,288000,-238000,-238000
064290,GIS元大9C購04   ,0,0,0,0,0,0,0,0,0,-238000,0,0,0,50000,288000,-238000,-238000
061357,寶成元大9A購01  ,0,0,0,0,0,0,0,0,0,-239000,0,0,0,2000,241000,-239000,-239000
062060,奇鋐統一9C購01  ,0,0,0,0,0,0,0,0,0,-239000,0,0,0,718000,957000,-239000,-239000
059862,全新群益99購04  ,0,0,0,0,0,0,0,0,0,-239000,0,0,0,9000,248000,-239000,-239000
064233,燿華統一9C購02  ,0,0,0,0,0,0,0,0,0,-239000,0,0,0,82000,321000,-239000,-239000
065787,奇鋐永豐9C購01  ,0,0,0,0,0,0,0,0,0,-239000,0,0,0,5000,244000,-239000,-239000
08861P,台積電統一01售10,0,0,0,0,0,0,0,0,0,-239000,0,0,0,1000000,1239000,-239000,-239000
3056,總太            ,428000,774000,-346000,0,0,0,0,0,0,107000,8000,0,8000,136000,37000,99000,-239000
066093,世紀鋼永豐01購01,0,0,0,0,0,0,0,0,0,-240000,0,0,0,153000,393000,-240000,-240000
061270,彩晶凱基9A購02  ,0,0,0,0,0,0,0,0,0,-240000,0,0,0,50000,290000,-240000,-240000
057883,中環群益98購01  ,0,0,0,0,0,0,0,0,0,-240000,0,0,0,0,240000,-240000,-240000
2939,凱羿-KY         ,96000,336000,-240000,0,0,0,0,0,0,0,0,0,0,0,0,0,-240000
066249,生達元大01購01  ,0,0,0,0,0,0,0,0,0,-241000,0,0,0,101000,342000,-241000,-241000
062381,上銀國泰9C購01  ,0,0,0,0,0,0,0,0,0,-241000,0,0,0,5000,246000,-241000,-241000
2013,中鋼構          ,218000,459000,-241000,0,0,0,0,0,0,0,0,0,0,0,0,0,-241000
066264,金像電元大01購01,0,0,0,0,0,0,0,0,0,-242000,0,0,0,181000,423000,-242000,-242000
08790P,聯發科元富01售01,0,0,0,0,0,0,0,0,0,-242000,0,0,0,5000,247000,-242000,-242000
054826,復盛元大9A購01  ,0,0,0,0,0,0,0,0,0,-242000,0,0,0,0,242000,-242000,-242000
063707,儒鴻凱基9C購01  ,0,0,0,0,0,0,0,0,0,-242000,0,0,0,65000,307000,-242000,-242000
064237,奇鋐統一01購01  ,0,0,0,0,0,0,0,0,0,-243000,0,0,0,491000,734000,-243000,-243000
065911,超眾永豐9C購01  ,0,0,0,0,0,0,0,0,0,-243000,0,0,0,37000,280000,-243000,-243000
064780,義隆群益9C購04  ,0,0,0,0,0,0,0,0,0,-243000,0,0,0,0,243000,-243000,-243000
8112,至上            ,380000,638000,-258000,0,0,0,0,0,0,15000,15000,0,15000,0,0,0,-243000
4551,智伸科          ,44000,211000,-167000,0,0,0,0,65000,-65000,-11000,0,1000,-1000,6000,16000,-10000,-243000
056716,康舒永豐98購01  ,0,0,0,0,0,0,0,0,0,-244000,0,0,0,105000,349000,-244000,-244000
00656R,國泰中國A50反1  ,0,0,0,0,0,0,0,0,0,-244000,0,0,0,171000,415000,-244000,-244000
065559,超眾凱基9C購03  ,0,0,0,0,0,0,0,0,0,-244000,0,0,0,30000,274000,-244000,-244000
052344,台表科凱基98購01,0,0,0,0,0,0,0,0,0,-245000,0,0,0,9000,254000,-245000,-245000
05953P,台積電國票98售02,0,0,0,0,0,0,0,0,0,-245000,0,0,0,160000,405000,-245000,-245000
064240,群創統一02購02  ,0,0,0,0,0,0,0,0,0,-245000,0,0,0,217000,462000,-245000,-245000
063723,儒鴻元大9B購04  ,0,0,0,0,0,0,0,0,0,-245000,0,0,0,12000,257000,-245000,-245000
061391,晶技群益9A購02  ,0,0,0,0,0,0,0,0,0,-246000,0,0,0,205000,451000,-246000,-246000
064391,亞德客永豐9C購01,0,0,0,0,0,0,0,0,0,-246000,0,0,0,13000,259000,-246000,-246000
065922,鴻海麥證01購01  ,0,0,0,5000,252000,-247000,0,0,0,-246000,0,0,0,11000,257000,-246000,-246000
08473P,康控凱基9C售01  ,0,0,0,0,0,0,0,0,0,-247000,0,0,0,10000,257000,-247000,-247000
059097,世紀鋼元大99購05,0,0,0,0,0,0,0,0,0,-247000,0,0,0,55000,302000,-247000,-247000
064838,旭富統一01購01  ,0,0,0,0,0,0,0,0,0,-247000,0,0,0,0,247000,-247000,-247000
063900,GIS群益9C購03   ,0,0,0,0,0,0,0,0,0,-247000,0,0,0,43000,290000,-247000,-247000
1338,廣華-KY         ,190000,437000,-247000,0,0,0,0,0,0,0,0,0,0,0,0,0,-247000
07287P,全新群益9B售01  ,0,0,0,0,0,0,0,0,0,-248000,0,0,0,1000,249000,-248000,-248000
058536,群創統一9B購01  ,0,0,0,0,0,0,0,0,0,-248000,0,0,0,71000,319000,-248000,-248000
058026,上銀富邦9A購01  ,0,0,0,0,0,0,0,0,0,-248000,0,0,0,10000,258000,-248000,-248000
064553,臺指反群益9C購01,0,0,0,0,0,0,0,0,0,-248000,0,0,0,501000,749000,-248000,-248000
064853,亞德客麥證9C購01,0,0,0,30000,278000,-248000,0,0,0,-248000,0,0,0,30000,278000,-248000,-248000
07588P,滬深2X國票9C售01,0,0,0,0,0,0,0,0,0,-249000,0,0,0,0,249000,-249000,-249000
058184,鴻海永豐99購01  ,0,0,0,0,0,0,0,0,0,-249000,0,0,0,18000,267000,-249000,-249000
061795,智邦永豐9B購01  ,0,0,0,0,0,0,0,0,0,-249000,0,0,0,27000,276000,-249000,-249000
062167,燿華永豐9B購01  ,0,0,0,0,0,0,0,0,0,-249000,0,0,0,0,249000,-249000,-249000
064733,南六統一9C購03  ,0,0,0,0,0,0,0,0,0,-249000,0,0,0,117000,366000,-249000,-249000
063724,亞德客元大9B購03,0,0,0,0,0,0,0,0,0,-249000,0,0,0,291000,540000,-249000,-249000
6235,華孚            ,907000,1156000,-249000,0,0,0,0,0,0,0,0,0,0,0,0,0,-249000
066751,矽創元大01購03  ,0,0,0,0,0,0,0,0,0,-250000,0,0,0,45000,295000,-250000,-250000
057818,泰碩元大9A購01  ,0,0,0,0,0,0,0,0,0,-250000,0,0,0,375000,625000,-250000,-250000
2887F,台新戊特二      ,0,0,0,0,0,0,0,0,0,-250000,0,250000,-250000,0,0,0,-250000
2377,微星            ,2440942,2132000,308942,0,0,0,250000,202000,48000,-607000,142000,283000,-141000,22000,488000,-466000,-250058
057684,聯茂日盛99購01  ,0,0,0,0,0,0,0,0,0,-251000,0,0,0,77000,328000,-251000,-251000
057563,旭富國泰9A購01  ,0,0,0,0,0,0,0,0,0,-251000,0,0,0,100000,351000,-251000,-251000
061477,晶豪科元大9A購01,0,0,0,0,0,0,0,0,0,-251000,0,0,0,40000,291000,-251000,-251000
064613,聯電元大9C購05  ,0,0,0,0,0,0,0,0,0,-251000,0,0,0,188000,439000,-251000,-251000
062886,中興電群益9B購01,0,0,0,0,0,0,0,0,0,-252000,0,0,0,104000,356000,-252000,-252000
063419,聯發科凱基03購01,0,0,0,0,0,0,0,0,0,-252000,0,0,0,57000,309000,-252000,-252000
066413,鴻海元大01購06  ,0,0,0,0,0,0,0,0,0,-253000,0,0,0,0,253000,-253000,-253000
061015,旺宏麥證9A購03  ,0,0,0,0,253000,-253000,0,0,0,-253000,0,0,0,0,253000,-253000,-253000
065933,鴻海群益01購06  ,0,0,0,0,0,0,0,0,0,-253000,0,0,0,4000,257000,-253000,-253000
063139,聯發科統一9B購07,0,0,0,0,0,0,0,0,0,-254000,0,0,0,26000,280000,-254000,-254000
061995,超眾元大01購01  ,0,0,0,0,0,0,0,0,0,-254000,0,0,0,7000,261000,-254000,-254000
1474,弘裕            ,1187000,1441000,-254000,0,0,0,0,0,0,0,0,0,0,0,0,0,-254000
066091,南電永豐01購01  ,0,0,0,0,0,0,0,0,0,-255000,0,0,0,13000,268000,-255000,-255000
066903,中興電凱基01購01,0,0,0,0,0,0,0,0,0,-255000,0,0,0,10000,265000,-255000,-255000
07048P,台積電中信03售01,0,0,0,0,0,0,0,0,0,-255000,0,0,0,1000,256000,-255000,-255000
053799,矽創中信9A購01  ,0,0,0,0,0,0,0,0,0,-255000,0,0,0,0,255000,-255000,-255000
058728,SP黃豆永豐99購01,0,0,0,0,0,0,0,0,0,-255000,0,0,0,1000,256000,-255000,-255000
061189,可成富邦9B購02  ,0,0,0,0,0,0,0,0,0,-255000,0,0,0,0,255000,-255000,-255000
063225,茂林群益9B購04  ,0,0,0,0,0,0,0,0,0,-255000,0,0,0,0,255000,-255000,-255000
062849,中興電永豐9B購02,0,0,0,0,0,0,0,0,0,-255000,0,0,0,0,255000,-255000,-255000
8271,宇瞻            ,149000,409000,-260000,0,0,0,0,0,0,5000,5000,0,5000,0,0,0,-255000
066504,全新富邦03購01  ,0,0,0,0,0,0,0,0,0,-256000,0,0,0,0,256000,-256000,-256000
061697,世紀鋼群益9A購03,0,0,0,0,0,0,0,0,0,-256000,0,0,0,0,256000,-256000,-256000
064948,致茂凱基01購01  ,0,0,0,0,0,0,0,0,0,-256000,0,0,0,2000,258000,-256000,-256000
064364,高鐵統一9C購02  ,0,0,0,0,0,0,0,0,0,-258000,0,0,0,0,258000,-258000,-258000
066424,晶技元大01購03  ,0,0,0,0,0,0,0,0,0,-259000,0,0,0,269000,528000,-259000,-259000
061087,國巨統一01購04  ,0,0,0,0,0,0,0,0,0,-259000,0,0,0,280000,539000,-259000,-259000
055337,超眾兆豐98購01  ,0,0,0,0,0,0,0,0,0,-259000,0,0,0,0,259000,-259000,-259000
066683,和碩兆豐01購01  ,0,0,0,0,0,0,0,0,0,-260000,0,0,0,50000,310000,-260000,-260000
08321P,世芯永豐9C售01  ,0,0,0,0,0,0,0,0,0,-260000,0,0,0,2000,262000,-260000,-260000
054214,京鼎國票97購02  ,0,0,0,0,0,0,0,0,0,-260000,0,0,0,0,260000,-260000,-260000
065026,世紀鋼永豐9C購02,0,0,0,0,0,0,0,0,0,-260000,0,0,0,50000,310000,-260000,-260000
061706,旭富國票9A購02  ,0,0,0,0,0,0,0,0,0,-261000,0,0,0,20000,281000,-261000,-261000
062560,奇鋐凱基9B購02  ,0,0,0,0,0,0,0,0,0,-261000,0,0,0,133000,394000,-261000,-261000
064245,GIS統一02購02   ,0,0,0,0,0,0,0,0,0,-261000,0,0,0,50000,311000,-261000,-261000
4532,瑞智            ,358000,619000,-261000,0,0,0,0,0,0,0,0,0,0,0,0,0,-261000
066465,同欣電統一01購05,0,0,0,0,0,0,0,0,0,-262000,0,0,0,28000,290000,-262000,-262000
061421,台積電元大9A購29,0,10000,-10000,0,0,0,0,0,0,-252000,0,0,0,144000,396000,-252000,-262000
063499,金像電永豐9B購03,0,0,0,0,0,0,0,0,0,-262000,0,0,0,10000,272000,-262000,-262000
064703,T50反1國泰01購01,0,0,0,0,0,0,0,0,0,-262000,0,0,0,441000,703000,-262000,-262000
2505,國揚            ,1243000,1444000,-201000,0,0,0,0,0,0,-61000,0,0,0,80000,141000,-61000,-262000
08093P,英業達元富9B售02,0,0,0,0,0,0,0,0,0,-263000,0,0,0,226000,489000,-263000,-263000
057575,世紀鋼永豐98購02,0,0,0,0,0,0,0,0,0,-263000,0,0,0,30000,293000,-263000,-263000
057828,緯穎元大99購02  ,0,0,0,0,0,0,0,0,0,-263000,0,0,0,51000,314000,-263000,-263000
057981,臻鼎永豐98購01  ,0,0,0,0,0,0,0,0,0,-263000,0,0,0,292000,555000,-263000,-263000
064095,鴻海群益01購02  ,0,0,0,0,0,0,0,0,0,-263000,0,0,0,66000,329000,-263000,-263000
064163,康控統一01購01  ,0,0,0,0,0,0,0,0,0,-263000,0,0,0,40000,303000,-263000,-263000
060347,大立光統一02購01,0,0,0,0,0,0,0,0,0,-264000,0,0,0,36000,300000,-264000,-264000
062644,中環國泰9C購01  ,0,0,0,0,0,0,0,0,0,-264000,0,0,0,0,264000,-264000,-264000
07974P,上証2X元大9B售02,0,0,0,0,0,0,0,0,0,-265000,0,0,0,45000,310000,-265000,-265000
08761P,聯詠元大01售02  ,0,0,0,0,0,0,0,0,0,-265000,0,0,0,42000,307000,-265000,-265000
060946,世紀鋼國票9A購02,0,0,0,0,0,0,0,0,0,-265000,0,0,0,155000,420000,-265000,-265000
060487,盛群富邦9B購01  ,0,0,0,0,0,0,0,0,0,-265000,0,0,0,20000,285000,-265000,-265000
08820P,台積電凱基01售10,0,0,0,0,0,0,0,0,0,-266000,0,0,0,1160000,1426000,-266000,-266000
064423,義隆兆豐9C購02  ,0,0,0,0,0,0,0,0,0,-266000,0,0,0,336000,602000,-266000,-266000
063601,金像電凱基01購01,0,0,0,0,0,0,0,0,0,-266000,0,0,0,0,266000,-266000,-266000
054287,台積電元大97購11,0,0,0,0,0,0,0,0,0,-267000,0,0,0,110000,377000,-267000,-267000
062651,世紀鋼富邦9C購01,0,0,0,0,0,0,0,0,0,-267000,0,0,0,5000,272000,-267000,-267000
064249,聯發科元富06購01,0,0,0,0,0,0,0,0,0,-267000,0,0,0,39000,306000,-267000,-267000
065855,瀚宇博元大9C購03,0,0,0,0,0,0,0,0,0,-267000,0,0,0,153000,420000,-267000,-267000
03688C,T50反1凱基03牛02,0,0,0,0,0,0,0,0,0,-268000,0,0,0,55000,323000,-268000,-268000
056945,鴻海統一98購12  ,0,0,0,0,0,0,0,0,0,-268000,0,0,0,51000,319000,-268000,-268000
063444,金像電統一03購01,0,0,0,0,0,0,0,0,0,-268000,0,0,0,249000,517000,-268000,-268000
08417P,聯發科元大9C售12,0,0,0,0,0,0,0,0,0,-269000,0,0,0,1000,270000,-269000,-269000
08062P,華擎國票9B售03  ,0,0,0,0,0,0,0,0,0,-269000,0,0,0,81000,350000,-269000,-269000
066634,泰碩凱基02購02  ,0,0,0,0,0,0,0,0,0,-269000,0,0,0,14000,283000,-269000,-269000
059279,台灣50富邦9C購03,0,0,0,0,0,0,0,0,0,-269000,0,0,0,0,269000,-269000,-269000
066917,美利達凱基01購02,0,0,0,0,0,0,0,0,0,-270000,0,0,0,0,270000,-270000,-270000
03689C,T50反1元大02牛01,0,0,0,0,0,0,0,0,0,-270000,0,0,0,0,270000,-270000,-270000
063539,世紀鋼統一9B購02,0,0,0,0,0,0,0,0,0,-270000,0,0,0,100000,370000,-270000,-270000
061479,泰碩元大9A購02  ,0,0,0,0,0,0,0,0,0,-271000,0,0,0,54000,325000,-271000,-271000
061490,茂林兆豐9B購01  ,0,0,0,0,0,0,0,0,0,-271000,0,0,0,95000,366000,-271000,-271000
066346,眾達永豐01購01  ,0,0,0,0,0,0,0,0,0,-272000,0,0,0,99000,371000,-272000,-272000
058351,上銀凱基9A購02  ,0,0,0,0,0,0,0,0,0,-273000,0,0,0,0,273000,-273000,-273000
062353,亞德客元大9B購01,0,0,0,0,0,0,0,0,0,-273000,0,0,0,18000,291000,-273000,-273000
060259,潤泰全凱基9C購01,0,0,0,0,0,0,0,0,0,-273000,0,0,0,90000,363000,-273000,-273000
061819,茂林群益9B購01  ,0,0,0,0,0,0,0,0,0,-274000,0,0,0,115000,389000,-274000,-274000
063863,儒鴻富邦02購01  ,0,0,0,0,0,0,0,0,0,-274000,0,0,0,39000,313000,-274000,-274000
064907,緯穎群益9C購02  ,0,0,0,0,0,0,0,0,0,-274000,0,0,0,91000,365000,-274000,-274000
056138,群創元大9B購01  ,0,0,0,0,0,0,0,0,0,-275000,0,0,0,35000,310000,-275000,-275000
061943,上銀群益9B購02  ,0,0,0,0,0,0,0,0,0,-275000,0,0,0,0,275000,-275000,-275000
064730,超眾統一02購02  ,0,0,0,0,0,0,0,0,0,-275000,0,0,0,338000,613000,-275000,-275000
065256,上銀元大9C購10  ,0,0,0,0,0,0,0,0,0,-275000,0,0,0,22000,297000,-275000,-275000
063763,上銀元富9B購07  ,0,0,0,0,0,0,0,0,0,-275000,0,0,0,20000,295000,-275000,-275000
3023,信邦            ,505000,709322,-204322,0,0,0,70000,4000,66000,-137000,1000,0,1000,5000,143000,-138000,-275322
066243,潤泰新富邦03購01,0,0,0,0,0,0,0,0,0,-276000,0,0,0,712000,988000,-276000,-276000
058527,世紀鋼元大99購01,0,0,0,0,0,0,0,0,0,-277000,0,0,0,145000,422000,-277000,-277000
060958,儒鴻凱基9A購02  ,0,0,0,0,0,0,0,0,0,-277000,0,0,0,40000,317000,-277000,-277000
062906,全新元大9B購03  ,0,0,0,0,0,0,0,0,0,-277000,0,0,0,23000,300000,-277000,-277000
08659P,聯發科統一9C售20,0,0,0,0,0,0,0,0,0,-278000,0,0,0,12000,290000,-278000,-278000
054808,東元元大9A購01  ,0,0,0,0,0,0,0,0,0,-279000,0,0,0,21000,300000,-279000,-279000
057982,帆宣永豐98購01  ,0,0,0,0,0,0,0,0,0,-279000,0,0,0,73000,352000,-279000,-279000
06284P,台積電國票98售03,0,0,0,0,0,0,0,0,0,-279000,0,0,0,30000,309000,-279000,-279000
061651,世紀鋼元大9C購02,0,0,0,0,0,0,0,0,0,-279000,0,0,0,44000,323000,-279000,-279000
065945,鴻海統一02購01  ,0,0,0,0,0,0,0,0,0,-279000,0,0,0,28000,307000,-279000,-279000
057823,神達元大98購01  ,0,0,0,0,0,0,0,0,0,-280000,0,0,0,308000,588000,-280000,-280000
054803,味全元大9A購01  ,0,0,0,0,0,0,0,0,0,-280000,0,0,0,0,280000,-280000,-280000
3090,日電貿          ,89000,345000,-256000,0,0,0,0,0,0,-24000,3000,0,3000,0,27000,-27000,-280000
065330,億豐凱基9C購03  ,0,0,0,0,0,0,0,0,0,-281000,0,0,0,40000,321000,-281000,-281000
063933,TPK統一01購01   ,0,0,0,0,0,0,0,0,0,-281000,0,0,0,0,281000,-281000,-281000
2426,鼎元            ,64000,345000,-281000,0,0,0,0,0,0,0,0,0,0,0,0,0,-281000
067200,深中小元大03購01,0,0,0,0,0,0,0,0,0,-282000,0,0,0,0,282000,-282000,-282000
066567,臻鼎元大01購01  ,0,0,0,0,0,0,0,0,0,-283000,0,0,0,75000,358000,-283000,-283000
061044,世紀鋼永豐9A購02,0,0,0,0,0,0,0,0,0,-283000,0,0,0,1000,284000,-283000,-283000
061190,力山永豐9A購02  ,0,0,0,0,0,0,0,0,0,-283000,0,0,0,0,283000,-283000,-283000
061626,超眾群益9A購02  ,0,0,0,0,0,0,0,0,0,-283000,0,0,0,90000,373000,-283000,-283000
064476,金像電國泰02購01,0,0,0,0,0,0,0,0,0,-283000,0,0,0,259000,542000,-283000,-283000
065395,致茂群益01購01  ,0,0,0,0,0,0,0,0,0,-283000,0,0,0,48000,331000,-283000,-283000
07943P,瑞昱元大9B售02  ,0,0,0,0,0,0,0,0,0,-284000,0,0,0,70000,354000,-284000,-284000
064279,新光金元大01購01,0,0,0,0,0,0,0,0,0,-285000,0,0,0,94000,379000,-285000,-285000
055271,鴻海元大98購03  ,0,0,0,0,0,0,0,0,0,-286000,0,0,0,68000,354000,-286000,-286000
06690P,玉晶光群益9A售05,0,0,0,0,0,0,0,0,0,-287000,0,0,0,58000,345000,-287000,-287000
061110,超眾元大9A購03  ,0,0,0,0,0,0,0,0,0,-287000,0,0,0,82000,369000,-287000,-287000
056939,康控元富98購01  ,0,0,0,0,0,0,0,0,0,-288000,0,0,0,2000,290000,-288000,-288000
063712,高鐵凱基9C購01  ,0,0,0,0,0,0,0,0,0,-288000,0,0,0,0,288000,-288000,-288000
066710,彩晶群益03購01  ,0,0,0,0,0,0,0,0,0,-289000,0,0,0,20000,309000,-289000,-289000
08405P,聯發科元大9C售11,0,0,0,0,0,0,0,0,0,-289000,0,0,0,240000,529000,-289000,-289000
057105,致茂群益9A購01  ,0,0,0,0,0,0,0,0,0,-289000,0,0,0,98000,387000,-289000,-289000
055681,奇鋐凱基98購03  ,0,0,0,0,0,0,0,0,0,-289000,0,0,0,39000,328000,-289000,-289000
064283,奇鋐元大9C購02  ,0,0,0,0,0,0,0,0,0,-289000,0,0,0,209000,498000,-289000,-289000
08621P,景碩群益9C售01  ,0,0,0,0,0,0,0,0,0,-290000,0,0,0,81000,371000,-290000,-290000
08087P,聯發科凱基9B售12,0,0,0,0,0,0,0,0,0,-290000,0,0,0,10000,300000,-290000,-290000
066348,松翰永豐01購01  ,0,0,0,0,0,0,0,0,0,-290000,0,0,0,98000,388000,-290000,-290000
061536,華擎統一9C購02  ,0,0,0,0,0,0,0,0,0,-290000,0,0,0,97000,387000,-290000,-290000
07416P,台積電元大99售53,0,0,0,0,0,0,0,0,0,-291000,0,0,0,4000,295000,-291000,-291000
062578,超眾群益9B購01  ,0,0,0,0,0,0,0,0,0,-291000,0,0,0,26000,317000,-291000,-291000
061031,神隆永豐9A購02  ,0,0,0,0,0,0,0,0,0,-291000,0,0,0,1000,292000,-291000,-291000
055036,中工富邦9B購01  ,0,0,0,0,0,0,0,0,0,-292000,0,0,0,10000,302000,-292000,-292000
060214,茂林康和9A購01  ,0,0,0,0,0,0,0,0,0,-292000,0,0,0,20000,312000,-292000,-292000
061817,高鐵群益9B購01  ,0,0,0,0,0,0,0,0,0,-292000,0,0,0,20000,312000,-292000,-292000
063673,GIS統一9C購02   ,0,0,0,0,0,0,0,0,0,-292000,0,0,0,0,292000,-292000,-292000
066651,創意康和01購04  ,0,0,0,0,0,0,0,0,0,-294000,0,0,0,190000,484000,-294000,-294000
055399,超眾統一99購01  ,0,0,0,0,0,0,0,0,0,-294000,0,0,0,1000,295000,-294000,-294000
065948,燿華統一01購02  ,0,0,0,0,0,0,0,0,0,-294000,0,0,0,0,294000,-294000,-294000
066770,上証2X富邦02購02,0,0,0,0,0,0,0,0,0,-295000,0,0,0,235000,530000,-295000,-295000
07559P,祥碩元大9A售03  ,0,0,0,0,0,0,0,0,0,-295000,0,0,0,5000,300000,-295000,-295000
08307P,台積電凱基9C售03,0,0,0,0,0,0,0,0,0,-295000,0,0,0,60000,355000,-295000,-295000
059926,世紀鋼國泰9B購01,0,0,0,0,0,0,0,0,0,-295000,0,0,0,23000,318000,-295000,-295000
063573,茂林元大9B購06  ,0,0,0,0,0,0,0,0,0,-295000,0,0,0,103000,398000,-295000,-295000
066851,瀚宇博元大01購02,0,0,0,0,0,0,0,0,0,-296000,0,0,0,45000,341000,-296000,-296000
066699,台積電群益01購08,0,20000,-20000,0,0,0,0,0,0,-276000,0,0,0,168000,444000,-276000,-296000
066052,景碩元大02購01  ,0,0,0,0,0,0,0,0,0,-296000,0,0,0,115000,411000,-296000,-296000
058634,可成兆豐99購03  ,0,0,0,0,0,0,0,0,0,-296000,0,0,0,54000,350000,-296000,-296000
058276,道瓊指中信9C購01,0,0,0,0,0,0,0,0,0,-296000,0,0,0,40000,336000,-296000,-296000
059093,旭富元大99購01  ,0,0,0,0,0,0,0,0,0,-296000,0,0,0,0,296000,-296000,-296000
063438,聚陽統一9C購01  ,0,0,0,0,0,0,0,0,0,-296000,0,0,0,110000,406000,-296000,-296000
064109,上銀國票01購01  ,0,0,0,0,0,0,0,0,0,-296000,0,0,0,20000,316000,-296000,-296000
062063,世紀鋼統一9C購01,0,0,0,0,0,0,0,0,0,-297000,0,0,0,149000,446000,-297000,-297000
063166,超眾永豐9B購01  ,0,0,0,0,0,0,0,0,0,-297000,0,0,0,33000,330000,-297000,-297000
066899,義隆康和01購01  ,0,0,0,0,0,0,0,0,0,-298000,0,0,0,9000,307000,-298000,-298000
08246P,亞德客群益01售01,0,0,0,0,0,0,0,0,0,-298000,0,0,0,50000,348000,-298000,-298000
058477,億光凱基9A購01  ,0,0,0,0,0,0,0,0,0,-298000,0,0,0,179000,477000,-298000,-298000
063379,帆宣永豐9B購01  ,0,0,0,0,0,0,0,0,0,-298000,0,0,0,71000,369000,-298000,-298000
08453P,玉晶光台新9C售02,0,0,0,0,0,0,0,0,0,-299000,0,0,0,250000,549000,-299000,-299000
056459,茂林凱基99購01  ,0,0,0,0,0,0,0,0,0,-299000,0,0,0,150000,449000,-299000,-299000
064026,建準元大9C購02  ,0,0,0,0,0,0,0,0,0,-299000,0,0,0,149000,448000,-299000,-299000
08198P,聯發科元大9B售25,0,0,0,0,0,0,0,0,0,-300000,0,0,0,0,300000,-300000,-300000
08799P,台積電元大01售19,0,0,0,0,0,0,0,0,0,-300000,0,0,0,2167000,2467000,-300000,-300000
07356P,臺股指國票99售24,0,0,0,0,0,0,0,0,0,-300000,0,0,0,0,300000,-300000,-300000
06717P,可成元大98售09  ,0,0,0,0,0,0,0,0,0,-300000,0,0,0,0,300000,-300000,-300000
066297,美利達元大01購01,0,0,0,0,0,0,0,0,0,-300000,0,0,0,48000,348000,-300000,-300000
054040,中石化元大9C購01,0,0,0,0,0,0,0,0,0,-300000,0,0,0,0,300000,-300000,-300000
058245,訊連元大99購01  ,0,0,0,0,0,0,0,0,0,-300000,0,0,0,0,300000,-300000,-300000
062897,上銀元大9B購06  ,0,0,0,0,0,0,0,0,0,-300000,0,0,0,68000,368000,-300000,-300000
063432,金寶元富9B購01  ,0,0,0,0,0,0,0,0,0,-300000,0,0,0,0,300000,-300000,-300000
065690,台苯群益9C購01  ,0,0,0,0,0,0,0,0,0,-300000,0,0,0,0,300000,-300000,-300000
065249,聯發科麥證9C購04,0,0,0,0,300000,-300000,0,0,0,-300000,0,0,0,0,300000,-300000,-300000
057485,友達元大9C購04  ,0,0,0,0,0,0,0,0,0,-301000,0,0,0,20000,321000,-301000,-301000
064988,志超元大9C購01  ,0,0,0,0,0,0,0,0,0,-301000,0,0,0,442000,743000,-301000,-301000
065424,華新凱基02購01  ,0,0,0,0,0,0,0,0,0,-301000,0,0,0,4000,305000,-301000,-301000
4977,眾達-KY         ,582000,1067000,-485000,0,0,0,210000,0,210000,-26000,24000,54000,-30000,10000,6000,4000,-301000
061374,力山永豐9A購04  ,0,0,0,0,0,0,0,0,0,-302000,0,0,0,0,302000,-302000,-302000
063334,復盛國票9B購01  ,0,0,0,0,0,0,0,0,0,-303000,0,0,0,0,303000,-303000,-303000
066662,建準凱基02購01  ,0,0,0,0,0,0,0,0,0,-304000,0,0,0,60000,364000,-304000,-304000
064284,京鼎元大9C購01  ,0,0,0,0,0,0,0,0,0,-304000,0,0,0,118000,422000,-304000,-304000
067171,聯發科麥證01購08,0,0,0,0,305000,-305000,0,0,0,-305000,0,0,0,0,305000,-305000,-305000
057307,瀚宇博兆豐99購01,0,0,0,0,0,0,0,0,0,-305000,0,0,0,0,305000,-305000,-305000
064255,泰碩國泰02購01  ,0,0,0,0,0,0,0,0,0,-305000,0,0,0,346000,651000,-305000,-305000
063466,美食元大9B購02  ,0,0,0,0,0,0,0,0,0,-305000,0,0,0,0,305000,-305000,-305000
063838,上銀元大9C購01  ,0,0,0,0,0,0,0,0,0,-306000,0,0,0,101000,407000,-306000,-306000
061355,康友元大9A購03  ,0,0,0,0,0,0,0,0,0,-307000,0,0,0,3000,310000,-307000,-307000
2108,南帝            ,245000,496000,-251000,0,0,0,0,0,0,-56000,61000,89000,-28000,2000,30000,-28000,-307000
07965P,玉晶光群益01售02,0,0,0,0,0,0,0,0,0,-308000,0,0,0,230000,538000,-308000,-308000
060884,超眾中信9B購01  ,0,0,0,0,0,0,0,0,0,-308000,0,0,0,95000,403000,-308000,-308000
063929,高鐵統一02購01  ,0,0,0,0,0,0,0,0,0,-308000,0,0,0,0,308000,-308000,-308000
065949,瑞昱統一01購06  ,0,0,0,0,0,0,0,0,0,-308000,0,0,0,404000,712000,-308000,-308000
08673P,友訊元富01售03  ,0,0,0,0,0,0,0,0,0,-309000,0,0,0,63000,372000,-309000,-309000
065580,鈺齊群益01購01  ,0,0,0,0,0,0,0,0,0,-309000,0,0,0,0,309000,-309000,-309000
067061,亞泥元大01購01  ,0,0,0,0,0,0,0,0,0,-310000,0,0,0,0,310000,-310000,-310000
066577,巨大元大01購02  ,0,0,0,0,0,0,0,0,0,-310000,0,0,0,248000,558000,-310000,-310000
061971,力山元大9C購02  ,0,0,0,0,0,0,0,0,0,-310000,0,0,0,9000,319000,-310000,-310000
066643,旺宏麥證01購01  ,0,0,0,0,311000,-311000,0,0,0,-311000,0,0,0,0,311000,-311000,-311000
065718,健策中信9C購02  ,0,0,0,0,0,0,0,0,0,-311000,0,0,0,20000,331000,-311000,-311000
1723,中碳            ,350000,585000,-235000,0,0,0,0,0,0,-76000,0,76000,-76000,0,0,0,-311000
063803,世紀鋼凱基01購01,0,0,0,0,0,0,0,0,0,-312000,0,0,0,47000,359000,-312000,-312000
1519,華城            ,662000,993000,-331000,0,0,0,0,0,0,19000,0,14000,-14000,62000,29000,33000,-312000
061664,上銀中信9A購01  ,0,0,0,0,0,0,0,0,0,-313000,0,0,0,0,313000,-313000,-313000
066645,聯發科麥證01購02,0,0,0,0,314000,-314000,0,0,0,-314000,0,0,0,0,314000,-314000,-314000
064092,世紀鋼凱基9C購03,0,0,0,0,0,0,0,0,0,-314000,0,0,0,0,314000,-314000,-314000
066493,美利達元富01購01,0,0,0,0,0,0,0,0,0,-315000,0,0,0,153000,468000,-315000,-315000
065300,燿華元富9C購03  ,0,0,0,0,0,0,0,0,0,-316000,0,0,0,20000,336000,-316000,-316000
065079,致茂元大9C購01  ,0,0,0,0,0,0,0,0,0,-316000,0,0,0,51000,367000,-316000,-316000
053723,奇鋐凱基98購01  ,0,0,0,0,0,0,0,0,0,-317000,0,0,0,6000,323000,-317000,-317000
065073,亞德客元大01購02,0,0,0,0,0,0,0,0,0,-317000,0,0,0,114000,431000,-317000,-317000
064958,GIS凱基02購03   ,0,0,0,0,0,0,0,0,0,-317000,0,0,0,15000,332000,-317000,-317000
056915,上銀兆豐99購01  ,0,0,0,0,0,0,0,0,0,-318000,0,0,0,0,318000,-318000,-318000
060756,鴻海元大9A購16  ,0,0,0,0,0,0,0,0,0,-318000,0,0,0,21000,339000,-318000,-318000
065582,景碩國泰01購01  ,0,0,0,0,0,0,0,0,0,-318000,0,0,0,75000,393000,-318000,-318000
063765,上銀元富9B購09  ,0,0,0,0,0,0,0,0,0,-318000,0,0,0,1000,319000,-318000,-318000
2357,華碩            ,1560994,1671109,-110115,0,0,0,143000,8000,135000,-343000,8000,339000,-331000,4000,16000,-12000,-318115
05749P,臺股指群益99售03,0,0,0,0,0,0,0,0,0,-319000,0,0,0,93000,412000,-319000,-319000
058772,茂林兆豐9A購01  ,0,0,0,0,0,0,0,0,0,-319000,0,0,0,0,319000,-319000,-319000
6288,聯嘉            ,248000,556000,-308000,0,0,0,0,0,0,-11000,8000,19000,-11000,0,0,0,-319000
066935,奇鋐國票02購02  ,0,0,0,0,0,0,0,0,0,-320000,0,0,0,10000,330000,-320000,-320000
056517,茂林兆豐99購01  ,0,0,0,0,0,0,0,0,0,-320000,0,0,0,5000,325000,-320000,-320000
064244,GIS統一02購01   ,0,0,0,0,0,0,0,0,0,-320000,0,0,0,151000,471000,-320000,-320000
00634R,富邦上証反1     ,123000,121000,2000,0,0,0,0,0,0,-323000,0,0,0,742000,1065000,-323000,-321000
064557,鴻海群益9C購04  ,0,0,0,0,0,0,0,0,0,-321000,0,0,0,112000,433000,-321000,-321000
062386,京鼎國泰9C購01  ,0,0,0,0,0,0,0,0,0,-322000,0,0,0,10000,332000,-322000,-322000
064708,帆宣永豐9C購01  ,0,0,0,0,0,0,0,0,0,-322000,0,0,0,55000,377000,-322000,-322000
064786,GIS群益9C購04   ,0,0,0,0,0,0,0,0,0,-322000,0,0,0,23000,345000,-322000,-322000
064936,世紀鋼統一9C購02,0,0,0,0,0,0,0,0,0,-323000,0,0,0,32000,355000,-323000,-323000
064911,光寶科統一02購01,0,0,0,0,0,0,0,0,0,-323000,0,0,0,83000,406000,-323000,-323000
066787,聯發科麥證01購06,0,0,0,0,324000,-324000,0,0,0,-324000,0,0,0,0,324000,-324000,-324000
053083,中環元大99購01  ,0,0,0,0,0,0,0,0,0,-324000,0,0,0,0,324000,-324000,-324000
066801,奇鋐凱基01購02  ,0,0,0,0,0,0,0,0,0,-325000,0,0,0,52000,377000,-325000,-325000
062487,中興電永豐9B購01,0,0,0,0,0,0,0,0,0,-325000,0,0,0,0,325000,-325000,-325000
065098,致伸元大9C購02  ,0,0,0,0,0,0,0,0,0,-325000,0,0,0,65000,390000,-325000,-325000
066251,川湖元大01購01  ,0,0,0,0,0,0,0,0,0,-326000,0,0,0,243000,569000,-326000,-326000
2375,凱美            ,105000,430000,-325000,0,0,0,0,0,0,-1000,4000,0,4000,0,5000,-5000,-326000
058053,上銀統一9B購01  ,0,0,0,0,0,0,0,0,0,-327000,0,0,0,161000,488000,-327000,-327000
064799,裕隆元大9C購02  ,0,0,0,0,0,0,0,0,0,-327000,0,0,0,435000,762000,-327000,-327000
064165,同欣電統一01購01,0,0,0,0,0,0,0,0,0,-327000,0,0,0,85000,412000,-327000,-327000
043442,大立光台新01購01,0,0,0,0,0,0,0,0,0,-329000,0,0,0,0,329000,-329000,-329000
056089,同欣電統一98購01,0,0,0,0,0,0,0,0,0,-330000,0,0,0,20000,350000,-330000,-330000
060337,FBVIX統一9A購01 ,0,0,0,0,0,0,0,0,0,-330000,0,0,0,100000,430000,-330000,-330000
062362,致茂元大9B購01  ,0,0,0,0,0,0,0,0,0,-330000,0,0,0,32000,362000,-330000,-330000
06327P,台積電中信01售01,0,0,0,0,0,0,0,0,0,-331000,0,0,0,8000,339000,-331000,-331000
064413,世紀鋼凱基02購01,0,0,0,0,0,0,0,0,0,-331000,0,0,0,121000,452000,-331000,-331000
2882A,國泰特          ,7000,0,7000,0,0,0,0,41000,-41000,-297000,0,297000,-297000,0,0,0,-331000
061673,仁寶元大9B購01  ,0,0,0,0,0,0,0,0,0,-332000,0,0,0,54000,386000,-332000,-332000
063593,GIS永豐9B購01   ,0,0,0,0,0,0,0,0,0,-332000,0,0,0,181000,513000,-332000,-332000
9944,新麗            ,102000,433000,-331000,0,0,0,0,0,0,-1000,0,1000,-1000,0,0,0,-332000
065895,台勝科統一02購01,0,0,0,0,0,0,0,0,0,-335000,0,0,0,73000,408000,-335000,-335000
064986,GIS元大9C購07   ,0,0,0,0,0,0,0,0,0,-336000,0,0,0,495000,831000,-336000,-336000
063613,全新群益9C購01  ,0,0,0,0,0,0,0,0,0,-336000,0,0,0,40000,376000,-336000,-336000
08494P,世芯元大9C售02  ,0,0,0,0,0,0,0,0,0,-337000,0,0,0,1406000,1743000,-337000,-337000
058327,大毅統一9B購01  ,0,0,0,0,0,0,0,0,0,-337000,0,0,0,0,337000,-337000,-337000
063633,金像電元大9B購05,0,0,0,0,0,0,0,0,0,-337000,0,0,0,15000,352000,-337000,-337000
3588,通嘉            ,275000,610000,-335000,0,0,0,0,3000,-3000,0,0,0,0,0,0,0,-338000
053394,鴻海中信9A購01  ,0,0,0,0,0,0,0,0,0,-339000,0,0,0,0,339000,-339000,-339000
00738U,元大道瓊白銀    ,23000,43000,-20000,0,0,0,0,0,0,-319000,0,0,0,368000,687000,-319000,-339000
058616,台虹元大9A購01  ,0,0,0,0,0,0,0,0,0,-341000,0,0,0,21000,362000,-341000,-341000
6706,惠特            ,193000,374000,-181000,0,0,0,0,0,0,-160000,10000,61000,-51000,4000,113000,-109000,-341000
066234,群光富邦04購01  ,0,0,0,0,0,0,0,0,0,-342000,0,0,0,296000,638000,-342000,-342000
063959,GIS元大9C購02   ,0,0,0,0,0,0,0,0,0,-343000,0,0,0,0,343000,-343000,-343000
07791P,奇鋐元大9A售02  ,0,0,0,0,0,0,0,0,0,-344000,0,0,0,109000,453000,-344000,-344000
058588,致茂中信9B購01  ,0,0,0,0,0,0,0,0,0,-344000,0,0,0,6000,350000,-344000,-344000
064478,聚陽富邦01購01  ,0,0,0,0,0,0,0,0,0,-344000,0,0,0,605000,949000,-344000,-344000
065041,金像電凱基02購02,0,0,0,0,0,0,0,0,0,-344000,0,0,0,21000,365000,-344000,-344000
062388,旭富國泰01購01  ,0,0,0,0,0,0,0,0,0,-345000,0,0,0,10000,355000,-345000,-345000
061006,新光金兆豐9A購01,0,0,0,0,0,0,0,0,0,-348000,0,0,0,135000,483000,-348000,-348000
066394,建準凱基01購01  ,0,0,0,0,0,0,0,0,0,-349000,0,0,0,144000,493000,-349000,-349000
062012,燿華富邦9C購01  ,0,0,0,0,0,0,0,0,0,-349000,0,0,0,334000,683000,-349000,-349000
07086P,力成元富9C售01  ,0,0,0,0,0,0,0,0,0,-350000,0,0,0,122000,472000,-350000,-350000
08744P,臺股指凱基02售05,0,0,0,0,0,0,0,0,0,-350000,0,0,0,38000,388000,-350000,-350000
057681,T50反1日盛9C購01,0,0,0,0,0,0,0,0,0,-350000,0,0,0,50000,400000,-350000,-350000
057145,上銀國票98購03  ,0,0,0,0,0,0,0,0,0,-350000,0,0,0,0,350000,-350000,-350000
065235,旭富凱基02購01  ,0,0,0,0,0,0,0,0,0,-350000,0,0,0,0,350000,-350000,-350000
063569,美食元大9B購03  ,0,0,0,0,0,0,0,0,0,-350000,0,0,0,0,350000,-350000,-350000
6552,易華電          ,58000,379000,-321000,0,0,0,0,0,0,-30000,0,0,0,0,30000,-30000,-351000
3653,健策            ,520000,323000,197000,0,0,0,0,522000,-522000,-26000,8000,24000,-16000,24000,34000,-10000,-351000
056605,台積電富邦9B購02,0,0,0,0,0,0,0,0,0,-352000,0,0,0,9000,361000,-352000,-352000
061903,宏全永豐9B購01  ,0,0,0,0,0,0,0,0,0,-352000,0,0,0,26000,378000,-352000,-352000
063269,儒鴻兆豐9C購01  ,0,0,0,0,0,0,0,0,0,-352000,0,0,0,20000,372000,-352000,-352000
063461,金像電元大9B購03,0,0,0,0,0,0,0,0,0,-353000,0,0,0,1000,354000,-353000,-353000
064099,億光群益9C購01  ,0,0,0,0,0,0,0,0,0,-353000,0,0,0,99000,452000,-353000,-353000
067144,上銀統一02購01  ,0,0,0,0,0,0,0,0,0,-355000,0,0,0,0,355000,-355000,-355000
059181,世紀鋼元富9C購01,0,0,0,0,0,0,0,0,0,-356000,0,0,0,490000,846000,-356000,-356000
6592,和潤企業        ,189000,505000,-316000,0,0,0,0,70000,-70000,30000,41000,0,41000,4000,15000,-11000,-356000
2401,凌陽            ,400000,578000,-178000,0,0,0,0,0,0,-180000,1000,181000,-180000,0,0,0,-358000
067225,巨大元大01購03  ,0,0,0,0,0,0,0,0,0,-359000,0,0,0,0,359000,-359000,-359000
055449,超眾統一9A購01  ,0,0,0,0,0,0,0,0,0,-359000,0,0,0,6000,365000,-359000,-359000
060685,康友元大9A購01  ,0,0,0,0,0,0,0,0,0,-359000,0,0,0,0,359000,-359000,-359000
064904,茂林群益9C購02  ,0,0,0,0,0,0,0,0,0,-359000,0,0,0,20000,379000,-359000,-359000
08428P,GIS國票01售01   ,0,0,0,0,0,0,0,0,0,-360000,0,0,0,1000,361000,-360000,-360000
064298,台灣50兆豐01購02,0,0,0,0,0,0,0,0,0,-360000,0,0,0,85000,445000,-360000,-360000
064804,英業達元大9C購01,0,0,0,0,0,0,0,0,0,-361000,0,0,0,451000,812000,-361000,-361000
064030,泰碩元大01購01  ,0,0,0,0,0,0,0,0,0,-362000,0,0,0,54000,416000,-362000,-362000
06878P,台灣50日盛9B售01,0,0,0,0,0,0,0,0,0,-363000,0,0,0,0,363000,-363000,-363000
061515,泰碩永豐9A購03  ,0,0,0,0,0,0,0,0,0,-363000,0,0,0,0,363000,-363000,-363000
063626,聚陽元大9B購03  ,0,0,0,0,0,0,0,0,0,-363000,0,0,0,622000,985000,-363000,-363000
060303,宏達電富邦9B購01,0,0,0,0,0,0,0,0,0,-364000,0,0,0,3000,367000,-364000,-364000
08060P,嘉澤元大9B售01  ,0,0,0,0,0,0,0,0,0,-365000,0,0,0,0,365000,-365000,-365000
058267,奇鋐永豐99購01  ,0,0,0,0,0,0,0,0,0,-365000,0,0,0,308000,673000,-365000,-365000
057276,全新元大99購03  ,0,0,0,0,0,0,0,0,0,-366000,0,0,0,0,366000,-366000,-366000
065074,亞德客元大9C購03,0,0,0,0,0,0,0,0,0,-367000,0,0,0,62000,429000,-367000,-367000
064387,GIS富邦9C購01   ,0,0,0,0,0,0,0,0,0,-369000,0,0,0,0,369000,-369000,-369000
063229,台表科群益9B購04,0,0,0,0,0,0,0,0,0,-370000,0,0,0,0,370000,-370000,-370000
066118,台郡兆豐01購01  ,0,0,0,0,0,0,0,0,0,-371000,0,0,0,534000,905000,-371000,-371000
067085,臻鼎元大01購02  ,0,0,0,0,0,0,0,0,0,-372000,0,0,0,61000,433000,-372000,-372000
08633P,聯發科元大9C售20,0,0,0,0,0,0,0,0,0,-372000,0,0,0,74000,446000,-372000,-372000
064490,金像電元大9C購02,0,0,0,0,0,0,0,0,0,-372000,0,0,0,85000,457000,-372000,-372000
065165,上銀元大9C購09  ,0,0,0,0,0,0,0,0,0,-373000,0,0,0,70000,443000,-373000,-373000
063274,鈺齊兆豐9B購01  ,0,0,0,0,0,0,0,0,0,-374000,0,0,0,10000,384000,-374000,-374000
063764,上銀元富9B購08  ,0,0,0,0,0,0,0,0,0,-375000,0,0,0,20000,395000,-375000,-375000
8105,凌巨            ,330000,706000,-376000,0,0,0,0,0,0,1000,1000,0,1000,0,0,0,-375000
065996,T50反1第一01購01,0,0,0,0,0,0,0,0,0,-376000,0,0,0,109000,485000,-376000,-376000
062734,臺指反國票9C購03,0,0,0,0,0,0,0,0,0,-377000,0,0,0,662000,1039000,-377000,-377000
061032,金像電永豐9A購03,0,0,0,0,0,0,0,0,0,-377000,0,0,0,159000,536000,-377000,-377000
064732,GIS統一01購03   ,0,0,0,0,0,0,0,0,0,-377000,0,0,0,0,377000,-377000,-377000
065485,巨大元大9C購02  ,0,0,0,0,0,0,0,0,0,-377000,0,0,0,128000,505000,-377000,-377000
065989,泰碩永豐01購01  ,0,0,0,0,0,0,0,0,0,-378000,0,0,0,4000,382000,-378000,-378000
064037,寶成元大9C購02  ,0,0,0,0,0,0,0,0,0,-378000,0,0,0,0,378000,-378000,-378000
061417,力成群益9A購01  ,0,0,0,0,0,0,0,0,0,-379000,0,0,0,50000,429000,-379000,-379000
061131,崇越永豐9A購01  ,0,0,0,0,0,0,0,0,0,-379000,0,0,0,0,379000,-379000,-379000
065081,金像電元大9C購05,0,0,0,0,0,0,0,0,0,-379000,0,0,0,153000,532000,-379000,-379000
061071,復盛凱基9A購01  ,0,0,0,0,0,0,0,0,0,-380000,0,0,0,0,380000,-380000,-380000
064928,同欣電統一01購02,0,0,0,0,0,0,0,0,0,-380000,0,0,0,0,380000,-380000,-380000
063436,儒鴻統一01購03  ,0,0,0,0,0,0,0,0,0,-380000,0,0,0,4000,384000,-380000,-380000
08108P,聯發科元富9B售03,0,0,0,0,0,0,0,0,0,-381000,0,0,0,0,381000,-381000,-381000
07634P,金像電元大9A售01,0,0,0,0,0,0,0,0,0,-381000,0,0,0,2000,383000,-381000,-381000
064611,亞德客元大9C購02,0,0,0,0,0,0,0,0,0,-381000,0,0,0,2000,383000,-381000,-381000
059730,晶相光元大9C購02,0,0,0,0,0,0,0,0,0,-382000,0,0,0,47000,429000,-382000,-382000
063660,儒鴻統一9C購01  ,0,0,0,0,0,0,0,0,0,-382000,0,0,0,169000,551000,-382000,-382000
062837,復盛群益9B購01  ,0,0,0,0,0,0,0,0,0,-383000,0,0,0,0,383000,-383000,-383000
065492,台灣50富邦03購02,0,0,0,0,0,0,0,0,0,-383000,0,0,0,4000,387000,-383000,-383000
07232P,台灣50元大01售07,0,0,0,0,0,0,0,0,0,-385000,0,0,0,0,385000,-385000,-385000
2493,揚博            ,107000,501000,-394000,0,0,0,0,0,0,8000,8000,0,8000,0,0,0,-386000
061957,上銀統一01購01  ,0,0,0,0,0,0,0,0,0,-387000,0,0,0,0,387000,-387000,-387000
063654,上銀元富9B購05  ,0,0,0,0,0,0,0,0,0,-387000,0,0,0,20000,407000,-387000,-387000
065789,泰碩永豐9C購02  ,0,0,0,0,0,0,0,0,0,-388000,0,0,0,0,388000,-388000,-388000
07472P,和碩元大9A售03  ,0,0,0,0,0,0,0,0,0,-390000,0,0,0,47000,437000,-390000,-390000
063354,茂林元富9B購02  ,0,0,0,0,0,0,0,0,0,-390000,0,0,0,115000,505000,-390000,-390000
065130,奇鋐兆豐9C購01  ,0,0,0,0,0,0,0,0,0,-390000,0,0,0,85000,475000,-390000,-390000
064303,新光金兆豐01購01,0,0,0,0,0,0,0,0,0,-390000,0,0,0,0,390000,-390000,-390000
1795,美時            ,228000,609000,-381000,0,0,0,0,0,0,-9000,0,9000,-9000,0,0,0,-390000
058558,鴻海日盛9A購02  ,0,0,0,0,0,0,0,0,0,-391000,0,0,0,75000,466000,-391000,-391000
060783,亞德客富邦9B購01,0,0,0,0,0,0,0,0,0,-391000,0,0,0,84000,475000,-391000,-391000
08662P,台積電國泰03售01,0,0,0,0,0,0,0,0,0,-392000,0,0,0,345000,737000,-392000,-392000
063445,金像電統一9B購01,0,0,0,0,0,0,0,0,0,-392000,0,0,0,158000,550000,-392000,-392000
00641R,富邦日本反1     ,40000,40000,0,0,0,0,0,0,0,-393000,0,0,0,269000,662000,-393000,-393000
062870,亞德客兆豐9C購01,0,0,0,0,0,0,0,0,0,-393000,0,0,0,10000,403000,-393000,-393000
06139P,台積電中信99售02,0,0,0,0,0,0,0,0,0,-393000,0,0,0,9000,402000,-393000,-393000
065481,臻鼎元大9C購04  ,0,0,0,0,0,0,0,0,0,-393000,0,0,0,439000,832000,-393000,-393000
6505,台塑化          ,4246593,3876000,370593,0,0,0,0,755939,-755939,-8000,3000,12000,-9000,1000,0,1000,-393346
061577,泰碩元大9A購03  ,0,0,0,0,0,0,0,0,0,-394000,0,0,0,198000,592000,-394000,-394000
1609,大亞            ,1087000,1535000,-448000,0,0,0,0,1000,-1000,54000,54000,0,54000,0,0,0,-395000
064674,鈺齊元大9C購01  ,0,0,0,0,0,0,0,0,0,-397000,0,0,0,61000,458000,-397000,-397000
08434P,臺股指凱基03售02,0,0,0,0,0,0,0,0,0,-398000,0,0,0,273000,671000,-398000,-398000
053827,漢唐麥證9A購01  ,0,0,0,58000,456000,-398000,0,0,0,-398000,0,0,0,58000,456000,-398000,-398000
065697,旺宏群益9C購07  ,0,0,0,0,0,0,0,0,0,-399000,0,0,0,0,399000,-399000,-399000
08718P,台灣50元大02售03,0,0,0,0,0,0,0,0,0,-400000,0,0,0,0,400000,-400000,-400000
060869,超眾永豐9A購02  ,0,0,0,0,0,0,0,0,0,-400000,0,0,0,0,400000,-400000,-400000
065765,GIS元大9C購09   ,0,0,0,0,0,0,0,0,0,-401000,0,0,0,34000,435000,-401000,-401000
2601,益航            ,123000,524000,-401000,0,0,0,0,0,0,0,0,0,0,0,0,0,-401000
066909,義隆凱基01購04  ,0,0,0,0,0,0,0,0,0,-402000,0,0,0,0,402000,-402000,-402000
08661P,台灣50麥證9C售03,0,0,0,0,403000,-403000,0,0,0,-403000,0,0,0,0,403000,-403000,-403000
056724,臻鼎中信9A購01  ,0,0,0,0,0,0,0,0,0,-403000,0,0,0,137000,540000,-403000,-403000
063659,世紀鋼元富9B購01,0,0,0,0,0,0,0,0,0,-403000,0,0,0,141000,544000,-403000,-403000
08223P,臺股指凱基9B售18,0,0,0,0,0,0,0,0,0,-405000,0,0,0,95000,500000,-405000,-405000
06750P,聯發科元富02售03,0,0,0,0,0,0,0,0,0,-405000,0,0,0,25000,430000,-405000,-405000
066117,茂林兆豐02購01  ,0,0,0,0,0,0,0,0,0,-405000,0,0,0,88000,493000,-405000,-405000
061023,茂林國泰9B購02  ,0,0,0,0,0,0,0,0,0,-405000,0,0,0,78000,483000,-405000,-405000
08644P,臺股指中信02售02,0,0,0,0,0,0,0,0,0,-406000,0,0,0,700000,1106000,-406000,-406000
6209,今國光          ,464000,771000,-307000,0,0,0,0,0,0,-99000,1000,0,1000,0,100000,-100000,-406000
067092,美利達元大01購03,0,0,0,0,0,0,0,0,0,-407000,0,0,0,0,407000,-407000,-407000
062971,英業達元富9B購01,0,0,0,0,0,0,0,0,0,-407000,0,0,0,548000,955000,-407000,-407000
08715P,創意元富07售02  ,0,0,0,0,0,0,0,0,0,-408000,0,0,0,420000,828000,-408000,-408000
08084P,台表科元大9B售06,0,0,0,0,0,0,0,0,0,-410000,0,0,0,100000,510000,-410000,-410000
066105,松翰國票01購01  ,0,0,0,0,0,0,0,0,0,-410000,0,0,0,279000,689000,-410000,-410000
063680,寶成富邦9C購01  ,0,0,0,0,0,0,0,0,0,-410000,0,0,0,10000,420000,-410000,-410000
1709,和益            ,100000,510000,-410000,0,0,0,0,0,0,0,0,0,0,0,0,0,-410000
057694,臺股指凱基98購12,0,0,0,0,0,0,0,0,0,-415000,0,0,0,51000,466000,-415000,-415000
062896,中興電元大9B購01,0,0,0,0,0,0,0,0,0,-415000,0,0,0,50000,465000,-415000,-415000
07865P,可成元大9B售02  ,0,0,0,0,0,0,0,0,0,-416000,0,0,0,34000,450000,-416000,-416000
058706,聯鈞元大9C購01  ,0,0,0,0,0,0,0,0,0,-417000,0,0,0,70000,487000,-417000,-417000
066283,鎧勝元大01購02  ,0,0,0,0,0,0,0,0,0,-418000,0,0,0,52000,470000,-418000,-418000
066539,晶技兆豐01購02  ,0,0,0,0,0,0,0,0,0,-418000,0,0,0,229000,647000,-418000,-418000
05644P,大立光中信9A售03,0,0,0,0,0,0,0,0,0,-419000,0,0,0,736000,1155000,-419000,-419000
064071,台郡永豐9C購01  ,0,0,0,0,0,0,0,0,0,-419000,0,0,0,272000,691000,-419000,-419000
065354,金像電元富03購01,0,0,0,0,0,0,0,0,0,-419000,0,0,0,131000,550000,-419000,-419000
066378,超眾兆豐03購01  ,0,0,0,0,0,0,0,0,0,-422000,0,0,0,13000,435000,-422000,-422000
066051,景碩元大01購01  ,0,0,0,0,0,0,0,0,0,-422000,0,0,0,134000,556000,-422000,-422000
066892,台積電兆豐03購01,100000,0,100000,0,0,0,0,0,0,-522000,0,0,0,1777000,2299000,-522000,-422000
063263,高鐵永豐9B購01  ,0,0,0,0,0,0,0,0,0,-422000,0,0,0,0,422000,-422000,-422000
08534P,玉晶光元富06售02,0,0,0,0,0,0,0,0,0,-424000,0,0,0,37000,461000,-424000,-424000
063883,超眾元富9C購02  ,0,0,0,0,0,0,0,0,0,-424000,0,0,0,241000,665000,-424000,-424000
08059P,京鼎元大9B售02  ,0,0,0,0,0,0,0,0,0,-425000,0,0,0,19000,444000,-425000,-425000
6120,達運            ,198000,624000,-426000,0,0,0,0,0,0,1000,1000,0,1000,0,0,0,-425000
065572,泰碩群益01購01  ,0,0,0,0,0,0,0,0,0,-426000,0,0,0,166000,592000,-426000,-426000
056599,臻鼎元富98購01  ,0,0,0,0,0,0,0,0,0,-427000,0,0,0,34000,461000,-427000,-427000
063268,GIS中信9B購01   ,0,0,0,0,0,0,0,0,0,-427000,0,0,0,93000,520000,-427000,-427000
08263P,台表科元大9C售06,0,0,0,0,0,0,0,0,0,-428000,0,0,0,400000,828000,-428000,-428000
061293,聯茂統一9A購01  ,0,0,0,0,0,0,0,0,0,-428000,0,0,0,234000,662000,-428000,-428000
066887,聯發科中信02購01,0,0,0,0,0,0,0,0,0,-430000,0,0,0,176000,606000,-430000,-430000
06934P,聯鈞元大98售03  ,0,0,0,0,0,0,0,0,0,-432000,0,0,0,40000,472000,-432000,-432000
064153,中壽統一9C購01  ,0,0,0,0,0,0,0,0,0,-432000,0,0,0,0,432000,-432000,-432000
064380,超眾元富9C購03  ,0,0,0,0,0,0,0,0,0,-432000,0,0,0,85000,517000,-432000,-432000
062755,茂林麥證9B購01  ,0,0,0,4000,437000,-433000,0,0,0,-433000,0,0,0,4000,437000,-433000,-433000
8926,台汽電          ,800000,647000,153000,0,0,0,0,1000,-1000,-585000,0,60000,-60000,31000,556000,-525000,-433000
063360,茂林國泰9C購02  ,0,0,0,0,0,0,0,0,0,-435000,0,0,0,116000,551000,-435000,-435000
061492,超眾兆豐9B購01  ,0,0,0,0,0,0,0,0,0,-436000,0,0,0,13000,449000,-436000,-436000
08607P,聯發科富邦03售04,0,0,0,0,0,0,0,0,0,-437000,0,0,0,87000,524000,-437000,-437000
061677,泰碩元大9A購05  ,0,0,0,0,0,0,0,0,0,-437000,0,0,0,20000,457000,-437000,-437000
065150,上銀群益9C購03  ,0,0,0,0,0,0,0,0,0,-437000,0,0,0,0,437000,-437000,-437000
2913,農林            ,108000,547000,-439000,0,0,0,0,0,0,2000,4000,2000,2000,0,0,0,-437000
065941,超眾群益02購01  ,0,0,0,0,0,0,0,0,0,-438000,0,0,0,40000,478000,-438000,-438000
058641,鴻海麥證99購02  ,0,0,0,22000,469000,-447000,0,0,0,-439000,0,0,0,52000,491000,-439000,-439000
063930,高鐵統一02購02  ,0,0,0,0,0,0,0,0,0,-439000,0,0,0,30000,469000,-439000,-439000
066303,泰山永豐01購01  ,0,0,0,0,0,0,0,0,0,-440000,0,0,0,0,440000,-440000,-440000
063560,力山元大9B購05  ,0,0,0,0,0,0,0,0,0,-441000,0,0,0,9000,450000,-441000,-441000
060960,金像電凱基9B購01,0,0,0,0,0,0,0,0,0,-443000,0,0,0,55000,498000,-443000,-443000
3669,圓展            ,2128000,2583000,-455000,0,0,0,0,0,0,12000,42000,30000,12000,0,0,0,-443000
064480,聚陽永豐9C購01  ,0,0,0,0,0,0,0,0,0,-444000,0,0,0,2000,446000,-444000,-444000
063948,高鐵元大9C購01  ,0,0,0,0,0,0,0,0,0,-447000,0,0,0,0,447000,-447000,-447000
06902P,聯電凱基98售02  ,0,0,0,0,0,0,0,0,0,-450000,0,0,0,70000,520000,-450000,-450000
065859,GIS元大9C購10   ,0,0,0,0,0,0,0,0,0,-450000,0,0,0,84000,534000,-450000,-450000
065964,鴻海元大02購01  ,0,0,0,0,0,0,0,0,0,-453000,0,0,0,5000,458000,-453000,-453000
066030,超眾群益01購01  ,0,0,0,0,0,0,0,0,0,-453000,0,0,0,43000,496000,-453000,-453000
066208,聯鈞統一02購01  ,0,0,0,0,0,0,0,0,0,-453000,0,0,0,110000,563000,-453000,-453000
065611,嘉聯益元大9C購02,0,0,0,0,0,0,0,0,0,-453000,0,0,0,12000,465000,-453000,-453000
065981,超眾元大02購01  ,0,0,0,0,0,0,0,0,0,-455000,0,0,0,101000,556000,-455000,-455000
066450,松翰群益01購01  ,0,0,0,0,0,0,0,0,0,-456000,0,0,0,246000,702000,-456000,-456000
066797,台積電凱基02購09,0,0,0,0,0,0,0,0,0,-456000,0,0,0,160000,616000,-456000,-456000
063208,鈺齊統一9C購01  ,0,0,0,0,0,0,0,0,0,-456000,0,0,0,24000,480000,-456000,-456000
067147,台積電統一04購01,0,0,0,0,0,0,0,0,0,-457000,0,0,0,207000,664000,-457000,-457000
08155P,聯發科元富9B售05,0,0,0,0,0,0,0,0,0,-457000,0,0,0,42000,499000,-457000,-457000
08340P,聯發科元富9C售01,0,0,0,0,0,0,0,0,0,-458000,0,0,0,0,458000,-458000,-458000
065720,義隆兆豐9C購03  ,0,0,0,0,0,0,0,0,0,-458000,0,0,0,530000,988000,-458000,-458000
065227,金像電凱基9C購01,0,0,0,0,0,0,0,0,0,-458000,0,0,0,178000,636000,-458000,-458000
064359,華通統一9C購05  ,0,0,0,0,0,0,0,0,0,-458000,0,0,0,30000,488000,-458000,-458000
064821,聯電統一02購01  ,0,0,0,0,0,0,0,0,0,-459000,0,0,0,485000,944000,-459000,-459000
060923,全新永豐9A購01  ,0,0,0,0,0,0,0,0,0,-460000,0,0,0,0,460000,-460000,-460000
063651,金像電台新9B購01,0,0,0,0,0,0,0,0,0,-460000,0,0,0,30000,490000,-460000,-460000
1707,葡萄王          ,41000,462000,-421000,0,0,0,0,0,0,-39000,0,14000,-14000,0,25000,-25000,-460000
060288,群光元大9C購01  ,0,0,0,0,0,0,0,0,0,-461000,0,0,0,260000,721000,-461000,-461000
066410,潤泰新凱基01購01,0,0,0,0,0,0,0,0,0,-463000,0,0,0,44000,507000,-463000,-463000
6139,亞翔            ,309000,773000,-464000,0,0,0,0,0,0,1000,1000,0,1000,0,0,0,-463000
058308,全新元大9B購01  ,0,0,0,0,0,0,0,0,0,-465000,0,0,0,1000,466000,-465000,-465000
066813,亞德客兆豐01購01,0,0,0,0,0,0,0,0,0,-466000,0,0,0,58000,524000,-466000,-466000
064864,金像電永豐01購01,0,0,0,0,0,0,0,0,0,-466000,0,0,0,0,466000,-466000,-466000
066472,美利達統一02購01,0,0,0,0,0,0,0,0,0,-467000,0,0,0,100000,567000,-467000,-467000
064388,緯穎富邦9C購01  ,0,0,0,0,0,0,0,0,0,-468000,0,0,0,40000,508000,-468000,-468000
057479,致茂元大98購03  ,0,0,0,0,0,0,0,0,0,-469000,0,0,0,0,469000,-469000,-469000
059853,超眾永豐99購03  ,0,0,0,0,0,0,0,0,0,-469000,0,0,0,0,469000,-469000,-469000
07224P,鴻海元大9A售02  ,0,0,0,0,0,0,0,0,0,-470000,0,0,0,0,470000,-470000,-470000
058645,康控富邦01購01  ,0,0,0,0,0,0,0,0,0,-470000,0,0,0,278000,748000,-470000,-470000
08131P,立積元大9B售02  ,0,0,0,0,0,0,0,0,0,-471000,0,0,0,0,471000,-471000,-471000
066339,總太永豐01購01  ,0,0,0,0,0,0,0,0,0,-471000,0,0,0,145000,616000,-471000,-471000
064848,金像電元富9C購02,0,0,0,0,0,0,0,0,0,-471000,0,0,0,106000,577000,-471000,-471000
03449B,臺股指元大01熊01,0,0,0,0,0,0,0,0,0,-472000,0,0,0,32000,504000,-472000,-472000
058811,台積電統一9A購05,0,0,0,0,0,0,0,0,0,-473000,0,0,0,25000,498000,-473000,-473000
07021P,台積電富邦9C售02,0,0,0,0,0,0,0,0,0,-474000,0,0,0,0,474000,-474000,-474000
065577,超眾群益9C購02  ,0,0,0,0,0,0,0,0,0,-474000,0,0,0,22000,496000,-474000,-474000
066774,聯詠富邦03購01  ,0,0,0,0,0,0,0,0,0,-477000,0,0,0,602000,1079000,-477000,-477000
059865,國巨凱基01購01  ,0,0,0,0,0,0,0,0,0,-477000,0,0,0,61000,538000,-477000,-477000
065450,同欣電統一01購03,0,0,0,0,0,0,0,0,0,-478000,0,0,0,101000,579000,-478000,-478000
063817,GIS群益9C購01   ,0,0,0,0,0,0,0,0,0,-483000,0,0,0,89000,572000,-483000,-483000
066111,上銀兆豐02購01  ,0,0,0,0,0,0,0,0,0,-484000,0,0,0,0,484000,-484000,-484000
064491,金像電元大9C購03,0,0,0,0,0,0,0,0,0,-484000,0,0,0,0,484000,-484000,-484000
066092,億豐永豐01購01  ,0,0,0,0,0,0,0,0,0,-487000,0,0,0,0,487000,-487000,-487000
6206,飛捷            ,62000,571000,-509000,0,0,0,0,0,0,22000,22000,0,22000,0,0,0,-487000
08110P,臺股指中信01售05,0,0,0,0,0,0,0,0,0,-488000,0,0,0,100000,588000,-488000,-488000
050077,臺股指凱基99購02,0,0,0,0,0,0,0,0,0,-488000,0,0,0,1449000,1937000,-488000,-488000
063647,超眾元大9B購02  ,0,0,0,0,0,0,0,0,0,-488000,0,0,0,71000,559000,-488000,-488000
064818,華新統一01購01  ,0,0,0,0,0,0,0,0,0,-488000,0,0,0,244000,732000,-488000,-488000
2404,漢唐            ,335000,734000,-399000,0,0,0,0,0,0,-89000,29000,37000,-8000,2000,83000,-81000,-488000
066896,緯穎兆豐03購01  ,0,0,0,0,0,0,0,0,0,-489000,0,0,0,10000,499000,-489000,-489000
064323,滬深2X元大9C購09,0,0,0,0,0,0,0,0,0,-489000,0,0,0,22000,511000,-489000,-489000
064171,燿華元富9C購01  ,0,0,0,0,0,0,0,0,0,-489000,0,0,0,102000,591000,-489000,-489000
03840P,台積電統一99售02,0,0,0,0,0,0,0,0,0,-490000,0,0,0,0,490000,-490000,-490000
056219,T50反1日盛02購01,0,0,0,0,0,0,0,0,0,-490000,0,0,0,0,490000,-490000,-490000
6153,嘉聯益          ,491000,1068000,-577000,0,0,0,0,0,0,87000,150000,113000,37000,76000,26000,50000,-490000
063402,GIS群益9B購02   ,0,0,0,0,0,0,0,0,0,-491000,0,0,0,0,491000,-491000,-491000
00676R,富邦臺灣加權反1 ,48000,50000,-2000,0,0,0,0,0,0,-490000,0,0,0,1554000,2044000,-490000,-492000
064117,中興電元大9C購01,0,0,0,0,0,0,0,0,0,-496000,0,0,0,9000,505000,-496000,-496000
2478,大毅            ,386000,770000,-384000,0,0,0,0,0,0,-112000,1000,0,1000,16000,129000,-113000,-496000
9914,美利達          ,1200000,2095800,-895800,0,0,0,290000,0,290000,109000,140000,73000,67000,54000,12000,42000,-496800
08203P,同欣電永豐9B售04,0,0,0,0,0,0,0,0,0,-498000,0,0,0,0,498000,-498000,-498000
057525,光磊元大99購01  ,0,0,0,0,0,0,0,0,0,-498000,0,0,0,0,498000,-498000,-498000
08651P,台灣50群益02售05,0,0,0,0,0,0,0,0,0,-499000,0,0,0,0,499000,-499000,-499000
08794P,台積電兆豐01售03,0,0,0,0,0,0,0,0,0,-499000,0,0,0,120000,619000,-499000,-499000
07222P,台灣50元大01售04,0,0,0,0,0,0,0,0,0,-499000,0,0,0,0,499000,-499000,-499000
061867,旺宏元大9B購02  ,0,0,0,0,0,0,0,0,0,-499000,0,0,0,0,499000,-499000,-499000
07842P,力成元大9A售01  ,0,0,0,0,0,0,0,0,0,-500000,0,0,0,100000,600000,-500000,-500000
064699,臻鼎群益9C購01  ,0,0,0,0,0,0,0,0,0,-501000,0,0,0,218000,719000,-501000,-501000
067087,帆宣元大01購03  ,0,0,0,0,0,0,0,0,0,-504000,0,0,0,600000,1104000,-504000,-504000
3704,合勤控          ,810000,1327000,-517000,0,0,0,0,0,0,13000,0,0,0,13000,0,13000,-504000
058318,致茂永豐9A購01  ,0,0,0,0,0,0,0,0,0,-508000,0,0,0,78000,586000,-508000,-508000
061866,力山元大9C購01  ,0,0,0,0,0,0,0,0,0,-508000,0,0,0,7000,515000,-508000,-508000
08517P,奇力新群益9C售03,0,0,0,0,0,0,0,0,0,-509000,0,0,0,25000,534000,-509000,-509000
064563,全新群益02購01  ,0,0,0,0,0,0,0,0,0,-509000,0,0,0,55000,564000,-509000,-509000
063777,儒鴻永豐9B購02  ,0,0,0,0,0,0,0,0,0,-510000,0,0,0,0,510000,-510000,-510000
065643,聯發科元大01購06,0,0,0,0,0,0,0,0,0,-510000,0,0,0,81000,591000,-510000,-510000
065782,健策富邦01購02  ,0,0,0,0,0,0,0,0,0,-510000,0,0,0,278000,788000,-510000,-510000
058881,全新永豐99購01  ,0,0,0,0,0,0,0,0,0,-513000,0,0,0,0,513000,-513000,-513000
062051,上銀統一9C購02  ,0,0,0,0,0,0,0,0,0,-515000,0,0,0,0,515000,-515000,-515000
2457,飛宏            ,247000,764000,-517000,0,0,0,0,0,0,0,0,0,0,0,0,0,-517000
061892,亞德客永豐9B購01,0,0,0,0,0,0,0,0,0,-518000,0,0,0,5000,523000,-518000,-518000
063657,茂林元富9B購04  ,0,0,0,0,0,0,0,0,0,-518000,0,0,0,3000,521000,-518000,-518000
07777P,創意元大9A售03  ,0,0,0,0,0,0,0,0,0,-519000,0,0,0,288000,807000,-519000,-519000
062647,南電國泰9C購02  ,0,0,0,0,0,0,0,0,0,-519000,0,0,0,55000,574000,-519000,-519000
060122,亞德客永豐99購02,0,0,0,0,0,0,0,0,0,-520000,0,0,0,87000,607000,-520000,-520000
063632,金像電元大9B購04,0,0,0,0,0,0,0,0,0,-520000,0,0,0,0,520000,-520000,-520000
062050,亞德客統一9C購01,0,0,0,0,0,0,0,0,0,-522000,0,0,0,59000,581000,-522000,-522000
6191,精成科          ,716000,1238000,-522000,0,0,0,0,0,0,0,0,0,0,0,0,0,-522000
064068,義隆永豐9C購01  ,0,0,0,0,0,0,0,0,0,-524000,0,0,0,357000,881000,-524000,-524000
08771P,滬深2X凱基01售02,0,0,0,0,0,0,0,0,0,-528000,0,0,0,171000,699000,-528000,-528000
8163,達方            ,282000,822000,-540000,0,0,0,0,0,0,12000,18000,11000,7000,20000,15000,5000,-528000
067072,建準元大01購01  ,0,0,0,0,0,0,0,0,0,-529000,0,0,0,113000,642000,-529000,-529000
06047P,聯發科富邦99售04,0,0,0,0,0,0,0,0,0,-529000,0,0,0,0,529000,-529000,-529000
064189,TPK永豐9C購01   ,0,0,0,0,0,0,0,0,0,-530000,0,0,0,28000,558000,-530000,-530000
064873,世紀鋼永豐9C購01,0,0,0,0,0,0,0,0,0,-530000,0,0,0,0,530000,-530000,-530000
064990,世紀鋼元大01購01,0,0,0,0,0,0,0,0,0,-530000,0,0,0,141000,671000,-530000,-530000
065191,南電統一01購03  ,0,0,0,0,0,0,0,0,0,-531000,0,0,0,23000,554000,-531000,-531000
063259,廣達富邦9C購01  ,0,0,0,0,0,0,0,0,0,-532000,0,0,0,46000,578000,-532000,-532000
065652,超眾元大01購02  ,0,0,0,0,0,0,0,0,0,-532000,0,0,0,65000,597000,-532000,-532000
064683,台表科兆豐9C購02,0,0,0,0,0,0,0,0,0,-532000,0,0,0,155000,687000,-532000,-532000
060404,台勝科國泰9B購01,0,0,0,0,0,0,0,0,0,-533000,0,0,0,129000,662000,-533000,-533000
060437,宏全永豐9A購01  ,0,0,0,0,0,0,0,0,0,-534000,0,0,0,21000,555000,-534000,-534000
062226,臻鼎統一9B購01  ,0,0,0,0,0,0,0,0,0,-534000,0,0,0,173000,707000,-534000,-534000
064847,金像電元富9C購01,0,0,0,0,0,0,0,0,0,-535000,0,0,0,105000,640000,-535000,-535000
063384,巨大永豐9B購04  ,0,0,0,0,0,0,0,0,0,-539000,0,0,0,79000,618000,-539000,-539000
067068,台積電元大01購21,20000,0,20000,0,0,0,0,0,0,-560000,0,0,0,328000,888000,-560000,-540000
055976,台積電統一99購03,0,0,0,0,0,0,0,0,0,-540000,0,0,0,0,540000,-540000,-540000
065980,中租元大02購01  ,0,0,0,0,0,0,0,0,0,-541000,0,0,0,46000,587000,-541000,-541000
061799,奇鋐永豐9B購01  ,0,0,0,0,0,0,0,0,0,-544000,0,0,0,87000,631000,-544000,-544000
065541,GIS統一01購05   ,0,0,0,0,0,0,0,0,0,-544000,0,0,0,89000,633000,-544000,-544000
057956,全新元大99購04  ,0,0,0,0,0,0,0,0,0,-545000,0,0,0,0,545000,-545000,-545000
063498,金像電永豐9B購02,0,0,0,0,0,0,0,0,0,-549000,0,0,0,1000,550000,-549000,-549000
067185,宏達電凱基02購01,0,0,0,0,0,0,0,0,0,-550000,0,0,0,2000,552000,-550000,-550000
08615P,同欣電統一9C售02,0,0,0,0,0,0,0,0,0,-552000,0,0,0,466000,1018000,-552000,-552000
2474,可成            ,642434,1251807,-609373,0,0,0,111000,8911,102089,-45000,44000,56000,-12000,19000,52000,-33000,-552284
066629,國揚凱基01購01  ,0,0,0,0,0,0,0,0,0,-553000,0,0,0,107000,660000,-553000,-553000
066454,金像電統一01購03,0,0,0,0,0,0,0,0,0,-557000,0,0,0,97000,654000,-557000,-557000
065851,京鼎元大02購01  ,0,0,0,0,0,0,0,0,0,-557000,0,0,0,87000,644000,-557000,-557000
061489,高鐵兆豐9A購01  ,0,0,0,0,0,0,0,0,0,-558000,0,0,0,42000,600000,-558000,-558000
08826P,健策元大01售08  ,0,0,0,0,0,0,0,0,0,-559000,0,0,0,60000,619000,-559000,-559000
063671,GIS統一01購01   ,0,0,0,0,0,0,0,0,0,-562000,0,0,0,4000,566000,-562000,-562000
2614,東森            ,631000,1192000,-561000,0,0,0,0,0,0,-5000,0,0,0,33000,38000,-5000,-566000
066149,潤泰新群益01購01,0,0,0,0,0,0,0,0,0,-568000,0,0,0,236000,804000,-568000,-568000
066682,聯詠兆豐03購01  ,0,0,0,0,0,0,0,0,0,-568000,0,0,0,73000,641000,-568000,-568000
060417,正隆永豐9A購01  ,0,0,0,0,0,0,0,0,0,-568000,0,0,0,1000,569000,-568000,-568000
061192,奇鋐永豐9A購01  ,0,0,0,0,0,0,0,0,0,-569000,0,0,0,832000,1401000,-569000,-569000
063440,上銀統一01購02  ,0,0,0,0,0,0,0,0,0,-571000,0,0,0,95000,666000,-571000,-571000
064206,鴻海凱基03購02  ,0,0,0,0,0,0,0,0,0,-571000,0,0,0,11000,582000,-571000,-571000
063204,高鐵統一9C購01  ,0,0,0,0,0,0,0,0,0,-572000,0,0,0,0,572000,-572000,-572000
065733,茂林凱基9C購03  ,0,0,0,0,0,0,0,0,0,-572000,0,0,0,26000,598000,-572000,-572000
064135,復盛元大9C購01  ,0,0,0,0,0,0,0,0,0,-574000,0,0,0,79000,653000,-574000,-574000
5521,工信            ,401000,975000,-574000,0,0,0,0,0,0,0,0,0,0,0,0,0,-574000
2345,智邦            ,1702700,2033820,-331120,0,0,0,0,118000,-118000,-127000,64000,160000,-96000,15000,46000,-31000,-576120
060431,復盛永豐9A購01  ,0,0,0,0,0,0,0,0,0,-578000,0,0,0,1000,579000,-578000,-578000
061073,T50反1兆豐9A購01,0,0,0,0,0,0,0,0,0,-579000,0,0,0,0,579000,-579000,-579000
062996,致茂國票9C購01  ,0,0,0,0,0,0,0,0,0,-579000,0,0,0,38000,617000,-579000,-579000
061865,力山元大9B購01  ,0,0,0,0,0,0,0,0,0,-581000,0,0,0,19000,600000,-581000,-581000
066736,京鼎元大01購02  ,0,0,0,0,0,0,0,0,0,-582000,0,0,0,37000,619000,-582000,-582000
065202,南電元富06購01  ,0,0,0,0,0,0,0,0,0,-584000,0,0,0,0,584000,-584000,-584000
062428,超眾統一9B購01  ,0,0,0,0,0,0,0,0,0,-586000,0,0,0,279000,865000,-586000,-586000
07771P,義隆國票9A售01  ,0,0,0,0,0,0,0,0,0,-588000,0,0,0,20000,608000,-588000,-588000
066360,致茂中信05購01  ,0,0,0,0,0,0,0,0,0,-589000,0,0,0,32000,621000,-589000,-589000
061173,T50反1凱基04購01,0,0,0,0,0,0,0,0,0,-589000,0,0,0,0,589000,-589000,-589000
01003T,兆豐新光R1      ,0,590000,-590000,0,0,0,0,0,0,0,0,0,0,0,0,0,-590000
064866,義隆永豐9C購02  ,0,0,0,0,0,0,0,0,0,-590000,0,0,0,416000,1006000,-590000,-590000
064935,寶成統一02購02  ,0,0,0,0,0,0,0,0,0,-591000,0,0,0,0,591000,-591000,-591000
08706P,台積電統一02售04,0,0,0,0,0,0,0,0,0,-592000,0,0,0,32000,624000,-592000,-592000
066587,台船群益01購01  ,0,0,0,0,0,0,0,0,0,-595000,0,0,0,10000,605000,-595000,-595000
2886,兆豐金          ,8699166,10324532,-1625366,0,0,0,887000,110810,776190,252000,190000,26000,164000,128000,40000,88000,-597176
3665,貿聯-KY         ,253000,567000,-314000,0,0,0,0,52000,-52000,-233000,15000,81000,-66000,5000,172000,-167000,-599000
066829,奇力新群益01購01,0,0,0,0,0,0,0,0,0,-603000,0,0,0,0,603000,-603000,-603000
062540,茂林國泰9C購01  ,0,0,0,0,0,0,0,0,0,-604000,0,0,0,162000,766000,-604000,-604000
054805,台苯元大9A購01  ,0,0,0,0,0,0,0,0,0,-605000,0,0,0,0,605000,-605000,-605000
06328P,台積電中信01售02,0,0,0,0,0,0,0,0,0,-605000,0,0,0,0,605000,-605000,-605000
058268,泰碩永豐9A購01  ,0,0,0,0,0,0,0,0,0,-617000,0,0,0,155000,772000,-617000,-617000
058928,國巨統一9C購01  ,0,0,0,0,0,0,0,0,0,-617000,0,0,0,300000,917000,-617000,-617000
066730,致茂元大01購01  ,0,2000,-2000,0,0,0,0,0,0,-616000,0,0,0,41000,657000,-616000,-618000
07341P,台積電凱基99售18,0,0,0,0,0,0,0,0,0,-619000,0,0,0,0,619000,-619000,-619000
058286,道瓊指國票9B購01,0,0,0,0,0,0,0,0,0,-622000,0,0,0,30000,652000,-622000,-622000
064278,高鐵元大9C購02  ,0,0,0,0,0,0,0,0,0,-626000,0,0,0,54000,680000,-626000,-626000
063352,上銀元富9B購02  ,0,0,0,0,0,0,0,0,0,-627000,0,0,0,59000,686000,-627000,-627000
08326P,臺股指凱基9C售09,0,0,0,0,0,0,0,0,0,-632000,0,0,0,0,632000,-632000,-632000
060784,鴻海富邦9C購01  ,0,0,0,0,0,0,0,0,0,-632000,0,0,0,5000,637000,-632000,-632000
064230,上銀統一01購04  ,0,0,0,0,0,0,0,0,0,-635000,0,0,0,0,635000,-635000,-635000
066953,禾伸堂元大01購01,0,0,0,0,0,0,0,0,0,-637000,0,0,0,10000,647000,-637000,-637000
065208,義隆國票01購01  ,0,0,0,0,0,0,0,0,0,-637000,0,0,0,12000,649000,-637000,-637000
08161P,台表科元富9B售02,0,0,0,0,0,0,0,0,0,-644000,0,0,0,12000,656000,-644000,-644000
056775,康控元大99購01  ,0,0,0,0,0,0,0,0,0,-645000,0,0,0,165000,810000,-645000,-645000
8081,致新            ,151000,452300,-301300,0,0,0,0,350000,-350000,-3000,2000,0,2000,1000,6000,-5000,-654300
08639P,聯發科永豐9C售03,0,0,0,0,0,0,0,0,0,-655000,0,0,0,33000,688000,-655000,-655000
2349,錸德            ,489000,1144000,-655000,0,0,0,0,0,0,0,0,0,0,0,0,0,-655000
07037P,台積電台新99售03,0,0,0,0,0,0,0,0,0,-661000,0,0,0,500000,1161000,-661000,-661000
061899,復盛永豐9B購01  ,0,0,0,0,0,0,0,0,0,-663000,0,0,0,0,663000,-663000,-663000
059040,訊芯群益99購03  ,0,0,0,0,0,0,0,0,0,-665000,0,0,0,65000,730000,-665000,-665000
058156,超眾統一9A購02  ,0,0,0,0,0,0,0,0,0,-666000,0,0,0,415000,1081000,-666000,-666000
3019,亞光            ,435000,920000,-485000,0,0,0,0,0,0,-182000,11000,156000,-145000,25000,62000,-37000,-667000
055701,亞德客富邦99購01,0,0,0,0,0,0,0,0,0,-670000,0,0,0,223000,893000,-670000,-670000
056604,鴻海富邦9A購01  ,0,0,0,0,0,0,0,0,0,-672000,0,0,0,600000,1272000,-672000,-672000
08090P,嘉澤統一9B售01  ,0,0,0,0,0,0,0,0,0,-673000,0,0,0,20000,693000,-673000,-673000
08599P,台表科元大9C售11,0,0,0,0,0,0,0,0,0,-673000,0,0,0,0,673000,-673000,-673000
066464,台郡統一02購02  ,5000,0,5000,0,0,0,0,0,0,-680000,0,0,0,756000,1436000,-680000,-675000
064725,緯創統一02購01  ,0,0,0,0,0,0,0,0,0,-678000,0,0,0,5000,683000,-678000,-678000
057377,康控元大99購02  ,0,0,0,0,0,0,0,0,0,-682000,0,0,0,13000,695000,-682000,-682000
064138,亞德客統一01購02,0,0,0,0,0,0,0,0,0,-683000,0,0,0,57000,740000,-683000,-683000
6257,矽格            ,586000,2461000,-1875000,0,0,0,1500000,0,1500000,-308000,149000,86000,63000,58000,429000,-371000,-683000
065838,鴻海元大03購01  ,0,0,0,0,0,0,0,0,0,-687000,0,0,0,99000,786000,-687000,-687000
062819,奇鋐兆豐9B購01  ,1000,0,1000,0,0,0,0,0,0,-695000,0,0,0,430000,1125000,-695000,-694000
066512,致茂永豐01購01  ,0,0,0,0,0,0,0,0,0,-696000,0,0,0,25000,721000,-696000,-696000
065366,英業達元大9C購02,0,0,0,0,0,0,0,0,0,-701000,0,0,0,77000,778000,-701000,-701000
063494,金像電富邦9B購01,0,0,0,0,0,0,0,0,0,-701000,0,0,0,94000,795000,-701000,-701000
061245,晶技群益9A購01  ,0,0,0,0,0,0,0,0,0,-707000,0,0,0,320000,1027000,-707000,-707000
06799P,臺股指凱基98售09,0,0,0,0,0,0,0,0,0,-711000,0,0,0,2000,713000,-711000,-711000
07649P,金像電永豐9A售02,0,0,0,0,0,0,0,0,0,-715000,0,0,0,1000,716000,-715000,-715000
4958,臻鼎-KY         ,1708817,2854253,-1145436,0,0,0,77000,10000,67000,363000,453000,153000,300000,105000,42000,63000,-715436
4927,泰鼎-KY         ,433000,953000,-520000,0,0,0,20000,200000,-180000,-17000,23000,15000,8000,8000,33000,-25000,-717000
06608P,立積群益99售02  ,0,0,0,0,0,0,0,0,0,-720000,0,0,0,0,720000,-720000,-720000
08379P,台積電國泰02售02,0,0,0,0,0,0,0,0,0,-722000,0,0,0,601000,1323000,-722000,-722000
03683C,T50反1元大9C牛04,0,0,0,0,0,0,0,0,0,-723000,0,0,0,665000,1388000,-723000,-723000
08672P,聯發科統一01售09,0,0,0,0,0,0,0,0,0,-725000,0,0,0,0,725000,-725000,-725000
066299,潤泰新元大01購01,0,0,0,0,0,0,0,0,0,-726000,0,0,0,220000,946000,-726000,-726000
053118,大立光中信9C購01,0,0,0,0,0,0,0,0,0,-731000,0,0,0,0,731000,-731000,-731000
3450,聯鈞            ,857000,858000,-1000,0,0,0,0,618000,-618000,-113000,60000,0,60000,51000,224000,-173000,-732000
063491,國巨富邦02購02  ,0,0,0,0,0,0,0,0,0,-734000,0,0,0,40000,774000,-734000,-734000
063583,GIS國泰01購01   ,0,0,0,0,0,0,0,0,0,-734000,0,0,0,126000,860000,-734000,-734000
064139,裕隆統一01購02  ,0,0,0,0,0,0,0,0,0,-736000,0,0,0,562000,1298000,-736000,-736000
065336,華新統一02購01  ,0,0,0,0,0,0,0,0,0,-736000,0,0,0,0,736000,-736000,-736000
08643P,和碩群益9C售02  ,0,0,0,0,0,0,0,0,0,-739000,0,0,0,129000,868000,-739000,-739000
08563P,金像電元富9C售03,0,0,0,0,0,0,0,0,0,-741000,0,0,0,4000,745000,-741000,-741000
054819,裕民元大9A購01  ,0,0,0,0,0,0,0,0,0,-744000,0,0,0,166000,910000,-744000,-744000
3189,景碩            ,3331000,3222000,109000,0,0,0,0,875000,-875000,16000,156000,159000,-3000,84000,65000,19000,-750000
08729P,創意永豐01售01  ,0,0,0,0,0,0,0,0,0,-751000,0,0,0,246000,997000,-751000,-751000
063490,儒鴻富邦9C購01  ,0,0,0,0,0,0,0,0,0,-756000,0,0,0,163000,919000,-756000,-756000
067248,帆宣群益01購01  ,0,0,0,0,0,0,0,0,0,-757000,0,0,0,0,757000,-757000,-757000
063080,裕隆凱基9B購01  ,0,0,0,0,0,0,0,0,0,-759000,0,0,0,26000,785000,-759000,-759000
1326,台化            ,2263902,3062752,-798850,0,0,0,0,57500,-57500,89000,114000,24000,90000,0,1000,-1000,-767350
065821,億豐元富03購01  ,0,0,0,0,0,0,0,0,0,-769000,0,0,0,130000,899000,-769000,-769000
9938,百和            ,387000,1115000,-728000,0,0,0,0,0,0,-44000,52000,42000,10000,0,54000,-54000,-772000
2603,長榮            ,6422000,2280000,4142000,0,0,0,0,313000,-313000,-4603000,81000,4682000,-4601000,0,2000,-2000,-774000
056096,超眾元富9A購01  ,0,0,0,0,0,0,0,0,0,-779000,0,0,0,103000,882000,-779000,-779000
063148,建準元富9B購01  ,0,0,0,0,0,0,0,0,0,-782000,0,0,0,433000,1215000,-782000,-782000
061372,世紀鋼國泰9C購01,0,0,0,0,0,0,0,0,0,-787000,0,0,0,310000,1097000,-787000,-787000
063488,金像電國泰01購01,0,0,0,0,0,0,0,0,0,-792000,0,0,0,555000,1347000,-792000,-792000
066046,聯發科元大01購09,0,0,0,0,0,0,0,0,0,-797000,0,0,0,261000,1058000,-797000,-797000
066557,京鼎元大01購01  ,0,0,0,0,0,0,0,0,0,-800000,0,0,0,12000,812000,-800000,-800000
2885,元大金          ,17674514,16846000,828514,0,0,0,115000,147000,-32000,-1597369,61000,1535000,-1474000,0,123369,-123369,-800855
060243,潤泰全元大9C購02,0,0,0,0,0,0,0,0,0,-812000,0,0,0,2000,814000,-812000,-812000
2489,瑞軒            ,1416000,2258000,-842000,0,0,0,0,0,0,30000,52000,22000,30000,0,0,0,-812000
060290,興富發元大9C購01,0,0,0,0,0,0,0,0,0,-814000,0,0,0,107000,921000,-814000,-814000
062851,建準永豐9B購02  ,0,0,0,0,0,0,0,0,0,-814000,0,0,0,36000,850000,-814000,-814000
08800P,台積電元大01售20,0,0,0,0,0,0,0,0,0,-823000,0,0,0,2041000,2864000,-823000,-823000
060242,潤泰全元大9C購01,0,0,0,0,0,0,0,0,0,-824000,0,0,0,150000,974000,-824000,-824000
063353,上銀元富9B購03  ,0,0,0,0,0,0,0,0,0,-830000,0,0,0,20000,850000,-830000,-830000
056584,鴻海統一9B購01  ,10000,0,10000,0,0,0,0,0,0,-850000,0,0,0,1636000,2486000,-850000,-840000
3016,嘉晶            ,535000,1076000,-541000,0,0,0,0,0,0,-299000,5000,86000,-81000,13000,231000,-218000,-840000
066113,金像電兆豐01購01,0,0,0,0,0,0,0,0,0,-842000,0,0,0,30000,872000,-842000,-842000
064350,茂林元大01購01  ,0,0,0,0,0,0,0,0,0,-843000,0,0,0,78000,921000,-843000,-843000
2323,中環            ,1263000,2323000,-1060000,0,0,0,0,0,0,213000,243000,146000,97000,116000,0,116000,-847000
2834,臺企銀          ,3421000,4186250,-765250,0,0,0,0,39000,-39000,-44000,0,98000,-98000,54000,0,54000,-848250
08172P,台積電凱基03售02,0,0,0,0,0,0,0,0,0,-849000,0,0,0,100000,949000,-849000,-849000
3024,憶聲            ,233000,1093000,-860000,0,0,0,0,0,0,0,0,0,0,0,0,0,-860000
066134,強茂群益01購01  ,0,0,0,0,0,0,0,0,0,-861000,0,0,0,10000,871000,-861000,-861000
062297,億豐永豐9B購01  ,0,0,0,0,0,0,0,0,0,-865000,0,0,0,10000,875000,-865000,-865000
057544,鴻海凱基02購01  ,0,0,0,0,0,0,0,0,0,-869000,0,0,0,54000,923000,-869000,-869000
00672L,元大S&P原油正2  ,0,0,0,0,0,0,0,0,0,-884000,0,0,0,42000,926000,-884000,-884000
058154,泰碩統一9A購01  ,0,0,0,0,0,0,0,0,0,-884000,0,0,0,30000,914000,-884000,-884000
063581,同欣電國泰9C購01,0,0,0,0,0,0,0,0,0,-885000,0,0,0,136000,1021000,-885000,-885000
2399,映泰            ,615000,1504000,-889000,0,0,0,0,0,0,1000,1000,0,1000,0,0,0,-888000
1310,台苯            ,76000,972000,-896000,0,0,0,0,0,0,5000,0,0,0,5000,0,5000,-891000
066967,台積電元富07購03,175000,0,175000,0,0,0,0,0,0,-1084000,0,0,0,21000,1105000,-1084000,-909000
054211,奇鋐國票97購03  ,0,0,0,0,0,0,0,0,0,-909000,0,0,0,0,909000,-909000,-909000
07060P,台表科國票9A售01,0,0,0,0,0,0,0,0,0,-910000,0,0,0,395000,1305000,-910000,-910000
1731,美吾華          ,1375000,2285000,-910000,0,0,0,0,0,0,0,0,0,0,0,0,0,-910000
07976P,聯發科群益9C售02,0,0,0,0,0,0,0,0,0,-913000,0,0,0,150000,1063000,-913000,-913000
07208P,台積電凱基99售14,0,0,0,0,0,0,0,0,0,-915000,0,0,0,0,915000,-915000,-915000
1467,南緯            ,222000,1137000,-915000,0,0,0,0,0,0,0,0,0,0,0,0,0,-915000
08416P,T50反1元大9C售07,0,0,0,0,0,0,0,0,0,-916000,0,0,0,0,916000,-916000,-916000
07264P,台積電元大99售38,0,0,0,0,0,0,0,0,0,-928000,0,0,0,171000,1099000,-928000,-928000
064736,超眾元富9C購04  ,0,0,0,0,0,0,0,0,0,-929000,0,0,0,129000,1058000,-929000,-929000
054534,台積電富邦98購03,0,0,0,0,0,0,0,0,0,-930000,0,0,0,19000,949000,-930000,-930000
061379,鈺齊永豐9A購02  ,0,0,0,0,0,0,0,0,0,-930000,0,0,0,117000,1047000,-930000,-930000
08748P,台積電元富07售02,0,0,0,0,0,0,0,0,0,-937000,0,0,0,58000,995000,-937000,-937000
064856,GIS國泰02購01   ,0,0,0,0,0,0,0,0,0,-947000,0,0,0,55000,1002000,-947000,-947000
063862,世紀鋼國泰02購01,0,0,0,0,0,0,0,0,0,-955000,0,0,0,91000,1046000,-955000,-955000
08726P,台積電群益01售07,0,0,0,0,0,0,0,0,0,-957000,0,0,0,1297000,2254000,-957000,-957000
066266,強茂元大01購01  ,0,0,0,0,0,0,0,0,0,-967000,0,0,0,725000,1692000,-967000,-967000
00664R,國泰臺灣加權反1 ,110000,110000,0,0,0,0,0,0,0,-970000,0,0,0,362000,1332000,-970000,-970000
054827,宏全元大9A購01  ,0,0,0,0,0,0,0,0,0,-981000,0,0,0,158000,1139000,-981000,-981000
066846,京鼎元大01購03  ,0,0,0,0,0,0,0,0,0,-990000,0,0,0,72000,1062000,-990000,-990000
08658P,聯發科統一9C售19,0,0,0,0,0,0,0,0,0,-991000,0,0,0,236000,1227000,-991000,-991000
07486P,上証2X國票9B售02,0,0,0,0,0,0,0,0,0,-998000,0,0,0,40000,1038000,-998000,-998000
2390,云辰            ,3384000,4386000,-1002000,0,0,0,0,0,0,2000,2000,0,2000,0,0,0,-1000000
3038,全台            ,484000,1189000,-705000,0,0,0,0,0,0,-297000,56000,353000,-297000,0,0,0,-1002000
8215,明基材          ,406000,1408000,-1002000,0,0,0,0,0,0,0,0,0,0,0,0,0,-1002000
1514,亞力            ,647000,1660000,-1013000,0,0,0,0,0,0,0,20000,20000,0,0,0,0,-1013000
067221,台表科元大01購02,0,0,0,0,0,0,0,0,0,-1034000,0,0,0,0,1034000,-1034000,-1034000
066285,松翰元大01購02  ,0,0,0,0,0,0,0,0,0,-1035000,0,0,0,117000,1152000,-1035000,-1035000
065983,亞德客國泰03購01,0,0,0,0,0,0,0,0,0,-1052000,0,0,0,403000,1455000,-1052000,-1052000
00642U,元大S&P石油     ,814000,3000,811000,0,0,0,0,0,0,-1864000,0,0,0,203000,2067000,-1864000,-1053000
2481,強茂            ,692000,2159000,-1467000,0,0,0,0,0,0,413000,76000,7000,69000,470000,126000,344000,-1054000
00693U,街口S&P黃豆     ,30000,528000,-498000,0,0,0,0,0,0,-558000,0,0,0,82000,640000,-558000,-1056000
065507,亞德客群益01購02,0,0,0,0,0,0,0,0,0,-1061000,0,0,0,121000,1182000,-1061000,-1061000
063383,億豐永豐9B購02  ,0,0,0,0,0,0,0,0,0,-1065000,0,0,0,20000,1085000,-1065000,-1065000
4934,太極            ,325000,1393000,-1068000,0,0,0,0,0,0,0,0,0,0,0,0,0,-1068000
060156,光磊永豐9A購01  ,0,0,0,0,0,0,0,0,0,-1070000,0,0,0,74000,1144000,-1070000,-1070000
066267,強茂元大01購02  ,0,0,0,0,0,0,0,0,0,-1085000,0,0,0,1015000,2100000,-1085000,-1085000
2498,宏達電          ,1091000,2121000,-1030000,0,0,0,0,0,0,-56000,22000,67000,-45000,79000,90000,-11000,-1086000
064248,億光元富9C購01  ,0,0,0,0,0,0,0,0,0,-1090000,0,0,0,125000,1215000,-1090000,-1090000
063675,亞德客國泰01購01,0,0,0,0,0,0,0,0,0,-1095000,0,0,0,193000,1288000,-1095000,-1095000
064858,鴻海富邦01購01  ,0,0,0,0,0,0,0,0,0,-1095000,0,0,0,72000,1167000,-1095000,-1095000
056034,華通凱基98購01  ,0,0,0,0,0,0,0,0,0,-1100000,0,0,0,0,1100000,-1100000,-1100000
00715L,街口布蘭特油正2 ,0,0,0,0,0,0,0,0,0,-1104000,0,0,0,0,1104000,-1104000,-1104000
2417,圓剛            ,2724000,3839000,-1115000,0,0,0,0,0,0,2000,2000,0,2000,0,0,0,-1113000
063774,GIS富邦9B購02   ,0,0,0,0,0,0,0,0,0,-1117000,0,0,0,100000,1217000,-1117000,-1117000
065811,億豐群益9C購01  ,0,0,0,0,0,0,0,0,0,-1119000,0,0,0,28000,1147000,-1119000,-1119000
07149P,健鼎元大99售03  ,0,0,0,0,0,0,0,0,0,-1131000,0,0,0,69000,1200000,-1131000,-1131000
065529,聯發科中信01購04,0,0,0,0,0,0,0,0,0,-1139000,0,0,0,509000,1648000,-1139000,-1139000
065044,大立光凱基9C購06,0,0,0,0,0,0,0,0,0,-1140000,0,0,0,10000,1150000,-1140000,-1140000
066236,潤泰全富邦01購01,0,0,0,0,0,0,0,0,0,-1146000,0,0,0,20000,1166000,-1146000,-1146000
065352,GIS統一01購04   ,0,0,0,0,0,0,0,0,0,-1151000,0,0,0,82000,1233000,-1151000,-1151000
063201,廣達統一01購01  ,0,0,0,0,0,0,0,0,0,-1155000,0,0,0,31000,1186000,-1155000,-1155000
062967,上銀元富9B購01  ,0,0,0,0,0,0,0,0,0,-1169000,0,0,0,127000,1296000,-1169000,-1169000
053564,台積電富邦99購01,0,0,0,0,0,0,0,0,0,-1198000,0,0,0,1384000,2582000,-1198000,-1198000
066229,力山富邦04購01  ,0,0,0,0,0,0,0,0,0,-1206000,0,0,0,0,1206000,-1206000,-1206000
08536P,台積電國票9C售08,0,0,0,0,0,0,0,0,0,-1208000,0,0,0,1142000,2350000,-1208000,-1208000
4960,誠美材          ,658000,1871000,-1213000,0,0,0,0,0,0,1000,1000,0,1000,0,0,0,-1212000
08551P,台積電群益9C售12,0,0,0,0,0,0,0,0,0,-1222000,0,0,0,1239000,2461000,-1222000,-1222000
057741,超眾富邦98購01  ,0,0,0,0,0,0,0,0,0,-1242000,0,0,0,10000,1252000,-1242000,-1242000
057440,台積電統一98購10,0,0,0,0,0,0,0,0,0,-1242000,0,0,0,513000,1755000,-1242000,-1242000
1604,聲寶            ,577000,1823000,-1246000,0,0,0,0,0,0,0,0,0,0,0,0,0,-1246000
064056,GIS統一01購02   ,0,0,0,0,0,0,0,0,0,-1286000,0,0,0,127000,1413000,-1286000,-1286000
08550P,台灣50群益02售04,0,0,0,0,0,0,0,0,0,-1287000,0,0,0,0,1287000,-1287000,-1287000
2912,統一超          ,952797,2242000,-1289203,0,0,0,0,6000,-6000,0,0,0,0,0,0,0,-1295203
065385,億豐元大03購01  ,20000,0,20000,0,0,0,0,0,0,-1335000,0,0,0,101000,1436000,-1335000,-1315000
2458,義隆            ,1441044,2720000,-1278956,0,0,0,0,1000,-1000,-40000,161000,280000,-119000,200000,121000,79000,-1319956
065530,亞德客統一9C購02,0,0,0,0,0,0,0,0,0,-1324000,0,0,0,659000,1983000,-1324000,-1324000
5264,鎧勝-KY         ,1255000,1660000,-405000,0,0,0,0,940000,-940000,16000,41000,43000,-2000,61000,43000,18000,-1329000
046949,群創元大99購01  ,0,0,0,0,0,0,0,0,0,-1342000,0,0,0,653000,1995000,-1342000,-1342000
062653,正隆永豐9B購01  ,0,0,0,0,0,0,0,0,0,-1344000,0,0,0,0,1344000,-1344000,-1344000
2618,長榮航          ,3856000,5924689,-2068689,0,0,0,0,32000,-32000,746000,778000,63000,715000,84000,53000,31000,-1354689
066284,松翰元大01購01  ,0,0,0,0,0,0,0,0,0,-1355000,0,0,0,76000,1431000,-1355000,-1355000
065353,GIS統一02購03   ,0,0,0,0,0,0,0,0,0,-1359000,0,0,0,64000,1423000,-1359000,-1359000
4938,和碩            ,3253730,2516000,737730,0,0,0,496000,24000,472000,-2570000,22000,2538000,-2516000,27000,81000,-54000,-1360270
064450,致茂統一01購01  ,0,0,0,0,0,0,0,0,0,-1404000,0,0,0,119000,1523000,-1404000,-1404000
065897,凌華統一03購01  ,0,0,0,0,0,0,0,0,0,-1434000,0,0,0,110000,1544000,-1434000,-1434000
065621,聯發科第一9C購01,0,0,0,0,0,0,0,0,0,-1455000,0,0,0,49000,1504000,-1455000,-1455000
3052,夆典            ,166000,1653000,-1487000,0,0,0,0,0,0,0,0,0,0,0,0,0,-1487000
066995,盟立國泰03購01  ,0,0,0,0,0,0,0,0,0,-1561000,0,0,0,120000,1681000,-1561000,-1561000
066316,台船永豐01購01  ,0,0,0,0,0,0,0,0,0,-1619000,0,0,0,0,1619000,-1619000,-1619000
03875P,滬深2X國票05售01,0,0,0,0,0,0,0,0,0,-1619000,0,0,0,100000,1719000,-1619000,-1619000
07597P,臺股指中信01售02,0,0,0,0,0,0,0,0,0,-1629000,0,0,0,1720000,3349000,-1629000,-1629000
2823,中壽            ,4580000,7256147,-2676147,0,0,0,42000,28000,14000,971000,995000,0,995000,267000,291000,-24000,-1691147
3049,和鑫            ,522000,2216000,-1694000,0,0,0,0,0,0,1000,1000,0,1000,0,0,0,-1693000
058807,和大統一9B購01  ,0,0,0,0,0,0,0,0,0,-1709000,0,0,0,0,1709000,-1709000,-1709000
062013,奇鋐富邦9B購01  ,0,0,0,0,0,0,0,0,0,-1778000,0,0,0,335000,2113000,-1778000,-1778000
8046,南電            ,2664000,4341000,-1677000,0,0,0,0,300000,-300000,143000,234000,306000,-72000,281000,66000,215000,-1834000
066877,奇鋐富邦03購01  ,0,0,0,0,0,0,0,0,0,-1841000,0,0,0,23000,1864000,-1841000,-1841000
1434,福懋            ,1567000,3389000,-1822000,0,0,0,9000,4000,5000,-35000,9000,0,9000,0,44000,-44000,-1852000
06503P,臺股指中信9A售02,0,0,0,0,0,0,0,0,0,-1860000,0,0,0,25000,1885000,-1860000,-1860000
061137,晶技統一9B購01  ,0,0,0,0,0,0,0,0,0,-1863000,0,0,0,379000,2242000,-1863000,-1863000
08858P,台積電國票01售05,0,0,0,0,0,0,0,0,0,-1864000,0,0,0,1000000,2864000,-1864000,-1864000
3029,零壹            ,335000,2230000,-1895000,0,0,0,0,0,0,-4000,7000,11000,-4000,0,0,0,-1899000
058287,國巨國票9A購02  ,0,0,0,0,0,0,0,0,0,-1909000,0,0,0,10000,1919000,-1909000,-1909000
2376,技嘉            ,2449634,3501000,-1051366,0,0,0,332000,0,332000,-1208000,72000,642000,-570000,81000,719000,-638000,-1927366
067028,上海銀兆豐03購01,0,0,0,0,0,0,0,0,0,-1935000,0,0,0,0,1935000,-1935000,-1935000
6282,康舒            ,1500000,3683000,-2183000,0,0,0,0,0,0,244000,241000,19000,222000,212000,190000,22000,-1939000
2383,台光電          ,791000,2440800,-1649800,0,0,0,0,4000,-4000,-309000,206000,273000,-67000,7000,249000,-242000,-1962800
2363,矽統            ,723000,2713000,-1990000,0,0,0,0,0,0,4000,4000,0,4000,0,0,0,-1986000
2890,永豐金          ,5525140,7230960,-1705820,0,0,0,1792000,135000,1657000,-1959000,97000,1944000,-1847000,0,112000,-112000,-2007820
2449,京元電子        ,3570000,5769000,-2199000,0,0,0,0,15000,-15000,203000,396000,62000,334000,114000,245000,-131000,-2011000
064445,聚陽統一02購01  ,0,0,0,0,0,0,0,0,0,-2328000,0,0,0,1295000,3623000,-2328000,-2328000
2340,光磊            ,1405000,3798095,-2393095,0,0,0,0,0,0,50000,14000,21000,-7000,104000,47000,57000,-2343095
2317,鴻海            ,17020872,22482595,-5461723,0,0,0,0,3243000,-3243000,6326000,2689000,184000,2505000,3861000,40000,3821000,-2378723
1301,台塑            ,4631324,4060500,570824,0,0,0,0,616791,-616791,-2503000,47000,2523000,-2476000,5000,32000,-27000,-2548967
3576,聯合再生        ,2953000,5505000,-2552000,0,0,0,0,0,0,0,0,0,0,0,0,0,-2552000
3698,隆達            ,504000,3032000,-2528000,0,0,0,0,0,0,-324000,8000,355000,-347000,49000,26000,23000,-2852000
2338,光罩            ,709000,3161000,-2452000,0,0,0,0,0,0,-416000,0,1000,-1000,99000,514000,-415000,-2868000
063439,正隆統一01購01  ,0,0,0,0,0,0,0,0,0,-2871000,0,0,0,0,2871000,-2871000,-2871000
1101,台泥            ,11807548,15896114,-4088566,0,0,0,1000000,46972,953028,40000,36000,0,36000,54000,50000,4000,-3095538
2313,華通            ,3328000,3079000,249000,0,0,0,349000,3854000,-3505000,-89000,370000,340000,30000,144000,263000,-119000,-3345000
2330,台積電          ,36302753,38924080,-2621327,0,0,0,437000,920356,-483356,-560000,443000,1508000,-1065000,661000,156000,505000,-3664683
6239,力成            ,2056032,6032486,-3976454,0,0,0,632000,512000,120000,-149000,38000,126000,-88000,16000,77000,-61000,-4005454
00669R,國泰美國道瓊反1 ,62000,857000,-795000,0,0,0,0,0,0,-3606000,0,0,0,857000,4463000,-3606000,-4401000
08388P,台灣50中信03售09,0,0,0,0,0,0,0,0,0,-4473000,0,0,0,5000,4478000,-4473000,-4473000
061297,台積電富邦9C購09,0,0,0,0,0,0,0,0,0,-4519000,0,0,0,0,4519000,-4519000,-4519000
2884,玉山金          ,7425577,12432353,-5006776,0,0,0,0,120000,-120000,183000,162000,25000,137000,72000,26000,46000,-4943776
3706,神達            ,720720,4748000,-4027280,0,0,0,0,0,0,-1027000,43000,324000,-281000,14000,760000,-746000,-5054280
2303,聯電            ,47359526,30040801,17318725,0,0,0,0,398000,-398000,-22959000,500000,5139000,-4639000,348000,18668000,-18320000,-6038275
2344,華邦電          ,4464000,10048000,-5584000,0,0,0,0,11000,-11000,-791000,36000,595000,-559000,54000,286000,-232000,-6386000
2891,中信金          ,15887460,18851818,-2964358,0,0,0,1166000,280560,885440,-6760000,4000,6708000,-6704000,0,56000,-56000,-8838918
00637L,元大滬深300正2  ,10271000,9731000,540000,0,0,0,0,0,0,-9500000,50000,260000,-210000,32490000,41780000,-9290000,-8960000
2408,南亞科          ,4468714,14515873,-10047159,0,0,0,485000,14462,470538,-412000,29000,245000,-216000,16000,212000,-196000,-9988621
2448,晶電            ,3312000,14597000,-11285000,0,0,0,242000,200000,42000,-429000,586000,1002000,-416000,0,13000,-13000,-11672000
3481,群創            ,43216971,59767003,-16550032,0,0,0,700000,0,700000,-751000,1149000,530000,619000,2047000,3417000,-1370000,-16601032
00632R,元大台灣50反1   ,4371000,5981000,-1610000,0,0,0,0,0,0,-21673000,587000,495000,92000,9410000,31175000,-21765000,-23283000
00677U,富邦VIX         ,8629000,131312000,-122683000,0,0,0,0,0,0,-60484000,1100000,0,1100000,2907000,64491000,-61584000,-183167000
