證券代號,證券名稱,外陸資買進股數(不含外資自營商),外陸資賣出股數(不含外資自營商),外陸資買賣超股數(不含外資自營商),外資自營商買進股數,外資自營商賣出股數,外資自營商買賣超股數,投信買進股數,投信賣出股數,投信買賣超股數,自營商買賣超股數,自營商買進股數(自行買賣),自營商賣出股數(自行買賣),自營商買賣超股數(自行買賣),自營商買進股數(避險),自營商賣出股數(避險),自營商買賣超股數(避險),三大法人買賣超股數
00677U,富邦VIX         ,98266000,10238000,88028000,0,0,0,0,0,0,22745000,0,2750000,-2750000,28376000,2881000,25495000,110773000
2409,友達            ,58167000,38424000,19743000,0,0,0,14784000,30000,14754000,7886000,2325000,50000,2275000,7790000,2179000,5611000,42383000
00632R,元大台灣50反1   ,4590000,3002000,1588000,0,0,0,0,0,0,39706000,9101000,5920000,3181000,72210000,35685000,36525000,41294000
2303,聯電            ,47098850,20570000,26528850,0,0,0,2187000,1231000,956000,271000,566000,575000,-9000,440000,160000,280000,27755850
00673R,元大S&P原油反1  ,521000,4067000,-3546000,0,0,0,0,0,0,16534000,0,0,0,17963000,1429000,16534000,12988000
2884,玉山金          ,18240200,7725788,10514412,0,0,0,138000,24000,114000,337000,478000,7000,471000,264000,398000,-134000,10965412
2887,台新金          ,17098000,8126000,8972000,0,0,0,126000,0,126000,202000,41000,4000,37000,165000,0,165000,9300000
3481,群創            ,64541000,90105000,-25564000,0,0,0,13919000,0,13919000,20047000,7912000,804000,7108000,16425000,3486000,12939000,8402000
2890,永豐金          ,14503000,7246000,7257000,0,0,0,145000,0,145000,219000,94000,0,94000,129000,4000,125000,7621000
2313,華通            ,10634000,3119000,7515000,0,0,0,8000,779000,-771000,391000,825000,820000,5000,828000,442000,386000,7135000
1101,台泥            ,10598100,4618474,5979626,0,0,0,30000,110000,-80000,877000,38000,55000,-17000,981000,87000,894000,6776626
2317,鴻海            ,26217292,16128403,10088889,0,0,0,68000,977000,-909000,-2709000,624000,503000,121000,1869000,4699000,-2830000,6470889
00861,元大全球未來通訊,55000,16000,39000,0,0,0,0,0,0,4977000,0,0,0,5272000,295000,4977000,5016000
2892,第一金          ,10490000,6238000,4252000,0,0,0,409000,0,409000,155000,27000,7000,20000,135000,0,135000,4816000
3231,緯創            ,9348000,5478000,3870000,0,0,0,22000,0,22000,733000,26000,45000,-19000,942000,190000,752000,4625000
00655L,國泰中國A50正2  ,3424000,3622000,-198000,0,0,0,0,0,0,4708868,0,0,0,7529000,2820132,4708868,4510868
2344,華邦電          ,13721000,9679055,4041945,0,0,0,26000,425000,-399000,-108000,349000,548000,-199000,817000,726000,91000,3534945
08465P,玉晶光兆豐01售02,0,0,0,0,0,0,0,0,0,3503000,0,0,0,3503000,0,3503000,3503000
2886,兆豐金          ,13646000,11452000,2194000,0,0,0,148000,0,148000,1070000,29000,0,29000,1043000,2000,1041000,3412000
3017,奇鋐            ,3789000,549000,3240000,0,0,0,90000,0,90000,58000,36000,0,36000,55000,33000,22000,3388000
044291,群創凱基93購06  ,0,0,0,0,0,0,0,0,0,3344000,0,0,0,4206000,862000,3344000,3344000
2323,中環            ,4980000,1750000,3230000,0,0,0,0,0,0,110000,40000,15000,25000,285000,200000,85000,3340000
03063P,臺股指凱基04售03,0,0,0,0,0,0,0,0,0,3325000,1910000,0,1910000,1415000,0,1415000,3325000
2456,奇力新          ,3901000,1288000,2613000,0,0,0,474000,0,474000,87000,127000,157000,-30000,195000,78000,117000,3174000
00637L,元大滬深300正2  ,45078000,21714000,23364000,0,0,0,0,0,0,-20309500,999000,1000000,-1000,26775000,47083500,-20308500,3054500
2408,南亞科          ,5409000,3064000,2345000,0,0,0,176000,76000,100000,292000,278000,475000,-197000,681000,192000,489000,2737000
08218P,滬深2X凱基96售01,0,0,0,0,0,0,0,0,0,2691000,0,0,0,3551000,860000,2691000,2691000
3037,欣興            ,11959000,7714500,4244500,0,0,0,1406000,2898000,-1492000,-112000,673000,620000,53000,258000,423000,-165000,2640500
2492,華新科          ,4755000,3051924,1703076,0,0,0,422000,77000,345000,554000,396000,276000,120000,551000,117000,434000,2602076
2891,中信金          ,17743026,12614276,5128750,0,0,0,310000,3143000,-2833000,223000,17000,10000,7000,216000,0,216000,2518750
00676R,富邦臺灣加權反1 ,246000,0,246000,0,0,0,0,0,0,2267000,0,0,0,3158000,891000,2267000,2513000
2448,晶電            ,6291000,3979000,2312000,0,0,0,39000,0,39000,93556,1121000,659000,462000,0,368444,-368444,2444556
2812,台中銀          ,2894000,456000,2438000,0,0,0,0,0,0,-80000,11000,91000,-80000,0,0,0,2358000
00708L,元大S&P黃金正2  ,0,0,0,0,0,0,0,0,0,2300000,0,20000,-20000,4548000,2228000,2320000,2300000
2368,金像電          ,8399000,3511000,4888000,0,0,0,0,370000,-370000,-2224000,607000,2831000,-2224000,0,0,0,2294000
4915,致伸            ,2904000,619000,2285000,0,0,0,3000,0,3000,-53000,7000,20000,-13000,2000,42000,-40000,2235000
1102,亞泥            ,6429000,5199552,1229448,0,0,0,38000,0,38000,885000,97000,32000,65000,845000,25000,820000,2152448
055166,台積電統一97購05,0,0,0,0,0,0,0,0,0,2147000,0,0,0,3561000,1414000,2147000,2147000
6153,嘉聯益          ,3490000,1431000,2059000,0,0,0,0,0,0,83000,405000,354000,51000,163000,131000,32000,2142000
00633L,富邦上証正2     ,9247000,5333000,3914000,0,0,0,0,0,0,-1802078,0,0,0,6601000,8403078,-1802078,2111922
2880,華南金          ,8672000,6835806,1836194,0,0,0,129000,0,129000,121000,14000,1000,13000,108000,0,108000,2086194
2885,元大金          ,15580000,13455443,2124557,0,0,0,140000,0,140000,-182000,19000,370000,-351000,185000,16000,169000,2082557
3034,聯詠            ,3912800,2118200,1794600,0,0,0,10000,34000,-24000,264000,242000,124000,118000,183000,37000,146000,2034600
4938,和碩            ,6986000,5541000,1445000,0,0,0,29000,0,29000,537000,44000,13000,31000,578000,72000,506000,2011000
046999,康控富邦99購01  ,0,0,0,0,0,0,0,0,0,1990000,0,0,0,2608000,618000,1990000,1990000
055144,T50反1元大97購03,0,0,0,0,0,0,0,0,0,1953000,0,0,0,1966000,13000,1953000,1953000
00671R,富邦NASDAQ反1   ,0,36000,-36000,0,0,0,0,0,0,1962000,0,0,0,2329000,367000,1962000,1926000
08422P,玉晶光群益02售03,0,0,0,0,0,0,0,0,0,1876000,0,0,0,1896000,20000,1876000,1876000
3661,世芯-KY         ,2922000,808500,2113500,0,0,0,0,371000,-371000,10000,12000,37000,-25000,37000,2000,35000,1752500
4943,康控-KY         ,2117000,255000,1862000,0,0,0,0,158405,-158405,-53000,12000,33000,-21000,31000,63000,-32000,1650595
054074,健策富邦98購01  ,0,0,0,0,0,0,0,0,0,1612000,0,0,0,1612000,0,1612000,1612000
8046,南電            ,1192000,986000,206000,0,0,0,1439000,123000,1316000,21000,60000,22000,38000,39000,56000,-17000,1543000
00639,富邦深100       ,104000,2251000,-2147000,0,0,0,0,0,0,3647000,240000,260000,-20000,5304000,1637000,3667000,1500000
04368P,台積電凱基94售02,0,0,0,0,0,0,0,0,0,1497000,0,0,0,1497000,0,1497000,1497000
2449,京元電子        ,10023000,8193728,1829272,0,0,0,0,301000,-301000,-34000,115000,687000,-572000,665000,127000,538000,1494272
2316,楠梓電          ,2207000,818000,1389000,0,0,0,0,0,0,76000,13000,2000,11000,77000,12000,65000,1465000
05322P,台積電凱基95售17,0,0,0,0,0,0,0,0,0,1430000,0,0,0,1620000,190000,1430000,1430000
5469,瀚宇博          ,3285000,1790000,1495000,0,0,0,0,0,0,-70000,6000,1000,5000,148000,223000,-75000,1425000
00752,中信中國50      ,1000,8000,-7000,0,0,0,0,0,0,1406080,0,0,0,2601000,1194920,1406080,1399080
00636,國泰中國A50     ,1244000,221000,1023000,0,0,0,0,0,0,368200,290000,290000,0,1354000,985800,368200,1391200
044588,元金2X統一93購01,0,0,0,0,0,0,0,0,0,1391000,0,0,0,1403000,12000,1391000,1391000
3682,亞太電          ,1992000,613000,1379000,0,0,0,0,0,0,0,0,0,0,0,0,0,1379000
08679P,台灣50元大01售15,0,0,0,0,0,0,0,0,0,1359000,0,0,0,1359000,0,1359000,1359000
051567,台積電富邦95購06,0,0,0,0,0,0,0,0,0,1347000,0,0,0,1350000,3000,1347000,1347000
039908,元油反富邦92購01,0,0,0,0,0,0,0,0,0,1329000,0,0,0,1329000,0,1329000,1329000
2324,仁寶            ,4877000,5222000,-345000,0,0,0,34000,18000,16000,1610000,72000,63000,9000,1668000,67000,1601000,1281000
5871,中租-KY         ,4419012,3205520,1213492,0,0,0,16000,10000,6000,50000,71000,35000,36000,14000,0,14000,1269492
045658,儒鴻國泰93購01  ,0,0,0,0,0,0,0,0,0,1235000,0,0,0,1235000,0,1235000,1235000
1514,亞力            ,1402000,186000,1216000,0,0,0,0,0,0,2000,2000,0,2000,0,0,0,1218000
6278,台表科          ,2014000,744000,1270000,0,0,0,24000,207000,-183000,127000,86000,66000,20000,125000,18000,107000,1214000
1103,嘉泥            ,1545000,356000,1189000,0,0,0,0,0,0,21000,0,2000,-2000,40000,17000,23000,1210000
050172,臺指反元大98購02,0,0,0,0,0,0,0,0,0,1192000,0,0,0,2190000,998000,1192000,1192000
2349,錸德            ,1204000,81000,1123000,0,0,0,0,0,0,9000,10000,1000,9000,0,0,0,1132000
3006,晶豪科          ,1391000,212000,1179000,0,0,0,0,0,0,-47000,44000,80000,-36000,1000,12000,-11000,1132000
1216,統一            ,5701770,4763000,938770,0,0,0,123000,0,123000,62000,25000,6000,19000,62000,19000,43000,1123770
00739,元大MSCI A股    ,1000,1000,0,0,0,0,0,0,0,1122000,0,0,0,1530000,408000,1122000,1122000
2367,燿華            ,3098000,2029000,1069000,0,0,0,0,80000,-80000,117000,9000,3000,6000,301000,190000,111000,1106000
03543P,台泥中信02售01  ,0,0,0,0,0,0,0,0,0,1086000,0,0,0,1176000,90000,1086000,1086000
044344,傳奇國泰92購01  ,0,0,0,0,0,0,0,0,0,1080000,0,0,0,1080000,0,1080000,1080000
2838,聯邦銀          ,1554000,389000,1165000,0,0,0,0,0,0,-85000,4000,89000,-85000,0,0,0,1080000
6251,定穎            ,2999000,1005000,1994000,0,0,0,0,0,0,-930000,430000,1360000,-930000,0,0,0,1064000
2451,創見            ,1209000,338000,871000,0,0,0,87000,273000,-186000,377000,5000,6000,-1000,378000,0,378000,1062000
047503,T50反1國票93購03,0,0,0,0,0,0,0,0,0,1056000,0,0,0,1056000,0,1056000,1056000
03520P,臺股指國票02售09,0,0,0,0,0,0,0,0,0,1054000,0,0,0,1054000,0,1054000,1054000
6239,力成            ,3634000,2708000,926000,0,0,0,70000,0,70000,49000,26000,36000,-10000,65000,6000,59000,1045000
053917,友達國票97購03  ,0,0,0,0,0,0,0,0,0,1040000,0,0,0,1135000,95000,1040000,1040000
04690P,國巨群益94售06  ,0,0,0,0,0,0,0,0,0,1033000,0,0,0,1083000,50000,1033000,1033000
047206,元金2X國泰94購01,0,0,0,0,0,0,0,0,0,1004000,0,0,0,1107000,103000,1004000,1004000
2002,中鋼            ,9079772,9180000,-100228,0,0,0,880000,0,880000,189000,82000,40000,42000,147000,0,147000,968772
054268,健策第一96購01  ,0,0,0,0,0,0,0,0,0,968000,0,0,0,1072000,104000,968000,968000
3019,亞光            ,1646000,521000,1125000,0,0,0,0,0,0,-177000,63000,150000,-87000,43000,133000,-90000,948000
043344,可成富邦93購01  ,0,0,0,0,0,0,0,0,0,943000,0,0,0,943000,0,943000,943000
00643,群益深証中小    ,275000,368000,-93000,0,0,0,0,0,0,1028000,160000,510000,-350000,1695000,317000,1378000,935000
052595,奇力新群益96購01,0,0,0,0,0,0,0,0,0,934000,0,0,0,948000,14000,934000,934000
04702P,臺股指元富94售08,0,0,0,0,0,0,0,0,0,919000,0,0,0,919000,0,919000,919000
5876,上海商銀        ,4080541,3513990,566551,0,0,0,14000,0,14000,329000,428000,0,428000,105000,204000,-99000,909551
053768,S&P反1元大99購01,0,0,0,0,0,0,0,0,0,900000,0,0,0,900000,0,900000,900000
2392,正崴            ,2046000,1185000,861000,0,0,0,0,0,0,39000,75000,16000,59000,39000,59000,-20000,900000
03033P,微星國票03售01  ,0,0,0,0,0,0,0,0,0,892000,0,0,0,962000,70000,892000,892000
6005,群益證          ,1931000,1044000,887000,0,0,0,3000,0,3000,0,0,0,0,0,0,0,890000
1227,佳格            ,1044000,365000,679000,0,0,0,198000,0,198000,12000,37000,25000,12000,0,0,0,889000
3338,泰碩            ,2047000,399250,1647750,0,0,0,15000,538000,-523000,-242000,61000,317000,-256000,20000,6000,14000,882750
04100P,臺股指國票93售07,0,0,0,0,0,0,0,0,0,879000,0,0,0,1089000,210000,879000,879000
04337P,台積電元大93售25,0,0,0,0,0,0,0,0,0,870000,0,0,0,870000,0,870000,870000
050094,T50反1國泰95購01,0,0,0,0,0,0,0,0,0,863000,0,0,0,863000,0,863000,863000
2105,正新            ,2160000,1366000,794000,0,0,0,10000,0,10000,34000,37000,25000,12000,22000,0,22000,838000
04700P,臺股指元富94售06,0,0,0,0,0,0,0,0,0,836000,0,0,0,837000,1000,836000,836000
2027,大成鋼          ,272000,569000,-297000,0,0,0,0,0,0,1133000,138000,37000,101000,1142000,110000,1032000,836000
047802,滬深2X凱基95購03,0,0,0,0,0,0,0,0,0,832000,0,0,0,832000,0,832000,832000
6176,瑞儀            ,1361100,810000,551100,0,0,0,0,0,0,277000,51000,33000,18000,289000,30000,259000,828100
05450P,臺股指元大95售27,0,0,0,0,0,0,0,0,0,828000,0,0,0,838000,10000,828000,828000
056051,T50反1元大97購05,0,0,0,0,0,0,0,0,0,819000,0,0,0,948000,129000,819000,819000
045308,泰鼎元大93購02  ,0,0,0,0,0,0,0,0,0,813000,0,0,0,818000,5000,813000,813000
053013,台積電統一97購01,0,0,0,0,0,0,0,0,0,812000,0,0,0,842000,30000,812000,812000
048628,T50反1元大96購03,0,0,0,0,0,0,0,0,0,805000,0,0,0,805000,0,805000,805000
03769P,聯發科元大93售04,0,0,0,0,0,0,0,0,0,804000,0,0,0,1216000,412000,804000,804000
046155,道瓊反群益94購01,0,0,0,0,0,0,0,0,0,802000,0,0,0,802000,0,802000,802000
047421,聯茂富邦97購01  ,0,0,0,0,0,0,0,0,0,802000,0,0,0,1221000,419000,802000,802000
049688,台光電元大94購04,0,0,0,0,0,0,0,0,0,800000,0,0,0,951000,151000,800000,800000
3673,TPK-KY          ,1409000,668000,741000,0,0,0,1000,0,1000,54000,90000,49000,41000,14000,1000,13000,796000
053537,玉晶光永豐98購02,0,0,0,0,0,0,0,0,0,795000,0,0,0,887000,92000,795000,795000
04294P,台積電元大95售01,0,0,0,0,0,0,0,0,0,788000,0,0,0,1070000,282000,788000,788000
6456,GIS-KY          ,1607000,821000,786000,0,0,0,0,0,0,-11000,9000,21000,-12000,52000,51000,1000,775000
4968,立積            ,1468000,512000,956000,0,0,0,0,181000,-181000,0,0,0,0,0,0,0,775000
05316P,台積電永昌96售06,0,0,0,0,0,0,0,0,0,773000,0,0,0,1374000,601000,773000,773000
05433P,智原元富95售02  ,0,0,0,0,0,0,0,0,0,771000,0,0,0,772000,1000,771000,771000
06097P,茂林永豐97售01  ,0,0,0,0,0,0,0,0,0,771000,0,0,0,816000,45000,771000,771000
054208,台積電國票97購07,0,0,0,0,0,0,0,0,0,770000,0,0,0,793000,23000,770000,770000
6552,易華電          ,861000,127109,733891,0,0,0,0,0,0,34000,4000,5000,-1000,35000,0,35000,767891
050361,T50反1元大94購07,0,0,0,0,0,0,0,0,0,765000,0,0,0,765000,0,765000,765000
9802,鈺齊-KY         ,950000,350000,600000,0,0,0,154000,1000,153000,12000,3000,0,3000,26000,17000,9000,765000
2049,上銀            ,2950000,2363000,587000,0,0,0,69000,0,69000,106000,91000,38000,53000,102000,49000,53000,762000
048381,T50反1國票94購03,0,0,0,0,0,0,0,0,0,761000,0,0,0,783000,22000,761000,761000
03296P,台積電統一02售13,0,0,0,0,0,0,0,0,0,750000,0,0,0,760000,10000,750000,750000
047940,台光電國票93購01,0,0,0,0,0,0,0,0,0,750000,0,0,0,750000,0,750000,750000
04080P,可成元大93售11  ,0,0,0,0,0,0,0,0,0,741000,0,0,0,741000,0,741000,741000
6288,聯嘉            ,1054628,322000,732628,0,0,0,0,0,0,7000,15000,8000,7000,0,0,0,739628
04655P,臺股指凱基94售14,0,0,0,0,0,0,0,0,0,737000,0,0,0,1077000,340000,737000,737000
2382,廣達            ,3363000,3161000,202000,0,0,0,95000,30000,65000,469000,69000,93000,-24000,560000,67000,493000,736000
05790P,臺股指永昌96售07,0,0,0,0,0,0,0,0,0,736000,0,0,0,766000,30000,736000,736000
050491,旺宏國泰96購01  ,0,0,0,0,0,0,0,0,0,733000,0,0,0,936000,203000,733000,733000
042752,台灣50元大96購03,0,0,0,0,0,0,0,0,0,721000,0,0,0,751000,30000,721000,721000
3605,宏致            ,950000,193000,757000,0,0,0,2000,0,2000,-40000,4000,44000,-40000,0,0,0,719000
048714,巨大康和94購01  ,0,0,0,0,0,0,0,0,0,718000,0,0,0,723000,5000,718000,718000
04327P,台積電國泰95售01,0,0,0,0,0,0,0,0,0,716000,0,0,0,1136000,420000,716000,716000
00669R,國泰美國道瓊反1 ,108000,0,108000,0,0,0,0,0,0,605000,0,195000,-195000,4839000,4039000,800000,713000
04886P,臺股指凱基94售20,0,0,0,0,0,0,0,0,0,712000,0,0,0,1110000,398000,712000,712000
03358P,金像電群益02售03,0,0,0,0,0,0,0,0,0,702000,0,0,0,702000,0,702000,702000
050363,臺指反元大98購04,0,0,0,0,0,0,0,0,0,702000,0,0,0,702000,0,702000,702000
03913P,臺股指元大93售37,0,0,0,0,0,0,0,0,0,700000,0,0,0,998000,298000,700000,700000
051700,深中小群益99購04,0,0,0,0,0,0,0,0,0,690000,0,0,0,690000,0,690000,690000
2377,微星            ,2384900,1845000,539900,0,0,0,328000,600000,-272000,416000,74000,37000,37000,424000,45000,379000,683900
8021,尖點            ,820000,118000,702000,0,0,0,4000,0,4000,-26000,15000,41000,-26000,0,0,0,680000
2461,光群雷          ,787000,110000,677000,0,0,0,0,0,0,2000,4000,2000,2000,0,0,0,679000
2455,全新            ,1082000,506000,576000,0,0,0,119000,0,119000,-18000,158000,125000,33000,43000,94000,-51000,677000
06325P,TXFI0永昌99售03 ,0,0,0,0,0,0,0,0,0,673000,0,0,0,673000,0,673000,673000
054730,上証2X凱基98購02,0,0,0,0,0,0,0,0,0,667000,0,0,0,1397000,730000,667000,667000
04287P,A50正2中信96售01,0,0,0,0,0,0,0,0,0,664000,0,0,0,966000,302000,664000,664000
03498P,矽創凱基02售02  ,0,0,0,0,0,0,0,0,0,663000,0,0,0,678000,15000,663000,663000
2606,裕民            ,811000,317000,494000,0,0,0,5000,0,5000,157000,159000,0,159000,0,2000,-2000,656000
8028,昇陽半導體      ,874000,199000,675000,0,0,0,0,0,0,-31000,12000,8000,4000,21000,56000,-35000,644000
047723,廣宇群益94購01  ,0,0,0,0,0,0,0,0,0,635000,0,0,0,650000,15000,635000,635000
052986,聯發科元大97購05,0,0,0,0,0,0,0,0,0,631000,0,0,0,1090000,459000,631000,631000
8271,宇瞻            ,1002000,335000,667000,0,0,0,2000,0,2000,-43000,22000,65000,-43000,0,0,0,626000
050496,鴻海富邦96購01  ,0,0,0,0,0,0,0,0,0,625000,0,0,0,918000,293000,625000,625000
2855,統一證          ,815000,191000,624000,0,0,0,0,0,0,0,0,0,0,0,0,0,624000
051614,元金2X凱基97購01,0,0,0,0,0,0,0,0,0,616000,0,0,0,1149000,533000,616000,616000
03840P,台積電統一99售02,0,0,0,0,0,0,0,0,0,612000,0,0,0,1156000,544000,612000,612000
05653P,華邦電統一96售02,0,0,0,0,0,0,0,0,0,606000,0,0,0,767000,161000,606000,606000
03149P,鴻海群益01售12  ,0,0,0,0,0,0,0,0,0,605000,0,0,0,605000,0,605000,605000
053034,上海銀兆豐96購01,0,0,0,0,0,0,0,0,0,605000,0,0,0,607000,2000,605000,605000
053253,友達國泰97購02  ,0,0,0,0,0,0,0,0,0,604000,0,0,0,604000,0,604000,604000
052721,友達統一96購01  ,0,0,0,0,0,0,0,0,0,603000,0,0,0,762000,159000,603000,603000
054891,聯鈞統一99購02  ,0,0,0,0,0,0,0,0,0,602000,0,0,0,630000,28000,602000,602000
053992,中環群益96購01  ,0,0,0,0,0,0,0,0,0,600000,0,0,0,600000,0,600000,600000
04084P,台表科統一93售01,0,0,0,0,0,0,0,0,0,600000,0,0,0,600000,0,600000,600000
044768,深中小元大94購02,0,0,0,0,0,0,0,0,0,600000,0,0,0,630000,30000,600000,600000
05431P,台光電統一97售01,0,0,0,0,0,0,0,0,0,599000,0,0,0,646000,47000,599000,599000
2383,台光電          ,2597600,3000000,-402400,0,0,0,1382000,325000,1057000,-62000,327000,322000,5000,71000,138000,-67000,592600
045054,聯發科元富98購02,0,0,0,0,0,0,0,0,0,588000,0,0,0,797000,209000,588000,588000
052391,瑞儀群益95購01  ,0,0,0,0,0,0,0,0,0,583000,0,0,0,709000,126000,583000,583000
047325,材料元大93購01  ,0,0,0,0,0,0,0,0,0,582000,0,0,0,602000,20000,582000,582000
3045,台灣大          ,1548238,1264000,284238,0,0,0,144000,40000,104000,191000,174000,2000,172000,19000,0,19000,579238
054325,奇力新台新97購03,0,0,0,0,0,0,0,0,0,578000,0,0,0,640000,62000,578000,578000
6269,台郡            ,3195000,1794000,1401000,0,0,0,472000,12000,460000,-1285000,88000,1382000,-1294000,79000,70000,9000,576000
8996,高力            ,1386000,821000,565000,0,0,0,0,0,0,11000,12000,1000,11000,0,0,0,576000
052255,T50反1國泰96購01,0,0,0,0,0,0,0,0,0,575000,0,0,0,575000,0,575000,575000
05221P,玉晶光元大95售04,0,0,0,0,0,0,0,0,0,570000,0,0,0,570000,0,570000,570000
044429,元金2X元大94購04,0,0,0,0,0,0,0,0,0,566000,0,0,0,567000,1000,566000,566000
053809,上銀群益96購02  ,0,0,0,0,0,0,0,0,0,564000,0,0,0,614000,50000,564000,564000
04341P,美律永豐93售03  ,0,0,0,0,0,0,0,0,0,564000,0,0,0,574000,10000,564000,564000
3406,玉晶光          ,1749000,1316000,433000,0,0,0,0,0,0,130000,209000,112000,97000,72000,39000,33000,563000
055729,金寶元富99購01  ,0,0,0,0,0,0,0,0,0,562000,0,0,0,619000,57000,562000,562000
5607,遠雄港          ,757000,170000,587000,0,0,0,0,0,0,-26000,4000,30000,-26000,0,0,0,561000
08795P,聯發科凱基01售11,0,0,0,0,0,0,0,0,0,561000,0,0,0,811000,250000,561000,561000
04744P,臻鼎元富94售04  ,0,0,0,0,0,0,0,0,0,560000,0,0,0,580000,20000,560000,560000
03180P,台灣50元大01售39,0,0,0,0,0,0,0,0,0,557000,0,0,0,574000,17000,557000,557000
048154,旺宏兆豐94購01  ,0,0,0,0,0,0,0,0,0,555000,0,0,0,616000,61000,555000,555000
053279,景碩元大97購01  ,0,0,0,0,0,0,0,0,0,554000,0,0,0,556000,2000,554000,554000
049810,欣興元大95購03  ,0,0,0,0,0,0,0,0,0,550000,0,0,0,550000,0,550000,550000
03016P,滬深2X群益01售09,0,0,0,0,0,0,0,0,0,544000,0,0,0,704000,160000,544000,544000
05403P,台積電富邦95售08,0,0,0,0,0,0,0,0,0,543000,0,0,0,560000,17000,543000,543000
046220,滬深2X元大95購03,0,0,0,0,0,0,0,0,0,541000,0,0,0,541000,0,541000,541000
3515,華擎            ,585000,1224000,-639000,0,0,0,1040000,0,1040000,138000,74000,25000,49000,153000,64000,89000,539000
046134,致新國泰93購02  ,0,0,0,0,0,0,0,0,0,535000,0,0,0,605000,70000,535000,535000
05656P,台表科統一96售01,0,0,0,0,0,0,0,0,0,535000,0,0,0,535000,0,535000,535000
054614,玉晶光永豐97購03,0,0,0,0,0,0,0,0,0,533000,0,0,0,661000,128000,533000,533000
00635U,元大S&P黃金     ,10000,160000,-150000,0,0,0,0,0,0,681000,300000,0,300000,730000,349000,381000,531000
05306P,泰碩國泰97售01  ,0,0,0,0,0,0,0,0,0,531000,0,0,0,532000,1000,531000,531000
08890P,為升元大01售04  ,0,0,0,0,0,0,0,0,0,530000,0,0,0,530000,0,530000,530000
05170P,世芯元大95售01  ,0,0,0,0,0,0,0,0,0,527000,0,0,0,1024000,497000,527000,527000
047470,聯發科中信94購03,0,0,0,0,0,0,0,0,0,525000,0,0,0,785000,260000,525000,525000
052292,緯穎元富95購02  ,0,0,0,0,0,0,0,0,0,525000,0,0,0,668000,143000,525000,525000
052157,東元永豐95購01  ,0,0,0,0,0,0,0,0,0,523000,0,0,0,572000,49000,523000,523000
04268P,南電元富93售03  ,0,0,0,0,0,0,0,0,0,522000,0,0,0,522000,0,522000,522000
03557P,欣興元大02售17  ,0,0,0,0,0,0,0,0,0,519000,0,0,0,519000,0,519000,519000
048442,友訊凱基94購01  ,0,0,0,0,0,0,0,0,0,515000,0,0,0,676000,161000,515000,515000
04880P,GIS永豐94售02   ,0,0,0,0,0,0,0,0,0,515000,0,0,0,525000,10000,515000,515000
04755P,大立光元富94售07,0,0,0,0,0,0,0,0,0,514000,0,0,0,514000,0,514000,514000
044864,道瓊反國票96購01,0,0,0,0,0,0,0,0,0,511000,0,0,0,511000,0,511000,511000
04874P,高股息中信97售01,0,0,0,0,0,0,0,0,0,510000,0,0,0,705000,195000,510000,510000
3380,明泰            ,709000,575000,134000,0,0,0,0,0,0,376000,636000,249000,387000,7000,18000,-11000,510000
044187,泰鼎國泰93購01  ,0,0,0,0,0,0,0,0,0,508000,0,0,0,525000,17000,508000,508000
047163,義隆台新93購01  ,0,0,0,0,0,0,0,0,0,507000,0,0,0,507000,0,507000,507000
00737,國泰AI+Robo     ,0,0,0,0,0,0,0,0,0,505900,0,0,0,739000,233100,505900,505900
2419,仲琦            ,909000,406000,503000,0,0,0,0,0,0,2000,2000,0,2000,0,0,0,505000
03199P,台積電統一01售16,0,0,0,0,0,0,0,0,0,500000,0,0,0,530000,30000,500000,500000
03844P,康友元富93售03  ,0,0,0,0,0,0,0,0,0,500000,0,0,0,500000,0,500000,500000
03186P,台積電元大01售50,0,0,0,0,0,0,0,0,0,499000,0,0,0,499000,0,499000,499000
04190P,大立光兆豐94售03,0,0,0,0,0,0,0,0,0,499000,0,0,0,499000,0,499000,499000
03946P,麗豐群益93售02  ,0,0,0,0,0,0,0,0,0,499000,0,0,0,499000,0,499000,499000
046599,S&P反1群益93購01,0,0,0,0,0,0,0,0,0,499000,0,0,0,499000,0,499000,499000
042997,新光鋼元大94購01,0,0,0,0,0,0,0,0,0,499000,0,0,0,859000,360000,499000,499000
051168,訊連元大95購02  ,0,0,0,0,0,0,0,0,0,499000,0,0,0,609000,110000,499000,499000
2478,大毅            ,1326000,862000,464000,0,0,0,0,0,0,35000,1000,0,1000,138000,104000,34000,499000
045113,玉晶光永豐92購01,0,0,0,0,0,0,0,0,0,495000,0,0,0,495000,0,495000,495000
047771,緯創元大93購01  ,0,0,0,0,0,0,0,0,0,490000,0,0,0,490000,0,490000,490000
04044P,鴻海元大93售18  ,0,0,0,0,0,0,0,0,0,488000,0,0,0,678000,190000,488000,488000
050846,緯創國票96購01  ,0,0,0,0,0,0,0,0,0,486000,0,0,0,580000,94000,486000,486000
8105,凌巨            ,607000,127000,480000,0,0,0,0,0,0,6000,6000,0,6000,0,0,0,486000
05510P,燿華元富96售01  ,0,0,0,0,0,0,0,0,0,484000,0,0,0,504000,20000,484000,484000
03419P,玉晶光群益03售04,0,0,0,0,0,0,0,0,0,481000,0,0,0,481000,0,481000,481000
04705P,臺股指統一95售02,0,0,0,0,0,0,0,0,0,480000,0,0,0,495000,15000,480000,480000
049346,新光金統一95購01,0,0,0,0,0,0,0,0,0,480000,0,0,0,480000,0,480000,480000
052955,國巨日盛96購01  ,0,0,0,0,0,0,0,0,0,476000,0,0,0,732000,256000,476000,476000
03247P,聯電元富03售02  ,0,0,0,0,0,0,0,0,0,475000,0,0,0,475000,0,475000,475000
055827,中石化元大98購01,0,0,0,0,0,0,0,0,0,475000,0,0,0,475000,0,475000,475000
6196,帆宣            ,956000,444000,512000,0,0,0,0,0,0,-41000,2000,0,2000,21000,64000,-43000,471000
050613,台光電元大94購09,0,0,0,0,0,0,0,0,0,467000,0,0,0,470000,3000,467000,467000
05400P,台積電永豐95售05,0,0,0,0,0,0,0,0,0,460000,0,0,0,485000,25000,460000,460000
3518,柏騰            ,690000,235000,455000,0,0,0,0,0,0,4000,5000,1000,4000,0,0,0,459000
05654P,台光電統一96售01,0,0,0,0,0,0,0,0,0,458000,0,0,0,524000,66000,458000,458000
06195P,台積電元富97售06,0,0,0,0,0,0,0,0,0,457000,0,0,0,521000,64000,457000,457000
046257,A50正2國票94購01,0,0,0,0,0,0,0,0,0,456000,0,0,0,569000,113000,456000,456000
052619,茂林國泰99購01  ,0,0,0,0,0,0,0,0,0,456000,0,0,0,497000,41000,456000,456000
2505,國揚            ,766000,368000,398000,0,0,0,0,0,0,58000,7000,1000,6000,52000,0,52000,456000
049681,旺宏統一94購04  ,0,0,0,0,0,0,0,0,0,455000,0,0,0,495000,40000,455000,455000
3535,晶彩科          ,587000,134000,453000,0,0,0,0,0,0,0,0,0,0,0,0,0,453000
053937,光磊元富96購01  ,0,0,0,0,0,0,0,0,0,452000,0,0,0,452000,0,452000,452000
04188P,康控元富93售03  ,0,0,0,0,0,0,0,0,0,452000,0,0,0,452000,0,452000,452000
05402P,台郡永豐95售02  ,0,0,0,0,0,0,0,0,0,451000,0,0,0,457000,6000,451000,451000
08525P,台灣50凱基96售02,0,0,0,0,0,0,0,0,0,451000,0,0,0,609000,158000,451000,451000
03493P,世紀鋼元大02售02,0,0,0,0,0,0,0,0,0,450000,0,0,0,450000,0,450000,450000
043396,世紀鋼元大93購01,0,0,0,0,0,0,0,0,0,450000,0,0,0,450000,0,450000,450000
03062P,世紀鋼凱基02售02,0,0,0,0,0,0,0,0,0,450000,0,0,0,450000,0,450000,450000
05301P,矽力元大95售02  ,0,0,0,0,0,0,0,0,0,450000,0,0,0,750000,300000,450000,450000
04512P,臺股指元大94售07,0,0,0,0,0,0,0,0,0,446000,0,0,0,446000,0,446000,446000
3413,京鼎            ,536000,174000,362000,0,0,0,178000,0,178000,-94000,24000,99000,-75000,28000,47000,-19000,446000
053137,旺宏富邦98購01  ,0,0,0,0,0,0,0,0,0,442000,0,0,0,468000,26000,442000,442000
047004,台積電統一99購01,2000,0,2000,0,0,0,0,0,0,439000,0,0,0,672000,233000,439000,441000
05493P,華新科富邦99售02,0,0,0,0,0,0,0,0,0,440000,0,0,0,510000,70000,440000,440000
3062,建漢            ,561000,122000,439000,0,0,0,0,0,0,0,8000,8000,0,0,0,0,439000
054204,元金2X國票9B購02,0,0,0,0,0,0,0,0,0,436000,0,0,0,442000,6000,436000,436000
00712,FH富時不動產    ,508000,0,508000,0,0,0,0,0,0,-73000,0,0,0,177000,250000,-73000,435000
05494P,華邦電統一95售02,0,0,0,0,0,0,0,0,0,430000,0,0,0,430000,0,430000,430000
049706,世紀鋼元大95購02,0,0,0,0,0,0,0,0,0,429000,0,0,0,570000,141000,429000,429000
04025P,宏達電國泰94售01,0,0,0,0,0,0,0,0,0,427000,0,0,0,436000,9000,427000,427000
1515,力山            ,756000,328000,428000,0,0,0,0,0,0,-1000,3000,0,3000,5000,9000,-4000,427000
050884,聯茂國泰96購01  ,0,0,0,0,0,0,0,0,0,425000,0,0,0,480000,55000,425000,425000
055826,中石化元大97購01,0,0,0,0,0,0,0,0,0,425000,0,0,0,425000,0,425000,425000
05005P,台表科統一95售01,0,0,0,0,0,0,0,0,0,423000,0,0,0,436000,13000,423000,423000
047086,群創統一93購03  ,0,0,0,0,0,0,0,0,0,421000,0,0,0,421000,0,421000,421000
055396,瑞儀統一97購01  ,0,0,0,0,0,0,0,0,0,420000,0,0,0,420000,0,420000,420000
055571,鴻海統一97購03  ,0,0,0,0,0,0,0,0,0,419000,0,0,0,469000,50000,419000,419000
050360,T50反1元大94購06,0,0,0,0,0,0,0,0,0,419000,0,0,0,419000,0,419000,419000
04422P,玉晶光永豐94售03,0,0,0,0,0,0,0,0,0,418000,0,0,0,463000,45000,418000,418000
04434P,玉晶光國票96售02,0,0,0,0,0,0,0,0,0,418000,0,0,0,827000,409000,418000,418000
052253,康控永豐95購04  ,0,0,0,0,0,0,0,0,0,418000,0,0,0,418000,0,418000,418000
05157P,全新台新96售01  ,0,0,0,0,0,0,0,0,0,417000,0,0,0,417000,0,417000,417000
05013P,台積電元大96售05,0,0,0,0,0,0,0,0,0,415000,0,0,0,415000,0,415000,415000
044201,群創國票95購01  ,0,0,0,0,0,0,0,0,0,414000,0,0,0,573000,159000,414000,414000
050939,健鼎國票96購01  ,0,0,0,0,0,0,0,0,0,412000,0,0,0,442000,30000,412000,412000
05780P,台積電統一96售07,0,0,0,0,0,0,0,0,0,411000,0,0,0,880000,469000,411000,411000
048807,崇越中信94購01  ,0,0,0,0,0,0,0,0,0,410000,0,0,0,510000,100000,410000,410000
6141,柏承            ,498000,94000,404000,0,0,0,0,0,0,4000,6000,2000,4000,0,0,0,408000
04747P,臺股指元大94售22,0,0,0,0,0,0,0,0,0,407000,0,0,0,407000,0,407000,407000
055013,訊連元富97購01  ,0,0,0,0,0,0,0,0,0,406000,0,0,0,541000,135000,406000,406000
050098,嘉聯益國泰95購02,0,0,0,0,0,0,0,0,0,406000,0,0,0,462000,56000,406000,406000
1210,大成            ,853000,457000,396000,0,0,0,0,0,0,8000,10000,2000,8000,0,0,0,404000
05079P,可成永豐95售01  ,0,0,0,0,0,0,0,0,0,403000,0,0,0,403000,0,403000,403000
2375,凱美            ,696000,296000,400000,0,0,0,0,0,0,3000,0,0,0,10000,7000,3000,403000
050754,元金2X元富9B購01,0,0,0,0,0,0,0,0,0,402000,0,0,0,412000,10000,402000,402000
3090,日電貿          ,875000,452000,423000,0,0,0,0,0,0,-21000,3000,14000,-11000,12000,22000,-10000,402000
052895,台積電群益96購04,0,0,0,0,0,0,0,0,0,401000,0,0,0,467000,66000,401000,401000
054511,香港反元大98購01,0,0,0,0,0,0,0,0,0,400000,0,0,0,400000,0,400000,400000
050362,深中小元大94購04,0,0,0,0,0,0,0,0,0,400000,0,0,0,420000,20000,400000,400000
049932,GIS元大94購03   ,0,0,0,0,0,0,0,0,0,400000,0,0,0,600000,200000,400000,400000
049940,臺股指元大94購21,0,0,0,0,0,0,0,0,0,400000,0,0,0,400000,0,400000,400000
048826,宏達電凱基94購01,0,0,0,0,0,0,0,0,0,400000,0,0,0,400000,0,400000,400000
047629,深中小元大96購01,0,0,0,0,0,0,0,0,0,400000,0,0,0,400000,0,400000,400000
05156P,群創兆豐95售01  ,0,0,0,0,0,0,0,0,0,399000,0,0,0,1044000,645000,399000,399000
05763P,致新永豐96售01  ,0,0,0,0,0,0,0,0,0,398000,0,0,0,403000,5000,398000,398000
05564P,玉晶光元大97售02,0,0,0,0,0,0,0,0,0,397000,0,0,0,402000,5000,397000,397000
08663P,台灣50元大96售01,0,230000,-230000,0,0,0,0,0,0,627000,0,0,0,627000,0,627000,397000
05439P,聯發科國票95售06,0,0,0,0,0,0,0,0,0,396000,0,0,0,798000,402000,396000,396000
047690,美律富邦97購01  ,0,0,0,0,0,0,0,0,0,396000,0,0,0,450000,54000,396000,396000
04617P,臺股指群益95售03,0,0,0,0,0,0,0,0,0,395000,0,0,0,395000,0,395000,395000
044224,超眾凱基93購01  ,0,0,0,0,0,0,0,0,0,394000,0,0,0,425000,31000,394000,394000
047872,貿聯永豐93購02  ,0,0,0,0,0,0,0,0,0,392000,0,0,0,752000,360000,392000,392000
050062,聯發科凱基94購08,0,0,0,0,0,0,0,0,0,390000,0,0,0,400000,10000,390000,390000
05038P,牧德元大95售03  ,0,0,0,0,0,0,0,0,0,390000,0,0,0,514000,124000,390000,390000
052527,泰鼎元大96購02  ,0,0,0,0,0,0,0,0,0,389000,0,0,0,529000,140000,389000,389000
055579,健策統一9A購01  ,0,0,0,0,0,0,0,0,0,388000,0,0,0,436000,48000,388000,388000
4725,信昌化          ,394000,10000,384000,0,0,0,0,0,0,3000,3000,0,3000,0,0,0,387000
9921,巨大            ,1042000,601000,441000,0,0,0,4000,56000,-52000,-2000,4000,0,4000,1000,7000,-6000,387000
020000,富邦特選蘋果N   ,0,0,0,0,0,0,0,0,0,386000,0,0,0,548000,162000,386000,386000
052807,貿聯元大98購01  ,0,0,0,0,0,0,0,0,0,386000,0,0,0,457000,71000,386000,386000
2340,光磊            ,970000,448000,522000,0,0,0,0,0,0,-137000,35000,35000,0,46000,183000,-137000,385000
055290,玉晶光元大98購08,0,0,0,0,0,0,0,0,0,384000,0,0,0,594000,210000,384000,384000
05310P,智原永豐95售04  ,0,0,0,0,0,0,0,0,0,381000,0,0,0,386000,5000,381000,381000
08163P,T50正2中信95售01,0,0,0,0,0,0,0,0,0,380000,0,0,0,400000,20000,380000,380000
05675P,美律群益97售01  ,0,0,0,0,0,0,0,0,0,380000,0,0,0,381000,1000,380000,380000
04993P,上銀兆豐96售01  ,0,0,0,0,0,0,0,0,0,378000,0,0,0,650000,272000,378000,378000
05722P,玉晶光國票97售03,0,0,0,0,0,0,0,0,0,377000,0,0,0,611000,234000,377000,377000
050882,華泰國泰96購01  ,0,0,0,0,0,0,0,0,0,376000,0,0,0,396000,20000,376000,376000
05849P,臺股指元大96售25,0,0,0,0,0,0,0,0,0,376000,0,0,0,396000,20000,376000,376000
05985P,燿華統一96售03  ,0,0,0,0,0,0,0,0,0,376000,0,0,0,540000,164000,376000,376000
03576P,台灣50元富06售01,0,0,0,0,0,0,0,0,0,375000,0,0,0,535000,160000,375000,375000
052363,廣達國票96購01  ,0,0,0,0,0,0,0,0,0,375000,0,0,0,500000,125000,375000,375000
1809,中釉            ,445000,71000,374000,0,0,0,0,0,0,1000,1000,0,1000,0,0,0,375000
05901P,臺股指凱基9C售01,0,0,0,0,0,0,0,0,0,371000,0,0,0,724000,353000,371000,371000
03109P,台積電元大01售41,0,0,0,0,0,0,0,0,0,370000,0,0,0,430000,60000,370000,370000
03371P,聯電元大02售07  ,0,0,0,0,0,0,0,0,0,370000,0,0,0,370000,0,370000,370000
06134P,緯穎元富97售03  ,0,0,0,0,0,0,0,0,0,370000,0,0,0,440000,70000,370000,370000
055054,群光永豐97購01  ,0,0,0,0,0,0,0,0,0,369000,0,0,0,426000,57000,369000,369000
00703,台新MSCI中國    ,0,0,0,0,0,0,0,0,0,369000,2000,0,2000,570000,203000,367000,369000
0061,元大寶滬深      ,240000,27000,213000,0,0,0,0,0,0,156000,180000,160000,20000,284000,148000,136000,369000
04974P,聯發科凱基96售02,0,0,0,0,0,0,0,0,0,368000,0,0,0,388000,20000,368000,368000
048295,泰鼎群益93購01  ,0,0,0,0,0,0,0,0,0,368000,0,0,0,631000,263000,368000,368000
052683,鴻海元大97購03  ,0,0,0,0,0,0,0,0,0,365000,0,0,0,545000,180000,365000,365000
05268P,玉晶光元大98售01,0,0,0,0,0,0,0,0,0,365000,0,0,0,365000,0,365000,365000
00693U,街口S&P黃豆     ,0,200000,-200000,0,0,0,0,0,0,564000,0,0,0,752000,188000,564000,364000
047280,泰鼎永豐93購01  ,0,0,0,0,0,0,0,0,0,361000,0,0,0,474000,113000,361000,361000
048594,泰鼎群益93購02  ,0,0,0,0,0,0,0,0,0,360000,0,0,0,476000,116000,360000,360000
2889,國票金          ,1638000,1273000,365000,0,0,0,0,0,0,-5000,17000,22000,-5000,0,0,0,360000
2393,億光            ,1029000,683000,346000,0,0,0,0,0,0,11000,18000,74000,-56000,113000,46000,67000,357000
6668,中揚光          ,488000,105000,383000,0,0,0,0,0,0,-28000,0,30000,-30000,3000,1000,2000,355000
3530,晶相光          ,662000,305000,357000,0,0,0,0,0,0,-2000,4000,2000,2000,8000,12000,-4000,355000
3532,台勝科          ,107000,128000,-21000,0,0,0,2000,0,2000,372000,24000,1000,23000,361000,12000,349000,353000
2887E,台新戊特        ,0,0,0,0,0,0,0,0,0,353000,353000,0,353000,0,0,0,353000
03266P,寶成國票04售01  ,0,0,0,0,0,0,0,0,0,349000,0,0,0,409000,60000,349000,349000
04283P,麗豐永豐93售03  ,0,0,0,0,0,0,0,0,0,349000,0,0,0,369000,20000,349000,349000
056052,T50反1元大97購06,0,0,0,0,0,0,0,0,0,346000,0,0,0,464000,118000,346000,346000
048939,華擎永豐94購01  ,0,0,0,0,0,0,0,0,0,345000,0,0,0,435000,90000,345000,345000
050543,聯發科凱基95購01,0,0,0,0,0,0,0,0,0,345000,0,0,0,423000,78000,345000,345000
03874P,臺股指群益95售01,0,0,0,0,0,0,0,0,0,344000,0,0,0,344000,0,344000,344000
05638P,國巨統一96售04  ,0,0,0,0,0,0,0,0,0,344000,0,0,0,427000,83000,344000,344000
3704,合勤控          ,1035000,704000,331000,0,0,0,0,0,0,13000,24000,0,24000,0,11000,-11000,344000
053126,健策凱基97購02  ,0,0,0,0,0,0,0,0,0,343000,0,0,0,349000,6000,343000,343000
048178,上銀富邦95購02  ,0,0,0,0,0,0,0,0,0,340000,0,0,0,631000,291000,340000,340000
050168,緯創富邦95購01  ,0,0,0,0,0,0,0,0,0,340000,0,0,0,351000,11000,340000,340000
052518,道瓊反元大95購02,0,0,0,0,0,0,0,0,0,340000,0,0,0,340000,0,340000,340000
051886,道瓊反統一95購03,0,0,0,0,0,0,0,0,0,340000,0,0,0,340000,0,340000,340000
2838A,聯邦銀甲特      ,0,0,0,0,0,0,0,0,0,340000,360000,20000,340000,0,0,0,340000
055819,晶相光國票98購01,0,0,0,0,0,0,0,0,0,340000,0,0,0,383000,43000,340000,340000
04534P,臻鼎元富94售03  ,0,0,0,0,0,0,0,0,0,339000,0,0,0,499000,160000,339000,339000
052163,康舒永豐95購02  ,0,0,0,0,0,0,0,0,0,337000,0,0,0,337000,0,337000,337000
05616P,台光電永豐96售01,0,0,0,0,0,0,0,0,0,337000,0,0,0,348000,11000,337000,337000
03482P,緯穎群益03售01  ,0,0,0,0,0,0,0,0,0,336000,0,0,0,346000,10000,336000,336000
03418B,臺股指元大95熊20,0,0,0,0,0,0,0,0,0,334000,0,0,0,354000,20000,334000,334000
05791P,臺股指中信99售06,0,0,0,0,0,0,0,0,0,334000,0,0,0,425000,91000,334000,334000
1605,華新            ,2047000,4880000,-2833000,0,0,0,21000,0,21000,3145000,407000,9000,398000,2854000,107000,2747000,333000
006206,元大上證50      ,13000,775000,-762000,0,0,0,0,0,0,1094000,80000,170000,-90000,1330000,146000,1184000,332000
03162P,泰碩元大01售02  ,0,0,0,0,0,0,0,0,0,332000,0,0,0,334000,2000,332000,332000
04187P,麗豐元富93售02  ,0,0,0,0,0,0,0,0,0,332000,0,0,0,389000,57000,332000,332000
050481,泰鼎國票96購01  ,0,0,0,0,0,0,0,0,0,332000,0,0,0,332000,0,332000,332000
050751,聯電統一94購05  ,0,0,0,0,0,0,0,0,0,331000,0,0,0,381000,50000,331000,331000
047276,中工永豐93購01  ,0,0,0,0,0,0,0,0,0,330000,0,0,0,330000,0,330000,330000
04735P,聯茂兆豐94售01  ,0,0,0,0,0,0,0,0,0,330000,0,0,0,335000,5000,330000,330000
050388,鴻海統一94購09  ,0,0,0,0,0,0,0,0,0,330000,0,0,0,434000,104000,330000,330000
05677P,玉晶光群益98售03,0,0,0,0,0,0,0,0,0,330000,0,0,0,1010000,680000,330000,330000
045694,智邦兆豐93購05  ,0,0,0,0,0,0,0,0,0,329000,0,0,0,329000,0,329000,329000
051459,臺股指元大95購19,0,0,0,0,0,0,0,0,0,329000,0,0,0,400000,71000,329000,329000
2501,國建            ,567000,256000,311000,0,0,0,0,0,0,16000,19000,3000,16000,0,0,0,327000
055395,泰鼎統一97購01  ,0,0,0,0,0,0,0,0,0,326000,0,0,0,465000,139000,326000,326000
050677,光寶科統一94購01,0,0,0,0,0,0,0,0,0,326000,0,0,0,330000,4000,326000,326000
052547,光磊兆豐96購01  ,0,0,0,0,0,0,0,0,0,326000,0,0,0,469000,143000,326000,326000
2371,大同            ,2198000,1904000,294000,0,0,0,0,0,0,32000,63000,31000,32000,0,0,0,326000
03818P,智易永豐93售01  ,0,0,0,0,0,0,0,0,0,324000,0,0,0,324000,0,324000,324000
05110P,上銀統一95售01  ,0,0,0,0,0,0,0,0,0,324000,0,0,0,329000,5000,324000,324000
049785,華新科兆豐95購01,0,0,0,0,0,0,0,0,0,323000,0,0,0,440000,117000,323000,323000
3044,健鼎            ,1793800,1246000,547800,0,0,0,0,176000,-176000,-49000,31000,38000,-7000,14000,56000,-42000,322800
055421,玉晶光永豐98購04,0,0,0,0,0,0,0,0,0,321000,0,0,0,485000,164000,321000,321000
053294,聯發科中信9C購01,0,0,0,0,0,0,0,0,0,321000,0,0,0,360000,39000,321000,321000
043835,宏達電國票92購01,0,0,0,0,0,0,0,0,0,320000,0,0,0,320000,0,320000,320000
03976P,智原元大93售02  ,0,0,0,0,0,0,0,0,0,320000,0,0,0,320000,0,320000,320000
045984,亞光麥證93購02  ,0,0,0,320000,0,320000,0,0,0,320000,0,0,0,320000,0,320000,320000
06069P,台積電永豐97售01,0,0,0,0,0,0,0,0,0,319000,0,0,0,390000,71000,319000,319000
2439,美律            ,1273000,1266000,7000,0,0,0,1000,52000,-51000,362000,260000,94000,166000,216000,20000,196000,318000
049999,義隆永豐94購01  ,0,0,0,0,0,0,0,0,0,317000,0,0,0,317000,0,317000,317000
06105P,國巨國票98售02  ,0,0,0,0,0,0,0,0,0,317000,0,0,0,330000,13000,317000,317000
06152P,玉晶光元大98售06,0,0,0,0,0,0,0,0,0,317000,0,0,0,318000,1000,317000,317000
05312P,臺股指群益95售11,0,0,0,0,0,0,0,0,0,315000,0,0,0,400000,85000,315000,315000
05551P,電子類元大96售01,0,0,0,0,0,0,0,0,0,314000,0,0,0,371000,57000,314000,314000
054850,上海銀兆豐97購01,0,0,0,0,0,0,0,0,0,314000,0,0,0,382000,68000,314000,314000
2404,漢唐            ,454000,345000,109000,0,0,0,1000,0,1000,204000,22000,18000,4000,210000,10000,200000,314000
6670,復盛應用        ,535000,224000,311000,0,0,0,0,0,0,1000,1000,0,1000,20000,20000,0,312000
1477,聚陽            ,437178,214000,223178,0,0,0,90000,0,90000,-2000,2000,4000,-2000,1000,1000,0,311178
055020,上証2X國泰98購01,0,0,0,0,0,0,0,0,0,310000,0,0,0,310000,0,310000,310000
04402P,TPK兆豐95售01   ,0,0,0,0,0,0,0,0,0,310000,0,0,0,310000,0,310000,310000
03870P,台積電群益93售06,0,0,0,0,0,0,0,0,0,310000,0,0,0,310000,0,310000,310000
050331,鈺齊永豐94購02  ,0,0,0,0,0,0,0,0,0,310000,0,0,0,310000,0,310000,310000
04799P,健策元大94售03  ,0,0,0,0,0,0,0,0,0,310000,0,0,0,499000,189000,310000,310000
2489,瑞軒            ,658000,346000,312000,0,0,0,0,0,0,-4000,13000,17000,-4000,0,0,0,308000
050327,泰鼎永豐94購03  ,0,0,0,0,0,0,0,0,0,307000,0,0,0,379000,72000,307000,307000
053168,晶技群益98購01  ,0,0,0,0,0,0,0,0,0,306000,0,0,0,312000,6000,306000,306000
05233P,台郡台新95售02  ,0,0,0,0,0,0,0,0,0,306000,0,0,0,309000,3000,306000,306000
05090P,國巨元大95售05  ,0,0,0,0,0,0,0,0,0,306000,0,0,0,306000,0,306000,306000
1201,味全            ,842000,521000,321000,0,0,0,0,0,0,-15000,0,0,0,0,15000,-15000,306000
046294,台勝科統一92購01,0,0,0,0,0,0,0,0,0,305000,0,0,0,413000,108000,305000,305000
049112,可成統一94購01  ,0,0,0,0,0,0,0,0,0,305000,0,0,0,306000,1000,305000,305000
04703P,樺漢統一95售01  ,0,0,0,0,0,0,0,0,0,304000,0,0,0,330000,26000,304000,304000
055798,聯茂富邦98購01  ,0,0,0,0,0,0,0,0,0,302000,0,0,0,602000,300000,302000,302000
055712,金寶元大97購02  ,0,0,0,0,0,0,0,0,0,301000,0,0,0,309000,8000,301000,301000
055069,帆宣永豐97購01  ,0,0,0,0,0,0,0,0,0,300000,0,0,0,300000,0,300000,300000
044254,深中小元大94購01,0,0,0,0,0,0,0,0,0,300000,0,0,0,300000,0,300000,300000
03811P,鴻海群益93售06  ,0,0,0,0,0,0,0,0,0,300000,0,0,0,300000,0,300000,300000
03673P,康控元富92售02  ,0,0,0,0,0,0,0,0,0,300000,0,0,0,300000,0,300000,300000
03942P,電子類元大93售02,0,0,0,0,0,0,0,0,0,300000,0,0,0,2285000,1985000,300000,300000
03926P,麗豐元大93售02  ,0,0,0,0,0,0,0,0,0,300000,0,0,0,300000,0,300000,300000
03889P,國巨國泰94售04  ,0,0,0,0,0,0,0,0,0,300000,0,0,0,300000,0,300000,300000
046745,國喬凱基93購01  ,0,0,0,0,0,0,0,0,0,300000,0,0,0,300000,0,300000,300000
050055,道瓊反凱基95購01,0,0,0,0,0,0,0,0,0,300000,0,0,0,300000,0,300000,300000
052687,國泰金元大96購03,0,0,0,0,0,0,0,0,0,300000,0,0,0,436000,136000,300000,300000
054040,中石化元大9C購01,0,0,0,0,0,0,0,0,0,299000,0,0,0,509000,210000,299000,299000
045499,技嘉凱基92購02  ,0,0,0,0,0,0,0,0,0,299000,0,0,0,309000,10000,299000,299000
00717,富邦美國特別股  ,0,0,0,0,0,0,0,0,0,299000,0,0,0,767000,468000,299000,299000
055773,瑞昱凱基97購03  ,0,0,0,0,0,0,0,0,0,299000,0,0,0,339000,40000,299000,299000
055745,臻鼎元富97購01  ,0,0,0,0,0,0,0,0,0,298000,0,0,0,333000,35000,298000,298000
048446,南亞科凱基93購07,0,0,0,0,0,0,0,0,0,297000,0,0,0,297000,0,297000,297000
051982,深中小元大95購01,0,0,0,0,0,0,0,0,0,297000,0,0,0,300000,3000,297000,297000
2897A,王道銀甲特      ,0,0,0,0,0,0,0,0,0,296000,296000,0,296000,0,0,0,296000
053223,台郡凱基96購02  ,0,0,0,0,0,0,0,0,0,295000,0,0,0,310000,15000,295000,295000
054699,復盛永豐97購01  ,0,0,0,0,0,0,0,0,0,295000,0,0,0,295000,0,295000,295000
049585,旺宏元大95購02  ,0,0,0,0,0,0,0,0,0,295000,0,0,0,322000,27000,295000,295000
04357P,智易永豐94售01  ,0,0,0,0,0,0,0,0,0,293000,0,0,0,295000,2000,293000,293000
047102,潤泰全富邦95購01,0,0,0,0,0,0,0,0,0,293000,0,0,0,293000,0,293000,293000
050797,聯發科中信99購01,0,0,0,0,0,0,0,0,0,293000,0,0,0,407000,114000,293000,293000
06215P,康控永豐97售02  ,0,0,0,0,0,0,0,0,0,293000,0,0,0,343000,50000,293000,293000
03418P,大毅群益02售03  ,0,0,0,0,0,0,0,0,0,290000,0,0,0,290000,0,290000,290000
051428,玉晶光統一96購01,0,0,0,0,0,0,0,0,0,290000,0,0,0,293000,3000,290000,290000
2867,三商壽          ,1504000,1223000,281000,0,0,0,0,0,0,8000,10000,2000,8000,0,0,0,289000
006207,FH滬深          ,14000,410000,-396000,0,0,0,0,0,0,682000,110000,110000,0,1047000,365000,682000,286000
03648C,T50反1元大96牛07,0,0,0,0,0,0,0,0,0,285000,0,0,0,300000,15000,285000,285000
048306,A50反1凱基93購01,0,0,0,0,0,0,0,0,0,285000,0,0,0,600000,315000,285000,285000
052195,健策元富95購01  ,0,0,0,0,0,0,0,0,0,285000,0,0,0,311000,26000,285000,285000
050744,健策永豐94購04  ,0,0,0,0,0,0,0,0,0,283000,0,0,0,406000,123000,283000,283000
2328,廣宇            ,648000,318000,330000,0,0,0,0,0,0,-47000,51000,9000,42000,2000,91000,-89000,283000
045603,傳奇國票92購01  ,0,0,0,0,0,0,0,0,0,282000,0,0,0,282000,0,282000,282000
055235,金寶台新98購01  ,0,0,0,0,0,0,0,0,0,281000,0,0,0,340000,59000,281000,281000
053334,訊芯永豐96購01  ,0,0,0,0,0,0,0,0,0,281000,0,0,0,301000,20000,281000,281000
00686R,群益臺灣加權反1 ,0,0,0,0,0,0,0,0,0,281000,0,0,0,362000,81000,281000,281000
00783,富邦中証500     ,3000,0,3000,0,0,0,0,0,0,278000,0,0,0,1477000,1199000,278000,281000
04124P,可成凱基93售12  ,0,0,0,0,0,0,0,0,0,280000,0,0,0,280000,0,280000,280000
055737,開發金元富97購01,0,0,0,0,0,0,0,0,0,280000,0,0,0,300000,20000,280000,280000
044853,亞光國泰93購01  ,0,0,0,0,0,0,0,0,0,279000,0,0,0,279000,0,279000,279000
051953,矽力元富95購03  ,0,0,0,0,0,0,0,0,0,279000,0,0,0,324000,45000,279000,279000
05628P,茂林國票97售02  ,0,0,0,0,0,0,0,0,0,279000,0,0,0,409000,130000,279000,279000
06123P,玉晶光元大97售04,0,0,0,0,0,0,0,0,0,279000,0,0,0,281000,2000,279000,279000
06358P,力成中信97售02  ,0,0,0,0,0,0,0,0,0,279000,0,0,0,299000,20000,279000,279000
04731P,臺股指中信96售03,0,0,0,0,0,0,0,0,0,278000,0,0,0,333000,55000,278000,278000
054893,帆宣統一99購01  ,0,0,0,0,0,0,0,0,0,277000,0,0,0,277000,0,277000,277000
049435,S&P反1國泰96購01,0,0,0,0,0,0,0,0,0,275000,0,0,0,275000,0,275000,275000
04476P,玉晶光元大94售05,0,0,0,0,0,0,0,0,0,273000,0,0,0,273000,0,273000,273000
054873,帆宣群益99購01  ,0,0,0,0,0,0,0,0,0,271000,0,0,0,369000,98000,271000,271000
05046P,台光電永豐95售02,0,0,0,0,0,0,0,0,0,271000,0,0,0,292000,21000,271000,271000
3038,全台            ,479000,173000,306000,0,0,0,0,0,0,-35000,3000,38000,-35000,0,0,0,271000
054818,奇力新元大97購05,0,0,0,0,0,0,0,0,0,269000,0,0,0,521000,252000,269000,269000
045088,康控元大94購02  ,0,0,0,0,0,0,0,0,0,269000,0,0,0,379000,110000,269000,269000
05471P,聯電統一95售01  ,0,0,0,0,0,0,0,0,0,268000,0,0,0,281000,13000,268000,268000
048305,深100凱基96購01 ,0,0,0,0,0,0,0,0,0,268000,0,0,0,409000,141000,268000,268000
053637,強茂永豐96購01  ,0,0,0,0,0,0,0,0,0,267000,0,0,0,277000,10000,267000,267000
05143P,臻鼎台新95售01  ,0,0,0,0,0,0,0,0,0,267000,0,0,0,267000,0,267000,267000
05067P,欣興兆豐96售02  ,0,0,0,0,0,0,0,0,0,266000,0,0,0,276000,10000,266000,266000
3036,文曄            ,390000,451000,-61000,0,0,0,4000,0,4000,323000,264000,23000,241000,96000,14000,82000,266000
2376,技嘉            ,850000,1274000,-424000,0,0,0,0,0,0,690000,58000,62000,-4000,775000,81000,694000,266000
050284,台泥凱基94購01  ,0,0,0,0,0,0,0,0,0,265000,0,0,0,285000,20000,265000,265000
049891,T50反1富邦94購02,0,0,0,0,0,0,0,0,0,265000,0,0,0,309000,44000,265000,265000
3042,晶技            ,1040000,688000,352000,0,0,0,0,0,0,-87000,13000,40000,-27000,69000,129000,-60000,265000
05613P,臻鼎台新96售01  ,0,0,0,0,0,0,0,0,0,265000,0,0,0,265000,0,265000,265000
054608,致茂永豐97購01  ,0,0,0,0,0,0,0,0,0,264000,0,0,0,264000,0,264000,264000
03932P,欣興統一93售01  ,0,0,0,0,0,0,0,0,0,264000,0,0,0,264000,0,264000,264000
049406,T50反1日盛97購01,0,0,0,0,0,0,0,0,0,264000,0,0,0,264000,0,264000,264000
3596,智易            ,1160045,758393,401652,0,0,0,17000,89000,-72000,-68000,30000,108000,-78000,69000,59000,10000,261652
053532,台積電永豐96購03,0,0,0,0,0,0,0,0,0,261000,0,0,0,369000,108000,261000,261000
05031P,台光電元富95售01,0,0,0,0,0,0,0,0,0,260000,0,0,0,304000,44000,260000,260000
5215,科嘉-KY         ,362000,103000,259000,0,0,0,0,0,0,1000,8000,7000,1000,0,0,0,260000
055159,玉晶光元大98購05,0,0,0,0,0,0,0,0,0,259000,0,0,0,709000,450000,259000,259000
055708,茂林永豐97購02  ,0,0,0,0,0,0,0,0,0,259000,0,0,0,340000,81000,259000,259000
047678,景碩台新93購01  ,0,0,0,0,0,0,0,0,0,259000,0,0,0,353000,94000,259000,259000
05118P,超眾元大96售04  ,0,0,0,0,0,0,0,0,0,259000,0,0,0,259000,0,259000,259000
06323P,台郡統一97售01  ,0,0,0,0,0,0,0,0,0,258000,0,0,0,268000,10000,258000,258000
06170P,禾伸堂元富97售02,0,0,0,0,0,0,0,0,0,258000,0,0,0,258000,0,258000,258000
045001,旺宏富邦94購01  ,0,0,0,0,0,0,0,0,0,257000,0,0,0,392000,135000,257000,257000
050325,台積電永豐94購05,0,0,0,0,0,0,0,0,0,256000,0,0,0,268000,12000,256000,256000
051392,玉山金兆豐95購01,0,0,0,0,0,0,0,0,0,256000,0,0,0,406000,150000,256000,256000
08602P,台灣50凱基96售04,0,0,0,0,0,0,0,0,0,255000,0,0,0,255000,0,255000,255000
04554P,可成中信94售01  ,0,0,0,0,0,0,0,0,0,253000,0,0,0,272000,19000,253000,253000
6591,動力-KY         ,392000,140000,252000,0,0,0,0,0,0,1000,1000,0,1000,0,0,0,253000
044852,華邦電國泰93購02,0,0,0,0,0,0,0,0,0,252000,0,0,0,352000,100000,252000,252000
047533,瑞儀元大93購02  ,0,0,0,0,0,0,0,0,0,252000,0,0,0,352000,100000,252000,252000
04344P,台達電國泰94售01,0,0,0,0,0,0,0,0,0,251000,0,0,0,294000,43000,251000,251000
049477,泰鼎永豐94購01  ,0,0,0,0,0,0,0,0,0,250000,0,0,0,387000,137000,250000,250000
05818P,大立光凱基96售14,0,0,0,0,0,0,0,0,0,250000,0,0,0,250000,0,250000,250000
055897,TXFI0永昌99購01 ,0,0,0,0,0,0,0,0,0,250000,0,0,0,250000,0,250000,250000
051570,和碩富邦97購01  ,0,0,0,0,0,0,0,0,0,249000,0,0,0,450000,201000,249000,249000
06113P,台積電群益97售01,0,0,0,0,0,0,0,0,0,249000,0,0,0,251000,2000,249000,249000
06240P,奇力新元富97售03,0,0,0,0,0,0,0,0,0,249000,0,0,0,266000,17000,249000,249000
054427,潤泰全富邦97購01,0,0,0,0,0,0,0,0,0,248000,0,0,0,248000,0,248000,248000
04942P,台積電台新94售01,0,0,0,0,0,0,0,0,0,247000,0,0,0,247000,0,247000,247000
04931P,臻鼎元富94售09  ,0,0,0,0,0,0,0,0,0,246000,0,0,0,266000,20000,246000,246000
05732P,臺股指統一96售02,0,0,0,0,0,0,0,0,0,245000,0,0,0,390000,145000,245000,245000
054333,茂林永豐96購03  ,0,0,0,0,0,0,0,0,0,244000,0,0,0,312000,68000,244000,244000
05491P,茂林元大95售04  ,0,0,0,0,0,0,0,0,0,244000,0,0,0,549000,305000,244000,244000
046293,聯發科統一94購01,0,0,0,0,0,0,0,0,0,244000,0,0,0,416000,172000,244000,244000
048905,旺宏富邦96購01  ,0,0,0,0,0,0,0,0,0,244000,0,0,0,281000,37000,244000,244000
048894,光罩國泰94購01  ,0,0,0,0,0,0,0,0,0,243000,0,0,0,249000,6000,243000,243000
050602,訊芯國泰96購01  ,0,0,0,0,0,0,0,0,0,243000,0,0,0,275000,32000,243000,243000
05489P,臺股指凱基95售22,0,0,0,0,0,0,0,0,0,242000,0,0,0,275000,33000,242000,242000
08506P,台灣50中信96售02,0,0,0,0,0,0,0,0,0,242000,0,0,0,242000,0,242000,242000
053865,欣興元大97購02  ,0,0,0,0,0,0,0,0,0,241000,0,0,0,276000,35000,241000,241000
04850P,全新永豐94售03  ,0,0,0,0,0,0,0,0,0,241000,0,0,0,241000,0,241000,241000
045516,聯茂統一94購01  ,0,0,0,0,0,0,0,0,0,241000,0,0,0,441000,200000,241000,241000
054226,燿華元富96購02  ,0,0,0,0,0,0,0,0,0,240000,0,0,0,250000,10000,240000,240000
05423P,聯電亞東95售02  ,0,0,0,0,0,0,0,0,0,240000,0,0,0,240000,0,240000,240000
05173P,臺股指元大95售17,0,0,0,0,0,0,0,0,0,240000,0,0,0,280000,40000,240000,240000
051367,可成富邦97購01  ,0,0,0,0,0,0,0,0,0,240000,0,0,0,270000,30000,240000,240000
054954,華新科元大97購06,0,0,0,0,0,0,0,0,0,238000,0,0,0,283000,45000,238000,238000
06092P,嘉聯益統一97售01,0,0,0,0,0,0,0,0,0,238000,0,0,0,238000,0,238000,238000
050743,京鼎永豐94購02  ,0,0,0,0,0,0,0,0,0,237000,0,0,0,309000,72000,237000,237000
05197P,智原永豐95售02  ,0,0,0,0,0,0,0,0,0,237000,0,0,0,347000,110000,237000,237000
06083P,華通統一98售02  ,0,0,0,0,0,0,0,0,0,237000,0,0,0,237000,0,237000,237000
053440,台積電凱基96購12,0,0,0,0,0,0,0,0,0,236000,0,0,0,318000,82000,236000,236000
06177P,玉晶光元大98售07,0,0,0,0,0,0,0,0,0,236000,0,0,0,236000,0,236000,236000
05430P,台積電統一95售07,0,0,0,0,0,0,0,0,0,235000,0,0,0,235000,0,235000,235000
053098,國巨元富96購04  ,0,0,0,0,0,0,0,0,0,235000,0,0,0,415000,180000,235000,235000
04201P,智原群益93售01  ,0,0,0,0,0,0,0,0,0,234000,0,0,0,234000,0,234000,234000
2390,云辰            ,474000,243000,231000,0,0,0,0,0,0,2000,2000,0,2000,0,0,0,233000
6139,亞翔            ,287000,44000,243000,0,0,0,0,0,0,-10000,2000,22000,-20000,10000,0,10000,233000
04875P,台積電中信94售04,0,0,0,0,0,0,0,0,0,231000,0,0,0,234000,3000,231000,231000
2428,興勤            ,405000,182000,223000,0,0,0,0,0,0,8000,1000,0,1000,9000,2000,7000,231000
2841,台開            ,397000,175000,222000,0,0,0,0,0,0,9000,10000,1000,9000,0,0,0,231000
048689,台光電群益94購01,0,0,0,0,0,0,0,0,0,230000,0,0,0,230000,0,230000,230000
050414,泰鼎永豐94購04  ,0,0,0,0,0,0,0,0,0,230000,0,0,0,303000,73000,230000,230000
054220,國巨統一97購02  ,0,0,0,0,0,0,0,0,0,229000,0,0,0,252000,23000,229000,229000
047014,元油反元大99購01,0,0,0,0,0,0,0,0,0,229000,0,0,0,231000,2000,229000,229000
052386,鴻海群益96購02  ,0,0,0,0,0,0,0,0,0,229000,0,0,0,281000,52000,229000,229000
049488,智邦元大95購01  ,0,0,0,0,0,0,0,0,0,228000,0,0,0,254000,26000,228000,228000
04053P,聯茂國泰94售01  ,0,0,0,0,0,0,0,0,0,227000,0,0,0,227000,0,227000,227000
053947,義隆富邦97購01  ,0,0,0,0,0,0,0,0,0,226000,0,0,0,336000,110000,226000,226000
03873P,智伸科群益93售03,0,0,0,0,0,0,0,0,0,226000,0,0,0,226000,0,226000,226000
041452,滬深2X元富93購01,0,0,0,0,0,0,0,0,0,226000,0,0,0,251000,25000,226000,226000
03118P,台積電國票01售07,0,0,0,0,0,0,0,0,0,226000,0,0,0,226000,0,226000,226000
046002,美律統一93購01  ,0,0,0,0,0,0,0,0,0,226000,0,0,0,269000,43000,226000,226000
050149,東元群益94購01  ,0,0,0,0,0,0,0,0,0,226000,0,0,0,261000,35000,226000,226000
05040P,聯發科凱基95售05,0,0,0,0,0,0,0,0,0,226000,0,0,0,252000,26000,226000,226000
055152,旺宏元大98購04  ,0,0,0,0,0,0,0,0,0,225000,0,0,0,282000,57000,225000,225000
04629P,康控元大94售05  ,0,0,0,0,0,0,0,0,0,223000,0,0,0,233000,10000,223000,223000
04360P,易華電永豐94售01,0,0,0,0,0,0,0,0,0,223000,0,0,0,233000,10000,223000,223000
8110,華東            ,368000,180000,188000,0,0,0,0,16000,-16000,51000,92000,41000,51000,0,0,0,223000
06189P,華新科永豐97售03,0,0,0,0,0,0,0,0,0,222000,0,0,0,272000,50000,222000,222000
06004P,奇力新永豐96售02,0,0,0,0,0,0,0,0,0,222000,0,0,0,252000,30000,222000,222000
049352,泰鼎永豐95購01  ,0,0,0,0,0,0,0,0,0,221000,0,0,0,303000,82000,221000,221000
050786,健策國泰96購01  ,0,0,0,0,0,0,0,0,0,221000,0,0,0,367000,146000,221000,221000
045797,健策中信93購01  ,0,0,0,0,0,0,0,0,0,220000,0,0,0,250000,30000,220000,220000
051488,健策凱基96購04  ,0,0,0,0,0,0,0,0,0,220000,0,0,0,354000,134000,220000,220000
052958,T50反1凱基99購02,0,0,0,0,0,0,0,0,0,220000,0,0,0,280000,60000,220000,220000
3005,神基            ,558000,1057000,-499000,0,0,0,2000,10000,-8000,727000,4000,7000,-3000,743000,13000,730000,220000
03638C,T50反1元大94牛03,0,0,0,0,0,0,0,0,0,219000,0,0,0,1005000,786000,219000,219000
052459,道瓊反統一95購04,0,0,0,0,0,0,0,0,0,219000,0,0,0,219000,0,219000,219000
054769,創意國票98購01  ,0,0,0,0,0,0,0,0,0,218000,0,0,0,385000,167000,218000,218000
054261,智伸科元大96購03,0,0,0,0,0,0,0,0,0,218000,0,0,0,223000,5000,218000,218000
046878,康友國泰94購01  ,0,0,0,0,0,0,0,0,0,218000,0,0,0,348000,130000,218000,218000
3035,智原            ,1479000,947000,532000,0,0,0,37000,210000,-173000,-141000,83000,209000,-126000,42000,57000,-15000,218000
05688P,臺股指元大96售13,0,0,0,0,0,0,0,0,0,218000,0,0,0,218000,0,218000,218000
055388,華通統一97購03  ,0,0,0,0,0,0,0,0,0,217000,0,0,0,227000,10000,217000,217000
05549P,臺股指元大96售03,0,0,0,0,0,0,0,0,0,217000,0,0,0,317000,100000,217000,217000
04782P,智伸科統一96售01,0,0,0,0,0,0,0,0,0,217000,0,0,0,234000,17000,217000,217000
046919,大毅永豐93購01  ,0,0,0,0,0,0,0,0,0,217000,0,0,0,265000,48000,217000,217000
051481,聯詠凱基95購02  ,0,0,0,0,0,0,0,0,0,217000,0,0,0,245000,28000,217000,217000
05049P,矽創永豐95售01  ,0,0,0,0,0,0,0,0,0,216000,0,0,0,244000,28000,216000,216000
03646P,智易統一92售01  ,0,0,0,0,0,0,0,0,0,215000,0,0,0,215000,0,215000,215000
2702,華園            ,243000,31000,212000,0,0,0,0,0,0,3000,3000,0,3000,0,0,0,215000
04411P,智易統一96售01  ,0,0,0,0,0,0,0,0,0,214000,0,0,0,270000,56000,214000,214000
056206,泰鼎永豐97購01  ,0,0,0,0,0,0,0,0,0,214000,0,0,0,245000,31000,214000,214000
03092P,臺股指元大01售21,0,0,0,0,0,0,0,0,0,213000,0,0,0,213000,0,213000,213000
04226P,宏達電元富93售01,0,0,0,0,0,0,0,0,0,213000,0,0,0,243000,30000,213000,213000
05795P,華邦電群益96售05,0,0,0,0,0,0,0,0,0,213000,0,0,0,223000,10000,213000,213000
3041,揚智            ,673000,205636,467364,0,0,0,0,250000,-250000,-5000,1000,6000,-5000,0,0,0,212364
05828P,台積電統一97售02,0,0,0,0,0,0,0,0,0,212000,0,0,0,232000,20000,212000,212000
06286P,世芯國票97售02  ,0,0,0,0,0,0,0,0,0,212000,0,0,0,250000,38000,212000,212000
4919,新唐            ,550000,177000,373000,0,0,0,1000,150262,-149262,-12000,4000,4000,0,9000,21000,-12000,211738
045369,康控兆豐93購01  ,0,0,0,0,0,0,0,0,0,211000,0,0,0,217000,6000,211000,211000
04193P,智原永豐93售01  ,0,0,0,0,0,0,0,0,0,211000,0,0,0,211000,0,211000,211000
04853P,易華電永豐94售03,0,0,0,0,0,0,0,0,0,211000,0,0,0,211000,0,211000,211000
049296,義隆群益96購01  ,0,0,0,0,0,0,0,0,0,211000,0,0,0,291000,80000,211000,211000
05711P,茂林國票97售03  ,0,0,0,0,0,0,0,0,0,211000,0,0,0,241000,30000,211000,211000
054355,上海銀富邦98購01,0,0,0,0,0,0,0,0,0,210000,0,0,0,210000,0,210000,210000
04169P,鴻海凱基93售34  ,0,0,0,0,0,0,0,0,0,210000,0,0,0,210000,0,210000,210000
047904,臺指反元大96購01,0,0,0,0,0,0,0,0,0,210000,0,0,0,210000,0,210000,210000
049030,凌華群益94購01  ,0,0,0,0,0,0,0,0,0,210000,0,0,0,250000,40000,210000,210000
051785,臻鼎兆豐96購01  ,0,0,0,0,0,0,0,0,0,210000,0,0,0,301000,91000,210000,210000
05928P,華邦電康和96售01,0,0,0,0,0,0,0,0,0,210000,0,0,0,210000,0,210000,210000
05180P,玉晶光凱基95售04,0,0,0,0,0,0,0,0,0,209000,0,0,0,878000,669000,209000,209000
05414P,台表科國票96售02,0,0,0,0,0,0,0,0,0,208000,0,0,0,208000,0,208000,208000
05556P,全新國票96售04  ,0,0,0,0,0,0,0,0,0,208000,0,0,0,208000,0,208000,208000
03896P,長榮航凱基95售01,0,0,0,0,0,0,0,0,0,208000,0,0,0,322000,114000,208000,208000
049911,智邦元大94購05  ,0,0,0,0,0,0,0,0,0,208000,0,0,0,218000,10000,208000,208000
054387,台積電統一98購02,0,0,0,0,0,0,0,0,0,207000,0,0,0,208000,1000,207000,207000
03242P,聯電統一02售04  ,0,0,0,0,0,0,0,0,0,207000,0,0,0,258000,51000,207000,207000
04612P,上銀群益94售01  ,0,0,0,0,0,0,0,0,0,207000,0,0,0,215000,8000,207000,207000
05393P,鴻海統一95售14  ,0,0,0,0,0,0,0,0,0,206000,0,0,0,261000,55000,206000,206000
055336,茂林兆豐98購01  ,0,0,0,0,0,0,0,0,0,206000,0,0,0,288000,82000,206000,206000
049569,光磊統一94購02  ,0,0,0,0,0,0,0,0,0,206000,0,0,0,252000,46000,206000,206000
06061P,訊芯統一97售01  ,0,0,0,0,0,0,0,0,0,206000,0,0,0,236000,30000,206000,206000
05555P,健策群益98售01  ,0,0,0,0,0,0,0,0,0,205000,0,0,0,220000,15000,205000,205000
054831,緯穎國泰98購01  ,0,0,0,0,0,0,0,0,0,205000,0,0,0,235000,30000,205000,205000
047416,台泥富邦94購01  ,0,0,0,0,0,0,0,0,0,205000,0,0,0,350000,145000,205000,205000
05162P,玉晶光國票96售03,0,0,0,0,0,0,0,0,0,205000,0,0,0,294000,89000,205000,205000
05865P,大立光元大96售09,0,0,0,0,0,0,0,0,0,205000,0,0,0,219000,14000,205000,205000
8081,致新            ,550000,295000,255000,0,0,0,0,0,0,-50000,18000,45000,-27000,14000,37000,-23000,205000
05112P,燿華統一95售01  ,0,0,0,0,0,0,0,0,0,204000,0,0,0,204000,0,204000,204000
053018,旺宏元富96購02  ,0,0,0,0,0,0,0,0,0,204000,0,0,0,310000,106000,204000,204000
8150,南茂            ,1630000,1094000,536000,0,0,0,0,258000,-258000,-74000,10000,52000,-42000,21000,53000,-32000,204000
06376P,上銀統一99售01  ,0,0,0,0,0,0,0,0,0,204000,0,0,0,416000,212000,204000,204000
4958,臻鼎-KY         ,3077400,2616000,461400,0,0,0,188000,372000,-184000,-74000,114000,167000,-53000,21000,42000,-21000,203400
049842,道瓊反中信98購01,0,0,0,0,0,0,0,0,0,203000,0,0,0,252000,49000,203000,203000
051918,聯茂元大95購01  ,0,0,0,0,0,0,0,0,0,203000,0,0,0,311000,108000,203000,203000
2608,嘉里大榮        ,216000,19000,197000,0,0,0,0,0,0,6000,6000,0,6000,0,0,0,203000
06089P,矽創永豐97售01  ,0,0,0,0,0,0,0,0,0,203000,0,0,0,232000,29000,203000,203000
049372,華新科元大95購04,0,0,0,0,0,0,0,0,0,202000,0,0,0,245000,43000,202000,202000
048817,光寶科凱基94購02,0,0,0,0,0,0,0,0,0,202000,0,0,0,206000,4000,202000,202000
050392,群創統一96購01  ,0,0,0,0,0,0,0,0,0,202000,0,0,0,217000,15000,202000,202000
054379,光磊群益98購01  ,0,0,0,0,0,0,0,0,0,201000,0,0,0,211000,10000,201000,201000
046290,儒鴻統一93購01  ,0,0,0,0,0,0,0,0,0,201000,0,0,0,201000,0,201000,201000
03128P,玉晶光國泰03售04,0,0,0,0,0,0,0,0,0,201000,0,0,0,201000,0,201000,201000
051826,智邦元大95購03  ,0,0,0,0,0,0,0,0,0,201000,0,0,0,201000,0,201000,201000
054140,智易元大97購03  ,0,0,0,0,0,0,0,0,0,200000,0,0,0,200000,0,200000,200000
053785,聯詠元大96購05  ,0,0,0,0,0,0,0,0,0,200000,0,0,0,200000,0,200000,200000
054906,神達康和97購01  ,0,0,0,0,0,0,0,0,0,200000,0,0,0,200000,0,200000,200000
054656,深中小元大97購01,0,0,0,0,0,0,0,0,0,200000,0,0,0,220000,20000,200000,200000
054510,S&P反1元大98購01,0,0,0,0,0,0,0,0,0,200000,0,0,0,200000,0,200000,200000
055242,道瓊銀統一98購01,0,0,0,0,0,0,0,0,0,200000,0,0,0,200000,0,200000,200000
044991,T50反1國泰93購02,0,0,0,0,0,0,0,0,0,200000,0,0,0,200000,0,200000,200000
046020,滬深2X元大95購02,0,0,0,0,0,0,0,0,0,200000,0,0,0,200000,0,200000,200000
045016,創意元大94購01  ,0,0,0,0,0,0,0,0,0,200000,0,0,0,200000,0,200000,200000
04507P,台光電元大94售03,0,0,0,0,0,0,0,0,0,200000,0,0,0,200000,0,200000,200000
045103,上海銀亞東94購01,0,0,0,0,0,0,0,0,0,200000,0,0,0,200000,0,200000,200000
045947,欣興兆豐93購04  ,0,0,0,0,0,0,0,0,0,200000,0,0,0,200000,0,200000,200000
047385,華邦電元大94購02,0,0,0,0,0,0,0,0,0,200000,0,0,0,200000,0,200000,200000
04762P,聯詠凱基94售03  ,0,0,0,0,0,0,0,0,0,200000,0,0,0,200000,0,200000,200000
050282,T50反1凱基97購01,0,0,0,0,0,0,0,0,0,200000,0,0,0,200000,0,200000,200000
051762,國泰金元大95購01,0,0,0,0,0,0,0,0,0,200000,0,0,0,200000,0,200000,200000
051728,道瓊反國票97購01,0,0,0,0,0,0,0,0,0,200000,0,0,0,200000,0,200000,200000
050406,台積電台新95購02,0,0,0,0,0,0,0,0,0,200000,0,0,0,200000,0,200000,200000
050809,鴻海凱基95購08  ,0,0,0,0,0,0,0,0,0,200000,0,0,0,200000,0,200000,200000
06297P,美律元大97售01  ,0,0,0,0,0,0,0,0,0,200000,0,0,0,200000,0,200000,200000
05686P,臺股指元大96售11,0,0,0,0,0,0,0,0,0,200000,0,0,0,200000,0,200000,200000
08671P,友訊國票01售01  ,0,0,0,0,0,0,0,0,0,200000,0,0,0,200000,0,200000,200000
05315P,鴻海永昌96售08  ,0,0,0,0,0,0,0,0,0,199000,0,0,0,300000,101000,199000,199000
048602,上緯控國票96購01,0,0,0,0,0,0,0,0,0,199000,0,0,0,199000,0,199000,199000
03595P,聯發科凱基02售11,0,0,0,0,0,0,0,0,0,199000,0,0,0,210000,11000,199000,199000
03856P,易華電永豐93售01,0,0,0,0,0,0,0,0,0,199000,0,0,0,199000,0,199000,199000
049775,旺宏統一95購02  ,0,0,0,0,0,0,0,0,0,199000,0,0,0,199000,0,199000,199000
047492,儒鴻元富93購01  ,0,0,0,0,0,0,0,0,0,199000,0,0,0,199000,0,199000,199000
051281,健策兆豐96購01  ,0,0,0,0,0,0,0,0,0,199000,0,0,0,219000,20000,199000,199000
055335,健策兆豐98購01  ,0,0,0,0,0,0,0,0,0,198000,0,0,0,243000,45000,198000,198000
055663,崇越中信97購01  ,0,0,0,0,0,0,0,0,0,198000,0,0,0,268000,70000,198000,198000
054874,帆宣群益99購02  ,0,0,0,0,0,0,0,0,0,198000,0,0,0,301000,103000,198000,198000
04796P,聯發科元大94售10,0,0,0,0,0,0,0,0,0,198000,0,0,0,514000,316000,198000,198000
052115,T50反1國票95購03,0,0,0,0,0,0,0,0,0,198000,0,0,0,248000,50000,198000,198000
3030,德律            ,295000,107000,188000,0,0,0,0,0,0,10000,10000,0,10000,0,0,0,198000
6531,愛普            ,417000,202000,215000,0,0,0,0,0,0,-17000,67000,84000,-17000,0,0,0,198000
054518,亞光元大97購01  ,0,0,0,0,0,0,0,0,0,197000,0,0,0,200000,3000,197000,197000
046003,欣興統一92購02  ,0,0,0,0,0,0,0,0,0,197000,0,0,0,197000,0,197000,197000
05149P,緯穎國泰96售01  ,0,0,0,0,0,0,0,0,0,197000,0,0,0,197000,0,197000,197000
3312,弘憶股          ,322000,126000,196000,0,0,0,0,0,0,1000,1000,0,1000,0,0,0,197000
05858P,矽力中信96售01  ,0,0,0,0,0,0,0,0,0,197000,0,0,0,300000,103000,197000,197000
054943,群光元大97購01  ,0,0,0,0,0,0,0,0,0,196000,0,0,0,250000,54000,196000,196000
052845,旺宏統一97購01  ,0,0,0,0,0,0,0,0,0,196000,0,0,0,199000,3000,196000,196000
05948P,茂林元大96售03  ,0,0,0,0,0,0,0,0,0,196000,0,0,0,206000,10000,196000,196000
047466,新光金國泰95購01,0,0,0,0,0,0,0,0,0,195000,0,0,0,289000,94000,195000,195000
06274P,臺股指凱基97售06,0,0,0,0,0,0,0,0,0,195000,0,0,0,195000,0,195000,195000
05657P,樺漢統一97售01  ,0,0,0,0,0,0,0,0,0,195000,0,0,0,195000,0,195000,195000
2537,聯上發          ,387000,198000,189000,0,0,0,0,0,0,6000,6000,0,6000,0,0,0,195000
03881P,易華電永豐93售02,0,0,0,0,0,0,0,0,0,194000,0,0,0,194000,0,194000,194000
048902,昇陽半國泰96購01,0,0,0,0,0,0,0,0,0,194000,0,0,0,194000,0,194000,194000
04462P,全新元富96售01  ,0,0,0,0,0,0,0,0,0,193000,0,0,0,193000,0,193000,193000
049025,華擎群益94購01  ,0,0,0,0,0,0,0,0,0,193000,0,0,0,240000,47000,193000,193000
052312,美律富邦96購02  ,0,0,0,0,0,0,0,0,0,193000,0,0,0,193000,0,193000,193000
05224P,華通統一95售03  ,0,0,0,0,0,0,0,0,0,193000,0,0,0,233000,40000,193000,193000
050526,貿聯元大95購01  ,0,0,0,0,0,0,0,0,0,193000,0,0,0,213000,20000,193000,193000
06276P,臺股指凱基97售08,0,0,0,0,0,0,0,0,0,193000,0,0,0,193000,0,193000,193000
06314P,GIS元富97售02   ,0,0,0,0,0,0,0,0,0,193000,0,0,0,210000,17000,193000,193000
054808,東元元大9A購01  ,0,0,0,0,0,0,0,0,0,192000,0,0,0,282000,90000,192000,192000
055030,帆宣國泰99購02  ,0,0,0,0,0,0,0,0,0,192000,0,0,0,517000,325000,192000,192000
05375P,健策國票96售02  ,0,0,0,0,0,0,0,0,0,192000,0,0,0,332000,140000,192000,192000
049381,欣興元大94購05  ,0,0,0,0,0,0,0,0,0,192000,0,0,0,200000,8000,192000,192000
05016P,臺股指元大95售07,0,0,0,0,0,0,0,0,0,192000,0,0,0,1190000,998000,192000,192000
04733P,康控兆豐95售01  ,0,0,0,0,0,0,0,0,0,192000,0,0,0,220000,28000,192000,192000
054422,T50反1富邦9A購01,0,0,0,0,0,0,0,0,0,191000,0,0,0,191000,0,191000,191000
05429P,鴻海統一95售16  ,0,0,0,0,0,0,0,0,0,191000,0,0,0,200000,9000,191000,191000
03281P,台積電凱基04售01,0,0,0,0,0,0,0,0,0,191000,0,0,0,193000,2000,191000,191000
055369,友訊元大97購01  ,0,0,0,0,0,0,0,0,0,190000,0,0,0,330000,140000,190000,190000
043642,元金2X國票97購01,0,0,0,0,0,0,0,0,0,190000,0,0,0,190000,0,190000,190000
045117,玉晶光日盛92購01,0,0,0,0,0,0,0,0,0,190000,0,0,0,190000,0,190000,190000
04570P,台積電國票94售05,0,0,0,0,0,0,0,0,0,190000,0,0,0,190000,0,190000,190000
04972P,緯穎元富94售03  ,0,0,0,0,0,0,0,0,0,190000,0,0,0,200000,10000,190000,190000
052745,欣興元大96購04  ,0,0,0,0,0,0,0,0,0,190000,0,0,0,210000,20000,190000,190000
3376,新日興          ,731000,716000,15000,0,0,0,396000,318000,78000,97000,156000,76000,80000,44000,27000,17000,190000
052354,健策群益96購02  ,0,0,0,0,0,0,0,0,0,189000,0,0,0,262000,73000,189000,189000
2472,立隆電          ,291000,137000,154000,0,0,0,0,0,0,35000,80000,45000,35000,0,0,0,189000
06275P,臺股指凱基97售07,0,0,0,0,0,0,0,0,0,189000,0,0,0,189000,0,189000,189000
055842,建準元大98購01  ,0,0,0,0,0,0,0,0,0,189000,0,0,0,210000,21000,189000,189000
055448,健策統一97購02  ,0,0,0,0,0,0,0,0,0,188000,0,0,0,486000,298000,188000,188000
03804P,聯發科統一93售01,0,0,0,0,0,0,0,0,0,188000,0,0,0,188000,0,188000,188000
00766L,台新MSCI中國正2 ,0,0,0,0,0,0,0,0,0,188000,0,0,0,762000,574000,188000,188000
00654R,富邦印度反1     ,119000,0,119000,0,0,0,0,0,0,69000,0,0,0,69000,0,69000,188000
05205P,緯穎元大95售03  ,0,0,0,0,0,0,0,0,0,188000,0,0,0,238000,50000,188000,188000
053401,臺股指中信99購01,0,0,0,0,0,0,0,0,0,187000,0,0,0,200000,13000,187000,187000
049869,訊芯兆豐94購01  ,0,0,0,0,0,0,0,0,0,187000,0,0,0,197000,10000,187000,187000
2929,淘帝-KY         ,283000,97000,186000,0,0,0,0,0,0,1000,3000,0,3000,0,2000,-2000,187000
053998,泰鼎群益98購01  ,0,0,0,0,0,0,0,0,0,186000,0,0,0,697000,511000,186000,186000
048946,崇越永豐94購01  ,0,0,0,0,0,0,0,0,0,186000,0,0,0,191000,5000,186000,186000
050569,英業達中信94購01,0,0,0,0,0,0,0,0,0,185000,0,0,0,210000,25000,185000,185000
3622,洋華            ,230000,47000,183000,0,0,0,0,0,0,1000,1000,0,1000,0,0,0,184000
8463,潤泰材          ,252000,70000,182000,0,0,0,0,0,0,2000,2000,0,2000,0,0,0,184000
05934P,國巨凱基96售13  ,0,0,0,0,0,0,0,0,0,184000,0,0,0,252000,68000,184000,184000
054339,聯詠統一96購02  ,0,0,0,0,0,0,0,0,0,183000,0,0,0,184000,1000,183000,183000
05015P,臺股指元大95售06,0,0,0,0,0,0,0,0,0,183000,0,0,0,184000,1000,183000,183000
053032,國巨兆豐97購02  ,0,0,0,0,0,0,0,0,0,183000,0,0,0,223000,40000,183000,183000
05502P,台表科國票97售01,0,0,0,0,0,0,0,0,0,182000,0,0,0,232000,50000,182000,182000
053114,聯茂兆豐97購01  ,0,0,0,0,0,0,0,0,0,182000,0,0,0,182000,0,182000,182000
05283P,健鼎元大95售04  ,0,0,0,0,0,0,0,0,0,182000,0,0,0,282000,100000,182000,182000
05071P,鴻海統一96售05  ,0,0,0,0,0,0,0,0,0,182000,0,0,0,202000,20000,182000,182000
053402,A50正2群益9A購02,0,0,0,0,0,0,0,0,0,181000,0,0,0,181000,0,181000,181000
06012P,世芯國票96售01  ,0,0,0,0,0,0,0,0,0,181000,0,0,0,387000,206000,181000,181000
06281P,臺股指凱基97售13,0,0,0,0,0,0,0,0,0,181000,0,0,0,181000,0,181000,181000
4426,利勤            ,295000,117000,178000,0,0,0,0,0,0,3000,3000,0,3000,0,0,0,181000
050909,華夏中信95購01  ,0,0,0,0,0,0,0,0,0,180000,0,0,0,180000,0,180000,180000
051638,聯茂國票96購01  ,0,0,0,0,0,0,0,0,0,180000,0,0,0,180000,0,180000,180000
051346,仁寶元大95購01  ,0,0,0,0,0,0,0,0,0,180000,0,0,0,180000,0,180000,180000
05296P,牧德凱基96售01  ,0,0,0,0,0,0,0,0,0,180000,0,0,0,450000,270000,180000,180000
05684P,臺股指元大96售09,0,0,0,0,0,0,0,0,0,180000,0,0,0,192000,12000,180000,180000
05733P,臺股指統一96售03,0,0,0,0,0,0,0,0,0,180000,0,0,0,180000,0,180000,180000
053196,康控元富96購01  ,0,0,0,0,0,0,0,0,0,179000,0,0,0,196000,17000,179000,179000
054901,群光康和97購01  ,0,0,0,0,0,0,0,0,0,179000,0,0,0,179000,0,179000,179000
043958,臻鼎元富94購01  ,0,0,0,0,0,0,0,0,0,179000,0,0,0,298000,119000,179000,179000
048773,貿聯凱基94購01  ,0,0,0,0,0,0,0,0,0,179000,0,0,0,190000,11000,179000,179000
2723,美食-KY         ,243000,0,243000,0,0,0,2000,0,2000,-66000,11000,77000,-66000,0,0,0,179000
054733,鴻海凱基98購04  ,0,0,0,0,0,0,0,0,0,178000,0,0,0,248000,70000,178000,178000
045749,智邦富邦93購01  ,0,0,0,0,0,0,0,0,0,178000,0,0,0,210000,32000,178000,178000
04806P,臻鼎元富94售06  ,0,0,0,0,0,0,0,0,0,178000,0,0,0,188000,10000,178000,178000
055261,帆宣統一98購01  ,0,0,0,0,0,0,0,0,0,177000,0,0,0,331000,154000,177000,177000
046165,中磊兆豐93購01  ,0,0,0,0,0,0,0,0,0,177000,0,0,0,177000,0,177000,177000
05817P,可成凱基96售07  ,0,0,0,0,0,0,0,0,0,177000,0,0,0,217000,40000,177000,177000
045796,廣達中信93購01  ,0,0,0,0,0,0,0,0,0,176000,0,0,0,270000,94000,176000,176000
046217,康友富邦94購01  ,0,0,0,0,0,0,0,0,0,176000,0,0,0,176000,0,176000,176000
04470P,為升元大94售01  ,0,0,0,0,0,0,0,0,0,176000,0,0,0,226000,50000,176000,176000
052466,聯詠統一95購03  ,0,0,0,0,0,0,0,0,0,176000,0,0,0,176000,0,176000,176000
06232P,智易永豐97售01  ,0,0,0,0,0,0,0,0,0,176000,0,0,0,176000,0,176000,176000
8039,台虹            ,1754000,1116000,638000,0,0,0,0,400000,-400000,-62000,63000,126000,-63000,37000,36000,1000,176000
055106,台積電凱基98購05,0,0,0,0,0,0,0,0,0,175000,0,0,0,464000,289000,175000,175000
051578,智邦元大96購01  ,0,0,0,0,0,0,0,0,0,175000,0,0,0,200000,25000,175000,175000
8341,日友            ,530000,239000,291000,0,0,0,42000,70000,-28000,-88000,2000,90000,-88000,0,0,0,175000
055457,聚陽永豐97購01  ,0,0,0,0,0,0,0,0,0,174000,0,0,0,174000,0,174000,174000
049212,T50反1國票94購04,0,0,0,0,0,0,0,0,0,174000,0,0,0,285000,111000,174000,174000
04500P,燿華統一94售01  ,0,0,0,0,0,0,0,0,0,173000,0,0,0,183000,10000,173000,173000
046722,智邦元大93購02  ,0,0,0,0,0,0,0,0,0,173000,0,0,0,273000,100000,173000,173000
051980,樺漢凱基96購01  ,0,0,0,0,0,0,0,0,0,173000,0,0,0,401000,228000,173000,173000
2436,偉詮電          ,235000,71000,164000,0,0,0,0,0,0,9000,10000,1000,9000,0,0,0,173000
5285,界霖            ,215000,44000,171000,0,0,0,0,0,0,1000,1000,0,1000,0,0,0,172000
6155,鈞寶            ,233000,68000,165000,0,0,0,0,0,0,7000,7000,0,7000,0,0,0,172000
055622,群創國泰99購01  ,0,0,0,0,0,0,0,0,0,170000,0,0,0,170000,0,170000,170000
053310,彩晶凱基98購02  ,0,0,0,0,0,0,0,0,0,170000,0,0,0,180000,10000,170000,170000
05363P,臺股指富邦95售03,0,0,0,0,0,0,0,0,0,170000,0,0,0,200000,30000,170000,170000
054438,群創台新96購01  ,0,0,0,0,0,0,0,0,0,170000,0,0,0,170000,0,170000,170000
03382P,帆宣康和02售01  ,0,0,0,0,0,0,0,0,0,170000,0,0,0,170000,0,170000,170000
047558,臻鼎凱基93購06  ,0,0,0,0,0,0,0,0,0,170000,0,0,0,170000,0,170000,170000
05253P,智邦凱基95售08  ,0,0,0,0,0,0,0,0,0,170000,0,0,0,230000,60000,170000,170000
051560,玉晶光國泰97購03,0,0,0,0,0,0,0,0,0,170000,0,0,0,281000,111000,170000,170000
054986,藍天元富97購01  ,0,0,0,0,0,0,0,0,0,169000,0,0,0,169000,0,169000,169000
054604,麗豐台新98購01  ,0,0,0,0,0,0,0,0,0,169000,0,0,0,208000,39000,169000,169000
03686P,大立光統一98售02,0,0,0,0,0,0,0,0,0,169000,0,0,0,244000,75000,169000,169000
044428,卜蜂富邦92購01  ,0,0,0,0,0,0,0,0,0,169000,0,0,0,169000,0,169000,169000
050195,上海銀元大94購03,0,0,0,0,0,0,0,0,0,169000,0,0,0,184000,15000,169000,169000
050026,友達元大96購01  ,0,0,0,0,0,0,0,0,0,169000,0,0,0,322000,153000,169000,169000
050442,復盛凱基94購01  ,0,0,0,0,0,0,0,0,0,169000,0,0,0,247000,78000,169000,169000
052744,聯詠元大97購01  ,0,0,0,0,0,0,0,0,0,169000,0,0,0,389000,220000,169000,169000
6202,盛群            ,483000,317000,166000,0,0,0,0,0,0,3000,3000,0,3000,0,0,0,169000
2312,金寶            ,1638000,917000,721000,0,0,0,0,0,0,-552000,22000,105000,-83000,163000,632000,-469000,169000
05544P,台表科元富96售01,0,0,0,0,0,0,0,0,0,168000,0,0,0,168000,0,168000,168000
04049P,大立光元大95售02,0,0,0,0,0,0,0,0,0,168000,0,0,0,649000,481000,168000,168000
041870,A50正2凱基96購01,0,0,0,0,0,0,0,0,0,168000,0,0,0,267000,99000,168000,168000
051316,T50反1國票95購02,0,0,0,0,0,0,0,0,0,168000,0,0,0,168000,0,168000,168000
1609,大亞            ,337000,199000,138000,0,0,0,3000,0,3000,27000,27000,0,27000,0,0,0,168000
056012,勤誠中信99購01  ,0,0,0,0,0,0,0,0,0,168000,0,0,0,202000,34000,168000,168000
056090,康舒統一97購01  ,0,0,0,0,0,0,0,0,0,168000,0,0,0,218000,50000,168000,168000
046702,旺宏元富93購02  ,0,0,0,0,0,0,0,0,0,167000,0,0,0,217000,50000,167000,167000
050443,復盛凱基94購02  ,0,0,0,0,0,0,0,0,0,167000,0,0,0,201000,34000,167000,167000
06111P,上銀兆豐98售01  ,0,0,0,0,0,0,0,0,0,167000,0,0,0,203000,36000,167000,167000
05527P,聯茂群益96售01  ,0,0,0,0,0,0,0,0,0,166000,0,0,0,167000,1000,166000,166000
053962,聯茂永豐96購01  ,0,0,0,0,0,0,0,0,0,166000,0,0,0,234000,68000,166000,166000
04748P,臺股指元大94售23,0,0,0,0,0,0,0,0,0,166000,0,0,0,665000,499000,166000,166000
048167,旺宏永豐93購04  ,0,0,0,0,0,0,0,0,0,166000,0,0,0,176000,10000,166000,166000
05091P,台積電元大95售11,0,0,0,0,0,0,0,0,0,166000,0,0,0,1358000,1192000,166000,166000
051670,欣興元大95購06  ,0,0,0,0,0,0,0,0,0,166000,0,0,0,166000,0,166000,166000
054011,旺宏永豐96購05  ,0,0,0,0,0,0,0,0,0,165000,0,0,0,175000,10000,165000,165000
053752,超眾永豐96購02  ,0,0,0,0,0,0,0,0,0,165000,0,0,0,221000,56000,165000,165000
05543P,鴻海元富96售04  ,0,0,0,0,0,0,0,0,0,165000,0,0,0,200000,35000,165000,165000
047830,智邦元大93購08  ,0,0,0,0,0,0,0,0,0,165000,0,0,0,175000,10000,165000,165000
050116,嘉澤元大94購03  ,0,0,0,0,0,0,0,0,0,165000,0,0,0,200000,35000,165000,165000
043972,大立光富邦93購02,0,0,0,0,0,0,0,0,0,164000,0,0,0,164000,0,164000,164000
051718,上証2X永豐95購01,0,0,0,0,0,0,0,0,0,164000,0,0,0,603000,439000,164000,164000
051121,裕民群益97購01  ,0,0,0,0,0,0,0,0,0,164000,0,0,0,164000,0,164000,164000
06157P,聯鈞統一97售02  ,0,0,0,0,0,0,0,0,0,164000,0,0,0,192000,28000,164000,164000
05682P,大立光元大98售03,0,0,0,0,0,0,0,0,0,164000,0,0,0,1203000,1039000,164000,164000
6449,鈺邦            ,251000,83000,168000,0,0,0,0,0,0,-4000,11000,15000,-4000,0,0,0,164000
5907,大洋-KY         ,226000,71000,155000,0,0,0,0,0,0,9000,9000,0,9000,0,0,0,164000
050066,華固凱基94購01  ,0,0,0,0,0,0,0,0,0,163000,0,0,0,163000,0,163000,163000
05311P,臺股指群益95售10,0,0,0,0,0,0,0,0,0,163000,0,0,0,350000,187000,163000,163000
05994P,奇鋐元大96售02  ,0,0,0,0,0,0,0,0,0,163000,0,0,0,166000,3000,163000,163000
04194P,欣興永豐93售05  ,0,0,0,0,0,0,0,0,0,162000,0,0,0,222000,60000,162000,162000
03917P,鴻海凱基94售07  ,0,0,0,0,0,0,0,0,0,162000,0,0,0,282000,120000,162000,162000
00659R,國泰日本反1     ,66000,0,66000,0,0,0,0,0,0,96000,0,0,0,97000,1000,96000,162000
04363P,儒鴻元富94售01  ,0,0,0,0,0,0,0,0,0,162000,0,0,0,201000,39000,162000,162000
048065,群創統一93購04  ,0,0,0,0,0,0,0,0,0,162000,0,0,0,162000,0,162000,162000
049601,矽創元大95購02  ,0,0,0,0,0,0,0,0,0,162000,0,0,0,272000,110000,162000,162000
047296,日月光元富96購01,0,0,0,0,0,0,0,0,0,162000,0,0,0,180000,18000,162000,162000
05260P,和碩元富95售02  ,0,0,0,0,0,0,0,0,0,162000,0,0,0,226000,64000,162000,162000
05237P,為升永豐95售01  ,0,0,0,0,0,0,0,0,0,162000,0,0,0,214000,52000,162000,162000
00651R,FH香港反1       ,0,76000,-76000,0,0,0,0,0,0,237000,0,0,0,896000,659000,237000,161000
04104P,臺股指國票93售11,0,0,0,0,0,0,0,0,0,161000,0,0,0,210000,49000,161000,161000
051109,美律統一95購02  ,0,0,0,0,0,0,0,0,0,161000,0,0,0,287000,126000,161000,161000
051354,聯發科元大95購09,0,0,0,0,0,0,0,0,0,161000,0,0,0,162000,1000,161000,161000
056078,勤誠元大97購01  ,0,0,0,0,0,0,0,0,0,161000,0,0,0,174000,13000,161000,161000
054753,復盛凱基98購01  ,0,0,0,0,0,0,0,0,0,160000,0,0,0,233000,73000,160000,160000
040578,SP黃豆元富95購03,0,0,0,0,0,0,0,0,0,160000,0,0,0,160000,0,160000,160000
04345P,景碩國泰94售02  ,0,0,0,0,0,0,0,0,0,160000,0,0,0,240000,80000,160000,160000
04834P,鴻海元大94售17  ,0,0,0,0,0,0,0,0,0,160000,0,0,0,328000,168000,160000,160000
044125,美律凱基93購01  ,0,0,0,0,0,0,0,0,0,160000,0,0,0,160000,0,160000,160000
04754P,宏達電元富94售02,0,0,0,0,0,0,0,0,0,160000,0,0,0,287000,127000,160000,160000
05069P,鴻海統一96售03  ,0,0,0,0,0,0,0,0,0,160000,0,0,0,180000,20000,160000,160000
052856,滬深2X凱基98購01,0,0,0,0,0,0,0,0,0,160000,0,0,0,160000,0,160000,160000
05762P,昇陽半永豐96售04,0,0,0,0,0,0,0,0,0,160000,0,0,0,191000,31000,160000,160000
05501P,健策國票97售01  ,0,0,0,0,0,0,0,0,0,159000,0,0,0,355000,196000,159000,159000
053699,臺股指元大96購22,0,0,0,0,0,0,0,0,0,159000,0,0,0,159000,0,159000,159000
04854P,鴻海國泰96售04  ,0,0,0,0,0,0,0,0,0,158000,0,0,0,158000,0,158000,158000
043775,友達兆豐92購01  ,0,0,0,0,0,0,0,0,0,157000,0,0,0,280000,123000,157000,157000
046618,南亞科凱基93購01,0,0,0,0,0,0,0,0,0,157000,0,0,0,160000,3000,157000,157000
06031P,新光金兆豐96售02,0,0,0,0,0,0,0,0,0,157000,0,0,0,168000,11000,157000,157000
5269,祥碩            ,210395,233300,-22905,0,0,0,183000,1000,182000,-3000,13000,20000,-7000,8000,4000,4000,156095
054795,合勤控群益98購01,0,0,0,0,0,0,0,0,0,156000,0,0,0,166000,10000,156000,156000
051211,道瓊反統一95購01,0,0,0,0,0,0,0,0,0,156000,0,0,0,156000,0,156000,156000
6592,和潤企業        ,225000,74000,151000,0,0,0,0,0,0,5000,5000,0,5000,0,0,0,156000
05987P,健策統一96售02  ,0,0,0,0,0,0,0,0,0,156000,0,0,0,217000,61000,156000,156000
043735,元金2X元大94購01,0,0,0,0,0,0,0,0,0,155000,0,0,0,210000,55000,155000,155000
04454P,大立光富邦98售02,0,0,0,0,0,0,0,0,0,155000,0,0,0,187000,32000,155000,155000
051025,晶華統一95購01  ,0,0,0,0,0,0,0,0,0,155000,0,0,0,282000,127000,155000,155000
046396,矽創國泰93購01  ,0,0,0,0,0,0,0,0,0,154000,0,0,0,283000,129000,154000,154000
04276P,聯發科凱基93售33,0,0,0,0,0,0,0,0,0,154000,0,0,0,158000,4000,154000,154000
049293,友訊群益95購01  ,0,0,0,0,0,0,0,0,0,154000,0,0,0,253000,99000,154000,154000
052309,健策國泰97購01  ,0,0,0,0,0,0,0,0,0,154000,0,0,0,196000,42000,154000,154000
05586P,臺股指凱基96售15,0,0,0,0,0,0,0,0,0,154000,0,0,0,154000,0,154000,154000
047896,京元電群益93購01,0,0,0,0,0,0,0,0,0,153000,0,0,0,153000,0,153000,153000
050218,世紀鋼統一94購02,0,0,0,0,0,0,0,0,0,153000,0,0,0,313000,160000,153000,153000
1717,長興            ,324000,137000,187000,0,0,0,2000,0,2000,-36000,14000,50000,-36000,0,0,0,153000
3010,華立            ,184000,37000,147000,0,0,0,3000,0,3000,3000,3000,0,3000,0,0,0,153000
3023,信邦            ,594000,496000,98000,0,0,0,7000,0,7000,48000,84000,45000,39000,13000,4000,9000,153000
3702,大聯大          ,1355000,2010600,-655600,0,0,0,11000,5000,6000,802000,20000,113000,-93000,895000,0,895000,152400
1582,信錦            ,286000,132860,153140,0,0,0,1000,0,1000,-2000,2000,4000,-2000,0,0,0,152140
03538P,景碩元富08售02  ,0,0,0,0,0,0,0,0,0,152000,0,0,0,163000,11000,152000,152000
055732,全新元富9A購01  ,0,0,0,0,0,0,0,0,0,152000,0,0,0,152000,0,152000,152000
056000,佳世達永豐97購01,0,0,0,0,0,0,0,0,0,152000,0,0,0,152000,0,152000,152000
053239,崇越永豐96購01  ,0,0,0,0,0,0,0,0,0,151000,0,0,0,194000,43000,151000,151000
03827P,矽創國票94售01  ,0,0,0,0,0,0,0,0,0,151000,0,0,0,151000,0,151000,151000
05276P,GIS永豐95售02   ,0,0,0,0,0,0,0,0,0,151000,0,0,0,151000,0,151000,151000
055609,旺宏國票99購01  ,0,0,0,0,0,0,0,0,0,150000,0,0,0,150000,0,150000,150000
03842P,鴻海元富93售02  ,0,0,0,0,0,0,0,0,0,150000,0,0,0,150000,0,150000,150000
04070P,臺股指凱基93售06,0,0,0,0,0,0,0,0,0,150000,0,0,0,150000,0,150000,150000
045399,康控富邦93購02  ,0,0,0,0,0,0,0,0,0,150000,0,0,0,150000,0,150000,150000
04413P,玉晶光元富94售01,0,0,0,0,0,0,0,0,0,150000,0,0,0,150000,0,150000,150000
045322,京元電統一92購02,0,0,0,0,0,0,0,0,0,150000,0,0,0,150000,0,150000,150000
044710,中磊元大93購01  ,0,0,0,0,0,0,0,0,0,150000,0,0,0,150000,0,150000,150000
049930,上海銀元大94購02,0,0,0,0,0,0,0,0,0,150000,0,0,0,172000,22000,150000,150000
049685,T50反1元大94購01,0,0,0,0,0,0,0,0,0,150000,0,0,0,150000,0,150000,150000
04949P,致新元大94售04  ,0,0,0,0,0,0,0,0,0,150000,0,0,0,350000,200000,150000,150000
049486,旺宏元大94購08  ,0,0,0,0,0,0,0,0,0,150000,0,0,0,198000,48000,150000,150000
047827,東陽元大93購01  ,0,0,0,0,0,0,0,0,0,150000,0,0,0,250000,100000,150000,150000
047020,智邦元大93購04  ,0,0,0,0,0,0,0,0,0,150000,0,0,0,150000,0,150000,150000
053105,鴻海兆豐97購01  ,0,0,0,0,0,0,0,0,0,150000,0,0,0,200000,50000,150000,150000
05245P,台積電元大95售18,0,0,0,0,0,0,0,0,0,150000,0,0,0,539000,389000,150000,150000
051654,致新永豐95購01  ,0,0,0,0,0,0,0,0,0,150000,0,0,0,150000,0,150000,150000
051790,貿聯國票95購03  ,0,0,0,0,0,0,0,0,0,150000,0,0,0,210000,60000,150000,150000
05726P,易華電永豐96售02,0,0,0,0,0,0,0,0,0,150000,0,0,0,150000,0,150000,150000
06124P,超眾元大97售03  ,0,0,0,0,0,0,0,0,0,150000,0,0,0,150000,0,150000,150000
1590,亞德客-KY       ,681000,757136,-76136,0,0,0,163000,8000,155000,71000,12000,2000,10000,63000,2000,61000,149864
055124,建準兆豐97購01  ,0,0,0,0,0,0,0,0,0,149000,0,0,0,149000,0,149000,149000
054862,群光群益97購01  ,0,0,0,0,0,0,0,0,0,149000,0,0,0,171000,22000,149000,149000
04541P,智易永豐94售03  ,0,0,0,0,0,0,0,0,0,149000,0,0,0,265000,116000,149000,149000
04915P,鴻海永昌96售02  ,0,0,0,0,0,0,0,0,0,149000,0,0,0,475000,326000,149000,149000
049753,傳奇永豐94購01  ,0,0,0,0,0,0,0,0,0,149000,0,0,0,149000,0,149000,149000
3094,聯傑            ,178000,31000,147000,0,0,0,0,0,0,2000,2000,0,2000,0,0,0,149000
05721P,全新群益98售02  ,0,0,0,0,0,0,0,0,0,149000,0,0,0,171000,22000,149000,149000
053166,聯詠群益96購02  ,0,0,0,0,0,0,0,0,0,148000,0,0,0,159000,11000,148000,148000
03622P,台光電中信92售01,0,0,0,0,0,0,0,0,0,148000,0,0,0,148000,0,148000,148000
03061P,南電凱基01售05  ,0,0,0,0,0,0,0,0,0,148000,0,0,0,148000,0,148000,148000
04420P,奇鋐永豐94售01  ,0,0,0,0,0,0,0,0,0,148000,0,0,0,154000,6000,148000,148000
05096P,台積電日盛95售01,0,0,0,0,0,0,0,0,0,148000,0,0,0,220000,72000,148000,148000
053188,旺宏統一97購03  ,0,0,0,0,0,0,0,0,0,147000,0,0,0,207000,60000,147000,147000
06073P,健策永豐97售01  ,0,0,0,0,0,0,0,0,0,147000,0,0,0,157000,10000,147000,147000
054120,奇力新永豐96購01,0,0,0,0,0,0,0,0,0,146000,0,0,0,403000,257000,146000,146000
05465P,台表科永豐95售03,0,0,0,0,0,0,0,0,0,146000,0,0,0,146000,0,146000,146000
04519P,國泰金群益94售01,0,0,0,0,0,0,0,0,0,146000,0,0,0,146000,0,146000,146000
00706L,元大S&P日圓正2  ,0,0,0,0,0,0,0,0,0,146000,0,0,0,146000,0,146000,146000
04162P,南亞科統一94售02,0,0,0,0,0,0,0,0,0,146000,0,0,0,146000,0,146000,146000
049866,景碩兆豐94購01  ,0,0,0,0,0,0,0,0,0,146000,0,0,0,316000,170000,146000,146000
050239,廣達凱基94購01  ,0,0,0,0,0,0,0,0,0,146000,0,0,0,226000,80000,146000,146000
04879P,康控永豐94售02  ,0,0,0,0,0,0,0,0,0,146000,0,0,0,146000,0,146000,146000
05729P,臺股指凱基97售02,0,0,0,0,0,0,0,0,0,146000,0,0,0,293000,147000,146000,146000
06044P,同欣電永豐96售03,0,0,0,0,0,0,0,0,0,146000,0,0,0,146000,0,146000,146000
055968,祥碩元大97購04  ,0,0,0,0,0,0,0,0,0,146000,0,0,0,155000,9000,146000,146000
05687P,臺股指元大96售12,0,0,0,0,0,0,0,0,0,146000,0,0,0,146000,0,146000,146000
2484,希華            ,217000,75000,142000,0,0,0,1000,0,1000,3000,3000,0,3000,0,0,0,146000
05449P,臺股指元大95售26,0,0,0,0,0,0,0,0,0,145000,0,0,0,1996000,1851000,145000,145000
054973,台郡元大98購02  ,0,0,0,0,0,0,0,0,0,145000,0,0,0,151000,6000,145000,145000
042903,金寶元大94購01  ,0,0,0,0,0,0,0,0,0,145000,0,0,0,265000,120000,145000,145000
03859P,聯詠元富93售04  ,0,0,0,0,0,0,0,0,0,145000,0,0,0,165000,20000,145000,145000
05044P,亞德客永豐95售01,0,0,0,0,0,0,0,0,0,145000,0,0,0,145000,0,145000,145000
050474,鴻海永豐94購05  ,0,0,0,0,0,0,0,0,0,145000,0,0,0,155000,10000,145000,145000
2520,冠德            ,594000,326000,268000,0,0,0,0,46000,-46000,-77000,39000,1000,38000,5000,120000,-115000,145000
03438P,群創群益98售03  ,0,0,0,0,0,0,0,0,0,144000,0,0,0,499000,355000,144000,144000
043048,金寶國泰93購01  ,0,0,0,0,0,0,0,0,0,144000,0,0,0,144000,0,144000,144000
053541,泰鼎永豐96購02  ,0,0,0,0,0,0,0,0,0,143000,0,0,0,166000,23000,143000,143000
048539,巨大國票94購01  ,0,0,0,0,0,0,0,0,0,143000,0,0,0,143000,0,143000,143000
05002P,台積電統一95售03,0,0,0,0,0,0,0,0,0,143000,0,0,0,143000,0,143000,143000
051185,強茂永豐95購03  ,0,0,0,0,0,0,0,0,0,143000,0,0,0,163000,20000,143000,143000
056046,百和凱基97購01  ,0,0,0,0,0,0,0,0,0,143000,0,0,0,200000,57000,143000,143000
06032P,健策群益97售03  ,0,0,0,0,0,0,0,0,0,143000,0,0,0,144000,1000,143000,143000
06144P,台光電永豐97售01,0,0,0,0,0,0,0,0,0,143000,0,0,0,158000,15000,143000,143000
04233P,儒鴻兆豐93售01  ,0,0,0,0,0,0,0,0,0,142000,0,0,0,202000,60000,142000,142000
047361,致茂群益93購01  ,0,0,0,0,0,0,0,0,0,142000,0,0,0,441000,299000,142000,142000
05063P,聯電元大96售03  ,0,0,0,0,0,0,0,0,0,142000,0,0,0,1335000,1193000,142000,142000
052067,中磊兆豐96購01  ,0,0,0,0,0,0,0,0,0,142000,0,0,0,142000,0,142000,142000
052942,聯發科中信97購04,0,0,0,0,0,0,0,0,0,142000,0,0,0,230000,88000,142000,142000
3026,禾伸堂          ,1114000,960000,154000,0,0,0,0,0,0,-12000,24000,4000,20000,17000,49000,-32000,142000
055033,漢唐富邦98購01  ,0,0,0,0,0,0,0,0,0,141000,0,0,0,143000,2000,141000,141000
1457,宜進            ,208000,72000,136000,0,0,0,2000,0,2000,3000,4000,1000,3000,0,0,0,141000
8112,至上            ,1493000,1347000,146000,0,0,0,5000,0,5000,-10000,5000,10000,-5000,0,5000,-5000,141000
045000,鴻海富邦93購01  ,0,0,0,0,0,0,0,0,0,140000,0,0,0,140000,0,140000,140000
049247,光寶科元大94購02,0,0,0,0,0,0,0,0,0,140000,0,0,0,149000,9000,140000,140000
04925P,和碩元大94售03  ,0,0,0,0,0,0,0,0,0,140000,0,0,0,150000,10000,140000,140000
04905P,國巨國票94售04  ,0,0,0,0,0,0,0,0,0,140000,0,0,0,150000,10000,140000,140000
051903,T50反1元大97購02,0,0,0,0,0,0,0,0,0,140000,0,0,0,140000,0,140000,140000
052521,友達元大9B購01  ,0,0,0,0,0,0,0,0,0,140000,0,0,0,266000,126000,140000,140000
06142P,台虹康和97售02  ,0,0,0,0,0,0,0,0,0,140000,0,0,0,160000,20000,140000,140000
045235,致茂中信93購01  ,0,0,0,0,0,0,0,0,0,139000,0,0,0,139000,0,139000,139000
046383,群創凱基98購01  ,0,0,0,0,0,0,0,0,0,139000,0,0,0,202000,63000,139000,139000
03765P,大立光元富96售01,0,0,0,0,0,0,0,0,0,139000,0,0,0,310000,171000,139000,139000
049408,旺宏日盛94購01  ,0,0,0,0,0,0,0,0,0,139000,0,0,0,144000,5000,139000,139000
05047P,強茂永豐95售02  ,0,0,0,0,0,0,0,0,0,139000,0,0,0,139000,0,139000,139000
055257,景碩統一97購01  ,0,0,0,0,0,0,0,0,0,138000,0,0,0,185000,47000,138000,138000
04594P,緯穎元大94售04  ,0,0,0,0,0,0,0,0,0,138000,0,0,0,637000,499000,138000,138000
052314,鴻海元大96購11  ,0,0,0,0,0,0,0,0,0,138000,0,0,0,183000,45000,138000,138000
055379,牧德元大97購03  ,0,0,0,0,0,0,0,0,0,137000,0,0,0,139000,2000,137000,137000
055089,金寶群益98購01  ,0,0,0,0,0,0,0,0,0,137000,0,0,0,200000,63000,137000,137000
054358,矽創兆豐96購01  ,0,0,0,0,0,0,0,0,0,137000,0,0,0,137000,0,137000,137000
048339,友達元大95購01  ,0,0,0,0,0,0,0,0,0,137000,0,0,0,138000,1000,137000,137000
055114,新日興凱基98購01,0,0,0,0,0,0,0,0,0,136000,0,0,0,146000,10000,136000,136000
048062,南亞科統一93購05,0,0,0,0,0,0,0,0,0,136000,0,0,0,231000,95000,136000,136000
050961,美律永豐95購01  ,0,0,0,0,0,0,0,0,0,136000,0,0,0,136000,0,136000,136000
051647,華新科永豐95購02,0,0,0,0,0,0,0,0,0,136000,0,0,0,182000,46000,136000,136000
054006,智易統一97購01  ,0,0,0,0,0,0,0,0,0,135000,0,0,0,135000,0,135000,135000
05154P,台積電兆豐95售05,0,0,0,0,0,0,0,0,0,135000,0,0,0,162000,27000,135000,135000
06095P,燿華永豐97售01  ,0,0,0,0,0,0,0,0,0,135000,0,0,0,147000,12000,135000,135000
05740P,宏達電元富96售01,0,0,0,0,0,0,0,0,0,135000,0,0,0,174000,39000,135000,135000
054012,廣達永豐96購01  ,0,0,0,0,0,0,0,0,0,134000,0,0,0,211000,77000,134000,134000
053265,南亞科群益96購02,0,0,0,0,0,0,0,0,0,134000,0,0,0,144000,10000,134000,134000
054610,聯發科永豐97購01,0,0,0,0,0,0,0,0,0,134000,0,0,0,284000,150000,134000,134000
04382P,美律國泰95售01  ,0,0,0,0,0,0,0,0,0,134000,0,0,0,149000,15000,134000,134000
049448,光磊統一94購01  ,0,0,0,0,0,0,0,0,0,134000,0,0,0,154000,20000,134000,134000
05921P,同欣電元大96售06,0,0,0,0,0,0,0,0,0,134000,0,0,0,1082000,948000,134000,134000
055850,聯詠元大97購06  ,0,0,0,0,0,0,0,0,0,134000,0,0,0,200000,66000,134000,134000
05346P,臺股指統一95售06,0,0,0,0,0,0,0,0,0,133000,0,0,0,140000,7000,133000,133000
054117,宏全康和96購01  ,0,0,0,0,0,0,0,0,0,133000,0,0,0,133000,0,133000,133000
049853,上海銀群益94購02,0,0,0,0,0,0,0,0,0,133000,0,0,0,133000,0,133000,133000
06048P,大立光富邦96售05,0,0,0,0,0,0,0,0,0,133000,0,0,0,138000,5000,133000,133000
042255,群創國票92購01  ,0,0,0,0,0,0,0,0,0,132000,0,0,0,132000,0,132000,132000
00678,群益NBI生技     ,338000,0,338000,0,0,0,0,0,0,-206000,0,0,0,0,206000,-206000,132000
05028P,康控永豐95售02  ,0,0,0,0,0,0,0,0,0,132000,0,0,0,175000,43000,132000,132000
051260,鴻海永昌96購04  ,0,0,0,0,0,0,0,0,0,132000,0,0,0,281000,149000,132000,132000
051861,鴻海凱基98購01  ,0,0,0,0,0,0,0,0,0,132000,0,0,0,197000,65000,132000,132000
053112,中磊兆豐97購01  ,0,0,0,0,0,0,0,0,0,132000,0,0,0,176000,44000,132000,132000
054641,祥碩中信98購01  ,0,0,0,0,0,0,0,0,0,131000,0,0,0,172000,41000,131000,131000
055017,緯穎元富97購01  ,0,0,0,0,0,0,0,0,0,131000,0,0,0,136000,5000,131000,131000
055503,健策元大98購05  ,0,0,0,0,0,0,0,0,0,131000,0,0,0,230000,99000,131000,131000
052678,群創富邦96購01  ,0,0,0,0,0,0,0,0,0,131000,0,0,0,131000,0,131000,131000
5880,合庫金          ,6033000,6139002,-106002,0,0,0,146000,0,146000,91000,20000,36000,-16000,111000,4000,107000,130998
054775,復盛國票98購01  ,0,0,0,0,0,0,0,0,0,130000,0,0,0,178000,48000,130000,130000
054462,旺宏凱基96購08  ,0,0,0,0,0,0,0,0,0,130000,0,0,0,180000,50000,130000,130000
03831P,臺股指中信95售02,0,0,0,0,0,0,0,0,0,130000,0,0,0,175000,45000,130000,130000
04384P,上証2X中信96售01,0,0,0,0,0,0,0,0,0,130000,0,0,0,133000,3000,130000,130000
03911P,臺股指元大93售35,0,0,0,0,0,0,0,0,0,130000,0,0,0,130000,0,130000,130000
046767,南茂凱基93購03  ,0,0,0,0,0,0,0,0,0,130000,0,0,0,130000,0,130000,130000
08445P,臺股指麥證9C售03,0,0,0,0,0,0,0,0,0,130000,0,0,0,150000,20000,130000,130000
3419,譁裕            ,158000,33000,125000,0,0,0,0,0,0,4000,4000,0,4000,0,0,0,129000
2618,長榮航          ,5864126,5388000,476126,0,0,0,33000,160000,-127000,-221000,248000,519000,-271000,50000,0,50000,128126
053339,友達國票97購02  ,0,0,0,0,0,0,0,0,0,128000,0,0,0,189000,61000,128000,128000
04061P,臺股指群益93售15,0,0,0,0,0,0,0,0,0,128000,0,0,0,128000,0,128000,128000
05238P,禾伸堂永豐95售01,0,0,0,0,0,0,0,0,0,128000,0,0,0,128000,0,128000,128000
06403P,鴻海元富97售15  ,0,0,0,0,0,0,0,0,0,128000,0,0,0,208000,80000,128000,128000
05708P,奇力新國票97售04,0,0,0,0,0,0,0,0,0,128000,0,0,0,128000,0,128000,128000
3443,創意            ,472000,261559,210441,0,0,0,54000,114000,-60000,-23000,2000,10000,-8000,13000,28000,-15000,127441
6669,緯穎            ,595403,497120,98283,0,0,0,27000,0,27000,2000,28000,19000,9000,23000,30000,-7000,127283
049976,台積電凱基94購28,0,0,0,0,0,0,0,0,0,127000,0,0,0,221000,94000,127000,127000
051103,緯穎元大96購03  ,0,0,0,0,0,0,0,0,0,127000,0,0,0,169000,42000,127000,127000
050735,亞光台新94購01  ,0,0,0,0,0,0,0,0,0,127000,0,0,0,142000,15000,127000,127000
2338,光罩            ,1723000,1125000,598000,0,0,0,0,296000,-296000,-175000,319000,190000,129000,47000,351000,-304000,127000
1321,大洋            ,154000,29000,125000,0,0,0,0,0,0,2000,2000,0,2000,0,0,0,127000
6452,康友-KY         ,307000,172538,134462,0,0,0,1000,0,1000,-9000,1000,0,1000,24000,34000,-10000,126462
2379,瑞昱            ,2221772,2128400,93372,0,0,0,0,0,0,33000,45000,40000,5000,39000,11000,28000,126372
054621,華新科兆豐98購01,0,0,0,0,0,0,0,0,0,126000,0,0,0,136000,10000,126000,126000
04737P,正崴永豐94售02  ,0,0,0,0,0,0,0,0,0,126000,0,0,0,167000,41000,126000,126000
049167,元油2X凱基97購03,0,0,0,0,0,0,0,0,0,126000,0,0,0,201000,75000,126000,126000
08674P,嘉晶元富07售02  ,0,0,0,0,0,0,0,0,0,126000,0,0,0,126000,0,126000,126000
1904,正隆            ,488000,341000,147000,0,0,0,0,7000,-7000,-14000,37000,51000,-14000,0,0,0,126000
4414,如興            ,364000,245000,119000,0,0,0,0,0,0,7000,16000,9000,7000,0,0,0,126000
05915P,聯發科元大96售19,0,0,0,0,0,0,0,0,0,126000,0,0,0,255000,129000,126000,126000
06042P,華新科永豐96售04,0,0,0,0,0,0,0,0,0,126000,0,0,0,126000,0,126000,126000
053825,南電群益96購02  ,0,0,0,0,0,0,0,0,0,125000,0,0,0,300000,175000,125000,125000
043938,華邦電兆豐93購01,0,0,0,0,0,0,0,0,0,125000,0,0,0,275000,150000,125000,125000
044013,友達凱基93購01  ,0,0,0,0,0,0,0,0,0,125000,0,0,0,135000,10000,125000,125000
04455P,台積電統一94售07,0,0,0,0,0,0,0,0,0,125000,0,0,0,190000,65000,125000,125000
050261,國巨元大95購04  ,0,0,0,0,0,0,0,0,0,125000,0,0,0,162000,37000,125000,125000
050998,訊連元大95購01  ,0,0,0,0,0,0,0,0,0,125000,0,0,0,531000,406000,125000,125000
052875,樺漢凱基96購02  ,0,0,0,0,0,0,0,0,0,125000,0,0,0,125000,0,125000,125000
055799,致茂永豐97購02  ,0,0,0,0,0,0,0,0,0,125000,0,0,0,140000,15000,125000,125000
05324P,臺股指凱基95售08,0,0,0,0,0,0,0,0,0,124000,0,0,0,130000,6000,124000,124000
053761,健策國泰98購01  ,0,0,0,0,0,0,0,0,0,124000,0,0,0,471000,347000,124000,124000
055384,緯穎元大98購02  ,0,0,0,0,0,0,0,0,0,124000,0,0,0,124000,0,124000,124000
04832P,為升元大94售09  ,0,0,0,0,0,0,0,0,0,124000,0,0,0,124000,0,124000,124000
053079,世紀鋼永豐96購01,0,0,0,0,0,0,0,0,0,124000,0,0,0,124000,0,124000,124000
053124,聯發科凱基96購12,0,0,0,0,0,0,0,0,0,124000,0,0,0,154000,30000,124000,124000
052448,新光金元大96購03,0,0,0,0,0,0,0,0,0,124000,0,0,0,134000,10000,124000,124000
05760P,京鼎永豐96售02  ,0,0,0,0,0,0,0,0,0,124000,0,0,0,161000,37000,124000,124000
4564,元翎            ,277000,129000,148000,0,0,0,0,0,0,-24000,2000,40000,-38000,14000,0,14000,124000
054667,神基元富97購01  ,0,0,0,0,0,0,0,0,0,123000,0,0,0,172000,49000,123000,123000
04672P,台積電統一94售09,0,0,0,0,0,0,0,0,0,123000,0,0,0,163000,40000,123000,123000
051607,緯創群益96購02  ,0,0,0,0,0,0,0,0,0,123000,0,0,0,123000,0,123000,123000
05573P,仁寶元富96售02  ,0,0,0,0,0,0,0,0,0,123000,0,0,0,123000,0,123000,123000
05526P,茂林群益96售03  ,0,0,0,0,0,0,0,0,0,122000,0,0,0,144000,22000,122000,122000
046604,康控群益93購02  ,0,0,0,0,0,0,0,0,0,122000,0,0,0,122000,0,122000,122000
04014P,聯發科元大93售18,0,0,0,0,0,0,0,0,0,122000,0,0,0,122000,0,122000,122000
04036P,臻鼎群益93售03  ,0,0,0,0,0,0,0,0,0,122000,0,0,0,283000,161000,122000,122000
049018,光罩群益94購01  ,0,0,0,0,0,0,0,0,0,122000,0,0,0,147000,25000,122000,122000
048979,晶相光元大94購03,0,0,0,0,0,0,0,0,0,122000,0,0,0,131000,9000,122000,122000
050456,聯茂元大94購09  ,0,0,0,0,0,0,0,0,0,122000,0,0,0,122000,0,122000,122000
052371,元金2X元大95購01,0,0,0,0,0,0,0,0,0,122000,0,0,0,499000,377000,122000,122000
055742,健策元富97購02  ,0,0,0,0,0,0,0,0,0,122000,0,0,0,176000,54000,122000,122000
3563,牧德            ,167000,143000,24000,0,0,0,48000,0,48000,50000,32000,0,32000,24000,6000,18000,122000
048547,訊芯永豐93購03  ,0,0,0,0,0,0,0,0,0,121000,0,0,0,121000,0,121000,121000
048603,中磊國票94購02  ,0,0,0,0,0,0,0,0,0,121000,0,0,0,141000,20000,121000,121000
04518P,高鐵群益95售01  ,0,0,0,0,0,0,0,0,0,121000,0,0,0,122000,1000,121000,121000
052091,緯創元大95購04  ,0,0,0,0,0,0,0,0,0,121000,0,0,0,121000,0,121000,121000
050704,復盛凱基94購03  ,0,0,0,0,0,0,0,0,0,121000,0,0,0,148000,27000,121000,121000
051397,聯茂兆豐95購03  ,0,0,0,0,0,0,0,0,0,121000,0,0,0,121000,0,121000,121000
05672P,鴻海群益96售03  ,0,0,0,0,0,0,0,0,0,121000,0,0,0,131000,10000,121000,121000
055341,台達電凱基97購02,0,0,0,0,0,0,0,0,0,120000,0,0,0,150000,30000,120000,120000
05570P,聯發科統一96售04,0,0,0,0,0,0,0,0,0,120000,0,0,0,120000,0,120000,120000
04471P,華通元大95售03  ,0,0,0,0,0,0,0,0,0,120000,0,0,0,120000,0,120000,120000
04549P,茂林元大94售02  ,0,0,0,0,0,0,0,0,0,120000,0,0,0,220000,100000,120000,120000
04669P,臺股指國票94售08,0,0,0,0,0,0,0,0,0,120000,0,0,0,170000,50000,120000,120000
048924,光罩永豐94購01  ,0,0,0,0,0,0,0,0,0,120000,0,0,0,160000,40000,120000,120000
049411,大成鋼凱基94購01,0,0,0,0,0,0,0,0,0,120000,0,0,0,120000,0,120000,120000
049128,滬深2X元大97購03,0,0,0,0,0,0,0,0,0,120000,0,0,0,120000,0,120000,120000
050696,台光電凱基96購01,0,0,0,0,0,0,0,0,0,120000,0,0,0,120000,0,120000,120000
051042,中磊永豐95購01  ,0,0,0,0,0,0,0,0,0,120000,0,0,0,120000,0,120000,120000
053138,華邦電富邦96購01,0,0,0,0,0,0,0,0,0,120000,0,0,0,220000,100000,120000,120000
05639P,欣興統一97售01  ,0,0,0,0,0,0,0,0,0,120000,0,0,0,120000,0,120000,120000
04809P,台光電群益94售04,0,0,0,0,0,0,0,0,0,119000,0,0,0,129000,10000,119000,119000
05056P,訊芯群益95售01  ,0,0,0,0,0,0,0,0,0,119000,0,0,0,231000,112000,119000,119000
05131P,聯詠統一97售01  ,0,0,0,0,0,0,0,0,0,119000,0,0,0,119000,0,119000,119000
056181,百和元富97購02  ,0,0,0,0,0,0,0,0,0,119000,0,0,0,120000,1000,119000,119000
1711,永光            ,346000,237000,109000,0,0,0,0,0,0,10000,10000,0,10000,0,0,0,119000
2327,國巨            ,2120000,2623000,-503000,0,0,0,104000,30000,74000,548000,640000,375000,265000,452000,169000,283000,119000
054436,高鐵台新97購02  ,0,0,0,0,0,0,0,0,0,118000,0,0,0,118000,0,118000,118000
04045P,鴻海元大93售19  ,0,0,0,0,0,0,0,0,0,118000,0,0,0,118000,0,118000,118000
046712,勤誠永豐93購01  ,0,0,0,0,0,0,0,0,0,118000,0,0,0,160000,42000,118000,118000
052180,緯穎元大96購05  ,0,0,0,0,0,0,0,0,0,118000,0,0,0,162000,44000,118000,118000
04889P,華通元大94售03  ,0,0,0,0,0,0,0,0,0,117000,0,0,0,117000,0,117000,117000
050987,台泥富邦95購01  ,0,0,0,0,0,0,0,0,0,117000,0,0,0,117000,0,117000,117000
05973P,聯詠元大96售06  ,0,0,0,0,0,0,0,0,0,117000,0,0,0,173000,56000,117000,117000
05960P,欣興統一96售01  ,0,0,0,0,0,0,0,0,0,117000,0,0,0,150000,33000,117000,117000
044998,玉晶光國泰94購01,0,0,0,0,0,0,0,0,0,116000,0,0,0,121000,5000,116000,116000
051825,中環元大95購01  ,0,0,0,0,0,0,0,0,0,116000,0,0,0,160000,44000,116000,116000
052320,緯創元大95購05  ,0,0,0,0,0,0,0,0,0,116000,0,0,0,148000,32000,116000,116000
05263P,台積電元大96售09,0,0,0,0,0,0,0,0,0,116000,0,0,0,275000,159000,116000,116000
2499,東貝            ,196000,83000,113000,0,0,0,0,0,0,3000,3000,0,3000,0,0,0,116000
3003,健和興          ,235000,124000,111000,0,0,0,0,0,0,5000,4000,1000,3000,3000,1000,2000,116000
055659,百和元富97購01  ,0,0,0,0,0,0,0,0,0,115000,0,0,0,115000,0,115000,115000
055322,欣興國票97購06  ,0,0,0,0,0,0,0,0,0,115000,0,0,0,240000,125000,115000,115000
042724,群創群益93購01  ,0,0,0,0,0,0,0,0,0,115000,0,0,0,115000,0,115000,115000
04383P,泰鼎國泰95售01  ,0,0,0,0,0,0,0,0,0,115000,0,0,0,125000,10000,115000,115000
03581P,台積電群益03售04,0,0,0,0,0,0,0,0,0,115000,0,0,0,118000,3000,115000,115000
047160,台郡國票94購01  ,0,0,0,0,0,0,0,0,0,115000,0,0,0,190000,75000,115000,115000
047584,元金2X永豐95購01,0,0,0,0,0,0,0,0,0,115000,0,0,0,135000,20000,115000,115000
050000,盟立永豐94購01  ,0,0,0,0,0,0,0,0,0,115000,0,0,0,115000,0,115000,115000
052200,台光電統一95購02,0,0,0,0,0,0,0,0,0,115000,0,0,0,237000,122000,115000,115000
051534,景碩國票97購01  ,0,0,0,0,0,0,0,0,0,115000,0,0,0,115000,0,115000,115000
05467P,聯電元大95售02  ,0,0,0,0,0,0,0,0,0,114000,0,0,0,175000,61000,114000,114000
053602,台虹元大96購01  ,0,0,0,0,0,0,0,0,0,114000,0,0,0,120000,6000,114000,114000
00865B,國泰US短期公債  ,0,0,0,0,0,0,0,0,0,114000,78000,0,78000,68000,32000,36000,114000
04987P,昇陽半永豐94售04,0,0,0,0,0,0,0,0,0,114000,0,0,0,124000,10000,114000,114000
051293,鴻海元富95購05  ,0,0,0,0,0,0,0,0,0,114000,0,0,0,164000,50000,114000,114000
052648,茂林永豐96購01  ,0,0,0,0,0,0,0,0,0,114000,0,0,0,217000,103000,114000,114000
1449,佳和            ,113000,0,113000,0,0,0,0,0,0,1000,1000,0,1000,0,0,0,114000
053703,緯穎兆豐96購01  ,0,0,0,0,0,0,0,0,0,113000,0,0,0,128000,15000,113000,113000
044750,鴻海凱基93購07  ,0,0,0,0,0,0,0,0,0,113000,0,0,0,123000,10000,113000,113000
044615,聯茂兆豐93購01  ,0,0,0,0,0,0,0,0,0,113000,0,0,0,113000,0,113000,113000
04625P,燿華元大94售03  ,0,0,0,0,0,0,0,0,0,113000,0,0,0,206000,93000,113000,113000
04639P,臺股指群益94售14,0,0,0,0,0,0,0,0,0,113000,0,0,0,166000,53000,113000,113000
2836,高雄銀          ,340000,235000,105000,0,0,0,0,0,0,8000,8000,0,8000,0,0,0,113000
05922P,京元電兆豐96售01,0,0,0,0,0,0,0,0,0,113000,0,0,0,113000,0,113000,113000
05857P,旺宏中信98售02  ,0,0,0,0,0,0,0,0,0,113000,0,0,0,150000,37000,113000,113000
054463,瑞昱凱基97購01  ,0,0,0,0,0,0,0,0,0,112000,0,0,0,130000,18000,112000,112000
042941,永冠國票93購01  ,0,0,0,0,0,0,0,0,0,112000,0,0,0,266000,154000,112000,112000
046750,鴻海凱基93購17  ,0,0,0,0,0,0,0,0,0,112000,0,0,0,112000,0,112000,112000
05303P,華通國泰97售01  ,0,0,0,0,0,0,0,0,0,112000,0,0,0,137000,25000,112000,112000
05920P,力成元大96售04  ,0,0,0,0,0,0,0,0,0,112000,0,0,0,113000,1000,112000,112000
06371P,茂林國票98售04  ,0,0,0,0,0,0,0,0,0,112000,0,0,0,262000,150000,112000,112000
043728,美律國泰93購01  ,0,0,0,0,0,0,0,0,0,111000,0,0,0,143000,32000,111000,111000
054134,強茂元大96購01  ,0,0,0,0,0,0,0,0,0,110000,0,0,0,110000,0,110000,110000
053641,正文永豐96購01  ,0,0,0,0,0,0,0,0,0,110000,0,0,0,125000,15000,110000,110000
054659,亞光元大97購02  ,0,0,0,0,0,0,0,0,0,110000,0,0,0,139000,29000,110000,110000
05530P,臺股指群益96售03,0,0,0,0,0,0,0,0,0,110000,0,0,0,223000,113000,110000,110000
04334P,中石化康和93售01,0,0,0,0,0,0,0,0,0,110000,0,0,0,110000,0,110000,110000
046567,正崴元富92購01  ,0,0,0,0,0,0,0,0,0,110000,0,0,0,110000,0,110000,110000
04396P,玉晶光群益94售02,0,0,0,0,0,0,0,0,0,110000,0,0,0,110000,0,110000,110000
042655,臺指反凱基92購01,0,0,0,0,0,0,0,0,0,110000,0,0,0,110000,0,110000,110000
046157,美律群益92購05  ,0,0,0,0,0,0,0,0,0,110000,0,0,0,110000,0,110000,110000
04428P,台光電元大94售02,0,0,0,0,0,0,0,0,0,110000,0,0,0,110000,0,110000,110000
044764,聯茂凱基93購03  ,0,0,0,0,0,0,0,0,0,110000,0,0,0,110000,0,110000,110000
047301,啟碁國泰94購01  ,0,0,0,0,0,0,0,0,0,110000,0,0,0,112000,2000,110000,110000
047052,大毅國票93購01  ,0,0,0,0,0,0,0,0,0,110000,0,0,0,115000,5000,110000,110000
049326,聯發科元富94購01,0,0,0,0,0,0,0,0,0,110000,0,0,0,110000,0,110000,110000
046663,亞光元大93購02  ,0,0,0,0,0,0,0,0,0,110000,0,0,0,110000,0,110000,110000
048271,可成富邦95購02  ,0,0,0,0,0,0,0,0,0,110000,0,0,0,170000,60000,110000,110000
04997P,燿華台新95售02  ,0,0,0,0,0,0,0,0,0,110000,0,0,0,110000,0,110000,110000
052526,智伸科元大96購02,0,0,0,0,0,0,0,0,0,110000,0,0,0,110000,0,110000,110000
051368,國泰金富邦97購01,0,0,0,0,0,0,0,0,0,110000,0,0,0,320000,210000,110000,110000
050730,復盛國票94購01  ,0,0,0,0,0,0,0,0,0,110000,0,0,0,237000,127000,110000,110000
05930P,景碩康和96售01  ,0,0,0,0,0,0,0,0,0,110000,0,0,0,110000,0,110000,110000
05701P,彩晶凱基96售01  ,0,0,0,0,0,0,0,0,0,110000,0,0,0,110000,0,110000,110000
055801,景碩永豐97購02  ,0,0,0,0,0,0,0,0,0,110000,0,0,0,110000,0,110000,110000
2477,美隆電          ,161000,57000,104000,0,0,0,0,0,0,6000,6000,0,6000,0,0,0,110000
08865P,欣興元大01售02  ,0,0,0,0,0,0,0,0,0,110000,0,0,0,110000,0,110000,110000
2059,川湖            ,174000,53000,121000,0,0,0,0,0,0,-11000,1000,14000,-13000,2000,0,2000,110000
055654,景碩元富97購01  ,0,0,0,0,0,0,0,0,0,109000,0,0,0,109000,0,109000,109000
054983,國巨元富97購04  ,0,0,0,0,0,0,0,0,0,109000,0,0,0,240000,131000,109000,109000
053523,T50反1中信9A購01,0,0,0,0,0,0,0,0,0,109000,0,0,0,110000,1000,109000,109000
053173,矽格群益97購01  ,0,0,0,0,0,0,0,0,0,109000,0,0,0,122000,13000,109000,109000
053891,欣興群益98購01  ,0,0,0,0,0,0,0,0,0,109000,0,0,0,109000,0,109000,109000
00680L,元大美債20正2   ,0,0,0,0,0,0,0,0,0,109000,0,0,0,325000,216000,109000,109000
03535P,臺股指凱基02售14,0,0,0,0,0,0,0,0,0,109000,0,0,0,109000,0,109000,109000
046901,英業達凱基93購02,0,0,0,0,0,0,0,0,0,109000,0,0,0,200000,91000,109000,109000
051827,智邦元大95購04  ,0,0,0,0,0,0,0,0,0,109000,0,0,0,310000,201000,109000,109000
052925,日電貿永豐96購01,0,0,0,0,0,0,0,0,0,109000,0,0,0,136000,27000,109000,109000
06091P,華新科統一97售01,0,0,0,0,0,0,0,0,0,109000,0,0,0,119000,10000,109000,109000
053983,樺漢元大97購02  ,0,0,0,0,0,0,0,0,0,108000,0,0,0,164000,56000,108000,108000
054683,川湖永豐97購01  ,0,0,0,0,0,0,0,0,0,108000,0,0,0,108000,0,108000,108000
048372,美利達統一93購01,0,0,0,0,0,0,0,0,0,108000,0,0,0,108000,0,108000,108000
047149,聯鈞群益93購01  ,0,0,0,0,0,0,0,0,0,108000,0,0,0,130000,22000,108000,108000
047110,智邦元大93購05  ,0,0,0,0,0,0,0,0,0,108000,0,0,0,328000,220000,108000,108000
051832,復盛元大95購01  ,0,0,0,0,0,0,0,0,0,108000,0,0,0,108000,0,108000,108000
05078P,義隆永豐95售01  ,0,0,0,0,0,0,0,0,0,108000,0,0,0,153000,45000,108000,108000
054934,金寶元大97購01  ,0,0,0,0,0,0,0,0,0,107000,0,0,0,182000,75000,107000,107000
055362,GIS凱基97購03   ,0,0,0,0,0,0,0,0,0,107000,0,0,0,261000,154000,107000,107000
044188,超眾國泰93購01  ,0,0,0,0,0,0,0,0,0,107000,0,0,0,314000,207000,107000,107000
00866,新光Shiller CAPE,0,0,0,0,0,0,0,0,0,107000,0,0,0,107000,0,107000,107000
052569,聯發科凱基96購08,0,0,0,0,0,0,0,0,0,107000,0,0,0,267000,160000,107000,107000
05805P,義隆永豐96售02  ,0,0,0,0,0,0,0,0,0,107000,0,0,0,110000,3000,107000,107000
05620P,大立光富邦9B售01,0,0,0,0,0,0,0,0,0,107000,0,0,0,215000,108000,107000,107000
053614,台積電群益96購08,0,0,0,0,0,0,0,0,0,106000,0,0,0,121000,15000,106000,106000
04263P,南電群益93售03  ,0,0,0,0,0,0,0,0,0,106000,0,0,0,106000,0,106000,106000
047591,訊芯永豐93購02  ,0,0,0,0,0,0,0,0,0,106000,0,0,0,106000,0,106000,106000
047197,美律統一94購01  ,0,0,0,0,0,0,0,0,0,106000,0,0,0,106000,0,106000,106000
049331,元石油統一94購01,0,0,0,0,0,0,0,0,0,106000,0,0,0,125000,19000,106000,106000
047770,聯詠元大93購10  ,0,0,0,0,0,0,0,0,0,106000,0,0,0,117000,11000,106000,106000
05293P,廣達凱基95售01  ,0,0,0,0,0,0,0,0,0,106000,0,0,0,106000,0,106000,106000
3052,夆典            ,199000,96000,103000,0,0,0,0,0,0,3000,3000,0,3000,0,0,0,106000
055239,帆宣台新97購01  ,0,0,0,0,0,0,0,0,0,105000,0,0,0,307000,202000,105000,105000
055160,玉晶光元大99購03,0,0,0,0,0,0,0,0,0,105000,0,0,0,227000,122000,105000,105000
03982P,智易國票94售02  ,0,0,0,0,0,0,0,0,0,105000,0,0,0,105000,0,105000,105000
03959P,義隆元富96售01  ,0,0,0,0,0,0,0,0,0,105000,0,0,0,105000,0,105000,105000
04325P,創意元大93售06  ,0,0,0,0,0,0,0,0,0,105000,0,0,0,105000,0,105000,105000
048566,上海銀元大93購04,0,0,0,0,0,0,0,0,0,105000,0,0,0,171000,66000,105000,105000
044439,南電元大93購01  ,0,0,0,0,0,0,0,0,0,105000,0,0,0,436000,331000,105000,105000
047751,玉山金元富93購01,0,0,0,0,0,0,0,0,0,105000,0,0,0,125000,20000,105000,105000
048072,GIS元富93購05   ,0,0,0,0,0,0,0,0,0,105000,0,0,0,105000,0,105000,105000
050350,全新群益94購04  ,0,0,0,0,0,0,0,0,0,105000,0,0,0,105000,0,105000,105000
048337,致茂元大93購04  ,0,0,0,0,0,0,0,0,0,105000,0,0,0,105000,0,105000,105000
04877P,聯發科麥證94售04,0,0,0,135000,30000,105000,0,0,0,105000,0,0,0,135000,30000,105000,105000
055143,臻鼎永豐97購01  ,0,0,0,0,0,0,0,0,0,104000,0,0,0,172000,68000,104000,104000
053870,正文元大96購01  ,0,0,0,0,0,0,0,0,0,104000,0,0,0,304000,200000,104000,104000
05412P,泰碩國票95售02  ,0,0,0,0,0,0,0,0,0,104000,0,0,0,114000,10000,104000,104000
048945,訊連永豐94購01  ,0,0,0,0,0,0,0,0,0,104000,0,0,0,109000,5000,104000,104000
04909P,鴻海統一94售10  ,0,0,0,0,0,0,0,0,0,104000,0,0,0,144000,40000,104000,104000
051609,貿聯群益95購03  ,0,0,0,0,0,0,0,0,0,104000,0,0,0,171000,67000,104000,104000
1339,昭輝            ,196000,70000,126000,0,0,0,1000,0,1000,-23000,1000,24000,-23000,0,0,0,104000
2395,研華            ,611000,529000,82000,0,0,0,7000,0,7000,15000,11000,1000,10000,5000,0,5000,104000
055628,旺宏永豐97購01  ,0,0,0,0,0,0,0,0,0,103000,0,0,0,144000,41000,103000,103000
048652,巨大元大96購01  ,0,0,0,0,0,0,0,0,0,103000,0,0,0,126000,23000,103000,103000
046938,致茂元大93購02  ,0,0,0,0,0,0,0,0,0,103000,0,0,0,303000,200000,103000,103000
054971,帆宣元大97購02  ,0,0,0,0,0,0,0,0,0,102000,0,0,0,170000,68000,102000,102000
03957P,創意統一94售02  ,0,0,0,0,0,0,0,0,0,102000,0,0,0,102000,0,102000,102000
040761,T50反1凱基95購02,0,0,0,0,0,0,0,0,0,102000,0,0,0,102000,0,102000,102000
04250P,嘉晶統一95售02  ,0,0,0,0,0,0,0,0,0,102000,0,0,0,102000,0,102000,102000
04971P,矽力元富94售02  ,0,0,0,0,0,0,0,0,0,102000,0,0,0,113000,11000,102000,102000
04787P,台積電永昌96售04,0,0,0,0,0,0,0,0,0,102000,0,0,0,1860000,1758000,102000,102000
05178P,大立光凱基96售05,0,0,0,0,0,0,0,0,0,102000,0,0,0,245000,143000,102000,102000
05060P,台達電富邦97售02,0,0,0,0,0,0,0,0,0,102000,0,0,0,102000,0,102000,102000
056061,國泰金元大97購02,0,0,0,0,0,0,0,0,0,102000,0,0,0,122000,20000,102000,102000
2915,潤泰全          ,588000,903600,-315600,0,0,0,0,0,0,417000,9000,0,9000,453000,45000,408000,101400
053866,景碩元大97購02  ,0,0,0,0,0,0,0,0,0,101000,0,0,0,151000,50000,101000,101000
053963,百和永豐96購01  ,0,0,0,0,0,0,0,0,0,101000,0,0,0,101000,0,101000,101000
053629,玉山金兆豐96購01,0,0,0,0,0,0,0,0,0,101000,0,0,0,256000,155000,101000,101000
043652,微星國泰93購01  ,0,0,0,0,0,0,0,0,0,101000,0,0,0,184000,83000,101000,101000
049166,元油2X凱基97購02,0,0,0,0,0,0,0,0,0,101000,0,0,0,201000,100000,101000,101000
04898P,瑞儀中信95售01  ,0,0,0,0,0,0,0,0,0,101000,0,0,0,122000,21000,101000,101000
049048,玉晶光台新94購01,0,0,0,0,0,0,0,0,0,101000,0,0,0,136000,35000,101000,101000
048060,台達電統一93購01,0,0,0,0,0,0,0,0,0,101000,0,0,0,156000,55000,101000,101000
052864,奇力新凱基96購02,0,0,0,0,0,0,0,0,0,101000,0,0,0,110000,9000,101000,101000
2425,承啟            ,136000,38000,98000,0,0,0,0,0,0,3000,3000,0,3000,0,0,0,101000
8499,鼎炫-KY         ,95000,14000,81000,0,0,0,0,0,0,20000,20000,0,20000,0,0,0,101000
056189,樺漢統一97購02  ,0,0,0,0,0,0,0,0,0,101000,0,0,0,101000,0,101000,101000
05970P,超眾永豐96售03  ,0,0,0,0,0,0,0,0,0,101000,0,0,0,101000,0,101000,101000
053284,樺漢元大97購01  ,0,0,0,0,0,0,0,0,0,100000,0,0,0,100000,0,100000,100000
05334P,臺股指國票95售03,0,0,0,0,0,0,0,0,0,100000,0,0,0,100000,0,100000,100000
053930,S&P反1統一98購01,0,0,0,0,0,0,0,0,0,100000,0,0,0,100000,0,100000,100000
05444P,大立光元大95售10,0,0,0,0,0,0,0,0,0,100000,0,0,0,599000,499000,100000,100000
054414,全新元大97購02  ,0,0,0,0,0,0,0,0,0,100000,0,0,0,100000,0,100000,100000
054243,國喬元大96購01  ,0,0,0,0,0,0,0,0,0,100000,0,0,0,100000,0,100000,100000
054834,帆宣中信97購01  ,0,0,0,0,0,0,0,0,0,100000,0,0,0,100000,0,100000,100000
054691,裕民永豐97購01  ,0,0,0,0,0,0,0,0,0,100000,0,0,0,100000,0,100000,100000
054574,美律元大99購01  ,0,0,0,0,0,0,0,0,0,100000,0,0,0,105000,5000,100000,100000
055311,健策群益98購02  ,0,0,0,0,0,0,0,0,0,100000,0,0,0,125000,25000,100000,100000
04349P,美律國票94售02  ,0,0,0,0,0,0,0,0,0,100000,0,0,0,100000,0,100000,100000
03767P,瑞昱元大93售05  ,0,0,0,0,0,0,0,0,0,100000,0,0,0,100000,0,100000,100000
03519P,臺股指國票02售08,0,0,0,0,0,0,0,0,0,100000,0,0,0,100000,0,100000,100000
03511P,臺股指群益02售16,0,0,0,0,0,0,0,0,0,100000,0,0,0,440000,340000,100000,100000
03407P,華新科國泰03售02,0,0,0,0,0,0,0,0,0,100000,0,0,0,100000,0,100000,100000
03259P,聯發科康和02售01,0,0,0,0,0,0,0,0,0,100000,0,0,0,100000,0,100000,100000
03722P,華通元大93售04  ,0,0,0,0,0,0,0,0,0,100000,0,0,0,100000,0,100000,100000
042942,永冠國票94購01  ,0,0,0,0,0,0,0,0,0,100000,0,0,0,210000,110000,100000,100000
04046P,台積電元大93售24,0,0,0,0,0,0,0,0,0,100000,0,0,0,100000,0,100000,100000
03952P,晶技凱基93售02  ,0,0,0,0,0,0,0,0,0,100000,0,0,0,100000,0,100000,100000
04122P,瑞昱凱基93售09  ,0,0,0,0,0,0,0,0,0,100000,0,0,0,100000,0,100000,100000
048583,智原富邦98購01  ,0,0,0,0,0,0,0,0,0,100000,0,0,0,100000,0,100000,100000
04588P,茂林永豐94售04  ,0,0,0,0,0,0,0,0,0,100000,0,0,0,100000,0,100000,100000
04447P,上銀凱基94售02  ,0,0,0,0,0,0,0,0,0,100000,0,0,0,100000,0,100000,100000
046026,友訊元大92購01  ,0,0,0,0,0,0,0,0,0,100000,0,0,0,200000,100000,100000,100000
044163,台光電元大92購01,0,0,0,0,0,0,0,0,0,100000,0,0,0,110000,10000,100000,100000
044081,鴻海國票92購01  ,0,0,0,0,0,0,0,0,0,100000,0,0,0,100000,0,100000,100000
044347,上証2X元大94購01,0,0,0,0,0,0,0,0,0,100000,0,0,0,100000,0,100000,100000
044330,T50反1統一93購01,0,0,0,0,0,0,0,0,0,100000,0,0,0,100000,0,100000,100000
045772,台光電元大93購01,0,0,0,0,0,0,0,0,0,100000,0,0,0,100000,0,100000,100000
047737,義隆麥證94購01  ,0,0,0,100000,0,100000,0,0,0,100000,0,0,0,100000,0,100000,100000
047762,華新元大93購02  ,0,0,0,0,0,0,0,0,0,100000,0,0,0,100000,0,100000,100000
047993,鑽全元大96購01  ,0,0,0,0,0,0,0,0,0,100000,0,0,0,100000,0,100000,100000
049780,智易統一94購02  ,0,0,0,0,0,0,0,0,0,100000,0,0,0,124000,24000,100000,100000
050169,臺指反元大97購01,0,0,0,0,0,0,0,0,0,100000,0,0,0,100000,0,100000,100000
048724,台達電日盛94購01,0,0,0,0,0,0,0,0,0,100000,0,0,0,110000,10000,100000,100000
046701,T50反1統一93購03,0,0,0,0,0,0,0,0,0,100000,0,0,0,100000,0,100000,100000
04746P,臺股指元大94售17,0,0,0,0,0,0,0,0,0,100000,0,0,0,100000,0,100000,100000
047142,中磊兆豐93購02  ,0,0,0,0,0,0,0,0,0,100000,0,0,0,100000,0,100000,100000
047386,南亞科元大93購01,0,0,0,0,0,0,0,0,0,100000,0,0,0,100000,0,100000,100000
046910,超眾凱基93購06  ,0,0,0,0,0,0,0,0,0,100000,0,0,0,100000,0,100000,100000
052571,新光金凱基98購02,0,0,0,0,0,0,0,0,0,100000,0,0,0,100000,0,100000,100000
052949,智易國票97購02  ,0,0,0,0,0,0,0,0,0,100000,0,0,0,100000,0,100000,100000
052985,美律元大96購02  ,0,0,0,0,0,0,0,0,0,100000,0,0,0,100000,0,100000,100000
051835,百和元大95購03  ,0,0,0,0,0,0,0,0,0,100000,0,0,0,100000,0,100000,100000
052144,鴻海群益95購10  ,0,0,0,0,0,0,0,0,0,100000,0,0,0,100000,0,100000,100000
05251P,喬山台新95售02  ,0,0,0,0,0,0,0,0,0,100000,0,0,0,103000,3000,100000,100000
052499,合勤控永豐95購01,0,0,0,0,0,0,0,0,0,100000,0,0,0,100000,0,100000,100000
052500,元翎永豐95購01  ,0,0,0,0,0,0,0,0,0,100000,0,0,0,100000,0,100000,100000
052377,景碩元大96購02  ,0,0,0,0,0,0,0,0,0,100000,0,0,0,107000,7000,100000,100000
051439,川湖元大95購01  ,0,0,0,0,0,0,0,0,0,100000,0,0,0,168000,68000,100000,100000
05866P,致伸元大96售01  ,0,0,0,0,0,0,0,0,0,100000,0,0,0,150000,50000,100000,100000
06363P,臺股指麥證97售02,0,0,0,100000,0,100000,0,0,0,100000,0,0,0,100000,0,100000,100000
06259P,臺股指群益97售12,0,0,0,0,0,0,0,0,0,100000,0,0,0,100000,0,100000,100000
055824,臺股指國票97購11,0,0,0,0,0,0,0,0,0,100000,0,0,0,160000,60000,100000,100000
055728,緯穎元大97購03  ,0,0,0,0,0,0,0,0,0,100000,0,0,0,200000,100000,100000,100000
3437,榮創            ,223000,126000,97000,0,0,0,0,0,0,3000,3000,0,3000,0,0,0,100000
07383P,聯發科群益99售06,0,0,0,0,0,0,0,0,0,100000,0,0,0,100000,0,100000,100000
055300,緯穎元大98購01  ,0,0,0,0,0,0,0,0,0,99000,0,0,0,361000,262000,99000,99000
053505,瑞儀兆豐97購01  ,0,0,0,0,0,0,0,0,0,99000,0,0,0,108000,9000,99000,99000
045546,T50反1國票93購02,0,0,0,0,0,0,0,0,0,99000,0,0,0,99000,0,99000,99000
03857P,聯發科元富99售02,0,0,0,0,0,0,0,0,0,99000,0,0,0,111000,12000,99000,99000
051033,台積電兆豐95購03,0,0,0,0,0,0,0,0,0,99000,0,0,0,230000,131000,99000,99000
052210,華夏元大95購01  ,0,0,0,0,0,0,0,0,0,99000,0,0,0,100000,1000,99000,99000
052900,大成鋼國票97購01,0,0,0,0,0,0,0,0,0,99000,0,0,0,99000,0,99000,99000
6706,惠特            ,383000,44000,339000,0,0,0,10000,220000,-210000,-30000,0,30000,-30000,0,0,0,99000
05861P,瀚宇博永豐96售02,0,0,0,0,0,0,0,0,0,99000,0,0,0,100000,1000,99000,99000
053787,健策元大97購02  ,0,0,0,0,0,0,0,0,0,98000,0,0,0,467000,369000,98000,98000
055041,致新富邦97購01  ,0,0,0,0,0,0,0,0,0,98000,0,0,0,98000,0,98000,98000
046623,臻鼎凱基93購02  ,0,0,0,0,0,0,0,0,0,98000,0,0,0,100000,2000,98000,98000
04284P,瀚宇博永豐93售01,0,0,0,0,0,0,0,0,0,98000,0,0,0,98000,0,98000,98000
052111,智原元富95購01  ,0,0,0,0,0,0,0,0,0,98000,0,0,0,98000,0,98000,98000
05826P,臺股指凱基96售23,0,0,0,0,0,0,0,0,0,98000,0,0,0,131000,33000,98000,98000
06416P,大立光群益97售06,0,0,0,0,0,0,0,0,0,98000,0,0,0,98000,0,98000,98000
06107P,美律群益98售02  ,0,0,0,0,0,0,0,0,0,98000,0,0,0,104000,6000,98000,98000
2605,新興            ,1054000,391000,663000,0,0,0,0,306000,-306000,-259000,26000,285000,-259000,0,0,0,98000
054970,帆宣元大97購01  ,0,0,0,0,0,0,0,0,0,97000,0,0,0,122000,25000,97000,97000
055358,臻鼎凱基97購01  ,0,0,0,0,0,0,0,0,0,97000,0,0,0,107000,10000,97000,97000
053770,元金2X元大98購01,10000,0,10000,0,0,0,0,0,0,87000,0,0,0,500000,413000,87000,97000
053988,友達亞東96購01  ,0,0,0,0,0,0,0,0,0,97000,0,0,0,112000,15000,97000,97000
054017,茂林永豐96購02  ,0,0,0,0,0,0,0,0,0,97000,0,0,0,188000,91000,97000,97000
049799,旺宏元大96購01  ,0,0,0,0,0,0,0,0,0,97000,0,0,0,172000,75000,97000,97000
051470,玉晶光日盛95購01,0,0,0,0,0,0,0,0,0,97000,0,0,0,131000,34000,97000,97000
4566,時碩工業        ,129000,36000,93000,0,0,0,0,0,0,4000,4000,0,4000,0,0,0,97000
053524,聯電中信97購02  ,0,0,0,0,0,0,0,0,0,96000,0,0,0,96000,0,96000,96000
053259,卜蜂群益97購01  ,0,0,0,0,0,0,0,0,0,96000,0,0,0,109000,13000,96000,96000
054648,智原群益98購01  ,0,0,0,0,0,0,0,0,0,96000,0,0,0,98000,2000,96000,96000
04346P,大立光兆豐95售02,0,0,0,0,0,0,0,0,0,96000,0,0,0,99000,3000,96000,96000
04990P,臻鼎元大94售04  ,0,0,0,0,0,0,0,0,0,96000,0,0,0,100000,4000,96000,96000
047548,友達凱基99購03  ,0,0,0,0,0,0,0,0,0,96000,0,0,0,96000,0,96000,96000
2388,威盛            ,229000,137000,92000,0,0,0,0,0,0,4000,4000,0,4000,0,0,0,96000
06322P,超眾統一97售04  ,0,0,0,0,0,0,0,0,0,96000,0,0,0,96000,0,96000,96000
054989,精元元富97購01  ,0,0,0,0,0,0,0,0,0,95000,0,0,0,105000,10000,95000,95000
054178,中磊台新97購01  ,0,0,0,0,0,0,0,0,0,95000,0,0,0,95000,0,95000,95000
054184,A50正2永豐96購01,0,0,0,0,0,0,0,0,0,95000,0,0,0,99000,4000,95000,95000
03305P,台達電台新02售01,0,0,0,0,0,0,0,0,0,95000,0,0,0,95000,0,95000,95000
03189P,玉晶光元大03售05,0,0,0,0,0,0,0,0,0,95000,0,0,0,105000,10000,95000,95000
050700,健策凱基96購01  ,0,0,0,0,0,0,0,0,0,95000,0,0,0,254000,159000,95000,95000
055741,健策元富97購01  ,0,0,0,0,0,0,0,0,0,95000,0,0,0,105000,10000,95000,95000
05655P,南亞科統一96售01,0,0,0,0,0,0,0,0,0,95000,0,0,0,123000,28000,95000,95000
053769,香港反元大99購01,0,0,0,0,0,0,0,0,0,94000,0,0,0,97000,3000,94000,94000
055394,健策統一97購01  ,0,0,0,0,0,0,0,0,0,94000,0,0,0,206000,112000,94000,94000
055180,文曄統一97購01  ,0,0,0,0,0,0,0,0,0,94000,0,0,0,94000,0,94000,94000
055658,南電元富97購01  ,0,0,0,0,0,0,0,0,0,94000,0,0,0,98000,4000,94000,94000
00850,元大臺灣ESG永續 ,3000,0,3000,0,0,0,0,0,0,91000,0,0,0,2027000,1936000,91000,94000
03960P,新日興元富96售02,0,0,0,0,0,0,0,0,0,94000,0,0,0,115000,21000,94000,94000
044863,矽創兆豐93購01  ,0,0,0,0,0,0,0,0,0,94000,0,0,0,94000,0,94000,94000
046404,友達元大93購02  ,0,0,0,0,0,0,0,0,0,94000,0,0,0,110000,16000,94000,94000
045908,矽創中信92購01  ,0,0,0,0,0,0,0,0,0,94000,0,0,0,94000,0,94000,94000
04784P,超眾元富94售01  ,0,0,0,0,0,0,0,0,0,94000,0,0,0,314000,220000,94000,94000
04814P,健策元大96售01  ,0,0,0,0,0,0,0,0,0,94000,0,0,0,529000,435000,94000,94000
048157,美律兆豐93購01  ,0,0,0,0,0,0,0,0,0,94000,0,0,0,94000,0,94000,94000
047164,亞光台新93購01  ,0,0,0,0,0,0,0,0,0,94000,0,0,0,94000,0,94000,94000
049517,台光電國票94購02,0,0,0,0,0,0,0,0,0,94000,0,0,0,147000,53000,94000,94000
050790,昇陽半國泰96購02,0,0,0,0,0,0,0,0,0,94000,0,0,0,109000,15000,94000,94000
05171P,臺股指元大95售15,0,0,0,0,0,0,0,0,0,94000,0,0,0,94000,0,94000,94000
051455,樺漢元大96購01  ,0,0,0,0,0,0,0,0,0,94000,0,0,0,216000,122000,94000,94000
052182,鴻海群益96購01  ,0,0,0,0,0,0,0,0,0,94000,0,0,0,105000,11000,94000,94000
05867P,友達兆豐97售02  ,0,0,0,0,0,0,0,0,0,94000,0,0,0,100000,6000,94000,94000
05742P,可成元大96售04  ,0,0,0,0,0,0,0,0,0,94000,0,0,0,245000,151000,94000,94000
3583,辛耘            ,216000,124000,92000,0,0,0,0,0,0,2000,2000,0,2000,0,0,0,94000
053729,聯茂凱基96購05  ,0,0,0,0,0,0,0,0,0,93000,0,0,0,93000,0,93000,93000
053581,台積電元大96購14,0,0,0,0,0,0,0,0,0,93000,0,0,0,445000,352000,93000,93000
048614,欣興凱基93購05  ,0,0,0,0,0,0,0,0,0,93000,0,0,0,93000,0,93000,93000
04227P,滬深2X永豐94售04,0,0,0,0,0,0,0,0,0,93000,0,0,0,228000,135000,93000,93000
046932,聯詠統一93購02  ,0,0,0,0,0,0,0,0,0,93000,0,0,0,123000,30000,93000,93000
050177,聯發科元大94購11,0,0,0,0,0,0,0,0,0,93000,0,0,0,118000,25000,93000,93000
050253,百和國泰96購01  ,0,0,0,0,0,0,0,0,0,93000,0,0,0,166000,73000,93000,93000
048745,儒鴻元富97購02  ,0,0,0,0,0,0,0,0,0,93000,0,0,0,114000,21000,93000,93000
048962,宏全康和94購01  ,0,0,0,0,0,0,0,0,0,93000,0,0,0,94000,1000,93000,93000
051664,鴻海元大96購07  ,0,0,0,0,0,0,0,0,0,93000,0,0,0,104000,11000,93000,93000
05089P,亞德客元大95售01,0,0,0,0,0,0,0,0,0,93000,0,0,0,93000,0,93000,93000
3504,揚明光          ,203000,106000,97000,0,0,0,1000,0,1000,-5000,2000,3000,-1000,0,4000,-4000,93000
053172,瑞儀群益97購01  ,0,0,0,0,0,0,0,0,0,92000,0,0,0,92000,0,92000,92000
054005,旺宏統一97購04  ,0,0,0,0,0,0,0,0,0,92000,0,0,0,188000,96000,92000,92000
05512P,華新科台新97售01,0,0,0,0,0,0,0,0,0,92000,0,0,0,92000,0,92000,92000
048653,巨大元大96購02  ,0,0,0,0,0,0,0,0,0,92000,0,0,0,92000,0,92000,92000
04693P,超眾群益95售01  ,0,0,0,0,0,0,0,0,0,92000,0,0,0,127000,35000,92000,92000
04914P,國巨國泰95售06  ,0,0,0,0,0,0,0,0,0,92000,0,0,0,100000,8000,92000,92000
049618,美律群益94購03  ,0,0,0,0,0,0,0,0,0,92000,0,0,0,219000,127000,92000,92000
051792,泰鼎國票96購02  ,0,0,0,0,0,0,0,0,0,92000,0,0,0,97000,5000,92000,92000
05158P,華通永豐95售01  ,0,0,0,0,0,0,0,0,0,92000,0,0,0,92000,0,92000,92000
052172,致茂元大95購01  ,0,0,0,0,0,0,0,0,0,92000,0,0,0,480000,388000,92000,92000
055939,GIS群益97購01   ,0,0,0,0,0,0,0,0,0,92000,0,0,0,115000,23000,92000,92000
046200,上海銀凱基93購01,0,0,0,0,0,0,0,0,0,91000,0,0,0,101000,10000,91000,91000
046771,聯發科國泰94購02,0,0,0,0,0,0,0,0,0,91000,0,0,0,141000,50000,91000,91000
047248,奇鋐群益95購01  ,0,0,0,0,0,0,0,0,0,91000,0,0,0,111000,20000,91000,91000
052104,英業達兆豐96購01,0,0,0,0,0,0,0,0,0,91000,0,0,0,111000,20000,91000,91000
052364,全新國票95購02  ,0,0,0,0,0,0,0,0,0,91000,0,0,0,101000,10000,91000,91000
052793,健鼎兆豐96購01  ,0,0,0,0,0,0,0,0,0,91000,0,0,0,141000,50000,91000,91000
051507,彩晶元富95購01  ,0,0,0,0,0,0,0,0,0,91000,0,0,0,114000,23000,91000,91000
05144P,美律永豐95售02  ,0,0,0,0,0,0,0,0,0,91000,0,0,0,97000,6000,91000,91000
05607P,華通日盛96售01  ,0,0,0,0,0,0,0,0,0,91000,0,0,0,91000,0,91000,91000
2228,劍麟            ,155000,44000,111000,0,0,0,0,32000,-32000,12000,12000,0,12000,0,0,0,91000
055604,訊芯元大98購02  ,0,0,0,0,0,0,0,0,0,90000,0,0,0,110000,20000,90000,90000
05524P,瀚宇博國票97售02,0,0,0,0,0,0,0,0,0,90000,0,0,0,100000,10000,90000,90000
05425P,華邦電亞東96售02,0,0,0,0,0,0,0,0,0,90000,0,0,0,90000,0,90000,90000
04640P,上銀凱基94售05  ,0,0,0,0,0,0,0,0,0,90000,0,0,0,90000,0,90000,90000
045390,新唐元大92購01  ,0,0,0,0,0,0,0,0,0,90000,0,0,0,90000,0,90000,90000
046627,高鐵統一95購01  ,0,0,0,0,0,0,0,0,0,90000,0,0,0,110000,20000,90000,90000
042784,上銀兆豐93購01  ,0,0,0,0,0,0,0,0,0,90000,0,0,0,100000,10000,90000,90000
041978,貿聯中信93購01  ,0,0,0,0,0,0,0,0,0,90000,0,0,0,101000,11000,90000,90000
043272,羅麗芬國泰94購01,0,0,0,0,0,0,0,0,0,90000,0,0,0,90000,0,90000,90000
04352P,國巨永豐94售01  ,0,0,0,0,0,0,0,0,0,90000,0,0,0,90000,0,90000,90000
04381P,世紀鋼元大94售01,0,0,0,0,0,0,0,0,0,90000,0,0,0,975000,885000,90000,90000
04377P,大立光元大94售04,0,0,0,0,0,0,0,0,0,90000,0,0,0,90000,0,90000,90000
04712P,國泰金元大94售01,0,0,0,0,0,0,0,0,0,90000,0,0,0,90000,0,90000,90000
046704,智原元富93購01  ,0,0,0,0,0,0,0,0,0,90000,0,0,0,90000,0,90000,90000
046700,台郡凱基93購02  ,0,0,0,0,0,0,0,0,0,90000,0,0,0,143000,53000,90000,90000
048064,可成統一93購02  ,0,0,0,0,0,0,0,0,0,90000,0,0,0,90000,0,90000,90000
048069,南亞科元富95購02,0,0,0,0,0,0,0,0,0,90000,0,0,0,90000,0,90000,90000
051431,群創元富99購02  ,0,0,0,0,0,0,0,0,0,90000,0,0,0,90000,0,90000,90000
051015,南亞科凱基95購04,0,0,0,0,0,0,0,0,0,90000,0,0,0,90000,0,90000,90000
05300P,健策元大95售02  ,0,0,0,0,0,0,0,0,0,90000,0,0,0,100000,10000,90000,90000
3209,全科            ,110000,38000,72000,0,0,0,6000,0,6000,12000,12000,0,12000,0,0,0,90000
8261,富鼎            ,115000,26000,89000,0,0,0,0,0,0,1000,1000,0,1000,0,0,0,90000
044285,鴻海凱基93購06  ,0,0,0,0,0,0,0,0,0,89000,0,0,0,99000,10000,89000,89000
048259,新日興統一93購01,0,0,0,0,0,0,0,0,0,89000,0,0,0,89000,0,89000,89000
04457P,同欣電統一94售01,0,0,0,0,0,0,0,0,0,89000,0,0,0,98000,9000,89000,89000
050158,上海銀群益96購01,0,0,0,0,0,0,0,0,0,89000,0,0,0,230000,141000,89000,89000
049955,崇越群益95購01  ,0,0,0,0,0,0,0,0,0,89000,0,0,0,99000,10000,89000,89000
04996P,台積電凱基95售02,0,0,0,0,0,0,0,0,0,89000,0,0,0,100000,11000,89000,89000
046241,聯發科中信94購02,0,0,0,0,0,0,0,0,0,88000,0,0,0,413000,325000,88000,88000
04528P,智原凱基94售01  ,0,0,0,0,0,0,0,0,0,88000,0,0,0,128000,40000,88000,88000
03399P,欣興中信02售03  ,0,0,0,0,0,0,0,0,0,88000,0,0,0,88000,0,88000,88000
04551P,台表科元大94售02,0,0,0,0,0,0,0,0,0,88000,0,0,0,998000,910000,88000,88000
050243,華新科凱基94購10,0,0,0,0,0,0,0,0,0,88000,0,0,0,88000,0,88000,88000
052968,燿華群益98購01  ,0,0,0,0,0,0,0,0,0,88000,0,0,0,150000,62000,88000,88000
052670,茂林群益96購02  ,0,0,0,0,0,0,0,0,0,88000,0,0,0,120000,32000,88000,88000
052402,健策凱基97購01  ,0,0,0,0,0,0,0,0,0,88000,0,0,0,108000,20000,88000,88000
3712,永崴投控        ,169000,84000,85000,0,0,0,0,0,0,3000,4000,1000,3000,0,0,0,88000
2498,宏達電          ,1407000,1092000,315000,0,0,0,0,0,0,-227000,205000,135000,70000,46000,343000,-297000,88000
05889P,群創元大98售02  ,0,0,0,0,0,0,0,0,0,88000,0,0,0,100000,12000,88000,88000
06194P,台積電元富97售05,0,0,0,0,0,0,0,0,0,88000,0,0,0,578000,490000,88000,88000
053660,群創凱基98購08  ,0,0,0,0,0,0,0,0,0,87000,0,0,0,151000,64000,87000,87000
054612,慧洋永豐97購01  ,0,0,0,0,0,0,0,0,0,87000,0,0,0,145000,58000,87000,87000
052634,華邦電凱基96購01,0,0,0,0,0,0,0,0,0,87000,0,0,0,147000,60000,87000,87000
051001,緯穎元大96購02  ,0,0,0,0,0,0,0,0,0,87000,0,0,0,172000,85000,87000,87000
06058P,玉晶光凱基97售04,0,0,0,0,0,0,0,0,0,87000,0,0,0,127000,40000,87000,87000
06082P,華通統一98售01  ,0,0,0,0,0,0,0,0,0,87000,0,0,0,87000,0,87000,87000
05975P,國巨日盛99售02  ,0,0,0,0,0,0,0,0,0,87000,0,0,0,97000,10000,87000,87000
055966,茂林元大99購01  ,0,0,0,0,0,0,0,0,0,87000,0,0,0,119000,32000,87000,87000
8462,柏文            ,128000,42000,86000,0,0,0,0,0,0,1000,1000,0,1000,0,0,0,87000
054863,億光群益97購01  ,0,0,0,0,0,0,0,0,0,86000,0,0,0,97000,11000,86000,86000
053494,南亞科兆豐96購02,0,0,0,0,0,0,0,0,0,86000,0,0,0,120000,34000,86000,86000
053437,啟碁日盛96購01  ,0,0,0,0,0,0,0,0,0,86000,0,0,0,86000,0,86000,86000
054424,大成鋼富邦97購02,0,0,0,0,0,0,0,0,0,86000,0,0,0,98000,12000,86000,86000
053951,T50反1台新06購02,0,0,0,0,0,0,0,0,0,86000,0,0,0,237000,151000,86000,86000
04207P,臺股指元大93售47,0,0,0,0,0,0,0,0,0,86000,0,0,0,86000,0,86000,86000
046172,美律永豐92購01  ,0,0,0,0,0,0,0,0,0,86000,0,0,0,86000,0,86000,86000
04727P,臺股指凱基96售03,0,0,0,0,0,0,0,0,0,86000,0,0,0,91000,5000,86000,86000
051000,台郡元大96購01  ,0,0,0,0,0,0,0,0,0,86000,0,0,0,102000,16000,86000,86000
2420,新巨            ,175000,90000,85000,0,0,0,0,0,0,1000,1000,0,1000,0,0,0,86000
2101,南港            ,625000,565000,60000,0,0,0,0,0,0,26000,29000,9000,20000,10000,4000,6000,86000
045161,玉晶光國泰94購03,0,0,0,0,0,0,0,0,0,85000,0,0,0,203000,118000,85000,85000
04475P,欣興元大94售03  ,0,0,0,0,0,0,0,0,0,85000,0,0,0,534000,449000,85000,85000
03708P,鴻海亞東93售01  ,0,0,0,0,0,0,0,0,0,85000,0,0,0,85000,0,85000,85000
049463,華新科富邦97購01,0,0,0,0,0,0,0,0,0,85000,0,0,0,103000,18000,85000,85000
050959,元金2X永豐95購02,0,0,0,0,0,0,0,0,0,85000,0,0,0,307000,222000,85000,85000
050617,神基元大94購01  ,0,0,0,0,0,0,0,0,0,85000,0,0,0,262000,177000,85000,85000
052893,聯電群益98購01  ,0,0,0,0,0,0,0,0,0,85000,0,0,0,122000,37000,85000,85000
1229,聯華            ,417000,355000,62000,0,0,0,6000,0,6000,17000,17000,0,17000,0,0,0,85000
2850,新產            ,157000,50000,107000,0,0,0,0,25000,-25000,3000,3000,0,3000,0,0,0,85000
05926P,智易永豐96售02  ,0,0,0,0,0,0,0,0,0,85000,0,0,0,127000,42000,85000,85000
06153P,健策元大97售04  ,0,0,0,0,0,0,0,0,0,85000,0,0,0,85000,0,85000,85000
06154P,超眾元大98售01  ,0,0,0,0,0,0,0,0,0,85000,0,0,0,86000,1000,85000,85000
054104,T50反1凱基9A購02,0,0,0,0,0,0,0,0,0,84000,0,0,0,84000,0,84000,84000
053309,泰鼎凱基96購03  ,0,0,0,0,0,0,0,0,0,84000,0,0,0,264000,180000,84000,84000
04288P,台積電中信95售06,0,0,0,0,0,0,0,0,0,84000,0,0,0,84000,0,84000,84000
046339,訊芯中信92購01  ,0,0,0,0,0,0,0,0,0,84000,0,0,0,124000,40000,84000,84000
049187,義隆台新94購01  ,0,0,0,0,0,0,0,0,0,84000,0,0,0,94000,10000,84000,84000
048702,正文國票95購01  ,0,0,0,0,0,0,0,0,0,84000,0,0,0,122000,38000,84000,84000
052444,友訊元大95購01  ,0,0,0,0,0,0,0,0,0,84000,0,0,0,134000,50000,84000,84000
050767,京元電元大96購01,0,0,0,0,0,0,0,0,0,84000,0,0,0,84000,0,84000,84000
06313P,訊芯元富97售01  ,0,0,0,0,0,0,0,0,0,84000,0,0,0,285000,201000,84000,84000
054322,國巨台新96購02  ,0,0,0,0,0,0,0,0,0,83000,0,0,0,88000,5000,83000,83000
055425,聚陽群益99購01  ,0,0,0,0,0,0,0,0,0,83000,0,0,0,115000,32000,83000,83000
055644,致茂元富97購01  ,0,0,0,0,0,0,0,0,0,83000,0,0,0,134000,51000,83000,83000
04418P,燿華永豐94售01  ,0,0,0,0,0,0,0,0,0,83000,0,0,0,83000,0,83000,83000
03351P,台積電麥證02售07,0,0,0,0,0,0,0,0,0,83000,0,0,0,90000,7000,83000,83000
049667,大立光國泰96購01,0,0,0,0,0,0,0,0,0,83000,0,0,0,103000,20000,83000,83000
049317,啟碁凱基94購02  ,0,0,0,0,0,0,0,0,0,83000,0,0,0,83000,0,83000,83000
050685,緯穎元富94購02  ,0,0,0,0,0,0,0,0,0,83000,0,0,0,245000,162000,83000,83000
051493,台郡凱基95購02  ,0,0,0,0,0,0,0,0,0,83000,0,0,0,102000,19000,83000,83000
06143P,鴻海永豐97售02  ,0,0,0,0,0,0,0,0,0,83000,0,0,0,133000,50000,83000,83000
05911P,南亞科永豐96售03,0,0,0,0,0,0,0,0,0,83000,0,0,0,83000,0,83000,83000
05991P,聯茂群益96售05  ,0,0,0,0,0,0,0,0,0,83000,0,0,0,83000,0,83000,83000
05794P,華邦電群益96售04,0,0,0,0,0,0,0,0,0,83000,0,0,0,582000,499000,83000,83000
056275,國巨國泰98購04  ,0,0,0,0,0,0,0,0,0,83000,0,0,0,100000,17000,83000,83000
054540,泰鼎國票99購01  ,0,0,0,0,0,0,0,0,0,82000,0,0,0,421000,339000,82000,82000
044378,T50反1群益92購01,0,0,0,0,0,0,0,0,0,82000,0,0,0,82000,0,82000,82000
047365,隆達群益93購01  ,0,0,0,0,0,0,0,0,0,82000,0,0,0,212000,130000,82000,82000
049645,台積電凱基94購22,0,0,0,0,0,0,0,0,0,82000,0,0,0,88000,6000,82000,82000
051375,道瓊反群益9A購01,0,0,0,0,0,0,0,0,0,82000,0,0,0,102000,20000,82000,82000
052318,友達元大98購01  ,0,0,0,0,0,0,0,0,0,82000,0,0,0,83000,1000,82000,82000
052093,麗豐元大96購04  ,0,0,0,0,0,0,0,0,0,82000,0,0,0,82000,0,82000,82000
05744P,台表科元大96售04,0,0,0,0,0,0,0,0,0,82000,0,0,0,212000,130000,82000,82000
05978P,麗豐永豐96售02  ,0,0,0,0,0,0,0,0,0,82000,0,0,0,150000,68000,82000,82000
055534,晶技群益97購03  ,0,0,0,0,0,0,0,0,0,81000,0,0,0,81000,0,81000,81000
053442,光罩凱基96購01  ,0,0,0,0,0,0,0,0,0,81000,0,0,0,84000,3000,81000,81000
047637,旺宏元大94購03  ,0,0,0,0,0,0,0,0,0,81000,0,0,0,251000,170000,81000,81000
052239,泰鼎國票97購01  ,0,0,0,0,0,0,0,0,0,81000,0,0,0,101000,20000,81000,81000
06326P,鴻海中信01售01  ,0,0,0,0,0,0,0,0,0,81000,0,0,0,81000,0,81000,81000
3645,達邁            ,279000,243000,36000,0,0,0,0,0,0,45000,45000,0,45000,0,0,0,81000
053299,台泥凱基96購01  ,0,0,0,0,0,0,0,0,0,80000,0,0,0,80000,0,80000,80000
053528,南電中信9A購01  ,0,0,0,0,0,0,0,0,0,80000,0,0,0,80000,0,80000,80000
054053,聯茂元大96購01  ,0,0,0,0,0,0,0,0,0,80000,0,0,0,180000,100000,80000,80000
045820,京元電凱基92購04,0,0,0,0,0,0,0,0,0,80000,0,0,0,80000,0,80000,80000
041534,T50反1凱基96購01,0,0,0,0,0,0,0,0,0,80000,0,0,0,80000,0,80000,80000
03972P,可成元大93售07  ,0,0,0,0,0,0,0,0,0,80000,0,0,0,80000,0,80000,80000
045352,亞光凱基92購03  ,0,0,0,0,0,0,0,0,0,80000,0,0,0,80000,0,80000,80000
048908,慧洋富邦95購01  ,0,0,0,0,0,0,0,0,0,80000,0,0,0,100000,20000,80000,80000
047684,景碩國泰94購01  ,0,0,0,0,0,0,0,0,0,80000,0,0,0,146000,66000,80000,80000
047054,聯詠國票93購01  ,0,0,0,0,0,0,0,0,0,80000,0,0,0,80000,0,80000,80000
04670P,臺股指國票94售09,0,0,0,0,0,0,0,0,0,80000,0,0,0,80000,0,80000,80000
048188,臺指反元大96購05,0,0,0,0,0,0,0,0,0,80000,0,0,0,80000,0,80000,80000
04952P,台光電亞東94售01,0,0,0,0,0,0,0,0,0,80000,0,0,0,80000,0,80000,80000
048042,廣越康和93購02  ,0,0,0,0,0,0,0,0,0,80000,0,0,0,80000,0,80000,80000
049363,旺宏元大94購07  ,0,0,0,0,0,0,0,0,0,80000,0,0,0,126000,46000,80000,80000
050229,鴻海麥證94購02  ,0,0,0,100000,23000,77000,0,0,0,80000,0,0,0,103000,23000,80000,80000
05001P,華通統一95售01  ,0,0,0,0,0,0,0,0,0,80000,0,0,0,80000,0,80000,80000
04991P,台表科元大94售05,0,0,0,0,0,0,0,0,0,80000,0,0,0,1068000,988000,80000,80000
052102,台泥兆豐96購01  ,0,0,0,0,0,0,0,0,0,80000,0,0,0,80000,0,80000,80000
052192,SP黃豆元富95購04,0,0,0,0,0,0,0,0,0,80000,0,0,0,80000,0,80000,80000
05186P,鈺齊中信95售02  ,0,0,0,0,0,0,0,0,0,80000,0,0,0,80000,0,80000,80000
052819,義隆永豐96購01  ,0,0,0,0,0,0,0,0,0,80000,0,0,0,121000,41000,80000,80000
051432,群創元富99購03  ,0,0,0,0,0,0,0,0,0,80000,0,0,0,80000,0,80000,80000
051814,鈺齊凱基95購01  ,0,0,0,0,0,0,0,0,0,80000,0,0,0,80000,0,80000,80000
050624,鈺齊元大94購01  ,0,0,0,0,0,0,0,0,0,80000,0,0,0,85000,5000,80000,80000
08599P,台表科元大9C售11,0,0,0,0,0,0,0,0,0,80000,0,0,0,80000,0,80000,80000
05903P,聯發科統一96售09,0,0,0,0,0,0,0,0,0,80000,0,0,0,85000,5000,80000,80000
050201,光磊群益94購01  ,0,0,0,0,0,0,0,0,0,79000,0,0,0,101000,22000,79000,79000
049127,上海銀元富94購01,0,0,0,0,0,0,0,0,0,79000,0,0,0,89000,10000,79000,79000
046896,臻鼎群益94購01  ,0,0,0,0,0,0,0,0,0,79000,0,0,0,220000,141000,79000,79000
05148P,臻鼎元大95售01  ,0,0,0,0,0,0,0,0,0,79000,0,0,0,79000,0,79000,79000
051495,玉晶光第一95購02,0,0,0,0,0,0,0,0,0,79000,0,0,0,123000,44000,79000,79000
051299,致茂凱基95購01  ,0,0,0,0,0,0,0,0,0,79000,0,0,0,84000,5000,79000,79000
05269P,臻鼎元大95售05  ,0,0,0,0,0,0,0,0,0,79000,0,0,0,153000,74000,79000,79000
052922,國巨永豐96購01  ,0,0,0,0,0,0,0,0,0,79000,0,0,0,224000,145000,79000,79000
05778P,台積電統一96售05,0,0,0,0,0,0,0,0,0,79000,0,0,0,209000,130000,79000,79000
4977,眾達-KY         ,587000,516000,71000,0,0,0,0,0,0,8000,11000,3000,8000,0,0,0,79000
05426P,聯發科凱基95售12,0,0,0,0,0,0,0,0,0,78000,0,0,0,78000,0,78000,78000
053395,致茂中信96購01  ,0,0,0,0,0,0,0,0,0,78000,0,0,0,98000,20000,78000,78000
044943,旺宏群益93購03  ,0,0,0,0,0,0,0,0,0,78000,0,0,0,78000,0,78000,78000
044741,玉山金富邦93購01,0,0,0,0,0,0,0,0,0,78000,0,0,0,118000,40000,78000,78000
048774,麗豐凱基94購04  ,0,0,0,0,0,0,0,0,0,78000,0,0,0,78000,0,78000,78000
047494,華邦電元富96購01,0,0,0,0,0,0,0,0,0,78000,0,0,0,153000,75000,78000,78000
049079,聯發科凱基94購04,0,0,0,0,0,0,0,0,0,78000,0,0,0,78000,0,78000,78000
049562,和大統一94購01  ,0,0,0,0,0,0,0,0,0,78000,0,0,0,108000,30000,78000,78000
049832,麗豐凱基94購05  ,0,0,0,0,0,0,0,0,0,78000,0,0,0,88000,10000,78000,78000
053016,鈺齊統一96購01  ,0,0,0,0,0,0,0,0,0,78000,0,0,0,78000,0,78000,78000
051865,聯發科凱基96購04,0,0,0,0,0,0,0,0,0,78000,0,0,0,78000,0,78000,78000
052250,光磊永豐95購01  ,0,0,0,0,0,0,0,0,0,78000,0,0,0,78000,0,78000,78000
050774,健策元大96購02  ,0,0,0,0,0,0,0,0,0,78000,0,0,0,161000,83000,78000,78000
08392P,上銀群益9C售01  ,0,0,0,0,0,0,0,0,0,78000,0,0,0,78000,0,78000,78000
04067P,聯發科凱基93售24,0,0,0,0,0,0,0,0,0,77000,0,0,0,77000,0,77000,77000
03433P,臺股指元大02售14,0,0,0,0,0,0,0,0,0,77000,0,0,0,77000,0,77000,77000
00753L,中信中國50正2   ,0,0,0,0,0,0,0,0,0,77000,0,0,0,163000,86000,77000,77000
052642,滬深2X永豐96購03,0,0,0,0,0,0,0,0,0,77000,0,0,0,119000,42000,77000,77000
2360,致茂            ,871000,815000,56000,0,0,0,20000,1000,19000,2000,41000,43000,-2000,5000,1000,4000,77000
8482,商億-KY         ,265000,189000,76000,0,0,0,0,0,0,1000,1000,0,1000,0,0,0,77000
06361P,聯發科群益97售06,0,0,0,0,0,0,0,0,0,77000,0,0,0,87000,10000,77000,77000
054175,高鐵台新97購01  ,0,0,0,0,0,0,0,0,0,76000,0,0,0,76000,0,76000,76000
055186,正文統一97購01  ,0,0,0,0,0,0,0,0,0,76000,0,0,0,76000,0,76000,76000
055138,大毅永豐97購02  ,0,0,0,0,0,0,0,0,0,76000,0,0,0,276000,200000,76000,76000
054682,東元永豐97購01  ,0,0,0,0,0,0,0,0,0,76000,0,0,0,99000,23000,76000,76000
054932,台肥元大97購01  ,0,0,0,0,0,0,0,0,0,76000,0,0,0,86000,10000,76000,76000
03878P,康控國票93售01  ,0,0,0,0,0,0,0,0,0,76000,0,0,0,76000,0,76000,76000
044605,超眾國泰93購02  ,0,0,0,0,0,0,0,0,0,76000,0,0,0,378000,302000,76000,76000
049906,光寶科元大94購03,0,0,0,0,0,0,0,0,0,76000,0,0,0,98000,22000,76000,76000
049501,台郡元大95購01  ,0,0,0,0,0,0,0,0,0,76000,0,0,0,76000,0,76000,76000
048086,鴻海凱基93購33  ,0,0,0,0,0,0,0,0,0,76000,0,0,0,386000,310000,76000,76000
047755,麗豐元富93購01  ,0,0,0,0,0,0,0,0,0,76000,0,0,0,106000,30000,76000,76000
049188,可成台新94購01  ,0,0,0,0,0,0,0,0,0,76000,0,0,0,76000,0,76000,76000
048752,廣越元富95購01  ,0,0,0,0,0,0,0,0,0,76000,0,0,0,76000,0,76000,76000
047412,鴻海永昌93購05  ,0,0,0,0,0,0,0,0,0,76000,0,0,0,176000,100000,76000,76000
052770,聯茂群益96購02  ,0,0,0,0,0,0,0,0,0,76000,0,0,0,139000,63000,76000,76000
05229P,台積電群益95售05,0,0,0,0,0,0,0,0,0,76000,0,0,0,188000,112000,76000,76000
06172P,台虹永豐97售02  ,0,0,0,0,0,0,0,0,0,76000,0,0,0,76000,0,76000,76000
054036,T50反1元大96購08,0,0,0,0,0,0,0,0,0,75000,0,0,0,75000,0,75000,75000
053449,超眾凱基98購01  ,0,0,0,0,0,0,0,0,0,75000,0,0,0,116000,41000,75000,75000
046573,上緯控國泰94購01,0,0,0,0,0,0,0,0,0,75000,0,0,0,230000,155000,75000,75000
049951,全新群益94購03  ,0,0,0,0,0,0,0,0,0,75000,0,0,0,75000,0,75000,75000
051935,味全群益95購01  ,0,0,0,0,0,0,0,0,0,75000,0,0,0,102000,27000,75000,75000
05139P,臺股指凱基95售06,0,0,0,0,0,0,0,0,0,75000,0,0,0,75000,0,75000,75000
2108,南帝            ,353000,287000,66000,0,0,0,0,7000,-7000,16000,16000,0,16000,0,0,0,75000
053547,台積電凱基96購14,0,0,0,0,0,0,0,0,0,74000,0,0,0,286000,212000,74000,74000
054849,日月光兆豐97購01,0,0,0,0,0,0,0,0,0,74000,0,0,0,80000,6000,74000,74000
055065,神達永豐97購01  ,0,0,0,0,0,0,0,0,0,74000,0,0,0,74000,0,74000,74000
05497P,聯詠統一96售01  ,0,0,0,0,0,0,0,0,0,74000,0,0,0,86000,12000,74000,74000
055039,神達富邦99購01  ,0,0,0,0,0,0,0,0,0,74000,0,0,0,264000,190000,74000,74000
054736,南亞科凱基98購01,0,0,0,0,0,0,0,0,0,74000,0,0,0,78000,4000,74000,74000
048667,旺宏永豐94購02  ,0,0,0,0,0,0,0,0,0,74000,0,0,0,85000,11000,74000,74000
047124,華新中信93購01  ,0,0,0,0,0,0,0,0,0,74000,0,0,0,94000,20000,74000,74000
052794,群創兆豐97購01  ,0,0,0,0,0,0,0,0,0,74000,0,0,0,131000,57000,74000,74000
1440,南紡            ,401000,363000,38000,0,0,0,0,0,0,36000,42000,6000,36000,0,0,0,74000
6214,精誠            ,263000,194000,69000,0,0,0,0,0,0,5000,5000,0,5000,0,0,0,74000
05877P,大立光群益96售06,0,0,0,0,0,0,0,0,0,74000,0,0,0,93000,19000,74000,74000
055858,聯茂元大97購03  ,0,0,0,0,0,0,0,0,0,74000,0,0,0,74000,0,74000,74000
05470P,康控元大95售05  ,0,0,0,0,0,0,0,0,0,73000,0,0,0,129000,56000,73000,73000
054547,鴻海凱基98購02  ,0,0,0,0,0,0,0,0,0,73000,0,0,0,73000,0,73000,73000
054913,億光凱基97購01  ,0,0,0,0,0,0,0,0,0,73000,0,0,0,208000,135000,73000,73000
05359P,嘉澤元大95售02  ,0,0,0,0,0,0,0,0,0,73000,0,0,0,173000,100000,73000,73000
053756,亞光元富96購02  ,0,0,0,0,0,0,0,0,0,73000,0,0,0,199000,126000,73000,73000
046646,冠德國泰94購01  ,0,0,0,0,0,0,0,0,0,73000,0,0,0,73000,0,73000,73000
046072,台勝科凱基92購03,0,0,0,0,0,0,0,0,0,73000,0,0,0,83000,10000,73000,73000
04805P,創意元富94售01  ,0,0,0,0,0,0,0,0,0,73000,0,0,0,73000,0,73000,73000
052911,友達統一97購02  ,0,0,0,0,0,0,0,0,0,73000,0,0,0,134000,61000,73000,73000
052014,光罩永豐95購01  ,0,0,0,0,0,0,0,0,0,73000,0,0,0,78000,5000,73000,73000
052261,台泥第一95購01  ,0,0,0,0,0,0,0,0,0,73000,0,0,0,73000,0,73000,73000
05840P,臺股指富邦96售07,0,0,0,0,0,0,0,0,0,73000,0,0,0,73000,0,73000,73000
2314,台揚            ,261000,192000,69000,0,0,0,0,0,0,4000,4000,0,4000,0,0,0,73000
053238,麗豐永豐96購01  ,0,0,0,0,0,0,0,0,0,72000,0,0,0,72000,0,72000,72000
055184,群創統一98購02  ,0,0,0,0,0,0,0,0,0,72000,0,0,0,275000,203000,72000,72000
046142,康舒統一93購01  ,0,0,0,0,0,0,0,0,0,72000,0,0,0,108000,36000,72000,72000
04550P,超眾元大94售01  ,0,0,0,0,0,0,0,0,0,72000,0,0,0,74000,2000,72000,72000
04979P,臺股指凱基96售07,0,0,0,0,0,0,0,0,0,72000,0,0,0,82000,10000,72000,72000
046746,儒鴻凱基93購03  ,0,0,0,0,0,0,0,0,0,72000,0,0,0,72000,0,72000,72000
053039,聯發科凱基96購11,0,0,0,0,0,0,0,0,0,72000,0,0,0,130000,58000,72000,72000
051616,鴻海凱基96購08  ,0,0,0,0,0,0,0,0,0,72000,0,0,0,72000,0,72000,72000
05163P,聯發科統一96售02,0,0,0,0,0,0,0,0,0,72000,0,0,0,223000,151000,72000,72000
051070,正崴國票96購01  ,0,0,0,0,0,0,0,0,0,72000,0,0,0,170000,98000,72000,72000
05961P,鴻海群益97售01  ,0,0,0,0,0,0,0,0,0,72000,0,0,0,82000,10000,72000,72000
054235,欣興群益96購06  ,0,0,0,0,0,0,0,0,0,71000,0,0,0,142000,71000,71000,71000
04230P,臺股指中信95售06,0,0,0,0,0,0,0,0,0,71000,0,0,0,120000,49000,71000,71000
047763,旺宏元大94購04  ,0,0,0,0,0,0,0,0,0,71000,0,0,0,83000,12000,71000,71000
051056,華新科群益95購03,0,0,0,0,0,0,0,0,0,71000,0,0,0,71000,0,71000,71000
051644,聯茂康和95購01  ,0,0,0,0,0,0,0,0,0,71000,0,0,0,263000,192000,71000,71000
05648P,康控國票97售01  ,0,0,0,0,0,0,0,0,0,71000,0,0,0,71000,0,71000,71000
05642P,玉晶光兆豐97售02,0,0,0,0,0,0,0,0,0,71000,0,0,0,91000,20000,71000,71000
3050,鈺德            ,92000,22000,70000,0,0,0,0,0,0,1000,1000,0,1000,0,0,0,71000
8367,建新國際        ,66000,4000,62000,0,0,0,0,0,0,9000,9000,0,9000,0,0,0,71000
055155,奇力新元大99購01,0,0,0,0,0,0,0,0,0,70000,0,0,0,100000,30000,70000,70000
055034,建準富邦99購01  ,0,0,0,0,0,0,0,0,0,70000,0,0,0,100000,30000,70000,70000
054990,凌陽元富97購01  ,0,0,0,0,0,0,0,0,0,70000,0,0,0,209000,139000,70000,70000
04137P,元油反國票97售01,0,0,0,0,0,0,0,0,0,70000,0,0,0,80000,10000,70000,70000
04274P,滬深2X凱基94售01,0,0,0,0,0,0,0,0,0,70000,0,0,0,70000,0,70000,70000
03368P,臺股指元大02售11,0,0,0,0,0,0,0,0,0,70000,0,0,0,70000,0,70000,70000
03833P,台光電群益93售01,0,0,0,0,0,0,0,0,0,70000,0,0,0,80000,10000,70000,70000
04621P,楠梓電統一94售02,0,0,0,0,0,0,0,0,0,70000,0,0,0,70000,0,70000,70000
050173,旺宏元大96購02  ,0,0,0,0,0,0,0,0,0,70000,0,0,0,141000,71000,70000,70000
048895,光罩國泰95購01  ,0,0,0,0,0,0,0,0,0,70000,0,0,0,70000,0,70000,70000
048331,臺指反富邦97購01,0,0,0,0,0,0,0,0,0,70000,0,0,0,130000,60000,70000,70000
04896P,上証2X中信95售01,0,0,0,0,0,0,0,0,0,70000,0,0,0,70000,0,70000,70000
051615,華通凱基96購01  ,0,0,0,0,0,0,0,0,0,70000,0,0,0,70000,0,70000,70000
051257,光寶科國泰96購01,0,0,0,0,0,0,0,0,0,70000,0,0,0,70000,0,70000,70000
05099P,台積電凱基95售06,0,0,0,0,0,0,0,0,0,70000,0,0,0,95000,25000,70000,70000
050861,鴻海永豐95購01  ,0,0,0,0,0,0,0,0,0,70000,0,0,0,70000,0,70000,70000
050426,國巨凱基94購14  ,0,0,0,0,0,0,0,0,0,70000,0,0,0,80000,10000,70000,70000
052016,神基永豐95購01  ,0,0,0,0,0,0,0,0,0,70000,0,0,0,128000,58000,70000,70000
2545,皇翔            ,135000,71000,64000,0,0,0,2000,0,2000,4000,4000,0,4000,0,0,0,70000
056261,台積電統一97購07,0,0,0,0,0,0,0,0,0,70000,0,0,0,70000,0,70000,70000
06201P,可成元大97售01  ,0,0,0,0,0,0,0,0,0,70000,0,0,0,70000,0,70000,70000
06151P,華新科元大97售07,0,0,0,0,0,0,0,0,0,70000,0,0,0,70000,0,70000,70000
1795,美時            ,788000,468100,319900,0,0,0,0,201000,-201000,-49000,1000,50000,-49000,0,0,0,69900
055339,緯穎兆豐98購01  ,0,0,0,0,0,0,0,0,0,69000,0,0,0,79000,10000,69000,69000
054313,麗豐凱基96購02  ,0,0,0,0,0,0,0,0,0,69000,0,0,0,78000,9000,69000,69000
054386,鴻海統一98購03  ,0,0,0,0,0,0,0,0,0,69000,0,0,0,81000,12000,69000,69000
054121,奇鋐永豐96購02  ,0,0,0,0,0,0,0,0,0,69000,0,0,0,74000,5000,69000,69000
053431,志超永豐96購01  ,0,0,0,0,0,0,0,0,0,69000,0,0,0,123000,54000,69000,69000
053531,國泰金康和96購01,0,0,0,0,0,0,0,0,0,69000,0,0,0,71000,2000,69000,69000
044184,南亞科國泰93購01,0,0,0,0,0,0,0,0,0,69000,0,0,0,273000,204000,69000,69000
046370,全新麥證93購01  ,0,0,0,70000,1000,69000,0,0,0,69000,0,0,0,70000,1000,69000,69000
03570P,台積電元大03售09,0,0,0,0,0,0,0,0,0,69000,0,0,0,109000,40000,69000,69000
03659P,臺股指元大92售21,0,0,0,0,0,0,0,0,0,69000,0,0,0,69000,0,69000,69000
049285,宏碁兆豐94購01  ,0,0,0,0,0,0,0,0,0,69000,0,0,0,69000,0,69000,69000
049973,T50反1日盛9A購01,0,0,0,0,0,0,0,0,0,69000,0,0,0,69000,0,69000,69000
052963,智邦凱基96購02  ,0,0,0,0,0,0,0,0,0,69000,0,0,0,99000,30000,69000,69000
052931,麗豐元大97購01  ,0,0,0,0,0,0,0,0,0,69000,0,0,0,84000,15000,69000,69000
051406,泰鼎永豐96購01  ,0,0,0,0,0,0,0,0,0,69000,0,0,0,257000,188000,69000,69000
1513,中興電          ,1400000,334000,1066000,0,0,0,0,0,0,-997000,4000,1001000,-997000,0,0,0,69000
06321P,台積電統一98售03,0,0,0,0,0,0,0,0,0,69000,0,0,0,109000,40000,69000,69000
056095,臻鼎元富9A購01  ,0,0,0,0,0,0,0,0,0,69000,0,0,0,69000,0,69000,69000
056045,勤誠凱基97購01  ,0,0,0,0,0,0,0,0,0,69000,0,0,0,113000,44000,69000,69000
053544,華新凱基96購01  ,0,0,0,0,0,0,0,0,0,68000,0,0,0,68000,0,68000,68000
053751,康控永豐96購02  ,0,0,0,0,0,0,0,0,0,68000,0,0,0,136000,68000,68000,68000
053771,華新元大97購01  ,0,0,0,0,0,0,0,0,0,68000,0,0,0,68000,0,68000,68000
053234,奇鋐永豐96購01  ,0,0,0,0,0,0,0,0,0,68000,0,0,0,68000,0,68000,68000
054160,華泰凱基98購01  ,0,0,0,0,0,0,0,0,0,68000,0,0,0,68000,0,68000,68000
054025,鴻海凱基96購17  ,0,0,0,0,0,0,0,0,0,68000,0,0,0,88000,20000,68000,68000
053956,旺宏永豐96購04  ,0,0,0,0,0,0,0,0,0,68000,0,0,0,71000,3000,68000,68000
054302,鴻海凱基96購18  ,0,0,0,0,0,0,0,0,0,68000,0,0,0,68000,0,68000,68000
054306,聯發科凱基96購23,0,0,0,0,0,0,0,0,0,68000,0,0,0,68000,0,68000,68000
055458,燿華永豐98購01  ,0,0,0,0,0,0,0,0,0,68000,0,0,0,68000,0,68000,68000
055468,智邦凱基97購04  ,0,0,0,0,0,0,0,0,0,68000,0,0,0,68000,0,68000,68000
055608,華邦電康和97購01,0,0,0,0,0,0,0,0,0,68000,0,0,0,68000,0,68000,68000
055049,智邦永豐97購01  ,0,0,0,0,0,0,0,0,0,68000,0,0,0,68000,0,68000,68000
055108,智邦凱基98購01  ,0,0,0,0,0,0,0,0,0,68000,0,0,0,68000,0,68000,68000
055132,台虹康和97購01  ,0,0,0,0,0,0,0,0,0,68000,0,0,0,68000,0,68000,68000
054917,聯發科凱基98購05,0,0,0,0,0,0,0,0,0,68000,0,0,0,68000,0,68000,68000
054898,台肥康和97購01  ,0,0,0,0,0,0,0,0,0,68000,0,0,0,68000,0,68000,68000
054548,鴻海凱基98購03  ,0,0,0,0,0,0,0,0,0,68000,0,0,0,68000,0,68000,68000
054618,訊芯永豐97購01  ,0,0,0,0,0,0,0,0,0,68000,0,0,0,88000,20000,68000,68000
045400,康友富邦93購01  ,0,0,0,0,0,0,0,0,0,68000,0,0,0,68000,0,68000,68000
046204,致新凱基93購01  ,0,0,0,0,0,0,0,0,0,68000,0,0,0,68000,0,68000,68000
045958,技嘉凱基93購04  ,0,0,0,0,0,0,0,0,0,68000,0,0,0,68000,0,68000,68000
049983,智原凱基94購02  ,0,0,0,0,0,0,0,0,0,68000,0,0,0,68000,0,68000,68000
050002,智原永豐94購02  ,0,0,0,0,0,0,0,0,0,68000,0,0,0,68000,0,68000,68000
049885,緯穎永豐94購01  ,0,0,0,0,0,0,0,0,0,68000,0,0,0,73000,5000,68000,68000
048027,京元電凱基93購03,0,0,0,0,0,0,0,0,0,68000,0,0,0,68000,0,68000,68000
048090,正崴凱基93購03  ,0,0,0,0,0,0,0,0,0,68000,0,0,0,68000,0,68000,68000
048093,聯發科凱基93購30,0,0,0,0,0,0,0,0,0,68000,0,0,0,68000,0,68000,68000
048101,致伸凱基93購05  ,0,0,0,0,0,0,0,0,0,68000,0,0,0,68000,0,68000,68000
047706,燿華凱基95購01  ,0,0,0,0,0,0,0,0,0,68000,0,0,0,68000,0,68000,68000
049413,台達電凱基94購06,0,0,0,0,0,0,0,0,0,68000,0,0,0,68000,0,68000,68000
049419,欣興凱基94購04  ,0,0,0,0,0,0,0,0,0,68000,0,0,0,68000,0,68000,68000
049420,日電貿凱基94購01,0,0,0,0,0,0,0,0,0,68000,0,0,0,68000,0,68000,68000
047932,麗豐凱基93購01  ,0,0,0,0,0,0,0,0,0,68000,0,0,0,68000,0,68000,68000
049194,卜蜂永豐94購01  ,0,0,0,0,0,0,0,0,0,68000,0,0,0,68000,0,68000,68000
047536,正崴日盛93購01  ,0,0,0,0,0,0,0,0,0,68000,0,0,0,137000,69000,68000,68000
047545,智邦凱基93購05  ,0,0,0,0,0,0,0,0,0,68000,0,0,0,68000,0,68000,68000
048321,欣興凱基93購03  ,0,0,0,0,0,0,0,0,0,68000,0,0,0,68000,0,68000,68000
046697,麗豐凱基94購01  ,0,0,0,0,0,0,0,0,0,68000,0,0,0,68000,0,68000,68000
047550,聯發科凱基93購13,0,0,0,0,0,0,0,0,0,68000,0,0,0,68000,0,68000,68000
047554,聯詠凱基93購04  ,0,0,0,0,0,0,0,0,0,68000,0,0,0,68000,0,68000,68000
047555,欣興凱基93購01  ,0,0,0,0,0,0,0,0,0,68000,0,0,0,68000,0,68000,68000
047549,聯發科凱基93購12,0,0,0,0,0,0,0,0,0,68000,0,0,0,68000,0,68000,68000
051298,智邦凱基95購03  ,0,0,0,0,0,0,0,0,0,68000,0,0,0,68000,0,68000,68000
050438,欣興凱基94購09  ,0,0,0,0,0,0,0,0,0,68000,0,0,0,68000,0,68000,68000
050422,鴻海凱基96購01  ,0,0,0,0,0,0,0,0,0,68000,0,0,0,68000,0,68000,68000
050502,聯發科凱基94購21,0,0,0,0,0,0,0,0,0,68000,0,0,0,68000,0,68000,68000
050503,聯發科凱基94購22,0,0,0,0,0,0,0,0,0,68000,0,0,0,68000,0,68000,68000
050869,健策永豐95購01  ,0,0,0,0,0,0,0,0,0,68000,0,0,0,191000,123000,68000,68000
050915,健策中信98購01  ,0,0,0,0,0,0,0,0,0,68000,0,0,0,88000,20000,68000,68000
050927,聯詠凱基95購01  ,0,0,0,0,0,0,0,0,0,68000,0,0,0,68000,0,68000,68000
051045,南茂永豐95購01  ,0,0,0,0,0,0,0,0,0,68000,0,0,0,68000,0,68000,68000
051036,喬山台新95購01  ,0,0,0,0,0,0,0,0,0,68000,0,0,0,68000,0,68000,68000
053002,鴻海永豐96購01  ,0,0,0,0,0,0,0,0,0,68000,0,0,0,68000,0,68000,68000
052996,聯電康和96購01  ,0,0,0,0,0,0,0,0,0,68000,0,0,0,68000,0,68000,68000
053142,緯穎永豐96購01  ,0,0,0,0,0,0,0,0,0,68000,0,0,0,146000,78000,68000,68000
052747,京鼎元大97購01  ,0,0,0,0,0,0,0,0,0,68000,0,0,0,75000,7000,68000,68000
052713,智邦凱基96購01  ,0,0,0,0,0,0,0,0,0,68000,0,0,0,68000,0,68000,68000
052638,緯創凱基96購02  ,0,0,0,0,0,0,0,0,0,68000,0,0,0,68000,0,68000,68000
052511,聯發科凱基95購14,0,0,0,0,0,0,0,0,0,68000,0,0,0,68000,0,68000,68000
05807P,泰鼎永豐96售03  ,0,0,0,0,0,0,0,0,0,68000,0,0,0,148000,80000,68000,68000
054693,神基永豐97購01  ,0,0,0,0,0,0,0,0,0,67000,0,0,0,92000,25000,67000,67000
05437P,聯詠永豐95售02  ,0,0,0,0,0,0,0,0,0,67000,0,0,0,67000,0,67000,67000
053256,上銀富邦98購01  ,0,0,0,0,0,0,0,0,0,67000,0,0,0,249000,182000,67000,67000
053436,聯茂日盛96購01  ,0,0,0,0,0,0,0,0,0,67000,0,0,0,331000,264000,67000,67000
04616P,臺股指群益95售02,0,0,0,0,0,0,0,0,0,67000,0,0,0,70000,3000,67000,67000
047137,健策凱基94購01  ,0,0,0,0,0,0,0,0,0,67000,0,0,0,107000,40000,67000,67000
050016,緯穎富邦95購01  ,0,0,0,0,0,0,0,0,0,67000,0,0,0,71000,4000,67000,67000
051417,揚明光國票96購01,0,0,0,0,0,0,0,0,0,67000,0,0,0,67000,0,67000,67000
2642,宅配通          ,93000,27000,66000,0,0,0,0,0,0,1000,1000,0,1000,0,0,0,67000
6115,鎰勝            ,82000,16000,66000,0,0,0,0,0,0,1000,1000,0,1000,0,0,0,67000
053218,TPK凱基96購01   ,0,0,0,0,0,0,0,0,0,66000,0,0,0,67000,1000,66000,66000
053778,旺宏元大97購03  ,0,0,0,0,0,0,0,0,0,66000,0,0,0,77000,11000,66000,66000
053657,元大金凱基96購01,0,0,0,0,0,0,0,0,0,66000,0,0,0,66000,0,66000,66000
054360,智邦凱基96購03  ,0,0,0,0,0,0,0,0,0,66000,0,0,0,103000,37000,66000,66000
055551,致茂凱基98購01  ,0,0,0,0,0,0,0,0,0,66000,0,0,0,91000,25000,66000,66000
04432P,昇陽半元大94售04,0,0,0,0,0,0,0,0,0,66000,0,0,0,116000,50000,66000,66000
00646,元大S&P500      ,0,0,0,0,0,0,0,0,0,66000,14000,0,14000,85000,33000,52000,66000
04380P,欣興元大94售02  ,0,0,0,0,0,0,0,0,0,66000,0,0,0,66000,0,66000,66000
048320,聯詠凱基93購08  ,0,0,0,0,0,0,0,0,0,66000,0,0,0,76000,10000,66000,66000
048140,T50反1統一93購05,0,0,0,0,0,0,0,0,0,66000,0,0,0,66000,0,66000,66000
051182,旺宏永豐95購01  ,0,0,0,0,0,0,0,0,0,66000,0,0,0,99000,33000,66000,66000
050614,聯發科元大95購04,0,0,0,0,0,0,0,0,0,66000,0,0,0,70000,4000,66000,66000
050603,致新國泰96購01  ,0,0,0,0,0,0,0,0,0,66000,0,0,0,136000,70000,66000,66000
6206,飛捷            ,82000,17000,65000,0,0,0,0,0,0,1000,1000,0,1000,0,0,0,66000
8131,福懋科          ,115000,60000,55000,0,0,0,4000,0,4000,7000,5000,0,5000,3000,1000,2000,66000
3033,威健            ,117000,53000,64000,0,0,0,0,0,0,2000,2000,0,2000,0,0,0,66000
05546P,全新元大97售01  ,0,0,0,0,0,0,0,0,0,65000,0,0,0,65000,0,65000,65000
05473P,聯詠統一97售02  ,0,0,0,0,0,0,0,0,0,65000,0,0,0,115000,50000,65000,65000
055018,緯穎元富97購02  ,0,0,0,0,0,0,0,0,0,65000,0,0,0,68000,3000,65000,65000
053788,泰鼎元大97購01  ,0,0,0,0,0,0,0,0,0,65000,0,0,0,108000,43000,65000,65000
03483P,聯發科國泰04售01,0,0,0,0,0,0,0,0,0,65000,0,0,0,805000,740000,65000,65000
04315P,台光電國票93售04,0,0,0,0,0,0,0,0,0,65000,0,0,0,65000,0,65000,65000
04261P,大立光群益93售12,0,0,0,0,0,0,0,0,0,65000,0,0,0,75000,10000,65000,65000
049341,旺宏統一95購01  ,0,0,0,0,0,0,0,0,0,65000,0,0,0,124000,59000,65000,65000
047646,貿聯元大94購01  ,0,0,0,0,0,0,0,0,0,65000,0,0,0,200000,135000,65000,65000
04685P,訊芯元大94售02  ,0,0,0,0,0,0,0,0,0,65000,0,0,0,100000,35000,65000,65000
050611,鴻海元大95購02  ,0,0,0,0,0,0,0,0,0,65000,0,0,0,150000,85000,65000,65000
050964,晶技永豐95購02  ,0,0,0,0,0,0,0,0,0,65000,0,0,0,75000,10000,65000,65000
05076P,深中小群益99售02,0,0,0,0,0,0,0,0,0,65000,0,0,0,65000,0,65000,65000
051602,南茂兆豐96購01  ,0,0,0,0,0,0,0,0,0,65000,0,0,0,115000,50000,65000,65000
051641,矽創國票96購01  ,0,0,0,0,0,0,0,0,0,65000,0,0,0,65000,0,65000,65000
051751,聯茂富邦95購01  ,0,0,0,0,0,0,0,0,0,65000,0,0,0,105000,40000,65000,65000
3679,新至陞          ,81000,18000,63000,0,0,0,0,0,0,2000,2000,0,2000,0,0,0,65000
05401P,聯茂永豐95售03  ,0,0,0,0,0,0,0,0,0,64000,0,0,0,76000,12000,64000,64000
04078P,臺股指凱基93售14,0,0,0,0,0,0,0,0,0,64000,0,0,0,90000,26000,64000,64000
03267P,台灣50元大02售06,0,0,0,0,0,0,0,0,0,64000,0,0,0,475000,411000,64000,64000
05000P,臺股指永豐95售01,0,0,0,0,0,0,0,0,0,64000,0,0,0,195000,131000,64000,64000
051202,智邦麥證95購01  ,0,0,0,85000,21000,64000,0,0,0,64000,0,0,0,85000,21000,64000,64000
050911,光磊中信98購01  ,0,0,0,0,0,0,0,0,0,64000,0,0,0,65000,1000,64000,64000
052280,聯發科凱基95購11,0,0,0,0,0,0,0,0,0,64000,0,0,0,68000,4000,64000,64000
052355,為升永豐95購02  ,0,0,0,0,0,0,0,0,0,64000,0,0,0,136000,72000,64000,64000
052131,台積電凱基96購01,0,0,0,0,0,0,0,0,0,64000,0,0,0,84000,20000,64000,64000
052787,國巨中信96購02  ,0,0,0,0,0,0,0,0,0,64000,0,0,0,100000,36000,64000,64000
05302P,華通國泰96售01  ,0,0,0,0,0,0,0,0,0,64000,0,0,0,64000,0,64000,64000
052924,旺宏永豐96購01  ,0,0,0,0,0,0,0,0,0,64000,0,0,0,72000,8000,64000,64000
054897,信錦康和97購01  ,0,0,0,0,0,0,0,0,0,63000,0,0,0,63000,0,63000,63000
04729P,臺股指中信96售01,0,0,0,0,0,0,0,0,0,63000,0,0,0,162000,99000,63000,63000
050577,美律國票94購03  ,0,0,0,0,0,0,0,0,0,63000,0,0,0,83000,20000,63000,63000
051108,鴻海統一96購02  ,0,0,0,0,0,0,0,0,0,63000,0,0,0,63000,0,63000,63000
4961,天鈺            ,179000,102000,77000,0,0,0,0,0,0,-14000,3000,0,3000,7000,24000,-17000,63000
8481,政伸            ,62000,0,62000,0,0,0,0,0,0,1000,1000,0,1000,0,0,0,63000
053834,卜蜂永豐96購01  ,0,0,0,0,0,0,0,0,0,62000,0,0,0,73000,11000,62000,62000
047487,南電凱基94購01  ,0,0,0,0,0,0,0,0,0,62000,0,0,0,62000,0,62000,62000
049922,禾伸堂元大95購01,0,0,0,0,0,0,0,0,0,62000,0,0,0,82000,20000,62000,62000
050190,麗豐元大95購02  ,0,0,0,0,0,0,0,0,0,62000,0,0,0,509000,447000,62000,62000
049625,智易群益95購01  ,0,0,0,0,0,0,0,0,0,62000,0,0,0,82000,20000,62000,62000
050678,美律統一94購04  ,0,0,0,0,0,0,0,0,0,62000,0,0,0,126000,64000,62000,62000
050661,景碩元大94購02  ,0,0,0,0,0,0,0,0,0,62000,0,0,0,112000,50000,62000,62000
050831,超眾凱基95購01  ,0,0,0,0,0,0,0,0,0,62000,0,0,0,245000,183000,62000,62000
052966,光磊群益96購01  ,0,0,0,0,0,0,0,0,0,62000,0,0,0,62000,0,62000,62000
051881,上証2X永豐95購02,0,0,0,0,0,0,0,0,0,62000,0,0,0,90000,28000,62000,62000
05637P,聯電元大96售04  ,0,0,0,0,0,0,0,0,0,62000,0,0,0,197000,135000,62000,62000
053444,奇力新凱基96購03,0,0,0,0,0,0,0,0,0,61000,0,0,0,129000,68000,61000,61000
053335,易華電永豐96購01,0,0,0,0,0,0,0,0,0,61000,0,0,0,61000,0,61000,61000
055009,合勤控元富97購01,0,0,0,0,0,0,0,0,0,61000,0,0,0,61000,0,61000,61000
040498,滬深2X國票92購01,0,0,0,0,0,0,0,0,0,61000,0,0,0,61000,0,61000,61000
03900P,瀚宇博群益93售03,0,0,0,0,0,0,0,0,0,61000,0,0,0,72000,11000,61000,61000
04539P,力山永豐94售02  ,0,0,0,0,0,0,0,0,0,61000,0,0,0,61000,0,61000,61000
04392P,牧德凱基94售05  ,0,0,0,0,0,0,0,0,0,61000,0,0,0,61000,0,61000,61000
048564,智易元大94購01  ,0,0,0,0,0,0,0,0,0,61000,0,0,0,215000,154000,61000,61000
049847,旺宏群益94購04  ,0,0,0,0,0,0,0,0,0,61000,0,0,0,63000,2000,61000,61000
048849,光寶科群益94購01,0,0,0,0,0,0,0,0,0,61000,0,0,0,61000,0,61000,61000
052536,聯茂國泰97購01  ,0,0,0,0,0,0,0,0,0,61000,0,0,0,106000,45000,61000,61000
053017,世紀鋼統一96購02,0,0,0,0,0,0,0,0,0,61000,0,0,0,207000,146000,61000,61000
050447,廣達元大94購01  ,0,0,0,0,0,0,0,0,0,61000,0,0,0,211000,150000,61000,61000
051419,麗豐國票96購01  ,0,0,0,0,0,0,0,0,0,61000,0,0,0,81000,20000,61000,61000
05804P,美律永豐96售01  ,0,0,0,0,0,0,0,0,0,61000,0,0,0,135000,74000,61000,61000
05783P,嘉澤元富96售01  ,0,0,0,0,0,0,0,0,0,61000,0,0,0,94000,33000,61000,61000
9939,宏全            ,175000,130000,45000,0,0,0,0,0,0,16000,20000,2000,18000,17000,19000,-2000,61000
054921,文曄凱基97購01  ,0,0,0,0,0,0,0,0,0,60000,0,0,0,60000,0,60000,60000
055613,全新國票98購01  ,0,0,0,0,0,0,0,0,0,60000,0,0,0,60000,0,60000,60000
055673,旺宏日盛97購01  ,0,0,0,0,0,0,0,0,0,60000,0,0,0,60000,0,60000,60000
055685,日月光凱基97購02,0,0,0,0,0,0,0,0,0,60000,0,0,0,60000,0,60000,60000
055145,T50反1元大97購04,0,0,0,0,0,0,0,0,0,60000,0,0,0,60000,0,60000,60000
053246,聯詠國票97購02  ,0,0,0,0,0,0,0,0,0,60000,0,0,0,60000,0,60000,60000
054063,聯茂國票97購02  ,0,0,0,0,0,0,0,0,0,60000,0,0,0,227000,167000,60000,60000
054165,亞光凱基96購02  ,0,0,0,0,0,0,0,0,0,60000,0,0,0,118000,58000,60000,60000
048595,儒鴻國票96購01  ,0,0,0,0,0,0,0,0,0,60000,0,0,0,70000,10000,60000,60000
048663,聯發科統一96購01,0,0,0,0,0,0,0,0,0,60000,0,0,0,60000,0,60000,60000
04836P,台積電元大94售22,0,0,0,0,0,0,0,0,0,60000,0,0,0,60000,0,60000,60000
04842P,群創元大96售02  ,0,0,0,0,0,0,0,0,0,60000,0,0,0,60000,0,60000,60000
04599P,南亞科凱基94售03,0,0,0,0,0,0,0,0,0,60000,0,0,0,140000,80000,60000,60000
04664P,臺股指國票94售03,0,0,0,0,0,0,0,0,0,60000,0,0,0,60000,0,60000,60000
045153,大立光凱基93購04,0,0,0,0,0,0,0,0,0,60000,0,0,0,60000,0,60000,60000
045214,上銀元大92購06  ,0,0,0,0,0,0,0,0,0,60000,0,0,0,110000,50000,60000,60000
045628,台積電凱基92購11,0,0,0,0,0,0,0,0,0,60000,0,0,0,70000,10000,60000,60000
045571,元油2X元大95購04,0,0,0,0,0,0,0,0,0,60000,0,0,0,60000,0,60000,60000
045446,鴻海國泰94購01  ,0,0,0,0,0,0,0,0,0,60000,0,0,0,60000,0,60000,60000
042298,群創元大92購01  ,0,0,0,0,0,0,0,0,0,60000,0,0,0,79000,19000,60000,60000
04389P,台積電凱基94售04,0,0,0,0,0,0,0,0,0,60000,0,0,0,60000,0,60000,60000
03958P,嘉聯益統一93售01,0,0,0,0,0,0,0,0,0,60000,0,0,0,60000,0,60000,60000
03940P,訊芯元大93售05  ,0,0,0,0,0,0,0,0,0,60000,0,0,0,998000,938000,60000,60000
03298P,台積電統一03售15,0,0,0,0,0,0,0,0,0,60000,0,0,0,60000,0,60000,60000
03257P,聯電永豐02售01  ,0,0,0,0,0,0,0,0,0,60000,0,0,0,60000,0,60000,60000
03619P,臻鼎元大92售11  ,0,0,0,0,0,0,0,0,0,60000,0,0,0,599000,539000,60000,60000
03734P,新日興元大93售01,0,0,0,0,0,0,0,0,0,60000,0,0,0,60000,0,60000,60000
03127P,台表科凱基01售03,0,0,0,0,0,0,0,0,0,60000,0,0,0,60000,0,60000,60000
047096,元油反國泰96購01,0,0,0,0,0,0,0,0,0,60000,0,0,0,60000,0,60000,60000
048916,華新科台新94購01,0,0,0,0,0,0,0,0,0,60000,0,0,0,60000,0,60000,60000
048949,昇陽半永豐94購01,0,0,0,0,0,0,0,0,0,60000,0,0,0,60000,0,60000,60000
047238,傳奇凱基94購01  ,0,0,0,0,0,0,0,0,0,60000,0,0,0,60000,0,60000,60000
048679,大成鋼富邦93購01,0,0,0,0,0,0,0,0,0,60000,0,0,0,60000,0,60000,60000
048746,台達電元富94購01,0,0,0,0,0,0,0,0,0,60000,0,0,0,60000,0,60000,60000
046699,臻鼎凱基93購03  ,0,0,0,0,0,0,0,0,0,60000,0,0,0,80000,20000,60000,60000
05004P,健策統一95售01  ,0,0,0,0,0,0,0,0,0,60000,0,0,0,260000,200000,60000,60000
050212,瀚宇博國票95購02,0,0,0,0,0,0,0,0,0,60000,0,0,0,60000,0,60000,60000
04965P,日月光元大94售02,0,0,0,0,0,0,0,0,0,60000,0,0,0,60000,0,60000,60000
048119,臺指反元大96購03,0,0,0,0,0,0,0,0,0,60000,0,0,0,100000,40000,60000,60000
051181,鴻海永豐95購03  ,0,0,0,0,0,0,0,0,0,60000,0,0,0,118000,58000,60000,60000
051632,全新國票96購01  ,0,0,0,0,0,0,0,0,0,60000,0,0,0,60000,0,60000,60000
050573,光寶科國票94購01,0,0,0,0,0,0,0,0,0,60000,0,0,0,60000,0,60000,60000
05094P,大立光元大95售07,0,0,0,0,0,0,0,0,0,60000,0,0,0,71000,11000,60000,60000
051010,美律日盛95購01  ,0,0,0,0,0,0,0,0,0,60000,0,0,0,60000,0,60000,60000
051028,台光電元富95購02,0,0,0,0,0,0,0,0,0,60000,0,0,0,170000,110000,60000,60000
052366,聯詠國票96購01  ,0,0,0,0,0,0,0,0,0,60000,0,0,0,60000,0,60000,60000
052307,潤泰全國泰96購01,0,0,0,0,0,0,0,0,0,60000,0,0,0,70000,10000,60000,60000
052285,康控凱基95購02  ,0,0,0,0,0,0,0,0,0,60000,0,0,0,60000,0,60000,60000
051852,啟碁群益95購01  ,0,0,0,0,0,0,0,0,0,60000,0,0,0,60000,0,60000,60000
051968,勤誠永豐95購01  ,0,0,0,0,0,0,0,0,0,60000,0,0,0,99000,39000,60000,60000
1536,和大            ,463000,236000,227000,0,0,0,33000,250000,-217000,50000,29000,10000,19000,44000,13000,31000,60000
05789P,臺股指永昌96售06,0,0,0,0,0,0,0,0,0,60000,355000,0,355000,776000,1071000,-295000,60000
05699P,茂林凱基96售05  ,0,0,0,0,0,0,0,0,0,60000,0,0,0,174000,114000,60000,60000
06185P,台表科元大97售05,0,0,0,0,0,0,0,0,0,60000,0,0,0,400000,340000,60000,60000
053221,彩晶凱基98購01  ,0,0,0,0,0,0,0,0,0,59000,0,0,0,125000,66000,59000,59000
053162,緯穎元大97購01  ,0,0,0,0,0,0,0,0,0,59000,0,0,0,192000,133000,59000,59000
05340P,臺股指國票95售08,0,0,0,0,0,0,0,0,0,59000,0,0,0,63000,4000,59000,59000
05525P,奇力新群益96售02,0,0,0,0,0,0,0,0,0,59000,0,0,0,81000,22000,59000,59000
054965,健策元大98購04  ,0,0,0,0,0,0,0,0,0,59000,0,0,0,259000,200000,59000,59000
03951P,新光金凱基95售01,0,0,0,0,0,0,0,0,0,59000,0,0,0,59000,0,59000,59000
04076P,臺股指凱基93售12,0,0,0,0,0,0,0,0,0,59000,0,0,0,459000,400000,59000,59000
04583P,滬深2X永豐94售06,0,0,0,0,0,0,0,0,0,59000,0,0,0,126000,67000,59000,59000
045732,儒鴻國票93購01  ,0,0,0,0,0,0,0,0,0,59000,0,0,0,69000,10000,59000,59000
048068,南亞科元富95購01,0,0,0,0,0,0,0,0,0,59000,0,0,0,65000,6000,59000,59000
049917,華新科元大94購02,0,0,0,0,0,0,0,0,0,59000,0,0,0,89000,30000,59000,59000
047839,景碩元大93購03  ,0,0,0,0,0,0,0,0,0,59000,0,0,0,159000,100000,59000,59000
048824,聯發科凱基94購03,0,0,0,0,0,0,0,0,0,59000,0,0,0,79000,20000,59000,59000
046782,建準永豐93購01  ,0,0,0,0,0,0,0,0,0,59000,0,0,0,59000,0,59000,59000
050923,南亞科凱基95購03,0,0,0,0,0,0,0,0,0,59000,0,0,0,83000,24000,59000,59000
051729,華新國票96購01  ,0,0,0,0,0,0,0,0,0,59000,0,0,0,90000,31000,59000,59000
055272,國巨元大98購04  ,0,0,0,0,0,0,0,0,0,58000,0,0,0,108000,50000,58000,58000
055167,友訊統一97購01  ,0,0,0,0,0,0,0,0,0,58000,0,0,0,188000,130000,58000,58000
055635,緯穎永豐97購01  ,0,0,0,0,0,0,0,0,0,58000,0,0,0,58000,0,58000,58000
053980,泰鼎元大97購02  ,0,0,0,0,0,0,0,0,0,58000,0,0,0,142000,84000,58000,58000
046651,TPK富邦94購02   ,0,0,0,0,0,0,0,0,0,58000,0,0,0,58000,0,58000,58000
04824P,亞泥中信94售02  ,0,0,0,0,0,0,0,0,0,58000,0,0,0,58000,0,58000,58000
042902,光寶科元大94購01,0,0,0,0,0,0,0,0,0,58000,0,0,0,509000,451000,58000,58000
050240,聯發科凱基94購13,0,0,0,0,0,0,0,0,0,58000,0,0,0,68000,10000,58000,58000
051803,矽創永豐95購03  ,0,0,0,0,0,0,0,0,0,58000,0,0,0,58000,0,58000,58000
050628,美律中信94購02  ,0,0,0,0,0,0,0,0,0,58000,0,0,0,94000,36000,58000,58000
052763,晶技群益97購01  ,0,0,0,0,0,0,0,0,0,58000,0,0,0,58000,0,58000,58000
052707,景碩台新96購01  ,0,0,0,0,0,0,0,0,0,58000,0,0,0,60000,2000,58000,58000
055983,全新元富9A購02  ,0,0,0,0,0,0,0,0,0,58000,0,0,0,58000,0,58000,58000
4137,麗豐-KY         ,212000,119000,93000,0,0,0,0,35000,-35000,0,8000,0,8000,10000,18000,-8000,58000
053969,瑞昱元大97購01  ,0,0,0,0,0,0,0,0,0,57000,0,0,0,87000,30000,57000,57000
053931,楠梓電統一96購01,0,0,0,0,0,0,0,0,0,57000,0,0,0,57000,0,57000,57000
05348P,美律元富98售01  ,0,0,0,0,0,0,0,0,0,57000,0,0,0,60000,3000,57000,57000
055319,國巨國票98購03  ,0,0,0,0,0,0,0,0,0,57000,0,0,0,60000,3000,57000,57000
04293P,滬深2X元大96售02,0,0,0,0,0,0,0,0,0,57000,0,0,0,87000,30000,57000,57000
03644C,臺股指元大94牛28,0,0,0,0,0,0,0,0,0,57000,0,0,0,88000,31000,57000,57000
048237,致茂國票94購01  ,0,0,0,0,0,0,0,0,0,57000,0,0,0,82000,25000,57000,57000
051991,泰碩元大95購02  ,0,0,0,0,0,0,0,0,0,57000,0,0,0,100000,43000,57000,57000
051072,強茂國票95購02  ,0,0,0,0,0,0,0,0,0,57000,0,0,0,77000,20000,57000,57000
2365,昆盈            ,59000,7000,52000,0,0,0,0,0,0,5000,5000,0,5000,0,0,0,57000
2406,國碩            ,168000,112000,56000,0,0,0,0,0,0,1000,1000,0,1000,0,0,0,57000
056191,世紀鋼統一97購01,0,0,0,0,0,0,0,0,0,57000,0,0,0,125000,68000,57000,57000
06246P,茂林元富97售03  ,0,0,0,0,0,0,0,0,0,57000,0,0,0,210000,153000,57000,57000
055015,帆宣元富97購01  ,0,0,0,0,0,0,0,0,0,56000,0,0,0,66000,10000,56000,56000
055095,啟碁群益98購01  ,0,0,0,0,0,0,0,0,0,56000,0,0,0,99000,43000,56000,56000
054558,劍麟群益99購01  ,0,0,0,0,0,0,0,0,0,56000,0,0,0,98000,42000,56000,56000
054324,美律台新97購01  ,0,0,0,0,0,0,0,0,0,56000,0,0,0,56000,0,56000,56000
045763,南亞科統一93購01,0,0,0,0,0,0,0,0,0,56000,0,0,0,59000,3000,56000,56000
00771,元大US高息特別股,0,0,0,0,0,0,0,0,0,56000,0,0,0,72000,16000,56000,56000
042993,葡萄王元大94購01,0,0,0,0,0,0,0,0,0,56000,0,0,0,69000,13000,56000,56000
049720,欣興凱基94購05  ,0,0,0,0,0,0,0,0,0,56000,0,0,0,60000,4000,56000,56000
049047,台達電台新94購01,0,0,0,0,0,0,0,0,0,56000,0,0,0,150000,94000,56000,56000
046790,康友永豐93購01  ,0,0,0,0,0,0,0,0,0,56000,0,0,0,86000,30000,56000,56000
052679,致伸富邦98購01  ,0,0,0,0,0,0,0,0,0,56000,0,0,0,130000,74000,56000,56000
052597,茂林群益96購01  ,0,0,0,0,0,0,0,0,0,56000,0,0,0,384000,328000,56000,56000
06330P,南亞科群益97售03,0,0,0,0,0,0,0,0,0,56000,0,0,0,60000,4000,56000,56000
06108P,奇力新群益97售05,0,0,0,0,0,0,0,0,0,56000,0,0,0,80000,24000,56000,56000
06001P,樺漢台新96售01  ,0,0,0,0,0,0,0,0,0,56000,0,0,0,56000,0,56000,56000
053586,建準元大96購01  ,0,0,0,0,0,0,0,0,0,55000,0,0,0,175000,120000,55000,55000
053582,英業達元大97購01,0,0,0,0,0,0,0,0,0,55000,0,0,0,105000,50000,55000,55000
054631,台郡凱基98購02  ,0,0,0,0,0,0,0,0,0,55000,0,0,0,90000,35000,55000,55000
045511,同欣電凱基92購02,0,0,0,0,0,0,0,0,0,55000,0,0,0,55000,0,55000,55000
04144P,瑞昱凱基93售10  ,0,0,0,0,0,0,0,0,0,55000,0,0,0,55000,0,55000,55000
04023P,臺股指元富99售02,0,0,0,0,0,0,0,0,0,55000,0,0,0,819000,764000,55000,55000
036628,統一台新99購01  ,0,0,0,0,0,0,0,0,0,55000,0,0,0,55000,0,55000,55000
046647,高鐵國泰93購01  ,0,0,0,0,0,0,0,0,0,55000,0,0,0,55000,0,55000,55000
048422,瑞昱元富96購02  ,0,0,0,0,0,0,0,0,0,55000,0,0,0,235000,180000,55000,55000
048645,創意元大94購02  ,0,0,0,0,0,0,0,0,0,55000,0,0,0,145000,90000,55000,55000
04756P,大立光元富94售08,0,0,0,0,0,0,0,0,0,55000,0,0,0,107000,52000,55000,55000
047182,智邦元大93購07  ,0,0,0,0,0,0,0,0,0,55000,0,0,0,262000,207000,55000,55000
048767,欣興凱基94購01  ,0,0,0,0,0,0,0,0,0,55000,0,0,0,88000,33000,55000,55000
049495,欣興元大94購06  ,0,0,0,0,0,0,0,0,0,55000,0,0,0,55000,0,55000,55000
049877,南亞科永豐94購01,0,0,0,0,0,0,0,0,0,55000,0,0,0,68000,13000,55000,55000
050290,南亞科凱基94購06,0,0,0,0,0,0,0,0,0,55000,0,0,0,75000,20000,55000,55000
05267P,欣興元大95售08  ,0,0,0,0,0,0,0,0,0,55000,0,0,0,56000,1000,55000,55000
053110,大立光兆豐97購01,0,0,0,0,0,0,0,0,0,55000,0,0,0,55000,0,55000,55000
050854,世紀鋼國票97購01,0,0,0,0,0,0,0,0,0,55000,0,0,0,55000,0,55000,55000
050500,台積電凱基94購36,0,0,0,0,0,0,0,0,0,55000,0,0,0,65000,10000,55000,55000
051600,新日興兆豐96購02,0,0,0,0,0,0,0,0,0,55000,0,0,0,165000,110000,55000,55000
06348P,鈺齊元富97售02  ,0,0,0,0,0,0,0,0,0,55000,0,0,0,58000,3000,55000,55000
06329P,大立光兆豐97售04,0,0,0,0,0,0,0,0,0,55000,0,0,0,55000,0,55000,55000
2405,浩鑫            ,72000,19000,53000,0,0,0,0,0,0,2000,2000,0,2000,0,0,0,55000
2535,達欣工          ,161000,117000,44000,0,0,0,5000,0,5000,6000,6000,0,6000,0,0,0,55000
2912,統一超          ,886364,860000,26364,0,0,0,11000,0,11000,17000,10000,0,10000,7000,0,7000,54364
054583,玉晶光統一97購02,0,0,0,0,0,0,0,0,0,54000,0,0,0,176000,122000,54000,54000
054527,國巨統一97購03  ,0,0,0,0,0,0,0,0,0,54000,0,0,0,93000,39000,54000,54000
05539P,鎧勝永豐96售01  ,0,0,0,0,0,0,0,0,0,54000,0,0,0,100000,46000,54000,54000
053817,華新科群益97購02,0,0,0,0,0,0,0,0,0,54000,0,0,0,54000,0,54000,54000
04571P,華新科國泰95售03,0,0,0,0,0,0,0,0,0,54000,0,0,0,54000,0,54000,54000
04079P,燿華元大93售04  ,0,0,0,0,0,0,0,0,0,54000,0,0,0,154000,100000,54000,54000
046568,臻鼎元富95購01  ,0,0,0,0,0,0,0,0,0,54000,0,0,0,348000,294000,54000,54000
050092,鴻海永豐94購04  ,0,0,0,0,0,0,0,0,0,54000,0,0,0,567000,513000,54000,54000
050083,旺宏元富94購01  ,0,0,0,0,0,0,0,0,0,54000,0,0,0,152000,98000,54000,54000
049956,國巨統一94購05  ,0,0,0,0,0,0,0,0,0,54000,0,0,0,271000,217000,54000,54000
047783,聯茂國泰94購02  ,0,0,0,0,0,0,0,0,0,54000,0,0,0,190000,136000,54000,54000
05226P,智邦統一95售01  ,0,0,0,0,0,0,0,0,0,54000,0,0,0,55000,1000,54000,54000
05707P,中磊永豐96售01  ,0,0,0,0,0,0,0,0,0,54000,0,0,0,54000,0,54000,54000
1560,中砂            ,165774,113000,52774,0,0,0,0,0,0,1000,1000,0,1000,0,0,0,53774
054216,聯茂國票97購03  ,0,0,0,0,0,0,0,0,0,53000,0,0,0,102000,49000,53000,53000
054096,佳世達國票97購01,0,0,0,0,0,0,0,0,0,53000,0,0,0,143000,90000,53000,53000
055700,緯穎國泰98購02  ,0,0,0,0,0,0,0,0,0,53000,0,0,0,178000,125000,53000,53000
055529,華邦電群益97購02,0,0,0,0,0,0,0,0,0,53000,0,0,0,56000,3000,53000,53000
045512,訊芯凱基92購01  ,0,0,0,0,0,0,0,0,0,53000,0,0,0,83000,30000,53000,53000
03655P,臺股指元大92售17,0,0,0,0,0,0,0,0,0,53000,0,0,0,637000,584000,53000,53000
03252P,台積電台新02售01,0,0,0,0,0,0,0,0,0,53000,0,0,0,98000,45000,53000,53000
04566P,GIS凱基94售04   ,0,0,0,0,0,0,0,0,0,53000,0,0,0,53000,0,53000,53000
045015,玉晶光元大94購01,0,0,0,0,0,0,0,0,0,53000,0,0,0,53000,0,53000,53000
046931,聯詠統一93購01  ,0,0,0,0,0,0,0,0,0,53000,0,0,0,153000,100000,53000,53000
049019,美律群益94購02  ,0,0,0,0,0,0,0,0,0,53000,0,0,0,79000,26000,53000,53000
047653,上銀兆豐94購01  ,0,0,0,0,0,0,0,0,0,53000,0,0,0,70000,17000,53000,53000
05192P,玉晶光台新96售02,0,0,0,0,0,0,0,0,0,53000,0,0,0,53000,0,53000,53000
052640,台表科凱基97購01,0,0,0,0,0,0,0,0,0,53000,0,0,0,53000,0,53000,53000
05710P,禾伸堂國票97售02,0,0,0,0,0,0,0,0,0,53000,0,0,0,53000,0,53000,53000
06055P,華通凱基97售04  ,0,0,0,0,0,0,0,0,0,53000,0,0,0,78000,25000,53000,53000
054710,東元元富97購01  ,0,0,0,0,0,0,0,0,0,52000,0,0,0,69000,17000,52000,52000
054210,台光電國票97購03,0,0,0,0,0,0,0,0,0,52000,0,0,0,179000,127000,52000,52000
053689,台光電元大96購01,0,0,0,0,0,0,0,0,0,52000,0,0,0,110000,58000,52000,52000
044403,新日興凱基92購01,0,0,0,0,0,0,0,0,0,52000,0,0,0,52000,0,52000,52000
045179,義隆永豐92購02  ,0,0,0,0,0,0,0,0,0,52000,0,0,0,52000,0,52000,52000
03893P,為升凱基93售03  ,0,0,0,0,0,0,0,0,0,52000,0,0,0,52000,0,52000,52000
047380,統一元大93購01  ,0,0,0,0,0,0,0,0,0,52000,0,0,0,52000,0,52000,52000
052768,泰鼎群益96購01  ,0,0,0,0,0,0,0,0,0,52000,0,0,0,743000,691000,52000,52000
05217P,鴻海統一95售08  ,0,0,0,0,0,0,0,0,0,52000,0,0,0,53000,1000,52000,52000
051226,英業達群益95購01,0,0,0,0,0,0,0,0,0,52000,0,0,0,67000,15000,52000,52000
051319,光磊國票96購02  ,0,0,0,0,0,0,0,0,0,52000,0,0,0,62000,10000,52000,52000
051347,國巨元大95購06  ,0,0,0,0,0,0,0,0,0,52000,0,0,0,74000,22000,52000,52000
050682,南亞科元富94購02,0,0,0,0,0,0,0,0,0,52000,0,0,0,84000,32000,52000,52000
05808P,臺股指國票96售01,0,0,0,0,0,0,0,0,0,52000,0,0,0,53000,1000,52000,52000
6209,今國光          ,157000,107000,50000,0,0,0,0,0,0,2000,3000,1000,2000,0,0,0,52000
055044,信錦永豐97購01  ,0,0,0,0,0,0,0,0,0,51000,0,0,0,51000,0,51000,51000
05553P,智原群益96售01  ,0,0,0,0,0,0,0,0,0,51000,0,0,0,51000,0,51000,51000
03891P,晶技國泰94售02  ,0,0,0,0,0,0,0,0,0,51000,0,0,0,286000,235000,51000,51000
03335P,台積電兆豐03售07,0,0,0,0,0,0,0,0,0,51000,0,0,0,51000,0,51000,51000
043489,大立光兆豐92購03,0,0,0,0,0,0,0,0,0,51000,0,0,0,51000,0,51000,51000
04452P,超眾國泰95售01  ,0,0,0,0,0,0,0,0,0,51000,0,0,0,71000,20000,51000,51000
04597P,為升凱基94售02  ,0,0,0,0,0,0,0,0,0,51000,0,0,0,51000,0,51000,51000
049224,致新國票95購01  ,0,0,0,0,0,0,0,0,0,51000,0,0,0,51000,0,51000,51000
047529,嘉晶元大94購02  ,0,0,0,0,0,0,0,0,0,51000,0,0,0,151000,100000,51000,51000
048132,冠德國票94購01  ,0,0,0,0,0,0,0,0,0,51000,0,0,0,51000,0,51000,51000
051673,玉晶光元大96購04,0,0,0,0,0,0,0,0,0,51000,0,0,0,155000,104000,51000,51000
052173,廣達元大95購02  ,0,0,0,0,0,0,0,0,0,51000,0,0,0,69000,18000,51000,51000
3450,聯鈞            ,1426000,1388000,38000,0,0,0,0,0,0,13000,13000,1000,12000,75000,74000,1000,51000
05953P,台積電國票98售02,0,0,0,0,0,0,0,0,0,51000,0,0,0,51000,0,51000,51000
05927P,正文永豐96售03  ,0,0,0,0,0,0,0,0,0,51000,0,0,0,90000,39000,51000,51000
056200,大毅永豐98購01  ,0,0,0,0,0,0,0,0,0,51000,0,0,0,75000,24000,51000,51000
055631,創意永豐98購01  ,0,0,0,0,0,0,0,0,0,50000,0,0,0,151000,101000,50000,50000
055382,台郡元大99購01  ,0,0,0,0,0,0,0,0,0,50000,0,0,0,50000,0,50000,50000
055349,京元電凱基97購02,0,0,0,0,0,0,0,0,0,50000,0,0,0,50000,0,50000,50000
055169,光罩統一99購01  ,0,0,0,0,0,0,0,0,0,50000,0,0,0,100000,50000,50000,50000
055135,聯發科富邦99購05,0,0,0,0,0,0,0,0,0,50000,0,0,0,50000,0,50000,50000
055183,聯鈞統一97購01  ,0,0,0,0,0,0,0,0,0,50000,0,0,0,106000,56000,50000,50000
055227,聯發科國票98購02,0,0,0,0,0,0,0,0,0,50000,0,0,0,50000,0,50000,50000
054666,強茂元富97購01  ,0,0,0,0,0,0,0,0,0,50000,0,0,0,50000,0,50000,50000
054802,高股息元大97購01,0,0,0,0,0,0,0,0,0,50000,0,0,0,50000,0,50000,50000
05457P,鴻海凱基95售20  ,0,0,0,0,0,0,0,0,0,50000,0,0,0,50000,0,50000,50000
053611,聯茂麥證96購01  ,0,0,0,110000,60000,50000,0,0,0,50000,0,0,0,110000,60000,50000,50000
054247,華邦電元大96購04,0,0,0,0,0,0,0,0,0,50000,0,0,0,50000,0,50000,50000
053950,緯穎富邦97購02  ,0,0,0,0,0,0,0,0,0,50000,0,0,0,50000,0,50000,50000
044396,燿華凱基93購02  ,0,0,0,0,0,0,0,0,0,50000,0,0,0,60000,10000,50000,50000
044437,台郡元大92購02  ,0,0,0,0,0,0,0,0,0,50000,0,0,0,50000,0,50000,50000
044433,華新科元大92購06,0,0,0,0,0,0,0,0,0,50000,0,0,0,50000,0,50000,50000
045855,緯穎富邦93購01  ,0,0,0,0,0,0,0,0,0,50000,0,0,0,50000,0,50000,50000
045887,台光電元大92購07,0,0,0,0,0,0,0,0,0,50000,0,0,0,60000,10000,50000,50000
048624,美律台新93購01  ,0,0,0,0,0,0,0,0,0,50000,0,0,0,50000,0,50000,50000
04843P,致新元大94售02  ,0,0,0,0,0,0,0,0,0,50000,0,0,0,650000,600000,50000,50000
04837P,華新科元大94售05,0,0,0,0,0,0,0,0,0,50000,0,0,0,50000,0,50000,50000
045233,神基日盛92購01  ,0,0,0,0,0,0,0,0,0,50000,0,0,0,50000,0,50000,50000
045716,智邦凱基92購02  ,0,0,0,0,0,0,0,0,0,50000,0,0,0,50000,0,50000,50000
044834,旺宏元大93購02  ,0,0,0,0,0,0,0,0,0,50000,0,0,0,101000,51000,50000,50000
043764,康友元大92購03  ,0,0,0,0,0,0,0,0,0,50000,0,0,0,80000,30000,50000,50000
04326P,泰鼎元大93售06  ,0,0,0,0,0,0,0,0,0,50000,0,0,0,170000,120000,50000,50000
03619C,臺股指元大95牛02,0,0,0,0,0,0,0,0,0,50000,0,0,0,50000,0,50000,50000
03706P,上銀群益93售03  ,0,0,0,0,0,0,0,0,0,50000,0,0,0,50000,0,50000,50000
03921P,亞光凱基94售01  ,0,0,0,0,0,0,0,0,0,50000,0,0,0,50000,0,50000,50000
03934P,大立光永昌93售06,0,0,0,0,0,0,0,0,0,50000,0,0,0,50000,0,50000,50000
03970P,奇鋐國票93售01  ,0,0,0,0,0,0,0,0,0,50000,0,0,0,50000,0,50000,50000
04244P,可成元大93售12  ,0,0,0,0,0,0,0,0,0,50000,0,0,0,60000,10000,50000,50000
048187,臺指反元大96購04,0,0,0,0,0,0,0,0,0,50000,0,0,0,100000,50000,50000,50000
049459,全新元富95購02  ,0,0,0,0,0,0,0,0,0,50000,0,0,0,50000,0,50000,50000
048960,矽格康和94購01  ,0,0,0,0,0,0,0,0,0,50000,0,0,0,50000,0,50000,50000
049013,川湖群益94購01  ,0,0,0,0,0,0,0,0,0,50000,0,0,0,50000,0,50000,50000
047318,聯詠元大93購07  ,0,0,0,0,0,0,0,0,0,50000,0,0,0,50000,0,50000,50000
047292,台光電元富96購01,0,0,0,0,0,0,0,0,0,50000,0,0,0,50000,0,50000,50000
046814,鴻海凱基93購20  ,0,0,0,0,0,0,0,0,0,50000,0,0,0,50000,0,50000,50000
046862,台郡元大94購01  ,0,0,0,0,0,0,0,0,0,50000,0,0,0,50000,0,50000,50000
047034,東陽群益93購01  ,0,0,0,0,0,0,0,0,0,50000,0,0,0,50000,0,50000,50000
047165,東陽康和93購01  ,0,0,0,0,0,0,0,0,0,50000,0,0,0,50000,0,50000,50000
048926,燿華永豐95購01  ,0,0,0,0,0,0,0,0,0,50000,0,0,0,60000,10000,50000,50000
048882,智原統一96購01  ,0,0,0,0,0,0,0,0,0,50000,0,0,0,50000,0,50000,50000
048844,訊芯凱基94購02  ,0,0,0,0,0,0,0,0,0,50000,0,0,0,80000,30000,50000,50000
047972,康控富邦95購01  ,0,0,0,0,0,0,0,0,0,50000,0,0,0,50000,0,50000,50000
047980,東陽群益93購02  ,0,0,0,0,0,0,0,0,0,50000,0,0,0,50000,0,50000,50000
04773P,金融類元大94售01,0,0,0,0,0,0,0,0,0,50000,0,0,0,50000,0,50000,50000
048040,百和凱基93購07  ,0,0,0,0,0,0,0,0,0,50000,0,0,0,50000,0,50000,50000
049863,京元電兆豐94購01,0,0,0,0,0,0,0,0,0,50000,0,0,0,349000,299000,50000,50000
050065,冠德凱基94購01  ,0,0,0,0,0,0,0,0,0,50000,0,0,0,50000,0,50000,50000
052023,鈺齊永豐95購02  ,0,0,0,0,0,0,0,0,0,50000,0,0,0,50000,0,50000,50000
05203P,華新科元大95售10,0,0,0,0,0,0,0,0,0,50000,0,0,0,50000,0,50000,50000
052084,台泥元大95購01  ,0,0,0,0,0,0,0,0,0,50000,0,0,0,65000,15000,50000,50000
051956,滬深2X台新96購01,0,0,0,0,0,0,0,0,0,50000,0,0,0,50000,0,50000,50000
051841,南茂國泰96購01  ,0,0,0,0,0,0,0,0,0,50000,0,0,0,90000,40000,50000,50000
052351,中環元富95購01  ,0,0,0,0,0,0,0,0,0,50000,0,0,0,50000,0,50000,50000
052795,健策兆豐97購01  ,0,0,0,0,0,0,0,0,0,50000,0,0,0,60000,10000,50000,50000
052680,T50反1元大96購04,0,0,0,0,0,0,0,0,0,50000,0,0,0,499000,449000,50000,50000
053093,緯穎元大96購06  ,0,0,0,0,0,0,0,0,0,50000,0,0,0,148000,98000,50000,50000
053062,緯穎富邦97購01  ,0,0,0,0,0,0,0,0,0,50000,0,0,0,60000,10000,50000,50000
05172P,臺股指元大95售16,0,0,0,0,0,0,0,0,0,50000,0,0,0,50000,0,50000,50000
051519,國泰金凱基95購02,2000,0,2000,0,0,0,0,0,0,48000,0,0,0,60000,12000,48000,50000
051338,揚明光永豐95購02,0,0,0,0,0,0,0,0,0,50000,0,0,0,50000,0,50000,50000
051198,鴻海麥證95購02  ,0,0,0,50000,0,50000,0,0,0,50000,0,0,0,50000,0,50000,50000
05058P,燿華國票97售01  ,0,0,0,0,0,0,0,0,0,50000,0,0,0,81000,31000,50000,50000
050368,國巨元大94購14  ,0,0,0,0,0,0,0,0,0,50000,0,0,0,140000,90000,50000,50000
051080,全新富邦96購01  ,0,0,0,0,0,0,0,0,0,50000,0,0,0,50000,0,50000,50000
051023,S&P反1統一95購02,0,0,0,0,0,0,0,0,0,50000,0,0,0,50000,0,50000,50000
056201,華新科永豐98購01,0,0,0,0,0,0,0,0,0,50000,0,0,0,70000,20000,50000,50000
056197,友訊永豐97購01  ,0,0,0,0,0,0,0,0,0,50000,0,0,0,50000,0,50000,50000
05588P,群創兆豐97售02  ,0,0,0,0,0,0,0,0,0,50000,0,0,0,50000,0,50000,50000
055883,樺漢元富97購01  ,0,0,0,0,0,0,0,0,0,50000,0,0,0,50000,0,50000,50000
055855,牧德元大99購02  ,0,0,0,0,0,0,0,0,0,50000,0,0,0,55000,5000,50000,50000
05815P,台積電凱基97售06,0,0,0,0,0,0,0,0,0,50000,0,0,0,50000,0,50000,50000
06374P,台表科元大97售06,0,0,0,0,0,0,0,0,0,50000,0,0,0,50000,0,50000,50000
06310P,精元元富97售02  ,0,0,0,0,0,0,0,0,0,50000,0,0,0,50000,0,50000,50000
6277,宏正            ,87000,33000,54000,0,0,0,0,5000,-5000,1000,1000,0,1000,0,0,0,50000
4976,佳凌            ,205000,156000,49000,0,0,0,0,0,0,1000,1000,0,1000,0,0,0,50000
1734,杏輝            ,109000,61000,48000,0,0,0,0,0,0,2000,12000,10000,2000,0,0,0,50000
054826,復盛元大9A購01  ,0,0,0,0,0,0,0,0,0,49000,0,0,0,83000,34000,49000,49000
055427,技嘉群益98購01  ,0,0,0,0,0,0,0,0,0,49000,0,0,0,49000,0,49000,49000
055418,華通永豐97購01  ,0,0,0,0,0,0,0,0,0,49000,0,0,0,67000,18000,49000,49000
03903P,美律永豐93售01  ,0,0,0,0,0,0,0,0,0,49000,0,0,0,49000,0,49000,49000
00647L,元大S&P500正2   ,0,1000,-1000,0,0,0,0,0,0,50000,0,0,0,71000,21000,50000,49000
03425B,臺股指元大9A熊01,0,0,0,0,0,0,0,0,0,49000,0,0,0,102000,53000,49000,49000
045205,鈺齊凱基92購01  ,0,0,0,0,0,0,0,0,0,49000,0,0,0,52000,3000,49000,49000
045957,技嘉凱基93購03  ,0,0,0,0,0,0,0,0,0,49000,0,0,0,50000,1000,49000,49000
049042,玉晶光兆豐95購01,0,0,0,0,0,0,0,0,0,49000,0,0,0,235000,186000,49000,49000
04761P,可成凱基94售09  ,0,0,0,0,0,0,0,0,0,49000,0,0,0,49000,0,49000,49000
049255,旺宏元大97購02  ,0,0,0,0,0,0,0,0,0,49000,0,0,0,87000,38000,49000,49000
050702,崇越凱基94購01  ,0,0,0,0,0,0,0,0,0,49000,0,0,0,49000,0,49000,49000
051167,京鼎元大95購01  ,0,0,0,0,0,0,0,0,0,49000,0,0,0,51000,2000,49000,49000
052359,百和永豐95購01  ,0,0,0,0,0,0,0,0,0,49000,0,0,0,68000,19000,49000,49000
05193P,台郡台新95售01  ,0,0,0,0,0,0,0,0,0,49000,0,0,0,49000,0,49000,49000
06233P,訊芯永豐97售03  ,0,0,0,0,0,0,0,0,0,49000,0,0,0,444000,395000,49000,49000
05755P,臺股指中信99售04,0,0,0,0,0,0,0,0,0,49000,0,0,0,49000,0,49000,49000
05912P,和大元大96售01  ,0,0,0,0,0,0,0,0,0,49000,0,0,0,138000,89000,49000,49000
05905P,晶技統一97售01  ,0,0,0,0,0,0,0,0,0,49000,0,0,0,49000,0,49000,49000
05599P,欣興台新96售01  ,0,0,0,0,0,0,0,0,0,49000,0,0,0,49000,0,49000,49000
055238,茂林台新97購01  ,0,0,0,0,0,0,0,0,0,48000,0,0,0,88000,40000,48000,48000
055634,訊芯永豐97購02  ,0,0,0,0,0,0,0,0,0,48000,0,0,0,68000,20000,48000,48000
055072,康友永豐97購02  ,0,0,0,0,0,0,0,0,0,48000,0,0,0,108000,60000,48000,48000
054007,貿聯統一96購01  ,0,0,0,0,0,0,0,0,0,48000,0,0,0,48000,0,48000,48000
053635,技嘉永豐96購01  ,0,0,0,0,0,0,0,0,0,48000,0,0,0,90000,42000,48000,48000
053667,鴻海統一96購12  ,0,0,0,0,0,0,0,0,0,48000,0,0,0,48000,0,48000,48000
048367,華邦電統一93購01,0,0,0,0,0,0,0,0,0,48000,0,0,0,48000,0,48000,48000
04858P,健策元富94售01  ,0,0,0,0,0,0,0,0,0,48000,0,0,0,48000,0,48000,48000
045522,滬深2X永豐94購01,0,0,0,0,0,0,0,0,0,48000,0,0,0,109000,61000,48000,48000
046620,智伸科凱基93購01,0,0,0,0,0,0,0,0,0,48000,0,0,0,50000,2000,48000,48000
049003,智邦中信95購01  ,0,0,0,0,0,0,0,0,0,48000,0,0,0,48000,0,48000,48000
049327,台郡元富94購01  ,0,0,0,0,0,0,0,0,0,48000,0,0,0,98000,50000,48000,48000
049455,上海銀統一94購02,0,0,0,0,0,0,0,0,0,48000,0,0,0,48000,0,48000,48000
048768,景碩凱基94購02  ,0,0,0,0,0,0,0,0,0,48000,0,0,0,48000,0,48000,48000
048923,國巨永豐94購02  ,0,0,0,0,0,0,0,0,0,48000,0,0,0,117000,69000,48000,48000
047229,大立光凱基93購18,0,0,0,0,0,0,0,0,0,48000,0,0,0,48000,0,48000,48000
050213,華新科台新94購03,0,0,0,0,0,0,0,0,0,48000,0,0,0,94000,46000,48000,48000
04995P,台達電凱基96售03,0,0,0,0,0,0,0,0,0,48000,0,0,0,59000,11000,48000,48000
049967,華新科國票94購07,0,0,0,0,0,0,0,0,0,48000,0,0,0,319000,271000,48000,48000
052349,鴻海統一95購15  ,0,0,0,0,0,0,0,0,0,48000,0,0,0,48000,0,48000,48000
053003,國巨永豐96購02  ,0,0,0,0,0,0,0,0,0,48000,0,0,0,112000,64000,48000,48000
052720,鴻海統一96購07  ,0,0,0,0,0,0,0,0,0,48000,0,0,0,48000,0,48000,48000
051111,可成統一95購02  ,0,0,0,0,0,0,0,0,0,48000,0,0,0,48000,0,48000,48000
05120P,聯發科國泰97售01,0,0,0,0,0,0,0,0,0,48000,0,0,0,166000,118000,48000,48000
050469,聯電台新94購01  ,0,0,0,0,0,0,0,0,0,48000,0,0,0,148000,100000,48000,48000
055795,茂林國泰98購01  ,0,0,0,0,0,0,0,0,0,48000,0,0,0,176000,128000,48000,48000
05700P,臻鼎凱基96售02  ,0,0,0,0,0,0,0,0,0,48000,0,0,0,51000,3000,48000,48000
05723P,華通永豐96售03  ,0,0,0,0,0,0,0,0,0,48000,0,0,0,73000,25000,48000,48000
1446,宏和            ,97000,50000,47000,0,0,0,0,0,0,1000,1000,0,1000,0,0,0,48000
1455,集盛            ,84000,42000,42000,0,0,0,0,0,0,6000,7000,1000,6000,0,0,0,48000
1218,泰山            ,106000,68000,38000,0,0,0,0,0,0,10000,10000,0,10000,0,0,0,48000
3055,蔚華科          ,115000,68000,47000,0,0,0,0,0,0,1000,1000,0,1000,0,0,0,48000
3669,圓展            ,28000,6000,22000,0,0,0,25000,0,25000,1000,1000,0,1000,0,0,0,48000
053655,全新凱基98購02  ,0,0,0,0,0,0,0,0,0,47000,0,0,0,50000,3000,47000,47000
053955,華通永豐96購04  ,0,0,0,0,0,0,0,0,0,47000,0,0,0,68000,21000,47000,47000
05388P,南亞科元大95售04,0,0,0,0,0,0,0,0,0,47000,0,0,0,70000,23000,47000,47000
03992P,臺股指統一93售06,0,0,0,0,0,0,0,0,0,47000,0,0,0,47000,0,47000,47000
049744,亞德客永豐94購01,0,0,0,0,0,0,0,0,0,47000,0,0,0,78000,31000,47000,47000
049034,台達電兆豐94購01,0,0,0,0,0,0,0,0,0,47000,0,0,0,372000,325000,47000,47000
048273,南電富邦97購01  ,0,0,0,0,0,0,0,0,0,47000,0,0,0,65000,18000,47000,47000
050686,欣興兆豐96購01  ,0,0,0,0,0,0,0,0,0,47000,0,0,0,202000,155000,47000,47000
05062P,大立光富邦98售03,0,0,0,0,0,0,0,0,0,47000,0,0,0,139000,92000,47000,47000
050974,大成鋼統一95購01,0,0,0,0,0,0,0,0,0,47000,0,0,0,121000,74000,47000,47000
051511,鈺齊中信97購01  ,0,0,0,0,0,0,0,0,0,47000,0,0,0,58000,11000,47000,47000
051735,台積電國票96購06,0,0,0,0,0,0,0,0,0,47000,0,0,0,185000,138000,47000,47000
1460,宏遠            ,99000,58000,41000,0,0,0,0,0,0,6000,6000,0,6000,0,0,0,47000
05966P,矽力凱基96售03  ,0,0,0,0,0,0,0,0,0,47000,0,0,0,100000,53000,47000,47000
05585P,臺股指凱基96售14,0,0,0,0,0,0,0,0,0,47000,0,0,0,52000,5000,47000,47000
056056,旺宏元大97購06  ,0,0,0,0,0,0,0,0,0,47000,0,0,0,127000,80000,47000,47000
053882,聯發科中信98購02,0,0,0,0,0,0,0,0,0,46000,0,0,0,60000,14000,46000,46000
054244,華新元大96購01  ,0,0,0,0,0,0,0,0,0,46000,0,0,0,176000,130000,46000,46000
054925,神達凱基97購01  ,0,0,0,0,0,0,0,0,0,46000,0,0,0,117000,71000,46000,46000
05536P,奇力新元大96售03,0,0,0,0,0,0,0,0,0,46000,0,0,0,532000,486000,46000,46000
045428,彩晶凱基94購01  ,0,0,0,0,0,0,0,0,0,46000,0,0,0,97000,51000,46000,46000
03841P,聯發科統一93售02,0,0,0,0,0,0,0,0,0,46000,0,0,0,110000,64000,46000,46000
044290,群創凱基93購05  ,0,0,0,0,0,0,0,0,0,46000,0,0,0,749000,703000,46000,46000
046073,日月光凱基92購03,0,0,0,0,0,0,0,0,0,46000,0,0,0,46000,0,46000,46000
048045,上銀永豐93購02  ,0,0,0,0,0,0,0,0,0,46000,0,0,0,60000,14000,46000,46000
051207,聯茂麥證95購01  ,0,0,0,46000,0,46000,0,0,0,46000,0,0,0,46000,0,46000,46000
050789,矽創國泰96購01  ,0,0,0,0,0,0,0,0,0,46000,0,0,0,66000,20000,46000,46000
050494,可成永昌96購01  ,0,0,0,0,0,0,0,0,0,46000,0,0,0,264000,218000,46000,46000
052880,台積電凱基96購06,0,0,0,0,0,0,0,0,0,46000,0,0,0,56000,10000,46000,46000
055991,鈺齊元富97購01  ,0,0,0,0,0,0,0,0,0,46000,0,0,0,65000,19000,46000,46000
06052P,台郡國票97售06  ,0,0,0,0,0,0,0,0,0,46000,0,0,0,46000,0,46000,46000
5203,訊連            ,172000,126000,46000,0,0,0,0,0,0,0,1000,0,1000,0,1000,-1000,46000
6152,百一            ,72000,27000,45000,0,0,0,0,0,0,1000,1000,0,1000,0,0,0,46000
054623,華新科第一97購01,0,0,0,0,0,0,0,0,0,45000,0,0,0,283000,238000,45000,45000
054195,亞泥國泰98購01  ,0,0,0,0,0,0,0,0,0,45000,0,0,0,75000,30000,45000,45000
05374P,台積電國票96售07,0,0,0,0,0,0,0,0,0,45000,0,0,0,471000,426000,45000,45000
048571,美利達元大96購03,0,0,0,0,0,0,0,0,0,45000,0,0,0,45000,0,45000,45000
04851P,創意永豐94售02  ,0,0,0,0,0,0,0,0,0,45000,0,0,0,55000,10000,45000,45000
045448,宏達電國泰93購02,0,0,0,0,0,0,0,0,0,45000,0,0,0,49000,4000,45000,45000
045386,新光金元大93購02,0,0,0,0,0,0,0,0,0,45000,0,0,0,55000,10000,45000,45000
04203P,超眾元大93售04  ,0,0,0,0,0,0,0,0,0,45000,0,0,0,45000,0,45000,45000
042754,元黃金元大93購01,0,0,0,0,0,0,0,0,0,45000,0,0,0,46000,1000,45000,45000
04770P,鴻海元大94售09  ,0,0,0,0,0,0,0,0,0,45000,0,0,0,45000,0,45000,45000
049084,欣興凱基94購03  ,0,0,0,0,0,0,0,0,0,45000,0,0,0,95000,50000,45000,45000
04939P,國巨國票95售03  ,0,0,0,0,0,0,0,0,0,45000,0,0,0,45000,0,45000,45000
049910,智邦元大94購04  ,0,0,0,0,0,0,0,0,0,45000,0,0,0,549000,504000,45000,45000
048186,元黃金元大96購01,0,0,0,0,0,0,0,0,0,45000,0,0,0,45000,0,45000,45000
04742P,瑞昱統一94售01  ,0,0,0,0,0,0,0,0,0,45000,0,0,0,75000,30000,45000,45000
049312,亞光凱基94購02  ,0,0,0,0,0,0,0,0,0,45000,0,0,0,88000,43000,45000,45000
049179,高鐵凱基94購01  ,0,0,0,0,0,0,0,0,0,45000,0,0,0,151000,106000,45000,45000
046871,美律元富93購01  ,0,0,0,0,0,0,0,0,0,45000,0,0,0,45000,0,45000,45000
05313P,臺股指群益95售12,0,0,0,0,0,0,0,0,0,45000,0,0,0,49000,4000,45000,45000
052681,T50反1元大98購02,0,0,0,0,0,0,0,0,0,45000,0,0,0,45000,0,45000,45000
052214,智伸科元大96購01,0,0,0,0,0,0,0,0,0,45000,0,0,0,45000,0,45000,45000
052480,麗豐群益95購01  ,0,0,0,0,0,0,0,0,0,45000,0,0,0,45000,0,45000,45000
05241P,鴻海國泰97售04  ,0,0,0,0,0,0,0,0,0,45000,0,0,0,51000,6000,45000,45000
050511,元油2X元大94購11,0,0,0,0,0,0,0,0,0,45000,0,0,0,45000,0,45000,45000
051555,聯茂永豐95購01  ,0,0,0,0,0,0,0,0,0,45000,0,0,0,45000,0,45000,45000
06127P,泰碩元富97售01  ,0,0,0,0,0,0,0,0,0,45000,0,0,0,50000,5000,45000,45000
06307P,聚陽元富97售02  ,0,0,0,0,0,0,0,0,0,45000,0,0,0,50000,5000,45000,45000
053806,鎧勝凱基96購02  ,0,0,0,0,0,0,0,0,0,44000,0,0,0,44000,0,44000,44000
053170,茂林群益96購04  ,0,0,0,0,0,0,0,0,0,44000,0,0,0,72000,28000,44000,44000
053251,世紀鋼國票97購02,0,0,0,0,0,0,0,0,0,44000,0,0,0,44000,0,44000,44000
053266,全新群益98購01  ,0,0,0,0,0,0,0,0,0,44000,0,0,0,54000,10000,44000,44000
054320,國喬台新96購01  ,0,0,0,0,0,0,0,0,0,44000,0,0,0,44000,0,44000,44000
05447P,臺股指元大95售24,0,0,0,0,0,0,0,0,0,44000,0,0,0,46000,2000,44000,44000
054963,牧德元大97購02  ,0,0,0,0,0,0,0,0,0,44000,0,0,0,208000,164000,44000,44000
055008,隆達元富97購01  ,0,0,0,0,0,0,0,0,0,44000,0,0,0,44000,0,44000,44000
055204,宏達電中信99購01,0,0,0,0,0,0,0,0,0,44000,0,0,0,49000,5000,44000,44000
055698,茂林國票98購03  ,0,0,0,0,0,0,0,0,0,44000,0,0,0,44000,0,44000,44000
055519,茂林中信99購01  ,0,0,0,0,0,0,0,0,0,44000,0,0,0,182000,138000,44000,44000
04018P,亞光永豐93售01  ,0,0,0,0,0,0,0,0,0,44000,0,0,0,44000,0,44000,44000
044784,華邦電中信96購01,0,0,0,0,0,0,0,0,0,44000,0,0,0,44000,0,44000,44000
046438,群創群益95購01  ,0,0,0,0,0,0,0,0,0,44000,0,0,0,44000,0,44000,44000
047080,仁寶康和93購01  ,0,0,0,0,0,0,0,0,0,44000,0,0,0,64000,20000,44000,44000
048744,儒鴻元富97購01  ,0,0,0,0,0,0,0,0,0,44000,0,0,0,45000,1000,44000,44000
04908P,南電國票95售03  ,0,0,0,0,0,0,0,0,0,44000,0,0,0,44000,0,44000,44000
049745,國巨永豐94購04  ,0,0,0,0,0,0,0,0,0,44000,0,0,0,220000,176000,44000,44000
052043,瑞昱日盛95購01  ,0,0,0,0,0,0,0,0,0,44000,0,0,0,121000,77000,44000,44000
053135,信邦國票96購01  ,0,0,0,0,0,0,0,0,0,44000,0,0,0,44000,0,44000,44000
052919,鈺齊富邦98購01  ,0,0,0,0,0,0,0,0,0,44000,0,0,0,46000,2000,44000,44000
06214P,國巨國票98售04  ,0,0,0,0,0,0,0,0,0,44000,0,0,0,48000,4000,44000,44000
05731P,創意統一96售03  ,0,0,0,0,0,0,0,0,0,44000,0,0,0,50000,6000,44000,44000
05798P,臺股指群益96售12,0,0,0,0,0,0,0,0,0,44000,0,0,0,44000,0,44000,44000
05584P,臺股指凱基96售13,0,0,0,0,0,0,0,0,0,44000,0,0,0,77000,33000,44000,44000
2207,和泰車          ,255000,223000,32000,0,0,0,4000,0,4000,8000,7000,3000,4000,4000,0,4000,44000
055389,國巨統一98購02  ,0,0,0,0,0,0,0,0,0,43000,0,0,0,48000,5000,43000,43000
055293,晶相光元大97購01,0,0,0,0,0,0,0,0,0,43000,0,0,0,63000,20000,43000,43000
054770,健策國票98購01  ,0,0,0,0,0,0,0,0,0,43000,0,0,0,43000,0,43000,43000
053656,可成凱基96購06  ,0,0,0,0,0,0,0,0,0,43000,0,0,0,68000,25000,43000,43000
053711,鴻海凱基96購14  ,0,0,0,0,0,0,0,0,0,43000,0,0,0,43000,0,43000,43000
053554,欣興凱基97購02  ,0,0,0,0,0,0,0,0,0,43000,0,0,0,68000,25000,43000,43000
04577P,康友元富94售02  ,0,0,0,0,0,0,0,0,0,43000,0,0,0,43000,0,43000,43000
04213P,台光電凱基93售11,0,0,0,0,0,0,0,0,0,43000,0,0,0,44000,1000,43000,43000
046557,亞泥凱基93購02  ,0,0,0,0,0,0,0,0,0,43000,0,0,0,105000,62000,43000,43000
03786P,鴻海群益94售02  ,0,0,0,0,0,0,0,0,0,43000,0,0,0,43000,0,43000,43000
03824P,燿華元大94售01  ,0,0,0,0,0,0,0,0,0,43000,0,0,0,71000,28000,43000,43000
04358P,TPK永豐94售01   ,0,0,0,0,0,0,0,0,0,43000,0,0,0,43000,0,43000,43000
03432P,欣興元大02售10  ,0,0,0,0,0,0,0,0,0,43000,0,0,0,43000,0,43000,43000
050226,華新科中信94購01,0,0,0,0,0,0,0,0,0,43000,0,0,0,93000,50000,43000,43000
05026P,貿聯群益95售01  ,0,0,0,0,0,0,0,0,0,43000,0,0,0,53000,10000,43000,43000
048759,巨大元富96購01  ,0,0,0,0,0,0,0,0,0,43000,0,0,0,43000,0,43000,43000
048291,台積電群益93購09,0,0,0,0,0,0,0,0,0,43000,0,0,0,84000,41000,43000,43000
046736,儒鴻群益93購01  ,0,0,0,0,0,0,0,0,0,43000,0,0,0,43000,0,43000,43000
052635,奇力新凱基98購01,0,0,0,0,0,0,0,0,0,43000,0,0,0,53000,10000,43000,43000
052623,台郡兆豐96購01  ,0,0,0,0,0,0,0,0,0,43000,0,0,0,73000,30000,43000,43000
052772,台虹群益96購01  ,0,0,0,0,0,0,0,0,0,43000,0,0,0,84000,41000,43000,43000
052757,華邦電群益96購01,0,0,0,0,0,0,0,0,0,43000,0,0,0,93000,50000,43000,43000
050431,聯發科凱基94購18,0,0,0,0,0,0,0,0,0,43000,0,0,0,123000,80000,43000,43000
5258,虹堡            ,220000,177000,43000,0,0,0,0,0,0,0,0,0,0,0,0,0,43000
05706P,TPK永豐96售02   ,0,0,0,0,0,0,0,0,0,43000,0,0,0,43000,0,43000,43000
053199,旺宏日盛96購01  ,0,0,0,0,0,0,0,0,0,42000,0,0,0,61000,19000,42000,42000
055199,國喬群益97購01  ,0,0,0,0,0,0,0,0,0,42000,0,0,0,42000,0,42000,42000
05514P,康舒永豐96售01  ,0,0,0,0,0,0,0,0,0,42000,0,0,0,70000,28000,42000,42000
055506,台郡元大99購02  ,0,0,0,0,0,0,0,0,0,42000,0,0,0,230000,188000,42000,42000
03757P,麗豐永豐93售01  ,0,0,0,0,0,0,0,0,0,42000,0,0,0,279000,237000,42000,42000
03947P,新光金國泰94售01,0,0,0,0,0,0,0,0,0,42000,0,0,0,42000,0,42000,42000
04152P,喬山永豐93售02  ,0,0,0,0,0,0,0,0,0,42000,0,0,0,52000,10000,42000,42000
045858,元油2X統一94購02,0,0,0,0,0,0,0,0,0,42000,0,0,0,46000,4000,42000,42000
04687P,全新凱基94售02  ,0,0,0,0,0,0,0,0,0,42000,0,0,0,42000,0,42000,42000
047271,華通永豐93購01  ,0,0,0,0,0,0,0,0,0,42000,0,0,0,42000,0,42000,42000
049735,台光電群益94購03,0,0,0,0,0,0,0,0,0,42000,0,0,0,42000,0,42000,42000
05160P,國巨國票96售03  ,0,0,0,0,0,0,0,0,0,42000,0,0,0,42000,0,42000,42000
051589,健鼎元大95購02  ,0,0,0,0,0,0,0,0,0,42000,0,0,0,102000,60000,42000,42000
051119,光寶科群益95購01,0,0,0,0,0,0,0,0,0,42000,0,0,0,64000,22000,42000,42000
06355P,聯茂永豐97售02  ,0,0,0,0,0,0,0,0,0,42000,0,0,0,87000,45000,42000,42000
06160P,台達電群益97售01,0,0,0,0,0,0,0,0,0,42000,0,0,0,42000,0,42000,42000
06216P,上銀元富97售03  ,0,0,0,0,0,0,0,0,0,42000,0,0,0,80000,38000,42000,42000
05621P,聯電中信96售01  ,0,0,0,0,0,0,0,0,0,42000,0,0,0,65000,23000,42000,42000
4526,東台            ,47000,7000,40000,0,0,0,0,0,0,2000,2000,0,2000,0,0,0,42000
2704,國賓            ,75000,34000,41000,0,0,0,0,0,0,1000,4000,3000,1000,0,0,0,42000
054747,麗豐凱基98購01  ,0,0,0,0,0,0,0,0,0,41000,0,0,0,47000,6000,41000,41000
054532,強茂國泰98購01  ,0,0,0,0,0,0,0,0,0,41000,0,0,0,247000,206000,41000,41000
055070,聯茂永豐97購01  ,0,0,0,0,0,0,0,0,0,41000,0,0,0,93000,52000,41000,41000
054951,大毅元大97購01  ,0,0,0,0,0,0,0,0,0,41000,0,0,0,75000,34000,41000,41000
04516P,台積電群益94售07,0,0,0,0,0,0,0,0,0,41000,0,0,0,41000,0,41000,41000
046308,廣達元大92購02  ,0,0,0,0,0,0,0,0,0,41000,0,0,0,71000,30000,41000,41000
045645,祥碩凱基93購03  ,0,0,0,0,0,0,0,0,0,41000,0,0,0,43000,2000,41000,41000
043884,臻鼎元大92購01  ,0,0,0,0,0,0,0,0,0,41000,0,0,0,141000,100000,41000,41000
050255,GIS富邦95購01   ,0,0,0,0,0,0,0,0,0,41000,0,0,0,54000,13000,41000,41000
050341,光寶科元富94購01,0,0,0,0,0,0,0,0,0,41000,0,0,0,45000,4000,41000,41000
048878,康控國票95購02  ,0,0,0,0,0,0,0,0,0,41000,0,0,0,81000,40000,41000,41000
048881,美律統一94購02  ,0,0,0,0,0,0,0,0,0,41000,0,0,0,96000,55000,41000,41000
047437,旺宏元大94購02  ,0,0,0,0,0,0,0,0,0,41000,0,0,0,110000,69000,41000,41000
051335,華固永豐95購01  ,0,0,0,0,0,0,0,0,0,41000,0,0,0,51000,10000,41000,41000
050633,義隆群益96購02  ,0,0,0,0,0,0,0,0,0,41000,0,0,0,51000,10000,41000,41000
05054P,臻鼎群益95售02  ,0,0,0,0,0,0,0,0,0,41000,0,0,0,171000,130000,41000,41000
052322,力成元大96購01  ,0,0,0,0,0,0,0,0,0,41000,0,0,0,110000,69000,41000,41000
1337,再生-KY         ,53000,15000,38000,0,0,0,0,0,0,3000,3000,0,3000,0,0,0,41000
3321,同泰            ,80000,10000,70000,0,0,0,0,0,0,-29000,1000,30000,-29000,0,0,0,41000
055807,勤誠永豐97購01  ,0,0,0,0,0,0,0,0,0,41000,0,0,0,114000,73000,41000,41000
05801P,正崴兆豐96售01  ,0,0,0,0,0,0,0,0,0,41000,0,0,0,41000,0,41000,41000
05488P,臺股指凱基95售21,0,0,0,0,0,0,0,0,0,40000,0,0,0,40000,0,40000,40000
05508P,華通統一97售01  ,0,0,0,0,0,0,0,0,0,40000,0,0,0,40000,0,40000,40000
055058,大毅永豐97購01  ,0,0,0,0,0,0,0,0,0,40000,0,0,0,136000,96000,40000,40000
054530,台光電國泰97購03,0,0,0,0,0,0,0,0,0,40000,0,0,0,40000,0,40000,40000
054779,台塑群益98購01  ,0,0,0,0,0,0,0,0,0,40000,0,0,0,51000,11000,40000,40000
055647,義隆元富97購01  ,0,0,0,0,0,0,0,0,0,40000,0,0,0,40000,0,40000,40000
055219,啟碁凱基98購01  ,0,0,0,0,0,0,0,0,0,40000,0,0,0,40000,0,40000,40000
053212,友達凱基99購04  ,0,0,0,0,0,0,0,0,0,40000,0,0,0,40000,0,40000,40000
05345P,臺股指統一95售05,0,0,0,0,0,0,0,0,0,40000,0,0,0,40000,0,40000,40000
053324,康舒群益96購01  ,0,0,0,0,0,0,0,0,0,40000,0,0,0,62000,22000,40000,40000
053767,臻鼎富邦97購02  ,0,0,0,0,0,0,0,0,0,40000,0,0,0,50000,10000,40000,40000
053839,華通統一96購01  ,0,0,0,0,0,0,0,0,0,40000,0,0,0,113000,73000,40000,40000
053997,健策群益97購02  ,0,0,0,0,0,0,0,0,0,40000,0,0,0,63000,23000,40000,40000
043599,宏達電元大93購03,0,0,0,0,0,0,0,0,0,40000,0,0,0,806000,766000,40000,40000
03202P,聯電凱基01售03  ,0,0,0,0,0,0,0,0,0,40000,0,0,0,50000,10000,40000,40000
045639,冠德凱基93購01  ,0,0,0,0,0,0,0,0,0,40000,0,0,0,50000,10000,40000,40000
045633,南亞科凱基92購02,0,0,0,0,0,0,0,0,0,40000,0,0,0,120000,80000,40000,40000
045553,華邦電國票92購02,0,0,0,0,0,0,0,0,0,40000,0,0,0,40000,0,40000,40000
04653P,臺股指凱基94售12,0,0,0,0,0,0,0,0,0,40000,0,0,0,60000,20000,40000,40000
04298P,祥碩元大93售02  ,0,0,0,0,0,0,0,0,0,40000,0,0,0,739000,699000,40000,40000
04185P,欣興統一93售05  ,0,0,0,0,0,0,0,0,0,40000,0,0,0,40000,0,40000,40000
041817,鴻海凱基92購01  ,0,0,0,0,0,0,0,0,0,40000,0,0,0,40000,0,40000,40000
03902P,義隆國票94售01  ,0,0,0,0,0,0,0,0,0,40000,0,0,0,40000,0,40000,40000
043912,華新科凱基93購01,0,0,0,0,0,0,0,0,0,40000,0,0,0,50000,10000,40000,40000
04008P,京元電國票93售01,0,0,0,0,0,0,0,0,0,40000,0,0,0,40000,0,40000,40000
046467,台虹凱基92購02  ,0,0,0,0,0,0,0,0,0,40000,0,0,0,40000,0,40000,40000
045150,聯發科凱基93購03,0,0,0,0,0,0,0,0,0,40000,0,0,0,50000,10000,40000,40000
045213,A50正2元大95購01,0,0,0,0,0,0,0,0,0,40000,0,0,0,40000,0,40000,40000
045247,遠東新凱基92購01,0,0,0,0,0,0,0,0,0,40000,0,0,0,40000,0,40000,40000
046248,技嘉群益93購02  ,0,0,0,0,0,0,0,0,0,40000,0,0,0,40000,0,40000,40000
045927,鴻海永豐92購01  ,0,0,0,0,0,0,0,0,0,40000,0,0,0,50000,10000,40000,40000
044777,超眾元大93購01  ,0,0,0,0,0,0,0,0,0,40000,0,0,0,40000,0,40000,40000
048753,智伸科元富94購01,0,0,0,0,0,0,0,0,0,40000,0,0,0,51000,11000,40000,40000
048143,聯發科統一94購03,0,0,0,0,0,0,0,0,0,40000,0,0,0,80000,40000,40000,40000
046690,元油2X凱基93購03,0,0,0,0,0,0,0,0,0,40000,0,0,0,40000,0,40000,40000
046715,美律國泰94購01  ,0,0,0,0,0,0,0,0,0,40000,0,0,0,40000,0,40000,40000
048717,鴻海永豐94購02  ,0,0,0,0,0,0,0,0,0,40000,0,0,0,40000,0,40000,40000
047087,亞泥元富93購01  ,0,0,0,0,0,0,0,0,0,40000,0,0,0,40000,0,40000,40000
047094,聯發科麥證93購02,0,0,0,40000,0,40000,0,0,0,40000,0,0,0,40000,0,40000,40000
047692,T50反1國票94購01,0,0,0,0,0,0,0,0,0,40000,0,0,0,40000,0,40000,40000
049827,正崴凱基94購01  ,0,0,0,0,0,0,0,0,0,40000,0,0,0,40000,0,40000,40000
047931,日月光凱基93購01,0,0,0,0,0,0,0,0,0,40000,0,0,0,50000,10000,40000,40000
04903P,全新永豐94售05  ,0,0,0,0,0,0,0,0,0,40000,0,0,0,40000,0,40000,40000
049605,旺宏第一94購01  ,0,0,0,0,0,0,0,0,0,40000,0,0,0,40000,0,40000,40000
049594,揚明光元大95購01,0,0,0,0,0,0,0,0,0,40000,0,0,0,539000,499000,40000,40000
049599,樺漢元大95購01  ,0,0,0,0,0,0,0,0,0,40000,0,0,0,158000,118000,40000,40000
052822,泰碩永豐97購01  ,0,0,0,0,0,0,0,0,0,40000,0,0,0,40000,0,40000,40000
05304P,國巨國泰97售02  ,0,0,0,0,0,0,0,0,0,40000,0,0,0,140000,100000,40000,40000
050598,友達麥證94購01  ,0,0,0,105000,65000,40000,0,0,0,40000,0,0,0,105000,65000,40000,40000
05095P,景碩元大95售01  ,0,0,0,0,0,0,0,0,0,40000,0,0,0,40000,0,40000,40000
051069,智邦國票96購01  ,0,0,0,0,0,0,0,0,0,40000,0,0,0,60000,20000,40000,40000
05106P,鴻海永豐95售02  ,0,0,0,0,0,0,0,0,0,40000,0,0,0,40000,0,40000,40000
051313,緯創麥證95購02  ,0,0,0,60000,20000,40000,0,0,0,40000,0,0,0,60000,20000,40000,40000
051401,華新科永豐95購01,0,0,0,0,0,0,0,0,0,40000,0,0,0,60000,20000,40000,40000
05114P,臺股指元富95售02,0,0,0,0,0,0,0,0,0,40000,0,0,0,40000,0,40000,40000
051175,國巨凱基95購04  ,0,0,0,0,0,0,0,0,0,40000,0,0,0,55000,15000,40000,40000
05151P,台光電群益95售02,0,0,0,0,0,0,0,0,0,40000,0,0,0,50000,10000,40000,40000
05862P,大立光國泰98售01,0,0,0,0,0,0,0,0,0,40000,0,0,0,74000,34000,40000,40000
06343P,臺股指統一98售01,0,0,0,0,0,0,0,0,0,40000,0,0,0,40000,0,40000,40000
05574P,英業達元富96售01,0,0,0,0,0,0,0,0,0,40000,0,0,0,50000,10000,40000,40000
055735,宏達電元富98購01,0,0,0,0,0,0,0,0,0,40000,0,0,0,40000,0,40000,40000
055965,泰鼎元大97購03  ,0,0,0,0,0,0,0,0,0,40000,0,0,0,177000,137000,40000,40000
056138,群創元大9B購01  ,0,0,0,0,0,0,0,0,0,40000,0,0,0,141000,101000,40000,40000
4551,智伸科          ,295000,94000,201000,0,0,0,0,135000,-135000,-26000,10000,28000,-18000,7000,15000,-8000,40000
2809,京城銀          ,676000,634000,42000,0,0,0,7000,0,7000,-9000,6000,15000,-9000,0,0,0,40000
3031,佰鴻            ,113000,67000,46000,0,0,0,0,0,0,-6000,1000,7000,-6000,0,0,0,40000
053406,國巨兆豐96購02  ,0,0,0,0,0,0,0,0,0,39000,0,0,0,52000,13000,39000,39000
054586,健鼎國泰99購01  ,0,0,0,0,0,0,0,0,0,39000,0,0,0,133000,94000,39000,39000
054926,神達凱基98購01  ,0,0,0,0,0,0,0,0,0,39000,0,0,0,39000,0,39000,39000
054836,勤誠中信97購01  ,0,0,0,0,0,0,0,0,0,39000,0,0,0,59000,20000,39000,39000
048429,旺宏國票94購02  ,0,0,0,0,0,0,0,0,0,39000,0,0,0,408000,369000,39000,39000
044304,臻鼎兆豐93購01  ,0,0,0,0,0,0,0,0,0,39000,0,0,0,49000,10000,39000,39000
048035,聯詠凱基93購06  ,0,0,0,0,0,0,0,0,0,39000,0,0,0,129000,90000,39000,39000
047999,聯發科元大93購22,0,0,0,0,0,0,0,0,0,39000,0,0,0,39000,0,39000,39000
047988,志超群益93購02  ,0,0,0,0,0,0,0,0,0,39000,0,0,0,50000,11000,39000,39000
047026,大毅元大93購02  ,0,0,0,0,0,0,0,0,0,39000,0,0,0,39000,0,39000,39000
04723P,美律凱基94售06  ,0,0,0,0,0,0,0,0,0,39000,0,0,0,42000,3000,39000,39000
051026,健策統一96購01  ,0,0,0,0,0,0,0,0,0,39000,0,0,0,39000,0,39000,39000
052818,智邦永豐96購01  ,0,0,0,0,0,0,0,0,0,39000,0,0,0,129000,90000,39000,39000
2356,英業達          ,2718000,3980000,-1262000,0,0,0,26000,0,26000,1275000,42000,0,42000,1262000,29000,1233000,39000
4438,廣越            ,87000,47000,40000,0,0,0,0,0,0,-1000,2000,0,2000,0,3000,-3000,39000
4155,訊映            ,82000,36000,46000,0,0,0,0,9000,-9000,2000,2000,0,2000,0,0,0,39000
3588,通嘉            ,110000,72000,38000,0,0,0,1000,0,1000,0,0,0,0,0,0,0,39000
05611P,康控群益96售02  ,0,0,0,0,0,0,0,0,0,39000,0,0,0,39000,0,39000,39000
06013P,世芯國泰97售03  ,0,0,0,0,0,0,0,0,0,39000,0,0,0,60000,21000,39000,39000
06008P,燿華統一96售04  ,0,0,0,0,0,0,0,0,0,39000,0,0,0,39000,0,39000,39000
2845,遠東銀          ,1056542,994000,62542,0,0,0,24000,0,24000,-48000,31000,79000,-48000,0,0,0,38542
054952,大毅元大97購02  ,0,0,0,0,0,0,0,0,0,38000,0,0,0,156000,118000,38000,38000
055125,智原兆豐97購01  ,0,0,0,0,0,0,0,0,0,38000,0,0,0,38000,0,38000,38000
054490,臻鼎台新96購02  ,0,0,0,0,0,0,0,0,0,38000,0,0,0,38000,0,38000,38000
055175,建準統一97購01  ,0,0,0,0,0,0,0,0,0,38000,0,0,0,84000,46000,38000,38000
053410,啟碁兆豐96購01  ,0,0,0,0,0,0,0,0,0,38000,0,0,0,88000,50000,38000,38000
053388,群創元大9C購02  ,0,0,0,0,0,0,0,0,0,38000,0,0,0,471000,433000,38000,38000
053189,聯發科統一96購05,0,0,0,0,0,0,0,0,0,38000,0,0,0,48000,10000,38000,38000
053235,智原永豐96購01  ,0,0,0,0,0,0,0,0,0,38000,0,0,0,88000,50000,38000,38000
053230,達方台新97購01  ,0,0,0,0,0,0,0,0,0,38000,0,0,0,38000,0,38000,38000
053836,亞光永豐96購02  ,0,0,0,0,0,0,0,0,0,38000,0,0,0,86000,48000,38000,38000
054430,上銀台新96購02  ,0,0,0,0,0,0,0,0,0,38000,0,0,0,38000,0,38000,38000
04526P,美律凱基94售03  ,0,0,0,0,0,0,0,0,0,38000,0,0,0,38000,0,38000,38000
042126,欣興統一92購01  ,0,0,0,0,0,0,0,0,0,38000,0,0,0,40000,2000,38000,38000
045429,復盛凱基92購01  ,0,0,0,0,0,0,0,0,0,38000,0,0,0,38000,0,38000,38000
047227,華新科凱基94購01,0,0,0,0,0,0,0,0,0,38000,0,0,0,45000,7000,38000,38000
04752P,大立光群益94售07,0,0,0,0,0,0,0,0,0,38000,0,0,0,48000,10000,38000,38000
049348,瑞昱台新94購01  ,0,0,0,0,0,0,0,0,0,38000,0,0,0,38000,0,38000,38000
049465,美律台新94購01  ,0,0,0,0,0,0,0,0,0,38000,0,0,0,38000,0,38000,38000
048161,旺宏麥證94購01  ,0,0,0,61000,23000,38000,0,0,0,38000,0,0,0,61000,23000,38000,38000
047735,華邦電台新94購01,0,0,0,0,0,0,0,0,0,38000,0,0,0,38000,0,38000,38000
04807P,聯茂元富94售01  ,0,0,0,0,0,0,0,0,0,38000,0,0,0,46000,8000,38000,38000
049644,台積電凱基94購21,0,0,0,0,0,0,0,0,0,38000,0,0,0,88000,50000,38000,38000
049668,大立光國泰96購02,0,0,0,0,0,0,0,0,0,38000,0,0,0,121000,83000,38000,38000
052993,欣興台新97購01  ,0,0,0,0,0,0,0,0,0,38000,0,0,0,38000,0,38000,38000
052989,麗豐元大98購01  ,0,0,0,0,0,0,0,0,0,38000,0,0,0,201000,163000,38000,38000
052254,康友永豐95購03  ,0,0,0,0,0,0,0,0,0,38000,0,0,0,38000,0,38000,38000
052432,康友永豐95購04  ,0,0,0,0,0,0,0,0,0,38000,0,0,0,38000,0,38000,38000
052496,華通台新96購02  ,0,0,0,0,0,0,0,0,0,38000,0,0,0,38000,0,38000,38000
051037,大立光台新95購01,0,0,0,0,0,0,0,0,0,38000,0,0,0,38000,0,38000,38000
05080P,亞光永豐95售02  ,0,0,0,0,0,0,0,0,0,38000,0,0,0,38000,0,38000,38000
050876,復盛永豐95購01  ,0,0,0,0,0,0,0,0,0,38000,0,0,0,152000,114000,38000,38000
050432,聯發科凱基94購19,0,0,0,0,0,0,0,0,0,38000,0,0,0,68000,30000,38000,38000
050374,上緯控元大95購01,0,0,0,0,0,0,0,0,0,38000,0,0,0,388000,350000,38000,38000
050470,智邦台新94購01  ,0,0,0,0,0,0,0,0,0,38000,0,0,0,38000,0,38000,38000
051420,康控國票95購05  ,0,0,0,0,0,0,0,0,0,38000,0,0,0,38000,0,38000,38000
9911,櫻花            ,218000,182000,36000,0,0,0,0,0,0,2000,2000,0,2000,0,0,0,38000
8163,達方            ,714000,684000,30000,0,0,0,2000,0,2000,6000,88000,82000,6000,0,0,0,38000
06023P,超眾國票96售03  ,0,0,0,0,0,0,0,0,0,38000,0,0,0,43000,5000,38000,38000
05939P,聯發科凱基96售20,0,0,0,0,0,0,0,0,0,38000,0,0,0,52000,14000,38000,38000
053897,台郡群益96購01  ,0,0,0,0,0,0,0,0,0,37000,0,0,0,40000,3000,37000,37000
055168,光罩統一98購01  ,0,0,0,0,0,0,0,0,0,37000,0,0,0,48000,11000,37000,37000
055684,京鼎凱基97購01  ,0,0,0,0,0,0,0,0,0,37000,0,0,0,41000,4000,37000,37000
05456P,鴻海凱基95售19  ,0,0,0,0,0,0,0,0,0,37000,0,0,0,73000,36000,37000,37000
054630,聯鈞凱基98購01  ,0,0,0,0,0,0,0,0,0,37000,0,0,0,70000,33000,37000,37000
03939P,康控元大95售02  ,0,0,0,0,0,0,0,0,0,37000,0,0,0,130000,93000,37000,37000
03304P,欣興元富02售02  ,0,0,0,0,0,0,0,0,0,37000,0,0,0,37000,0,37000,37000
04615P,華新科群益94售03,0,0,0,0,0,0,0,0,0,37000,0,0,0,43000,6000,37000,37000
044639,京元電元富94購01,0,0,0,0,0,0,0,0,0,37000,0,0,0,130000,93000,37000,37000
047778,美利達元大93購01,0,0,0,0,0,0,0,0,0,37000,0,0,0,137000,100000,37000,37000
050164,揚明光國泰95購01,0,0,0,0,0,0,0,0,0,37000,0,0,0,37000,0,37000,37000
049325,智邦元富94購02  ,0,0,0,0,0,0,0,0,0,37000,0,0,0,62000,25000,37000,37000
050558,台積電統一94購14,0,0,0,0,0,0,0,0,0,37000,0,0,0,77000,40000,37000,37000
052477,美律群益98購01  ,0,0,0,0,0,0,0,0,0,37000,0,0,0,113000,76000,37000,37000
052295,揚明光國票96購03,0,0,0,0,0,0,0,0,0,37000,0,0,0,37000,0,37000,37000
05218P,大立光永昌96售04,0,0,0,0,0,0,0,0,0,37000,0,0,0,306000,269000,37000,37000
051970,元黃金凱基98購01,0,0,0,0,0,0,0,0,0,37000,0,0,0,57000,20000,37000,37000
051987,廣達元大95購01  ,0,0,0,0,0,0,0,0,0,37000,0,0,0,87000,50000,37000,37000
051902,T50反1元大97購01,0,0,0,0,0,0,0,0,0,37000,0,0,0,499000,462000,37000,37000
06211P,鴻海元大98售04  ,0,0,0,0,0,0,0,0,0,37000,0,0,0,195000,158000,37000,37000
06187P,國巨統一97售05  ,0,0,0,0,0,0,0,0,0,37000,0,0,0,37000,0,37000,37000
055760,新日興群益98購02,0,0,0,0,0,0,0,0,0,37000,0,0,0,57000,20000,37000,37000
054485,華邦電台新96購01,0,0,0,0,0,0,0,0,0,36000,0,0,0,40000,4000,36000,36000
05505P,聯發科凱基96售09,0,0,0,0,0,0,0,0,0,36000,0,0,0,36000,0,36000,36000
05492P,聯茂元大95售02  ,0,0,0,0,0,0,0,0,0,36000,0,0,0,36000,0,36000,36000
054880,華泰統一97購01  ,0,0,0,0,0,0,0,0,0,36000,0,0,0,36000,0,36000,36000
053851,鴻海國泰98購03  ,0,0,0,0,0,0,0,0,0,36000,0,0,0,36000,0,36000,36000
05417P,燿華永豐95售07  ,0,0,0,0,0,0,0,0,0,36000,0,0,0,48000,12000,36000,36000
053222,聯茂凱基96購03  ,0,0,0,0,0,0,0,0,0,36000,0,0,0,36000,0,36000,36000
04847P,聯發科凱基94售17,0,0,0,0,0,0,0,0,0,36000,0,0,0,36000,0,36000,36000
048590,貿聯兆豐94購02  ,0,0,0,0,0,0,0,0,0,36000,0,0,0,100000,64000,36000,36000
044212,鴻海凱基93購04  ,0,0,0,0,0,0,0,0,0,36000,0,0,0,36000,0,36000,36000
044846,旺宏統一93購01  ,0,0,0,0,0,0,0,0,0,36000,0,0,0,43000,7000,36000,36000
04312P,聯茂統一93售02  ,0,0,0,0,0,0,0,0,0,36000,0,0,0,36000,0,36000,36000
043944,欣興兆豐93購02  ,0,0,0,0,0,0,0,0,0,36000,0,0,0,104000,68000,36000,36000
047485,景碩凱基94購01  ,0,0,0,0,0,0,0,0,0,36000,0,0,0,46000,10000,36000,36000
048127,麗豐元大94購01  ,0,0,0,0,0,0,0,0,0,36000,0,0,0,1069000,1033000,36000,36000
04951P,緯創中信94售01  ,0,0,0,0,0,0,0,0,0,36000,0,0,0,36000,0,36000,36000
052514,嘉澤凱基96購01  ,0,0,0,0,0,0,0,0,0,36000,0,0,0,41000,5000,36000,36000
052841,群創富邦96購02  ,0,0,0,0,0,0,0,0,0,36000,0,0,0,355000,319000,36000,36000
051802,同欣電永豐95購02,0,0,0,0,0,0,0,0,0,36000,0,0,0,82000,46000,36000,36000
055802,新日興永豐97購01,0,0,0,0,0,0,0,0,0,36000,0,0,0,382000,346000,36000,36000
05667P,旺宏台新96售01  ,0,0,0,0,0,0,0,0,0,36000,0,0,0,36000,0,36000,36000
05984P,台積電統一98售01,0,0,0,0,0,0,0,0,0,36000,0,0,0,116000,80000,36000,36000
05997P,嘉聯益群益96售02,0,0,0,0,0,0,0,0,0,36000,0,0,0,36000,0,36000,36000
6224,聚鼎            ,76000,62000,14000,0,0,0,0,0,0,22000,22000,0,22000,0,0,0,36000
05329P,臺股指凱基95售13,0,0,0,0,0,0,0,0,0,35000,0,0,0,40000,5000,35000,35000
054154,智易國泰97購01  ,0,0,0,0,0,0,0,0,0,35000,0,0,0,35000,0,35000,35000
04083P,欣興統一94售01  ,0,0,0,0,0,0,0,0,0,35000,0,0,0,40000,5000,35000,35000
043753,聯發科元大92購02,0,0,0,0,0,0,0,0,0,35000,0,0,0,35000,0,35000,35000
044884,嘉澤群益93購01  ,0,0,0,0,0,0,0,0,0,35000,0,0,0,40000,5000,35000,35000
046081,康舒凱基92購01  ,0,0,0,0,0,0,0,0,0,35000,0,0,0,75000,40000,35000,35000
044641,上証2X國票93購02,0,0,0,0,0,0,0,0,0,35000,0,0,0,35000,0,35000,35000
04509P,臺股指元大94售04,0,0,0,0,0,0,0,0,0,35000,0,0,0,499000,464000,35000,35000
04446P,元油2X凱基94售03,0,0,0,0,0,0,0,0,0,35000,0,0,0,145000,110000,35000,35000
04948P,瑞儀元大94售03  ,0,0,0,0,0,0,0,0,0,35000,0,0,0,72000,37000,35000,35000
047517,元油反元大96購01,0,0,0,0,0,0,0,0,0,35000,0,0,0,65000,30000,35000,35000
047188,聯詠元大93購04  ,0,0,0,0,0,0,0,0,0,35000,0,0,0,35000,0,35000,35000
050676,道瓊銀統一96購02,0,0,0,0,0,0,0,0,0,35000,0,0,0,35000,0,35000,35000
050527,嘉聯益元大96購01,0,0,0,0,0,0,0,0,0,35000,0,0,0,240000,205000,35000,35000
050997,麗豐元大95購03  ,0,0,0,0,0,0,0,0,0,35000,0,0,0,253000,218000,35000,35000
052861,台光電凱基96購03,0,0,0,0,0,0,0,0,0,35000,0,0,0,41000,6000,35000,35000
052798,滬深2X元大96購07,0,0,0,0,0,0,0,0,0,35000,0,0,0,55000,20000,35000,35000
052621,台郡富邦97購01  ,0,0,0,0,0,0,0,0,0,35000,0,0,0,180000,145000,35000,35000
052617,景碩國泰98購01  ,0,0,0,0,0,0,0,0,0,35000,0,0,0,50000,15000,35000,35000
052710,玉晶光日盛96購01,0,0,0,0,0,0,0,0,0,35000,0,0,0,40000,5000,35000,35000
052929,可成元大96購02  ,0,0,0,0,0,0,0,0,0,35000,0,0,0,65000,30000,35000,35000
051831,緯穎元大96購04  ,0,0,0,0,0,0,0,0,0,35000,0,0,0,110000,75000,35000,35000
052028,健策群益95購02  ,0,0,0,0,0,0,0,0,0,35000,0,0,0,86000,51000,35000,35000
9933,中鼎            ,177000,149000,28000,0,0,0,0,0,0,7000,7000,0,7000,0,0,0,35000
1737,臺鹽            ,36000,8000,28000,0,0,0,0,0,0,7000,7000,0,7000,0,0,0,35000
05946P,和碩中信96售01  ,0,0,0,0,0,0,0,0,0,35000,0,0,0,50000,15000,35000,35000
05908P,大立光元富96售05,0,0,0,0,0,0,0,0,0,35000,0,0,0,80000,45000,35000,35000
05777P,台積電統一96售04,0,0,0,0,0,0,0,0,0,35000,0,0,0,35000,0,35000,35000
05774P,臺股指凱基99售04,0,0,0,0,0,0,0,0,0,35000,0,0,0,65000,30000,35000,35000
06193P,台積電元富97售04,0,0,0,0,0,0,0,0,0,35000,0,0,0,400000,365000,35000,35000
06104P,大立光凱基97售04,0,0,0,0,0,0,0,0,0,35000,0,0,0,39000,4000,35000,35000
044462,漢唐兆豐93購01  ,0,0,0,0,0,0,0,0,0,34000,0,0,0,104000,70000,34000,34000
046107,勤誠永豐92購01  ,0,0,0,0,0,0,0,0,0,34000,0,0,0,34000,0,34000,34000
046273,和碩凱基92購02  ,0,0,0,0,0,0,0,0,0,34000,0,0,0,34000,0,34000,34000
047131,鴻海凱基94購03  ,0,0,0,0,0,0,0,0,0,34000,0,0,0,34000,0,34000,34000
046703,瑞昱元富95購01  ,0,0,0,0,0,0,0,0,0,34000,0,0,0,83000,49000,34000,34000
048084,華通凱基93購05  ,0,0,0,0,0,0,0,0,0,34000,0,0,0,149000,115000,34000,34000
046975,元金2X永豐93購01,0,0,0,0,0,0,0,0,0,34000,0,0,0,34000,0,34000,34000
046942,友達元大99購01  ,0,0,0,0,0,0,0,0,0,34000,0,0,0,135000,101000,34000,34000
049787,麗豐兆豐94購01  ,0,0,0,0,0,0,0,0,0,34000,0,0,0,55000,21000,34000,34000
050421,鴻海凱基95購04  ,0,0,0,0,0,0,0,0,0,34000,0,0,0,34000,0,34000,34000
05141P,華通台新96售01  ,0,0,0,0,0,0,0,0,0,34000,0,0,0,34000,0,34000,34000
051377,鴻海群益95購07  ,0,0,0,0,0,0,0,0,0,34000,0,0,0,55000,21000,34000,34000
051199,鴻海麥證95購03  ,0,0,0,34000,0,34000,0,0,0,34000,0,0,0,34000,0,34000,34000
1906,寶隆            ,35000,3000,32000,0,0,0,0,0,0,2000,2000,0,2000,0,0,0,34000
3024,憶聲            ,118000,86000,32000,0,0,0,0,0,0,2000,2000,0,2000,0,0,0,34000
2882B,國泰金乙特      ,0,0,0,0,0,0,0,0,0,34000,44000,10000,34000,0,0,0,34000
4106,雃博            ,63000,31000,32000,0,0,0,0,0,0,2000,2000,0,2000,0,0,0,34000
3607,谷崧            ,36000,3000,33000,0,0,0,0,0,0,1000,1000,0,1000,0,0,0,34000
054097,淘帝國票97購01  ,0,0,0,0,0,0,0,0,0,33000,0,0,0,33000,0,33000,33000
054020,技嘉台新97購01  ,0,0,0,0,0,0,0,0,0,33000,0,0,0,43000,10000,33000,33000
053186,健策中信9C購01  ,0,0,0,0,0,0,0,0,0,33000,0,0,0,120000,87000,33000,33000
05361P,聯發科富邦97售01,0,0,0,0,0,0,0,0,0,33000,0,0,0,38000,5000,33000,33000
055641,鴻海元富97購04  ,0,0,0,0,0,0,0,0,0,33000,0,0,0,33000,0,33000,33000
055629,華新科永豐97購04,0,0,0,0,0,0,0,0,0,33000,0,0,0,53000,20000,33000,33000
055139,欣興永豐97購01  ,0,0,0,0,0,0,0,0,0,33000,0,0,0,87000,54000,33000,33000
055424,聚陽群益98購01  ,0,0,0,0,0,0,0,0,0,33000,0,0,0,178000,145000,33000,33000
044284,聯電凱基92購01  ,0,0,0,0,0,0,0,0,0,33000,0,0,0,46000,13000,33000,33000
044578,緯創凱基93購02  ,0,0,0,0,0,0,0,0,0,33000,0,0,0,73000,40000,33000,33000
048189,臺指反元大96購06,0,0,0,0,0,0,0,0,0,33000,0,0,0,133000,100000,33000,33000
043750,美律元大93購01  ,0,0,0,0,0,0,0,0,0,33000,0,0,0,100000,67000,33000,33000
03987P,亞光群益93售02  ,0,0,0,0,0,0,0,0,0,33000,0,0,0,33000,0,33000,33000
04038P,聯茂群益93售03  ,0,0,0,0,0,0,0,0,0,33000,0,0,0,33000,0,33000,33000
049141,旺宏元大95購01  ,0,0,0,0,0,0,0,0,0,33000,0,0,0,61000,28000,33000,33000
049478,祥碩永豐94購02  ,0,0,0,0,0,0,0,0,0,33000,0,0,0,57000,24000,33000,33000
051490,世芯凱基96購01  ,0,0,0,0,0,0,0,0,0,33000,0,0,0,43000,10000,33000,33000
050785,全新國泰96購01  ,0,0,0,0,0,0,0,0,0,33000,0,0,0,38000,5000,33000,33000
051869,康控凱基96購01  ,0,0,0,0,0,0,0,0,0,33000,0,0,0,34000,1000,33000,33000
6415,矽力-KY         ,369000,375000,-6000,0,0,0,29000,0,29000,10000,5000,8000,-3000,15000,2000,13000,33000
1442,名軒            ,111000,86000,25000,0,0,0,0,0,0,8000,8000,0,8000,0,0,0,33000
05665P,台積電凱基96售08,0,0,0,0,0,0,0,0,0,33000,0,0,0,103000,70000,33000,33000
05604P,聯發科元大96售10,0,0,0,0,0,0,0,0,0,33000,0,0,0,285000,252000,33000,33000
053615,光罩群益96購01  ,0,0,0,0,0,0,0,0,0,32000,0,0,0,32000,0,32000,32000
053557,聯茂凱基96購04  ,0,0,0,0,0,0,0,0,0,32000,0,0,0,32000,0,32000,32000
053698,中磊元大96購02  ,0,0,0,0,0,0,0,0,0,32000,0,0,0,67000,35000,32000,32000
053427,鎧勝永豐96購02  ,0,0,0,0,0,0,0,0,0,32000,0,0,0,32000,0,32000,32000
03904P,啟碁統一93售01  ,0,0,0,0,0,0,0,0,0,32000,0,0,0,58000,26000,32000,32000
03640C,元油2X元大9B牛02,0,0,0,0,0,0,0,0,0,32000,0,0,0,62000,30000,32000,32000
052153,GIS富邦96購02   ,0,0,0,0,0,0,0,0,0,32000,0,0,0,40000,8000,32000,32000
05270P,台表科元大95售05,0,0,0,0,0,0,0,0,0,32000,0,0,0,671000,639000,32000,32000
050990,T50反1元大95購01,0,0,0,0,0,0,0,0,0,32000,0,0,0,461000,429000,32000,32000
050699,京鼎凱基96購01  ,0,0,0,0,0,0,0,0,0,32000,0,0,0,38000,6000,32000,32000
051624,智邦麥證95購02  ,0,0,0,93000,61000,32000,0,0,0,32000,0,0,0,93000,61000,32000,32000
051709,TPK群益95購02   ,0,0,0,0,0,0,0,0,0,32000,0,0,0,32000,0,32000,32000
05116P,台積電群益95售03,0,0,0,0,0,0,0,0,0,32000,0,0,0,32000,0,32000,32000
05679P,台表科群益96售05,0,0,0,0,0,0,0,0,0,32000,0,0,0,32000,0,32000,32000
056101,光磊永豐98購01  ,0,0,0,0,0,0,0,0,0,32000,0,0,0,95000,63000,32000,32000
06339P,上銀統一97售06  ,0,0,0,0,0,0,0,0,0,32000,0,0,0,108000,76000,32000,32000
05779P,台積電統一96售06,0,0,0,0,0,0,0,0,0,32000,0,0,0,41000,9000,32000,32000
3032,偉訓            ,45000,15000,30000,0,0,0,0,0,0,2000,2000,0,2000,0,0,0,32000
053321,智原群益96購02  ,0,0,0,0,0,0,0,0,0,31000,0,0,0,32000,1000,31000,31000
053996,晶相光群益97購01,0,0,0,0,0,0,0,0,0,31000,0,0,0,31000,0,31000,31000
054205,華新國票97購02  ,0,0,0,0,0,0,0,0,0,31000,0,0,0,31000,0,31000,31000
054457,強茂群益96購01  ,0,0,0,0,0,0,0,0,0,31000,0,0,0,31000,0,31000,31000
05480P,滬深2X凱基96售05,0,0,0,0,0,0,0,0,0,31000,0,0,0,31000,0,31000,31000
00662,富邦NASDAQ      ,0,0,0,0,0,0,0,0,0,31000,0,0,0,75000,44000,31000,31000
03421B,臺股指元大99熊01,0,0,0,0,0,0,0,0,0,31000,0,0,0,1497000,1466000,31000,31000
04857P,美律元富94售01  ,0,0,0,0,0,0,0,0,0,31000,0,0,0,61000,30000,31000,31000
044425,友達國泰92購01  ,0,0,0,0,0,0,0,0,0,31000,0,0,0,39000,8000,31000,31000
04435P,台積電中信95售07,0,0,0,0,0,0,0,0,0,31000,0,0,0,31000,0,31000,31000
046489,大立光永昌92購01,0,0,0,0,0,0,0,0,0,31000,0,0,0,37000,6000,31000,31000
049357,微星富邦94購01  ,0,0,0,0,0,0,0,0,0,31000,0,0,0,43000,12000,31000,31000
047264,貿聯國票93購02  ,0,0,0,0,0,0,0,0,0,31000,0,0,0,31000,0,31000,31000
049038,高鐵兆豐94購01  ,0,0,0,0,0,0,0,0,0,31000,0,0,0,80000,49000,31000,31000
049559,香港反統一94購02,0,0,0,0,0,0,0,0,0,31000,0,0,0,31000,0,31000,31000
04977P,力成凱基96售01  ,0,0,0,0,0,0,0,0,0,31000,0,0,0,31000,0,31000,31000
050318,景碩國票94購02  ,0,0,0,0,0,0,0,0,0,31000,0,0,0,185000,154000,31000,31000
051020,健策凱基96購02  ,0,0,0,0,0,0,0,0,0,31000,0,0,0,98000,67000,31000,31000
052225,台積電凱基96購03,0,0,0,0,0,0,0,0,0,31000,0,0,0,1159000,1128000,31000,31000
3004,豐達科          ,45000,27000,18000,0,0,0,12000,0,12000,1000,1000,0,1000,0,0,0,31000
9935,慶豐富          ,339000,311000,28000,0,0,0,0,0,0,3000,3000,2000,1000,12000,10000,2000,31000
05841P,華通元大96售04  ,0,0,0,0,0,0,0,0,0,31000,0,0,0,43000,12000,31000,31000
06230P,亞德客永豐97售03,0,0,0,0,0,0,0,0,0,31000,0,0,0,44000,13000,31000,31000
054832,興勤中信97購01  ,0,0,0,0,0,0,0,0,0,30000,0,0,0,30000,0,30000,30000
054924,景碩凱基98購01  ,0,0,0,0,0,0,0,0,0,30000,0,0,0,62000,32000,30000,30000
054887,大毅統一98購01  ,0,0,0,0,0,0,0,0,0,30000,0,0,0,67000,37000,30000,30000
055062,文曄永豐97購01  ,0,0,0,0,0,0,0,0,0,30000,0,0,0,30000,0,30000,30000
054559,台光電群益99購01,0,0,0,0,0,0,0,0,0,30000,0,0,0,30000,0,30000,30000
054781,台化群益99購01  ,0,0,0,0,0,0,0,0,0,30000,0,0,0,30000,0,30000,30000
05479P,華新科台新96售01,0,0,0,0,0,0,0,0,0,30000,0,0,0,40000,10000,30000,30000
054787,華新科群益97購04,0,0,0,0,0,0,0,0,0,30000,0,0,0,30000,0,30000,30000
054740,強茂凱基99購01  ,0,0,0,0,0,0,0,0,0,30000,0,0,0,30000,0,30000,30000
054707,聯茂亞東97購01  ,0,0,0,0,0,0,0,0,0,30000,0,0,0,30000,0,30000,30000
055357,欣興凱基97購04  ,0,0,0,0,0,0,0,0,0,30000,0,0,0,40000,10000,30000,30000
055189,台虹統一97購01  ,0,0,0,0,0,0,0,0,0,30000,0,0,0,30000,0,30000,30000
055642,廣宇元富97購01  ,0,0,0,0,0,0,0,0,0,30000,0,0,0,30000,0,30000,30000
055605,緯穎元大97購02  ,0,0,0,0,0,0,0,0,0,30000,0,0,0,90000,60000,30000,30000
055504,貿聯元大98購04  ,0,0,0,0,0,0,0,0,0,30000,0,0,0,100000,70000,30000,30000
055544,鴻海凱基97購05  ,0,0,0,0,0,0,0,0,0,30000,0,0,0,30000,0,30000,30000
055496,高鐵元大97購02  ,0,0,0,0,0,0,0,0,0,30000,0,0,0,30000,0,30000,30000
054405,樺漢康和96購01  ,0,0,0,0,0,0,0,0,0,30000,0,0,0,30000,0,30000,30000
05413P,台郡國票96售02  ,0,0,0,0,0,0,0,0,0,30000,0,0,0,35000,5000,30000,30000
054266,緯穎元大96購07  ,0,0,0,0,0,0,0,0,0,30000,0,0,0,89000,59000,30000,30000
054022,南亞康和96購01  ,0,0,0,0,0,0,0,0,0,30000,0,0,0,68000,38000,30000,30000
054038,T50反1元大98購04,0,0,0,0,0,0,0,0,0,30000,0,0,0,50000,20000,30000,30000
054048,國泰金元大96購04,0,0,0,0,0,0,0,0,0,30000,0,0,0,30000,0,30000,30000
053835,南亞科永豐96購02,0,0,0,0,0,0,0,0,0,30000,0,0,0,30000,0,30000,30000
053826,光磊麥證97購01  ,0,0,0,30000,0,30000,0,0,0,30000,0,0,0,30000,0,30000,30000
05392P,鴻海統一95售13  ,0,0,0,0,0,0,0,0,0,30000,0,0,0,30000,0,30000,30000
053464,喬山元大96購01  ,0,0,0,0,0,0,0,0,0,30000,0,0,0,30000,0,30000,30000
053714,南亞科凱基96購03,0,0,0,0,0,0,0,0,0,30000,0,0,0,30000,0,30000,30000
053623,臺股指群益96購09,0,0,0,0,0,0,0,0,0,30000,0,0,0,30000,0,30000,30000
046453,台積電凱基92購21,0,0,0,0,0,0,0,0,0,30000,0,0,0,30000,0,30000,30000
046280,國巨永豐92購03  ,0,0,0,0,0,0,0,0,0,30000,0,0,0,30000,0,30000,30000
04626P,聯發科元大94售07,0,0,0,0,0,0,0,0,0,30000,0,0,0,30000,0,30000,30000
04417P,光罩國泰95售02  ,0,0,0,0,0,0,0,0,0,30000,0,0,0,52000,22000,30000,30000
044925,漢唐國泰93購01  ,0,0,0,0,0,0,0,0,0,30000,0,0,0,30000,0,30000,30000
046243,麗豐中信92購01  ,0,0,0,0,0,0,0,0,0,30000,0,0,0,30000,0,30000,30000
046196,欣興凱基92購04  ,0,0,0,0,0,0,0,0,0,30000,0,0,0,30000,0,30000,30000
045203,同欣電凱基92購01,0,0,0,0,0,0,0,0,0,30000,0,0,0,30000,0,30000,30000
045149,聯發科凱基93購02,0,0,0,0,0,0,0,0,0,30000,0,0,0,60000,30000,30000,30000
046660,宏達電元大93購07,0,0,0,0,0,0,0,0,0,30000,0,0,0,130000,100000,30000,30000
045715,華邦電凱基92購04,0,0,0,0,0,0,0,0,0,30000,0,0,0,30000,0,30000,30000
04511P,臺股指元大94售06,0,0,0,0,0,0,0,0,0,30000,0,0,0,30000,0,30000,30000
046062,遠東新凱基92購02,0,0,0,0,0,0,0,0,0,30000,0,0,0,60000,30000,30000,30000
048548,緯穎永豐93購02  ,0,0,0,0,0,0,0,0,0,30000,0,0,0,50000,20000,30000,30000
04849P,GIS中信94售01   ,0,0,0,0,0,0,0,0,0,30000,0,0,0,30000,0,30000,30000
03760P,華通統一93售01  ,0,0,0,0,0,0,0,0,0,30000,0,0,0,30000,0,30000,30000
03648P,健策元富92售01  ,0,0,0,0,0,0,0,0,0,30000,0,0,0,30000,0,30000,30000
03912P,臺股指元大93售36,0,0,0,0,0,0,0,0,0,30000,0,0,0,1590000,1560000,30000,30000
03892P,元油2X中信95售01,0,0,0,0,0,0,0,0,0,30000,0,0,0,30000,0,30000,30000
04019P,聯茂永豐93售01  ,0,0,0,0,0,0,0,0,0,30000,0,0,0,30000,0,30000,30000
041976,可成中信92購01  ,0,0,0,0,0,0,0,0,0,30000,0,0,0,30000,0,30000,30000
04131P,裕隆群益93售01  ,0,0,0,0,0,0,0,0,0,30000,0,0,0,40000,10000,30000,30000
04115P,欣興群益93售06  ,0,0,0,0,0,0,0,0,0,30000,0,0,0,30000,0,30000,30000
042538,新光金國泰92購01,0,0,0,0,0,0,0,0,0,30000,0,0,0,30000,0,30000,30000
045638,強茂凱基93購02  ,0,0,0,0,0,0,0,0,0,30000,0,0,0,30000,0,30000,30000
050056,國巨凱基94購04  ,0,0,0,0,0,0,0,0,0,30000,0,0,0,65000,35000,30000,30000
049946,智邦兆豐95購01  ,0,0,0,0,0,0,0,0,0,30000,0,0,0,230000,200000,30000,30000
049880,健策永豐94購02  ,0,0,0,0,0,0,0,0,0,30000,0,0,0,83000,53000,30000,30000
049987,智易凱基94購03  ,0,0,0,0,0,0,0,0,0,30000,0,0,0,30000,0,30000,30000
049542,鴻海群益94購05  ,0,0,0,0,0,0,0,0,0,30000,0,0,0,30000,0,30000,30000
049566,鴻海統一94購04  ,0,0,0,0,0,0,0,0,0,30000,0,0,0,550000,520000,30000,30000
049649,信邦凱基94購01  ,0,0,0,0,0,0,0,0,0,30000,0,0,0,30000,0,30000,30000
04803P,台積電凱基94售30,0,0,0,0,0,0,0,0,0,30000,0,0,0,30000,0,30000,30000
048009,中壽富邦94購01  ,0,0,0,0,0,0,0,0,0,30000,0,0,0,30000,0,30000,30000
047773,超眾元大96購01  ,0,0,0,0,0,0,0,0,0,30000,0,0,0,30000,0,30000,30000
049060,易華電永豐94購02,0,0,0,0,0,0,0,0,0,30000,0,0,0,30000,0,30000,30000
049068,元油2X凱基95購03,0,0,0,0,0,0,0,0,0,30000,0,0,0,40000,10000,30000,30000
049104,元油2X富邦97購02,0,0,0,0,0,0,0,0,0,30000,0,0,0,40000,10000,30000,30000
049369,義隆元大95購01  ,0,0,0,0,0,0,0,0,0,30000,0,0,0,130000,100000,30000,30000
046959,技嘉中信93購01  ,0,0,0,0,0,0,0,0,0,30000,0,0,0,30000,0,30000,30000
046987,智邦凱基93購04  ,0,0,0,0,0,0,0,0,0,30000,0,0,0,30000,0,30000,30000
046988,南亞科凱基93購02,0,0,0,0,0,0,0,0,0,30000,0,0,0,30000,0,30000,30000
046929,大立光統一93購03,0,0,0,0,0,0,0,0,0,30000,0,0,0,30000,0,30000,30000
04728P,美律亞東94售02  ,0,0,0,0,0,0,0,0,0,30000,0,0,0,36000,6000,30000,30000
047205,GIS元富93購03   ,0,0,0,0,0,0,0,0,0,30000,0,0,0,30000,0,30000,30000
04732P,聯茂群益94售01  ,0,0,0,0,0,0,0,0,0,30000,0,0,0,30000,0,30000,30000
047011,鴻海元富93購01  ,0,0,0,0,0,0,0,0,0,30000,0,0,0,40000,10000,30000,30000
047702,鴻海凱基94購13  ,0,0,0,0,0,0,0,0,0,30000,0,0,0,30000,0,30000,30000
047194,世紀鋼元大96購01,0,0,0,0,0,0,0,0,0,30000,0,0,0,80000,50000,30000,30000
047628,新光金國票95購02,0,0,0,0,0,0,0,0,0,30000,0,0,0,30000,0,30000,30000
047079,GIS兆豐94購01   ,0,0,0,0,0,0,0,0,0,30000,0,0,0,30000,0,30000,30000
04760P,旺宏凱基94售02  ,0,0,0,0,0,0,0,0,0,30000,0,0,0,90000,60000,30000,30000
048986,訊連元大94購01  ,0,0,0,0,0,0,0,0,0,30000,0,0,0,137000,107000,30000,30000
04871P,力成元富94售02  ,0,0,0,0,0,0,0,0,0,30000,0,0,0,30000,0,30000,30000
049173,鴻海凱基94購15  ,0,0,0,0,0,0,0,0,0,30000,0,0,0,40000,10000,30000,30000
04919P,聯詠凱基94售05  ,0,0,0,0,0,0,0,0,0,30000,0,0,0,70000,40000,30000,30000
049015,鴻海群益94購03  ,0,0,0,0,0,0,0,0,0,30000,0,0,0,30000,0,30000,30000
049021,慧洋群益94購01  ,0,0,0,0,0,0,0,0,0,30000,0,0,0,30000,0,30000,30000
048185,台郡群益93購04  ,0,0,0,0,0,0,0,0,0,30000,0,0,0,72000,42000,30000,30000
05223P,臻鼎凱基95售02  ,0,0,0,0,0,0,0,0,0,30000,0,0,0,50000,20000,30000,30000
052542,友達元富98購01  ,0,0,0,0,0,0,0,0,0,30000,0,0,0,44000,14000,30000,30000
051923,聯發科日盛95購02,0,0,0,0,0,0,0,0,0,30000,0,0,0,30000,0,30000,30000
051009,緯創麥證95購01  ,0,0,0,60000,30000,30000,0,0,0,30000,0,0,0,60000,30000,30000,30000
050996,隆達元大95購01  ,0,0,0,0,0,0,0,0,0,30000,0,0,0,130000,100000,30000,30000
05108P,欣興中信95售02  ,0,0,0,0,0,0,0,0,0,30000,0,0,0,33000,3000,30000,30000
050808,台達電凱基96購02,0,0,0,0,0,0,0,0,0,30000,0,0,0,108000,78000,30000,30000
050930,矽格凱基95購01  ,0,0,0,0,0,0,0,0,0,30000,0,0,0,30000,0,30000,30000
050464,華通國泰95購01  ,0,0,0,0,0,0,0,0,0,30000,0,0,0,30000,0,30000,30000
050538,鴻海凱基95購06  ,0,0,0,0,0,0,0,0,0,30000,0,0,0,30000,0,30000,30000
050423,鴻海凱基96購02  ,0,0,0,0,0,0,0,0,0,30000,0,0,0,30000,0,30000,30000
051302,可成凱基95購06  ,0,0,0,0,0,0,0,0,0,30000,0,0,0,30000,0,30000,30000
05176P,台積電凱基95售11,0,0,0,0,0,0,0,0,0,30000,0,0,0,50000,20000,30000,30000
051772,玉山金中信95購01,0,0,0,0,0,0,0,0,0,30000,0,0,0,60000,30000,30000,30000
051773,元大金中信95購02,0,0,0,0,0,0,0,0,0,30000,0,0,0,30000,0,30000,30000
06389P,聯發科兆豐97售01,0,0,0,0,0,0,0,0,0,30000,0,0,0,30000,0,30000,30000
06094P,台達電中信97售01,0,0,0,0,0,0,0,0,0,30000,0,0,0,30000,0,30000,30000
06119P,大立光凱基98售04,0,0,0,0,0,0,0,0,0,30000,0,0,0,30000,0,30000,30000
05735P,臺股指統一96售05,0,0,0,0,0,0,0,0,0,30000,0,0,0,30000,0,30000,30000
056129,義隆麥證97購01  ,0,0,0,30000,0,30000,0,0,0,30000,0,0,0,30000,0,30000,30000
056003,智伸科永豐97購02,0,0,0,0,0,0,0,0,0,30000,0,0,0,30000,0,30000,30000
9942,茂順            ,151000,125000,26000,0,0,0,0,0,0,4000,4000,0,4000,0,0,0,30000
6164,華興            ,30000,0,30000,0,0,0,0,0,0,0,0,0,0,0,0,0,30000
054245,鴻海元大96購23  ,0,0,0,0,0,0,0,0,0,29000,0,0,0,29000,0,29000,29000
055598,欣興元大97購03  ,0,0,0,0,0,0,0,0,0,29000,0,0,0,82000,53000,29000,29000
055307,瑞昱群益97購02  ,0,0,0,0,0,0,0,0,0,29000,0,0,0,69000,40000,29000,29000
03955P,華通統一93售04  ,0,0,0,0,0,0,0,0,0,29000,0,0,0,31000,2000,29000,29000
04820P,聯茂永豐94售02  ,0,0,0,0,0,0,0,0,0,29000,0,0,0,40000,11000,29000,29000
045168,欣興中信93購02  ,0,0,0,0,0,0,0,0,0,29000,0,0,0,29000,0,29000,29000
045207,智易國泰93購02  ,0,0,0,0,0,0,0,0,0,29000,0,0,0,30000,1000,29000,29000
044061,聯發科元大92購03,0,0,0,0,0,0,0,0,0,29000,0,0,0,796000,767000,29000,29000
047406,香港反統一94購01,0,0,0,0,0,0,0,0,0,29000,0,0,0,29000,0,29000,29000
049449,宏碁統一94購01  ,0,0,0,0,0,0,0,0,0,29000,0,0,0,77000,48000,29000,29000
046890,瑞昱群益93購02  ,0,0,0,0,0,0,0,0,0,29000,0,0,0,39000,10000,29000,29000
047047,旺宏國票95購01  ,0,0,0,0,0,0,0,0,0,29000,0,0,0,117000,88000,29000,29000
047187,亞光元大94購01  ,0,0,0,0,0,0,0,0,0,29000,0,0,0,35000,6000,29000,29000
047745,廣宇元富93購01  ,0,0,0,0,0,0,0,0,0,29000,0,0,0,29000,0,29000,29000
05082P,健策永豐95售02  ,0,0,0,0,0,0,0,0,0,29000,0,0,0,29000,0,29000,29000
050801,元金2X群益98購01,0,0,0,0,0,0,0,0,0,29000,0,0,0,30000,1000,29000,29000
051078,力山富邦97購01  ,0,0,0,0,0,0,0,0,0,29000,0,0,0,74000,45000,29000,29000
050970,康舒永豐95購01  ,0,0,0,0,0,0,0,0,0,29000,0,0,0,29000,0,29000,29000
052076,可成元富98購01  ,0,0,0,0,0,0,0,0,0,29000,0,0,0,45000,16000,29000,29000
052501,茂林永豐95購04  ,0,0,0,0,0,0,0,0,0,29000,0,0,0,251000,222000,29000,29000
06213P,大立光元大98售07,0,0,0,0,0,0,0,0,0,29000,0,0,0,44000,15000,29000,29000
06261P,上銀凱基97售03  ,0,0,0,0,0,0,0,0,0,29000,0,0,0,60000,31000,29000,29000
055704,亞德客永豐97購04,0,0,0,0,0,0,0,0,0,28000,0,0,0,50000,22000,28000,28000
054742,京鼎凱基99購01  ,0,0,0,0,0,0,0,0,0,28000,0,0,0,29000,1000,28000,28000
054928,帆宣凱基98購01  ,0,0,0,0,0,0,0,0,0,28000,0,0,0,28000,0,28000,28000
046182,燿華凱基93購04  ,0,0,0,0,0,0,0,0,0,28000,0,0,0,54000,26000,28000,28000
043907,鴻海凱基93購01  ,0,0,0,0,0,0,0,0,0,28000,0,0,0,28000,0,28000,28000
04267P,康控元富93售04  ,0,0,0,0,0,0,0,0,0,28000,0,0,0,28000,0,28000,28000
042904,金寶元大94購02  ,0,0,0,0,0,0,0,0,0,28000,0,0,0,58000,30000,28000,28000
03793P,超眾永豐93售01  ,0,0,0,0,0,0,0,0,0,28000,0,0,0,28000,0,28000,28000
048029,聯發科凱基93購26,0,0,0,0,0,0,0,0,0,28000,0,0,0,68000,40000,28000,28000
049423,臺股指凱基95購02,0,0,0,0,0,0,0,0,0,28000,0,0,0,252000,224000,28000,28000
049969,泰鼎國票95購01  ,0,0,0,0,0,0,0,0,0,28000,0,0,0,28000,0,28000,28000
046739,全新群益93購01  ,0,0,0,0,0,0,0,0,0,28000,0,0,0,28000,0,28000,28000
049294,南亞科群益94購01,0,0,0,0,0,0,0,0,0,28000,0,0,0,122000,94000,28000,28000
05248P,矽創群益96售01  ,0,0,0,0,0,0,0,0,0,28000,0,0,0,38000,10000,28000,28000
052388,旺宏群益96購05  ,0,0,0,0,0,0,0,0,0,28000,0,0,0,75000,47000,28000,28000
052581,訊芯元富98購01  ,0,0,0,0,0,0,0,0,0,28000,0,0,0,30000,2000,28000,28000
053026,奇力新富邦98購01,0,0,0,0,0,0,0,0,0,28000,0,0,0,30000,2000,28000,28000
053044,南茂凱基96購02  ,0,0,0,0,0,0,0,0,0,28000,0,0,0,68000,40000,28000,28000
051487,健策凱基96購03  ,0,0,0,0,0,0,0,0,0,28000,0,0,0,133000,105000,28000,28000
06244P,智易元富97售02  ,0,0,0,0,0,0,0,0,0,28000,0,0,0,28000,0,28000,28000
055903,鈺齊中信97購02  ,0,0,0,0,0,0,0,0,0,28000,0,0,0,50000,22000,28000,28000
056169,鴻海元富97購08  ,0,0,0,0,0,0,0,0,0,28000,0,0,0,28000,0,28000,28000
056312,茂林元大98購01  ,0,0,0,0,0,0,0,0,0,28000,0,0,0,430000,402000,28000,28000
5706,鳳凰            ,35000,0,35000,0,0,0,0,0,0,-7000,1000,8000,-7000,0,0,0,28000
5283,禾聯碩          ,44000,14000,30000,0,0,0,0,0,0,-2000,1000,3000,-2000,0,0,0,28000
4540,全球傳動        ,112000,85000,27000,0,0,0,0,0,0,1000,1000,0,1000,0,0,0,28000
3060,銘異            ,59000,32000,27000,0,0,0,0,0,0,1000,1000,0,1000,0,0,0,28000
2471,資通            ,49000,21000,28000,0,0,0,0,0,0,0,0,0,0,0,0,0,28000
1526,日馳            ,107000,78000,29000,0,0,0,0,0,0,-1000,0,1000,-1000,0,0,0,28000
054665,華通元富97購02  ,0,0,0,0,0,0,0,0,0,27000,0,0,0,148000,121000,27000,27000
054603,智易台新98購01  ,0,0,0,0,0,0,0,0,0,27000,0,0,0,66000,39000,27000,27000
055249,大毅統一99購01  ,0,0,0,0,0,0,0,0,0,27000,0,0,0,303000,276000,27000,27000
054170,泰鼎凱基98購01  ,0,0,0,0,0,0,0,0,0,27000,0,0,0,173000,146000,27000,27000
054106,元油反凱基9C購01,0,0,0,0,0,0,0,0,0,27000,0,0,0,30000,3000,27000,27000
053737,華新科麥證96購01,0,0,0,74000,47000,27000,0,0,0,27000,0,0,0,74000,47000,27000,27000
053473,聯發科元大96購15,0,0,0,0,0,0,0,0,0,27000,0,0,0,27000,0,27000,27000
05323P,瑞昱凱基96售02  ,0,0,0,0,0,0,0,0,0,27000,0,0,0,30000,3000,27000,27000
04317P,樺漢國票93售03  ,0,0,0,0,0,0,0,0,0,27000,0,0,0,37000,10000,27000,27000
03637C,臺股指凱基94牛18,0,0,0,0,0,0,0,0,0,27000,0,0,0,55000,28000,27000,27000
046530,聯發科兆豐92購02,0,0,0,0,0,0,0,0,0,27000,0,0,0,27000,0,27000,27000
045128,旺宏統一92購01  ,0,0,0,0,0,0,0,0,0,27000,0,0,0,39000,12000,27000,27000
044516,景碩凱基93購02  ,0,0,0,0,0,0,0,0,0,27000,0,0,0,49000,22000,27000,27000
04901P,臺股指麥證94售02,0,0,0,27000,0,27000,0,0,0,27000,0,0,0,27000,0,27000,27000
04749P,臺股指元大94售25,0,0,0,0,0,0,0,0,0,27000,0,0,0,27000,0,27000,27000
047457,旺宏群益95購01  ,0,0,0,0,0,0,0,0,0,27000,0,0,0,85000,58000,27000,27000
047003,鴻海統一93購05  ,0,0,0,0,0,0,0,0,0,27000,0,0,0,59000,32000,27000,27000
048802,聯發科富邦94購03,0,0,0,0,0,0,0,0,0,27000,0,0,0,27000,0,27000,27000
049913,微星元大94購01  ,0,0,0,0,0,0,0,0,0,27000,0,0,0,28000,1000,27000,27000
05012P,台積電元大95售07,0,0,0,0,0,0,0,0,0,27000,0,0,0,27000,0,27000,27000
050252,聯發科國泰95購01,0,0,0,0,0,0,0,0,0,27000,0,0,0,147000,120000,27000,27000
051118,台塑群益95購01  ,0,0,0,0,0,0,0,0,0,27000,0,0,0,47000,20000,27000,27000
052764,景碩群益98購01  ,0,0,0,0,0,0,0,0,0,27000,0,0,0,27000,0,27000,27000
052327,聯詠中信95購03  ,0,0,0,0,0,0,0,0,0,27000,0,0,0,30000,3000,27000,27000
3002,歐格            ,17000,7000,10000,0,0,0,0,0,0,17000,17000,0,17000,0,0,0,27000
4560,強信-KY         ,160000,134000,26000,0,0,0,0,0,0,1000,1000,0,1000,0,0,0,27000
8011,台通            ,39000,17000,22000,0,0,0,0,0,0,5000,5000,0,5000,0,0,0,27000
055803,鎧勝永豐97購01  ,0,0,0,0,0,0,0,0,0,27000,0,0,0,27000,0,27000,27000
053216,京鼎凱基96購02  ,0,0,0,0,0,0,0,0,0,26000,0,0,0,38000,12000,26000,26000
05427P,聯發科凱基96售07,0,0,0,0,0,0,0,0,0,26000,0,0,0,47000,21000,26000,26000
055333,晶豪科兆豐97購01,0,0,0,0,0,0,0,0,0,26000,0,0,0,26000,0,26000,26000
054855,得力群益98購01  ,0,0,0,0,0,0,0,0,0,26000,0,0,0,56000,30000,26000,26000
04844P,京元電亞東94售01,0,0,0,0,0,0,0,0,0,26000,0,0,0,77000,51000,26000,26000
04412P,欣興元富94售01  ,0,0,0,0,0,0,0,0,0,26000,0,0,0,56000,30000,26000,26000
03888P,大立光元富93售03,0,0,0,0,0,0,0,0,0,26000,0,0,0,62000,36000,26000,26000
050303,S&P反1中信96購01,0,0,0,0,0,0,0,0,0,26000,0,0,0,26000,0,26000,26000
050157,臻鼎群益94購02  ,0,0,0,0,0,0,0,0,0,26000,0,0,0,120000,94000,26000,26000
049888,智邦國泰96購01  ,0,0,0,0,0,0,0,0,0,26000,0,0,0,106000,80000,26000,26000
04988P,楠梓電元大94售01,0,0,0,0,0,0,0,0,0,26000,0,0,0,26000,0,26000,26000
052421,元油反國票9B購01,0,0,0,0,0,0,0,0,0,26000,0,0,0,30000,4000,26000,26000
05068P,鴻海統一95售06  ,0,0,0,0,0,0,0,0,0,26000,0,0,0,109000,83000,26000,26000
056168,鴻海元富97購07  ,0,0,0,0,0,0,0,0,0,26000,0,0,0,26000,0,26000,26000
06225P,華新科元富97售04,0,0,0,0,0,0,0,0,0,26000,0,0,0,26000,0,26000,26000
8429,金麗-KY         ,52000,28000,24000,0,0,0,0,0,0,2000,2000,0,2000,0,0,0,26000
5234,達興材料        ,85000,58000,27000,0,0,0,0,0,0,-1000,1000,2000,-1000,0,0,0,26000
6142,友勁            ,5000,2000,3000,0,0,0,0,0,0,23000,23000,0,23000,0,0,0,26000
6189,豐藝            ,64000,39000,25000,0,0,0,0,0,0,1000,1000,0,1000,0,0,0,26000
1909,榮成            ,1255000,1248000,7000,0,0,0,4000,0,4000,15000,37000,20000,17000,0,2000,-2000,26000
07917P,可成永豐9B售01  ,0,0,0,0,0,0,0,0,0,26000,0,0,0,26000,0,26000,26000
054857,信錦群益97購01  ,0,0,0,0,0,0,0,0,0,25000,0,0,0,35000,10000,25000,25000
054771,茂林國票98購02  ,0,0,0,0,0,0,0,0,0,25000,0,0,0,25000,0,25000,25000
055375,京鼎元大97購03  ,0,0,0,0,0,0,0,0,0,25000,0,0,0,125000,100000,25000,25000
055459,建準永豐97購03  ,0,0,0,0,0,0,0,0,0,25000,0,0,0,35000,10000,25000,25000
053504,祥碩兆豐96購01  ,0,0,0,0,0,0,0,0,0,25000,0,0,0,31000,6000,25000,25000
04047P,華邦電元大94售03,0,0,0,0,0,0,0,0,0,25000,0,0,0,125000,100000,25000,25000
045361,鈺齊凱基93購01  ,0,0,0,0,0,0,0,0,0,25000,0,0,0,29000,4000,25000,25000
03539P,牧德元富08售01  ,0,0,0,0,0,0,0,0,0,25000,0,0,0,25000,0,25000,25000
00714,群益道瓊美國地產,0,0,0,0,0,0,0,0,0,25000,0,0,0,26000,1000,25000,25000
03416B,臺股指凱基95熊05,0,0,0,0,0,0,0,0,0,25000,0,0,0,90000,65000,25000,25000
04376P,漢唐元大94售04  ,0,0,0,0,0,0,0,0,0,25000,0,0,0,54000,29000,25000,25000
04419P,奇力新永豐94售01,0,0,0,0,0,0,0,0,0,25000,0,0,0,25000,0,25000,25000
045344,可成凱基92購06  ,0,0,0,0,0,0,0,0,0,25000,0,0,0,55000,30000,25000,25000
045138,技嘉兆豐92購01  ,0,0,0,0,0,0,0,0,0,25000,0,0,0,25000,0,25000,25000
048403,聯發科群益93購10,0,0,0,0,0,0,0,0,0,25000,0,0,0,25000,0,25000,25000
048486,傳奇國泰95購01  ,0,0,0,0,0,0,0,0,0,25000,0,0,0,78000,53000,25000,25000
048193,旺宏元大94購05  ,0,0,0,0,0,0,0,0,0,25000,0,0,0,83000,58000,25000,25000
04438P,微星群益94售01  ,0,0,0,0,0,0,0,0,0,25000,0,0,0,37000,12000,25000,25000
046007,緯穎統一92購02  ,0,0,0,0,0,0,0,0,0,25000,0,0,0,28000,3000,25000,25000
04508P,臺股指元大94售03,0,0,0,0,0,0,0,0,0,25000,0,0,0,25000,0,25000,25000
049948,聯發科麥證94購01,0,0,0,30000,5000,25000,0,0,0,25000,0,0,0,30000,5000,25000,25000
049986,嘉澤凱基94購02  ,0,0,0,0,0,0,0,0,0,25000,0,0,0,25000,0,25000,25000
04998P,京元電永豐95售01,0,0,0,0,0,0,0,0,0,25000,0,0,0,74000,49000,25000,25000
050202,建準群益95購01  ,0,0,0,0,0,0,0,0,0,25000,0,0,0,25000,0,25000,25000
04793P,台光電元大94售07,0,0,0,0,0,0,0,0,0,25000,0,0,0,75000,50000,25000,25000
047969,台達電富邦97購01,0,0,0,0,0,0,0,0,0,25000,0,0,0,295000,270000,25000,25000
046951,GIS元大93購08   ,0,0,0,0,0,0,0,0,0,25000,0,0,0,139000,114000,25000,25000
049639,力山凱基94購03  ,0,0,0,0,0,0,0,0,0,25000,0,0,0,25000,0,25000,25000
049524,可成兆豐95購02  ,0,0,0,0,0,0,0,0,0,25000,0,0,0,25000,0,25000,25000
048803,大立光富邦96購01,0,0,0,0,0,0,0,0,0,25000,0,0,0,30000,5000,25000,25000
04674P,全新統一95售01  ,0,0,0,0,0,0,0,0,0,25000,0,0,0,65000,40000,25000,25000
047638,瑞昱元大93購11  ,0,0,0,0,0,0,0,0,0,25000,0,0,0,25000,0,25000,25000
048279,聯鈞永豐93購01  ,0,0,0,0,0,0,0,0,0,25000,0,0,0,35000,10000,25000,25000
048281,矽力永豐93購02  ,0,0,0,0,0,0,0,0,0,25000,0,0,0,55000,30000,25000,25000
050948,華固群益95購01  ,0,0,0,0,0,0,0,0,0,25000,0,0,0,25000,0,25000,25000
051007,台光電麥證95購01,0,0,0,35000,10000,25000,0,0,0,25000,0,0,0,35000,10000,25000,25000
050758,聯發科元富9B購01,0,0,0,0,0,0,0,0,0,25000,0,0,0,45000,20000,25000,25000
051180,喬山永豐95購03  ,0,0,0,0,0,0,0,0,0,25000,0,0,0,25000,0,25000,25000
051351,台積電元大95購15,0,0,0,0,0,0,0,0,0,25000,0,0,0,67000,42000,25000,25000
052185,奇力新群益95購03,0,0,0,0,0,0,0,0,0,25000,0,0,0,25000,0,25000,25000
05214P,台積電國票97售02,0,0,0,0,0,0,0,0,0,25000,0,0,0,55000,30000,25000,25000
05266P,華新科元大95售11,0,0,0,0,0,0,0,0,0,25000,0,0,0,499000,474000,25000,25000
052934,中磊元大96購01  ,0,0,0,0,0,0,0,0,0,25000,0,0,0,142000,117000,25000,25000
2527,宏璟            ,74000,52000,22000,0,0,0,0,0,0,3000,3000,0,3000,0,0,0,25000
3164,景岳            ,24000,4000,20000,0,0,0,0,0,0,5000,5000,0,5000,0,0,0,25000
910861,神州-DR         ,25000,0,25000,0,0,0,0,0,0,0,0,0,0,0,0,0,25000
06212P,華新科元大97售11,0,0,0,0,0,0,0,0,0,25000,0,0,0,25000,0,25000,25000
05758P,光罩永豐96售02  ,0,0,0,0,0,0,0,0,0,25000,0,0,0,45000,20000,25000,25000
06005P,晶豪科永豐96售04,0,0,0,0,0,0,0,0,0,25000,0,0,0,25000,0,25000,25000
06041P,全新永豐96售03  ,0,0,0,0,0,0,0,0,0,25000,0,0,0,67000,42000,25000,25000
056058,建準元大97購02  ,0,0,0,0,0,0,0,0,0,25000,0,0,0,25000,0,25000,25000
05652P,臻鼎群益96售01  ,0,0,0,0,0,0,0,0,0,25000,0,0,0,46000,21000,25000,25000
055787,聯茂凱基99購01  ,0,0,0,0,0,0,0,0,0,25000,0,0,0,25000,0,25000,25000
05356P,臺股指元富95售10,0,0,0,0,0,0,0,0,0,24000,0,0,0,27000,3000,24000,24000
054225,華新元富96購01  ,0,0,0,0,0,0,0,0,0,24000,0,0,0,24000,0,24000,24000
054420,緯穎元大96購08  ,0,0,0,0,0,0,0,0,0,24000,0,0,0,81000,57000,24000,24000
05446P,緯穎元大95售04  ,0,0,0,0,0,0,0,0,0,24000,0,0,0,30000,6000,24000,24000
055442,矽創國票98購02  ,0,0,0,0,0,0,0,0,0,24000,0,0,0,62000,38000,24000,24000
055172,凱美統一97購02  ,0,0,0,0,0,0,0,0,0,24000,0,0,0,30000,6000,24000,24000
054678,麗豐台新98購02  ,0,0,0,0,0,0,0,0,0,24000,0,0,0,67000,43000,24000,24000
048499,達運元大96購01  ,0,0,0,0,0,0,0,0,0,24000,0,0,0,30000,6000,24000,24000
048414,滬深2X統一98購01,0,0,0,0,0,0,0,0,0,24000,0,0,0,24000,0,24000,24000
044820,臻鼎兆豐93購02  ,0,0,0,0,0,0,0,0,0,24000,0,0,0,24000,0,24000,24000
046244,大成鋼亞東93購01,0,0,0,0,0,0,0,0,0,24000,0,0,0,24000,0,24000,24000
03828P,致茂中信95售01  ,0,0,0,0,0,0,0,0,0,24000,0,0,0,30000,6000,24000,24000
00851,台新全球AI      ,0,0,0,0,0,0,0,0,0,24000,0,0,0,38000,14000,24000,24000
00666R,富邦恒生國企反1 ,43000,0,43000,0,0,0,0,0,0,-19000,0,0,0,1000,20000,-19000,24000
04103P,臺股指國票93售10,0,0,0,0,0,0,0,0,0,24000,0,0,0,29000,5000,24000,24000
040508,上証2X國泰93購01,0,0,0,0,0,0,0,0,0,24000,0,0,0,24000,0,24000,24000
049017,旺宏群益96購03  ,0,0,0,0,0,0,0,0,0,24000,0,0,0,117000,93000,24000,24000
04920P,智易凱基94售05  ,0,0,0,0,0,0,0,0,0,24000,0,0,0,24000,0,24000,24000
04956P,臺股指日盛94售02,0,0,0,0,0,0,0,0,0,24000,0,0,0,37000,13000,24000,24000
049622,聯詠群益94購02  ,0,0,0,0,0,0,0,0,0,24000,0,0,0,24000,0,24000,24000
051940,康舒群益95購01  ,0,0,0,0,0,0,0,0,0,24000,0,0,0,66000,42000,24000,24000
051426,道瓊反統一95購02,0,0,0,0,0,0,0,0,0,24000,0,0,0,24000,0,24000,24000
051532,潤泰全國票96購01,0,0,0,0,0,0,0,0,0,24000,0,0,0,24000,0,24000,24000
051597,T50反1中信99購02,0,0,0,0,0,0,0,0,0,24000,0,0,0,24000,0,24000,24000
05633P,台表科群益96售04,0,0,0,0,0,0,0,0,0,24000,0,0,0,26000,2000,24000,24000
06016P,京元電凱基96售03,0,0,0,0,0,0,0,0,0,24000,0,0,0,29000,5000,24000,24000
05983P,聯詠國票96售02  ,0,0,0,0,0,0,0,0,0,24000,0,0,0,24000,0,24000,24000
06219P,國巨元富97售05  ,0,0,0,0,0,0,0,0,0,24000,0,0,0,24000,0,24000,24000
3545,敦泰            ,681000,664000,17000,0,0,0,0,0,0,7000,7000,0,7000,0,0,0,24000
4306,炎洲            ,84000,77000,7000,0,0,0,0,0,0,17000,22000,5000,17000,0,0,0,24000
055312,台虹群益99購01  ,0,0,0,0,0,0,0,0,0,23000,0,0,0,66000,43000,23000,23000
054440,TPK台新98購01   ,0,0,0,0,0,0,0,0,0,23000,0,0,0,23000,0,23000,23000
053885,全新兆豐96購01  ,0,0,0,0,0,0,0,0,0,23000,0,0,0,38000,15000,23000,23000
053561,玉晶光國泰98購01,0,0,0,0,0,0,0,0,0,23000,0,0,0,91000,68000,23000,23000
053340,建準國票97購01  ,0,0,0,0,0,0,0,0,0,23000,0,0,0,23000,0,23000,23000
03087P,聯發科元大01售24,0,0,0,0,0,0,0,0,0,23000,0,0,0,23000,0,23000,23000
03397P,台積電中信06售08,0,0,0,0,0,0,0,0,0,23000,0,0,0,23000,0,23000,23000
048561,可成元大93購13  ,0,0,0,0,0,0,0,0,0,23000,0,0,0,64000,41000,23000,23000
04463P,可成元富94售03  ,0,0,0,0,0,0,0,0,0,23000,0,0,0,33000,10000,23000,23000
04962P,易華電凱基96售01,0,0,0,0,0,0,0,0,0,23000,0,0,0,23000,0,23000,23000
049546,正崴群益94購01  ,0,0,0,0,0,0,0,0,0,23000,0,0,0,121000,98000,23000,23000
046945,大毅元大93購01  ,0,0,0,0,0,0,0,0,0,23000,0,0,0,33000,10000,23000,23000
05006P,華通元富95售01  ,0,0,0,0,0,0,0,0,0,23000,0,0,0,82000,59000,23000,23000
048988,聯茂元大94購02  ,0,0,0,0,0,0,0,0,0,23000,0,0,0,23000,0,23000,23000
04788P,台積電永昌96售05,0,0,0,0,0,0,0,0,0,23000,0,0,0,23000,0,23000,23000
051563,泰鼎國泰96購01  ,0,0,0,0,0,0,0,0,0,23000,0,0,0,243000,220000,23000,23000
051145,台積電凱基95購05,0,0,0,0,0,0,0,0,0,23000,0,0,0,25000,2000,23000,23000
05124P,華新科富邦97售02,0,0,0,0,0,0,0,0,0,23000,0,0,0,23000,0,23000,23000
05081P,京鼎永豐95售01  ,0,0,0,0,0,0,0,0,0,23000,0,0,0,48000,25000,23000,23000
050850,訊連國票96購01  ,0,0,0,0,0,0,0,0,0,23000,0,0,0,23000,0,23000,23000
050945,致茂群益95購01  ,0,0,0,0,0,0,0,0,0,23000,0,0,0,23000,0,23000,23000
051089,旺宏元大96購04  ,0,0,0,0,0,0,0,0,0,23000,0,0,0,177000,154000,23000,23000
052197,台郡元富95購03  ,0,0,0,0,0,0,0,0,0,23000,0,0,0,23000,0,23000,23000
052286,力成凱基95購02  ,0,0,0,0,0,0,0,0,0,23000,0,0,0,25000,2000,23000,23000
053106,鴻海兆豐98購01  ,0,0,0,0,0,0,0,0,0,23000,0,0,0,220000,197000,23000,23000
3013,晟銘電          ,55000,37000,18000,0,0,0,0,0,0,5000,5000,0,5000,0,0,0,23000
1503,士電            ,18000,3000,15000,0,0,0,0,0,0,8000,8000,0,8000,0,0,0,23000
05800P,台積電兆豐96售04,0,0,0,0,0,0,0,0,0,23000,0,0,0,23000,0,23000,23000
053432,世紀鋼永豐96購02,0,0,0,0,0,0,0,0,0,22000,0,0,0,110000,88000,22000,22000
053967,華邦電元大96購03,0,0,0,0,0,0,0,0,0,22000,0,0,0,22000,0,22000,22000
054101,茂林國票97購04  ,0,0,0,0,0,0,0,0,0,22000,0,0,0,22000,0,22000,22000
05405P,大立光群益95售04,0,0,0,0,0,0,0,0,0,22000,0,0,0,111000,89000,22000,22000
054450,聯茂第一96購01  ,0,0,0,0,0,0,0,0,0,22000,0,0,0,22000,0,22000,22000
054344,景碩國票97購04  ,0,0,0,0,0,0,0,0,0,22000,0,0,0,60000,38000,22000,22000
05538P,玉晶光國票97售02,0,0,0,0,0,0,0,0,0,22000,0,0,0,22000,0,22000,22000
04860P,鴻海群益94售07  ,0,0,0,0,0,0,0,0,0,22000,0,0,0,24000,2000,22000,22000
04861P,中磊群益94售02  ,0,0,0,0,0,0,0,0,0,22000,0,0,0,24000,2000,22000,22000
048418,瑞昱統一93購04  ,0,0,0,0,0,0,0,0,0,22000,0,0,0,117000,95000,22000,22000
045803,旺宏國票93購01  ,0,0,0,0,0,0,0,0,0,22000,0,0,0,64000,42000,22000,22000
03777P,華通中信95售01  ,0,0,0,0,0,0,0,0,0,22000,0,0,0,22000,0,22000,22000
00688L,國泰20年美債正2 ,0,0,0,0,0,0,0,0,0,22000,0,0,0,144000,122000,22000,22000
04037P,中磊群益93售02  ,0,0,0,0,0,0,0,0,0,22000,0,0,0,22000,0,22000,22000
045412,宏達電群益93購01,0,0,0,0,0,0,0,0,0,22000,0,0,0,22000,0,22000,22000
04310P,京元電統一93售03,0,0,0,0,0,0,0,0,0,22000,0,0,0,42000,20000,22000,22000
047885,元金2X富邦99購01,0,0,0,0,0,0,0,0,0,22000,0,0,0,72000,50000,22000,22000
04922P,日月光凱基94售02,0,0,0,0,0,0,0,0,0,22000,0,0,0,22000,0,22000,22000
049898,緯穎統一95購01  ,0,0,0,0,0,0,0,0,0,22000,0,0,0,22000,0,22000,22000
05231P,GIS群益95售03   ,0,0,0,0,0,0,0,0,0,22000,0,0,0,42000,20000,22000,22000
052183,華邦電群益95購01,0,0,0,0,0,0,0,0,0,22000,0,0,0,22000,0,22000,22000
052027,智原群益95購01  ,0,0,0,0,0,0,0,0,0,22000,0,0,0,22000,0,22000,22000
050590,晶技永豐95購01  ,0,0,0,0,0,0,0,0,0,22000,0,0,0,34000,12000,22000,22000
05873P,華通群益97售02  ,0,0,0,0,0,0,0,0,0,22000,0,0,0,22000,0,22000,22000
05884P,旺宏統一96售01  ,0,0,0,0,0,0,0,0,0,22000,0,0,0,52000,30000,22000,22000
06236P,台積電元大97售25,0,0,0,0,0,0,0,0,0,22000,0,0,0,22000,0,22000,22000
06079P,燿華群益98售02  ,0,0,0,0,0,0,0,0,0,22000,0,0,0,53000,31000,22000,22000
1611,中電            ,26000,8000,18000,0,0,0,0,0,0,4000,4000,0,4000,0,0,0,22000
1773,勝一            ,44000,24000,20000,0,0,0,0,0,0,2000,2000,0,2000,0,0,0,22000
2431,聯昌            ,35000,16000,19000,0,0,0,0,0,0,3000,3000,0,3000,0,0,0,22000
055430,宏達電群益97購01,0,0,0,0,0,0,0,0,0,21000,0,0,0,47000,26000,21000,21000
055404,超眾元富97購01  ,0,0,0,0,0,0,0,0,0,21000,0,0,0,31000,10000,21000,21000
055535,緯創群益98購01  ,0,0,0,0,0,0,0,0,0,21000,0,0,0,25000,4000,21000,21000
055688,力成凱基98購02  ,0,0,0,0,0,0,0,0,0,21000,0,0,0,62000,41000,21000,21000
05478P,智伸科國票96售02,0,0,0,0,0,0,0,0,0,21000,0,0,0,26000,5000,21000,21000
054750,聯茂凱基98購02  ,0,0,0,0,0,0,0,0,0,21000,0,0,0,43000,22000,21000,21000
05390P,康友群益95售04  ,0,0,0,0,0,0,0,0,0,21000,0,0,0,21000,0,21000,21000
053366,樺漢國泰98購01  ,0,0,0,0,0,0,0,0,0,21000,0,0,0,101000,80000,21000,21000
05379P,可成凱基95售11  ,0,0,0,0,0,0,0,0,0,21000,0,0,0,21000,0,21000,21000
045643,臻鼎凱基93購01  ,0,0,0,0,0,0,0,0,0,21000,0,0,0,31000,10000,21000,21000
04155P,全新永豐93售01  ,0,0,0,0,0,0,0,0,0,21000,0,0,0,21000,0,21000,21000
046201,台郡凱基92購01  ,0,0,0,0,0,0,0,0,0,21000,0,0,0,21000,0,21000,21000
048371,華固統一93購02  ,0,0,0,0,0,0,0,0,0,21000,0,0,0,21000,0,21000,21000
048572,美利達元大96購04,0,0,0,0,0,0,0,0,0,21000,0,0,0,21000,0,21000,21000
049968,麗豐國票95購01  ,0,0,0,0,0,0,0,0,0,21000,0,0,0,21000,0,21000,21000
04967P,台表科永豐94售04,0,0,0,0,0,0,0,0,0,21000,0,0,0,21000,0,21000,21000
046934,智邦元富96購01  ,0,0,0,0,0,0,0,0,0,21000,0,0,0,21000,0,21000,21000
049301,致新群益95購01  ,0,0,0,0,0,0,0,0,0,21000,0,0,0,21000,0,21000,21000
049485,台積電元大96購03,0,0,0,0,0,0,0,0,0,21000,0,0,0,134000,113000,21000,21000
050716,可成群益96購01  ,0,0,0,0,0,0,0,0,0,21000,0,0,0,21000,0,21000,21000
050951,緯創群益96購01  ,0,0,0,0,0,0,0,0,0,21000,0,0,0,21000,0,21000,21000
050864,亞光永豐95購01  ,0,0,0,0,0,0,0,0,0,21000,0,0,0,21000,0,21000,21000
051130,百和群益96購01  ,0,0,0,0,0,0,0,0,0,21000,0,0,0,21000,0,21000,21000
051435,聯茂元富95購01  ,0,0,0,0,0,0,0,0,0,21000,0,0,0,65000,44000,21000,21000
051361,泰鼎元大95購01  ,0,0,0,0,0,0,0,0,0,21000,0,0,0,52000,31000,21000,21000
051500,聯茂群益95購01  ,0,0,0,0,0,0,0,0,0,21000,0,0,0,124000,103000,21000,21000
051895,聯茂元富95購02  ,0,0,0,0,0,0,0,0,0,21000,0,0,0,21000,0,21000,21000
05309P,康友中信95售03  ,0,0,0,0,0,0,0,0,0,21000,0,0,0,21000,0,21000,21000
06161P,聯發科群益97售03,0,0,0,0,0,0,0,0,0,21000,0,0,0,35000,14000,21000,21000
06312P,樺漢元富97售02  ,0,0,0,0,0,0,0,0,0,21000,0,0,0,21000,0,21000,21000
05666P,聯發科凱基96售14,0,0,0,0,0,0,0,0,0,21000,0,0,0,43000,22000,21000,21000
05592P,可成群益96售03  ,0,0,0,0,0,0,0,0,0,21000,0,0,0,21000,0,21000,21000
05380P,鴻海群益95售11  ,0,0,0,0,0,0,0,0,0,20000,0,0,0,20000,0,20000,20000
053742,創意國票97購01  ,0,0,0,0,0,0,0,0,0,20000,0,0,0,20000,0,20000,20000
05370P,矽創元富95售01  ,0,0,0,0,0,0,0,0,0,20000,0,0,0,70000,50000,20000,20000
05351P,臺股指元富95售05,0,0,0,0,0,0,0,0,0,20000,0,0,0,20000,0,20000,20000
053485,矽創國票97購04  ,0,0,0,0,0,0,0,0,0,20000,0,0,0,20000,0,20000,20000
053575,聯詠元富96購01  ,0,0,0,0,0,0,0,0,0,20000,0,0,0,20000,0,20000,20000
053373,台泥元大96購01  ,0,0,0,0,0,0,0,0,0,20000,0,0,0,20000,0,20000,20000
053247,麗豐國票97購01  ,0,0,0,0,0,0,0,0,0,20000,0,0,0,20000,0,20000,20000
053267,華新科群益96購02,0,0,0,0,0,0,0,0,0,20000,0,0,0,20000,0,20000,20000
053985,矽創元大96購02  ,0,0,0,0,0,0,0,0,0,20000,0,0,0,120000,100000,20000,20000
053884,緯穎第一96購01  ,0,0,0,0,0,0,0,0,0,20000,0,0,0,379000,359000,20000,20000
054028,臻鼎凱基96購03  ,0,0,0,0,0,0,0,0,0,20000,0,0,0,20000,0,20000,20000
054018,華新台新96購01  ,0,0,0,0,0,0,0,0,0,20000,0,0,0,20000,0,20000,20000
054172,易華電凱基98購01,0,0,0,0,0,0,0,0,0,20000,0,0,0,20000,0,20000,20000
054307,高鐵凱基98購01  ,0,0,0,0,0,0,0,0,0,20000,0,0,0,20000,0,20000,20000
054316,矽創凱基97購01  ,0,0,0,0,0,0,0,0,0,20000,0,0,0,20000,0,20000,20000
054701,宏全永豐97購01  ,0,0,0,0,0,0,0,0,0,20000,0,0,0,30000,10000,20000,20000
054585,禾伸堂國泰99購01,0,0,0,0,0,0,0,0,0,20000,0,0,0,20000,0,20000,20000
054606,台積電永豐97購02,0,0,0,0,0,0,0,0,0,20000,0,0,0,102000,82000,20000,20000
05461P,台積電亞東97售01,0,0,0,0,0,0,0,0,0,20000,0,0,0,20000,0,20000,20000
054957,興富發元大97購01,0,0,0,0,0,0,0,0,0,20000,0,0,0,70000,50000,20000,20000
055112,晶豪科凱基98購01,0,0,0,0,0,0,0,0,0,20000,0,0,0,70000,50000,20000,20000
05568P,台積電統一96售03,0,0,0,0,0,0,0,0,0,20000,0,0,0,20000,0,20000,20000
055298,啟碁元大97購02  ,0,0,0,0,0,0,0,0,0,20000,0,0,0,20000,0,20000,20000
055283,聯發科元大97購16,0,0,0,0,0,0,0,0,0,20000,0,0,0,70000,50000,20000,20000
055203,建準中信97購01  ,0,0,0,0,0,0,0,0,0,20000,0,0,0,30000,10000,20000,20000
05521P,創意永豐96售01  ,0,0,0,0,0,0,0,0,0,20000,0,0,0,55000,35000,20000,20000
055221,矽創凱基97購02  ,0,0,0,0,0,0,0,0,0,20000,0,0,0,20000,0,20000,20000
048485,泰鼎國泰94購02  ,0,0,0,0,0,0,0,0,0,20000,0,0,0,20000,0,20000,20000
044646,旺宏群益93購01  ,0,0,0,0,0,0,0,0,0,20000,0,0,0,40000,20000,20000,20000
04464P,可成元富94售04  ,0,0,0,0,0,0,0,0,0,20000,0,0,0,20000,0,20000,20000
045100,亞光中信93購01  ,0,0,0,0,0,0,0,0,0,20000,0,0,0,20000,0,20000,20000
045086,玉晶光元大94購02,0,0,0,0,0,0,0,0,0,20000,0,0,0,21000,1000,20000,20000
044758,玉山金凱基93購01,0,0,0,0,0,0,0,0,0,20000,0,0,0,20000,0,20000,20000
044526,訊芯凱基93購02  ,0,0,0,0,0,0,0,0,0,20000,0,0,0,60000,40000,20000,20000
044500,超眾元大92購03  ,0,0,0,0,0,0,0,0,0,20000,0,0,0,30000,10000,20000,20000
046221,台化元大92購02  ,0,0,0,0,0,0,0,0,0,20000,0,0,0,20000,0,20000,20000
045814,可成麥證93購01  ,0,0,0,50000,30000,20000,0,0,0,20000,0,0,0,50000,30000,20000,20000
045177,世紀鋼台新92購01,0,0,0,0,0,0,0,0,0,20000,0,0,0,20000,0,20000,20000
045144,訊芯兆豐92購01  ,0,0,0,0,0,0,0,0,0,20000,0,0,0,20000,0,20000,20000
045170,鴻海日盛92購01  ,0,0,0,0,0,0,0,0,0,20000,0,0,0,389000,369000,20000,20000
044205,聯茂亞東92購01  ,0,0,0,0,0,0,0,0,0,20000,0,0,0,20000,0,20000,20000
046186,南亞科凱基92購03,0,0,0,0,0,0,0,0,0,20000,0,0,0,20000,0,20000,20000
04635P,臺股指群益94售10,0,0,0,0,0,0,0,0,0,20000,0,0,0,20000,0,20000,20000
046445,台化麥證92購01  ,0,0,0,20000,0,20000,0,0,0,20000,0,0,0,20000,0,20000,20000
046466,台虹凱基92購01  ,0,0,0,0,0,0,0,0,0,20000,0,0,0,20000,0,20000,20000
04649P,臺股指凱基94售08,0,0,0,0,0,0,0,0,0,20000,0,0,0,20000,0,20000,20000
04189P,台積電兆豐94售02,0,0,0,0,0,0,0,0,0,20000,0,0,0,20000,0,20000,20000
04282P,微星永豐93售02  ,0,0,0,0,0,0,0,0,0,20000,0,0,0,20000,0,20000,20000
04003P,麗豐凱基94售03  ,0,0,0,0,0,0,0,0,0,20000,0,0,0,20000,0,20000,20000
04101P,臺股指國票93售08,0,0,0,0,0,0,0,0,0,20000,0,0,0,40000,20000,20000,20000
03887P,大立光元富93售02,0,0,0,0,0,0,0,0,0,20000,0,0,0,20000,0,20000,20000
03953P,易華電凱基94售01,0,0,0,0,0,0,0,0,0,20000,0,0,0,20000,0,20000,20000
045632,正崴凱基93購01  ,0,0,0,0,0,0,0,0,0,20000,0,0,0,20000,0,20000,20000
045585,欣興元大93購03  ,0,0,0,0,0,0,0,0,0,20000,0,0,0,30000,10000,20000,20000
045531,台郡永豐92購01  ,0,0,0,0,0,0,0,0,0,20000,0,0,0,20000,0,20000,20000
045544,T50反1國票92購02,0,0,0,0,0,0,0,0,0,20000,0,0,0,20000,0,20000,20000
046571,瑞昱國泰93購01  ,0,0,0,0,0,0,0,0,0,20000,0,0,0,20000,0,20000,20000
046562,大立光凱基95購01,0,0,0,0,0,0,0,0,0,20000,0,0,0,20000,0,20000,20000
043019,華晶科元大94購01,0,0,0,0,0,0,0,0,0,20000,0,0,0,140000,120000,20000,20000
04537P,新光金統一94售01,0,0,0,0,0,0,0,0,0,20000,0,0,0,20000,0,20000,20000
045496,鴻海凱基92購07  ,0,0,0,0,0,0,0,0,0,20000,0,0,0,20000,0,20000,20000
01001T,土銀富邦R1      ,0,0,0,0,0,0,0,0,0,20000,20000,0,20000,0,0,0,20000
01003T,兆豐新光R1      ,20000,0,20000,0,0,0,0,0,0,0,0,0,0,0,0,0,20000
01004T,土銀富邦R2      ,20000,0,20000,0,0,0,0,0,0,0,0,0,0,0,0,0,20000
03048P,南電國票03售01  ,0,0,0,0,0,0,0,0,0,20000,0,0,0,20000,0,20000,20000
03719P,矽創永豐93售01  ,0,0,0,0,0,0,0,0,0,20000,0,0,0,20000,0,20000,20000
03600P,聯發科凱基92售06,0,0,0,0,0,0,0,0,0,20000,0,0,0,20000,0,20000,20000
03834P,漢唐群益93售03  ,0,0,0,0,0,0,0,0,0,20000,0,0,0,20000,0,20000,20000
03839P,華通統一93售02  ,0,0,0,0,0,0,0,0,0,20000,0,0,0,40000,20000,20000,20000
043773,智邦兆豐93購01  ,0,0,0,0,0,0,0,0,0,20000,0,0,0,20000,0,20000,20000
043719,國巨統一93購02  ,0,0,0,0,0,0,0,0,0,20000,0,0,0,20000,0,20000,20000
043671,GIS元大93購03   ,0,0,0,0,0,0,0,0,0,20000,0,0,0,20000,0,20000,20000
043457,鴻海元大93購01  ,0,0,0,0,0,0,0,0,0,20000,0,0,0,20000,0,20000,20000
048309,寶齡凱基93購01  ,0,0,0,0,0,0,0,0,0,20000,0,0,0,20000,0,20000,20000
046696,可成凱基93購02  ,0,0,0,0,0,0,0,0,0,20000,0,0,0,20000,0,20000,20000
049456,上海銀統一94購03,0,0,0,0,0,0,0,0,0,20000,0,0,0,64000,44000,20000,20000
047855,美律國票94購01  ,0,0,0,0,0,0,0,0,0,20000,0,0,0,30000,10000,20000,20000
048684,上海銀富邦93購02,0,0,0,0,0,0,0,0,0,20000,0,0,0,20000,0,20000,20000
04928P,大立光凱基95售07,0,0,0,0,0,0,0,0,0,20000,0,0,0,20000,0,20000,20000
049349,國巨康和94購01  ,0,0,0,0,0,0,0,0,0,20000,0,0,0,20000,0,20000,20000
047490,元油反統一93購01,0,0,0,0,0,0,0,0,0,20000,0,0,0,30000,10000,20000,20000
047518,儒鴻元大93購07  ,0,0,0,0,0,0,0,0,0,20000,0,0,0,220000,200000,20000,20000
049313,晶技凱基94購01  ,0,0,0,0,0,0,0,0,0,20000,0,0,0,80000,60000,20000,20000
047616,鴻海凱基94購10  ,0,0,0,0,0,0,0,0,0,20000,0,0,0,50000,30000,20000,20000
048739,華新科統一94購02,0,0,0,0,0,0,0,0,0,20000,0,0,0,40000,20000,20000,20000
046997,國巨國泰95購01  ,0,0,0,0,0,0,0,0,0,20000,0,0,0,20000,0,20000,20000
047234,晶技凱基93購01  ,0,0,0,0,0,0,0,0,0,20000,0,0,0,20000,0,20000,20000
047055,旭富國票93購01  ,0,0,0,0,0,0,0,0,0,20000,0,0,0,20000,0,20000,20000
047039,晶技群益93購02  ,0,0,0,0,0,0,0,0,0,20000,0,0,0,20000,0,20000,20000
046894,日月光群益93購01,0,0,0,0,0,0,0,0,0,20000,0,0,0,20000,0,20000,20000
047650,矽力元大93購01  ,0,0,0,0,0,0,0,0,0,20000,0,0,0,100000,80000,20000,20000
046904,大毅凱基93購01  ,0,0,0,0,0,0,0,0,0,20000,0,0,0,20000,0,20000,20000
047688,亞德客富邦95購01,0,0,0,0,0,0,0,0,0,20000,0,0,0,41000,21000,20000,20000
047663,亞德客永豐93購03,0,0,0,0,0,0,0,0,0,20000,0,0,0,40000,20000,20000,20000
046966,南茂中信93購01  ,0,0,0,0,0,0,0,0,0,20000,0,0,0,20000,0,20000,20000
046976,國巨永豐93購02  ,0,0,0,0,0,0,0,0,0,20000,0,0,0,20000,0,20000,20000
047724,智邦群益93購03  ,0,0,0,0,0,0,0,0,0,20000,0,0,0,21000,1000,20000,20000
047924,可成凱基93購10  ,0,0,0,0,0,0,0,0,0,20000,0,0,0,20000,0,20000,20000
049415,智邦凱基94購02  ,0,0,0,0,0,0,0,0,0,20000,0,0,0,20000,0,20000,20000
049149,華新科元大95購03,0,0,0,0,0,0,0,0,0,20000,0,0,0,83000,63000,20000,20000
049561,道瓊銀統一96購01,0,0,0,0,0,0,0,0,0,20000,0,0,0,20000,0,20000,20000
049571,華固統一94購02  ,0,0,0,0,0,0,0,0,0,20000,0,0,0,20000,0,20000,20000
049580,國巨元大94購07  ,0,0,0,0,0,0,0,0,0,20000,0,0,0,20000,0,20000,20000
048120,台泥元大93購02  ,0,0,0,0,0,0,0,0,0,20000,0,0,0,20000,0,20000,20000
049597,泰鼎元大96購01  ,0,0,0,0,0,0,0,0,0,20000,0,0,0,24000,4000,20000,20000
04802P,國巨凱基94售07  ,0,0,0,0,0,0,0,0,0,20000,0,0,0,20000,0,20000,20000
048032,可成凱基93購13  ,0,0,0,0,0,0,0,0,0,20000,0,0,0,20000,0,20000,20000
047760,元油反元大96購03,0,0,0,0,0,0,0,0,0,20000,0,0,0,100000,80000,20000,20000
048001,中工元大96購01  ,0,0,0,0,0,0,0,0,0,20000,0,0,0,120000,100000,20000,20000
047990,臺指反元大96購02,0,0,0,0,0,0,0,0,0,20000,0,0,0,20000,0,20000,20000
050043,GIS亞東94購01   ,0,0,0,0,0,0,0,0,0,20000,0,0,0,20000,0,20000,20000
050012,台積電國泰95購03,0,0,0,0,0,0,0,0,0,20000,0,0,0,40000,20000,20000,20000
050025,燿華元大94購05  ,0,0,0,0,0,0,0,0,0,20000,0,0,0,20000,0,20000,20000
049947,S&P反1中信97購01,0,0,0,0,0,0,0,0,0,20000,0,0,0,20000,0,20000,20000
050118,臻鼎元大94購01  ,0,0,0,0,0,0,0,0,0,20000,0,0,0,20000,0,20000,20000
053080,力山元大96購02  ,0,0,0,0,0,0,0,0,0,20000,0,0,0,29000,9000,20000,20000
053125,宏達電凱基96購01,0,0,0,0,0,0,0,0,0,20000,0,0,0,20000,0,20000,20000
053121,上証2X凱基9C購01,0,0,0,0,0,0,0,0,0,20000,0,0,0,36000,16000,20000,20000
052956,聯發科日盛96購01,0,0,0,0,0,0,0,0,0,20000,0,0,0,20000,0,20000,20000
05294P,亞光凱基95售02  ,0,0,0,0,0,0,0,0,0,20000,0,0,0,20000,0,20000,20000
05262P,台積電元大95售19,0,0,0,0,0,0,0,0,0,20000,0,0,0,20000,0,20000,20000
05274P,嘉聯益亞東95售01,0,0,0,0,0,0,0,0,0,20000,0,0,0,20000,0,20000,20000
052829,上銀群益96購01  ,0,0,0,0,0,0,0,0,0,20000,0,0,0,56000,36000,20000,20000
051883,智原永豐95購03  ,0,0,0,0,0,0,0,0,0,20000,0,0,0,20000,0,20000,20000
051845,世紀鋼富邦96購01,0,0,0,0,0,0,0,0,0,20000,0,0,0,20000,0,20000,20000
051973,華新科凱基96購04,0,0,0,0,0,0,0,0,0,20000,0,0,0,55000,35000,20000,20000
05211P,國巨國票96售05  ,0,0,0,0,0,0,0,0,0,20000,0,0,0,30000,10000,20000,20000
052297,旭富國票96購01  ,0,0,0,0,0,0,0,0,0,20000,0,0,0,30000,10000,20000,20000
051516,全新凱基96購02  ,0,0,0,0,0,0,0,0,0,20000,0,0,0,20000,0,20000,20000
051626,可成麥證95購02  ,0,0,0,40000,20000,20000,0,0,0,20000,0,0,0,40000,20000,20000,20000
051359,中信金元大95購01,0,0,0,0,0,0,0,0,0,20000,0,0,0,528000,508000,20000,20000
051308,GIS凱基95購04   ,0,0,0,0,0,0,0,0,0,20000,0,0,0,20000,0,20000,20000
05132P,鴻海元富95售07  ,0,0,0,0,0,0,0,0,0,20000,0,0,0,60000,40000,20000,20000
051437,百和元富95購02  ,0,0,0,0,0,0,0,0,0,20000,0,0,0,20000,0,20000,20000
051448,聯詠元大95購02  ,0,0,0,0,0,0,0,0,0,20000,0,0,0,170000,150000,20000,20000
05087P,GIS國泰96售01   ,0,0,0,0,0,0,0,0,0,20000,0,0,0,30000,10000,20000,20000
050895,聯發科元大97購01,0,0,0,0,0,0,0,0,0,20000,0,0,0,71000,51000,20000,20000
050822,亞光凱基95購01  ,0,0,0,0,0,0,0,0,0,20000,0,0,0,30000,10000,20000,20000
050960,台光電永豐95購01,0,0,0,0,0,0,0,0,0,20000,0,0,0,20000,0,20000,20000
051029,緯創元富95購01  ,0,0,0,0,0,0,0,0,0,20000,0,0,0,20000,0,20000,20000
050424,鴻海凱基96購03  ,0,0,0,0,0,0,0,0,0,20000,0,0,0,20000,0,20000,20000
05659P,A50正2中信97售01,0,0,0,0,0,0,0,0,0,20000,0,0,0,45000,25000,20000,20000
05649P,矽創國票97售03  ,0,0,0,0,0,0,0,0,0,20000,0,0,0,20000,0,20000,20000
05619P,創意元富96售02  ,0,0,0,0,0,0,0,0,0,20000,0,0,0,20000,0,20000,20000
06311P,嘉聯益元富97售02,0,0,0,0,0,0,0,0,0,20000,0,0,0,20000,0,20000,20000
06301P,臺股指元大97售04,0,0,0,0,0,0,0,0,0,20000,0,0,0,20000,0,20000,20000
06265P,美律凱基97售01  ,0,0,0,0,0,0,0,0,0,20000,0,0,0,20000,0,20000,20000
06192P,高股息中信98售01,0,0,0,0,0,0,0,0,0,20000,0,0,0,22000,2000,20000,20000
06173P,華通元大97售02  ,0,0,0,0,0,0,0,0,0,20000,0,0,0,25000,5000,20000,20000
06070P,漢唐永豐97售01  ,0,0,0,0,0,0,0,0,0,20000,0,0,0,20000,0,20000,20000
05988P,光磊元富96售02  ,0,0,0,0,0,0,0,0,0,20000,0,0,0,20000,0,20000,20000
05811P,臺股指國票96售04,0,0,0,0,0,0,0,0,0,20000,0,0,0,20000,0,20000,20000
05847P,大立光元大96售08,0,0,0,0,0,0,0,0,0,20000,0,0,0,20000,0,20000,20000
08084P,台表科元大9B售06,0,0,0,0,0,0,0,0,0,20000,0,0,0,20000,0,20000,20000
3266,昇陽            ,5000,0,5000,0,0,0,0,0,0,15000,16000,1000,15000,0,0,0,20000
055662,上銀中信99購01  ,0,0,0,0,0,0,0,0,0,19000,0,0,0,130000,111000,19000,19000
054334,超眾永豐96購04  ,0,0,0,0,0,0,0,0,0,19000,0,0,0,34000,15000,19000,19000
054083,智伸科元富96購01,0,0,0,0,0,0,0,0,0,19000,0,0,0,24000,5000,19000,19000
053957,瑞昱永豐96購01  ,0,0,0,0,0,0,0,0,0,19000,0,0,0,123000,104000,19000,19000
053913,華新國票97購01  ,0,0,0,0,0,0,0,0,0,19000,0,0,0,20000,1000,19000,19000
053204,旺宏麥證96購01  ,0,0,0,40000,21000,19000,0,0,0,19000,0,0,0,40000,21000,19000,19000
03867P,樺漢元大93售02  ,0,0,0,0,0,0,0,0,0,19000,0,0,0,19000,0,19000,19000
00683L,元大美元指數正2 ,0,0,0,0,0,0,0,0,0,19000,0,0,0,137000,118000,19000,19000
044819,新日興兆豐93購02,0,0,0,0,0,0,0,0,0,19000,0,0,0,54000,35000,19000,19000
048227,亞光凱基93購05  ,0,0,0,0,0,0,0,0,0,19000,0,0,0,48000,29000,19000,19000
04856P,光磊元富94售01  ,0,0,0,0,0,0,0,0,0,19000,0,0,0,20000,1000,19000,19000
050283,T50反1凱基9A購01,0,0,0,0,0,0,0,0,0,19000,0,0,0,40000,21000,19000,19000
046716,欣興國泰93購03  ,0,0,0,0,0,0,0,0,0,19000,0,0,0,31000,12000,19000,19000
050433,華新科凱基94購11,0,0,0,0,0,0,0,0,0,19000,0,0,0,21000,2000,19000,19000
050632,國巨群益94購07  ,0,0,0,0,0,0,0,0,0,19000,0,0,0,20000,1000,19000,19000
05061P,鴻海富邦96售03  ,0,0,0,0,0,0,0,0,0,19000,0,0,0,950000,931000,19000,19000
050761,華通元大94購05  ,0,0,0,0,0,0,0,0,0,19000,0,0,0,24000,5000,19000,19000
051149,可成凱基95購04  ,0,0,0,0,0,0,0,0,0,19000,0,0,0,29000,10000,19000,19000
051774,聯茂中信96購01  ,0,0,0,0,0,0,0,0,0,19000,0,0,0,213000,194000,19000,19000
052284,日月光凱基96購01,0,0,0,0,0,0,0,0,0,19000,0,0,0,69000,50000,19000,19000
052652,台虹永豐96購01  ,0,0,0,0,0,0,0,0,0,19000,0,0,0,19000,0,19000,19000
6172,互億            ,9000,0,9000,0,0,0,0,0,0,10000,10000,0,10000,0,0,0,19000
5608,四維航          ,44000,28000,16000,0,0,0,0,0,0,3000,3000,0,3000,0,0,0,19000
1733,五鼎            ,68000,57000,11000,0,0,0,0,0,0,8000,18000,10000,8000,0,0,0,19000
2009,第一銅          ,33000,17000,16000,0,0,0,0,0,0,3000,3000,0,3000,0,0,0,19000
2414,精技            ,42000,24000,18000,0,0,0,0,0,0,1000,1000,0,1000,0,0,0,19000
2493,揚博            ,28000,9000,19000,0,0,0,0,0,0,0,0,0,0,0,0,0,19000
05816P,台積電凱基97售07,0,0,0,0,0,0,0,0,0,19000,0,0,0,29000,10000,19000,19000
06140P,華新科群益97售06,0,0,0,0,0,0,0,0,0,19000,0,0,0,35000,16000,19000,19000
053758,華新科國泰97購02,0,0,0,0,0,0,0,0,0,18000,0,0,0,18000,0,18000,18000
053923,亞光國票97購01  ,0,0,0,0,0,0,0,0,0,18000,0,0,0,20000,2000,18000,18000
05421P,鴻海元大96售12  ,0,0,0,0,0,0,0,0,0,18000,0,0,0,51000,33000,18000,18000
055565,祥碩凱基97購01  ,0,0,0,0,0,0,0,0,0,18000,0,0,0,75000,57000,18000,18000
044511,全新凱基92購01  ,0,0,0,0,0,0,0,0,0,18000,0,0,0,18000,0,18000,18000
044693,滬深2X元大94購01,0,0,0,0,0,0,0,0,0,18000,0,0,0,18000,0,18000,18000
044875,玉晶光統一93購01,0,0,0,0,0,0,0,0,0,18000,0,0,0,62000,44000,18000,18000
046351,智邦群益92購01  ,0,0,0,0,0,0,0,0,0,18000,0,0,0,18000,0,18000,18000
03869P,和大群益93售02  ,0,0,0,0,0,0,0,0,0,18000,0,0,0,33000,15000,18000,18000
046595,奇鋐第一93購01  ,0,0,0,0,0,0,0,0,0,18000,0,0,0,18000,0,18000,18000
04206P,臺股指元大93售46,0,0,0,0,0,0,0,0,0,18000,0,0,0,2990000,2972000,18000,18000
04159P,滬深2X中信95售08,0,0,0,0,0,0,0,0,0,18000,0,0,0,20000,2000,18000,18000
046799,儒鴻元大93購01  ,0,0,0,0,0,0,0,0,0,18000,0,0,0,22000,4000,18000,18000
048896,凌陽國泰95購01  ,0,0,0,0,0,0,0,0,0,18000,0,0,0,98000,80000,18000,18000
04890P,台積電元大95售05,0,0,0,0,0,0,0,0,0,18000,0,0,0,18000,0,18000,18000
048997,智原國票95購01  ,0,0,0,0,0,0,0,0,0,18000,0,0,0,38000,20000,18000,18000
047871,健策永豐93購02  ,0,0,0,0,0,0,0,0,0,18000,0,0,0,23000,5000,18000,18000
048336,光磊元大93購02  ,0,0,0,0,0,0,0,0,0,18000,0,0,0,98000,80000,18000,18000
050072,京鼎凱基94購02  ,0,0,0,0,0,0,0,0,0,18000,0,0,0,20000,2000,18000,18000
05307P,光寶科中信95售01,0,0,0,0,0,0,0,0,0,18000,0,0,0,128000,110000,18000,18000
052334,大成鋼日盛95購01,0,0,0,0,0,0,0,0,0,18000,0,0,0,18000,0,18000,18000
052217,台光電日盛95購01,0,0,0,0,0,0,0,0,0,18000,0,0,0,42000,24000,18000,18000
051250,大立光元大98購01,0,0,0,0,0,0,0,0,0,18000,0,0,0,18000,0,18000,18000
050642,和大凱基94購03  ,0,0,0,0,0,0,0,0,0,18000,0,0,0,48000,30000,18000,18000
06248P,國巨統一97售07  ,0,0,0,0,0,0,0,0,0,18000,0,0,0,28000,10000,18000,18000
06377P,華通統一97售04  ,0,0,0,0,0,0,0,0,0,18000,0,0,0,18000,0,18000,18000
056022,新光金群益97購02,0,0,0,0,0,0,0,0,0,18000,0,0,0,18000,0,18000,18000
6409,旭隼            ,50000,34000,16000,0,0,0,1000,0,1000,1000,1000,0,1000,0,0,0,18000
3617,碩天            ,83000,63000,20000,0,0,0,0,0,0,-2000,8000,10000,-2000,0,0,0,18000
8104,錸寶            ,71000,52000,19000,0,0,0,0,0,0,-1000,0,1000,-1000,0,0,0,18000
9908,大台北          ,8000,2000,6000,0,0,0,0,0,0,12000,12000,0,12000,0,0,0,18000
05454P,奇鋐群益95售04  ,0,0,0,0,0,0,0,0,0,17000,0,0,0,30000,13000,17000,17000
054715,中橡康和97購01  ,0,0,0,0,0,0,0,0,0,17000,0,0,0,17000,0,17000,17000
054786,全新群益99購02  ,0,0,0,0,0,0,0,0,0,17000,0,0,0,18000,1000,17000,17000
054232,台積電群益96購12,0,0,0,0,0,0,0,0,0,17000,0,0,0,30000,13000,17000,17000
054240,訊芯群益96購03  ,0,0,0,0,0,0,0,0,0,17000,0,0,0,53000,36000,17000,17000
054131,南亞科元大96購04,0,0,0,0,0,0,0,0,0,17000,0,0,0,20000,3000,17000,17000
054078,鴻海中信98購01  ,17000,0,17000,0,0,0,0,0,0,0,0,0,0,0,0,0,17000
053540,健策永豐96購01  ,0,0,0,0,0,0,0,0,0,17000,0,0,0,169000,152000,17000,17000
042195,元石油元大93購01,0,0,0,0,0,0,0,0,0,17000,0,0,0,17000,0,17000,17000
043513,台灣50元大96購05,0,0,0,0,0,0,0,0,0,17000,0,0,0,48000,31000,17000,17000
04461P,燿華元富94售01  ,0,0,0,0,0,0,0,0,0,17000,0,0,0,17000,0,17000,17000
045866,南茂統一94購01  ,0,0,0,0,0,0,0,0,0,17000,0,0,0,20000,3000,17000,17000
049525,華新科兆豐94購01,0,0,0,0,0,0,0,0,0,17000,0,0,0,45000,28000,17000,17000
049434,茂林國票95購01  ,0,0,0,0,0,0,0,0,0,17000,0,0,0,17000,0,17000,17000
049259,聯發科元大94購04,0,0,0,0,0,0,0,0,0,17000,0,0,0,100000,83000,17000,17000
05097P,聯發科日盛95售01,0,0,0,0,0,0,0,0,0,17000,0,0,0,57000,40000,17000,17000
051777,聯發科群益95購04,0,0,0,0,0,0,0,0,0,17000,0,0,0,38000,21000,17000,17000
05220P,台積電元大95售16,0,0,0,0,0,0,0,0,0,17000,0,0,0,257000,240000,17000,17000
052055,緯穎凱基95購03  ,0,0,0,0,0,0,0,0,0,17000,0,0,0,17000,0,17000,17000
053084,國巨元大98購01  ,0,0,0,0,0,0,0,0,0,17000,0,0,0,117000,100000,17000,17000
052586,晶豪科永豐96購01,0,0,0,0,0,0,0,0,0,17000,0,0,0,27000,10000,17000,17000
8114,振樺電          ,61000,43000,18000,0,0,0,0,0,0,-1000,1000,2000,-1000,0,0,0,17000
8473,山林水          ,16000,0,16000,0,0,0,0,0,0,1000,1000,0,1000,0,0,0,17000
4571,鈞興-KY         ,0,0,0,0,0,0,0,0,0,17000,17000,0,17000,0,0,0,17000
6282,康舒            ,989000,896000,93000,0,0,0,0,0,0,-76000,9000,9000,0,6000,82000,-76000,17000
055923,矽力凱基98購01  ,0,0,0,0,0,0,0,0,0,17000,0,0,0,17000,0,17000,17000
056079,世紀鋼元大97購02,0,0,0,0,0,0,0,0,0,17000,0,0,0,23000,6000,17000,17000
05650P,台積電富邦96售01,0,0,0,0,0,0,0,0,0,17000,0,0,0,183000,166000,17000,17000
05664P,國巨凱基96售09  ,0,0,0,0,0,0,0,0,0,17000,0,0,0,47000,30000,17000,17000
06090P,旺宏統一97售06  ,0,0,0,0,0,0,0,0,0,17000,0,0,0,94000,77000,17000,17000
05995P,T50正2中信9C售01,0,0,0,0,0,0,0,0,0,17000,0,0,0,76000,59000,17000,17000
05999P,世芯元大96售01  ,0,0,0,0,0,0,0,0,0,17000,0,0,0,458000,441000,17000,17000
05979P,華新科中信96售02,0,0,0,0,0,0,0,0,0,17000,0,0,0,17000,0,17000,17000
06007P,世芯永豐96售01  ,0,0,0,0,0,0,0,0,0,17000,0,0,0,17000,0,17000,17000
05349P,可成元富98售03  ,0,0,0,0,0,0,0,0,0,16000,0,0,0,16000,0,16000,16000
053195,玉晶光元富96購02,0,0,0,0,0,0,0,0,0,16000,0,0,0,67000,51000,16000,16000
053273,國巨元大96購08  ,0,0,0,0,0,0,0,0,0,16000,0,0,0,16000,0,16000,16000
054093,智原群益97購01  ,0,0,0,0,0,0,0,0,0,16000,0,0,0,22000,6000,16000,16000
054263,聯茂元大96購02  ,0,0,0,0,0,0,0,0,0,16000,0,0,0,56000,40000,16000,16000
054193,鴻海麥證96購02  ,0,0,0,40000,24000,16000,0,0,0,16000,0,0,0,40000,24000,16000,16000
054335,緯穎永豐96購02  ,0,0,0,0,0,0,0,0,0,16000,0,0,0,122000,106000,16000,16000
05442P,鴻海元大96售13  ,0,0,0,0,0,0,0,0,0,16000,0,0,0,831000,815000,16000,16000
054845,智邦兆豐98購01  ,0,0,0,0,0,0,0,0,0,16000,0,0,0,68000,52000,16000,16000
055668,欣興群益97購01  ,0,0,0,0,0,0,0,0,0,16000,0,0,0,31000,15000,16000,16000
048355,國巨永豐93購04  ,0,0,0,0,0,0,0,0,0,16000,0,0,0,24000,8000,16000,16000
04644P,全新凱基94售01  ,0,0,0,0,0,0,0,0,0,16000,0,0,0,16000,0,16000,16000
046384,群創凱基98購02  ,0,0,0,0,0,0,0,0,0,16000,0,0,0,31000,15000,16000,16000
045752,全新國泰93購01  ,0,0,0,0,0,0,0,0,0,16000,0,0,0,42000,26000,16000,16000
045287,元油2X元大95購01,0,0,0,0,0,0,0,0,0,16000,0,0,0,21000,5000,16000,16000
04251P,欣興統一93售06  ,0,0,0,0,0,0,0,0,0,16000,0,0,0,16000,0,16000,16000
049287,可成兆豐95購01  ,0,0,0,0,0,0,0,0,0,16000,0,0,0,146000,130000,16000,16000
047491,旺宏統一94購03  ,0,0,0,0,0,0,0,0,0,16000,0,0,0,21000,5000,16000,16000
048797,美律國泰95購02  ,0,0,0,0,0,0,0,0,0,16000,0,0,0,184000,168000,16000,16000
049504,臺股指元大94購15,0,0,0,0,0,0,0,0,0,16000,0,0,0,17000,1000,16000,16000
048122,台達電元大96購02,0,0,0,0,0,0,0,0,0,16000,0,0,0,16000,0,16000,16000
049608,旺宏兆豐94購02  ,0,0,0,0,0,0,0,0,0,16000,0,0,0,26000,10000,16000,16000
049404,訊芯群益94購02  ,0,0,0,0,0,0,0,0,0,16000,0,0,0,26000,10000,16000,16000
049721,晶技凱基94購02  ,0,0,0,0,0,0,0,0,0,16000,0,0,0,20000,4000,16000,16000
049830,智易凱基94購02  ,0,0,0,0,0,0,0,0,0,16000,0,0,0,16000,0,16000,16000
052572,群創凱基99購01  ,0,0,0,0,0,0,0,0,0,16000,0,0,0,16000,0,16000,16000
052933,祥碩元大96購01  ,0,0,0,0,0,0,0,0,0,16000,0,0,0,31000,15000,16000,16000
051959,台郡台新95購03  ,0,0,0,0,0,0,0,0,0,16000,0,0,0,20000,4000,16000,16000
051599,健鼎兆豐95購02  ,0,0,0,0,0,0,0,0,0,16000,0,0,0,16000,0,16000,16000
051608,新日興群益96購01,0,0,0,0,0,0,0,0,0,16000,0,0,0,77000,61000,16000,16000
050742,新日興永豐94購01,0,0,0,0,0,0,0,0,0,16000,0,0,0,340000,324000,16000,16000
05084P,嘉聯益永豐95售02,0,0,0,0,0,0,0,0,0,16000,0,0,0,36000,20000,16000,16000
05941P,聯發科凱基96售22,0,0,0,0,0,0,0,0,0,16000,0,0,0,16000,0,16000,16000
05786P,臺股指永昌96售03,0,0,0,0,0,0,0,0,0,16000,91000,0,91000,269000,344000,-75000,16000
05775P,台積電國泰98售02,0,0,0,0,0,0,0,0,0,16000,0,0,0,29000,13000,16000,16000
05694P,台積電凱基96售09,0,0,0,0,0,0,0,0,0,16000,0,0,0,177000,161000,16000,16000
06180P,禾伸堂群益97售01,0,0,0,0,0,0,0,0,0,16000,0,0,0,16000,0,16000,16000
055980,祥碩統一98購01  ,0,0,0,0,0,0,0,0,0,16000,0,0,0,20000,4000,16000,16000
055812,台積電國票99購02,0,0,0,0,0,0,0,0,0,16000,0,0,0,50000,34000,16000,16000
6283,淳安            ,67000,53000,14000,0,0,0,0,0,0,2000,2000,0,2000,0,0,0,16000
3022,威強電          ,63000,47000,16000,0,0,0,0,0,0,0,0,0,0,0,0,0,16000
08749P,鴻海台新01售02  ,0,0,0,0,0,0,0,0,0,16000,0,0,0,16000,0,16000,16000
055596,新光金元大9B購02,0,0,0,0,0,0,0,0,0,15000,0,0,0,25000,10000,15000,15000
055405,華泰國泰98購01  ,0,0,0,0,0,0,0,0,0,15000,0,0,0,148000,133000,15000,15000
055042,得力永豐97購01  ,0,0,0,0,0,0,0,0,0,15000,0,0,0,15000,0,15000,15000
055090,國巨群益97購03  ,0,0,0,0,0,0,0,0,0,15000,0,0,0,26000,11000,15000,15000
054966,貿聯元大98購02  ,0,0,0,0,0,0,0,0,0,15000,0,0,0,504000,489000,15000,15000
054998,玉晶光元富97購02,0,0,0,0,0,0,0,0,0,15000,0,0,0,15000,0,15000,15000
054123,易華電永豐96購03,0,0,0,0,0,0,0,0,0,15000,0,0,0,67000,52000,15000,15000
053503,臻鼎兆豐97購01  ,0,0,0,0,0,0,0,0,0,15000,0,0,0,45000,30000,15000,15000
053790,嘉聯益元大99購02,0,0,0,0,0,0,0,0,0,15000,0,0,0,15000,0,15000,15000
04253P,聯發科元富93售01,0,0,0,0,0,0,0,0,0,15000,0,0,0,15000,0,15000,15000
04260P,亞德客群益93售01,0,0,0,0,0,0,0,0,0,15000,0,0,0,15000,0,15000,15000
04290P,滬深2X富邦96售03,0,0,0,0,0,0,0,0,0,15000,0,0,0,20000,5000,15000,15000
04161P,全新國泰94售01  ,0,0,0,0,0,0,0,0,0,15000,0,0,0,30000,15000,15000,15000
045592,台郡元大92購04  ,0,0,0,0,0,0,0,0,0,15000,0,0,0,15000,0,15000,15000
03798P,台光電元大93售02,0,0,0,0,0,0,0,0,0,15000,0,0,0,109000,94000,15000,15000
03350P,台積電麥證02售06,0,0,0,0,0,0,0,0,0,15000,0,0,0,15000,0,15000,15000
043171,冠德國泰93購01  ,0,0,0,0,0,0,0,0,0,15000,0,0,0,15000,0,15000,15000
03005P,旭富群益01售05  ,0,0,0,0,0,0,0,0,0,15000,0,0,0,15000,0,15000,15000
03647P,京元電元富95售02,0,0,0,0,0,0,0,0,0,15000,0,0,0,15000,0,15000,15000
03670P,可成凱基92售12  ,0,0,0,0,0,0,0,0,0,15000,0,0,0,15000,0,15000,15000
03129P,台光電統一01售06,0,0,0,0,0,0,0,0,0,15000,0,0,0,15000,0,15000,15000
04532P,臺股指凱基94售04,0,0,0,0,0,0,0,0,0,15000,0,0,0,15000,0,15000,15000
045142,聯茂兆豐93購02  ,0,0,0,0,0,0,0,0,0,15000,0,0,0,15000,0,15000,15000
045712,寶齡凱基92購01  ,0,0,0,0,0,0,0,0,0,15000,0,0,0,15000,0,15000,15000
044930,元黃金富邦93購01,0,0,0,0,0,0,0,0,0,15000,0,0,0,45000,30000,15000,15000
04610P,世紀鋼永豐94售03,0,0,0,0,0,0,0,0,0,15000,0,0,0,15000,0,15000,15000
048475,台郡永豐93購02  ,0,0,0,0,0,0,0,0,0,15000,0,0,0,40000,25000,15000,15000
048511,美律凱基93購07  ,0,0,0,0,0,0,0,0,0,15000,0,0,0,30000,15000,15000,15000
048427,百和元富95購01  ,0,0,0,0,0,0,0,0,0,15000,0,0,0,30000,15000,15000,15000
050009,昇陽半永豐94購02,0,0,0,0,0,0,0,0,0,15000,0,0,0,65000,50000,15000,15000
05025P,聯發科群益95售02,0,0,0,0,0,0,0,0,0,15000,0,0,0,40000,25000,15000,15000
049150,新光金元大96購01,0,0,0,0,0,0,0,0,0,15000,0,0,0,15000,0,15000,15000
048109,旺宏群益94購02  ,0,0,0,0,0,0,0,0,0,15000,0,0,0,40000,25000,15000,15000
047222,鴻海凱基94購04  ,0,0,0,0,0,0,0,0,0,15000,0,0,0,20000,5000,15000,15000
048705,GIS國票95購01   ,0,0,0,0,0,0,0,0,0,15000,0,0,0,110000,95000,15000,15000
048179,臻鼎富邦97購01  ,0,0,0,0,0,0,0,0,0,15000,0,0,0,16000,1000,15000,15000
05098P,鴻海凱基95售15  ,0,0,0,0,0,0,0,0,0,15000,0,0,0,15000,0,15000,15000
050692,鴻海凱基96購04  ,0,0,0,0,0,0,0,0,0,15000,0,0,0,15000,0,15000,15000
051619,智邦凱基95購07  ,0,0,0,0,0,0,0,0,0,15000,0,0,0,180000,165000,15000,15000
05181P,健策凱基95售01  ,0,0,0,0,0,0,0,0,0,15000,0,0,0,15000,0,15000,15000
051246,美律元大96購01  ,0,0,0,0,0,0,0,0,0,15000,0,0,0,870000,855000,15000,15000
052072,健策統一95購02  ,0,0,0,0,0,0,0,0,0,15000,0,0,0,284000,269000,15000,15000
052207,台郡中信95購02  ,0,0,0,0,0,0,0,0,0,15000,0,0,0,30000,15000,15000,15000
05314P,臺股指群益95售13,0,0,0,0,0,0,0,0,0,15000,0,0,0,25000,10000,15000,15000
052575,茂林凱基96購04  ,0,0,0,0,0,0,0,0,0,15000,0,0,0,15000,0,15000,15000
1417,嘉裕            ,70000,57000,13000,0,0,0,0,0,0,2000,2000,0,2000,0,0,0,15000
2538,基泰            ,102000,93000,9000,0,0,0,0,0,0,6000,6000,0,6000,0,0,0,15000
2816,旺旺保          ,91000,65000,26000,0,0,0,0,0,0,-11000,2000,13000,-11000,0,0,0,15000
06384P,訊芯元富97售03  ,0,0,0,0,0,0,0,0,0,15000,0,0,0,15000,0,15000,15000
06292P,臺股指國票97售06,0,0,0,0,0,0,0,0,0,15000,0,0,0,15000,0,15000,15000
05713P,大立光統一96售05,0,0,0,0,0,0,0,0,0,15000,0,0,0,15000,0,15000,15000
05787P,臺股指永昌96售04,0,0,0,0,0,0,0,0,0,15000,50000,0,50000,100000,135000,-35000,15000
06011P,貿聯元富96售04  ,0,0,0,0,0,0,0,0,0,15000,0,0,0,20000,5000,15000,15000
06037P,超眾國票98售02  ,0,0,0,0,0,0,0,0,0,15000,0,0,0,15000,0,15000,15000
054088,華新群益98購02  ,0,0,0,0,0,0,0,0,0,14000,0,0,0,16000,2000,14000,14000
053929,正文國票97購01  ,0,0,0,0,0,0,0,0,0,14000,0,0,0,14000,0,14000,14000
046479,群創元富94購01  ,0,0,0,0,0,0,0,0,0,14000,0,0,0,31000,17000,14000,14000
045325,元油2X永豐94購01,0,0,0,0,0,0,0,0,0,14000,0,0,0,70000,56000,14000,14000
00711B,FH彭博新興債    ,0,0,0,0,0,0,0,0,0,14000,0,0,0,126000,112000,14000,14000
047804,鴻海凱基93購26  ,0,0,0,0,0,0,0,0,0,14000,0,0,0,54000,40000,14000,14000
046681,漢唐群益93購01  ,0,0,0,0,0,0,0,0,0,14000,0,0,0,14000,0,14000,14000
049170,亞德客凱基94購01,0,0,0,0,0,0,0,0,0,14000,0,0,0,22000,8000,14000,14000
049318,樺漢凱基94購01  ,0,0,0,0,0,0,0,0,0,14000,0,0,0,14000,0,14000,14000
048787,義隆元大94購02  ,0,0,0,0,0,0,0,0,0,14000,0,0,0,14000,0,14000,14000
048696,台達電國票96購01,0,0,0,0,0,0,0,0,0,14000,0,0,0,14000,0,14000,14000
049796,國巨元大94購10  ,0,0,0,0,0,0,0,0,0,14000,0,0,0,104000,90000,14000,14000
05257P,欣興凱基95售04  ,0,0,0,0,0,0,0,0,0,14000,0,0,0,14000,0,14000,14000
052831,華固群益96購01  ,0,0,0,0,0,0,0,0,0,14000,0,0,0,17000,3000,14000,14000
052972,義隆群益96購04  ,0,0,0,0,0,0,0,0,0,14000,0,0,0,55000,41000,14000,14000
052276,力成群益96購01  ,0,0,0,0,0,0,0,0,0,14000,0,0,0,30000,16000,14000,14000
052482,茂林群益95購01  ,0,0,0,0,0,0,0,0,0,14000,0,0,0,66000,52000,14000,14000
052519,旺宏元大95購05  ,0,0,0,0,0,0,0,0,0,14000,0,0,0,120000,106000,14000,14000
051871,同欣電凱基95購02,0,0,0,0,0,0,0,0,0,14000,0,0,0,28000,14000,14000,14000
05121P,創意國泰96售01  ,0,0,0,0,0,0,0,0,0,14000,0,0,0,30000,16000,14000,14000
051334,宏達電永豐95購01,0,0,0,0,0,0,0,0,0,14000,0,0,0,54000,40000,14000,14000
050717,京鼎群益96購01  ,0,0,0,0,0,0,0,0,0,14000,0,0,0,19000,5000,14000,14000
050972,台虹永豐95購01  ,0,0,0,0,0,0,0,0,0,14000,0,0,0,15000,1000,14000,14000
2881B,富邦金乙特      ,0,0,0,0,0,0,0,0,0,14000,14000,0,14000,0,0,0,14000
2495,普安            ,42000,29000,13000,0,0,0,0,0,0,1000,1000,0,1000,0,0,0,14000
2358,廷鑫            ,48000,35000,13000,0,0,0,0,0,0,1000,1000,0,1000,0,0,0,14000
2038,海光            ,20000,6000,14000,0,0,0,0,0,0,0,0,0,0,0,0,0,14000
1731,美吾華          ,37000,12000,25000,0,0,0,0,0,0,-11000,3000,14000,-11000,0,0,0,14000
054467,隆達凱基97購01  ,0,0,0,0,0,0,0,0,0,13000,0,0,0,15000,2000,13000,13000
053272,鴻海元大96購17  ,0,0,0,0,0,0,0,0,0,13000,0,0,0,13000,0,13000,13000
05332P,臺股指國票95售01,0,0,0,0,0,0,0,0,0,13000,0,0,0,15000,2000,13000,13000
054551,聯發科凱基98購02,0,0,0,0,0,0,0,0,0,13000,0,0,0,15000,2000,13000,13000
04329P,TPK群益93售04   ,0,0,0,0,0,0,0,0,0,13000,0,0,0,13000,0,13000,13000
04308P,京元電凱基93售06,0,0,0,0,0,0,0,0,0,13000,0,0,0,13000,0,13000,13000
046185,正崴凱基93購02  ,0,0,0,0,0,0,0,0,0,13000,0,0,0,20000,7000,13000,13000
049733,旺宏群益94購03  ,0,0,0,0,0,0,0,0,0,13000,0,0,0,13000,0,13000,13000
050326,正崴永豐94購03  ,0,0,0,0,0,0,0,0,0,13000,0,0,0,13000,0,13000,13000
049496,和鑫元大95購01  ,0,0,0,0,0,0,0,0,0,13000,0,0,0,13000,0,13000,13000
047573,儒鴻群益93購04  ,0,0,0,0,0,0,0,0,0,13000,0,0,0,13000,0,13000,13000
047098,大毅國泰94購01  ,0,0,0,0,0,0,0,0,0,13000,0,0,0,20000,7000,13000,13000
046906,新光金凱基99購02,0,0,0,0,0,0,0,0,0,13000,0,0,0,13000,0,13000,13000
047519,台達電元大93購02,0,0,0,0,0,0,0,0,0,13000,0,0,0,13000,0,13000,13000
048346,智易元大95購01  ,0,0,0,0,0,0,0,0,0,13000,0,0,0,116000,103000,13000,13000
04741P,台積電統一94售10,0,0,0,0,0,0,0,0,0,13000,0,0,0,13000,0,13000,13000
048758,美利達元富96購02,0,0,0,0,0,0,0,0,0,13000,0,0,0,13000,0,13000,13000
05092P,全新元大95售03  ,0,0,0,0,0,0,0,0,0,13000,0,0,0,140000,127000,13000,13000
050627,華通中信94購02  ,0,0,0,0,0,0,0,0,0,13000,0,0,0,60000,47000,13000,13000
050480,健策國票95購04  ,0,0,0,0,0,0,0,0,0,13000,0,0,0,23000,10000,13000,13000
051315,同欣電麥證95購01,0,0,0,66000,48000,18000,0,0,0,13000,0,0,0,66000,53000,13000,13000
051126,訊連群益95購01  ,0,0,0,0,0,0,0,0,0,13000,0,0,0,13000,0,13000,13000
05168P,鴻海元大95售14  ,0,0,0,0,0,0,0,0,0,13000,0,0,0,248000,235000,13000,13000
05213P,台積電國票96售05,0,0,0,0,0,0,0,0,0,13000,0,0,0,14000,1000,13000,13000
052249,大成鋼永豐95購01,0,0,0,0,0,0,0,0,0,13000,0,0,0,47000,34000,13000,13000
052636,大立光凱基96購10,0,0,0,0,0,0,0,0,0,13000,0,0,0,13000,0,13000,13000
1726,永記            ,13000,1000,12000,0,0,0,0,0,0,1000,1000,0,1000,0,0,0,13000
1708,東鹼            ,19000,8000,11000,0,0,0,0,0,0,2000,2000,0,2000,0,0,0,13000
1529,樂士            ,14000,1000,13000,0,0,0,0,0,0,0,0,0,0,0,0,0,13000
1436,華友聯          ,19000,7000,12000,0,0,0,0,0,0,1000,1000,0,1000,0,0,0,13000
6558,興能高          ,427000,309000,118000,0,0,0,0,80000,-80000,-25000,1000,26000,-25000,0,0,0,13000
3167,大量            ,23000,12000,11000,0,0,0,1000,0,1000,1000,1000,0,1000,0,0,0,13000
3494,誠研            ,12000,0,12000,0,0,0,0,0,0,1000,1000,0,1000,0,0,0,13000
06039P,亞光台新96售03  ,0,0,0,0,0,0,0,0,0,13000,0,0,0,13000,0,13000,13000
05919P,京鼎元大96售03  ,0,0,0,0,0,0,0,0,0,13000,0,0,0,363000,350000,13000,13000
06054P,臺股指中信9A售01,0,0,0,0,0,0,0,0,0,13000,0,0,0,15000,2000,13000,13000
055835,華邦電元大97購03,0,0,0,0,0,0,0,0,0,13000,0,0,0,18000,5000,13000,13000
055716,致茂元大97購01  ,0,0,0,0,0,0,0,0,0,12000,0,0,0,103000,91000,12000,12000
05552P,聯詠群益96售01  ,0,0,0,0,0,0,0,0,0,12000,0,0,0,12000,0,12000,12000
053456,大立光元富96購04,0,0,0,0,0,0,0,0,0,12000,0,0,0,26000,14000,12000,12000
054470,緯穎國票97購04  ,0,0,0,0,0,0,0,0,0,12000,0,0,0,12000,0,12000,12000
054439,健策台新96購03  ,0,0,0,0,0,0,0,0,0,12000,0,0,0,12000,0,12000,12000
054406,旺宏國票98購01  ,0,0,0,0,0,0,0,0,0,12000,0,0,0,13000,1000,12000,12000
054236,貿聯群益96購01  ,0,0,0,0,0,0,0,0,0,12000,0,0,0,32000,20000,12000,12000
053872,臻鼎元大96購04  ,0,0,0,0,0,0,0,0,0,12000,0,0,0,12000,0,12000,12000
046159,群創群益98購04  ,0,0,0,0,0,0,0,0,0,12000,0,0,0,70000,58000,12000,12000
046441,儒鴻兆豐92購01  ,0,0,0,0,0,0,0,0,0,12000,0,0,0,62000,50000,12000,12000
046376,建準凱基92購01  ,0,0,0,0,0,0,0,0,0,12000,0,0,0,12000,0,12000,12000
044531,欣興富邦93購01  ,0,0,0,0,0,0,0,0,0,12000,0,0,0,32000,20000,12000,12000
04660P,臺股指富邦94售03,0,0,0,0,0,0,0,0,0,12000,0,0,0,12000,0,12000,12000
042787,新日興兆豐93購01,0,0,0,0,0,0,0,0,0,12000,0,0,0,12000,0,12000,12000
04032P,聯茂凱基94售02  ,0,0,0,0,0,0,0,0,0,12000,0,0,0,13000,1000,12000,12000
03420P,牧德群益02售04  ,0,0,0,0,0,0,0,0,0,12000,0,0,0,12000,0,12000,12000
03799P,京元電元大94售01,0,0,0,0,0,0,0,0,0,12000,0,0,0,63000,51000,12000,12000
043730,旭富國泰93購01  ,0,0,0,0,0,0,0,0,0,12000,0,0,0,12000,0,12000,12000
020008,元大特股高息N   ,0,0,0,0,0,0,0,0,0,12000,0,0,0,49000,37000,12000,12000
00736,國泰新興市場    ,0,0,0,0,0,0,0,0,0,12000,0,0,0,128000,116000,12000,12000
03695P,台表科永豐93售01,0,0,0,0,0,0,0,0,0,12000,0,0,0,12000,0,12000,12000
047057,瀚宇博國票93購01,0,0,0,0,0,0,0,0,0,12000,0,0,0,12000,0,12000,12000
047213,新日興富邦97購01,0,0,0,0,0,0,0,0,0,12000,0,0,0,30000,18000,12000,12000
046791,台郡統一96購01  ,0,0,0,0,0,0,0,0,0,12000,0,0,0,36000,24000,12000,12000
046758,聯發科凱基93購05,0,0,0,0,0,0,0,0,0,12000,0,0,0,35000,23000,12000,12000
048711,台郡台新94購01  ,0,0,0,0,0,0,0,0,0,12000,0,0,0,12000,0,12000,12000
047758,康舒元富93購01  ,0,0,0,0,0,0,0,0,0,12000,0,0,0,12000,0,12000,12000
04941P,台達電台新94售02,0,0,0,0,0,0,0,0,0,12000,0,0,0,12000,0,12000,12000
052673,T50反1國泰97購01,0,0,0,0,0,0,0,0,0,12000,0,0,0,12000,0,12000,12000
052948,景碩國票97購02  ,0,0,0,0,0,0,0,0,0,12000,0,0,0,12000,0,12000,12000
052194,旺宏元富95購04  ,0,0,0,0,0,0,0,0,0,12000,0,0,0,62000,50000,12000,12000
05166P,中磊元富95售03  ,0,0,0,0,0,0,0,0,0,12000,0,0,0,22000,10000,12000,12000
051231,健策群益97購01  ,0,0,0,0,0,0,0,0,0,12000,0,0,0,48000,36000,12000,12000
05119P,聯發科國泰96售02,0,0,0,0,0,0,0,0,0,12000,0,0,0,343000,331000,12000,12000
051389,台達電兆豐95購01,0,0,0,0,0,0,0,0,0,12000,0,0,0,12000,0,12000,12000
050921,旺宏凱基95購02  ,0,0,0,0,0,0,0,0,0,12000,0,0,0,78000,66000,12000,12000
050778,瑞儀元大96購01  ,0,0,0,0,0,0,0,0,0,12000,0,0,0,112000,100000,12000,12000
05077P,智易群益95售02  ,0,0,0,0,0,0,0,0,0,12000,0,0,0,22000,10000,12000,12000
056108,麗豐永豐97購01  ,0,0,0,0,0,0,0,0,0,12000,0,0,0,25000,13000,12000,12000
06057P,大立光凱基98售01,0,0,0,0,0,0,0,0,0,12000,0,0,0,12000,0,12000,12000
06302P,臺股指元大97售06,0,0,0,0,0,0,0,0,0,12000,0,0,0,22000,10000,12000,12000
06318P,臺股指元富97售05,0,0,0,0,0,0,0,0,0,12000,0,0,0,15000,3000,12000,12000
3593,力銘            ,17000,5000,12000,0,0,0,0,0,0,0,0,0,0,0,0,0,12000
1234,黑松            ,11000,3000,8000,0,0,0,0,0,0,4000,4000,0,4000,0,0,0,12000
2069,運錩            ,20000,9000,11000,0,0,0,0,0,0,1000,1000,0,1000,0,0,0,12000
3018,同開            ,68000,56000,12000,0,0,0,0,0,0,0,0,0,0,0,0,0,12000
3011,今皓            ,12000,1000,11000,0,0,0,0,0,0,1000,1000,0,1000,0,0,0,12000
053899,矽創群益96購02  ,0,0,0,0,0,0,0,0,0,11000,0,0,0,11000,0,11000,11000
054081,聯電元富96購01  ,0,0,0,0,0,0,0,0,0,11000,0,0,0,13000,2000,11000,11000
054035,聯詠麥證96購01  ,0,0,0,31000,20000,11000,0,0,0,11000,0,0,0,31000,20000,11000,11000
054234,可成群益96購05  ,0,0,0,0,0,0,0,0,0,11000,0,0,0,21000,10000,11000,11000
054186,高鐵永豐96購01  ,0,0,0,0,0,0,0,0,0,11000,0,0,0,11000,0,11000,11000
054384,瀚宇博群益96購02,0,0,0,0,0,0,0,0,0,11000,0,0,0,11000,0,11000,11000
053443,智邦凱基97購01  ,0,0,0,0,0,0,0,0,0,11000,0,0,0,39000,28000,11000,11000
053281,茂林元大96購02  ,0,0,0,0,0,0,0,0,0,11000,0,0,0,274000,263000,11000,11000
053240,巨路永豐96購01  ,0,0,0,0,0,0,0,0,0,11000,0,0,0,21000,10000,11000,11000
053206,聯發科麥證96購02,0,0,0,41000,30000,11000,0,0,0,11000,0,0,0,41000,30000,11000,11000
055214,聯電凱基97購02  ,0,0,0,0,0,0,0,0,0,11000,0,0,0,11000,0,11000,11000
054509,上証反元大99購01,0,0,0,0,0,0,0,0,0,11000,0,0,0,31000,20000,11000,11000
054668,傳奇元富97購03  ,0,0,0,0,0,0,0,0,0,11000,0,0,0,30000,19000,11000,11000
03689P,TPK元富93售01   ,0,0,0,0,0,0,0,0,0,11000,0,0,0,11000,0,11000,11000
03665P,華邦電永豐92售01,0,0,0,0,0,0,0,0,0,11000,0,0,0,11000,0,11000,11000
03758P,GIS永豐93售01   ,0,0,0,0,0,0,0,0,0,11000,0,0,0,21000,10000,11000,11000
03416P,聯電台新02售02  ,0,0,0,0,0,0,0,0,0,11000,0,0,0,11000,0,11000,11000
04034P,技嘉群益93售03  ,0,0,0,0,0,0,0,0,0,11000,0,0,0,11000,0,11000,11000
046574,泰鼎國泰94購01  ,0,0,0,0,0,0,0,0,0,11000,0,0,0,480000,469000,11000,11000
04548P,大立光元大94售14,0,0,0,0,0,0,0,0,0,11000,0,0,0,11000,0,11000,11000
044407,聯茂凱基93購01  ,0,0,0,0,0,0,0,0,0,11000,0,0,0,12000,1000,11000,11000
046387,臻鼎凱基92購04  ,0,0,0,0,0,0,0,0,0,11000,0,0,0,11000,0,11000,11000
049400,可成群益94購03  ,0,0,0,0,0,0,0,0,0,11000,0,0,0,11000,0,11000,11000
050270,景碩元大94購01  ,0,0,0,0,0,0,0,0,0,11000,0,0,0,93000,82000,11000,11000
050064,華新科凱基94購08,0,0,0,0,0,0,0,0,0,11000,0,0,0,11000,0,11000,11000
049687,國巨元大94購09  ,0,0,0,0,0,0,0,0,0,11000,0,0,0,11000,0,11000,11000
048857,晶豪科群益94購01,0,0,0,0,0,0,0,0,0,11000,0,0,0,21000,10000,11000,11000
047107,上銀元大93購04  ,0,0,0,0,0,0,0,0,0,11000,0,0,0,21000,10000,11000,11000
04701P,臺股指元富94售07,0,0,0,0,0,0,0,0,0,11000,0,0,0,11000,0,11000,11000
048138,羅麗芬國票94購01,0,0,0,0,0,0,0,0,0,11000,0,0,0,11000,0,11000,11000
049323,百和凱基94購01  ,0,0,0,0,0,0,0,0,0,11000,0,0,0,20000,9000,11000,11000
049344,華固統一94購01  ,0,0,0,0,0,0,0,0,0,11000,0,0,0,11000,0,11000,11000
04935P,鴻海中信96售01  ,0,0,0,0,0,0,0,0,0,11000,0,0,0,11000,0,11000,11000
051058,景碩群益96購01  ,0,0,0,0,0,0,0,0,0,11000,0,0,0,11000,0,11000,11000
051087,國巨元大97購01  ,0,0,0,0,0,0,0,0,0,11000,0,0,0,124000,113000,11000,11000
050707,寶成凱基94購02  ,0,0,0,0,0,0,0,0,0,11000,0,0,0,11000,0,11000,11000
051305,訊連凱基96購01  ,0,0,0,0,0,0,0,0,0,11000,0,0,0,11000,0,11000,11000
051187,晶相光永豐95購01,0,0,0,0,0,0,0,0,0,11000,0,0,0,36000,25000,11000,11000
051592,健策元大96購05  ,0,0,0,0,0,0,0,0,0,11000,0,0,0,254000,243000,11000,11000
051906,國巨元大95購09  ,0,0,0,0,0,0,0,0,0,11000,0,0,0,41000,30000,11000,11000
052279,旺宏凱基95購07  ,0,0,0,0,0,0,0,0,0,11000,0,0,0,30000,19000,11000,11000
052974,瀚宇博群益96購01,0,0,0,0,0,0,0,0,0,11000,0,0,0,11000,0,11000,11000
052969,建準群益97購01  ,0,0,0,0,0,0,0,0,0,11000,0,0,0,26000,15000,11000,11000
2417,圓剛            ,52000,45000,7000,0,0,0,0,0,0,4000,4000,0,4000,0,0,0,11000
1709,和益            ,23000,15000,8000,0,0,0,0,0,0,3000,3000,0,3000,0,0,0,11000
8103,瀚荃            ,21000,9000,12000,0,0,0,0,0,0,-1000,0,1000,-1000,0,0,0,11000
6715,嘉基            ,53000,42000,11000,0,0,0,0,0,0,0,0,0,0,0,0,0,11000
06087P,國巨永豐97售01  ,0,0,0,0,0,0,0,0,0,11000,0,0,0,13000,2000,11000,11000
05881P,彩晶康和96售01  ,0,0,0,0,0,0,0,0,0,11000,0,0,0,11000,0,11000,11000
06038P,國泰金台新96售01,0,0,0,0,0,0,0,0,0,11000,0,0,0,24000,13000,11000,11000
056313,聯茂元大98購01  ,0,0,0,0,0,0,0,0,0,11000,0,0,0,11000,0,11000,11000
1256,鮮活果汁-KY     ,45000,40436,4564,0,0,0,6000,0,6000,0,0,0,0,0,0,0,10564
054674,台光電台新97購01,0,0,0,0,0,0,0,0,0,10000,0,0,0,10000,0,10000,10000
054745,智易凱基97購01  ,0,0,0,0,0,0,0,0,0,10000,0,0,0,10000,0,10000,10000
054734,燿華凱基97購03  ,0,0,0,0,0,0,0,0,0,10000,0,0,0,10000,0,10000,10000
054719,亞光永豐97購01  ,0,0,0,0,0,0,0,0,0,10000,0,0,0,10000,0,10000,10000
054492,嘉聯益台新96購01,0,0,0,0,0,0,0,0,0,10000,0,0,0,10000,0,10000,10000
054493,同欣電台新96購01,0,0,0,0,0,0,0,0,0,10000,0,0,0,10000,0,10000,10000
05448P,臺股指元大95售25,0,0,0,0,0,0,0,0,0,10000,0,0,0,10000,0,10000,10000
054580,樺漢元大98購01  ,0,0,0,0,0,0,0,0,0,10000,0,0,0,110000,100000,10000,10000
054594,國巨麥證97購01  ,0,1000,-1000,13000,2000,11000,0,0,0,11000,0,0,0,13000,2000,11000,10000
055019,福懋科元富97購01,0,0,0,0,0,0,0,0,0,10000,0,0,0,15000,5000,10000,10000
054819,裕民元大9A購01  ,0,0,0,0,0,0,0,0,0,10000,0,0,0,10000,0,10000,10000
054922,文曄凱基98購01  ,0,0,0,0,0,0,0,0,0,10000,0,0,0,10000,0,10000,10000
055240,京元電元富97購01,0,0,0,0,0,0,0,0,0,10000,0,0,0,10000,0,10000,10000
055237,晶豪科台新97購01,0,0,0,0,0,0,0,0,0,10000,0,0,0,10000,0,10000,10000
055205,京鼎中信99購01  ,0,0,0,0,0,0,0,0,0,10000,0,0,0,40000,30000,10000,10000
055207,致新中信99購01  ,0,0,0,0,0,0,0,0,0,10000,0,0,0,20000,10000,10000,10000
055161,貿聯元大98購03  ,0,0,0,0,0,0,0,0,0,10000,0,0,0,10000,0,10000,10000
055366,國巨元大98購05  ,0,0,0,0,0,0,0,0,0,10000,0,0,0,10000,0,10000,10000
055285,華新科元大99購03,0,0,0,0,0,0,0,0,0,10000,0,0,0,10000,0,10000,10000
055315,晶技麥證97購01  ,0,0,0,10000,0,10000,0,0,0,10000,0,0,0,10000,0,10000,10000
055323,貿聯國票98購01  ,0,0,0,0,0,0,0,0,0,10000,0,0,0,10000,0,10000,10000
055436,晶豪科中信99購01,0,0,0,0,0,0,0,0,0,10000,0,0,0,10000,0,10000,10000
055501,創意元大97購01  ,0,0,0,0,0,0,0,0,0,10000,0,0,0,110000,100000,10000,10000
055465,和大凱基97購03  ,0,0,0,0,0,0,0,0,0,10000,0,0,0,10000,0,10000,10000
055683,晶技凱基99購01  ,0,0,0,0,0,0,0,0,0,10000,0,0,0,10000,0,10000,10000
055687,瀚宇博凱基97購01,0,0,0,0,0,0,0,0,0,10000,0,0,0,10000,0,10000,10000
055661,亞德客中信98購01,0,0,0,0,0,0,0,0,0,10000,0,0,0,35000,25000,10000,10000
055653,聯詠元富01購02  ,0,0,0,0,0,0,0,0,0,10000,0,0,0,20000,10000,10000,10000
05320P,華通凱基96售03  ,0,0,0,0,0,0,0,0,0,10000,0,0,0,35000,25000,10000,10000
053194,緯穎統一99購01  ,0,0,0,0,0,0,0,0,0,10000,0,0,0,22000,12000,10000,10000
053164,台光電群益96購02,0,0,0,0,0,0,0,0,0,10000,0,0,0,10000,0,10000,10000
053160,台表科元大96購03,0,0,0,0,0,0,0,0,0,10000,0,0,0,30000,20000,10000,10000
053237,揚明光永豐96購03,0,0,0,0,0,0,0,0,0,10000,0,0,0,10000,0,10000,10000
053447,京鼎凱基96購03  ,0,0,0,0,0,0,0,0,0,10000,0,0,0,10000,0,10000,10000
053450,同欣電凱基96購02,0,0,0,0,0,0,0,0,0,10000,0,0,0,20000,10000,10000,10000
053420,華邦電永豐96購01,0,0,0,0,0,0,0,0,0,10000,0,0,0,10000,0,10000,10000
053391,嘉聯益元大99購01,0,0,0,0,0,0,0,0,0,10000,0,0,0,819000,809000,10000,10000
053369,T50反1元大96購06,0,0,0,0,0,0,0,0,0,10000,0,0,0,499000,489000,10000,10000
053759,晶相光國泰98購01,0,0,0,0,0,0,0,0,0,10000,0,0,0,20000,10000,10000,10000
053754,英業達元富96購02,0,0,0,0,0,0,0,0,0,10000,0,0,0,40000,30000,10000,10000
053750,致伸永豐96購02  ,0,0,0,0,0,0,0,0,0,10000,0,0,0,10000,0,10000,10000
053715,美律凱基96購04  ,0,0,0,0,0,0,0,0,0,10000,0,0,0,10000,0,10000,10000
053708,道瓊反凱基98購01,0,0,0,0,0,0,0,0,0,10000,0,0,0,10000,0,10000,10000
053693,欣興元大96購05  ,0,0,0,0,0,0,0,0,0,10000,0,0,0,10000,0,10000,10000
053520,康友群益96購01  ,0,0,0,0,0,0,0,0,0,10000,0,0,0,10000,0,10000,10000
05360P,健策元大95售03  ,0,0,0,0,0,0,0,0,0,10000,0,0,0,10000,0,10000,10000
05435P,鴻海群益95售12  ,0,0,0,0,0,0,0,0,0,10000,0,0,0,10000,0,10000,10000
054366,和大中信98購01  ,0,0,0,0,0,0,0,0,0,10000,0,0,0,31000,21000,10000,10000
054456,華泰群益99購01  ,0,0,0,0,0,0,0,0,0,10000,0,0,0,10000,0,10000,10000
054189,貿聯永豐96購03  ,0,0,0,0,0,0,0,0,0,10000,0,0,0,10000,0,10000,10000
054164,強茂凱基98購01  ,0,0,0,0,0,0,0,0,0,10000,0,0,0,20000,10000,10000,10000
054305,光磊凱基98購01  ,0,0,0,0,0,0,0,0,0,10000,0,0,0,10000,0,10000,10000
05404P,台積電群益95售06,0,0,0,0,0,0,0,0,0,10000,0,0,0,10000,0,10000,10000
054103,T50反1凱基99購04,0,0,0,0,0,0,0,0,0,10000,0,0,0,10000,0,10000,10000
053903,燿華凱基97購01  ,0,0,0,0,0,0,0,0,0,10000,0,0,0,10000,0,10000,10000
053862,南亞科元大97購02,0,0,0,0,0,0,0,0,0,10000,0,0,0,10000,0,10000,10000
053848,聯發科元富96購03,0,0,0,0,0,0,0,0,0,10000,0,0,0,10000,0,10000,10000
046389,百和凱基93購04  ,0,0,0,0,0,0,0,0,0,10000,0,0,0,10000,0,10000,10000
046450,鴻海凱基93購12  ,0,0,0,0,0,0,0,0,0,10000,0,0,0,20000,10000,10000,10000
04645P,禾伸堂凱基94售03,0,0,0,0,0,0,0,0,0,10000,0,0,0,10000,0,10000,10000
046372,東元凱基92購01  ,0,0,0,0,0,0,0,0,0,10000,0,0,0,10000,0,10000,10000
04633P,旺宏群益96售04  ,0,0,0,0,0,0,0,0,0,10000,0,0,0,10000,0,10000,10000
046279,群創康和92購02  ,0,0,0,0,0,0,0,0,0,10000,0,0,0,10000,0,10000,10000
046266,兆豐金凱基92購01,0,0,0,0,0,0,0,0,0,10000,0,0,0,50000,40000,10000,10000
046096,建準國票92購01  ,0,0,0,0,0,0,0,0,0,10000,0,0,0,10000,0,10000,10000
044315,大立光永豐92購01,0,0,0,0,0,0,0,0,0,10000,0,0,0,10000,0,10000,10000
045334,全新日盛92購01  ,0,0,0,0,0,0,0,0,0,10000,0,0,0,10000,0,10000,10000
045276,臻鼎統一92購01  ,0,0,0,0,0,0,0,0,0,10000,0,0,0,10000,0,10000,10000
045254,台積電凱基92購05,0,0,0,0,0,0,0,0,0,10000,0,0,0,10000,0,10000,10000
046642,南電永豐93購01  ,0,0,0,0,0,0,0,0,0,10000,0,0,0,10000,0,10000,10000
045695,英業達兆豐93購01,0,0,0,0,0,0,0,0,0,10000,0,0,0,10000,0,10000,10000
045704,微星日盛92購01  ,0,0,0,0,0,0,0,0,0,10000,0,0,0,10000,0,10000,10000
046658,微星元大93購01  ,0,0,0,0,0,0,0,0,0,10000,0,0,0,20000,10000,10000,10000
045167,玉晶光富邦92購01,0,0,0,0,0,0,0,0,0,10000,0,0,0,10000,0,10000,10000
045774,義隆元大92購02  ,0,0,0,0,0,0,0,0,0,10000,0,0,0,10000,0,10000,10000
045734,全新國票93購01  ,0,0,0,0,0,0,0,0,0,10000,0,0,0,10000,0,10000,10000
045807,上緯控國票93購01,0,0,0,0,0,0,0,0,0,10000,0,0,0,10000,0,10000,10000
046197,日月光凱基92購04,0,0,0,0,0,0,0,0,0,10000,0,0,0,40000,30000,10000,10000
045838,揚明光群益93購01,0,0,0,0,0,0,0,0,0,10000,0,0,0,10000,0,10000,10000
046189,聯發科凱基92購02,0,0,0,0,0,0,0,0,0,10000,0,0,0,10000,0,10000,10000
046213,可成統一92購06  ,0,0,0,0,0,0,0,0,0,10000,0,0,0,40000,30000,10000,10000
046209,全新元富92購01  ,0,0,0,0,0,0,0,0,0,10000,0,0,0,10000,0,10000,10000
04624P,台積電元大94售14,0,0,0,0,0,0,0,0,0,10000,0,0,0,509000,499000,10000,10000
045853,緯穎永豐92購02  ,0,0,0,0,0,0,0,0,0,10000,0,0,0,10000,0,10000,10000
045955,宏碁凱基93購01  ,0,0,0,0,0,0,0,0,0,10000,0,0,0,24000,14000,10000,10000
044584,世紀鋼凱基93購05,0,0,0,0,0,0,0,0,0,10000,0,0,0,10000,0,10000,10000
04458P,世紀鋼統一96售01,0,0,0,0,0,0,0,0,0,10000,0,0,0,10000,0,10000,10000
045971,智伸科凱基92購01,0,0,0,0,0,0,0,0,0,10000,0,0,0,10000,0,10000,10000
045966,聯詠凱基92購07  ,0,0,0,0,0,0,0,0,0,10000,0,0,0,10000,0,10000,10000
045968,貿聯凱基92購03  ,0,0,0,0,0,0,0,0,0,10000,0,0,0,10000,0,10000,10000
044622,旺宏元大92購06  ,0,0,0,0,0,0,0,0,0,10000,0,0,0,10000,0,10000,10000
04601P,大立光凱基94售07,0,0,0,0,0,0,0,0,0,10000,0,0,0,10000,0,10000,10000
046068,國泰金凱基92購02,0,0,0,0,0,0,0,0,0,10000,0,0,0,30000,20000,10000,10000
046021,台泥元大92購01  ,0,0,0,0,0,0,0,0,0,10000,0,0,0,20000,10000,10000,10000
046031,建準元大92購03  ,0,0,0,0,0,0,0,0,0,10000,0,0,0,10000,0,10000,10000
048391,友訊國票94購01  ,0,0,0,0,0,0,0,0,0,10000,0,0,0,10000,0,10000,10000
048404,大立光群益93購11,0,0,0,0,0,0,0,0,0,10000,0,0,0,10000,0,10000,10000
048431,瑞昱國票94購01  ,0,0,0,0,0,0,0,0,0,10000,0,0,0,10000,0,10000,10000
048454,合勤控凱基94購01,0,0,0,0,0,0,0,0,0,10000,0,0,0,10000,0,10000,10000
048512,全新凱基93購04  ,0,0,0,0,0,0,0,0,0,10000,0,0,0,10000,0,10000,10000
048464,康控台新94購01  ,0,0,0,0,0,0,0,0,0,10000,0,0,0,10000,0,10000,10000
04848P,康控凱基94售02  ,0,0,0,0,0,0,0,0,0,10000,0,0,0,10000,0,10000,10000
048573,世紀鋼元大93購05,0,0,0,0,0,0,0,0,0,10000,0,0,0,110000,100000,10000,10000
048557,瑞昱元大94購01  ,0,0,0,0,0,0,0,0,0,10000,0,0,0,28000,18000,10000,10000
048560,聯發科元大94購01,0,0,0,0,0,0,0,0,0,10000,0,0,0,210000,200000,10000,10000
048553,光磊元大93購03  ,0,0,0,0,0,0,0,0,0,10000,0,0,0,10000,0,10000,10000
048625,GIS台新93購01   ,0,0,0,0,0,0,0,0,0,10000,0,0,0,10000,0,10000,10000
048618,超眾凱基93購08  ,0,0,0,0,0,0,0,0,0,10000,0,0,0,10000,0,10000,10000
048599,和鑫國票96購01  ,0,0,0,0,0,0,0,0,0,10000,0,0,0,10000,0,10000,10000
048640,南亞科元大93購06,0,0,0,0,0,0,0,0,0,10000,0,0,0,10000,0,10000,10000
045481,友達中信93購01  ,0,0,0,0,0,0,0,0,0,10000,0,0,0,10000,0,10000,10000
045417,華新凱基93購01  ,0,0,0,0,0,0,0,0,0,10000,0,0,0,10000,0,10000,10000
045443,群創元富98購01  ,0,0,0,0,0,0,0,0,0,10000,0,0,0,10000,0,10000,10000
045378,智邦元大92購04  ,0,0,0,0,0,0,0,0,0,10000,0,0,0,10000,0,10000,10000
045346,潤泰全凱基92購02,0,0,0,0,0,0,0,0,0,10000,0,0,0,30000,20000,10000,10000
045358,嘉聯益凱基92購01,0,0,0,0,0,0,0,0,0,10000,0,0,0,10000,0,10000,10000
046551,聯發科麥證92購02,0,0,0,10000,0,10000,0,0,0,10000,0,0,0,10000,0,10000,10000
045559,奇鋐國票92購01  ,0,0,0,0,0,0,0,0,0,10000,0,0,0,10000,0,10000,10000
044031,致茂群益92購01  ,0,0,0,0,0,0,0,0,0,10000,0,0,0,10000,0,10000,10000
044039,康控群益93購01  ,0,0,0,0,0,0,0,0,0,10000,0,0,0,10000,0,10000,10000
045644,祥碩凱基92購01  ,0,0,0,0,0,0,0,0,0,10000,0,0,0,10000,0,10000,10000
045652,緯穎凱基92購01  ,0,0,0,0,0,0,0,0,0,10000,0,0,0,10000,0,10000,10000
045665,聯電元富92購01  ,0,0,0,0,0,0,0,0,0,10000,0,0,0,10000,0,10000,10000
046630,京元電元富95購03,0,0,0,0,0,0,0,0,0,10000,0,0,0,10000,0,10000,10000
043940,京元電兆豐92購01,0,0,0,0,0,0,0,0,0,10000,0,0,0,10000,0,10000,10000
043973,元金2X元大94購02,0,0,0,0,0,0,0,0,0,10000,0,0,0,110000,100000,10000,10000
04063P,臺股指兆豐93售02,0,0,0,0,0,0,0,0,0,10000,0,0,0,180000,170000,10000,10000
03886P,國泰金元富93售01,0,0,0,0,0,0,0,0,0,10000,0,0,0,10000,0,10000,10000
043913,富邦金凱基92購01,0,0,0,0,0,0,0,0,0,10000,0,0,0,10000,0,10000,10000
042604,國泰金富邦92購01,0,0,0,0,0,0,0,0,0,10000,0,0,0,10000,0,10000,10000
04186P,創意元富93售04  ,0,0,0,0,0,0,0,0,0,10000,0,0,0,90000,80000,10000,10000
03373P,聯發科元大02售11,0,0,0,0,0,0,0,0,0,10000,0,0,0,10000,0,10000,10000
03155P,玉晶光群益01售08,0,0,0,0,0,0,0,0,0,10000,0,0,0,20000,10000,10000,10000
03181P,台灣50元大01售40,0,0,0,0,0,0,0,0,0,10000,0,0,0,10000,0,10000,10000
03446P,創意群益02售02  ,0,0,0,0,0,0,0,0,0,10000,0,0,0,10000,0,10000,10000
03521P,欣興元大02售16  ,0,0,0,0,0,0,0,0,0,10000,0,0,0,10000,0,10000,10000
035274,華新台新97購01  ,0,0,0,0,0,0,0,0,0,10000,0,0,0,10000,0,10000,10000
04313P,國巨元富95售03  ,0,0,0,0,0,0,0,0,0,10000,0,0,0,10000,0,10000,10000
03781P,智邦凱基93售03  ,0,0,0,0,0,0,0,0,0,10000,0,0,0,10000,0,10000,10000
03801P,智伸科元大93售02,0,0,0,0,0,0,0,0,0,10000,0,0,0,10000,0,10000,10000
03830P,緯創中信95售01  ,0,0,0,0,0,0,0,0,0,10000,0,0,0,60000,50000,10000,10000
03826P,瀚宇博元大95售01,0,0,0,0,0,0,0,0,0,10000,0,0,0,10000,0,10000,10000
04370P,聯茂凱基94售05  ,0,0,0,0,0,0,0,0,0,10000,0,0,0,10000,0,10000,10000
043529,泰鼎元大92購01  ,0,0,0,0,0,0,0,0,0,10000,0,0,0,10000,0,10000,10000
03597P,玉晶光凱基03售12,0,0,0,0,0,0,0,0,0,10000,0,0,0,160000,150000,10000,10000
03591P,台積電國票03售10,0,0,0,0,0,0,0,0,0,10000,0,0,0,10000,0,10000,10000
03720P,元油2X富邦95售01,0,0,0,0,0,0,0,0,0,10000,0,0,0,10000,0,10000,10000
03755P,義隆永豐93售01  ,0,0,0,0,0,0,0,0,0,10000,0,0,0,10000,0,10000,10000
03090X,元展84          ,0,0,0,0,0,0,0,0,0,10000,0,0,0,99000,89000,10000,10000
03110P,聯發科元大01售26,0,0,0,0,0,0,0,0,0,10000,0,0,0,10000,0,10000,10000
03060X,元展55          ,0,0,0,0,0,0,0,0,0,10000,0,0,0,10000,0,10000,10000
03549P,聯發科凱基02售10,0,0,0,0,0,0,0,0,0,10000,0,0,0,10000,0,10000,10000
048970,裕民元大94購01  ,0,0,0,0,0,0,0,0,0,10000,0,0,0,110000,100000,10000,10000
049320,羅麗芬凱基94購01,0,0,0,0,0,0,0,0,0,10000,0,0,0,10000,0,10000,10000
049314,京鼎凱基94購01  ,0,0,0,0,0,0,0,0,0,10000,0,0,0,10000,0,10000,10000
047496,旺宏台新93購02  ,0,0,0,0,0,0,0,0,0,10000,0,0,0,10000,0,10000,10000
047476,鴻海凱基94購08  ,0,0,0,0,0,0,0,0,0,10000,0,0,0,20000,10000,10000,10000
04921P,TPK凱基94售05   ,0,0,0,0,0,0,0,0,0,10000,0,0,0,10000,0,10000,10000
049175,台積電凱基94購12,0,0,0,0,0,0,0,0,0,10000,0,0,0,10000,0,10000,10000
048719,亞光永豐94購01  ,0,0,0,0,0,0,0,0,0,10000,0,0,0,29000,19000,10000,10000
049290,元油2X群益94購02,0,0,0,0,0,0,0,0,0,10000,0,0,0,20000,10000,10000,10000
04927P,大立光凱基95售06,0,0,0,0,0,0,0,0,0,10000,0,0,0,46000,36000,10000,10000
048144,華固統一93購01  ,0,0,0,0,0,0,0,0,0,10000,0,0,0,10000,0,10000,10000
04817P,創意國票95售02  ,0,0,0,0,0,0,0,0,0,10000,0,0,0,10000,0,10000,10000
047430,儒鴻元大93購05  ,0,0,0,0,0,0,0,0,0,10000,0,0,0,110000,100000,10000,10000
047431,儒鴻元大93購06  ,0,0,0,0,0,0,0,0,0,10000,0,0,0,43000,33000,10000,10000
047422,滬深2X兆豐94購02,0,0,0,0,0,0,0,0,0,10000,0,0,0,200000,190000,10000,10000
047468,為升中信95購01  ,0,0,0,0,0,0,0,0,0,10000,0,0,0,10000,0,10000,10000
047814,宏達電凱基93購02,0,0,0,0,0,0,0,0,0,10000,0,0,0,10000,0,10000,10000
047826,台泥元大93購01  ,0,0,0,0,0,0,0,0,0,10000,0,0,0,106000,96000,10000,10000
047829,旺宏元大93購06  ,0,0,0,0,0,0,0,0,0,10000,0,0,0,40000,30000,10000,10000
047865,健鼎康和93購01  ,0,0,0,0,0,0,0,0,0,10000,0,0,0,10000,0,10000,10000
04783P,貿聯元富94售01  ,0,0,0,0,0,0,0,0,0,10000,0,0,0,20000,10000,10000,10000
047840,新日興元大93購03,0,0,0,0,0,0,0,0,0,10000,0,0,0,50000,40000,10000,10000
046692,鴻海凱基93購15  ,0,0,0,0,0,0,0,0,0,10000,0,0,0,10000,0,10000,10000
046694,智邦凱基93購01  ,0,0,0,0,0,0,0,0,0,10000,0,0,0,10000,0,10000,10000
048326,滬深2X國泰94購03,0,0,0,0,0,0,0,0,0,10000,0,0,0,10000,0,10000,10000
048308,儒鴻凱基93購05  ,0,0,0,0,0,0,0,0,0,10000,0,0,0,10000,0,10000,10000
048270,T50反1富邦99購01,0,0,0,0,0,0,0,0,0,10000,0,0,0,10000,0,10000,10000
049432,聯詠國票95購01  ,0,0,0,0,0,0,0,0,0,10000,0,0,0,60000,50000,10000,10000
049447,聯電統一94購01  ,0,0,0,0,0,0,0,0,0,10000,0,0,0,10000,0,10000,10000
049453,新日興統一94購01,0,0,0,0,0,0,0,0,0,10000,0,0,0,10000,0,10000,10000
04947P,聯詠元大94售05  ,0,0,0,0,0,0,0,0,0,10000,0,0,0,508000,498000,10000,10000
047033,日月光中信95購01,0,0,0,0,0,0,0,0,0,10000,0,0,0,30000,20000,10000,10000
048821,光磊凱基95購01  ,0,0,0,0,0,0,0,0,0,10000,0,0,0,10000,0,10000,10000
047700,華新凱基94購01  ,0,0,0,0,0,0,0,0,0,10000,0,0,0,10000,0,10000,10000
047701,鴻海凱基94購12  ,0,0,0,0,0,0,0,0,0,10000,0,0,0,20000,10000,10000,10000
047221,日月光麥證93購01,0,0,0,10000,0,10000,0,0,0,10000,0,0,0,10000,0,10000,10000
047295,欣興元富96購02  ,0,0,0,0,0,0,0,0,0,10000,0,0,0,20000,10000,10000,10000
047307,儒鴻元大93購04  ,0,0,0,0,0,0,0,0,0,10000,0,0,0,13000,3000,10000,10000
04726P,TPK凱基94售04   ,0,0,0,0,0,0,0,0,0,10000,0,0,0,10000,0,10000,10000
04708P,國巨元大94售11  ,0,0,0,0,0,0,0,0,0,10000,0,0,0,10000,0,10000,10000
047127,臻鼎中信95購01  ,0,0,0,0,0,0,0,0,0,10000,0,0,0,30000,20000,10000,10000
047128,新日興日盛93購01,0,0,0,0,0,0,0,0,0,10000,0,0,0,10000,0,10000,10000
048898,晶相光國泰96購01,0,0,0,0,0,0,0,0,0,10000,0,0,0,74000,64000,10000,10000
048880,昇陽半國票94購01,0,0,0,0,0,0,0,0,0,10000,0,0,0,10000,0,10000,10000
048770,揚明光凱基94購01,0,0,0,0,0,0,0,0,0,10000,0,0,0,10000,0,10000,10000
048791,智原元大94購02  ,0,0,0,0,0,0,0,0,0,10000,0,0,0,10000,0,10000,10000
046719,元石油元大95購02,0,0,0,0,0,0,0,0,0,10000,0,0,0,10000,0,10000,10000
046762,大立光凱基93購13,0,0,0,0,0,0,0,0,0,10000,0,0,0,10000,0,10000,10000
046757,漢唐凱基93購02  ,0,0,0,0,0,0,0,0,0,10000,0,0,0,20000,10000,10000,10000
046753,台積電凱基93購04,0,0,0,0,0,0,0,0,0,10000,0,0,0,13000,3000,10000,10000
046788,貿聯永豐93購01  ,0,0,0,0,0,0,0,0,0,10000,0,0,0,10000,0,10000,10000
046800,儒鴻元大93購02  ,0,0,0,0,0,0,0,0,0,10000,0,0,0,110000,100000,10000,10000
046774,瑞昱台新93購01  ,0,0,0,0,0,0,0,0,0,10000,0,0,0,20000,10000,10000,10000
049713,鴻海凱基94購17  ,0,0,0,0,0,0,0,0,0,10000,0,0,0,20000,10000,10000,10000
049781,台表科統一94購01,0,0,0,0,0,0,0,0,0,10000,0,0,0,10000,0,10000,10000
049852,康控群益94購03  ,0,0,0,0,0,0,0,0,0,10000,0,0,0,10000,0,10000,10000
050046,矽力兆豐94購01  ,0,0,0,0,0,0,0,0,0,10000,0,0,0,10000,0,10000,10000
049965,矽創元富94購01  ,0,0,0,0,0,0,0,0,0,10000,0,0,0,60000,50000,10000,10000
049995,GIS台新94購01   ,0,0,0,0,0,0,0,0,0,10000,0,0,0,10000,0,10000,10000
049937,臺股指元大94購18,0,0,0,0,0,0,0,0,0,10000,0,0,0,65000,55000,10000,10000
049933,GIS元大95購01   ,0,0,0,0,0,0,0,0,0,10000,0,0,0,12000,2000,10000,10000
049890,嘉澤國泰95購01  ,0,0,0,0,0,0,0,0,0,10000,0,0,0,10000,0,10000,10000
050082,聯發科統一94購08,0,0,0,0,0,0,0,0,0,10000,0,0,0,10000,0,10000,10000
050111,全新元大95購02  ,0,0,0,0,0,0,0,0,0,10000,0,0,0,110000,100000,10000,10000
050127,台積電凱基94購31,0,0,0,0,0,0,0,0,0,10000,0,0,0,10000,0,10000,10000
050138,台表科國票95購02,0,0,0,0,0,0,0,0,0,10000,0,0,0,10000,0,10000,10000
05022P,智易凱基95售01  ,0,0,0,0,0,0,0,0,0,10000,0,0,0,10000,0,10000,10000
050224,台泥中信94購01  ,0,0,0,0,0,0,0,0,0,10000,0,0,0,58000,48000,10000,10000
050225,亞泥中信94購01  ,0,0,0,0,0,0,0,0,0,10000,0,0,0,20000,10000,10000,10000
050219,台積電元富95購03,0,0,0,0,0,0,0,0,0,10000,0,0,0,73000,63000,10000,10000
05018P,臺股指元大95售09,0,0,0,0,0,0,0,0,0,10000,0,0,0,10000,0,10000,10000
050356,緯穎群益94購05  ,0,0,0,0,0,0,0,0,0,10000,0,0,0,119000,109000,10000,10000
047916,台積電凱基93購22,0,0,0,0,0,0,0,0,0,10000,0,0,0,14000,4000,10000,10000
047927,宏達電凱基93購03,0,0,0,0,0,0,0,0,0,10000,0,0,0,10000,0,10000,10000
047952,華通永豐93購03  ,0,0,0,0,0,0,0,0,0,10000,0,0,0,10000,0,10000,10000
046916,欣興台新93購01  ,0,0,0,0,0,0,0,0,0,10000,0,0,0,10000,0,10000,10000
046991,健策凱基93購04  ,0,0,0,0,0,0,0,0,0,10000,0,0,0,10000,0,10000,10000
049143,智邦元大94購02  ,0,0,0,0,0,0,0,0,0,10000,0,0,0,599000,589000,10000,10000
04912P,可成元富94售06  ,0,0,0,0,0,0,0,0,0,10000,0,0,0,10000,0,10000,10000
049135,台達電元大94購03,0,0,0,0,0,0,0,0,0,10000,0,0,0,10000,0,10000,10000
049399,台光電群益94購02,0,0,0,0,0,0,0,0,0,10000,0,0,0,10000,0,10000,10000
04911P,美律元富94售02  ,0,0,0,0,0,0,0,0,0,10000,0,0,0,20000,10000,10000,10000
047705,燿華凱基94購01  ,0,0,0,0,0,0,0,0,0,10000,0,0,0,10000,0,10000,10000
047707,南亞科凱基93購03,0,0,0,0,0,0,0,0,0,10000,0,0,0,10000,0,10000,10000
047708,聯發科凱基93購17,0,0,0,0,0,0,0,0,0,10000,0,0,0,10000,0,10000,10000
048019,GIS麥證94購01   ,0,0,0,10000,2000,8000,0,0,0,10000,0,0,0,12000,2000,10000,10000
048075,美利達元富93購02,0,0,0,0,0,0,0,0,0,10000,0,0,0,10000,0,10000,10000
048031,全新凱基93購02  ,0,0,0,0,0,0,0,0,0,10000,0,0,0,10000,0,10000,10000
049498,茂林元大95購01  ,0,0,0,0,0,0,0,0,0,10000,0,0,0,20000,10000,10000,10000
049507,和大凱基94購01  ,0,0,0,0,0,0,0,0,0,10000,0,0,0,12000,2000,10000,10000
049527,國巨中信95購01  ,0,0,0,0,0,0,0,0,0,10000,0,0,0,20000,10000,10000,10000
048118,百和群益94購03  ,0,0,0,0,0,0,0,0,0,10000,0,0,0,32000,22000,10000,10000
049600,緯穎元大95購02  ,0,0,0,0,0,0,0,0,0,10000,0,0,0,10000,0,10000,10000
049613,華通中信94購01  ,0,0,0,0,0,0,0,0,0,10000,0,0,0,36000,26000,10000,10000
052998,拓凱康和96購01  ,0,0,0,0,0,0,0,0,0,10000,0,0,0,20000,10000,10000,10000
053040,全新凱基98購01  ,0,0,0,0,0,0,0,0,0,10000,0,0,0,10000,0,10000,10000
052881,康控凱基97購01  ,0,0,0,0,0,0,0,0,0,10000,0,0,0,10000,0,10000,10000
05287P,鴻海元富95售09  ,0,0,0,0,0,0,0,0,0,10000,0,0,0,40000,30000,10000,10000
053150,聯發科元大96購11,0,0,0,0,0,0,0,0,0,10000,0,0,0,10000,0,10000,10000
053128,瀚宇博凱基96購01,0,0,0,0,0,0,0,0,0,10000,0,0,0,10000,0,10000,10000
053129,緯穎凱基96購01  ,0,0,0,0,0,0,0,0,0,10000,0,0,0,10000,0,10000,10000
053102,祥碩元富96購01  ,0,0,0,0,0,0,0,0,0,10000,0,0,0,10000,0,10000,10000
052650,台郡永豐96購01  ,0,0,0,0,0,0,0,0,0,10000,0,0,0,30000,20000,10000,10000
052715,可成凱基96購01  ,0,0,0,0,0,0,0,0,0,10000,0,0,0,10000,0,10000,10000
052711,滬深2X凱基97購01,0,0,0,0,0,0,0,0,0,10000,0,0,0,80000,70000,10000,10000
052695,台表科中信98購01,0,0,0,0,0,0,0,0,0,10000,0,0,0,70000,60000,10000,10000
052610,貿聯元大97購01  ,0,0,0,0,0,0,0,0,0,10000,0,0,0,20000,10000,10000,10000
052579,亞泥元富96購01  ,0,0,0,0,0,0,0,0,0,10000,0,0,0,60000,50000,10000,10000
052876,GIS凱基96購03   ,0,0,0,0,0,0,0,0,0,10000,0,0,0,10000,0,10000,10000
052732,新唐國泰97購01  ,0,0,0,0,0,0,0,0,0,10000,0,0,0,10000,0,10000,10000
052277,台達電凱基97購01,0,0,0,0,0,0,0,0,0,10000,0,0,0,60000,50000,10000,10000
052256,台泥國泰96購01  ,0,0,0,0,0,0,0,0,0,10000,0,0,0,50000,40000,10000,10000
052298,易華電國票96購01,0,0,0,0,0,0,0,0,0,10000,0,0,0,13000,3000,10000,10000
052372,台泥元大95購02  ,0,0,0,0,0,0,0,0,0,10000,0,0,0,210000,200000,10000,10000
052510,聯發科凱基95購13,0,0,0,0,0,0,0,0,0,10000,0,0,0,10000,0,10000,10000
052503,大成鋼日盛95購02,0,0,0,0,0,0,0,0,0,10000,0,0,0,10000,0,10000,10000
052534,貿聯國泰96購02  ,0,0,0,0,0,0,0,0,0,10000,0,0,0,20000,10000,10000,10000
05239P,欣興永豐95售03  ,0,0,0,0,0,0,0,0,0,10000,0,0,0,10000,0,10000,10000
05189P,新光金凱基97售02,0,0,0,0,0,0,0,0,0,10000,0,0,0,15000,5000,10000,10000
051854,鴻海麥證95購04  ,0,0,0,18000,8000,10000,0,0,0,10000,0,0,0,18000,8000,10000,10000
05184P,緯穎元富95售01  ,0,0,0,0,0,0,0,0,0,10000,0,0,0,10000,0,10000,10000
051938,旭富群益95購01  ,0,0,0,0,0,0,0,0,0,10000,0,0,0,10000,0,10000,10000
051941,樺漢群益95購02  ,0,0,0,0,0,0,0,0,0,10000,0,0,0,10000,0,10000,10000
051933,嘉聯益國票97購03,0,0,0,0,0,0,0,0,0,10000,0,0,0,10000,0,10000,10000
051993,和碩元大95購03  ,0,0,0,0,0,0,0,0,0,10000,0,0,0,10000,0,10000,10000
052188,欣興群益95購03  ,0,0,0,0,0,0,0,0,0,10000,0,0,0,11000,1000,10000,10000
052122,新光金國票96購01,0,0,0,0,0,0,0,0,0,10000,0,0,0,10000,0,10000,10000
052063,臺股指國票95購10,0,0,0,0,0,0,0,0,0,10000,0,0,0,10000,0,10000,10000
05209P,鴻海凱基96售09  ,0,0,0,0,0,0,0,0,0,10000,0,0,0,11000,1000,10000,10000
052051,京鼎凱基95購01  ,0,0,0,0,0,0,0,0,0,10000,0,0,0,10000,0,10000,10000
052045,瑞昱凱基96購01  ,0,0,0,0,0,0,0,0,0,10000,0,0,0,36000,26000,10000,10000
051625,聯發科麥證95購01,0,0,0,20000,10000,10000,0,0,0,10000,0,0,0,20000,10000,10000,10000
051464,彩晶國泰96購01  ,0,0,0,0,0,0,0,0,0,10000,0,0,0,60000,50000,10000,10000
051685,台光電凱基95購01,0,0,0,0,0,0,0,0,0,10000,0,0,0,15000,5000,10000,10000
051708,創意群益95購02  ,0,0,0,0,0,0,0,0,0,10000,0,0,0,10000,0,10000,10000
051813,GIS凱基96購02   ,0,0,0,0,0,0,0,0,0,10000,0,0,0,10000,0,10000,10000
051192,緯創兆豐96購01  ,0,0,0,0,0,0,0,0,0,10000,0,0,0,10000,0,10000,10000
051163,鴻海元大95購04  ,0,0,0,0,0,0,0,0,0,10000,0,0,0,210000,200000,10000,10000
051151,中磊凱基95購02  ,0,0,0,0,0,0,0,0,0,10000,0,0,0,10000,0,10000,10000
051127,同欣電群益95購01,0,0,0,0,0,0,0,0,0,10000,0,0,0,115000,105000,10000,10000
051235,鴻海元大95購06  ,0,0,0,0,0,0,0,0,0,10000,0,0,0,20000,10000,10000,10000
051287,台積電統一95購05,0,0,0,0,0,0,0,0,0,10000,0,0,0,50000,40000,10000,10000
051321,建準國票96購01  ,0,0,0,0,0,0,0,0,0,10000,0,0,0,20000,10000,10000,10000
051443,聯發科元大95購10,0,0,0,0,0,0,0,0,0,10000,0,0,0,10000,0,10000,10000
050732,台虹國票94購01  ,0,0,0,0,0,0,0,0,0,10000,0,0,0,10000,0,10000,10000
050728,新日興國票94購01,0,0,0,0,0,0,0,0,0,10000,0,0,0,10000,0,10000,10000
050635,昇陽半群益94購04,0,0,0,0,0,0,0,0,0,10000,0,0,0,10000,0,10000,10000
050646,美律凱基96購01  ,0,0,0,0,0,0,0,0,0,10000,0,0,0,10000,0,10000,10000
050648,全新凱基96購01  ,0,0,0,0,0,0,0,0,0,10000,0,0,0,10000,0,10000,10000
050657,宏達電麥證94購01,0,0,0,10000,0,10000,0,0,0,10000,0,0,0,10000,0,10000,10000
050610,鴻海元大94購24  ,0,0,0,0,0,0,0,0,0,10000,0,0,0,60000,50000,10000,10000
050536,亞泥凱基95購01  ,0,0,0,0,0,0,0,0,0,10000,0,0,0,10000,0,10000,10000
050512,台泥元大94購01  ,0,0,0,0,0,0,0,0,0,10000,0,0,0,49000,39000,10000,10000
05050P,華通群益96售02  ,0,0,0,0,0,0,0,0,0,10000,0,0,0,11000,1000,10000,10000
051090,光磊元大96購01  ,0,0,0,0,0,0,0,0,0,10000,0,0,0,20000,10000,10000,10000
051094,健策元大96購03  ,0,0,0,0,0,0,0,0,0,10000,0,0,0,20000,10000,10000,10000
051095,貿聯元大95購03  ,0,0,0,0,0,0,0,0,0,10000,0,0,0,10000,0,10000,10000
051059,康普群益95購01  ,0,0,0,0,0,0,0,0,0,10000,0,0,0,10000,0,10000,10000
051035,百和兆豐95購01  ,0,0,0,0,0,0,0,0,0,10000,0,0,0,10000,0,10000,10000
051021,啟碁凱基95購02  ,0,0,0,0,0,0,0,0,0,10000,0,0,0,32000,22000,10000,10000
051012,台積電凱基95購04,0,0,0,0,0,0,0,0,0,10000,0,0,0,10000,0,10000,10000
050818,華新科凱基95購02,0,0,0,0,0,0,0,0,0,10000,0,0,0,29000,19000,10000,10000
050912,正崴中信95購02  ,0,0,0,0,0,0,0,0,0,10000,0,0,0,10000,0,10000,10000
050836,緯穎凱基95購01  ,0,0,0,0,0,0,0,0,0,10000,0,0,0,10000,0,10000,10000
08991P,玉晶光元大01售06,0,0,0,0,0,0,0,0,0,10000,0,0,0,10000,0,10000,10000
08852P,台灣50台新01售01,0,0,0,0,0,0,0,0,0,10000,0,0,0,10000,0,10000,10000
08864P,欣興元大01售01  ,0,0,0,0,0,0,0,0,0,10000,0,0,0,10000,0,10000,10000
1730,花仙子          ,230000,221000,9000,0,0,0,0,0,0,1000,1000,0,1000,0,0,0,10000
2413,環科            ,27000,20000,7000,0,0,0,0,0,0,3000,3000,0,3000,0,0,0,10000
2613,中櫃            ,10000,1000,9000,0,0,0,0,0,0,1000,1000,0,1000,0,0,0,10000
6405,悅城            ,11000,1000,10000,0,0,0,0,0,0,0,0,0,0,0,0,0,10000
6431,光麗-KY         ,3000,0,3000,0,0,0,0,0,0,7000,7000,0,7000,0,0,0,10000
05626P,景碩國票97售03  ,0,0,0,0,0,0,0,0,0,10000,0,0,0,204000,194000,10000,10000
05641P,貿聯元富96售02  ,0,0,0,0,0,0,0,0,0,10000,0,0,0,20000,10000,10000,10000
05691P,聯發科中信98售01,0,0,0,0,0,0,0,0,0,10000,0,0,0,10000,0,10000,10000
05674P,瑞昱群益96售02  ,0,0,0,0,0,0,0,0,0,10000,0,0,0,10000,0,10000,10000
05643P,大立光中信98售01,0,0,0,0,0,0,0,0,0,10000,0,0,0,10000,0,10000,10000
056122,勤誠群益97購02  ,0,0,0,0,0,0,0,0,0,10000,0,0,0,10000,0,10000,10000
056123,鈺齊群益97購01  ,0,0,0,0,0,0,0,0,0,10000,0,0,0,10000,0,10000,10000
055818,晶相光國票97購02,0,0,0,0,0,0,0,0,0,10000,0,0,0,10000,0,10000,10000
055857,嘉聯益元大97購04,0,0,0,0,0,0,0,0,0,10000,0,0,0,10000,0,10000,10000
055868,臺股指元大97購07,0,0,0,0,0,0,0,0,0,10000,0,0,0,20000,10000,10000,10000
055730,建準元富97購02  ,0,0,0,0,0,0,0,0,0,10000,0,0,0,10000,0,10000,10000
06036P,台表科凱基96售04,0,0,0,0,0,0,0,0,0,10000,0,0,0,10000,0,10000,10000
06024P,台郡國票97售05  ,0,0,0,0,0,0,0,0,0,10000,0,0,0,20000,10000,10000,10000
05916P,聯發科元大96售20,0,0,0,0,0,0,0,0,0,10000,0,0,0,10000,0,10000,10000
05962P,大立光群益96售07,0,0,0,0,0,0,0,0,0,10000,0,0,0,10000,0,10000,10000
05799P,臺股指群益96售13,0,0,0,0,0,0,0,0,0,10000,0,0,0,10000,0,10000,10000
05802P,臺股指兆豐96售02,0,0,0,0,0,0,0,0,0,10000,0,0,0,10000,0,10000,10000
05833P,臺股指元富96售05,0,0,0,0,0,0,0,0,0,10000,0,0,0,10000,0,10000,10000
05715P,創意元富96售05  ,0,0,0,0,0,0,0,0,0,10000,0,0,0,10000,0,10000,10000
05727P,新光金日盛96售02,0,0,0,0,0,0,0,0,0,10000,0,0,0,10000,0,10000,10000
05761P,嘉澤永豐96售01  ,0,0,0,0,0,0,0,0,0,10000,0,0,0,35000,25000,10000,10000
06051P,嘉聯益國票97售04,0,0,0,0,0,0,0,0,0,10000,0,0,0,20000,10000,10000,10000
06096P,全新永豐97售02  ,0,0,0,0,0,0,0,0,0,10000,0,0,0,73000,63000,10000,10000
06103P,漢唐凱基97售02  ,0,0,0,0,0,0,0,0,0,10000,0,0,0,10000,0,10000,10000
06085P,義隆台新97售01  ,0,0,0,0,0,0,0,0,0,10000,0,0,0,10000,0,10000,10000
06179P,國巨群益97售04  ,0,0,0,0,0,0,0,0,0,10000,0,0,0,10000,0,10000,10000
06375P,矽力元大97售06  ,0,0,0,0,0,0,0,0,0,10000,0,0,0,160000,150000,10000,10000
06372P,聯發科元大97售21,0,0,0,0,0,0,0,0,0,10000,0,0,0,10000,0,10000,10000
06315P,臺股指元富97售02,0,0,0,0,0,0,0,0,0,10000,0,0,0,10000,0,10000,10000
053883,大立光中信98購02,0,0,0,0,0,0,0,0,0,9000,0,0,0,15000,6000,9000,9000
05395P,旺宏元大96售06  ,0,0,0,0,0,0,0,0,0,9000,0,0,0,10000,1000,9000,9000
053965,聯電元大98購04  ,0,0,0,0,0,0,0,0,0,9000,0,0,0,9000,0,9000,9000
054202,樺漢富邦97購01  ,0,0,0,0,0,0,0,0,0,9000,0,0,0,9000,0,9000,9000
054418,茂林元大97購01  ,0,0,0,0,0,0,0,0,0,9000,0,0,0,12000,3000,9000,9000
053609,華新中信9A購01  ,0,0,0,0,0,0,0,0,0,9000,0,0,0,20000,11000,9000,9000
053517,崇越群益97購01  ,0,0,0,0,0,0,0,0,0,9000,0,0,0,9000,0,9000,9000
053480,祥碩元大96購02  ,0,0,0,0,0,0,0,0,0,9000,0,0,0,100000,91000,9000,9000
053662,矽力凱基97購01  ,0,0,0,0,0,0,0,0,0,9000,0,0,0,30000,21000,9000,9000
053262,華邦電群益96購02,0,0,0,0,0,0,0,0,0,9000,0,0,0,39000,30000,9000,9000
055694,光罩國票98購01  ,0,0,0,0,0,0,0,0,0,9000,0,0,0,50000,41000,9000,9000
055148,鴻海元大98購02  ,0,0,0,0,0,0,0,0,0,9000,0,0,0,20000,11000,9000,9000
054872,瀚宇博群益98購01,0,0,0,0,0,0,0,0,0,9000,0,0,0,15000,6000,9000,9000
00665L,富邦恒生國企正2 ,80000,123000,-43000,0,0,0,0,0,0,52000,0,0,0,120000,68000,52000,9000
03993P,滬深2X中信94售03,0,0,0,0,0,0,0,0,0,9000,0,0,0,40000,31000,9000,9000
048630,南亞元大93購01  ,0,0,0,0,0,0,0,0,0,9000,0,0,0,9000,0,9000,9000
048504,A50正2中信95購01,0,0,0,0,0,0,0,0,0,9000,0,0,0,9000,0,9000,9000
045299,友達元大92購02  ,0,0,0,0,0,0,0,0,0,9000,0,0,0,10000,1000,9000,9000
048050,元油反中信93購01,0,0,0,0,0,0,0,0,0,9000,0,0,0,9000,0,9000,9000
047960,鈺齊永豐93購01  ,0,0,0,0,0,0,0,0,0,9000,0,0,0,10000,1000,9000,9000
047917,台積電凱基94購01,0,0,0,0,0,0,0,0,0,9000,0,0,0,10000,1000,9000,9000
049858,百和群益94購05  ,0,0,0,0,0,0,0,0,0,9000,0,0,0,10000,1000,9000,9000
049834,康控凱基94購01  ,0,0,0,0,0,0,0,0,0,9000,0,0,0,10000,1000,9000,9000
049846,台泥群益94購01  ,0,0,0,0,0,0,0,0,0,9000,0,0,0,10000,1000,9000,9000
048860,玉晶光群益96購03,0,0,0,0,0,0,0,0,0,9000,0,0,0,10000,1000,9000,9000
047655,聯發科兆豐93購02,0,0,0,0,0,0,0,0,0,9000,0,0,0,10000,1000,9000,9000
047393,景碩元大93購02  ,0,0,0,0,0,0,0,0,0,9000,0,0,0,81000,72000,9000,9000
050952,健策群益96購01  ,0,0,0,0,0,0,0,0,0,9000,0,0,0,89000,80000,9000,9000
051204,正崴麥證95購01  ,0,0,0,70000,60000,10000,0,0,0,9000,0,0,0,70000,61000,9000,9000
051703,台積電群益95購04,0,0,0,0,0,0,0,0,0,9000,0,0,0,344000,335000,9000,9000
051513,台積電凱基95購13,0,0,0,0,0,0,0,0,0,9000,0,0,0,10000,1000,9000,9000
051601,群創兆豐95購02  ,0,0,0,0,0,0,0,0,0,9000,0,0,0,143000,134000,9000,9000
052529,力成元大95購03  ,0,0,0,0,0,0,0,0,0,9000,0,0,0,16000,7000,9000,9000
052305,GIS永豐95購03   ,0,0,0,0,0,0,0,0,0,9000,0,0,0,12000,3000,9000,9000
053083,中環元大99購01  ,0,0,0,0,0,0,0,0,0,9000,0,0,0,30000,21000,9000,9000
053122,美律凱基98購01  ,0,0,0,0,0,0,0,0,0,9000,0,0,0,29000,20000,9000,9000
06263P,燿華凱基97售04  ,0,0,0,0,0,0,0,0,0,9000,0,0,0,10000,1000,9000,9000
06386P,欣興永豐97售03  ,0,0,0,0,0,0,0,0,0,9000,0,0,0,9000,0,9000,9000
06409P,康友元富97售03  ,0,0,0,0,0,0,0,0,0,9000,0,0,0,39000,30000,9000,9000
06331P,南亞科群益97售04,0,0,0,0,0,0,0,0,0,9000,0,0,0,21000,12000,9000,9000
05910P,力山永豐96售02  ,0,0,0,0,0,0,0,0,0,9000,0,0,0,29000,20000,9000,9000
056112,勤誠永豐97購02  ,0,0,0,0,0,0,0,0,0,9000,0,0,0,112000,103000,9000,9000
056166,微星台新97購01  ,0,0,0,0,0,0,0,0,0,9000,0,0,0,107000,98000,9000,9000
05624P,同欣電中信98售01,0,0,0,0,0,0,0,0,0,9000,0,0,0,9000,0,9000,9000
056244,群創群益98購09  ,0,0,0,0,0,0,0,0,0,9000,0,0,0,509000,500000,9000,9000
6243,迅杰            ,9000,0,9000,0,0,0,0,0,0,0,0,0,0,0,0,0,9000
3257,虹冠電          ,22000,13000,9000,0,0,0,0,0,0,0,0,0,0,0,0,0,9000
8454,富邦媒          ,33000,28000,5000,0,0,0,0,0,0,4000,5000,1000,4000,0,0,0,9000
2433,互盛電          ,19000,11000,8000,0,0,0,0,0,0,1000,1000,0,1000,0,0,0,9000
2062,橋椿            ,34000,28000,6000,0,0,0,0,0,0,3000,3000,0,3000,0,0,0,9000
08714P,華碩元富01售03  ,0,0,0,0,0,0,0,0,0,9000,0,0,0,9000,0,9000,9000
054483,聯電台新96購01  ,0,0,0,0,0,0,0,0,0,8000,0,0,0,58000,50000,8000,8000
054660,禾伸堂元大97購03,0,0,0,0,0,0,0,0,0,8000,0,0,0,507000,499000,8000,8000
054652,裕隆麥證97購01  ,0,0,0,54000,46000,8000,0,0,0,8000,0,0,0,54000,46000,8000,8000
054714,和鑫台新98購01  ,0,0,0,0,0,0,0,0,0,8000,0,0,0,49000,41000,8000,8000
055492,華新科元大97購08,0,0,0,0,0,0,0,0,0,8000,0,0,0,23000,15000,8000,8000
055461,TPK永豐97購01   ,0,0,0,0,0,0,0,0,0,8000,0,0,0,13000,5000,8000,8000
055532,中工群益98購01  ,0,0,0,0,0,0,0,0,0,8000,0,0,0,8000,0,8000,8000
055574,美律統一97購01  ,0,0,0,0,0,0,0,0,0,8000,0,0,0,96000,88000,8000,8000
053243,楠梓電國票97購02,0,0,0,0,0,0,0,0,0,8000,0,0,0,8000,0,8000,8000
053731,矽創凱基96購03  ,0,0,0,0,0,0,0,0,0,8000,0,0,0,10000,2000,8000,8000
053755,亞光元富96購01  ,0,0,0,0,0,0,0,0,0,8000,0,0,0,60000,52000,8000,8000
053506,南茂兆豐97購01  ,0,0,0,0,0,0,0,0,0,8000,0,0,0,8000,0,8000,8000
054171,台郡凱基97購01  ,0,0,0,0,0,0,0,0,0,8000,0,0,0,13000,5000,8000,8000
054252,奇力新元大96購04,0,0,0,0,0,0,0,0,0,8000,0,0,0,18000,10000,8000,8000
053994,微星群益96購01  ,0,0,0,0,0,0,0,0,0,8000,0,0,0,41000,33000,8000,8000
045298,旺宏元大94購01  ,0,0,0,0,0,0,0,0,0,8000,0,0,0,30000,22000,8000,8000
048378,貿聯元富93購01  ,0,0,0,0,0,0,0,0,0,8000,0,0,0,10000,2000,8000,8000
048644,華固元大93購01  ,0,0,0,0,0,0,0,0,0,8000,0,0,0,8000,0,8000,8000
046005,健策統一92購02  ,0,0,0,0,0,0,0,0,0,8000,0,0,0,18000,10000,8000,8000
04269P,華通國票93售03  ,0,0,0,0,0,0,0,0,0,8000,0,0,0,10000,2000,8000,8000
046602,新日興群益94購01,0,0,0,0,0,0,0,0,0,8000,0,0,0,54000,46000,8000,8000
043051,天鈺國泰93購01  ,0,0,0,0,0,0,0,0,0,8000,0,0,0,8000,0,8000,8000
00674R,元大S&P黃金反1  ,0,0,0,0,0,0,0,0,0,8000,0,0,0,11000,3000,8000,8000
0057,富邦摩台        ,0,0,0,0,0,0,0,0,0,8000,0,0,0,29000,21000,8000,8000
03713P,GIS元富93售02   ,0,0,0,0,0,0,0,0,0,8000,0,0,0,8000,0,8000,8000
03771P,中磊元大93售03  ,0,0,0,0,0,0,0,0,0,8000,0,0,0,8000,0,8000,8000
047404,香港2X統一94購01,0,0,0,0,0,0,0,0,0,8000,0,0,0,8000,0,8000,8000
048721,正文永豐94購01  ,0,0,0,0,0,0,0,0,0,8000,0,0,0,8000,0,8000,8000
048991,昇陽半元大94購01,0,0,0,0,0,0,0,0,0,8000,0,0,0,8000,0,8000,8000
047058,聯茂國票94購01  ,0,0,0,0,0,0,0,0,0,8000,0,0,0,8000,0,8000,8000
047299,樺漢元富93購01  ,0,0,0,0,0,0,0,0,0,8000,0,0,0,8000,0,8000,8000
048852,旺宏群益96購02  ,0,0,0,0,0,0,0,0,0,8000,0,0,0,44000,36000,8000,8000
048837,牧德凱基94購04  ,0,0,0,0,0,0,0,0,0,8000,0,0,0,10000,2000,8000,8000
047559,彩晶凱基94購03  ,0,0,0,0,0,0,0,0,0,8000,0,0,0,9000,1000,8000,8000
048912,牧德富邦94購01  ,0,0,0,0,0,0,0,0,0,8000,0,0,0,16000,8000,8000,8000
04894P,世紀鋼元大94售02,0,0,0,0,0,0,0,0,0,8000,0,0,0,499000,491000,8000,8000
049835,緯穎凱基94購05  ,0,0,0,0,0,0,0,0,0,8000,0,0,0,40000,32000,8000,8000
049759,元黃金富邦9A購01,0,0,0,0,0,0,0,0,0,8000,0,0,0,10000,2000,8000,8000
049874,全新康和94購01  ,0,0,0,0,0,0,0,0,0,8000,0,0,0,8000,0,8000,8000
049903,大立光元富94購06,0,0,0,0,0,0,0,0,0,8000,0,0,0,8000,0,8000,8000
04999P,南電永豐95售01  ,0,0,0,0,0,0,0,0,0,8000,0,0,0,8000,0,8000,8000
050333,鴻海國泰96購06  ,0,0,0,0,0,0,0,0,0,8000,0,0,0,8000,0,8000,8000
050241,聯發科凱基94購14,0,0,0,0,0,0,0,0,0,8000,0,0,0,68000,60000,8000,8000
049590,華新科元大94購01,0,0,0,0,0,0,0,0,0,8000,0,0,0,11000,3000,8000,8000
048114,景碩群益93購02  ,0,0,0,0,0,0,0,0,0,8000,0,0,0,8000,0,8000,8000
052784,緯穎國票97購02  ,0,0,0,0,0,0,0,0,0,8000,0,0,0,10000,2000,8000,8000
052137,台表科凱基96購02,0,0,0,0,0,0,0,0,0,8000,0,0,0,8000,0,8000,8000
051584,可成元大95購08  ,0,0,0,0,0,0,0,0,0,8000,0,0,0,58000,50000,8000,8000
051558,元金2X國泰97購01,0,0,0,0,0,0,0,0,0,8000,0,0,0,30000,22000,8000,8000
051471,國巨凱基97購01  ,0,0,0,0,0,0,0,0,0,8000,0,0,0,27000,19000,8000,8000
051805,元黃金凱基97購02,0,0,0,0,0,0,0,0,0,8000,0,0,0,8000,0,8000,8000
050899,旭富元大95購01  ,0,0,0,0,0,0,0,0,0,8000,0,0,0,15000,7000,8000,8000
050783,旺宏國泰96購02  ,0,0,0,0,0,0,0,0,0,8000,0,0,0,83000,75000,8000,8000
050745,茂林永豐94購06  ,0,0,0,0,0,0,0,0,0,8000,0,0,0,8000,0,8000,8000
050507,聯詠凱基94購06  ,0,0,0,0,0,0,0,0,0,8000,0,0,0,68000,60000,8000,8000
05036P,義隆元大95售03  ,0,0,0,0,0,0,0,0,0,8000,0,0,0,8000,0,8000,8000
2007,燁興            ,4000,0,4000,0,0,0,0,0,0,4000,4000,0,4000,0,0,0,8000
8222,寶一            ,6000,1000,5000,0,0,0,0,0,0,3000,3000,0,3000,0,0,0,8000
3346,麗清            ,24000,17000,7000,0,0,0,0,0,0,1000,1000,0,1000,0,0,0,8000
3653,健策            ,479000,399000,80000,0,0,0,50000,76000,-26000,-46000,50000,0,50000,135000,231000,-96000,8000
6192,巨路            ,33000,26000,7000,0,0,0,0,0,0,1000,1000,0,1000,0,0,0,8000
05669P,嘉晶永豐96售03  ,0,0,0,0,0,0,0,0,0,8000,0,0,0,71000,63000,8000,8000
056067,智原元大97購01  ,0,0,0,0,0,0,0,0,0,8000,0,0,0,108000,100000,8000,8000
06138P,台積電中信99售01,0,0,0,0,0,0,0,0,0,8000,0,0,0,9000,1000,8000,8000
008201,BP上證50        ,0,0,0,0,0,0,0,0,0,7600,0,0,0,7800,200,7600,7600
054066,緯穎國票97購03  ,0,0,0,0,0,0,0,0,0,7000,0,0,0,7000,0,7000,7000
05545P,台表科國泰98售01,0,0,0,0,0,0,0,0,0,7000,0,0,0,10000,3000,7000,7000
05559P,臺股指麥證96售01,0,0,0,7000,0,7000,0,0,0,7000,0,0,0,7000,0,7000,7000
054588,玉晶光國泰99購02,0,0,0,0,0,0,0,0,0,7000,0,0,0,18000,11000,7000,7000
054579,聯茂元大97購01  ,0,0,0,0,0,0,0,0,0,7000,0,0,0,107000,100000,7000,7000
054815,台積電元大97購14,0,0,0,0,0,0,0,0,0,7000,0,0,0,19000,12000,7000,7000
054972,聯茂元大97購02  ,0,0,0,0,0,0,0,0,0,7000,0,0,0,7000,0,7000,7000
03604P,群創凱基98售05  ,0,0,0,0,0,0,0,0,0,7000,0,0,0,7000,0,7000,7000
04336P,台達電元大93售04,0,0,0,0,0,0,0,0,0,7000,0,0,0,7000,0,7000,7000
03208P,國巨中信02售02  ,0,0,0,0,0,0,0,0,0,7000,0,0,0,20000,13000,7000,7000
03237P,大立光元大02售04,0,0,0,0,0,0,0,0,0,7000,0,0,0,7000,0,7000,7000
04220P,聯發科兆豐93售04,0,0,0,0,0,0,0,0,0,7000,0,0,0,29000,22000,7000,7000
04234P,華通群益94售02  ,0,0,0,0,0,0,0,0,0,7000,0,0,0,15000,8000,7000,7000
046625,勤誠凱基93購01  ,0,0,0,0,0,0,0,0,0,7000,0,0,0,7000,0,7000,7000
04158P,南電永豐93售04  ,0,0,0,0,0,0,0,0,0,7000,0,0,0,12000,5000,7000,7000
04150P,燿華康和93售01  ,0,0,0,0,0,0,0,0,0,7000,0,0,0,7000,0,7000,7000
03965P,上銀國票94售01  ,0,0,0,0,0,0,0,0,0,7000,0,0,0,7000,0,7000,7000
044049,元金2X元大94購03,0,0,0,0,0,0,0,0,0,7000,0,0,0,107000,100000,7000,7000
048025,鴻海凱基93購30  ,0,0,0,0,0,0,0,0,0,7000,0,0,0,17000,10000,7000,7000
049026,晶相光群益94購01,0,0,0,0,0,0,0,0,0,7000,0,0,0,20000,13000,7000,7000
049093,昇陽半凱基94購01,0,0,0,0,0,0,0,0,0,7000,0,0,0,9000,2000,7000,7000
050334,鴻海國泰96購07  ,0,0,0,0,0,0,0,0,0,7000,0,0,0,7000,0,7000,7000
05035P,聯發科元大95售06,0,0,0,0,0,0,0,0,0,7000,0,0,0,270000,263000,7000,7000
050122,臺指反凱基96購01,0,0,0,0,0,0,0,0,0,7000,0,0,0,7000,0,7000,7000
050020,為升元大94購06  ,0,0,0,0,0,0,0,0,0,7000,0,0,0,7000,0,7000,7000
047073,大立光兆豐94購01,0,0,0,0,0,0,0,0,0,7000,0,0,0,7000,0,7000,7000
048735,美利達麥證95購01,0,0,0,7000,0,7000,0,0,0,7000,0,0,0,7000,0,7000,7000
047395,聯茂元大94購01  ,0,0,0,0,0,0,0,0,0,7000,0,0,0,150000,143000,7000,7000
048287,嘉晶兆豐94購01  ,0,0,0,0,0,0,0,0,0,7000,0,0,0,7000,0,7000,7000
046672,聯茂元大93購01  ,0,0,0,0,0,0,0,0,0,7000,0,0,0,7000,0,7000,7000
050395,大立光元富94購10,0,0,0,0,0,0,0,0,0,7000,0,0,0,7000,0,7000,7000
050764,鴻海元大94購27  ,0,0,0,0,0,0,0,0,0,7000,0,0,0,107000,100000,7000,7000
051027,楠梓電元富95購01,0,0,0,0,0,0,0,0,0,7000,0,0,0,7000,0,7000,7000
05134P,鴻海凱基96售06  ,0,0,0,0,0,0,0,0,0,7000,0,0,0,7000,0,7000,7000
051969,世紀鋼永豐95購01,0,0,0,0,0,0,0,0,0,7000,0,0,0,75000,68000,7000,7000
051842,大成鋼富邦97購01,0,0,0,0,0,0,0,0,0,7000,0,0,0,98000,91000,7000,7000
05235P,健鼎康和95售02  ,0,0,0,0,0,0,0,0,0,7000,0,0,0,25000,18000,7000,7000
053071,南電群益96購01  ,0,0,0,0,0,0,0,0,0,7000,0,0,0,7000,0,7000,7000
05976P,國巨凱基96售14  ,0,0,0,0,0,0,0,0,0,7000,0,0,0,7000,0,7000,7000
05718P,國巨元大96售09  ,0,0,0,0,0,0,0,0,0,7000,0,0,0,132000,125000,7000,7000
05609P,國泰金凱基96售01,0,0,0,0,0,0,0,0,0,7000,0,0,0,10000,3000,7000,7000
056141,聯茂元大97購05  ,0,0,0,0,0,0,0,0,0,7000,0,0,0,7000,0,7000,7000
055967,臻鼎元大97購01  ,0,0,0,0,0,0,0,0,0,7000,0,0,0,27000,20000,7000,7000
055970,聯茂元大97購04  ,0,0,0,0,0,0,0,0,0,7000,0,0,0,7000,0,7000,7000
6443,元晶            ,97000,93000,4000,0,0,0,0,0,0,3000,3000,0,3000,0,0,0,7000
4764,雙鍵            ,8000,2000,6000,0,0,0,0,0,0,1000,1000,0,1000,0,0,0,7000
4720,德淵            ,7000,0,7000,0,0,0,0,0,0,0,3000,3000,0,0,0,0,7000
1902,台紙            ,78000,80000,-2000,0,0,0,0,0,0,9000,9000,0,9000,0,0,0,7000
1615,大山            ,8000,2000,6000,0,0,0,0,0,0,1000,1000,0,1000,0,0,0,7000
1612,宏泰            ,12000,9000,3000,0,0,0,0,0,0,4000,4000,0,4000,0,0,0,7000
1507,永大            ,384000,381000,3000,0,0,0,0,0,0,4000,4000,0,4000,0,0,0,7000
1108,幸福            ,16000,9000,7000,0,0,0,0,0,0,0,0,0,0,0,0,0,7000
1423,利華            ,8000,2000,6000,0,0,0,0,0,0,1000,1000,0,1000,0,0,0,7000
2427,三商電          ,4000,2000,2000,0,0,0,0,0,0,5000,6000,1000,5000,0,0,0,7000
2528,皇普            ,22000,40000,-18000,0,0,0,0,0,0,25000,26000,1000,25000,0,0,0,7000
2506,太設            ,3000,0,3000,0,0,0,0,0,0,4000,4000,0,4000,0,0,0,7000
3025,星通            ,23000,17000,6000,0,0,0,0,0,0,1000,1000,0,1000,0,0,0,7000
054960,新日興元大97購02,0,0,0,0,0,0,0,0,0,6000,0,0,0,26000,20000,6000,6000
054609,正崴永豐97購01  ,0,0,0,0,0,0,0,0,0,6000,0,0,0,6000,0,6000,6000
054488,禾伸堂台新96購01,0,0,0,0,0,0,0,0,0,6000,0,0,0,6000,0,6000,6000
054522,康友元大96購07  ,0,0,0,0,0,0,0,0,0,6000,0,0,0,206000,200000,6000,6000
054679,台積電康和99購01,0,0,0,0,0,0,0,0,0,6000,0,0,0,61000,55000,6000,6000
055586,旺宏元大98購06  ,0,0,0,0,0,0,0,0,0,6000,0,0,0,41000,35000,6000,6000
055667,致茂群益98購01  ,0,0,0,0,0,0,0,0,0,6000,0,0,0,12000,6000,6000,6000
055522,道瓊反群益01購01,0,0,0,0,0,0,0,0,0,6000,0,0,0,10000,4000,6000,6000
05550P,臺股指元大96售07,0,0,0,0,0,0,0,0,0,6000,0,0,0,56000,50000,6000,6000
053892,景碩群益96購02  ,0,0,0,0,0,0,0,0,0,6000,0,0,0,14000,8000,6000,6000
054435,華新科台新97購02,0,0,0,0,0,0,0,0,0,6000,0,0,0,57000,51000,6000,6000
05438P,康控永豐95售05  ,0,0,0,0,0,0,0,0,0,6000,0,0,0,6000,0,6000,6000
053169,貿聯群益97購01  ,0,0,0,0,0,0,0,0,0,6000,0,0,0,131000,125000,6000,6000
05321P,鴻海凱基95售17  ,0,0,0,0,0,0,0,0,0,6000,0,0,0,6000,0,6000,6000
045851,健策永豐92購01  ,0,0,0,0,0,0,0,0,0,6000,0,0,0,28000,22000,6000,6000
04450P,京元電凱基94售01,0,0,0,0,0,0,0,0,0,6000,0,0,0,46000,40000,6000,6000
048533,景碩國票94購01  ,0,0,0,0,0,0,0,0,0,6000,0,0,0,45000,39000,6000,6000
04172P,大立光凱基93售34,0,0,0,0,0,0,0,0,0,6000,0,0,0,6000,0,6000,6000
04297P,微星元大93售03  ,0,0,0,0,0,0,0,0,0,6000,0,0,0,6000,0,6000,6000
03203P,台積電凱基01售26,0,0,0,0,0,0,0,0,0,6000,0,0,0,10000,4000,6000,6000
03366P,TPK元大02售03   ,0,0,0,0,0,0,0,0,0,6000,0,0,0,6000,0,6000,6000
03039X,元展36          ,0,0,0,0,0,0,0,0,0,6000,0,0,0,6000,0,6000,6000
049256,瑞昱元大94購04  ,0,0,0,0,0,0,0,0,0,6000,0,0,0,401000,395000,6000,6000
047627,華新科國票94購03,0,0,0,0,0,0,0,0,0,6000,0,0,0,7000,1000,6000,6000
04709P,台積電元大94售15,0,0,0,0,0,0,0,0,0,6000,0,0,0,106000,100000,6000,6000
047342,T50反1中信99購01,0,0,0,0,0,0,0,0,0,6000,0,0,0,6000,0,6000,6000
049693,可成元大94購08  ,0,0,0,0,0,0,0,0,0,6000,0,0,0,56000,50000,6000,6000
050196,嘉聯益元大97購01,0,0,0,0,0,0,0,0,0,6000,0,0,0,564000,558000,6000,6000
048080,元石油凱基96購01,0,0,0,0,0,0,0,0,0,6000,0,0,0,10000,4000,6000,6000
047782,燿華國泰95購01  ,0,0,0,0,0,0,0,0,0,6000,0,0,0,6000,0,6000,6000
049629,臺股指群益94購02,0,0,0,0,0,0,0,0,0,6000,0,0,0,6000,0,6000,6000
052920,景碩台新96購02  ,0,0,0,0,0,0,0,0,0,6000,0,0,0,105000,99000,6000,6000
052742,可成元大96購01  ,0,0,0,0,0,0,0,0,0,6000,0,0,0,62000,56000,6000,6000
052709,光寶科日盛96購01,0,0,0,0,0,0,0,0,0,6000,0,0,0,252000,246000,6000,6000
052449,創意元大95購04  ,0,0,0,0,0,0,0,0,0,6000,0,0,0,542000,536000,6000,6000
051988,台光電元大95購01,0,0,0,0,0,0,0,0,0,6000,0,0,0,106000,100000,6000,6000
051962,晶相光永豐95購02,0,0,0,0,0,0,0,0,0,6000,0,0,0,8000,2000,6000,6000
052099,臺股指富邦95購02,0,0,0,0,0,0,0,0,0,6000,0,0,0,6000,0,6000,6000
051348,國巨元大95購07  ,0,0,0,0,0,0,0,0,0,6000,0,0,0,153000,147000,6000,6000
051274,華新科亞東96購01,0,0,0,0,0,0,0,0,0,6000,0,0,0,6000,0,6000,6000
051795,T50反1台新05購02,0,0,0,0,0,0,0,0,0,6000,0,0,0,6000,0,6000,6000
05165P,欣興元富95售03  ,0,0,0,0,0,0,0,0,0,6000,0,0,0,6000,0,6000,6000
051662,大立光永昌96購03,0,0,0,0,0,0,0,0,0,6000,0,0,0,12000,6000,6000,6000
051553,牧德永豐96購02  ,0,0,0,0,0,0,0,0,0,6000,0,0,0,18000,12000,6000,6000
051492,臻鼎凱基95購01  ,0,0,0,0,0,0,0,0,0,6000,0,0,0,6000,0,6000,6000
051077,台郡國泰96購02  ,0,0,0,0,0,0,0,0,0,6000,0,0,0,25000,19000,6000,6000
050489,聯詠元富94購01  ,0,0,0,0,0,0,0,0,0,6000,0,0,0,6000,0,6000,6000
05055P,台表科群益95售01,0,0,0,0,0,0,0,0,0,6000,0,0,0,11000,5000,6000,6000
2911,麗嬰房          ,12000,8000,4000,0,0,0,0,0,0,2000,2000,0,2000,0,0,0,6000
2514,龍邦            ,23000,22000,1000,0,0,0,0,0,0,5000,5000,0,5000,0,0,0,6000
2459,敦吉            ,31000,4000,27000,0,0,0,0,0,0,-21000,1000,22000,-21000,0,0,0,6000
1435,中福            ,5000,0,5000,0,0,0,0,0,0,1000,1000,0,1000,0,0,0,6000
1459,聯發            ,5000,1000,4000,0,0,0,0,0,0,2000,2000,0,2000,0,0,0,6000
08995P,台灣50群益01售12,0,0,0,0,0,0,0,0,0,6000,0,0,0,6000,0,6000,6000
1474,弘裕            ,4000,0,4000,0,0,0,0,0,0,2000,2000,0,2000,0,0,0,6000
1524,耿鼎            ,8000,3000,5000,0,0,0,0,0,0,1000,2000,1000,1000,0,0,0,6000
1539,巨庭            ,13000,7000,6000,0,0,0,0,0,0,0,0,0,0,0,0,0,6000
2029,盛餘            ,9000,6000,3000,0,0,0,0,0,0,3000,3000,0,3000,0,0,0,6000
4739,康普            ,106000,101000,5000,0,0,0,0,0,0,1000,1000,0,1000,0,0,0,6000
3591,艾笛森          ,13000,7000,6000,0,0,0,0,0,0,0,0,0,0,0,0,0,6000
5484,慧友            ,6000,0,6000,0,0,0,0,0,0,0,0,0,0,0,0,0,6000
055747,康舒元富97購01  ,0,0,0,0,0,0,0,0,0,6000,0,0,0,26000,20000,6000,6000
056311,泰鼎元大98購01  ,0,0,0,0,0,0,0,0,0,6000,0,0,0,254000,248000,6000,6000
05737P,臺股指統一96售07,0,0,0,0,0,0,0,0,0,6000,0,0,0,6000,0,6000,6000
06010P,國泰金元富96售01,0,0,0,0,0,0,0,0,0,6000,0,0,0,27000,21000,6000,6000
06145P,華新科永豐97售02,0,0,0,0,0,0,0,0,0,6000,0,0,0,6000,0,6000,6000
06110P,國巨國泰98售02  ,0,0,0,0,0,0,0,0,0,6000,0,0,0,268000,262000,6000,6000
06304P,臺股指元大97售10,0,0,0,0,0,0,0,0,0,6000,0,0,0,6000,0,6000,6000
06294P,臺股指國票97售08,0,0,0,0,0,0,0,0,0,6000,0,0,0,6000,0,6000,6000
053292,美律中信98購01  ,0,0,0,0,0,0,0,0,0,5000,0,0,0,56000,51000,5000,5000
053325,GIS群益96購02   ,0,0,0,0,0,0,0,0,0,5000,0,0,0,5000,0,5000,5000
053305,聯詠凱基96購02  ,0,0,0,0,0,0,0,0,0,5000,0,0,0,73000,68000,5000,5000
053489,上銀兆豐97購01  ,0,0,0,0,0,0,0,0,0,5000,0,0,0,10000,5000,5000,5000
053654,聯發科凱基98購01,0,0,0,0,0,0,0,0,0,5000,0,0,0,180000,175000,5000,5000
053576,智原元富96購01  ,0,0,0,0,0,0,0,0,0,5000,0,0,0,5000,0,5000,5000
05378P,台積電凱基96售02,0,0,0,0,0,0,0,0,0,5000,0,0,0,6000,1000,5000,5000
054209,台積電國票97購08,0,0,0,0,0,0,0,0,0,5000,0,0,0,51000,46000,5000,5000
05420P,大立光國泰97售03,0,0,0,0,0,0,0,0,0,5000,0,0,0,15000,10000,5000,5000
054224,亞光統一98購01  ,0,0,0,0,0,0,0,0,0,5000,0,0,0,5000,0,5000,5000
053819,大立光群益96購04,0,0,0,0,0,0,0,0,0,5000,0,0,0,5000,0,5000,5000
05391P,鴻海統一95售12  ,0,0,0,0,0,0,0,0,0,5000,0,0,0,5000,0,5000,5000
05397P,大立光凱基96售08,0,0,0,0,0,0,0,0,0,5000,0,0,0,355000,350000,5000,5000
054150,國巨國泰97購05  ,0,0,0,0,0,0,0,0,0,5000,0,0,0,5000,0,5000,5000
055538,鴻海日盛97購04  ,0,0,0,0,0,0,0,0,0,5000,0,0,0,88000,83000,5000,5000
055164,矽創元大98購01  ,0,0,0,0,0,0,0,0,0,5000,0,0,0,105000,100000,5000,5000
055309,冠德群益97購01  ,0,0,0,0,0,0,0,0,0,5000,0,0,0,16000,11000,5000,5000
054744,晶相光凱基99購01,0,0,0,0,0,0,0,0,0,5000,0,0,0,5000,0,5000,5000
05452P,亞德客群益95售02,0,0,0,0,0,0,0,0,0,5000,0,0,0,25000,20000,5000,5000
054555,欣興凱基98購01  ,0,0,0,0,0,0,0,0,0,5000,0,0,0,73000,68000,5000,5000
054513,元金2X元大96購01,0,0,0,0,0,0,0,0,0,5000,0,0,0,205000,200000,5000,5000
054949,奇力新元大98購01,0,0,0,0,0,0,0,0,0,5000,0,0,0,22000,17000,5000,5000
055046,上銀永豐97購01  ,0,0,0,0,0,0,0,0,0,5000,0,0,0,80000,75000,5000,5000
055050,敬鵬永豐97購01  ,0,0,0,0,0,0,0,0,0,5000,0,0,0,5000,0,5000,5000
03680P,矽創元大92售05  ,0,0,0,0,0,0,0,0,0,5000,0,0,0,100000,95000,5000,5000
03753P,臺股指康和93售04,0,0,0,0,0,0,0,0,0,5000,0,0,0,5000,0,5000,5000
03607P,滬深2X富邦95售01,0,0,0,0,0,0,0,0,0,5000,0,0,0,5000,0,5000,5000
03563P,台灣50群益02售14,0,0,0,0,0,0,0,0,0,5000,0,0,0,5000,0,5000,5000
03694P,嘉聯益永豐93售01,0,0,0,0,0,0,0,0,0,5000,0,0,0,5000,0,5000,5000
03641C,臺股指凱基95牛18,0,0,0,0,0,0,0,0,0,5000,0,0,0,20000,15000,5000,5000
006204,永豐臺灣加權    ,0,0,0,0,0,0,0,0,0,5000,0,0,0,48000,43000,5000,5000
0052,富邦科技        ,5000,3000,2000,0,0,0,0,0,0,3000,0,0,0,92000,89000,3000,5000
03243P,台積電統一02售08,0,0,0,0,0,0,0,0,0,5000,0,0,0,10000,5000,5000,5000
03349P,台灣50麥證02售04,0,0,0,0,0,0,0,0,0,5000,0,0,0,5000,0,5000,5000
03422B,臺股指凱基96熊28,0,0,0,0,0,0,0,0,0,5000,0,0,0,5000,0,5000,5000
03422P,GIS群益02售04   ,0,0,0,0,0,0,0,0,0,5000,0,0,0,5000,0,5000,5000
03809P,鴻海永昌93售04  ,0,0,0,0,0,0,0,0,0,5000,0,0,0,5000,0,5000,5000
04347P,全新群益94售01  ,0,0,0,0,0,0,0,0,0,5000,0,0,0,5000,0,5000,5000
04295P,智邦元大93售10  ,0,0,0,0,0,0,0,0,0,5000,0,0,0,1552000,1547000,5000,5000
042994,葡萄王元大94購02,0,0,0,0,0,0,0,0,0,5000,0,0,0,105000,100000,5000,5000
042137,元油2X元大93購01,0,0,0,0,0,0,0,0,0,5000,0,0,0,5000,0,5000,5000
044011,鴻海凱基93購03  ,0,0,0,0,0,0,0,0,0,5000,0,0,0,15000,10000,5000,5000
046597,可成亞東93購01  ,0,0,0,0,0,0,0,0,0,5000,0,0,0,5000,0,5000,5000
045534,深中小群益94購01,0,0,0,0,0,0,0,0,0,5000,0,0,0,10000,5000,5000,5000
03885P,華新科統一96售01,0,0,0,0,0,0,0,0,0,5000,0,0,0,5000,0,5000,5000
048562,宏達電元大95購01,0,0,0,0,0,0,0,0,0,5000,0,0,0,105000,100000,5000,5000
048469,微星永豐93購03  ,0,0,0,0,0,0,0,0,0,5000,0,0,0,5000,0,5000,5000
04846P,旺宏凱基94售07  ,0,0,0,0,0,0,0,0,0,5000,0,0,0,23000,18000,5000,5000
048443,旺宏凱基93購08  ,0,0,0,0,0,0,0,0,0,5000,0,0,0,29000,24000,5000,5000
044475,國巨元富95購02  ,0,0,0,0,0,0,0,0,0,5000,0,0,0,5000,0,5000,5000
04510P,臺股指元大94售05,0,0,0,0,0,0,0,0,0,5000,0,0,0,5000,0,5000,5000
04410P,大立光統一94售05,0,0,0,0,0,0,0,0,0,5000,0,0,0,5000,0,5000,5000
046511,欣興元大92購08  ,0,0,0,0,0,0,0,0,0,5000,0,0,0,985000,980000,5000,5000
045320,鴻海統一92購05  ,0,0,0,0,0,0,0,0,0,5000,0,0,0,5000,0,5000,5000
045310,康友元大92購04  ,0,0,0,0,0,0,0,0,0,5000,0,0,0,5000,0,5000,5000
045288,元油2X元大95購02,0,0,0,0,0,0,0,0,0,5000,0,0,0,5000,0,5000,5000
045236,元油2X國票92購05,0,0,0,0,0,0,0,0,0,5000,0,0,0,5000,0,5000,5000
045130,瑞昱統一92購01  ,0,0,0,0,0,0,0,0,0,5000,0,0,0,5000,0,5000,5000
045160,致新凱基92購01  ,0,0,0,0,0,0,0,0,0,5000,0,0,0,5000,0,5000,5000
046234,彩晶元大92購01  ,0,0,0,0,0,0,0,0,0,5000,0,0,0,15000,10000,5000,5000
045836,群創群益98購01  ,0,0,0,0,0,0,0,0,0,5000,0,0,0,5000,0,5000,5000
044935,玉晶光元大93購03,0,0,0,0,0,0,0,0,0,5000,0,0,0,25000,20000,5000,5000
049611,緯穎兆豐95購02  ,0,0,0,0,0,0,0,0,0,5000,0,0,0,5000,0,5000,5000
048066,樺漢統一93購01  ,0,0,0,0,0,0,0,0,0,5000,0,0,0,5000,0,5000,5000
04691P,智邦群益94售02  ,0,0,0,0,0,0,0,0,0,5000,0,0,0,17000,12000,5000,5000
050236,旺宏凱基94購06  ,0,0,0,0,0,0,0,0,0,5000,0,0,0,29000,24000,5000,5000
050263,旺宏元大94購10  ,0,0,0,0,0,0,0,0,0,5000,0,0,0,32000,27000,5000,5000
04984P,臺股指康和94售04,0,0,0,0,0,0,0,0,0,5000,0,0,0,5000,0,5000,5000
050039,鴻海中信94購03  ,0,0,0,0,0,0,0,0,0,5000,0,0,0,5000,0,5000,5000
049980,奇力新凱基94購04,0,0,0,0,0,0,0,0,0,5000,0,0,0,13000,8000,5000,5000
047291,台積電元富93購05,0,0,0,0,0,0,0,0,0,5000,0,0,0,5000,0,5000,5000
047243,為升群益93購02  ,0,0,0,0,0,0,0,0,0,5000,0,0,0,5000,0,5000,5000
046853,友達元大93購03  ,0,0,0,0,0,0,0,0,0,5000,0,0,0,25000,20000,5000,5000
04766P,緯穎永豐94售02  ,0,0,0,0,0,0,0,0,0,5000,0,0,0,205000,200000,5000,5000
04769P,高股息元大94售01,0,0,0,0,0,0,0,0,0,5000,0,0,0,5000,0,5000,5000
047083,大立光永豐93購01,0,0,0,0,0,0,0,0,0,5000,0,0,0,10000,5000,5000,5000
047576,技嘉群益94購01  ,0,0,0,0,0,0,0,0,0,5000,0,0,0,15000,10000,5000,5000
048742,瀚宇博統一94購01,0,0,0,0,0,0,0,0,0,5000,0,0,0,123000,118000,5000,5000
04926P,聯發科凱基95售03,0,0,0,0,0,0,0,0,0,5000,0,0,0,5000,0,5000,5000
047527,高鐵元大93購02  ,0,0,0,0,0,0,0,0,0,5000,0,0,0,5000,0,5000,5000
048983,牧德元大95購01  ,0,0,0,0,0,0,0,0,0,5000,0,0,0,185000,180000,5000,5000
046668,嘉澤元大93購01  ,0,0,0,0,0,0,0,0,0,5000,0,0,0,5000,0,5000,5000
048288,T50反1群益93購05,0,0,0,0,0,0,0,0,0,5000,0,0,0,5000,0,5000,5000
048755,志超元富96購01  ,0,0,0,0,0,0,0,0,0,5000,0,0,0,10000,5000,5000,5000
050519,旺宏元大95購03  ,0,0,0,0,0,0,0,0,0,5000,0,0,0,218000,213000,5000,5000
050532,矽創元大94購03  ,0,0,0,0,0,0,0,0,0,5000,0,0,0,105000,100000,5000,5000
050928,日月光凱基95購01,0,0,0,0,0,0,0,0,0,5000,0,0,0,23000,18000,5000,5000
051524,貿聯凱基95購02  ,0,0,0,0,0,0,0,0,0,5000,0,0,0,110000,105000,5000,5000
05153P,台表科群益96售01,0,0,0,0,0,0,0,0,0,5000,0,0,0,5000,0,5000,5000
051645,光寶科永豐95購01,0,0,0,0,0,0,0,0,0,5000,0,0,0,77000,72000,5000,5000
051791,智伸科國票96購01,0,0,0,0,0,0,0,0,0,5000,0,0,0,55000,50000,5000,5000
051269,康友富邦97購01  ,0,0,0,0,0,0,0,0,0,5000,0,0,0,7000,2000,5000,5000
051267,美律富邦96購01  ,0,0,0,0,0,0,0,0,0,5000,0,0,0,5000,0,5000,5000
051453,智伸科元大95購02,0,0,0,0,0,0,0,0,0,5000,0,0,0,5000,0,5000,5000
052176,景碩元大96購01  ,0,0,0,0,0,0,0,0,0,5000,0,0,0,5000,0,5000,5000
051979,群創凱基97購01  ,0,0,0,0,0,0,0,0,0,5000,0,0,0,6000,1000,5000,5000
051983,道瓊反元大95購01,0,0,0,0,0,0,0,0,0,5000,0,0,0,24000,19000,5000,5000
051850,臻鼎中信96購01  ,0,0,0,0,0,0,0,0,0,5000,0,0,0,20000,15000,5000,5000
051862,旺宏凱基95購05  ,0,0,0,0,0,0,0,0,0,5000,0,0,0,32000,27000,5000,5000
052325,高股息中信99購01,0,0,0,0,0,0,0,0,0,5000,0,0,0,17000,12000,5000,5000
052646,淘帝永豐96購01  ,0,0,0,0,0,0,0,0,0,5000,0,0,0,15000,10000,5000,5000
052633,國巨凱基96購05  ,0,0,0,0,0,0,0,0,0,5000,0,0,0,39000,34000,5000,5000
052971,京元電群益98購01,0,0,0,0,0,0,0,0,0,5000,0,0,0,5000,0,5000,5000
06295P,國巨元大97售14  ,0,0,0,0,0,0,0,0,0,5000,0,0,0,68000,63000,5000,5000
06305P,臺股指元大97售11,0,0,0,0,0,0,0,0,0,5000,0,0,0,20000,15000,5000,5000
06308P,國巨元富97售06  ,0,0,0,0,0,0,0,0,0,5000,0,0,0,5000,0,5000,5000
06354P,大立光永豐97售04,0,0,0,0,0,0,0,0,0,5000,0,0,0,5000,0,5000,5000
06029P,聯發科台新96售02,0,0,0,0,0,0,0,0,0,5000,0,0,0,9000,4000,5000,5000
05942P,奇力新凱基96售04,0,0,0,0,0,0,0,0,0,5000,0,0,0,5000,0,5000,5000
05958P,聯發科國票97售04,0,0,0,0,0,0,0,0,0,5000,0,0,0,5000,0,5000,5000
05728P,滬深2X凱基98售03,0,0,0,0,0,0,0,0,0,5000,0,0,0,5000,0,5000,5000
05720P,可成中信98售01  ,0,0,0,0,0,0,0,0,0,5000,0,0,0,5000,0,5000,5000
05836P,臺股指元富96售08,0,0,0,0,0,0,0,0,0,5000,0,0,0,5000,0,5000,5000
05870P,聯發科凱基96售19,0,0,0,0,0,0,0,0,0,5000,0,0,0,5000,0,5000,5000
05796P,臺股指群益96售10,0,0,0,0,0,0,0,0,0,5000,0,0,0,5000,0,5000,5000
056304,創意元大97購03  ,0,0,0,0,0,0,0,0,0,5000,0,0,0,105000,100000,5000,5000
05683P,矽創元大96售01  ,0,0,0,0,0,0,0,0,0,5000,0,0,0,405000,400000,5000,5000
05618P,聯發科元富96售02,0,0,0,0,0,0,0,0,0,5000,0,0,0,10000,5000,5000,5000
055910,瑞昱凱基98購01  ,0,0,0,0,0,0,0,0,0,5000,0,0,0,11000,6000,5000,5000
055975,鴻海統一98購05  ,0,0,0,0,0,0,0,0,0,5000,0,0,0,35000,30000,5000,5000
3305,昇貿            ,20000,9000,11000,0,0,0,0,0,0,-6000,1000,7000,-6000,0,0,0,5000
4557,永新-KY         ,5000,0,5000,0,0,0,0,0,0,0,0,0,0,0,0,0,5000
3702A,大聯大甲特      ,0,0,0,0,0,0,0,0,0,5000,5000,0,5000,0,0,0,5000
4144,康聯-KY         ,6000,9000,-3000,0,0,0,0,0,0,8000,8000,0,8000,0,0,0,5000
8467,波力-KY         ,6000,2000,4000,0,0,0,0,0,0,1000,1000,0,1000,0,0,0,5000
9931,欣高            ,7000,2000,5000,0,0,0,0,0,0,0,0,0,0,0,0,0,5000
9955,佳龍            ,51000,52000,-1000,0,0,0,0,0,0,6000,6000,0,6000,0,0,0,5000
1808,潤隆            ,121000,121000,0,0,0,0,0,0,0,5000,5000,0,5000,0,0,0,5000
1805,寶徠            ,4000,0,4000,0,0,0,0,0,0,1000,1000,0,1000,0,0,0,5000
1528,恩德            ,9000,6000,3000,0,0,0,0,0,0,2000,2000,0,2000,0,0,0,5000
1465,偉全            ,4000,0,4000,0,0,0,0,0,0,1000,1000,0,1000,0,0,0,5000
1203,味王            ,6000,3000,3000,0,0,0,0,0,0,2000,2000,0,2000,0,0,0,5000
08213P,台光電統一9B售03,0,0,0,0,0,0,0,0,0,5000,0,0,0,10000,5000,5000,5000
2397,友通            ,9000,6000,3000,0,0,0,0,0,0,2000,2000,0,2000,0,0,0,5000
2701,萬企            ,1000,0,1000,0,0,0,0,0,0,4000,4000,0,4000,0,0,0,5000
3028,增你強          ,15000,11000,4000,0,0,0,0,0,0,1000,1000,0,1000,0,0,0,5000
05503P,智邦日盛96售01  ,0,0,0,0,0,0,0,0,0,4000,0,0,0,30000,26000,4000,4000
054937,國巨元大97購03  ,0,0,0,0,0,0,0,0,0,4000,0,0,0,15000,11000,4000,4000
054914,億光凱基98購01  ,0,0,0,0,0,0,0,0,0,4000,0,0,0,37000,33000,4000,4000
05451P,臺股指元大95售28,0,0,0,0,0,0,0,0,0,4000,0,0,0,1501000,1497000,4000,4000
054564,玉晶光群益99購01,0,0,0,0,0,0,0,0,0,4000,0,0,0,61000,57000,4000,4000
054749,聯茂凱基98購01  ,0,0,0,0,0,0,0,0,0,4000,0,0,0,14000,10000,4000,4000
054673,京鼎國泰98購01  ,0,0,0,0,0,0,0,0,0,4000,0,0,0,28000,24000,4000,4000
054649,聯茂群益97購01  ,0,0,0,0,0,0,0,0,0,4000,0,0,0,4000,0,4000,4000
053874,台表科元大96購05,0,0,0,0,0,0,0,0,0,4000,0,0,0,14000,10000,4000,4000
054399,智易永豐96購03  ,0,0,0,0,0,0,0,0,0,4000,0,0,0,54000,50000,4000,4000
053748,燿華永豐96購04  ,0,0,0,0,0,0,0,0,0,4000,0,0,0,95000,91000,4000,4000
053652,友達凱基98購04  ,0,0,0,0,0,0,0,0,0,4000,0,0,0,4000,0,4000,4000
053425,京鼎永豐96購01  ,0,0,0,0,0,0,0,0,0,4000,0,0,0,4000,0,4000,4000
053245,全新國票97購01  ,0,0,0,0,0,0,0,0,0,4000,0,0,0,24000,20000,4000,4000
053180,同欣電統一96購01,0,0,0,0,0,0,0,0,0,4000,0,0,0,96000,92000,4000,4000
045237,欣興國票92購01  ,0,0,0,0,0,0,0,0,0,4000,0,0,0,4000,0,4000,4000
046395,友達國泰93購04  ,0,0,0,0,0,0,0,0,0,4000,0,0,0,4000,0,4000,4000
046312,可成元大92購10  ,0,0,0,0,0,0,0,0,0,4000,0,0,0,4000,0,4000,4000
04456P,日月光統一94售01,0,0,0,0,0,0,0,0,0,4000,0,0,0,15000,11000,4000,4000
045924,鴻海台新92購01  ,0,0,0,0,0,0,0,0,0,4000,0,0,0,4000,0,4000,4000
048436,聯茂日盛93購01  ,0,0,0,0,0,0,0,0,0,4000,0,0,0,4000,0,4000,4000
048476,同欣電永豐93購01,0,0,0,0,0,0,0,0,0,4000,0,0,0,49000,45000,4000,4000
048516,麗豐凱基93購02  ,0,0,0,0,0,0,0,0,0,4000,0,0,0,34000,30000,4000,4000
048349,美利達元大96購02,0,0,0,0,0,0,0,0,0,4000,0,0,0,4000,0,4000,4000
048234,美利達凱基93購03,0,0,0,0,0,0,0,0,0,4000,0,0,0,4000,0,4000,4000
048651,美利達元大96購05,0,0,0,0,0,0,0,0,0,4000,0,0,0,4000,0,4000,4000
04054P,滬深2X富邦96售02,0,0,0,0,0,0,0,0,0,4000,0,0,0,14000,10000,4000,4000
04086P,臺股指元富93售04,0,0,0,0,0,0,0,0,0,4000,0,0,0,4000,0,4000,4000
04163P,可成統一93售03  ,0,0,0,0,0,0,0,0,0,4000,0,0,0,32000,28000,4000,4000
04223P,友達統一93售05  ,0,0,0,0,0,0,0,0,0,4000,0,0,0,5000,1000,4000,4000
045392,滬深2X國泰93購01,0,0,0,0,0,0,0,0,0,4000,0,0,0,4000,0,4000,4000
043656,上証反元大94購01,0,0,0,0,0,0,0,0,0,4000,0,0,0,22000,18000,4000,4000
03419B,臺股指元富99熊03,0,0,0,0,0,0,0,0,0,4000,0,0,0,4000,0,4000,4000
03530P,臺股指凱基02售09,0,0,0,0,0,0,0,0,0,4000,0,0,0,4000,0,4000,4000
00691R,兆豐藍籌30反1   ,0,0,0,0,0,0,0,0,0,4000,0,0,0,5000,1000,4000,4000
04867P,美律統一94售03  ,0,0,0,0,0,0,0,0,0,4000,0,0,0,70000,66000,4000,4000
048779,美利達凱基94購01,0,0,0,0,0,0,0,0,0,4000,0,0,0,4000,0,4000,4000
049945,樺漢第一94購01  ,0,0,0,0,0,0,0,0,0,4000,0,0,0,4000,0,4000,4000
050035,聯茂元大94購07  ,0,0,0,0,0,0,0,0,0,4000,0,0,0,124000,120000,4000,4000
04986P,茂林永豐94售05  ,0,0,0,0,0,0,0,0,0,4000,0,0,0,4000,0,4000,4000
049742,日月光群益94購02,0,0,0,0,0,0,0,0,0,4000,0,0,0,12000,8000,4000,4000
05027P,南電群益95售01  ,0,0,0,0,0,0,0,0,0,4000,0,0,0,25000,21000,4000,4000
050358,致新群益94購01  ,0,0,0,0,0,0,0,0,0,4000,0,0,0,4000,0,4000,4000
050335,正崴國泰96購01  ,0,0,0,0,0,0,0,0,0,4000,0,0,0,11000,7000,4000,4000
050200,致新元大94購01  ,0,0,0,0,0,0,0,0,0,4000,0,0,0,15000,11000,4000,4000
049614,聯茂中信94購01  ,0,0,0,0,0,0,0,0,0,4000,0,0,0,4000,0,4000,4000
048113,欣興群益93購08  ,0,0,0,0,0,0,0,0,0,4000,0,0,0,14000,10000,4000,4000
053061,GIS富邦97購01   ,0,0,0,0,0,0,0,0,0,4000,0,0,0,5000,1000,4000,4000
053076,貿聯永豐96購01  ,0,0,0,0,0,0,0,0,0,4000,0,0,0,7000,3000,4000,4000
053087,冠德元大96購02  ,0,0,0,0,0,0,0,0,0,4000,0,0,0,20000,16000,4000,4000
053094,聯電統一97購02  ,0,0,0,0,0,0,0,0,0,4000,0,0,0,44000,40000,4000,4000
052739,國巨元大96購04  ,0,0,0,0,0,0,0,0,0,4000,0,0,0,12000,8000,4000,4000
052821,晶技永豐96購01  ,0,0,0,0,0,0,0,0,0,4000,0,0,0,4000,0,4000,4000
05228P,大立光元富95售09,0,0,0,0,0,0,0,0,0,4000,0,0,0,34000,30000,4000,4000
052415,台表科麥證95購02,0,0,0,4000,0,4000,0,0,0,4000,0,0,0,4000,0,4000,4000
051999,勤誠元大95購01  ,0,0,0,0,0,0,0,0,0,4000,0,0,0,24000,20000,4000,4000
052004,泰碩國泰97購03  ,0,0,0,0,0,0,0,0,0,4000,0,0,0,24000,20000,4000,4000
052009,群創第一95購01  ,0,0,0,0,0,0,0,0,0,4000,0,0,0,14000,10000,4000,4000
051924,聯茂日盛95購01  ,0,0,0,0,0,0,0,0,0,4000,0,0,0,168000,164000,4000,4000
052121,全新國票96購03  ,0,0,0,0,0,0,0,0,0,4000,0,0,0,4000,0,4000,4000
05206P,南茂元大95售01  ,0,0,0,0,0,0,0,0,0,4000,0,0,0,4000,0,4000,4000
051272,嘉晶群益95購01  ,0,0,0,0,0,0,0,0,0,4000,0,0,0,13000,9000,4000,4000
051818,國巨統一95購02  ,0,0,0,0,0,0,0,0,0,4000,0,0,0,50000,46000,4000,4000
051527,台郡凱基95購03  ,0,0,0,0,0,0,0,0,0,4000,0,0,0,10000,6000,4000,4000
050833,台郡凱基95購01  ,0,0,0,0,0,0,0,0,0,4000,0,0,0,60000,56000,4000,4000
050880,大立光元富95購03,0,0,0,0,0,0,0,0,0,4000,0,0,0,4000,0,4000,4000
050452,智原元大95購04  ,0,0,0,0,0,0,0,0,0,4000,0,0,0,4000,0,4000,4000
050425,國巨凱基94購12  ,0,0,0,0,0,0,0,0,0,4000,0,0,0,9000,5000,4000,4000
050687,上銀日盛94購01  ,0,0,0,0,0,0,0,0,0,4000,0,0,0,38000,34000,4000,4000
3021,鴻名            ,6000,3000,3000,0,0,0,0,0,0,1000,1000,0,1000,0,0,0,4000
2243,宏旭-KY         ,10000,6000,4000,0,0,0,0,0,0,0,0,0,0,0,0,0,4000
2460,建通            ,4000,3000,1000,0,0,0,0,0,0,3000,3000,0,3000,0,0,0,4000
2483,百容            ,5000,2000,3000,0,0,0,0,0,0,1000,1000,0,1000,0,0,0,4000
1443,立益            ,2000,0,2000,0,0,0,0,0,0,2000,2000,0,2000,0,0,0,4000
1506,正道            ,3000,0,3000,0,0,0,0,0,0,1000,1000,0,1000,0,0,0,4000
1521,大億            ,7000,4000,3000,0,0,0,0,0,0,1000,1000,0,1000,0,0,0,4000
1614,三洋電          ,11000,12000,-1000,0,0,0,0,0,0,5000,5000,0,5000,0,0,0,4000
2109,華豐            ,0,0,0,0,0,0,0,0,0,4000,4000,0,4000,0,0,0,4000
9905,大華            ,9000,8000,1000,0,0,0,0,0,0,3000,3000,0,3000,0,0,0,4000
8466,美吉吉-KY       ,3000,0,3000,0,0,0,0,0,0,1000,1000,0,1000,0,0,0,4000
3528,安馳            ,7000,3000,4000,0,0,0,0,0,0,0,0,0,0,0,0,0,4000
3058,立德            ,6000,2000,4000,0,0,0,0,0,0,0,0,0,0,0,0,0,4000
055854,群創元大98購04  ,0,0,0,0,0,0,0,0,0,4000,0,0,0,19000,15000,4000,4000
05605P,嘉聯益元大97售02,0,0,0,0,0,0,0,0,0,4000,0,0,0,14000,10000,4000,4000
05629P,聯發科永昌99售02,0,0,0,0,0,0,0,0,0,4000,0,0,0,74000,70000,4000,4000
06020P,燿華元富96售04  ,0,0,0,0,0,0,0,0,0,4000,0,0,0,35000,31000,4000,4000
06364P,鴻海凱基97售08  ,0,0,0,0,0,0,0,0,0,4000,0,0,0,25000,21000,4000,4000
06333P,臺股指群益9C售02,0,0,0,0,0,0,0,0,0,4000,0,0,0,9000,5000,4000,4000
06109P,華新科群益97售05,0,0,0,0,0,0,0,0,0,4000,0,0,0,30000,26000,4000,4000
06122P,亞光元大98售01  ,0,0,0,0,0,0,0,0,0,4000,0,0,0,501000,497000,4000,4000
06196P,元上證元大97售01,2000,0,2000,0,0,0,0,0,0,2000,0,0,0,129000,127000,2000,4000
053244,光磊國票97購01  ,0,0,0,0,0,0,0,0,0,3000,0,0,0,911000,908000,3000,3000
053320,華新科群益97購01,0,0,0,0,0,0,0,0,0,3000,0,0,0,3000,0,3000,3000
053728,茂林凱基97購01  ,0,0,0,0,0,0,0,0,0,3000,0,0,0,4000,1000,3000,3000
053681,臺股指富邦96購02,0,0,0,0,0,0,0,0,0,3000,0,0,0,3000,0,3000,3000
054284,和大元大96購03  ,0,0,0,0,0,0,0,0,0,3000,0,0,0,350000,347000,3000,3000
053858,台達電元大96購05,0,0,0,0,0,0,0,0,0,3000,0,0,0,3000,0,3000,3000
054009,欣興元富96購03  ,0,0,0,0,0,0,0,0,0,3000,0,0,0,3000,0,3000,3000
05472P,國巨統一96售02  ,0,0,0,0,0,0,0,0,0,3000,0,0,0,3000,0,3000,3000
054938,國巨元大97購04  ,0,0,0,0,0,0,0,0,0,3000,0,0,0,100000,97000,3000,3000
054859,鴻海群益97購02  ,0,0,0,0,0,0,0,0,0,3000,0,0,0,3000,0,3000,3000
055243,國巨統一97購04  ,0,0,0,0,0,0,0,0,0,3000,0,0,0,10000,7000,3000,3000
055491,奇力新元大98購03,0,0,0,0,0,0,0,0,0,3000,0,0,0,15000,12000,3000,3000
055469,台光電凱基97購01,0,0,0,0,0,0,0,0,0,3000,0,0,0,3000,0,3000,3000
055713,國巨元大98購09  ,0,0,0,0,0,0,0,0,0,3000,0,0,0,53000,50000,3000,3000
03675P,旺宏統一92售02  ,0,0,0,0,0,0,0,0,0,3000,0,0,0,3000,0,3000,3000
03628C,臺股指元大93牛02,0,0,0,0,0,0,0,0,0,3000,0,0,0,43000,40000,3000,3000
03027P,玉晶光元大01售09,0,0,0,0,0,0,0,0,0,3000,0,0,0,3000,0,3000,3000
03413P,華擎元大02售02  ,0,0,0,0,0,0,0,0,0,3000,0,0,0,3000,0,3000,3000
045483,智邦第一92購01  ,0,0,0,0,0,0,0,0,0,3000,0,0,0,3000,0,3000,3000
04245P,上海銀元大93售03,0,0,0,0,0,0,0,0,0,3000,0,0,0,300000,297000,3000,3000
04557P,茂林群益94售03  ,0,0,0,0,0,0,0,0,0,3000,0,0,0,3000,0,3000,3000
045646,瑞儀凱基93購05  ,0,0,0,0,0,0,0,0,0,3000,0,0,0,3000,0,3000,3000
043969,美利達國泰92購01,0,0,0,0,0,0,0,0,0,3000,0,0,0,3000,0,3000,3000
03890P,聯詠國泰94售02  ,0,0,0,0,0,0,0,0,0,3000,0,0,0,3000,0,3000,3000
048586,美利達富邦93購01,0,0,0,0,0,0,0,0,0,3000,0,0,0,3000,0,3000,3000
04825P,元大金中信94售01,0,0,0,0,0,0,0,0,0,3000,0,0,0,6000,3000,3000,3000
04835P,鴻海元大94售18  ,0,0,0,0,0,0,0,0,0,3000,0,0,0,57000,54000,3000,3000
048231,台表科凱基93購06,0,0,0,0,0,0,0,0,0,3000,0,0,0,5000,2000,3000,3000
048514,嘉澤凱基93購06  ,0,0,0,0,0,0,0,0,0,3000,0,0,0,3000,0,3000,3000
04596P,臺股指元大94售14,0,0,0,0,0,0,0,0,0,3000,0,0,0,495000,492000,3000,3000
045115,玉晶光永豐94購01,0,0,0,0,0,0,0,0,0,3000,0,0,0,13000,10000,3000,3000
046039,新日興元大92購02,0,0,0,0,0,0,0,0,0,3000,0,0,0,203000,200000,3000,3000
04638P,臺股指群益94售13,0,0,0,0,0,0,0,0,0,3000,0,0,0,3000,0,3000,3000
044087,世紀鋼國票92購01,0,0,0,0,0,0,0,0,0,3000,0,0,0,3000,0,3000,3000
044062,可成元大92購02  ,0,0,0,0,0,0,0,0,0,3000,0,0,0,3000,0,3000,3000
046104,智伸科永豐92購02,0,0,0,0,0,0,0,0,0,3000,0,0,0,3000,0,3000,3000
045256,致茂凱基92購01  ,0,0,0,0,0,0,0,0,0,3000,0,0,0,3000,0,3000,3000
045786,台勝科元大92購02,0,0,0,0,0,0,0,0,0,3000,0,0,0,3000,0,3000,3000
048022,儒鴻凱基93購04  ,0,0,0,0,0,0,0,0,0,3000,0,0,0,28000,25000,3000,3000
047901,復盛群益93購01  ,0,0,0,0,0,0,0,0,0,3000,0,0,0,31000,28000,3000,3000
047961,百和永豐93購03  ,0,0,0,0,0,0,0,0,0,3000,0,0,0,3000,0,3000,3000
049362,國巨元大94購04  ,0,0,0,0,0,0,0,0,0,3000,0,0,0,13000,10000,3000,3000
050133,鈺齊凱基94購01  ,0,0,0,0,0,0,0,0,0,3000,0,0,0,60000,57000,3000,3000
049820,世紀鋼元大96購03,0,0,0,0,0,0,0,0,0,3000,0,0,0,112000,109000,3000,3000
050044,聯詠兆豐94購02  ,0,0,0,0,0,0,0,0,0,3000,0,0,0,29000,26000,3000,3000
046726,台新金元大93購01,0,0,0,0,0,0,0,0,0,3000,0,0,0,3000,0,3000,3000
04758P,國巨凱基94售03  ,0,0,0,0,0,0,0,0,0,3000,0,0,0,3000,0,3000,3000
047360,鴻海群益95購02  ,0,0,0,0,0,0,0,0,0,3000,0,0,0,3000,0,3000,3000
047867,旺宏永豐93購02  ,0,0,0,0,0,0,0,0,0,3000,0,0,0,83000,80000,3000,3000
048975,玉晶光元大94購03,0,0,0,0,0,0,0,0,0,3000,0,0,0,3000,0,3000,3000
050528,瑞儀元大94購02  ,0,0,0,0,0,0,0,0,0,3000,0,0,0,3000,0,3000,3000
050523,義隆元大94購05  ,0,0,0,0,0,0,0,0,0,3000,0,0,0,203000,200000,3000,3000
050893,鴻海元大96購03  ,0,0,0,0,0,0,0,0,0,3000,0,0,0,207000,204000,3000,3000
051611,鈺齊群益95購02  ,0,0,0,0,0,0,0,0,0,3000,0,0,0,15000,12000,3000,3000
051675,瑞儀元大96購02  ,0,0,0,0,0,0,0,0,0,3000,0,0,0,103000,100000,3000,3000
05128P,聯發科中信97售03,0,0,0,0,0,0,0,0,0,3000,0,0,0,5000,2000,3000,3000
051254,健策元大96購04  ,0,0,0,0,0,0,0,0,0,3000,0,0,0,11000,8000,3000,3000
051195,台郡中信95購01  ,0,0,0,0,0,0,0,0,0,3000,0,0,0,11000,8000,3000,3000
051934,緯穎國票96購01  ,0,0,0,0,0,0,0,0,0,3000,0,0,0,3000,0,3000,3000
051863,技嘉凱基95購01  ,0,0,0,0,0,0,0,0,0,3000,0,0,0,3000,0,3000,3000
051917,瑞儀元大95購01  ,0,0,0,0,0,0,0,0,0,3000,0,0,0,203000,200000,3000,3000
052537,力成富邦95購01  ,0,0,0,0,0,0,0,0,0,3000,0,0,0,3000,0,3000,3000
052554,正崴國票97購01  ,0,0,0,0,0,0,0,0,0,3000,0,0,0,3000,0,3000,3000
052871,群創凱基98購07  ,0,0,0,0,0,0,0,0,0,3000,0,0,0,469000,466000,3000,3000
05298P,上銀元大95售03  ,0,0,0,0,0,0,0,0,0,3000,0,0,0,100000,97000,3000,3000
06066P,群創台新98售01  ,0,0,0,0,0,0,0,0,0,3000,0,0,0,3000,0,3000,3000
06316P,臺股指元富97售03,0,0,0,0,0,0,0,0,0,3000,0,0,0,3000,0,3000,3000
06280P,臺股指凱基97售12,0,0,0,0,0,0,0,0,0,3000,0,0,0,3000,0,3000,3000
06227P,大立光群益97售04,0,0,0,0,0,0,0,0,0,3000,0,0,0,10000,7000,3000,3000
06006P,欣興永豐96售04  ,0,0,0,0,0,0,0,0,0,3000,0,0,0,3000,0,3000,3000
05924P,超眾元富96售04  ,0,0,0,0,0,0,0,0,0,3000,0,0,0,8000,5000,3000,3000
05848P,臺股指元大96售24,0,0,0,0,0,0,0,0,0,3000,0,0,0,998000,995000,3000,3000
05692P,聯發科中信9A售02,0,0,0,0,0,0,0,0,0,3000,0,0,0,11000,8000,3000,3000
05658P,日月光元富96售02,0,0,0,0,0,0,0,0,0,3000,0,0,0,19000,16000,3000,3000
056125,旺宏國票98購02  ,30000,0,30000,0,0,0,0,0,0,-27000,0,0,0,26000,53000,-27000,3000
056170,鴻海元富97購09  ,0,0,0,0,0,0,0,0,0,3000,0,0,0,23000,20000,3000,3000
055954,南港元大97購02  ,0,0,0,0,0,0,0,0,0,3000,0,0,0,13000,10000,3000,3000
3550,聯穎            ,3000,0,3000,0,0,0,0,0,0,0,0,0,0,0,0,0,3000
3557,嘉威            ,11000,8000,3000,0,0,0,0,0,0,0,0,0,0,0,0,0,3000
4755,三福化          ,3000,1000,2000,0,0,0,0,0,0,1000,1000,0,1000,0,0,0,3000
6136,富爾特          ,3000,1000,2000,0,0,0,0,0,0,1000,1000,0,1000,0,0,0,3000
5007,三星            ,5000,8000,-3000,0,0,0,0,0,0,6000,7000,1000,6000,0,0,0,3000
4952,凌通            ,40000,38000,2000,0,0,0,0,0,0,1000,1000,0,1000,0,0,0,3000
6205,詮欣            ,2000,0,2000,0,0,0,0,0,0,1000,1000,0,1000,0,0,0,3000
6197,佳必琪          ,141000,142000,-1000,0,0,0,2000,0,2000,2000,2000,0,2000,0,0,0,3000
8374,羅昇            ,5000,3000,2000,0,0,0,0,0,0,1000,1000,0,1000,0,0,0,3000
8411,福貞-KY         ,1000,1000,0,0,0,0,0,0,0,3000,3000,0,3000,0,0,0,3000
6655,科定            ,1000,0,1000,0,0,0,0,0,0,2000,2000,0,2000,0,0,0,3000
9906,欣巴巴          ,2000,0,2000,0,0,0,0,0,0,1000,1000,0,1000,0,0,0,3000
2032,新鋼            ,4000,3000,1000,0,0,0,0,0,0,2000,2000,0,2000,0,0,0,3000
2033,佳大            ,2000,0,2000,0,0,0,0,0,0,1000,1000,0,1000,0,0,0,3000
2002A,中鋼特          ,0,0,0,0,0,0,0,0,0,3000,3000,0,3000,0,0,0,3000
1903,士紙            ,1000,1000,0,0,0,0,0,0,0,3000,3000,0,3000,0,0,0,3000
1568,倉佑            ,7000,5000,2000,0,0,0,0,0,0,1000,1000,0,1000,0,0,0,3000
1535,中宇            ,11000,9000,2000,0,0,0,0,0,0,1000,1000,0,1000,0,0,0,3000
1517,利奇            ,1000,0,1000,0,0,0,0,0,0,2000,2000,0,2000,0,0,0,3000
1456,怡華            ,2000,0,2000,0,0,0,0,0,0,1000,1000,0,1000,0,0,0,3000
1414,東和            ,5000,4000,1000,0,0,0,0,0,0,2000,2000,0,2000,0,0,0,3000
1416,廣豐            ,0,0,0,0,0,0,0,0,0,3000,8000,5000,3000,0,0,0,3000
1307,三芳            ,10000,13000,-3000,0,0,0,0,0,0,6000,6000,0,6000,0,0,0,3000
2482,連宇            ,5000,2000,3000,0,0,0,0,0,0,0,0,0,0,0,0,0,3000
2444,兆勁            ,69000,67000,2000,0,0,0,0,0,0,1000,1000,0,1000,0,0,0,3000
2415,錩新            ,3000,1000,2000,0,0,0,0,0,0,1000,1000,0,1000,0,0,0,3000
2239,英利-KY         ,6000,4000,2000,0,0,0,0,0,0,1000,1000,0,1000,0,0,0,3000
2348,海悅            ,17000,29000,-12000,0,0,0,0,0,0,15000,19000,4000,15000,0,0,0,3000
3027,盛達            ,7000,5000,2000,0,0,0,0,0,0,1000,1000,0,1000,0,0,0,3000
2906,高林            ,3000,2000,1000,0,0,0,0,0,0,2000,3000,1000,2000,0,0,0,3000
2705,六福            ,5000,4000,1000,0,0,0,0,0,0,2000,2000,0,2000,0,0,0,3000
2616,山隆            ,14000,12000,2000,0,0,0,0,0,0,1000,1000,0,1000,0,0,0,3000
2722,夏都            ,3000,0,3000,0,0,0,0,0,0,0,0,0,0,0,0,0,3000
2530,華建            ,3000,3000,0,0,0,0,0,0,0,3000,3000,0,3000,0,0,0,3000
055254,聯詠統一97購03  ,0,0,0,0,0,0,0,0,0,2000,0,0,0,85000,83000,2000,2000
055174,精元統一97購01  ,0,0,0,0,0,0,0,0,0,2000,0,0,0,3000,1000,2000,2000
055328,鈺齊國票98購01  ,0,0,0,0,0,0,0,0,0,2000,0,0,0,64000,62000,2000,2000
055392,凱美統一97購03  ,0,0,0,0,0,0,0,0,0,2000,0,0,0,4000,2000,2000,2000
055407,祥碩國泰98購01  ,0,0,0,0,0,0,0,0,0,2000,0,0,0,46000,44000,2000,2000
055023,億光國泰98購01  ,0,0,0,0,0,0,0,0,0,2000,0,0,0,166000,164000,2000,2000
055051,藍天永豐97購01  ,0,0,0,0,0,0,0,0,0,2000,0,0,0,2000,0,2000,2000
054676,牧德台新98購01  ,0,0,0,0,0,0,0,0,0,2000,0,0,0,42000,40000,2000,2000
05458P,台積電凱基97售02,0,0,0,0,0,0,0,0,0,2000,0,0,0,2000,0,2000,2000
054138,晶技元大98購02  ,0,0,0,0,0,0,0,0,0,2000,0,0,0,112000,110000,2000,2000
054102,百和國票97購04  ,0,0,0,0,0,0,0,0,0,2000,0,0,0,12000,10000,2000,2000
053914,國巨國票96購08  ,0,0,0,0,0,0,0,0,0,2000,0,0,0,83000,81000,2000,2000
05422P,大立光中信97售02,0,0,0,0,0,0,0,0,0,2000,0,0,0,2000,0,2000,2000
054363,世芯凱基97購01  ,0,0,0,0,0,0,0,0,0,2000,0,0,0,4000,2000,2000,2000
053712,台光電凱基96購04,0,0,0,0,0,0,0,0,0,2000,0,0,0,3000,1000,2000,2000
053475,華新科元大96購05,0,0,0,0,0,0,0,0,0,2000,0,0,0,8000,6000,2000,2000
045726,矽創凱基92購01  ,0,0,0,0,0,0,0,0,0,2000,0,0,0,2000,0,2000,2000
04488P,聯發科凱基94售05,0,0,0,0,0,0,0,0,0,2000,0,0,0,2000,0,2000,2000
04520P,欣興群益94售02  ,0,0,0,0,0,0,0,0,0,2000,0,0,0,4000,2000,2000,2000
045262,華固凱基92購01  ,0,0,0,0,0,0,0,0,0,2000,0,0,0,2000,0,2000,2000
046426,臻鼎元大92購13  ,0,0,0,0,0,0,0,0,0,2000,0,0,0,102000,100000,2000,2000
046509,中壽元大92購01  ,0,0,0,0,0,0,0,0,0,2000,0,0,0,3000,1000,2000,2000
046024,鴻海元大92購11  ,0,0,0,0,0,0,0,0,0,2000,0,0,0,2000,0,2000,2000
04606P,高股息中信96售01,0,0,0,0,0,0,0,0,0,2000,0,0,0,2000,0,2000,2000
04590P,元石油元大97售01,0,0,0,0,0,0,0,0,0,2000,0,0,0,277000,275000,2000,2000
048495,南亞科元大93購04,0,0,0,0,0,0,0,0,0,2000,0,0,0,2000,0,2000,2000
040855,滬深2X永昌92購01,0,0,0,0,0,0,0,0,0,2000,0,0,0,2000,0,2000,2000
04060P,臺股指群益93售14,0,0,0,0,0,0,0,0,0,2000,0,0,0,2000,0,2000,2000
042028,滬深反凱基93購01,0,0,0,0,0,0,0,0,0,2000,0,0,0,44000,42000,2000,2000
04258P,健策國票94售01  ,0,0,0,0,0,0,0,0,0,2000,0,0,0,2000,0,2000,2000
04205P,臺股指元大93售45,0,0,0,0,0,0,0,0,0,2000,0,0,0,501000,499000,2000,2000
043980,旺宏元大92購05  ,0,0,0,0,0,0,0,0,0,2000,0,0,0,2000,0,2000,2000
046542,技嘉台新92購01  ,0,0,0,0,0,0,0,0,0,2000,0,0,0,2000,0,2000,2000
04553P,S&P正2中信95售01,0,0,0,0,0,0,0,0,0,2000,0,0,0,2000,0,2000,2000
046612,群創麥證93購01  ,0,0,0,0,0,0,0,0,0,2000,0,0,0,2000,0,2000,2000
04235P,鴻海群益93售08  ,0,0,0,0,0,0,0,0,0,2000,0,0,0,52000,50000,2000,2000
045403,喬山台新92購01  ,0,0,0,0,0,0,0,0,0,2000,0,0,0,2000,0,2000,2000
03264P,聯茂國票04售01  ,0,0,0,0,0,0,0,0,0,2000,0,0,0,2000,0,2000,2000
03427B,臺股指元大9A熊02,0,0,0,0,0,0,0,0,0,2000,0,0,0,2000,0,2000,2000
03025X,元展22          ,0,0,0,0,0,0,0,0,0,2000,0,0,0,2000,0,2000,2000
036084,台灣50台新98購01,0,0,0,0,0,0,0,0,0,2000,0,0,0,2000,0,2000,2000
03579P,玉晶光台新02售02,0,0,0,0,0,0,0,0,0,2000,0,0,0,2000,0,2000,2000
03666P,晶技永豐92售02  ,0,0,0,0,0,0,0,0,0,2000,0,0,0,2000,0,2000,2000
00685L,群益臺灣加權正2 ,0,4000,-4000,0,0,0,0,0,0,6000,0,0,0,20000,14000,6000,2000
00733,富邦臺灣中小    ,0,0,0,0,0,0,0,0,0,2000,0,0,0,225000,223000,2000,2000
00770,國泰北美科技    ,0,0,0,0,0,0,0,0,0,2000,0,0,0,7000,5000,2000,2000
006205,富邦上証        ,41000,486000,-445000,0,0,0,0,0,0,447000,40000,40000,0,2661000,2214000,447000,2000
047502,超眾永豐93購03  ,0,0,0,0,0,0,0,0,0,2000,0,0,0,2000,0,2000,2000
049273,臺股指元大94購08,0,0,0,0,0,0,0,0,0,2000,0,0,0,2000,0,2000,2000
049274,臺股指元大94購09,0,0,0,0,0,0,0,0,0,2000,0,0,0,42000,40000,2000,2000
049250,華通元大95購04  ,0,0,0,0,0,0,0,0,0,2000,0,0,0,8000,6000,2000,2000
049252,國巨元大96購01  ,0,0,0,0,0,0,0,0,0,2000,0,0,0,110000,108000,2000,2000
048729,鴻海麥證94購01  ,0,0,0,2000,2000,0,0,0,0,2000,0,0,0,4000,2000,2000,2000
04929P,同欣電凱基95售01,0,0,0,0,0,0,0,0,0,2000,0,0,0,2000,0,2000,2000
049462,康友元富94購01  ,0,0,0,0,0,0,0,0,0,2000,0,0,0,4000,2000,2000,2000
048340,聯發科元大93購25,0,0,0,0,0,0,0,0,0,2000,0,0,0,2000,0,2000,2000
048162,矽力麥證93購01  ,0,0,0,12000,10000,2000,0,0,0,2000,0,0,0,12000,10000,2000,2000
046884,元油反群益95購01,0,0,0,0,0,0,0,0,0,2000,0,0,0,2000,0,2000,2000
047126,拓凱中信93購01  ,0,0,0,0,0,0,0,0,0,2000,0,0,0,2000,0,2000,2000
048874,玉晶光國票96購01,0,0,0,0,0,0,0,0,0,2000,0,0,0,12000,10000,2000,2000
049829,裕民凱基94購01  ,0,0,0,0,0,0,0,0,0,2000,0,0,0,10000,8000,2000,2000
049751,牧德永豐95購01  ,0,0,0,0,0,0,0,0,0,2000,0,0,0,2000,0,2000,2000
049678,臺股指國票94購11,0,0,0,0,0,0,0,0,0,2000,0,0,0,2000,0,2000,2000
05009P,大立光元富95售06,0,0,0,0,0,0,0,0,0,2000,0,0,0,8000,6000,2000,2000
050184,信邦元大94購01  ,0,0,0,0,0,0,0,0,0,2000,0,0,0,2000,0,2000,2000
050271,上緯控元大96購01,0,0,0,0,0,0,0,0,0,2000,0,0,0,2000,0,2000,2000
050234,國巨凱基94購10  ,0,0,0,0,0,0,0,0,0,2000,0,0,0,9000,7000,2000,2000
049139,台積電元大94購06,0,0,0,0,0,0,0,0,0,2000,0,0,0,12000,10000,2000,2000
04907P,超眾國票95售01  ,0,0,0,0,0,0,0,0,0,2000,0,0,0,2000,0,2000,2000
048097,聯詠凱基93購07  ,0,0,0,0,0,0,0,0,0,2000,0,0,0,2000,0,2000,2000
04953P,台積電群益94售13,0,0,0,0,0,0,0,0,0,2000,0,0,0,138000,136000,2000,2000
04966P,台表科元大94售04,0,0,0,0,0,0,0,0,0,2000,0,0,0,2000,0,2000,2000
052975,嘉聯益群益96購01,0,0,0,0,0,0,0,0,0,2000,0,0,0,2000,0,2000,2000
053041,可成凱基96購02  ,0,0,0,0,0,0,0,0,0,2000,0,0,0,2000,0,2000,2000
053107,旺宏兆豐97購01  ,0,0,0,0,0,0,0,0,0,2000,0,0,0,41000,39000,2000,2000
052725,為升元富96購01  ,0,0,0,0,0,0,0,0,0,2000,0,0,0,6000,4000,2000,2000
052414,聯電麥證95購01  ,0,0,0,32000,30000,2000,0,0,0,2000,0,0,0,32000,30000,2000,2000
052323,矽力元大95購04  ,0,0,0,0,0,0,0,0,0,2000,0,0,0,102000,100000,2000,2000
051884,樺漢永豐95購01  ,0,0,0,0,0,0,0,0,0,2000,0,0,0,2000,0,2000,2000
051872,矽力凱基96購01  ,0,0,0,0,0,0,0,0,0,2000,0,0,0,3000,1000,2000,2000
051949,鴻海元富95購08  ,0,0,0,0,0,0,0,0,0,2000,0,0,0,4000,2000,2000,2000
051194,大立光中信96購02,0,0,0,0,0,0,0,0,0,2000,0,0,0,2000,0,2000,2000
051243,微星元大95購01  ,0,0,0,0,0,0,0,0,0,2000,0,0,0,30000,28000,2000,2000
051251,信邦元大95購01  ,0,0,0,0,0,0,0,0,0,2000,0,0,0,7000,5000,2000,2000
051659,力山國泰97購01  ,0,0,0,0,0,0,0,0,0,2000,0,0,0,3000,1000,2000,2000
051649,中磊永豐95購02  ,0,0,0,0,0,0,0,0,0,2000,0,0,0,2000,0,2000,2000
051722,玉晶光永豐97購01,0,0,0,0,0,0,0,0,0,2000,0,0,0,24000,22000,2000,2000
051761,富邦金元大96購01,0,0,0,0,0,0,0,0,0,2000,0,0,0,2000,0,2000,2000
051753,華通元大96購03  ,0,0,0,0,0,0,0,0,0,2000,0,0,0,2000,0,2000,2000
051557,昇陽半永豐96購01,0,0,0,0,0,0,0,0,0,2000,0,0,0,2000,0,2000,2000
051467,GIS富邦96購01   ,0,0,0,0,0,0,0,0,0,2000,0,0,0,2000,0,2000,2000
050871,麗豐永豐95購01  ,0,0,0,0,0,0,0,0,0,2000,0,0,0,2000,0,2000,2000
050777,臻鼎元大94購05  ,0,0,0,0,0,0,0,0,0,2000,0,0,0,2000,0,2000,2000
050995,貿聯元大95購02  ,0,0,0,0,0,0,0,0,0,2000,0,0,0,52000,50000,2000,2000
050402,緯穎中信96購01  ,0,0,0,0,0,0,0,0,0,2000,0,0,0,19000,17000,2000,2000
050729,聯鈞國票94購01  ,0,0,0,0,0,0,0,0,0,2000,0,0,0,46000,44000,2000,2000
2712,遠雄來          ,3000,2000,1000,0,0,0,0,0,0,1000,1000,0,1000,0,0,0,2000
2633,台灣高鐵        ,2087000,2041000,46000,0,0,0,28000,0,28000,-72000,64000,83000,-19000,32000,85000,-53000,2000
2923,鼎固-KY         ,34000,31000,3000,0,0,0,0,0,0,-1000,0,1000,-1000,0,0,0,2000
2373,震旦行          ,0,0,0,0,0,0,0,0,0,2000,2000,0,2000,0,0,0,2000
2440,太空梭          ,1000,0,1000,0,0,0,0,0,0,1000,1000,0,1000,0,0,0,2000
2486,一詮            ,70000,71000,-1000,0,0,0,0,0,0,3000,4000,1000,3000,0,0,0,2000
2465,麗臺            ,2000,0,2000,0,0,0,0,0,0,0,0,0,0,0,0,0,2000
1312A,國喬特          ,0,0,0,0,0,0,0,0,0,2000,2000,0,2000,0,0,0,2000
1233,天仁            ,1000,0,1000,0,0,0,0,0,0,1000,1000,0,1000,0,0,0,2000
1432,大魯閣          ,2000,2000,0,0,0,0,0,0,0,2000,2000,0,2000,0,0,0,2000
08469P,富邦金凱基9C售01,0,0,0,0,0,0,0,0,0,2000,0,0,0,2000,0,2000,2000
08625P,台灣50凱基96售05,0,0,0,0,0,0,0,0,0,2000,0,0,0,15000,13000,2000,2000
1616,億泰            ,0,0,0,0,0,0,0,0,0,2000,2000,0,2000,0,0,0,2000
2013,中鋼構          ,16000,16000,0,0,0,0,0,0,0,2000,2000,0,2000,0,0,0,2000
9918,欣天然          ,2000,1000,1000,0,0,0,0,0,0,1000,1000,0,1000,0,0,0,2000
4912,聯德控股-KY     ,8000,6000,2000,0,0,0,0,0,0,0,0,0,0,0,0,0,2000
6133,金橋            ,0,0,0,0,0,0,0,0,0,2000,3000,1000,2000,0,0,0,2000
4562,穎漢            ,2000,1000,1000,0,0,0,0,0,0,1000,1000,0,1000,0,0,0,2000
3308,聯德            ,2000,0,2000,0,0,0,0,0,0,0,0,0,0,0,0,0,2000
3356,奇偶            ,43000,41000,2000,0,0,0,0,0,0,0,0,0,0,0,0,0,2000
3296,勝德            ,0,0,0,0,0,0,0,0,0,2000,2000,0,2000,0,0,0,2000
3046,建碁            ,2000,1000,1000,0,0,0,0,0,0,1000,1000,0,1000,0,0,0,2000
05593P,鴻海國票97售03  ,0,0,0,0,0,0,0,0,0,2000,0,0,0,20000,18000,2000,2000
055719,可成元大97購03  ,0,0,0,0,0,0,0,0,0,2000,0,0,0,21000,19000,2000,2000
05676P,欣興群益96售04  ,0,0,0,0,0,0,0,0,0,2000,0,0,0,5000,3000,2000,2000
05719P,可成元大96售03  ,0,0,0,0,0,0,0,0,0,2000,0,0,0,29000,27000,2000,2000
05878P,創意群益98售01  ,0,0,0,0,0,0,0,0,0,2000,0,0,0,7000,5000,2000,2000
05902P,華通國票96售02  ,0,0,0,0,0,0,0,0,0,2000,0,0,0,2000,0,2000,2000
06026P,華通台新97售01  ,0,0,0,0,0,0,0,0,0,2000,0,0,0,5000,3000,2000,2000
06346P,聯鈞元富97售02  ,0,0,0,0,0,0,0,0,0,2000,0,0,0,10000,8000,2000,2000
053451,致新凱基96購02  ,0,0,0,0,0,0,0,0,0,1000,0,0,0,1000,0,1000,1000
053285,臺股指元大96購08,0,0,0,0,0,0,0,0,0,1000,0,0,0,1000,0,1000,1000
053158,茂林元大96購01  ,0,0,0,0,0,0,0,0,0,1000,0,0,0,57000,56000,1000,1000
053159,同欣電元大96購02,0,0,0,0,0,0,0,0,0,1000,0,0,0,3000,2000,1000,1000
05352P,臺股指元富95售06,0,0,0,0,0,0,0,0,0,1000,0,0,0,1000,0,1000,1000
054351,華新科國泰97購03,0,0,0,0,0,0,0,0,0,1000,0,0,0,1000,0,1000,1000
054433,南亞科台新96購02,0,0,0,0,0,0,0,0,0,1000,0,0,0,147000,146000,1000,1000
054190,矽創永豐96購01  ,0,0,0,0,0,0,0,0,0,1000,0,0,0,1000,0,1000,1000
053905,華新科凱基96購10,0,0,0,0,0,0,0,0,0,1000,0,0,0,1000,0,1000,1000
054143,茂林元大96購04  ,0,0,0,0,0,0,0,0,0,1000,0,0,0,31000,30000,1000,1000
054566,貿聯群益97購02  ,0,0,0,0,0,0,0,0,0,1000,0,0,0,11000,10000,1000,1000
054529,T50反1國泰97購02,0,0,0,0,0,0,0,0,0,1000,0,0,0,1000,0,1000,1000
054645,奇力新群益97購04,0,0,0,0,0,0,0,0,0,1000,0,0,0,12000,11000,1000,1000
054700,致新永豐97購01  ,0,0,0,0,0,0,0,0,0,1000,0,0,0,55000,54000,1000,1000
055367,台積電元大97購23,0,0,0,0,0,0,0,0,0,1000,0,0,0,307000,306000,1000,1000
055281,台光電元大98購03,0,0,0,0,0,0,0,0,0,1000,0,0,0,201000,200000,1000,1000
055236,建準台新98購01  ,0,0,0,0,0,0,0,0,0,1000,0,0,0,21000,20000,1000,1000
055601,茂林元大97購03  ,0,0,0,0,0,0,0,0,0,1000,0,0,0,1000,0,1000,1000
055482,聚陽元大97購02  ,0,0,0,0,0,0,0,0,0,1000,0,0,0,1000,0,1000,1000
055541,聚陽凱基98購01  ,0,0,0,0,0,0,0,0,0,1000,0,0,0,1000,0,1000,1000
03612C,臺股指元大95牛01,0,0,0,0,0,0,0,0,0,1000,0,0,0,1000,0,1000,1000
03740P,奇鋐群益94售01  ,0,0,0,0,0,0,0,0,0,1000,0,0,0,20000,19000,1000,1000
03430P,聯發科元大02售17,0,0,0,0,0,0,0,0,0,1000,0,0,0,1000,0,1000,1000
03437P,道瓊銀凱基05售03,0,0,0,0,0,0,0,0,0,1000,0,0,0,2000,1000,1000,1000
04333P,儒鴻凱基93售06  ,0,0,0,0,0,0,0,0,0,1000,0,0,0,1000,0,1000,1000
03481P,欣興群益02售08  ,0,0,0,0,0,0,0,0,0,1000,0,0,0,1000,0,1000,1000
03307P,臺股指中信05售02,0,0,0,0,0,0,0,0,0,1000,0,0,0,1000,0,1000,1000
03154P,華新科群益01售07,0,0,0,0,0,0,0,0,0,1000,0,0,0,1000,0,1000,1000
03411P,欣興元大02售08  ,0,0,0,0,0,0,0,0,0,1000,0,0,0,1000,0,1000,1000
03364P,金像電元大02售05,0,0,0,0,0,0,0,0,0,1000,0,0,0,1000,0,1000,1000
043696,瑞儀兆豐93購01  ,0,0,0,0,0,0,0,0,0,1000,0,0,0,1000,0,1000,1000
043453,上銀元大92購01  ,0,0,0,0,0,0,0,0,0,1000,0,0,0,1000,0,1000,1000
043591,智邦元大92購02  ,0,0,0,0,0,0,0,0,0,1000,0,0,0,210000,209000,1000,1000
03756P,創意永豐93售01  ,0,0,0,0,0,0,0,0,0,1000,0,0,0,1000,0,1000,1000
03860P,群創元富97售01  ,0,0,0,0,0,0,0,0,0,1000,0,0,0,1000,0,1000,1000
045396,群創國泰94購01  ,0,0,0,0,0,0,0,0,0,1000,0,0,0,1000,0,1000,1000
045461,廣達元大92購01  ,0,0,0,0,0,0,0,0,0,1000,0,0,0,411000,410000,1000,1000
04544P,欣興富邦96售02  ,0,0,0,0,0,0,0,0,0,1000,0,0,0,1000,0,1000,1000
04304P,上海銀亞東93售01,0,0,0,0,0,0,0,0,0,1000,0,0,0,1000,0,1000,1000
046592,南電元大92購03  ,0,0,0,0,0,0,0,0,0,1000,0,0,0,201000,200000,1000,1000
046572,貿聯國泰94購01  ,0,0,0,0,0,0,0,0,0,1000,0,0,0,1000,0,1000,1000
045576,智邦元大92購07  ,0,0,0,0,0,0,0,0,0,1000,0,0,0,111000,110000,1000,1000
044022,健策凱基93購02  ,0,0,0,0,0,0,0,0,0,1000,0,0,0,1000,0,1000,1000
04394P,臻鼎凱基94售01  ,0,0,0,0,0,0,0,0,0,1000,0,0,0,1000,0,1000,1000
042069,T50正2富邦93購01,0,0,0,0,0,0,0,0,0,1000,0,0,0,1000,0,1000,1000
04139P,大立光國票93售03,0,0,0,0,0,0,0,0,0,1000,0,0,0,1000,0,1000,1000
03929P,元油2X永豐93售04,0,0,0,0,0,0,0,0,0,1000,0,0,0,1000,0,1000,1000
048417,國巨統一94購01  ,0,0,0,0,0,0,0,0,0,1000,0,0,0,1000,0,1000,1000
048209,臺股指元大93購43,0,0,0,0,0,0,0,0,0,1000,0,0,0,61000,60000,1000,1000
048385,亞德客國票94購01,0,0,0,0,0,0,0,0,0,1000,0,0,0,1000,0,1000,1000
04859P,台達電群益94售04,0,0,0,0,0,0,0,0,0,1000,0,0,0,1000,0,1000,1000
04863P,技嘉元大94售02  ,0,0,0,0,0,0,0,0,0,1000,0,0,0,1000,0,1000,1000
045948,臺股指兆豐92購01,0,0,0,0,0,0,0,0,0,1000,0,0,0,1000,0,1000,1000
044401,亞光凱基93購01  ,0,0,0,0,0,0,0,0,0,1000,0,0,0,1000,0,1000,1000
044620,上銀元大92購04  ,0,0,0,0,0,0,0,0,0,1000,0,0,0,1000,0,1000,1000
044695,國巨元大93購03  ,0,0,0,0,0,0,0,0,0,1000,0,0,0,31000,30000,1000,1000
046016,緯穎元富92購04  ,0,0,0,0,0,0,0,0,0,1000,0,0,0,50000,49000,1000,1000
046042,台勝科元大92購03,0,0,0,0,0,0,0,0,0,1000,0,0,0,500000,499000,1000,1000
045089,中磊元大94購01  ,0,0,0,0,0,0,0,0,0,1000,0,0,0,911000,910000,1000,1000
045073,可成元大93購01  ,0,0,0,0,0,0,0,0,0,1000,0,0,0,11000,10000,1000,1000
046512,和鑫元大92購01  ,0,0,0,0,0,0,0,0,0,1000,0,0,0,1000,0,1000,1000
046425,臻鼎元大92購12  ,0,0,0,0,0,0,0,0,0,1000,0,0,0,1109000,1108000,1000,1000
046346,旺宏兆豐92購02  ,0,0,0,0,0,0,0,0,0,1000,0,0,0,1000,0,1000,1000
046335,矽創元大92購04  ,0,0,0,0,0,0,0,0,0,1000,0,0,0,1000,0,1000,1000
046330,祥碩元大92購02  ,0,0,0,0,0,0,0,0,0,1000,0,0,0,41000,40000,1000,1000
045296,台積電元大93購03,0,0,0,0,0,0,0,0,0,1000,0,0,0,1000,0,1000,1000
045688,祥碩元大92購01  ,0,0,0,0,0,0,0,0,0,1000,0,0,0,11000,10000,1000,1000
044861,玉晶光兆豐93購01,0,0,0,0,0,0,0,0,0,1000,0,0,0,12000,11000,1000,1000
045830,亞德客群益92購02,0,0,0,0,0,0,0,0,0,1000,0,0,0,1000,0,1000,1000
04584P,楠梓電永豐94售01,0,0,0,0,0,0,0,0,0,1000,0,0,0,14000,13000,1000,1000
046222,上銀元大92購08  ,0,0,0,0,0,0,0,0,0,1000,0,0,0,1000,0,1000,1000
04964P,鴻海元大94售26  ,0,0,0,0,0,0,0,0,0,1000,0,0,0,640000,639000,1000,1000
049574,新日興統一94購03,0,0,0,0,0,0,0,0,0,1000,0,0,0,2000,1000,1000,1000
049497,茂林元大94購04  ,0,0,0,0,0,0,0,0,0,1000,0,0,0,111000,110000,1000,1000
048026,瑞昱凱基94購01  ,0,0,0,0,0,0,0,0,0,1000,0,0,0,51000,50000,1000,1000
048054,鴻海國泰95購01  ,0,0,0,0,0,0,0,0,0,1000,0,0,0,1000,0,1000,1000
047746,宏碁元富93購01  ,0,0,0,0,0,0,0,0,0,1000,0,0,0,15000,14000,1000,1000
04774P,金融類元大94售02,0,0,0,0,0,0,0,0,0,1000,0,0,0,1980000,1979000,1000,1000
047777,寶成元大93購01  ,0,0,0,0,0,0,0,0,0,1000,0,0,0,101000,100000,1000,1000
047769,大立光元大96購01,0,0,0,0,0,0,0,0,0,1000,0,0,0,51000,50000,1000,1000
049129,S&P反1元大97購01,0,0,0,0,0,0,0,0,0,1000,0,0,0,1000,0,1000,1000
047908,南亞科元大93購02,0,0,0,0,0,0,0,0,0,1000,0,0,0,11000,10000,1000,1000
050276,百和元大94購03  ,0,0,0,0,0,0,0,0,0,1000,0,0,0,1000,0,1000,1000
05034P,台積電元大95售08,0,0,0,0,0,0,0,0,0,1000,0,0,0,213000,212000,1000,1000
050185,和鑫元大95購02  ,0,0,0,0,0,0,0,0,0,1000,0,0,0,1000,0,1000,1000
050165,泰鼎國泰95購02  ,0,0,0,0,0,0,0,0,0,1000,0,0,0,1000,0,1000,1000
047630,元油反元大96購02,0,0,0,0,0,0,0,0,0,1000,0,0,0,1000,0,1000,1000
047612,瑞昱群益93購03  ,0,0,0,0,0,0,0,0,0,1000,0,0,0,12000,11000,1000,1000
04678P,臺股指統一94售03,0,0,0,0,0,0,0,0,0,1000,0,0,0,19000,18000,1000,1000
046830,大立光群益93購07,0,0,0,0,0,0,0,0,0,1000,0,0,0,1000,0,1000,1000
047031,麗豐元大93購01  ,0,0,0,0,0,0,0,0,0,1000,0,0,0,1000,0,1000,1000
047352,和鑫凱基94購02  ,0,0,0,0,0,0,0,0,0,1000,0,0,0,1000,0,1000,1000
04734P,上海銀兆豐94售02,0,0,0,0,0,0,0,0,0,1000,0,0,0,1000,0,1000,1000
047330,康舒元大93購01  ,0,0,0,0,0,0,0,0,0,1000,0,0,0,1000,0,1000,1000
047015,上銀元大93購03  ,0,0,0,0,0,0,0,0,0,1000,0,0,0,101000,100000,1000,1000
047251,麗豐群益93購01  ,0,0,0,0,0,0,0,0,0,1000,0,0,0,1000,0,1000,1000
04721P,正崴凱基94售02  ,0,0,0,0,0,0,0,0,0,1000,0,0,0,1000,0,1000,1000
047288,台郡統一93購01  ,0,0,0,0,0,0,0,0,0,1000,0,0,0,20000,19000,1000,1000
047845,美利達元大93購02,0,0,0,0,0,0,0,0,0,1000,0,0,0,201000,200000,1000,1000
048312,致茂凱基93購02  ,0,0,0,0,0,0,0,0,0,1000,0,0,0,1000,0,1000,1000
049469,元金2X永豐94購01,0,0,0,0,0,0,0,0,0,1000,0,0,0,1000,0,1000,1000
048706,緯穎國票94購01  ,0,0,0,0,0,0,0,0,0,1000,0,0,0,2000,1000,1000,1000
049243,佳世達元富96購02,0,0,0,0,0,0,0,0,0,1000,0,0,0,1000,0,1000,1000
049245,和鑫元富95購01  ,0,0,0,0,0,0,0,0,0,1000,0,0,0,1000,0,1000,1000
049210,昇陽半群益94購02,0,0,0,0,0,0,0,0,0,1000,0,0,0,1000,0,1000,1000
04750P,臺股指元大94售26,0,0,0,0,0,0,0,0,0,1000,0,0,0,1000,0,1000,1000
048974,日電貿元大94購01,0,0,0,0,0,0,0,0,0,1000,0,0,0,201000,200000,1000,1000
050600,瑞儀國泰95購01  ,0,0,0,0,0,0,0,0,0,1000,0,0,0,1000,0,1000,1000
050462,寶成元大94購01  ,0,0,0,0,0,0,0,0,0,1000,0,0,0,1000,0,1000,1000
050941,T50反1群益95購01,0,0,0,0,0,0,0,0,0,1000,0,0,0,1000,0,1000,1000
051082,上証2X元大98購01,0,0,0,0,0,0,0,0,0,1000,0,0,0,10000,9000,1000,1000
051457,寶成元大95購01  ,0,0,0,0,0,0,0,0,0,1000,0,0,0,1000,0,1000,1000
051256,中磊元大95購01  ,0,0,0,0,0,0,0,0,0,1000,0,0,0,1000,0,1000,1000
051253,緯創元大95購02  ,0,0,0,0,0,0,0,0,0,1000,0,0,0,5000,4000,1000,1000
051265,鴻海富邦96購04  ,0,0,0,0,0,0,0,0,0,1000,0,0,0,1000,0,1000,1000
051223,台化群益95購01  ,0,0,0,0,0,0,0,0,0,1000,0,0,0,11000,10000,1000,1000
051197,光寶科麥證95購01,0,0,0,1000,4000,-3000,0,0,0,1000,0,0,0,5000,4000,1000,1000
051342,光寶科元大95購01,0,0,0,0,0,0,0,0,0,1000,0,0,0,22000,21000,1000,1000
051360,緯創元大95購03  ,0,0,0,0,0,0,0,0,0,1000,0,0,0,1000,0,1000,1000
052001,寶成元大95購02  ,0,0,0,0,0,0,0,0,0,1000,0,0,0,101000,100000,1000,1000
051891,智邦元富95購04  ,0,0,0,0,0,0,0,0,0,1000,0,0,0,1000,0,1000,1000
052353,高鐵群益97購01  ,0,0,0,0,0,0,0,0,0,1000,0,0,0,11000,10000,1000,1000
052221,東元凱基95購01  ,0,0,0,0,0,0,0,0,0,1000,0,0,0,1000,0,1000,1000
052452,茂林元大95購03  ,0,0,0,0,0,0,0,0,0,1000,0,0,0,15000,14000,1000,1000
052528,茂林元大95購05  ,0,0,0,0,0,0,0,0,0,1000,0,0,0,161000,160000,1000,1000
052493,上証2X中信97購02,0,0,0,0,0,0,0,0,0,1000,0,0,0,6000,5000,1000,1000
052842,滬深2X統一96購01,0,0,0,0,0,0,0,0,0,1000,0,0,0,1000,0,1000,1000
05284P,鴻海兆豐95售04  ,0,0,0,0,0,0,0,0,0,1000,0,0,0,3000,2000,1000,1000
052840,友達富邦96購01  ,0,0,0,0,0,0,0,0,0,1000,0,0,0,1000,0,1000,1000
05280P,華通元大95售08  ,0,0,0,0,0,0,0,0,0,1000,0,0,0,6000,5000,1000,1000
053082,聯電元大98購03  ,0,0,0,0,0,0,0,0,0,1000,0,0,0,1000,0,1000,1000
053036,聯電凱基98購01  ,0,0,0,0,0,0,0,0,0,1000,0,0,0,3000,2000,1000,1000
053031,華新科第一96購01,0,0,0,0,0,0,0,0,0,1000,0,0,0,1000,0,1000,1000
05297P,臻鼎凱基95售04  ,0,0,0,0,0,0,0,0,0,1000,0,0,0,1000,0,1000,1000
052965,廣宇群益97購01  ,0,0,0,0,0,0,0,0,0,1000,0,0,0,1000,0,1000,1000
052978,貿聯麥證97購01  ,0,0,0,1000,0,1000,0,0,0,1000,0,0,0,1000,0,1000,1000
052959,聯電凱基97購01  ,0,0,0,0,0,0,0,0,0,1000,0,0,0,1000,0,1000,1000
06222P,致茂元富97售02  ,0,0,0,0,0,0,0,0,0,1000,0,0,0,60000,59000,1000,1000
06077P,GIS凱基97售02   ,0,0,0,0,0,0,0,0,0,1000,0,0,0,21000,20000,1000,1000
06093P,華通元富97售03  ,0,0,0,0,0,0,0,0,0,1000,0,0,0,12000,11000,1000,1000
06182P,群創兆豐97售03  ,0,0,0,0,0,0,0,0,0,1000,0,0,0,101000,100000,1000,1000
05891P,聯發科中信98售03,0,0,0,0,0,0,0,0,0,1000,0,0,0,15000,14000,1000,1000
05907P,聯發科元富96售05,0,0,0,0,0,0,0,0,0,1000,0,0,0,1000,0,1000,1000
05876P,聯發科群益96售03,0,0,0,0,0,0,0,0,0,1000,0,0,0,1000,0,1000,1000
05952P,台積電國票97售06,0,0,0,0,0,0,0,0,0,1000,0,0,0,1000,0,1000,1000
05918P,大立光元大96售11,0,0,0,0,0,0,0,0,0,1000,0,0,0,2000,1000,1000,1000
05837P,臺股指富邦96售04,0,0,0,0,0,0,0,0,0,1000,0,0,0,7000,6000,1000,1000
05843P,台積電元大96售16,0,0,0,0,0,0,0,0,0,1000,0,0,0,91000,90000,1000,1000
05863P,滬深2X元大96售09,0,0,0,0,0,0,0,0,0,1000,0,0,0,100000,99000,1000,1000
05869P,旺宏凱基96售05  ,0,0,0,0,0,0,0,0,0,1000,0,0,0,5000,4000,1000,1000
05797P,臺股指群益96售11,0,0,0,0,0,0,0,0,0,1000,0,0,0,1000,0,1000,1000
05781P,臺股指統一99售02,0,0,0,0,0,0,0,0,0,1000,0,0,0,1000,0,1000,1000
05617P,大立光統一97售02,0,0,0,0,0,0,0,0,0,1000,0,0,0,1000,0,1000,1000
056055,國巨元大97購15  ,0,0,0,0,0,0,0,0,0,1000,0,0,0,1000,0,1000,1000
055918,和鑫凱基97購01  ,0,0,0,0,0,0,0,0,0,1000,0,0,0,1000,0,1000,1000
055999,電子類富邦99購01,0,0,0,0,0,0,0,0,0,1000,0,0,0,1000,0,1000,1000
3054,立萬利          ,1000,1000,0,0,0,0,0,0,0,1000,1000,0,1000,0,0,0,1000
3432,台端            ,2000,1000,1000,0,0,0,0,0,0,0,0,0,0,0,0,0,1000
4572,駐龍            ,9000,8000,1000,0,0,0,0,0,0,0,0,0,0,0,0,0,1000
4148,全宇生技-KY     ,7000,7000,0,0,0,0,0,0,0,1000,1000,0,1000,0,0,0,1000
4133,亞諾法          ,1000,0,1000,0,0,0,0,0,0,0,0,0,0,0,0,0,1000
4439,冠星-KY         ,2000,1000,1000,0,0,0,0,0,0,0,0,0,0,0,0,0,1000
4108,懷特            ,7000,6000,1000,0,0,0,0,0,0,0,0,0,0,0,0,0,1000
3701,大眾控          ,1000,0,1000,0,0,0,0,0,0,0,0,0,0,0,0,0,1000
9926,新海            ,1000,0,1000,0,0,0,0,0,0,0,0,0,0,0,0,0,1000
9937,全國            ,0,0,0,0,0,0,0,0,0,1000,1000,0,1000,0,0,0,1000
6671,三能-KY         ,2000,1000,1000,0,0,0,0,0,0,0,0,0,0,0,0,0,1000
8427,基勝-KY         ,2000,1000,1000,0,0,0,0,0,0,0,0,0,0,0,0,0,1000
8443,阿瘦            ,1000,1000,0,0,0,0,0,0,0,1000,1000,0,1000,0,0,0,1000
8488,吉源-KY         ,1000,1000,0,0,0,0,0,0,0,1000,1000,0,1000,0,0,0,1000
1727,中華化          ,0,0,0,0,0,0,0,0,0,1000,1000,0,1000,0,0,0,1000
1735,日勝化          ,0,0,0,0,0,0,0,0,0,1000,1000,0,1000,0,0,0,1000
1776,展宇            ,0,0,0,0,0,0,0,0,0,1000,1000,0,1000,0,0,0,1000
1617,榮星            ,0,0,0,0,0,0,0,0,0,1000,1000,0,1000,0,0,0,1000
1454,台富            ,2000,2000,0,0,0,0,0,0,0,1000,1000,0,1000,0,0,0,1000
08612P,嘉晶凱基9C售03  ,0,0,0,0,0,0,0,0,0,1000,0,0,0,1000,0,1000,1000
1438,裕豐            ,0,0,0,0,0,0,0,0,0,1000,1000,0,1000,0,0,0,1000
1220,台榮            ,1000,1000,0,0,0,0,0,0,0,1000,1000,0,1000,0,0,0,1000
2438,翔耀            ,0,0,0,0,0,0,0,0,0,1000,1000,0,1000,0,0,0,1000
2115,六暉-KY         ,1000,1000,0,0,0,0,0,0,0,1000,1000,0,1000,0,0,0,1000
2939,凱羿-KY         ,1000,1000,0,0,0,0,0,0,0,1000,1000,0,1000,0,0,0,1000
2891C,中信金丙特      ,0,0,0,0,0,0,0,0,0,1000,1000,0,1000,0,0,0,1000
2516,新建            ,0,1000,-1000,0,0,0,0,0,0,2000,2000,0,2000,0,0,0,1000
00657,國泰日經225     ,0,0,0,0,0,0,0,0,0,900,0,0,0,102000,101100,900,900
055552,瑞昱凱基97購02  ,0,0,0,0,0,0,0,0,0,0,0,0,0,11000,11000,0,0
055548,旺宏凱基97購02  ,0,0,0,0,0,0,0,0,0,0,0,0,0,60000,60000,0,0
055549,旺宏凱基97購03  ,0,0,0,0,0,0,0,0,0,0,0,0,0,15000,15000,0,0
055554,聯發科凱基97購06,0,0,0,0,0,0,0,0,0,0,0,0,0,10000,10000,0,0
055508,矽力元大97購01  ,0,0,0,0,0,0,0,0,0,0,0,0,0,100000,100000,0,0
055500,京鼎元大97購04  ,0,0,0,0,0,0,0,0,0,0,0,0,0,2000,2000,0,0
055467,國巨凱基97購05  ,0,0,0,0,0,0,0,0,0,0,0,0,0,20000,20000,0,0
05547P,群創元大96售03  ,0,0,0,0,0,0,0,0,0,0,0,0,0,499000,499000,0,0
055432,臻鼎群益97購02  ,0,0,0,0,0,0,0,0,0,0,0,0,0,11000,11000,0,0
055597,禾伸堂元大98購02,0,0,0,0,0,0,0,0,0,0,0,0,0,200000,200000,0,0
055583,國巨元大97購10  ,0,0,0,0,0,0,0,0,0,0,0,0,0,100000,100000,0,0
055595,宏達電元大98購02,0,0,0,0,0,0,0,0,0,0,0,0,0,104000,104000,0,0
055652,聯詠元富01購01  ,0,0,0,0,0,0,0,0,0,0,0,0,0,10000,10000,0,0
055639,上銀元富97購02  ,0,0,0,0,0,0,0,0,0,0,0,0,0,20000,20000,0,0
055709,深中小元大97購03,0,0,0,0,0,0,0,0,0,0,0,0,0,10000,10000,0,0
055278,旺宏元大98購05  ,0,0,0,0,0,0,0,0,0,0,0,0,0,28000,28000,0,0
05513P,玉山金台新96售01,0,0,0,0,0,0,0,0,0,0,0,0,0,10000,10000,0,0
055137,GIS富邦98購01   ,0,0,0,0,0,0,0,0,0,0,0,0,0,10000,10000,0,0
055282,聯發科元大97購15,0,0,0,0,0,0,0,0,0,0,0,0,0,128000,128000,0,0
055284,全新元大99購01  ,0,0,0,0,0,0,0,0,0,0,0,0,0,100000,100000,0,0
055287,日電貿元大97購01,0,0,0,0,0,0,0,0,0,0,0,0,0,224000,224000,0,0
055288,日電貿元大97購02,0,0,0,0,0,0,0,0,0,0,0,0,0,200000,200000,0,0
055303,鈺齊元大97購01  ,0,0,0,0,0,0,0,0,0,0,0,0,0,10000,10000,0,0
055320,建準國票98購01  ,0,0,0,0,0,0,0,0,0,0,0,0,0,20000,20000,0,0
055354,宏達電凱基98購01,0,0,0,0,0,0,0,0,0,0,0,0,0,9000,9000,0,0
055342,鴻海凱基97購04  ,0,0,0,0,0,0,0,0,0,0,0,0,0,20000,20000,0,0
055373,聯詠元大97購03  ,0,0,0,0,0,0,0,0,0,0,0,0,0,50000,50000,0,0
055365,華通元大97購03  ,0,0,0,0,0,0,0,0,0,0,0,0,0,78000,78000,0,0
055422,康控永豐97購01  ,0,0,0,0,0,0,0,0,0,0,0,0,0,68000,68000,0,0
055414,奇力新富邦9B購01,0,0,0,0,0,0,0,0,0,0,0,0,0,85000,85000,0,0
05469P,台積電元大95售24,0,0,0,0,0,0,0,0,0,0,0,0,0,200000,200000,0,0
054709,宏達電統一97購01,0,0,0,0,0,0,0,0,0,0,0,0,0,2000,2000,0,0
054687,建準永豐97購02  ,0,0,0,0,0,0,0,0,0,0,0,0,0,2000,2000,0,0
054650,南亞麥證97購01  ,0,0,0,30000,30000,0,0,0,0,0,0,0,0,30000,30000,0,0
054643,上証2X群益9B購01,0,0,0,0,0,0,0,0,0,0,0,0,0,333000,333000,0,0
054675,美律台新98購01  ,0,0,0,0,0,0,0,0,0,0,0,0,0,10000,10000,0,0
054718,可成永豐97購01  ,0,0,0,0,0,0,0,0,0,0,0,0,0,68000,68000,0,0
05476P,聯發科群益95售06,0,0,0,0,0,0,0,0,0,0,0,0,0,10000,10000,0,0
054515,華通元大98購02  ,0,0,0,0,0,0,0,0,0,0,0,0,0,9000,9000,0,0
054561,奇力新群益97購03,0,0,0,0,0,0,0,0,0,0,0,0,0,14000,14000,0,0
054591,GIS國泰98購01   ,0,0,0,0,0,0,0,0,0,0,0,0,0,5000,5000,0,0
054625,旺宏凱基98購03  ,0,0,0,0,0,0,0,0,0,0,0,0,0,24000,24000,0,0
055105,鴻海凱基98購05  ,0,0,0,0,0,0,0,0,0,0,0,0,0,20000,20000,0,0
055011,元翎元富97購01  ,0,0,0,0,0,0,0,0,0,0,0,0,0,10000,10000,0,0
054967,神達元大97購01  ,0,0,0,0,0,0,0,0,0,0,0,0,0,120000,120000,0,0
054975,福懋科元大97購01,0,0,0,0,0,0,0,0,0,0,0,0,0,50000,50000,0,0
054985,光罩元富97購01  ,0,0,0,0,0,0,0,0,0,0,0,0,0,20000,20000,0,0
054881,光罩統一97購01  ,0,0,0,0,0,0,0,0,0,0,0,0,0,48000,48000,0,0
054817,聯發科元大97購13,0,0,0,0,0,0,0,0,0,0,0,0,0,500000,500000,0,0
054812,鴻海元大97購08  ,0,0,0,0,0,0,0,0,0,0,0,0,0,143000,143000,0,0
054814,台積電元大97購13,0,0,0,0,0,0,0,0,0,0,0,0,0,50000,50000,0,0
054824,同欣電元大97購04,0,0,0,0,0,0,0,0,0,0,0,0,0,4000,4000,0,0
054940,台積電元大97購16,0,0,0,0,0,0,0,0,0,0,0,0,0,50000,50000,0,0
054941,凱美元大97購01  ,0,0,0,0,0,0,0,0,0,0,0,0,0,100000,100000,0,0
054942,凱美元大97購02  ,0,0,0,0,0,0,0,0,0,0,0,0,0,44000,44000,0,0
054955,宏達電元大98購01,0,0,0,0,0,0,0,0,0,0,0,0,0,204000,204000,0,0
054946,億光元大97購01  ,0,0,0,0,0,0,0,0,0,0,0,0,0,122000,122000,0,0
054947,興勤元大97購01  ,0,0,0,0,0,0,0,0,0,0,0,0,0,10000,10000,0,0
054948,聯發科元大97購14,0,0,0,0,0,0,0,0,0,0,0,0,0,100000,100000,0,0
054910,信錦凱基97購01  ,0,0,0,0,0,0,0,0,0,0,0,0,0,5000,5000,0,0
054139,揚明光元大96購01,0,0,0,0,0,0,0,0,0,0,0,0,0,100000,100000,0,0
054127,台積電元大96購21,0,0,0,0,0,0,0,0,0,0,0,0,0,120000,120000,0,0
054092,大立光群益97購01,0,0,0,0,0,0,0,0,0,0,0,0,0,15000,15000,0,0
054115,台塑康和96購01  ,30000,0,30000,0,0,0,0,0,0,-30000,0,0,0,0,30000,-30000,0
054024,中鋼康和96購01  ,0,0,0,0,0,0,0,0,0,0,0,0,0,68000,68000,0,0
054039,元油反元大96購08,0,0,0,0,0,0,0,0,0,0,0,0,0,499000,499000,0,0
053995,奇力新群益97購02,0,0,0,0,0,0,0,0,0,0,0,0,0,6000,6000,0,0
05399P,GIS國票95售03   ,0,0,0,0,0,0,0,0,0,0,0,0,0,10000,10000,0,0
054050,創意元大96購06  ,0,0,0,0,0,0,0,0,0,0,0,0,0,100000,100000,0,0
054051,貿聯元大97購03  ,0,0,0,0,0,0,0,0,0,0,0,0,0,50000,50000,0,0
054052,日月光元大96購06,0,0,0,0,0,0,0,0,0,0,0,0,0,100000,100000,0,0
054049,亞光元大96購03  ,0,0,0,0,0,0,0,0,0,0,0,0,0,58000,58000,0,0
054044,京元電元大96購03,0,0,0,0,0,0,0,0,0,0,0,0,0,102000,102000,0,0
054041,鴻海元大96購22  ,0,0,0,0,0,0,0,0,0,0,0,0,0,300000,300000,0,0
05396P,台郡元大95售05  ,0,0,0,0,0,0,0,0,0,0,0,0,0,10000,10000,0,0
053972,華新科元大96購06,0,0,0,0,0,0,0,0,0,0,0,0,0,1000,1000,0,0
053978,創意元大96購05  ,0,0,0,0,0,0,0,0,0,0,0,0,0,200000,200000,0,0
053984,康友元大96購05  ,0,0,0,0,0,0,0,0,0,0,0,0,0,100000,100000,0,0
053824,樺漢群益96購02  ,0,0,0,0,0,0,0,0,0,0,0,0,0,10000,10000,0,0
054233,聯發科群益96購04,0,0,0,0,0,0,0,0,0,0,0,0,0,2000,2000,0,0
054283,元油反元大99購02,0,0,0,0,0,0,0,0,0,0,0,0,0,300000,300000,0,0
054291,高鐵元大97購01  ,0,0,0,0,0,0,0,0,0,0,0,0,0,200000,200000,0,0
054286,台積電元大96購22,0,0,0,0,0,0,0,0,0,0,0,0,0,10000,10000,0,0
054300,華通凱基96購07  ,0,0,0,0,0,0,0,0,0,0,0,0,0,19000,19000,0,0
054312,TPK凱基98購01   ,0,0,0,0,0,0,0,0,0,0,0,0,0,10000,10000,0,0
054253,宏達電元大97購03,0,0,0,0,0,0,0,0,0,0,0,0,0,100000,100000,0,0
054256,創意元大96購07  ,0,0,0,0,0,0,0,0,0,0,0,0,0,100000,100000,0,0
054257,揚明光元大96購02,0,0,0,0,0,0,0,0,0,0,0,0,0,100000,100000,0,0
054404,新日興康和96購01,0,0,0,0,0,0,0,0,0,0,0,0,0,10000,10000,0,0
05441P,華通元大95售09  ,0,0,0,0,0,0,0,0,0,0,0,0,0,5000,5000,0,0
054477,聯發科中信9C購02,0,0,0,0,0,0,0,0,0,0,0,0,0,20000,20000,0,0
05436P,台積電群益95售07,0,0,0,0,0,0,0,0,0,0,0,0,0,14000,14000,0,0
053552,華新科凱基96購08,0,0,0,0,0,0,0,0,0,0,0,0,0,6000,6000,0,0
053482,矽力元大96購03  ,0,0,0,0,0,0,0,0,0,0,0,0,0,70000,70000,0,0
053478,京鼎元大96購01  ,0,0,0,0,0,0,0,0,0,0,0,0,0,102000,102000,0,0
053479,達興元大96購01  ,0,0,0,0,0,0,0,0,0,0,0,0,0,110000,110000,0,0
053616,奇力新群益97購01,0,0,0,0,0,0,0,0,0,0,0,0,0,11000,11000,0,0
053617,宏達電群益96購02,0,0,0,0,0,0,0,0,0,0,0,0,0,3000,3000,0,0
053592,亞光元大96購01  ,0,0,0,0,0,0,0,0,0,0,0,0,0,20000,20000,0,0
053700,臺股指元大96購23,0,0,0,0,0,0,0,0,0,0,0,0,0,10000,10000,0,0
053676,新光金國泰98購02,0,0,0,0,0,0,0,0,0,0,0,0,0,37000,37000,0,0
053685,台積電元大96購18,0,0,0,0,0,0,0,0,0,0,0,0,0,20000,20000,0,0
053692,聯詠元大96購04  ,0,0,0,0,0,0,0,0,0,0,0,0,0,200000,200000,0,0
053757,聯發科國泰96購04,0,0,0,0,0,0,0,0,0,0,0,0,0,98000,98000,0,0
053289,臺股指元大96購17,0,0,0,0,0,0,0,0,0,0,0,0,0,40000,40000,0,0
053467,鴻海元大96購20  ,0,0,0,0,0,0,0,0,0,0,0,0,0,134000,134000,0,0
053424,欣興永豐96購02  ,0,0,0,0,0,0,0,0,0,0,0,0,0,5000,5000,0,0
053421,南亞科永豐96購01,0,0,0,0,0,0,0,0,0,0,0,0,0,68000,68000,0,0
053422,可成永豐96購01  ,0,0,0,0,0,0,0,0,0,0,0,0,0,68000,68000,0,0
053330,燿華永豐96購03  ,0,0,0,0,0,0,0,0,0,0,0,0,0,68000,68000,0,0
053370,上証2X元大97購03,0,0,0,0,0,0,0,0,0,0,0,0,0,29000,29000,0,0
053360,上証2X元富96購01,0,0,0,0,0,0,0,0,0,0,0,0,0,420000,420000,0,0
053378,台積電元大98購02,0,0,0,0,0,0,0,0,0,0,0,0,0,72000,72000,0,0
053386,聯詠元大96購03  ,0,0,0,0,0,0,0,0,0,0,0,0,0,26000,26000,0,0
00657K,國泰日經225+U   ,0,0,0,0,0,0,0,0,0,0,0,0,0,100,100,0,0
00684R,元大美元指數反1 ,0,0,0,0,0,0,0,0,0,0,0,0,0,40000,40000,0,0
00668K,國泰美國道瓊+U  ,0,0,0,0,0,0,0,0,0,0,0,0,0,100,100,0,0
00625K,富邦上証+R      ,0,0,0,0,0,0,0,0,0,0,0,0,0,51000,51000,0,0
0051,元大中型100     ,2000,2000,0,0,0,0,0,0,0,0,0,0,0,20000,20000,0,0
0054,元大台商50      ,0,0,0,0,0,0,0,0,0,0,0,0,0,3000,3000,0,0
00636K,國泰中國A50+U   ,0,0,0,0,0,0,0,0,0,0,0,0,0,100,100,0,0
00774B,新光中國政金綠債,0,0,0,0,0,0,0,0,0,0,0,0,0,2000,2000,0,0
00775B,新光投等債15+   ,0,0,0,0,0,0,0,0,0,0,0,0,0,2000,2000,0,0
03532P,臺股指凱基02售11,0,0,0,0,0,0,0,0,0,0,0,0,0,998000,998000,0,0
035277,景碩台新97購01  ,0,0,0,0,0,0,0,0,0,0,0,0,0,9000,9000,0,0
03006X,元展06          ,0,0,0,0,0,0,0,0,0,0,0,0,0,100000,100000,0,0
03009X,元展09          ,0,0,0,0,0,0,0,0,0,0,0,0,0,40000,40000,0,0
03556P,華碩元大02售05  ,0,0,0,0,0,0,0,0,0,0,0,0,0,998000,998000,0,0
00732,國泰RMB短期報酬 ,0,0,0,0,0,0,0,0,0,0,0,0,0,101000,101000,0,0
00767,FH美國金融股    ,0,0,0,0,0,0,0,0,0,0,0,0,0,101000,101000,0,0
00682U,元大美元指數    ,0,0,0,0,0,0,0,0,0,0,0,0,0,40000,40000,0,0
03727P,致茂元大93售01  ,0,0,0,0,0,0,0,0,0,0,0,0,0,100000,100000,0,0
03730P,京元電元大93售01,0,0,0,0,0,0,0,0,0,0,0,0,0,599000,599000,0,0
03732P,大立光元大93售16,0,0,0,0,0,0,0,0,0,0,0,0,0,998000,998000,0,0
03699P,義隆元大93售01  ,0,0,0,0,0,0,0,0,0,0,0,0,0,880000,880000,0,0
03701P,祥碩元大93售01  ,0,0,0,0,0,0,0,0,0,0,0,0,0,499000,499000,0,0
03704P,同欣電元大93售01,0,0,0,0,0,0,0,0,0,0,0,0,0,499000,499000,0,0
03028X,元展25          ,0,0,0,0,0,0,0,0,0,0,0,0,0,30000,30000,0,0
03014X,元展14          ,0,0,0,0,0,0,0,0,0,0,0,0,0,230000,230000,0,0
03020X,元展20          ,0,0,0,0,0,0,0,0,0,0,0,0,0,90000,90000,0,0
03035X,元展32          ,0,0,0,0,0,0,0,0,0,0,0,0,0,160000,160000,0,0
03052X,元展49          ,0,0,0,0,0,0,0,0,0,0,0,0,0,40000,40000,0,0
03059X,元展54          ,0,0,0,0,0,0,0,0,0,0,0,0,0,120000,120000,0,0
03047X,元展44          ,0,0,0,0,0,0,0,0,0,0,0,0,0,20000,20000,0,0
03071X,元展66          ,0,0,0,0,0,0,0,0,0,0,0,0,0,10000,10000,0,0
03091X,元展85          ,0,0,0,0,0,0,0,0,0,0,0,0,0,110000,110000,0,0
03613P,聯發科元大92售17,0,0,0,0,0,0,0,0,0,0,0,0,0,100000,100000,0,0
03615C,臺股指元大94牛01,0,0,0,0,0,0,0,0,0,0,0,0,0,990000,990000,0,0
03602C,臺股指元大93牛01,0,0,0,0,0,0,0,0,0,0,0,0,0,638000,638000,0,0
03632C,臺股指元大95牛03,0,0,0,0,0,0,0,0,0,0,0,0,0,30000,30000,0,0
03609P,華泰元大92售01  ,0,0,0,0,0,0,0,0,0,0,0,0,0,300000,300000,0,0
03620P,GIS元大92售06   ,0,0,0,0,0,0,0,0,0,0,0,0,0,499000,499000,0,0
03593P,京元電元富05售02,0,0,0,0,0,0,0,0,0,0,0,0,0,10000,10000,0,0
03651P,統一元大92售01  ,0,0,0,0,0,0,0,0,0,0,0,0,0,699000,699000,0,0
03650C,T50反1元大98牛05,0,0,0,0,0,0,0,0,0,0,0,0,0,990000,990000,0,0
03865P,聯發科元大93售09,0,0,0,0,0,0,0,0,0,0,0,0,0,499000,499000,0,0
03847P,大立光元大93售18,0,0,0,0,0,0,0,0,0,0,0,0,0,499000,499000,0,0
03852P,華邦電凱基93售05,0,0,0,0,0,0,0,0,0,0,0,0,0,1000,1000,0,0
043894,百和元大92購01  ,0,0,0,0,0,0,0,0,0,0,0,0,0,10000,10000,0,0
043862,和大元大92購01  ,0,0,0,0,0,0,0,0,0,0,0,0,0,100000,100000,0,0
043870,光磊元大92購01  ,0,0,0,0,0,0,0,0,0,0,0,0,0,10000,10000,0,0
043879,貿聯元大92購01  ,0,0,0,0,0,0,0,0,0,0,0,0,0,10000,10000,0,0
043854,華新科富邦93購01,0,0,0,0,0,0,0,0,0,0,0,0,0,1000,1000,0,0
03788P,聯發科群益94售02,0,0,0,0,0,0,0,0,0,0,0,0,0,80000,80000,0,0
03772P,聯茂元大93售02  ,0,0,0,0,0,0,0,0,0,0,0,0,0,100000,100000,0,0
03768P,聯發科元大93售03,0,0,0,0,0,0,0,0,0,0,0,0,0,499000,499000,0,0
03795P,智邦元大93售03  ,0,0,0,0,0,0,0,0,0,0,0,0,0,200000,200000,0,0
043525,創意元大92購02  ,0,0,0,0,0,0,0,0,0,0,0,0,0,166000,166000,0,0
04339P,欣興元大93售08  ,0,0,0,0,0,0,0,0,0,0,0,0,0,10000,10000,0,0
043474,創意元大92購01  ,0,0,0,0,0,0,0,0,0,0,0,0,0,220000,220000,0,0
04359P,中磊永豐94售01  ,0,0,0,0,0,0,0,0,0,0,0,0,0,3000,3000,0,0
04375P,卜蜂元大94售01  ,0,0,0,0,0,0,0,0,0,0,0,0,0,50000,50000,0,0
043763,超眾元大92購01  ,0,0,0,0,0,0,0,0,0,0,0,0,0,10000,10000,0,0
03334P,宏達電元大02售04,0,0,0,0,0,0,0,0,0,0,0,0,0,10000,10000,0,0
03369P,景碩中信02售01  ,0,0,0,0,0,0,0,0,0,0,0,0,0,499000,499000,0,0
03394P,聯電國泰04售01  ,0,0,0,0,0,0,0,0,0,0,0,0,0,10000,10000,0,0
04316P,華新科國票94售05,0,0,0,0,0,0,0,0,0,0,0,0,0,100000,100000,0,0
04320P,亞德客元大93售07,0,0,0,0,0,0,0,0,0,0,0,0,0,998000,998000,0,0
04328P,台達電中信93售02,0,0,0,0,0,0,0,0,0,0,0,0,0,5000,5000,0,0
043377,全新元大92購01  ,0,0,0,0,0,0,0,0,0,0,0,0,0,30000,30000,0,0
03425P,台灣50元大03售04,0,0,0,0,0,0,0,0,0,0,0,0,0,499000,499000,0,0
03421P,健策群益02售04  ,0,0,0,0,0,0,0,0,0,0,0,0,0,998000,998000,0,0
03449P,玉晶光元大02售08,0,0,0,0,0,0,0,0,0,0,0,0,0,40000,40000,0,0
03456P,華新科凱基02售04,0,0,0,0,0,0,0,0,0,0,0,0,0,10000,10000,0,0
03936P,上銀元大93售06  ,0,0,0,0,0,0,0,0,0,0,0,0,0,100000,100000,0,0
03937P,聯詠元大93售08  ,0,0,0,0,0,0,0,0,0,0,0,0,0,499000,499000,0,0
03883P,鴻海元大93售11  ,0,0,0,0,0,0,0,0,0,0,0,0,0,998000,998000,0,0
04064P,臺股指兆豐93售03,0,0,0,0,0,0,0,0,0,0,0,0,0,100000,100000,0,0
04081P,聯詠元大93售11  ,0,0,0,0,0,0,0,0,0,0,0,0,0,100000,100000,0,0
04087P,臺股指元富93售05,0,0,0,0,0,0,0,0,0,0,0,0,0,10000,10000,0,0
04088P,臺股指元富93售06,0,0,0,0,0,0,0,0,0,0,0,0,0,40000,40000,0,0
04013P,漢唐元大93售05  ,0,0,0,0,0,0,0,0,0,0,0,0,0,599000,599000,0,0
03978P,瑞儀元大93售01  ,0,0,0,0,0,0,0,0,0,0,0,0,0,450000,450000,0,0
041727,台灣50元大93購02,0,0,0,0,0,0,0,0,0,0,0,0,0,30000,30000,0,0
04177P,富邦金元大94售01,0,0,0,0,0,0,0,0,0,0,0,0,0,550000,550000,0,0
042068,台灣50富邦93購02,0,0,0,0,0,0,0,0,0,0,0,0,0,21000,21000,0,0
042542,台灣50元大93購14,0,0,0,0,0,0,0,0,0,0,0,0,0,20000,20000,0,0
042681,嘉聯益元大92購01,0,0,0,0,0,0,0,0,0,0,0,0,0,599000,599000,0,0
042803,天鈺元大93購01  ,0,0,0,0,0,0,0,0,0,0,0,0,0,499000,499000,0,0
042767,世紀鋼元大92購01,0,0,0,0,0,0,0,0,0,0,0,0,0,243000,243000,0,0
04271P,南亞科國票93售03,0,0,0,0,0,0,0,0,0,0,0,0,0,10000,10000,0,0
042919,GIS元大93購01   ,0,0,0,0,0,0,0,0,0,0,0,0,0,499000,499000,0,0
04291P,鴻海富邦93售04  ,0,0,0,0,0,0,0,0,0,0,0,0,0,100000,100000,0,0
042909,順德元大94購01  ,0,0,0,0,0,0,0,0,0,0,0,0,0,500000,500000,0,0
043983,華邦電元大92購01,0,0,0,0,0,0,0,0,0,0,0,0,0,100000,100000,0,0
045584,奇鋐元大93購03  ,0,0,0,0,0,0,0,0,0,0,0,0,0,10000,10000,0,0
045594,緯穎元大93購04  ,0,0,0,0,0,0,0,0,0,0,0,0,0,200000,200000,0,0
045578,建準元大92購02  ,0,0,0,0,0,0,0,0,0,0,0,0,0,55000,55000,0,0
045583,嘉晶元大92購02  ,0,0,0,0,0,0,0,0,0,0,0,0,0,100000,100000,0,0
04556P,大成鋼群益94售02,0,0,0,0,0,0,0,0,0,0,0,0,0,2000,2000,0,0
046576,S&P反1富邦93購01,0,0,0,0,0,0,0,0,0,0,0,0,0,10000,10000,0,0
046580,正崴元大92購01  ,0,0,0,0,0,0,0,0,0,0,0,0,0,200000,200000,0,0
046581,聯發科元大92購22,0,0,0,0,0,0,0,0,0,0,0,0,0,100000,100000,0,0
042135,台灣50元大93購05,0,0,0,0,0,0,0,0,0,0,0,0,0,10000,10000,0,0
042136,台灣50元大93購08,0,0,0,0,0,0,0,0,0,0,0,0,0,40000,40000,0,0
043018,新光金元大93購01,0,0,0,0,0,0,0,0,0,0,0,0,0,489000,489000,0,0
042287,台灣50元大93購10,0,0,0,0,0,0,0,0,0,0,0,0,0,10000,10000,0,0
045418,上銀凱基92購01  ,0,0,0,0,0,0,0,0,0,0,0,0,0,10000,10000,0,0
045435,鴻海統一94購01  ,0,0,0,0,0,0,0,0,0,0,0,0,0,2000,2000,0,0
045463,聯發科元大92購08,0,0,0,0,0,0,0,0,0,0,0,0,0,150000,150000,0,0
045471,鎧勝元大93購01  ,0,0,0,0,0,0,0,0,0,0,0,0,0,100000,100000,0,0
045477,南茂元大92購02  ,0,0,0,0,0,0,0,0,0,0,0,0,0,200000,200000,0,0
045478,世紀鋼元大93購02,0,0,0,0,0,0,0,0,0,0,0,0,0,249000,249000,0,0
045469,貿聯元大92購03  ,0,0,0,0,0,0,0,0,0,0,0,0,0,100000,100000,0,0
045384,強茂元大92購01  ,0,0,0,0,0,0,0,0,0,0,0,0,0,100000,100000,0,0
045372,台塑元大92購01  ,0,0,0,0,0,0,0,0,0,0,0,0,0,110000,110000,0,0
045373,台化元大92購01  ,0,0,0,0,0,0,0,0,0,0,0,0,0,10000,10000,0,0
045347,大立光凱基93購05,0,0,0,0,0,0,0,0,0,0,0,0,0,10000,10000,0,0
045348,大立光凱基93購06,0,0,0,0,0,0,0,0,0,0,0,0,0,10000,10000,0,0
046227,聯發科元大92購12,0,0,0,0,0,0,0,0,0,0,0,0,0,350000,350000,0,0
046237,南電元大92購02  ,0,0,0,0,0,0,0,0,0,0,0,0,0,599000,599000,0,0
046230,亞光元大92購03  ,0,0,0,0,0,0,0,0,0,0,0,0,0,100000,100000,0,0
046259,和大凱基92購02  ,0,0,0,0,0,0,0,0,0,0,0,0,0,10000,10000,0,0
046193,大立光凱基92購06,0,0,0,0,0,0,0,0,0,0,0,0,0,10000,10000,0,0
04619P,華新統一94售02  ,0,0,0,0,0,0,0,0,0,0,0,0,0,10000,10000,0,0
045788,南寶元大93購01  ,0,0,0,0,0,0,0,0,0,0,0,0,0,100000,100000,0,0
045771,國巨元大93購08  ,0,0,0,0,0,0,0,0,0,0,0,0,0,110000,110000,0,0
045785,揚明光元大93購04,0,0,0,0,0,0,0,0,0,0,0,0,0,499000,499000,0,0
044960,京元電兆豐93購01,0,0,0,0,0,0,0,0,0,0,0,0,0,50000,50000,0,0
045718,瑞昱凱基92購01  ,0,0,0,0,0,0,0,0,0,0,0,0,0,20000,20000,0,0
045775,可成元大92購06  ,0,0,0,0,0,0,0,0,0,0,0,0,0,50000,50000,0,0
045760,鴻海統一93購02  ,0,0,0,0,0,0,0,0,0,0,0,0,0,10000,10000,0,0
045680,創意元大92購06  ,0,0,0,0,0,0,0,0,0,0,0,0,0,100000,100000,0,0
045691,南茂元大92購03  ,0,0,0,0,0,0,0,0,0,0,0,0,0,10000,10000,0,0
045692,南茂元大92購04  ,0,0,0,0,0,0,0,0,0,0,0,0,0,360000,360000,0,0
045670,鴻海元大92購09  ,0,0,0,0,0,0,0,0,0,0,0,0,0,300000,300000,0,0
045672,台積電元大92購15,0,0,0,0,0,0,0,0,0,0,0,0,0,10000,10000,0,0
046643,臺股指永豐93購01,0,0,0,0,0,0,0,0,0,0,0,0,0,1540000,1540000,0,0
045710,儒鴻凱基92購02  ,0,0,0,0,0,0,0,0,0,0,0,0,0,10000,10000,0,0
046661,冠德元大93購01  ,0,0,0,0,0,0,0,0,0,0,0,0,0,100000,100000,0,0
045202,力成凱基92購01  ,0,0,0,0,0,0,0,0,0,0,0,0,0,8000,8000,0,0
045188,大立光元富92購01,0,0,0,0,0,0,0,0,0,0,0,0,0,50000,50000,0,0
045301,聯發科元大92購05,0,0,0,0,0,0,0,0,0,0,0,0,0,20000,20000,0,0
045302,聯發科元大92購06,0,0,0,0,0,0,0,0,0,0,0,0,0,10000,10000,0,0
045312,矽創元大93購02  ,0,0,0,0,0,0,0,0,0,0,0,0,0,20000,20000,0,0
044815,宏碁兆豐93購01  ,0,0,0,0,0,0,0,0,0,0,0,0,0,81000,81000,0,0
045221,美律元大92購07  ,0,0,0,0,0,0,0,0,0,0,0,0,0,100000,100000,0,0
045226,TPK元大93購02   ,0,0,0,0,0,0,0,0,0,0,0,0,0,301000,301000,0,0
045227,致伸元大93購01  ,0,0,0,0,0,0,0,0,0,0,0,0,0,10000,10000,0,0
045230,嘉聯益元大93購01,0,0,0,0,0,0,0,0,0,0,0,0,0,140000,140000,0,0
045231,南電元大94購01  ,0,0,0,0,0,0,0,0,0,0,0,0,0,100000,100000,0,0
045216,鴻海元大93購02  ,0,0,0,0,0,0,0,0,0,0,0,0,0,50000,50000,0,0
045273,鴻海統一92購02  ,0,0,0,0,0,0,0,0,0,0,0,0,0,30000,30000,0,0
045291,鴻海元大92購06  ,0,0,0,0,0,0,0,0,0,0,0,0,0,10000,10000,0,0
045292,鴻海元大93購03  ,0,0,0,0,0,0,0,0,0,0,0,0,0,10000,10000,0,0
046332,同欣電元大92購01,0,0,0,0,0,0,0,0,0,0,0,0,0,100000,100000,0,0
046333,康友元大92購05  ,0,0,0,0,0,0,0,0,0,0,0,0,0,100000,100000,0,0
046334,緯穎元大92購05  ,0,0,0,0,0,0,0,0,0,0,0,0,0,110000,110000,0,0
046323,群創元大92購09  ,0,0,0,0,0,0,0,0,0,0,0,0,0,10000,10000,0,0
046325,日月光元大92購03,0,0,0,0,0,0,0,0,0,0,0,0,0,350000,350000,0,0
046336,致新元大92購02  ,0,0,0,0,0,0,0,0,0,0,0,0,0,10000,10000,0,0
046329,臻鼎元大92購10  ,0,0,0,0,0,0,0,0,0,0,0,0,0,110000,110000,0,0
046374,台積電凱基92購20,0,0,0,0,0,0,0,0,0,0,0,0,0,20000,20000,0,0
046362,華通永豐92購02  ,0,0,0,0,0,0,0,0,0,0,0,0,0,50000,50000,0,0
046311,聯發科元大92購16,0,0,0,0,0,0,0,0,0,0,0,0,0,998000,998000,0,0
046321,群創元大92購07  ,0,0,0,0,0,0,0,0,0,0,0,0,0,10000,10000,0,0
04630P,嘉聯益元大95售02,0,0,0,0,0,0,0,0,0,0,0,0,0,100000,100000,0,0
046302,亞德客元大92購02,0,0,0,0,0,0,0,0,0,0,0,0,0,110000,110000,0,0
046304,台積電元大92購26,0,0,0,0,0,0,0,0,0,0,0,0,0,20000,20000,0,0
046417,聯詠元大92購06  ,0,0,0,0,0,0,0,0,0,0,0,0,0,10000,10000,0,0
046513,景碩元大92購02  ,0,0,0,0,0,0,0,0,0,0,0,0,0,140000,140000,0,0
046514,群創元大92購12  ,0,0,0,0,0,0,0,0,0,0,0,0,0,10000,10000,0,0
046502,建準元大92購04  ,0,0,0,0,0,0,0,0,0,0,0,0,0,150000,150000,0,0
046508,冠德元大92購04  ,0,0,0,0,0,0,0,0,0,0,0,0,0,10000,10000,0,0
046517,南寶元大92購02  ,0,0,0,0,0,0,0,0,0,0,0,0,0,100000,100000,0,0
046523,臺股指元大92購22,0,0,0,0,0,0,0,0,0,0,0,0,0,10000,10000,0,0
046524,臺股指元大92購23,0,0,0,0,0,0,0,0,0,0,0,0,0,110000,110000,0,0
046526,臺股指元大92購25,0,0,0,0,0,0,0,0,0,0,0,0,0,120000,120000,0,0
046527,臺股指元大92購26,0,0,0,0,0,0,0,0,0,0,0,0,0,20000,20000,0,0
04646P,TPK凱基94售03   ,0,0,0,0,0,0,0,0,0,0,0,0,0,10000,10000,0,0
046111,台積電元大92購20,0,0,0,0,0,0,0,0,0,0,0,0,0,10000,10000,0,0
046120,大立光元大92購17,0,0,0,0,0,0,0,0,0,0,0,0,0,50000,50000,0,0
046131,矽創元大92購03  ,0,0,0,0,0,0,0,0,0,0,0,0,0,100000,100000,0,0
046132,致新元大92購01  ,0,0,0,0,0,0,0,0,0,0,0,0,0,100000,100000,0,0
046122,晶技元大92購01  ,0,0,0,0,0,0,0,0,0,0,0,0,0,200000,200000,0,0
046123,嘉澤元大92購02  ,0,0,0,0,0,0,0,0,0,0,0,0,0,10000,10000,0,0
046178,聯發科日盛92購01,0,0,0,0,0,0,0,0,0,0,0,0,0,18000,18000,0,0
04431P,牧德元大94售03  ,0,0,0,0,0,0,0,0,0,0,0,0,0,998000,998000,0,0
044060,美律元大92購05  ,0,0,0,0,0,0,0,0,0,0,0,0,0,447000,447000,0,0
044105,聯詠中信95購01  ,0,0,0,0,0,0,0,0,0,0,0,0,0,40000,40000,0,0
045069,美律元大93購03  ,0,0,0,0,0,0,0,0,0,0,0,0,0,100000,100000,0,0
045120,嘉澤元大92購01  ,0,0,0,0,0,0,0,0,0,0,0,0,0,10000,10000,0,0
047388,京元電元大95購01,0,0,0,0,0,0,0,0,0,0,0,0,0,499000,499000,0,0
045123,臺股指元大93購09,0,0,0,0,0,0,0,0,0,0,0,0,0,150000,150000,0,0
045124,臺股指元大93購10,0,0,0,0,0,0,0,0,0,0,0,0,0,120000,120000,0,0
045125,臺股指元大93購11,0,0,0,0,0,0,0,0,0,0,0,0,0,160000,160000,0,0
045126,臺股指元大93購12,0,0,0,0,0,0,0,0,0,0,0,0,0,130000,130000,0,0
04474P,聯發科元大94售03,0,0,0,0,0,0,0,0,0,0,0,0,0,90000,90000,0,0
044792,康友群益93購01  ,0,0,0,0,0,0,0,0,0,0,0,0,0,10000,10000,0,0
044718,宏達電統一93購02,0,0,0,0,0,0,0,0,0,0,0,0,0,1000,1000,0,0
044773,創意元大93購02  ,0,0,0,0,0,0,0,0,0,0,0,0,0,20000,20000,0,0
044779,GIS元大93購05   ,0,0,0,0,0,0,0,0,0,0,0,0,0,331000,331000,0,0
045013,大立光元大93購04,0,0,0,0,0,0,0,0,0,0,0,0,0,100000,100000,0,0
046047,臺股指元大93購17,0,0,0,0,0,0,0,0,0,0,0,0,0,220000,220000,0,0
046048,臺股指元大93購18,0,0,0,0,0,0,0,0,0,0,0,0,0,120000,120000,0,0
046049,臺股指元大93購19,0,0,0,0,0,0,0,0,0,0,0,0,0,20000,20000,0,0
046035,冠德元大92購03  ,0,0,0,0,0,0,0,0,0,0,0,0,0,200000,200000,0,0
046028,微星元大92購01  ,0,0,0,0,0,0,0,0,0,0,0,0,0,200000,200000,0,0
046030,南亞科元大92購04,0,0,0,0,0,0,0,0,0,0,0,0,0,389000,389000,0,0
046050,臺股指元大93購20,0,0,0,0,0,0,0,0,0,0,0,0,0,20000,20000,0,0
04600P,可成凱基94售07  ,0,0,0,0,0,0,0,0,0,0,0,0,0,30000,30000,0,0
044697,美律元大93購02  ,0,0,0,0,0,0,0,0,0,0,0,0,0,100000,100000,0,0
04472P,中環元大94售01  ,0,0,0,0,0,0,0,0,0,0,0,0,0,60000,60000,0,0
044633,台郡元大92購03  ,0,0,0,0,0,0,0,0,0,0,0,0,0,10000,10000,0,0
044356,創意元大92購04  ,0,0,0,0,0,0,0,0,0,0,0,0,0,200000,200000,0,0
044377,南茂兆豐93購01  ,0,0,0,0,0,0,0,0,0,0,0,0,0,10000,10000,0,0
044438,GIS元大92購03   ,0,0,0,0,0,0,0,0,0,0,0,0,0,499000,499000,0,0
045903,緯穎元大92購02  ,0,0,0,0,0,0,0,0,0,0,0,0,0,10000,10000,0,0
045905,志超元大92購01  ,0,0,0,0,0,0,0,0,0,0,0,0,0,110000,110000,0,0
045888,宏達電元大92購04,0,0,0,0,0,0,0,0,0,0,0,0,0,50000,50000,0,0
045890,欣興元大92購06  ,0,0,0,0,0,0,0,0,0,0,0,0,0,15000,15000,0,0
045899,臻鼎元大92購03  ,0,0,0,0,0,0,0,0,0,0,0,0,0,10000,10000,0,0
045892,和鑫元大93購03  ,0,0,0,0,0,0,0,0,0,0,0,0,0,70000,70000,0,0
045895,智伸科元大92購02,0,0,0,0,0,0,0,0,0,0,0,0,0,10000,10000,0,0
045896,正文元大92購03  ,0,0,0,0,0,0,0,0,0,0,0,0,0,10000,10000,0,0
045986,南亞科永昌93購01,0,0,0,0,0,0,0,0,0,0,0,0,0,70000,70000,0,0
044441,臺股指元大92購08,0,0,0,0,0,0,0,0,0,0,0,0,0,90000,90000,0,0
044442,臺股指元大92購09,0,0,0,0,0,0,0,0,0,0,0,0,0,30000,30000,0,0
048641,美律元大94購01  ,0,0,0,0,0,0,0,0,0,0,0,0,0,600000,600000,0,0
048635,鴻海元大94購04  ,0,0,0,0,0,0,0,0,0,0,0,0,0,63000,63000,0,0
048636,鴻海元大94購05  ,0,0,0,0,0,0,0,0,0,0,0,0,0,53000,53000,0,0
048638,台光電元大94購01,0,0,0,0,0,0,0,0,0,0,0,0,0,200000,200000,0,0
048649,瀚宇博元大93購05,0,0,0,0,0,0,0,0,0,0,0,0,0,968000,968000,0,0
048672,日電貿永豐93購02,0,0,0,0,0,0,0,0,0,0,0,0,0,15000,15000,0,0
048577,GIS國泰94購01   ,0,0,0,0,0,0,0,0,0,0,0,0,0,5000,5000,0,0
048629,滬深2X元大96購04,0,0,0,0,0,0,0,0,0,0,0,0,0,10000,10000,0,0
04862P,台積電元大94售26,0,0,0,0,0,0,0,0,0,0,0,0,0,200000,200000,0,0
048552,鴻海元大94購03  ,0,0,0,0,0,0,0,0,0,0,0,0,0,23000,23000,0,0
048575,旺宏國泰94購04  ,0,0,0,0,0,0,0,0,0,0,0,0,0,21000,21000,0,0
048568,緯穎元大93購06  ,0,0,0,0,0,0,0,0,0,0,0,0,0,110000,110000,0,0
048532,大立光國票93購06,0,0,0,0,0,0,0,0,0,0,0,0,0,5000,5000,0,0
048554,燿華元大93購06  ,0,0,0,0,0,0,0,0,0,0,0,0,0,100000,100000,0,0
048555,技嘉元大93購02  ,0,0,0,0,0,0,0,0,0,0,0,0,0,100000,100000,0,0
048556,技嘉元大93購03  ,0,0,0,0,0,0,0,0,0,0,0,0,0,200000,200000,0,0
048374,味全元富94購01  ,0,0,0,0,0,0,0,0,0,0,0,0,0,40000,40000,0,0
048350,世紀鋼元大95購01,0,0,0,0,0,0,0,0,0,0,0,0,0,50000,50000,0,0
048256,鴻海統一93購08  ,0,0,0,0,0,0,0,0,0,0,0,0,0,53000,53000,0,0
048347,康普元大93購02  ,0,0,0,0,0,0,0,0,0,0,0,0,0,100000,100000,0,0
048348,矽力元大93購03  ,0,0,0,0,0,0,0,0,0,0,0,0,0,80000,80000,0,0
048207,臺股指元大93購41,0,0,0,0,0,0,0,0,0,0,0,0,0,30000,30000,0,0
048208,臺股指元大93購42,0,0,0,0,0,0,0,0,0,0,0,0,0,10000,10000,0,0
048201,智易元大93購06  ,0,0,0,0,0,0,0,0,0,0,0,0,0,499000,499000,0,0
048203,矽力元大93購02  ,0,0,0,0,0,0,0,0,0,0,0,0,0,10000,10000,0,0
048204,訊芯元大93購06  ,0,0,0,0,0,0,0,0,0,0,0,0,0,20000,20000,0,0
048205,臺股指元大93購39,0,0,0,0,0,0,0,0,0,0,0,0,0,10000,10000,0,0
048191,亞德客元大93購06,0,0,0,0,0,0,0,0,0,0,0,0,0,110000,110000,0,0
048197,義隆元大93購04  ,0,0,0,0,0,0,0,0,0,0,0,0,0,211000,211000,0,0
04823P,台積電元富94售09,0,0,0,0,0,0,0,0,0,0,0,0,0,10000,10000,0,0
048435,致新國票93購01  ,0,0,0,0,0,0,0,0,0,0,0,0,0,30000,30000,0,0
048501,GIS元大94購02   ,0,0,0,0,0,0,0,0,0,0,0,0,0,200000,200000,0,0
048984,上緯控元大94購01,0,0,0,0,0,0,0,0,0,0,0,0,0,100000,100000,0,0
048989,矽格元大94購02  ,0,0,0,0,0,0,0,0,0,0,0,0,0,100000,100000,0,0
048980,嘉澤元大94購02  ,0,0,0,0,0,0,0,0,0,0,0,0,0,50000,50000,0,0
049356,台積電富邦94購05,0,0,0,0,0,0,0,0,0,0,0,0,0,81000,81000,0,0
049336,台達電統一94購02,0,0,0,0,0,0,0,0,0,0,0,0,0,10000,10000,0,0
047478,旺宏凱基93購04  ,0,0,0,0,0,0,0,0,0,0,0,0,0,1000,1000,0,0
046706,智邦台新93購01  ,0,0,0,0,0,0,0,0,0,0,0,0,0,10000,10000,0,0
047528,高鐵元大93購03  ,0,0,0,0,0,0,0,0,0,0,0,0,0,39000,39000,0,0
047524,瑞昱元大93購10  ,0,0,0,0,0,0,0,0,0,0,0,0,0,250000,250000,0,0
047531,新唐元大93購02  ,0,0,0,0,0,0,0,0,0,0,0,0,0,100000,100000,0,0
047546,瑞昱凱基93購06  ,0,0,0,0,0,0,0,0,0,0,0,0,0,4000,4000,0,0
049178,宏達電凱基94購02,0,0,0,0,0,0,0,0,0,0,0,0,0,200000,200000,0,0
049213,滬深2X國票94購02,0,0,0,0,0,0,0,0,0,0,0,0,0,1000,1000,0,0
048994,南電元大94購03  ,0,0,0,0,0,0,0,0,0,0,0,0,0,200000,200000,0,0
049005,可成中信95購01  ,0,0,0,0,0,0,0,0,0,0,0,0,0,48000,48000,0,0
049160,鴻海第一95購01  ,0,0,0,0,0,0,0,0,0,0,0,0,0,10000,10000,0,0
049253,台積電元大94購08,0,0,0,0,0,0,0,0,0,0,0,0,0,41000,41000,0,0
049275,臺股指元大94購10,0,0,0,0,0,0,0,0,0,0,0,0,0,20000,20000,0,0
048707,南電國票95購01  ,0,0,0,0,0,0,0,0,0,0,0,0,0,8000,8000,0,0
049299,矽創群益94購01  ,0,0,0,0,0,0,0,0,0,0,0,0,0,30000,30000,0,0
049483,台積電元大94購12,0,0,0,0,0,0,0,0,0,0,0,0,0,10000,10000,0,0
048338,正崴元大93購01  ,0,0,0,0,0,0,0,0,0,0,0,0,0,106000,106000,0,0
048263,台積電元富95購01,0,0,0,0,0,0,0,0,0,0,0,0,0,25000,25000,0,0
048341,全新元大94購03  ,0,0,0,0,0,0,0,0,0,0,0,0,0,100000,100000,0,0
048342,強茂元大93購01  ,0,0,0,0,0,0,0,0,0,0,0,0,0,499000,499000,0,0
046664,聯詠元大93購01  ,0,0,0,0,0,0,0,0,0,0,0,0,0,50000,50000,0,0
046667,晶技元大93購01  ,0,0,0,0,0,0,0,0,0,0,0,0,0,100000,100000,0,0
046693,台積電凱基93購03,0,0,0,0,0,0,0,0,0,0,0,0,0,40000,40000,0,0
047835,華新科元大93購09,0,0,0,0,0,0,0,0,0,0,0,0,0,10000,10000,0,0
047838,亞光元大93購03  ,0,0,0,0,0,0,0,0,0,0,0,0,0,405000,405000,0,0
047841,致伸元大94購01  ,0,0,0,0,0,0,0,0,0,0,0,0,0,100000,100000,0,0
047842,聯茂元大93購06  ,0,0,0,0,0,0,0,0,0,0,0,0,0,238000,238000,0,0
047818,台郡凱基93購04  ,0,0,0,0,0,0,0,0,0,0,0,0,0,10000,10000,0,0
047433,鴻海元大93購16  ,0,0,0,0,0,0,0,0,0,0,0,0,0,100000,100000,0,0
047440,聯發科元大93購14,0,0,0,0,0,0,0,0,0,0,0,0,0,10000,10000,0,0
047449,南茂元大93購04  ,0,0,0,0,0,0,0,0,0,0,0,0,0,10000,10000,0,0
047450,南茂元大93購05  ,0,0,0,0,0,0,0,0,0,0,0,0,0,200000,200000,0,0
047451,世紀鋼元大93購04,0,0,0,0,0,0,0,0,0,0,0,0,0,498000,498000,0,0
047452,電子類元大93購03,0,0,0,0,0,0,0,0,0,0,0,0,0,990000,990000,0,0
047453,電子類元大93購04,0,0,0,0,0,0,0,0,0,0,0,0,0,1005000,1005000,0,0
047442,聯詠元大93購09  ,0,0,0,0,0,0,0,0,0,0,0,0,0,110000,110000,0,0
047444,晶技元大93購03  ,0,0,0,0,0,0,0,0,0,0,0,0,0,210000,210000,0,0
047445,創意元大93購04  ,0,0,0,0,0,0,0,0,0,0,0,0,0,200000,200000,0,0
048165,嘉澤康和93購01  ,0,0,0,0,0,0,0,0,0,0,0,0,0,20000,20000,0,0
04812P,國巨元大95售03  ,0,0,0,0,0,0,0,0,0,0,0,0,0,100000,100000,0,0
047394,合勤控元大93購02,0,0,0,0,0,0,0,0,0,0,0,0,0,100000,100000,0,0
047397,啟碁元大93購05  ,0,0,0,0,0,0,0,0,0,0,0,0,0,499000,499000,0,0
047290,台積電元富93購04,0,0,0,0,0,0,0,0,0,0,0,0,0,10000,10000,0,0
047274,華新科永豐93購02,0,0,0,0,0,0,0,0,0,0,0,0,0,30000,30000,0,0
047016,鴻海元大93購07  ,0,0,0,0,0,0,0,0,0,0,0,0,0,30000,30000,0,0
047387,美律元大93購05  ,0,0,0,0,0,0,0,0,0,0,0,0,0,27000,27000,0,0
047383,鴻海元大95購01  ,0,0,0,0,0,0,0,0,0,0,0,0,0,153000,153000,0,0
047384,台積電元大93購20,0,0,0,0,0,0,0,0,0,0,0,0,0,70000,70000,0,0
047327,中磊元大93購04  ,0,0,0,0,0,0,0,0,0,0,0,0,0,249000,249000,0,0
047328,瀚宇博元大93購04,0,0,0,0,0,0,0,0,0,0,0,0,0,499000,499000,0,0
047337,臺股指元大93購32,0,0,0,0,0,0,0,0,0,0,0,0,0,170000,170000,0,0
047338,臺股指元大93購33,0,0,0,0,0,0,0,0,0,0,0,0,0,120000,120000,0,0
047339,臺股指元大93購34,0,0,0,0,0,0,0,0,0,0,0,0,0,40000,40000,0,0
047316,大立光元大94購01,0,0,0,0,0,0,0,0,0,0,0,0,0,150000,150000,0,0
047311,台積電元大93購19,0,0,0,0,0,0,0,0,0,0,0,0,0,60000,60000,0,0
047345,鴻海凱基94購06  ,0,0,0,0,0,0,0,0,0,0,0,0,0,20000,20000,0,0
047025,可成元大93購05  ,0,0,0,0,0,0,0,0,0,0,0,0,0,50000,50000,0,0
047030,日月光元大93購02,0,0,0,0,0,0,0,0,0,0,0,0,0,1000,1000,0,0
046860,致伸元大93購02  ,0,0,0,0,0,0,0,0,0,0,0,0,0,10000,10000,0,0
046807,臺股指元大93購27,0,0,0,0,0,0,0,0,0,0,0,0,0,545000,545000,0,0
046851,台積電元大93購12,0,0,0,0,0,0,0,0,0,0,0,0,0,20000,20000,0,0
047642,宏達電元大93購08,0,0,0,0,0,0,0,0,0,0,0,0,0,260000,260000,0,0
047643,新光金元大95購02,0,0,0,0,0,0,0,0,0,0,0,0,0,200000,200000,0,0
046801,中橡元大93購01  ,0,0,0,0,0,0,0,0,0,0,0,0,0,499000,499000,0,0
046728,明泰元大93購01  ,0,0,0,0,0,0,0,0,0,0,0,0,0,70000,70000,0,0
048783,國巨元大94購01  ,0,0,0,0,0,0,0,0,0,0,0,0,0,110000,110000,0,0
048784,台積電元大94購04,0,0,0,0,0,0,0,0,0,0,0,0,0,11000,11000,0,0
048786,瑞昱元大94購02  ,0,0,0,0,0,0,0,0,0,0,0,0,0,54000,54000,0,0
048835,牧德凱基94購02  ,0,0,0,0,0,0,0,0,0,0,0,0,0,4000,4000,0,0
048871,晶豪科國票94購01,0,0,0,0,0,0,0,0,0,0,0,0,0,22000,22000,0,0
047633,力山元大94購01  ,0,0,0,0,0,0,0,0,0,0,0,0,0,100000,100000,0,0
04893P,創意元大94售03  ,0,0,0,0,0,0,0,0,0,0,0,0,0,200000,200000,0,0
047117,禾伸堂元大93購02,0,0,0,0,0,0,0,0,0,0,0,0,0,100000,100000,0,0
047122,康友元大93購02  ,0,0,0,0,0,0,0,0,0,0,0,0,0,100000,100000,0,0
047111,台光電元大93購04,0,0,0,0,0,0,0,0,0,0,0,0,0,100000,100000,0,0
047112,聯發科元大93購11,0,0,0,0,0,0,0,0,0,0,0,0,0,50000,50000,0,0
047115,可成元大93購06  ,0,0,0,0,0,0,0,0,0,0,0,0,0,208000,208000,0,0
047106,喬山元大93購01  ,0,0,0,0,0,0,0,0,0,0,0,0,0,998000,998000,0,0
047190,聯茂元大93購03  ,0,0,0,0,0,0,0,0,0,0,0,0,0,10000,10000,0,0
047178,台積電元大93購16,0,0,0,0,0,0,0,0,0,0,0,0,0,90000,90000,0,0
047179,台積電元大93購17,0,0,0,0,0,0,0,0,0,0,0,0,0,60000,60000,0,0
050170,臺指反元大97購02,0,0,0,0,0,0,0,0,0,0,0,0,0,499000,499000,0,0
050171,臺指反元大97購03,0,0,0,0,0,0,0,0,0,0,0,0,0,200000,200000,0,0
050161,鴻海國泰96購03  ,0,0,0,0,0,0,0,0,0,0,0,0,0,20000,20000,0,0
050179,全新元大96購02  ,0,0,0,0,0,0,0,0,0,0,0,0,0,100000,100000,0,0
05017P,臺股指元大95售08,0,0,0,0,0,0,0,0,0,0,0,0,0,1996000,1996000,0,0
050176,正崴元大94購03  ,0,0,0,0,0,0,0,0,0,0,0,0,0,200000,200000,0,0
050189,旭富元大94購01  ,0,0,0,0,0,0,0,0,0,0,0,0,0,100000,100000,0,0
050193,臻鼎元大94購02  ,0,0,0,0,0,0,0,0,0,0,0,0,0,100000,100000,0,0
050198,緯穎元大94購09  ,0,0,0,0,0,0,0,0,0,0,0,0,0,110000,110000,0,0
050199,南電元大94購09  ,0,0,0,0,0,0,0,0,0,0,0,0,0,100000,100000,0,0
050085,國泰金元富94購01,0,0,0,0,0,0,0,0,0,0,0,0,0,20000,20000,0,0
050069,禾伸堂凱基94購04,0,0,0,0,0,0,0,0,0,0,0,0,0,10000,10000,0,0
050120,GIS元大95購02   ,0,0,0,0,0,0,0,0,0,0,0,0,0,297000,297000,0,0
050113,欣興元大95購05  ,0,0,0,0,0,0,0,0,0,0,0,0,0,10000,10000,0,0
050114,群創元大95購01  ,0,0,0,0,0,0,0,0,0,0,0,0,0,76000,76000,0,0
050105,力山元大95購02  ,0,0,0,0,0,0,0,0,0,0,0,0,0,100000,100000,0,0
050332,鴻海國泰96購05  ,0,0,0,0,0,0,0,0,0,0,0,0,0,10000,10000,0,0
050347,上証2X群益98購01,0,0,0,0,0,0,0,0,0,0,0,0,0,362000,362000,0,0
050307,欣興中信95購01  ,0,0,0,0,0,0,0,0,0,0,0,0,0,35000,35000,0,0
05032P,台積電國泰96售05,0,0,0,0,0,0,0,0,0,0,0,0,0,1000,1000,0,0
050256,臺指反元大98購03,0,0,0,0,0,0,0,0,0,0,0,0,0,499000,499000,0,0
050268,智原元大95購03  ,0,0,0,0,0,0,0,0,0,0,0,0,0,101000,101000,0,0
050269,欣興元大94購09  ,0,0,0,0,0,0,0,0,0,0,0,0,0,1000,1000,0,0
050275,緯穎元大94購10  ,0,0,0,0,0,0,0,0,0,0,0,0,0,202000,202000,0,0
049686,T50反1元大94購02,0,0,0,0,0,0,0,0,0,0,0,0,0,499000,499000,0,0
049696,欣興元大95購02  ,0,0,0,0,0,0,0,0,0,0,0,0,0,10000,10000,0,0
049692,可成元大94購07  ,0,0,0,0,0,0,0,0,0,0,0,0,0,3000,3000,0,0
049714,國巨凱基94購02  ,0,0,0,0,0,0,0,0,0,0,0,0,0,40000,40000,0,0
049705,緯穎元大94購05  ,0,0,0,0,0,0,0,0,0,0,0,0,0,7000,7000,0,0
049698,TPK元大95購01   ,0,0,0,0,0,0,0,0,0,0,0,0,0,499000,499000,0,0
049732,國巨群益94購05  ,0,0,0,0,0,0,0,0,0,0,0,0,0,48000,48000,0,0
049837,臺股指凱基96購02,0,0,0,0,0,0,0,0,0,0,0,0,0,10000,10000,0,0
049815,緯穎元大94購06  ,0,0,0,0,0,0,0,0,0,0,0,0,0,30000,30000,0,0
049817,南電元大94購07  ,0,0,0,0,0,0,0,0,0,0,0,0,0,699000,699000,0,0
049818,柏文元大94購01  ,0,0,0,0,0,0,0,0,0,0,0,0,0,599000,599000,0,0
049804,華固元大94購01  ,0,0,0,0,0,0,0,0,0,0,0,0,0,14000,14000,0,0
049808,聯詠元大94購03  ,0,0,0,0,0,0,0,0,0,0,0,0,0,60000,60000,0,0
049797,台積電元大94購17,0,0,0,0,0,0,0,0,0,0,0,0,0,50000,50000,0,0
049800,瑞昱元大94購05  ,0,0,0,0,0,0,0,0,0,0,0,0,0,1000,1000,0,0
049771,GIS元富94購02   ,0,0,0,0,0,0,0,0,0,0,0,0,0,2000,2000,0,0
050037,金融類元大94購03,0,0,0,0,0,0,0,0,0,0,0,0,0,495000,495000,0,0
050038,金融類元大94購04,0,0,0,0,0,0,0,0,0,0,0,0,0,990000,990000,0,0
050027,義隆元大94購03  ,0,0,0,0,0,0,0,0,0,0,0,0,0,300000,300000,0,0
050019,T50反1元大94購04,0,0,0,0,0,0,0,0,0,0,0,0,0,495000,495000,0,0
050022,鴻海元大94購11  ,0,0,0,0,0,0,0,0,0,0,0,0,0,10000,10000,0,0
049904,矽力元富94購01  ,0,0,0,0,0,0,0,0,0,0,0,0,0,31000,31000,0,0
04989P,國巨元大94售15  ,0,0,0,0,0,0,0,0,0,0,0,0,0,100000,100000,0,0
049915,瑞昱元大94購07  ,0,0,0,0,0,0,0,0,0,0,0,0,0,5000,5000,0,0
049916,台光電元大94購06,0,0,0,0,0,0,0,0,0,0,0,0,0,117000,117000,0,0
049909,國巨元大95購01  ,0,0,0,0,0,0,0,0,0,0,0,0,0,180000,180000,0,0
049934,緯穎元大94購08  ,0,0,0,0,0,0,0,0,0,0,0,0,0,148000,148000,0,0
049936,柏文元大94購02  ,0,0,0,0,0,0,0,0,0,0,0,0,0,1497000,1497000,0,0
049931,矽力元大94購01  ,0,0,0,0,0,0,0,0,0,0,0,0,0,30000,30000,0,0
049929,祥碩元大94購03  ,0,0,0,0,0,0,0,0,0,0,0,0,0,10000,10000,0,0
049941,臺股指元大94購24,0,0,0,0,0,0,0,0,0,0,0,0,0,40000,40000,0,0
047907,燿華元大93購05  ,0,0,0,0,0,0,0,0,0,0,0,0,0,499000,499000,0,0
047905,元油反元大96購04,0,0,0,0,0,0,0,0,0,0,0,0,0,499000,499000,0,0
04791P,台積電元大94售20,0,0,0,0,0,0,0,0,0,0,0,0,0,499000,499000,0,0
04790P,台積電元大94售19,0,0,0,0,0,0,0,0,0,0,0,0,0,100000,100000,0,0
046927,上銀富邦95購01  ,0,0,0,0,0,0,0,0,0,0,0,0,0,3000,3000,0,0
047716,晶技凱基93購03  ,0,0,0,0,0,0,0,0,0,0,0,0,0,10000,10000,0,0
047989,深中小元大96購02,0,0,0,0,0,0,0,0,0,0,0,0,0,10000,10000,0,0
046947,禾伸堂元大93購01,0,0,0,0,0,0,0,0,0,0,0,0,0,200000,200000,0,0
046948,聯詠元大93購03  ,0,0,0,0,0,0,0,0,0,0,0,0,0,200000,200000,0,0
046960,台新金中信95購01,0,0,0,0,0,0,0,0,0,0,0,0,0,30000,30000,0,0
046958,鴻海中信93購01  ,0,0,0,0,0,0,0,0,0,0,0,0,0,20000,20000,0,0
049137,華通元大95購02  ,0,0,0,0,0,0,0,0,0,0,0,0,0,8000,8000,0,0
049130,臺指反元大98購01,0,0,0,0,0,0,0,0,0,0,0,0,0,699000,699000,0,0
049132,大成鋼元大94購01,0,0,0,0,0,0,0,0,0,0,0,0,0,100000,100000,0,0
049133,為升元大94購02  ,0,0,0,0,0,0,0,0,0,0,0,0,0,519000,519000,0,0
049140,台積電元大94購07,0,0,0,0,0,0,0,0,0,0,0,0,0,522000,522000,0,0
049142,智邦元大94購01  ,0,0,0,0,0,0,0,0,0,0,0,0,0,100000,100000,0,0
049366,聯發科元大94購05,0,0,0,0,0,0,0,0,0,0,0,0,0,100000,100000,0,0
049370,可成元大94購03  ,0,0,0,0,0,0,0,0,0,0,0,0,0,113000,113000,0,0
049156,緯穎元大96購01  ,0,0,0,0,0,0,0,0,0,0,0,0,0,2000,2000,0,0
049387,緯穎元大94購03  ,0,0,0,0,0,0,0,0,0,0,0,0,0,143000,143000,0,0
049382,牧德元大94購04  ,0,0,0,0,0,0,0,0,0,0,0,0,0,10000,10000,0,0
049383,健策元大95購01  ,0,0,0,0,0,0,0,0,0,0,0,0,0,10000,10000,0,0
049384,致伸元大94購02  ,0,0,0,0,0,0,0,0,0,0,0,0,0,100000,100000,0,0
049385,茂林元大94購03  ,0,0,0,0,0,0,0,0,0,0,0,0,0,50000,50000,0,0
049378,聯詠元大94購02  ,0,0,0,0,0,0,0,0,0,0,0,0,0,100000,100000,0,0
049113,大立光統一94購06,0,0,0,0,0,0,0,0,0,0,0,0,0,1000,1000,0,0
049028,麗豐群益94購01  ,0,0,0,0,0,0,0,0,0,0,0,0,0,10000,10000,0,0
049023,玉晶光群益96購04,0,0,0,0,0,0,0,0,0,0,0,0,0,112000,112000,0,0
047710,聯發科凱基93購21,0,0,0,0,0,0,0,0,0,0,0,0,0,75000,75000,0,0
049043,新唐兆豐94購01  ,0,0,0,0,0,0,0,0,0,0,0,0,0,100000,100000,0,0
049054,禾伸堂永豐94購01,0,0,0,0,0,0,0,0,0,0,0,0,0,15000,15000,0,0
047776,志超元大93購01  ,0,0,0,0,0,0,0,0,0,0,0,0,0,499000,499000,0,0
047722,南電凱基94購02  ,0,0,0,0,0,0,0,0,0,0,0,0,0,34000,34000,0,0
047787,正崴群益93購01  ,0,0,0,0,0,0,0,0,0,0,0,0,0,10000,10000,0,0
04800P,聯茂元大94售08  ,0,0,0,0,0,0,0,0,0,0,0,0,0,250000,250000,0,0
048004,康控元大93購05  ,0,0,0,0,0,0,0,0,0,0,0,0,0,200000,200000,0,0
048005,鎧勝元大93購02  ,0,0,0,0,0,0,0,0,0,0,0,0,0,100000,100000,0,0
048006,瑞儀元大93購03  ,0,0,0,0,0,0,0,0,0,0,0,0,0,998000,998000,0,0
047998,美律元大93購06  ,0,0,0,0,0,0,0,0,0,0,0,0,0,100000,100000,0,0
047996,華邦電元大93購04,0,0,0,0,0,0,0,0,0,0,0,0,0,210000,210000,0,0
048055,燿華國泰95購02  ,0,0,0,0,0,0,0,0,0,0,0,0,0,10000,10000,0,0
048057,宏達電國泰94購02,0,0,0,0,0,0,0,0,0,0,0,0,0,4000,4000,0,0
048038,樺漢凱基93購03  ,0,0,0,0,0,0,0,0,0,0,0,0,0,80000,80000,0,0
048094,大立光凱基93購31,0,0,0,0,0,0,0,0,0,0,0,0,0,310000,310000,0,0
048111,奇力新群益93購06,0,0,0,0,0,0,0,0,0,0,0,0,0,6000,6000,0,0
048085,鴻海凱基93購32  ,0,0,0,0,0,0,0,0,0,0,0,0,0,655000,655000,0,0
048079,燿華日盛93購01  ,0,0,0,0,0,0,0,0,0,0,0,0,0,50000,50000,0,0
049493,可成元大94購05  ,0,0,0,0,0,0,0,0,0,0,0,0,0,101000,101000,0,0
04811P,上銀元大94售02  ,0,0,0,0,0,0,0,0,0,0,0,0,0,88000,88000,0,0
048121,亞德客元大93購05,0,0,0,0,0,0,0,0,0,0,0,0,0,50000,50000,0,0
049532,同欣電台新94購01,0,0,0,0,0,0,0,0,0,0,0,0,0,104000,104000,0,0
049646,旺宏凱基94購01  ,0,0,0,0,0,0,0,0,0,0,0,0,0,25000,25000,0,0
049602,南電元大95購01  ,0,0,0,0,0,0,0,0,0,0,0,0,0,499000,499000,0,0
049588,聯發科元大94購06,0,0,0,0,0,0,0,0,0,0,0,0,0,509000,509000,0,0
049586,正崴元大94購01  ,0,0,0,0,0,0,0,0,0,0,0,0,0,150000,150000,0,0
049554,禾伸堂富邦96購01,0,0,0,0,0,0,0,0,0,0,0,0,0,80000,80000,0,0
052957,T50反1凱基99購01,0,0,0,0,0,0,0,0,0,0,0,0,0,14000,14000,0,0
052964,台表科凱基96購03,0,0,0,0,0,0,0,0,0,0,0,0,0,40000,40000,0,0
052910,鴻海統一96購10  ,0,0,0,0,0,0,0,0,0,0,0,0,0,48000,48000,0,0
053000,臺股指康和96購02,0,0,0,0,0,0,0,0,0,0,0,0,0,5000,5000,0,0
053092,台表科元大97購02,0,0,0,0,0,0,0,0,0,0,0,0,0,100000,100000,0,0
053099,正崴元富96購01  ,0,0,0,0,0,0,0,0,0,0,0,0,0,1000,1000,0,0
053109,聯發科兆豐96購01,0,0,0,0,0,0,0,0,0,0,0,0,0,5000,5000,0,0
053151,華新科元大96購04,0,0,0,0,0,0,0,0,0,0,0,0,0,40000,40000,0,0
053145,元黃金元大96購02,0,0,0,0,0,0,0,0,0,0,0,0,0,300000,300000,0,0
053146,滬深2X元大96購08,0,0,0,0,0,0,0,0,0,0,0,0,0,10000,10000,0,0
052810,易華電元大96購02,0,0,0,0,0,0,0,0,0,0,0,0,0,970000,970000,0,0
05279P,上銀元大95售02  ,0,0,0,0,0,0,0,0,0,0,0,0,0,599000,599000,0,0
052800,國巨元大96購05  ,0,0,0,0,0,0,0,0,0,0,0,0,0,30000,30000,0,0
052803,冠德元大96購01  ,0,0,0,0,0,0,0,0,0,0,0,0,0,100000,100000,0,0
052804,淘帝元大96購01  ,0,0,0,0,0,0,0,0,0,0,0,0,0,300000,300000,0,0
052808,矽力元大96購02  ,0,0,0,0,0,0,0,0,0,0,0,0,0,100000,100000,0,0
052737,滬深2X元大96購06,0,0,0,0,0,0,0,0,0,0,0,0,0,10000,10000,0,0
052753,電子類元大96購02,0,0,0,0,0,0,0,0,0,0,0,0,0,1980000,1980000,0,0
05278P,台郡元富95售02  ,0,0,0,0,0,0,0,0,0,0,0,0,0,20000,20000,0,0
052600,力山元大97購01  ,0,0,0,0,0,0,0,0,0,0,0,0,0,476000,476000,0,0
052603,鴻海元大96購15  ,0,0,0,0,0,0,0,0,0,0,0,0,0,101000,101000,0,0
052609,智易元大97購01  ,0,0,0,0,0,0,0,0,0,0,0,0,0,100000,100000,0,0
052622,貿聯兆豐97購01  ,0,0,0,0,0,0,0,0,0,0,0,0,0,3000,3000,0,0
05264P,微星元大95售02  ,0,0,0,0,0,0,0,0,0,0,0,0,0,100000,100000,0,0
052704,TPK國票97購01   ,0,0,0,0,0,0,0,0,0,0,0,0,0,10000,10000,0,0
052696,玉晶光麥證97購01,0,0,0,1000,0,1000,0,0,0,0,0,0,0,1000,1000,0,0
052495,滬深2X台新95購01,0,0,0,0,0,0,0,0,0,0,0,0,0,1000,1000,0,0
052517,滬深2X元大95購05,0,0,0,0,0,0,0,0,0,0,0,0,0,10000,10000,0,0
05244P,台積電元大95售17,0,0,0,0,0,0,0,0,0,0,0,0,0,79000,79000,0,0
052450,嘉澤元大95購03  ,0,0,0,0,0,0,0,0,0,0,0,0,0,100000,100000,0,0
05243P,鴻海元大95售19  ,0,0,0,0,0,0,0,0,0,0,0,0,0,31000,31000,0,0
052442,中環元大95購02  ,0,0,0,0,0,0,0,0,0,0,0,0,0,10000,10000,0,0
052465,聯詠統一95購02  ,0,0,0,0,0,0,0,0,0,0,0,0,0,48000,48000,0,0
052406,力成凱基95購03  ,0,0,0,0,0,0,0,0,0,0,0,0,0,2000,2000,0,0
052370,滬深2X元大95購04,0,0,0,0,0,0,0,0,0,0,0,0,0,10000,10000,0,0
052226,旺宏凱基95購06  ,0,0,0,0,0,0,0,0,0,0,0,0,0,10000,10000,0,0
052230,大立光凱基96購09,0,0,0,0,0,0,0,0,0,0,0,0,0,2000,2000,0,0
052204,台泥中信96購01  ,0,0,0,0,0,0,0,0,0,0,0,0,0,58000,58000,0,0
052209,深中小元大95購02,0,0,0,0,0,0,0,0,0,0,0,0,0,10000,10000,0,0
052290,鴻海元富97購01  ,0,0,0,0,0,0,0,0,0,0,0,0,0,20000,20000,0,0
052282,宏達電凱基95購05,0,0,0,0,0,0,0,0,0,0,0,0,0,108000,108000,0,0
052257,燿華國泰96購01  ,0,0,0,0,0,0,0,0,0,0,0,0,0,50000,50000,0,0
052381,臺股指元大95購22,0,0,0,0,0,0,0,0,0,0,0,0,0,10000,10000,0,0
052384,臺股指元大95購30,0,0,0,0,0,0,0,0,0,0,0,0,0,30000,30000,0,0
052315,廣宇元大95購02  ,0,0,0,0,0,0,0,0,0,0,0,0,0,200000,200000,0,0
05230P,京元電群益95售01,0,0,0,0,0,0,0,0,0,0,0,0,0,10000,10000,0,0
051876,宏達電國票96購01,0,0,0,0,0,0,0,0,0,0,0,0,0,45000,45000,0,0
051921,南茂元大95購04  ,0,0,0,0,0,0,0,0,0,0,0,0,0,599000,599000,0,0
051913,緯創元大96購01  ,0,0,0,0,0,0,0,0,0,0,0,0,0,100000,100000,0,0
051909,潤泰全元大95購02,0,0,0,0,0,0,0,0,0,0,0,0,0,499000,499000,0,0
051985,智邦元大95購05  ,0,0,0,0,0,0,0,0,0,0,0,0,0,100000,100000,0,0
051977,泰碩凱基95購01  ,0,0,0,0,0,0,0,0,0,0,0,0,0,10000,10000,0,0
051951,聯發科元富95購02,0,0,0,0,0,0,0,0,0,0,0,0,0,50000,50000,0,0
052087,鴻海元大96購09  ,0,0,0,0,0,0,0,0,0,0,0,0,0,50000,50000,0,0
052039,聯詠永昌96購01  ,0,0,0,0,0,0,0,0,0,0,0,0,0,10000,10000,0,0
052127,日月光國票96購01,0,0,0,0,0,0,0,0,0,0,0,0,0,50000,50000,0,0
052186,宏達電群益95購04,0,0,0,0,0,0,0,0,0,0,0,0,0,4000,4000,0,0
051345,鴻海元大95購09  ,0,0,0,0,0,0,0,0,0,0,0,0,0,250000,250000,0,0
05136P,台積電凱基95售08,0,0,0,0,0,0,0,0,0,0,0,0,0,93000,93000,0,0
051363,矽創元大95購03  ,0,0,0,0,0,0,0,0,0,0,0,0,0,105000,105000,0,0
051336,智原永豐95購01  ,0,0,0,0,0,0,0,0,0,0,0,0,0,4000,4000,0,0
051349,國巨元大95購08  ,0,0,0,0,0,0,0,0,0,0,0,0,0,4000,4000,0,0
051430,瑞昱元富95購02  ,0,0,0,0,0,0,0,0,0,0,0,0,0,11000,11000,0,0
051390,京元電兆豐95購01,0,0,0,0,0,0,0,0,0,0,0,0,0,51000,51000,0,0
051403,玉晶光永豐95購05,0,0,0,0,0,0,0,0,0,0,0,0,0,10000,10000,0,0
051178,大立光凱基95購10,0,0,0,0,0,0,0,0,0,0,0,0,0,20000,20000,0,0
051159,力山元大96購01  ,0,0,0,0,0,0,0,0,0,0,0,0,0,200000,200000,0,0
051165,可成元大95購01  ,0,0,0,0,0,0,0,0,0,0,0,0,0,225000,225000,0,0
051170,南電元大95購03  ,0,0,0,0,0,0,0,0,0,0,0,0,0,799000,799000,0,0
051150,宏達電凱基95購02,0,0,0,0,0,0,0,0,0,0,0,0,0,4000,4000,0,0
051237,鴻海元大97購01  ,0,0,0,0,0,0,0,0,0,0,0,0,0,100000,100000,0,0
051214,大立光統一95購02,0,0,0,0,0,0,0,0,0,0,0,0,0,10000,10000,0,0
051290,大立光統一96購02,0,0,0,0,0,0,0,0,0,0,0,0,0,12000,12000,0,0
051263,深中小富邦96購01,0,0,0,0,0,0,0,0,0,0,0,0,0,200000,200000,0,0
05146P,鴻海元大95售10  ,0,0,0,0,0,0,0,0,0,0,0,0,0,46000,46000,0,0
051476,聯發科凱基95購09,0,0,0,0,0,0,0,0,0,0,0,0,0,20000,20000,0,0
051491,貿聯凱基95購01  ,0,0,0,0,0,0,0,0,0,0,0,0,0,80000,80000,0,0
051485,玉晶光凱基97購02,0,0,0,0,0,0,0,0,0,0,0,0,0,33000,33000,0,0
051574,鴻海元大96購06  ,0,0,0,0,0,0,0,0,0,0,0,0,0,998000,998000,0,0
051586,國泰金元大96購01,0,0,0,0,0,0,0,0,0,0,0,0,0,100000,100000,0,0
051587,大立光元大95購08,0,0,0,0,0,0,0,0,0,0,0,0,0,100000,100000,0,0
051581,聯發科元大95購12,0,0,0,0,0,0,0,0,0,0,0,0,0,100000,100000,0,0
051755,台積電元大96購08,0,0,0,0,0,0,0,0,0,0,0,0,0,350000,350000,0,0
051758,瑞昱元大95購01  ,0,0,0,0,0,0,0,0,0,0,0,0,0,12000,12000,0,0
051742,欣興國票96購01  ,0,0,0,0,0,0,0,0,0,0,0,0,0,10000,10000,0,0
051767,臻鼎元大95購03  ,0,0,0,0,0,0,0,0,0,0,0,0,0,100000,100000,0,0
051769,矽力元大95購01  ,0,0,0,0,0,0,0,0,0,0,0,0,0,30000,30000,0,0
051776,上証2X群益99購01,0,0,0,0,0,0,0,0,0,0,0,0,0,209000,209000,0,0
051798,國巨永豐95購03  ,0,0,0,0,0,0,0,0,0,0,0,0,0,1000,1000,0,0
051643,瑞昱康和95購01  ,0,0,0,0,0,0,0,0,0,0,0,0,0,68000,68000,0,0
051677,達方元大95購01  ,0,0,0,0,0,0,0,0,0,0,0,0,0,57000,57000,0,0
051074,矽力國票96購01  ,0,0,0,0,0,0,0,0,0,0,0,0,0,1000,1000,0,0
051093,聯詠元大95購01  ,0,0,0,0,0,0,0,0,0,0,0,0,0,50000,50000,0,0
051013,旺宏凱基95購03  ,0,0,0,0,0,0,0,0,0,0,0,0,0,28000,28000,0,0
051014,智邦凱基95購01  ,0,0,0,0,0,0,0,0,0,0,0,0,0,200000,200000,0,0
051004,台新金中信95購02,0,0,0,0,0,0,0,0,0,0,0,0,0,30000,30000,0,0
051005,緯創中信95購02  ,0,0,0,0,0,0,0,0,0,0,0,0,0,30000,30000,0,0
050811,國巨凱基95購02  ,0,0,0,0,0,0,0,0,0,0,0,0,0,10000,10000,0,0
050771,華新科元大94購06,0,0,0,0,0,0,0,0,0,0,0,0,0,10000,10000,0,0
050834,啟碁凱基95購01  ,0,0,0,0,0,0,0,0,0,0,0,0,0,2000,2000,0,0
050828,康控凱基95購01  ,0,0,0,0,0,0,0,0,0,0,0,0,0,10000,10000,0,0
050896,華新科元大96購02,0,0,0,0,0,0,0,0,0,0,0,0,0,90000,90000,0,0
050898,智原元大96購01  ,0,0,0,0,0,0,0,0,0,0,0,0,0,241000,241000,0,0
050902,南電元大96購01  ,0,0,0,0,0,0,0,0,0,0,0,0,0,685000,685000,0,0
050903,臺股指元大95購10,0,0,0,0,0,0,0,0,0,0,0,0,0,70000,70000,0,0
050905,臺股指元大95購12,0,0,0,0,0,0,0,0,0,0,0,0,0,120000,120000,0,0
050920,旺宏凱基95購01  ,0,0,0,0,0,0,0,0,0,0,0,0,0,1000,1000,0,0
050918,南亞科日盛95購01,0,0,0,0,0,0,0,0,0,0,0,0,0,30000,30000,0,0
050461,GIS元大95購04   ,0,0,0,0,0,0,0,0,0,0,0,0,0,100000,100000,0,0
050454,嘉澤元大94購04  ,0,0,0,0,0,0,0,0,0,0,0,0,0,200000,200000,0,0
050477,矽力永豐94購01  ,0,0,0,0,0,0,0,0,0,0,0,0,0,10000,10000,0,0
050524,宏達電元大95購04,0,0,0,0,0,0,0,0,0,0,0,0,0,120000,120000,0,0
050541,智邦凱基94購04  ,0,0,0,0,0,0,0,0,0,0,0,0,0,20000,20000,0,0
050542,宏碁凱基95購01  ,0,0,0,0,0,0,0,0,0,0,0,0,0,18000,18000,0,0
050403,台積電麥證94購02,0,0,0,20000,20000,0,0,0,0,0,0,0,0,20000,20000,0,0
050373,奇鋐元大94購04  ,0,0,0,0,0,0,0,0,0,0,0,0,0,10000,10000,0,0
050371,台積電元大94購25,0,0,0,0,0,0,0,0,0,0,0,0,0,13000,13000,0,0
050369,台積電元大94購23,0,0,0,0,0,0,0,0,0,0,0,0,0,130000,130000,0,0
050366,鴻海元大94購19  ,0,0,0,0,0,0,0,0,0,0,0,0,0,25000,25000,0,0
050375,矽創元大94購02  ,0,0,0,0,0,0,0,0,0,0,0,0,0,100000,100000,0,0
050420,鴻海凱基95購03  ,0,0,0,0,0,0,0,0,0,0,0,0,0,20000,20000,0,0
050448,義隆元大94購04  ,0,0,0,0,0,0,0,0,0,0,0,0,0,200000,200000,0,0
050445,鴻海元大94購21  ,0,0,0,0,0,0,0,0,0,0,0,0,0,53000,53000,0,0
050446,鴻海元大94購22  ,0,0,0,0,0,0,0,0,0,0,0,0,0,100000,100000,0,0
050606,劍麟元大94購02  ,0,0,0,0,0,0,0,0,0,0,0,0,0,499000,499000,0,0
050609,鴻海元大94購23  ,0,0,0,0,0,0,0,0,0,0,0,0,0,23000,23000,0,0
050622,昇陽半元大94購05,0,0,0,0,0,0,0,0,0,0,0,0,0,10000,10000,0,0
050619,TPK元大95購02   ,0,0,0,0,0,0,0,0,0,0,0,0,0,998000,998000,0,0
050713,矽格麥證94購01  ,0,0,0,1000,1000,0,0,0,0,0,0,0,0,1000,1000,0,0
050693,鴻海凱基96購05  ,0,0,0,0,0,0,0,0,0,0,0,0,0,30000,30000,0,0
050694,國巨凱基96購03  ,0,0,0,0,0,0,0,0,0,0,0,0,0,20000,20000,0,0
050662,智易元大96購01  ,0,0,0,0,0,0,0,0,0,0,0,0,0,300000,300000,0,0
2539,櫻花建          ,1000,8000,-7000,0,0,0,0,0,0,7000,7000,0,7000,0,0,0,0
2614,東森            ,94000,101000,-7000,0,0,0,0,0,0,7000,7000,0,7000,0,0,0,0
2636,台驊投控        ,29000,24000,5000,0,0,0,0,6000,-6000,1000,1000,0,1000,0,0,0,0
2901,欣欣            ,2000,2000,0,0,0,0,0,0,0,0,0,0,0,0,0,0,0
2380,虹光            ,0,1000,-1000,0,0,0,0,0,0,1000,1000,0,1000,0,0,0,0
2430,燦坤            ,1000,2000,-1000,0,0,0,0,0,0,1000,1000,0,1000,0,0,0,0
2450,神腦            ,8000,10000,-2000,0,0,0,0,0,0,2000,2000,0,2000,0,0,0,0
2468,華經            ,4000,5000,-1000,0,0,0,0,0,0,1000,1000,0,1000,0,0,0,0
2497,怡利電          ,13000,14000,-1000,0,0,0,0,0,0,1000,1000,0,1000,0,0,0,0
1452,宏益            ,3000,4000,-1000,0,0,0,0,0,0,1000,1000,0,1000,0,0,0,0
1453,大將            ,1000,1000,0,0,0,0,0,0,0,0,0,0,0,0,0,0,0
1445,大宇            ,1000,2000,-1000,0,0,0,0,0,0,1000,1000,0,1000,0,0,0,0
06448P,華通元大99售01  ,0,0,0,0,0,0,0,0,0,0,0,0,0,499000,499000,0,0
06452P,大立光元大98售08,0,0,0,0,0,0,0,0,0,0,0,0,0,300000,300000,0,0
06428P,國巨元大97售17  ,0,0,0,0,0,0,0,0,0,0,0,0,0,100000,100000,0,0
06431P,新日興元大97售05,0,0,0,0,0,0,0,0,0,0,0,0,0,750000,750000,0,0
1516,川飛            ,3000,3000,0,0,0,0,0,0,0,0,0,0,0,0,0,0,0
1713,國化            ,1000,2000,-1000,0,0,0,0,0,0,1000,1000,0,1000,0,0,0,0
1587,吉茂            ,0,1000,-1000,0,0,0,0,0,0,1000,1000,0,1000,0,0,0,0
1783,和康生          ,2000,3000,-1000,0,0,0,0,0,0,1000,1000,0,1000,0,0,0,0
1724,台硝            ,0,1000,-1000,0,0,0,0,0,0,1000,1000,0,1000,0,0,0,0
1810,和成            ,18000,21000,-3000,0,0,0,0,0,0,3000,4000,1000,3000,0,0,0,0
2012,春雨            ,1000,1000,0,0,0,0,0,0,0,0,3000,3000,0,0,0,0,0
8442,威宏-KY         ,12000,13000,-1000,0,0,0,0,0,0,1000,1000,0,1000,0,0,0,0
8072,陞泰            ,1000,0,1000,0,0,0,0,0,0,-1000,0,1000,-1000,0,0,0,0
4807,日成-KY         ,2000,2000,0,0,0,0,0,0,0,0,0,0,0,0,0,0,0
3057,喬鼎            ,6000,7000,-1000,0,0,0,0,0,0,1000,1000,0,1000,0,0,0,0
5906,台南-KY         ,3000,3000,0,0,0,0,0,0,0,0,0,0,0,0,0,0,0
4999,鑫禾            ,14000,14000,0,0,0,0,0,0,0,0,0,0,0,0,0,0,0
6184,大豐電          ,5000,5000,0,0,0,0,0,0,0,0,0,0,0,0,0,0,0
6281,全國電          ,4000,5000,-1000,0,0,0,0,0,0,1000,1000,0,1000,0,0,0,0
056008,全新中信9B購01  ,0,0,0,0,0,0,0,0,0,0,0,0,0,166000,166000,0,0
05600P,玉晶光台新96售04,0,0,0,0,0,0,0,0,0,0,0,0,0,19000,19000,0,0
055972,GIS元大97購04   ,0,0,0,0,0,0,0,0,0,0,0,0,0,2000,2000,0,0
05601P,鴻海元大97售04  ,0,0,0,0,0,0,0,0,0,0,0,0,0,81000,81000,0,0
05602P,國巨元大96售06  ,0,0,0,0,0,0,0,0,0,0,0,0,0,100000,100000,0,0
056035,鴻海凱基97購06  ,0,0,0,0,0,0,0,0,0,0,0,0,0,20000,20000,0,0
05603P,聯發科元大96售09,0,0,0,0,0,0,0,0,0,0,0,0,0,1000,1000,0,0
055927,南亞科群益97購01,0,0,0,0,0,0,0,0,0,0,0,0,0,2000,2000,0,0
055912,宏達電凱基98購03,0,0,0,0,0,0,0,0,0,0,0,0,0,5000,5000,0,0
055906,大立光兆豐97購03,0,0,0,0,0,0,0,0,0,0,0,0,0,998000,998000,0,0
055956,瑞昱元大97購05  ,0,0,0,0,0,0,0,0,0,0,0,0,0,11000,11000,0,0
055960,義隆元大97購01  ,0,0,0,0,0,0,0,0,0,0,0,0,0,100000,100000,0,0
055961,國泰金元大97購01,0,0,0,0,0,0,0,0,0,0,0,0,0,100000,100000,0,0
055953,上銀元大97購09  ,0,0,0,0,0,0,0,0,0,0,0,0,0,29000,29000,0,0
055964,正文元大97購02  ,0,0,0,0,0,0,0,0,0,0,0,0,0,300000,300000,0,0
055723,康控元大97購04  ,0,0,0,0,0,0,0,0,0,0,0,0,0,565000,565000,0,0
055776,宏達電凱基98購02,0,0,0,0,0,0,0,0,0,0,0,0,0,4000,4000,0,0
055781,聯詠凱基98購01  ,0,0,0,0,0,0,0,0,0,0,0,0,0,10000,10000,0,0
055785,祥碩凱基97購02  ,0,0,0,0,0,0,0,0,0,0,0,0,0,5000,5000,0,0
055839,瑞昱元大97購04  ,0,0,0,0,0,0,0,0,0,0,0,0,0,1000,1000,0,0
055861,矽力元大97購03  ,0,0,0,0,0,0,0,0,0,0,0,0,0,100000,100000,0,0
055823,臺股指國票97購10,0,0,0,0,0,0,0,0,0,0,0,0,0,10000,10000,0,0
056068,欣興元大97購05  ,0,0,0,0,0,0,0,0,0,0,0,0,0,110000,110000,0,0
056072,群創元大97購01  ,0,0,0,0,0,0,0,0,0,0,0,0,0,198000,198000,0,0
056080,世紀鋼元大97購03,0,0,0,0,0,0,0,0,0,0,0,0,0,100000,100000,0,0
056115,奇力新群益97購06,0,0,0,0,0,0,0,0,0,0,0,0,0,17000,17000,0,0
056098,矽創元富97購02  ,0,0,0,0,0,0,0,0,0,0,0,0,0,20000,20000,0,0
056131,鴻海元大97購12  ,0,0,0,0,0,0,0,0,0,0,0,0,0,348000,348000,0,0
05651P,大立光元大97售02,0,0,0,0,0,0,0,0,0,0,0,0,0,350000,350000,0,0
056383,上銀國泰99購01  ,0,0,0,0,0,0,0,0,0,0,0,0,0,50000,50000,0,0
056385,創意國泰99購01  ,0,0,0,0,0,0,0,0,0,0,0,0,0,3000,3000,0,0
056348,S&P反1元大9A購01,0,0,0,0,0,0,0,0,0,0,0,0,0,300000,300000,0,0
056353,鴻海元大99購02  ,0,0,0,0,0,0,0,0,0,0,0,0,0,100000,100000,0,0
056355,台積電元大98購08,0,0,0,0,0,0,0,0,0,0,0,0,0,161000,161000,0,0
056358,友訊元大99購01  ,0,0,0,0,0,0,0,0,0,0,0,0,0,75000,75000,0,0
056360,智邦元大98購01  ,0,0,0,0,0,0,0,0,0,0,0,0,0,50000,50000,0,0
056363,華新科元大99購04,0,0,0,0,0,0,0,0,0,0,0,0,0,50000,50000,0,0
056364,亞光元大99購02  ,0,0,0,0,0,0,0,0,0,0,0,0,0,100000,100000,0,0
056367,祥碩元大98購01  ,0,0,0,0,0,0,0,0,0,0,0,0,0,30000,30000,0,0
056371,樺漢元大98購03  ,0,0,0,0,0,0,0,0,0,0,0,0,0,100000,100000,0,0
056376,玉晶光統一98購01,0,0,0,0,0,0,0,0,0,0,0,0,0,270000,270000,0,0
056300,聯發科元大97購23,0,0,0,0,0,0,0,0,0,0,0,0,0,80000,80000,0,0
056306,晶相光元大98購01,0,0,0,0,0,0,0,0,0,0,0,0,0,100000,100000,0,0
056292,統一元大97購01  ,0,0,0,0,0,0,0,0,0,0,0,0,0,700000,700000,0,0
056293,上銀元大97購10  ,0,0,0,0,0,0,0,0,0,0,0,0,0,2000,2000,0,0
056295,國巨元大97購16  ,0,0,0,0,0,0,0,0,0,0,0,0,0,250000,250000,0,0
056296,旺宏元大97購07  ,0,0,0,0,0,0,0,0,0,0,0,0,0,54000,54000,0,0
056297,台光電元大97購04,0,0,0,0,0,0,0,0,0,0,0,0,0,107000,107000,0,0
056310,神達元大97購02  ,0,0,0,0,0,0,0,0,0,0,0,0,0,100000,100000,0,0
056227,奇力新凱基98購04,0,0,0,0,0,0,0,0,0,0,0,0,0,10000,10000,0,0
056239,宏達電群益98購01,0,0,0,0,0,0,0,0,0,0,0,0,0,9000,9000,0,0
056287,亞光永豐97購02  ,0,0,0,0,0,0,0,0,0,0,0,0,0,29000,29000,0,0
05872P,大立光凱基96售15,0,0,0,0,0,0,0,0,0,0,0,0,0,16000,16000,0,0
05845P,大立光元大96售06,0,0,0,0,0,0,0,0,0,0,0,0,0,250000,250000,0,0
05835P,臺股指元富96售07,0,0,0,0,0,0,0,0,0,0,0,0,0,10000,10000,0,0
05768P,台積電凱基96售15,0,0,0,0,0,0,0,0,0,0,0,0,0,60000,60000,0,0
05770P,聯發科凱基96售16,0,0,0,0,0,0,0,0,0,0,0,0,0,3000,3000,0,0
05771P,大立光凱基96售13,0,0,0,0,0,0,0,0,0,0,0,0,0,12000,12000,0,0
05937P,台積電凱基96售21,0,0,0,0,0,0,0,0,0,0,0,0,0,10000,10000,0,0
05892P,大立光中信98售03,0,0,0,0,0,0,0,0,0,0,0,0,0,22000,22000,0,0
06188P,大立光元富97售01,0,0,0,0,0,0,0,0,0,0,0,0,0,20000,20000,0,0
06147P,國巨元大97售05  ,0,0,0,0,0,0,0,0,0,0,0,0,0,50000,50000,0,0
06137P,玉晶光永豐97售04,0,0,0,0,0,0,0,0,0,0,0,0,0,10000,10000,0,0
06080P,景碩群益98售02  ,0,0,0,0,0,0,0,0,0,0,0,0,0,110000,110000,0,0
06050P,玉晶光國票98售01,0,0,0,0,0,0,0,0,0,0,0,0,0,1000,1000,0,0
06210P,元油反元大97售01,0,0,0,0,0,0,0,0,0,0,0,0,0,499000,499000,0,0
06241P,大立光元富9A售01,0,0,0,0,0,0,0,0,0,0,0,0,0,17000,17000,0,0
06267P,大立光凱基97售12,0,0,0,0,0,0,0,0,0,0,0,0,0,17000,17000,0,0
06237P,台積電元大97售26,0,0,0,0,0,0,0,0,0,0,0,0,0,10000,10000,0,0
06238P,台積電元大98售07,0,0,0,0,0,0,0,0,0,0,0,0,0,20000,20000,0,0
06296P,燿華元大98售01  ,0,0,0,0,0,0,0,0,0,0,0,0,0,21000,21000,0,0
06413P,聯發科凱基97售11,0,0,0,0,0,0,0,0,0,0,0,0,0,3000,3000,0,0
06393P,台積電元大97售27,0,0,0,0,0,0,0,0,0,0,0,0,0,100000,100000,0,0
053387,緯創元大97購01  ,0,0,0,0,0,0,0,0,0,-1000,0,0,0,7000,8000,-1000,-1000
053476,冠德元大96購03  ,0,0,0,0,0,0,0,0,0,-1000,0,0,0,100000,101000,-1000,-1000
053589,宏達電元大97購02,0,0,0,0,0,0,0,0,0,-1000,0,0,0,200000,201000,-1000,-1000
053498,大立光兆豐96購03,0,0,0,0,0,0,0,0,0,-1000,0,0,0,0,1000,-1000,-1000
054392,華通永豐96購05  ,0,0,0,0,0,0,0,0,0,-1000,0,0,0,0,1000,-1000,-1000
054403,同欣電永豐96購02,0,0,0,0,0,0,0,0,0,-1000,0,0,0,0,1000,-1000,-1000
054311,世芯凱基96購02  ,0,0,0,0,0,0,0,0,0,-1000,0,0,0,0,1000,-1000,-1000
054238,聯茂群益96購04  ,0,0,0,0,0,0,0,0,0,-1000,0,0,0,0,1000,-1000,-1000
054185,喬山永豐96購02  ,0,0,0,0,0,0,0,0,0,-1000,0,0,0,0,1000,-1000,-1000
053877,奇力新亞東96購01,0,0,0,0,0,0,0,0,0,-1000,0,0,0,0,1000,-1000,-1000
054004,鴻海統一96購14  ,0,0,0,0,0,0,0,0,0,-1000,0,0,0,0,1000,-1000,-1000
05409P,京元電元富95售05,0,0,0,0,0,0,0,0,0,-1000,0,0,0,1000,2000,-1000,-1000
054907,帆宣康和97購01  ,0,0,0,0,0,0,0,0,0,-1000,0,0,0,0,1000,-1000,-1000
055104,台達電凱基98購01,0,0,0,0,0,0,0,0,0,-1000,0,0,0,0,1000,-1000,-1000
05511P,T50反1台新06售01,0,0,0,0,0,0,0,0,0,-1000,0,0,0,0,1000,-1000,-1000
055084,國巨第一97購01  ,0,0,0,0,0,0,0,0,0,-1000,0,0,0,0,1000,-1000,-1000
054560,全新群益98購03  ,0,0,0,0,0,0,0,0,0,-1000,0,0,0,0,1000,-1000,-1000
054688,兆赫永豐97購01  ,0,0,0,0,0,0,0,0,0,-1000,0,0,0,54000,55000,-1000,-1000
05468P,鴻海元大96售14  ,0,0,0,0,0,0,0,0,0,-1000,0,0,0,494000,495000,-1000,-1000
055391,光罩統一97購02  ,0,0,0,0,0,0,0,0,0,-1000,0,0,0,47000,48000,-1000,-1000
055346,國巨凱基98購02  ,0,0,0,0,0,0,0,0,0,-1000,0,0,0,0,1000,-1000,-1000
055286,晶技元大98購03  ,0,0,0,0,0,0,0,0,0,-1000,0,0,0,110000,111000,-1000,-1000
05528P,臺股指群益96售01,0,0,0,0,0,0,0,0,0,-1000,0,0,0,0,1000,-1000,-1000
055149,國巨元大97購06  ,0,0,0,0,0,0,0,0,0,-1000,0,0,0,0,1000,-1000,-1000
055494,華新科元大98購01,0,0,0,0,0,0,0,0,0,-1000,0,0,0,0,1000,-1000,-1000
055523,道瓊銀群益9A購01,0,0,0,0,0,0,0,0,0,-1000,0,0,0,0,1000,-1000,-1000
055564,茂林凱基98購01  ,0,0,0,0,0,0,0,0,0,-1000,0,0,0,0,1000,-1000,-1000
048500,樺漢元大93購03  ,0,0,0,0,0,0,0,0,0,-1000,0,0,0,200000,201000,-1000,-1000
048211,大立光日盛93購01,0,0,0,0,0,0,0,0,0,-1000,0,0,0,0,1000,-1000,-1000
048619,台表科凱基93購07,0,0,0,0,0,0,0,0,0,-1000,0,0,0,0,1000,-1000,-1000
045946,華通兆豐92購02  ,0,0,0,0,0,0,0,0,0,-1000,0,0,0,0,1000,-1000,-1000
045999,華通統一92購02  ,0,0,0,0,0,0,0,0,0,-1000,0,0,0,10000,11000,-1000,-1000
044047,國巨麥證92購01  ,0,0,0,0,1000,-1000,0,0,0,-1000,0,0,0,0,1000,-1000,-1000
04430P,晶相光元大94售04,0,0,0,0,0,0,0,0,0,-1000,0,0,0,0,1000,-1000,-1000
04650P,臺股指凱基94售09,0,0,0,0,0,0,0,0,0,-1000,0,0,0,0,1000,-1000,-1000
046501,友達元大92購05  ,0,0,0,0,0,0,0,0,0,-1000,0,0,0,20000,21000,-1000,-1000
04514P,元石油中信97售01,0,0,0,0,0,0,0,0,0,-1000,0,0,0,0,1000,-1000,-1000
045674,友達元大92購03  ,0,0,0,0,0,0,0,0,0,-1000,0,0,0,10000,11000,-1000,-1000
045424,友達凱基92購02  ,0,0,0,0,0,0,0,0,0,-1000,0,0,0,0,1000,-1000,-1000
04225P,台積電元富94售02,0,0,0,0,0,0,0,0,0,-1000,0,0,0,0,1000,-1000,-1000
04241P,欣興國泰95售02  ,0,0,0,0,0,0,0,0,0,-1000,0,0,0,27000,28000,-1000,-1000
04215P,鴻海國票93售02  ,0,0,0,0,0,0,0,0,0,-1000,0,0,0,3367000,3368000,-1000,-1000
041844,台積電富邦93購01,0,0,0,0,0,0,0,0,0,-1000,0,0,0,0,1000,-1000,-1000
041916,大立光中信93購01,0,0,0,0,0,0,0,0,0,-1000,0,0,0,0,1000,-1000,-1000
03875P,滬深2X國票05售01,0,0,0,0,0,0,0,0,0,-1000,0,0,0,10000,11000,-1000,-1000
03871P,智邦群益93售02  ,0,0,0,0,0,0,0,0,0,-1000,0,0,0,1000,2000,-1000,-1000
035275,台積電台新97購01,0,0,0,0,0,0,0,0,0,-1000,0,0,0,1000,2000,-1000,-1000
043381,大立光元大93購02,0,0,0,0,0,0,0,0,0,-1000,0,0,0,0,1000,-1000,-1000
03398P,瑞昱中信06售03  ,0,0,0,0,0,0,0,0,0,-1000,0,0,0,0,1000,-1000,-1000
03778P,聯發科麥證93售01,0,0,0,0,1000,-1000,0,0,0,-1000,0,0,0,0,1000,-1000,-1000
04385P,可成日盛94售01  ,0,0,0,0,0,0,0,0,0,-1000,0,0,0,0,1000,-1000,-1000
04387P,玉晶光日盛94售01,0,0,0,0,0,0,0,0,0,-1000,0,0,0,0,1000,-1000,-1000
03094X,大立光元大68展08,0,0,0,0,0,0,0,0,0,-1000,0,0,0,0,1000,-1000,-1000
03038X,元展35          ,0,0,0,0,0,0,0,0,0,-1000,0,0,0,49000,50000,-1000,-1000
00702,國泰標普低波高息,0,0,0,0,0,0,0,0,0,-1000,0,0,0,14000,15000,-1000,-1000
03560P,台積電兆豐03售10,0,0,0,0,0,0,0,0,0,-1000,0,0,0,2000,3000,-1000,-1000
035276,南亞科台新97購01,0,0,0,0,0,0,0,0,0,-1000,0,0,0,0,1000,-1000,-1000
020011,統一微波高息20N ,0,0,0,0,0,0,0,0,0,-1000,0,0,0,0,1000,-1000,-1000
020006,永昌中小300N    ,0,0,0,0,0,0,0,0,0,-1000,0,0,0,0,1000,-1000,-1000
00661,元大日經225     ,0,0,0,0,0,0,0,0,0,-1000,0,0,0,0,1000,-1000,-1000
049582,台積電元大95購03,0,0,0,0,0,0,0,0,0,-1000,0,0,0,4000,5000,-1000,-1000
047797,臺股指群益93購08,0,0,0,0,0,0,0,0,0,-1000,0,0,0,3000,4000,-1000,-1000
049117,矽格統一96購01  ,0,0,0,0,0,0,0,0,0,-1000,0,0,0,189000,190000,-1000,-1000
049087,晶相光凱基94購02,0,0,0,0,0,0,0,0,0,-1000,0,0,0,0,1000,-1000,-1000
04696P,亞德客國泰95售02,0,0,0,0,0,0,0,0,0,-1000,0,0,0,0,1000,-1000,-1000
046994,臺股指凱基93購01,0,0,0,0,0,0,0,0,0,-1000,0,0,0,0,1000,-1000,-1000
047910,全新麥證94購01  ,0,0,0,10000,11000,-1000,0,0,0,-1000,0,0,0,10000,11000,-1000,-1000
050028,華新科元大94購03,0,0,0,0,0,0,0,0,0,-1000,0,0,0,31000,32000,-1000,-1000
049803,華新科元大95購07,0,0,0,0,0,0,0,0,0,-1000,0,0,0,26000,27000,-1000,-1000
049795,華通元大96購02  ,0,0,0,0,0,0,0,0,0,-1000,0,0,0,13000,14000,-1000,-1000
050254,大立光富邦96購02,0,0,0,0,0,0,0,0,0,-1000,0,0,0,0,1000,-1000,-1000
050102,鴻海富邦95購04  ,0,0,0,0,0,0,0,0,0,-1000,0,0,0,3000,4000,-1000,-1000
050059,旺宏凱基94購03  ,0,0,0,0,0,0,0,0,0,-1000,0,0,0,59000,60000,-1000,-1000
047157,智伸科國票93購01,0,0,0,0,0,0,0,0,0,-1000,0,0,0,0,1000,-1000,-1000
047180,台積電元大93購18,0,0,0,0,0,0,0,0,0,-1000,0,0,0,0,1000,-1000,-1000
047095,聯詠麥證93購01  ,0,0,0,43000,44000,-1000,0,0,0,-1000,0,0,0,43000,44000,-1000,-1000
048843,台郡凱基94購01  ,0,0,0,0,0,0,0,0,0,-1000,0,0,0,10000,11000,-1000,-1000
046737,鴻海群益93購04  ,0,0,0,0,0,0,0,0,0,-1000,0,0,0,1000,2000,-1000,-1000
04671P,華通統一94售01  ,0,0,0,0,0,0,0,0,0,-1000,0,0,0,0,1000,-1000,-1000
046773,GIS富邦94購01   ,0,0,0,0,0,0,0,0,0,-1000,0,0,0,0,1000,-1000,-1000
04759P,台積電凱基94售27,0,0,0,0,0,0,0,0,0,-1000,0,0,0,0,1000,-1000,-1000
047658,全新麥證93購02  ,0,0,0,0,1000,-1000,0,0,0,-1000,0,0,0,0,1000,-1000,-1000
047009,大立光統一93購07,0,0,0,0,0,0,0,0,0,-1000,0,0,0,0,1000,-1000,-1000
047235,嘉澤凱基93購01  ,0,0,0,0,0,0,0,0,0,-1000,0,0,0,0,1000,-1000,-1000
04946P,華通元大94售04  ,0,0,0,0,0,0,0,0,0,-1000,0,0,0,39000,40000,-1000,-1000
049200,元黃金群益98購01,0,0,0,0,0,0,0,0,0,-1000,0,0,0,0,1000,-1000,-1000
047508,旺宏國票94購01  ,0,0,0,0,0,0,0,0,0,-1000,0,0,0,0,1000,-1000,-1000
048973,禾伸堂元大94購01,0,0,0,0,0,0,0,0,0,-1000,0,0,0,100000,101000,-1000,-1000
050650,大立光凱基96購01,0,0,0,0,0,0,0,0,0,-1000,0,0,0,7000,8000,-1000,-1000
050684,台郡元富94購02  ,0,0,0,0,0,0,0,0,0,-1000,0,0,0,0,1000,-1000,-1000
050554,百和凱基95購01  ,0,0,0,0,0,0,0,0,0,-1000,0,0,0,0,1000,-1000,-1000
050556,道瓊銀統一95購01,0,0,0,0,0,0,0,0,0,-1000,0,0,0,0,1000,-1000,-1000
050439,新日興凱基94購01,0,0,0,0,0,0,0,0,0,-1000,0,0,0,104000,105000,-1000,-1000
050887,台積電富邦95購05,0,0,0,0,0,0,0,0,0,-1000,0,0,0,0,1000,-1000,-1000
050769,聯發科元大94購17,0,0,0,0,0,0,0,0,0,-1000,0,0,0,100000,101000,-1000,-1000
051008,大立光麥證95購01,0,0,0,0,1000,-1000,0,0,0,-1000,0,0,0,0,1000,-1000,-1000
051704,智邦群益95購02  ,0,0,0,0,0,0,0,0,0,-1000,0,0,0,51000,52000,-1000,-1000
051823,矽力元富95購02  ,0,0,0,0,0,0,0,0,0,-1000,0,0,0,0,1000,-1000,-1000
05175P,TPK富邦99售01   ,0,0,0,0,0,0,0,0,0,-1000,0,0,0,0,1000,-1000,-1000
051561,玉晶光國泰97購04,0,0,0,0,0,0,0,0,0,-1000,0,0,0,0,1000,-1000,-1000
051631,國巨國票96購06  ,0,0,0,0,0,0,0,0,0,-1000,0,0,0,0,1000,-1000,-1000
051224,華通群益96購03  ,0,0,0,0,0,0,0,0,0,-1000,0,0,0,3000,4000,-1000,-1000
05115P,T50反1群益95售02,0,0,0,0,0,0,0,0,0,-1000,0,0,0,0,1000,-1000,-1000
052101,滬深2X兆豐96購01,0,0,0,0,0,0,0,0,0,-1000,0,0,0,0,1000,-1000,-1000
051927,國巨中信96購01  ,0,0,0,0,0,0,0,0,0,-1000,0,0,0,85000,86000,-1000,-1000
052405,聯茂凱基95購01  ,0,0,0,0,0,0,0,0,0,-1000,0,0,0,4000,5000,-1000,-1000
052434,茂林國泰97購01  ,0,0,0,0,0,0,0,0,0,-1000,0,0,0,69000,70000,-1000,-1000
05252P,華通凱基95售01  ,0,0,0,0,0,0,0,0,0,-1000,0,0,0,0,1000,-1000,-1000
052606,聯發科元大97購04,0,0,0,0,0,0,0,0,0,-1000,0,0,0,23000,24000,-1000,-1000
052628,樺漢中信96購01  ,0,0,0,0,0,0,0,0,0,-1000,0,0,0,0,1000,-1000,-1000
052570,華新科凱基96購06,0,0,0,0,0,0,0,0,0,-1000,0,0,0,5000,6000,-1000,-1000
052566,國巨凱基96購04  ,0,0,0,0,0,0,0,0,0,-1000,0,0,0,71000,72000,-1000,-1000
052771,GIS群益96購01   ,0,0,0,0,0,0,0,0,0,-1000,0,0,0,10000,11000,-1000,-1000
053064,國巨群益96購04  ,0,0,0,0,0,0,0,0,0,-1000,0,0,0,53000,54000,-1000,-1000
053066,欣興群益96購02  ,0,0,0,0,0,0,0,0,0,-1000,0,0,0,0,1000,-1000,-1000
052927,友達元大98購02  ,0,0,0,0,0,0,0,0,0,-1000,0,0,0,0,1000,-1000,-1000
06278P,臺股指凱基97售10,0,0,0,0,0,0,0,0,0,-1000,0,0,0,0,1000,-1000,-1000
06159P,牧德元富97售02  ,0,0,0,0,0,0,0,0,0,-1000,0,0,0,3000,4000,-1000,-1000
05944P,富邦金中信96售01,0,0,0,0,0,0,0,0,0,-1000,0,0,0,1000,2000,-1000,-1000
05764P,世紀鋼永豐96售03,0,0,0,0,0,0,0,0,0,-1000,0,0,0,0,1000,-1000,-1000
05703P,矽力群益96售03  ,0,0,0,0,0,0,0,0,0,-1000,0,0,0,0,1000,-1000,-1000
056263,友訊統一99購01  ,0,0,0,0,0,0,0,0,0,-1000,0,0,0,5000,6000,-1000,-1000
056231,嘉聯益凱基97購02,0,0,0,0,0,0,0,0,0,-1000,0,0,0,0,1000,-1000,-1000
056337,聯發科凱基98購06,0,0,0,0,0,0,0,0,0,-1000,0,0,0,0,1000,-1000,-1000
056333,台積電日盛9B購01,0,0,0,0,0,0,0,0,0,-1000,0,0,0,100000,101000,-1000,-1000
056145,緯穎元大98購03  ,0,0,0,0,0,0,0,0,0,-1000,0,0,0,214000,215000,-1000,-1000
056155,嘉晶凱基97購01  ,0,0,0,0,0,0,0,0,0,-1000,0,0,0,0,1000,-1000,-1000
056121,勤誠群益97購01  ,0,0,0,0,0,0,0,0,0,-1000,0,0,0,0,1000,-1000,-1000
055788,緯穎凱基97購04  ,0,0,0,0,0,0,0,0,0,-1000,0,0,0,0,1000,-1000,-1000
055774,台光電凱基97購02,0,0,0,0,0,0,0,0,0,-1000,0,0,0,0,1000,-1000,-1000
055957,瑞昱元大97購06  ,0,0,0,0,0,0,0,0,0,-1000,0,0,0,3000,4000,-1000,-1000
055946,元油反元大97購02,0,0,0,0,0,0,0,0,0,-1000,0,0,0,0,1000,-1000,-1000
055933,欣興群益98購02  ,0,0,0,0,0,0,0,0,0,-1000,0,0,0,0,1000,-1000,-1000
6201,亞弘電          ,0,1000,-1000,0,0,0,0,0,0,0,0,0,0,0,0,0,-1000
6573,虹揚-KY         ,12000,14000,-2000,0,0,0,0,0,0,1000,1000,0,1000,0,0,0,-1000
6625,必應            ,0,1000,-1000,0,0,0,0,0,0,0,0,0,0,0,0,0,-1000
5284,jpp-KY          ,2000,3000,-1000,0,0,0,0,0,0,0,0,0,0,0,0,0,-1000
6117,迎廣            ,0,1000,-1000,0,0,0,0,0,0,0,0,0,0,0,0,0,-1000
4555,氣立            ,0,2000,-2000,0,0,0,0,0,0,1000,1000,0,1000,0,0,0,-1000
3694,海華            ,7000,9000,-2000,0,0,0,0,0,0,1000,1000,0,1000,0,0,0,-1000
3705,永信            ,29000,32000,-3000,0,0,0,0,0,0,2000,2000,0,2000,0,0,0,-1000
9943,好樂迪          ,12000,14000,-2000,0,0,0,0,0,0,1000,1000,0,1000,0,0,0,-1000
2024,志聯            ,5000,7000,-2000,0,0,0,0,0,0,1000,1000,0,1000,0,0,0,-1000
1806,冠軍            ,6000,11000,-5000,0,0,0,0,0,0,4000,4000,0,4000,0,0,0,-1000
1725,元禎            ,1000,2000,-1000,0,0,0,0,0,0,0,0,0,0,0,0,0,-1000
1721,三晃            ,2000,5000,-3000,0,0,0,0,0,0,2000,2000,0,2000,0,0,0,-1000
1618,合機            ,0,5000,-5000,0,0,0,0,0,0,4000,5000,1000,4000,0,0,0,-1000
1525,江申            ,0,2000,-2000,0,0,0,0,0,0,1000,1000,0,1000,0,0,0,-1000
06456P,聯發科統一98售03,0,0,0,0,0,0,0,0,0,-1000,0,0,0,0,1000,-1000,-1000
08653P,台灣50凱基96售07,0,0,0,0,0,0,0,0,0,-1000,0,0,0,0,1000,-1000,-1000
1410,南染            ,0,2000,-2000,0,0,0,0,0,0,1000,1000,0,1000,0,0,0,-1000
1225,福懋油          ,4000,7000,-3000,0,0,0,0,0,0,2000,3000,1000,2000,0,0,0,-1000
1235,興泰            ,0,1000,-1000,0,0,0,0,0,0,0,1000,1000,0,0,0,0,-1000
2546,根基            ,14000,16000,-2000,0,0,0,0,0,0,1000,1000,0,1000,0,0,0,-1000
2509,全坤建          ,0,2000,-2000,0,0,0,0,0,0,1000,2000,1000,1000,0,0,0,-1000
055576,嘉晶統一98購01  ,0,0,0,0,0,0,0,0,0,-2000,0,0,0,48000,50000,-2000,-2000
055441,緯穎國票98購01  ,0,0,0,0,0,0,0,0,0,-2000,0,0,0,3000,5000,-2000,-2000
055228,聯發科國票98購03,0,0,0,0,0,0,0,0,0,-2000,0,0,0,0,2000,-2000,-2000
055299,康友元大97購02  ,0,0,0,0,0,0,0,0,0,-2000,0,0,0,100000,102000,-2000,-2000
055350,聯發科凱基97購02,0,0,0,0,0,0,0,0,0,-2000,0,0,0,68000,70000,-2000,-2000
05466P,旺宏富邦97售01  ,0,0,0,0,0,0,0,0,0,-2000,0,0,0,28000,30000,-2000,-2000
054651,台化麥證97購01  ,0,0,0,30000,32000,-2000,0,0,0,-2000,0,0,0,30000,32000,-2000,-2000
054785,建準群益98購01  ,0,0,0,0,0,0,0,0,0,-2000,0,0,0,30000,32000,-2000,-2000
054543,元金2X中信01購01,0,0,0,0,0,0,0,0,0,-2000,0,0,0,2000,4000,-2000,-2000
055116,康控凱基98購01  ,0,0,0,0,0,0,0,0,0,-2000,0,0,0,10000,12000,-2000,-2000
054829,亞光國泰99購01  ,0,0,0,0,0,0,0,0,0,-2000,0,0,0,193000,195000,-2000,-2000
054882,台光電統一97購02,0,0,0,0,0,0,0,0,0,-2000,0,0,0,48000,50000,-2000,-2000
054176,亞光台新96購01  ,0,0,0,0,0,0,0,0,0,-2000,0,0,0,0,2000,-2000,-2000
054200,美律富邦97購02  ,0,0,0,0,0,0,0,0,0,-2000,0,0,0,0,2000,-2000,-2000
054251,聯發科元大96購21,0,0,0,0,0,0,0,0,0,-2000,0,0,0,0,2000,-2000,-2000
053536,明泰永豐96購01  ,0,0,0,0,0,0,0,0,0,-2000,0,0,0,0,2000,-2000,-2000
053603,臺股指元大96購20,0,0,0,0,0,0,0,0,0,-2000,0,0,0,28000,30000,-2000,-2000
053625,國巨兆豐96購03  ,0,0,0,0,0,0,0,0,0,-2000,0,0,0,38000,40000,-2000,-2000
053695,智易元大97購02  ,0,0,0,0,0,0,0,0,0,-2000,0,0,0,0,2000,-2000,-2000
053428,中磊永豐96購02  ,0,0,0,0,0,0,0,0,0,-2000,0,0,0,46000,48000,-2000,-2000
053376,鴻海元大96購19  ,0,0,0,0,0,0,0,0,0,-2000,0,0,0,1000,3000,-2000,-2000
053354,康控兆豐97購02  ,0,0,0,0,0,0,0,0,0,-2000,0,0,0,38000,40000,-2000,-2000
05330P,臺股指凱基95售14,0,0,0,0,0,0,0,0,0,-2000,0,0,0,22000,24000,-2000,-2000
053287,臺股指元大96購15,0,0,0,0,0,0,0,0,0,-2000,0,0,0,0,2000,-2000,-2000
00681R,元大美債20反1   ,0,0,0,0,0,0,0,0,0,-2000,0,0,0,2000,4000,-2000,-2000
00709,富邦歐洲        ,0,0,0,0,0,0,0,0,0,-2000,0,0,0,100000,102000,-2000,-2000
03046X,元展43          ,0,0,0,0,0,0,0,0,0,-2000,0,0,0,8000,10000,-2000,-2000
04374P,深中小元大94售03,0,0,0,0,0,0,0,0,0,-2000,0,0,0,100000,102000,-2000,-2000
043610,旺宏兆豐92購01  ,0,0,0,0,0,0,0,0,0,-2000,0,0,0,0,2000,-2000,-2000
04000P,台積電凱基93售18,0,0,0,0,0,0,0,0,0,-2000,0,0,0,0,2000,-2000,-2000
04126P,滬深2X國票95售02,0,0,0,0,0,0,0,0,0,-2000,0,0,0,0,2000,-2000,-2000
04116P,京元電元大94售02,0,0,0,0,0,0,0,0,0,-2000,0,0,0,135000,137000,-2000,-2000
042196,元油2X元大93購02,0,0,0,0,0,0,0,0,0,-2000,0,0,0,64000,66000,-2000,-2000
045420,台積電凱基92購07,0,0,0,0,0,0,0,0,0,-2000,0,0,0,10000,12000,-2000,-2000
045656,滬深2X永昌93購03,0,0,0,0,0,0,0,0,0,-2000,0,0,0,0,2000,-2000,-2000
045293,鴻海元大94購01  ,0,0,0,0,0,0,0,0,0,-2000,0,0,0,23000,25000,-2000,-2000
046275,台表科凱基94購01,0,0,0,0,0,0,0,0,0,-2000,0,0,0,3000,5000,-2000,-2000
046164,健策兆豐93購03  ,0,0,0,0,0,0,0,0,0,-2000,0,0,0,8000,10000,-2000,-2000
046070,景碩凱基92購03  ,0,0,0,0,0,0,0,0,0,-2000,0,0,0,18000,20000,-2000,-2000
046064,中工凱基94購01  ,0,0,0,0,0,0,0,0,0,-2000,0,0,0,20000,22000,-2000,-2000
044645,元金2X群益93購01,0,0,0,0,0,0,0,0,0,-2000,0,0,0,0,2000,-2000,-2000
045059,同欣電國泰93購01,0,0,0,0,0,0,0,0,0,-2000,0,0,0,0,2000,-2000,-2000
045087,玉晶光元大95購01,0,0,0,0,0,0,0,0,0,-2000,0,0,0,1000,3000,-2000,-2000
048221,鴻海凱基95購01  ,0,0,0,0,0,0,0,0,0,-2000,0,0,0,10000,12000,-2000,-2000
048246,京元電兆豐93購02,0,0,0,0,0,0,0,0,0,-2000,0,0,0,50000,52000,-2000,-2000
049322,志超凱基94購02  ,0,0,0,0,0,0,0,0,0,-2000,0,0,0,0,2000,-2000,-2000
049308,台達電凱基94購04,0,0,0,0,0,0,0,0,0,-2000,0,0,0,45000,47000,-2000,-2000
049189,訊芯康和94購01  ,0,0,0,0,0,0,0,0,0,-2000,0,0,0,0,2000,-2000,-2000
049231,鴻海富邦95購02  ,0,0,0,0,0,0,0,0,0,-2000,0,0,0,10000,12000,-2000,-2000
04900P,矽格中信94售02  ,0,0,0,0,0,0,0,0,0,-2000,0,0,0,0,2000,-2000,-2000
049000,元油2X中信95購02,0,0,0,0,0,0,0,0,0,-2000,0,0,0,0,2000,-2000,-2000
049277,臺股指元大94購12,0,0,0,0,0,0,0,0,0,-2000,0,0,0,575000,577000,-2000,-2000
049251,國巨元大95購02  ,0,0,0,0,0,0,0,0,0,-2000,0,0,0,110000,112000,-2000,-2000
049439,牧德國泰96購01  ,0,0,0,0,0,0,0,0,0,-2000,0,0,0,0,2000,-2000,-2000
048277,建準永豐93購02  ,0,0,0,0,0,0,0,0,0,-2000,0,0,0,1000,3000,-2000,-2000
048158,大立光兆豐95購01,0,0,0,0,0,0,0,0,0,-2000,0,0,0,0,2000,-2000,-2000
047293,全新元富93購03  ,0,0,0,0,0,0,0,0,0,-2000,0,0,0,0,2000,-2000,-2000
047336,臺股指元大93購31,0,0,0,0,0,0,0,0,0,-2000,0,0,0,130000,132000,-2000,-2000
048834,牧德凱基94購01  ,0,0,0,0,0,0,0,0,0,-2000,0,0,0,0,2000,-2000,-2000
048847,A50群益98購01   ,0,0,0,0,0,0,0,0,0,-2000,0,0,0,2000,4000,-2000,-2000
048932,美食永豐94購01  ,0,0,0,0,0,0,0,0,0,-2000,0,0,0,0,2000,-2000,-2000
050314,晶技兆豐94購01  ,0,0,0,0,0,0,0,0,0,-2000,0,0,0,50000,52000,-2000,-2000
050288,台積電凱基94購32,0,0,0,0,0,0,0,0,0,-2000,0,0,0,0,2000,-2000,-2000
049859,味全兆豐95購01  ,0,0,0,0,0,0,0,0,0,-2000,0,0,0,4000,6000,-2000,-2000
049767,奇力新元富94購01,0,0,0,0,0,0,0,0,0,-2000,0,0,0,3000,5000,-2000,-2000
049700,瀚宇博元大97購01,0,0,0,0,0,0,0,0,0,-2000,0,0,0,0,2000,-2000,-2000
049989,臻鼎凱基94購02  ,0,0,0,0,0,0,0,0,0,-2000,0,0,0,0,2000,-2000,-2000
049991,臺股指凱基96購04,0,0,0,0,0,0,0,0,0,-2000,0,0,0,0,2000,-2000,-2000
04771P,友達元大96售02  ,0,0,0,0,0,0,0,0,0,-2000,0,0,0,0,2000,-2000,-2000
049072,台積電凱基94購08,0,0,0,0,0,0,0,0,0,-2000,0,0,0,10000,12000,-2000,-2000
052899,和大國票97購01  ,60000,0,60000,0,0,0,0,0,0,-62000,0,0,0,0,62000,-62000,-2000
052560,康舒國票97購01  ,0,0,0,0,0,0,0,0,0,-2000,0,0,0,8000,10000,-2000,-2000
052578,大立光統一97購01,0,0,0,0,0,0,0,0,0,-2000,0,0,0,1000,3000,-2000,-2000
052639,康控凱基96購02  ,0,0,0,0,0,0,0,0,0,-2000,0,0,0,0,2000,-2000,-2000
052689,玉晶光元大98購03,0,0,0,0,0,0,0,0,0,-2000,0,0,0,0,2000,-2000,-2000
052397,燿華凱基96購02  ,0,0,0,0,0,0,0,0,0,-2000,0,0,0,0,2000,-2000,-2000
052389,聯發科群益95購05,0,0,0,0,0,0,0,0,0,-2000,0,0,0,0,2000,-2000,-2000
052369,矽力國票96購02  ,0,0,0,0,0,0,0,0,0,-2000,0,0,0,81000,83000,-2000,-2000
051910,大立光元大97購01,0,0,0,0,0,0,0,0,0,-2000,0,0,0,0,2000,-2000,-2000
052040,臺股指永昌95購01,0,0,0,0,0,0,0,0,0,-2000,0,0,0,0,2000,-2000,-2000
052105,南亞科兆豐95購01,0,0,0,0,0,0,0,0,0,-2000,0,0,0,60000,62000,-2000,-2000
051225,台積電群益95購02,0,0,0,0,0,0,0,0,0,-2000,0,0,0,122000,124000,-2000,-2000
051232,貿聯群益95購02  ,0,0,0,0,0,0,0,0,0,-2000,0,0,0,11000,13000,-2000,-2000
051400,國巨永豐95購01  ,0,0,0,0,0,0,0,0,0,-2000,0,0,0,30000,32000,-2000,-2000
051482,玉晶光凱基96購01,0,0,0,0,0,0,0,0,0,-2000,0,0,0,0,2000,-2000,-2000
051484,玉晶光凱基97購01,0,0,0,0,0,0,0,0,0,-2000,0,0,0,33000,35000,-2000,-2000
051549,健鼎永豐95購01  ,0,0,0,0,0,0,0,0,0,-2000,0,0,0,0,2000,-2000,-2000
051747,貿聯國泰96購01  ,0,0,0,0,0,0,0,0,0,-2000,0,0,0,10000,12000,-2000,-2000
050460,GIS元大95購03   ,0,0,0,0,0,0,0,0,0,-2000,0,0,0,2000,4000,-2000,-2000
050551,大立光凱基95購05,0,0,0,0,0,0,0,0,0,-2000,0,0,0,0,2000,-2000,-2000
050618,緯創元大95購01  ,0,0,0,0,0,0,0,0,0,-2000,0,0,0,0,2000,-2000,-2000
050645,台積電凱基94購39,0,0,0,0,0,0,0,0,0,-2000,0,0,0,0,2000,-2000,-2000
2540,愛山林          ,1000,3000,-2000,0,0,0,0,0,0,0,0,0,0,0,0,0,-2000
2706,第一店          ,5000,12000,-7000,0,0,0,0,0,0,5000,5000,0,5000,0,0,0,-2000
2630,亞航            ,0,2000,-2000,0,0,0,0,0,0,0,0,0,0,0,0,0,-2000
2739,寒舍            ,1000,4000,-3000,0,0,0,0,0,0,1000,1000,0,1000,0,0,0,-2000
1110,東泥            ,0,1000,-1000,0,0,0,0,0,0,-1000,1000,2000,-1000,0,0,0,-2000
1325,恆大            ,0,2000,-2000,0,0,0,0,0,0,0,0,0,0,0,0,0,-2000
08637P,台灣50中信96售03,0,0,0,0,0,0,0,0,0,-2000,0,0,0,117000,119000,-2000,-2000
1466,聚隆            ,8000,11000,-3000,0,0,0,0,0,0,1000,1000,0,1000,0,0,0,-2000
1540,喬福            ,12000,14000,-2000,0,0,0,0,0,0,0,0,0,0,0,0,0,-2000
2114,鑫永銓          ,0,3000,-3000,0,0,0,0,0,0,1000,1000,0,1000,0,0,0,-2000
2028,威致            ,0,5000,-5000,0,0,0,0,0,0,3000,3000,0,3000,0,0,0,-2000
2020,美亞            ,22000,26000,-4000,0,0,0,0,0,0,2000,2000,0,2000,0,0,0,-2000
6674,鋐寶科技        ,0,2000,-2000,0,0,0,0,0,0,0,0,0,0,0,0,0,-2000
8033,雷虎            ,7000,10000,-3000,0,0,0,0,0,0,1000,1000,0,1000,0,0,0,-2000
8497,格威傳媒        ,0,2000,-2000,0,0,0,0,0,0,0,0,0,0,0,0,0,-2000
4545,銘鈺            ,2000,5000,-3000,0,0,0,0,0,0,1000,1000,0,1000,0,0,0,-2000
4722,國精化          ,3000,6000,-3000,0,0,0,0,0,0,1000,1000,0,1000,0,0,0,-2000
3536,誠創            ,0,2000,-2000,0,0,0,0,0,0,0,0,0,0,0,0,0,-2000
4930,燦星網          ,0,3000,-3000,0,0,0,0,0,0,1000,1000,0,1000,0,0,0,-2000
6581,鋼聯            ,0,3000,-3000,0,0,0,0,0,0,1000,1000,0,1000,0,0,0,-2000
6582,申豐            ,11000,17000,-6000,0,0,0,0,0,0,4000,4000,0,4000,0,0,0,-2000
055902,同欣電中信99購01,0,0,0,0,0,0,0,0,0,-2000,0,0,0,0,2000,-2000,-2000
056034,華通凱基98購01  ,0,0,0,0,0,0,0,0,0,-2000,0,0,0,0,2000,-2000,-2000
056049,奇力新國票98購01,0,0,0,0,0,0,0,0,0,-2000,0,0,0,10000,12000,-2000,-2000
055727,矽力元大97購02  ,0,0,0,0,0,0,0,0,0,-2000,0,0,0,0,2000,-2000,-2000
056111,力成永豐97購01  ,0,0,0,0,0,0,0,0,0,-2000,0,0,0,4000,6000,-2000,-2000
05612P,台積電元大96售13,0,0,0,0,0,0,0,0,0,-2000,0,0,0,998000,1000000,-2000,-2000
056066,奇鋐元大98購02  ,0,0,0,0,0,0,0,0,0,-2000,0,0,0,0,2000,-2000,-2000
056069,新日興元大97購03,0,0,0,0,0,0,0,0,0,-2000,0,0,0,264000,266000,-2000,-2000
056199,美律永豐97購01  ,0,0,0,0,0,0,0,0,0,-2000,0,0,0,0,2000,-2000,-2000
056196,聯茂富邦98購02  ,0,0,0,0,0,0,0,0,0,-2000,0,0,0,0,2000,-2000,-2000
056225,聯發科凱基97購09,0,0,0,0,0,0,0,0,0,-2000,0,0,0,9000,11000,-2000,-2000
056307,貿聯元大97購05  ,0,0,0,0,0,0,0,0,0,-2000,0,0,0,50000,52000,-2000,-2000
056249,鴻海兆豐97購05  ,0,0,0,0,0,0,0,0,0,-2000,0,0,0,0,2000,-2000,-2000
056289,合勤控永豐97購01,0,0,0,0,0,0,0,0,0,-2000,0,0,0,3000,5000,-2000,-2000
056366,玉晶光元大99購04,0,0,0,0,0,0,0,0,0,-2000,0,0,0,100000,102000,-2000,-2000
05756P,臺股指中信99售05,0,0,0,0,0,0,0,0,0,-2000,0,0,0,1000,3000,-2000,-2000
05859P,台表科國票97售04,0,0,0,0,0,0,0,0,0,-2000,0,0,0,0,2000,-2000,-2000
05874P,台積電群益96售10,0,0,0,0,0,0,0,0,0,-2000,0,0,0,62000,64000,-2000,-2000
06174P,國巨元大97售07  ,0,0,0,0,0,0,0,0,0,-2000,0,0,0,50000,52000,-2000,-2000
06135P,志超元富97售01  ,0,0,0,0,0,0,0,0,0,-2000,0,0,0,3000,5000,-2000,-2000
06165P,臺股指凱基9A售03,0,0,0,0,0,0,0,0,0,-2000,0,0,0,0,2000,-2000,-2000
06106P,國巨群益97售02  ,0,0,0,0,0,0,0,0,0,-2000,0,0,0,10000,12000,-2000,-2000
06381P,臺股指統一98售03,0,0,0,0,0,0,0,0,0,-2000,0,0,0,2000,4000,-2000,-2000
06356P,啟碁永豐97售01  ,0,0,0,0,0,0,0,0,0,-2000,0,0,0,20000,22000,-2000,-2000
6666,羅麗芬-KY       ,26000,25000,1000,0,0,0,0,0,0,-3800,0,0,0,0,3800,-3800,-2800
053745,康友國票97購01  ,0,0,0,0,0,0,0,0,0,-3000,0,0,0,12000,15000,-3000,-3000
053638,信邦永豐96購01  ,0,0,0,0,0,0,0,0,0,-3000,0,0,0,138000,141000,-3000,-3000
053558,訊芯凱基96購02  ,0,0,0,0,0,0,0,0,0,-3000,0,0,0,0,3000,-3000,-3000
054292,欣興元大96購06  ,0,0,0,0,0,0,0,0,0,-3000,0,0,0,22000,25000,-3000,-3000
05419P,矽力永豐95售02  ,0,0,0,0,0,0,0,0,0,-3000,0,0,0,1000,4000,-3000,-3000
054169,上緯控凱基98購01,0,0,0,0,0,0,0,0,0,-3000,0,0,0,0,3000,-3000,-3000
054397,創意永豐96購05  ,0,0,0,0,0,0,0,0,0,-3000,0,0,0,12000,15000,-3000,-3000
054323,旺宏台新96購02  ,0,0,0,0,0,0,0,0,0,-3000,0,0,0,0,3000,-3000,-3000
054091,晶豪科群益96購01,0,0,0,0,0,0,0,0,0,-3000,0,0,0,2000,5000,-3000,-3000
054108,台積電凱基96購22,0,0,0,0,0,0,0,0,0,-3000,0,0,0,0,3000,-3000,-3000
053847,美律元富96購02  ,0,0,0,0,0,0,0,0,0,-3000,0,0,0,15000,18000,-3000,-3000
054658,道瓊銀元大9A購01,0,0,0,0,0,0,0,0,0,-3000,0,0,0,0,3000,-3000,-3000
055251,華新科統一99購01,0,0,0,0,0,0,0,0,0,-3000,0,0,0,48000,51000,-3000,-3000
055489,瑞昱元大97購02  ,0,0,0,0,0,0,0,0,0,-3000,0,0,0,22000,25000,-3000,-3000
048223,微星凱基93購02  ,0,0,0,0,0,0,0,0,0,-3000,0,0,0,0,3000,-3000,-3000
048206,臺股指元大93購40,0,0,0,0,0,0,0,0,0,-3000,0,0,0,0,3000,-3000,-3000
04839P,大立光元大94售17,0,0,0,0,0,0,0,0,0,-3000,0,0,0,0,3000,-3000,-3000
045122,臺股指元大93購08,0,0,0,0,0,0,0,0,0,-3000,0,0,0,7000,10000,-3000,-3000
044129,群創凱基93購02  ,0,0,0,0,0,0,0,0,0,-3000,0,0,0,21000,24000,-3000,-3000
045717,微星凱基92購03  ,0,0,0,0,0,0,0,0,0,-3000,0,0,0,10000,13000,-3000,-3000
044862,台表科兆豐93購01,0,0,0,0,0,0,0,0,0,-3000,0,0,0,0,3000,-3000,-3000
045630,技嘉凱基93購02  ,0,0,0,0,0,0,0,0,0,-3000,0,0,0,0,3000,-3000,-3000
046626,台光電統一94購01,0,0,0,0,0,0,0,0,0,-3000,0,0,0,48000,51000,-3000,-3000
042315,T50反1台新96購01,0,0,0,0,0,0,0,0,0,-3000,0,0,0,0,3000,-3000,-3000
03033X,元展30          ,0,0,0,0,0,0,0,0,0,-3000,0,0,0,0,3000,-3000,-3000
03010X,元展10          ,0,0,0,0,0,0,0,0,0,-3000,0,0,0,17000,20000,-3000,-3000
00652,富邦印度        ,5000,6000,-1000,0,0,0,0,0,0,-2000,0,0,0,3000,5000,-2000,-3000
049126,玉晶光元富94購02,0,0,0,0,0,0,0,0,0,-3000,0,0,0,48000,51000,-3000,-3000
047761,亞德客元大93購02,0,0,0,0,0,0,0,0,0,-3000,0,0,0,100000,103000,-3000,-3000
049892,國巨富邦96購01  ,0,0,0,0,0,0,0,0,0,-3000,0,0,0,2000,5000,-3000,-3000
049728,正崴中信94購01  ,0,0,0,0,0,0,0,0,0,-3000,0,0,0,27000,30000,-3000,-3000
049857,緯穎群益94購03  ,0,0,0,0,0,0,0,0,0,-3000,0,0,0,99000,102000,-3000,-3000
050302,百和凱基94購03  ,0,0,0,0,0,0,0,0,0,-3000,0,0,0,10000,13000,-3000,-3000
048888,牧德元富94購02  ,0,0,0,0,0,0,0,0,0,-3000,0,0,0,0,3000,-3000,-3000
04876P,台光電中信94售02,0,0,0,0,0,0,0,0,0,-3000,0,0,0,59000,62000,-3000,-3000
046796,南電元富93購01  ,0,0,0,0,0,0,0,0,0,-3000,0,0,0,0,3000,-3000,-3000
047556,群創凱基95購01  ,0,0,0,0,0,0,0,0,0,-3000,0,0,0,31000,34000,-3000,-3000
047313,華新科元大93購08,0,0,0,0,0,0,0,0,0,-3000,0,0,0,8000,11000,-3000,-3000
047314,大立光元大93購22,0,0,0,0,0,0,0,0,0,-3000,0,0,0,0,3000,-3000,-3000
048799,台積電富邦94購03,0,0,0,0,0,0,0,0,0,-3000,0,0,0,0,3000,-3000,-3000
048828,禾伸堂凱基94購02,0,0,0,0,0,0,0,0,0,-3000,0,0,0,1000,4000,-3000,-3000
047670,矽力永豐93購01  ,0,0,0,0,0,0,0,0,0,-3000,0,0,0,10000,13000,-3000,-3000
047847,鴻海統一93購07  ,0,0,0,0,0,0,0,0,0,-3000,0,0,0,0,3000,-3000,-3000
050458,台郡元大94購03  ,0,0,0,0,0,0,0,0,0,-3000,0,0,0,25000,28000,-3000,-3000
051756,台積電元大97購04,0,0,0,0,0,0,0,0,0,-3000,0,0,0,99000,102000,-3000,-3000
051817,元金2X統一95購01,0,0,0,0,0,0,0,0,0,-3000,0,0,0,0,3000,-3000,-3000
05169P,玉晶光元大95售03,0,0,0,0,0,0,0,0,0,-3000,0,0,0,600000,603000,-3000,-3000
051682,元黃金凱基97購01,0,0,0,0,0,0,0,0,0,-3000,0,0,0,3000,6000,-3000,-3000
051458,臺股指元大95購18,0,0,0,0,0,0,0,0,0,-3000,0,0,0,7000,10000,-3000,-3000
051433,中磊元富95購01  ,0,0,0,0,0,0,0,0,0,-3000,0,0,0,5000,8000,-3000,-3000
051241,台積電元大95購13,0,0,0,0,0,0,0,0,0,-3000,0,0,0,100000,103000,-3000,-3000
051131,玉山金台新95購01,0,0,0,0,0,0,0,0,0,-3000,0,0,0,48000,51000,-3000,-3000
052078,大立光元富95購10,0,0,0,0,0,0,0,0,0,-3000,0,0,0,20000,23000,-3000,-3000
051954,矽力元富95購04  ,0,0,0,0,0,0,0,0,0,-3000,0,0,0,17000,20000,-3000,-3000
052383,臺股指元大95購29,0,0,0,0,0,0,0,0,0,-3000,0,0,0,0,3000,-3000,-3000
052429,禾伸堂永豐95購02,0,0,0,0,0,0,0,0,0,-3000,0,0,0,20000,23000,-3000,-3000
052431,茂林永豐95購03  ,0,0,0,0,0,0,0,0,0,-3000,0,0,0,18000,21000,-3000,-3000
052766,玉晶光群益9A購01,0,0,0,0,0,0,0,0,0,-3000,0,0,0,16000,19000,-3000,-3000
052741,聯發科元大96購08,0,0,0,0,0,0,0,0,0,-3000,0,0,0,110000,113000,-3000,-3000
052874,超眾凱基96購01  ,0,0,0,0,0,0,0,0,0,-3000,0,0,0,14000,17000,-3000,-3000
053023,泰鼎國泰97購01  ,0,0,0,0,0,0,0,0,0,-3000,0,0,0,0,3000,-3000,-3000
053063,力山群益98購01  ,0,0,0,0,0,0,0,0,0,-3000,0,0,0,0,3000,-3000,-3000
8478,東哥遊艇        ,2000,6000,-4000,0,0,0,0,0,0,1000,1000,0,1000,0,0,0,-3000
9919,康那香          ,0,3000,-3000,0,0,0,0,0,0,0,0,0,0,0,0,0,-3000
6579,研揚            ,1000,5000,-4000,0,0,0,0,0,0,1000,1000,0,1000,0,0,0,-3000
4576,大銀微系統      ,12000,16000,-4000,0,0,0,0,0,0,1000,1000,0,1000,0,0,0,-3000
2017,官田鋼          ,0,6000,-6000,0,0,0,0,0,0,3000,3000,0,3000,0,0,0,-3000
1720,生達            ,40000,46000,-6000,0,0,0,0,0,0,3000,3000,0,3000,0,0,0,-3000
1468,昶和            ,0,3000,-3000,0,0,0,0,0,0,0,0,0,0,0,0,0,-3000
1530,亞崴            ,0,4000,-4000,0,0,0,0,0,0,1000,1000,0,1000,0,0,0,-3000
06437P,玉晶光國票99售01,0,0,0,0,0,0,0,0,0,-3000,0,0,0,0,3000,-3000,-3000
1232,大統益          ,9000,14000,-5000,0,0,0,0,0,0,2000,2000,0,2000,0,0,0,-3000
2611,志信            ,0,3000,-3000,0,0,0,0,0,0,0,0,0,0,0,0,0,-3000
06340P,鴻海統一98售06  ,0,0,0,0,0,0,0,0,0,-3000,0,0,0,13000,16000,-3000,-3000
06234P,亞德客元大97售02,0,0,0,0,0,0,0,0,0,-3000,0,0,0,0,3000,-3000,-3000
06150P,奇力新元大97售06,0,0,0,0,0,0,0,0,0,-3000,0,0,0,1053000,1056000,-3000,-3000
06156P,大立光統一97售05,0,0,0,0,0,0,0,0,0,-3000,0,0,0,2000,5000,-3000,-3000
06128P,玉晶光元富97售05,0,0,0,0,0,0,0,0,0,-3000,0,0,0,22000,25000,-3000,-3000
05963P,貿聯國票97售02  ,0,0,0,0,0,0,0,0,0,-3000,0,0,0,17000,20000,-3000,-3000
05750P,臺股指群益99售04,0,0,0,0,0,0,0,0,0,-3000,0,0,0,44000,47000,-3000,-3000
056269,新日興統一98購01,0,0,0,0,0,0,0,0,0,-3000,0,0,0,0,3000,-3000,-3000
056265,國泰金統一97購01,0,0,0,0,0,0,0,0,0,-3000,0,0,0,0,3000,-3000,-3000
056341,宏達電凱基9A購01,0,0,0,0,0,0,0,0,0,-3000,0,0,0,0,3000,-3000,-3000
056224,聯發科凱基97購08,0,0,0,0,0,0,0,0,0,-3000,0,0,0,0,3000,-3000,-3000
056204,嘉澤永豐97購01  ,0,0,0,0,0,0,0,0,0,-3000,0,0,0,0,3000,-3000,-3000
056162,祥碩凱基97購03  ,0,0,0,0,0,0,0,0,0,-3000,0,0,0,3000,6000,-3000,-3000
055759,技嘉群益98購02  ,0,0,0,0,0,0,0,0,0,-3000,0,0,0,0,3000,-3000,-3000
05575P,玉晶光元富96售01,0,0,0,0,0,0,0,0,0,-3000,0,0,0,11000,14000,-3000,-3000
055772,致茂凱基97購01  ,0,0,0,0,0,0,0,0,0,-3000,0,0,0,1000,4000,-3000,-3000
056027,樺漢群益97購02  ,0,0,0,0,0,0,0,0,0,-3000,0,0,0,0,3000,-3000,-3000
9910,豐泰            ,752000,742100,9900,0,0,0,2000,0,2000,-15000,12000,31000,-19000,4000,0,4000,-3100
055212,和大凱基97購02  ,0,0,0,0,0,0,0,0,0,-4000,0,0,0,0,4000,-4000,-4000
055209,勤誠康和97購01  ,0,0,0,0,0,0,0,0,0,-4000,0,0,0,0,4000,-4000,-4000
055068,亞翔永豐97購01  ,0,0,0,0,0,0,0,0,0,-4000,0,0,0,0,4000,-4000,-4000
054064,台郡國票97購04  ,0,0,0,0,0,0,0,0,0,-4000,0,0,0,0,4000,-4000,-4000
054303,國巨凱基96購15  ,0,0,0,0,0,0,0,0,0,-4000,0,0,0,0,4000,-4000,-4000
053749,揚明光永豐97購01,0,0,0,0,0,0,0,0,0,-4000,0,0,0,0,4000,-4000,-4000
053669,台積電統一96購08,0,0,0,0,0,0,0,0,0,-4000,0,0,0,12000,16000,-4000,-4000
045555,友達國票93購01  ,0,0,0,0,0,0,0,0,0,-4000,0,0,0,0,4000,-4000,-4000
043908,鴻海凱基93購02  ,0,0,0,0,0,0,0,0,0,-4000,0,0,0,0,4000,-4000,-4000
03950P,聯發科中信93售03,0,0,0,0,0,0,0,0,0,-4000,0,0,0,12000,16000,-4000,-4000
044850,南亞科統一94購01,0,0,0,0,0,0,0,0,0,-4000,0,0,0,104000,108000,-4000,-4000
044988,玉晶光統一95購01,0,0,0,0,0,0,0,0,0,-4000,0,0,0,20000,24000,-4000,-4000
045808,台表科國票92購02,0,0,0,0,0,0,0,0,0,-4000,0,0,0,0,4000,-4000,-4000
044119,台郡兆豐92購01  ,0,0,0,0,0,0,0,0,0,-4000,0,0,0,0,4000,-4000,-4000
046465,GIS凱基95購01   ,0,0,0,0,0,0,0,0,0,-4000,0,0,0,1000,5000,-4000,-4000
044508,微星凱基92購02  ,0,0,0,0,0,0,0,0,0,-4000,0,0,0,16000,20000,-4000,-4000
04821P,臺股指永豐94售01,0,0,0,0,0,0,0,0,0,-4000,0,0,0,50000,54000,-4000,-4000
048370,可成統一93購04  ,0,0,0,0,0,0,0,0,0,-4000,0,0,0,96000,100000,-4000,-4000
049016,國巨群益94購02  ,0,0,0,0,0,0,0,0,0,-4000,0,0,0,6000,10000,-4000,-4000
047673,瑞昱元富96購01  ,0,0,0,0,0,0,0,0,0,-4000,0,0,0,11000,15000,-4000,-4000
047066,力成凱基93購04  ,0,0,0,0,0,0,0,0,0,-4000,0,0,0,0,4000,-4000,-4000
047599,大立光統一93購08,0,0,0,0,0,0,0,0,0,-4000,0,0,0,6000,10000,-4000,-4000
050123,群臺反凱基96購01,0,0,0,0,0,0,0,0,0,-4000,0,0,0,76000,80000,-4000,-4000
049854,超眾群益94購02  ,0,0,0,0,0,0,0,0,0,-4000,0,0,0,0,4000,-4000,-4000
049806,臺企銀元大94購01,0,0,0,0,0,0,0,0,0,-4000,0,0,0,6000,10000,-4000,-4000
049896,聯發科統一94購06,0,0,0,0,0,0,0,0,0,-4000,0,0,0,48000,52000,-4000,-4000
050023,國巨元大94購12  ,0,0,0,0,0,0,0,0,0,-4000,0,0,0,113000,117000,-4000,-4000
048061,鴻海統一95購03  ,0,0,0,0,0,0,0,0,0,-4000,0,0,0,56000,60000,-4000,-4000
049544,台積電群益94購08,0,0,0,0,0,0,0,0,0,-4000,0,0,0,131000,135000,-4000,-4000
049418,大立光凱基94購05,0,0,0,0,0,0,0,0,0,-4000,0,0,0,7000,11000,-4000,-4000
052734,台表科國泰98購02,0,0,0,0,0,0,0,0,0,-4000,0,0,0,33000,37000,-4000,-4000
052668,聯發科群益97購01,0,0,0,0,0,0,0,0,0,-4000,0,0,0,0,4000,-4000,-4000
052612,康舒元大97購01  ,0,0,0,0,0,0,0,0,0,-4000,0,0,0,277000,281000,-4000,-4000
052574,茂林凱基96購02  ,0,0,0,0,0,0,0,0,0,-4000,0,0,0,1000,5000,-4000,-4000
052489,義隆國票96購02  ,0,0,0,0,0,0,0,0,0,-4000,0,0,0,0,4000,-4000,-4000
052086,鴻海元大96購08  ,0,0,0,0,0,0,0,0,0,-4000,0,0,0,0,4000,-4000,-4000
051146,旺宏凱基95購04  ,0,0,0,0,0,0,0,0,0,-4000,0,0,0,23000,27000,-4000,-4000
051183,建準永豐95購02  ,0,0,0,0,0,0,0,0,0,-4000,0,0,0,6000,10000,-4000,-4000
051522,玉晶光凱基95購05,0,0,0,0,0,0,0,0,0,-4000,0,0,0,9000,13000,-4000,-4000
051752,緯穎富邦96購01  ,0,0,0,0,0,0,0,0,0,-4000,0,0,0,51000,55000,-4000,-4000
050467,力成中信94購01  ,0,0,0,0,0,0,0,0,0,-4000,0,0,0,10000,14000,-4000,-4000
050721,台泥國票94購01  ,0,0,0,0,0,0,0,0,0,-4000,0,0,0,54000,58000,-4000,-4000
050587,緯穎國票94購02  ,0,0,0,0,0,0,0,0,0,-4000,0,0,0,11000,15000,-4000,-4000
2399,映泰            ,237000,243000,-6000,0,0,0,0,0,0,2000,2000,0,2000,0,0,0,-4000
1533,車王電          ,6000,11000,-5000,0,0,0,0,0,0,1000,1000,0,1000,0,0,0,-4000
1537,廣隆            ,17000,22000,-5000,0,0,0,0,4000,-4000,5000,5000,0,5000,0,0,0,-4000
1473,台南            ,14000,19000,-5000,0,0,0,0,0,0,1000,1000,0,1000,0,0,0,-4000
2010,春源            ,22000,30000,-8000,0,0,0,0,0,0,4000,4000,0,4000,0,0,0,-4000
056133,可成元大97購05  ,0,0,0,0,0,0,0,0,0,-4000,0,0,0,72000,76000,-4000,-4000
056187,京鼎統一97購01  ,0,0,0,0,0,0,0,0,0,-4000,0,0,0,0,4000,-4000,-4000
056339,聯發科凱基99購02,0,0,0,0,0,0,0,0,0,-4000,0,0,0,0,4000,-4000,-4000
056369,彩晶元大01購01  ,0,0,0,0,0,0,0,0,0,-4000,0,0,0,0,4000,-4000,-4000
056352,鴻海元大99購01  ,0,0,0,0,0,0,0,0,0,-4000,0,0,0,0,4000,-4000,-4000
056386,TPK國泰99購01   ,0,0,0,0,0,0,0,0,0,-4000,0,0,0,0,4000,-4000,-4000
05670P,台積電國票98售01,0,0,0,0,0,0,0,0,0,-4000,0,0,0,0,4000,-4000,-4000
05767P,國巨凱基96售11  ,0,0,0,0,0,0,0,0,0,-4000,0,0,0,21000,25000,-4000,-4000
06169P,華新科元富97售02,0,0,0,0,0,0,0,0,0,-4000,0,0,0,4000,8000,-4000,-4000
06404P,鴻海元富97售16  ,0,0,0,0,0,0,0,0,0,-4000,0,0,0,0,4000,-4000,-4000
053718,全新凱基97購02  ,0,0,0,0,0,0,0,0,0,-5000,0,0,0,0,5000,-5000,-5000
053486,T50反1兆豐96購01,0,0,0,0,0,0,0,0,0,-5000,0,0,0,15000,20000,-5000,-5000
054345,世芯國票96購02  ,0,0,0,0,0,0,0,0,0,-5000,0,0,0,0,5000,-5000,-5000
054376,聯茂中信97購01  ,0,0,0,0,0,0,0,0,0,-5000,0,0,0,322000,327000,-5000,-5000
054062,TPK國票96購02   ,0,0,0,0,0,0,0,0,0,-5000,0,0,0,0,5000,-5000,-5000
054058,晶豪科國票98購01,0,0,0,0,0,0,0,0,0,-5000,0,0,0,0,5000,-5000,-5000
054000,訊芯群益96購02  ,0,0,0,0,0,0,0,0,0,-5000,0,0,0,11000,16000,-5000,-5000
054094,創意群益96購02  ,0,0,0,0,0,0,0,0,0,-5000,0,0,0,0,5000,-5000,-5000
054142,致伸元大97購01  ,0,0,0,0,0,0,0,0,0,-5000,0,0,0,0,5000,-5000,-5000
054155,美律第一96購01  ,0,0,0,0,0,0,0,0,0,-5000,0,0,0,0,5000,-5000,-5000
054847,創意兆豐97購01  ,0,0,0,0,0,0,0,0,0,-5000,0,0,0,5000,10000,-5000,-5000
054896,聯茂日盛97購01  ,0,0,0,0,0,0,0,0,0,-5000,0,0,0,175000,180000,-5000,-5000
054670,康友元富97購01  ,0,0,0,0,0,0,0,0,0,-5000,0,0,0,0,5000,-5000,-5000
054782,國巨群益97購01  ,0,0,0,0,0,0,0,0,0,-5000,0,0,0,0,5000,-5000,-5000
05453P,智邦群益95售03  ,0,0,0,0,0,0,0,0,0,-5000,0,0,0,5000,10000,-5000,-5000
054521,TPK元大96購03   ,0,0,0,0,0,0,0,0,0,-5000,0,0,0,0,5000,-5000,-5000
054500,美律永豐96購02  ,0,0,0,0,0,0,0,0,0,-5000,0,0,0,0,5000,-5000,-5000
054577,世芯元大98購01  ,0,0,0,0,0,0,0,0,0,-5000,0,0,0,337000,342000,-5000,-5000
055191,牧德元富97購01  ,0,0,0,0,0,0,0,0,0,-5000,0,0,0,0,5000,-5000,-5000
055176,大毅統一98購02  ,0,0,0,0,0,0,0,0,0,-5000,0,0,0,141000,146000,-5000,-5000
05517P,臻鼎元大96售01  ,0,0,0,0,0,0,0,0,0,-5000,0,0,0,65000,70000,-5000,-5000
055234,昇陽半國票98購02,0,0,0,0,0,0,0,0,0,-5000,0,0,0,0,5000,-5000,-5000
055253,大立光統一97購06,0,0,0,0,0,0,0,0,0,-5000,0,0,0,0,5000,-5000,-5000
055279,華邦電元大97購02,0,0,0,0,0,0,0,0,0,-5000,0,0,0,0,5000,-5000,-5000
055343,國巨凱基97購03  ,0,0,0,0,0,0,0,0,0,-5000,0,0,0,0,5000,-5000,-5000
05531P,臺股指群益96售04,0,0,0,0,0,0,0,0,0,-5000,0,0,0,0,5000,-5000,-5000
055584,國巨元大97購11  ,0,0,0,0,0,0,0,0,0,-5000,0,0,0,10000,15000,-5000,-5000
055585,國巨元大98購08  ,0,0,0,0,0,0,0,0,0,-5000,0,0,0,210000,215000,-5000,-5000
055589,台光電元大98購04,0,0,0,0,0,0,0,0,0,-5000,0,0,0,1000,6000,-5000,-5000
048215,A50正2凱基95購01,0,0,0,0,0,0,0,0,0,-5000,0,0,0,0,5000,-5000,-5000
045960,聯發科凱基92購01,0,0,0,0,0,0,0,0,0,-5000,0,0,0,10000,15000,-5000,-5000
04598P,光罩凱基94售03  ,0,0,0,0,0,0,0,0,0,-5000,0,0,0,5000,10000,-5000,-5000
044611,正崴兆豐92購01  ,0,0,0,0,0,0,0,0,0,-5000,0,0,0,10000,15000,-5000,-5000
044759,新日興凱基93購01,0,0,0,0,0,0,0,0,0,-5000,0,0,0,12000,17000,-5000,-5000
044996,嘉晶國泰95購01  ,0,0,0,0,0,0,0,0,0,-5000,0,0,0,0,5000,-5000,-5000
046010,大立光元富92購03,0,0,0,0,0,0,0,0,0,-5000,0,0,0,6000,11000,-5000,-5000
046240,中鋼中信94購01  ,0,0,0,0,0,0,0,0,0,-5000,0,0,0,30000,35000,-5000,-5000
045146,鴻海凱基92購03  ,0,0,0,0,0,0,0,0,0,-5000,0,0,0,0,5000,-5000,-5000
045162,玉晶光國泰94購04,0,0,0,0,0,0,0,0,0,-5000,0,0,0,0,5000,-5000,-5000
04029P,聯發科凱基93售16,0,0,0,0,0,0,0,0,0,-5000,0,0,0,0,5000,-5000,-5000
042040,大立光群益93購01,0,0,0,0,0,0,0,0,0,-5000,0,0,0,0,5000,-5000,-5000
045537,華新群益94購01  ,0,0,0,0,0,0,0,0,0,-5000,0,0,0,0,5000,-5000,-5000
04243P,大立光永昌93售08,0,0,0,0,0,0,0,0,0,-5000,0,0,0,0,5000,-5000,-5000
045457,光磊元大93購01  ,0,0,0,0,0,0,0,0,0,-5000,0,0,0,10000,15000,-5000,-5000
045454,上銀元大93購01  ,0,0,0,0,0,0,0,0,0,-5000,0,0,0,0,5000,-5000,-5000
00640L,富邦日本正2     ,0,121000,-121000,0,0,0,0,0,0,116000,0,0,0,475000,359000,116000,-5000
00735,國泰臺韓科技    ,0,0,0,0,0,0,0,0,0,-5000,0,0,0,100000,105000,-5000,-5000
04348P,燿華國票94售01  ,0,0,0,0,0,0,0,0,0,-5000,0,0,0,0,5000,-5000,-5000
03183P,鴻海元大01售28  ,0,0,0,0,0,0,0,0,0,-5000,0,0,0,5000,10000,-5000,-5000
049563,華新統一95購01  ,0,0,0,0,0,0,0,0,0,-5000,0,0,0,40000,45000,-5000,-5000
049500,聯茂元大94購04  ,0,0,0,0,0,0,0,0,0,-5000,0,0,0,5000,10000,-5000,-5000
048024,鴻海凱基93購29  ,0,0,0,0,0,0,0,0,0,-5000,0,0,0,810000,815000,-5000,-5000
048070,聯發科元富99購03,0,0,0,0,0,0,0,0,0,-5000,0,0,0,25000,30000,-5000,-5000
047796,臺股指群益93購07,0,0,0,0,0,0,0,0,0,-5000,0,0,0,0,5000,-5000,-5000
048018,南亞科麥證93購01,0,0,0,10000,15000,-5000,0,0,0,-5000,0,0,0,10000,15000,-5000,-5000
050021,鴻海元大94購10  ,0,0,0,0,0,0,0,0,0,-5000,0,0,0,30000,35000,-5000,-5000
050036,矽格元大94購03  ,0,0,0,0,0,0,0,0,0,-5000,0,0,0,0,5000,-5000,-5000
050048,百和國票94購01  ,0,0,0,0,0,0,0,0,0,-5000,0,0,0,0,5000,-5000,-5000
049907,鴻海元大94購07  ,0,0,0,0,0,0,0,0,0,-5000,0,0,0,75000,80000,-5000,-5000
049958,華新科統一94購08,0,0,0,0,0,0,0,0,0,-5000,0,0,0,10000,15000,-5000,-5000
049921,大立光元大94購16,0,0,0,0,0,0,0,0,0,-5000,0,0,0,0,5000,-5000,-5000
049864,聯發科兆豐94購01,0,0,0,0,0,0,0,0,0,-5000,0,0,0,0,5000,-5000,-5000
049749,創意永豐94購01  ,0,0,0,0,0,0,0,0,0,-5000,0,0,0,0,5000,-5000,-5000
049712,為升凱基94購03  ,0,0,0,0,0,0,0,0,0,-5000,0,0,0,0,5000,-5000,-5000
050128,旺宏凱基94購04  ,0,0,0,0,0,0,0,0,0,-5000,0,0,0,42000,47000,-5000,-5000
050107,鴻海元大94購12  ,0,0,0,0,0,0,0,0,0,-5000,0,0,0,32000,37000,-5000,-5000
050076,百和凱基94購02  ,0,0,0,0,0,0,0,0,0,-5000,0,0,0,0,5000,-5000,-5000
050310,卜蜂兆豐94購01  ,0,0,0,0,0,0,0,0,0,-5000,0,0,0,0,5000,-5000,-5000
050262,台積電元大94購21,0,0,0,0,0,0,0,0,0,-5000,0,0,0,41000,46000,-5000,-5000
047595,元石油元富97購01,0,0,0,0,0,0,0,0,0,-5000,0,0,0,0,5000,-5000,-5000
046721,中鋼元大93購01  ,0,0,0,0,0,0,0,0,0,-5000,0,0,0,200000,205000,-5000,-5000
048892,台郡元富97購01  ,0,0,0,0,0,0,0,0,0,-5000,0,0,0,5000,10000,-5000,-5000
047068,南電凱基93購04  ,0,0,0,0,0,0,0,0,0,-5000,0,0,0,0,5000,-5000,-5000
047046,台積電國票94購01,0,0,0,0,0,0,0,0,0,-5000,0,0,0,10000,15000,-5000,-5000
047703,台積電凱基93購19,0,0,0,0,0,0,0,0,0,-5000,0,0,0,5000,10000,-5000,-5000
047353,台郡凱基93購03  ,0,0,0,0,0,0,0,0,0,-5000,0,0,0,0,5000,-5000,-5000
047304,元油2X元大96購02,0,0,0,0,0,0,0,0,0,-5000,0,0,0,0,5000,-5000,-5000
049276,臺股指元大94購11,0,0,0,0,0,0,0,0,0,-5000,0,0,0,85000,90000,-5000,-5000
047413,台積電永昌93購05,0,0,0,0,0,0,0,0,0,-5000,0,0,0,0,5000,-5000,-5000
04667P,臺股指國票94售06,0,0,0,0,0,0,0,0,0,-5000,0,0,0,15000,20000,-5000,-5000
049472,楠梓電永豐95購01,0,0,0,0,0,0,0,0,0,-5000,0,0,0,0,5000,-5000,-5000
049441,T50反1統一94購05,0,0,0,0,0,0,0,0,0,-5000,0,0,0,0,5000,-5000,-5000
04944P,元油2X永豐94售06,0,0,0,0,0,0,0,0,0,-5000,0,0,0,0,5000,-5000,-5000
049491,聯發科元大95購01,0,0,0,0,0,0,0,0,0,-5000,0,0,0,0,5000,-5000,-5000
050557,台積電統一94購13,0,0,0,0,0,0,0,0,0,-5000,0,0,0,0,5000,-5000,-5000
050711,TPK中信94購01   ,0,0,0,0,0,0,0,0,0,-5000,0,0,0,0,5000,-5000,-5000
050419,鴻海凱基95購02  ,0,0,0,0,0,0,0,0,0,-5000,0,0,0,20000,25000,-5000,-5000
050367,鴻海元大94購20  ,0,0,0,0,0,0,0,0,0,-5000,0,0,0,174000,179000,-5000,-5000
050957,T50反1台新05購01,0,0,0,0,0,0,0,0,0,-5000,0,0,0,5000,10000,-5000,-5000
050838,為升國票96購01  ,0,0,0,0,0,0,0,0,0,-5000,0,0,0,0,5000,-5000,-5000
051468,智邦日盛95購01  ,0,0,0,0,0,0,0,0,0,-5000,0,0,0,0,5000,-5000,-5000
051623,和碩凱基96購02  ,0,0,0,0,0,0,0,0,0,-5000,0,0,0,15000,20000,-5000,-5000
051152,鴻海國泰97購01  ,0,0,0,0,0,0,0,0,0,-5000,0,0,0,5000,10000,-5000,-5000
051446,中壽元大96購01  ,0,0,0,0,0,0,0,0,0,-5000,0,0,0,195000,200000,-5000,-5000
051380,禾伸堂群益95購01,0,0,0,0,0,0,0,0,0,-5000,0,0,0,0,5000,-5000,-5000
051350,台積電元大95購14,0,0,0,0,0,0,0,0,0,-5000,0,0,0,0,5000,-5000,-5000
052132,旺宏凱基9B購01  ,0,0,0,0,0,0,0,0,0,-5000,0,0,0,54000,59000,-5000,-5000
05195P,南茂康和95售01  ,0,0,0,0,0,0,0,0,0,-5000,0,0,0,5000,10000,-5000,-5000
051931,美律國票96購02  ,0,0,0,0,0,0,0,0,0,-5000,0,0,0,0,5000,-5000,-5000
051974,華新科凱基96購05,0,0,0,0,0,0,0,0,0,-5000,0,0,0,6000,11000,-5000,-5000
052543,聯詠元富95購01  ,0,0,0,0,0,0,0,0,0,-5000,0,0,0,0,5000,-5000,-5000
052399,台光電凱基95購03,0,0,0,0,0,0,0,0,0,-5000,0,0,0,10000,15000,-5000,-5000
052313,聯電元大98購01  ,0,0,0,0,0,0,0,0,0,-5000,0,0,0,101000,106000,-5000,-5000
052215,樺漢元大96購02  ,0,0,0,0,0,0,0,0,0,-5000,0,0,0,100000,105000,-5000,-5000
052712,旺宏凱基96購02  ,0,0,0,0,0,0,0,0,0,-5000,0,0,0,177000,182000,-5000,-5000
052729,國巨國泰97購03  ,0,0,0,0,0,0,0,0,0,-5000,0,0,0,83000,88000,-5000,-5000
052731,宏達電國泰98購01,0,0,0,0,0,0,0,0,0,-5000,0,0,0,15000,20000,-5000,-5000
052786,S&P500中信96購01,0,0,0,0,0,0,0,0,0,-5000,0,0,0,0,5000,-5000,-5000
052879,滬深2X凱基97購02,0,0,0,0,0,0,0,0,0,-5000,0,0,0,5000,10000,-5000,-5000
052858,華通凱基97購02  ,0,0,0,0,0,0,0,0,0,-5000,0,0,0,0,5000,-5000,-5000
052906,緯創國票97購01  ,0,0,0,0,0,0,0,0,0,-5000,0,0,0,0,5000,-5000,-5000
06299P,可成元大97售04  ,0,0,0,0,0,0,0,0,0,-5000,0,0,0,0,5000,-5000,-5000
06206P,台積電凱基97售11,0,0,0,0,0,0,0,0,0,-5000,0,0,0,265000,270000,-5000,-5000
05704P,矽力群益96售04  ,0,0,0,0,0,0,0,0,0,-5000,0,0,0,0,5000,-5000,-5000
05890P,彩晶元大99售01  ,0,0,0,0,0,0,0,0,0,-5000,0,0,0,689000,694000,-5000,-5000
05897P,國巨凱基96售12  ,0,0,0,0,0,0,0,0,0,-5000,0,0,0,10000,15000,-5000,-5000
06025P,臺股指元大99售02,0,0,0,0,0,0,0,0,0,-5000,0,0,0,990000,995000,-5000,-5000
06014P,聯發科富邦97售02,0,0,0,0,0,0,0,0,0,-5000,0,0,0,43000,48000,-5000,-5000
05640P,旺宏元富96售03  ,0,0,0,0,0,0,0,0,0,-5000,0,0,0,15000,20000,-5000,-5000
056362,聯發科元大99購01,0,0,0,0,0,0,0,0,0,-5000,0,0,0,104000,109000,-5000,-5000
056105,智原永豐97購01  ,0,0,0,0,0,0,0,0,0,-5000,0,0,0,0,5000,-5000,-5000
055924,深中小群益9B購01,0,0,0,0,0,0,0,0,0,-5000,0,0,0,25000,30000,-5000,-5000
055800,欣興永豐97購02  ,0,0,0,0,0,0,0,0,0,-5000,0,0,0,0,5000,-5000,-5000
055862,矽力元大97購04  ,0,0,0,0,0,0,0,0,0,-5000,0,0,0,100000,105000,-5000,-5000
055866,臺股指元大97購03,0,0,0,0,0,0,0,0,0,-5000,0,0,0,1000,6000,-5000,-5000
055763,鎧勝群益97購01  ,0,0,0,0,0,0,0,0,0,-5000,0,0,0,0,5000,-5000,-5000
055778,美食凱基97購01  ,0,0,0,0,0,0,0,0,0,-5000,0,0,0,0,5000,-5000,-5000
055743,TPK元富98購01   ,0,0,0,0,0,0,0,0,0,-5000,0,0,0,0,5000,-5000,-5000
1541,錩泰            ,1000,2000,-1000,0,0,0,0,0,0,-4000,1000,5000,-4000,0,0,0,-5000
1603,華電            ,3000,10000,-7000,0,0,0,0,0,0,2000,2000,0,2000,0,0,0,-5000
1324,地球            ,0,5000,-5000,0,0,0,0,0,0,0,0,0,0,0,0,0,-5000
2466,冠西電          ,1000,8000,-7000,0,0,0,0,0,0,2000,2000,0,2000,0,0,0,-5000
3416,融程電          ,3000,8000,-5000,0,0,0,0,0,0,0,0,0,0,0,0,0,-5000
6235,華孚            ,23000,33000,-10000,0,0,0,0,0,0,5000,5000,0,5000,0,0,0,-5000
055640,鴻海元富97購03  ,0,0,0,0,0,0,0,0,0,-6000,0,0,0,60000,66000,-6000,-6000
055473,禾伸堂凱基97購01,0,0,0,0,0,0,0,0,0,-6000,0,0,0,0,6000,-6000,-6000
055433,嘉聯益群益99購01,0,0,0,0,0,0,0,0,0,-6000,0,0,0,0,6000,-6000,-6000
055301,台虹元大97購01  ,0,0,0,0,0,0,0,0,0,-6000,0,0,0,200000,206000,-6000,-6000
055178,晶豪科統一97購01,0,0,0,0,0,0,0,0,0,-6000,0,0,0,0,6000,-6000,-6000
055179,大立光統一97購04,0,0,0,0,0,0,0,0,0,-6000,0,0,0,81000,87000,-6000,-6000
055157,晶豪科元大97購01,0,0,0,0,0,0,0,0,0,-6000,0,0,0,100000,106000,-6000,-6000
054567,拓凱群益98購01  ,0,0,0,0,0,0,0,0,0,-6000,0,0,0,10000,16000,-6000,-6000
054582,致新元大97購01  ,0,0,0,0,0,0,0,0,0,-6000,0,0,0,0,6000,-6000,-6000
054523,GIS元大96購05   ,0,0,0,0,0,0,0,0,0,-6000,0,0,0,100000,106000,-6000,-6000
054524,華通元富96購03  ,0,0,0,0,0,0,0,0,0,-6000,0,0,0,0,6000,-6000,-6000
054766,智原國票98購01  ,0,0,0,0,0,0,0,0,0,-6000,0,0,0,0,6000,-6000,-6000
054890,聯鈞統一99購01  ,0,0,0,0,0,0,0,0,0,-6000,0,0,0,48000,54000,-6000,-6000
054908,群電康和97購01  ,0,0,0,0,0,0,0,0,0,-6000,0,0,0,0,6000,-6000,-6000
054811,裕隆元大9A購01  ,0,0,0,0,0,0,0,0,0,-6000,0,0,0,200000,206000,-6000,-6000
054147,GIS元大96購02   ,0,0,0,0,0,0,0,0,0,-6000,0,0,0,2000,8000,-6000,-6000
054157,國巨亞東96購01  ,0,0,0,0,0,0,0,0,0,-6000,0,0,0,410000,416000,-6000,-6000
054109,南亞科凱基96購05,0,0,0,0,0,0,0,0,0,-6000,0,0,0,12000,18000,-6000,-6000
053843,訊芯統一96購01  ,0,0,0,0,0,0,0,0,0,-6000,0,0,0,48000,54000,-6000,-6000
054381,世芯群益98購01  ,0,0,0,0,0,0,0,0,0,-6000,0,0,0,1000,7000,-6000,-6000
05440P,緯穎國票96售02  ,0,0,0,0,0,0,0,0,0,-6000,0,0,0,0,6000,-6000,-6000
054469,同欣電凱基97購01,0,0,0,0,0,0,0,0,0,-6000,0,0,0,20000,26000,-6000,-6000
054315,訊芯凱基98購01  ,0,0,0,0,0,0,0,0,0,-6000,0,0,0,0,6000,-6000,-6000
054265,GIS元大96購03   ,0,0,0,0,0,0,0,0,0,-6000,0,0,0,202000,208000,-6000,-6000
054246,國巨元大96購12  ,0,0,0,0,0,0,0,0,0,-6000,0,0,0,154000,160000,-6000,-6000
053646,臺股指國票96購09,0,0,0,0,0,0,0,0,0,-6000,0,0,0,0,6000,-6000,-6000
053621,臺股指群益96購07,0,0,0,0,0,0,0,0,0,-6000,0,0,0,0,6000,-6000,-6000
053598,日月光元大96購04,0,0,0,0,0,0,0,0,0,-6000,0,0,0,100000,106000,-6000,-6000
053783,聯發科元大96購17,0,0,0,0,0,0,0,0,0,-6000,0,0,0,0,6000,-6000,-6000
053250,百和國票97購02  ,0,0,0,0,0,0,0,0,0,-6000,0,0,0,9000,15000,-6000,-6000
053153,大立光元大99購02,0,0,0,0,0,0,0,0,0,-6000,0,0,0,0,6000,-6000,-6000
03409P,台積電元大02售26,0,0,0,0,0,0,0,0,0,-6000,0,0,0,0,6000,-6000,-6000
00660,元大歐洲50      ,0,0,0,0,0,0,0,0,0,-6000,0,0,0,1000,7000,-6000,-6000
03026X,元展23          ,0,0,0,0,0,0,0,0,0,-6000,0,0,0,8000,14000,-6000,-6000
04563P,可成凱基94售05  ,0,0,0,0,0,0,0,0,0,-6000,0,0,0,0,6000,-6000,-6000
04102P,臺股指國票93售09,0,0,0,0,0,0,0,0,0,-6000,0,0,0,24000,30000,-6000,-6000
044922,玉晶光永豐93購01,0,0,0,0,0,0,0,0,0,-6000,0,0,0,24000,30000,-6000,-6000
044053,國巨元大92購11  ,0,0,0,0,0,0,0,0,0,-6000,0,0,0,34000,40000,-6000,-6000
048569,台虹元大93購03  ,0,0,0,0,0,0,0,0,0,-6000,0,0,0,100000,106000,-6000,-6000
049436,義隆國泰96購02  ,0,0,0,0,0,0,0,0,0,-6000,0,0,0,28000,34000,-6000,-6000
047860,臺股指國票93購15,0,0,0,0,0,0,0,0,0,-6000,0,0,0,0,6000,-6000,-6000
048681,漢唐富邦96購01  ,0,0,0,0,0,0,0,0,0,-6000,0,0,0,0,6000,-6000,-6000
04738P,揚明光永豐94售03,0,0,0,0,0,0,0,0,0,-6000,0,0,0,38000,44000,-6000,-6000
04730P,臺股指中信96售02,0,0,0,0,0,0,0,0,0,-6000,0,0,0,9000,15000,-6000,-6000
047082,元上證永豐93購01,0,0,0,0,0,0,0,0,0,-6000,0,0,0,0,6000,-6000,-6000
047138,智伸科凱基93購04,0,0,0,0,0,0,0,0,0,-6000,0,0,0,0,6000,-6000,-6000
049873,華新科台新94購02,0,0,0,0,0,0,0,0,0,-6000,0,0,0,54000,60000,-6000,-6000
049519,新光金國票95購03,0,0,0,0,0,0,0,0,0,-6000,0,0,0,0,6000,-6000,-6000
049531,聯詠台新94購01  ,0,0,0,0,0,0,0,0,0,-6000,0,0,0,14000,20000,-6000,-6000
049584,台積電元大96購04,0,0,0,0,0,0,0,0,0,-6000,0,0,0,50000,56000,-6000,-6000
049671,上証2X富邦95購01,0,0,0,0,0,0,0,0,0,-6000,0,0,0,0,6000,-6000,-6000
052912,日月光統一96購01,0,0,0,0,0,0,0,0,0,-6000,0,0,0,86000,92000,-6000,-6000
052938,華新科兆豐96購01,0,0,0,0,0,0,0,0,0,-6000,0,0,0,10000,16000,-6000,-6000
052691,GIS元大96購01   ,0,0,0,0,0,0,0,0,0,-6000,0,0,0,102000,108000,-6000,-6000
052216,康友元大96購01  ,0,0,0,0,0,0,0,0,0,-6000,0,0,0,100000,106000,-6000,-6000
052243,致茂康和95購01  ,0,0,0,0,0,0,0,0,0,-6000,0,0,0,0,6000,-6000,-6000
052311,台積電富邦95購09,0,0,0,0,0,0,0,0,0,-6000,0,0,0,0,6000,-6000,-6000
052324,康友元大96購02  ,0,0,0,0,0,0,0,0,0,-6000,0,0,0,201000,207000,-6000,-6000
051899,欣興國泰97購01  ,0,0,0,0,0,0,0,0,0,-6000,0,0,0,16000,22000,-6000,-6000
052049,緯創凱基97購01  ,0,0,0,0,0,0,0,0,0,-6000,0,0,0,0,6000,-6000,-6000
051634,大立光國票96購03,0,0,0,0,0,0,0,0,0,-6000,0,0,0,0,6000,-6000,-6000
051572,上銀元大95購01  ,0,0,0,0,0,0,0,0,0,-6000,0,0,0,7000,13000,-6000,-6000
051692,深中小統一95購01,0,0,0,0,0,0,0,0,0,-6000,0,0,0,0,6000,-6000,-6000
051030,康友元富95購01  ,0,0,0,0,0,0,0,0,0,-6000,0,0,0,0,6000,-6000,-6000
050391,大立光統一94購07,0,0,0,0,0,0,0,0,0,-6000,0,0,0,0,6000,-6000,-6000
050485,國巨統一96購01  ,0,0,0,0,0,0,0,0,0,-6000,0,0,0,0,6000,-6000,-6000
6215,和椿            ,5000,12000,-7000,0,0,0,0,0,0,1000,1000,0,1000,0,0,0,-6000
6216,居易            ,5000,11000,-6000,0,0,0,0,0,0,0,0,0,0,0,0,0,-6000
3454,晶睿            ,47000,54000,-7000,0,0,0,0,0,0,1000,1000,0,1000,0,0,0,-6000
2305,全友            ,2000,9000,-7000,0,0,0,0,0,0,1000,1000,0,1000,0,0,0,-6000
2597,潤弘            ,3000,5000,-2000,0,0,0,0,0,0,-4000,1000,5000,-4000,0,0,0,-6000
2849,安泰銀          ,18000,12000,6000,0,0,0,0,0,0,-12000,0,12000,-12000,0,0,0,-6000
06407P,創意元富97售02  ,0,0,0,0,0,0,0,0,0,-6000,0,0,0,0,6000,-6000,-6000
06445P,大立光凱基98售09,0,0,0,0,0,0,0,0,0,-6000,0,0,0,0,6000,-6000,-6000
05572P,群創統一96售02  ,0,0,0,0,0,0,0,0,0,-6000,0,0,0,204000,210000,-6000,-6000
055762,智伸科群益97購01,0,0,0,0,0,0,0,0,0,-6000,0,0,0,0,6000,-6000,-6000
055931,冠德群益97購02  ,0,0,0,0,0,0,0,0,0,-6000,0,0,0,0,6000,-6000,-6000
056031,勤誠康和97購02  ,0,0,0,0,0,0,0,0,0,-6000,0,0,0,0,6000,-6000,-6000
056023,晶豪科群益97購01,0,0,0,0,0,0,0,0,0,-6000,0,0,0,0,6000,-6000,-6000
056057,華邦電元大97購05,0,0,0,0,0,0,0,0,0,-6000,0,0,0,0,6000,-6000,-6000
056309,合勤控元大97購01,0,0,0,0,0,0,0,0,0,-6000,0,0,0,50000,56000,-6000,-6000
06043P,創意永豐96售06  ,0,0,0,0,0,0,0,0,0,-6000,0,0,0,22000,28000,-6000,-6000
05914P,友達元大96售04  ,0,0,0,0,0,0,0,0,0,-6000,0,0,0,0,6000,-6000,-6000
06242P,大立光元富9A售02,0,0,0,0,0,0,0,0,0,-6000,0,0,0,19000,25000,-6000,-6000
06247P,同欣電元富97售02,0,0,0,0,0,0,0,0,0,-6000,0,0,0,0,6000,-6000,-6000
053507,百和兆豐96購01  ,0,0,0,0,0,0,0,0,0,-7000,0,0,0,0,7000,-7000,-7000
053550,聯發科凱基96購15,0,0,0,0,0,0,0,0,0,-7000,0,0,0,0,7000,-7000,-7000
053974,大立光元大96購10,0,0,0,0,0,0,0,0,0,-7000,0,0,0,100000,107000,-7000,-7000
053966,旺宏元大96購08  ,0,0,0,0,0,0,0,0,0,-7000,0,0,0,137000,144000,-7000,-7000
054912,群光凱基97購01  ,0,0,0,0,0,0,0,0,0,-7000,0,0,0,7000,14000,-7000,-7000
054762,奇力新國票99購01,0,0,0,0,0,0,0,0,0,-7000,0,0,0,5000,12000,-7000,-7000
055192,世芯元富97購01  ,0,0,0,0,0,0,0,0,0,-7000,0,0,0,0,7000,-7000,-7000
055672,國巨日盛97購02  ,0,0,0,0,0,0,0,0,0,-7000,0,0,0,88000,95000,-7000,-7000
044671,台積電兆豐93購01,0,0,0,0,0,0,0,0,0,-7000,0,0,0,18000,25000,-7000,-7000
044374,燿華兆豐93購01  ,0,0,0,0,0,0,0,0,0,-7000,0,0,0,0,7000,-7000,-7000
046458,大立光凱基92購11,0,0,0,0,0,0,0,0,0,-7000,0,0,0,0,7000,-7000,-7000
046212,台積電統一92購07,0,0,0,0,0,0,0,0,0,-7000,0,0,0,0,7000,-7000,-7000
046187,友達凱基93購03  ,0,0,0,0,0,0,0,0,0,-7000,0,0,0,13000,20000,-7000,-7000
046648,和鑫國泰94購01  ,0,0,0,0,0,0,0,0,0,-7000,0,0,0,0,7000,-7000,-7000
04033P,啟碁凱基93售04  ,0,0,0,0,0,0,0,0,0,-7000,0,0,0,10000,17000,-7000,-7000
03988P,上海銀群益93售01,0,0,0,0,0,0,0,0,0,-7000,0,0,0,3000,10000,-7000,-7000
042918,矽格元大94購01  ,0,0,0,0,0,0,0,0,0,-7000,0,0,0,3000,10000,-7000,-7000
042826,欣興兆豐93購01  ,0,0,0,0,0,0,0,0,0,-7000,0,0,0,0,7000,-7000,-7000
03022X,富展01          ,0,0,0,0,0,0,0,0,0,-7000,0,0,0,0,7000,-7000,-7000
00742,新光內需收益    ,0,0,0,0,0,0,0,0,0,-7000,0,0,0,0,7000,-7000,-7000
043475,聯茂元大92購01  ,0,0,0,0,0,0,0,0,0,-7000,0,0,0,13000,20000,-7000,-7000
048063,聯發科統一93購03,0,0,0,0,0,0,0,0,0,-7000,0,0,0,25000,32000,-7000,-7000
046961,大立光中信95購02,0,0,0,0,0,0,0,0,0,-7000,0,0,0,13000,20000,-7000,-7000
049151,大立光元大94購07,0,0,0,0,0,0,0,0,0,-7000,0,0,0,0,7000,-7000,-7000
049682,友達統一94購03  ,0,0,0,0,0,0,0,0,0,-7000,0,0,0,8000,15000,-7000,-7000
04916P,大立光永昌96售02,0,0,0,0,0,0,0,0,0,-7000,0,0,0,0,7000,-7000,-7000
050370,台積電元大94購24,0,0,0,0,0,0,0,0,0,-7000,0,0,0,37000,44000,-7000,-7000
05093P,可成元大95售03  ,0,0,0,0,0,0,0,0,0,-7000,0,0,0,1000,8000,-7000,-7000
050922,南亞科凱基95購02,0,0,0,0,0,0,0,0,0,-7000,0,0,0,13000,20000,-7000,-7000
05073P,臺股指中信95售09,0,0,0,0,0,0,0,0,0,-7000,0,0,0,6000,13000,-7000,-7000
050753,百和統一94購01  ,0,0,0,0,0,0,0,0,0,-7000,0,0,0,10000,17000,-7000,-7000
051671,和鑫元大96購02  ,0,0,0,0,0,0,0,0,0,-7000,0,0,0,1000,8000,-7000,-7000
051245,南亞科元大95購01,0,0,0,0,0,0,0,0,0,-7000,0,0,0,3000,10000,-7000,-7000
052059,臺股指凱基95購17,0,0,0,0,0,0,0,0,0,-7000,0,0,0,0,7000,-7000,-7000
052171,台積電元大95購21,0,0,0,0,0,0,0,0,0,-7000,0,0,0,13000,20000,-7000,-7000
052152,創意富邦98購01  ,0,0,0,0,0,0,0,0,0,-7000,0,0,0,10000,17000,-7000,-7000
052343,同欣電凱基95購03,0,0,0,0,0,0,0,0,0,-7000,0,0,0,60000,67000,-7000,-7000
052211,台積電元大95購22,0,0,0,0,0,0,0,0,0,-7000,0,0,0,44000,51000,-7000,-7000
052470,華新科亞東97購01,0,0,0,0,0,0,0,0,0,-7000,0,0,0,38000,45000,-7000,-7000
052484,矽創群益95購02  ,0,0,0,0,0,0,0,0,0,-7000,0,0,0,43000,50000,-7000,-7000
052699,友達國票97購01  ,0,0,0,0,0,0,0,0,0,-7000,0,0,0,50000,57000,-7000,-7000
053065,大立光群益96購01,0,0,0,0,0,0,0,0,0,-7000,0,0,0,3000,10000,-7000,-7000
06099P,鴻海日盛97售03  ,0,0,0,0,0,0,0,0,0,-7000,0,0,0,0,7000,-7000,-7000
05883P,致伸永豐96售03  ,0,0,0,0,0,0,0,0,0,-7000,0,0,0,0,7000,-7000,-7000
05824P,臺股指凱基96售21,0,0,0,0,0,0,0,0,0,-7000,0,0,0,10000,17000,-7000,-7000
05630P,大立光永昌96售06,0,0,0,0,0,0,0,0,0,-7000,0,0,0,408000,415000,-7000,-7000
056380,麗豐元富98購01  ,0,0,0,0,0,0,0,0,0,-7000,0,0,0,0,7000,-7000,-7000
1340,勝悅-KY         ,11000,19000,-8000,0,0,0,0,0,0,1000,1000,0,1000,0,0,0,-7000
1467,南緯            ,3000,13000,-10000,0,0,0,0,0,0,3000,3000,0,3000,0,0,0,-7000
6641,基士德-KY       ,3000,10000,-7000,0,0,0,0,0,0,0,0,0,0,0,0,0,-7000
8070,長華*           ,22000,24000,-2000,0,0,0,0,0,0,-5000,5000,10000,-5000,0,0,0,-7000
8201,無敵            ,4000,11000,-7000,0,0,0,0,0,0,0,0,0,0,0,0,0,-7000
055136,聯發科富邦99購06,0,0,0,0,0,0,0,0,0,-8000,0,0,0,10000,18000,-8000,-8000
055246,美律統一98購01  ,0,0,0,0,0,0,0,0,0,-8000,0,0,0,48000,56000,-8000,-8000
055232,泰碩國票98購01  ,0,0,0,0,0,0,0,0,0,-8000,0,0,0,0,8000,-8000,-8000
054866,宏盛群益98購01  ,0,0,0,0,0,0,0,0,0,-8000,0,0,0,62000,70000,-8000,-8000
055126,嘉澤兆豐97購01  ,0,0,0,0,0,0,0,0,0,-8000,0,0,0,2000,10000,-8000,-8000
053941,國巨國泰96購05  ,0,0,0,0,0,0,0,0,0,-8000,0,0,0,417000,425000,-8000,-8000
053841,美律統一96購01  ,0,0,0,0,0,0,0,0,0,-8000,0,0,0,48000,56000,-8000,-8000
053854,聯茂國泰97購02  ,0,0,0,0,0,0,0,0,0,-8000,0,0,0,12000,20000,-8000,-8000
054067,百和國票97購03  ,0,0,0,0,0,0,0,0,0,-8000,0,0,0,12000,20000,-8000,-8000
054382,康控群益96購03  ,0,0,0,0,0,0,0,0,0,-8000,0,0,0,94000,102000,-8000,-8000
053157,日月光元大96購03,0,0,0,0,0,0,0,0,0,-8000,0,0,0,200000,208000,-8000,-8000
04136P,智邦元大93售09  ,0,0,0,0,0,0,0,0,0,-8000,0,0,0,96000,104000,-8000,-8000
04219P,鴻海兆豐93售02  ,0,0,0,0,0,0,0,0,0,-8000,0,0,0,6000,14000,-8000,-8000
044221,群創凱基93購03  ,0,0,0,0,0,0,0,0,0,-8000,0,0,0,4000,12000,-8000,-8000
046125,致伸元大92購04  ,0,0,0,0,0,0,0,0,0,-8000,0,0,0,0,8000,-8000,-8000
044711,台郡元大93購01  ,0,0,0,0,0,0,0,0,0,-8000,0,0,0,2000,10000,-8000,-8000
049267,瀚宇博元大95購02,0,0,0,0,0,0,0,0,0,-8000,0,0,0,0,8000,-8000,-8000
048985,茂林元大94購01  ,0,0,0,0,0,0,0,0,0,-8000,0,0,0,22000,30000,-8000,-8000
048267,元金反中信93購01,0,0,0,0,0,0,0,0,0,-8000,0,0,0,3000,11000,-8000,-8000
047119,臻鼎元大93購01  ,0,0,0,0,0,0,0,0,0,-8000,0,0,0,2000,10000,-8000,-8000
048851,台達電群益94購01,0,0,0,0,0,0,0,0,0,-8000,0,0,0,0,8000,-8000,-8000
047680,上証反中信96購01,0,0,0,0,0,0,0,0,0,-8000,0,0,0,0,8000,-8000,-8000
046818,奇力新凱基93購04,0,0,0,0,0,0,0,0,0,-8000,0,0,0,0,8000,-8000,-8000
046850,台積電元大93購11,0,0,0,0,0,0,0,0,0,-8000,0,0,0,2000,10000,-8000,-8000
049701,聯茂元大94購05  ,0,0,0,0,0,0,0,0,0,-8000,0,0,0,0,8000,-8000,-8000
050024,旺宏元大94購09  ,0,0,0,0,0,0,0,0,0,-8000,0,0,0,49000,57000,-8000,-8000
050015,友達富邦95購01  ,0,0,0,0,0,0,0,0,0,-8000,0,0,0,0,8000,-8000,-8000
050124,元金2X凱基95購01,0,0,0,0,0,0,0,0,0,-8000,0,0,0,23000,31000,-8000,-8000
049099,華新科國泰95購02,0,0,0,0,0,0,0,0,0,-8000,0,0,0,43000,51000,-8000,-8000
048691,智伸科群益94購01,0,0,0,0,0,0,0,0,0,-8000,0,0,0,12000,20000,-8000,-8000
049576,元油2X元大94購06,0,0,0,0,0,0,0,0,0,-8000,0,0,0,499000,507000,-8000,-8000
05265P,正崴元大95售03  ,0,0,0,0,0,0,0,0,0,-8000,0,0,0,7000,15000,-8000,-8000
05261P,鴻海元大95售20  ,0,0,0,0,0,0,0,0,0,-8000,0,0,0,200000,208000,-8000,-8000
052792,大立光兆豐96購01,0,0,0,0,0,0,0,0,0,-8000,0,0,0,0,8000,-8000,-8000
05199P,訊芯永豐95售02  ,0,0,0,0,0,0,0,0,0,-8000,0,0,0,496000,504000,-8000,-8000
051209,百和麥證95購01  ,0,0,0,0,8000,-8000,0,0,0,-8000,0,0,0,0,8000,-8000,-8000
051707,欣興群益95購02  ,0,0,0,0,0,0,0,0,0,-8000,0,0,0,22000,30000,-8000,-8000
051618,智邦凱基95購06  ,0,0,0,0,0,0,0,0,0,-8000,0,0,0,88000,96000,-8000,-8000
050813,旺宏凱基96購01  ,0,0,0,0,0,0,0,0,0,-8000,0,0,0,42000,50000,-8000,-8000
050907,臺股指元大95購14,0,0,0,0,0,0,0,0,0,-8000,0,0,0,2000,10000,-8000,-8000
6414,樺漢            ,143000,154000,-11000,0,0,0,0,0,0,3000,29000,23000,6000,27000,30000,-3000,-8000
1472,三洋紡          ,2000,7000,-5000,0,0,0,0,0,0,-3000,1000,4000,-3000,0,0,0,-8000
1817,凱撒衛          ,3000,11000,-8000,0,0,0,0,0,0,0,0,0,0,0,0,0,-8000
06426P,T50正2元大9B售01,0,0,0,0,0,0,0,0,0,-8000,0,0,0,0,8000,-8000,-8000
08484P,台灣50中信96售01,0,0,0,0,0,0,0,0,0,-8000,0,0,0,12000,20000,-8000,-8000
2851,中再保          ,39000,55000,-16000,0,0,0,0,0,0,8000,8000,0,8000,0,0,0,-8000
056336,南亞科凱基98購02,0,0,0,0,0,0,0,0,0,-8000,0,0,0,0,8000,-8000,-8000
056258,訊芯元富97購04  ,0,0,0,0,0,0,0,0,0,-8000,0,0,0,0,8000,-8000,-8000
056092,亞德客元富97購02,0,0,0,0,0,0,0,0,0,-8000,0,0,0,12000,20000,-8000,-8000
056107,智易永豐97購02  ,0,0,0,0,0,0,0,0,0,-8000,0,0,0,22000,30000,-8000,-8000
05856P,A50正2中信99售01,0,0,0,0,0,0,0,0,0,-8000,0,0,0,7000,15000,-8000,-8000
06203P,奇力新中信98售02,0,0,0,0,0,0,0,0,0,-8000,0,0,0,0,8000,-8000,-8000
06158P,玉晶光元富97售08,0,0,0,0,0,0,0,0,0,-8000,0,0,0,27000,35000,-8000,-8000
053465,聯電元大96購05  ,0,0,0,0,0,0,0,0,0,-9000,0,0,0,499000,508000,-9000,-9000
053730,樺漢凱基98購01  ,0,0,0,0,0,0,0,0,0,-9000,0,0,0,1000,10000,-9000,-9000
054272,華通中信98購01  ,0,0,0,0,0,0,0,0,0,-9000,0,0,0,11000,20000,-9000,-9000
053889,致茂群益97購01  ,0,0,0,0,0,0,0,0,0,-9000,0,0,0,33000,42000,-9000,-9000
055055,精元永豐97購01  ,0,0,0,0,0,0,0,0,0,-9000,0,0,0,17000,26000,-9000,-9000
054689,華新科永豐97購01,0,0,0,0,0,0,0,0,0,-9000,0,0,0,54000,63000,-9000,-9000
054496,為升永豐96購01  ,0,0,0,0,0,0,0,0,0,-9000,0,0,0,0,9000,-9000,-9000
055277,旺宏元大97購04  ,0,0,0,0,0,0,0,0,0,-9000,0,0,0,1000,10000,-9000,-9000
055445,旺宏統一99購01  ,0,0,0,0,0,0,0,0,0,-9000,0,0,0,56000,65000,-9000,-9000
055463,國喬凱基97購01  ,0,0,0,0,0,0,0,0,0,-9000,0,0,0,5000,14000,-9000,-9000
04429P,和鑫元大94售01  ,0,0,0,0,0,0,0,0,0,-9000,0,0,0,41000,50000,-9000,-9000
046375,友達凱基98購01  ,0,0,0,0,0,0,0,0,0,-9000,0,0,0,7000,16000,-9000,-9000
044909,玉晶光凱基93購02,0,0,0,0,0,0,0,0,0,-9000,0,0,0,11000,20000,-9000,-9000
045627,聯電凱基93購03  ,0,0,0,0,0,0,0,0,0,-9000,0,0,0,1000,10000,-9000,-9000
043971,友達富邦92購01  ,0,0,0,0,0,0,0,0,0,-9000,0,0,0,0,9000,-9000,-9000
04109P,臺股指永昌93售04,502000,1000,501000,0,0,0,0,0,0,-510000,1000,0,1000,0,511000,-511000,-9000
04340P,易華電元大94售02,0,0,0,0,0,0,0,0,0,-9000,0,0,0,401000,410000,-9000,-9000
04322P,可成元大94售01  ,0,0,0,0,0,0,0,0,0,-9000,0,0,0,0,9000,-9000,-9000
00700,富邦恒生國企    ,0,0,0,0,0,0,0,0,0,-9000,0,0,0,0,9000,-9000,-9000
0053,元大電子        ,0,0,0,0,0,0,0,0,0,-9000,0,0,0,1000,10000,-9000,-9000
03075X,元展70          ,0,0,0,0,0,0,0,0,0,-9000,0,0,0,91000,100000,-9000,-9000
049654,臺股指凱基94購15,0,0,0,0,0,0,0,0,0,-9000,0,0,0,0,9000,-9000,-9000
04959P,可成凱基94售14  ,0,0,0,0,0,0,0,0,0,-9000,0,0,0,0,9000,-9000,-9000
047898,嘉澤群益93購02  ,0,0,0,0,0,0,0,0,0,-9000,0,0,0,11000,20000,-9000,-9000
050058,國巨凱基94購06  ,0,0,0,0,0,0,0,0,0,-9000,0,0,0,0,9000,-9000,-9000
050097,可成國泰96購02  ,0,0,0,0,0,0,0,0,0,-9000,0,0,0,61000,70000,-9000,-9000
049769,和鑫元富96購01  ,0,0,0,0,0,0,0,0,0,-9000,0,0,0,1000,10000,-9000,-9000
047671,T50反1統一93購04,0,0,0,0,0,0,0,0,0,-9000,0,0,0,0,9000,-9000,-9000
048910,和鑫富邦98購01  ,0,0,0,0,0,0,0,0,0,-9000,0,0,0,21000,30000,-9000,-9000
048292,微星群益93購01  ,0,0,0,0,0,0,0,0,0,-9000,0,0,0,1000,10000,-9000,-9000
048757,美利達元富96購01,0,0,0,0,0,0,0,0,0,-9000,0,0,0,1000,10000,-9000,-9000
048978,晶相光元大94購02,0,0,0,0,0,0,0,0,0,-9000,0,0,0,1000,10000,-9000,-9000
049297,日電貿群益95購01,0,0,0,0,0,0,0,0,0,-9000,0,0,0,9000,18000,-9000,-9000
05088P,大立光富邦99售01,0,0,0,0,0,0,0,0,0,-9000,0,0,0,1000,10000,-9000,-9000
050946,瑞昱群益95購01  ,0,0,0,0,0,0,0,0,0,-9000,0,0,0,147000,156000,-9000,-9000
050514,聯電元大94購01  ,0,0,0,0,0,0,0,0,0,-9000,0,0,0,1000,10000,-9000,-9000
050718,茂林群益94購04  ,0,0,0,0,0,0,0,0,0,-9000,0,0,0,1000,10000,-9000,-9000
051579,宏碁元大95購01  ,0,0,0,0,0,0,0,0,0,-9000,0,0,0,135000,144000,-9000,-9000
051690,超眾凱基95購03  ,0,0,0,0,0,0,0,0,0,-9000,0,0,0,0,9000,-9000,-9000
051434,中磊元富95購02  ,0,0,0,0,0,0,0,0,0,-9000,0,0,0,11000,20000,-9000,-9000
052136,瑞儀凱基95購01  ,0,0,0,0,0,0,0,0,0,-9000,0,0,0,1000,10000,-9000,-9000
052259,深100富邦95購01 ,0,0,0,0,0,0,0,0,0,-9000,0,0,0,0,9000,-9000,-9000
052274,大立光群益95購03,0,0,0,0,0,0,0,0,0,-9000,0,0,0,14000,23000,-9000,-9000
052378,矽力元大96購01  ,0,0,0,0,0,0,0,0,0,-9000,0,0,0,2000,11000,-9000,-9000
05285P,同欣電群益95售02,0,0,0,0,0,0,0,0,0,-9000,0,0,0,0,9000,-9000,-9000
052826,嘉聯益永豐96購01,0,0,0,0,0,0,0,0,0,-9000,0,0,0,0,9000,-9000,-9000
052719,致新凱基96購01  ,0,0,0,0,0,0,0,0,0,-9000,0,0,0,21000,30000,-9000,-9000
06136P,華新科國泰99售02,0,0,0,0,0,0,0,0,0,-9000,0,0,0,125000,134000,-9000,-9000
06126P,凌陽元富97售02  ,0,0,0,0,0,0,0,0,0,-9000,0,0,0,1000,10000,-9000,-9000
06264P,友達凱基98售06  ,0,0,0,0,0,0,0,0,0,-9000,0,0,0,0,9000,-9000,-9000
06251P,臺股指永昌97售03,0,0,0,0,0,0,0,0,0,-9000,0,0,0,1000,10000,-9000,-9000
06370P,貿聯凱基97售03  ,0,0,0,0,0,0,0,0,0,-9000,0,0,0,1000,10000,-9000,-9000
05782P,聯詠元富96售02  ,0,0,0,0,0,0,0,0,0,-9000,0,0,0,14000,23000,-9000,-9000
05784P,臺股指元大96售18,0,0,0,0,0,0,0,0,0,-9000,0,0,0,1000,10000,-9000,-9000
056285,可成永豐97購02  ,0,0,0,0,0,0,0,0,0,-9000,0,0,0,1000,10000,-9000,-9000
056390,台積電富邦9B購01,0,0,0,0,0,0,0,0,0,-9000,0,0,0,0,9000,-9000,-9000
055740,智易元富97購01  ,0,0,0,0,0,0,0,0,0,-9000,0,0,0,0,9000,-9000,-9000
2748,雲品            ,6000,15000,-9000,0,0,0,0,1000,-1000,1000,1000,0,1000,0,0,0,-9000
2302,麗正            ,0,10000,-10000,0,0,0,0,0,0,1000,1000,0,1000,0,0,0,-9000
1101B,台泥乙特        ,0,0,0,0,0,0,0,0,0,-9000,2000,11000,-9000,0,0,0,-9000
2015,豐興            ,75000,119000,-44000,0,0,0,0,0,0,35000,35000,0,35000,0,0,0,-9000
6442,光聖            ,1000,9000,-8000,0,0,0,0,0,0,-1000,0,1000,-1000,0,0,0,-9000
5515,建國            ,11000,27000,-16000,0,0,0,0,0,0,7000,7000,0,7000,0,0,0,-9000
9136,巨騰-DR         ,1000,10000,-9000,0,0,0,0,0,0,0,0,0,0,0,0,0,-9000
9912,偉聯            ,1000,6000,-5000,0,0,0,0,0,0,-4000,0,4000,-4000,0,0,0,-9000
055464,聚陽凱基97購01  ,0,0,0,0,0,0,0,0,0,-10000,0,0,0,0,10000,-10000,-10000
055434,樺漢群益97購01  ,0,0,0,0,0,0,0,0,0,-10000,0,0,0,0,10000,-10000,-10000
055493,華新科元大97購09,0,0,0,0,0,0,0,0,0,-10000,0,0,0,90000,100000,-10000,-10000
055562,欣興凱基97購06  ,0,0,0,0,0,0,0,0,0,-10000,0,0,0,2000,12000,-10000,-10000
055524,鴻海群益98購01  ,0,0,0,0,0,0,0,0,0,-10000,0,0,0,0,10000,-10000,-10000
055516,上銀中信97購01  ,0,0,0,0,0,0,0,0,0,-10000,0,0,0,48000,58000,-10000,-10000
055679,華通凱基99購01  ,0,0,0,0,0,0,0,0,0,-10000,0,0,0,0,10000,-10000,-10000
055693,南茂凱基97購01  ,0,0,0,0,0,0,0,0,0,-10000,0,0,0,10000,20000,-10000,-10000
055599,TPK元大97購01   ,0,0,0,0,0,0,0,0,0,-10000,0,0,0,0,10000,-10000,-10000
055275,台積電元大97購19,0,0,0,0,0,0,0,0,0,-10000,0,0,0,100000,110000,-10000,-10000
055276,台積電元大97購20,0,0,0,0,0,0,0,0,0,-10000,0,0,0,1000,11000,-10000,-10000
055385,昇陽半元大98購01,0,0,0,0,0,0,0,0,0,-10000,0,0,0,0,10000,-10000,-10000
054544,統一中信97購01  ,0,0,0,0,0,0,0,0,0,-10000,0,0,0,0,10000,-10000,-10000
054697,凌華永豐97購01  ,0,0,0,0,0,0,0,0,0,-10000,0,0,0,50000,60000,-10000,-10000
054677,智易台新98購02  ,0,0,0,0,0,0,0,0,0,-10000,0,0,0,63000,73000,-10000,-10000
054655,貿聯麥證98購01  ,0,0,0,10000,20000,-10000,0,0,0,-10000,0,0,0,10000,20000,-10000,-10000
054752,易華電凱基97購02,0,0,0,0,0,0,0,0,0,-10000,0,0,0,0,10000,-10000,-10000
054727,台積電日盛97購02,0,0,0,0,0,0,0,0,0,-10000,0,0,0,0,10000,-10000,-10000
054765,亞光國票98購02  ,0,0,0,0,0,0,0,0,0,-10000,0,0,0,0,10000,-10000,-10000
054777,昇陽半國票98購01,0,0,0,0,0,0,0,0,0,-10000,0,0,0,0,10000,-10000,-10000
054801,康友群益97購02  ,0,0,0,0,0,0,0,0,0,-10000,0,0,0,20000,30000,-10000,-10000
055053,瑞昱永豐97購01  ,0,0,0,0,0,0,0,0,0,-10000,0,0,0,235000,245000,-10000,-10000
055066,佐登永豐97購01  ,0,0,0,0,0,0,0,0,0,-10000,0,0,0,0,10000,-10000,-10000
055064,碩天永豐97購01  ,0,0,0,0,0,0,0,0,0,-10000,0,0,0,0,10000,-10000,-10000
055099,可成日盛97購01  ,0,0,0,0,0,0,0,0,0,-10000,0,0,0,0,10000,-10000,-10000
055000,玉晶光元富97購04,0,0,0,0,0,0,0,0,0,-10000,0,0,0,0,10000,-10000,-10000
055014,達興元富97購01  ,0,0,0,0,0,0,0,0,0,-10000,0,0,0,0,10000,-10000,-10000
055031,南港富邦99購01  ,0,0,0,0,0,0,0,0,0,-10000,0,0,0,10000,20000,-10000,-10000
054885,建準統一98購01  ,0,0,0,0,0,0,0,0,0,-10000,0,0,0,0,10000,-10000,-10000
054846,瑞昱兆豐97購01  ,0,0,0,0,0,0,0,0,0,-10000,0,0,0,20000,30000,-10000,-10000
054858,台肥群益97購01  ,0,0,0,0,0,0,0,0,0,-10000,0,0,0,0,10000,-10000,-10000
054823,祥碩元大97購02  ,0,0,0,0,0,0,0,0,0,-10000,0,0,0,100000,110000,-10000,-10000
054920,智原凱基98購01  ,0,0,0,0,0,0,0,0,0,-10000,0,0,0,40000,50000,-10000,-10000
054953,華新科元大97購05,0,0,0,0,0,0,0,0,0,-10000,0,0,0,200000,210000,-10000,-10000
053981,康控元大96購05  ,0,0,0,0,0,0,0,0,0,-10000,0,0,0,5000,15000,-10000,-10000
05398P,康控國票96售03  ,0,0,0,0,0,0,0,0,0,-10000,0,0,0,0,10000,-10000,-10000
05406P,台光電凱基95售02,0,0,0,0,0,0,0,0,0,-10000,0,0,0,0,10000,-10000,-10000
054031,中鋼中信98購01  ,0,0,0,0,0,0,0,0,0,-10000,0,0,0,0,10000,-10000,-10000
054162,光罩凱基98購01  ,0,0,0,0,0,0,0,0,0,-10000,0,0,0,0,10000,-10000,-10000
054146,康友元大96購06  ,0,0,0,0,0,0,0,0,0,-10000,0,0,0,150000,160000,-10000,-10000
054151,瑞昱國泰97購01  ,0,0,0,0,0,0,0,0,0,-10000,0,0,0,48000,58000,-10000,-10000
054130,漢唐元大97購02  ,0,0,0,0,0,0,0,0,0,-10000,0,0,0,0,10000,-10000,-10000
054373,富邦金中信97購01,0,0,0,0,0,0,0,0,0,-10000,0,0,0,0,10000,-10000,-10000
054362,亞光凱基96購03  ,0,0,0,0,0,0,0,0,0,-10000,0,0,0,20000,30000,-10000,-10000
054326,宏達電台新97購02,0,0,0,0,0,0,0,0,0,-10000,0,0,0,0,10000,-10000,-10000
054468,台郡凱基98購01  ,0,0,0,0,0,0,0,0,0,-10000,0,0,0,0,10000,-10000,-10000
05445P,聯詠元大95售05  ,0,0,0,0,0,0,0,0,0,-10000,0,0,0,335000,345000,-10000,-10000
053733,華邦電中信98購01,0,0,0,0,0,0,0,0,0,-10000,0,0,0,0,10000,-10000,-10000
053709,台達電凱基96購04,0,0,0,0,0,0,0,0,0,-10000,0,0,0,0,10000,-10000,-10000
053674,臺股指元富96購01,0,0,0,0,0,0,0,0,0,-10000,0,0,0,0,10000,-10000,-10000
053663,臺股指凱基96購24,0,0,0,0,0,0,0,0,0,-10000,0,0,0,0,10000,-10000,-10000
053677,同欣電國泰97購01,0,0,0,0,0,0,0,0,0,-10000,0,0,0,0,10000,-10000,-10000
053802,南亞科凱基96購04,0,0,0,0,0,0,0,0,0,-10000,0,0,0,20000,30000,-10000,-10000
053546,台積電凱基96購13,0,0,0,0,0,0,0,0,0,-10000,0,0,0,10000,20000,-10000,-10000
053578,華新元大98購01  ,0,0,0,0,0,0,0,0,0,-10000,0,0,0,100000,110000,-10000,-10000
053579,華通元大97購01  ,0,0,0,0,0,0,0,0,0,-10000,0,0,0,47000,57000,-10000,-10000
05362P,可成富邦97售02  ,0,0,0,0,0,0,0,0,0,-10000,0,0,0,0,10000,-10000,-10000
053453,新光金統一98購01,0,0,0,0,0,0,0,0,0,-10000,0,0,0,0,10000,-10000,-10000
053412,台達電國票97購02,0,0,0,0,0,0,0,0,0,-10000,0,0,0,0,10000,-10000,-10000
053332,創意永豐96購03  ,0,0,0,0,0,0,0,0,0,-10000,0,0,0,5000,15000,-10000,-10000
053364,友達國泰98購01  ,0,0,0,0,0,0,0,0,0,-10000,0,0,0,153000,163000,-10000,-10000
053384,聯發科元大96購13,0,0,0,0,0,0,0,0,0,-10000,0,0,0,0,10000,-10000,-10000
05317P,臺股指永昌95售02,0,0,0,0,0,0,0,0,0,-10000,0,0,0,0,10000,-10000,-10000
053300,大成鋼凱基96購02,0,0,0,0,0,0,0,0,0,-10000,0,0,0,0,10000,-10000,-10000
03111P,元油2X富邦97售01,0,0,0,0,0,0,0,0,0,-10000,0,0,0,0,10000,-10000,-10000
03165P,台表科元大01售06,0,0,0,0,0,0,0,0,0,-10000,0,0,0,0,10000,-10000,-10000
03029X,元展26          ,0,0,0,0,0,0,0,0,0,-10000,0,0,0,0,10000,-10000,-10000
03750P,臻鼎凱基93售04  ,0,0,0,0,0,0,0,0,0,-10000,0,0,0,0,10000,-10000,-10000
03678P,欣興元大92售09  ,0,0,0,0,0,0,0,0,0,-10000,0,0,0,0,10000,-10000,-10000
03584P,聯發科元大02售22,0,0,0,0,0,0,0,0,0,-10000,0,0,0,0,10000,-10000,-10000
03578P,創意元富08售04  ,0,0,0,0,0,0,0,0,0,-10000,0,0,0,0,10000,-10000,-10000
00757,統一FANG+       ,0,0,0,0,0,0,0,0,0,-10000,0,0,0,217000,227000,-10000,-10000
03562P,台灣50群益02售13,0,0,0,0,0,0,0,0,0,-10000,0,0,0,0,10000,-10000,-10000
04318P,大成鋼永豐93售02,0,0,0,0,0,0,0,0,0,-10000,0,0,0,0,10000,-10000,-10000
043144,台肥統一93購01  ,0,0,0,0,0,0,0,0,0,-10000,0,0,0,0,10000,-10000,-10000
03512P,臺股指國票02售01,0,0,0,0,0,0,0,0,0,-10000,0,0,0,0,10000,-10000,-10000
03367P,臺股指元大02售10,0,0,0,0,0,0,0,0,0,-10000,0,0,0,0,10000,-10000,-10000
03219P,台積電康和02售01,0,0,0,0,0,0,0,0,0,-10000,0,0,0,0,10000,-10000,-10000
03318P,台積電元富08售12,0,0,0,0,0,0,0,0,0,-10000,0,0,0,10000,20000,-10000,-10000
03292P,欣興元大02售03  ,0,0,0,0,0,0,0,0,0,-10000,0,0,0,0,10000,-10000,-10000
043454,上銀元大92購02  ,0,0,0,0,0,0,0,0,0,-10000,0,0,0,0,10000,-10000,-10000
043468,華新科元大92購03,0,0,0,0,0,0,0,0,0,-10000,0,0,0,0,10000,-10000,-10000
04350P,欣興國票94售01  ,0,0,0,0,0,0,0,0,0,-10000,0,0,0,0,10000,-10000,-10000
043598,華新科元大92購05,0,0,0,0,0,0,0,0,0,-10000,0,0,0,0,10000,-10000,-10000
043538,元石油國票97購01,0,0,0,0,0,0,0,0,0,-10000,0,0,0,0,10000,-10000,-10000
04373P,滬深2X元大97售01,0,0,0,0,0,0,0,0,0,-10000,0,0,0,150000,160000,-10000,-10000
043895,鴻海群益92購01  ,0,0,0,0,0,0,0,0,0,-10000,0,0,0,0,10000,-10000,-10000
043889,台表科元大93購01,0,0,0,0,0,0,0,0,0,-10000,0,0,0,0,10000,-10000,-10000
04107P,元黃金中信94售01,0,0,0,0,0,0,0,0,0,-10000,0,0,0,0,10000,-10000,-10000
041206,樺漢統一92購01  ,0,0,0,0,0,0,0,0,0,-10000,0,0,0,0,10000,-10000,-10000
04148P,GIS凱基93售05   ,0,0,0,0,0,0,0,0,0,-10000,0,0,0,0,10000,-10000,-10000
041921,台灣50凱基93購04,0,0,0,0,0,0,0,0,0,-10000,0,0,0,0,10000,-10000,-10000
04166P,美利達元富93售03,0,0,0,0,0,0,0,0,0,-10000,0,0,0,0,10000,-10000,-10000
042692,台灣50凱基96購09,0,0,0,0,0,0,0,0,0,-10000,0,0,0,0,10000,-10000,-10000
042711,台灣50國票93購01,0,0,0,0,0,0,0,0,0,-10000,0,0,0,0,10000,-10000,-10000
04252P,台達電元富93售02,0,0,0,0,0,0,0,0,0,-10000,0,0,0,3000,13000,-10000,-10000
042618,台灣50群益92購04,0,0,0,0,0,0,0,0,0,-10000,0,0,0,0,10000,-10000,-10000
042516,健策凱基93購01  ,0,0,0,0,0,0,0,0,0,-10000,0,0,0,0,10000,-10000,-10000
03975P,大立光元大94售02,0,0,0,0,0,0,0,0,0,-10000,0,0,0,998000,1008000,-10000,-10000
045588,健策元大93購01  ,0,0,0,0,0,0,0,0,0,-10000,0,0,0,30000,40000,-10000,-10000
045591,彩晶元大93購01  ,0,0,0,0,0,0,0,0,0,-10000,0,0,0,0,10000,-10000,-10000
046633,健策元富93購01  ,0,0,0,0,0,0,0,0,0,-10000,0,0,0,0,10000,-10000,-10000
044037,大立光群益92購01,0,0,0,0,0,0,0,0,0,-10000,0,0,0,0,10000,-10000,-10000
046538,大立光群益93購06,0,0,0,0,0,0,0,0,0,-10000,0,0,0,7000,17000,-10000,-10000
046541,超眾群益93購01  ,0,0,0,0,0,0,0,0,0,-10000,0,0,0,0,10000,-10000,-10000
046579,台積電元大92購32,0,0,0,0,0,0,0,0,0,-10000,0,0,0,0,10000,-10000,-10000
04657P,國巨永豐94售03  ,0,0,0,0,0,0,0,0,0,-10000,0,0,0,0,10000,-10000,-10000
046560,南亞科凱基92購04,0,0,0,0,0,0,0,0,0,-10000,0,0,0,20000,30000,-10000,-10000
046617,台積電凱基93購01,0,0,0,0,0,0,0,0,0,-10000,0,0,0,0,10000,-10000,-10000
042295,大立光元大92購04,0,0,0,0,0,0,0,0,0,-10000,0,0,0,10000,20000,-10000,-10000
04237P,超眾群益93售02  ,0,0,0,0,0,0,0,0,0,-10000,0,0,0,0,10000,-10000,-10000
042085,台灣50凱基92購02,0,0,0,0,0,0,0,0,0,-10000,0,0,0,0,10000,-10000,-10000
045464,聯發科元大92購09,0,0,0,0,0,0,0,0,0,-10000,0,0,0,10000,20000,-10000,-10000
045437,大立光統一94購02,0,0,0,0,0,0,0,0,0,-10000,0,0,0,0,10000,-10000,-10000
045345,新光金凱基92購01,0,0,0,0,0,0,0,0,0,-10000,0,0,0,0,10000,-10000,-10000
045401,大立光兆豐93購01,0,0,0,0,0,0,0,0,0,-10000,0,0,0,0,10000,-10000,-10000
04491P,光磊康和94售01  ,0,0,0,0,0,0,0,0,0,-10000,0,0,0,0,10000,-10000,-10000
044900,建準凱基93購01  ,0,0,0,0,0,0,0,0,0,-10000,0,0,0,0,10000,-10000,-10000
04483P,元油2X凱基97售04,0,0,0,0,0,0,0,0,0,-10000,0,0,0,1620000,1630000,-10000,-10000
04572P,T50反1統一94售06,0,0,0,0,0,0,0,0,0,-10000,0,0,0,0,10000,-10000,-10000
045843,燿華台新92購01  ,0,0,0,0,0,0,0,0,0,-10000,0,0,0,0,10000,-10000,-10000
045818,鴻海凱基93購10  ,0,0,0,0,0,0,0,0,0,-10000,0,0,0,0,10000,-10000,-10000
046206,為升國泰93購01  ,0,0,0,0,0,0,0,0,0,-10000,0,0,0,0,10000,-10000,-10000
046229,大立光元大92購19,0,0,0,0,0,0,0,0,0,-10000,0,0,0,0,10000,-10000,-10000
046264,美律凱基93購05  ,0,0,0,0,0,0,0,0,0,-10000,0,0,0,0,10000,-10000,-10000
045677,聯發科元大92購10,0,0,0,0,0,0,0,0,0,-10000,0,0,0,0,10000,-10000,-10000
045679,欣興元大94購01  ,0,0,0,0,0,0,0,0,0,-10000,0,0,0,149000,159000,-10000,-10000
045673,燿華元大92購03  ,0,0,0,0,0,0,0,0,0,-10000,0,0,0,10000,20000,-10000,-10000
045182,瑞昱統一92購05  ,0,0,0,0,0,0,0,0,0,-10000,0,0,0,0,10000,-10000,-10000
045199,可成凱基92購02  ,0,0,0,0,0,0,0,0,0,-10000,0,0,0,0,10000,-10000,-10000
045158,和碩凱基92購01  ,0,0,0,0,0,0,0,0,0,-10000,0,0,0,0,10000,-10000,-10000
046659,瑞昱元大93購02  ,0,0,0,0,0,0,0,0,0,-10000,0,0,0,20000,30000,-10000,-10000
045250,華通凱基94購01  ,0,0,0,0,0,0,0,0,0,-10000,0,0,0,0,10000,-10000,-10000
045219,瑞昱元大92購01  ,0,0,0,0,0,0,0,0,0,-10000,0,0,0,0,10000,-10000,-10000
045229,和碩元大92購01  ,0,0,0,0,0,0,0,0,0,-10000,0,0,0,0,10000,-10000,-10000
045343,可成凱基92購05  ,0,0,0,0,0,0,0,0,0,-10000,0,0,0,0,10000,-10000,-10000
045333,A50正2日盛92購01,0,0,0,0,0,0,0,0,0,-10000,0,0,0,0,10000,-10000,-10000
045319,鴻海統一92購04  ,0,0,0,0,0,0,0,0,0,-10000,0,0,0,0,10000,-10000,-10000
045311,GIS元大94購01   ,0,0,0,0,0,0,0,0,0,-10000,0,0,0,646000,656000,-10000,-10000
045309,訊芯元大92購01  ,0,0,0,0,0,0,0,0,0,-10000,0,0,0,0,10000,-10000,-10000
045303,華新科元大92購10,0,0,0,0,0,0,0,0,0,-10000,0,0,0,0,10000,-10000,-10000
046356,智伸科群益93購01,0,0,0,0,0,0,0,0,0,-10000,0,0,0,10000,20000,-10000,-10000
046320,明泰元大92購02  ,0,0,0,0,0,0,0,0,0,-10000,0,0,0,16000,26000,-10000,-10000
046326,智伸科元大92購03,0,0,0,0,0,0,0,0,0,-10000,0,0,0,10000,20000,-10000,-10000
046283,TPK永豐92購01   ,0,0,0,0,0,0,0,0,0,-10000,0,0,0,0,10000,-10000,-10000
046287,禾伸堂兆豐92購01,0,0,0,0,0,0,0,0,0,-10000,0,0,0,0,10000,-10000,-10000
04628P,欣興元大95售01  ,0,0,0,0,0,0,0,0,0,-10000,0,0,0,250000,260000,-10000,-10000
046306,瑞昱元大92購02  ,0,0,0,0,0,0,0,0,0,-10000,0,0,0,0,10000,-10000,-10000
046307,瑞昱元大92購03  ,0,0,0,0,0,0,0,0,0,-10000,0,0,0,10000,20000,-10000,-10000
046322,群創元大92購08  ,0,0,0,0,0,0,0,0,0,-10000,0,0,0,10000,20000,-10000,-10000
046313,華新科元大92購11,0,0,0,0,0,0,0,0,0,-10000,0,0,0,0,10000,-10000,-10000
046492,旺宏富邦94購02  ,0,0,0,0,0,0,0,0,0,-10000,0,0,0,0,10000,-10000,-10000
046496,鴻海元大92購16  ,0,0,0,0,0,0,0,0,0,-10000,0,0,0,0,10000,-10000,-10000
046420,群創元大92購10  ,0,0,0,0,0,0,0,0,0,-10000,0,0,0,0,10000,-10000,-10000
046433,康友中信92購01  ,0,0,0,0,0,0,0,0,0,-10000,0,0,0,10000,20000,-10000,-10000
046455,瑞昱凱基92購03  ,0,0,0,0,0,0,0,0,0,-10000,0,0,0,0,10000,-10000,-10000
046448,亞德客凱基92購03,0,0,0,0,0,0,0,0,0,-10000,0,0,0,0,10000,-10000,-10000
046114,燿華元大92購04  ,0,0,0,0,0,0,0,0,0,-10000,0,0,0,0,10000,-10000,-10000
046138,鴻海統一92購07  ,0,0,0,0,0,0,0,0,0,-10000,0,0,0,0,10000,-10000,-10000
046121,大立光元大92購18,0,0,0,0,0,0,0,0,0,-10000,0,0,0,0,10000,-10000,-10000
046105,同欣電永豐92購02,0,0,0,0,0,0,0,0,0,-10000,0,0,0,0,10000,-10000,-10000
046173,聯發科永豐92購01,0,0,0,0,0,0,0,0,0,-10000,0,0,0,0,10000,-10000,-10000
04425P,中環康和94售01  ,0,0,0,0,0,0,0,0,0,-10000,0,0,0,0,10000,-10000,-10000
044265,滬深2X中信95購05,0,0,0,0,0,0,0,0,0,-10000,0,0,0,0,10000,-10000,-10000
046082,矽力凱基92購01  ,0,0,0,0,0,0,0,0,0,-10000,0,0,0,0,10000,-10000,-10000
046092,智伸科兆豐92購01,0,0,0,0,0,0,0,0,0,-10000,0,0,0,0,10000,-10000,-10000
044126,奇力新凱基93購01,0,0,0,0,0,0,0,0,0,-10000,0,0,0,9000,19000,-10000,-10000
044124,燿華凱基93購01  ,0,0,0,0,0,0,0,0,0,-10000,0,0,0,10000,20000,-10000,-10000
044624,華新科元大92購07,0,0,0,0,0,0,0,0,0,-10000,0,0,0,0,10000,-10000,-10000
046027,旺宏元大92購08  ,0,0,0,0,0,0,0,0,0,-10000,0,0,0,0,10000,-10000,-10000
046006,和碩統一92購01  ,0,0,0,0,0,0,0,0,0,-10000,0,0,0,0,10000,-10000,-10000
046058,訊芯群益92購01  ,0,0,0,0,0,0,0,0,0,-10000,0,0,0,0,10000,-10000,-10000
046037,大立光元大92購16,0,0,0,0,0,0,0,0,0,-10000,0,0,0,0,10000,-10000,-10000
045036,TPK群益93購02   ,0,0,0,0,0,0,0,0,0,-10000,0,0,0,0,10000,-10000,-10000
044689,超眾凱基93購03  ,0,0,0,0,0,0,0,0,0,-10000,0,0,0,15000,25000,-10000,-10000
044799,華邦電凱基93購01,0,0,0,0,0,0,0,0,0,-10000,0,0,0,0,10000,-10000,-10000
044801,微星凱基93購01  ,0,0,0,0,0,0,0,0,0,-10000,0,0,0,0,10000,-10000,-10000
045108,康友群益93購02  ,0,0,0,0,0,0,0,0,0,-10000,0,0,0,0,10000,-10000,-10000
045071,奇力新元大94購01,0,0,0,0,0,0,0,0,0,-10000,0,0,0,0,10000,-10000,-10000
044436,健策元大92購02  ,0,0,0,0,0,0,0,0,0,-10000,0,0,0,0,10000,-10000,-10000
045897,泰鼎元大93購04  ,0,0,0,0,0,0,0,0,0,-10000,0,0,0,31000,41000,-10000,-10000
045883,元油2X元大95購07,0,0,0,0,0,0,0,0,0,-10000,0,0,0,0,10000,-10000,-10000
04591P,上銀元大94售01  ,0,0,0,0,0,0,0,0,0,-10000,0,0,0,5000,15000,-10000,-10000
044563,亞德客凱基92購01,0,0,0,0,0,0,0,0,0,-10000,0,0,0,0,10000,-10000,-10000
044567,華通凱基93購03  ,0,0,0,0,0,0,0,0,0,-10000,0,0,0,0,10000,-10000,-10000
044440,臺股指元大92購07,0,0,0,0,0,0,0,0,0,-10000,0,0,0,0,10000,-10000,-10000
04595P,臺股指元大94售13,0,0,0,0,0,0,0,0,0,-10000,0,0,0,495000,505000,-10000,-10000
048559,京元電元大93購03,0,0,0,0,0,0,0,0,0,-10000,0,0,0,0,10000,-10000,-10000
048541,緯穎台新93購01  ,0,0,0,0,0,0,0,0,0,-10000,0,0,0,0,10000,-10000,-10000
048634,華通元大94購01  ,0,0,0,0,0,0,0,0,0,-10000,0,0,0,108000,118000,-10000,-10000
048589,國巨兆豐96購01  ,0,0,0,0,0,0,0,0,0,-10000,0,0,0,0,10000,-10000,-10000
048656,大立光元富93購05,0,0,0,0,0,0,0,0,0,-10000,0,0,0,0,10000,-10000,-10000
048194,華邦電元大94購04,0,0,0,0,0,0,0,0,0,-10000,0,0,0,0,10000,-10000,-10000
048379,台郡元富96購01  ,0,0,0,0,0,0,0,0,0,-10000,0,0,0,0,10000,-10000,-10000
04838P,宏達電元大95售02,0,0,0,0,0,0,0,0,0,-10000,0,0,0,109000,119000,-10000,-10000
048439,上銀凱基93購09  ,0,0,0,0,0,0,0,0,0,-10000,0,0,0,0,10000,-10000,-10000
048441,台積電凱基93購29,0,0,0,0,0,0,0,0,0,-10000,0,0,0,10000,20000,-10000,-10000
049292,鴻海群益94購04  ,0,0,0,0,0,0,0,0,0,-10000,0,0,0,0,10000,-10000,-10000
048708,智邦亞東94購01  ,0,0,0,0,0,0,0,0,0,-10000,0,0,0,0,10000,-10000,-10000
048710,奇力新台新94購01,0,0,0,0,0,0,0,0,0,-10000,0,0,0,0,10000,-10000,-10000
049235,元油2X元富96購05,0,0,0,0,0,0,0,0,0,-10000,0,0,0,0,10000,-10000,-10000
04923P,GIS凱基94售06   ,0,0,0,0,0,0,0,0,0,-10000,0,0,0,0,10000,-10000,-10000
049241,智邦元富94購01  ,0,0,0,0,0,0,0,0,0,-10000,0,0,0,20000,30000,-10000,-10000
049004,聯發科中信96購01,0,0,0,0,0,0,0,0,0,-10000,0,0,0,0,10000,-10000,-10000
049215,國巨國票94購03  ,0,0,0,0,0,0,0,0,0,-10000,0,0,0,0,10000,-10000,-10000
049185,南電凱基94購03  ,0,0,0,0,0,0,0,0,0,-10000,0,0,0,0,10000,-10000,-10000
048982,牧德元大94購02  ,0,0,0,0,0,0,0,0,0,-10000,0,0,0,0,10000,-10000,-10000
048955,慧洋康和94購01  ,0,0,0,0,0,0,0,0,0,-10000,0,0,0,0,10000,-10000,-10000
049337,台達電統一94購03,0,0,0,0,0,0,0,0,0,-10000,0,0,0,10000,20000,-10000,-10000
049330,元上證統一94購03,0,0,0,0,0,0,0,0,0,-10000,0,0,0,0,10000,-10000,-10000
049340,鴻海統一94購03  ,0,0,0,0,0,0,0,0,0,-10000,0,0,0,0,10000,-10000,-10000
049316,茂林凱基94購02  ,0,0,0,0,0,0,0,0,0,-10000,0,0,0,0,10000,-10000,-10000
047510,奇力新國票94購01,0,0,0,0,0,0,0,0,0,-10000,0,0,0,0,10000,-10000,-10000
048184,達運群益93購01  ,0,0,0,0,0,0,0,0,0,-10000,0,0,0,0,10000,-10000,-10000
047396,力成元大93購01  ,0,0,0,0,0,0,0,0,0,-10000,0,0,0,0,10000,-10000,-10000
048128,超眾元大95購01  ,0,0,0,0,0,0,0,0,0,-10000,0,0,0,342000,352000,-10000,-10000
048688,瑞昱群益94購01  ,0,0,0,0,0,0,0,0,0,-10000,0,0,0,0,10000,-10000,-10000
047813,華新科凱基93購07,0,0,0,0,0,0,0,0,0,-10000,0,0,0,21000,31000,-10000,-10000
047832,漢唐元大94購03  ,0,0,0,0,0,0,0,0,0,-10000,0,0,0,0,10000,-10000,-10000
047417,台塑富邦97購01  ,0,0,0,0,0,0,0,0,0,-10000,0,0,0,0,10000,-10000,-10000
047434,台積電元大93購21,0,0,0,0,0,0,0,0,0,-10000,0,0,0,30000,40000,-10000,-10000
048298,華通麥證94購01  ,0,0,0,0,10000,-10000,0,0,0,-10000,0,0,0,0,10000,-10000,-10000
048315,聯發科凱基93購32,0,0,0,0,0,0,0,0,0,-10000,0,0,0,108000,118000,-10000,-10000
046685,世紀鋼群益93購02,0,0,0,0,0,0,0,0,0,-10000,0,0,0,0,10000,-10000,-10000
046689,台積電麥證93購01,0,0,0,0,10000,-10000,0,0,0,-10000,0,0,0,0,10000,-10000,-10000
046662,大立光元大93購14,0,0,0,0,0,0,0,0,0,-10000,0,0,0,0,10000,-10000,-10000
048345,緯創元大94購01  ,0,0,0,0,0,0,0,0,0,-10000,0,0,0,50000,60000,-10000,-10000
049482,國巨元大94購06  ,0,0,0,0,0,0,0,0,0,-10000,0,0,0,10000,20000,-10000,-10000
048909,聯詠富邦94購01  ,0,0,0,0,0,0,0,0,0,-10000,0,0,0,0,10000,-10000,-10000
047634,亞德客元大93購01,0,0,0,0,0,0,0,0,0,-10000,0,0,0,100000,110000,-10000,-10000
048876,牧德國票95購02  ,0,0,0,0,0,0,0,0,0,-10000,0,0,0,0,10000,-10000,-10000
047636,台達電元大93購03,0,0,0,0,0,0,0,0,0,-10000,0,0,0,0,10000,-10000,-10000
047116,大立光元大93購19,0,0,0,0,0,0,0,0,0,-10000,0,0,0,0,10000,-10000,-10000
047103,台苯元大93購01  ,0,0,0,0,0,0,0,0,0,-10000,0,0,0,100000,110000,-10000,-10000
047167,農林康和93購01  ,0,0,0,0,0,0,0,0,0,-10000,0,0,0,2000,12000,-10000,-10000
04716P,中石化凱基94售01,0,0,0,0,0,0,0,0,0,-10000,0,0,0,0,10000,-10000,-10000
047156,群創國票94購01  ,0,0,0,0,0,0,0,0,0,-10000,0,0,0,0,10000,-10000,-10000
046756,廣達凱基93購01  ,0,0,0,0,0,0,0,0,0,-10000,0,0,0,0,10000,-10000,-10000
047674,群創元富96購02  ,0,0,0,0,0,0,0,0,0,-10000,0,0,0,0,10000,-10000,-10000
047675,群創元富96購03  ,0,0,0,0,0,0,0,0,0,-10000,0,0,0,20000,30000,-10000,-10000
047694,SP黃豆國票9B購01,0,0,0,0,0,0,0,0,0,-10000,0,0,0,0,10000,-10000,-10000
047695,聯發科國票93購06,0,0,0,0,0,0,0,0,0,-10000,0,0,0,0,10000,-10000,-10000
046909,聯茂凱基93購06  ,0,0,0,0,0,0,0,0,0,-10000,0,0,0,0,10000,-10000,-10000
046870,大立光統一95購01,0,0,0,0,0,0,0,0,0,-10000,0,0,0,0,10000,-10000,-10000
048831,玉晶光凱基95購01,0,0,0,0,0,0,0,0,0,-10000,0,0,0,0,10000,-10000,-10000
047287,貿聯統一95購01  ,0,0,0,0,0,0,0,0,0,-10000,0,0,0,0,10000,-10000,-10000
047239,瀚宇博凱基94購01,0,0,0,0,0,0,0,0,0,-10000,0,0,0,0,10000,-10000,-10000
047018,鴻海元大93購09  ,0,0,0,0,0,0,0,0,0,-10000,0,0,0,10000,20000,-10000,-10000
047007,大立光統一93購05,0,0,0,0,0,0,0,0,0,-10000,0,0,0,0,10000,-10000,-10000
049743,全新台新94購01  ,0,0,0,0,0,0,0,0,0,-10000,0,0,0,0,10000,-10000,-10000
049718,南亞科凱基94購04,0,0,0,0,0,0,0,0,0,-10000,0,0,0,110000,120000,-10000,-10000
049845,台積電麥證94購01,0,0,0,0,10000,-10000,0,0,0,-10000,0,0,0,0,10000,-10000,-10000
049811,聯鈞元大94購01  ,0,0,0,0,0,0,0,0,0,-10000,0,0,0,30000,40000,-10000,-10000
049979,美律凱基94購07  ,0,0,0,0,0,0,0,0,0,-10000,0,0,0,10000,20000,-10000,-10000
049997,聯發科永豐94購04,0,0,0,0,0,0,0,0,0,-10000,0,0,0,88000,98000,-10000,-10000
049954,健策群益95購01  ,0,0,0,0,0,0,0,0,0,-10000,0,0,0,3000,13000,-10000,-10000
050091,喬山永豐94購02  ,0,0,0,0,0,0,0,0,0,-10000,0,0,0,0,10000,-10000,-10000
050073,傳奇凱基94購02  ,0,0,0,0,0,0,0,0,0,-10000,0,0,0,0,10000,-10000,-10000
050141,國巨統一94購07  ,0,0,0,0,0,0,0,0,0,-10000,0,0,0,0,10000,-10000,-10000
050227,大立光中信96購01,5000,0,5000,0,0,0,0,0,0,-15000,0,0,0,0,15000,-15000,-10000
050175,台光電元大94購08,0,0,0,0,0,0,0,0,0,-10000,0,0,0,549000,559000,-10000,-10000
050322,世紀鋼國票95購01,0,0,0,0,0,0,0,0,0,-10000,0,0,0,0,10000,-10000,-10000
050343,鴻海元富94購01  ,0,0,0,0,0,0,0,0,0,-10000,0,0,0,73000,83000,-10000,-10000
047915,鴻海凱基93購27  ,0,0,0,0,0,0,0,0,0,-10000,0,0,0,0,10000,-10000,-10000
046940,瑞昱元大93購07  ,0,0,0,0,0,0,0,0,0,-10000,0,0,0,10000,20000,-10000,-10000
046933,台泥元富93購01  ,0,0,0,0,0,0,0,0,0,-10000,0,0,0,0,10000,-10000,-10000
046981,智伸科兆豐94購01,0,0,0,0,0,0,0,0,0,-10000,0,0,0,9000,19000,-10000,-10000
049123,可成元富94購01  ,0,0,0,0,0,0,0,0,0,-10000,0,0,0,0,10000,-10000,-10000
049124,可成元富94購02  ,0,0,0,0,0,0,0,0,0,-10000,0,0,0,0,10000,-10000,-10000
049377,聯詠元大94購01  ,0,0,0,0,0,0,0,0,0,-10000,0,0,0,10000,20000,-10000,-10000
049157,矽創元大95購01  ,0,0,0,0,0,0,0,0,0,-10000,0,0,0,100000,110000,-10000,-10000
049651,訊芯凱基94購04  ,0,0,0,0,0,0,0,0,0,-10000,0,0,0,0,10000,-10000,-10000
049640,大成鋼凱基94購02,0,0,0,0,0,0,0,0,0,-10000,0,0,0,0,10000,-10000,-10000
049624,嘉澤群益94購01  ,0,0,0,0,0,0,0,0,0,-10000,0,0,0,0,10000,-10000,-10000
049573,長榮航統一95購01,0,0,0,0,0,0,0,0,0,-10000,0,0,0,20000,30000,-10000,-10000
049509,台達電凱基94購07,0,0,0,0,0,0,0,0,0,-10000,0,0,0,0,10000,-10000,-10000
049494,華新科元大95購05,0,0,0,0,0,0,0,0,0,-10000,0,0,0,13000,23000,-10000,-10000
048051,大立光中信94購03,0,0,0,0,0,0,0,0,0,-10000,0,0,0,0,10000,-10000,-10000
048047,全新永豐93購02  ,0,0,0,0,0,0,0,0,0,-10000,0,0,0,0,10000,-10000,-10000
048028,聯發科凱基93購25,0,0,0,0,0,0,0,0,0,-10000,0,0,0,20000,30000,-10000,-10000
048091,漢唐凱基93購03  ,0,0,0,0,0,0,0,0,0,-10000,0,0,0,0,10000,-10000,-10000
048088,台積電凱基93購23,0,0,0,0,0,0,0,0,0,-10000,0,0,0,0,10000,-10000,-10000
048008,聯發科富邦95購02,0,0,0,0,0,0,0,0,0,-10000,0,0,0,0,10000,-10000,-10000
047992,東陽元大96購01  ,0,0,0,0,0,0,0,0,0,-10000,0,0,0,0,10000,-10000,-10000
046986,台積電凱基93購09,0,0,0,0,0,0,0,0,0,-10000,0,0,0,0,10000,-10000,-10000
04772P,欣興元大94售08  ,0,0,0,0,0,0,0,0,0,-10000,0,0,0,0,10000,-10000,-10000
052716,欣興凱基96購01  ,0,0,0,0,0,0,0,0,0,-10000,0,0,0,0,10000,-10000,-10000
052718,新唐凱基96購01  ,0,0,0,0,0,0,0,0,0,-10000,0,0,0,160000,170000,-10000,-10000
052703,貿聯國票97購01  ,0,0,0,0,0,0,0,0,0,-10000,0,0,0,0,10000,-10000,-10000
052690,台表科元大97購01,0,0,0,0,0,0,0,0,0,-10000,0,0,0,60000,70000,-10000,-10000
052657,友達元富96購01  ,0,0,0,0,0,0,0,0,0,-10000,0,0,0,0,10000,-10000,-10000
052607,大立光元大96購03,0,0,0,0,0,0,0,0,0,-10000,0,0,0,0,10000,-10000,-10000
052604,建準元大97購01  ,0,0,0,0,0,0,0,0,0,-10000,0,0,0,60000,70000,-10000,-10000
052564,美食日盛96購01  ,0,0,0,0,0,0,0,0,0,-10000,0,0,0,0,10000,-10000,-10000
05258P,臺股指凱基96售11,0,0,0,0,0,0,0,0,0,-10000,0,0,0,10000,20000,-10000,-10000
052877,矽創凱基96購01  ,0,0,0,0,0,0,0,0,0,-10000,0,0,0,0,10000,-10000,-10000
052857,大成鋼凱基96購01,0,0,0,0,0,0,0,0,0,-10000,0,0,0,0,10000,-10000,-10000
052839,上海銀國泰97購01,0,0,0,0,0,0,0,0,0,-10000,0,0,0,126000,136000,-10000,-10000
052727,仁寶元富96購01  ,0,0,0,0,0,0,0,0,0,-10000,0,0,0,58000,68000,-10000,-10000
053078,昇陽半永豐97購02,0,0,0,0,0,0,0,0,0,-10000,0,0,0,0,10000,-10000,-10000
053086,宏達電元大97購01,0,0,0,0,0,0,0,0,0,-10000,0,0,0,469000,479000,-10000,-10000
052932,正文元大97購01  ,0,0,0,0,0,0,0,0,0,-10000,0,0,0,0,10000,-10000,-10000
052961,國巨凱基97購02  ,0,0,0,0,0,0,0,0,0,-10000,0,0,0,10000,20000,-10000,-10000
052903,致茂國票97購01  ,0,0,0,0,0,0,0,0,0,-10000,0,0,0,30000,40000,-10000,-10000
052898,樺漢群益96購01  ,0,0,0,0,0,0,0,0,0,-10000,0,0,0,0,10000,-10000,-10000
052886,世紀鋼兆豐96購01,0,0,0,0,0,0,0,0,0,-10000,0,0,0,55000,65000,-10000,-10000
052362,瑞昱國票96購02  ,0,0,0,0,0,0,0,0,0,-10000,0,0,0,0,10000,-10000,-10000
052352,力成元富95購01  ,0,0,0,0,0,0,0,0,0,-10000,0,0,0,0,10000,-10000,-10000
052300,力成台新95購01  ,0,0,0,0,0,0,0,0,0,-10000,0,0,0,3000,13000,-10000,-10000
05250P,臻鼎國票96售01  ,0,0,0,0,0,0,0,0,0,-10000,0,0,0,0,10000,-10000,-10000
052451,旭富元大95購02  ,0,0,0,0,0,0,0,0,0,-10000,0,0,0,0,10000,-10000,-10000
052436,正崴富邦95購01  ,0,0,0,0,0,0,0,0,0,-10000,0,0,0,50000,60000,-10000,-10000
052141,百和凱基95購02  ,0,0,0,0,0,0,0,0,0,-10000,0,0,0,4000,14000,-10000,-10000
052128,聯發科日盛95購03,0,0,0,0,0,0,0,0,0,-10000,0,0,0,0,10000,-10000,-10000
052113,漢唐中信98購01  ,0,0,0,0,0,0,0,0,0,-10000,0,0,0,0,10000,-10000,-10000
052108,鴻海元富95購11  ,0,0,0,0,0,0,0,0,0,-10000,0,0,0,20000,30000,-10000,-10000
052109,可成元富95購01  ,0,0,0,0,0,0,0,0,0,-10000,0,0,0,0,10000,-10000,-10000
052165,訊芯永豐95購03  ,0,0,0,0,0,0,0,0,0,-10000,0,0,0,0,10000,-10000,-10000
052166,元油反元大95購01,0,0,0,0,0,0,0,0,0,-10000,0,0,0,0,10000,-10000,-10000
052190,創意群益95購03  ,0,0,0,0,0,0,0,0,0,-10000,0,0,0,0,10000,-10000,-10000
052075,旺宏元富95購03  ,0,0,0,0,0,0,0,0,0,-10000,0,0,0,118000,128000,-10000,-10000
052073,矽力統一95購03  ,0,0,0,0,0,0,0,0,0,-10000,0,0,0,0,10000,-10000,-10000
052068,瑞儀兆豐96購01  ,0,0,0,0,0,0,0,0,0,-10000,0,0,0,1000,11000,-10000,-10000
051868,貿聯凱基96購01  ,0,0,0,0,0,0,0,0,0,-10000,0,0,0,0,10000,-10000,-10000
051424,緯穎國票97購01  ,0,0,0,0,0,0,0,0,0,-10000,0,0,0,0,10000,-10000,-10000
051391,聯發科兆豐95購02,0,0,0,0,0,0,0,0,0,-10000,0,0,0,0,10000,-10000,-10000
051384,康友群益95購01  ,0,0,0,0,0,0,0,0,0,-10000,0,0,0,0,10000,-10000,-10000
051399,玉晶光台新96購01,0,0,0,0,0,0,0,0,0,-10000,0,0,0,10000,20000,-10000,-10000
051322,國泰金國票96購01,0,0,0,0,0,0,0,0,0,-10000,0,0,0,0,10000,-10000,-10000
051306,嘉聯益凱基96購01,0,0,0,0,0,0,0,0,0,-10000,0,0,0,0,10000,-10000,-10000
051309,卜蜂麥證95購01  ,0,0,0,0,10000,-10000,0,0,0,-10000,0,0,0,0,10000,-10000,-10000
051310,台達電麥證95購01,0,0,0,30000,40000,-10000,0,0,0,-10000,0,0,0,30000,40000,-10000,-10000
05123P,鴻海永昌96售07  ,0,0,0,0,0,0,0,0,0,-10000,0,0,0,10000,20000,-10000,-10000
051166,可成元大95購02  ,0,0,0,0,0,0,0,0,0,-10000,0,0,0,0,10000,-10000,-10000
051189,鴻海兆豐96購01  ,0,0,0,0,0,0,0,0,0,-10000,0,0,0,30000,40000,-10000,-10000
051124,創意群益95購01  ,0,0,0,0,0,0,0,0,0,-10000,0,0,0,0,10000,-10000,-10000
051705,富邦金群益97購01,0,0,0,0,0,0,0,0,0,-10000,0,0,0,0,10000,-10000,-10000
051693,華新科統一95購02,0,0,0,0,0,0,0,0,0,-10000,0,0,0,20000,30000,-10000,-10000
051764,欣興元大95購07  ,0,0,0,0,0,0,0,0,0,-10000,0,0,0,0,10000,-10000,-10000
051828,微星元大95購03  ,0,0,0,0,0,0,0,0,0,-10000,0,0,0,48000,58000,-10000,-10000
051787,燿華國票96購02  ,0,0,0,0,0,0,0,0,0,-10000,0,0,0,0,10000,-10000,-10000
051582,聯發科元大97購02,0,0,0,0,0,0,0,0,0,-10000,0,0,0,4000,14000,-10000,-10000
051595,康控元大95購04  ,0,0,0,0,0,0,0,0,0,-10000,0,0,0,0,10000,-10000,-10000
05161P,華新科國票96售01,0,0,0,0,0,0,0,0,0,-10000,0,0,0,0,10000,-10000,-10000
051633,可成國票96購03  ,0,0,0,0,0,0,0,0,0,-10000,0,0,0,0,10000,-10000,-10000
051603,深中小群益99購03,0,0,0,0,0,0,0,0,0,-10000,0,0,0,3000,13000,-10000,-10000
051478,宏達電凱基95購03,0,0,0,0,0,0,0,0,0,-10000,0,0,0,0,10000,-10000,-10000
051497,中磊亞東96購01  ,0,0,0,0,0,0,0,0,0,-10000,0,0,0,0,10000,-10000,-10000
050725,光磊國票96購01  ,0,0,0,0,0,0,0,0,0,-10000,0,0,0,48000,58000,-10000,-10000
050734,台積電台新94購02,0,0,0,0,0,0,0,0,0,-10000,0,0,0,0,10000,-10000,-10000
050737,聯詠康和94購01  ,0,0,0,0,0,0,0,0,0,-10000,0,0,0,0,10000,-10000,-10000
050695,台積電凱基94購40,0,0,0,0,0,0,0,0,0,-10000,0,0,0,0,10000,-10000,-10000
050644,國巨凱基96購01  ,0,0,0,0,0,0,0,0,0,-10000,0,0,0,0,10000,-10000,-10000
050647,聯發科凱基96購01,0,0,0,0,0,0,0,0,0,-10000,0,0,0,2000,12000,-10000,-10000
050562,瑞昱元富94購02  ,0,0,0,0,0,0,0,0,0,-10000,0,0,0,50000,60000,-10000,-10000
050575,南亞科國票94購01,0,0,0,0,0,0,0,0,0,-10000,0,0,0,21000,31000,-10000,-10000
050509,元油2X元大94購09,0,0,0,0,0,0,0,0,0,-10000,0,0,0,0,10000,-10000,-10000
050486,可成元富94購05  ,0,0,0,0,0,0,0,0,0,-10000,0,0,0,10000,20000,-10000,-10000
050394,大立光元富94購09,0,0,0,0,0,0,0,0,0,-10000,0,0,0,0,10000,-10000,-10000
05042P,GIS凱基95售03   ,0,0,0,0,0,0,0,0,0,-10000,0,0,0,0,10000,-10000,-10000
050969,台郡永豐95購01  ,0,0,0,0,0,0,0,0,0,-10000,0,0,0,0,10000,-10000,-10000
050986,上証2X永昌97購01,0,0,0,0,0,0,0,0,0,-10000,0,0,0,0,10000,-10000,-10000
05102P,臺股指凱基96售09,0,0,0,0,0,0,0,0,0,-10000,0,0,0,0,10000,-10000,-10000
050881,大立光元富95購04,0,0,0,0,0,0,0,0,0,-10000,0,0,0,0,10000,-10000,-10000
050906,臺股指元大95購13,0,0,0,0,0,0,0,0,0,-10000,0,0,0,120000,130000,-10000,-10000
050925,可成凱基95購02  ,0,0,0,0,0,0,0,0,0,-10000,0,0,0,0,10000,-10000,-10000
050775,TPK元大96購01   ,0,0,0,0,0,0,0,0,0,-10000,0,0,0,0,10000,-10000,-10000
6128,上福            ,3000,14000,-11000,0,0,0,0,0,0,1000,1000,0,1000,0,0,0,-10000
06458P,玉晶光統一9A售02,0,0,0,0,0,0,0,0,0,-10000,0,0,0,0,10000,-10000,-10000
1323,永裕            ,1000,12000,-11000,0,0,0,0,0,0,1000,1000,0,1000,0,0,0,-10000
2374,佳能            ,33000,46000,-13000,0,0,0,0,0,0,3000,3000,0,3000,0,0,0,-10000
055783,群創凱基99購03  ,0,0,0,0,0,0,0,0,0,-10000,0,0,0,0,10000,-10000,-10000
055865,臺股指元大97購02,0,0,0,0,0,0,0,0,0,-10000,0,0,0,0,10000,-10000,-10000
055873,聚陽元富97購01  ,0,0,0,0,0,0,0,0,0,-10000,0,0,0,2000,12000,-10000,-10000
055877,奇鋐元富97購01  ,0,0,0,0,0,0,0,0,0,-10000,0,0,0,0,10000,-10000,-10000
05580P,美律凱基96售03  ,0,0,0,0,0,0,0,0,0,-10000,0,0,0,20000,30000,-10000,-10000
055997,矽創國泰99購01  ,0,0,0,0,0,0,0,0,0,-10000,0,0,0,0,10000,-10000,-10000
055884,臺股指元富97購01,0,0,0,0,0,0,0,0,0,-10000,0,0,0,0,10000,-10000,-10000
05644P,大立光中信9A售03,0,0,0,0,0,0,0,0,0,-10000,0,0,0,0,10000,-10000,-10000
056349,道瓊銀元大9B購01,0,0,0,0,0,0,0,0,0,-10000,0,0,0,0,10000,-10000,-10000
056374,聯發科統一9B購01,0,0,0,0,0,0,0,0,0,-10000,0,0,0,0,10000,-10000,-10000
056368,祥碩元大98購02  ,0,0,0,0,0,0,0,0,0,-10000,0,0,0,130000,140000,-10000,-10000
05625P,國巨國票97售01  ,0,0,0,0,0,0,0,0,0,-10000,0,0,0,0,10000,-10000,-10000
056260,鴻海統一98購07  ,0,0,0,0,0,0,0,0,0,-10000,0,0,0,0,10000,-10000,-10000
056252,聯發科兆豐97購03,0,0,0,0,0,0,0,0,0,-10000,0,0,0,0,10000,-10000,-10000
056322,臺股指群益98購01,0,0,0,0,0,0,0,0,0,-10000,0,0,0,0,10000,-10000,-10000
056071,創意元大97購02  ,0,0,0,0,0,0,0,0,0,-10000,0,0,0,500000,510000,-10000,-10000
056188,晶相光統一99購01,0,0,0,0,0,0,0,0,0,-10000,0,0,0,0,10000,-10000,-10000
056205,貿聯永豐97購01  ,0,0,0,0,0,0,0,0,0,-10000,0,0,0,0,10000,-10000,-10000
056134,可成元大97購06  ,0,0,0,0,0,0,0,0,0,-10000,0,0,0,0,10000,-10000,-10000
056150,台光電凱基98購02,0,0,0,0,0,0,0,0,0,-10000,0,0,0,0,10000,-10000,-10000
05792P,臺股指中信99售07,0,0,0,0,0,0,0,0,0,-10000,0,0,0,10000,20000,-10000,-10000
05806P,宏達電永豐96售03,0,0,0,0,0,0,0,0,0,-10000,0,0,0,60000,70000,-10000,-10000
05851P,力山群益97售01  ,0,0,0,0,0,0,0,0,0,-10000,0,0,0,110000,120000,-10000,-10000
05820P,臺股指凱基96售17,0,0,0,0,0,0,0,0,0,-10000,0,0,0,10000,20000,-10000,-10000
05753P,臺股指中信99售02,0,0,0,0,0,0,0,0,0,-10000,0,0,0,0,10000,-10000,-10000
05743P,創意元大96售01  ,0,0,0,0,0,0,0,0,0,-10000,0,0,0,40000,50000,-10000,-10000
05875P,旺宏群益98售01  ,0,0,0,0,0,0,0,0,0,-10000,0,0,0,0,10000,-10000,-10000
05879P,台積電台新96售03,0,0,0,0,0,0,0,0,0,-10000,0,0,0,0,10000,-10000,-10000
06399P,台表科凱基97售05,0,0,0,0,0,0,0,0,0,-10000,0,0,0,0,10000,-10000,-10000
06064P,台積電台新98售01,0,0,0,0,0,0,0,0,0,-10000,0,0,0,10000,20000,-10000,-10000
06175P,台積電元大97售21,0,0,0,0,0,0,0,0,0,-10000,0,0,0,150000,160000,-10000,-10000
8422,可寧衛          ,7039,21000,-13961,0,0,0,0,0,0,3000,3000,0,3000,0,0,0,-10961
053274,旺宏元大98購03  ,0,0,0,0,0,0,0,0,0,-11000,0,0,0,37000,48000,-11000,-11000
053525,台積電中信96購04,0,0,0,0,0,0,0,0,0,-11000,0,0,0,6000,17000,-11000,-11000
053511,鴻海群益96購04  ,0,0,0,0,0,0,0,0,0,-11000,0,0,0,0,11000,-11000,-11000
053799,矽創中信9A購01  ,0,0,0,0,0,0,0,0,0,-11000,0,0,0,48000,59000,-11000,-11000
053766,友達富邦97購01  ,0,0,0,0,0,0,0,0,0,-11000,0,0,0,91000,102000,-11000,-11000
054452,華通亞東96購01  ,0,0,0,0,0,0,0,0,0,-11000,0,0,0,0,11000,-11000,-11000
054001,康友群益96購02  ,0,0,0,0,0,0,0,0,0,-11000,0,0,0,9000,20000,-11000,-11000
053935,華通元富96購02  ,0,0,0,0,0,0,0,0,0,-11000,0,0,0,0,11000,-11000,-11000
054933,南港元大97購01  ,0,0,0,0,0,0,0,0,0,-11000,0,0,0,4000,15000,-11000,-11000
055097,福懋科群益97購01,0,0,0,0,0,0,0,0,0,-11000,0,0,0,0,11000,-11000,-11000
054800,訊芯群益99購01  ,0,0,0,0,0,0,0,0,0,-11000,0,0,0,32000,43000,-11000,-11000
054789,高鐵群益98購01  ,0,0,0,0,0,0,0,0,0,-11000,0,0,0,10000,21000,-11000,-11000
054563,泰碩群益99購01  ,0,0,0,0,0,0,0,0,0,-11000,0,0,0,0,11000,-11000,-11000
055412,旺宏富邦99購01  ,0,0,0,0,0,0,0,0,0,-11000,0,0,0,60000,71000,-11000,-11000
055190,華新科元富97購01,0,0,0,0,0,0,0,0,0,-11000,0,0,0,10000,21000,-11000,-11000
048390,國巨國票94購02  ,0,0,0,0,0,0,0,0,0,-11000,0,0,0,0,11000,-11000,-11000
048655,A50正2元富96購01,0,0,0,0,0,0,0,0,0,-11000,0,0,0,0,11000,-11000,-11000
044530,台積電富邦94購01,0,0,0,0,0,0,0,0,0,-11000,0,0,0,20000,31000,-11000,-11000
04592P,台積電元大94售10,0,0,0,0,0,0,0,0,0,-11000,0,0,0,0,11000,-11000,-11000
045907,鴻海中信94購02  ,0,0,0,0,0,0,0,0,0,-11000,0,0,0,0,11000,-11000,-11000
046525,臺股指元大92購24,0,0,0,0,0,0,0,0,0,-11000,0,0,0,129000,140000,-11000,-11000
046300,嘉聯益富邦94購01,0,0,0,0,0,0,0,0,0,-11000,0,0,0,0,11000,-11000,-11000
045184,京元電統一93購01,0,0,0,0,0,0,0,0,0,-11000,0,0,0,9000,20000,-11000,-11000
042915,大立光元大93購01,0,0,0,0,0,0,0,0,0,-11000,0,0,0,0,11000,-11000,-11000
03197P,台積電統一01售14,0,0,0,0,0,0,0,0,0,-11000,0,0,0,0,11000,-11000,-11000
03514P,臺股指國票02售03,0,0,0,0,0,0,0,0,0,-11000,0,0,0,89000,100000,-11000,-11000
006203,元大MSCI台灣    ,0,0,0,0,0,0,0,0,0,-11000,0,0,0,1000,12000,-11000,-11000
03642C,臺股指元大94牛27,0,0,0,0,0,0,0,0,0,-11000,0,0,0,1979000,1990000,-11000,-11000
047772,泰鼎元大93購05  ,0,0,0,0,0,0,0,0,0,-11000,0,0,0,74000,85000,-11000,-11000
049883,台表科永豐94購02,0,0,0,0,0,0,0,0,0,-11000,0,0,0,0,11000,-11000,-11000
047320,健策元大93購02  ,0,0,0,0,0,0,0,0,0,-11000,0,0,0,0,11000,-11000,-11000
046828,聯發科群益94購01,0,0,0,0,0,0,0,0,0,-11000,0,0,0,100000,111000,-11000,-11000
046872,全新元富93購02  ,0,0,0,0,0,0,0,0,0,-11000,0,0,0,0,11000,-11000,-11000
049484,台積電元大95購02,0,0,0,0,0,0,0,0,0,-11000,0,0,0,6000,17000,-11000,-11000
047540,技嘉麥證93購01  ,0,0,0,10000,21000,-11000,0,0,0,-11000,0,0,0,10000,21000,-11000,-11000
049354,致新永豐94購01  ,0,0,0,0,0,0,0,0,0,-11000,0,0,0,19000,30000,-11000,-11000
05039P,鴻海凱基95售10  ,0,0,0,0,0,0,0,0,0,-11000,0,0,0,0,11000,-11000,-11000
05130P,聯發科統一95售03,0,0,0,0,0,0,0,0,0,-11000,0,0,0,0,11000,-11000,-11000
051289,大立光統一96購01,0,0,0,0,0,0,0,0,0,-11000,0,0,0,0,11000,-11000,-11000
051378,奇力新群益95購01,0,0,0,0,0,0,0,0,0,-11000,0,0,0,20000,31000,-11000,-11000
051382,玉晶光群益98購02,0,0,0,0,0,0,0,0,0,-11000,0,0,0,11000,22000,-11000,-11000
051873,緯穎凱基95購02  ,0,0,0,0,0,0,0,0,0,-11000,0,0,0,10000,21000,-11000,-11000
052080,康友元富98購02  ,0,0,0,0,0,0,0,0,0,-11000,0,0,0,0,11000,-11000,-11000
052400,聯詠凱基97購01  ,0,0,0,0,0,0,0,0,0,-11000,0,0,0,83000,94000,-11000,-11000
052393,康友群益95購05  ,0,0,0,0,0,0,0,0,0,-11000,0,0,0,0,11000,-11000,-11000
05246P,南電元大95售04  ,0,0,0,0,0,0,0,0,0,-11000,0,0,0,150000,161000,-11000,-11000
05232P,緯穎群益95售01  ,0,0,0,0,0,0,0,0,0,-11000,0,0,0,0,11000,-11000,-11000
05282P,可成元大95售09  ,0,0,0,0,0,0,0,0,0,-11000,0,0,0,570000,581000,-11000,-11000
052580,高鐵元富96購01  ,0,0,0,0,0,0,0,0,0,-11000,0,0,0,0,11000,-11000,-11000
052594,友訊群益98購01  ,0,0,0,0,0,0,0,0,0,-11000,0,0,0,165000,176000,-11000,-11000
052682,上銀元大97購01  ,0,0,0,0,0,0,0,0,0,-11000,0,0,0,0,11000,-11000,-11000
052717,正文凱基96購01  ,0,0,0,0,0,0,0,0,0,-11000,0,0,0,154000,165000,-11000,-11000
4141,龍燈-KY         ,0,13000,-13000,0,0,0,0,0,0,2000,2000,0,2000,0,0,0,-11000
2206,三陽工業        ,138000,143000,-5000,0,0,0,0,8000,-8000,2000,9000,7000,2000,0,0,0,-11000
2462,良得電          ,7000,18000,-11000,0,0,0,0,0,0,0,0,0,0,0,0,0,-11000
1315,達新            ,85000,100000,-15000,0,0,0,0,0,0,4000,4000,0,4000,0,0,0,-11000
07480P,FBVIX凱基94售01 ,0,0,0,0,0,0,0,0,0,-11000,0,0,0,5000,16000,-11000,-11000
06116P,臺股指日盛97售01,0,0,0,0,0,0,0,0,0,-11000,0,0,0,0,11000,-11000,-11000
05923P,旺宏元富96售05  ,0,0,0,0,0,0,0,0,0,-11000,0,0,0,0,11000,-11000,-11000
05980P,台積電永昌96售09,0,0,0,0,0,0,0,0,0,-11000,0,0,0,5580000,5591000,-11000,-11000
056215,華新科國票97購03,0,0,0,0,0,0,0,0,0,-11000,0,0,0,0,11000,-11000,-11000
056114,台達電群益97購02,0,0,0,0,0,0,0,0,0,-11000,0,0,0,0,11000,-11000,-11000
056396,祥碩永豐98購01  ,0,0,0,0,0,0,0,0,0,-11000,0,0,0,0,11000,-11000,-11000
056019,燿華群益97購02  ,0,0,0,0,0,0,0,0,0,-11000,0,0,0,0,11000,-11000,-11000
055782,新日興凱基99購01,0,0,0,0,0,0,0,0,0,-11000,0,0,0,14000,25000,-11000,-11000
055744,茂林元富97購02  ,0,0,0,0,0,0,0,0,0,-11000,0,0,0,31000,42000,-11000,-11000
055390,國巨統一98購03  ,0,0,0,0,0,0,0,0,0,-12000,0,0,0,64000,76000,-12000,-12000
055340,華新科日盛97購01,0,0,0,0,0,0,0,0,0,-12000,0,0,0,73000,85000,-12000,-12000
055594,華新科元大98購02,0,0,0,0,0,0,0,0,0,-12000,0,0,0,0,12000,-12000,-12000
055495,長榮航元大97購01,1000,0,1000,0,0,0,0,0,0,-13000,0,0,0,0,13000,-13000,-12000
054799,超眾群益98購01  ,0,0,0,0,0,0,0,0,0,-12000,0,0,0,0,12000,-12000,-12000
054757,南亞國票98購01  ,0,0,0,0,0,0,0,0,0,-12000,0,0,0,0,12000,-12000,-12000
054853,TPK國票98購02   ,0,0,0,0,0,0,0,0,0,-12000,0,0,0,8000,20000,-12000,-12000
054318,台虹凱基98購01  ,0,0,0,0,0,0,0,0,0,-12000,0,0,0,68000,80000,-12000,-12000
054192,國巨中信98購01  ,0,0,0,0,0,0,0,0,0,-12000,0,0,0,33000,45000,-12000,-12000
053463,可成富邦98購01  ,0,0,0,0,0,0,0,0,0,-12000,0,0,0,15000,27000,-12000,-12000
03423B,臺股指元大94熊29,0,0,0,0,0,0,0,0,0,-12000,0,0,0,1980000,1992000,-12000,-12000
04052P,上銀國泰94售01  ,0,0,0,0,0,0,0,0,0,-12000,0,0,0,10000,22000,-12000,-12000
045280,儒鴻富邦94購01  ,0,0,0,0,0,0,0,0,0,-12000,0,0,0,0,12000,-12000,-12000
046486,樺漢國泰94購01  ,0,0,0,0,0,0,0,0,0,-12000,0,0,0,352000,364000,-12000,-12000
048616,智伸科凱基93購07,0,0,0,0,0,0,0,0,0,-12000,0,0,0,0,12000,-12000,-12000
049009,南亞科麥證94購01,0,0,0,0,12000,-12000,0,0,0,-12000,0,0,0,0,12000,-12000,-12000
049440,T50反1統一94購04,0,0,0,0,0,0,0,0,0,-12000,0,0,0,0,12000,-12000,-12000
04813P,智邦元大94售07  ,0,0,0,0,0,0,0,0,0,-12000,0,0,0,0,12000,-12000,-12000
048820,台積電凱基94購06,0,0,0,0,0,0,0,0,0,-12000,0,0,0,0,12000,-12000,-12000
047070,華通兆豐93購01  ,0,0,0,0,0,0,0,0,0,-12000,0,0,0,0,12000,-12000,-12000
049828,華新科凱基94購06,0,0,0,0,0,0,0,0,0,-12000,0,0,0,16000,28000,-12000,-12000
049788,智伸科兆豐95購01,0,0,0,0,0,0,0,0,0,-12000,0,0,0,0,12000,-12000,-12000
049398,微星群益94購02  ,0,0,0,0,0,0,0,0,0,-12000,0,0,0,52000,64000,-12000,-12000
052997,國巨康和96購01  ,0,0,0,0,0,0,0,0,0,-12000,0,0,0,0,12000,-12000,-12000
053116,華新科中信96購01,0,0,0,0,0,0,0,0,0,-12000,0,0,0,5000,17000,-12000,-12000
052337,臺股指日盛95購02,0,0,0,0,0,0,0,0,0,-12000,0,0,0,55000,67000,-12000,-12000
052413,上証反中信97購01,0,0,0,0,0,0,0,0,0,-12000,0,0,0,3000,15000,-12000,-12000
052106,明泰兆豐95購01  ,0,0,0,0,0,0,0,0,0,-12000,0,0,0,0,12000,-12000,-12000
051352,南亞科元大95購02,0,0,0,0,0,0,0,0,0,-12000,0,0,0,88000,100000,-12000,-12000
051212,國巨統一95購01  ,0,0,0,0,0,0,0,0,0,-12000,0,0,0,292000,304000,-12000,-12000
051258,鈺齊國泰97購01  ,0,0,0,0,0,0,0,0,0,-12000,0,0,0,88000,100000,-12000,-12000
051531,國巨國票96購04  ,0,0,0,0,0,0,0,0,0,-12000,0,0,0,8000,20000,-12000,-12000
051640,GIS國票96購03   ,0,0,0,0,0,0,0,0,0,-12000,0,0,0,1000,13000,-12000,-12000
050444,卜蜂元大94購03  ,0,0,0,0,0,0,0,0,0,-12000,0,0,0,0,12000,-12000,-12000
050415,力成永豐94購01  ,0,0,0,0,0,0,0,0,0,-12000,0,0,0,1000,13000,-12000,-12000
055864,臺股指元大97購01,0,0,0,0,0,0,0,0,0,-12000,0,0,0,0,12000,-12000,-12000
056351,鴻海元大98購06  ,0,0,0,0,0,0,0,0,0,-12000,0,0,0,100000,112000,-12000,-12000
056248,康友群益97購04  ,0,0,0,0,0,0,0,0,0,-12000,0,0,0,0,12000,-12000,-12000
056161,康控凱基98購02  ,0,0,0,0,0,0,0,0,0,-12000,0,0,0,0,12000,-12000,-12000
05938P,旺宏凱基96售07  ,0,0,0,0,0,0,0,0,0,-12000,0,0,0,0,12000,-12000,-12000
06397P,T50反1凱基9A售03,0,0,0,0,0,0,0,0,0,-12000,0,0,0,0,12000,-12000,-12000
06243P,亞光元富97售01  ,0,0,0,0,0,0,0,0,0,-12000,0,0,0,8000,20000,-12000,-12000
2022,聚亨            ,31000,48000,-17000,0,0,0,0,0,0,5000,5000,0,5000,0,0,0,-12000
1592,英瑞-KY         ,40000,53000,-13000,0,0,0,0,0,0,1000,1000,0,1000,0,0,0,-12000
053534,微星永豐96購02  ,0,0,0,0,0,0,0,0,0,-13000,0,0,0,122000,135000,-13000,-13000
05328P,臺股指凱基95售12,0,0,0,0,0,0,0,0,0,-13000,0,0,0,0,13000,-13000,-13000
053414,臻鼎國票97購01  ,0,0,0,0,0,0,0,0,0,-13000,0,0,0,0,13000,-13000,-13000
053936,旺宏元富96購04  ,0,0,0,0,0,0,0,0,0,-13000,0,0,0,50000,63000,-13000,-13000
055546,台積電凱基97購12,0,0,0,0,0,0,0,0,0,-13000,0,0,0,0,13000,-13000,-13000
055308,聯發科群益97購04,0,0,0,0,0,0,0,0,0,-13000,0,0,0,10000,23000,-13000,-13000
055314,華邦電中信99購01,0,0,0,0,0,0,0,0,0,-13000,0,0,0,43000,56000,-13000,-13000
05516P,台積電元大96售12,0,0,0,0,0,0,0,0,0,-13000,0,0,0,441000,454000,-13000,-13000
055170,光磊統一97購01  ,0,0,0,0,0,0,0,0,0,-13000,0,0,0,126000,139000,-13000,-13000
055213,大成鋼凱基98購01,0,0,0,0,0,0,0,0,0,-13000,0,0,0,55000,68000,-13000,-13000
04165P,南亞科元富95售03,0,0,0,0,0,0,0,0,0,-13000,0,0,0,27000,40000,-13000,-13000
049121,元油2X元富94購06,0,0,0,0,0,0,0,0,0,-13000,0,0,0,0,13000,-13000,-13000
047975,緯創兆豐93購01  ,0,0,0,0,0,0,0,0,0,-13000,0,0,0,100000,113000,-13000,-13000
049792,元油2X元大94購08,0,0,0,0,0,0,0,0,0,-13000,0,0,0,0,13000,-13000,-13000
050109,國巨元大94購13  ,0,0,0,0,0,0,0,0,0,-13000,0,0,0,50000,63000,-13000,-13000
048914,川湖台新94購01  ,0,0,0,0,0,0,0,0,0,-13000,0,0,0,143000,156000,-13000,-13000
04711P,台光電元大94售05,0,0,0,0,0,0,0,0,0,-13000,0,0,0,153000,166000,-13000,-13000
046792,京元電元富96購01,0,0,0,0,0,0,0,0,0,-13000,0,0,0,147000,160000,-13000,-13000
048855,華新科群益94購02,0,0,0,0,0,0,0,0,0,-13000,0,0,0,18000,31000,-13000,-13000
048795,復盛元大94購01  ,0,0,0,0,0,0,0,0,0,-13000,0,0,0,12000,25000,-13000,-13000
047289,啟碁統一97購01  ,0,0,0,0,0,0,0,0,0,-13000,0,0,0,37000,50000,-13000,-13000
048726,儒鴻麥證95購01  ,0,0,0,7000,20000,-13000,0,0,0,-13000,0,0,0,7000,20000,-13000,-13000
050800,百和中信95購01  ,0,0,0,0,0,0,0,0,0,-13000,0,0,0,0,13000,-13000,-13000
051101,台表科元大96購02,0,0,0,0,0,0,0,0,0,-13000,0,0,0,102000,115000,-13000,-13000
052025,國巨群益96購01  ,0,0,0,0,0,0,0,0,0,-13000,0,0,0,20000,33000,-13000,-13000
051928,大立光中信96購03,0,0,0,0,0,0,0,0,0,-13000,0,0,0,0,13000,-13000,-13000
052339,光寶科凱基95購01,0,0,0,0,0,0,0,0,0,-13000,0,0,0,117000,130000,-13000,-13000
052928,美律元大98購01  ,0,0,0,0,0,0,0,0,0,-13000,0,0,0,11000,24000,-13000,-13000
052726,鴻海元富96購03  ,0,0,0,0,0,0,0,0,0,-13000,0,0,0,229000,242000,-13000,-13000
4164,承業醫          ,37000,69000,-32000,0,0,0,0,0,0,19000,27000,8000,19000,0,0,0,-13000
4766,南寶            ,16000,30000,-14000,0,0,0,0,0,0,1000,1000,0,1000,0,0,0,-13000
3311,閎暉            ,7000,20000,-13000,0,0,0,0,0,0,0,0,0,0,0,0,0,-13000
3149,正達            ,13000,27000,-14000,0,0,0,0,0,0,1000,1000,0,1000,0,0,0,-13000
5525,順天            ,10000,25000,-15000,0,0,0,0,0,0,2000,2000,0,2000,0,0,0,-13000
9941,裕融            ,90000,58000,32000,0,0,0,2000,0,2000,-47000,3000,50000,-47000,0,0,0,-13000
06271P,彩晶凱基97售01  ,0,0,0,0,0,0,0,0,0,-13000,0,0,0,22000,35000,-13000,-13000
05880P,創意康和96售01  ,0,0,0,0,0,0,0,0,0,-13000,0,0,0,0,13000,-13000,-13000
05969P,台積電台新96售04,0,0,0,0,0,0,0,0,0,-13000,0,0,0,2000,15000,-13000,-13000
05982P,漢唐國票96售03  ,0,0,0,0,0,0,0,0,0,-13000,0,0,0,13000,26000,-13000,-13000
05606P,TPK國票97售02   ,0,0,0,0,0,0,0,0,0,-13000,0,0,0,32000,45000,-13000,-13000
055982,T50反1元富97購01,0,0,0,0,0,0,0,0,0,-13000,0,0,0,0,13000,-13000,-13000
1531,高林股          ,2000,17800,-15800,0,0,0,0,0,0,2000,2000,0,2000,0,0,0,-13800
054870,新日興群益98購01,0,0,0,0,0,0,0,0,0,-14000,0,0,0,50000,64000,-14000,-14000
054708,華通統一97購02  ,0,0,0,0,0,0,0,0,0,-14000,0,0,0,10000,24000,-14000,-14000
053356,聯發科統一96購07,0,0,0,0,0,0,0,0,0,-14000,0,0,0,43000,57000,-14000,-14000
053182,大立光元富96購02,0,0,0,0,0,0,0,0,0,-14000,0,0,0,0,14000,-14000,-14000
053185,友達中信99購01  ,0,0,0,0,0,0,0,0,0,-14000,0,0,0,193000,207000,-14000,-14000
053220,瀚宇博凱基98購01,0,0,0,0,0,0,0,0,0,-14000,0,0,0,0,14000,-14000,-14000
053187,國巨統一96購05  ,0,0,0,0,0,0,0,0,0,-14000,0,0,0,50000,64000,-14000,-14000
040760,T50反1凱基95購01,0,0,0,0,0,0,0,0,0,-14000,0,0,0,337000,351000,-14000,-14000
03012X,元展12          ,0,0,0,0,0,0,0,0,0,-14000,0,0,0,10000,24000,-14000,-14000
048591,台郡兆豐94購01  ,0,0,0,0,0,0,0,0,0,-14000,0,0,0,0,14000,-14000,-14000
046113,旺宏元大93購04  ,0,0,0,0,0,0,0,0,0,-14000,0,0,0,20000,34000,-14000,-14000
046813,聯電凱基96購01  ,0,0,0,0,0,0,0,0,0,-14000,0,0,0,32000,46000,-14000,-14000
048842,矽格凱基94購01  ,0,0,0,0,0,0,0,0,0,-14000,0,0,0,0,14000,-14000,-14000
049838,友達亞東94購01  ,0,0,0,0,0,0,0,0,0,-14000,0,0,0,0,14000,-14000,-14000
047759,復盛元富93購01  ,0,0,0,0,0,0,0,0,0,-14000,0,0,0,30000,44000,-14000,-14000
052662,華新科國票97購01,0,0,0,0,0,0,0,0,0,-14000,0,0,0,1000,15000,-14000,-14000
052901,台達電國票97購01,0,0,0,0,0,0,0,0,0,-14000,0,0,0,0,14000,-14000,-14000
052921,大成鋼永豐96購01,0,0,0,0,0,0,0,0,0,-14000,0,0,0,54000,68000,-14000,-14000
053020,貿聯元富96購01  ,0,0,0,0,0,0,0,0,0,-14000,0,0,0,2000,16000,-14000,-14000
051997,康友元大95購02  ,0,0,0,0,0,0,0,0,0,-14000,0,0,0,137000,151000,-14000,-14000
050663,麗豐元大96購03  ,0,0,0,0,0,0,0,0,0,-14000,0,0,0,6000,20000,-14000,-14000
2832,台產            ,26000,43000,-17000,0,0,0,0,0,0,3000,3000,0,3000,0,0,0,-14000
9941A,裕融甲特        ,0,0,0,0,0,0,0,0,0,-14000,26000,40000,-14000,0,0,0,-14000
06249P,億光統一97售02  ,0,0,0,0,0,0,0,0,0,-14000,0,0,0,108000,122000,-14000,-14000
053580,國巨元大96購10  ,0,0,0,0,0,0,0,0,0,-15000,0,0,0,85000,100000,-15000,-15000
053990,晶技兆豐96購01  ,0,0,0,0,0,0,0,0,0,-15000,0,0,0,50000,65000,-15000,-15000
054156,聯電亞東98購01  ,0,0,0,0,0,0,0,0,0,-15000,0,0,0,0,15000,-15000,-15000
054086,日月光亞東98購01,0,0,0,0,0,0,0,0,0,-15000,0,0,0,0,15000,-15000,-15000
054445,技嘉兆豐96購01  ,0,0,0,0,0,0,0,0,0,-15000,0,0,0,35000,50000,-15000,-15000
054416,禾伸堂元大97購01,0,0,0,0,0,0,0,0,0,-15000,0,0,0,95000,110000,-15000,-15000
054398,牧德永豐96購03  ,0,0,0,0,0,0,0,0,0,-15000,0,0,0,70000,85000,-15000,-15000
05463P,創意國票96售04  ,0,0,0,0,0,0,0,0,0,-15000,0,0,0,0,15000,-15000,-15000
055067,禾聯碩永豐97購01,0,0,0,0,0,0,0,0,0,-15000,0,0,0,20000,35000,-15000,-15000
054976,上証2X元富9A購01,0,0,0,0,0,0,0,0,0,-15000,0,0,0,0,15000,-15000,-15000
055582,亞德客元大97購01,0,0,0,0,0,0,0,0,0,-15000,0,0,0,86000,101000,-15000,-15000
055706,大立光永豐97購03,0,0,0,0,0,0,0,0,0,-15000,0,0,0,0,15000,-15000,-15000
04652P,臺股指凱基94售11,0,0,0,0,0,0,0,0,0,-15000,0,0,0,0,15000,-15000,-15000
04575P,新日興統一94售02,0,0,0,0,0,0,0,0,0,-15000,0,0,0,20000,35000,-15000,-15000
048226,大立光凱基93購35,0,0,0,0,0,0,0,0,0,-15000,0,0,0,0,15000,-15000,-15000
044402,景碩凱基93購01  ,0,0,0,0,0,0,0,0,0,-15000,0,0,0,0,15000,-15000,-15000
045090,瀚宇博元大93購01,0,0,0,0,0,0,0,0,0,-15000,0,0,0,50000,65000,-15000,-15000
044736,聯發科國泰93購01,0,0,0,0,0,0,0,0,0,-15000,0,0,0,60000,75000,-15000,-15000
043231,鴻海中信95購01  ,0,0,0,0,0,0,0,0,0,-15000,0,0,0,121000,136000,-15000,-15000
042093,台灣50群益94購02,0,0,0,0,0,0,0,0,0,-15000,0,0,0,26000,41000,-15000,-15000
046614,儒鴻凱基93購01  ,0,0,0,0,0,0,0,0,0,-15000,0,0,0,0,15000,-15000,-15000
04775P,台積電凱基94售29,0,0,0,0,0,0,0,0,0,-15000,0,0,0,0,15000,-15000,-15000
048000,義隆元大93購03  ,0,0,0,0,0,0,0,0,0,-15000,0,0,0,270000,285000,-15000,-15000
049632,臺股指群益94購05,0,0,0,0,0,0,0,0,0,-15000,0,0,0,0,15000,-15000,-15000
048690,美律群益94購01  ,0,0,0,0,0,0,0,0,0,-15000,0,0,0,30000,45000,-15000,-15000
049695,新光金元大9A購01,0,0,0,0,0,0,0,0,0,-15000,0,0,0,315000,330000,-15000,-15000
049690,義隆元大95購02  ,0,0,0,0,0,0,0,0,0,-15000,0,0,0,310000,325000,-15000,-15000
049893,日月光富邦98購01,0,0,0,0,0,0,0,0,0,-15000,0,0,0,8000,23000,-15000,-15000
048861,牧德群益94購01  ,0,0,0,0,0,0,0,0,0,-15000,0,0,0,30000,45000,-15000,-15000
047141,宏達電兆豐94購01,0,0,0,0,0,0,0,0,0,-15000,0,0,0,0,15000,-15000,-15000
048822,燿華凱基94購03  ,0,0,0,0,0,0,0,0,0,-15000,0,0,0,0,15000,-15000,-15000
047652,滬深2X兆豐94購03,0,0,0,0,0,0,0,0,0,-15000,0,0,0,0,15000,-15000,-15000
049288,聯茂兆豐95購02  ,0,0,0,0,0,0,0,0,0,-15000,0,0,0,0,15000,-15000,-15000
050453,創意元大95購03  ,0,0,0,0,0,0,0,0,0,-15000,0,0,0,514000,529000,-15000,-15000
050537,鴻海凱基95購05  ,0,0,0,0,0,0,0,0,0,-15000,0,0,0,0,15000,-15000,-15000
051083,A50正2元大98購01,0,0,0,0,0,0,0,0,0,-15000,0,0,0,55000,70000,-15000,-15000
051242,台積電元大96購06,0,0,0,0,0,0,0,0,0,-15000,0,0,0,130000,145000,-15000,-15000
051357,可成元大95購05  ,0,0,0,0,0,0,0,0,0,-15000,0,0,0,10000,25000,-15000,-15000
05164P,南亞科元富95售04,0,0,0,0,0,0,0,0,0,-15000,0,0,0,1000,16000,-15000,-15000
051812,臻鼎凱基95購03  ,0,0,0,0,0,0,0,0,0,-15000,0,0,0,0,15000,-15000,-15000
051577,台積電元大97購03,0,0,0,0,0,0,0,0,0,-15000,0,0,0,54000,69000,-15000,-15000
051847,香港反中信99購01,0,0,0,0,0,0,0,0,0,-15000,0,0,0,0,15000,-15000,-15000
052061,樺漢國票96購01  ,0,0,0,0,0,0,0,0,0,-15000,0,0,0,0,15000,-15000,-15000
052508,矽力日盛95購02  ,0,0,0,0,0,0,0,0,0,-15000,0,0,0,0,15000,-15000,-15000
053009,大成鋼統一96購02,0,0,0,0,0,0,0,0,0,-15000,0,0,0,28000,43000,-15000,-15000
05295P,緯創凱基95售01  ,0,0,0,0,0,0,0,0,0,-15000,0,0,0,5000,20000,-15000,-15000
053100,美律元富96購01  ,0,0,0,0,0,0,0,0,0,-15000,0,0,0,10000,25000,-15000,-15000
052672,世紀鋼群益96購02,0,0,0,0,0,0,0,0,0,-15000,0,0,0,140000,155000,-15000,-15000
052714,義隆凱基96購02  ,0,0,0,0,0,0,0,0,0,-15000,0,0,0,5000,20000,-15000,-15000
052688,新日興元大96購01,0,0,0,0,0,0,0,0,0,-15000,0,0,0,103000,118000,-15000,-15000
052684,旺宏元大98購01  ,0,0,0,0,0,0,0,0,0,-15000,0,0,0,267000,282000,-15000,-15000
05259P,臺股指凱基96售12,0,0,0,0,0,0,0,0,0,-15000,0,0,0,7000,22000,-15000,-15000
052751,臺股指元大96購05,0,0,0,0,0,0,0,0,0,-15000,0,0,0,0,15000,-15000,-15000
052797,樺漢兆豐96購01  ,0,0,0,0,0,0,0,0,0,-15000,0,0,0,0,15000,-15000,-15000
06334P,臺股指群益9C售03,0,0,0,0,0,0,0,0,0,-15000,0,0,0,4000,19000,-15000,-15000
055901,超眾中信97購01  ,0,0,0,0,0,0,0,0,0,-15000,0,0,0,0,15000,-15000,-15000
055914,大立光凱基97購13,0,0,0,0,0,0,0,0,0,-15000,0,0,0,0,15000,-15000,-15000
056082,旺宏統一99購02  ,0,0,0,0,0,0,0,0,0,-15000,0,0,0,101000,116000,-15000,-15000
056137,聯鈞元大9A購01  ,0,0,0,0,0,0,0,0,0,-15000,0,0,0,100000,115000,-15000,-15000
9914,美利達          ,148000,209000,-61000,0,0,0,0,0,0,46000,49000,5000,44000,5000,3000,2000,-15000
5533,皇鼎            ,2000,18000,-16000,0,0,0,0,0,0,1000,1000,0,1000,0,0,0,-15000
2908,特力            ,1000,23000,-22000,0,0,0,0,0,0,7000,7000,0,7000,0,0,0,-15000
1441,大東            ,4000,8000,-4000,0,0,0,0,0,0,-11000,1000,12000,-11000,0,0,0,-15000
055545,國巨凱基97購06  ,0,0,0,0,0,0,0,0,0,-16000,0,0,0,0,16000,-16000,-16000
055231,大毅國票98購02  ,0,0,0,0,0,0,0,0,0,-16000,0,0,0,33000,49000,-16000,-16000
055028,佐登國泰98購01  ,0,0,0,0,0,0,0,0,0,-16000,0,0,0,10000,26000,-16000,-16000
054838,京鼎第一97購01  ,0,0,0,0,0,0,0,0,0,-16000,0,0,0,25000,41000,-16000,-16000
054962,玉晶光元大99購02,0,0,0,0,0,0,0,0,0,-16000,0,0,0,10000,26000,-16000,-16000
054487,京元電台新97購01,0,0,0,0,0,0,0,0,0,-16000,0,0,0,76000,92000,-16000,-16000
053184,世紀鋼元富96購01,0,0,0,0,0,0,0,0,0,-16000,0,0,0,0,16000,-16000,-16000
045743,台郡群益93購01  ,0,0,0,0,0,0,0,0,0,-16000,0,0,0,0,16000,-16000,-16000
046707,友達康和93購01  ,0,0,0,0,0,0,0,0,0,-16000,0,0,0,28000,44000,-16000,-16000
048130,美利達元大96購01,0,0,0,0,0,0,0,0,0,-16000,0,0,0,105000,121000,-16000,-16000
047897,可成群益94購01  ,0,0,0,0,0,0,0,0,0,-16000,0,0,0,80000,96000,-16000,-16000
048943,智伸科永豐94購01,0,0,0,0,0,0,0,0,0,-16000,0,0,0,0,16000,-16000,-16000
04938P,亞德客國票95售01,0,0,0,0,0,0,0,0,0,-16000,0,0,0,34000,50000,-16000,-16000
052869,新日興凱基96購01,0,0,0,0,0,0,0,0,0,-16000,0,0,0,42000,58000,-16000,-16000
052591,康友永豐97購01  ,0,0,0,0,0,0,0,0,0,-16000,0,0,0,0,16000,-16000,-16000
053060,大立光永昌96購05,0,0,0,0,0,0,0,0,0,-16000,0,0,0,101000,117000,-16000,-16000
052962,台積電凱基97購03,0,0,0,0,0,0,0,0,0,-16000,0,0,0,27000,43000,-16000,-16000
052953,百和國票97購01  ,0,0,0,0,0,0,0,0,0,-16000,0,0,0,9000,25000,-16000,-16000
050804,和大日盛95購01  ,0,0,0,0,0,0,0,0,0,-16000,0,0,0,0,16000,-16000,-16000
050855,華通台新95購01  ,0,0,0,0,0,0,0,0,0,-16000,0,0,0,76000,92000,-16000,-16000
050539,鴻海凱基95購07  ,0,0,0,0,0,0,0,0,0,-16000,0,0,0,100000,116000,-16000,-16000
5288,豐祥-KY         ,11000,29000,-18000,0,0,0,0,0,0,2000,2000,0,2000,0,0,0,-16000
6491,晶碩            ,9000,26000,-17000,0,0,0,0,0,0,1000,1000,0,1000,0,0,0,-16000
4737,華廣            ,7000,24000,-17000,0,0,0,0,0,0,1000,1000,0,1000,0,0,0,-16000
06336P,鴻海元大98售05  ,0,0,0,0,0,0,0,0,0,-16000,0,0,0,82000,98000,-16000,-16000
053337,聯電國票97購01  ,0,0,0,0,0,0,0,0,0,-17000,0,0,0,13000,30000,-17000,-17000
053597,牧德元大99購01  ,0,0,0,0,0,0,0,0,0,-17000,0,0,0,0,17000,-17000,-17000
053628,微星兆豐96購01  ,0,0,0,0,0,0,0,0,0,-17000,0,0,0,14000,31000,-17000,-17000
054378,楠梓電群益98購01,0,0,0,0,0,0,0,0,0,-17000,0,0,0,5000,22000,-17000,-17000
054644,A50正2群益9B購01,0,0,0,0,0,0,0,0,0,-17000,0,0,0,0,17000,-17000,-17000
054958,亞光元大97購03  ,0,0,0,0,0,0,0,0,0,-17000,0,0,0,40000,57000,-17000,-17000
054822,祥碩元大97購01  ,0,0,0,0,0,0,0,0,0,-17000,0,0,0,108000,125000,-17000,-17000
055245,凱美統一99購01  ,0,0,0,0,0,0,0,0,0,-17000,0,0,0,48000,65000,-17000,-17000
045721,中信金凱基92購01,0,0,0,0,0,0,0,0,0,-17000,0,0,0,33000,50000,-17000,-17000
044965,大立光中信95購01,0,0,0,0,0,0,0,0,0,-17000,0,0,0,90000,107000,-17000,-17000
044898,旺宏凱基93購01  ,0,0,0,0,0,0,0,0,0,-17000,0,0,0,77000,94000,-17000,-17000
04634P,臺股指群益94售09,0,0,0,0,0,0,0,0,0,-17000,0,0,0,3000,20000,-17000,-17000
045856,南亞科國泰94購01,0,0,0,0,0,0,0,0,0,-17000,0,0,0,20000,37000,-17000,-17000
04050P,創意元大93售05  ,0,0,0,0,0,0,0,0,0,-17000,0,0,0,83000,100000,-17000,-17000
049895,國巨統一94購04  ,0,0,0,0,0,0,0,0,0,-17000,0,0,0,10000,27000,-17000,-17000
050231,聯發科麥證94購03,0,0,0,43000,60000,-17000,0,0,0,-17000,0,0,0,43000,60000,-17000,-17000
047040,台勝科群益93購01,0,0,0,0,0,0,0,0,0,-17000,0,0,0,23000,40000,-17000,-17000
047298,聯茂元富96購01  ,0,0,0,0,0,0,0,0,0,-17000,0,0,0,13000,30000,-17000,-17000
050653,聯鈞凱基96購01  ,0,0,0,0,0,0,0,0,0,-17000,0,0,0,48000,65000,-17000,-17000
050779,超眾元大96購03  ,0,0,0,0,0,0,0,0,0,-17000,0,0,0,150000,167000,-17000,-17000
051550,日電貿永豐95購01,0,0,0,0,0,0,0,0,0,-17000,0,0,0,0,17000,-17000,-17000
051324,康友國票96購01  ,0,0,0,0,0,0,0,0,0,-17000,0,0,0,0,17000,-17000,-17000
051402,玉晶光永豐95購04,0,0,0,0,0,0,0,0,0,-17000,0,0,0,25000,42000,-17000,-17000
051442,正崴元大95購02  ,0,0,0,0,0,0,0,0,0,-17000,0,0,0,83000,100000,-17000,-17000
051268,創意富邦97購01  ,0,0,0,0,0,0,0,0,0,-17000,0,0,0,53000,70000,-17000,-17000
052843,鴻海統一96購09  ,0,0,0,0,0,0,0,0,0,-17000,0,0,0,156000,173000,-17000,-17000
052756,國巨群益96購02  ,0,0,0,0,0,0,0,0,0,-17000,0,0,0,0,17000,-17000,-17000
052212,可成元大95購11  ,0,0,0,0,0,0,0,0,0,-17000,0,0,0,0,17000,-17000,-17000
052135,聯發科凱基9B購01,0,0,0,0,0,0,0,0,0,-17000,0,0,0,169000,186000,-17000,-17000
051914,健策元大96購06  ,0,0,0,0,0,0,0,0,0,-17000,0,0,0,12000,29000,-17000,-17000
06060P,玉晶光元大97售03,0,0,0,0,0,0,0,0,0,-17000,0,0,0,3000,20000,-17000,-17000
05899P,臺股指凱基96售30,0,0,0,0,0,0,0,0,0,-17000,0,0,0,22000,39000,-17000,-17000
056276,同欣電國泰98購01,0,0,0,0,0,0,0,0,0,-17000,0,0,0,0,17000,-17000,-17000
055963,欣興元大97購04  ,0,0,0,0,0,0,0,0,0,-17000,0,0,0,110000,127000,-17000,-17000
055955,微星元大97購01  ,0,0,0,0,0,0,0,0,0,-17000,0,0,0,112000,129000,-17000,-17000
4916,事欣科          ,36000,54000,-18000,0,0,0,0,0,0,1000,1000,0,1000,0,0,0,-17000
6672,騰輝電子-KY     ,112000,130000,-18000,0,0,0,0,0,0,1000,1000,0,1000,0,0,0,-17000
1437,勤益控          ,9000,28000,-19000,0,0,0,0,0,0,2000,2000,0,2000,0,0,0,-17000
055695,大毅國票98購03  ,0,0,0,0,0,0,0,0,0,-18000,0,0,0,26000,44000,-18000,-18000
055113,大立光凱基98購06,0,0,0,0,0,0,0,0,0,-18000,0,0,0,0,18000,-18000,-18000
054410,國巨元大96購14  ,0,0,0,0,0,0,0,0,0,-18000,0,0,0,181000,199000,-18000,-18000
054239,台郡群益96購02  ,0,0,0,0,0,0,0,0,0,-18000,0,0,0,32000,50000,-18000,-18000
053961,揚明光永豐96購04,0,0,0,0,0,0,0,0,0,-18000,0,0,0,50000,68000,-18000,-18000
053601,台表科元大98購01,0,0,0,0,0,0,0,0,0,-18000,0,0,0,134000,152000,-18000,-18000
053727,麗豐凱基97購01  ,0,0,0,0,0,0,0,0,0,-18000,0,0,0,43000,61000,-18000,-18000
053741,漢唐國票97購03  ,0,0,0,0,0,0,0,0,0,-18000,0,0,0,0,18000,-18000,-18000
053198,亞德客日盛96購01,0,0,0,0,0,0,0,0,0,-18000,0,0,0,13000,31000,-18000,-18000
042388,大立光永昌93購02,0,0,0,0,0,0,0,0,0,-18000,0,0,0,0,18000,-18000,-18000
04543P,鴻海富邦95售03  ,0,0,0,0,0,0,0,0,0,-18000,0,0,0,12000,30000,-18000,-18000
045862,大立光統一93購02,0,0,0,0,0,0,0,0,0,-18000,0,0,0,0,18000,-18000,-18000
045055,聯發科元富98購03,0,0,0,0,0,0,0,0,0,-18000,0,0,0,24000,42000,-18000,-18000
048484,大立光國泰95購02,0,0,0,0,0,0,0,0,0,-18000,0,0,0,0,18000,-18000,-18000
048570,鈺齊元大93購01  ,0,0,0,0,0,0,0,0,0,-18000,0,0,0,2000,20000,-18000,-18000
04574P,台達電統一94售05,0,0,0,0,0,0,0,0,0,-18000,0,0,0,12000,30000,-18000,-18000
047654,鴻海兆豐93購01  ,0,0,0,0,0,0,0,0,0,-18000,0,0,0,32000,50000,-18000,-18000
046891,南亞科群益93購01,0,0,0,0,0,0,0,0,0,-18000,0,0,0,0,18000,-18000,-18000
048959,凌華康和94購01  ,0,0,0,0,0,0,0,0,0,-18000,0,0,0,0,18000,-18000,-18000
050080,國巨統一94購06  ,0,0,0,0,0,0,0,0,0,-18000,0,0,0,12000,30000,-18000,-18000
049862,南亞科兆豐94購01,0,0,0,0,0,0,0,0,0,-18000,0,0,0,0,18000,-18000,-18000
047973,華通兆豐94購01  ,0,0,0,0,0,0,0,0,0,-18000,0,0,0,14000,32000,-18000,-18000
048125,和鑫元大96購01  ,0,0,0,0,0,0,0,0,0,-18000,0,0,0,1000,19000,-18000,-18000
05200P,臺股指永豐95售03,0,0,0,0,0,0,0,0,0,-18000,0,0,0,2000,20000,-18000,-18000
052321,華擎元大95購01  ,0,0,0,0,0,0,0,0,0,-18000,0,0,0,64000,82000,-18000,-18000
052515,矽力凱基95購02  ,0,0,0,0,0,0,0,0,0,-18000,0,0,0,0,18000,-18000,-18000
051206,大立光麥證95購02,0,0,0,10000,28000,-18000,0,0,0,-18000,0,0,0,10000,28000,-18000,-18000
051528,亞泥國票96購01  ,0,0,0,0,0,0,0,0,0,-18000,0,0,0,0,18000,-18000,-18000
05057P,鴻海國票96售01  ,0,0,0,0,0,0,0,0,0,-18000,0,0,0,4000,22000,-18000,-18000
050630,大立光亞東96購01,0,0,0,0,0,0,0,0,0,-18000,0,0,0,0,18000,-18000,-18000
1476,儒鴻            ,438000,370000,68000,0,0,0,1000,70000,-69000,-17000,5000,2000,3000,3000,23000,-20000,-18000
1712,興農            ,81000,103000,-22000,0,0,0,0,0,0,4000,4000,0,4000,0,0,0,-18000
2888A,新光金甲特      ,9000,27000,-18000,0,0,0,0,0,0,0,0,0,0,0,0,0,-18000
2727,王品            ,69000,74000,-5000,0,0,0,0,0,0,-13000,1000,14000,-13000,0,0,0,-18000
8480,泰昇-KY         ,0,18000,-18000,0,0,0,0,0,0,0,0,0,0,0,0,0,-18000
3130,一零四          ,0,18000,-18000,0,0,0,0,0,0,0,0,0,0,0,0,0,-18000
4994,傳奇            ,90000,109000,-19000,0,0,0,0,0,0,1000,5000,0,5000,1000,5000,-4000,-18000
055846,大立光元大97購09,0,0,0,0,0,0,0,0,0,-18000,0,0,0,32000,50000,-18000,-18000
055832,台達電元大97購02,0,0,0,0,0,0,0,0,0,-18000,0,0,0,100000,118000,-18000,-18000
055768,臺股指群益97購06,0,0,0,0,0,0,0,0,0,-18000,0,0,0,0,18000,-18000,-18000
05909P,康友元富96售02  ,0,0,0,0,0,0,0,0,0,-18000,0,0,0,16000,34000,-18000,-18000
06131P,京鼎元富97售02  ,0,0,0,0,0,0,0,0,0,-18000,0,0,0,101000,119000,-18000,-18000
053322,京鼎群益97購01  ,0,0,0,0,0,0,0,0,0,-19000,0,0,0,12000,31000,-19000,-19000
053776,台積電元大96購19,0,0,0,0,0,0,0,0,0,-19000,0,0,0,0,19000,-19000,-19000
054297,台郡元大98購01  ,0,0,0,0,0,0,0,0,0,-19000,0,0,0,25000,44000,-19000,-19000
054359,南亞科日盛96購02,0,0,0,0,0,0,0,0,0,-19000,0,0,0,297000,316000,-19000,-19000
054349,同欣電國票97購02,0,0,0,0,0,0,0,0,0,-19000,0,0,0,38000,57000,-19000,-19000
055082,台郡中信97購01  ,0,0,0,0,0,0,0,0,0,-19000,0,0,0,45000,64000,-19000,-19000
054837,欣興第一97購01  ,0,0,0,0,0,0,0,0,0,-19000,0,0,0,0,19000,-19000,-19000
054883,億光統一97購01  ,0,0,0,0,0,0,0,0,0,-19000,0,0,0,10000,29000,-19000,-19000
054950,奇力新元大98購02,0,0,0,0,0,0,0,0,0,-19000,0,0,0,53000,72000,-19000,-19000
055569,聚陽統一98購01  ,0,0,0,0,0,0,0,0,0,-19000,0,0,0,18000,37000,-19000,-19000
055378,晶相光元大97購02,0,0,0,0,0,0,0,0,0,-19000,0,0,0,1000,20000,-19000,-19000
055431,和鑫群益98購01  ,0,0,0,0,0,0,0,0,0,-19000,0,0,0,6000,25000,-19000,-19000
048373,A50正2元富95購01,0,0,0,0,0,0,0,0,0,-19000,0,0,0,180000,199000,-19000,-19000
044376,日月光兆豐92購01,0,0,0,0,0,0,0,0,0,-19000,0,0,0,0,19000,-19000,-19000
03583P,微星元大02售03  ,0,0,0,0,0,0,0,0,0,-19000,0,0,0,91000,110000,-19000,-19000
00689R,國泰20年美債反1 ,0,0,0,0,0,0,0,0,0,-19000,0,0,0,202000,221000,-19000,-19000
049595,麗豐元大95購01  ,0,0,0,0,0,0,0,0,0,-19000,0,0,0,76000,95000,-19000,-19000
049375,大立光元大94購13,0,0,0,0,0,0,0,0,0,-19000,0,0,0,1000,20000,-19000,-19000
049368,奇力新元大94購02,0,0,0,0,0,0,0,0,0,-19000,0,0,0,4000,23000,-19000,-19000
049066,元石油凱基97購01,0,0,0,0,0,0,0,0,0,-19000,0,0,0,0,19000,-19000,-19000
050348,鴻海群益94購06  ,0,0,0,0,0,0,0,0,0,-19000,0,0,0,2000,21000,-19000,-19000
047211,華新科富邦99購01,0,0,0,0,0,0,0,0,0,-19000,0,0,0,1000,20000,-19000,-19000
046755,瑞昱凱基93購05  ,0,0,0,0,0,0,0,0,0,-19000,0,0,0,1000,20000,-19000,-19000
05107P,鴻海兆豐96售02  ,0,0,0,0,0,0,0,0,0,-19000,0,0,0,1000,20000,-19000,-19000
051526,超眾凱基95購02  ,0,0,0,0,0,0,0,0,0,-19000,0,0,0,20000,39000,-19000,-19000
05147P,鴻海元大95售11  ,0,0,0,0,0,0,0,0,0,-19000,0,0,0,131000,150000,-19000,-19000
051222,世紀鋼元富95購01,0,0,0,0,0,0,0,0,0,-19000,0,0,0,5000,24000,-19000,-19000
051383,京鼎群益96購02  ,0,0,0,0,0,0,0,0,0,-19000,0,0,0,2000,21000,-19000,-19000
051340,健策永豐95購03  ,0,0,0,0,0,0,0,0,0,-19000,0,0,0,61000,80000,-19000,-19000
052790,智邦兆豐97購01  ,0,0,0,0,0,0,0,0,0,-19000,0,0,0,77000,96000,-19000,-19000
06204P,鴻海群益97售04  ,0,0,0,0,0,0,0,0,0,-19000,0,0,0,1000,20000,-19000,-19000
05785P,臺股指元大96售19,0,0,0,0,0,0,0,0,0,-19000,0,0,0,499000,518000,-19000,-19000
4536,拓凱            ,36000,29000,7000,0,0,0,0,2000,-2000,-24000,1000,24000,-23000,0,1000,-1000,-19000
1608,華榮            ,55000,81000,-26000,0,0,0,0,0,0,7000,8000,1000,7000,0,0,0,-19000
08600P,臺股指元大9C售32,0,0,0,0,0,0,0,0,0,-19000,0,0,0,1000,20000,-19000,-19000
055413,全新富邦98購01  ,0,0,0,0,0,0,0,0,0,-20000,0,0,0,0,20000,-20000,-20000
055348,旺宏凱基97購01  ,0,0,0,0,0,0,0,0,0,-20000,0,0,0,7000,27000,-20000,-20000
05534P,元油反元大96售06,0,0,0,0,0,0,0,0,0,-20000,0,0,0,0,20000,-20000,-20000
055352,奇力新凱基97購01,0,0,0,0,0,0,0,0,0,-20000,0,0,0,3000,23000,-20000,-20000
055244,國巨統一98購01  ,0,0,0,0,0,0,0,0,0,-20000,0,0,0,51000,71000,-20000,-20000
055217,緯創凱基97購02  ,0,0,0,0,0,0,0,0,0,-20000,0,0,0,1000,21000,-20000,-20000
055173,瑞昱統一97購01  ,0,0,0,0,0,0,0,0,0,-20000,0,0,0,10000,30000,-20000,-20000
055514,亞光麥證97購01  ,0,0,0,0,20000,-20000,0,0,0,-20000,0,0,0,0,20000,-20000,-20000
055487,國巨元大98購07  ,0,0,0,0,0,0,0,0,0,-20000,0,0,0,0,20000,-20000,-20000
055470,南亞科凱基97購01,0,0,0,0,0,0,0,0,0,-20000,0,0,0,0,20000,-20000,-20000
055717,聯發科元大97購19,0,0,0,0,0,0,0,0,0,-20000,0,0,0,50000,70000,-20000,-20000
054841,亞德客兆豐97購01,0,0,0,0,0,0,0,0,0,-20000,0,0,0,26000,46000,-20000,-20000
055038,華航富邦99購01  ,0,0,0,0,0,0,0,0,0,-20000,0,0,0,0,20000,-20000,-20000
055005,晶相光元富97購01,0,0,0,0,0,0,0,0,0,-20000,0,0,0,0,20000,-20000,-20000
054642,訊芯中信9A購01  ,0,0,0,0,0,0,0,0,0,-20000,0,0,0,20000,40000,-20000,-20000
054758,南亞國票9A購01  ,0,0,0,0,0,0,0,0,0,-20000,0,0,0,74000,94000,-20000,-20000
054755,世紀鋼凱基98購01,0,0,0,0,0,0,0,0,0,-20000,0,0,0,0,20000,-20000,-20000
054476,聯發科中信96購03,0,0,0,0,0,0,0,0,0,-20000,0,0,0,0,20000,-20000,-20000
054504,聯鈞永豐96購01  ,0,0,0,0,0,0,0,0,0,-20000,0,0,0,68000,88000,-20000,-20000
054628,可成凱基98購01  ,0,0,0,0,0,0,0,0,0,-20000,0,0,0,0,20000,-20000,-20000
054380,世芯群益97購02  ,0,0,0,0,0,0,0,0,0,-20000,0,0,0,2000,22000,-20000,-20000
054289,聯發科元大97購11,0,0,0,0,0,0,0,0,0,-20000,0,0,0,120000,140000,-20000,-20000
054270,寶滬深中信98購01,0,0,0,0,0,0,0,0,0,-20000,0,0,0,0,20000,-20000,-20000
05416P,喬山永豐95售04  ,0,0,0,0,0,0,0,0,0,-20000,0,0,0,0,20000,-20000,-20000
054168,貿聯凱基97購02  ,0,0,0,0,0,0,0,0,0,-20000,0,0,0,0,20000,-20000,-20000
053850,嘉澤元富96購03  ,0,0,0,0,0,0,0,0,0,-20000,0,0,0,0,20000,-20000,-20000
054071,泰鼎國泰97購02  ,0,0,0,0,0,0,0,0,0,-20000,0,0,0,242000,262000,-20000,-20000
053753,啟碁永豐96購01  ,0,0,0,0,0,0,0,0,0,-20000,0,0,0,0,20000,-20000,-20000
053782,京元電元大98購02,0,0,0,0,0,0,0,0,0,-20000,0,0,0,100000,120000,-20000,-20000
053721,國泰金凱基97購01,0,0,0,0,0,0,0,0,0,-20000,0,0,0,0,20000,-20000,-20000
053683,上証2X元大96購03,0,0,0,0,0,0,0,0,0,-20000,0,0,0,10000,30000,-20000,-20000
053658,亞光凱基96購01  ,0,0,0,0,0,0,0,0,0,-20000,0,0,0,48000,68000,-20000,-20000
053672,嘉澤元富96購02  ,0,0,0,0,0,0,0,0,0,-20000,0,0,0,0,20000,-20000,-20000
053590,新光金元大9A購02,0,0,0,0,0,0,0,0,0,-20000,0,0,0,0,20000,-20000,-20000
053639,禾伸堂永豐96購01,0,0,0,0,0,0,0,0,0,-20000,0,0,0,30000,50000,-20000,-20000
053529,國巨麥證96購01  ,0,0,0,40000,60000,-20000,0,0,0,-20000,0,0,0,40000,60000,-20000,-20000
053493,智邦兆豐97購02  ,0,0,0,0,0,0,0,0,0,-20000,0,0,0,30000,50000,-20000,-20000
053315,漢唐群益96購02  ,0,0,0,0,0,0,0,0,0,-20000,0,0,0,0,20000,-20000,-20000
053336,元油反國票9B購02,0,0,0,0,0,0,0,0,0,-20000,0,0,0,0,20000,-20000,-20000
053345,欣興國票97購02  ,0,0,0,0,0,0,0,0,0,-20000,0,0,0,200000,220000,-20000,-20000
053214,冠德凱基96購02  ,0,0,0,0,0,0,0,0,0,-20000,0,0,0,0,20000,-20000,-20000
053175,矽力群益96購01  ,0,0,0,0,0,0,0,0,0,-20000,0,0,0,0,20000,-20000,-20000
053303,建準凱基96購03  ,0,0,0,0,0,0,0,0,0,-20000,0,0,0,0,20000,-20000,-20000
053242,聯電國票96購04  ,0,0,0,0,0,0,0,0,0,-20000,0,0,0,10000,30000,-20000,-20000
03021P,玉晶光群益02售25,0,0,0,0,0,0,0,0,0,-20000,0,0,0,0,20000,-20000,-20000
03177P,國巨群益01售12  ,0,0,0,0,0,0,0,0,0,-20000,0,0,0,0,20000,-20000,-20000
03103P,聯發科元富01售02,0,0,0,0,0,0,0,0,0,-20000,0,0,0,10000,30000,-20000,-20000
03039P,玉晶光國票02售04,0,0,0,0,0,0,0,0,0,-20000,0,0,0,5000,25000,-20000,-20000
043346,TPK富邦93購01   ,0,0,0,0,0,0,0,0,0,-20000,0,0,0,0,20000,-20000,-20000
03441P,義隆凱基02售03  ,0,0,0,0,0,0,0,0,0,-20000,0,0,0,0,20000,-20000,-20000
03458P,玉晶光凱基03售08,0,0,0,0,0,0,0,0,0,-20000,0,0,0,0,20000,-20000,-20000
03408P,南電國泰02售02  ,0,0,0,0,0,0,0,0,0,-20000,0,0,0,0,20000,-20000,-20000
03414P,臺股指元大03售06,0,0,0,0,0,0,0,0,0,-20000,0,0,0,0,20000,-20000,-20000
043774,瑞昱兆豐92購01  ,0,0,0,0,0,0,0,0,0,-20000,0,0,0,0,20000,-20000,-20000
04542P,致伸永豐94售01  ,0,0,0,0,0,0,0,0,0,-20000,0,0,0,0,20000,-20000,-20000
045497,台積電凱基92購09,0,0,0,0,0,0,0,0,0,-20000,0,0,0,0,20000,-20000,-20000
045380,漢唐元大93購03  ,0,0,0,0,0,0,0,0,0,-20000,0,0,0,0,20000,-20000,-20000
045382,聯發科元大92購07,0,0,0,0,0,0,0,0,0,-20000,0,0,0,0,20000,-20000,-20000
045393,寶齡國泰93購01  ,0,0,0,0,0,0,0,0,0,-20000,0,0,0,0,20000,-20000,-20000
045355,聯鈞凱基92購01  ,0,0,0,0,0,0,0,0,0,-20000,0,0,0,50000,70000,-20000,-20000
042414,漢唐元大92購01  ,0,0,0,0,0,0,0,0,0,-20000,0,0,0,0,20000,-20000,-20000
042470,元油2X元大93購04,0,0,0,0,0,0,0,0,0,-20000,0,0,0,0,20000,-20000,-20000
04221P,大立光兆豐93售05,0,0,0,0,0,0,0,0,0,-20000,0,0,0,0,20000,-20000,-20000
046600,鴻海群益94購01  ,0,0,0,0,0,0,0,0,0,-20000,0,0,0,10000,30000,-20000,-20000
045579,全新元大93購03  ,0,0,0,0,0,0,0,0,0,-20000,0,0,0,401000,421000,-20000,-20000
045568,上証2X元大95購01,0,0,0,0,0,0,0,0,0,-20000,0,0,0,0,20000,-20000,-20000
045608,鴻海群益93購02  ,0,0,0,0,0,0,0,0,0,-20000,0,0,0,10000,30000,-20000,-20000
045668,奇力新元富92購01,0,0,0,0,0,0,0,0,0,-20000,0,0,0,0,20000,-20000,-20000
04082P,智邦統一93售03  ,0,0,0,0,0,0,0,0,0,-20000,0,0,0,0,20000,-20000,-20000
04077P,臺股指凱基93售13,0,0,0,0,0,0,0,0,0,-20000,0,0,0,0,20000,-20000,-20000
03974P,大立光元大93售25,0,0,0,0,0,0,0,0,0,-20000,0,0,0,998000,1018000,-20000,-20000
03956P,欣興統一93售02  ,0,0,0,0,0,0,0,0,0,-20000,0,0,0,14000,34000,-20000,-20000
045874,東元元富92購01  ,0,0,0,0,0,0,0,0,0,-20000,0,0,0,17000,37000,-20000,-20000
044512,奇力新凱基93購02,0,0,0,0,0,0,0,0,0,-20000,0,0,0,20000,40000,-20000,-20000
044468,台積電群益93購01,0,0,0,0,0,0,0,0,0,-20000,0,0,0,22000,42000,-20000,-20000
044537,上銀群益92購01  ,0,0,0,0,0,0,0,0,0,-20000,0,0,0,0,20000,-20000,-20000
044601,旺宏國泰93購03  ,0,0,0,0,0,0,0,0,0,-20000,0,0,0,0,20000,-20000,-20000
04480P,微星兆豐94售01  ,0,0,0,0,0,0,0,0,0,-20000,0,0,0,0,20000,-20000,-20000
045119,美律元大92購06  ,0,0,0,0,0,0,0,0,0,-20000,0,0,0,0,20000,-20000,-20000
046069,禾伸堂凱基92購01,0,0,0,0,0,0,0,0,0,-20000,0,0,0,7000,27000,-20000,-20000
046060,台塑凱基92購01  ,0,0,0,0,0,0,0,0,0,-20000,0,0,0,0,20000,-20000,-20000
048369,友達統一93購06  ,0,0,0,0,0,0,0,0,0,-20000,0,0,0,20000,40000,-20000,-20000
048220,鴻海凱基93購35  ,0,0,0,0,0,0,0,0,0,-20000,0,0,0,0,20000,-20000,-20000
048199,大立光元大94購03,0,0,0,0,0,0,0,0,0,-20000,0,0,0,0,20000,-20000,-20000
048502,百和元大93購01  ,0,0,0,0,0,0,0,0,0,-20000,0,0,0,190000,210000,-20000,-20000
048416,台達電統一93購02,0,0,0,0,0,0,0,0,0,-20000,0,0,0,20000,40000,-20000,-20000
04484P,台積電凱基94售09,0,0,0,0,0,0,0,0,0,-20000,0,0,0,0,20000,-20000,-20000
044901,聯發科凱基93購01,0,0,0,0,0,0,0,0,0,-20000,0,0,0,0,20000,-20000,-20000
044928,玉晶光國泰93購01,0,0,0,0,0,0,0,0,0,-20000,0,0,0,0,20000,-20000,-20000
046215,大立光統一92購03,0,0,0,0,0,0,0,0,0,-20000,0,0,0,0,20000,-20000,-20000
045260,可成凱基92購04  ,0,0,0,0,0,0,0,0,0,-20000,0,0,0,0,20000,-20000,-20000
045220,漢唐元大94購01  ,0,0,0,0,0,0,0,0,0,-20000,0,0,0,0,20000,-20000,-20000
045338,鴻海凱基92購05  ,0,0,0,0,0,0,0,0,0,-20000,0,0,0,0,20000,-20000,-20000
046653,鴻海元大93購05  ,0,0,0,0,0,0,0,0,0,-20000,0,0,0,10000,30000,-20000,-20000
046344,超眾國票94購01  ,0,0,0,0,0,0,0,0,0,-20000,0,0,0,40000,60000,-20000,-20000
046277,可成台新92購01  ,0,0,0,0,0,0,0,0,0,-20000,0,0,0,0,20000,-20000,-20000
046491,滬深2X富邦95購02,0,0,0,0,0,0,0,0,0,-20000,0,0,0,60000,80000,-20000,-20000
046528,聯詠中信94購01  ,0,0,0,0,0,0,0,0,0,-20000,0,0,0,20000,40000,-20000,-20000
04651P,臺股指凱基94售10,0,0,0,0,0,0,0,0,0,-20000,0,0,0,0,20000,-20000,-20000
046436,新光金群益92購02,0,0,0,0,0,0,0,0,0,-20000,0,0,0,0,20000,-20000,-20000
046390,旺宏統一94購02  ,0,0,0,0,0,0,0,0,0,-20000,0,0,0,0,20000,-20000,-20000
046413,大立光元大92購22,0,0,0,0,0,0,0,0,0,-20000,0,0,0,10000,30000,-20000,-20000
046406,奇力新元大92購03,0,0,0,0,0,0,0,0,0,-20000,0,0,0,0,20000,-20000,-20000
046536,聯發科群益92購08,0,0,0,0,0,0,0,0,0,-20000,0,0,0,100000,120000,-20000,-20000
044165,聯發科元大92購04,0,0,0,0,0,0,0,0,0,-20000,0,0,0,10000,30000,-20000,-20000
044249,T50反1中信94購01,0,0,0,0,0,0,0,0,0,-20000,0,0,0,0,20000,-20000,-20000
047603,瑞昱國泰94購01  ,0,0,0,0,0,0,0,0,0,-20000,0,0,0,0,20000,-20000,-20000
047617,瑞昱凱基93購07  ,0,0,0,0,0,0,0,0,0,-20000,0,0,0,0,20000,-20000,-20000
046720,元油2X元大95購08,0,0,0,0,0,0,0,0,0,-20000,0,0,0,0,20000,-20000,-20000
047078,上海銀兆豐93購01,0,0,0,0,0,0,0,0,0,-20000,0,0,0,10000,30000,-20000,-20000
048877,茂林國票94購01  ,0,0,0,0,0,0,0,0,0,-20000,0,0,0,0,20000,-20000,-20000
047631,味全元大93購01  ,0,0,0,0,0,0,0,0,0,-20000,0,0,0,200000,220000,-20000,-20000
047145,鴻海群益95購01  ,0,0,0,0,0,0,0,0,0,-20000,0,0,0,4000,24000,-20000,-20000
047186,大立光元大93購20,0,0,0,0,0,0,0,0,0,-20000,0,0,0,0,20000,-20000,-20000
047189,聯詠元大93購05  ,0,0,0,0,0,0,0,0,0,-20000,0,0,0,100000,120000,-20000,-20000
047183,台光電元大93購05,0,0,0,0,0,0,0,0,0,-20000,0,0,0,100000,120000,-20000,-20000
047364,欣興群益93購04  ,0,0,0,0,0,0,0,0,0,-20000,0,0,0,0,20000,-20000,-20000
048805,瀚宇博富邦95購01,0,0,0,0,0,0,0,0,0,-20000,0,0,0,0,20000,-20000,-20000
048806,光磊中信94購01  ,0,0,0,0,0,0,0,0,0,-20000,0,0,0,0,20000,-20000,-20000
048830,和鑫凱基94購03  ,0,0,0,0,0,0,0,0,0,-20000,0,0,0,0,20000,-20000,-20000
046827,漢唐群益93購02  ,0,0,0,0,0,0,0,0,0,-20000,0,0,0,0,20000,-20000,-20000
046844,旺宏永豐93購01  ,0,0,0,0,0,0,0,0,0,-20000,0,0,0,139000,159000,-20000,-20000
046861,和碩元大93購01  ,0,0,0,0,0,0,0,0,0,-20000,0,0,0,0,20000,-20000,-20000
046854,可成元大93購04  ,0,0,0,0,0,0,0,0,0,-20000,0,0,0,15000,35000,-20000,-20000
049335,聯電統一97購01  ,0,0,0,0,0,0,0,0,0,-20000,0,0,0,20000,40000,-20000,-20000
049350,麗豐康和94購01  ,0,0,0,0,0,0,0,0,0,-20000,0,0,0,10000,30000,-20000,-20000
047479,美律凱基94購01  ,0,0,0,0,0,0,0,0,0,-20000,0,0,0,0,20000,-20000,-20000
047482,新光金凱基99購03,0,0,0,0,0,0,0,0,0,-20000,0,0,0,0,20000,-20000,-20000
047541,深中小凱基94購01,0,0,0,0,0,0,0,0,0,-20000,0,0,0,290000,310000,-20000,-20000
047525,漢唐元大93購04  ,0,0,0,0,0,0,0,0,0,-20000,0,0,0,50000,70000,-20000,-20000
049309,台達電凱基94購05,0,0,0,0,0,0,0,0,0,-20000,0,0,0,0,20000,-20000,-20000
048999,康普國票95購01  ,0,0,0,0,0,0,0,0,0,-20000,0,0,0,0,20000,-20000,-20000
049171,台達電凱基94購03,0,0,0,0,0,0,0,0,0,-20000,0,0,0,0,20000,-20000,-20000
049229,台化富邦94購01  ,0,0,0,0,0,0,0,0,0,-20000,0,0,0,10000,30000,-20000,-20000
048155,瑞昱兆豐93購01  ,0,0,0,0,0,0,0,0,0,-20000,0,0,0,0,20000,-20000,-20000
047443,智原元大94購01  ,0,0,0,0,0,0,0,0,0,-20000,0,0,0,0,20000,-20000,-20000
050315,和碩兆豐95購01  ,0,0,0,0,0,0,0,0,0,-20000,0,0,0,40000,60000,-20000,-20000
050251,樺漢凱基94購02  ,0,0,0,0,0,0,0,0,0,-20000,0,0,0,10000,30000,-20000,-20000
050260,鴻海元大94購15  ,0,0,0,0,0,0,0,0,0,-20000,0,0,0,40000,60000,-20000,-20000
05010P,台郡元富95售01  ,0,0,0,0,0,0,0,0,0,-20000,0,0,0,0,20000,-20000,-20000
050238,瑞昱凱基94購05  ,0,0,0,0,0,0,0,0,0,-20000,0,0,0,24000,44000,-20000,-20000
050217,健策永豐94購03  ,0,0,0,0,0,0,0,0,0,-20000,0,0,0,0,20000,-20000,-20000
05014P,臺股指元大95售05,0,0,0,0,0,0,0,0,0,-20000,0,0,0,110000,130000,-20000,-20000
050183,奇鋐元大96購01  ,0,0,0,0,0,0,0,0,0,-20000,0,0,0,0,20000,-20000,-20000
050186,京鼎元大94購01  ,0,0,0,0,0,0,0,0,0,-20000,0,0,0,32000,52000,-20000,-20000
049717,微星凱基94購01  ,0,0,0,0,0,0,0,0,0,-20000,0,0,0,10000,30000,-20000,-20000
049977,瑞昱凱基94購03  ,0,0,0,0,0,0,0,0,0,-20000,0,0,0,32000,52000,-20000,-20000
049978,瑞昱凱基94購04  ,0,0,0,0,0,0,0,0,0,-20000,0,0,0,4000,24000,-20000,-20000
049086,晶相光凱基94購01,0,0,0,0,0,0,0,0,0,-20000,0,0,0,45000,65000,-20000,-20000
049031,矽格群益94購01  ,0,0,0,0,0,0,0,0,0,-20000,0,0,0,22000,42000,-20000,-20000
049388,南電元大94購05  ,0,0,0,0,0,0,0,0,0,-20000,0,0,0,0,20000,-20000,-20000
049380,欣興元大94購04  ,0,0,0,0,0,0,0,0,0,-20000,0,0,0,30000,50000,-20000,-20000
049136,華通元大95購01  ,0,0,0,0,0,0,0,0,0,-20000,0,0,0,211000,231000,-20000,-20000
047971,南亞科富邦95購01,0,0,0,0,0,0,0,0,0,-20000,0,0,0,0,20000,-20000,-20000
047955,南亞科永豐93購01,0,0,0,0,0,0,0,0,0,-20000,0,0,0,0,20000,-20000,-20000
047926,可成凱基94購02  ,0,0,0,0,0,0,0,0,0,-20000,0,0,0,0,20000,-20000,-20000
047941,義隆國票94購02  ,0,0,0,0,0,0,0,0,0,-20000,0,0,0,0,20000,-20000,-20000
049402,奇鋐群益95購02  ,0,0,0,0,0,0,0,0,0,-20000,0,0,0,0,20000,-20000,-20000
048699,嘉晶國票95購01  ,0,0,0,0,0,0,0,0,0,-20000,0,0,0,0,20000,-20000,-20000
046941,瑞昱元大93購08  ,0,0,0,0,0,0,0,0,0,-20000,0,0,0,50000,70000,-20000,-20000
049598,超眾元大95購03  ,0,0,0,0,0,0,0,0,0,-20000,0,0,0,33000,53000,-20000,-20000
049631,臺股指群益94購04,0,0,0,0,0,0,0,0,0,-20000,0,0,0,0,20000,-20000,-20000
049623,創意群益94購01  ,0,0,0,0,0,0,0,0,0,-20000,0,0,0,0,20000,-20000,-20000
049511,奇力新凱基94購03,0,0,0,0,0,0,0,0,0,-20000,0,0,0,0,20000,-20000,-20000
048007,明基材元大96購01,0,0,0,0,0,0,0,0,0,-20000,0,0,0,110000,130000,-20000,-20000
048023,鴻海凱基93購28  ,0,0,0,0,0,0,0,0,0,-20000,0,0,0,0,20000,-20000,-20000
048033,大立光凱基93購28,0,0,0,0,0,0,0,0,0,-20000,0,0,0,30000,50000,-20000,-20000
052789,台積電麥證96購01,0,0,0,0,20000,-20000,0,0,0,-20000,0,0,0,0,20000,-20000,-20000
052781,瀚宇博國票97購03,0,0,0,0,0,0,0,0,0,-20000,0,0,0,0,20000,-20000,-20000
05275P,國巨凱基95售05  ,0,0,0,0,0,0,0,0,0,-20000,0,0,0,0,20000,-20000,-20000
052740,聯發科元大96購07,0,0,0,0,0,0,0,0,0,-20000,0,0,0,0,20000,-20000,-20000
052701,群創國票96購01  ,0,0,0,0,0,0,0,0,0,-20000,0,0,0,19000,39000,-20000,-20000
052896,宏達電群益96購01,0,0,0,0,0,0,0,0,0,-20000,0,0,0,63000,83000,-20000,-20000
052897,緯創群益96購03  ,0,0,0,0,0,0,0,0,0,-20000,0,0,0,0,20000,-20000,-20000
053011,鴻海統一98購01  ,0,0,0,0,0,0,0,0,0,-20000,0,0,0,0,20000,-20000,-20000
053077,同欣電永豐96購01,0,0,0,0,0,0,0,0,0,-20000,0,0,0,0,20000,-20000,-20000
053074,嘉晶永豐96購02  ,0,0,0,0,0,0,0,0,0,-20000,0,0,0,20000,40000,-20000,-20000
053075,欣興永豐96購01  ,0,0,0,0,0,0,0,0,0,-20000,0,0,0,0,20000,-20000,-20000
053140,燿華永豐96購02  ,0,0,0,0,0,0,0,0,0,-20000,0,0,0,27000,47000,-20000,-20000
052549,喬山國票97購01  ,0,0,0,0,0,0,0,0,0,-20000,0,0,0,0,20000,-20000,-20000
052416,滬深2X兆豐96購02,0,0,0,0,0,0,0,0,0,-20000,0,0,0,0,20000,-20000,-20000
052478,大立光群益95購05,0,0,0,0,0,0,0,0,0,-20000,0,0,0,0,20000,-20000,-20000
052344,台表科凱基98購01,0,0,0,0,0,0,0,0,0,-20000,0,0,0,0,20000,-20000,-20000
051961,泰碩永豐95購01  ,0,0,0,0,0,0,0,0,0,-20000,0,0,0,30000,50000,-20000,-20000
051965,傳奇永豐95購01  ,0,0,0,0,0,0,0,0,0,-20000,0,0,0,0,20000,-20000,-20000
051966,台表科永豐95購01,0,0,0,0,0,0,0,0,0,-20000,0,0,0,0,20000,-20000,-20000
052158,華泰永豐95購01  ,0,0,0,0,0,0,0,0,0,-20000,0,0,0,0,20000,-20000,-20000
051344,鴻海元大95購08  ,0,0,0,0,0,0,0,0,0,-20000,0,0,0,100000,120000,-20000,-20000
051339,智易永豐95購02  ,0,0,0,0,0,0,0,0,0,-20000,0,0,0,13000,33000,-20000,-20000
051365,瀚宇博國泰97購01,0,0,0,0,0,0,0,0,0,-20000,0,0,0,4000,24000,-20000,-20000
051369,新光金富邦9A購01,0,0,0,0,0,0,0,0,0,-20000,0,0,0,0,20000,-20000,-20000
051307,康舒凱基95購01  ,0,0,0,0,0,0,0,0,0,-20000,0,0,0,47000,67000,-20000,-20000
051385,矽創群益95購01  ,0,0,0,0,0,0,0,0,0,-20000,0,0,0,0,20000,-20000,-20000
051415,晶技國票96購01  ,0,0,0,0,0,0,0,0,0,-20000,0,0,0,0,20000,-20000,-20000
051276,SGBR2X中信97購01,0,0,0,0,0,0,0,0,0,-20000,0,0,0,0,20000,-20000,-20000
051261,鴻海永昌96購05  ,0,0,0,0,0,0,0,0,0,-20000,0,0,0,0,20000,-20000,-20000
051114,鈺齊中信95購01  ,0,0,0,0,0,0,0,0,0,-20000,0,0,0,30000,50000,-20000,-20000
051128,台表科群益95購02,0,0,0,0,0,0,0,0,0,-20000,0,0,0,211000,231000,-20000,-20000
051483,玉晶光凱基96購02,0,0,0,0,0,0,0,0,0,-20000,0,0,0,0,20000,-20000,-20000
051536,玉晶光國票97購01,0,0,0,0,0,0,0,0,0,-20000,0,0,0,0,20000,-20000,-20000
051590,玉晶光元大96購02,0,0,0,0,0,0,0,0,0,-20000,0,0,0,0,20000,-20000,-20000
051568,智邦富邦95購01  ,0,0,0,0,0,0,0,0,0,-20000,0,0,0,0,20000,-20000,-20000
051637,嘉聯益國票96購01,0,0,0,0,0,0,0,0,0,-20000,0,0,0,0,20000,-20000,-20000
051766,泰鼎元大95購02  ,0,0,0,0,0,0,0,0,0,-20000,0,0,0,0,20000,-20000,-20000
051667,光磊元大96購02  ,0,0,0,0,0,0,0,0,0,-20000,0,0,0,0,20000,-20000,-20000
051737,瑞昱國票96購01  ,0,0,0,0,0,0,0,0,0,-20000,0,0,0,14000,34000,-20000,-20000
051052,台積電群益95購01,0,0,0,0,0,0,0,0,0,-20000,0,0,0,65000,85000,-20000,-20000
050977,聯發科統一95購02,0,0,0,0,0,0,0,0,0,-20000,0,0,0,10000,30000,-20000,-20000
050773,京鼎元大94購02  ,0,0,0,0,0,0,0,0,0,-20000,0,0,0,2000,22000,-20000,-20000
050756,京元電元富94購03,0,0,0,0,0,0,0,0,0,-20000,0,0,0,0,20000,-20000,-20000
050757,聯發科元富94購03,0,0,0,0,0,0,0,0,0,-20000,0,0,0,0,20000,-20000,-20000
050840,中環國票96購01  ,0,0,0,0,0,0,0,0,0,-20000,0,0,0,0,20000,-20000,-20000
050886,台積電富邦95購04,0,0,0,0,0,0,0,0,0,-20000,0,0,0,0,20000,-20000,-20000
050877,美律統一95購01  ,0,0,0,0,0,0,0,0,0,-20000,0,0,0,122000,142000,-20000,-20000
050599,美食麥證94購01  ,0,0,0,0,20000,-20000,0,0,0,-20000,0,0,0,0,20000,-20000,-20000
050690,台達電凱基96購01,0,0,0,0,0,0,0,0,0,-20000,0,0,0,0,20000,-20000,-20000
050660,欣興元大96購02  ,0,0,0,0,0,0,0,0,0,-20000,0,0,0,0,20000,-20000,-20000
050450,富邦金元大94購03,0,0,0,0,0,0,0,0,0,-20000,0,0,0,0,20000,-20000,-20000
050401,鎧勝中信94購01  ,0,0,0,0,0,0,0,0,0,-20000,0,0,0,0,20000,-20000,-20000
050408,臻鼎台新94購02  ,0,0,0,0,0,0,0,0,0,-20000,0,0,0,0,20000,-20000,-20000
050376,百和元大95購01  ,0,0,0,0,0,0,0,0,0,-20000,0,0,0,0,20000,-20000,-20000
06450P,聯發科元大98售03,0,0,0,0,0,0,0,0,0,-20000,0,0,0,10000,30000,-20000,-20000
06451P,聯發科元大98售04,0,0,0,0,0,0,0,0,0,-20000,0,0,0,0,20000,-20000,-20000
08478P,臺股指凱基9C售16,0,0,0,0,0,0,0,0,0,-20000,0,0,0,0,20000,-20000,-20000
1532,勤美            ,104000,129000,-25000,0,0,0,0,0,0,5000,5000,0,5000,0,0,0,-20000
2542,興富發          ,1271000,1367000,-96000,0,0,0,0,0,0,76000,126000,50000,76000,0,0,0,-20000
2852,第一保          ,11000,31000,-20000,0,0,0,0,0,0,0,0,0,0,0,0,0,-20000
2227,裕日車          ,9000,34000,-25000,0,0,0,2000,0,2000,3000,3000,0,3000,0,0,0,-20000
4763,材料-KY         ,14000,40000,-26000,0,0,0,0,0,0,6000,6000,0,6000,0,0,0,-20000
05788P,臺股指永昌96售05,0,0,0,0,0,0,0,0,0,-20000,370000,0,370000,1204000,1594000,-390000,-20000
05747P,漢唐群益96售03  ,0,0,0,0,0,0,0,0,0,-20000,0,0,0,0,20000,-20000,-20000
05772P,景碩凱基96售02  ,0,0,0,0,0,0,0,0,0,-20000,0,0,0,0,20000,-20000,-20000
05896P,宏達電群益96售03,0,0,0,0,0,0,0,0,0,-20000,0,0,0,24000,44000,-20000,-20000
05950P,台積電國票97售04,0,0,0,0,0,0,0,0,0,-20000,0,0,0,10000,30000,-20000,-20000
05986P,大立光統一97售03,0,0,0,0,0,0,0,0,0,-20000,0,0,0,26000,46000,-20000,-20000
06130P,玉晶光元富97售07,0,0,0,0,0,0,0,0,0,-20000,0,0,0,0,20000,-20000,-20000
06148P,台積電元大97售17,0,0,0,0,0,0,0,0,0,-20000,0,0,0,500000,520000,-20000,-20000
06388P,鴻海兆豐97售04  ,0,0,0,0,0,0,0,0,0,-20000,0,0,0,5000,25000,-20000,-20000
06391P,上銀中信97售03  ,0,0,0,0,0,0,0,0,0,-20000,0,0,0,0,20000,-20000,-20000
06420P,大立光統一98售06,0,0,0,0,0,0,0,0,0,-20000,0,0,0,0,20000,-20000,-20000
06223P,漢唐元富97售02  ,0,0,0,0,0,0,0,0,0,-20000,0,0,0,0,20000,-20000,-20000
06255P,臺股指群益97售08,0,0,0,0,0,0,0,0,0,-20000,0,0,0,7000,27000,-20000,-20000
06285P,台積電國票98售04,0,0,0,0,0,0,0,0,0,-20000,0,0,0,0,20000,-20000,-20000
056283,鴻海永豐97購03  ,0,0,0,0,0,0,0,0,0,-20000,0,0,0,0,20000,-20000,-20000
056335,微星凱基98購01  ,0,0,0,0,0,0,0,0,0,-20000,0,0,0,0,20000,-20000,-20000
056391,大立光富邦9C購01,0,0,0,0,0,0,0,0,0,-20000,0,0,0,0,20000,-20000,-20000
056212,台光電國票98購03,0,0,0,0,0,0,0,0,0,-20000,0,0,0,0,20000,-20000,-20000
056193,聯發科富邦99購08,0,0,0,0,0,0,0,0,0,-20000,0,0,0,0,20000,-20000,-20000
053515,致伸群益96購02  ,0,0,0,0,0,0,0,0,0,-21000,0,0,0,0,21000,-21000,-21000
053808,大成鋼群益97購01,0,0,0,0,0,0,0,0,0,-21000,0,0,0,0,21000,-21000,-21000
054231,國巨群益98購03  ,0,0,0,0,0,0,0,0,0,-21000,0,0,0,0,21000,-21000,-21000
054421,臺股指元大99購03,0,0,0,0,0,0,0,0,0,-21000,0,0,0,495000,516000,-21000,-21000
054759,台化國票98購01  ,0,0,0,0,0,0,0,0,0,-21000,0,0,0,0,21000,-21000,-21000
054803,味全元大9A購01  ,0,0,0,0,0,0,0,0,0,-21000,0,0,0,0,21000,-21000,-21000
054865,可成群益97購01  ,0,0,0,0,0,0,0,0,0,-21000,0,0,0,21000,42000,-21000,-21000
055711,上銀元大97購04  ,0,0,0,0,0,0,0,0,0,-21000,0,0,0,56000,77000,-21000,-21000
055435,佳世達中信99購01,0,0,0,0,0,0,0,0,0,-21000,0,0,0,55000,76000,-21000,-21000
055360,台表科凱基97購02,0,0,0,0,0,0,0,0,0,-21000,0,0,0,0,21000,-21000,-21000
044289,群創凱基93購04  ,0,0,0,0,0,0,0,0,0,-21000,0,0,0,13000,34000,-21000,-21000
04647P,上海銀凱基94售04,0,0,0,0,0,0,0,0,0,-21000,0,0,0,2000,23000,-21000,-21000
048410,和碩群益93購01  ,0,0,0,0,0,0,0,0,0,-21000,0,0,0,30000,51000,-21000,-21000
044518,京鼎凱基92購01  ,0,0,0,0,0,0,0,0,0,-21000,0,0,0,0,21000,-21000,-21000
04259P,滬深2X群益93售03,0,0,0,0,0,0,0,0,0,-21000,0,0,0,20000,41000,-21000,-21000
049653,緯穎凱基94購03  ,0,0,0,0,0,0,0,0,0,-21000,0,0,0,0,21000,-21000,-21000
049619,宏達電群益95購02,0,0,0,0,0,0,0,0,0,-21000,0,0,0,0,21000,-21000,-21000
049966,旺宏國票95購02  ,0,0,0,0,0,0,0,0,0,-21000,0,0,0,37000,58000,-21000,-21000
048159,聯詠兆豐93購03  ,0,0,0,0,0,0,0,0,0,-21000,0,0,0,9000,30000,-21000,-21000
049020,可成群益94購02  ,0,0,0,0,0,0,0,0,0,-21000,0,0,0,10000,31000,-21000,-21000
048736,台達電統一94購01,0,0,0,0,0,0,0,0,0,-21000,0,0,0,87000,108000,-21000,-21000
047042,佐登群益93購01  ,0,0,0,0,0,0,0,0,0,-21000,0,0,0,0,21000,-21000,-21000
046887,華通群益93購01  ,0,0,0,0,0,0,0,0,0,-21000,0,0,0,0,21000,-21000,-21000
050435,大立光凱基94購17,0,0,0,0,0,0,0,0,0,-21000,0,0,0,0,21000,-21000,-21000
050722,聯電國票96購01  ,0,0,0,0,0,0,0,0,0,-21000,0,0,0,19000,40000,-21000,-21000
050883,嘉聯益國泰96購01,0,0,0,0,0,0,0,0,0,-21000,0,0,0,0,21000,-21000,-21000
051041,大立光永豐95購01,0,0,0,0,0,0,0,0,0,-21000,0,0,0,0,21000,-21000,-21000
051684,瑞昱凱基95購02  ,0,0,0,0,0,0,0,0,0,-21000,0,0,0,26000,47000,-21000,-21000
051372,樺漢富邦96購01  ,0,0,0,0,0,0,0,0,0,-21000,0,0,0,0,21000,-21000,-21000
051355,聯發科元大96購01,0,0,0,0,0,0,0,0,0,-21000,0,0,0,0,21000,-21000,-21000
052271,力成日盛95購02  ,0,0,0,0,0,0,0,0,0,-21000,0,0,0,63000,84000,-21000,-21000
053047,寶成中信97購01  ,0,0,0,0,0,0,0,0,0,-21000,0,0,0,0,21000,-21000,-21000
053028,康控富邦98購01  ,0,0,0,0,0,0,0,0,0,-21000,0,0,0,100000,121000,-21000,-21000
052666,瑞昱群益96購01  ,0,0,0,0,0,0,0,0,0,-21000,0,0,0,11000,32000,-21000,-21000
055944,日月光麥證97購01,0,0,0,0,29000,-29000,0,0,0,-21000,0,0,0,8000,29000,-21000,-21000
055985,聯鈞元富97購01  ,0,0,0,0,0,0,0,0,0,-21000,0,0,0,60000,81000,-21000,-21000
06272P,台郡凱基97售04  ,0,0,0,0,0,0,0,0,0,-21000,0,0,0,3000,24000,-21000,-21000
06228P,亞德客凱基97售04,0,0,0,0,0,0,0,0,0,-21000,0,0,0,9000,30000,-21000,-21000
06359P,上銀群益97售03  ,0,0,0,0,0,0,0,0,0,-21000,0,0,0,10000,31000,-21000,-21000
06118P,上証2X凱基98售03,0,0,0,0,0,0,0,0,0,-21000,0,0,0,105000,126000,-21000,-21000
4989,榮科            ,60000,82000,-22000,0,0,0,0,0,0,1000,1000,0,1000,0,0,0,-21000
2331,精英            ,175000,147000,28000,0,0,0,0,0,0,-49000,21000,68000,-47000,0,2000,-2000,-21000
1786,科妍            ,48000,77000,-29000,0,0,0,0,0,0,8000,23000,15000,8000,0,0,0,-21000
00743,國泰中國A150    ,0,0,0,0,0,0,0,0,0,-21200,0,0,0,4000,25200,-21200,-21200
055202,神達群益97購01  ,0,0,0,0,0,0,0,0,0,-22000,0,0,0,0,22000,-22000,-22000
055218,彩晶凱基99購01  ,0,0,0,0,0,0,0,0,0,-22000,0,0,0,0,22000,-22000,-22000
054868,國泰金群益9A購01,0,0,0,0,0,0,0,0,0,-22000,0,0,0,11000,33000,-22000,-22000
054877,百和群益98購01  ,0,0,0,0,0,0,0,0,0,-22000,0,0,0,18000,40000,-22000,-22000
055029,帆宣國泰99購01  ,0,0,0,0,0,0,0,0,0,-22000,0,0,0,235000,257000,-22000,-22000
054979,南港元富97購01  ,0,0,0,0,0,0,0,0,0,-22000,0,0,0,13000,35000,-22000,-22000
05509P,智邦元富96售02  ,0,0,0,0,0,0,0,0,0,-22000,0,0,0,0,22000,-22000,-22000
054584,貿聯元富97購01  ,0,0,0,0,0,0,0,0,0,-22000,0,0,0,20000,42000,-22000,-22000
054277,亞光群益97購01  ,0,0,0,0,0,0,0,0,0,-22000,0,0,0,0,22000,-22000,-22000
053499,禾伸堂兆豐96購01,0,0,0,0,0,0,0,0,0,-22000,0,0,0,5000,27000,-22000,-22000
0055,元大MSCI金融    ,0,0,0,0,0,0,0,0,0,-22000,0,0,0,0,22000,-22000,-22000
041824,元油2X國票96購01,0,0,0,0,0,0,0,0,0,-22000,0,0,0,0,22000,-22000,-22000
04157P,鎧勝永豐93售02  ,0,0,0,0,0,0,0,0,0,-22000,0,0,0,26000,48000,-22000,-22000
03977P,上海銀元大93售01,0,0,0,0,0,0,0,0,0,-22000,0,0,0,3000,25000,-22000,-22000
04247P,宏達電永豐93售02,0,0,0,0,0,0,0,0,0,-22000,0,0,0,24000,46000,-22000,-22000
045031,上銀群益93購02  ,0,0,0,0,0,0,0,0,0,-22000,0,0,0,40000,62000,-22000,-22000
046154,道瓊指群益94購01,0,0,0,0,0,0,0,0,0,-22000,0,0,0,0,22000,-22000,-22000
047028,新日興元大93購02,0,0,0,0,0,0,0,0,0,-22000,0,0,0,203000,225000,-22000,-22000
049208,台郡群益94購01  ,0,0,0,0,0,0,0,0,0,-22000,0,0,0,0,22000,-22000,-22000
048976,華擎元大94購01  ,0,0,0,0,0,0,0,0,0,-22000,0,0,0,43000,65000,-22000,-22000
050180,華新科元大95購08,0,0,0,0,0,0,0,0,0,-22000,0,0,0,43000,65000,-22000,-22000
050313,大立光兆豐94購05,0,0,0,0,0,0,0,0,0,-22000,0,0,0,0,22000,-22000,-22000
052583,友達台新96購02  ,0,0,0,0,0,0,0,0,0,-22000,0,0,0,0,22000,-22000,-22000
052891,台泥群益96購01  ,0,0,0,0,0,0,0,0,0,-22000,0,0,0,10000,32000,-22000,-22000
051691,台表科凱基95購01,0,0,0,0,0,0,0,0,0,-22000,0,0,0,0,22000,-22000,-22000
051701,華通群益97購01  ,0,0,0,0,0,0,0,0,0,-22000,0,0,0,0,22000,-22000,-22000
050900,台郡元大95購02  ,0,0,0,0,0,0,0,0,0,-22000,0,0,0,80000,102000,-22000,-22000
050674,瑞昱富邦94購02  ,0,0,0,0,0,0,0,0,0,-22000,0,0,0,89000,111000,-22000,-22000
05053P,新日興群益95售01,0,0,0,0,0,0,0,0,0,-22000,0,0,0,10000,32000,-22000,-22000
6226,光鼎            ,13000,36000,-23000,0,0,0,0,0,0,1000,1000,0,1000,0,0,0,-22000
05765P,臺股指永豐96售01,0,0,0,0,0,0,0,0,0,-22000,0,0,0,0,22000,-22000,-22000
05854P,華新科凱基96售09,0,0,0,0,0,0,0,0,0,-22000,0,0,0,6000,28000,-22000,-22000
056015,華通群益99購01  ,0,0,0,0,0,0,0,0,0,-22000,0,0,0,0,22000,-22000,-22000
056020,義隆群益97購01  ,0,0,0,0,0,0,0,0,0,-22000,0,0,0,0,22000,-22000,-22000
055952,上銀元大97購08  ,0,0,0,0,0,0,0,0,0,-22000,0,0,0,46000,68000,-22000,-22000
05645P,聯發科凱基96售13,0,0,0,0,0,0,0,0,0,-22000,0,0,0,27000,49000,-22000,-22000
05671P,友達國泰97售03  ,0,0,0,0,0,0,0,0,0,-22000,0,0,0,5000,27000,-22000,-22000
053591,大立光元大99購03,0,0,0,0,0,0,0,0,0,-23000,0,0,0,0,23000,-23000,-23000
054464,奇力新凱基98購02,0,0,0,0,0,0,0,0,0,-23000,0,0,0,52000,75000,-23000,-23000
054069,亞光國泰98購01  ,0,0,0,0,0,0,0,0,0,-23000,0,0,0,87000,110000,-23000,-23000
054015,晶豪科永豐96購03,0,0,0,0,0,0,0,0,0,-23000,0,0,0,35000,58000,-23000,-23000
053898,康友群益97購01  ,0,0,0,0,0,0,0,0,0,-23000,0,0,0,0,23000,-23000,-23000
053942,超眾國泰96購02  ,0,0,0,0,0,0,0,0,0,-23000,0,0,0,100000,123000,-23000,-23000
054761,台光電國票98購02,0,0,0,0,0,0,0,0,0,-23000,0,0,0,100000,123000,-23000,-23000
05485P,旺宏凱基95售08  ,0,0,0,0,0,0,0,0,0,-23000,0,0,0,0,23000,-23000,-23000
044466,和大群益93購01  ,0,0,0,0,0,0,0,0,0,-23000,0,0,0,10000,33000,-23000,-23000
045881,同欣電元富92購01,0,0,0,0,0,0,0,0,0,-23000,0,0,0,0,23000,-23000,-23000
045859,華通統一92購01  ,0,0,0,0,0,0,0,0,0,-23000,0,0,0,0,23000,-23000,-23000
050007,貿聯永豐94購01  ,0,0,0,0,0,0,0,0,0,-23000,0,0,0,93000,116000,-23000,-23000
04913P,聯詠元富94售02  ,0,0,0,0,0,0,0,0,0,-23000,0,0,0,1000,24000,-23000,-23000
047144,華通群益94購01  ,0,0,0,0,0,0,0,0,0,-23000,0,0,0,70000,93000,-23000,-23000
04714P,上海銀元大94售01,0,0,0,0,0,0,0,0,0,-23000,0,0,0,27000,50000,-23000,-23000
046770,聯發科國泰94購01,0,0,0,0,0,0,0,0,0,-23000,0,0,0,146000,169000,-23000,-23000
051591,玉晶光元大97購01,0,0,0,0,0,0,0,0,0,-23000,0,0,0,135000,158000,-23000,-23000
051381,玉晶光群益98購01,0,0,0,0,0,0,0,0,0,-23000,0,0,0,30000,53000,-23000,-23000
051113,聯電元富95購01  ,0,0,0,0,0,0,0,0,0,-23000,0,0,0,107000,130000,-23000,-23000
052983,國巨元大96購07  ,0,0,0,0,0,0,0,0,0,-23000,0,0,0,0,23000,-23000,-23000
053057,聯電國泰97購02  ,0,0,0,0,0,0,0,0,0,-23000,0,0,0,220000,243000,-23000,-23000
055793,臺股指凱基97購16,0,0,0,0,0,0,0,0,0,-23000,0,0,0,0,23000,-23000,-23000
055794,聯發科國泰99購01,0,0,0,0,0,0,0,0,0,-23000,0,0,0,0,23000,-23000,-23000
05972P,瑞昱元大96售01  ,0,0,0,0,0,0,0,0,0,-23000,0,0,0,8000,31000,-23000,-23000
05954P,旺宏國票97售03  ,0,0,0,0,0,0,0,0,0,-23000,0,0,0,13000,36000,-23000,-23000
9925,新保            ,4000,30000,-26000,0,0,0,0,0,0,3000,3000,0,3000,0,0,0,-23000
1905,華紙            ,56000,92000,-36000,0,0,0,0,0,0,13000,15000,2000,13000,0,0,0,-23000
1439,中和            ,23000,41000,-18000,0,0,0,0,0,0,-5000,1000,6000,-5000,0,0,0,-23000
054894,GIS統一97購01   ,0,0,0,0,0,0,0,0,0,-24000,0,0,0,54000,78000,-24000,-24000
055131,茂林康和97購01  ,0,0,0,0,0,0,0,0,0,-24000,0,0,0,16000,40000,-24000,-24000
054589,聯鈞國泰99購01  ,0,0,0,0,0,0,0,0,0,-24000,0,0,0,3000,27000,-24000,-24000
055270,上銀元大97購03  ,0,0,0,0,0,0,0,0,0,-24000,0,0,0,156000,180000,-24000,-24000
055141,牧德永豐98購02  ,0,0,0,0,0,0,0,0,0,-24000,0,0,0,0,24000,-24000,-24000
053853,康控國泰97購02  ,0,0,0,0,0,0,0,0,0,-24000,0,0,0,20000,44000,-24000,-24000
054374,信邦中信96購01  ,0,0,0,0,0,0,0,0,0,-24000,0,0,0,0,24000,-24000,-24000
054259,健策元大97購03  ,0,0,0,0,0,0,0,0,0,-24000,0,0,0,146000,170000,-24000,-24000
053811,國巨群益98購02  ,0,0,0,0,0,0,0,0,0,-24000,0,0,0,41000,65000,-24000,-24000
053229,南電台新97購01  ,0,0,0,0,0,0,0,0,0,-24000,0,0,0,91000,115000,-24000,-24000
044509,台光電凱基93購03,0,0,0,0,0,0,0,0,0,-24000,0,0,0,6000,30000,-24000,-24000
044950,玉晶光群益94購01,0,0,0,0,0,0,0,0,0,-24000,0,0,0,57000,81000,-24000,-24000
04395P,台積電群益94售06,0,0,0,0,0,0,0,0,0,-24000,0,0,0,1000,25000,-24000,-24000
046577,東元元大92購02  ,0,0,0,0,0,0,0,0,0,-24000,0,0,0,3000,27000,-24000,-24000
03945P,欣興群益94售01  ,0,0,0,0,0,0,0,0,0,-24000,0,0,0,10000,34000,-24000,-24000
049901,瑞昱元富94購01  ,0,0,0,0,0,0,0,0,0,-24000,0,0,0,74000,98000,-24000,-24000
050104,元石油元大97購02,0,0,0,0,0,0,0,0,0,-24000,0,0,0,0,24000,-24000,-24000
050061,聯發科凱基94購07,0,0,0,0,0,0,0,0,0,-24000,0,0,0,58000,82000,-24000,-24000
052693,微星中信96購01  ,0,0,0,0,0,0,0,0,0,-24000,0,0,0,6000,30000,-24000,-24000
052461,和大統一95購01  ,0,0,0,0,0,0,0,0,0,-24000,0,0,0,88000,112000,-24000,-24000
2441,超豐            ,122000,162000,-40000,0,0,0,5000,0,5000,11000,11000,0,11000,0,0,0,-24000
6183,關貿            ,2000,27000,-25000,0,0,0,0,0,0,1000,1000,0,1000,0,0,0,-24000
05956P,漢唐國票96售02  ,0,0,0,0,0,0,0,0,0,-24000,0,0,0,20000,44000,-24000,-24000
055722,聯鈞元大97購03  ,0,0,0,0,0,0,0,0,0,-24000,0,0,0,0,24000,-24000,-24000
055867,臺股指元大97購05,0,0,0,0,0,0,0,0,0,-24000,0,0,0,10000,34000,-24000,-24000
6698,旭暉應材        ,94000,41000,53000,0,0,0,133000,157000,-24000,-53884,0,53884,-53884,0,0,0,-24884
053371,滬深2X元大99購01,0,0,0,0,0,0,0,0,0,-25000,0,0,0,40000,65000,-25000,-25000
053816,聯發科群益96購02,0,0,0,0,0,0,0,0,0,-25000,0,0,0,0,25000,-25000,-25000
053495,聯發科兆豐96購02,0,0,0,0,0,0,0,0,0,-25000,0,0,0,0,25000,-25000,-25000
054201,聯詠富邦97購02  ,0,0,0,0,0,0,0,0,0,-25000,0,0,0,29000,54000,-25000,-25000
055151,台積電元大98購05,0,0,0,0,0,0,0,0,0,-25000,0,0,0,213000,238000,-25000,-25000
055196,致新元富97購01  ,0,0,0,0,0,0,0,0,0,-25000,0,0,0,1000,26000,-25000,-25000
055510,GIS元大97購03   ,0,0,0,0,0,0,0,0,0,-25000,0,0,0,50000,75000,-25000,-25000
055651,富邦金元富97購01,0,0,0,0,0,0,0,0,0,-25000,0,0,0,0,25000,-25000,-25000
054480,和碩中信98購01  ,0,0,0,0,0,0,0,0,0,-25000,0,0,0,0,25000,-25000,-25000
054899,南港康和97購01  ,0,0,0,0,0,0,0,0,0,-25000,0,0,0,0,25000,-25000,-25000
042089,台灣50中信94購03,0,0,0,0,0,0,0,0,0,-25000,0,0,0,14000,39000,-25000,-25000
044814,華邦電兆豐93購02,0,0,0,0,0,0,0,0,0,-25000,0,0,0,0,25000,-25000,-25000
046089,南亞科兆豐92購01,0,0,0,0,0,0,0,0,0,-25000,0,0,0,0,25000,-25000,-25000
045936,富邦金群益94購01,0,0,0,0,0,0,0,0,0,-25000,0,0,0,0,25000,-25000,-25000
045106,玉晶光群益95購01,0,0,0,0,0,0,0,0,0,-25000,0,0,0,45000,70000,-25000,-25000
04819P,嘉澤永豐94售01  ,0,0,0,0,0,0,0,0,0,-25000,0,0,0,0,25000,-25000,-25000
048678,統一富邦93購01  ,0,0,0,0,0,0,0,0,0,-25000,0,0,0,10000,35000,-25000,-25000
049740,禾伸堂群益94購01,0,0,0,0,0,0,0,0,0,-25000,0,0,0,15000,40000,-25000,-25000
049101,聯詠國泰95購01  ,0,0,0,0,0,0,0,0,0,-25000,0,0,0,9000,34000,-25000,-25000
049547,新光金群益94購01,0,0,0,0,0,0,0,0,0,-25000,0,0,0,40000,65000,-25000,-25000
04713P,創意元大95售01  ,0,0,0,0,0,0,0,0,0,-25000,0,0,0,75000,100000,-25000,-25000
048889,牧德元富94購03  ,0,0,0,0,0,0,0,0,0,-25000,0,0,0,41000,66000,-25000,-25000
047219,美律麥證94購01  ,0,0,0,50000,75000,-25000,0,0,0,-25000,0,0,0,50000,75000,-25000,-25000
047255,訊芯群益93購01  ,0,0,0,0,0,0,0,0,0,-25000,0,0,0,60000,85000,-25000,-25000
04828P,聯發科凱基94售15,0,0,0,0,0,0,0,0,0,-25000,0,0,0,0,25000,-25000,-25000
047809,瑞昱凱基93購08  ,0,0,0,0,0,0,0,0,0,-25000,0,0,0,58000,83000,-25000,-25000
048704,台表科國票95購01,0,0,0,0,0,0,0,0,0,-25000,0,0,0,12000,37000,-25000,-25000
047526,可成元大93購08  ,0,0,0,0,0,0,0,0,0,-25000,0,0,0,0,25000,-25000,-25000
049332,深中小統一94購02,0,0,0,0,0,0,0,0,0,-25000,0,0,0,0,25000,-25000,-25000
049329,元上證統一94購02,0,0,0,0,0,0,0,0,0,-25000,0,0,0,0,25000,-25000,-25000
052481,利勤群益95購01  ,0,0,0,0,0,0,0,0,0,-25000,0,0,0,5000,30000,-25000,-25000
051896,柏文元富95購01  ,0,0,0,0,0,0,0,0,0,-25000,0,0,0,75000,100000,-25000,-25000
053068,智伸科群益96購01,0,0,0,0,0,0,0,0,0,-25000,0,0,0,0,25000,-25000,-25000
053090,新唐元大96購01  ,0,0,0,0,0,0,0,0,0,-25000,0,0,0,5000,30000,-25000,-25000
052980,上銀元大96購03  ,0,0,0,0,0,0,0,0,0,-25000,0,0,0,10000,35000,-25000,-25000
052889,致伸麥證97購01  ,0,0,0,20000,45000,-25000,0,0,0,-25000,0,0,0,20000,45000,-25000,-25000
051240,台積電元大95購12,0,0,0,0,0,0,0,0,0,-25000,0,0,0,84000,109000,-25000,-25000
05043P,佳世達元富95售01,0,0,0,0,0,0,0,0,0,-25000,0,0,0,5000,30000,-25000,-25000
05070P,鴻海統一96售04  ,0,0,0,0,0,0,0,0,0,-25000,0,0,0,39000,64000,-25000,-25000
050784,美律國泰96購01  ,0,0,0,0,0,0,0,0,0,-25000,0,0,0,145000,170000,-25000,-25000
051075,智邦國泰97購01  ,0,0,0,0,0,0,0,0,0,-25000,0,0,0,26000,51000,-25000,-25000
6168,宏齊            ,67000,95000,-28000,0,0,0,0,0,0,3000,4000,1000,3000,0,0,0,-25000
6525,捷敏-KY         ,59000,95000,-36000,0,0,0,0,0,0,11000,11000,0,11000,0,0,0,-25000
05589P,大立光中信9A售01,0,0,0,0,0,0,0,0,0,-25000,0,0,0,25000,50000,-25000,-25000
055994,聯發科國泰99購02,0,0,0,0,0,0,0,0,0,-25000,0,0,0,50000,75000,-25000,-25000
056246,祥碩群益97購01  ,0,0,0,0,0,0,0,0,0,-25000,0,0,0,12000,37000,-25000,-25000
056177,嘉澤元富97購01  ,0,0,0,0,0,0,0,0,0,-25000,0,0,0,0,25000,-25000,-25000
056060,宏達電元大99購01,0,0,0,0,0,0,0,0,0,-25000,0,0,0,450000,475000,-25000,-25000
05981P,可成永昌98售02  ,0,0,0,0,0,0,0,0,0,-25000,0,0,0,2000,27000,-25000,-25000
05813P,臺股指國票96售06,0,0,0,0,0,0,0,0,0,-25000,0,0,0,10000,35000,-25000,-25000
054879,大成鋼統一97購01,0,0,0,0,0,0,0,0,0,-26000,0,0,0,0,26000,-26000,-26000
054572,國巨元大98購03  ,0,0,0,0,0,0,0,0,0,-26000,0,0,0,0,26000,-26000,-26000
055517,國巨中信97購03  ,0,0,0,0,0,0,0,0,0,-26000,0,0,0,0,26000,-26000,-26000
055477,同欣電凱基98購01,0,0,0,0,0,0,0,0,0,-26000,0,0,0,10000,36000,-26000,-26000
055230,大毅國票98購01  ,0,0,0,0,0,0,0,0,0,-26000,0,0,0,0,26000,-26000,-26000
055233,康友國票98購01  ,0,0,0,0,0,0,0,0,0,-26000,0,0,0,0,26000,-26000,-26000
054254,晶豪科元大96購02,0,0,0,0,0,0,0,0,0,-26000,0,0,0,80000,106000,-26000,-26000
054281,世芯群益97購01  ,0,0,0,0,0,0,0,0,0,-26000,0,0,0,8000,34000,-26000,-26000
054394,奇力新永豐96購03,0,0,0,0,0,0,0,0,0,-26000,0,0,0,6000,32000,-26000,-26000
054343,世紀鋼元富96購02,0,0,0,0,0,0,0,0,0,-26000,0,0,0,0,26000,-26000,-26000
053620,臺股指群益96購06,0,0,0,0,0,0,0,0,0,-26000,0,0,0,0,26000,-26000,-26000
053346,群創國票97購04  ,0,0,0,0,0,0,0,0,0,-26000,0,0,0,8000,34000,-26000,-26000
053341,聯發科國票97購03,0,0,0,0,0,0,0,0,0,-26000,0,0,0,185000,211000,-26000,-26000
046652,上銀元大93購02  ,0,0,0,0,0,0,0,0,0,-26000,0,0,0,0,26000,-26000,-26000
044908,玉晶光凱基93購01,0,0,0,0,0,0,0,0,0,-26000,0,0,0,4000,30000,-26000,-26000
045751,智邦國泰93購01  ,0,0,0,0,0,0,0,0,0,-26000,0,0,0,4000,30000,-26000,-26000
043948,台表科兆豐92購01,0,0,0,0,0,0,0,0,0,-26000,0,0,0,0,26000,-26000,-26000
04289P,臺股指中信95售07,0,0,0,0,0,0,0,0,0,-26000,0,0,0,247000,273000,-26000,-26000
03184P,台積電元大01售48,0,0,0,0,0,0,0,0,0,-26000,0,0,0,16000,42000,-26000,-26000
049338,台達電統一94購04,0,0,0,0,0,0,0,0,0,-26000,0,0,0,20000,46000,-26000,-26000
048940,晶相光永豐94購01,0,0,0,0,0,0,0,0,0,-26000,0,0,0,0,26000,-26000,-26000
047749,富邦金元富93購01,0,0,0,0,0,0,0,0,0,-26000,0,0,0,0,26000,-26000,-26000
04695P,正崴康和94售01  ,0,0,0,0,0,0,0,0,0,-26000,0,0,0,27000,53000,-26000,-26000
049401,可成群益94購04  ,0,0,0,0,0,0,0,0,0,-26000,0,0,0,4000,30000,-26000,-26000
049776,全新統一95購02  ,0,0,0,0,0,0,0,0,0,-26000,0,0,0,102000,128000,-26000,-26000
049680,臺股指國票94購13,0,0,0,0,0,0,0,0,0,-26000,0,0,0,0,26000,-26000,-26000
051104,鈺齊元大96購01  ,0,0,0,0,0,0,0,0,0,-26000,0,0,0,0,26000,-26000,-26000
051024,南亞科統一95購01,0,0,0,0,0,0,0,0,0,-26000,0,0,0,104000,130000,-26000,-26000
050715,台積電群益96購01,0,0,0,0,0,0,0,0,0,-26000,0,0,0,62000,88000,-26000,-26000
050844,大立光國票96購01,0,15000,-15000,0,0,0,0,0,0,-11000,0,0,0,15000,26000,-11000,-26000
050595,緯穎永豐94購03  ,0,0,0,0,0,0,0,0,0,-26000,0,0,0,39000,65000,-26000,-26000
050407,聯詠台新94購02  ,0,0,0,0,0,0,0,0,0,-26000,0,0,0,11000,37000,-26000,-26000
051294,鴻海元富95購06  ,0,0,0,0,0,0,0,0,0,-26000,0,0,0,4000,30000,-26000,-26000
052750,臺股指元大96購04,0,0,0,0,0,0,0,0,0,-26000,0,0,0,0,26000,-26000,-26000
052159,瑞昱永豐95購01  ,0,0,0,0,0,0,0,0,0,-26000,0,0,0,32000,58000,-26000,-26000
052208,力成麥證95購01  ,0,0,0,50000,76000,-26000,0,0,0,-26000,0,0,0,50000,76000,-26000,-26000
05992P,華通元大96售05  ,0,0,0,0,0,0,0,0,0,-26000,0,0,0,9000,35000,-26000,-26000
4190,佐登-KY         ,70000,23000,47000,0,0,0,0,50000,-50000,-23000,1000,17000,-16000,0,7000,-7000,-26000
2443,億麗            ,0,29000,-29000,0,0,0,0,0,0,3000,3000,0,3000,0,0,0,-26000
3015,全漢            ,19000,46000,-27000,0,0,0,0,0,0,1000,1000,0,1000,0,0,0,-26000
2548,華固            ,351000,385000,-34000,0,0,0,0,0,0,8000,19000,27000,-8000,19000,3000,16000,-26000
053477,大立光元大97購03,0,0,0,0,0,0,0,0,0,-27000,0,0,0,3000,30000,-27000,-27000
053167,欣興群益96購03  ,0,0,0,0,0,0,0,0,0,-27000,0,0,0,10000,37000,-27000,-27000
054215,創意國票97購02  ,0,0,0,0,0,0,0,0,0,-27000,0,0,0,86000,113000,-27000,-27000
053977,新日興元大96購03,0,0,0,0,0,0,0,0,0,-27000,0,0,0,16000,43000,-27000,-27000
054552,聯發科凱基98購03,0,0,0,0,0,0,0,0,0,-27000,0,0,0,68000,95000,-27000,-27000
03414B,臺股指凱基99熊01,0,0,0,0,0,0,0,0,0,-27000,0,0,0,139000,166000,-27000,-27000
042705,台積電亞東93購01,0,0,0,0,0,0,0,0,0,-27000,0,0,0,0,27000,-27000,-27000
04195P,上海銀永豐93售01,0,0,0,0,0,0,0,0,0,-27000,0,0,0,3000,30000,-27000,-27000
046254,台表科群益92購02,0,0,0,0,0,0,0,0,0,-27000,0,0,0,10000,37000,-27000,-27000
046318,聯詠元大92購04  ,0,0,0,0,0,0,0,0,0,-27000,0,0,0,50000,77000,-27000,-27000
048665,欣興統一93購07  ,0,0,0,0,0,0,0,0,0,-27000,0,0,0,48000,75000,-27000,-27000
048210,鴻海日盛93購01  ,0,0,0,0,0,0,0,0,0,-27000,0,0,0,20000,47000,-27000,-27000
050339,鴻海統一94購06  ,0,0,0,0,0,0,0,0,0,-27000,0,0,0,103000,130000,-27000,-27000
047711,華新科凱基94購03,0,0,0,0,0,0,0,0,0,-27000,0,0,0,7000,34000,-27000,-27000
049515,同欣電凱基94購01,0,0,0,0,0,0,0,0,0,-27000,0,0,0,10000,37000,-27000,-27000
047074,大立光兆豐94購02,0,0,0,0,0,0,0,0,0,-27000,0,0,0,0,27000,-27000,-27000
052178,台郡元大96購03  ,0,0,0,0,0,0,0,0,0,-27000,0,0,0,50000,77000,-27000,-27000
052060,旺宏國票96購02  ,0,0,0,0,0,0,0,0,0,-27000,0,0,0,31000,58000,-27000,-27000
051788,奇力新國票97購02,0,0,0,0,0,0,0,0,0,-27000,0,0,0,17000,44000,-27000,-27000
4956,光鋐            ,38000,68000,-30000,0,0,0,0,0,0,3000,4000,1000,3000,0,0,0,-27000
9924,福興            ,40000,70000,-30000,0,0,0,0,0,0,3000,3000,0,3000,0,0,0,-27000
05895P,奇力新群益96售03,0,0,0,0,0,0,0,0,0,-27000,0,0,0,54000,81000,-27000,-27000
06256P,臺股指群益97售09,0,0,0,0,0,0,0,0,0,-27000,0,0,0,3000,30000,-27000,-27000
056154,宏達電凱基97購03,0,0,0,0,0,0,0,0,0,-27000,0,0,0,24000,51000,-27000,-27000
056032,勤誠康和97購03  ,0,0,0,0,0,0,0,0,0,-27000,0,0,0,166000,193000,-27000,-27000
055724,祥碩元大97購03  ,0,0,0,0,0,0,0,0,0,-27000,0,0,0,132000,159000,-27000,-27000
054550,旺宏凱基98購02  ,0,0,0,0,0,0,0,0,0,-28000,0,0,0,20000,48000,-28000,-28000
054635,台達電中信98購01,0,0,0,0,0,0,0,0,0,-28000,0,0,0,20000,48000,-28000,-28000
05529P,臺股指群益96售02,0,0,0,0,0,0,0,0,0,-28000,0,0,0,23000,51000,-28000,-28000
055291,京鼎元大97購02  ,0,0,0,0,0,0,0,0,0,-28000,0,0,0,2000,30000,-28000,-28000
055674,南港康和97購02  ,0,0,0,0,0,0,0,0,0,-28000,0,0,0,0,28000,-28000,-28000
054434,友達台新96購03  ,0,0,0,0,0,0,0,0,0,-28000,0,0,0,418000,446000,-28000,-28000
053569,漢唐統一98購01  ,0,0,0,0,0,0,0,0,0,-28000,0,0,0,0,28000,-28000,-28000
053675,臺股指元富96購02,0,0,0,0,0,0,0,0,0,-28000,0,0,0,0,28000,-28000,-28000
048576,義隆國泰95購01  ,0,0,0,0,0,0,0,0,0,-28000,0,0,0,75000,103000,-28000,-28000
046324,健策元大92購05  ,0,0,0,0,0,0,0,0,0,-28000,0,0,0,50000,78000,-28000,-28000
046108,A50正2元大95購02,0,0,0,0,0,0,0,0,0,-28000,0,0,0,2000,30000,-28000,-28000
045367,新光金兆豐92購01,0,0,0,0,0,0,0,0,0,-28000,0,0,0,2000,30000,-28000,-28000
04314P,聯茂元富93售01  ,0,0,0,0,0,0,0,0,0,-28000,0,0,0,30000,58000,-28000,-28000
046914,友達台新96購01  ,0,0,0,0,0,0,0,0,0,-28000,0,0,0,0,28000,-28000,-28000
049237,元油2X元富96購07,0,0,0,0,0,0,0,0,0,-28000,0,0,0,0,28000,-28000,-28000
048293,聯詠群益93購04  ,0,0,0,0,0,0,0,0,0,-28000,0,0,0,20000,48000,-28000,-28000
049379,智原元大95購01  ,0,0,0,0,0,0,0,0,0,-28000,0,0,0,0,28000,-28000,-28000
050317,和鑫國票95購02  ,0,0,0,0,0,0,0,0,0,-28000,0,0,0,37000,65000,-28000,-28000
05023P,和碩凱基95售01  ,0,0,0,0,0,0,0,0,0,-28000,0,0,0,0,28000,-28000,-28000
050131,新光金凱基94購01,0,0,0,0,0,0,0,0,0,-28000,0,0,0,0,28000,-28000,-28000
050740,旺宏永豐94購03  ,0,0,0,0,0,0,0,0,0,-28000,0,0,0,109000,137000,-28000,-28000
05104P,智邦台新95售02  ,0,0,0,0,0,0,0,0,0,-28000,0,0,0,0,28000,-28000,-28000
05204P,TPK元大95售03   ,0,0,0,0,0,0,0,0,0,-28000,0,0,0,100000,128000,-28000,-28000
052799,上銀元大96購01  ,0,0,0,0,0,0,0,0,0,-28000,0,0,0,61000,89000,-28000,-28000
055829,上銀元大97購06  ,0,0,0,0,0,0,0,0,0,-28000,0,0,0,6000,34000,-28000,-28000
056017,台積電群益97購04,0,0,0,0,0,0,0,0,0,-28000,0,0,0,65000,93000,-28000,-28000
055932,玉山金群益99購01,0,0,0,0,0,0,0,0,0,-28000,0,0,0,64000,92000,-28000,-28000
056064,大立光元大97購14,0,0,0,0,0,0,0,0,0,-28000,0,0,0,0,28000,-28000,-28000
056268,新日興統一97購01,0,0,0,0,0,0,0,0,0,-28000,0,0,0,0,28000,-28000,-28000
06268P,聯詠凱基97售02  ,0,0,0,0,0,0,0,0,0,-28000,0,0,0,0,28000,-28000,-28000
05748P,臺股指群益99售02,0,0,0,0,0,0,0,0,0,-28000,0,0,0,35000,63000,-28000,-28000
05730P,臺股指凱基97售03,0,0,0,0,0,0,0,0,0,-28000,0,0,0,220000,248000,-28000,-28000
9917,中保科          ,201000,241000,-40000,0,0,0,2000,0,2000,10000,10000,0,10000,0,0,0,-28000
9958,世紀鋼          ,249000,157000,92000,0,0,0,0,100000,-100000,-20000,26000,34000,-8000,46000,58000,-12000,-28000
5521,工信            ,318000,356000,-38000,0,0,0,0,0,0,10000,10000,0,10000,0,0,0,-28000
3029,零壹            ,316000,346000,-30000,0,0,0,0,0,0,2000,2000,0,2000,0,0,0,-28000
2231,為升            ,175000,109000,66000,0,0,0,50000,0,50000,-144000,42000,196000,-154000,18000,8000,10000,-28000
053502,智伸科兆豐97購01,0,0,0,0,0,0,0,0,0,-29000,0,0,0,0,29000,-29000,-29000
053900,T50反1日盛99購01,0,0,0,0,0,0,0,0,0,-29000,0,0,0,1000,30000,-29000,-29000
055120,南港兆豐97購01  ,0,0,0,0,0,0,0,0,0,-29000,0,0,0,19000,48000,-29000,-29000
055107,旺宏凱基98購04  ,0,0,0,0,0,0,0,0,0,-29000,0,0,0,0,29000,-29000,-29000
03880P,華新科永豐93售01,0,0,0,0,0,0,0,0,0,-29000,0,0,0,1000,30000,-29000,-29000
046444,矽力日盛92購01  ,0,0,0,0,0,0,0,0,0,-29000,0,0,0,0,29000,-29000,-29000
048675,台達電國泰94購02,0,0,0,0,0,0,0,0,0,-29000,0,0,0,1000,30000,-29000,-29000
050250,台郡凱基94購03  ,0,0,0,0,0,0,0,0,0,-29000,0,0,0,29000,58000,-29000,-29000
049694,華新科元大95購06,0,0,0,0,0,0,0,0,0,-29000,0,0,0,4000,33000,-29000,-29000
050018,高股息元大94購02,0,0,0,0,0,0,0,0,0,-29000,0,0,0,1000,30000,-29000,-29000
048108,鴻海群益93購07  ,0,0,0,0,0,0,0,0,0,-29000,0,0,0,1000,30000,-29000,-29000
047821,臺股指凱基93購15,0,0,0,0,0,0,0,0,0,-29000,0,0,0,81000,110000,-29000,-29000
046831,大立光群益94購01,0,0,0,0,0,0,0,0,0,-29000,0,0,0,0,29000,-29000,-29000
046802,聯電元大93購01  ,0,0,0,0,0,0,0,0,0,-29000,0,0,0,1000,30000,-29000,-29000
053024,國巨富邦97購02  ,0,0,0,0,0,0,0,0,0,-29000,0,0,0,5000,34000,-29000,-29000
053070,訊芯群益96購01  ,0,0,0,0,0,0,0,0,0,-29000,0,0,0,31000,60000,-29000,-29000
052024,臺股指永豐95購04,0,0,0,0,0,0,0,0,0,-29000,0,0,0,0,29000,-29000,-29000
052065,臺股指國票95購12,0,0,0,0,0,0,0,0,0,-29000,0,0,0,11000,40000,-29000,-29000
052281,全新凱基97購01  ,0,0,0,0,0,0,0,0,0,-29000,0,0,0,1000,30000,-29000,-29000
051086,鴻海元大96購04  ,0,0,0,0,0,0,0,0,0,-29000,0,0,0,100000,129000,-29000,-29000
050933,南亞國票95購01  ,0,0,0,0,0,0,0,0,0,-29000,0,0,0,96000,125000,-29000,-29000
051688,大立光凱基97購02,0,0,0,0,0,0,0,0,0,-29000,0,0,0,2000,31000,-29000,-29000
051123,和鑫群益95購01  ,0,0,0,0,0,0,0,0,0,-29000,0,0,0,1000,30000,-29000,-29000
06269P,群創凱基98售10  ,0,0,0,0,0,0,0,0,0,-29000,0,0,0,1000,30000,-29000,-29000
055122,國巨兆豐98購01  ,0,0,0,0,0,0,0,0,0,-30000,0,0,0,0,30000,-30000,-30000
054969,亞翔元大97購01  ,0,0,0,0,0,0,0,0,0,-30000,0,0,0,120000,150000,-30000,-30000
054995,宏盛元富97購01  ,0,0,0,0,0,0,0,0,0,-30000,0,0,0,0,30000,-30000,-30000
055026,健和興國泰98購01,0,0,0,0,0,0,0,0,0,-30000,0,0,0,7000,37000,-30000,-30000
054629,華新科凱基98購01,0,0,0,0,0,0,0,0,0,-30000,0,0,0,9000,39000,-30000,-30000
055612,台光電國票97購04,0,0,0,0,0,0,0,0,0,-30000,0,0,0,38000,68000,-30000,-30000
055616,智原國票97購03  ,0,0,0,0,0,0,0,0,0,-30000,0,0,0,20000,50000,-30000,-30000
055455,健策國泰98購02  ,0,0,0,0,0,0,0,0,0,-30000,0,0,0,50000,80000,-30000,-30000
055553,聯發科凱基97購05,0,0,0,0,0,0,0,0,0,-30000,0,0,0,0,30000,-30000,-30000
055305,旺宏群益99購01  ,0,0,0,0,0,0,0,0,0,-30000,0,0,0,0,30000,-30000,-30000
055415,禾伸堂富邦9B購01,0,0,0,0,0,0,0,0,0,-30000,0,0,0,0,30000,-30000,-30000
055247,聯發科統一98購01,0,0,0,0,0,0,0,0,0,-30000,0,0,0,0,30000,-30000,-30000
055156,華新科元大99購02,0,0,0,0,0,0,0,0,0,-30000,0,0,0,10000,40000,-30000,-30000
053922,亞光國票96購01  ,0,0,0,0,0,0,0,0,0,-30000,0,0,0,0,30000,-30000,-30000
053828,貿聯麥證96購01  ,0,0,0,30000,60000,-30000,0,0,0,-30000,0,0,0,30000,60000,-30000,-30000
054428,禾伸堂富邦98購01,0,0,0,0,0,0,0,0,0,-30000,0,0,0,21000,51000,-30000,-30000
054471,T50反1中信9C購01,0,0,0,0,0,0,0,0,0,-30000,0,0,0,0,30000,-30000,-30000
054375,貿聯中信99購01  ,0,0,0,0,0,0,0,0,0,-30000,0,0,0,0,30000,-30000,-30000
054285,國巨元大98購02  ,0,0,0,0,0,0,0,0,0,-30000,0,0,0,0,30000,-30000,-30000
054269,台光電亞東98購01,0,0,0,0,0,0,0,0,0,-30000,0,0,0,0,30000,-30000,-30000
053622,臺股指群益96購08,0,0,0,0,0,0,0,0,0,-30000,0,0,0,10000,40000,-30000,-30000
053735,矽力中信97購01  ,0,0,0,0,0,0,0,0,0,-30000,0,0,0,5000,35000,-30000,-30000
053174,同欣電群益98購02,0,0,0,0,0,0,0,0,0,-30000,0,0,0,4000,34000,-30000,-30000
053183,大立光元富96購03,0,0,0,0,0,0,0,0,0,-30000,0,0,0,0,30000,-30000,-30000
053257,華通富邦97購01  ,0,0,0,0,0,0,0,0,0,-30000,0,0,0,10000,40000,-30000,-30000
053301,華通凱基96購04  ,0,0,0,0,0,0,0,0,0,-30000,0,0,0,0,30000,-30000,-30000
053454,創意統一96購02  ,0,0,0,0,0,0,0,0,0,-30000,0,0,0,0,30000,-30000,-30000
053430,樺漢永豐96購01  ,0,0,0,0,0,0,0,0,0,-30000,0,0,0,0,30000,-30000,-30000
053405,台達電兆豐96購01,0,0,0,0,0,0,0,0,0,-30000,0,0,0,10000,40000,-30000,-30000
053396,漢唐中信9A購01  ,0,0,0,0,0,0,0,0,0,-30000,0,0,0,0,30000,-30000,-30000
048637,鴻海元大96購01  ,0,0,0,0,0,0,0,0,0,-30000,0,0,0,40000,70000,-30000,-30000
048240,嘉聯益國票94購03,0,0,0,0,0,0,0,0,0,-30000,0,0,0,0,30000,-30000,-30000
048366,深中小統一93購02,0,0,0,0,0,0,0,0,0,-30000,0,0,0,170000,200000,-30000,-30000
048450,聯詠凱基93購09  ,0,0,0,0,0,0,0,0,0,-30000,0,0,0,0,30000,-30000,-30000
048480,FB上証中信94購01,0,0,0,0,0,0,0,0,0,-30000,0,0,0,0,30000,-30000,-30000
044364,超眾中信94購01  ,0,0,0,0,0,0,0,0,0,-30000,0,0,0,67000,97000,-30000,-30000
046400,國巨元大92購17  ,0,0,0,0,0,0,0,0,0,-30000,0,0,0,10000,40000,-30000,-30000
046402,華泰元大92購03  ,0,0,0,0,0,0,0,0,0,-30000,0,0,0,0,30000,-30000,-30000
046385,群創凱基98購03  ,0,0,0,0,0,0,0,0,0,-30000,0,0,0,10000,40000,-30000,-30000
046435,聯發科群益92購06,0,0,0,0,0,0,0,0,0,-30000,0,0,0,0,30000,-30000,-30000
046353,聯發科群益92購04,0,0,0,0,0,0,0,0,0,-30000,0,0,0,0,30000,-30000,-30000
046377,聯發科凱基92購03,0,0,0,0,0,0,0,0,0,-30000,0,0,0,0,30000,-30000,-30000
044282,上銀凱基93購03  ,0,0,0,0,0,0,0,0,0,-30000,0,0,0,0,30000,-30000,-30000
044134,訊芯凱基93購01  ,0,0,0,0,0,0,0,0,0,-30000,0,0,0,100000,130000,-30000,-30000
046534,鴻海群益92購05  ,0,0,0,0,0,0,0,0,0,-30000,0,0,0,0,30000,-30000,-30000
046195,聯詠凱基92購08  ,0,0,0,0,0,0,0,0,0,-30000,0,0,0,0,30000,-30000,-30000
045746,燿華永豐92購01  ,0,0,0,0,0,0,0,0,0,-30000,0,0,0,0,30000,-30000,-30000
045773,奇力新元大92購02,0,0,0,0,0,0,0,0,0,-30000,0,0,0,0,30000,-30000,-30000
044961,聯電中信94購01  ,0,0,0,0,0,0,0,0,0,-30000,0,0,0,0,30000,-30000,-30000
046654,鴻海元大93購06  ,0,0,0,0,0,0,0,0,0,-30000,0,0,0,10000,40000,-30000,-30000
045675,友達元大93購01  ,0,0,0,0,0,0,0,0,0,-30000,0,0,0,0,30000,-30000,-30000
045684,和碩元大92購02  ,0,0,0,0,0,0,0,0,0,-30000,0,0,0,0,30000,-30000,-30000
045222,華新科元大92購09,0,0,0,0,0,0,0,0,0,-30000,0,0,0,0,30000,-30000,-30000
03984P,上銀群益93售05  ,0,0,0,0,0,0,0,0,0,-30000,0,0,0,20000,50000,-30000,-30000
042929,台積電中信95購02,0,0,0,0,0,0,0,0,0,-30000,0,0,0,0,30000,-30000,-30000
045479,T50反1中信95購01,0,0,0,0,0,0,0,0,0,-30000,0,0,0,0,30000,-30000,-30000
044028,鴻海群益92購02  ,0,0,0,0,0,0,0,0,0,-30000,0,0,0,0,30000,-30000,-30000
045663,元油2X元富94購01,0,0,0,0,0,0,0,0,0,-30000,0,0,0,50000,80000,-30000,-30000
045637,可成凱基92購08  ,0,0,0,0,0,0,0,0,0,-30000,0,0,0,0,30000,-30000,-30000
046547,大立光永豐92購05,0,0,0,0,0,0,0,0,0,-30000,0,0,0,0,30000,-30000,-30000
045525,智邦永豐92購01  ,0,0,0,0,0,0,0,0,0,-30000,0,0,0,0,30000,-30000,-30000
043229,T50正2中信93購02,0,0,0,0,0,0,0,0,0,-30000,0,0,0,0,30000,-30000,-30000
043177,致新國泰93購01  ,0,0,0,0,0,0,0,0,0,-30000,0,0,0,0,30000,-30000,-30000
04354P,華新科永豐94售01,0,0,0,0,0,0,0,0,0,-30000,0,0,0,0,30000,-30000,-30000
043522,華新科元大92購04,0,0,0,0,0,0,0,0,0,-30000,0,0,0,0,30000,-30000,-30000
03564P,為升群益02售02  ,0,0,0,0,0,0,0,0,0,-30000,0,0,0,0,30000,-30000,-30000
046735,聯發科國票93購01,0,0,0,0,0,0,0,0,0,-30000,0,0,0,0,30000,-30000,-30000
047590,健策永豐93購01  ,0,0,0,0,0,0,0,0,0,-30000,0,0,0,0,30000,-30000,-30000
048832,玉晶光凱基95購02,0,0,0,0,0,0,0,0,0,-30000,0,0,0,10000,40000,-30000,-30000
048938,玉晶光永豐95購02,0,0,0,0,0,0,0,0,0,-30000,0,0,0,1000,31000,-30000,-30000
04684P,欣興元大94售07  ,0,0,0,0,0,0,0,0,0,-30000,0,0,0,450000,480000,-30000,-30000
047035,華邦電群益94購02,0,0,0,0,0,0,0,0,0,-30000,0,0,0,20000,50000,-30000,-30000
047048,華邦電國票93購02,0,0,0,0,0,0,0,0,0,-30000,0,0,0,20000,50000,-30000,-30000
046865,鴻海統一95購01  ,0,0,0,0,0,0,0,0,0,-30000,0,0,0,0,30000,-30000,-30000
047676,臺股指元富99購01,0,0,0,0,0,0,0,0,0,-30000,0,0,0,9000,39000,-30000,-30000
047686,元油反富邦94購02,0,0,0,0,0,0,0,0,0,-30000,0,0,0,0,30000,-30000,-30000
04724P,可成凱基94售08  ,0,0,0,0,0,0,0,0,0,-30000,0,0,0,0,30000,-30000,-30000
04763P,臺股指凱基96售05,0,0,0,0,0,0,0,0,0,-30000,0,0,0,0,30000,-30000,-30000
047382,鴻海元大93購15  ,0,0,0,0,0,0,0,0,0,-30000,0,0,0,20000,50000,-30000,-30000
047350,華新科凱基94購02,0,0,0,0,0,0,0,0,0,-30000,0,0,0,20000,50000,-30000,-30000
047467,滬深2X中信95購06,0,0,0,0,0,0,0,0,0,-30000,0,0,0,0,30000,-30000,-30000
048129,力成元大93購02  ,0,0,0,0,0,0,0,0,0,-30000,0,0,0,0,30000,-30000,-30000
047399,華通康和93購01  ,0,0,0,0,0,0,0,0,0,-30000,0,0,0,0,30000,-30000,-30000
048283,亞德客中信94購01,0,0,0,0,0,0,0,0,0,-30000,0,0,0,0,30000,-30000,-30000
048276,旺宏永豐94購01  ,0,0,0,0,0,0,0,0,0,-30000,0,0,0,0,30000,-30000,-30000
046682,聯發科群益93購03,0,0,0,0,0,0,0,0,0,-30000,0,0,0,0,30000,-30000,-30000
049262,大立光元大94購09,0,0,0,0,0,0,0,0,0,-30000,0,0,0,0,30000,-30000,-30000
048733,台勝科麥證95購02,0,0,0,80000,110000,-30000,0,0,0,-30000,0,0,0,80000,110000,-30000,-30000
049190,元油2X永豐94購04,0,0,0,0,0,0,0,0,0,-30000,0,0,0,0,30000,-30000,-30000
049230,台達電富邦96購01,0,0,0,0,0,0,0,0,0,-30000,0,0,0,0,30000,-30000,-30000
049220,聯發科國票95購02,0,0,0,0,0,0,0,0,0,-30000,0,0,0,0,30000,-30000,-30000
048995,宏全元大94購01  ,0,0,0,0,0,0,0,0,0,-30000,0,0,0,0,30000,-30000,-30000
049319,GIS凱基94購03   ,0,0,0,0,0,0,0,0,0,-30000,0,0,0,10000,40000,-30000,-30000
04930P,國巨統一94售08  ,0,0,0,0,0,0,0,0,0,-30000,0,0,0,180000,210000,-30000,-30000
049310,台積電凱基94購15,0,0,0,0,0,0,0,0,0,-30000,0,0,0,0,30000,-30000,-30000
048102,矽力凱基94購01  ,0,0,0,0,0,0,0,0,0,-30000,0,0,0,0,30000,-30000,-30000
048036,隆達凱基93購01  ,0,0,0,0,0,0,0,0,0,-30000,0,0,0,0,30000,-30000,-30000
047801,臺股指兆豐93購01,0,0,0,0,0,0,0,0,0,-30000,0,0,0,141000,171000,-30000,-30000
049505,臺股指元大94購16,0,0,0,0,0,0,0,0,0,-30000,0,0,0,1430000,1460000,-30000,-30000
049616,卜蜂群益94購01  ,0,0,0,0,0,0,0,0,0,-30000,0,0,0,98000,128000,-30000,-30000
049650,啟碁凱基94購03  ,0,0,0,0,0,0,0,0,0,-30000,0,0,0,0,30000,-30000,-30000
049675,台光電國票95購01,0,0,0,0,0,0,0,0,0,-30000,0,0,0,38000,68000,-30000,-30000
049392,臺股指麥證94購01,0,0,0,0,30000,-30000,0,0,0,-30000,0,0,0,0,30000,-30000,-30000
049056,玉晶光永豐95購03,0,0,0,0,0,0,0,0,0,-30000,0,0,0,90000,120000,-30000,-30000
049111,元油2X統一94購03,0,0,0,0,0,0,0,0,0,-30000,0,0,0,0,30000,-30000,-30000
047909,超眾元大93購03  ,0,0,0,0,0,0,0,0,0,-30000,0,0,0,0,30000,-30000,-30000
047911,晶技麥證94購01  ,0,0,0,20000,50000,-30000,0,0,0,-30000,0,0,0,20000,50000,-30000,-30000
047979,中石化群益95購01,0,0,0,0,0,0,0,0,0,-30000,0,0,0,20000,50000,-30000,-30000
046950,隆達元大93購01  ,0,0,0,0,0,0,0,0,0,-30000,0,0,0,120000,150000,-30000,-30000
047725,廣達群益93購01  ,0,0,0,0,0,0,0,0,0,-30000,0,0,0,30000,60000,-30000,-30000
048703,康控國票95購01  ,0,0,0,0,0,0,0,0,0,-30000,0,0,0,38000,68000,-30000,-30000
049959,創意統一95購02  ,0,0,0,0,0,0,0,0,0,-30000,0,0,0,0,30000,-30000,-30000
049927,健策元大94購02  ,0,0,0,0,0,0,0,0,0,-30000,0,0,0,53000,83000,-30000,-30000
049691,可成元大94購06  ,0,0,0,0,0,0,0,0,0,-30000,0,0,0,4000,34000,-30000,-30000
04975P,華新科凱基96售02,0,0,0,0,0,0,0,0,0,-30000,0,0,0,0,30000,-30000,-30000
049870,南電兆豐94購01  ,0,0,0,0,0,0,0,0,0,-30000,0,0,0,0,30000,-30000,-30000
049831,日月光凱基94購01,0,0,0,0,0,0,0,0,0,-30000,0,0,0,0,30000,-30000,-30000
050357,南電群益94購02  ,0,0,0,0,0,0,0,0,0,-30000,0,0,0,0,30000,-30000,-30000
050108,鴻海元大94購13  ,0,0,0,0,0,0,0,0,0,-30000,0,0,0,50000,80000,-30000,-30000
05011P,南電國泰96售01  ,0,0,0,0,0,0,0,0,0,-30000,0,0,0,10000,40000,-30000,-30000
051147,南亞科凱基95購05,0,0,0,0,0,0,0,0,0,-30000,0,0,0,10000,40000,-30000,-30000
051314,嘉聯益麥證96購01,0,0,0,0,30000,-30000,0,0,0,-30000,0,0,0,0,30000,-30000,-30000
051678,鈺齊元大95購02  ,0,0,0,0,0,0,0,0,0,-30000,0,0,0,0,30000,-30000,-30000
050956,鈺齊群益95購01  ,0,0,0,0,0,0,0,0,0,-30000,0,0,0,20000,50000,-30000,-30000
050741,奇鋐永豐94購04  ,0,0,0,0,0,0,0,0,0,-30000,0,0,0,0,30000,-30000,-30000
050787,致伸國泰96購01  ,0,0,0,0,0,0,0,0,0,-30000,0,0,0,0,30000,-30000,-30000
050410,燿華永豐95購03  ,0,0,0,0,0,0,0,0,0,-30000,0,0,0,0,30000,-30000,-30000
050449,宏達電元大95購03,0,0,0,0,0,0,0,0,0,-30000,0,0,0,471000,501000,-30000,-30000
050565,矽格元富94購01  ,0,0,0,0,0,0,0,0,0,-30000,0,0,0,0,30000,-30000,-30000
05225P,鴻海統一95售09  ,0,0,0,0,0,0,0,0,0,-30000,0,0,0,0,30000,-30000,-30000
052096,力成元大95購01  ,0,0,0,0,0,0,0,0,0,-30000,0,0,0,0,30000,-30000,-30000
052170,台積電元大95購20,0,0,0,0,0,0,0,0,0,-30000,0,0,0,10000,40000,-30000,-30000
051898,富邦金國泰97購01,0,0,0,0,0,0,0,0,0,-30000,0,0,0,0,30000,-30000,-30000
051833,昇陽半元大96購01,0,0,0,0,0,0,0,0,0,-30000,0,0,0,10000,40000,-30000,-30000
052003,泰碩國泰97購02  ,0,0,0,0,0,0,0,0,0,-30000,0,0,0,0,30000,-30000,-30000
052981,鴻海元大97購05  ,0,0,0,0,0,0,0,0,0,-30000,0,0,0,0,30000,-30000,-30000
053001,力山永豐96購01  ,0,0,0,0,0,0,0,0,0,-30000,0,0,0,0,30000,-30000,-30000
052769,達興群益96購01  ,0,0,0,0,0,0,0,0,0,-30000,0,0,0,0,30000,-30000,-30000
052802,華新科元大97購02,0,0,0,0,0,0,0,0,0,-30000,0,0,0,10000,40000,-30000,-30000
052614,聯電國泰97購01  ,0,0,0,0,0,0,0,0,0,-30000,0,0,0,143000,173000,-30000,-30000
06298P,聯發科元大97售20,0,0,0,0,0,0,0,0,0,-30000,0,0,0,0,30000,-30000,-30000
06394P,台積電元大97售28,0,0,0,0,0,0,0,0,0,-30000,0,0,0,100000,130000,-30000,-30000
06368P,台積電凱基97售15,0,0,0,0,0,0,0,0,0,-30000,0,0,0,0,30000,-30000,-30000
06390P,美律國票97售03  ,0,0,0,0,0,0,0,0,0,-30000,0,0,0,0,30000,-30000,-30000
06149P,台積電元大97售18,0,0,0,0,0,0,0,0,0,-30000,0,0,0,0,30000,-30000,-30000
06200P,聯發科元大97售18,0,0,0,0,0,0,0,0,0,-30000,0,0,0,0,30000,-30000,-30000
05741P,聯發科元大96售14,0,0,0,0,0,0,0,0,0,-30000,0,0,0,286000,316000,-30000,-30000
056250,瑞昱兆豐97購02  ,0,0,0,0,0,0,0,0,0,-30000,0,0,0,0,30000,-30000,-30000
05632P,大立光群益96售02,0,0,0,0,0,0,0,0,0,-30000,0,0,0,0,30000,-30000,-30000
05610P,國巨群益98售01  ,0,0,0,0,0,0,0,0,0,-30000,0,0,0,0,30000,-30000,-30000
056221,鴻海凱基99購01  ,0,0,0,0,0,0,0,0,0,-30000,0,0,0,0,30000,-30000,-30000
055951,大成鋼元大97購02,0,0,0,0,0,0,0,0,0,-30000,0,0,0,100000,130000,-30000,-30000
055892,國巨統一99購01  ,0,0,0,0,0,0,0,0,0,-30000,0,0,0,27000,57000,-30000,-30000
056024,大立光群益97購05,0,0,0,0,0,0,0,0,0,-30000,0,0,0,0,30000,-30000,-30000
056029,國巨麥證98購01  ,0,0,0,0,30000,-30000,0,0,0,-30000,0,0,0,0,30000,-30000,-30000
055830,上銀元大97購07  ,0,0,0,0,0,0,0,0,0,-30000,0,0,0,34000,64000,-30000,-30000
055828,上銀元大97購05  ,0,0,0,0,0,0,0,0,0,-30000,0,0,0,8000,38000,-30000,-30000
055869,臺股指元大97購08,0,0,0,0,0,0,0,0,0,-30000,0,0,0,0,30000,-30000,-30000
055734,奇力新元富97購02,0,0,0,0,0,0,0,0,0,-30000,0,0,0,75000,105000,-30000,-30000
05576P,群創日盛99售02  ,0,0,0,0,0,0,0,0,0,-30000,0,0,0,0,30000,-30000,-30000
08539P,元油2X國票99售01,0,0,0,0,0,0,0,0,0,-30000,0,0,0,0,30000,-30000,-30000
06461P,玉晶光國泰9A售01,0,0,0,0,0,0,0,0,0,-30000,0,0,0,0,30000,-30000,-30000
053236,群創永豐97購02  ,0,0,0,0,0,0,0,0,0,-31000,0,0,0,378000,409000,-31000,-31000
053803,聯發科凱基96購18,0,0,0,0,0,0,0,0,0,-31000,0,0,0,0,31000,-31000,-31000
053773,上銀元大96購04  ,0,0,0,0,0,0,0,0,0,-31000,0,0,0,8000,39000,-31000,-31000
05443P,宏達電元大95售05,0,0,0,0,0,0,0,0,0,-31000,0,0,0,180000,211000,-31000,-31000
053876,可成永昌98購01  ,0,0,0,0,0,0,0,0,0,-31000,0,0,0,165000,196000,-31000,-31000
054090,瑞昱群益97購01  ,0,0,0,0,0,0,0,0,0,-31000,0,0,0,13000,44000,-31000,-31000
055381,茂林元大97購02  ,0,0,0,0,0,0,0,0,0,-31000,0,0,0,29000,60000,-31000,-31000
054783,國巨群益98購04  ,0,0,0,0,0,0,0,0,0,-31000,0,0,0,11000,42000,-31000,-31000
043511,上銀富邦93購01  ,0,0,0,0,0,0,0,0,0,-31000,0,0,0,20000,51000,-31000,-31000
044463,全新兆豐93購01  ,0,0,0,0,0,0,0,0,0,-31000,0,0,0,0,31000,-31000,-31000
046969,聯發科群益93購05,0,0,0,0,0,0,0,0,0,-31000,0,0,0,0,31000,-31000,-31000
047569,世紀鋼國票94購02,0,0,0,0,0,0,0,0,0,-31000,0,0,0,0,31000,-31000,-31000
052909,上銀統一96購01  ,0,0,0,0,0,0,0,0,0,-31000,0,0,0,20000,51000,-31000,-31000
053104,台表科元富96購02,0,0,0,0,0,0,0,0,0,-31000,0,0,0,0,31000,-31000,-31000
051878,鴻海台新96購01  ,0,0,0,0,0,0,0,0,0,-31000,0,0,0,0,31000,-31000,-31000
050545,奇力新凱基95購01,0,0,0,0,0,0,0,0,0,-31000,0,0,0,0,31000,-31000,-31000
1451,年興            ,22000,55000,-33000,0,0,0,0,0,0,2000,2000,0,2000,0,0,0,-31000
1789,神隆            ,108000,154000,-46000,0,0,0,0,0,0,15000,15000,0,15000,0,0,0,-31000
6230,超眾            ,533000,755000,-222000,0,0,0,40000,0,40000,151000,9000,0,9000,181000,39000,142000,-31000
056088,台郡統一97購02  ,0,0,0,0,0,0,0,0,0,-31000,0,0,0,39000,70000,-31000,-31000
06338P,亞德客統一97售02,0,0,0,0,0,0,0,0,0,-31000,0,0,0,113000,144000,-31000,-31000
054764,亞光國票98購01  ,0,0,0,0,0,0,0,0,0,-32000,0,0,0,0,32000,-32000,-32000
055001,京鼎元富97購01  ,0,0,0,0,0,0,0,0,0,-32000,0,0,0,46000,78000,-32000,-32000
054916,聯發科凱基98購04,0,0,0,0,0,0,0,0,0,-32000,0,0,0,68000,100000,-32000,-32000
055220,緯穎凱基98購02  ,0,0,0,0,0,0,0,0,0,-32000,0,0,0,0,32000,-32000,-32000
055570,華通統一98購03  ,0,0,0,0,0,0,0,0,0,-32000,0,0,0,101000,133000,-32000,-32000
054080,微星中信98購01  ,0,0,0,0,0,0,0,0,0,-32000,0,0,0,30000,62000,-32000,-32000
054321,上銀台新96購01  ,0,0,0,0,0,0,0,0,0,-32000,0,0,0,0,32000,-32000,-32000
045975,祥碩凱基93購04  ,0,0,0,0,0,0,0,0,0,-32000,0,0,0,9000,41000,-32000,-32000
045504,群創凱基94購01  ,0,0,0,0,0,0,0,0,0,-32000,0,0,0,3000,35000,-32000,-32000
03969P,華新科國票94售01,0,0,0,0,0,0,0,0,0,-32000,0,0,0,128000,160000,-32000,-32000
048836,牧德凱基94購03  ,0,0,0,0,0,0,0,0,0,-32000,0,0,0,0,32000,-32000,-32000
046717,世紀鋼國泰94購01,0,0,0,0,0,0,0,0,0,-32000,0,0,0,0,32000,-32000,-32000
04888P,臺股指凱基95售03,0,0,0,0,0,0,0,0,0,-32000,0,0,0,188000,220000,-32000,-32000
047488,臺股指凱基93購04,0,0,0,0,0,0,0,0,0,-32000,0,0,0,2000,34000,-32000,-32000
04958P,和大凱基94售04  ,0,0,0,0,0,0,0,0,0,-32000,0,0,0,20000,52000,-32000,-32000
048107,華通群益93購02  ,0,0,0,0,0,0,0,0,0,-32000,0,0,0,0,32000,-32000,-32000
049843,康友中信95購01  ,0,0,0,0,0,0,0,0,0,-32000,0,0,0,40000,72000,-32000,-32000
050652,大立光凱基96購03,0,0,0,0,0,0,0,0,0,-32000,0,0,0,0,32000,-32000,-32000
050848,日月光國票95購01,0,0,0,0,0,0,0,0,0,-32000,0,0,0,287000,319000,-32000,-32000
05100P,智邦凱基95售02  ,0,0,0,0,0,0,0,0,0,-32000,0,0,0,2000,34000,-32000,-32000
051529,東元國票96購01  ,0,0,0,0,0,0,0,0,0,-32000,0,0,0,10000,42000,-32000,-32000
052854,聯詠日盛96購01  ,0,0,0,0,0,0,0,0,0,-32000,0,0,0,0,32000,-32000,-32000
05906P,國巨元富96售05  ,0,0,0,0,0,0,0,0,0,-32000,0,0,0,9000,41000,-32000,-32000
1760,寶齡富錦        ,31000,58000,-27000,0,0,0,0,0,0,-5000,2000,0,2000,0,7000,-7000,-32000
054287,台積電元大97購11,0,0,0,0,0,0,0,0,0,-33000,0,0,0,10000,43000,-33000,-33000
055539,億光台新97購01  ,0,0,0,0,0,0,0,0,0,-33000,0,0,0,0,33000,-33000,-33000
055271,鴻海元大98購03  ,0,0,0,0,0,0,0,0,0,-33000,0,0,0,300000,333000,-33000,-33000
055327,致新國票98購01  ,0,0,0,0,0,0,0,0,0,-33000,0,0,0,38000,71000,-33000,-33000
054482,大成鋼台新96購01,0,0,0,0,0,0,0,0,0,-33000,0,0,0,10000,43000,-33000,-33000
046537,聯發科群益93購02,0,0,0,0,0,0,0,0,0,-33000,0,0,0,0,33000,-33000,-33000
049679,臺股指國票94購12,0,0,0,0,0,0,0,0,0,-33000,0,0,0,0,33000,-33000,-33000
050063,聯發科凱基94購09,0,0,0,0,0,0,0,0,0,-33000,0,0,0,68000,101000,-33000,-33000
050150,國巨群益95購01  ,0,0,0,0,0,0,0,0,0,-33000,0,0,0,0,33000,-33000,-33000
047232,禾伸堂凱基93購02,0,0,0,0,0,0,0,0,0,-33000,0,0,0,4000,37000,-33000,-33000
04767P,台積電國泰95售04,0,0,0,0,0,0,0,0,0,-33000,0,0,0,15000,48000,-33000,-33000
046866,台積電統一94購03,0,0,0,0,0,0,0,0,0,-33000,0,0,0,0,33000,-33000,-33000
052778,智原國票97購01  ,0,0,0,0,0,0,0,0,0,-33000,0,0,0,76000,109000,-33000,-33000
052884,台積電兆豐96購01,0,0,0,0,0,0,0,0,0,-33000,0,0,0,50000,83000,-33000,-33000
051995,矽力元大95購03  ,0,0,0,0,0,0,0,0,0,-33000,0,0,0,1000,34000,-33000,-33000
050534,臻鼎兆豐94購01  ,0,0,0,0,0,0,0,0,0,-33000,0,0,0,0,33000,-33000,-33000
6533,晶心科          ,204000,240000,-36000,0,0,0,0,0,0,3000,3000,0,3000,0,0,0,-33000
06320P,上銀統一97售04  ,0,0,0,0,0,0,0,0,0,-33000,0,0,0,1000,34000,-33000,-33000
056118,聯詠群益97購03  ,0,0,0,0,0,0,0,0,0,-33000,0,0,0,0,33000,-33000,-33000
056172,鴻海元富97購11  ,0,0,0,0,0,0,0,0,0,-33000,0,0,0,7000,40000,-33000,-33000
055806,致新永豐97購02  ,0,0,0,0,0,0,0,0,0,-33000,0,0,0,0,33000,-33000,-33000
055930,可成群益98購01  ,0,0,0,0,0,0,0,0,0,-33000,0,0,0,0,33000,-33000,-33000
2476,鉅祥            ,8000,46473,-38473,0,0,0,0,0,0,5000,5000,0,5000,0,0,0,-33473
054669,凌華元富97購01  ,0,0,0,0,0,0,0,0,0,-34000,0,0,0,52000,86000,-34000,-34000
055537,康友群益97購03  ,0,0,0,0,0,0,0,0,0,-34000,0,0,0,0,34000,-34000,-34000
05381P,聯詠群益95售02  ,0,0,0,0,0,0,0,0,0,-34000,0,0,0,1000,35000,-34000,-34000
053296,貿聯中信98購01  ,0,0,0,0,0,0,0,0,0,-34000,0,0,0,0,34000,-34000,-34000
042792,T50反1台新9C購01,0,0,0,0,0,0,0,0,0,-34000,0,0,0,6000,40000,-34000,-34000
03450P,元油2X元富98售05,0,0,0,0,0,0,0,0,0,-34000,0,0,0,61000,95000,-34000,-34000
03420B,臺股指元大95熊31,0,0,0,0,0,0,0,0,0,-34000,0,0,0,7000,41000,-34000,-34000
047123,中石化中信95購01,0,0,0,0,0,0,0,0,0,-34000,0,0,0,6000,40000,-34000,-34000
048780,臺股指凱基94購03,0,0,0,0,0,0,0,0,0,-34000,0,0,0,0,34000,-34000,-34000
050210,華新科國票94購08,0,0,0,0,0,0,0,0,0,-34000,0,0,0,36000,70000,-34000,-34000
049998,奇力新永豐94購03,0,0,0,0,0,0,0,0,0,-34000,0,0,0,10000,44000,-34000,-34000
04868P,可成統一94售03  ,0,0,0,0,0,0,0,0,0,-34000,0,0,0,30000,64000,-34000,-34000
050604,上証2X永昌94購01,0,0,0,0,0,0,0,0,0,-34000,0,0,0,0,34000,-34000,-34000
051333,義隆永豐95購02  ,0,0,0,0,0,0,0,0,0,-34000,0,0,0,0,34000,-34000,-34000
051427,聯發科統一95購04,0,0,0,0,0,0,0,0,0,-34000,0,0,0,0,34000,-34000,-34000
05111P,台積電統一95售04,0,0,0,0,0,0,0,0,0,-34000,0,0,0,7000,41000,-34000,-34000
4746,台耀            ,69000,119000,-50000,0,0,0,0,0,0,16000,24000,8000,16000,0,0,0,-34000
9930,中聯資源        ,4000,41000,-37000,0,0,0,0,0,0,3000,3000,0,3000,0,0,0,-34000
055934,景碩群益98購03  ,0,0,0,0,0,0,0,0,0,-34000,0,0,0,58000,92000,-34000,-34000
05631P,國巨富邦9A售01  ,0,0,0,0,0,0,0,0,0,-34000,0,0,0,19000,53000,-34000,-34000
05957P,友達國票97售04  ,0,0,0,0,0,0,0,0,0,-34000,0,0,0,0,34000,-34000,-34000
053798,台積電中信98購02,0,0,0,0,0,0,0,0,0,-35000,0,0,0,5000,40000,-35000,-35000
053510,聯電群益97購01  ,0,0,0,0,0,0,0,0,0,-35000,0,0,0,12000,47000,-35000,-35000
053521,緯穎群益96購02  ,0,0,0,0,0,0,0,0,0,-35000,0,0,0,86000,121000,-35000,-35000
054194,國巨麥證96購02  ,0,0,0,0,35000,-35000,0,0,0,-35000,0,0,0,0,35000,-35000,-35000
055619,同欣電國票98購02,0,0,0,0,0,0,0,0,0,-35000,0,0,0,14000,49000,-35000,-35000
054918,華新科凱基98購02,0,0,0,0,0,0,0,0,0,-35000,0,0,0,0,35000,-35000,-35000
054825,康友元大97購01  ,0,0,0,0,0,0,0,0,0,-35000,0,0,0,165000,200000,-35000,-35000
055063,玉晶光永豐99購01,0,0,0,0,0,0,0,0,0,-35000,0,0,0,50000,85000,-35000,-35000
055085,大毅國票97購01  ,0,0,0,0,0,0,0,0,0,-35000,0,0,0,4000,39000,-35000,-35000
03085P,台積電元大01售34,0,0,0,0,0,0,0,0,0,-35000,0,0,0,15000,50000,-35000,-35000
04265P,滬深2X元富93售04,0,0,0,0,0,0,0,0,0,-35000,0,0,0,937000,972000,-35000,-35000
048195,聯發科元大93購23,0,0,0,0,0,0,0,0,0,-35000,0,0,0,0,35000,-35000,-35000
044934,玉晶光元大93購01,0,0,0,0,0,0,0,0,0,-35000,0,0,0,0,35000,-35000,-35000
044277,彩晶群益92購01  ,0,0,0,0,0,0,0,0,0,-35000,0,0,0,10000,45000,-35000,-35000
044217,華新科凱基93購03,0,0,0,0,0,0,0,0,0,-35000,0,0,0,0,35000,-35000,-35000
049396,元油2X群益97購03,0,0,0,0,0,0,0,0,0,-35000,0,0,0,0,35000,-35000,-35000
048049,滬深反中信96購01,0,0,0,0,0,0,0,0,0,-35000,0,0,0,50000,85000,-35000,-35000
049537,元石油群益97購01,0,0,0,0,0,0,0,0,0,-35000,0,0,0,0,35000,-35000,-35000
050014,國巨富邦98購01  ,0,0,0,0,0,0,0,0,0,-35000,0,0,0,1000,36000,-35000,-35000
050079,元油2X統一94購06,0,0,0,0,0,0,0,0,0,-35000,0,0,0,0,35000,-35000,-35000
050135,禾伸堂兆豐95購01,0,0,0,0,0,0,0,0,0,-35000,0,0,0,0,35000,-35000,-35000
050272,訊芯元大94購03  ,0,0,0,0,0,0,0,0,0,-35000,0,0,0,337000,372000,-35000,-35000
047574,和大群益93購03  ,0,0,0,0,0,0,0,0,0,-35000,0,0,0,6000,41000,-35000,-35000
047024,奇力新元大95購01,0,0,0,0,0,0,0,0,0,-35000,0,0,0,19000,54000,-35000,-35000
049302,聯茂日盛94購01  ,0,0,0,0,0,0,0,0,0,-35000,0,0,0,0,35000,-35000,-35000
049014,台達電群益94購02,0,0,0,0,0,0,0,0,0,-35000,0,0,0,25000,60000,-35000,-35000
051203,微星麥證95購01  ,0,0,0,39000,74000,-35000,0,0,0,-35000,0,0,0,39000,74000,-35000,-35000
050493,聯發科永昌96購01,0,0,0,0,0,0,0,0,0,-35000,0,0,0,4000,39000,-35000,-35000
050853,南電國票96購01  ,0,0,0,0,0,0,0,0,0,-35000,0,0,0,0,35000,-35000,-35000
050917,瀚宇博兆豐96購01,0,0,0,0,0,0,0,0,0,-35000,0,0,0,70000,105000,-35000,-35000
052006,康友富邦98購01  ,0,0,0,0,0,0,0,0,0,-35000,0,0,0,15000,50000,-35000,-35000
052018,京鼎永豐95購02  ,0,0,0,0,0,0,0,0,0,-35000,0,0,0,27000,62000,-35000,-35000
052761,可成群益96購02  ,0,0,0,0,0,0,0,0,0,-35000,0,0,0,1000,36000,-35000,-35000
052565,上銀凱基96購01  ,0,0,0,0,0,0,0,0,0,-35000,0,0,0,116000,151000,-35000,-35000
052559,茂林國票97購01  ,0,0,0,0,0,0,0,0,0,-35000,0,0,0,25000,60000,-35000,-35000
05974P,國巨富邦97售03  ,0,0,0,0,0,0,0,0,0,-35000,0,0,0,16000,51000,-35000,-35000
06033P,可成凱基96售09  ,0,0,0,0,0,0,0,0,0,-35000,0,0,0,0,35000,-35000,-35000
910322,康師傅-DR       ,2000,37000,-35000,0,0,0,0,0,0,0,0,0,0,0,0,0,-35000
5225,東科-KY         ,46000,69000,-23000,0,0,0,0,0,0,-12000,1000,13000,-12000,0,0,0,-35000
054549,台積電凱基98購01,0,0,0,0,0,0,0,0,0,-36000,0,0,0,0,36000,-36000,-36000
055680,美律凱基99購01  ,0,0,0,0,0,0,0,0,0,-36000,0,0,0,0,36000,-36000,-36000
055256,日電貿統一99購01,0,0,0,0,0,0,0,0,0,-36000,0,0,0,0,36000,-36000,-36000
053691,聯發科元大96購16,0,0,0,0,0,0,0,0,0,-36000,0,0,0,54000,90000,-36000,-36000
053176,矽力群益96購02  ,0,0,0,0,0,0,0,0,0,-36000,0,0,0,0,36000,-36000,-36000
053152,大立光元大99購01,0,0,0,0,0,0,0,0,0,-36000,0,0,0,0,36000,-36000,-36000
044302,智邦兆豐93購02  ,0,0,0,0,0,0,0,0,0,-36000,0,0,0,30000,66000,-36000,-36000
045768,大立光元富95購02,0,0,0,0,0,0,0,0,0,-36000,0,0,0,0,36000,-36000,-36000
048351,旺宏台新94購02  ,0,0,0,0,0,0,0,0,0,-36000,0,0,0,0,36000,-36000,-36000
04466P,大立光元富94售04,0,0,0,0,0,0,0,0,0,-36000,0,0,0,16000,52000,-36000,-36000
041528,國泰金中信93購01,0,0,0,0,0,0,0,0,0,-36000,0,0,0,10000,46000,-36000,-36000
043066,上銀兆豐93購02  ,0,0,0,0,0,0,0,0,0,-36000,0,0,0,0,36000,-36000,-36000
045500,聯發科凱基93購04,0,0,0,0,0,0,0,0,0,-36000,0,0,0,12000,48000,-36000,-36000
00690,兆豐藍籌30      ,0,0,0,0,0,0,0,0,0,-36000,0,0,0,186000,222000,-36000,-36000
047511,義隆國票93購02  ,0,0,0,0,0,0,0,0,0,-36000,0,0,0,297000,333000,-36000,-36000
048987,崇越元大94購01  ,0,0,0,0,0,0,0,0,0,-36000,0,0,0,34000,70000,-36000,-36000
047864,信邦康和93購01  ,0,0,0,0,0,0,0,0,0,-36000,0,0,0,0,36000,-36000,-36000
046893,華新科群益94購01,0,0,0,0,0,0,0,0,0,-36000,0,0,0,66000,102000,-36000,-36000
047261,聯詠國票93購02  ,0,0,0,0,0,0,0,0,0,-36000,0,0,0,54000,90000,-36000,-36000
048941,牧德永豐94購02  ,0,0,0,0,0,0,0,0,0,-36000,0,0,0,100000,136000,-36000,-36000
049814,超眾元大95購04  ,0,0,0,0,0,0,0,0,0,-36000,0,0,0,4000,40000,-36000,-36000
049024,玉晶光群益97購01,0,0,0,0,0,0,0,0,0,-36000,0,0,0,0,36000,-36000,-36000
046965,復盛中信93購01  ,0,0,0,0,0,0,0,0,0,-36000,0,0,0,89000,125000,-36000,-36000
052567,台積電凱基96購05,0,0,0,0,0,0,0,0,0,-36000,0,0,0,0,36000,-36000,-36000
052494,百和中信95購02  ,0,0,0,0,0,0,0,0,0,-36000,0,0,0,0,36000,-36000,-36000
052467,嘉聯益統一96購01,0,0,0,0,0,0,0,0,0,-36000,0,0,0,0,36000,-36000,-36000
050673,旺宏富邦96購02  ,0,0,0,0,0,0,0,0,0,-36000,0,0,0,27000,63000,-36000,-36000
2881A,富邦特          ,0,0,0,0,0,0,0,0,0,-36000,23000,59000,-36000,0,0,0,-36000
06132P,正文元富97售01  ,0,0,0,0,0,0,0,0,0,-36000,0,0,0,0,36000,-36000,-36000
056294,上銀元大97購11  ,0,0,0,0,0,0,0,0,0,-36000,0,0,0,50000,86000,-36000,-36000
053258,上証2X群益9A購03,0,0,0,0,0,0,0,0,0,-37000,0,0,0,203000,240000,-37000,-37000
053423,亞光永豐96購01  ,0,0,0,0,0,0,0,0,0,-37000,0,0,0,93000,130000,-37000,-37000
053562,玉晶光國泰98購02,0,0,0,0,0,0,0,0,0,-37000,0,0,0,133000,170000,-37000,-37000
054443,樺漢台新96購02  ,0,0,0,0,0,0,0,0,0,-37000,0,0,0,81000,118000,-37000,-37000
053875,GIS元大97購01   ,0,0,0,0,0,0,0,0,0,-37000,0,0,0,0,37000,-37000,-37000
053964,上銀元大96購05  ,0,0,0,0,0,0,0,0,0,-37000,0,0,0,8000,45000,-37000,-37000
055368,台積電元大97購24,0,0,0,0,0,0,0,0,0,-37000,0,0,0,219000,256000,-37000,-37000
054964,智易元大99購01  ,0,0,0,0,0,0,0,0,0,-37000,0,0,0,5000,42000,-37000,-37000
042168,台灣50凱基96購01,0,0,0,0,0,0,0,0,0,-37000,0,0,0,162000,199000,-37000,-37000
039212,台達電台新9A購01,0,0,0,0,0,0,0,0,0,-37000,0,0,0,47000,84000,-37000,-37000
04506P,旺宏元大94售06  ,0,0,0,0,0,0,0,0,0,-37000,0,0,0,14000,51000,-37000,-37000
045018,矽創元大93購01  ,0,0,0,0,0,0,0,0,0,-37000,0,0,0,0,37000,-37000,-37000
048483,可成國泰95購01  ,0,0,0,0,0,0,0,0,0,-37000,0,0,0,43000,80000,-37000,-37000
048666,康控統一93購01  ,0,0,0,0,0,0,0,0,0,-37000,0,0,0,0,37000,-37000,-37000
048928,華新科永豐94購02,0,0,0,0,0,0,0,0,0,-37000,0,0,0,86000,123000,-37000,-37000
047242,上銀群益93購04  ,0,0,0,0,0,0,0,0,0,-37000,0,0,0,32000,69000,-37000,-37000
046695,瑞昱凱基93購03  ,0,0,0,0,0,0,0,0,0,-37000,0,0,0,0,37000,-37000,-37000
049172,鴻海凱基94購14  ,0,0,0,0,0,0,0,0,0,-37000,0,0,0,30000,67000,-37000,-37000
050535,台表科群益94購02,0,0,0,0,0,0,0,0,0,-37000,0,0,0,0,37000,-37000,-37000
050492,漢唐國泰96購01  ,0,0,0,0,0,0,0,0,0,-37000,0,0,0,13000,50000,-37000,-37000
051562,玉晶光國泰97購05,0,0,0,0,0,0,0,0,0,-37000,0,0,0,9000,46000,-37000,-37000
05202P,鴻海元大95售16  ,0,0,0,0,0,0,0,0,0,-37000,0,0,0,600000,637000,-37000,-37000
05182P,嘉晶統一95售03  ,0,0,0,0,0,0,0,0,0,-37000,0,0,0,0,37000,-37000,-37000
053005,微星永豐96購01  ,0,0,0,0,0,0,0,0,0,-37000,0,0,0,73000,110000,-37000,-37000
053081,上銀元大97購02  ,0,0,0,0,0,0,0,0,0,-37000,0,0,0,8000,45000,-37000,-37000
06383P,聯茂元富97售01  ,0,0,0,0,0,0,0,0,0,-37000,0,0,0,33000,70000,-37000,-37000
3056,總太            ,413000,442000,-29000,0,0,0,0,0,0,-8000,2000,10000,-8000,0,0,0,-37000
055326,緯穎國票97購06  ,0,0,0,0,0,0,0,0,0,-38000,0,0,0,0,38000,-38000,-38000
055211,A50反1凱基9A購01,0,0,0,0,0,0,0,0,0,-38000,0,0,0,263000,301000,-38000,-38000
05384P,大立光永豐95售02,0,0,0,0,0,0,0,0,0,-38000,0,0,0,0,38000,-38000,-38000
054089,台積電群益96購11,0,0,0,0,0,0,0,0,0,-38000,0,0,0,62000,100000,-38000,-38000
053642,瀚宇博永豐96購01,0,0,0,0,0,0,0,0,0,-38000,0,0,0,30000,68000,-38000,-38000
053177,華邦電統一96購01,0,0,0,0,0,0,0,0,0,-38000,0,0,0,60000,98000,-38000,-38000
048597,台達電國票93購02,0,0,0,0,0,0,0,0,0,-38000,0,0,0,0,38000,-38000,-38000
04567P,臺股指凱基95售01,0,0,0,0,0,0,0,0,0,-38000,0,0,0,0,38000,-38000,-38000
043660,華新科元大93購01,0,0,0,0,0,0,0,0,0,-38000,0,0,0,12000,50000,-38000,-38000
049487,智邦元大94購03  ,0,0,0,0,0,0,0,0,0,-38000,0,0,0,559000,597000,-38000,-38000
049466,創意台新94購01  ,0,0,0,0,0,0,0,0,0,-38000,0,0,0,0,38000,-38000,-38000
046980,智邦兆豐94購01  ,0,0,0,0,0,0,0,0,0,-38000,0,0,0,12000,50000,-38000,-38000
047942,華新科國票94購04,0,0,0,0,0,0,0,0,0,-38000,0,0,0,17000,55000,-38000,-38000
047803,卜蜂凱基93購03  ,0,0,0,0,0,0,0,0,0,-38000,0,0,0,60000,98000,-38000,-38000
049899,台積電元富94購05,0,0,0,0,0,0,0,0,0,-38000,0,0,0,313000,351000,-38000,-38000
050211,貿聯國票95購01  ,0,0,0,0,0,0,0,0,0,-38000,0,0,0,20000,58000,-38000,-38000
052946,智原國票97購02  ,0,0,0,0,0,0,0,0,0,-38000,0,0,0,0,38000,-38000,-38000
052037,全新國泰96購02  ,0,0,0,0,0,0,0,0,0,-38000,0,0,0,18000,56000,-38000,-38000
052235,聯發科國票96購02,0,0,0,0,0,0,0,0,0,-38000,0,0,0,0,38000,-38000,-38000
051630,力山國票96購01  ,0,0,0,0,0,0,0,0,0,-38000,0,0,0,0,38000,-38000,-38000
050615,奇力新元大95購03,0,0,0,0,0,0,0,0,0,-38000,0,0,0,58000,96000,-38000,-38000
050578,聯發科國票95購03,0,0,0,0,0,0,0,0,0,-38000,0,0,0,0,38000,-38000,-38000
050841,國巨國票96購02  ,0,0,0,0,0,0,0,0,0,-38000,0,0,0,34000,72000,-38000,-38000
2453,凌群            ,153000,189000,-36000,0,0,0,0,0,0,-2000,3000,5000,-2000,0,0,0,-38000
06171P,台積電統一97售06,0,0,0,0,0,0,0,0,0,-38000,0,0,0,10000,48000,-38000,-38000
05746P,台積電群益96售07,0,0,0,0,0,0,0,0,0,-38000,0,0,0,67000,105000,-38000,-38000
056132,台光電元大97購03,0,0,0,0,0,0,0,0,0,-38000,0,0,0,362000,400000,-38000,-38000
055754,和大兆豐97購01  ,0,0,0,0,0,0,0,0,0,-38000,0,0,0,0,38000,-38000,-38000
053837,貿聯永豐96購02  ,0,0,0,0,0,0,0,0,0,-39000,0,0,0,0,39000,-39000,-39000
054385,矽創群益98購01  ,0,0,0,0,0,0,0,0,0,-39000,0,0,0,35000,74000,-39000,-39000
054276,國巨群益96購07  ,0,0,0,0,0,0,0,0,0,-39000,0,0,0,20000,59000,-39000,-39000
055556,奇力新凱基98購03,0,0,0,0,0,0,0,0,0,-39000,0,0,0,5000,44000,-39000,-39000
055536,嘉聯益群益99購02,0,0,0,0,0,0,0,0,0,-39000,0,0,0,0,39000,-39000,-39000
054634,FB上証中信99購01,0,0,0,0,0,0,0,0,0,-39000,0,0,0,0,39000,-39000,-39000
04121P,宏碁凱基93售02  ,0,0,0,0,0,0,0,0,0,-39000,0,0,0,1000,40000,-39000,-39000
045453,上銀元大92購07  ,0,0,0,0,0,0,0,0,0,-39000,0,0,0,1000,40000,-39000,-39000
044966,台表科中信94購01,0,0,0,0,0,0,0,0,0,-39000,0,0,0,25000,64000,-39000,-39000
044280,T50反1凱基94購02,0,0,0,0,0,0,0,0,0,-39000,0,0,0,0,39000,-39000,-39000
04614P,光罩群益94售02  ,0,0,0,0,0,0,0,0,0,-39000,0,0,0,0,39000,-39000,-39000
046350,上銀群益92購02  ,0,0,0,0,0,0,0,0,0,-39000,0,0,0,20000,59000,-39000,-39000
04852P,臻鼎永豐94售02  ,0,0,0,0,0,0,0,0,0,-39000,0,0,0,90000,129000,-39000,-39000
049583,台積電元大95購04,0,0,0,0,0,0,0,0,0,-39000,0,0,0,111000,150000,-39000,-39000
047939,亞德客國票93購02,0,0,0,0,0,0,0,0,0,-39000,0,0,0,1000,40000,-39000,-39000
049102,智伸科國泰96購01,0,0,0,0,0,0,0,0,0,-39000,0,0,0,5000,44000,-39000,-39000
047447,台郡元大94購02  ,0,0,0,0,0,0,0,0,0,-39000,0,0,0,64000,103000,-39000,-39000
048990,台表科元大94購01,0,0,0,0,0,0,0,0,0,-39000,0,0,0,30000,69000,-39000,-39000
049246,大成鋼元大94購02,0,0,0,0,0,0,0,0,0,-39000,0,0,0,300000,339000,-39000,-39000
048810,玉晶光第一94購01,0,0,0,0,0,0,0,0,0,-39000,0,0,0,87000,126000,-39000,-39000
047648,智伸科元大93購05,0,0,0,0,0,0,0,0,0,-39000,0,0,0,61000,100000,-39000,-39000
048911,玉晶光富邦96購01,0,0,0,0,0,0,0,0,0,-39000,0,0,0,2000,41000,-39000,-39000
050971,緯穎永豐95購01  ,0,0,0,0,0,0,0,0,0,-39000,0,0,0,79000,118000,-39000,-39000
052155,百和台新95購01  ,0,0,0,0,0,0,0,0,0,-39000,0,0,0,10000,49000,-39000,-39000
051840,康友國泰97購02  ,0,0,0,0,0,0,0,0,0,-39000,0,0,0,133000,172000,-39000,-39000
052593,台積電群益96購02,0,0,0,0,0,0,0,0,0,-39000,0,0,0,171000,210000,-39000,-39000
055718,可成元大97購02  ,0,0,0,0,0,0,0,0,0,-39000,0,0,0,12000,51000,-39000,-39000
05608P,聯發科凱基96售10,0,0,0,0,0,0,0,0,0,-39000,0,0,0,10000,49000,-39000,-39000
9940,信義            ,17000,63000,-46000,0,0,0,0,0,0,7000,7000,0,7000,0,0,0,-39000
9902,台火            ,9000,50000,-41000,0,0,0,0,0,0,2000,2000,0,2000,0,0,0,-39000
054627,義隆凱基98購01  ,0,0,0,0,0,0,0,0,0,-40000,0,0,0,0,40000,-40000,-40000
054587,玉晶光國泰99購01,0,0,0,0,0,0,0,0,0,-40000,0,0,0,30000,70000,-40000,-40000
05475P,聯茂亞東95售01  ,0,0,0,0,0,0,0,0,0,-40000,0,0,0,0,40000,-40000,-40000
054717,亞德客永豐97購01,0,0,0,0,0,0,0,0,0,-40000,0,0,0,1000,41000,-40000,-40000
054959,禾伸堂元大98購01,0,0,0,0,0,0,0,0,0,-40000,0,0,0,0,40000,-40000,-40000
054828,正崴國泰99購01  ,0,0,0,0,0,0,0,0,0,-40000,0,0,0,0,40000,-40000,-40000
055035,興勤富邦98購01  ,0,0,0,0,0,0,0,0,0,-40000,0,0,0,0,40000,-40000,-40000
055486,國巨元大98購06  ,0,0,0,0,0,0,0,0,0,-40000,0,0,0,20000,60000,-40000,-40000
055260,晶相光統一98購01,0,0,0,0,0,0,0,0,0,-40000,0,0,0,0,40000,-40000,-40000
055274,華泰元大97購02  ,0,0,0,0,0,0,0,0,0,-40000,0,0,0,0,40000,-40000,-40000
055337,超眾兆豐98購01  ,0,0,0,0,0,0,0,0,0,-40000,0,0,0,218000,258000,-40000,-40000
054293,健策元大98購02  ,0,0,0,0,0,0,0,0,0,-40000,0,0,0,30000,70000,-40000,-40000
054230,上銀群益96購03  ,0,0,0,0,0,0,0,0,0,-40000,0,0,0,10000,50000,-40000,-40000
054346,世芯國票97購01  ,0,0,0,0,0,0,0,0,0,-40000,0,0,0,0,40000,-40000,-40000
053342,全新國票99購01  ,0,0,0,0,0,0,0,0,0,-40000,0,0,0,0,40000,-40000,-40000
053349,台郡國票97購02  ,0,0,0,0,0,0,0,0,0,-40000,0,0,0,37000,77000,-40000,-40000
053535,宏達電永豐96購02,0,0,0,0,0,0,0,0,0,-40000,0,0,0,34000,74000,-40000,-40000
053496,義隆兆豐96購02  ,0,0,0,0,0,0,0,0,0,-40000,0,0,0,38000,78000,-40000,-40000
053679,緯創富邦96購01  ,0,0,0,0,0,0,0,0,0,-40000,0,0,0,0,40000,-40000,-40000
053792,百和元大96購01  ,0,0,0,0,0,0,0,0,0,-40000,0,0,0,100000,140000,-40000,-40000
048525,華通國票94購02  ,0,0,0,0,0,0,0,0,0,-40000,0,0,0,0,40000,-40000,-40000
04503P,元油2X元富98售09,0,0,0,0,0,0,0,0,0,-40000,0,0,0,46000,86000,-40000,-40000
045891,健鼎元大92購01  ,0,0,0,0,0,0,0,0,0,-40000,0,0,0,1008000,1048000,-40000,-40000
044354,奇鋐元大93購02  ,0,0,0,0,0,0,0,0,0,-40000,0,0,0,0,40000,-40000,-40000
045791,台表科元大93購04,0,0,0,0,0,0,0,0,0,-40000,0,0,0,0,40000,-40000,-40000
045503,群創凱基93購09  ,0,0,0,0,0,0,0,0,0,-40000,0,0,0,4000,44000,-40000,-40000
041527,T50反1中信96購01,0,0,0,0,0,0,0,0,0,-40000,0,0,0,180000,220000,-40000,-40000
03882P,鴻海元大93售10  ,0,0,0,0,0,0,0,0,0,-40000,0,0,0,680000,720000,-40000,-40000
04369P,台光電凱基94售04,0,0,0,0,0,0,0,0,0,-40000,0,0,0,0,40000,-40000,-40000
04343P,啟碁永豐93售02  ,0,0,0,0,0,0,0,0,0,-40000,0,0,0,0,40000,-40000,-40000
047090,緯創元富93購01  ,0,0,0,0,0,0,0,0,0,-40000,0,0,0,60000,100000,-40000,-40000
046787,和鑫永豐93購01  ,0,0,0,0,0,0,0,0,0,-40000,0,0,0,0,40000,-40000,-40000
048792,瑞儀元大94購01  ,0,0,0,0,0,0,0,0,0,-40000,0,0,0,7000,47000,-40000,-40000
046738,台積電群益93購05,0,0,0,0,0,0,0,0,0,-40000,0,0,0,0,40000,-40000,-40000
048850,聯電群益96購01  ,0,0,0,0,0,0,0,0,0,-40000,0,0,0,22000,62000,-40000,-40000
047050,可成國票93購02  ,0,0,0,0,0,0,0,0,0,-40000,0,0,0,10000,50000,-40000,-40000
047202,欣興元富96購01  ,0,0,0,0,0,0,0,0,0,-40000,0,0,0,0,40000,-40000,-40000
047200,鴻海元富93購04  ,0,0,0,0,0,0,0,0,0,-40000,0,0,0,50000,90000,-40000,-40000
047269,同欣電康和93購01,0,0,0,0,0,0,0,0,0,-40000,0,0,0,10000,50000,-40000,-40000
049268,聯茂元大94購03  ,0,0,0,0,0,0,0,0,0,-40000,0,0,0,107000,147000,-40000,-40000
048738,台積電統一94購04,0,0,0,0,0,0,0,0,0,-40000,0,0,0,0,40000,-40000,-40000
047520,鴻海元大93購17  ,0,0,0,0,0,0,0,0,0,-40000,0,0,0,10000,50000,-40000,-40000
047461,大立光群益93購09,0,0,0,0,0,0,0,0,0,-40000,0,0,0,0,40000,-40000,-40000
049458,SP黃豆元富96購01,0,0,0,0,0,0,0,0,0,-40000,0,0,0,0,40000,-40000,-40000
049437,可成國泰96購01  ,0,0,0,0,0,0,0,0,0,-40000,0,0,0,216000,256000,-40000,-40000
049076,佳世達凱基94購01,0,0,0,0,0,0,0,0,0,-40000,0,0,0,0,40000,-40000,-40000
049144,瑞昱元大94購03  ,0,0,0,0,0,0,0,0,0,-40000,0,0,0,70000,110000,-40000,-40000
049146,南亞科元大94購02,0,0,0,0,0,0,0,0,0,-40000,0,0,0,0,40000,-40000,-40000
046979,台泥兆豐93購01  ,0,0,0,0,0,0,0,0,0,-40000,0,0,0,35000,75000,-40000,-40000
049523,微星兆豐94購02  ,0,0,0,0,0,0,0,0,0,-40000,0,0,0,154000,194000,-40000,-40000
047781,上銀國泰94購02  ,0,0,0,0,0,0,0,0,0,-40000,0,0,0,0,40000,-40000,-40000
047997,南亞科元大93購03,0,0,0,0,0,0,0,0,0,-40000,0,0,0,0,40000,-40000,-40000
047748,漢唐元富93購02  ,0,0,0,0,0,0,0,0,0,-40000,0,0,0,0,40000,-40000,-40000
048099,健策凱基93購06  ,0,0,0,0,0,0,0,0,0,-40000,0,0,0,0,40000,-40000,-40000
05020P,廣達中信95售01  ,0,0,0,0,0,0,0,0,0,-40000,0,0,0,0,40000,-40000,-40000
050051,智原群益94購01  ,0,0,0,0,0,0,0,0,0,-40000,0,0,0,0,40000,-40000,-40000
050309,亞泥兆豐94購01  ,0,0,0,0,0,0,0,0,0,-40000,0,0,0,130000,170000,-40000,-40000
049908,鴻海元大94購08  ,0,0,0,0,0,0,0,0,0,-40000,0,0,0,30000,70000,-40000,-40000
049919,美食元大94購03  ,0,0,0,0,0,0,0,0,0,-40000,0,0,0,0,40000,-40000,-40000
052660,京元電國票97購01,0,0,0,0,0,0,0,0,0,-40000,0,0,0,0,40000,-40000,-40000
052976,台表科群益96購03,0,0,0,0,0,0,0,0,0,-40000,0,0,0,5000,45000,-40000,-40000
053096,康控統一96購01  ,0,0,0,0,0,0,0,0,0,-40000,0,0,0,0,40000,-40000,-40000
051839,和鑫國泰96購01  ,0,0,0,0,0,0,0,0,0,-40000,0,0,0,0,40000,-40000,-40000
052168,鴻海元大96購10  ,0,0,0,0,0,0,0,0,0,-40000,0,0,0,0,40000,-40000,-40000
052169,鴻海元大97購02  ,0,0,0,0,0,0,0,0,0,-40000,0,0,0,499000,539000,-40000,-40000
052407,樺漢凱基95購01  ,0,0,0,0,0,0,0,0,0,-40000,0,0,0,0,40000,-40000,-40000
052422,聯電國票96購03  ,0,0,0,0,0,0,0,0,0,-40000,0,0,0,10000,50000,-40000,-40000
050954,樺漢群益95購01  ,0,0,0,0,0,0,0,0,0,-40000,0,0,0,0,40000,-40000,-40000
050760,矽力元富94購03  ,0,0,0,0,0,0,0,0,0,-40000,0,0,0,0,40000,-40000,-40000
050563,臻鼎元富94購07  ,0,0,0,0,0,0,0,0,0,-40000,0,0,0,0,40000,-40000,-40000
050441,和碩凱基94購01  ,0,0,0,0,0,0,0,0,0,-40000,0,0,0,0,40000,-40000,-40000
050381,鴻海兆豐94購01  ,0,0,0,0,0,0,0,0,0,-40000,0,0,0,418000,458000,-40000,-40000
051230,聯詠群益95購01  ,0,0,0,0,0,0,0,0,0,-40000,0,0,0,11000,51000,-40000,-40000
051139,康友永豐95購01  ,0,0,0,0,0,0,0,0,0,-40000,0,0,0,0,40000,-40000,-40000
051304,緯創凱基96購01  ,0,0,0,0,0,0,0,0,0,-40000,0,0,0,0,40000,-40000,-40000
2457,飛宏            ,116000,162000,-46000,0,0,0,0,0,0,6000,7000,1000,6000,0,0,0,-40000
2442,新美齊          ,50000,96000,-46000,0,0,0,2000,0,2000,4000,4000,0,4000,0,0,0,-40000
2634,漢翔            ,946000,1002000,-56000,0,0,0,6000,0,6000,10000,60000,50000,10000,0,0,0,-40000
06434P,超眾群益98售02  ,0,0,0,0,0,0,0,0,0,-40000,0,0,0,0,40000,-40000,-40000
056217,A50正2中信99購02,0,0,0,0,0,0,0,0,0,-40000,0,0,0,0,40000,-40000,-40000
055731,美律元富97購01  ,0,0,0,0,0,0,0,0,0,-40000,0,0,0,10000,50000,-40000,-40000
06081P,深中小元大97售02,0,0,0,0,0,0,0,0,0,-40000,0,0,0,10000,50000,-40000,-40000
3008,大立光          ,292910,357887,-64977,0,0,0,4207,1000,3207,21000,16000,5000,11000,15000,5000,10000,-40770
053415,聯茂國票97購01  ,0,0,0,0,0,0,0,0,0,-41000,0,0,0,268000,309000,-41000,-41000
053441,旺宏凱基98購01  ,0,0,0,0,0,0,0,0,0,-41000,0,0,0,0,41000,-41000,-41000
054448,矽力兆豐96購01  ,0,0,0,0,0,0,0,0,0,-41000,0,0,0,0,41000,-41000,-41000
053827,漢唐麥證9A購01  ,0,0,0,4000,45000,-41000,0,0,0,-41000,0,0,0,4000,45000,-41000,-41000
055216,友達凱基98購05  ,0,0,0,0,0,0,0,0,0,-41000,0,0,0,4000,45000,-41000,-41000
055022,精元國泰99購01  ,0,0,0,0,0,0,0,0,0,-41000,0,0,0,0,41000,-41000,-41000
054931,緯穎凱基98購01  ,0,0,0,0,0,0,0,0,0,-41000,0,0,0,0,41000,-41000,-41000
054909,福懋科康和97購01,0,0,0,0,0,0,0,0,0,-41000,0,0,0,15000,56000,-41000,-41000
054716,緯穎康和97購01  ,0,0,0,0,0,0,0,0,0,-41000,0,0,0,68000,109000,-41000,-41000
03152P,聯發科群益01售15,0,0,0,0,0,0,0,0,0,-41000,0,0,0,0,41000,-41000,-41000
043921,台表科凱基93購01,0,0,0,0,0,0,0,0,0,-41000,0,0,0,30000,71000,-41000,-41000
050146,訊芯康和94購02  ,0,0,0,0,0,0,0,0,0,-41000,0,0,0,0,41000,-41000,-41000
047974,新光金兆豐93購01,0,0,0,0,0,0,0,0,0,-41000,0,0,0,20000,61000,-41000,-41000
049046,同欣電兆豐94購01,0,0,0,0,0,0,0,0,0,-41000,0,0,0,13000,54000,-41000,-41000
047207,晶技國泰94購01  ,0,0,0,0,0,0,0,0,0,-41000,0,0,0,156000,197000,-41000,-41000
047151,台積電國票94購02,0,0,0,0,0,0,0,0,0,-41000,0,0,0,5000,46000,-41000,-41000
050670,牧德永豐94購03  ,0,0,0,0,0,0,0,0,0,-41000,0,0,0,8000,49000,-41000,-41000
052464,大立光統一95購05,0,0,0,0,0,0,0,0,0,-41000,0,0,0,15000,56000,-41000,-41000
053143,昇陽半永豐96購03,0,0,0,0,0,0,0,0,0,-41000,0,0,0,0,41000,-41000,-41000
052991,台積電台新96購01,0,0,0,0,0,0,0,0,0,-41000,0,0,0,1000,42000,-41000,-41000
053014,旺宏統一97購02  ,0,0,0,0,0,0,0,0,0,-41000,0,0,0,60000,101000,-41000,-41000
052894,國巨群益96購03  ,0,0,0,0,0,0,0,0,0,-41000,0,0,0,20000,61000,-41000,-41000
4934,太極            ,71000,112000,-41000,0,0,0,0,0,0,0,0,0,0,0,0,0,-41000
05844P,旺宏元大96售07  ,0,0,0,0,0,0,0,0,0,-41000,0,0,0,10000,51000,-41000,-41000
05839P,臺股指富邦96售06,0,0,0,0,0,0,0,0,0,-41000,0,0,0,2000,43000,-41000,-41000
055761,創意群益97購01  ,0,0,0,0,0,0,0,0,0,-41000,0,0,0,0,41000,-41000,-41000
056048,同欣電兆豐97購01,0,0,0,0,0,0,0,0,0,-41000,0,0,0,0,41000,-41000,-41000
05647P,聯發科國票97售02,0,0,0,0,0,0,0,0,0,-41000,0,0,0,0,41000,-41000,-41000
054767,日電貿國票98購01,0,0,0,0,0,0,0,0,0,-42000,0,0,0,0,42000,-42000,-42000
054597,南亞台新97購01  ,0,0,0,0,0,0,0,0,0,-42000,0,0,0,0,42000,-42000,-42000
055088,聯詠亞東97購01  ,0,0,0,0,0,0,0,0,0,-42000,0,0,0,0,42000,-42000,-42000
055096,緯穎群益97購01  ,0,0,0,0,0,0,0,0,0,-42000,0,0,0,30000,72000,-42000,-42000
055547,台積電凱基97購13,0,0,0,0,0,0,0,0,0,-42000,0,0,0,0,42000,-42000,-42000
053359,矽力統一96購02  ,0,0,0,0,0,0,0,0,0,-42000,0,0,0,32000,74000,-42000,-42000
053316,友達群益9A購01  ,0,0,0,0,0,0,0,0,0,-42000,0,0,0,130000,172000,-42000,-42000
053810,台達電群益96購01,0,0,0,0,0,0,0,0,0,-42000,0,0,0,0,42000,-42000,-42000
043776,奇力新兆豐92購01,0,0,0,0,0,0,0,0,0,-42000,0,0,0,0,42000,-42000,-42000
046391,上海銀統一94購01,0,0,0,0,0,0,0,0,0,-42000,0,0,0,9000,51000,-42000,-42000
048897,日電貿國泰95購01,0,0,0,0,0,0,0,0,0,-42000,0,0,0,2000,44000,-42000,-42000
046740,大立光群益95購01,0,0,0,0,0,0,0,0,0,-42000,0,0,0,0,42000,-42000,-42000
046671,彩晶元大93購03  ,0,0,0,0,0,0,0,0,0,-42000,0,0,0,73000,115000,-42000,-42000
049035,中環兆豐94購01  ,0,0,0,0,0,0,0,0,0,-42000,0,0,0,0,42000,-42000,-42000
049410,統一凱基94購02  ,0,0,0,0,0,0,0,0,0,-42000,0,0,0,10000,52000,-42000,-42000
050130,華新科凱基94購09,0,0,0,0,0,0,0,0,0,-42000,0,0,0,0,42000,-42000,-42000
050203,美律群益94購04  ,0,0,0,0,0,0,0,0,0,-42000,0,0,0,103000,145000,-42000,-42000
052641,聯詠台新96購01  ,0,0,0,0,0,0,0,0,0,-42000,0,0,0,13000,55000,-42000,-42000
05219P,鴻海元大95售17  ,0,0,0,0,0,0,0,0,0,-42000,0,0,0,79000,121000,-42000,-42000
051760,奇力新元大95購04,0,0,0,0,0,0,0,0,0,-42000,0,0,0,11000,53000,-42000,-42000
056028,GIS群益97購02   ,0,0,0,0,0,0,0,0,0,-42000,0,0,0,0,42000,-42000,-42000
05967P,臺股指麥證96售02,0,0,0,77000,119000,-42000,0,0,0,-42000,0,0,0,77000,119000,-42000,-42000
4104,佳醫            ,24000,72000,-48000,0,0,0,4000,0,4000,2000,5000,3000,2000,0,0,0,-42000
2488,漢平            ,6000,42000,-36000,0,0,0,0,7000,-7000,1000,1000,0,1000,0,0,0,-42000
054260,貿聯元大96購03  ,20000,0,20000,0,0,0,0,0,0,-63000,0,0,0,50000,113000,-63000,-43000
055280,智邦元大97購01  ,0,0,0,0,0,0,0,0,0,-43000,0,0,0,7000,50000,-43000,-43000
055078,亞泥中信98購01  ,0,0,0,0,0,0,0,0,0,-43000,0,0,0,0,43000,-43000,-43000
054654,全新麥證99購01  ,0,0,0,10000,53000,-43000,0,0,0,-43000,0,0,0,10000,53000,-43000,-43000
048258,國泰金統一93購01,0,0,0,0,0,0,0,0,0,-43000,0,0,0,28000,71000,-43000,-43000
040988,滬深反凱基92購01,0,0,0,0,0,0,0,0,0,-43000,0,0,0,8000,51000,-43000,-43000
049528,台積電中信94購01,0,0,0,0,0,0,0,0,0,-43000,0,0,0,23000,66000,-43000,-43000
049206,大立光群益94購04,0,0,0,0,0,0,0,0,0,-43000,0,0,0,7000,50000,-43000,-43000
047343,台達電中信95購01,0,0,0,0,0,0,0,0,0,-43000,0,0,0,21000,64000,-43000,-43000
046905,新光金凱基99購01,0,0,0,0,0,0,0,0,0,-43000,0,0,0,25000,68000,-43000,-43000
046883,友達第一93購01  ,0,0,0,0,0,0,0,0,0,-43000,0,0,0,12000,55000,-43000,-43000
05145P,道瓊反元大98售01,0,0,0,0,0,0,0,0,0,-43000,0,0,0,310000,353000,-43000,-43000
052540,華新科統一95購03,0,0,0,0,0,0,0,0,0,-43000,0,0,0,55000,98000,-43000,-43000
052541,大立光統一95購06,0,0,0,0,0,0,0,0,0,-43000,0,0,0,0,43000,-43000,-43000
052647,晶技永豐97購01  ,0,0,0,0,0,0,0,0,0,-43000,0,0,0,4000,47000,-43000,-43000
052836,旺宏國泰98購01  ,0,0,0,0,0,0,0,0,0,-43000,0,0,0,504000,547000,-43000,-43000
053006,玉晶光永豐96購03,0,0,0,0,0,0,0,0,0,-43000,0,0,0,38000,81000,-43000,-43000
053022,欣興國泰98購01  ,0,0,0,0,0,0,0,0,0,-43000,0,0,0,3000,46000,-43000,-43000
053073,技嘉康和96購01  ,0,0,0,0,0,0,0,0,0,-43000,0,0,0,20000,63000,-43000,-43000
056241,緯創群益97購01  ,0,0,0,0,0,0,0,0,0,-43000,0,0,0,1000,44000,-43000,-43000
056242,緯創群益9A購01  ,0,0,0,0,0,0,0,0,0,-43000,0,0,0,0,43000,-43000,-43000
1231,聯華食          ,47000,92389,-45389,0,0,0,0,0,0,2000,2000,0,2000,0,0,0,-43389
054961,玉晶光元大99購01,0,0,0,0,0,0,0,0,0,-44000,0,0,0,52000,96000,-44000,-44000
055476,台郡凱基97購02  ,0,0,0,0,0,0,0,0,0,-44000,0,0,0,16000,60000,-44000,-44000
053896,麗豐群益97購01  ,0,0,0,0,0,0,0,0,0,-44000,0,0,0,1000,45000,-44000,-44000
053926,晶相光國票97購01,0,0,0,0,0,0,0,0,0,-44000,0,0,0,6000,50000,-44000,-44000
03639C,元油2X元大9B牛01,0,0,0,0,0,0,0,0,0,-44000,0,0,0,98000,142000,-44000,-44000
045994,康控富邦94購01  ,0,0,0,0,0,0,0,0,0,-44000,0,0,0,0,44000,-44000,-44000
04710P,台積電元大94售16,0,0,0,0,0,0,0,0,0,-44000,0,0,0,1000,45000,-44000,-44000
049044,和碩兆豐94購01  ,0,0,0,0,0,0,0,0,0,-44000,0,0,0,66000,110000,-44000,-44000
049138,台積電元大94購05,0,0,0,0,0,0,0,0,0,-44000,0,0,0,32000,76000,-44000,-44000
052738,聯電元大98購02  ,0,0,0,0,0,0,0,0,0,-44000,0,0,0,71000,115000,-44000,-44000
051939,同欣電群益97購01,0,0,0,0,0,0,0,0,0,-44000,0,0,0,28000,72000,-44000,-44000
051669,建準元大95購01  ,0,0,0,0,0,0,0,0,0,-44000,0,0,0,61000,105000,-44000,-44000
3708,上緯投控        ,225000,265000,-40000,0,0,0,1000,0,1000,-5000,1000,0,1000,1000,7000,-6000,-44000
6541,泰福-KY         ,85000,133000,-48000,0,0,0,0,0,0,4000,4000,0,4000,0,0,0,-44000
911868,同方友友-DR     ,0,44000,-44000,0,0,0,0,0,0,0,0,0,0,0,0,0,-44000
056357,台積電元大9A購01,0,0,0,0,0,0,0,0,0,-44000,0,0,0,102000,146000,-44000,-44000
055753,貿聯第一98購01  ,0,0,0,0,0,0,0,0,0,-44000,0,0,0,0,44000,-44000,-44000
05977P,旺宏永豐96售06  ,0,0,0,0,0,0,0,0,0,-44000,0,0,0,0,44000,-44000,-44000
06327P,台積電中信01售01,0,0,0,0,0,0,0,0,0,-44000,0,0,0,0,44000,-44000,-44000
2104,國際中橡        ,579000,643390,-64390,0,0,0,0,0,0,20000,22000,1000,21000,0,1000,-1000,-44390
054070,創意國泰96購02  ,0,0,0,0,0,0,0,0,0,-45000,0,0,0,0,45000,-45000,-45000
05357P,臺股指元富95售11,0,0,0,0,0,0,0,0,0,-45000,0,0,0,0,45000,-45000,-45000
053457,旺宏國泰98購03  ,0,0,0,0,0,0,0,0,0,-45000,0,0,0,92000,137000,-45000,-45000
053165,大立光群益96購03,0,0,0,0,0,0,0,0,0,-45000,0,0,0,111000,156000,-45000,-45000
053248,智伸科國票97購01,0,0,0,0,0,0,0,0,0,-45000,0,0,0,1000,46000,-45000,-45000
055267,百和永豐97購01  ,0,0,0,0,0,0,0,0,0,-45000,0,0,0,0,45000,-45000,-45000
054886,大毅統一97購01  ,0,0,0,0,0,0,0,0,0,-45000,0,0,0,227000,272000,-45000,-45000
054539,欣興國票98購01  ,0,0,0,0,0,0,0,0,0,-45000,0,0,0,0,45000,-45000,-45000
04459P,元油2X元富94售08,0,0,0,0,0,0,0,0,0,-45000,0,0,0,0,45000,-45000,-45000
048196,聯發科元大93購24,0,0,0,0,0,0,0,0,0,-45000,0,0,0,0,45000,-45000,-45000
04536P,長榮航統一94售01,0,0,0,0,0,0,0,0,0,-45000,0,0,0,10000,55000,-45000,-45000
050264,聯發科元大94購13,0,0,0,0,0,0,0,0,0,-45000,0,0,0,55000,100000,-45000,-45000
050050,國泰金群益94購02,0,0,0,0,0,0,0,0,0,-45000,0,0,0,30000,75000,-45000,-45000
047114,全新元大94購01  ,0,0,0,0,0,0,0,0,0,-45000,0,0,0,155000,200000,-45000,-45000
048900,精成科國泰95購01,0,0,0,0,0,0,0,0,0,-45000,0,0,0,0,45000,-45000,-45000
047263,揚明光國票94購01,0,0,0,0,0,0,0,0,0,-45000,0,0,0,5000,50000,-45000,-45000
048328,滬深2X永昌94購01,0,0,0,0,0,0,0,0,0,-45000,0,0,0,10000,55000,-45000,-45000
047895,台積電群益94購04,0,0,0,0,0,0,0,0,0,-45000,0,0,0,121000,166000,-45000,-45000
051734,台積電國票95購04,0,0,0,0,0,0,0,0,0,-45000,0,0,0,3000,48000,-45000,-45000
051780,矽力群益95購01  ,0,0,0,0,0,0,0,0,0,-45000,0,0,0,25000,70000,-45000,-45000
050552,禾伸堂凱基94購05,0,0,0,0,0,0,0,0,0,-45000,0,0,0,0,45000,-45000,-45000
050518,台積電元大94購28,0,0,0,0,0,0,0,0,0,-45000,0,0,0,50000,95000,-45000,-45000
050791,聯發科富邦96購01,0,0,0,0,0,0,0,0,0,-45000,0,0,0,5000,50000,-45000,-45000
051088,台積電元大95購09,0,0,0,0,0,0,0,0,0,-45000,0,0,0,31000,76000,-45000,-45000
051900,臻鼎富邦95購01  ,0,0,0,0,0,0,0,0,0,-45000,0,0,0,0,45000,-45000,-45000
052627,中壽中信98購01  ,0,0,0,0,0,0,0,0,0,-45000,0,0,0,10000,55000,-45000,-45000
052553,技嘉國票96購01  ,0,0,0,0,0,0,0,0,0,-45000,0,0,0,0,45000,-45000,-45000
053015,緯創統一96購01  ,0,0,0,0,0,0,0,0,0,-45000,0,0,0,7000,52000,-45000,-45000
5264,鎧勝-KY         ,287000,337000,-50000,0,0,0,0,0,0,5000,5000,0,5000,0,0,0,-45000
3501,維熹            ,9000,51000,-42000,0,0,0,0,3000,-3000,0,1000,1000,0,0,0,0,-45000
06410P,祥碩統一97售01  ,0,0,0,0,0,0,0,0,0,-45000,0,0,0,0,45000,-45000,-45000
055739,健鼎元富97購01  ,0,0,0,0,0,0,0,0,0,-45000,0,0,0,0,45000,-45000,-45000
053411,深中小國票9B購01,0,0,0,0,0,0,0,0,0,-46000,0,0,0,0,46000,-46000,-46000
054441,力成台新96購01  ,0,0,0,0,0,0,0,0,0,-46000,0,0,0,0,46000,-46000,-46000
054400,健策永豐96購02  ,0,0,0,0,0,0,0,0,0,-46000,0,0,0,185000,231000,-46000,-46000
04218P,正文國票93售03  ,0,0,0,0,0,0,0,0,0,-46000,0,0,0,0,46000,-46000,-46000
044817,可成兆豐93購01  ,0,0,0,0,0,0,0,0,0,-46000,0,0,0,94000,140000,-46000,-46000
047822,臺股指凱基93購16,0,0,0,0,0,0,0,0,0,-46000,0,0,0,12000,58000,-46000,-46000
047049,聯發科國票94購01,0,0,0,0,0,0,0,0,0,-46000,0,0,0,0,46000,-46000,-46000
049154,玉晶光元大95購02,0,0,0,0,0,0,0,0,0,-46000,0,0,0,16000,62000,-46000,-46000
046944,奇力新元大96購01,0,0,0,0,0,0,0,0,0,-46000,0,0,0,27000,73000,-46000,-46000
050495,大立光永昌96購01,0,0,0,0,0,0,0,0,0,-46000,0,0,0,184000,230000,-46000,-46000
06163P,聯詠群益97售01  ,0,0,0,0,0,0,0,0,0,-46000,0,0,0,11000,57000,-46000,-46000
08100P,台灣50元富95售01,0,0,0,0,0,0,0,0,0,-46000,0,0,0,53000,99000,-46000,-46000
054353,世紀鋼國泰98購01,0,0,0,0,0,0,0,0,0,-47000,0,0,0,19000,66000,-47000,-47000
053999,台表科群益96購06,0,0,0,0,0,0,0,0,0,-47000,0,0,0,0,47000,-47000,-47000
054615,牧德永豐98購01  ,0,0,0,0,0,0,0,0,0,-47000,0,0,0,0,47000,-47000,-47000
054994,建準元富97購01  ,0,0,0,0,0,0,0,0,0,-47000,0,0,0,0,47000,-47000,-47000
046269,禾伸堂凱基92購03,0,0,0,0,0,0,0,0,0,-47000,0,0,0,2000,49000,-47000,-47000
044698,奇力新元大93購01,0,0,0,0,0,0,0,0,0,-47000,0,0,0,0,47000,-47000,-47000
049059,超眾永豐94購01  ,0,0,0,0,0,0,0,0,0,-47000,0,0,0,0,47000,-47000,-47000
047273,奇力新永豐93購03,0,0,0,0,0,0,0,0,0,-47000,0,0,0,41000,88000,-47000,-47000
047879,台積電中信93購04,0,0,0,0,0,0,0,0,0,-47000,0,0,0,23000,70000,-47000,-47000
049445,遠東新統一94購01,0,0,0,0,0,0,0,0,0,-47000,0,0,0,36000,83000,-47000,-47000
049286,美律兆豐94購01  ,0,0,0,0,0,0,0,0,0,-47000,0,0,0,0,47000,-47000,-47000
048963,川湖元大94購01  ,0,0,0,0,0,0,0,0,0,-47000,0,0,0,3000,50000,-47000,-47000
052242,台達電台新96購01,0,0,0,0,0,0,0,0,0,-47000,0,0,0,0,47000,-47000,-47000
1316,上曜            ,33000,82000,-49000,0,0,0,0,0,0,2000,2000,0,2000,0,0,0,-47000
1338,廣華-KY         ,38000,87000,-49000,0,0,0,0,0,0,2000,2000,0,2000,0,0,0,-47000
1723,中碳            ,11000,62000,-51000,0,0,0,0,0,0,4000,4000,0,4000,0,0,0,-47000
06205P,台積電群益97售03,0,0,0,0,0,0,0,0,0,-47000,0,0,0,29000,76000,-47000,-47000
06207P,聯發科凱基97售07,0,0,0,0,0,0,0,0,0,-47000,0,0,0,12000,59000,-47000,-47000
06000P,GIS元大96售04   ,0,0,0,0,0,0,0,0,0,-47000,0,0,0,3000,50000,-47000,-47000
05830P,滬深2X元富99售03,0,0,0,0,0,0,0,0,0,-47000,0,0,0,181000,228000,-47000,-47000
055825,臺股指國票97購12,0,0,0,0,0,0,0,0,0,-47000,0,0,0,0,47000,-47000,-47000
055512,聯詠兆豐97購01  ,0,0,0,0,0,0,0,0,0,-48000,0,0,0,0,48000,-48000,-48000
055626,力山永豐97購01  ,0,0,0,0,0,0,0,0,0,-48000,0,0,0,0,48000,-48000,-48000
053857,宏達電富邦97購02,0,0,0,0,0,0,0,0,0,-48000,0,0,0,55000,103000,-48000,-48000
054181,華新康和96購01  ,0,0,0,0,0,0,0,0,0,-48000,0,0,0,0,48000,-48000,-48000
053312,緯穎凱基96購02  ,0,0,0,0,0,0,0,0,0,-48000,0,0,0,15000,63000,-48000,-48000
046001,友達統一93購03  ,0,0,0,0,0,0,0,0,0,-48000,0,0,0,0,48000,-48000,-48000
048592,漢唐群益93購04  ,0,0,0,0,0,0,0,0,0,-48000,0,0,0,0,48000,-48000,-48000
046657,燿華元大93購01  ,0,0,0,0,0,0,0,0,0,-48000,0,0,0,0,48000,-48000,-48000
044993,友達國泰93購01  ,0,0,0,0,0,0,0,0,0,-48000,0,0,0,0,48000,-48000,-48000
044963,台積電中信96購01,0,0,0,0,0,0,0,0,0,-48000,0,0,0,39000,87000,-48000,-48000
046608,超眾兆豐93購02  ,0,0,0,0,0,0,0,0,0,-48000,0,0,0,2000,50000,-48000,-48000
03605P,美利達統一92售01,0,0,0,0,0,0,0,0,0,-48000,0,0,0,10000,58000,-48000,-48000
00731,FH富時高息低波  ,2000,3000,-1000,0,0,0,0,0,0,-47000,0,0,0,499000,546000,-47000,-48000
049343,華新科統一94購03,0,0,0,0,0,0,0,0,0,-48000,0,0,0,25000,73000,-48000,-48000
04932P,香港2X中信96售01,0,0,0,0,0,0,0,0,0,-48000,0,0,0,35000,83000,-48000,-48000
04933P,中石化中信96售01,0,0,0,0,0,0,0,0,0,-48000,0,0,0,20000,68000,-48000,-48000
048841,聯茂凱基94購06  ,0,0,0,0,0,0,0,0,0,-48000,0,0,0,20000,68000,-48000,-48000
046718,群創富邦93購02  ,0,0,0,0,0,0,0,0,0,-48000,0,0,0,0,48000,-48000,-48000
049397,台達電群益94購03,0,0,0,0,0,0,0,0,0,-48000,0,0,0,0,48000,-48000,-48000
046984,友達日盛93購01  ,0,0,0,0,0,0,0,0,0,-48000,0,0,0,0,48000,-48000,-48000
048056,全新國泰94購02  ,0,0,0,0,0,0,0,0,0,-48000,0,0,0,105000,153000,-48000,-48000
052252,大立光永豐95購03,0,0,0,0,0,0,0,0,0,-48000,0,0,0,0,48000,-48000,-48000
052555,漢唐國票97購01  ,0,0,0,0,0,0,0,0,0,-48000,0,0,0,0,48000,-48000,-48000
052463,聯電統一96購01  ,0,0,0,0,0,0,0,0,0,-48000,0,0,0,0,48000,-48000,-48000
052130,國巨凱基9B購01  ,0,0,0,0,0,0,0,0,0,-48000,0,0,0,51000,99000,-48000,-48000
052967,智邦群益96購01  ,0,0,0,0,0,0,0,0,0,-48000,0,0,0,71000,119000,-48000,-48000
052950,超眾國票98購01  ,0,0,0,0,0,0,0,0,0,-48000,0,0,0,491000,539000,-48000,-48000
053059,聯發科永昌99購01,0,0,0,0,0,0,0,0,0,-48000,0,0,0,28000,76000,-48000,-48000
053085,華新科元大97購04,0,0,0,0,0,0,0,0,0,-48000,0,0,0,35000,83000,-48000,-48000
052776,力山國票97購01  ,0,0,0,0,0,0,0,0,0,-48000,0,0,0,0,48000,-48000,-48000
052777,燿華國票98購01  ,0,0,0,0,0,0,0,0,0,-48000,0,0,0,0,48000,-48000,-48000
052827,昇陽半永豐97購01,0,0,0,0,0,0,0,0,0,-48000,0,0,0,0,48000,-48000,-48000
050390,聯發科統一94購09,0,0,0,0,0,0,0,0,0,-48000,0,0,0,50000,98000,-48000,-48000
050560,聯詠統一94購02  ,0,0,0,0,0,0,0,0,0,-48000,0,0,0,115000,163000,-48000,-48000
050579,聯發科國票95購04,0,0,0,0,0,0,0,0,0,-48000,0,0,0,0,48000,-48000,-48000
051450,世芯元大95購02  ,0,0,0,0,0,0,0,0,0,-48000,0,0,0,152000,200000,-48000,-48000
051366,康友國泰97購01  ,0,0,0,0,0,0,0,0,0,-48000,0,0,0,4000,52000,-48000,-48000
051157,華新科富邦98購01,0,0,0,0,0,0,0,0,0,-48000,0,0,0,56000,104000,-48000,-48000
06115P,台積電統一97售04,0,0,0,0,0,0,0,0,0,-48000,0,0,0,52000,100000,-48000,-48000
1707,葡萄王          ,34000,68000,-34000,0,0,0,0,0,0,-14000,10000,22000,-12000,0,2000,-2000,-48000
2369,菱生            ,377000,431000,-54000,0,0,0,0,0,0,6000,6000,0,6000,0,0,0,-48000
9927,泰銘            ,9000,33000,-24000,0,0,0,0,0,0,-24000,5000,29000,-24000,0,0,0,-48000
055587,智邦元大97購02  ,0,0,0,0,0,0,0,0,0,-49000,0,0,0,6000,55000,-49000,-49000
055715,智邦元大97購04  ,0,0,0,0,0,0,0,0,0,-49000,0,0,0,151000,200000,-49000,-49000
055456,上銀富邦99購01  ,0,0,0,0,0,0,0,0,0,-49000,0,0,0,216000,265000,-49000,-49000
00641R,富邦日本反1     ,33000,0,33000,0,0,0,0,0,0,-82000,0,0,0,158000,240000,-82000,-49000
043460,台積電元大93購01,0,0,0,0,0,0,0,0,0,-49000,0,0,0,1000,50000,-49000,-49000
044465,元油2X群益97購01,0,0,0,0,0,0,0,0,0,-49000,0,0,0,0,49000,-49000,-49000
04451P,可成凱基94售04  ,0,0,0,0,0,0,0,0,0,-49000,0,0,0,0,49000,-49000,-49000
045937,臻鼎群益93購02  ,0,0,0,0,0,0,0,0,0,-49000,0,0,0,11000,60000,-49000,-49000
049656,臺股指凱基94購17,0,0,0,0,0,0,0,0,0,-49000,0,0,0,2000,51000,-49000,-49000
048864,昇陽半群益94購01,0,0,0,0,0,0,0,0,0,-49000,0,0,0,0,49000,-49000,-49000
049198,聯鈞永豐94購01  ,0,0,0,0,0,0,0,0,0,-49000,0,0,0,22000,71000,-49000,-49000
047828,華新元大93購03  ,0,0,0,0,0,0,0,0,0,-49000,0,0,0,0,49000,-49000,-49000
051801,牧德永豐95購04  ,0,0,0,0,0,0,0,0,0,-49000,0,0,0,2000,51000,-49000,-49000
05041P,大立光凱基95售09,0,0,0,0,0,0,0,0,0,-49000,0,0,0,29000,78000,-49000,-49000
050823,信邦凱基95購01  ,0,0,0,0,0,0,0,0,0,-49000,0,0,0,1000,50000,-49000,-49000
06300P,緯穎元大97售04  ,0,0,0,0,0,0,0,0,0,-49000,0,0,0,150000,199000,-49000,-49000
06283P,祥碩永豐97售01  ,0,0,0,0,0,0,0,0,0,-49000,0,0,0,30000,79000,-49000,-49000
056113,新日興兆豐98購01,0,0,0,0,0,0,0,0,0,-49000,0,0,0,80000,129000,-49000,-49000
056091,百和統一97購01  ,0,0,0,0,0,0,0,0,0,-49000,0,0,0,0,49000,-49000,-49000
055481,聚陽元大97購01  ,0,0,0,0,0,0,0,0,0,-50000,0,0,0,0,50000,-50000,-50000
055499,大立光元大98購05,0,0,0,0,0,0,0,0,0,-50000,0,0,0,0,50000,-50000,-50000
055580,南茂統一97購01  ,0,0,0,0,0,0,0,0,0,-50000,0,0,0,0,50000,-50000,-50000
055681,奇鋐凱基98購03  ,0,0,0,0,0,0,0,0,0,-50000,0,0,0,0,50000,-50000,-50000
055592,奇力新元大97購07,0,0,0,0,0,0,0,0,0,-50000,0,0,0,100000,150000,-50000,-50000
05562P,鴻海元大96售16  ,0,0,0,0,0,0,0,0,0,-50000,0,0,0,131000,181000,-50000,-50000
055150,台積電元大98購04,0,0,0,0,0,0,0,0,0,-50000,0,0,0,0,50000,-50000,-50000
05533P,滬深2X富邦97售01,0,0,0,0,0,0,0,0,0,-50000,0,0,0,0,50000,-50000,-50000
055297,啟碁元大97購01  ,0,0,0,0,0,0,0,0,0,-50000,0,0,0,50000,100000,-50000,-50000
054974,台表科元大98購02,0,0,0,0,0,0,0,0,0,-50000,0,0,0,3000,53000,-50000,-50000
055032,億光富邦99購01  ,0,0,0,0,0,0,0,0,0,-50000,0,0,0,35000,85000,-50000,-50000
055040,台虹富邦99購01  ,0,0,0,0,0,0,0,0,0,-50000,0,0,0,0,50000,-50000,-50000
055079,台光電中信97購01,0,0,0,0,0,0,0,0,0,-50000,0,0,0,140000,190000,-50000,-50000
055127,台虹兆豐97購01  ,0,0,0,0,0,0,0,0,0,-50000,0,0,0,0,50000,-50000,-50000
054944,精元元大97購01  ,0,0,0,0,0,0,0,0,0,-50000,0,0,0,0,50000,-50000,-50000
054888,泰碩統一97購01  ,0,0,0,0,0,0,0,0,0,-50000,0,0,0,0,50000,-50000,-50000
054479,緯創中信98購01  ,0,0,0,0,0,0,0,0,0,-50000,0,0,0,0,50000,-50000,-50000
054780,中石化群益99購01,0,0,0,0,0,0,0,0,0,-50000,0,0,0,0,50000,-50000,-50000
053380,南亞科元大97購01,0,0,0,0,0,0,0,0,0,-50000,0,0,0,1000,51000,-50000,-50000
053407,台積電兆豐96購02,0,0,0,0,0,0,0,0,0,-50000,0,0,0,10000,60000,-50000,-50000
053302,國巨凱基96購10  ,0,0,0,0,0,0,0,0,0,-50000,0,0,0,0,50000,-50000,-50000
053815,聯發科群益96購01,0,0,0,0,0,0,0,0,0,-50000,0,0,0,0,50000,-50000,-50000
054183,亞光康和96購01  ,0,0,0,0,0,0,0,0,0,-50000,0,0,0,0,50000,-50000,-50000
054308,嘉晶凱基98購01  ,0,0,0,0,0,0,0,0,0,-50000,0,0,0,130000,180000,-50000,-50000
054401,康普永豐96購01  ,0,0,0,0,0,0,0,0,0,-50000,0,0,0,0,50000,-50000,-50000
054417,牧德元大96購01  ,0,0,0,0,0,0,0,0,0,-50000,0,0,0,0,50000,-50000,-50000
054437,欣興台新97購02  ,0,0,0,0,0,0,0,0,0,-50000,0,0,0,38000,88000,-50000,-50000
053830,台積電台新96購02,0,0,0,0,0,0,0,0,0,-50000,0,0,0,0,50000,-50000,-50000
054043,漢唐元大97購01  ,0,0,0,0,0,0,0,0,0,-50000,0,0,0,26000,76000,-50000,-50000
054045,奇力新元大97購03,0,0,0,0,0,0,0,0,0,-50000,0,0,0,15000,65000,-50000,-50000
054100,致伸國票97購03  ,0,0,0,0,0,0,0,0,0,-50000,0,0,0,0,50000,-50000,-50000
054135,大立光元大97購04,0,0,0,0,0,0,0,0,0,-50000,0,0,0,50000,100000,-50000,-50000
045991,為升富邦95購01  ,0,0,0,0,0,0,0,0,0,-50000,0,0,0,0,50000,-50000,-50000
044637,滬深2X元富94購01,0,0,0,0,0,0,0,0,0,-50000,0,0,0,0,50000,-50000,-50000
048567,台郡元大93購03  ,0,0,0,0,0,0,0,0,0,-50000,0,0,0,60000,110000,-50000,-50000
048676,和鑫國泰94購02  ,0,0,0,0,0,0,0,0,0,-50000,0,0,0,0,50000,-50000,-50000
048639,漢唐元大93購07  ,0,0,0,0,0,0,0,0,0,-50000,0,0,0,0,50000,-50000,-50000
048376,台達電元富93購01,0,0,0,0,0,0,0,0,0,-50000,0,0,0,0,50000,-50000,-50000
048396,奇力新國票94購02,0,0,0,0,0,0,0,0,0,-50000,0,0,0,0,50000,-50000,-50000
044818,可成兆豐93購02  ,0,0,0,0,0,0,0,0,0,-50000,0,0,0,50000,100000,-50000,-50000
04533P,臺股指凱基94售05,0,0,0,0,0,0,0,0,0,-50000,0,0,0,0,50000,-50000,-50000
045206,創意國泰93購02  ,0,0,0,0,0,0,0,0,0,-50000,0,0,0,35000,85000,-50000,-50000
046369,同欣電日盛92購01,0,0,0,0,0,0,0,0,0,-50000,0,0,0,10000,60000,-50000,-50000
04608P,晶相光永豐94售02,0,0,0,0,0,0,0,0,0,-50000,0,0,0,0,50000,-50000,-50000
043758,創意元大92購03  ,0,0,0,0,0,0,0,0,0,-50000,0,0,0,0,50000,-50000,-50000
03383P,聯電凱基02售04  ,0,0,0,0,0,0,0,0,0,-50000,0,0,0,0,50000,-50000,-50000
04335P,大成鋼元大93售01,0,0,0,0,0,0,0,0,0,-50000,0,0,0,0,50000,-50000,-50000
036804,國巨元富93購01  ,0,0,0,0,0,0,0,0,0,-50000,0,0,0,96000,146000,-50000,-50000
03721P,卜蜂元大93售01  ,0,0,0,0,0,0,0,0,0,-50000,0,0,0,0,50000,-50000,-50000
046587,大立光元大92購27,0,0,0,0,0,0,0,0,0,-50000,0,0,0,0,50000,-50000,-50000
046569,同欣電元富92購02,0,0,0,0,0,0,0,0,0,-50000,0,0,0,0,50000,-50000,-50000
045664,元油2X元富96購01,0,0,0,0,0,0,0,0,0,-50000,0,0,0,0,50000,-50000,-50000
045376,友訊元大93購01  ,0,0,0,0,0,0,0,0,0,-50000,0,0,0,110000,160000,-50000,-50000
04006P,滬深2X國票9B售01,0,0,0,0,0,0,0,0,0,-50000,0,0,0,0,50000,-50000,-50000
04015P,可成元大93售10  ,0,0,0,0,0,0,0,0,0,-50000,0,0,0,0,50000,-50000,-50000
04196P,東陽中信93售02  ,0,0,0,0,0,0,0,0,0,-50000,0,0,0,0,50000,-50000,-50000
042561,南電兆豐92購01  ,0,0,0,0,0,0,0,0,0,-50000,0,0,0,0,50000,-50000,-50000
04273P,上証反凱基99售01,0,0,0,0,0,0,0,0,0,-50000,0,0,0,0,50000,-50000,-50000
048766,禾伸堂凱基94購01,0,0,0,0,0,0,0,0,0,-50000,0,0,0,0,50000,-50000,-50000
048133,臻鼎國票94購01  ,0,0,0,0,0,0,0,0,0,-50000,0,0,0,0,50000,-50000,-50000
048163,南亞科台新93購01,0,0,0,0,0,0,0,0,0,-50000,0,0,0,10000,60000,-50000,-50000
049425,喬山兆豐95購01  ,0,0,0,0,0,0,0,0,0,-50000,0,0,0,0,50000,-50000,-50000
048728,台達電麥證94購01,0,0,0,20000,70000,-50000,0,0,0,-50000,0,0,0,20000,70000,-50000,-50000
048977,晶相光元大94購01,0,0,0,0,0,0,0,0,0,-50000,0,0,0,0,50000,-50000,-50000
048769,聯鈞凱基94購01  ,0,0,0,0,0,0,0,0,0,-50000,0,0,0,0,50000,-50000,-50000
048789,大立光元大95購04,0,0,0,0,0,0,0,0,0,-50000,0,0,0,0,50000,-50000,-50000
047578,新光金群益93購01,0,0,0,0,0,0,0,0,0,-50000,0,0,0,0,50000,-50000,-50000
048901,矽格國泰95購01  ,0,0,0,0,0,0,0,0,0,-50000,0,0,0,10000,60000,-50000,-50000
048884,川湖元富94購01  ,0,0,0,0,0,0,0,0,0,-50000,0,0,0,0,50000,-50000,-50000
047632,儒鴻元大93購08  ,0,0,0,0,0,0,0,0,0,-50000,0,0,0,20000,70000,-50000,-50000
047105,和大元大94購01  ,0,0,0,0,0,0,0,0,0,-50000,0,0,0,0,50000,-50000,-50000
04717P,和大凱基94售02  ,0,0,0,0,0,0,0,0,0,-50000,0,0,0,20000,70000,-50000,-50000
047191,同欣電元大93購02,0,0,0,0,0,0,0,0,0,-50000,0,0,0,0,50000,-50000,-50000
047041,貿聯群益93購02  ,0,0,0,0,0,0,0,0,0,-50000,0,0,0,150000,200000,-50000,-50000
046877,燿華國泰94購01  ,0,0,0,0,0,0,0,0,0,-50000,0,0,0,90000,140000,-50000,-50000
047641,可成元大93購09  ,0,0,0,0,0,0,0,0,0,-50000,0,0,0,85000,135000,-50000,-50000
049663,正崴永豐94購01  ,0,0,0,0,0,0,0,0,0,-50000,0,0,0,0,50000,-50000,-50000
049508,上銀凱基94購04  ,0,0,0,0,0,0,0,0,0,-50000,0,0,0,0,50000,-50000,-50000
046939,燿華元大96購01  ,0,0,0,0,0,0,0,0,0,-50000,0,0,0,32000,82000,-50000,-50000
047950,滬深2X永豐94購02,0,0,0,0,0,0,0,0,0,-50000,0,0,0,0,50000,-50000,-50000
049386,嘉聯益元大95購01,0,0,0,0,0,0,0,0,0,-50000,0,0,0,50000,100000,-50000,-50000
049371,可成元大94購04  ,0,0,0,0,0,0,0,0,0,-50000,0,0,0,0,50000,-50000,-50000
049045,上海銀兆豐94購01,0,0,0,0,0,0,0,0,0,-50000,0,0,0,0,50000,-50000,-50000
049923,智原元大95購02  ,0,0,0,0,0,0,0,0,0,-50000,0,0,0,30000,80000,-50000,-50000
049894,嘉聯益富邦98購01,0,0,0,0,0,0,0,0,0,-50000,0,0,0,0,50000,-50000,-50000
049794,台達電元大94購10,0,0,0,0,0,0,0,0,0,-50000,0,0,0,0,50000,-50000,-50000
049861,正崴兆豐94購01  ,0,0,0,0,0,0,0,0,0,-50000,0,0,0,50000,100000,-50000,-50000
049703,訊芯元大95購01  ,0,0,0,0,0,0,0,0,0,-50000,0,0,0,200000,250000,-50000,-50000
050298,智伸科凱基94購02,0,0,0,0,0,0,0,0,0,-50000,0,0,0,0,50000,-50000,-50000
050230,聯發科麥證94購02,0,0,0,0,50000,-50000,0,0,0,-50000,0,0,0,0,50000,-50000,-50000
050187,群創元大94購03  ,0,0,0,0,0,0,0,0,0,-50000,0,0,0,69000,119000,-50000,-50000
050112,高鐵元大94購02  ,0,0,0,0,0,0,0,0,0,-50000,0,0,0,3000,53000,-50000,-50000
050796,燿華中信95購01  ,0,0,0,0,0,0,0,0,0,-50000,0,0,0,0,50000,-50000,-50000
051034,正崴兆豐95購01  ,0,0,0,0,0,0,0,0,0,-50000,0,0,0,50000,100000,-50000,-50000
050385,貿聯國票95購02  ,0,0,0,0,0,0,0,0,0,-50000,0,0,0,20000,70000,-50000,-50000
050497,臺指反凱基96購02,0,0,0,0,0,0,0,0,0,-50000,0,0,0,0,50000,-50000,-50000
050522,聯發科元大95購03,0,0,0,0,0,0,0,0,0,-50000,0,0,0,100000,150000,-50000,-50000
050582,傳奇國票94購01  ,0,0,0,0,0,0,0,0,0,-50000,0,0,0,0,50000,-50000,-50000
051694,A50正2中信96購03,0,0,0,0,0,0,0,0,0,-50000,0,0,0,0,50000,-50000,-50000
051583,可成元大95購07  ,0,0,0,0,0,0,0,0,0,-50000,0,0,0,0,50000,-50000,-50000
051588,聯詠元大95購03  ,0,0,0,0,0,0,0,0,0,-50000,0,0,0,0,50000,-50000,-50000
051480,大立光凱基97購01,0,0,0,0,0,0,0,0,0,-50000,0,0,0,5000,55000,-50000,-50000
051278,臻鼎中信97購02  ,0,0,0,0,0,0,0,0,0,-50000,0,0,0,0,50000,-50000,-50000
051418,智易國票97購01  ,0,0,0,0,0,0,0,0,0,-50000,0,0,0,0,50000,-50000,-50000
052779,欣興國票97購01  ,0,0,0,0,0,0,0,0,0,-50000,0,0,0,200000,250000,-50000,-50000
052759,京元電群益96購01,0,0,0,0,0,0,0,0,0,-50000,0,0,0,0,50000,-50000,-50000
052735,燿華富邦98購01  ,0,0,0,0,0,0,0,0,0,-50000,0,0,0,0,50000,-50000,-50000
052605,聯發科元大96購06,0,0,0,0,0,0,0,0,0,-50000,0,0,0,0,50000,-50000,-50000
052611,力成元大96購02  ,0,0,0,0,0,0,0,0,0,-50000,0,0,0,0,50000,-50000,-50000
053055,聯詠國票97購01  ,0,0,0,0,0,0,0,0,0,-50000,0,0,0,0,50000,-50000,-50000
052995,上銀康和96購01  ,0,0,0,0,0,0,0,0,0,-50000,0,0,0,0,50000,-50000,-50000
052107,台積電統一95購06,0,0,0,0,0,0,0,0,0,-50000,0,0,0,48000,98000,-50000,-50000
051870,台郡凱基95購04  ,0,0,0,0,0,0,0,0,0,-50000,0,0,0,0,50000,-50000,-50000
051846,S&P反1中信96購02,0,0,0,0,0,0,0,0,0,-50000,0,0,0,45000,95000,-50000,-50000
051981,南茂凱基96購01  ,0,0,0,0,0,0,0,0,0,-50000,0,0,0,0,50000,-50000,-50000
052425,華通台新95購02  ,0,0,0,0,0,0,0,0,0,-50000,0,0,0,0,50000,-50000,-50000
052395,上証2X凱基97購01,0,0,0,0,0,0,0,0,0,-50000,0,0,0,0,50000,-50000,-50000
052558,新唐國票97購01  ,0,0,0,0,0,0,0,0,0,-50000,0,0,0,0,50000,-50000,-50000
052198,鴻海統一95購10  ,0,0,0,0,0,0,0,0,0,-50000,0,0,0,0,50000,-50000,-50000
052347,GIS凱基95購05   ,0,0,0,0,0,0,0,0,0,-50000,0,0,0,0,50000,-50000,-50000
052373,鴻海元大95購22  ,0,0,0,0,0,0,0,0,0,-50000,0,0,0,0,50000,-50000,-50000
052374,瑞昱元大95購02  ,0,0,0,0,0,0,0,0,0,-50000,0,0,0,7000,57000,-50000,-50000
052375,奇力新元大96購02,0,0,0,0,0,0,0,0,0,-50000,0,0,0,18000,68000,-50000,-50000
052333,嘉聯益兆豐96購01,0,0,0,0,0,0,0,0,0,-50000,0,0,0,0,50000,-50000,-50000
056062,大立光元大97購12,0,0,0,0,0,0,0,0,0,-50000,0,0,0,0,50000,-50000,-50000
056180,南茂元富97購01  ,0,0,0,0,0,0,0,0,0,-50000,0,0,0,0,50000,-50000,-50000
056288,健鼎永豐97購01  ,0,0,0,0,0,0,0,0,0,-50000,0,0,0,0,50000,-50000,-50000
055848,大立光元大97購11,0,0,0,0,0,0,0,0,0,-50000,0,0,0,0,50000,-50000,-50000
055755,禾伸堂兆豐97購02,0,0,0,0,0,0,0,0,0,-50000,0,0,0,0,50000,-50000,-50000
055720,宏達電元大97購05,0,0,0,0,0,0,0,0,0,-50000,0,0,0,200000,250000,-50000,-50000
05597P,鴻海元富96售06  ,0,0,0,0,0,0,0,0,0,-50000,0,0,0,0,50000,-50000,-50000
055943,瑞昱麥證97購01  ,0,0,0,10000,65000,-55000,0,0,0,-50000,0,0,0,25000,75000,-50000,-50000
055899,群創中信99購01  ,0,0,0,0,0,0,0,0,0,-50000,0,0,0,0,50000,-50000,-50000
055907,台虹兆豐98購01  ,0,0,0,0,0,0,0,0,0,-50000,0,0,0,0,50000,-50000,-50000
05590P,臺股指中信96售05,0,0,0,0,0,0,0,0,0,-50000,0,0,0,0,50000,-50000,-50000
06059P,泰碩元大97售02  ,0,0,0,0,0,0,0,0,0,-50000,0,0,0,0,50000,-50000,-50000
06129P,玉晶光元富97售06,0,0,0,0,0,0,0,0,0,-50000,0,0,0,20000,70000,-50000,-50000
05698P,群創凱基96售01  ,0,0,0,0,0,0,0,0,0,-50000,0,0,0,50000,100000,-50000,-50000
06028P,智邦台新97售01  ,0,0,0,0,0,0,0,0,0,-50000,0,0,0,5000,55000,-50000,-50000
05904P,大立光統一96售07,0,0,0,0,0,0,0,0,0,-50000,0,0,0,20000,70000,-50000,-50000
05888P,友達元大97售01  ,0,0,0,0,0,0,0,0,0,-50000,0,0,0,0,50000,-50000,-50000
9946,三發地產        ,461000,473000,-12000,0,0,0,0,0,0,-38000,4000,42000,-38000,0,0,0,-50000
06438P,玉晶光國票99售02,0,0,0,0,0,0,0,0,0,-50000,0,0,0,0,50000,-50000,-50000
4552,力達-KY         ,51000,102200,-51200,0,0,0,0,0,0,1000,1000,0,1000,0,0,0,-50200
053873,力成元大96購03  ,0,0,0,0,0,0,0,0,0,-51000,0,0,0,0,51000,-51000,-51000
054383,傳奇群益97購01  ,0,0,0,0,0,0,0,0,0,-51000,0,0,0,2000,53000,-51000,-51000
053215,禾伸堂凱基96購01,0,0,0,0,0,0,0,0,0,-51000,0,0,0,0,51000,-51000,-51000
054833,京鼎中信97購01  ,0,0,0,0,0,0,0,0,0,-51000,0,0,0,1000,52000,-51000,-51000
055705,微星永豐97購01  ,0,0,0,0,0,0,0,0,0,-51000,0,0,0,68000,119000,-51000,-51000
045933,華通群益92購02  ,0,0,0,0,0,0,0,0,0,-51000,0,0,0,0,51000,-51000,-51000
047714,禾伸堂凱基93購03,0,0,0,0,0,0,0,0,0,-51000,0,0,0,0,51000,-51000,-51000
047175,台塑元大93購01  ,0,0,0,0,0,0,0,0,0,-51000,0,0,0,59000,110000,-51000,-51000
048867,台積電兆豐95購01,0,0,0,0,0,0,0,0,0,-51000,0,0,0,11000,62000,-51000,-51000
049228,台塑富邦94購01  ,0,0,0,0,0,0,0,0,0,-51000,0,0,0,10000,61000,-51000,-51000
049222,和碩國票94購01  ,0,0,0,0,0,0,0,0,0,-51000,0,0,0,0,51000,-51000,-51000
052010,兆豐金中信95購01,0,0,0,0,0,0,0,0,0,-51000,0,0,0,0,51000,-51000,-51000
052097,GIS元大95購05   ,0,0,0,0,0,0,0,0,0,-51000,0,0,0,2000,53000,-51000,-51000
052631,T50反1凱基98購02,0,0,0,0,0,0,0,0,0,-51000,0,0,0,1000,52000,-51000,-51000
051135,建準永豐95購01  ,0,0,0,0,0,0,0,0,0,-51000,0,0,0,0,51000,-51000,-51000
051505,台積電元富95購05,0,0,0,0,0,0,0,0,0,-51000,0,0,0,356000,407000,-51000,-51000
06018P,康控凱基96售03  ,0,0,0,0,0,0,0,0,0,-51000,0,0,0,10000,61000,-51000,-51000
05717P,鴻海元大97售07  ,0,0,0,0,0,0,0,0,0,-51000,0,0,0,166000,217000,-51000,-51000
055888,鴻海統一97購04  ,0,0,0,0,0,0,0,0,0,-51000,0,0,0,0,51000,-51000,-51000
056018,旺宏群益97購02  ,0,0,0,0,0,0,0,0,0,-51000,0,0,0,18000,69000,-51000,-51000
056128,和大中信99購01  ,0,0,0,0,0,0,0,0,0,-51000,0,0,0,0,51000,-51000,-51000
055509,訊芯元大97購03  ,0,0,0,0,0,0,0,0,0,-52000,0,0,0,76000,128000,-52000,-52000
05459P,聯詠凱基95售03  ,0,0,0,0,0,0,0,0,0,-52000,0,0,0,20000,72000,-52000,-52000
053934,A50正2元富96購02,0,0,0,0,0,0,0,0,0,-52000,0,0,0,2000,54000,-52000,-52000
048460,盛群凱基94購01  ,0,0,0,0,0,0,0,0,0,-52000,0,0,0,37000,89000,-52000,-52000
04864P,欣興元大94售10  ,0,0,0,0,0,0,0,0,0,-52000,0,0,0,10000,62000,-52000,-52000
048677,智伸科國泰94購01,0,0,0,0,0,0,0,0,0,-52000,0,0,0,0,52000,-52000,-52000
04105P,東陽康和93售03  ,0,0,0,0,0,0,0,0,0,-52000,0,0,0,0,52000,-52000,-52000
042953,鴻海台新01購01  ,0,0,0,0,0,0,0,0,0,-52000,0,0,0,2000,54000,-52000,-52000
00710B,FH彭博高收益債  ,0,0,0,0,0,0,0,0,0,-52000,0,0,0,164000,216000,-52000,-52000
020012,富邦行動通訊N   ,0,0,0,0,0,0,0,0,0,-52000,0,0,0,29000,81000,-52000,-52000
049279,元油2X國票94購02,0,0,0,0,0,0,0,0,0,-52000,0,0,0,0,52000,-52000,-52000
049446,為升統一94購01  ,0,0,0,0,0,0,0,0,0,-52000,0,0,0,10000,62000,-52000,-52000
048687,旺宏群益96購01  ,0,0,0,0,0,0,0,0,0,-52000,0,0,0,0,52000,-52000,-52000
048859,玉晶光群益96購02,0,0,0,0,0,0,0,0,0,-52000,0,0,0,0,52000,-52000,-52000
049055,聯詠永豐94購01  ,0,0,0,0,0,0,0,0,0,-52000,0,0,0,86000,138000,-52000,-52000
049108,玉晶光富邦96購02,0,0,0,0,0,0,0,0,0,-52000,0,0,0,4000,56000,-52000,-52000
049159,同欣電中信96購01,0,0,0,0,0,0,0,0,0,-52000,0,0,0,11000,63000,-52000,-52000
049669,訊芯國泰95購01  ,0,0,0,0,0,0,0,0,0,-52000,0,0,0,10000,62000,-52000,-52000
049957,智邦統一94購01  ,0,0,0,0,0,0,0,0,0,-52000,0,0,0,48000,100000,-52000,-52000
051469,友達日盛9B購01  ,0,0,0,0,0,0,0,0,0,-52000,0,0,0,0,52000,-52000,-52000
051110,可成統一95購01  ,0,0,0,0,0,0,0,0,0,-52000,0,0,0,48000,100000,-52000,-52000
05072P,聯電元富95售02  ,0,0,0,0,0,0,0,0,0,-52000,0,0,0,15000,67000,-52000,-52000
050386,智伸科國票94購01,0,0,0,0,0,0,0,0,0,-52000,0,0,0,0,52000,-52000,-52000
052596,群創群益98購05  ,0,0,0,0,0,0,0,0,0,-52000,0,0,0,380000,432000,-52000,-52000
052674,智邦國泰98購01  ,0,0,0,0,0,0,0,0,0,-52000,0,0,0,81000,133000,-52000,-52000
052801,友達元大9A購01  ,0,0,0,0,0,0,0,0,0,-52000,0,0,0,188000,240000,-52000,-52000
051937,廣達群益95購01  ,0,0,0,0,0,0,0,0,0,-52000,0,0,0,22000,74000,-52000,-52000
051866,聯發科凱基96購05,0,0,0,0,0,0,0,0,0,-52000,0,0,0,101000,153000,-52000,-52000
051879,健策台新96購01  ,0,0,0,0,0,0,0,0,0,-52000,0,0,0,0,52000,-52000,-52000
052551,台積電國票97購03,0,0,0,0,0,0,0,0,0,-52000,0,0,0,5000,57000,-52000,-52000
06190P,玉晶光永豐97售05,0,0,0,0,0,0,0,0,0,-52000,0,0,0,0,52000,-52000,-52000
054461,台積電凱基97購09,0,0,0,0,0,0,0,0,0,-53000,0,0,0,20000,73000,-53000,-53000
053217,群創凱基99購02  ,0,0,0,0,0,0,0,0,0,-53000,0,0,0,13000,66000,-53000,-53000
055633,牧德永豐97購02  ,0,0,0,0,0,0,0,0,0,-53000,0,0,0,0,53000,-53000,-53000
055329,百和國票98購01  ,0,0,0,0,0,0,0,0,0,-53000,0,0,0,16000,69000,-53000,-53000
055182,京鼎統一98購01  ,0,0,0,0,0,0,0,0,0,-53000,0,0,0,3000,56000,-53000,-53000
03636C,元油2X元富04牛01,0,0,0,0,0,0,0,0,0,-53000,0,0,0,0,53000,-53000,-53000
03909P,奇鋐元大93售04  ,0,0,0,0,0,0,0,0,0,-53000,0,0,0,5000,58000,-53000,-53000
048192,華通元大96購01  ,0,0,0,0,0,0,0,0,0,-53000,0,0,0,34000,87000,-53000,-53000
049994,聯茂台新94購02  ,0,0,0,0,0,0,0,0,0,-53000,0,0,0,299000,352000,-53000,-53000
049761,亞德客國泰95購03,0,0,0,0,0,0,0,0,0,-53000,0,0,0,3000,56000,-53000,-53000
050205,牧德群益94購02  ,0,0,0,0,0,0,0,0,0,-53000,0,0,0,10000,63000,-53000,-53000
04676P,彩晶統一94售03  ,0,0,0,0,0,0,0,0,0,-53000,0,0,0,27000,80000,-53000,-53000
047459,全新群益93購02  ,0,0,0,0,0,0,0,0,0,-53000,0,0,0,10000,63000,-53000,-53000
052454,力成元大95購02  ,0,0,0,0,0,0,0,0,0,-53000,0,0,0,0,53000,-53000,-53000
052029,矽力群益95購02  ,0,0,0,0,0,0,0,0,0,-53000,0,0,0,0,53000,-53000,-53000
052806,玉晶光元大98購04,0,0,0,0,0,0,0,0,0,-53000,0,0,0,70000,123000,-53000,-53000
051099,台郡元大95購03  ,0,0,0,0,0,0,0,0,0,-53000,0,0,0,155000,208000,-53000,-53000
05615P,臺股指康和96售04,0,0,0,0,0,0,0,0,0,-53000,0,0,0,0,53000,-53000,-53000
056347,GIS凱基9A購01   ,0,0,0,0,0,0,0,0,0,-53000,0,0,0,0,53000,-53000,-53000
053372,元油反元大98購01,0,0,0,0,0,0,0,0,0,-54000,0,0,0,499000,553000,-54000,-54000
053780,南亞科元大96購03,0,0,0,0,0,0,0,0,0,-54000,0,0,0,1000,55000,-54000,-54000
054294,世芯元大96購02  ,0,0,0,0,0,0,0,0,0,-54000,0,0,0,0,54000,-54000,-54000
053861,台光電元大98購01,0,0,0,0,0,0,0,0,0,-54000,0,0,0,0,54000,-54000,-54000
043909,台光電凱基93購01,0,0,0,0,0,0,0,0,0,-54000,0,0,0,42000,96000,-54000,-54000
042501,台灣50凱基96購06,0,0,0,0,0,0,0,0,0,-54000,0,0,0,1000,55000,-54000,-54000
047696,聯發科國票94購02,0,0,0,0,0,0,0,0,0,-54000,0,0,0,106000,160000,-54000,-54000
046923,友達國泰94購01  ,0,0,0,0,0,0,0,0,0,-54000,0,0,0,0,54000,-54000,-54000
053010,鴻海統一96購11  ,0,0,0,0,0,0,0,0,0,-54000,0,0,0,48000,102000,-54000,-54000
051894,嘉聯益元富95購03,0,0,0,0,0,0,0,0,0,-54000,0,0,0,10000,64000,-54000,-54000
052396,台積電凱基97購01,0,0,0,0,0,0,0,0,0,-54000,0,0,0,150000,204000,-54000,-54000
052237,嘉澤國票96購02  ,0,0,0,0,0,0,0,0,0,-54000,0,0,0,0,54000,-54000,-54000
05662P,景碩元富96售01  ,0,0,0,0,0,0,0,0,0,-54000,0,0,0,0,54000,-54000,-54000
06209P,旺宏統一97售07  ,0,0,0,0,0,0,0,0,0,-54000,0,0,0,10000,64000,-54000,-54000
06139P,台積電中信99售02,0,0,0,0,0,0,0,0,0,-54000,0,0,0,10000,64000,-54000,-54000
06047P,聯發科富邦99售04,0,0,0,0,0,0,0,0,0,-54000,0,0,0,10000,64000,-54000,-54000
06088P,建準永豐97售01  ,0,0,0,0,0,0,0,0,0,-54000,0,0,0,9000,63000,-54000,-54000
06125P,楠梓電元富99售01,0,0,0,0,0,0,0,0,0,-54000,0,0,0,21000,75000,-54000,-54000
06385P,聯發科永豐97售02,0,0,0,0,0,0,0,0,0,-54000,0,0,0,15000,69000,-54000,-54000
2342,茂矽            ,56000,115000,-59000,0,0,0,0,0,0,5000,5000,0,5000,0,0,0,-54000
2423,固緯            ,35000,82000,-47000,0,0,0,0,8000,-8000,1000,1000,0,1000,0,0,0,-54000
053200,華邦電日盛96購01,0,0,0,0,0,0,0,0,0,-55000,0,0,0,0,55000,-55000,-55000
053191,奇鋐統一96購01  ,0,0,0,0,0,0,0,0,0,-55000,0,0,0,0,55000,-55000,-55000
055602,康控元大97購03  ,0,0,0,0,0,0,0,0,0,-55000,0,0,0,400000,455000,-55000,-55000
05569P,漢唐統一97售01  ,0,0,0,0,0,0,0,0,0,-55000,0,0,0,155000,210000,-55000,-55000
054498,燿華永豐96購06  ,0,0,0,0,0,0,0,0,0,-55000,0,0,0,27000,82000,-55000,-55000
054743,聯鈞凱基99購01  ,0,0,0,0,0,0,0,0,0,-55000,0,0,0,50000,105000,-55000,-55000
042173,台灣50永豐93購01,0,0,0,0,0,0,0,0,0,-55000,0,0,0,0,55000,-55000,-55000
044860,元油2X中信93購01,0,0,0,0,0,0,0,0,0,-55000,0,0,0,0,55000,-55000,-55000
045762,微星統一92購01  ,0,0,0,0,0,0,0,0,0,-55000,0,0,0,56000,111000,-55000,-55000
047967,南亞科國泰95購01,0,0,0,0,0,0,0,0,0,-55000,0,0,0,20000,75000,-55000,-55000
047906,中石化元大94購01,0,0,0,0,0,0,0,0,0,-55000,0,0,0,0,55000,-55000,-55000
050286,為升凱基94購05  ,0,0,0,0,0,0,0,0,0,-55000,0,0,0,0,55000,-55000,-55000
049782,世紀鋼統一94購01,0,0,0,0,0,0,0,0,0,-55000,0,0,0,0,55000,-55000,-55000
049789,世紀鋼兆豐94購01,0,0,0,0,0,0,0,0,0,-55000,0,0,0,0,55000,-55000,-55000
048875,晶相光國票94購01,0,0,0,0,0,0,0,0,0,-55000,0,0,0,0,55000,-55000,-55000
049244,亞光元富94購01  ,0,0,0,0,0,0,0,0,0,-55000,0,0,0,181000,236000,-55000,-55000
049339,鴻海統一94購02  ,0,0,0,0,0,0,0,0,0,-55000,0,0,0,0,55000,-55000,-55000
052299,T50反1台新05購03,0,0,0,0,0,0,0,0,0,-55000,0,0,0,0,55000,-55000,-55000
052133,華邦電凱基9B購01,0,0,0,0,0,0,0,0,0,-55000,0,0,0,0,55000,-55000,-55000
052870,玉晶光凱基96購03,0,0,0,0,0,0,0,0,0,-55000,0,0,0,0,55000,-55000,-55000
052746,泰碩元大97購01  ,0,0,0,0,0,0,0,0,0,-55000,0,0,0,5000,60000,-55000,-55000
051112,台郡統一95購01  ,0,0,0,0,0,0,0,0,0,-55000,0,0,0,0,55000,-55000,-55000
050404,元大金麥證94購01,0,0,0,55000,110000,-55000,0,0,0,-55000,0,0,0,55000,110000,-55000,-55000
050471,國泰金台新94購01,0,0,0,0,0,0,0,0,0,-55000,0,0,0,38000,93000,-55000,-55000
051066,台積電國票96購02,0,0,0,0,0,0,0,0,0,-55000,0,0,0,0,55000,-55000,-55000
2607,榮運            ,88000,154000,-66000,0,0,0,0,0,0,11000,11000,0,11000,0,0,0,-55000
055440,矽力國票98購01  ,0,0,0,0,0,0,0,0,0,-56000,0,0,0,2000,58000,-56000,-56000
054388,漢唐統一97購02  ,0,0,0,0,0,0,0,0,0,-56000,0,0,0,0,56000,-56000,-56000
054352,世芯國泰98購01  ,0,0,0,0,0,0,0,0,0,-56000,0,0,0,2000,58000,-56000,-56000
04275P,南亞科凱基93售08,0,0,0,0,0,0,0,0,0,-56000,0,0,0,5000,61000,-56000,-56000
049347,群創統一95購01  ,0,0,0,0,0,0,0,0,0,-56000,0,0,0,10000,66000,-56000,-56000
047880,聯發科國泰94購03,0,0,0,0,0,0,0,0,0,-56000,0,0,0,64000,120000,-56000,-56000
050010,鈺齊永豐94購01  ,0,0,0,0,0,0,0,0,0,-56000,0,0,0,290000,346000,-56000,-56000
047742,友達統一93購04  ,0,0,0,0,0,0,0,0,0,-56000,0,0,0,4000,60000,-56000,-56000
051063,台郡群益95購01  ,0,0,0,0,0,0,0,0,0,-56000,0,0,0,0,56000,-56000,-56000
051404,牧德永豐96購01  ,0,0,0,0,0,0,0,0,0,-56000,0,0,0,0,56000,-56000,-56000
051292,牧德統一97購01  ,0,0,0,0,0,0,0,0,0,-56000,0,0,0,9000,65000,-56000,-56000
053118,大立光中信9C購01,0,0,0,0,0,0,0,0,0,-56000,0,0,0,0,56000,-56000,-56000
052367,聯茂國票96購02  ,0,0,0,0,0,0,0,0,0,-56000,0,0,0,99000,155000,-56000,-56000
052244,廣達康和95購01  ,0,0,0,0,0,0,0,0,0,-56000,0,0,0,0,56000,-56000,-56000
06030P,友達兆豐96售02  ,0,0,0,0,0,0,0,0,0,-56000,0,0,0,70000,126000,-56000,-56000
06046P,健策統一96售03  ,0,0,0,0,0,0,0,0,0,-56000,0,0,0,45000,101000,-56000,-56000
054023,和大康和96購01  ,0,0,0,0,0,0,0,0,0,-57000,0,0,0,68000,125000,-57000,-57000
054991,南亞科元富97購01,0,0,0,0,0,0,0,0,0,-57000,0,0,0,0,57000,-57000,-57000
043784,鴻海凱基94購01  ,0,0,0,0,0,0,0,0,0,-57000,0,0,0,2000,59000,-57000,-57000
048100,貿聯凱基93購02  ,0,0,0,0,0,0,0,0,0,-57000,0,0,0,3000,60000,-57000,-57000
049529,華新科中信95購01,0,0,0,0,0,0,0,0,0,-57000,0,0,0,22000,79000,-57000,-57000
050093,國巨永豐94購05  ,0,0,0,0,0,0,0,0,0,-57000,0,0,0,39000,96000,-57000,-57000
048153,台積電兆豐94購01,0,0,0,0,0,0,0,0,0,-57000,0,0,0,0,57000,-57000,-57000
048765,奇力新凱基94購01,0,0,0,0,0,0,0,0,0,-57000,0,0,0,35000,92000,-57000,-57000
047347,台積電凱基93購14,0,0,0,0,0,0,0,0,0,-57000,0,0,0,14000,71000,-57000,-57000
052530,台郡元大96購04  ,0,0,0,0,0,0,0,0,0,-57000,0,0,0,76000,133000,-57000,-57000
052026,漢唐群益95購01  ,0,0,0,0,0,0,0,0,0,-57000,0,0,0,4000,61000,-57000,-57000
051412,奇力新國票96購01,0,0,0,0,0,0,0,0,0,-57000,0,0,0,24000,81000,-57000,-57000
051604,喬山群益95購01  ,0,0,0,0,0,0,0,0,0,-57000,0,0,0,164000,221000,-57000,-57000
055863,緯穎元大97購05  ,0,0,0,0,0,0,0,0,0,-57000,0,0,0,134000,191000,-57000,-57000
054889,京鼎統一99購01  ,0,0,0,0,0,0,0,0,0,-58000,0,0,0,0,58000,-58000,-58000
055226,聯發科國票97購05,0,0,0,0,0,0,0,0,0,-58000,0,0,0,0,58000,-58000,-58000
055304,瑞昱第一98購01  ,0,0,0,0,0,0,0,0,0,-58000,0,0,0,0,58000,-58000,-58000
053888,和大群益97購01  ,0,0,0,0,0,0,0,0,0,-58000,0,0,0,10000,68000,-58000,-58000
053944,亞泥富邦97購01  ,0,0,0,0,0,0,0,0,0,-58000,0,0,0,110000,168000,-58000,-58000
053392,致新元大96購01  ,0,0,0,0,0,0,0,0,0,-58000,0,0,0,0,58000,-58000,-58000
053704,國巨群益96購06  ,0,0,0,0,0,0,0,0,0,-58000,0,0,0,0,58000,-58000,-58000
053593,晶技元大98購01  ,0,0,0,0,0,0,0,0,0,-58000,0,0,0,446000,504000,-58000,-58000
046148,友達中信94購01  ,0,0,0,0,0,0,0,0,0,-58000,0,0,0,62000,120000,-58000,-58000
050151,台積電群益94購12,0,0,0,0,0,0,0,0,0,-58000,0,0,0,68000,126000,-58000,-58000
05024P,華通國票96售01  ,0,0,0,0,0,0,0,0,0,-58000,0,0,0,59000,117000,-58000,-58000
049564,聯電統一94購03  ,0,0,0,0,0,0,0,0,0,-58000,0,0,0,0,58000,-58000,-58000
051233,力成群益97購01  ,0,0,0,0,0,0,0,0,0,-58000,0,0,0,24000,82000,-58000,-58000
051067,台積電國票96購03,0,0,0,0,0,0,0,0,0,-58000,0,0,0,0,58000,-58000,-58000
050901,樺漢元大95購02  ,0,0,0,0,0,0,0,0,0,-58000,0,0,0,42000,100000,-58000,-58000
050459,台表科元大94購03,0,0,0,0,0,0,0,0,0,-58000,0,0,0,4000,62000,-58000,-58000
050597,聯電麥證94購01  ,0,0,0,0,58000,-58000,0,0,0,-58000,0,0,0,0,58000,-58000,-58000
052490,禾伸堂國票95購01,0,0,0,0,0,0,0,0,0,-58000,0,0,0,37000,95000,-58000,-58000
052677,景碩富邦97購01  ,0,0,0,0,0,0,0,0,0,-58000,0,0,0,205000,263000,-58000,-58000
05860P,旺宏康和96售01  ,0,0,0,0,0,0,0,0,0,-58000,0,0,0,0,58000,-58000,-58000
05819P,臺股指凱基96售16,0,0,0,0,0,0,0,0,0,-58000,0,0,0,0,58000,-58000,-58000
2426,鼎元            ,231000,294000,-63000,0,0,0,0,0,0,5000,6000,1000,5000,0,0,0,-58000
053833,彩晶台新97購02  ,0,0,0,0,0,0,0,0,0,-59000,0,0,0,41000,100000,-59000,-59000
055345,國巨凱基98購01  ,0,0,0,0,0,0,0,0,0,-59000,0,0,0,0,59000,-59000,-59000
05515P,台積電群益96售03,0,0,0,0,0,0,0,0,0,-59000,0,0,0,89000,148000,-59000,-59000
055670,矽創群益98購02  ,0,0,0,0,0,0,0,0,0,-59000,0,0,0,51000,110000,-59000,-59000
046379,奇力新凱基93購03,0,0,0,0,0,0,0,0,0,-59000,0,0,0,0,59000,-59000,-59000
050306,聯發科中信97購01,0,0,0,0,0,0,0,0,0,-59000,0,0,0,0,59000,-59000,-59000
048812,上証2X凱基96購01,0,0,0,0,0,0,0,0,0,-59000,0,0,0,51000,110000,-59000,-59000
04815P,致伸元大94售04  ,0,0,0,0,0,0,0,0,0,-59000,0,0,0,0,59000,-59000,-59000
048965,佳世達元大94購01,0,0,0,0,0,0,0,0,0,-59000,0,0,0,1000,60000,-59000,-59000
052319,可成元大95購12  ,0,0,0,0,0,0,0,0,0,-59000,0,0,0,78000,137000,-59000,-59000
052032,臺股指群益95購05,0,0,0,0,0,0,0,0,0,-59000,0,0,0,0,59000,-59000,-59000
050482,台郡國票94購04  ,0,0,0,0,0,0,0,0,0,-59000,0,0,0,0,59000,-59000,-59000
051739,奇力新國票97購01,0,0,0,0,0,0,0,0,0,-59000,0,0,0,0,59000,-59000,-59000
051765,健鼎元大95購03  ,0,0,0,0,0,0,0,0,0,-59000,0,0,0,101000,160000,-59000,-59000
6024,群益期          ,9000,68000,-59000,0,0,0,0,0,0,0,0,0,0,0,0,0,-59000
06198P,台積電元大98售06,0,0,0,0,0,0,0,0,0,-59000,0,0,0,648000,707000,-59000,-59000
055881,康控元富97購01  ,0,0,0,0,0,0,0,0,0,-59000,0,0,0,0,59000,-59000,-59000
056237,智邦群益97購02  ,0,0,0,0,0,0,0,0,0,-59000,0,0,0,0,59000,-59000,-59000
055665,亞德客群益97購01,0,0,0,0,0,0,0,0,0,-60000,0,0,0,0,60000,-60000,-60000
055185,晶相光統一97購01,0,0,0,0,0,0,0,0,0,-60000,0,0,0,0,60000,-60000,-60000
054854,台積電麥證97購01,0,0,0,12000,72000,-60000,0,0,0,-60000,0,0,0,12000,72000,-60000,-60000
054637,智邦中信98購01  ,0,0,0,0,0,0,0,0,0,-60000,0,0,0,48000,108000,-60000,-60000
053927,牧德國票97購01  ,0,0,0,0,0,0,0,0,0,-60000,0,0,0,0,60000,-60000,-60000
053916,漢唐國票97購04  ,0,0,0,0,0,0,0,0,0,-60000,0,0,0,0,60000,-60000,-60000
053647,臺股指國票96購10,0,0,0,0,0,0,0,0,0,-60000,0,0,0,0,60000,-60000,-60000
053491,鴻海兆豐97購02  ,0,0,0,0,0,0,0,0,0,-60000,0,0,0,0,60000,-60000,-60000
053716,京元電凱基97購01,0,0,0,0,0,0,0,0,0,-60000,0,0,0,0,60000,-60000,-60000
053350,台表科國票97購02,0,0,0,0,0,0,0,0,0,-60000,0,0,0,0,60000,-60000,-60000
053351,A50正2兆豐97購01,0,0,0,0,0,0,0,0,0,-60000,0,0,0,0,60000,-60000,-60000
046301,亞泥元大92購02  ,0,0,0,0,0,0,0,0,0,-60000,0,0,0,40000,100000,-60000,-60000
046381,緯創凱基93購03  ,0,0,0,0,0,0,0,0,0,-60000,0,0,0,0,60000,-60000,-60000
046483,華通國泰93購01  ,0,0,0,0,0,0,0,0,0,-60000,0,0,0,0,60000,-60000,-60000
044927,聯詠國泰94購01  ,0,0,0,0,0,0,0,0,0,-60000,0,0,0,0,60000,-60000,-60000
046194,禾伸堂凱基92購02,0,0,0,0,0,0,0,0,0,-60000,0,0,0,20000,80000,-60000,-60000
048535,超眾國票94購02  ,0,0,0,0,0,0,0,0,0,-60000,0,0,0,0,60000,-60000,-60000
044604,嘉聯益國泰93購01,0,0,0,0,0,0,0,0,0,-60000,0,0,0,0,60000,-60000,-60000
046067,富邦金凱基92購02,0,0,0,0,0,0,0,0,0,-60000,0,0,0,27000,87000,-60000,-60000
042062,台灣50兆豐92購01,0,0,0,0,0,0,0,0,0,-60000,0,0,0,10000,70000,-60000,-60000
046628,大立光統一98購01,0,0,0,0,0,0,0,0,0,-60000,0,0,0,0,60000,-60000,-60000
048981,牧德元大94購01  ,0,0,0,0,0,0,0,0,0,-60000,0,0,0,34000,94000,-60000,-60000
049342,聯發科統一94購05,0,0,0,0,0,0,0,0,0,-60000,0,0,0,48000,108000,-60000,-60000
048166,滬深2X永豐96購02,0,0,0,0,0,0,0,0,0,-60000,0,0,0,0,60000,-60000,-60000
047439,漢唐元大95購01  ,0,0,0,0,0,0,0,0,0,-60000,0,0,0,0,60000,-60000,-60000
047862,超眾台新93購01  ,0,0,0,0,0,0,0,0,0,-60000,0,0,0,0,60000,-60000,-60000
047866,得力永豐93購01  ,0,0,0,0,0,0,0,0,0,-60000,0,0,0,0,60000,-60000,-60000
046688,超眾國票93購03  ,0,0,0,0,0,0,0,0,0,-60000,0,0,0,0,60000,-60000,-60000
046864,和大統一97購01  ,0,0,0,0,0,0,0,0,0,-60000,0,0,0,464000,524000,-60000,-60000
047184,漢唐元大94購02  ,0,0,0,0,0,0,0,0,0,-60000,0,0,0,0,60000,-60000,-60000
047601,上海銀中信93購01,0,0,0,0,0,0,0,0,0,-60000,0,0,0,0,60000,-60000,-60000
048790,大立光元大95購05,0,0,0,0,0,0,0,0,0,-60000,0,0,0,0,60000,-60000,-60000
046723,聯發科元大93購01,0,0,0,0,0,0,0,0,0,-60000,0,0,0,0,60000,-60000,-60000
050319,康控國票95購04  ,0,0,0,0,0,0,0,0,0,-60000,0,0,0,0,60000,-60000,-60000
050329,超眾永豐94購03  ,0,0,0,0,0,0,0,0,0,-60000,0,0,0,0,60000,-60000,-60000
050259,鴻海元大94購14  ,0,0,0,0,0,0,0,0,0,-60000,0,0,0,20000,80000,-60000,-60000
049971,台郡國票95購01  ,0,0,0,0,0,0,0,0,0,-60000,0,0,0,312000,372000,-60000,-60000
049961,GIS統一94購01   ,0,0,0,0,0,0,0,0,0,-60000,0,0,0,148000,208000,-60000,-60000
049809,聯詠元大94購04  ,0,0,0,0,0,0,0,0,0,-60000,0,0,0,30000,90000,-60000,-60000
049708,滬深2X凱基94購02,0,0,0,0,0,0,0,0,0,-60000,0,0,0,0,60000,-60000,-60000
047768,大立光元大95購01,0,0,0,0,0,0,0,0,0,-60000,0,0,0,0,60000,-60000,-60000
046982,瀚宇博兆豐94購02,0,0,0,0,0,0,0,0,0,-60000,0,0,0,0,60000,-60000,-60000
051779,大立光群益95購02,0,0,0,0,0,0,0,0,0,-60000,0,0,0,0,60000,-60000,-60000
051216,為升元富95購01  ,0,0,0,0,0,0,0,0,0,-60000,0,0,0,20000,80000,-60000,-60000
050437,聯詠凱基94購04  ,0,0,0,0,0,0,0,0,0,-60000,0,0,0,60000,120000,-60000,-60000
050576,南亞科國票95購01,0,0,0,0,0,0,0,0,0,-60000,0,0,0,0,60000,-60000,-60000
05083P,麗豐永豐95售02  ,0,0,0,0,0,0,0,0,0,-60000,0,0,0,158000,218000,-60000,-60000
051105,台光電國票96購01,0,0,0,0,0,0,0,0,0,-60000,0,0,0,40000,100000,-60000,-60000
052011,欣興中信96購01  ,0,0,0,0,0,0,0,0,0,-60000,0,0,0,0,60000,-60000,-60000
052380,臺股指元大95購21,0,0,0,0,0,0,0,0,0,-60000,0,0,0,90000,150000,-60000,-60000
05240P,玉晶光永豐96售01,0,0,0,0,0,0,0,0,0,-60000,0,0,0,0,60000,-60000,-60000
052859,國巨凱基96購07  ,0,0,0,0,0,0,0,0,0,-60000,0,0,0,6000,66000,-60000,-60000
052838,新唐國泰98購01  ,0,0,0,0,0,0,0,0,0,-60000,0,0,0,0,60000,-60000,-60000
052982,鴻海元大97購06  ,0,0,0,0,0,0,0,0,0,-60000,0,0,0,220000,280000,-60000,-60000
056135,緯創元大98購01  ,0,0,0,0,0,0,0,0,0,-60000,0,0,0,50000,110000,-60000,-60000
055937,康舒群益97購01  ,0,0,0,0,0,0,0,0,0,-60000,0,0,0,19000,79000,-60000,-60000
06068P,玉晶光康和97售01,0,0,0,0,0,0,0,0,0,-60000,0,0,0,0,60000,-60000,-60000
05945P,聯詠中信96售01  ,0,0,0,0,0,0,0,0,0,-60000,0,0,0,0,60000,-60000,-60000
054113,奇力新台新97購01,0,0,0,0,0,0,0,0,0,-61000,0,0,0,3000,64000,-61000,-61000
055091,微星群益97購01  ,0,0,0,0,0,0,0,0,0,-61000,0,0,0,25000,86000,-61000,-61000
055188,亞翔統一97購01  ,0,0,0,0,0,0,0,0,0,-61000,0,0,0,0,61000,-61000,-61000
055295,瀚宇博元大97購02,0,0,0,0,0,0,0,0,0,-61000,0,0,0,28000,89000,-61000,-61000
044373,台積電兆豐92購01,0,0,0,0,0,0,0,0,0,-61000,0,0,0,0,61000,-61000,-61000
045861,智邦統一93購02  ,0,0,0,0,0,0,0,0,0,-61000,0,0,0,237000,298000,-61000,-61000
04573P,聯電統一94售02  ,0,0,0,0,0,0,0,0,0,-61000,0,0,0,60000,121000,-61000,-61000
046955,康舒國票93購01  ,0,0,0,0,0,0,0,0,0,-61000,0,0,0,38000,99000,-61000,-61000
04792P,智邦元大94售06  ,0,0,0,0,0,0,0,0,0,-61000,0,0,0,56000,117000,-61000,-61000
04985P,景碩永豐94售02  ,0,0,0,0,0,0,0,0,0,-61000,0,0,0,0,61000,-61000,-61000
047681,滬深反中信95購01,0,0,0,0,0,0,0,0,0,-61000,0,0,0,51000,112000,-61000,-61000
04833P,鴻海元大94售16  ,0,0,0,0,0,0,0,0,0,-61000,0,0,0,699000,760000,-61000,-61000
053113,瀚宇博兆豐97購01,0,0,0,0,0,0,0,0,0,-61000,0,0,0,0,61000,-61000,-61000
050814,微星凱基95購01  ,0,0,0,0,0,0,0,0,0,-61000,0,0,0,69000,130000,-61000,-61000
050499,台達電凱基94購11,0,0,0,0,0,0,0,0,0,-61000,0,0,0,0,61000,-61000,-61000
051452,貿聯元大95購04  ,0,0,0,0,0,0,0,0,0,-61000,0,0,0,100000,161000,-61000,-61000
05998P,台積電元大97售12,0,0,0,0,0,0,0,0,0,-61000,0,0,0,599000,660000,-61000,-61000
05696P,南亞科凱基96售01,0,0,0,0,0,0,0,0,0,-61000,0,0,0,7000,68000,-61000,-61000
3533,嘉澤            ,608000,490000,118000,0,0,0,32000,209000,-177000,-2000,54000,61000,-7000,8000,3000,5000,-61000
8249,菱光            ,88000,149000,-61000,0,0,0,0,0,0,0,0,0,0,0,0,0,-61000
08897P,國巨群益01售10  ,0,0,0,0,0,0,0,0,0,-61000,0,0,0,79000,140000,-61000,-61000
055397,超眾統一97購02  ,0,0,0,0,0,0,0,0,0,-62000,0,0,0,48000,110000,-62000,-62000
055250,華新科統一97購02,0,0,0,0,0,0,0,0,0,-62000,0,0,0,48000,110000,-62000,-62000
055669,緯穎群益97購02  ,0,0,0,0,0,0,0,0,0,-62000,0,0,0,30000,92000,-62000,-62000
055697,牧德國票98購01  ,0,0,0,0,0,0,0,0,0,-62000,0,0,0,28000,90000,-62000,-62000
054805,台苯元大9A購01  ,0,0,0,0,0,0,0,0,0,-62000,0,0,0,0,62000,-62000,-62000
054110,群創凱基98購09  ,0,0,0,0,0,0,0,0,0,-62000,0,0,0,20000,82000,-62000,-62000
054126,和大元大96購02  ,0,0,0,0,0,0,0,0,0,-62000,0,0,0,0,62000,-62000,-62000
054065,樺漢國票97購01  ,0,0,0,0,0,0,0,0,0,-62000,0,0,0,0,62000,-62000,-62000
053460,緯穎國泰97購01  ,0,0,0,0,0,0,0,0,0,-62000,0,0,0,115000,177000,-62000,-62000
053291,旺宏中信9A購01  ,0,0,0,0,0,0,0,0,0,-62000,0,0,0,11000,73000,-62000,-62000
053264,南亞科群益96購01,0,0,0,0,0,0,0,0,0,-62000,0,0,0,58000,120000,-62000,-62000
046163,友達兆豐92購02  ,0,0,0,0,0,0,0,0,0,-62000,0,0,0,36000,98000,-62000,-62000
04439P,聯發科群益94售04,0,0,0,0,0,0,0,0,0,-62000,0,0,0,63000,125000,-62000,-62000
045934,燿華群益93購01  ,0,0,0,0,0,0,0,0,0,-62000,0,0,0,20000,82000,-62000,-62000
04256P,美律國票93售03  ,0,0,0,0,0,0,0,0,0,-62000,0,0,0,0,62000,-62000,-62000
049424,中石化兆豐94購01,0,0,0,0,0,0,0,0,0,-62000,0,0,0,68000,130000,-62000,-62000
047246,華新科群益93購01,0,0,0,0,0,0,0,0,0,-62000,0,0,0,7000,69000,-62000,-62000
050344,鴻海元富96購01  ,0,0,0,0,0,0,0,0,0,-62000,0,0,0,52000,114000,-62000,-62000
046983,南茂兆豐94購01  ,0,0,0,0,0,0,0,0,0,-62000,0,0,0,38000,100000,-62000,-62000
049074,光罩凱基94購02  ,0,0,0,0,0,0,0,0,0,-62000,0,0,0,14000,76000,-62000,-62000
051065,台積電國票96購01,0,0,0,0,0,0,0,0,0,-62000,0,0,0,6000,68000,-62000,-62000
052577,台積電統一96購01,0,0,0,0,0,0,0,0,0,-62000,0,0,0,0,62000,-62000,-62000
052535,日月光國泰96購01,0,0,0,0,0,0,0,0,0,-62000,0,0,0,30000,92000,-62000,-62000
052356,聯詠永豐95購03  ,0,0,0,0,0,0,0,0,0,-62000,0,0,0,25000,87000,-62000,-62000
052184,台光電群益95購03,0,0,0,0,0,0,0,0,0,-62000,0,0,0,1000,63000,-62000,-62000
1463,強盛            ,4000,71000,-67000,0,0,0,0,0,0,5000,5000,0,5000,0,0,0,-62000
5305,敦南            ,51000,115000,-64000,0,0,0,0,0,0,2000,2000,0,2000,0,0,0,-62000
055746,同欣電元富97購01,0,0,0,0,0,0,0,0,0,-62000,0,0,0,0,62000,-62000,-62000
056083,億光統一97購03  ,0,0,0,0,0,0,0,0,0,-62000,0,0,0,0,62000,-62000,-62000
054136,亞光元大96購04  ,0,0,0,0,0,0,0,0,0,-63000,0,0,0,51000,114000,-63000,-63000
053908,貿聯凱基98購01  ,0,0,0,0,0,0,0,0,0,-63000,0,0,0,41000,104000,-63000,-63000
054298,台表科元大97購03,0,0,0,0,0,0,0,0,0,-63000,0,0,0,0,63000,-63000,-63000
055012,茂林元富97購01  ,0,0,0,0,0,0,0,0,0,-63000,0,0,0,322000,385000,-63000,-63000
042556,台灣50中信96購04,0,0,0,0,0,0,0,0,0,-63000,0,0,0,54000,117000,-63000,-63000
04120P,智邦凱基93售09  ,0,0,0,0,0,0,0,0,0,-63000,0,0,0,0,63000,-63000,-63000
046080,同欣電凱基92購03,0,0,0,0,0,0,0,0,0,-63000,0,0,0,0,63000,-63000,-63000
049050,崇越康和94購01  ,0,0,0,0,0,0,0,0,0,-63000,0,0,0,51000,114000,-63000,-63000
049848,聯發科群益94購06,0,0,0,0,0,0,0,0,0,-63000,0,0,0,64000,127000,-63000,-63000
049950,南亞科群益94購02,0,0,0,0,0,0,0,0,0,-63000,0,0,0,103000,166000,-63000,-63000
048156,正崴兆豐93購01  ,0,0,0,0,0,0,0,0,0,-63000,0,0,0,67000,130000,-63000,-63000
052134,智邦凱基95購09  ,0,0,0,0,0,0,0,0,0,-63000,0,0,0,76000,139000,-63000,-63000
052020,聯茂永豐95購02  ,0,0,0,0,0,0,0,0,0,-63000,0,0,0,166000,229000,-63000,-63000
052523,奇力新元大97購01,0,0,0,0,0,0,0,0,0,-63000,0,0,0,7000,70000,-63000,-63000
052935,康友元大96購03  ,0,0,0,0,0,0,0,0,0,-63000,0,0,0,0,63000,-63000,-63000
050819,宏達電凱基95購01,0,0,0,0,0,0,0,0,0,-63000,0,0,0,0,63000,-63000,-63000
050671,超眾永豐94購04  ,0,0,0,0,0,0,0,0,0,-63000,0,0,0,158000,221000,-63000,-63000
051456,鈺齊元大95購01  ,0,0,0,0,0,0,0,0,0,-63000,0,0,0,0,63000,-63000,-63000
051741,可成國票97購01  ,0,0,0,0,0,0,0,0,0,-63000,0,0,0,0,63000,-63000,-63000
056194,聯發科富邦9B購01,0,0,0,0,0,0,0,0,0,-63000,0,0,0,0,63000,-63000,-63000
2707,晶華            ,91000,147000,-56000,0,0,0,0,0,0,-7000,3000,0,3000,0,10000,-10000,-63000
055265,玉晶光永豐98購03,0,0,0,0,0,0,0,0,0,-64000,0,0,0,1000,65000,-64000,-64000
044255,群創元大93購01  ,0,0,0,0,0,0,0,0,0,-64000,0,0,0,70000,134000,-64000,-64000
048394,正崴國票94購01  ,0,0,0,0,0,0,0,0,0,-64000,0,0,0,35000,99000,-64000,-64000
042237,鴻海永昌93購01  ,0,0,0,0,0,0,0,0,0,-64000,0,0,0,0,64000,-64000,-64000
049298,矽格群益95購01  ,0,0,0,0,0,0,0,0,0,-64000,0,0,0,20000,84000,-64000,-64000
052823,創意永豐96購02  ,0,0,0,0,0,0,0,0,0,-64000,0,0,0,30000,94000,-64000,-64000
051990,泰碩元大95購01  ,0,0,0,0,0,0,0,0,0,-64000,0,0,0,100000,164000,-64000,-64000
6191,精成科          ,461000,499000,-38000,0,0,0,0,0,0,-26000,14000,32000,-18000,6000,14000,-8000,-64000
911616,杜康-DR         ,3000,67000,-64000,0,0,0,0,0,0,0,0,0,0,0,0,0,-64000
05660P,玉晶光第一96售01,0,0,0,0,0,0,0,0,0,-64000,0,0,0,10000,74000,-64000,-64000
055993,致茂國泰99購01  ,0,0,0,0,0,0,0,0,0,-64000,0,0,0,56000,120000,-64000,-64000
05887P,友達元富99售03  ,0,0,0,0,0,0,0,0,0,-64000,0,0,0,0,64000,-64000,-64000
055269,和大元大97購02  ,0,0,0,0,0,0,0,0,0,-65000,0,0,0,0,65000,-65000,-65000
055200,和大群益98購01  ,0,0,0,0,0,0,0,0,0,-65000,0,0,0,0,65000,-65000,-65000
055363,緯穎凱基98購03  ,0,0,0,0,0,0,0,0,0,-65000,0,0,0,38000,103000,-65000,-65000
054968,佐登元大97購01  ,0,0,0,0,0,0,0,0,0,-65000,0,0,0,0,65000,-65000,-65000
055118,嘉聯益凱基98購02,0,0,0,0,0,0,0,0,0,-65000,0,0,0,35000,100000,-65000,-65000
054861,智邦群益97購01  ,0,0,0,0,0,0,0,0,0,-65000,0,0,0,0,65000,-65000,-65000
054900,金寶康和97購01  ,0,0,0,0,0,0,0,0,0,-65000,0,0,0,433000,498000,-65000,-65000
053952,南亞科台新96購01,0,0,0,0,0,0,0,0,0,-65000,0,0,0,0,65000,-65000,-65000
053224,矽力凱基96購02  ,0,0,0,0,0,0,0,0,0,-65000,0,0,0,10000,75000,-65000,-65000
053470,華邦電元大96購02,0,0,0,0,0,0,0,0,0,-65000,0,0,0,200000,265000,-65000,-65000
053344,嘉晶國票97購02  ,0,0,0,0,0,0,0,0,0,-65000,0,0,0,0,65000,-65000,-65000
03444P,道瓊銀群益02售04,0,0,0,0,0,0,0,0,0,-65000,0,0,0,10000,75000,-65000,-65000
044737,奇鋐國泰93購02  ,0,0,0,0,0,0,0,0,0,-65000,0,0,0,0,65000,-65000,-65000
044298,南電凱基93購01  ,0,0,0,0,0,0,0,0,0,-65000,0,0,0,0,65000,-65000,-65000
049480,同欣電永豐94購01,0,0,0,0,0,0,0,0,0,-65000,0,0,0,4000,69000,-65000,-65000
048269,瀚宇博國泰95購01,0,0,0,0,0,0,0,0,0,-65000,0,0,0,5000,70000,-65000,-65000
04768P,大立光國泰96售03,0,0,0,0,0,0,0,0,0,-65000,0,0,0,120000,185000,-65000,-65000
048829,欣興凱基94購02  ,0,0,0,0,0,0,0,0,0,-65000,0,0,0,0,65000,-65000,-65000
047614,台郡群益93購02  ,0,0,0,0,0,0,0,0,0,-65000,0,0,0,15000,80000,-65000,-65000
049587,美律元大95購01  ,0,0,0,0,0,0,0,0,0,-65000,0,0,0,11000,76000,-65000,-65000
052149,電子類群益95購01,0,0,0,0,0,0,0,0,0,-65000,0,0,0,0,65000,-65000,-65000
052456,滬深2X元富9B購03,0,0,0,0,0,0,0,0,0,-65000,0,0,0,185000,250000,-65000,-65000
052205,台積電中信95購09,0,0,0,0,0,0,0,0,0,-65000,0,0,0,0,65000,-65000,-65000
051301,聯發科凱基95購08,0,0,0,0,0,0,0,0,0,-65000,0,0,0,15000,80000,-65000,-65000
05065P,燿華元大96售03  ,0,0,0,0,0,0,0,0,0,-65000,0,0,0,219000,284000,-65000,-65000
050372,全新元大96購03  ,0,0,0,0,0,0,0,0,0,-65000,0,0,0,221000,286000,-65000,-65000
050792,可成富邦96購01  ,0,0,0,0,0,0,0,0,0,-65000,0,0,0,10000,75000,-65000,-65000
050947,聯發科群益95購01,0,0,0,0,0,0,0,0,0,-65000,0,0,0,50000,115000,-65000,-65000
06231P,台積電永豐97售05,0,0,0,0,0,0,0,0,0,-65000,0,0,0,10000,75000,-65000,-65000
055905,可成兆豐97購03  ,0,0,0,0,0,0,0,0,0,-65000,0,0,0,0,65000,-65000,-65000
053726,TPK凱基96購02   ,0,0,0,0,0,0,0,0,0,-66000,0,0,0,132000,198000,-66000,-66000
054820,新日興元大97購01,0,0,0,0,0,0,0,0,0,-66000,0,0,0,94000,160000,-66000,-66000
055111,宏盛凱基97購01  ,0,0,0,0,0,0,0,0,0,-66000,0,0,0,0,66000,-66000,-66000
055210,S&P正2凱基97購01,0,0,0,0,0,0,0,0,0,-66000,0,0,0,0,66000,-66000,-66000
055502,群創元大9C購03  ,0,0,0,0,0,0,0,0,0,-66000,0,0,0,77000,143000,-66000,-66000
046460,聯鈞凱基93購02  ,0,0,0,0,0,0,0,0,0,-66000,0,0,0,0,66000,-66000,-66000
049926,智易元大95購02  ,0,0,0,0,0,0,0,0,0,-66000,0,0,0,35000,101000,-66000,-66000
050978,鴻海元富95購03  ,0,0,0,0,0,0,0,0,0,-66000,0,0,0,75000,141000,-66000,-66000
05103P,臺股指凱基96售10,0,0,0,0,0,0,0,0,0,-66000,0,0,0,95000,161000,-66000,-66000
050765,鴻海元大96購02  ,0,0,0,0,0,0,0,0,0,-66000,0,0,0,110000,176000,-66000,-66000
050455,貿聯元大94購02  ,0,0,0,0,0,0,0,0,0,-66000,0,0,0,14000,80000,-66000,-66000
051463,世芯國泰97購02  ,0,0,0,0,0,0,0,0,0,-66000,0,0,0,24000,90000,-66000,-66000
052445,南亞科元大95購05,0,0,0,0,0,0,0,0,0,-66000,0,0,0,4000,70000,-66000,-66000
05201P,玉晶光國泰97售02,0,0,0,0,0,0,0,0,0,-66000,0,0,0,21000,87000,-66000,-66000
053056,同欣電國票97購01,0,0,0,0,0,0,0,0,0,-66000,0,0,0,30000,96000,-66000,-66000
055894,欣興統一97購03  ,0,0,0,0,0,0,0,0,0,-66000,0,0,0,0,66000,-66000,-66000
8101,華冠            ,80000,148000,-68000,0,0,0,0,0,0,2000,2000,0,2000,0,0,0,-66000
08801P,聯發科元大01售13,0,0,0,0,0,0,0,0,0,-66000,0,0,0,0,66000,-66000,-66000
055611,燿華國票98購02  ,0,0,0,0,0,0,0,0,0,-67000,0,0,0,0,67000,-67000,-67000
054804,南亞元大9A購01  ,0,0,0,0,0,0,0,0,0,-67000,0,0,0,101000,168000,-67000,-67000
054605,鴻海永豐97購01  ,0,0,0,0,0,0,0,0,0,-67000,0,0,0,3000,70000,-67000,-67000
053154,聯詠元大96購01  ,0,0,0,0,0,0,0,0,0,-67000,0,0,0,116000,183000,-67000,-67000
053269,同欣電群益96購01,0,0,0,0,0,0,0,0,0,-67000,0,0,0,10000,77000,-67000,-67000
053829,力成麥證96購01  ,0,0,0,16000,83000,-67000,0,0,0,-67000,0,0,0,16000,83000,-67000,-67000
048598,瑞昱國票93購03  ,0,0,0,0,0,0,0,0,0,-67000,0,0,0,20000,87000,-67000,-67000
042527,台灣50永豐94購01,0,0,0,0,0,0,0,0,0,-67000,0,0,0,0,67000,-67000,-67000
049697,群創元大98購01  ,0,0,0,0,0,0,0,0,0,-67000,0,0,0,93000,160000,-67000,-67000
046793,聯發科元富99購01,0,0,0,0,0,0,0,0,0,-67000,0,0,0,26000,93000,-67000,-67000
052005,矽力國泰97購02  ,0,0,0,0,0,0,0,0,0,-67000,0,0,0,32000,99000,-67000,-67000
051807,瑞昱凱基95購03  ,0,0,0,0,0,0,0,0,0,-67000,0,0,0,12000,79000,-67000,-67000
1736,喬山            ,866000,677001,188999,0,0,0,0,250000,-250000,-6000,3000,0,3000,3000,12000,-9000,-67001
054182,台積電康和96購01,0,0,0,0,0,0,0,0,0,-68000,0,0,0,0,68000,-68000,-68000
053746,彰銀康和96購01  ,0,0,0,0,0,0,0,0,0,-68000,0,0,0,0,68000,-68000,-68000
053648,台積電凱基97購04,0,0,0,0,0,0,0,0,0,-68000,0,0,0,60000,128000,-68000,-68000
054600,中壽台新97購01  ,0,0,0,0,0,0,0,0,0,-68000,0,0,0,0,68000,-68000,-68000
054517,高鐵元大96購01  ,0,0,0,0,0,0,0,0,0,-68000,0,0,0,77000,145000,-68000,-68000
054684,裕隆永豐97購01  ,0,0,0,0,0,0,0,0,0,-68000,0,0,0,0,68000,-68000,-68000
055630,聯詠永豐97購02  ,0,0,0,0,0,0,0,0,0,-68000,0,0,0,0,68000,-68000,-68000
055479,GIS凱基97購04   ,0,0,0,0,0,0,0,0,0,-68000,0,0,0,0,68000,-68000,-68000
055466,台達電凱基97購03,0,0,0,0,0,0,0,0,0,-68000,0,0,0,0,68000,-68000,-68000
055568,緯穎凱基97購02  ,0,0,0,0,0,0,0,0,0,-68000,0,0,0,0,68000,-68000,-68000
055310,聯詠群益97購02  ,0,0,0,0,0,0,0,0,0,-68000,0,0,0,14000,82000,-68000,-68000
055351,聯發科凱基97購03,0,0,0,0,0,0,0,0,0,-68000,0,0,0,0,68000,-68000,-68000
046258,華通國票92購02  ,0,0,0,0,0,0,0,0,0,-68000,0,0,0,0,68000,-68000,-68000
047608,聯發科第一95購01,0,0,0,0,0,0,0,0,0,-68000,0,0,0,0,68000,-68000,-68000
047355,世紀鋼凱基94購01,0,0,0,0,0,0,0,0,0,-68000,0,0,0,0,68000,-68000,-68000
050287,台達電凱基94購10,0,0,0,0,0,0,0,0,0,-68000,0,0,0,0,68000,-68000,-68000
049036,燿華兆豐95購01  ,0,0,0,0,0,0,0,0,0,-68000,0,0,0,0,68000,-68000,-68000
048697,華新科國票94購06,0,0,0,0,0,0,0,0,0,-68000,0,0,0,6000,74000,-68000,-68000
052015,漢唐永豐95購02  ,0,0,0,0,0,0,0,0,0,-68000,0,0,0,0,68000,-68000,-68000
052234,GIS凱基97購01   ,0,0,0,0,0,0,0,0,0,-68000,0,0,0,0,68000,-68000,-68000
052241,台郡國票96購01  ,0,0,0,0,0,0,0,0,0,-68000,0,0,0,40000,108000,-68000,-68000
053134,南亞科國票97購01,0,0,0,0,0,0,0,0,0,-68000,0,0,0,2000,70000,-68000,-68000
052834,彩晶群益96購01  ,0,0,0,0,0,0,0,0,0,-68000,0,0,0,70000,138000,-68000,-68000
6605,帝寶            ,3000,73000,-70000,0,0,0,0,0,0,2000,2000,0,2000,0,0,0,-68000
6165,捷泰            ,10000,78000,-68000,0,0,0,0,0,0,0,0,0,0,0,0,0,-68000
055808,世紀鋼永豐97購01,0,0,0,0,0,0,0,0,0,-68000,0,0,0,0,68000,-68000,-68000
05757P,旺宏永豐96售03  ,0,0,0,0,0,0,0,0,0,-68000,0,0,0,0,68000,-68000,-68000
054686,順德永豐97購01  ,0,0,0,0,0,0,0,0,0,-69000,0,0,0,0,69000,-69000,-69000
053318,全新群益99購01  ,0,0,0,0,0,0,0,0,0,-69000,0,0,0,15000,84000,-69000,-69000
05387P,鴻海元大95售21  ,0,0,0,0,0,0,0,0,0,-69000,0,0,0,223000,292000,-69000,-69000
054148,矽創元大96購03  ,0,0,0,0,0,0,0,0,0,-69000,0,0,0,0,69000,-69000,-69000
04547P,高鐵元大94售01  ,0,0,0,0,0,0,0,0,0,-69000,0,0,0,0,69000,-69000,-69000
049607,台積電兆豐94購04,0,0,0,0,0,0,0,0,0,-69000,0,0,0,40000,109000,-69000,-69000
047317,聯詠元大93購06  ,0,0,0,0,0,0,0,0,0,-69000,0,0,0,150000,219000,-69000,-69000
053054,禾伸堂國票97購01,0,0,0,0,0,0,0,0,0,-69000,0,0,0,13000,82000,-69000,-69000
052346,訊芯凱基95購01  ,0,0,0,0,0,0,0,0,0,-69000,0,0,0,10000,79000,-69000,-69000
051486,玉晶光凱基97購03,0,0,0,0,0,0,0,0,0,-69000,0,0,0,10000,79000,-69000,-69000
050544,聯發科凱基95購02,0,0,0,0,0,0,0,0,0,-69000,0,0,0,0,69000,-69000,-69000
051031,康友元富95購02  ,0,0,0,0,0,0,0,0,0,-69000,0,0,0,2000,71000,-69000,-69000
06245P,健策元富97售03  ,0,0,0,0,0,0,0,0,0,-69000,0,0,0,46000,115000,-69000,-69000
1762,中化生          ,215000,286000,-71000,0,0,0,0,0,0,2000,2000,0,2000,0,0,0,-69000
2524,京城            ,27000,68000,-41000,0,0,0,0,0,0,-28000,4000,32000,-28000,0,0,0,-69000
054152,漢唐國泰98購02  ,0,0,0,0,0,0,0,0,0,-70000,0,0,0,0,70000,-70000,-70000
05411P,台積電國票96售08,0,0,0,0,0,0,0,0,0,-70000,0,0,0,0,70000,-70000,-70000
054122,康友永豐96購01  ,0,0,0,0,0,0,0,0,0,-70000,0,0,0,0,70000,-70000,-70000
054026,台積電凱基97購08,0,0,0,0,0,0,0,0,0,-70000,0,0,0,28000,98000,-70000,-70000
054280,牧德群益98購01  ,0,0,0,0,0,0,0,0,0,-70000,0,0,0,15000,85000,-70000,-70000
054330,世芯永豐96購02  ,0,0,0,0,0,0,0,0,0,-70000,0,0,0,20000,90000,-70000,-70000
053398,和鑫中信99購01  ,0,0,0,0,0,0,0,0,0,-70000,0,0,0,0,70000,-70000,-70000
053404,致新群益96購01  ,0,0,0,0,0,0,0,0,0,-70000,0,0,0,32000,102000,-70000,-70000
053426,創意永豐96購04  ,0,0,0,0,0,0,0,0,0,-70000,0,0,0,3000,73000,-70000,-70000
053227,晶技台新96購01  ,0,0,0,0,0,0,0,0,0,-70000,0,0,0,0,70000,-70000,-70000
053777,台積電元大96購20,0,0,0,0,0,0,0,0,0,-70000,0,0,0,180000,250000,-70000,-70000
055515,聚陽中信9A購01  ,0,0,0,0,0,0,0,0,0,-70000,0,0,0,50000,120000,-70000,-70000
055531,華新科群益98購03,0,0,0,0,0,0,0,0,0,-70000,0,0,0,0,70000,-70000,-70000
03861P,群創元富99售01  ,0,0,0,0,0,0,0,0,0,-70000,0,0,0,0,70000,-70000,-70000
03567P,可成凱基02售06  ,0,0,0,0,0,0,0,0,0,-70000,0,0,0,40000,110000,-70000,-70000
045824,嘉聯益凱基93購02,0,0,0,0,0,0,0,0,0,-70000,0,0,0,10000,80000,-70000,-70000
044995,大立光國泰94購01,0,0,0,0,0,0,0,0,0,-70000,0,0,0,350000,420000,-70000,-70000
046516,TPK元大92購03   ,0,0,0,0,0,0,0,0,0,-70000,0,0,0,0,70000,-70000,-70000
046365,禾伸堂永豐92購02,0,0,0,0,0,0,0,0,0,-70000,0,0,0,0,70000,-70000,-70000
046061,中石化凱基98購01,0,0,0,0,0,0,0,0,0,-70000,0,0,0,57000,127000,-70000,-70000
047129,T50反1凱基93購01,0,0,0,0,0,0,0,0,0,-70000,0,0,0,0,70000,-70000,-70000
04826P,華新科麥證95售01,0,0,0,27000,97000,-70000,0,0,0,-70000,0,0,0,27000,97000,-70000,-70000
047881,和鑫國泰95購01  ,0,0,0,0,0,0,0,0,0,-70000,0,0,0,0,70000,-70000,-70000
049238,元油2X元富96購08,0,0,0,0,0,0,0,0,0,-70000,0,0,0,0,70000,-70000,-70000
047483,新光金凱基99購04,0,0,0,0,0,0,0,0,0,-70000,0,0,0,340000,410000,-70000,-70000
050337,南電國泰95購01  ,0,0,0,0,0,0,0,0,0,-70000,0,0,0,0,70000,-70000,-70000
04983P,臺股指康和94售03,0,0,0,0,0,0,0,0,0,-70000,0,0,0,0,70000,-70000,-70000
050782,台積電國泰96購03,0,0,0,0,0,0,0,0,0,-70000,0,0,0,115000,185000,-70000,-70000
050377,華通第一94購01  ,0,0,0,0,0,0,0,0,0,-70000,0,0,0,2000,72000,-70000,-70000
051576,台積電元大97購02,0,0,0,0,0,0,0,0,0,-70000,0,0,0,1000,71000,-70000,-70000
051926,聯電中信97購01  ,0,0,0,0,0,0,0,0,0,-70000,0,0,0,20000,90000,-70000,-70000
052908,大成鋼統一96購01,0,0,0,0,0,0,0,0,0,-70000,0,0,0,210000,280000,-70000,-70000
052824,揚明光永豐96購02,0,0,0,0,0,0,0,0,0,-70000,0,0,0,83000,153000,-70000,-70000
2329,華泰            ,1054000,762000,292000,0,0,0,0,0,0,-362000,15000,22000,-7000,91000,446000,-355000,-70000
055784,TPK凱基97購02   ,0,0,0,0,0,0,0,0,0,-70000,0,0,0,0,70000,-70000,-70000
055908,GIS日盛97購01   ,0,0,0,0,0,0,0,0,0,-70000,0,0,0,0,70000,-70000,-70000
056007,上銀中信97購02  ,0,0,0,0,0,0,0,0,0,-70000,0,0,0,0,70000,-70000,-70000
056384,玉晶光國泰9A購02,0,0,0,0,0,0,0,0,0,-70000,0,0,0,0,70000,-70000,-70000
055444,致新台新97購01  ,0,0,0,0,0,0,0,0,0,-71000,0,0,0,38000,109000,-71000,-71000
05522P,友達元富96售02  ,0,0,0,0,0,0,0,0,0,-71000,0,0,0,0,71000,-71000,-71000
05499P,聯詠元富95售02  ,0,0,0,0,0,0,0,0,0,-71000,0,0,0,17000,88000,-71000,-71000
054830,世芯國泰99購01  ,0,0,0,0,0,0,0,0,0,-71000,0,0,0,2000,73000,-71000,-71000
054196,台光電國泰97購02,0,0,0,0,0,0,0,0,0,-71000,0,0,0,1000,72000,-71000,-71000
045634,友達凱基93購02  ,0,0,0,0,0,0,0,0,0,-71000,0,0,0,23000,94000,-71000,-71000
050351,華新科群益95購02,0,0,0,0,0,0,0,0,0,-71000,0,0,0,7000,78000,-71000,-71000
047736,聯發科台新94購01,0,0,0,0,0,0,0,0,0,-71000,0,0,0,0,71000,-71000,-71000
047351,聯詠凱基93購02  ,0,0,0,0,0,0,0,0,0,-71000,0,0,0,0,71000,-71000,-71000
052179,康友元大95購03  ,0,0,0,0,0,0,0,0,0,-71000,0,0,0,368000,439000,-71000,-71000
052509,鴻海凱基96購10  ,0,0,0,0,0,0,0,0,0,-71000,0,0,0,0,71000,-71000,-71000
051332,奇力新永豐95購01,0,0,0,0,0,0,0,0,0,-71000,0,0,0,30000,101000,-71000,-71000
055757,大成鋼群益99購01,0,0,0,0,0,0,0,0,0,-71000,0,0,0,0,71000,-71000,-71000
6477,安集            ,8000,81000,-73000,0,0,0,1000,0,1000,1000,1000,0,1000,0,0,0,-71000
055600,致伸元大97購02  ,0,0,0,0,0,0,0,0,0,-72000,0,0,0,28000,100000,-72000,-72000
044003,聯發科兆豐93購01,0,0,0,0,0,0,0,0,0,-72000,0,0,0,51000,123000,-72000,-72000
048387,台達電國票94購01,0,0,0,0,0,0,0,0,0,-72000,0,0,0,0,72000,-72000,-72000
046289,群創兆豐92購03  ,0,0,0,0,0,0,0,0,0,-72000,0,0,0,4000,76000,-72000,-72000
049234,可成統一94購02  ,0,0,0,0,0,0,0,0,0,-72000,0,0,0,58000,130000,-72000,-72000
051076,緯創國泰96購01  ,0,0,0,0,0,0,0,0,0,-72000,0,0,0,24000,96000,-72000,-72000
052308,大立光國泰97購02,0,0,0,0,0,0,0,0,0,-72000,0,0,0,100000,172000,-72000,-72000
051912,健鼎元大96購01  ,0,0,0,0,0,0,0,0,0,-72000,0,0,0,2000,74000,-72000,-72000
052561,矽創國票97購01  ,0,0,0,0,0,0,0,0,0,-72000,0,0,0,30000,102000,-72000,-72000
055820,矽力國票98購02  ,0,0,0,0,0,0,0,0,0,-72000,0,0,0,3000,75000,-72000,-72000
056126,台郡國票98購02  ,0,0,0,0,0,0,0,0,0,-72000,0,0,0,0,72000,-72000,-72000
053417,上銀永豐96購02  ,0,0,0,0,0,0,0,0,0,-73000,0,0,0,170000,243000,-73000,-73000
03544P,鴻海群益02售07  ,0,0,0,0,0,0,0,0,0,-73000,0,0,0,10000,83000,-73000,-73000
00762,元大全球AI      ,0,1000,-1000,0,0,0,0,0,0,-72000,0,0,0,76000,148000,-72000,-73000
050879,樺漢統一95購02  ,0,0,0,0,0,0,0,0,0,-73000,0,0,0,152000,225000,-73000,-73000
051193,新日興兆豐96購01,0,0,0,0,0,0,0,0,0,-73000,0,0,0,25000,98000,-73000,-73000
051657,台郡元富98購01  ,0,0,0,0,0,0,0,0,0,-73000,0,0,0,13000,86000,-73000,-73000
055844,大毅元大98購01  ,0,0,0,0,0,0,0,0,0,-73000,0,0,0,71000,144000,-73000,-73000
055733,奇力新元富97購01,0,0,0,0,0,0,0,0,0,-73000,0,0,0,65000,138000,-73000,-73000
05823P,臺股指凱基96售20,0,0,0,0,0,0,0,0,0,-73000,0,0,0,6000,79000,-73000,-73000
054085,華新科統一96購04,0,0,0,0,0,0,0,0,0,-74000,0,0,0,204000,278000,-74000,-74000
046624,彩晶凱基94購02  ,0,0,0,0,0,0,0,0,0,-74000,0,0,0,117000,191000,-74000,-74000
048384,遠東新國票94購01,0,0,0,0,0,0,0,0,0,-74000,0,0,0,0,74000,-74000,-74000
04765P,宏達電永豐94售02,0,0,0,0,0,0,0,0,0,-74000,0,0,0,158000,232000,-74000,-74000
047177,上銀元大93購05  ,0,0,0,0,0,0,0,0,0,-74000,0,0,0,1000,75000,-74000,-74000
047557,麗豐凱基94購02  ,0,0,0,0,0,0,0,0,0,-74000,0,0,0,43000,117000,-74000,-74000
050396,欣興元富94購02  ,0,0,0,0,0,0,0,0,0,-74000,0,0,0,420000,494000,-74000,-74000
052940,玉晶光兆豐97購01,0,0,0,0,0,0,0,0,0,-74000,0,0,0,36000,110000,-74000,-74000
05712P,友達統一97售03  ,0,0,0,0,0,0,0,0,0,-74000,0,0,0,4000,78000,-74000,-74000
053855,康友國泰98購01  ,0,0,0,0,0,0,0,0,0,-75000,0,0,0,10000,85000,-75000,-75000
053363,旺宏國泰98購02  ,0,0,0,0,0,0,0,0,0,-75000,0,0,0,996000,1071000,-75000,-75000
053383,京元電元大97購01,0,0,0,0,0,0,0,0,0,-75000,0,0,0,46000,121000,-75000,-75000
055454,華邦電元富97購02,0,0,0,0,0,0,0,0,0,-75000,0,0,0,145000,220000,-75000,-75000
054835,致新中信97購01  ,0,0,0,0,0,0,0,0,0,-75000,0,0,0,200000,275000,-75000,-75000
054704,玉晶光第一97購01,0,0,0,0,0,0,0,0,0,-75000,0,0,0,96000,171000,-75000,-75000
045963,新光金凱基93購01,0,0,0,0,0,0,0,0,0,-75000,0,0,0,0,75000,-75000,-75000
045436,友達統一93購02  ,0,0,0,0,0,0,0,0,0,-75000,0,0,0,28000,103000,-75000,-75000
047697,台郡國票94購02  ,0,0,0,0,0,0,0,0,0,-75000,0,0,0,0,75000,-75000,-75000
049169,統一凱基94購01  ,0,0,0,0,0,0,0,0,0,-75000,0,0,0,0,75000,-75000,-75000
047883,臺股指永昌93購01,0,0,0,0,0,0,0,0,0,-75000,0,0,0,125000,200000,-75000,-75000
048052,力成中信93購01  ,0,0,0,0,0,0,0,0,0,-75000,0,0,0,34000,109000,-75000,-75000
049641,台達電凱基94購08,0,0,0,0,0,0,0,0,0,-75000,0,0,0,40000,115000,-75000,-75000
052624,微星亞東97購01  ,0,0,0,0,0,0,0,0,0,-75000,0,0,0,0,75000,-75000,-75000
052676,聯發科永昌98購01,0,0,0,0,0,0,0,0,0,-75000,0,0,0,436000,511000,-75000,-75000
052767,智伸科群益98購01,0,0,0,0,0,0,0,0,0,-75000,0,0,0,0,75000,-75000,-75000
051875,聯發科兆豐95購04,0,0,0,0,0,0,0,0,0,-75000,0,0,0,0,75000,-75000,-75000
051849,旺宏中信98購01  ,0,0,0,0,0,0,0,0,0,-75000,0,0,0,25000,100000,-75000,-75000
052181,南茂元大95購05  ,0,0,0,0,0,0,0,0,0,-75000,0,0,0,0,75000,-75000,-75000
052552,智邦國票97購01  ,0,0,0,0,0,0,0,0,0,-75000,0,0,0,3000,78000,-75000,-75000
052546,友達中信98購01  ,0,0,0,0,0,0,0,0,0,-75000,0,0,0,18000,93000,-75000,-75000
051651,易華電永豐95購01,0,0,0,0,0,0,0,0,0,-75000,0,0,0,0,75000,-75000,-75000
051162,楠梓電元大95購01,0,0,0,0,0,0,0,0,0,-75000,0,0,0,0,75000,-75000,-75000
055721,聯詠元大97購04  ,0,0,0,0,0,0,0,0,0,-75000,0,0,0,25000,100000,-75000,-75000
054724,鴻海日盛97購02  ,0,0,0,0,0,0,0,0,0,-76000,0,0,0,6000,82000,-76000,-76000
054191,香港2X中信98購01,0,0,0,0,0,0,0,0,0,-76000,0,0,0,20000,96000,-76000,-76000
045189,大立光元富98購01,0,0,0,0,0,0,0,0,0,-76000,0,0,0,18000,94000,-76000,-76000
047704,智邦凱基93購06  ,0,0,0,0,0,0,0,0,0,-76000,0,0,0,40000,116000,-76000,-76000
046881,智原富邦99購01  ,0,0,0,0,0,0,0,0,0,-76000,0,0,0,0,76000,-76000,-76000
051715,和碩台新95購01  ,0,0,0,0,0,0,0,0,0,-76000,0,0,0,22000,98000,-76000,-76000
051548,鈺齊康和95購01  ,0,0,0,0,0,0,0,0,0,-76000,0,0,0,0,76000,-76000,-76000
051073,同欣電國票96購01,0,0,0,0,0,0,0,0,0,-76000,0,0,0,0,76000,-76000,-76000
055811,國巨國票98購05  ,0,0,0,0,0,0,0,0,0,-76000,0,0,0,30000,106000,-76000,-76000
06100P,台積電日盛97售03,0,0,0,0,0,0,0,0,0,-76000,0,0,0,124000,200000,-76000,-76000
2233,宇隆            ,35000,111000,-76000,0,0,0,0,0,0,0,0,0,0,0,0,0,-76000
053814,美律群益97購02  ,0,0,0,0,0,0,0,0,0,-77000,0,0,0,32000,109000,-77000,-77000
05496P,聯詠統一95售04  ,0,0,0,0,0,0,0,0,0,-77000,0,0,0,15000,92000,-77000,-77000
055330,上銀兆豐98購02  ,0,0,0,0,0,0,0,0,0,-77000,0,0,0,51000,128000,-77000,-77000
055302,達方元大97購01  ,0,0,0,0,0,0,0,0,0,-77000,0,0,0,0,77000,-77000,-77000
046011,欣興元富95購01  ,0,0,0,0,0,0,0,0,0,-77000,0,0,0,1000,78000,-77000,-77000
048668,奇力新永豐93購04,0,0,0,0,0,0,0,0,0,-77000,0,0,0,27000,104000,-77000,-77000
045362,A50正2兆豐93購02,0,0,0,0,0,0,0,0,0,-77000,0,0,0,4000,81000,-77000,-77000
049209,GIS群益94購03   ,0,0,0,0,0,0,0,0,0,-77000,0,0,0,20000,97000,-77000,-77000
050932,台塑國票96購01  ,0,0,0,0,0,0,0,0,0,-77000,0,0,0,0,77000,-77000,-77000
050566,高股息中信97購02,0,0,0,0,0,0,0,0,0,-77000,0,0,0,0,77000,-77000,-77000
052193,國巨元富95購06  ,0,0,0,0,0,0,0,0,0,-77000,0,0,0,252000,329000,-77000,-77000
051919,台郡元大96購02  ,0,0,0,0,0,0,0,0,0,-77000,0,0,0,100000,177000,-77000,-77000
05745P,富邦金兆豐96售02,0,0,0,0,0,0,0,0,0,-77000,0,0,0,123000,200000,-77000,-77000
056089,同欣電統一98購01,0,0,0,0,0,0,0,0,0,-77000,0,0,0,0,77000,-77000,-77000
055093,京鼎群益98購01  ,0,0,0,0,0,0,0,0,0,-78000,0,0,0,2000,80000,-78000,-78000
054624,台積電凱基98購03,0,0,0,0,0,0,0,0,0,-78000,0,0,0,116000,194000,-78000,-78000
05331P,上証2X國票96售01,0,0,0,0,0,0,0,0,0,-78000,0,0,0,70000,148000,-78000,-78000
00763U,街口道瓊銅      ,0,0,0,0,0,0,0,0,0,-78000,0,0,0,2000,80000,-78000,-78000
044405,材料凱基93購01  ,0,0,0,0,0,0,0,0,0,-78000,0,0,0,72000,150000,-78000,-78000
048788,華新科元大95購02,0,0,0,0,0,0,0,0,0,-78000,0,0,0,31000,109000,-78000,-78000
050291,聯發科凱基94購16,0,0,0,0,0,0,0,0,0,-78000,0,0,0,6000,84000,-78000,-78000
052491,泰碩國票99購01  ,0,0,0,0,0,0,0,0,0,-78000,0,0,0,0,78000,-78000,-78000
052368,力成國票96購01  ,0,0,0,0,0,0,0,0,0,-78000,0,0,0,0,78000,-78000,-78000
052705,超眾國票97購01  ,0,0,0,0,0,0,0,0,0,-78000,0,0,0,0,78000,-78000,-78000
050697,冠德凱基96購01  ,0,0,0,0,0,0,0,0,0,-78000,0,0,0,10000,88000,-78000,-78000
051312,國泰金麥證95購01,0,0,0,30000,108000,-78000,0,0,0,-78000,0,0,0,30000,108000,-78000,-78000
055887,上銀統一97購03  ,0,0,0,0,0,0,0,0,0,-78000,0,0,0,0,78000,-78000,-78000
1558,伸興            ,21000,57000,-36000,0,0,0,0,2000,-2000,-40000,2000,42000,-40000,0,0,0,-78000
053348,彩晶國票97購02  ,0,0,0,0,0,0,0,0,0,-79000,0,0,0,0,79000,-79000,-79000
053438,玉晶光麥證97購02,0,0,0,2000,80000,-78000,0,0,0,-79000,0,0,0,2000,81000,-79000,-79000
053697,臻鼎元大96購02  ,0,0,0,0,0,0,0,0,0,-79000,0,0,0,147000,226000,-79000,-79000
053487,台泥兆豐97購01  ,0,0,0,0,0,0,0,0,0,-79000,0,0,0,20000,99000,-79000,-79000
04342P,揚明光永豐93售03,0,0,0,0,0,0,0,0,0,-79000,0,0,0,0,79000,-79000,-79000
049040,亞光兆豐95購01  ,0,0,0,0,0,0,0,0,0,-79000,0,0,0,21000,100000,-79000,-79000
04704P,臺股指統一95售01,0,0,0,0,0,0,0,0,0,-79000,0,0,0,0,79000,-79000,-79000
051535,新日興國票96購01,0,0,0,0,0,0,0,0,0,-79000,0,0,0,10000,89000,-79000,-79000
050768,聯發科元大94購16,0,0,0,0,0,0,0,0,0,-79000,0,0,0,141000,220000,-79000,-79000
052661,奇力新國票97購03,0,0,0,0,0,0,0,0,0,-79000,0,0,0,10000,89000,-79000,-79000
052853,友達日盛99購01  ,0,0,0,0,0,0,0,0,0,-79000,0,0,0,162000,241000,-79000,-79000
052317,台積電元大96購11,0,0,0,0,0,0,0,0,0,-79000,0,0,0,32000,111000,-79000,-79000
055920,智伸科凱基97購02,0,0,0,0,0,0,0,0,0,-79000,0,0,0,0,79000,-79000,-79000
06421P,嘉澤統一97售02  ,0,0,0,0,0,0,0,0,0,-79000,0,0,0,0,79000,-79000,-79000
053565,台光電富邦98購01,0,0,0,0,0,0,0,0,0,-80000,0,0,0,0,80000,-80000,-80000
05333P,臺股指國票95售02,0,0,0,0,0,0,0,0,0,-80000,0,0,0,0,80000,-80000,-80000
054207,國巨國票98購01  ,0,0,0,0,0,0,0,0,0,-80000,0,0,0,17000,97000,-80000,-80000
054370,台積電中信9A購01,0,0,0,0,0,0,0,0,0,-80000,0,0,0,58000,138000,-80000,-80000
054788,華新科群益98購02,0,0,0,0,0,0,0,0,0,-80000,0,0,0,0,80000,-80000,-80000
054772,康控國票98購02  ,0,0,0,0,0,0,0,0,0,-80000,0,0,0,0,80000,-80000,-80000
055376,群創元大01購01  ,0,0,0,0,0,0,0,0,0,-80000,0,0,0,565000,645000,-80000,-80000
055623,貿聯國泰99購01  ,0,0,0,0,0,0,0,0,0,-80000,0,0,0,20000,100000,-80000,-80000
03064X,元展59          ,0,0,0,0,0,0,0,0,0,-80000,0,0,0,0,80000,-80000,-80000
044600,上銀國泰93購01  ,0,0,0,0,0,0,0,0,0,-80000,0,0,0,10000,90000,-80000,-80000
049565,楠梓電統一94購01,0,0,0,0,0,0,0,0,0,-80000,0,0,0,0,80000,-80000,-80000
050192,康控元大97購01  ,0,0,0,0,0,0,0,0,0,-80000,0,0,0,40000,120000,-80000,-80000
049704,羅麗芬元大95購01,0,0,0,0,0,0,0,0,0,-80000,0,0,0,0,80000,-80000,-80000
049878,宏達電永豐94購01,0,0,0,0,0,0,0,0,0,-80000,0,0,0,0,80000,-80000,-80000
051897,台光電國泰97購01,0,0,0,0,0,0,0,0,0,-80000,0,0,0,101000,181000,-80000,-80000
052990,超眾元大97購01  ,0,0,0,0,0,0,0,0,0,-80000,0,0,0,8000,88000,-80000,-80000
050849,智伸科國票95購01,0,0,0,0,0,0,0,0,0,-80000,0,0,0,0,80000,-80000,-80000
050936,國巨國票95購04  ,0,0,0,0,0,0,0,0,0,-80000,0,0,0,145000,225000,-80000,-80000
051295,國巨元富95購04  ,0,0,0,0,0,0,0,0,0,-80000,0,0,0,20000,100000,-80000,-80000
05705P,上証2X永豐96售03,0,0,0,0,0,0,0,0,0,-80000,0,0,0,29000,109000,-80000,-80000
055851,智原元大98購01  ,0,0,0,0,0,0,0,0,0,-80000,0,0,0,10000,90000,-80000,-80000
056208,崇越永豐97購01  ,0,0,0,0,0,0,0,0,0,-80000,0,0,0,0,80000,-80000,-80000
08388P,台灣50中信03售09,0,0,0,0,0,0,0,0,0,-80000,0,0,0,10000,90000,-80000,-80000
055577,晶技統一97購02  ,0,0,0,0,0,0,0,0,0,-81000,0,0,0,48000,129000,-81000,-81000
055255,欣興統一97購02  ,0,0,0,0,0,0,0,0,0,-81000,0,0,0,48000,129000,-81000,-81000
054503,京鼎永豐96購04  ,0,0,0,0,0,0,0,0,0,-81000,0,0,0,22000,103000,-81000,-81000
049022,聯詠群益94購01  ,0,0,0,0,0,0,0,0,0,-81000,0,0,0,32000,113000,-81000,-81000
051213,華新科統一95購01,0,0,0,0,0,0,0,0,0,-81000,0,0,0,130000,211000,-81000,-81000
056053,和大元大97購05  ,0,0,0,0,0,0,0,0,0,-81000,0,0,0,0,81000,-81000,-81000
043580,大立光元富94購01,0,0,0,0,0,0,0,0,0,-82000,0,0,0,0,82000,-82000,-82000
041210,群創元富93購01  ,0,0,0,0,0,0,0,0,0,-82000,0,0,0,549000,631000,-82000,-82000
047981,南亞科群益93購02,0,0,0,0,0,0,0,0,0,-82000,0,0,0,43000,125000,-82000,-82000
049642,鴻海凱基94購16  ,0,0,0,0,0,0,0,0,0,-82000,0,0,0,68000,150000,-82000,-82000
048937,玉晶光永豐95購01,0,0,0,0,0,0,0,0,0,-82000,0,0,0,118000,200000,-82000,-82000
050411,聯發科永豐94購05,0,0,0,0,0,0,0,0,0,-82000,0,0,0,446000,528000,-82000,-82000
052788,開發金中信98購02,0,0,0,0,0,0,0,0,0,-82000,0,0,0,0,82000,-82000,-82000
2034,允強            ,35000,121000,-86000,0,0,0,0,0,0,4000,4000,0,4000,0,0,0,-82000
054565,玉晶光群益99購02,0,0,0,0,0,0,0,0,0,-83000,0,0,0,5000,88000,-83000,-83000
054133,奇力新元大97購04,0,0,0,0,0,0,0,0,0,-83000,0,0,0,11000,94000,-83000,-83000
053353,玉晶光兆豐97購03,0,0,0,0,0,0,0,0,0,-83000,0,0,0,10000,93000,-83000,-83000
04388P,滬深2X凱基95售05,0,0,0,0,0,0,0,0,0,-83000,0,0,0,59000,142000,-83000,-83000
04897P,喬山中信94售01  ,0,0,0,0,0,0,0,0,0,-83000,0,0,0,0,83000,-83000,-83000
049490,京元電元大95購02,0,0,0,0,0,0,0,0,0,-83000,0,0,0,245000,328000,-83000,-83000
04808P,訊芯永豐94售02  ,0,0,0,0,0,0,0,0,0,-83000,0,0,0,519000,602000,-83000,-83000
046962,群創中信95購03  ,0,0,0,0,0,0,0,0,0,-83000,0,0,0,131000,214000,-83000,-83000
050191,和碩元大94購02  ,0,0,0,0,0,0,0,0,0,-83000,0,0,0,0,83000,-83000,-83000
052341,泰鼎凱基96購02  ,0,0,0,0,0,0,0,0,0,-83000,0,0,0,196000,279000,-83000,-83000
050568,為升中信97購01  ,0,0,0,0,0,0,0,0,0,-83000,0,0,0,50000,133000,-83000,-83000
050842,旺宏國票97購01  ,0,0,0,0,0,0,0,0,0,-83000,0,0,0,25000,108000,-83000,-83000
051575,國巨元大96購03  ,0,0,0,0,0,0,0,0,0,-83000,0,0,0,0,83000,-83000,-83000
4119,旭富            ,207000,312000,-105000,0,0,0,1000,0,1000,21000,23000,0,23000,0,2000,-2000,-83000
053627,宏碁兆豐97購01  ,0,0,0,0,0,0,0,0,0,-84000,0,0,0,82000,166000,-84000,-84000
054118,國巨永豐96購04  ,0,0,0,0,0,0,0,0,0,-84000,0,0,0,2000,86000,-84000,-84000
054364,智伸科凱基96購01,0,0,0,0,0,0,0,0,0,-84000,0,0,0,36000,120000,-84000,-84000
054407,美律國票97購02  ,0,0,0,0,0,0,0,0,0,-84000,0,0,0,0,84000,-84000,-84000
055403,泰鼎元富97購01  ,0,0,0,0,0,0,0,0,0,-84000,0,0,0,639000,723000,-84000,-84000
055439,台表科國票98購02,0,0,0,0,0,0,0,0,0,-84000,0,0,0,0,84000,-84000,-84000
049078,瑞昱凱基94購02  ,0,0,0,0,0,0,0,0,0,-84000,0,0,0,40000,124000,-84000,-84000
049430,國巨國票95購02  ,0,0,0,0,0,0,0,0,0,-84000,0,0,0,6000,90000,-84000,-84000
048998,玉晶光國票95購03,0,0,0,0,0,0,0,0,0,-84000,0,0,0,48000,132000,-84000,-84000
051668,智邦元大95購02  ,0,0,0,0,0,0,0,0,0,-84000,0,0,0,537000,621000,-84000,-84000
051749,矽力國泰97購01  ,0,0,0,0,0,0,0,0,0,-84000,0,0,0,10000,94000,-84000,-84000
052447,聯發科元大96購04,0,0,0,0,0,0,0,0,0,-84000,0,0,0,0,84000,-84000,-84000
052733,台郡國泰97購01  ,0,0,0,0,0,0,0,0,0,-84000,0,0,0,450000,534000,-84000,-84000
053051,楠梓電國票97購01,0,0,0,0,0,0,0,0,0,-84000,0,0,0,0,84000,-84000,-84000
6412,群電            ,217000,288000,-71000,0,0,0,2000,0,2000,-15000,8000,23000,-15000,0,0,0,-84000
1504,東元            ,1955000,2015000,-60000,0,0,0,18000,0,18000,-42000,42000,40000,2000,0,44000,-44000,-84000
055474,欣興凱基97購05  ,0,0,0,0,0,0,0,0,0,-85000,0,0,0,128000,213000,-85000,-85000
055621,國巨國泰98購03  ,0,0,0,0,0,0,0,0,0,-85000,0,0,0,268000,353000,-85000,-85000
044763,瀚宇博凱基93購01,0,0,0,0,0,0,0,0,0,-85000,0,0,0,0,85000,-85000,-85000
048247,聯發科兆豐93購03,0,0,0,0,0,0,0,0,0,-85000,0,0,0,143000,228000,-85000,-85000
049148,全新元大95購01  ,0,0,0,0,0,0,0,0,0,-85000,0,0,0,414000,499000,-85000,-85000
049417,奇力新凱基94購02,0,0,0,0,0,0,0,0,0,-85000,0,0,0,25000,110000,-85000,-85000
048105,滬深2X群益99購02,0,0,0,0,0,0,0,0,0,-85000,0,0,0,0,85000,-85000,-85000
050305,正崴中信95購01  ,0,0,0,0,0,0,0,0,0,-85000,0,0,0,0,85000,-85000,-85000
052926,旺宏元大98購02  ,0,0,0,0,0,0,0,0,0,-85000,0,0,0,316000,401000,-85000,-85000
06395P,台積電元大97售29,0,0,0,0,0,0,0,0,0,-85000,0,0,0,0,85000,-85000,-85000
054444,緯穎台新97購01  ,0,0,0,0,0,0,0,0,0,-86000,0,0,0,8000,94000,-86000,-86000
048593,華新科群益93購04,0,0,0,0,0,0,0,0,0,-86000,0,0,0,8000,94000,-86000,-86000
046487,鴻海永昌92購01  ,0,0,0,0,0,0,0,0,0,-86000,0,0,0,1536000,1622000,-86000,-86000
049900,台積電元富94購06,0,0,0,0,0,0,0,0,0,-86000,0,0,0,169000,255000,-86000,-86000
049596,智伸科元大95購01,0,0,0,0,0,0,0,0,0,-86000,0,0,0,14000,100000,-86000,-86000
049120,元油2X元富94購05,0,0,0,0,0,0,0,0,0,-86000,0,0,0,0,86000,-86000,-86000
053048,同欣電麥證96購01,0,0,0,89000,175000,-86000,0,0,0,-86000,0,0,0,89000,175000,-86000,-86000
052476,台光電群益98購01,0,0,0,0,0,0,0,0,0,-86000,0,0,0,25000,111000,-86000,-86000
052512,全新凱基96購03  ,0,0,0,0,0,0,0,0,0,-86000,0,0,0,210000,296000,-86000,-86000
051781,緯穎群益96購01  ,0,0,0,0,0,0,0,0,0,-86000,0,0,0,129000,215000,-86000,-86000
051461,聯詠國泰96購01  ,0,0,0,0,0,0,0,0,0,-86000,0,0,0,131000,217000,-86000,-86000
050641,上証反凱基96購01,0,0,0,0,0,0,0,0,0,-86000,0,0,0,4000,90000,-86000,-86000
06155P,智邦統一97售02  ,0,0,0,0,0,0,0,0,0,-86000,0,0,0,0,86000,-86000,-86000
054278,晶技群益97購02  ,0,0,0,0,0,0,0,0,0,-87000,0,0,0,11000,98000,-87000,-87000
053574,奇力新元富99購01,0,0,0,0,0,0,0,0,0,-87000,0,0,0,10000,97000,-87000,-87000
053599,崇越元大96購01  ,0,0,0,0,0,0,0,0,0,-87000,0,0,0,13000,100000,-87000,-87000
04404P,玉晶光國票94售01,0,0,0,0,0,0,0,0,0,-87000,0,0,0,13000,100000,-87000,-87000
04356P,嘉晶永豐94售01  ,0,0,0,0,0,0,0,0,0,-87000,0,0,0,0,87000,-87000,-87000
050658,台郡麥證96購01  ,0,0,0,0,87000,-87000,0,0,0,-87000,0,0,0,0,87000,-87000,-87000
05140P,台表科國票96售01,0,0,0,0,0,0,0,0,0,-87000,0,0,0,20000,107000,-87000,-87000
052293,泰碩國票95購03  ,0,0,0,0,0,0,0,0,0,-87000,0,0,0,20000,107000,-87000,-87000
053148,華邦電元大96購01,0,0,0,0,0,0,0,0,0,-87000,0,0,0,18000,105000,-87000,-87000
6451,訊芯-KY         ,972000,430000,542000,0,0,0,4000,615000,-611000,-18000,19000,5000,14000,22000,54000,-32000,-87000
05418P,瑞昱永豐95售02  ,0,0,0,0,0,0,0,0,0,-88000,0,0,0,3000,91000,-88000,-88000
054429,中石化台新97購01,0,0,0,0,0,0,0,0,0,-88000,0,0,0,311000,399000,-88000,-88000
042793,台積電台新9C購01,0,0,0,0,0,0,0,0,0,-88000,0,0,0,0,88000,-88000,-88000
045223,潤泰全元大93購01,0,0,0,0,0,0,0,0,0,-88000,0,0,0,120000,208000,-88000,-88000
044534,南亞科麥證92購01,0,0,0,0,88000,-88000,0,0,0,-88000,0,0,0,0,88000,-88000,-88000
049266,和碩元大94購01  ,0,0,0,0,0,0,0,0,0,-88000,0,0,0,0,88000,-88000,-88000
04706P,力山元大95售01  ,0,0,0,0,0,0,0,0,0,-88000,0,0,0,12000,100000,-88000,-88000
053052,旺宏國票97購02  ,0,0,0,0,0,0,0,0,0,-88000,0,0,0,46000,134000,-88000,-88000
052379,鈺齊元大95購04  ,0,0,0,0,0,0,0,0,0,-88000,0,0,0,50000,138000,-88000,-88000
052424,泰碩國票97購01  ,0,0,0,0,0,0,0,0,0,-88000,0,0,0,0,88000,-88000,-88000
050601,台表科國泰96購01,0,0,0,0,0,0,0,0,0,-88000,0,0,0,34000,122000,-88000,-88000
050919,台積電凱基95購03,0,0,0,0,0,0,0,0,0,-88000,0,0,0,0,88000,-88000,-88000
050759,貿聯元富94購02  ,0,0,0,0,0,0,0,0,0,-88000,0,0,0,50000,138000,-88000,-88000
056070,新日興元大97購04,0,0,0,0,0,0,0,0,0,-88000,0,0,0,112000,200000,-88000,-88000
053932,華新科統一96購03,0,0,0,0,0,0,0,0,0,-89000,0,0,0,35000,124000,-89000,-89000
053263,華邦電群益96購03,0,0,0,0,0,0,0,0,0,-89000,0,0,0,6000,95000,-89000,-89000
054568,訊芯群益97購01  ,0,0,0,0,0,0,0,0,0,-89000,0,0,0,110000,199000,-89000,-89000
054695,世芯永豐98購01  ,0,0,0,0,0,0,0,0,0,-89000,0,0,0,2000,91000,-89000,-89000
049242,佳世達元富96購01,0,0,0,0,0,0,0,0,0,-89000,0,0,0,26000,115000,-89000,-89000
047521,台積電元大94購03,0,0,0,0,0,0,0,0,0,-89000,0,0,0,51000,140000,-89000,-89000
050207,百和群益95購01  ,0,0,0,0,0,0,0,0,0,-89000,0,0,0,11000,100000,-89000,-89000
051286,國巨統一97購01  ,0,0,0,0,0,0,0,0,0,-89000,0,0,0,0,89000,-89000,-89000
05577P,上銀凱基96售02  ,0,0,0,0,0,0,0,0,0,-89000,0,0,0,10000,99000,-89000,-89000
9105,泰金寶-DR       ,417000,506000,-89000,0,0,0,0,0,0,0,0,0,0,0,0,0,-89000
2351,順德            ,180000,179000,1000,0,0,0,0,0,0,-90000,10000,100000,-90000,0,0,0,-89000
2612,中航            ,37000,77000,-40000,0,0,0,0,55000,-55000,6000,6000,0,6000,0,0,0,-89000
055567,訊芯凱基98購02  ,0,0,0,0,0,0,0,0,0,-90000,0,0,0,20000,110000,-90000,-90000
053319,可成群益96購04  ,0,0,0,0,0,0,0,0,0,-90000,0,0,0,10000,100000,-90000,-90000
053577,上証2X元大96購02,0,0,0,0,0,0,0,0,0,-90000,0,0,0,10000,100000,-90000,-90000
053513,義隆群益96購05  ,0,0,0,0,0,0,0,0,0,-90000,0,0,0,98000,188000,-90000,-90000
053774,台達電元大96購04,0,0,0,0,0,0,0,0,0,-90000,0,0,0,110000,200000,-90000,-90000
04504P,台積電元富94售04,0,0,0,0,0,0,0,0,0,-90000,0,0,0,0,90000,-90000,-90000
044643,滬深2X群益96購01,0,0,0,0,0,0,0,0,0,-90000,0,0,0,40000,130000,-90000,-90000
042801,達邁元大93購01  ,0,0,0,0,0,0,0,0,0,-90000,0,0,0,0,90000,-90000,-90000
042502,上銀凱基93購01  ,0,0,0,0,0,0,0,0,0,-90000,0,0,0,60000,150000,-90000,-90000
03047P,矽創國票03售01  ,0,0,0,0,0,0,0,0,0,-90000,0,0,0,10000,100000,-90000,-90000
049727,台積電中信94購02,0,0,0,0,0,0,0,0,0,-90000,0,0,0,0,90000,-90000,-90000
049091,訊連凱基94購01  ,0,0,0,0,0,0,0,0,0,-90000,0,0,0,10000,100000,-90000,-90000
046928,奇鋐富邦97購01  ,0,0,0,0,0,0,0,0,0,-90000,0,0,0,10000,100000,-90000,-90000
047522,微星元大93購02  ,0,0,0,0,0,0,0,0,0,-90000,0,0,0,10000,100000,-90000,-90000
049291,華通群益94購04  ,0,0,0,0,0,0,0,0,0,-90000,0,0,0,20000,110000,-90000,-90000
046858,群創元大94購02  ,0,0,0,0,0,0,0,0,0,-90000,0,0,0,152000,242000,-90000,-90000
046833,晶技群益93購01  ,0,0,0,0,0,0,0,0,0,-90000,0,0,0,50000,140000,-90000,-90000
047647,麗豐元大93購03  ,0,0,0,0,0,0,0,0,0,-90000,0,0,0,500000,590000,-90000,-90000
047371,明泰國票93購01  ,0,0,0,0,0,0,0,0,0,-90000,0,0,0,0,90000,-90000,-90000
047199,鴻海元富93購03  ,0,0,0,0,0,0,0,0,0,-90000,0,0,0,10000,100000,-90000,-90000
048782,亞泥元大94購01  ,0,0,0,0,0,0,0,0,0,-90000,0,0,0,27000,117000,-90000,-90000
051116,可成麥證95購01  ,0,0,0,20000,110000,-90000,0,0,0,-90000,0,0,0,20000,110000,-90000,-90000
051409,美律國票96購01  ,0,0,0,0,0,0,0,0,0,-90000,0,0,0,35000,125000,-90000,-90000
051796,和碩康和95購01  ,0,0,0,0,0,0,0,0,0,-90000,0,0,0,0,90000,-90000,-90000
051479,兆豐金凱基95購01,0,0,0,0,0,0,0,0,0,-90000,0,0,0,10000,100000,-90000,-90000
050963,強茂永豐95購01  ,0,0,0,0,0,0,0,0,0,-90000,0,0,0,0,90000,-90000,-90000
050531,訊芯元大95購02  ,0,0,0,0,0,0,0,0,0,-90000,0,0,0,0,90000,-90000,-90000
052428,嘉晶永豐95購01  ,0,0,0,0,0,0,0,0,0,-90000,0,0,0,10000,100000,-90000,-90000
052765,新日興群益97購01,0,0,0,0,0,0,0,0,0,-90000,0,0,0,146000,236000,-90000,-90000
2511,太子            ,208000,313000,-105000,0,0,0,0,0,0,15000,15000,0,15000,0,0,0,-90000
07240P,台灣50台新94售01,0,0,0,0,0,0,0,0,0,-90000,0,0,0,0,90000,-90000,-90000
055726,台表科元大98購03,0,0,0,0,0,0,0,0,0,-90000,0,0,0,282000,372000,-90000,-90000
056209,超眾永豐97購02  ,0,0,0,0,0,0,0,0,0,-90000,0,0,0,90000,180000,-90000,-90000
05955P,台光電國票97售02,0,0,0,0,0,0,0,0,0,-90000,0,0,0,0,90000,-90000,-90000
053403,彩晶群益98購01  ,0,0,0,0,0,0,0,0,0,-91000,0,0,0,0,91000,-91000,-91000
053255,貿聯國泰97購01  ,0,0,0,0,0,0,0,0,0,-91000,0,0,0,20000,111000,-91000,-91000
054258,牧德元大97購01  ,0,0,0,0,0,0,0,0,0,-91000,0,0,0,19000,110000,-91000,-91000
055575,華新科統一98購01,0,0,0,0,0,0,0,0,0,-91000,0,0,0,48000,139000,-91000,-91000
055632,群創永豐98購01  ,0,0,0,0,0,0,0,0,0,-91000,0,0,0,539000,630000,-91000,-91000
055638,上銀元富97購01  ,0,0,0,0,0,0,0,0,0,-91000,0,0,0,11000,102000,-91000,-91000
05519P,上証2X凱基98售01,0,0,0,0,0,0,0,0,0,-91000,0,0,0,17000,108000,-91000,-91000
054773,台郡國票98購01  ,0,0,0,0,0,0,0,0,0,-91000,0,0,0,10000,101000,-91000,-91000
055021,亞德客國泰98購01,0,0,0,0,0,0,0,0,0,-91000,0,0,0,26000,117000,-91000,-91000
047089,聯詠元富93購03  ,0,0,0,0,0,0,0,0,0,-91000,0,0,0,14000,105000,-91000,-91000
046937,聯電元大99購01  ,0,0,0,0,0,0,0,0,0,-91000,0,0,0,65000,156000,-91000,-91000
049071,台達電凱基94購02,0,0,0,0,0,0,0,0,0,-91000,0,0,0,0,91000,-91000,-91000
049052,台積電永豐94購02,0,0,0,0,0,0,0,0,0,-91000,0,0,0,32000,123000,-91000,-91000
052390,聯詠群益95購03  ,0,0,0,0,0,0,0,0,0,-91000,0,0,0,29000,120000,-91000,-91000
050585,矽格國票94購01  ,0,0,0,0,0,0,0,0,0,-91000,0,0,0,0,91000,-91000,-91000
05990P,台積電群益96售13,0,0,0,0,0,0,0,0,0,-91000,0,0,0,10000,101000,-91000,-91000
056011,矽力中信99購01  ,0,0,0,0,0,0,0,0,0,-91000,0,0,0,17000,108000,-91000,-91000
055974,上銀統一97購05  ,0,0,0,0,0,0,0,0,0,-91000,0,0,0,0,91000,-91000,-91000
055115,日月光凱基98購01,0,0,0,0,0,0,0,0,0,-92000,0,0,0,411000,503000,-92000,-92000
05487P,台表科凱基95售02,0,0,0,0,0,0,0,0,0,-92000,0,0,0,21000,113000,-92000,-92000
054519,禾伸堂元大97購02,0,0,0,0,0,0,0,0,0,-92000,0,0,0,10000,102000,-92000,-92000
054542,台表科國票98購01,0,0,0,0,0,0,0,0,0,-92000,0,0,0,0,92000,-92000,-92000
055181,日電貿統一97購01,0,0,0,0,0,0,0,0,0,-92000,0,0,0,0,92000,-92000,-92000
055386,致新元大97購02  ,0,0,0,0,0,0,0,0,0,-92000,0,0,0,136000,228000,-92000,-92000
04164P,滬深2X元富93售03,0,0,0,0,0,0,0,0,0,-92000,0,0,0,10000,102000,-92000,-92000
044972,元金2X國票96購01,0,0,0,0,0,0,0,0,0,-92000,0,0,0,8000,100000,-92000,-92000
045757,台表科國泰93購03,0,0,0,0,0,0,0,0,0,-92000,0,0,0,0,92000,-92000,-92000
046476,鴻海統一96購01  ,0,0,0,0,0,0,0,0,0,-92000,0,0,0,83000,175000,-92000,-92000
049119,元油2X元富94購04,0,0,0,0,0,0,0,0,0,-92000,0,0,0,0,92000,-92000,-92000
050304,台光電中信94購01,0,0,0,0,0,0,0,0,0,-92000,0,0,0,60000,152000,-92000,-92000
047029,日月光元大93購01,0,0,0,0,0,0,0,0,0,-92000,0,0,0,539000,631000,-92000,-92000
051499,康控群益95購02  ,0,0,0,0,0,0,0,0,0,-92000,0,0,0,10000,102000,-92000,-92000
053108,南亞科兆豐96購01,0,0,0,0,0,0,0,0,0,-92000,0,0,0,15000,107000,-92000,-92000
055929,聯發科群益97購05,0,0,0,0,0,0,0,0,0,-92000,0,0,0,9000,101000,-92000,-92000
055885,大成鋼統一97購02,0,0,0,0,0,0,0,0,0,-92000,0,0,0,0,92000,-92000,-92000
06417P,台積電兆豐97售03,0,0,0,0,0,0,0,0,0,-92000,0,0,0,8000,100000,-92000,-92000
055563,智易凱基97購02  ,0,0,0,0,0,0,0,0,0,-93000,0,0,0,0,93000,-93000,-93000
054807,台化元大9A購02  ,0,0,0,0,0,0,0,0,0,-93000,0,0,0,0,93000,-93000,-93000
054047,富邦金元大97購01,0,0,0,0,0,0,0,0,0,-93000,0,0,0,17000,110000,-93000,-93000
04421P,玉晶光永豐94售02,0,0,0,0,0,0,0,0,0,-93000,0,0,0,0,93000,-93000,-93000
047848,可成統一93購01  ,0,0,0,0,0,0,0,0,0,-93000,0,0,0,69000,162000,-93000,-93000
052667,漢唐群益96購01  ,0,0,0,0,0,0,0,0,0,-93000,0,0,0,0,93000,-93000,-93000
052092,貿聯元大96購02  ,0,0,0,0,0,0,0,0,0,-93000,0,0,0,106000,199000,-93000,-93000
051053,台光電群益95購01,0,0,0,0,0,0,0,0,0,-93000,0,0,0,110000,203000,-93000,-93000
056110,嘉聯益永豐97購02,0,0,0,0,0,0,0,0,0,-93000,0,0,0,0,93000,-93000,-93000
053871,臻鼎元大96購03  ,0,0,0,0,0,0,0,0,0,-94000,0,0,0,1000,95000,-94000,-94000
053352,義隆兆豐96購01  ,0,0,0,0,0,0,0,0,0,-94000,0,0,0,0,94000,-94000,-94000
054813,鴻海元大97購09  ,0,0,0,0,0,0,0,0,0,-94000,0,0,0,116000,210000,-94000,-94000
04603P,訊芯凱基94售03  ,0,0,0,0,0,0,0,0,0,-94000,0,0,0,414000,508000,-94000,-94000
049798,台積電元大94購18,0,0,0,0,0,0,0,0,0,-94000,0,0,0,247000,341000,-94000,-94000
050892,聯電元大96購02  ,0,0,0,0,0,0,0,0,0,-94000,0,0,0,6000,100000,-94000,-94000
052654,友達統一97購01  ,0,0,0,0,0,0,0,0,0,-94000,0,0,0,8000,102000,-94000,-94000
056144,GIS元大98購01   ,0,0,0,0,0,0,0,0,0,-94000,0,0,0,162000,256000,-94000,-94000
055821,勤誠國票98購01  ,0,0,0,0,0,0,0,0,0,-94000,0,0,0,34000,128000,-94000,-94000
06035P,同欣電凱基96售03,0,0,0,0,0,0,0,0,0,-94000,0,0,0,0,94000,-94000,-94000
055361,樺漢凱基97購01  ,0,0,0,0,0,0,0,0,0,-95000,0,0,0,10000,105000,-95000,-95000
055292,聯鈞元大97購02  ,0,0,0,0,0,0,0,0,0,-95000,0,0,0,100000,195000,-95000,-95000
055355,大立光凱基97購05,0,0,0,0,0,0,0,0,0,-95000,0,0,0,0,95000,-95000,-95000
054332,世芯永豐97購01  ,0,0,0,0,0,0,0,0,0,-95000,0,0,0,0,95000,-95000,-95000
048245,台積電兆豐93購07,0,0,0,0,0,0,0,0,0,-95000,0,0,0,36000,131000,-95000,-95000
050296,亞光凱基94購03  ,0,0,0,0,0,0,0,0,0,-95000,0,0,0,74000,169000,-95000,-95000
050204,華新科群益94購05,0,0,0,0,0,0,0,0,0,-95000,0,0,0,6000,101000,-95000,-95000
047005,南亞科統一93購03,0,0,0,0,0,0,0,0,0,-95000,0,0,0,215000,310000,-95000,-95000
052576,聯茂凱基96購01  ,0,0,0,0,0,0,0,0,0,-95000,0,0,0,5000,100000,-95000,-95000
052316,台積電元大96購10,0,0,0,0,0,0,0,0,0,-95000,0,0,0,77000,172000,-95000,-95000
051071,聯發科國票96購01,0,0,0,0,0,0,0,0,0,-95000,0,0,0,0,95000,-95000,-95000
050982,台積電國泰96購04,0,0,0,0,0,0,0,0,0,-95000,0,0,0,60000,155000,-95000,-95000
05167P,百和元富95售03  ,0,0,0,0,0,0,0,0,0,-95000,0,0,0,0,95000,-95000,-95000
055833,華通元大98購05  ,0,0,0,0,0,0,0,0,0,-95000,0,0,0,105000,200000,-95000,-95000
055805,矽力永豐97購01  ,0,0,0,0,0,0,0,0,0,-95000,0,0,0,0,95000,-95000,-95000
055765,臺股指群益97購03,0,0,0,0,0,0,0,0,0,-95000,0,0,0,0,95000,-95000,-95000
055969,彩晶元大99購02  ,0,0,0,0,0,0,0,0,0,-95000,0,0,0,499000,594000,-95000,-95000
055978,大立光統一98購05,0,0,0,0,0,0,0,0,0,-95000,0,0,0,0,95000,-95000,-95000
053492,華邦電兆豐97購01,0,0,0,0,0,0,0,0,0,-96000,0,0,0,20000,116000,-96000,-96000
055420,欣興永豐98購01  ,0,0,0,0,0,0,0,0,0,-96000,0,0,0,101000,197000,-96000,-96000
046656,華邦電元大93購02,0,0,0,0,0,0,0,0,0,-96000,0,0,0,4000,100000,-96000,-96000
047000,和大統一93購01  ,0,0,0,0,0,0,0,0,0,-96000,0,0,0,104000,200000,-96000,-96000
047651,復盛元大93購01  ,0,0,0,0,0,0,0,0,0,-96000,0,0,0,4000,100000,-96000,-96000
047626,全新國票94購01  ,0,0,0,0,0,0,0,0,0,-96000,0,0,0,14000,110000,-96000,-96000
051543,鈺齊國票96購01  ,0,0,0,0,0,0,0,0,0,-96000,0,0,0,185000,281000,-96000,-96000
052923,台積電永豐96購02,0,0,0,0,0,0,0,0,0,-96000,0,0,0,336000,432000,-96000,-96000
2882A,國泰特          ,0,0,0,0,0,0,0,0,0,-96000,4000,100000,-96000,0,0,0,-96000
055374,明泰元大97購01  ,0,0,0,0,0,0,0,0,0,-97000,0,0,0,400000,497000,-97000,-97000
055229,大毅國票97購02  ,0,0,0,0,0,0,0,0,0,-97000,0,0,0,42000,139000,-97000,-97000
055671,世紀鋼群益97購01,0,0,0,0,0,0,0,0,0,-97000,0,0,0,11000,108000,-97000,-97000
054878,和大統一97購02  ,0,0,0,0,0,0,0,0,0,-97000,0,0,0,0,97000,-97000,-97000
055047,南港永豐97購01  ,0,0,0,0,0,0,0,0,0,-97000,0,0,0,0,97000,-97000,-97000
053671,可成統一96購03  ,0,0,0,0,0,0,0,0,0,-97000,0,0,0,99000,196000,-97000,-97000
04517P,宏達電群益95售01,0,0,0,0,0,0,0,0,0,-97000,0,0,0,219000,316000,-97000,-97000
045021,臺股指中信94購02,0,0,0,0,0,0,0,0,0,-97000,0,0,0,0,97000,-97000,-97000
04173P,上海銀凱基93售02,0,0,0,0,0,0,0,0,0,-97000,0,0,0,3000,100000,-97000,-97000
045365,智邦兆豐93購04  ,0,0,0,0,0,0,0,0,0,-97000,0,0,0,25000,122000,-97000,-97000
00713,元大台灣高息低波,1000,1000,0,0,0,0,0,0,0,-97000,30000,0,30000,26000,153000,-127000,-97000
047458,聯發科群益93購08,0,0,0,0,0,0,0,0,0,-97000,0,0,0,5000,102000,-97000,-97000
049257,南亞科元大94購03,0,0,0,0,0,0,0,0,0,-97000,0,0,0,3000,100000,-97000,-97000
049118,元油2X元富94購03,0,0,0,0,0,0,0,0,0,-97000,0,0,0,0,97000,-97000,-97000
052387,台積電群益95購08,0,0,0,0,0,0,0,0,0,-97000,0,0,0,131000,228000,-97000,-97000
051061,中磊群益95購01  ,0,0,0,0,0,0,0,0,0,-97000,0,0,0,1000,98000,-97000,-97000
053171,中磊群益96購01  ,0,0,0,0,0,0,0,0,0,-98000,0,0,0,25000,123000,-98000,-98000
054460,和大凱基97購01  ,0,0,0,0,0,0,0,0,0,-98000,0,0,0,11000,109000,-98000,-98000
04449P,智邦凱基94售01  ,0,0,0,0,0,0,0,0,0,-98000,0,0,0,6000,104000,-98000,-98000
047806,旺宏凱基93購05  ,0,0,0,0,0,0,0,0,0,-98000,0,0,0,2000,100000,-98000,-98000
046670,彩晶元大93購02  ,0,0,0,0,0,0,0,0,0,-98000,0,0,0,0,98000,-98000,-98000
047689,瑞昱富邦97購01  ,0,0,0,0,0,0,0,0,0,-98000,0,0,0,55000,153000,-98000,-98000
04682P,臺股指統一96售01,0,0,0,0,0,0,0,0,0,-98000,0,0,0,451000,549000,-98000,-98000
050979,鴻海元富96購02  ,0,0,0,0,0,0,0,0,0,-98000,0,0,0,0,98000,-98000,-98000
051750,華通富邦96購01  ,0,0,0,0,0,0,0,0,0,-98000,0,0,0,0,98000,-98000,-98000
1522,堤維西          ,117000,221000,-104000,0,0,0,3000,0,3000,3000,3000,0,3000,0,0,0,-98000
055123,億光兆豐97購01  ,0,0,0,0,0,0,0,0,0,-99000,0,0,0,0,99000,-99000,-99000
054827,宏全元大9A購01  ,0,0,0,0,0,0,0,0,0,-99000,0,0,0,1000,100000,-99000,-99000
04604P,華新科國票95售01,0,0,0,0,0,0,0,0,0,-99000,0,0,0,272000,371000,-99000,-99000
045626,上銀凱基93購05  ,0,0,0,0,0,0,0,0,0,-99000,0,0,0,0,99000,-99000,-99000
046591,康舒元大92購01  ,0,0,0,0,0,0,0,0,0,-99000,0,0,0,1000,100000,-99000,-99000
047072,義隆兆豐94購01  ,0,0,0,0,0,0,0,0,0,-99000,0,0,0,0,99000,-99000,-99000
049217,智邦國票95購01  ,0,0,0,0,0,0,0,0,0,-99000,0,0,0,47000,146000,-99000,-99000
051512,超眾麥證95購01  ,0,0,0,40000,139000,-99000,0,0,0,-99000,0,0,0,40000,139000,-99000,-99000
050993,聯發科元大95購05,0,0,0,0,0,0,0,0,0,-99000,0,0,0,101000,200000,-99000,-99000
052417,聯發科兆豐9B購01,0,0,0,0,0,0,0,0,0,-99000,0,0,0,0,99000,-99000,-99000
053021,國巨國泰97購04  ,0,0,0,0,0,0,0,0,0,-99000,0,0,0,15000,114000,-99000,-99000
1802,台玻            ,98000,234000,-136000,0,0,0,0,0,0,37000,37000,0,37000,0,0,0,-99000
055804,祥碩永豐97購02  ,0,0,0,0,0,0,0,0,0,-99000,0,0,0,24000,123000,-99000,-99000
06342P,世芯統一98售01  ,0,0,0,0,0,0,0,0,0,-99000,0,0,0,1000,100000,-99000,-99000
06072P,牧德永豐97售01  ,0,0,0,0,0,0,0,0,0,-99000,0,0,0,0,99000,-99000,-99000
054809,大成鋼元大97購01,0,0,0,0,0,0,0,0,0,-100000,0,0,0,4000,104000,-100000,-100000
054945,正崴元大97購01  ,0,0,0,0,0,0,0,0,0,-100000,0,0,0,100000,200000,-100000,-100000
054935,華通元大98購03  ,0,0,0,0,0,0,0,0,0,-100000,0,0,0,0,100000,-100000,-100000
054596,聯發科麥證97購01,0,0,0,0,100000,-100000,0,0,0,-100000,0,0,0,0,100000,-100000,-100000
054806,台化元大9A購01  ,0,0,0,0,0,0,0,0,0,-100000,0,0,0,100000,200000,-100000,-100000
054662,同欣電元大97購02,0,0,0,0,0,0,0,0,0,-100000,0,0,0,100000,200000,-100000,-100000
055699,康控國票97購04  ,0,0,0,0,0,0,0,0,0,-100000,0,0,0,76000,176000,-100000,-100000
055581,和大元大97購04  ,0,0,0,0,0,0,0,0,0,-100000,0,0,0,0,100000,-100000,-100000
055483,和大元大97購03  ,0,0,0,0,0,0,0,0,0,-100000,0,0,0,0,100000,-100000,-100000
054299,南電元大96購03  ,0,0,0,0,0,0,0,0,0,-100000,0,0,0,9000,109000,-100000,-100000
053864,義隆元大96購01  ,0,0,0,0,0,0,0,0,0,-100000,0,0,0,510000,610000,-100000,-100000
053880,智邦中信96購01  ,0,0,0,0,0,0,0,0,0,-100000,0,0,0,48000,148000,-100000,-100000
053912,T50反1國票97購02,0,0,0,0,0,0,0,0,0,-100000,0,0,0,0,100000,-100000,-100000
05407P,超眾凱基95售04  ,0,0,0,0,0,0,0,0,0,-100000,0,0,0,0,100000,-100000,-100000
053249,致伸國票97購02  ,0,0,0,0,0,0,0,0,0,-100000,0,0,0,0,100000,-100000,-100000
053277,大立光元大96購04,0,0,0,0,0,0,0,0,0,-100000,0,0,0,0,100000,-100000,-100000
053283,同欣電元大96購03,0,0,0,0,0,0,0,0,0,-100000,0,0,0,10000,110000,-100000,-100000
053474,聯發科元大97購06,0,0,0,0,0,0,0,0,0,-100000,0,0,0,0,100000,-100000,-100000
053779,台光電元大96購02,0,0,0,0,0,0,0,0,0,-100000,0,0,0,599000,699000,-100000,-100000
053793,致伸兆豐96購01  ,0,0,0,0,0,0,0,0,0,-100000,0,0,0,0,100000,-100000,-100000
046578,聯電元大92購01  ,0,0,0,0,0,0,0,0,0,-100000,0,0,0,100000,200000,-100000,-100000
045377,華邦電元大93購01,0,0,0,0,0,0,0,0,0,-100000,0,0,0,12000,112000,-100000,-100000
045470,康控元大94購03  ,0,0,0,0,0,0,0,0,0,-100000,0,0,0,50000,150000,-100000,-100000
04210P,鴻海凱基93售36  ,0,0,0,0,0,0,0,0,0,-100000,0,0,0,20000,120000,-100000,-100000
04299P,卜蜂中信93售02  ,0,0,0,0,0,0,0,0,0,-100000,0,0,0,0,100000,-100000,-100000
043047,永冠國泰93購01  ,0,0,0,0,0,0,0,0,0,-100000,0,0,0,0,100000,-100000,-100000
041427,滬深2X國票93購01,0,0,0,0,0,0,0,0,0,-100000,0,0,0,0,100000,-100000,-100000
040160,SP黃豆元富95購01,0,0,0,0,0,0,0,0,0,-100000,0,0,0,0,100000,-100000,-100000
03671P,大立光凱基95售02,0,0,0,0,0,0,0,0,0,-100000,0,0,0,0,100000,-100000,-100000
03654P,GIS元大92售07   ,0,0,0,0,0,0,0,0,0,-100000,0,0,0,0,100000,-100000,-100000
04379P,大立光元大94售06,0,0,0,0,0,0,0,0,0,-100000,0,0,0,0,100000,-100000,-100000
03808P,旺宏國泰94售02  ,0,0,0,0,0,0,0,0,0,-100000,0,0,0,0,100000,-100000,-100000
03802P,GIS元大93售07   ,0,0,0,0,0,0,0,0,0,-100000,0,0,0,0,100000,-100000,-100000
043390,康控元大93購01  ,0,0,0,0,0,0,0,0,0,-100000,0,0,0,0,100000,-100000,-100000
044635,世紀鋼元大92購02,0,0,0,0,0,0,0,0,0,-100000,0,0,0,0,100000,-100000,-100000
048496,南亞科元大93購05,0,0,0,0,0,0,0,0,0,-100000,0,0,0,0,100000,-100000,-100000
048582,國泰金富邦93購01,0,0,0,0,0,0,0,0,0,-100000,0,0,0,0,100000,-100000,-100000
048657,大成鋼統一93購04,0,0,0,0,0,0,0,0,0,-100000,0,0,0,0,100000,-100000,-100000
048654,滬深2X元富93購05,0,0,0,0,0,0,0,0,0,-100000,0,0,0,0,100000,-100000,-100000
045795,瀚宇博兆豐94購01,0,0,0,0,0,0,0,0,0,-100000,0,0,0,0,100000,-100000,-100000
046226,聯發科元大92購11,0,0,0,0,0,0,0,0,0,-100000,0,0,0,0,100000,-100000,-100000
046421,群創元大92購11  ,0,0,0,0,0,0,0,0,0,-100000,0,0,0,10000,110000,-100000,-100000
046419,聯鈞元大92購01  ,0,0,0,0,0,0,0,0,0,-100000,0,0,0,100000,200000,-100000,-100000
04627P,聯發科元大94售08,0,0,0,0,0,0,0,0,0,-100000,0,0,0,0,100000,-100000,-100000
046310,聯發科元大92購15,0,0,0,0,0,0,0,0,0,-100000,0,0,0,0,100000,-100000,-100000
049219,聯發科國票95購01,0,0,0,0,0,0,0,0,0,-100000,0,0,0,150000,250000,-100000,-100000
049269,超眾元大96購02  ,0,0,0,0,0,0,0,0,0,-100000,0,0,0,0,100000,-100000,-100000
049270,台表科元大95購02,0,0,0,0,0,0,0,0,0,-100000,0,0,0,120000,220000,-100000,-100000
049289,樺漢兆豐94購01  ,0,0,0,0,0,0,0,0,0,-100000,0,0,0,0,100000,-100000,-100000
049345,富邦金統一94購02,0,0,0,0,0,0,0,0,0,-100000,0,0,0,0,100000,-100000,-100000
048344,大立光元大93購30,0,0,0,0,0,0,0,0,0,-100000,0,0,0,50000,150000,-100000,-100000
049426,為升兆豐95購01  ,0,0,0,0,0,0,0,0,0,-100000,0,0,0,0,100000,-100000,-100000
048142,聯電統一93購01  ,0,0,0,0,0,0,0,0,0,-100000,0,0,0,50000,150000,-100000,-100000
047389,義隆元大94購01  ,0,0,0,0,0,0,0,0,0,-100000,0,0,0,0,100000,-100000,-100000
047392,大立光元大93購24,0,0,0,0,0,0,0,0,0,-100000,0,0,0,0,100000,-100000,-100000
048904,鴻海富邦94購02  ,0,0,0,0,0,0,0,0,0,-100000,0,0,0,0,100000,-100000,-100000
048936,玉晶光永豐94購05,0,0,0,0,0,0,0,0,0,-100000,0,0,0,20000,120000,-100000,-100000
047635,華新元大93購01  ,0,0,0,0,0,0,0,0,0,-100000,0,0,0,100000,200000,-100000,-100000
047193,南電元大94購02  ,0,0,0,0,0,0,0,0,0,-100000,0,0,0,9000,109000,-100000,-100000
046724,聯發科元大93購02,0,0,0,0,0,0,0,0,0,-100000,0,0,0,50000,150000,-100000,-100000
046742,智原日盛93購01  ,0,0,0,0,0,0,0,0,0,-100000,0,0,0,0,100000,-100000,-100000
046859,智伸科元大93購03,0,0,0,0,0,0,0,0,0,-100000,0,0,0,0,100000,-100000,-100000
047315,大立光元大93購23,0,0,0,0,0,0,0,0,0,-100000,0,0,0,50000,150000,-100000,-100000
049145,南亞科元大94購01,0,0,0,0,0,0,0,0,0,-100000,0,0,0,0,100000,-100000,-100000
049155,同欣電元大94購01,0,0,0,0,0,0,0,0,0,-100000,0,0,0,0,100000,-100000,-100000
046943,聯發科元大93購06,0,0,0,0,0,0,0,0,0,-100000,0,0,0,0,100000,-100000,-100000
046992,智伸科凱基93購03,0,0,0,0,0,0,0,0,0,-100000,0,0,0,0,100000,-100000,-100000
049407,台積電日盛94購02,0,0,0,0,0,0,0,0,0,-100000,0,0,0,0,100000,-100000,-100000
047922,聯發科凱基94購01,0,0,0,0,0,0,0,0,0,-100000,0,0,0,260000,360000,-100000,-100000
047954,漢唐永豐93購02  ,0,0,0,0,0,0,0,0,0,-100000,0,0,0,0,100000,-100000,-100000
049589,奇力新元大95購02,0,0,0,0,0,0,0,0,0,-100000,0,0,0,0,100000,-100000,-100000
049637,元石油凱基94購01,0,0,0,0,0,0,0,0,0,-100000,0,0,0,0,100000,-100000,-100000
049577,台達電元大94購08,0,0,0,0,0,0,0,0,0,-100000,0,0,0,0,100000,-100000,-100000
047765,瑞昱元大93購12  ,0,0,0,0,0,0,0,0,0,-100000,0,0,0,0,100000,-100000,-100000
047767,聯發科元大93購20,0,0,0,0,0,0,0,0,0,-100000,0,0,0,0,100000,-100000,-100000
04801P,矽力元大94售02  ,0,0,0,0,0,0,0,0,0,-100000,0,0,0,0,100000,-100000,-100000
047994,亞德客元大93購03,0,0,0,0,0,0,0,0,0,-100000,0,0,0,0,100000,-100000,-100000
047995,台達電元大96購01,0,0,0,0,0,0,0,0,0,-100000,0,0,0,0,100000,-100000,-100000
050181,富邦金元大94購02,0,0,0,0,0,0,0,0,0,-100000,0,0,0,0,100000,-100000,-100000
050053,訊芯群益94購03  ,0,0,0,0,0,0,0,0,0,-100000,0,0,0,0,100000,-100000,-100000
050121,南電元大95購02  ,0,0,0,0,0,0,0,0,0,-100000,0,0,0,100000,200000,-100000,-100000
050308,矽創中信97購01  ,0,0,0,0,0,0,0,0,0,-100000,0,0,0,0,100000,-100000,-100000
050266,兆豐金元大94購01,0,0,0,0,0,0,0,0,0,-100000,0,0,0,0,100000,-100000,-100000
049812,致伸元大94購03  ,0,0,0,0,0,0,0,0,0,-100000,0,0,0,0,100000,-100000,-100000
049741,創意群益94購02  ,0,0,0,0,0,0,0,0,0,-100000,0,0,0,0,100000,-100000,-100000
050034,智伸科元大94購01,0,0,0,0,0,0,0,0,0,-100000,0,0,0,0,100000,-100000,-100000
053033,智易兆豐97購01  ,0,0,0,0,0,0,0,0,0,-100000,0,0,0,20000,120000,-100000,-100000
052902,鴻海國票97購04  ,0,0,0,0,0,0,0,0,0,-100000,0,0,0,0,100000,-100000,-100000
053091,同欣電元大96購01,0,0,0,0,0,0,0,0,0,-100000,0,0,0,3000,103000,-100000,-100000
053149,京元電元大96購02,0,0,0,0,0,0,0,0,0,-100000,0,0,0,100000,200000,-100000,-100000
053139,滬深2X永豐98購01,0,0,0,0,0,0,0,0,0,-100000,0,0,0,0,100000,-100000,-100000
053131,華通國票97購03  ,0,0,0,0,0,0,0,0,0,-100000,0,0,0,400000,500000,-100000,-100000
052626,上証2X中信9A購01,0,0,0,0,0,0,0,0,0,-100000,0,0,0,100000,200000,-100000,-100000
052524,新光金元大9B購01,0,0,0,0,0,0,0,0,0,-100000,0,0,0,100000,200000,-100000,-100000
052283,TPK凱基97購01   ,0,0,0,0,0,0,0,0,0,-100000,0,0,0,0,100000,-100000,-100000
05212P,台積電國票96售04,0,0,0,0,0,0,0,0,0,-100000,0,0,0,4000,104000,-100000,-100000
052118,鴻海國票96購04  ,0,0,0,0,0,0,0,0,0,-100000,0,0,0,0,100000,-100000,-100000
051890,智邦元富95購03  ,0,0,0,0,0,0,0,0,0,-100000,0,0,0,99000,199000,-100000,-100000
051834,南電元大96購02  ,0,0,0,0,0,0,0,0,0,-100000,0,0,0,0,100000,-100000,-100000
051996,康友元大95購01  ,0,0,0,0,0,0,0,0,0,-100000,0,0,0,100000,200000,-100000,-100000
051986,燿華元大96購04  ,0,0,0,0,0,0,0,0,0,-100000,0,0,0,0,100000,-100000,-100000
051081,聯茂富邦96購01  ,0,0,0,0,0,0,0,0,0,-100000,0,0,0,1000,101000,-100000,-100000
051085,鴻海元大95購03  ,0,0,0,0,0,0,0,0,0,-100000,0,0,0,133000,233000,-100000,-100000
050776,康控元大96購03  ,0,0,0,0,0,0,0,0,0,-100000,0,0,0,0,100000,-100000,-100000
050634,華新科群益96購01,0,0,0,0,0,0,0,0,0,-100000,0,0,0,20000,120000,-100000,-100000
050516,華通元大95購05  ,0,0,0,0,0,0,0,0,0,-100000,0,0,0,0,100000,-100000,-100000
051556,台表科永豐96購01,0,0,0,0,0,0,0,0,0,-100000,0,0,0,0,100000,-100000,-100000
051569,緯創富邦95購02  ,0,0,0,0,0,0,0,0,0,-100000,0,0,0,0,100000,-100000,-100000
051594,和碩元大96購01  ,0,0,0,0,0,0,0,0,0,-100000,0,0,0,10000,110000,-100000,-100000
051784,國巨兆豐95購01  ,0,0,0,0,0,0,0,0,0,-100000,0,0,0,27000,127000,-100000,-100000
05177P,台積電凱基95售12,0,0,0,0,0,0,0,0,0,-100000,0,0,0,0,100000,-100000,-100000
051794,臻鼎國票96購02  ,0,0,0,0,0,0,0,0,0,-100000,0,0,0,0,100000,-100000,-100000
051725,緯穎永豐95購02  ,0,0,0,0,0,0,0,0,0,-100000,0,0,0,42000,142000,-100000,-100000
051102,訊芯元大96購01  ,0,0,0,0,0,0,0,0,0,-100000,0,0,0,0,100000,-100000,-100000
06071P,大立光永豐97售01,0,0,0,0,0,0,0,0,0,-100000,0,0,0,0,100000,-100000,-100000
06074P,台積電凱基98售04,0,0,0,0,0,0,0,0,0,-100000,0,0,0,0,100000,-100000,-100000
06112P,台積電兆豐97售01,0,0,0,0,0,0,0,0,0,-100000,0,0,0,0,100000,-100000,-100000
06217P,鴻海元富97售05  ,0,0,0,0,0,0,0,0,0,-100000,0,0,0,0,100000,-100000,-100000
06353P,電子類富邦99售02,0,0,0,0,0,0,0,0,0,-100000,0,0,0,12000,112000,-100000,-100000
055748,GIS元富97購01   ,0,0,0,0,0,0,0,0,0,-100000,0,0,0,2000,102000,-100000,-100000
055949,亞德客元大97購04,0,0,0,0,0,0,0,0,0,-100000,0,0,0,50000,150000,-100000,-100000
056143,訊芯元大97購04  ,0,0,0,0,0,0,0,0,0,-100000,0,0,0,100000,200000,-100000,-100000
056136,京鼎元大98購01  ,0,0,0,0,0,0,0,0,0,-100000,0,0,0,0,100000,-100000,-100000
056165,矽力凱基98購02  ,0,0,0,0,0,0,0,0,0,-100000,0,0,0,0,100000,-100000,-100000
056063,大立光元大97購13,0,0,0,0,0,0,0,0,0,-100000,0,0,0,0,100000,-100000,-100000
056301,開發金元大9A購01,0,0,0,0,0,0,0,0,0,-100000,0,0,0,0,100000,-100000,-100000
053331,玉晶光永豐97購02,0,0,0,0,0,0,0,0,0,-101000,0,0,0,92000,193000,-101000,-101000
054478,可成中信97購01  ,0,0,0,0,0,0,0,0,0,-101000,0,0,0,48000,149000,-101000,-101000
054419,嘉聯益元大98購02,0,0,0,0,0,0,0,0,0,-101000,0,0,0,0,101000,-101000,-101000
05542P,滬深2X元富96售01,0,0,0,0,0,0,0,0,0,-101000,0,0,0,90000,191000,-101000,-101000
055443,台虹國票98購01  ,0,0,0,0,0,0,0,0,0,-101000,0,0,0,0,101000,-101000,-101000
055194,昇陽半元富97購01,0,0,0,0,0,0,0,0,0,-101000,0,0,0,98000,199000,-101000,-101000
055380,智易元大98購02  ,0,0,0,0,0,0,0,0,0,-101000,0,0,0,0,101000,-101000,-101000
048606,聯發科日盛93購02,0,0,0,0,0,0,0,0,0,-101000,0,0,0,3000,104000,-101000,-101000
051283,亞德客統一95購01,0,0,0,0,0,0,0,0,0,-101000,0,0,0,96000,197000,-101000,-101000
056076,超眾元大97購05  ,0,0,0,0,0,0,0,0,0,-101000,0,0,0,10000,111000,-101000,-101000
055370,旺宏元大97購05  ,0,0,0,0,0,0,0,0,0,-102000,0,0,0,3000,105000,-102000,-102000
054472,道瓊反中信9A購01,0,0,0,0,0,0,0,0,0,-102000,0,0,0,48000,150000,-102000,-102000
047565,美律國票93購02  ,0,0,0,0,0,0,0,0,0,-102000,0,0,0,68000,170000,-102000,-102000
049307,上銀凱基94購03  ,0,0,0,0,0,0,0,0,0,-102000,0,0,0,0,102000,-102000,-102000
047484,聯詠凱基93購03  ,0,0,0,0,0,0,0,0,0,-102000,0,0,0,0,102000,-102000,-102000
047480,全新凱基93購01  ,0,0,0,0,0,0,0,0,0,-102000,0,0,0,103000,205000,-102000,-102000
050752,美律統一94購05  ,0,0,0,0,0,0,0,0,0,-102000,0,0,0,68000,170000,-102000,-102000
051945,智邦統一95購03  ,0,0,0,0,0,0,0,0,0,-102000,0,0,0,195000,297000,-102000,-102000
052979,上銀元大96購02  ,0,0,0,0,0,0,0,0,0,-102000,0,0,0,52000,154000,-102000,-102000
1598,岱宇            ,6000,109000,-103000,0,0,0,0,0,0,1000,1000,0,1000,0,0,0,-102000
9904,寶成            ,3475000,3891000,-416000,0,0,0,34000,0,34000,280000,243000,5000,238000,42000,0,42000,-102000
055530,聯發科群益98購01,0,0,0,0,0,0,0,0,0,-103000,0,0,0,0,103000,-103000,-103000
054821,貿聯元大9A購01  ,0,0,0,0,0,0,0,0,0,-103000,0,0,0,200000,303000,-103000,-103000
03415B,臺股指元大93熊49,0,0,0,0,0,0,0,0,0,-103000,0,0,0,96000,199000,-103000,-103000
045385,華新科元大93購04,0,0,0,0,0,0,0,0,0,-103000,0,0,0,22000,125000,-103000,-103000
048302,上証反凱基93購01,0,0,0,0,0,0,0,0,0,-103000,0,0,0,10000,113000,-103000,-103000
049982,嘉晶凱基94購01  ,0,0,0,0,0,0,0,0,0,-103000,0,0,0,32000,135000,-103000,-103000
050340,鴻海統一94購07  ,0,0,0,0,0,0,0,0,0,-103000,0,0,0,242000,345000,-103000,-103000
052848,聯發科統一96購03,0,0,0,0,0,0,0,0,0,-103000,0,0,0,48000,151000,-103000,-103000
052240,臻鼎國票96購03  ,0,0,0,0,0,0,0,0,0,-103000,0,0,0,0,103000,-103000,-103000
050719,世紀鋼群益96購01,0,0,0,0,0,0,0,0,0,-103000,0,0,0,5000,108000,-103000,-103000
051816,臺股指凱基95購07,0,0,0,0,0,0,0,0,0,-103000,0,0,0,712000,815000,-103000,-103000
055838,致茂元大97購03  ,0,0,0,0,0,0,0,0,0,-103000,0,0,0,3000,106000,-103000,-103000
05749P,臺股指群益99售03,0,0,0,0,0,0,0,0,0,-103000,0,0,0,10000,113000,-103000,-103000
055154,聯發科元大98購01,0,0,0,0,0,0,0,0,0,-104000,0,0,0,119000,223000,-104000,-104000
054347,上緯控國票96購02,0,0,0,0,0,0,0,0,0,-104000,0,0,0,2000,106000,-104000,-104000
054019,燿華台新96購01  ,0,0,0,0,0,0,0,0,0,-104000,0,0,0,0,104000,-104000,-104000
053665,臺股指凱基96購26,0,0,0,0,0,0,0,0,0,-104000,0,0,0,0,104000,-104000,-104000
053722,新光金凱基9C購01,0,0,0,0,0,0,0,0,0,-104000,0,0,0,0,104000,-104000,-104000
053481,同欣電元大97購01,0,0,0,0,0,0,0,0,0,-104000,0,0,0,7000,111000,-104000,-104000
051362,台郡元大95購04  ,0,0,0,0,0,0,0,0,0,-104000,0,0,0,11000,115000,-104000,-104000
052525,聯詠元大95購06  ,0,0,0,0,0,0,0,0,0,-104000,0,0,0,101000,205000,-104000,-104000
052892,大成鋼群益96購01,0,0,0,0,0,0,0,0,0,-104000,0,0,0,36000,140000,-104000,-104000
06017P,亞光凱基96售04  ,0,0,0,0,0,0,0,0,0,-104000,0,0,0,35000,139000,-104000,-104000
055837,致茂元大97購02  ,0,0,0,0,0,0,0,0,0,-104000,0,0,0,202000,306000,-104000,-104000
056219,T50反1日盛02購01,0,0,0,0,0,0,0,0,0,-104000,0,0,0,0,104000,-104000,-104000
6120,達運            ,242000,355000,-113000,0,0,0,0,0,0,9000,9000,0,9000,0,0,0,-104000
053631,欣興兆豐97購01  ,0,0,0,0,0,0,0,0,0,-105000,0,0,0,0,105000,-105000,-105000
053252,華邦電國泰98購01,0,0,0,0,0,0,0,0,0,-105000,0,0,0,46000,151000,-105000,-105000
053842,聯發科統一96購08,0,0,0,0,0,0,0,0,0,-105000,0,0,0,48000,153000,-105000,-105000
04043P,復盛元富93售02  ,0,0,0,0,0,0,0,0,0,-105000,0,0,0,1000,106000,-105000,-105000
044673,上銀凱基93購04  ,0,0,0,0,0,0,0,0,0,-105000,0,0,0,5000,110000,-105000,-105000
044353,宏達電元大93購04,0,0,0,0,0,0,0,0,0,-105000,0,0,0,0,105000,-105000,-105000
049813,康控元大96購02  ,0,0,0,0,0,0,0,0,0,-105000,0,0,0,0,105000,-105000,-105000
051394,奇鋐兆豐95購01  ,0,0,0,0,0,0,0,0,0,-105000,0,0,0,0,105000,-105000,-105000
056100,楠梓電永豐97購02,0,0,0,0,0,0,0,0,0,-105000,0,0,0,0,105000,-105000,-105000
055831,台達電元大97購01,0,0,0,0,0,0,0,0,0,-105000,0,0,0,10000,115000,-105000,-105000
06367P,台積電凱基97售14,0,0,0,0,0,0,0,0,0,-105000,0,0,0,86000,191000,-105000,-105000
054129,技嘉元大96購02  ,0,0,0,0,0,0,0,0,0,-106000,0,0,0,0,106000,-106000,-106000
054356,可成兆豐97購01  ,0,0,0,0,0,0,0,0,0,-106000,0,0,0,0,106000,-106000,-106000
054255,亞光元大96購05  ,0,0,0,0,0,0,0,0,0,-106000,0,0,0,8000,114000,-106000,-106000
055387,世紀鋼元大97購01,0,0,0,0,0,0,0,0,0,-106000,0,0,0,179000,285000,-106000,-106000
055296,康舒元大97購02  ,0,0,0,0,0,0,0,0,0,-106000,0,0,0,89000,195000,-106000,-106000
055128,致新兆豐97購01  ,0,0,0,0,0,0,0,0,0,-106000,0,0,0,90000,196000,-106000,-106000
048329,台積電永昌93購07,0,0,0,0,0,0,0,0,0,-106000,0,0,0,76000,182000,-106000,-106000
047109,華邦電元大94購01,0,0,0,0,0,0,0,0,0,-106000,0,0,0,0,106000,-106000,-106000
050521,聯發科元大94購15,0,0,0,0,0,0,0,0,0,-106000,0,0,0,100000,206000,-106000,-106000
051040,漢唐永豐95購01  ,0,0,0,0,0,0,0,0,0,-106000,0,0,0,24000,130000,-106000,-106000
055528,華邦電群益97購01,0,0,0,0,0,0,0,0,0,-107000,0,0,0,63000,170000,-107000,-107000
054008,大立光元富96購06,0,0,0,0,0,0,0,0,0,-107000,0,0,0,4000,111000,-107000,-107000
046137,遠東新統一92購01,0,0,0,0,0,0,0,0,0,-107000,0,0,0,40000,147000,-107000,-107000
042927,道瓊反中信94購01,0,0,0,0,0,0,0,0,0,-107000,0,0,0,19000,126000,-107000,-107000
049261,大立光元大94購08,0,0,0,0,0,0,0,0,0,-107000,0,0,0,0,107000,-107000,-107000
047774,台表科元大95購01,0,0,0,0,0,0,0,0,0,-107000,0,0,0,61000,168000,-107000,-107000
052994,群創台新99購01  ,0,0,0,0,0,0,0,0,0,-107000,0,0,0,30000,137000,-107000,-107000
052860,旺宏凱基96購03  ,0,0,0,0,0,0,0,0,0,-107000,0,0,0,90000,197000,-107000,-107000
053459,康控國泰97購01  ,0,0,0,0,0,0,0,0,0,-108000,0,0,0,30000,138000,-108000,-108000
046644,台達電國泰93購01,0,0,0,0,0,0,0,0,0,-108000,0,0,0,0,108000,-108000,-108000
045685,康控元大95購01  ,0,0,0,0,0,0,0,0,0,-108000,0,0,0,386000,494000,-108000,-108000
045860,鴻海統一93購03  ,0,0,0,0,0,0,0,0,0,-108000,0,0,0,65000,173000,-108000,-108000
049612,香港反中信96購01,0,0,0,0,0,0,0,0,0,-108000,0,0,0,12000,120000,-108000,-108000
04980P,臺股指凱基96售08,0,0,0,0,0,0,0,0,0,-108000,0,0,0,118000,226000,-108000,-108000
049855,台表科群益94購01,0,0,0,0,0,0,0,0,0,-108000,0,0,0,16000,124000,-108000,-108000
050031,嘉澤元大95購01  ,0,0,0,0,0,0,0,0,0,-108000,0,0,0,0,108000,-108000,-108000
050320,台表科國票94購01,0,0,0,0,0,0,0,0,0,-108000,0,0,0,0,108000,-108000,-108000
047505,元金2X國票9B購01,0,0,0,0,0,0,0,0,0,-108000,0,0,0,33000,141000,-108000,-108000
049304,元油2X凱基95購05,0,0,0,0,0,0,0,0,0,-108000,0,0,0,0,108000,-108000,-108000
047585,微星永豐93購01  ,0,0,0,0,0,0,0,0,0,-108000,0,0,0,0,108000,-108000,-108000
047212,宏達電富邦97購01,0,0,0,0,0,0,0,0,0,-108000,0,0,0,122000,230000,-108000,-108000
052686,華新科元大96購03,0,0,0,0,0,0,0,0,0,-108000,0,0,0,32000,140000,-108000,-108000
051408,台積電國票95購03,0,0,0,0,0,0,0,0,0,-108000,0,0,0,393000,501000,-108000,-108000
06229P,欣興凱基97售07  ,0,0,0,0,0,0,0,0,0,-108000,0,0,0,124000,232000,-108000,-108000
055849,聯詠元大97購05  ,0,0,0,0,0,0,0,0,0,-108000,0,0,0,77000,185000,-108000,-108000
055738,玉山金元富97購01,0,0,0,0,0,0,0,0,0,-108000,0,0,0,115000,223000,-108000,-108000
5434,崇越            ,280000,421000,-141000,0,0,0,0,0,0,33000,45000,2000,43000,2000,12000,-10000,-108000
053231,奇力新康和96購01,0,0,0,0,0,0,0,0,0,-109000,0,0,0,54000,163000,-109000,-109000
053630,奇鋐兆豐97購01  ,0,0,0,0,0,0,0,0,0,-109000,0,0,0,41000,150000,-109000,-109000
053608,彩晶第一96購01  ,0,0,0,0,0,0,0,0,0,-109000,0,0,0,8000,117000,-109000,-109000
054128,台積電元大97購10,0,0,0,0,0,0,0,0,0,-109000,0,0,0,53000,162000,-109000,-109000
053993,旺宏群益98購02  ,0,0,0,0,0,0,0,0,0,-109000,0,0,0,79000,188000,-109000,-109000
055478,訊芯凱基97購01  ,0,0,0,0,0,0,0,0,0,-109000,0,0,0,0,109000,-109000,-109000
055248,可成統一97購02  ,0,0,0,0,0,0,0,0,0,-109000,0,0,0,48000,157000,-109000,-109000
048534,貿聯國票94購01  ,0,0,0,0,0,0,0,0,0,-109000,0,0,0,20000,129000,-109000,-109000
049457,彩晶統一94購02  ,0,0,0,0,0,0,0,0,0,-109000,0,0,0,0,109000,-109000,-109000
04692P,大立光群益94售06,0,0,0,0,0,0,0,0,0,-109000,0,0,0,1000,110000,-109000,-109000
051160,亞德客元大95購02,0,0,0,0,0,0,0,0,0,-109000,0,0,0,60000,169000,-109000,-109000
051617,台積電凱基95購14,0,0,0,0,0,0,0,0,0,-109000,0,0,0,0,109000,-109000,-109000
052882,南電凱基96購02  ,0,0,0,0,0,0,0,0,0,-109000,0,0,0,0,109000,-109000,-109000
4532,瑞智            ,27000,141000,-114000,0,0,0,0,0,0,5000,5000,0,5000,0,0,0,-109000
056303,亞光元大97購04  ,0,0,0,0,0,0,0,0,0,-109000,0,0,0,42000,151000,-109000,-109000
055710,亞德客元大97購03,0,0,0,0,0,0,0,0,0,-110000,0,0,0,0,110000,-110000,-110000
055081,健鼎中信97購01  ,0,0,0,0,0,0,0,0,0,-110000,0,0,0,30000,140000,-110000,-110000
055074,台虹永豐97購01  ,0,0,0,0,0,0,0,0,0,-110000,0,0,0,0,110000,-110000,-110000
054842,台達電兆豐98購01,0,0,0,0,0,0,0,0,0,-110000,0,0,0,12000,122000,-110000,-110000
054927,帆宣凱基97購01  ,0,0,0,0,0,0,0,0,0,-110000,0,0,0,0,110000,-110000,-110000
053886,亞光兆豐96購01  ,0,0,0,0,0,0,0,0,0,-110000,0,0,0,0,110000,-110000,-110000
054262,瀚宇博元大96購03,0,0,0,0,0,0,0,0,0,-110000,0,0,0,25000,135000,-110000,-110000
054222,大立光統一98購03,0,0,0,0,0,0,0,0,0,-110000,0,0,0,0,110000,-110000,-110000
053772,大成鋼元大96購02,0,0,0,0,0,0,0,0,0,-110000,0,0,0,0,110000,-110000,-110000
053293,聯發科中信9B購01,0,0,0,0,0,0,0,0,0,-110000,0,0,0,5000,115000,-110000,-110000
053385,聯詠元大96購02  ,0,0,0,0,0,0,0,0,0,-110000,0,0,0,271000,381000,-110000,-110000
048671,大立光永豐93購04,0,0,0,0,0,0,0,0,0,-110000,0,0,0,10000,120000,-110000,-110000
04589P,祥碩永豐94售01  ,0,0,0,0,0,0,0,0,0,-110000,0,0,0,0,110000,-110000,-110000
045781,聯詠元大92購03  ,0,0,0,0,0,0,0,0,0,-110000,0,0,0,150000,260000,-110000,-110000
042280,元石油富邦96購01,0,0,0,0,0,0,0,0,0,-110000,0,0,0,10000,120000,-110000,-110000
046590,同欣電元大92購02,0,0,0,0,0,0,0,0,0,-110000,0,0,0,150000,260000,-110000,-110000
03832P,臺股指中信95售03,0,0,0,0,0,0,0,0,0,-110000,0,0,0,0,110000,-110000,-110000
049538,元油2X群益98購01,0,0,0,0,0,0,0,0,0,-110000,0,0,0,21000,131000,-110000,-110000
048073,南電元富93購02  ,0,0,0,0,0,0,0,0,0,-110000,0,0,0,30000,140000,-110000,-110000
050106,台達電元大94購11,0,0,0,0,0,0,0,0,0,-110000,0,0,0,0,110000,-110000,-110000
05019P,喬山中信95售01  ,0,0,0,0,0,0,0,0,0,-110000,0,0,0,0,110000,-110000,-110000
049765,上証2X元富94購01,0,0,0,0,0,0,0,0,0,-110000,0,0,0,0,110000,-110000,-110000
047419,聯發科富邦95購01,0,0,0,0,0,0,0,0,0,-110000,0,0,0,0,110000,-110000,-110000
048814,上銀凱基94購01  ,0,0,0,0,0,0,0,0,0,-110000,0,0,0,0,110000,-110000,-110000
052878,台虹凱基96購01  ,0,0,0,0,0,0,0,0,0,-110000,0,0,0,10000,120000,-110000,-110000
052100,滬深2X永昌96購01,0,0,0,0,0,0,0,0,0,-110000,0,0,0,0,110000,-110000,-110000
052079,康友元富98購01  ,0,0,0,0,0,0,0,0,0,-110000,0,0,0,60000,170000,-110000,-110000
050712,和碩中信94購01  ,0,0,0,0,0,0,0,0,0,-110000,0,0,0,10000,120000,-110000,-110000
050672,上証2X富邦97購01,0,0,0,0,0,0,0,0,0,-110000,0,0,0,0,110000,-110000,-110000
050681,南亞科元富94購01,0,0,0,0,0,0,0,0,0,-110000,0,0,0,20000,130000,-110000,-110000
06328P,台積電中信01售02,0,0,0,0,0,0,0,0,0,-110000,0,0,0,0,110000,-110000,-110000
06133P,帆宣元富97售02  ,0,0,0,0,0,0,0,0,0,-110000,0,0,0,0,110000,-110000,-110000
054361,技嘉凱基96購01  ,0,0,0,0,0,0,0,0,0,-111000,0,0,0,147000,258000,-111000,-111000
055624,聯發科富邦99購07,0,0,0,0,0,0,0,0,0,-111000,0,0,0,66000,177000,-111000,-111000
055507,樺漢元大98購02  ,0,0,0,0,0,0,0,0,0,-111000,0,0,0,82000,193000,-111000,-111000
048177,臺指反富邦99購01,0,0,0,0,0,0,0,0,0,-111000,0,0,0,0,111000,-111000,-111000
051793,臻鼎國票95購02  ,0,0,0,0,0,0,0,0,0,-111000,0,0,0,0,111000,-111000,-111000
051311,瑞昱麥證95購01  ,0,0,0,457000,557000,-100000,0,0,0,-111000,0,0,0,457000,568000,-111000,-111000
055791,臺股指凱基97購14,0,0,0,0,0,0,0,0,0,-111000,0,0,0,0,111000,-111000,-111000
5471,松翰            ,115000,229000,-114000,0,0,0,0,0,0,3000,3000,0,3000,0,0,0,-111000
054895,南電統一97購01  ,0,0,0,0,0,0,0,0,0,-112000,0,0,0,3000,115000,-112000,-112000
054578,世芯元大99購01  ,0,0,0,0,0,0,0,0,0,-112000,0,0,0,160000,272000,-112000,-112000
053338,台光電國票97購01,0,0,0,0,0,0,0,0,0,-112000,0,0,0,50000,162000,-112000,-112000
047146,智邦群益93購01  ,0,0,0,0,0,0,0,0,0,-112000,0,0,0,108000,220000,-112000,-112000
05117P,瑞昱群益95售02  ,0,0,0,0,0,0,0,0,0,-112000,0,0,0,0,112000,-112000,-112000
052328,台表科中信99購01,0,0,0,0,0,0,0,0,0,-112000,0,0,0,15000,127000,-112000,-112000
055769,智伸科中信97購01,0,0,0,0,0,0,0,0,0,-112000,0,0,0,0,112000,-112000,-112000
05776P,鴻海統一98售02  ,0,0,0,0,0,0,0,0,0,-112000,0,0,0,10000,122000,-112000,-112000
053743,康控國票97購02  ,0,0,0,0,0,0,0,0,0,-113000,0,0,0,0,113000,-113000,-113000
054538,台光電國票98購01,0,0,0,0,0,0,0,0,0,-113000,0,0,0,0,113000,-113000,-113000
054774,同欣電國票98購01,0,0,0,0,0,0,0,0,0,-113000,0,0,0,38000,151000,-113000,-113000
054902,億光康和97購01  ,0,0,0,0,0,0,0,0,0,-113000,0,0,0,62000,175000,-113000,-113000
055083,康友中信97購01  ,0,0,0,0,0,0,0,0,0,-113000,0,0,0,2000,115000,-113000,-113000
048650,台表科元大93購05,0,0,0,0,0,0,0,0,0,-113000,0,0,0,121000,234000,-113000,-113000
048521,華通統一93購05  ,0,0,0,0,0,0,0,0,0,-113000,0,0,0,199000,312000,-113000,-113000
050233,香港2X凱基96購01,0,0,0,0,0,0,0,0,0,-113000,0,0,0,12000,125000,-113000,-113000
052177,京鼎元大95購02  ,0,0,0,0,0,0,0,0,0,-113000,0,0,0,344000,457000,-113000,-113000
055874,中環元富9A購01  ,0,0,0,0,0,0,0,0,0,-113000,0,0,0,0,113000,-113000,-113000
055102,上銀凱基98購01  ,0,0,0,0,0,0,0,0,0,-114000,0,0,0,19000,133000,-114000,-114000
053278,禾伸堂元大96購01,0,0,0,0,0,0,0,0,0,-114000,0,0,0,86000,200000,-114000,-114000
053840,燿華統一96購02  ,0,0,0,0,0,0,0,0,0,-114000,0,0,0,48000,162000,-114000,-114000
044307,GIS兆豐93購01   ,0,0,0,0,0,0,0,0,0,-114000,0,0,0,0,114000,-114000,-114000
048059,欣興國泰95購01  ,0,0,0,0,0,0,0,0,0,-114000,0,0,0,100000,214000,-114000,-114000
05187P,力山凱基95售01  ,0,0,0,0,0,0,0,0,0,-114000,0,0,0,20000,134000,-114000,-114000
052296,TPK國票96購01   ,0,0,0,0,0,0,0,0,0,-114000,0,0,0,808000,922000,-114000,-114000
052644,聯發科永豐96購01,0,0,0,0,0,0,0,0,0,-114000,0,0,0,55000,169000,-114000,-114000
050726,可成國票96購01  ,0,0,0,0,0,0,0,0,0,-114000,0,0,0,0,114000,-114000,-114000
056130,新日興麥證97購01,0,0,0,0,114000,-114000,0,0,0,-114000,0,0,0,0,114000,-114000,-114000
3016,嘉晶            ,548000,630000,-82000,0,0,0,0,0,0,-32000,2000,0,2000,30000,64000,-34000,-114000
053190,聯發科統一99購01,0,0,0,0,0,0,0,0,0,-115000,0,0,0,90000,205000,-115000,-115000
054844,華邦電兆豐98購01,0,0,0,0,0,0,0,0,0,-115000,0,0,0,95000,210000,-115000,-115000
054653,聯發科麥證97購02,0,0,0,0,115000,-115000,0,0,0,-115000,0,0,0,0,115000,-115000,-115000
054541,康控國票98購01  ,0,0,0,0,0,0,0,0,0,-115000,0,0,0,38000,153000,-115000,-115000
03821P,上海銀統一95售01,0,0,0,0,0,0,0,0,0,-115000,0,0,0,3000,118000,-115000,-115000
050529,矽格元大94購05  ,0,0,0,0,0,0,0,0,0,-115000,0,0,0,85000,200000,-115000,-115000
050867,聯鈞永豐95購01  ,0,0,0,0,0,0,0,0,0,-115000,0,0,0,23000,138000,-115000,-115000
051596,超眾元大95購05  ,0,0,0,0,0,0,0,0,0,-115000,0,0,0,0,115000,-115000,-115000
051465,鴻海富邦97購02  ,0,0,0,0,0,0,0,0,0,-115000,0,0,0,0,115000,-115000,-115000
051916,和碩元大95購02  ,0,0,0,0,0,0,0,0,0,-115000,0,0,0,0,115000,-115000,-115000
2617,台航            ,74000,206000,-132000,0,0,0,0,0,0,17000,17000,0,17000,0,0,0,-115000
2387,精元            ,525000,650000,-125000,0,0,0,0,0,0,10000,7000,1000,6000,4000,0,4000,-115000
043442,大立光台新01購01,0,0,0,0,0,0,0,0,0,-116000,0,0,0,0,116000,-116000,-116000
048969,兆赫元大94購01  ,0,0,0,0,0,0,0,0,0,-116000,0,0,0,0,116000,-116000,-116000
05739P,臺股指統一97售02,0,0,0,0,0,0,0,0,0,-116000,0,0,0,1000,117000,-116000,-116000
055526,台積電群益97購02,0,0,0,0,0,0,0,0,0,-117000,0,0,0,10000,127000,-117000,-117000
053568,智伸科富邦98購01,0,0,0,0,0,0,0,0,0,-117000,0,0,0,70000,187000,-117000,-117000
00728,第一金工業30    ,0,0,0,0,0,0,0,0,0,-117000,0,0,0,672000,789000,-117000,-117000
047912,台郡麥證94購01  ,0,0,0,40000,157000,-117000,0,0,0,-117000,0,0,0,40000,157000,-117000,-117000
045736,台積電群益94購01,0,0,0,0,0,0,0,0,0,-118000,0,0,0,186000,304000,-118000,-118000
047946,南亞科統一93購04,0,0,0,0,0,0,0,0,0,-118000,0,0,0,46000,164000,-118000,-118000
053012,國巨統一96購03  ,0,0,0,0,0,0,0,0,0,-118000,0,0,0,339000,457000,-118000,-118000
051158,嘉晶富邦96購01  ,0,0,0,0,0,0,0,0,0,-118000,0,0,0,10000,128000,-118000,-118000
055872,亞泥元富97購01  ,0,0,0,0,0,0,0,0,0,-118000,0,0,0,0,118000,-118000,-118000
055928,南亞科群益97購02,0,0,0,0,0,0,0,0,0,-118000,0,0,0,9000,127000,-118000,-118000
054221,華新科統一96購05,0,0,0,0,0,0,0,0,0,-119000,0,0,0,393000,512000,-119000,-119000
04954P,健策國票96售01  ,0,0,0,0,0,0,0,0,0,-119000,0,0,0,81000,200000,-119000,-119000
051062,超眾群益95購02  ,0,0,0,0,0,0,0,0,0,-119000,0,0,0,61000,180000,-119000,-119000
050513,亞泥元大94購02  ,0,0,0,0,0,0,0,0,0,-119000,0,0,0,43000,162000,-119000,-119000
052601,大成鋼元大96購01,0,0,0,0,0,0,0,0,0,-119000,0,0,0,200000,319000,-119000,-119000
056077,矽力元大97購07  ,0,0,0,0,0,0,0,0,0,-119000,0,0,0,0,119000,-119000,-119000
06009P,宏達電元富96售03,0,0,0,0,0,0,0,0,0,-119000,0,0,0,27000,146000,-119000,-119000
054271,中石化中信99購01,0,0,0,0,0,0,0,0,0,-120000,0,0,0,0,120000,-120000,-120000
053979,健策元大98購01  ,0,0,0,0,0,0,0,0,0,-120000,0,0,0,165000,285000,-120000,-120000
053548,旺宏凱基96購04  ,0,0,0,0,0,0,0,0,0,-120000,0,0,0,27000,147000,-120000,-120000
053690,南亞科元大96購02,0,0,0,0,0,0,0,0,0,-120000,0,0,0,1000,121000,-120000,-120000
053455,台光電元富96購02,0,0,0,0,0,0,0,0,0,-120000,0,0,0,0,120000,-120000,-120000
05342P,臺股指兆豐95售03,0,0,0,0,0,0,0,0,0,-120000,0,0,0,0,120000,-120000,-120000
054639,台新金中信99購01,0,0,0,0,0,0,0,0,0,-120000,0,0,0,30000,150000,-120000,-120000
046008,臺股指統一92購03,0,0,0,0,0,0,0,0,0,-120000,0,0,0,0,120000,-120000,-120000
03388P,元油2X元富98售02,0,0,0,0,0,0,0,0,0,-120000,0,0,0,0,120000,-120000,-120000
04001P,聯發科凱基93售15,0,0,0,0,0,0,0,0,0,-120000,0,0,0,10000,130000,-120000,-120000
049360,台達電元大94購07,0,0,0,0,0,0,0,0,0,-120000,0,0,0,0,120000,-120000,-120000
046843,上銀永豐93購01  ,0,0,0,0,0,0,0,0,0,-120000,0,0,0,74000,194000,-120000,-120000
051830,健策元大97購01  ,0,0,0,0,0,0,0,0,0,-120000,0,0,0,73000,193000,-120000,-120000
052233,台郡凱基96購01  ,0,0,0,0,0,0,0,0,0,-120000,0,0,0,305000,425000,-120000,-120000
052443,台積電元大95購23,0,0,0,0,0,0,0,0,0,-120000,0,0,0,150000,270000,-120000,-120000
050418,為升凱基94購06  ,0,0,0,0,0,0,0,0,0,-120000,0,0,0,100000,220000,-120000,-120000
051097,嘉聯益元大96購02,0,0,0,0,0,0,0,0,0,-120000,0,0,0,0,120000,-120000,-120000
051017,聯發科凱基95購04,0,0,0,0,0,0,0,0,0,-120000,0,0,0,0,120000,-120000,-120000
050968,超眾永豐95購01  ,0,0,0,0,0,0,0,0,0,-120000,0,0,0,10000,130000,-120000,-120000
06419P,國巨統一97售09  ,0,0,0,0,0,0,0,0,0,-120000,0,0,0,0,120000,-120000,-120000
6504,南六            ,12000,132501,-120501,0,0,0,0,0,0,0,0,0,0,0,0,0,-120501
053192,創意統一96購01  ,0,0,0,0,0,0,0,0,0,-121000,0,0,0,40000,161000,-121000,-121000
053270,台塑元大96購01  ,0,0,0,0,0,0,0,0,0,-121000,0,0,0,89000,210000,-121000,-121000
042895,鴻海永昌93購03  ,0,0,0,0,0,0,0,0,0,-121000,0,0,0,115000,236000,-121000,-121000
049739,大立光群益94購05,0,0,0,0,0,0,0,0,0,-121000,0,0,0,24000,145000,-121000,-121000
053823,茂林群益96購06  ,0,0,0,0,0,0,0,0,0,-122000,0,0,0,56000,178000,-122000,-122000
054288,華邦電元大96購05,0,0,0,0,0,0,0,0,0,-122000,0,0,0,18000,140000,-122000,-122000
043050,欣興國泰93購01  ,0,0,0,0,0,0,0,0,0,-122000,0,0,0,5000,127000,-122000,-122000
048664,華新科統一94購01,0,0,0,0,0,0,0,0,0,-122000,0,0,0,1206000,1328000,-122000,-122000
051395,聯詠兆豐95購01  ,0,0,0,0,0,0,0,0,0,-122000,0,0,0,66000,188000,-122000,-122000
051639,康友國票96購02  ,0,0,0,0,0,0,0,0,0,-122000,0,0,0,0,122000,-122000,-122000
052538,和大統一95購02  ,0,0,0,0,0,0,0,0,0,-122000,0,0,0,118000,240000,-122000,-122000
2905,三商            ,167000,298000,-131000,0,0,0,0,0,0,9000,9000,0,9000,0,0,0,-122000
053894,創意群益96購01  ,0,0,0,0,0,0,0,0,0,-123000,0,0,0,7000,130000,-123000,-123000
053571,奇鋐統一96購02  ,0,0,0,0,0,0,0,0,0,-123000,0,0,0,0,123000,-123000,-123000
054535,旺宏富邦97購02  ,0,0,0,0,0,0,0,0,0,-123000,0,0,0,72000,195000,-123000,-123000
00670L,富邦NASDAQ正2   ,0,1000,-1000,0,0,0,0,0,0,-122000,0,0,0,142000,264000,-122000,-123000
050280,國巨日盛94購01  ,0,0,0,0,0,0,0,0,0,-123000,0,0,0,21000,144000,-123000,-123000
048873,玉晶光國票95購02,0,0,0,0,0,0,0,0,0,-123000,0,0,0,34000,157000,-123000,-123000
052453,崇越元大95購01  ,0,0,0,0,0,0,0,0,0,-123000,0,0,0,46000,169000,-123000,-123000
2103,台橡            ,144000,277000,-133000,0,0,0,0,0,0,10000,11000,1000,10000,0,0,0,-123000
056356,台積電元大99購01,0,0,0,0,0,0,0,0,0,-123000,0,0,0,102000,225000,-123000,-123000
055187,彩晶統一98購01  ,0,0,0,0,0,0,0,0,0,-124000,0,0,0,239000,363000,-124000,-124000
053764,A50正2富邦99購01,0,0,0,0,0,0,0,0,0,-124000,0,0,0,0,124000,-124000,-124000
053948,大立光富邦99購04,0,0,0,0,0,0,0,0,0,-124000,0,0,0,19000,143000,-124000,-124000
045172,欣興兆豐94購01  ,0,0,0,0,0,0,0,0,0,-124000,0,0,0,160000,284000,-124000,-124000
047201,鴻海元富93購05  ,0,0,0,0,0,0,0,0,0,-124000,0,0,0,14000,138000,-124000,-124000
049260,華新科元大96購01,0,0,0,0,0,0,0,0,0,-124000,0,0,0,47000,171000,-124000,-124000
050049,華通群益96購01  ,0,0,0,0,0,0,0,0,0,-124000,0,0,0,98000,222000,-124000,-124000
05286P,矽力統一95售02  ,0,0,0,0,0,0,0,0,0,-124000,0,0,0,0,124000,-124000,-124000
052785,滬深2X中信99購03,0,0,0,0,0,0,0,0,0,-124000,0,0,0,0,124000,-124000,-124000
050397,力成元富94購01  ,0,0,0,0,0,0,0,0,0,-124000,0,0,0,40000,164000,-124000,-124000
1104,環泥            ,56000,179000,-123000,0,0,0,0,0,0,-1000,0,1000,-1000,0,0,0,-124000
2485,兆赫            ,163000,286000,-123000,0,0,0,0,0,0,-1000,8000,9000,-1000,1000,1000,0,-124000
054264,超眾元大97購02  ,0,0,0,0,0,0,0,0,0,-125000,0,0,0,88000,213000,-125000,-125000
054350,美律國泰98購01  ,0,0,0,0,0,0,0,0,0,-125000,0,0,0,140000,265000,-125000,-125000
053701,台積電兆豐96購05,0,0,0,0,0,0,0,0,0,-125000,0,0,0,5000,130000,-125000,-125000
053209,台積電凱基96購07,0,0,0,0,0,0,0,0,0,-125000,0,0,0,10000,135000,-125000,-125000
054690,新興永豐97購01  ,0,0,0,0,0,0,0,0,0,-125000,0,0,0,0,125000,-125000,-125000
04496P,國巨國泰96售02  ,0,0,0,0,0,0,0,0,0,-125000,0,0,0,305000,430000,-125000,-125000
044705,群創元大93購03  ,0,0,0,0,0,0,0,0,0,-125000,0,0,0,32000,157000,-125000,-125000
049793,為升元大94購04  ,0,0,0,0,0,0,0,0,0,-125000,0,0,0,0,125000,-125000,-125000
050950,健鼎群益96購01  ,0,0,0,0,0,0,0,0,0,-125000,0,0,0,13000,138000,-125000,-125000
051057,信邦群益95購01  ,0,0,0,0,0,0,0,0,0,-125000,0,0,0,7000,132000,-125000,-125000
052142,滬深2X群益99購04,0,0,0,0,0,0,0,0,0,-125000,0,0,0,20000,145000,-125000,-125000
054739,義隆凱基98購02  ,0,0,0,0,0,0,0,0,0,-126000,0,0,0,40000,166000,-126000,-126000
04427P,滬深2X元大97售02,0,0,0,0,0,0,0,0,0,-126000,0,0,0,204000,330000,-126000,-126000
00663L,國泰臺灣加權正2 ,223000,99000,124000,0,0,0,0,0,0,-250000,0,0,0,160000,410000,-250000,-126000
049825,台積電凱基94購26,0,0,0,0,0,0,0,0,0,-126000,0,0,0,150000,276000,-126000,-126000
04963P,鴻海元大94售25  ,0,0,0,0,0,0,0,0,0,-126000,0,0,0,624000,750000,-126000,-126000
048811,鴻海日盛94購01  ,0,0,0,0,0,0,0,0,0,-126000,0,0,0,20000,146000,-126000,-126000
047069,T50反1兆豐93購01,0,0,0,0,0,0,0,0,0,-126000,0,0,0,0,126000,-126000,-126000
5531,鄉林            ,108000,222000,-114000,0,0,0,0,0,0,-12000,11000,23000,-12000,0,0,0,-126000
9907,統一實          ,32000,178000,-146000,0,0,0,0,0,0,20000,20000,0,20000,0,0,0,-126000
9934,成霖            ,82000,211000,-129000,0,0,0,0,0,0,3000,3000,0,3000,0,0,0,-126000
03025P,國巨元大01售12  ,0,0,0,0,0,0,0,0,0,-127000,0,0,0,20000,147000,-127000,-127000
049240,華通元富94購01  ,0,0,0,0,0,0,0,0,0,-127000,0,0,0,52000,179000,-127000,-127000
052069,聯茂兆豐96購01  ,0,0,0,0,0,0,0,0,0,-127000,0,0,0,3000,130000,-127000,-127000
053103,瀚宇博元富96購01,0,0,0,0,0,0,0,0,0,-127000,0,0,0,15000,142000,-127000,-127000
056190,昇陽半統一97購01,0,0,0,0,0,0,0,0,0,-127000,0,0,0,0,127000,-127000,-127000
055977,南亞科統一97購01,0,0,0,0,0,0,0,0,0,-127000,0,0,0,69000,196000,-127000,-127000
055696,華新科國票98購01,0,0,0,0,0,0,0,0,0,-128000,0,0,0,0,128000,-128000,-128000
054267,上銀第一96購01  ,0,0,0,0,0,0,0,0,0,-128000,0,0,0,0,128000,-128000,-128000
046869,聯發科統一95購01,0,0,0,0,0,0,0,0,0,-128000,0,0,0,38000,166000,-128000,-128000
050188,貿聯元大96購01  ,0,0,0,0,0,0,0,0,0,-128000,0,0,0,20000,148000,-128000,-128000
053133,華邦電國票97購01,0,0,0,0,0,0,0,0,0,-128000,0,0,0,57000,185000,-128000,-128000
052103,台積電兆豐95購06,0,0,0,0,0,0,0,0,0,-128000,0,0,0,244000,372000,-128000,-128000
052213,富邦金元大95購01,0,0,0,0,0,0,0,0,0,-128000,0,0,0,132000,260000,-128000,-128000
051092,禾伸堂元大95購02,0,0,0,0,0,0,0,0,0,-128000,0,0,0,0,128000,-128000,-128000
050992,台積電元大97購01,0,0,0,0,0,0,0,0,0,-128000,0,0,0,399000,527000,-128000,-128000
051580,宏碁元大95購02  ,0,0,0,0,0,0,0,0,0,-128000,0,0,0,104000,232000,-128000,-128000
051396,健鼎兆豐95購01  ,0,0,0,0,0,0,0,0,0,-128000,0,0,0,0,128000,-128000,-128000
056281,深中小永豐97購01,0,0,0,0,0,0,0,0,0,-128000,0,0,0,120000,248000,-128000,-128000
056273,祥碩統一97購02  ,0,0,0,0,0,0,0,0,0,-128000,0,0,0,0,128000,-128000,-128000
055142,健策永豐98購01  ,0,0,0,0,0,0,0,0,0,-129000,0,0,0,5000,134000,-129000,-129000
055393,華新科統一97購03,0,0,0,0,0,0,0,0,0,-129000,0,0,0,104000,233000,-129000,-129000
055061,聯詠永豐97購01  ,0,0,0,0,0,0,0,0,0,-129000,0,0,0,0,129000,-129000,-129000
044478,友達統一93購01  ,0,0,0,0,0,0,0,0,0,-129000,0,0,0,36000,165000,-129000,-129000
049409,滬深2X凱基96購04,0,0,0,0,0,0,0,0,0,-129000,0,0,0,0,129000,-129000,-129000
051252,健鼎元大95購01  ,0,0,0,0,0,0,0,0,0,-129000,0,0,0,7000,136000,-129000,-129000
050620,和碩元大94購04  ,0,0,0,0,0,0,0,0,0,-129000,0,0,0,20000,149000,-129000,-129000
052392,台表科群益96購02,0,0,0,0,0,0,0,0,0,-129000,0,0,0,20000,149000,-129000,-129000
054664,台表科元大97購04,0,0,0,0,0,0,0,0,0,-130000,0,0,0,500000,630000,-130000,-130000
053971,聯發科元大97購09,0,0,0,0,0,0,0,0,0,-130000,0,0,0,0,130000,-130000,-130000
043605,創意元大93購01  ,0,0,0,0,0,0,0,0,0,-130000,0,0,0,0,130000,-130000,-130000
044016,義隆凱基93購01  ,0,0,0,0,0,0,0,0,0,-130000,0,0,0,35000,165000,-130000,-130000
049131,元油2X元大94購02,0,0,0,0,0,0,0,0,0,-130000,0,0,0,0,130000,-130000,-130000
049606,可成第一94購01  ,0,0,0,0,0,0,0,0,0,-130000,0,0,0,0,130000,-130000,-130000
050081,聯發科統一94購07,0,0,0,0,0,0,0,0,0,-130000,0,0,0,39000,169000,-130000,-130000
048856,高鐵群益94購01  ,0,0,0,0,0,0,0,0,0,-130000,0,0,0,0,130000,-130000,-130000
052783,台郡國票97購01  ,0,0,0,0,0,0,0,0,0,-130000,0,0,0,114000,244000,-130000,-130000
05052P,友達群益97售01  ,0,0,0,0,0,0,0,0,0,-130000,0,0,0,0,130000,-130000,-130000
051184,聯發科永豐95購03,0,0,0,0,0,0,0,0,0,-130000,0,0,0,0,130000,-130000,-130000
055764,臺股指群益97購02,0,0,0,0,0,0,0,0,0,-130000,0,0,0,207000,337000,-130000,-130000
05520P,聯詠凱基96售01  ,0,0,0,0,0,0,0,0,0,-131000,0,0,0,0,131000,-131000,-131000
04214P,美利達凱基93售04,0,0,0,0,0,0,0,0,0,-131000,0,0,0,10000,141000,-131000,-131000
03763P,聯發科元富96售01,0,0,0,0,0,0,0,0,0,-131000,0,0,0,0,131000,-131000,-131000
03643C,臺股指元富99牛04,0,0,0,0,0,0,0,0,0,-131000,0,0,0,204000,335000,-131000,-131000
055133,致新康和97購01  ,0,0,0,0,0,0,0,0,0,-132000,0,0,0,68000,200000,-132000,-132000
054032,上銀中信96購01  ,0,0,0,0,0,0,0,0,0,-132000,0,0,0,82000,214000,-132000,-132000
03050X,元展47          ,0,0,0,0,0,0,0,0,0,-132000,0,0,0,0,132000,-132000,-132000
044010,華通凱基93購01  ,0,0,0,0,0,0,0,0,0,-132000,0,0,0,10000,142000,-132000,-132000
048747,華通元富97購01  ,0,0,0,0,0,0,0,0,0,-132000,0,0,0,187000,319000,-132000,-132000
050750,上銀統一94購02  ,0,0,0,0,0,0,0,0,0,-132000,0,0,0,189000,321000,-132000,-132000
052748,群創元大9A購02  ,0,0,0,0,0,0,0,0,0,-132000,0,0,0,394000,526000,-132000,-132000
052944,宏達電國票97購01,0,0,0,0,0,0,0,0,0,-132000,0,0,0,0,132000,-132000,-132000
052439,寶成富邦97購01  ,0,0,0,0,0,0,0,0,0,-132000,0,0,0,1000,133000,-132000,-132000
5534,長虹            ,81000,222000,-141000,0,0,0,2000,3000,-1000,10000,10000,0,10000,0,0,0,-132000
2474,可成            ,3029526,3116000,-86474,0,0,0,11000,0,11000,-57000,108000,114000,-6000,104000,155000,-51000,-132474
055215,智邦凱基98購02  ,0,0,0,0,0,0,0,0,0,-133000,0,0,0,112000,245000,-133000,-133000
03179P,聯發科群益01售16,0,0,0,0,0,0,0,0,0,-133000,0,0,0,0,133000,-133000,-133000
046235,台表科元大92購03,0,0,0,0,0,0,0,0,0,-133000,0,0,0,100000,233000,-133000,-133000
052191,超眾群益96購01  ,0,0,0,0,0,0,0,0,0,-133000,0,0,0,131000,264000,-133000,-133000
053045,國巨中信97購01  ,0,0,0,0,0,0,0,0,0,-133000,0,0,0,180000,313000,-133000,-133000
052847,漢唐統一99購01  ,0,0,0,0,0,0,0,0,0,-133000,0,0,0,0,133000,-133000,-133000
051120,南亞科群益95購01,0,0,0,0,0,0,0,0,0,-133000,0,0,0,39000,172000,-133000,-133000
056104,義隆永豐97購01  ,0,0,0,0,0,0,0,0,0,-133000,0,0,0,0,133000,-133000,-133000
051650,矽力永豐95購01  ,0,0,0,0,0,0,0,0,0,-134000,0,0,0,11000,145000,-134000,-134000
1710,東聯            ,177000,323000,-146000,0,0,0,1000,0,1000,11000,11000,0,11000,0,0,0,-134000
055024,興勤國泰98購01  ,0,0,0,0,0,0,0,0,0,-135000,0,0,0,22000,157000,-135000,-135000
04607P,A50中信94售01   ,0,0,0,0,0,0,0,0,0,-135000,0,0,0,17000,152000,-135000,-135000
03417B,臺股指凱基95熊19,0,0,0,0,0,0,0,0,0,-135000,0,0,0,26000,161000,-135000,-135000
05086P,鴻海凱基95售13  ,0,0,0,0,0,0,0,0,0,-135000,0,0,0,2000,137000,-135000,-135000
050530,台表科元大95購04,0,0,0,0,0,0,0,0,0,-135000,0,0,0,19000,154000,-135000,-135000
052885,高鐵兆豐98購01  ,0,0,0,0,0,0,0,0,0,-135000,0,0,0,137000,272000,-135000,-135000
2467,志聖            ,50000,187000,-137000,0,0,0,0,0,0,2000,2000,0,2000,0,0,0,-135000
056255,華新科元富97購05,0,0,0,0,0,0,0,0,0,-135000,0,0,0,0,135000,-135000,-135000
05579P,友達凱基98售03  ,0,0,0,0,0,0,0,0,0,-135000,0,0,0,0,135000,-135000,-135000
055129,鈺齊兆豐97購01  ,0,0,0,0,0,0,0,0,0,-136000,0,0,0,106000,242000,-136000,-136000
054545,奇力新中信98購01,0,0,0,0,0,0,0,0,0,-136000,0,0,0,80000,216000,-136000,-136000
044269,群創中信95購01  ,0,0,0,0,0,0,0,0,0,-136000,0,0,0,348000,484000,-136000,-136000
055573,國巨統一97購06  ,0,0,0,0,0,0,0,0,0,-137000,0,0,0,0,137000,-137000,-137000
053585,友達元大9C購03  ,0,0,0,0,0,0,0,0,0,-137000,0,0,0,48000,185000,-137000,-137000
049974,聯發科日盛94購02,0,0,0,0,0,0,0,0,0,-137000,0,0,0,10000,147000,-137000,-137000
054447,國泰金兆豐96購01,0,0,0,0,0,0,0,0,0,-138000,0,0,0,0,138000,-138000,-138000
046409,富邦金元大92購02,0,0,0,0,0,0,0,0,0,-138000,0,0,0,62000,200000,-138000,-138000
00668,國泰美國道瓊    ,8000,0,8000,0,0,0,0,0,0,-146000,0,0,0,38000,184000,-146000,-138000
04751P,智邦兆豐95售02  ,0,0,0,0,0,0,0,0,0,-138000,0,0,0,343000,481000,-138000,-138000
052758,友達群益99購01  ,0,0,0,0,0,0,0,0,0,-138000,0,0,0,195000,333000,-138000,-138000
052694,開發金中信98購01,0,0,0,0,0,0,0,0,0,-138000,0,0,0,0,138000,-138000,-138000
06022P,緯穎永豐96售03  ,0,0,0,0,0,0,0,0,0,-138000,0,0,0,0,138000,-138000,-138000
054999,玉晶光元富97購03,0,0,0,0,0,0,0,0,0,-139000,0,0,0,30000,169000,-139000,-139000
047410,上銀元富96購01  ,0,0,0,0,0,0,0,0,0,-139000,0,0,0,0,139000,-139000,-139000
046734,華通國票93購02  ,0,0,0,0,0,0,0,0,0,-139000,0,0,0,1000,140000,-139000,-139000
047354,訊芯凱基94購01  ,0,0,0,0,0,0,0,0,0,-139000,0,0,0,53000,192000,-139000,-139000
05490P,鴻海元大95售23  ,0,0,0,0,0,0,0,0,0,-140000,0,0,0,101000,241000,-140000,-140000
054694,聯鈞永豐97購01  ,0,0,0,0,0,0,0,0,0,-140000,0,0,0,0,140000,-140000,-140000
053976,亞光元大96購02  ,0,0,0,0,0,0,0,0,0,-140000,0,0,0,84000,224000,-140000,-140000
053705,滬深2X凱基99購01,0,0,0,0,0,0,0,0,0,-140000,0,0,0,0,140000,-140000,-140000
046521,台郡元大92購06  ,0,0,0,0,0,0,0,0,0,-140000,0,0,0,60000,200000,-140000,-140000
046349,康控兆豐93購02  ,0,0,0,0,0,0,0,0,0,-140000,0,0,0,0,140000,-140000,-140000
046998,同欣電國泰94購01,0,0,0,0,0,0,0,0,0,-140000,0,0,0,10000,150000,-140000,-140000
047270,元油2X永豐94購02,0,0,0,0,0,0,0,0,0,-140000,0,0,0,0,140000,-140000,-140000
047949,燿華台新93購01  ,0,0,0,0,0,0,0,0,0,-140000,0,0,0,0,140000,-140000,-140000
052053,泰鼎凱基96購01  ,0,0,0,0,0,0,0,0,0,-140000,0,0,0,123000,263000,-140000,-140000
06422P,勤誠統一98售01  ,0,0,0,0,0,0,0,0,0,-140000,0,0,0,0,140000,-140000,-140000
05680P,聯發科元大96售12,0,0,0,0,0,0,0,0,0,-140000,0,0,0,20000,160000,-140000,-140000
054348,康控國票97購03  ,0,0,0,0,0,0,0,0,0,-141000,0,0,0,101000,242000,-141000,-141000
052124,京鼎國票95購01  ,0,0,0,0,0,0,0,0,0,-141000,0,0,0,20000,161000,-141000,-141000
052289,為升元富95購02  ,0,0,0,0,0,0,0,0,0,-141000,0,0,0,10000,151000,-141000,-141000
054425,聯發科富邦99購03,0,0,0,0,0,0,0,0,0,-142000,0,0,0,102000,244000,-142000,-142000
052057,臺股指凱基95購15,0,0,0,0,0,0,0,0,0,-142000,0,0,0,180000,322000,-142000,-142000
050714,深中小群益98購01,0,0,0,0,0,0,0,0,0,-142000,0,0,0,199000,341000,-142000,-142000
06078P,臺股指凱基9A售01,0,0,0,0,0,0,0,0,0,-142000,0,0,0,84000,226000,-142000,-142000
054371,台積電中信9C購01,0,0,0,0,0,0,0,0,0,-143000,0,0,0,86000,229000,-143000,-143000
054497,國巨永豐96購05  ,0,0,0,0,0,0,0,0,0,-143000,0,0,0,4000,147000,-143000,-143000
048426,超眾元富93購01  ,0,0,0,0,0,0,0,0,0,-143000,0,0,0,75000,218000,-143000,-143000
050856,智邦台新95購01  ,0,0,0,0,0,0,0,0,0,-143000,0,0,0,100000,243000,-143000,-143000
048506,華通群益94購03  ,0,0,0,0,0,0,0,0,0,-144000,0,0,0,0,144000,-144000,-144000
049539,元油2X群益9A購01,0,0,0,0,0,0,0,0,0,-144000,0,0,0,292000,436000,-144000,-144000
050680,上銀元富94購01  ,0,0,0,0,0,0,0,0,0,-144000,0,0,0,9000,153000,-144000,-144000
051730,為升國票96購02  ,0,0,0,0,0,0,0,0,0,-144000,0,0,0,0,144000,-144000,-144000
052937,國巨兆豐97購01  ,0,0,0,0,0,0,0,0,0,-144000,0,0,0,131000,275000,-144000,-144000
3047,訊舟            ,126000,273000,-147000,0,0,0,0,0,0,3000,4000,1000,3000,0,0,0,-144000
054768,泰碩國票99購02  ,0,0,0,0,0,0,0,0,0,-145000,0,0,0,0,145000,-145000,-145000
053784,奇力新元大97購02,0,0,0,0,0,0,0,0,0,-145000,0,0,0,155000,300000,-145000,-145000
048248,聯發科兆豐95購01,0,0,0,0,0,0,0,0,0,-145000,0,0,0,0,145000,-145000,-145000
03751P,旺宏富邦95售01  ,0,0,0,0,0,0,0,0,0,-145000,0,0,0,0,145000,-145000,-145000
051696,新日興中信96購01,0,0,0,0,0,0,0,0,0,-145000,0,0,0,80000,225000,-145000,-145000
051822,和碩元富95購01  ,0,0,0,0,0,0,0,0,0,-145000,0,0,0,0,145000,-145000,-145000
2363,矽統            ,473000,629000,-156000,0,0,0,0,0,0,11000,11000,0,11000,0,0,0,-145000
06218P,鴻海元富97售06  ,0,0,0,0,0,0,0,0,0,-145000,0,0,0,70000,215000,-145000,-145000
055896,南電統一97購02  ,0,0,0,0,0,0,0,0,0,-145000,0,0,0,0,145000,-145000,-145000
053468,鴻海元大98購01  ,0,0,0,0,0,0,0,0,0,-146000,0,0,0,16000,162000,-146000,-146000
054188,欣興永豐96購03  ,0,0,0,0,0,0,0,0,0,-146000,0,0,0,175000,321000,-146000,-146000
048010,嘉聯益富邦97購01,0,0,0,0,0,0,0,0,0,-146000,0,0,0,5000,151000,-146000,-146000
049985,華擎凱基94購01  ,0,0,0,0,0,0,0,0,0,-146000,0,0,0,61000,207000,-146000,-146000
055758,旺宏群益97購01  ,0,0,0,0,0,0,0,0,0,-146000,0,0,0,44000,190000,-146000,-146000
053953,群創台新97購01  ,0,0,0,0,0,0,0,0,0,-147000,0,0,0,20000,167000,-147000,-147000
053560,漢唐國泰98購01  ,0,0,0,0,0,0,0,0,0,-147000,0,0,0,20000,167000,-147000,-147000
04453P,聯發科富邦94售04,0,0,0,0,0,0,0,0,0,-147000,0,0,0,486000,633000,-147000,-147000
049902,大立光元富94購05,0,0,0,0,0,0,0,0,0,-147000,0,0,0,0,147000,-147000,-147000
049725,台郡國票94購03  ,0,0,0,0,0,0,0,0,0,-147000,0,0,0,20000,167000,-147000,-147000
049125,禾伸堂元富94購01,0,0,0,0,0,0,0,0,0,-147000,0,0,0,259000,406000,-147000,-147000
050983,新光金國泰97購01,0,0,0,0,0,0,0,0,0,-147000,0,0,0,0,147000,-147000,-147000
052590,祥碩永豐96購01  ,0,0,0,0,0,0,0,0,0,-147000,0,0,0,50000,197000,-147000,-147000
054179,上海銀台新97購01,0,0,0,0,0,0,0,0,0,-148000,0,0,0,60000,208000,-148000,-148000
054534,台積電富邦98購03,0,0,0,0,0,0,0,0,0,-148000,0,0,0,213000,361000,-148000,-148000
046645,技嘉國泰94購01  ,0,0,0,0,0,0,0,0,0,-148000,0,0,0,494000,642000,-148000,-148000
03899P,滬深2X群益95售03,0,0,0,0,0,0,0,0,0,-148000,0,0,0,0,148000,-148000,-148000
048740,富邦金統一94購01,0,0,0,0,0,0,0,0,0,-148000,0,0,0,0,148000,-148000,-148000
053069,同欣電群益98購01,0,0,0,0,0,0,0,0,0,-148000,0,0,0,19000,167000,-148000,-148000
050780,台表科元大96購01,0,0,0,0,0,0,0,0,0,-148000,0,0,0,0,148000,-148000,-148000
051462,世芯國泰97購01  ,0,0,0,0,0,0,0,0,0,-148000,0,0,0,7000,155000,-148000,-148000
055092,開發金群益9B購01,0,0,0,0,0,0,0,0,0,-149000,0,0,0,0,149000,-149000,-149000
055460,華擎永豐97購01  ,0,0,0,0,0,0,0,0,0,-149000,0,0,0,376000,525000,-149000,-149000
054282,泰鼎群益98購02  ,0,0,0,0,0,0,0,0,0,-149000,0,0,0,916000,1065000,-149000,-149000
053567,群創富邦97購01  ,0,0,0,0,0,0,0,0,0,-149000,0,0,0,253000,402000,-149000,-149000
053382,友達元大9C購02  ,0,0,0,0,0,0,0,0,0,-150000,0,0,0,173000,323000,-150000,-150000
053161,康友元大96購04  ,0,0,0,0,0,0,0,0,0,-150000,0,0,0,0,150000,-150000,-150000
054331,世芯永豐96購03  ,0,0,0,0,0,0,0,0,0,-150000,0,0,0,22000,172000,-150000,-150000
055590,聯發科元大98購02,0,0,0,0,0,0,0,0,0,-150000,0,0,0,31000,181000,-150000,-150000
055163,訊芯元大98購01  ,0,0,0,0,0,0,0,0,0,-150000,0,0,0,68000,218000,-150000,-150000
043391,康控元大94購01  ,0,0,0,0,0,0,0,0,0,-150000,0,0,0,50000,200000,-150000,-150000
044507,燿華凱基93購03  ,0,0,0,0,0,0,0,0,0,-150000,0,0,0,100000,250000,-150000,-150000
048380,T50反1國票94購02,0,0,0,0,0,0,0,0,0,-150000,0,0,0,0,150000,-150000,-150000
047513,嘉晶國票93購03  ,0,0,0,0,0,0,0,0,0,-150000,0,0,0,0,150000,-150000,-150000
049233,聯發科統一94購04,0,0,0,0,0,0,0,0,0,-150000,0,0,0,30000,180000,-150000,-150000
049007,玉晶光中信96購01,0,0,0,0,0,0,0,0,0,-150000,0,0,0,46000,196000,-150000,-150000
049620,美食群益94購01  ,0,0,0,0,0,0,0,0,0,-150000,0,0,0,0,150000,-150000,-150000
050321,GIS國票95購02   ,0,0,0,0,0,0,0,0,0,-150000,0,0,0,20000,170000,-150000,-150000
051115,華通麥證96購01  ,0,0,0,9000,159000,-150000,0,0,0,-150000,0,0,0,9000,159000,-150000,-150000
052360,FB上証國票96購01,0,0,0,0,0,0,0,0,0,-150000,0,0,0,0,150000,-150000,-150000
055796,南電國泰98購01  ,0,0,0,0,0,0,0,0,0,-150000,0,0,0,0,150000,-150000,-150000
055938,矽力群益97購01  ,0,0,0,0,0,0,0,0,0,-150000,0,0,0,5000,155000,-150000,-150000
053786,新日興元大96購02,0,0,0,0,0,0,0,0,0,-151000,0,0,0,2000,153000,-151000,-151000
056054,亞德客元大97購05,0,0,0,0,0,0,0,0,0,-151000,0,0,0,50000,201000,-151000,-151000
055836,華邦電元大97購04,0,0,0,0,0,0,0,0,0,-151000,0,0,0,0,151000,-151000,-151000
051598,瑞昱兆豐95購01  ,0,0,0,0,0,0,0,0,0,-152000,0,0,0,3000,155000,-152000,-152000
054137,聯詠元大97購02  ,0,0,0,0,0,0,0,0,0,-153000,0,0,0,120000,273000,-153000,-153000
054107,上銀凱基97購01  ,0,0,0,0,0,0,0,0,0,-153000,0,0,0,30000,183000,-153000,-153000
045101,玉晶光中信94購01,0,0,0,0,0,0,0,0,0,-153000,0,0,0,370000,523000,-153000,-153000
044094,南亞科統一92購01,0,0,0,0,0,0,0,0,0,-153000,0,0,0,219000,372000,-153000,-153000
04433P,上証2X國票95售01,0,0,0,0,0,0,0,0,0,-153000,0,0,0,0,153000,-153000,-153000
049593,群創元大9A購01  ,0,0,0,0,0,0,0,0,0,-153000,0,0,0,164000,317000,-153000,-153000
051829,玉晶光元大98購02,0,0,0,0,0,0,0,0,0,-153000,0,0,0,0,153000,-153000,-153000
050517,台積電元大94購27,0,0,0,0,0,0,0,0,0,-153000,0,0,0,60000,213000,-153000,-153000
055347,台積電凱基97購10,0,0,0,0,0,0,0,0,0,-154000,0,0,0,68000,222000,-154000,-154000
03314P,台積電元大02售16,0,0,0,0,0,0,0,0,0,-154000,0,0,0,240000,394000,-154000,-154000
050515,聯電元大96購01  ,0,0,0,0,0,0,0,0,0,-154000,0,0,0,100000,254000,-154000,-154000
051215,大立光統一95購03,0,0,0,0,0,0,0,0,0,-154000,0,0,0,51000,205000,-154000,-154000
053852,南亞科國泰98購01,0,0,0,0,0,0,0,0,0,-155000,0,0,0,83000,238000,-155000,-155000
054314,嘉聯益凱基97購01,0,0,0,0,0,0,0,0,0,-155000,0,0,0,5000,160000,-155000,-155000
051697,康友中信95購02  ,0,0,0,0,0,0,0,0,0,-155000,0,0,0,15000,170000,-155000,-155000
052844,台積電統一96購02,0,0,0,0,0,0,0,0,0,-155000,0,0,0,19000,174000,-155000,-155000
5522,遠雄            ,373000,528000,-155000,0,0,0,0,0,0,0,24000,24000,0,0,0,0,-155000
053860,台積電元大98購03,0,0,0,0,0,0,0,0,0,-156000,0,0,0,176000,332000,-156000,-156000
053659,智原凱基97購01  ,0,0,0,0,0,0,0,0,0,-156000,0,0,0,20000,176000,-156000,-156000
055614,華新科國票97購02,0,0,0,0,0,0,0,0,0,-156000,0,0,0,0,156000,-156000,-156000
042805,智邦統一93購01  ,0,0,0,0,0,0,0,0,0,-156000,0,0,0,174000,330000,-156000,-156000
050099,台積電永昌96購01,0,0,0,0,0,0,0,0,0,-156000,0,0,0,47000,203000,-156000,-156000
3014,聯陽            ,438000,585000,-147000,0,0,0,0,0,0,-9000,1000,10000,-9000,0,0,0,-156000
056096,超眾元富9A購01  ,0,0,0,0,0,0,0,0,0,-156000,0,0,0,0,156000,-156000,-156000
053490,為升兆豐97購01  ,0,0,0,0,0,0,0,0,0,-157000,0,0,0,15000,172000,-157000,-157000
053357,可成統一96購02  ,0,0,0,0,0,0,0,0,0,-157000,0,0,0,60000,217000,-157000,-157000
054295,世芯元大96購03  ,0,0,0,0,0,0,0,0,0,-157000,0,0,0,0,157000,-157000,-157000
048402,聯茂兆豐95購01  ,0,0,0,0,0,0,0,0,0,-157000,0,0,0,0,157000,-157000,-157000
048935,玉晶光永豐94購04,0,0,0,0,0,0,0,0,0,-157000,0,0,0,13000,170000,-157000,-157000
052830,台光電群益96購01,0,0,0,0,0,0,0,0,0,-157000,0,0,0,98000,255000,-157000,-157000
051665,台積電元大96購07,0,0,0,0,0,0,0,0,0,-157000,0,0,0,213000,370000,-157000,-157000
051744,嘉聯益國票97購01,0,0,0,0,0,0,0,0,0,-157000,0,0,0,0,157000,-157000,-157000
056025,嘉晶群益97購01  ,0,0,0,0,0,0,0,0,0,-157000,0,0,0,0,157000,-157000,-157000
054412,智邦元大96購03  ,0,0,0,0,0,0,0,0,0,-158000,0,0,0,152000,310000,-158000,-158000
050934,喬山國票96購01  ,0,0,0,0,0,0,0,0,0,-158000,0,0,0,87000,245000,-158000,-158000
051106,華通統一95購02  ,0,0,0,0,0,0,0,0,0,-158000,0,0,0,0,158000,-158000,-158000
05595P,友達統一96售02  ,0,0,0,0,0,0,0,0,0,-158000,0,0,0,0,158000,-158000,-158000
055889,鴻海統一97購05  ,0,0,0,0,0,0,0,0,0,-158000,0,0,0,0,158000,-158000,-158000
2359,所羅門          ,82000,224000,-142000,0,0,0,0,0,0,-16000,2000,18000,-16000,0,0,0,-158000
6177,達麗            ,3000,164000,-161000,0,0,0,0,0,0,3000,3000,0,3000,0,0,0,-158000
054338,全新統一96購01  ,0,0,0,0,0,0,0,0,0,-159000,0,0,0,59000,218000,-159000,-159000
053205,台光電麥證96購01,0,0,0,171000,330000,-159000,0,0,0,-159000,0,0,0,171000,330000,-159000,-159000
053760,牧德國泰98購01  ,0,0,0,0,0,0,0,0,0,-159000,0,0,0,96000,255000,-159000,-159000
055657,超眾元富97購02  ,0,0,0,0,0,0,0,0,0,-159000,0,0,0,80000,239000,-159000,-159000
055520,矽力中信97購02  ,0,0,0,0,0,0,0,0,0,-159000,0,0,0,23000,182000,-159000,-159000
054756,世紀鋼凱基99購01,0,0,0,0,0,0,0,0,0,-160000,0,0,0,0,160000,-160000,-160000
053812,台積電群益96購09,0,0,0,0,0,0,0,0,0,-160000,0,0,0,308000,468000,-160000,-160000
045906,鴻海中信94購01  ,0,0,0,0,0,0,0,0,0,-160000,0,0,0,0,160000,-160000,-160000
042712,元石油國票95購01,0,0,0,0,0,0,0,0,0,-160000,0,0,0,150000,310000,-160000,-160000
03608P,鴻海元大92售14  ,0,0,0,0,0,0,0,0,0,-160000,0,0,0,20000,180000,-160000,-160000
049824,鴻海凱基94購18  ,0,0,0,0,0,0,0,0,0,-160000,0,0,0,0,160000,-160000,-160000
051564,和碩國泰96購01  ,0,0,0,0,0,0,0,0,0,-160000,0,0,0,21000,181000,-160000,-160000
051472,台積電凱基95購09,0,0,0,0,0,0,0,0,0,-160000,0,0,0,0,160000,-160000,-160000
051440,鴻海元大95購12  ,0,0,0,0,0,0,0,0,0,-160000,0,0,0,0,160000,-160000,-160000
052816,上銀永豐96購01  ,0,0,0,0,0,0,0,0,0,-160000,0,0,0,154000,314000,-160000,-160000
4935,茂林-KY         ,399000,316000,83000,0,0,0,84000,0,84000,-327000,189000,520000,-331000,65000,61000,4000,-160000
8404,百和興業-KY     ,256000,419000,-163000,0,0,0,0,0,0,3000,3000,0,3000,0,0,0,-160000
05366P,鴻海元富95售12  ,0,0,0,0,0,0,0,0,0,-161000,0,0,0,204000,365000,-161000,-161000
053542,超眾永豐96購01  ,0,0,0,0,0,0,0,0,0,-161000,0,0,0,156000,317000,-161000,-161000
053619,和碩群益96購01  ,0,0,0,0,0,0,0,0,0,-161000,0,0,0,0,161000,-161000,-161000
053439,台積電凱基96購11,0,0,0,0,0,0,0,0,0,-161000,0,0,0,2000,163000,-161000,-161000
054342,亞光元富99購01  ,0,0,0,0,0,0,0,0,0,-161000,0,0,0,0,161000,-161000,-161000
054672,華新科國泰99購01,0,0,0,0,0,0,0,0,0,-161000,0,0,0,5000,166000,-161000,-161000
055266,京鼎永豐97購01  ,0,0,0,0,0,0,0,0,0,-161000,0,0,0,11000,172000,-161000,-161000
053130,聯發科麥證96購01,0,0,0,40000,201000,-161000,0,0,0,-161000,0,0,0,40000,201000,-161000,-161000
3189,景碩            ,1197000,1141000,56000,0,0,0,0,150000,-150000,-67000,46000,56000,-10000,30000,87000,-57000,-161000
056184,南亞科統一97購03,0,0,0,0,0,0,0,0,0,-161000,0,0,0,37000,198000,-161000,-161000
2454,聯發科          ,4956005,4876878,79127,0,0,0,31000,126000,-95000,-146000,206000,304000,-98000,190000,238000,-48000,-161873
054725,國巨日盛97購01  ,0,0,0,0,0,0,0,0,0,-162000,0,0,0,1205000,1367000,-162000,-162000
054173,奇力新台新97購02,0,0,0,0,0,0,0,0,0,-162000,0,0,0,45000,207000,-162000,-162000
053945,國巨富邦98購02  ,0,0,0,0,0,0,0,0,0,-162000,0,0,0,172000,334000,-162000,-162000
053644,台表科國票97購03,0,0,0,0,0,0,0,0,0,-162000,0,0,0,5000,167000,-162000,-162000
047245,聯發科群益94購03,0,0,0,0,0,0,0,0,0,-162000,0,0,0,70000,232000,-162000,-162000
051771,上銀中信95購01  ,0,0,0,0,0,0,0,0,0,-162000,0,0,0,114000,276000,-162000,-162000
054507,鈺齊永豐96購01  ,0,0,0,0,0,0,0,0,0,-163000,0,0,0,169000,332000,-163000,-163000
054987,凱美元富97購01  ,0,0,0,0,0,0,0,0,0,-163000,0,0,0,40000,203000,-163000,-163000
043916,群創凱基93購01  ,0,0,0,0,0,0,0,0,0,-163000,0,0,0,108000,271000,-163000,-163000
051451,世芯元大95購03  ,0,0,0,0,0,0,0,0,0,-163000,0,0,0,161000,324000,-163000,-163000
052849,可成統一97購01  ,0,0,0,0,0,0,0,0,0,-163000,0,0,0,36000,199000,-163000,-163000
05917P,宏達電元大96售02,0,0,0,0,0,0,0,0,0,-163000,0,0,0,217000,380000,-163000,-163000
052833,康控群益96購01  ,0,0,0,0,0,0,0,0,0,-164000,0,0,0,323000,487000,-164000,-164000
052977,奇力新麥證97購01,0,0,0,20000,184000,-164000,0,0,0,-164000,0,0,0,20000,184000,-164000,-164000
052483,超眾群益95購03  ,0,0,0,0,0,0,0,0,0,-164000,0,0,0,81000,245000,-164000,-164000
2357,華碩            ,685000,1060400,-375400,0,0,0,79000,0,79000,132000,12000,8000,4000,129000,1000,128000,-164400
053707,A50正2凱基99購02,0,0,0,0,0,0,0,0,0,-165000,0,0,0,279000,444000,-165000,-165000
041991,元油2X國票98購01,0,0,0,0,0,0,0,0,0,-165000,0,0,0,20000,185000,-165000,-165000
04482P,臺股指日盛94售01,0,0,0,0,0,0,0,0,0,-165000,0,0,0,20000,185000,-165000,-165000
049438,嘉晶國泰96購01  ,0,0,0,0,0,0,0,0,0,-165000,0,0,0,0,165000,-165000,-165000
6108,競國            ,87000,246000,-159000,0,0,0,0,8000,-8000,2000,2000,0,2000,0,0,0,-165000
041546,群創統一93購01  ,0,0,0,0,0,0,0,0,0,-166000,0,0,0,16000,182000,-166000,-166000
053030,南亞科第一96購01,0,0,0,0,0,0,0,0,0,-166000,0,0,0,3000,169000,-166000,-166000
053911,臺股指凱基96購31,0,0,0,0,0,0,0,0,0,-167000,0,0,0,10000,177000,-167000,-167000
054132,聯發科元大97購10,0,0,0,0,0,0,0,0,0,-167000,0,0,0,294000,461000,-167000,-167000
047002,鴻海統一93購04  ,0,0,0,0,0,0,0,0,0,-167000,0,0,0,50000,217000,-167000,-167000
050166,彩晶國泰95購01  ,0,0,0,0,0,0,0,0,0,-167000,0,0,0,0,167000,-167000,-167000
054365,遠東新中信96購01,0,0,0,0,0,0,0,0,0,-168000,0,0,0,10000,178000,-168000,-168000
051593,和碩元大95購01  ,0,0,0,0,0,0,0,0,0,-168000,0,0,0,134000,302000,-168000,-168000
05885P,牧德統一96售01  ,0,0,0,0,0,0,0,0,0,-168000,0,0,0,123000,291000,-168000,-168000
055843,美律元大97購02  ,0,0,0,0,0,0,0,0,0,-168000,0,0,0,32000,200000,-168000,-168000
055852,聯鈞元大98購01  ,0,0,0,0,0,0,0,0,0,-168000,0,0,0,100000,268000,-168000,-168000
055816,新日興國票98購01,0,0,0,0,0,0,0,0,0,-169000,0,0,0,6000,175000,-169000,-169000
055940,致新群益98購01  ,0,0,0,0,0,0,0,0,0,-169000,0,0,0,1000,170000,-169000,-169000
1464,得力            ,311000,470000,-159000,0,0,0,0,0,0,-10000,5000,0,5000,0,15000,-15000,-169000
053365,彩晶國泰98購01  ,0,0,0,0,0,0,0,0,0,-170000,0,0,0,40000,210000,-170000,-170000
05325P,臺股指凱基95售09,0,0,0,0,0,0,0,0,0,-170000,0,0,0,0,170000,-170000,-170000
055037,宏盛富邦99購01  ,0,0,0,0,0,0,0,0,0,-170000,0,0,0,0,170000,-170000,-170000
054553,宏達電凱基99購01,0,0,0,0,0,0,0,0,0,-170000,0,0,0,40000,210000,-170000,-170000
049165,元油2X凱基97購01,0,0,0,0,0,0,0,0,0,-170000,0,0,0,0,170000,-170000,-170000
051683,A50正2凱基97購01,0,0,0,0,0,0,0,0,0,-170000,0,0,0,0,170000,-170000,-170000
052888,台表科中信9A購01,0,0,0,0,0,0,0,0,0,-170000,0,0,0,40000,210000,-170000,-170000
052487,國巨國票96購07  ,0,0,0,0,0,0,0,0,0,-170000,0,0,0,10000,180000,-170000,-170000
05596P,可成統一96售01  ,0,0,0,0,0,0,0,0,0,-170000,0,0,0,9000,179000,-170000,-170000
044362,元油2X中信94購01,0,0,0,0,0,0,0,0,0,-171000,0,0,0,0,171000,-171000,-171000
052936,華通兆豐98購01  ,0,0,0,0,0,0,0,0,0,-171000,0,0,0,0,171000,-171000,-171000
056103,聯發科永豐97購03,0,0,0,0,0,0,0,0,0,-171000,0,0,0,3000,174000,-171000,-171000
1626,艾美特-KY       ,9000,181000,-172000,0,0,0,0,0,0,1000,1000,0,1000,0,0,0,-171000
054217,台表科國票97購05,0,0,0,0,0,0,0,0,0,-172000,0,0,0,4000,176000,-172000,-172000
052516,臺股指凱基95購20,0,0,0,0,0,0,0,0,0,-172000,0,0,0,0,172000,-172000,-172000
051984,台塑元大95購01  ,0,0,0,0,0,0,0,0,0,-172000,0,0,0,28000,200000,-172000,-172000
048662,京元電統一93購04,0,0,0,0,0,0,0,0,0,-173000,0,0,0,0,173000,-173000,-173000
1109,信大            ,83000,256000,-173000,0,0,0,0,0,0,0,0,0,0,0,0,0,-173000
048951,宏全永豐94購01  ,0,0,0,0,0,0,0,0,0,-174000,0,0,0,36000,210000,-174000,-174000
051714,健鼎台新95購01  ,0,0,0,0,0,0,0,0,0,-174000,0,0,0,0,174000,-174000,-174000
053938,彩晶元富96購01  ,0,0,0,0,0,0,0,0,0,-175000,0,0,0,10000,185000,-175000,-175000
053844,GIS統一96購01   ,0,0,0,0,0,0,0,0,0,-175000,0,0,0,50000,225000,-175000,-175000
055056,億光永豐97購01  ,0,0,0,0,0,0,0,0,0,-175000,0,0,0,75000,250000,-175000,-175000
046146,南亞科第一92購01,0,0,0,0,0,0,0,0,0,-175000,0,0,0,0,175000,-175000,-175000
044247,道瓊反元富97購01,0,0,0,0,0,0,0,0,0,-175000,0,0,0,5000,180000,-175000,-175000
049833,正文凱基94購05  ,0,0,0,0,0,0,0,0,0,-175000,0,0,0,0,175000,-175000,-175000
051676,康舒元大95購01  ,0,0,0,0,0,0,0,0,0,-175000,0,0,0,45000,220000,-175000,-175000
051422,超眾國票96購01  ,0,0,0,0,0,0,0,0,0,-175000,0,0,0,0,175000,-175000,-175000
050914,健鼎中信95購01  ,0,0,0,0,0,0,0,0,0,-175000,0,0,0,30000,205000,-175000,-175000
6112,聚碩            ,49000,217370,-168370,0,0,0,0,8000,-8000,1000,1000,0,1000,0,0,0,-175370
054357,可成兆豐97購02  ,0,0,0,0,0,0,0,0,0,-176000,0,0,0,0,176000,-176000,-176000
053545,上銀凱基96購03  ,0,0,0,0,0,0,0,0,0,-176000,0,0,0,12000,188000,-176000,-176000
051907,台積電元大97購05,0,0,0,0,0,0,0,0,0,-176000,0,0,0,34000,210000,-176000,-176000
6166,凌華            ,220000,387000,-167000,0,0,0,0,0,0,-9000,4000,3000,1000,5000,15000,-10000,-176000
055289,泰碩元大98購01  ,0,0,0,0,0,0,0,0,0,-177000,0,0,0,100000,277000,-177000,-177000
045449,嘉聯益國泰94購01,0,0,0,0,0,0,0,0,0,-177000,0,0,0,134000,311000,-177000,-177000
047685,嘉聯益國泰95購01,0,0,0,0,0,0,0,0,0,-177000,0,0,0,0,177000,-177000,-177000
050755,和大元富94購01  ,0,0,0,0,0,0,0,0,0,-177000,0,0,0,0,177000,-177000,-177000
054980,國巨元富97購01  ,80000,0,80000,0,0,0,0,0,0,-258000,0,0,0,69000,327000,-258000,-178000
053687,智邦元大96購02  ,0,0,0,0,0,0,0,0,0,-178000,0,0,0,165000,343000,-178000,-178000
051687,大立光凱基95購12,0,0,0,0,0,0,0,0,0,-178000,0,0,0,0,178000,-178000,-178000
052167,亞泥元大96購01  ,0,0,0,0,0,0,0,0,0,-178000,0,0,0,158000,336000,-178000,-178000
052398,瑞昱凱基95購06  ,0,0,0,0,0,0,0,0,0,-178000,0,0,0,6000,184000,-178000,-178000
052817,楠梓電永豐96購02,0,0,0,0,0,0,0,0,0,-178000,0,0,0,50000,228000,-178000,-178000
06062P,宏達電元富97售01,0,0,0,0,0,0,0,0,0,-178000,0,0,0,27000,205000,-178000,-178000
00830,國泰費城半導體  ,8000,47000,-39000,0,0,0,0,0,0,-139750,0,0,0,63000,202750,-139750,-178750
053295,奇力新中信96購01,0,0,0,0,0,0,0,0,0,-179000,0,0,0,151000,330000,-179000,-179000
046291,友達統一94購01  ,0,0,0,0,0,0,0,0,0,-179000,0,0,0,100000,279000,-179000,-179000
046292,聯發科統一92購02,0,0,0,0,0,0,0,0,0,-179000,0,0,0,20000,199000,-179000,-179000
04618P,電子類群益94售02,0,0,0,0,0,0,0,0,0,-179000,0,0,0,7000,186000,-179000,-179000
04950P,上証2X中信96售02,0,0,0,0,0,0,0,0,0,-179000,0,0,0,77000,256000,-179000,-179000
06063P,玉晶光元富97售01,0,0,0,0,0,0,0,0,0,-179000,0,0,0,128000,307000,-179000,-179000
2102,泰豐            ,185000,373000,-188000,0,0,0,0,0,0,9000,10000,1000,9000,0,0,0,-179000
049579,鴻海元大94購06  ,0,0,0,0,0,0,0,0,0,-180000,0,0,0,150000,330000,-180000,-180000
050155,華新科群益95購01,0,0,0,0,0,0,0,0,0,-180000,0,0,0,78000,258000,-180000,-180000
050137,臺指反國票96購01,0,0,0,0,0,0,0,0,0,-180000,0,0,0,0,180000,-180000,-180000
048933,晶豪科永豐94購01,0,0,0,0,0,0,0,0,0,-180000,0,0,0,0,180000,-180000,-180000
046797,T50反1元大96購01,0,0,0,0,0,0,0,0,0,-180000,0,0,0,41000,221000,-180000,-180000
047893,嘉聯益兆豐94購01,0,0,0,0,0,0,0,0,0,-180000,0,0,0,46000,226000,-180000,-180000
04785P,鴻海永豐94售03  ,0,0,0,0,0,0,0,0,0,-180000,0,0,0,70000,250000,-180000,-180000
05122P,鴻海永昌96售06  ,0,0,0,0,0,0,0,0,0,-180000,0,0,0,3000,183000,-180000,-180000
050571,美食中信95購01  ,0,0,0,0,0,0,0,0,0,-180000,0,0,0,0,180000,-180000,-180000
056102,億光永豐97購02  ,0,0,0,0,0,0,0,0,0,-180000,0,0,0,80000,260000,-180000,-180000
056279,新日興富邦99購01,0,0,0,0,0,0,0,0,0,-180000,0,0,0,130000,310000,-180000,-180000
055860,啟碁元大97購04  ,0,0,0,0,0,0,0,0,0,-180000,0,0,0,100000,280000,-180000,-180000
048607,上銀凱基93購11  ,0,0,0,0,0,0,0,0,0,-181000,0,0,0,0,181000,-181000,-181000
054082,楠梓電元富96購01,0,0,0,0,0,0,0,0,0,-182000,0,0,0,0,182000,-182000,-182000
054663,同欣電元大97購03,0,0,0,0,0,0,0,0,0,-182000,0,0,0,300000,482000,-182000,-182000
049389,元石油中信97購02,0,0,0,0,0,0,0,0,0,-182000,0,0,0,0,182000,-182000,-182000
050976,台光電統一95購01,0,0,0,0,0,0,0,0,0,-182000,0,0,0,188000,370000,-182000,-182000
053797,台積電中信98購01,0,0,0,0,0,0,0,0,0,-183000,0,0,0,70000,253000,-183000,-183000
051327,元油2X永豐95購02,0,0,0,0,0,0,0,0,0,-183000,0,0,0,20000,203000,-183000,-183000
052441,亞泥元大95購01  ,0,0,0,0,0,0,0,0,0,-183000,0,0,0,236000,419000,-183000,-183000
056099,上銀永豐97購02  ,0,0,0,0,0,0,0,0,0,-183000,0,0,0,20000,203000,-183000,-183000
05850P,台積電兆豐96售06,0,0,0,0,0,0,0,0,0,-183000,0,0,0,17000,200000,-183000,-183000
053686,台積電元大97購08,0,0,0,0,0,0,0,0,0,-184000,0,0,0,100000,284000,-184000,-184000
053650,華邦電凱基98購01,0,0,0,0,0,0,0,0,0,-184000,0,0,0,0,184000,-184000,-184000
053232,友達永豐97購02  ,0,0,0,0,0,0,0,0,0,-184000,0,0,0,67000,251000,-184000,-184000
054389,為升元富96購02  ,0,0,0,0,0,0,0,0,0,-184000,0,0,0,35000,219000,-184000,-184000
055258,玉晶光統一97購03,0,0,0,0,0,0,0,0,0,-184000,0,0,0,137000,321000,-184000,-184000
1701,中化            ,99000,289000,-190000,0,0,0,0,0,0,6000,12000,6000,6000,0,0,0,-184000
053651,台光電凱基98購01,0,0,0,0,0,0,0,0,0,-185000,0,0,0,175000,360000,-185000,-185000
047944,中石化元富96購01,0,0,0,0,0,0,0,0,0,-185000,0,0,0,80000,265000,-185000,-185000
049306,元油2X凱基96購01,0,0,0,0,0,0,0,0,0,-185000,0,0,0,0,185000,-185000,-185000
052663,奇鋐國票97購01  ,0,0,0,0,0,0,0,0,0,-185000,0,0,0,75000,260000,-185000,-185000
050766,燿華元大96購02  ,0,0,0,0,0,0,0,0,0,-185000,0,0,0,115000,300000,-185000,-185000
2609,陽明            ,30000,215000,-185000,0,0,0,0,0,0,0,0,0,0,0,0,0,-185000
053379,南亞科元大96購01,0,0,0,0,0,0,0,0,0,-186000,0,0,0,14000,200000,-186000,-186000
05540P,亞德客凱基96售01,0,0,0,0,0,0,0,0,0,-186000,0,0,0,11000,197000,-186000,-186000
048432,全新國票95購01  ,0,0,0,0,0,0,0,0,0,-186000,0,0,0,14000,200000,-186000,-186000
00645,富邦日本        ,0,0,0,0,0,0,0,0,0,-186000,0,0,0,50000,236000,-186000,-186000
049567,鴻海統一94購05  ,0,0,0,0,0,0,0,0,0,-186000,0,0,0,0,186000,-186000,-186000
05174P,元金2X富邦9B售01,0,0,0,0,0,0,0,0,0,-186000,0,0,0,0,186000,-186000,-186000
054607,台積電永豐97購03,0,0,0,0,0,0,0,0,0,-187000,0,0,0,121000,308000,-187000,-187000
053610,矽力中信98購01  ,0,0,0,0,0,0,0,0,0,-187000,0,0,0,1000,188000,-187000,-187000
054180,亞泥康和96購01  ,0,0,0,0,0,0,0,0,0,-187000,0,0,0,74000,261000,-187000,-187000
03635C,滬深2X元富99牛01,0,0,0,0,0,0,0,0,0,-187000,0,0,0,22000,209000,-187000,-187000
051710,和碩群益95購01  ,0,0,0,0,0,0,0,0,0,-187000,0,0,0,0,187000,-187000,-187000
050991,元油2X元大96購04,0,0,0,0,0,0,0,0,0,-187000,0,0,0,50000,237000,-187000,-187000
048218,上銀凱基93購07  ,0,0,0,0,0,0,0,0,0,-188000,0,0,0,0,188000,-188000,-188000
044198,友達國票92購01  ,0,0,0,0,0,0,0,0,0,-188000,0,0,0,50000,238000,-188000,-188000
052589,群創永豐97購01  ,0,0,0,0,0,0,0,0,0,-188000,0,0,0,309000,497000,-188000,-188000
052227,瑞昱凱基95購05  ,0,0,0,0,0,0,0,0,0,-188000,0,0,0,40000,228000,-188000,-188000
052223,聯電凱基96購02  ,0,0,0,0,0,0,0,0,0,-188000,0,0,0,12000,200000,-188000,-188000
042387,台積電永昌93購02,0,0,0,0,0,0,0,0,0,-189000,0,0,0,197000,386000,-189000,-189000
047469,華通中信93購01  ,0,0,0,0,0,0,0,0,0,-189000,0,0,0,0,189000,-189000,-189000
053869,嘉澤元大96購02  ,0,0,0,0,0,0,0,0,0,-190000,0,0,0,100000,290000,-190000,-190000
054506,矽格永豐96購01  ,0,0,0,0,0,0,0,0,0,-190000,0,0,0,0,190000,-190000,-190000
054905,國揚康和97購01  ,0,0,0,0,0,0,0,0,0,-190000,0,0,0,0,190000,-190000,-190000
045535,A50正2群益94購01,0,0,0,0,0,0,0,0,0,-190000,0,0,0,0,190000,-190000,-190000
049609,全新兆豐95購01  ,0,0,0,0,0,0,0,0,0,-190000,0,0,0,10000,200000,-190000,-190000
052987,華新科元大99購01,0,0,0,0,0,0,0,0,0,-190000,0,0,0,120000,310000,-190000,-190000
050559,聯發科統一94購10,0,0,0,0,0,0,0,0,0,-190000,0,0,0,86000,276000,-190000,-190000
050378,上証2X群益98購02,0,0,0,0,0,0,0,0,0,-190000,0,0,0,120000,310000,-190000,-190000
051559,宏達電國泰96購01,0,0,0,0,0,0,0,0,0,-190000,0,0,0,51000,241000,-190000,-190000
05583P,訊芯凱基96售01  ,0,0,0,0,0,0,0,0,0,-191000,0,0,0,362000,553000,-191000,-191000
046882,智易富邦97購01  ,0,0,0,0,0,0,0,0,0,-192000,0,0,0,3000,195000,-192000,-192000
051317,亞德客國票96購01,0,0,0,0,0,0,0,0,0,-192000,0,0,0,30000,222000,-192000,-192000
2023,燁輝            ,159000,363000,-204000,0,0,0,0,0,0,12000,23000,11000,12000,0,0,0,-192000
050005,京鼎永豐94購01  ,0,0,0,0,0,0,0,0,0,-193000,0,0,0,11000,204000,-193000,-193000
5243,乙盛-KY         ,185000,344000,-159000,0,0,0,0,0,0,-34000,5000,39000,-34000,0,0,0,-193000
053381,友達元大9A購02  ,0,0,0,0,0,0,0,0,0,-194000,0,0,0,132000,326000,-194000,-194000
052629,訊芯中信99購01  ,0,0,0,0,0,0,0,0,0,-194000,0,0,0,15000,209000,-194000,-194000
2385,群光            ,1491952,2010872,-518920,0,0,0,24000,0,24000,300000,22000,15000,7000,312000,19000,293000,-194920
053744,台郡國票97購03  ,0,0,0,0,0,0,0,0,0,-195000,0,0,0,62000,257000,-195000,-195000
055618,麗豐國票98購01  ,0,0,0,0,0,0,0,0,0,-195000,0,0,0,10000,205000,-195000,-195000
046629,群創統一98購01  ,0,0,0,0,0,0,0,0,0,-195000,0,0,0,63000,258000,-195000,-195000
052446,聯發科元大96購03,0,0,0,0,0,0,0,0,0,-195000,0,0,0,220000,415000,-195000,-195000
06379P,群創統一97售05  ,0,0,0,0,0,0,0,0,0,-195000,0,0,0,13000,208000,-195000,-195000
053327,彩晶台新97購01  ,0,0,0,0,0,0,0,0,0,-196000,0,0,0,38000,234000,-196000,-196000
053429,彩晶永豐96購01  ,0,0,0,0,0,0,0,0,0,-197000,0,0,0,1000,198000,-197000,-197000
053197,超眾元富96購02  ,0,0,0,0,0,0,0,0,0,-197000,0,0,0,88000,285000,-197000,-197000
2731,雄獅            ,88000,59000,29000,0,0,0,0,227000,-227000,1000,1000,0,1000,0,0,0,-197000
050353,華擎群益95購01  ,0,0,0,0,0,0,0,0,0,-198000,0,0,0,211000,409000,-198000,-198000
047741,鴻海統一93購06  ,0,0,0,0,0,0,0,0,0,-198000,0,0,0,75000,273000,-198000,-198000
047514,亞光國票94購01  ,0,0,0,0,0,0,0,0,0,-198000,0,0,0,0,198000,-198000,-198000
052350,鴻海統一96購06  ,0,0,0,0,0,0,0,0,0,-198000,0,0,0,0,198000,-198000,-198000
2107,厚生            ,100000,263000,-163000,0,0,0,0,0,0,-35000,16000,51000,-35000,0,0,0,-198000
053400,緯穎中信9A購01  ,0,0,0,0,0,0,0,0,0,-199000,0,0,0,108000,307000,-199000,-199000
03585P,欣興元大02售22  ,0,0,0,0,0,0,0,0,0,-199000,0,0,0,0,199000,-199000,-199000
04311P,奇力新統一95售01,0,0,0,0,0,0,0,0,0,-199000,0,0,0,0,199000,-199000,-199000
046149,宏達電國票93購01,0,0,0,0,0,0,0,0,0,-199000,0,0,0,30000,229000,-199000,-199000
045093,台表科元大93購02,0,0,0,0,0,0,0,0,0,-199000,0,0,0,211000,410000,-199000,-199000
05029P,鴻海元富95售04  ,0,0,0,0,0,0,0,0,0,-199000,0,0,0,13000,212000,-199000,-199000
050077,臺股指凱基99購02,0,0,0,0,0,0,0,0,0,-199000,0,0,0,12000,211000,-199000,-199000
050194,臻鼎元大94購03  ,0,0,0,0,0,0,0,0,0,-199000,0,0,0,1000,200000,-199000,-199000
052085,聯電元大95購01  ,0,0,0,0,0,0,0,0,0,-199000,0,0,0,1000,200000,-199000,-199000
052939,富邦金兆豐96購01,0,0,0,0,0,0,0,0,0,-199000,0,0,0,0,199000,-199000,-199000
053089,貿聯元大97購02  ,0,0,0,0,0,0,0,0,0,-199000,0,0,0,3000,202000,-199000,-199000
055987,台表科元富97購01,0,0,0,0,0,0,0,0,0,-199000,0,0,0,0,199000,-199000,-199000
053469,光磊元大97購01  ,0,0,0,0,0,0,0,0,0,-200000,0,0,0,0,200000,-200000,-200000
053688,燿華元大96購05  ,0,0,0,0,0,0,0,0,0,-200000,0,0,0,32000,232000,-200000,-200000
05383P,鴻海富邦95售06  ,0,0,0,0,0,0,0,0,0,-200000,0,0,0,160000,360000,-200000,-200000
053987,宏碁亞東96購01  ,0,0,0,0,0,0,0,0,0,-200000,0,0,0,0,200000,-200000,-200000
054413,台光電元大96購03,0,0,0,0,0,0,0,0,0,-200000,0,0,0,0,200000,-200000,-200000
055701,亞德客富邦99購01,0,0,0,0,0,0,0,0,0,-200000,0,0,0,65000,265000,-200000,-200000
055714,智邦元大97購03  ,0,0,0,0,0,0,0,0,0,-200000,0,0,0,464000,664000,-200000,-200000
055383,GIS元大97購02   ,0,0,0,0,0,0,0,0,0,-200000,0,0,0,102000,302000,-200000,-200000
055371,正崴元大97購02  ,0,0,0,0,0,0,0,0,0,-200000,0,0,0,100000,300000,-200000,-200000
054598,鴻海台新98購01  ,0,0,0,0,0,0,0,0,0,-200000,0,0,0,0,200000,-200000,-200000
045799,微星亞東93購01  ,0,0,0,0,0,0,0,0,0,-200000,0,0,0,0,200000,-200000,-200000
04568P,瑞昱兆豐94售02  ,0,0,0,0,0,0,0,0,0,-200000,0,0,0,0,200000,-200000,-200000
04355P,大立光永豐94售02,0,0,0,0,0,0,0,0,0,-200000,0,0,0,0,200000,-200000,-200000
042481,嘉聯益統一92購01,0,0,0,0,0,0,0,0,0,-200000,0,0,0,0,200000,-200000,-200000
045456,鴻海元大93購04  ,0,0,0,0,0,0,0,0,0,-200000,0,0,0,0,200000,-200000,-200000
041409,創意中信93購01  ,0,0,0,0,0,0,0,0,0,-200000,0,0,0,0,200000,-200000,-200000
042796,永冠元大93購01  ,0,0,0,0,0,0,0,0,0,-200000,0,0,0,998000,1198000,-200000,-200000
049889,欣興國泰96購01  ,0,0,0,0,0,0,0,0,0,-200000,0,0,0,0,200000,-200000,-200000
049897,華新科統一94購07,0,0,0,0,0,0,0,0,0,-200000,0,0,0,80000,280000,-200000,-200000
048067,台光電元富93購01,0,0,0,0,0,0,0,0,0,-200000,0,0,0,0,200000,-200000,-200000
049364,燿華元大94購02  ,0,0,0,0,0,0,0,0,0,-200000,0,0,0,0,200000,-200000,-200000
049134,為升元大95購01  ,0,0,0,0,0,0,0,0,0,-200000,0,0,0,0,200000,-200000,-200000
047856,GIS國票94購01   ,0,0,0,0,0,0,0,0,0,-200000,0,0,0,0,200000,-200000,-200000
047441,聯發科元大93購15,0,0,0,0,0,0,0,0,0,-200000,0,0,0,100000,300000,-200000,-200000
046729,智伸科元大93購01,0,0,0,0,0,0,0,0,0,-200000,0,0,0,0,200000,-200000,-200000
048893,南電元富94購01  ,0,0,0,0,0,0,0,0,0,-200000,0,0,0,0,200000,-200000,-200000
047113,聯發科元大93購12,0,0,0,0,0,0,0,0,0,-200000,0,0,0,0,200000,-200000,-200000
053043,嘉晶凱基96購01  ,0,0,0,0,0,0,0,0,0,-200000,0,0,0,0,200000,-200000,-200000
052760,盟立群益96購01  ,0,0,0,0,0,0,0,0,0,-200000,0,0,0,0,200000,-200000,-200000
052074,鴻海元富95購10  ,0,0,0,0,0,0,0,0,0,-200000,0,0,0,0,200000,-200000,-200000
051229,亞光群益95購01  ,0,0,0,0,0,0,0,0,0,-200000,0,0,0,10000,210000,-200000,-200000
050574,微星國票94購01  ,0,0,0,0,0,0,0,0,0,-200000,0,0,0,30000,230000,-200000,-200000
051098,矽格元大95購01  ,0,0,0,0,0,0,0,0,0,-200000,0,0,0,0,200000,-200000,-200000
050878,嘉聯益統一95購01,0,0,0,0,0,0,0,0,0,-200000,0,0,0,0,200000,-200000,-200000
056040,亞光凱基98購01  ,0,0,0,0,0,0,0,0,0,-200000,0,0,0,50000,250000,-200000,-200000
056075,瀚宇博元大97購03,0,0,0,0,0,0,0,0,0,-200000,0,0,0,102000,302000,-200000,-200000
056159,牧德凱基99購01  ,0,0,0,0,0,0,0,0,0,-200000,0,0,0,0,200000,-200000,-200000
056316,訊芯元大98購03  ,0,0,0,0,0,0,0,0,0,-200000,0,0,0,0,200000,-200000,-200000
05766P,A50正2凱基99售01,0,0,0,0,0,0,0,0,0,-200000,0,0,0,355000,555000,-200000,-200000
054520,健鼎元大96購02  ,0,0,0,0,0,0,0,0,0,-201000,0,0,0,5000,206000,-201000,-201000
043040,永冠元富94購01  ,0,0,0,0,0,0,0,0,0,-201000,0,0,0,670000,871000,-201000,-201000
06226P,聯發科麥證97售03,0,0,0,0,201000,-201000,0,0,0,-201000,0,0,0,0,201000,-201000,-201000
055841,南亞科元大97購04,0,0,0,0,0,0,0,0,0,-201000,0,0,0,0,201000,-201000,-201000
1215,卜蜂            ,103000,305000,-202000,0,0,0,0,0,0,1000,3000,0,3000,3000,5000,-2000,-201000
053791,同欣電元大96購05,0,0,0,0,0,0,0,0,0,-202000,0,0,0,0,202000,-202000,-202000
4942,嘉彰            ,51000,232000,-181000,0,0,0,0,0,0,-21000,1000,22000,-21000,0,0,0,-202000
055736,宏達電元富99購01,0,0,0,0,0,0,0,0,0,-202000,0,0,0,98000,300000,-202000,-202000
054794,貿聯群益98購01  ,0,0,0,0,0,0,0,0,0,-203000,0,0,0,0,203000,-203000,-203000
046319,新日興元大92購03,0,0,0,0,0,0,0,0,0,-203000,0,0,0,202000,405000,-203000,-203000
049191,元油2X永豐95購01,0,0,0,0,0,0,0,0,0,-203000,0,0,0,0,203000,-203000,-203000
049636,上証反凱基9A購01,0,0,0,0,0,0,0,0,0,-203000,0,0,0,20000,223000,-203000,-203000
055886,上銀統一97購02  ,0,0,0,0,0,0,0,0,0,-203000,0,0,0,0,203000,-203000,-203000
048670,華新科永豐93購03,0,0,0,0,0,0,0,0,0,-204000,0,0,0,136000,340000,-204000,-204000
047173,群創永豐93購01  ,0,0,0,0,0,0,0,0,0,-204000,0,0,0,222000,426000,-204000,-204000
2204,中華            ,37000,251800,-214800,0,0,0,1000,0,1000,9000,9000,0,9000,0,0,0,-204800
054415,奇力新元大96購06,0,0,0,0,0,0,0,0,0,-205000,0,0,0,5000,210000,-205000,-205000
051930,國泰金兆豐97購01,0,0,0,0,0,0,0,0,0,-205000,0,0,0,150000,355000,-205000,-205000
052326,滬深反中信99購01,0,0,0,0,0,0,0,0,0,-205000,0,0,0,73000,278000,-205000,-205000
054495,滬深2X永豐97購02,0,0,0,0,0,0,0,0,0,-206000,0,0,0,0,206000,-206000,-206000
00675L,富邦臺灣加權正2 ,146000,57000,89000,0,0,0,0,0,0,-295000,0,0,0,217000,512000,-295000,-206000
051155,聯發科國泰96購01,0,0,0,0,0,0,0,0,0,-206000,0,0,0,163000,369000,-206000,-206000
055411,國巨富邦9A購02  ,0,0,0,0,0,0,0,0,0,-207000,0,0,0,112000,319000,-207000,-207000
050812,台積電凱基95購01,0,0,0,0,0,0,0,0,0,-207000,0,0,0,13000,220000,-207000,-207000
052685,技嘉元大96購01  ,0,0,0,0,0,0,0,0,0,-207000,0,0,0,0,207000,-207000,-207000
2820,華票            ,167000,375000,-208000,0,0,0,1000,0,1000,0,0,0,0,0,0,0,-207000
06427P,鴻海元大97售13  ,0,0,0,0,0,0,0,0,0,-207000,0,0,0,684000,891000,-207000,-207000
1326,台化            ,2586134,3260000,-673866,0,0,0,86000,0,86000,380000,64000,7000,57000,323000,0,323000,-207866
053280,群創元大9C購01  ,0,0,0,0,0,0,0,0,0,-208000,0,0,0,782000,990000,-208000,-208000
00664R,國泰臺灣加權反1 ,2000,0,2000,0,0,0,0,0,0,-210000,0,0,0,3851000,4061000,-210000,-208000
3665,貿聯-KY         ,543000,765000,-222000,0,0,0,16000,0,16000,-2000,70000,45000,25000,14000,41000,-27000,-208000
054575,聯鈞元大97購01  ,0,0,0,0,0,0,0,0,0,-209000,0,0,0,11000,220000,-209000,-209000
054571,楠梓電元大99購01,0,0,0,0,0,0,0,0,0,-209000,0,0,0,76000,285000,-209000,-209000
046066,長榮航凱基94購01,0,0,0,0,0,0,0,0,0,-209000,0,0,0,10000,219000,-209000,-209000
055543,為升凱基97購01  ,0,0,0,0,0,0,0,0,0,-210000,0,0,0,0,210000,-210000,-210000
053178,南亞科統一98購01,0,0,0,0,0,0,0,0,0,-210000,0,0,0,82000,292000,-210000,-210000
054198,台積電永昌96購08,0,0,0,0,0,0,0,0,0,-210000,0,0,0,251000,461000,-210000,-210000
00715L,街口布蘭特油正2 ,0,0,0,0,0,0,0,0,0,-210000,0,0,0,11000,221000,-210000,-210000
04198P,滬深2X群益95售04,0,0,0,0,0,0,0,0,0,-210000,0,0,0,50000,260000,-210000,-210000
049988,貿聯凱基94購02  ,0,0,0,0,0,0,0,0,0,-210000,0,0,0,0,210000,-210000,-210000
050129,聯發科凱基94購11,0,0,0,0,0,0,0,0,0,-210000,0,0,0,86000,296000,-210000,-210000
047639,聯發科元大93購16,0,0,0,0,0,0,0,0,0,-211000,0,0,0,0,211000,-211000,-211000
051858,上銀凱基95購01  ,0,0,0,0,0,0,0,0,0,-211000,0,0,0,2000,213000,-211000,-211000
2480,敦陽科          ,45000,253000,-208000,0,0,0,0,4000,-4000,1000,1000,0,1000,0,0,0,-211000
053323,群創群益98購07  ,0,0,0,0,0,0,0,0,0,-212000,0,0,0,630000,842000,-212000,-212000
051473,台積電凱基95購10,0,0,0,0,0,0,0,0,0,-212000,0,0,0,50000,262000,-212000,-212000
1217,愛之味          ,16000,231000,-215000,0,0,0,0,0,0,3000,3000,0,3000,0,0,0,-212000
048021,滬深反凱基93購02,0,0,0,0,0,0,0,0,0,-213000,0,0,0,47000,260000,-213000,-213000
051405,世芯永豐95購01  ,0,0,0,0,0,0,0,0,0,-213000,0,0,0,86000,299000,-213000,-213000
052585,友達永豐97購01  ,0,0,0,0,0,0,0,0,0,-213000,0,0,0,100000,313000,-213000,-213000
03148P,聯電群益03售04  ,0,0,0,0,0,0,0,0,0,-215000,0,0,0,95000,310000,-215000,-215000
047824,臺股指凱基93購18,0,0,0,0,0,0,0,0,0,-215000,0,0,0,0,215000,-215000,-215000
052602,聯電元大97購01  ,0,0,0,0,0,0,0,0,0,-215000,0,0,0,1000,216000,-215000,-215000
050975,楠梓電統一95購01,0,0,0,0,0,0,0,0,0,-215000,0,0,0,20000,235000,-215000,-215000
2402,毅嘉            ,282000,505000,-223000,0,0,0,0,0,0,8000,8000,0,8000,0,0,0,-215000
056299,友達元大9B購04  ,0,0,0,0,0,0,0,0,0,-215000,0,0,0,100000,315000,-215000,-215000
055338,GIS兆豐97購01   ,0,0,0,0,0,0,0,0,0,-216000,0,0,0,10000,226000,-216000,-216000
050451,嘉晶元大95購01  ,0,0,0,0,0,0,0,0,0,-216000,0,0,0,20000,236000,-216000,-216000
051888,國巨元富95購05  ,0,0,0,0,0,0,0,0,0,-216000,0,0,0,352000,568000,-216000,-216000
056202,國揚永豐97購01  ,0,0,0,0,0,0,0,0,0,-216000,0,0,0,0,216000,-216000,-216000
2362,藍天            ,88000,311000,-223000,0,0,0,0,0,0,7000,10000,3000,7000,0,0,0,-216000
1527,鑽全            ,21000,240000,-219000,0,0,0,0,0,0,3000,3000,0,3000,0,0,0,-216000
9945,潤泰新          ,422000,654000,-232000,0,0,0,0,0,0,16000,20000,2000,18000,0,2000,-2000,-216000
054229,超眾元富96購05  ,0,0,0,0,0,0,0,0,0,-217000,0,0,0,70000,287000,-217000,-217000
04426P,佳世達康和94售02,0,0,0,0,0,0,0,0,0,-217000,0,0,0,0,217000,-217000,-217000
054337,智邦統一96購01  ,0,0,0,0,0,0,0,0,0,-218000,0,0,0,229000,447000,-218000,-218000
049427,瑞昱兆豐94購01  ,0,0,0,0,0,0,0,0,0,-218000,0,0,0,297000,515000,-218000,-218000
050393,樺漢統一94購01  ,0,0,0,0,0,0,0,0,0,-218000,0,0,0,49000,267000,-218000,-218000
051049,亞德客群益95購01,0,0,0,0,0,0,0,0,0,-218000,0,0,0,125000,343000,-218000,-218000
2534,宏盛            ,65000,267000,-202000,0,0,0,0,0,0,-16000,6000,35000,-29000,14000,1000,13000,-218000
056277,上銀富邦99購02  ,0,0,0,0,0,0,0,0,0,-218000,0,0,0,4000,222000,-218000,-218000
053163,上証2X群益9A購02,0,0,0,0,0,0,0,0,0,-219000,0,0,0,216000,435000,-219000,-219000
052116,T50反1國票97購01,0,0,0,0,0,0,0,0,0,-219000,0,0,0,20000,239000,-219000,-219000
052809,訊芯元大97購01  ,0,0,0,0,0,0,0,0,0,-219000,0,0,0,120000,339000,-219000,-219000
055891,鴻海統一9A購01  ,0,0,0,0,0,0,0,0,0,-219000,0,0,0,268000,487000,-219000,-219000
06102P,智邦凱基97售03  ,0,0,0,0,0,0,0,0,0,-219000,0,0,0,30000,249000,-219000,-219000
053488,中石化兆豐97購01,0,0,0,0,0,0,0,0,0,-220000,0,0,0,0,220000,-220000,-220000
054617,超眾永豐97購01  ,0,0,0,0,0,0,0,0,0,-220000,0,0,0,40000,260000,-220000,-220000
043665,和鑫元大93購01  ,0,0,0,0,0,0,0,0,0,-220000,0,0,0,0,220000,-220000,-220000
03253P,台灣50國泰03售02,0,0,0,0,0,0,0,0,0,-220000,0,0,0,70000,290000,-220000,-220000
04302P,和碩中信93售01  ,0,0,0,0,0,0,0,0,0,-220000,0,0,0,0,220000,-220000,-220000
048865,世紀鋼群益94購01,0,0,0,0,0,0,0,0,0,-220000,0,0,0,100000,320000,-220000,-220000
049522,華通兆豐94購02  ,0,0,0,0,0,0,0,0,0,-220000,0,0,0,100000,320000,-220000,-220000
049053,可成永豐94購01  ,0,0,0,0,0,0,0,0,0,-220000,0,0,0,0,220000,-220000,-220000
052077,可成元富98購02  ,0,0,0,0,0,0,0,0,0,-220000,0,0,0,30000,250000,-220000,-220000
06045P,臺股指永豐96售03,0,0,0,0,0,0,0,0,0,-220000,0,0,0,2000,222000,-220000,-220000
053734,友達中信98購02  ,0,0,0,0,0,0,0,0,0,-221000,0,0,0,291000,512000,-221000,-221000
047495,新日興元富96購01,0,0,0,0,0,0,0,0,0,-221000,0,0,0,84000,305000,-221000,-221000
2030,彰源            ,26000,249000,-223000,0,0,0,0,0,0,2000,2000,0,2000,0,0,0,-221000
053219,祥碩凱基96購01  ,0,0,0,0,0,0,0,0,0,-222000,0,0,0,63000,285000,-222000,-222000
05563P,台積電元大97售07,0,0,0,0,0,0,0,0,0,-222000,0,0,0,634000,856000,-222000,-222000
048149,泰鼎元富95購01  ,0,0,0,0,0,0,0,0,0,-222000,0,0,0,508000,730000,-222000,-222000
03645C,臺股指凱基96牛27,0,0,0,0,0,0,0,0,0,-223000,0,0,0,11000,234000,-223000,-223000
047231,大立光凱基95購03,0,0,0,0,0,0,0,0,0,-224000,0,0,0,0,224000,-224000,-224000
048700,和鑫國票95購01  ,0,0,0,0,0,0,0,0,0,-224000,0,0,0,21000,245000,-224000,-224000
3703,欣陸            ,106000,339000,-233000,0,0,0,0,0,0,9000,9000,0,9000,0,0,0,-224000
053572,彩晶統一96購01  ,0,0,0,0,0,0,0,0,0,-225000,0,0,0,514000,739000,-225000,-225000
045080,大立光元大93購06,0,0,0,0,0,0,0,0,0,-225000,0,0,0,0,225000,-225000,-225000
047286,美律統一93購02  ,0,0,0,0,0,0,0,0,0,-225000,0,0,0,0,225000,-225000,-225000
050548,華固凱基95購01  ,0,0,0,0,0,0,0,0,0,-225000,0,0,0,35000,260000,-225000,-225000
051414,新光金國票95購04,0,0,0,0,0,0,0,0,0,-225000,0,0,0,30000,255000,-225000,-225000
2308,台達電          ,2255000,2668000,-413000,0,0,0,29000,0,29000,158000,149000,53000,96000,123000,61000,62000,-226000
049062,華新科日盛94購01,0,0,0,0,0,0,0,0,0,-227000,0,0,0,114000,341000,-227000,-227000
051889,智邦元富95購02  ,0,0,0,0,0,0,0,0,0,-227000,0,0,0,60000,287000,-227000,-227000
051944,智邦統一95購02  ,0,0,0,0,0,0,0,0,0,-227000,0,0,0,475000,702000,-227000,-227000
055942,臺股指群益9C購01,0,0,0,0,0,0,0,0,0,-227000,0,0,0,1000,228000,-227000,-227000
052702,群創國票97購03  ,0,0,0,0,0,0,0,0,0,-228000,0,0,0,407000,635000,-228000,-228000
056167,力成台新97購01  ,0,0,0,0,0,0,0,0,0,-228000,0,0,0,0,228000,-228000,-228000
054336,台積電統一96購11,0,0,0,0,0,0,0,0,0,-229000,0,0,0,126000,355000,-229000,-229000
054581,訊芯元大97購02  ,0,0,0,0,0,0,0,0,0,-229000,0,0,0,80000,309000,-229000,-229000
051540,力成國票95購01  ,0,0,0,0,0,0,0,0,0,-229000,0,0,0,0,229000,-229000,-229000
056262,台積電統一98購04,0,0,0,0,0,0,0,0,0,-229000,0,0,0,100000,329000,-229000,-229000
06101P,聯發科日盛97售03,0,0,0,0,0,0,0,0,0,-229000,0,0,0,371000,600000,-229000,-229000
054056,華新科國票96購02,0,0,0,0,0,0,0,0,0,-230000,0,0,0,24000,254000,-230000,-230000
045870,元油2X元富96購02,0,0,0,0,0,0,0,0,0,-230000,0,0,0,0,230000,-230000,-230000
048550,中鴻元大96購01  ,0,0,0,0,0,0,0,0,0,-230000,0,0,0,0,230000,-230000,-230000
039550,滬深反凱基94購01,0,0,0,0,0,0,0,0,0,-230000,0,0,0,310000,540000,-230000,-230000
052941,康控兆豐97購01  ,0,0,0,0,0,0,0,0,0,-230000,0,0,0,60000,290000,-230000,-230000
05759P,智邦永豐96售02  ,0,0,0,0,0,0,0,0,0,-230000,0,0,0,21000,251000,-230000,-230000
054426,國泰金富邦97購02,0,0,0,0,0,0,0,0,0,-232000,0,0,0,42000,274000,-232000,-232000
049783,元油2X兆豐95購01,0,0,0,0,0,0,0,0,0,-232000,0,0,0,0,232000,-232000,-232000
052851,滬深2X元富96購02,0,0,0,0,0,0,0,0,0,-232000,0,0,0,178000,410000,-232000,-232000
046949,群創元大99購01  ,0,0,0,0,0,0,0,0,0,-233000,0,0,0,391000,624000,-233000,-233000
047800,大立光兆豐93購04,0,0,0,0,0,0,0,0,0,-233000,0,0,0,0,233000,-233000,-233000
3059,華晶科          ,258000,495000,-237000,0,0,0,0,0,0,4000,4000,0,4000,0,0,0,-233000
053282,彩晶元大9C購01  ,0,0,0,0,0,0,0,0,0,-234000,0,0,0,83000,317000,-234000,-234000
053409,和碩兆豐96購02  ,0,0,0,0,0,0,0,0,0,-234000,0,0,0,97000,331000,-234000,-234000
055317,金寶國票98購01  ,0,0,0,0,0,0,0,0,0,-234000,0,0,0,305000,539000,-234000,-234000
051932,康控國票96購02  ,0,0,0,0,0,0,0,0,0,-234000,0,0,0,46000,280000,-234000,-234000
056147,鴻海日盛97購05  ,0,0,0,0,0,0,0,0,0,-234000,0,0,0,1942000,2176000,-234000,-234000
056010,力成中信97購01  ,0,0,0,0,0,0,0,0,0,-234000,0,0,0,0,234000,-234000,-234000
048048,大立光永豐93購03,0,0,0,0,0,0,0,0,0,-235000,0,0,0,0,235000,-235000,-235000
048793,超眾元大95購02  ,0,0,0,0,0,0,0,0,0,-235000,0,0,0,215000,450000,-235000,-235000
049492,聯發科元大95購02,0,0,0,0,0,0,0,0,0,-235000,0,0,0,205000,440000,-235000,-235000
051003,中環中信97購01  ,0,0,0,0,0,0,0,0,0,-235000,0,0,0,30000,265000,-235000,-235000
053035,台表科兆豐97購01,0,0,0,0,0,0,0,0,0,-236000,0,0,0,0,236000,-236000,-236000
055208,京鼎康和97購02  ,0,0,0,0,0,0,0,0,0,-237000,0,0,0,0,237000,-237000,-237000
055462,華邦電日盛97購01,0,0,0,0,0,0,0,0,0,-237000,0,0,0,60000,297000,-237000,-237000
046380,神基凱基93購01  ,0,0,0,0,0,0,0,0,0,-237000,0,0,0,10000,247000,-237000,-237000
8016,矽創            ,190000,160000,30000,0,0,0,0,257000,-257000,-10000,2000,5000,-3000,7000,14000,-7000,-237000
049324,臺股指凱基94購06,0,0,0,0,0,0,0,0,0,-238000,0,0,0,6000,244000,-238000,-238000
049738,神基群益94購01  ,0,0,0,0,0,0,0,0,0,-238000,0,0,0,114000,352000,-238000,-238000
06084P,宏達電元富97售02,0,0,0,0,0,0,0,0,0,-238000,0,0,0,9000,247000,-238000,-238000
08164P,滬深2X中信95售04,0,0,0,0,0,0,0,0,0,-239000,0,0,0,0,239000,-239000,-239000
050087,美食台新94購01  ,0,0,0,0,0,0,0,0,0,-240000,0,0,0,0,240000,-240000,-240000
051494,中環兆豐95購01  ,0,0,0,0,0,0,0,0,0,-240000,0,0,0,0,240000,-240000,-240000
056222,台積電凱基9A購01,0,0,0,0,0,0,0,0,0,-240000,0,0,0,0,240000,-240000,-240000
055316,上銀國票98購01  ,0,0,0,0,0,0,0,0,0,-241000,0,0,0,0,241000,-241000,-241000
054576,健策元大98購03  ,0,0,0,0,0,0,0,0,0,-241000,0,0,0,38000,279000,-241000,-241000
046184,台光電凱基93購08,0,0,0,0,0,0,0,0,0,-241000,0,0,0,100000,341000,-241000,-241000
051343,鴻海元大95購07  ,0,0,0,0,0,0,0,0,0,-241000,0,0,0,559000,800000,-241000,-241000
051860,為升凱基95購01  ,0,0,0,0,0,0,0,0,0,-241000,0,0,0,50000,291000,-241000,-241000
052471,華固亞東95購01  ,0,0,0,0,0,0,0,0,0,-241000,0,0,0,0,241000,-241000,-241000
2536,宏普            ,27000,272000,-245000,0,0,0,0,0,0,4000,4000,0,4000,0,0,0,-241000
4967,十銓            ,419000,660000,-241000,0,0,0,0,0,0,0,11000,11000,0,0,0,0,-241000
049638,A50反1凱基94購01,0,0,0,0,0,0,0,0,0,-242000,0,0,0,141000,383000,-242000,-242000
046804,群創元大94購01  ,0,0,0,0,0,0,0,0,0,-242000,0,0,0,155000,397000,-242000,-242000
051946,健策統一98購01  ,0,0,0,0,0,0,0,0,0,-242000,0,0,0,91000,333000,-242000,-242000
055971,矽力元大97購05  ,0,0,0,0,0,0,0,0,0,-242000,0,0,0,0,242000,-242000,-242000
042317,台灣50永豐96購01,0,0,0,0,0,0,0,0,0,-243000,0,0,0,1000,244000,-243000,-243000
055989,矽力元富9A購01  ,0,0,0,0,0,0,0,0,0,-243000,0,0,0,0,243000,-243000,-243000
054458,復盛群益96購01  ,0,0,0,0,0,0,0,0,0,-244000,0,0,0,31000,275000,-244000,-244000
05288P,寶成元富95售02  ,0,0,0,0,0,0,0,0,0,-244000,0,0,0,6000,250000,-244000,-244000
03428P,台積電元大02售28,0,0,0,0,0,0,0,0,0,-245000,0,0,0,0,245000,-245000,-245000
044464,滬深2X群益95購01,0,0,0,0,0,0,0,0,0,-245000,0,0,0,205000,450000,-245000,-245000
054304,台積電凱基96購23,0,0,0,0,0,0,0,0,0,-246000,0,0,0,68000,314000,-246000,-246000
053596,嘉澤元大96購01  ,0,0,0,0,0,0,0,0,0,-247000,0,0,0,53000,300000,-247000,-247000
052228,聯發科凱基96購06,0,0,0,0,0,0,0,0,0,-247000,0,0,0,50000,297000,-247000,-247000
051551,新日興永豐95購01,0,0,0,0,0,0,0,0,0,-247000,0,0,0,38000,285000,-247000,-247000
056043,力成凱基97購01  ,0,0,0,0,0,0,0,0,0,-247000,0,0,0,1000,248000,-247000,-247000
00650L,FH香港正2       ,0,0,0,0,0,0,0,0,0,-248000,0,0,0,689000,937000,-248000,-248000
1447,力鵬            ,83000,339000,-256000,0,0,0,0,0,0,8000,8000,0,8000,0,0,0,-248000
053355,超眾兆豐97購01  ,0,0,0,0,0,0,0,0,0,-249000,0,0,0,22000,271000,-249000,-249000
048428,滬深2X國票93購05,0,0,0,0,0,0,0,0,0,-249000,0,0,0,250000,499000,-249000,-249000
053361,友達元富99購01  ,0,0,0,0,0,0,0,0,0,-250000,0,0,0,0,250000,-250000,-250000
054723,鴻海日盛97購01  ,0,0,0,0,0,0,0,0,0,-250000,0,0,0,0,250000,-250000,-250000
054884,友達統一99購01  ,0,0,0,0,0,0,0,0,0,-250000,0,0,0,337000,587000,-250000,-250000
048537,柏文國票94購01  ,0,0,0,0,0,0,0,0,0,-250000,0,0,0,0,250000,-250000,-250000
047013,超眾元富96購01  ,0,0,0,0,0,0,0,0,0,-250000,0,0,0,115000,365000,-250000,-250000
051387,新光金麥證96購01,0,0,0,0,250000,-250000,0,0,0,-250000,0,0,0,0,250000,-250000,-250000
06414P,矽力凱基97售03  ,0,0,0,0,0,0,0,0,0,-250000,0,0,0,0,250000,-250000,-250000
05793P,臺股指中信99售08,0,0,0,0,0,0,0,0,0,-250000,0,0,0,40000,290000,-250000,-250000
05532P,臺股指群益96售05,0,0,0,0,0,0,0,0,0,-251000,0,0,0,72000,323000,-251000,-251000
052042,台積電日盛95購02,0,0,0,0,0,0,0,0,0,-251000,0,0,0,231000,482000,-251000,-251000
052890,FB上証群益9B購01,0,0,0,0,0,0,0,0,0,-251000,0,0,0,13000,264000,-251000,-251000
006208,富邦台50        ,3000,3000,0,0,0,0,0,0,0,-252000,0,0,0,523000,775000,-252000,-252000
03427P,聯電元大02售11  ,0,0,0,0,0,0,0,0,0,-252000,0,0,0,82000,334000,-252000,-252000
06120P,大立光凱基98售05,0,0,0,0,0,0,0,0,0,-252000,0,0,0,3000,255000,-252000,-252000
04106P,滬深2X永豐93售02,0,0,0,0,0,0,0,0,0,-253000,0,0,0,70000,323000,-253000,-253000
04414P,牧德元富94售04  ,0,0,0,0,0,0,0,0,0,-253000,0,0,0,81000,334000,-253000,-253000
053989,奇力新兆豐97購01,0,0,0,0,0,0,0,0,0,-254000,0,0,0,38000,292000,-254000,-254000
046191,新光金凱基98購01,0,0,0,0,0,0,0,0,0,-254000,0,0,0,11000,265000,-254000,-254000
047604,智原國泰95購01  ,0,0,0,0,0,0,0,0,0,-254000,0,0,0,80000,334000,-254000,-254000
052437,聯發科富邦99購02,0,0,0,0,0,0,0,0,0,-254000,0,0,0,5000,259000,-254000,-254000
056087,世芯統一97購01  ,0,0,0,0,0,0,0,0,0,-254000,0,0,0,10000,264000,-254000,-254000
056084,漢唐統一97購03  ,0,0,0,0,0,0,0,0,0,-254000,0,0,0,0,254000,-254000,-254000
055400,緯穎統一97購01  ,0,0,0,0,0,0,0,0,0,-255000,0,0,0,118000,373000,-255000,-255000
055098,臺股指群益97購01,0,0,0,0,0,0,0,0,0,-255000,0,0,0,0,255000,-255000,-255000
046583,聯發科元大92購24,0,0,0,0,0,0,0,0,0,-255000,0,0,0,45000,300000,-255000,-255000
050988,廣達富邦95購01  ,0,0,0,0,0,0,0,0,0,-256000,0,0,0,455000,711000,-256000,-256000
054158,國巨日盛99購01  ,0,0,0,0,0,0,0,0,0,-257000,0,0,0,151000,408000,-257000,-257000
047284,華通統一93購03  ,0,0,0,0,0,0,0,0,0,-257000,0,0,0,160000,417000,-257000,-257000
056183,南亞科統一97購02,0,0,0,0,0,0,0,0,0,-257000,0,0,0,0,257000,-257000,-257000
053276,友達元大9C購01  ,0,0,0,0,0,0,0,0,0,-258000,0,0,0,125000,383000,-258000,-258000
03629C,元油2X元富98牛06,0,0,0,0,0,0,0,0,0,-258000,0,0,0,129000,387000,-258000,-258000
044717,旺宏統一94購01  ,0,0,0,0,0,0,0,0,0,-258000,0,0,0,26000,284000,-258000,-258000
050581,美食國票94購02  ,0,0,0,0,0,0,0,0,0,-259000,0,0,0,0,259000,-259000,-259000
053136,彩晶國票97購01  ,0,0,0,0,0,0,0,0,0,-259000,0,0,0,168000,427000,-259000,-259000
052755,滬深2X群益9A購01,0,0,0,0,0,0,0,0,0,-259000,0,0,0,1000,260000,-259000,-259000
2897,王道銀行        ,117000,398000,-281000,0,0,0,14000,0,14000,8000,8000,0,8000,0,0,0,-259000
055533,大立光群益97購03,0,0,0,0,0,0,0,0,0,-260000,0,0,0,0,260000,-260000,-260000
052403,麗豐凱基96購01  ,0,0,0,0,0,0,0,0,0,-260000,0,0,0,0,260000,-260000,-260000
051179,臺股指凱基95購04,0,0,0,0,0,0,0,0,0,-260000,0,0,0,50000,310000,-260000,-260000
054084,旺宏統一97購05  ,0,0,0,0,0,0,0,0,0,-262000,0,0,0,244000,506000,-262000,-262000
6271,同欣電          ,554000,932000,-378000,0,0,0,81000,0,81000,34000,104000,82000,22000,26000,14000,12000,-263000
053813,友達群益9A購03  ,0,0,0,0,0,0,0,0,0,-264000,0,0,0,216000,480000,-264000,-264000
05272P,臻鼎中信97售03  ,0,0,0,0,0,0,0,0,0,-264000,0,0,0,66000,330000,-264000,-264000
05855P,滬深2X中信9C售01,0,0,0,0,0,0,0,0,0,-264000,0,0,0,119000,383000,-264000,-264000
04940P,台積電國票95售02,0,0,0,0,0,0,0,0,0,-265000,0,0,0,20000,285000,-265000,-265000
1907,永豐餘          ,263000,494000,-231000,0,0,0,9000,0,9000,-43000,34000,77000,-43000,0,0,0,-265000
048872,玉晶光國票94購02,0,0,0,0,0,0,0,0,0,-266000,0,0,0,126000,392000,-266000,-266000
051911,大立光元大98購02,0,0,0,0,0,0,0,0,0,-266000,0,0,0,15000,281000,-266000,-266000
050913,全新中信97購01  ,0,0,0,0,0,0,0,0,0,-267000,0,0,0,118000,385000,-267000,-267000
2106,建大            ,127000,400000,-273000,0,0,0,0,0,0,6000,8000,2000,6000,0,0,0,-267000
1519,華城            ,24000,294000,-270000,0,0,0,0,0,0,3000,3000,0,3000,0,0,0,-267000
9938,百和            ,964000,631000,333000,0,0,0,0,588000,-588000,-12000,13000,15000,-2000,4000,14000,-10000,-267000
049353,茂林永豐94購03  ,0,0,0,0,0,0,0,0,0,-268000,0,0,0,84000,352000,-268000,-268000
049153,大立光元大96購02,0,0,0,0,0,0,0,0,0,-268000,0,0,0,62000,330000,-268000,-268000
052070,GIS兆豐95購03   ,0,0,0,0,0,0,0,0,0,-269000,0,0,0,40000,309000,-269000,-269000
05247P,上銀群益95售01  ,0,0,0,0,0,0,0,0,0,-269000,0,0,0,11000,280000,-269000,-269000
06075P,智邦凱基97售02  ,0,0,0,0,0,0,0,0,0,-269000,0,0,0,10000,279000,-269000,-269000
046208,滬深2X元富95購03,0,0,0,0,0,0,0,0,0,-270000,0,0,0,0,270000,-270000,-270000
049791,元油2X元大94購07,0,0,0,0,0,0,0,0,0,-270000,0,0,0,0,270000,-270000,-270000
052468,超眾統一96購02  ,0,0,0,0,0,0,0,0,0,-270000,0,0,0,48000,318000,-270000,-270000
1604,聲寶            ,77000,334000,-257000,0,0,0,0,0,0,-13000,4000,0,4000,0,17000,-17000,-270000
055518,華新科中信99購01,0,0,0,0,0,0,0,0,0,-271000,0,0,0,48000,319000,-271000,-271000
051291,聯詠統一95購01  ,0,0,0,0,0,0,0,0,0,-271000,0,0,0,84000,355000,-271000,-271000
055048,台積電永豐97購04,0,0,0,0,0,0,0,0,0,-272000,0,0,0,1000,273000,-272000,-272000
053673,超眾元富96購03  ,0,0,0,0,0,0,0,0,0,-272000,0,0,0,61000,333000,-272000,-272000
3048,益登            ,551000,763000,-212000,0,0,0,0,0,0,-60000,4000,64000,-60000,0,0,0,-272000
06114P,台積電統一97售03,0,0,0,0,0,0,0,0,0,-272000,0,0,0,28000,300000,-272000,-272000
045871,元油2X元富96購03,0,0,0,0,0,0,0,0,0,-274000,0,0,0,0,274000,-274000,-274000
051266,國巨富邦99購01  ,0,0,0,0,0,0,0,0,0,-274000,0,0,0,76000,350000,-274000,-274000
06405P,億光元富97售02  ,0,0,0,0,0,0,0,0,0,-274000,0,0,0,0,274000,-274000,-274000
056140,康控元大98購01  ,0,0,0,0,0,0,0,0,0,-274000,0,0,0,560000,834000,-274000,-274000
1714,和桐            ,1364000,1736000,-372000,0,0,0,0,0,0,98000,100000,2000,98000,0,0,0,-274000
045058,華邦電國泰94購01,0,0,0,0,0,0,0,0,0,-275000,0,0,0,0,275000,-275000,-275000
047953,台積電永豐93購04,0,0,0,0,0,0,0,0,0,-275000,0,0,0,0,275000,-275000,-275000
048968,可成元大94購02  ,0,0,0,0,0,0,0,0,0,-275000,0,0,0,91000,366000,-275000,-275000
055976,台積電統一99購03,0,0,0,0,0,0,0,0,0,-275000,0,0,0,15000,290000,-275000,-275000
053584,友達元大9B購02  ,0,0,0,0,0,0,0,0,0,-276000,0,0,0,96000,372000,-276000,-276000
052095,彩晶元大97購01  ,0,0,0,0,0,0,0,0,0,-276000,0,0,0,257000,533000,-276000,-276000
04437P,滬深2X群益98售03,0,0,0,0,0,0,0,0,0,-277000,0,0,0,127000,404000,-277000,-277000
052094,瀚宇博元大96購02,0,0,0,0,0,0,0,0,0,-277000,0,0,0,0,277000,-277000,-277000
053179,大立光統一96購04,0,0,0,0,0,0,0,0,0,-278000,0,0,0,0,278000,-278000,-278000
054981,國巨元富97購02  ,0,0,0,0,0,0,0,0,0,-278000,0,0,0,2000,280000,-278000,-278000
052539,華邦電統一95購01,0,0,0,0,0,0,0,0,0,-278000,0,0,0,49000,327000,-278000,-278000
051748,超眾國泰96購01  ,0,0,0,0,0,0,0,0,0,-278000,0,0,0,187000,465000,-278000,-278000
03651C,臺股指凱基97牛17,0,0,0,0,0,0,0,0,0,-279000,0,0,0,12000,291000,-279000,-279000
00852L,國泰美國道瓊正2 ,0,36000,-36000,0,0,0,0,0,0,-244000,0,0,0,274000,518000,-244000,-280000
048452,緯創凱基93購04  ,0,0,0,0,0,0,0,0,0,-280000,0,0,0,30000,310000,-280000,-280000
049473,光罩永豐94購03  ,0,0,0,0,0,0,0,0,0,-280000,0,0,0,20000,300000,-280000,-280000
047733,友達兆豐95購01  ,0,0,0,0,0,0,0,0,0,-280000,0,0,0,262000,542000,-280000,-280000
049860,亞德客兆豐94購01,0,0,0,0,0,0,0,0,0,-280000,0,0,0,0,280000,-280000,-280000
054892,彩晶統一99購01  ,0,0,0,0,0,0,0,0,0,-281000,0,0,0,2000,283000,-281000,-281000
050342,華通元富94購02  ,0,0,0,0,0,0,0,0,0,-281000,0,0,0,0,281000,-281000,-281000
047010,聯詠統一93購05  ,0,0,0,0,0,0,0,0,0,-281000,0,0,0,138000,419000,-281000,-281000
055452,台積電元富97購03,0,0,0,0,0,0,0,0,0,-282000,0,0,0,98000,380000,-282000,-282000
045572,元油2X元大98購01,0,0,0,0,0,0,0,0,0,-282000,0,0,0,0,282000,-282000,-282000
045662,華邦電統一94購02,0,0,0,0,0,0,0,0,0,-282000,0,0,0,277000,559000,-282000,-282000
040215,上証反凱基95購01,0,0,0,0,0,0,0,0,0,-283000,0,0,0,68000,351000,-283000,-283000
5388,中磊            ,180000,440000,-260000,0,0,0,1000,1000,0,-23000,6000,2000,4000,2000,29000,-27000,-283000
08638P,泰碩國票9C售01  ,0,0,0,0,0,0,0,0,0,-284000,0,0,0,0,284000,-284000,-284000
056397,彩晶永豐99購01  ,0,0,0,0,0,0,0,0,0,-284000,0,0,0,0,284000,-284000,-284000
054484,仁寶台新96購01  ,0,0,0,0,0,0,0,0,0,-285000,0,0,0,10000,295000,-285000,-285000
052917,大立光富邦99購02,0,0,0,0,0,0,0,0,0,-285000,0,0,0,40000,325000,-285000,-285000
048775,智伸科凱基94購01,0,0,0,0,0,0,0,0,0,-286000,0,0,0,0,286000,-286000,-286000
051989,華固元大95購02  ,0,0,0,0,0,0,0,0,0,-286000,0,0,0,300000,586000,-286000,-286000
055222,臺股指凱基97購05,0,0,0,0,0,0,0,0,0,-287000,0,0,0,0,287000,-287000,-287000
053821,群創群益98購08  ,0,0,0,0,0,0,0,0,0,-287000,0,0,0,589000,876000,-287000,-287000
047504,滬深2X國票9A購01,0,0,0,0,0,0,0,0,0,-287000,0,0,0,0,287000,-287000,-287000
048037,台表科凱基93購05,0,0,0,0,0,0,0,0,0,-287000,0,0,0,10000,297000,-287000,-287000
053666,臺股指凱基96購29,0,0,0,0,0,0,0,0,0,-288000,0,0,0,22000,310000,-288000,-288000
053805,奇鋐凱基98購02  ,0,0,0,0,0,0,0,0,0,-288000,0,0,0,0,288000,-288000,-288000
04119P,旺宏凱基93售06  ,0,0,0,0,0,0,0,0,0,-288000,0,0,0,0,288000,-288000,-288000
046968,台積電群益94購03,0,0,0,0,0,0,0,0,0,-288000,0,0,0,28000,316000,-288000,-288000
052066,華邦電兆豐96購01,0,0,0,0,0,0,0,0,0,-288000,0,0,0,50000,338000,-288000,-288000
05281P,南亞科元大95售03,0,0,0,0,0,0,0,0,0,-288000,0,0,0,102000,390000,-288000,-288000
055871,群創台新97購02  ,0,0,0,0,0,0,0,0,0,-288000,0,0,0,211000,499000,-288000,-288000
1313,聯成            ,157000,471000,-314000,0,0,0,0,0,0,25000,27000,2000,25000,0,0,0,-289000
053413,台積電國票99購01,0,0,0,0,0,0,0,0,0,-291000,0,0,0,22000,313000,-291000,-291000
055401,亞光元富9A購01  ,0,0,0,0,0,0,0,0,0,-291000,0,0,0,0,291000,-291000,-291000
055408,力成國泰98購01  ,0,0,0,0,0,0,0,0,0,-291000,0,0,0,0,291000,-291000,-291000
045517,元油2X元富98購01,0,0,0,0,0,0,0,0,0,-291000,0,0,0,0,291000,-291000,-291000
051284,上銀統一95購02  ,0,0,0,0,0,0,0,0,0,-292000,0,0,0,29000,321000,-292000,-292000
054712,上証2X中信98購02,0,0,0,0,0,0,0,0,0,-293000,0,0,0,0,293000,-293000,-293000
055660,台光電兆豐97購01,0,0,0,0,0,0,0,0,0,-294000,0,0,0,0,294000,-294000,-294000
053377,台積電元大98購01,0,0,0,0,0,0,0,0,0,-295000,0,0,0,278000,573000,-295000,-295000
054248,燿華元大97購02  ,0,0,0,0,0,0,0,0,0,-295000,0,0,0,110000,405000,-295000,-295000
050788,台郡國泰96購01  ,0,0,0,0,0,0,0,0,0,-296000,0,0,0,0,296000,-296000,-296000
04021P,寶滬深元富93售01,0,0,0,0,0,0,0,0,0,-297000,0,0,0,28000,325000,-297000,-297000
052058,臺股指凱基95購16,0,0,0,0,0,0,0,0,0,-298000,0,0,0,0,298000,-298000,-298000
1308,亞聚            ,52000,354000,-302000,0,0,0,0,0,0,4000,6000,2000,4000,0,0,0,-298000
056305,群創元大9A購03  ,0,0,0,0,0,0,0,0,0,-298000,0,0,0,681000,979000,-298000,-298000
053781,友達元大9B購03  ,0,0,0,0,0,0,0,0,0,-299000,0,0,0,108000,407000,-299000,-299000
055895,群創統一97購04  ,0,0,0,0,0,0,0,0,0,-299000,0,0,0,150000,449000,-299000,-299000
055588,瑞昱元大97購03  ,0,0,0,0,0,0,0,0,0,-300000,0,0,0,68000,368000,-300000,-300000
044513,義隆凱基93購02  ,0,0,0,0,0,0,0,0,0,-300000,0,0,0,0,300000,-300000,-300000
050162,中環國泰95購01  ,0,0,0,0,0,0,0,0,0,-300000,0,0,0,100000,400000,-300000,-300000
046845,燿華永豐93購01  ,0,0,0,0,0,0,0,0,0,-300000,0,0,0,100000,400000,-300000,-300000
052156,滬深2X永豐95購03,0,0,0,0,0,0,0,0,0,-300000,0,0,0,50000,350000,-300000,-300000
05216P,國巨永豐95售02  ,0,0,0,0,0,0,0,0,0,-300000,0,0,0,510000,810000,-300000,-300000
052485,深中小國票96購01,0,0,0,0,0,0,0,0,0,-300000,0,0,0,0,300000,-300000,-300000
051573,鴻海元大95購15  ,20000,0,20000,0,0,0,0,0,0,-320000,0,0,0,514000,834000,-320000,-300000
06335P,台積電麥證97售02,0,0,0,0,300000,-300000,0,0,0,-300000,0,0,0,0,300000,-300000,-300000
053765,智邦富邦96購01  ,0,0,0,0,0,0,0,0,0,-301000,0,0,0,80000,381000,-301000,-301000
048261,鴻海元富95購01  ,0,0,0,0,0,0,0,0,0,-301000,0,0,0,4000,305000,-301000,-301000
050142,聯發科元富9A購01,0,0,0,0,0,0,0,0,0,-301000,0,0,0,263000,564000,-301000,-301000
050806,華新科日盛95購01,0,0,0,0,0,0,0,0,0,-301000,0,0,0,387000,688000,-301000,-301000
052675,新光金國泰98購01,0,0,0,0,0,0,0,0,0,-301000,0,0,0,59000,360000,-301000,-301000
052637,欣興凱基97購01  ,0,0,0,0,0,0,0,0,0,-301000,0,0,0,0,301000,-301000,-301000
054791,泰碩群益99購02  ,0,0,0,0,0,0,0,0,0,-305000,0,0,0,0,305000,-305000,-305000
051047,深中小群益99購01,0,0,0,0,0,0,0,0,0,-305000,0,0,0,0,305000,-305000,-305000
053512,台積電群益96購06,0,0,0,0,0,0,0,0,0,-306000,0,0,0,166000,472000,-306000,-306000
053275,燿華元大97購01  ,0,0,0,0,0,0,0,0,0,-306000,0,0,0,100000,406000,-306000,-306000
051096,日月光元大95購01,0,0,0,0,0,0,0,0,0,-306000,0,0,0,0,306000,-306000,-306000
052000,鈺齊元大95購03  ,0,0,0,0,0,0,0,0,0,-306000,0,0,0,28000,334000,-306000,-306000
055193,世芯元富97購02  ,0,0,0,0,0,0,0,0,0,-307000,0,0,0,16000,323000,-307000,-307000
04513P,元石油中信94售01,0,0,0,0,0,0,0,0,0,-308000,0,0,0,2000,310000,-308000,-308000
054982,國巨元富97購03  ,0,0,0,0,0,0,0,0,0,-309000,0,0,0,56000,365000,-309000,-309000
049849,欣興群益94購04  ,0,0,0,0,0,0,0,0,0,-309000,0,0,0,0,309000,-309000,-309000
047726,友達群益94購02  ,0,0,0,0,0,0,0,0,0,-309000,0,0,0,176000,485000,-309000,-309000
048392,宏碁國票94購01  ,0,0,0,0,0,0,0,0,0,-310000,0,0,0,10000,320000,-310000,-310000
04957P,上証2X凱基96售02,0,0,0,0,0,0,0,0,0,-310000,0,0,0,43000,353000,-310000,-310000
05289P,鴻海永豐95售05  ,0,0,0,0,0,0,0,0,0,-310000,0,0,0,105000,415000,-310000,-310000
052846,智邦統一97購01  ,0,0,0,0,0,0,0,0,0,-311000,0,0,0,269000,580000,-311000,-311000
055130,京鼎康和97購01  ,0,0,0,0,0,0,0,0,0,-312000,0,0,0,0,312000,-312000,-312000
053025,燿華富邦98購02  ,0,0,0,0,0,0,0,0,0,-313000,0,0,0,109000,422000,-313000,-313000
044190,聯詠富邦93購01  ,0,0,0,0,0,0,0,0,0,-314000,0,0,0,101000,415000,-314000,-314000
052036,臺股指群益95購09,0,0,0,0,0,0,0,0,0,-314000,0,0,0,20000,334000,-314000,-314000
5519,隆大            ,55000,315000,-260000,0,0,0,0,0,0,-54000,14000,68000,-54000,0,0,0,-314000
054593,滬深2X永昌9A購01,0,0,0,0,0,0,0,0,0,-315000,0,0,0,4000,319000,-315000,-315000
055447,華新科統一97購04,0,0,0,0,0,0,0,0,0,-315000,0,0,0,124000,439000,-315000,-315000
05319P,上銀凱基95售02  ,0,0,0,0,0,0,0,0,0,-315000,0,0,0,0,315000,-315000,-315000
03580P,玉晶光永豐02售06,0,0,0,0,0,0,0,0,0,-315000,0,0,0,0,315000,-315000,-315000
049617,光罩群益94購03  ,0,0,0,0,0,0,0,0,0,-316000,0,0,0,95000,411000,-316000,-316000
047620,貿聯凱基93購01  ,0,0,0,0,0,0,0,0,0,-316000,0,0,0,0,316000,-316000,-316000
054848,群創兆豐98購01  ,0,0,0,0,0,0,0,0,0,-320000,0,0,0,138000,458000,-320000,-320000
049367,全新元大96購01  ,0,0,0,0,0,0,0,0,0,-320000,0,0,0,0,320000,-320000,-320000
055077,臺股指永豐97購02,0,0,0,0,0,0,0,0,0,-321000,0,0,0,30000,351000,-321000,-321000
044610,A50正2兆豐93購01,0,0,0,0,0,0,0,0,0,-321000,0,0,0,0,321000,-321000,-321000
052031,臺股指群益95購04,0,0,0,0,0,0,0,0,0,-321000,0,0,0,22000,343000,-321000,-321000
2345,智邦            ,2466700,2774000,-307300,0,0,0,4000,30000,-26000,12000,226000,199000,27000,137000,152000,-15000,-321300
054680,華新科康和97購02,0,0,0,0,0,0,0,0,0,-322000,0,0,0,239000,561000,-322000,-322000
055973,亞德客統一97購01,0,0,0,0,0,0,0,0,0,-322000,0,0,0,0,322000,-322000,-322000
056085,聯發科統一97購01,0,0,0,0,0,0,0,0,0,-322000,0,0,0,0,322000,-322000,-322000
055775,友達凱基9A購01  ,0,0,0,0,0,0,0,0,0,-323000,0,0,0,5000,328000,-323000,-323000
047196,上銀統一97購01  ,0,0,0,0,0,0,0,0,0,-324000,0,0,0,80000,404000,-324000,-324000
052506,日月光日盛95購01,0,0,0,0,0,0,0,0,0,-325000,0,0,0,0,325000,-325000,-325000
052669,群創群益98購06  ,0,0,0,0,0,0,0,0,0,-326000,0,0,0,658000,984000,-326000,-326000
050115,群創元大96購01  ,0,0,0,0,0,0,0,0,0,-327000,0,0,0,213000,540000,-327000,-327000
050154,可成群益94購05  ,0,0,0,0,0,0,0,0,0,-327000,0,0,0,0,327000,-327000,-327000
050484,世紀鋼國票95購02,0,0,0,0,0,0,0,0,0,-327000,0,0,0,0,327000,-327000,-327000
054590,嘉聯益國泰98購01,0,0,0,0,0,0,0,0,0,-329000,0,0,0,0,329000,-329000,-329000
048470,神基永豐93購01  ,0,0,0,0,0,0,0,0,0,-329000,0,0,0,0,329000,-329000,-329000
050416,高股息凱基96購02,0,0,0,0,0,0,0,0,0,-329000,0,0,0,12000,341000,-329000,-329000
2903,遠百            ,557000,978000,-421000,0,0,0,0,0,0,92000,93000,1000,92000,0,0,0,-329000
1305,華夏            ,65000,418000,-353000,0,0,0,0,0,0,24000,46000,0,46000,0,22000,-22000,-329000
2006,東和鋼鐵        ,177000,527000,-350000,0,0,0,6000,0,6000,15000,15000,0,15000,0,0,0,-329000
046443,超眾兆豐93購01  ,0,0,0,0,0,0,0,0,0,-330000,0,0,0,0,330000,-330000,-330000
047780,友達中信96購01  ,0,0,0,0,0,0,0,0,0,-330000,0,0,0,82000,412000,-330000,-330000
047348,台光電凱基94購02,0,0,0,0,0,0,0,0,0,-330000,0,0,0,0,330000,-330000,-330000
055224,鴻海國票99購02  ,0,0,0,0,0,0,0,0,0,-331000,0,0,0,0,331000,-331000,-331000
053543,臺股指永豐96購02,0,0,0,0,0,0,0,0,0,-331000,0,0,0,0,331000,-331000,-331000
052260,為升富邦97購02  ,0,0,0,0,0,0,0,0,0,-331000,0,0,0,0,331000,-331000,-331000
3698,隆達            ,272000,283000,-11000,0,0,0,0,0,0,-320000,15000,300000,-285000,0,35000,-35000,-331000
051277,聯發科中信9A購01,0,0,0,0,0,0,0,0,0,-332000,0,0,0,0,332000,-332000,-332000
051227,技嘉群益97購01  ,0,0,0,0,0,0,0,0,0,-334000,0,0,0,66000,400000,-334000,-334000
053668,鴻海統一97購01  ,0,0,0,0,0,0,0,0,0,-335000,0,0,0,55000,390000,-335000,-335000
045053,聯發科元富98購01,0,0,0,0,0,0,0,0,0,-335000,0,0,0,231000,566000,-335000,-335000
050383,超眾兆豐95購01  ,0,0,0,0,0,0,0,0,0,-335000,0,0,0,0,335000,-335000,-335000
049996,元油2X永豐94購05,0,0,0,0,0,0,0,0,0,-336000,0,0,0,0,336000,-336000,-336000
1304,台聚            ,148000,402000,-254000,0,0,0,9000,11000,-2000,-80000,17000,97000,-80000,0,0,0,-336000
053433,友達日盛99購06  ,0,0,0,0,0,0,0,0,0,-339000,0,0,0,149000,488000,-339000,-339000
047966,華通國泰94購01  ,0,0,0,0,0,0,0,0,0,-339000,0,0,0,189000,528000,-339000,-339000
052532,台積電國泰96購07,0,0,0,0,0,0,0,0,0,-339000,0,0,0,98000,437000,-339000,-339000
055429,華新科群益99購01,10000,0,10000,0,0,0,0,0,0,-350000,0,0,0,5000,355000,-350000,-340000
049591,開發金元大98購01,0,0,0,0,0,0,0,0,0,-340000,0,0,0,0,340000,-340000,-340000
049570,華新科統一94購04,0,0,0,0,0,0,0,0,0,-340000,0,0,0,76000,416000,-340000,-340000
052988,智易元大96購02  ,0,0,0,0,0,0,0,0,0,-340000,0,0,0,137000,477000,-340000,-340000
056182,台光電統一97購03,0,0,0,0,0,0,0,0,0,-340000,0,0,0,50000,390000,-340000,-340000
045414,康控群益94購02  ,0,0,0,0,0,0,0,0,0,-341000,0,0,0,10000,351000,-341000,-341000
1702,南僑            ,110000,261000,-151000,0,0,0,0,198000,-198000,7000,15000,10000,5000,4000,2000,2000,-342000
053818,富邦金群益98購01,0,0,0,0,0,0,0,0,0,-343000,0,0,0,0,343000,-343000,-343000
054159,T50正2凱基99購01,0,0,0,0,0,0,0,0,0,-343000,0,0,0,0,343000,-343000,-343000
044602,大立光國泰93購01,0,0,0,0,0,0,0,0,0,-344000,0,0,0,16000,360000,-344000,-344000
047886,京元電富邦95購01,0,0,0,0,0,0,0,0,0,-344000,0,0,0,16000,360000,-344000,-344000
055995,華擎國泰99購01  ,0,0,0,0,0,0,0,0,0,-344000,0,0,0,411000,755000,-344000,-344000
1319,東陽            ,126882,429000,-302118,0,0,0,2000,0,2000,-45000,20000,31000,-11000,0,34000,-34000,-345118
044816,漢唐兆豐93購02  ,0,0,0,0,0,0,0,0,0,-346000,0,0,0,0,346000,-346000,-346000
049762,華邦電國泰95購01,0,0,0,0,0,0,0,0,0,-346000,0,0,0,106000,452000,-346000,-346000
053261,國巨群益96購05  ,0,0,0,0,0,0,0,0,0,-347000,0,0,0,16000,363000,-347000,-347000
050220,台積電元富96購01,0,0,0,0,0,0,0,0,0,-347000,0,0,0,135000,482000,-347000,-347000
047882,超眾國泰94購01  ,0,0,0,0,0,0,0,0,0,-348000,0,0,0,353000,701000,-348000,-348000
052505,友達日盛9B購02  ,0,0,0,0,0,0,0,0,0,-348000,0,0,0,160000,508000,-348000,-348000
053863,聯發科元大96購18,0,0,0,0,0,0,0,0,0,-349000,0,0,0,400000,749000,-349000,-349000
08994P,台灣50群益01售11,0,0,0,0,0,0,0,0,0,-349000,0,0,0,0,349000,-349000,-349000
053859,台積電元大97購09,0,0,0,0,0,0,0,0,0,-350000,0,0,0,50000,400000,-350000,-350000
053919,可成國票97購02  ,100000,0,100000,0,0,0,0,0,0,-450000,0,0,0,405000,855000,-450000,-350000
053483,嘉澤第一96購01  ,0,0,0,0,0,0,0,0,0,-350000,0,0,0,0,350000,-350000,-350000
055306,燿華群益97購01  ,0,0,0,0,0,0,0,0,0,-350000,0,0,0,42000,392000,-350000,-350000
06360P,台積電群益97售05,0,0,0,0,0,0,0,0,0,-350000,0,0,0,0,350000,-350000,-350000
055399,超眾統一99購01  ,0,0,0,0,0,0,0,0,0,-351000,0,0,0,0,351000,-351000,-351000
053670,台積電統一96購09,0,0,0,0,0,0,0,0,0,-351000,0,0,0,0,351000,-351000,-351000
052914,奇力新元富96購01,0,0,0,0,0,0,0,0,0,-351000,0,0,0,194000,545000,-351000,-351000
044496,群創元大93購02  ,0,0,0,0,0,0,0,0,0,-352000,0,0,0,78000,430000,-352000,-352000
048260,鴻海元富93購06  ,0,0,0,0,0,0,0,0,0,-352000,0,0,0,17000,369000,-352000,-352000
056270,群創統一98購04  ,0,0,0,0,0,0,0,0,0,-353000,0,0,0,10000,363000,-353000,-353000
2352,佳世達          ,1057000,1505000,-448000,0,0,0,49000,0,49000,46000,37000,16000,21000,31000,6000,25000,-353000
00738U,元大道瓊白銀    ,208000,0,208000,0,0,0,0,0,0,-562000,0,0,0,421000,983000,-562000,-354000
05560P,友達兆豐96售01  ,0,0,0,0,0,0,0,0,0,-355000,0,0,0,0,355000,-355000,-355000
053210,華邦電凱基97購02,0,0,0,0,0,0,0,0,0,-357000,0,0,0,3000,360000,-357000,-357000
049451,富邦金統一94購03,0,0,0,0,0,0,0,0,0,-357000,0,0,0,0,357000,-357000,-357000
047460,富邦金群益95購01,0,0,0,0,0,0,0,0,0,-357000,0,0,0,3000,360000,-357000,-357000
056074,茂林元大97購04  ,0,0,0,0,0,0,0,0,0,-357000,0,0,0,151000,508000,-357000,-357000
046205,明基材凱基93購01,0,0,0,0,0,0,0,0,0,-358000,0,0,0,15000,373000,-358000,-358000
047493,旺宏元富96購01  ,0,0,0,0,0,0,0,0,0,-358000,0,0,0,163000,521000,-358000,-358000
053132,國巨國票97購02  ,0,0,0,0,0,0,0,0,0,-359000,0,0,0,14000,373000,-359000,-359000
2208,台船            ,30000,355000,-325000,0,0,0,0,0,0,-34000,6000,40000,-34000,0,0,0,-359000
056086,奇力新統一98購01,0,0,0,0,0,0,0,0,0,-360000,0,0,0,0,360000,-360000,-360000
054219,楠梓電統一97購01,0,0,0,0,0,0,0,0,0,-361000,0,0,0,51000,412000,-361000,-361000
055402,正文元富97購02  ,0,0,0,0,0,0,0,0,0,-361000,0,0,0,0,361000,-361000,-361000
6285,啟碁            ,344000,698652,-354652,0,0,0,0,1000,-1000,-6000,18000,8000,10000,17000,33000,-16000,-361652
054508,臺股指永豐96購04,0,0,0,0,0,0,0,0,0,-363000,0,0,0,55000,418000,-363000,-363000
055450,台積電元富97購01,0,0,0,0,0,0,0,0,0,-365000,0,0,0,400000,765000,-365000,-365000
049545,台積電群益94購09,0,0,0,0,0,0,0,0,0,-365000,0,0,0,240000,605000,-365000,-365000
055988,矽力元富97購01  ,0,0,0,0,0,0,0,0,0,-365000,0,0,0,30000,395000,-365000,-365000
055786,彩晶凱基99購02  ,0,0,0,0,0,0,0,0,0,-365000,0,0,0,2000,367000,-365000,-365000
055853,群創元大98購03  ,0,0,0,0,0,0,0,0,0,-366000,0,0,0,69000,435000,-366000,-366000
1718,中纖            ,335000,702000,-367000,0,0,0,0,0,0,0,0,0,0,0,0,0,-367000
054112,台積電麥證96購02,0,0,0,20000,389000,-369000,0,0,0,-369000,0,0,0,20000,389000,-369000,-369000
053095,台光電統一98購01,0,0,0,0,0,0,0,0,0,-369000,0,0,0,0,369000,-369000,-369000
051107,鴻海統一95購05  ,0,0,0,0,0,0,0,0,0,-371000,0,0,0,0,371000,-371000,-371000
042916,佐登元大94購01  ,0,0,0,0,0,0,0,0,0,-373000,0,0,0,0,373000,-373000,-373000
053887,聯茂兆豐97購02  ,0,0,0,0,0,0,0,0,0,-374000,0,0,0,454000,828000,-374000,-374000
053389,彩晶元大98購01  ,0,0,0,0,0,0,0,0,0,-375000,0,0,0,294000,669000,-375000,-375000
050117,麗豐元大96購02  ,0,0,0,0,0,0,0,0,0,-375000,0,0,0,86000,461000,-375000,-375000
052813,T50正2永豐96購01,0,0,0,0,0,0,0,0,0,-376000,0,0,0,0,376000,-376000,-376000
042679,群創元大92購02  ,0,0,0,0,0,0,0,0,0,-377000,0,0,0,1000,378000,-377000,-377000
051533,健鼎國票96購02  ,0,0,0,0,0,0,0,0,0,-377000,0,0,0,3000,380000,-377000,-377000
049730,滬深2X群益94購02,0,0,0,0,0,0,0,0,0,-378000,0,0,0,131000,509000,-378000,-378000
051288,可成統一95購03  ,0,0,0,0,0,0,0,0,0,-378000,0,0,0,130000,508000,-378000,-378000
041990,A50正2國票97購01,0,0,0,0,0,0,0,0,0,-379000,0,0,0,100000,479000,-379000,-379000
053820,大立光群益96購05,0,0,0,0,0,0,0,0,0,-380000,0,0,0,90000,470000,-380000,-380000
054546,玉晶光中信9B購01,0,0,0,0,0,0,0,0,0,-380000,0,0,0,54000,434000,-380000,-380000
044683,聯鈞凱基93購01  ,0,0,0,0,0,0,0,0,0,-382000,0,0,0,20000,402000,-382000,-382000
2615,萬海            ,397000,805000,-408000,0,0,0,15000,0,15000,10000,31000,21000,10000,0,0,0,-383000
054860,台積電群益98購01,0,0,0,0,0,0,0,0,0,-386000,0,0,0,290000,676000,-386000,-386000
049414,台積電凱基94購18,0,0,0,0,0,0,0,0,0,-389000,0,0,0,10000,399000,-389000,-389000
052796,和碩兆豐96購01  ,0,0,0,0,0,0,0,0,0,-389000,0,0,0,90000,479000,-389000,-389000
045869,滬深2X元富95購01,0,0,0,0,0,0,0,0,0,-390000,0,0,0,0,390000,-390000,-390000
6116,彩晶            ,7704000,9807000,-2103000,0,0,0,0,0,0,1713000,487000,74000,413000,1630000,330000,1300000,-390000
049069,元油2X凱基95購04,0,0,0,0,0,0,0,0,0,-392000,0,0,0,0,392000,-392000,-392000
1309,台達化          ,134000,529000,-395000,0,0,0,0,0,0,3000,3000,0,3000,0,0,0,-392000
051844,宏達電富邦96購01,0,0,0,0,0,0,0,0,0,-394000,0,0,0,249000,643000,-394000,-394000
055986,祥碩元富97購01  ,0,0,0,0,0,0,0,0,0,-395000,0,0,0,367000,762000,-395000,-395000
050101,台積電永昌96購03,0,0,0,0,0,0,0,0,0,-396000,0,0,0,122000,518000,-396000,-396000
053789,彩晶元大9C購02  ,0,0,0,0,0,0,0,0,0,-397000,0,0,0,50000,447000,-397000,-397000
052246,超眾康和95購01  ,0,0,0,0,0,0,0,0,0,-398000,0,0,0,0,398000,-398000,-398000
045600,道瓊指國票95購01,0,0,0,0,0,0,0,0,0,-399000,0,0,0,0,399000,-399000,-399000
00653L,富邦印度正2     ,15000,128000,-113000,0,0,0,0,0,0,-286000,0,0,0,6000,292000,-286000,-399000
056195,群創富邦98購01  ,0,0,0,0,0,0,0,0,0,-399000,0,0,0,213000,612000,-399000,-399000
06387P,緯穎永豐97售02  ,0,0,0,0,0,0,0,0,0,-399000,0,0,0,0,399000,-399000,-399000
055268,和大元大97購01  ,0,0,0,0,0,0,0,0,0,-400000,0,0,0,0,400000,-400000,-400000
055198,奇力新第一97購01,0,0,0,0,0,0,0,0,0,-400000,0,0,0,88000,488000,-400000,-400000
050770,全新元大94購04  ,0,0,0,0,0,0,0,0,0,-400000,0,0,0,99000,499000,-400000,-400000
055259,玉晶光統一9A購01,0,0,0,0,0,0,0,0,0,-401000,0,0,0,79000,480000,-401000,-401000
052550,鴻海國票97購02  ,0,0,0,0,0,0,0,0,0,-401000,0,0,0,0,401000,-401000,-401000
050400,臻鼎中信97購01  ,0,0,0,0,0,0,0,0,0,-402000,0,0,0,40000,442000,-402000,-402000
056192,智邦富邦98購01  ,0,0,0,0,0,0,0,0,0,-403000,0,0,0,0,403000,-403000,-403000
048284,臺股指中信95購04,0,0,0,0,0,0,0,0,0,-404000,0,0,0,170000,574000,-404000,-404000
049100,華新科國泰96購01,0,0,0,0,0,0,0,0,0,-407000,0,0,0,26000,433000,-407000,-407000
053115,滬深2X中信97購01,0,0,0,0,0,0,0,0,0,-408000,0,0,0,6000,414000,-408000,-408000
04167P,滬深反凱基99售01,0,0,0,0,0,0,0,0,0,-410000,0,0,0,0,410000,-410000,-410000
04786P,鴻海永昌96售01  ,0,0,0,0,0,0,0,0,0,-410000,0,0,0,31000,441000,-410000,-410000
051520,新光金凱基97購01,0,0,0,0,0,0,0,0,0,-410000,0,0,0,0,410000,-410000,-410000
047250,日月光群益94購01,0,0,0,0,0,0,0,0,0,-411000,0,0,0,113000,524000,-411000,-411000
054671,國巨國泰98購01  ,0,0,0,0,0,0,0,0,0,-412000,0,0,0,105000,517000,-412000,-412000
053408,友達兆豐98購01  ,0,0,0,0,0,0,0,0,0,-413000,0,0,0,296000,709000,-413000,-413000
054329,華新科永豐96購02,0,0,0,0,0,0,0,0,0,-413000,0,0,0,149000,562000,-413000,-413000
055649,華新科元富97購03,0,0,0,0,0,0,0,0,0,-414000,0,0,0,72000,486000,-414000,-414000
052653,臺股指永豐97購01,0,0,0,0,0,0,0,0,0,-414000,0,0,0,56000,470000,-414000,-414000
051947,矽力統一95購01  ,0,0,0,0,0,0,0,0,0,-416000,0,0,0,66000,482000,-416000,-416000
056146,台虹元大98購01  ,0,0,0,0,0,0,0,0,0,-416000,0,0,0,0,416000,-416000,-416000
053717,聯發科凱基96購17,0,0,0,0,0,0,0,0,0,-417000,0,0,0,25000,442000,-417000,-417000
055998,臺股指富邦99購01,0,0,0,0,0,0,0,0,0,-417000,0,0,0,75000,492000,-417000,-417000
053626,台積電兆豐96購03,0,0,0,0,0,0,0,0,0,-418000,0,0,0,220000,638000,-418000,-418000
054432,台積電台新96購05,0,0,0,0,0,0,0,0,0,-418000,0,0,0,37000,455000,-418000,-418000
052752,臺股指元大96購06,0,0,0,0,0,0,0,0,0,-420000,0,0,0,0,420000,-420000,-420000
051429,智邦元富95購01  ,0,0,0,0,0,0,0,0,0,-421000,0,0,0,148000,569000,-421000,-421000
05347P,滬深2X元富9B售02,0,0,0,0,0,0,0,0,0,-424000,0,0,0,32000,456000,-424000,-424000
049655,臺股指凱基94購16,0,0,0,0,0,0,0,0,0,-424000,0,0,0,0,424000,-424000,-424000
2601,益航            ,700000,1354000,-654000,0,0,0,0,0,0,229000,13000,6000,7000,222000,0,222000,-425000
048848,滬深2X群益98購02,0,0,0,0,0,0,0,0,0,-427000,0,0,0,60000,487000,-427000,-427000
053587,京元電元大98購01,0,0,0,0,0,0,0,0,0,-430000,0,0,0,505000,935000,-430000,-430000
03497P,金像電凱基02售06,0,0,0,0,0,0,0,0,0,-430000,0,0,0,180000,610000,-430000,-430000
052791,友達兆豐97購01  ,0,0,0,0,0,0,0,0,0,-430000,0,0,0,59000,489000,-430000,-430000
052545,康控元富95購02  ,0,0,0,0,0,0,0,0,0,-430000,0,0,0,0,430000,-430000,-430000
04681P,臺股指統一94售06,0,0,0,0,0,0,0,0,0,-432000,0,0,0,0,432000,-432000,-432000
2031,新光鋼          ,155000,690000,-535000,0,0,0,132000,0,132000,-30000,3000,33000,-30000,0,0,0,-433000
049534,華擎永豐94購02  ,0,0,0,0,0,0,0,0,0,-434000,0,0,0,151000,585000,-434000,-434000
045817,滬深2X凱基95購02,0,0,0,0,0,0,0,0,0,-435000,0,0,0,120000,555000,-435000,-435000
049152,大立光元大95購06,0,0,0,0,0,0,0,0,0,-436000,0,0,0,100000,536000,-436000,-436000
044964,旺宏中信94購01  ,0,0,0,0,0,0,0,0,0,-439000,0,0,0,357000,796000,-439000,-439000
052201,超眾統一96購01  ,0,0,0,0,0,0,0,0,0,-440000,0,0,0,54000,494000,-440000,-440000
056009,奇力新中信98購03,0,0,0,0,0,0,0,0,0,-441000,0,0,0,29000,470000,-441000,-441000
053097,超眾統一96購03  ,0,0,0,0,0,0,0,0,0,-442000,0,0,0,52000,494000,-442000,-442000
050724,國巨國票96購01  ,0,0,0,0,0,0,0,0,0,-442000,0,0,0,20000,462000,-442000,-442000
2913,農林            ,69000,544000,-475000,0,0,0,0,0,0,31000,31000,0,31000,0,0,0,-444000
052035,臺股指群益95購08,0,0,0,0,0,0,0,0,0,-446000,0,0,0,402000,848000,-446000,-446000
046480,群創元富96購01  ,0,0,0,0,0,0,0,0,0,-447000,0,0,0,145000,592000,-447000,-447000
052970,美律群益96購01  ,0,0,0,0,0,0,0,0,0,-448000,0,0,0,38000,486000,-448000,-448000
051948,滬深2X元富9B購01,0,0,0,0,0,0,0,0,0,-450000,0,0,0,1000,451000,-450000,-450000
1722,台肥            ,465000,1067000,-602000,0,0,0,1000,0,1000,151000,160000,1000,159000,9000,17000,-8000,-450000
06351P,臺股指台新99售03,0,0,0,0,0,0,0,0,0,-450000,0,0,0,100000,550000,-450000,-450000
044408,聯茂凱基93購02  ,0,0,0,0,0,0,0,0,0,-451000,0,0,0,105000,556000,-451000,-451000
054632,緯穎凱基9A購01  ,0,0,0,0,0,0,0,0,0,-452000,0,0,0,10000,462000,-452000,-452000
052385,滬深2X群益99購05,0,0,0,0,0,0,0,0,0,-453000,0,0,0,0,453000,-453000,-453000
052123,泰碩國票95購01  ,0,0,0,0,0,0,0,0,0,-454000,0,0,0,0,454000,-454000,-454000
053763,T50反1富邦98購01,0,0,0,0,0,0,0,0,0,-456000,0,0,0,0,456000,-456000,-456000
053317,友達群益9A購02  ,0,0,0,0,0,0,0,0,0,-456000,0,0,0,86000,542000,-456000,-456000
051506,台積電元富95購06,0,0,0,0,0,0,0,0,0,-459000,0,0,0,340000,799000,-459000,-459000
046298,聯發科富邦94購01,0,0,0,0,0,0,0,0,0,-460000,0,0,0,75000,535000,-460000,-460000
054601,奇鋐台新98購01  ,0,0,0,0,0,0,0,0,0,-462000,0,0,0,38000,500000,-462000,-462000
053120,復盛中信9A購01  ,0,0,0,0,0,0,0,0,0,-462000,0,0,0,116000,578000,-462000,-462000
2637,慧洋-KY         ,265000,962000,-697000,0,0,0,5000,0,5000,230000,259000,11000,248000,4000,22000,-18000,-462000
056109,彩晶永豐98購01  ,0,0,0,0,0,0,0,0,0,-464000,0,0,0,10000,474000,-464000,-464000
2515,中工            ,768000,1131000,-363000,0,0,0,0,0,0,-103000,32000,35000,-3000,0,100000,-100000,-466000
054354,技嘉富邦97購01  ,0,0,0,0,0,0,0,0,0,-468000,0,0,0,40000,508000,-468000,-468000
044457,滬深2X國票97購01,0,0,0,0,0,0,0,0,0,-468000,0,0,0,100000,568000,-468000,-468000
051674,臻鼎元大95購02  ,0,0,0,0,0,0,0,0,0,-468000,0,0,0,31000,499000,-468000,-468000
053738,群創麥證96購01  ,0,0,0,0,469000,-469000,0,0,0,-469000,0,0,0,0,469000,-469000,-469000
051133,台積電永豐95購02,0,0,0,0,0,0,0,0,0,-475000,0,0,0,5632000,6107000,-475000,-475000
054570,易華電群益98購01,0,0,0,0,0,0,0,0,0,-476000,0,0,0,53000,529000,-476000,-476000
052013,台積電永豐95購04,0,0,0,0,0,0,0,0,0,-478000,0,0,0,415000,893000,-478000,-478000
046650,台表科國泰94購01,0,0,0,0,0,0,0,0,0,-480000,0,0,0,0,480000,-480000,-480000
049355,元油2X富邦96購04,0,0,0,0,0,0,0,0,0,-480000,0,0,0,0,480000,-480000,-480000
051410,京元電國票96購01,0,0,0,0,0,0,0,0,0,-480000,0,0,0,413000,893000,-480000,-480000
044200,群創國票93購01  ,0,0,0,0,0,0,0,0,0,-483000,0,0,0,5000,488000,-483000,-483000
08703P,華碩凱基01售02  ,0,0,0,0,0,0,0,0,0,-483000,0,0,0,170000,653000,-483000,-483000
053181,滬深2X元富99購02,0,0,0,0,0,0,0,0,0,-484000,0,0,0,22000,506000,-484000,-484000
6416,瑞祺電通        ,68000,647000,-579000,0,0,0,64000,0,64000,31000,31000,0,31000,0,0,0,-484000
055525,國巨群益98購05  ,0,0,0,0,0,0,0,0,0,-485000,0,0,0,0,485000,-485000,-485000
054494,訊芯台新96購01  ,0,0,0,0,0,0,0,0,0,-490000,0,0,0,0,490000,-490000,-490000
053458,聯詠國泰97購01  ,0,0,0,0,0,0,0,0,0,-490000,0,0,0,181000,671000,-490000,-490000
051084,華通元大95購06  ,0,0,0,0,0,0,0,0,0,-492000,0,0,0,47000,539000,-492000,-492000
051370,聯詠富邦97購01  ,0,0,0,0,0,0,0,0,0,-494000,0,0,0,303000,797000,-494000,-494000
05133P,臺股指日盛95售01,0,0,0,0,0,0,0,0,0,-495000,0,0,0,0,495000,-495000,-495000
05668P,滬深2X永豐96售04,0,0,0,0,0,0,0,0,0,-497000,0,0,0,0,497000,-497000,-497000
053868,群創元大99購02  ,0,0,0,0,0,0,0,0,0,-498000,0,0,0,243000,741000,-498000,-498000
053982,臻鼎元大96購05  ,0,0,0,0,0,0,0,0,0,-498000,0,0,0,2000,500000,-498000,-498000
051799,台積電永豐96購01,0,0,0,0,0,0,0,0,0,-498000,0,0,0,15000,513000,-498000,-498000
050623,致新元大94購05  ,0,0,0,0,0,0,0,0,0,-498000,0,0,0,1000,499000,-498000,-498000
04386P,大立光日盛94售01,0,0,0,0,0,0,0,0,0,-499000,0,0,0,0,499000,-499000,-499000
050937,可成國票96購02  ,0,0,0,0,0,0,0,0,0,-499000,0,0,0,0,499000,-499000,-499000
00730,富邦臺灣優質高息,0,0,0,0,0,0,0,0,0,-503000,0,0,0,162000,665000,-503000,-503000
052658,友達元富9C購01  ,0,0,0,0,0,0,0,0,0,-503000,0,0,0,38000,541000,-503000,-503000
049635,臺股指群益94購08,0,0,0,0,0,0,0,0,0,-506000,0,0,0,0,506000,-506000,-506000
1589,永冠-KY         ,227000,756000,-529000,0,0,0,0,0,0,22000,31000,0,31000,3000,12000,-9000,-507000
055004,群創元富99購06  ,0,0,0,0,0,0,0,0,0,-508000,0,0,0,301000,809000,-508000,-508000
055438,鴻海國票98購01  ,0,0,0,0,0,0,0,0,0,-509000,0,0,0,5000,514000,-509000,-509000
055223,和大國票98購01  ,0,0,0,0,0,0,0,0,0,-509000,0,0,0,0,509000,-509000,-509000
05989P,健策元富96售01  ,0,0,0,0,0,0,0,0,0,-509000,0,0,0,101000,610000,-509000,-509000
055996,矽力國泰99購01  ,0,0,0,0,0,0,0,0,0,-515000,0,0,0,0,515000,-515000,-515000
049499,康控元大96購01  ,0,0,0,0,0,0,0,0,0,-519000,0,0,0,10000,529000,-519000,-519000
050006,華擎永豐94購03  ,0,0,0,0,0,0,0,0,0,-520000,0,0,0,76000,596000,-520000,-520000
054528,台光電統一96購02,0,0,0,0,0,0,0,0,0,-524000,0,0,0,48000,572000,-524000,-524000
053649,台積電凱基97購05,0,0,0,0,0,0,0,0,0,-525000,0,0,0,293000,818000,-525000,-525000
03412P,滬深2X群益98售01,0,0,0,0,0,0,0,0,0,-525000,0,0,0,240000,765000,-525000,-525000
050405,新光金麥證94購01,0,0,0,100000,625000,-525000,0,0,0,-525000,0,0,0,100000,625000,-525000,-525000
051943,台積電麥證95購03,0,0,0,360000,887000,-527000,0,0,0,-527000,0,0,0,360000,887000,-527000,-527000
054072,台積電富邦98購02,0,0,0,0,0,0,0,0,0,-529000,0,0,0,716000,1245000,-529000,-529000
049520,TPK國票95購01   ,0,0,0,0,0,0,0,0,0,-529000,0,0,0,0,529000,-529000,-529000
051201,台積電麥證95購02,0,0,0,300000,833000,-533000,0,0,0,-533000,0,0,0,300000,833000,-533000,-533000
055664,和大群益98購02  ,0,0,0,0,0,0,0,0,0,-535000,0,0,0,212000,747000,-535000,-535000
055446,奇力新統一9A購01,0,0,0,0,0,0,0,0,0,-537000,0,0,0,271000,808000,-537000,-537000
2355,敬鵬            ,157000,667000,-510000,0,0,0,0,0,0,-29000,19000,48000,-29000,0,0,0,-539000
050612,台積電元大95購06,0,0,0,0,0,0,0,0,0,-540000,0,0,0,321000,861000,-540000,-540000
055578,群創統一98購03  ,0,0,0,0,0,0,0,0,0,-541000,0,0,0,230000,771000,-541000,-541000
047075,群創兆豐93購01  ,0,0,0,0,0,0,0,0,0,-541000,0,0,0,0,541000,-541000,-541000
054395,華新科永豐96購03,0,0,0,0,0,0,0,0,0,-544000,0,0,0,155000,699000,-544000,-544000
050258,為升元大94購08  ,0,0,0,0,0,0,0,0,0,-545000,0,0,0,137000,682000,-545000,-545000
053390,彩晶元大9A購01  ,0,0,0,0,0,0,0,0,0,-547000,0,0,0,91000,638000,-547000,-547000
049164,滬深2X日盛94購01,0,0,0,0,0,0,0,0,0,-550000,0,0,0,0,550000,-550000,-550000
053522,臺股指群益99購01,0,0,0,0,0,0,0,0,0,-555000,0,0,0,21000,576000,-555000,-555000
053645,臺股指國票96購08,0,0,0,0,0,0,0,0,0,-559000,0,0,0,0,559000,-559000,-559000
050281,台積電日盛94購03,0,0,0,0,0,0,0,0,0,-562000,0,0,0,63000,625000,-562000,-562000
8213,志超            ,107000,648000,-541000,0,0,0,0,0,0,-22000,4000,26000,-22000,0,0,0,-563000
049736,宏達電群益95購03,0,0,0,0,0,0,0,0,0,-570000,0,0,0,0,570000,-570000,-570000
055703,緯穎富邦98購01  ,0,0,0,0,0,0,0,0,0,-574000,0,0,0,80000,654000,-574000,-574000
051466,玉晶光富邦97購01,0,0,0,0,0,0,0,0,0,-577000,0,0,0,14000,591000,-577000,-577000
048364,臺股指永豐93購04,0,0,0,0,0,0,0,0,0,-579000,0,0,0,101000,680000,-579000,-579000
051915,日月光元大96購01,0,0,0,0,0,0,0,0,0,-580000,0,0,0,24000,604000,-580000,-580000
048509,上証反凱基99購02,0,0,0,0,0,0,0,0,0,-581000,0,0,0,246000,827000,-581000,-581000
055451,台積電元富97購02,0,0,0,0,0,0,0,0,0,-582000,0,0,0,739000,1321000,-582000,-582000
055332,奇力新兆豐98購01,0,0,0,0,0,0,0,0,0,-583000,0,0,0,6000,589000,-583000,-583000
2464,盟立            ,84000,690000,-606000,0,0,0,0,0,0,23000,22000,0,22000,5000,4000,1000,-583000
052531,台積電國泰96購06,0,0,0,0,0,0,0,0,0,-586000,0,0,0,298000,884000,-586000,-586000
2354,鴻準            ,1581000,2201000,-620000,0,0,0,3000,0,3000,30000,67000,37000,30000,0,0,0,-587000
056033,T50正2凱基99購02,0,0,0,0,0,0,0,0,0,-587000,0,0,0,21000,608000,-587000,-587000
047788,欣興群益93購05  ,0,0,0,0,0,0,0,0,0,-589000,0,0,0,759000,1348000,-589000,-589000
055263,華新科富邦9A購01,0,0,0,0,0,0,0,0,0,-591000,0,0,0,195000,786000,-591000,-591000
044270,群創中信95購02  ,0,0,0,0,0,0,0,0,0,-591000,0,0,0,23000,614000,-591000,-591000
04272P,元上證凱基94售01,0,0,0,0,0,0,0,0,0,-595000,0,0,0,178000,773000,-595000,-595000
050223,聯茂元富94購02  ,0,0,0,0,0,0,0,0,0,-596000,0,0,0,4000,600000,-596000,-596000
3049,和鑫            ,1257000,1812000,-555000,0,0,0,0,0,0,-43000,6000,0,6000,39000,88000,-49000,-598000
055027,牧德國泰99購01  ,0,0,0,0,0,0,0,0,0,-599000,0,0,0,1000,600000,-599000,-599000
03240P,臺股指元大02售05,0,0,0,0,0,0,0,0,0,-599000,0,0,0,200000,799000,-599000,-599000
052815,滬深2X永豐97購01,0,0,0,0,0,0,0,0,0,-610000,0,0,0,200000,810000,-610000,-610000
049114,玉晶光統一94購02,130000,0,130000,0,0,0,0,0,0,-749000,0,0,0,184000,933000,-749000,-619000
8926,台汽電          ,341000,1024000,-683000,0,0,0,4000,0,4000,57000,57000,0,57000,0,0,0,-622000
06181P,國巨中信97售02  ,0,0,0,0,0,0,0,0,0,-624000,0,0,0,0,624000,-624000,-624000
054237,茂林群益97購01  ,0,0,0,0,0,0,0,0,0,-625000,0,0,0,51000,676000,-625000,-625000
049295,全新群益94購02  ,0,0,0,0,0,0,0,0,0,-636000,0,0,0,323000,959000,-636000,-636000
054843,中環兆豐97購01  ,0,0,0,0,0,0,0,0,0,-647000,0,0,0,129000,776000,-647000,-647000
049236,元油2X元富96購06,0,0,0,0,0,0,0,0,0,-648000,0,0,0,0,648000,-648000,-648000
054793,牧德群益9A購01  ,0,0,0,0,0,0,0,0,0,-661000,0,0,0,10000,671000,-661000,-661000
053418,旺宏永豐96購02  ,0,0,0,0,0,0,0,0,0,-664000,0,0,0,135000,799000,-664000,-664000
053452,臺股指凱基97購01,0,0,0,0,0,0,0,0,0,-665000,0,0,0,197000,862000,-665000,-665000
054073,群創富邦96購03  ,0,0,0,0,0,0,0,0,0,-671000,0,0,0,120000,791000,-671000,-671000
2481,強茂            ,457000,658000,-201000,0,0,0,0,0,0,-470000,2000,336000,-334000,8000,144000,-136000,-671000
049766,滬深2X元富94購02,0,0,0,0,0,0,0,0,0,-675000,0,0,0,78000,753000,-675000,-675000
054726,台積電日盛97購01,0,0,0,0,0,0,0,0,0,-676000,0,0,0,5000,681000,-676000,-676000
053736,友達麥證96購01  ,0,0,0,75000,752000,-677000,0,0,0,-677000,0,0,0,75000,752000,-677000,-677000
055650,華新科元富98購01,0,0,0,0,0,0,0,0,0,-678000,0,0,0,282000,960000,-678000,-678000
051142,臺股指永豐95購02,0,0,0,0,0,0,0,0,0,-680000,0,0,0,35000,715000,-680000,-680000
051843,聯發科富邦99購01,0,0,0,0,0,0,0,0,0,-687000,0,0,0,49000,736000,-687000,-687000
056171,鴻海元富97購10  ,0,0,0,0,0,0,0,0,0,-687000,0,0,0,23000,710000,-687000,-687000
8215,明基材          ,464000,1150000,-686000,0,0,0,0,0,0,-3000,5000,8000,-3000,0,0,0,-689000
045618,元油2X永豐98購01,0,0,0,0,0,0,0,0,0,-690000,0,0,0,60000,750000,-690000,-690000
048286,滬深2X兆豐94購04,0,0,0,0,0,0,0,0,0,-690000,0,0,0,132000,822000,-690000,-690000
052722,群創統一97購02  ,0,0,0,0,0,0,0,0,0,-696000,0,0,0,257000,953000,-696000,-696000
2201,裕隆            ,772000,1476000,-704000,0,0,0,0,0,0,6000,16000,0,16000,0,10000,-10000,-698000
046328,臻鼎元大92購09  ,0,0,0,0,0,0,0,0,0,-699000,0,0,0,101000,800000,-699000,-699000
052504,鴻海日盛95購03  ,0,0,0,0,0,0,0,0,0,-699000,0,0,0,0,699000,-699000,-699000
8464,億豐            ,633800,1591806,-958006,0,0,0,256000,0,256000,3000,8000,5000,3000,0,0,0,-699006
050683,智原元富94購02  ,0,0,0,0,0,0,0,0,0,-700000,0,0,0,0,700000,-700000,-700000
049226,元石油富邦95購01,0,0,0,0,0,0,0,0,0,-701000,0,0,0,0,701000,-701000,-701000
051228,聯發科群益95購03,0,0,0,0,0,0,0,0,0,-701000,0,0,0,0,701000,-701000,-701000
048131,全新國票94購02  ,0,0,0,0,0,0,0,0,0,-702000,0,0,0,300000,1002000,-702000,-702000
055398,超眾統一97購03  ,0,0,0,0,0,0,0,0,0,-703000,0,0,0,0,703000,-703000,-703000
3576,聯合再生        ,348000,911000,-563000,0,0,0,0,0,0,-144000,20000,164000,-144000,0,0,0,-707000
048685,T50反1第一94購01,0,0,0,0,0,0,0,0,0,-710000,0,0,0,0,710000,-710000,-710000
2421,建準            ,908000,1519000,-611000,0,0,0,0,0,0,-99000,4000,1000,3000,16000,118000,-102000,-710000
050799,嘉聯益中信98購01,0,0,0,0,0,0,0,0,0,-713000,0,0,0,0,713000,-713000,-713000
8210,勤誠            ,145000,916000,-771000,0,0,0,0,29000,-29000,87000,109000,0,109000,9000,31000,-22000,-713000
044303,群創兆豐92購01  ,0,0,0,0,0,0,0,0,0,-716000,0,0,0,446000,1162000,-716000,-716000
049122,元油2X元富94購07,0,0,0,0,0,0,0,0,0,-724000,0,0,0,0,724000,-724000,-724000
050984,大立光國泰97購01,0,0,0,0,0,0,0,0,0,-730000,0,0,0,174000,904000,-730000,-730000
051856,亞德客凱基95購01,0,0,0,0,0,0,0,0,0,-730000,0,0,0,0,730000,-730000,-730000
048527,鴻海國票94購02  ,0,0,0,0,0,0,0,0,0,-732000,0,0,0,200000,932000,-732000,-732000
03413B,臺股指凱基94熊19,300000,300000,0,0,0,0,0,0,0,-732000,0,0,0,903000,1635000,-732000,-732000
051156,鴻海富邦97購01  ,0,0,0,0,0,0,0,0,0,-733000,0,0,0,40000,773000,-733000,-733000
055449,超眾統一9A購01  ,0,0,0,0,0,0,0,0,0,-734000,0,0,0,0,734000,-734000,-734000
054114,新光金台新97購01,0,0,0,0,0,0,0,0,0,-735000,0,0,0,0,735000,-735000,-735000
051188,鴻海兆豐95購01  ,0,0,0,0,0,0,0,0,0,-735000,0,0,0,0,735000,-735000,-735000
044974,鴻海國票94購01  ,0,0,0,0,0,0,0,0,0,-736000,0,0,0,0,736000,-736000,-736000
055426,旺宏群益99購02  ,0,0,0,0,0,0,0,0,0,-740000,0,0,0,10000,750000,-740000,-740000
04658P,臺股指永昌94售02,0,0,0,0,0,0,0,0,0,-740000,160000,0,160000,840000,1740000,-900000,-740000
2301,光寶科          ,3145000,4393000,-1248000,0,0,0,12000,14000,-2000,508000,37000,30000,7000,614000,113000,501000,-742000
050100,台積電永昌96購02,0,0,0,0,0,0,0,0,0,-745000,0,0,0,1287000,2032000,-745000,-745000
047285,鴻海統一95購02  ,0,0,0,0,0,0,0,0,0,-759000,0,0,0,102000,861000,-759000,-759000
052698,深中小國票99購01,0,0,0,0,0,0,0,0,0,-760000,0,0,0,0,760000,-760000,-760000
9944,新麗            ,316000,1077000,-761000,0,0,0,0,0,0,0,0,0,0,0,0,0,-761000
054465,亞光凱基97購01  ,0,0,0,0,0,0,0,0,0,-770000,0,0,0,300000,1070000,-770000,-770000
1434,福懋            ,458814,1258300,-799486,0,0,0,13000,0,13000,16000,16000,0,16000,0,0,0,-770486
049067,元油2X凱基94購02,0,0,0,0,0,0,0,0,0,-776000,0,0,0,0,776000,-776000,-776000
04855P,上証2X元富94售02,0,0,0,0,0,0,0,0,0,-781000,0,0,0,116000,897000,-781000,-781000
053925,群創國票98購01  ,0,0,0,0,0,0,0,0,0,-788000,0,0,0,534000,1322000,-788000,-788000
050708,臺股指凱基96購06,0,0,0,0,0,0,0,0,0,-793000,0,0,0,33000,826000,-793000,-793000
055527,旺宏群益99購03  ,0,0,0,0,0,0,0,0,0,-794000,0,0,0,31000,825000,-794000,-794000
1444,力麗            ,242000,1052000,-810000,0,0,0,0,0,0,11000,12000,1000,11000,0,0,0,-799000
054685,國巨永豐97購02  ,0,0,0,0,0,0,0,0,0,-821000,0,0,0,205000,1026000,-821000,-821000
036805,國巨元富93購02  ,0,0,0,0,0,0,0,0,0,-821000,0,0,0,170000,991000,-821000,-821000
04869P,鴻海元富95售02  ,0,0,0,0,0,0,0,0,0,-823000,0,0,0,94000,917000,-823000,-823000
2401,凌陽            ,551000,1369000,-818000,0,0,0,0,0,0,-7000,24000,56000,-32000,25000,0,25000,-825000
3711,日月光投控      ,16677904,18960000,-2282096,0,0,0,791000,0,791000,655000,305000,37000,268000,612000,225000,387000,-836096
03492P,創意元大02售03  ,0,0,0,0,0,0,0,0,0,-840000,0,0,0,0,840000,-840000,-840000
056093,大毅元富97購01  ,0,0,0,0,0,0,0,0,0,-841000,0,0,0,10000,851000,-841000,-841000
054556,世芯凱基99購01  ,0,0,0,0,0,0,0,0,0,-845000,0,0,0,0,845000,-845000,-845000
047586,聯發科永豐94購01,0,0,0,0,0,0,0,0,0,-864000,0,0,0,50000,914000,-864000,-864000
052913,鴻海元富96購05  ,0,0,0,0,0,0,0,0,0,-864000,0,0,0,140000,1004000,-864000,-864000
04248P,臺股指永豐93售03,0,0,0,0,0,0,0,0,0,-869000,0,0,0,0,869000,-869000,-869000
049875,台積電永豐94購04,0,0,0,0,0,0,0,0,0,-869000,0,0,0,65000,934000,-869000,-869000
049205,聯發科群益94購05,0,0,0,0,0,0,0,0,0,-875000,0,0,0,410000,1285000,-875000,-875000
2014,中鴻            ,378000,1091000,-713000,0,0,0,0,0,0,-164000,28000,192000,-164000,0,0,0,-877000
4927,泰鼎-KY         ,711000,1610000,-899000,0,0,0,348000,0,348000,-330000,153000,27000,126000,326000,782000,-456000,-881000
048076,亞光第一94購01  ,0,0,0,0,0,0,0,0,0,-900000,0,0,0,0,900000,-900000,-900000
055645,技嘉元富97購01  ,0,0,0,0,0,0,0,0,0,-902000,0,0,0,74000,976000,-902000,-902000
052269,T50反1日盛9B購01,0,0,0,0,0,0,0,0,0,-907000,0,0,0,0,907000,-907000,-907000
4904,遠傳            ,2869528,3684000,-814472,0,0,0,30000,0,30000,-131000,49000,199000,-150000,19000,0,19000,-915472
055792,臺股指凱基97購15,0,0,0,0,0,0,0,0,0,-917000,0,0,0,95000,1012000,-917000,-917000
051732,華通國票97購01  ,0,0,0,0,0,0,0,0,0,-919000,0,0,0,250000,1169000,-919000,-919000
3706,神達            ,605000,1276158,-671158,0,0,0,0,0,0,-252000,20000,230000,-210000,4000,46000,-42000,-923158
055610,光磊國票98購01  ,0,0,0,0,0,0,0,0,0,-926000,0,0,0,1683000,2609000,-926000,-926000
044879,上証2X群益93購01,0,0,0,0,0,0,0,0,0,-955000,0,0,0,145000,1100000,-955000,-955000
052498,台積電永豐95購06,0,0,0,0,0,0,0,0,0,-957000,0,0,0,40000,997000,-957000,-957000
053564,台積電富邦99購01,0,0,0,0,0,0,0,0,0,-960000,0,0,0,680000,1640000,-960000,-960000
054046,義隆元大96購02  ,0,0,0,0,0,0,0,0,0,-963000,0,0,0,47000,1010000,-963000,-963000
1409,新纖            ,4000,982000,-978000,0,0,0,1000,0,1000,6000,11000,5000,6000,0,0,0,-971000
048781,臺股指凱基96購01,0,0,0,0,0,0,0,0,0,-981000,0,0,0,0,981000,-981000,-981000
055488,華邦電元大98購01,0,0,0,0,0,0,0,0,0,-990000,0,0,0,15000,1005000,-990000,-990000
052832,益航群益96購01  ,0,0,0,0,0,0,0,0,0,-991000,0,0,0,80000,1071000,-991000,-991000
050561,上証2X元富97購01,0,0,0,0,0,0,0,0,0,-991000,0,0,0,437000,1428000,-991000,-991000
049214,台達電國票95購01,0,0,0,0,0,0,0,0,0,-998000,0,0,0,0,998000,-998000,-998000
054713,國巨中信9B購01  ,0,0,0,0,0,0,0,0,0,-999000,0,0,0,280000,1279000,-999000,-999000
053563,台積電富邦97購01,0,0,0,0,0,0,0,0,0,-999000,0,0,0,718000,1717000,-999000,-999000
07866P,上証2X國票97售01,0,0,0,0,0,0,0,0,0,-1000000,0,0,0,479000,1479000,-1000000,-1000000
04654P,臺股指凱基94售13,0,0,0,0,0,0,0,0,0,-1016000,0,0,0,36000,1052000,-1016000,-1016000
047418,智邦富邦97購01  ,0,0,0,0,0,0,0,0,0,-1028000,0,0,0,16000,1044000,-1028000,-1028000
056094,大立光元富97購03,0,0,0,0,0,0,0,0,0,-1030000,0,0,0,0,1030000,-1030000,-1030000
4906,正文            ,562000,1597000,-1035000,0,0,0,0,0,0,-3000,92000,40000,52000,60000,115000,-55000,-1038000
1301,台塑            ,2785434,4206000,-1420566,0,0,0,89000,0,89000,288000,165000,8000,157000,133000,2000,131000,-1043566
2347,聯強            ,1231000,3064000,-1833000,0,0,0,0,0,0,781000,24000,25000,-1000,782000,0,782000,-1052000
046053,滬深2X群益94購01,0,0,0,0,0,0,0,0,0,-1053000,0,0,0,0,1053000,-1053000,-1053000
052533,聯發科國泰96購03,0,0,0,0,0,0,0,0,0,-1061000,0,0,0,0,1061000,-1061000,-1061000
00701,國泰股利精選30  ,58000,0,58000,0,0,0,0,0,0,-1123219,0,0,0,1469000,2592219,-1123219,-1065219
053846,友達元富99購02  ,0,0,0,0,0,0,0,0,0,-1071000,0,0,0,62000,1133000,-1071000,-1071000
04051P,友達中信94售02  ,0,0,0,0,0,0,0,0,0,-1074000,0,0,0,50000,1124000,-1074000,-1074000
03647C,T50反1元富99牛02,0,0,0,0,0,0,0,0,0,-1080000,0,0,0,0,1080000,-1080000,-1080000
1303,南亞            ,3629546,5025000,-1395454,0,0,0,119000,0,119000,195000,137000,12000,125000,70000,0,70000,-1081454
2547,日勝生          ,161000,1258000,-1097000,0,0,0,0,0,0,12000,16000,4000,12000,0,0,0,-1085000
04372P,臺股指凱基94售02,0,0,0,0,0,0,0,0,0,-1097000,0,0,0,2000,1099000,-1097000,-1097000
042326,元油2X國票94購01,0,0,0,0,0,0,0,0,0,-1130000,0,0,0,10000,1140000,-1130000,-1130000
053484,國巨國票97購03  ,0,0,0,0,0,0,0,0,0,-1135000,0,0,0,128000,1263000,-1135000,-1135000
047454,滬深2X群益96購03,0,0,0,0,0,0,0,0,0,-1140000,0,0,0,30000,1170000,-1140000,-1140000
053029,國巨第一96購01  ,0,0,0,0,0,0,0,0,0,-1156000,0,0,0,464000,1620000,-1156000,-1156000
056236,台積電群益97購06,0,0,0,0,0,0,0,0,0,-1174000,0,0,0,2000,1176000,-1174000,-1174000
047571,滬深2X群益99購01,0,0,0,0,0,0,0,0,0,-1178000,0,0,0,140000,1318000,-1178000,-1178000
055655,群創元富99購07  ,0,0,0,0,0,0,0,0,0,-1182000,0,0,0,2000,1184000,-1182000,-1182000
055003,群創元富99購05  ,0,0,0,0,0,0,0,0,0,-1183000,0,0,0,126000,1309000,-1183000,-1183000
054640,健策中信9B購01  ,0,0,0,0,0,0,0,0,0,-1211000,0,0,0,175000,1386000,-1211000,-1211000
6505,台塑化          ,1359084,3159000,-1799916,0,0,0,88000,745000,-657000,1190000,110000,14000,96000,1161000,67000,1094000,-1266916
051297,台積電凱基95購07,0,0,0,0,0,0,0,0,0,-1267000,0,0,0,166000,1433000,-1267000,-1267000
6257,矽格            ,1269000,2068000,-799000,0,0,0,1000,100000,-99000,-383000,158000,504000,-346000,31000,68000,-37000,-1281000
052852,國巨元富96購02  ,0,0,0,0,0,0,0,0,0,-1288000,0,0,0,466000,1754000,-1288000,-1288000
2610,華航            ,5597000,6692000,-1095000,0,0,0,52000,250000,-198000,1000,74000,94000,-20000,21000,0,21000,-1292000
052044,華通凱基97購01  ,0,0,0,0,0,0,0,0,0,-1318000,0,0,0,0,1318000,-1318000,-1318000
055002,群創元富99購04  ,0,0,0,0,0,0,0,0,0,-1346000,0,0,0,417000,1763000,-1346000,-1346000
045873,元油2X元富98購04,5000,0,5000,0,0,0,0,0,0,-1366000,0,0,0,20000,1386000,-1366000,-1361000
051173,元油2X凱基98購01,0,0,0,0,0,0,0,0,0,-1365000,0,0,0,0,1365000,-1365000,-1365000
4142,國光生          ,706000,2377000,-1671000,0,0,0,0,0,0,228000,228000,0,228000,0,0,0,-1443000
00648R,元大S&P500反1   ,5000,0,5000,0,0,0,0,0,0,-1450000,0,0,0,1558000,3008000,-1450000,-1445000
055428,友達群益9C購01  ,0,0,0,0,0,0,0,0,0,-1453000,0,0,0,85000,1538000,-1453000,-1453000
00656R,國泰中國A50反1  ,0,563000,-563000,0,0,0,0,0,0,-899000,0,0,0,97000,996000,-899000,-1462000
054197,台積電永昌96購07,0,0,0,0,0,0,0,0,0,-1465000,0,0,0,552000,2017000,-1465000,-1465000
056005,臺股指永豐97購04,0,0,0,0,0,0,0,0,0,-1485000,0,0,0,13000,1498000,-1485000,-1485000
6213,聯茂            ,1638000,2591000,-953000,0,0,0,211000,648000,-437000,-96000,180000,220000,-40000,103000,159000,-56000,-1486000
2603,長榮            ,2920823,4330939,-1410116,0,0,0,35000,0,35000,-128000,141000,277000,-136000,8000,0,8000,-1503116
047372,創意國票94購01  ,0,0,0,0,0,0,0,0,0,-1507000,0,0,0,0,1507000,-1507000,-1507000
054377,臺股指中信99購09,0,0,0,0,0,0,0,0,0,-1513000,0,0,0,48000,1561000,-1513000,-1513000
052855,群創日盛99購01  ,0,0,0,0,0,0,0,0,0,-1539000,0,0,0,560000,2099000,-1539000,-1539000
06347P,祥碩元富97售02  ,0,0,0,0,0,0,0,0,0,-1546000,0,0,0,214000,1760000,-1546000,-1546000
054633,臺股指凱基9A購02,0,0,0,0,0,0,0,0,0,-1564000,0,0,0,5000,1569000,-1564000,-1564000
043236,台灣50兆豐93購02,0,0,0,0,0,0,0,0,0,-1564000,0,0,0,82000,1646000,-1564000,-1564000
051259,鴻海永昌96購03  ,0,0,0,0,0,0,0,0,0,-1635000,0,0,0,1628000,3263000,-1635000,-1635000
053268,日月光群益96購01,0,0,0,0,0,0,0,0,0,-1661000,0,0,0,25000,1686000,-1661000,-1661000
052749,日月光元大96購02,0,0,0,0,0,0,0,0,0,-1661000,0,0,0,0,1661000,-1661000,-1661000
041973,台灣50中信94購01,0,0,0,0,0,0,0,0,0,-1699000,0,0,0,601000,2300000,-1699000,-1699000
2881,富邦金          ,8190000,9361000,-1171000,0,0,0,108000,971000,-863000,331000,58000,30000,28000,431000,128000,303000,-1703000
053314,A50正2群益9A購01,0,0,0,0,0,0,0,0,0,-1726000,0,0,0,173000,1899000,-1726000,-1726000
055676,亞德客凱基97購03,0,0,0,0,0,0,0,0,0,-1737000,0,0,0,0,1737000,-1737000,-1737000
1310,台苯            ,1340000,3125986,-1785986,0,0,0,0,0,0,6000,6000,0,6000,0,0,0,-1779986
1402,遠東新          ,5180144,6904000,-1723856,0,0,0,57000,0,57000,-160000,44000,316000,-272000,123000,11000,112000,-1826856
2353,宏碁            ,5013000,6967000,-1954000,0,0,0,5000,0,5000,32000,128000,102000,26000,65000,59000,6000,-1917000
2412,中華電          ,2650037,3760000,-1109963,0,0,0,71000,0,71000,-880000,72000,998000,-926000,47000,1000,46000,-1918963
052814,上証2X永豐96購02,0,0,0,0,0,0,0,0,0,-1930000,0,0,0,832000,2762000,-1930000,-1930000
052655,群創統一97購01  ,0,0,0,0,0,0,0,0,0,-2000000,0,0,0,403000,2403000,-2000000,-2000000
053559,台積電國泰98購01,0,0,0,0,0,0,0,0,0,-2020000,0,0,0,617000,2637000,-2020000,-2020000
2332,友訊            ,471000,2315000,-1844000,0,0,0,0,0,0,-177000,73000,168000,-95000,87000,169000,-82000,-2021000
1312,國喬            ,781000,2791000,-2010000,0,0,0,0,0,0,-42000,26000,54000,-28000,0,14000,-14000,-2052000
2458,義隆            ,990000,2889000,-1899000,0,0,0,3000,0,3000,-158000,89000,153000,-64000,17000,111000,-94000,-2054000
055542,亞德客凱基97購01,0,0,0,0,0,0,0,0,0,-2080000,0,0,0,1000,2081000,-2080000,-2080000
053710,華通凱基96購05  ,0,0,0,0,0,0,0,0,0,-2105000,0,0,0,0,2105000,-2105000,-2105000
051786,A50正2國票95購02,0,0,0,0,0,0,0,0,0,-2110000,0,0,0,0,2110000,-2110000,-2110000
053949,康控富邦9A購01  ,0,0,0,0,0,0,0,0,0,-2116000,0,0,0,0,2116000,-2116000,-2116000
055675,亞德客凱基97購02,0,0,0,0,0,0,0,0,0,-2154000,0,0,0,0,2154000,-2154000,-2154000
054206,鴻海國票99購01  ,0,0,0,0,0,0,0,0,0,-2196000,0,0,0,40000,2236000,-2196000,-2196000
00638R,元大滬深300反1  ,10000,1519000,-1509000,0,0,0,0,0,0,-930000,250000,81000,169000,0,1099000,-1099000,-2439000
00631L,元大台灣50正2   ,34000,37000,-3000,0,0,0,0,0,0,-2502000,0,0,0,799000,3301000,-2502000,-2505000
2834,臺企銀          ,6032752,8888605,-2855853,0,0,0,50000,23000,27000,86000,26000,32000,-6000,94000,2000,92000,-2742853
052150,台積電富邦95購07,0,0,0,0,0,0,0,0,0,-2776000,0,0,0,1033000,3809000,-2776000,-2776000
07554P,玉晶光元大9A售06,0,0,0,0,0,0,0,0,0,-2800000,0,0,0,0,2800000,-2800000,-2800000
2801,彰銀            ,2947750,6121000,-3173250,0,0,0,99000,0,99000,90000,8000,15000,-7000,97000,0,97000,-2984250
00692,富邦公司治理    ,1000,0,1000,0,0,0,0,0,0,-3055000,0,0,0,1296000,4351000,-3055000,-3054000
2504,國產            ,2383000,5992000,-3609000,0,0,0,0,0,0,14000,17000,3000,14000,0,0,0,-3595000
045829,滬深2X群益95購02,0,0,0,0,0,0,0,0,0,-3657000,0,0,0,0,3657000,-3657000,-3657000
1314,中石化          ,7546000,11072000,-3526000,0,0,0,20000,0,20000,-291000,165000,543000,-378000,217000,130000,87000,-3797000
2823,中壽            ,3771000,8310572,-4539572,0,0,0,44000,0,44000,-166000,20000,215000,-195000,107000,78000,29000,-4661572
2882,國泰金          ,6196766,11250420,-5053654,0,0,0,161000,0,161000,98000,0,0,0,163000,65000,98000,-4794654
2888,新光金          ,30250000,37563000,-7313000,0,0,0,281000,0,281000,1890933,335000,226000,109000,2837000,1055067,1781933,-5141067
053856,台積電富邦98購01,0,0,0,0,0,0,0,0,0,-5171000,0,0,0,0,5171000,-5171000,-5171000
2883,開發金          ,12059000,17796000,-5737000,0,0,0,175000,0,175000,220000,56000,2000,54000,166000,0,166000,-5342000
041900,元油2X富邦96購01,0,0,0,0,0,0,0,0,0,-6743000,0,0,0,0,6743000,-6743000,-6743000
2337,旺宏            ,8571000,15087000,-6516000,0,0,0,1537000,0,1537000,-2717000,1480000,4073000,-2593000,1351000,1475000,-124000,-7696000
0050,元大台灣50      ,33000,6491000,-6458000,0,0,0,0,0,0,-1357000,491000,411000,80000,2176000,3613000,-1437000,-7815000
00634R,富邦上証反1     ,253000,7264000,-7011000,0,0,0,0,0,0,-811000,0,0,0,22000,833000,-811000,-7822000
2330,台積電          ,21109609,31801301,-10691692,0,0,0,451000,121000,330000,1309000,1331000,341000,990000,841000,522000,319000,-9052692
00642U,元大S&P石油     ,11000,300000,-289000,0,0,0,0,0,0,-16358000,90000,0,90000,531000,16979000,-16448000,-16647000
0056,元大高股息      ,18000,0,18000,0,0,0,144000,0,144000,-32477000,932000,240000,692000,10000,33179000,-33169000,-32315000
00672L,元大S&P原油正2  ,26000,40638000,-40612000,0,0,0,0,0,0,-190420000,0,160000,-160000,912000,191172000,-190260000,-231032000
