證券代號,證券名稱,外陸資買進股數(不含外資自營商),外陸資賣出股數(不含外資自營商),外陸資買賣超股數(不含外資自營商),外資自營商買進股數,外資自營商賣出股數,外資自營商買賣超股數,投信買進股數,投信賣出股數,投信買賣超股數,自營商買賣超股數,自營商買進股數(自行買賣),自營商賣出股數(自行買賣),自營商買賣超股數(自行買賣),自營商買進股數(避險),自營商賣出股數(避險),自營商買賣超股數(避險),三大法人買賣超股數
00677U,富邦VIX         ,96498000,48438000,48060000,0,0,0,0,0,0,-4242000,400000,400000,0,10560000,14802000,-4242000,43818000
00637L,元大滬深300正2  ,6044000,140000,5904000,0,0,0,0,0,0,14054000,0,700000,-700000,23503000,8749000,14754000,19958000
2303,聯電            ,24413723,17711464,6702259,0,0,0,3560000,61000,3499000,1502000,0,2000,-2000,1537000,33000,1504000,11703259
2409,友達            ,27642000,27778000,-136000,0,0,0,6124000,41000,6083000,2592000,378000,46000,332000,2313000,53000,2260000,8539000
00669R,國泰美國道瓊反1 ,3694000,102000,3592000,0,0,0,0,0,0,4614000,0,0,0,6284000,1670000,4614000,8206000
00861,元大全球未來通訊,3619000,4000,3615000,0,0,0,0,0,0,2673000,100000,0,100000,3064000,491000,2573000,6288000
00636,國泰中國A50     ,3260000,0,3260000,0,0,0,0,0,0,1608000,1000,846000,-845000,2725000,272000,2453000,4868000
00648R,元大S&P500反1   ,0,0,0,0,0,0,0,0,0,3618000,0,0,0,4212000,594000,3618000,3618000
048189,臺指反元大96購06,0,0,0,0,0,0,0,0,0,3100000,0,0,0,3215000,115000,3100000,3100000
00643,群益深証中小    ,2275000,2000,2273000,0,0,0,0,0,0,567000,3000,153000,-150000,873000,156000,717000,2840000
00633L,富邦上証正2     ,139000,83000,56000,0,0,0,0,0,0,2765000,0,270000,-270000,4253000,1218000,3035000,2821000
048187,臺指反元大96購04,0,0,0,0,0,0,0,0,0,2222000,0,0,0,2490000,268000,2222000,2222000
2345,智邦            ,4503300,2477000,2026300,0,0,0,342103,283000,59103,123000,232000,206000,26000,110000,13000,97000,2208403
00655L,國泰中國A50正2  ,533000,192000,341000,0,0,0,0,0,0,1646000,0,0,0,2173000,527000,1646000,1987000
3481,群創            ,24098000,22444663,1653337,0,0,0,26000,40000,-14000,155000,179000,300000,-121000,1319000,1043000,276000,1794337
00739,元大MSCI A股    ,971000,1000,970000,0,0,0,0,0,0,775000,0,0,0,1367000,592000,775000,1745000
060294,嘉澤元大9A購01  ,0,0,0,0,0,0,0,0,0,1645000,0,0,0,1874000,229000,1645000,1645000
2368,金像電          ,9467000,7095000,2372000,0,0,0,1214691,2100000,-885309,140000,1347000,1308000,39000,105000,4000,101000,1626691
2324,仁寶            ,12884000,11117626,1766374,0,0,0,46000,20000,26000,-174000,26000,128000,-102000,15000,87000,-72000,1618374
2448,晶電            ,9055000,8967836,87164,0,0,0,1365000,125000,1240000,247000,546000,457000,89000,196000,38000,158000,1574164
2883,開發金          ,9194000,7674000,1520000,0,0,0,0,4000,-4000,1000,0,10000,-10000,36000,25000,11000,1517000
2382,廣達            ,3706000,2310999,1395001,0,0,0,180000,14000,166000,-58000,30000,63000,-33000,0,25000,-25000,1503001
07644P,南電凱基9A售03  ,0,0,0,0,0,0,0,0,0,1501000,0,0,0,1541000,40000,1501000,1501000
2323,中環            ,2575000,1136000,1439000,0,0,0,0,0,0,57000,56000,0,56000,50000,49000,1000,1496000
2458,義隆            ,1991000,780200,1210800,0,0,0,92558,0,92558,45000,73000,17000,56000,44000,55000,-11000,1348358
060667,力成凱基9A購01  ,0,0,0,0,0,0,0,0,0,1327000,0,0,0,2643000,1316000,1327000,1327000
1718,中纖            ,1524000,219000,1305000,0,0,0,0,0,0,-9000,1000,0,1000,0,10000,-10000,1296000
8112,至上            ,2263000,1008000,1255000,0,0,0,1717,1000,717,0,0,0,0,0,0,0,1255717
3450,聯鈞            ,1489000,364000,1125000,0,0,0,0,0,0,101000,40000,41000,-1000,129000,27000,102000,1226000
3017,奇鋐            ,1762000,2236000,-474000,0,0,0,1741000,0,1741000,-56000,135000,354000,-219000,327000,164000,163000,1211000
2504,國產            ,980000,536000,444000,0,0,0,664000,0,664000,76000,0,1000,-1000,77000,0,77000,1184000
2614,東森            ,1187000,19000,1168000,0,0,0,0,0,0,0,0,0,0,0,0,0,1168000
07478P,南電康和9A售02  ,0,0,0,0,0,0,0,0,0,1163000,0,0,0,2079000,916000,1163000,1163000
3380,明泰            ,1392000,215000,1177000,0,0,0,0,0,0,-28000,61000,276000,-215000,203000,16000,187000,1149000
060046,S&P反1凱基99購02,0,0,0,0,0,0,0,0,0,1140000,0,0,0,1195000,55000,1140000,1140000
6271,同欣電          ,2669000,1069000,1600000,0,0,0,0,384000,-384000,-77000,3000,80000,-77000,7000,7000,0,1139000
2408,南亞科          ,7890000,5071444,2818556,0,0,0,132000,2134000,-2002000,308000,33000,68000,-35000,406000,63000,343000,1124556
2515,中工            ,1500000,519000,981000,0,0,0,0,0,0,127000,128000,8000,120000,10000,3000,7000,1108000
059945,嘉澤永豐99購03  ,0,0,0,0,0,0,0,0,0,1081000,0,0,0,1613000,532000,1081000,1081000
00701,國泰股利精選30  ,156000,0,156000,0,0,0,0,0,0,924000,0,0,0,1723000,799000,924000,1080000
2492,華新科          ,3116000,3926000,-810000,0,0,0,730000,6000,724000,1107000,536000,97000,439000,948000,280000,668000,1021000
061126,京元電永豐9A購02,0,0,0,0,0,0,0,0,0,1005000,0,0,0,1028000,23000,1005000,1005000
04479P,同欣電中信96售02,0,0,0,0,0,0,0,0,0,1004000,0,0,0,1187000,183000,1004000,1004000
056010,力成中信97購01  ,0,0,0,0,0,0,0,0,0,961000,0,0,0,981000,20000,961000,961000
6153,嘉聯益          ,1695000,752009,942991,0,0,0,0,0,0,18000,33000,20000,13000,120000,115000,5000,960991
052208,力成麥證95購01  ,0,0,0,1000000,40000,960000,0,0,0,960000,0,0,0,1000000,40000,960000,960000
4967,十銓            ,1321000,361000,960000,0,0,0,0,0,0,-1000,0,1000,-1000,0,0,0,959000
2371,大同            ,2850000,1889000,961000,0,0,0,0,10000,-10000,0,0,0,0,0,0,0,951000
6456,GIS-KY          ,1023000,221000,802000,0,0,0,0,0,0,139000,3000,0,3000,147000,11000,136000,941000
07292P,臺股指凱基99售44,0,0,0,0,0,0,0,0,0,940000,0,0,0,1890000,950000,940000,940000
3006,晶豪科          ,1219000,307000,912000,0,0,0,0,0,0,14000,38000,9000,29000,103000,118000,-15000,926000
4927,泰鼎-KY         ,1282000,1223000,59000,0,0,0,436000,0,436000,407000,138000,80000,58000,433000,84000,349000,902000
07527P,台灣50凱基9B售02,0,0,0,0,0,0,0,0,0,899000,0,0,0,1047000,148000,899000,899000
06662P,玉晶光中信9A售01,0,0,0,0,0,0,0,0,0,898000,0,0,0,1577000,679000,898000,898000
1229,聯華            ,1587000,709000,878000,0,0,0,7553,3000,4553,0,0,0,0,0,0,0,882553
2481,強茂            ,1288000,1794000,-506000,0,0,0,1281000,0,1281000,107000,0,60000,-60000,183000,16000,167000,882000
07162P,臺股指群益99售13,0,0,0,0,0,0,0,0,0,873000,0,0,0,1227000,354000,873000,873000
059259,FBVIX中信03購06 ,0,0,0,0,0,0,0,0,0,864000,0,0,0,915000,51000,864000,864000
2412,中華電          ,4702562,3698137,1004425,0,0,0,0,19000,-19000,-136000,0,125000,-125000,0,11000,-11000,849425
051630,力山國票96購01  ,0,0,0,0,0,0,0,0,0,849000,0,0,0,887000,38000,849000,849000
060497,臺指反元大01購02,0,0,0,0,0,0,0,0,0,836000,0,0,0,839000,3000,836000,836000
1314,中石化          ,2009000,1210000,799000,0,0,0,0,0,0,9000,6000,10000,-4000,22000,9000,13000,808000
07612P,國巨國泰9B售06  ,0,0,0,0,0,0,0,0,0,790000,0,0,0,1339000,549000,790000,790000
06673P,大立光群益98售01,0,0,0,0,0,0,0,0,0,789000,0,0,0,834000,45000,789000,789000
2455,全新            ,956000,307000,649000,0,0,0,0,0,0,127000,35000,10000,25000,134000,32000,102000,776000
053258,上証2X群益9A購03,0,0,0,0,0,0,0,0,0,774000,0,0,0,774000,0,774000,774000
060573,力成永豐9A購01  ,0,0,0,0,0,0,0,0,0,768000,0,0,0,779000,11000,768000,768000
1909,榮成            ,914000,146000,768000,0,0,0,2000,1000,1000,-9000,1000,10000,-9000,0,0,0,760000
2338,光罩            ,998000,298000,700000,0,0,0,289,1000,-711,56000,0,2000,-2000,81000,23000,58000,755289
055160,玉晶光元大99購03,0,0,0,0,0,0,0,0,0,755000,0,0,0,755000,0,755000,755000
06465P,國巨統一98售04  ,0,0,0,0,0,0,0,0,0,749000,0,0,0,959000,210000,749000,749000
2375,凱美            ,980000,251000,729000,0,0,0,0,0,0,14000,0,0,0,28000,14000,14000,743000
051346,仁寶元大95購01  ,0,0,0,0,0,0,0,0,0,740000,0,0,0,840000,100000,740000,740000
051107,鴻海統一95購05  ,0,0,0,0,0,0,0,0,0,736000,0,0,0,736000,0,736000,736000
4935,茂林-KY         ,1004000,591241,412759,0,0,0,190656,0,190656,130000,69000,72000,-3000,145000,12000,133000,733415
1795,美時            ,816000,85000,731000,0,0,0,0,0,0,-1000,0,1000,-1000,0,0,0,730000
00712,FH富時不動產    ,827000,0,827000,0,0,0,0,0,0,-98000,0,0,0,103000,201000,-98000,729000
00635U,元大S&P黃金     ,598000,3000,595000,0,0,0,0,0,0,113000,0,0,0,1004000,891000,113000,708000
07554P,玉晶光元大9A售06,0,0,0,0,0,0,0,0,0,706000,0,0,0,713000,7000,706000,706000
3530,晶相光          ,840000,166000,674000,0,0,0,0,0,0,32000,0,0,0,46000,14000,32000,706000
2204,中華            ,384000,159000,225000,0,0,0,470000,0,470000,0,0,0,0,0,0,0,695000
1760,寶齡富錦        ,1486000,853000,633000,0,0,0,45000,0,45000,-1000,10000,11000,-1000,0,0,0,677000
054961,玉晶光元大99購01,0,0,0,0,0,0,0,0,0,674000,0,0,0,674000,0,674000,674000
03440B,臺股指元大9B熊02,0,0,0,0,0,0,0,0,0,669000,0,0,0,2708000,2039000,669000,669000
047885,元金2X富邦99購01,0,0,0,0,0,0,0,0,0,666000,0,0,0,666000,0,666000,666000
00671R,富邦NASDAQ反1   ,0,57000,-57000,0,0,0,0,0,0,723000,0,0,0,2179000,1456000,723000,666000
059656,T50反1元大99購11,0,0,0,0,0,0,0,0,0,664000,0,0,0,1176000,512000,664000,664000
3596,智易            ,1026000,386335,639665,0,0,0,0,0,0,24000,2000,65000,-63000,102000,15000,87000,663665
3041,揚智            ,730000,68000,662000,0,0,0,0,0,0,0,0,0,0,0,0,0,662000
6257,矽格            ,1179000,400000,779000,0,0,0,0,2000,-2000,-136000,94000,254000,-160000,44000,20000,24000,641000
3673,TPK-KY          ,1269000,585000,684000,0,0,0,0,0,0,-46000,3000,47000,-44000,21000,23000,-2000,638000
061117,美律國泰9C購01  ,0,0,0,0,0,0,0,0,0,624000,0,0,0,644000,20000,624000,624000
07366P,國巨康和99售02  ,0,0,0,0,0,0,0,0,0,622000,0,0,0,1482000,860000,622000,622000
053630,奇鋐兆豐97購01  ,0,0,0,0,0,0,0,0,0,614000,0,0,0,801000,187000,614000,614000
8163,達方            ,703000,164000,539000,0,0,0,0,0,0,63000,35000,34000,1000,66000,4000,62000,602000
2383,台光電          ,1044000,363000,681000,0,0,0,1000,83000,-82000,-2000,7000,15000,-8000,18000,12000,6000,597000
8016,矽創            ,780000,90000,690000,0,0,0,0,105000,-105000,0,0,0,0,10000,10000,0,585000
2340,光磊            ,618000,172000,446000,0,0,0,0,1000,-1000,138000,118000,0,118000,32000,12000,20000,583000
06836P,玉晶光國票99售06,0,0,0,0,0,0,0,0,0,583000,0,0,0,614000,31000,583000,583000
059208,SGBR2X元大99購02,0,0,0,0,0,0,0,0,0,582000,0,0,0,582000,0,582000,582000
2349,錸德            ,954000,174000,780000,0,0,0,0,200000,-200000,0,0,0,0,0,0,0,580000
07253P,台灣50凱基9A售05,0,0,0,0,0,0,0,0,0,573000,0,0,0,703000,130000,573000,573000
056167,力成台新97購01  ,0,0,0,0,0,0,0,0,0,572000,0,0,0,1418000,846000,572000,572000
07546P,玉晶光凱基9A售09,0,0,0,0,0,0,0,0,0,571000,0,0,0,763000,192000,571000,571000
054696,嘉聯益永豐97購01,0,0,0,0,0,0,0,0,0,570000,0,0,0,570000,0,570000,570000
2392,正崴            ,969000,401000,568000,0,0,0,0,2000,-2000,1000,7000,6000,1000,0,0,0,567000
058819,華通國泰9B購01  ,0,0,0,0,0,0,0,0,0,563000,0,0,0,654000,91000,563000,563000
1714,和桐            ,700000,138000,562000,0,0,0,0,0,0,0,0,0,0,0,0,0,562000
052611,力成元大96購02  ,0,0,0,0,0,0,0,0,0,548000,0,0,0,1197000,649000,548000,548000
2356,英業達          ,3455000,2897000,558000,0,0,0,40289,14000,26289,-38000,36000,8000,28000,15000,81000,-66000,546289
6288,聯嘉            ,662000,111000,551000,0,0,0,0,0,0,-5000,0,5000,-5000,0,0,0,546000
058224,世芯統一9B購02  ,0,0,0,0,0,0,0,0,0,544000,0,0,0,931000,387000,544000,544000
4968,立積            ,790000,659000,131000,0,0,0,340000,0,340000,71000,21000,20000,1000,75000,5000,70000,542000
07417P,聯發科元大99售44,0,0,0,0,0,0,0,0,0,532000,0,0,0,599000,67000,532000,532000
1762,中化生          ,701000,173000,528000,0,0,0,0,0,0,0,0,0,0,0,0,0,528000
055604,訊芯元大98購02  ,0,0,0,0,0,0,0,0,0,527000,0,0,0,570000,43000,527000,527000
5469,瀚宇博          ,1284000,862000,422000,0,0,0,0,2000,-2000,106000,0,20000,-20000,133000,7000,126000,526000
07352P,台積電國票99售11,0,0,0,0,0,0,0,0,0,522000,0,0,0,616000,94000,522000,522000
6504,南六            ,337000,653000,-316000,0,0,0,719000,0,719000,117000,47000,19000,28000,97000,8000,89000,520000
049438,嘉晶國泰96購01  ,0,0,0,0,0,0,0,0,0,518000,0,0,0,688000,170000,518000,518000
060949,祥碩中信9A購01  ,0,0,0,0,0,0,0,0,0,517000,0,0,0,517000,0,517000,517000
1303,南亞            ,2504000,2058000,446000,0,0,0,76000,4000,72000,-3000,7000,10000,-3000,0,0,0,515000
06680P,智邦元大98售06  ,0,0,0,0,0,0,0,0,0,513000,0,0,0,695000,182000,513000,513000
060886,國巨統一01購03  ,0,0,0,0,0,0,0,0,0,513000,0,0,0,560000,47000,513000,513000
8215,明基材          ,556000,42000,514000,0,0,0,0,1000,-1000,0,0,0,0,0,0,0,513000
050514,聯電元大94購01  ,0,0,0,0,0,0,0,0,0,504000,0,0,0,514000,10000,504000,504000
2360,致茂            ,728000,208000,520000,0,0,0,0,20000,-20000,-3000,0,16000,-16000,20000,7000,13000,497000
4934,太極            ,587000,90000,497000,0,0,0,0,0,0,0,0,0,0,0,0,0,497000
045600,道瓊指國票95購01,0,0,0,0,0,0,0,0,0,494000,0,0,0,494000,0,494000,494000
2353,宏碁            ,4684000,4208672,475328,0,0,0,32000,15000,17000,-2000,0,104000,-104000,212000,110000,102000,490328
052881,康控凱基97購01  ,0,0,0,0,0,0,0,0,0,490000,0,0,0,490000,0,490000,490000
060070,國巨元富99購02  ,0,0,0,0,0,0,0,0,0,486000,0,0,0,686000,200000,486000,486000
3029,零壹            ,555000,71000,484000,0,0,0,0,0,0,2000,13000,11000,2000,0,0,0,486000
054021,義隆台新96購01  ,0,0,0,0,0,0,0,0,0,483000,0,0,0,493000,10000,483000,483000
8150,南茂            ,1093000,664000,429000,0,0,0,0,0,0,54000,16000,0,16000,56000,18000,38000,483000
052726,鴻海元富96購03  ,0,0,0,0,0,0,0,0,0,481000,0,0,0,481000,0,481000,481000
053710,華通凱基96購05  ,0,0,0,0,0,0,0,0,0,477000,0,0,0,480000,3000,477000,477000
060337,FBVIX統一9A購01 ,40000,0,40000,0,0,0,0,0,0,436000,0,0,0,684000,248000,436000,476000
053232,友達永豐97購02  ,0,0,0,0,0,0,0,0,0,476000,0,0,0,476000,0,476000,476000
052512,全新凱基96購03  ,0,0,0,0,0,0,0,0,0,476000,0,0,0,476000,0,476000,476000
060904,臺指反元大9C購07,0,0,0,0,0,0,0,0,0,471000,0,0,0,471000,0,471000,471000
05232P,緯穎群益95售01  ,0,0,0,0,0,0,0,0,0,470000,0,0,0,470000,0,470000,470000
3014,聯陽            ,559000,181000,378000,0,0,0,0,1000,-1000,93000,3000,17000,-14000,112000,5000,107000,470000
2332,友訊            ,1085000,870000,215000,0,0,0,0,0,0,253000,232000,22000,210000,174000,131000,43000,468000
050457,力成元大94購01  ,0,0,0,0,0,0,0,0,0,460000,0,0,0,460000,0,460000,460000
1514,亞力            ,497000,38000,459000,0,0,0,0,0,0,0,0,0,0,0,0,0,459000
07545P,玉晶光凱基9A售07,0,0,0,0,0,0,0,0,0,458000,0,0,0,579000,121000,458000,458000
052858,華通凱基97購02  ,0,0,0,0,0,0,0,0,0,458000,0,0,0,464000,6000,458000,458000
052700,奇鋐國票97購02  ,0,0,0,0,0,0,0,0,0,444000,0,0,0,500000,56000,444000,444000
3090,日電貿          ,550000,135000,415000,0,0,0,0,0,0,27000,2000,0,2000,27000,2000,25000,442000
07071P,立積元富99售01  ,0,0,0,0,0,0,0,0,0,441000,0,0,0,477000,36000,441000,441000
07369P,台積電凱基99售20,0,0,0,0,0,0,0,0,0,439000,0,0,0,444000,5000,439000,439000
06337P,祥碩元大97售05  ,0,0,0,0,0,0,0,0,0,439000,0,0,0,784000,345000,439000,439000
1455,集盛            ,561000,121000,440000,0,0,0,0,0,0,-1000,0,1000,-1000,0,0,0,439000
2369,菱生            ,601000,153000,448000,0,0,0,0,0,0,-9000,1000,10000,-9000,0,0,0,439000
3049,和鑫            ,928000,529000,399000,0,0,0,0,4000,-4000,43000,43000,0,43000,0,0,0,438000
059559,T50反1凱基99購07,0,0,0,0,0,0,0,0,0,434000,0,0,0,474000,40000,434000,434000
052394,滬深2X日盛95購01,0,0,0,0,0,0,0,0,0,430000,0,0,0,430000,0,430000,430000
6414,樺漢            ,422000,24000,398000,0,0,0,0,0,0,32000,36000,15000,21000,11000,0,11000,430000
059086,國巨元大99購18  ,0,0,0,0,0,0,0,0,0,421000,0,0,0,650000,229000,421000,421000
3062,建漢            ,529000,110000,419000,0,0,0,0,0,0,0,0,0,0,0,0,0,419000
060418,中橡永豐9A購01  ,0,0,0,0,0,0,0,0,0,418000,0,0,0,418000,0,418000,418000
5521,工信            ,499000,82000,417000,0,0,0,0,0,0,0,0,0,0,0,0,0,417000
053431,志超永豐96購01  ,0,0,0,0,0,0,0,0,0,416000,0,0,0,426000,10000,416000,416000
052945,嘉晶國票97購01  ,0,0,0,0,0,0,0,0,0,415000,0,0,0,415000,0,415000,415000
2436,偉詮電          ,443000,32000,411000,0,0,0,0,0,0,0,0,0,0,0,0,0,411000
4943,康控-KY         ,678153,259000,419153,0,0,0,0,0,0,-9000,0,81000,-81000,92000,20000,72000,410153
058467,日月光中信9A購01,0,0,0,0,0,0,0,0,0,409000,0,0,0,500000,91000,409000,409000
07698P,臺股指元大9A售51,0,0,0,0,0,0,0,0,0,406000,0,0,0,471000,65000,406000,406000
054533,泰碩國泰98購01  ,0,0,0,0,0,0,0,0,0,406000,0,0,0,464000,58000,406000,406000
3189,景碩            ,1467000,914000,553000,0,0,0,354000,750000,-396000,246000,36000,3000,33000,237000,24000,213000,403000
054117,宏全康和96購01  ,0,0,0,0,0,0,0,0,0,402000,0,0,0,402000,0,402000,402000
05910P,力山永豐96售02  ,0,0,0,0,0,0,0,0,0,402000,0,0,0,443000,41000,402000,402000
060832,臺指反國票9A購01,0,0,0,0,0,0,0,0,0,400000,0,0,0,400000,0,400000,400000
050378,上証2X群益98購02,0,0,0,0,0,0,0,0,0,399000,0,0,0,399000,0,399000,399000
05634P,玉晶光台新97售01,0,0,0,0,0,0,0,0,0,399000,0,0,0,409000,10000,399000,399000
05905P,晶技統一97售01  ,0,0,0,0,0,0,0,0,0,397000,0,0,0,397000,0,397000,397000
055814,晶豪科國票97購02,0,0,0,0,0,0,0,0,0,392000,0,0,0,413000,21000,392000,392000
060891,世芯統一9A購01  ,0,0,0,0,0,0,0,0,0,391000,0,0,0,462000,71000,391000,391000
07265P,大立光元大99售16,0,0,0,0,0,0,0,0,0,391000,0,0,0,441000,50000,391000,391000
020012,富邦行動通訊N   ,0,0,0,0,0,0,0,0,0,391000,0,0,0,407000,16000,391000,391000
3034,聯詠            ,3227030,2896000,331030,0,0,0,174000,155000,19000,40000,50000,12000,38000,12000,10000,2000,390030
058877,T50反1國泰9B購01,0,0,0,0,0,0,0,0,0,390000,0,0,0,405000,15000,390000,390000
07306P,台灣50凱基9A售09,0,0,0,0,0,0,0,0,0,388000,0,0,0,388000,0,388000,388000
060381,元黃金凱基9A購01,0,0,0,0,0,0,0,0,0,386000,0,0,0,910000,524000,386000,386000
060766,世芯元大9A購02  ,0,0,0,0,0,0,0,0,0,380000,0,0,0,558000,178000,380000,380000
055962,晶豪科元大97購02,0,0,0,0,0,0,0,0,0,378000,0,0,0,506000,128000,378000,378000
07535P,上銀元富9A售03  ,0,0,0,0,0,0,0,0,0,375000,0,0,0,375000,0,375000,375000
03414B,臺股指凱基99熊01,50000,100000,-50000,0,0,0,0,0,0,424000,0,0,0,649000,225000,424000,374000
6191,精成科          ,529000,146000,383000,0,0,0,0,2000,-2000,-11000,1000,12000,-11000,0,0,0,370000
07625P,台灣50凱基01售06,0,0,0,0,0,0,0,0,0,362000,0,0,0,362000,0,362000,362000
047780,友達中信96購01  ,0,0,0,0,0,0,0,0,0,358000,0,0,0,358000,0,358000,358000
07263P,台積電元大99售37,0,0,0,0,0,0,0,0,0,357000,0,0,0,690000,333000,357000,357000
06396P,新日興康和97售01,0,0,0,0,0,0,0,0,0,357000,0,0,0,357000,0,357000,357000
0056,元大高股息      ,42000,47000,-5000,0,0,0,105000,0,105000,257000,0,455000,-455000,2797000,2085000,712000,357000
2387,精元            ,870000,655000,215000,0,0,0,0,0,0,141000,65000,0,65000,77000,1000,76000,356000
1605,華新            ,2205000,1722000,483000,0,0,0,34000,0,34000,-164000,12000,45000,-33000,0,131000,-131000,353000
07462P,臺股指元大9B售05,0,0,0,0,0,0,0,0,0,351000,0,0,0,395000,44000,351000,351000
2601,益航            ,622000,271000,351000,0,0,0,1080,3000,-1920,0,0,0,0,0,0,0,349080
057064,華新科富邦9B購01,0,0,0,0,0,0,0,0,0,342000,0,0,0,342000,0,342000,342000
3682,亞太電          ,568000,230723,337277,0,0,0,0,0,0,0,0,0,0,0,0,0,337277
2402,毅嘉            ,396000,60000,336000,0,0,0,0,0,0,-1000,0,1000,-1000,0,0,0,335000
059679,國巨國泰9B購03  ,0,0,0,0,0,0,0,0,0,335000,0,0,0,340000,5000,335000,335000
4906,正文            ,508000,159000,349000,0,0,0,0,0,0,-16000,7000,16000,-9000,4000,11000,-7000,333000
07649P,金像電永豐9A售02,0,0,0,0,0,0,0,0,0,331000,0,0,0,436000,105000,331000,331000
06046P,健策統一96售03  ,0,0,0,0,0,0,0,0,0,328000,0,0,0,367000,39000,328000,328000
057675,同欣電元大98購02,0,0,0,0,0,0,0,0,0,327000,0,0,0,394000,67000,327000,327000
3019,亞光            ,543099,211000,332099,0,0,0,0,0,0,-6000,4000,4000,0,9000,15000,-6000,326099
00662,富邦NASDAQ      ,0,0,0,0,0,0,0,0,0,325000,0,0,0,537000,212000,325000,325000
049272,世紀鋼元大96購02,0,0,0,0,0,0,0,0,0,325000,0,0,0,565000,240000,325000,325000
8926,台汽電          ,605000,297000,308000,0,0,0,0,3000,-3000,17000,5000,0,5000,12000,0,12000,322000
1513,中興電          ,348000,191000,157000,0,0,0,0,1000,-1000,165000,186000,21000,165000,0,0,0,321000
6116,彩晶            ,4605000,4586000,19000,0,0,0,0,0,0,302000,318000,2000,316000,116000,130000,-14000,321000
060225,S&P反1元大9A購02,0,0,0,0,0,0,0,0,0,320000,0,0,0,320000,0,320000,320000
2890,永豐金          ,8049000,6712000,1337000,0,0,0,120000,9000,111000,-1128000,2000,1130000,-1128000,0,0,0,320000
03657C,T50反1元大99牛01,0,0,0,0,0,0,0,0,0,319000,0,0,0,346000,27000,319000,319000
044201,群創國票95購01  ,0,0,0,0,0,0,0,0,0,316000,0,0,0,316000,0,316000,316000
060765,世芯元大9A購01  ,0,0,0,0,0,0,0,0,0,315000,0,0,0,425000,110000,315000,315000
1522,堤維西          ,352000,54000,298000,0,0,0,0,1000,-1000,18000,0,1000,-1000,19000,0,19000,315000
07421P,國泰金元大99售01,0,0,0,0,0,0,0,0,0,314000,0,0,0,430000,116000,314000,314000
060047,道瓊反凱基99購01,0,0,0,0,0,0,0,0,0,314000,0,0,0,380000,66000,314000,314000
052681,T50反1元大98購02,0,0,0,0,0,0,0,0,0,313000,0,0,0,313000,0,313000,313000
6120,達運            ,431000,119000,312000,0,0,0,0,0,0,0,0,0,0,0,0,0,312000
1417,嘉裕            ,373000,62000,311000,0,0,0,0,0,0,0,0,0,0,0,0,0,311000
2329,華泰            ,850000,536000,314000,0,0,0,0,3000,-3000,0,1000,3000,-2000,2000,0,2000,311000
3653,健策            ,519000,180000,339000,0,0,0,1000,35000,-34000,5000,6000,10000,-4000,42000,33000,9000,310000
06300P,緯穎元大97售04  ,0,0,0,0,0,0,0,0,0,305000,0,0,0,305000,0,305000,305000
052004,泰碩國泰97購03  ,0,0,0,0,0,0,0,0,0,304000,0,0,0,312000,8000,304000,304000
07542P,台積電凱基9A售16,0,0,0,0,0,0,0,0,0,303000,0,0,0,320000,17000,303000,303000
05160P,國巨國票96售03  ,0,0,0,0,0,0,0,0,0,303000,0,0,0,370000,67000,303000,303000
07590P,玉晶光國票9A售03,0,0,0,0,0,0,0,0,0,300000,0,0,0,325000,25000,300000,300000
07499P,台積電元大9A售12,0,0,0,0,0,0,0,0,0,300000,0,0,0,300000,0,300000,300000
1319,東陽            ,470000,176000,294000,0,0,0,0,1000,-1000,7000,7000,0,7000,0,0,0,300000
055723,康控元大97購04  ,0,0,0,0,0,0,0,0,0,300000,0,0,0,300000,0,300000,300000
05443P,宏達電元大95售05,0,0,0,0,0,0,0,0,0,299000,0,0,0,342000,43000,299000,299000
052747,京鼎元大97購01  ,0,0,0,0,0,0,0,0,0,297000,0,0,0,298000,1000,297000,297000
8081,致新            ,461000,109000,352000,0,0,0,2000,71000,-69000,14000,25000,0,25000,7000,18000,-11000,297000
06864P,健策凱基98售01  ,0,0,0,0,0,0,0,0,0,296000,0,0,0,309000,13000,296000,296000
00673R,元大S&P原油反1  ,46000,0,46000,0,0,0,0,0,0,250000,0,0,0,2933000,2683000,250000,296000
05731P,創意統一96售03  ,0,0,0,0,0,0,0,0,0,295000,0,0,0,315000,20000,295000,295000
5471,松翰            ,1600000,1302000,298000,0,0,0,291,0,291,-6000,0,6000,-6000,0,0,0,292291
06188P,大立光元富97售01,0,0,0,0,0,0,0,0,0,291000,0,0,0,291000,0,291000,291000
052599,S&P反1元大96購01,0,0,0,0,0,0,0,0,0,291000,0,0,0,316000,25000,291000,291000
6452,康友-KY         ,327000,40000,287000,0,0,0,0,0,0,4000,0,0,0,12000,8000,4000,291000
07408P,台積電兆豐99售06,0,0,0,0,0,0,0,0,0,290000,0,0,0,304000,14000,290000,290000
4142,國光生          ,967000,677000,290000,0,0,0,0,0,0,0,0,0,0,0,0,0,290000
046629,群創統一98購01  ,0,0,0,0,0,0,0,0,0,288000,0,0,0,294000,6000,288000,288000
2379,瑞昱            ,2052338,2109000,-56662,0,0,0,611000,123000,488000,-145000,27000,225000,-198000,128000,75000,53000,286338
059524,FBVIX凱基9A購02 ,0,15000,-15000,0,0,0,0,0,0,301000,0,0,0,345000,44000,301000,286000
07506P,中租元大9A售01  ,0,0,0,0,0,0,0,0,0,284000,0,0,0,344000,60000,284000,284000
07293P,臺股指凱基99售45,0,0,0,0,0,0,0,0,0,283000,0,0,0,303000,20000,283000,283000
00639,富邦深100       ,639000,11000,628000,0,0,0,0,0,0,-345000,0,202000,-202000,794000,937000,-143000,283000
6196,帆宣            ,617000,354000,263000,0,0,0,0,0,0,20000,0,0,0,20000,0,20000,283000
2314,台揚            ,362000,80000,282000,0,0,0,0,0,0,0,0,0,0,0,0,0,282000
03662C,FBVIX凱基03牛01 ,0,0,0,0,0,0,0,0,0,281000,0,0,0,288000,7000,281000,281000
06284P,台積電國票98售03,0,0,0,0,0,0,0,0,0,280000,0,0,0,289000,9000,280000,280000
060121,新光金富邦99購01,0,0,0,0,0,0,0,0,0,279000,0,0,0,350000,71000,279000,279000
05152P,玉晶光群益96售05,0,0,0,0,0,0,0,0,0,279000,0,0,0,589000,310000,279000,279000
2027,大成鋼          ,461000,347000,114000,0,0,0,10000,0,10000,154000,5000,4000,1000,223000,70000,153000,278000
060402,神隆國泰9B購01  ,0,0,0,0,0,0,0,0,0,277000,0,0,0,308000,31000,277000,277000
060670,臺指反元大01購03,0,0,0,0,0,0,0,0,0,276000,0,0,0,734000,458000,276000,276000
06135P,志超元富97售01  ,0,0,0,0,0,0,0,0,0,275000,0,0,0,275000,0,275000,275000
1304,台聚            ,412000,136000,276000,0,0,0,0,2000,-2000,0,0,0,0,0,0,0,274000
07010P,T50正2凱基9C售01,0,0,0,0,0,0,0,0,0,273000,0,0,0,323000,50000,273000,273000
055232,泰碩國票98購01  ,0,0,0,0,0,0,0,0,0,273000,0,0,0,273000,0,273000,273000
6277,宏正            ,313000,42000,271000,0,0,0,0,0,0,1000,1000,0,1000,0,0,0,272000
050467,力成中信94購01  ,0,0,0,0,0,0,0,0,0,270000,0,0,0,270000,0,270000,270000
059371,聯鈞元富99購02  ,0,0,0,0,0,0,0,0,0,270000,0,0,0,308000,38000,270000,270000
06123P,玉晶光元大97售04,0,0,0,0,0,0,0,0,0,269000,0,0,0,303000,34000,269000,269000
059880,世紀鋼凱基99購02,0,0,0,0,0,0,0,0,0,269000,0,0,0,272000,3000,269000,269000
3026,禾伸堂          ,844000,601000,243000,0,0,0,0,0,0,26000,37000,55000,-18000,89000,45000,44000,269000
060998,華通兆豐9A購01  ,0,0,0,0,0,0,0,0,0,268000,0,0,0,440000,172000,268000,268000
07531P,大立光國泰9B售03,0,0,0,0,0,0,0,0,0,268000,0,0,0,448000,180000,268000,268000
050170,臺指反元大97購02,0,0,0,0,0,0,0,0,0,268000,0,0,0,551000,283000,268000,268000
058727,嘉晶富邦9A購01  ,0,0,0,0,0,0,0,0,0,268000,0,0,0,338000,70000,268000,268000
2347,聯強            ,1947000,1663000,284000,0,0,0,15000,7000,8000,-25000,10000,0,10000,0,35000,-35000,267000
051116,可成麥證95購01  ,0,0,0,267000,0,267000,0,0,0,267000,0,0,0,267000,0,267000,267000
2355,敬鵬            ,482000,228000,254000,0,0,0,0,0,0,12000,15000,0,15000,0,3000,-3000,266000
054441,力成台新96購01  ,0,0,0,0,0,0,0,0,0,265000,0,0,0,265000,0,265000,265000
07505P,台勝科元大9A售01,0,0,0,0,0,0,0,0,0,264000,0,0,0,270000,6000,264000,264000
061086,FBVIX統一01購01 ,0,0,0,0,0,0,0,0,0,264000,0,0,0,271000,7000,264000,264000
2520,冠德            ,389000,226000,163000,0,0,0,0,0,0,100000,88000,0,88000,13000,1000,12000,263000
1439,中和            ,637000,382000,255000,0,0,0,0,0,0,2000,2000,0,2000,0,0,0,257000
3413,京鼎            ,469000,243000,226000,0,0,0,15000,44000,-29000,59000,50000,25000,25000,51000,17000,34000,256000
006205,富邦上証        ,1806000,505000,1301000,0,0,0,0,800000,-800000,-246000,0,267000,-267000,1088000,1067000,21000,255000
059480,美律群益9A購01  ,0,0,0,0,0,0,0,0,0,255000,0,0,0,260000,5000,255000,255000
059231,華通國票9A購04  ,0,0,0,0,0,0,0,0,0,255000,0,0,0,282000,27000,255000,255000
057475,聯電元大9A購01  ,0,0,0,0,0,0,0,0,0,255000,0,0,0,380000,125000,255000,255000
06779P,智邦元大98售12  ,0,0,0,0,0,0,0,0,0,253000,0,0,0,253000,0,253000,253000
057332,旺宏國票99購03  ,0,0,0,0,0,0,0,0,0,252000,0,0,0,267000,15000,252000,252000
3056,總太            ,365400,110000,255400,0,0,0,332,2000,-1668,-2000,0,2000,-2000,0,0,0,251732
07479P,A50正2元富9A售03,0,0,0,0,0,0,0,0,0,250000,0,0,0,250000,0,250000,250000
051056,華新科群益95購03,0,0,0,0,0,0,0,0,0,250000,0,0,0,250000,0,250000,250000
057045,美律元大99購04  ,0,0,0,0,0,0,0,0,0,250000,0,0,0,250000,0,250000,250000
2365,昆盈            ,282000,34000,248000,0,0,0,0,0,0,0,0,0,0,0,0,0,248000
3312,弘憶股          ,267000,20000,247000,0,0,0,183,0,183,0,0,0,0,0,0,0,247183
5305,敦南            ,339000,92000,247000,0,0,0,0,0,0,0,0,0,0,0,0,0,247000
1611,中電            ,358000,112000,246000,0,0,0,0,0,0,0,0,0,0,0,0,0,246000
060748,臻鼎國票9A購01  ,0,0,0,0,0,0,0,0,0,244000,0,0,0,253000,9000,244000,244000
057267,康控兆豐99購01  ,0,0,0,0,0,0,0,0,0,243000,0,0,0,288000,45000,243000,243000
1464,得力            ,345000,104000,241000,0,0,0,0,2000,-2000,3000,0,0,0,3000,0,3000,242000
05509P,智邦元富96售02  ,0,0,0,0,0,0,0,0,0,242000,0,0,0,260000,18000,242000,242000
3533,嘉澤            ,498000,215000,283000,0,0,0,66152,15000,51152,-93000,38000,104000,-66000,23000,50000,-27000,241152
060683,泰鼎元大9A購02  ,0,0,0,0,0,0,0,0,0,241000,0,0,0,397000,156000,241000,241000
060197,臻鼎元富9A購02  ,0,0,0,0,0,0,0,0,0,241000,0,0,0,501000,260000,241000,241000
054089,台積電群益96購11,0,0,0,0,0,0,0,0,0,241000,0,0,0,241000,0,241000,241000
05976P,國巨凱基96售14  ,0,0,0,0,0,0,0,0,0,241000,0,0,0,322000,81000,241000,241000
07477P,國巨群益9A售04  ,0,0,0,0,0,0,0,0,0,240000,0,0,0,263000,23000,240000,240000
06338P,亞德客統一97售02,0,0,0,0,0,0,0,0,0,240000,0,0,0,240000,0,240000,240000
055505,新唐元大97購02  ,0,0,0,0,0,0,0,0,0,240000,0,0,0,240000,0,240000,240000
050686,欣興兆豐96購01  ,0,0,0,0,0,0,0,0,0,240000,0,0,0,240000,0,240000,240000
058714,美律統一9B購01  ,0,0,0,0,0,0,0,0,0,239000,0,0,0,263000,24000,239000,239000
2471,資通            ,272000,33000,239000,0,0,0,0,0,0,0,0,0,0,0,0,0,239000
07580P,緯穎元大9A售03  ,0,0,0,0,0,0,0,0,0,238000,0,0,0,256000,18000,238000,238000
1325,恆大            ,564000,319000,245000,0,0,0,0,0,0,-9000,0,9000,-9000,0,0,0,236000
058725,美律富邦9A購01  ,0,0,0,0,0,0,0,0,0,236000,0,0,0,586000,350000,236000,236000
059485,台灣50兆豐99購02,0,0,0,0,0,0,0,0,0,234000,0,0,0,284000,50000,234000,234000
3665,貿聯-KY         ,438000,172037,265963,0,0,0,0,31000,-31000,-2000,0,1000,-1000,8000,9000,-1000,232963
07164P,臺股指群益99售15,0,0,0,0,0,0,0,0,0,232000,0,0,0,252000,20000,232000,232000
060278,道瓊反元大9A購03,0,0,0,0,0,0,0,0,0,232000,0,0,0,443000,211000,232000,232000
06743P,創意永豐98售03  ,0,0,0,0,0,0,0,0,0,231000,0,0,0,263000,32000,231000,231000
06657P,寶成元大98售01  ,0,0,0,0,0,0,0,0,0,231000,0,0,0,383000,152000,231000,231000
07509P,牧德國票9A售03  ,0,0,0,0,0,0,0,0,0,231000,0,0,0,287000,56000,231000,231000
058435,旺宏統一9B購02  ,0,0,0,0,0,0,0,0,0,231000,0,0,0,274000,43000,231000,231000
07383P,聯發科群益99售06,0,0,0,0,0,0,0,0,0,230000,0,0,0,232000,2000,230000,230000
055608,華邦電康和97購01,0,0,0,0,0,0,0,0,0,230000,0,0,0,230000,0,230000,230000
4915,致伸            ,731000,470000,261000,0,0,0,1000,1000,0,-31000,0,24000,-24000,2000,9000,-7000,230000
054439,健策台新96購03  ,0,0,0,0,0,0,0,0,0,229000,0,0,0,246000,17000,229000,229000
00641R,富邦日本反1     ,49000,35000,14000,0,0,0,0,0,0,215000,0,0,0,641000,426000,215000,229000
052313,聯電元大98購01  ,0,0,0,0,0,0,0,0,0,228000,0,0,0,238000,10000,228000,228000
06525P,上証2X國泰99售01,0,0,0,0,0,0,0,0,0,227000,0,0,0,230000,3000,227000,227000
07536P,華新科元富9A售04,0,0,0,0,0,0,0,0,0,227000,0,0,0,257000,30000,227000,227000
050785,全新國泰96購01  ,0,0,0,0,0,0,0,0,0,227000,0,0,0,227000,0,227000,227000
3035,智原            ,451000,288000,163000,0,0,0,0,0,0,64000,87000,12000,75000,15000,26000,-11000,227000
2723,美食-KY         ,376000,153000,223000,0,0,0,0,0,0,2490,0,0,0,3000,510,2490,225490
6209,今國光          ,298000,74000,224000,0,0,0,0,0,0,0,0,0,0,0,0,0,224000
2316,楠梓電          ,667000,412000,255000,0,0,0,0,0,0,-32000,0,41000,-41000,9000,0,9000,223000
07457P,宏達電元大9A售01,0,0,0,0,0,0,0,0,0,220000,0,0,0,245000,25000,220000,220000
06751P,旺宏凱基98售10  ,0,0,0,0,0,0,0,0,0,220000,0,0,0,225000,5000,220000,220000
05212P,台積電國票96售04,0,0,0,0,0,0,0,0,0,220000,0,0,0,389000,169000,220000,220000
04316P,華新科國票94售05,0,0,0,0,0,0,0,0,0,220000,0,0,0,220000,0,220000,220000
3047,訊舟            ,236000,17000,219000,0,0,0,0,0,0,0,0,0,0,0,0,0,219000
059117,禾伸堂永豐99購01,0,0,0,0,0,0,0,0,0,218000,0,0,0,263000,45000,218000,218000
4739,康普            ,244000,26000,218000,0,0,0,0,0,0,0,0,0,0,0,0,0,218000
2405,浩鑫            ,270000,53000,217000,0,0,0,0,0,0,0,0,0,0,0,0,0,217000
058540,嘉聯益國泰9A購02,0,0,0,0,0,0,0,0,0,216000,0,0,0,216000,0,216000,216000
2404,漢唐            ,414000,188000,226000,0,0,0,1000,0,1000,-12000,0,4000,-4000,9000,17000,-8000,215000
055509,訊芯元大97購03  ,0,0,0,0,0,0,0,0,0,215000,0,0,0,350000,135000,215000,215000
3048,益登            ,258000,44000,214000,0,0,0,0,0,0,1000,1000,0,1000,0,0,0,215000
8105,凌巨            ,332000,118000,214000,0,0,0,0,0,0,0,0,0,0,0,0,0,214000
05118P,超眾元大96售04  ,0,0,0,0,0,0,0,0,0,212000,0,0,0,472000,260000,212000,212000
058768,南港兆豐99購01  ,0,0,0,0,0,0,0,0,0,211000,0,0,0,521000,310000,211000,211000
059953,聯發科康和99購01,0,0,0,0,0,0,0,0,0,211000,0,0,0,520000,309000,211000,211000
060313,淘帝永豐9A購01  ,0,0,0,0,0,0,0,0,0,210000,0,0,0,230000,20000,210000,210000
060172,智原台新9A購01  ,0,0,0,0,0,0,0,0,0,210000,0,0,0,215000,5000,210000,210000
052054,台表科凱基96購01,0,0,0,0,0,0,0,0,0,210000,0,0,0,210000,0,210000,210000
056828,國巨富邦9A購03  ,0,0,0,0,0,0,0,0,0,210000,0,0,0,210000,0,210000,210000
058535,玉晶光統一9A購06,0,0,0,0,0,0,0,0,0,209000,0,0,0,219000,10000,209000,209000
06851P,鈺齊元大98售01  ,0,0,0,0,0,0,0,0,0,208000,0,0,0,267000,59000,208000,208000
059865,國巨凱基01購01  ,0,0,0,0,0,0,0,0,0,208000,0,0,0,266000,58000,208000,208000
057917,台積電凱基98購17,0,0,0,0,0,0,0,0,0,208000,0,0,0,208000,0,208000,208000
4961,天鈺            ,258000,46000,212000,0,0,0,0,0,0,-4000,0,4000,-4000,0,0,0,208000
07559P,祥碩元大9A售03  ,0,0,0,0,0,0,0,0,0,205000,0,0,0,274000,69000,205000,205000
3605,宏致            ,288000,83000,205000,0,0,0,0,0,0,0,0,0,0,0,0,0,205000
006206,元大上證50      ,18000,0,18000,0,0,0,0,0,0,186000,0,0,0,277000,91000,186000,204000
1609,大亞            ,414000,211000,203000,0,0,0,0,0,0,0,0,0,0,0,0,0,203000
2014,中鴻            ,563000,360000,203000,0,0,0,0,0,0,0,0,0,0,0,0,0,203000
07471P,南亞科元大9A售01,0,0,0,0,0,0,0,0,0,202000,0,0,0,267000,65000,202000,202000
07276P,臺股指群益99售19,0,0,0,0,0,0,0,0,0,202000,0,0,0,269000,67000,202000,202000
05658P,日月光元富96售02,0,0,0,0,0,0,0,0,0,201000,0,0,0,201000,0,201000,201000
060135,台灣50國票9C購02,0,0,0,0,0,0,0,0,0,200000,0,0,0,200000,0,200000,200000
051697,康友中信95購02  ,0,0,0,0,0,0,0,0,0,200000,0,0,0,200000,0,200000,200000
050368,國巨元大94購14  ,0,0,0,0,0,0,0,0,0,200000,0,0,0,200000,0,200000,200000
053127,貿聯凱基97購01  ,0,0,0,0,0,0,0,0,0,200000,0,0,0,200000,0,200000,200000
05628P,茂林國票97售02  ,0,0,0,0,0,0,0,0,0,200000,0,0,0,200000,0,200000,200000
1708,東鹼            ,216000,17000,199000,0,0,0,0,0,0,0,0,0,0,0,0,0,199000
2393,億光            ,512000,390000,122000,0,0,0,0,0,0,76000,26000,0,26000,50000,0,50000,198000
2421,建準            ,694000,441000,253000,0,0,0,148000,0,148000,-203000,0,200000,-200000,24000,27000,-3000,198000
07502P,美食元大9A售01  ,0,0,0,0,0,0,0,0,0,198000,0,0,0,208000,10000,198000,198000
1201,味全            ,429000,223000,206000,0,0,0,0,0,0,-8000,0,0,0,0,8000,-8000,198000
07284P,大立光凱基99售10,0,0,0,0,0,0,0,0,0,198000,0,0,0,218000,20000,198000,198000
051816,臺股指凱基95購07,0,0,0,0,0,0,0,0,0,198000,0,0,0,198000,0,198000,198000
00645,富邦日本        ,0,0,0,0,0,0,0,0,0,198000,0,0,0,258000,60000,198000,198000
06763P,技嘉元大98售05  ,0,0,0,0,0,0,0,0,0,197000,0,0,0,198000,1000,197000,197000
07059P,華通國票9A售02  ,0,0,0,0,0,0,0,0,0,196000,0,0,0,205000,9000,196000,196000
060275,元黃金元大9A購01,0,0,0,0,0,0,0,0,0,196000,0,0,0,212000,16000,196000,196000
059624,鴻海凱基01購01  ,0,0,0,0,0,0,0,0,0,196000,0,0,0,205000,9000,196000,196000
06843P,鴻海元大98售11  ,0,0,0,0,0,0,0,0,0,195000,0,0,0,399000,204000,195000,195000
07632P,臺股指凱基9A售14,0,0,0,0,0,0,0,0,0,195000,0,0,0,195000,0,195000,195000
07571P,台灣50元大9A售14,0,0,0,0,0,0,0,0,0,195000,0,0,0,214000,19000,195000,195000
060539,道瓊反凱基9A購01,0,0,0,0,0,0,0,0,0,194000,0,0,0,339000,145000,194000,194000
060054,華新科凱基9B購04,0,0,0,0,0,0,0,0,0,193000,0,0,0,232000,39000,193000,193000
2426,鼎元            ,276000,83000,193000,0,0,0,0,0,0,0,0,0,0,0,0,0,193000
07130P,台郡元大9B售01  ,0,0,0,0,0,0,0,0,0,192000,0,0,0,192000,0,192000,192000
06059P,泰碩元大97售02  ,0,0,0,0,0,0,0,0,0,191000,0,0,0,281000,90000,191000,191000
056834,華新元富99購01  ,0,0,0,0,0,0,0,0,0,191000,0,0,0,211000,20000,191000,191000
9945,潤泰新          ,716000,494000,222000,0,0,0,8000,1000,7000,-39000,7000,46000,-39000,0,0,0,190000
1720,生達            ,238000,50000,188000,0,0,0,196,0,196,0,0,0,0,0,0,0,188196
060493,美律元富01購01  ,0,0,0,0,0,0,0,0,0,188000,0,0,0,274000,86000,188000,188000
060696,道瓊反國泰9C購01,0,0,0,0,0,0,0,0,0,188000,0,0,0,333000,145000,188000,188000
07583P,台積電富邦9B售05,0,0,0,0,0,0,0,0,0,187000,0,0,0,449000,262000,187000,187000
06844P,智邦元大98售13  ,0,0,0,0,0,0,0,0,0,187000,0,0,0,207000,20000,187000,187000
060448,道瓊反元大9A購04,0,0,0,0,0,0,0,0,0,186000,0,0,0,196000,10000,186000,186000
058803,世紀鋼元大99購03,0,0,0,0,0,0,0,0,0,186000,0,0,0,196000,10000,186000,186000
052052,嘉澤凱基95購02  ,0,0,0,0,0,0,0,0,0,185000,0,0,0,215000,30000,185000,185000
3060,銘異            ,262000,78000,184000,0,0,0,0,0,0,0,0,0,0,0,0,0,184000
07324P,台積電元大99售40,0,0,0,0,0,0,0,0,0,182000,0,0,0,252000,70000,182000,182000
04831P,聯詠富邦96售01  ,0,0,0,0,0,0,0,0,0,181000,0,0,0,290000,109000,181000,181000
6197,佳必琪          ,221000,40000,181000,0,0,0,0,0,0,0,0,0,0,0,0,0,181000
05439P,聯發科國票95售06,0,0,0,0,0,0,0,0,0,180000,0,0,0,208000,28000,180000,180000
3052,夆典            ,201000,22000,179000,0,0,0,0,0,0,0,0,0,0,0,0,0,179000
052816,上銀永豐96購01  ,0,0,0,0,0,0,0,0,0,178000,0,0,0,201000,23000,178000,178000
056057,華邦電元大97購05,0,0,0,0,0,0,0,0,0,178000,0,0,0,178000,0,178000,178000
06504P,麗豐國票99售02  ,0,0,0,0,0,0,0,0,0,177000,0,0,0,177000,0,177000,177000
07424P,大立光元大9B售01,0,0,0,0,0,0,0,0,0,177000,0,0,0,254000,77000,177000,177000
06853P,華擎元富98售03  ,0,0,0,0,0,0,0,0,0,175000,0,0,0,211000,36000,175000,175000
05121P,創意國泰96售01  ,0,0,0,0,0,0,0,0,0,175000,0,0,0,175000,0,175000,175000
05282P,可成元大95售09  ,0,0,0,0,0,0,0,0,0,173000,0,0,0,173000,0,173000,173000
06038P,國泰金台新96售01,0,0,0,0,0,0,0,0,0,172000,0,0,0,175000,3000,172000,172000
056882,華邦電康和98購01,0,0,0,0,0,0,0,0,0,172000,0,0,0,236000,64000,172000,172000
07319P,台積電凱基01售02,0,10000,-10000,0,0,0,0,0,0,181000,0,0,0,196000,15000,181000,171000
07384P,大立光群益9A售01,0,0,0,0,0,0,0,0,0,170000,0,0,0,170000,0,170000,170000
07547P,緯穎凱基9A售05  ,0,0,0,0,0,0,0,0,0,170000,0,0,0,170000,0,170000,170000
054118,國巨永豐96購04  ,0,0,0,0,0,0,0,0,0,170000,0,0,0,170000,0,170000,170000
054692,台航永豐97購01  ,0,0,0,0,0,0,0,0,0,170000,0,0,0,200000,30000,170000,170000
059081,和大元大99購01  ,0,0,0,0,0,0,0,0,0,170000,0,0,0,170000,0,170000,170000
6552,易華電          ,305000,117000,188000,0,0,0,0,0,0,-18000,0,18000,-18000,0,0,0,170000
1582,信錦            ,399000,231000,168000,0,0,0,0,0,0,1000,0,0,0,1000,0,1000,169000
2401,凌陽            ,305000,136000,169000,0,0,0,0,0,0,0,0,0,0,0,0,0,169000
6558,興能高          ,246000,76000,170000,0,0,0,0,0,0,-1000,3000,4000,-1000,0,0,0,169000
05454P,奇鋐群益95售04  ,0,0,0,0,0,0,0,0,0,168000,0,0,0,254000,86000,168000,168000
057048,新日興元大98購01,0,0,0,0,0,0,0,0,0,168000,0,0,0,168000,0,168000,168000
07025P,玉晶光凱基99售01,0,0,0,0,0,0,0,0,0,167000,0,0,0,167000,0,167000,167000
07543P,台積電凱基9A售17,0,0,0,0,0,0,0,0,0,166000,0,0,0,186000,20000,166000,166000
060628,和大富邦9B購01  ,0,0,0,0,0,0,0,0,0,166000,0,0,0,466000,300000,166000,166000
060735,鴻海統一9C購03  ,0,0,0,0,0,0,0,0,0,166000,0,0,0,323000,157000,166000,166000
05880P,創意康和96售01  ,0,0,0,0,0,0,0,0,0,166000,0,0,0,227000,61000,166000,166000
3704,合勤控          ,422000,248000,174000,0,0,0,0,0,0,-8000,1000,0,1000,0,9000,-9000,166000
2547,日勝生          ,673000,507000,166000,0,0,0,0,0,0,0,0,0,0,0,0,0,166000
05170P,世芯元大95售01  ,0,0,0,0,0,0,0,0,0,165000,0,0,0,165000,0,165000,165000
059090,台新金元大99購01,0,0,0,0,0,0,0,0,0,165000,0,0,0,170000,5000,165000,165000
059641,群創凱基99購06  ,0,0,0,0,0,0,0,0,0,165000,0,0,0,180000,15000,165000,165000
056058,建準元大97購02  ,0,0,0,0,0,0,0,0,0,165000,0,0,0,165000,0,165000,165000
2453,凌群            ,185000,21000,164000,0,0,0,334,0,334,0,0,0,0,0,0,0,164334
1902,台紙            ,174000,9000,165000,0,0,0,0,1000,-1000,0,0,0,0,0,0,0,164000
06839P,玉晶光統一9A售05,0,0,0,0,0,0,0,0,0,164000,0,0,0,164000,0,164000,164000
00752,中信中國50      ,0,0,0,0,0,0,0,0,0,164000,0,0,0,440000,276000,164000,164000
054471,T50反1中信9C購01,0,0,0,0,0,0,0,0,0,164000,0,0,0,209000,45000,164000,164000
1210,大成            ,321000,170000,151000,0,0,0,7000,1000,6000,6000,31000,25000,6000,0,0,0,163000
060105,牧德元大9B購01  ,0,0,0,0,0,0,0,0,0,163000,0,0,0,180000,17000,163000,163000
07389P,臺股指群益9C售08,0,0,0,0,0,0,0,0,0,162000,0,0,0,188000,26000,162000,162000
3563,牧德            ,363000,188000,175000,0,0,0,15000,0,15000,-28000,5000,29000,-24000,11000,15000,-4000,162000
03421B,臺股指元大99熊01,0,0,0,0,0,0,0,0,0,161000,0,0,0,161000,0,161000,161000
055700,緯穎國泰98購02  ,0,0,0,0,0,0,0,0,0,161000,0,0,0,163000,2000,161000,161000
059095,訊芯元大99購01  ,0,0,0,0,0,0,0,0,0,161000,0,0,0,526000,365000,161000,161000
9802,鈺齊-KY         ,300000,116000,184000,0,0,0,0,40000,-40000,17000,0,1000,-1000,24000,6000,18000,161000
07434P,臺股指國票9A售06,0,0,0,0,0,0,0,0,0,160000,0,0,0,180000,20000,160000,160000
00708L,元大S&P黃金正2  ,204000,0,204000,0,0,0,0,0,0,-44000,0,0,0,2325000,2369000,-44000,160000
054427,潤泰全富邦97購01,0,0,0,0,0,0,0,0,0,160000,0,0,0,210000,50000,160000,160000
055835,華邦電元大97購03,0,0,0,0,0,0,0,0,0,160000,0,0,0,335000,175000,160000,160000
059932,世紀鋼富邦9A購02,0,0,0,0,0,0,0,0,0,160000,0,0,0,353000,193000,160000,160000
4919,新唐            ,270000,115000,155000,0,0,0,0,0,0,5000,0,0,0,6000,1000,5000,160000
1519,華城            ,204000,61000,143000,0,0,0,0,0,0,16000,16000,0,16000,0,0,0,159000
07400P,國巨凱基99售20  ,0,0,0,0,0,0,0,0,0,159000,0,0,0,217000,58000,159000,159000
07593P,臺股指凱基9A售08,0,0,0,0,0,0,0,0,0,158000,0,0,0,174000,16000,158000,158000
06212P,華新科元大97售11,0,0,0,0,0,0,0,0,0,158000,0,0,0,233000,75000,158000,158000
054085,華新科統一96購04,0,0,0,0,0,0,0,0,0,157000,0,0,0,157000,0,157000,157000
06980P,緯穎永豐99售02  ,0,0,0,0,0,0,0,0,0,156000,0,0,0,166000,10000,156000,156000
048460,盛群凱基94購01  ,0,0,0,0,0,0,0,0,0,156000,0,0,0,156000,0,156000,156000
059580,大立光元富99購07,0,0,0,0,0,0,0,0,0,156000,0,0,0,262000,106000,156000,156000
07539P,玉山金台新9A售01,0,0,0,0,0,0,0,0,0,155000,0,0,0,190000,35000,155000,155000
1736,喬山            ,291000,140000,151000,0,0,0,0,0,0,4000,0,0,0,6000,2000,4000,155000
060379,T50反1凱基9A購07,0,0,0,0,0,0,0,0,0,155000,0,0,0,233000,78000,155000,155000
052491,泰碩國票99購01  ,0,0,0,0,0,0,0,0,0,155000,0,0,0,155000,0,155000,155000
059815,SP黃豆凱基9A購03,0,0,0,0,0,0,0,0,0,155000,0,0,0,155000,0,155000,155000
06240P,奇力新元富97售03,0,0,0,0,0,0,0,0,0,154000,0,0,0,207000,53000,154000,154000
1608,華榮            ,229000,75000,154000,0,0,0,0,0,0,0,0,0,0,0,0,0,154000
07208P,台積電凱基99售14,0,0,0,0,0,0,0,0,0,154000,0,0,0,154000,0,154000,154000
05059P,大立光國票96售02,0,0,0,0,0,0,0,0,0,154000,0,0,0,154000,0,154000,154000
058958,台表科國票9A購03,0,0,0,0,0,0,0,0,0,154000,0,0,0,194000,40000,154000,154000
058134,信邦元大99購01  ,0,0,0,0,0,0,0,0,0,154000,0,0,0,166000,12000,154000,154000
4551,智伸科          ,283000,64000,219000,0,0,0,10000,59000,-49000,-16000,2000,25000,-23000,7000,0,7000,154000
055639,上銀元富97購02  ,0,0,0,0,0,0,0,0,0,153000,0,0,0,264000,111000,153000,153000
07089P,臺指2X中信01售01,0,0,0,0,0,0,0,0,0,151000,0,0,0,151000,0,151000,151000
06077P,GIS凱基97售02   ,0,0,0,0,0,0,0,0,0,151000,0,0,0,151000,0,151000,151000
059948,正文永豐99購01  ,0,0,0,0,0,0,0,0,0,151000,0,0,0,151000,0,151000,151000
061031,神隆永豐9A購02  ,0,0,0,0,0,0,0,0,0,150000,0,0,0,150000,0,150000,150000
06617P,智邦元大98售03  ,0,0,0,0,0,0,0,0,0,150000,0,0,0,397000,247000,150000,150000
07514P,台積電元大9A售14,0,0,0,0,0,0,0,0,0,150000,0,0,0,150000,0,150000,150000
055233,康友國票98購01  ,0,0,0,0,0,0,0,0,0,150000,0,0,0,315000,165000,150000,150000
05176P,台積電凱基95售11,0,0,0,0,0,0,0,0,0,150000,0,0,0,150000,0,150000,150000
059040,訊芯群益99購03  ,0,0,0,0,0,0,0,0,0,150000,0,0,0,186000,36000,150000,150000
057788,嘉聯益國票99購01,0,0,0,0,0,0,0,0,0,150000,0,0,0,153000,3000,150000,150000
055196,致新元富97購01  ,0,0,0,0,0,0,0,0,0,149000,0,0,0,229000,80000,149000,149000
060988,華新科元大9A購12,0,0,0,0,0,0,0,0,0,148000,0,0,0,429000,281000,148000,148000
060795,世芯永豐9A購02  ,0,0,0,0,0,0,0,0,0,148000,0,0,0,168000,20000,148000,148000
06055P,華通凱基97售04  ,0,0,0,0,0,0,0,0,0,148000,0,0,0,254000,106000,148000,148000
060284,南港元大01購01  ,0,0,0,0,0,0,0,0,0,148000,0,0,0,350000,202000,148000,148000
058283,世紀鋼中信99購01,0,0,0,0,0,0,0,0,0,148000,0,0,0,339000,191000,148000,148000
05921P,同欣電元大96售06,1000,0,1000,0,0,0,0,0,0,146000,0,0,0,514000,368000,146000,147000
053754,英業達元富96購02,0,0,0,0,0,0,0,0,0,147000,0,0,0,247000,100000,147000,147000
8341,日友            ,170000,27000,143000,0,0,0,4000,0,4000,0,0,0,0,0,0,0,147000
2480,敦陽科          ,178000,31000,147000,0,0,0,0,0,0,0,0,0,0,0,0,0,147000
2484,希華            ,205000,58000,147000,0,0,0,0,0,0,0,0,0,0,0,0,0,147000
060102,禾伸堂元大99購06,0,0,0,0,0,0,0,0,0,146000,0,0,0,190000,44000,146000,146000
06058P,玉晶光凱基97售04,0,0,0,0,0,0,0,0,0,146000,0,0,0,331000,185000,146000,146000
06728P,全新元大98售03  ,0,0,0,0,0,0,0,0,0,146000,0,0,0,178000,32000,146000,146000
03959P,義隆元富96售01  ,0,0,0,0,0,0,0,0,0,145000,0,0,0,145000,0,145000,145000
052538,和大統一95購02  ,0,0,0,0,0,0,0,0,0,145000,0,0,0,145000,0,145000,145000
056186,智原統一97購01  ,0,0,0,0,0,0,0,0,0,145000,0,0,0,145000,0,145000,145000
6591,動力-KY         ,164000,19000,145000,0,0,0,0,0,0,0,0,0,0,0,0,0,145000
06655P,TPK元大98售02   ,0,0,0,0,0,0,0,0,0,144000,0,0,0,161000,17000,144000,144000
05235P,健鼎康和95售02  ,0,0,0,0,0,0,0,0,0,144000,0,0,0,144000,0,144000,144000
07576P,可成元大9A售01  ,0,0,0,0,0,0,0,0,0,143000,0,0,0,154000,11000,143000,143000
058911,茂林元大99購04  ,0,0,0,0,0,0,0,0,0,143000,0,0,0,247000,104000,143000,143000
07435P,台積電富邦9C售07,0,0,0,0,0,0,0,0,0,142000,0,0,0,177000,35000,142000,142000
0061,元大寶滬深      ,4000,4000,0,0,0,0,0,0,0,142000,90000,10000,80000,79000,17000,62000,142000
058213,欣興群益99購01  ,0,0,0,0,0,0,0,0,0,142000,0,0,0,158000,16000,142000,142000
3504,揚明光          ,242000,93000,149000,0,0,0,0,0,0,-7000,0,6000,-6000,0,1000,-1000,142000
3443,創意            ,438000,333200,104800,0,0,0,0,0,0,37000,25000,5000,20000,26000,9000,17000,141800
1733,五鼎            ,153000,9000,144000,0,0,0,0,0,0,-3000,1000,4000,-3000,0,0,0,141000
06611P,祥碩國票98售01  ,0,0,0,0,0,0,0,0,0,141000,0,0,0,201000,60000,141000,141000
055518,華新科中信99購01,0,0,0,0,0,0,0,0,0,141000,0,0,0,141000,0,141000,141000
6168,宏齊            ,165000,24000,141000,0,0,0,0,0,0,0,0,0,0,0,0,0,141000
060239,國揚元大9C購01  ,0,0,0,0,0,0,0,0,0,140000,0,0,0,179000,39000,140000,140000
00653L,富邦印度正2     ,602000,701000,-99000,0,0,0,0,0,0,239000,0,0,0,1482000,1243000,239000,140000
058403,玉晶光元大99購12,0,0,0,0,0,0,0,0,0,140000,0,0,0,275000,135000,140000,140000
056634,為升兆豐99購01  ,0,0,0,0,0,0,0,0,0,140000,0,0,0,150000,10000,140000,140000
06676P,華新科國票98售03,0,0,0,0,0,0,0,0,0,139000,0,0,0,200000,61000,139000,139000
1789,神隆            ,391000,193000,198000,0,0,0,0,0,0,-59000,0,0,0,2000,61000,-59000,139000
05524P,瀚宇博國票97售02,0,0,0,0,0,0,0,0,0,139000,0,0,0,139000,0,139000,139000
055348,旺宏凱基97購01  ,0,0,0,0,0,0,0,0,0,139000,0,0,0,143000,4000,139000,139000
8021,尖點            ,272000,133000,139000,0,0,0,0,0,0,0,0,0,0,0,0,0,139000
03439B,臺股指元大99熊29,0,0,0,0,0,0,0,0,0,138000,0,0,0,220000,82000,138000,138000
6533,晶心科          ,174000,36000,138000,0,0,0,0,0,0,0,0,0,0,0,0,0,138000
6214,精誠            ,227000,89000,138000,0,0,0,0,1000,-1000,1000,1000,0,1000,0,0,0,138000
2929,淘帝-KY         ,198000,50000,148000,0,0,0,0,0,0,-10000,0,0,0,0,10000,-10000,138000
057424,訊芯凱基98購04  ,0,0,0,0,0,0,0,0,0,137000,0,0,0,160000,23000,137000,137000
5215,科嘉-KY         ,201000,77000,124000,0,0,0,77071,0,77071,-65000,0,65000,-65000,0,0,0,136071
06439P,上銀凱基98售02  ,0,0,0,0,0,0,0,0,0,136000,0,0,0,136000,0,136000,136000
06984P,上銀富邦9B售01  ,0,0,0,0,0,0,0,0,0,136000,0,0,0,141000,5000,136000,136000
057592,美律兆豐99購01  ,0,0,0,0,0,0,0,0,0,136000,0,0,0,136000,0,136000,136000
8110,華東            ,316000,177000,139000,0,0,0,0,4000,-4000,1000,19000,18000,1000,0,0,0,136000
07235P,T50正2元大9C售02,0,0,0,0,0,0,0,0,0,135000,0,0,0,200000,65000,135000,135000
2419,仲琦            ,175000,40000,135000,0,0,0,0,0,0,0,0,0,0,0,0,0,135000
050135,禾伸堂兆豐95購01,0,0,0,0,0,0,0,0,0,135000,0,0,0,135000,0,135000,135000
05528P,臺股指群益96售01,0,0,0,0,0,0,0,0,0,135000,0,0,0,378000,243000,135000,135000
057777,可成群益9A購03  ,0,0,0,0,0,0,0,0,0,135000,0,0,0,135000,0,135000,135000
07469P,台達電元大9A售01,0,0,0,0,0,0,0,0,0,134000,0,0,0,159000,25000,134000,134000
06654P,欣興元大98售08  ,0,0,0,0,0,0,0,0,0,134000,0,0,0,153000,19000,134000,134000
6224,聚鼎            ,195000,60000,135000,0,0,0,0,0,0,-1000,0,1000,-1000,0,0,0,134000
060363,美律元富9A購01  ,0,0,0,0,0,0,0,0,0,133000,0,0,0,243000,110000,133000,133000
057207,立積元富98購02  ,0,0,0,0,0,0,0,0,0,133000,0,0,0,391000,258000,133000,133000
056136,京鼎元大98購01  ,0,0,0,0,0,0,0,0,0,133000,0,0,0,979000,846000,133000,133000
07397P,大立光群益99售10,0,0,0,0,0,0,0,0,0,132000,0,0,0,142000,10000,132000,132000
055041,致新富邦97購01  ,0,0,0,0,0,0,0,0,0,132000,0,0,0,210000,78000,132000,132000
04462P,全新元富96售01  ,0,0,0,0,0,0,0,0,0,132000,0,0,0,137000,5000,132000,132000
057287,彩晶元大9C購03  ,0,0,0,0,0,0,0,0,0,132000,0,0,0,162000,30000,132000,132000
07378P,大立光元大99售29,0,0,0,0,0,0,0,0,0,131000,0,0,0,139000,8000,131000,131000
058141,嘉聯益元大99購05,0,0,0,0,0,0,0,0,0,131000,0,0,0,131000,0,131000,131000
06626P,大立光統一9A售01,0,0,0,0,0,0,0,0,0,130000,0,0,0,142000,12000,130000,130000
06012P,世芯國票96售01  ,0,0,0,0,0,0,0,0,0,130000,0,0,0,183000,53000,130000,130000
055052,凱美永豐97購01  ,0,0,0,0,0,0,0,0,0,130000,0,0,0,130000,0,130000,130000
054673,京鼎國泰98購01  ,0,0,0,0,0,0,0,0,0,130000,0,0,0,130000,0,130000,130000
055659,百和元富97購01  ,0,0,0,0,0,0,0,0,0,130000,0,0,0,150000,20000,130000,130000
055964,正文元大97購02  ,0,0,0,0,0,0,0,0,0,130000,0,0,0,160000,30000,130000,130000
059996,美律元富99購01  ,0,0,0,0,0,0,0,0,0,130000,0,0,0,218000,88000,130000,130000
060376,瑞祺元富9A購01  ,0,0,0,0,0,0,0,0,0,129000,0,0,0,1244000,1115000,129000,129000
07700P,臺股指元大9A售53,0,0,0,0,0,0,0,0,0,129000,0,0,0,1001000,872000,129000,129000
059077,FBVIX元大99購05 ,0,0,0,0,0,0,0,0,0,129000,0,0,0,132000,3000,129000,129000
07515P,台積電元大9A售15,0,0,0,0,0,0,0,0,0,128000,0,0,0,128000,0,128000,128000
1802,台玻            ,341000,213000,128000,0,0,0,0,0,0,0,0,0,0,0,0,0,128000
060277,道瓊反元大9A購02,0,0,0,0,0,0,0,0,0,128000,0,0,0,175000,47000,128000,128000
052426,國巨台新96購01  ,0,0,0,0,0,0,0,0,0,128000,0,0,0,128000,0,128000,128000
058929,可成統一9C購01  ,0,0,0,0,0,0,0,0,0,128000,0,0,0,228000,100000,128000,128000
06179P,國巨群益97售04  ,0,0,0,0,0,0,0,0,0,127000,0,0,0,222000,95000,127000,127000
07422P,大立光元大99售32,0,0,0,0,0,0,0,0,0,127000,0,0,0,145000,18000,127000,127000
06387P,緯穎永豐97售02  ,0,0,0,0,0,0,0,0,0,126000,0,0,0,152000,26000,126000,126000
07557P,玉晶光元大9A售09,0,0,0,0,0,0,0,0,0,126000,0,0,0,356000,230000,126000,126000
051483,玉晶光凱基96購02,0,0,0,0,0,0,0,0,0,126000,0,0,0,146000,20000,126000,126000
051449,玉晶光元大96購01,0,0,0,0,0,0,0,0,0,125000,0,0,0,125000,0,125000,125000
053519,力成群益96購02  ,0,0,0,0,0,0,0,0,0,125000,0,0,0,191000,66000,125000,125000
07189P,聯發科富邦9B售03,0,0,0,0,0,0,0,0,0,124000,0,0,0,404000,280000,124000,124000
052223,聯電凱基96購02  ,0,0,0,0,0,0,0,0,0,124000,0,0,0,124000,0,124000,124000
07391P,台灣50國泰02售01,0,0,0,0,0,0,0,0,0,123000,0,0,0,153000,30000,123000,123000
060226,道瓊反元大9A購01,0,0,0,0,0,0,0,0,0,123000,0,0,0,168000,45000,123000,123000
05226P,智邦統一95售01  ,0,0,0,0,0,0,0,0,0,123000,0,0,0,352000,229000,123000,123000
059628,智邦凱基99購04  ,0,0,0,0,0,0,0,0,0,123000,0,0,0,239000,116000,123000,123000
6202,盛群            ,305000,175001,129999,0,0,0,0,0,0,-7000,0,0,0,3000,10000,-7000,122999
061055,康控群益9A購01  ,0,0,0,0,0,0,0,0,0,121000,0,0,0,192000,71000,121000,121000
07658P,國泰金凱基9A售01,0,0,0,0,0,0,0,0,0,121000,0,0,0,131000,10000,121000,121000
052003,泰碩國泰97購02  ,0,0,0,0,0,0,0,0,0,121000,0,0,0,204000,83000,121000,121000
058722,台郡元富99購01  ,0,0,0,0,0,0,0,0,0,121000,0,0,0,127000,6000,121000,121000
05859P,台表科國票97售04,0,0,0,0,0,0,0,0,0,121000,0,0,0,121000,0,121000,121000
057713,美律統一99購01  ,0,0,0,0,0,0,0,0,0,121000,0,0,0,144000,23000,121000,121000
3033,威健            ,139000,19000,120000,0,0,0,0,0,0,1000,1000,0,1000,0,0,0,121000
2882A,國泰特          ,19000,0,19000,0,0,0,0,0,0,102000,122000,20000,102000,0,0,0,121000
07692P,玉晶光元大9A售11,0,0,0,0,0,0,0,0,0,120000,0,0,0,130000,10000,120000,120000
07348P,滬深2X凱基9A售04,0,0,0,0,0,0,0,0,0,120000,0,0,0,120000,0,120000,120000
052406,力成凱基95購03  ,0,0,0,0,0,0,0,0,0,120000,0,0,0,170000,50000,120000,120000
050735,亞光台新94購01  ,0,0,0,0,0,0,0,0,0,120000,0,0,0,120000,0,120000,120000
050946,瑞昱群益95購01  ,0,0,0,0,0,0,0,0,0,120000,0,0,0,120000,0,120000,120000
054898,台肥康和97購01  ,0,0,0,0,0,0,0,0,0,120000,0,0,0,130000,10000,120000,120000
054716,緯穎康和97購01  ,0,0,0,0,0,0,0,0,0,120000,0,0,0,230000,110000,120000,120000
053942,超眾國泰96購02  ,0,0,0,0,0,0,0,0,0,120000,0,0,0,130000,10000,120000,120000
055340,華新科日盛97購01,0,0,0,0,0,0,0,0,0,120000,0,0,0,120000,0,120000,120000
059175,臺股指凱基99購26,0,0,0,0,0,0,0,0,0,120000,0,0,0,120000,0,120000,120000
058228,為升元大99購01  ,0,0,0,0,0,0,0,0,0,120000,0,0,0,120000,0,120000,120000
07218P,臺股指凱基99售31,0,0,0,0,0,0,0,0,0,119000,0,0,0,234000,115000,119000,119000
06142P,台虹康和97售02  ,0,0,0,0,0,0,0,0,0,119000,0,0,0,182000,63000,119000,119000
058836,FBVIX中信03購05 ,0,0,0,0,0,0,0,0,0,119000,0,0,0,381000,262000,119000,119000
2841,台開            ,322000,203000,119000,0,0,0,0,0,0,0,0,0,0,0,0,0,119000
5264,鎧勝-KY         ,520000,356000,164000,0,0,0,0,0,0,-45000,0,30000,-30000,3000,18000,-15000,119000
9919,康那香          ,1097000,928000,169000,0,0,0,0,0,0,-50000,0,50000,-50000,0,0,0,119000
2351,順德            ,110000,42000,68000,0,0,0,100000,50000,50000,0,0,0,0,0,0,0,118000
05755P,臺股指中信99售04,0,0,0,0,0,0,0,0,0,118000,0,0,0,256000,138000,118000,118000
2461,光群雷          ,144000,26000,118000,0,0,0,0,0,0,0,0,0,0,0,0,0,118000
2308,台達電          ,3258069,3230000,28069,0,0,0,100000,1000,99000,-10000,20000,45000,-25000,24000,9000,15000,117069
07468P,聯電元大9A售02  ,0,0,0,0,0,0,0,0,0,117000,0,0,0,147000,30000,117000,117000
07281P,鴻海凱基99售13  ,0,0,0,0,0,0,0,0,0,117000,0,0,0,216000,99000,117000,117000
1308,亞聚            ,298000,137000,161000,0,0,0,678,0,678,-45000,0,45000,-45000,0,0,0,116678
4106,雃博            ,150000,34000,116000,0,0,0,122,0,122,0,0,0,0,0,0,0,116122
2023,燁輝            ,429000,313000,116000,0,0,0,0,0,0,0,0,0,0,0,0,0,116000
1447,力鵬            ,127000,11000,116000,0,0,0,0,0,0,0,0,0,0,0,0,0,116000
3406,玉晶光          ,756000,956000,-200000,0,0,0,0,127000,-127000,443000,312000,103000,209000,250000,16000,234000,116000
2231,為升            ,235000,77000,158000,0,0,0,0,31000,-31000,-12000,7000,6000,1000,14000,27000,-13000,115000
05782P,聯詠元富96售02  ,0,0,0,0,0,0,0,0,0,115000,0,0,0,167000,52000,115000,115000
4725,信昌化          ,161000,46000,115000,0,0,0,0,0,0,0,0,0,0,0,0,0,115000
1712,興農            ,231000,97000,134000,0,0,0,746,0,746,-20000,0,20000,-20000,0,0,0,114746
059999,緯穎元富99購01  ,0,0,0,0,0,0,0,0,0,114000,0,0,0,164000,50000,114000,114000
2377,微星            ,576118,858534,-282416,0,0,0,321360,4000,317360,79000,63000,0,63000,34000,18000,16000,113944
06783P,亞光元大98售03  ,0,0,0,0,0,0,0,0,0,113000,0,0,0,158000,45000,113000,113000
059943,信邦永豐99購01  ,0,0,0,0,0,0,0,0,0,113000,0,0,0,133000,20000,113000,113000
06971P,台光電元大99售03,0,0,0,0,0,0,0,0,0,112000,0,0,0,123000,11000,112000,112000
07472P,和碩元大9A售03  ,0,0,0,0,0,0,0,0,0,112000,0,0,0,193000,81000,112000,112000
054621,華新科兆豐98購01,0,0,0,0,0,0,0,0,0,112000,0,0,0,122000,10000,112000,112000
2548,華固            ,318000,219000,99000,0,0,0,0,1000,-1000,14000,14000,0,14000,0,0,0,112000
054689,華新科永豐97購01,0,0,0,0,0,0,0,0,0,111000,0,0,0,111000,0,111000,111000
055785,祥碩凱基97購02  ,0,0,0,0,0,0,0,0,0,111000,0,0,0,116000,5000,111000,111000
03647C,T50反1元富99牛02,0,0,0,0,0,0,0,0,0,111000,0,0,0,111000,0,111000,111000
6155,鈞寶            ,167000,56000,111000,0,0,0,0,0,0,0,0,0,0,0,0,0,111000
1734,杏輝            ,123000,13000,110000,0,0,0,0,0,0,0,0,0,0,0,0,0,110000
06902P,聯電凱基98售02  ,0,0,0,0,0,0,0,0,0,110000,0,0,0,130000,20000,110000,110000
058852,貿聯群益99購04  ,0,0,0,0,0,0,0,0,0,110000,0,0,0,110000,0,110000,110000
058568,宏達電凱基9A購02,0,0,0,0,0,0,0,0,0,110000,0,0,0,110000,0,110000,110000
058270,上緯控永豐99購01,0,0,0,0,0,0,0,0,0,110000,0,0,0,110000,0,110000,110000
07315P,台積電台新99售06,0,0,0,0,0,0,0,0,0,109000,0,0,0,109000,0,109000,109000
054701,宏全永豐97購01  ,0,0,0,0,0,0,0,0,0,109000,0,0,0,109000,0,109000,109000
056094,大立光元富97購03,0,0,0,0,0,0,0,0,0,109000,0,0,0,117000,8000,109000,109000
07407P,欣興凱基99售07  ,0,0,0,0,0,0,0,0,0,108000,0,0,0,135000,27000,108000,108000
1809,中釉            ,154000,46000,108000,0,0,0,0,0,0,0,0,0,0,0,0,0,108000
060366,健策元富9A購01  ,0,0,0,0,0,0,0,0,0,108000,0,0,0,227000,119000,108000,108000
053570,京元電統一96購01,0,0,0,0,0,0,0,0,0,108000,0,0,0,216000,108000,108000,108000
053913,華新國票97購01  ,0,0,0,0,0,0,0,0,0,108000,0,0,0,128000,20000,108000,108000
03603P,群創凱基98售04  ,0,0,0,0,0,0,0,0,0,108000,0,0,0,137000,29000,108000,108000
058145,聯茂元大99購03  ,0,0,0,0,0,0,0,0,0,108000,0,0,0,148000,40000,108000,108000
07395P,台積電群益99售13,0,0,0,0,0,0,0,0,0,107000,0,0,0,134000,27000,107000,107000
051540,力成國票95購01  ,0,0,0,0,0,0,0,0,0,107000,0,0,0,107000,0,107000,107000
8261,富鼎            ,137000,30000,107000,0,0,0,0,0,0,0,0,0,0,0,0,0,107000
055265,玉晶光永豐98購03,0,0,0,0,0,0,0,0,0,106000,0,0,0,126000,20000,106000,106000
07226P,貿聯富邦9B售01  ,0,0,0,0,0,0,0,0,0,105000,0,0,0,154000,49000,105000,105000
1338,廣華-KY         ,139000,34000,105000,0,0,0,0,0,0,0,0,0,0,0,0,0,105000
055333,晶豪科兆豐97購01,0,0,0,0,0,0,0,0,0,105000,0,0,0,120000,15000,105000,105000
059287,華通元富99購03  ,0,0,0,0,0,0,0,0,0,105000,0,0,0,107000,2000,105000,105000
00652,富邦印度        ,69000,5000,64000,0,0,0,0,0,0,41000,0,0,0,56000,15000,41000,105000
058775,台積電國票9A購02,0,0,0,0,0,0,0,0,0,105000,0,0,0,431000,326000,105000,105000
057517,矽創元富98購02  ,0,0,0,0,0,0,0,0,0,105000,0,0,0,105000,0,105000,105000
07420P,可成元大99售07  ,0,0,0,0,0,0,0,0,0,104000,0,0,0,174000,70000,104000,104000
060104,新日興元大99購03,0,0,0,0,0,0,0,0,0,104000,0,0,0,104000,0,104000,104000
05036P,義隆元大95售03  ,0,0,0,0,0,0,0,0,0,104000,0,0,0,104000,0,104000,104000
05913P,國巨元大96售11  ,0,0,0,0,0,0,0,0,0,104000,0,0,0,104000,0,104000,104000
059958,鎧勝康和99購01  ,0,0,0,0,0,0,0,0,0,104000,0,0,0,135000,31000,104000,104000
059097,世紀鋼元大99購05,0,0,0,0,0,0,0,0,0,104000,0,0,0,114000,10000,104000,104000
057875,京鼎元大98購03  ,0,0,0,0,0,0,0,0,0,104000,0,0,0,139000,35000,104000,104000
060530,聯發科中信9C購03,0,0,0,0,0,0,0,0,0,103000,0,0,0,105000,2000,103000,103000
07317P,T50正2凱基9B售02,0,0,0,0,0,0,0,0,0,103000,0,0,0,110000,7000,103000,103000
048793,超眾元大95購02  ,0,0,0,0,0,0,0,0,0,103000,0,0,0,153000,50000,103000,103000
052561,矽創國票97購01  ,0,0,0,0,0,0,0,0,0,103000,0,0,0,103000,0,103000,103000
05971P,世紀鋼永豐96售04,0,0,0,0,0,0,0,0,0,103000,0,0,0,107000,4000,103000,103000
3376,新日興          ,286000,159000,127000,0,0,0,0,0,0,-24000,10000,10000,0,32000,56000,-24000,103000
07301P,臺股指元大9A售34,0,0,0,0,0,0,0,0,0,102000,0,0,0,133000,31000,102000,102000
06603P,立積統一99售01  ,0,0,0,0,0,0,0,0,0,102000,0,0,0,127000,25000,102000,102000
2406,國碩            ,308000,206000,102000,0,0,0,0,0,0,0,0,0,0,0,0,0,102000
05116P,台積電群益95售03,0,0,0,0,0,0,0,0,0,102000,0,0,0,102000,0,102000,102000
060023,T50反1國泰9A購03,0,25000,-25000,0,0,0,0,0,0,127000,0,0,0,127000,0,127000,102000
2457,飛宏            ,193000,92000,101000,0,0,0,0,0,0,1000,1000,0,1000,0,0,0,102000
6672,騰輝電子-KY     ,148000,46000,102000,0,0,0,0,0,0,0,0,0,0,0,0,0,102000
9955,佳龍            ,120000,18000,102000,0,0,0,0,0,0,0,0,0,0,0,0,0,102000
07394P,國巨群益99售12  ,0,0,0,0,0,0,0,0,0,101000,0,0,0,141000,40000,101000,101000
060612,世紀鋼凱基9A購01,0,0,0,0,0,0,0,0,0,101000,0,0,0,185000,84000,101000,101000
061075,亞德客兆豐9A購01,0,0,0,0,0,0,0,0,0,101000,0,0,0,101000,0,101000,101000
05261P,鴻海元大95售20  ,0,0,0,0,0,0,0,0,0,101000,0,0,0,111000,10000,101000,101000
057842,緯穎富邦99購02  ,0,0,0,0,0,0,0,0,0,101000,0,0,0,101000,0,101000,101000
2537,聯上發          ,228000,127000,101000,0,0,0,0,0,0,0,0,0,0,0,0,0,101000
2642,宅配通          ,122000,21000,101000,0,0,0,0,0,0,0,0,0,0,0,0,0,101000
06125P,楠梓電元富99售01,0,0,0,0,0,0,0,0,0,100000,0,0,0,100000,0,100000,100000
060684,同欣電元大9A購01,0,0,0,0,0,0,0,0,0,100000,0,0,0,262000,162000,100000,100000
060389,世紀鋼凱基9B購02,0,0,0,0,0,0,0,0,0,100000,0,0,0,100000,0,100000,100000
07663P,台灣50台新01售03,0,0,0,0,0,0,0,0,0,100000,0,0,0,100000,0,100000,100000
052658,友達元富9C購01  ,0,0,0,0,0,0,0,0,0,100000,0,0,0,100000,0,100000,100000
03650C,T50反1元大98牛05,0,0,0,0,0,0,0,0,0,100000,0,0,0,105000,5000,100000,100000
049583,台積電元大95購04,0,0,0,0,0,0,0,0,0,100000,0,0,0,100000,0,100000,100000
049926,智易元大95購02  ,0,0,0,0,0,0,0,0,0,100000,0,0,0,100000,0,100000,100000
050512,台泥元大94購01  ,0,0,0,0,0,0,0,0,0,100000,0,0,0,100000,0,100000,100000
051303,奇鋐凱基95購01  ,0,0,0,0,0,0,0,0,0,100000,0,0,0,100000,0,100000,100000
051844,宏達電富邦96購01,0,0,0,0,0,0,0,0,0,100000,0,0,0,100000,0,100000,100000
059187,國巨富邦9B購02  ,0,0,0,0,0,0,0,0,0,100000,0,0,0,130000,30000,100000,100000
055725,嘉聯益元大98購03,0,0,0,0,0,0,0,0,0,100000,0,0,0,100000,0,100000,100000
053699,臺股指元大96購22,0,0,0,0,0,0,0,0,0,100000,0,0,0,100000,0,100000,100000
059423,滬深2X元大9A購01,0,0,0,0,0,0,0,0,0,100000,0,0,0,100000,0,100000,100000
058191,祥碩永豐99購01  ,0,0,0,0,0,0,0,0,0,100000,0,0,0,100000,0,100000,100000
057250,大立光統一98購08,0,0,0,0,0,0,0,0,0,100000,0,0,0,100000,0,100000,100000
056975,元油2X群益98購03,200000,100000,100000,0,0,0,0,0,0,0,0,0,0,0,0,0,100000
056781,元油2X群益9B購02,0,0,0,0,0,0,0,0,0,100000,0,0,0,100000,0,100000,100000
060002,T50反1群益9A購01,0,0,0,0,0,0,0,0,0,100000,0,0,0,100000,0,100000,100000
060004,臺指反群益9A購01,0,0,0,0,0,0,0,0,0,100000,0,0,0,100000,0,100000,100000
058465,元石油中信01購01,0,0,0,0,0,0,0,0,0,100000,0,0,0,100000,0,100000,100000
4977,眾達-KY         ,532000,474621,57379,0,0,0,0,0,0,42000,43000,1000,42000,0,0,0,99379
061082,台光電兆豐9A購01,0,0,0,0,0,0,0,0,0,99000,0,0,0,100000,1000,99000,99000
051266,國巨富邦99購01  ,0,0,0,0,0,0,0,0,0,99000,0,0,0,99000,0,99000,99000
03658C,T50反1元大9A牛02,0,0,0,0,0,0,0,0,0,99000,0,0,0,101000,2000,99000,99000
048059,欣興國泰95購01  ,0,0,0,0,0,0,0,0,0,99000,0,0,0,99000,0,99000,99000
060654,大毅群益9B購01  ,0,0,0,0,0,0,0,0,0,98000,0,0,0,222000,124000,98000,98000
07300P,臺股指元大9A售33,0,0,0,0,0,0,0,0,0,98000,0,0,0,164000,66000,98000,98000
06686P,麗豐永豐98售02  ,0,0,0,0,0,0,0,0,0,98000,0,0,0,98000,0,98000,98000
051243,微星元大95購01  ,0,0,0,0,0,0,0,0,0,98000,0,0,0,99000,1000,98000,98000
055764,臺股指群益97購02,0,0,0,0,0,0,0,0,0,98000,0,0,0,98000,0,98000,98000
051463,世芯國泰97購02  ,0,0,0,0,0,0,0,0,0,98000,0,0,0,120000,22000,98000,98000
059785,美律元大9A購03  ,0,0,0,0,0,0,0,0,0,98000,0,0,0,114000,16000,98000,98000
057662,上銀元大9A購01  ,0,0,0,0,0,0,0,0,0,98000,0,0,0,98000,0,98000,98000
058005,茂林群益98購04  ,0,0,0,0,0,0,0,0,0,98000,0,0,0,98000,0,98000,98000
6505,台塑化          ,1217000,1010000,207000,0,0,0,62000,6000,56000,-165000,0,165000,-165000,0,0,0,98000
2467,志聖            ,189000,92000,97000,0,0,0,283,0,283,0,0,0,0,0,0,0,97283
060467,神基元大9A購01  ,0,0,0,0,0,0,0,0,0,97000,0,0,0,307000,210000,97000,97000
060791,聯茂富邦9A購02  ,0,0,0,0,0,0,0,0,0,97000,0,0,0,100000,3000,97000,97000
2809,京城銀          ,361000,261000,100000,0,0,0,0,1000,-1000,-2000,0,2000,-2000,0,0,0,97000
9914,美利達          ,353000,181000,172000,0,0,0,60000,145000,-85000,10000,10000,0,10000,0,0,0,97000
054343,世紀鋼元富96購02,0,0,0,0,0,0,0,0,0,96000,0,0,0,96000,0,96000,96000
052777,燿華國票98購01  ,0,0,0,0,0,0,0,0,0,96000,0,0,0,106000,10000,96000,96000
053889,致茂群益97購01  ,0,0,0,0,0,0,0,0,0,96000,0,0,0,96000,0,96000,96000
059442,祥碩元大99購03  ,0,0,0,0,0,0,0,0,0,96000,0,0,0,134000,38000,96000,96000
057656,大成鋼兆豐98購01,0,0,0,0,0,0,0,0,0,96000,0,0,0,110000,14000,96000,96000
058265,奇力新永豐9A購01,0,0,0,0,0,0,0,0,0,96000,0,0,0,113000,17000,96000,96000
058707,泰鼎元大99購02  ,0,0,0,0,0,0,0,0,0,96000,0,0,0,228000,132000,96000,96000
058703,台積電元大99購16,0,0,0,0,0,0,0,0,0,96000,0,0,0,172000,76000,96000,96000
060994,世芯元大9A購03  ,0,0,0,0,0,0,0,0,0,95000,0,0,0,206000,111000,95000,95000
1215,卜蜂            ,259000,155000,104000,0,0,0,0,0,0,-9000,0,0,0,1000,10000,-9000,95000
2015,豐興            ,239000,141000,98000,0,0,0,0,1000,-1000,-2000,0,2000,-2000,0,0,0,95000
052776,力山國票97購01  ,0,0,0,0,0,0,0,0,0,95000,0,0,0,95000,0,95000,95000
049219,聯發科國票95購01,0,0,0,0,0,0,0,0,0,95000,0,0,0,95000,0,95000,95000
04929P,同欣電凱基95售01,0,0,0,0,0,0,0,0,0,95000,0,0,0,103000,8000,95000,95000
048380,T50反1國票94購02,0,0,0,0,0,0,0,0,0,95000,0,0,0,95000,0,95000,95000
051961,泰碩永豐95購01  ,0,0,0,0,0,0,0,0,0,95000,0,0,0,95000,0,95000,95000
05625P,國巨國票97售01  ,0,0,0,0,0,0,0,0,0,95000,0,0,0,171000,76000,95000,95000
05973P,聯詠元大96售06  ,0,0,0,0,0,0,0,0,0,95000,0,0,0,99000,4000,95000,95000
3031,佰鴻            ,157000,62000,95000,0,0,0,0,0,0,0,0,0,0,0,0,0,95000
07463P,台積電國票9A售05,0,0,0,0,0,0,0,0,0,94000,0,0,0,94000,0,94000,94000
07269P,台灣50元大01售08,0,0,0,0,0,0,0,0,0,94000,0,0,0,94000,0,94000,94000
061080,華邦電兆豐9B購01,0,0,0,0,0,0,0,0,0,94000,0,0,0,124000,30000,94000,94000
060709,緯穎富邦9B購01  ,0,0,0,0,0,0,0,0,0,94000,0,0,0,154000,60000,94000,94000
01003T,兆豐新光R1      ,100000,6000,94000,0,0,0,0,0,0,0,0,0,0,0,0,0,94000
049488,智邦元大95購01  ,0,0,0,0,0,0,0,0,0,94000,0,0,0,94000,0,94000,94000
053120,復盛中信9A購01  ,0,0,0,0,0,0,0,0,0,94000,0,0,0,94000,0,94000,94000
058516,健鼎元大99購02  ,0,0,0,0,0,0,0,0,0,94000,0,0,0,95000,1000,94000,94000
07381P,鴻海群益99售05  ,0,0,0,0,0,0,0,0,0,93000,0,0,0,113000,20000,93000,93000
07382P,台積電群益9B售01,0,0,0,0,0,0,0,0,0,93000,0,0,0,95000,2000,93000,93000
055408,力成國泰98購01  ,0,0,0,0,0,0,0,0,0,93000,0,0,0,111000,18000,93000,93000
052279,旺宏凱基95購07  ,0,0,0,0,0,0,0,0,0,93000,0,0,0,148000,55000,93000,93000
055951,大成鋼元大97購02,0,0,0,0,0,0,0,0,0,93000,0,0,0,106000,13000,93000,93000
07316P,長榮航康和99售01,0,0,0,0,0,0,0,0,0,92000,0,0,0,127000,35000,92000,92000
06492P,上銀永豐98售01  ,0,0,0,0,0,0,0,0,0,92000,0,0,0,149000,57000,92000,92000
07589P,玉晶光國票9A售02,0,0,0,0,0,0,0,0,0,92000,0,0,0,120000,28000,92000,92000
2031,新光鋼          ,194000,92000,102000,0,0,0,0,0,0,-10000,0,10000,-10000,0,0,0,92000
055830,上銀元大97購07  ,0,0,0,0,0,0,0,0,0,92000,0,0,0,96000,4000,92000,92000
04866P,台積電統一95售02,0,0,0,0,0,0,0,0,0,92000,0,0,0,93000,1000,92000,92000
03050X,元展47          ,0,0,0,0,0,0,0,0,0,92000,0,0,0,102000,10000,92000,92000
053171,中磊群益96購01  ,0,0,0,0,0,0,0,0,0,92000,0,0,0,100000,8000,92000,92000
06937P,GIS元大98售03   ,0,0,0,0,0,0,0,0,0,91000,0,0,0,101000,10000,91000,91000
053752,超眾永豐96購02  ,0,0,0,0,0,0,0,0,0,91000,0,0,0,131000,40000,91000,91000
059051,和大凱基9A購01  ,0,0,0,0,0,0,0,0,0,91000,0,0,0,141000,50000,91000,91000
2359,所羅門          ,101000,11000,90000,0,0,0,0,0,0,0,0,0,0,0,0,0,90000
060061,旺宏兆豐99購02  ,0,0,0,0,0,0,0,0,0,90000,0,0,0,113000,23000,90000,90000
046703,瑞昱元富95購01  ,0,0,0,0,0,0,0,0,0,90000,0,0,0,90000,0,90000,90000
051675,瑞儀元大96購02  ,0,0,0,0,0,0,0,0,0,90000,0,0,0,90000,0,90000,90000
3419,譁裕            ,121000,31000,90000,0,0,0,0,0,0,0,0,0,0,0,0,0,90000
5607,遠雄港          ,107000,17000,90000,0,0,0,0,0,0,0,0,0,0,0,0,0,90000
060393,泰鼎群益9A購01  ,0,0,0,0,0,0,0,0,0,89000,0,0,0,140000,51000,89000,89000
060680,玉晶光元大9C購03,0,0,0,0,0,0,0,0,0,89000,0,0,0,204000,115000,89000,89000
07455P,聯發科元大9A售01,0,0,0,0,0,0,0,0,0,89000,0,0,0,259000,170000,89000,89000
06935P,神達元大98售02  ,0,0,0,0,0,0,0,0,0,89000,0,0,0,90000,1000,89000,89000
07227P,聯發科元富99售05,0,0,0,0,0,0,0,0,0,89000,0,0,0,125000,36000,89000,89000
006207,FH滬深          ,94000,1000,93000,0,0,0,0,0,0,-4000,6000,36000,-30000,71000,45000,26000,89000
053768,S&P反1元大99購01,0,0,0,0,0,0,0,0,0,89000,0,0,0,89000,0,89000,89000
2486,一詮            ,115000,26000,89000,0,0,0,0,0,0,0,0,0,0,0,0,0,89000
2104,國際中橡        ,666000,521000,145000,0,0,0,0,0,0,-57000,0,0,0,0,57000,-57000,88000
059305,台灣50元大99購02,0,0,0,0,0,0,0,0,0,88000,0,0,0,143000,55000,88000,88000
058551,義隆永豐99購03  ,0,0,0,0,0,0,0,0,0,88000,0,0,0,129000,41000,88000,88000
1444,力麗            ,272000,185000,87000,0,0,0,0,0,0,0,0,0,0,0,0,0,87000
06952P,大立光統一9A售03,0,0,0,0,0,0,0,0,0,87000,0,0,0,87000,0,87000,87000
060437,宏全永豐9A購01  ,0,0,0,0,0,0,0,0,0,87000,0,0,0,87000,0,87000,87000
060636,大毅永豐9A購02  ,0,0,0,0,0,0,0,0,0,87000,0,0,0,100000,13000,87000,87000
06007P,世芯永豐96售01  ,0,0,0,0,0,0,0,0,0,87000,0,0,0,187000,100000,87000,87000
05095P,景碩元大95售01  ,0,0,0,0,0,0,0,0,0,87000,0,0,0,87000,0,87000,87000
060452,儒鴻元大9A購01  ,0,0,0,0,0,0,0,0,0,86000,0,0,0,115000,29000,86000,86000
06934P,聯鈞元大98售03  ,0,0,0,0,0,0,0,0,0,86000,0,0,0,159000,73000,86000,86000
07341P,台積電凱基99售18,0,0,0,0,0,0,0,0,0,86000,0,0,0,151000,65000,86000,86000
07451P,鴻海元大9B售01  ,0,0,0,0,0,0,0,0,0,86000,0,0,0,96000,10000,86000,86000
056418,台光電元富98購01,0,0,0,0,0,0,0,0,0,86000,0,0,0,343000,257000,86000,86000
056039,宏達電凱基97購02,0,0,0,0,0,0,0,0,0,86000,0,0,0,86000,0,86000,86000
07541P,國巨凱基9A售12  ,0,0,0,0,0,0,0,0,0,85000,0,0,0,100000,15000,85000,85000
06551P,貿聯元大98售05  ,0,0,0,0,0,0,0,0,0,85000,0,0,0,100000,15000,85000,85000
060500,鴻海元大9A購12  ,0,0,0,0,0,0,0,0,0,85000,0,0,0,85000,0,85000,85000
060034,立積永豐99購04  ,0,0,0,0,0,0,0,0,0,85000,0,0,0,143000,58000,85000,85000
046869,聯發科統一95購01,0,0,0,0,0,0,0,0,0,85000,0,0,0,85000,0,85000,85000
051597,T50反1中信99購02,0,0,0,0,0,0,0,0,0,85000,0,0,0,92000,7000,85000,85000
052459,道瓊反統一95購04,0,0,0,0,0,0,0,0,0,85000,0,0,0,85000,0,85000,85000
4108,懷特            ,106000,21000,85000,0,0,0,0,0,0,0,0,0,0,0,0,0,85000
4976,佳凌            ,128000,43000,85000,0,0,0,0,0,0,0,0,0,0,0,0,0,85000
2905,三商            ,154000,70000,84000,0,0,0,876,0,876,0,0,0,0,0,0,0,84876
06022P,緯穎永豐96售03  ,0,0,0,0,0,0,0,0,0,84000,0,0,0,99000,15000,84000,84000
060631,微星富邦9B購01  ,0,0,0,0,0,0,0,0,0,84000,0,0,0,84000,0,84000,84000
06157P,聯鈞統一97售02  ,0,0,0,0,0,0,0,0,0,84000,0,0,0,84000,0,84000,84000
07251P,台灣50元富01售04,0,0,0,0,0,0,0,0,0,84000,0,0,0,90000,6000,84000,84000
07039P,南電台新99售01  ,0,0,0,0,0,0,0,0,0,84000,0,0,0,125000,41000,84000,84000
07626P,台灣50凱基04售07,0,0,0,0,0,0,0,0,0,84000,0,0,0,95000,11000,84000,84000
1473,台南            ,100000,16000,84000,0,0,0,0,0,0,0,0,0,0,0,0,0,84000
057894,華通元富02購02  ,0,0,0,0,0,0,0,0,0,84000,0,0,0,85000,1000,84000,84000
057815,信邦元大98購01  ,0,0,0,0,0,0,0,0,0,84000,0,0,0,84000,0,84000,84000
058398,中環元大99購02  ,0,0,0,0,0,0,0,0,0,84000,0,0,0,98000,14000,84000,84000
05951P,台積電國票97售05,0,0,0,0,0,0,0,0,0,84000,0,0,0,84000,0,84000,84000
06641P,智邦兆豐99售01  ,0,0,0,0,0,0,0,0,0,83000,0,0,0,83000,0,83000,83000
052069,聯茂兆豐96購01  ,0,0,0,0,0,0,0,0,0,83000,0,0,0,83000,0,83000,83000
059155,台表科日盛99購01,0,0,0,0,0,0,0,0,0,83000,0,0,0,132000,49000,83000,83000
053352,義隆兆豐96購01  ,0,0,0,0,0,0,0,0,0,83000,0,0,0,110000,27000,83000,83000
053062,緯穎富邦97購01  ,0,0,0,0,0,0,0,0,0,83000,0,0,0,93000,10000,83000,83000
056931,智原台新98購01  ,0,0,0,0,0,0,0,0,0,83000,0,0,0,89000,6000,83000,83000
8011,台通            ,107000,23000,84000,0,0,0,0,0,0,-1000,0,1000,-1000,0,0,0,83000
8271,宇瞻            ,542000,458000,84000,0,0,0,166,0,166,-2000,0,2000,-2000,0,0,0,82166
07411P,國巨元大99售31  ,0,0,0,0,0,0,0,0,0,82000,0,0,0,260000,178000,82000,82000
07648P,祥碩國票9B售01  ,0,0,0,0,0,0,0,0,0,82000,0,0,0,82000,0,82000,82000
054420,緯穎元大96購08  ,0,0,0,0,0,0,0,0,0,82000,0,0,0,82000,0,82000,82000
00651R,FH香港反1       ,0,22000,-22000,0,0,0,0,0,0,104000,0,0,0,409000,305000,104000,82000
056298,億光元大97購02  ,0,0,0,0,0,0,0,0,0,82000,0,0,0,100000,18000,82000,82000
058468,聯茂中信99購02  ,0,0,0,0,0,0,0,0,0,82000,0,0,0,112000,30000,82000,82000
05759P,智邦永豐96售02  ,0,0,0,0,0,0,0,0,0,82000,0,0,0,102000,20000,82000,82000
4119,旭富            ,317000,220000,97000,0,0,0,108,1000,-892,-15000,0,20000,-20000,9000,4000,5000,81108
060296,和碩元大9A購01  ,0,0,0,0,0,0,0,0,0,81000,0,0,0,118000,37000,81000,81000
060190,國泰金元富9A購01,0,0,0,0,0,0,0,0,0,81000,0,0,0,238000,157000,81000,81000
060191,亞光元富9A購02  ,0,0,0,0,0,0,0,0,0,81000,0,0,0,188000,107000,81000,81000
054318,台虹凱基98購01  ,0,0,0,0,0,0,0,0,0,81000,0,0,0,81000,0,81000,81000
057032,A50反1元大9B購01,0,0,0,0,0,0,0,0,0,81000,0,0,0,81000,0,81000,81000
3059,華晶科          ,189000,107757,81243,0,0,0,0,0,0,-1000,0,1000,-1000,0,0,0,80243
6112,聚碩            ,118000,39000,79000,0,0,0,230,0,230,1000,1000,0,1000,0,0,0,80230
06010P,國泰金元富96售01,0,0,0,0,0,0,0,0,0,80000,0,0,0,81000,1000,80000,80000
060257,臺股指元大9B購08,0,0,0,0,0,0,0,0,0,80000,0,0,0,80000,0,80000,80000
060362,建準元富9A購02  ,0,0,0,0,0,0,0,0,0,80000,0,0,0,80000,0,80000,80000
060997,上銀兆豐9B購01  ,0,0,0,0,0,0,0,0,0,80000,0,0,0,80000,0,80000,80000
061016,可成麥證9A購01  ,0,0,0,80000,0,80000,0,0,0,80000,0,0,0,80000,0,80000,80000
061017,國泰金麥證9A購01,0,0,0,80000,0,80000,0,0,0,80000,0,0,0,80000,0,80000,80000
060893,台灣50凱基01購07,0,0,0,0,0,0,0,0,0,80000,0,0,0,80000,0,80000,80000
1316,上曜            ,91000,11000,80000,0,0,0,0,0,0,0,0,0,0,0,0,0,80000
07437P,臺股指麥證9A售04,0,0,0,90000,10000,80000,0,0,0,80000,0,0,0,90000,10000,80000,80000
07364P,大立光元大99售27,0,0,0,0,0,0,0,0,0,80000,0,0,0,82000,2000,80000,80000
050715,台積電群益96購01,0,0,0,0,0,0,0,0,0,80000,0,0,0,80000,0,80000,80000
047287,貿聯統一95購01  ,0,0,0,0,0,0,0,0,0,80000,0,0,0,80000,0,80000,80000
04495P,台積電國票95售01,0,0,0,0,0,0,0,0,0,80000,0,0,0,100000,20000,80000,80000
048651,美利達元大96購05,0,0,0,0,0,0,0,0,0,80000,0,0,0,148000,68000,80000,80000
049372,華新科元大95購04,0,0,0,0,0,0,0,0,0,80000,0,0,0,80000,0,80000,80000
053033,智易兆豐97購01  ,0,0,0,0,0,0,0,0,0,80000,0,0,0,80000,0,80000,80000
05499P,聯詠元富95售02  ,0,0,0,0,0,0,0,0,0,80000,0,0,0,90000,10000,80000,80000
055092,開發金群益9B購01,0,0,0,0,0,0,0,0,0,80000,0,0,0,80000,0,80000,80000
058030,國巨永豐98購08  ,0,0,0,0,0,0,0,0,0,80000,0,0,0,80000,0,80000,80000
057833,聯發科元富02購06,0,0,0,0,0,0,0,0,0,80000,0,0,0,80000,0,80000,80000
057856,聯鈞國票99購03  ,0,0,0,0,0,0,0,0,0,80000,0,0,0,104000,24000,80000,80000
057230,建準凱基98購02  ,0,0,0,0,0,0,0,0,0,80000,0,0,0,111000,31000,80000,80000
059862,全新群益99購04  ,0,0,0,0,0,0,0,0,0,80000,0,0,0,80000,0,80000,80000
3015,全漢            ,90000,10000,80000,0,0,0,0,0,0,0,0,0,0,0,0,0,80000
2608,嘉里大榮        ,99000,19000,80000,0,0,0,0,0,0,0,0,0,0,0,0,0,80000
060537,台灣50凱基9B購01,0,0,0,0,0,0,0,0,0,79000,0,0,0,99000,20000,79000,79000
053611,聯茂麥證96購01  ,0,0,0,102000,0,102000,0,0,0,79000,0,0,0,102000,23000,79000,79000
047962,T50反1中信96購02,0,0,0,0,0,0,0,0,0,79000,0,0,0,79000,0,79000,79000
056762,亞德客元大98購01,0,0,0,0,0,0,0,0,0,79000,0,0,0,84000,5000,79000,79000
059392,臺股指凱基99購38,0,0,0,0,0,0,0,0,0,79000,0,0,0,80000,1000,79000,79000
6282,康舒            ,204000,107000,97000,0,0,0,0,3000,-3000,-15000,2000,16000,-14000,1000,2000,-1000,79000
060222,貿聯凱基9A購02  ,0,0,0,0,0,0,0,0,0,78000,0,0,0,78000,0,78000,78000
06593P,欣興元大98售05  ,0,0,0,0,0,0,0,0,0,78000,0,0,0,106000,28000,78000,78000
07504P,聯詠元大9A售02  ,0,0,0,0,0,0,0,0,0,78000,0,0,0,80000,2000,78000,78000
054459,鈺齊群益96購01  ,0,0,0,0,0,0,0,0,0,78000,0,0,0,83000,5000,78000,78000
051462,世芯國泰97購01  ,0,0,0,0,0,0,0,0,0,78000,0,0,0,96000,18000,78000,78000
05485P,旺宏凱基95售08  ,0,0,0,0,0,0,0,0,0,78000,0,0,0,93000,15000,78000,78000
058873,美律國票9A購02  ,0,0,0,0,0,0,0,0,0,78000,0,0,0,78000,0,78000,78000
057955,技嘉元大98購07  ,0,0,0,0,0,0,0,0,0,78000,0,0,0,181000,103000,78000,78000
4564,元翎            ,122000,44000,78000,0,0,0,0,0,0,0,0,0,0,0,0,0,78000
07453P,台積電元大9A售05,0,0,0,0,0,0,0,0,0,77000,0,0,0,77000,0,77000,77000
07466P,亞德客元大9A售02,0,0,0,0,0,0,0,0,0,77000,0,0,0,111000,34000,77000,77000
07410P,鴻海元大99售44  ,0,0,0,0,0,0,0,0,0,77000,0,0,0,77000,0,77000,77000
060409,味全永豐9A購01  ,0,0,0,0,0,0,0,0,0,77000,0,0,0,77000,0,77000,77000
053950,緯穎富邦97購02  ,0,0,0,0,0,0,0,0,0,77000,0,0,0,77000,0,77000,77000
05140P,台表科國票96售01,0,0,0,0,0,0,0,0,0,77000,0,0,0,87000,10000,77000,77000
047194,世紀鋼元大96購01,0,0,0,0,0,0,0,0,0,77000,0,0,0,103000,26000,77000,77000
057700,新日興群益9A購01,0,0,0,0,0,0,0,0,0,77000,0,0,0,77000,0,77000,77000
059926,世紀鋼國泰9B購01,0,0,0,0,0,0,0,0,0,77000,0,0,0,618000,541000,77000,77000
060471,台勝科元大9B購01,0,0,0,0,0,0,0,0,0,76000,0,0,0,147000,71000,76000,76000
060475,瑞祺元大9A購01  ,0,0,0,0,0,0,0,0,0,76000,0,0,0,145000,69000,76000,76000
060551,大立光凱基9B購02,0,0,0,0,0,0,0,0,0,76000,0,0,0,140000,64000,76000,76000
060288,群光元大9C購01  ,0,0,0,0,0,0,0,0,0,76000,0,0,0,113000,37000,76000,76000
07361P,聯發科元大99售34,0,0,0,0,0,0,0,0,0,76000,0,0,0,93000,17000,76000,76000
06822P,上銀富邦99售03  ,0,0,0,0,0,0,0,0,0,76000,0,0,0,81000,5000,76000,76000
051600,新日興兆豐96購02,0,0,0,0,0,0,0,0,0,76000,0,0,0,76000,0,76000,76000
054577,世芯元大98購01  ,0,0,0,0,0,0,0,0,0,76000,0,0,0,76000,0,76000,76000
056911,緯穎元大99購01  ,0,0,0,0,0,0,0,0,0,76000,0,0,0,86000,10000,76000,76000
8028,昇陽半導體      ,644000,189000,455000,0,0,0,0,368000,-368000,-11000,0,15000,-15000,4000,0,4000,76000
3209,全科            ,117000,41000,76000,0,0,0,0,0,0,0,0,0,0,0,0,0,76000
3023,信邦            ,230000,121000,109000,0,0,0,417,38000,-37583,4000,10000,4000,6000,0,2000,-2000,75417
07322P,鴻海元大99售33  ,0,0,0,0,0,0,0,0,0,75000,0,0,0,125000,50000,75000,75000
2059,川湖            ,167000,100000,67000,0,0,0,0,0,0,8000,8000,0,8000,0,0,0,75000
060987,華新科元大9A購11,0,0,0,0,0,0,0,0,0,75000,0,0,0,173000,98000,75000,75000
054617,超眾永豐97購01  ,0,0,0,0,0,0,0,0,0,75000,0,0,0,90000,15000,75000,75000
055614,華新科國票97購02,0,0,0,0,0,0,0,0,0,75000,0,0,0,75000,0,75000,75000
058946,SGBR2X群益9B購01,0,0,0,0,0,0,0,0,0,75000,0,0,0,300000,225000,75000,75000
057571,泰碩永豐98購01  ,0,0,0,0,0,0,0,0,0,75000,0,0,0,75000,0,75000,75000
1604,聲寶            ,145000,70000,75000,0,0,0,0,1000,-1000,0,0,0,0,0,0,0,74000
07127P,精元元大99售01  ,0,0,0,0,0,0,0,0,0,74000,0,0,0,120000,46000,74000,74000
07070P,晶相光元富99售01,0,0,0,0,0,0,0,0,0,74000,0,0,0,87000,13000,74000,74000
05566P,景碩永豐96售01  ,0,0,0,0,0,0,0,0,0,74000,0,0,0,74000,0,74000,74000
055716,致茂元大97購01  ,0,0,0,0,0,0,0,0,0,74000,0,0,0,150000,76000,74000,74000
053383,京元電元大97購01,0,0,0,0,0,0,0,0,0,74000,0,0,0,138000,64000,74000,74000
052239,泰鼎國票97購01  ,0,0,0,0,0,0,0,0,0,74000,0,0,0,156000,82000,74000,74000
057887,智原群益98購04  ,0,0,0,0,0,0,0,0,0,74000,0,0,0,170000,96000,74000,74000
060343,台積電統一9C購02,0,0,0,0,0,0,0,0,0,73000,0,0,0,90000,17000,73000,73000
054253,宏達電元大97購03,0,0,0,0,0,0,0,0,0,73000,0,0,0,103000,30000,73000,73000
055720,宏達電元大97購05,0,0,0,0,0,0,0,0,0,73000,0,0,0,120000,47000,73000,73000
059291,華新科元富9B購01,0,0,0,0,0,0,0,0,0,73000,0,0,0,73000,0,73000,73000
057969,緯穎國泰99購01  ,0,0,0,0,0,0,0,0,0,73000,0,0,0,104000,31000,73000,73000
05987P,健策統一96售02  ,0,0,0,0,0,0,0,0,0,73000,0,0,0,78000,5000,73000,73000
056271,嘉澤統一97購01  ,0,0,0,0,0,0,0,0,0,73000,0,0,0,147000,74000,73000,73000
056599,臻鼎元富98購01  ,0,0,0,0,0,0,0,0,0,73000,0,0,0,259000,186000,73000,73000
059273,臺指反元大9C購03,0,0,0,0,0,0,0,0,0,72000,0,0,0,76000,4000,72000,72000
055415,禾伸堂富邦9B購01,0,0,0,0,0,0,0,0,0,72000,0,0,0,76000,4000,72000,72000
052096,力成元大95購01  ,0,0,0,0,0,0,0,0,0,72000,0,0,0,156000,84000,72000,72000
056506,晶豪科永豐98購02,0,0,0,0,0,0,0,0,0,72000,0,0,0,86000,14000,72000,72000
059631,京元電凱基99購02,0,0,0,0,0,0,0,0,0,72000,0,0,0,102000,30000,72000,72000
058399,美律元大99購05  ,0,0,0,0,0,0,0,0,0,72000,0,0,0,82000,10000,72000,72000
057689,南亞科凱基99購02,0,0,0,0,0,0,0,0,0,72000,0,0,0,182000,110000,72000,72000
057724,亞德客國泰99購01,0,0,0,0,0,0,0,0,0,72000,0,0,0,178000,106000,72000,72000
056839,台光電元富98購02,0,0,0,0,0,0,0,0,0,72000,0,0,0,127000,55000,72000,72000
055949,亞德客元大97購04,0,0,0,0,0,0,0,0,0,72000,0,0,0,81000,9000,72000,72000
3518,柏騰            ,179000,105000,74000,0,0,0,0,0,0,-2000,0,2000,-2000,0,0,0,72000
6443,元晶            ,165000,93000,72000,0,0,0,0,0,0,0,0,0,0,0,0,0,72000
060148,臺股指國票9A購08,0,0,0,0,0,0,0,0,0,71000,0,0,0,97000,26000,71000,71000
06802P,緯穎群益98售03  ,0,0,0,0,0,0,0,0,0,71000,0,0,0,71000,0,71000,71000
050322,世紀鋼國票95購01,0,0,0,0,0,0,0,0,0,71000,0,0,0,71000,0,71000,71000
055626,力山永豐97購01  ,0,0,0,0,0,0,0,0,0,71000,0,0,0,71000,0,71000,71000
054803,味全元大9A購01  ,0,0,0,0,0,0,0,0,0,71000,0,0,0,81000,10000,71000,71000
058117,元石油群益9B購02,0,0,0,0,0,0,0,0,0,71000,0,0,0,71000,0,71000,71000
059643,日月光凱基99購02,0,0,0,0,0,0,0,0,0,71000,0,0,0,109000,38000,71000,71000
6285,啟碁            ,797000,750000,47000,0,0,0,2000,4000,-2000,26000,40000,14000,26000,12000,12000,0,71000
3645,達邁            ,98000,39000,59000,0,0,0,0,0,0,12000,15000,3000,12000,0,0,0,71000
07257P,臺股指凱基99售37,0,0,0,0,0,0,0,0,0,70000,0,0,0,313000,243000,70000,70000
2208,台船            ,130000,60000,70000,0,0,0,0,0,0,0,0,0,0,0,0,0,70000
07684P,大立光凱基9A售11,0,0,0,0,0,0,0,0,0,70000,0,0,0,70000,0,70000,70000
060165,上緯控永豐9A購01,0,0,0,0,0,0,0,0,0,70000,0,0,0,70000,0,70000,70000
06163P,聯詠群益97售01  ,0,0,0,0,0,0,0,0,0,70000,0,0,0,70000,0,70000,70000
053376,鴻海元大96購19  ,0,0,0,0,0,0,0,0,0,70000,0,0,0,569000,499000,70000,70000
05399P,GIS國票95售03   ,0,0,0,0,0,0,0,0,0,70000,0,0,0,80000,10000,70000,70000
055263,華新科富邦9A購01,0,0,0,0,0,0,0,0,0,70000,0,0,0,70000,0,70000,70000
055147,鴻海元大97購11  ,0,0,0,0,0,0,0,0,0,70000,0,0,0,70000,0,70000,70000
049947,S&P反1中信97購01,0,0,0,0,0,0,0,0,0,70000,0,0,0,130000,60000,70000,70000
054550,旺宏凱基98購02  ,0,0,0,0,0,0,0,0,0,70000,0,0,0,176000,106000,70000,70000
049023,玉晶光群益96購04,0,0,0,0,0,0,0,0,0,70000,0,0,0,70000,0,70000,70000
058463,宏達電兆豐99購02,0,0,0,0,0,0,0,0,0,70000,0,0,0,80000,10000,70000,70000
058761,欣興群益99購02  ,0,0,0,0,0,0,0,0,0,70000,0,0,0,80000,10000,70000,70000
058659,力成中信99購01  ,0,0,0,0,0,0,0,0,0,70000,0,0,0,694000,624000,70000,70000
057654,A50正2中信98購01,0,0,0,0,0,0,0,0,0,70000,0,0,0,70000,0,70000,70000
057671,群創元大9B購06  ,0,0,0,0,0,0,0,0,0,70000,0,0,0,100000,30000,70000,70000
3712,永崴投控        ,86000,16000,70000,0,0,0,0,0,0,0,0,0,0,0,0,0,70000
2535,達欣工          ,91000,49000,42000,0,0,0,0,0,0,28000,28000,0,28000,0,0,0,70000
5243,乙盛-KY         ,115000,45000,70000,0,0,0,0,0,0,0,0,0,0,0,0,0,70000
061060,台灣50麥證9B購01,0,0,0,71000,2000,69000,0,0,0,69000,0,0,0,71000,2000,69000,69000
060194,旭富元富9A購01  ,0,0,0,0,0,0,0,0,0,69000,0,0,0,84000,15000,69000,69000
054743,聯鈞凱基99購01  ,0,0,0,0,0,0,0,0,0,69000,0,0,0,70000,1000,69000,69000
057701,嘉聯益群益98購02,0,0,0,0,0,0,0,0,0,69000,0,0,0,237000,168000,69000,69000
058154,泰碩統一9A購01  ,0,0,0,0,0,0,0,0,0,69000,0,0,0,92000,23000,69000,69000
056302,大立光元大97購17,0,0,0,0,0,0,0,0,0,69000,0,0,0,70000,1000,69000,69000
059961,T50反1凱基99購09,0,0,0,0,0,0,0,0,0,69000,0,0,0,550000,481000,69000,69000
054954,華新科元大97購06,0,0,0,0,0,0,0,0,0,68000,0,0,0,68000,0,68000,68000
054045,奇力新元大97購03,0,0,0,0,0,0,0,0,0,68000,0,0,0,68000,0,68000,68000
053159,同欣電元大96購02,0,0,0,0,0,0,0,0,0,68000,0,0,0,68000,0,68000,68000
055297,啟碁元大97購01  ,0,0,0,0,0,0,0,0,0,68000,0,0,0,68000,0,68000,68000
055592,奇力新元大97購07,0,0,0,0,0,0,0,0,0,68000,0,0,0,68000,0,68000,68000
055849,聯詠元大97購05  ,0,0,0,0,0,0,0,0,0,68000,0,0,0,68000,0,68000,68000
057568,友訊永豐99購01  ,0,0,0,0,0,0,0,0,0,68000,0,0,0,68000,0,68000,68000
057498,台郡元大98購04  ,0,0,0,0,0,0,0,0,0,68000,0,0,0,68000,0,68000,68000
056582,易華電元大98購01,0,0,0,0,0,0,0,0,0,68000,0,0,0,68000,0,68000,68000
056199,美律永豐97購01  ,0,0,0,0,0,0,0,0,0,68000,0,0,0,68000,0,68000,68000
058699,楠梓電元大99購02,0,0,0,0,0,0,0,0,0,68000,0,0,0,68000,0,68000,68000
056778,元石油群益9B購01,0,0,0,0,0,0,0,0,0,68000,0,0,0,68000,0,68000,68000
057799,世紀鋼兆豐98購01,0,0,0,0,0,0,0,0,0,68000,0,0,0,71000,3000,68000,68000
057279,國揚元大98購01  ,0,0,0,0,0,0,0,0,0,68000,0,0,0,88000,20000,68000,68000
058251,百和元大99購03  ,0,0,0,0,0,0,0,0,0,68000,0,0,0,68000,0,68000,68000
052707,景碩台新96購01  ,0,0,0,0,0,0,0,0,0,67000,0,0,0,68000,1000,67000,67000
059181,世紀鋼元富9C購01,0,0,0,0,0,0,0,0,0,67000,0,0,0,77000,10000,67000,67000
05463P,創意國票96售04  ,0,0,0,0,0,0,0,0,0,67000,0,0,0,67000,0,67000,67000
058061,貿聯元富9B購01  ,0,0,0,0,0,0,0,0,0,67000,0,0,0,110000,43000,67000,67000
059004,嘉晶元大99購05  ,0,0,0,0,0,0,0,0,0,67000,0,0,0,90000,23000,67000,67000
059512,晶豪科永豐99購02,0,0,0,0,0,0,0,0,0,67000,0,0,0,87000,20000,67000,67000
2464,盟立            ,108000,41000,67000,0,0,0,0,0,0,0,0,0,0,0,0,0,67000
1709,和益            ,93000,27000,66000,0,0,0,0,0,0,0,0,0,0,0,0,0,66000
2009,第一銅          ,66000,0,66000,0,0,0,0,0,0,0,0,0,0,0,0,0,66000
1449,佳和            ,70000,4000,66000,0,0,0,0,0,0,0,0,0,0,0,0,0,66000
06552P,茂林元大99售02  ,0,0,0,0,0,0,0,0,0,66000,0,0,0,89000,23000,66000,66000
059334,A50正2國票9A購02,0,0,0,0,0,0,0,0,0,66000,0,0,0,126000,60000,66000,66000
058588,致茂中信9B購01  ,0,0,0,0,0,0,0,0,0,66000,0,0,0,105000,39000,66000,66000
2731,雄獅            ,70000,4000,66000,0,0,0,0,0,0,0,0,0,0,0,0,0,66000
3356,奇偶            ,84000,18000,66000,0,0,0,0,0,0,0,0,0,0,0,0,0,66000
5203,訊連            ,100000,62000,38000,0,0,0,0,0,0,28000,25000,10000,15000,13000,0,13000,66000
07326P,大立光元大99售23,0,0,0,0,0,0,0,0,0,65000,0,0,0,75000,10000,65000,65000
060421,華擎永豐9A購01  ,0,0,0,0,0,0,0,0,0,65000,0,0,0,266000,201000,65000,65000
054593,滬深2X永昌9A購01,0,0,0,0,0,0,0,0,0,65000,0,0,0,65000,0,65000,65000
051582,聯發科元大97購02,0,0,0,0,0,0,0,0,0,65000,0,0,0,65000,0,65000,65000
00682U,元大美元指數    ,0,0,0,0,0,0,0,0,0,65000,0,0,0,129000,64000,65000,65000
059078,FBVIX元大99購06 ,0,0,0,0,0,0,0,0,0,65000,0,0,0,174000,109000,65000,65000
056652,上証反元大9B購01,0,0,0,0,0,0,0,0,0,65000,0,0,0,65000,0,65000,65000
056904,大立光元大99購05,0,0,0,0,0,0,0,0,0,65000,0,0,0,65000,0,65000,65000
058372,欣興凱基99購03  ,0,0,0,0,0,0,0,0,0,65000,0,0,0,85000,20000,65000,65000
052544,牧德元富95購01  ,0,0,0,0,0,0,0,0,0,64000,0,0,0,64000,0,64000,64000
053507,百和兆豐96購01  ,0,0,0,0,0,0,0,0,0,64000,0,0,0,64000,0,64000,64000
05609P,國泰金凱基96售01,0,0,0,0,0,0,0,0,0,64000,0,0,0,69000,5000,64000,64000
056067,智原元大97購01  ,0,0,0,0,0,0,0,0,0,64000,0,0,0,64000,0,64000,64000
056803,群創台新99購02  ,0,0,0,0,0,0,0,0,0,64000,0,0,0,263000,199000,64000,64000
4552,力達-KY         ,72000,8000,64000,0,0,0,0,0,0,0,0,0,0,0,0,0,64000
07368P,國巨凱基99售19  ,0,0,0,0,0,0,0,0,0,63000,0,0,0,244000,181000,63000,63000
07498P,台積電元大9A售09,0,0,0,0,0,0,0,0,0,63000,0,0,0,103000,40000,63000,63000
055745,臻鼎元富97購01  ,0,0,0,0,0,0,0,0,0,63000,0,0,0,325000,262000,63000,63000
00678,群益NBI生技     ,4000,179000,-175000,0,0,0,0,0,0,238000,40000,0,40000,798000,600000,198000,63000
04616P,臺股指群益95售02,0,0,0,0,0,0,0,0,0,63000,0,0,0,153000,90000,63000,63000
055859,啟碁元大97購03  ,0,0,0,0,0,0,0,0,0,63000,0,0,0,163000,100000,63000,63000
057704,台虹群益98購03  ,0,0,0,0,0,0,0,0,0,63000,0,0,0,63000,0,63000,63000
056200,大毅永豐98購01  ,0,0,0,0,0,0,0,0,0,63000,0,0,0,100000,37000,63000,63000
058992,上証反元大99購02,0,0,0,0,0,0,0,0,0,63000,0,0,0,63000,0,63000,63000
059979,台積電元大99購49,0,0,0,0,0,0,0,0,0,63000,0,0,0,63000,0,63000,63000
06766P,玉晶光元大99售10,0,0,0,0,0,0,0,0,0,62000,0,0,0,185000,123000,62000,62000
054180,亞泥康和96購01  ,0,0,0,0,0,0,0,0,0,62000,0,0,0,68000,6000,62000,62000
054229,超眾元富96購05  ,0,0,0,0,0,0,0,0,0,62000,0,0,0,107000,45000,62000,62000
052172,致茂元大95購01  ,0,0,0,0,0,0,0,0,0,62000,0,0,0,62000,0,62000,62000
054919,興富發凱基97購01,0,0,0,0,0,0,0,0,0,62000,0,0,0,62000,0,62000,62000
053826,光磊麥證97購01  ,0,0,0,62000,0,62000,0,0,0,62000,0,0,0,62000,0,62000,62000
057532,智原元大98購03  ,0,0,0,0,0,0,0,0,0,62000,0,0,0,439000,377000,62000,62000
057582,亞光中信9A購02  ,0,0,0,0,0,0,0,0,0,62000,0,0,0,125000,63000,62000,62000
058025,聯茂國泰99購01  ,0,0,0,0,0,0,0,0,0,62000,0,0,0,62000,0,62000,62000
05719P,可成元大96售03  ,0,0,0,0,0,0,0,0,0,62000,0,0,0,72000,10000,62000,62000
3266,昇陽            ,114000,52000,62000,0,0,0,0,0,0,0,0,0,0,0,0,0,62000
3708,上緯投控        ,87000,22000,65000,0,0,0,0,0,0,-3000,0,0,0,0,3000,-3000,62000
06904P,TPK凱基98售03   ,0,0,0,0,0,0,0,0,0,61000,0,0,0,61000,0,61000,61000
07026P,超眾凱基99售03  ,0,0,0,0,0,0,0,0,0,61000,0,0,0,61000,0,61000,61000
07660P,聯茂凱基9A售03  ,0,0,0,0,0,0,0,0,0,61000,0,0,0,72000,11000,61000,61000
060558,億豐凱基9A購01  ,0,0,0,0,0,0,0,0,0,61000,0,0,0,128000,67000,61000,61000
060809,康友群益9A購01  ,0,0,0,0,0,0,0,0,0,61000,0,0,0,95000,34000,61000,61000
05358P,大立光元大95售09,0,0,0,0,0,0,0,0,0,61000,0,0,0,61000,0,61000,61000
059519,台郡永豐99購01  ,0,0,0,0,0,0,0,0,0,61000,0,0,0,115000,54000,61000,61000
058309,大毅元大99購02  ,0,0,0,0,0,0,0,0,0,61000,0,0,0,89000,28000,61000,61000
060953,富邦金群益9A購01,0,0,0,0,0,0,0,0,0,60000,0,0,0,200000,140000,60000,60000
060254,世紀鋼元大9A購01,0,0,0,0,0,0,0,0,0,60000,0,0,0,67000,7000,60000,60000
06456P,聯發科統一98售03,0,0,0,0,0,0,0,0,0,60000,0,0,0,60000,0,60000,60000
06269P,群創凱基98售10  ,0,0,0,0,0,0,0,0,0,60000,0,0,0,60000,0,60000,60000
054027,欣興凱基96購04  ,0,0,0,0,0,0,0,0,0,60000,0,0,0,60000,0,60000,60000
053337,聯電國票97購01  ,0,0,0,0,0,0,0,0,0,60000,0,0,0,60000,0,60000,60000
055401,亞光元富9A購01  ,0,0,0,0,0,0,0,0,0,60000,0,0,0,60000,0,60000,60000
054263,聯茂元大96購02  ,0,0,0,0,0,0,0,0,0,60000,0,0,0,60000,0,60000,60000
054319,世紀鋼凱基96購02,0,0,0,0,0,0,0,0,0,60000,0,0,0,60000,0,60000,60000
052772,台虹群益96購01  ,0,0,0,0,0,0,0,0,0,60000,0,0,0,60000,0,60000,60000
047628,新光金國票95購02,0,0,0,0,0,0,0,0,0,60000,0,0,0,60000,0,60000,60000
04768P,大立光國泰96售03,0,0,0,0,0,0,0,0,0,60000,0,0,0,60000,0,60000,60000
04197P,台積電亞東94售01,0,0,0,0,0,0,0,0,0,60000,0,0,0,60000,0,60000,60000
058206,祥碩凱基99購01  ,0,0,0,0,0,0,0,0,0,60000,0,0,0,199000,139000,60000,60000
058569,健策凱基9A購01  ,0,0,0,0,0,0,0,0,0,60000,0,0,0,66000,6000,60000,60000
07611P,大立光國票9A售05,0,0,0,0,0,0,0,0,0,59000,0,0,0,59000,0,59000,59000
07544P,大立光凱基9A售09,0,0,0,0,0,0,0,0,0,59000,0,0,0,140000,81000,59000,59000
2228,劍麟            ,117000,58000,59000,0,0,0,0,0,0,0,0,0,0,0,0,0,59000
042712,元石油國票95購01,0,0,0,0,0,0,0,0,0,59000,0,0,0,59000,0,59000,59000
00713,元大台灣高息低波,39000,0,39000,0,0,0,0,0,0,20000,0,0,0,24000,4000,20000,59000
054124,達方永豐96購02  ,0,0,0,0,0,0,0,0,0,59000,0,0,0,59000,0,59000,59000
051923,聯發科日盛95購02,0,0,0,0,0,0,0,0,0,59000,0,0,0,59000,0,59000,59000
6189,豐藝            ,86000,27000,59000,0,0,0,0,0,0,0,0,0,0,0,0,0,59000
1598,岱宇            ,210000,150000,60000,0,0,0,0,0,0,-2000,9000,11000,-2000,0,0,0,58000
06771P,台灣50中信02售01,0,0,0,0,0,0,0,0,0,58000,0,0,0,63000,5000,58000,58000
060489,世紀鋼群益9A購01,0,0,0,0,0,0,0,0,0,58000,0,0,0,58000,0,58000,58000
053583,漢唐元大96購03  ,0,0,0,0,0,0,0,0,0,58000,0,0,0,168000,110000,58000,58000
058677,矽格群益99購01  ,0,0,0,0,0,0,0,0,0,58000,0,0,0,98000,40000,58000,58000
056711,亞光永豐98購01  ,0,0,0,0,0,0,0,0,0,58000,0,0,0,58000,0,58000,58000
059352,台灣50富邦01購01,0,0,0,0,0,0,0,0,0,58000,0,0,0,58000,0,58000,58000
058159,健策台新9A購01  ,0,0,0,0,0,0,0,0,0,58000,0,0,0,98000,40000,58000,58000
057374,禾伸堂元大99購03,0,0,0,0,0,0,0,0,0,58000,0,0,0,128000,70000,58000,58000
057805,華通元大98購06  ,0,0,0,0,0,0,0,0,0,58000,0,0,0,69000,11000,58000,58000
6206,飛捷            ,74000,16000,58000,0,0,0,0,0,0,0,0,0,0,0,0,0,58000
4916,事欣科          ,101000,43000,58000,0,0,0,0,0,0,0,0,0,0,0,0,0,58000
06458P,玉晶光統一9A售02,0,0,0,0,0,0,0,0,0,57000,0,0,0,104000,47000,57000,57000
07560P,台積電國泰9B售01,0,0,0,0,0,0,0,0,0,57000,0,0,0,63000,6000,57000,57000
054076,義隆第一96購01  ,0,0,0,0,0,0,0,0,0,57000,0,0,0,60000,3000,57000,57000
057690,美律凱基99購03  ,0,0,0,0,0,0,0,0,0,57000,0,0,0,57000,0,57000,57000
057674,台郡元大99購03  ,0,0,0,0,0,0,0,0,0,57000,0,0,0,161000,104000,57000,57000
6230,超眾            ,270000,359000,-89000,0,0,0,166000,38000,128000,18000,0,0,0,33000,15000,18000,57000
8103,瀚荃            ,58000,1000,57000,0,0,0,0,0,0,0,0,0,0,0,0,0,57000
4104,佳醫            ,76000,19000,57000,0,0,0,0,0,0,0,0,0,0,0,0,0,57000
1225,福懋油          ,86000,30000,56000,0,0,0,0,0,0,0,0,0,0,0,0,0,56000
1589,永冠-KY         ,125000,90000,35000,0,0,0,0,0,0,21000,21000,0,21000,0,0,0,56000
06698P,玉晶光國票99售05,0,0,0,0,0,0,0,0,0,56000,0,0,0,56000,0,56000,56000
07032P,聯發科統一9C售02,0,0,0,0,0,0,0,0,0,56000,0,0,0,144000,88000,56000,56000
060498,華通元大9A購03  ,0,0,0,0,0,0,0,0,0,56000,0,0,0,60000,4000,56000,56000
06034P,世芯凱基96售03  ,0,0,0,0,0,0,0,0,0,56000,0,0,0,76000,20000,56000,56000
051640,GIS國票96購03   ,0,0,0,0,0,0,0,0,0,56000,0,0,0,56000,0,56000,56000
059030,奇力新兆豐99購03,0,0,0,0,0,0,0,0,0,56000,0,0,0,80000,24000,56000,56000
060017,全新康和99購01  ,0,0,0,0,0,0,0,0,0,56000,0,0,0,56000,0,56000,56000
3004,豐達科          ,79000,23000,56000,0,0,0,0,0,0,0,0,0,0,0,0,0,56000
2493,揚博            ,74000,18000,56000,0,0,0,0,0,0,0,0,0,0,0,0,0,56000
6235,華孚            ,57000,2000,55000,0,0,0,0,0,0,1000,1000,0,1000,0,0,0,56000
060595,台灣50凱基04購04,0,0,0,0,0,0,0,0,0,55000,0,0,0,55000,0,55000,55000
060693,台積電麥證9A購02,0,0,0,60000,5000,55000,0,0,0,55000,0,0,0,60000,5000,55000,55000
06997P,台灣50中信03售01,0,0,0,0,0,0,0,0,0,55000,0,0,0,64000,9000,55000,55000
07084P,S&P正2元富9B售02,0,0,0,0,0,0,0,0,0,55000,0,0,0,55000,0,55000,55000
07406P,大立光凱基99售18,0,0,0,0,0,0,0,0,0,55000,0,0,0,70000,15000,55000,55000
06949P,台表科元大99售01,0,0,0,0,0,0,0,0,0,55000,0,0,0,70000,15000,55000,55000
056191,世紀鋼統一97購01,0,0,0,0,0,0,0,0,0,55000,0,0,0,66000,11000,55000,55000
07699P,臺股指元大9A售52,0,0,0,0,0,0,0,0,0,54000,0,0,0,170000,116000,54000,54000
07494P,葡萄王元大9A售03,10000,0,10000,0,0,0,0,0,0,44000,0,0,0,54000,10000,44000,54000
060841,宏達電國票9B購01,0,0,0,0,0,0,0,0,0,54000,0,0,0,130000,76000,54000,54000
051799,台積電永豐96購01,0,0,0,0,0,0,0,0,0,54000,0,0,0,54000,0,54000,54000
054807,台化元大9A購02  ,0,0,0,0,0,0,0,0,0,54000,0,0,0,54000,0,54000,54000
058687,聯茂凱基9A購01  ,0,0,0,0,0,0,0,0,0,54000,0,0,0,54000,0,54000,54000
058780,牧德國票9A購01  ,0,0,0,0,0,0,0,0,0,54000,0,0,0,60000,6000,54000,54000
1321,大洋            ,65000,12000,53000,0,0,0,0,0,0,0,0,0,0,0,0,0,53000
1783,和康生          ,68000,15000,53000,0,0,0,0,0,0,0,0,0,0,0,0,0,53000
06729P,聯詠元大98售03  ,0,0,0,0,0,0,0,0,0,53000,0,0,0,76000,23000,53000,53000
07396P,聯發科群益9B售01,0,0,0,0,0,0,0,0,0,53000,0,0,0,143000,90000,53000,53000
055731,美律元富97購01  ,0,0,0,0,0,0,0,0,0,53000,0,0,0,151000,98000,53000,53000
055437,禾伸堂中信99購01,0,0,0,0,0,0,0,0,0,53000,0,0,0,150000,97000,53000,53000
059017,台灣50統一9B購03,0,0,0,0,0,0,0,0,0,53000,0,0,0,53000,0,53000,53000
07225P,台積電元大99售33,0,0,0,0,0,0,0,0,0,52000,0,0,0,52000,0,52000,52000
1707,葡萄王          ,239000,183000,56000,0,0,0,0,4000,-4000,0,0,0,0,0,0,0,52000
1904,正隆            ,885000,350000,535000,0,0,0,0,502000,-502000,19000,19000,0,19000,0,0,0,52000
1730,花仙子          ,72000,20000,52000,0,0,0,0,0,0,0,0,0,0,0,0,0,52000
055438,鴻海國票98購01  ,0,0,0,0,0,0,0,0,0,52000,0,0,0,52000,0,52000,52000
051157,華新科富邦98購01,0,0,0,0,0,0,0,0,0,52000,0,0,0,52000,0,52000,52000
052738,聯電元大98購02  ,0,0,0,0,0,0,0,0,0,52000,0,0,0,108000,56000,52000,52000
00706L,元大S&P日圓正2  ,0,0,0,0,0,0,0,0,0,52000,0,0,0,64000,12000,52000,52000
059047,元油2X凱基9A購10,0,0,0,0,0,0,0,0,0,52000,0,0,0,898000,846000,52000,52000
058744,FBVIX凱基9C購03 ,0,0,0,0,0,0,0,0,0,52000,0,0,0,52000,0,52000,52000
059529,華新科凱基9A購04,0,0,0,0,0,0,0,0,0,52000,0,0,0,62000,10000,52000,52000
056736,國巨凱基99購03  ,0,0,0,0,0,0,0,0,0,52000,0,0,0,52000,0,52000,52000
2527,宏璟            ,69000,17000,52000,0,0,0,0,0,0,0,0,0,0,0,0,0,52000
07445P,大立光凱基9A售08,0,0,0,0,0,0,0,0,0,51000,0,0,0,51000,0,51000,51000
07344P,鴻海富邦9A售03  ,0,0,0,0,0,0,0,0,0,51000,0,0,0,51000,0,51000,51000
061044,世紀鋼永豐9A購02,0,0,0,0,0,0,0,0,0,51000,0,0,0,51000,0,51000,51000
06242P,大立光元富9A售02,0,0,0,0,0,0,0,0,0,51000,0,0,0,61000,10000,51000,51000
055306,燿華群益97購01  ,0,0,0,0,0,0,0,0,0,51000,0,0,0,51000,0,51000,51000
053094,聯電統一97購02  ,0,0,0,0,0,0,0,0,0,51000,0,0,0,86000,35000,51000,51000
056909,嘉聯益元大99購03,0,0,0,0,0,0,0,0,0,51000,0,0,0,63000,12000,51000,51000
058215,貿聯群益99購02  ,0,0,0,0,0,0,0,0,0,51000,0,0,0,100000,49000,51000,51000
059989,嘉晶元大9A購01  ,0,0,0,0,0,0,0,0,0,51000,0,0,0,51000,0,51000,51000
059868,台光電凱基99購03,0,0,0,0,0,0,0,0,0,51000,0,0,0,60000,9000,51000,51000
05980P,台積電永昌96售09,0,0,0,0,0,0,0,0,0,51000,0,0,0,51000,0,51000,51000
057601,中磊群益98購01  ,0,0,0,0,0,0,0,0,0,51000,0,0,0,51000,0,51000,51000
061084,京元電兆豐9A購02,0,0,0,0,0,0,0,0,0,50000,0,0,0,81000,31000,50000,50000
060768,鴻海麥證9A購02  ,0,0,0,50000,0,50000,0,0,0,50000,0,0,0,50000,0,50000,50000
060618,玉晶光元大9A購02,0,0,0,0,0,0,0,0,0,50000,0,0,0,50000,0,50000,50000
060480,億豐元大9A購02  ,0,0,0,0,0,0,0,0,0,50000,0,0,0,60000,10000,50000,50000
060392,華擎群益9C購02  ,0,0,0,0,0,0,0,0,0,50000,0,0,0,50000,0,50000,50000
06718P,聯詠元大98售01  ,0,0,0,0,0,0,0,0,0,50000,0,0,0,50000,0,50000,50000
06846P,美律元大98售05  ,0,0,0,0,0,0,0,0,0,50000,0,0,0,400000,350000,50000,50000
06444P,大立光凱基98售08,0,0,0,0,0,0,0,0,0,50000,0,0,0,50000,0,50000,50000
07522P,台積電中信9A售03,0,0,0,0,0,0,0,0,0,50000,0,0,0,50000,0,50000,50000
052987,華新科元大99購01,0,0,0,0,0,0,0,0,0,50000,0,0,0,50000,0,50000,50000
054851,樺漢兆豐97購01  ,0,0,0,0,0,0,0,0,0,50000,0,0,0,50000,0,50000,50000
054041,鴻海元大96購22  ,0,0,0,0,0,0,0,0,0,50000,0,0,0,50000,0,50000,50000
053969,瑞昱元大97購01  ,0,0,0,0,0,0,0,0,0,50000,0,0,0,50000,0,50000,50000
059346,新日興凱基99購03,0,0,0,0,0,0,0,0,0,50000,0,0,0,60000,10000,50000,50000
059247,可成凱基99購05  ,0,0,0,0,0,0,0,0,0,50000,0,0,0,53000,3000,50000,50000
048983,牧德元大95購01  ,0,0,0,0,0,0,0,0,0,50000,0,0,0,50000,0,50000,50000
048533,景碩國票94購01  ,0,0,0,0,0,0,0,0,0,50000,0,0,0,50000,0,50000,50000
04838P,宏達電元大95售02,0,0,0,0,0,0,0,0,0,50000,0,0,0,50000,0,50000,50000
051690,超眾凱基95購03  ,0,0,0,0,0,0,0,0,0,50000,0,0,0,60000,10000,50000,50000
04932P,香港2X中信96售01,0,0,0,0,0,0,0,0,0,50000,0,0,0,50000,0,50000,50000
051233,力成群益97購01  ,0,0,0,0,0,0,0,0,0,50000,0,0,0,60000,10000,50000,50000
051451,世芯元大95購03  ,0,0,0,0,0,0,0,0,0,50000,0,0,0,50000,0,50000,50000
050808,台達電凱基96購02,0,0,0,0,0,0,0,0,0,50000,0,0,0,50000,0,50000,50000
054177,牧德台新97購01  ,0,0,0,0,0,0,0,0,0,50000,0,0,0,50000,0,50000,50000
054482,大成鋼台新96購01,0,0,0,0,0,0,0,0,0,50000,0,0,0,250000,200000,50000,50000
05444P,大立光元大95售10,0,0,0,0,0,0,0,0,0,50000,0,0,0,50000,0,50000,50000
051919,台郡元大96購02  ,0,0,0,0,0,0,0,0,0,50000,0,0,0,50000,0,50000,50000
051829,玉晶光元大98購02,0,0,0,0,0,0,0,0,0,50000,0,0,0,50000,0,50000,50000
05039P,鴻海凱基95售10  ,0,0,0,0,0,0,0,0,0,50000,0,0,0,50000,0,50000,50000
050268,智原元大95購03  ,0,0,0,0,0,0,0,0,0,50000,0,0,0,50000,0,50000,50000
05048P,同欣電永豐95售01,0,0,0,0,0,0,0,0,0,50000,0,0,0,50000,0,50000,50000
057627,和大永豐98購01  ,0,0,0,0,0,0,0,0,0,50000,0,0,0,60000,10000,50000,50000
059654,T50反1元大99購09,0,0,0,0,0,0,0,0,0,50000,0,0,0,100000,50000,50000,50000
059717,國巨元大99購21  ,0,0,0,0,0,0,0,0,0,50000,0,0,0,129000,79000,50000,50000
058426,旺宏元富99購02  ,0,0,0,0,0,0,0,0,0,50000,0,0,0,50000,0,50000,50000
059800,T50反1元富99購09,0,0,0,0,0,0,0,0,0,50000,0,0,0,50000,0,50000,50000
060027,元金2X永豐99購02,0,0,0,0,0,0,0,0,0,50000,0,0,0,50000,0,50000,50000
059924,世紀鋼元大99購06,0,0,0,0,0,0,0,0,0,50000,0,0,0,50000,0,50000,50000
05860P,旺宏康和96售01  ,0,0,0,0,0,0,0,0,0,50000,0,0,0,50000,0,50000,50000
059033,元油2X群益9C購05,0,0,0,0,0,0,0,0,0,50000,0,0,0,50000,0,50000,50000
056473,奇力新元大99購02,0,0,0,0,0,0,0,0,0,50000,0,0,0,50000,0,50000,50000
056378,欣興元富98購01  ,0,0,0,0,0,0,0,0,0,50000,0,0,0,50000,0,50000,50000
057234,宏達電凱基98購05,0,0,0,0,0,0,0,0,0,50000,0,0,0,50000,0,50000,50000
057162,上銀元大98購03  ,0,0,0,0,0,0,0,0,0,50000,0,0,0,50000,0,50000,50000
058095,昇陽半元大98購03,0,0,0,0,0,0,0,0,0,50000,0,0,0,50000,0,50000,50000
057672,茂林元大98購02  ,0,0,0,0,0,0,0,0,0,50000,0,0,0,50000,0,50000,50000
057828,緯穎元大99購02  ,0,0,0,0,0,0,0,0,0,50000,0,0,0,50000,0,50000,50000
057821,晶相光元大98購03,0,0,0,0,0,0,0,0,0,50000,0,0,0,106000,56000,50000,50000
057863,美律凱基9A購01  ,0,0,0,0,0,0,0,0,0,50000,0,0,0,50000,0,50000,50000
057430,富邦金兆豐98購01,0,0,0,0,0,0,0,0,0,50000,0,0,0,50000,0,50000,50000
05763P,致新永豐96售01  ,0,0,0,0,0,0,0,0,0,50000,0,0,0,70000,20000,50000,50000
058248,聯茂元大99購05  ,0,0,0,0,0,0,0,0,0,50000,0,0,0,68000,18000,50000,50000
058268,泰碩永豐9A購01  ,0,0,0,0,0,0,0,0,0,50000,0,0,0,60000,10000,50000,50000
056988,聚陽兆豐98購01  ,0,0,0,0,0,0,0,0,0,50000,0,0,0,50000,0,50000,50000
2887E,台新戊特        ,0,0,0,0,0,0,0,0,0,50000,50000,0,50000,0,0,0,50000
6283,淳安            ,68000,18000,50000,0,0,0,0,0,0,0,0,0,0,0,0,0,50000
05388P,南亞科元大95售04,0,0,0,0,0,0,0,0,0,49000,0,0,0,49000,0,49000,49000
054974,台表科元大98購02,0,0,0,0,0,0,0,0,0,49000,0,0,0,68000,19000,49000,49000
053773,上銀元大96購04  ,0,0,0,0,0,0,0,0,0,49000,0,0,0,53000,4000,49000,49000
053638,信邦永豐96購01  ,0,0,0,0,0,0,0,0,0,49000,0,0,0,49000,0,49000,49000
057012,康控中信98購01  ,0,0,0,0,0,0,0,0,0,49000,0,0,0,50000,1000,49000,49000
057146,技嘉國票98購01  ,0,0,0,0,0,0,0,0,0,49000,0,0,0,49000,0,49000,49000
057212,台積電群益98購03,0,0,0,0,0,0,0,0,0,49000,0,0,0,49000,0,49000,49000
05683P,矽創元大96售01  ,0,0,0,0,0,0,0,0,0,49000,0,0,0,50000,1000,49000,49000
060001,台灣50群益9A購10,0,0,0,0,0,0,0,0,0,49000,0,0,0,49000,0,49000,49000
06282P,聯鈞永豐97售02  ,0,0,0,0,0,0,0,0,0,48000,0,0,0,48000,0,48000,48000
06744P,嘉聯益永豐98售03,0,0,0,0,0,0,0,0,0,48000,0,0,0,56000,8000,48000,48000
053619,和碩群益96購01  ,0,0,0,0,0,0,0,0,0,48000,0,0,0,48000,0,48000,48000
053522,臺股指群益99購01,0,0,0,0,0,0,0,0,0,48000,0,0,0,48000,0,48000,48000
050519,旺宏元大95購03  ,0,0,0,0,0,0,0,0,0,48000,0,0,0,48000,0,48000,48000
051192,緯創兆豐96購01  ,0,0,0,0,0,0,0,0,0,48000,0,0,0,48000,0,48000,48000
059921,大立光元大99購24,0,0,0,0,0,0,0,0,0,48000,0,0,0,50000,2000,48000,48000
059605,臺股指元大9A購42,0,0,0,0,0,0,0,0,0,48000,0,0,0,48000,0,48000,48000
057009,信邦中信99購01  ,0,0,0,0,0,0,0,0,0,48000,0,0,0,48000,0,48000,48000
058324,嘉聯益永豐9A購01,0,0,0,0,0,0,0,0,0,48000,0,0,0,58000,10000,48000,48000
058326,祥碩台新99購01  ,0,0,0,0,0,0,0,0,0,48000,0,0,0,66000,18000,48000,48000
06868P,電子類元大99售01,0,0,0,0,0,0,0,0,0,47000,0,0,0,50000,3000,47000,47000
07245P,台積電凱基99售16,0,0,0,0,0,0,0,0,0,47000,0,0,0,110000,63000,47000,47000
07360P,台積電元大99售46,0,0,0,0,0,0,0,0,0,47000,0,0,0,69000,22000,47000,47000
07450P,鴻海元大9A售03  ,0,0,0,0,0,0,0,0,0,47000,0,0,0,50000,3000,47000,47000
1710,東聯            ,472000,425000,47000,0,0,0,0,0,0,0,0,0,0,0,0,0,47000
2342,茂矽            ,799000,750000,49000,0,0,0,0,0,0,-2000,0,2000,-2000,0,0,0,47000
06096P,全新永豐97售02  ,0,0,0,0,0,0,0,0,0,47000,0,0,0,47000,0,47000,47000
054393,漢唐永豐96購01  ,0,0,0,0,0,0,0,0,0,47000,0,0,0,57000,10000,47000,47000
05908P,大立光元富96售05,0,0,0,0,0,0,0,0,0,47000,0,0,0,47000,0,47000,47000
059469,智邦元大99購03  ,0,0,0,0,0,0,0,0,0,47000,0,0,0,71000,24000,47000,47000
059127,國巨中信99購04  ,0,0,0,0,0,0,0,0,0,47000,0,0,0,130000,83000,47000,47000
05771P,大立光凱基96售13,0,0,0,0,0,0,0,0,0,47000,0,0,0,47000,0,47000,47000
057168,旺宏元大99購03  ,0,0,0,0,0,0,0,0,0,47000,0,0,0,152000,105000,47000,47000
058942,南茂中信99購01  ,0,0,0,0,0,0,0,0,0,47000,0,0,0,56000,9000,47000,47000
9943,好樂迪          ,61000,14000,47000,0,0,0,0,0,0,0,0,0,0,0,0,0,47000
060894,奇力新凱基9A購03,0,0,0,0,0,0,0,0,0,46000,0,0,0,46000,0,46000,46000
2020,美亞            ,101000,55000,46000,0,0,0,0,0,0,0,0,0,0,0,0,0,46000
06485P,玉晶光群益9A售02,0,0,0,0,0,0,0,0,0,46000,0,0,0,47000,1000,46000,46000
06486P,麗豐元大98售02  ,0,0,0,0,0,0,0,0,0,46000,0,0,0,323000,277000,46000,46000
055603,超眾元大97購04  ,0,0,0,0,0,0,0,0,0,46000,0,0,0,49000,3000,46000,46000
053005,微星永豐96購01  ,0,0,0,0,0,0,0,0,0,46000,0,0,0,60000,14000,46000,46000
054240,訊芯群益96購03  ,0,0,0,0,0,0,0,0,0,46000,0,0,0,60000,14000,46000,46000
056770,國產元大98購02  ,0,0,0,0,0,0,0,0,0,46000,0,0,0,368000,322000,46000,46000
057639,國巨元大99購07  ,0,0,0,0,0,0,0,0,0,46000,0,0,0,96000,50000,46000,46000
05760P,京鼎永豐96售02  ,0,0,0,0,0,0,0,0,0,46000,0,0,0,51000,5000,46000,46000
07550P,國巨元大9A售09  ,0,0,0,0,0,0,0,0,0,45000,0,0,0,135000,90000,45000,45000
07653P,華新科群益9A售05,0,0,0,0,0,0,0,0,0,45000,0,0,0,46000,1000,45000,45000
060929,健策永豐9A購01  ,0,0,0,0,0,0,0,0,0,45000,0,0,0,63000,18000,45000,45000
060817,華邦電台新9A購01,0,0,0,0,0,0,0,0,0,45000,0,0,0,46000,1000,45000,45000
06035P,同欣電凱基96售03,0,0,0,0,0,0,0,0,0,45000,0,0,0,166000,121000,45000,45000
060293,緯創元大9A購01  ,0,0,0,0,0,0,0,0,0,45000,0,0,0,157000,112000,45000,45000
054363,世芯凱基97購01  ,0,0,0,0,0,0,0,0,0,45000,0,0,0,80000,35000,45000,45000
052706,台虹國票97購01  ,0,0,0,0,0,0,0,0,0,45000,0,0,0,45000,0,45000,45000
055310,聯詠群益97購02  ,0,0,0,0,0,0,0,0,0,45000,0,0,0,45000,0,45000,45000
055098,臺股指群益97購01,0,0,0,0,0,0,0,0,0,45000,0,0,0,45000,0,45000,45000
056020,義隆群益97購01  ,0,0,0,0,0,0,0,0,0,45000,0,0,0,70000,25000,45000,45000
5608,四維航          ,55000,10000,45000,0,0,0,0,0,0,0,1000,1000,0,0,0,0,45000
2707,晶華            ,165000,120000,45000,0,0,0,0,0,0,0,0,0,0,0,0,0,45000
3588,通嘉            ,59000,14000,45000,0,0,0,0,0,0,0,0,0,0,0,0,0,45000
060326,群光群益9A購01  ,0,0,0,0,0,0,0,0,0,44000,0,0,0,55000,11000,44000,44000
061003,南亞科兆豐9A購01,0,0,0,0,0,0,0,0,0,44000,0,0,0,152000,108000,44000,44000
06903P,技嘉凱基98售04  ,0,0,0,0,0,0,0,0,0,44000,0,0,0,44000,0,44000,44000
054662,同欣電元大97購02,0,0,0,0,0,0,0,0,0,44000,0,0,0,44000,0,44000,44000
054768,泰碩國票99購02  ,0,0,0,0,0,0,0,0,0,44000,0,0,0,52000,8000,44000,44000
05242P,群創國泰97售01  ,0,0,0,0,0,0,0,0,0,44000,0,0,0,44000,0,44000,44000
03566P,臺股指日盛03售01,0,0,0,0,0,0,0,0,0,44000,0,0,0,54000,10000,44000,44000
05213P,台積電國票96售05,0,0,0,0,0,0,0,0,0,44000,0,0,0,121000,77000,44000,44000
057670,欣興元大99購02  ,0,0,0,0,0,0,0,0,0,44000,0,0,0,48000,4000,44000,44000
6491,晶碩            ,47000,3000,44000,0,0,0,0,0,0,0,0,0,0,0,0,0,44000
07376P,聯發科元大99售39,0,0,0,0,0,0,0,0,0,43000,0,0,0,43000,0,43000,43000
06239P,奇力新元大97售08,0,0,0,0,0,0,0,0,0,43000,0,0,0,103000,60000,43000,43000
060733,和大統一9C購01  ,0,0,0,0,0,0,0,0,0,43000,0,0,0,190000,147000,43000,43000
060201,台表科元富9A購01,0,0,0,0,0,0,0,0,0,43000,0,0,0,43000,0,43000,43000
060170,世紀鋼永豐9A購01,0,0,0,0,0,0,0,0,0,43000,0,0,0,43000,0,43000,43000
060427,聯茂永豐9A購01  ,0,0,0,0,0,0,0,0,0,43000,0,0,0,53000,10000,43000,43000
055809,T50反1國票98購02,0,0,0,0,0,0,0,0,0,43000,0,0,0,43000,0,43000,43000
054936,鴻海元大97購10  ,0,0,0,0,0,0,0,0,0,43000,0,0,0,51000,8000,43000,43000
054623,華新科第一97購01,0,0,0,0,0,0,0,0,0,43000,0,0,0,43000,0,43000,43000
056716,康舒永豐98購01  ,0,0,0,0,0,0,0,0,0,43000,0,0,0,63000,20000,43000,43000
2636,台驊投控        ,45000,2000,43000,0,0,0,0,0,0,0,0,0,0,0,0,0,43000
060431,復盛永豐9A購01  ,0,0,0,0,0,0,0,0,0,42000,0,0,0,42000,0,42000,42000
061036,晶技永豐9A購03  ,0,0,0,0,0,0,0,0,0,42000,0,0,0,114000,72000,42000,42000
06674P,祥碩群益98售02  ,0,0,0,0,0,0,0,0,0,42000,0,0,0,42000,0,42000,42000
054950,奇力新元大98購02,0,0,0,0,0,0,0,0,0,42000,0,0,0,42000,0,42000,42000
057017,和大凱基98購01  ,0,0,0,0,0,0,0,0,0,42000,0,0,0,115000,73000,42000,42000
057507,貿聯國票98購02  ,0,0,0,0,0,0,0,0,0,42000,0,0,0,70000,28000,42000,42000
3705,永信            ,95000,53000,42000,0,0,0,0,0,0,0,0,0,0,0,0,0,42000
07419P,聯發科元大99售46,0,0,0,0,0,0,0,0,0,41000,0,0,0,42000,1000,41000,41000
07100P,華航元大99售01  ,0,0,0,0,0,0,0,0,0,41000,0,0,0,41000,0,41000,41000
07458P,長榮航元大9A售01,0,0,0,0,0,0,0,0,0,41000,0,0,0,401000,360000,41000,41000
1612,宏泰            ,88000,47000,41000,0,0,0,0,0,0,0,0,0,0,0,0,0,41000
1446,宏和            ,50000,9000,41000,0,0,0,0,0,0,0,0,0,0,0,0,0,41000
061111,台表科元大9A購02,0,0,0,0,0,0,0,0,0,41000,0,0,0,112000,71000,41000,41000
06172P,台虹永豐97售02  ,0,0,0,0,0,0,0,0,0,41000,0,0,0,91000,50000,41000,41000
055691,訊芯凱基97購02  ,0,0,0,0,0,0,0,0,0,41000,0,0,0,41000,0,41000,41000
049972,南電國票95購02  ,0,0,0,0,0,0,0,0,0,41000,0,0,0,41000,0,41000,41000
049436,義隆國泰96購02  ,0,0,0,0,0,0,0,0,0,41000,0,0,0,91000,50000,41000,41000
051594,和碩元大96購01  ,0,0,0,0,0,0,0,0,0,41000,0,0,0,55000,14000,41000,41000
058479,亞光凱基9A購01  ,0,0,0,0,0,0,0,0,0,41000,0,0,0,66000,25000,41000,41000
057642,南亞科元大98購07,0,0,0,0,0,0,0,0,0,41000,0,0,0,68000,27000,41000,41000
057877,神達元大99購01  ,0,0,0,0,0,0,0,0,0,41000,0,0,0,50000,9000,41000,41000
06234P,亞德客元大97售02,0,0,0,0,0,0,0,0,0,40000,0,0,0,40000,0,40000,40000
06185P,台表科元大97售05,0,0,0,0,0,0,0,0,0,40000,0,0,0,40000,0,40000,40000
061039,台表科永豐9A購03,0,0,0,0,0,0,0,0,0,40000,0,0,0,45000,5000,40000,40000
060673,旺宏元大9A購04  ,0,0,0,0,0,0,0,0,0,40000,0,0,0,50000,10000,40000,40000
060412,儒鴻永豐9A購01  ,0,0,0,0,0,0,0,0,0,40000,0,0,0,100000,60000,40000,40000
060559,世紀鋼凱基9C購01,0,0,0,0,0,0,0,0,0,40000,0,0,0,40000,0,40000,40000
060269,台灣50元大9C購21,0,0,0,0,0,0,0,0,0,40000,0,0,0,40000,0,40000,40000
07516P,台積電元大9A售16,0,0,0,0,0,0,0,0,0,40000,0,0,0,40000,0,40000,40000
07556P,玉晶光元大9A售08,0,0,0,0,0,0,0,0,0,40000,0,0,0,43000,3000,40000,40000
07615P,華通中信02售02  ,0,0,0,0,0,0,0,0,0,40000,0,0,0,40000,0,40000,40000
06996P,臺股指凱基99售17,0,0,0,0,0,0,0,0,0,40000,0,0,0,40000,0,40000,40000
07264P,台積電元大99售38,0,0,0,0,0,0,0,0,0,40000,0,0,0,58000,18000,40000,40000
07345P,台灣50永豐99售10,0,0,0,0,0,0,0,0,0,40000,0,0,0,40000,0,40000,40000
00865B,國泰US短期公債  ,0,0,0,0,0,0,0,0,0,40000,0,0,0,140000,100000,40000,40000
051300,台光電凱基96購02,0,0,0,0,0,0,0,0,0,40000,0,0,0,40000,0,40000,40000
052228,聯發科凱基96購06,0,0,0,0,0,0,0,0,0,40000,0,0,0,40000,0,40000,40000
052011,欣興中信96購01  ,0,0,0,0,0,0,0,0,0,40000,0,0,0,40000,0,40000,40000
051023,S&P反1統一95購02,0,0,0,0,0,0,0,0,0,40000,0,0,0,40000,0,40000,40000
050995,貿聯元大95購02  ,0,0,0,0,0,0,0,0,0,40000,0,0,0,40000,0,40000,40000
051411,聯發科國票95購05,0,0,0,0,0,0,0,0,0,40000,0,0,0,40000,0,40000,40000
054490,臻鼎台新96購02  ,0,0,0,0,0,0,0,0,0,40000,0,0,0,40000,0,40000,40000
055516,上銀中信97購01  ,0,0,0,0,0,0,0,0,0,40000,0,0,0,40000,0,40000,40000
059134,臺股指群益99購09,0,0,0,0,0,0,0,0,0,40000,0,0,0,50000,10000,40000,40000
059266,緯創中信01購01  ,0,0,0,0,0,0,0,0,0,40000,0,0,0,40000,0,40000,40000
053537,玉晶光永豐98購02,0,0,0,0,0,0,0,0,0,40000,0,0,0,40000,0,40000,40000
05402P,台郡永豐95售02  ,0,0,0,0,0,0,0,0,0,40000,0,0,0,60000,20000,40000,40000
056738,國巨凱基9A購02  ,0,0,0,0,0,0,0,0,0,40000,0,0,0,50000,10000,40000,40000
056368,祥碩元大98購02  ,0,0,0,0,0,0,0,0,0,40000,0,0,0,40000,0,40000,40000
056243,創意群益97購03  ,0,0,0,0,0,0,0,0,0,40000,0,0,0,97000,57000,40000,40000
056153,華新科凱基97購02,0,0,0,0,0,0,0,0,0,40000,0,0,0,40000,0,40000,40000
057468,台郡永豐98購01  ,0,0,0,0,0,0,0,0,0,40000,0,0,0,68000,28000,40000,40000
3622,洋華            ,62000,17000,45000,0,0,0,0,0,0,-5000,0,5000,-5000,0,0,0,40000
3050,鈺德            ,77000,24000,53000,0,0,0,0,0,0,-13000,0,13000,-13000,0,0,0,40000
2612,中航            ,84000,44000,40000,0,0,0,0,0,0,0,0,0,0,0,0,0,40000
9941,裕融            ,96000,57000,39000,0,0,0,1000,0,1000,0,0,0,0,0,0,0,40000
4155,訊映            ,52000,12000,40000,0,0,0,0,0,0,0,0,0,0,0,0,0,40000
06386P,欣興永豐97售03  ,0,0,0,0,0,0,0,0,0,39000,0,0,0,60000,21000,39000,39000
07578P,高鐵元大9A售02  ,0,0,0,0,0,0,0,0,0,39000,0,0,0,99000,60000,39000,39000
1731,美吾華          ,76000,37000,39000,0,0,0,0,0,0,0,0,0,0,0,0,0,39000
2429,銘旺科          ,46000,7000,39000,0,0,0,0,0,0,0,0,0,0,0,0,0,39000
060643,牧德永豐9A購03  ,0,0,0,0,0,0,0,0,0,39000,0,0,0,39000,0,39000,39000
060494,台灣50元大01購12,0,0,0,0,0,0,0,0,0,39000,0,0,0,39000,0,39000,39000
06044P,同欣電永豐96售03,0,0,0,0,0,0,0,0,0,39000,0,0,0,40000,1000,39000,39000
060778,臺股指凱基9A購06,0,0,0,0,0,0,0,0,0,39000,0,0,0,151000,112000,39000,39000
053919,可成國票97購02  ,0,0,0,0,0,0,0,0,0,39000,0,0,0,39000,0,39000,39000
00661,元大日經225     ,0,0,0,0,0,0,0,0,0,39000,0,0,0,39000,0,39000,39000
04471P,華通元大95售03  ,0,0,0,0,0,0,0,0,0,39000,0,0,0,39000,0,39000,39000
046937,聯電元大99購01  ,0,0,0,0,0,0,0,0,0,39000,0,0,0,40000,1000,39000,39000
06000P,GIS元大96售04   ,0,0,0,0,0,0,0,0,0,39000,0,0,0,39000,0,39000,39000
6183,關貿            ,49000,10000,39000,0,0,0,0,0,0,0,0,0,0,0,0,0,39000
2514,龍邦            ,81000,38000,43000,0,0,0,478,5000,-4522,0,0,0,0,0,0,0,38478
060980,台積電元大9A購21,0,0,0,0,0,0,0,0,0,38000,0,0,0,41000,3000,38000,38000
06243P,亞光元富97售01  ,0,0,0,0,0,0,0,0,0,38000,0,0,0,38000,0,38000,38000
060262,臺股指凱基9B購02,0,0,0,0,0,0,0,0,0,38000,0,0,0,117000,79000,38000,38000
06599P,宏達電永豐98售02,0,0,0,0,0,0,0,0,0,38000,0,0,0,38000,0,38000,38000
07390P,華新科康和99售02,0,0,0,0,0,0,0,0,0,38000,0,0,0,44000,6000,38000,38000
054498,燿華永豐96購06  ,0,0,0,0,0,0,0,0,0,38000,0,0,0,38000,0,38000,38000
053198,亞德客日盛96購01,0,0,0,0,0,0,0,0,0,38000,0,0,0,43000,5000,38000,38000
053056,同欣電國票97購01,0,0,0,0,0,0,0,0,0,38000,0,0,0,38000,0,38000,38000
059126,臺指反中信9B購01,0,0,0,0,0,0,0,0,0,38000,0,0,0,80000,42000,38000,38000
05851P,力山群益97售01  ,0,0,0,0,0,0,0,0,0,38000,0,0,0,38000,0,38000,38000
058959,南茂國票9A購01  ,0,0,0,0,0,0,0,0,0,38000,0,0,0,52000,14000,38000,38000
058406,聯茂元大99購06  ,0,0,0,0,0,0,0,0,0,38000,0,0,0,103000,65000,38000,38000
05872P,大立光凱基96售15,0,0,0,0,0,0,0,0,0,38000,0,0,0,38000,0,38000,38000
057878,台郡元大99購04  ,0,0,0,0,0,0,0,0,0,38000,0,0,0,50000,12000,38000,38000
058247,聯茂元大99購04  ,0,0,0,0,0,0,0,0,0,38000,0,0,0,104000,66000,38000,38000
056091,百和統一97購01  ,0,0,0,0,0,0,0,0,0,38000,0,0,0,93000,55000,38000,38000
2488,漢平            ,67000,29000,38000,0,0,0,0,0,0,0,0,0,0,0,0,0,38000
07266P,大立光元大99售19,0,0,0,0,0,0,0,0,0,37000,0,0,0,62000,25000,37000,37000
07015P,國巨元大99售13  ,0,0,0,0,0,0,0,0,0,37000,0,0,0,47000,10000,37000,37000
07242P,台灣50凱基9A售03,0,0,0,0,0,0,0,0,0,37000,0,0,0,47000,10000,37000,37000
07427P,台積電國票9B售02,0,0,0,0,0,0,0,0,0,37000,0,0,0,37000,0,37000,37000
060272,台灣50元大9C購25,0,0,0,0,0,0,0,0,0,37000,0,0,0,38000,1000,37000,37000
060169,群電永豐9A購01  ,0,0,0,0,0,0,0,0,0,37000,0,0,0,57000,20000,37000,37000
06050P,玉晶光國票98售01,0,0,0,0,0,0,0,0,0,37000,0,0,0,83000,46000,37000,37000
055230,大毅國票98購01  ,0,0,0,0,0,0,0,0,0,37000,0,0,0,50000,13000,37000,37000
057684,聯茂日盛99購01  ,0,0,0,0,0,0,0,0,0,37000,0,0,0,87000,50000,37000,37000
058203,信邦凱基99購01  ,0,0,0,0,0,0,0,0,0,37000,0,0,0,37000,0,37000,37000
059042,世紀鋼群益99購02,0,0,0,0,0,0,0,0,0,37000,0,0,0,37000,0,37000,37000
059829,超眾凱基99購05  ,0,0,0,0,0,0,0,0,0,37000,0,0,0,133000,96000,37000,37000
3018,同開            ,52000,15000,37000,0,0,0,0,0,0,0,0,0,0,0,0,0,37000
5234,達興材料        ,63000,26000,37000,0,0,0,0,0,0,0,0,0,0,0,0,0,37000
060504,技嘉元大9A購02  ,0,0,0,0,0,0,0,0,0,36000,0,0,0,80000,44000,36000,36000
060621,玉晶光元大9A購05,0,0,0,0,0,0,0,0,0,36000,0,0,0,56000,20000,36000,36000
060084,聯電元大99購02  ,0,0,0,0,0,0,0,0,0,36000,0,0,0,65000,29000,36000,36000
060267,上緯控國票9C購01,0,0,0,0,0,0,0,0,0,36000,0,0,0,36000,0,36000,36000
060796,世芯永豐9A購03  ,0,0,0,0,0,0,0,0,0,36000,0,0,0,128000,92000,36000,36000
1231,聯華食          ,58000,22000,36000,0,0,0,0,0,0,0,0,0,0,0,0,0,36000
06490P,鴻海富邦99售02  ,0,0,0,0,0,0,0,0,0,36000,0,0,0,36000,0,36000,36000
06506P,台郡國票99售02  ,0,0,0,0,0,0,0,0,0,36000,0,0,0,251000,215000,36000,36000
06765P,欣興元大98售11  ,0,0,0,0,0,0,0,0,0,36000,0,0,0,65000,29000,36000,36000
055207,致新中信99購01  ,0,0,0,0,0,0,0,0,0,36000,0,0,0,50000,14000,36000,36000
055586,旺宏元大98購06  ,0,0,0,0,0,0,0,0,0,36000,0,0,0,77000,41000,36000,36000
054717,亞德客永豐97購01,0,0,0,0,0,0,0,0,0,36000,0,0,0,41000,5000,36000,36000
055862,矽力元大97購04  ,0,0,0,0,0,0,0,0,0,36000,0,0,0,36000,0,36000,36000
058591,台灣50統一9B購02,0,0,0,0,0,0,0,0,0,36000,0,0,0,67000,31000,36000,36000
058408,華通兆豐99購02  ,0,0,0,0,0,0,0,0,0,36000,0,0,0,44000,8000,36000,36000
058517,景碩元大99購06  ,0,0,0,0,0,0,0,0,0,36000,0,0,0,63000,27000,36000,36000
058226,世芯元富99購01  ,0,0,0,0,0,0,0,0,0,36000,0,0,0,59000,23000,36000,36000
057747,致新永豐98購01  ,0,0,0,0,0,0,0,0,0,36000,0,0,0,66000,30000,36000,36000
6142,友勁            ,0,4000,-4000,0,0,0,0,0,0,40000,40000,0,40000,0,0,0,36000
2882B,國泰金乙特      ,0,0,0,0,0,0,0,0,0,36000,36000,0,36000,0,0,0,36000
6166,凌華            ,90000,55000,35000,0,0,0,319,0,319,0,0,0,0,0,0,0,35319
6416,瑞祺電通        ,466000,554000,-88000,0,0,0,127094,0,127094,-4000,117000,137000,-20000,85000,69000,16000,35094
07192P,聯發科元大99售23,0,0,0,0,0,0,0,0,0,35000,0,0,0,35000,0,35000,35000
07349P,大立光凱基99售16,0,0,0,0,0,0,0,0,0,35000,0,0,0,35000,0,35000,35000
07675P,全新永豐9A售02  ,0,0,0,0,0,0,0,0,0,35000,0,0,0,35000,0,35000,35000
1476,儒鴻            ,292000,265000,27000,0,0,0,0,0,0,8000,4000,0,4000,6000,2000,4000,35000
060688,世紀鋼元大9C購01,0,0,0,0,0,0,0,0,0,35000,0,0,0,60000,25000,35000,35000
061005,可成兆豐9A購01  ,0,0,0,0,0,0,0,0,0,35000,0,0,0,37000,2000,35000,35000
054352,世芯國泰98購01  ,0,0,0,0,0,0,0,0,0,35000,0,0,0,98000,63000,35000,35000
054204,元金2X國票9B購02,0,0,0,0,0,0,0,0,0,35000,0,0,0,35000,0,35000,35000
052276,力成群益96購01  ,0,0,0,0,0,0,0,0,0,35000,0,0,0,45000,10000,35000,35000
04713P,創意元大95售01  ,0,0,0,0,0,0,0,0,0,35000,0,0,0,45000,10000,35000,35000
053312,緯穎凱基96購02  ,0,0,0,0,0,0,0,0,0,35000,0,0,0,35000,0,35000,35000
055190,華新科元富97購01,0,0,0,0,0,0,0,0,0,35000,0,0,0,35000,0,35000,35000
055285,華新科元大99購03,0,0,0,0,0,0,0,0,0,35000,0,0,0,35000,0,35000,35000
059216,台積電元大99購29,0,0,0,0,0,0,0,0,0,35000,0,0,0,35000,0,35000,35000
057385,光罩永豐99購01  ,0,0,0,0,0,0,0,0,0,35000,0,0,0,50000,15000,35000,35000
059009,世紀鋼元大99購04,0,0,0,0,0,0,0,0,0,35000,0,0,0,198000,163000,35000,35000
058620,滬深2X國票9A購02,0,0,0,0,0,0,0,0,0,35000,0,0,0,35000,0,35000,35000
059015,華通元富99購02  ,0,0,0,0,0,0,0,0,0,35000,0,0,0,35000,0,35000,35000
4994,傳奇            ,55000,21000,34000,0,0,0,0,0,0,1000,0,0,0,1000,0,1000,35000
2534,宏盛            ,215000,160000,55000,0,0,0,0,0,0,-20000,0,0,0,0,20000,-20000,35000
060327,美律群益9A購02  ,0,0,0,0,0,0,0,0,0,34000,0,0,0,114000,80000,34000,34000
060630,國巨富邦9C購03  ,0,0,0,0,0,0,0,0,0,34000,0,0,0,64000,30000,34000,34000
1339,昭輝            ,55000,21000,34000,0,0,0,0,0,0,0,0,0,0,0,0,0,34000
06656P,GIS元大98售02   ,0,0,0,0,0,0,0,0,0,34000,0,0,0,153000,119000,34000,34000
059180,祥碩元富9A購01  ,0,0,0,0,0,0,0,0,0,34000,0,0,0,163000,129000,34000,34000
059487,聯發科兆豐99購03,0,0,0,0,0,0,0,0,0,34000,0,0,0,55000,21000,34000,34000
05922P,京元電兆豐96售01,0,0,0,0,0,0,0,0,0,34000,0,0,0,38000,4000,34000,34000
05024P,華通國票96售01  ,0,130000,-130000,0,0,0,0,0,0,164000,0,0,0,169000,5000,164000,34000
050392,群創統一96購01  ,0,0,0,0,0,0,0,0,0,34000,0,0,0,40000,6000,34000,34000
055900,瀚宇博中信97購01,0,0,0,0,0,0,0,0,0,34000,0,0,0,117000,83000,34000,34000
056213,建準國票98購02  ,0,0,0,0,0,0,0,0,0,34000,0,0,0,65000,31000,34000,34000
057986,華新科元富99購05,0,0,0,0,0,0,0,0,0,34000,0,0,0,34000,0,34000,34000
057174,南亞科元大98購05,0,0,0,0,0,0,0,0,0,34000,0,0,0,68000,34000,34000,34000
4942,嘉彰            ,123000,87000,36000,0,0,0,0,2000,-2000,0,0,0,0,0,0,0,34000
06838P,台積電統一99售05,0,0,0,0,0,0,0,0,0,33000,0,0,0,37000,4000,33000,33000
06475P,牧德永豐98售03  ,0,0,0,0,0,0,0,0,0,33000,0,0,0,69000,36000,33000,33000
07304P,臺股指元大9A售37,0,0,0,0,0,0,0,0,0,33000,0,0,0,146000,113000,33000,33000
2013,中鋼構          ,48000,15000,33000,0,0,0,0,0,0,0,0,0,0,0,0,0,33000
060287,燿華元大9A購01  ,0,0,0,0,0,0,0,0,0,33000,0,0,0,94000,61000,33000,33000
061022,健策國泰9B購03  ,0,0,0,0,0,0,0,0,0,33000,0,0,0,89000,56000,33000,33000
06073P,健策永豐97售01  ,0,0,0,0,0,0,0,0,0,33000,0,0,0,73000,40000,33000,33000
055841,南亞科元大97購04,0,0,0,0,0,0,0,0,0,33000,0,0,0,68000,35000,33000,33000
049064,T50反1凱基96購03,0,0,0,0,0,0,0,0,0,33000,0,0,0,33000,0,33000,33000
052690,台表科元大97購01,0,0,0,0,0,0,0,0,0,33000,0,0,0,33000,0,33000,33000
055729,金寶元富99購01  ,0,0,0,0,0,0,0,0,0,33000,0,0,0,33000,0,33000,33000
058357,智邦凱基99購02  ,0,0,0,0,0,0,0,0,0,33000,0,0,0,33000,0,33000,33000
059817,華通凱基99購05  ,0,0,0,0,0,0,0,0,0,33000,0,0,0,35000,2000,33000,33000
059902,滬深2X元大9C購08,0,0,0,0,0,0,0,0,0,33000,0,0,0,33000,0,33000,33000
059693,智原永豐99購01  ,0,0,0,0,0,0,0,0,0,33000,0,0,0,45000,12000,33000,33000
4999,鑫禾            ,38000,5000,33000,0,0,0,0,0,0,0,0,0,0,0,0,0,33000
6192,巨路            ,49000,19000,30000,0,0,0,0,0,0,3000,3000,0,3000,0,0,0,33000
6668,中揚光          ,151000,118000,33000,0,0,0,0,0,0,0,0,0,0,0,0,0,33000
9938,百和            ,257000,330000,-73000,0,0,0,115000,0,115000,-9000,9000,12000,-3000,6000,12000,-6000,33000
2472,立隆電          ,184000,146000,38000,0,0,0,0,0,0,-5000,0,5000,-5000,0,0,0,33000
06054P,臺股指中信9A售01,0,0,0,0,0,0,0,0,0,32000,0,0,0,42000,10000,32000,32000
060453,儒鴻元大9A購02  ,0,0,0,0,0,0,0,0,0,32000,0,0,0,48000,16000,32000,32000
07575P,瑞昱元大9A售02  ,0,0,0,0,0,0,0,0,0,32000,0,0,0,346000,314000,32000,32000
054830,世芯國泰99購01  ,0,0,0,0,0,0,0,0,0,32000,0,0,0,75000,43000,32000,32000
05265P,正崴元大95售03  ,0,0,0,0,0,0,0,0,0,32000,0,0,0,72000,40000,32000,32000
051619,智邦凱基95購07  ,0,0,0,0,0,0,0,0,0,32000,0,0,0,35000,3000,32000,32000
04974P,聯發科凱基96售02,0,0,0,0,0,0,0,0,0,32000,0,0,0,33000,1000,32000,32000
059866,國巨凱基99購18  ,0,0,0,0,0,0,0,0,0,32000,0,0,0,32000,0,32000,32000
05621P,聯電中信96售01  ,0,0,0,0,0,0,0,0,0,32000,0,0,0,32000,0,32000,32000
056441,燿華凱基98購01  ,0,0,0,0,0,0,0,0,0,32000,0,0,0,32000,0,32000,32000
057000,亞德客國票99購01,0,0,0,0,0,0,0,0,0,32000,0,0,0,34000,2000,32000,32000
05707P,中磊永豐96售01  ,0,0,0,0,0,0,0,0,0,32000,0,0,0,32000,0,32000,32000
8131,福懋科          ,130000,102000,28000,0,0,0,0,1000,-1000,5000,2000,0,2000,7000,4000,3000,32000
1109,信大            ,66000,34000,32000,0,0,0,0,1000,-1000,0,0,0,0,0,0,0,31000
1906,寶隆            ,50000,19000,31000,0,0,0,0,0,0,0,0,0,0,0,0,0,31000
1786,科妍            ,56000,26000,30000,0,0,0,0,0,0,1000,1000,0,1000,0,0,0,31000
1702,南僑            ,67000,36000,31000,0,0,0,0,0,0,0,0,0,0,0,0,0,31000
1474,弘裕            ,47000,16000,31000,0,0,0,0,0,0,0,0,0,0,0,0,0,31000
07412P,國巨元大99售32  ,0,0,0,0,0,0,0,0,0,31000,0,0,0,128000,97000,31000,31000
07131P,緯穎元大99售06  ,0,0,0,0,0,0,0,0,0,31000,0,0,0,117000,86000,31000,31000
06496P,台灣50日盛98售01,0,0,0,0,0,0,0,0,0,31000,0,0,0,31000,0,31000,31000
060615,T50反1元大9A購07,0,0,0,0,0,0,0,0,0,31000,0,0,0,31000,0,31000,31000
057990,美律統一99購02  ,0,0,0,0,0,0,0,0,0,31000,0,0,0,31000,0,31000,31000
05869P,旺宏凱基96售05  ,0,0,0,0,0,0,0,0,0,31000,0,0,0,119000,88000,31000,31000
058720,旭富元富99購01  ,0,0,0,0,0,0,0,0,0,31000,0,0,0,69000,38000,31000,31000
059875,信邦凱基99購02  ,0,0,0,0,0,0,0,0,0,31000,0,0,0,81000,50000,31000,31000
060016,廣達康和99購01  ,0,0,0,0,0,0,0,0,0,31000,0,0,0,164000,133000,31000,31000
057508,康控國票99購03  ,0,0,0,0,0,0,0,0,0,31000,0,0,0,160000,129000,31000,31000
4576,大銀微系統      ,50000,19000,31000,0,0,0,0,0,0,0,0,0,0,0,0,0,31000
2832,台產            ,48000,17000,31000,0,0,0,0,0,0,0,0,0,0,0,0,0,31000
060510,大立光元大9A購03,0,0,0,0,0,0,0,0,0,30000,0,0,0,30000,0,30000,30000
06017P,亞光凱基96售04  ,0,0,0,0,0,0,0,0,0,30000,0,0,0,30000,0,30000,30000
060136,T50反1國票9A購01,0,0,0,0,0,0,0,0,0,30000,0,0,0,30000,0,30000,30000
061065,神基凱基9A購01  ,0,0,0,0,0,0,0,0,0,30000,0,0,0,30000,0,30000,30000
06265P,美律凱基97售01  ,0,0,0,0,0,0,0,0,0,30000,0,0,0,30000,0,30000,30000
061199,道瓊反元大9A購05,0,0,0,0,0,0,0,0,0,30000,0,0,0,30000,0,30000,30000
06634P,欣興國票98售02  ,0,0,0,0,0,0,0,0,0,30000,0,0,0,35000,5000,30000,30000
06780P,義隆元大98售02  ,0,0,0,0,0,0,0,0,0,30000,0,0,0,104000,74000,30000,30000
07006P,旺宏統一9B售03  ,0,0,0,0,0,0,0,0,0,30000,0,0,0,33000,3000,30000,30000
08653P,台灣50凱基96售07,0,0,0,0,0,0,0,0,0,30000,0,0,0,30000,0,30000,30000
07594P,大立光永豐9A售01,0,0,0,0,0,0,0,0,0,30000,0,0,0,30000,0,30000,30000
07500P,微星元大9A售01  ,0,0,0,0,0,0,0,0,0,30000,0,0,0,30000,0,30000,30000
050325,台積電永豐94購05,0,0,0,0,0,0,0,0,0,30000,0,0,0,30000,0,30000,30000
052272,T50反1群益95購03,0,0,0,0,0,0,0,0,0,30000,0,0,0,40000,10000,30000,30000
055852,聯鈞元大98購01  ,0,0,0,0,0,0,0,0,0,30000,0,0,0,30000,0,30000,30000
05087P,GIS國泰96售01   ,0,0,0,0,0,0,0,0,0,30000,0,0,0,30000,0,30000,30000
051047,深中小群益99購01,0,0,0,0,0,0,0,0,0,30000,0,0,0,30000,0,30000,30000
054162,光罩凱基98購01  ,0,0,0,0,0,0,0,0,0,30000,0,0,0,30000,0,30000,30000
052775,滬深2X國票99購02,0,0,0,0,0,0,0,0,0,30000,0,0,0,40000,10000,30000,30000
04949P,致新元大94售04  ,0,0,0,0,0,0,0,0,0,30000,0,0,0,30000,0,30000,30000
049216,華邦電國票95購01,0,0,0,0,0,0,0,0,0,30000,0,0,0,30000,0,30000,30000
048382,T50反1國票96購01,0,0,0,0,0,0,0,0,0,30000,0,0,0,30000,0,30000,30000
048687,旺宏群益96購01  ,0,0,0,0,0,0,0,0,0,30000,0,0,0,30000,0,30000,30000
044639,京元電元富94購01,0,0,0,0,0,0,0,0,0,30000,0,0,0,30000,0,30000,30000
00686R,群益臺灣加權反1 ,10000,10000,0,0,0,0,0,0,0,30000,0,0,0,348000,318000,30000,30000
054791,泰碩群益99購02  ,0,0,0,0,0,0,0,0,0,30000,0,0,0,30000,0,30000,30000
054601,奇鋐台新98購01  ,0,0,0,0,0,0,0,0,0,30000,0,0,0,30000,0,30000,30000
052921,大成鋼永豐96購01,0,0,0,0,0,0,0,0,0,30000,0,0,0,30000,0,30000,30000
053297,鎧勝中信98購01  ,0,0,0,0,0,0,0,0,0,30000,0,0,0,36000,6000,30000,30000
053432,世紀鋼永豐96購02,0,0,0,0,0,0,0,0,0,30000,0,0,0,30000,0,30000,30000
053834,卜蜂永豐96購01  ,0,0,0,0,0,0,0,0,0,30000,0,0,0,30000,0,30000,30000
055671,世紀鋼群益97購01,0,0,0,0,0,0,0,0,0,30000,0,0,0,30000,0,30000,30000
055647,義隆元富97購01  ,0,0,0,0,0,0,0,0,0,30000,0,0,0,56000,26000,30000,30000
055650,華新科元富98購01,0,0,0,0,0,0,0,0,0,30000,0,0,0,30000,0,30000,30000
055262,台虹國泰98購01  ,0,0,0,0,0,0,0,0,0,30000,0,0,0,30000,0,30000,30000
059482,貿聯群益99購05  ,0,0,0,0,0,0,0,0,0,30000,0,0,0,35000,5000,30000,30000
057526,智邦元大98購10  ,0,0,0,0,0,0,0,0,0,30000,0,0,0,30000,0,30000,30000
057553,景碩凱基98購03  ,0,0,0,0,0,0,0,0,0,30000,0,0,0,124000,94000,30000,30000
059646,聯茂凱基99購06  ,0,0,0,0,0,0,0,0,0,30000,0,0,0,75000,45000,30000,30000
057610,致茂元富98購02  ,0,0,0,0,0,0,0,0,0,30000,0,0,0,30000,0,30000,30000
059977,鴻海元大99購40  ,0,0,0,0,0,0,0,0,0,30000,0,0,0,33000,3000,30000,30000
059830,台郡凱基99購05  ,0,0,0,0,0,0,0,0,0,30000,0,0,0,30000,0,30000,30000
05866P,致伸元大96售01  ,0,0,0,0,0,0,0,0,0,30000,0,0,0,50000,20000,30000,30000
056445,聯發科凱基98購07,0,0,0,0,0,0,0,0,0,30000,0,0,0,30000,0,30000,30000
056641,華通凱基98購03  ,0,0,0,0,0,0,0,0,0,30000,0,0,0,30000,0,30000,30000
058833,台表科永豐99購01,0,0,0,0,0,0,0,0,0,30000,0,0,0,31000,1000,30000,30000
057890,滬深反統一98購01,0,0,0,0,0,0,0,0,0,30000,0,0,0,30000,0,30000,30000
057857,牧德國票99購01  ,0,0,0,0,0,0,0,0,0,30000,0,0,0,30000,0,30000,30000
057846,神達永豐98購01  ,0,0,0,0,0,0,0,0,0,30000,0,0,0,30000,0,30000,30000
057383,玉晶光富邦9A購01,0,0,0,0,0,0,0,0,0,30000,0,0,0,30000,0,30000,30000
058274,世紀鋼永豐99購01,0,0,0,0,0,0,0,0,0,30000,0,0,0,30000,0,30000,30000
059414,台灣50元大9A購02,0,0,0,0,0,0,0,0,0,30000,0,0,0,30000,0,30000,30000
057093,臻鼎元富98購02  ,0,0,0,0,0,0,0,0,0,30000,0,0,0,30000,0,30000,30000
058123,亞光國票9A購01  ,0,0,0,0,0,0,0,0,0,30000,0,0,0,30000,0,30000,30000
058883,旭富永豐99購01  ,0,0,0,0,0,0,0,0,0,30000,0,0,0,35000,5000,30000,30000
057225,華新凱基98購01  ,0,0,0,0,0,0,0,0,0,30000,0,0,0,40000,10000,30000,30000
055929,聯發科群益97購05,0,0,0,0,0,0,0,0,0,30000,0,0,0,30000,0,30000,30000
056804,T50反1統一9A購03,0,0,0,0,0,0,0,0,0,30000,0,0,0,80000,50000,30000,30000
056940,嘉聯益元富98購01,0,0,0,0,0,0,0,0,0,30000,0,0,0,30000,0,30000,30000
6216,居易            ,32000,2000,30000,0,0,0,0,0,0,0,0,0,0,0,0,0,30000
6715,嘉基            ,32000,2000,30000,0,0,0,0,0,0,0,0,0,0,0,0,0,30000
07501P,華新科元大9A售07,0,0,0,0,0,0,0,0,0,29000,0,0,0,37000,8000,29000,29000
07503P,禾伸堂元大9A售01,0,0,0,0,0,0,0,0,0,29000,0,0,0,34000,5000,29000,29000
07642P,華通凱基9A售05  ,0,0,0,0,0,0,0,0,0,29000,0,0,0,29000,0,29000,29000
07351P,鴻海國票99售08  ,0,0,0,0,0,0,0,0,0,29000,0,0,0,29000,0,29000,29000
060914,健策元大9A購03  ,0,0,0,0,0,0,0,0,0,29000,0,0,0,102000,73000,29000,29000
060248,日月光元大9A購01,0,0,0,0,0,0,0,0,0,29000,0,0,0,41000,12000,29000,29000
055291,京鼎元大97購02  ,0,0,0,0,0,0,0,0,0,29000,0,0,0,110000,81000,29000,29000
053999,台表科群益96購06,0,0,0,0,0,0,0,0,0,29000,0,0,0,61000,32000,29000,29000
00783,富邦中証500     ,223000,0,223000,0,0,0,0,0,0,-194000,0,0,0,750000,944000,-194000,29000
02001R,富邦蘋果反一N   ,0,0,0,0,0,0,0,0,0,29000,0,0,0,69000,40000,29000,29000
052028,健策群益95購02  ,0,0,0,0,0,0,0,0,0,29000,0,0,0,39000,10000,29000,29000
050192,康控元大97購01  ,0,0,0,0,0,0,0,0,0,29000,0,0,0,30000,1000,29000,29000
051403,玉晶光永豐95購05,0,0,0,0,0,0,0,0,0,29000,0,0,0,29000,0,29000,29000
058220,世芯國票9A購01  ,0,0,0,0,0,0,0,0,0,29000,0,0,0,61000,32000,29000,29000
057422,欣興凱基98購04  ,0,0,0,0,0,0,0,0,0,29000,0,0,0,30000,1000,29000,29000
057281,大立光元大98購16,0,0,0,0,0,0,0,0,0,29000,0,0,0,30000,1000,29000,29000
05729P,臺股指凱基97售02,0,0,0,0,0,0,0,0,0,29000,0,0,0,31000,2000,29000,29000
059039,致伸群益99購01  ,0,0,0,0,0,0,0,0,0,29000,0,0,0,80000,51000,29000,29000
056334,台積電凱基98購06,0,0,0,0,0,0,0,0,0,29000,0,0,0,30000,1000,29000,29000
058409,鴻海兆豐99購05  ,0,0,0,0,0,0,0,0,0,29000,0,0,0,29000,0,29000,29000
059634,可成凱基99購07  ,0,0,0,0,0,0,0,0,0,29000,0,0,0,31000,2000,29000,29000
056536,義隆凱基98購04  ,0,0,0,0,0,0,0,0,0,29000,0,0,0,74000,45000,29000,29000
05752P,台積電中信96售06,0,0,0,0,0,0,0,0,0,29000,0,0,0,29000,0,29000,29000
9944,新麗            ,96000,67000,29000,0,0,0,0,0,0,0,0,0,0,0,0,0,29000
5706,鳳凰            ,31000,2000,29000,0,0,0,0,0,0,0,0,0,0,0,0,0,29000
3094,聯傑            ,49000,20000,29000,0,0,0,0,0,0,0,0,0,0,0,0,0,29000
060509,宏達電元大9A購02,0,0,0,0,0,0,0,0,0,28000,0,0,0,50000,22000,28000,28000
060459,鴻海元大9A購07  ,0,0,0,0,0,0,0,0,0,28000,0,0,0,33000,5000,28000,28000
06600P,貿聯永豐98售01  ,0,0,0,0,0,0,0,0,0,28000,0,0,0,43000,15000,28000,28000
06447P,上銀元大98售01  ,0,0,0,0,0,0,0,0,0,28000,0,0,0,57000,29000,28000,28000
06371P,茂林國票98售04  ,0,0,0,0,0,0,0,0,0,28000,0,0,0,181000,153000,28000,28000
1528,恩德            ,30000,2000,28000,0,0,0,0,0,0,0,0,0,0,0,0,0,28000
2428,興勤            ,56000,32000,24000,0,0,0,0,0,0,4000,0,0,0,4000,0,4000,28000
049700,瀚宇博元大97購01,0,0,0,0,0,0,0,0,0,28000,0,0,0,141000,113000,28000,28000
052819,義隆永豐96購01  ,0,0,0,0,0,0,0,0,0,28000,0,0,0,65000,37000,28000,28000
048748,國巨元富96購01  ,0,0,0,0,0,0,0,0,0,28000,0,0,0,47000,19000,28000,28000
04928P,大立光凱基95售07,0,0,0,0,0,0,0,0,0,28000,0,0,0,28000,0,28000,28000
053597,牧德元大99購01  ,0,0,0,0,0,0,0,0,0,28000,0,0,0,28000,0,28000,28000
055444,致新台新97購01  ,0,0,0,0,0,0,0,0,0,28000,0,0,0,38000,10000,28000,28000
056116,義隆群益97購02  ,0,0,0,0,0,0,0,0,0,28000,0,0,0,76000,48000,28000,28000
057727,華邦電國泰9A購01,0,0,0,0,0,0,0,0,0,28000,0,0,0,28000,0,28000,28000
057948,嘉聯益國票99購02,0,0,0,0,0,0,0,0,0,28000,0,0,0,44000,16000,28000,28000
057943,可成國票99購03  ,0,0,0,0,0,0,0,0,0,28000,0,0,0,106000,78000,28000,28000
059535,玉山金凱基99購01,0,0,0,0,0,0,0,0,0,28000,0,0,0,45000,17000,28000,28000
2399,映泰            ,97000,70000,27000,0,0,0,0,0,0,0,0,0,0,0,0,0,27000
1737,臺鹽            ,47000,17000,30000,0,0,0,0,0,0,-3000,0,3000,-3000,0,0,0,27000
1103,嘉泥            ,87000,55000,32000,0,0,0,0,4000,-4000,-1000,0,1000,-1000,0,0,0,27000
06374P,台表科元大97售06,0,0,0,0,0,0,0,0,0,27000,0,0,0,30000,3000,27000,27000
07309P,聯發科凱基99售18,0,0,0,0,0,0,0,0,0,27000,0,0,0,27000,0,27000,27000
061202,和大元大9A購02  ,0,0,0,0,0,0,0,0,0,27000,0,0,0,27000,0,27000,27000
061112,台表科元大9A購03,0,0,0,0,0,0,0,0,0,27000,0,0,0,56000,29000,27000,27000
061123,燿華永豐9A購01  ,0,0,0,0,0,0,0,0,0,27000,0,0,0,105000,78000,27000,27000
059194,元金2X永豐99購01,0,0,0,0,0,0,0,0,0,27000,0,0,0,32000,5000,27000,27000
057413,臺股指群益9C購04,0,0,0,0,0,0,0,0,0,27000,0,0,0,48000,21000,27000,27000
058759,義隆群益99購01  ,0,0,0,0,0,0,0,0,0,27000,0,0,0,58000,31000,27000,27000
056363,華新科元大99購04,0,0,0,0,0,0,0,0,0,27000,0,0,0,130000,103000,27000,27000
2459,敦吉            ,75000,48000,27000,0,0,0,0,0,0,0,0,0,0,0,0,0,27000
060092,瑞昱元大99購03  ,0,0,0,0,0,0,0,0,0,26000,0,0,0,209000,183000,26000,26000
07645P,華通元大9A售06  ,0,0,0,0,0,0,0,0,0,26000,0,0,0,26000,0,26000,26000
05919P,京鼎元大96售03  ,0,0,0,0,0,0,0,0,0,26000,0,0,0,29000,3000,26000,26000
055388,華通統一97購03  ,0,0,0,0,0,0,0,0,0,26000,0,0,0,26000,0,26000,26000
053921,嘉晶國票97購03  ,0,0,0,0,0,0,0,0,0,26000,0,0,0,26000,0,26000,26000
054058,晶豪科國票98購01,0,0,0,0,0,0,0,0,0,26000,0,0,0,50000,24000,26000,26000
048576,義隆國泰95購01  ,0,0,0,0,0,0,0,0,0,26000,0,0,0,51000,25000,26000,26000
058497,新日興群益9B購01,0,0,0,0,0,0,0,0,0,26000,0,0,0,98000,72000,26000,26000
059885,台積電國票99購12,0,0,0,0,0,0,0,0,0,26000,0,0,0,63000,37000,26000,26000
05938P,旺宏凱基96售07  ,0,0,0,0,0,0,0,0,0,26000,0,0,0,35000,9000,26000,26000
055940,致新群益98購01  ,0,0,0,0,0,0,0,0,0,26000,0,0,0,36000,10000,26000,26000
3583,辛耘            ,78000,52000,26000,0,0,0,0,0,0,0,0,0,0,0,0,0,26000
6541,泰福-KY         ,61000,35000,26000,0,0,0,0,0,0,0,0,0,0,0,0,0,26000
07561P,玉晶光永豐9A售02,0,0,0,0,0,0,0,0,0,25000,0,0,0,60000,35000,25000,25000
2022,聚亨            ,25000,0,25000,0,0,0,0,0,0,0,0,0,0,0,0,0,25000
07393P,台灣50富邦9B售02,0,0,0,0,0,0,0,0,0,25000,0,0,0,25000,0,25000,25000
06457P,玉晶光統一98售02,0,0,0,0,0,0,0,0,0,25000,0,0,0,25000,0,25000,25000
06645P,上銀元大98售05  ,0,0,0,0,0,0,0,0,0,25000,0,0,0,25000,0,25000,25000
06742P,可成富邦99售02  ,0,0,0,0,0,0,0,0,0,25000,0,0,0,25000,0,25000,25000
060462,鴻海元大9A購10  ,0,0,0,0,0,0,0,0,0,25000,0,0,0,25000,0,25000,25000
060977,亞德客元大9A購04,0,0,0,0,0,0,0,0,0,25000,0,0,0,76000,51000,25000,25000
060833,道瓊反國票9A購01,0,0,0,0,0,0,0,0,0,25000,0,0,0,25000,0,25000,25000
00763U,街口道瓊銅      ,0,0,0,0,0,0,0,0,0,25000,0,0,0,48000,23000,25000,25000
052529,力成元大95購03  ,0,0,0,0,0,0,0,0,0,25000,0,0,0,273000,248000,25000,25000
050138,台表科國票95購02,0,0,0,0,0,0,0,0,0,25000,0,0,0,25000,0,25000,25000
050254,大立光富邦96購02,0,0,0,0,0,0,0,0,0,25000,0,0,0,60000,35000,25000,25000
05149P,緯穎國泰96售01  ,0,0,0,0,0,0,0,0,0,25000,0,0,0,25000,0,25000,25000
053956,旺宏永豐96購04  ,0,0,0,0,0,0,0,0,0,25000,0,0,0,25000,0,25000,25000
053780,南亞科元大96購03,0,0,0,0,0,0,0,0,0,25000,0,0,0,100000,75000,25000,25000
054943,群光元大97購01  ,0,0,0,0,0,0,0,0,0,25000,0,0,0,64000,39000,25000,25000
055151,台積電元大98購05,0,0,0,0,0,0,0,0,0,25000,0,0,0,25000,0,25000,25000
057211,鴻海群益98購05  ,0,0,0,0,0,0,0,0,0,25000,0,0,0,144000,119000,25000,25000
056982,華新科群益98購05,0,0,0,0,0,0,0,0,0,25000,0,0,0,25000,0,25000,25000
056719,台虹永豐98購01  ,0,0,0,0,0,0,0,0,0,25000,0,0,0,46000,21000,25000,25000
057366,智邦元大98購08  ,0,0,0,0,0,0,0,0,0,25000,0,0,0,131000,106000,25000,25000
057989,旺宏統一99購04  ,0,0,0,0,0,0,0,0,0,25000,0,0,0,35000,10000,25000,25000
058498,世紀鋼群益99購01,0,0,0,0,0,0,0,0,0,25000,0,0,0,27000,2000,25000,25000
058786,元黃金元大99購01,0,0,0,0,0,0,0,0,0,25000,0,0,0,25000,0,25000,25000
056449,義隆凱基98購03  ,0,0,0,0,0,0,0,0,0,25000,0,0,0,65000,40000,25000,25000
059069,臺指反元大9C購01,0,0,0,0,0,0,0,0,0,25000,0,0,0,582000,557000,25000,25000
8033,雷虎            ,25000,0,25000,0,0,0,0,0,0,0,0,0,0,0,0,0,25000
4560,強信-KY         ,79000,54000,25000,0,0,0,0,0,0,0,0,0,0,0,0,0,25000
6582,申豐            ,110000,121000,-11000,0,0,0,5745,0,5745,30000,37000,0,37000,0,7000,-7000,24745
061020,超眾國票9A購02  ,0,0,0,0,0,0,0,0,0,24000,0,0,0,24000,0,24000,24000
07418P,聯發科元大99售45,0,0,0,0,0,0,0,0,0,24000,0,0,0,134000,110000,24000,24000
07353P,大立光國票99售02,0,0,0,0,0,0,0,0,0,24000,0,0,0,24000,0,24000,24000
08674P,嘉晶元富07售02  ,0,0,0,0,0,0,0,0,0,24000,0,0,0,24000,0,24000,24000
054098,嘉晶國票97購04  ,0,0,0,0,0,0,0,0,0,24000,0,0,0,26000,2000,24000,24000
050890,南電富邦99購01  ,0,0,0,0,0,0,0,0,0,24000,0,0,0,27000,3000,24000,24000
054480,和碩中信98購01  ,0,0,0,0,0,0,0,0,0,24000,0,0,0,24000,0,24000,24000
051381,玉晶光群益98購01,0,0,0,0,0,0,0,0,0,24000,0,0,0,46000,22000,24000,24000
03442B,臺股指元大9A熊48,0,0,0,0,0,0,0,0,0,24000,0,0,0,34000,10000,24000,24000
05626P,景碩國票97售03  ,0,0,0,0,0,0,0,0,0,24000,0,0,0,24000,0,24000,24000
059976,道瓊銀元大99購01,0,0,0,0,0,0,0,0,0,24000,0,0,0,52000,28000,24000,24000
059991,超眾元大9A購02  ,0,0,0,0,0,0,0,0,0,24000,0,0,0,34000,10000,24000,24000
059959,訊芯康和99購01  ,0,0,0,0,0,0,0,0,0,24000,0,0,0,61000,37000,24000,24000
057495,牧德元大99購04  ,0,0,0,0,0,0,0,0,0,24000,0,0,0,41000,17000,24000,24000
059632,聯發科凱基01購01,0,0,0,0,0,0,0,0,0,24000,0,0,0,40000,16000,24000,24000
057421,智原凱基98購04  ,0,0,0,0,0,0,0,0,0,24000,0,0,0,24000,0,24000,24000
058318,致茂永豐9A購01  ,0,0,0,0,0,0,0,0,0,24000,0,0,0,56000,32000,24000,24000
057649,嘉聯益元大99購04,0,0,0,0,0,0,0,0,0,24000,0,0,0,181000,157000,24000,24000
057325,可成群益9A購01  ,0,0,0,0,0,0,0,0,0,24000,0,0,0,25000,1000,24000,24000
059586,上銀元大9A購02  ,0,0,0,0,0,0,0,0,0,24000,0,0,0,28000,4000,24000,24000
058896,中環元大99購03  ,0,0,0,0,0,0,0,0,0,24000,0,0,0,76000,52000,24000,24000
3686,達能            ,26000,2000,24000,0,0,0,0,0,0,0,0,0,0,0,0,0,24000
3149,正達            ,32000,8000,24000,0,0,0,0,0,0,0,0,0,0,0,0,0,24000
07508P,華新科國票9A售03,0,0,0,0,0,0,0,0,0,23000,0,0,0,23000,0,23000,23000
1773,勝一            ,44000,21000,23000,0,0,0,0,0,0,0,0,0,0,0,0,0,23000
07357P,鴻海元大99售38  ,0,0,0,0,0,0,0,0,0,23000,0,0,0,23000,0,23000,23000
07150P,和碩元大99售01  ,0,0,0,0,0,0,0,0,0,23000,0,0,0,23000,0,23000,23000
07236P,台灣50國票99售05,0,0,0,0,0,0,0,0,0,23000,0,0,0,23000,0,23000,23000
06888P,日月光元大98售02,0,0,0,0,0,0,0,0,0,23000,0,0,0,56000,33000,23000,23000
06959P,鴻海凱基9A售02  ,0,0,0,0,0,0,0,0,0,23000,0,0,0,87000,64000,23000,23000
06122P,亞光元大98售01  ,0,0,0,0,0,0,0,0,0,23000,0,0,0,23000,0,23000,23000
06254P,臺股指群益97售07,0,0,0,0,0,0,0,0,0,23000,0,0,0,49000,26000,23000,23000
06232P,智易永豐97售01  ,0,0,0,0,0,0,0,0,0,23000,0,0,0,23000,0,23000,23000
060757,台積電元大9A購18,0,0,0,0,0,0,0,0,0,23000,0,0,0,33000,10000,23000,23000
060127,牧德永豐99購02  ,0,0,0,0,0,0,0,0,0,23000,0,0,0,44000,21000,23000,23000
060240,富邦金元大9A購01,0,0,0,0,0,0,0,0,0,23000,0,0,0,94000,71000,23000,23000
060292,聯詠元大9A購01  ,0,0,0,0,0,0,0,0,0,23000,0,0,0,72000,49000,23000,23000
060282,聚陽元大9A購01  ,0,0,0,0,0,0,0,0,0,23000,0,0,0,105000,82000,23000,23000
00680L,元大美債20正2   ,0,0,0,0,0,0,0,0,0,23000,0,0,0,37000,14000,23000,23000
052180,緯穎元大96購05  ,0,0,0,0,0,0,0,0,0,23000,0,0,0,104000,81000,23000,23000
050854,世紀鋼國票97購01,0,0,0,0,0,0,0,0,0,23000,0,0,0,23000,0,23000,23000
053500,新日興兆豐97購01,0,0,0,0,0,0,0,0,0,23000,0,0,0,25000,2000,23000,23000
054891,聯鈞統一99購02  ,0,0,0,0,0,0,0,0,0,23000,0,0,0,23000,0,23000,23000
052972,義隆群益96購04  ,0,0,0,0,0,0,0,0,0,23000,0,0,0,81000,58000,23000,23000
055566,台表科凱基97購03,0,0,0,0,0,0,0,0,0,23000,0,0,0,60000,37000,23000,23000
055557,華新科凱基97購01,0,0,0,0,0,0,0,0,0,23000,0,0,0,23000,0,23000,23000
055726,台表科元大98購03,0,0,0,0,0,0,0,0,0,23000,0,0,0,78000,55000,23000,23000
059103,旭富元富99購03  ,0,0,0,0,0,0,0,0,0,23000,0,0,0,44000,21000,23000,23000
059323,新日興元大99購02,0,0,0,0,0,0,0,0,0,23000,0,0,0,30000,7000,23000,23000
057312,美律麥證98購01  ,0,0,0,23000,0,23000,0,0,0,23000,0,0,0,23000,0,23000,23000
057973,神達富邦9A購01  ,0,0,0,0,0,0,0,0,0,23000,0,0,0,80000,57000,23000,23000
059826,欣興凱基99購06  ,0,0,0,0,0,0,0,0,0,23000,0,0,0,23000,0,23000,23000
058997,鴻海元大99購21  ,0,0,0,0,0,0,0,0,0,23000,0,0,0,23000,0,23000,23000
5258,虹堡            ,53000,31000,22000,0,0,0,312,0,312,0,0,0,0,0,0,0,22312
060340,國巨統一01購02  ,0,0,0,0,0,0,0,0,0,22000,0,0,0,79000,57000,22000,22000
060122,亞德客永豐99購02,0,0,0,0,0,0,0,0,0,22000,0,0,0,23000,1000,22000,22000
060470,台勝科元大9A購03,0,0,0,0,0,0,0,0,0,22000,0,0,0,134000,112000,22000,22000
060506,京元電元大9A購02,0,0,0,0,0,0,0,0,0,22000,0,0,0,96000,74000,22000,22000
060383,葡萄王凱基9A購01,0,0,0,0,0,0,0,0,0,22000,0,0,0,22000,0,22000,22000
060847,康控國票9A購01  ,0,0,0,0,0,0,0,0,0,22000,0,0,0,22000,0,22000,22000
060917,台表科國泰9B購01,0,0,0,0,0,0,0,0,0,22000,0,0,0,27000,5000,22000,22000
061098,滬深2X元大9A購06,0,0,0,0,0,0,0,0,0,22000,0,0,0,22000,0,22000,22000
07210P,智邦凱基99售03  ,0,0,0,0,0,0,0,0,0,22000,0,0,0,29000,7000,22000,22000
07414P,台積電元大99售51,0,0,0,0,0,0,0,0,0,22000,0,0,0,22000,0,22000,22000
2423,固緯            ,39000,17000,22000,0,0,0,0,0,0,0,0,0,0,0,0,0,22000
2348,海悅            ,32000,10000,22000,0,0,0,0,0,0,0,0,0,0,0,0,0,22000
059332,台灣50國票9A購07,0,0,0,0,0,0,0,0,0,22000,0,0,0,22000,0,22000,22000
059209,華通元大99購08  ,0,0,0,0,0,0,0,0,0,22000,0,0,0,28000,6000,22000,22000
05564P,玉晶光元大97售02,0,0,0,0,0,0,0,0,0,22000,0,0,0,22000,0,22000,22000
055072,康友永豐97購02  ,0,0,0,0,0,0,0,0,0,22000,0,0,0,22000,0,22000,22000
053066,欣興群益96購02  ,0,0,0,0,0,0,0,0,0,22000,0,0,0,24000,2000,22000,22000
053074,嘉晶永豐96購02  ,0,0,0,0,0,0,0,0,0,22000,0,0,0,22000,0,22000,22000
053713,漢唐凱基96購04  ,0,0,0,0,0,0,0,0,0,22000,0,0,0,50000,28000,22000,22000
055847,大立光元大97購10,0,0,0,0,0,0,0,0,0,22000,0,0,0,25000,3000,22000,22000
051404,牧德永豐96購01  ,0,0,0,0,0,0,0,0,0,22000,0,0,0,24000,2000,22000,22000
051728,道瓊反國票97購01,0,0,0,0,0,0,0,0,0,22000,0,0,0,53000,31000,22000,22000
058531,華通元富99購01  ,0,0,0,0,0,0,0,0,0,22000,0,0,0,26000,4000,22000,22000
056568,台表科群益98購01,0,0,0,0,0,0,0,0,0,22000,0,0,0,29000,7000,22000,22000
057705,臺股指群益98購05,0,0,0,0,0,0,0,0,0,22000,0,0,0,25000,3000,22000,22000
056054,亞德客元大97購05,0,0,0,0,0,0,0,0,0,22000,0,0,0,29000,7000,22000,22000
059363,超眾永豐99購02  ,0,0,0,0,0,0,0,0,0,22000,0,0,0,105000,83000,22000,22000
6698,旭暉應材        ,39000,7000,32000,0,0,0,0,0,0,-10000,0,10000,-10000,0,0,0,22000
9917,中保科          ,64000,42000,22000,0,0,0,3000,1000,2000,-2000,0,2000,-2000,0,0,0,22000
07473P,祥碩元大9A售01  ,0,0,0,0,0,0,0,0,0,21000,0,0,0,34000,13000,21000,21000
07532P,台灣50中信01售02,0,0,0,0,0,0,0,0,0,21000,0,0,0,25000,4000,21000,21000
07241P,台灣50國票9A售05,0,0,0,0,0,0,0,0,0,21000,0,0,0,32000,11000,21000,21000
07181P,臺股指凱基99售23,0,0,0,0,0,0,0,0,0,21000,0,0,0,25000,4000,21000,21000
06721P,臺股指中信9A售03,0,0,0,0,0,0,0,0,0,21000,0,0,0,27000,6000,21000,21000
06602P,國巨統一99售02  ,0,0,0,0,0,0,0,0,0,21000,0,0,0,163000,142000,21000,21000
06247P,同欣電元富97售02,0,0,0,0,0,0,0,0,0,21000,0,0,0,21000,0,21000,21000
06167P,欣興國票97售05  ,0,0,0,0,0,0,0,0,0,21000,0,0,0,21000,0,21000,21000
060655,國巨統一9B購06  ,0,0,0,0,0,0,0,0,0,21000,0,0,0,21000,0,21000,21000
020008,元大特股高息N   ,0,0,0,0,0,0,0,0,0,21000,0,0,0,33000,12000,21000,21000
052151,義隆富邦96購01  ,0,0,0,0,0,0,0,0,0,21000,0,0,0,21000,0,21000,21000
052132,旺宏凱基9B購01  ,0,0,0,0,0,0,0,0,0,21000,0,0,0,21000,0,21000,21000
053746,彰銀康和96購01  ,0,0,0,0,0,0,0,0,0,21000,0,0,0,21000,0,21000,21000
054697,凌華永豐97購01  ,0,0,0,0,0,0,0,0,0,21000,0,0,0,21000,0,21000,21000
053542,超眾永豐96購01  ,0,0,0,0,0,0,0,0,0,21000,0,0,0,24000,3000,21000,21000
059382,台灣50凱基99購02,0,0,0,0,0,0,0,0,0,21000,0,0,0,41000,20000,21000,21000
059407,台灣50國票9B購01,0,0,0,0,0,0,0,0,0,21000,0,0,0,21000,0,21000,21000
056092,亞德客元富97購02,0,0,0,0,0,0,0,0,0,21000,0,0,0,21000,0,21000,21000
05757P,旺宏永豐96售03  ,0,0,0,0,0,0,0,0,0,21000,0,0,0,21000,0,21000,21000
058570,臻鼎凱基9A購01  ,0,0,0,0,0,0,0,0,0,21000,0,0,0,22000,1000,21000,21000
058996,台達電元大99購02,0,0,0,0,0,0,0,0,0,21000,0,0,0,233000,212000,21000,21000
058655,鴻海中信03購02  ,0,0,0,0,0,0,0,0,0,21000,0,0,0,21000,0,21000,21000
056237,智邦群益97購02  ,0,0,0,0,0,0,0,0,0,21000,0,0,0,21000,0,21000,21000
4952,凌通            ,45000,24000,21000,0,0,0,0,0,0,0,0,0,0,0,0,0,21000
06060P,玉晶光元大97售03,0,0,0,0,0,0,0,0,0,20000,0,0,0,20000,0,20000,20000
060252,緯穎元大9A購02  ,0,0,0,0,0,0,0,0,0,20000,0,0,0,35000,15000,20000,20000
060968,台灣50元大9C購28,0,0,0,0,0,0,0,0,0,20000,0,0,0,20000,0,20000,20000
060831,T50反1國票9B購03,0,0,0,0,0,0,0,0,0,20000,0,0,0,40000,20000,20000,20000
060866,世芯永豐9B購01  ,0,0,0,0,0,0,0,0,0,20000,0,0,0,70000,50000,20000,20000
060798,旭富永豐9A購01  ,0,0,0,0,0,0,0,0,0,20000,0,0,0,20000,0,20000,20000
06332P,世紀鋼群益98售01,0,0,0,0,0,0,0,0,0,20000,0,0,0,20000,0,20000,20000
06477P,緯穎國票99售02  ,0,0,0,0,0,0,0,0,0,20000,0,0,0,177000,157000,20000,20000
06434P,超眾群益98售02  ,0,0,0,0,0,0,0,0,0,20000,0,0,0,20000,0,20000,20000
06538P,國巨凱基98售11  ,0,0,0,0,0,0,0,0,0,20000,0,0,0,20000,0,20000,20000
06734P,智邦凱基98售05  ,0,0,0,0,0,0,0,0,0,20000,0,0,0,33000,13000,20000,20000
07197P,臺股指元大99售13,0,0,0,0,0,0,0,0,0,20000,0,0,0,40000,20000,20000,20000
07051P,大立光中信99售02,0,0,0,0,0,0,0,0,0,20000,0,0,0,20000,0,20000,20000
07122P,欣興凱基99售05  ,0,0,0,0,0,0,0,0,0,20000,0,0,0,30000,10000,20000,20000
07244P,鴻海凱基9A售13  ,0,0,0,0,0,0,0,0,0,20000,0,0,0,30000,10000,20000,20000
07267P,臺股指元大99售23,0,0,0,0,0,0,0,0,0,20000,0,0,0,25000,5000,20000,20000
07337P,台灣50凱基99售09,0,0,0,0,0,0,0,0,0,20000,0,0,0,45000,25000,20000,20000
07528P,鴻海凱基9A售19  ,0,0,0,0,0,0,0,0,0,20000,0,0,0,30000,10000,20000,20000
07588P,滬深2X國票9C售01,0,0,0,0,0,0,0,0,0,20000,0,0,0,20000,0,20000,20000
07491P,臺股指國票9A售09,0,0,0,0,0,0,0,0,0,20000,0,0,0,20000,0,20000,20000
07639P,緯穎國票9A售01  ,0,0,0,0,0,0,0,0,0,20000,0,0,0,20000,0,20000,20000
07628P,臺股指凱基9A售09,0,0,0,0,0,0,0,0,0,20000,0,0,0,25000,5000,20000,20000
07603P,台積電統一9B售08,0,0,0,0,0,0,0,0,0,20000,0,0,0,23000,3000,20000,20000
07604P,台灣50元大9B售09,0,0,0,0,0,0,0,0,0,20000,0,0,0,20000,0,20000,20000
2397,友通            ,37000,17000,20000,0,0,0,0,0,0,0,0,0,0,0,0,0,20000
053129,緯穎凱基96購01  ,0,0,0,0,0,0,0,0,0,20000,0,0,0,20000,0,20000,20000
054912,群光凱基97購01  ,0,0,0,0,0,0,0,0,0,20000,0,0,0,34000,14000,20000,20000
054667,神基元富97購01  ,0,0,0,0,0,0,0,0,0,20000,0,0,0,20000,0,20000,20000
05310P,智原永豐95售04  ,0,0,0,0,0,0,0,0,0,20000,0,0,0,20000,0,20000,20000
053123,京元電凱基96購01,0,0,0,0,0,0,0,0,0,20000,0,0,0,20000,0,20000,20000
052870,玉晶光凱基96購03,0,0,0,0,0,0,0,0,0,20000,0,0,0,20000,0,20000,20000
053748,燿華永豐96購04  ,0,0,0,0,0,0,0,0,0,20000,0,0,0,20000,0,20000,20000
054046,義隆元大96購02  ,0,0,0,0,0,0,0,0,0,20000,0,0,0,20000,0,20000,20000
054015,晶豪科永豐96購03,0,0,0,0,0,0,0,0,0,20000,0,0,0,20000,0,20000,20000
05379P,可成凱基95售11  ,0,0,0,0,0,0,0,0,0,20000,0,0,0,20000,0,20000,20000
053806,鎧勝凱基96購02  ,0,0,0,0,0,0,0,0,0,20000,0,0,0,30000,10000,20000,20000
055126,嘉澤兆豐97購01  ,0,0,0,0,0,0,0,0,0,20000,0,0,0,20000,0,20000,20000
05520P,聯詠凱基96售01  ,0,0,0,0,0,0,0,0,0,20000,0,0,0,20000,0,20000,20000
055304,瑞昱第一98購01  ,0,0,0,0,0,0,0,0,0,20000,0,0,0,20000,0,20000,20000
05525P,奇力新群益96售02,0,0,0,0,0,0,0,0,0,20000,0,0,0,40000,20000,20000,20000
055488,華邦電元大98購01,0,0,0,0,0,0,0,0,0,20000,0,0,0,20000,0,20000,20000
059122,超眾永豐99購01  ,0,0,0,0,0,0,0,0,0,20000,0,0,0,20000,0,20000,20000
059320,華新科元大99購15,0,0,0,0,0,0,0,0,0,20000,0,0,0,30000,10000,20000,20000
059230,滬深2X國票9B購02,0,0,0,0,0,0,0,0,0,20000,0,0,0,20000,0,20000,20000
05230P,京元電群益95售01,0,0,0,0,0,0,0,0,0,20000,0,0,0,30000,10000,20000,20000
052371,元金2X元大95購01,0,0,0,0,0,0,0,0,0,20000,0,0,0,20000,0,20000,20000
052043,瑞昱日盛95購01  ,0,0,0,0,0,0,0,0,0,20000,0,0,0,20000,0,20000,20000
052055,緯穎凱基95購03  ,0,0,0,0,0,0,0,0,0,20000,0,0,0,20000,0,20000,20000
05051P,鴻海群益95售05  ,0,0,0,0,0,0,0,0,0,20000,0,0,0,20000,0,20000,20000
050122,臺指反凱基96購01,0,0,0,0,0,0,0,0,0,20000,0,0,0,20000,0,20000,20000
054120,奇力新永豐96購01,0,0,0,0,0,0,0,0,0,20000,0,0,0,20000,0,20000,20000
051271,華新科群益95購04,0,0,0,0,0,0,0,0,0,20000,0,0,0,20000,0,20000,20000
051058,景碩群益96購01  ,0,0,0,0,0,0,0,0,0,20000,0,0,0,20000,0,20000,20000
051066,台積電國票96購02,0,0,0,0,0,0,0,0,0,20000,0,0,0,20000,0,20000,20000
05446P,緯穎元大95售04  ,0,0,0,0,0,0,0,0,0,20000,0,0,0,20000,0,20000,20000
054350,美律國泰98購01  ,0,0,0,0,0,0,0,0,0,20000,0,0,0,30000,10000,20000,20000
054403,同欣電永豐96購02,0,0,0,0,0,0,0,0,0,20000,0,0,0,20000,0,20000,20000
04391P,玉晶光凱基95售03,0,0,0,0,0,0,0,0,0,20000,0,0,0,20000,0,20000,20000
046344,超眾國票94購01  ,0,0,0,0,0,0,0,0,0,20000,0,0,0,20000,0,20000,20000
051603,深中小群益99購03,0,0,0,0,0,0,0,0,0,20000,0,0,0,20000,0,20000,20000
052590,祥碩永豐96購01  ,0,0,0,0,0,0,0,0,0,20000,0,0,0,29000,9000,20000,20000
040760,T50反1凱基95購01,0,0,0,0,0,0,0,0,0,20000,0,0,0,20000,0,20000,20000
03980P,群創凱基95售02  ,0,0,0,0,0,0,0,0,0,20000,0,0,0,20000,0,20000,20000
056146,台虹元大98購01  ,0,0,0,0,0,0,0,0,0,20000,0,0,0,20000,0,20000,20000
058827,聯發科永豐9A購01,0,0,0,0,0,0,0,0,0,20000,0,0,0,20000,0,20000,20000
056644,宏達電凱基98購04,0,0,0,0,0,0,0,0,0,20000,0,0,0,20000,0,20000,20000
05855P,滬深2X中信9C售01,0,0,0,0,0,0,0,0,0,20000,0,0,0,20000,0,20000,20000
05848P,臺股指元大96售24,0,0,0,0,0,0,0,0,0,20000,0,0,0,20000,0,20000,20000
056523,光寶科中信98購01,0,0,0,0,0,0,0,0,0,20000,0,0,0,20000,0,20000,20000
057469,康友永豐98購02  ,0,0,0,0,0,0,0,0,0,20000,0,0,0,30000,10000,20000,20000
057605,旺宏統一99購03  ,0,0,0,0,0,0,0,0,0,20000,0,0,0,50000,30000,20000,20000
056122,勤誠群益97購02  ,0,0,0,0,0,0,0,0,0,20000,0,0,0,20000,0,20000,20000
057417,國巨凱基9A購03  ,0,0,0,0,0,0,0,0,0,20000,0,0,0,30000,10000,20000,20000
056045,勤誠凱基97購01  ,0,0,0,0,0,0,0,0,0,20000,0,0,0,20000,0,20000,20000
057319,奇力新凱基99購02,0,0,0,0,0,0,0,0,0,20000,0,0,0,20000,0,20000,20000
057697,國巨群益98購09  ,0,0,0,0,0,0,0,0,0,20000,0,0,0,20000,0,20000,20000
057910,華新科兆豐99購02,0,0,0,0,0,0,0,0,0,20000,0,0,0,30000,10000,20000,20000
058402,欣興元大99購04  ,0,0,0,0,0,0,0,0,0,20000,0,0,0,48000,28000,20000,20000
059416,T50反1元大99購08,0,0,0,0,0,0,0,0,0,20000,0,0,0,20000,0,20000,20000
057136,立積凱基98購02  ,0,0,0,0,0,0,0,0,0,20000,0,0,0,56000,36000,20000,20000
058077,超眾凱基98購02  ,0,0,0,0,0,0,0,0,0,20000,0,0,0,20000,0,20000,20000
058902,聯發科元大99購15,0,0,0,0,0,0,0,0,0,20000,0,0,0,140000,120000,20000,20000
059590,台積電元大99購39,0,0,0,0,0,0,0,0,0,20000,0,0,0,20000,0,20000,20000
058175,旺宏凱基99購03  ,0,0,0,0,0,0,0,0,0,20000,0,0,0,20000,0,20000,20000
056722,滬深反中信9B購01,0,0,0,0,0,0,0,0,0,20000,0,0,0,20000,0,20000,20000
05697P,友達凱基96售01  ,0,0,0,0,0,0,0,0,0,20000,0,0,0,30000,10000,20000,20000
055931,冠德群益97購02  ,0,0,0,0,0,0,0,0,0,20000,0,0,0,20000,0,20000,20000
4532,瑞智            ,39000,19000,20000,0,0,0,0,0,0,0,0,0,0,0,0,0,20000
6165,捷泰            ,45000,25000,20000,0,0,0,0,0,0,0,0,0,0,0,0,0,20000
3030,德律            ,125000,104000,21000,0,0,0,0,1000,-1000,0,0,0,0,0,0,0,20000
2431,聯昌            ,28000,9000,19000,0,0,0,0,0,0,0,0,0,0,0,0,0,19000
1463,強盛            ,20000,1000,19000,0,0,0,0,0,0,0,0,0,0,0,0,0,19000
07553P,嘉晶元大9A售02  ,0,0,0,0,0,0,0,0,0,19000,0,0,0,69000,50000,19000,19000
07521P,台積電中信01售05,0,0,0,0,0,0,0,0,0,19000,0,0,0,29000,10000,19000,19000
07233P,台灣50元大99售04,0,0,0,0,0,0,0,0,0,19000,0,0,0,51000,32000,19000,19000
07170P,臺股指國票99售07,0,0,0,0,0,0,0,0,0,19000,0,0,0,69000,50000,19000,19000
06550P,健策元大99售01  ,0,0,0,0,0,0,0,0,0,19000,0,0,0,70000,51000,19000,19000
06582P,可成凱基98售06  ,0,0,0,0,0,0,0,0,0,19000,0,0,0,40000,21000,19000,19000
060785,國巨富邦9B購04  ,0,0,0,0,0,0,0,0,0,19000,0,0,0,65000,46000,19000,19000
060864,可成永豐9A購01  ,0,0,0,0,0,0,0,0,0,19000,0,0,0,19000,0,19000,19000
060613,T50反1元大9A購05,0,0,0,0,0,0,0,0,0,19000,0,0,0,20000,1000,19000,19000
060401,世紀鋼國票9B購01,0,0,0,0,0,0,0,0,0,19000,0,0,0,19000,0,19000,19000
047689,瑞昱富邦97購01  ,0,0,0,0,0,0,0,0,0,19000,0,0,0,20000,1000,19000,19000
04960P,大立光凱基96售04,0,0,0,0,0,0,0,0,0,19000,0,0,0,19000,0,19000,19000
04630P,嘉聯益元大95售02,0,0,0,0,0,0,0,0,0,19000,0,0,0,19000,0,19000,19000
051375,道瓊反群益9A購01,0,0,0,0,0,0,0,0,0,19000,0,0,0,21000,2000,19000,19000
055429,華新科群益99購01,0,0,0,0,0,0,0,0,0,19000,0,0,0,20000,1000,19000,19000
055657,超眾元富97購02  ,0,0,0,0,0,0,0,0,0,19000,0,0,0,272000,253000,19000,19000
055112,晶豪科凱基98購01,0,0,0,0,0,0,0,0,0,19000,0,0,0,64000,45000,19000,19000
053935,華通元富96購02  ,0,0,0,0,0,0,0,0,0,19000,0,0,0,19000,0,19000,19000
052883,百和亞東97購01  ,0,0,0,0,0,0,0,0,0,19000,0,0,0,19000,0,19000,19000
053505,瑞儀兆豐97購01  ,0,0,0,0,0,0,0,0,0,19000,0,0,0,27000,8000,19000,19000
054755,世紀鋼凱基98購01,0,0,0,0,0,0,0,0,0,19000,0,0,0,19000,0,19000,19000
058021,牧德凱基98購02  ,0,0,0,0,0,0,0,0,0,19000,0,0,0,23000,4000,19000,19000
057075,嘉聯益永豐98購01,0,0,0,0,0,0,0,0,0,19000,0,0,0,19000,0,19000,19000
058320,華新科永豐99購02,0,0,0,0,0,0,0,0,0,19000,0,0,0,19000,0,19000,19000
060029,嘉晶永豐99購03  ,0,0,0,0,0,0,0,0,0,19000,0,0,0,20000,1000,19000,19000
056417,欣興中信98購01  ,0,0,0,0,0,0,0,0,0,19000,0,0,0,20000,1000,19000,19000
4536,拓凱            ,54000,55000,-1000,0,0,0,120000,100000,20000,0,0,0,0,0,0,0,19000
9925,新保            ,53000,34000,19000,0,0,0,0,0,0,0,0,0,0,0,0,0,19000
060645,台表科永豐9A購02,0,0,0,0,0,0,0,0,0,18000,0,0,0,18000,0,18000,18000
06024P,台郡國票97售05  ,0,0,0,0,0,0,0,0,0,18000,0,0,0,18000,0,18000,18000
060213,牧德康和9A購01  ,0,0,0,0,0,0,0,0,0,18000,0,0,0,72000,54000,18000,18000
060970,T50反1元大9A購08,0,0,0,0,0,0,0,0,0,18000,0,0,0,19000,1000,18000,18000
07140P,台灣50日盛99售01,0,0,0,0,0,0,0,0,0,18000,0,0,0,38000,20000,18000,18000
07636P,鴻海國票9A售05  ,0,0,0,0,0,0,0,0,0,18000,0,0,0,18000,0,18000,18000
1445,大宇            ,19000,1000,18000,0,0,0,0,0,0,0,0,0,0,0,0,0,18000
054029,瀚宇博凱基96購02,0,0,0,0,0,0,0,0,0,18000,0,0,0,50000,32000,18000,18000
053671,可成統一96購03  ,0,0,0,0,0,0,0,0,0,18000,0,0,0,23000,5000,18000,18000
059193,台灣50永豐99購05,0,0,0,0,0,0,0,0,0,18000,0,0,0,18000,0,18000,18000
059139,全新兆豐9A購01  ,0,0,0,0,0,0,0,0,0,18000,0,0,0,80000,62000,18000,18000
049946,智邦兆豐95購01  ,0,0,0,0,0,0,0,0,0,18000,0,0,0,48000,30000,18000,18000
054556,世芯凱基99購01  ,0,0,0,0,0,0,0,0,0,18000,0,0,0,18000,0,18000,18000
00770,國泰北美科技    ,10000,0,10000,0,0,0,0,0,0,8000,0,0,0,144000,136000,8000,18000
00728,第一金工業30    ,0,0,0,0,0,0,0,0,0,18000,0,0,0,425000,407000,18000,18000
052463,聯電統一96購01  ,0,0,0,0,0,0,0,0,0,18000,0,0,0,38000,20000,18000,18000
059041,南茂群益99購02  ,0,0,0,0,0,0,0,0,0,18000,0,0,0,148000,130000,18000,18000
058796,可成元大99購04  ,0,0,0,0,0,0,0,0,0,18000,0,0,0,23000,5000,18000,18000
059934,華通永豐99購02  ,0,0,0,0,0,0,0,0,0,18000,0,0,0,18000,0,18000,18000
05761P,嘉澤永豐96售01  ,0,0,0,0,0,0,0,0,0,18000,0,0,0,40000,22000,18000,18000
057631,康控永豐98購02  ,0,0,0,0,0,0,0,0,0,18000,0,0,0,73000,55000,18000,18000
05948P,茂林元大96售03  ,0,0,0,0,0,0,0,0,0,18000,0,0,0,19000,1000,18000,18000
058371,智原凱基9A購01  ,0,0,0,0,0,0,0,0,0,18000,0,0,0,18000,0,18000,18000
057179,可成元大98購04  ,0,0,0,0,0,0,0,0,0,18000,0,0,0,18000,0,18000,18000
058187,泰碩永豐99購01  ,0,0,0,0,0,0,0,0,0,18000,0,0,0,38000,20000,18000,18000
6525,捷敏-KY         ,44000,26000,18000,0,0,0,0,0,0,0,0,0,0,0,0,0,18000
6605,帝寶            ,28000,10000,18000,0,0,0,0,0,0,0,0,0,0,0,0,0,18000
6449,鈺邦            ,25000,4000,21000,0,0,0,0,0,0,-3000,3000,6000,-3000,0,0,0,18000
2611,志信            ,18000,0,18000,0,0,0,0,0,0,0,0,0,0,0,0,0,18000
5269,祥碩            ,158000,121000,37000,0,0,0,68,13000,-12932,-7000,0,5000,-5000,6000,8000,-2000,17068
2420,新巨            ,39000,22000,17000,0,0,0,0,0,0,0,0,0,0,0,0,0,17000
07686P,祥碩凱基9A售02  ,0,0,0,0,0,0,0,0,0,17000,0,0,0,20000,3000,17000,17000
1315,達新            ,52000,34000,18000,0,0,0,0,0,0,-1000,0,1000,-1000,0,0,0,17000
07305P,T50正2群益99售02,0,0,0,0,0,0,0,0,0,17000,0,0,0,17000,0,17000,17000
06549P,大立光元大98售11,0,0,0,0,0,0,0,0,0,17000,0,0,0,17000,0,17000,17000
061033,台光電永豐9A購01,0,0,0,0,0,0,0,0,0,17000,0,0,0,18000,1000,17000,17000
060168,台表科永豐9A購01,0,0,0,0,0,0,0,0,0,17000,0,0,0,17000,0,17000,17000
060413,東元永豐9A購01  ,0,0,0,0,0,0,0,0,0,17000,0,0,0,17000,0,17000,17000
06043P,創意永豐96售06  ,0,0,0,0,0,0,0,0,0,17000,0,0,0,30000,13000,17000,17000
05250P,臻鼎國票96售01  ,0,0,0,0,0,0,0,0,0,17000,0,0,0,17000,0,17000,17000
03430B,臺股指元大9B熊01,0,0,0,0,0,0,0,0,0,17000,0,0,0,18000,1000,17000,17000
05270P,台表科元大95售05,0,0,0,0,0,0,0,0,0,17000,0,0,0,17000,0,17000,17000
00690,兆豐藍籌30      ,0,0,0,0,0,0,0,0,0,17000,0,0,0,170000,153000,17000,17000
04631P,臺股指中信95售08,0,0,0,0,0,0,0,0,0,17000,0,0,0,17000,0,17000,17000
048707,南電國票95購01  ,0,0,0,0,0,0,0,0,0,17000,0,0,0,18000,1000,17000,17000
055788,緯穎凱基97購04  ,0,0,0,0,0,0,0,0,0,17000,0,0,0,17000,0,17000,17000
053429,彩晶永豐96購01  ,0,0,0,0,0,0,0,0,0,17000,0,0,0,17000,0,17000,17000
054973,台郡元大98購02  ,0,0,0,0,0,0,0,0,0,17000,0,0,0,17000,0,17000,17000
053513,義隆群益96購05  ,0,0,0,0,0,0,0,0,0,17000,0,0,0,86000,69000,17000,17000
057147,新日興國票99購01,0,0,0,0,0,0,0,0,0,17000,0,0,0,18000,1000,17000,17000
056709,華通永豐98購01  ,0,0,0,0,0,0,0,0,0,17000,0,0,0,22000,5000,17000,17000
056980,建準群益98購02  ,0,0,0,0,0,0,0,0,0,17000,0,0,0,50000,33000,17000,17000
058050,台郡元大99購05  ,0,0,0,0,0,0,0,0,0,17000,0,0,0,120000,103000,17000,17000
056025,嘉晶群益97購01  ,0,0,0,0,0,0,0,0,0,17000,0,0,0,17000,0,17000,17000
058311,緯穎元大99購05  ,0,0,0,0,0,0,0,0,0,17000,0,0,0,25000,8000,17000,17000
057626,技嘉富邦9A購01  ,0,0,0,0,0,0,0,0,0,17000,0,0,0,74000,57000,17000,17000
05964P,華通凱基96售06  ,0,0,0,0,0,0,0,0,0,17000,0,0,0,17000,0,17000,17000
056557,世紀鋼凱基98購02,0,0,0,0,0,0,0,0,0,17000,0,0,0,77000,60000,17000,17000
059906,臺指反元大9C購04,0,0,0,0,0,0,0,0,0,17000,0,0,0,77000,60000,17000,17000
059037,宏達電群益99購02,0,0,0,0,0,0,0,0,0,17000,0,0,0,17000,0,17000,17000
4766,南寶            ,50000,33000,17000,0,0,0,0,0,0,0,0,0,0,0,0,0,17000
5388,中磊            ,137000,125000,12000,0,0,0,0,4000,-4000,9000,0,0,0,13000,4000,9000,17000
2501,國建            ,189000,172000,17000,0,0,0,0,0,0,0,0,0,0,0,0,0,17000
3311,閎暉            ,23000,6000,17000,0,0,0,0,0,0,0,0,0,0,0,0,0,17000
060479,億豐元大9A購01  ,0,0,0,0,0,0,0,0,0,16000,0,0,0,16000,0,16000,16000
060576,欣興中信9B購01  ,0,0,0,0,0,0,0,0,0,16000,0,0,0,48000,32000,16000,16000
060543,鴻海凱基9B購02  ,0,0,0,0,0,0,0,0,0,16000,0,0,0,17000,1000,16000,16000
060106,旭富元大99購02  ,0,0,0,0,0,0,0,0,0,16000,0,0,0,41000,25000,16000,16000
061130,牧德永豐9A購04  ,0,0,0,0,0,0,0,0,0,16000,0,0,0,21000,5000,16000,16000
06255P,臺股指群益97售08,0,0,0,0,0,0,0,0,0,16000,0,0,0,16000,0,16000,16000
06682P,玉晶光元大99售08,0,0,0,0,0,0,0,0,0,16000,0,0,0,30000,14000,16000,16000
07488P,鴻海國票9A售02  ,0,0,0,0,0,0,0,0,0,16000,0,0,0,16000,0,16000,16000
1536,和大            ,410000,209000,201000,0,0,0,0,45000,-45000,-140000,8000,137000,-129000,10000,21000,-11000,16000
053647,臺股指國票96購10,0,0,0,0,0,0,0,0,0,16000,0,0,0,16000,0,16000,16000
053287,臺股指元大96購15,0,0,0,0,0,0,0,0,0,16000,0,0,0,16000,0,16000,16000
054103,T50反1凱基99購04,0,0,0,0,0,0,0,0,0,16000,0,0,0,20000,4000,16000,16000
059153,臺股指國票99購16,0,0,0,0,0,0,0,0,0,16000,0,0,0,68000,52000,16000,16000
054121,奇鋐永豐96購02  ,0,0,0,0,0,0,0,0,0,16000,0,0,0,31000,15000,16000,16000
052060,旺宏國票96購02  ,0,0,0,0,0,0,0,0,0,16000,0,0,0,16000,0,16000,16000
052581,訊芯元富98購01  ,0,0,0,0,0,0,0,0,0,16000,0,0,0,26000,10000,16000,16000
051729,華新國票96購01  ,0,0,0,0,0,0,0,0,0,16000,0,0,0,16000,0,16000,16000
05646P,聯發科國票96售05,0,0,0,0,0,0,0,0,0,16000,0,0,0,16000,0,16000,16000
057562,奇鋐兆豐98購01  ,0,0,0,0,0,0,0,0,0,16000,0,0,0,36000,20000,16000,16000
059662,旭富元大9C購01  ,0,0,0,0,0,0,0,0,0,16000,0,0,0,18000,2000,16000,16000
057365,智邦元大98購07  ,0,0,0,0,0,0,0,0,0,16000,0,0,0,24000,8000,16000,16000
05594P,旺宏國票96售04  ,0,0,0,0,0,0,0,0,0,16000,0,0,0,16000,0,16000,16000
5525,順天            ,17000,1000,16000,0,0,0,0,0,0,0,0,0,0,0,0,0,16000
00771,元大US高息特別股,0,0,0,0,0,0,0,0,0,15920,0,0,0,56000,40080,15920,15920
2115,六暉-KY         ,15000,0,15000,0,0,0,0,0,0,0,0,0,0,0,0,0,15000
07529P,國巨凱基9A售11  ,0,0,0,0,0,0,0,0,0,15000,0,0,0,45000,30000,15000,15000
07570P,旺宏凱基9A售04  ,0,0,0,0,0,0,0,0,0,15000,0,0,0,15000,0,15000,15000
07584P,台積電永豐9A售02,0,0,0,0,0,0,0,0,0,15000,0,0,0,35000,20000,15000,15000
06758P,鴻海元大98售10  ,0,0,0,0,0,0,0,0,0,15000,0,0,0,15000,0,15000,15000
06544P,鴻海元大98售09  ,0,0,0,0,0,0,0,0,0,15000,0,0,0,15000,0,15000,15000
06592P,欣興元大98售04  ,0,0,0,0,0,0,0,0,0,15000,0,0,0,60000,45000,15000,15000
06429P,大立光元大97售15,0,0,0,0,0,0,0,0,0,15000,0,0,0,15000,0,15000,15000
06466P,台積電統一9B售01,0,0,0,0,0,0,0,0,0,15000,0,0,0,34000,19000,15000,15000
07290P,台灣50凱基9A售08,0,0,0,0,0,0,0,0,0,15000,0,0,0,15000,0,15000,15000
07198P,臺股指元大99售14,0,0,0,0,0,0,0,0,0,15000,0,0,0,15000,0,15000,15000
07023P,南電永豐99售02  ,0,0,0,0,0,0,0,0,0,15000,0,0,0,31000,16000,15000,15000
06268P,聯詠凱基97售02  ,0,0,0,0,0,0,0,0,0,15000,0,0,0,15000,0,15000,15000
06144P,台光電永豐97售01,0,0,0,0,0,0,0,0,0,15000,0,0,0,15000,0,15000,15000
060872,高股息中信02購01,0,0,0,0,0,0,0,0,0,15000,0,0,0,15000,0,15000,15000
060746,玉晶光國票9B購02,0,0,0,0,0,0,0,0,0,15000,0,0,0,22000,7000,15000,15000
060101,大立光元大99購31,0,0,0,0,0,0,0,0,0,15000,0,0,0,15000,0,15000,15000
060258,T50反1凱基9A購06,0,0,0,0,0,0,0,0,0,15000,0,0,0,40000,25000,15000,15000
048438,台表科麥證94購01,0,0,0,15000,0,15000,0,0,0,15000,0,0,0,15000,0,15000,15000
046645,技嘉國泰94購01  ,0,0,0,0,0,0,0,0,0,15000,0,0,0,15000,0,15000,15000
03427B,臺股指元大9A熊02,0,0,0,0,0,0,0,0,0,15000,0,0,0,17000,2000,15000,15000
051798,國巨永豐95購03  ,0,0,0,0,0,0,0,0,0,15000,0,0,0,15000,0,15000,15000
050163,群創國泰95購01  ,0,0,0,0,0,0,0,0,0,15000,0,0,0,15000,0,15000,15000
050751,聯電統一94購05  ,0,0,0,0,0,0,0,0,0,15000,0,0,0,15000,0,15000,15000
051409,美律國票96購01  ,0,0,0,0,0,0,0,0,0,15000,0,0,0,15000,0,15000,15000
054231,國巨群益98購03  ,0,0,0,0,0,0,0,0,0,15000,0,0,0,151000,136000,15000,15000
059179,祥碩元富99購01  ,0,0,0,0,0,0,0,0,0,15000,0,0,0,135000,120000,15000,15000
059329,台灣50國票99購09,0,0,0,0,0,0,0,0,0,15000,0,0,0,15000,0,15000,15000
054069,亞光國泰98購01  ,0,0,0,0,0,0,0,0,0,15000,0,0,0,20000,5000,15000,15000
053845,和大元富96購01  ,0,0,0,0,0,0,0,0,0,15000,0,0,0,15000,0,15000,15000
053850,嘉澤元富96購03  ,0,0,0,0,0,0,0,0,0,15000,0,0,0,15000,0,15000,15000
053286,臺股指元大96購14,0,0,0,0,0,0,0,0,0,15000,0,0,0,15000,0,15000,15000
053688,燿華元大96購05  ,0,0,0,0,0,0,0,0,0,15000,0,0,0,15000,0,15000,15000
056949,義隆統一98購01  ,0,0,0,0,0,0,0,0,0,15000,0,0,0,28000,13000,15000,15000
059389,國巨凱基99購14  ,0,0,0,0,0,0,0,0,0,15000,0,0,0,15000,0,15000,15000
056104,義隆永豐97購01  ,0,0,0,0,0,0,0,0,0,15000,0,0,0,28000,13000,15000,15000
058239,景碩元大99購03  ,0,0,0,0,0,0,0,0,0,15000,0,0,0,46000,31000,15000,15000
057292,國巨國泰9B購01  ,0,0,0,0,0,0,0,0,0,15000,0,0,0,15000,0,15000,15000
057739,新日興富邦9B購01,0,0,0,0,0,0,0,0,0,15000,0,0,0,25000,10000,15000,15000
05966P,矽力凱基96售03  ,0,0,0,0,0,0,0,0,0,15000,0,0,0,15000,0,15000,15000
059805,台積電元富99購02,0,0,0,0,0,0,0,0,0,15000,0,0,0,135000,120000,15000,15000
059939,技嘉永豐99購01  ,0,0,0,0,0,0,0,0,0,15000,0,0,0,15000,0,15000,15000
056470,旺宏元大99購01  ,0,0,0,0,0,0,0,0,0,15000,0,0,0,15000,0,15000,15000
056618,京元電永豐98購01,0,0,0,0,0,0,0,0,0,15000,0,0,0,50000,35000,15000,15000
056162,祥碩凱基97購03  ,0,0,0,0,0,0,0,0,0,15000,0,0,0,18000,3000,15000,15000
058663,瑞儀兆豐9A購01  ,0,0,0,0,0,0,0,0,0,15000,0,0,0,16000,1000,15000,15000
058969,亞德客永豐99購01,0,0,0,0,0,0,0,0,0,15000,0,0,0,15000,0,15000,15000
3501,維熹            ,35000,20000,15000,0,0,0,0,0,0,0,0,0,0,0,0,0,15000
3057,喬鼎            ,31000,16000,15000,0,0,0,0,0,0,0,0,0,0,0,0,0,15000
3040,遠見            ,16000,1000,15000,0,0,0,0,0,0,0,0,0,0,0,0,0,15000
2816,旺旺保          ,27000,12000,15000,0,0,0,0,0,0,0,0,0,0,0,0,0,15000
060297,和碩元大9A購02  ,0,0,0,0,0,0,0,0,0,14000,0,0,0,119000,105000,14000,14000
06151P,華新科元大97售07,0,0,0,0,0,0,0,0,0,14000,0,0,0,98000,84000,14000,14000
061007,聯詠兆豐9A購01  ,0,0,0,0,0,0,0,0,0,14000,0,0,0,17000,3000,14000,14000
07022P,嘉晶永豐99售02  ,0,0,0,0,0,0,0,0,0,14000,0,0,0,24000,10000,14000,14000
07057P,大立光康和9B售02,0,0,0,0,0,0,0,0,0,14000,0,0,0,14000,0,14000,14000
06507P,台表科國票99售01,0,0,0,0,0,0,0,0,0,14000,0,0,0,14000,0,14000,14000
06776P,鴻海元大99售05  ,0,0,0,0,0,0,0,0,0,14000,0,0,0,14000,0,14000,14000
06684P,緯穎元大98售06  ,0,0,0,0,0,0,0,0,0,14000,0,0,0,14000,0,14000,14000
07569P,國巨凱基9A售13  ,0,0,0,0,0,0,0,0,0,14000,0,0,0,90000,76000,14000,14000
07610P,大立光國票9A售04,0,0,0,0,0,0,0,0,0,14000,0,0,0,18000,4000,14000,14000
1615,大山            ,5000,1000,4000,0,0,0,0,0,0,10000,0,0,0,10000,0,10000,14000
054925,神達凱基97購01  ,0,0,0,0,0,0,0,0,0,14000,0,0,0,14000,0,14000,14000
054579,聯茂元大97購01  ,0,0,0,0,0,0,0,0,0,14000,0,0,0,41000,27000,14000,14000
059149,臺股指國票99購12,0,0,0,0,0,0,0,0,0,14000,0,0,0,14000,0,14000,14000
054170,泰鼎凱基98購01  ,0,0,0,0,0,0,0,0,0,14000,0,0,0,14000,0,14000,14000
055901,超眾中信97購01  ,0,0,0,0,0,0,0,0,0,14000,0,0,0,25000,11000,14000,14000
055858,聯茂元大97購03  ,0,0,0,0,0,0,0,0,0,14000,0,0,0,45000,31000,14000,14000
055818,晶相光國票97購02,0,0,0,0,0,0,0,0,0,14000,0,0,0,14000,0,14000,14000
051792,泰鼎國票96購02  ,0,0,0,0,0,0,0,0,0,14000,0,0,0,14000,0,14000,14000
052821,晶技永豐96購01  ,0,0,0,0,0,0,0,0,0,14000,0,0,0,24000,10000,14000,14000
048273,南電富邦97購01  ,0,0,0,0,0,0,0,0,0,14000,0,0,0,14000,0,14000,14000
058464,矽創兆豐9A購01  ,0,0,0,0,0,0,0,0,0,14000,0,0,0,14000,0,14000,14000
058519,嘉澤元大99購01  ,0,0,0,0,0,0,0,0,0,14000,0,0,0,177000,163000,14000,14000
056176,創意元富97購01  ,0,0,0,0,0,0,0,0,0,14000,0,0,0,16000,2000,14000,14000
059925,可成國泰9B購01  ,0,0,0,0,0,0,0,0,0,14000,0,0,0,17000,3000,14000,14000
057716,神達統一98購01  ,0,0,0,0,0,0,0,0,0,14000,0,0,0,14000,0,14000,14000
058258,世芯國泰9A購01  ,0,0,0,0,0,0,0,0,0,14000,0,0,0,66000,52000,14000,14000
059551,T50正2康和99購02,0,0,0,0,0,0,0,0,0,14000,0,0,0,20000,6000,14000,14000
056960,光罩永豐98購01  ,0,0,0,0,0,0,0,0,0,14000,0,0,0,39000,25000,14000,14000
2495,普安            ,16000,2000,14000,0,0,0,0,0,0,0,0,0,0,0,0,0,14000
3591,艾笛森          ,19000,5000,14000,0,0,0,0,0,0,0,0,0,0,0,0,0,14000
06782P,大立光元大99售07,0,0,0,0,0,0,0,0,0,13000,0,0,0,13000,0,13000,13000
06529P,貿聯富邦99售03  ,0,0,0,0,0,0,0,0,0,13000,0,0,0,93000,80000,13000,13000
06437P,玉晶光國票99售01,0,0,0,0,0,0,0,0,0,13000,0,0,0,30000,17000,13000,13000
049024,玉晶光群益97購01,0,0,0,0,0,0,0,0,0,13000,0,0,0,27000,14000,13000,13000
052715,可成凱基96購01  ,0,0,0,0,0,0,0,0,0,13000,0,0,0,13000,0,13000,13000
054435,華新科台新97購02,0,0,0,0,0,0,0,0,0,13000,0,0,0,13000,0,13000,13000
059458,鎧勝永豐99購01  ,0,0,0,0,0,0,0,0,0,13000,0,0,0,27000,14000,13000,13000
055335,健策兆豐98購01  ,0,0,0,0,0,0,0,0,0,13000,0,0,0,113000,100000,13000,13000
05955P,台光電國票97售02,0,0,0,0,0,0,0,0,0,13000,0,0,0,13000,0,13000,13000
058932,FBVIX台新99購01 ,0,0,0,0,0,0,0,0,0,13000,0,0,0,15000,2000,13000,13000
058237,嘉晶元大99購04  ,0,0,0,0,0,0,0,0,0,13000,0,0,0,99000,86000,13000,13000
056132,台光電元大97購03,0,0,0,0,0,0,0,0,0,13000,0,0,0,13000,0,13000,13000
05730P,臺股指凱基97售03,0,0,0,0,0,0,0,0,0,13000,0,0,0,13000,0,13000,13000
059874,大立光凱基99購15,0,0,0,0,0,0,0,0,0,13000,0,0,0,22000,9000,13000,13000
056606,華新科富邦9A購02,0,0,0,0,0,0,0,0,0,13000,0,0,0,13000,0,13000,13000
3257,虹冠電          ,18000,4000,14000,0,0,0,0,0,0,-1000,0,1000,-1000,0,0,0,13000
8463,潤泰材          ,31000,18000,13000,0,0,0,0,0,0,0,0,0,0,0,0,0,13000
06753P,智邦富邦98售03  ,0,0,0,0,0,0,0,0,0,12000,0,0,0,20000,8000,12000,12000
07103P,南電元大99售04  ,0,0,0,0,0,0,0,0,0,12000,0,0,0,21000,9000,12000,12000
07303P,臺股指元大9A售36,0,0,0,0,0,0,0,0,0,12000,0,0,0,195000,183000,12000,12000
07325P,台積電元大99售41,0,0,0,0,0,0,0,0,0,12000,0,0,0,74000,62000,12000,12000
2362,藍天            ,202000,190000,12000,0,0,0,0,0,0,0,0,0,0,0,0,0,12000
07601P,國巨統一9A售05  ,0,0,0,0,0,0,0,0,0,12000,0,0,0,62000,50000,12000,12000
1337,再生-KY         ,21000,9000,12000,0,0,0,0,0,0,0,0,0,0,0,0,0,12000
06206P,台積電凱基97售11,0,0,0,0,0,0,0,0,0,12000,0,0,0,12000,0,12000,12000
060030,晶相光永豐99購03,0,0,0,0,0,0,0,0,0,12000,0,0,0,23000,11000,12000,12000
060164,合勤控永豐9A購01,0,0,0,0,0,0,0,0,0,12000,0,0,0,12000,0,12000,12000
055131,茂林康和97購01  ,0,0,0,0,0,0,0,0,0,12000,0,0,0,182000,170000,12000,12000
055251,華新科統一99購01,0,0,0,0,0,0,0,0,0,12000,0,0,0,22000,10000,12000,12000
055443,台虹國票98購01  ,0,0,0,0,0,0,0,0,0,12000,0,0,0,12000,0,12000,12000
054742,京鼎凱基99購01  ,0,0,0,0,0,0,0,0,0,12000,0,0,0,12000,0,12000,12000
053446,欣興凱基96購02  ,0,0,0,0,0,0,0,0,0,12000,0,0,0,12000,0,12000,12000
054530,台光電國泰97購03,0,0,0,0,0,0,0,0,0,12000,0,0,0,12000,0,12000,12000
052075,旺宏元富95購03  ,0,0,0,0,0,0,0,0,0,12000,0,0,0,12000,0,12000,12000
05052P,友達群益97售01  ,0,0,0,0,0,0,0,0,0,12000,0,0,0,12000,0,12000,12000
051321,建準國票96購01  ,0,0,0,0,0,0,0,0,0,12000,0,0,0,12000,0,12000,12000
052696,玉晶光麥證97購01,0,0,0,30000,46000,-16000,0,0,0,12000,0,0,0,74000,62000,12000,12000
049529,華新科中信95購01,0,0,0,0,0,0,0,0,0,12000,0,0,0,12000,0,12000,12000
0051,元大中型100     ,0,0,0,0,0,0,0,0,0,12000,0,0,0,15000,3000,12000,12000
058828,大毅永豐99購01  ,0,0,0,0,0,0,0,0,0,12000,0,0,0,27000,15000,12000,12000
058637,晶技兆豐99購01  ,0,0,0,0,0,0,0,0,0,12000,0,0,0,79000,67000,12000,12000
058603,台積電元大99購12,0,0,0,0,0,0,0,0,0,12000,0,0,0,12000,0,12000,12000
059704,聯發科凱基9A購08,0,0,0,0,0,0,0,0,0,12000,0,0,0,103000,91000,12000,12000
057501,超眾群益98購04  ,0,0,0,0,0,0,0,0,0,12000,0,0,0,12000,0,12000,12000
057295,可成永豐98購02  ,0,0,0,0,0,0,0,0,0,12000,0,0,0,18000,6000,12000,12000
05762P,昇陽半永豐96售04,0,0,0,0,0,0,0,0,0,12000,0,0,0,22000,10000,12000,12000
059553,台灣50凱基99購05,0,0,0,0,0,0,0,0,0,12000,0,0,0,22000,10000,12000,12000
059566,台積電凱基9A購11,0,0,0,0,0,0,0,0,0,12000,0,0,0,33000,21000,12000,12000
057139,華新科兆豐98購02,0,0,0,0,0,0,0,0,0,12000,0,0,0,22000,10000,12000,12000
056894,佳世達元大99購01,0,0,0,0,0,0,0,0,0,12000,0,0,0,100000,88000,12000,12000
056757,T50反1元大98購07,0,0,0,0,0,0,0,0,0,12000,0,0,0,17000,5000,12000,12000
8114,振樺電          ,21000,9000,12000,0,0,0,0,0,0,0,0,0,0,0,0,0,12000
3321,同泰            ,16000,4000,12000,0,0,0,0,0,0,0,0,0,0,0,0,0,12000
3055,蔚華科          ,22000,10000,12000,0,0,0,0,0,0,0,0,0,0,0,0,0,12000
2546,根基            ,30000,18000,12000,0,0,0,0,0,0,0,0,0,0,0,0,0,12000
060124,奇力新永豐99購03,0,0,0,0,0,0,0,0,0,11000,0,0,0,11000,0,11000,11000
060036,上証2X國票99購03,0,0,0,0,0,0,0,0,0,11000,0,0,0,11000,0,11000,11000
06051P,嘉聯益國票97售04,0,0,0,0,0,0,0,0,0,11000,0,0,0,11000,0,11000,11000
060660,國巨凱基9B購04  ,0,0,0,0,0,0,0,0,0,11000,0,0,0,11000,0,11000,11000
07460P,臺股指元大9B售03,0,0,0,0,0,0,0,0,0,11000,0,0,0,16000,5000,11000,11000
2305,全友            ,18000,7000,11000,0,0,0,0,0,0,0,0,0,0,0,0,0,11000
2002A,中鋼特          ,0,0,0,0,0,0,0,0,0,11000,11000,0,11000,0,0,0,11000
1441,大東            ,22000,11000,11000,0,0,0,0,0,0,0,0,0,0,0,0,0,11000
06730P,祥碩元大98售07  ,0,0,0,0,0,0,0,0,0,11000,0,0,0,11000,0,11000,11000
06503P,臺股指中信9A售02,0,0,0,0,0,0,0,0,0,11000,0,0,0,11000,0,11000,11000
06545P,致茂元大98售01  ,0,0,0,0,0,0,0,0,0,11000,0,0,0,11000,0,11000,11000
00683L,元大美元指數正2 ,0,0,0,0,0,0,0,0,0,11000,0,0,0,12000,1000,11000,11000
04953P,台積電群益94售13,0,0,0,0,0,0,0,0,0,11000,0,0,0,11000,0,11000,11000
05247P,上銀群益95售01  ,0,0,0,0,0,0,0,0,0,11000,0,0,0,11000,0,11000,11000
05452P,亞德客群益95售02,0,0,0,0,0,0,0,0,0,11000,0,0,0,11000,0,11000,11000
051414,新光金國票95購04,0,0,0,0,0,0,0,0,0,11000,0,0,0,11000,0,11000,11000
053817,華新科群益97購02,0,0,0,0,0,0,0,0,0,11000,0,0,0,11000,0,11000,11000
05517P,臻鼎元大96售01  ,0,0,0,0,0,0,0,0,0,11000,0,0,0,11000,0,11000,11000
05926P,智易永豐96售02  ,0,0,0,0,0,0,0,0,0,11000,0,0,0,21000,10000,11000,11000
056863,義隆群益98購01  ,0,0,0,0,0,0,0,0,0,11000,0,0,0,39000,28000,11000,11000
057141,嘉聯益兆豐99購01,0,0,0,0,0,0,0,0,0,11000,0,0,0,206000,195000,11000,11000
058295,欣興凱基99購02  ,0,0,0,0,0,0,0,0,0,11000,0,0,0,182000,171000,11000,11000
057028,台郡凱基99購02  ,0,0,0,0,0,0,0,0,0,11000,0,0,0,13000,2000,11000,11000
057511,健策統一98購02  ,0,0,0,0,0,0,0,0,0,11000,0,0,0,106000,95000,11000,11000
059713,滬深2X元大9C購04,0,0,0,0,0,0,0,0,0,11000,0,0,0,11000,0,11000,11000
059973,A50正2元大99購02,0,0,0,0,0,0,0,0,0,11000,0,0,0,15000,4000,11000,11000
058494,可成群益9B購01  ,0,0,0,0,0,0,0,0,0,11000,0,0,0,14000,3000,11000,11000
059021,台積電統一9B購07,0,0,0,0,0,0,0,0,0,11000,0,0,0,11000,0,11000,11000
059056,技嘉凱基99購02  ,0,0,0,0,0,0,0,0,0,11000,0,0,0,11000,0,11000,11000
3164,景岳            ,19000,8000,11000,0,0,0,0,0,0,0,0,0,0,0,0,0,11000
3010,華立            ,60000,48000,12000,0,0,0,0,1000,-1000,0,0,0,0,0,0,0,11000
3005,神基            ,258000,237000,21000,0,0,0,33000,2000,31000,-41000,5000,36000,-31000,30000,40000,-10000,11000
3494,誠研            ,11000,0,11000,0,0,0,0,0,0,0,0,0,0,0,0,0,11000
8367,建新國際        ,12000,1000,11000,0,0,0,0,0,0,0,0,0,0,0,0,0,11000
5285,界霖            ,33000,22000,11000,0,0,0,0,0,0,0,0,0,0,0,0,0,11000
6139,亞翔            ,173000,160000,13000,0,0,0,0,2000,-2000,0,0,0,0,0,0,0,11000
06508P,台灣50統一98售01,0,0,0,0,0,0,0,0,0,10000,0,0,0,10000,0,10000,10000
06598P,奇力新永豐98售02,0,0,0,0,0,0,0,0,0,10000,0,0,0,10000,0,10000,10000
06595P,祥碩元大98售03  ,0,0,0,0,0,0,0,0,0,10000,0,0,0,10000,0,10000,10000
06424P,大成鋼永豐97售01,0,0,0,0,0,0,0,0,0,10000,0,0,0,10000,0,10000,10000
06454P,緯穎元大98售04  ,0,0,0,0,0,0,0,0,0,10000,0,0,0,10000,0,10000,10000
06347P,祥碩元富97售02  ,0,0,0,0,0,0,0,0,0,10000,0,0,0,10000,0,10000,10000
06720P,智邦亞東99售01  ,0,0,0,0,0,0,0,0,0,10000,0,0,0,80000,70000,10000,10000
06706P,智原台新98售02  ,0,0,0,0,0,0,0,0,0,10000,0,0,0,10000,0,10000,10000
06960P,國巨凱基99售08  ,0,0,0,0,0,0,0,0,0,10000,0,0,0,40000,30000,10000,10000
06926P,可成群益9A售04  ,0,0,0,0,0,0,0,0,0,10000,0,0,0,10000,0,10000,10000
06921P,台光電凱基98售06,0,0,0,0,0,0,0,0,0,10000,0,0,0,10000,0,10000,10000
07347P,上証2X凱基99售02,0,0,0,0,0,0,0,0,0,10000,0,0,0,20000,10000,10000,10000
07295P,滬深2X元富9C售09,0,0,0,0,0,0,0,0,0,10000,0,0,0,15000,5000,10000,10000
07271P,台灣50元大9C售04,0,0,0,0,0,0,0,0,0,10000,0,0,0,10000,0,10000,10000
07123P,鴻海元大99售23  ,0,0,0,0,0,0,0,0,0,10000,0,0,0,10000,0,10000,10000
07064P,臺股指元大9A售25,0,0,0,0,0,0,0,0,0,10000,0,0,0,10000,0,10000,10000
07076P,鴻海凱基9A售08  ,0,0,0,0,0,0,0,0,0,10000,0,0,0,10000,0,10000,10000
07077P,緯穎凱基99售01  ,0,0,0,0,0,0,0,0,0,10000,0,0,0,10000,0,10000,10000
06994P,台光電凱基99售02,0,0,0,0,0,0,0,0,0,10000,0,0,0,10000,0,10000,10000
06976P,臺股指元大9A售14,0,0,0,0,0,0,0,0,0,10000,0,0,0,10000,0,10000,10000
07003P,聯發科兆豐99售02,0,0,0,0,0,0,0,0,0,10000,0,0,0,10000,0,10000,10000
07171P,臺股指國票99售08,0,0,0,0,0,0,0,0,0,10000,0,0,0,10000,0,10000,10000
07533P,臺股指中信9C售04,0,0,0,0,0,0,0,0,0,10000,0,0,0,10000,0,10000,10000
07519P,臺股指元大9B售10,0,0,0,0,0,0,0,0,0,10000,0,0,0,20000,10000,10000,10000
08749P,鴻海台新01售02  ,0,0,0,0,0,0,0,0,0,10000,0,0,0,10000,0,10000,10000
08865P,欣興元大01售02  ,10000,0,10000,0,0,0,0,0,0,0,0,0,0,0,0,0,10000
07633P,台灣50元大9A售18,0,0,0,0,0,0,0,0,0,10000,0,0,0,11000,1000,10000,10000
07659P,中租凱基9A售02  ,0,0,0,0,0,0,0,0,0,10000,0,0,0,20000,10000,10000,10000
07666P,台灣50元大9C售32,0,0,0,0,0,0,0,0,0,10000,0,0,0,10000,0,10000,10000
060532,欣興中信9A購01  ,0,0,0,0,0,0,0,0,0,10000,0,0,0,10000,0,10000,10000
060589,台灣50台新9B購06,0,0,0,0,0,0,0,0,0,10000,0,0,0,30000,20000,10000,10000
060555,台表科凱基9A購03,0,0,0,0,0,0,0,0,0,10000,0,0,0,10000,0,10000,10000
06047P,聯發科富邦99售04,0,0,0,0,0,0,0,0,0,10000,0,0,0,10000,0,10000,10000
060449,元金2X元大9A購02,0,0,0,0,0,0,0,0,0,10000,0,0,0,30000,20000,10000,10000
06042P,華新科永豐96售04,0,0,0,0,0,0,0,0,0,10000,0,0,0,30000,20000,10000,10000
060073,台積電元富99購03,0,0,0,0,0,0,0,0,0,10000,0,0,0,10000,0,10000,10000
060345,聯發科統一9B購05,0,0,0,0,0,0,0,0,0,10000,0,0,0,20000,10000,10000,10000
060202,康友元富9A購01  ,0,0,0,0,0,0,0,0,0,10000,0,0,0,30000,20000,10000,10000
06190P,玉晶光永豐97售05,0,0,0,0,0,0,0,0,0,10000,0,0,0,10000,0,10000,10000
06124P,超眾元大97售03  ,0,0,0,0,0,0,0,0,0,10000,0,0,0,20000,10000,10000,10000
061145,臻鼎中信9A購02  ,0,0,0,0,0,0,0,0,0,10000,0,0,0,10000,0,10000,10000
061056,臺指反國票02購01,0,0,0,0,0,0,0,0,0,10000,0,0,0,10000,0,10000,10000
060750,高股息元大9A購01,0,0,0,0,0,0,0,0,0,10000,0,0,0,10000,0,10000,10000
060725,台積電第一9A購01,0,0,0,0,0,0,0,0,0,10000,0,0,0,10000,0,10000,10000
060729,國巨群益9A購05  ,0,0,0,0,0,0,0,0,0,10000,0,0,0,20000,10000,10000,10000
060942,智邦國票9A購02  ,0,0,0,0,0,0,0,0,0,10000,0,0,0,59000,49000,10000,10000
059301,華新科群益99購04,0,0,0,0,0,0,0,0,0,10000,0,0,0,10000,0,10000,10000
059107,南茂國泰9A購01  ,0,0,0,0,0,0,0,0,0,10000,0,0,0,20000,10000,10000,10000
05536P,奇力新元大96售03,0,0,0,0,0,0,0,0,0,10000,0,0,0,10000,0,10000,10000
055402,正文元富97購02  ,0,0,0,0,0,0,0,0,0,10000,0,0,0,10000,0,10000,10000
055264,國巨永豐98購01  ,0,0,0,0,0,0,0,0,0,10000,0,0,0,10000,0,10000,10000
055286,晶技元大98購03  ,0,0,0,0,0,0,0,0,0,10000,0,0,0,10000,0,10000,10000
055508,矽力元大97購01  ,0,0,0,0,0,0,0,0,0,10000,0,0,0,10000,0,10000,10000
055576,嘉晶統一98購01  ,0,0,0,0,0,0,0,0,0,10000,0,0,0,10000,0,10000,10000
055579,健策統一9A購01  ,0,0,0,0,0,0,0,0,0,10000,0,0,0,10000,0,10000,10000
055660,台光電兆豐97購01,0,0,0,0,0,0,0,0,0,10000,0,0,0,10000,0,10000,10000
055648,可成元富97購01  ,0,0,0,0,0,0,0,0,0,10000,0,0,0,10000,0,10000,10000
054036,T50反1元大96購08,0,0,0,0,0,0,0,0,0,10000,0,0,0,30000,20000,10000,10000
053441,旺宏凱基98購01  ,0,0,0,0,0,0,0,0,0,10000,0,0,0,10000,0,10000,10000
053675,臺股指元富96購02,0,0,0,0,0,0,0,0,0,10000,0,0,0,10000,0,10000,10000
053204,旺宏麥證96購01  ,0,0,0,10000,0,10000,0,0,0,10000,0,0,0,10000,0,10000,10000
05321P,鴻海凱基95售17  ,0,0,0,0,0,0,0,0,0,10000,0,0,0,20000,10000,10000,10000
053272,鴻海元大96購17  ,0,0,0,0,0,0,0,0,0,10000,0,0,0,10000,0,10000,10000
05459P,聯詠凱基95售03  ,0,0,0,0,0,0,0,0,0,10000,0,0,0,10000,0,10000,10000
053036,聯電凱基98購01  ,0,0,0,0,0,0,0,0,0,10000,0,0,0,10000,0,10000,10000
05297P,臻鼎凱基95售04  ,0,0,0,0,0,0,0,0,0,10000,0,0,0,10000,0,10000,10000
052988,智易元大96購02  ,0,0,0,0,0,0,0,0,0,10000,0,0,0,10000,0,10000,10000
05487P,台表科凱基95售02,0,0,0,0,0,0,0,0,0,10000,0,0,0,10000,0,10000,10000
053524,聯電中信97購02  ,0,0,0,0,0,0,0,0,0,10000,0,0,0,10000,0,10000,10000
053553,聯詠凱基96購03  ,0,0,0,0,0,0,0,0,0,10000,0,0,0,10000,0,10000,10000
053565,台光電富邦98購01,0,0,0,0,0,0,0,0,0,10000,0,0,0,10000,0,10000,10000
054841,亞德客兆豐97購01,0,0,0,0,0,0,0,0,0,10000,0,0,0,10000,0,10000,10000
051489,世芯凱基95購01  ,0,0,0,0,0,0,0,0,0,10000,0,0,0,10000,0,10000,10000
055776,宏達電凱基98購02,0,0,0,0,0,0,0,0,0,10000,0,0,0,40000,30000,10000,10000
054167,揚明光凱基98購01,0,0,0,0,0,0,0,0,0,10000,0,0,0,82000,72000,10000,10000
05414P,台表科國票96售02,0,0,0,0,0,0,0,0,0,10000,0,0,0,10000,0,10000,10000
054178,中磊台新97購01  ,0,0,0,0,0,0,0,0,0,10000,0,0,0,11000,1000,10000,10000
054257,揚明光元大96購02,0,0,0,0,0,0,0,0,0,10000,0,0,0,10000,0,10000,10000
05430P,台積電統一95售07,0,0,0,0,0,0,0,0,0,10000,0,0,0,70000,60000,10000,10000
051394,奇鋐兆豐95購01  ,0,0,0,0,0,0,0,0,0,10000,0,0,0,20000,10000,10000,10000
050559,聯發科統一94購10,0,0,0,0,0,0,0,0,0,10000,0,0,0,10000,0,10000,10000
050377,華通第一94購01  ,0,0,0,0,0,0,0,0,0,10000,0,0,0,10000,0,10000,10000
049955,崇越群益95購01  ,0,0,0,0,0,0,0,0,0,10000,0,0,0,10000,0,10000,10000
050012,台積電國泰95購03,0,0,0,0,0,0,0,0,0,10000,0,0,0,10000,0,10000,10000
049803,華新科元大95購07,0,0,0,0,0,0,0,0,0,10000,0,0,0,10000,0,10000,10000
049892,國巨富邦96購01  ,0,0,0,0,0,0,0,0,0,10000,0,0,0,10000,0,10000,10000
052091,緯創元大95購04  ,0,0,0,0,0,0,0,0,0,10000,0,0,0,10000,0,10000,10000
052056,緯穎凱基95購04  ,0,0,0,0,0,0,0,0,0,10000,0,0,0,20000,10000,10000,10000
051939,同欣電群益97購01,0,0,0,0,0,0,0,0,0,10000,0,0,0,10000,0,10000,10000
051872,矽力凱基96購01  ,0,0,0,0,0,0,0,0,0,10000,0,0,0,10000,0,10000,10000
051911,大立光元大98購02,0,0,0,0,0,0,0,0,0,10000,0,0,0,11000,1000,10000,10000
052791,友達兆豐97購01  ,0,0,0,0,0,0,0,0,0,10000,0,0,0,20000,10000,10000,10000
052204,台泥中信96購01  ,0,0,0,0,0,0,0,0,0,10000,0,0,0,10000,0,10000,10000
052322,力成元大96購01  ,0,0,0,0,0,0,0,0,0,10000,0,0,0,10000,0,10000,10000
052451,旭富元大95購02  ,0,0,0,0,0,0,0,0,0,10000,0,0,0,10000,0,10000,10000
049439,牧德國泰96購01  ,0,0,0,0,0,0,0,0,0,10000,0,0,0,180000,170000,10000,10000
049335,聯電統一97購01  ,0,0,0,0,0,0,0,0,0,10000,0,0,0,10000,0,10000,10000
049100,華新科國泰96購01,0,0,0,0,0,0,0,0,0,10000,0,0,0,10000,0,10000,10000
04798P,牧德元大95售02  ,0,0,0,0,0,0,0,0,0,10000,0,0,0,10000,0,10000,10000
052662,華新科國票97購01,0,0,0,0,0,0,0,0,0,10000,0,0,0,10000,0,10000,10000
052576,聯茂凱基96購01  ,0,0,0,0,0,0,0,0,0,10000,0,0,0,10000,0,10000,10000
052523,奇力新元大97購01,0,0,0,0,0,0,0,0,0,10000,0,0,0,10000,0,10000,10000
05155P,聯發科兆豐95售03,0,0,0,0,0,0,0,0,0,10000,0,0,0,10000,0,10000,10000
00743,國泰中國A150    ,10000,0,10000,0,0,0,0,0,0,0,0,0,0,0,0,0,10000
048166,滬深2X永豐96購02,0,0,0,0,0,0,0,0,0,10000,0,0,0,10000,0,10000,10000
048396,奇力新國票94購02,0,0,0,0,0,0,0,0,0,10000,0,0,0,10000,0,10000,10000
048414,滬深2X統一98購01,0,0,0,0,0,0,0,0,0,10000,0,0,0,10000,0,10000,10000
048249,嘉澤兆豐94購01  ,0,0,0,0,0,0,0,0,0,10000,0,0,0,10000,0,10000,10000
046574,泰鼎國泰94購01  ,0,0,0,0,0,0,0,0,0,10000,0,0,0,10000,0,10000,10000
04543P,鴻海富邦95售03  ,0,0,0,0,0,0,0,0,0,10000,0,0,0,10000,0,10000,10000
056171,鴻海元富97購10  ,0,0,0,0,0,0,0,0,0,10000,0,0,0,10000,0,10000,10000
056175,可成元富97購03  ,0,0,0,0,0,0,0,0,0,10000,0,0,0,10000,0,10000,10000
059089,聯發科元大99購19,0,0,0,0,0,0,0,0,0,10000,0,0,0,10000,0,10000,10000
057448,致茂元富98購01  ,0,0,0,0,0,0,0,0,0,10000,0,0,0,10000,0,10000,10000
05642P,玉晶光兆豐97售02,0,0,0,0,0,0,0,0,0,10000,0,0,0,10000,0,10000,10000
058533,玉晶光元富99購01,0,0,0,0,0,0,0,0,0,10000,0,0,0,10000,0,10000,10000
058557,健策第一01購01  ,0,0,0,0,0,0,0,0,0,10000,0,0,0,72000,62000,10000,10000
058566,聯發科凱基9A購02,0,0,0,0,0,0,0,0,0,10000,0,0,0,10000,0,10000,10000
058960,臺股指國票99購05,0,0,0,0,0,0,0,0,0,10000,0,0,0,26000,16000,10000,10000
05865P,大立光元大96售09,0,0,0,0,0,0,0,0,0,10000,0,0,0,10000,0,10000,10000
058770,貿聯兆豐9A購01  ,0,0,0,0,0,0,0,0,0,10000,0,0,0,10000,0,10000,10000
059964,元金2X凱基99購02,0,0,0,0,0,0,0,0,0,10000,0,0,0,10000,0,10000,10000
059981,聯發科元大99購36,0,0,0,0,0,0,0,0,0,10000,0,0,0,10000,0,10000,10000
059899,上証2X元大9C購04,0,0,0,0,0,0,0,0,0,10000,0,0,0,10000,0,10000,10000
059845,欣興富邦9A購02  ,0,0,0,0,0,0,0,0,0,10000,0,0,0,10000,0,10000,10000
059854,台表科永豐99購03,0,0,0,0,0,0,0,0,0,10000,0,0,0,20000,10000,10000,10000
059709,上証2X元大9C購01,0,0,0,0,0,0,0,0,0,10000,0,0,0,10000,0,10000,10000
059671,滬深2X元富99購05,0,0,0,0,0,0,0,0,0,10000,0,0,0,15000,5000,10000,10000
05963P,貿聯國票97售02  ,0,0,0,0,0,0,0,0,0,10000,0,0,0,10000,0,10000,10000
056475,宏達電元大99購02,0,0,0,0,0,0,0,0,0,10000,0,0,0,15000,5000,10000,10000
057471,昇陽半永豐98購02,0,0,0,0,0,0,0,0,0,10000,0,0,0,10000,0,10000,10000
05745P,富邦金兆豐96售02,0,0,0,0,0,0,0,0,0,10000,0,0,0,10000,0,10000,10000
057575,世紀鋼永豐98購02,0,0,0,0,0,0,0,0,0,10000,0,0,0,10000,0,10000,10000
056575,禾伸堂元大99購01,0,0,0,0,0,0,0,0,0,10000,0,0,0,10000,0,10000,10000
057029,緯穎凱基98購04  ,0,0,0,0,0,0,0,0,0,10000,0,0,0,10000,0,10000,10000
057034,道瓊反元大9B購01,0,0,0,0,0,0,0,0,0,10000,0,0,0,10000,0,10000,10000
056991,牧德兆豐98購01  ,0,0,0,0,0,0,0,0,0,10000,0,0,0,10000,0,10000,10000
058273,同欣電永豐99購01,0,0,0,0,0,0,0,0,0,10000,0,0,0,10000,0,10000,10000
056097,訊芯元富97購02  ,0,0,0,0,0,0,0,0,0,10000,0,0,0,20000,10000,10000,10000
057437,可成國票99購01  ,0,0,0,0,0,0,0,0,0,10000,0,0,0,10000,0,10000,10000
057399,滬深反群益9C購01,0,0,0,0,0,0,0,0,0,10000,0,0,0,10000,0,10000,10000
057452,新日興元富98購01,0,0,0,0,0,0,0,0,0,10000,0,0,0,10000,0,10000,10000
057660,訊芯兆豐98購02  ,0,0,0,0,0,0,0,0,0,10000,0,0,0,10000,0,10000,10000
057893,亞德客元富98購03,0,0,0,0,0,0,0,0,0,10000,0,0,0,10000,0,10000,10000
057818,泰碩元大9A購01  ,0,0,0,0,0,0,0,0,0,10000,0,0,0,10000,0,10000,10000
057808,旺宏元大99購05  ,0,0,0,0,0,0,0,0,0,10000,0,0,0,10000,0,10000,10000
057790,台積電統一99購04,0,0,0,0,0,0,0,0,0,10000,0,0,0,17000,7000,10000,10000
058036,南電永豐98購01  ,0,0,0,0,0,0,0,0,0,10000,0,0,0,10000,0,10000,10000
058330,鴻海元富99購01  ,0,0,0,0,0,0,0,0,0,10000,0,0,0,10000,0,10000,10000
058361,美律凱基99購06  ,0,0,0,0,0,0,0,0,0,10000,0,0,0,26000,16000,10000,10000
057996,臻鼎中信98購01  ,0,0,0,0,0,0,0,0,0,10000,0,0,0,20000,10000,10000,10000
057123,上銀凱基98購05  ,0,0,0,0,0,0,0,0,0,10000,0,0,0,20000,10000,10000,10000
05805P,義隆永豐96售02  ,0,0,0,0,0,0,0,0,0,10000,0,0,0,20000,10000,10000,10000
059388,國巨凱基99購13  ,0,0,0,0,0,0,0,0,0,10000,0,0,0,12000,2000,10000,10000
059533,富邦金凱基99購01,0,0,0,0,0,0,0,0,0,10000,0,0,0,60000,50000,10000,10000
059595,華新科元大9A購03,0,0,0,0,0,0,0,0,0,10000,0,0,0,10000,0,10000,10000
058884,世紀鋼永豐99購02,0,0,0,0,0,0,0,0,0,10000,0,0,0,10000,0,10000,10000
058124,玉晶光國票9A購01,0,0,0,0,0,0,0,0,0,10000,0,0,0,11000,1000,10000,10000
056755,聯茂兆豐98購01  ,0,0,0,0,0,0,0,0,0,10000,0,0,0,10000,0,10000,10000
055922,台郡凱基98購03  ,0,0,0,0,0,0,0,0,0,10000,0,0,0,10000,0,10000,10000
056697,緯穎群益98購01  ,0,0,0,0,0,0,0,0,0,10000,0,0,0,10000,0,10000,10000
057180,華新科元大99購08,0,0,0,0,0,0,0,0,0,10000,0,0,0,10000,0,10000,10000
3557,嘉威            ,64000,54000,10000,0,0,0,0,0,0,0,0,0,0,0,0,0,10000
3022,威強電          ,47000,36000,11000,0,0,0,0,0,0,-1000,0,1000,-1000,0,0,0,10000
3025,星通            ,22000,12000,10000,0,0,0,0,0,0,0,0,0,0,0,0,0,10000
2739,寒舍            ,11000,1000,10000,0,0,0,0,0,0,0,0,0,0,0,0,0,10000
2727,王品            ,54000,45000,9000,0,0,0,134,0,134,0,0,0,0,0,0,0,9134
060808,欣興群益9A購01  ,0,0,0,0,0,0,0,0,0,9000,0,0,0,23000,14000,9000,9000
061047,大立光第一9A購01,0,0,0,0,0,0,0,0,0,9000,0,0,0,20000,11000,9000,9000
060261,臺股指凱基9A購04,0,0,0,0,0,0,0,0,0,9000,0,0,0,22000,13000,9000,9000
1203,味王            ,24000,15000,9000,0,0,0,0,0,0,0,0,0,0,0,0,0,9000
07045P,上銀國票9A售01  ,0,0,0,0,0,0,0,0,0,9000,0,0,0,9000,0,9000,9000
07060P,台表科國票9A售01,0,0,0,0,0,0,0,0,0,9000,0,0,0,56000,47000,9000,9000
06901P,亞德客凱基98售02,0,0,0,0,0,0,0,0,0,9000,0,0,0,9000,0,9000,9000
06431P,新日興元大97售05,0,0,0,0,0,0,0,0,0,9000,0,0,0,39000,30000,9000,9000
048192,華通元大96購01  ,0,0,0,0,0,0,0,0,0,9000,0,0,0,9000,0,9000,9000
051661,華新科永昌96購01,0,0,0,0,0,0,0,0,0,9000,0,0,0,9000,0,9000,9000
052137,台表科凱基96購02,0,0,0,0,0,0,0,0,0,9000,0,0,0,11000,2000,9000,9000
050952,健策群益96購01  ,0,0,0,0,0,0,0,0,0,9000,0,0,0,9000,0,9000,9000
053568,智伸科富邦98購01,0,0,0,0,0,0,0,0,0,9000,0,0,0,57000,48000,9000,9000
053304,可成凱基96購03  ,0,0,0,0,0,0,0,0,0,9000,0,0,0,10000,1000,9000,9000
059457,立積永豐99購02  ,0,0,0,0,0,0,0,0,0,9000,0,0,0,9000,0,9000,9000
058908,貿聯元大99購03  ,0,0,0,0,0,0,0,0,0,9000,0,0,0,66000,57000,9000,9000
057094,祥碩元富98購01  ,0,0,0,0,0,0,0,0,0,9000,0,0,0,9000,0,9000,9000
057963,緯穎元大98購08  ,0,0,0,0,0,0,0,0,0,9000,0,0,0,9000,0,9000,9000
057407,超眾群益99購01  ,0,0,0,0,0,0,0,0,0,9000,0,0,0,10000,1000,9000,9000
057282,大立光元大99購06,0,0,0,0,0,0,0,0,0,9000,0,0,0,9000,0,9000,9000
056668,光磊國票99購01  ,0,0,0,0,0,0,0,0,0,9000,0,0,0,18000,9000,9000,9000
057529,嘉晶元大99購02  ,0,0,0,0,0,0,0,0,0,9000,0,0,0,11000,2000,9000,9000
059721,旺宏元大99購16  ,0,0,0,0,0,0,0,0,0,9000,0,0,0,21000,12000,9000,9000
059884,鴻海國票99購09  ,0,0,0,0,0,0,0,0,0,9000,0,0,0,10000,1000,9000,9000
05849P,臺股指元大96售25,0,0,0,0,0,0,0,0,0,9000,0,0,0,9000,0,9000,9000
056642,旺宏凱基98購07  ,0,0,0,0,0,0,0,0,0,9000,0,0,0,14000,5000,9000,9000
059068,台虹國票9A購01  ,0,0,0,0,0,0,0,0,0,9000,0,0,0,9000,0,9000,9000
4137,麗豐-KY         ,90000,75000,15000,0,0,0,0,0,0,-6000,0,0,0,1000,7000,-6000,9000
8499,鼎炫-KY         ,15000,6000,9000,0,0,0,0,0,0,0,0,0,0,0,0,0,9000
8104,錸寶            ,46000,37000,9000,0,0,0,0,0,0,0,0,0,0,0,0,0,9000
06879P,長榮航凱基98售02,0,0,0,0,0,0,0,0,0,8000,0,0,0,38000,30000,8000,8000
06861P,台積電國票99售08,0,0,0,0,0,0,0,0,0,8000,0,0,0,190000,182000,8000,8000
06666P,台積電日盛9A售02,0,0,0,0,0,0,0,0,0,8000,0,0,0,8000,0,8000,8000
07069P,欣興元富99售02  ,0,0,0,0,0,0,0,0,0,8000,0,0,0,8000,0,8000,8000
07073P,臺股指中信9B售02,0,0,0,0,0,0,0,0,0,8000,0,0,0,8000,0,8000,8000
07149P,健鼎元大99售03  ,0,0,0,0,0,0,0,0,0,8000,0,0,0,13000,5000,8000,8000
1232,大統益          ,13000,5000,8000,0,0,0,0,0,0,0,0,0,0,0,0,0,8000
07689P,旺宏元大9A售13  ,0,0,0,0,0,0,0,0,0,8000,0,0,0,8000,0,8000,8000
07668P,旺宏元大9A售10  ,0,0,0,0,0,0,0,0,0,8000,0,0,0,8000,0,8000,8000
2395,研華            ,561000,527000,34000,0,0,0,21000,47000,-26000,0,0,0,0,0,0,0,8000
060230,台積電元大9A購07,0,0,0,0,0,0,0,0,0,8000,0,0,0,13000,5000,8000,8000
060086,鴻海元大99購42  ,0,0,0,0,0,0,0,0,0,8000,0,0,0,8000,0,8000,8000
060066,欣興兆豐9B購01  ,0,0,0,0,0,0,0,0,0,8000,0,0,0,14000,6000,8000,8000
060503,技嘉元大9A購01  ,0,0,0,0,0,0,0,0,0,8000,0,0,0,14000,6000,8000,8000
060597,華通凱基9A購04  ,0,0,0,0,0,0,0,0,0,8000,0,0,0,8000,0,8000,8000
06102P,智邦凱基97售03  ,0,0,0,0,0,0,0,0,0,8000,0,0,0,30000,22000,8000,8000
060814,健策凱基9B購01  ,0,0,0,0,0,0,0,0,0,8000,0,0,0,34000,26000,8000,8000
060755,鴻海元大9A購15  ,0,0,0,0,0,0,0,0,0,8000,0,0,0,10000,2000,8000,8000
059486,A50正2兆豐9A購01,0,0,0,0,0,0,0,0,0,8000,0,0,0,10000,2000,8000,8000
059242,南亞科凱基99購06,0,0,0,0,0,0,0,0,0,8000,0,0,0,8000,0,8000,8000
059330,台灣50國票99購10,0,0,0,0,0,0,0,0,0,8000,0,0,0,8000,0,8000,8000
055584,國巨元大97購11  ,0,0,0,0,0,0,0,0,0,8000,0,0,0,10000,2000,8000,8000
055489,瑞昱元大97購02  ,0,0,0,0,0,0,0,0,0,8000,0,0,0,8000,0,8000,8000
055777,冠德凱基97購01  ,0,0,0,0,0,0,0,0,0,8000,0,0,0,25000,17000,8000,8000
05578P,鴻海凱基96售11  ,0,0,0,0,0,0,0,0,0,8000,0,0,0,8000,0,8000,8000
05060P,台達電富邦97售02,0,0,0,0,0,0,0,0,0,8000,0,0,0,20000,12000,8000,8000
051544,T50反1康和98購01,0,0,0,0,0,0,0,0,0,8000,0,0,0,8000,0,8000,8000
052562,南亞科日盛96購01,0,0,0,0,0,0,0,0,0,8000,0,0,0,8000,0,8000,8000
00733,富邦臺灣中小    ,0,0,0,0,0,0,0,0,0,8000,0,0,0,210000,202000,8000,8000
045479,T50反1中信95購01,0,0,0,0,0,0,0,0,0,8000,0,0,0,8000,0,8000,8000
04617P,臺股指群益95售03,0,0,0,0,0,0,0,0,0,8000,0,0,0,11000,3000,8000,8000
046813,聯電凱基96購01  ,0,0,0,0,0,0,0,0,0,8000,0,0,0,15000,7000,8000,8000
056206,泰鼎永豐97購01  ,0,0,0,0,0,0,0,0,0,8000,0,0,0,8000,0,8000,8000
056310,神達元大97購02  ,0,0,0,0,0,0,0,0,0,8000,0,0,0,10000,2000,8000,8000
058999,台積電元大99購24,0,0,0,0,0,0,0,0,0,8000,0,0,0,131000,123000,8000,8000
058767,亞德客兆豐99購01,0,0,0,0,0,0,0,0,0,8000,0,0,0,10000,2000,8000,8000
059968,世紀鋼凱基99購03,0,0,0,0,0,0,0,0,0,8000,0,0,0,18000,10000,8000,8000
060010,義隆群益99購02  ,0,0,0,0,0,0,0,0,0,8000,0,0,0,46000,38000,8000,8000
05758P,光罩永豐96售02  ,0,0,0,0,0,0,0,0,0,8000,0,0,0,50000,42000,8000,8000
05649P,矽創國票97售03  ,0,0,0,0,0,0,0,0,0,8000,0,0,0,26000,18000,8000,8000
057284,新日興元大98購03,0,0,0,0,0,0,0,0,0,8000,0,0,0,70000,62000,8000,8000
05706P,TPK永豐96售02   ,0,0,0,0,0,0,0,0,0,8000,0,0,0,8000,0,8000,8000
05767P,國巨凱基96售11  ,0,0,0,0,0,0,0,0,0,8000,0,0,0,8000,0,8000,8000
059361,玉晶光永豐99購04,0,0,0,0,0,0,0,0,0,8000,0,0,0,12000,4000,8000,8000
059418,上証反元大9C購02,0,0,0,0,0,0,0,0,0,8000,0,0,0,8000,0,8000,8000
059539,緯穎凱基99購03  ,0,0,0,0,0,0,0,0,0,8000,0,0,0,8000,0,8000,8000
05818P,大立光凱基96售14,0,0,0,0,0,0,0,0,0,8000,0,0,0,8000,0,8000,8000
056731,國巨凱基98購04  ,0,0,0,0,0,0,0,0,0,8000,0,0,0,8000,0,8000,8000
6136,富爾特          ,10000,3000,7000,0,0,0,0,0,0,1000,1000,0,1000,0,0,0,8000
6177,達麗            ,65000,57000,8000,0,0,0,0,0,0,0,0,0,0,0,0,0,8000
2881B,富邦金乙特      ,8000,0,8000,0,0,0,0,0,0,0,1000,1000,0,0,0,0,8000
2545,皇翔            ,26000,18000,8000,0,0,0,0,0,0,0,0,0,0,0,0,0,8000
8462,柏文            ,21100,14000,7100,0,0,0,0,0,0,0,0,0,0,0,0,0,7100
060719,瀚宇博永豐9A購01,0,0,0,0,0,0,0,0,0,7000,0,0,0,10000,3000,7000,7000
060964,日月光凱基9A購01,0,0,0,0,0,0,0,0,0,7000,0,0,0,35000,28000,7000,7000
061011,華通麥證9A購02  ,0,0,0,8000,1000,7000,0,0,0,7000,0,0,0,8000,1000,7000,7000
060545,台積電凱基9B購02,0,0,0,0,0,0,0,0,0,7000,0,0,0,52000,45000,7000,7000
060116,世紀鋼元大99購07,0,0,0,0,0,0,0,0,0,7000,0,0,0,85000,78000,7000,7000
1540,喬福            ,13000,6000,7000,0,0,0,0,0,0,0,0,0,0,0,0,0,7000
1108,幸福            ,7000,0,7000,0,0,0,0,0,0,0,0,0,0,0,0,0,7000
07511P,鴻海元大9B售02  ,0,0,0,0,0,0,0,0,0,7000,0,0,0,7000,0,7000,7000
07177P,臺股指凱基99售19,0,0,0,0,0,0,0,0,0,7000,0,0,0,7000,0,7000,7000
07126P,台積電元大99售23,0,0,0,0,0,0,0,0,0,7000,0,0,0,18000,11000,7000,7000
07288P,台灣50凱基99售06,0,0,0,0,0,0,0,0,0,7000,0,0,0,34000,27000,7000,7000
06726P,欣興元富98售04  ,0,0,0,0,0,0,0,0,0,7000,0,0,0,7000,0,7000,7000
06301P,臺股指元大97售04,0,0,0,0,0,0,0,0,0,7000,0,0,0,19000,12000,7000,7000
06568P,國巨永豐98售05  ,0,0,0,0,0,0,0,0,0,7000,0,0,0,259000,252000,7000,7000
049017,旺宏群益96購03  ,0,0,0,0,0,0,0,0,0,7000,0,0,0,7000,0,7000,7000
00700,富邦恒生國企    ,0,0,0,0,0,0,0,0,0,7000,0,0,0,110000,103000,7000,7000
0055,元大MSCI金融    ,0,0,0,0,0,0,0,0,0,7000,0,0,0,8000,1000,7000,7000
051727,S&P反1國票97購01,0,0,0,0,0,0,0,0,0,7000,0,0,0,57000,50000,7000,7000
03434B,臺股指元大99熊10,0,0,0,0,0,0,0,0,0,7000,0,0,0,15000,8000,7000,7000
035277,景碩台新97購01  ,0,0,0,0,0,0,0,0,0,7000,0,0,0,7000,0,7000,7000
051848,元金2X中信98購02,0,0,0,0,0,0,0,0,0,7000,0,0,0,7000,0,7000,7000
051891,智邦元富95購04  ,0,0,0,0,0,0,0,0,0,7000,0,0,0,14000,7000,7000,7000
055848,大立光元大97購11,0,0,0,0,0,0,0,0,0,7000,0,0,0,9000,2000,7000,7000
051101,台表科元大96購02,0,0,0,0,0,0,0,0,0,7000,0,0,0,7000,0,7000,7000
059299,欣興元富99購03  ,0,0,0,0,0,0,0,0,0,7000,0,0,0,9000,2000,7000,7000
059300,國巨群益99購08  ,0,0,0,0,0,0,0,0,0,7000,0,0,0,7000,0,7000,7000
059268,鎧勝中信01購01  ,0,0,0,0,0,0,0,0,0,7000,0,0,0,15000,8000,7000,7000
059282,嘉聯益永豐99購01,0,0,0,0,0,0,0,0,0,7000,0,0,0,29000,22000,7000,7000
059099,元油2X統一9C購01,0,0,0,0,0,0,0,0,0,7000,0,0,0,23000,16000,7000,7000
059154,可成日盛99購02  ,0,0,0,0,0,0,0,0,0,7000,0,0,0,7000,0,7000,7000
056754,智易兆豐99購01  ,0,0,0,0,0,0,0,0,0,7000,0,0,0,17000,10000,7000,7000
05889P,群創元大98售02  ,0,0,0,0,0,0,0,0,0,7000,0,0,0,7000,0,7000,7000
059349,台郡凱基99購04  ,0,0,0,0,0,0,0,0,0,7000,0,0,0,7000,0,7000,7000
057774,台光電群益99購02,0,0,0,0,0,0,0,0,0,7000,0,0,0,40000,33000,7000,7000
057785,智邦國票99購02  ,0,0,0,0,0,0,0,0,0,7000,0,0,0,12000,5000,7000,7000
057795,鴻海兆豐99購02  ,0,0,0,0,0,0,0,0,0,7000,0,0,0,7000,0,7000,7000
058011,台虹國票99購01  ,0,0,0,0,0,0,0,0,0,7000,0,0,0,7000,0,7000,7000
058347,玉晶光群益9B購01,0,0,0,0,0,0,0,0,0,7000,0,0,0,70000,63000,7000,7000
058046,國巨元大9A購01  ,0,0,0,0,0,0,0,0,0,7000,0,0,0,7000,0,7000,7000
057414,華新科日盛9A購01,0,0,0,0,0,0,0,0,0,7000,0,0,0,7000,0,7000,7000
056119,欣興群益97購02  ,0,0,0,0,0,0,0,0,0,7000,0,0,0,7000,0,7000,7000
058272,超眾永豐9A購01  ,0,0,0,0,0,0,0,0,0,7000,0,0,0,7000,0,7000,7000
058277,FBVIX中信03購01 ,0,0,0,0,0,0,0,0,0,7000,0,0,0,7000,0,7000,7000
059663,旭富元大9C購02  ,0,0,0,0,0,0,0,0,0,7000,0,0,0,9000,2000,7000,7000
059766,同欣電永豐99購03,0,0,0,0,0,0,0,0,0,7000,0,0,0,17000,10000,7000,7000
058583,臻鼎群益99購01  ,0,0,0,0,0,0,0,0,0,7000,0,0,0,7000,0,7000,7000
058459,南電永豐99購01  ,0,0,0,0,0,0,0,0,0,7000,0,0,0,10000,3000,7000,7000
8222,寶一            ,10000,3000,7000,0,0,0,0,0,0,0,0,0,0,0,0,0,7000
3679,新至陞          ,10000,3000,7000,0,0,0,0,0,0,0,0,0,0,0,0,0,7000
3543,州巧            ,11000,4000,7000,0,0,0,0,0,0,-192,0,192,-192,0,0,0,6808
6024,群益期          ,24000,17249,6751,0,0,0,0,0,0,0,0,0,0,0,0,0,6751
06542P,台光電國票98售05,0,0,0,0,0,0,0,0,0,6000,0,0,0,6000,0,6000,6000
06523P,台積電麥證98售02,0,0,0,6000,0,6000,0,0,0,6000,0,0,0,6000,0,6000,6000
06644P,亞德客元大98售03,0,0,0,0,0,0,0,0,0,6000,0,0,0,6000,0,6000,6000
06302P,臺股指元大97售06,0,0,0,0,0,0,0,0,0,6000,0,0,0,6000,0,6000,6000
06739P,聯詠兆豐98售02  ,0,0,0,0,0,0,0,0,0,6000,0,0,0,42000,36000,6000,6000
06778P,台積電元大99售06,0,0,0,0,0,0,0,0,0,6000,0,0,0,6000,0,6000,6000
06859P,元金2X中信9C售01,0,0,0,0,0,0,0,0,0,6000,0,0,0,30000,24000,6000,6000
07172P,臺股指國票99售09,0,0,0,0,0,0,0,0,0,6000,0,0,0,392000,386000,6000,6000
07492P,臺股指國票9A售10,0,0,0,0,0,0,0,0,0,6000,0,0,0,6000,0,6000,6000
07592P,台灣50元大9A售17,0,0,0,0,0,0,0,0,0,6000,0,0,0,300000,294000,6000,6000
1227,佳格            ,535000,514000,21000,0,0,0,0,2000,-2000,-13000,0,13000,-13000,0,0,0,6000
1256,鮮活果汁-KY     ,9000,3000,6000,0,0,0,0,0,0,0,0,0,0,0,0,0,6000
1456,怡華            ,7000,1000,6000,0,0,0,0,0,0,0,0,0,0,0,0,0,6000
2017,官田鋼          ,6000,0,6000,0,0,0,0,0,0,0,0,0,0,0,0,0,6000
2236,百達-KY         ,10000,2000,8000,0,0,0,0,0,0,-2000,0,2000,-2000,0,0,0,6000
060354,A50正2元富9A購02,0,0,0,0,0,0,0,0,0,6000,0,0,0,6000,0,6000,6000
060279,SP黃豆元大9A購01,0,0,0,0,0,0,0,0,0,6000,0,0,0,6000,0,6000,6000
060285,聯電元大9C購01  ,0,0,0,0,0,0,0,0,0,6000,0,0,0,21000,15000,6000,6000
060419,漢翔永豐9A購01  ,0,0,0,0,0,0,0,0,0,6000,0,0,0,6000,0,6000,6000
061089,台積電統一9C購04,0,0,0,0,0,0,0,0,0,6000,0,0,0,25000,19000,6000,6000
06214P,國巨國票98售04  ,0,0,0,0,0,0,0,0,0,6000,0,0,0,41000,35000,6000,6000
06155P,智邦統一97售02  ,0,0,0,0,0,0,0,0,0,6000,0,0,0,6000,0,6000,6000
06150P,奇力新元大97售06,0,0,0,0,0,0,0,0,0,6000,0,0,0,156000,150000,6000,6000
060898,世芯凱基9A購03  ,0,0,0,0,0,0,0,0,0,6000,0,0,0,439000,433000,6000,6000
060821,SP黃豆元大9A購02,0,0,0,0,0,0,0,0,0,6000,0,0,0,36000,30000,6000,6000
05947P,大成鋼元大96售03,0,0,0,0,0,0,0,0,0,6000,0,0,0,15000,9000,6000,6000
055440,矽力國票98購01  ,0,0,0,0,0,0,0,0,0,6000,0,0,0,6000,0,6000,6000
057076,緯穎永豐98購01  ,0,0,0,0,0,0,0,0,0,6000,0,0,0,6000,0,6000,6000
055359,超眾凱基97購01  ,0,0,0,0,0,0,0,0,0,6000,0,0,0,180000,174000,6000,6000
053027,玉晶光富邦98購01,0,0,0,0,0,0,0,0,0,6000,0,0,0,6000,0,6000,6000
05306P,泰碩國泰97售01  ,0,0,0,0,0,0,0,0,0,6000,0,0,0,171000,165000,6000,6000
054516,國巨元大97購02  ,0,0,0,0,0,0,0,0,0,6000,0,0,0,6000,0,6000,6000
052796,和碩兆豐96購01  ,0,0,0,0,0,0,0,0,0,6000,0,0,0,18000,12000,6000,6000
050429,漢唐凱基94購04  ,0,0,0,0,0,0,0,0,0,6000,0,0,0,6000,0,6000,6000
04907P,超眾國票95售01  ,0,0,0,0,0,0,0,0,0,6000,0,0,0,6000,0,6000,6000
049463,華新科富邦97購01,0,0,0,0,0,0,0,0,0,6000,0,0,0,81000,75000,6000,6000
03424B,臺股指元大96熊26,0,0,0,0,0,0,0,0,0,6000,0,0,0,6000,0,6000,6000
047211,華新科富邦99購01,0,0,0,0,0,0,0,0,0,6000,0,0,0,6000,0,6000,6000
058454,嘉晶永豐99購01  ,0,0,0,0,0,0,0,0,0,6000,0,0,0,10000,4000,6000,6000
058632,世紀鋼國票9A購01,0,0,0,0,0,0,0,0,0,6000,0,0,0,20000,14000,6000,6000
05635P,健策台新96售02  ,0,0,0,0,0,0,0,0,0,6000,0,0,0,6000,0,6000,6000
056412,上証2X中信9A購02,0,0,0,0,0,0,0,0,0,6000,0,0,0,10000,4000,6000,6000
056214,義隆國票99購01  ,0,0,0,0,0,0,0,0,0,6000,0,0,0,26000,20000,6000,6000
05614P,臺股指康和96售03,0,0,0,0,0,0,0,0,0,6000,0,0,0,6000,0,6000,6000
058834,GIS永豐99購01   ,0,0,0,0,0,0,0,0,0,6000,0,0,0,6000,0,6000,6000
05950P,台積電國票97售04,0,0,0,0,0,0,0,0,0,6000,0,0,0,6000,0,6000,6000
059736,T50反1元富99購07,0,0,0,0,0,0,0,0,0,6000,0,0,0,6000,0,6000,6000
059504,台灣50永豐99購08,0,0,0,0,0,0,0,0,0,6000,0,0,0,6000,0,6000,6000
058390,樺漢國票9A購01  ,0,0,0,0,0,0,0,0,0,6000,0,0,0,6000,0,6000,6000
057944,新日興國票99購02,0,0,0,0,0,0,0,0,0,6000,0,0,0,6000,0,6000,6000
057852,國巨國票99購05  ,0,0,0,0,0,0,0,0,0,6000,0,0,0,6000,0,6000,6000
05953P,台積電國票98售02,0,0,0,0,0,0,0,0,0,6000,0,0,0,6000,0,6000,6000
059536,新光金凱基99購05,0,0,0,0,0,0,0,0,0,6000,0,0,0,78000,72000,6000,6000
056782,鴻海群益98購04  ,0,0,0,0,0,0,0,0,0,6000,0,0,0,6000,0,6000,6000
6184,大豐電          ,14000,8000,6000,0,0,0,0,0,0,0,0,0,0,0,0,0,6000
8249,菱光            ,18000,12000,6000,0,0,0,0,0,0,0,0,0,0,0,0,0,6000
6655,科定            ,13000,7000,6000,0,0,0,0,0,0,0,0,0,0,0,0,0,6000
9942,茂順            ,10000,4000,6000,0,0,0,0,0,0,0,0,0,0,0,0,0,6000
3167,大量            ,10000,4000,6000,0,0,0,0,0,0,0,0,0,0,0,0,0,6000
2497,怡利電          ,8000,2000,6000,0,0,0,0,0,0,0,0,0,0,0,0,0,6000
6172,互億            ,9000,4000,5000,0,0,0,29,0,29,0,0,0,0,0,0,0,5029
060966,台表科凱基9B購01,0,0,0,0,0,0,0,0,0,5000,0,0,0,16000,11000,5000,5000
060956,超眾群益9A購01  ,0,0,0,0,0,0,0,0,0,5000,0,0,0,5000,0,5000,5000
060788,嘉晶富邦9B購01  ,0,0,0,0,0,0,0,0,0,5000,0,0,0,49000,44000,5000,5000
06262P,國巨凱基97售07  ,0,0,0,0,0,0,0,0,0,5000,0,0,0,7000,2000,5000,5000
061107,世芯元大9A購05  ,0,0,0,0,0,0,0,0,0,5000,0,0,0,75000,70000,5000,5000
060995,泰鼎元大9A購03  ,0,0,0,0,0,0,0,0,0,5000,0,0,0,132000,127000,5000,5000
061032,金像電永豐9A購03,0,0,0,0,0,0,0,0,0,5000,0,0,0,73000,68000,5000,5000
060397,群創國票9A購01  ,0,0,0,0,0,0,0,0,0,5000,0,0,0,13000,8000,5000,5000
060492,元黃金元富9A購01,0,0,0,0,0,0,0,0,0,5000,0,0,0,5000,0,5000,5000
060425,凌華永豐9A購01  ,0,0,0,0,0,0,0,0,0,5000,0,0,0,5000,0,5000,5000
060276,S&P反1元大9A購03,0,0,0,0,0,0,0,0,0,5000,0,0,0,5000,0,5000,5000
060304,大立光富邦9C購05,0,0,0,0,0,0,0,0,0,5000,0,0,0,5000,0,5000,5000
060167,禾聯碩永豐9A購01,0,0,0,0,0,0,0,0,0,5000,0,0,0,5000,0,5000,5000
060071,國巨元富99購03  ,0,0,0,0,0,0,0,0,0,5000,0,0,0,6000,1000,5000,5000
1436,華友聯          ,9000,4000,5000,0,0,0,0,0,0,0,0,0,0,0,0,0,5000
1313,聯成            ,343000,337000,6000,0,0,0,0,1000,-1000,0,0,0,0,0,0,0,5000
07564P,臺股指中信01售01,0,0,0,0,0,0,0,0,0,5000,0,0,0,5000,0,5000,5000
07160P,台灣50中信03售04,0,0,0,0,0,0,0,0,0,5000,0,0,0,10000,5000,5000,5000
07179P,臺股指凱基99售21,0,0,0,0,0,0,0,0,0,5000,0,0,0,5000,0,5000,5000
07239P,台灣50國票9A售04,0,0,0,0,0,0,0,0,0,5000,0,0,0,5000,0,5000,5000
07109P,聯發科中信9B售02,0,0,0,0,0,0,0,0,0,5000,0,0,0,15000,10000,5000,5000
07094P,華通國票9A售03  ,0,0,0,0,0,0,0,0,0,5000,0,0,0,10000,5000,5000,5000
07085P,超眾元富9C售01  ,0,0,0,0,0,0,0,0,0,5000,0,0,0,5000,0,5000,5000
07024P,臺股指永豐99售02,0,0,0,0,0,0,0,0,0,5000,0,0,0,5000,0,5000,5000
07330P,台灣50群益9A售08,0,0,0,0,0,0,0,0,0,5000,0,0,0,5000,0,5000,5000
07350P,台灣50國票99售11,0,0,0,0,0,0,0,0,0,5000,0,0,0,5000,0,5000,5000
07374P,鴻海元大99售41  ,0,0,0,0,0,0,0,0,0,5000,0,0,0,5000,0,5000,5000
07379P,大立光元大99售30,0,0,0,0,0,0,0,0,0,5000,0,0,0,5000,0,5000,5000
06858P,道瓊指中信9B售01,0,0,0,0,0,0,0,0,0,5000,0,0,0,5000,0,5000,5000
06889P,臺股指元大98售13,0,0,0,0,0,0,0,0,0,5000,0,0,0,6000,1000,5000,5000
06929P,鴻海元大99售11  ,0,0,0,0,0,0,0,0,0,5000,0,0,0,5000,0,5000,5000
06735P,奇力新凱基98售07,0,0,0,0,0,0,0,0,0,5000,0,0,0,5000,0,5000,5000
06736P,新日興凱基98售03,0,0,0,0,0,0,0,0,0,5000,0,0,0,5000,0,5000,5000
06704P,玉晶光元富98售05,0,0,0,0,0,0,0,0,0,5000,0,0,0,5000,0,5000,5000
06453P,群創元大9B售02  ,0,0,0,0,0,0,0,0,0,5000,0,0,0,5000,0,5000,5000
06510P,燿華永豐98售03  ,0,0,0,0,0,0,0,0,0,5000,0,0,0,5000,0,5000,5000
06535P,可成群益99售02  ,0,0,0,0,0,0,0,0,0,5000,0,0,0,5000,0,5000,5000
047212,宏達電富邦97購01,0,0,0,0,0,0,0,0,0,5000,0,0,0,5000,0,5000,5000
04604P,華新科國票95售01,0,0,0,0,0,0,0,0,0,5000,0,0,0,5000,0,5000,5000
04452P,超眾國泰95售01  ,0,0,0,0,0,0,0,0,0,5000,0,0,0,5000,0,5000,5000
048383,元金2X國票99購01,0,0,0,0,0,0,0,0,0,5000,0,0,0,5000,0,5000,5000
048551,鴻海元大94購02  ,0,0,0,0,0,0,0,0,0,5000,0,0,0,5000,0,5000,5000
048798,華新科國泰95購01,0,0,0,0,0,0,0,0,0,5000,0,0,0,5000,0,5000,5000
0054,元大台商50      ,0,0,0,0,0,0,0,0,0,5000,0,0,0,5000,0,5000,5000
00663L,國泰臺灣加權正2 ,0,0,0,0,0,0,0,0,0,5000,0,0,0,107000,102000,5000,5000
00703,台新MSCI中國    ,0,0,0,0,0,0,0,0,0,5000,0,0,0,69000,64000,5000,5000
052444,友訊元大95購01  ,0,0,0,0,0,0,0,0,0,5000,0,0,0,5000,0,5000,5000
047769,大立光元大96購01,0,0,0,0,0,0,0,0,0,5000,0,0,0,10000,5000,5000,5000
052659,上証2X國票99購01,0,0,0,0,0,0,0,0,0,5000,0,0,0,15000,10000,5000,5000
052642,滬深2X永豐96購03,0,0,0,0,0,0,0,0,0,5000,0,0,0,25000,20000,5000,5000
05272P,臻鼎中信97售03  ,0,0,0,0,0,0,0,0,0,5000,0,0,0,5000,0,5000,5000
051405,世芯永豐95購01  ,0,0,0,0,0,0,0,0,0,5000,0,0,0,5000,0,5000,5000
05192P,玉晶光台新96售02,0,0,0,0,0,0,0,0,0,5000,0,0,0,5000,0,5000,5000
054502,泰碩永豐96購01  ,0,0,0,0,0,0,0,0,0,5000,0,0,0,95000,90000,5000,5000
054380,世芯群益97購02  ,0,0,0,0,0,0,0,0,0,5000,0,0,0,5000,0,5000,5000
054281,世芯群益97購01  ,0,0,0,0,0,0,0,0,0,5000,0,0,0,5000,0,5000,5000
054332,世芯永豐97購01  ,0,0,0,0,0,0,0,0,0,5000,0,0,0,5000,0,5000,5000
054226,燿華元富96購02  ,0,0,0,0,0,0,0,0,0,5000,0,0,0,15000,10000,5000,5000
051195,台郡中信95購01  ,0,0,0,0,0,0,0,0,0,5000,0,0,0,5000,0,5000,5000
051490,世芯凱基96購01  ,0,0,0,0,0,0,0,0,0,5000,0,0,0,5000,0,5000,5000
054115,台塑康和96購01  ,0,0,0,0,0,0,0,0,0,5000,0,0,0,5000,0,5000,5000
053023,泰鼎國泰97購01  ,0,0,0,0,0,0,0,0,0,5000,0,0,0,5000,0,5000,5000
052985,美律元大96購02  ,0,0,0,0,0,0,0,0,0,5000,0,0,0,5000,0,5000,5000
054594,國巨麥證97購01  ,0,0,0,5000,0,5000,0,0,0,5000,0,0,0,5000,0,5000,5000
054783,國巨群益98購04  ,0,0,0,0,0,0,0,0,0,5000,0,0,0,95000,90000,5000,5000
053648,台積電凱基97購04,0,0,0,0,0,0,0,0,0,5000,0,0,0,5000,0,5000,5000
053753,啟碁永豐96購01  ,0,0,0,0,0,0,0,0,0,5000,0,0,0,5000,0,5000,5000
053448,智易凱基96購03  ,0,0,0,0,0,0,0,0,0,5000,0,0,0,5000,0,5000,5000
055026,健和興國泰98購01,0,0,0,0,0,0,0,0,0,5000,0,0,0,5000,0,5000,5000
05503P,智邦日盛96售01  ,0,0,0,0,0,0,0,0,0,5000,0,0,0,15000,10000,5000,5000
055067,禾聯碩永豐97購01,0,0,0,0,0,0,0,0,0,5000,0,0,0,5000,0,5000,5000
053841,美律統一96購01  ,0,0,0,0,0,0,0,0,0,5000,0,0,0,5000,0,5000,5000
053825,南電群益96購02  ,0,0,0,0,0,0,0,0,0,5000,0,0,0,5000,0,5000,5000
055360,台表科凱基97購02,0,0,0,0,0,0,0,0,0,5000,0,0,0,5000,0,5000,5000
055070,聯茂永豐97購01  ,0,0,0,0,0,0,0,0,0,5000,0,0,0,5000,0,5000,5000
055714,智邦元大97購03  ,0,0,0,0,0,0,0,0,0,5000,0,0,0,13000,8000,5000,5000
055490,台光電元大97購01,0,0,0,0,0,0,0,0,0,5000,0,0,0,5000,0,5000,5000
059479,國巨群益99購10  ,0,0,0,0,0,0,0,0,0,5000,0,0,0,5000,0,5000,5000
059202,禾聯碩永豐99購01,0,0,0,0,0,0,0,0,0,5000,0,0,0,5000,0,5000,5000
05925P,晶技永豐96售03  ,0,0,0,0,0,0,0,0,0,5000,0,0,0,30000,25000,5000,5000
056777,矽力元大98購02  ,0,0,0,0,0,0,0,0,0,5000,0,0,0,5000,0,5000,5000
056747,致新凱基99購01  ,0,0,0,0,0,0,0,0,0,5000,0,0,0,5000,0,5000,5000
056919,英業達兆豐98購01,0,0,0,0,0,0,0,0,0,5000,0,0,0,26000,21000,5000,5000
058934,台灣50中信03購03,0,0,0,0,0,0,0,0,0,5000,0,0,0,13000,8000,5000,5000
058144,聯茂元大99購02  ,0,0,0,0,0,0,0,0,0,5000,0,0,0,88000,83000,5000,5000
059411,臺股指國票99購17,0,0,0,0,0,0,0,0,0,5000,0,0,0,5000,0,5000,5000
05710P,禾伸堂國票97售02,0,0,0,0,0,0,0,0,0,5000,0,0,0,10000,5000,5000,5000
057879,電子類元大99購02,0,0,0,0,0,0,0,0,0,5000,0,0,0,5000,0,5000,5000
057874,可成元大99購02  ,0,0,0,0,0,0,0,0,0,5000,0,0,0,5000,0,5000,5000
057936,健策群益99購01  ,0,0,0,0,0,0,0,0,0,5000,0,0,0,5000,0,5000,5000
058044,鴻海元大99購07  ,0,0,0,0,0,0,0,0,0,5000,0,0,0,5000,0,5000,5000
057638,上銀元大99購01  ,0,0,0,0,0,0,0,0,0,5000,0,0,0,5000,0,5000,5000
057641,旺宏元大98購10  ,0,0,0,0,0,0,0,0,0,5000,0,0,0,5000,0,5000,5000
05739P,臺股指統一97售02,0,0,0,0,0,0,0,0,0,5000,0,0,0,5000,0,5000,5000
057268,臻鼎兆豐99購01  ,0,0,0,0,0,0,0,0,0,5000,0,0,0,15000,10000,5000,5000
057329,緯穎群益98購02  ,0,0,0,0,0,0,0,0,0,5000,0,0,0,5000,0,5000,5000
056050,晶技國票98購01  ,0,0,0,0,0,0,0,0,0,5000,0,0,0,5000,0,5000,5000
059777,台灣50元大9C購18,0,0,0,0,0,0,0,0,0,5000,0,0,0,5000,0,5000,5000
059779,滬深2X元大9C購05,0,0,0,0,0,0,0,0,0,5000,0,0,0,5000,0,5000,5000
05990P,台積電群益96售13,0,0,0,0,0,0,0,0,0,5000,0,0,0,16000,11000,5000,5000
059936,台積電永豐99購06,0,0,0,0,0,0,0,0,0,5000,0,0,0,6000,1000,5000,5000
059648,台表科凱基99購03,0,0,0,0,0,0,0,0,0,5000,0,0,0,5000,0,5000,5000
059716,鴻海元大99購35  ,0,0,0,0,0,0,0,0,0,5000,0,0,0,25000,20000,5000,5000
057591,鴻海兆豐99購01  ,0,0,0,0,0,0,0,0,0,5000,0,0,0,5000,0,5000,5000
057596,聯茂兆豐99購01  ,0,0,0,0,0,0,0,0,0,5000,0,0,0,10000,5000,5000,5000
059782,A50正2元大9C購04,0,0,0,0,0,0,0,0,0,5000,0,0,0,5000,0,5000,5000
057496,佐登元大98購02  ,0,0,0,0,0,0,0,0,0,5000,0,0,0,5000,0,5000,5000
058841,深中小群益01購01,0,0,0,0,0,0,0,0,0,5000,0,0,0,313000,308000,5000,5000
05663P,創意元富96售04  ,0,0,0,0,0,0,0,0,0,5000,0,0,0,5000,0,5000,5000
056610,鴻海永豐98購01  ,0,0,0,0,0,0,0,0,0,5000,0,0,0,25000,20000,5000,5000
058625,旺宏國票9A購01  ,0,0,0,0,0,0,0,0,0,5000,0,0,0,22000,17000,5000,5000
058462,台積電兆豐99購01,0,0,0,0,0,0,0,0,0,5000,0,0,0,15000,10000,5000,5000
058560,T50反1凱基9A購04,0,0,0,0,0,0,0,0,0,5000,0,0,0,5000,0,5000,5000
05853P,欣興群益96售05  ,0,0,0,0,0,0,0,0,0,5000,0,0,0,5000,0,5000,5000
6201,亞弘電          ,5000,1000,4000,0,0,0,0,0,0,1000,1000,0,1000,0,0,0,5000
4566,時碩工業        ,46000,41000,5000,0,0,0,0,0,0,0,0,0,0,0,0,0,5000
8996,高力            ,473000,419000,54000,0,0,0,4000,0,4000,-53000,0,53000,-53000,0,0,0,5000
8039,台虹            ,466000,504000,-38000,0,0,0,0,0,0,43000,45000,6000,39000,8000,4000,4000,5000
2888A,新光金甲特      ,5000,0,5000,0,0,0,0,0,0,0,0,0,0,0,0,0,5000
2936,客思達-KY       ,5000,0,5000,0,0,0,0,0,0,0,0,0,0,0,0,0,5000
06650P,聯發科元大98售09,0,0,0,0,0,0,0,0,0,4000,0,0,0,4000,0,4000,4000
06621P,欣興元大98售06  ,0,0,0,0,0,0,0,0,0,4000,0,0,0,4000,0,4000,4000
06578P,華新科國票98售02,0,0,0,0,0,0,0,0,0,4000,0,0,0,4000,0,4000,4000
06923P,鴻海群益98售09  ,0,0,0,0,0,0,0,0,0,4000,0,0,0,4000,0,4000,4000
06848P,聯詠元大98售04  ,0,0,0,0,0,0,0,0,0,4000,0,0,0,97000,93000,4000,4000
07012P,智邦群益9A售01  ,0,0,0,0,0,0,0,0,0,4000,0,0,0,4000,0,4000,4000
07014P,華通元大99售04  ,0,0,0,0,0,0,0,0,0,4000,0,0,0,124000,120000,4000,4000
07114P,旺宏兆豐9A售01  ,0,0,0,0,0,0,0,0,0,4000,0,0,0,9000,5000,4000,4000
07201P,臺股指元大99售17,0,0,0,0,0,0,0,0,0,4000,0,0,0,4000,0,4000,4000
07163P,臺股指群益99售14,0,0,0,0,0,0,0,0,0,4000,0,0,0,88000,84000,4000,4000
07595P,台灣50中信03售07,0,0,0,0,0,0,0,0,0,4000,0,0,0,14000,10000,4000,4000
07426P,上証2X國票9B售01,0,0,0,0,0,0,0,0,0,4000,0,0,0,4000,0,4000,4000
07672P,南電元大9A售05  ,0,0,0,0,0,0,0,0,0,4000,0,0,0,30000,26000,4000,4000
2239,英利-KY         ,10000,6000,4000,0,0,0,0,0,0,0,0,0,0,0,0,0,4000
2069,運錩            ,4000,0,4000,0,0,0,0,0,0,0,0,0,0,0,0,0,4000
060115,南電元大99購06  ,0,0,0,0,0,0,0,0,0,4000,0,0,0,30000,26000,4000,4000
060147,臺股指國票9A購07,0,0,0,0,0,0,0,0,0,4000,0,0,0,20000,16000,4000,4000
061042,致新永豐9A購02  ,0,0,0,0,0,0,0,0,0,4000,0,0,0,10000,6000,4000,4000
06140P,華新科群益97售06,0,0,0,0,0,0,0,0,0,4000,0,0,0,11000,7000,4000,4000
060962,義隆凱基9B購01  ,0,0,0,0,0,0,0,0,0,4000,0,0,0,7000,3000,4000,4000
060828,高股息國票9A購01,0,0,0,0,0,0,0,0,0,4000,0,0,0,80000,76000,4000,4000
060896,晶技凱基9A購02  ,0,0,0,0,0,0,0,0,0,4000,0,0,0,183000,179000,4000,4000
055441,緯穎國票98購01  ,0,0,0,0,0,0,0,0,0,4000,0,0,0,4000,0,4000,4000
05514P,康舒永豐96售01  ,0,0,0,0,0,0,0,0,0,4000,0,0,0,4000,0,4000,4000
05521P,創意永豐96售01  ,0,0,0,0,0,0,0,0,0,4000,0,0,0,14000,10000,4000,4000
05348P,美律元富98售01  ,0,0,0,0,0,0,0,0,0,4000,0,0,0,55000,51000,4000,4000
053366,樺漢國泰98購01  ,0,0,0,0,0,0,0,0,0,4000,0,0,0,4000,0,4000,4000
053541,泰鼎永豐96購02  ,0,0,0,0,0,0,0,0,0,4000,0,0,0,4000,0,4000,4000
054957,興富發元大97購01,0,0,0,0,0,0,0,0,0,4000,0,0,0,4000,0,4000,4000
052947,晶技國票97購01  ,0,0,0,0,0,0,0,0,0,4000,0,0,0,4000,0,4000,4000
055802,新日興永豐97購01,0,0,0,0,0,0,0,0,0,4000,0,0,0,4000,0,4000,4000
051160,亞德客元大95購02,0,0,0,0,0,0,0,0,0,4000,0,0,0,5000,1000,4000,4000
05236P,緯穎康和95售01  ,0,0,0,0,0,0,0,0,0,4000,0,0,0,4000,0,4000,4000
051553,牧德永豐96購02  ,0,0,0,0,0,0,0,0,0,4000,0,0,0,4000,0,4000,4000
049597,泰鼎元大96購01  ,0,0,0,0,0,0,0,0,0,4000,0,0,0,4000,0,4000,4000
03951P,新光金凱基95售01,0,0,0,0,0,0,0,0,0,4000,0,0,0,4000,0,4000,4000
056394,晶豪科永豐98購01,0,0,0,0,0,0,0,0,0,4000,0,0,0,14000,10000,4000,4000
058848,台積電群益99購07,0,0,0,0,0,0,0,0,0,4000,0,0,0,5000,1000,4000,4000
05746P,台積電群益96售07,0,0,0,0,0,0,0,0,0,4000,0,0,0,4000,0,4000,4000
059929,華新科富邦9C購03,0,0,0,0,0,0,0,0,0,4000,0,0,0,14000,10000,4000,4000
059909,鴻海元大99購36  ,0,0,0,0,0,0,0,0,0,4000,0,0,0,5000,1000,4000,4000
059861,聯發科群益9A購01,0,0,0,0,0,0,0,0,0,4000,0,0,0,37000,33000,4000,4000
059836,大立光國泰9B購02,0,0,0,0,0,0,0,0,0,4000,0,0,0,22000,18000,4000,4000
057438,禾伸堂國票99購01,0,0,0,0,0,0,0,0,0,4000,0,0,0,115000,111000,4000,4000
058307,聯發科元大99購08,0,0,0,0,0,0,0,0,0,4000,0,0,0,4000,0,4000,4000
057941,聯電國票99購01  ,0,0,0,0,0,0,0,0,0,4000,0,0,0,5000,1000,4000,4000
058006,台郡群益98購04  ,0,0,0,0,0,0,0,0,0,4000,0,0,0,6000,2000,4000,4000
059415,台灣50元大9A購03,0,0,0,0,0,0,0,0,0,4000,0,0,0,9000,5000,4000,4000
056848,泰鼎元富98購01  ,0,0,0,0,0,0,0,0,0,4000,0,0,0,4000,0,4000,4000
3532,台勝科          ,229000,215000,14000,0,0,0,0,0,0,-10000,1000,1000,0,13000,23000,-10000,4000
2630,亞航            ,5000,1000,4000,0,0,0,0,0,0,0,0,0,0,0,0,0,4000
6281,全國電          ,6000,2000,4000,0,0,0,0,0,0,0,0,0,0,0,0,0,4000
6405,悅城            ,4000,3000,1000,0,0,0,0,0,0,3000,3000,0,3000,0,0,0,4000
6243,迅杰            ,4000,0,4000,0,0,0,0,0,0,0,0,0,0,0,0,0,4000
5288,豐祥-KY         ,23000,14000,9000,0,0,0,0,5000,-5000,0,0,0,0,0,0,0,4000
06097P,茂林永豐97售01  ,0,0,0,0,0,0,0,0,0,3000,0,0,0,3000,0,3000,3000
06074P,台積電凱基98售04,0,0,0,0,0,0,0,0,0,3000,0,0,0,3000,0,3000,3000
06139P,台積電中信99售02,0,0,0,0,0,0,0,0,0,3000,0,0,0,36000,33000,3000,3000
06133P,帆宣元富97售02  ,0,0,0,0,0,0,0,0,0,3000,0,0,0,3000,0,3000,3000
06104P,大立光凱基97售04,0,0,0,0,0,0,0,0,0,3000,0,0,0,4000,1000,3000,3000
060656,國巨統一9C購03  ,0,0,0,0,0,0,0,0,0,3000,0,0,0,13000,10000,3000,3000
2415,錩新            ,3000,0,3000,0,0,0,0,0,0,0,0,0,0,0,0,0,3000
1530,亞崴            ,3000,0,3000,0,0,0,0,0,0,0,0,0,0,0,0,0,3000
1526,日馳            ,42000,39000,3000,0,0,0,0,0,0,0,0,0,0,0,0,0,3000
1516,川飛            ,4000,1000,3000,0,0,0,0,0,0,0,0,0,0,0,0,0,3000
1452,宏益            ,33000,30000,3000,0,0,0,0,0,0,0,0,0,0,0,0,0,3000
07669P,華新科元大9A售14,0,0,0,0,0,0,0,0,0,3000,0,0,0,123000,120000,3000,3000
07476P,鴻海群益9A售04  ,0,0,0,0,0,0,0,0,0,3000,0,0,0,3000,0,3000,3000
07238P,台灣50國票99售07,0,0,0,0,0,0,0,0,0,3000,0,0,0,3000,0,3000,3000
07031P,台灣50中信03售02,0,0,0,0,0,0,0,0,0,3000,0,0,0,3000,0,3000,3000
07313P,台灣50元大99售11,0,0,0,0,0,0,0,0,0,3000,0,0,0,3000,0,3000,3000
06787P,臺股指元大98售04,0,0,0,0,0,0,0,0,0,3000,0,0,0,3000,0,3000,3000
06717P,可成元大98售09  ,0,0,0,0,0,0,0,0,0,3000,0,0,0,3000,0,3000,3000
06555P,臺股指元大99售07,0,0,0,0,0,0,0,0,0,3000,0,0,0,3000,0,3000,3000
06408P,聯茂元富97售02  ,0,0,0,0,0,0,0,0,0,3000,0,0,0,5000,2000,3000,3000
06487P,聯發科統一99售02,0,0,0,0,0,0,0,0,0,3000,0,0,0,4000,1000,3000,3000
06479P,聯發科中信99售02,0,0,0,0,0,0,0,0,0,3000,0,0,0,15000,12000,3000,3000
06283P,祥碩永豐97售01  ,0,0,0,0,0,0,0,0,0,3000,0,0,0,3000,0,3000,3000
06328P,台積電中信01售02,0,0,0,0,0,0,0,0,0,3000,0,0,0,3000,0,3000,3000
052489,義隆國票96購02  ,0,0,0,0,0,0,0,0,0,3000,0,0,0,7000,4000,3000,3000
03669C,滬深2X元富09牛01,0,0,0,0,0,0,0,0,0,3000,0,0,0,54000,51000,3000,3000
051580,宏碁元大95購02  ,0,0,0,0,0,0,0,0,0,3000,0,0,0,3000,0,3000,3000
00665L,富邦恒生國企正2 ,0,6000,-6000,0,0,0,0,0,0,9000,0,0,0,26000,17000,9000,3000
044996,嘉晶國泰95購01  ,0,0,0,0,0,0,0,0,0,3000,0,0,0,3000,0,3000,3000
051305,訊連凱基96購01  ,0,0,0,0,0,0,0,0,0,3000,0,0,0,3000,0,3000,3000
050806,華新科日盛95購01,0,0,0,0,0,0,0,0,0,3000,0,0,0,3000,0,3000,3000
051781,緯穎群益96購01  ,0,0,0,0,0,0,0,0,0,3000,0,0,0,3000,0,3000,3000
055804,祥碩永豐97購02  ,0,0,0,0,0,0,0,0,0,3000,0,0,0,3000,0,3000,3000
054130,漢唐元大97購02  ,0,0,0,0,0,0,0,0,0,3000,0,0,0,51000,48000,3000,3000
054538,台光電國票98購01,0,0,0,0,0,0,0,0,0,3000,0,0,0,3000,0,3000,3000
052844,台積電統一96購02,0,0,0,0,0,0,0,0,0,3000,0,0,0,3000,0,3000,3000
053742,創意國票97購01  ,0,0,0,0,0,0,0,0,0,3000,0,0,0,12000,9000,3000,3000
053712,台光電凱基96購04,0,0,0,0,0,0,0,0,0,3000,0,0,0,3000,0,3000,3000
055192,世芯元富97購01  ,0,0,0,0,0,0,0,0,0,3000,0,0,0,3000,0,3000,3000
055178,晶豪科統一97購01,0,0,0,0,0,0,0,0,0,3000,0,0,0,79000,76000,3000,3000
059325,超眾元大99購05  ,0,0,0,0,0,0,0,0,0,3000,0,0,0,3000,0,3000,3000
057208,上海銀元富98購01,0,0,0,0,0,0,0,0,0,3000,0,0,0,3000,0,3000,3000
056700,華新科國泰99購03,0,0,0,0,0,0,0,0,0,3000,0,0,0,3000,0,3000,3000
057253,高股息中信99購02,0,0,0,0,0,0,0,0,0,3000,0,0,0,3000,0,3000,3000
059357,華通永豐99購01  ,0,0,0,0,0,0,0,0,0,3000,0,0,0,3000,0,3000,3000
058118,瑞昱群益99購01  ,0,0,0,0,0,0,0,0,0,3000,0,0,0,24000,21000,3000,3000
05812P,臺股指國票96售05,0,0,0,0,0,0,0,0,0,3000,0,0,0,3000,0,3000,3000
059587,華通元大9A購01  ,0,0,0,0,0,0,0,0,0,3000,0,0,0,3000,0,3000,3000
058162,上銀日盛9B購01  ,0,0,0,0,0,0,0,0,0,3000,0,0,0,3000,0,3000,3000
057855,晶技國票99購01  ,0,0,0,0,0,0,0,0,0,3000,0,0,0,3000,0,3000,3000
057375,欣興元大98購09  ,0,0,0,0,0,0,0,0,0,3000,0,0,0,53000,50000,3000,3000
059489,上証2X國票9A購01,0,0,0,0,0,0,0,0,0,3000,0,0,0,3000,0,3000,3000
059824,大立光凱基99購13,0,0,0,0,0,0,0,0,0,3000,0,0,0,10000,7000,3000,3000
057470,易華電永豐98購02,0,0,0,0,0,0,0,0,0,3000,0,0,0,7000,4000,3000,3000
056381,台虹元富98購01  ,0,0,0,0,0,0,0,0,0,3000,0,0,0,10000,7000,3000,3000
056321,創意群益98購02  ,0,0,0,0,0,0,0,0,0,3000,0,0,0,19000,16000,3000,3000
05645P,聯發科凱基96售13,0,0,0,0,0,0,0,0,0,3000,0,0,0,3000,0,3000,3000
058487,晶技國票9A購01  ,0,0,0,0,0,0,0,0,0,3000,0,0,0,44000,41000,3000,3000
058704,台積電元大99購17,0,0,0,0,0,0,0,0,0,3000,0,0,0,3000,0,3000,3000
058716,華新科台新99購02,0,0,0,0,0,0,0,0,0,3000,0,0,0,3000,0,3000,3000
4720,德淵            ,7000,4000,3000,0,0,0,0,0,0,0,0,0,0,0,0,0,3000
4764,雙鍵            ,6000,3000,3000,0,0,0,0,0,0,0,0,0,0,0,0,0,3000
8201,無敵            ,3000,0,3000,0,0,0,0,0,0,0,0,0,0,0,0,0,3000
8411,福貞-KY         ,0,0,0,0,0,0,0,0,0,3000,3000,0,3000,0,0,0,3000
2477,美隆電          ,4000,1000,3000,0,0,0,0,0,0,0,0,0,0,0,0,0,3000
3617,碩天            ,16000,12000,4000,0,0,0,0,1000,-1000,0,0,0,0,0,0,0,3000
06271P,彩晶凱基97售01  ,0,0,0,0,0,0,0,0,0,2000,0,0,0,2000,0,2000,2000
06448P,華通元大99售01  ,0,0,0,0,0,0,0,0,0,2000,0,0,0,7000,5000,2000,2000
06566P,華通永豐98售03  ,0,0,0,0,0,0,0,0,0,2000,0,0,0,2000,0,2000,2000
06857P,超眾永豐98售02  ,0,0,0,0,0,0,0,0,0,2000,0,0,0,59000,57000,2000,2000
06850P,聯茂元大98售06  ,0,0,0,0,0,0,0,0,0,2000,0,0,0,2000,0,2000,2000
06914P,南茂元大98售03  ,0,0,0,0,0,0,0,0,0,2000,0,0,0,52000,50000,2000,2000
06882P,聯發科群益98售07,0,0,0,0,0,0,0,0,0,2000,0,0,0,2000,0,2000,2000
07298P,台灣50元大9C售12,0,0,0,0,0,0,0,0,0,2000,0,0,0,2000,0,2000,2000
07340P,鴻海凱基99售15  ,0,0,0,0,0,0,0,0,0,2000,0,0,0,101000,99000,2000,2000
06988P,鴻海元富99售09  ,0,0,0,0,0,0,0,0,0,2000,0,0,0,2000,0,2000,2000
07055P,景碩群益9A售02  ,0,0,0,0,0,0,0,0,0,2000,0,0,0,2000,0,2000,2000
07243P,台灣50凱基9A售04,1000,0,1000,0,0,0,0,0,0,1000,0,0,0,39000,38000,1000,2000
07135P,臺股指元大9A售29,0,0,0,0,0,0,0,0,0,2000,0,0,0,2000,0,2000,2000
07441P,臺股指麥證9B售03,0,0,0,2000,0,2000,0,0,0,2000,0,0,0,2000,0,2000,2000
07456P,華新科元大9A售06,0,0,0,0,0,0,0,0,0,2000,0,0,0,2000,0,2000,2000
07537P,玉晶光元富9A售04,0,0,0,0,0,0,0,0,0,2000,0,0,0,26000,24000,2000,2000
1413,宏洲            ,2000,0,2000,0,0,0,0,0,0,0,0,0,0,0,0,0,2000
1414,東和            ,10000,8000,2000,0,0,0,0,0,0,0,0,0,0,0,0,0,2000
1457,宜進            ,48000,46000,2000,0,0,0,0,0,0,0,0,0,0,0,0,0,2000
1614,三洋電          ,10000,8000,2000,0,0,0,0,0,0,0,0,0,0,0,0,0,2000
2358,廷鑫            ,9000,7000,2000,0,0,0,0,0,0,0,0,0,0,0,0,0,2000
2032,新鋼            ,3000,1000,2000,0,0,0,0,0,0,0,0,0,0,0,0,0,2000
060581,玉晶光群益9B購02,0,0,0,0,0,0,0,0,0,2000,0,0,0,2000,0,2000,2000
060357,上銀元富9A購02  ,0,0,0,0,0,0,0,0,0,2000,0,0,0,4000,2000,2000,2000
060145,牧德國票9A購02  ,0,0,0,0,0,0,0,0,0,2000,0,0,0,39000,37000,2000,2000
060045,嘉晶群益99購02  ,0,0,0,0,0,0,0,0,0,2000,0,0,0,2000,0,2000,2000
060334,群光康和9A購01  ,0,0,0,0,0,0,0,0,0,2000,0,0,0,10000,8000,2000,2000
060220,華新科凱基9A購08,0,0,0,0,0,0,0,0,0,2000,0,0,0,2000,0,2000,2000
06112P,台積電兆豐97售01,0,0,0,0,0,0,0,0,0,2000,0,0,0,2000,0,2000,2000
06166P,大立光國票98售01,0,0,0,0,0,0,0,0,0,2000,0,0,0,2000,0,2000,2000
06168P,台表科國票97售06,0,0,0,0,0,0,0,0,0,2000,0,0,0,2000,0,2000,2000
061218,臺股指元大9A購55,0,0,0,0,0,0,0,0,0,2000,0,0,0,2000,0,2000,2000
060811,亞德客凱基9A購02,0,0,0,0,0,0,0,0,0,2000,0,0,0,2000,0,2000,2000
060743,鴻海國票9A購03  ,0,0,0,0,0,0,0,0,0,2000,0,0,0,2000,0,2000,2000
060671,亞德客元大9A購03,0,0,0,0,0,0,0,0,0,2000,0,0,0,2000,0,2000,2000
059263,瑞昱中信01購01  ,0,0,0,0,0,0,0,0,0,2000,0,0,0,45000,43000,2000,2000
059145,創意國票99購02  ,0,0,0,0,0,0,0,0,0,2000,0,0,0,3000,1000,2000,2000
05533P,滬深2X富邦97售01,0,0,0,0,0,0,0,0,0,2000,0,0,0,2000,0,2000,2000
055485,國巨元大97購09  ,0,0,0,0,0,0,0,0,0,2000,0,0,0,2000,0,2000,2000
055610,光磊國票98購01  ,0,0,0,0,0,0,0,0,0,2000,0,0,0,27000,25000,2000,2000
05573P,仁寶元富96售02  ,0,0,0,0,0,0,0,0,0,2000,0,0,0,12000,10000,2000,2000
055703,緯穎富邦98購01  ,0,0,0,0,0,0,0,0,0,2000,0,0,0,2000,0,2000,2000
053409,和碩兆豐96購02  ,0,0,0,0,0,0,0,0,0,2000,0,0,0,6000,4000,2000,2000
053325,GIS群益96購02   ,0,0,0,0,0,0,0,0,0,2000,0,0,0,2000,0,2000,2000
053222,聯茂凱基96購03  ,0,0,0,0,0,0,0,0,0,2000,0,0,0,2000,0,2000,2000
053880,智邦中信96購01  ,0,0,0,0,0,0,0,0,0,2000,0,0,0,23000,21000,2000,2000
055018,緯穎元富97購02  ,0,0,0,0,0,0,0,0,0,2000,0,0,0,2000,0,2000,2000
054039,元油反元大96購08,0,0,0,0,0,0,0,0,0,2000,0,0,0,2000,0,2000,2000
05400P,台積電永豐95售05,0,0,0,0,0,0,0,0,0,2000,0,0,0,2000,0,2000,2000
054061,晶技國票97購03  ,0,0,0,0,0,0,0,0,0,2000,0,0,0,14000,12000,2000,2000
052864,奇力新凱基96購02,0,0,0,0,0,0,0,0,0,2000,0,0,0,12000,10000,2000,2000
053080,力山元大96購02  ,0,0,0,0,0,0,0,0,0,2000,0,0,0,2000,0,2000,2000
054552,聯發科凱基98購03,0,0,0,0,0,0,0,0,0,2000,0,0,0,3000,1000,2000,2000
054216,聯茂國票97購03  ,0,0,0,0,0,0,0,0,0,2000,0,0,0,2000,0,2000,2000
054246,國巨元大96購12  ,0,0,0,0,0,0,0,0,0,2000,0,0,0,2000,0,2000,2000
05579P,友達凱基98售03  ,0,0,0,0,0,0,0,0,0,2000,0,0,0,2000,0,2000,2000
05092P,全新元大95售03  ,0,0,0,0,0,0,0,0,0,2000,0,0,0,2000,0,2000,2000
050904,臺股指元大95購11,0,0,0,0,0,0,0,0,0,2000,0,0,0,2000,0,2000,2000
051415,晶技國票96購01  ,0,0,0,0,0,0,0,0,0,2000,0,0,0,2000,0,2000,2000
051744,嘉聯益國票97購01,0,0,0,0,0,0,0,0,0,2000,0,0,0,2000,0,2000,2000
052076,可成元富98購01  ,0,0,0,0,0,0,0,0,0,2000,0,0,0,25000,23000,2000,2000
050327,泰鼎永豐94購03  ,0,0,0,0,0,0,0,0,0,2000,0,0,0,2000,0,2000,2000
045767,大立光元富95購01,0,0,0,0,0,0,0,0,0,2000,0,0,0,3000,1000,2000,2000
046492,旺宏富邦94購02  ,0,0,0,0,0,0,0,0,0,2000,0,0,0,2000,0,2000,2000
03094X,大立光元大68展08,2000,0,2000,0,0,0,0,0,0,0,0,0,0,2000,2000,0,2000
006204,永豐臺灣加權    ,0,0,0,0,0,0,0,0,0,2000,0,0,0,2000,0,2000,2000
00736,國泰新興市場    ,0,0,0,0,0,0,0,0,0,2000,0,0,0,142000,140000,2000,2000
00714,群益道瓊美國地產,0,0,0,0,0,0,0,0,0,2000,0,0,0,8000,6000,2000,2000
05171P,臺股指元大95售15,0,0,0,0,0,0,0,0,0,2000,0,0,0,4000,2000,2000,2000
051637,嘉聯益國票96購01,0,0,0,0,0,0,0,0,0,2000,0,0,0,2000,0,2000,2000
05267P,欣興元大95售08  ,0,0,0,0,0,0,0,0,0,2000,0,0,0,2000,0,2000,2000
049352,泰鼎永豐95購01  ,0,0,0,0,0,0,0,0,0,2000,0,0,0,2000,0,2000,2000
058738,FBVIX中信03購04 ,0,0,0,0,0,0,0,0,0,2000,0,0,0,2000,0,2000,2000
05873P,華通群益97售02  ,0,0,0,0,0,0,0,0,0,2000,0,0,0,2000,0,2000,2000
058765,緯穎群益99購03  ,0,0,0,0,0,0,0,0,0,2000,0,0,0,2000,0,2000,2000
058651,FBVIX中信9C購01 ,0,0,0,0,0,0,0,0,0,2000,0,0,0,2000,0,2000,2000
058672,可成群益9B購02  ,0,0,0,0,0,0,0,0,0,2000,0,0,0,2000,0,2000,2000
059011,臺股指元大9A購30,0,0,0,0,0,0,0,0,0,2000,0,0,0,2000,0,2000,2000
059012,臺股指元大9A購31,0,0,0,0,0,0,0,0,0,2000,0,0,0,2000,0,2000,2000
056626,同欣電永豐98購01,0,0,0,0,0,0,0,0,0,2000,0,0,0,2000,0,2000,2000
056313,聯茂元大98購01  ,0,0,0,0,0,0,0,0,0,2000,0,0,0,2000,0,2000,2000
056410,康控國票99購01  ,0,0,0,0,0,0,0,0,0,2000,0,0,0,20000,18000,2000,2000
056338,聯發科凱基99購01,0,0,0,0,0,0,0,0,0,2000,0,0,0,2000,0,2000,2000
058856,新光金兆豐99購01,0,0,0,0,0,0,0,0,0,2000,0,0,0,2000,0,2000,2000
059065,南電凱基9A購01  ,0,0,0,0,0,0,0,0,0,2000,0,0,0,38000,36000,2000,2000
059080,亞泥元大99購01  ,0,0,0,0,0,0,0,0,0,2000,0,0,0,60000,58000,2000,2000
056212,台光電國票98購03,0,0,0,0,0,0,0,0,0,2000,0,0,0,13000,11000,2000,2000
056504,國巨永豐98購02  ,0,0,0,0,0,0,0,0,0,2000,0,0,0,10000,8000,2000,2000
059600,緯穎元大99購07  ,0,0,0,0,0,0,0,0,0,2000,0,0,0,17000,15000,2000,2000
05983P,聯詠國票96售02  ,0,0,0,0,0,0,0,0,0,2000,0,0,0,2000,0,2000,2000
059891,臺股指國票99購25,0,0,0,0,0,0,0,0,0,2000,0,0,0,6000,4000,2000,2000
059944,欣興永豐99購03  ,0,0,0,0,0,0,0,0,0,2000,0,0,0,8000,6000,2000,2000
057811,南亞科元大98購08,0,0,0,0,0,0,0,0,0,2000,0,0,0,2000,0,2000,2000
057998,玉晶光麥證9A購01,0,0,0,53000,51000,2000,0,0,0,2000,0,0,0,53000,51000,2000,2000
057938,台表科群益98購02,0,0,0,0,0,0,0,0,0,2000,0,0,0,4000,2000,2000,2000
058322,玉晶光永豐99購02,0,0,0,0,0,0,0,0,0,2000,0,0,0,2000,0,2000,2000
059501,可成元富99購01  ,0,0,0,0,0,0,0,0,0,2000,0,0,0,2000,0,2000,2000
058047,可成元大98購11  ,0,0,0,0,0,0,0,0,0,2000,0,0,0,12000,10000,2000,2000
059569,旺宏凱基99購09  ,0,0,0,0,0,0,0,0,0,2000,0,0,0,2000,0,2000,2000
059574,台表科凱基99購02,0,0,0,0,0,0,0,0,0,2000,0,0,0,15000,13000,2000,2000
059575,臺股指凱基99購41,0,0,0,0,0,0,0,0,0,2000,0,0,0,2000,0,2000,2000
058904,晶技元大99購05  ,0,0,0,0,0,0,0,0,0,2000,0,0,0,4000,2000,2000,2000
059426,鴻海元大99購31  ,0,0,0,0,0,0,0,0,0,2000,0,0,0,2000,0,2000,2000
057143,台郡兆豐98購01  ,0,0,0,0,0,0,0,0,0,2000,0,0,0,2000,0,2000,2000
05721P,全新群益98售02  ,0,0,0,0,0,0,0,0,0,2000,0,0,0,2000,0,2000,2000
057194,南電元大98購01  ,0,0,0,0,0,0,0,0,0,2000,0,0,0,11000,9000,2000,2000
05600P,玉晶光台新96售04,0,0,0,0,0,0,0,0,0,2000,0,0,0,2000,0,2000,2000
058218,緯穎群益99購01  ,0,0,0,0,0,0,0,0,0,2000,0,0,0,2000,0,2000,2000
058230,國巨元大99購11  ,0,0,0,0,0,0,0,0,0,2000,0,0,0,2000,0,2000,2000
056872,旺宏凱基98購08  ,0,0,0,0,0,0,0,0,0,2000,0,0,0,2000,0,2000,2000
05693P,滬深2X凱基98售02,0,0,0,0,0,0,0,0,0,2000,0,0,0,5000,3000,2000,2000
2506,太設            ,2000,0,2000,0,0,0,0,0,0,0,0,0,0,0,0,0,2000
8374,羅昇            ,5000,3000,2000,0,0,0,0,0,0,0,0,0,0,0,0,0,2000
8478,東哥遊艇        ,4000,2000,2000,0,0,0,0,0,0,0,0,0,0,0,0,0,2000
9906,欣巴巴          ,2000,0,2000,0,0,0,0,0,0,0,0,0,0,0,0,0,2000
4989,榮科            ,12000,10000,2000,0,0,0,0,0,0,0,0,0,0,0,0,0,2000
8046,南電            ,1722000,2202000,-480000,0,0,0,622435,0,622435,-141000,97000,373000,-276000,151000,16000,135000,1435
060727,高股息中信9C購02,0,0,0,0,0,0,0,0,0,1000,0,0,0,1000,0,1000,1000
060751,高股息元大9B購01,0,0,0,0,0,0,0,0,0,1000,0,0,0,1000,0,1000,1000
060941,台積電國票9B購04,0,0,0,0,0,0,0,0,0,1000,0,0,0,1000,0,1000,1000
060923,全新永豐9A購01  ,0,0,0,0,0,0,0,0,0,1000,0,0,0,1000,0,1000,1000
06084P,宏達電元富97售02,0,0,0,0,0,0,0,0,0,1000,0,0,0,1000,0,1000,1000
06115P,台積電統一97售04,0,0,0,0,0,0,0,0,0,1000,0,0,0,1000,0,1000,1000
061192,奇鋐永豐9A購01  ,0,0,0,0,0,0,0,0,0,1000,0,0,0,1000,0,1000,1000
06130P,玉晶光元富97售07,0,0,0,0,0,0,0,0,0,1000,0,0,0,1000,0,1000,1000
06204P,鴻海群益97售04  ,0,0,0,0,0,0,0,0,0,1000,0,0,0,1000,0,1000,1000
060338,鴻海統一9C購02  ,0,0,0,0,0,0,0,0,0,1000,0,0,0,1000,0,1000,1000
06036P,台表科凱基96售04,0,0,0,0,0,0,0,0,0,1000,0,0,0,1000,0,1000,1000
060391,華擎群益9C購01  ,0,0,0,0,0,0,0,0,0,1000,0,0,0,1000,0,1000,1000
060516,臺股指元大9B購13,0,0,0,0,0,0,0,0,0,1000,0,0,0,1000,0,1000,1000
06062P,宏達電元富97售01,0,0,0,0,0,0,0,0,0,1000,0,0,0,1000,0,1000,1000
060637,玉晶光永豐9A購03,0,0,0,0,0,0,0,0,0,1000,0,0,0,7000,6000,1000,1000
2024,志聯            ,1000,0,1000,0,0,0,0,0,0,0,0,0,0,0,0,0,1000
2114,鑫永銓          ,19000,18000,1000,0,0,0,0,0,0,0,0,0,0,0,0,0,1000
2243,宏旭-KY         ,1000,0,1000,0,0,0,0,0,0,0,0,0,0,0,0,0,1000
2443,億麗            ,1000,0,1000,0,0,0,0,0,0,0,0,0,0,0,0,0,1000
1711,永光            ,63000,62000,1000,0,0,0,0,0,0,0,0,0,0,0,0,0,1000
1423,利華            ,1000,0,1000,0,0,0,0,0,0,0,0,0,0,0,0,0,1000
1503,士電            ,10000,9000,1000,0,0,0,0,0,0,0,0,0,0,0,0,0,1000
1521,大億            ,2000,1000,1000,0,0,0,0,0,0,0,0,0,0,0,0,0,1000
1533,車王電          ,5000,4000,1000,0,0,0,0,0,0,0,0,0,0,0,0,0,1000
1535,中宇            ,2000,1000,1000,0,0,0,0,0,0,0,0,0,0,0,0,0,1000
07551P,國巨元大9A售10  ,0,0,0,0,0,0,0,0,0,1000,0,0,0,61000,60000,1000,1000
07572P,台灣50元大9A售15,0,0,0,0,0,0,0,0,0,1000,0,0,0,1000,0,1000,1000
07577P,華新科元大9A售09,0,0,0,0,0,0,0,0,0,1000,0,0,0,87000,86000,1000,1000
07440P,臺股指麥證9B售02,0,0,0,1000,0,1000,0,0,0,1000,0,0,0,1000,0,1000,1000
07444P,聯發科凱基9A售10,0,0,0,0,0,0,0,0,0,1000,0,0,0,21000,20000,1000,1000
07475P,A50正2群益9C售02,0,0,0,0,0,0,0,0,0,1000,0,0,0,1000,0,1000,1000
07662P,台積電兆豐9A售03,0,0,0,0,0,0,0,0,0,1000,0,0,0,18000,17000,1000,1000
1312A,國喬特          ,0,0,0,0,0,0,0,0,0,1000,2000,1000,1000,0,0,0,1000
07697P,臺股指元大9A售50,0,0,0,0,0,0,0,0,0,1000,0,0,0,1000,0,1000,1000
07199P,臺股指元大99售15,0,0,0,0,0,0,0,0,0,1000,0,0,0,1000,0,1000,1000
07185P,臺股指統一9C售01,0,0,0,0,0,0,0,0,0,1000,0,0,0,1000,0,1000,1000
07050P,宏達電中信9B售01,0,0,0,0,0,0,0,0,0,1000,0,0,0,16000,15000,1000,1000
07062P,台積電元大99售15,0,0,0,0,0,0,0,0,0,1000,0,0,0,1000,0,1000,1000
07118P,台積電凱基99售09,0,0,0,0,0,0,0,0,0,1000,0,0,0,208000,207000,1000,1000
06973P,臺股指元大9A售11,0,0,0,0,0,0,0,0,0,1000,0,0,0,1000,0,1000,1000
07375P,台積電元大99售48,0,0,0,0,0,0,0,0,0,1000,0,0,0,1000,0,1000,1000
06790P,台積電凱基9A售04,0,0,0,0,0,0,0,0,0,1000,0,0,0,11000,10000,1000,1000
06660P,大立光富邦9B售03,0,0,0,0,0,0,0,0,0,1000,0,0,0,2000,1000,1000,1000
06786P,臺股指元大98售03,0,0,0,0,0,0,0,0,0,1000,0,0,0,1000,0,1000,1000
06509P,鴻海群益98售03  ,0,0,0,0,0,0,0,0,0,1000,0,0,0,1000,0,1000,1000
06572P,台積電永昌99售01,0,0,0,0,0,0,0,0,0,1000,0,0,0,1000,0,1000,1000
06622P,牧德元大98售01  ,0,0,0,0,0,0,0,0,0,1000,0,0,0,28000,27000,1000,1000
06618P,智邦元大98售04  ,0,0,0,0,0,0,0,0,0,1000,0,0,0,1000,0,1000,1000
06422P,勤誠統一98售01  ,0,0,0,0,0,0,0,0,0,1000,0,0,0,1000,0,1000,1000
06399P,台表科凱基97售05,0,0,0,0,0,0,0,0,0,1000,0,0,0,1000,0,1000,1000
06483P,聯發科凱基98售10,0,0,0,0,0,0,0,0,0,1000,0,0,0,1000,0,1000,1000
06275P,臺股指凱基97售07,0,0,0,0,0,0,0,0,0,1000,0,0,0,1000,0,1000,1000
04910P,台積電統一94售12,0,0,0,0,0,0,0,0,0,1000,0,0,0,1000,0,1000,1000
049298,矽格群益95購01  ,0,0,0,0,0,0,0,0,0,1000,0,0,0,1000,0,1000,1000
04964P,鴻海元大94售26  ,0,0,0,0,0,0,0,0,0,1000,0,0,0,121000,120000,1000,1000
052421,元油反國票9B購01,0,0,0,0,0,0,0,0,0,1000,0,0,0,1000,0,1000,1000
03676C,臺股指元大04牛03,0,0,0,0,0,0,0,0,0,1000,0,0,0,1000,0,1000,1000
03896P,長榮航凱基95售01,0,0,0,0,0,0,0,0,0,1000,0,0,0,1000,0,1000,1000
04126P,滬深2X國票95售02,0,0,0,0,0,0,0,0,0,1000,0,0,0,1000,0,1000,1000
03763P,聯發科元富96售01,0,0,0,0,0,0,0,0,0,1000,0,0,0,1000,0,1000,1000
03431B,元油2X凱基9B熊03,0,0,0,0,0,0,0,0,0,1000,0,0,0,1000,0,1000,1000
051666,旺宏元大96購05  ,0,0,0,0,0,0,0,0,0,1000,0,0,0,1000,0,1000,1000
051672,玉晶光元大96購03,0,0,0,0,0,0,0,0,0,1000,0,0,0,1000,0,1000,1000
00742,新光內需收益    ,0,0,0,0,0,0,0,0,0,1000,0,0,0,102000,101000,1000,1000
006203,元大MSCI台灣    ,0,0,0,0,0,0,0,0,0,1000,0,0,0,1000,0,1000,1000
03416B,臺股指凱基95熊05,0,0,0,0,0,0,0,0,0,1000,0,0,0,1000,0,1000,1000
03420B,臺股指元大95熊31,0,0,0,0,0,0,0,0,0,1000,0,0,0,1000,0,1000,1000
04249P,大立光統一94售04,0,0,0,0,0,0,0,0,0,1000,0,0,0,1000,0,1000,1000
042692,台灣50凱基96購09,0,0,0,0,0,0,0,0,0,1000,0,0,0,1000,0,1000,1000
04906P,欣興國票95售01  ,0,0,0,0,0,0,0,0,0,1000,0,0,0,1000,0,1000,1000
048850,聯電群益96購01  ,0,0,0,0,0,0,0,0,0,1000,0,0,0,11000,10000,1000,1000
04727P,臺股指凱基96售03,0,0,0,0,0,0,0,0,0,1000,0,0,0,1000,0,1000,1000
04590P,元石油元大97售01,0,0,0,0,0,0,0,0,0,1000,0,0,0,1000,0,1000,1000
04322P,可成元大94售01  ,0,0,0,0,0,0,0,0,0,1000,0,0,0,1000,0,1000,1000
05016P,臺股指元大95售07,0,0,0,0,0,0,0,0,0,1000,0,0,0,1000,0,1000,1000
04983P,臺股指康和94售03,0,0,0,0,0,0,0,0,0,1000,0,0,0,1000,0,1000,1000
05075P,台積電麥證95售01,0,0,0,1000,0,1000,0,0,0,1000,0,0,0,1000,0,1000,1000
050588,矽創國票95購01  ,0,0,0,0,0,0,0,0,0,1000,0,0,0,1000,0,1000,1000
051749,矽力國泰97購01  ,0,0,0,0,0,0,0,0,0,1000,0,0,0,1000,0,1000,1000
051863,技嘉凱基95購01  ,0,0,0,0,0,0,0,0,0,1000,0,0,0,1000,0,1000,1000
05221P,玉晶光元大95售04,0,0,0,0,0,0,0,0,0,1000,0,0,0,1000,0,1000,1000
052124,京鼎國票95購01  ,0,0,0,0,0,0,0,0,0,1000,0,0,0,1000,0,1000,1000
052189,玉晶光群益96購06,0,0,0,0,0,0,0,0,0,1000,0,0,0,1000,0,1000,1000
051067,台積電國票96購03,0,0,0,0,0,0,0,0,0,1000,0,0,0,1000,0,1000,1000
050957,T50反1台新05購01,0,0,0,0,0,0,0,0,0,1000,0,0,0,1000,0,1000,1000
055798,聯茂富邦98購01  ,0,0,0,0,0,0,0,0,0,1000,0,0,0,8000,7000,1000,1000
055815,亞光國票99購01  ,0,0,0,0,0,0,0,0,0,1000,0,0,0,1000,0,1000,1000
05583P,訊芯凱基96售01  ,0,0,0,0,0,0,0,0,0,1000,0,0,0,64000,63000,1000,1000
055892,國巨統一99購01  ,0,0,0,0,0,0,0,0,0,1000,0,0,0,1000,0,1000,1000
054525,奇鋐元富96購01  ,0,0,0,0,0,0,0,0,0,1000,0,0,0,1000,0,1000,1000
054660,禾伸堂元大97購03,0,0,0,0,0,0,0,0,0,1000,0,0,0,1000,0,1000,1000
052990,超眾元大97購01  ,0,0,0,0,0,0,0,0,0,1000,0,0,0,4000,3000,1000,1000
05301P,矽力元大95售02  ,0,0,0,0,0,0,0,0,0,1000,0,0,0,1000,0,1000,1000
054799,超眾群益98購01  ,0,0,0,0,0,0,0,0,0,1000,0,0,0,1000,0,1000,1000
054844,華邦電兆豐98購01,0,0,0,0,0,0,0,0,0,1000,0,0,0,1000,0,1000,1000
054037,T50反1元大96購09,0,0,0,0,0,0,0,0,0,1000,0,0,0,1000,0,1000,1000
055048,台積電永豐97購04,0,0,0,0,0,0,0,0,0,1000,0,0,0,1000,0,1000,1000
053922,亞光國票96購01  ,0,0,0,0,0,0,0,0,0,1000,0,0,0,6000,5000,1000,1000
05382P,電子類群益95售02,0,0,0,0,0,0,0,0,0,1000,0,0,0,1000,0,1000,1000
05396P,台郡元大95售05  ,0,0,0,0,0,0,0,0,0,1000,0,0,0,1000,0,1000,1000
053998,泰鼎群益98購01  ,0,0,0,0,0,0,0,0,0,1000,0,0,0,1000,0,1000,1000
053250,百和國票97購02  ,0,0,0,0,0,0,0,0,0,1000,0,0,0,1000,0,1000,1000
053358,晶技統一98購01  ,0,0,0,0,0,0,0,0,0,1000,0,0,0,4000,3000,1000,1000
053399,創意中信96購01  ,0,0,0,0,0,0,0,0,0,1000,0,0,0,1000,0,1000,1000
053504,祥碩兆豐96購01  ,0,0,0,0,0,0,0,0,0,1000,0,0,0,14000,13000,1000,1000
053759,晶相光國泰98購01,0,0,0,0,0,0,0,0,0,1000,0,0,0,3000,2000,1000,1000
055690,矽力凱基97購02  ,0,0,0,0,0,0,0,0,0,1000,0,0,0,1000,0,1000,1000
058861,國巨凱基9A購08  ,0,0,0,0,0,0,0,0,0,1000,0,0,0,1000,0,1000,1000
055215,智邦凱基98購02  ,0,0,0,0,0,0,0,0,0,1000,0,0,0,1000,0,1000,1000
059173,矽力凱基99購01  ,0,0,0,0,0,0,0,0,0,1000,0,0,0,1000,0,1000,1000
059219,旺宏元大99購12  ,0,0,0,0,0,0,0,0,0,1000,0,0,0,40000,39000,1000,1000
059467,旺宏元大99購15  ,0,0,0,0,0,0,0,0,0,1000,0,0,0,16000,15000,1000,1000
059120,致伸永豐99購01  ,0,0,0,0,0,0,0,0,0,1000,0,0,0,1000,0,1000,1000
059229,臺股指元大99購22,0,0,0,0,0,0,0,0,0,1000,0,0,0,2000,1000,1000,1000
059317,台積電元大99購34,0,0,0,0,0,0,0,0,0,1000,0,0,0,3000,2000,1000,1000
059341,台積電凱基99購15,0,0,0,0,0,0,0,0,0,1000,0,0,0,2000,1000,1000,1000
059344,長榮航凱基99購01,0,0,0,0,0,0,0,0,0,1000,0,0,0,1000,0,1000,1000
056924,亞光兆豐98購01  ,0,0,0,0,0,0,0,0,0,1000,0,0,0,1000,0,1000,1000
056951,牧德統一99購01  ,0,0,0,0,0,0,0,0,0,1000,0,0,0,1000,0,1000,1000
05680P,聯發科元大96售12,0,0,0,0,0,0,0,0,0,1000,0,0,0,1000,0,1000,1000
058214,世芯群益9A購01  ,0,0,0,0,0,0,0,0,0,1000,0,0,0,24000,23000,1000,1000
055930,可成群益98購01  ,0,0,0,0,0,0,0,0,0,1000,0,0,0,1000,0,1000,1000
055995,華擎國泰99購01  ,0,0,0,0,0,0,0,0,0,1000,0,0,0,1000,0,1000,1000
057226,上銀凱基98購06  ,0,0,0,0,0,0,0,0,0,1000,0,0,0,1000,0,1000,1000
05808P,臺股指國票96售01,0,0,0,0,0,0,0,0,0,1000,0,0,0,1000,0,1000,1000
058940,聯發科中信9A購03,0,0,0,0,0,0,0,0,0,1000,0,0,0,1000,0,1000,1000
05954P,旺宏國票97售03  ,0,0,0,0,0,0,0,0,0,1000,0,0,0,1000,0,1000,1000
058019,美律凱基99購04  ,0,0,0,0,0,0,0,0,0,1000,0,0,0,1000,0,1000,1000
057975,台積電永豐98購05,0,0,0,0,0,0,0,0,0,1000,0,0,0,2000,1000,1000,1000
057691,健策凱基99購01  ,0,0,0,0,0,0,0,0,0,1000,0,0,0,10000,9000,1000,1000
05605P,嘉聯益元大97售02,0,0,0,0,0,0,0,0,0,1000,0,0,0,1000,0,1000,1000
056032,勤誠康和97購03  ,0,0,0,0,0,0,0,0,0,1000,0,0,0,1000,0,1000,1000
05949P,台積電國票96售09,0,0,0,0,0,0,0,0,0,1000,0,0,0,1000,0,1000,1000
057323,智邦群益98購01  ,0,0,0,0,0,0,0,0,0,1000,0,0,0,1000,0,1000,1000
057301,嘉聯益永豐98購02,0,0,0,0,0,0,0,0,0,1000,0,0,0,10000,9000,1000,1000
057289,力成元大98購03  ,0,0,0,0,0,0,0,0,0,1000,0,0,0,228000,227000,1000,1000
057363,華通元大99購02  ,0,0,0,0,0,0,0,0,0,1000,0,0,0,64000,63000,1000,1000
057428,正崴兆豐98購01  ,0,0,0,0,0,0,0,0,0,1000,0,0,0,2000,1000,1000,1000
057634,道瓊反元大99購01,0,0,0,0,0,0,0,0,0,1000,0,0,0,1000,0,1000,1000
05996P,華新科群益96售03,0,0,0,0,0,0,0,0,0,1000,0,0,0,1000,0,1000,1000
060003,上証2X群益9B購02,0,0,0,0,0,0,0,0,0,1000,0,0,0,1000,0,1000,1000
059833,緯穎康和99購01  ,0,0,0,0,0,0,0,0,0,1000,0,0,0,1000,0,1000,1000
059823,奇力新凱基99購07,0,0,0,0,0,0,0,0,0,1000,0,0,0,10000,9000,1000,1000
057624,新日興國泰99購01,0,0,0,0,0,0,0,0,0,1000,0,0,0,1000,0,1000,1000
059732,超眾元大9A購01  ,0,0,0,0,0,0,0,0,0,1000,0,0,0,36000,35000,1000,1000
059733,緯穎元大99購08  ,0,0,0,0,0,0,0,0,0,1000,0,0,0,24000,23000,1000,1000
05656P,台表科統一96售01,0,0,0,0,0,0,0,0,0,1000,0,0,0,9000,8000,1000,1000
057577,廣宇中信9A購01  ,0,0,0,0,0,0,0,0,0,1000,0,0,0,1000,0,1000,1000
057466,泰鼎永豐98購01  ,0,0,0,0,0,0,0,0,0,1000,0,0,0,1000,0,1000,1000
056477,欣興元大98購02  ,0,0,0,0,0,0,0,0,0,1000,0,0,0,9000,8000,1000,1000
056219,T50反1日盛02購01,0,0,0,0,0,0,0,0,0,1000,0,0,0,1000,0,1000,1000
056187,京鼎統一97購01  ,0,0,0,0,0,0,0,0,0,1000,0,0,0,1000,0,1000,1000
059058,可成凱基9B購01  ,0,0,0,0,0,0,0,0,0,1000,0,0,0,7000,6000,1000,1000
059064,緯穎凱基99購02  ,0,0,0,0,0,0,0,0,0,1000,0,0,0,21000,20000,1000,1000
05902P,華通國票96售02  ,0,0,0,0,0,0,0,0,0,1000,0,0,0,1000,0,1000,1000
056264,聯發科統一98購02,0,0,0,0,0,0,0,0,0,1000,0,0,0,1000,0,1000,1000
056647,晶技凱基98購02  ,0,0,0,0,0,0,0,0,0,1000,0,0,0,1000,0,1000,1000
056428,台達電凱基99購01,0,0,0,0,0,0,0,0,0,1000,0,0,0,11000,10000,1000,1000
056469,國巨元大99購01  ,0,0,0,0,0,0,0,0,0,1000,0,0,0,1000,0,1000,1000
059007,南電元大99購05  ,0,0,0,0,0,0,0,0,0,1000,0,0,0,2000,1000,1000,1000
058455,玉晶光永豐99購03,0,0,0,0,0,0,0,0,0,1000,0,0,0,6000,5000,1000,1000
058972,新日興永豐9A購01,0,0,0,0,0,0,0,0,0,1000,0,0,0,1000,0,1000,1000
058985,可成凱基99購03  ,0,0,0,0,0,0,0,0,0,1000,0,0,0,20000,19000,1000,1000
058545,義隆富邦9C購01  ,0,0,0,0,0,0,0,0,0,1000,0,0,0,6000,5000,1000,1000
058740,T50反1日盛9B購02,0,0,0,0,0,0,0,0,0,1000,0,0,0,1000,0,1000,1000
058701,鴻海元大99購16  ,0,0,0,0,0,0,0,0,0,1000,0,0,0,8000,7000,1000,1000
6581,鋼聯            ,1000,0,1000,0,0,0,0,0,0,0,0,0,0,0,0,0,1000
8497,格威傳媒        ,2000,1000,1000,0,0,0,0,0,0,0,0,0,0,0,0,0,1000
9941A,裕融甲特        ,0,0,0,0,0,0,0,0,0,1000,1000,0,1000,0,0,0,1000
5484,慧友            ,0,0,0,0,0,0,0,0,0,1000,1000,0,1000,0,0,0,1000
5515,建國            ,64000,63000,1000,0,0,0,0,0,0,0,0,0,0,0,0,0,1000
6115,鎰勝            ,7000,6000,1000,0,0,0,0,0,0,0,0,0,0,0,0,0,1000
6205,詮欣            ,1000,0,1000,0,0,0,0,0,0,0,0,0,0,0,0,0,1000
2460,建通            ,0,0,0,0,0,0,0,0,0,1000,1000,0,1000,0,0,0,1000
2891C,中信金丙特      ,0,0,0,0,0,0,0,0,0,1000,1000,0,1000,0,0,0,1000
06308P,國巨元富97售06  ,0,0,0,0,0,0,0,0,0,0,0,0,0,10000,10000,0,0
06296P,燿華元大98售01  ,0,0,0,0,0,0,0,0,0,0,0,0,0,59000,59000,0,0
06427P,鴻海元大97售13  ,0,0,0,0,0,0,0,0,0,0,0,0,0,47000,47000,0,0
06620P,聯發科元大98售07,0,0,0,0,0,0,0,0,0,0,0,0,0,10000,10000,0,0
06630P,國巨群益98售08  ,0,0,0,0,0,0,0,0,0,0,0,0,0,25000,25000,0,0
06637P,大立光凱基98售15,0,0,0,0,0,0,0,0,0,0,0,0,0,30000,30000,0,0
06567P,鴻海永豐98售02  ,0,0,0,0,0,0,0,0,0,0,0,0,0,20000,20000,0,0
06543P,鴻海元大98售08  ,0,0,0,0,0,0,0,0,0,0,0,0,0,15000,15000,0,0
06741P,台積電富邦98售04,0,0,0,0,0,0,0,0,0,0,0,0,0,40000,40000,0,0
06702P,智邦元富98售01  ,0,0,0,0,0,0,0,0,0,0,0,0,0,381000,381000,0,0
06683P,訊芯元大98售07  ,0,0,0,0,0,0,0,0,0,0,0,0,0,50000,50000,0,0
06841P,臺股指統一9A售02,0,0,0,0,0,0,0,0,0,0,0,0,0,10000,10000,0,0
06945P,國巨群益99售04  ,0,0,0,0,0,0,0,0,0,0,0,0,0,100000,100000,0,0
07367P,鴻海凱基99售17  ,0,0,0,0,0,0,0,0,0,0,0,0,0,99000,99000,0,0
07398P,鴻海凱基99售18  ,0,0,0,0,0,0,0,0,0,0,0,0,0,10000,10000,0,0
07387P,臺股指群益99售25,0,0,0,0,0,0,0,0,0,0,0,0,0,24000,24000,0,0
07323P,鴻海元大99售34  ,0,0,0,0,0,0,0,0,0,0,0,0,0,15000,15000,0,0
07318P,鴻海凱基01售02  ,0,0,0,0,0,0,0,0,0,0,0,0,0,99000,99000,0,0
07042P,T50反1元大9C售02,0,0,0,0,0,0,0,0,0,0,0,0,0,80000,80000,0,0
07223P,鴻海元大99售29  ,0,0,0,0,0,0,0,0,0,0,0,0,0,110000,110000,0,0
07133P,臺股指元大9A售27,0,0,0,0,0,0,0,0,0,0,0,0,0,25000,25000,0,0
07169P,臺股指國票99售06,0,0,0,0,0,0,0,0,0,0,0,0,0,9000,9000,0,0
07654P,台灣50凱基01售08,0,0,0,0,0,0,0,0,0,0,0,0,0,100000,100000,0,0
07489P,國巨國票9A售07  ,0,0,0,0,0,0,0,0,0,0,0,0,0,20000,20000,0,0
07507P,國巨國票9B售02  ,0,0,0,0,0,0,0,0,0,0,0,0,0,20000,20000,0,0
07443P,鴻海凱基9A售18  ,0,0,0,0,0,0,0,0,0,0,0,0,0,10000,10000,0,0
07540P,鴻海凱基9A售21  ,0,0,0,0,0,0,0,0,0,0,0,0,0,10000,10000,0,0
1568,倉佑            ,1000,1000,0,0,0,0,0,0,0,0,0,0,0,0,0,0,0
060593,華通麥證9A購01  ,0,0,0,1000,1000,0,0,0,0,0,0,0,0,1000,1000,0,0
060512,祥碩元大9A購02  ,0,0,0,0,0,0,0,0,0,0,0,0,0,3000,3000,0,0
060590,台積電台新9C購02,0,0,0,0,0,0,0,0,0,0,0,0,0,1000,1000,0,0
060400,南電國票9A購03  ,0,0,0,0,0,0,0,0,0,0,0,0,0,40000,40000,0,0
060438,台灣50元大9A購11,0,0,0,0,0,0,0,0,0,0,0,0,0,1000,1000,0,0
060314,元翎永豐9A購01  ,0,0,0,0,0,0,0,0,0,0,0,0,0,30000,30000,0,0
060315,易華電永豐9A購01,0,0,0,0,0,0,0,0,0,0,0,0,0,5000,5000,0,0
060271,台灣50元大9C購23,0,0,0,0,0,0,0,0,0,0,0,0,0,1000,1000,0,0
060224,台灣50元大9A購09,0,0,0,0,0,0,0,0,0,0,0,0,0,1000,1000,0,0
060050,鴻海凱基9B購01  ,0,0,0,0,0,0,0,0,0,0,0,0,0,10000,10000,0,0
060038,台積電國票99購13,0,0,0,0,0,0,0,0,0,0,0,0,0,2000,2000,0,0
06005P,晶豪科永豐96售04,0,0,0,0,0,0,0,0,0,0,0,0,0,10000,10000,0,0
060080,台灣50元大02購01,0,0,0,0,0,0,0,0,0,0,0,0,0,61000,61000,0,0
06014P,聯發科富邦97售02,0,0,0,0,0,0,0,0,0,0,0,0,0,100000,100000,0,0
060113,祥碩元大9B購01  ,0,0,0,0,0,0,0,0,0,0,0,0,0,71000,71000,0,0
060159,健和興永豐9A購01,0,0,0,0,0,0,0,0,0,0,0,0,0,10000,10000,0,0
06211P,鴻海元大98售04  ,0,0,0,0,0,0,0,0,0,0,0,0,0,95000,95000,0,0
06197P,國巨元大97售08  ,0,0,0,0,0,0,0,0,0,0,0,0,0,153000,153000,0,0
061186,牧德國泰9C購01  ,0,0,0,0,0,0,0,0,0,0,0,0,0,16000,16000,0,0
061174,鴻海凱基9A購23  ,0,0,0,0,0,0,0,0,0,0,0,0,0,7000,7000,0,0
061215,健策元大9A購06  ,0,0,0,0,0,0,0,0,0,0,0,0,0,13000,13000,0,0
06109P,華新科群益97售05,0,0,0,0,0,0,0,0,0,0,0,0,0,100000,100000,0,0
061092,可成統一9C購02  ,0,0,0,0,0,0,0,0,0,0,0,0,0,1000,1000,0,0
060835,亞德客國票9A購01,0,0,0,0,0,0,0,0,0,0,0,0,0,1000,1000,0,0
060838,華通國票9A購05  ,0,0,0,0,0,0,0,0,0,0,0,0,0,10000,10000,0,0
060961,台光電凱基9A購03,0,0,0,0,0,0,0,0,0,0,0,0,0,9000,9000,0,0
060792,信錦永豐9A購01  ,0,0,0,0,0,0,0,0,0,0,0,0,0,10000,10000,0,0
060679,聯詠元大9A購04  ,0,0,0,0,0,0,0,0,0,0,0,0,0,68000,68000,0,0
059331,台灣50國票9A購06,0,0,0,0,0,0,0,0,0,0,0,0,0,26000,26000,0,0
059246,奇力新凱基9A購02,0,0,0,0,0,0,0,0,0,0,0,0,0,10000,10000,0,0
059272,台灣50元大99購01,0,0,0,0,0,0,0,0,0,0,0,0,0,5000,5000,0,0
059121,瑞儀永豐99購01  ,0,0,0,0,0,0,0,0,0,0,0,0,0,10000,10000,0,0
059109,台積電富邦9C購03,0,0,0,0,0,0,0,0,0,0,0,0,0,35000,35000,0,0
059102,聯鈞元富99購01  ,0,0,0,0,0,0,0,0,0,0,0,0,0,20000,20000,0,0
055122,國巨兆豐98購01  ,0,0,0,0,0,0,0,0,0,0,0,0,0,10000,10000,0,0
055331,國巨兆豐99購01  ,0,0,0,0,0,0,0,0,0,0,0,0,0,268000,268000,0,0
055349,京元電凱基97購02,0,0,0,0,0,0,0,0,0,0,0,0,0,20000,20000,0,0
05541P,鴻海統一96售08  ,0,0,0,0,0,0,0,0,0,0,0,0,0,62000,62000,0,0
055407,祥碩國泰98購01  ,0,0,0,0,0,0,0,0,0,0,0,0,0,62000,62000,0,0
055271,鴻海元大98購03  ,0,0,0,0,0,0,0,0,0,0,0,0,0,7000,7000,0,0
055272,國巨元大98購04  ,0,0,0,0,0,0,0,0,0,0,0,0,0,25000,25000,0,0
055747,康舒元富97購01  ,0,0,0,0,0,0,0,0,0,0,0,0,0,20000,20000,0,0
055695,大毅國票98購03  ,0,0,0,0,0,0,0,0,0,0,0,0,0,1000,1000,0,0
055665,亞德客群益97購01,0,0,0,0,0,0,0,0,0,0,0,0,0,1000,1000,0,0
055538,鴻海日盛97購04  ,0,0,0,0,0,0,0,0,0,0,0,0,0,10000,10000,0,0
05377P,鴻海凱基95售18  ,0,0,0,0,0,0,0,0,0,0,0,0,0,10000,10000,0,0
053427,鎧勝永豐96購02  ,0,0,0,0,0,0,0,0,0,0,0,0,0,10000,10000,0,0
053406,國巨兆豐96購02  ,0,0,0,0,0,0,0,0,0,0,0,0,0,20000,20000,0,0
053392,致新元大96購01  ,0,0,0,0,0,0,0,0,0,0,0,0,0,10000,10000,0,0
053278,禾伸堂元大96購01,0,0,0,0,0,0,0,0,0,0,0,0,0,10000,10000,0,0
053970,聯發科元大97購08,0,0,0,0,0,0,0,0,0,0,0,0,0,15000,15000,0,0
053844,GIS統一96購01   ,0,0,0,0,0,0,0,0,0,0,0,0,0,499000,499000,0,0
053810,台達電群益96購01,0,0,0,0,0,0,0,0,0,0,0,0,0,98000,98000,0,0
05504P,台積電凱基96售04,0,0,0,0,0,0,0,0,0,0,0,0,0,600000,600000,0,0
054040,中石化元大9C購01,0,0,0,0,0,0,0,0,0,0,0,0,0,1000,1000,0,0
054053,聯茂元大96購01  ,0,0,0,0,0,0,0,0,0,0,0,0,0,50000,50000,0,0
054782,國巨群益97購01  ,0,0,0,0,0,0,0,0,0,0,0,0,0,50000,50000,0,0
05481P,鴻海凱基95售21  ,0,0,0,0,0,0,0,0,0,0,0,0,0,15000,15000,0,0
054823,祥碩元大97購02  ,0,0,0,0,0,0,0,0,0,0,0,0,0,10000,10000,0,0
05474P,智邦亞東95售01  ,0,0,0,0,0,0,0,0,0,0,0,0,0,82000,82000,0,0
054882,台光電統一97購02,0,0,0,0,0,0,0,0,0,0,0,0,0,48000,48000,0,0
052969,建準群益97購01  ,0,0,0,0,0,0,0,0,0,0,0,0,0,20000,20000,0,0
053057,聯電國泰97購02  ,0,0,0,0,0,0,0,0,0,0,0,0,0,241000,241000,0,0
053064,國巨群益96購04  ,0,0,0,0,0,0,0,0,0,0,0,0,0,5000,5000,0,0
052963,智邦凱基96購02  ,0,0,0,0,0,0,0,0,0,0,0,0,0,2000,2000,0,0
05466P,旺宏富邦97售01  ,0,0,0,0,0,0,0,0,0,0,0,0,0,5000,5000,0,0
054711,禾伸堂元富97購01,0,0,0,0,0,0,0,0,0,0,0,0,0,10000,10000,0,0
054578,世芯元大99購01  ,0,0,0,0,0,0,0,0,0,0,0,0,0,10000,10000,0,0
054519,禾伸堂元大97購02,0,0,0,0,0,0,0,0,0,0,0,0,0,10000,10000,0,0
054558,劍麟群益99購01  ,0,0,0,0,0,0,0,0,0,0,0,0,0,205000,205000,0,0
054547,鴻海凱基98購02  ,0,0,0,0,0,0,0,0,0,0,0,0,0,1000,1000,0,0
054235,欣興群益96購06  ,0,0,0,0,0,0,0,0,0,0,0,0,0,51000,51000,0,0
054169,上緯控凱基98購01,0,0,0,0,0,0,0,0,0,0,0,0,0,1000,1000,0,0
050931,上証2X國票95購03,0,0,0,0,0,0,0,0,0,0,0,0,0,60000,60000,0,0
05219P,鴻海元大95售17  ,0,0,0,0,0,0,0,0,0,0,0,0,0,10000,10000,0,0
051918,聯茂元大95購01  ,0,0,0,0,0,0,0,0,0,0,0,0,0,24000,24000,0,0
051831,緯穎元大96購04  ,0,0,0,0,0,0,0,0,0,0,0,0,0,25000,25000,0,0
051784,國巨兆豐95購01  ,0,0,0,0,0,0,0,0,0,0,0,0,0,10000,10000,0,0
051969,世紀鋼永豐95購01,0,0,0,0,0,0,0,0,0,0,0,0,0,10000,10000,0,0
050515,聯電元大96購01  ,0,0,0,0,0,0,0,0,0,0,0,0,0,10000,10000,0,0
050760,矽力元富94購03  ,0,0,0,0,0,0,0,0,0,0,0,0,0,1000,1000,0,0
051399,玉晶光台新96購01,0,0,0,0,0,0,0,0,0,0,0,0,0,110000,110000,0,0
05133P,臺股指日盛95售01,0,0,0,0,0,0,0,0,0,0,0,0,0,60000,60000,0,0
05135P,鴻海凱基96售07  ,0,0,0,0,0,0,0,0,0,0,0,0,0,420000,420000,0,0
052389,聯發科群益95購05,0,0,0,0,0,0,0,0,0,0,0,0,0,10000,10000,0,0
052409,國巨亞東95購01  ,0,0,0,0,0,0,0,0,0,0,0,0,0,10000,10000,0,0
04995P,台達電凱基96售03,0,0,0,0,0,0,0,0,0,0,0,0,0,10000,10000,0,0
050183,奇鋐元大96購01  ,0,0,0,0,0,0,0,0,0,0,0,0,0,20000,20000,0,0
050380,台積電亞東94購02,0,0,0,0,0,0,0,0,0,0,0,0,0,20000,20000,0,0
04241P,欣興國泰95售02  ,0,0,0,0,0,0,0,0,0,0,0,0,0,20000,20000,0,0
04693P,超眾群益95售01  ,0,0,0,0,0,0,0,0,0,0,0,0,0,10000,10000,0,0
047564,滬深2X國票99購01,0,0,0,0,0,0,0,0,0,0,0,0,0,80000,80000,0,0
03052X,元展49          ,0,0,0,0,0,0,0,0,0,0,0,0,0,2000,2000,0,0
048681,漢唐富邦96購01  ,0,0,0,0,0,0,0,0,0,0,0,0,0,10000,10000,0,0
048350,世紀鋼元大95購01,0,0,0,0,0,0,0,0,0,0,0,0,0,110000,110000,0,0
048272,新光金富邦98購01,0,0,0,0,0,0,0,0,0,0,0,0,0,400000,400000,0,0
00625K,富邦上証+R      ,0,0,0,0,0,0,0,0,0,0,0,0,0,50000,50000,0,0
0057,富邦摩台        ,0,0,0,0,0,0,0,0,0,0,0,0,0,20000,20000,0,0
00636K,國泰中國A50+U   ,0,0,0,0,0,0,0,0,0,0,0,0,0,100,100,0,0
00668K,國泰美國道瓊+U  ,0,0,0,0,0,0,0,0,0,0,0,0,0,100,100,0,0
00657K,國泰日經225+U   ,0,0,0,0,0,0,0,0,0,0,0,0,0,100,100,0,0
00732,國泰RMB短期報酬 ,0,0,0,0,0,0,0,0,0,0,0,0,0,100000,100000,0,0
00774B,新光中國政金綠債,0,0,0,0,0,0,0,0,0,0,0,0,0,2000,2000,0,0
00775B,新光投等債15+   ,0,0,0,0,0,0,0,0,0,0,0,0,0,2000,2000,0,0
00776,新光ICE美國權值 ,0,0,0,0,0,0,0,0,0,0,0,0,0,100000,100000,0,0
051598,瑞昱兆豐95購01  ,0,0,0,0,0,0,0,0,0,0,0,0,0,10000,10000,0,0
052667,漢唐群益96購01  ,0,0,0,0,0,0,0,0,0,0,0,0,0,50000,50000,0,0
052735,燿華富邦98購01  ,0,0,0,0,0,0,0,0,0,0,0,0,0,1000,1000,0,0
052644,聯發科永豐96購01,0,0,0,0,0,0,0,0,0,0,0,0,0,90000,90000,0,0
052537,力成富邦95購01  ,0,0,0,0,0,0,0,0,0,0,0,0,0,10000,10000,0,0
047630,元油反元大96購02,1000,0,1000,0,0,0,0,0,0,-1000,0,0,0,3000,4000,-1000,0
047905,元油反元大96購04,0,0,0,0,0,0,0,0,0,0,0,0,0,1000,1000,0,0
049690,義隆元大95購02  ,0,0,0,0,0,0,0,0,0,0,0,0,0,30000,30000,0,0
04957P,上証2X凱基96售02,0,0,0,0,0,0,0,0,0,0,0,0,0,1000,1000,0,0
049260,華新科元大96購01,0,0,0,0,0,0,0,0,0,0,0,0,0,15000,15000,0,0
049251,國巨元大95購02  ,0,0,0,0,0,0,0,0,0,0,0,0,0,96000,96000,0,0
058730,玉晶光永豐9A購01,0,0,0,0,0,0,0,0,0,0,0,0,0,5000,5000,0,0
058792,鴻海元大99購18  ,0,0,0,0,0,0,0,0,0,0,0,0,0,9000,9000,0,0
058700,鴻海元大99購15  ,0,0,0,0,0,0,0,0,0,0,0,0,0,9000,9000,0,0
05862P,大立光國泰98售01,0,0,0,0,0,0,0,0,0,0,0,0,0,20000,20000,0,0
058539,聯發科台新99購01,0,0,0,0,0,0,0,0,0,0,0,0,0,830000,830000,0,0
058572,百和凱基9A購01  ,0,0,0,0,0,0,0,0,0,0,0,0,0,7000,7000,0,0
058502,鴻海元大99購13  ,0,0,0,0,0,0,0,0,0,0,0,0,0,9000,9000,0,0
058503,鴻海元大99購14  ,0,0,0,0,0,0,0,0,0,0,0,0,0,16000,16000,0,0
058980,鴻海凱基99購06  ,0,0,0,0,0,0,0,0,0,0,0,0,0,39000,39000,0,0
05899P,臺股指凱基96售30,0,0,0,0,0,0,0,0,0,0,0,0,0,4000,4000,0,0
056435,台積電凱基98購09,0,0,0,0,0,0,0,0,0,0,0,0,0,3000,3000,0,0
056617,美律永豐98購01  ,0,0,0,0,0,0,0,0,0,0,0,0,0,50000,50000,0,0
056333,台積電日盛9B購01,0,0,0,0,0,0,0,0,0,0,0,0,0,10000,10000,0,0
056342,中工凱基98購01  ,0,0,0,0,0,0,0,0,0,0,0,0,0,10000,10000,0,0
057454,上銀國泰99購02  ,0,0,0,0,0,0,0,0,0,0,0,0,0,15000,15000,0,0
059096,百和元大99購04  ,0,0,0,0,0,0,0,0,0,0,0,0,0,7000,7000,0,0
056405,聯茂群益98購01  ,0,0,0,0,0,0,0,0,0,0,0,0,0,3000,3000,0,0
059053,鴻海凱基99購07  ,0,0,0,0,0,0,0,0,0,0,0,0,0,1000,1000,0,0
058855,台積電兆豐99購02,0,0,0,0,0,0,0,0,0,0,0,0,0,10000,10000,0,0
059515,牧德永豐99購01  ,0,0,0,0,0,0,0,0,0,0,0,0,0,42000,42000,0,0
056474,華新科元大99購05,0,0,0,0,0,0,0,0,0,0,0,0,0,120000,120000,0,0
057506,聯鈞國票99購02  ,0,0,0,0,0,0,0,0,0,0,0,0,0,86000,86000,0,0
05747P,漢唐群益96售03  ,0,0,0,0,0,0,0,0,0,0,0,0,0,7000,7000,0,0
057552,禾伸堂凱基98購05,0,0,0,0,0,0,0,0,0,0,0,0,0,10000,10000,0,0
057558,致新凱基98購01  ,0,0,0,0,0,0,0,0,0,0,0,0,0,10000,10000,0,0
056564,亞光群益98購02  ,0,0,0,0,0,0,0,0,0,0,0,0,0,2000,2000,0,0
059723,美律元大9A購02  ,0,0,0,0,0,0,0,0,0,0,0,0,0,11000,11000,0,0
059659,旺宏元大9A購03  ,0,0,0,0,0,0,0,0,0,0,0,0,0,20000,20000,0,0
057584,國巨亞東99購01  ,0,0,0,0,0,0,0,0,0,0,0,0,0,290000,290000,0,0
059598,欣興元大99購08  ,0,0,0,0,0,0,0,0,0,0,0,0,0,1000,1000,0,0
059606,上銀富邦9B購02  ,0,0,0,0,0,0,0,0,0,0,0,0,0,10000,10000,0,0
059620,聯發科日盛99購02,0,0,0,0,0,0,0,0,0,0,0,0,0,21000,21000,0,0
059622,上銀凱基99購10  ,0,0,0,0,0,0,0,0,0,0,0,0,0,10000,10000,0,0
059811,高股息凱基99購02,0,0,0,0,0,0,0,0,0,0,0,0,0,2000,2000,0,0
059828,健策凱基99購05  ,0,0,0,0,0,0,0,0,0,0,0,0,0,2000,2000,0,0
059855,緯穎永豐99購04  ,0,0,0,0,0,0,0,0,0,0,0,0,0,20000,20000,0,0
059877,康控凱基99購05  ,0,0,0,0,0,0,0,0,0,0,0,0,0,52000,52000,0,0
059867,華邦電凱基99購02,0,0,0,0,0,0,0,0,0,0,0,0,0,118000,118000,0,0
057628,旺宏永豐98購02  ,0,0,0,0,0,0,0,0,0,0,0,0,0,60000,60000,0,0
057429,華新科兆豐98購03,0,0,0,0,0,0,0,0,0,0,0,0,0,10000,10000,0,0
05742P,可成元大96售04  ,0,0,0,0,0,0,0,0,0,0,0,0,0,30000,30000,0,0
057444,台泥元富98購01  ,0,0,0,0,0,0,0,0,0,0,0,0,0,10000,10000,0,0
057377,康控元大99購02  ,0,0,0,0,0,0,0,0,0,0,0,0,0,531000,531000,0,0
057371,可成元大98購08  ,0,0,0,0,0,0,0,0,0,0,0,0,0,26000,26000,0,0
057334,技嘉國票98購02  ,0,0,0,0,0,0,0,0,0,0,0,0,0,38000,38000,0,0
057336,聯發科國票99購01,0,0,0,0,0,0,0,0,0,0,0,0,0,10000,10000,0,0
057342,玉晶光台新98購01,0,0,0,0,0,0,0,0,0,0,0,0,0,40000,40000,0,0
056023,晶豪科群益97購01,0,0,0,0,0,0,0,0,0,0,0,0,0,43000,43000,0,0
056036,鴻海凱基97購07  ,0,0,0,0,0,0,0,0,0,0,0,0,0,1000,1000,0,0
057645,華新科元大99購11,0,0,0,0,0,0,0,0,0,0,0,0,0,100000,100000,0,0
057757,鴻海凱基98購13  ,0,0,0,0,0,0,0,0,0,0,0,0,0,9000,9000,0,0
057758,鴻海凱基99購03  ,0,0,0,0,0,0,0,0,0,0,0,0,0,1000,1000,0,0
057809,英業達元大98購01,0,0,0,0,0,0,0,0,0,0,0,0,0,50000,50000,0,0
057888,貿聯群益98購02  ,0,0,0,0,0,0,0,0,0,0,0,0,0,60000,60000,0,0
057853,旺宏國票99購05  ,0,0,0,0,0,0,0,0,0,0,0,0,0,7000,7000,0,0
057984,聯發科台新98購01,0,0,0,0,0,0,0,0,0,0,0,0,0,50000,50000,0,0
057922,華新科凱基99購01,0,0,0,0,0,0,0,0,0,0,0,0,0,10000,10000,0,0
057909,台光電兆豐98購01,0,0,0,0,0,0,0,0,0,0,0,0,0,30000,30000,0,0
058040,FBVIX元大98購01 ,0,0,0,0,0,0,0,0,0,0,0,0,0,2000,2000,0,0
058042,鴻海元大98購12  ,0,0,0,0,0,0,0,0,0,0,0,0,0,9000,9000,0,0
058333,鴻海元富99購04  ,0,0,0,0,0,0,0,0,0,0,0,0,0,20000,20000,0,0
059577,旺宏元富99購04  ,0,0,0,0,0,0,0,0,0,0,0,0,0,5000,5000,0,0
059544,創意亞東99購01  ,0,0,0,0,0,0,0,0,0,0,0,0,0,8000,8000,0,0
059585,台灣50元大9C購10,0,0,0,0,0,0,0,0,0,0,0,0,0,1000,1000,0,0
058149,百和元大99購02  ,0,0,0,0,0,0,0,0,0,0,0,0,0,7000,7000,0,0
058084,大立光群益98購04,0,0,0,0,0,0,0,0,0,0,0,0,0,90000,90000,0,0
058093,神達元大9A購01  ,0,0,0,0,0,0,0,0,0,0,0,0,0,210000,210000,0,0
058069,美律凱基99購05  ,0,0,0,0,0,0,0,0,0,0,0,0,0,10000,10000,0,0
058078,景碩國票99購01  ,0,0,0,0,0,0,0,0,0,0,0,0,0,3000,3000,0,0
059353,滬深2X富邦9A購02,0,0,0,0,0,0,0,0,0,0,0,0,0,4000,4000,0,0
059369,滬深2X元富9C購01,0,0,0,0,0,0,0,0,0,0,0,0,0,60000,60000,0,0
05669P,嘉晶永豐96售03  ,0,0,0,0,0,0,0,0,0,0,0,0,0,48000,48000,0,0
056694,欣興群益98購04  ,0,0,0,0,0,0,0,0,0,0,0,0,0,2000,2000,0,0
05598P,國巨元富96售03  ,0,0,0,0,0,0,0,0,0,0,0,0,0,285000,285000,0,0
055934,景碩群益98購03  ,0,0,0,0,0,0,0,0,0,0,0,0,0,4000,4000,0,0
058208,百和凱基99購01  ,0,0,0,0,0,0,0,0,0,0,0,0,0,7000,7000,0,0
058201,華通凱基9A購01  ,0,0,0,0,0,0,0,0,0,0,0,0,0,3000,3000,0,0
055911,可成凱基98購02  ,0,0,0,0,0,0,0,0,0,0,0,0,0,4000,4000,0,0
056783,國巨群益99購01  ,0,0,0,0,0,0,0,0,0,0,0,0,0,129000,129000,0,0
056745,聯茂凱基99購03  ,0,0,0,0,0,0,0,0,0,0,0,0,0,1000,1000,0,0
056752,國巨兆豐98購02  ,0,0,0,0,0,0,0,0,0,0,0,0,0,10000,10000,0,0
056984,嘉晶群益98購01  ,0,0,0,0,0,0,0,0,0,0,0,0,0,1000,1000,0,0
056976,喬山群益98購01  ,0,0,0,0,0,0,0,0,0,0,0,0,0,1000,1000,0,0
056979,微星群益98購01  ,0,2000,-2000,0,0,0,0,0,0,2000,0,0,0,2000,0,2000,0
056917,國巨兆豐98購03  ,0,0,0,0,0,0,0,0,0,0,0,0,0,10000,10000,0,0
056878,元油2X國票99購02,0,0,0,0,0,0,0,0,0,0,0,0,0,3000,3000,0,0
056900,可成元大98購02  ,0,0,0,0,0,0,0,0,0,0,0,0,0,62000,62000,0,0
056907,群創元大9C購04  ,0,0,0,0,0,0,0,0,0,0,0,0,0,3000,3000,0,0
2465,麗臺            ,3000,3000,0,0,0,0,0,0,0,0,0,0,0,0,0,0,0
2466,冠西電          ,2000,0,2000,0,0,0,0,0,0,-2000,0,2000,-2000,0,0,0,0
3027,盛達            ,1000,1000,0,0,0,0,0,0,0,0,0,0,0,0,0,0,0
6133,金橋            ,1000,1000,0,0,0,0,0,0,0,0,0,0,0,0,0,0,0
6117,迎廣            ,1000,1000,0,0,0,0,0,0,0,0,0,0,0,0,0,0,0
4737,華廣            ,17000,17000,0,0,0,0,0,0,0,0,0,0,0,0,0,0,0
6409,旭隼            ,39000,39000,0,0,0,0,0,0,0,0,0,0,0,0,0,0,0
3046,建碁            ,0,300,-300,0,0,0,0,0,0,0,0,0,0,0,0,0,-300
060820,上証2X元大9A購04,0,0,0,0,0,0,0,0,0,-1000,0,0,0,0,1000,-1000,-1000
060756,鴻海元大9A購16  ,0,0,0,0,0,0,0,0,0,-1000,0,0,0,0,1000,-1000,-1000
060767,世紀鋼元大9A購02,0,0,0,0,0,0,0,0,0,-1000,0,0,0,45000,46000,-1000,-1000
060945,緯穎國票9A購02  ,0,0,0,0,0,0,0,0,0,-1000,0,0,0,0,1000,-1000,-1000
060979,國巨元大9A購14  ,0,0,0,0,0,0,0,0,0,-1000,0,0,0,0,1000,-1000,-1000
060926,宏達電永豐9A購01,0,0,0,0,0,0,0,0,0,-1000,0,0,0,24000,25000,-1000,-1000
060830,T50反1國票9A購07,0,0,0,0,0,0,0,0,0,-1000,0,0,0,60000,61000,-1000,-1000
060842,新光金國票9B購01,0,0,0,0,0,0,0,0,0,-1000,0,0,0,0,1000,-1000,-1000
060843,大立光國票9A購06,0,0,0,0,0,0,0,0,0,-1000,0,0,0,10000,11000,-1000,-1000
060844,大立光國票9A購07,0,0,0,0,0,0,0,0,0,-1000,0,0,0,10000,11000,-1000,-1000
060863,聯發科永豐9A購02,0,0,0,0,0,0,0,0,0,-1000,0,0,0,0,1000,-1000,-1000
061066,嘉晶凱基9B購01  ,0,0,0,0,0,0,0,0,0,-1000,0,0,0,0,1000,-1000,-1000
061171,大立光麥證9A購01,0,0,0,0,1000,-1000,0,0,0,-1000,0,0,0,0,1000,-1000,-1000
061181,牧德凱基9A購01  ,0,0,0,0,0,0,0,0,0,-1000,0,0,0,2000,3000,-1000,-1000
06224P,可成元富97售02  ,0,0,0,0,0,0,0,0,0,-1000,0,0,0,0,1000,-1000,-1000
061279,鴻海統一9C購04  ,0,0,0,0,0,0,0,0,0,-1000,0,0,0,0,1000,-1000,-1000
061302,晶技永豐9A購04  ,0,0,0,0,0,0,0,0,0,-1000,0,0,0,0,1000,-1000,-1000
060108,泰鼎元大99購04  ,0,0,0,0,0,0,0,0,0,-1000,0,0,0,141000,142000,-1000,-1000
060091,技嘉元大99購03  ,0,0,0,0,0,0,0,0,0,-1000,0,0,0,0,1000,-1000,-1000
060328,可成群益9A購06  ,0,0,0,0,0,0,0,0,0,-1000,0,0,0,0,1000,-1000,-1000
060495,台灣50元大01購13,0,0,0,0,0,0,0,0,0,-1000,0,0,0,1000,2000,-1000,-1000
060414,中興電永豐9A購01,0,0,0,0,0,0,0,0,0,-1000,0,0,0,0,1000,-1000,-1000
060378,台灣50凱基04購01,0,0,0,0,0,0,0,0,0,-1000,0,0,0,0,1000,-1000,-1000
060586,玉晶光元富9A購03,0,0,0,0,0,0,0,0,0,-1000,0,0,0,0,1000,-1000,-1000
060568,SP黃豆永豐9A購01,0,0,0,0,0,0,0,0,0,-1000,0,0,0,0,1000,-1000,-1000
060605,大立光凱基9C購01,0,0,0,0,0,0,0,0,0,-1000,0,0,0,0,1000,-1000,-1000
060609,玉晶光凱基9B購01,0,0,0,0,0,0,0,0,0,-1000,0,0,0,0,1000,-1000,-1000
1583,程泰            ,0,1000,-1000,0,0,0,0,0,0,0,0,0,0,0,0,0,-1000
1817,凱撒衛          ,3000,2000,1000,0,0,0,0,0,0,-2000,0,2000,-2000,0,0,0,-1000
1735,日勝化          ,2000,3000,-1000,0,0,0,0,0,0,0,0,0,0,0,0,0,-1000
1541,錩泰            ,0,1000,-1000,0,0,0,0,0,0,0,0,0,0,0,0,0,-1000
1539,巨庭            ,0,1000,-1000,0,0,0,0,0,0,0,0,0,0,0,0,0,-1000
1432,大魯閣          ,0,1000,-1000,0,0,0,0,0,0,0,0,0,0,0,0,0,-1000
1340,勝悅-KY         ,22000,23000,-1000,0,0,0,0,0,0,0,0,0,0,0,0,0,-1000
1465,偉全            ,1000,2000,-1000,0,0,0,0,0,0,0,0,0,0,0,0,0,-1000
2433,互盛電          ,15000,16000,-1000,0,0,0,0,0,0,0,0,0,0,0,0,0,-1000
2373,震旦行          ,0,1000,-1000,0,0,0,0,0,0,0,0,0,0,0,0,0,-1000
07680P,鴻海凱基9A售24  ,0,0,0,0,0,0,0,0,0,-1000,0,0,0,0,1000,-1000,-1000
07215P,大立光凱基99售07,0,0,0,0,0,0,0,0,0,-1000,0,0,0,0,1000,-1000,-1000
06658P,台灣50富邦9C售01,0,0,0,0,0,0,0,0,0,-1000,0,0,0,0,1000,-1000,-1000
06615P,鴻海元大9C售02  ,0,0,0,0,0,0,0,0,0,-1000,0,0,0,0,1000,-1000,-1000
06576P,台光電群益98售03,0,0,0,0,0,0,0,0,0,-1000,0,0,0,1000,2000,-1000,-1000
06326P,鴻海中信01售01  ,0,0,0,0,0,0,0,0,0,-1000,0,0,0,0,1000,-1000,-1000
06303P,臺股指元大97售09,0,0,0,0,0,0,0,0,0,-1000,0,0,0,0,1000,-1000,-1000
049156,緯穎元大96購01  ,0,0,0,0,0,0,0,0,0,-1000,0,0,0,0,1000,-1000,-1000
052492,易華電國票96購02,0,0,0,0,0,0,0,0,0,-1000,0,0,0,0,1000,-1000,-1000
039212,台達電台新9A購01,0,0,0,0,0,0,0,0,0,-1000,0,0,0,0,1000,-1000,-1000
03618C,高股息凱基95牛01,0,0,0,0,0,0,0,0,0,-1000,0,0,0,0,1000,-1000,-1000
03619C,臺股指元大95牛02,0,0,0,0,0,0,0,0,0,-1000,0,0,0,0,1000,-1000,-1000
052555,漢唐國票97購01  ,0,0,0,0,0,0,0,0,0,-1000,0,0,0,0,1000,-1000,-1000
052647,晶技永豐97購01  ,0,0,0,0,0,0,0,0,0,-1000,0,0,0,10000,11000,-1000,-1000
052655,群創統一97購01  ,0,0,0,0,0,0,0,0,0,-1000,0,0,0,0,1000,-1000,-1000
052732,新唐國泰97購01  ,0,0,0,0,0,0,0,0,0,-1000,0,0,0,0,1000,-1000,-1000
05159P,聯發科永豐95售04,0,0,0,0,0,0,0,0,0,-1000,0,0,0,1000,2000,-1000,-1000
052753,電子類元大96購02,0,0,0,0,0,0,0,0,0,-1000,0,0,0,0,1000,-1000,-1000
051536,玉晶光國票97購01,0,0,0,0,0,0,0,0,0,-1000,0,0,0,93000,94000,-1000,-1000
051624,智邦麥證95購02  ,0,0,0,0,1000,-1000,0,0,0,-1000,0,0,0,0,1000,-1000,-1000
03012X,元展12          ,0,0,0,0,0,0,0,0,0,-1000,0,0,0,0,1000,-1000,-1000
03007X,元展07          ,0,0,0,0,0,0,0,0,0,-1000,0,0,0,0,1000,-1000,-1000
03009X,元展09          ,0,0,0,0,0,0,0,0,0,-1000,0,0,0,0,1000,-1000,-1000
00753L,中信中國50正2   ,345000,252000,93000,0,0,0,0,0,0,-94000,0,0,0,461000,555000,-94000,-1000
00709,富邦歐洲        ,0,0,0,0,0,0,0,0,0,-1000,0,0,0,100000,101000,-1000,-1000
00707R,元大S&P日圓反1  ,0,0,0,0,0,0,0,0,0,-1000,0,0,0,1000,2000,-1000,-1000
042168,台灣50凱基96購01,0,0,0,0,0,0,0,0,0,-1000,0,0,0,0,1000,-1000,-1000
048867,台積電兆豐95購01,0,0,0,0,0,0,0,0,0,-1000,0,0,0,0,1000,-1000,-1000
03049X,元展46          ,0,0,0,0,0,0,0,0,0,-1000,0,0,0,0,1000,-1000,-1000
042793,台積電台新9C購01,0,0,0,0,0,0,0,0,0,-1000,0,0,0,0,1000,-1000,-1000
044963,台積電中信96購01,0,1000,-1000,0,0,0,0,0,0,0,0,0,0,0,0,0,-1000
051292,牧德統一97購01  ,0,0,0,0,0,0,0,0,0,-1000,0,0,0,2000,3000,-1000,-1000
05179P,大立光凱基96售06,0,0,0,0,0,0,0,0,0,-1000,0,0,0,0,1000,-1000,-1000
052802,華新科元大97購02,0,0,0,0,0,0,0,0,0,-1000,0,0,0,0,1000,-1000,-1000
05227P,大立光統一95售04,0,0,0,0,0,0,0,0,0,-1000,0,0,0,0,1000,-1000,-1000
050903,臺股指元大95購10,0,0,0,0,0,0,0,0,0,-1000,0,0,0,0,1000,-1000,-1000
051458,臺股指元大95購18,0,0,0,0,0,0,0,0,0,-1000,0,0,0,30000,31000,-1000,-1000
051461,聯詠國泰96購01  ,0,0,0,0,0,0,0,0,0,-1000,0,0,0,5000,6000,-1000,-1000
055816,新日興國票98購01,0,0,0,0,0,0,0,0,0,-1000,0,0,0,0,1000,-1000,-1000
05580P,美律凱基96售03  ,0,0,0,0,0,0,0,0,0,-1000,0,0,0,0,1000,-1000,-1000
054278,晶技群益97購02  ,0,0,0,0,0,0,0,0,0,-1000,0,0,0,0,1000,-1000,-1000
054309,禾伸堂凱基98購01,0,0,0,0,0,0,0,0,0,-1000,0,0,0,5000,6000,-1000,-1000
054331,世芯永豐96購03  ,0,0,0,0,0,0,0,0,0,-1000,0,0,0,110000,111000,-1000,-1000
05431P,台光電統一97售01,0,0,0,0,0,0,0,0,0,-1000,0,0,0,0,1000,-1000,-1000
054466,欣興凱基97購03  ,0,0,0,0,0,0,0,0,0,-1000,0,0,0,0,1000,-1000,-1000
05440P,緯穎國票96售02  ,0,0,0,0,0,0,0,0,0,-1000,0,0,0,0,1000,-1000,-1000
05298P,上銀元大95售03  ,0,0,0,0,0,0,0,0,0,-1000,0,0,0,0,1000,-1000,-1000
054773,台郡國票98購01  ,0,0,0,0,0,0,0,0,0,-1000,0,0,0,0,1000,-1000,-1000
054802,高股息元大97購01,0,0,0,0,0,0,0,0,0,-1000,0,0,0,0,1000,-1000,-1000
054861,智邦群益97購01  ,0,0,0,0,0,0,0,0,0,-1000,0,0,0,7000,8000,-1000,-1000
053539,智易永豐96購01  ,0,0,0,0,0,0,0,0,0,-1000,0,0,0,0,1000,-1000,-1000
054105,元油反凱基9A購01,0,0,0,0,0,0,0,0,0,-1000,0,0,0,1000,2000,-1000,-1000
05318P,臺股指永昌95售03,0,0,0,0,0,0,0,0,0,-1000,0,0,0,0,1000,-1000,-1000
053398,和鑫中信99購01  ,0,0,0,0,0,0,0,0,0,-1000,0,0,0,10000,11000,-1000,-1000
053732,S&P反1中信9C購01,0,0,0,0,0,0,0,0,0,-1000,0,0,0,0,1000,-1000,-1000
053737,華新科麥證96購01,0,0,0,0,1000,-1000,0,0,0,-1000,0,0,0,0,1000,-1000,-1000
05369P,可成元富95售04  ,0,0,0,0,0,0,0,0,0,-1000,0,0,0,0,1000,-1000,-1000
055587,智邦元大97購02  ,0,0,0,0,0,0,0,0,0,-1000,0,0,0,0,1000,-1000,-1000
055470,南亞科凱基97購01,0,0,0,0,0,0,0,0,0,-1000,0,0,0,0,1000,-1000,-1000
055682,智原凱基98購02  ,0,0,0,0,0,0,0,0,0,-1000,0,0,0,0,1000,-1000,-1000
055421,玉晶光永豐98購04,0,0,0,0,0,0,0,0,0,-1000,0,0,0,0,1000,-1000,-1000
055074,台虹永豐97購01  ,0,0,0,0,0,0,0,0,0,-1000,0,0,0,0,1000,-1000,-1000
055097,福懋科群益97購01,0,0,0,0,0,0,0,0,0,-1000,0,0,0,50000,51000,-1000,-1000
059453,奇力新永豐99購01,0,0,0,0,0,0,0,0,0,-1000,0,0,0,11000,12000,-1000,-1000
059147,矽創國票99購01  ,0,0,0,0,0,0,0,0,0,-1000,0,0,0,0,1000,-1000,-1000
059144,嘉晶國票9A購02  ,0,0,0,0,0,0,0,0,0,-1000,0,0,0,9000,10000,-1000,-1000
059136,臺股指群益99購11,0,0,0,0,0,0,0,0,0,-1000,0,0,0,0,1000,-1000,-1000
059265,美律中信01購01  ,0,0,0,0,0,0,0,0,0,-1000,0,0,0,20000,21000,-1000,-1000
059302,大立光群益99購08,0,0,0,0,0,0,0,0,0,-1000,0,0,0,0,1000,-1000,-1000
059240,台積電凱基9A購09,0,0,0,0,0,0,0,0,0,-1000,0,0,0,40000,41000,-1000,-1000
056902,大立光元大98購12,0,0,0,0,0,0,0,0,0,-1000,0,0,0,0,1000,-1000,-1000
056986,超眾群益98購03  ,0,0,0,0,0,0,0,0,0,-1000,0,0,0,0,1000,-1000,-1000
058231,技嘉元大99購02  ,0,0,0,0,0,0,0,0,0,-1000,0,0,0,0,1000,-1000,-1000
055943,瑞昱麥證97購01  ,0,0,0,0,1000,-1000,0,0,0,-1000,0,0,0,0,1000,-1000,-1000
055984,大立光元富97購02,0,0,0,0,0,0,0,0,0,-1000,0,0,0,0,1000,-1000,-1000
057222,鴻海國票99購04  ,0,0,0,0,0,0,0,0,0,-1000,0,0,0,0,1000,-1000,-1000
059373,滬深2X群益01購03,0,0,0,0,0,0,0,0,0,-1000,0,0,0,0,1000,-1000,-1000
057085,立積統一9B購02  ,0,0,0,0,0,0,0,0,0,-1000,0,0,0,0,1000,-1000,-1000
05809P,臺股指國票96售02,0,0,0,0,0,0,0,0,0,-1000,0,0,0,0,1000,-1000,-1000
058879,智邦富邦99購01  ,0,0,0,0,0,0,0,0,0,-1000,0,0,0,12000,13000,-1000,-1000
058875,台表科國票9A購02,0,0,0,0,0,0,0,0,0,-1000,0,0,0,0,1000,-1000,-1000
058368,奇鋐凱基9A購01  ,0,0,0,0,0,0,0,0,0,-1000,0,0,0,0,1000,-1000,-1000
057925,貿聯凱基99購01  ,0,0,0,0,0,0,0,0,0,-1000,0,0,0,0,1000,-1000,-1000
057886,聯詠群益98購01  ,0,0,0,0,0,0,0,0,0,-1000,0,0,0,0,1000,-1000,-1000
057876,隆達元大98購01  ,0,0,0,0,0,0,0,0,0,-1000,0,0,0,31000,32000,-1000,-1000
057760,聯發科凱基98購18,0,0,0,0,0,0,0,0,0,-1000,0,0,0,0,1000,-1000,-1000
057750,神達國票99購01  ,0,0,0,0,0,0,0,0,0,-1000,0,0,0,0,1000,-1000,-1000
057728,瑞昱國泰99購01  ,0,0,0,0,0,0,0,0,0,-1000,0,0,0,0,1000,-1000,-1000
05603P,聯發科元大96售09,0,0,0,0,0,0,0,0,0,-1000,0,0,0,0,1000,-1000,-1000
057306,玉晶光兆豐99購01,0,0,0,0,0,0,0,0,0,-1000,0,0,0,0,1000,-1000,-1000
057286,群創元大9B購05  ,0,0,0,0,0,0,0,0,0,-1000,0,0,0,83000,84000,-1000,-1000
058298,聯茂凱基99購05  ,0,0,0,0,0,0,0,0,0,-1000,0,0,0,0,1000,-1000,-1000
058314,欣興富邦9B購01  ,0,0,0,0,0,0,0,0,0,-1000,0,0,0,0,1000,-1000,-1000
059859,國巨群益9A購03  ,0,0,0,0,0,0,0,0,0,-1000,0,0,0,0,1000,-1000,-1000
059849,興勤永豐99購01  ,0,0,0,0,0,0,0,0,0,-1000,0,0,0,1000,2000,-1000,-1000
059798,臺股指國票99購21,0,0,0,0,0,0,0,0,0,-1000,0,0,0,0,1000,-1000,-1000
059809,貿聯元富99購01  ,0,0,0,0,0,0,0,0,0,-1000,0,0,0,25000,26000,-1000,-1000
059935,國巨永豐99購07  ,0,0,0,0,0,0,0,0,0,-1000,0,0,0,11000,12000,-1000,-1000
059621,T50正2凱基9C購04,0,0,0,0,0,0,0,0,0,-1000,0,0,0,1000,2000,-1000,-1000
059614,致新永豐99購01  ,0,0,0,0,0,0,0,0,0,-1000,0,0,0,30000,31000,-1000,-1000
059610,上銀永豐99購02  ,0,0,0,0,0,0,0,0,0,-1000,0,0,0,69000,70000,-1000,-1000
059604,臺股指元大9A購41,0,0,0,0,0,0,0,0,0,-1000,0,0,0,0,1000,-1000,-1000
057589,超眾國票9A購01  ,0,0,0,0,0,0,0,0,0,-1000,0,0,0,10000,11000,-1000,-1000
059705,華新科凱基9A購07,0,0,0,0,0,0,0,0,0,-1000,0,0,0,1000,2000,-1000,-1000
059657,華通元大99購09  ,0,0,0,0,0,0,0,0,0,-1000,0,0,0,0,1000,-1000,-1000
05756P,臺股指中信99售05,0,0,0,0,0,0,0,0,0,-1000,0,0,0,0,1000,-1000,-1000
057458,TPK富邦9A購01   ,0,0,0,0,0,0,0,0,0,-1000,0,0,0,0,1000,-1000,-1000
05744P,台表科元大96售04,0,0,0,0,0,0,0,0,0,-1000,0,0,0,7000,8000,-1000,-1000
058419,聯發科麥證99購02,0,0,0,0,201000,-201000,0,0,0,-1000,0,0,0,200000,201000,-1000,-1000
056352,鴻海元大99購01  ,0,0,0,0,0,0,0,0,0,-1000,0,0,0,0,1000,-1000,-1000
056584,鴻海統一9B購01  ,0,0,0,0,0,0,0,0,0,-1000,0,0,0,0,1000,-1000,-1000
058415,祥碩兆豐99購01  ,0,0,0,0,0,0,0,0,0,-1000,0,0,0,0,1000,-1000,-1000
058556,百和永豐99購01  ,0,0,0,0,0,0,0,0,0,-1000,0,0,0,40000,41000,-1000,-1000
058682,聯發科凱基99購07,0,0,0,0,0,0,0,0,0,-1000,0,0,0,0,1000,-1000,-1000
058766,力山兆豐99購01  ,0,0,0,0,0,0,0,0,0,-1000,0,0,0,300000,301000,-1000,-1000
058763,和碩群益99購01  ,0,0,0,0,0,0,0,0,0,-1000,0,0,0,37000,38000,-1000,-1000
058729,國巨永豐99購03  ,0,0,0,0,0,0,0,0,0,-1000,0,0,0,0,1000,-1000,-1000
3021,鴻名            ,0,1000,-1000,0,0,0,0,0,0,0,0,0,0,0,0,0,-1000
3002,歐格            ,0,1000,-1000,0,0,0,0,0,0,0,0,0,0,0,0,0,-1000
2906,高林            ,0,1000,-1000,0,0,0,0,0,0,0,0,0,0,0,0,0,-1000
3550,聯穎            ,4000,5000,-1000,0,0,0,0,0,0,0,0,0,0,0,0,0,-1000
3536,誠創            ,0,0,0,0,0,0,0,0,0,-1000,0,1000,-1000,0,0,0,-1000
2462,良得電          ,0,1000,-1000,0,0,0,0,0,0,0,0,0,0,0,0,0,-1000
2540,愛山林          ,0,1000,-1000,0,0,0,0,0,0,0,0,0,0,0,0,0,-1000
2613,中櫃            ,4000,5000,-1000,0,0,0,0,0,0,0,0,0,0,0,0,0,-1000
6477,安集            ,36000,37000,-1000,0,0,0,0,0,0,0,0,0,0,0,0,0,-1000
9926,新海            ,0,1000,-1000,0,0,0,0,0,0,0,0,0,0,0,0,0,-1000
8466,美吉吉-KY       ,0,1000,-1000,0,0,0,0,0,0,0,0,0,0,0,0,0,-1000
8473,山林水          ,3000,4000,-1000,0,0,0,0,0,0,0,0,0,0,0,0,0,-1000
8442,威宏-KY         ,0,1000,-1000,0,0,0,0,0,0,0,0,0,0,0,0,0,-1000
8443,阿瘦            ,0,1000,-1000,0,0,0,0,0,0,0,1000,1000,0,0,0,0,-1000
4571,鈞興-KY         ,1000,2000,-1000,0,0,0,0,0,0,0,0,0,0,0,0,0,-1000
4557,永新-KY         ,0,1000,-1000,0,0,0,0,0,0,0,0,0,0,0,0,0,-1000
4581,光隆精密-KY     ,0,1000,-1000,0,0,0,0,0,0,0,0,0,0,0,0,0,-1000
4545,銘鈺            ,8000,9000,-1000,0,0,0,0,0,0,0,0,0,0,0,0,0,-1000
6128,上福            ,0,1000,-1000,0,0,0,0,0,0,0,0,0,0,0,0,0,-1000
06594P,立積元大98售01  ,0,0,0,0,0,0,0,0,0,-2000,0,0,0,125000,127000,-2000,-2000
06518P,奇力新兆豐99售01,0,0,0,0,0,0,0,0,0,-2000,0,0,0,0,2000,-2000,-2000
06738P,瑞昱兆豐98售02  ,0,0,0,0,0,0,0,0,0,-2000,0,0,0,0,2000,-2000,-2000
06938P,南電元大98售03  ,0,0,0,0,0,0,0,0,0,-2000,0,0,0,0,2000,-2000,-2000
07211P,南亞科凱基99售05,0,0,0,0,0,0,0,0,0,-2000,0,0,0,0,2000,-2000,-2000
07148P,富邦金元大99售01,0,0,0,0,0,0,0,0,0,-2000,0,0,0,256000,258000,-2000,-2000
07088P,訊芯永豐99售02  ,0,0,0,0,0,0,0,0,0,-2000,0,0,0,0,2000,-2000,-2000
07311P,台灣50元大99售09,0,0,0,0,0,0,0,0,0,-2000,0,0,0,26000,28000,-2000,-2000
07679P,台灣50凱基01售10,0,0,0,0,0,0,0,0,0,-2000,0,0,0,0,2000,-2000,-2000
07651P,道瓊指中信01售01,0,0,0,0,0,0,0,0,0,-2000,0,0,0,0,2000,-2000,-2000
07716P,臺股指群益9A售05,0,0,0,0,0,0,0,0,0,-2000,0,0,0,0,2000,-2000,-2000
07720P,臺股指群益9A售09,0,0,0,0,0,0,0,0,0,-2000,0,0,0,0,2000,-2000,-2000
07470P,國巨元大9A售06  ,0,0,0,0,0,0,0,0,0,-2000,0,0,0,155000,157000,-2000,-2000
07467P,上銀元大9A售03  ,0,0,0,0,0,0,0,0,0,-2000,0,0,0,30000,32000,-2000,-2000
2427,三商電          ,2000,1000,1000,0,0,0,0,0,0,-3000,0,3000,-3000,0,0,0,-2000
2109,華豐            ,1000,3000,-2000,0,0,0,0,0,0,0,0,0,0,0,0,0,-2000
1454,台富            ,0,2000,-2000,0,0,0,0,0,0,0,0,0,0,0,0,0,-2000
2010,春源            ,21000,23000,-2000,0,0,0,0,0,0,0,0,0,0,0,0,0,-2000
1616,億泰            ,0,2000,-2000,0,0,0,0,0,0,0,0,0,0,0,0,0,-2000
060606,玉晶光凱基9A購05,0,0,0,0,0,0,0,0,0,-2000,0,0,0,2000,4000,-2000,-2000
060585,玉晶光元富9A購02,0,0,0,0,0,0,0,0,0,-2000,0,0,0,1000,3000,-2000,-2000
061262,智邦凱基9A購02  ,0,0,0,0,0,0,0,0,0,-2000,0,0,0,0,2000,-2000,-2000
06173P,華通元大97售02  ,0,0,0,0,0,0,0,0,0,-2000,0,0,0,33000,35000,-2000,-2000
061193,玉晶光永豐9B購02,0,0,0,0,0,0,0,0,0,-2000,0,0,0,0,2000,-2000,-2000
061233,國巨元大9A購17  ,0,0,0,0,0,0,0,0,0,-2000,0,0,0,0,2000,-2000,-2000
061235,台積電元大9A購23,0,0,0,0,0,0,0,0,0,-2000,0,0,0,0,2000,-2000,-2000
061088,國巨統一9C購05  ,0,0,0,0,0,0,0,0,0,-2000,0,0,0,0,2000,-2000,-2000
061139,玉晶光統一9C購02,0,0,0,0,0,0,0,0,0,-2000,0,0,0,0,2000,-2000,-2000
060890,大立光統一01購01,0,0,0,0,0,0,0,0,0,-2000,0,0,0,203000,205000,-2000,-2000
060770,宏達電麥證9A購01,0,0,0,0,2000,-2000,0,0,0,-2000,0,0,0,0,2000,-2000,-2000
060773,FBVIX凱基9A購04 ,0,0,0,0,0,0,0,0,0,-2000,0,0,0,0,2000,-2000,-2000
06075P,智邦凱基97售02  ,0,0,0,0,0,0,0,0,0,-2000,0,0,0,0,2000,-2000,-2000
059236,鴻海凱基99購09  ,0,0,0,0,0,0,0,0,0,-2000,0,0,0,0,2000,-2000,-2000
059225,臺股指元大99購18,0,0,0,0,0,0,0,0,0,-2000,0,0,0,0,2000,-2000,-2000
059321,欣興元大99購07  ,0,0,0,0,0,0,0,0,0,-2000,0,0,0,3000,5000,-2000,-2000
059340,鴻海凱基9A購12  ,0,0,0,0,0,0,0,0,0,-2000,0,0,0,27000,29000,-2000,-2000
059176,臺股指凱基99購27,0,0,0,0,0,0,0,0,0,-2000,0,0,0,0,2000,-2000,-2000
059190,欣興富邦9A購01  ,0,0,0,0,0,0,0,0,0,-2000,0,0,0,0,2000,-2000,-2000
059466,國巨元大99購26  ,0,0,0,0,0,0,0,0,0,-2000,0,0,0,0,2000,-2000,-2000
059470,華新科元大99購16,0,0,0,0,0,0,0,0,0,-2000,0,0,0,1000,3000,-2000,-2000
059116,晶豪科永豐99購01,0,0,0,0,0,0,0,0,0,-2000,0,0,0,0,2000,-2000,-2000
05912P,和大元大96售01  ,0,0,0,0,0,0,0,0,0,-2000,0,0,0,0,2000,-2000,-2000
055476,台郡凱基97購02  ,0,0,0,0,0,0,0,0,0,-2000,0,0,0,0,2000,-2000,-2000
055521,S&P反1群益01購01,0,0,0,0,0,0,0,0,0,-2000,0,0,0,0,2000,-2000,-2000
053424,欣興永豐96購02  ,0,0,0,0,0,0,0,0,0,-2000,0,0,0,33000,35000,-2000,-2000
053282,彩晶元大9C購01  ,0,0,0,0,0,0,0,0,0,-2000,0,0,0,0,2000,-2000,-2000
053306,晶技凱基97購01  ,0,0,0,0,0,0,0,0,0,-2000,0,0,0,0,2000,-2000,-2000
053173,矽格群益97購01  ,0,0,0,0,0,0,0,0,0,-2000,0,0,0,0,2000,-2000,-2000
05407P,超眾凱基95售04  ,0,0,0,0,0,0,0,0,0,-2000,0,0,0,0,2000,-2000,-2000
053819,大立光群益96購04,0,0,0,0,0,0,0,0,0,-2000,0,0,0,0,2000,-2000,-2000
053527,創意中信97購01  ,0,0,0,0,0,0,0,0,0,-2000,0,0,0,0,2000,-2000,-2000
054855,得力群益98購01  ,0,0,0,0,0,0,0,0,0,-2000,0,0,0,98000,100000,-2000,-2000
054886,大毅統一97購01  ,0,0,0,0,0,0,0,0,0,-2000,0,0,0,13000,15000,-2000,-2000
054901,群光康和97購01  ,0,0,0,0,0,0,0,0,0,-2000,0,0,0,0,2000,-2000,-2000
054915,興勤凱基97購01  ,0,0,0,0,0,0,0,0,0,-2000,0,0,0,0,2000,-2000,-2000
053587,京元電元大98購01,0,0,0,0,0,0,0,0,0,-2000,0,0,0,0,2000,-2000,-2000
052933,祥碩元大96購01  ,0,0,0,0,0,0,0,0,0,-2000,0,0,0,26000,28000,-2000,-2000
05289P,鴻海永豐95售05  ,0,0,0,0,0,0,0,0,0,-2000,0,0,0,0,2000,-2000,-2000
052867,晶技凱基96購01  ,0,0,0,0,0,0,0,0,0,-2000,0,0,0,0,2000,-2000,-2000
054572,國巨元大98購03  ,0,0,0,0,0,0,0,0,0,-2000,0,0,0,0,2000,-2000,-2000
054399,智易永豐96購03  ,0,0,0,0,0,0,0,0,0,-2000,0,0,0,0,2000,-2000,-2000
054470,緯穎國票97購04  ,0,0,0,0,0,0,0,0,0,-2000,0,0,0,0,2000,-2000,-2000
054252,奇力新元大96購04,0,0,0,0,0,0,0,0,0,-2000,0,0,0,0,2000,-2000,-2000
054135,大立光元大97購04,0,0,0,0,0,0,0,0,0,-2000,0,0,0,0,2000,-2000,-2000
05420P,大立光國泰97售03,0,0,0,0,0,0,0,0,0,-2000,0,0,0,40000,42000,-2000,-2000
055817,京鼎國票99購01  ,0,0,0,0,0,0,0,0,0,-2000,0,0,0,20000,22000,-2000,-2000
054866,宏盛群益98購01  ,0,0,0,0,0,0,0,0,0,-2000,0,0,0,0,2000,-2000,-2000
051485,玉晶光凱基97購02,0,0,0,0,0,0,0,0,0,-2000,0,0,0,0,2000,-2000,-2000
051103,緯穎元大96購03  ,0,0,0,0,0,0,0,0,0,-2000,0,0,0,0,2000,-2000,-2000
052269,T50反1日盛9B購01,0,0,0,0,0,0,0,0,0,-2000,0,0,0,0,2000,-2000,-2000
051317,亞德客國票96購01,0,0,0,0,0,0,0,0,0,-2000,0,0,0,0,2000,-2000,-2000
050794,大立光富邦96購04,0,0,0,0,0,0,0,0,0,-2000,0,0,0,8000,10000,-2000,-2000
050537,鴻海凱基95購05  ,0,0,0,0,0,0,0,0,0,-2000,0,0,0,0,2000,-2000,-2000
050634,華新科群益96購01,0,0,0,0,0,0,0,0,0,-2000,0,0,0,30000,32000,-2000,-2000
045768,大立光元富95購02,0,0,0,0,0,0,0,0,0,-2000,0,0,0,0,2000,-2000,-2000
047298,聯茂元富96購01  ,0,0,0,0,0,0,0,0,0,-2000,0,0,0,8000,10000,-2000,-2000
03033X,元展30          ,0,0,0,0,0,0,0,0,0,-2000,0,0,0,0,2000,-2000,-2000
048732,台勝科麥證95購01,0,0,0,0,2000,-2000,0,0,0,-2000,0,0,0,0,2000,-2000,-2000
020011,統一微波高息20N ,0,0,0,0,0,0,0,0,0,-2000,0,0,0,0,2000,-2000,-2000
00656R,國泰中國A50反1  ,0,34000,-34000,0,0,0,0,0,0,32000,0,0,0,91000,59000,32000,-2000
0053,元大電子        ,0,0,0,0,0,0,0,0,0,-2000,0,0,0,3000,5000,-2000,-2000
052766,玉晶光群益9A購01,0,0,0,0,0,0,0,0,0,-2000,0,0,0,0,2000,-2000,-2000
052781,瀚宇博國票97購03,0,0,0,0,0,0,0,0,0,-2000,0,0,0,9000,11000,-2000,-2000
052714,義隆凱基96購02  ,0,0,0,0,0,0,0,0,0,-2000,0,0,0,13000,15000,-2000,-2000
052685,技嘉元大96購01  ,0,0,0,0,0,0,0,0,0,-2000,0,0,0,0,2000,-2000,-2000
049600,緯穎元大95購02  ,0,0,0,0,0,0,0,0,0,-2000,0,0,0,0,2000,-2000,-2000
052447,聯發科元大96購04,0,0,0,0,0,0,0,0,0,-2000,0,0,0,57000,59000,-2000,-2000
058731,貿聯永豐99購02  ,0,0,0,0,0,0,0,0,0,-2000,0,0,0,0,2000,-2000,-2000
05875P,旺宏群益98售01  ,0,0,0,0,0,0,0,0,0,-2000,0,0,0,8000,10000,-2000,-2000
058774,台郡兆豐9A購01  ,0,0,0,0,0,0,0,0,0,-2000,0,0,0,0,2000,-2000,-2000
058650,台虹永豐9A購01  ,0,0,0,0,0,0,0,0,0,-2000,0,0,0,0,2000,-2000,-2000
058623,國巨國票99購08  ,0,0,0,0,0,0,0,0,0,-2000,0,0,0,0,2000,-2000,-2000
058581,大立光群益99購05,0,0,0,0,0,0,0,0,0,-2000,0,0,0,0,2000,-2000,-2000
058416,鴻海麥證99購01  ,0,0,0,0,2000,-2000,0,0,0,-2000,0,0,0,0,2000,-2000,-2000
059000,台積電元大99購25,0,0,0,0,0,0,0,0,0,-2000,0,0,0,0,2000,-2000,-2000
056462,訊芯凱基98購03  ,0,0,0,0,0,0,0,0,0,-2000,0,0,0,20000,22000,-2000,-2000
056455,群創凱基9A購01  ,0,0,0,0,0,0,0,0,0,-2000,0,0,0,0,2000,-2000,-2000
056351,鴻海元大98購06  ,0,0,0,0,0,0,0,0,0,-2000,0,0,0,0,2000,-2000,-2000
056398,南茂永豐98購01  ,0,0,0,0,0,0,0,0,0,-2000,0,0,0,34000,36000,-2000,-2000
056230,可成凱基98購03  ,0,0,0,0,0,0,0,0,0,-2000,0,0,0,0,2000,-2000,-2000
058850,華新科群益99購03,0,0,0,0,0,0,0,0,0,-2000,0,0,0,48000,50000,-2000,-2000
057502,訊芯群益98購02  ,0,0,0,0,0,0,0,0,0,-2000,0,0,0,103000,105000,-2000,-2000
059681,華新科國泰9B購02,0,0,0,0,0,0,0,0,0,-2000,0,0,0,0,2000,-2000,-2000
059724,聯發科元大99購30,0,0,0,0,0,0,0,0,0,-2000,0,0,0,8000,10000,-2000,-2000
059937,旺宏永豐99購03  ,0,0,0,0,0,0,0,0,0,-2000,0,0,0,0,2000,-2000,-2000
059913,台積電元大99購44,0,0,0,0,0,0,0,0,0,-2000,0,0,0,16000,18000,-2000,-2000
059794,滬深2X國票99購04,0,0,0,0,0,0,0,0,0,-2000,0,0,0,0,2000,-2000,-2000
059772,可成群益9A購05  ,0,0,0,0,0,0,0,0,0,-2000,0,0,0,0,2000,-2000,-2000
059738,上証2X元富99購01,0,0,0,0,0,0,0,0,0,-2000,0,0,0,0,2000,-2000,-2000
059857,台灣50群益99購06,0,0,0,0,0,0,0,0,0,-2000,0,0,0,28000,30000,-2000,-2000
059889,華新科國票99購04,0,0,0,0,0,0,0,0,0,-2000,0,0,0,3000,5000,-2000,-2000
058299,同欣電凱基9A購01,0,0,0,0,0,0,0,0,0,-2000,0,0,0,0,2000,-2000,-2000
057433,上銀國票98購04  ,0,0,0,0,0,0,0,0,0,-2000,0,0,0,0,2000,-2000,-2000
057376,新日興元大98購04,0,0,0,0,0,0,0,0,0,-2000,0,0,0,66000,68000,-2000,-2000
057269,鈺齊兆豐98購01  ,0,0,0,0,0,0,0,0,0,-2000,0,0,0,0,2000,-2000,-2000
059490,國巨國票99購09  ,0,0,0,0,0,0,0,0,0,-2000,0,0,0,0,2000,-2000,-2000
059491,國巨國票9A購05  ,0,0,0,0,0,0,0,0,0,-2000,0,0,0,10000,12000,-2000,-2000
056011,矽力中信99購01  ,0,0,0,0,0,0,0,0,0,-2000,0,0,0,0,2000,-2000,-2000
056085,聯發科統一97購01,0,0,0,0,0,0,0,0,0,-2000,0,0,0,0,2000,-2000,-2000
057843,晶技永豐98購02  ,0,0,0,0,0,0,0,0,0,-2000,0,0,0,10000,12000,-2000,-2000
057810,技嘉元大98購06  ,0,0,0,0,0,0,0,0,0,-2000,0,0,0,0,2000,-2000,-2000
057806,國巨元大98購20  ,0,0,0,0,0,0,0,0,0,-2000,0,0,0,0,2000,-2000,-2000
057916,國巨凱基98購13  ,0,0,0,0,0,0,0,0,0,-2000,0,0,0,33000,35000,-2000,-2000
058041,FBVIX元大98購02 ,0,0,0,0,0,0,0,0,0,-2000,0,0,0,0,2000,-2000,-2000
058897,國巨元大99購17  ,0,0,0,0,0,0,0,0,0,-2000,0,0,0,0,2000,-2000,-2000
058139,臻鼎元大99購01  ,0,0,0,0,0,0,0,0,0,-2000,0,0,0,0,2000,-2000,-2000
05814P,臺股指國票96售07,0,0,0,0,0,0,0,0,0,-2000,0,0,0,31000,33000,-2000,-2000
059572,華新科凱基99購08,0,0,0,0,0,0,0,0,0,-2000,0,0,0,0,2000,-2000,-2000
057101,新光金中信9A購01,0,0,0,0,0,0,0,0,0,-2000,0,0,0,0,2000,-2000,-2000
059520,台表科永豐99購02,0,0,0,0,0,0,0,0,0,-2000,0,0,0,0,2000,-2000,-2000
055933,欣興群益98購02  ,0,0,0,0,0,0,0,0,0,-2000,0,0,0,0,2000,-2000,-2000
055910,瑞昱凱基98購01  ,0,0,0,0,0,0,0,0,0,-2000,0,0,0,0,2000,-2000,-2000
058186,聯發科永豐99購01,0,0,0,0,0,0,0,0,0,-2000,0,0,0,153000,155000,-2000,-2000
056941,台郡元富9B購01  ,0,0,0,0,0,0,0,0,0,-2000,0,0,0,0,2000,-2000,-2000
056912,臺股指元大99購04,0,0,0,0,0,0,0,0,0,-2000,0,0,0,20000,22000,-2000,-2000
056788,日月光群益98購01,0,0,0,0,0,0,0,0,0,-2000,0,0,0,0,2000,-2000,-2000
4148,全宇生技-KY     ,2000,4000,-2000,0,0,0,0,0,0,0,0,0,0,0,0,0,-2000
4912,聯德控股-KY     ,0,2000,-2000,0,0,0,0,0,0,0,0,0,0,0,0,0,-2000
9918,欣天然          ,0,2000,-2000,0,0,0,0,0,0,0,0,0,0,0,0,0,-2000
6579,研揚            ,0,2000,-2000,0,0,0,0,0,0,0,0,0,0,0,0,0,-2000
6666,羅麗芬-KY       ,4000,5000,-1000,0,0,0,0,0,0,-1000,0,1000,-1000,0,0,0,-2000
8072,陞泰            ,0,2000,-2000,0,0,0,0,0,0,0,0,0,0,0,0,0,-2000
2881A,富邦特          ,0,2000,-2000,0,0,0,0,0,0,0,0,0,0,0,0,0,-2000
2483,百容            ,0,2000,-2000,0,0,0,0,0,0,0,0,0,0,0,0,0,-2000
3694,海華            ,0,2000,-2000,0,0,0,0,0,0,0,0,0,0,0,0,0,-2000
2911,麗嬰房          ,0,2000,-2000,0,0,0,0,0,0,0,0,0,0,0,0,0,-2000
5434,崇越            ,207000,216057,-9057,0,0,0,0,0,0,7000,7000,0,7000,0,0,0,-2057
5522,遠雄            ,467000,356000,111000,0,0,0,3592,0,3592,-117000,0,117000,-117000,0,0,0,-2408
06086P,台積電康和97售01,0,0,0,0,0,0,0,0,0,-3000,0,0,0,0,3000,-3000,-3000
061103,聯發科元大9A購08,0,0,0,0,0,0,0,0,0,-3000,0,0,0,0,3000,-3000,-3000
061113,南電元大9A購03  ,0,0,0,0,0,0,0,0,0,-3000,0,0,0,4000,7000,-3000,-3000
061195,健策永豐9B購02  ,0,0,0,0,0,0,0,0,0,-3000,0,0,0,27000,30000,-3000,-3000
06137P,玉晶光永豐97售04,0,0,0,0,0,0,0,0,0,-3000,0,0,0,48000,51000,-3000,-3000
061255,道瓊反凱基9C購01,0,0,0,0,0,0,0,0,0,-3000,0,0,0,0,3000,-3000,-3000
06201P,可成元大97售01  ,0,0,0,0,0,0,0,0,0,-3000,0,0,0,0,3000,-3000,-3000
06057P,大立光凱基98售01,0,0,0,0,0,0,0,0,0,-3000,0,0,0,0,3000,-3000,-3000
060394,欣興麥證9A購01  ,0,0,0,1000,4000,-3000,0,0,0,-3000,0,0,0,1000,4000,-3000,-3000
060244,大立光元大9B購02,0,0,0,0,0,0,0,0,0,-3000,0,0,0,19000,22000,-3000,-3000
060129,祥碩永豐99購03  ,0,0,0,0,0,0,0,0,0,-3000,0,0,0,23000,26000,-3000,-3000
060146,健策國票9A購03  ,0,0,0,0,0,0,0,0,0,-3000,0,0,0,0,3000,-3000,-3000
06016P,京元電凱基96售03,0,0,0,0,0,0,0,0,0,-3000,0,0,0,3000,6000,-3000,-3000
060192,欣興元富9A購01  ,0,0,0,0,0,0,0,0,0,-3000,0,0,0,0,3000,-3000,-3000
1618,合機            ,1000,0,1000,0,0,0,0,0,0,-4000,0,4000,-4000,0,0,0,-3000
1713,國化            ,0,3000,-3000,0,0,0,0,0,0,0,0,0,0,0,0,0,-3000
1721,三晃            ,0,3000,-3000,0,0,0,0,0,0,0,0,0,0,0,0,0,-3000
1903,士紙            ,3000,6000,-3000,0,0,0,0,0,0,0,0,0,0,0,0,0,-3000
1442,名軒            ,12000,11000,1000,0,0,0,0,4000,-4000,0,0,0,0,0,0,0,-3000
1419,新紡            ,0,3000,-3000,0,0,0,0,0,0,0,0,0,0,0,0,0,-3000
2227,裕日車          ,2000,5000,-3000,0,0,0,0,0,0,0,0,0,0,0,0,0,-3000
07484P,台灣50凱基04售02,0,0,0,0,0,0,0,0,0,-3000,0,0,0,0,3000,-3000,-3000
1236,宏亞            ,0,3000,-3000,0,0,0,0,0,0,0,0,0,0,0,0,0,-3000
07342P,大立光凱基99售14,0,0,0,0,0,0,0,0,0,-3000,0,0,0,194000,197000,-3000,-3000
07413P,國巨元大99售33  ,0,0,0,0,0,0,0,0,0,-3000,0,0,0,144000,147000,-3000,-3000
06886P,旺宏元大99售07  ,0,0,0,0,0,0,0,0,0,-3000,0,0,0,2000,5000,-3000,-3000
06306P,臺股指元大97售12,0,0,0,0,0,0,0,0,0,-3000,0,0,0,1000,4000,-3000,-3000
06501P,臺股指元大9A售06,0,0,0,0,0,0,0,0,0,-3000,0,0,0,4000,7000,-3000,-3000
035275,台積電台新97購01,0,0,0,0,0,0,0,0,0,-3000,0,0,0,0,3000,-3000,-3000
04049P,大立光元大95售02,0,0,0,0,0,0,0,0,0,-3000,0,0,0,10000,13000,-3000,-3000
03679C,臺股指元大04牛04,0,0,0,0,0,0,0,0,0,-3000,0,0,0,0,3000,-3000,-3000
03831P,臺股指中信95售02,0,0,0,0,0,0,0,0,0,-3000,0,0,0,0,3000,-3000,-3000
051708,創意群益95購02  ,0,0,0,0,0,0,0,0,0,-3000,0,0,0,0,3000,-3000,-3000
00666R,富邦恒生國企反1 ,0,0,0,0,0,0,0,0,0,-3000,0,0,0,81000,84000,-3000,-3000
00668,國泰美國道瓊    ,0,3000,-3000,0,0,0,0,0,0,0,0,0,0,124000,124000,0,-3000
00851,台新全球AI      ,0,0,0,0,0,0,0,0,0,-3000,0,0,0,4000,7000,-3000,-3000
03022X,富展01          ,0,0,0,0,0,0,0,0,0,-3000,0,0,0,1000,4000,-3000,-3000
03028X,元展25          ,0,0,0,0,0,0,0,0,0,-3000,0,0,0,0,3000,-3000,-3000
048873,玉晶光國票95購02,0,0,0,0,0,0,0,0,0,-3000,0,0,0,0,3000,-3000,-3000
03075X,元展70          ,0,0,0,0,0,0,0,0,0,-3000,0,0,0,0,3000,-3000,-3000
04606P,高股息中信96售01,0,0,0,0,0,0,0,0,0,-3000,0,0,0,0,3000,-3000,-3000
051382,玉晶光群益98購02,0,0,0,0,0,0,0,0,0,-3000,0,0,0,116000,119000,-3000,-3000
05138P,嘉聯益凱基96售02,0,0,0,0,0,0,0,0,0,-3000,0,0,0,12000,15000,-3000,-3000
050228,中磊中信96購01  ,0,0,0,0,0,0,0,0,0,-3000,0,0,0,0,3000,-3000,-3000
052294,創意國票96購03  ,0,0,0,0,0,0,0,0,0,-3000,0,0,0,16000,19000,-3000,-3000
052203,T50反1中信99購03,0,0,0,0,0,0,0,0,0,-3000,0,0,0,25000,28000,-3000,-3000
051003,中環中信97購01  ,0,0,0,0,0,0,0,0,0,-3000,0,0,0,0,3000,-3000,-3000
055879,神達元富97購01  ,0,0,0,0,0,0,0,0,0,-3000,0,0,0,0,3000,-3000,-3000
054405,樺漢康和96購01  ,0,0,0,0,0,0,0,0,0,-3000,0,0,0,27000,30000,-3000,-3000
05437P,聯詠永豐95售02  ,0,0,0,0,0,0,0,0,0,-3000,0,0,0,0,3000,-3000,-3000
052968,燿華群益98購01  ,0,0,0,0,0,0,0,0,0,-3000,0,0,0,0,3000,-3000,-3000
054589,聯鈞國泰99購01  ,0,0,0,0,0,0,0,0,0,-3000,0,0,0,0,3000,-3000,-3000
054654,全新麥證99購01  ,0,0,0,2000,5000,-3000,0,0,0,-3000,0,0,0,2000,5000,-3000,-3000
053662,矽力凱基97購01  ,0,0,0,0,0,0,0,0,0,-3000,0,0,0,2000,5000,-3000,-3000
054828,正崴國泰99購01  ,0,0,0,0,0,0,0,0,0,-3000,0,0,0,0,3000,-3000,-3000
053924,京鼎國票97購01  ,0,0,0,0,0,0,0,0,0,-3000,0,0,0,9000,12000,-3000,-3000
054064,台郡國票97購04  ,0,0,0,0,0,0,0,0,0,-3000,0,0,0,0,3000,-3000,-3000
055068,亞翔永豐97購01  ,0,0,0,0,0,0,0,0,0,-3000,0,0,0,0,3000,-3000,-3000
05410P,聯發科元富95售04,0,0,0,0,0,0,0,0,0,-3000,0,0,0,90000,93000,-3000,-3000
055039,神達富邦99購01  ,0,0,0,0,0,0,0,0,0,-3000,0,0,0,0,3000,-3000,-3000
053349,台郡國票97購02  ,0,0,0,0,0,0,0,0,0,-3000,0,0,0,0,3000,-3000,-3000
055475,臻鼎凱基97購02  ,0,0,0,0,0,0,0,0,0,-3000,0,0,0,0,3000,-3000,-3000
055405,華泰國泰98購01  ,0,0,0,0,0,0,0,0,0,-3000,0,0,0,0,3000,-3000,-3000
055249,大毅統一99購01  ,0,0,0,0,0,0,0,0,0,-3000,0,0,0,0,3000,-3000,-3000
055327,致新國票98購01  ,0,0,0,0,0,0,0,0,0,-3000,0,0,0,0,3000,-3000,-3000
059135,臺股指群益99購10,0,0,0,0,0,0,0,0,0,-3000,0,0,0,1000,4000,-3000,-3000
059118,晶技永豐9A購01  ,0,0,0,0,0,0,0,0,0,-3000,0,0,0,0,3000,-3000,-3000
059463,台灣50元大9C購07,0,0,0,0,0,0,0,0,0,-3000,0,0,0,0,3000,-3000,-3000
059437,京鼎元大99購02  ,0,0,0,0,0,0,0,0,0,-3000,0,0,0,0,3000,-3000,-3000
059197,可成永豐99購02  ,0,0,0,0,0,0,0,0,0,-3000,0,0,0,1000,4000,-3000,-3000
056785,可成群益99購01  ,0,0,0,0,0,0,0,0,0,-3000,0,0,0,0,3000,-3000,-3000
056820,欣興永豐98購02  ,0,0,0,0,0,0,0,0,0,-3000,0,0,0,1000,4000,-3000,-3000
056822,佐登永豐98購01  ,0,0,0,0,0,0,0,0,0,-3000,0,0,0,50000,53000,-3000,-3000
056895,技嘉元大98購01  ,0,0,0,0,0,0,0,0,0,-3000,0,0,0,0,3000,-3000,-3000
056877,群創凱基99購04  ,0,0,0,0,0,0,0,0,0,-3000,0,0,0,3000,6000,-3000,-3000
057224,和碩日盛9A購01  ,0,0,0,0,0,0,0,0,0,-3000,0,0,0,0,3000,-3000,-3000
057204,利勤元富98購01  ,0,0,0,0,0,0,0,0,0,-3000,0,0,0,0,3000,-3000,-3000
059427,國巨元大99購24  ,0,0,0,0,0,0,0,0,0,-3000,0,0,0,0,3000,-3000,-3000
057096,緯穎元富98購01  ,0,0,0,0,0,0,0,0,0,-3000,0,0,0,152000,155000,-3000,-3000
058115,台光電中信99購01,0,0,0,0,0,0,0,0,0,-3000,0,0,0,16000,19000,-3000,-3000
059564,鴻海凱基9A購15  ,0,0,0,0,0,0,0,0,0,-3000,0,0,0,0,3000,-3000,-3000
058863,可成凱基99購02  ,0,0,0,0,0,0,0,0,0,-3000,0,0,0,0,3000,-3000,-3000
058912,祥碩元大99購01  ,0,0,0,0,0,0,0,0,0,-3000,0,0,0,93000,96000,-3000,-3000
059509,奇力新永豐99購02,0,0,0,0,0,0,0,0,0,-3000,0,0,0,0,3000,-3000,-3000
058004,大立光群益98購03,0,0,0,0,0,0,0,0,0,-3000,0,0,0,0,3000,-3000,-3000
057867,大立光凱基98購17,0,0,0,0,0,0,0,0,0,-3000,0,0,0,0,3000,-3000,-3000
057766,矽力凱基98購03  ,0,0,0,0,0,0,0,0,0,-3000,0,0,0,0,3000,-3000,-3000
057773,技嘉群益9A購02  ,0,0,0,0,0,0,0,0,0,-3000,0,0,0,0,3000,-3000,-3000
057313,聯發科麥證99購01,0,0,0,0,3000,-3000,0,0,0,-3000,0,0,0,0,3000,-3000,-3000
057303,喬山兆豐99購01  ,0,0,0,0,0,0,0,0,0,-3000,0,0,0,0,3000,-3000,-3000
057321,台泥群益98購01  ,0,0,0,0,0,0,0,0,0,-3000,0,0,0,0,3000,-3000,-3000
057072,日月光永豐98購01,0,0,0,0,0,0,0,0,0,-3000,0,0,0,0,3000,-3000,-3000
057058,祥碩元大98購04  ,0,0,0,0,0,0,0,0,0,-3000,0,0,0,0,3000,-3000,-3000
05700P,臻鼎凱基96售02  ,0,0,0,0,0,0,0,0,0,-3000,0,0,0,0,3000,-3000,-3000
057052,華擎元大98購01  ,0,0,0,0,0,0,0,0,0,-3000,0,0,0,0,3000,-3000,-3000
058255,臺股指元大9A購19,0,0,0,0,0,0,0,0,0,-3000,0,0,0,0,3000,-3000,-3000
059789,貿聯元大9A購02  ,0,0,0,0,0,0,0,0,0,-3000,0,0,0,164000,167000,-3000,-3000
059711,滬深2X元大9C購02,0,0,0,0,0,0,0,0,0,-3000,0,0,0,0,3000,-3000,-3000
059665,嘉聯益元大99購06,0,0,0,0,0,0,0,0,0,-3000,0,0,0,30000,33000,-3000,-3000
059599,健策元大9B購02  ,0,0,0,0,0,0,0,0,0,-3000,0,0,0,8000,11000,-3000,-3000
059616,滬深2X群益01購04,0,0,0,0,0,0,0,0,0,-3000,0,0,0,0,3000,-3000,-3000
056546,致伸凱基98購01  ,0,0,0,0,0,0,0,0,0,-3000,0,0,0,0,3000,-3000,-3000
059013,臺股指元大9A購32,0,0,0,0,0,0,0,0,0,-3000,0,0,0,1000,4000,-3000,-3000
056209,超眾永豐97購02  ,0,0,0,0,0,0,0,0,0,-3000,0,0,0,7000,10000,-3000,-3000
056451,可成凱基99購01  ,0,0,0,0,0,0,0,0,0,-3000,0,0,0,0,3000,-3000,-3000
058988,大立光凱基9A購02,0,0,0,0,0,0,0,0,0,-3000,0,0,0,0,3000,-3000,-3000
058981,國巨凱基99購10  ,0,0,0,0,0,0,0,0,0,-3000,0,0,0,3000,6000,-3000,-3000
058970,鴻海永豐99購02  ,0,0,0,0,0,0,0,0,0,-3000,0,0,0,218000,221000,-3000,-3000
058587,台積電中信9C購03,0,0,0,0,0,0,0,0,0,-3000,0,0,0,0,3000,-3000,-3000
058592,聯發科統一9C購01,0,0,0,0,0,0,0,0,0,-3000,0,0,0,0,3000,-3000,-3000
058674,宏達電群益99購01,0,0,0,0,0,0,0,0,0,-3000,0,0,0,32000,35000,-3000,-3000
058694,鈺齊國票9A購02  ,0,0,0,0,0,0,0,0,0,-3000,0,0,0,8000,11000,-3000,-3000
058821,泰鼎國泰9B購01  ,0,0,0,0,0,0,0,0,0,-3000,0,0,0,262000,265000,-3000,-3000
058822,樺漢國泰9B購01  ,0,0,0,0,0,0,0,0,0,-3000,0,0,0,10000,13000,-3000,-3000
05871P,全新凱基96售04  ,0,0,0,0,0,0,0,0,0,-3000,0,0,0,0,3000,-3000,-3000
5907,大洋-KY         ,63000,72000,-9000,0,0,0,0,0,0,6000,0,0,0,6000,0,6000,-3000
6215,和椿            ,1000,4000,-3000,0,0,0,0,0,0,0,0,0,0,0,0,0,-3000
9927,泰銘            ,3000,6000,-3000,0,0,0,0,0,0,0,0,0,0,0,0,0,-3000
2509,全坤建          ,0,3000,-3000,0,0,0,0,0,0,0,0,0,0,0,0,0,-3000
2849,安泰銀          ,7000,11000,-4000,0,0,0,0,0,0,1000,1000,0,1000,0,0,0,-3000
06478P,臺股指日盛9A售01,0,0,0,0,0,0,0,0,0,-4000,0,0,0,0,4000,-4000,-4000
06548P,大立光元大98售10,0,0,0,0,0,0,0,0,0,-4000,0,0,0,0,4000,-4000,-4000
06955P,臻鼎元富99售01  ,0,0,0,0,0,0,0,0,0,-4000,0,0,0,0,4000,-4000,-4000
07388P,臺股指群益9C售07,0,0,0,0,0,0,0,0,0,-4000,0,0,0,6000,10000,-4000,-4000
06981P,台灣50麥證99售02,0,0,0,0,64000,-64000,0,0,0,-4000,0,0,0,60000,64000,-4000,-4000
1220,台榮            ,0,4000,-4000,0,0,0,0,0,0,0,0,0,0,0,0,0,-4000
07534P,台灣50群益9A售12,0,0,0,0,0,0,0,0,0,-4000,0,0,0,0,4000,-4000,-4000
2038,海光            ,0,4000,-4000,0,0,0,0,0,0,0,0,0,0,0,0,0,-4000
2430,燦坤            ,0,4000,-4000,0,0,0,0,0,0,0,0,0,0,0,0,0,-4000
2413,環科            ,11000,15000,-4000,0,0,0,0,0,0,0,0,0,0,0,0,0,-4000
1410,南染            ,0,4000,-4000,0,0,0,0,0,0,0,0,0,0,0,0,0,-4000
1507,永大            ,0,4000,-4000,0,0,0,0,0,0,0,0,0,0,0,0,0,-4000
1524,耿鼎            ,0,4000,-4000,0,0,0,0,0,0,0,0,0,0,0,0,0,-4000
060339,國巨統一01購01  ,0,0,0,0,0,0,0,0,0,-4000,0,0,0,6000,10000,-4000,-4000
060331,台積電麥證9A購01,0,0,0,0,4000,-4000,0,0,0,-4000,0,0,0,0,4000,-4000,-4000
060622,玉晶光元大9B購02,0,0,0,0,0,0,0,0,0,-4000,0,0,0,6000,10000,-4000,-4000
060648,鴻海第一9A購01  ,0,0,0,0,0,0,0,0,0,-4000,0,0,0,0,4000,-4000,-4000
06246P,茂林元富97售03  ,0,0,0,0,0,0,0,0,0,-4000,0,0,0,215000,219000,-4000,-4000
061156,玉晶光群益9A購07,0,0,0,0,0,0,0,0,0,-4000,0,0,0,0,4000,-4000,-4000
061203,國巨元大9A購15  ,0,0,0,0,0,0,0,0,0,-4000,0,0,0,0,4000,-4000,-4000
061059,世芯國票9B購01  ,0,0,0,0,0,0,0,0,0,-4000,0,0,0,10000,14000,-4000,-4000
061028,聚陽永豐9A購01  ,0,0,0,0,0,0,0,0,0,-4000,0,0,0,50000,54000,-4000,-4000
061006,新光金兆豐9A購01,0,0,0,0,0,0,0,0,0,-4000,0,0,0,0,4000,-4000,-4000
060769,國巨麥證9A購02  ,0,0,0,0,4000,-4000,0,0,0,-4000,0,0,0,0,4000,-4000,-4000
060802,道瓊指中信9C購03,0,0,0,0,0,0,0,0,0,-4000,0,0,0,0,4000,-4000,-4000
060713,聯詠永豐9A購01  ,0,0,0,0,0,0,0,0,0,-4000,0,0,0,18000,22000,-4000,-4000
055382,台郡元大99購01  ,0,0,0,0,0,0,0,0,0,-4000,0,0,0,0,4000,-4000,-4000
055168,光罩統一98購01  ,0,0,0,0,0,0,0,0,0,-4000,0,0,0,0,4000,-4000,-4000
055527,旺宏群益99購03  ,0,0,0,0,0,0,0,0,0,-4000,0,0,0,1000,5000,-4000,-4000
055730,建準元富97購02  ,0,0,0,0,0,0,0,0,0,-4000,0,0,0,0,4000,-4000,-4000
053195,玉晶光元富96購02,0,0,0,0,0,0,0,0,0,-4000,0,0,0,11000,15000,-4000,-4000
053453,新光金統一98購01,0,0,0,0,0,0,0,0,0,-4000,0,0,0,0,4000,-4000,-4000
053460,緯穎國泰97購01  ,0,0,0,0,0,0,0,0,0,-4000,0,0,0,1000,5000,-4000,-4000
053784,奇力新元大97購02,0,0,0,0,0,0,0,0,0,-4000,0,0,0,83000,87000,-4000,-4000
05457P,鴻海凱基95售20  ,0,0,0,0,0,0,0,0,0,-4000,0,0,0,0,4000,-4000,-4000
054139,揚明光元大96購01,0,0,0,0,0,0,0,0,0,-4000,0,0,0,0,4000,-4000,-4000
054158,國巨日盛99購01  ,0,0,0,0,0,0,0,0,0,-4000,0,0,0,6000,10000,-4000,-4000
051450,世芯元大95購02  ,0,0,0,0,0,0,0,0,0,-4000,0,0,0,0,4000,-4000,-4000
050867,聯鈞永豐95購01  ,0,0,0,0,0,0,0,0,0,-4000,0,0,0,1000,5000,-4000,-4000
052242,台達電台新96購01,0,0,0,0,0,0,0,0,0,-4000,0,0,0,0,4000,-4000,-4000
05201P,玉晶光國泰97售02,0,0,0,0,0,0,0,0,0,-4000,0,0,0,0,4000,-4000,-4000
050261,國巨元大95購04  ,0,0,0,0,0,0,0,0,0,-4000,0,0,0,6000,10000,-4000,-4000
00657,國泰日經225     ,0,0,0,0,0,0,0,0,0,-4000,0,0,0,100000,104000,-4000,-4000
051534,景碩國票97購01  ,0,0,0,0,0,0,0,0,0,-4000,0,0,0,0,4000,-4000,-4000
04914P,國巨國泰95售06  ,0,0,0,0,0,0,0,0,0,-4000,0,0,0,15000,19000,-4000,-4000
058654,鴻海中信03購01  ,0,0,0,0,0,0,0,0,0,-4000,0,0,0,0,4000,-4000,-4000
058671,旺宏群益9A購01  ,0,0,0,0,0,0,0,0,0,-4000,0,0,0,1000,5000,-4000,-4000
058610,欣興元大99購05  ,0,0,0,0,0,0,0,0,0,-4000,0,0,0,0,4000,-4000,-4000
058613,茂林元大99購03  ,0,0,0,0,0,0,0,0,0,-4000,0,0,0,68000,72000,-4000,-4000
056576,晶技元大99購02  ,0,0,0,0,0,0,0,0,0,-4000,0,0,0,5000,9000,-4000,-4000
05620P,大立光富邦9B售01,0,0,0,0,0,0,0,0,0,-4000,0,0,0,1000,5000,-4000,-4000
058847,國巨群益99購05  ,0,0,0,0,0,0,0,0,0,-4000,0,0,0,3000,7000,-4000,-4000
057550,聯發科凱基02購01,0,0,0,0,0,0,0,0,0,-4000,0,0,0,0,4000,-4000,-4000
059672,滬深2X元富99購06,0,0,0,0,0,0,0,0,0,-4000,0,0,0,0,4000,-4000,-4000
059673,玉山金元富99購01,0,0,0,0,0,0,0,0,0,-4000,0,0,0,0,4000,-4000,-4000
059692,聯詠永豐99購01  ,0,0,0,0,0,0,0,0,0,-4000,0,0,0,6000,10000,-4000,-4000
057387,奇力新永豐98購03,0,0,0,0,0,0,0,0,0,-4000,0,0,0,200000,204000,-4000,-4000
057669,嘉晶元大99購03  ,0,0,0,0,0,0,0,0,0,-4000,0,0,0,0,4000,-4000,-4000
058375,群創凱基9B購04  ,0,0,0,0,0,0,0,0,0,-4000,0,0,0,0,4000,-4000,-4000
058079,鴻海群益98購08  ,0,0,0,0,0,0,0,0,0,-4000,0,0,0,55000,59000,-4000,-4000
056926,日月光兆豐98購01,0,0,0,0,0,0,0,0,0,-4000,0,0,0,0,4000,-4000,-4000
2476,鉅祥            ,6000,10000,-4000,0,0,0,0,0,0,0,0,0,0,0,0,0,-4000
6164,華興            ,3000,7000,-4000,0,0,0,0,0,0,0,0,0,0,0,0,0,-4000
4141,龍燈-KY         ,8000,12000,-4000,0,0,0,0,0,0,0,0,0,0,0,0,0,-4000
060710,上銀永豐9A購01  ,0,0,0,0,0,0,0,0,0,-5000,0,0,0,0,5000,-5000,-5000
060884,超眾中信9B購01  ,0,0,0,0,0,0,0,0,0,-5000,0,0,0,0,5000,-5000,-5000
060930,超眾永豐9A購03  ,0,0,0,0,0,0,0,0,0,-5000,0,0,0,3000,8000,-5000,-5000
060958,儒鴻凱基9A購02  ,0,0,0,0,0,0,0,0,0,-5000,0,0,0,31000,36000,-5000,-5000
061014,台積電麥證9A購04,0,0,0,0,5000,-5000,0,0,0,-5000,0,0,0,0,5000,-5000,-5000
061230,臺指反元大01購04,0,0,0,0,0,0,0,0,0,-5000,0,0,0,0,5000,-5000,-5000
061189,可成富邦9B購02  ,0,0,0,0,0,0,0,0,0,-5000,0,0,0,0,5000,-5000,-5000
061267,玉山金凱基9B購01,0,0,0,0,0,0,0,0,0,-5000,0,0,0,0,5000,-5000,-5000
06177P,玉晶光元大98售07,0,0,0,0,0,0,0,0,0,-5000,0,0,0,5000,10000,-5000,-5000
060607,玉晶光凱基9A購06,0,0,0,0,0,0,0,0,0,-5000,0,0,0,0,5000,-5000,-5000
060513,緯穎元大9B購01  ,0,0,0,0,0,0,0,0,0,-5000,0,0,0,0,5000,-5000,-5000
060542,上銀凱基9A購04  ,0,0,0,0,0,0,0,0,0,-5000,0,0,0,3000,8000,-5000,-5000
060367,緯穎元富9A購02  ,0,0,0,0,0,0,0,0,0,-5000,0,0,0,45000,50000,-5000,-5000
060478,南電元大9A購01  ,0,0,0,0,0,0,0,0,0,-5000,0,0,0,5000,10000,-5000,-5000
060464,台積電元大9A購11,0,0,0,0,0,0,0,0,0,-5000,0,0,0,1000,6000,-5000,-5000
060059,鴻海兆豐99購06  ,0,0,0,0,0,0,0,0,0,-5000,0,0,0,5000,10000,-5000,-5000
1525,江申            ,0,0,0,0,0,0,0,5000,-5000,0,0,0,0,0,0,0,-5000
1558,伸興            ,20000,25000,-5000,0,0,0,0,0,0,0,0,0,0,0,0,0,-5000
2302,麗正            ,0,5000,-5000,0,0,0,0,0,0,0,0,0,0,0,0,0,-5000
07526P,臺股指中信9B售08,0,0,0,0,0,0,0,0,0,-5000,0,0,0,0,5000,-5000,-5000
07558P,玉晶光元大9A售10,0,0,0,0,0,0,0,0,0,-5000,0,0,0,13000,18000,-5000,-5000
1235,興泰            ,4000,8000,-4000,0,0,0,0,0,0,-1000,0,1000,-1000,0,0,0,-5000
07090P,台灣50凱基01售01,0,0,0,0,0,0,0,0,0,-5000,0,0,0,110000,115000,-5000,-5000
07112P,聯發科群益99售05,0,0,0,0,0,0,0,0,0,-5000,0,0,0,0,5000,-5000,-5000
07142P,台灣50元大01售01,0,0,0,0,0,0,0,0,0,-5000,0,0,0,0,5000,-5000,-5000
07175P,聯詠凱基99售02  ,0,0,0,0,0,0,0,0,0,-5000,0,0,0,0,5000,-5000,-5000
07173P,臺股指國票99售10,0,0,0,0,0,0,0,0,0,-5000,0,0,0,109000,114000,-5000,-5000
07161P,臺股指群益99售12,0,0,0,0,0,0,0,0,0,-5000,0,0,0,5000,10000,-5000,-5000
07212P,聯發科凱基99售14,0,0,0,0,0,0,0,0,0,-5000,0,0,0,0,5000,-5000,-5000
07401P,台積電凱基99售21,0,0,0,0,0,0,0,0,0,-5000,0,0,0,0,5000,-5000,-5000
07302P,臺股指元大9A售35,0,0,0,0,0,0,0,0,0,-5000,0,0,0,0,5000,-5000,-5000
07282P,聯發科凱基99售17,0,0,0,0,0,0,0,0,0,-5000,0,0,0,135000,140000,-5000,-5000
06899P,嘉澤群益98售01  ,0,0,0,0,0,0,0,0,0,-5000,0,0,0,0,5000,-5000,-5000
06876P,台灣50兆豐9B售01,0,0,0,0,0,0,0,0,0,-5000,0,0,0,0,5000,-5000,-5000
06845P,億光元大98售02  ,0,0,0,0,0,0,0,0,0,-5000,0,0,0,0,5000,-5000,-5000
06855P,聯發科富邦9A售01,0,0,0,0,0,0,0,0,0,-5000,0,0,0,0,5000,-5000,-5000
06860P,台灣50兆豐98售01,0,0,0,0,0,0,0,0,0,-5000,0,0,0,5000,10000,-5000,-5000
06748P,智邦台新98售02  ,0,0,0,0,0,0,0,0,0,-5000,0,0,0,40000,45000,-5000,-5000
06597P,國巨富邦9A售05  ,0,0,0,0,0,0,0,0,0,-5000,0,0,0,0,5000,-5000,-5000
06608P,立積群益99售02  ,0,0,0,0,0,0,0,0,0,-5000,0,0,0,0,5000,-5000,-5000
06631P,玉晶光群益9A售03,0,0,0,0,0,0,0,0,0,-5000,0,0,0,48000,53000,-5000,-5000
06502P,A50中信98售01   ,0,0,0,0,0,0,0,0,0,-5000,0,0,0,15000,20000,-5000,-5000
04931P,臻鼎元富94售09  ,0,0,0,0,0,0,0,0,0,-5000,0,0,0,0,5000,-5000,-5000
03821P,上海銀統一95售01,0,0,0,0,0,0,0,0,0,-5000,0,0,0,0,5000,-5000,-5000
03674C,臺股指元富9C牛02,0,0,0,0,0,0,0,0,0,-5000,0,0,0,0,5000,-5000,-5000
051635,大立光國票96購04,0,0,0,0,0,0,0,0,0,-5000,0,0,0,0,5000,-5000,-5000
051653,南電永豐95購02  ,0,0,0,0,0,0,0,0,0,-5000,0,0,0,5000,10000,-5000,-5000
052739,國巨元大96購04  ,0,0,0,0,0,0,0,0,0,-5000,0,0,0,0,5000,-5000,-5000
00660,元大歐洲50      ,0,0,0,0,0,0,0,0,0,-5000,0,0,0,20000,25000,-5000,-5000
020015,統一MSCI美低波N ,0,0,0,0,0,0,0,0,0,-5000,0,0,0,0,5000,-5000,-5000
03314P,台積電元大02售16,0,0,0,0,0,0,0,0,0,-5000,0,0,0,0,5000,-5000,-5000
04842P,群創元大96售02  ,0,0,0,0,0,0,0,0,0,-5000,0,0,0,0,5000,-5000,-5000
049820,世紀鋼元大96購03,0,0,0,0,0,0,0,0,0,-5000,0,0,0,5000,10000,-5000,-5000
051339,智易永豐95購02  ,0,0,0,0,0,0,0,0,0,-5000,0,0,0,25000,30000,-5000,-5000
050649,華新科凱基96購01,0,0,0,0,0,0,0,0,0,-5000,0,0,0,20000,25000,-5000,-5000
052010,兆豐金中信95購01,0,0,0,0,0,0,0,0,0,-5000,0,0,0,0,5000,-5000,-5000
052383,臺股指元大95購29,0,0,0,0,0,0,0,0,0,-5000,0,0,0,0,5000,-5000,-5000
052130,國巨凱基9B購01  ,0,0,0,0,0,0,0,0,0,-5000,0,0,0,0,5000,-5000,-5000
05124P,華新科富邦97售02,0,0,0,0,0,0,0,0,0,-5000,0,0,0,20000,25000,-5000,-5000
054680,華新科康和97購02,0,0,0,0,0,0,0,0,0,-5000,0,0,0,1000,6000,-5000,-5000
052922,國巨永豐96購01  ,0,0,0,0,0,0,0,0,0,-5000,0,0,0,0,5000,-5000,-5000
052895,台積電群益96購04,0,0,0,0,0,0,0,0,0,-5000,0,0,0,88000,93000,-5000,-5000
053022,欣興國泰98購01  ,0,0,0,0,0,0,0,0,0,-5000,0,0,0,12000,17000,-5000,-5000
053050,華通國票97購02  ,0,0,0,0,0,0,0,0,0,-5000,0,0,0,0,5000,-5000,-5000
053534,微星永豐96購02  ,0,0,0,0,0,0,0,0,0,-5000,0,0,0,10000,15000,-5000,-5000
054840,T50反1兆豐98購01,0,0,0,0,0,0,0,0,0,-5000,0,0,0,0,5000,-5000,-5000
053599,崇越元大96購01  ,0,0,0,0,0,0,0,0,0,-5000,0,0,0,0,5000,-5000,-5000
054952,大毅元大97購02  ,0,0,0,0,0,0,0,0,0,-5000,0,0,0,5000,10000,-5000,-5000
055021,亞德客國泰98購01,0,0,0,0,0,0,0,0,0,-5000,0,0,0,0,5000,-5000,-5000
053986,矽創第一96購01  ,0,0,0,0,0,0,0,0,0,-5000,0,0,0,0,5000,-5000,-5000
053996,晶相光群益97購01,0,0,0,0,0,0,0,0,0,-5000,0,0,0,2000,7000,-5000,-5000
055719,可成元大97購03  ,0,0,0,0,0,0,0,0,0,-5000,0,0,0,0,5000,-5000,-5000
055537,康友群益97購03  ,0,0,0,0,0,0,0,0,0,-5000,0,0,0,0,5000,-5000,-5000
055231,大毅國票98購02  ,0,0,0,0,0,0,0,0,0,-5000,0,0,0,0,5000,-5000,-5000
059189,國泰金富邦9B購01,0,0,0,0,0,0,0,0,0,-5000,0,0,0,10000,15000,-5000,-5000
059345,禾伸堂凱基99購03,0,0,0,0,0,0,0,0,0,-5000,0,0,0,10000,15000,-5000,-5000
05718P,國巨元大96售09  ,0,0,0,0,0,0,0,0,0,-5000,0,0,0,0,5000,-5000,-5000
058073,大立光凱基99購04,0,0,0,0,0,0,0,0,0,-5000,0,0,0,0,5000,-5000,-5000
059405,台灣50國票01購01,0,0,0,0,0,0,0,0,0,-5000,0,0,0,0,5000,-5000,-5000
059362,健策永豐99購03  ,0,0,0,0,0,0,0,0,0,-5000,0,0,0,0,5000,-5000,-5000
058917,SGBR2X元富99購03,0,0,0,0,0,0,0,0,0,-5000,0,0,0,0,5000,-5000,-5000
058168,國巨凱基9A購04  ,0,0,0,0,0,0,0,0,0,-5000,0,0,0,0,5000,-5000,-5000
058362,聯發科凱基99購06,0,0,0,0,0,0,0,0,0,-5000,0,0,0,0,5000,-5000,-5000
058367,大立光凱基9A購01,0,0,0,0,0,0,0,0,0,-5000,0,0,0,0,5000,-5000,-5000
058051,同欣電元大98購03,0,0,0,0,0,0,0,0,0,-5000,0,0,0,0,5000,-5000,-5000
057962,超眾元大99購03  ,0,0,0,0,0,0,0,0,0,-5000,0,0,0,58000,63000,-5000,-5000
057964,緯穎元大99購03  ,0,0,0,0,0,0,0,0,0,-5000,0,0,0,0,5000,-5000,-5000
057677,臺股指元大98購07,0,0,0,0,0,0,0,0,0,-5000,0,0,0,0,5000,-5000,-5000
057712,南亞科統一9A購01,0,0,0,0,0,0,0,0,0,-5000,0,0,0,20000,25000,-5000,-5000
056103,聯發科永豐97購03,0,0,0,0,0,0,0,0,0,-5000,0,0,0,0,5000,-5000,-5000
057351,奇力新統一98購02,0,0,0,0,0,0,0,0,0,-5000,0,0,0,0,5000,-5000,-5000
059699,華通凱基99購04  ,0,0,0,0,0,0,0,0,0,-5000,0,0,0,0,5000,-5000,-5000
059635,華新科凱基9A購06,0,0,0,0,0,0,0,0,0,-5000,0,0,0,5000,10000,-5000,-5000
056665,上証2X國票99購02,0,0,0,0,0,0,0,0,0,-5000,0,0,0,0,5000,-5000,-5000
059827,晶技凱基99購03  ,0,0,0,0,0,0,0,0,0,-5000,0,0,0,0,5000,-5000,-5000
059893,台積電台新9A購02,0,0,0,0,0,0,0,0,0,-5000,0,0,0,0,5000,-5000,-5000
059067,上銀國票9A購02  ,0,0,0,0,0,0,0,0,0,-5000,0,0,0,0,5000,-5000,-5000
056135,緯創元大98購01  ,0,0,0,0,0,0,0,0,0,-5000,0,0,0,9000,14000,-5000,-5000
056458,日月光凱基98購02,0,0,0,0,0,0,0,0,0,-5000,0,0,0,0,5000,-5000,-5000
056413,上証反中信9A購01,0,0,0,0,0,0,0,0,0,-5000,0,0,0,0,5000,-5000,-5000
4164,承業醫          ,19000,23000,-4000,0,0,0,0,0,0,-1000,1000,2000,-1000,0,0,0,-5000
6674,鋐寶科技        ,1000,0,1000,0,0,0,0,0,0,-6000,0,6000,-6000,0,0,0,-5000
2482,連宇            ,2000,7000,-5000,0,0,0,0,0,0,0,0,0,0,0,0,0,-5000
2516,新建            ,3000,8000,-5000,0,0,0,0,0,0,0,0,0,0,0,0,0,-5000
2524,京城            ,18000,22000,-4000,0,0,0,0,1000,-1000,0,0,0,0,0,0,0,-5000
2536,宏普            ,65000,40000,25000,0,0,0,0,30000,-30000,0,0,0,0,0,0,0,-5000
2597,潤弘            ,17000,19000,-2000,0,0,0,0,0,0,-3000,0,3000,-3000,0,0,0,-5000
2705,六福            ,3000,8000,-5000,0,0,0,0,0,0,0,0,0,0,0,0,0,-5000
3305,昇貿            ,0,5000,-5000,0,0,0,0,0,0,0,0,0,0,0,0,0,-5000
06342P,世芯統一98售01  ,0,0,0,0,0,0,0,0,0,-6000,0,0,0,0,6000,-6000,-6000
06665P,欣興兆豐99售01  ,0,0,0,0,0,0,0,0,0,-6000,0,0,0,0,6000,-6000,-6000
06867P,訊芯元大98售08  ,0,0,0,0,0,0,0,0,0,-6000,0,0,0,50000,56000,-6000,-6000
07216P,大立光凱基99售08,0,0,0,0,0,0,0,0,0,-6000,0,0,0,0,6000,-6000,-6000
07729P,臺股指凱基9A售21,0,0,0,0,0,0,0,0,0,-6000,0,0,0,0,6000,-6000,-6000
07497P,鴻海元大9A售06  ,0,0,0,0,0,0,0,0,0,-6000,0,0,0,0,6000,-6000,-6000
2233,宇隆            ,19000,25000,-6000,0,0,0,0,0,0,0,0,0,0,0,0,0,-6000
2385,群光            ,1216000,1177000,39000,0,0,0,2000,3000,-1000,-44000,3000,6000,-3000,3000,44000,-41000,-6000
1626,艾美特-KY       ,23000,29000,-6000,0,0,0,0,0,0,0,0,0,0,0,0,0,-6000
060065,大立光兆豐9B購01,0,0,0,0,0,0,0,0,0,-6000,0,0,0,17000,23000,-6000,-6000
060308,劍麟永豐9A購01  ,0,0,0,0,0,0,0,0,0,-6000,0,0,0,4000,10000,-6000,-6000
060289,京元電元大9A購01,0,0,0,0,0,0,0,0,0,-6000,0,0,0,50000,56000,-6000,-6000
060358,國巨元富9A購01  ,0,0,0,0,0,0,0,0,0,-6000,0,0,0,0,6000,-6000,-6000
060650,奇力新中信9A購01,0,0,0,0,0,0,0,0,0,-6000,0,0,0,20000,26000,-6000,-6000
06256P,臺股指群益97售09,0,0,0,0,0,0,0,0,0,-6000,0,0,0,9000,15000,-6000,-6000
061198,世紀鋼永豐9A購03,0,0,0,0,0,0,0,0,0,-6000,0,0,0,0,6000,-6000,-6000
060965,中租凱基9B購01  ,0,0,0,0,0,0,0,0,0,-6000,0,0,0,0,6000,-6000,-6000
059310,元石油元大99購03,0,0,0,0,0,0,0,0,0,-6000,0,0,0,4000,10000,-6000,-6000
05924P,超眾元富96售04  ,0,0,0,0,0,0,0,0,0,-6000,0,0,0,0,6000,-6000,-6000
059262,致茂中信01購01  ,0,0,0,0,0,0,0,0,0,-6000,0,0,0,9000,15000,-6000,-6000
059195,國巨永豐99購04  ,0,0,0,0,0,0,0,0,0,-6000,0,0,0,0,6000,-6000,-6000
059133,臺股指群益99購08,0,0,0,0,0,0,0,0,0,-6000,0,0,0,0,6000,-6000,-6000
055597,禾伸堂元大98購02,0,0,0,0,0,0,0,0,0,-6000,0,0,0,20000,26000,-6000,-6000
055473,禾伸堂凱基97購01,0,0,0,0,0,0,0,0,0,-6000,0,0,0,0,6000,-6000,-6000
055063,玉晶光永豐99購01,0,0,0,0,0,0,0,0,0,-6000,0,0,0,24000,30000,-6000,-6000
054923,晶技凱基98購01  ,0,0,0,0,0,0,0,0,0,-6000,0,0,0,9000,15000,-6000,-6000
054895,南電統一97購01  ,0,0,0,0,0,0,0,0,0,-6000,0,0,0,0,6000,-6000,-6000
054740,強茂凱基99購01  ,0,0,0,0,0,0,0,0,0,-6000,0,0,0,0,6000,-6000,-6000
054563,泰碩群益99購01  ,0,0,0,0,0,0,0,0,0,-6000,0,0,0,86000,92000,-6000,-6000
052102,台泥兆豐96購01  ,0,0,0,0,0,0,0,0,0,-6000,0,0,0,0,6000,-6000,-6000
048898,晶相光國泰96購01,0,0,0,0,0,0,0,0,0,-6000,0,0,0,9000,15000,-6000,-6000
00689R,國泰20年美債反1 ,0,0,0,0,0,0,0,0,0,-6000,0,0,0,102000,108000,-6000,-6000
00731,FH富時高息低波  ,1000,1000,0,0,0,0,0,0,0,-6000,0,0,0,21000,27000,-6000,-6000
00735,國泰臺韓科技    ,0,0,0,0,0,0,0,0,0,-6000,0,0,0,200000,206000,-6000,-6000
052418,玉晶光兆豐96購01,0,0,0,0,0,0,0,0,0,-6000,0,0,0,0,6000,-6000,-6000
052511,聯發科凱基95購14,0,0,0,0,0,0,0,0,0,-6000,0,0,0,5000,11000,-6000,-6000
059066,道瓊指國票04購01,0,0,0,0,0,0,0,0,0,-6000,0,0,0,0,6000,-6000,-6000
059022,聯發科統一9B購04,0,0,0,0,0,0,0,0,0,-6000,0,0,0,0,6000,-6000,-6000
058631,鈺齊國票9A購01  ,0,0,0,0,0,0,0,0,0,-6000,0,0,0,2000,8000,-6000,-6000
058793,鴻海元大99購19  ,0,0,0,0,0,0,0,0,0,-6000,0,0,0,9000,15000,-6000,-6000
058951,南電群益99購01  ,0,0,0,0,0,0,0,0,0,-6000,0,0,0,30000,36000,-6000,-6000
059818,鴻海凱基99購14  ,0,0,0,0,0,0,0,0,0,-6000,0,0,0,0,6000,-6000,-6000
059763,華擎永豐99購03  ,0,0,0,0,0,0,0,0,0,-6000,0,0,0,98000,104000,-6000,-6000
059597,大立光元大99購21,0,0,0,0,0,0,0,0,0,-6000,0,0,0,41000,47000,-6000,-6000
059664,立積元大9C購01  ,0,0,0,0,0,0,0,0,0,-6000,0,0,0,0,6000,-6000,-6000
059644,茂林凱基99購03  ,0,0,0,0,0,0,0,0,0,-6000,0,0,0,0,6000,-6000,-6000
057427,華通兆豐99購01  ,0,0,0,0,0,0,0,0,0,-6000,0,0,0,0,6000,-6000,-6000
057751,神達國票99購02  ,0,0,0,0,0,0,0,0,0,-6000,0,0,0,0,6000,-6000,-6000
057978,聯發科永豐98購05,0,0,0,0,0,0,0,0,0,-6000,0,0,0,172000,178000,-6000,-6000
058919,SGBR2X元富99購05,0,0,0,0,0,0,0,0,0,-6000,0,0,0,210000,216000,-6000,-6000
059410,滬深2X國票9A購04,0,0,0,0,0,0,0,0,0,-6000,0,0,0,0,6000,-6000,-6000
055994,聯發科國泰99購02,0,0,0,0,0,0,0,0,0,-6000,0,0,0,40000,46000,-6000,-6000
056856,華通群益9A購01  ,0,0,0,0,0,0,0,0,0,-6000,0,0,0,0,6000,-6000,-6000
056851,瑞儀元富98購01  ,0,0,0,0,0,0,0,0,0,-6000,0,0,0,68000,74000,-6000,-6000
056817,國巨永豐98購04  ,0,0,0,0,0,0,0,0,0,-6000,0,0,0,10000,16000,-6000,-6000
2748,雲品            ,1000,2000,-1000,0,0,0,0,5000,-5000,0,0,0,0,0,0,0,-6000
2530,華建            ,0,6000,-6000,0,0,0,0,0,0,0,0,0,0,0,0,0,-6000
2485,兆赫            ,188000,171000,17000,0,0,0,0,0,0,-23000,0,23000,-23000,0,0,0,-6000
2468,華經            ,4000,10000,-6000,0,0,0,0,0,0,0,0,0,0,0,0,0,-6000
6671,三能-KY         ,0,6000,-6000,0,0,0,0,0,0,0,0,0,0,0,0,0,-6000
4438,廣越            ,5000,15000,-10000,0,0,0,0,0,0,4000,4000,0,4000,0,0,0,-6000
060845,欣興國票9A購01  ,0,0,0,0,0,0,0,0,0,-7000,0,0,0,0,7000,-7000,-7000
060723,致新永豐9A購01  ,0,0,0,0,0,0,0,0,0,-7000,0,0,0,215000,222000,-7000,-7000
060749,祥碩國票9A購01  ,0,0,0,0,0,0,0,0,0,-7000,0,0,0,10000,17000,-7000,-7000
06216P,上銀元富97售03  ,0,0,0,0,0,0,0,0,0,-7000,0,0,0,0,7000,-7000,-7000
061058,健策國票9A購05  ,0,0,0,0,0,0,0,0,0,-7000,0,0,0,5000,12000,-7000,-7000
060664,聯詠凱基9A購01  ,0,0,0,0,0,0,0,0,0,-7000,0,0,0,0,7000,-7000,-7000
060602,京元電凱基9A購01,0,0,0,0,0,0,0,0,0,-7000,0,0,0,10000,17000,-7000,-7000
060592,上銀麥證9A購01  ,0,0,0,0,7000,-7000,0,0,0,-7000,0,0,0,0,7000,-7000,-7000
060594,國巨麥證9A購01  ,0,0,0,0,7000,-7000,0,0,0,-7000,0,0,0,0,7000,-7000,-7000
060536,祥碩麥證9A購01  ,0,0,0,6000,13000,-7000,0,0,0,-7000,0,0,0,6000,13000,-7000,-7000
060064,華新科兆豐99購07,0,0,0,0,0,0,0,0,0,-7000,0,0,0,19000,26000,-7000,-7000
2414,精技            ,15000,22000,-7000,0,0,0,0,0,0,0,0,0,0,0,0,0,-7000
2028,威致            ,3000,10000,-7000,0,0,0,0,0,0,0,0,0,0,0,0,0,-7000
07717P,臺股指群益9A售06,0,0,0,0,0,0,0,0,0,-7000,0,0,0,0,7000,-7000,-7000
1110,東泥            ,0,7000,-7000,0,0,0,0,0,0,0,0,0,0,0,0,0,-7000
07738P,玉晶光永豐9A售06,0,0,0,0,0,0,0,0,0,-7000,0,0,0,0,7000,-7000,-7000
07146P,瑞昱元大99售02  ,0,0,0,0,0,0,0,0,0,-7000,0,0,0,0,7000,-7000,-7000
07048P,台積電中信03售01,0,0,0,0,0,0,0,0,0,-7000,0,0,0,0,7000,-7000,-7000
07372P,滬深2X元大99售08,0,0,0,0,0,0,0,0,0,-7000,0,0,0,0,7000,-7000,-7000
06825P,臺股指國票98售01,0,0,0,0,0,0,0,0,0,-7000,0,0,0,7000,14000,-7000,-7000
06653P,美食元大98售02  ,0,0,0,0,0,0,0,0,0,-7000,0,0,0,23000,30000,-7000,-7000
06697P,台積電國票99售05,0,0,0,0,0,0,0,0,0,-7000,0,0,0,3000,10000,-7000,-7000
06752P,訊芯凱基98售05  ,0,0,0,0,0,0,0,0,0,-7000,0,0,0,10000,17000,-7000,-7000
06558P,旺宏元富98售02  ,0,0,0,0,0,0,0,0,0,-7000,0,0,0,3000,10000,-7000,-7000
03432B,臺股指凱基98熊13,0,0,0,0,0,0,0,0,0,-7000,0,0,0,0,7000,-7000,-7000
03428B,臺股指凱基97熊18,0,0,0,0,0,0,0,0,0,-7000,0,0,0,0,7000,-7000,-7000
01004T,土銀富邦R2      ,0,7000,-7000,0,0,0,0,0,0,0,0,0,0,0,0,0,-7000
03422B,臺股指凱基96熊28,0,0,0,0,0,0,0,0,0,-7000,0,0,0,0,7000,-7000,-7000
052325,高股息中信99購01,0,0,0,0,0,0,0,0,0,-7000,0,0,0,0,7000,-7000,-7000
054416,禾伸堂元大97購01,0,0,0,0,0,0,0,0,0,-7000,0,0,0,0,7000,-7000,-7000
054210,台光電國票97購03,0,0,0,0,0,0,0,0,0,-7000,0,0,0,31000,38000,-7000,-7000
054215,創意國票97購02  ,0,0,0,0,0,0,0,0,0,-7000,0,0,0,5000,12000,-7000,-7000
054905,國揚康和97購01  ,0,0,0,0,0,0,0,0,0,-7000,0,0,0,0,7000,-7000,-7000
054937,國巨元大97購03  ,0,0,0,0,0,0,0,0,0,-7000,0,0,0,0,7000,-7000,-7000
055044,信錦永豐97購01  ,0,0,0,0,0,0,0,0,0,-7000,0,0,0,3000,10000,-7000,-7000
053493,智邦兆豐97購02  ,0,0,0,0,0,0,0,0,0,-7000,0,0,0,0,7000,-7000,-7000
053372,元油反元大98購01,0,0,0,0,0,0,0,0,0,-7000,0,0,0,14000,21000,-7000,-7000
055746,同欣電元富97購01,0,0,0,0,0,0,0,0,0,-7000,0,0,0,288000,295000,-7000,-7000
055675,亞德客凱基97購02,0,0,0,0,0,0,0,0,0,-7000,0,0,0,7000,14000,-7000,-7000
055138,大毅永豐97購02  ,0,0,0,0,0,0,0,0,0,-7000,0,0,0,2000,9000,-7000,-7000
059161,鴻海凱基9A購09  ,0,0,0,0,0,0,0,0,0,-7000,0,0,0,4000,11000,-7000,-7000
059267,群創中信01購02  ,0,0,0,0,0,0,0,0,0,-7000,0,0,0,0,7000,-7000,-7000
056906,玉晶光元大9B購01,0,0,0,0,0,0,0,0,0,-7000,0,0,0,0,7000,-7000,-7000
055955,微星元大97購01  ,0,0,0,0,0,0,0,0,0,-7000,0,0,0,58000,65000,-7000,-7000
055935,創意群益97購02  ,0,0,0,0,0,0,0,0,0,-7000,0,0,0,1000,8000,-7000,-7000
056702,欣興國泰9A購01  ,0,0,0,0,0,0,0,0,0,-7000,0,0,0,29000,36000,-7000,-7000
057163,上銀元大98購04  ,0,0,0,0,0,0,0,0,0,-7000,0,0,0,68000,75000,-7000,-7000
059537,大立光凱基99購09,0,0,0,0,0,0,0,0,0,-7000,0,0,0,0,7000,-7000,-7000
058009,智易國票99購01  ,0,0,0,0,0,0,0,0,0,-7000,0,0,0,0,7000,-7000,-7000
057928,鈺齊凱基98購02  ,0,0,0,0,0,0,0,0,0,-7000,0,0,0,0,7000,-7000,-7000
056127,致新國票98購02  ,0,0,0,0,0,0,0,0,0,-7000,0,0,0,1000,8000,-7000,-7000
05764P,世紀鋼永豐96售03,0,0,0,0,0,0,0,0,0,-7000,0,0,0,0,7000,-7000,-7000
057346,鴻海統一98購13  ,0,0,0,0,0,0,0,0,0,-7000,0,0,0,0,7000,-7000,-7000
057277,可成元大98購05  ,0,0,0,0,0,0,0,0,0,-7000,0,0,0,26000,33000,-7000,-7000
059746,聯鈞元富99購03  ,0,0,0,0,0,0,0,0,0,-7000,0,0,0,9000,16000,-7000,-7000
05974P,國巨富邦97售03  ,0,0,0,0,0,0,0,0,0,-7000,0,0,0,40000,47000,-7000,-7000
059864,亞德客凱基99購01,0,0,0,0,0,0,0,0,0,-7000,0,0,0,5000,12000,-7000,-7000
059055,旺宏凱基9B購02  ,0,0,0,0,0,0,0,0,0,-7000,0,0,0,5000,12000,-7000,-7000
058849,奇力新群益99購02,0,0,0,0,0,0,0,0,0,-7000,0,0,0,18000,25000,-7000,-7000
059082,華通元大99購06  ,0,0,0,0,0,0,0,0,0,-7000,0,0,0,0,7000,-7000,-7000
056292,統一元大97購01  ,0,0,0,0,0,0,0,0,0,-7000,0,0,0,0,7000,-7000,-7000
4572,駐龍            ,0,7000,-7000,0,0,0,0,0,0,0,0,0,0,0,0,0,-7000
4763,材料-KY         ,56000,61000,-5000,0,0,0,0,0,0,-2000,14000,16000,-2000,0,0,0,-7000
5533,皇鼎            ,2000,9000,-7000,0,0,0,0,0,0,0,0,0,0,0,0,0,-7000
910322,康師傅-DR       ,0,7000,-7000,0,0,0,0,0,0,0,0,0,0,0,0,0,-7000
06584P,欣興凱基98售03  ,0,0,0,0,0,0,0,0,0,-8000,0,0,0,32000,40000,-8000,-8000
06373P,聯發科元大97售22,0,0,0,0,0,0,0,0,0,-8000,0,0,0,6000,14000,-8000,-8000
06809P,電子類群益98售03,0,0,0,0,0,0,0,0,0,-8000,0,0,0,0,8000,-8000,-8000
07068P,欣興台新99售01  ,0,0,0,0,0,0,0,0,0,-8000,0,0,0,0,8000,-8000,-8000
1323,永裕            ,4000,12000,-8000,0,0,0,0,0,0,0,0,0,0,0,0,0,-8000
060037,鴻海國票99購10  ,0,0,0,0,0,0,0,0,0,-8000,0,0,0,0,8000,-8000,-8000
060298,鎧勝元大9C購01  ,0,0,0,0,0,0,0,0,0,-8000,0,0,0,16000,24000,-8000,-8000
060527,台積電中信9C購04,0,0,0,0,0,0,0,0,0,-8000,0,0,0,20000,28000,-8000,-8000
060647,T50反1第一9A購01,0,0,0,0,0,0,0,0,0,-8000,0,0,0,12000,20000,-8000,-8000
060472,中租元大9A購02  ,0,0,0,0,0,0,0,0,0,-8000,0,0,0,34000,42000,-8000,-8000
061102,台積電元大9A購22,0,0,0,0,0,0,0,0,0,-8000,0,0,0,2000,10000,-8000,-8000
061012,國巨麥證9A購03  ,0,0,0,0,8000,-8000,0,0,0,-8000,0,0,0,0,8000,-8000,-8000
061010,上銀麥證9A購02  ,0,0,0,1000,9000,-8000,0,0,0,-8000,0,0,0,1000,9000,-8000,-8000
061000,旺宏兆豐9A購02  ,0,0,0,0,0,0,0,0,0,-8000,0,0,0,12000,20000,-8000,-8000
061223,T50反1中信01購01,0,0,0,0,0,0,0,0,0,-8000,0,0,0,0,8000,-8000,-8000
061254,道瓊反凱基9A購02,0,0,0,0,0,0,0,0,0,-8000,0,0,0,0,8000,-8000,-8000
06088P,建準永豐97售01  ,0,0,0,0,0,0,0,0,0,-8000,0,0,0,2000,10000,-8000,-8000
059257,臺股指凱基99購35,0,0,0,0,0,0,0,0,0,-8000,0,0,0,2000,10000,-8000,-8000
059140,大立光兆豐9A購02,0,0,0,0,0,0,0,0,0,-8000,0,0,0,0,8000,-8000,-8000
053309,泰鼎凱基96購03  ,0,0,0,0,0,0,0,0,0,-8000,0,0,0,7000,15000,-8000,-8000
055053,瑞昱永豐97購01  ,0,0,0,0,0,0,0,0,0,-8000,0,0,0,3000,11000,-8000,-8000
054735,漢唐凱基98購01  ,0,0,0,0,0,0,0,0,0,-8000,0,0,0,0,8000,-8000,-8000
054354,技嘉富邦97購01  ,0,0,0,0,0,0,0,0,0,-8000,0,0,0,80000,88000,-8000,-8000
05088P,大立光富邦99售01,0,0,0,0,0,0,0,0,0,-8000,0,0,0,0,8000,-8000,-8000
046384,群創凱基98購02  ,0,0,0,0,0,0,0,0,0,-8000,0,0,0,150000,158000,-8000,-8000
00866,新光Shiller CAPE,0,0,0,0,0,0,0,0,0,-8000,0,0,0,26000,34000,-8000,-8000
035276,南亞科台新97購01,0,0,0,0,0,0,0,0,0,-8000,0,0,0,252000,260000,-8000,-8000
059091,中信金元大99購01,0,0,0,0,0,0,0,0,0,-8000,0,0,0,0,8000,-8000,-8000
059513,揚明光永豐99購01,0,0,0,0,0,0,0,0,0,-8000,0,0,0,0,8000,-8000,-8000
058813,旺宏統一9B購04  ,0,0,0,0,0,0,0,0,0,-8000,0,0,0,0,8000,-8000,-8000
059887,華新科國票99購02,0,0,0,0,0,0,0,0,0,-8000,0,0,0,0,8000,-8000,-8000
056049,奇力新國票98購01,0,0,0,0,0,0,0,0,0,-8000,0,0,0,0,8000,-8000,-8000
058319,大毅永豐9A購01  ,0,0,0,0,0,0,0,0,0,-8000,0,0,0,2000,10000,-8000,-8000
058053,上銀統一9B購01  ,0,0,0,0,0,0,0,0,0,-8000,0,0,0,0,8000,-8000,-8000
057854,聯發科國票99購03,0,0,0,0,0,0,0,0,0,-8000,0,0,0,130000,138000,-8000,-8000
059594,奇力新元大9B購01,0,0,0,0,0,0,0,0,0,-8000,0,0,0,16000,24000,-8000,-8000
059596,大立光元大99購20,0,0,0,0,0,0,0,0,0,-8000,0,0,0,0,8000,-8000,-8000
057090,奇力新元富98購02,0,0,0,0,0,0,0,0,0,-8000,0,0,0,0,8000,-8000,-8000
057148,玉晶光國票99購04,0,0,0,0,0,0,0,0,0,-8000,0,0,0,1000,9000,-8000,-8000
059387,華通凱基9A購03  ,0,0,0,0,0,0,0,0,0,-8000,0,0,0,1000,9000,-8000,-8000
056966,嘉晶永豐98購01  ,0,0,0,0,0,0,0,0,0,-8000,0,0,0,20000,28000,-8000,-8000
8482,商億-KY         ,2000,10000,-8000,0,0,0,0,0,0,0,0,0,0,0,0,0,-8000
4426,利勤            ,67000,75000,-8000,0,0,0,0,0,0,0,0,0,0,0,0,0,-8000
2706,第一店          ,9000,17000,-8000,0,0,0,0,0,0,0,0,0,0,0,0,0,-8000
2851,中再保          ,26000,34000,-8000,0,0,0,0,0,0,0,0,0,0,0,0,0,-8000
060859,鴻海永豐9A購01  ,0,0,0,0,0,0,0,0,0,-9000,0,0,0,0,9000,-9000,-9000
060939,鴻海國票9A購06  ,0,0,0,0,0,0,0,0,0,-9000,0,0,0,0,9000,-9000,-9000
060730,台積電群益9A購03,0,0,0,0,0,0,0,0,0,-9000,0,0,0,2000,11000,-9000,-9000
061155,華新科群益9A購06,0,0,0,0,0,0,0,0,0,-9000,0,0,0,0,9000,-9000,-9000
060608,玉晶光凱基9A購08,0,0,0,0,0,0,0,0,0,-9000,0,0,0,10000,19000,-9000,-9000
060524,國巨中信9A購03  ,0,0,0,0,0,0,0,0,0,-9000,0,0,0,10000,19000,-9000,-9000
060341,國巨統一9C購02  ,0,0,0,0,0,0,0,0,0,-9000,0,0,0,3000,12000,-9000,-9000
060223,台灣50元大9A購05,0,0,0,0,0,0,0,0,0,-9000,0,0,0,39000,48000,-9000,-9000
060043,全新群益9B購02  ,0,0,0,0,0,0,0,0,0,-9000,0,0,0,3000,12000,-9000,-9000
060103,聯詠元大99購01  ,0,0,0,0,0,0,0,0,0,-9000,0,0,0,13000,22000,-9000,-9000
1218,泰山            ,132000,141000,-9000,0,0,0,0,0,0,0,0,0,0,0,0,0,-9000
07731P,臺股指凱基9A售28,0,0,0,0,0,0,0,0,0,-9000,0,0,0,0,9000,-9000,-9000
1466,聚隆            ,0,9000,-9000,0,0,0,0,0,0,0,0,0,0,0,0,0,-9000
07294P,滬深2X元富9C售08,0,0,0,0,0,0,0,0,0,-9000,0,0,0,1130000,1139000,-9000,-9000
052527,泰鼎元大96購02  ,0,0,0,0,0,0,0,0,0,-9000,0,0,0,111000,120000,-9000,-9000
00681R,元大美債20反1   ,0,0,0,0,0,0,0,0,0,-9000,0,0,0,13000,22000,-9000,-9000
05468P,鴻海元大96售14  ,0,0,0,0,0,0,0,0,0,-9000,0,0,0,10000,19000,-9000,-9000
054609,正崴永豐97購01  ,0,0,0,0,0,0,0,0,0,-9000,0,0,0,15000,24000,-9000,-9000
053184,世紀鋼元富96購01,0,0,0,0,0,0,0,0,0,-9000,0,0,0,0,9000,-9000,-9000
053158,茂林元大96購01  ,0,0,0,0,0,0,0,0,0,-9000,0,0,0,0,9000,-9000,-9000
053149,京元電元大96購02,0,0,0,0,0,0,0,0,0,-9000,0,0,0,0,9000,-9000,-9000
053496,義隆兆豐96購02  ,0,0,0,0,0,0,0,0,0,-9000,0,0,0,2000,11000,-9000,-9000
053410,啟碁兆豐96購01  ,0,0,0,0,0,0,0,0,0,-9000,0,0,0,0,9000,-9000,-9000
059174,訊芯凱基99購01  ,0,0,0,0,0,0,0,0,0,-9000,0,0,0,48000,57000,-9000,-9000
055298,啟碁元大97購02  ,0,0,0,0,0,0,0,0,0,-9000,0,0,0,0,9000,-9000,-9000
059525,上銀凱基99購08  ,0,0,0,0,0,0,0,0,0,-9000,0,0,0,4000,13000,-9000,-9000
058033,景碩永豐98購02  ,0,0,0,0,0,0,0,0,0,-9000,0,0,0,0,9000,-9000,-9000
056051,T50反1元大97購05,0,0,0,0,0,0,0,0,0,-9000,0,0,0,0,9000,-9000,-9000
059846,力山永豐99購01  ,0,0,0,0,0,0,0,0,0,-9000,0,0,0,0,9000,-9000,-9000
058427,大毅元富99購01  ,0,0,0,0,0,0,0,0,0,-9000,0,0,0,0,9000,-9000,-9000
057563,旭富國泰9A購01  ,0,0,0,0,0,0,0,0,0,-9000,0,0,0,9000,18000,-9000,-9000
058658,瑞儀中信99購01  ,0,0,0,0,0,0,0,0,0,-9000,0,0,0,17000,26000,-9000,-9000
058698,華通元大99購05  ,0,0,0,0,0,0,0,0,0,-9000,0,0,0,1000,10000,-9000,-9000
059510,華新科永豐99購07,0,0,0,0,0,0,0,0,0,-9000,0,0,0,0,9000,-9000,-9000
059061,晶技凱基9A購01  ,0,0,0,0,0,0,0,0,0,-9000,0,0,0,70000,79000,-9000,-9000
056251,聯發科兆豐97購02,0,0,0,0,0,0,0,0,0,-9000,0,0,0,1000,10000,-9000,-9000
056365,欣興元大98購01  ,0,0,0,0,0,0,0,0,0,-9000,0,0,0,67000,76000,-9000,-9000
4930,燦星網          ,0,9000,-9000,0,0,0,0,0,0,0,0,0,0,0,0,0,-9000
07289P,台灣50凱基99售07,0,0,0,0,0,0,0,0,0,-10000,0,0,0,0,10000,-10000,-10000
07277P,臺股指群益99售20,0,0,0,0,0,0,0,0,0,-10000,0,0,0,0,10000,-10000,-10000
07314P,T50正2元大9C售03,0,0,0,0,0,0,0,0,0,-10000,0,0,0,0,10000,-10000,-10000
07399P,鴻海凱基99售19  ,0,0,0,0,0,0,0,0,0,-10000,0,0,0,10000,20000,-10000,-10000
07053P,台灣50兆豐01售01,0,0,0,0,0,0,0,0,0,-10000,0,0,0,0,10000,-10000,-10000
06982P,義隆凱基99售02  ,0,0,0,0,0,0,0,0,0,-10000,0,0,0,28000,38000,-10000,-10000
07166P,台灣50兆豐03售01,0,0,0,0,0,0,0,0,0,-10000,0,0,0,0,10000,-10000,-10000
06810P,國巨統一99售03  ,0,0,0,0,0,0,0,0,0,-10000,0,0,0,0,10000,-10000,-10000
06773P,台灣50兆豐9A售01,0,0,0,0,0,0,0,0,0,-10000,0,0,0,0,10000,-10000,-10000
06685P,鴻海國泰9A售01  ,0,0,0,0,0,0,0,0,0,-10000,0,0,0,0,10000,-10000,-10000
06854P,鴻海富邦99售05  ,0,0,0,0,0,0,0,0,0,-10000,0,0,0,0,10000,-10000,-10000
06941P,國巨統一98售07  ,0,0,0,0,0,0,0,0,0,-10000,0,0,0,20000,30000,-10000,-10000
06327P,台積電中信01售01,0,0,0,0,0,0,0,0,0,-10000,0,0,0,0,10000,-10000,-10000
06421P,嘉澤統一97售02  ,0,0,0,0,0,0,0,0,0,-10000,0,0,0,0,10000,-10000,-10000
06569P,可成永豐98售01  ,0,0,0,0,0,0,0,0,0,-10000,0,0,0,0,10000,-10000,-10000
1701,中化            ,143000,153000,-10000,0,0,0,0,0,0,0,0,0,0,0,0,0,-10000
07691P,宏達電元大9A售05,0,0,0,0,0,0,0,0,0,-10000,0,0,0,0,10000,-10000,-10000
07665P,台灣50元大9C售31,0,0,0,0,0,0,0,0,0,-10000,0,0,0,0,10000,-10000,-10000
07683P,宏達電凱基9A售03,0,0,0,0,0,0,0,0,0,-10000,0,0,0,0,10000,-10000,-10000
07643P,禾伸堂凱基9A售02,0,0,0,0,0,0,0,0,0,-10000,0,0,0,0,10000,-10000,-10000
07465P,台灣50元大9C售24,0,0,0,0,0,0,0,0,0,-10000,0,0,0,0,10000,-10000,-10000
07439P,臺股指麥證9B售01,0,0,0,0,10000,-10000,0,0,0,-10000,0,0,0,0,10000,-10000,-10000
060055,宏達電凱基99購06,0,0,0,0,0,0,0,0,0,-10000,0,0,0,0,10000,-10000,-10000
060056,大立光凱基9B購01,0,0,0,0,0,0,0,0,0,-10000,0,0,0,0,10000,-10000,-10000
060215,柏文康和9A購01  ,0,0,0,0,0,0,0,0,0,-10000,0,0,0,0,10000,-10000,-10000
060286,佳世達元大9C購01,0,0,0,0,0,0,0,0,0,-10000,0,0,0,0,10000,-10000,-10000
060525,台積電中信01購04,0,0,0,0,0,0,0,0,0,-10000,0,0,0,0,10000,-10000,-10000
060520,臺指2X中信01購02,0,0,0,0,0,0,0,0,0,-10000,0,0,0,20000,30000,-10000,-10000
060531,大立光中信9A購04,0,0,0,0,0,0,0,0,0,-10000,0,0,0,0,10000,-10000,-10000
060549,聯發科凱基9B購03,0,0,0,0,0,0,0,0,0,-10000,0,0,0,0,10000,-10000,-10000
060587,牧德元富9A購01  ,0,0,0,0,0,0,0,0,0,-10000,0,0,0,0,10000,-10000,-10000
060569,台積電永豐9A購01,0,0,0,0,0,0,0,0,0,-10000,0,0,0,0,10000,-10000,-10000
060486,中租富邦9A購01  ,0,0,0,0,0,0,0,0,0,-10000,0,0,0,0,10000,-10000,-10000
060451,中石化元大9C購02,0,0,0,0,0,0,0,0,0,-10000,0,0,0,93000,103000,-10000,-10000
060377,鴻海台新9A購01  ,0,0,0,0,0,0,0,0,0,-10000,0,0,0,0,10000,-10000,-10000
061159,同欣電群益9A購01,0,0,0,0,0,0,0,0,0,-10000,0,0,0,0,10000,-10000,-10000
061175,台積電凱基9A購19,0,0,0,0,0,0,0,0,0,-10000,0,0,0,1000,11000,-10000,-10000
061184,大立光國泰9C購01,0,0,0,0,0,0,0,0,0,-10000,0,0,0,111000,121000,-10000,-10000
061224,道瓊反中信01購01,0,0,0,0,0,0,0,0,0,-10000,0,0,0,0,10000,-10000,-10000
061220,臺股指元大9A購57,0,0,0,0,0,0,0,0,0,-10000,0,0,0,0,10000,-10000,-10000
06195P,台積電元富97售06,0,0,0,0,0,0,0,0,0,-10000,0,0,0,0,10000,-10000,-10000
06263P,燿華凱基97售04  ,0,0,0,0,0,0,0,0,0,-10000,0,0,0,0,10000,-10000,-10000
061018,台積電國票9B購05,0,0,0,0,0,0,0,0,0,-10000,0,0,0,10000,20000,-10000,-10000
061051,臺股指中信9A購06,0,0,0,0,0,0,0,0,0,-10000,0,0,0,0,10000,-10000,-10000
060741,滬深2X國票9A購05,0,0,0,0,0,0,0,0,0,-10000,0,0,0,0,10000,-10000,-10000
06076P,大立光凱基98售03,0,0,0,0,0,0,0,0,0,-10000,0,0,0,20000,30000,-10000,-10000
060938,臺指反國票9B購03,0,0,0,0,0,0,0,0,0,-10000,0,0,0,0,10000,-10000,-10000
060892,超眾統一9C購01  ,0,0,0,0,0,0,0,0,0,-10000,0,0,0,0,10000,-10000,-10000
055369,友訊元大97購01  ,0,0,0,0,0,0,0,0,0,-10000,0,0,0,0,10000,-10000,-10000
055341,台達電凱基97購02,0,0,0,0,0,0,0,0,0,-10000,0,0,0,0,10000,-10000,-10000
055144,T50反1元大97購03,0,0,0,0,0,0,0,0,0,-10000,0,0,0,0,10000,-10000,-10000
055145,T50反1元大97購04,0,0,0,0,0,0,0,0,0,-10000,0,0,0,0,10000,-10000,-10000
055154,聯發科元大98購01,0,0,0,0,0,0,0,0,0,-10000,0,0,0,0,10000,-10000,-10000
055237,晶豪科台新97購01,0,0,0,0,0,0,0,0,0,-10000,0,0,0,0,10000,-10000,-10000
055202,神達群益97購01  ,0,0,0,0,0,0,0,0,0,-10000,0,0,0,0,10000,-10000,-10000
05549P,臺股指元大96售03,0,0,0,0,0,0,0,0,0,-10000,0,0,0,0,10000,-10000,-10000
055469,台光電凱基97購01,0,0,0,0,0,0,0,0,0,-10000,0,0,0,10000,20000,-10000,-10000
055599,TPK元大97購01   ,0,0,0,0,0,0,0,0,0,-10000,0,0,0,0,10000,-10000,-10000
055611,燿華國票98購02  ,0,0,0,0,0,0,0,0,0,-10000,0,0,0,0,10000,-10000,-10000
059162,國巨凱基99購12  ,0,0,0,0,0,0,0,0,0,-10000,0,0,0,3000,13000,-10000,-10000
059146,貿聯國票9A購02  ,0,0,0,0,0,0,0,0,0,-10000,0,0,0,0,10000,-10000,-10000
059192,臺股指富邦9C購01,0,0,0,0,0,0,0,0,0,-10000,0,0,0,0,10000,-10000,-10000
059199,欣興永豐99購02  ,0,0,0,0,0,0,0,0,0,-10000,0,0,0,0,10000,-10000,-10000
059172,台郡凱基99購03  ,0,0,0,0,0,0,0,0,0,-10000,0,0,0,0,10000,-10000,-10000
05946P,和碩中信96售01  ,0,0,0,0,0,0,0,0,0,-10000,0,0,0,0,10000,-10000,-10000
059471,華新科元大99購17,0,0,0,0,0,0,0,0,0,-10000,0,0,0,0,10000,-10000,-10000
059252,聯詠凱基99購03  ,0,0,0,0,0,0,0,0,0,-10000,0,0,0,5000,15000,-10000,-10000
059226,臺股指元大99購19,0,0,0,0,0,0,0,0,0,-10000,0,0,0,0,10000,-10000,-10000
059303,國巨兆豐99購04  ,0,0,0,0,0,0,0,0,0,-10000,0,0,0,310000,320000,-10000,-10000
059304,華新科兆豐99購06,0,0,0,0,0,0,0,0,0,-10000,0,0,0,0,10000,-10000,-10000
053497,新光金兆豐97購01,0,0,0,0,0,0,0,0,0,-10000,0,0,0,0,10000,-10000,-10000
053495,聯發科兆豐96購02,0,0,0,0,0,0,0,0,0,-10000,0,0,0,0,10000,-10000,-10000
053490,為升兆豐97購01  ,0,0,0,0,0,0,0,0,0,-10000,0,0,0,0,10000,-10000,-10000
053769,香港反元大99購01,0,0,0,0,0,0,0,0,0,-10000,0,0,0,0,10000,-10000,-10000
053701,台積電兆豐96購05,0,0,0,0,0,0,0,0,0,-10000,0,0,0,0,10000,-10000,-10000
053664,臺股指凱基96購25,0,0,0,0,0,0,0,0,0,-10000,0,0,0,1000,11000,-10000,-10000
053181,滬深2X元富99購02,0,0,0,0,0,0,0,0,0,-10000,0,0,0,0,10000,-10000,-10000
053305,聯詠凱基96購02  ,0,0,0,0,0,0,0,0,0,-10000,0,0,0,0,10000,-10000,-10000
055036,中工富邦9B購01  ,0,0,0,0,0,0,0,0,0,-10000,0,0,0,0,10000,-10000,-10000
055019,福懋科元富97購01,0,0,0,0,0,0,0,0,0,-10000,0,0,0,10000,20000,-10000,-10000
054055,全新國票99購02  ,0,0,0,0,0,0,0,0,0,-10000,0,0,0,0,10000,-10000,-10000
053994,微星群益96購01  ,0,0,0,0,0,0,0,0,0,-10000,0,0,0,0,10000,-10000,-10000
053987,宏碁亞東96購01  ,0,0,0,0,0,0,0,0,0,-10000,0,0,0,0,10000,-10000,-10000
053975,大立光元大98購04,0,0,0,0,0,0,0,0,0,-10000,0,0,0,0,10000,-10000,-10000
05397P,大立光凱基96售08,0,0,0,0,0,0,0,0,0,-10000,0,0,0,0,10000,-10000,-10000
053884,緯穎第一96購01  ,0,0,0,0,0,0,0,0,0,-10000,0,0,0,0,10000,-10000,-10000
053827,漢唐麥證9A購01  ,0,0,0,0,10000,-10000,0,0,0,-10000,0,0,0,0,10000,-10000,-10000
053110,大立光兆豐97購01,0,0,0,0,0,0,0,0,0,-10000,0,0,0,0,10000,-10000,-10000
053114,聯茂兆豐97購01  ,0,0,0,0,0,0,0,0,0,-10000,0,0,0,0,10000,-10000,-10000
054737,京元電凱基99購01,0,0,0,0,0,0,0,0,0,-10000,0,0,0,0,10000,-10000,-10000
054636,華通中信97購01  ,0,0,0,0,0,0,0,0,0,-10000,0,0,0,0,10000,-10000,-10000
053026,奇力新富邦98購01,0,0,0,0,0,0,0,0,0,-10000,0,0,0,0,10000,-10000,-10000
053019,禾伸堂元富96購01,0,0,0,0,0,0,0,0,0,-10000,0,0,0,0,10000,-10000,-10000
052838,新唐國泰98購01  ,0,0,0,0,0,0,0,0,0,-10000,0,0,0,0,10000,-10000,-10000
052846,智邦統一97購01  ,0,0,0,0,0,0,0,0,0,-10000,0,0,0,0,10000,-10000,-10000
052936,華通兆豐98購01  ,0,0,0,0,0,0,0,0,0,-10000,0,0,0,0,10000,-10000,-10000
054926,神達凱基98購01  ,0,0,0,0,0,0,0,0,0,-10000,0,0,0,0,10000,-10000,-10000
054910,信錦凱基97購01  ,0,0,0,0,0,0,0,0,0,-10000,0,0,0,0,10000,-10000,-10000
053625,國巨兆豐96購03  ,0,0,0,0,0,0,0,0,0,-10000,0,0,0,0,10000,-10000,-10000
053627,宏碁兆豐97購01  ,0,0,0,0,0,0,0,0,0,-10000,0,0,0,0,10000,-10000,-10000
054843,中環兆豐97購01  ,0,0,0,0,0,0,0,0,0,-10000,0,0,0,0,10000,-10000,-10000
054846,瑞昱兆豐97購01  ,0,0,0,0,0,0,0,0,0,-10000,0,0,0,0,10000,-10000,-10000
054848,群創兆豐98購01  ,0,0,0,0,0,0,0,0,0,-10000,0,0,0,0,10000,-10000,-10000
053509,華新群益98購01  ,0,0,0,0,0,0,0,0,0,-10000,0,0,0,0,10000,-10000,-10000
053517,崇越群益97購01  ,0,0,0,0,0,0,0,0,0,-10000,0,0,0,0,10000,-10000,-10000
054751,GIS凱基98購01   ,0,0,0,0,0,0,0,0,0,-10000,0,0,0,0,10000,-10000,-10000
00650L,FH香港正2       ,0,14000,-14000,0,0,0,0,0,0,4000,0,0,0,150000,146000,4000,-10000
03010X,元展10          ,0,0,0,0,0,0,0,0,0,-10000,0,0,0,0,10000,-10000,-10000
048149,泰鼎元富95購01  ,0,0,0,0,0,0,0,0,0,-10000,0,0,0,0,10000,-10000,-10000
048248,聯發科兆豐95購01,0,0,0,0,0,0,0,0,0,-10000,0,0,0,0,10000,-10000,-10000
00710B,FH彭博高收益債  ,0,0,0,0,0,0,0,0,0,-10000,0,0,0,113000,123000,-10000,-10000
04578P,微星富邦96售01  ,0,0,0,0,0,0,0,0,0,-10000,0,0,0,0,10000,-10000,-10000
044784,華邦電中信96購01,0,0,0,0,0,0,0,0,0,-10000,0,0,0,0,10000,-10000,-10000
048402,聯茂兆豐95購01  ,0,0,0,0,0,0,0,0,0,-10000,0,0,0,0,10000,-10000,-10000
052733,台郡國泰97購01  ,0,0,0,0,0,0,0,0,0,-10000,0,0,0,0,10000,-10000,-10000
051552,牧德永豐95購03  ,0,0,0,0,0,0,0,0,0,-10000,0,0,0,0,10000,-10000,-10000
051614,元金2X凱基97購01,0,0,0,0,0,0,0,0,0,-10000,0,0,0,0,10000,-10000,-10000
052756,國巨群益96購02  ,0,0,0,0,0,0,0,0,0,-10000,0,0,0,0,10000,-10000,-10000
03840P,台積電統一99售02,0,0,0,0,0,0,0,0,0,-10000,0,0,0,0,10000,-10000,-10000
03875P,滬深2X國票05售01,0,0,0,0,0,0,0,0,0,-10000,0,0,0,0,10000,-10000,-10000
047990,臺指反元大96購02,0,0,0,0,0,0,0,0,0,-10000,0,0,0,0,10000,-10000,-10000
047995,台達電元大96購01,0,0,0,0,0,0,0,0,0,-10000,0,0,0,0,10000,-10000,-10000
04771P,友達元大96售02  ,0,0,0,0,0,0,0,0,0,-10000,0,0,0,0,10000,-10000,-10000
052514,嘉澤凱基96購01  ,0,0,0,0,0,0,0,0,0,-10000,0,0,0,0,10000,-10000,-10000
05246P,南電元大95售04  ,0,0,0,0,0,0,0,0,0,-10000,0,0,0,0,10000,-10000,-10000
049369,義隆元大95購01  ,0,0,0,0,0,0,0,0,0,-10000,0,0,0,0,10000,-10000,-10000
04948P,瑞儀元大94售03  ,0,0,0,0,0,0,0,0,0,-10000,0,0,0,0,10000,-10000,-10000
049554,禾伸堂富邦96購01,0,0,0,0,0,0,0,0,0,-10000,0,0,0,10000,20000,-10000,-10000
049560,香港反統一95購01,0,0,0,0,0,0,0,0,0,-10000,0,0,0,0,10000,-10000,-10000
050896,華新科元大96購02,0,0,0,0,0,0,0,0,0,-10000,0,0,0,0,10000,-10000,-10000
051422,超眾國票96購01  ,0,0,0,0,0,0,0,0,0,-10000,0,0,0,21000,31000,-10000,-10000
051393,新光金兆豐96購01,0,0,0,0,0,0,0,0,0,-10000,0,0,0,0,10000,-10000,-10000
050915,健策中信98購01  ,0,0,0,0,0,0,0,0,0,-10000,0,0,0,0,10000,-10000,-10000
051026,健策統一96購01  ,0,0,0,0,0,0,0,0,0,-10000,0,0,0,0,10000,-10000,-10000
051222,世紀鋼元富95購01,0,0,0,0,0,0,0,0,0,-10000,0,0,0,0,10000,-10000,-10000
051268,創意富邦97購01  ,0,0,0,0,0,0,0,0,0,-10000,0,0,0,0,10000,-10000,-10000
054384,瀚宇博群益96購02,0,0,0,0,0,0,0,0,0,-10000,0,0,0,0,10000,-10000,-10000
054412,智邦元大96購03  ,0,0,0,0,0,0,0,0,0,-10000,0,0,0,0,10000,-10000,-10000
054421,臺股指元大99購03,0,0,0,0,0,0,0,0,0,-10000,0,0,0,0,10000,-10000,-10000
054559,台光電群益99購01,0,0,0,0,0,0,0,0,0,-10000,0,0,0,0,10000,-10000,-10000
054506,矽格永豐96購01  ,0,0,0,0,0,0,0,0,0,-10000,0,0,0,40000,50000,-10000,-10000
054134,強茂元大96購01  ,0,0,0,0,0,0,0,0,0,-10000,0,0,0,0,10000,-10000,-10000
05424P,台達電亞東96售02,0,0,0,0,0,0,0,0,0,-10000,0,0,0,0,10000,-10000,-10000
054320,國喬台新96購01  ,0,0,0,0,0,0,0,0,0,-10000,0,0,0,0,10000,-10000,-10000
054298,台表科元大97購03,0,0,0,0,0,0,0,0,0,-10000,0,0,0,125000,135000,-10000,-10000
054302,鴻海凱基96購18  ,0,0,0,0,0,0,0,0,0,-10000,0,0,0,0,10000,-10000,-10000
052103,台積電兆豐95購06,0,0,0,0,0,0,0,0,0,-10000,0,0,0,0,10000,-10000,-10000
052117,鴻海國票96購03  ,0,0,0,0,0,0,0,0,0,-10000,0,0,0,0,10000,-10000,-10000
052025,國巨群益96購01  ,0,0,0,0,0,0,0,0,0,-10000,0,0,0,49000,59000,-10000,-10000
052026,漢唐群益95購01  ,0,0,0,0,0,0,0,0,0,-10000,0,0,0,0,10000,-10000,-10000
050673,旺宏富邦96購02  ,0,0,0,0,0,0,0,0,0,-10000,0,0,0,0,10000,-10000,-10000
050543,聯發科凱基95購01,0,0,0,0,0,0,0,0,0,-10000,0,0,0,0,10000,-10000,-10000
050780,台表科元大96購01,0,0,0,0,0,0,0,0,0,-10000,0,0,0,0,10000,-10000,-10000
051361,泰鼎元大95購01  ,0,0,0,0,0,0,0,0,0,-10000,0,0,0,0,10000,-10000,-10000
049859,味全兆豐95購01  ,0,0,0,0,0,0,0,0,0,-10000,0,0,0,0,10000,-10000,-10000
050360,T50反1元大94購06,0,0,0,0,0,0,0,0,0,-10000,0,0,0,0,10000,-10000,-10000
05636P,國巨永豐96售03  ,0,0,0,0,0,0,0,0,0,-10000,0,0,0,0,10000,-10000,-10000
056374,聯發科統一9B購01,0,0,0,0,0,0,0,0,0,-10000,0,0,0,0,10000,-10000,-10000
056325,群創兆豐9A購01  ,0,0,0,0,0,0,0,0,0,-10000,0,0,0,0,10000,-10000,-10000
056448,全新凱基99購01  ,0,0,0,0,0,0,0,0,0,-10000,0,0,0,0,10000,-10000,-10000
056453,禾伸堂凱基99購02,0,0,0,0,0,0,0,0,0,-10000,0,0,0,10000,20000,-10000,-10000
056596,光磊元富98購01  ,0,0,0,0,0,0,0,0,0,-10000,0,0,0,10000,20000,-10000,-10000
056598,京元電元富98購01,0,0,0,0,0,0,0,0,0,-10000,0,0,0,0,10000,-10000,-10000
056600,聯茂元富98購01  ,0,0,0,0,0,0,0,0,0,-10000,0,0,0,0,10000,-10000,-10000
056651,聯茂凱基98購04  ,0,0,0,0,0,0,0,0,0,-10000,0,0,0,0,10000,-10000,-10000
056252,聯發科兆豐97購03,0,0,0,0,0,0,0,0,0,-10000,0,0,0,0,10000,-10000,-10000
056211,南港國票98購01  ,0,0,0,0,0,0,0,0,0,-10000,0,0,0,0,10000,-10000,-10000
058635,華新科兆豐99購03,0,0,0,0,0,0,0,0,0,-10000,0,0,0,0,10000,-10000,-10000
058617,南電元大99購01  ,0,0,0,0,0,0,0,0,0,-10000,0,0,0,0,10000,-10000,-10000
058618,南電元大99購02  ,0,0,0,0,0,0,0,0,0,-10000,0,0,0,0,10000,-10000,-10000
058961,台灣50兆豐9C購01,0,0,0,0,0,0,0,0,0,-10000,0,0,0,0,10000,-10000,-10000
058962,元油2X兆豐9A購02,0,0,0,0,0,0,0,0,0,-10000,0,0,0,0,10000,-10000,-10000
058410,國巨兆豐99購03  ,0,0,0,0,0,0,0,0,0,-10000,0,0,0,20000,30000,-10000,-10000
058412,聯發科兆豐99購01,0,0,0,0,0,0,0,0,0,-10000,0,0,0,0,10000,-10000,-10000
058413,義隆兆豐99購01  ,0,0,0,0,0,0,0,0,0,-10000,0,0,0,0,10000,-10000,-10000
058987,華新科凱基9B購01,0,0,0,0,0,0,0,0,0,-10000,0,0,0,0,10000,-10000,-10000
058998,鴻海元大99購22  ,0,0,0,0,0,0,0,0,0,-10000,0,0,0,0,10000,-10000,-10000
058447,玉晶光富邦9A購02,0,0,0,0,0,0,0,0,0,-10000,0,0,0,0,10000,-10000,-10000
058437,可成統一9B購01  ,0,0,0,0,0,0,0,0,0,-10000,0,0,0,0,10000,-10000,-10000
058541,T50反1富邦01購01,0,0,0,0,0,0,0,0,0,-10000,0,0,0,0,10000,-10000,-10000
058554,瀚宇博永豐99購01,0,0,0,0,0,0,0,0,0,-10000,0,0,0,0,10000,-10000,-10000
058571,緯穎凱基9A購02  ,0,0,0,0,0,0,0,0,0,-10000,0,0,0,0,10000,-10000,-10000
058491,滬深2X群益01購01,0,0,0,0,0,0,0,0,0,-10000,0,0,0,0,10000,-10000,-10000
057561,大立光兆豐98購02,0,0,0,0,0,0,0,0,0,-10000,0,0,0,0,10000,-10000,-10000
057551,華新科凱基98購06,0,0,0,0,0,0,0,0,0,-10000,0,0,0,0,10000,-10000,-10000
05648P,康控國票97售01  ,0,0,0,0,0,0,0,0,0,-10000,0,0,0,0,10000,-10000,-10000
056541,智原凱基98購03  ,0,0,0,0,0,0,0,0,0,-10000,0,0,0,0,10000,-10000,-10000
056525,T50反1凱基99購06,0,0,0,0,0,0,0,0,0,-10000,0,0,0,0,10000,-10000,-10000
056658,美食元大98購01  ,0,0,0,0,0,0,0,0,0,-10000,0,0,0,0,10000,-10000,-10000
057490,可成元大98購10  ,0,0,0,0,0,0,0,0,0,-10000,0,0,0,22000,32000,-10000,-10000
057503,世紀鋼群益98購02,0,0,0,0,0,0,0,0,0,-10000,0,0,0,0,10000,-10000,-10000
059727,大立光元大9A購01,0,0,0,0,0,0,0,0,0,-10000,0,0,0,0,10000,-10000,-10000
059703,旺宏凱基99購11  ,0,0,0,0,0,0,0,0,0,-10000,0,0,0,0,10000,-10000,-10000
059611,台積電永豐99購05,0,0,0,0,0,0,0,0,0,-10000,0,0,0,5000,15000,-10000,-10000
059842,台積電富邦9C購05,0,0,0,0,0,0,0,0,0,-10000,0,0,0,10000,20000,-10000,-10000
059760,楠梓電永豐99購01,0,0,0,0,0,0,0,0,0,-10000,0,0,0,0,10000,-10000,-10000
059742,富邦金元富99購01,0,0,0,0,0,0,0,0,0,-10000,0,0,0,10000,20000,-10000,-10000
059930,健策富邦9B購01  ,0,0,0,0,0,0,0,0,0,-10000,0,0,0,0,10000,-10000,-10000
05993P,國巨元大96售13  ,0,0,0,0,0,0,0,0,0,-10000,0,0,0,0,10000,-10000,-10000
059940,微星永豐99購01  ,0,0,0,0,0,0,0,0,0,-10000,0,0,0,0,10000,-10000,-10000
059941,聯發科永豐99購04,0,0,0,0,0,0,0,0,0,-10000,0,0,0,0,10000,-10000,-10000
059966,台積電凱基99購19,0,0,0,0,0,0,0,0,0,-10000,0,0,0,0,10000,-10000,-10000
059992,S&P正2元富9B購04,0,0,0,0,0,0,0,0,0,-10000,0,0,0,0,10000,-10000,-10000
060021,立積康和99購01  ,0,0,0,0,0,0,0,0,0,-10000,0,0,0,10000,20000,-10000,-10000
057305,南亞科兆豐98購02,0,0,0,0,0,0,0,0,0,-10000,0,0,0,0,10000,-10000,-10000
05701P,彩晶凱基96售01  ,0,0,0,0,0,0,0,0,0,-10000,0,0,0,0,10000,-10000,-10000
057016,中石化凱基9B購01,0,0,0,0,0,0,0,0,0,-10000,0,0,0,0,10000,-10000,-10000
056990,聯發科兆豐98購01,0,0,0,0,0,0,0,0,0,-10000,0,0,0,0,10000,-10000,-10000
058310,大立光元大99購10,0,0,0,0,0,0,0,0,0,-10000,0,0,0,0,10000,-10000,-10000
058304,鴻海元大99購12  ,0,0,0,0,0,0,0,0,0,-10000,0,0,0,0,10000,-10000,-10000
057650,力成元大98購04  ,0,0,0,0,0,0,0,0,0,-10000,0,0,0,65000,75000,-10000,-10000
058289,奇鋐國票9A購01  ,0,0,0,0,0,0,0,0,0,-10000,0,0,0,0,10000,-10000,-10000
057431,京鼎兆豐98購02  ,0,0,0,0,0,0,0,0,0,-10000,0,0,0,0,10000,-10000,-10000
057395,旺宏中信98購03  ,0,0,0,0,0,0,0,0,0,-10000,0,0,0,0,10000,-10000,-10000
057415,和碩日盛98購01  ,0,0,0,0,0,0,0,0,0,-10000,0,0,0,0,10000,-10000,-10000
058334,鴻海元富99購05  ,0,0,0,0,0,0,0,0,0,-10000,0,0,0,0,10000,-10000,-10000
058401,華航元大9A購01  ,0,0,0,0,0,0,0,0,0,-10000,0,0,0,0,10000,-10000,-10000
057908,國泰金亞東99購01,0,0,0,0,0,0,0,0,0,-10000,0,0,0,0,10000,-10000,-10000
057967,聯發科國泰9A購02,0,0,0,0,0,0,0,0,0,-10000,0,0,0,10000,20000,-10000,-10000
058014,上銀凱基99購02  ,0,0,0,0,0,0,0,0,0,-10000,0,0,0,0,10000,-10000,-10000
058016,智邦凱基98購06  ,0,0,0,0,0,0,0,0,0,-10000,0,0,0,0,10000,-10000,-10000
057988,鈺齊元富98購02  ,0,0,0,0,0,0,0,0,0,-10000,0,0,0,10000,20000,-10000,-10000
057850,上銀兆豐99購02  ,0,0,0,0,0,0,0,0,0,-10000,0,0,0,0,10000,-10000,-10000
057796,鴻海兆豐99購03  ,0,0,0,0,0,0,0,0,0,-10000,0,0,0,0,10000,-10000,-10000
057794,T50反1兆豐99購02,0,0,0,0,0,0,0,0,0,-10000,0,0,0,0,10000,-10000,-10000
057831,聯發科元富02購04,0,0,0,0,0,0,0,0,0,-10000,0,0,0,0,10000,-10000,-10000
057763,康控凱基99購02  ,0,0,0,0,0,0,0,0,0,-10000,0,0,0,0,10000,-10000,-10000
057734,訊芯國泰9A購01  ,0,0,0,0,0,0,0,0,0,-10000,0,0,0,0,10000,-10000,-10000
057698,奇力新群益98購02,0,0,0,0,0,0,0,0,0,-10000,0,0,0,5000,15000,-10000,-10000
057652,欣興永昌9C購01  ,0,0,0,0,0,0,0,0,0,-10000,0,0,0,0,10000,-10000,-10000
057657,國巨兆豐98購04  ,0,0,0,0,0,0,0,0,0,-10000,0,0,0,0,10000,-10000,-10000
057666,奇力新元大9A購01,0,0,0,0,0,0,0,0,0,-10000,0,0,0,0,10000,-10000,-10000
057077,國巨統一98購06  ,0,0,0,0,0,0,0,0,0,-10000,0,0,0,0,10000,-10000,-10000
059378,台光電群益9B購01,0,0,0,0,0,0,0,0,0,-10000,0,0,0,0,10000,-10000,-10000
059381,TPK亞東99購01   ,0,0,0,0,0,0,0,0,0,-10000,0,0,0,0,10000,-10000,-10000
059386,上銀凱基99購07  ,0,0,0,0,0,0,0,0,0,-10000,0,0,0,0,10000,-10000,-10000
057121,立積康和98購01  ,0,0,0,0,0,0,0,0,0,-10000,0,0,0,0,10000,-10000,-10000
057102,亞光中信9A購01  ,0,0,0,0,0,0,0,0,0,-10000,0,0,0,0,10000,-10000,-10000
057116,鴻海日盛9A購01  ,0,0,0,0,0,0,0,0,0,-10000,0,0,0,0,10000,-10000,-10000
058183,國巨富邦9A購06  ,0,0,0,0,0,0,0,0,0,-10000,0,0,0,0,10000,-10000,-10000
059532,華新科凱基9B購03,0,0,0,0,0,0,0,0,0,-10000,0,0,0,0,10000,-10000,-10000
059528,華新科凱基99購06,0,0,0,0,0,0,0,0,0,-10000,0,0,0,10000,20000,-10000,-10000
05887P,友達元富99售03  ,0,0,0,0,0,0,0,0,0,-10000,0,0,0,0,10000,-10000,-10000
058111,健鼎元富98購01  ,0,0,0,0,0,0,0,0,0,-10000,0,0,0,20000,30000,-10000,-10000
056947,國巨統一9A購01  ,0,0,0,0,0,0,0,0,0,-10000,0,0,0,0,10000,-10000,-10000
056930,晶豪科台新98購01,0,0,0,0,0,0,0,0,0,-10000,0,0,0,0,10000,-10000,-10000
056925,群創兆豐98購03  ,0,0,0,0,0,0,0,0,0,-10000,0,0,0,0,10000,-10000,-10000
056942,昇陽半元富98購01,0,0,0,0,0,0,0,0,0,-10000,0,0,0,0,10000,-10000,-10000
056844,欣興元富98購03  ,0,0,0,0,0,0,0,0,0,-10000,0,0,0,0,10000,-10000,-10000
056753,群創兆豐98購02  ,0,0,0,0,0,0,0,0,0,-10000,0,0,0,0,10000,-10000,-10000
056749,滬深2X兆豐99購01,0,0,0,0,0,0,0,0,0,-10000,0,0,0,0,10000,-10000,-10000
056756,T50反1元大98購06,0,0,0,0,0,0,0,0,0,-10000,0,0,0,0,10000,-10000,-10000
057262,友達兆豐98購03  ,0,0,0,0,0,0,0,0,0,-10000,0,0,0,0,10000,-10000,-10000
057190,立積元大9A購02  ,0,0,0,0,0,0,0,0,0,-10000,0,0,0,0,10000,-10000,-10000
057198,智伸科統一9B購01,0,0,0,0,0,0,0,0,0,-10000,0,0,0,0,10000,-10000,-10000
058221,上銀統一99購04  ,0,0,0,0,0,0,0,0,0,-10000,0,0,0,0,10000,-10000,-10000
055906,大立光兆豐97購03,0,0,0,0,0,0,0,0,0,-10000,0,0,0,0,10000,-10000,-10000
5007,三星            ,2000,12000,-10000,0,0,0,0,0,0,0,0,0,0,0,0,0,-10000
8480,泰昇-KY         ,2000,12000,-10000,0,0,0,0,0,0,0,0,0,0,0,0,0,-10000
3032,偉訓            ,29000,39000,-10000,0,0,0,0,0,0,0,0,0,0,0,0,0,-10000
3338,泰碩            ,395000,274000,121000,0,0,0,300133,345000,-44867,-87000,9000,49000,-40000,18000,65000,-47000,-10867
060672,鴻海元大9A購14  ,0,0,0,0,0,0,0,0,0,-11000,0,0,0,0,11000,-11000,-11000
061052,和大群益9A購01  ,0,0,0,0,0,0,0,0,0,-11000,0,0,0,6000,17000,-11000,-11000
06100P,台積電日盛97售03,0,0,0,0,0,0,0,0,0,-11000,0,0,0,39000,50000,-11000,-11000
061142,南電統一9A購01  ,0,0,0,0,0,0,0,0,0,-11000,0,0,0,0,11000,-11000,-11000
061120,台積電永豐9A購03,0,0,0,0,0,0,0,0,0,-11000,0,0,0,0,11000,-11000,-11000
060450,南亞元大9A購02  ,0,0,0,0,0,0,0,0,0,-11000,0,0,0,0,11000,-11000,-11000
060290,興富發元大9C購01,0,0,0,0,0,0,0,0,0,-11000,0,0,0,20000,31000,-11000,-11000
060063,可成兆豐9B購01  ,0,0,0,0,0,0,0,0,0,-11000,0,0,0,6000,17000,-11000,-11000
060182,旺宏元富9A購01  ,0,0,0,0,0,0,0,0,0,-11000,0,0,0,0,11000,-11000,-11000
1603,華電            ,4000,15000,-11000,0,0,0,0,0,0,0,0,0,0,0,0,0,-11000
06880P,鈺齊凱基98售03  ,0,0,0,0,0,0,0,0,0,-11000,0,0,0,3000,14000,-11000,-11000
07165P,臺股指群益99售16,0,0,0,0,0,0,0,0,0,-11000,0,0,0,2000,13000,-11000,-11000
07187P,臺股指台新99售10,0,0,0,0,0,0,0,0,0,-11000,0,0,0,57000,68000,-11000,-11000
07246P,旺宏凱基99售08  ,0,0,0,0,0,0,0,0,0,-11000,0,0,0,0,11000,-11000,-11000
050171,臺指反元大97購03,0,0,0,0,0,0,0,0,0,-11000,0,0,0,14000,25000,-11000,-11000
050047,奇鋐國票95購01  ,0,0,0,0,0,0,0,0,0,-11000,0,0,0,0,11000,-11000,-11000
052454,力成元大95購02  ,0,0,0,0,0,0,0,0,0,-11000,0,0,0,2000,13000,-11000,-11000
051743,揚明光國票96購02,0,0,0,0,0,0,0,0,0,-11000,0,0,0,0,11000,-11000,-11000
00685L,群益臺灣加權正2 ,0,0,0,0,0,0,0,0,0,-11000,0,0,0,2000,13000,-11000,-11000
053642,瀚宇博永豐96購01,0,0,0,0,0,0,0,0,0,-11000,0,0,0,14000,25000,-11000,-11000
054625,旺宏凱基98購03  ,0,0,0,0,0,0,0,0,0,-11000,0,0,0,0,11000,-11000,-11000
053186,健策中信9C購01  ,0,0,0,0,0,0,0,0,0,-11000,0,0,0,0,11000,-11000,-11000
059275,可成元大99購05  ,0,0,0,0,0,0,0,0,0,-11000,0,0,0,10000,21000,-11000,-11000
059224,大立光元大99購15,0,0,0,0,0,0,0,0,0,-11000,0,0,0,51000,62000,-11000,-11000
055556,奇力新凱基98購03,0,0,0,0,0,0,0,0,0,-11000,0,0,0,10000,21000,-11000,-11000
055705,微星永豐97購01  ,0,0,0,0,0,0,0,0,0,-11000,0,0,0,30000,41000,-11000,-11000
055305,旺宏群益99購01  ,0,0,0,0,0,0,0,0,0,-11000,0,0,0,10000,21000,-11000,-11000
056843,冠德元富98購01  ,0,0,0,0,0,0,0,0,0,-11000,0,0,0,0,11000,-11000,-11000
056910,超眾元大99購02  ,0,0,0,0,0,0,0,0,0,-11000,0,0,0,10000,21000,-11000,-11000
059541,T50正2康和99購01,0,0,0,0,0,0,0,0,0,-11000,0,0,0,6000,17000,-11000,-11000
059555,台灣50凱基9A購06,0,0,0,0,0,0,0,0,0,-11000,0,0,0,0,11000,-11000,-11000
05817P,可成凱基96售07  ,0,0,0,0,0,0,0,0,0,-11000,0,0,0,10000,21000,-11000,-11000
058090,聯發科元大98購16,0,0,0,0,0,0,0,0,0,-11000,0,0,0,0,11000,-11000,-11000
057949,南電國票99購01  ,0,0,0,0,0,0,0,0,0,-11000,0,0,0,6000,17000,-11000,-11000
057370,可成元大98購07  ,0,0,0,0,0,0,0,0,0,-11000,0,0,0,50000,61000,-11000,-11000
057046,奇力新元大99購03,0,0,0,0,0,0,0,0,0,-11000,0,0,0,0,11000,-11000,-11000
058947,SGBR2X群益9B購02,0,0,0,0,0,0,0,0,0,-11000,0,0,0,0,11000,-11000,-11000
057595,健鼎兆豐98購01  ,0,0,0,0,0,0,0,0,0,-11000,0,0,0,20000,31000,-11000,-11000
057543,華通凱基99購02  ,0,0,0,0,0,0,0,0,0,-11000,0,0,0,6000,17000,-11000,-11000
058421,國泰金麥證01購01,0,0,0,0,11000,-11000,0,0,0,-11000,0,0,0,0,11000,-11000,-11000
057477,智邦元大98購09  ,0,0,0,0,0,0,0,0,0,-11000,0,0,0,30000,41000,-11000,-11000
058509,聯發科元大99購12,0,0,0,0,0,0,0,0,0,-11000,0,0,0,0,11000,-11000,-11000
058799,晶技元大99購04  ,0,0,0,0,0,0,0,0,0,-11000,0,0,0,0,11000,-11000,-11000
058800,健策元大99購03  ,0,0,0,0,0,0,0,0,0,-11000,0,0,0,35000,46000,-11000,-11000
056256,聯茂元富97購03  ,0,0,0,0,0,0,0,0,0,-11000,0,0,0,5000,16000,-11000,-11000
056233,超眾凱基97購02  ,0,0,0,0,0,0,0,0,0,-11000,0,0,0,9000,20000,-11000,-11000
056603,嘉聯益國泰9A購01,0,0,0,0,0,0,0,0,0,-11000,0,0,0,113000,124000,-11000,-11000
2850,新產            ,30000,48000,-18000,0,0,0,0,0,0,7000,7000,0,7000,0,0,0,-11000
2701,萬企            ,0,11000,-11000,0,0,0,0,0,0,0,0,0,0,0,0,0,-11000
2450,神腦            ,7000,15000,-8000,0,0,0,0,0,0,-3000,0,3000,-3000,0,0,0,-11000
5225,東科-KY         ,19000,30000,-11000,0,0,0,0,0,0,0,0,0,0,0,0,0,-11000
07128P,大毅元大99售04  ,0,0,0,0,0,0,0,0,0,-12000,0,0,0,477000,489000,-12000,-12000
06668P,祥碩凱基98售02  ,0,0,0,0,0,0,0,0,0,-12000,0,0,0,28000,40000,-12000,-12000
07552P,技嘉元大9A售03  ,0,0,0,0,0,0,0,0,0,-12000,0,0,0,39000,51000,-12000,-12000
07707P,玉山金元大9A售03,0,0,0,0,0,0,0,0,0,-12000,0,0,0,0,12000,-12000,-12000
08100P,台灣50元富95售01,0,0,0,0,0,0,0,0,0,-12000,0,0,0,0,12000,-12000,-12000
060454,葡萄王元大9A購01,0,0,0,0,0,0,0,0,0,-12000,0,0,0,0,12000,-12000,-12000
060461,鴻海元大9A購09  ,0,0,0,0,0,0,0,0,0,-12000,0,0,0,19000,31000,-12000,-12000
060336,南電康和9A購01  ,0,0,0,0,0,0,0,0,0,-12000,0,0,0,8000,20000,-12000,-12000
060395,儒鴻國票9A購01  ,0,0,0,0,0,0,0,0,0,-12000,0,0,0,10000,22000,-12000,-12000
060528,友達中信9C購01  ,0,0,0,0,0,0,0,0,0,-12000,0,0,0,166000,178000,-12000,-12000
060514,南電元大9A購02  ,0,0,0,0,0,0,0,0,0,-12000,0,0,0,47000,59000,-12000,-12000
060657,旺宏統一9B購05  ,0,0,0,0,0,0,0,0,0,-12000,0,0,0,0,12000,-12000,-12000
060878,奇力新中信9C購01,0,0,0,0,0,0,0,0,0,-12000,0,0,0,0,12000,-12000,-12000
055101,台肥凱基97購01  ,0,0,0,0,0,0,0,0,0,-12000,0,0,0,0,12000,-12000,-12000
05551P,電子類元大96售01,0,0,0,0,0,0,0,0,0,-12000,0,0,0,8000,20000,-12000,-12000
059228,臺股指元大99購21,0,0,0,0,0,0,0,0,0,-12000,0,0,0,30000,42000,-12000,-12000
053728,茂林凱基97購01  ,0,0,0,0,0,0,0,0,0,-12000,0,0,0,11000,23000,-12000,-12000
054050,創意元大96購06  ,0,0,0,0,0,0,0,0,0,-12000,0,0,0,14000,26000,-12000,-12000
053067,牧德群益96購01  ,0,0,0,0,0,0,0,0,0,-12000,0,0,0,1000,13000,-12000,-12000
03443B,臺股指凱基9A熊27,0,0,0,0,0,0,0,0,0,-12000,0,0,0,0,12000,-12000,-12000
050548,華固凱基95購01  ,0,0,0,0,0,0,0,0,0,-12000,0,0,0,48000,60000,-12000,-12000
050496,鴻海富邦96購01  ,0,0,0,0,0,0,0,0,0,-12000,0,0,0,0,12000,-12000,-12000
056627,訊芯永豐98購01  ,0,0,0,0,0,0,0,0,0,-12000,0,0,0,11000,23000,-12000,-12000
056287,亞光永豐97購02  ,0,0,0,0,0,0,0,0,0,-12000,0,0,0,0,12000,-12000,-12000
059085,鴻海元大99購25  ,0,0,0,0,0,0,0,0,0,-12000,0,0,0,41000,53000,-12000,-12000
058642,旺宏麥證9A購01  ,0,0,0,0,12000,-12000,0,0,0,-12000,0,0,0,0,12000,-12000,-12000
058662,禾伸堂兆豐99購01,0,0,0,0,0,0,0,0,0,-12000,0,0,0,34000,46000,-12000,-12000
059001,聯發科元大99購17,0,0,0,0,0,0,0,0,0,-12000,0,0,0,0,12000,-12000,-12000
059003,中壽元大99購01  ,0,0,0,0,0,0,0,0,0,-12000,0,0,0,1000,13000,-12000,-12000
05898P,旺宏凱基96售06  ,0,0,0,0,0,0,0,0,0,-12000,0,0,0,18000,30000,-12000,-12000
058967,可成麥證99購01  ,0,0,0,2000,14000,-12000,0,0,0,-12000,0,0,0,2000,14000,-12000,-12000
057489,奇力新元大99購06,0,0,0,0,0,0,0,0,0,-12000,0,0,0,0,12000,-12000,-12000
059731,康控元大99購04  ,0,0,0,0,0,0,0,0,0,-12000,0,0,0,54000,66000,-12000,-12000
060022,勤誠康和99購01  ,0,0,0,0,0,0,0,0,0,-12000,0,0,0,0,12000,-12000,-12000
059974,臺指反元大9C購05,0,0,0,0,0,0,0,0,0,-12000,0,0,0,0,12000,-12000,-12000
057436,義隆國票99購02  ,0,0,0,0,0,0,0,0,0,-12000,0,0,0,2000,14000,-12000,-12000
057157,群創富邦98購02  ,0,0,0,0,0,0,0,0,0,-12000,0,0,0,0,12000,-12000,-12000
057149,京鼎國票99購02  ,0,0,0,0,0,0,0,0,0,-12000,0,0,0,0,12000,-12000,-12000
057127,旺宏凱基98購09  ,0,0,0,0,0,0,0,0,0,-12000,0,0,0,0,12000,-12000,-12000
055947,元油反元大98購03,0,0,0,0,0,0,0,0,0,-12000,0,0,0,0,12000,-12000,-12000
056003,智伸科永豐97購02,0,0,0,0,0,0,0,0,0,-12000,0,0,0,68000,80000,-12000,-12000
05724P,致茂永豐96售01  ,0,0,0,0,0,0,0,0,0,-12000,0,0,0,11000,23000,-12000,-12000
912000,晨訊科-DR       ,0,12000,-12000,0,0,0,0,0,0,0,0,0,0,0,0,0,-12000
9902,台火            ,5000,17000,-12000,0,0,0,0,0,0,0,0,0,0,0,0,0,-12000
060882,大立光中信9A購05,0,0,0,0,0,0,0,0,0,-13000,0,0,0,100000,113000,-13000,-13000
060836,上銀國票9A購03  ,0,0,0,0,0,0,0,0,0,-13000,0,0,0,0,13000,-13000,-13000
060927,嘉晶永豐9A購01  ,0,0,0,0,0,0,0,0,0,-13000,0,0,0,12000,25000,-13000,-13000
061292,玉晶光統一01購06,0,0,0,0,0,0,0,0,0,-13000,0,0,0,0,13000,-13000,-13000
061201,FBVIX元大01購03 ,0,0,0,0,0,0,0,0,0,-13000,0,0,0,0,13000,-13000,-13000
061207,美律元大9A購04  ,0,0,0,0,0,0,0,0,0,-13000,0,0,0,44000,57000,-13000,-13000
061153,奇力新群益9A購02,0,0,0,0,0,0,0,0,0,-13000,0,0,0,0,13000,-13000,-13000
060387,盛群凱基9A購01  ,0,0,0,0,0,0,0,0,0,-13000,0,0,0,16000,29000,-13000,-13000
060143,台積電國票9B購03,0,0,0,0,0,0,0,0,0,-13000,0,0,0,8000,21000,-13000,-13000
060048,元金2X凱基99購03,0,0,0,0,0,0,0,0,0,-13000,0,0,0,55000,68000,-13000,-13000
060332,聯發科麥證9A購01,0,0,0,0,13000,-13000,0,0,0,-13000,0,0,0,0,13000,-13000,-13000
07701P,玉晶光第一9A售02,0,0,0,0,0,0,0,0,0,-13000,0,0,0,0,13000,-13000,-13000
07490P,大立光國票9A售03,0,0,0,0,0,0,0,0,0,-13000,0,0,0,6000,19000,-13000,-13000
06493P,聯發科永豐98售02,0,0,0,0,0,0,0,0,0,-13000,0,0,0,0,13000,-13000,-13000
051386,富邦金麥證96購01,0,0,0,0,13000,-13000,0,0,0,-13000,0,0,0,0,13000,-13000,-13000
054160,華泰凱基98購01  ,0,0,0,0,0,0,0,0,0,-13000,0,0,0,20000,33000,-13000,-13000
055803,鎧勝永豐97購01  ,0,0,0,0,0,0,0,0,0,-13000,0,0,0,4000,17000,-13000,-13000
055838,致茂元大97購03  ,0,0,0,0,0,0,0,0,0,-13000,0,0,0,0,13000,-13000,-13000
00711B,FH彭博新興債    ,0,0,0,0,0,0,0,0,0,-13000,0,0,0,101000,114000,-13000,-13000
053910,嘉聯益凱基98購01,0,0,0,0,0,0,0,0,0,-13000,0,0,0,0,13000,-13000,-13000
059314,上銀元大99購03  ,0,0,0,0,0,0,0,0,0,-13000,0,0,0,0,13000,-13000,-13000
055466,台達電凱基97購03,0,0,0,0,0,0,0,0,0,-13000,0,0,0,11000,24000,-13000,-13000
058387,國巨國票9A購03  ,0,0,0,0,0,0,0,0,0,-13000,0,0,0,0,13000,-13000,-13000
057744,健策永豐98購02  ,0,0,0,0,0,0,0,0,0,-13000,0,0,0,0,13000,-13000,-13000
057819,新日興元大99購01,0,0,0,0,0,0,0,0,0,-13000,0,0,0,0,13000,-13000,-13000
059767,矽力永豐99購01  ,0,0,0,0,0,0,0,0,0,-13000,0,0,0,38000,51000,-13000,-13000
059796,台積電國票99購10,0,0,0,0,0,0,0,0,0,-13000,0,0,0,23000,36000,-13000,-13000
059895,T50反1元大99購12,0,0,0,0,0,0,0,0,0,-13000,0,0,0,0,13000,-13000,-13000
059637,大立光凱基01購01,0,0,0,0,0,0,0,0,0,-13000,0,0,0,57000,70000,-13000,-13000
058573,鴻海群益9A購02  ,0,0,0,0,0,0,0,0,0,-13000,0,0,0,53000,66000,-13000,-13000
058673,華新科群益9A購02,0,0,0,0,0,0,0,0,0,-13000,0,0,0,0,13000,-13000,-13000
4190,佐登-KY         ,93000,23000,70000,0,0,0,0,100000,-100000,17000,1000,0,1000,16000,0,16000,-13000
2704,國賓            ,24000,37000,-13000,0,0,0,0,0,0,0,0,0,0,0,0,0,-13000
06494P,鴻海永昌98售03  ,0,0,0,0,0,0,0,0,0,-14000,0,0,0,0,14000,-14000,-14000
07141P,台灣50國票9A售03,0,0,0,0,0,0,0,0,0,-14000,0,0,0,0,14000,-14000,-14000
07270P,台灣50元大01售09,0,0,0,0,0,0,0,0,0,-14000,0,0,0,28000,42000,-14000,-14000
07524P,臺股指中信9B售06,0,0,0,0,0,0,0,0,0,-14000,0,0,0,10000,24000,-14000,-14000
07627P,超眾凱基9A售02  ,0,0,0,0,0,0,0,0,0,-14000,0,0,0,106000,120000,-14000,-14000
060310,瑞昱永豐9A購01  ,0,0,0,0,0,0,0,0,0,-14000,0,0,0,10000,24000,-14000,-14000
060901,臺股指凱基9A購13,0,0,0,0,0,0,0,0,0,-14000,0,0,0,50000,64000,-14000,-14000
060825,聯詠元大9A購05  ,0,0,0,0,0,0,0,0,0,-14000,0,0,0,11000,25000,-14000,-14000
060848,聯茂國票9A購02  ,0,0,0,0,0,0,0,0,0,-14000,0,0,0,10000,24000,-14000,-14000
060849,力成國票9A購01  ,0,0,0,0,0,0,0,0,0,-14000,0,0,0,80000,94000,-14000,-14000
055229,大毅國票97購02  ,0,0,0,0,0,0,0,0,0,-14000,0,0,0,8000,22000,-14000,-14000
055287,日電貿元大97購01,0,0,0,0,0,0,0,0,0,-14000,0,0,0,3000,17000,-14000,-14000
059327,南茂元大99購01  ,0,0,0,0,0,0,0,0,0,-14000,0,0,0,32000,46000,-14000,-14000
059452,全新永豐99購03  ,0,0,0,0,0,0,0,0,0,-14000,0,0,0,0,14000,-14000,-14000
053721,國泰金凱基97購01,0,0,0,0,0,0,0,0,0,-14000,0,0,0,50000,64000,-14000,-14000
053480,祥碩元大96購02  ,0,0,0,0,0,0,0,0,0,-14000,0,0,0,16000,30000,-14000,-14000
053092,台表科元大97購02,0,0,0,0,0,0,0,0,0,-14000,0,0,0,0,14000,-14000,-14000
049117,矽格統一96購01  ,0,0,0,0,0,0,0,0,0,-14000,0,0,0,0,14000,-14000,-14000
05271P,國巨富邦97售01  ,0,0,0,0,0,0,0,0,0,-14000,0,0,0,10000,24000,-14000,-14000
050212,瀚宇博國票95購02,0,0,0,0,0,0,0,0,0,-14000,0,0,0,0,14000,-14000,-14000
058762,貿聯群益99購03  ,0,0,0,0,0,0,0,0,0,-14000,0,0,0,83000,97000,-14000,-14000
058693,旭富國票9A購01  ,0,0,0,0,0,0,0,0,0,-14000,0,0,0,22000,36000,-14000,-14000
059640,聯詠凱基99購04  ,0,0,0,0,0,0,0,0,0,-14000,0,0,0,10000,24000,-14000,-14000
057604,鴻海統一9C購01  ,0,0,0,0,0,0,0,0,0,-14000,0,0,0,0,14000,-14000,-14000
060011,臺股指群益9C購06,0,0,0,0,0,0,0,0,0,-14000,0,0,0,6000,20000,-14000,-14000
057802,卜蜂元大98購01  ,0,0,0,0,0,0,0,0,0,-14000,0,0,0,50000,64000,-14000,-14000
057946,晶相光國票99購01,0,0,0,0,0,0,0,0,0,-14000,0,0,0,20000,34000,-14000,-14000
057980,聯詠永豐98購01  ,0,0,0,0,0,0,0,0,0,-14000,0,0,0,0,14000,-14000,-14000
05604P,聯發科元大96售10,0,0,0,0,0,0,0,0,0,-14000,0,0,0,0,14000,-14000,-14000
2702,華園            ,8000,22000,-14000,0,0,0,0,0,0,0,0,0,0,0,0,0,-14000
2496,卓越            ,0,14000,-14000,0,0,0,0,0,0,0,0,0,0,0,0,0,-14000
3024,憶聲            ,0,14000,-14000,0,0,0,0,0,0,0,0,0,0,0,0,0,-14000
4755,三福化          ,1000,15000,-14000,0,0,0,0,0,0,0,0,0,0,0,0,0,-14000
8070,長華*           ,11000,18000,-7000,0,0,0,0,0,0,-7000,0,7000,-7000,0,0,0,-14000
060905,台積電元大9A購20,0,0,0,0,0,0,0,0,0,-15000,0,0,0,20000,35000,-15000,-15000
060707,台郡富邦9A購01  ,0,0,0,0,0,0,0,0,0,-15000,0,0,0,110000,125000,-15000,-15000
061277,智邦台新9A購01  ,0,0,0,0,0,0,0,0,0,-15000,0,0,0,0,15000,-15000,-15000
061110,超眾元大9A購03  ,0,0,0,0,0,0,0,0,0,-15000,0,0,0,0,15000,-15000,-15000
060329,鎧勝群益9B購01  ,0,0,0,0,0,0,0,0,0,-15000,0,0,0,1000,16000,-15000,-15000
060198,祥碩元富9A購02  ,0,0,0,0,0,0,0,0,0,-15000,0,0,0,11000,26000,-15000,-15000
060133,牧德群益9B購01  ,0,0,0,0,0,0,0,0,0,-15000,0,0,0,7000,22000,-15000,-15000
060163,健策永豐9B購01  ,0,0,0,0,0,0,0,0,0,-15000,0,0,0,7000,22000,-15000,-15000
060408,和潤國泰9C購01  ,0,0,0,0,0,0,0,0,0,-15000,0,0,0,22000,37000,-15000,-15000
060554,中租凱基9A購01  ,0,0,0,0,0,0,0,0,0,-15000,0,0,0,0,15000,-15000,-15000
07734P,台積電富邦9C售10,0,0,0,0,0,0,0,0,0,-15000,0,0,0,0,15000,-15000,-15000
1234,黑松            ,2000,17000,-15000,0,0,0,0,0,0,0,0,0,0,0,0,0,-15000
07512P,國巨元大9A售08  ,0,0,0,0,0,0,0,0,0,-15000,0,0,0,95000,110000,-15000,-15000
07327P,台灣50群益9A售06,0,0,0,0,0,0,0,0,0,-15000,0,0,0,5000,20000,-15000,-15000
06900P,FBVIX國票12售01 ,0,0,0,0,0,0,0,0,0,-15000,0,0,0,5000,20000,-15000,-15000
06887P,華新科元大98售04,0,0,0,0,0,0,0,0,0,-15000,0,0,0,0,15000,-15000,-15000
05011P,南電國泰96售01  ,0,0,0,0,0,0,0,0,0,-15000,0,0,0,0,15000,-15000,-15000
05209P,鴻海凱基96售09  ,0,0,0,0,0,0,0,0,0,-15000,0,0,0,0,15000,-15000,-15000
052062,臺股指國票95購09,0,0,0,0,0,0,0,0,0,-15000,0,0,0,85000,100000,-15000,-15000
055796,南電國泰98購01  ,0,0,0,0,0,0,0,0,0,-15000,0,0,0,1000,16000,-15000,-15000
052588,玉晶光永豐98購01,0,0,0,0,0,0,0,0,0,-15000,0,0,0,0,15000,-15000,-15000
049252,國巨元大96購01  ,0,0,0,0,0,0,0,0,0,-15000,0,0,0,153000,168000,-15000,-15000
052502,瀚宇博永豐95購02,0,0,0,0,0,0,0,0,0,-15000,0,0,0,0,15000,-15000,-15000
052428,嘉晶永豐95購01  ,0,0,0,0,0,0,0,0,0,-15000,0,0,0,20000,35000,-15000,-15000
054778,世紀鋼國票99購01,0,0,0,0,0,0,0,0,0,-15000,0,0,0,5000,20000,-15000,-15000
054967,神達元大97購01  ,0,0,0,0,0,0,0,0,0,-15000,0,0,0,0,15000,-15000,-15000
057356,彩晶統一98購04  ,0,0,0,0,0,0,0,0,0,-15000,0,0,0,20000,35000,-15000,-15000
056129,義隆麥證97購01  ,0,0,0,0,15000,-15000,0,0,0,-15000,0,0,0,0,15000,-15000,-15000
05741P,聯發科元大96售14,0,0,0,0,0,0,0,0,0,-15000,0,0,0,1000,16000,-15000,-15000
058378,南電凱基99購01  ,0,0,0,0,0,0,0,0,0,-15000,0,0,0,10000,25000,-15000,-15000
058370,聯詠凱基99購01  ,0,0,0,0,0,0,0,0,0,-15000,0,0,0,0,15000,-15000,-15000
059507,鴻海永豐99購03  ,0,0,0,0,0,0,0,0,0,-15000,0,0,0,0,15000,-15000,-15000
055968,祥碩元大97購04  ,0,0,0,0,0,0,0,0,0,-15000,0,0,0,44000,59000,-15000,-15000
056892,旺宏元大9A購02  ,0,0,0,0,0,0,0,0,0,-15000,0,0,0,0,15000,-15000,-15000
056717,康友永豐98購01  ,0,0,0,0,0,0,0,0,0,-15000,0,0,0,10000,25000,-15000,-15000
058099,鴻海國泰9A購02  ,0,0,0,0,0,0,0,0,0,-15000,0,0,0,0,15000,-15000,-15000
058907,健策元大99購04  ,0,0,0,0,0,0,0,0,0,-15000,0,0,0,29000,44000,-15000,-15000
059990,健策元大9A購01  ,0,0,0,0,0,0,0,0,0,-15000,0,0,0,2000,17000,-15000,-15000
059901,滬深2X元大9C購07,0,0,0,0,0,0,0,0,0,-15000,0,0,0,4000,19000,-15000,-15000
059775,台灣50元大9C購16,0,0,0,0,0,0,0,0,0,-15000,0,0,0,0,15000,-15000,-15000
059787,奇力新元大9A購02,0,0,0,0,0,0,0,0,0,-15000,0,0,0,1000,16000,-15000,-15000
059636,宏達電凱基99購05,0,0,0,0,0,0,0,0,0,-15000,0,0,0,0,15000,-15000,-15000
059674,玉山金元富99購02,0,0,0,0,0,0,0,0,0,-15000,0,0,0,10000,25000,-15000,-15000
056673,中石化元富9B購01,0,0,0,0,0,0,0,0,0,-15000,0,0,0,109000,124000,-15000,-15000
056675,聯發科元富02購01,0,0,0,0,0,0,0,0,0,-15000,0,0,0,0,15000,-15000,-15000
057509,聯發科統一9A購03,0,0,0,0,0,0,0,0,0,-15000,0,0,0,0,15000,-15000,-15000
058956,健策國票9A購02  ,0,0,0,0,0,0,0,0,0,-15000,0,0,0,6000,21000,-15000,-15000
056657,華邦電元大99購01,0,0,0,0,0,0,0,0,0,-15000,0,0,0,0,15000,-15000,-15000
8101,華冠            ,25000,40000,-15000,0,0,0,0,0,0,0,0,0,0,0,0,0,-15000
9930,中聯資源        ,8000,23000,-15000,0,0,0,0,0,0,0,0,0,0,0,0,0,-15000
2923,鼎固-KY         ,0,15000,-15000,0,0,0,0,0,0,0,0,0,0,0,0,0,-15000
1590,亞德客-KY       ,334763,368500,-33737,0,0,0,73250,39000,34250,-16000,4000,19000,-15000,8000,9000,-1000,-15487
1537,廣隆            ,27000,43000,-16000,0,0,0,0,0,0,0,0,0,0,0,0,0,-16000
07621P,台積電統一9B售09,0,0,0,0,0,0,0,0,0,-16000,0,0,0,7000,23000,-16000,-16000
07656P,國巨凱基9A售15  ,0,0,0,0,0,0,0,0,0,-16000,0,0,0,0,16000,-16000,-16000
06954P,大立光元富99售01,0,0,0,0,0,0,0,0,0,-16000,0,0,0,155000,171000,-16000,-16000
06581P,南亞科凱基98售04,0,0,0,0,0,0,0,0,0,-16000,0,0,0,4000,20000,-16000,-16000
07334P,臺股指國票99售19,0,0,0,0,0,0,0,0,0,-16000,0,0,0,245000,261000,-16000,-16000
07252P,台灣50凱基99售01,0,0,0,0,0,0,0,0,0,-16000,0,0,0,140000,156000,-16000,-16000
060651,瑞儀中信9B購01  ,0,0,0,0,0,0,0,0,0,-16000,0,0,0,1000,17000,-16000,-16000
060600,台積電凱基9C購01,0,0,0,0,0,0,0,0,0,-16000,0,0,0,0,16000,-16000,-16000
060094,聯發科元大99購41,0,0,0,0,0,0,0,0,0,-16000,0,0,0,0,16000,-16000,-16000
060712,建準永豐9A購01  ,0,0,0,0,0,0,0,0,0,-16000,0,0,0,24000,40000,-16000,-16000
060783,亞德客富邦9B購01,0,0,0,0,0,0,0,0,0,-16000,0,0,0,258000,274000,-16000,-16000
06090P,旺宏統一97售06  ,0,0,0,0,0,0,0,0,0,-16000,0,0,0,14000,30000,-16000,-16000
053073,技嘉康和96購01  ,0,0,0,0,0,0,0,0,0,-16000,0,0,0,132000,148000,-16000,-16000
052886,世紀鋼兆豐96購01,0,0,0,0,0,0,0,0,0,-16000,0,0,0,0,16000,-16000,-16000
059441,祥碩元大99購02  ,0,0,0,0,0,0,0,0,0,-16000,0,0,0,3000,19000,-16000,-16000
059129,麗豐中信99購01  ,0,0,0,0,0,0,0,0,0,-16000,0,0,0,0,16000,-16000,-16000
059239,台積電凱基99購12,0,0,0,0,0,0,0,0,0,-16000,0,0,0,0,16000,-16000,-16000
055684,京鼎凱基97購01  ,0,0,0,0,0,0,0,0,0,-16000,0,0,0,100000,116000,-16000,-16000
049842,道瓊反中信98購01,0,0,0,0,0,0,0,0,0,-16000,0,0,0,11000,27000,-16000,-16000
056583,昇陽半元大98購02,0,0,0,0,0,0,0,0,0,-16000,0,0,0,0,16000,-16000,-16000
056395,玉晶光永豐9B購01,0,0,0,0,0,0,0,0,0,-16000,0,0,0,0,16000,-16000,-16000
058949,上銀群益99購02  ,0,0,0,0,0,0,0,0,0,-16000,0,0,0,59000,75000,-16000,-16000
058521,日月光元大99購01,0,0,0,0,0,0,0,0,0,-16000,0,0,0,37000,53000,-16000,-16000
056969,智易永豐98購01  ,0,0,0,0,0,0,0,0,0,-16000,0,0,0,11000,27000,-16000,-16000
056004,南電永豐97購02  ,0,0,0,0,0,0,0,0,0,-16000,0,0,0,6000,22000,-16000,-16000
057352,大立光統一9A購02,0,0,0,0,0,0,0,0,0,-16000,0,0,0,1000,17000,-16000,-16000
057003,立積國票98購01  ,0,0,0,0,0,0,0,0,0,-16000,0,0,0,0,16000,-16000,-16000
060899,超眾凱基9A購01  ,0,0,0,0,0,0,0,0,0,-17000,0,0,0,2000,19000,-17000,-17000
060694,旺宏麥證9A購02  ,0,0,0,0,17000,-17000,0,0,0,-17000,0,0,0,0,17000,-17000,-17000
060591,富邦金台新9A購01,0,0,0,0,0,0,0,0,0,-17000,0,0,0,4000,21000,-17000,-17000
060404,台勝科國泰9B購01,0,0,0,0,0,0,0,0,0,-17000,0,0,0,161000,178000,-17000,-17000
06962P,華新科永豐99售01,0,0,0,0,0,0,0,0,0,-17000,0,0,0,16000,33000,-17000,-17000
1307,三芳            ,10000,27000,-17000,0,0,0,0,0,0,0,0,0,0,0,0,0,-17000
052764,景碩群益98購01  ,0,0,0,0,0,0,0,0,0,-17000,0,0,0,40000,57000,-17000,-17000
048859,玉晶光群益96購02,0,0,0,0,0,0,0,0,0,-17000,0,0,0,20000,37000,-17000,-17000
050847,創意國票96購01  ,0,0,0,0,0,0,0,0,0,-17000,0,0,0,0,17000,-17000,-17000
054258,牧德元大97購01  ,0,0,0,0,0,0,0,0,0,-17000,0,0,0,49000,66000,-17000,-17000
051390,京元電兆豐95購01,0,0,0,0,0,0,0,0,0,-17000,0,0,0,3000,20000,-17000,-17000
050481,泰鼎國票96購01  ,0,0,0,0,0,0,0,0,0,-17000,0,0,0,0,17000,-17000,-17000
055227,聯發科國票98購02,0,0,0,0,0,0,0,0,0,-17000,0,0,0,3000,20000,-17000,-17000
059451,國巨永豐99購05  ,0,0,0,0,0,0,0,0,0,-17000,0,0,0,0,17000,-17000,-17000
05359P,嘉澤元大95售02  ,0,0,0,0,0,0,0,0,0,-17000,0,0,0,356000,373000,-17000,-17000
054091,晶豪科群益96購01,0,0,0,0,0,0,0,0,0,-17000,0,0,0,3000,20000,-17000,-17000
057337,聯發科國票99購02,0,0,0,0,0,0,0,0,0,-17000,0,0,0,0,17000,-17000,-17000
057386,聯發科永豐98購04,0,0,0,0,0,0,0,0,0,-17000,0,0,0,6000,23000,-17000,-17000
056114,台達電群益97購02,0,0,0,0,0,0,0,0,0,-17000,0,0,0,10000,27000,-17000,-17000
057985,華通元富02購03  ,0,0,0,0,0,0,0,0,0,-17000,0,0,0,4000,21000,-17000,-17000
057937,神達群益98購02  ,0,0,0,0,0,0,0,0,0,-17000,0,0,0,76000,93000,-17000,-17000
057260,微星兆豐98購01  ,0,0,0,0,0,0,0,0,0,-17000,0,0,0,5000,22000,-17000,-17000
058927,勤誠元富99購02  ,0,0,0,0,0,0,0,0,0,-17000,0,0,0,0,17000,-17000,-17000
059591,台積電元大9A購04,0,0,0,0,0,0,0,0,0,-17000,0,0,0,2000,19000,-17000,-17000
059397,T50反1元富99購05,0,0,0,0,0,0,0,0,0,-17000,0,0,0,71000,88000,-17000,-17000
059719,台積電元大99購42,0,0,0,0,0,0,0,0,0,-17000,0,0,0,29000,46000,-17000,-17000
059765,嘉聯益永豐99購02,0,0,0,0,0,0,0,0,0,-17000,0,0,0,8000,25000,-17000,-17000
05999P,世芯元大96售01  ,0,0,0,0,0,0,0,0,0,-17000,0,0,0,3000,20000,-17000,-17000
2528,皇普            ,4000,22000,-18000,0,0,0,0,0,0,1000,2000,1000,1000,0,0,0,-17000
5283,禾聯碩          ,4000,21000,-17000,0,0,0,0,0,0,0,0,0,0,0,0,0,-17000
6108,競國            ,41000,58000,-17000,0,0,0,0,0,0,0,0,0,0,0,0,0,-17000
07719P,臺股指群益9A售08,0,0,0,0,0,0,0,0,0,-18000,0,0,0,0,18000,-18000,-18000
06052P,台郡國票97售06  ,0,0,0,0,0,0,0,0,0,-18000,0,0,0,0,18000,-18000,-18000
060346,華新科統一01購01,0,0,0,0,0,0,0,0,0,-18000,0,0,0,10000,28000,-18000,-18000
060812,智邦凱基9A購01  ,0,0,0,0,0,0,0,0,0,-18000,0,0,0,0,18000,-18000,-18000
060850,康友國票9A購03  ,0,0,0,0,0,0,0,0,0,-18000,0,0,0,48000,66000,-18000,-18000
061019,大毅國票9A購01  ,0,0,0,0,0,0,0,0,0,-18000,0,0,0,0,18000,-18000,-18000
061234,國巨元大9A購18  ,0,0,0,0,0,0,0,0,0,-18000,0,0,0,0,18000,-18000,-18000
054025,鴻海凱基96購17  ,0,0,0,0,0,0,0,0,0,-18000,0,0,0,0,18000,-18000,-18000
053894,創意群益96購01  ,0,0,0,0,0,0,0,0,0,-18000,0,0,0,0,18000,-18000,-18000
053900,T50反1日盛99購01,0,0,0,0,0,0,0,0,0,-18000,0,0,0,0,18000,-18000,-18000
053750,致伸永豐96購02  ,0,0,0,0,0,0,0,0,0,-18000,0,0,0,0,18000,-18000,-18000
054738,聯發科凱基97購01,0,0,0,0,0,0,0,0,0,-18000,0,0,0,0,18000,-18000,-18000
059223,大立光元大99購14,0,0,0,0,0,0,0,0,0,-18000,0,0,0,30000,48000,-18000,-18000
059281,創意永豐99購02  ,0,0,0,0,0,0,0,0,0,-18000,0,0,0,12000,30000,-18000,-18000
055461,TPK永豐97購01   ,0,0,0,0,0,0,0,0,0,-18000,0,0,0,0,18000,-18000,-18000
050424,鴻海凱基96購03  ,0,0,0,0,0,0,0,0,0,-18000,0,0,0,10000,28000,-18000,-18000
054337,智邦統一96購01  ,0,0,0,0,0,0,0,0,0,-18000,0,0,0,0,18000,-18000,-18000
052614,聯電國泰97購01  ,0,0,0,0,0,0,0,0,0,-18000,0,0,0,92000,110000,-18000,-18000
060012,電子類群益99購02,0,0,0,0,0,0,0,0,0,-18000,0,0,0,2000,20000,-18000,-18000
059910,鴻海元大99購37  ,0,0,0,0,0,0,0,0,0,-18000,0,0,0,15000,33000,-18000,-18000
056571,燿華元大98購02  ,0,0,0,0,0,0,0,0,0,-18000,0,0,0,0,18000,-18000,-18000
058550,南亞科永豐99購01,0,0,0,0,0,0,0,0,0,-18000,0,0,0,0,18000,-18000,-18000
056281,深中小永豐97購01,0,0,0,0,0,0,0,0,0,-18000,0,0,0,92000,110000,-18000,-18000
055979,聯鈞統一97購03  ,0,0,0,0,0,0,0,0,0,-18000,0,0,0,0,18000,-18000,-18000
056850,彩晶元富99購01  ,0,0,0,0,0,0,0,0,0,-18000,0,0,0,128000,146000,-18000,-18000
059502,台灣50台新9B購04,0,0,0,0,0,0,0,0,0,-18000,0,0,0,0,18000,-18000,-18000
058290,南電國票9A購01  ,0,0,0,0,0,0,0,0,0,-18000,0,0,0,0,18000,-18000,-18000
061197,矽創永豐9A購02  ,0,0,0,0,0,0,0,0,0,-19000,0,0,0,0,19000,-19000,-19000
060799,茂林永豐9A購01  ,0,0,0,0,0,0,0,0,0,-19000,0,0,0,0,19000,-19000,-19000
060306,台肥永豐9A購01  ,0,0,0,0,0,0,0,0,0,-19000,0,0,0,1000,20000,-19000,-19000
060208,卜蜂康和9A購01  ,0,0,0,0,0,0,0,0,0,-19000,0,0,0,0,19000,-19000,-19000
060620,玉晶光元大9A購04,0,0,0,0,0,0,0,0,0,-19000,0,0,0,0,19000,-19000,-19000
2107,厚生            ,78000,86000,-8000,0,0,0,0,4000,-4000,-7000,0,7000,-7000,0,0,0,-19000
2388,威盛            ,67000,86000,-19000,0,0,0,0,0,0,0,0,0,0,0,0,0,-19000
07415P,台積電元大99售52,0,0,0,0,0,0,0,0,0,-19000,0,0,0,155000,174000,-19000,-19000
07190P,臺股指富邦9C售02,0,0,0,0,0,0,0,0,0,-19000,0,0,0,39000,58000,-19000,-19000
054311,世芯凱基96購02  ,0,0,0,0,0,0,0,0,0,-19000,0,0,0,32000,51000,-19000,-19000
055887,上銀統一97購03  ,0,0,0,0,0,0,0,0,0,-19000,0,0,0,31000,50000,-19000,-19000
050014,國巨富邦98購01  ,0,0,0,0,0,0,0,0,0,-19000,0,0,0,9000,28000,-19000,-19000
052353,高鐵群益97購01  ,0,0,0,0,0,0,0,0,0,-19000,0,0,0,1000,20000,-19000,-19000
059151,臺股指國票99購14,0,0,0,0,0,0,0,0,0,-19000,0,0,0,4000,23000,-19000,-19000
059113,群光永豐99購01  ,0,0,0,0,0,0,0,0,0,-19000,0,0,0,1000,20000,-19000,-19000
054932,台肥元大97購01  ,0,0,0,0,0,0,0,0,0,-19000,0,0,0,59000,78000,-19000,-19000
054106,元油反凱基9C購01,0,0,0,0,0,0,0,0,0,-19000,0,0,0,0,19000,-19000,-19000
056963,建準永豐98購01  ,0,0,0,0,0,0,0,0,0,-19000,0,0,0,0,19000,-19000,-19000
055982,T50反1元富97購01,0,0,0,0,0,0,0,0,0,-19000,0,0,0,0,19000,-19000,-19000
059428,國巨元大99購25  ,0,0,0,0,0,0,0,0,0,-19000,0,0,0,0,19000,-19000,-19000
059568,台積電凱基9A購13,0,0,0,0,0,0,0,0,0,-19000,0,0,0,5000,24000,-19000,-19000
056274,彩晶統一98購02  ,0,0,0,0,0,0,0,0,0,-19000,0,0,0,0,19000,-19000,-19000
056266,開發金統一9A購01,0,0,0,0,0,0,0,0,0,-19000,0,0,0,119000,138000,-19000,-19000
056397,彩晶永豐99購01  ,0,0,0,0,0,0,0,0,0,-19000,0,0,0,7000,26000,-19000,-19000
056203,興富發永豐97購01,0,0,0,0,0,0,0,0,0,-19000,0,0,0,0,19000,-19000,-19000
058835,元油2X中信9C購02,0,0,0,0,0,0,0,0,0,-19000,0,0,0,0,19000,-19000,-19000
058802,矽創元大99購02  ,0,0,0,0,0,0,0,0,0,-19000,0,0,0,0,19000,-19000,-19000
059790,立積元大9C購02  ,0,0,0,0,0,0,0,0,0,-19000,0,0,0,0,19000,-19000,-19000
2939,凱羿-KY         ,44000,91000,-47000,0,0,0,25,0,25,27000,27000,0,27000,0,0,0,-19975
07087P,聯發科台新99售02,0,0,0,0,0,0,0,0,0,-20000,0,0,0,400000,420000,-20000,-20000
07356P,臺股指國票99售24,0,0,0,0,0,0,0,0,0,-20000,0,0,0,5000,25000,-20000,-20000
07328P,FBVIX國泰9B售01 ,0,0,0,0,0,0,0,0,0,-20000,0,0,0,0,20000,-20000,-20000
06679P,旺宏元大98售09  ,0,0,0,0,0,0,0,0,0,-20000,0,0,0,0,20000,-20000,-20000
06688P,鴻海中信02售01  ,0,0,0,0,0,0,0,0,0,-20000,0,0,0,0,20000,-20000,-20000
06813P,友訊元富98售03  ,0,0,0,0,0,0,0,0,0,-20000,0,0,0,0,20000,-20000,-20000
06577P,聯發科日盛9A售02,0,0,0,0,0,0,0,0,0,-20000,0,0,0,0,20000,-20000,-20000
2062,橋椿            ,81000,101000,-20000,0,0,0,0,0,0,0,0,0,0,0,0,0,-20000
07710P,華擎元大9A售05  ,0,0,0,0,0,0,0,0,0,-20000,0,0,0,0,20000,-20000,-20000
07664P,台灣50元大9C售30,0,0,0,0,0,0,0,0,0,-20000,0,0,0,0,20000,-20000,-20000
07693P,群創元大9B售10  ,0,0,0,0,0,0,0,0,0,-20000,0,0,0,22000,42000,-20000,-20000
07676P,華新科永豐9A售02,0,0,0,0,0,0,0,0,0,-20000,0,0,0,0,20000,-20000,-20000
07634P,金像電元大9A售01,0,0,0,0,0,0,0,0,0,-20000,0,0,0,510000,530000,-20000,-20000
07481P,大立光台新9A售01,0,0,0,0,0,0,0,0,0,-20000,0,0,0,0,20000,-20000,-20000
060538,S&P反1凱基9A購01,0,0,0,0,0,0,0,0,0,-20000,0,0,0,75000,95000,-20000,-20000
06053P,緯穎國票97售05  ,0,0,0,0,0,0,0,0,0,-20000,0,0,0,0,20000,-20000,-20000
060388,世紀鋼凱基9B購01,0,0,0,0,0,0,0,0,0,-20000,0,0,0,40000,60000,-20000,-20000
060333,金寶康和9A購01  ,0,0,0,0,0,0,0,0,0,-20000,0,0,0,20000,40000,-20000,-20000
060099,宏達電元大99購09,0,0,0,0,0,0,0,0,0,-20000,0,0,0,47000,67000,-20000,-20000
060840,可成國票9B購01  ,0,0,0,0,0,0,0,0,0,-20000,0,0,0,15000,35000,-20000,-20000
06087P,國巨永豐97售01  ,0,0,0,0,0,0,0,0,0,-20000,0,0,0,10000,30000,-20000,-20000
061247,玉晶光群益9A購09,0,0,0,0,0,0,0,0,0,-20000,0,0,0,0,20000,-20000,-20000
061217,臺股指元大9A購54,0,0,0,0,0,0,0,0,0,-20000,0,0,0,0,20000,-20000,-20000
061196,世芯永豐9A購06  ,0,0,0,0,0,0,0,0,0,-20000,0,0,0,0,20000,-20000,-20000
061286,大立光統一9A購05,0,0,0,0,0,0,0,0,0,-20000,0,0,0,0,20000,-20000,-20000
06180P,禾伸堂群益97售01,0,0,0,0,0,0,0,0,0,-20000,0,0,0,10000,30000,-20000,-20000
061038,TPK永豐9A購01   ,0,0,0,0,0,0,0,0,0,-20000,0,0,0,15000,35000,-20000,-20000
061141,臻鼎統一9A購01  ,0,0,0,0,0,0,0,0,0,-20000,0,0,0,0,20000,-20000,-20000
061079,台積電兆豐9A購02,0,0,0,0,0,0,0,0,0,-20000,0,0,0,0,20000,-20000,-20000
061093,華新科統一9B購03,0,0,0,0,0,0,0,0,0,-20000,0,0,0,0,20000,-20000,-20000
054104,T50反1凱基9A購02,0,0,0,0,0,0,0,0,0,-20000,0,0,0,0,20000,-20000,-20000
055062,文曄永豐97購01  ,0,0,0,0,0,0,0,0,0,-20000,0,0,0,0,20000,-20000,-20000
053760,牧德國泰98購01  ,0,0,0,0,0,0,0,0,0,-20000,0,0,0,0,20000,-20000,-20000
053799,矽創中信9A購01  ,0,0,0,0,0,0,0,0,0,-20000,0,0,0,0,20000,-20000,-20000
054941,凱美元大97購01  ,0,0,0,0,0,0,0,0,0,-20000,0,0,0,0,20000,-20000,-20000
053610,矽力中信98購01  ,0,0,0,0,0,0,0,0,0,-20000,0,0,0,0,20000,-20000,-20000
054758,南亞國票9A購01  ,0,0,0,0,0,0,0,0,0,-20000,0,0,0,0,20000,-20000,-20000
054691,裕民永豐97購01  ,0,0,0,0,0,0,0,0,0,-20000,0,0,0,0,20000,-20000,-20000
05465P,台表科永豐95售03,0,0,0,0,0,0,0,0,0,-20000,0,0,0,0,20000,-20000,-20000
054582,致新元大97購01  ,0,0,0,0,0,0,0,0,0,-20000,0,0,0,0,20000,-20000,-20000
052898,樺漢群益96購01  ,0,0,0,0,0,0,0,0,0,-20000,0,0,0,0,20000,-20000,-20000
05299P,旺宏元大95售04  ,0,0,0,0,0,0,0,0,0,-20000,0,0,0,0,20000,-20000,-20000
05911P,南亞科永豐96售03,0,0,0,0,0,0,0,0,0,-20000,0,0,0,67000,87000,-20000,-20000
059167,聯發科凱基99購11,0,0,0,0,0,0,0,0,0,-20000,0,0,0,0,20000,-20000,-20000
059191,茂林富邦9B購01  ,0,0,0,0,0,0,0,0,0,-20000,0,0,0,80000,100000,-20000,-20000
059283,康友永豐99購02  ,0,0,0,0,0,0,0,0,0,-20000,0,0,0,0,20000,-20000,-20000
05930P,景碩康和96售01  ,0,0,0,0,0,0,0,0,0,-20000,0,0,0,320000,340000,-20000,-20000
059235,鴻海凱基99購08  ,0,0,0,0,0,0,0,0,0,-20000,0,0,0,0,20000,-20000,-20000
055530,聯發科群益98購01,0,0,0,0,0,0,0,0,0,-20000,0,0,0,0,20000,-20000,-20000
055559,大立光凱基97購09,0,0,0,0,0,0,0,0,0,-20000,0,0,0,0,20000,-20000,-20000
055590,聯發科元大98購02,0,0,0,0,0,0,0,0,0,-20000,0,0,0,0,20000,-20000,-20000
05574P,英業達元富96售01,0,0,0,0,0,0,0,0,0,-20000,0,0,0,0,20000,-20000,-20000
055740,智易元富97購01  ,0,0,0,0,0,0,0,0,0,-20000,0,0,0,0,20000,-20000,-20000
055129,鈺齊兆豐97購01  ,0,0,0,0,0,0,0,0,0,-20000,0,0,0,0,20000,-20000,-20000
05506P,茂林凱基96售03  ,0,0,0,0,0,0,0,0,0,-20000,0,0,0,70000,90000,-20000,-20000
055283,聯發科元大97購16,0,0,0,0,0,0,0,0,0,-20000,0,0,0,0,20000,-20000,-20000
055296,康舒元大97購02  ,0,0,0,0,0,0,0,0,0,-20000,0,0,0,0,20000,-20000,-20000
05222P,致伸凱基95售02  ,0,0,0,0,0,0,0,0,0,-20000,0,0,0,10000,30000,-20000,-20000
052066,華邦電兆豐96購01,0,0,0,0,0,0,0,0,0,-20000,0,0,0,0,20000,-20000,-20000
052053,泰鼎凱基96購01  ,0,0,0,0,0,0,0,0,0,-20000,0,0,0,0,20000,-20000,-20000
051941,樺漢群益95購02  ,0,0,0,0,0,0,0,0,0,-20000,0,0,0,0,20000,-20000,-20000
051847,香港反中信99購01,0,0,0,0,0,0,0,0,0,-20000,0,0,0,0,20000,-20000,-20000
04975P,華新科凱基96售02,0,0,0,0,0,0,0,0,0,-20000,0,0,0,0,20000,-20000,-20000
050166,彩晶國泰95購01  ,0,0,0,0,0,0,0,0,0,-20000,0,0,0,0,20000,-20000,-20000
055875,光罩元富97購02  ,0,0,0,0,0,0,0,0,0,-20000,0,0,0,9000,29000,-20000,-20000
05412P,泰碩國票95售02  ,0,0,0,0,0,0,0,0,0,-20000,0,0,0,0,20000,-20000,-20000
050911,光磊中信98購01  ,0,0,0,0,0,0,0,0,0,-20000,0,0,0,0,20000,-20000,-20000
054280,牧德群益98購01  ,0,0,0,0,0,0,0,0,0,-20000,0,0,0,0,20000,-20000,-20000
054295,世芯元大96購03  ,0,0,0,0,0,0,0,0,0,-20000,0,0,0,0,20000,-20000,-20000
054186,高鐵永豐96購01  ,0,0,0,0,0,0,0,0,0,-20000,0,0,0,0,20000,-20000,-20000
054554,大立光凱基98購02,0,0,0,0,0,0,0,0,0,-20000,0,0,0,0,20000,-20000,-20000
054376,聯茂中信97購01  ,0,0,0,0,0,0,0,0,0,-20000,0,0,0,80000,100000,-20000,-20000
052665,緯穎國票96購03  ,0,0,0,0,0,0,0,0,0,-20000,0,0,0,0,20000,-20000,-20000
052568,漢唐凱基96購02  ,0,0,0,0,0,0,0,0,0,-20000,0,0,0,0,20000,-20000,-20000
05260P,和碩元富95售02  ,0,0,0,0,0,0,0,0,0,-20000,0,0,0,0,20000,-20000,-20000
052622,貿聯兆豐97購01  ,0,0,0,0,0,0,0,0,0,-20000,0,0,0,0,20000,-20000,-20000
051602,南茂兆豐96購01  ,0,0,0,0,0,0,0,0,0,-20000,0,0,0,0,20000,-20000,-20000
051694,A50正2中信96購03,0,0,0,0,0,0,0,0,0,-20000,0,0,0,0,20000,-20000,-20000
051696,新日興中信96購01,0,0,0,0,0,0,0,0,0,-20000,0,0,0,10000,30000,-20000,-20000
052429,禾伸堂永豐95購02,0,0,0,0,0,0,0,0,0,-20000,0,0,0,10000,30000,-20000,-20000
04794P,友達元大96售03  ,0,0,0,0,0,0,0,0,0,-20000,0,0,0,0,20000,-20000,-20000
03033P,微星國票03售01  ,0,0,0,0,0,0,0,0,0,-20000,0,0,0,0,20000,-20000,-20000
03017X,元展17          ,0,0,0,0,0,0,0,0,0,-20000,0,0,0,0,20000,-20000,-20000
020000,富邦特選蘋果N   ,0,0,0,0,0,0,0,0,0,-20000,0,0,0,10000,30000,-20000,-20000
059743,開發金元富99購01,0,0,0,0,0,0,0,0,0,-20000,0,0,0,10000,30000,-20000,-20000
059881,臺股指凱基99購46,0,0,0,0,0,0,0,0,0,-20000,0,0,0,0,20000,-20000,-20000
059831,聯詠康和99購01  ,0,0,0,0,0,0,0,0,0,-20000,0,0,0,10000,30000,-20000,-20000
059997,華航元富99購01  ,0,0,0,0,0,0,0,0,0,-20000,0,0,0,10000,30000,-20000,-20000
059998,華航元富99購02  ,0,0,0,0,0,0,0,0,0,-20000,0,0,0,20000,40000,-20000,-20000
059923,緯穎元大99購09  ,0,0,0,0,0,0,0,0,0,-20000,0,0,0,0,20000,-20000,-20000
056511,超眾永豐98購01  ,0,0,0,0,0,0,0,0,0,-20000,0,0,0,10000,30000,-20000,-20000
059689,南亞科永豐99購02,0,0,0,0,0,0,0,0,0,-20000,0,0,0,10000,30000,-20000,-20000
059691,大立光永豐99購02,0,0,0,0,0,0,0,0,0,-20000,0,0,0,10000,30000,-20000,-20000
05884P,旺宏統一96售01  ,0,0,0,0,0,0,0,0,0,-20000,0,0,0,0,20000,-20000,-20000
059035,旺宏群益99購06  ,0,0,0,0,0,0,0,0,0,-20000,0,0,0,1000,21000,-20000,-20000
056179,康友元富97購02  ,0,0,0,0,0,0,0,0,0,-20000,0,0,0,0,20000,-20000,-20000
05618P,聯發科元富96售02,0,0,0,0,0,0,0,0,0,-20000,0,0,0,0,20000,-20000,-20000
056145,緯穎元大98購03  ,0,0,0,0,0,0,0,0,0,-20000,0,0,0,5000,25000,-20000,-20000
056147,鴻海日盛97購05  ,0,0,0,0,0,0,0,0,0,-20000,0,0,0,0,20000,-20000,-20000
056415,聯發科中信98購04,0,0,0,0,0,0,0,0,0,-20000,0,0,0,0,20000,-20000,-20000
056620,華新科永豐98購02,0,0,0,0,0,0,0,0,0,-20000,0,0,0,10000,30000,-20000,-20000
058553,合勤控永豐99購01,0,0,0,0,0,0,0,0,0,-20000,0,0,0,0,20000,-20000,-20000
058578,聯發科群益99購03,0,0,0,0,0,0,0,0,0,-20000,0,0,0,0,20000,-20000,-20000
059005,嘉晶元大99購06  ,0,0,0,0,0,0,0,0,0,-20000,0,0,0,72000,92000,-20000,-20000
058746,華通凱基9A購02  ,0,0,0,0,0,0,0,0,0,-20000,0,0,0,0,20000,-20000,-20000
058736,鈺齊永豐99購02  ,0,0,0,0,0,0,0,0,0,-20000,0,0,0,0,20000,-20000,-20000
058782,臺股指國票99購01,0,0,0,0,0,0,0,0,0,-20000,0,0,0,0,20000,-20000,-20000
05861P,瀚宇博永豐96售02,0,0,0,0,0,0,0,0,0,-20000,0,0,0,29000,49000,-20000,-20000
059552,台灣50凱基99購04,0,0,0,0,0,0,0,0,0,-20000,0,0,0,0,20000,-20000,-20000
058916,SGBR2X元富99購02,0,0,0,0,0,0,0,0,0,-20000,0,0,0,40000,60000,-20000,-20000
058864,欣興凱基99購04  ,0,0,0,0,0,0,0,0,0,-20000,0,0,0,0,20000,-20000,-20000
059404,鴻海台新99購03  ,0,0,0,0,0,0,0,0,0,-20000,0,0,0,0,20000,-20000,-20000
057142,力成兆豐98購01  ,0,0,0,0,0,0,0,0,0,-20000,0,0,0,0,20000,-20000,-20000
055905,可成兆豐97購03  ,0,0,0,0,0,0,0,0,0,-20000,0,0,0,0,20000,-20000,-20000
058190,貿聯永豐99購01  ,0,0,0,0,0,0,0,0,0,-20000,0,0,0,0,20000,-20000,-20000
05691P,聯發科中信98售01,0,0,0,0,0,0,0,0,0,-20000,0,0,0,0,20000,-20000,-20000
057066,緯穎富邦99購01  ,0,0,0,0,0,0,0,0,0,-20000,0,0,0,0,20000,-20000,-20000
05727P,新光金日盛96售02,0,0,0,0,0,0,0,0,0,-20000,0,0,0,0,20000,-20000,-20000
056012,勤誠中信99購01  ,0,0,0,0,0,0,0,0,0,-20000,0,0,0,0,20000,-20000,-20000
056066,奇鋐元大98購02  ,0,0,0,0,0,0,0,0,0,-20000,0,0,0,0,20000,-20000,-20000
056079,世紀鋼元大97購02,0,0,0,0,0,0,0,0,0,-20000,0,0,0,0,20000,-20000,-20000
057378,康友元大98購02  ,0,0,0,0,0,0,0,0,0,-20000,0,0,0,0,20000,-20000,-20000
057409,台虹群益98購02  ,0,0,0,0,0,0,0,0,0,-20000,0,0,0,0,20000,-20000,-20000
058344,旺宏群益99購05  ,0,0,0,0,0,0,0,0,0,-20000,0,0,0,0,20000,-20000,-20000
058384,大成鋼中信99購01,0,0,0,0,0,0,0,0,0,-20000,0,0,0,0,20000,-20000,-20000
057971,華新科富邦9B購02,0,0,0,0,0,0,0,0,0,-20000,0,0,0,59000,79000,-20000,-20000
058022,樺漢凱基99購02  ,0,0,0,0,0,0,0,0,0,-20000,0,0,0,0,20000,-20000,-20000
058007,南電群益98購02  ,0,0,0,0,0,0,0,0,0,-20000,0,0,0,2000,22000,-20000,-20000
057792,群創統一99購01  ,0,0,0,0,0,0,0,0,0,-20000,0,0,0,0,20000,-20000,-20000
057823,神達元大98購01  ,0,0,0,0,0,0,0,0,0,-20000,0,0,0,0,20000,-20000,-20000
060921,中橡永豐9A購02  ,0,0,0,0,0,0,0,0,0,-21000,0,0,0,0,21000,-21000,-21000
060702,玉晶光國泰9C購02,0,0,0,0,0,0,0,0,0,-21000,0,0,0,75000,96000,-21000,-21000
060721,瑞儀永豐9A購01  ,0,0,0,0,0,0,0,0,0,-21000,0,0,0,177000,198000,-21000,-21000
060075,台積電元富99購05,0,0,0,0,0,0,0,0,0,-21000,0,0,0,10000,31000,-21000,-21000
060323,華通群益9C購01  ,0,0,0,0,0,0,0,0,0,-21000,0,0,0,255000,276000,-21000,-21000
060268,台灣50元大9C購20,0,0,0,0,0,0,0,0,0,-21000,0,0,0,0,21000,-21000,-21000
060382,儒鴻凱基9A購01  ,0,0,0,0,0,0,0,0,0,-21000,0,0,0,3000,24000,-21000,-21000
060417,正隆永豐9A購01  ,0,0,0,0,0,0,0,0,0,-21000,0,0,0,0,21000,-21000,-21000
060463,台積電元大9A購10,0,0,0,0,0,0,0,0,0,-21000,0,0,0,1000,22000,-21000,-21000
060644,泰鼎永豐9A購02  ,0,0,0,0,0,0,0,0,0,-21000,0,0,0,4000,25000,-21000,-21000
07617P,聯發科中信9C售04,0,0,0,0,0,0,0,0,0,-21000,0,0,0,20000,41000,-21000,-21000
07667P,亞德客元大9A售05,0,0,0,0,0,0,0,0,0,-21000,0,0,0,1000,22000,-21000,-21000
07178P,臺股指凱基99售20,0,0,0,0,0,0,0,0,0,-21000,0,0,0,2000,23000,-21000,-21000
02001L,富邦蘋果正二N   ,0,0,0,0,0,0,0,0,0,-21000,0,0,0,2000,23000,-21000,-21000
04230P,臺股指中信95售06,0,0,0,0,0,0,0,0,0,-21000,0,0,0,0,21000,-21000,-21000
042929,台積電中信95購02,0,0,0,0,0,0,0,0,0,-21000,0,0,0,0,21000,-21000,-21000
052693,微星中信96購01  ,0,0,0,0,0,0,0,0,0,-21000,0,0,0,0,21000,-21000,-21000
05273P,國巨群益95售02  ,0,0,0,0,0,0,0,0,0,-21000,0,0,0,80000,101000,-21000,-21000
051424,緯穎國票97購01  ,0,0,0,0,0,0,0,0,0,-21000,0,0,0,0,21000,-21000,-21000
050303,S&P反1中信96購01,0,0,0,0,0,0,0,0,0,-21000,0,0,0,0,21000,-21000,-21000
052246,超眾康和95購01  ,0,0,0,0,0,0,0,0,0,-21000,0,0,0,0,21000,-21000,-21000
055733,奇力新元富97購01,0,0,0,0,0,0,0,0,0,-21000,0,0,0,71000,92000,-21000,-21000
055710,亞德客元大97購03,0,0,0,0,0,0,0,0,0,-21000,0,0,0,31000,52000,-21000,-21000
055755,禾伸堂兆豐97購02,0,0,0,0,0,0,0,0,0,-21000,0,0,0,40000,61000,-21000,-21000
059324,智易元大99購04  ,0,0,0,0,0,0,0,0,0,-21000,0,0,0,59000,80000,-21000,-21000
059171,祥碩凱基99購04  ,0,0,0,0,0,0,0,0,0,-21000,0,0,0,26000,47000,-21000,-21000
059152,臺股指國票99購15,0,0,0,0,0,0,0,0,0,-21000,0,0,0,1000,22000,-21000,-21000
053660,群創凱基98購08  ,0,0,0,0,0,0,0,0,0,-21000,0,0,0,0,21000,-21000,-21000
057629,泰碩永豐98購02  ,0,0,0,0,0,0,0,0,0,-21000,0,0,0,38000,59000,-21000,-21000
056247,台郡群益97購01  ,0,0,0,0,0,0,0,0,0,-21000,0,0,0,0,21000,-21000,-21000
057132,華新科凱基98購05,0,0,0,0,0,0,0,0,0,-21000,0,0,0,0,21000,-21000,-21000
058607,聯發科元大99購14,0,0,0,0,0,0,0,0,0,-21000,0,0,0,0,21000,-21000,-21000
058648,聯陽永豐99購01  ,0,0,0,0,0,0,0,0,0,-21000,0,0,0,35000,56000,-21000,-21000
056434,國巨凱基98購03  ,0,0,0,0,0,0,0,0,0,-21000,0,0,0,86000,107000,-21000,-21000
059083,華通元大99購07  ,0,0,0,0,0,0,0,0,0,-21000,0,0,0,6000,27000,-21000,-21000
059633,聯發科凱基9A購07,0,0,0,0,0,0,0,0,0,-21000,0,0,0,1000,22000,-21000,-21000
057524,旺宏元大99購04  ,0,0,0,0,0,0,0,0,0,-21000,0,0,0,15000,36000,-21000,-21000
2904,匯僑            ,3000,20000,-17000,0,0,0,0,0,0,-4000,0,4000,-4000,0,0,0,-21000
4722,國精化          ,20000,41000,-21000,0,0,0,0,0,0,0,0,0,0,0,0,0,-21000
910861,神州-DR         ,0,21000,-21000,0,0,0,0,0,0,0,0,0,0,0,0,0,-21000
07362P,聯發科元大99售35,0,0,0,0,0,0,0,0,0,-22000,0,0,0,7000,29000,-22000,-22000
06355P,聯茂永豐97售02  ,0,0,0,0,0,0,0,0,0,-22000,0,0,0,50000,72000,-22000,-22000
06661P,玉晶光永豐98售05,0,0,0,0,0,0,0,0,0,-22000,0,0,0,0,22000,-22000,-22000
060598,鴻海凱基9A購20  ,0,0,0,0,0,0,0,0,0,-22000,0,0,0,0,22000,-22000,-22000
060460,鴻海元大9A購08  ,0,0,0,0,0,0,0,0,0,-22000,0,0,0,30000,52000,-22000,-22000
060457,中橡元大9A購02  ,0,0,0,0,0,0,0,0,0,-22000,0,0,0,50000,72000,-22000,-22000
060716,新唐永豐9A購01  ,0,0,0,0,0,0,0,0,0,-22000,0,0,0,0,22000,-22000,-22000
060881,玉山金中信02購01,0,0,0,0,0,0,0,0,0,-22000,0,0,0,29000,51000,-22000,-22000
060887,台積電統一01購01,0,0,0,0,0,0,0,0,0,-22000,0,0,0,2000,24000,-22000,-22000
060897,健策凱基9A購04  ,0,0,0,0,0,0,0,0,0,-22000,0,0,0,5000,27000,-22000,-22000
061083,京元電兆豐9A購01,0,0,0,0,0,0,0,0,0,-22000,0,0,0,0,22000,-22000,-22000
061049,奇力新中信9A購02,0,0,0,0,0,0,0,0,0,-22000,0,0,0,0,22000,-22000,-22000
054922,文曄凱基98購01  ,0,0,0,0,0,0,0,0,0,-22000,0,0,0,0,22000,-22000,-22000
05464P,華通康和95售02  ,0,0,0,0,0,0,0,0,0,-22000,0,0,0,28000,50000,-22000,-22000
051809,義隆凱基96購01  ,0,0,0,0,0,0,0,0,0,-22000,0,0,0,0,22000,-22000,-22000
055772,致茂凱基97購01  ,0,0,0,0,0,0,0,0,0,-22000,0,0,0,0,22000,-22000,-22000
059728,聯鈞元大99購01  ,0,0,0,0,0,0,0,0,0,-22000,0,0,0,6000,28000,-22000,-22000
059687,卜蜂永豐99購01  ,0,0,0,0,0,0,0,0,0,-22000,0,0,0,0,22000,-22000,-22000
059983,聯發科元大99購38,0,0,0,0,0,0,0,0,0,-22000,0,0,0,2000,24000,-22000,-22000
060026,聯發科富邦9B購05,0,0,0,0,0,0,0,0,0,-22000,0,0,0,4000,26000,-22000,-22000
058614,台郡元大9A購01  ,0,0,0,0,0,0,0,0,0,-22000,0,0,0,0,22000,-22000,-22000
057151,易華電國票99購01,0,0,0,0,0,0,0,0,0,-22000,0,0,0,20000,42000,-22000,-22000
059413,台灣50元大99購05,0,0,0,0,0,0,0,0,0,-22000,0,0,0,0,22000,-22000,-22000
057086,立積統一9C購01  ,0,0,0,0,0,0,0,0,0,-22000,0,0,0,0,22000,-22000,-22000
058939,台積電中信9B購01,0,0,0,0,0,0,0,0,0,-22000,0,0,0,0,22000,-22000,-22000
059558,T50正2凱基9C購03,0,0,0,0,0,0,0,0,0,-22000,0,0,0,9000,31000,-22000,-22000
058171,國巨凱基9A購07  ,0,0,0,0,0,0,0,0,0,-22000,0,0,0,19000,41000,-22000,-22000
058160,奇鋐元富99購01  ,0,0,0,0,0,0,0,0,0,-22000,0,0,0,207000,229000,-22000,-22000
056791,嘉聯益群益98購01,0,0,0,0,0,0,0,0,0,-22000,0,0,0,7000,29000,-22000,-22000
058396,力山元大99購01  ,0,0,0,0,0,0,0,0,0,-22000,0,0,0,3000,25000,-22000,-22000
058369,亞光凱基99購02  ,0,0,0,0,0,0,0,0,0,-22000,0,0,0,13000,35000,-22000,-22000
9905,大華            ,6000,28000,-22000,0,0,0,0,0,0,0,0,0,0,0,0,0,-22000
060839,聯發科國票9A購02,0,0,0,0,0,0,0,0,0,-23000,0,0,0,0,23000,-23000,-23000
060943,宏達電國票9B購02,0,0,0,0,0,0,0,0,0,-23000,0,0,0,1000,24000,-23000,-23000
06068P,玉晶光康和97售01,0,0,0,0,0,0,0,0,0,-23000,0,0,0,46000,69000,-23000,-23000
060803,台灣50群益9A購13,0,0,0,0,0,0,0,0,0,-23000,0,0,0,0,23000,-23000,-23000
060111,臻鼎元大99購04  ,0,0,0,0,0,0,0,0,0,-23000,0,0,0,0,23000,-23000,-23000
06849P,欣興元大98售12  ,0,0,0,0,0,0,0,0,0,-23000,0,0,0,20000,43000,-23000,-23000
054951,大毅元大97購01  ,0,0,0,0,0,0,0,0,0,-23000,0,0,0,0,23000,-23000,-23000
053487,台泥兆豐97購01  ,0,0,0,0,0,0,0,0,0,-23000,0,0,0,0,23000,-23000,-23000
053928,智易國票97購03  ,0,0,0,0,0,0,0,0,0,-23000,0,0,0,0,23000,-23000,-23000
05943P,欣興凱基96售03  ,0,0,0,0,0,0,0,0,0,-23000,0,0,0,32000,55000,-23000,-23000
059430,台積電元大99購36,0,0,0,0,0,0,0,0,0,-23000,0,0,0,30000,53000,-23000,-23000
055653,聯詠元富01購02  ,0,0,0,0,0,0,0,0,0,-23000,0,0,0,0,23000,-23000,-23000
055197,致新元富97購02  ,0,0,0,0,0,0,0,0,0,-23000,0,0,0,21000,44000,-23000,-23000
059500,鴻海元富99購11  ,0,0,0,0,0,0,0,0,0,-23000,0,0,0,11000,34000,-23000,-23000
056794,上銀麥證98購01  ,0,0,0,5000,28000,-23000,0,0,0,-23000,0,0,0,5000,28000,-23000,-23000
057232,京元電凱基98購02,0,0,0,0,0,0,0,0,0,-23000,0,0,0,0,23000,-23000,-23000
058140,臻鼎元大99購02  ,0,0,0,0,0,0,0,0,0,-23000,0,0,0,0,23000,-23000,-23000
059424,SGBR2X元大9A購01,0,0,0,0,0,0,0,0,0,-23000,0,0,0,415000,438000,-23000,-23000
056379,玉晶光元富98購01,0,0,0,0,0,0,0,0,0,-23000,0,0,0,0,23000,-23000,-23000
057479,致茂元大98購03  ,0,0,0,0,0,0,0,0,0,-23000,0,0,0,50000,73000,-23000,-23000
056519,創意國票99購01  ,0,0,0,0,0,0,0,0,0,-23000,0,0,0,24000,47000,-23000,-23000
3013,晟銘電          ,10000,32000,-22000,0,0,0,0,0,0,-1000,0,1000,-1000,0,0,0,-23000
2538,基泰            ,32000,55000,-23000,0,0,0,0,0,0,0,0,0,0,0,0,0,-23000
07046P,大立光富邦9C售03,0,0,0,0,0,0,0,0,0,-24000,0,0,0,0,24000,-24000,-24000
07671P,超眾元大9A售04  ,0,0,0,0,0,0,0,0,0,-24000,0,0,0,0,24000,-24000,-24000
1460,宏遠            ,6000,30000,-24000,0,0,0,0,0,0,0,0,0,0,0,0,0,-24000
060114,緯穎元大99購10  ,0,0,0,0,0,0,0,0,0,-24000,0,0,0,0,24000,-24000,-24000
060221,大立光凱基9A購07,0,0,0,0,0,0,0,0,0,-24000,0,0,0,21000,45000,-24000,-24000
060324,台積電群益9B購02,0,1000,-1000,0,0,0,0,0,0,-23000,0,0,0,56000,79000,-23000,-24000
060502,國巨元大9A購07  ,0,0,0,0,0,0,0,0,0,-24000,0,0,0,11000,35000,-24000,-24000
060535,群創麥證9A購01  ,0,0,0,7000,31000,-24000,0,0,0,-24000,0,0,0,7000,31000,-24000,-24000
060922,金像電永豐9A購01,0,0,0,0,0,0,0,0,0,-24000,0,0,0,51000,75000,-24000,-24000
060868,致伸永豐9A購01  ,0,0,0,0,0,0,0,0,0,-24000,0,0,0,6000,30000,-24000,-24000
061071,復盛凱基9A購01  ,0,0,0,0,0,0,0,0,0,-24000,0,0,0,0,24000,-24000,-24000
061122,敬鵬永豐9A購01  ,0,0,0,0,0,0,0,0,0,-24000,0,0,0,20000,44000,-24000,-24000
061210,玉山金元大9A購02,0,0,0,0,0,0,0,0,0,-24000,0,0,0,20000,44000,-24000,-24000
055459,建準永豐97購03  ,0,0,0,0,0,0,0,0,0,-24000,0,0,0,0,24000,-24000,-24000
059234,台灣50凱基9C購03,0,0,0,0,0,0,0,0,0,-24000,0,0,0,0,24000,-24000,-24000
053947,義隆富邦97購01  ,0,0,0,0,0,0,0,0,0,-24000,0,0,0,225000,249000,-24000,-24000
054935,華通元大98購03  ,0,0,0,0,0,0,0,0,0,-24000,0,0,0,26000,50000,-24000,-24000
050754,元金2X元富9B購01,0,0,0,0,0,0,0,0,0,-24000,0,0,0,0,24000,-24000,-24000
051319,光磊國票96購02  ,0,0,0,0,0,0,0,0,0,-24000,0,0,0,0,24000,-24000,-24000
046881,智原富邦99購01  ,0,0,0,0,0,0,0,0,0,-24000,0,0,0,0,24000,-24000,-24000
03425B,臺股指元大9A熊01,0,0,0,0,0,0,0,0,0,-24000,0,0,0,28000,52000,-24000,-24000
059694,創意永豐99購03  ,0,0,0,0,0,0,0,0,0,-24000,0,0,0,3000,27000,-24000,-24000
059873,華新科凱基99購09,0,0,0,0,0,0,0,0,0,-24000,0,0,0,10000,34000,-24000,-24000
05978P,麗豐永豐96售02  ,0,0,0,0,0,0,0,0,0,-24000,0,0,0,43000,67000,-24000,-24000
058081,技嘉群益9A購03  ,0,0,0,0,0,0,0,0,0,-24000,0,0,0,0,24000,-24000,-24000
057125,國巨凱基98購12  ,0,0,0,0,0,0,0,0,0,-24000,0,0,0,6000,30000,-24000,-24000
058926,勤誠元富99購01  ,0,0,0,0,0,0,0,0,0,-24000,0,0,0,76000,100000,-24000,-24000
05956P,漢唐國票96售02  ,0,0,0,0,0,0,0,0,0,-24000,0,0,0,0,24000,-24000,-24000
057059,易華電元大99購01,0,0,0,0,0,0,0,0,0,-24000,0,0,0,0,24000,-24000,-24000
058337,日月光元富99購01,0,0,0,0,0,0,0,0,0,-24000,0,0,0,50000,74000,-24000,-24000
057958,禾伸堂元大99購05,0,0,0,0,0,0,0,0,0,-24000,0,0,0,0,24000,-24000,-24000
057826,祥碩元大98購08  ,0,0,0,0,0,0,0,0,0,-24000,0,0,0,0,24000,-24000,-24000
057859,神達康和98購01  ,0,0,0,0,0,0,0,0,0,-24000,0,0,0,44000,68000,-24000,-24000
060822,華通元大9A購05  ,0,0,0,0,0,0,0,0,0,-25000,0,0,0,40000,65000,-25000,-25000
060913,宏達電元大9A購03,0,0,0,0,0,0,0,0,0,-25000,0,0,0,0,25000,-25000,-25000
060601,技嘉凱基9A購02  ,0,0,0,0,0,0,0,0,0,-25000,0,0,0,0,25000,-25000,-25000
060309,佳世達永豐9A購01,0,0,0,0,0,0,0,0,0,-25000,0,0,0,0,25000,-25000,-25000
060281,卜蜂元大9C購01  ,0,0,0,0,0,0,0,0,0,-25000,0,0,0,0,25000,-25000,-25000
060139,T50反1國票9A購04,0,0,0,0,0,0,0,0,0,-25000,0,0,0,90000,115000,-25000,-25000
060151,旺宏富邦9A購02  ,0,0,0,0,0,0,0,0,0,-25000,0,0,0,75000,100000,-25000,-25000
060058,牧德凱基9B購01  ,0,0,0,0,0,0,0,0,0,-25000,0,0,0,0,25000,-25000,-25000
1810,和成            ,39000,64000,-25000,0,0,0,0,0,0,0,0,0,0,0,0,0,-25000
07661P,台灣50兆豐9A售03,0,0,0,0,0,0,0,0,0,-25000,0,0,0,0,25000,-25000,-25000
06866P,聯發科元大98售13,0,0,0,0,0,0,0,0,0,-25000,0,0,0,0,25000,-25000,-25000
06353P,電子類富邦99售02,0,0,0,0,0,0,0,0,0,-25000,0,0,0,5000,30000,-25000,-25000
048269,瀚宇博國泰95購01,0,0,0,0,0,0,0,0,0,-25000,0,0,0,0,25000,-25000,-25000
053137,旺宏富邦98購01  ,0,0,0,0,0,0,0,0,0,-25000,0,0,0,0,25000,-25000,-25000
053091,同欣電元大96購01,0,0,0,0,0,0,0,0,0,-25000,0,0,0,0,25000,-25000,-25000
052939,富邦金兆豐96購01,0,0,0,0,0,0,0,0,0,-25000,0,0,0,0,25000,-25000,-25000
053939,台表科元富96購03,0,0,0,0,0,0,0,0,0,-25000,0,0,0,115000,140000,-25000,-25000
053887,聯茂兆豐97購02  ,0,0,0,0,0,0,0,0,0,-25000,0,0,0,0,25000,-25000,-25000
053481,同欣電元大97購01,0,0,0,0,0,0,0,0,0,-25000,0,0,0,0,25000,-25000,-25000
059232,台灣50凱基03購01,0,0,0,0,0,0,0,0,0,-25000,0,0,0,11000,36000,-25000,-25000
059450,和大永豐99購01  ,0,0,0,0,0,0,0,0,0,-25000,0,0,0,58000,83000,-25000,-25000
059212,鴻海元大99購28  ,0,0,0,0,0,0,0,0,0,-25000,0,0,0,7000,32000,-25000,-25000
055583,國巨元大97購10  ,0,0,0,0,0,0,0,0,0,-25000,0,0,0,6000,31000,-25000,-25000
057872,旺宏元大99購06  ,0,0,0,0,0,0,0,0,0,-25000,0,0,0,114000,139000,-25000,-25000
057991,健策統一9C購01  ,0,0,0,0,0,0,0,0,0,-25000,0,0,0,19000,44000,-25000,-25000
058035,旭富永豐98購02  ,0,0,0,0,0,0,0,0,0,-25000,0,0,0,61000,86000,-25000,-25000
057040,國巨元大98購12  ,0,0,0,0,0,0,0,0,0,-25000,0,0,0,1000,26000,-25000,-25000
05610P,國巨群益98售01  ,0,0,0,0,0,0,0,0,0,-25000,0,0,0,15000,40000,-25000,-25000
059579,聯發科元富99購06,0,0,0,0,0,0,0,0,0,-25000,0,0,0,41000,66000,-25000,-25000
058874,聯鈞國票9A購01  ,0,0,0,0,0,0,0,0,0,-25000,0,0,0,2000,27000,-25000,-25000
059396,T50反1元富99購04,0,25000,-25000,0,0,0,0,0,0,0,0,0,0,0,0,0,-25000
056772,欣興元大99購01  ,0,0,0,0,0,0,0,0,0,-25000,0,0,0,11000,36000,-25000,-25000
056876,群創凱基98購11  ,0,0,0,0,0,0,0,0,0,-25000,0,0,0,0,25000,-25000,-25000
059916,聯發科元大99購33,0,0,0,0,0,0,0,0,0,-25000,0,0,0,15000,40000,-25000,-25000
059696,立積永豐99購03  ,0,0,0,0,0,0,0,0,0,-25000,0,0,0,6000,31000,-25000,-25000
056563,華新科群益98購04,0,0,0,0,0,0,0,0,0,-25000,0,0,0,10000,35000,-25000,-25000
056330,玉晶光國票99購03,0,0,0,0,0,0,0,0,0,-25000,0,0,0,1000,26000,-25000,-25000
05631P,國巨富邦9A售01  ,0,0,0,0,0,0,0,0,0,-25000,0,0,0,0,25000,-25000,-25000
056307,貿聯元大97購05  ,0,0,0,0,0,0,0,0,0,-25000,0,0,0,0,25000,-25000,-25000
056141,聯茂元大97購05  ,0,0,0,0,0,0,0,0,0,-25000,0,0,0,40000,65000,-25000,-25000
058456,京鼎永豐99購01  ,0,0,0,0,0,0,0,0,0,-25000,0,0,0,33000,58000,-25000,-25000
8404,百和興業-KY     ,80000,105000,-25000,0,0,0,0,0,0,0,0,0,0,0,0,0,-25000
06533P,上証2X中信9B售01,0,0,0,0,0,0,0,0,0,-26000,0,0,0,0,26000,-26000,-26000
2390,云辰            ,91000,117000,-26000,0,0,0,0,0,0,0,0,0,0,0,0,0,-26000
060053,聯發科凱基9B購02,0,0,0,0,0,0,0,0,0,-26000,0,0,0,0,26000,-26000,-26000
060158,廣達永豐9A購01  ,0,0,0,0,0,0,0,0,0,-26000,0,0,0,0,26000,-26000,-26000
060350,元黃金元富9B購01,0,0,0,0,0,0,0,0,0,-26000,0,0,0,25000,51000,-26000,-26000
060231,台積電元大9A購08,1000,0,1000,0,0,0,0,0,0,-27000,0,0,0,0,27000,-27000,-26000
060754,華通元大9A購04  ,0,0,0,0,0,0,0,0,0,-26000,0,0,0,24000,50000,-26000,-26000
06245P,健策元富97售03  ,0,0,0,0,0,0,0,0,0,-26000,0,0,0,0,26000,-26000,-26000
05539P,鎧勝永豐96售01  ,0,0,0,0,0,0,0,0,0,-26000,0,0,0,0,26000,-26000,-26000
059131,國巨群益99購07  ,0,0,0,0,0,0,0,0,0,-26000,0,0,0,75000,101000,-26000,-26000
053361,友達元富99購01  ,0,0,0,0,0,0,0,0,0,-26000,0,0,0,0,26000,-26000,-26000
052234,GIS凱基97購01   ,0,0,0,0,0,0,0,0,0,-26000,0,0,0,3000,29000,-26000,-26000
058440,玉晶光統一99購02,0,0,0,0,0,0,0,0,0,-26000,0,0,0,21000,47000,-26000,-26000
058582,禾伸堂群益99購02,0,0,0,0,0,0,0,0,0,-26000,0,0,0,40000,66000,-26000,-26000
056579,麗豐元大99購01  ,0,0,0,0,0,0,0,0,0,-26000,0,0,0,118000,144000,-26000,-26000
056479,玉晶光元大99購05,0,0,0,0,0,0,0,0,0,-26000,0,0,0,58000,84000,-26000,-26000
056905,欣興元大98購03  ,0,0,0,0,0,0,0,0,0,-26000,0,0,0,0,26000,-26000,-26000
057873,義隆元大98購03  ,0,0,0,0,0,0,0,0,0,-26000,0,0,0,195000,221000,-26000,-26000
061127,美食永豐9A購01  ,0,0,0,0,0,0,0,0,0,-27000,0,0,0,0,27000,-27000,-27000
061030,喬山永豐9A購01  ,0,0,0,0,0,0,0,0,0,-27000,0,0,0,0,27000,-27000,-27000
060752,上銀元大9A購04  ,0,0,0,0,0,0,0,0,0,-27000,0,0,0,80000,107000,-27000,-27000
060837,上銀國票9A購04  ,0,0,0,0,0,0,0,0,0,-27000,0,0,0,7000,34000,-27000,-27000
060162,碩天永豐9A購01  ,0,0,0,0,0,0,0,0,0,-27000,0,0,0,0,27000,-27000,-27000
07409P,台積電台新99售07,0,0,0,0,0,0,0,0,0,-27000,0,0,0,15000,42000,-27000,-27000
041527,T50反1中信96購01,0,0,0,0,0,0,0,0,0,-27000,0,0,0,10000,37000,-27000,-27000
053355,超眾兆豐97購01  ,0,0,0,0,0,0,0,0,0,-27000,0,0,0,12000,39000,-27000,-27000
053428,中磊永豐96購02  ,0,0,0,0,0,0,0,0,0,-27000,0,0,0,0,27000,-27000,-27000
053072,國巨台新97購01  ,0,0,0,0,0,0,0,0,0,-27000,0,0,0,0,27000,-27000,-27000
059454,亞光永豐99購01  ,0,0,0,0,0,0,0,0,0,-27000,0,0,0,0,27000,-27000,-27000
059137,電子類群益99購01,0,0,0,0,0,0,0,0,0,-27000,0,0,0,23000,50000,-27000,-27000
055377,揚明光元大98購01,0,0,0,0,0,0,0,0,0,-27000,0,0,0,0,27000,-27000,-27000
057787,TPK國票99購01   ,0,0,0,0,0,0,0,0,0,-27000,0,0,0,41000,68000,-27000,-27000
057912,美律日盛99購01  ,0,0,0,0,0,0,0,0,0,-27000,0,0,0,56000,83000,-27000,-27000
057307,瀚宇博兆豐99購01,0,0,0,0,0,0,0,0,0,-27000,0,0,0,2000,29000,-27000,-27000
055989,矽力元富9A購01  ,0,0,0,0,0,0,0,0,0,-27000,0,0,0,78000,105000,-27000,-27000
057462,光磊永豐98購02  ,0,0,0,0,0,0,0,0,0,-27000,0,0,0,0,27000,-27000,-27000
059784,台光電元大9A購01,0,0,0,0,0,0,0,0,0,-27000,0,0,0,2000,29000,-27000,-27000
056581,超眾元大99購01  ,0,0,0,0,0,0,0,0,0,-27000,0,0,0,11000,38000,-27000,-27000
058611,欣興元大99購06  ,0,0,0,0,0,0,0,0,0,-27000,0,0,0,0,27000,-27000,-27000
8422,可寧衛          ,36000,62000,-26000,0,0,0,0,1000,-1000,0,0,0,0,0,0,0,-27000
9946,三發地產        ,11000,38000,-27000,0,0,0,0,0,0,0,0,0,0,0,0,0,-27000
6226,光鼎            ,362000,389000,-27000,0,0,0,0,0,0,0,0,0,0,0,0,0,-27000
2908,特力            ,29000,56000,-27000,0,0,0,0,0,0,0,0,0,0,0,0,0,-27000
07255P,國巨凱基99售15  ,0,0,0,0,0,0,0,0,0,-28000,0,0,0,186000,214000,-28000,-28000
07049P,聯發科中信99售03,0,0,0,0,0,0,0,0,0,-28000,0,0,0,2000,30000,-28000,-28000
07637P,國巨國票9A售08  ,0,22000,-22000,0,0,0,0,0,0,-6000,0,0,0,68000,74000,-6000,-28000
060042,台積電群益99購12,0,0,0,0,0,0,0,0,0,-28000,0,0,0,12000,40000,-28000,-28000
060247,牧德元大9A購02  ,0,0,0,0,0,0,0,0,0,-28000,0,0,0,4000,32000,-28000,-28000
060305,得力永豐9A購01  ,0,0,0,0,0,0,0,0,0,-28000,0,0,0,2000,30000,-28000,-28000
060623,玉晶光元大9C購01,0,0,0,0,0,0,0,0,0,-28000,0,0,0,10000,38000,-28000,-28000
060455,葡萄王元大9A購02,0,0,0,0,0,0,0,0,0,-28000,0,0,0,0,28000,-28000,-28000
060827,健策元大9A購02  ,0,0,0,0,0,0,0,0,0,-28000,0,0,0,14000,42000,-28000,-28000
060744,鴻海國票9A購04  ,0,0,0,0,0,0,0,0,0,-28000,0,0,0,15000,43000,-28000,-28000
061035,亞光永豐9A購01  ,0,0,0,0,0,0,0,0,0,-28000,0,0,0,1000,29000,-28000,-28000
061054,台積電群益9A購04,0,0,0,0,0,0,0,0,0,-28000,0,0,0,50000,78000,-28000,-28000
059204,台灣50元大01購02,0,0,0,0,0,0,0,0,0,-28000,0,0,0,0,28000,-28000,-28000
059255,臺股指凱基99購33,0,0,0,0,0,0,0,0,0,-28000,0,0,0,223000,251000,-28000,-28000
059318,旺宏元大99購13  ,0,0,0,0,0,0,0,0,0,-28000,0,0,0,17000,45000,-28000,-28000
054917,聯發科凱基98購05,0,0,0,0,0,0,0,0,0,-28000,0,0,0,2000,30000,-28000,-28000
047694,SP黃豆國票9B購01,0,0,0,0,0,0,0,0,0,-28000,0,0,0,0,28000,-28000,-28000
05063P,聯電元大96售03  ,0,0,0,0,0,0,0,0,0,-28000,0,0,0,2000,30000,-28000,-28000
05982P,漢唐國票96售03  ,0,0,0,0,0,0,0,0,0,-28000,0,0,0,0,28000,-28000,-28000
060009,南亞科群益99購03,0,0,0,0,0,0,0,0,0,-28000,0,0,0,0,28000,-28000,-28000
057499,奇鋐群益98購01  ,0,0,0,0,0,0,0,0,0,-28000,0,0,0,60000,88000,-28000,-28000
055958,台光電元大97購02,0,0,0,0,0,0,0,0,0,-28000,0,0,0,22000,50000,-28000,-28000
056970,TPK永豐98購01   ,0,0,0,0,0,0,0,0,0,-28000,0,0,0,41000,69000,-28000,-28000
056735,國巨凱基99購02  ,0,0,0,0,0,0,0,0,0,-28000,0,0,0,7000,35000,-28000,-28000
059578,智邦元富99購02  ,0,0,0,0,0,0,0,0,0,-28000,0,0,0,41000,69000,-28000,-28000
059531,華新科凱基9B購02,0,0,0,0,0,0,0,0,0,-28000,0,0,0,0,28000,-28000,-28000
059508,聯發科永豐99購03,0,0,0,0,0,0,0,0,0,-28000,0,0,0,9000,37000,-28000,-28000
07606P,台灣50國票01售02,0,0,0,0,0,0,0,0,0,-29000,0,0,0,0,29000,-29000,-29000
1101B,台泥乙特        ,0,0,0,0,0,0,0,0,0,-29000,1000,30000,-29000,0,0,0,-29000
07307P,上証2X凱基9A售02,0,0,0,0,0,0,0,0,0,-29000,0,0,0,1000,30000,-29000,-29000
050480,健策國票95購04  ,0,0,0,0,0,0,0,0,0,-29000,0,0,0,33000,62000,-29000,-29000
051281,健策兆豐96購01  ,0,0,0,0,0,0,0,0,0,-29000,0,0,0,10000,39000,-29000,-29000
052295,揚明光國票96購03,0,0,0,0,0,0,0,0,0,-29000,0,0,0,0,29000,-29000,-29000
05206P,南茂元大95售01  ,0,0,0,0,0,0,0,0,0,-29000,0,0,0,21000,50000,-29000,-29000
050902,南電元大96購01  ,0,0,0,0,0,0,0,0,0,-29000,0,0,0,44000,73000,-29000,-29000
048788,華新科元大95購02,0,0,0,0,0,0,0,0,0,-29000,0,0,0,1000,30000,-29000,-29000
053972,華新科元大96購06,0,0,0,0,0,0,0,0,0,-29000,0,0,0,0,29000,-29000,-29000
055404,超眾元富97購01  ,0,0,0,0,0,0,0,0,0,-29000,0,0,0,43000,72000,-29000,-29000
059431,旺宏元大99購14  ,0,0,0,0,0,0,0,0,0,-29000,0,0,0,73000,102000,-29000,-29000
058177,華新科凱基99購02,0,0,0,0,0,0,0,0,0,-29000,0,0,0,0,29000,-29000,-29000
058142,瑞儀元大99購01  ,0,0,0,0,0,0,0,0,0,-29000,0,0,0,49000,78000,-29000,-29000
058909,神達元大99購03  ,0,0,0,0,0,0,0,0,0,-29000,0,0,0,44000,73000,-29000,-29000
057161,亞德客元大98購02,0,0,0,0,0,0,0,0,0,-29000,0,0,0,34000,63000,-29000,-29000
056763,國巨元大99購02  ,0,0,0,0,0,0,0,0,0,-29000,0,0,0,96000,125000,-29000,-29000
057491,美食元大98購03  ,0,0,0,0,0,0,0,0,0,-29000,0,0,0,0,29000,-29000,-29000
059031,元石油中信03購01,0,0,0,0,0,0,0,0,0,-29000,0,0,0,10000,39000,-29000,-29000
9908,大台北          ,8000,37000,-29000,0,0,0,0,0,0,0,0,0,0,0,0,0,-29000
07338P,滬深2X凱基99售02,0,0,0,0,0,0,0,0,0,-30000,0,0,0,0,30000,-30000,-30000
07355P,臺股指國票99售23,0,0,0,0,0,0,0,0,0,-30000,0,0,0,5000,35000,-30000,-30000
06983P,台積電國泰9A售02,0,0,0,0,0,0,0,0,0,-30000,0,0,0,0,30000,-30000,-30000
07193P,聯發科元大99售24,0,0,0,0,0,0,0,0,0,-30000,0,0,0,0,30000,-30000,-30000
06553P,訊芯元大98售05  ,0,0,0,0,0,0,0,0,0,-30000,0,0,0,50000,80000,-30000,-30000
06613P,華新科富邦9A售03,0,0,0,0,0,0,0,0,0,-30000,0,0,0,0,30000,-30000,-30000
06295P,國巨元大97售14  ,0,0,0,0,0,0,0,0,0,-30000,0,0,0,0,30000,-30000,-30000
06270P,致伸凱基97售03  ,0,0,0,0,0,0,0,0,0,-30000,0,0,0,10000,40000,-30000,-30000
07555P,玉晶光元大9A售07,0,0,0,0,0,0,0,0,0,-30000,0,0,0,1000,31000,-30000,-30000
1451,年興            ,5000,35000,-30000,0,0,0,0,0,0,0,0,0,0,0,0,0,-30000
061100,SP黃豆元大9A購04,0,0,0,0,0,0,0,0,0,-30000,0,0,0,0,30000,-30000,-30000
06230P,亞德客永豐97售03,0,0,0,0,0,0,0,0,0,-30000,0,0,0,0,30000,-30000,-30000
061258,華通凱基9A購06  ,0,0,0,0,0,0,0,0,0,-30000,0,0,0,0,30000,-30000,-30000
061170,南茂兆豐9B購01  ,0,0,0,0,0,0,0,0,0,-30000,0,0,0,0,30000,-30000,-30000
061158,世芯群益9A購02  ,0,0,0,0,0,0,0,0,0,-30000,0,0,0,0,30000,-30000,-30000
060873,道瓊反中信9C購01,0,0,0,0,0,0,0,0,0,-30000,0,0,0,0,30000,-30000,-30000
060370,滬深2X元富04購01,0,0,0,0,0,0,0,0,0,-30000,0,0,0,0,30000,-30000,-30000
060077,台積電台新9B購01,0,0,0,0,0,0,0,0,0,-30000,0,0,0,21000,51000,-30000,-30000
060166,佐登永豐9A購01  ,0,0,0,0,0,0,0,0,0,-30000,0,0,0,0,30000,-30000,-30000
060126,創意永豐99購04  ,0,0,0,0,0,0,0,0,0,-30000,0,0,0,70000,100000,-30000,-30000
059435,大立光元大99購17,0,0,0,0,0,0,0,0,0,-30000,0,0,0,0,30000,-30000,-30000
059436,大立光元大99購18,0,0,0,0,0,0,0,0,0,-30000,0,0,0,0,30000,-30000,-30000
055663,崇越中信97購01  ,0,0,0,0,0,0,0,0,0,-30000,0,0,0,0,30000,-30000,-30000
055344,國巨凱基97購04  ,0,0,0,0,0,0,0,0,0,-30000,0,0,0,6000,36000,-30000,-30000
055300,緯穎元大98購01  ,0,0,0,0,0,0,0,0,0,-30000,0,0,0,0,30000,-30000,-30000
055280,智邦元大97購01  ,0,0,0,0,0,0,0,0,0,-30000,0,0,0,6000,36000,-30000,-30000
059337,台灣50凱基9C購05,0,0,0,0,0,0,0,0,0,-30000,0,0,0,0,30000,-30000,-30000
059250,大立光凱基99購06,0,0,0,0,0,0,0,0,0,-30000,0,0,0,80000,110000,-30000,-30000
053955,華通永豐96購04  ,0,0,0,0,0,0,0,0,0,-30000,0,0,0,100000,130000,-30000,-30000
053915,光罩國票96購02  ,0,0,0,0,0,0,0,0,0,-30000,0,0,0,30000,60000,-30000,-30000
055015,帆宣元富97購01  ,0,0,0,0,0,0,0,0,0,-30000,0,0,0,0,30000,-30000,-30000
053332,創意永豐96購03  ,0,0,0,0,0,0,0,0,0,-30000,0,0,0,10000,40000,-30000,-30000
053231,奇力新康和96購01,0,0,0,0,0,0,0,0,0,-30000,0,0,0,20000,50000,-30000,-30000
054977,SP黃豆元富9B購01,0,0,0,0,0,0,0,0,0,-30000,0,0,0,0,30000,-30000,-30000
054806,台化元大9A購01  ,0,0,0,0,0,0,0,0,0,-30000,0,0,0,0,30000,-30000,-30000
052907,嘉澤國票97購01  ,0,0,0,0,0,0,0,0,0,-30000,0,0,0,8000,38000,-30000,-30000
053079,世紀鋼永豐96購01,0,0,0,0,0,0,0,0,0,-30000,0,0,0,0,30000,-30000,-30000
053101,創意元富96購03  ,0,0,0,0,0,0,0,0,0,-30000,0,0,0,10000,40000,-30000,-30000
05467P,聯電元大95售02  ,0,0,0,0,0,0,0,0,0,-30000,0,0,0,0,30000,-30000,-30000
047969,台達電富邦97購01,0,0,0,0,0,0,0,0,0,-30000,0,0,0,0,30000,-30000,-30000
047970,鴻海富邦95購01  ,0,0,0,0,0,0,0,0,0,-30000,0,0,0,10000,40000,-30000,-30000
052488,旺宏國票96購03  ,0,0,0,0,0,0,0,0,0,-30000,0,0,0,1000,31000,-30000,-30000
049149,華新科元大95購03,0,0,0,0,0,0,0,0,0,-30000,0,0,0,0,30000,-30000,-30000
04938P,亞德客國票95售01,0,0,0,0,0,0,0,0,0,-30000,0,0,0,120000,150000,-30000,-30000
051731,聯電國票96購02  ,0,0,0,0,0,0,0,0,0,-30000,0,0,0,0,30000,-30000,-30000
051631,國巨國票96購06  ,0,0,0,0,0,0,0,0,0,-30000,0,0,0,7000,37000,-30000,-30000
052743,華新科元大97購01,0,0,0,0,0,0,0,0,0,-30000,0,0,0,0,30000,-30000,-30000
055856,新唐元大97購03  ,0,0,0,0,0,0,0,0,0,-30000,0,0,0,0,30000,-30000,-30000
054152,漢唐國泰98購02  ,0,0,0,0,0,0,0,0,0,-30000,0,0,0,0,30000,-30000,-30000
051807,瑞昱凱基95購03  ,0,0,0,0,0,0,0,0,0,-30000,0,0,0,0,30000,-30000,-30000
052200,台光電統一95購02,0,0,0,0,0,0,0,0,0,-30000,0,0,0,0,30000,-30000,-30000
051276,SGBR2X中信97購01,0,0,0,0,0,0,0,0,0,-30000,0,0,0,0,30000,-30000,-30000
051402,玉晶光永豐95購04,0,0,0,0,0,0,0,0,0,-30000,0,0,0,0,30000,-30000,-30000
050624,鈺齊元大94購01  ,0,0,0,0,0,0,0,0,0,-30000,0,0,0,0,30000,-30000,-30000
050142,聯發科元富9A購01,0,0,0,0,0,0,0,0,0,-30000,0,0,0,0,30000,-30000,-30000
058837,SGBR2X中信9C購01,0,0,0,0,0,0,0,0,0,-30000,0,0,0,0,30000,-30000,-30000
056319,智原群益98購02  ,0,0,0,0,0,0,0,0,0,-30000,0,0,0,0,30000,-30000,-30000
056362,聯發科元大99購01,0,0,0,0,0,0,0,0,0,-30000,0,0,0,0,30000,-30000,-30000
058605,華邦電元大99購04,0,0,0,0,0,0,0,0,0,-30000,0,0,0,0,30000,-30000,-30000
056500,大立光富邦9B購02,0,0,0,0,0,0,0,0,0,-30000,0,0,0,0,30000,-30000,-30000
059690,建準永豐99購01  ,0,0,0,0,0,0,0,0,0,-30000,0,0,0,0,30000,-30000,-30000
059669,台灣50元富9B購05,0,0,0,0,0,0,0,0,0,-30000,0,0,0,124000,154000,-30000,-30000
057607,旺宏台新98購02  ,0,0,0,0,0,0,0,0,0,-30000,0,0,0,0,30000,-30000,-30000
060028,國揚永豐99購01  ,0,0,0,0,0,0,0,0,0,-30000,0,0,0,0,30000,-30000,-30000
059950,百和永豐99購02  ,0,0,0,0,0,0,0,0,0,-30000,0,0,0,0,30000,-30000,-30000
056746,超眾凱基99購01  ,0,0,0,0,0,0,0,0,0,-30000,0,0,0,0,30000,-30000,-30000
056842,全新元富98購01  ,0,0,0,0,0,0,0,0,0,-30000,0,0,0,80000,110000,-30000,-30000
056819,奇力新永豐98購01,0,0,0,0,0,0,0,0,0,-30000,0,0,0,0,30000,-30000,-30000
056946,國巨統一98購05  ,0,0,0,0,0,0,0,0,0,-30000,0,0,0,0,30000,-30000,-30000
056860,正崴群益98購01  ,0,0,0,0,0,0,0,0,0,-30000,0,0,0,0,30000,-30000,-30000
058192,訊芯永豐99購01  ,0,0,0,0,0,0,0,0,0,-30000,0,0,0,0,30000,-30000,-30000
058070,華新科凱基98購07,0,0,0,0,0,0,0,0,0,-30000,0,0,0,0,30000,-30000,-30000
059393,臺股指凱基99購39,0,0,0,0,0,0,0,0,0,-30000,0,0,0,0,30000,-30000,-30000
059376,國巨群益99購09  ,0,0,0,0,0,0,0,0,0,-30000,0,0,0,10000,40000,-30000,-30000
059401,牧德元富99購01  ,0,0,0,0,0,0,0,0,0,-30000,0,0,0,0,30000,-30000,-30000
058900,旺宏元大99購11  ,0,0,0,0,0,0,0,0,0,-30000,0,0,0,0,30000,-30000,-30000
058937,仁寶中信99購01  ,0,0,0,0,0,0,0,0,0,-30000,0,0,0,10000,40000,-30000,-30000
058184,鴻海永豐99購01  ,0,0,0,0,0,0,0,0,0,-30000,0,0,0,0,30000,-30000,-30000
058010,帆宣國票98購01  ,0,0,0,0,0,0,0,0,0,-30000,0,0,0,0,30000,-30000,-30000
05770P,聯發科凱基96售16,0,0,0,0,0,0,0,0,0,-30000,0,0,0,0,30000,-30000,-30000
057298,旭富永豐98購01  ,0,0,0,0,0,0,0,0,0,-30000,0,0,0,2000,32000,-30000,-30000
056088,台郡統一97購02  ,0,0,0,0,0,0,0,0,0,-30000,0,0,0,0,30000,-30000,-30000
057288,聯茂元大98購03  ,0,0,0,0,0,0,0,0,0,-30000,0,0,0,0,30000,-30000,-30000
060090,台積電元大99購55,0,0,0,0,0,0,0,0,0,-31000,0,0,0,32000,63000,-31000,-31000
060210,上銀康和9A購01  ,0,0,0,0,0,0,0,0,0,-31000,0,0,0,0,31000,-31000,-31000
060203,緯穎元富9A購01  ,0,0,0,0,0,0,0,0,0,-31000,0,0,0,40000,71000,-31000,-31000
060867,智伸科永豐9A購01,0,0,0,0,0,0,0,0,0,-31000,0,0,0,4000,35000,-31000,-31000
060738,矽格統一9C購01  ,0,0,0,0,0,0,0,0,0,-31000,0,0,0,0,31000,-31000,-31000
061162,南電群益9A購02  ,0,0,0,0,0,0,0,0,0,-31000,0,0,0,0,31000,-31000,-31000
060990,新光金元大9B購03,0,0,0,0,0,0,0,0,0,-31000,0,0,0,0,31000,-31000,-31000
07452P,國巨元大9A售05  ,0,0,0,0,0,0,0,0,0,-31000,0,0,0,2000,33000,-31000,-31000
06398P,禾伸堂凱基97售02,0,0,0,0,0,0,0,0,0,-31000,0,0,0,0,31000,-31000,-31000
06936P,瑞儀元大98售01  ,0,0,0,0,0,0,0,0,0,-31000,0,0,0,83000,114000,-31000,-31000
055805,矽力永豐97購01  ,0,0,0,0,0,0,0,0,0,-31000,0,0,0,2000,33000,-31000,-31000
059296,大立光元富99購06,0,0,0,0,0,0,0,0,0,-31000,0,0,0,116000,147000,-31000,-31000
059292,華新科元富9B購02,0,0,0,0,0,0,0,0,0,-31000,0,0,0,83000,114000,-31000,-31000
05537P,群創中信98售01  ,0,0,0,0,0,0,0,0,0,-31000,0,0,0,29000,60000,-31000,-31000
057832,聯發科元富02購05,0,0,0,0,0,0,0,0,0,-31000,0,0,0,73000,104000,-31000,-31000
059886,可成國票99購04  ,0,0,0,0,0,0,0,0,0,-31000,0,0,0,22000,53000,-31000,-31000
059847,喬山永豐99購01  ,0,0,0,0,0,0,0,0,0,-31000,0,0,0,0,31000,-31000,-31000
05881P,彩晶康和96售01  ,0,0,0,0,0,0,0,0,0,-31000,0,0,0,9000,40000,-31000,-31000
056614,智邦永豐98購01  ,0,0,0,0,0,0,0,0,0,-31000,0,0,0,2000,33000,-31000,-31000
06869P,金融類元大99售01,0,0,0,0,0,0,0,0,0,-32000,0,0,0,7000,39000,-32000,-32000
06652P,長榮航元大98售01,0,0,0,0,0,0,0,0,0,-32000,0,0,0,8000,40000,-32000,-32000
06505P,康控國票99售02  ,0,0,0,0,0,0,0,0,0,-32000,0,0,0,0,32000,-32000,-32000
07403P,聯發科凱基99售21,0,0,0,0,0,0,0,0,0,-32000,0,0,0,5000,37000,-32000,-32000
061108,臻鼎元大9A購02  ,0,0,0,0,0,0,0,0,0,-32000,0,0,0,0,32000,-32000,-32000
061137,晶技統一9B購01  ,0,0,0,0,0,0,0,0,0,-32000,0,0,0,44000,76000,-32000,-32000
060686,康友元大9A購02  ,0,0,0,0,0,0,0,0,0,-32000,0,0,0,10000,42000,-32000,-32000
060682,牧德元大9A購03  ,0,0,0,0,0,0,0,0,0,-32000,0,0,0,107000,139000,-32000,-32000
060039,大立光國票99購04,0,0,0,0,0,0,0,0,0,-32000,0,0,0,0,32000,-32000,-32000
060134,鈺齊群益9A購01  ,0,0,0,0,0,0,0,0,0,-32000,0,0,0,30000,62000,-32000,-32000
059142,道瓊指國票9B購02,0,0,0,0,0,0,0,0,0,-32000,0,0,0,0,32000,-32000,-32000
054792,揚明光群益97購01,0,0,0,0,0,0,0,0,0,-32000,0,0,0,0,32000,-32000,-32000
053249,致伸國票97購02  ,0,0,0,0,0,0,0,0,0,-32000,0,0,0,0,32000,-32000,-32000
054996,聯陽元富97購01  ,0,0,0,0,0,0,0,0,0,-32000,0,0,0,0,32000,-32000,-32000
049706,世紀鋼元大95購02,0,0,0,0,0,0,0,0,0,-32000,0,0,0,20000,52000,-32000,-32000
020016,統一MSCI美科技N ,0,0,0,0,0,0,0,0,0,-32000,0,0,0,0,32000,-32000,-32000
058781,康友國票9A購01  ,0,0,0,0,0,0,0,0,0,-32000,0,0,0,0,32000,-32000,-32000
057606,健策統一98購03  ,0,0,0,0,0,0,0,0,0,-32000,0,0,0,25000,57000,-32000,-32000
057569,光磊永豐98購03  ,0,0,0,0,0,0,0,0,0,-32000,0,0,0,41000,73000,-32000,-32000
057957,嘉晶元大98購01  ,0,0,0,0,0,0,0,0,0,-32000,0,0,0,7000,39000,-32000,-32000
059588,鴻海元大99購32  ,0,0,0,0,0,0,0,0,0,-32000,0,0,0,2000,34000,-32000,-32000
058131,義隆元大99購02  ,0,0,0,0,0,0,0,0,0,-32000,0,0,0,77000,109000,-32000,-32000
058148,百和元大99購01  ,0,0,0,0,0,0,0,0,0,-32000,0,0,0,43000,75000,-32000,-32000
056967,奇鋐永豐98購01  ,0,0,0,0,0,0,0,0,0,-32000,0,0,0,62000,94000,-32000,-32000
2539,櫻花建          ,1000,31000,-30000,0,0,0,0,0,0,-2000,0,2000,-2000,0,0,0,-32000
2616,山隆            ,13000,45000,-32000,0,0,0,0,0,0,0,0,0,0,0,0,0,-32000
060117,國巨國泰9B購04  ,0,0,0,0,0,0,0,0,0,-33000,0,0,0,231000,264000,-33000,-33000
060487,盛群富邦9B購01  ,0,0,0,0,0,0,0,0,0,-33000,0,0,0,12000,45000,-33000,-33000
060571,京元電永豐9A購01,0,0,0,0,0,0,0,0,0,-33000,0,0,0,53000,86000,-33000,-33000
061200,道瓊反元大9A購06,0,0,0,0,0,0,0,0,0,-33000,0,0,0,10000,43000,-33000,-33000
07371P,滬深2X元大99售07,0,0,0,0,0,0,0,0,0,-33000,0,0,0,0,33000,-33000,-33000
07106P,國巨統一9B售05  ,0,0,0,0,0,0,0,0,0,-33000,0,0,0,3000,36000,-33000,-33000
07158P,FBVIX國泰9C售01 ,0,0,0,0,0,0,0,0,0,-33000,0,0,0,0,33000,-33000,-33000
1560,中砂            ,61000,101000,-40000,0,0,0,0,0,0,7000,21000,14000,7000,0,0,0,-33000
00688L,國泰20年美債正2 ,0,0,0,0,0,0,0,0,0,-33000,0,0,0,102000,135000,-33000,-33000
0052,富邦科技        ,4000,1000,3000,0,0,0,0,0,0,-36000,0,0,0,111000,147000,-36000,-33000
052483,超眾群益95購03  ,0,0,0,0,0,0,0,0,0,-33000,0,0,0,2000,35000,-33000,-33000
051855,道瓊反凱基97購01,0,0,0,0,0,0,0,0,0,-33000,0,0,0,0,33000,-33000,-33000
054481,鎧勝中信96購01  ,0,0,0,0,0,0,0,0,0,-33000,0,0,0,5000,38000,-33000,-33000
054484,仁寶台新96購01  ,0,0,0,0,0,0,0,0,0,-33000,0,0,0,38000,71000,-33000,-33000
053209,台積電凱基96購07,0,0,0,0,0,0,0,0,0,-33000,0,0,0,8000,41000,-33000,-33000
053489,上銀兆豐97購01  ,0,0,0,0,0,0,0,0,0,-33000,0,0,0,10000,43000,-33000,-33000
054638,國泰金中信99購01,0,0,0,0,0,0,0,0,0,-33000,0,0,0,0,33000,-33000,-33000
059205,元石油元大99購01,0,0,0,0,0,0,0,0,0,-33000,0,0,0,69000,102000,-33000,-33000
059278,群創元大9A購04  ,0,0,0,0,0,0,0,0,0,-33000,0,0,0,61000,94000,-33000,-33000
056732,國巨凱基98購07  ,0,0,0,0,0,0,0,0,0,-33000,0,0,0,6000,39000,-33000,-33000
058924,晶相光元富99購02,0,0,0,0,0,0,0,0,0,-33000,0,0,0,100000,133000,-33000,-33000
059540,新光金日盛99購01,0,0,0,0,0,0,0,0,0,-33000,0,0,0,478000,511000,-33000,-33000
059390,華新科凱基99購05,0,0,0,0,0,0,0,0,0,-33000,0,0,0,5000,38000,-33000,-33000
057112,立積群益99購01  ,0,0,0,0,0,0,0,0,0,-33000,0,0,0,65000,98000,-33000,-33000
058353,國巨凱基99購09  ,0,0,0,0,0,0,0,0,0,-33000,0,0,0,98000,131000,-33000,-33000
057838,台郡國泰99購01  ,0,0,0,0,0,0,0,0,0,-33000,0,0,0,0,33000,-33000,-33000
057273,智邦元大98購05  ,0,0,0,0,0,0,0,0,0,-33000,0,0,0,79000,112000,-33000,-33000
056611,國巨永豐98購03  ,0,0,0,0,0,0,0,0,0,-33000,0,0,0,15000,48000,-33000,-33000
2634,漢翔            ,230000,263000,-33000,0,0,0,0,0,0,0,0,0,0,0,0,0,-33000
060992,健策元大9A購05  ,0,0,0,0,0,0,0,0,0,-34000,0,0,0,77000,111000,-34000,-34000
060944,國泰金國票9A購01,0,0,0,0,0,0,0,0,0,-34000,0,0,0,16000,50000,-34000,-34000
055381,茂林元大97購02  ,0,0,0,0,0,0,0,0,0,-34000,0,0,0,0,34000,-34000,-34000
055615,宏達電國票99購02,0,0,0,0,0,0,0,0,0,-34000,0,0,0,0,34000,-34000,-34000
053405,台達電兆豐96購01,0,0,0,0,0,0,0,0,0,-34000,0,0,0,0,34000,-34000,-34000
055029,帆宣國泰99購01  ,0,0,0,0,0,0,0,0,0,-34000,0,0,0,0,34000,-34000,-34000
05194P,玉晶光康和95售01,0,0,0,0,0,0,0,0,0,-34000,0,0,0,16000,50000,-34000,-34000
052300,力成台新95購01  ,0,0,0,0,0,0,0,0,0,-34000,0,0,0,6000,40000,-34000,-34000
05240P,玉晶光永豐96售01,0,0,0,0,0,0,0,0,0,-34000,0,0,0,18000,52000,-34000,-34000
05858P,矽力中信96售01  ,0,0,0,0,0,0,0,0,0,-34000,0,0,0,0,34000,-34000,-34000
057457,華邦電富邦98購01,0,0,0,0,0,0,0,0,0,-34000,0,0,0,104000,138000,-34000,-34000
059835,聯發科國泰9B購01,5000,0,5000,0,0,0,0,0,0,-39000,0,0,0,248000,287000,-39000,-34000
058271,訊連永豐99購01  ,0,0,0,0,0,0,0,0,0,-34000,0,0,0,15000,49000,-34000,-34000
056686,可成統一98購01  ,0,0,0,0,0,0,0,0,0,-34000,0,0,0,0,34000,-34000,-34000
060662,旺宏凱基9A購03  ,0,0,0,0,0,0,0,0,0,-35000,0,0,0,5000,40000,-35000,-35000
061053,國巨群益9A購08  ,0,0,0,0,0,0,0,0,0,-35000,0,0,0,75000,110000,-35000,-35000
060473,中租元大9A購03  ,0,0,0,0,0,0,0,0,0,-35000,0,0,0,52000,87000,-35000,-35000
07579P,聯茂元大9A售01  ,0,0,0,0,0,0,0,0,0,-35000,0,0,0,114000,149000,-35000,-35000
07602P,台積電統一9A售07,0,0,0,0,0,0,0,0,0,-35000,0,0,0,15000,50000,-35000,-35000
07119P,台積電凱基9A售08,0,0,0,0,0,0,0,0,0,-35000,0,0,0,0,35000,-35000,-35000
06614P,祥碩永豐98售03  ,0,0,0,0,0,0,0,0,0,-35000,0,0,0,276000,311000,-35000,-35000
051800,旺宏永豐95購02  ,0,0,0,0,0,0,0,0,0,-35000,0,0,0,16000,51000,-35000,-35000
051087,國巨元大97購01  ,0,0,0,0,0,0,0,0,0,-35000,0,0,0,0,35000,-35000,-35000
04881P,高股息凱基96售01,0,0,0,0,0,0,0,0,0,-35000,0,0,0,0,35000,-35000,-35000
03412P,滬深2X群益98售01,0,0,0,0,0,0,0,0,0,-35000,0,0,0,0,35000,-35000,-35000
044105,聯詠中信95購01  ,0,0,0,0,0,0,0,0,0,-35000,0,0,0,0,35000,-35000,-35000
054881,光罩統一97購01  ,0,0,0,0,0,0,0,0,0,-35000,0,0,0,17000,52000,-35000,-35000
055374,明泰元大97購01  ,0,0,0,0,0,0,0,0,0,-35000,0,0,0,0,35000,-35000,-35000
059443,嘉聯益元大9B購01,0,0,0,0,0,0,0,0,0,-35000,0,0,0,0,35000,-35000,-35000
058080,台積電群益98購06,0,0,0,0,0,0,0,0,0,-35000,0,0,0,4000,39000,-35000,-35000
058102,楠梓電永豐98購04,0,0,0,0,0,0,0,0,0,-35000,0,0,0,0,35000,-35000,-35000
058110,光寶科元富98購01,0,0,0,0,0,0,0,0,0,-35000,0,0,0,0,35000,-35000,-35000
057824,日月光元大98購01,0,0,0,0,0,0,0,0,0,-35000,0,0,0,50000,85000,-35000,-35000
059747,台達電台新99購01,0,0,0,0,0,0,0,0,0,-35000,0,0,0,12000,47000,-35000,-35000
059741,聯發科元富99購07,0,0,0,0,0,0,0,0,0,-35000,0,0,0,56000,91000,-35000,-35000
059754,訊芯群益9A購01  ,0,0,0,0,0,0,0,0,0,-35000,0,0,0,0,35000,-35000,-35000
058966,元油2X日盛99購03,0,0,0,0,0,0,0,0,0,-35000,0,0,0,85000,120000,-35000,-35000
056295,國巨元大97購16  ,0,0,0,0,0,0,0,0,0,-35000,0,0,0,0,35000,-35000,-35000
059516,TPK永豐99購01   ,0,0,0,0,0,0,0,0,0,-35000,0,0,0,0,35000,-35000,-35000
056198,台光電永豐97購02,0,0,0,0,0,0,0,0,0,-35000,0,0,0,41000,76000,-35000,-35000
060570,南亞科永豐9A購01,0,0,0,0,0,0,0,0,0,-36000,0,0,0,0,36000,-36000,-36000
060081,台灣50元大02購02,0,0,0,0,0,0,0,0,0,-36000,0,0,0,1000,37000,-36000,-36000
060088,國巨元大99購30  ,0,0,0,0,0,0,0,0,0,-36000,0,0,0,21000,57000,-36000,-36000
060200,同欣電元富9A購01,0,0,0,0,0,0,0,0,0,-36000,0,0,0,119000,155000,-36000,-36000
061185,嘉晶國泰9B購01  ,0,0,0,0,0,0,0,0,0,-36000,0,0,0,0,36000,-36000,-36000
054760,台化國票9A購01  ,0,0,0,0,0,0,0,0,0,-36000,0,0,0,14000,50000,-36000,-36000
053886,亞光兆豐96購01  ,0,0,0,0,0,0,0,0,0,-36000,0,0,0,1000,37000,-36000,-36000
00766L,台新MSCI中國正2 ,0,0,0,0,0,0,0,0,0,-36000,0,0,0,41000,77000,-36000,-36000
052703,貿聯國票97購01  ,0,0,0,0,0,0,0,0,0,-36000,0,0,0,0,36000,-36000,-36000
050117,麗豐元大96購02  ,0,0,0,0,0,0,0,0,0,-36000,0,0,0,0,36000,-36000,-36000
056385,創意國泰99購01  ,0,0,0,0,0,0,0,0,0,-36000,0,0,0,20000,56000,-36000,-36000
056655,旺宏元大99購02  ,0,0,0,0,0,0,0,0,0,-36000,0,0,0,14000,50000,-36000,-36000
058685,TPK凱基99購01   ,0,0,0,0,0,0,0,0,0,-36000,0,0,0,29000,65000,-36000,-36000
058751,南茂凱基9A購01  ,0,0,0,0,0,0,0,0,0,-36000,0,0,0,34000,70000,-36000,-36000
058726,宏達電富邦9A購01,0,0,0,0,0,0,0,0,0,-36000,0,0,0,0,36000,-36000,-36000
059986,宏達電元大99購08,0,0,0,0,0,0,0,0,0,-36000,0,0,0,94000,130000,-36000,-36000
056681,鴻海統一98購09  ,0,0,0,0,0,0,0,0,0,-36000,0,0,0,0,36000,-36000,-36000
057111,立積群益98購02  ,0,0,0,0,0,0,0,0,0,-36000,0,0,0,26000,62000,-36000,-36000
056720,世紀鋼永豐98購01,0,0,0,0,0,0,0,0,0,-36000,0,0,0,30000,66000,-36000,-36000
056954,聯詠富邦9A購01  ,0,0,0,0,0,0,0,0,0,-36000,0,0,0,20000,56000,-36000,-36000
3003,健和興          ,114000,150000,-36000,0,0,0,0,0,0,0,0,0,0,0,0,0,-36000
8429,金麗-KY         ,10000,46000,-36000,0,0,0,0,0,0,0,0,0,0,0,0,0,-36000
060737,瑞儀統一9C購01  ,0,0,0,0,0,0,0,0,0,-37000,0,0,0,1000,38000,-37000,-37000
060032,利勤永豐99購01  ,0,0,0,0,0,0,0,0,0,-37000,0,0,0,0,37000,-37000,-37000
060626,貿聯元大9A購04  ,0,0,0,0,0,0,0,0,0,-37000,0,0,0,0,37000,-37000,-37000
06833P,矽力群益99售01  ,0,0,0,0,0,0,0,0,0,-37000,0,0,0,0,37000,-37000,-37000
052201,超眾統一96購01  ,0,0,0,0,0,0,0,0,0,-37000,0,0,0,11000,48000,-37000,-37000
052173,廣達元大95購02  ,0,0,0,0,0,0,0,0,0,-37000,0,0,0,68000,105000,-37000,-37000
055829,上銀元大97購06  ,0,0,0,0,0,0,0,0,0,-37000,0,0,0,0,37000,-37000,-37000
053892,景碩群益96購02  ,0,0,0,0,0,0,0,0,0,-37000,0,0,0,57000,94000,-37000,-37000
059455,玉晶光永豐99購05,0,0,0,0,0,0,0,0,0,-37000,0,0,0,1000,38000,-37000,-37000
059316,國巨元大99購23  ,0,0,0,0,0,0,0,0,0,-37000,0,0,0,21000,58000,-37000,-37000
055562,欣興凱基97購06  ,0,0,0,0,0,0,0,0,0,-37000,0,0,0,0,37000,-37000,-37000
055919,景碩凱基98購02  ,0,0,0,0,0,0,0,0,0,-37000,0,0,0,1000,38000,-37000,-37000
058146,勤誠元大99購01  ,0,0,0,0,0,0,0,0,0,-37000,0,0,0,0,37000,-37000,-37000
058308,全新元大9B購01  ,0,0,0,0,0,0,0,0,0,-37000,0,0,0,0,37000,-37000,-37000
056107,智易永豐97購02  ,0,0,0,0,0,0,0,0,0,-37000,0,0,0,101000,138000,-37000,-37000
056038,可成凱基97購01  ,0,0,0,0,0,0,0,0,0,-37000,0,0,0,0,37000,-37000,-37000
059993,上銀元富99購01  ,0,0,0,0,0,0,0,0,0,-37000,0,0,0,1000,38000,-37000,-37000
057450,國泰金元富98購01,0,0,0,0,0,0,0,0,0,-37000,0,0,0,0,37000,-37000,-37000
06307P,聚陽元富97售02  ,0,0,0,0,0,0,0,0,0,-38000,0,0,0,0,38000,-38000,-38000
06985P,華新科富邦9C售02,0,0,0,0,0,0,0,0,0,-38000,0,0,0,2000,40000,-38000,-38000
2034,允強            ,32000,70000,-38000,0,0,0,0,0,0,0,0,0,0,0,0,0,-38000
060610,玉晶光凱基9B購02,0,0,0,0,0,0,0,0,0,-38000,0,0,0,15000,53000,-38000,-38000
060458,華通元大9A購02  ,0,0,0,0,0,0,0,0,0,-38000,0,0,0,10000,48000,-38000,-38000
060307,南港永豐9A購01  ,0,0,0,0,0,0,0,0,0,-38000,0,0,0,0,38000,-38000,-38000
055442,矽創國票98購02  ,0,0,0,0,0,0,0,0,0,-38000,0,0,0,0,38000,-38000,-38000
054065,樺漢國票97購01  ,0,0,0,0,0,0,0,0,0,-38000,0,0,0,12000,50000,-38000,-38000
053595,創意元大96購02  ,0,0,0,0,0,0,0,0,0,-38000,0,0,0,222000,260000,-38000,-38000
054205,華新國票97購02  ,0,0,0,0,0,0,0,0,0,-38000,0,0,0,0,38000,-38000,-38000
054339,聯詠統一96購02  ,0,0,0,0,0,0,0,0,0,-38000,0,0,0,10000,48000,-38000,-38000
04633P,旺宏群益96售04  ,0,0,0,0,0,0,0,0,0,-38000,0,0,0,24000,62000,-38000,-38000
056265,國泰金統一97購01,0,0,0,0,0,0,0,0,0,-38000,0,0,0,30000,68000,-38000,-38000
058771,神達兆豐99購01  ,0,0,0,0,0,0,0,0,0,-38000,0,0,0,5000,43000,-38000,-38000
059788,華新科元大9A購05,0,0,0,0,0,0,0,0,0,-38000,0,0,0,26000,64000,-38000,-38000
059850,日電貿永豐99購01,0,0,0,0,0,0,0,0,0,-38000,0,0,0,12000,50000,-38000,-38000
056669,貿聯國票99購01  ,0,0,0,0,0,0,0,0,0,-38000,0,0,0,0,38000,-38000,-38000
057484,南亞科元大98購06,0,0,0,0,0,0,0,0,0,-38000,0,0,0,0,38000,-38000,-38000
056573,華新科元大99購06,0,0,0,0,0,0,0,0,0,-38000,0,0,0,12000,50000,-38000,-38000
059660,華新科元大9A購04,0,0,0,0,0,0,0,0,0,-38000,0,0,0,55000,93000,-38000,-38000
057420,美食凱基98購01  ,0,0,0,0,0,0,0,0,0,-38000,0,0,0,0,38000,-38000,-38000
057834,聯發科元富02購07,0,0,0,0,0,0,0,0,0,-38000,0,0,0,38000,76000,-38000,-38000
058359,瑞昱凱基99購01  ,0,0,0,0,0,0,0,0,0,-38000,0,0,0,52000,90000,-38000,-38000
057105,致茂群益9A購01  ,0,0,0,0,0,0,0,0,0,-38000,0,0,0,10000,48000,-38000,-38000
057150,貿聯國票99購02  ,0,0,0,0,0,0,0,0,0,-38000,0,0,0,0,38000,-38000,-38000
058063,旺宏中信98購04  ,0,0,0,0,0,0,0,0,0,-38000,0,0,0,1000,39000,-38000,-38000
056890,國巨元大98購11  ,0,0,0,0,0,0,0,0,0,-38000,0,0,0,50000,88000,-38000,-38000
060219,聯發科凱基9A購09,0,0,0,0,0,0,0,0,0,-39000,0,0,0,0,39000,-39000,-39000
060144,全新國票9B購01  ,0,0,0,0,0,0,0,0,0,-39000,0,0,0,0,39000,-39000,-39000
07343P,高鐵康和99售01  ,0,0,0,0,0,0,0,0,0,-39000,0,0,0,62000,101000,-39000,-39000
00702,國泰標普低波高息,0,59000,-59000,0,0,0,0,0,0,20000,0,0,0,21000,1000,20000,-39000
05545P,台表科國泰98售01,0,0,0,0,0,0,0,0,0,-39000,0,0,0,56000,95000,-39000,-39000
055689,台郡凱基99購01  ,0,0,0,0,0,0,0,0,0,-39000,0,0,0,10000,49000,-39000,-39000
055142,健策永豐98購01  ,0,0,0,0,0,0,0,0,0,-39000,0,0,0,27000,66000,-39000,-39000
055170,光磊統一97購01  ,0,0,0,0,0,0,0,0,0,-39000,0,0,0,38000,77000,-39000,-39000
059276,可成元大99購06  ,0,0,0,0,0,0,0,0,0,-39000,0,0,0,52000,91000,-39000,-39000
058400,聯發科元大99購09,0,0,0,0,0,0,0,0,0,-39000,0,0,0,37000,76000,-39000,-39000
058405,訊連元大99購02  ,0,0,0,0,0,0,0,0,0,-39000,0,0,0,14000,53000,-39000,-39000
058017,漢唐凱基99購01  ,0,0,0,0,0,0,0,0,0,-39000,0,0,0,20000,59000,-39000,-39000
056551,台郡凱基98購04  ,0,0,0,0,0,0,0,0,0,-39000,0,0,0,0,39000,-39000,-39000
4526,東台            ,31000,70000,-39000,0,0,0,0,0,0,0,0,0,0,0,0,0,-39000
07139P,元油2X群益9C售06,0,0,0,0,0,0,0,0,0,-40000,0,0,0,0,40000,-40000,-40000
06801P,技嘉群益99售02  ,0,0,0,0,0,0,0,0,0,-40000,0,0,0,8000,48000,-40000,-40000
07620P,國巨統一9B售07  ,0,0,0,0,0,0,0,0,0,-40000,0,0,0,41000,81000,-40000,-40000
07587P,台灣50國票9A售11,0,0,0,0,0,0,0,0,0,-40000,0,0,0,15000,55000,-40000,-40000
06004P,奇力新永豐96售02,0,0,0,0,0,0,0,0,0,-40000,0,0,0,0,40000,-40000,-40000
06023P,超眾國票96售03  ,0,0,0,0,0,0,0,0,0,-40000,0,0,0,45000,85000,-40000,-40000
060960,金像電凱基9B購01,0,0,0,0,0,0,0,0,0,-40000,0,0,0,29000,69000,-40000,-40000
06261P,上銀凱基97售03  ,0,0,0,0,0,0,0,0,0,-40000,0,0,0,0,40000,-40000,-40000
060996,臻鼎元大9A購01  ,0,0,0,0,0,0,0,0,0,-40000,0,0,0,0,40000,-40000,-40000
061109,臻鼎元大9A購03  ,0,0,0,0,0,0,0,0,0,-40000,0,0,0,0,40000,-40000,-40000
055654,景碩元富97購01  ,0,0,0,0,0,0,0,0,0,-40000,0,0,0,0,40000,-40000,-40000
055748,GIS元富97購01   ,0,0,0,0,0,0,0,0,0,-40000,0,0,0,0,40000,-40000,-40000
055589,台光電元大98購04,0,0,0,0,0,0,0,0,0,-40000,0,0,0,32000,72000,-40000,-40000
054834,帆宣中信97購01  ,0,0,0,0,0,0,0,0,0,-40000,0,0,0,0,40000,-40000,-40000
053558,訊芯凱基96購02  ,0,0,0,0,0,0,0,0,0,-40000,0,0,0,0,40000,-40000,-40000
054635,台達電中信98購01,0,0,0,0,0,0,0,0,0,-40000,0,0,0,0,40000,-40000,-40000
052849,可成統一97購01  ,0,0,0,0,0,0,0,0,0,-40000,0,0,0,0,40000,-40000,-40000
054573,漢唐元大98購01  ,0,0,0,0,0,0,0,0,0,-40000,0,0,0,0,40000,-40000,-40000
052986,聯發科元大97購05,0,0,0,0,0,0,0,0,0,-40000,0,0,0,0,40000,-40000,-40000
05398P,康控國票96售03  ,0,0,0,0,0,0,0,0,0,-40000,0,0,0,0,40000,-40000,-40000
053997,健策群益97購02  ,0,0,0,0,0,0,0,0,0,-40000,0,0,0,0,40000,-40000,-40000
03039X,元展36          ,0,0,0,0,0,0,0,0,0,-40000,0,0,0,0,40000,-40000,-40000
052624,微星亞東97購01  ,0,0,0,0,0,0,0,0,0,-40000,0,0,0,0,40000,-40000,-40000
04786P,鴻海永昌96售01  ,0,0,0,0,0,0,0,0,0,-40000,0,0,0,0,40000,-40000,-40000
054185,喬山永豐96購02  ,0,0,0,0,0,0,0,0,0,-40000,0,0,0,0,40000,-40000,-40000
054378,楠梓電群益98購01,0,0,0,0,0,0,0,0,0,-40000,0,0,0,0,40000,-40000,-40000
05577P,上銀凱基96售02  ,0,0,0,0,0,0,0,0,0,-40000,0,0,0,0,40000,-40000,-40000
052135,聯發科凱基9B購01,0,0,0,0,0,0,0,0,0,-40000,0,0,0,0,40000,-40000,-40000
050447,廣達元大94購01  ,0,0,0,0,0,0,0,0,0,-40000,0,0,0,0,40000,-40000,-40000
057538,緯穎元大98購07  ,0,0,0,0,0,0,0,0,0,-40000,0,0,0,0,40000,-40000,-40000
057616,聯電凱基99購01  ,0,0,0,0,0,0,0,0,0,-40000,0,0,0,50000,90000,-40000,-40000
059630,美律凱基99購07  ,0,0,0,0,0,0,0,0,0,-40000,0,0,0,0,40000,-40000,-40000
059897,T50反1元大99購14,0,0,0,0,0,0,0,0,0,-40000,0,0,0,0,40000,-40000,-40000
058647,華新科永豐99購03,0,0,0,0,0,0,0,0,0,-40000,0,0,0,0,40000,-40000,-40000
058986,華新科凱基9A購03,0,0,0,0,0,0,0,0,0,-40000,0,0,0,0,40000,-40000,-40000
056308,TPK元大97購02   ,0,0,0,0,0,0,0,0,0,-40000,0,0,0,0,40000,-40000,-40000
058000,FBVIX群益9B購01 ,0,0,0,0,0,0,0,0,0,-40000,0,0,0,0,40000,-40000,-40000
057403,亞光群益98購04  ,0,0,0,0,0,0,0,0,0,-40000,0,0,0,0,40000,-40000,-40000
056084,漢唐統一97購03  ,0,0,0,0,0,0,0,0,0,-40000,0,0,0,0,40000,-40000,-40000
056862,聯發科群益98購03,0,0,0,0,0,0,0,0,0,-40000,0,0,0,0,40000,-40000,-40000
056920,友達兆豐98購02  ,0,0,0,0,0,0,0,0,0,-40000,0,0,0,0,40000,-40000,-40000
056928,旺宏台新98購01  ,0,0,0,0,0,0,0,0,0,-40000,0,0,0,10000,50000,-40000,-40000
057164,國巨元大98購14  ,0,0,0,0,0,0,0,0,0,-40000,0,0,0,0,40000,-40000,-40000
9911,櫻花            ,193000,234000,-41000,0,0,0,0,0,0,1000,1000,0,1000,0,0,0,-40000
2207,和泰車          ,97000,131100,-34100,0,0,0,0,0,0,-6000,0,6000,-6000,0,0,0,-40100
061061,聯發科麥證9A購02,0,0,0,0,41000,-41000,0,0,0,-41000,0,0,0,0,41000,-41000,-41000
060993,健策元大9B購03  ,0,0,0,0,0,0,0,0,0,-41000,0,0,0,127000,168000,-41000,-41000
060250,台表科元大9A購01,0,0,0,0,0,0,0,0,0,-41000,0,0,0,16000,57000,-41000,-41000
060624,玉晶光元大9C購02,0,0,0,0,0,0,0,0,0,-41000,0,0,0,11000,52000,-41000,-41000
052305,GIS永豐95購03   ,0,0,0,0,0,0,0,0,0,-41000,0,0,0,0,41000,-41000,-41000
053124,聯發科凱基96購12,0,0,0,0,0,0,0,0,0,-41000,0,0,0,0,41000,-41000,-41000
055206,台虹中信97購01  ,0,0,0,0,0,0,0,0,0,-41000,0,0,0,15000,56000,-41000,-41000
05529P,臺股指群益96售02,0,0,0,0,0,0,0,0,0,-41000,0,0,0,81000,122000,-41000,-41000
059248,華新科凱基99購04,0,0,0,0,0,0,0,0,0,-41000,0,0,0,60000,101000,-41000,-41000
058233,聯發科元大99購06,0,0,0,0,0,0,0,0,0,-41000,0,0,0,0,41000,-41000,-41000
058293,光寶科凱基9A購01,0,0,0,0,0,0,0,0,0,-41000,0,0,0,50000,91000,-41000,-41000
057283,欣興元大98購07  ,0,0,0,0,0,0,0,0,0,-41000,0,0,0,335000,376000,-41000,-41000
05644P,大立光中信9A售03,0,0,0,0,0,0,0,0,0,-41000,0,0,0,2000,43000,-41000,-41000
059063,康控凱基99購04  ,0,0,0,0,0,0,0,0,0,-41000,0,0,0,20000,61000,-41000,-41000
058621,華通國票9A購01  ,0,0,0,0,0,0,0,0,0,-41000,0,0,0,7000,48000,-41000,-41000
059821,美律凱基99購08  ,0,0,0,0,0,0,0,0,0,-41000,0,0,0,0,41000,-41000,-41000
057483,微星元大98購04  ,0,0,0,0,0,0,0,0,0,-41000,0,0,0,109000,150000,-41000,-41000
4540,全球傳動        ,122000,163000,-41000,0,0,0,0,0,0,0,0,0,0,0,0,0,-41000
2852,第一保          ,9000,49000,-40000,0,0,0,0,0,0,-1000,0,1000,-1000,0,0,0,-41000
060440,台灣50元大9C購27,0,0,0,0,0,0,0,0,0,-42000,0,0,0,0,42000,-42000,-42000
060916,金像電國泰9C購01,0,0,0,0,0,0,0,0,0,-42000,0,0,0,10000,52000,-42000,-42000
1532,勤美            ,14000,56000,-42000,0,0,0,0,0,0,0,0,0,0,0,0,0,-42000
059256,臺股指凱基99購34,0,0,0,0,0,0,0,0,0,-42000,0,0,0,234000,276000,-42000,-42000
055234,昇陽半國票98購02,0,0,0,0,0,0,0,0,0,-42000,0,0,0,58000,100000,-42000,-42000
053639,禾伸堂永豐96購01,0,0,0,0,0,0,0,0,0,-42000,0,0,0,11000,53000,-42000,-42000
053800,華通凱基97購03  ,0,0,0,0,0,0,0,0,0,-42000,0,0,0,25000,67000,-42000,-42000
051789,嘉澤國票96購01  ,0,0,0,0,0,0,0,0,0,-42000,0,0,0,11000,53000,-42000,-42000
051898,富邦金國泰97購01,0,0,0,0,0,0,0,0,0,-42000,0,0,0,0,42000,-42000,-42000
050095,國巨國泰95購04  ,0,0,0,0,0,0,0,0,0,-42000,0,0,0,0,42000,-42000,-42000
050644,國巨凱基96購01  ,0,0,0,0,0,0,0,0,0,-42000,0,0,0,41000,83000,-42000,-42000
059971,台灣50元大9B購08,0,0,0,0,0,0,0,0,0,-42000,0,0,0,0,42000,-42000,-42000
059920,宏達電元大99購07,0,0,0,0,0,0,0,0,0,-42000,0,0,0,58000,100000,-42000,-42000
058749,康控凱基99購03  ,0,0,0,0,0,0,0,0,0,-42000,0,0,0,40000,82000,-42000,-42000
058238,奇鋐元大99購02  ,0,0,0,0,0,0,0,0,0,-42000,0,0,0,42000,84000,-42000,-42000
057637,上銀元大98購07  ,0,0,0,0,0,0,0,0,0,-42000,0,0,0,0,42000,-42000,-42000
057651,矽力元大98購03  ,0,0,0,0,0,0,0,0,0,-42000,0,0,0,0,42000,-42000,-42000
05803P,臺股指兆豐96售03,0,0,0,0,0,0,0,0,0,-42000,0,0,0,4000,46000,-42000,-42000
058931,玉晶光統一9C購01,0,0,0,0,0,0,0,0,0,-42000,0,0,0,7000,49000,-42000,-42000
060895,華新科凱基9B購05,0,0,0,0,0,0,0,0,0,-43000,0,0,0,0,43000,-43000,-43000
060852,京鼎國泰9B購01  ,0,0,0,0,0,0,0,0,0,-43000,0,0,0,171000,214000,-43000,-43000
060556,緯穎凱基9A購04  ,0,0,0,0,0,0,0,0,0,-43000,0,0,0,24000,67000,-43000,-43000
060228,亞德客元大9A購01,0,0,0,0,0,0,0,0,0,-43000,0,0,0,42000,85000,-43000,-43000
060209,喬山康和9A購01  ,0,0,0,0,0,0,0,0,0,-43000,0,0,0,0,43000,-43000,-43000
060316,福懋科永豐9A購01,0,0,0,0,0,0,0,0,0,-43000,0,0,0,7000,50000,-43000,-43000
055715,智邦元大97購04  ,0,0,0,0,0,0,0,0,0,-43000,0,0,0,10000,53000,-43000,-43000
059119,華擎永豐99購02  ,0,0,0,0,0,0,0,0,0,-43000,0,0,0,52000,95000,-43000,-43000
058868,元油2X國票99購06,0,0,0,0,0,0,0,0,0,-43000,0,0,0,0,43000,-43000,-43000
057803,上銀元大98購08  ,0,0,0,0,0,0,0,0,0,-43000,0,0,0,0,43000,-43000,-43000
059062,群創凱基99購05  ,0,0,0,0,0,0,0,0,0,-43000,0,0,0,6000,49000,-43000,-43000
056196,聯茂富邦98購02  ,0,0,0,0,0,0,0,0,0,-43000,0,0,0,25000,68000,-43000,-43000
056529,中環凱基98購01  ,0,0,0,0,0,0,0,0,0,-43000,0,0,0,29000,72000,-43000,-43000
059682,可成富邦9A購01  ,0,0,0,0,0,0,0,0,0,-43000,0,0,0,7000,50000,-43000,-43000
6706,惠特            ,51000,94229,-43229,0,0,0,0,0,0,0,0,0,0,0,0,0,-43229
060575,大立光中信9B購02,0,0,0,0,0,0,0,0,0,-44000,0,0,0,0,44000,-44000,-44000
06067P,華新科康和97售01,0,0,0,0,0,0,0,0,0,-44000,0,0,0,260000,304000,-44000,-44000
060777,茂林凱基9C購01  ,0,0,0,0,0,0,0,0,0,-44000,0,0,0,23000,67000,-44000,-44000
2029,盛餘            ,0,44000,-44000,0,0,0,0,0,0,0,0,0,0,0,0,0,-44000
07291P,臺股指凱基99售43,0,0,0,0,0,0,0,0,0,-44000,0,0,0,76000,120000,-44000,-44000
059488,大立光兆豐99購03,0,0,0,0,0,0,0,0,0,-44000,0,0,0,36000,80000,-44000,-44000
054933,南港元大97購01  ,0,0,0,0,0,0,0,0,0,-44000,0,0,0,58000,102000,-44000,-44000
052915,創意元富96購01  ,0,0,0,0,0,0,0,0,0,-44000,0,0,0,0,44000,-44000,-44000
03418B,臺股指元大95熊20,0,0,0,0,0,0,0,0,0,-44000,0,0,0,6000,50000,-44000,-44000
057583,啟碁中信9A購01  ,0,0,0,0,0,0,0,0,0,-44000,0,0,0,0,44000,-44000,-44000
056534,京元電凱基98購01,0,0,0,0,0,0,0,0,0,-44000,0,0,0,8000,52000,-44000,-44000
057460,楠梓電永豐98購03,0,0,0,0,0,0,0,0,0,-44000,0,0,0,0,44000,-44000,-44000
059942,全新永豐99購04  ,0,0,0,0,0,0,0,0,0,-44000,0,0,0,0,44000,-44000,-44000
059949,啟碁永豐99購01  ,0,0,0,0,0,0,0,0,0,-44000,0,0,0,2000,46000,-44000,-44000
060015,國巨康和99購03  ,0,0,0,0,0,0,0,0,0,-44000,0,0,0,2000,46000,-44000,-44000
056192,智邦富邦98購01  ,0,0,0,0,0,0,0,0,0,-44000,0,0,0,0,44000,-44000,-44000
058750,緯穎凱基9A購03  ,0,0,0,0,0,0,0,0,0,-44000,0,0,0,11000,55000,-44000,-44000
059563,鴻海凱基9A購14  ,0,0,0,0,0,0,0,0,0,-44000,0,0,0,0,44000,-44000,-44000
058096,南電元大98購04  ,0,0,0,0,0,0,0,0,0,-44000,0,0,0,0,44000,-44000,-44000
059400,滬深2X元富9C購04,0,0,0,0,0,0,0,0,0,-44000,0,0,0,466000,510000,-44000,-44000
056818,正崴永豐98購01  ,0,0,0,0,0,0,0,0,0,-44000,0,0,0,0,44000,-44000,-44000
07363P,大立光元大99售26,0,0,0,0,0,0,0,0,0,-45000,0,0,0,165000,210000,-45000,-45000
07365P,超眾元大99售07  ,0,0,0,0,0,0,0,0,0,-45000,0,0,0,0,45000,-45000,-45000
060722,矽格永豐9A購01  ,0,0,0,0,0,0,0,0,0,-45000,0,0,0,0,45000,-45000,-45000
060711,旺宏永豐9A購01  ,0,0,0,0,0,0,0,0,0,-45000,0,0,0,2000,47000,-45000,-45000
06091P,華新科統一97售01,0,0,0,0,0,0,0,0,0,-45000,0,0,0,0,45000,-45000,-45000
060572,景碩永豐9A購01  ,0,0,0,0,0,0,0,0,0,-45000,0,0,0,0,45000,-45000,-45000
060249,正文元大9C購01  ,0,0,0,0,0,0,0,0,0,-45000,0,0,0,2000,47000,-45000,-45000
052304,可成永豐95購03  ,0,0,0,0,0,0,0,0,0,-45000,0,0,0,0,45000,-45000,-45000
054217,台表科國票97購05,0,0,0,0,0,0,0,0,0,-45000,0,0,0,7000,52000,-45000,-45000
054057,晶豪科國票97購01,0,0,0,0,0,0,0,0,0,-45000,0,0,0,50000,95000,-45000,-45000
05555P,健策群益98售01  ,0,0,0,0,0,0,0,0,0,-45000,0,0,0,0,45000,-45000,-45000
057191,祥碩元大98購05  ,0,0,0,0,0,0,0,0,0,-45000,0,0,0,6000,51000,-45000,-45000
059526,鴻海凱基99購12  ,0,0,0,0,0,0,0,0,0,-45000,0,0,0,12000,57000,-45000,-45000
059493,國巨國票9B購01  ,0,0,0,0,0,0,0,0,0,-45000,0,0,0,36000,81000,-45000,-45000
058628,宏達電國票9A購01,0,0,0,0,0,0,0,0,0,-45000,0,0,0,0,45000,-45000,-45000
056202,國揚永豐97購01  ,0,0,0,0,0,0,0,0,0,-45000,0,0,0,0,45000,-45000,-45000
059054,國巨凱基99購11  ,0,0,0,0,0,0,0,0,0,-45000,0,0,0,0,45000,-45000,-45000
057536,康控元大99購03  ,0,0,0,0,0,0,0,0,0,-45000,0,0,0,88000,133000,-45000,-45000
8464,億豐            ,192000,254000,-62000,0,0,0,43000,0,43000,-26000,0,28000,-28000,2000,0,2000,-45000
060745,京元電國票9A購01,0,0,0,0,0,0,0,0,0,-46000,0,0,0,0,46000,-46000,-46000
2374,佳能            ,11000,57000,-46000,0,0,0,0,0,0,0,0,0,0,0,0,0,-46000
1219,福壽            ,0,46000,-46000,0,0,0,0,0,0,0,0,0,0,0,0,0,-46000
053864,義隆元大96購01  ,0,0,0,0,0,0,0,0,0,-46000,0,0,0,349000,395000,-46000,-46000
052388,旺宏群益96購05  ,0,0,0,0,0,0,0,0,0,-46000,0,0,0,81000,127000,-46000,-46000
058537,彩晶統一9B購01  ,0,0,0,0,0,0,0,0,0,-46000,0,0,0,20000,66000,-46000,-46000
056100,楠梓電永豐97購02,0,0,0,0,0,0,0,0,0,-46000,0,0,0,0,46000,-46000,-46000
058915,SGBR2X元富99購01,0,0,0,0,0,0,0,0,0,-46000,0,0,0,60000,106000,-46000,-46000
07377P,聯發科元大99售40,0,0,0,0,0,0,0,0,0,-47000,0,0,0,30000,77000,-47000,-47000
07183P,臺股指凱基99售25,0,0,0,0,0,0,0,0,0,-47000,0,0,0,5000,52000,-47000,-47000
060924,大毅永豐9A購03  ,0,0,0,0,0,0,0,0,0,-47000,0,0,0,16000,63000,-47000,-47000
060469,台勝科元大9A購02,0,0,0,0,0,0,0,0,0,-47000,0,0,0,65000,112000,-47000,-47000
050551,大立光凱基95購05,0,0,0,0,0,0,0,0,0,-47000,0,0,0,0,47000,-47000,-47000
054504,聯鈞永豐96購01  ,0,0,0,0,0,0,0,0,0,-47000,0,0,0,21000,68000,-47000,-47000
053932,華新科統一96購03,0,0,0,0,0,0,0,0,0,-47000,0,0,0,0,47000,-47000,-47000
054989,精元元富97購01  ,0,0,0,0,0,0,0,0,0,-47000,0,0,0,10000,57000,-47000,-47000
053104,台表科元富96購02,0,0,0,0,0,0,0,0,0,-47000,0,0,0,0,47000,-47000,-47000
059201,祥碩永豐99購02  ,0,0,0,0,0,0,0,0,0,-47000,0,0,0,59000,106000,-47000,-47000
058397,大成鋼元大99購02,0,0,0,0,0,0,0,0,0,-47000,0,0,0,185000,232000,-47000,-47000
058791,鴻海元大99購17  ,0,0,0,0,0,0,0,0,0,-47000,0,0,0,19000,66000,-47000,-47000
057530,奇鋐元大99購01  ,0,0,0,0,0,0,0,0,0,-47000,0,0,0,98000,145000,-47000,-47000
059607,台積電富邦9C購04,0,0,0,0,0,0,0,0,0,-47000,0,0,0,1000,48000,-47000,-47000
059980,台積電元大99購50,0,0,0,0,0,0,0,0,0,-47000,0,0,0,120000,167000,-47000,-47000
060834,道瓊反國票9C購01,0,0,0,0,0,0,0,0,0,-48000,0,0,0,2000,50000,-48000,-48000
061094,彩晶統一9B購02  ,0,0,0,0,0,0,0,0,0,-48000,0,0,0,0,48000,-48000,-48000
07129P,華新科元大99售14,0,0,0,0,0,0,0,0,0,-48000,0,0,0,100000,148000,-48000,-48000
1309,台達化          ,177000,225000,-48000,0,0,0,0,0,0,0,0,0,0,0,0,0,-48000
052857,大成鋼凱基96購01,0,0,0,0,0,0,0,0,0,-48000,0,0,0,0,48000,-48000,-48000
054785,建準群益98購01  ,0,0,0,0,0,0,0,0,0,-48000,0,0,0,0,48000,-48000,-48000
050694,國巨凱基96購03  ,0,0,0,0,0,0,0,0,0,-48000,0,0,0,0,48000,-48000,-48000
059848,智邦永豐99購01  ,0,0,0,0,0,0,0,0,0,-48000,0,0,0,24000,72000,-48000,-48000
056561,台光電群益98購02,0,0,0,0,0,0,0,0,0,-48000,0,0,0,44000,92000,-48000,-48000
057572,明泰永豐98購01  ,0,0,0,0,0,0,0,0,0,-48000,0,0,0,10000,58000,-48000,-48000
058785,臺股指國票99購04,0,0,0,0,0,0,0,0,0,-48000,0,0,0,2000,50000,-48000,-48000
058439,玉晶光統一01購02,0,0,0,0,0,0,0,0,0,-48000,0,0,0,1000,49000,-48000,-48000
056354,國巨元大98購10  ,0,0,0,0,0,0,0,0,0,-48000,0,0,0,1000,49000,-48000,-48000
057849,南茂永豐98購02  ,0,0,0,0,0,0,0,0,0,-48000,0,0,0,0,48000,-48000,-48000
057057,立積元大9A購01  ,0,0,0,0,0,0,0,0,0,-48000,0,0,0,56000,104000,-48000,-48000
057092,健策元富98購01  ,0,0,0,0,0,0,0,0,0,-48000,0,0,0,20000,68000,-48000,-48000
057119,微星康和98購01  ,0,0,0,0,0,0,0,0,0,-48000,0,0,0,0,48000,-48000,-48000
055953,上銀元大97購09  ,0,0,0,0,0,0,0,0,0,-48000,0,0,0,2000,50000,-48000,-48000
056766,義隆元大98購01  ,0,0,0,0,0,0,0,0,0,-48000,0,0,0,48000,96000,-48000,-48000
3028,增你強          ,21000,70000,-49000,0,0,0,0,0,0,1000,1000,0,1000,0,0,0,-48000
07513P,台積電元大9A售13,0,0,0,0,0,0,0,0,0,-49000,0,0,0,1000,50000,-49000,-49000
1467,南緯            ,3000,52000,-49000,0,0,0,0,0,0,0,0,0,0,0,0,0,-49000
1808,潤隆            ,83000,132000,-49000,0,0,0,0,0,0,0,0,0,0,0,0,0,-49000
060356,上銀元富9A購01  ,0,0,0,0,0,0,0,0,0,-49000,0,0,0,0,49000,-49000,-49000
050558,台積電統一94購14,0,0,0,0,0,0,0,0,0,-49000,0,0,0,0,49000,-49000,-49000
053320,華新科群益97購01,50000,0,50000,0,0,0,0,0,0,-99000,0,0,0,3000,102000,-99000,-49000
055217,緯創凱基97購02  ,0,0,0,0,0,0,0,0,0,-49000,0,0,0,0,49000,-49000,-49000
056713,華擎永豐98購01  ,0,0,0,0,0,0,0,0,0,-49000,0,0,0,0,49000,-49000,-49000
058129,國巨元大99購10  ,0,0,0,0,0,0,0,0,0,-49000,0,0,0,6000,55000,-49000,-49000
056639,國產康和98購01  ,0,0,0,0,0,0,0,0,0,-49000,0,0,0,3000,52000,-49000,-49000
058606,聯發科元大99購13,0,0,0,0,0,0,0,0,0,-49000,0,0,0,33000,82000,-49000,-49000
058604,華邦電元大99購03,0,0,0,0,0,0,0,0,0,-49000,0,0,0,0,49000,-49000,-49000
059688,燿華永豐99購01  ,0,0,0,0,0,0,0,0,0,-49000,0,0,0,0,49000,-49000,-49000
059685,T50正2永豐99購02,0,0,0,0,0,0,0,0,0,-49000,0,0,0,8000,57000,-49000,-49000
060384,葡萄王凱基9B購01,0,0,0,0,0,0,0,0,0,-50000,0,0,0,0,50000,-50000,-50000
060501,鴻海元大9A購13  ,0,0,0,0,0,0,0,0,0,-50000,0,0,0,0,50000,-50000,-50000
060499,鴻海元大9A購11  ,0,0,0,0,0,0,0,0,0,-50000,0,0,0,0,50000,-50000,-50000
060508,聯發科元大9A購04,0,0,0,0,0,0,0,0,0,-50000,0,0,0,0,50000,-50000,-50000
060251,易華電元大9C購01,0,0,0,0,0,0,0,0,0,-50000,0,0,0,0,50000,-50000,-50000
060351,滬深2X元富9A購01,0,0,0,0,0,0,0,0,0,-50000,0,0,0,4000,54000,-50000,-50000
061105,宏達電元大9A購04,0,0,0,0,0,0,0,0,0,-50000,0,0,0,0,50000,-50000,-50000
061124,微星永豐9A購02  ,0,0,0,0,0,0,0,0,0,-50000,0,0,0,0,50000,-50000,-50000
061164,燿華兆豐9B購01  ,0,0,0,0,0,0,0,0,0,-50000,0,0,0,0,50000,-50000,-50000
060876,國巨中信9A購04  ,0,0,0,0,0,0,0,0,0,-50000,0,0,0,0,50000,-50000,-50000
060797,世芯永豐9A購04  ,0,0,0,0,0,0,0,0,0,-50000,0,0,0,13000,63000,-50000,-50000
060819,國巨統一9C購04  ,0,0,0,0,0,0,0,0,0,-50000,0,0,0,100000,150000,-50000,-50000
060747,聯鈞國票9A購02  ,0,0,0,0,0,0,0,0,0,-50000,0,0,0,91000,141000,-50000,-50000
07600P,台灣50凱基04售06,0,0,0,0,0,0,0,0,0,-50000,0,0,0,0,50000,-50000,-50000
06893P,致新元富98售02  ,0,0,0,0,0,0,0,0,0,-50000,0,0,0,100000,150000,-50000,-50000
055743,TPK元富98購01   ,0,0,0,0,0,0,0,0,0,-50000,0,0,0,0,50000,-50000,-50000
053223,台郡凱基96購02  ,0,0,0,0,0,0,0,0,0,-50000,0,0,0,0,50000,-50000,-50000
053430,樺漢永豐96購01  ,0,0,0,0,0,0,0,0,0,-50000,0,0,0,2000,52000,-50000,-50000
053451,致新凱基96購02  ,0,0,0,0,0,0,0,0,0,-50000,0,0,0,0,50000,-50000,-50000
053473,聯發科元大96購15,0,0,0,0,0,0,0,0,0,-50000,0,0,0,0,50000,-50000,-50000
055055,精元永豐97購01  ,0,0,0,0,0,0,0,0,0,-50000,0,0,0,0,50000,-50000,-50000
055056,億光永豐97購01  ,0,0,0,0,0,0,0,0,0,-50000,0,0,0,0,50000,-50000,-50000
054043,漢唐元大97購01  ,0,0,0,0,0,0,0,0,0,-50000,0,0,0,0,50000,-50000,-50000
053854,聯茂國泰97購02  ,0,0,0,0,0,0,0,0,0,-50000,0,0,0,0,50000,-50000,-50000
054930,群電凱基98購01  ,0,0,0,0,0,0,0,0,0,-50000,0,0,0,0,50000,-50000,-50000
052847,漢唐統一99購01  ,0,0,0,0,0,0,0,0,0,-50000,0,0,0,0,50000,-50000,-50000
054683,川湖永豐97購01  ,0,0,0,0,0,0,0,0,0,-50000,0,0,0,0,50000,-50000,-50000
050590,晶技永豐95購01  ,0,0,0,0,0,0,0,0,0,-50000,0,0,0,0,50000,-50000,-50000
052049,緯創凱基97購01  ,0,0,0,0,0,0,0,0,0,-50000,0,0,0,0,50000,-50000,-50000
054450,聯茂第一96購01  ,0,0,0,0,0,0,0,0,0,-50000,0,0,0,0,50000,-50000,-50000
05418P,瑞昱永豐95售02  ,0,0,0,0,0,0,0,0,0,-50000,0,0,0,0,50000,-50000,-50000
054316,矽創凱基97購01  ,0,0,0,0,0,0,0,0,0,-50000,0,0,0,0,50000,-50000,-50000
055826,中石化元大97購01,0,0,0,0,0,0,0,0,0,-50000,0,0,0,0,50000,-50000,-50000
048504,A50正2中信95購01,0,0,0,0,0,0,0,0,0,-50000,0,0,0,0,50000,-50000,-50000
052731,宏達電國泰98購01,0,0,0,0,0,0,0,0,0,-50000,0,0,0,0,50000,-50000,-50000
059666,台表科元大9B購01,0,0,0,0,0,0,0,0,0,-50000,0,0,0,15000,65000,-50000,-50000
059655,T50反1元大99購10,0,0,0,0,0,0,0,0,0,-50000,0,0,0,0,50000,-50000,-50000
057531,禾伸堂元大99購04,0,0,0,0,0,0,0,0,0,-50000,0,0,0,18000,68000,-50000,-50000
057482,微星元大98購03  ,0,0,0,0,0,0,0,0,0,-50000,0,0,0,0,50000,-50000,-50000
059919,宏達電元大99購06,0,0,0,0,0,0,0,0,0,-50000,0,0,0,92000,142000,-50000,-50000
060018,國產康和99購01  ,0,0,0,0,0,0,0,0,0,-50000,0,0,0,60000,110000,-50000,-50000
058952,南茂群益99購01  ,0,0,0,0,0,0,0,0,0,-50000,0,0,0,9000,59000,-50000,-50000
058495,元大金群益9B購01,0,0,0,0,0,0,0,0,0,-50000,0,0,0,0,50000,-50000,-50000
058466,SGBR2X中信99購02,0,0,0,0,0,0,0,0,0,-50000,0,0,0,0,50000,-50000,-50000
056619,強茂永豐98購01  ,0,0,0,0,0,0,0,0,0,-50000,0,0,0,0,50000,-50000,-50000
056309,合勤控元大97購01,0,0,0,0,0,0,0,0,0,-50000,0,0,0,148000,198000,-50000,-50000
056239,宏達電群益98購01,0,0,0,0,0,0,0,0,0,-50000,0,0,0,0,50000,-50000,-50000
05890P,彩晶元大99售01  ,0,0,0,0,0,0,0,0,0,-50000,0,0,0,0,50000,-50000,-50000
057169,微星元大98購01  ,0,0,0,0,0,0,0,0,0,-50000,0,0,0,0,50000,-50000,-50000
056743,貿聯凱基98購04  ,0,0,0,0,0,0,0,0,0,-50000,0,0,0,0,50000,-50000,-50000
056915,上銀兆豐99購01  ,0,0,0,0,0,0,0,0,0,-50000,0,0,0,0,50000,-50000,-50000
056696,茂林群益98購02  ,0,0,0,0,0,0,0,0,0,-50000,0,0,0,0,50000,-50000,-50000
057883,中環群益98購01  ,0,0,0,0,0,0,0,0,0,-50000,0,0,0,0,50000,-50000,-50000
057667,可成元大99購01  ,0,0,0,0,0,0,0,0,0,-50000,0,0,0,0,50000,-50000,-50000
058049,帆宣元大98購01  ,0,0,0,0,0,0,0,0,0,-50000,0,0,0,60000,110000,-50000,-50000
057956,全新元大99購04  ,0,0,0,0,0,0,0,0,0,-50000,0,0,0,2000,52000,-50000,-50000
061013,台積電麥證9A購03,0,0,0,4000,55000,-51000,0,0,0,-51000,0,0,0,4000,55000,-51000,-51000
060217,國巨凱基9A購10  ,0,0,0,0,0,0,0,0,0,-51000,0,0,0,15000,66000,-51000,-51000
052674,智邦國泰98購01  ,0,0,0,0,0,0,0,0,0,-51000,0,0,0,28000,79000,-51000,-51000
045054,聯發科元富98購02,0,0,0,0,0,0,0,0,0,-51000,0,0,0,0,51000,-51000,-51000
052231,景碩凱基96購01  ,0,0,0,0,0,0,0,0,0,-51000,0,0,0,3000,54000,-51000,-51000
059429,台積電元大99購35,0,0,0,0,0,0,0,0,0,-51000,0,0,0,14000,65000,-51000,-51000
057720,日電貿元富98購01,0,0,0,0,0,0,0,0,0,-51000,0,0,0,21000,72000,-51000,-51000
056897,南亞科元大98購02,0,0,0,0,0,0,0,0,0,-51000,0,0,0,0,51000,-51000,-51000
9924,福興            ,20000,57000,-37000,0,0,0,0,0,0,-14000,0,0,0,0,14000,-14000,-51000
060320,元金2X群益02購01,0,0,0,0,0,0,0,0,0,-52000,0,0,0,340000,392000,-52000,-52000
060128,健策永豐99購06  ,0,0,0,0,0,0,0,0,0,-52000,0,0,0,86000,138000,-52000,-52000
060541,正隆凱基9A購01  ,0,0,0,0,0,0,0,0,0,-52000,0,0,0,0,52000,-52000,-52000
060978,國巨元大9A購13  ,0,0,0,0,0,0,0,0,0,-52000,0,0,0,0,52000,-52000,-52000
07392P,台積電國泰02售01,0,0,0,0,0,0,0,0,0,-52000,0,0,0,325000,377000,-52000,-52000
1435,中福            ,0,52000,-52000,0,0,0,0,0,0,0,0,0,0,0,0,0,-52000
055497,開發金元大97購01,0,0,0,0,0,0,0,0,0,-52000,0,0,0,0,52000,-52000,-52000
054921,文曄凱基97購01  ,0,0,0,0,0,0,0,0,0,-52000,0,0,0,0,52000,-52000,-52000
053954,貿聯康和96購01  ,0,0,0,0,0,0,0,0,0,-52000,0,0,0,0,52000,-52000,-52000
053426,創意永豐96購04  ,0,0,0,0,0,0,0,0,0,-52000,0,0,0,3000,55000,-52000,-52000
051539,瀚宇博國票97購01,0,0,0,0,0,0,0,0,0,-52000,0,0,0,0,52000,-52000,-52000
058342,鴻海群益9A購01  ,0,0,0,0,0,0,0,0,0,-52000,0,0,0,7000,59000,-52000,-52000
056223,華邦電凱基97購04,0,0,0,0,0,0,0,0,0,-52000,0,0,0,18000,70000,-52000,-52000
056286,奇鋐永豐97購01  ,0,0,0,0,0,0,0,0,0,-52000,0,0,0,2000,54000,-52000,-52000
056296,旺宏元大97購07  ,0,0,0,0,0,0,0,0,0,-52000,0,0,0,4000,56000,-52000,-52000
058411,技嘉兆豐99購01  ,0,0,0,0,0,0,0,0,0,-52000,0,0,0,3000,55000,-52000,-52000
057504,技嘉麥證98購01  ,0,0,0,0,52000,-52000,0,0,0,-52000,0,0,0,0,52000,-52000,-52000
056574,亞光元大99購03  ,0,0,0,0,0,0,0,0,0,-52000,0,0,0,16000,68000,-52000,-52000
1531,高林股          ,0,53000,-53000,0,0,0,0,0,0,0,0,0,0,0,0,0,-53000
060909,金像電元大9B購01,0,0,0,0,0,0,0,0,0,-53000,0,0,0,0,53000,-53000,-53000
060661,台積電凱基9A購18,0,0,0,0,0,0,0,0,0,-53000,0,0,0,2000,55000,-53000,-53000
060130,瀚宇博永豐99購02,0,0,0,0,0,0,0,0,0,-53000,0,0,0,17000,70000,-53000,-53000
060312,潤泰全永豐9A購01,0,0,0,0,0,0,0,0,0,-53000,0,0,0,0,53000,-53000,-53000
054467,隆達凱基97購01  ,0,0,0,0,0,0,0,0,0,-53000,0,0,0,0,53000,-53000,-53000
054690,新興永豐97購01  ,0,0,0,0,0,0,0,0,0,-53000,0,0,0,1000,54000,-53000,-53000
055252,新光金統一98購02,0,0,0,0,0,0,0,0,0,-53000,0,0,0,0,53000,-53000,-53000
055320,建準國票98購01  ,0,0,0,0,0,0,0,0,0,-53000,0,0,0,0,53000,-53000,-53000
059160,華通凱基99購03  ,0,0,0,0,0,0,0,0,0,-53000,0,0,0,12000,65000,-53000,-53000
059264,台光電中信99購02,0,0,0,0,0,0,0,0,0,-53000,0,0,0,105000,158000,-53000,-53000
059791,超眾元大99購06  ,0,0,0,0,0,0,0,0,0,-53000,0,0,0,10000,63000,-53000,-53000
056438,旺宏凱基98購05  ,0,0,0,0,0,0,0,0,0,-53000,0,0,0,0,53000,-53000,-53000
058358,技嘉凱基9A購01  ,0,0,0,0,0,0,0,0,0,-53000,0,0,0,0,53000,-53000,-53000
057798,貿聯兆豐99購01  ,0,0,0,0,0,0,0,0,0,-53000,0,0,0,133000,186000,-53000,-53000
056076,超眾元大97購05  ,0,0,0,0,0,0,0,0,0,-53000,0,0,0,29000,82000,-53000,-53000
057320,玉晶光凱基98購01,0,0,0,0,0,0,0,0,0,-53000,0,0,0,8000,61000,-53000,-53000
055938,矽力群益97購01  ,0,0,0,0,0,0,0,0,0,-53000,0,0,0,0,53000,-53000,-53000
058941,華新科中信99購03,0,0,0,0,0,0,0,0,0,-53000,0,0,0,220000,273000,-53000,-53000
5531,鄉林            ,125000,194000,-69000,0,0,0,0,0,0,16000,16000,0,16000,0,0,0,-53000
060342,台積電統一02購01,0,0,0,0,0,0,0,0,0,-54000,0,0,0,79000,133000,-54000,-54000
060295,貿聯元大9A購03  ,0,0,0,0,0,0,0,0,0,-54000,0,0,0,10000,64000,-54000,-54000
060123,光罩永豐99購02  ,0,0,0,0,0,0,0,0,0,-54000,0,0,0,29000,83000,-54000,-54000
060374,儒鴻元富9A購01  ,0,0,0,0,0,0,0,0,0,-54000,0,0,0,76000,130000,-54000,-54000
061041,南電永豐9A購03  ,0,0,0,0,0,0,0,0,0,-54000,0,0,0,1000,55000,-54000,-54000
059326,康友元大99購01  ,0,0,0,0,0,0,0,0,0,-54000,0,0,0,54000,108000,-54000,-54000
059196,聯發科永豐99購02,0,0,0,0,0,0,0,0,0,-54000,0,0,0,15000,69000,-54000,-54000
053118,大立光中信9C購01,0,0,0,0,0,0,0,0,0,-54000,0,0,0,0,54000,-54000,-54000
055837,致茂元大97購02  ,0,0,0,0,0,0,0,0,0,-54000,0,0,0,57000,111000,-54000,-54000
05238P,禾伸堂永豐95售01,0,0,0,0,0,0,0,0,0,-54000,0,0,0,0,54000,-54000,-54000
058360,台光電凱基9A購02,0,0,0,0,0,0,0,0,0,-54000,0,0,0,6000,60000,-54000,-54000
058983,旺宏凱基99購05  ,0,0,0,0,0,0,0,0,0,-54000,0,0,0,0,54000,-54000,-54000
059825,嘉晶凱基99購02  ,0,0,0,0,0,0,0,0,0,-54000,0,0,0,96000,150000,-54000,-54000
2897,王道銀行        ,69000,123000,-54000,0,0,0,0,0,0,0,0,0,0,0,0,0,-54000
07102P,南電元大99售03  ,0,0,0,0,0,0,0,0,0,-55000,0,0,0,0,55000,-55000,-55000
053115,滬深2X中信97購01,0,0,0,0,0,0,0,0,0,-55000,0,0,0,0,55000,-55000,-55000
053502,智伸科兆豐97購01,0,0,0,0,0,0,0,0,0,-55000,0,0,0,0,55000,-55000,-55000
055069,帆宣永豐97購01  ,0,0,0,0,0,0,0,0,0,-55000,0,0,0,0,55000,-55000,-55000
059143,國巨國票9A購04  ,0,0,0,0,0,0,0,0,0,-55000,0,0,0,4000,59000,-55000,-55000
055183,聯鈞統一97購01  ,0,0,0,0,0,0,0,0,0,-55000,0,0,0,80000,135000,-55000,-55000
055133,致新康和97購01  ,0,0,0,0,0,0,0,0,0,-55000,0,0,0,0,55000,-55000,-55000
060024,T50反1國泰9B購02,0,0,0,0,0,0,0,0,0,-55000,0,0,0,0,55000,-55000,-55000
057647,欣興元大98購10  ,0,0,0,0,0,0,0,0,0,-55000,0,0,0,9000,64000,-55000,-55000
9940,信義            ,13000,68000,-55000,0,0,0,0,0,0,0,0,0,0,0,0,0,-55000
061037,嘉澤永豐9A購01  ,0,0,0,0,0,0,0,0,0,-56000,0,0,0,49000,105000,-56000,-56000
060375,葡萄王元富9A購01,0,0,0,0,0,0,0,0,0,-56000,0,0,0,98000,154000,-56000,-56000
055617,TPK國票98購04   ,0,0,0,0,0,0,0,0,0,-56000,0,0,0,0,56000,-56000,-56000
054070,創意國泰96購02  ,0,0,0,0,0,0,0,0,0,-56000,0,0,0,10000,66000,-56000,-56000
053344,嘉晶國票97購02  ,0,0,0,0,0,0,0,0,0,-56000,0,0,0,0,56000,-56000,-56000
050545,奇力新凱基95購01,0,0,0,0,0,0,0,0,0,-56000,0,0,0,0,56000,-56000,-56000
051684,瑞昱凱基95購02  ,0,0,0,0,0,0,0,0,0,-56000,0,0,0,0,56000,-56000,-56000
059931,緯穎富邦9A購01  ,0,0,0,0,0,0,0,0,0,-56000,0,0,0,4000,60000,-56000,-56000
059786,全新元大99購06  ,0,0,0,0,0,0,0,0,0,-56000,0,0,0,55000,111000,-56000,-56000
059722,南亞科元大99購02,0,0,0,0,0,0,0,0,0,-56000,0,0,0,0,56000,-56000,-56000
056408,奇鋐國票99購01  ,0,0,0,0,0,0,0,0,0,-56000,0,0,0,0,56000,-56000,-56000
059036,可成群益9B購03  ,0,0,0,0,0,0,0,0,0,-56000,0,0,0,0,56000,-56000,-56000
060264,華新科國票9A購02,0,0,0,0,0,0,0,0,0,-57000,0,0,0,0,57000,-57000,-57000
061293,聯茂統一9A購01  ,0,0,0,0,0,0,0,0,0,-57000,0,0,0,0,57000,-57000,-57000
060857,旭富富邦9B購01  ,0,0,0,0,0,0,0,0,0,-57000,0,0,0,18000,75000,-57000,-57000
060772,FBVIX凱基9A購03 ,0,0,0,0,0,0,0,0,0,-57000,0,0,0,40000,97000,-57000,-57000
050651,大立光凱基96購02,0,0,0,0,0,0,0,0,0,-57000,0,0,0,0,57000,-57000,-57000
052795,健策兆豐97購01  ,0,0,0,0,0,0,0,0,0,-57000,0,0,0,10000,67000,-57000,-57000
055545,國巨凱基97購06  ,0,0,0,0,0,0,0,0,0,-57000,0,0,0,3000,60000,-57000,-57000
055594,華新科元大98購02,0,0,0,0,0,0,0,0,0,-57000,0,0,0,5000,62000,-57000,-57000
056471,台光電元大99購01,0,0,0,0,0,0,0,0,0,-57000,0,0,0,14000,71000,-57000,-57000
056616,台光電永豐98購01,0,0,0,0,0,0,0,0,0,-57000,0,0,0,52000,109000,-57000,-57000
058085,景碩群益9A購01  ,0,0,0,0,0,0,0,0,0,-57000,0,0,0,0,57000,-57000,-57000
060753,上銀元大9A購05  ,0,0,0,0,0,0,0,0,0,-58000,0,0,0,28000,86000,-58000,-58000
060933,南電永豐9A購02  ,0,0,0,0,0,0,0,0,0,-58000,0,0,0,21000,79000,-58000,-58000
055419,國巨永豐97購03  ,0,0,0,0,0,0,0,0,0,-58000,0,0,0,402000,460000,-58000,-58000
054017,茂林永豐96購02  ,0,0,0,0,0,0,0,0,0,-58000,0,0,0,3000,61000,-58000,-58000
052946,智原國票97購02  ,0,0,0,0,0,0,0,0,0,-58000,0,0,0,0,58000,-58000,-58000
052229,奇力新凱基96購01,0,0,0,0,0,0,0,0,0,-58000,0,0,0,2000,60000,-58000,-58000
054254,晶豪科元大96購02,0,0,0,0,0,0,0,0,0,-58000,0,0,0,41000,99000,-58000,-58000
052612,康舒元大97購01  ,0,0,0,0,0,0,0,0,0,-58000,0,0,0,10000,68000,-58000,-58000
057841,茂林富邦9A購02  ,0,0,0,0,0,0,0,0,0,-58000,0,0,0,2000,60000,-58000,-58000
056077,矽力元大97購07  ,0,0,0,0,0,0,0,0,0,-58000,0,0,0,2000,60000,-58000,-58000
056065,奇鋐元大97購01  ,0,0,0,0,0,0,0,0,0,-58000,0,0,0,22000,80000,-58000,-58000
056110,嘉聯益永豐97購02,0,0,0,0,0,0,0,0,0,-58000,0,0,0,0,58000,-58000,-58000
056291,聯茂永豐97購03  ,0,0,0,0,0,0,0,0,0,-58000,0,0,0,3000,61000,-58000,-58000
058965,祥碩兆豐99購02  ,0,0,0,0,0,0,0,0,0,-58000,0,0,0,0,58000,-58000,-58000
059898,T50反1元大99購15,0,0,0,0,0,0,0,0,0,-58000,0,0,0,0,58000,-58000,-58000
2617,台航            ,60000,102000,-42000,0,0,0,0,0,0,-16000,0,0,0,0,16000,-16000,-58000
061027,儒鴻永豐9A購02  ,0,0,0,0,0,0,0,0,0,-59000,0,0,0,14000,73000,-59000,-59000
060227,和大元大9A購01  ,0,0,0,0,0,0,0,0,0,-59000,0,0,0,10000,69000,-59000,-59000
060533,臺股指中信9B購05,0,0,0,0,0,0,0,0,0,-59000,0,0,0,0,59000,-59000,-59000
06411P,晶相光永豐97售03,0,0,0,0,0,0,0,0,0,-59000,0,0,0,0,59000,-59000,-59000
1104,環泥            ,37000,96000,-59000,0,0,0,0,0,0,0,0,0,0,0,0,0,-59000
054709,宏達電統一97購01,0,0,0,0,0,0,0,0,0,-59000,0,0,0,0,59000,-59000,-59000
053836,亞光永豐96購02  ,0,0,0,0,0,0,0,0,0,-59000,0,0,0,0,59000,-59000,-59000
053230,達方台新97購01  ,0,0,0,0,0,0,0,0,0,-59000,0,0,0,0,59000,-59000,-59000
057327,玉晶光群益9A購04,0,0,0,0,0,0,0,0,0,-59000,0,0,0,9000,68000,-59000,-59000
059383,台灣50凱基99購03,0,0,0,0,0,0,0,0,0,-59000,0,0,0,6000,65000,-59000,-59000
059360,全新永豐99購02  ,0,0,0,0,0,0,0,0,0,-59000,0,0,0,0,59000,-59000,-59000
056845,揚明光元富98購01,0,0,0,0,0,0,0,0,0,-59000,0,0,0,11000,70000,-59000,-59000
3607,谷崧            ,56000,114000,-58000,0,0,0,0,0,0,-1000,0,1000,-1000,0,0,0,-59000
9934,成霖            ,37000,95000,-58000,0,0,0,0,1000,-1000,0,0,0,0,0,0,0,-59000
06018P,康控凱基96售03  ,0,0,0,0,0,0,0,0,0,-60000,0,0,0,65000,125000,-60000,-60000
061180,華擎凱基9B購01  ,0,0,0,0,0,0,0,0,0,-60000,0,0,0,0,60000,-60000,-60000
061208,聯發科元大9A購09,0,0,0,0,0,0,0,0,0,-60000,0,0,0,8000,68000,-60000,-60000
060879,華新科中信9A購02,0,0,0,0,0,0,0,0,0,-60000,0,0,0,10000,70000,-60000,-60000
060705,台光電富邦9B購01,0,0,0,0,0,0,0,0,0,-60000,0,0,0,18000,78000,-60000,-60000
055054,群光永豐97購01  ,0,0,0,0,0,0,0,0,0,-60000,0,0,0,0,60000,-60000,-60000
053083,中環元大99購01  ,0,0,0,0,0,0,0,0,0,-60000,0,0,0,10000,70000,-60000,-60000
054897,信錦康和97購01  ,0,0,0,0,0,0,0,0,0,-60000,0,0,0,0,60000,-60000,-60000
055248,可成統一97購02  ,0,0,0,0,0,0,0,0,0,-60000,0,0,0,0,60000,-60000,-60000
055479,GIS凱基97購04   ,0,0,0,0,0,0,0,0,0,-60000,0,0,0,3000,63000,-60000,-60000
059198,華新科永豐99購06,0,0,0,0,0,0,0,0,0,-60000,0,0,0,31000,91000,-60000,-60000
052629,訊芯中信99購01  ,0,0,0,0,0,0,0,0,0,-60000,0,0,0,10000,70000,-60000,-60000
051740,可成國票96購04  ,0,0,0,0,0,0,0,0,0,-60000,0,0,0,0,60000,-60000,-60000
054250,漢唐元大96購04  ,0,0,0,0,0,0,0,0,0,-60000,0,0,0,0,60000,-60000,-60000
054279,揚明光群益98購01,0,0,0,0,0,0,0,0,0,-60000,0,0,0,0,60000,-60000,-60000
054282,泰鼎群益98購02  ,0,0,0,0,0,0,0,0,0,-60000,0,0,0,0,60000,-60000,-60000
054239,台郡群益96購02  ,0,0,0,0,0,0,0,0,0,-60000,0,0,0,0,60000,-60000,-60000
054373,富邦金中信97購01,0,0,0,0,0,0,0,0,0,-60000,0,0,0,0,60000,-60000,-60000
055893,大立光統一97購07,0,0,0,0,0,0,0,0,0,-60000,0,0,0,0,60000,-60000,-60000
055794,聯發科國泰99購01,0,0,0,0,0,0,0,0,0,-60000,0,0,0,0,60000,-60000,-60000
052235,聯發科國票96購02,0,0,0,0,0,0,0,0,0,-60000,0,0,0,10000,70000,-60000,-60000
051365,瀚宇博國泰97購01,0,0,0,0,0,0,0,0,0,-60000,0,0,0,0,60000,-60000,-60000
050096,國巨國泰95購05  ,0,0,0,0,0,0,0,0,0,-60000,0,0,0,0,60000,-60000,-60000
056685,光罩統一98購03  ,0,0,0,0,0,0,0,0,0,-60000,0,0,0,20000,80000,-60000,-60000
059567,台積電凱基9A購12,0,0,0,0,0,0,0,0,0,-60000,0,0,0,0,60000,-60000,-60000
057390,台表科永豐98購01,0,0,0,0,0,0,0,0,0,-60000,0,0,0,75000,135000,-60000,-60000
059783,旺宏元大99購17  ,0,0,0,0,0,0,0,0,0,-60000,0,0,0,1000,61000,-60000,-60000
058422,百和麥證99購01  ,0,0,0,0,60000,-60000,0,0,0,-60000,0,0,0,0,60000,-60000,-60000
058616,台虹元大9A購01  ,0,0,0,0,0,0,0,0,0,-60000,0,0,0,50000,110000,-60000,-60000
058773,和碩兆豐99購01  ,0,0,0,0,0,0,0,0,0,-60000,0,0,0,25000,85000,-60000,-60000
056607,貿聯富邦99購02  ,0,0,0,0,0,0,0,0,0,-60000,0,0,0,0,60000,-60000,-60000
06885P,國巨國票99售06  ,0,0,0,0,0,0,0,0,0,-61000,0,0,0,32000,93000,-61000,-61000
051643,瑞昱康和95購01  ,0,0,0,0,0,0,0,0,0,-61000,0,0,0,0,61000,-61000,-61000
03680C,臺股指凱基9A牛26,0,0,0,0,0,0,0,0,0,-61000,0,0,0,0,61000,-61000,-61000
048696,台達電國票96購01,0,0,0,0,0,0,0,0,0,-61000,0,0,0,0,61000,-61000,-61000
053867,創意元大96購04  ,0,0,0,0,0,0,0,0,0,-61000,0,0,0,44000,105000,-61000,-61000
053315,漢唐群益96購02  ,0,0,0,0,0,0,0,0,0,-61000,0,0,0,0,61000,-61000,-61000
056423,奇鋐統一98購01  ,0,0,0,0,0,0,0,0,0,-61000,0,0,0,0,61000,-61000,-61000
059661,大立光元大99購22,0,0,0,0,0,0,0,0,0,-61000,0,0,0,0,61000,-61000,-61000
058116,正崴中信99購02  ,0,0,0,0,0,0,0,0,0,-61000,0,0,0,11000,72000,-61000,-61000
057181,亞光元大98購02  ,0,0,0,0,0,0,0,0,0,-61000,0,0,0,17000,78000,-61000,-61000
060762,長榮航元大9A購02,0,0,0,0,0,0,0,0,0,-62000,0,0,0,1000,63000,-62000,-62000
061067,貿聯凱基9A購03  ,0,0,0,0,0,0,0,0,0,-62000,0,0,0,2000,64000,-62000,-62000
055302,達方元大97購01  ,0,0,0,0,0,0,0,0,0,-62000,0,0,0,68000,130000,-62000,-62000
04628P,欣興元大95售01  ,0,0,0,0,0,0,0,0,0,-62000,0,0,0,200000,262000,-62000,-62000
055779,國泰金凱基97購02,0,0,0,0,0,0,0,0,0,-62000,0,0,0,0,62000,-62000,-62000
054390,智邦元富96購03  ,0,0,0,0,0,0,0,0,0,-62000,0,0,0,40000,102000,-62000,-62000
057369,奇力新元大99購05,0,0,0,0,0,0,0,0,0,-62000,0,0,0,0,62000,-62000,-62000
058244,神達元大99購02  ,50000,50000,0,0,0,0,0,0,0,-62000,0,0,0,203000,265000,-62000,-62000
057322,旺宏群益98購04  ,0,0,0,0,0,0,0,0,0,-62000,0,0,0,1000,63000,-62000,-62000
057296,智原永豐98購01  ,0,0,0,0,0,0,0,0,0,-62000,0,0,0,0,62000,-62000,-62000
057934,華新科群益98購07,0,0,0,0,0,0,0,0,0,-62000,0,0,0,0,62000,-62000,-62000
059755,宏達電國泰9A購01,0,0,0,0,0,0,0,0,0,-62000,0,0,0,31000,93000,-62000,-62000
058670,鴻海群益9A購03  ,0,0,0,0,0,0,0,0,0,-62000,0,0,0,0,62000,-62000,-62000
058692,華邦電國票9B購01,0,0,0,0,0,0,0,0,0,-62000,0,0,0,0,62000,-62000,-62000
4958,臻鼎-KY         ,994000,1013000,-19000,0,0,0,200000,101000,99000,-142000,1000,137000,-136000,5000,11000,-6000,-62000
6415,矽力-KY         ,560000,600258,-40258,0,0,0,32156,52000,-19844,-2000,0,0,0,1000,3000,-2000,-62102
061045,儒鴻第一9A購01  ,0,0,0,0,0,0,0,0,0,-63000,0,0,0,10000,73000,-63000,-63000
06852P,臺股指元大98售11,0,0,0,0,0,0,0,0,0,-63000,0,0,0,1995000,2058000,-63000,-63000
052837,友達國泰97購01  ,0,0,0,0,0,0,0,0,0,-63000,0,0,0,0,63000,-63000,-63000
055449,超眾統一9A購01  ,0,0,0,0,0,0,0,0,0,-63000,0,0,0,0,63000,-63000,-63000
054872,瀚宇博群益98購01,0,0,0,0,0,0,0,0,0,-63000,0,0,0,0,63000,-63000,-63000
059748,聯發科台新99購03,0,0,0,0,0,0,0,0,0,-63000,0,0,0,112000,175000,-63000,-63000
059822,聯發科凱基99購19,0,0,0,0,0,0,0,0,0,-63000,0,0,0,35000,98000,-63000,-63000
059853,超眾永豐99購03  ,0,0,0,0,0,0,0,0,0,-63000,0,0,0,0,63000,-63000,-63000
057357,超眾統一98購01  ,0,0,0,0,0,0,0,0,0,-63000,0,0,0,11000,74000,-63000,-63000
058918,SGBR2X元富99購04,0,0,0,0,0,0,0,0,0,-63000,0,0,0,0,63000,-63000,-63000
07258P,台灣50台新9A售01,0,0,0,0,0,0,0,0,0,-64000,0,0,0,130000,194000,-64000,-64000
061040,康友永豐9A購01  ,0,0,0,0,0,0,0,0,0,-64000,0,0,0,20000,84000,-64000,-64000
060695,同欣電麥證9A購01,0,0,0,0,64000,-64000,0,0,0,-64000,0,0,0,0,64000,-64000,-64000
054720,禾伸堂永豐97購01,0,0,0,0,0,0,0,0,0,-64000,0,0,0,5000,69000,-64000,-64000
052712,旺宏凱基96購02  ,0,0,0,0,0,0,0,0,0,-64000,0,0,0,193000,257000,-64000,-64000
058137,玉晶光元大99購11,0,0,0,0,0,0,0,0,0,-64000,0,0,0,5000,69000,-64000,-64000
055936,彩晶群益98購02  ,0,0,0,0,0,0,0,0,0,-64000,0,0,0,15000,79000,-64000,-64000
05979P,華新科中信96售02,0,0,0,0,0,0,0,0,0,-64000,0,0,0,6000,70000,-64000,-64000
059975,元金2X元大99購02,0,0,0,0,0,0,0,0,0,-64000,0,0,0,50000,114000,-64000,-64000
057494,玉晶光元大99購09,0,0,0,0,0,0,0,0,0,-64000,0,0,0,16000,80000,-64000,-64000
056559,華通群益98購02  ,0,0,0,0,0,0,0,0,0,-64000,0,0,0,42000,106000,-64000,-64000
060790,日月光富邦9A購01,0,0,0,0,0,0,0,0,0,-65000,0,0,0,0,65000,-65000,-65000
061216,世芯元大9A購06  ,0,0,0,0,0,0,0,0,0,-65000,0,0,0,0,65000,-65000,-65000
060112,祥碩元大99購04  ,0,0,0,0,0,0,0,0,0,-65000,0,0,0,30000,95000,-65000,-65000
060083,和大元大99購02  ,0,0,0,0,0,0,0,0,0,-65000,0,0,0,40000,105000,-65000,-65000
07272P,台灣50元大9C售05,0,0,0,0,0,0,0,0,0,-65000,0,0,0,15000,80000,-65000,-65000
06933P,禾伸堂元大98售03,0,0,0,0,0,0,0,0,0,-65000,0,0,0,102000,167000,-65000,-65000
07448P,台灣50元大9A售08,0,0,0,0,0,0,0,0,0,-65000,0,0,0,0,65000,-65000,-65000
2441,超豐            ,114000,197000,-83000,0,0,0,0,2000,-2000,20000,20000,0,20000,0,0,0,-65000
03436B,臺股指元富99熊13,0,0,0,0,0,0,0,0,0,-65000,0,0,0,0,65000,-65000,-65000
052887,華通中信96購01  ,0,0,0,0,0,0,0,0,0,-65000,0,0,0,135000,200000,-65000,-65000
053804,富邦金凱基96購01,0,0,0,0,0,0,0,0,0,-65000,0,0,0,0,65000,-65000,-65000
055065,神達永豐97購01  ,0,0,0,0,0,0,0,0,0,-65000,0,0,0,0,65000,-65000,-65000
05972P,瑞昱元大96售01  ,0,0,0,0,0,0,0,0,0,-65000,0,0,0,0,65000,-65000,-65000
058523,聯茂元大99購08  ,0,0,0,0,0,0,0,0,0,-65000,0,0,0,10000,75000,-65000,-65000
056693,國產群益98購01  ,0,0,0,0,0,0,0,0,0,-65000,0,0,0,100000,165000,-65000,-65000
056989,鴻海兆豐98購02  ,0,0,0,0,0,0,0,0,0,-65000,0,0,0,0,65000,-65000,-65000
058015,旺宏凱基99購02  ,0,0,0,0,0,0,0,0,0,-65000,0,0,0,0,65000,-65000,-65000
058027,鴻海富邦98購04  ,0,0,0,0,0,0,0,0,0,-65000,0,0,0,8000,73000,-65000,-65000
2425,承啟            ,83000,148000,-65000,0,0,0,0,0,0,-1000,0,1000,-1000,0,0,0,-66000
06750P,聯發科元富02售03,0,0,0,0,0,0,0,0,0,-66000,0,0,0,1000,67000,-66000,-66000
07067P,旺宏台新99售02  ,0,0,0,0,0,0,0,0,0,-66000,0,0,0,26000,92000,-66000,-66000
060718,中磊永豐9A購01  ,0,0,0,0,0,0,0,0,0,-66000,0,0,0,0,66000,-66000,-66000
060861,漢唐永豐9A購01  ,0,0,0,0,0,0,0,0,0,-66000,0,0,0,0,66000,-66000,-66000
054883,億光統一97購01  ,0,0,0,0,0,0,0,0,0,-66000,0,0,0,48000,114000,-66000,-66000
055121,鴻海兆豐97購03  ,0,0,0,0,0,0,0,0,0,-66000,0,0,0,25000,91000,-66000,-66000
055236,建準台新98購01  ,0,0,0,0,0,0,0,0,0,-66000,0,0,0,0,66000,-66000,-66000
052822,泰碩永豐97購01  ,0,0,0,0,0,0,0,0,0,-66000,0,0,0,85000,151000,-66000,-66000
058018,南亞科凱基99購03,0,0,0,0,0,0,0,0,0,-66000,0,0,0,0,66000,-66000,-66000
059530,華新科凱基9A購05,0,0,0,0,0,0,0,0,0,-66000,0,0,0,4000,70000,-66000,-66000
058957,貿聯國票9A購01  ,0,0,0,0,0,0,0,0,0,-66000,0,0,0,0,66000,-66000,-66000
058596,旺宏台新99購01  ,0,0,0,0,0,0,0,0,0,-66000,0,0,0,23000,89000,-66000,-66000
060701,玉晶光國泰9C購01,0,0,0,0,0,0,0,0,0,-67000,0,0,0,15000,82000,-67000,-67000
060405,中租國泰9C購01  ,0,0,0,0,0,0,0,0,0,-67000,0,0,0,23000,90000,-67000,-67000
051531,國巨國票96購04  ,0,0,0,0,0,0,0,0,0,-67000,0,0,0,28000,95000,-67000,-67000
05546P,全新元大97售01  ,0,0,0,0,0,0,0,0,0,-67000,0,0,0,87000,154000,-67000,-67000
056297,台光電元大97購04,0,0,0,0,0,0,0,0,0,-67000,0,0,0,33000,100000,-67000,-67000
059860,台積電群益9A購02,0,0,0,0,0,0,0,0,0,-67000,0,0,0,58000,125000,-67000,-67000
058156,超眾統一9A購02  ,0,0,0,0,0,0,0,0,0,-67000,0,0,0,31000,98000,-67000,-67000
3454,晶睿            ,37000,104000,-67000,0,0,0,0,0,0,0,0,0,0,0,0,0,-67000
060368,緯穎元富9A購03  ,0,0,0,0,0,0,0,0,0,-68000,0,0,0,34000,102000,-68000,-68000
060079,台郡台新99購03  ,0,0,0,0,0,0,0,0,0,-68000,0,0,0,18000,86000,-68000,-68000
060096,聯發科元大99購43,0,0,0,0,0,0,0,0,0,-68000,0,0,0,0,68000,-68000,-68000
060291,高鐵元大9A購01  ,0,0,0,0,0,0,0,0,0,-68000,0,0,0,38000,106000,-68000,-68000
060776,世芯凱基9B購01  ,0,0,0,0,0,0,0,0,0,-68000,0,0,0,225000,293000,-68000,-68000
061029,力山永豐9A購01  ,0,0,0,0,0,0,0,0,0,-68000,0,0,0,134000,202000,-68000,-68000
060989,國泰金元大9A購02,0,0,0,0,0,0,0,0,0,-68000,0,0,0,30000,98000,-68000,-68000
053984,康友元大96購05  ,0,0,0,0,0,0,0,0,0,-68000,0,0,0,0,68000,-68000,-68000
053211,漢唐凱基96購03  ,0,0,0,0,0,0,0,0,0,-68000,0,0,0,0,68000,-68000,-68000
052159,瑞昱永豐95購01  ,0,0,0,0,0,0,0,0,0,-68000,0,0,0,11000,79000,-68000,-68000
054274,智易中信96購02  ,0,0,0,0,0,0,0,0,0,-68000,0,0,0,0,68000,-68000,-68000
054260,貿聯元大96購03  ,0,0,0,0,0,0,0,0,0,-68000,0,0,0,0,68000,-68000,-68000
057236,聯詠凱基98購03  ,0,0,0,0,0,0,0,0,0,-68000,0,0,0,0,68000,-68000,-68000
056486,樺漢元大98購04  ,0,0,0,0,0,0,0,0,0,-68000,0,0,0,18000,86000,-68000,-68000
059059,宏達電凱基99購03,0,0,0,0,0,0,0,0,0,-68000,0,0,0,0,68000,-68000,-68000
058512,宏達電元大99購04,0,0,0,0,0,0,0,0,0,-68000,0,0,0,0,68000,-68000,-68000
060031,旭富永豐99購02  ,0,0,0,0,0,0,0,0,0,-69000,0,0,0,3000,72000,-69000,-69000
060526,台積電中信9A購02,0,0,0,0,0,0,0,0,0,-69000,0,0,0,0,69000,-69000,-69000
054890,聯鈞統一99購01  ,0,0,0,0,0,0,0,0,0,-69000,0,0,0,52000,121000,-69000,-69000
053113,瀚宇博兆豐97購01,0,0,0,0,0,0,0,0,0,-69000,0,0,0,11000,80000,-69000,-69000
059215,台積電元大99購28,0,0,0,0,0,0,0,0,0,-69000,0,0,0,5000,74000,-69000,-69000
059177,臺股指凱基99購28,0,0,0,0,0,0,0,0,0,-69000,0,0,0,1000,70000,-69000,-69000
056142,超眾元大97購06  ,0,0,0,0,0,0,0,0,0,-69000,0,0,0,17000,86000,-69000,-69000
056893,智邦元大98購02  ,0,0,0,0,0,0,0,0,0,-69000,0,0,0,75000,144000,-69000,-69000
057368,微星元大98購02  ,0,0,0,0,0,0,0,0,0,-69000,0,0,0,27000,96000,-69000,-69000
058261,大立光富邦03購01,0,0,0,0,0,0,0,0,0,-69000,0,0,0,0,69000,-69000,-69000
060999,國巨兆豐9A購01  ,0,0,0,0,0,0,0,0,0,-70000,0,0,0,1000,71000,-70000,-70000
061026,南電富邦9B購01  ,0,0,0,0,0,0,0,0,0,-70000,0,0,0,36000,106000,-70000,-70000
060870,旭富群益9A購01  ,0,0,0,0,0,0,0,0,0,-70000,0,0,0,2000,72000,-70000,-70000
06452P,大立光元大98售08,0,0,0,0,0,0,0,0,0,-70000,0,0,0,0,70000,-70000,-70000
06648P,華邦電元大98售03,0,0,0,0,0,0,0,0,0,-70000,0,0,0,0,70000,-70000,-70000
07673P,電子類元大9A售01,0,0,0,0,0,0,0,0,0,-70000,0,0,0,0,70000,-70000,-70000
055186,正文統一97購01  ,0,0,0,0,0,0,0,0,0,-70000,0,0,0,0,70000,-70000,-70000
055058,大毅永豐97購01  ,0,0,0,0,0,0,0,0,0,-70000,0,0,0,12000,82000,-70000,-70000
052727,仁寶元富96購01  ,0,0,0,0,0,0,0,0,0,-70000,0,0,0,173000,243000,-70000,-70000
052424,泰碩國票97購01  ,0,0,0,0,0,0,0,0,0,-70000,0,0,0,45000,115000,-70000,-70000
058236,大立光元大99購09,0,0,0,0,0,0,0,0,0,-70000,0,0,0,0,70000,-70000,-70000
058031,旺宏永豐98購04  ,0,0,0,0,0,0,0,0,0,-70000,0,0,0,0,70000,-70000,-70000
056000,佳世達永豐97購01,0,0,0,0,0,0,0,0,0,-70000,0,0,0,0,70000,-70000,-70000
058438,大立光統一9B購01,0,0,0,0,0,0,0,0,0,-70000,0,0,0,16000,86000,-70000,-70000
059804,台積電元富99購01,0,0,0,0,0,0,0,0,0,-70000,0,0,0,0,70000,-70000,-70000
059739,華通元富99購04  ,0,0,0,0,0,0,0,0,0,-70000,0,0,0,0,70000,-70000,-70000
2838A,聯邦銀甲特      ,0,0,0,0,0,0,0,71000,-71000,1000,1000,0,1000,0,0,0,-70000
061104,華新科元大9A購13,0,0,0,0,0,0,0,0,0,-71000,0,0,0,20000,91000,-71000,-71000
060216,鴻海凱基9A購17  ,0,0,0,0,0,0,0,0,0,-71000,0,0,0,10000,81000,-71000,-71000
060256,臺股指元大9B購07,0,0,0,0,0,0,0,0,0,-71000,0,0,0,0,71000,-71000,-71000
03648C,T50反1元大96牛07,0,0,0,0,0,0,0,0,0,-71000,0,0,0,20000,91000,-71000,-71000
052274,大立光群益95購03,0,0,0,0,0,0,0,0,0,-71000,0,0,0,0,71000,-71000,-71000
054842,台達電兆豐98購01,0,0,0,0,0,0,0,0,0,-71000,0,0,0,0,71000,-71000,-71000
055458,燿華永豐98購01  ,0,0,0,0,0,0,0,0,0,-71000,0,0,0,0,71000,-71000,-71000
055713,國巨元大98購09  ,0,0,0,0,0,0,0,0,0,-71000,0,0,0,0,71000,-71000,-71000
059164,旺宏凱基99購06  ,0,0,0,0,0,0,0,0,0,-71000,0,0,0,31000,102000,-71000,-71000
059629,友達凱基99購06  ,0,0,0,0,0,0,0,0,0,-71000,0,0,0,821000,892000,-71000,-71000
058995,台達電元大99購01,0,0,0,0,0,0,0,0,0,-71000,0,0,0,68000,139000,-71000,-71000
059019,元石油統一9B購03,0,0,0,0,0,0,0,0,0,-71000,0,0,0,0,71000,-71000,-71000
056737,國巨凱基9A購01  ,0,0,0,0,0,0,0,0,0,-71000,0,0,0,0,71000,-71000,-71000
057789,上銀統一9A購01  ,0,0,0,0,0,0,0,0,0,-71000,0,0,0,0,71000,-71000,-71000
057827,康友元大98購03  ,0,0,0,0,0,0,0,0,0,-71000,0,0,0,0,71000,-71000,-71000
060107,旭富元大99購03  ,0,0,0,0,0,0,0,0,0,-72000,0,0,0,39000,111000,-72000,-72000
061169,GIS兆豐9A購01   ,0,0,0,0,0,0,0,0,0,-72000,0,0,0,3000,75000,-72000,-72000
2108,南帝            ,76000,147000,-71000,0,0,0,0,1000,-1000,0,0,0,0,0,0,0,-72000
1732,毛寶            ,210000,282000,-72000,0,0,0,0,0,0,0,0,0,0,0,0,0,-72000
054203,滬深2X國票96購03,0,0,0,0,0,0,0,0,0,-72000,0,0,0,0,72000,-72000,-72000
052759,京元電群益96購01,0,0,0,0,0,0,0,0,0,-72000,0,0,0,0,72000,-72000,-72000
00664R,國泰臺灣加權反1 ,1000,0,1000,0,0,0,0,0,0,-73000,0,1295000,-1295000,3159000,1937000,1222000,-72000
057746,同欣電永豐98購02,0,0,0,0,0,0,0,0,0,-72000,0,0,0,0,72000,-72000,-72000
056323,旺宏兆豐98購01  ,0,0,0,0,0,0,0,0,0,-72000,0,0,0,9000,81000,-72000,-72000
059965,鴻海凱基99購16  ,0,0,0,0,0,0,0,0,0,-72000,0,0,0,18000,90000,-72000,-72000
061150,國巨群益9A購09  ,0,0,0,0,0,0,0,0,0,-73000,0,0,0,0,73000,-73000,-73000
060829,T50反1國票9A購06,0,0,0,0,0,0,0,0,0,-73000,0,0,0,30000,103000,-73000,-73000
060731,奇力新群益9A購01,0,0,0,0,0,0,0,0,0,-73000,0,0,0,17000,90000,-73000,-73000
054442,啟碁台新96購01  ,0,0,0,0,0,0,0,0,0,-73000,0,0,0,0,73000,-73000,-73000
050252,聯發科國泰95購01,0,0,0,0,0,0,0,0,0,-73000,0,0,0,0,73000,-73000,-73000
059130,台灣50群益9B購05,0,0,0,0,0,0,0,0,0,-73000,0,0,0,0,73000,-73000,-73000
054772,康控國票98購02  ,0,0,0,0,0,0,0,0,0,-73000,0,0,0,7000,80000,-73000,-73000
053658,亞光凱基96購01  ,0,0,0,0,0,0,0,0,0,-73000,0,0,0,34000,107000,-73000,-73000
059957,中信金康和99購01,0,0,0,0,0,0,0,0,0,-73000,0,0,0,21000,94000,-73000,-73000
059613,泰鼎永豐99購02  ,0,0,0,0,0,0,0,0,0,-73000,0,0,0,1000,74000,-73000,-73000
056304,創意元大97購03  ,0,0,0,0,0,0,0,0,0,-73000,0,0,0,87000,160000,-73000,-73000
05637P,聯電元大96售04  ,0,0,0,0,0,0,0,0,0,-73000,0,0,0,18000,91000,-73000,-73000
056784,南亞科群益98購01,0,0,0,0,0,0,0,0,0,-73000,0,0,0,98000,171000,-73000,-73000
057258,中環兆豐98購01  ,0,0,0,0,0,0,0,0,0,-73000,0,0,0,2000,75000,-73000,-73000
5519,隆大            ,23000,96000,-73000,0,0,0,0,0,0,0,0,0,0,0,0,0,-73000
060856,健策富邦9B購02  ,0,0,0,0,0,0,0,0,0,-74000,0,0,0,22000,96000,-74000,-74000
2030,彰源            ,43000,117000,-74000,0,0,0,0,0,0,0,0,0,0,0,0,0,-74000
07652P,臺股指中信9A售07,0,0,0,0,0,0,0,0,0,-74000,0,0,0,81000,155000,-74000,-74000
07312P,台灣50元大99售10,0,0,0,0,0,0,0,0,0,-74000,0,0,0,242000,316000,-74000,-74000
07404P,華新科凱基99售10,0,0,0,0,0,0,0,0,0,-74000,0,0,0,52000,126000,-74000,-74000
059123,訊芯永豐99購03  ,0,0,0,0,0,0,0,0,0,-74000,0,0,0,198000,272000,-74000,-74000
1437,勤益控          ,15000,90000,-75000,0,0,0,0,0,0,0,0,0,0,0,0,0,-75000
060708,康友富邦9B購01  ,0,0,0,0,0,0,0,0,0,-75000,0,0,0,0,75000,-75000,-75000
060794,景碩永豐9A購02  ,0,0,0,0,0,0,0,0,0,-75000,0,0,0,0,75000,-75000,-75000
060052,宏碁凱基99購01  ,0,0,0,0,0,0,0,0,0,-75000,0,0,0,146000,221000,-75000,-75000
054271,中石化中信99購01,0,0,0,0,0,0,0,0,0,-75000,0,0,0,0,75000,-75000,-75000
051423,GIS國票97購01   ,0,0,0,0,0,0,0,0,0,-75000,0,0,0,0,75000,-75000,-75000
051460,S&P反1國泰97購01,0,0,0,0,0,0,0,0,0,-75000,0,0,0,55000,130000,-75000,-75000
052490,禾伸堂國票95購01,0,0,0,0,0,0,0,0,0,-75000,0,0,0,0,75000,-75000,-75000
058133,華新科元大9A購02,0,0,0,0,0,0,0,0,0,-75000,0,0,0,42000,117000,-75000,-75000
057736,鴻海富邦99購04  ,0,0,0,0,0,0,0,0,0,-75000,0,0,0,1000,76000,-75000,-75000
057776,京元電群益98購02,0,0,0,0,0,0,0,0,0,-75000,0,0,0,0,75000,-75000,-75000
057927,勤誠凱基98購01  ,0,0,0,0,0,0,0,0,0,-75000,0,0,0,30000,105000,-75000,-75000
058250,台虹元大99購01  ,0,0,0,0,0,0,0,0,0,-75000,0,0,0,0,75000,-75000,-75000
058264,瑞昱永豐99購01  ,0,0,0,0,0,0,0,0,0,-75000,0,0,0,39000,114000,-75000,-75000
058975,台灣50凱基01購02,0,0,0,0,0,0,0,0,0,-75000,0,0,0,1000,76000,-75000,-75000
058733,同欣電永豐99購02,0,0,0,0,0,0,0,0,0,-75000,0,0,0,4000,79000,-75000,-75000
059912,國巨元大99購28  ,0,0,0,0,0,0,0,0,0,-75000,0,0,0,13000,88000,-75000,-75000
2609,陽明            ,114000,189000,-75000,0,0,0,0,0,0,0,0,0,0,0,0,0,-75000
061008,群創兆豐9A購02  ,0,0,0,0,0,0,0,0,0,-76000,0,0,0,20000,96000,-76000,-76000
07370P,南亞科凱基99售08,0,0,0,0,0,0,0,0,0,-76000,0,0,0,51000,127000,-76000,-76000
057623,友訊國泰99購01  ,0,0,0,0,0,0,0,0,0,-76000,0,0,0,0,76000,-76000,-76000
056481,創意元大98購01  ,0,0,0,0,0,0,0,0,0,-76000,0,0,0,13000,89000,-76000,-76000
058626,瑞昱國票9A購01  ,0,0,0,0,0,0,0,0,0,-76000,0,0,0,0,76000,-76000,-76000
057388,奇鋐永豐98購02  ,0,0,0,0,0,0,0,0,0,-76000,0,0,0,0,76000,-76000,-76000
057055,立積元大99購01  ,0,0,0,0,0,0,0,0,0,-76000,0,0,0,124000,200000,-76000,-76000
058091,欣興元大99購03  ,0,0,0,0,0,0,0,0,0,-76000,0,0,0,5000,81000,-76000,-76000
6451,訊芯-KY         ,242000,300000,-58000,0,0,0,0,0,0,-18000,2000,3000,-1000,6000,23000,-17000,-76000
07373P,A50正2元大99售01,0,0,0,0,0,0,0,0,0,-77000,0,0,0,23000,100000,-77000,-77000
061307,和潤永豐9A購02  ,0,0,0,0,0,0,0,0,0,-77000,0,0,0,0,77000,-77000,-77000
060229,楠梓電元大9C購01,0,0,0,0,0,0,0,0,0,-77000,0,0,0,25000,102000,-77000,-77000
052423,宏達電國票96購02,0,0,0,0,0,0,0,0,0,-77000,0,0,0,19000,96000,-77000,-77000
054418,茂林元大97購01  ,0,0,0,0,0,0,0,0,0,-77000,0,0,0,0,77000,-77000,-77000
055261,帆宣統一98購01  ,0,0,0,0,0,0,0,0,0,-77000,0,0,0,0,77000,-77000,-77000
054767,日電貿國票98購01,0,0,0,0,0,0,0,0,0,-77000,0,0,0,0,77000,-77000,-77000
057087,台郡統一99購01  ,0,0,0,0,0,0,0,0,0,-77000,0,0,0,0,77000,-77000,-77000
057904,矽力永豐98購01  ,0,0,0,0,0,0,0,0,0,-77000,0,0,0,0,77000,-77000,-77000
056558,台達電群益98購01,0,0,0,0,0,0,0,0,0,-77000,0,0,0,46000,123000,-77000,-77000
060806,華新科群益9A購03,0,0,0,0,0,0,0,0,0,-78000,0,0,0,0,78000,-78000,-78000
060874,中鋼中信02購01  ,0,0,0,0,0,0,0,0,0,-78000,0,0,0,0,78000,-78000,-78000
060907,金像電元大9A購02,0,0,0,0,0,0,0,0,0,-78000,0,0,0,27000,105000,-78000,-78000
055806,致新永豐97購02  ,0,0,0,0,0,0,0,0,0,-78000,0,0,0,0,78000,-78000,-78000
057614,華新科元富99購04,0,0,0,0,0,0,0,0,0,-78000,0,0,0,10000,88000,-78000,-78000
056143,訊芯元大97購04  ,0,0,0,0,0,0,0,0,0,-78000,0,0,0,0,78000,-78000,-78000
055974,上銀統一97購05  ,0,0,0,0,0,0,0,0,0,-78000,0,0,0,0,78000,-78000,-78000
061024,南電國泰9B購01  ,0,0,0,0,0,0,0,0,0,-79000,0,0,0,524000,603000,-79000,-79000
060658,台灣50凱基01購04,0,0,0,0,0,0,0,0,0,-79000,0,0,0,106000,185000,-79000,-79000
052823,創意永豐96購02  ,0,0,0,0,0,0,0,0,0,-79000,0,0,0,13000,92000,-79000,-79000
052513,大立光凱基95購13,0,0,0,0,0,0,0,0,0,-79000,0,0,0,0,79000,-79000,-79000
049255,旺宏元大97購02  ,0,0,0,0,0,0,0,0,0,-79000,0,0,0,21000,100000,-79000,-79000
054693,神基永豐97購01  ,0,0,0,0,0,0,0,0,0,-79000,0,0,0,2000,81000,-79000,-79000
053725,晶相光凱基96購01,0,0,0,0,0,0,0,0,0,-79000,0,0,0,16000,95000,-79000,-79000
058452,義隆永豐99購02  ,0,0,0,0,0,0,0,0,0,-79000,0,0,0,46000,125000,-79000,-79000
056521,群創日盛98購01  ,0,0,0,0,0,0,0,0,0,-79000,0,0,0,1000,80000,-79000,-79000
059806,聯發科元富99購08,0,0,0,0,0,0,0,0,0,-79000,0,0,0,1000,80000,-79000,-79000
2444,兆勁            ,3000,82000,-79000,0,0,0,0,0,0,0,0,0,0,0,0,0,-79000
060534,友達麥證9A購01  ,0,0,0,0,80000,-80000,0,0,0,-80000,0,0,0,0,80000,-80000,-80000
061048,國巨中信9A購05  ,0,0,0,0,0,0,0,0,0,-80000,0,0,0,0,80000,-80000,-80000
061077,國巨兆豐9B購01  ,0,0,0,0,0,0,0,0,0,-80000,0,0,0,0,80000,-80000,-80000
060888,金像電統一9C購01,0,0,0,0,0,0,0,0,0,-80000,0,0,0,3000,83000,-80000,-80000
07081P,南電群益9A售01  ,0,0,0,0,0,0,0,0,0,-80000,0,0,0,0,80000,-80000,-80000
054071,泰鼎國泰97購02  ,0,0,0,0,0,0,0,0,0,-80000,0,0,0,37000,117000,-80000,-80000
053103,瀚宇博元富96購01,0,0,0,0,0,0,0,0,0,-80000,0,0,0,0,80000,-80000,-80000
059432,聯發科元大99購26,0,0,0,0,0,0,0,0,0,-80000,0,0,0,50000,130000,-80000,-80000
059434,全新元大99購05  ,0,0,0,0,0,0,0,0,0,-80000,0,0,0,7000,87000,-80000,-80000
055707,聯鈞永豐98購01  ,0,0,0,0,0,0,0,0,0,-80000,0,0,0,0,80000,-80000,-80000
055528,華邦電群益97購01,0,0,0,0,0,0,0,0,0,-80000,0,0,0,0,80000,-80000,-80000
051570,和碩富邦97購01  ,0,0,0,0,0,0,0,0,0,-80000,0,0,0,0,80000,-80000,-80000
046906,新光金凱基99購02,0,0,0,0,0,0,0,0,0,-80000,0,0,0,0,80000,-80000,-80000
047418,智邦富邦97購01  ,0,0,0,0,0,0,0,0,0,-80000,0,0,0,30000,110000,-80000,-80000
051828,微星元大95購03  ,0,0,0,0,0,0,0,0,0,-80000,0,0,0,0,80000,-80000,-80000
050459,台表科元大94購03,0,0,0,0,0,0,0,0,0,-80000,0,0,0,0,80000,-80000,-80000
050580,強茂國票95購01  ,0,0,0,0,0,0,0,0,0,-80000,0,0,0,0,80000,-80000,-80000
056533,友達凱基9A購02  ,0,0,0,0,0,0,0,0,0,-80000,0,0,0,0,80000,-80000,-80000
057465,智易永豐98購02  ,0,0,0,0,0,0,0,0,0,-80000,0,0,0,0,80000,-80000,-80000
059700,鴻海凱基9A購16  ,0,0,0,0,0,0,0,0,0,-80000,0,0,0,3000,83000,-80000,-80000
058646,聯茂富邦9A購01  ,0,0,0,0,0,0,0,0,0,-80000,0,0,0,40000,120000,-80000,-80000
057243,樺漢凱基99購01  ,0,0,0,0,0,0,0,0,0,-80000,0,0,0,0,80000,-80000,-80000
057189,康控元大98購02  ,0,0,0,0,0,0,0,0,0,-80000,0,0,0,17000,97000,-80000,-80000
056996,矽力日盛99購01  ,0,0,0,0,0,0,0,0,0,-80000,0,0,0,0,80000,-80000,-80000
060934,台汽電永豐9A購02,0,0,0,0,0,0,0,0,0,-81000,0,0,0,0,81000,-81000,-81000
052068,瑞儀兆豐96購01  ,0,0,0,0,0,0,0,0,0,-81000,0,0,0,0,81000,-81000,-81000
05565P,鎧勝元大96售01  ,0,0,0,0,0,0,0,0,0,-81000,0,0,0,32000,113000,-81000,-81000
057699,可成群益9A購02  ,0,0,0,0,0,0,0,0,0,-81000,0,0,0,0,81000,-81000,-81000
056786,亞光群益98購03  ,0,0,0,0,0,0,0,0,0,-81000,0,0,0,0,81000,-81000,-81000
056921,京元電兆豐98購01,0,0,0,0,0,0,0,0,0,-81000,0,0,0,257000,338000,-81000,-81000
059359,精元永豐99購01  ,0,0,0,0,0,0,0,0,0,-81000,0,0,0,15000,96000,-81000,-81000
059023,可成統一9B購02  ,0,0,0,0,0,0,0,0,0,-81000,0,0,0,1000,82000,-81000,-81000
060912,華新科元大9A購10,0,0,0,0,0,0,0,0,0,-82000,0,0,0,20000,102000,-82000,-82000
060265,宏達電國票9A購02,0,0,0,0,0,0,0,0,0,-82000,0,0,0,12000,94000,-82000,-82000
059319,台光電元大99購04,0,0,0,0,0,0,0,0,0,-82000,0,0,0,31000,113000,-82000,-82000
059254,台表科凱基9A購02,0,0,0,0,0,0,0,0,0,-82000,0,0,0,29000,111000,-82000,-82000
056231,嘉聯益凱基97購02,0,0,0,0,0,0,0,0,0,-82000,0,0,0,2000,84000,-82000,-82000
058656,燿華中信99購01  ,0,0,0,0,0,0,0,0,0,-82000,0,0,0,0,82000,-82000,-82000
059702,台積電凱基9A購14,0,0,0,0,0,0,0,0,0,-82000,0,0,0,6000,88000,-82000,-82000
057110,立積群益98購01  ,0,0,0,0,0,0,0,0,0,-82000,0,0,0,20000,102000,-82000,-82000
058147,鈺齊元大99購01  ,0,0,0,0,0,0,0,0,0,-82000,0,0,0,0,82000,-82000,-82000
057324,億光群益98購01  ,0,0,0,0,0,0,0,0,0,-82000,0,0,0,4000,86000,-82000,-82000
060456,正隆元大9A購01  ,0,0,0,0,0,0,0,0,0,-83000,0,0,0,0,83000,-83000,-83000
060697,鴻海國泰9C購01  ,0,0,0,0,0,0,0,0,0,-83000,0,0,0,9000,92000,-83000,-83000
060685,康友元大9A購01  ,0,0,0,0,0,0,0,0,0,-83000,0,0,0,0,83000,-83000,-83000
07482P,南亞科元富9A售04,0,0,0,0,0,0,0,0,0,-83000,0,0,0,134000,217000,-83000,-83000
055842,建準元大98購01  ,0,0,0,0,0,0,0,0,0,-83000,0,0,0,0,83000,-83000,-83000
057074,立積永豐98購01  ,0,0,0,0,0,0,0,0,0,-83000,0,0,0,47000,130000,-83000,-83000
05994P,奇鋐元大96售02  ,0,0,0,0,0,0,0,0,0,-83000,0,0,0,42000,125000,-83000,-83000
058507,美律元大9A購01  ,0,0,0,0,0,0,0,0,0,-83000,0,0,0,77000,160000,-83000,-83000
056629,昇陽半永豐98購01,0,0,0,0,0,0,0,0,0,-83000,0,0,0,67000,150000,-83000,-83000
07405P,大立光凱基99售17,0,0,0,0,0,0,0,0,0,-84000,0,0,0,13000,97000,-84000,-84000
060865,創意永豐9A購01  ,0,0,0,0,0,0,0,0,0,-84000,0,0,0,19000,103000,-84000,-84000
060385,台勝科凱基9A購01,0,0,0,0,0,0,0,0,0,-84000,0,0,0,323000,407000,-84000,-84000
060635,義隆永豐9A購01  ,0,0,0,0,0,0,0,0,0,-84000,0,0,0,305000,389000,-84000,-84000
049973,T50反1日盛9A購01,0,0,0,0,0,0,0,0,0,-84000,0,0,0,0,84000,-84000,-84000
054694,聯鈞永豐97購01  ,0,0,0,0,0,0,0,0,0,-84000,0,0,0,0,84000,-84000,-84000
057725,台達電國泰9A購01,0,0,0,0,0,0,0,0,0,-84000,0,0,0,191000,275000,-84000,-84000
058374,玉晶光凱基9A購03,0,0,0,0,0,0,0,0,0,-84000,0,0,0,0,84000,-84000,-84000
056689,玉晶光統一9A購03,0,0,0,0,0,0,0,0,0,-84000,0,0,0,12000,96000,-84000,-84000
3346,麗清            ,25000,74000,-49000,0,0,0,0,0,0,-35000,0,35000,-35000,0,0,0,-84000
060653,全新群益9A購02  ,0,0,0,0,0,0,0,0,0,-85000,0,0,0,8000,93000,-85000,-85000
060617,華新科元大9A購08,0,0,0,0,0,0,0,0,0,-85000,0,0,0,35000,120000,-85000,-85000
060423,智易永豐9A購01  ,0,0,0,0,0,0,0,0,0,-85000,0,0,0,1000,86000,-85000,-85000
060433,億豐永豐9A購01  ,0,0,0,0,0,0,0,0,0,-85000,0,0,0,35000,120000,-85000,-85000
2101,南港            ,193000,260000,-67000,0,0,0,0,0,0,-18000,0,1000,-1000,51000,68000,-17000,-85000
054744,晶相光凱基99購01,0,0,0,0,0,0,0,0,0,-85000,0,0,0,198000,283000,-85000,-85000
054491,瀚宇博台新96購02,0,0,0,0,0,0,0,0,0,-85000,0,0,0,0,85000,-85000,-85000
048270,T50反1富邦99購01,0,0,0,0,0,0,0,0,0,-85000,0,0,0,362000,447000,-85000,-85000
056723,國巨中信9A購01  ,0,0,0,0,0,0,0,0,0,-85000,0,0,0,0,85000,-85000,-85000
050721,台泥國票94購01  ,0,0,0,0,0,0,0,0,0,-86000,0,0,0,0,86000,-86000,-86000
055674,南港康和97購02  ,0,0,0,0,0,0,0,0,0,-86000,0,0,0,0,86000,-86000,-86000
057982,帆宣永豐98購01  ,0,0,0,0,0,0,0,0,0,-86000,0,0,0,0,86000,-86000,-86000
057903,聯鈞永豐99購01  ,0,0,0,0,0,0,0,0,0,-86000,0,0,0,2000,88000,-86000,-86000
056124,華通國票98購02  ,0,0,0,0,0,0,0,0,0,-86000,0,0,0,100000,186000,-86000,-86000
2505,國揚            ,196000,314000,-118000,0,0,0,1306,0,1306,30000,0,0,0,30000,0,30000,-86694
1310,台苯            ,255000,340000,-85000,0,0,0,0,2000,-2000,0,0,0,0,0,0,0,-87000
060639,玉晶光永豐9A購05,0,0,0,0,0,0,0,0,0,-87000,0,0,0,2000,89000,-87000,-87000
060983,南亞科元大9A購06,0,0,0,0,0,0,0,0,0,-87000,0,0,0,0,87000,-87000,-87000
053672,嘉澤元富96購02  ,0,0,0,0,0,0,0,0,0,-87000,0,0,0,312000,399000,-87000,-87000
03675C,臺股指元大04牛02,0,0,0,0,0,0,0,0,0,-87000,0,0,0,1000,88000,-87000,-87000
057128,台光電凱基98購03,0,0,0,0,0,0,0,0,0,-87000,0,0,0,0,87000,-87000,-87000
059527,聯發科凱基99購16,0,0,0,0,0,0,0,0,0,-87000,0,0,0,6000,93000,-87000,-87000
056567,瀚宇博群益98購02,0,0,0,0,0,0,0,0,0,-87000,0,0,0,0,87000,-87000,-87000
060676,京元電元大9A購03,0,0,0,0,0,0,0,0,0,-88000,0,0,0,0,88000,-88000,-88000
060100,新光金元大9C購01,0,0,0,0,0,0,0,0,0,-88000,0,0,0,0,88000,-88000,-88000
07191P,台積電元大99售32,0,0,0,0,0,0,0,0,0,-88000,0,0,0,0,88000,-88000,-88000
055620,樺漢國票98購01  ,0,0,0,0,0,0,0,0,0,-88000,0,0,0,18000,106000,-88000,-88000
055240,京元電元富97購01,0,0,0,0,0,0,0,0,0,-88000,0,0,0,51000,139000,-88000,-88000
059619,台積電日盛9A購04,0,0,0,0,0,0,0,0,0,-88000,0,0,0,24000,112000,-88000,-88000
059851,晶相光永豐99購02,0,0,0,0,0,0,0,0,0,-88000,0,0,0,13000,101000,-88000,-88000
058844,元油2X群益9C購03,0,0,0,0,0,0,0,0,0,-88000,0,0,0,10000,98000,-88000,-88000
059368,T50正2元富99購02,0,0,0,0,0,0,0,0,0,-88000,0,0,0,1000,89000,-88000,-88000
056939,康控元富98購01  ,0,0,0,0,0,0,0,0,0,-88000,0,0,0,444000,532000,-88000,-88000
057401,晶豪科群益99購01,0,0,0,0,0,0,0,0,0,-88000,0,0,0,3000,91000,-88000,-88000
2301,光寶科          ,4495000,4663000,-168000,0,0,0,62000,1000,61000,18000,72000,27000,45000,0,27000,-27000,-89000
060364,奇力新元富9A購01,0,0,0,0,0,0,0,0,0,-89000,0,0,0,87000,176000,-89000,-89000
060855,華新科富邦01購01,0,0,0,0,0,0,0,0,0,-89000,0,0,0,97000,186000,-89000,-89000
055687,瀚宇博凱基97購01,0,0,0,0,0,0,0,0,0,-89000,0,0,0,0,89000,-89000,-89000
057257,台泥兆豐99購01  ,0,0,0,0,0,0,0,0,0,-89000,0,0,0,0,89000,-89000,-89000
058923,華新科元富99購06,0,0,0,0,0,0,0,0,0,-89000,0,0,0,80000,169000,-89000,-89000
058933,FBVIX台新9B購01 ,0,0,0,0,0,0,0,0,0,-89000,0,0,0,1000,90000,-89000,-89000
059908,元金2X元大99購01,0,0,0,0,0,0,0,0,0,-89000,0,0,0,203000,292000,-89000,-89000
059994,國巨元富99購01  ,0,0,0,0,0,0,0,0,0,-89000,0,0,0,0,89000,-89000,-89000
057619,玉晶光凱基98購02,0,0,0,0,0,0,0,0,0,-89000,0,0,0,73000,162000,-89000,-89000
059720,台積電元大99購43,0,0,0,0,0,0,0,0,0,-89000,0,0,0,18000,107000,-89000,-89000
05647P,聯發科國票97售02,0,0,0,0,0,0,0,0,0,-89000,0,0,0,20000,109000,-89000,-89000
3669,圓展            ,422000,511000,-89000,0,0,0,0,0,0,0,0,0,0,0,0,0,-89000
8454,富邦媒          ,46000,132700,-86700,0,0,0,0,0,0,-3000,0,3000,-3000,0,0,0,-89700
060955,大立光群益9A購02,0,0,0,0,0,0,0,0,0,-90000,0,0,0,0,90000,-90000,-90000
06208P,台郡凱基97售03  ,0,0,0,0,0,0,0,0,0,-90000,0,0,0,0,90000,-90000,-90000
1312,國喬            ,928000,1015000,-87000,0,0,0,0,1000,-1000,-2000,0,2000,-2000,0,0,0,-90000
06928P,鴻海元大99售10  ,0,0,0,0,0,0,0,0,0,-90000,0,0,0,34000,124000,-90000,-90000
055736,宏達電元富99購01,0,0,0,0,0,0,0,0,0,-90000,0,0,0,30000,120000,-90000,-90000
055354,宏達電凱基98購01,0,0,0,0,0,0,0,0,0,-90000,0,0,0,0,90000,-90000,-90000
053292,美律中信98購01  ,0,0,0,0,0,0,0,0,0,-90000,0,0,0,10000,100000,-90000,-90000
055037,宏盛富邦99購01  ,0,0,0,0,0,0,0,0,0,-90000,0,0,0,0,90000,-90000,-90000
053962,聯茂永豐96購01  ,0,0,0,0,0,0,0,0,0,-90000,0,0,0,0,90000,-90000,-90000
053632,新唐兆豐96購01  ,0,0,0,0,0,0,0,0,0,-90000,0,0,0,0,90000,-90000,-90000
052077,可成元富98購02  ,0,0,0,0,0,0,0,0,0,-90000,0,0,0,0,90000,-90000,-90000
059517,茂林永豐99購02  ,0,0,0,0,0,0,0,0,0,-90000,0,0,0,10000,100000,-90000,-90000
056733,國巨凱基98購10  ,0,0,0,0,0,0,0,0,0,-90000,0,0,0,0,90000,-90000,-90000
057044,旺宏元大98購08  ,0,0,0,0,0,0,0,0,0,-90000,0,0,0,118000,208000,-90000,-90000
07670P,茂林元大9A售02  ,0,0,0,0,0,0,0,0,0,-91000,0,0,0,104000,195000,-91000,-91000
060804,T50反1群益9A購02,0,0,0,0,0,0,0,0,0,-91000,0,0,0,44000,135000,-91000,-91000
050615,奇力新元大95購03,0,0,0,0,0,0,0,0,0,-91000,0,0,0,0,91000,-91000,-91000
054323,旺宏台新96購02  ,0,0,0,0,0,0,0,0,0,-91000,0,0,0,11000,102000,-91000,-91000
053486,T50反1兆豐96購01,0,0,0,0,0,0,0,0,0,-91000,0,0,0,476000,567000,-91000,-91000
059165,南亞科凱基99購04,0,0,0,0,0,0,0,0,0,-91000,0,0,0,0,91000,-91000,-91000
05708P,奇力新國票97售04,0,0,0,0,0,0,0,0,0,-91000,0,0,0,81000,172000,-91000,-91000
6213,聯茂            ,831000,505844,325156,0,0,0,348000,595000,-247000,-170000,76000,249000,-173000,24000,21000,3000,-91844
060818,上銀統一9C購01  ,0,0,0,0,0,0,0,0,0,-92000,0,0,0,11000,103000,-92000,-92000
061050,康友中信9A購01  ,0,0,0,0,0,0,0,0,0,-92000,0,0,0,0,92000,-92000,-92000
060087,鴻海元大99購43  ,0,0,0,0,0,0,0,0,0,-92000,0,0,0,0,92000,-92000,-92000
060322,卜蜂群益9A購01  ,0,0,0,0,0,0,0,0,0,-92000,0,0,0,3000,95000,-92000,-92000
07359P,台積電元大99售45,0,0,0,0,0,0,0,0,0,-92000,0,0,0,80000,172000,-92000,-92000
059297,大立光元富9C購01,0,0,0,0,0,0,0,0,0,-92000,0,0,0,71000,163000,-92000,-92000
053403,彩晶群益98購01  ,0,0,0,0,0,0,0,0,0,-92000,0,0,0,58000,150000,-92000,-92000
053326,瀚宇博台新96購01,0,0,0,0,0,0,0,0,0,-92000,0,0,0,75000,167000,-92000,-92000
050846,緯創國票96購01  ,0,0,0,0,0,0,0,0,0,-92000,0,0,0,28000,120000,-92000,-92000
050167,T50反1富邦96購01,0,0,0,0,0,0,0,0,0,-92000,0,0,0,8000,100000,-92000,-92000
046928,奇鋐富邦97購01  ,0,0,0,0,0,0,0,0,0,-92000,0,0,0,8000,100000,-92000,-92000
059955,美食康和99購01  ,0,0,0,0,0,0,0,0,0,-92000,0,0,0,3000,95000,-92000,-92000
4306,炎洲            ,61000,168000,-107000,0,0,0,0,0,0,15000,21000,6000,15000,0,0,0,-92000
06515P,國巨凱基98售06  ,0,0,0,0,0,0,0,0,0,-93000,0,0,0,301000,394000,-93000,-93000
060523,鴻海中信9C購03  ,0,0,0,0,0,0,0,0,0,-93000,0,0,0,0,93000,-93000,-93000
059938,凱美永豐99購01  ,0,0,0,0,0,0,0,0,0,-93000,0,0,0,0,93000,-93000,-93000
056677,智伸科元富98購01,0,0,0,0,0,0,0,0,0,-93000,0,0,0,21000,114000,-93000,-93000
056267,文曄統一97購02  ,0,0,0,0,0,0,0,0,0,-93000,0,0,0,0,93000,-93000,-93000
2637,慧洋-KY         ,130000,250000,-120000,0,0,0,0,0,0,27000,13000,0,13000,14000,0,14000,-93000
052691,GIS元大96購01   ,0,0,0,0,0,0,0,0,0,-94000,0,0,0,98000,192000,-94000,-94000
052587,景碩永豐97購01  ,0,0,0,0,0,0,0,0,0,-94000,0,0,0,6000,100000,-94000,-94000
053488,中石化兆豐97購01,0,0,0,0,0,0,0,0,0,-94000,0,0,0,0,94000,-94000,-94000
059911,國巨元大99購27  ,0,0,0,0,0,0,0,0,0,-94000,0,0,0,123000,217000,-94000,-94000
057299,立積永豐98購02  ,0,0,0,0,0,0,0,0,0,-94000,0,0,0,90000,184000,-94000,-94000
056121,勤誠群益97購01  ,0,0,0,0,0,0,0,0,0,-94000,0,0,0,0,94000,-94000,-94000
060546,旺宏凱基9A購02  ,0,0,0,0,0,0,0,0,0,-95000,0,0,0,0,95000,-95000,-95000
060714,晶技永豐9A購02  ,0,0,0,0,0,0,0,0,0,-95000,0,0,0,8000,103000,-95000,-95000
053151,華新科元大96購04,0,0,0,0,0,0,0,0,0,-95000,0,0,0,0,95000,-95000,-95000
054819,裕民元大9A購01  ,0,0,0,0,0,0,0,0,0,-95000,0,0,0,507000,602000,-95000,-95000
054710,東元元富97購01  ,0,0,0,0,0,0,0,0,0,-95000,0,0,0,32000,127000,-95000,-95000
052908,大成鋼統一96購01,0,0,0,0,0,0,0,0,0,-95000,0,0,0,12000,107000,-95000,-95000
059456,智易永豐99購01  ,0,0,0,0,0,0,0,0,0,-95000,0,0,0,2000,97000,-95000,-95000
059440,康控元大9B購01  ,0,0,0,0,0,0,0,0,0,-95000,0,0,0,70000,165000,-95000,-95000
055324,TPK國票98購03   ,0,0,0,0,0,0,0,0,0,-95000,0,0,0,0,95000,-95000,-95000
050955,達方群益97購01  ,0,0,0,0,0,0,0,0,0,-95000,0,0,0,5000,100000,-95000,-95000
054147,GIS元大96購02   ,0,0,0,0,0,0,0,0,0,-95000,0,0,0,0,95000,-95000,-95000
057328,京鼎群益99購02  ,0,0,0,0,0,0,0,0,0,-95000,0,0,0,3000,98000,-95000,-95000
057780,台郡群益98購02  ,0,0,0,0,0,0,0,0,0,-95000,0,0,0,175000,270000,-95000,-95000
05807P,泰鼎永豐96售03  ,0,0,0,0,0,0,0,0,0,-95000,0,0,0,6000,101000,-95000,-95000
056714,晶相光永豐98購02,0,0,0,0,0,0,0,0,0,-95000,0,0,0,22000,117000,-95000,-95000
059832,超眾康和99購01  ,0,0,0,0,0,0,0,0,0,-95000,0,0,0,27000,122000,-95000,-95000
059813,滬深2X凱基9B購01,0,0,0,0,0,0,0,0,0,-95000,0,0,0,5000,100000,-95000,-95000
4555,氣立            ,9000,104000,-95000,0,0,0,0,0,0,0,0,0,0,0,0,0,-95000
060675,南亞科元大9A購02,0,0,0,0,0,0,0,0,0,-96000,0,0,0,0,96000,-96000,-96000
060775,世芯凱基9A購02  ,0,0,0,0,0,0,0,0,0,-96000,0,0,0,295000,391000,-96000,-96000
060649,國巨第一9A購01  ,0,0,0,0,0,0,0,0,0,-96000,0,0,0,20000,116000,-96000,-96000
060386,台勝科凱基9B購01,0,0,0,0,0,0,0,0,0,-96000,0,0,0,35000,131000,-96000,-96000
052104,英業達兆豐96購01,0,0,0,0,0,0,0,0,0,-96000,0,0,0,63000,159000,-96000,-96000
057203,麗豐元富98購02  ,0,0,0,0,0,0,0,0,0,-96000,0,0,0,98000,194000,-96000,-96000
060677,京元電元大9A購04,0,0,0,0,0,0,0,0,0,-97000,0,0,0,92000,189000,-97000,-97000
00646,元大S&P500      ,146000,23000,123000,0,0,0,0,0,0,-220000,10000,0,10000,338000,568000,-230000,-97000
053973,晶豪科元大96購01,0,0,0,0,0,0,0,0,0,-97000,0,0,0,157000,254000,-97000,-97000
055912,宏達電凱基98購03,0,0,0,0,0,0,0,0,0,-97000,0,0,0,25000,122000,-97000,-97000
059928,道瓊銀富邦03購01,0,0,0,0,0,0,0,0,0,-97000,0,0,0,103000,200000,-97000,-97000
060681,華擎元大9A購02  ,0,0,0,0,0,0,0,0,0,-98000,0,0,0,60000,158000,-98000,-98000
06085P,義隆台新97售01  ,0,0,0,0,0,0,0,0,0,-98000,0,0,0,98000,196000,-98000,-98000
060430,和潤永豐9A購01  ,0,0,0,0,0,0,0,0,0,-98000,0,0,0,22000,120000,-98000,-98000
07104P,聯發科元富99售04,0,0,0,0,0,0,0,0,0,-98000,0,0,0,2000,100000,-98000,-98000
053895,智易群益96購02  ,0,0,0,0,0,0,0,0,0,-98000,0,0,0,0,98000,-98000,-98000
059461,鈺齊永豐99購03  ,0,0,0,0,0,0,0,0,0,-98000,0,0,0,0,98000,-98000,-98000
057621,崇越凱基98購01  ,0,0,0,0,0,0,0,0,0,-98000,0,0,0,0,98000,-98000,-98000
057228,友達凱基9B購01  ,0,0,0,0,0,0,0,0,0,-98000,0,0,0,0,98000,-98000,-98000
2838,聯邦銀          ,137000,235000,-98000,0,0,0,0,0,0,0,0,0,0,0,0,0,-98000
060557,南電凱基9A購02  ,0,0,0,0,0,0,0,0,0,-99000,0,0,0,1000,100000,-99000,-99000
060880,中壽中信9C購01  ,0,0,0,0,0,0,0,0,0,-99000,0,0,0,0,99000,-99000,-99000
061125,億光永豐9A購01  ,0,0,0,0,0,0,0,0,0,-99000,0,0,0,20000,119000,-99000,-99000
058008,禾伸堂國票99購02,0,0,0,0,0,0,0,0,0,-99000,0,0,0,5000,104000,-99000,-99000
061087,國巨統一01購04  ,0,0,0,0,0,0,0,0,0,-100000,0,0,0,0,100000,-100000,-100000
060815,茂林凱基9B購01  ,0,0,0,0,0,0,0,0,0,-100000,0,0,0,0,100000,-100000,-100000
060420,神基永豐9A購01  ,0,0,0,0,0,0,0,0,0,-100000,0,0,0,0,100000,-100000,-100000
07234P,台灣50元大9B售04,0,0,0,0,0,0,0,0,0,-100000,0,0,0,0,100000,-100000,-100000
07517P,台積電元大9A售17,0,0,0,0,0,0,0,0,0,-100000,0,0,0,40000,140000,-100000,-100000
1905,華紙            ,209000,309000,-100000,0,0,0,0,0,0,0,0,0,0,0,0,0,-100000
059243,聯發科凱基99購12,0,0,0,0,0,0,0,0,0,-100000,0,0,0,0,100000,-100000,-100000
055078,亞泥中信98購01  ,0,0,0,0,0,0,0,0,0,-100000,0,0,0,0,100000,-100000,-100000
053025,燿華富邦98購02  ,0,0,0,0,0,0,0,0,0,-100000,0,0,0,0,100000,-100000,-100000
054826,復盛元大9A購01  ,0,0,0,0,0,0,0,0,0,-100000,0,0,0,0,100000,-100000,-100000
047420,全新富邦97購01  ,0,0,0,0,0,0,0,0,0,-100000,0,0,0,0,100000,-100000,-100000
04729P,臺股指中信96售01,0,0,0,0,0,0,0,0,0,-100000,0,0,0,0,100000,-100000,-100000
049490,京元電元大95購02,0,0,0,0,0,0,0,0,0,-100000,0,0,0,41000,141000,-100000,-100000
050727,華新科國票94購09,0,0,0,0,0,0,0,0,0,-100000,0,0,0,0,100000,-100000,-100000
054523,GIS元大96購05   ,0,0,0,0,0,0,0,0,0,-100000,0,0,0,0,100000,-100000,-100000
054349,同欣電國票97購02,0,0,0,0,0,0,0,0,0,-100000,0,0,0,0,100000,-100000,-100000
057451,大立光元富9B購01,0,0,0,0,0,0,0,0,0,-100000,0,0,0,0,100000,-100000,-100000
056480,京鼎元大98購02  ,0,0,0,0,0,0,0,0,0,-100000,0,0,0,0,100000,-100000,-100000
057523,大成鋼元大99購01,0,0,0,0,0,0,0,0,0,-100000,0,0,0,160000,260000,-100000,-100000
056488,致新元大99購01  ,0,0,0,0,0,0,0,0,0,-100000,0,0,0,8000,108000,-100000,-100000
059978,國巨元大99購29  ,0,0,0,0,0,0,0,0,0,-100000,0,0,0,32000,132000,-100000,-100000
056280,上証2X永豐98購01,0,0,0,0,0,0,0,0,0,-100000,0,0,0,0,100000,-100000,-100000
058470,台灣50日盛9B購02,0,0,0,0,0,0,0,0,0,-100000,0,0,0,20000,120000,-100000,-100000
058526,鈺齊元大99購02  ,0,0,0,0,0,0,0,0,0,-100000,0,0,0,0,100000,-100000,-100000
061070,超眾凱基9C購01  ,0,0,0,0,0,0,0,0,0,-101000,0,0,0,0,101000,-101000,-101000
053340,建準國票97購01  ,0,0,0,0,0,0,0,0,0,-101000,0,0,0,0,101000,-101000,-101000
056615,燿華永豐98購02  ,0,0,0,0,0,0,0,0,0,-101000,0,0,0,4000,105000,-101000,-101000
059514,嘉澤永豐99購02  ,0,0,0,0,0,0,0,0,0,-101000,0,0,0,14000,115000,-101000,-101000
057775,南亞科群益98購02,0,0,0,0,0,0,0,0,0,-101000,0,0,0,0,101000,-101000,-101000
07694P,超眾元大9A售05  ,0,0,0,0,0,0,0,0,0,-102000,0,0,0,0,102000,-102000,-102000
07219P,臺股指凱基99售32,0,0,0,0,0,0,0,0,0,-102000,0,0,0,25000,127000,-102000,-102000
053492,華邦電兆豐97購01,0,0,0,0,0,0,0,0,0,-102000,0,0,0,0,102000,-102000,-102000
05161P,華新科國票96售01,0,0,0,0,0,0,0,0,0,-102000,0,0,0,136000,238000,-102000,-102000
056416,華新科中信98購01,0,0,0,0,0,0,0,0,0,-102000,0,0,0,10000,112000,-102000,-102000
056366,玉晶光元大99購04,0,0,0,0,0,0,0,0,0,-102000,0,0,0,2000,104000,-102000,-102000
059985,華新科元大99購22,0,0,0,0,0,0,0,0,0,-102000,0,0,0,0,102000,-102000,-102000
07259P,滬深2X國票01售01,0,0,0,0,0,0,0,0,0,-103000,0,0,0,0,103000,-103000,-103000
1477,聚陽            ,709000,600000,109000,0,0,0,0,150000,-150000,-62000,0,56000,-56000,2000,8000,-6000,-103000
061178,晶技凱基9B購01  ,0,0,0,0,0,0,0,0,0,-103000,0,0,0,0,103000,-103000,-103000
060717,康控永豐9A購01  ,0,0,0,0,0,0,0,0,0,-103000,0,0,0,73000,176000,-103000,-103000
060465,聯發科元大9A購02,0,0,0,0,0,0,0,0,0,-103000,0,0,0,0,103000,-103000,-103000
055433,嘉聯益群益99購01,0,0,0,0,0,0,0,0,0,-103000,0,0,0,305000,408000,-103000,-103000
058829,華新科永豐99購04,0,0,0,0,0,0,0,0,0,-103000,0,0,0,280000,383000,-103000,-103000
057001,華邦電國票99購02,0,0,0,0,0,0,0,0,0,-103000,0,0,0,0,103000,-103000,-103000
058262,大立光富邦9C購02,0,0,0,0,0,0,0,0,0,-103000,0,0,0,0,103000,-103000,-103000
057172,南亞科元大98購03,0,0,0,0,0,0,0,0,0,-103000,0,0,0,0,103000,-103000,-103000
3515,華擎            ,616000,1209000,-593000,0,0,0,212116,1000,211116,278000,1000,0,1000,294000,17000,277000,-103884
060666,聯茂凱基9A購02  ,0,0,0,0,0,0,0,0,0,-104000,0,0,0,0,104000,-104000,-104000
060931,GIS永豐9A購01   ,0,0,0,0,0,0,0,0,0,-104000,0,0,0,0,104000,-104000,-104000
061298,華新科富邦01購02,0,0,0,0,0,0,0,0,0,-104000,0,0,0,0,104000,-104000,-104000
047410,上銀元富96購01  ,0,0,0,0,0,0,0,0,0,-104000,0,0,0,1000,105000,-104000,-104000
056314,力成元大97購01  ,0,0,0,0,0,0,0,0,0,-104000,0,0,0,283000,387000,-104000,-104000
058788,喬山元大99購01  ,0,0,0,0,0,0,0,0,0,-104000,0,0,0,6000,110000,-104000,-104000
059956,玉山金康和99購01,0,0,0,0,0,0,0,0,0,-104000,0,0,0,104000,208000,-104000,-104000
059744,禾伸堂元富99購02,0,0,0,0,0,0,0,0,0,-104000,0,0,0,0,104000,-104000,-104000
2615,萬海            ,92000,195000,-103000,0,0,0,0,1000,-1000,0,0,0,0,0,0,0,-104000
061135,聯發科統一9C購03,0,0,0,0,0,0,0,0,0,-105000,0,0,0,0,105000,-105000,-105000
050894,旺宏元大96購03  ,0,0,0,0,0,0,0,0,0,-105000,0,0,0,5000,110000,-105000,-105000
059214,國巨元大99購20  ,0,0,0,0,0,0,0,0,0,-105000,0,0,0,21000,126000,-105000,-105000
053506,南茂兆豐97購01  ,0,0,0,0,0,0,0,0,0,-105000,0,0,0,0,105000,-105000,-105000
054590,嘉聯益國泰98購01,0,0,0,0,0,0,0,0,0,-105000,0,0,0,0,105000,-105000,-105000
059751,華通群益9B購03  ,0,0,0,0,0,0,0,0,0,-105000,0,0,0,61000,166000,-105000,-105000
059907,道瓊指元大99購03,0,0,0,0,0,0,0,0,0,-105000,0,0,0,0,105000,-105000,-105000
058429,欣興元富99購01  ,0,0,0,0,0,0,0,0,0,-105000,0,0,0,0,105000,-105000,-105000
058555,矽創永豐9A購01  ,0,0,0,0,0,0,0,0,0,-105000,0,0,0,0,105000,-105000,-105000
058567,華新科凱基9A購02,0,0,0,0,0,0,0,0,0,-105000,0,0,0,68000,173000,-105000,-105000
056326,TPK兆豐98購01   ,0,0,0,0,0,0,0,0,0,-105000,0,0,0,10000,115000,-105000,-105000
056343,高鐵凱基98購02  ,0,0,0,0,0,0,0,0,0,-105000,0,0,0,0,105000,-105000,-105000
057056,立積元大99購02  ,0,0,0,0,0,0,0,0,0,-105000,0,0,0,31000,136000,-105000,-105000
061004,友達兆豐9A購01  ,0,0,0,0,0,0,0,0,0,-106000,0,0,0,0,106000,-106000,-106000
060629,鴻海富邦9B購01  ,0,0,0,0,0,0,0,0,0,-106000,0,0,0,80000,186000,-106000,-106000
060596,元黃金凱基9A購02,0,0,0,0,0,0,0,0,0,-106000,0,0,0,121000,227000,-106000,-106000
051722,玉晶光永豐97購01,0,0,0,0,0,0,0,0,0,-106000,0,0,0,18000,124000,-106000,-106000
057960,聯鈞元大98購02  ,0,0,0,0,0,0,0,0,0,-106000,0,0,0,103000,209000,-106000,-106000
058732,矽格永豐99購01  ,0,0,0,0,0,0,0,0,0,-106000,0,0,0,0,106000,-106000,-106000
060466,玉山金元大9A購01,0,0,0,0,0,0,0,0,0,-107000,0,0,0,30000,137000,-107000,-107000
060481,巨大元大9A購01  ,0,0,0,0,0,0,0,0,0,-107000,0,0,0,47000,154000,-107000,-107000
060241,國泰金元大9A購01,0,0,0,0,0,0,0,0,0,-107000,0,0,0,7000,114000,-107000,-107000
060204,矽創元富9A購01  ,0,0,0,0,0,0,0,0,0,-107000,0,0,0,88000,195000,-107000,-107000
07520P,臺股指元大9B售11,0,0,0,0,0,0,0,0,0,-107000,0,0,0,108000,215000,-107000,-107000
054265,GIS元大96購03   ,0,0,0,0,0,0,0,0,0,-107000,0,0,0,231000,338000,-107000,-107000
050351,華新科群益95購02,0,0,0,0,0,0,0,0,0,-107000,0,0,0,4000,111000,-107000,-107000
059168,奇力新凱基99購05,0,0,0,0,0,0,0,0,0,-107000,0,0,0,3000,110000,-107000,-107000
2913,農林            ,123000,237000,-114000,0,0,0,0,0,0,7000,7000,0,7000,0,0,0,-107000
060260,京鼎凱基9C購01  ,0,0,0,0,0,0,0,0,0,-108000,0,0,0,50000,158000,-108000,-108000
060646,南電永豐9A購01  ,0,0,0,0,0,0,0,0,0,-108000,0,0,0,21000,129000,-108000,-108000
061194,聯鈞永豐9A購02  ,0,0,0,0,0,0,0,0,0,-108000,0,0,0,0,108000,-108000,-108000
055330,上銀兆豐98購02  ,0,0,0,0,0,0,0,0,0,-108000,0,0,0,17000,125000,-108000,-108000
046791,台郡統一96購01  ,0,0,0,0,0,0,0,0,0,-108000,0,0,0,0,108000,-108000,-108000
045055,聯發科元富98購03,0,0,0,0,0,0,0,0,0,-108000,0,0,0,0,108000,-108000,-108000
058676,聯茂群益99購01  ,0,0,0,0,0,0,0,0,0,-108000,0,0,0,0,108000,-108000,-108000
055937,康舒群益97購01  ,0,0,0,0,0,0,0,0,0,-108000,0,0,0,0,108000,-108000,-108000
045053,聯發科元富98購01,0,0,0,0,0,0,0,0,0,-109000,0,0,0,0,109000,-109000,-109000
051641,矽創國票96購01  ,0,0,0,0,0,0,0,0,0,-109000,0,0,0,33000,142000,-109000,-109000
055510,GIS元大97購03   ,0,0,0,0,0,0,0,0,0,-109000,0,0,0,0,109000,-109000,-109000
053368,京元電富邦98購01,0,0,0,0,0,0,0,0,0,-109000,0,0,0,100000,209000,-109000,-109000
053875,GIS元大97購01   ,0,0,0,0,0,0,0,0,0,-109000,0,0,0,0,109000,-109000,-109000
059355,國巨富邦9B購03  ,0,0,0,0,0,0,0,0,0,-109000,0,0,0,0,109000,-109000,-109000
061284,友達統一9C購01  ,0,0,0,0,0,0,0,0,0,-110000,0,0,0,0,110000,-110000,-110000
061276,T50反1台新9A購03,0,0,0,0,0,0,0,0,0,-110000,0,0,0,0,110000,-110000,-110000
060199,台郡元富9A購01  ,0,0,0,0,0,0,0,0,0,-110000,0,0,0,0,110000,-110000,-110000
1440,南紡            ,300000,410000,-110000,0,0,0,0,0,0,0,0,0,0,0,0,0,-110000
2337,旺宏            ,5203000,7713000,-2510000,0,0,0,677000,142000,535000,1865000,594000,254000,340000,1716000,191000,1525000,-110000
07256P,臺股指凱基99售36,0,0,0,0,0,0,0,0,0,-110000,0,0,0,29000,139000,-110000,-110000
05331P,上証2X國票96售01,0,0,0,0,0,0,0,0,0,-110000,0,0,0,1000,111000,-110000,-110000
054789,高鐵群益98購01  ,0,0,0,0,0,0,0,0,0,-110000,0,0,0,0,110000,-110000,-110000
055963,欣興元大97購04  ,0,0,0,0,0,0,0,0,0,-110000,0,0,0,5000,115000,-110000,-110000
057270,遠東新元大98購01,0,0,0,0,0,0,0,0,0,-110000,0,0,0,5000,115000,-110000,-110000
056163,嘉聯益凱基98購03,0,0,0,0,0,0,0,0,0,-110000,0,0,0,0,110000,-110000,-110000
056178,嘉澤元富97購02  ,0,0,0,0,0,0,0,0,0,-110000,0,0,0,63000,173000,-110000,-110000
056517,茂林兆豐99購01  ,0,0,0,0,0,0,0,0,0,-110000,0,0,0,0,110000,-110000,-110000
060583,南亞科元富9A購05,0,0,0,0,0,0,0,0,0,-111000,0,0,0,31000,142000,-111000,-111000
060474,中租元大9B購01  ,0,0,0,0,0,0,0,0,0,-111000,0,0,0,0,111000,-111000,-111000
00737,國泰AI+Robo     ,0,116000,-116000,0,0,0,0,0,0,5000,0,0,0,57000,52000,5000,-111000
057300,訊連永豐98購01  ,0,0,0,0,0,0,0,0,0,-111000,0,0,0,0,111000,-111000,-111000
056981,全新群益99購03  ,0,0,0,0,0,0,0,0,0,-111000,0,0,0,2000,113000,-111000,-111000
059534,國泰金凱基99購01,0,0,0,0,0,0,0,0,0,-111000,0,0,0,4000,115000,-111000,-111000
060562,旺宏富邦9C購02  ,0,0,0,0,0,0,0,0,0,-112000,0,0,0,12000,124000,-112000,-112000
060640,京鼎永豐9A購01  ,0,0,0,0,0,0,0,0,0,-112000,0,0,0,37000,149000,-112000,-112000
053003,國巨永豐96購02  ,0,0,0,0,0,0,0,0,0,-112000,0,0,0,5000,117000,-112000,-112000
053183,大立光元富96購03,0,0,0,0,0,0,0,0,0,-112000,0,0,0,100000,212000,-112000,-112000
057073,康控永豐98購01  ,0,0,0,0,0,0,0,0,0,-112000,0,0,0,40000,152000,-112000,-112000
058575,智邦群益99購01  ,0,0,0,0,0,0,0,0,0,-112000,0,0,0,4000,116000,-112000,-112000
3008,大立光          ,172758,314915,-142157,0,0,0,32000,6000,26000,4000,3000,8000,-5000,10000,1000,9000,-112157
060540,南亞凱基9A購01  ,0,0,0,0,0,0,0,0,0,-113000,0,0,0,0,113000,-113000,-113000
060760,南亞科元大9A購04,0,0,0,0,0,0,0,0,0,-113000,0,0,0,50000,163000,-113000,-113000
053536,明泰永豐96購01  ,0,0,0,0,0,0,0,0,0,-113000,0,0,0,105000,218000,-113000,-113000
054928,帆宣凱基98購01  ,0,0,0,0,0,0,0,0,0,-113000,0,0,0,0,113000,-113000,-113000
06025P,臺股指元大99售02,0,0,0,0,0,0,0,0,0,-114000,0,0,0,367000,481000,-114000,-114000
060098,華新科元大99購24,0,0,0,0,0,0,0,0,0,-114000,0,0,0,25000,139000,-114000,-114000
051736,旺宏國票96購01  ,0,0,0,0,0,0,0,0,0,-114000,0,0,0,29000,143000,-114000,-114000
057527,億光元大98購01  ,0,0,0,0,0,0,0,0,0,-114000,0,0,0,2000,116000,-114000,-114000
059771,台積電群益99購11,0,0,0,0,0,0,0,0,0,-114000,0,0,0,313000,427000,-114000,-114000
059984,華新科元大99購21,0,0,0,0,0,0,0,0,0,-114000,0,0,0,8000,122000,-114000,-114000
4960,誠美材          ,188000,302000,-114000,0,0,0,0,0,0,0,0,0,0,0,0,0,-114000
060234,凱美元大9C購01  ,0,0,0,0,0,0,0,0,0,-115000,0,0,0,34000,149000,-115000,-115000
060335,明泰康和9A購01  ,0,0,0,0,0,0,0,0,0,-115000,0,0,0,5000,120000,-115000,-115000
060434,台汽電永豐9A購01,0,0,0,0,0,0,0,0,0,-115000,0,0,0,3000,118000,-115000,-115000
1527,鑽全            ,84000,197000,-113000,0,0,0,0,1000,-1000,-1000,0,1000,-1000,0,0,0,-115000
07585P,台灣50中信03售06,0,0,0,0,0,0,0,0,0,-115000,0,0,0,205000,320000,-115000,-115000
052374,瑞昱元大95購02  ,0,0,0,0,0,0,0,0,0,-115000,0,0,0,5000,120000,-115000,-115000
052917,大立光富邦99購02,0,0,0,0,0,0,0,0,0,-115000,0,0,0,0,115000,-115000,-115000
059987,大立光元大99購28,0,0,0,0,0,0,0,0,0,-115000,0,0,0,0,115000,-115000,-115000
059807,大立光元富99購09,0,0,0,0,0,0,0,0,0,-115000,0,0,0,22000,137000,-115000,-115000
058481,玉晶光凱基9A購04,0,0,0,0,0,0,0,0,0,-115000,0,0,0,2000,117000,-115000,-115000
059070,道瓊指元大99購02,0,0,0,0,0,0,0,0,0,-115000,0,0,0,0,115000,-115000,-115000
056823,智伸科永豐98購01,0,0,0,0,0,0,0,0,0,-115000,0,0,0,0,115000,-115000,-115000
07685P,玉晶光凱基9B售03,0,0,0,0,0,0,0,0,0,-116000,0,0,0,60000,176000,-116000,-116000
060477,和潤元大9A購01  ,0,0,0,0,0,0,0,0,0,-116000,0,0,0,49000,165000,-116000,-116000
05500P,臺股指中信96售04,0,0,0,0,0,0,0,0,0,-116000,0,0,0,281000,397000,-116000,-116000
059395,T50反1元富99購03,0,0,0,0,0,0,0,0,0,-116000,0,0,0,362000,478000,-116000,-116000
058240,景碩元大99購04  ,0,0,0,0,0,0,0,0,0,-116000,0,0,0,11000,127000,-116000,-116000
059075,FBVIX元大99購01 ,0,0,0,0,0,0,0,0,0,-116000,0,0,0,110000,226000,-116000,-116000
058522,聯茂元大99購07  ,0,0,0,0,0,0,0,0,0,-116000,0,0,0,68000,184000,-116000,-116000
060424,中租永豐9A購01  ,0,0,0,0,0,0,0,0,0,-117000,0,0,0,4000,121000,-117000,-117000
061297,台積電富邦9C購09,0,0,0,0,0,0,0,0,0,-117000,0,0,0,0,117000,-117000,-117000
053958,京元電永豐96購01,0,0,0,0,0,0,0,0,0,-117000,0,0,0,4000,121000,-117000,-117000
055288,日電貿元大97購02,0,0,0,0,0,0,0,0,0,-117000,0,0,0,50000,167000,-117000,-117000
054148,矽創元大96購03  ,0,0,0,0,0,0,0,0,0,-117000,0,0,0,0,117000,-117000,-117000
059762,禾伸堂永豐99購02,0,0,0,0,0,0,0,0,0,-117000,0,0,0,13000,130000,-117000,-117000
061034,晶豪科永豐9A購01,0,0,0,0,0,0,0,0,0,-118000,0,0,0,0,118000,-118000,-118000
06286P,世芯國票97售02  ,0,0,0,0,0,0,0,0,0,-118000,0,0,0,16000,134000,-118000,-118000
055380,智易元大98購02  ,0,0,0,0,0,0,0,0,0,-118000,0,0,0,0,118000,-118000,-118000
055173,瑞昱統一97購01  ,0,0,0,0,0,0,0,0,0,-118000,0,0,0,13000,131000,-118000,-118000
059459,訊芯永豐99購04  ,0,0,0,0,0,0,0,0,0,-118000,0,0,0,72000,190000,-118000,-118000
059915,聯發科元大99購32,0,0,0,0,0,0,0,0,0,-118000,0,0,0,35000,153000,-118000,-118000
056526,力山凱基98購01  ,0,0,0,0,0,0,0,0,0,-118000,0,0,0,87000,205000,-118000,-118000
056507,創意永豐98購02  ,0,0,0,0,0,0,0,0,0,-118000,0,0,0,2000,120000,-118000,-118000
058936,國喬中信99購01  ,0,0,0,0,0,0,0,0,0,-118000,0,0,0,10000,128000,-118000,-118000
056883,美食康和98購01  ,0,0,0,0,0,0,0,0,0,-118000,0,0,0,0,118000,-118000,-118000
3016,嘉晶            ,492000,556000,-64000,0,0,0,0,0,0,-54000,0,0,0,19000,73000,-54000,-118000
060521,鴻海中信01購03  ,0,0,0,0,0,0,0,0,0,-119000,0,0,0,11000,130000,-119000,-119000
060565,大立光富邦01購01,0,0,0,0,0,0,0,0,0,-119000,0,0,0,53000,172000,-119000,-119000
060611,同欣電凱基9A購02,0,0,0,0,0,0,0,0,0,-119000,0,0,0,0,119000,-119000,-119000
060302,台積電富邦02購01,0,0,0,0,0,0,0,0,0,-119000,0,0,0,389000,508000,-119000,-119000
055670,矽創群益98購02  ,0,0,0,0,0,0,0,0,0,-119000,0,0,0,0,119000,-119000,-119000
052818,智邦永豐96購01  ,0,0,0,0,0,0,0,0,0,-119000,0,0,0,33000,152000,-119000,-119000
057071,華擎永豐98購02  ,0,0,0,0,0,0,0,0,0,-119000,0,0,0,291000,410000,-119000,-119000
060089,台積電元大99購54,0,0,0,0,0,0,0,0,0,-120000,0,0,0,60000,180000,-120000,-120000
060415,葡萄王永豐9A購01,0,0,0,0,0,0,0,0,0,-120000,0,0,0,0,120000,-120000,-120000
051774,聯茂中信96購01  ,0,0,0,0,0,0,0,0,0,-120000,0,0,0,0,120000,-120000,-120000
05581P,華新科凱基96售07,0,0,0,0,0,0,0,0,0,-120000,0,0,0,20000,140000,-120000,-120000
046793,聯發科元富99購01,0,0,0,0,0,0,0,0,0,-120000,0,0,0,0,120000,-120000,-120000
053281,茂林元大96購02  ,0,0,0,0,0,0,0,0,0,-120000,0,0,0,33000,153000,-120000,-120000
053501,明泰兆豐96購01  ,0,0,0,0,0,0,0,0,0,-120000,0,0,0,0,120000,-120000,-120000
05304P,國巨國泰97售02  ,0,0,0,0,0,0,0,0,0,-120000,0,0,0,20000,140000,-120000,-120000
058246,帆宣元大99購01  ,0,0,0,0,0,0,0,0,0,-120000,0,0,0,10000,130000,-120000,-120000
059816,聯電凱基99購03  ,0,30000,-30000,0,0,0,0,0,0,-90000,0,0,0,265000,355000,-90000,-120000
058688,矽創凱基9A購01  ,0,0,0,0,0,0,0,0,0,-120000,0,0,0,10000,130000,-120000,-120000
056604,鴻海富邦9A購01  ,0,0,0,0,0,0,0,0,0,-120000,0,0,0,0,120000,-120000,-120000
056705,超眾國泰99購01  ,0,0,0,0,0,0,0,0,0,-121000,0,0,0,22000,143000,-121000,-121000
2328,廣宇            ,322000,406000,-84000,0,0,0,0,2000,-2000,-36000,0,0,0,0,36000,-36000,-122000
058355,旺宏凱基99購04  ,0,0,0,0,0,0,0,0,0,-122000,0,0,0,3000,125000,-122000,-122000
058576,南亞科群益99購01,0,0,0,0,0,0,0,0,0,-122000,0,0,0,0,122000,-122000,-122000
060566,聯詠富邦9C購01  ,0,0,0,0,0,0,0,0,0,-123000,0,0,0,127000,250000,-123000,-123000
060150,華通富邦9B購01  ,0,0,0,0,0,0,0,0,0,-123000,0,0,0,28000,151000,-123000,-123000
060156,光磊永豐9A購01  ,0,0,0,0,0,0,0,0,0,-123000,0,0,0,10000,133000,-123000,-123000
060007,鴻海群益99購04  ,0,0,0,0,0,0,0,0,0,-123000,0,0,0,9000,132000,-123000,-123000
055997,矽創國泰99購01  ,0,0,0,0,0,0,0,0,0,-123000,0,0,0,0,123000,-123000,-123000
058216,TPK群益99購01   ,0,0,0,0,0,0,0,0,0,-123000,0,0,0,7000,130000,-123000,-123000
9188,精熙-DR         ,0,123000,-123000,0,0,0,0,0,0,0,0,0,0,0,0,0,-123000
057173,南亞科元大98購04,0,0,0,0,0,0,0,0,0,-124000,0,0,0,2000,126000,-124000,-124000
053694,創意元大96購03  ,0,0,0,0,0,0,0,0,0,-125000,0,0,0,32000,157000,-125000,-125000
051561,玉晶光國泰97購04,0,0,0,0,0,0,0,0,0,-125000,0,0,0,8000,133000,-125000,-125000
050656,瑞儀凱基96購01  ,0,0,0,0,0,0,0,0,0,-125000,0,0,0,0,125000,-125000,-125000
5871,中租-KY         ,1969000,2111726,-142726,0,0,0,0,1000,-1000,18000,11000,3000,8000,16000,6000,10000,-125726
060097,華新科元大99購23,0,0,0,0,0,0,0,0,0,-126000,0,0,0,130000,256000,-126000,-126000
06006P,欣興永豐96售04  ,0,0,0,0,0,0,0,0,0,-126000,0,0,0,57000,183000,-126000,-126000
061106,群創元大9B購09  ,0,0,0,0,0,0,0,0,0,-126000,0,0,0,50000,176000,-126000,-126000
06200P,聯發科元大97售18,0,0,0,0,0,0,0,0,0,-126000,0,0,0,0,126000,-126000,-126000
060732,玉晶光群益9C購02,0,0,0,0,0,0,0,0,0,-126000,0,0,0,54000,180000,-126000,-126000
06847P,奇力新元大98售05,0,0,0,0,0,0,0,0,0,-126000,0,0,0,36000,162000,-126000,-126000
053485,矽創國票97購04  ,0,0,0,0,0,0,0,0,0,-126000,0,0,0,0,126000,-126000,-126000
053400,緯穎中信9A購01  ,0,0,0,0,0,0,0,0,0,-126000,0,0,0,70000,196000,-126000,-126000
059871,義隆凱基99購03  ,0,0,0,0,0,0,0,0,0,-126000,0,0,0,245000,371000,-126000,-126000
059650,緯穎凱基99購04  ,0,0,0,0,0,0,0,0,0,-126000,0,0,0,10000,136000,-126000,-126000
056406,建準國票99購01  ,0,0,0,0,0,0,0,0,0,-126000,0,0,0,0,126000,-126000,-126000
060889,國泰金統一9C購01,0,0,0,0,0,0,0,0,0,-127000,0,0,0,0,127000,-127000,-127000
055563,智易凱基97購02  ,0,0,0,0,0,0,0,0,0,-127000,0,0,0,1000,128000,-127000,-127000
056847,佐登元富98購01  ,0,0,0,0,0,0,0,0,0,-127000,0,0,0,200000,327000,-127000,-127000
058882,晶相光永豐99購01,0,0,0,0,0,0,0,0,0,-127000,0,0,0,0,127000,-127000,-127000
07310P,大立光凱基99售12,0,0,0,0,0,0,0,0,0,-128000,0,0,0,2000,130000,-128000,-128000
05513P,玉山金台新96售01,0,0,0,0,0,0,0,0,0,-128000,0,0,0,0,128000,-128000,-128000
052885,高鐵兆豐98購01  ,0,0,0,0,0,0,0,0,0,-128000,0,0,0,2000,130000,-128000,-128000
054852,奇鋐國票98購01  ,0,0,0,0,0,0,0,0,0,-128000,0,0,0,61000,189000,-128000,-128000
046628,大立光統一98購01,0,0,0,0,0,0,0,0,0,-128000,0,0,0,48000,176000,-128000,-128000
055921,新唐凱基98購01  ,0,0,0,0,0,0,0,0,0,-128000,0,0,0,0,128000,-128000,-128000
056288,健鼎永豐97購01  ,0,0,0,0,0,0,0,0,0,-128000,0,0,0,0,128000,-128000,-128000
061206,旺宏元大9A購12  ,0,0,0,0,0,0,0,0,0,-129000,0,0,0,50000,179000,-129000,-129000
00757,統一FANG+       ,0,0,0,0,0,0,0,0,0,-129000,0,0,0,200000,329000,-129000,-129000
054077,中石化中信98購01,0,0,0,0,0,0,0,0,0,-129000,0,0,0,0,129000,-129000,-129000
059253,康控凱基9B購02  ,0,0,0,0,0,0,0,0,0,-129000,0,0,0,89000,218000,-129000,-129000
058547,世紀鋼富邦9A購01,0,0,0,0,0,0,0,0,0,-129000,0,0,0,0,129000,-129000,-129000
058476,旺宏凱基9A購01  ,0,0,0,0,0,0,0,0,0,-129000,0,0,0,0,129000,-129000,-129000
056674,華邦電元富98購01,0,0,0,0,0,0,0,0,0,-129000,0,0,0,124000,253000,-129000,-129000
053041,可成凱基96購02  ,0,0,0,0,0,0,0,0,0,-130000,0,0,0,20000,150000,-130000,-130000
04908P,南電國票95售03  ,0,0,0,0,0,0,0,0,0,-130000,0,0,0,85000,215000,-130000,-130000
050155,華新科群益95購01,0,0,0,0,0,0,0,0,0,-130000,0,0,0,0,130000,-130000,-130000
059773,康控群益99購01  ,0,0,0,0,0,0,0,0,0,-130000,0,0,0,0,130000,-130000,-130000
058950,國巨群益99購06  ,0,0,0,0,0,0,0,0,0,-130000,0,0,0,2000,132000,-130000,-130000
057178,可成元大98購03  ,0,0,0,0,0,0,0,0,0,-130000,0,0,0,0,130000,-130000,-130000
05624P,同欣電中信98售01,0,0,0,0,0,0,0,0,0,-131000,0,0,0,0,131000,-131000,-131000
058034,神達永豐98購02  ,0,0,0,0,0,0,0,0,0,-131000,0,0,0,0,131000,-131000,-131000
056548,瀚宇博凱基98購02,0,0,0,0,0,0,0,0,0,-131000,0,0,0,10000,141000,-131000,-131000
057574,中磊永豐98購01  ,0,0,0,0,0,0,0,0,0,-131000,0,0,0,0,131000,-131000,-131000
060110,茂林元大99購06  ,0,0,0,0,0,0,0,0,0,-132000,0,0,0,359000,491000,-132000,-132000
1907,永豐餘          ,281000,407000,-126000,0,0,0,0,6000,-6000,0,0,0,0,0,0,0,-132000
052088,漢唐元大95購02  ,0,0,0,0,0,0,0,0,0,-132000,0,0,0,100000,232000,-132000,-132000
055763,鎧勝群益97購01  ,0,0,0,0,0,0,0,0,0,-132000,0,0,0,0,132000,-132000,-132000
051503,玉晶光統一97購01,0,0,0,0,0,0,0,0,0,-132000,0,0,0,11000,143000,-132000,-132000
052997,國巨康和96購01  ,0,0,0,0,0,0,0,0,0,-132000,0,0,0,43000,175000,-132000,-132000
053569,漢唐統一98購01  ,0,0,0,0,0,0,0,0,0,-132000,0,0,0,0,132000,-132000,-132000
055172,凱美統一97購02  ,0,0,0,0,0,0,0,0,0,-132000,0,0,0,0,132000,-132000,-132000
056492,全新國泰9A購01  ,0,0,0,0,0,0,0,0,0,-132000,0,0,0,0,132000,-132000,-132000
058525,台虹元大99購02  ,0,0,0,0,0,0,0,0,0,-132000,0,0,0,0,132000,-132000,-132000
056098,矽創元富97購02  ,0,0,0,0,0,0,0,0,0,-132000,0,0,0,0,132000,-132000,-132000
2478,大毅            ,1802000,2010000,-208000,0,0,0,0,0,0,76000,0,20000,-20000,105000,9000,96000,-132000
060057,欣興凱基9B購01  ,0,0,0,0,0,0,0,0,0,-133000,0,0,0,11000,144000,-133000,-133000
060544,國巨凱基9B購03  ,0,0,0,0,0,0,0,0,0,-133000,0,0,0,0,133000,-133000,-133000
060720,嘉聯益永豐9A購02,0,0,0,0,0,0,0,0,0,-133000,0,0,0,3000,136000,-133000,-133000
060704,台積電富邦01購01,0,0,0,0,0,0,0,0,0,-133000,0,0,0,15000,148000,-133000,-133000
060758,台積電元大9A購19,0,0,0,0,0,0,0,0,0,-133000,0,0,0,102000,235000,-133000,-133000
059460,GIS永豐99購02   ,0,0,0,0,0,0,0,0,0,-133000,0,0,0,7000,140000,-133000,-133000
058135,景碩元大99購01  ,0,0,0,0,0,0,0,0,0,-133000,0,0,0,31000,164000,-133000,-133000
058653,光寶科中信9A購01,0,0,0,0,0,0,0,0,0,-133000,0,0,0,9000,142000,-133000,-133000
058719,智邦元富99購01  ,0,0,0,0,0,0,0,0,0,-133000,0,0,0,40000,173000,-133000,-133000
060280,元金2X元大9A購01,0,0,0,0,0,0,0,0,0,-134000,0,0,0,0,134000,-134000,-134000
055813,聯發科國票98購04,0,0,0,0,0,0,0,0,0,-134000,0,0,0,18000,152000,-134000,-134000
059014,SGBR2X元富03購01,0,0,0,0,0,0,0,0,0,-134000,0,0,0,0,134000,-134000,-134000
058143,瑞儀元大99購02  ,0,0,0,0,0,0,0,0,0,-134000,0,0,0,76000,210000,-134000,-134000
061091,奇力新統一9C購02,0,0,0,0,0,0,0,0,0,-135000,0,0,0,0,135000,-135000,-135000
051428,玉晶光統一96購01,0,0,0,0,0,0,0,0,0,-135000,0,0,0,1000,136000,-135000,-135000
051154,國巨國泰96購03  ,0,0,0,0,0,0,0,0,0,-135000,0,0,0,62000,197000,-135000,-135000
058297,茂林凱基9A購02  ,0,0,0,0,0,0,0,0,0,-135000,0,0,0,1000,136000,-135000,-135000
058363,全新凱基9A購02  ,0,0,0,0,0,0,0,0,0,-135000,0,0,0,59000,194000,-135000,-135000
056391,大立光富邦9C購01,0,0,0,0,0,0,0,0,0,-135000,0,0,0,0,135000,-135000,-135000
060781,台郡國泰9B購01  ,0,0,0,0,0,0,0,0,0,-136000,0,0,0,50000,186000,-136000,-136000
055403,泰鼎元富97購01  ,0,0,0,0,0,0,0,0,0,-136000,0,0,0,245000,381000,-136000,-136000
057447,智邦元富02購01  ,0,0,0,0,0,0,0,0,0,-136000,0,0,0,96000,232000,-136000,-136000
056250,瑞昱兆豐97購02  ,0,0,0,0,0,0,0,0,0,-136000,0,0,0,41000,177000,-136000,-136000
058801,致伸元大99購01  ,0,0,0,0,0,0,0,0,0,-136000,0,0,0,15000,151000,-136000,-136000
059647,超眾凱基99購04  ,0,0,0,0,0,0,0,0,0,-136000,0,0,0,3000,139000,-136000,-136000
2867,三商壽          ,853000,989000,-136000,0,0,0,0,0,0,0,0,0,0,0,0,0,-136000
060157,致茂永豐9A購02  ,0,0,0,0,0,0,0,0,0,-137000,0,0,0,153000,290000,-137000,-137000
059375,道瓊反群益9C購02,0,0,0,0,0,0,0,0,0,-137000,0,0,0,155000,292000,-137000,-137000
060049,華通凱基99購06  ,0,0,0,0,0,0,0,0,0,-138000,0,0,0,17000,155000,-138000,-138000
060567,華擎富邦9C購01  ,0,0,0,0,0,0,0,0,0,-138000,0,0,0,0,138000,-138000,-138000
055235,金寶台新98購01  ,0,0,0,0,0,0,0,0,0,-138000,0,0,0,119000,257000,-138000,-138000
056509,晶相光永豐98購01,0,0,0,0,0,0,0,0,0,-138000,0,0,0,0,138000,-138000,-138000
056505,聯發科永豐98購01,0,0,0,0,0,0,0,0,0,-138000,0,0,0,30000,168000,-138000,-138000
9939,宏全            ,83000,225000,-142000,0,0,0,0,0,0,4000,11000,0,11000,0,7000,-7000,-138000
05538P,玉晶光國票97售02,0,0,0,0,0,0,0,0,0,-139000,0,0,0,391000,530000,-139000,-139000
051745,玉晶光國泰97購06,0,0,0,0,0,0,0,0,0,-139000,0,0,0,1000,140000,-139000,-139000
058973,麗豐永豐99購01  ,0,0,0,0,0,0,0,0,0,-139000,0,0,0,10000,149000,-139000,-139000
9907,統一實          ,90000,229000,-139000,0,0,0,0,0,0,0,0,0,0,0,0,0,-139000
06015P,大立光富邦98售04,0,0,0,0,0,0,0,0,0,-140000,0,0,0,6000,146000,-140000,-140000
060212,華航康和9A購01  ,0,0,0,0,0,0,0,0,0,-140000,0,0,0,0,140000,-140000,-140000
060854,台積電富邦9C購08,0,0,0,0,0,0,0,0,0,-140000,0,0,0,0,140000,-140000,-140000
061062,和大凱基9A購02  ,0,0,0,0,0,0,0,0,0,-140000,0,0,0,197000,337000,-140000,-140000
053571,奇鋐統一96購02  ,0,0,0,0,0,0,0,0,0,-140000,0,0,0,26000,166000,-140000,-140000
058878,旭富國泰9B購01  ,0,0,0,0,0,0,0,0,0,-140000,0,0,0,49000,189000,-140000,-140000
057251,泰鼎統一98購02  ,0,0,0,0,0,0,0,0,0,-140000,0,0,0,115000,255000,-140000,-140000
056715,瀚宇博永豐98購01,0,0,0,0,0,0,0,0,0,-140000,0,0,0,39000,179000,-140000,-140000
058282,聯茂中信99購01  ,0,0,0,0,0,0,0,0,0,-140000,0,0,0,50000,190000,-140000,-140000
6670,復盛應用        ,61000,187000,-126000,0,0,0,0,0,0,-14000,1000,15000,-14000,0,0,0,-140000
054873,帆宣群益99購01  ,0,0,0,0,0,0,0,0,0,-141000,0,0,0,0,141000,-141000,-141000
051902,T50反1元大97購01,0,0,0,0,0,0,0,0,0,-141000,0,0,0,198000,339000,-141000,-141000
051906,國巨元大95購09  ,0,0,0,0,0,0,0,0,0,-141000,0,0,0,25000,166000,-141000,-141000
051944,智邦統一95購02  ,0,0,0,0,0,0,0,0,0,-141000,0,0,0,0,141000,-141000,-141000
058182,日電貿國泰9A購01,0,0,0,0,0,0,0,0,0,-141000,0,0,0,44000,185000,-141000,-141000
057567,嘉聯益富邦9A購01,0,0,0,0,0,0,0,0,0,-141000,0,0,0,88000,229000,-141000,-141000
2845,遠東銀          ,546000,686000,-140000,0,0,0,0,1000,-1000,0,0,0,0,0,0,0,-141000
060403,上銀國泰9B購01  ,0,0,0,0,0,0,0,0,0,-142000,0,0,0,80000,222000,-142000,-142000
07630P,臺股指凱基9A售11,0,0,0,0,0,0,0,0,0,-142000,0,0,0,37000,179000,-142000,-142000
056962,技嘉永豐98購01  ,0,0,0,0,0,0,0,0,0,-142000,0,0,0,15000,157000,-142000,-142000
060823,旺宏元大9A購05  ,0,0,0,0,0,0,0,0,0,-143000,0,0,0,17000,160000,-143000,-143000
057103,禾伸堂中信9A購01,0,0,0,0,0,0,0,0,0,-143000,0,0,0,121000,264000,-143000,-143000
057906,福懋科中信99購01,0,0,0,0,0,0,0,0,0,-143000,0,0,0,0,143000,-143000,-143000
060511,群創元大9B購08  ,0,0,0,0,0,0,0,0,0,-144000,0,0,0,134000,278000,-144000,-144000
060627,國巨國泰9B購05  ,0,0,0,0,0,0,0,0,0,-144000,0,0,0,124000,268000,-144000,-144000
03677C,臺股指元大05牛02,0,0,0,0,0,0,0,0,0,-144000,0,0,0,10000,154000,-144000,-144000
057195,南茂元大98購01  ,0,0,0,0,0,0,0,0,0,-144000,0,0,0,163000,307000,-144000,-144000
058832,立積永豐99購01  ,0,0,0,0,0,0,0,0,0,-145000,0,0,0,0,145000,-145000,-145000
060396,友達國票9A購01  ,0,0,0,0,0,0,0,0,0,-146000,0,0,0,12000,158000,-146000,-146000
061095,台積電台新9B購03,0,0,0,0,0,0,0,0,0,-146000,0,0,0,669000,815000,-146000,-146000
051818,國巨統一95購02  ,0,0,0,0,0,0,0,0,0,-146000,0,0,0,125000,271000,-146000,-146000
055295,瀚宇博元大97購02,0,0,0,0,0,0,0,0,0,-146000,0,0,0,56000,202000,-146000,-146000
055216,友達凱基98購05  ,0,0,0,0,0,0,0,0,0,-146000,0,0,0,0,146000,-146000,-146000
059852,康控永豐99購02  ,0,0,0,0,0,0,0,0,0,-146000,0,0,0,146000,292000,-146000,-146000
055909,大成鋼凱基98購02,0,0,0,0,0,0,0,0,0,-146000,0,0,0,0,146000,-146000,-146000
057130,全新凱基98購03  ,0,0,0,0,0,0,0,0,0,-146000,0,0,0,0,146000,-146000,-146000
061213,群創元大9A購05  ,0,0,0,0,0,0,0,0,0,-147000,0,0,0,0,147000,-147000,-147000
060851,國巨國泰9C購01  ,0,0,0,0,0,0,0,0,0,-147000,0,0,0,104000,251000,-147000,-147000
060154,堤維西永豐9A購01,0,0,0,0,0,0,0,0,0,-147000,0,0,0,0,147000,-147000,-147000
055397,超眾統一97購02  ,0,0,0,0,0,0,0,0,0,-147000,0,0,0,6000,153000,-147000,-147000
057632,傳奇永豐98購01  ,0,0,0,0,0,0,0,0,0,-147000,0,0,0,0,147000,-147000,-147000
059020,元油2X統一9B購02,0,0,0,0,0,0,0,0,0,-147000,0,0,0,50000,197000,-147000,-147000
6269,台郡            ,955000,1138000,-183000,0,0,0,0,0,0,36000,26000,0,26000,20000,10000,10000,-147000
060468,聯鈞元大9A購02  ,0,0,0,0,0,0,0,0,0,-148000,0,0,0,11000,159000,-148000,-148000
061157,聯鈞群益9A購02  ,0,0,0,0,0,0,0,0,0,-148000,0,0,0,4000,152000,-148000,-148000
059260,國巨中信99購05  ,0,0,0,0,0,0,0,0,0,-148000,0,0,0,11000,159000,-148000,-148000
058664,百和兆豐99購01  ,0,0,0,0,0,0,0,0,0,-148000,0,0,0,2000,150000,-148000,-148000
2354,鴻準            ,1349000,1494722,-145722,0,0,0,11000,0,11000,-14000,0,14000,-14000,0,0,0,-148722
07582P,臺股指元大9A售45,0,0,0,0,0,0,0,0,0,-149000,0,0,0,0,149000,-149000,-149000
061212,聯鈞元大9A購04  ,0,0,0,0,0,0,0,0,0,-149000,0,0,0,4000,153000,-149000,-149000
060218,台積電凱基9A購15,0,0,0,0,0,0,0,0,0,-149000,0,0,0,1000,150000,-149000,-149000
053584,友達元大9B購02  ,0,0,0,0,0,0,0,0,0,-149000,0,0,0,10000,159000,-149000,-149000
057053,立積元大98購02  ,0,0,0,0,0,0,0,0,0,-149000,0,0,0,30000,179000,-149000,-149000
059494,國巨國票9C購01  ,0,0,0,0,0,0,0,0,0,-149000,0,0,0,0,149000,-149000,-149000
058391,T50反1元大99購02,0,0,0,0,0,0,0,0,0,-149000,0,0,0,0,149000,-149000,-149000
059351,台虹凱基99購01  ,0,0,0,0,0,0,0,0,0,-149000,0,0,0,15000,164000,-149000,-149000
056801,國巨台新98購01  ,0,0,0,0,0,0,0,0,0,-149000,0,0,0,44000,193000,-149000,-149000
6592,和潤企業        ,283000,445000,-162000,0,0,0,0,0,0,13000,0,0,0,13000,0,13000,-149000
060604,宏達電凱基9B購01,0,0,0,0,0,0,0,0,0,-150000,0,0,0,0,150000,-150000,-150000
057176,全新元大99購02  ,0,0,0,0,0,0,0,0,0,-150000,0,0,0,0,150000,-150000,-150000
057137,鈺齊凱基98購01  ,0,0,0,0,0,0,0,0,0,-150000,0,0,0,0,150000,-150000,-150000
056169,鴻海元富97購08  ,0,0,0,0,0,0,0,0,0,-150000,0,0,0,0,150000,-150000,-150000
057533,晶相光元大98購02,0,0,0,0,0,0,0,0,0,-150000,0,0,0,9000,159000,-150000,-150000
060915,旭富元大9A購01  ,0,0,0,0,0,0,0,0,0,-151000,0,0,0,0,151000,-151000,-151000
07708P,玉晶光元大9A售13,0,0,0,0,0,0,0,0,0,-151000,0,0,0,0,151000,-151000,-151000
07402P,瑞昱凱基99售02  ,0,0,0,0,0,0,0,0,0,-151000,0,0,0,60000,211000,-151000,-151000
054980,國巨元富97購01  ,0,0,0,0,0,0,0,0,0,-151000,0,0,0,0,151000,-151000,-151000
049775,旺宏統一95購02  ,0,0,0,0,0,0,0,0,0,-151000,0,0,0,0,151000,-151000,-151000
059639,大立光凱基9A購06,0,0,0,0,0,0,0,0,0,-151000,0,0,0,174000,325000,-151000,-151000
058901,美律元大99購07  ,0,0,0,0,0,0,0,0,0,-151000,0,0,0,44000,195000,-151000,-151000
056849,瀚宇博元富98購01,0,0,0,0,0,0,0,0,0,-151000,0,0,0,0,151000,-151000,-151000
060109,茂林元大99購05  ,0,0,0,0,0,0,0,0,0,-152000,0,0,0,5000,157000,-152000,-152000
046630,京元電元富95購03,0,0,0,0,0,0,0,0,0,-152000,0,0,0,5000,157000,-152000,-152000
054090,瑞昱群益97購01  ,0,0,0,0,0,0,0,0,0,-152000,0,0,0,37000,189000,-152000,-152000
3703,欣陸            ,109000,261000,-152000,0,0,0,0,0,0,0,0,0,0,0,0,0,-152000
055334,禾伸堂兆豐97購01,0,0,0,0,0,0,0,0,0,-153000,0,0,0,15000,168000,-153000,-153000
056699,光罩國泰99購01  ,0,0,0,0,0,0,0,0,0,-153000,0,0,0,0,153000,-153000,-153000
056495,泰鼎國泰99購01  ,0,0,0,0,0,0,0,0,0,-154000,0,0,0,0,154000,-154000,-154000
5534,長虹            ,32000,186000,-154000,0,0,0,1000,1000,0,0,0,0,0,0,0,0,-154000
051647,華新科永豐95購02,0,0,0,0,0,0,0,0,0,-155000,0,0,0,0,155000,-155000,-155000
059618,台積電日盛99購01,0,0,0,0,0,0,0,0,0,-155000,0,0,0,393000,548000,-155000,-155000
059844,大立光富邦9C購04,0,0,0,0,0,0,0,0,0,-155000,0,0,0,10000,165000,-155000,-155000
060347,大立光統一02購01,0,0,0,0,0,0,0,0,0,-156000,0,0,0,0,156000,-156000,-156000
043442,大立光台新01購01,0,0,0,0,0,0,0,0,0,-156000,0,0,0,0,156000,-156000,-156000
055175,建準統一97購01  ,0,0,0,0,0,0,0,0,0,-156000,0,0,0,0,156000,-156000,-156000
059917,華新科元大99購19,0,0,0,0,0,0,0,0,0,-156000,0,0,0,114000,270000,-156000,-156000
057449,華新科元富99購02,0,0,0,0,0,0,0,0,0,-156000,0,0,0,0,156000,-156000,-156000
058645,康控富邦01購01  ,0,0,0,0,0,0,0,0,0,-156000,0,0,0,100000,256000,-156000,-156000
058520,智易元大99購03  ,0,0,0,0,0,0,0,0,0,-156000,0,0,0,54000,210000,-156000,-156000
05711P,茂林國票97售03  ,0,0,0,0,0,0,0,0,0,-156000,0,0,0,363000,519000,-156000,-156000
07147P,高鐵元大99售01  ,0,0,0,0,0,0,0,0,0,-157000,0,0,0,129000,286000,-157000,-157000
054909,福懋科康和97購01,0,0,0,0,0,0,0,0,0,-157000,0,0,0,0,157000,-157000,-157000
2607,榮運            ,21000,178000,-157000,0,0,0,0,0,0,0,0,0,0,0,0,0,-157000
07260P,台灣50元大9A售01,0,0,0,0,0,0,0,0,0,-158000,0,0,0,65000,223000,-158000,-158000
06746P,聯發科群益99售02,0,0,0,0,0,0,0,0,0,-158000,0,0,0,200000,358000,-158000,-158000
060715,日電貿永豐9A購01,0,0,0,0,0,0,0,0,0,-158000,0,0,0,69000,227000,-158000,-158000
054457,強茂群益96購01  ,0,0,0,0,0,0,0,0,0,-158000,0,0,0,80000,238000,-158000,-158000
059006,樺漢元大99購01  ,0,0,0,0,0,0,0,0,0,-158000,0,0,0,18000,176000,-158000,-158000
056670,樺漢國票99購01  ,0,0,0,0,0,0,0,0,0,-158000,0,0,0,107000,265000,-158000,-158000
060185,聯發科元富04購01,0,0,0,0,0,0,0,0,0,-159000,0,0,0,8000,167000,-159000,-159000
060638,玉晶光永豐9A購04,0,0,0,0,0,0,0,0,0,-159000,0,0,0,2000,161000,-159000,-159000
054831,緯穎國泰98購01  ,0,0,0,0,0,0,0,0,0,-159000,0,0,0,41000,200000,-159000,-159000
059188,京元電富邦9B購01,0,0,0,0,0,0,0,0,0,-159000,0,0,0,67000,226000,-159000,-159000
059581,日月光元富99購02,0,0,0,0,0,0,0,0,0,-159000,0,0,0,59000,218000,-159000,-159000
059565,國巨凱基99購16  ,0,0,0,0,0,0,0,0,0,-160000,0,0,0,30000,190000,-160000,-160000
057590,元油2X兆豐98購02,0,0,0,0,0,0,0,0,0,-160000,0,0,0,0,160000,-160000,-160000
060578,臺股指中信9C購03,0,0,0,0,0,0,0,0,0,-161000,0,0,0,17000,178000,-161000,-161000
060233,宏碁元大9A購01  ,0,0,0,0,0,0,0,0,0,-161000,0,0,0,40000,201000,-161000,-161000
07442P,華航康和9A售02  ,0,0,0,0,0,0,0,0,0,-161000,0,0,0,11000,172000,-161000,-161000
006208,富邦台50        ,1000,2000,-1000,0,0,0,0,0,0,-160000,0,0,0,389000,549000,-160000,-161000
060869,超眾永豐9A購02  ,0,0,0,0,0,0,0,0,0,-162000,0,0,0,0,162000,-162000,-162000
055698,茂林國票98購03  ,0,0,0,0,0,0,0,0,0,-162000,0,0,0,0,162000,-162000,-162000
060763,聯鈞元大9A購03  ,0,0,0,0,0,0,0,0,0,-163000,0,0,0,26000,189000,-163000,-163000
060125,強茂永豐99購01  ,0,0,0,0,0,0,0,0,0,-163000,0,0,0,18000,181000,-163000,-163000
060633,玉晶光富邦02購01,0,0,0,0,0,0,0,0,0,-163000,0,0,0,0,163000,-163000,-163000
059838,茂林國泰9B購01  ,0,0,0,0,0,0,0,0,0,-163000,0,0,0,0,163000,-163000,-163000
056083,億光統一97購03  ,0,0,0,0,0,0,0,0,0,-163000,0,0,0,0,163000,-163000,-163000
3058,立德            ,4000,167000,-163000,0,0,0,0,0,0,0,0,0,0,0,0,0,-163000
3661,世芯-KY         ,846000,989000,-143000,0,0,0,20119,36000,-15881,-5000,37000,5000,32000,34000,71000,-37000,-163881
060641,聯鈞永豐9A購01  ,0,0,0,0,0,0,0,0,0,-164000,0,0,0,0,164000,-164000,-164000
050547,華新科凱基95購01,0,0,0,0,0,0,0,0,0,-164000,0,0,0,27000,191000,-164000,-164000
055983,全新元富9A購02  ,0,0,0,0,0,0,0,0,0,-164000,0,0,0,0,164000,-164000,-164000
059645,祥碩凱基99購05  ,0,0,0,0,0,0,0,0,0,-164000,0,0,0,73000,237000,-164000,-164000
6669,緯穎            ,199000,354500,-155500,0,0,0,2000,17000,-15000,6000,6000,0,6000,8000,8000,0,-164500
055822,臺股指國票97購09,0,0,0,0,0,0,0,0,0,-165000,0,0,0,15000,180000,-165000,-165000
059347,京鼎凱基99購02  ,0,0,0,0,0,0,0,0,0,-165000,0,0,0,16000,181000,-165000,-165000
058345,台光電群益99購03,0,0,0,0,0,0,0,0,0,-165000,0,0,0,29000,194000,-165000,-165000
07174P,臺股指國票99售11,0,0,0,0,0,0,0,0,0,-166000,0,0,0,146000,312000,-166000,-166000
07194P,聯發科元大99售25,0,0,0,0,0,0,0,0,0,-166000,0,0,0,0,166000,-166000,-166000
054970,帆宣元大97購01  ,0,0,0,0,0,0,0,0,0,-166000,0,0,0,0,166000,-166000,-166000
053364,友達國泰98購01  ,0,0,0,0,0,0,0,0,0,-166000,0,0,0,0,166000,-166000,-166000
057885,台光電群益98購04,0,0,0,0,0,0,0,0,0,-166000,0,0,0,0,166000,-166000,-166000
07646P,世芯元大9A售04  ,0,0,0,0,0,0,0,0,0,-167000,0,0,0,20000,187000,-167000,-167000
053244,光磊國票97購01  ,0,0,0,0,0,0,0,0,0,-167000,0,0,0,12000,179000,-167000,-167000
057837,康控國泰99購02  ,0,0,0,0,0,0,0,0,0,-167000,0,0,0,0,167000,-167000,-167000
060242,潤泰全元大9C購01,0,0,0,0,0,0,0,0,0,-168000,0,0,0,0,168000,-168000,-168000
060906,旺宏元大9A購07  ,0,0,0,0,0,0,0,0,0,-169000,0,0,0,20000,189000,-169000,-169000
07283P,華新科凱基99售07,0,0,0,0,0,0,0,0,0,-169000,0,0,0,10000,179000,-169000,-169000
053593,晶技元大98購01  ,0,0,0,0,0,0,0,0,0,-169000,0,0,0,14000,183000,-169000,-169000
052094,瀚宇博元大96購02,0,0,0,0,0,0,0,0,0,-169000,0,0,0,0,169000,-169000,-169000
048422,瑞昱元富96購02  ,0,0,0,0,0,0,0,0,0,-169000,0,0,0,282000,451000,-169000,-169000
060813,高鐵凱基9A購01  ,0,0,0,0,0,0,0,0,0,-170000,0,0,0,8000,178000,-170000,-170000
061179,華擎凱基9A購01  ,0,0,0,0,0,0,0,0,0,-170000,0,0,0,0,170000,-170000,-170000
054540,泰鼎國票99購01  ,0,0,0,0,0,0,0,0,0,-170000,0,0,0,53000,223000,-170000,-170000
060355,元金2X元富9C購01,0,0,0,0,0,0,0,0,0,-171000,0,0,0,25000,196000,-171000,-171000
060416,神隆永豐9A購01  ,0,0,0,0,0,0,0,0,0,-171000,0,0,0,5000,176000,-171000,-171000
048628,T50反1元大96購03,0,0,0,0,0,0,0,0,0,-171000,0,0,0,0,171000,-171000,-171000
057613,瑞昱元富02購02  ,0,0,0,0,0,0,0,0,0,-171000,0,0,0,80000,251000,-171000,-171000
060826,牧德元大9B購02  ,0,0,0,0,0,0,0,0,0,-172000,0,0,0,2000,174000,-172000,-172000
059311,元石油元大99購04,0,0,0,0,0,0,0,0,0,-172000,0,0,0,301000,473000,-172000,-172000
057930,旺宏群益99購04  ,0,0,0,0,0,0,0,0,0,-172000,0,0,0,5000,177000,-172000,-172000
057316,國巨凱基99購04  ,0,0,0,0,0,0,0,0,0,-172000,0,0,0,0,172000,-172000,-172000
060344,聯發科統一01購01,0,0,0,0,0,0,0,0,0,-173000,0,0,0,5000,178000,-173000,-173000
060183,南亞科元富9A購01,0,0,0,0,0,0,0,0,0,-173000,0,0,0,119000,292000,-173000,-173000
2206,三陽工業        ,26000,179000,-153000,0,0,0,0,0,0,-20000,0,20000,-20000,0,0,0,-173000
051721,玉晶光永豐96購02,0,0,0,0,0,0,0,0,0,-173000,0,0,0,55000,228000,-173000,-173000
055844,大毅元大98購01  ,0,0,0,0,0,0,0,0,0,-173000,0,0,0,10000,183000,-173000,-173000
056710,漢唐永豐98購01  ,0,0,0,0,0,0,0,0,0,-173000,0,0,0,0,173000,-173000,-173000
057221,華通國票98購03  ,0,0,0,0,0,0,0,0,0,-173000,0,0,0,129000,302000,-173000,-173000
060759,南亞科元大9A購03,0,0,0,0,0,0,0,0,0,-174000,0,0,0,25000,199000,-174000,-174000
054567,拓凱群益98購01  ,0,0,0,0,0,0,0,0,0,-174000,0,0,0,31000,205000,-174000,-174000
057201,華擎元富98購01  ,0,0,0,0,0,0,0,0,0,-174000,0,0,0,37000,211000,-174000,-174000
056586,光罩統一98購02  ,0,0,0,0,0,0,0,0,0,-174000,0,0,0,16000,190000,-174000,-174000
060321,元金2X群益9B購01,0,0,0,0,0,0,0,0,0,-175000,0,0,0,0,175000,-175000,-175000
07433P,臺股指國票9A售05,0,0,0,0,0,0,0,0,0,-175000,0,0,0,0,175000,-175000,-175000
059274,國巨元大99購22  ,0,0,0,0,0,0,0,0,0,-175000,0,0,0,223000,398000,-175000,-175000
058686,祥碩凱基99購03  ,0,0,0,0,0,0,0,0,0,-176000,0,0,0,28000,204000,-176000,-176000
07145P,為升元大99售03  ,0,0,0,0,0,0,0,0,0,-177000,0,0,0,1000,178000,-177000,-177000
060235,瑞昱元大9A購01  ,0,0,0,0,0,0,0,0,0,-177000,0,0,0,18000,195000,-177000,-177000
058514,潤泰全元大99購01,0,0,0,0,0,0,0,0,0,-177000,0,0,0,103000,280000,-177000,-177000
059358,旺宏永豐99購02  ,0,0,0,0,0,0,0,0,0,-177000,0,0,0,28000,205000,-177000,-177000
060161,牧德永豐9A購02  ,0,0,0,0,0,0,0,0,0,-178000,0,0,0,25000,203000,-178000,-178000
060665,康控凱基9A購01  ,0,0,0,0,0,0,0,0,0,-178000,0,0,0,45000,223000,-178000,-178000
059468,智邦元大99購02  ,0,0,0,0,0,0,0,0,0,-178000,0,0,0,37000,215000,-178000,-178000
053564,台積電富邦99購01,0,10000,-10000,0,0,0,0,0,0,-168000,0,0,0,0,168000,-168000,-178000
057389,玉晶光永豐98購06,0,0,0,0,0,0,0,0,0,-178000,0,0,0,0,178000,-178000,-178000
059863,和大凱基99購01  ,0,0,0,0,0,0,0,0,0,-178000,0,0,0,18000,196000,-178000,-178000
057539,南茂元大98購02  ,0,0,0,0,0,0,0,0,0,-179000,0,0,0,98000,277000,-179000,-179000
059072,元油2X元大9C購13,0,0,0,0,0,0,0,0,0,-179000,0,0,0,254000,433000,-179000,-179000
060529,聯發科中信9A購04,0,0,0,0,0,0,0,0,0,-180000,0,0,0,271000,451000,-180000,-180000
055093,京鼎群益98購01  ,0,0,0,0,0,0,0,0,0,-180000,0,0,0,0,180000,-180000,-180000
054304,台積電凱基96購23,0,0,0,0,0,0,0,0,0,-180000,0,0,0,12000,192000,-180000,-180000
058100,聯茂國泰99購02  ,0,0,0,0,0,0,0,0,0,-180000,0,0,0,23000,203000,-180000,-180000
2327,國巨            ,2219872,2373750,-153878,0,0,0,218000,409000,-191000,164000,104000,71000,33000,234000,103000,131000,-180878
059473,T50反1群益99購03,0,0,0,0,0,0,0,0,0,-181000,0,0,0,50000,231000,-181000,-181000
056320,京鼎群益99購01  ,0,0,0,0,0,0,0,0,0,-181000,0,0,0,4000,185000,-181000,-181000
058989,茂林凱基99購02  ,0,0,0,0,0,0,0,0,0,-182000,0,0,0,30000,212000,-182000,-182000
061187,瀚宇博國泰9C購01,0,0,0,0,0,0,0,0,0,-183000,0,0,0,0,183000,-183000,-183000
057659,台表科兆豐98購01,0,0,0,0,0,0,0,0,0,-183000,0,0,0,72000,255000,-183000,-183000
060805,國巨群益9A購06  ,0,0,0,0,0,0,0,0,0,-184000,0,0,0,42000,226000,-184000,-184000
060984,南亞科元大9A購07,0,0,0,0,0,0,0,0,0,-184000,0,0,0,0,184000,-184000,-184000
060476,瑞祺元大9A購02  ,0,0,0,0,0,0,0,0,0,-184000,0,0,0,211000,395000,-184000,-184000
060317,台灣50群益02購01,0,0,0,0,0,0,0,0,0,-184000,0,0,0,0,184000,-184000,-184000
055387,世紀鋼元大97購01,0,0,0,0,0,0,0,0,0,-184000,0,0,0,16000,200000,-184000,-184000
056622,高鐵永豐98購01  ,0,0,0,0,0,0,0,0,0,-184000,0,0,0,0,184000,-184000,-184000
059995,南亞科元富99購01,0,0,0,0,0,0,0,0,0,-184000,0,0,0,43000,227000,-184000,-184000
060871,台灣50中信01購03,0,0,0,0,0,0,0,0,0,-185000,0,0,0,60000,245000,-185000,-185000
055257,景碩統一97購01  ,0,0,0,0,0,0,0,0,0,-185000,0,0,0,24000,209000,-185000,-185000
07568P,鴻海凱基9A售22  ,0,0,0,0,0,0,0,0,0,-186000,0,0,0,10000,196000,-186000,-186000
059170,康控凱基9B購01  ,0,0,0,0,0,0,0,0,0,-186000,0,0,0,10000,196000,-186000,-186000
050725,光磊國票96購01  ,0,0,0,0,0,0,0,0,0,-186000,0,0,0,0,186000,-186000,-186000
052575,茂林凱基96購04  ,0,0,0,0,0,0,0,0,0,-186000,0,0,0,0,186000,-186000,-186000
058839,瑞儀中信99購02  ,0,0,0,0,0,0,0,0,0,-186000,0,0,0,36000,222000,-186000,-186000
058723,元石油國泰9A購01,0,0,0,0,0,0,0,0,0,-186000,0,0,0,0,186000,-186000,-186000
07474P,滬深2X群益9C售03,0,0,0,0,0,0,0,0,0,-187000,0,0,0,0,187000,-187000,-187000
054863,億光群益97購01  ,0,0,0,0,0,0,0,0,0,-187000,0,0,0,102000,289000,-187000,-187000
053082,聯電元大98購03  ,0,0,0,0,0,0,0,0,0,-187000,0,0,0,15000,202000,-187000,-187000
07416P,台積電元大99售53,0,0,0,0,0,0,0,0,0,-188000,0,0,0,286000,474000,-188000,-188000
060959,金像電凱基9A購01,0,0,0,0,0,0,0,0,0,-188000,0,0,0,51000,239000,-188000,-188000
6412,群電            ,60000,248090,-188090,0,0,0,0,0,0,0,0,0,0,0,0,0,-188090
055432,臻鼎群益97購02  ,0,0,0,0,0,0,0,0,0,-189000,0,0,0,0,189000,-189000,-189000
052362,瑞昱國票96購02  ,0,0,0,0,0,0,0,0,0,-189000,0,0,0,0,189000,-189000,-189000
056358,友訊元大99購01  ,0,0,0,0,0,0,0,0,0,-189000,0,0,0,0,189000,-189000,-189000
059678,鴻海國泰9A購03  ,0,0,0,0,0,0,0,0,0,-189000,0,0,0,9000,198000,-189000,-189000
2820,華票            ,55000,244000,-189000,0,0,0,0,0,0,0,0,0,0,0,0,0,-189000
07354P,臺股指國票99售22,0,0,0,0,0,0,0,0,0,-190000,0,0,0,215000,405000,-190000,-190000
059882,臺股指凱基9C購06,0,0,0,0,0,0,0,0,0,-190000,0,0,0,240000,430000,-190000,-190000
057743,華擎永豐98購03  ,0,0,0,0,0,0,0,0,0,-190000,0,0,0,0,190000,-190000,-190000
4956,光鋐            ,147000,337000,-190000,0,0,0,0,0,0,0,0,0,0,0,0,0,-190000
07358P,鴻海元大99售39  ,0,0,0,0,0,0,0,0,0,-191000,0,0,0,47000,238000,-191000,-191000
2331,精英            ,73000,254000,-181000,0,0,0,0,0,0,-10000,4000,14000,-10000,0,0,0,-191000
054151,瑞昱國泰97購01  ,0,0,0,0,0,0,0,0,0,-191000,0,0,0,4000,195000,-191000,-191000
055174,精元統一97購01  ,0,0,0,0,0,0,0,0,0,-191000,0,0,0,0,191000,-191000,-191000
059608,聯發科富邦9B購04,0,0,0,0,0,0,0,0,0,-191000,0,0,0,40000,231000,-191000,-191000
059626,台積電凱基01購01,0,0,0,0,0,0,0,0,0,-191000,0,0,0,10000,201000,-191000,-191000
059016,晶相光元富99購03,0,0,0,0,0,0,0,0,0,-191000,0,0,0,71000,262000,-191000,-191000
055525,國巨群益98購05  ,0,0,0,0,0,0,0,0,0,-192000,0,0,0,10000,202000,-192000,-192000
049199,茂林永豐95購01  ,0,0,0,0,0,0,0,0,0,-192000,0,0,0,2000,194000,-192000,-192000
057202,TPK元富98購02   ,0,0,0,0,0,0,0,0,0,-192000,0,0,0,130000,322000,-192000,-192000
07105P,大毅元富99售02  ,0,0,0,0,0,0,0,0,0,-193000,0,0,0,15000,208000,-193000,-193000
061069,嘉聯益凱基9A購01,0,0,0,0,0,0,0,0,0,-193000,0,0,0,79000,272000,-193000,-193000
060380,T50反1凱基9A購08,0,0,0,0,0,0,0,0,0,-193000,0,0,0,133000,326000,-193000,-193000
058132,義隆元大99購03  ,0,0,0,0,0,0,0,0,0,-193000,0,0,0,129000,322000,-193000,-193000
055393,華新科統一97購03,0,0,0,0,0,0,0,0,0,-194000,0,0,0,0,194000,-194000,-194000
053006,玉晶光永豐96購03,0,0,0,0,0,0,0,0,0,-194000,0,0,0,27000,221000,-194000,-194000
05395P,旺宏元大96售06  ,0,0,0,0,0,0,0,0,0,-194000,0,0,0,0,194000,-194000,-194000
060564,南亞科富邦9C購01,0,0,0,0,0,0,0,0,0,-195000,0,0,0,0,195000,-195000,-195000
052084,台泥元大95購01  ,0,0,0,0,0,0,0,0,0,-195000,0,0,0,0,195000,-195000,-195000
058944,元石油群益9C購02,0,0,0,0,0,0,0,0,0,-195000,0,0,0,29000,224000,-195000,-195000
057214,瑞昱群益98購01  ,0,0,0,0,0,0,0,0,0,-195000,0,0,0,21000,216000,-195000,-195000
057895,全新元富9B購01  ,0,0,0,0,0,0,0,0,0,-195000,0,0,0,0,195000,-195000,-195000
060736,旺宏統一01購01  ,0,0,0,0,0,0,0,0,0,-196000,0,0,0,12000,208000,-196000,-196000
051659,力山國泰97購01  ,0,0,0,0,0,0,0,0,0,-196000,0,0,0,16000,212000,-196000,-196000
061068,祥碩凱基9B購01  ,0,0,0,0,0,0,0,0,0,-197000,0,0,0,3000,200000,-197000,-197000
060422,台勝科永豐9A購01,0,0,0,0,0,0,0,0,0,-197000,0,0,0,69000,266000,-197000,-197000
07623P,大立光統一9B售05,0,0,0,0,0,0,0,0,0,-197000,0,0,0,100000,297000,-197000,-197000
058170,國巨凱基9A購06  ,0,0,0,0,0,0,0,0,0,-197000,0,0,0,117000,314000,-197000,-197000
059008,鈺齊元大99購03  ,0,0,0,0,0,0,0,0,0,-197000,0,0,0,1000,198000,-197000,-197000
060245,聯陽元大9C購01  ,0,0,0,0,0,0,0,0,0,-198000,0,0,0,88000,286000,-198000,-198000
05493P,華新科富邦99售02,0,0,0,0,0,0,0,0,0,-198000,0,0,0,0,198000,-198000,-198000
058532,禾伸堂元富99購01,0,0,0,0,0,0,0,0,0,-198000,0,0,0,1000,199000,-198000,-198000
056496,康控國泰99購01  ,0,0,0,0,0,0,0,0,0,-198000,0,0,0,0,198000,-198000,-198000
057107,華新科群益98購06,0,0,0,0,0,0,0,0,0,-198000,0,0,0,7000,205000,-198000,-198000
2836,高雄銀          ,28000,252000,-224000,0,0,0,0,0,0,26000,26000,0,26000,0,0,0,-198000
060373,元金2X元富9A購01,0,0,0,0,0,0,0,0,0,-199000,0,0,0,101000,300000,-199000,-199000
07574P,國巨元大9A售12  ,0,0,0,0,0,0,0,0,0,-200000,0,0,0,100000,300000,-200000,-200000
046340,滬深2X國票96購01,0,0,0,0,0,0,0,0,0,-200000,0,0,0,0,200000,-200000,-200000
056916,台達電兆豐98購02,0,0,0,0,0,0,0,0,0,-200000,0,0,0,0,200000,-200000,-200000
056838,旺宏元富98購01  ,0,0,0,0,0,0,0,0,0,-200000,0,0,0,10000,210000,-200000,-200000
057406,茂林群益98購03  ,0,0,0,0,0,0,0,0,0,-200000,0,0,0,0,200000,-200000,-200000
060301,國巨富邦9C購02  ,0,0,0,0,0,0,0,0,0,-201000,0,0,0,16000,217000,-201000,-201000
061085,聯茂兆豐9A購01  ,0,0,0,0,0,0,0,0,0,-201000,0,0,0,22000,223000,-201000,-201000
047421,聯茂富邦97購01  ,0,0,0,0,0,0,0,0,0,-201000,0,0,0,128000,329000,-201000,-201000
057446,旺宏元富02購01  ,0,0,0,0,0,0,0,0,0,-201000,0,0,0,71000,272000,-201000,-201000
056726,友達日盛9A購01  ,0,0,0,0,0,0,0,0,0,-202000,0,0,0,0,202000,-202000,-202000
059073,元油2X元大9C購14,0,0,0,0,0,0,0,0,0,-202000,0,0,0,3000,205000,-202000,-202000
06385P,聯發科永豐97售02,0,0,0,0,0,0,0,0,0,-203000,0,0,0,10000,213000,-203000,-203000
03064X,元展59          ,0,0,0,0,0,0,0,0,0,-203000,0,0,0,0,203000,-203000,-203000
056774,和鑫元大98購01  ,0,0,0,0,0,0,0,0,0,-203000,0,0,0,50000,253000,-203000,-203000
07622P,華新科統一9B售02,0,0,0,0,0,0,0,0,0,-204000,0,0,0,1000,205000,-204000,-204000
057024,義隆凱基99購01  ,0,0,0,0,0,0,0,0,0,-204000,0,0,0,14000,218000,-204000,-204000
057835,華擎元富9B購01  ,0,0,0,0,0,0,0,0,0,-204000,0,0,0,332000,536000,-204000,-204000
9958,世紀鋼          ,375000,227000,148000,0,0,0,0,278000,-278000,-74000,33000,11000,22000,56000,152000,-96000,-204000
052328,台表科中信99購01,0,0,0,0,0,0,0,0,0,-205000,0,0,0,0,205000,-205000,-205000
054640,健策中信9B購01  ,0,0,0,0,0,0,0,0,0,-205000,0,0,0,0,205000,-205000,-205000
058026,上銀富邦9A購01  ,0,0,0,0,0,0,0,0,0,-205000,0,0,0,46000,251000,-205000,-205000
058188,華擎永豐99購01  ,0,0,0,0,0,0,0,0,0,-205000,0,0,0,121000,326000,-205000,-205000
056578,智易元大99購02  ,0,0,0,0,0,0,0,0,0,-205000,0,0,0,115000,320000,-205000,-205000
057514,華新科元富99購03,0,0,0,0,0,0,0,0,0,-205000,0,0,0,0,205000,-205000,-205000
2855,統一證          ,143000,342000,-199000,0,0,0,0,6000,-6000,0,0,0,0,0,0,0,-205000
060981,旺宏元大9A購08  ,0,0,0,0,0,0,0,0,0,-206000,0,0,0,85000,291000,-206000,-206000
055824,臺股指國票97購11,0,0,0,0,0,0,0,0,0,-206000,0,0,0,110000,316000,-206000,-206000
00762,元大全球AI      ,0,0,0,0,0,0,0,0,0,-206000,0,0,0,60000,266000,-206000,-206000
057556,智易凱基99購01  ,0,0,0,0,0,0,0,0,0,-206000,0,0,0,2000,208000,-206000,-206000
059350,樺漢凱基9A購01  ,0,0,0,0,0,0,0,0,0,-206000,0,0,0,138000,344000,-206000,-206000
057995,華新科中信98購02,0,0,0,0,0,0,0,0,0,-206000,0,0,0,9000,215000,-206000,-206000
060734,華通統一9C購01  ,0,0,0,0,0,0,0,0,0,-207000,0,0,0,20000,227000,-207000,-207000
060599,國巨凱基9C購01  ,0,0,0,0,0,0,0,0,0,-207000,0,0,0,5000,212000,-207000,-207000
2417,圓剛            ,221000,425000,-204000,0,0,0,0,0,0,-3000,0,3000,-3000,0,0,0,-207000
058068,旺宏凱基98購11  ,0,0,0,0,0,0,0,0,0,-207000,0,0,0,59000,266000,-207000,-207000
2006,東和鋼鐵        ,79000,287000,-208000,0,0,0,0,0,0,0,0,0,0,0,0,0,-208000
06546P,聯發科元大98售05,0,0,0,0,0,0,0,0,0,-208000,0,0,0,0,208000,-208000,-208000
053621,臺股指群益96購07,0,0,0,0,0,0,0,0,0,-208000,0,0,0,0,208000,-208000,-208000
057170,瑞昱元大98購01  ,0,0,0,0,0,0,0,0,0,-208000,0,0,0,33000,241000,-208000,-208000
058136,景碩元大99購02  ,0,0,0,0,0,0,0,0,0,-208000,0,0,0,2000,210000,-208000,-208000
057612,瑞昱元富02購01  ,0,0,0,0,0,0,0,0,0,-208000,0,0,0,0,208000,-208000,-208000
059612,奇鋐永豐99購02  ,0,0,0,0,0,0,0,0,0,-209000,0,0,0,31000,240000,-209000,-209000
056936,禾伸堂元富98購01,0,0,0,0,0,0,0,0,0,-209000,0,0,0,90000,299000,-209000,-209000
06915P,晶技元富98售02  ,0,0,0,0,0,0,0,0,0,-210000,0,0,0,0,210000,-210000,-210000
060485,華新科富邦9C購04,0,0,0,0,0,0,0,0,0,-210000,0,0,0,121000,331000,-210000,-210000
052897,緯創群益96購03  ,0,0,0,0,0,0,0,0,0,-210000,0,0,0,0,210000,-210000,-210000
056535,全新凱基99購02  ,0,0,0,0,0,0,0,0,0,-210000,0,0,0,0,210000,-210000,-210000
07573P,國巨元大9A售11  ,0,0,0,0,0,0,0,0,0,-211000,0,0,0,271000,482000,-211000,-211000
055916,奇鋐凱基99購01  ,0,0,0,0,0,0,0,0,0,-212000,0,0,0,70000,282000,-212000,-212000
056846,晶相光元富98購01,0,0,0,0,0,0,0,0,0,-213000,0,0,0,214000,427000,-213000,-213000
058797,大毅元大99購03  ,0,0,0,0,0,0,0,0,0,-213000,0,0,0,32000,245000,-213000,-213000
2489,瑞軒            ,100000,356000,-256000,0,0,0,0,0,0,42000,44000,2000,42000,0,0,0,-214000
060283,台肥元大9C購01  ,0,0,0,0,0,0,0,0,0,-215000,0,0,0,20000,235000,-215000,-215000
060060,台積電兆豐99購05,0,0,0,0,0,0,0,0,0,-215000,0,0,0,33000,248000,-215000,-215000
060782,道瓊指富邦9C購01,0,0,0,0,0,0,0,0,0,-215000,0,0,0,0,215000,-215000,-215000
3576,聯合再生        ,324000,539000,-215000,0,0,0,0,0,0,0,0,0,0,0,0,0,-215000
1722,台肥            ,289000,514000,-225000,0,0,0,8000,0,8000,1000,5000,0,5000,0,4000,-4000,-216000
1592,英瑞-KY         ,0,216000,-216000,0,0,0,0,0,0,0,0,0,0,0,0,0,-216000
055555,全新凱基9A購01  ,0,0,0,0,0,0,0,0,0,-216000,0,0,0,0,216000,-216000,-216000
03670C,元油2X元富99牛01,0,0,0,0,0,0,0,0,0,-217000,0,0,0,0,217000,-217000,-217000
055301,台虹元大97購01  ,0,0,0,0,0,0,0,0,0,-218000,0,0,0,0,218000,-218000,-218000
060085,華通元大99購10  ,0,0,0,0,0,0,0,0,0,-219000,0,0,0,12000,231000,-219000,-219000
04706P,力山元大95售01  ,0,0,0,0,0,0,0,0,0,-219000,0,0,0,209000,428000,-219000,-219000
057397,茂林中信9A購01  ,0,0,0,0,0,0,0,0,0,-219000,0,0,0,40000,259000,-219000,-219000
8213,志超            ,284000,523000,-239000,0,0,0,0,1000,-1000,21000,0,0,0,36000,15000,21000,-219000
060303,宏達電富邦9B購01,0,0,0,0,0,0,0,0,0,-220000,0,0,0,159000,379000,-220000,-220000
058702,國巨元大99購16  ,0,0,0,0,0,0,0,0,0,-220000,0,0,0,0,220000,-220000,-220000
060211,智邦康和9A購01  ,0,0,0,0,0,0,0,0,0,-221000,0,0,0,10000,231000,-221000,-221000
060160,聯陽永豐9A購01  ,0,0,0,0,0,0,0,0,0,-221000,0,0,0,0,221000,-221000,-221000
9935,慶豐富          ,82000,303000,-221000,0,0,0,0,0,0,0,0,0,0,0,0,0,-221000
058772,茂林兆豐9A購01  ,0,0,0,0,0,0,0,0,0,-222000,0,0,0,0,222000,-222000,-222000
054745,智易凱基97購01  ,0,0,0,0,0,0,0,0,0,-223000,0,0,0,0,223000,-223000,-223000
059761,國巨永豐99購06  ,0,0,0,0,0,0,0,0,0,-223000,0,0,0,0,223000,-223000,-223000
2633,台灣高鐵        ,1451314,1798000,-346686,0,0,0,107000,1000,106000,17000,20000,0,20000,27000,30000,-3000,-223686
06072P,牧德永豐97售01  ,0,0,0,0,0,0,0,0,0,-224000,0,0,0,30000,254000,-224000,-224000
059819,台積電凱基99購17,0,0,0,0,0,0,0,0,0,-224000,0,0,0,85000,309000,-224000,-224000
061129,文曄永豐9A購01  ,0,0,0,0,0,0,0,0,0,-225000,0,0,0,0,225000,-225000,-225000
060193,群創元富9A購01  ,0,0,0,0,0,0,0,0,0,-225000,0,0,0,80000,305000,-225000,-225000
053170,茂林群益96購04  ,0,0,0,0,0,0,0,0,0,-225000,0,0,0,0,225000,-225000,-225000
059683,康控富邦9C購01  ,0,0,0,0,0,0,0,0,0,-225000,0,0,0,31000,256000,-225000,-225000
060957,SP黃豆凱基9A購04,0,0,0,0,0,0,0,0,0,-226000,0,0,0,0,226000,-226000,-226000
059952,旺宏康和99購01  ,0,0,0,0,0,0,0,0,0,-226000,0,0,0,26000,252000,-226000,-226000
07202P,台灣50凱基9C售04,0,0,0,0,0,0,0,0,0,-227000,0,0,0,170000,397000,-227000,-227000
057779,禾伸堂群益98購02,0,0,0,0,0,0,0,0,0,-227000,0,0,0,14000,241000,-227000,-227000
060982,旺宏元大9A購09  ,0,0,0,0,0,0,0,0,0,-228000,0,0,0,22000,250000,-228000,-228000
055060,聯陽永豐97購01  ,0,0,0,0,0,0,0,0,0,-228000,0,0,0,0,228000,-228000,-228000
00730,富邦臺灣優質高息,0,0,0,0,0,0,0,0,0,-229000,0,0,0,171000,400000,-229000,-229000
1723,中碳            ,61000,291000,-230000,0,0,0,0,0,0,0,0,0,0,0,0,0,-230000
058854,樺漢群益9B購01  ,0,0,0,0,0,0,0,0,0,-230000,0,0,0,15000,245000,-230000,-230000
056075,瀚宇博元大97購03,0,0,0,0,0,0,0,0,0,-231000,0,0,0,44000,275000,-231000,-231000
07618P,大立光中信9A售06,0,0,0,0,0,0,0,0,0,-233000,0,0,0,125000,358000,-233000,-233000
1305,華夏            ,408000,576000,-168000,0,0,0,0,0,0,-65000,0,65000,-65000,0,0,0,-233000
060940,國巨國票9B購03  ,0,0,0,0,0,0,0,0,0,-234000,0,0,0,33000,267000,-234000,-234000
060189,宏達電元富9B購03,0,0,0,0,0,0,0,0,0,-235000,0,0,0,13000,248000,-235000,-235000
056026,智易群益97購01  ,0,0,0,0,0,0,0,0,0,-236000,0,0,0,0,236000,-236000,-236000
060407,南六國泰9C購01  ,0,2000,-2000,0,0,0,0,0,0,-235000,0,0,0,98000,333000,-235000,-237000
061002,瑞昱兆豐9B購01  ,0,0,0,0,0,0,0,0,0,-237000,0,0,0,153000,390000,-237000,-237000
056459,茂林凱基99購01  ,0,0,0,0,0,0,0,0,0,-237000,0,0,0,20000,257000,-237000,-237000
2511,太子            ,127000,221000,-94000,0,0,0,0,0,0,-143000,0,0,0,0,143000,-143000,-237000
03810P,大立光富邦98售01,0,0,0,0,0,0,0,0,0,-238000,0,0,0,2000,240000,-238000,-238000
057609,友訊元富98購01  ,0,0,0,0,0,0,0,0,0,-238000,0,0,0,130000,368000,-238000,-238000
060563,智邦富邦9A購01  ,0,0,0,0,0,0,0,0,0,-239000,0,0,0,24000,263000,-239000,-239000
00638R,元大滬深300反1  ,155000,251000,-96000,0,0,0,0,0,0,-143000,0,0,0,266000,409000,-143000,-239000
053631,欣興兆豐97購01  ,0,0,0,0,0,0,0,0,0,-239000,0,0,0,126000,365000,-239000,-239000
057134,茂林凱基98購02  ,0,0,0,0,0,0,0,0,0,-239000,0,0,0,0,239000,-239000,-239000
060300,佐登國泰9B購01  ,0,0,0,0,0,0,0,0,0,-240000,0,0,0,0,240000,-240000,-240000
054771,茂林國票98購02  ,0,0,0,0,0,0,0,0,0,-240000,0,0,0,30000,270000,-240000,-240000
053018,旺宏元富96購02  ,0,0,0,0,0,0,0,0,0,-240000,0,0,0,2000,242000,-240000,-240000
059951,台塑康和99購01  ,0,0,0,0,0,0,0,0,0,-240000,0,0,0,0,240000,-240000,-240000
059213,國巨元大99購19  ,0,0,0,0,0,0,0,0,0,-241000,0,0,0,29000,270000,-241000,-241000
052452,茂林元大95購03  ,0,0,0,0,0,0,0,0,0,-241000,0,0,0,0,241000,-241000,-241000
059954,華新科康和99購01,0,0,0,0,0,0,0,0,0,-241000,0,0,0,50000,291000,-241000,-241000
058450,旺宏永豐99購01  ,0,0,0,0,0,0,0,0,0,-241000,0,0,0,67000,308000,-241000,-241000
055732,全新元富9A購01  ,0,0,0,0,0,0,0,0,0,-242000,0,0,0,0,242000,-242000,-242000
059982,聯發科元大99購37,0,0,0,0,0,0,0,0,0,-242000,0,0,0,707000,949000,-242000,-242000
056549,嘉聯益凱基98購04,0,0,0,0,0,0,0,0,0,-242000,0,0,0,100000,342000,-242000,-242000
058222,玉晶光統一9B購01,0,0,0,0,0,0,0,0,0,-242000,0,0,0,0,242000,-242000,-242000
058243,華擎元大99購01  ,0,0,0,0,0,0,0,0,0,-242000,0,0,0,386000,628000,-242000,-242000
07619P,鴻海統一9A售03  ,0,0,0,0,0,0,0,0,0,-243000,0,0,0,156000,399000,-243000,-243000
03433B,臺股指元大9C熊01,0,0,0,0,0,0,0,0,0,-243000,0,0,0,130000,373000,-243000,-243000
052227,瑞昱凱基95購05  ,0,0,0,0,0,0,0,0,0,-243000,0,0,0,94000,337000,-243000,-243000
057733,嘉聯益國泰99購01,0,0,0,0,0,0,0,0,0,-243000,0,0,0,0,243000,-243000,-243000
061205,旺宏元大9A購11  ,0,0,0,0,0,0,0,0,0,-244000,0,0,0,0,244000,-244000,-244000
052221,東元凱基95購01  ,0,0,0,0,0,0,0,0,0,-244000,0,0,0,0,244000,-244000,-244000
054163,燿華凱基97購02  ,0,0,0,0,0,0,0,0,0,-244000,0,0,0,48000,292000,-244000,-244000
055536,嘉聯益群益99購02,0,0,0,0,0,0,0,0,0,-245000,0,0,0,219000,464000,-245000,-245000
053849,聯發科元富96購04,0,0,0,0,0,0,0,0,0,-245000,0,0,0,0,245000,-245000,-245000
058385,創意中信99購01  ,0,0,0,0,0,0,0,0,0,-246000,0,0,0,80000,326000,-246000,-246000
058580,華新科群益99購02,0,0,0,0,0,0,0,0,0,-246000,0,0,0,0,246000,-246000,-246000
060963,禾伸堂凱基9A購01,0,0,0,0,0,0,0,0,0,-248000,0,0,0,20000,268000,-248000,-248000
060603,聯發科凱基9A購12,0,0,0,0,0,0,0,0,0,-248000,0,0,0,21000,269000,-248000,-248000
060824,旺宏元大9A購06  ,0,0,0,0,0,0,0,0,0,-249000,0,0,0,6000,255000,-249000,-249000
053347,茂林國票98購01  ,0,0,0,0,0,0,0,0,0,-249000,0,0,0,0,249000,-249000,-249000
056403,茂林群益98購01  ,0,0,0,0,0,0,0,0,0,-249000,0,0,0,34000,283000,-249000,-249000
055024,興勤國泰98購01  ,0,0,0,0,0,0,0,0,0,-250000,0,0,0,0,250000,-250000,-250000
055343,國巨凱基97購03  ,0,0,0,0,0,0,0,0,0,-250000,0,0,0,0,250000,-250000,-250000
07690P,華新科元大9A售15,0,0,0,0,0,0,0,0,0,-251000,0,0,0,0,251000,-251000,-251000
056183,南亞科統一97購02,0,0,0,0,0,0,0,0,0,-251000,0,0,0,0,251000,-251000,-251000
057240,茂林凱基9A購01  ,0,0,0,0,0,0,0,0,0,-251000,0,0,0,0,251000,-251000,-251000
055318,華通國票98購01  ,0,0,0,0,0,0,0,0,0,-252000,0,0,0,263000,515000,-252000,-252000
060925,華新科永豐9A購01,0,0,0,0,0,0,0,0,0,-254000,0,0,0,10000,264000,-254000,-254000
059200,京鼎永豐99購02  ,0,0,0,0,0,0,0,0,0,-254000,0,0,0,60000,314000,-254000,-254000
054874,帆宣群益99購02  ,0,0,0,0,0,0,0,0,0,-254000,0,0,0,0,254000,-254000,-254000
058327,大毅統一9B購01  ,0,0,0,0,0,0,0,0,0,-254000,0,0,0,90000,344000,-254000,-254000
059820,南亞科凱基99購07,0,0,0,0,0,0,0,0,0,-254000,0,0,0,5000,259000,-254000,-254000
060360,南亞科元富9A購02,0,0,0,0,0,0,0,0,0,-256000,0,0,0,65000,321000,-256000,-256000
059241,旺宏凱基99購07  ,0,0,0,0,0,0,0,0,0,-256000,0,0,0,118000,374000,-256000,-256000
058204,世芯凱基9A購01  ,0,0,0,0,0,0,0,0,0,-256000,0,0,0,99000,355000,-256000,-256000
07641P,上銀凱基9A售05  ,0,0,0,0,0,0,0,0,0,-257000,0,0,0,49000,306000,-257000,-257000
060025,台積電富邦9C購06,0,0,0,0,0,0,0,0,0,-257000,0,0,0,5000,262000,-257000,-257000
059475,元石油群益99購02,0,20000,-20000,0,0,0,0,0,0,-238000,0,0,0,0,238000,-238000,-258000
058200,世芯康和99購01  ,0,0,0,0,0,0,0,0,0,-259000,0,0,0,272000,531000,-259000,-259000
060488,台灣50群益9C購01,0,0,0,0,0,0,0,0,0,-260000,0,0,0,0,260000,-260000,-260000
053948,大立光富邦99購04,0,0,0,0,0,0,0,0,0,-260000,0,0,0,0,260000,-260000,-260000
052742,可成元大96購01  ,0,0,0,0,0,0,0,0,0,-260000,0,0,0,60000,320000,-260000,-260000
058153,景碩統一9B購01  ,0,0,0,0,0,0,0,0,0,-260000,0,0,0,22000,282000,-260000,-260000
058377,茂林凱基9A購03  ,0,0,0,0,0,0,0,0,0,-260000,0,0,0,0,260000,-260000,-260000
3036,文曄            ,284000,558000,-274000,0,0,0,0,2000,-2000,16000,0,5000,-5000,35000,14000,21000,-260000
060911,大毅元大9A購01  ,0,0,0,0,0,0,0,0,0,-261000,0,0,0,54000,315000,-261000,-261000
059438,群創元大99購06  ,0,0,0,0,0,0,0,0,0,-261000,0,0,0,328000,589000,-261000,-261000
9910,豐泰            ,427000,682100,-255100,0,0,0,0,3500,-3500,-5000,15000,20000,-5000,0,0,0,-263600
058691,友訊國票9A購01  ,0,0,0,0,0,0,0,0,0,-264000,0,0,0,0,264000,-264000,-264000
07715P,台灣50群益9A售14,0,0,0,0,0,0,0,0,0,-265000,0,0,0,0,265000,-265000,-265000
07386P,臺股指群益99售24,0,0,0,0,0,0,0,0,0,-265000,0,0,0,38000,303000,-265000,-265000
054426,國泰金富邦97購02,0,0,0,0,0,0,0,0,0,-265000,0,0,0,0,265000,-265000,-265000
061160,瑞祺群益9A購01  ,0,0,0,0,0,0,0,0,0,-266000,0,0,0,30000,296000,-266000,-266000
060155,友訊永豐9A購01  ,0,0,0,0,0,0,0,0,0,-266000,0,0,0,0,266000,-266000,-266000
057717,友訊元富98購02  ,0,0,0,0,0,0,0,0,0,-267000,0,0,0,100000,367000,-267000,-267000
061183,友達國泰9B購02  ,0,0,0,0,0,0,0,0,0,-268000,0,0,0,0,268000,-268000,-268000
058259,訊連國泰9B購01  ,0,0,0,0,0,0,0,0,0,-269000,0,0,0,0,269000,-269000,-269000
056961,凱美永豐98購01  ,0,0,0,0,0,0,0,0,0,-269000,0,0,0,0,269000,-269000,-269000
059289,瑞昱元富99購01  ,0,0,0,0,0,0,0,0,0,-270000,0,0,0,52000,322000,-270000,-270000
056241,緯創群益97購01  ,0,0,0,0,0,0,0,0,0,-270000,0,0,0,0,270000,-270000,-270000
054059,欣興國票97購03  ,0,0,0,0,0,0,0,0,0,-272000,0,0,0,0,272000,-272000,-272000
00654R,富邦印度反1     ,0,0,0,0,0,0,0,0,0,-272000,0,0,0,59000,331000,-272000,-272000
060553,祥碩凱基9A購01  ,0,0,0,0,0,0,0,0,0,-273000,0,0,0,140000,413000,-273000,-273000
059343,宏達電凱基99購04,0,0,0,0,0,0,0,0,0,-273000,0,0,0,151000,424000,-273000,-273000
057199,台達電元富02購01,0,0,0,0,0,0,0,0,0,-273000,0,0,0,155000,428000,-273000,-273000
056422,全新統一98購02  ,0,0,0,0,0,0,0,0,0,-274000,0,0,0,15000,289000,-274000,-274000
061236,台積電元大9A購24,0,0,0,0,0,0,0,0,0,-275000,0,0,0,0,275000,-275000,-275000
059706,嘉晶凱基99購01  ,0,0,0,0,0,0,0,0,0,-276000,0,0,0,25000,301000,-276000,-276000
057812,友達元大9A購05  ,0,0,0,0,0,0,0,0,0,-277000,0,0,0,100000,377000,-277000,-277000
3535,晶彩科          ,268000,545000,-277000,0,0,0,0,0,0,0,0,0,0,0,0,0,-277000
061121,智邦永豐9A購02  ,0,0,0,0,0,0,0,0,0,-279000,0,0,0,6000,285000,-279000,-279000
060642,華擎永豐9A購02  ,0,0,0,0,0,0,0,0,0,-279000,0,0,0,197000,476000,-279000,-279000
059729,群創元大9C購05  ,0,0,0,0,0,0,0,0,0,-279000,0,0,0,206000,485000,-279000,-279000
059914,台積電元大99購47,0,0,0,0,0,0,0,0,0,-280000,0,0,0,2000,282000,-280000,-280000
058675,康控群益9B購01  ,0,0,0,0,0,0,0,0,0,-280000,0,0,0,118000,398000,-280000,-280000
057265,聯詠兆豐98購01  ,0,0,0,0,0,0,0,0,0,-280000,0,0,0,0,280000,-280000,-280000
1217,愛之味          ,103000,385000,-282000,0,0,0,0,0,0,0,0,0,0,0,0,0,-282000
057426,元油2X兆豐9B購01,0,0,0,0,0,0,0,0,0,-282000,0,0,0,0,282000,-282000,-282000
2451,創見            ,138000,441000,-303000,0,0,0,39000,1000,38000,-17000,0,0,0,0,17000,-17000,-282000
6531,愛普            ,755000,1028100,-273100,0,0,0,0,8000,-8000,-1000,0,1000,-1000,0,0,0,-282100
06534P,聯發科群益98售04,0,0,0,0,0,0,0,0,0,-283000,0,0,0,18000,301000,-283000,-283000
059570,全新凱基99購04  ,0,0,0,0,0,0,0,0,0,-283000,0,0,0,0,283000,-283000,-283000
059878,聯茂凱基99購07  ,0,0,0,0,0,0,0,0,0,-283000,0,0,0,35000,318000,-283000,-283000
3044,健鼎            ,405000,769000,-364000,0,0,0,0,0,0,81000,73000,0,73000,8000,0,8000,-283000
058752,鈺齊凱基9A購01  ,0,0,0,0,0,0,0,0,0,-284000,0,0,0,61000,345000,-284000,-284000
057249,華邦電統一9A購01,0,0,0,0,0,0,0,0,0,-284000,0,0,0,248000,532000,-284000,-284000
055575,華新科統一98購01,0,0,0,0,0,0,0,0,0,-285000,0,0,0,0,285000,-285000,-285000
057255,聯發科麥證98購02,0,0,0,1000,286000,-285000,0,0,0,-285000,0,0,0,1000,286000,-285000,-285000
058225,旺宏元富99購01  ,0,0,0,0,0,0,0,0,0,-285000,0,0,0,2000,287000,-285000,-285000
061081,宏碁兆豐9A購01  ,0,0,0,0,0,0,0,0,0,-287000,0,0,0,84000,371000,-287000,-287000
051406,泰鼎永豐96購01  ,0,0,0,0,0,0,0,0,0,-288000,0,0,0,58000,346000,-288000,-288000
058860,SGBR2X凱基9A購01,0,0,0,0,0,0,0,0,0,-288000,0,0,0,0,288000,-288000,-288000
8210,勤誠            ,137000,264000,-127000,0,0,0,0,81000,-81000,-80000,0,80000,-80000,1000,1000,0,-288000
07597P,臺股指中信01售02,0,0,0,0,0,0,0,0,0,-289000,0,0,0,386000,675000,-289000,-289000
058984,全新凱基9A購03  ,0,0,0,0,0,0,0,0,0,-289000,0,0,0,0,289000,-289000,-289000
07423P,大立光元大99售33,0,0,0,0,0,0,0,0,0,-290000,0,0,0,0,290000,-290000,-290000
053494,南亞科兆豐96購02,0,0,0,0,0,0,0,0,0,-291000,0,0,0,0,291000,-291000,-291000
060246,晶相光元大9C購03,0,0,0,0,0,0,0,0,0,-294000,0,0,0,22000,316000,-294000,-294000
055874,中環元富9A購01  ,0,0,0,0,0,0,0,0,0,-297000,0,0,0,29000,326000,-297000,-297000
058963,華新科兆豐99購05,0,0,0,0,0,0,0,0,0,-298000,0,0,0,490000,788000,-298000,-298000
056028,GIS群益97購02   ,0,0,0,0,0,0,0,0,0,-298000,0,0,0,98000,396000,-298000,-298000
060632,可成富邦9B購01  ,0,0,0,0,0,0,0,0,0,-299000,0,0,0,621000,920000,-299000,-299000
055877,奇鋐元富97購01  ,0,0,0,0,0,0,0,0,0,-300000,0,0,0,70000,370000,-300000,-300000
057187,群創元大9B購04  ,0,0,0,0,0,0,0,0,0,-300000,0,0,0,0,300000,-300000,-300000
07638P,長榮航國票9A售01,0,0,0,0,0,0,0,0,0,-302000,0,0,0,5000,307000,-302000,-302000
056177,嘉澤元富97購01  ,0,0,0,0,0,0,0,0,0,-302000,0,0,0,144000,446000,-302000,-302000
060119,上銀富邦9B購03  ,0,0,0,0,0,0,0,0,0,-303000,0,0,0,109000,412000,-303000,-303000
059623,聯電凱基99購02  ,0,0,0,0,0,0,0,0,0,-303000,0,0,0,20000,323000,-303000,-303000
056812,泰鼎統一98購01  ,0,0,0,0,0,0,0,0,0,-303000,0,0,0,29000,332000,-303000,-303000
060406,瑞祺國泰9B購01  ,0,0,0,0,0,0,0,0,0,-304000,0,0,0,903000,1207000,-304000,-304000
059730,晶相光元大9C購02,0,0,0,0,0,0,0,0,0,-304000,0,0,0,21000,325000,-304000,-304000
061057,華新科國票9A購04,0,0,0,0,0,0,0,0,0,-305000,0,0,0,0,305000,-305000,-305000
059403,T50反1台新03購03,0,25000,-25000,0,0,0,0,0,0,-280000,0,0,0,46000,326000,-280000,-305000
059740,瑞昱元富99購02  ,0,0,0,0,0,0,0,0,0,-306000,0,0,0,13000,319000,-306000,-306000
058748,景碩凱基9A購01  ,0,0,0,0,0,0,0,0,0,-306000,0,0,0,104000,410000,-306000,-306000
058212,華新科群益9A購01,0,0,0,0,0,0,0,0,0,-307000,0,0,0,10000,317000,-307000,-307000
057729,華新科國泰99購04,0,0,0,0,0,0,0,0,0,-307000,0,0,0,15000,322000,-307000,-307000
2049,上銀            ,1047000,1399000,-352000,0,0,0,64000,0,64000,-20000,1000,26000,-25000,33000,28000,5000,-308000
056138,群創元大9B購01  ,0,0,0,0,0,0,0,0,0,-308000,0,0,0,0,308000,-308000,-308000
061076,台達電兆豐9A購01,0,0,0,0,0,0,0,0,0,-309000,0,0,0,5000,314000,-309000,-309000
061204,國巨元大9A購16  ,0,0,0,0,0,0,0,0,0,-309000,0,0,0,8000,317000,-309000,-309000
047673,瑞昱元富96購01  ,0,0,0,0,0,0,0,0,0,-309000,0,0,0,69000,378000,-309000,-309000
056572,義隆元大99購01  ,0,0,0,0,0,0,0,0,0,-309000,0,0,0,225000,534000,-309000,-309000
060020,康控康和99購01  ,0,0,0,0,0,0,0,0,0,-311000,0,0,0,70000,381000,-311000,-311000
060435,鈺齊永豐9A購01  ,0,0,0,0,0,0,0,0,0,-312000,0,0,0,15000,327000,-312000,-312000
060008,華邦電群益9A購01,0,0,0,0,0,0,0,0,0,-312000,0,0,0,0,312000,-312000,-312000
057206,立積元富98購01  ,0,0,0,0,0,0,0,0,0,-312000,0,0,0,173000,485000,-312000,-312000
059474,元石油群益99購01,0,0,0,0,0,0,0,0,0,-313000,0,0,0,0,313000,-313000,-313000
058312,大毅國泰9B購01  ,0,0,0,0,0,0,0,0,0,-315000,0,0,0,108000,423000,-315000,-315000
061168,力成兆豐9A購01  ,0,0,0,0,0,0,0,0,0,-316000,0,0,0,65000,381000,-316000,-316000
060761,南亞科元大9A購05,0,0,0,0,0,0,0,0,0,-316000,0,0,0,51000,367000,-316000,-316000
052959,聯電凱基97購01  ,0,0,0,0,0,0,0,0,0,-320000,0,0,0,10000,330000,-320000,-320000
05590P,臺股指中信96售05,0,0,0,0,0,0,0,0,0,-320000,0,0,0,0,320000,-320000,-320000
059918,華新科元大99購20,0,0,0,0,0,0,0,0,0,-320000,0,0,0,18000,338000,-320000,-320000
060687,GIS元大9A購01   ,0,0,0,0,0,0,0,0,0,-321000,0,0,0,21000,342000,-321000,-321000
058315,TPK富邦9C購01   ,0,0,0,0,0,0,0,0,0,-321000,0,0,0,30000,351000,-321000,-321000
058348,台表科群益99購01,0,0,0,0,0,0,0,0,0,-322000,0,0,0,0,322000,-322000,-322000
058930,華新科統一9B購01,0,0,0,0,0,0,0,0,0,-322000,0,0,0,30000,352000,-322000,-322000
07635P,世芯永豐9A售05  ,0,0,0,0,0,0,0,0,0,-324000,0,0,0,42000,366000,-324000,-324000
046942,友達元大99購01  ,0,0,0,0,0,0,0,0,0,-324000,0,0,0,6000,330000,-324000,-324000
052695,台表科中信98購01,0,0,0,0,0,0,0,0,0,-325000,0,0,0,0,325000,-325000,-325000
054244,華新元大96購01  ,0,0,0,0,0,0,0,0,0,-325000,0,0,0,0,325000,-325000,-325000
060093,友達元大03購01  ,0,0,0,0,0,0,0,0,0,-326000,0,0,0,54000,380000,-326000,-326000
057573,京鼎永豐98購02  ,0,0,0,0,0,0,0,0,0,-327000,0,0,0,0,327000,-327000,-327000
057393,台積電中信02購01,0,0,0,0,0,0,0,0,0,-330000,0,0,0,0,330000,-330000,-330000
060236,精元元大9C購01  ,0,0,0,0,0,0,0,0,0,-331000,0,0,0,12000,343000,-331000,-331000
052542,友達元富98購01  ,0,0,0,0,0,0,0,0,0,-333000,0,0,0,0,333000,-333000,-333000
057740,茂林富邦9A購01  ,0,0,0,0,0,0,0,0,0,-334000,0,0,0,3000,337000,-334000,-334000
00717,富邦美國特別股  ,0,0,0,0,0,0,0,0,0,-334527,0,0,0,264000,598527,-334527,-334527
060625,華擎元大9A購01  ,0,0,0,0,0,0,0,0,0,-335000,0,0,0,90000,425000,-335000,-335000
060674,瑞昱元大9A購03  ,0,0,0,0,0,0,0,0,0,-335000,0,0,0,58000,393000,-335000,-335000
057008,華新科中信99購02,0,0,0,0,0,0,0,0,0,-335000,0,0,0,160000,495000,-335000,-335000
057762,全新凱基99購03  ,0,0,0,0,0,0,0,0,0,-336000,0,0,0,0,336000,-336000,-336000
057997,旺宏第一9C購01  ,0,0,0,0,0,0,0,0,0,-339000,0,0,0,10000,349000,-339000,-339000
061023,茂林國泰9B購02  ,0,0,0,0,0,0,0,0,0,-341000,0,0,0,10000,351000,-341000,-341000
059903,S&P正2元大99購02,0,0,0,0,0,0,0,0,0,-341000,0,0,0,0,341000,-341000,-341000
059157,元石油凱基9C購01,0,0,0,0,0,0,0,0,0,-342000,0,0,0,0,342000,-342000,-342000
060774,南亞科凱基9A購01,0,0,0,0,0,0,0,0,0,-343000,0,0,0,15000,358000,-343000,-343000
00675L,富邦臺灣加權正2 ,0,0,0,0,0,0,0,0,0,-345000,0,0,0,207000,552000,-345000,-345000
3437,榮創            ,492000,827000,-335000,0,0,0,0,0,0,-10000,0,10000,-10000,0,0,0,-345000
053516,茂林群益96購05  ,0,0,0,0,0,0,0,0,0,-346000,0,0,0,30000,376000,-346000,-346000
057158,義隆永豐99購01  ,0,0,0,0,0,0,0,0,0,-348000,0,0,0,96000,444000,-348000,-348000
057987,大立光元富98購02,0,0,0,0,0,0,0,0,0,-349000,0,0,0,498000,847000,-349000,-349000
055125,智原兆豐97購01  ,0,0,0,0,0,0,0,0,0,-350000,0,0,0,0,350000,-350000,-350000
058721,立積元富9C購01  ,0,0,0,0,0,0,0,0,0,-350000,0,0,0,182000,532000,-350000,-350000
2606,裕民            ,548000,759000,-211000,0,0,0,0,1000,-1000,-140000,0,140000,-140000,0,0,0,-352000
057696,聯電群益9A購01  ,0,0,0,0,0,0,0,0,0,-354000,0,0,0,67000,421000,-354000,-354000
060361,南亞科元富9A購03,0,0,0,0,0,0,0,0,0,-355000,0,0,0,32000,387000,-355000,-355000
059050,元油2X凱基9B購08,0,0,0,0,0,0,0,0,0,-355000,0,0,0,9000,364000,-355000,-355000
00674R,元大S&P黃金反1  ,0,30000,-30000,0,0,0,0,0,0,-328000,0,0,0,510000,838000,-328000,-358000
059288,旺宏元富99購03  ,0,0,0,0,0,0,0,0,0,-361000,0,0,0,0,361000,-361000,-361000
061074,儒鴻兆豐9B購01  ,0,0,0,0,0,0,0,0,0,-363000,0,0,0,10000,373000,-363000,-363000
054532,強茂國泰98購01  ,0,0,0,0,0,0,0,0,0,-363000,0,0,0,250000,613000,-363000,-363000
057278,可成元大98購06  ,0,0,0,0,0,0,0,0,0,-363000,0,0,0,42000,405000,-363000,-363000
058920,SGBR2X元富99購06,0,0,0,0,0,0,0,0,0,-364000,0,0,0,77000,441000,-364000,-364000
3698,隆達            ,637000,957000,-320000,0,0,0,0,0,0,-44000,28000,73000,-45000,1000,0,1000,-364000
060131,GIS永豐99購03   ,0,0,0,0,0,0,0,0,0,-365000,0,0,0,40000,405000,-365000,-365000
060582,玉晶光群益9C購01,0,0,0,0,0,0,0,0,0,-366000,0,0,0,0,366000,-366000,-366000
059286,S&P正2元富01購03,0,0,0,0,0,0,0,0,0,-366000,0,0,0,2000,368000,-366000,-366000
054031,中鋼中信98購01  ,0,0,0,0,0,0,0,0,0,-366000,0,0,0,0,366000,-366000,-366000
057817,景碩元大98購01  ,0,0,0,0,0,0,0,0,0,-366000,0,0,0,14000,380000,-366000,-366000
054221,華新科統一96購05,0,0,0,0,0,0,0,0,0,-367000,0,0,0,112000,479000,-367000,-367000
061114,南電元大9A購04  ,0,0,0,0,0,0,0,0,0,-368000,0,0,0,110000,478000,-368000,-368000
060937,T50反1國票9A購10,0,0,0,0,0,0,0,0,0,-368000,0,0,0,715000,1083000,-368000,-368000
9136,巨騰-DR         ,0,370000,-370000,0,0,0,0,0,0,0,0,0,0,0,0,0,-370000
3045,台灣大          ,1013000,1311350,-298350,0,0,0,23000,2000,21000,-93000,1000,94000,-93000,0,0,0,-370350
00692,富邦公司治理    ,2000,2000,0,0,0,0,0,0,0,-371000,0,0,0,1276000,1647000,-371000,-371000
054351,華新科國泰97購03,0,0,0,0,0,0,0,0,0,-372000,0,0,0,70000,442000,-372000,-372000
057061,華擎國泰9A購01  ,0,0,0,0,0,0,0,0,0,-372000,0,0,0,195000,567000,-372000,-372000
3702A,大聯大甲特      ,0,8000,-8000,0,0,0,0,0,0,-365000,0,365000,-365000,0,0,0,-373000
060706,群創富邦9A購01  ,0,0,0,0,0,0,0,0,0,-375000,0,0,0,0,375000,-375000,-375000
060232,友訊元大9C購01  ,0,0,0,0,0,0,0,0,0,-375000,0,0,0,20000,395000,-375000,-375000
060616,宏碁元大9A購02  ,0,0,0,0,0,0,0,0,0,-379000,0,0,0,2000,381000,-379000,-379000
058280,SGBR2X中信99購01,0,0,0,0,0,0,0,0,0,-380000,0,0,0,0,380000,-380000,-380000
058577,南亞科群益99購02,0,0,0,0,0,0,0,0,0,-380000,0,0,0,52000,432000,-380000,-380000
059676,台積電台新99購05,0,0,0,0,0,0,0,0,0,-380000,0,0,0,20000,400000,-380000,-380000
3545,敦泰            ,2818000,3006000,-188000,0,0,0,0,0,0,-192000,0,0,0,0,192000,-192000,-380000
060186,義隆元富9A購01  ,0,0,0,0,0,0,0,0,0,-383000,0,0,0,288000,671000,-383000,-383000
059166,友達凱基99購05  ,0,0,0,0,0,0,0,0,0,-383000,0,0,0,101000,484000,-383000,-383000
052893,聯電群益98購01  ,0,0,0,0,0,0,0,0,0,-385000,0,0,0,0,385000,-385000,-385000
058990,GIS凱基99購02   ,0,0,0,0,0,0,0,0,0,-386000,0,0,0,67000,453000,-386000,-386000
060214,茂林康和9A購01  ,0,0,0,0,0,0,0,0,0,-388000,0,0,0,0,388000,-388000,-388000
055902,同欣電中信99購01,0,0,0,0,0,0,0,0,0,-388000,0,0,0,0,388000,-388000,-388000
4133,亞諾法          ,348000,736000,-388000,0,0,0,0,0,0,0,0,0,0,0,0,0,-388000
4414,如興            ,141000,528000,-387000,0,0,0,0,0,0,-2000,0,2000,-2000,0,0,0,-389000
060505,友達元大9C購05  ,0,0,0,0,0,0,0,0,0,-390000,0,0,0,12000,402000,-390000,-390000
052324,康友元大96購02  ,0,0,0,0,0,0,0,0,0,-390000,0,0,0,0,390000,-390000,-390000
053510,聯電群益97購01  ,0,0,0,0,0,0,0,0,0,-391000,0,0,0,110000,501000,-391000,-391000
055030,帆宣國泰99購02  ,0,0,0,0,0,0,0,0,0,-391000,0,0,0,0,391000,-391000,-391000
057820,華擎元大98購02  ,0,0,0,0,0,0,0,0,0,-391000,0,0,0,308000,699000,-391000,-391000
060800,華新科第一9A購01,0,0,0,0,0,0,0,0,0,-393000,0,0,0,599000,992000,-393000,-393000
059295,大立光元富99購05,0,0,0,0,0,0,0,0,0,-393000,0,0,0,247000,640000,-393000,-393000
059695,聯鈞永豐99購02  ,0,0,0,0,0,0,0,0,0,-393000,0,0,0,22000,415000,-393000,-393000
060299,友訊國泰9B購01  ,0,0,0,0,0,0,0,0,0,-394000,0,0,0,98000,492000,-394000,-394000
059834,友達國泰9B購01  ,0,0,0,0,0,0,0,0,0,-394000,0,0,0,63000,457000,-394000,-394000
060390,聯鈞群益9A購01  ,0,0,0,0,0,0,0,0,0,-395000,0,0,0,169000,564000,-395000,-395000
058820,致茂國泰9B購01  ,0,0,0,0,0,0,0,0,0,-396000,0,0,0,0,396000,-396000,-396000
055025,華新科國泰98購02,0,0,0,0,0,0,0,0,0,-397000,0,0,0,10000,407000,-397000,-397000
00640L,富邦日本正2     ,0,0,0,0,0,0,0,0,0,-398000,0,0,0,559000,957000,-398000,-398000
059680,台積電國泰9A購03,0,0,0,0,0,0,0,0,0,-399000,0,0,0,222000,621000,-399000,-399000
061132,志超永豐9A購01  ,0,0,0,0,0,0,0,0,0,-400000,0,0,0,1000,401000,-400000,-400000
050799,嘉聯益中信98購01,0,0,0,0,0,0,0,0,0,-400000,0,0,0,0,400000,-400000,-400000
058245,訊連元大99購01  ,0,0,0,0,0,0,0,0,0,-402000,0,0,0,171000,573000,-402000,-402000
056769,國產元大98購01  ,0,0,0,0,0,0,0,0,0,-402000,0,0,0,68000,470000,-402000,-402000
052237,嘉澤國票96購02  ,0,0,0,0,0,0,0,0,0,-404000,0,0,0,29000,433000,-404000,-404000
07459P,緯穎元大9A售01  ,0,0,0,0,0,0,0,0,0,-405000,0,0,0,67000,472000,-405000,-405000
060764,華擎元大9A購03  ,0,0,0,0,0,0,0,0,0,-406000,0,0,0,170000,576000,-406000,-406000
060908,金像電元大9A購03,0,0,0,0,0,0,0,0,0,-407000,0,0,0,13000,420000,-407000,-407000
060634,矽創富邦9B購01  ,0,0,0,0,0,0,0,0,0,-407000,0,0,0,0,407000,-407000,-407000
057940,和大國票99購01  ,0,0,0,0,0,0,0,0,0,-407000,0,0,0,29000,436000,-407000,-407000
6239,力成            ,3975752,3897000,78752,0,0,0,644000,628000,16000,-503000,165000,413000,-248000,60000,315000,-255000,-408248
058559,華新科日盛99購02,0,0,0,0,0,0,0,0,0,-411000,0,0,0,3000,414000,-411000,-411000
060428,瑞祺永豐9A購01  ,0,0,0,0,0,0,0,0,0,-413000,0,0,0,274000,687000,-413000,-413000
056589,康控統一98購01  ,0,0,0,0,0,0,0,0,0,-413000,0,0,0,15000,428000,-413000,-413000
3702,大聯大          ,1532000,1912901,-380901,0,0,0,16000,8000,8000,-41000,1000,2000,-1000,0,40000,-40000,-413901
1717,長興            ,135000,549000,-414000,0,0,0,0,0,0,0,0,0,0,0,0,0,-414000
054002,GIS群益96購03   ,0,0,0,0,0,0,0,0,0,-416000,0,0,0,0,416000,-416000,-416000
2889,國票金          ,377000,817000,-440000,0,0,0,0,2000,-2000,25000,30000,5000,25000,0,0,0,-417000
054164,強茂凱基98購01  ,0,0,0,0,0,0,0,0,0,-418000,0,0,0,53000,471000,-418000,-418000
054042,華泰元大96購01  ,0,0,0,0,0,0,0,0,0,-419000,0,0,0,0,419000,-419000,-419000
056684,旺宏統一98購02  ,0,0,0,0,0,0,0,0,0,-421000,0,0,0,10000,431000,-421000,-421000
059218,台積電元大99購31,0,0,0,0,0,0,0,0,0,-422000,0,0,0,0,422000,-422000,-422000
07640P,國巨群益9A售07  ,0,0,0,0,0,0,0,0,0,-423000,0,0,0,124000,547000,-423000,-423000
051748,超眾國泰96購01  ,0,0,0,0,0,0,0,0,0,-424000,0,0,0,0,424000,-424000,-424000
059338,滬深2X凱基9C購02,0,0,0,0,0,0,0,0,0,-429000,0,0,0,0,429000,-429000,-429000
059869,友達凱基99購07  ,0,0,0,0,0,0,0,0,0,-430000,0,0,0,10000,440000,-430000,-430000
059101,康控統一9A購01  ,0,0,0,0,0,0,0,0,0,-431000,0,0,0,0,431000,-431000,-431000
058955,台積電國票9A購04,0,0,0,0,0,0,0,0,0,-434000,0,0,0,182000,616000,-434000,-434000
060432,達方永豐9A購01  ,0,0,0,0,0,0,0,0,0,-438000,0,0,0,90000,528000,-438000,-438000
059308,T50反1元大99購07,0,0,0,0,0,0,0,0,0,-438000,0,0,0,38000,476000,-438000,-438000
058257,聯陽國泰9B購01  ,0,0,0,0,0,0,0,0,0,-438000,0,0,0,10000,448000,-438000,-438000
2915,潤泰全          ,449000,865000,-416000,0,0,0,4000,0,4000,-28000,1000,1000,0,3000,31000,-28000,-440000
058241,景碩元大99購05  ,0,0,0,0,0,0,0,0,0,-442000,0,0,0,53000,495000,-442000,-442000
059290,全新元富99購01  ,0,0,0,0,0,0,0,0,0,-443000,0,0,0,20000,463000,-443000,-443000
061306,瑞祺永豐9A購02  ,0,0,0,0,0,0,0,0,0,-444000,0,0,0,0,444000,-444000,-444000
061025,創意富邦9B購01  ,0,0,0,0,0,0,0,0,0,-446000,0,0,0,37000,483000,-446000,-446000
2912,統一超          ,315050,747861,-432811,0,0,0,0,1000,-1000,-18000,0,18000,-18000,0,0,0,-451811
061140,華擎統一9C購01  ,0,0,0,0,0,0,0,0,0,-452000,0,0,0,0,452000,-452000,-452000
054425,聯發科富邦99購03,0,0,0,0,0,0,0,0,0,-452000,0,0,0,0,452000,-452000,-452000
4746,台耀            ,624000,1075000,-451000,0,0,0,0,0,0,-2000,2000,4000,-2000,0,0,0,-453000
057730,聯鈞國泰9A購01  ,0,0,0,0,0,0,0,0,0,-456000,0,0,0,220000,676000,-456000,-456000
060365,京鼎元富9A購01  ,0,0,0,0,0,0,0,0,0,-458000,0,0,0,269000,727000,-458000,-458000
052943,奇力新國票96購02,0,0,0,0,0,0,0,0,0,-461000,0,0,0,92000,553000,-461000,-461000
061021,聯電國泰9B購01  ,0,0,0,0,0,0,0,0,0,-463000,0,0,0,7000,470000,-463000,-463000
054527,國巨統一97購03  ,0,0,0,0,0,0,0,0,0,-465000,0,0,0,0,465000,-465000,-465000
060918,康友國泰9C購01  ,0,0,0,0,0,0,0,0,0,-469000,0,0,0,11000,480000,-469000,-469000
060967,鈺齊凱基9A購02  ,0,0,0,0,0,0,0,0,0,-471000,0,0,0,6000,477000,-471000,-471000
07530P,聯發科凱基9A售11,0,0,0,0,0,0,0,0,0,-472000,0,0,0,0,472000,-472000,-472000
057625,泰鼎國泰9A購01  ,0,0,0,0,0,0,0,0,0,-473000,0,0,0,0,473000,-473000,-473000
060188,華新科元富9A購03,0,0,0,0,0,0,0,0,0,-476000,0,0,0,4000,480000,-476000,-476000
060398,立積國票9B購01  ,0,0,0,0,0,0,0,0,0,-478000,0,0,0,59000,537000,-478000,-478000
2106,建大            ,34000,512000,-478000,0,0,0,0,0,0,0,0,0,0,0,0,0,-478000
059879,GIS凱基99購03   ,0,0,0,0,0,0,0,0,0,-478000,0,0,0,0,478000,-478000,-478000
058831,茂林永豐99購01  ,0,0,0,0,0,0,0,0,0,-483000,0,0,0,0,483000,-483000,-483000
060552,群創凱基9B購05  ,0,0,0,0,0,0,0,0,0,-484000,0,0,0,158000,642000,-484000,-484000
056995,華新科日盛99購01,0,0,0,0,0,0,0,0,0,-485000,0,0,0,194000,679000,-485000,-485000
2367,燿華            ,1610000,2156000,-546000,0,0,0,0,2000,-2000,61000,1000,0,1000,79000,19000,60000,-487000
054109,南亞科凱基96購05,0,0,0,0,0,0,0,0,0,-487000,0,0,0,90000,577000,-487000,-487000
056160,智易凱基97購03  ,0,0,0,0,0,0,0,0,0,-487000,0,0,0,2000,489000,-487000,-487000
059870,全新凱基99購05  ,0,0,0,0,0,0,0,0,0,-487000,0,0,0,8000,495000,-487000,-487000
6005,群益證          ,379000,867000,-488000,0,0,0,0,5000,-5000,0,0,0,0,0,0,0,-493000
058267,奇鋐永豐99購01  ,0,0,0,0,0,0,0,0,0,-494000,0,0,0,10000,504000,-494000,-494000
058622,國巨國票99購07  ,0,0,0,0,0,0,0,0,0,-496000,0,0,0,0,496000,-496000,-496000
060483,友達富邦9A購01  ,0,0,0,0,0,0,0,0,0,-497000,0,0,0,20000,517000,-497000,-497000
1515,力山            ,579000,1115000,-536000,0,0,0,0,0,0,37000,4000,0,4000,52000,19000,33000,-499000
058892,元油2X元大9C購08,0,0,0,0,0,0,0,0,0,-500000,0,0,0,249000,749000,-500000,-500000
060991,京鼎元大9A購01  ,0,0,0,0,0,0,0,0,0,-501000,0,0,0,19000,520000,-501000,-501000
060779,臺股指凱基9A購07,0,0,0,0,0,0,0,0,0,-502000,0,0,0,85000,587000,-502000,-502000
058838,國巨中信99購03  ,0,0,0,0,0,0,0,0,0,-507000,0,0,0,500000,1007000,-507000,-507000
2812,台中銀          ,489000,1011000,-522000,0,0,0,0,2000,-2000,0,0,0,0,0,0,0,-524000
060436,巨大永豐9A購01  ,0,0,0,0,0,0,0,0,0,-529000,0,0,0,40000,569000,-529000,-529000
060698,旺宏國泰9C購01  ,0,0,0,0,0,0,0,0,0,-530000,0,0,0,199000,729000,-530000,-530000
1409,新纖            ,28000,560000,-532000,0,0,0,0,0,0,0,0,0,0,0,0,0,-532000
05920P,力成元大96售04  ,0,0,0,0,0,0,0,0,0,-538000,0,0,0,393000,931000,-538000,-538000
2439,美律            ,240099,715000,-474901,0,0,0,1000,0,1000,-71000,1000,0,1000,10000,82000,-72000,-544901
056855,祥碩中信98購02  ,0,0,0,0,0,0,0,0,0,-555000,0,0,0,0,555000,-555000,-555000
054805,台苯元大9A購01  ,0,0,0,0,0,0,0,0,0,-565000,0,0,0,0,565000,-565000,-565000
2903,遠百            ,122000,687000,-565000,0,0,0,0,0,0,0,0,0,0,0,0,0,-565000
060196,泰鼎元富9A購01  ,0,0,0,0,0,0,0,0,0,-577000,0,0,0,134000,711000,-577000,-577000
060238,強茂元大9C購01  ,0,0,0,0,0,0,0,0,0,-578000,0,0,0,14000,592000,-578000,-578000
03435B,臺股指凱基99熊29,0,0,0,0,0,0,0,0,0,-578000,0,0,0,1063000,1641000,-578000,-578000
9933,中鼎            ,173000,761000,-588000,0,0,0,7000,0,7000,0,0,0,0,0,0,0,-581000
2357,華碩            ,1079000,1675679,-596679,0,0,0,7000,4000,3000,12000,16000,0,16000,2000,6000,-4000,-581679
05476P,聯發科群益95售06,0,0,0,0,0,0,0,0,0,-585000,0,0,0,10000,595000,-585000,-585000
058234,華新科元大99購12,0,0,0,0,0,0,0,0,0,-585000,0,0,0,200000,785000,-585000,-585000
2456,奇力新          ,959000,1550000,-591000,0,0,0,0,100000,-100000,105000,146000,49000,97000,48000,40000,8000,-586000
060784,鴻海富邦9C購01  ,0,0,0,0,0,0,0,0,0,-588000,0,0,0,76000,664000,-588000,-588000
060789,禾伸堂富邦9B購02,0,0,0,0,0,0,0,0,0,-593000,0,0,0,185000,778000,-593000,-593000
060780,祥碩國泰9B購01  ,0,0,0,0,0,0,0,0,0,-594000,0,0,0,84000,678000,-594000,-594000
057731,華擎國泰9A購02  ,0,0,0,0,0,0,0,0,0,-595000,0,0,0,29000,624000,-595000,-595000
059872,華新科凱基01購01,0,0,0,0,0,0,0,0,0,-596000,0,0,0,146000,742000,-596000,-596000
056245,嘉澤群益97購01  ,0,0,0,0,0,0,0,0,0,-599000,0,0,0,69000,668000,-599000,-599000
4904,遠傳            ,943000,1494000,-551000,0,0,0,22000,1000,21000,-69000,1000,64000,-63000,0,6000,-6000,-599000
058994,道瓊指元大99購01,0,0,0,0,0,0,0,0,0,-600000,0,0,0,0,600000,-600000,-600000
060547,瑞昱凱基9A購01  ,0,0,0,0,0,0,0,0,0,-606000,0,0,0,429000,1035000,-606000,-606000
2605,新興            ,255000,819000,-564000,0,0,0,0,1000,-1000,-44000,80000,124000,-44000,0,0,0,-609000
059307,T50反1元大99購06,0,0,0,0,0,0,0,0,0,-612000,0,0,0,218000,830000,-612000,-612000
060928,明泰永豐9A購01  ,0,0,0,0,0,0,0,0,0,-613000,0,0,0,0,613000,-613000,-613000
059312,元石油元大99購05,0,0,0,0,0,0,0,0,0,-616000,0,0,0,717000,1333000,-616000,-616000
052938,華新科兆豐96購01,0,0,0,0,0,0,0,0,0,-623000,0,0,0,0,623000,-623000,-623000
059313,元石油元大99購06,0,0,0,0,0,0,0,0,0,-626000,0,0,0,466000,1092000,-626000,-626000
059876,智易凱基99購02  ,0,0,0,0,0,0,0,0,0,-632000,0,0,0,36000,668000,-632000,-632000
060548,友達凱基9B購03  ,0,0,0,0,0,0,0,0,0,-635000,0,0,0,0,635000,-635000,-635000
059298,大立光元富9C購02,0,0,0,0,0,0,0,0,0,-635000,0,0,0,57000,692000,-635000,-635000
059425,SGBR2X元大9A購02,0,0,0,0,0,0,0,0,0,-639000,0,0,0,275000,914000,-639000,-639000
6141,柏承            ,200000,841000,-641000,0,0,0,786,0,786,1000,1000,0,1000,0,0,0,-639214
2542,興富發          ,584328,1215000,-630672,0,0,0,11140,0,11140,-22000,14000,30000,-16000,0,6000,-6000,-641532
060429,南六永豐9A購01  ,0,0,0,0,0,0,0,0,0,-643000,0,0,0,376000,1019000,-643000,-643000
060237,友達元大9A購06  ,0,0,0,0,0,0,0,0,0,-652000,0,0,0,25000,677000,-652000,-652000
049007,玉晶光中信96購01,0,0,0,0,0,0,0,0,0,-653000,0,0,0,78000,731000,-653000,-653000
2603,長榮            ,2326000,2965000,-639000,0,0,0,0,4000,-4000,-10000,4000,36000,-32000,22000,0,22000,-653000
056255,華新科元富97購05,0,0,0,0,0,0,0,0,0,-655000,0,0,0,57000,712000,-655000,-655000
057054,立積元大98購03  ,0,0,0,0,0,0,0,0,0,-657000,0,0,0,80000,737000,-657000,-657000
056497,GIS國泰99購01   ,0,0,0,0,0,0,0,0,0,-659000,0,0,0,3000,662000,-659000,-659000
050892,聯電元大96購02  ,0,0,0,0,0,0,0,0,0,-660000,0,0,0,0,660000,-660000,-660000
1101,台泥            ,3413582,4650669,-1237087,0,0,0,714000,5000,709000,-138000,5000,100000,-95000,17000,60000,-43000,-666087
056189,樺漢統一97購02  ,0,0,0,0,0,0,0,0,0,-670000,0,0,0,107000,777000,-670000,-670000
07134P,臺股指元大9A售28,0,0,0,0,0,0,0,0,0,-673000,0,0,0,77000,750000,-673000,-673000
058977,SGBR2X凱基03購01,0,0,0,0,0,0,0,0,0,-673000,0,0,0,199000,872000,-673000,-673000
061118,GIS富邦9A購01   ,0,0,0,0,0,0,0,0,0,-678000,0,0,0,0,678000,-678000,-678000
059503,大立光富邦9B購04,0,0,0,0,0,0,0,0,0,-680000,0,0,0,144000,824000,-680000,-680000
058055,華擎統一9A購01  ,0,0,0,0,0,0,0,0,0,-682000,0,0,0,423000,1105000,-682000,-682000
2105,正新            ,1082000,1696000,-614000,0,0,0,0,1000,-1000,-72000,0,26000,-26000,0,46000,-46000,-687000
056515,燿華兆豐99購01  ,0,0,0,0,0,0,0,0,0,-690000,0,0,0,0,690000,-690000,-690000
060187,華新科元富9A購02,0,0,0,0,0,0,0,0,0,-691000,0,0,0,83000,774000,-691000,-691000
061214,華擎元大9A購04  ,0,0,0,0,0,0,0,0,0,-692000,0,0,0,19000,711000,-692000,-692000
057570,技嘉永豐98購02  ,0,0,0,0,0,0,0,0,0,-692000,0,0,0,0,692000,-692000,-692000
059675,大立光元富99購08,0,0,0,0,0,0,0,0,0,-712000,0,0,0,62000,774000,-712000,-712000
061161,南六群益9A購01  ,0,0,0,0,0,0,0,0,0,-716000,0,0,0,3000,719000,-716000,-716000
2103,台橡            ,686000,1418000,-732000,0,0,0,0,0,0,0,0,0,0,0,0,0,-732000
2442,新美齊          ,82000,819000,-737000,0,0,0,0,0,0,0,2000,2000,0,0,0,0,-737000
00634R,富邦上証反1     ,0,34000,-34000,0,0,0,0,0,0,-708000,0,0,0,176000,884000,-708000,-742000
00676R,富邦臺灣加權反1 ,0,0,0,0,0,0,0,0,0,-746000,0,0,0,1429000,2175000,-746000,-746000
054796,康普群益98購01  ,0,0,0,0,0,0,0,0,0,-750000,0,0,0,0,750000,-750000,-750000
058910,泰鼎元大99購03  ,0,0,0,0,0,0,0,0,0,-752000,0,0,0,247000,999000,-752000,-752000
059814,SP黃豆凱基9A購02,0,0,0,0,0,0,0,0,0,-773000,0,0,0,29000,802000,-773000,-773000
057721,華擎元富98購02  ,0,0,0,0,0,0,0,0,0,-774000,0,0,0,627000,1401000,-774000,-774000
047690,美律富邦97購01  ,0,0,0,0,0,0,0,0,0,-780000,0,0,0,50000,830000,-780000,-780000
00631L,元大台灣50正2   ,490000,581000,-91000,0,0,0,0,0,0,-701000,0,0,0,2431000,3132000,-701000,-792000
1434,福懋            ,604000,1408000,-804000,0,0,0,11000,0,11000,0,0,0,0,0,0,0,-793000
1102,亞泥            ,2779609,3238000,-458391,0,0,0,39000,4000,35000,-372000,0,273000,-273000,0,99000,-99000,-795391
9921,巨大            ,456000,1327104,-871104,0,0,0,40000,0,40000,21000,10000,0,10000,11000,0,11000,-810104
00850,元大臺灣ESG永續 ,0,2000,-2000,0,0,0,0,0,0,-823000,0,0,0,630000,1453000,-823000,-825000
059370,玉晶光元富99購02,0,0,0,0,0,0,0,0,0,-840000,0,0,0,76000,916000,-840000,-840000
060700,華新科國泰9C購01,0,0,0,0,0,0,0,0,0,-849000,0,0,0,185000,1034000,-849000,-849000
07279P,台灣50台新99售02,0,0,0,0,0,0,0,0,0,-882000,0,0,0,64000,946000,-882000,-882000
058181,華新科國泰9B購01,0,0,0,0,0,0,0,0,0,-892000,0,0,0,41000,933000,-892000,-892000
3706,神達            ,1248000,1617000,-369000,0,0,0,0,521000,-521000,-2000,0,0,0,57000,59000,-2000,-892000
058180,華新科國泰9A購01,0,0,0,0,0,0,0,0,0,-909000,0,0,0,250000,1159000,-909000,-909000
2201,裕隆            ,966000,2092000,-1126000,0,0,0,200000,0,200000,-5000,0,0,0,0,5000,-5000,-931000
059922,大立光元大99購25,0,0,0,0,0,0,0,0,0,-950000,0,0,0,29000,979000,-950000,-950000
059128,友達中信99購02  ,50000,0,50000,0,0,0,0,0,0,-1003000,0,0,0,189000,1192000,-1003000,-953000
07647P,健策國票9A售04  ,0,0,0,0,0,0,0,0,0,-954000,0,0,0,26000,980000,-954000,-954000
00875,國泰網路資安    ,0,249000,-249000,0,0,0,0,0,0,-716000,0,0,0,1256000,1972000,-716000,-965000
060699,華新科國泰9B購03,0,0,0,0,0,0,0,0,0,-967000,0,0,0,72000,1039000,-967000,-967000
052194,旺宏元富95購04  ,0,0,0,0,0,0,0,0,0,-967000,0,0,0,43000,1010000,-967000,-967000
00830,國泰費城半導體  ,686000,34000,652000,0,0,0,0,0,0,-1641000,0,0,0,1000,1642000,-1641000,-989000
6278,台表科          ,1738000,1929000,-191000,0,0,0,60000,768000,-708000,-104000,27000,93000,-66000,10000,48000,-38000,-1003000
3231,緯創            ,4208000,5301000,-1093000,0,0,0,5558,15000,-9442,86000,89000,2000,87000,99000,100000,-1000,-1016442
054612,慧洋永豐97購01  ,0,0,0,0,0,0,0,0,0,-1032000,0,0,0,0,1032000,-1032000,-1032000
2498,宏達電          ,916000,1820906,-904906,0,0,0,0,4000,-4000,-143000,2000,120000,-118000,48000,73000,-25000,-1051906
060051,台積電凱基9B購01,0,10000,-10000,0,0,0,0,0,0,-1060000,0,0,0,25000,1085000,-1060000,-1070000
2881,富邦金          ,8301000,9216810,-915810,0,0,0,83000,8000,75000,-235000,0,224000,-224000,24000,35000,-11000,-1075810
060561,台積電富邦04購01,0,0,0,0,0,0,0,0,0,-1076000,0,0,0,84000,1160000,-1076000,-1076000
059560,T50反1凱基99購08,0,0,0,0,0,0,0,0,0,-1093000,0,0,0,1776000,2869000,-1093000,-1093000
051133,台積電永豐95購02,0,0,0,0,0,0,0,0,0,-1098000,0,0,0,0,1098000,-1098000,-1098000
5876,上海商銀        ,1090000,2169000,-1079000,0,0,0,0,3000,-3000,-25000,0,0,0,5000,30000,-25000,-1107000
057707,臺股指群益98購07,0,0,0,0,0,0,0,0,0,-1109000,0,0,0,406000,1515000,-1109000,-1109000
00738U,元大道瓊白銀    ,242000,1000,241000,0,0,0,0,0,0,-1369000,0,0,0,535000,1904000,-1369000,-1128000
3038,全台            ,974000,2293000,-1319000,0,0,0,229,0,229,166000,178000,12000,166000,0,0,0,-1152771
2352,佳世達          ,769000,1507000,-738000,0,0,0,15000,545000,-530000,102000,106000,4000,102000,0,0,0,-1166000
03678C,臺股指凱基01牛02,0,0,0,0,0,0,0,0,0,-1167000,0,0,0,354000,1521000,-1167000,-1167000
054546,玉晶光中信9B購01,0,0,0,0,0,0,0,0,0,-1185000,0,0,0,0,1185000,-1185000,-1185000
9904,寶成            ,4043000,5229360,-1186360,0,0,0,0,2000,-2000,0,0,0,0,0,0,0,-1188360
057770,亞德客群益98購01,0,0,0,0,0,0,0,0,0,-1234000,0,0,0,10000,1244000,-1234000,-1234000
057972,群創富邦9C購01  ,0,0,0,0,0,0,0,0,0,-1249000,0,0,0,7000,1256000,-1249000,-1249000
2449,京元電子        ,1709000,2914000,-1205000,0,0,0,0,9000,-9000,-36000,116000,133000,-17000,188000,207000,-19000,-1250000
059100,元油2X統一9C購02,0,0,0,0,0,0,0,0,0,-1268000,0,0,0,277000,1545000,-1268000,-1268000
2882,國泰金          ,6479000,7584000,-1105000,0,0,0,0,9000,-9000,-177000,0,211000,-211000,34000,0,34000,-1291000
3037,欣興            ,9689000,10019000,-330000,0,0,0,0,810000,-810000,-154000,263000,392000,-129000,113000,138000,-25000,-1294000
2887,台新金          ,3472000,4769263,-1297263,0,0,0,0,6000,-6000,-14000,0,6000,-6000,0,8000,-8000,-1317263
03441B,臺股指凱基9A熊05,0,50000,-50000,0,0,0,0,0,0,-1277000,0,0,0,809000,2086000,-1277000,-1327000
00693U,街口S&P黃豆     ,283000,0,283000,0,0,0,0,0,0,-1620000,0,0,0,21000,1641000,-1620000,-1337000
061182,南六凱基9A購01  ,2000,0,2000,0,0,0,0,0,0,-1348000,0,0,0,12000,1360000,-1348000,-1346000
2474,可成            ,1446217,2812962,-1366745,0,0,0,27000,0,27000,-7000,6000,4000,2000,17000,26000,-9000,-1346745
1326,台化            ,1708821,2994984,-1286163,0,0,0,49000,3000,46000,-136000,0,103000,-103000,0,33000,-33000,-1376163
2823,中壽            ,3805000,5151000,-1346000,0,0,0,0,3000,-3000,-51000,0,3000,-3000,67000,115000,-48000,-1400000
2376,技嘉            ,1905000,2593000,-688000,0,0,0,20997,755000,-734003,-14000,0,0,0,53000,67000,-14000,-1436003
2102,泰豐            ,302000,1750000,-1448000,0,0,0,0,0,0,2000,2000,0,2000,0,0,0,-1446000
2834,臺企銀          ,3536185,5029450,-1493265,0,0,0,0,1000,-1000,-5000,1000,0,1000,0,6000,-6000,-1499265
060742,臺指反國票9B購02,0,0,0,0,0,0,0,0,0,-1524000,0,0,0,80000,1604000,-1524000,-1524000
00647L,元大S&P500正2   ,13000,14000,-1000,0,0,0,0,0,0,-1551000,0,0,0,363000,1914000,-1551000,-1552000
1402,遠東新          ,1604625,3220000,-1615375,0,0,0,0,3000,-3000,56000,56000,0,56000,0,0,0,-1562375
5880,合庫金          ,7724000,9052125,-1328125,0,0,0,0,6000,-6000,-230000,0,208000,-208000,0,22000,-22000,-1564125
060932,南六永豐9A購02  ,0,0,0,0,0,0,0,0,0,-1570000,0,0,0,85000,1655000,-1570000,-1570000
2363,矽統            ,1091000,2676000,-1585000,0,0,0,0,0,0,1000,1000,0,1000,0,0,0,-1584000
056829,台積電富邦9A購01,0,0,0,0,0,0,0,0,0,-1607000,0,0,0,0,1607000,-1607000,-1607000
059883,T50反1國票99購02,0,0,0,0,0,0,0,0,0,-1668000,0,0,0,404000,2072000,-1668000,-1668000
2884,玉山金          ,8569503,10113544,-1544041,0,0,0,0,7000,-7000,-148000,82000,192000,-110000,37000,75000,-38000,-1699041
2312,金寶            ,670000,2423000,-1753000,0,0,0,0,2000,-2000,55000,0,0,0,76000,21000,55000,-1700000
4938,和碩            ,5375343,6069000,-693657,0,0,0,0,1013000,-1013000,-61000,54000,80000,-26000,8000,43000,-35000,-1767657
3042,晶技            ,2926000,4305000,-1379000,0,0,0,439587,814000,-374413,-75000,189000,305000,-116000,94000,53000,41000,-1828413
059841,國巨富邦9C購01  ,1000,0,1000,0,0,0,0,0,0,-1859000,0,0,0,283000,2142000,-1859000,-1858000
00670L,富邦NASDAQ正2   ,9000,124000,-115000,0,0,0,0,0,0,-1755000,0,0,0,393000,2148000,-1755000,-1870000
1301,台塑            ,2325000,3519377,-1194377,0,0,0,61000,588000,-527000,-161000,0,162000,-162000,22000,21000,1000,-1882377
061001,智邦兆豐9B購01  ,0,0,0,0,0,0,0,0,0,-2080000,0,0,0,86000,2166000,-2080000,-2080000
052602,聯電元大97購01  ,0,0,0,0,0,0,0,0,0,-2202000,0,0,0,25000,2227000,-2202000,-2202000
2317,鴻海            ,12111852,13805173,-1693321,0,0,0,0,9000,-9000,-583000,0,437000,-437000,248000,394000,-146000,-2285321
059114,華新科永豐99購05,0,0,0,0,0,0,0,0,0,-2462000,0,0,0,50000,2512000,-2462000,-2462000
3711,日月光投控      ,5788000,7740000,-1952000,0,0,0,0,402000,-402000,-165000,3000,182000,-179000,25000,11000,14000,-2519000
1216,統一            ,4209512,6621041,-2411529,0,0,0,11000,104000,-93000,-89000,2000,91000,-89000,0,0,0,-2593529
6251,定穎            ,3774000,5215000,-1441000,0,0,0,30356,152000,-121644,-1042000,204000,1246000,-1042000,0,0,0,-2604644
2801,彰銀            ,2451000,5077000,-2626000,0,0,0,0,8000,-8000,0,0,0,0,0,0,0,-2634000
1504,東元            ,535000,3177000,-2642000,0,0,0,0,1000,-1000,-51000,0,44000,-44000,0,7000,-7000,-2694000
6176,瑞儀            ,228000,2948000,-2720000,0,0,0,110000,62000,48000,-41000,70000,86000,-16000,7000,32000,-25000,-2713000
2610,華航            ,2665000,5499000,-2834000,0,0,0,0,7000,-7000,-52000,10000,0,10000,0,62000,-62000,-2893000
2880,華南金          ,3722000,6289000,-2567000,0,0,0,0,10000,-10000,-377000,0,377000,-377000,0,0,0,-2954000
2618,長榮航          ,3508000,6311162,-2803162,0,0,0,0,1000,-1000,-315000,32000,212000,-180000,40000,175000,-135000,-3119162
2344,華邦電          ,5383000,8180000,-2797000,0,0,0,0,15000,-15000,-471000,83000,434000,-351000,191000,311000,-120000,-3283000
2454,聯發科          ,3692681,6192123,-2499442,0,0,0,0,751000,-751000,-280000,36000,218000,-182000,82000,180000,-98000,-3530442
00715L,街口布蘭特油正2 ,5000,900000,-895000,0,0,0,0,0,0,-2882000,0,3000,-3000,1301000,4180000,-2879000,-3777000
2313,華通            ,2461000,5705000,-3244000,0,0,0,3000,105000,-102000,-483000,604000,782000,-178000,220000,525000,-305000,-3829000
2002,中鋼            ,5125076,8894314,-3769238,0,0,0,0,7000,-7000,-559000,0,559000,-559000,0,0,0,-4335238
2888,新光金          ,9462000,13459602,-3997602,0,0,0,0,2000,-2000,-621000,126000,149000,-23000,267000,865000,-598000,-4620602
0050,元大台灣50      ,2000,3728000,-3726000,0,0,0,34000,0,34000,-1539000,30000,100000,-70000,1036000,2505000,-1469000,-5231000
2892,第一金          ,5933000,9619586,-3686586,0,0,0,0,486000,-486000,-1506000,4000,1504000,-1500000,0,6000,-6000,-5678586
2886,兆豐金          ,4755438,10777000,-6021562,0,0,0,157000,10000,147000,-268000,0,229000,-229000,0,39000,-39000,-6142562
2330,台積電          ,18711815,24800236,-6088421,0,0,0,4000,327000,-323000,-214000,377000,728000,-351000,470000,333000,137000,-6625421
2891,中信金          ,19844000,26957000,-7113000,0,0,0,38000,14000,24000,-311000,1000,318000,-317000,10000,4000,6000,-7400000
00672L,元大S&P原油正2  ,53000,1008000,-955000,0,0,0,0,0,0,-6850000,135000,135000,0,474000,7324000,-6850000,-7805000
2885,元大金          ,8391644,19632000,-11240356,0,0,0,127000,13000,114000,23830,8000,0,8000,16000,170,15830,-11102526
00852L,國泰美國道瓊正2 ,722000,2532000,-1810000,0,0,0,0,0,0,-11700000,0,0,0,4325000,16025000,-11700000,-13510000
00642U,元大S&P石油     ,100000,10000,90000,0,0,0,0,0,0,-34238000,0,0,0,469000,34707000,-34238000,-34148000
00632R,元大台灣50反1   ,855000,1049000,-194000,0,0,0,0,0,0,-47159000,1570000,4897000,-3327000,24708000,68540000,-43832000,-47353000
