證券代號,證券名稱,外陸資買進股數(不含外資自營商),外陸資賣出股數(不含外資自營商),外陸資買賣超股數(不含外資自營商),外資自營商買進股數,外資自營商賣出股數,外資自營商買賣超股數,投信買進股數,投信賣出股數,投信買賣超股數,自營商買賣超股數,自營商買進股數(自行買賣),自營商賣出股數(自行買賣),自營商買賣超股數(自行買賣),自營商買進股數(避險),自營商賣出股數(避險),自營商買賣超股數(避險),三大法人買賣超股數
00637L,元大滬深300正2  ,11691000,1925000,9766000,0,0,0,0,0,0,25529000,200000,0,200000,40368000,15039000,25329000,35295000
3481,群創            ,48820284,21856695,26963589,0,0,0,0,159000,-159000,-2523000,679000,878000,-199000,298000,2622000,-2324000,24281589
2303,聯電            ,35876623,14572163,21304460,0,0,0,4000,238000,-234000,5000,407000,330000,77000,218000,290000,-72000,21075460
2409,友達            ,28566312,8482678,20083634,0,0,0,0,163000,-163000,-919000,237000,430000,-193000,531000,1257000,-726000,19001634
2888,新光金          ,25274970,8816822,16458148,0,0,0,1000,18000,-17000,-174000,20000,552000,-532000,1143000,785000,358000,16267148
00677U,富邦VIX         ,14996000,3376000,11620000,0,0,0,0,0,0,2684000,0,10000,-10000,6701000,4007000,2694000,14304000
2344,華邦電          ,18394691,8383709,10010982,0,0,0,1000,54000,-53000,-463000,268000,470000,-202000,529000,790000,-261000,9494982
2330,台積電          ,25429988,15850897,9579091,0,0,0,173000,536000,-363000,-272000,247000,160000,87000,116000,475000,-359000,8944091
2356,英業達          ,8177472,2072862,6104610,0,0,0,1500000,61000,1439000,766000,453000,0,453000,415000,102000,313000,8309610
2891,中信金          ,13559530,7994770,5564760,0,0,0,1350000,28000,1322000,-8000,2000,0,2000,0,10000,-10000,6878760
00852L,國泰美國道瓊正2 ,1170000,0,1170000,0,0,0,0,0,0,5133000,300000,0,300000,8812000,3979000,4833000,6303000
2882,國泰金          ,11736957,5712452,6024505,0,0,0,4000,13000,-9000,71000,0,0,0,207000,136000,71000,6086505
00861,元大全球未來通訊,612000,10000,602000,0,0,0,0,0,0,4995000,50000,0,50000,5000000,55000,4945000,5597000
2201,裕隆            ,6200000,3713000,2487000,0,0,0,2948000,0,2948000,-333000,180000,30000,150000,776000,1259000,-483000,5102000
1434,福懋            ,6167886,1410020,4757866,0,0,0,365000,2000,363000,-54000,60000,114000,-54000,0,0,0,5066866
2308,台達電          ,9569018,6187035,3381983,0,0,0,348000,29000,319000,1317000,976000,31000,945000,393000,21000,372000,5017983
00633L,富邦上証正2     ,1367000,240000,1127000,0,0,0,0,0,0,3758000,150000,0,150000,6014000,2406000,3608000,4885000
0050,元大台灣50      ,5729820,115000,5614820,0,0,0,79000,0,79000,-817000,10000,20000,-10000,1602000,2409000,-807000,4876820
2881,富邦金          ,9294128,4608901,4685227,0,0,0,3000,11000,-8000,-100000,0,0,0,17000,117000,-100000,4577227
2317,鴻海            ,14057608,9554789,4502819,0,0,0,100000,18000,82000,-83000,34000,241000,-207000,467000,343000,124000,4501819
3189,景碩            ,2989000,736000,2253000,0,0,0,1572000,0,1572000,92000,14000,20000,-6000,219000,121000,98000,3917000
2809,京城銀          ,5396000,1972000,3424000,0,0,0,287000,0,287000,126000,240000,114000,126000,0,0,0,3837000
2603,長榮            ,4601000,4313000,288000,0,0,0,3202000,4000,3198000,225000,225000,0,225000,0,0,0,3711000
2610,華航            ,5461000,1868388,3592612,0,0,0,3000,4000,-1000,0,0,0,0,0,0,0,3591612
3231,緯創            ,7743422,6527887,1215535,0,0,0,2001000,56521,1944479,310000,72000,0,72000,380000,142000,238000,3470014
2885,元大金          ,17592576,13934574,3658002,0,0,0,66000,18000,48000,-299000,16000,334000,-318000,44000,25000,19000,3407002
08289P,智邦統一9C售01  ,0,0,0,0,0,0,0,0,0,3250000,0,0,0,3313000,63000,3250000,3250000
6505,台塑化          ,3641791,561219,3080572,0,0,0,65000,2000,63000,-12000,0,12000,-12000,0,0,0,3131572
2448,晶電            ,4118000,1310000,2808000,0,0,0,100000,68000,32000,140000,401000,247000,154000,0,14000,-14000,2980000
063316,聯發科群益9C購03,0,0,0,0,0,0,0,0,0,2682000,0,0,0,2787000,105000,2682000,2682000
5880,合庫金          ,7076886,4559810,2517076,0,0,0,3000,19015,-16015,0,0,0,0,0,0,0,2501061
2312,金寶            ,3194000,543000,2651000,0,0,0,1000,0,1000,-168000,0,0,0,8000,176000,-168000,2484000
07354P,臺股指國票99售22,0,0,0,0,0,0,0,0,0,2472000,0,0,0,2504000,32000,2472000,2472000
2387,精元            ,1391000,478000,913000,0,0,0,1586000,0,1586000,-218000,0,300000,-300000,164000,82000,82000,2281000
2313,華通            ,2080000,1949000,131000,0,0,0,2536000,264000,2272000,-154000,413000,472000,-59000,476000,571000,-95000,2249000
2027,大成鋼          ,3148772,1230000,1918772,0,0,0,0,0,0,292000,46000,154000,-108000,657000,257000,400000,2210772
2481,強茂            ,2817000,554000,2263000,0,0,0,80000,0,80000,-194000,20000,286000,-266000,82000,10000,72000,2149000
00655L,國泰中國A50正2  ,42000,51000,-9000,0,0,0,0,0,0,2043000,0,0,0,2949000,906000,2043000,2034000
06702P,智邦元富98售01  ,0,0,0,0,0,0,0,0,0,1996000,0,0,0,1996000,0,1996000,1996000
058178,國巨國泰9A購02  ,0,0,0,0,0,0,0,0,0,1964000,0,0,0,1974000,10000,1964000,1964000
062343,中石化群益9B購01,0,0,0,0,0,0,0,0,0,1912000,0,0,0,2034000,122000,1912000,1912000
056829,台積電富邦9A購01,5000,0,5000,0,0,0,0,0,0,1893000,0,0,0,1893000,0,1893000,1898000
2883,開發金          ,8185372,5537330,2648042,0,0,0,2000,21000,-19000,-752000,0,0,0,56000,808000,-752000,1877042
1402,遠東新          ,3728828,1987937,1740891,0,0,0,80000,6000,74000,6000,55000,2000,53000,191000,238000,-47000,1820891
2382,廣達            ,4771686,2314141,2457545,0,0,0,38000,421000,-383000,-288000,132000,406000,-274000,15000,29000,-14000,1786545
6271,同欣電          ,2650000,1420000,1230000,0,0,0,565000,60000,505000,0,392000,297000,95000,90000,185000,-95000,1735000
00850,元大臺灣ESG永續 ,1000,1000,0,0,0,0,0,0,0,1722000,0,0,0,1830000,108000,1722000,1722000
06638P,鴻海統一99售02  ,0,0,0,0,0,0,0,0,0,1708000,0,0,0,1818000,110000,1708000,1708000
1789,神隆            ,1911000,238000,1673000,0,0,0,0,0,0,32000,1000,4000,-3000,53000,18000,35000,1705000
2633,台灣高鐵        ,2463197,723441,1739756,0,0,0,0,3000,-3000,-56000,7000,0,7000,49000,112000,-63000,1680756
1536,和大            ,1523000,832000,691000,0,0,0,750000,0,750000,205000,148000,146000,2000,209000,6000,203000,1646000
4915,致伸            ,2722000,1766000,956000,0,0,0,475000,0,475000,199000,0,31000,-31000,297000,67000,230000,1630000
1309,台達化          ,2592000,702000,1890000,0,0,0,0,0,0,-300000,0,300000,-300000,0,0,0,1590000
2504,國產            ,2089000,1235000,854000,0,0,0,0,0,0,710000,403000,2000,401000,690000,381000,309000,1564000
054546,玉晶光中信9B購01,0,0,0,0,0,0,0,0,0,1542000,0,0,0,3478000,1936000,1542000,1542000
059188,京元電富邦9B購01,0,0,0,0,0,0,0,0,0,1524000,0,0,0,1592000,68000,1524000,1524000
064052,創意統一01購02  ,0,0,0,0,0,0,0,0,0,1507000,0,0,0,1707000,200000,1507000,1507000
057442,玉晶光統一98購03,0,0,0,0,0,0,0,0,0,1496000,0,0,0,1576000,80000,1496000,1496000
3029,零壹            ,1808000,349000,1459000,0,0,0,0,0,0,0,0,0,0,0,0,0,1459000
063051,仁寶統一01購01  ,0,0,0,0,0,0,0,0,0,1445000,0,0,0,1497000,52000,1445000,1445000
2323,中環            ,1848000,1757000,91000,0,0,0,0,3000,-3000,1318000,970000,41000,929000,390000,1000,389000,1406000
062809,同欣電統一9C購01,0,0,0,0,0,0,0,0,0,1401000,0,0,0,2614000,1213000,1401000,1401000
4958,臻鼎-KY         ,2078000,2173300,-95300,0,0,0,1312000,71000,1241000,170000,325000,125000,200000,92000,122000,-30000,1315700
056059,美律元大98購02  ,0,0,0,0,0,0,0,0,0,1300000,0,0,0,1300000,0,1300000,1300000
063453,創意統一9C購01  ,0,0,0,0,0,0,0,0,0,1286000,0,0,0,1286000,0,1286000,1286000
1303,南亞            ,3365467,2072177,1293290,0,0,0,2000,17000,-15000,-4000,4000,8000,-4000,0,0,0,1274290
5264,鎧勝-KY         ,2214000,940000,1274000,0,0,0,0,0,0,-16000,4000,5000,-1000,117000,132000,-15000,1258000
4119,旭富            ,1423000,143000,1280000,0,0,0,0,71000,-71000,40000,0,1000,-1000,59000,18000,41000,1249000
059948,正文永豐99購01  ,0,0,0,0,0,0,0,0,0,1244000,0,0,0,1412000,168000,1244000,1244000
2377,微星            ,2506200,739000,1767200,0,0,0,43000,592000,-549000,11000,79000,76000,3000,46000,38000,8000,1229200
07468P,聯電元大9A售02  ,0,0,0,0,0,0,0,0,0,1198000,0,0,0,1296000,98000,1198000,1198000
3698,隆達            ,1607000,499000,1108000,0,0,0,0,0,0,78000,70000,12000,58000,20000,0,20000,1186000
9938,百和            ,883000,489000,394000,0,0,0,80000,0,80000,677000,193000,9000,184000,503000,10000,493000,1151000
055891,鴻海統一9A購01  ,0,0,0,0,0,0,0,0,0,1120000,0,0,0,1523000,403000,1120000,1120000
3016,嘉晶            ,1798000,474000,1324000,0,0,0,0,103000,-103000,-104000,0,66000,-66000,27000,65000,-38000,1117000
00639,富邦深100       ,622000,5000,617000,0,0,0,0,0,0,494000,0,20000,-20000,1340000,826000,514000,1111000
057727,華邦電國泰9A購01,0,0,0,0,0,0,0,0,0,1103000,0,0,0,1257000,154000,1103000,1103000
063134,裕隆統一01購01  ,0,0,0,0,0,0,0,0,0,1098000,0,0,0,4212000,3114000,1098000,1098000
2371,大同            ,3431000,1470060,1960940,0,0,0,0,40000,-40000,-829000,26000,855000,-829000,0,0,0,1091940
058692,華邦電國票9B購01,0,0,0,0,0,0,0,0,0,1068000,0,0,0,1255000,187000,1068000,1068000
2360,致茂            ,1358451,361900,996551,0,0,0,12000,0,12000,23000,39000,20000,19000,5000,1000,4000,1031551
057746,同欣電永豐98購02,0,0,0,0,0,0,0,0,0,989000,0,0,0,1304000,315000,989000,989000
058137,玉晶光元大99購11,0,0,0,0,0,0,0,0,0,984000,0,0,0,1018000,34000,984000,984000
063055,創意統一9B購02  ,0,0,0,0,0,0,0,0,0,984000,0,0,0,1109000,125000,984000,984000
063198,仁寶統一01購02  ,0,0,0,0,0,0,0,0,0,983000,0,0,0,1127000,144000,983000,983000
056605,台積電富邦9B購02,0,0,0,0,0,0,0,0,0,982000,0,0,0,986000,4000,982000,982000
4967,十銓            ,1139000,172000,967000,0,0,0,0,0,0,0,0,0,0,0,0,0,967000
5471,松翰            ,2265000,1301000,964000,0,0,0,0,0,0,0,0,0,0,0,0,0,964000
056673,中石化元富9B購01,0,0,0,0,0,0,0,0,0,960000,0,0,0,1202000,242000,960000,960000
057609,友訊元富98購01  ,0,0,0,0,0,0,0,0,0,954000,0,0,0,1052000,98000,954000,954000
056266,開發金統一9A購01,0,0,0,0,0,0,0,0,0,942000,0,0,0,1157000,215000,942000,942000
053563,台積電富邦97購01,0,0,0,0,0,0,0,0,0,940000,0,0,0,940000,0,940000,940000
1909,榮成            ,1644000,838000,806000,0,0,0,100000,0,100000,20000,30000,10000,20000,0,0,0,926000
3545,敦泰            ,1560000,667000,893000,0,0,0,0,0,0,0,0,0,0,0,0,0,893000
6456,GIS-KY          ,1759000,670000,1089000,0,0,0,28000,167000,-139000,-58000,40000,69000,-29000,42000,71000,-29000,892000
063876,華新元富9C購01  ,0,0,0,0,0,0,0,0,0,870000,0,0,0,1251000,381000,870000,870000
063437,聚陽統一01購01  ,0,0,0,0,0,0,0,0,0,867000,0,0,0,1124000,257000,867000,867000
060121,新光金富邦99購01,0,0,0,0,0,0,0,0,0,862000,0,0,0,877000,15000,862000,862000
2454,聯發科          ,5021222,4154171,867051,0,0,0,33000,53000,-20000,13000,62000,56000,6000,79000,72000,7000,860051
058854,樺漢群益9B購01  ,0,0,0,0,0,0,0,0,0,851000,0,0,0,851000,0,851000,851000
06891P,緯穎富邦99售03  ,0,0,0,0,0,0,0,0,0,850000,0,0,0,1000000,150000,850000,850000
053524,聯電中信97購02  ,0,0,0,0,0,0,0,0,0,843000,0,0,0,863000,20000,843000,843000
00692,富邦公司治理    ,0,0,0,0,0,0,0,0,0,840000,0,0,0,2478000,1638000,840000,840000
1301,台塑            ,2607669,2047541,560128,0,0,0,265000,80000,185000,92000,114000,12000,102000,7000,17000,-10000,837128
058648,聯陽永豐99購01  ,0,0,0,0,0,0,0,0,0,833000,0,0,0,853000,20000,833000,833000
00643,群益深証中小    ,619000,39000,580000,0,0,0,0,0,0,247000,0,10000,-10000,265000,8000,257000,827000
054088,華新群益98購02  ,0,0,0,0,0,0,0,0,0,827000,0,0,0,917000,90000,827000,827000
8210,勤誠            ,871000,155000,716000,0,0,0,0,0,0,110000,0,0,0,114000,4000,110000,826000
2329,華泰            ,1317000,494000,823000,0,0,0,1000,0,1000,0,0,0,0,0,0,0,824000
062126,創意統一9B購01  ,0,0,0,0,0,0,0,0,0,804000,0,0,0,1101000,297000,804000,804000
063653,儒鴻元富9B購01  ,0,0,0,0,0,0,0,0,0,803000,0,0,0,830000,27000,803000,803000
06680P,智邦元大98售06  ,0,0,0,0,0,0,0,0,0,802000,0,0,0,806000,4000,802000,802000
056954,聯詠富邦9A購01  ,0,0,0,0,0,0,0,0,0,800000,0,0,0,822000,22000,800000,800000
062708,立積元大9B購01  ,0,0,0,0,0,0,0,0,0,796000,0,0,0,972000,176000,796000,796000
055080,正崴中信99購01  ,0,0,0,0,0,0,0,0,0,795000,0,0,0,815000,20000,795000,795000
0056,元大高股息      ,6103,3000,3103,0,0,0,50000,0,50000,733000,0,0,0,1033000,300000,733000,786103
050400,臻鼎中信97購01  ,0,0,0,0,0,0,0,0,0,786000,0,0,0,786000,0,786000,786000
063150,聯發科元富05購03,0,0,0,0,0,0,0,0,0,786000,0,0,0,829000,43000,786000,786000
060807,新光金群益9A購01,0,0,0,0,0,0,0,0,0,785000,0,0,0,1166000,381000,785000,785000
07406P,大立光凱基99售18,0,0,0,0,0,0,0,0,0,784000,0,0,0,1285000,501000,784000,784000
058537,彩晶統一9B購01  ,0,0,0,0,0,0,0,0,0,773000,0,0,0,1193000,420000,773000,773000
057717,友訊元富98購02  ,0,0,0,0,0,0,0,0,0,771000,0,0,0,975000,204000,771000,771000
063899,同欣電群益9C購01,0,0,0,0,0,0,0,0,0,768000,0,0,0,957000,189000,768000,768000
4414,如興            ,933000,174000,759000,0,0,0,0,0,0,4000,4000,0,4000,0,0,0,763000
5871,中租-KY         ,2123018,1364876,758142,0,0,0,1000,2000,-1000,5000,6000,4000,2000,14000,11000,3000,762142
6592,和潤企業        ,770000,102000,668000,0,0,0,0,0,0,81000,0,47000,-47000,175000,47000,128000,749000
053799,矽創中信9A購01  ,0,0,0,0,0,0,0,0,0,749000,0,0,0,1210000,461000,749000,749000
1308,亞聚            ,751000,146000,605000,0,0,0,0,0,0,142000,157000,15000,142000,0,0,0,747000
2204,中華            ,765000,132000,633000,0,0,0,0,0,0,110000,110000,0,110000,0,0,0,743000
2102,泰豐            ,911000,169000,742000,0,0,0,0,0,0,0,0,0,0,0,0,0,742000
057249,華邦電統一9A購01,0,0,0,0,0,0,0,0,0,736000,0,0,0,842000,106000,736000,736000
06604P,聯發科元富02售02,0,0,0,0,0,0,0,0,0,734000,0,0,0,766000,32000,734000,734000
055421,玉晶光永豐98購04,0,0,0,0,0,0,0,0,0,721000,0,0,0,723000,2000,721000,721000
00651R,FH香港反1       ,101000,18000,83000,0,0,0,0,0,0,634000,0,0,0,994000,360000,634000,717000
00752,中信中國50      ,0,0,0,0,0,0,0,0,0,711000,0,0,0,919000,208000,711000,711000
1795,美時            ,868000,152000,716000,0,0,0,0,0,0,-6000,0,6000,-6000,0,0,0,710000
055596,新光金元大9B購02,0,0,0,0,0,0,0,0,0,710000,0,0,0,710000,0,710000,710000
3557,嘉威            ,823000,113000,710000,0,0,0,0,0,0,-5000,0,5000,-5000,0,0,0,705000
058495,元大金群益9B購01,0,0,0,0,0,0,0,0,0,703000,0,0,0,919000,216000,703000,703000
6005,群益證          ,1086000,384000,702000,0,0,0,2000,3000,-1000,0,0,0,0,0,0,0,701000
058733,同欣電永豐99購02,0,0,0,0,0,0,0,0,0,701000,0,0,0,847000,146000,701000,701000
062885,臻鼎兆豐9C購01  ,0,0,0,0,0,0,0,0,0,701000,0,0,0,974000,273000,701000,701000
1477,聚陽            ,909000,549000,360000,0,0,0,527000,0,527000,-189000,7000,88000,-81000,4000,112000,-108000,698000
063661,聚陽統一9C購02  ,0,0,0,0,0,0,0,0,0,698000,0,0,0,709000,11000,698000,698000
057730,聯鈞國泰9A購01  ,0,0,0,0,0,0,0,0,0,697000,0,0,0,840000,143000,697000,697000
06762P,智邦元大98售11  ,0,0,0,0,0,0,0,0,0,696000,0,0,0,704000,8000,696000,696000
062265,南茂元大9B購01  ,0,0,0,0,0,0,0,0,0,691000,0,0,0,706000,15000,691000,691000
9103,美德醫療-DR     ,0,0,0,0,0,0,0,0,0,690000,0,0,0,690000,0,690000,690000
063146,南六統一9B購02  ,0,0,0,0,0,0,0,0,0,683000,0,0,0,722000,39000,683000,683000
063050,葡萄王統一01購01,0,0,0,0,0,0,0,0,0,680000,0,0,0,938000,258000,680000,680000
057539,南茂元大98購02  ,0,0,0,0,0,0,0,0,0,679000,0,0,0,698000,19000,679000,679000
063262,南六富邦9C購01  ,0,0,0,0,0,0,0,0,0,672000,0,0,0,687000,15000,672000,672000
057082,玉晶光統一9A購04,0,0,0,0,0,0,0,0,0,666000,0,0,0,2178000,1512000,666000,666000
5521,工信            ,710000,47000,663000,0,0,0,0,0,0,0,0,0,0,0,0,0,663000
063691,聯鈞永豐9B購01  ,0,0,0,0,0,0,0,0,0,663000,0,0,0,674000,11000,663000,663000
07976P,聯發科群益9C售02,0,0,0,0,0,0,0,0,0,656000,0,0,0,671000,15000,656000,656000
061432,世紀鋼元大9A購05,0,0,0,0,0,0,0,0,0,655000,0,0,0,860000,205000,655000,655000
057960,聯鈞元大98購02  ,0,0,0,0,0,0,0,0,0,646000,0,0,0,647000,1000,646000,646000
08131P,立積元大9B售02  ,0,0,0,0,0,0,0,0,0,644000,0,0,0,644000,0,644000,644000
07648P,祥碩國票9B售01  ,0,0,0,0,0,0,0,0,0,643000,0,0,0,953000,310000,643000,643000
1305,華夏            ,912000,276000,636000,0,0,0,0,0,0,0,0,0,0,0,0,0,636000
056420,台表科元富98購01,0,0,0,0,0,0,0,0,0,636000,0,0,0,932000,296000,636000,636000
063572,麗豐元大9B購01  ,0,0,0,0,0,0,0,0,0,633000,0,0,0,640000,7000,633000,633000
061582,麗豐元大9A購01  ,0,0,0,0,0,0,0,0,0,624000,0,0,0,687000,63000,624000,624000
063179,群創兆豐9B購01  ,0,0,0,0,0,0,0,0,0,616000,0,0,0,758000,142000,616000,616000
08232P,聯發科元富9B售06,0,0,0,0,0,0,0,0,0,614000,0,0,0,733000,119000,614000,614000
08249P,聯發科群益9C售06,0,0,0,0,0,0,0,0,0,612000,0,0,0,612000,0,612000,612000
062906,全新元大9B購03  ,0,0,0,0,0,0,0,0,0,611000,0,0,0,631000,20000,611000,611000
9914,美利達          ,1116000,689000,427000,0,0,0,190000,0,190000,-7000,0,7000,-7000,0,0,0,610000
062486,瑞昱富邦9B購01  ,0,0,0,0,0,0,0,0,0,609000,0,0,0,980000,371000,609000,609000
049130,臺指反元大98購01,0,0,0,0,0,0,0,0,0,605000,0,0,0,605000,0,605000,605000
061417,力成群益9A購01  ,0,0,0,0,0,0,0,0,0,602000,0,0,0,602000,0,602000,602000
054072,台積電富邦98購02,0,0,0,0,0,0,0,0,0,600000,0,0,0,600000,0,600000,600000
00636,國泰中國A50     ,282000,73000,209000,0,0,0,0,0,0,391000,0,372000,-372000,826000,63000,763000,600000
053296,貿聯中信98購01  ,0,0,0,0,0,0,0,0,0,600000,0,0,0,600000,0,600000,600000
054794,貿聯群益98購01  ,0,0,0,0,0,0,0,0,0,600000,0,0,0,600000,0,600000,600000
06914P,南茂元大98售03  ,0,0,0,0,0,0,0,0,0,594000,0,0,0,594000,0,594000,594000
053082,聯電元大98購03  ,0,0,0,0,0,0,0,0,0,594000,0,0,0,742000,148000,594000,594000
056392,玉晶光富邦9C購01,0,0,0,0,0,0,0,0,0,592000,0,0,0,592000,0,592000,592000
2838,聯邦銀          ,728000,137000,591000,0,0,0,0,0,0,0,0,0,0,0,0,0,591000
4551,智伸科          ,408000,446110,-38110,0,0,0,528000,0,528000,101000,50000,5000,45000,57000,1000,56000,590890
062806,世芯統一02購01  ,0,0,0,0,0,0,0,0,0,588000,0,0,0,1089000,501000,588000,588000
057357,超眾統一98購01  ,0,0,0,0,0,0,0,0,0,586000,0,0,0,699000,113000,586000,586000
00631L,元大台灣50正2   ,410000,630000,-220000,0,0,0,0,0,0,803000,502000,406000,96000,1457000,750000,707000,583000
062543,華通富邦9C購01  ,0,0,0,0,0,0,0,0,0,583000,0,0,0,624000,41000,583000,583000
063439,正隆統一01購01  ,0,0,0,0,0,0,0,0,0,581000,0,0,0,661000,80000,581000,581000
060415,葡萄王永豐9A購01,0,0,0,0,0,0,0,0,0,573000,0,0,0,573000,0,573000,573000
059293,宏達電元富9B購01,0,0,0,0,0,0,0,0,0,566000,0,0,0,596000,30000,566000,566000
1736,喬山            ,502000,280000,222000,0,0,0,400000,0,400000,-61000,0,0,0,57000,118000,-61000,561000
00646,元大S&P500      ,3000,2000,1000,0,0,0,0,0,0,559000,342000,0,342000,251000,34000,217000,560000
057195,南茂元大98購01  ,0,0,0,0,0,0,0,0,0,558000,0,0,0,680000,122000,558000,558000
2880,華南金          ,3721336,3122536,598800,0,0,0,5000,14000,-9000,-34000,2000,36000,-34000,0,0,0,555800
062797,瑞昱統一9B購01  ,0,0,0,0,0,0,0,0,0,555000,0,0,0,820000,265000,555000,555000
062340,力成麥證9B購01  ,0,0,0,582000,28000,554000,0,0,0,554000,0,0,0,582000,28000,554000,554000
058054,台積電統一9C購01,10000,0,10000,0,0,0,0,0,0,537000,0,0,0,1653000,1116000,537000,547000
2614,東森            ,1248000,703000,545000,0,0,0,0,0,0,0,0,0,0,0,0,0,545000
06855P,聯發科富邦9A售01,0,0,0,0,0,0,0,0,0,545000,0,0,0,579000,34000,545000,545000
1609,大亞            ,867000,323000,544000,0,0,0,0,0,0,0,0,0,0,0,0,0,544000
07774P,台灣50群益9A售16,0,0,0,0,0,0,0,0,0,541000,0,0,0,816000,275000,541000,541000
054349,同欣電國票97購02,0,0,0,0,0,0,0,0,0,540000,0,0,0,550000,10000,540000,540000
061094,彩晶統一9B購02  ,0,0,0,0,0,0,0,0,0,539000,0,0,0,1330000,791000,539000,539000
046061,中石化凱基98購01,0,0,0,0,0,0,0,0,0,537000,0,0,0,537000,0,537000,537000
063976,正崴兆豐9C購01  ,0,0,0,0,0,0,0,0,0,532000,0,0,0,532000,0,532000,532000
063680,寶成富邦9C購01  ,0,0,0,0,0,0,0,0,0,532000,0,0,0,710000,178000,532000,532000
064055,台郡統一02購01  ,0,0,0,0,0,0,0,0,0,529000,0,0,0,609000,80000,529000,529000
6205,詮欣            ,551000,24000,527000,0,0,0,0,0,0,0,0,0,0,0,0,0,527000
057675,同欣電元大98購02,0,0,0,0,0,0,0,0,0,526000,0,0,0,906000,380000,526000,526000
061282,台積電統一9C購06,0,0,0,0,0,0,0,0,0,525000,0,0,0,1622000,1097000,525000,525000
063571,TPK元大9B購03   ,0,0,0,0,0,0,0,0,0,524000,0,0,0,584000,60000,524000,524000
061535,群創統一9C購01  ,0,0,0,0,0,0,0,0,0,517000,0,0,0,667000,150000,517000,517000
07981P,上銀群益9B售04  ,0,0,0,0,0,0,0,0,0,516000,0,0,0,529000,13000,516000,516000
055902,同欣電中信99購01,0,0,0,0,0,0,0,0,0,516000,0,0,0,1806000,1290000,516000,516000
063863,儒鴻富邦02購01  ,0,0,0,0,0,0,0,0,0,515000,0,0,0,525000,10000,515000,515000
1701,中化            ,759000,245000,514000,0,0,0,0,0,0,0,0,0,0,0,0,0,514000
063049,上海銀兆豐9B購01,0,0,0,0,0,0,0,0,0,511000,0,0,0,545000,34000,511000,511000
07782P,寶成凱基9A售02  ,0,0,0,0,0,0,0,0,0,510000,0,0,0,510000,0,510000,510000
1802,台玻            ,909000,405000,504000,0,0,0,0,0,0,5000,5000,0,5000,0,0,0,509000
06949P,台表科元大99售01,0,0,0,0,0,0,0,0,0,508000,0,0,0,535000,27000,508000,508000
00650L,FH香港正2       ,1000,1000,0,0,0,0,0,0,0,508000,0,0,0,1153000,645000,508000,508000
052456,滬深2X元富9B購03,0,0,0,0,0,0,0,0,0,507000,0,0,0,507000,0,507000,507000
3413,京鼎            ,583000,216000,367000,0,0,0,109000,0,109000,30000,0,6000,-6000,44000,8000,36000,506000
1304,台聚            ,944000,491000,453000,0,0,0,1000,0,1000,50000,50000,0,50000,0,0,0,504000
059128,友達中信99購02  ,0,0,0,0,0,0,0,0,0,502000,0,0,0,502000,0,502000,502000
061413,台勝科群益9A購01,0,0,0,0,0,0,0,0,0,502000,0,0,0,593000,91000,502000,502000
1217,愛之味          ,545000,44000,501000,0,0,0,0,0,0,0,0,0,0,0,0,0,501000
061589,世紀鋼富邦9B購01,0,0,0,0,0,0,0,0,0,501000,0,0,0,554000,53000,501000,501000
2355,敬鵬            ,1339000,936000,403000,0,0,0,0,0,0,97000,72000,13000,59000,46000,8000,38000,500000
08671P,友訊國票01售01  ,0,0,0,0,0,0,0,0,0,499000,0,0,0,499000,0,499000,499000
055420,欣興永豐98購01  ,0,0,0,0,0,0,0,0,0,499000,0,0,0,499000,0,499000,499000
052122,新光金國票96購01,0,0,0,0,0,0,0,0,0,499000,0,0,0,499000,0,499000,499000
043538,元石油國票97購01,0,0,0,0,0,0,0,0,0,499000,0,0,0,499000,0,499000,499000
060051,台積電凱基9B購01,0,0,0,0,0,0,0,0,0,499000,0,0,0,499000,0,499000,499000
042116,元油2X國票97購01,0,0,0,0,0,0,0,0,0,498000,0,0,0,498000,0,498000,498000
054640,健策中信9B購01  ,0,0,0,0,0,0,0,0,0,498000,0,0,0,1140000,642000,498000,498000
057612,瑞昱元富02購01  ,0,0,0,0,0,0,0,0,0,498000,0,0,0,583000,85000,498000,498000
063436,儒鴻統一01購03  ,0,0,0,0,0,0,0,0,0,494000,0,0,0,595000,101000,494000,494000
055265,玉晶光永豐98購03,0,0,0,0,0,0,0,0,0,491000,0,0,0,514000,23000,491000,491000
2511,太子            ,625000,137000,488000,0,0,0,0,0,0,0,0,0,0,0,0,0,488000
2105,正新            ,1907347,1429035,478312,0,0,0,0,3000,-3000,12000,12000,0,12000,0,0,0,487312
060375,葡萄王元富9A購01,0,0,0,0,0,0,0,0,0,487000,0,0,0,1009000,522000,487000,487000
1590,亞德客-KY       ,1126000,696000,430000,0,0,0,0,0,0,56000,13000,43000,-30000,95000,9000,86000,486000
061080,華邦電兆豐9B購01,0,0,0,0,0,0,0,0,0,481000,0,0,0,1240000,759000,481000,481000
060881,玉山金中信02購01,0,0,0,0,0,0,0,0,0,481000,0,0,0,557000,76000,481000,481000
062384,聯詠國泰9C購01  ,0,0,0,0,0,0,0,0,0,479000,0,0,0,479000,0,479000,479000
063660,儒鴻統一9C購01  ,0,0,0,0,0,0,0,0,0,478000,0,0,0,498000,20000,478000,478000
063723,儒鴻元大9B購04  ,0,0,0,0,0,0,0,0,0,476000,0,0,0,549000,73000,476000,476000
057289,力成元大98購03  ,0,0,0,0,0,0,0,0,0,475000,0,0,0,815000,340000,475000,475000
2867,三商壽          ,668000,195000,473000,0,0,0,0,0,0,0,0,0,0,0,0,0,473000
052542,友達元富98購01  ,0,0,0,0,0,0,0,0,0,473000,0,0,0,651000,178000,473000,473000
2301,光寶科          ,3923162,4293102,-369940,0,0,0,856000,3000,853000,-11000,0,2000,-2000,7000,16000,-9000,472060
2723,美食-KY         ,502000,146000,356000,0,0,0,0,0,0,116000,7000,0,7000,127000,18000,109000,472000
07899P,和大凱基9B售01  ,0,0,0,0,0,0,0,0,0,470000,0,0,0,507000,37000,470000,470000
060380,T50反1凱基9A購08,0,0,0,0,0,0,0,0,0,470000,0,0,0,538000,68000,470000,470000
2637,慧洋-KY         ,1489000,934000,555000,0,0,0,0,0,0,-90000,0,90000,-90000,0,0,0,465000
060571,京元電永豐9A購01,0,0,0,0,0,0,0,0,0,461000,0,0,0,461000,0,461000,461000
059375,道瓊反群益9C購02,0,0,0,0,0,0,0,0,0,461000,0,0,0,791000,330000,461000,461000
052677,景碩富邦97購01  ,0,0,0,0,0,0,0,0,0,460000,0,0,0,460000,0,460000,460000
1312,國喬            ,1260000,829000,431000,0,0,0,0,0,0,28000,8000,0,8000,21000,1000,20000,459000
062972,京元電元富9B購01,0,0,0,0,0,0,0,0,0,459000,0,0,0,790000,331000,459000,459000
063149,聯發科元富05購02,0,0,0,0,0,0,0,0,0,459000,0,0,0,514000,55000,459000,459000
062061,台勝科統一01購01,0,0,0,0,0,0,0,0,0,458000,0,0,0,458000,0,458000,458000
3006,晶豪科          ,1091000,585000,506000,0,0,0,0,0,0,-50000,0,32000,-32000,22000,40000,-18000,456000
059671,滬深2X元富99購05,0,0,0,0,0,0,0,0,0,455000,0,0,0,502000,47000,455000,455000
07951P,智邦元大9B售05  ,0,0,0,0,0,0,0,0,0,454000,0,0,0,584000,130000,454000,454000
062085,同欣電元大9B購01,0,0,0,0,0,0,0,0,0,454000,0,0,0,489000,35000,454000,454000
2458,義隆            ,2997000,2927000,70000,0,0,0,610000,384000,226000,157000,197000,212000,-15000,249000,77000,172000,453000
06801P,技嘉群益99售02  ,0,0,0,0,0,0,0,0,0,452000,0,0,0,522000,70000,452000,452000
00739,元大MSCI A股    ,6000,8000,-2000,0,0,0,0,0,0,454000,0,0,0,674000,220000,454000,452000
058424,滬深2X元富99購04,0,0,0,0,0,0,0,0,0,452000,0,0,0,642000,190000,452000,452000
060770,宏達電麥證9A購01,0,0,0,460000,10000,450000,0,0,0,450000,0,0,0,460000,10000,450000,450000
061394,FBVIX統一9B購01 ,0,0,0,0,0,0,0,0,0,450000,0,0,0,450000,0,450000,450000
06750P,聯發科元富02售03,0,0,0,0,0,0,0,0,0,447000,0,0,0,481000,34000,447000,447000
057203,麗豐元富98購02  ,0,0,0,0,0,0,0,0,0,445000,0,0,0,626000,181000,445000,445000
062297,億豐永豐9B購01  ,0,0,0,0,0,0,0,0,0,445000,0,0,0,445000,0,445000,445000
062754,台勝科麥證9B購01,0,0,0,445000,0,445000,0,0,0,445000,0,0,0,445000,0,445000,445000
063610,儒鴻群益9B購02  ,0,0,0,0,0,0,0,0,0,444000,0,0,0,480000,36000,444000,444000
063167,同欣電永豐9B購03,0,0,0,0,0,0,0,0,0,443000,0,0,0,596000,153000,443000,443000
6285,啟碁            ,652000,251000,401000,0,0,0,0,5000,-5000,44000,16000,0,16000,30000,2000,28000,440000
3257,虹冠電          ,477000,37000,440000,0,0,0,0,0,0,-1000,0,1000,-1000,0,0,0,439000
064139,裕隆統一01購02  ,0,0,0,0,0,0,0,0,0,439000,0,0,0,2524000,2085000,439000,439000
057813,京元電元大98購03,0,0,0,0,0,0,0,0,0,439000,0,0,0,1520000,1081000,439000,439000
060431,復盛永豐9A購01  ,0,0,0,0,0,0,0,0,0,439000,0,0,0,441000,2000,439000,439000
00673R,元大S&P原油反1  ,0,0,0,0,0,0,0,0,0,438000,0,0,0,579000,141000,438000,438000
063783,儒鴻中信9C購01  ,0,0,0,0,0,0,0,0,0,436000,0,0,0,458000,22000,436000,436000
062153,智邦麥證9B購01  ,0,0,0,479000,47000,432000,0,0,0,432000,0,0,0,479000,47000,432000,432000
2897,王道銀行        ,487000,57000,430000,0,0,0,0,0,0,0,0,0,0,0,0,0,430000
060312,潤泰全永豐9A購01,0,0,0,0,0,0,0,0,0,430000,0,0,0,450000,20000,430000,430000
08270P,鴻海富邦9C售02  ,0,0,0,0,0,0,0,0,0,427000,0,0,0,455000,28000,427000,427000
057050,群創元大99購03  ,0,0,0,0,0,0,0,0,0,427000,0,0,0,427000,0,427000,427000
08183P,聯發科永豐9B售04,0,0,0,0,0,0,0,0,0,426000,0,0,0,430000,4000,426000,426000
2439,美律            ,656000,247000,409000,0,0,0,0,0,0,16000,42000,29000,13000,32000,29000,3000,425000
063664,漢唐統一9C購01  ,0,0,0,0,0,0,0,0,0,425000,0,0,0,485000,60000,425000,425000
2357,華碩            ,1322455,942947,379508,0,0,0,106000,55000,51000,-7000,8000,11000,-3000,0,4000,-4000,423508
058832,立積永豐99購01  ,0,0,0,0,0,0,0,0,0,422000,0,0,0,439000,17000,422000,422000
062693,中石化元大02購01,0,0,0,0,0,0,0,0,0,422000,0,0,0,473000,51000,422000,422000
054693,神基永豐97購01  ,0,0,0,0,0,0,0,0,0,420000,0,0,0,420000,0,420000,420000
057393,台積電中信02購01,0,0,0,0,0,0,0,0,0,418000,0,0,0,484000,66000,418000,418000
2889,國票金          ,986000,570000,416000,0,0,0,1000,0,1000,0,0,0,0,0,0,0,417000
08180P,聯發科國泰01售05,0,0,0,0,0,0,0,0,0,417000,0,0,0,499000,82000,417000,417000
057887,智原群益98購04  ,0,0,0,0,0,0,0,0,0,415000,0,0,0,563000,148000,415000,415000
062271,華通群益9C購02  ,0,0,0,0,0,0,0,0,0,414000,0,0,0,697000,283000,414000,414000
056463,台虹凱基98購02  ,0,0,0,0,0,0,0,0,0,413000,0,0,0,434000,21000,413000,413000
058266,宏達電永豐99購01,0,0,0,0,0,0,0,0,0,412000,0,0,0,432000,20000,412000,412000
057945,京鼎國票99購03  ,0,0,0,0,0,0,0,0,0,409000,0,0,0,425000,16000,409000,409000
057899,台積電永豐98購04,0,0,0,0,0,0,0,0,0,409000,0,0,0,939000,530000,409000,409000
3665,貿聯-KY         ,387000,451000,-64000,0,0,0,396000,0,396000,75000,45000,104000,-59000,146000,12000,134000,407000
060851,國巨國泰9C購01  ,0,0,0,0,0,0,0,0,0,405000,0,0,0,898000,493000,405000,405000
062522,同欣電元大9B購02,0,0,0,0,0,0,0,0,0,404000,0,0,0,566000,162000,404000,404000
058589,群創中信01購01  ,0,0,0,0,0,0,0,0,0,403000,0,0,0,451000,48000,403000,403000
1444,力麗            ,416000,14000,402000,0,0,0,0,0,0,0,0,0,0,0,0,0,402000
056186,智原統一97購01  ,0,0,0,0,0,0,0,0,0,401000,0,0,0,401000,0,401000,401000
063132,台表科元大9C購02,0,0,0,0,0,0,0,0,0,401000,0,0,0,502000,101000,401000,401000
054928,帆宣凱基98購01  ,0,0,0,0,0,0,0,0,0,400000,0,0,0,430000,30000,400000,400000
056301,開發金元大9A購01,0,0,0,0,0,0,0,0,0,400000,0,0,0,400000,0,400000,400000
052458,T50反1統一97購01,0,0,0,0,0,0,0,0,0,400000,0,0,0,400000,0,400000,400000
051410,京元電國票96購01,0,0,0,0,0,0,0,0,0,400000,0,0,0,400000,0,400000,400000
059050,元油2X凱基9B購08,0,0,0,0,0,0,0,0,0,400000,0,0,0,400000,0,400000,400000
063767,義隆國泰02購01  ,0,0,0,0,0,0,0,0,0,399000,0,0,0,440000,41000,399000,399000
1730,花仙子          ,418000,21000,397000,0,0,0,0,0,0,0,0,0,0,0,0,0,397000
059008,鈺齊元大99購03  ,0,0,0,0,0,0,0,0,0,397000,0,0,0,655000,258000,397000,397000
063979,健鼎兆豐9C購01  ,0,0,0,0,0,0,0,0,0,396000,0,0,0,396000,0,396000,396000
056942,昇陽半元富98購01,0,0,0,0,0,0,0,0,0,395000,0,0,0,529000,134000,395000,395000
062710,盛群元大9B購01  ,0,0,0,0,0,0,0,0,0,393000,0,0,0,494000,101000,393000,393000
056241,緯創群益97購01  ,0,0,0,0,0,0,0,0,0,392000,0,0,0,580000,188000,392000,392000
053827,漢唐麥證9A購01  ,0,0,0,392000,0,392000,0,0,0,392000,0,0,0,392000,0,392000,392000
062339,瑞昱麥證9C購01  ,0,0,0,422000,1000,421000,0,0,0,391000,0,0,0,422000,31000,391000,391000
1315,達新            ,408000,42000,366000,0,0,0,0,0,0,23000,0,0,0,37000,14000,23000,389000
060451,中石化元大9C購02,0,0,0,0,0,0,0,0,0,389000,0,0,0,472000,83000,389000,389000
08074P,緯穎元富9B售02  ,0,0,0,0,0,0,0,0,0,388000,0,0,0,401000,13000,388000,388000
058838,國巨中信99購03  ,0,0,0,0,0,0,0,0,0,387000,0,0,0,387000,0,387000,387000
059281,創意永豐99購02  ,0,0,0,0,0,0,0,0,0,384000,0,0,0,469000,85000,384000,384000
060561,台積電富邦04購01,0,0,0,0,0,0,0,0,0,384000,0,0,0,410000,26000,384000,384000
1714,和桐            ,1216000,833000,383000,0,0,0,0,0,0,0,0,0,0,0,0,0,383000
047564,滬深2X國票99購01,0,0,0,0,0,0,0,0,0,383000,0,0,0,433000,50000,383000,383000
062321,力成台新9B購01  ,0,0,0,0,0,0,0,0,0,381000,0,0,0,381000,0,381000,381000
063072,裕隆永豐9B購01  ,0,0,0,0,0,0,0,0,0,381000,0,0,0,988000,607000,381000,381000
1762,中化生          ,1408000,1030000,378000,0,0,0,0,0,0,2000,2000,0,2000,0,0,0,380000
08303P,聯發科富邦9C售05,0,0,0,0,0,0,0,0,0,380000,0,0,0,381000,1000,380000,380000
058779,大立光國票9A購02,0,0,0,0,0,0,0,0,0,380000,0,0,0,398000,18000,380000,380000
063163,京元電永豐9B購01,0,0,0,0,0,0,0,0,0,380000,0,0,0,410000,30000,380000,380000
063984,華邦電國泰02購01,0,0,0,0,0,0,0,0,0,379000,0,0,0,541000,162000,379000,379000
060239,國揚元大9C購01  ,0,0,0,0,0,0,0,0,0,379000,0,0,0,495000,116000,379000,379000
2845,遠東銀          ,548000,167000,381000,0,0,0,0,4000,-4000,0,0,0,0,0,0,0,377000
062494,中石化中信9C購01,0,0,0,0,0,0,0,0,0,377000,0,0,0,511000,134000,377000,377000
063438,聚陽統一9C購01  ,0,0,0,0,0,0,0,0,0,376000,0,0,0,426000,50000,376000,376000
058210,臺股指凱基9C購04,0,0,0,0,0,0,0,0,0,375000,0,0,0,544000,169000,375000,375000
052847,漢唐統一99購01  ,0,0,0,0,0,0,0,0,0,372000,0,0,0,420000,48000,372000,372000
3576,聯合再生        ,624000,253000,371000,0,0,0,0,0,0,0,0,0,0,0,0,0,371000
2023,燁輝            ,628000,257000,371000,0,0,0,0,0,0,0,0,0,0,0,0,0,371000
062805,台勝科統一9C購01,0,0,0,0,0,0,0,0,0,371000,0,0,0,376000,5000,371000,371000
064185,裕隆永豐9C購01  ,25000,0,25000,0,0,0,0,0,0,345000,0,0,0,754000,409000,345000,370000
2905,三商            ,545000,297000,248000,0,0,0,0,0,0,121000,121000,0,121000,0,0,0,369000
05131P,聯詠統一97售01  ,0,0,0,0,0,0,0,0,0,369000,0,0,0,412000,43000,369000,369000
062850,友訊永豐9B購01  ,0,0,0,0,0,0,0,0,0,369000,0,0,0,386000,17000,369000,369000
063575,矽格元大9B購02  ,0,0,0,0,0,0,0,0,0,369000,0,0,0,392000,23000,369000,369000
059041,南茂群益99購02  ,0,0,0,0,0,0,0,0,0,367000,0,0,0,383000,16000,367000,367000
058841,深中小群益01購01,0,0,0,0,0,0,0,0,0,366000,0,0,0,955000,589000,366000,366000
062034,同欣電群益9B購01,0,0,0,0,0,0,0,0,0,366000,0,0,0,764000,398000,366000,366000
2390,云辰            ,882000,517000,365000,0,0,0,0,0,0,0,0,0,0,0,0,0,365000
08216P,聯發科群益9C售05,0,0,0,0,0,0,0,0,0,365000,0,0,0,440000,75000,365000,365000
061991,牧德元大9C購01  ,0,0,0,0,0,0,0,0,0,365000,0,0,0,449000,84000,365000,365000
9802,鈺齊-KY         ,530100,813100,-283000,0,0,0,699000,0,699000,-52000,50000,100000,-50000,94000,96000,-2000,364000
057187,群創元大9B購04  ,0,0,0,0,0,0,0,0,0,363000,0,0,0,368000,5000,363000,363000
063435,儒鴻統一01購02  ,0,0,0,0,0,0,0,0,0,363000,0,0,0,395000,32000,363000,363000
07816P,聯發科群益9A售02,0,0,0,0,0,0,0,0,0,361000,0,0,0,491000,130000,361000,361000
07872P,聯發科群益9B售03,0,0,0,0,0,0,0,0,0,360000,0,0,0,453000,93000,360000,360000
063399,智原群益9B購01  ,0,0,0,0,0,0,0,0,0,360000,0,0,0,468000,108000,360000,360000
057613,瑞昱元富02購02  ,0,0,0,0,0,0,0,0,0,359000,0,0,0,417000,58000,359000,359000
063196,力成元富9B購01  ,0,0,0,0,0,0,0,0,0,359000,0,0,0,435000,76000,359000,359000
062466,FBVIX凱基9B購01 ,0,0,0,0,0,0,0,0,0,359000,0,0,0,489000,130000,359000,359000
6288,聯嘉            ,576000,218000,358000,0,0,0,0,0,0,0,0,0,0,0,0,0,358000
2206,三陽工業        ,362000,7000,355000,0,0,0,0,0,0,0,0,0,0,0,0,0,355000
063905,健策麥證02購01  ,0,0,0,408000,53000,355000,0,0,0,355000,0,0,0,408000,53000,355000,355000
055943,瑞昱麥證97購01  ,0,0,0,355000,0,355000,0,0,0,355000,0,0,0,355000,0,355000,355000
062681,全新統一01購01  ,0,0,0,0,0,0,0,0,0,355000,0,0,0,480000,125000,355000,355000
063296,可成麥證9B購01  ,0,0,0,354000,0,354000,0,0,0,354000,0,0,0,354000,0,354000,354000
063625,儒鴻元大9B購03  ,0,0,0,0,0,0,0,0,0,354000,0,0,0,481000,127000,354000,354000
061642,創意元大9A購04  ,0,0,0,0,0,0,0,0,0,354000,0,0,0,374000,20000,354000,354000
055653,聯詠元富01購02  ,0,0,0,0,0,0,0,0,0,353000,0,0,0,353000,0,353000,353000
051850,臻鼎中信96購01  ,0,0,0,0,0,0,0,0,0,353000,0,0,0,353000,0,353000,353000
060306,台肥永豐9A購01  ,0,0,0,0,0,0,0,0,0,353000,0,0,0,369000,16000,353000,353000
060298,鎧勝元大9C購01  ,0,0,0,0,0,0,0,0,0,353000,0,0,0,530000,177000,353000,353000
061702,奇鋐國票9A購02  ,0,0,0,0,0,0,0,0,0,352000,0,0,0,367000,15000,352000,352000
063817,GIS群益9C購01   ,0,0,0,0,0,0,0,0,0,351000,0,0,0,395000,44000,351000,351000
06595P,祥碩元大98售03  ,0,0,0,0,0,0,0,0,0,350000,0,0,0,370000,20000,350000,350000
08160P,茂林元富9B售03  ,0,0,0,0,0,0,0,0,0,350000,0,0,0,502000,152000,350000,350000
062602,華通麥證9C購01  ,0,0,0,350000,0,350000,0,0,0,350000,0,0,0,350000,0,350000,350000
061676,新光金元大9A購03,0,0,0,0,0,0,0,0,0,350000,0,0,0,450000,100000,350000,350000
062485,華通國泰01購01  ,0,0,0,0,0,0,0,0,0,350000,0,0,0,380000,30000,350000,350000
063248,創意元大9C購01  ,0,0,0,0,0,0,0,0,0,348000,0,0,0,394000,46000,348000,348000
063057,祥碩統一03購01  ,0,0,0,0,0,0,0,0,0,348000,0,0,0,348000,0,348000,348000
059090,台新金元大99購01,0,0,0,0,0,0,0,0,0,346000,0,0,0,417000,71000,346000,346000
061520,健策中信9A購01  ,0,0,0,0,0,0,0,0,0,346000,0,0,0,440000,94000,346000,346000
2436,偉詮電          ,393000,49000,344000,0,0,0,0,0,0,0,0,0,0,0,0,0,344000
056398,南茂永豐98購01  ,0,0,0,0,0,0,0,0,0,344000,0,0,0,434000,90000,344000,344000
9136,巨騰-DR         ,329000,0,329000,0,0,0,0,0,0,15000,15000,0,15000,0,0,0,344000
063251,同欣電元大9B購04,0,0,0,0,0,0,0,0,0,343000,0,0,0,440000,97000,343000,343000
063419,聯發科凱基03購01,0,0,0,0,0,0,0,0,0,343000,0,0,0,410000,67000,343000,343000
1720,生達            ,508000,163000,345000,0,0,0,0,3000,-3000,0,0,0,0,0,0,0,342000
053627,宏碁兆豐97購01  ,0,0,0,0,0,0,0,0,0,342000,0,0,0,342000,0,342000,342000
060309,佳世達永豐9A購01,0,0,0,0,0,0,0,0,0,342000,0,0,0,399000,57000,342000,342000
2836,高雄銀          ,351000,10000,341000,0,0,0,0,0,0,0,0,0,0,0,0,0,341000
062731,力成凱基9B購02  ,0,0,0,0,0,0,0,0,0,341000,0,0,0,409000,68000,341000,341000
3518,柏騰            ,475000,135000,340000,0,0,0,0,0,0,0,0,0,0,0,0,0,340000
060958,儒鴻凱基9A購02  ,0,0,0,0,0,0,0,0,0,340000,0,0,0,371000,31000,340000,340000
063186,聯發科凱基9C購04,0,0,0,0,0,0,0,0,0,340000,0,0,0,340000,0,340000,340000
060232,友訊元大9C購01  ,0,0,0,0,0,0,0,0,0,339000,0,0,0,380000,41000,339000,339000
07071P,立積元富99售01  ,0,0,0,0,0,0,0,0,0,338000,0,0,0,443000,105000,338000,338000
056671,台灣50元富9A購01,0,0,0,0,0,0,0,0,0,338000,0,0,0,338000,0,338000,338000
061008,群創兆豐9A購02  ,0,0,0,0,0,0,0,0,0,338000,0,0,0,338000,0,338000,338000
06653P,美食元大98售02  ,0,0,0,0,0,0,0,0,0,337000,0,0,0,337000,0,337000,337000
063866,聯發科永豐9C購01,0,0,0,0,0,0,0,0,0,337000,0,0,0,337000,0,337000,337000
062036,致新群益9B購01  ,0,0,0,0,0,0,0,0,0,337000,0,0,0,337000,0,337000,337000
054567,拓凱群益98購01  ,0,0,0,0,0,0,0,0,0,335000,0,0,0,340000,5000,335000,335000
051237,鴻海元大97購01  ,0,0,0,0,0,0,0,0,0,335000,0,0,0,335000,0,335000,335000
063315,京元電群益9B購03,0,0,0,0,0,0,0,0,0,335000,0,0,0,361000,26000,335000,335000
08132P,南六元大9B售05  ,0,0,0,0,0,0,0,0,0,334000,0,0,0,402000,68000,334000,334000
063761,嘉澤統一02購01  ,0,0,0,0,0,0,0,0,0,333000,0,0,0,393000,60000,333000,333000
063741,GIS元大9B購04   ,0,0,0,0,0,0,0,0,0,333000,0,0,0,611000,278000,333000,333000
2385,群光            ,1958157,1552785,405372,0,0,0,0,32000,-32000,-41000,1000,0,1000,46000,88000,-42000,332372
07889P,旭富國票9B售01  ,0,0,0,0,0,0,0,0,0,332000,0,0,0,439000,107000,332000,332000
061154,可成群益9B購04  ,0,0,0,0,0,0,0,0,0,332000,0,0,0,337000,5000,332000,332000
08169P,台光電群益9B售04,0,0,0,0,0,0,0,0,0,331000,0,0,0,361000,30000,331000,331000
061398,力成中信9A購01  ,0,0,0,0,0,0,0,0,0,331000,0,0,0,416000,85000,331000,331000
1515,力山            ,610000,408000,202000,0,0,0,46000,0,46000,82000,15000,69000,-54000,159000,23000,136000,330000
056832,元油2X元富98購12,0,0,0,0,0,0,0,0,0,330000,0,0,0,330000,0,330000,330000
055810,T50反1國票99購01,0,0,0,0,0,0,0,0,0,330000,0,0,0,335000,5000,330000,330000
062949,聯發科富邦01購01,0,0,0,0,0,0,0,0,0,330000,0,0,0,387000,57000,330000,330000
061972,華新元大9B購01  ,0,0,0,0,0,0,0,0,0,329000,0,0,0,452000,123000,329000,329000
055369,友訊元大97購01  ,0,0,0,0,0,0,0,0,0,328000,0,0,0,328000,0,328000,328000
060535,群創麥證9A購01  ,0,0,0,345000,17000,328000,0,0,0,328000,0,0,0,345000,17000,328000,328000
055438,鴻海國票98購01  ,0,0,0,0,0,0,0,0,0,327000,0,0,0,327000,0,327000,327000
07993P,寶成群益9B售01  ,0,0,0,0,0,0,0,0,0,326000,0,0,0,326000,0,326000,326000
2542,興富發          ,826000,500000,326000,0,0,0,0,0,0,0,2000,2000,0,0,0,0,326000
06822P,上銀富邦99售03  ,0,0,0,0,0,0,0,0,0,326000,0,0,0,859000,533000,326000,326000
054339,聯詠統一96購02  ,0,0,0,0,0,0,0,0,0,326000,0,0,0,326000,0,326000,326000
063689,可成永豐9B購04  ,0,0,0,0,0,0,0,0,0,326000,0,0,0,350000,24000,326000,326000
061587,美律富邦9A購02  ,0,0,0,0,0,0,0,0,0,325000,0,0,0,325000,0,325000,325000
2607,榮運            ,351000,27000,324000,0,0,0,0,0,0,0,0,0,0,0,0,0,324000
055614,華新科國票97購02,0,0,0,0,0,0,0,0,0,324000,0,0,0,324000,0,324000,324000
059480,美律群益9A購01  ,0,0,0,0,0,0,0,0,0,324000,0,0,0,329000,5000,324000,324000
062655,漢唐永豐9B購01  ,0,0,0,0,0,0,0,0,0,324000,0,0,0,452000,128000,324000,324000
062822,力成兆豐9B購01  ,0,0,0,0,0,0,0,0,0,324000,0,0,0,440000,116000,324000,324000
061130,牧德永豐9A購04  ,0,0,0,0,0,0,0,0,0,323000,0,0,0,330000,7000,323000,323000
063110,牧德兆豐9B購01  ,0,0,0,0,0,0,0,0,0,323000,0,0,0,425000,102000,323000,323000
062269,葡萄王群益9B購01,0,0,0,0,0,0,0,0,0,322000,0,0,0,322000,0,322000,322000
3450,聯鈞            ,907000,229000,678000,0,0,0,17000,0,17000,-374000,5000,220000,-215000,19000,178000,-159000,321000
055337,超眾兆豐98購01  ,0,0,0,0,0,0,0,0,0,320000,0,0,0,320000,0,320000,320000
06228P,亞德客凱基97售04,0,0,0,0,0,0,0,0,0,320000,0,0,0,320000,0,320000,320000
00875,國泰網路資安    ,426000,0,426000,0,0,0,0,0,0,-107000,0,0,0,394000,501000,-107000,319000
053052,旺宏國票97購02  ,0,0,0,0,0,0,0,0,0,319000,0,0,0,631000,312000,319000,319000
056369,彩晶元大01購01  ,0,0,0,0,0,0,0,0,0,319000,0,0,0,369000,50000,319000,319000
061045,儒鴻第一9A購01  ,0,0,0,0,0,0,0,0,0,319000,0,0,0,319000,0,319000,319000
00670L,富邦NASDAQ正2   ,74000,0,74000,0,0,0,0,0,0,244000,130000,0,130000,564000,450000,114000,318000
061212,聯鈞元大9A購04  ,0,0,0,0,0,0,0,0,0,318000,0,0,0,318000,0,318000,318000
056693,國產群益98購01  ,0,0,0,0,0,0,0,0,0,317000,0,0,0,605000,288000,317000,317000
3515,華擎            ,560000,252000,308000,0,0,0,0,45000,-45000,53000,10000,45000,-35000,105000,17000,88000,316000
064170,儒鴻元富9C購01  ,0,0,0,0,0,0,0,0,0,316000,0,0,0,346000,30000,316000,316000
057546,台積電凱基02購01,0,0,0,0,0,0,0,0,0,316000,0,0,0,316000,0,316000,316000
2442,新美齊          ,472000,157000,315000,0,0,0,0,0,0,0,0,0,0,0,0,0,315000
020012,富邦行動通訊N   ,0,0,0,0,0,0,0,0,0,315000,0,0,0,844000,529000,315000,315000
059986,宏達電元大99購08,0,0,0,0,0,0,0,0,0,315000,0,0,0,319000,4000,315000,315000
063197,遠東新統一9C購01,0,0,0,0,0,0,0,0,0,315000,0,0,0,642000,327000,315000,315000
061616,鴻海群益9A購07  ,0,0,0,0,0,0,0,0,0,314000,0,0,0,317000,3000,314000,314000
07904P,聯發科群益9B售05,0,0,0,0,0,0,0,0,0,313000,0,0,0,325000,12000,313000,313000
06935P,神達元大98售02  ,0,0,0,0,0,0,0,0,0,313000,0,0,0,313000,0,313000,313000
057269,鈺齊兆豐98購01  ,0,0,0,0,0,0,0,0,0,312000,0,0,0,347000,35000,312000,312000
060509,宏達電元大9A購02,0,0,0,0,0,0,0,0,0,311000,0,0,0,362000,51000,311000,311000
063077,巨大永豐9B購03  ,0,0,0,0,0,0,0,0,0,311000,0,0,0,443000,132000,311000,311000
056579,麗豐元大99購01  ,0,0,0,0,0,0,0,0,0,309000,0,0,0,505000,196000,309000,309000
5469,瀚宇博          ,604614,420738,183876,0,0,0,1000,0,1000,124000,0,8000,-8000,166000,34000,132000,308876
07172P,臺股指國票99售09,0,0,0,0,0,0,0,0,0,308000,0,0,0,312000,4000,308000,308000
062006,瑞昱國泰9C購01  ,0,0,0,0,0,0,0,0,0,308000,0,0,0,308000,0,308000,308000
3661,世芯-KY         ,877000,636000,241000,0,0,0,44000,37000,7000,59000,62000,57000,5000,66000,12000,54000,307000
060784,鴻海富邦9C購01  ,0,0,0,0,0,0,0,0,0,307000,0,0,0,808000,501000,307000,307000
062069,喬山元大9B購01  ,0,0,0,0,0,0,0,0,0,307000,0,0,0,567000,260000,307000,307000
061673,仁寶元大9B購01  ,0,0,0,0,0,0,0,0,0,307000,0,0,0,416000,109000,307000,307000
2609,陽明            ,526000,220000,306000,0,0,0,0,0,0,0,0,0,0,0,0,0,306000
056196,聯茂富邦98購02  ,0,0,0,0,0,0,0,0,0,306000,0,0,0,397000,91000,306000,306000
062666,和碩群益9B購01  ,0,0,0,0,0,0,0,0,0,306000,0,0,0,485000,179000,306000,306000
06600P,貿聯永豐98售01  ,0,0,0,0,0,0,0,0,0,305000,0,0,0,305000,0,305000,305000
047571,滬深2X群益99購01,0,0,0,0,0,0,0,0,0,304000,0,0,0,304000,0,304000,304000
063073,瑞昱永豐9B購01  ,0,0,0,0,0,0,0,0,0,304000,0,0,0,304000,0,304000,304000
058725,美律富邦9A購01  ,0,0,0,0,0,0,0,0,0,303000,0,0,0,303000,0,303000,303000
062296,南六永豐9B購02  ,0,0,0,0,0,0,0,0,0,303000,0,0,0,323000,20000,303000,303000
058934,台灣50中信03購03,0,0,0,0,0,0,0,0,0,301000,0,0,0,302000,1000,301000,301000
060007,鴻海群益99購04  ,0,0,0,0,0,0,0,0,0,301000,0,0,0,303000,2000,301000,301000
2401,凌陽            ,358000,62000,296000,0,0,0,0,0,0,4000,22000,18000,4000,0,0,0,300000
053026,奇力新富邦98購01,0,0,0,0,0,0,0,0,0,300000,0,0,0,300000,0,300000,300000
052291,鴻海元富97購02  ,0,0,0,0,0,0,0,0,0,300000,0,0,0,300000,0,300000,300000
041991,元油2X國票98購01,0,0,0,0,0,0,0,0,0,300000,0,0,0,300000,0,300000,300000
055497,開發金元大97購01,0,0,0,0,0,0,0,0,0,300000,0,0,0,300000,0,300000,300000
058677,矽格群益99購01  ,0,0,0,0,0,0,0,0,0,300000,0,0,0,300000,0,300000,300000
062100,矽格永豐9B購01  ,0,0,0,0,0,0,0,0,0,300000,0,0,0,300000,0,300000,300000
06727P,台光電元大98售05,0,0,0,0,0,0,0,0,0,299000,0,0,0,499000,200000,299000,299000
061640,智原元大9A購01  ,0,0,0,0,0,0,0,0,0,299000,0,0,0,468000,169000,299000,299000
063508,緯創群益9B購01  ,0,0,0,0,0,0,0,0,0,299000,0,0,0,575000,276000,299000,299000
064278,高鐵元大9C購02  ,0,0,0,0,0,0,0,0,0,298000,0,0,0,312000,14000,298000,298000
08213P,台光電統一9B售03,0,0,0,0,0,0,0,0,0,298000,0,0,0,332000,34000,298000,298000
08155P,聯發科元富9B售05,0,0,0,0,0,0,0,0,0,297000,0,0,0,396000,99000,297000,297000
00830,國泰費城半導體  ,7000,8000,-1000,0,0,0,0,0,0,298000,232000,0,232000,159000,93000,66000,297000
059766,同欣電永豐99購03,0,0,0,0,0,0,0,0,0,297000,0,0,0,335000,38000,297000,297000
063232,裕隆元大9B購01  ,0,0,0,0,0,0,0,0,0,297000,0,0,0,520000,223000,297000,297000
064062,創意國泰01購01  ,0,0,0,0,0,0,0,0,0,296000,0,0,0,304000,8000,296000,296000
058656,燿華中信99購01  ,0,0,0,0,0,0,0,0,0,296000,0,0,0,400000,104000,296000,296000
060100,新光金元大9C購01,0,0,0,0,0,0,0,0,0,296000,0,0,0,358000,62000,296000,296000
064118,喬山元大01購01  ,0,0,0,0,0,0,0,0,0,295000,0,0,0,385000,90000,295000,295000
060226,道瓊反元大9A購01,0,0,0,0,0,0,0,0,0,295000,0,0,0,443000,148000,295000,295000
060960,金像電凱基9B購01,0,0,0,0,0,0,0,0,0,295000,0,0,0,407000,112000,295000,295000
062549,中租永豐9B購01  ,0,0,0,0,0,0,0,0,0,295000,0,0,0,374000,79000,295000,295000
057286,群創元大9B購05  ,0,0,0,0,0,0,0,0,0,294000,0,0,0,294000,0,294000,294000
07112P,聯發科群益99售05,0,0,0,0,0,0,0,0,0,293000,0,0,0,293000,0,293000,293000
063062,群創元富9B購01  ,0,0,0,0,0,0,0,0,0,293000,0,0,0,336000,43000,293000,293000
061844,T50反1國票9C購02,0,0,0,0,0,0,0,0,0,292000,0,0,0,654000,362000,292000,292000
08206P,鴻海群益9C售03  ,0,0,0,0,0,0,0,0,0,291000,0,0,0,291000,0,291000,291000
062868,葡萄王中信9B購01,0,0,0,0,0,0,0,0,0,291000,0,0,0,339000,48000,291000,291000
055754,和大兆豐97購01  ,0,0,0,0,0,0,0,0,0,290000,0,0,0,290000,0,290000,290000
055037,宏盛富邦99購01  ,0,0,0,0,0,0,0,0,0,290000,0,0,0,300000,10000,290000,290000
058786,元黃金元大99購01,0,0,0,0,0,0,0,0,0,290000,0,0,0,312000,22000,290000,290000
061801,祥碩永豐9B購01  ,0,0,0,0,0,0,0,0,0,290000,0,0,0,300000,10000,290000,290000
064053,祥碩統一02購01  ,0,0,0,0,0,0,0,0,0,289000,0,0,0,400000,111000,289000,289000
060404,台勝科國泰9B購01,0,0,0,0,0,0,0,0,0,289000,0,0,0,289000,0,289000,289000
062097,台光電永豐9B購01,0,0,0,0,0,0,0,0,0,288000,0,0,0,288000,0,288000,288000
063368,遠東新永豐9B購01,0,0,0,0,0,0,0,0,0,288000,0,0,0,356000,68000,288000,288000
07006P,旺宏統一9B售03  ,0,0,0,0,0,0,0,0,0,287000,0,0,0,298000,11000,287000,287000
06844P,智邦元大98售13  ,0,0,0,0,0,0,0,0,0,287000,0,0,0,290000,3000,287000,287000
058788,喬山元大99購01  ,0,0,0,0,0,0,0,0,0,287000,0,0,0,462000,175000,287000,287000
064137,台泥統一02購01  ,0,0,0,0,0,0,0,0,0,285000,0,0,0,285000,0,285000,285000
056061,國泰金元大97購02,0,0,0,0,0,0,0,0,0,285000,0,0,0,385000,100000,285000,285000
2515,中工            ,670000,385000,285000,0,0,0,0,0,0,-1000,6000,32000,-26000,62000,37000,25000,284000
058768,南港兆豐99購01  ,0,0,0,0,0,0,0,0,0,283000,0,0,0,404000,121000,283000,283000
060126,創意永豐99購04  ,0,0,0,0,0,0,0,0,0,283000,0,0,0,312000,29000,283000,283000
00766L,台新MSCI中國正2 ,0,0,0,0,0,0,0,0,0,282000,0,0,0,490000,208000,282000,282000
053965,聯電元大98購04  ,0,0,0,0,0,0,0,0,0,282000,0,0,0,373000,91000,282000,282000
06246P,茂林元富97售03  ,0,0,0,0,0,0,0,0,0,282000,0,0,0,454000,172000,282000,282000
06576P,台光電群益98售03,0,0,0,0,0,0,0,0,0,279000,0,0,0,299000,20000,279000,279000
2108,南帝            ,467000,175000,292000,0,0,0,1000,0,1000,-15000,0,15000,-15000,0,0,0,278000
056475,宏達電元大99購02,0,0,0,0,0,0,0,0,0,278000,0,0,0,325000,47000,278000,278000
053569,漢唐統一98購01  ,0,0,0,0,0,0,0,0,0,278000,0,0,0,329000,51000,278000,278000
063342,台光電統一9B購02,0,0,0,0,0,0,0,0,0,278000,0,0,0,368000,90000,278000,278000
060189,宏達電元富9B購03,0,0,0,0,0,0,0,0,0,277000,0,0,0,277000,0,277000,277000
063760,聯詠統一9C購02  ,0,0,0,0,0,0,0,0,0,277000,0,0,0,287000,10000,277000,277000
054684,裕隆永豐97購01  ,0,0,0,0,0,0,0,0,0,275000,0,0,0,275000,0,275000,275000
063786,瑞昱中信06購01  ,0,0,0,0,0,0,0,0,0,275000,0,0,0,275000,0,275000,275000
063820,華邦電麥證01購01,0,0,0,380000,105000,275000,0,0,0,275000,0,0,0,400000,125000,275000,275000
057883,中環群益98購01  ,0,0,0,0,0,0,0,0,0,274000,0,0,0,274000,0,274000,274000
08156P,大立光元富9B售05,0,0,0,0,0,0,0,0,0,272000,0,0,0,299000,27000,272000,272000
060684,同欣電元大9A購01,0,0,0,0,0,0,0,0,0,272000,0,0,0,374000,102000,272000,272000
057532,智原元大98購03  ,0,0,0,0,0,0,0,0,0,271000,0,0,0,330000,59000,271000,271000
063554,GIS國票9C購03   ,0,0,0,0,0,0,0,0,0,271000,0,0,0,352000,81000,271000,271000
061800,泰鼎永豐9B購01  ,0,0,0,0,0,0,0,0,0,271000,0,0,0,271000,0,271000,271000
08147P,聯發科群益9B售10,0,0,0,0,0,0,0,0,0,270000,0,0,0,293000,23000,270000,270000
00762,元大全球AI      ,0,0,0,0,0,0,0,0,0,270000,0,0,0,270000,0,270000,270000
055979,聯鈞統一97購03  ,0,0,0,0,0,0,0,0,0,270000,0,0,0,470000,200000,270000,270000
061418,世紀鋼群益9A購02,0,0,0,0,0,0,0,0,0,270000,0,0,0,388000,118000,270000,270000
062193,瑞昱第一9B購01  ,0,0,0,0,0,0,0,0,0,270000,0,0,0,336000,66000,270000,270000
058512,宏達電元大99購04,0,0,0,0,0,0,0,0,0,269000,0,0,0,276000,7000,269000,269000
6177,達麗            ,345000,78000,267000,0,0,0,0,0,0,0,0,0,0,0,0,0,267000
054935,華通元大98購03  ,0,0,0,0,0,0,0,0,0,267000,0,0,0,317000,50000,267000,267000
057087,台郡統一99購01  ,0,0,0,0,0,0,0,0,0,267000,0,0,0,282000,15000,267000,267000
061907,裕隆中信9B購01  ,0,0,0,0,0,0,0,0,0,267000,0,0,0,308000,41000,267000,267000
058261,大立光富邦03購01,0,0,0,0,0,0,0,0,0,266000,0,0,0,266000,0,266000,266000
063452,創意統一01購01  ,0,0,0,0,0,0,0,0,0,266000,0,0,0,442000,176000,266000,266000
063405,聯發科國票9C購03,0,0,0,0,0,0,0,0,0,266000,0,0,0,815000,549000,266000,266000
3708,上緯投控        ,311000,57000,254000,0,0,0,0,0,0,10000,5000,0,5000,5000,0,5000,264000
054161,友訊凱基98購01  ,0,0,0,0,0,0,0,0,0,264000,0,0,0,284000,20000,264000,264000
058496,文曄群益99購01  ,0,0,0,0,0,0,0,0,0,264000,0,0,0,423000,159000,264000,264000
061129,文曄永豐9A購01  ,0,0,0,0,0,0,0,0,0,264000,0,0,0,380000,116000,264000,264000
062955,立積永豐9B購02  ,0,0,0,0,0,0,0,0,0,264000,0,0,0,267000,3000,264000,264000
055860,啟碁元大97購04  ,0,0,0,0,0,0,0,0,0,263000,0,0,0,263000,0,263000,263000
058967,可成麥證99購01  ,0,0,0,263000,1000,262000,0,0,0,263000,0,0,0,264000,1000,263000,263000
6153,嘉聯益          ,1194750,636000,558750,0,0,0,0,0,0,-296000,44000,287000,-243000,14000,67000,-53000,262750
055063,玉晶光永豐99購01,0,0,0,0,0,0,0,0,0,262000,0,0,0,352000,90000,262000,262000
059003,中壽元大99購01  ,0,0,0,0,0,0,0,0,0,262000,0,0,0,381000,119000,262000,262000
062828,聯詠群益9B購02  ,0,0,0,0,0,0,0,0,0,262000,0,0,0,687000,425000,262000,262000
062018,台勝科永豐9B購01,0,0,0,0,0,0,0,0,0,262000,0,0,0,320000,58000,262000,262000
9939,宏全            ,423000,194000,229000,0,0,0,0,0,0,33000,16000,22000,-6000,39000,0,39000,262000
6715,嘉基            ,313000,70000,243000,0,0,0,18000,0,18000,0,0,0,0,0,0,0,261000
07100P,華航元大99售01  ,0,0,0,0,0,0,0,0,0,261000,0,0,0,261000,0,261000,261000
057989,旺宏統一99購04  ,0,0,0,0,0,0,0,0,0,260000,0,0,0,310000,50000,260000,260000
06763P,技嘉元大98售05  ,0,0,0,0,0,0,0,0,0,259000,0,0,0,412000,153000,259000,259000
059607,台積電富邦9C購04,0,0,0,0,0,0,0,0,0,258000,0,0,0,258000,0,258000,258000
061937,聯發科國票9B購02,0,0,0,0,0,0,0,0,0,258000,0,0,0,1038000,780000,258000,258000
08108P,聯發科元富9B售03,0,0,0,0,0,0,0,0,0,257000,0,0,0,367000,110000,257000,257000
1711,永光            ,269000,12000,257000,0,0,0,0,0,0,0,0,0,0,0,0,0,257000
9958,世紀鋼          ,827000,494000,333000,0,0,0,0,0,0,-76000,8000,8000,0,106000,182000,-76000,257000
061996,矽格元大9B購01  ,0,0,0,0,0,0,0,0,0,256000,0,0,0,282000,26000,256000,256000
062875,瑞昱兆豐9C購01  ,0,0,0,0,0,0,0,0,0,256000,0,0,0,256000,0,256000,256000
060865,創意永豐9A購01  ,0,0,0,0,0,0,0,0,0,255000,0,0,0,255000,0,255000,255000
062407,同欣電永豐9B購01,0,0,0,0,0,0,0,0,0,255000,0,0,0,717000,462000,255000,255000
052223,聯電凱基96購02  ,0,0,0,0,0,0,0,0,0,254000,0,0,0,254000,0,254000,254000
058622,國巨國票99購07  ,0,0,0,0,0,0,0,0,0,254000,0,0,0,256000,2000,254000,254000
061695,群創群益9A購01  ,0,0,0,0,0,0,0,0,0,253000,0,0,0,255000,2000,253000,253000
8926,台汽電          ,605000,398000,207000,0,0,0,1000,0,1000,45000,0,0,0,47000,2000,45000,253000
061006,新光金兆豐9A購01,0,0,0,0,0,0,0,0,0,252000,0,0,0,287000,35000,252000,252000
062290,聯發科富邦9C購04,0,0,0,0,0,0,0,0,0,252000,0,0,0,525000,273000,252000,252000
06725P,聯電元富98售01  ,0,0,0,0,0,0,0,0,0,251000,0,0,0,1226000,975000,251000,251000
064018,儒鴻元大9C購02  ,0,0,0,0,0,0,0,0,0,251000,0,0,0,287000,36000,251000,251000
00715L,街口布蘭特油正2 ,251000,0,251000,0,0,0,0,0,0,0,0,0,0,0,0,0,251000
055894,欣興統一97購03  ,0,0,0,0,0,0,0,0,0,251000,0,0,0,255000,4000,251000,251000
057151,易華電國票99購01,0,0,0,0,0,0,0,0,0,251000,0,0,0,266000,15000,251000,251000
057283,欣興元大98購07  ,0,0,0,0,0,0,0,0,0,250000,0,0,0,300000,50000,250000,250000
00640L,富邦日本正2     ,9000,0,9000,0,0,0,0,0,0,241000,0,0,0,681000,440000,241000,250000
06038P,國泰金台新96售01,0,0,0,0,0,0,0,0,0,250000,0,0,0,250000,0,250000,250000
054819,裕民元大9A購01  ,0,0,0,0,0,0,0,0,0,249000,0,0,0,418000,169000,249000,249000
2727,王品            ,365000,117000,248000,0,0,0,0,0,0,0,0,0,0,0,0,0,248000
058822,樺漢國泰9B購01  ,0,0,0,0,0,0,0,0,0,247000,0,0,0,248000,1000,247000,247000
061908,台積電中信05購01,0,0,0,0,0,0,0,0,0,247000,0,0,0,353000,106000,247000,247000
6525,捷敏-KY         ,160000,29000,131000,0,0,0,115000,0,115000,0,0,0,0,0,0,0,246000
061511,緯穎富邦9B購02  ,0,0,0,0,0,0,0,0,0,245000,0,0,0,1149000,904000,245000,245000
063227,祥碩群益9B購06  ,0,0,0,0,0,0,0,0,0,245000,0,0,0,521000,276000,245000,245000
054807,台化元大9A購02  ,0,0,0,0,0,0,0,0,0,244000,0,0,0,268000,24000,244000,244000
00647L,元大S&P500正2   ,10000,10000,0,0,0,0,0,0,0,244000,0,0,0,449000,205000,244000,244000
063074,創意永豐9B購02  ,0,0,0,0,0,0,0,0,0,244000,0,0,0,273000,29000,244000,244000
062285,台勝科群益9B購01,0,0,0,0,0,0,0,0,0,244000,0,0,0,247000,3000,244000,244000
058546,玉晶光富邦9B購01,0,0,0,0,0,0,0,0,0,243000,0,0,0,327000,84000,243000,243000
061944,聯電群益9B購01  ,0,0,0,0,0,0,0,0,0,243000,0,0,0,286000,43000,243000,243000
063988,華通永豐9C購01  ,0,0,0,0,0,0,0,0,0,242000,0,0,0,252000,10000,242000,242000
07088P,訊芯永豐99售02  ,0,0,0,0,0,0,0,0,0,242000,0,0,0,257000,15000,242000,242000
056943,華通統一99購01  ,0,0,0,0,0,0,0,0,0,242000,0,0,0,412000,170000,242000,242000
063486,聚陽國泰9C購01  ,0,0,0,0,0,0,0,0,0,241000,0,0,0,241000,0,241000,241000
07070P,晶相光元富99售01,0,0,0,0,0,0,0,0,0,240000,0,0,0,240000,0,240000,240000
060258,T50反1凱基9A購06,0,0,0,0,0,0,0,0,0,240000,0,0,0,300000,60000,240000,240000
058195,鈺齊永豐99購01  ,0,0,0,0,0,0,0,0,0,240000,0,0,0,664000,424000,240000,240000
062976,嘉澤元富9B購01  ,0,0,0,0,0,0,0,0,0,240000,0,0,0,319000,79000,240000,240000
062519,元金2X元大9B購03,0,0,0,0,0,0,0,0,0,240000,0,0,0,240000,0,240000,240000
07106P,國巨統一9B售05  ,0,0,0,0,0,0,0,0,0,239000,0,0,0,241000,2000,239000,239000
2489,瑞軒            ,435000,190000,245000,0,0,0,0,0,0,-6000,0,6000,-6000,0,0,0,239000
054517,高鐵元大96購01  ,0,0,0,0,0,0,0,0,0,239000,0,0,0,252000,13000,239000,239000
062878,宏達電兆豐9B購01,0,0,0,0,0,0,0,0,0,239000,0,0,0,280000,41000,239000,239000
052653,臺股指永豐97購01,0,0,0,0,0,0,0,0,0,238000,0,0,0,238000,0,238000,238000
060566,聯詠富邦9C購01  ,0,0,0,0,0,0,0,0,0,238000,0,0,0,396000,158000,238000,238000
063702,聯發科群益9C購04,0,0,0,0,0,0,0,0,0,238000,0,0,0,248000,10000,238000,238000
5388,中磊            ,600000,423000,177000,0,0,0,0,0,0,60000,10000,0,10000,67000,17000,50000,237000
063983,麗豐兆豐9C購01  ,0,0,0,0,0,0,0,0,0,237000,0,0,0,237000,0,237000,237000
059298,大立光元富9C購02,0,0,0,0,0,0,0,0,0,237000,0,0,0,291000,54000,237000,237000
056710,漢唐永豐98購01  ,0,0,0,0,0,0,0,0,0,236000,0,0,0,322000,86000,236000,236000
060303,宏達電富邦9B購01,0,0,0,0,0,0,0,0,0,236000,0,0,0,249000,13000,236000,236000
060155,友訊永豐9A購01  ,0,0,0,0,0,0,0,0,0,236000,0,0,0,288000,52000,236000,236000
060158,廣達永豐9A購01  ,0,0,0,0,0,0,0,0,0,236000,0,0,0,434000,198000,236000,236000
054943,群光元大97購01  ,0,0,0,0,0,0,0,0,0,235000,0,0,0,263000,28000,235000,235000
064007,嘉澤凱基02購01  ,0,0,0,0,0,0,0,0,0,234000,0,0,0,259000,25000,234000,234000
2107,厚生            ,303000,60000,243000,0,0,0,2000,0,2000,-11000,0,11000,-11000,0,0,0,234000
055408,力成國泰98購01  ,0,0,0,0,0,0,0,0,0,234000,0,0,0,235000,1000,234000,234000
063490,儒鴻富邦9C購01  ,0,0,0,0,0,0,0,0,0,234000,0,0,0,809000,575000,234000,234000
063556,儒鴻元大9B購02  ,0,0,0,0,0,0,0,0,0,234000,0,0,0,299000,65000,234000,234000
061372,世紀鋼國泰9C購01,0,0,0,0,0,0,0,0,0,234000,0,0,0,1063000,829000,234000,234000
063895,新光金群益01購01,0,0,0,0,0,0,0,0,0,233000,0,0,0,253000,20000,233000,233000
054031,中鋼中信98購01  ,0,0,0,0,0,0,0,0,0,233000,0,0,0,233000,0,233000,233000
059092,聯陽元大99購01  ,0,0,0,0,0,0,0,0,0,233000,0,0,0,235000,2000,233000,233000
06286P,世芯國票97售02  ,0,0,0,0,0,0,0,0,0,233000,0,0,0,245000,12000,233000,233000
063999,日月光兆豐9C購01,0,0,0,0,0,0,0,0,0,232000,0,0,0,237000,5000,232000,232000
056586,光罩統一98購02  ,0,0,0,0,0,0,0,0,0,232000,0,0,0,597000,365000,232000,232000
058139,臻鼎元大99購01  ,0,0,0,0,0,0,0,0,0,232000,0,0,0,418000,186000,232000,232000
060792,信錦永豐9A購01  ,0,0,0,0,0,0,0,0,0,232000,0,0,0,232000,0,232000,232000
060786,聯發科富邦9B購06,0,0,0,0,0,0,0,0,0,232000,0,0,0,235000,3000,232000,232000
058973,麗豐永豐99購01  ,0,0,0,0,0,0,0,0,0,232000,0,0,0,277000,45000,232000,232000
4108,懷特            ,257000,26000,231000,0,0,0,0,0,0,0,0,0,0,0,0,0,231000
063363,鴻海富邦9B購02  ,0,0,0,0,0,0,0,0,0,231000,0,0,0,258000,27000,231000,231000
063666,京元電統一9C購01,0,0,0,0,0,0,0,0,0,231000,0,0,0,231000,0,231000,231000
3705,永信            ,326000,96000,230000,0,0,0,0,0,0,0,0,0,0,0,0,0,230000
059855,緯穎永豐99購04  ,0,0,0,0,0,0,0,0,0,230000,0,0,0,238000,8000,230000,230000
050416,高股息凱基96購02,0,0,0,0,0,0,0,0,0,230000,0,0,0,230000,0,230000,230000
059095,訊芯元大99購01  ,0,0,0,0,0,0,0,0,0,230000,0,0,0,330000,100000,230000,230000
061439,寶成凱基9A購01  ,0,0,0,0,0,0,0,0,0,230000,0,0,0,270000,40000,230000,230000
060284,南港元大01購01  ,0,0,0,0,0,0,0,0,0,229000,0,0,0,1052000,823000,229000,229000
064108,創意兆豐9C購01  ,0,0,0,0,0,0,0,0,0,228000,0,0,0,233000,5000,228000,228000
048422,瑞昱元富96購02  ,0,0,0,0,0,0,0,0,0,228000,0,0,0,228000,0,228000,228000
060602,京元電凱基9A購01,0,0,0,0,0,0,0,0,0,228000,0,0,0,285000,57000,228000,228000
062468,台積電凱基9B購06,0,0,0,0,0,0,0,0,0,228000,0,0,0,234000,6000,228000,228000
063669,宏達電統一9C購01,0,0,0,0,0,0,0,0,0,228000,0,0,0,228000,0,228000,228000
057257,台泥兆豐99購01  ,0,0,0,0,0,0,0,0,0,227000,0,0,0,228000,1000,227000,227000
061027,儒鴻永豐9A購02  ,0,0,0,0,0,0,0,0,0,227000,0,0,0,228000,1000,227000,227000
063311,喬山群益9B購01  ,0,0,0,0,0,0,0,0,0,227000,0,0,0,637000,410000,227000,227000
4968,立積            ,593000,343000,250000,0,0,0,0,0,0,-24000,50000,15000,35000,16000,75000,-59000,226000
2231,為升            ,609000,460000,149000,0,0,0,0,0,0,77000,73000,16000,57000,29000,9000,20000,226000
057285,群創元大98購07  ,0,0,0,0,0,0,0,0,0,226000,0,0,0,226000,0,226000,226000
059693,智原永豐99購01  ,0,0,0,0,0,0,0,0,0,226000,0,0,0,241000,15000,226000,226000
063185,聯發科凱基9C購03,0,0,0,0,0,0,0,0,0,226000,0,0,0,438000,212000,226000,226000
061159,同欣電群益9A購01,0,0,0,0,0,0,0,0,0,226000,0,0,0,239000,13000,226000,226000
060412,儒鴻永豐9A購01  ,0,0,0,0,0,0,0,0,0,225000,0,0,0,225000,0,225000,225000
006205,富邦上証        ,93000,0,93000,0,0,0,0,0,0,131000,10000,70000,-60000,1005000,814000,191000,224000
057777,可成群益9A購03  ,0,0,0,0,0,0,0,0,0,224000,0,0,0,224000,0,224000,224000
063663,台光電統一9C購01,0,0,0,0,0,0,0,0,0,224000,0,0,0,306000,82000,224000,224000
006207,FH滬深          ,70000,0,70000,0,0,0,0,0,0,153000,20000,0,20000,251000,118000,133000,223000
058262,大立光富邦9C購02,0,0,0,0,0,0,0,0,0,223000,0,0,0,223000,0,223000,223000
2106,建大            ,464000,259000,205000,0,0,0,0,0,0,17000,17000,0,17000,0,0,0,222000
063557,聚陽元大9B購01  ,0,0,0,0,0,0,0,0,0,222000,0,0,0,230000,8000,222000,222000
058526,鈺齊元大99購02  ,0,0,0,0,0,0,0,0,0,221000,0,0,0,426000,205000,221000,221000
063518,儒鴻凱基9B購02  ,0,0,0,0,0,0,0,0,0,221000,0,0,0,228000,7000,221000,221000
063207,聯茂統一01購01  ,0,0,0,0,0,0,0,0,0,221000,0,0,0,419000,198000,221000,221000
061270,彩晶凱基9A購02  ,0,0,0,0,0,0,0,0,0,221000,0,0,0,301000,80000,221000,221000
063915,祥碩凱基01購01  ,0,0,0,0,0,0,0,0,0,220000,0,0,0,240000,20000,220000,220000
054608,致茂永豐97購01  ,0,0,0,0,0,0,0,0,0,220000,0,0,0,220000,0,220000,220000
056591,S&P正2元富9A購01,0,0,0,0,0,0,0,0,0,220000,0,0,0,220000,0,220000,220000
056265,國泰金統一97購01,0,0,0,0,0,0,0,0,0,220000,0,0,0,220000,0,220000,220000
060385,台勝科凱基9A購01,0,0,0,0,0,0,0,0,0,220000,0,0,0,344000,124000,220000,220000
060506,京元電元大9A購02,0,0,0,0,0,0,0,0,0,220000,0,0,0,334000,114000,220000,220000
061377,聯發科永豐9A購04,0,0,0,0,0,0,0,0,0,220000,0,0,0,225000,5000,220000,220000
063085,嘉澤凱基9C購01  ,0,0,0,0,0,0,0,0,0,220000,0,0,0,230000,10000,220000,220000
06047P,聯發科富邦99售04,0,0,0,0,0,0,0,0,0,219000,0,0,0,252000,33000,219000,219000
2841,台開            ,363000,145000,218000,0,0,0,0,0,0,0,0,0,0,0,0,0,218000
055311,健策群益98購02  ,0,0,0,0,0,0,0,0,0,218000,0,0,0,304000,86000,218000,218000
057916,國巨凱基98購13  ,0,0,0,0,0,0,0,0,0,218000,0,0,0,220000,2000,218000,218000
061741,新光金凱基9B購01,0,0,0,0,0,0,0,0,0,218000,0,0,0,218000,0,218000,218000
060454,葡萄王元大9A購01,0,0,0,0,0,0,0,0,0,217000,0,0,0,368000,151000,217000,217000
060237,友達元大9A購06  ,0,0,0,0,0,0,0,0,0,217000,0,0,0,218000,1000,217000,217000
060676,京元電元大9A購03,0,0,0,0,0,0,0,0,0,217000,0,0,0,467000,250000,217000,217000
062807,和碩統一9B購01  ,0,0,0,0,0,0,0,0,0,217000,0,0,0,505000,288000,217000,217000
063626,聚陽元大9B購03  ,0,0,0,0,0,0,0,0,0,217000,0,0,0,377000,160000,217000,217000
054890,聯鈞統一99購01  ,0,0,0,0,0,0,0,0,0,216000,0,0,0,216000,0,216000,216000
056333,台積電日盛9B購01,0,0,0,0,0,0,0,0,0,215000,0,0,0,255000,40000,215000,215000
058428,大立光元富99購02,0,0,0,0,0,0,0,0,0,215000,0,0,0,316000,101000,215000,215000
059425,SGBR2X元大9A購02,0,0,0,0,0,0,0,0,0,215000,0,0,0,613000,398000,215000,215000
063704,麗豐群益9B購01  ,0,0,0,0,0,0,0,0,0,215000,0,0,0,291000,76000,215000,215000
07956P,鴻海群益9B售06  ,0,0,0,0,0,0,0,0,0,214000,0,0,0,214000,0,214000,214000
063890,正隆群益9C購01  ,0,0,0,0,0,0,0,0,0,214000,0,0,0,222000,8000,214000,214000
059049,元油2X凱基9A購12,0,0,0,0,0,0,0,0,0,214000,0,0,0,214000,0,214000,214000
063705,臻鼎群益9B購03  ,0,0,0,0,0,0,0,0,0,214000,0,0,0,329000,115000,214000,214000
063294,美律麥證9B購01  ,0,0,0,227000,13000,214000,0,0,0,214000,0,0,0,227000,13000,214000,214000
062667,立積群益9B購01  ,0,0,0,0,0,0,0,0,0,214000,0,0,0,227000,13000,214000,214000
062956,同欣電永豐9B購02,0,0,0,0,0,0,0,0,0,214000,0,0,0,600000,386000,214000,214000
06893P,致新元富98售02  ,0,0,0,0,0,0,0,0,0,213000,0,0,0,245000,32000,213000,213000
07955P,大成鋼群益9B售02,0,0,0,0,0,0,0,0,0,213000,0,0,0,273000,60000,213000,213000
054198,台積電永昌96購08,0,0,0,0,0,0,0,0,0,213000,0,0,0,213000,0,213000,213000
057527,億光元大98購01  ,0,0,0,0,0,0,0,0,0,213000,0,0,0,213000,0,213000,213000
057987,大立光元富98購02,0,0,0,0,0,0,0,0,0,212000,0,0,0,624000,412000,212000,212000
063069,道瓊銀富邦05購01,0,0,0,0,0,0,0,0,0,212000,0,0,0,212000,0,212000,212000
063558,聚陽元大9B購02  ,0,0,0,0,0,0,0,0,0,212000,0,0,0,302000,90000,212000,212000
062195,聚陽中信9C購01  ,0,0,0,0,0,0,0,0,0,212000,0,0,0,298000,86000,212000,212000
5434,崇越            ,282000,61000,221000,0,0,0,0,0,0,-10000,0,10000,-10000,0,0,0,211000
063882,玉晶光元富9C購01,0,0,0,0,0,0,0,0,0,211000,0,0,0,338000,127000,211000,211000
060019,彰銀康和99購01  ,0,0,0,0,0,0,0,0,0,211000,0,0,0,311000,100000,211000,211000
062533,嘉澤統一9C購01  ,0,0,0,0,0,0,0,0,0,211000,0,0,0,295000,84000,211000,211000
9945,潤泰新          ,728000,507885,220115,0,0,0,0,0,0,-10000,2000,12000,-10000,0,0,0,210115
056670,樺漢國票99購01  ,0,0,0,0,0,0,0,0,0,210000,0,0,0,255000,45000,210000,210000
056845,揚明光元富98購01,0,0,0,0,0,0,0,0,0,210000,0,0,0,270000,60000,210000,210000
060310,瑞昱永豐9A購01  ,0,0,0,0,0,0,0,0,0,210000,0,0,0,210000,0,210000,210000
059198,華新科永豐99購06,0,0,0,0,0,0,0,0,0,210000,0,0,0,226000,16000,210000,210000
060545,台積電凱基9B購02,0,0,0,0,0,0,0,0,0,209000,0,0,0,219000,10000,209000,209000
063383,億豐永豐9B購02  ,0,0,0,0,0,0,0,0,0,209000,0,0,0,402000,193000,209000,209000
07794P,智邦國票9A售03  ,0,0,0,0,0,0,0,0,0,208000,0,0,0,208000,0,208000,208000
6213,聯茂            ,879000,518000,361000,0,0,0,97000,281000,-184000,30000,28000,19000,9000,53000,32000,21000,207000
1710,東聯            ,376000,171000,205000,0,0,0,0,1000,-1000,3000,3000,0,3000,0,0,0,207000
059399,滬深2X元富9C購03,0,0,0,0,0,0,0,0,0,207000,0,0,0,207000,0,207000,207000
057603,樺漢群益98購02  ,0,0,0,0,0,0,0,0,0,206000,0,0,0,206000,0,206000,206000
8454,富邦媒          ,312200,122171,190029,0,0,0,0,0,0,15000,21000,6000,15000,0,0,0,205029
061004,友達兆豐9A購01  ,0,0,0,0,0,0,0,0,0,205000,0,0,0,205000,0,205000,205000
062457,京元電群益9B購01,0,0,0,0,0,0,0,0,0,205000,0,0,0,303000,98000,205000,205000
062138,力成群益9B購01  ,0,0,0,0,0,0,0,0,0,205000,0,0,0,205000,0,205000,205000
1604,聲寶            ,221000,18000,203000,0,0,0,1000,0,1000,0,0,0,0,0,0,0,204000
061137,晶技統一9B購01  ,0,0,0,0,0,0,0,0,0,204000,0,0,0,229000,25000,204000,204000
058506,台積電元大99購09,0,0,0,0,0,0,0,0,0,204000,0,0,0,222000,18000,204000,204000
057043,台積電元大99購02,0,0,0,0,0,0,0,0,0,203000,0,0,0,226000,23000,203000,203000
055610,光磊國票98購01  ,0,0,0,0,0,0,0,0,0,203000,0,0,0,203000,0,203000,203000
056534,京元電凱基98購01,0,0,0,0,0,0,0,0,0,203000,0,0,0,223000,20000,203000,203000
060536,祥碩麥證9A購01  ,0,0,0,203000,0,203000,0,0,0,203000,0,0,0,203000,0,203000,203000
060573,力成永豐9A購01  ,0,0,0,0,0,0,0,0,0,203000,0,0,0,213000,10000,203000,203000
062070,金寶元大9B購01  ,0,0,0,0,0,0,0,0,0,203000,0,0,0,203000,0,203000,203000
063959,GIS元大9C購02   ,0,0,0,0,0,0,0,0,0,202000,0,0,0,222000,20000,202000,202000
057385,光罩永豐99購01  ,0,0,0,0,0,0,0,0,0,202000,0,0,0,284000,82000,202000,202000
058218,緯穎群益99購01  ,0,0,0,0,0,0,0,0,0,202000,0,0,0,206000,4000,202000,202000
060990,新光金元大9B購03,0,0,0,0,0,0,0,0,0,202000,0,0,0,294000,92000,202000,202000
1733,五鼎            ,244000,43000,201000,0,0,0,0,0,0,0,0,0,0,0,0,0,201000
08117P,聯發科元富9B售04,0,0,0,0,0,0,0,0,0,201000,0,0,0,316000,115000,201000,201000
055214,聯電凱基97購02  ,0,0,0,0,0,0,0,0,0,201000,0,0,0,225000,24000,201000,201000
059503,大立光富邦9B購04,0,0,0,0,0,0,0,0,0,201000,0,0,0,256000,55000,201000,201000
063837,亞德客元大01購01,0,0,0,0,0,0,0,0,0,201000,0,0,0,301000,100000,201000,201000
063948,高鐵元大9C購01  ,0,0,0,0,0,0,0,0,0,200000,0,0,0,216000,16000,200000,200000
064290,GIS元大9C購04   ,0,0,0,0,0,0,0,0,0,200000,0,0,0,200000,0,200000,200000
064252,嘉澤元富9C購01  ,0,0,0,0,0,0,0,0,0,200000,0,0,0,200000,0,200000,200000
07712P,茂林元大9A售03  ,0,0,0,0,0,0,0,0,0,200000,0,0,0,200000,0,200000,200000
07740P,臺股指永豐9A售01,0,0,0,0,0,0,0,0,0,200000,0,0,0,200000,0,200000,200000
07418P,聯發科元大99售45,0,0,0,0,0,0,0,0,0,200000,0,0,0,200000,0,200000,200000
055967,臻鼎元大97購01  ,0,0,0,0,0,0,0,0,0,200000,0,0,0,200000,0,200000,200000
056080,世紀鋼元大97購03,0,0,0,0,0,0,0,0,0,200000,0,0,0,200000,0,200000,200000
03604P,群創凱基98售05  ,0,0,0,0,0,0,0,0,0,200000,0,0,0,200000,0,200000,200000
053697,臻鼎元大96購02  ,0,0,0,0,0,0,0,0,0,200000,0,0,0,200000,0,200000,200000
053713,漢唐凱基96購04  ,0,0,0,0,0,0,0,0,0,200000,0,0,0,200000,0,200000,200000
053280,群創元大9C購01  ,0,0,0,0,0,0,0,0,0,200000,0,0,0,200000,0,200000,200000
059729,群創元大9C購05  ,0,0,0,0,0,0,0,0,0,200000,0,0,0,200000,0,200000,200000
057597,華通群益9A購02  ,0,0,0,0,0,0,0,0,0,200000,0,0,0,200000,0,200000,200000
060722,矽格永豐9A購01  ,0,0,0,0,0,0,0,0,0,200000,0,0,0,210000,10000,200000,200000
060387,盛群凱基9A購01  ,0,0,0,0,0,0,0,0,0,200000,0,0,0,230000,30000,200000,200000
064196,健策群益01購01  ,0,0,0,0,0,0,0,0,0,199000,0,0,0,200000,1000,199000,199000
07958P,華擎群益9B售01  ,0,0,0,0,0,0,0,0,0,199000,0,0,0,199000,0,199000,199000
07983P,茂林群益9B售03  ,0,0,0,0,0,0,0,0,0,199000,0,0,0,212000,13000,199000,199000
2314,台揚            ,289000,90000,199000,0,0,0,0,0,0,0,0,0,0,0,0,0,199000
052524,新光金元大9B購01,0,0,0,0,0,0,0,0,0,199000,0,0,0,199000,0,199000,199000
057106,美律群益98購03  ,0,0,0,0,0,0,0,0,0,199000,0,0,0,199000,0,199000,199000
055093,京鼎群益98購01  ,0,0,0,0,0,0,0,0,0,199000,0,0,0,201000,2000,199000,199000
059934,華通永豐99購02  ,0,0,0,0,0,0,0,0,0,199000,0,0,0,200000,1000,199000,199000
057674,台郡元大99購03  ,0,0,0,0,0,0,0,0,0,199000,0,0,0,222000,23000,199000,199000
055030,帆宣國泰99購02  ,0,0,0,0,0,0,0,0,0,198000,0,0,0,419000,221000,198000,198000
062037,華新凱基9B購01  ,0,0,0,0,0,0,0,0,0,198000,0,0,0,234000,36000,198000,198000
08168P,金像電群益9B售03,0,0,0,0,0,0,0,0,0,197000,0,0,0,283000,86000,197000,197000
08302P,長榮航國泰02售01,0,0,0,0,0,0,0,0,0,197000,0,0,0,263000,66000,197000,197000
054932,台肥元大97購01  ,0,0,0,0,0,0,0,0,0,197000,0,0,0,290000,93000,197000,197000
060611,同欣電凱基9A購02,0,0,0,0,0,0,0,0,0,197000,0,0,0,240000,43000,197000,197000
058413,義隆兆豐99購01  ,0,0,0,0,0,0,0,0,0,197000,0,0,0,198000,1000,197000,197000
060913,宏達電元大9A購03,0,0,0,0,0,0,0,0,0,197000,0,0,0,207000,10000,197000,197000
061708,同欣電國票9A購02,0,0,0,0,0,0,0,0,0,197000,0,0,0,361000,164000,197000,197000
063056,嘉澤統一9C購02  ,0,0,0,0,0,0,0,0,0,197000,0,0,0,287000,90000,197000,197000
057048,新日興元大98購01,0,0,0,0,0,0,0,0,0,196000,0,0,0,206000,10000,196000,196000
054261,智伸科元大96購03,0,0,0,0,0,0,0,0,0,196000,0,0,0,196000,0,196000,196000
056397,彩晶永豐99購01  ,0,0,0,0,0,0,0,0,0,194000,0,0,0,194000,0,194000,194000
056138,群創元大9B購01  ,0,0,0,0,0,0,0,0,0,194000,0,0,0,214000,20000,194000,194000
061181,牧德凱基9A購01  ,0,0,0,0,0,0,0,0,0,194000,0,0,0,229000,35000,194000,194000
057299,立積永豐98購02  ,0,0,0,0,0,0,0,0,0,193000,0,0,0,204000,11000,193000,193000
055569,聚陽統一98購01  ,0,0,0,0,0,0,0,0,0,193000,0,0,0,193000,0,193000,193000
061516,力成永豐9A購02  ,0,0,0,0,0,0,0,0,0,193000,0,0,0,193000,0,193000,193000
061824,聯電麥證9B購01  ,0,0,0,321000,128000,193000,0,0,0,193000,0,0,0,321000,128000,193000,193000
056189,樺漢統一97購02  ,0,0,0,0,0,0,0,0,0,192000,0,0,0,192000,0,192000,192000
060713,聯詠永豐9A購01  ,0,0,0,0,0,0,0,0,0,192000,0,0,0,192000,0,192000,192000
059695,聯鈞永豐99購02  ,0,0,0,0,0,0,0,0,0,192000,0,0,0,210000,18000,192000,192000
057225,華新凱基98購01  ,0,0,0,0,0,0,0,0,0,192000,0,0,0,193000,1000,192000,192000
063080,裕隆凱基9B購01  ,0,0,0,0,0,0,0,0,0,192000,0,0,0,194000,2000,192000,192000
063100,聚陽群益9C購02  ,0,0,0,0,0,0,0,0,0,192000,0,0,0,284000,92000,192000,192000
056768,宏達電元大99購03,0,0,0,0,0,0,0,0,0,191000,0,0,0,292000,101000,191000,191000
057137,鈺齊凱基98購01  ,0,0,0,0,0,0,0,0,0,191000,0,0,0,211000,20000,191000,191000
063154,南六元富9B購02  ,0,0,0,0,0,0,0,0,0,191000,0,0,0,191000,0,191000,191000
063295,京元電麥證9B購01,0,0,0,191000,0,191000,0,0,0,191000,0,0,0,191000,0,191000,191000
5876,上海商銀        ,2630921,2350886,280035,0,0,0,1000,0,1000,-91000,15000,0,15000,3000,109000,-106000,190035
056353,鴻海元大99購02  ,0,0,0,0,0,0,0,0,0,190000,0,0,0,200000,10000,190000,190000
054848,群創兆豐98購01  ,0,0,0,0,0,0,0,0,0,190000,0,0,0,190000,0,190000,190000
060369,滬深2X元富01購01,0,0,0,0,0,0,0,0,0,190000,0,0,0,190000,0,190000,190000
061899,復盛永豐9B購01  ,0,0,0,0,0,0,0,0,0,190000,0,0,0,190000,0,190000,190000
045189,大立光元富98購01,0,0,0,0,0,0,0,0,0,189000,0,0,0,189000,0,189000,189000
062142,喬山國票9B購01  ,0,0,0,0,0,0,0,0,0,188000,0,0,0,340000,152000,188000,188000
060289,京元電元大9A購01,30000,0,30000,0,0,0,0,0,0,157000,0,0,0,291000,134000,157000,187000
061814,聯發科群益9B購04,0,0,0,0,0,0,0,0,0,187000,0,0,0,277000,90000,187000,187000
063153,南六元富9B購01  ,0,0,0,0,0,0,0,0,0,187000,0,0,0,221000,34000,187000,187000
062992,聯發科群益9B購09,0,0,0,0,0,0,0,0,0,187000,0,0,0,200000,13000,187000,187000
07878P,智邦群益9C售01  ,0,0,0,0,0,0,0,0,0,186000,0,0,0,186000,0,186000,186000
056190,昇陽半統一97購01,0,0,0,0,0,0,0,0,0,186000,0,0,0,226000,40000,186000,186000
060322,卜蜂群益9A購01  ,0,0,0,0,0,0,0,0,0,186000,0,0,0,189000,3000,186000,186000
063204,高鐵統一9C購01  ,0,0,0,0,0,0,0,0,0,186000,0,0,0,277000,91000,186000,186000
2383,台光電          ,688000,803000,-115000,0,0,0,358000,30000,328000,-28000,105000,173000,-68000,90000,50000,40000,185000
056835,聯電元富99購01  ,0,0,0,0,0,0,0,0,0,184000,0,0,0,319000,135000,184000,184000
062377,力成元大9B購01  ,0,0,0,0,0,0,0,0,0,184000,0,0,0,203000,19000,184000,184000
2908,特力            ,353000,137000,216000,0,0,0,0,0,0,-34000,0,34000,-34000,0,0,0,182000
07670P,茂林元大9A售02  ,0,0,0,0,0,0,0,0,0,182000,0,0,0,294000,112000,182000,182000
063879,台積電元富9C購01,0,0,0,0,0,0,0,0,0,182000,0,0,0,814000,632000,182000,182000
063351,億豐統一9B購01  ,0,0,0,0,0,0,0,0,0,182000,0,0,0,385000,203000,182000,182000
2731,雄獅            ,229000,47052,181948,0,0,0,0,0,0,0,0,0,0,0,0,0,181948
064000,台郡兆豐9C購01  ,0,0,0,0,0,0,0,0,0,181000,0,0,0,212000,31000,181000,181000
063715,鈺齊凱基9C購01  ,0,0,0,0,0,0,0,0,0,181000,0,0,0,218000,37000,181000,181000
062455,鴻海群益9C購01  ,0,0,0,0,0,0,0,0,0,181000,0,0,0,181000,0,181000,181000
3380,明泰            ,524600,361000,163600,0,0,0,0,0,0,17000,30000,6000,24000,18000,25000,-7000,180600
08057P,京鼎群益9B售01  ,0,0,0,0,0,0,0,0,0,180000,0,0,0,180000,0,180000,180000
00737,國泰AI+Robo     ,126000,2000,124000,0,0,0,0,0,0,56000,0,0,0,156000,100000,56000,180000
054486,漢唐台新96購01  ,0,0,0,0,0,0,0,0,0,180000,0,0,0,180000,0,180000,180000
060373,元金2X元富9A購01,0,0,0,0,0,0,0,0,0,180000,0,0,0,200000,20000,180000,180000
057378,康友元大98購02  ,0,0,0,0,0,0,0,0,0,180000,0,0,0,180000,0,180000,180000
062626,台積電國票9C購04,0,0,0,0,0,0,0,0,0,180000,0,0,0,232000,52000,180000,180000
063968,新光金國票01購01,0,0,0,0,0,0,0,0,0,179000,0,0,0,192000,13000,179000,179000
06672P,聯發科群益98售05,0,0,0,0,0,0,0,0,0,179000,0,0,0,199000,20000,179000,179000
055060,聯陽永豐97購01  ,0,0,0,0,0,0,0,0,0,179000,0,0,0,179000,0,179000,179000
063643,臻鼎元大9B購03  ,0,0,0,0,0,0,0,0,0,179000,0,0,0,346000,167000,179000,179000
063611,儒鴻群益9B購03  ,0,0,0,0,0,0,0,0,0,179000,0,0,0,218000,39000,179000,179000
061411,T50反1群益9A購05,0,0,0,0,0,0,0,0,0,179000,0,0,0,183000,4000,179000,179000
07991P,鴻海群益9C售02  ,0,0,0,0,0,0,0,0,0,178000,0,0,0,196000,18000,178000,178000
059036,可成群益9B購03  ,0,0,0,0,0,0,0,0,0,178000,0,0,0,184000,6000,178000,178000
061105,宏達電元大9A購04,0,0,0,0,0,0,0,0,0,178000,0,0,0,182000,4000,178000,178000
062405,泰鼎永豐9B購02  ,0,0,0,0,0,0,0,0,0,178000,0,0,0,182000,4000,178000,178000
062927,同欣電國票9B購02,0,0,0,0,0,0,0,0,0,178000,0,0,0,261000,83000,178000,178000
063133,喬山統一01購01  ,0,0,0,0,0,0,0,0,0,178000,0,0,0,464000,286000,178000,178000
2608,嘉里大榮        ,192000,15000,177000,0,0,0,0,0,0,0,0,0,0,0,0,0,177000
054343,世紀鋼元富96購02,0,0,0,0,0,0,0,0,0,177000,0,0,0,222000,45000,177000,177000
060455,葡萄王元大9A購02,0,0,0,0,0,0,0,0,0,177000,0,0,0,485000,308000,177000,177000
060172,智原台新9A購01  ,0,0,0,0,0,0,0,0,0,177000,0,0,0,177000,0,177000,177000
063418,京元電凱基9B購03,0,0,0,0,0,0,0,0,0,177000,0,0,0,190000,13000,177000,177000
061818,富邦金群益9C購01,0,0,0,0,0,0,0,0,0,177000,0,0,0,360000,183000,177000,177000
2520,冠德            ,721000,626000,95000,0,0,0,0,0,0,81000,48000,0,48000,33000,0,33000,176000
059080,亞泥元大99購01  ,0,0,0,0,0,0,0,0,0,176000,0,0,0,391000,215000,176000,176000
064177,立積國泰01購01  ,0,0,0,0,0,0,0,0,0,175000,0,0,0,177000,2000,175000,175000
00672L,元大S&P原油正2  ,0,0,0,0,0,0,0,0,0,175000,0,0,0,220000,45000,175000,175000
061820,康控群益9B購02  ,0,0,0,0,0,0,0,0,0,175000,0,0,0,200000,25000,175000,175000
061028,聚陽永豐9A購01  ,0,0,0,0,0,0,0,0,0,174000,0,0,0,204000,30000,174000,174000
062402,台勝科永豐9B購02,0,0,0,0,0,0,0,0,0,174000,0,0,0,327000,153000,174000,174000
062748,祥碩永豐9B購02  ,0,0,0,0,0,0,0,0,0,174000,0,0,0,431000,257000,174000,174000
063929,高鐵統一02購01  ,0,0,0,0,0,0,0,0,0,173000,0,0,0,173000,0,173000,173000
6491,晶碩            ,171000,146000,25000,0,0,0,148000,0,148000,0,0,0,0,0,0,0,173000
056569,T50正2元大9B購02,0,0,0,0,0,0,0,0,0,173000,0,0,0,173000,0,173000,173000
057405,麗豐群益98購01  ,0,0,0,0,0,0,0,0,0,173000,0,0,0,215000,42000,173000,173000
9907,統一實          ,314000,141000,173000,0,0,0,0,0,0,0,0,0,0,0,0,0,173000
054916,聯發科凱基98購04,0,0,0,0,0,0,0,0,0,172000,0,0,0,177000,5000,172000,172000
055388,華通統一97購03  ,0,0,0,0,0,0,0,0,0,172000,0,0,0,173000,1000,172000,172000
057671,群創元大9B購06  ,0,0,0,0,0,0,0,0,0,172000,0,0,0,179000,7000,172000,172000
061243,麗豐兆豐9A購01  ,0,0,0,0,0,0,0,0,0,172000,0,0,0,172000,0,172000,172000
3437,榮創            ,203000,32000,171000,0,0,0,0,0,0,0,0,0,0,0,0,0,171000
1734,杏輝            ,484000,313000,171000,0,0,0,0,0,0,0,0,0,0,0,0,0,171000
1439,中和            ,198000,24000,174000,0,0,0,0,3000,-3000,0,0,0,0,0,0,0,171000
063934,寶成統一02購01  ,0,0,0,0,0,0,0,0,0,171000,0,0,0,171000,0,171000,171000
07743P,智邦凱基9A售03  ,0,0,0,0,0,0,0,0,0,171000,0,0,0,201000,30000,171000,171000
05644P,大立光中信9A售03,0,0,0,0,0,0,0,0,0,171000,0,0,0,771000,600000,171000,171000
06529P,貿聯富邦99售03  ,0,0,0,0,0,0,0,0,0,170000,0,0,0,210000,40000,170000,170000
06490P,鴻海富邦99售02  ,0,0,0,0,0,0,0,0,0,170000,0,0,0,200000,30000,170000,170000
054241,深中小元大98購01,0,0,0,0,0,0,0,0,0,170000,0,0,0,170000,0,170000,170000
056250,瑞昱兆豐97購02  ,0,0,0,0,0,0,0,0,0,170000,0,0,0,170000,0,170000,170000
058222,玉晶光統一9B購01,0,0,0,0,0,0,0,0,0,170000,0,0,0,216000,46000,170000,170000
062019,嘉澤永豐9B購01  ,0,0,0,0,0,0,0,0,0,170000,0,0,0,170000,0,170000,170000
062802,宏達電統一9B購01,0,0,0,0,0,0,0,0,0,170000,0,0,0,204000,34000,170000,170000
00783,富邦中証500     ,0,0,0,0,0,0,0,0,0,169000,0,0,0,1057000,888000,169000,169000
056486,樺漢元大98購04  ,0,0,0,0,0,0,0,0,0,169000,0,0,0,169000,0,169000,169000
057356,彩晶統一98購04  ,0,0,0,0,0,0,0,0,0,169000,0,0,0,424000,255000,169000,169000
062995,聚陽國票9C購01  ,0,0,0,0,0,0,0,0,0,169000,0,0,0,169000,0,169000,169000
9105,泰金寶-DR       ,169000,0,169000,0,0,0,0,0,0,0,0,0,0,0,0,0,169000
063971,健鼎國票01購01  ,0,0,0,0,0,0,0,0,0,168000,0,0,0,177000,9000,168000,168000
07365P,超眾元大99售07  ,0,0,0,0,0,0,0,0,0,168000,0,0,0,186000,18000,168000,168000
06726P,欣興元富98售04  ,0,0,0,0,0,0,0,0,0,168000,0,0,0,168000,0,168000,168000
063246,嘉晶元大9C購01  ,0,0,0,0,0,0,0,0,0,168000,0,0,0,277000,109000,168000,168000
063933,TPK統一01購01   ,0,0,0,0,0,0,0,0,0,167000,0,0,0,177000,10000,167000,167000
064147,瑞昱統一01購04  ,0,0,0,0,0,0,0,0,0,167000,0,0,0,246000,79000,167000,167000
06552P,茂林元大99售02  ,0,0,0,0,0,0,0,0,0,167000,0,0,0,569000,402000,167000,167000
052152,創意富邦98購01  ,0,0,0,0,0,0,0,0,0,167000,0,0,0,187000,20000,167000,167000
054164,強茂凱基98購01  ,0,0,0,0,0,0,0,0,0,167000,0,0,0,338000,171000,167000,167000
052724,力成統一97購01  ,0,0,0,0,0,0,0,0,0,167000,0,0,0,167000,0,167000,167000
057928,鈺齊凱基98購02  ,0,0,0,0,0,0,0,0,0,167000,0,0,0,167000,0,167000,167000
061971,力山元大9C購02  ,0,0,0,0,0,0,0,0,0,167000,0,0,0,340000,173000,167000,167000
056507,創意永豐98購02  ,0,0,0,0,0,0,0,0,0,166000,0,0,0,332000,166000,166000,166000
062277,廣達群益9B購01  ,0,0,0,0,0,0,0,0,0,166000,0,0,0,181000,15000,166000,166000
1476,儒鴻            ,870824,657423,213401,0,0,0,54000,3000,51000,-99000,33000,59000,-26000,7000,80000,-73000,165401
1732,毛寶            ,259000,94000,165000,0,0,0,0,0,0,0,0,0,0,0,0,0,165000
06879P,長榮航凱基98售02,0,0,0,0,0,0,0,0,0,165000,0,0,0,165000,0,165000,165000
063328,京元電國票9C購02,0,0,0,0,0,0,0,0,0,165000,0,0,0,209000,44000,165000,165000
059932,世紀鋼富邦9A購02,0,0,0,0,0,0,0,0,0,164000,0,0,0,239000,75000,164000,164000
050101,台積電永昌96購03,0,0,0,0,0,0,0,0,0,164000,0,0,0,164000,0,164000,164000
052003,泰碩國泰97購02  ,0,0,0,0,0,0,0,0,0,164000,0,0,0,170000,6000,164000,164000
063591,麗豐永豐9B購02  ,0,0,0,0,0,0,0,0,0,164000,0,0,0,192000,28000,164000,164000
061327,台郡凱基9A購02  ,0,0,0,0,0,0,0,0,0,164000,0,0,0,188000,24000,164000,164000
064146,瑞昱統一01購03  ,0,0,0,0,0,0,0,0,0,163000,0,0,0,163000,0,163000,163000
057261,瑞昱兆豐98購01  ,0,0,0,0,0,0,0,0,0,163000,0,0,0,164000,1000,163000,163000
059006,樺漢元大99購01  ,0,0,0,0,0,0,0,0,0,163000,0,0,0,186000,23000,163000,163000
061466,創意群益9A購01  ,0,0,0,0,0,0,0,0,0,163000,0,0,0,185000,22000,163000,163000
06624P,訊芯元大98售06  ,0,0,0,0,0,0,0,0,0,162000,0,0,0,162000,0,162000,162000
1451,年興            ,197000,35000,162000,0,0,0,0,0,0,0,0,0,0,0,0,0,162000
053754,英業達元富96購02,0,0,0,0,0,0,0,0,0,162000,0,0,0,262000,100000,162000,162000
062098,億光永豐9B購01  ,0,0,0,0,0,0,0,0,0,162000,0,0,0,206000,44000,162000,162000
056136,京鼎元大98購01  ,0,0,0,0,0,0,0,0,0,161000,0,0,0,213000,52000,161000,161000
057988,鈺齊元富98購02  ,0,0,0,0,0,0,0,0,0,161000,0,0,0,258000,97000,161000,161000
2354,鴻準            ,661000,500716,160284,0,0,0,0,635,-635,1000,3000,2000,1000,0,0,0,160649
2239,英利-KY         ,256000,266000,-10000,0,0,0,170000,0,170000,0,0,0,0,0,0,0,160000
07948P,大成鋼凱基9B售01,0,0,0,0,0,0,0,0,0,160000,0,0,0,160000,0,160000,160000
07875P,祥碩群益9B售01  ,0,0,0,0,0,0,0,0,0,160000,0,0,0,160000,0,160000,160000
052113,漢唐中信98購01  ,0,0,0,0,0,0,0,0,0,160000,0,0,0,170000,10000,160000,160000
057457,華邦電富邦98購01,0,0,0,0,0,0,0,0,0,160000,0,0,0,220000,60000,160000,160000
058174,台積電凱基9A購05,0,0,0,0,0,0,0,0,0,160000,0,0,0,170000,10000,160000,160000
059743,開發金元富99購01,0,0,0,0,0,0,0,0,0,160000,0,0,0,210000,50000,160000,160000
06351P,臺股指台新99售03,0,0,0,0,0,0,0,0,0,160000,0,0,0,160000,0,160000,160000
07046P,大立光富邦9C售03,0,0,0,0,0,0,0,0,0,159000,0,0,0,159000,0,159000,159000
060593,華通麥證9A購01  ,0,0,0,159000,0,159000,0,0,0,159000,0,0,0,159000,0,159000,159000
062052,華通統一01購01  ,0,0,0,0,0,0,0,0,0,159000,0,0,0,262000,103000,159000,159000
056626,同欣電永豐98購01,0,0,0,0,0,0,0,0,0,158000,0,0,0,158000,0,158000,158000
061339,京元電元大9A購05,0,0,0,0,0,0,0,0,0,158000,0,0,0,358000,200000,158000,158000
062987,祥碩中信01購01  ,0,0,0,0,0,0,0,0,0,158000,0,0,0,200000,42000,158000,158000
063108,世紀鋼群益9C購01,0,0,0,0,0,0,0,0,0,158000,0,0,0,158000,0,158000,158000
064048,大立光統一9C購07,0,0,0,0,0,0,0,0,0,157000,0,0,0,202000,45000,157000,157000
064058,儒鴻麥證01購01  ,0,0,0,157000,0,157000,0,0,0,157000,0,0,0,157000,0,157000,157000
6141,柏承            ,208000,51000,157000,0,0,0,0,0,0,0,0,0,0,0,0,0,157000
060164,合勤控永豐9A購01,0,0,0,0,0,0,0,0,0,157000,0,0,0,267000,110000,157000,157000
058660,樺漢中信9A購01  ,0,0,0,0,0,0,0,0,0,157000,0,0,0,446000,289000,157000,157000
057595,健鼎兆豐98購01  ,0,0,0,0,0,0,0,0,0,157000,0,0,0,225000,68000,157000,157000
6452,康友-KY         ,215000,67000,148000,0,0,0,0,0,0,8000,0,0,0,9000,1000,8000,156000
1608,華榮            ,170000,14000,156000,0,0,0,0,0,0,0,0,0,0,0,0,0,156000
06728P,全新元大98售03  ,0,0,0,0,0,0,0,0,0,156000,0,0,0,184000,28000,156000,156000
057287,彩晶元大9C購03  ,0,0,0,0,0,0,0,0,0,156000,0,0,0,306000,150000,156000,156000
059920,宏達電元大99購07,0,0,0,0,0,0,0,0,0,156000,0,0,0,289000,133000,156000,156000
052853,友達日盛99購01  ,0,0,0,0,0,0,0,0,0,156000,0,0,0,162000,6000,156000,156000
060758,台積電元大9A購19,0,0,0,0,0,0,0,0,0,156000,0,0,0,207000,51000,156000,156000
062448,健策元大9C購04  ,0,0,0,0,0,0,0,0,0,156000,0,0,0,206000,50000,156000,156000
063945,京元電元大9C購01,0,0,0,0,0,0,0,0,0,155000,0,0,0,213000,58000,155000,155000
07921P,鴻海群益9B售04  ,0,0,0,0,0,0,0,0,0,155000,0,0,0,155000,0,155000,155000
5531,鄉林            ,173000,18000,155000,0,0,0,0,0,0,0,0,0,0,0,0,0,155000
2601,益航            ,279000,125000,154000,0,0,0,1000,0,1000,0,0,0,0,0,0,0,155000
057307,瀚宇博兆豐99購01,0,0,0,0,0,0,0,0,0,155000,0,0,0,309000,154000,155000,155000
055303,鈺齊元大97購01  ,0,0,0,0,0,0,0,0,0,155000,0,0,0,155000,0,155000,155000
062677,儒鴻統一01購01  ,0,0,0,0,0,0,0,0,0,155000,0,0,0,165000,10000,155000,155000
063541,華擎元富9B購02  ,0,0,0,0,0,0,0,0,0,155000,0,0,0,164000,9000,155000,155000
063690,健鼎永豐9B購01  ,0,0,0,0,0,0,0,0,0,155000,0,0,0,155000,0,155000,155000
063777,儒鴻永豐9B購02  ,0,0,0,0,0,0,0,0,0,155000,0,0,0,165000,10000,155000,155000
6226,光鼎            ,181000,27000,154000,0,0,0,0,0,0,0,0,0,0,0,0,0,154000
07055P,景碩群益9A售02  ,0,0,0,0,0,0,0,0,0,154000,0,0,0,256000,102000,154000,154000
063369,聚陽永豐9B購01  ,0,0,0,0,0,0,0,0,0,154000,0,0,0,169000,15000,154000,154000
062815,聯發科兆豐9B購03,0,0,0,0,0,0,0,0,0,154000,0,0,0,174000,20000,154000,154000
9944,新麗            ,519000,365000,154000,0,0,0,0,0,0,0,0,0,0,0,0,0,154000
2605,新興            ,320000,217000,103000,0,0,0,0,0,0,50000,70000,20000,50000,0,0,0,153000
055874,中環元富9A購01  ,0,0,0,0,0,0,0,0,0,153000,0,0,0,543000,390000,153000,153000
03442B,臺股指元大9A熊48,0,0,0,0,0,0,0,0,0,153000,0,0,0,272000,119000,153000,153000
051486,玉晶光凱基97購03,0,0,0,0,0,0,0,0,0,153000,0,0,0,198000,45000,153000,153000
058773,和碩兆豐99購01  ,0,0,0,0,0,0,0,0,0,153000,0,0,0,193000,40000,153000,153000
057570,技嘉永豐98購02  ,0,0,0,0,0,0,0,0,0,153000,0,0,0,272000,119000,153000,153000
063649,南六元大9C購02  ,0,2000,-2000,0,0,0,0,0,0,155000,0,0,0,176000,21000,155000,153000
062093,台積電富邦9C購11,0,0,0,0,0,0,0,0,0,153000,0,0,0,153000,0,153000,153000
07502P,美食元大9A售01  ,0,0,0,0,0,0,0,0,0,152000,0,0,0,252000,100000,152000,152000
056559,華通群益98購02  ,0,0,0,0,0,0,0,0,0,152000,0,0,0,857000,705000,152000,152000
058371,智原凱基9A購01  ,0,0,0,0,0,0,0,0,0,152000,0,0,0,156000,4000,152000,152000
061901,柏文永豐9B購01  ,0,0,0,0,0,0,0,0,0,152000,0,0,0,238000,86000,152000,152000
9921,巨大            ,911000,694000,217000,0,0,0,12000,0,12000,-77000,0,77000,-77000,34000,34000,0,152000
1325,恆大            ,1092000,942000,150000,0,0,0,165000,0,165000,-164000,18000,43000,-25000,0,139000,-139000,151000
058928,國巨統一9C購01  ,0,0,0,0,0,0,0,0,0,151000,0,0,0,446000,295000,151000,151000
056860,正崴群益98購01  ,0,0,0,0,0,0,0,0,0,151000,0,0,0,151000,0,151000,151000
020015,統一MSCI美低波N ,0,0,0,0,0,0,0,0,0,151000,0,0,0,251000,100000,151000,151000
053350,台表科國票97購02,0,0,0,0,0,0,0,0,0,151000,0,0,0,171000,20000,151000,151000
057656,大成鋼兆豐98購01,0,0,0,0,0,0,0,0,0,151000,0,0,0,272000,121000,151000,151000
061084,京元電兆豐9A購02,0,0,0,0,0,0,0,0,0,151000,0,0,0,171000,20000,151000,151000
060785,國巨富邦9B購04  ,0,0,0,0,0,0,0,0,0,151000,0,0,0,151000,0,151000,151000
08099P,聯發科中信9B售04,0,0,0,0,0,0,0,0,0,150000,0,0,0,150000,0,150000,150000
2538,基泰            ,150000,0,150000,0,0,0,0,0,0,0,0,0,0,0,0,0,150000
053797,台積電中信98購01,0,0,0,0,0,0,0,0,0,150000,0,0,0,150000,0,150000,150000
053925,群創國票98購01  ,0,0,0,0,0,0,0,0,0,150000,0,0,0,150000,0,150000,150000
055517,國巨中信97購03  ,0,0,0,0,0,0,0,0,0,150000,0,0,0,150000,0,150000,150000
056986,超眾群益98購03  ,0,0,0,0,0,0,0,0,0,150000,0,0,0,150000,0,150000,150000
060981,旺宏元大9A購08  ,0,0,0,0,0,0,0,0,0,150000,0,0,0,156000,6000,150000,150000
060675,南亞科元大9A購02,0,0,0,0,0,0,0,0,0,150000,0,0,0,286000,136000,150000,150000
058513,宏達電元大99購05,0,0,0,0,0,0,0,0,0,150000,0,0,0,150000,0,150000,150000
05921P,同欣電元大96售06,0,0,0,0,0,0,0,0,0,150000,0,0,0,150000,0,150000,150000
060521,鴻海中信01購03  ,0,0,0,0,0,0,0,0,0,150000,0,0,0,150000,0,150000,150000
062364,瑞昱元大9B購04  ,0,0,0,0,0,0,0,0,0,150000,0,0,0,203000,53000,150000,150000
063528,元大金凱基9B購01,0,0,0,0,0,0,0,0,0,150000,0,0,0,192000,42000,150000,150000
06902P,聯電凱基98售02  ,0,0,0,0,0,0,0,0,0,149000,0,0,0,251000,102000,149000,149000
052167,亞泥元大96購01  ,0,0,0,0,0,0,0,0,0,149000,0,0,0,343000,194000,149000,149000
058997,鴻海元大99購21  ,0,0,0,0,0,0,0,0,0,149000,0,0,0,213000,64000,149000,149000
058762,貿聯群益99購03  ,0,0,0,0,0,0,0,0,0,149000,0,0,0,239000,90000,149000,149000
058763,和碩群益99購01  ,0,0,0,0,0,0,0,0,0,149000,0,0,0,233000,84000,149000,149000
059296,大立光元富99購06,0,0,0,0,0,0,0,0,0,149000,0,0,0,155000,6000,149000,149000
061258,華通凱基9A購06  ,0,0,0,0,0,0,0,0,0,149000,0,0,0,149000,0,149000,149000
060302,台積電富邦02購01,0,0,0,0,0,0,0,0,0,148000,0,0,0,431000,283000,148000,148000
061646,力成元大9A購02  ,0,0,0,0,0,0,0,0,0,148000,0,0,0,288000,140000,148000,148000
063804,華邦電兆豐01購01,0,0,0,0,0,0,0,0,0,148000,0,0,0,526000,378000,148000,148000
08262P,茂林元大9C售01  ,0,0,0,0,0,0,0,0,0,147000,0,0,0,246000,99000,147000,147000
1449,佳和            ,187000,40000,147000,0,0,0,0,0,0,0,0,0,0,0,0,0,147000
2010,春源            ,196000,49000,147000,0,0,0,0,0,0,0,0,0,0,0,0,0,147000
060849,力成國票9A購01  ,0,0,0,0,0,0,0,0,0,147000,0,0,0,147000,0,147000,147000
059042,世紀鋼群益99購02,0,0,0,0,0,0,0,0,0,147000,0,0,0,278000,131000,147000,147000
057776,京元電群益98購02,0,0,0,0,0,0,0,0,0,147000,0,0,0,156000,9000,147000,147000
063637,聯發科元大9C購02,0,0,0,0,0,0,0,0,0,147000,0,0,0,197000,50000,147000,147000
062597,世紀鋼統一01購01,0,0,0,0,0,0,0,0,0,147000,0,0,0,313000,166000,147000,147000
062453,聚陽群益9C購01  ,0,0,0,0,0,0,0,0,0,147000,0,0,0,198000,51000,147000,147000
059643,日月光凱基99購02,0,0,0,0,0,0,0,0,0,146000,0,0,0,165000,19000,146000,146000
06686P,麗豐永豐98售02  ,0,0,0,0,0,0,0,0,0,145000,0,0,0,145000,0,145000,145000
059782,A50正2元大9C購04,0,0,0,0,0,0,0,0,0,145000,0,0,0,166000,21000,145000,145000
060383,葡萄王凱基9A購01,0,0,0,0,0,0,0,0,0,145000,0,0,0,163000,18000,145000,145000
060259,潤泰全凱基9C購01,0,0,0,0,0,0,0,0,0,145000,0,0,0,147000,2000,145000,145000
062272,鴻海群益9B購05  ,0,0,0,0,0,0,0,0,0,145000,0,0,0,241000,96000,145000,145000
07105P,大毅元富99售02  ,0,0,0,0,0,0,0,0,0,144000,0,0,0,144000,0,144000,144000
4426,利勤            ,161000,23000,138000,0,0,0,0,0,0,6000,6000,0,6000,0,0,0,144000
00728,第一金工業30    ,0,0,0,0,0,0,0,0,0,144000,0,0,0,252000,108000,144000,144000
059680,台積電國泰9A購03,0,0,0,0,0,0,0,0,0,144000,0,0,0,150000,6000,144000,144000
063026,南六元大9B購04  ,0,0,0,0,0,0,0,0,0,144000,0,0,0,144000,0,144000,144000
08161P,台表科元富9B售02,0,0,0,0,0,0,0,0,0,143000,0,0,0,243000,100000,143000,143000
054471,T50反1中信9C購01,0,0,0,0,0,0,0,0,0,143000,0,0,0,200000,57000,143000,143000
060328,可成群益9A購06  ,0,0,0,0,0,0,0,0,0,143000,0,0,0,144000,1000,143000,143000
2348,海悅            ,193000,74000,119000,0,0,0,0,0,0,23000,23000,0,23000,0,0,0,142000
06852P,臺股指元大98售11,0,0,0,0,0,0,0,0,0,142000,0,0,0,1173000,1031000,142000,142000
056358,友訊元大99購01  ,0,0,0,0,0,0,0,0,0,142000,0,0,0,249000,107000,142000,142000
057555,玉晶光凱基9A購02,0,0,0,0,0,0,0,0,0,142000,0,0,0,172000,30000,142000,142000
061170,南茂兆豐9B購01  ,0,0,0,0,0,0,0,0,0,142000,0,0,0,152000,10000,142000,142000
6412,群電            ,331000,196000,135000,0,0,0,0,0,0,6000,0,0,0,8000,2000,6000,141000
006208,富邦台50        ,0,3000,-3000,0,0,0,0,0,0,144000,0,0,0,476000,332000,144000,141000
061151,友訊群益9A購01  ,0,0,0,0,0,0,0,0,0,141000,0,0,0,182000,41000,141000,141000
061292,玉晶光統一01購06,0,0,0,0,0,0,0,0,0,141000,0,0,0,141000,0,141000,141000
062589,友達統一9C購03  ,0,0,0,0,0,0,0,0,0,141000,0,0,0,226000,85000,141000,141000
07894P,燿華元大9B售01  ,0,0,0,0,0,0,0,0,0,140000,0,0,0,161000,21000,140000,140000
1903,士紙            ,164000,24000,140000,0,0,0,0,0,0,0,0,0,0,0,0,0,140000
00701,國泰股利精選30  ,33000,0,33000,0,0,0,0,0,0,107000,0,0,0,197000,90000,107000,140000
054573,漢唐元大98購01  ,0,0,0,0,0,0,0,0,0,140000,0,0,0,140000,0,140000,140000
054633,臺股指凱基9A購02,0,0,0,0,0,0,0,0,0,140000,0,0,0,140000,0,140000,140000
055688,力成凱基98購02  ,0,0,0,0,0,0,0,0,0,140000,0,0,0,140000,0,140000,140000
060048,元金2X凱基99購03,0,0,0,0,0,0,0,0,0,140000,0,0,0,150000,10000,140000,140000
057509,聯發科統一9A購03,0,0,0,0,0,0,0,0,0,140000,0,0,0,174000,34000,140000,140000
062922,南六元大9B購03  ,0,0,0,0,0,0,0,0,0,140000,0,0,0,180000,40000,140000,140000
063181,聚陽凱基9B購01  ,0,0,0,0,0,0,0,0,0,140000,0,0,0,140000,0,140000,140000
063303,聯發科凱基9B購14,0,0,0,0,0,0,0,0,0,140000,0,0,0,140000,0,140000,140000
07300P,臺股指元大9A售33,0,0,0,0,0,0,0,0,0,139000,0,0,0,200000,61000,139000,139000
063862,世紀鋼國泰02購01,0,0,0,0,0,0,0,0,0,139000,0,0,0,145000,6000,139000,139000
063269,儒鴻兆豐9C購01  ,0,0,0,0,0,0,0,0,0,139000,0,0,0,380000,241000,139000,139000
8464,億豐            ,360321,224000,136321,0,0,0,0,0,0,2000,0,0,0,14000,12000,2000,138321
054527,國巨統一97購03  ,0,0,0,0,0,0,0,0,0,138000,0,0,0,165000,27000,138000,138000
060686,康友元大9A購02  ,0,0,0,0,0,0,0,0,0,138000,0,0,0,139000,1000,138000,138000
063496,儒鴻永豐9B購01  ,0,0,0,0,0,0,0,0,0,138000,0,0,0,138000,0,138000,138000
063433,臻鼎元富9B購01  ,0,0,0,0,0,0,0,0,0,138000,0,0,0,577000,439000,138000,138000
063628,華通元大9B購09  ,0,0,0,0,0,0,0,0,0,138000,0,0,0,148000,10000,138000,138000
06734P,智邦凱基98售05  ,0,0,0,0,0,0,0,0,0,137000,0,0,0,160000,23000,137000,137000
2851,中再保          ,144000,7000,137000,0,0,0,0,0,0,0,0,0,0,0,0,0,137000
050392,群創統一96購01  ,0,0,0,0,0,0,0,0,0,137000,0,0,0,450000,313000,137000,137000
058996,台達電元大99購02,0,0,0,0,0,0,0,0,0,137000,0,0,0,148000,11000,137000,137000
057998,玉晶光麥證9A購01,0,0,0,138000,0,138000,0,0,0,137000,0,0,0,138000,1000,137000,137000
062747,立積永豐9B購01  ,0,0,0,0,0,0,0,0,0,137000,0,0,0,139000,2000,137000,137000
4133,亞諾法          ,2390000,2304000,86000,0,0,0,0,0,0,50000,10000,0,10000,40000,0,40000,136000
08066P,南亞科凱基9B售04,0,0,0,0,0,0,0,0,0,136000,0,0,0,160000,24000,136000,136000
063864,健策富邦01購01  ,0,0,0,0,0,0,0,0,0,136000,0,0,0,285000,149000,136000,136000
063921,大立光元富9C購03,0,0,0,0,0,0,0,0,0,136000,0,0,0,202000,66000,136000,136000
053361,友達元富99購01  ,0,0,0,0,0,0,0,0,0,136000,0,0,0,150000,14000,136000,136000
063678,友達國泰9C購01  ,0,0,0,0,0,0,0,0,0,136000,0,0,0,446000,310000,136000,136000
061803,巨大永豐9B購01  ,0,0,0,0,0,0,0,0,0,136000,0,0,0,148000,12000,136000,136000
8215,明基材          ,262000,127000,135000,0,0,0,1000,0,1000,0,0,0,0,0,0,0,136000
06477P,緯穎國票99售02  ,0,0,0,0,0,0,0,0,0,135000,0,0,0,215000,80000,135000,135000
08196P,上銀元大9B售07  ,0,0,0,0,0,0,0,0,0,135000,0,0,0,135000,0,135000,135000
055022,精元國泰99購01  ,0,0,0,0,0,0,0,0,0,135000,0,0,0,135000,0,135000,135000
060425,凌華永豐9A購01  ,0,0,0,0,0,0,0,0,0,135000,0,0,0,135000,0,135000,135000
063707,儒鴻凱基9C購01  ,0,0,0,0,0,0,0,0,0,135000,0,0,0,151000,16000,135000,135000
2399,映泰            ,340000,206000,134000,0,0,0,0,0,0,0,0,0,0,0,0,0,134000
2428,興勤            ,240000,136000,104000,0,0,0,0,0,0,30000,0,0,0,32000,2000,30000,134000
4956,光鋐            ,621000,488000,133000,0,0,0,0,0,0,0,0,0,0,0,0,0,133000
063922,大立光元富9C購04,0,0,0,0,0,0,0,0,0,133000,0,0,0,236000,103000,133000,133000
07124P,台積電元大99售21,0,0,0,0,0,0,0,0,0,133000,0,0,0,135000,2000,133000,133000
07687P,上銀元大9A售06  ,0,0,0,0,0,0,0,0,0,133000,0,0,0,133000,0,133000,133000
057104,康友中信99購01  ,0,0,0,0,0,0,0,0,0,133000,0,0,0,143000,10000,133000,133000
050842,旺宏國票97購01  ,0,0,0,0,0,0,0,0,0,133000,0,0,0,163000,30000,133000,133000
063432,金寶元富9B購01  ,0,0,0,0,0,0,0,0,0,133000,0,0,0,485000,352000,133000,133000
06234P,亞德客元大97售02,0,0,0,0,0,0,0,0,0,133000,0,0,0,170000,37000,133000,133000
07456P,華新科元大9A售06,0,0,0,0,0,0,0,0,0,132000,0,0,0,132000,0,132000,132000
064130,創意元大9C購02  ,0,0,0,0,0,0,0,0,0,132000,0,0,0,331000,199000,132000,132000
08310P,南電凱基9C售01  ,0,0,0,0,0,0,0,0,0,132000,0,0,0,132000,0,132000,132000
08275P,南亞科元富9C售01,0,0,0,0,0,0,0,0,0,132000,0,0,0,160000,28000,132000,132000
056683,台積電統一98購05,0,0,0,0,0,0,0,0,0,132000,0,0,0,211000,79000,132000,132000
056851,瑞儀元富98購01  ,0,0,0,0,0,0,0,0,0,132000,0,0,0,159000,27000,132000,132000
060709,緯穎富邦9B購01  ,0,0,0,0,0,0,0,0,0,132000,0,0,0,203000,71000,132000,132000
061244,和碩兆豐9A購01  ,0,0,0,0,0,0,0,0,0,132000,0,0,0,147000,15000,132000,132000
4104,佳醫            ,145000,14000,131000,0,0,0,0,0,0,0,0,0,0,0,0,0,131000
06551P,貿聯元大98售05  ,0,0,0,0,0,0,0,0,0,131000,0,0,0,131000,0,131000,131000
057010,景碩中信98購01  ,0,0,0,0,0,0,0,0,0,131000,0,0,0,153000,22000,131000,131000
08037P,台表科群益9B售02,0,0,0,0,0,0,0,0,0,130000,0,0,0,152000,22000,130000,130000
057063,立積國泰9A購01  ,0,0,0,0,0,0,0,0,0,130000,0,0,0,130000,0,130000,130000
056907,群創元大9C購04  ,0,0,0,0,0,0,0,0,0,130000,0,0,0,131000,1000,130000,130000
058910,泰鼎元大99購03  ,0,0,0,0,0,0,0,0,0,130000,0,0,0,131000,1000,130000,130000
058095,昇陽半元大98購03,0,0,0,0,0,0,0,0,0,130000,0,0,0,204000,74000,130000,130000
061265,富邦金凱基9B購01,0,0,0,0,0,0,0,0,0,130000,0,0,0,158000,28000,130000,130000
062293,麗豐永豐9B購01  ,0,0,0,0,0,0,0,0,0,130000,0,0,0,130000,0,130000,130000
063655,華通元富9B購01  ,0,0,0,0,0,0,0,0,0,129000,0,0,0,134000,5000,129000,129000
056787,健鼎群益98購01  ,0,0,0,0,0,0,0,0,0,128000,0,0,0,128000,0,128000,128000
00703,台新MSCI中國    ,0,0,0,0,0,0,0,0,0,128000,0,0,0,280000,152000,128000,128000
055545,國巨凱基97購06  ,0,0,0,0,0,0,0,0,0,128000,0,0,0,128000,0,128000,128000
060682,牧德元大9A購03  ,0,0,0,0,0,0,0,0,0,128000,0,0,0,378000,250000,128000,128000
061124,微星永豐9A購02  ,0,0,0,0,0,0,0,0,0,128000,0,0,0,213000,85000,128000,128000
057234,宏達電凱基98購05,0,0,0,0,0,0,0,0,0,128000,0,0,0,148000,20000,128000,128000
062774,儒鴻元大9C購01  ,0,0,0,0,0,0,0,0,0,128000,0,0,0,230000,102000,128000,128000
061350,牧德元大9B購03  ,0,0,0,0,0,0,0,0,0,128000,0,0,0,177000,49000,128000,128000
08299P,玉晶光國票02售01,0,0,0,0,0,0,0,0,0,127000,0,0,0,141000,14000,127000,127000
08214P,南六統一9B售03  ,0,0,0,0,0,0,0,0,0,127000,0,0,0,623000,496000,127000,127000
1907,永豐餘          ,526000,387000,139000,0,0,0,3000,0,3000,-15000,20000,35000,-15000,0,0,0,127000
6416,瑞祺電通        ,256000,472000,-216000,0,0,0,159000,40000,119000,224000,88000,15000,73000,169000,18000,151000,127000
2419,仲琦            ,253000,126000,127000,0,0,0,0,0,0,0,0,0,0,0,0,0,127000
057506,聯鈞國票99購02  ,0,0,0,0,0,0,0,0,0,127000,0,0,0,128000,1000,127000,127000
061462,國巨群益9A購11  ,0,0,0,0,0,0,0,0,0,127000,0,0,0,128000,1000,127000,127000
2492,華新科          ,1119045,1032000,87045,0,0,0,0,0,0,39000,68000,76000,-8000,132000,85000,47000,126045
3703,欣陸            ,204000,78000,126000,0,0,0,0,0,0,0,0,0,0,0,0,0,126000
2342,茂矽            ,865000,739000,126000,0,0,0,0,0,0,0,0,0,0,0,0,0,126000
07978P,茂林群益9B售02  ,0,0,0,0,0,0,0,0,0,126000,0,0,0,126000,0,126000,126000
055559,大立光凱基97購09,0,0,0,0,0,0,0,0,0,126000,0,0,0,159000,33000,126000,126000
062701,漢唐元大9B購01  ,0,0,0,0,0,0,0,0,0,126000,0,0,0,269000,143000,126000,126000
2527,宏璟            ,164000,39000,125000,0,0,0,0,0,0,0,0,0,0,0,0,0,125000
054244,華新元大96購01  ,0,0,0,0,0,0,0,0,0,125000,0,0,0,135000,10000,125000,125000
057296,智原永豐98購01  ,0,0,0,0,0,0,0,0,0,125000,0,0,0,151000,26000,125000,125000
057244,鈺齊凱基99購01  ,0,0,0,0,0,0,0,0,0,125000,0,0,0,125000,0,125000,125000
058153,景碩統一9B購01  ,0,0,0,0,0,0,0,0,0,125000,0,0,0,186000,61000,125000,125000
055245,凱美統一99購01  ,0,0,0,0,0,0,0,0,0,125000,0,0,0,140000,15000,125000,125000
062427,嘉澤統一01購01  ,0,0,0,0,0,0,0,0,0,125000,0,0,0,135000,10000,125000,125000
08170P,緯穎群益9B售03  ,0,0,0,0,0,0,0,0,0,124000,0,0,0,130000,6000,124000,124000
08235P,南電國泰9C售03  ,0,0,0,0,0,0,0,0,0,124000,0,0,0,124000,0,124000,124000
059113,群光永豐99購01  ,0,0,0,0,0,0,0,0,0,124000,0,0,0,126000,2000,124000,124000
059274,國巨元大99購22  ,0,0,0,0,0,0,0,0,0,124000,0,0,0,200000,76000,124000,124000
063375,牧德永豐9B購02  ,0,0,0,0,0,0,0,0,0,124000,0,0,0,124000,0,124000,124000
056309,合勤控元大97購01,0,0,0,0,0,0,0,0,0,123000,0,0,0,341000,218000,123000,123000
063739,台勝科元大9B購03,0,0,0,0,0,0,0,0,0,123000,0,0,0,165000,42000,123000,123000
062450,臻鼎元大9B購02  ,0,0,0,0,0,0,0,0,0,123000,0,0,0,202000,79000,123000,123000
062473,同欣電凱基9B購01,0,0,0,0,0,0,0,0,0,123000,0,0,0,287000,164000,123000,123000
061924,聯發科凱基9C購01,0,0,0,0,0,0,0,0,0,123000,0,0,0,130000,7000,123000,123000
061749,群創統一9C購02  ,0,0,0,0,0,0,0,0,0,123000,0,0,0,136000,13000,123000,123000
061570,瑞昱元大9A購05  ,0,0,0,0,0,0,0,0,0,123000,0,0,0,128000,5000,123000,123000
06447P,上銀元大98售01  ,0,0,0,0,0,0,0,0,0,122000,0,0,0,136000,14000,122000,122000
060746,玉晶光國票9B購02,0,0,0,0,0,0,0,0,0,122000,0,0,0,122000,0,122000,122000
058499,滬深2X元大9C購01,0,0,0,0,0,0,0,0,0,122000,0,0,0,196000,74000,122000,122000
057807,友訊元大98購02  ,0,0,0,0,0,0,0,0,0,122000,0,0,0,282000,160000,122000,122000
057996,臻鼎中信98購01  ,0,0,0,0,0,0,0,0,0,122000,0,0,0,122000,0,122000,122000
057354,聯鈞統一99購03  ,0,0,0,0,0,0,0,0,0,122000,0,0,0,202000,80000,122000,122000
061348,聯鈞元大9A購05  ,0,0,0,0,0,0,0,0,0,122000,0,0,0,168000,46000,122000,122000
061357,寶成元大9A購01  ,0,0,0,0,0,0,0,0,0,122000,0,0,0,172000,50000,122000,122000
063348,祥碩統一01購04  ,0,0,0,0,0,0,0,0,0,122000,0,0,0,200000,78000,122000,122000
063459,華通元大9B購08  ,0,0,0,0,0,0,0,0,0,122000,0,0,0,141000,19000,122000,122000
064205,台灣50凱基01購14,0,0,0,0,0,0,0,0,0,121000,0,0,0,124000,3000,121000,121000
064082,緯創中信06購01  ,0,0,0,0,0,0,0,0,0,121000,0,0,0,181000,60000,121000,121000
054826,復盛元大9A購01  ,0,0,0,0,0,0,0,0,0,121000,0,0,0,121000,0,121000,121000
058356,華邦電凱基99購01,0,0,0,0,0,0,0,0,0,121000,0,0,0,153000,32000,121000,121000
058625,旺宏國票9A購01  ,0,0,0,0,0,0,0,0,0,121000,0,0,0,121000,0,121000,121000
063553,同欣電國票9B購03,0,0,0,0,0,0,0,0,0,121000,0,0,0,125000,4000,121000,121000
063372,漢翔永豐9B購01  ,0,0,0,0,0,0,0,0,0,121000,0,0,0,121000,0,121000,121000
062921,GIS元大9B購01   ,0,0,0,0,0,0,0,0,0,121000,0,0,0,252000,131000,121000,121000
08211P,台表科元富9B售03,0,0,0,0,0,0,0,0,0,120000,0,0,0,137000,17000,120000,120000
056001,美食永豐97購01  ,0,0,0,0,0,0,0,0,0,120000,0,0,0,156000,36000,120000,120000
056784,南亞科群益98購01,0,0,0,0,0,0,0,0,0,120000,0,0,0,120000,0,120000,120000
059830,台郡凱基99購05  ,0,0,0,0,0,0,0,0,0,120000,0,0,0,130000,10000,120000,120000
053051,楠梓電國票97購01,0,0,0,0,0,0,0,0,0,120000,0,0,0,140000,20000,120000,120000
053488,中石化兆豐97購01,0,0,0,0,0,0,0,0,0,120000,0,0,0,135000,15000,120000,120000
053913,華新國票97購01  ,0,0,0,0,0,0,0,0,0,120000,0,0,0,120000,0,120000,120000
060091,技嘉元大99購03  ,0,0,0,0,0,0,0,0,0,120000,0,0,0,120000,0,120000,120000
063587,漢唐永豐9B購02  ,0,0,0,0,0,0,0,0,0,120000,0,0,0,120000,0,120000,120000
061363,儒鴻國票9B購01  ,0,0,0,0,0,0,0,0,0,120000,0,0,0,120000,0,120000,120000
08153P,台表科統一9B售01,0,0,0,0,0,0,0,0,0,119000,0,0,0,119000,0,119000,119000
2417,圓剛            ,1729000,1606000,123000,0,0,0,0,0,0,-4000,0,4000,-4000,0,0,0,119000
07188P,臺股指台新99售11,0,0,0,0,0,0,0,0,0,119000,0,0,0,120000,1000,119000,119000
057324,億光群益98購01  ,0,0,0,0,0,0,0,0,0,119000,0,0,0,317000,198000,119000,119000
060197,臻鼎元富9A購02  ,0,0,0,0,0,0,0,0,0,119000,0,0,0,119000,0,119000,119000
058605,華邦電元大99購04,0,0,0,0,0,0,0,0,0,119000,0,0,0,246000,127000,119000,119000
061025,創意富邦9B購01  ,0,0,0,0,0,0,0,0,0,119000,0,0,0,169000,50000,119000,119000
061579,京鼎元大9A購02  ,0,0,0,0,0,0,0,0,0,119000,0,0,0,217000,98000,119000,119000
063650,矽創元大9B購03  ,0,0,0,0,0,0,0,0,0,119000,0,0,0,124000,5000,119000,119000
062946,祥碩國泰9C購02  ,0,0,0,0,0,0,0,0,0,119000,0,0,0,167000,48000,119000,119000
07837P,華邦電元大9A售01,0,0,0,0,0,0,0,0,0,118000,0,0,0,122000,4000,118000,118000
056958,喬山永豐98購01  ,0,0,0,0,0,0,0,0,0,118000,0,0,0,118000,0,118000,118000
055798,聯茂富邦98購01  ,0,0,0,0,0,0,0,0,0,118000,0,0,0,129000,11000,118000,118000
006206,元大上證50      ,418000,0,418000,0,0,0,0,0,0,-300000,0,20000,-20000,175000,455000,-280000,118000
062409,巨大永豐9B購02  ,0,0,0,0,0,0,0,0,0,118000,0,0,0,246000,128000,118000,118000
4746,台耀            ,809000,690000,119000,0,0,0,0,0,0,-2000,1000,3000,-2000,0,0,0,117000
1718,中纖            ,1666000,1583000,83000,0,0,0,0,0,0,34000,48000,20000,28000,6000,0,6000,117000
058101,台積電富邦9C購01,0,0,0,0,0,0,0,0,0,117000,0,0,0,137000,20000,117000,117000
058105,旺宏統一9A購02  ,0,0,0,0,0,0,0,0,0,117000,0,0,0,144000,27000,117000,117000
060240,富邦金元大9A購01,0,0,0,0,0,0,0,0,0,117000,0,0,0,255000,138000,117000,117000
063870,健策永豐01購01  ,0,0,0,0,0,0,0,0,0,116000,0,0,0,210000,94000,116000,116000
063957,臻鼎元大9C購01  ,0,0,0,0,0,0,0,0,0,116000,0,0,0,165000,49000,116000,116000
060644,泰鼎永豐9A購02  ,0,0,0,0,0,0,0,0,0,116000,0,0,0,126000,10000,116000,116000
060914,健策元大9A購03  ,0,0,0,0,0,0,0,0,0,116000,0,0,0,126000,10000,116000,116000
058798,大立光元大99購11,0,0,0,0,0,0,0,0,0,116000,0,0,0,127000,11000,116000,116000
06142P,台虹康和97售02  ,0,0,0,0,0,0,0,0,0,116000,0,0,0,116000,0,116000,116000
06525P,上証2X國泰99售01,0,0,0,0,0,0,0,0,0,115000,0,0,0,115000,0,115000,115000
07163P,臺股指群益99售14,0,0,0,0,0,0,0,0,0,115000,0,0,0,175000,60000,115000,115000
07950P,智邦元大9B售04  ,0,0,0,0,0,0,0,0,0,115000,0,0,0,115000,0,115000,115000
07926P,上銀統一9B售02  ,0,0,0,0,0,0,0,0,0,115000,0,0,0,115000,0,115000,115000
059922,大立光元大99購25,0,0,0,0,0,0,0,0,0,115000,0,0,0,140000,25000,115000,115000
048651,美利達元大96購05,0,0,0,0,0,0,0,0,0,115000,0,0,0,115000,0,115000,115000
057568,友訊永豐99購01  ,0,0,0,0,0,0,0,0,0,115000,0,0,0,125000,10000,115000,115000
057580,玉山金中信9A購01,0,0,0,0,0,0,0,0,0,115000,0,0,0,125000,10000,115000,115000
061294,奇力新麥證9A購01,0,0,0,118000,3000,115000,0,0,0,115000,0,0,0,118000,3000,115000,115000
1467,南緯            ,134000,20000,114000,0,0,0,0,0,0,0,0,0,0,0,0,0,114000
6277,宏正            ,130000,16000,114000,0,0,0,0,0,0,0,0,0,0,0,0,0,114000
6168,宏齊            ,122000,8000,114000,0,0,0,0,0,0,0,0,0,0,0,0,0,114000
063975,台積電兆豐9C購01,0,0,0,0,0,0,0,0,0,114000,0,0,0,438000,324000,114000,114000
064060,同欣電麥證01購01,0,0,0,147000,33000,114000,0,0,0,114000,0,0,0,147000,33000,114000,114000
055541,聚陽凱基98購01  ,0,0,0,0,0,0,0,0,0,114000,0,0,0,114000,0,114000,114000
056461,樺漢凱基98購02  ,0,0,0,0,0,0,0,0,0,114000,0,0,0,162000,48000,114000,114000
055746,同欣電元富97購01,0,0,0,0,0,0,0,0,0,114000,0,0,0,521000,407000,114000,114000
056583,昇陽半元大98購02,0,0,0,0,0,0,0,0,0,114000,0,0,0,204000,90000,114000,114000
059656,T50反1元大99購11,0,0,0,0,0,0,0,0,0,114000,0,0,0,120000,6000,114000,114000
060243,潤泰全元大9C購02,0,0,0,0,0,0,0,0,0,114000,0,0,0,166000,52000,114000,114000
061213,群創元大9A購05  ,0,0,0,0,0,0,0,0,0,114000,0,0,0,136000,22000,114000,114000
063143,嘉澤統一9B購02  ,0,0,0,0,0,0,0,0,0,114000,0,0,0,265000,151000,114000,114000
07677P,祥碩永豐9A售01  ,0,0,0,0,0,0,0,0,0,113000,0,0,0,265000,152000,113000,113000
6283,淳安            ,135000,22000,113000,0,0,0,0,0,0,0,0,0,0,0,0,0,113000
08077P,亞德客國票9B售02,0,0,0,0,0,0,0,0,0,113000,0,0,0,163000,50000,113000,113000
055661,亞德客中信98購01,0,0,0,0,0,0,0,0,0,113000,0,0,0,163000,50000,113000,113000
055257,景碩統一97購01  ,0,0,0,0,0,0,0,0,0,113000,0,0,0,207000,94000,113000,113000
056279,新日興富邦99購01,0,0,0,0,0,0,0,0,0,113000,0,0,0,145000,32000,113000,113000
062883,智易兆豐9C購01  ,0,0,0,0,0,0,0,0,0,113000,0,0,0,114000,1000,113000,113000
063744,儒鴻國票9C購01  ,0,0,0,0,0,0,0,0,0,113000,0,0,0,113000,0,113000,113000
08123P,台表科國票9C售01,0,0,0,0,0,0,0,0,0,112000,0,0,0,114000,2000,112000,112000
1464,得力            ,213000,142000,71000,0,0,0,1000,0,1000,40000,0,0,0,40000,0,40000,112000
1307,三芳            ,174000,62000,112000,0,0,0,0,0,0,0,0,0,0,0,0,0,112000
053486,T50反1兆豐96購01,0,0,0,0,0,0,0,0,0,112000,0,0,0,112000,0,112000,112000
050758,聯發科元富9B購01,0,0,0,0,0,0,0,0,0,112000,0,0,0,173000,61000,112000,112000
00730,富邦臺灣優質高息,0,0,0,0,0,0,0,0,0,112000,0,0,0,307000,195000,112000,112000
057444,台泥元富98購01  ,0,0,0,0,0,0,0,0,0,112000,0,0,0,310000,198000,112000,112000
059354,臺指反富邦9B購01,0,0,0,0,0,0,0,0,0,112000,0,0,0,112000,0,112000,112000
063736,大立光元大9B購08,0,0,0,0,0,0,0,0,0,112000,0,0,0,118000,6000,112000,112000
07906P,中租群益9B售02  ,0,0,0,0,0,0,0,0,0,111000,0,0,0,141000,30000,111000,111000
07841P,臻鼎元大9A售04  ,0,0,0,0,0,0,0,0,0,111000,0,0,0,116000,5000,111000,111000
053860,台積電元大98購03,0,0,0,0,0,0,0,0,0,111000,0,0,0,111000,0,111000,111000
057045,美律元大99購04  ,0,0,0,0,0,0,0,0,0,111000,0,0,0,111000,0,111000,111000
059772,可成群益9A購05  ,0,0,0,0,0,0,0,0,0,111000,0,0,0,112000,1000,111000,111000
055675,亞德客凱基97購02,0,0,0,0,0,0,0,0,0,111000,0,0,0,211000,100000,111000,111000
06356P,啟碁永豐97售01  ,0,0,0,0,0,0,0,0,0,111000,0,0,0,111000,0,111000,111000
063222,群創群益9B購03  ,0,0,0,0,0,0,0,0,0,111000,0,0,0,155000,44000,111000,111000
056872,旺宏凱基98購08  ,0,0,0,0,0,0,0,0,0,110000,0,0,0,110000,0,110000,110000
056913,臺股指元大99購05,0,0,0,0,0,0,0,0,0,110000,0,0,0,110000,0,110000,110000
053736,友達麥證96購01  ,0,0,0,110000,0,110000,0,0,0,110000,0,0,0,110000,0,110000,110000
053279,景碩元大97購01  ,0,0,0,0,0,0,0,0,0,110000,0,0,0,358000,248000,110000,110000
054586,健鼎國泰99購01  ,0,0,0,0,0,0,0,0,0,110000,0,0,0,110000,0,110000,110000
059109,台積電富邦9C購03,0,0,0,0,0,0,0,0,0,110000,0,0,0,110000,0,110000,110000
057733,嘉聯益國泰99購01,0,0,0,0,0,0,0,0,0,110000,0,0,0,110000,0,110000,110000
057958,禾伸堂元大99購05,0,0,0,0,0,0,0,0,0,110000,0,0,0,110000,0,110000,110000
060099,宏達電元大99購09,0,0,0,0,0,0,0,0,0,110000,0,0,0,133000,23000,110000,110000
060510,大立光元大9A購03,0,0,0,0,0,0,0,0,0,110000,0,0,0,110000,0,110000,110000
063731,台積電元大9B購10,0,0,0,0,0,0,0,0,0,110000,0,0,0,764000,654000,110000,110000
062029,牧德群益9B購03  ,0,0,0,0,0,0,0,0,0,110000,0,0,0,110000,0,110000,110000
063919,大立光元富03購01,5000,0,5000,0,0,0,0,0,0,104000,0,0,0,185000,81000,104000,109000
2415,錩新            ,167000,58000,109000,0,0,0,0,0,0,0,0,0,0,0,0,0,109000
056468,鴻海元大98購07  ,0,0,0,0,0,0,0,0,0,109000,0,0,0,180000,71000,109000,109000
053255,貿聯國泰97購01  ,0,0,0,0,0,0,0,0,0,109000,0,0,0,109000,0,109000,109000
054043,漢唐元大97購01  ,0,0,0,0,0,0,0,0,0,109000,0,0,0,109000,0,109000,109000
057016,中石化凱基9B購01,0,0,0,0,0,0,0,0,0,109000,0,0,0,509000,400000,109000,109000
056996,矽力日盛99購01  ,0,0,0,0,0,0,0,0,0,109000,0,0,0,109000,0,109000,109000
056731,國巨凱基98購04  ,0,0,0,0,0,0,0,0,0,109000,0,0,0,109000,0,109000,109000
057857,牧德國票99購01  ,0,0,0,0,0,0,0,0,0,109000,0,0,0,119000,10000,109000,109000
061305,帆宣永豐9A購01  ,0,0,0,0,0,0,0,0,0,109000,0,0,0,237000,128000,109000,109000
063451,漢翔統一9C購01  ,0,0,0,0,0,0,0,0,0,109000,0,0,0,114000,5000,109000,109000
062832,嘉澤群益9B購02  ,0,0,0,0,0,0,0,0,0,109000,0,0,0,144000,35000,109000,109000
1104,環泥            ,153000,45000,108000,0,0,0,0,0,0,0,0,0,0,0,0,0,108000
063914,和碩凱基9C購01  ,0,0,0,0,0,0,0,0,0,108000,0,0,0,108000,0,108000,108000
064036,矽創元大9C購01  ,0,0,0,0,0,0,0,0,0,108000,0,0,0,132000,24000,108000,108000
056946,國巨統一98購05  ,0,0,0,0,0,0,0,0,0,108000,0,0,0,109000,1000,108000,108000
057839,台積電富邦9A購02,0,0,0,0,0,0,0,0,0,108000,0,0,0,108000,0,108000,108000
058536,群創統一9B購01  ,0,0,0,0,0,0,0,0,0,108000,0,0,0,121000,13000,108000,108000
058325,昇陽半永豐99購01,0,0,0,0,0,0,0,0,0,108000,0,0,0,205000,97000,108000,108000
061055,康控群益9A購01  ,0,0,0,0,0,0,0,0,0,108000,0,0,0,239000,131000,108000,108000
058457,創意永豐99購01  ,0,0,0,0,0,0,0,0,0,108000,0,0,0,158000,50000,108000,108000
062594,祥碩統一01購02  ,0,0,0,0,0,0,0,0,0,108000,0,0,0,373000,265000,108000,108000
063581,同欣電國泰9C購01,0,0,0,0,0,0,0,0,0,108000,0,0,0,133000,25000,108000,108000
062532,聯詠統一9C購01  ,0,0,0,0,0,0,0,0,0,108000,0,0,0,158000,50000,108000,108000
06491P,台積電富邦99售02,0,0,0,0,0,0,0,0,0,107000,0,0,0,182000,75000,107000,107000
056325,群創兆豐9A購01  ,0,0,0,0,0,0,0,0,0,107000,0,0,0,107000,0,107000,107000
00678,群益NBI生技     ,19000,0,19000,0,0,0,0,0,0,88000,0,0,0,88000,0,88000,107000
059297,大立光元富9C購01,0,0,0,0,0,0,0,0,0,107000,0,0,0,138000,31000,107000,107000
060036,上証2X國票99購03,0,0,0,0,0,0,0,0,0,107000,0,0,0,107000,0,107000,107000
061409,力成國票9A購02  ,0,0,0,0,0,0,0,0,0,107000,0,0,0,117000,10000,107000,107000
061634,遠東新元大9A購01,0,0,0,0,0,0,0,0,0,107000,0,0,0,227000,120000,107000,107000
063119,華通元大9B購07  ,0,0,0,0,0,0,0,0,0,107000,0,0,0,118000,11000,107000,107000
063873,南六永豐9C購01  ,0,0,0,0,0,0,0,0,0,106000,0,0,0,116000,10000,106000,106000
07998P,聯電凱基9C售01  ,0,0,0,0,0,0,0,0,0,106000,0,0,0,229000,123000,106000,106000
055812,台積電國票99購02,0,0,0,0,0,0,0,0,0,106000,0,0,0,106000,0,106000,106000
059037,宏達電群益99購02,0,0,0,0,0,0,0,0,0,106000,0,0,0,139000,33000,106000,106000
058074,欣興凱基99購01  ,0,0,0,0,0,0,0,0,0,106000,0,0,0,106000,0,106000,106000
057514,華新科元富99購03,0,0,0,0,0,0,0,0,0,106000,0,0,0,131000,25000,106000,106000
059189,國泰金富邦9B購01,0,0,0,0,0,0,0,0,0,106000,0,0,0,212000,106000,106000,106000
063548,同欣電兆豐9B購01,0,0,0,0,0,0,0,0,0,106000,0,0,0,175000,69000,106000,106000
061373,華通富邦9A購02  ,0,0,0,0,0,0,0,0,0,106000,0,0,0,277000,171000,106000,106000
061482,健策元大9C購01  ,0,0,0,0,0,0,0,0,0,106000,0,0,0,128000,22000,106000,106000
1717,長興            ,1132000,526000,606000,0,0,0,0,1000,-1000,-500000,0,500000,-500000,0,0,0,105000
2852,第一保          ,105000,0,105000,0,0,0,0,0,0,0,0,0,0,0,0,0,105000
07392P,台積電國泰02售01,0,0,0,0,0,0,0,0,0,105000,0,0,0,140000,35000,105000,105000
00753L,中信中國50正2   ,0,0,0,0,0,0,0,0,0,105000,0,0,0,369000,264000,105000,105000
057096,緯穎元富98購01  ,0,0,0,0,0,0,0,0,0,105000,0,0,0,116000,11000,105000,105000
061717,力成凱基9B購01  ,0,0,0,0,0,0,0,0,0,105000,0,0,0,141000,36000,105000,105000
061802,勤誠永豐9B購01  ,0,0,0,0,0,0,0,0,0,105000,0,0,0,106000,1000,105000,105000
061946,鴻海群益9B購03  ,0,0,0,0,0,0,0,0,0,105000,0,0,0,156000,51000,105000,105000
063238,漢唐元大9B購02  ,0,0,0,0,0,0,0,0,0,105000,0,0,0,230000,125000,105000,105000
053660,群創凱基98購08  ,0,0,0,0,0,0,0,0,0,104000,0,0,0,132000,28000,104000,104000
051488,健策凱基96購04  ,0,0,0,0,0,0,0,0,0,104000,0,0,0,374000,270000,104000,104000
054898,台肥康和97購01  ,0,0,0,0,0,0,0,0,0,104000,0,0,0,198000,94000,104000,104000
056376,玉晶光統一98購01,0,0,0,0,0,0,0,0,0,104000,0,0,0,468000,364000,104000,104000
060674,瑞昱元大9A購03  ,0,0,0,0,0,0,0,0,0,104000,0,0,0,154000,50000,104000,104000
060643,牧德永豐9A購03  ,0,0,0,0,0,0,0,0,0,104000,0,0,0,104000,0,104000,104000
063245,富邦金元大9B購03,0,0,0,0,0,0,0,0,0,104000,0,0,0,200000,96000,104000,104000
063677,台光電國泰9C購02,0,0,0,0,0,0,0,0,0,104000,0,0,0,104000,0,104000,104000
061594,玉晶光永豐9A購08,0,0,0,0,0,0,0,0,0,104000,0,0,0,156000,52000,104000,104000
061567,華通元大9A購11  ,0,0,0,0,0,0,0,0,0,104000,0,0,0,126000,22000,104000,104000
061505,力成國票9A購03  ,0,0,0,0,0,0,0,0,0,104000,0,0,0,104000,0,104000,104000
4960,誠美材          ,489000,386000,103000,0,0,0,0,0,0,0,0,0,0,0,0,0,103000
056999,元油2X國票98購02,0,0,0,0,0,0,0,0,0,103000,0,0,0,103000,0,103000,103000
055252,新光金統一98購02,0,0,0,0,0,0,0,0,0,103000,0,0,0,103000,0,103000,103000
056084,漢唐統一97購03  ,0,0,0,0,0,0,0,0,0,103000,0,0,0,103000,0,103000,103000
060667,力成凱基9A購01  ,0,0,0,0,0,0,0,0,0,103000,0,0,0,136000,33000,103000,103000
06096P,全新永豐97售02  ,0,0,0,0,0,0,0,0,0,103000,0,0,0,103000,0,103000,103000
062534,力成統一01購01  ,0,0,0,0,0,0,0,0,0,103000,0,0,0,712000,609000,103000,103000
063519,聚陽凱基9B購02  ,0,0,0,0,0,0,0,0,0,103000,0,0,0,103000,0,103000,103000
063489,新日興國泰01購01,0,0,0,0,0,0,0,0,0,103000,0,0,0,103000,0,103000,103000
6142,友勁            ,43000,47000,-4000,0,0,0,0,0,0,106000,106000,0,106000,0,0,0,102000
056133,可成元大97購05  ,0,0,0,0,0,0,0,0,0,102000,0,0,0,102000,0,102000,102000
061087,國巨統一01購04  ,0,0,0,0,0,0,0,0,0,102000,0,0,0,140000,38000,102000,102000
058769,友達兆豐99購01  ,0,0,0,0,0,0,0,0,0,102000,0,0,0,150000,48000,102000,102000
059024,大立光統一9B購04,0,0,0,0,0,0,0,0,0,102000,0,0,0,105000,3000,102000,102000
062907,可成元大9C購03  ,0,0,0,0,0,0,0,0,0,102000,0,0,0,137000,35000,102000,102000
4977,眾達-KY         ,547000,286000,261000,0,0,0,0,152000,-152000,-8000,0,7000,-7000,0,1000,-1000,101000
07559P,祥碩元大9A售03  ,0,0,0,0,0,0,0,0,0,101000,0,0,0,161000,60000,101000,101000
064133,力成元大9C購01  ,0,0,0,0,0,0,0,0,0,101000,0,0,0,101000,0,101000,101000
055178,晶豪科統一97購01,0,0,0,0,0,0,0,0,0,101000,0,0,0,101000,0,101000,101000
054840,T50反1兆豐98購01,0,0,0,0,0,0,0,0,0,101000,0,0,0,101000,0,101000,101000
055578,群創統一98購03  ,0,0,0,0,0,0,0,0,0,101000,0,0,0,141000,40000,101000,101000
056988,聚陽兆豐98購01  ,0,0,0,0,0,0,0,0,0,101000,0,0,0,101000,0,101000,101000
059943,信邦永豐99購01  ,0,0,0,0,0,0,0,0,0,101000,0,0,0,183000,82000,101000,101000
035274,華新台新97購01  ,0,0,0,0,0,0,0,0,0,101000,0,0,0,101000,0,101000,101000
060661,台積電凱基9A購18,0,0,0,0,0,0,0,0,0,101000,0,0,0,104000,3000,101000,101000
057170,瑞昱元大98購01  ,0,0,0,0,0,0,0,0,0,101000,0,0,0,137000,36000,101000,101000
060061,旺宏兆豐99購02  ,0,0,0,0,0,0,0,0,0,101000,0,0,0,145000,44000,101000,101000
063588,華新科永豐9B購02,0,0,0,0,0,0,0,0,0,101000,0,0,0,101000,0,101000,101000
063751,祥碩國票9C購02  ,0,0,0,0,0,0,0,0,0,101000,0,0,0,147000,46000,101000,101000
062291,力成富邦9B購01  ,0,0,0,0,0,0,0,0,0,101000,0,0,0,101000,0,101000,101000
061361,世紀鋼兆豐9A購01,0,0,0,0,0,0,0,0,0,101000,0,0,0,101000,0,101000,101000
061585,台積電富邦9B購06,0,0,0,0,0,0,0,0,0,101000,0,0,0,101000,0,101000,101000
06411P,晶相光永豐97售03,0,0,0,0,0,0,0,0,0,100000,0,0,0,100000,0,100000,100000
07506P,中租元大9A售01  ,0,0,0,0,0,0,0,0,0,100000,0,0,0,200000,100000,100000,100000
07870P,鴻海群益9B售01  ,0,0,0,0,0,0,0,0,0,100000,0,0,0,100000,0,100000,100000
07779P,鴻海凱基9B售04  ,0,0,0,0,0,0,0,0,0,100000,0,0,0,100000,0,100000,100000
07836P,大成鋼元大9A售01,0,0,0,0,0,0,0,0,0,100000,0,0,0,100000,0,100000,100000
07748P,茂林凱基9A售04  ,0,0,0,0,0,0,0,0,0,100000,0,0,0,100000,0,100000,100000
07205P,鴻海凱基99售11  ,0,0,0,0,0,0,0,0,0,100000,0,0,0,100000,0,100000,100000
07146P,瑞昱元大99售02  ,0,0,0,0,0,0,0,0,0,100000,0,0,0,100000,0,100000,100000
07244P,鴻海凱基9A售13  ,0,0,0,0,0,0,0,0,0,100000,0,0,0,100000,0,100000,100000
06994P,台光電凱基99售02,0,0,0,0,0,0,0,0,0,100000,0,0,0,100000,0,100000,100000
07063P,臺股指元大9A售24,0,0,0,0,0,0,0,0,0,100000,0,0,0,100000,0,100000,100000
06959P,鴻海凱基9A售02  ,0,0,0,0,0,0,0,0,0,100000,0,0,0,100000,0,100000,100000
08110P,臺股指中信01售05,0,0,0,0,0,0,0,0,0,100000,0,0,0,200000,100000,100000,100000
08141P,鴻海凱基9B售09  ,0,0,0,0,0,0,0,0,0,100000,0,0,0,100000,0,100000,100000
08166P,國巨中信9B售05  ,0,0,0,0,0,0,0,0,0,100000,0,0,0,100000,0,100000,100000
054130,漢唐元大97購02  ,0,0,0,0,0,0,0,0,0,100000,0,0,0,110000,10000,100000,100000
054134,強茂元大96購01  ,0,0,0,0,0,0,0,0,0,100000,0,0,0,435000,335000,100000,100000
052931,麗豐元大97購01  ,0,0,0,0,0,0,0,0,0,100000,0,0,0,100000,0,100000,100000
053036,聯電凱基98購01  ,0,0,0,0,0,0,0,0,0,100000,0,0,0,408000,308000,100000,100000
051532,潤泰全國票96購01,0,0,0,0,0,0,0,0,0,100000,0,0,0,100000,0,100000,100000
051737,瑞昱國票96購01  ,0,0,0,0,0,0,0,0,0,100000,0,0,0,100000,0,100000,100000
052142,滬深2X群益99購04,0,0,0,0,0,0,0,0,0,100000,0,0,0,100000,0,100000,100000
00665L,富邦恒生國企正2 ,136000,127000,9000,0,0,0,0,0,0,91000,0,0,0,383000,292000,91000,100000
053389,彩晶元大98購01  ,0,0,0,0,0,0,0,0,0,100000,0,0,0,100000,0,100000,100000
053927,牧德國票97購01  ,0,0,0,0,0,0,0,0,0,100000,0,0,0,100000,0,100000,100000
054462,旺宏凱基96購08  ,0,0,0,0,0,0,0,0,0,100000,0,0,0,100000,0,100000,100000
05546P,全新元大97售01  ,0,0,0,0,0,0,0,0,0,100000,0,0,0,100000,0,100000,100000
05729P,臺股指凱基97售02,0,0,0,0,0,0,0,0,0,100000,0,0,0,149000,49000,100000,100000
056314,力成元大97購01  ,0,0,0,0,0,0,0,0,0,100000,0,0,0,106000,6000,100000,100000
056688,聯詠統一98購01  ,0,0,0,0,0,0,0,0,0,100000,0,0,0,100000,0,100000,100000
055663,崇越中信97購01  ,0,0,0,0,0,0,0,0,0,100000,0,0,0,100000,0,100000,100000
055092,開發金群益9B購01,0,0,0,0,0,0,0,0,0,100000,0,0,0,100000,0,100000,100000
055951,大成鋼元大97購02,0,0,0,0,0,0,0,0,0,100000,0,0,0,100000,0,100000,100000
055730,建準元富97購02  ,0,0,0,0,0,0,0,0,0,100000,0,0,0,180000,80000,100000,100000
060037,鴻海國票99購10  ,0,0,0,0,0,0,0,0,0,100000,0,0,0,104000,4000,100000,100000
060161,牧德永豐9A購02  ,0,0,0,0,0,0,0,0,0,100000,0,0,0,110000,10000,100000,100000
060622,玉晶光元大9B購02,0,0,0,0,0,0,0,0,0,100000,0,0,0,101000,1000,100000,100000
057508,康控國票99購03  ,0,0,0,0,0,0,0,0,0,100000,0,0,0,111000,11000,100000,100000
057183,玉晶光元大99購07,0,0,0,0,0,0,0,0,0,100000,0,0,0,109000,9000,100000,100000
058741,欣興日盛99購01  ,0,0,0,0,0,0,0,0,0,100000,0,0,0,100000,0,100000,100000
059268,鎧勝中信01購01  ,0,0,0,0,0,0,0,0,0,100000,0,0,0,100000,0,100000,100000
057525,光磊元大99購01  ,0,0,0,0,0,0,0,0,0,100000,0,0,0,100000,0,100000,100000
060307,南港永豐9A購01  ,0,0,0,0,0,0,0,0,0,100000,0,0,0,843000,743000,100000,100000
061065,神基凱基9A購01  ,0,0,0,0,0,0,0,0,0,100000,0,0,0,100000,0,100000,100000
057650,力成元大98購04  ,0,0,0,0,0,0,0,0,0,100000,0,0,0,100000,0,100000,100000
061867,旺宏元大9B購02  ,0,0,0,0,0,0,0,0,0,100000,0,0,0,105000,5000,100000,100000
06125P,楠梓電元富99售01,0,0,0,0,0,0,0,0,0,100000,0,0,0,100000,0,100000,100000
062569,南電中信01購01  ,0,0,0,0,0,0,0,0,0,100000,0,0,0,100000,0,100000,100000
062579,華通統一01購02  ,0,0,0,0,0,0,0,0,0,100000,0,0,0,100000,0,100000,100000
06370P,貿聯凱基97售03  ,0,0,0,0,0,0,0,0,0,100000,0,0,0,100000,0,100000,100000
063425,台勝科凱基9B購02,0,0,0,0,0,0,0,0,0,100000,0,0,0,120000,20000,100000,100000
063416,台積電凱基9B購10,0,0,0,0,0,0,0,0,0,100000,0,0,0,110000,10000,100000,100000
063385,可成中信9C購01  ,0,0,0,0,0,0,0,0,0,100000,0,0,0,111000,11000,100000,100000
063390,嘉晶兆豐9B購01  ,0,0,0,0,0,0,0,0,0,100000,0,0,0,125000,25000,100000,100000
063284,大立光元大9B購07,0,0,0,0,0,0,0,0,0,100000,0,0,0,100000,0,100000,100000
063104,大立光群益9C購02,0,0,0,0,0,0,0,0,0,100000,0,0,0,105000,5000,100000,100000
063083,聯發科凱基01購02,0,0,0,0,0,0,0,0,0,100000,0,0,0,100000,0,100000,100000
063036,聯發科凱基9B購11,0,0,0,0,0,0,0,0,0,100000,0,0,0,100000,0,100000,100000
2207,和泰車          ,455384,380000,75384,0,0,0,25000,0,25000,-1000,13000,14000,-1000,0,0,0,99384
064029,宏達電元大9C購01,0,0,0,0,0,0,0,0,0,99000,0,0,0,156000,57000,99000,99000
055929,聯發科群益97購05,0,0,0,0,0,0,0,0,0,99000,0,0,0,109000,10000,99000,99000
055657,超眾元富97購02  ,0,0,0,0,0,0,0,0,0,99000,0,0,0,100000,1000,99000,99000
057321,台泥群益98購01  ,0,0,0,0,0,0,0,0,0,99000,0,0,0,139000,40000,99000,99000
057637,上銀元大98購07  ,0,0,0,0,0,0,0,0,0,99000,0,0,0,99000,0,99000,99000
060678,聯詠元大9A購03  ,0,0,0,0,0,0,0,0,0,99000,0,0,0,99000,0,99000,99000
061074,儒鴻兆豐9B購01  ,0,0,0,0,0,0,0,0,0,99000,0,0,0,119000,20000,99000,99000
063076,柏文永豐9B購02  ,0,0,0,0,0,0,0,0,0,99000,0,0,0,290000,191000,99000,99000
063215,台表科國票9C購02,0,0,0,0,0,0,0,0,0,99000,0,0,0,105000,6000,99000,99000
2109,華豐            ,104000,6000,98000,0,0,0,0,0,0,0,0,0,0,0,0,0,98000
056921,京元電兆豐98購01,0,0,0,0,0,0,0,0,0,98000,0,0,0,103000,5000,98000,98000
055183,聯鈞統一97購01  ,0,0,0,0,0,0,0,0,0,98000,0,0,0,98000,0,98000,98000
060955,大立光群益9A購02,0,0,0,0,0,0,0,0,0,98000,0,0,0,98000,0,98000,98000
057931,正崴群益98購02  ,0,0,0,0,0,0,0,0,0,98000,0,0,0,98000,0,98000,98000
060409,味全永豐9A購01  ,0,0,0,0,0,0,0,0,0,98000,0,0,0,98000,0,98000,98000
063159,嘉澤國泰01購01  ,0,0,0,0,0,0,0,0,0,98000,0,0,0,98000,0,98000,98000
062852,聯發科永豐9B購02,0,0,0,0,0,0,0,0,0,98000,0,0,0,108000,10000,98000,98000
062373,泰鼎元大9B購01  ,0,0,0,0,0,0,0,0,0,98000,0,0,0,98000,0,98000,98000
061700,瑞昱國票9A購02  ,0,0,0,0,0,0,0,0,0,98000,0,0,0,108000,10000,98000,98000
2228,劍麟            ,91000,191000,-100000,0,0,0,192000,0,192000,5000,19000,10000,9000,0,4000,-4000,97000
1514,亞力            ,555000,337000,218000,0,0,0,0,0,0,-121000,3000,124000,-121000,0,0,0,97000
06509P,鴻海群益98售03  ,0,0,0,0,0,0,0,0,0,97000,0,0,0,97000,0,97000,97000
055259,玉晶光統一9A購01,0,0,0,0,0,0,0,0,0,97000,0,0,0,343000,246000,97000,97000
056891,國巨元大99購03  ,0,0,0,0,0,0,0,0,0,97000,0,0,0,178000,81000,97000,97000
060416,神隆永豐9A購01  ,0,0,0,0,0,0,0,0,0,97000,0,0,0,122000,25000,97000,97000
060283,台肥元大9C購01  ,0,0,0,0,0,0,0,0,0,97000,0,0,0,299000,202000,97000,97000
057624,新日興國泰99購01,0,0,0,0,0,0,0,0,0,97000,0,0,0,97000,0,97000,97000
061603,瑞昱凱基9A購02  ,0,0,0,0,0,0,0,0,0,97000,0,0,0,148000,51000,97000,97000
063221,京元電群益9B購02,0,0,0,0,0,0,0,0,0,97000,0,0,0,97000,0,97000,97000
063079,儒鴻凱基9B購01  ,0,0,0,0,0,0,0,0,0,97000,0,0,0,112000,15000,97000,97000
9911,櫻花            ,190000,93000,97000,0,0,0,0,0,0,0,0,0,0,0,0,0,97000
4155,訊映            ,130000,34000,96000,0,0,0,0,0,0,0,0,0,0,0,0,0,96000
060484,聯發科富邦9C購02,0,0,0,0,0,0,0,0,0,96000,0,0,0,172000,76000,96000,96000
057154,易華電國泰99購01,0,0,0,0,0,0,0,0,0,96000,0,0,0,96000,0,96000,96000
062046,矽格凱基9B購01  ,0,0,0,0,0,0,0,0,0,96000,0,0,0,150000,54000,96000,96000
06912P,台光電元大99售02,0,0,0,0,0,0,0,0,0,95000,0,0,0,100000,5000,95000,95000
07069P,欣興元富99售02  ,0,0,0,0,0,0,0,0,0,95000,0,0,0,100000,5000,95000,95000
056746,超眾凱基99購01  ,0,0,0,0,0,0,0,0,0,95000,0,0,0,100000,5000,95000,95000
055681,奇鋐凱基98購03  ,0,0,0,0,0,0,0,0,0,95000,0,0,0,336000,241000,95000,95000
056460,同欣電凱基99購01,0,0,0,0,0,0,0,0,0,95000,0,0,0,100000,5000,95000,95000
053638,信邦永豐96購01  ,0,0,0,0,0,0,0,0,0,95000,0,0,0,110000,15000,95000,95000
054205,華新國票97購02  ,0,0,0,0,0,0,0,0,0,95000,0,0,0,271000,176000,95000,95000
057498,台郡元大98購04  ,0,0,0,0,0,0,0,0,0,95000,0,0,0,95000,0,95000,95000
060503,技嘉元大9A購01  ,0,0,0,0,0,0,0,0,0,95000,0,0,0,206000,111000,95000,95000
060926,宏達電永豐9A購01,0,0,0,0,0,0,0,0,0,95000,0,0,0,95000,0,95000,95000
059662,旭富元大9C購01  ,0,0,0,0,0,0,0,0,0,95000,0,0,0,112000,17000,95000,95000
062756,臺指反凱基9C購01,0,0,0,0,0,0,0,0,0,95000,0,0,0,100000,5000,95000,95000
063740,矽格元大9B購03  ,0,0,0,0,0,0,0,0,0,95000,0,0,0,125000,30000,95000,95000
063836,台塑元大9C購01  ,0,0,0,0,0,0,0,0,0,95000,0,0,0,100000,5000,95000,95000
06504P,麗豐國票99售02  ,0,0,0,0,0,0,0,0,0,94000,0,0,0,201000,107000,94000,94000
064176,京元電國泰01購01,0,0,0,0,0,0,0,0,0,94000,0,0,0,109000,15000,94000,94000
052069,聯茂兆豐96購01  ,0,0,0,0,0,0,0,0,0,94000,0,0,0,94000,0,94000,94000
054682,東元永豐97購01  ,0,0,0,0,0,0,0,0,0,94000,0,0,0,94000,0,94000,94000
060308,劍麟永豐9A購01  ,0,0,0,0,0,0,0,0,0,94000,0,0,0,113000,19000,94000,94000
062330,可成統一9B購03  ,0,0,0,0,0,0,0,0,0,94000,0,0,0,94000,0,94000,94000
06670P,鴻海群益98售06  ,0,0,0,0,0,0,0,0,0,93000,0,0,0,93000,0,93000,93000
056674,華邦電元富98購01,0,0,0,0,0,0,0,0,0,93000,0,0,0,542000,449000,93000,93000
057008,華新科中信99購02,0,0,0,0,0,0,0,0,0,93000,0,0,0,94000,1000,93000,93000
058342,鴻海群益9A購01  ,0,0,0,0,0,0,0,0,0,93000,0,0,0,166000,73000,93000,93000
061052,和大群益9A購01  ,0,0,0,0,0,0,0,0,0,93000,0,0,0,100000,7000,93000,93000
060422,台勝科永豐9A購01,0,0,0,0,0,0,0,0,0,93000,0,0,0,210000,117000,93000,93000
060157,致茂永豐9A購02  ,0,0,0,0,0,0,0,0,0,93000,0,0,0,356000,263000,93000,93000
060134,鈺齊群益9A購01  ,0,0,0,0,0,0,0,0,0,93000,0,0,0,95000,2000,93000,93000
060052,宏碁凱基99購01  ,0,0,0,0,0,0,0,0,0,93000,0,0,0,93000,0,93000,93000
062406,臻鼎永豐9B購01  ,0,0,0,0,0,0,0,0,0,93000,0,0,0,346000,253000,93000,93000
063402,GIS群益9B購02   ,0,0,0,0,0,0,0,0,0,93000,0,0,0,93000,0,93000,93000
063223,牧德群益9B購04  ,0,0,0,0,0,0,0,0,0,93000,0,0,0,232000,139000,93000,93000
056320,京鼎群益99購01  ,0,0,0,0,0,0,0,0,0,92000,0,0,0,509000,417000,92000,92000
054755,世紀鋼凱基98購01,0,0,0,0,0,0,0,0,0,92000,0,0,0,102000,10000,92000,92000
05649P,矽創國票97售03  ,0,0,0,0,0,0,0,0,0,92000,0,0,0,92000,0,92000,92000
060638,玉晶光永豐9A購04,0,0,0,0,0,0,0,0,0,92000,0,0,0,137000,45000,92000,92000
060731,奇力新群益9A購01,0,0,0,0,0,0,0,0,0,92000,0,0,0,92000,0,92000,92000
063307,同欣電凱基9B購02,0,0,0,0,0,0,0,0,0,92000,0,0,0,194000,102000,92000,92000
063812,智邦群益9C購02  ,0,0,0,0,0,0,0,0,0,92000,0,0,0,199000,107000,92000,92000
062232,聯詠麥證9C購01  ,0,0,0,351000,259000,92000,0,0,0,92000,0,0,0,351000,259000,92000,92000
061696,南茂群益9A購01  ,0,0,0,0,0,0,0,0,0,92000,0,0,0,140000,48000,92000,92000
061762,台塑元大9B購01  ,0,0,0,0,0,0,0,0,0,92000,0,0,0,97000,5000,92000,92000
061346,玉晶光元大9B購03,0,0,0,0,0,0,0,0,0,92000,0,0,0,106000,14000,92000,92000
9908,大台北          ,96000,4000,92000,0,0,0,0,0,0,0,0,0,0,0,0,0,92000
08014P,微星凱基9B售02  ,0,0,0,0,0,0,0,0,0,91000,0,0,0,101000,10000,91000,91000
054481,鎧勝中信96購01  ,0,0,0,0,0,0,0,0,0,91000,0,0,0,91000,0,91000,91000
00654R,富邦印度反1     ,101000,13000,88000,0,0,0,0,0,0,3000,0,0,0,3000,0,3000,91000
055972,GIS元大97購04   ,0,0,0,0,0,0,0,0,0,91000,0,0,0,237000,146000,91000,91000
060730,台積電群益9A購03,0,0,0,0,0,0,0,0,0,91000,0,0,0,92000,1000,91000,91000
059062,群創凱基99購05  ,0,0,0,0,0,0,0,0,0,91000,0,0,0,93000,2000,91000,91000
08088P,義隆凱基9B售03  ,0,0,0,0,0,0,0,0,0,90000,0,0,0,160000,70000,90000,90000
08201P,祥碩元大9B售09  ,0,0,0,0,0,0,0,0,0,90000,0,0,0,90000,0,90000,90000
06753P,智邦富邦98售03  ,0,0,0,0,0,0,0,0,0,90000,0,0,0,90000,0,90000,90000
07645P,華通元大9A售06  ,0,0,0,0,0,0,0,0,0,90000,0,0,0,90000,0,90000,90000
056641,華通凱基98購03  ,0,0,0,0,0,0,0,0,0,90000,0,0,0,106000,16000,90000,90000
056596,光磊元富98購01  ,0,0,0,0,0,0,0,0,0,90000,0,0,0,90000,0,90000,90000
055235,金寶台新98購01  ,0,0,0,0,0,0,0,0,0,90000,0,0,0,100000,10000,90000,90000
054883,億光統一97購01  ,0,0,0,0,0,0,0,0,0,90000,0,0,0,91000,1000,90000,90000
056917,國巨兆豐98購03  ,0,0,0,0,0,0,0,0,0,90000,0,0,0,100000,10000,90000,90000
052076,可成元富98購01  ,0,0,0,0,0,0,0,0,0,90000,0,0,0,95000,5000,90000,90000
054260,貿聯元大96購03  ,0,0,0,0,0,0,0,0,0,90000,0,0,0,100000,10000,90000,90000
056462,訊芯凱基98購03  ,0,0,0,0,0,0,0,0,0,90000,0,0,0,90000,0,90000,90000
057111,立積群益98購02  ,0,0,0,0,0,0,0,0,0,90000,0,0,0,90000,0,90000,90000
053584,友達元大9B購02  ,0,0,0,0,0,0,0,0,0,90000,0,0,0,110000,20000,90000,90000
053199,旺宏日盛96購01  ,0,0,0,0,0,0,0,0,0,90000,0,0,0,90000,0,90000,90000
060242,潤泰全元大9C購01,0,0,0,0,0,0,0,0,0,90000,0,0,0,90000,0,90000,90000
060349,上証2X元富9A購04,0,0,0,0,0,0,0,0,0,90000,0,0,0,90000,0,90000,90000
057981,臻鼎永豐98購01  ,0,0,0,0,0,0,0,0,0,90000,0,0,0,114000,24000,90000,90000
061421,台積電元大9A購29,0,0,0,0,0,0,0,0,0,90000,0,0,0,90000,0,90000,90000
063308,緯穎凱基9B購05  ,0,0,0,0,0,0,0,0,0,90000,0,0,0,110000,20000,90000,90000
063236,旺宏元大9B購07  ,0,0,0,0,0,0,0,0,0,90000,0,0,0,106000,16000,90000,90000
062801,宏達電統一01購01,0,0,0,0,0,0,0,0,0,90000,0,0,0,175000,85000,90000,90000
07081P,南電群益9A售01  ,0,0,0,0,0,0,0,0,0,89000,0,0,0,99000,10000,89000,89000
064037,寶成元大9C購02  ,0,0,0,0,0,0,0,0,0,89000,0,0,0,89000,0,89000,89000
08305P,茂林群益9C售01  ,0,0,0,0,0,0,0,0,0,89000,0,0,0,200000,111000,89000,89000
3682,亞太電          ,664000,575000,89000,0,0,0,0,0,0,0,0,0,0,0,0,0,89000
058531,華通元富99購01  ,0,0,0,0,0,0,0,0,0,89000,0,0,0,129000,40000,89000,89000
057739,新日興富邦9B購01,0,0,0,0,0,0,0,0,0,89000,0,0,0,182000,93000,89000,89000
057370,可成元大98購07  ,0,0,0,0,0,0,0,0,0,89000,0,0,0,99000,10000,89000,89000
053916,漢唐國票97購04  ,0,0,0,0,0,0,0,0,0,88000,0,0,0,88000,0,88000,88000
057915,台泥凱基98購01  ,0,0,0,0,0,0,0,0,0,88000,0,0,0,100000,12000,88000,88000
058344,旺宏群益99購05  ,0,0,0,0,0,0,0,0,0,88000,0,0,0,104000,16000,88000,88000
063180,台塑凱基9B購01  ,0,0,0,0,0,0,0,0,0,88000,0,0,0,99000,11000,88000,88000
063492,台積電富邦02購02,0,0,0,0,0,0,0,0,0,88000,0,0,0,198000,110000,88000,88000
061647,南六元大9A購03  ,0,0,0,0,0,0,0,0,0,88000,0,0,0,93000,5000,88000,88000
062221,奇力新統一01購01,0,0,0,0,0,0,0,0,0,88000,0,0,0,92000,4000,88000,88000
062122,國巨統一02購01  ,0,0,0,0,0,0,0,0,0,88000,0,0,0,88000,0,88000,88000
064024,漢唐元大9C購01  ,0,0,0,0,0,0,0,0,0,87000,0,0,0,87000,0,87000,87000
056411,緯穎國票99購01  ,0,0,0,0,0,0,0,0,0,87000,0,0,0,98000,11000,87000,87000
056355,台積電元大98購08,0,0,0,0,0,0,0,0,0,87000,0,0,0,115000,28000,87000,87000
055119,力成凱基98購01  ,0,0,0,0,0,0,0,0,0,87000,0,0,0,102000,15000,87000,87000
057511,健策統一98購02  ,0,0,0,0,0,0,0,0,0,87000,0,0,0,185000,98000,87000,87000
057793,群創統一99購02  ,0,0,0,0,0,0,0,0,0,87000,0,0,0,132000,45000,87000,87000
063393,華通群益9C購05  ,0,0,0,0,0,0,0,0,0,87000,0,0,0,587000,500000,87000,87000
07305P,T50正2群益99售02,0,0,0,0,0,0,0,0,0,86000,0,0,0,111000,25000,86000,86000
08297P,寶成元大9C售01  ,0,0,0,0,0,0,0,0,0,86000,0,0,0,86000,0,86000,86000
057279,國揚元大98購01  ,0,0,0,0,0,0,0,0,0,86000,0,0,0,95000,9000,86000,86000
051979,群創凱基97購01  ,0,0,0,0,0,0,0,0,0,86000,0,0,0,110000,24000,86000,86000
063322,台郡群益9B購02  ,0,0,0,0,0,0,0,0,0,86000,0,0,0,116000,30000,86000,86000
063259,廣達富邦9C購01  ,0,0,0,0,0,0,0,0,0,86000,0,0,0,442000,356000,86000,86000
062722,京元電凱基9B購02,0,0,0,0,0,0,0,0,0,86000,0,0,0,255000,169000,86000,86000
062383,大立光國泰01購01,0,0,0,0,0,0,0,0,0,86000,0,0,0,207000,121000,86000,86000
062264,南六元大9B購02  ,0,0,0,0,0,0,0,0,0,86000,0,0,0,116000,30000,86000,86000
061880,台郡元大9B購02  ,0,0,0,0,0,0,0,0,0,86000,0,0,0,147000,61000,86000,86000
4306,炎洲            ,104000,15000,89000,0,0,0,0,0,0,-4000,0,4000,-4000,0,0,0,85000
2402,毅嘉            ,125000,40000,85000,0,0,0,0,0,0,0,0,0,0,0,0,0,85000
06993P,鴻海凱基99售05  ,0,0,0,0,0,0,0,0,0,85000,0,0,0,100000,15000,85000,85000
064042,國巨統一9C購12  ,0,0,0,0,0,0,0,0,0,85000,0,0,0,234000,149000,85000,85000
06645P,上銀元大98售05  ,0,0,0,0,0,0,0,0,0,85000,0,0,0,118000,33000,85000,85000
056408,奇鋐國票99購01  ,0,0,0,0,0,0,0,0,0,85000,0,0,0,108000,23000,85000,85000
056360,智邦元大98購01  ,0,0,0,0,0,0,0,0,0,85000,0,0,0,90000,5000,85000,85000
060450,南亞元大9A購02  ,0,0,0,0,0,0,0,0,0,85000,0,0,0,140000,55000,85000,85000
06054P,臺股指中信9A售01,0,0,0,0,0,0,0,0,0,85000,0,0,0,90000,5000,85000,85000
059138,台積電兆豐99購04,0,0,0,0,0,0,0,0,0,85000,0,0,0,85000,0,85000,85000
061049,奇力新中信9A購02,0,0,0,0,0,0,0,0,0,85000,0,0,0,85000,0,85000,85000
06151P,華新科元大97售07,0,0,0,0,0,0,0,0,0,85000,0,0,0,85000,0,85000,85000
062282,禾伸堂群益9B購01,0,0,0,0,0,0,0,0,0,85000,0,0,0,85000,0,85000,85000
062332,大立光統一9B購11,0,0,0,0,0,0,0,0,0,85000,0,0,0,186000,101000,85000,85000
062187,台勝科元大9B購02,0,0,0,0,0,0,0,0,0,85000,0,0,0,86000,1000,85000,85000
062853,大毅永豐9B購03  ,0,0,0,0,0,0,0,0,0,85000,0,0,0,90000,5000,85000,85000
063178,聯發科兆豐9B購04,0,0,0,0,0,0,0,0,0,85000,0,0,0,85000,0,85000,85000
063082,瑞昱凱基9B購04  ,0,0,0,0,0,0,0,0,0,85000,0,0,0,125000,40000,85000,85000
063063,泰鼎元富9B購01  ,0,0,0,0,0,0,0,0,0,85000,0,0,0,179000,94000,85000,85000
063982,TPK兆豐9C購01   ,0,0,0,0,0,0,0,0,0,84000,0,0,0,84000,0,84000,84000
054894,GIS統一97購01   ,0,0,0,0,0,0,0,0,0,84000,0,0,0,242000,158000,84000,84000
060790,日月光富邦9A購01,0,0,0,0,0,0,0,0,0,84000,0,0,0,146000,62000,84000,84000
058409,鴻海兆豐99購05  ,0,0,0,0,0,0,0,0,0,84000,0,0,0,85000,1000,84000,84000
058797,大毅元大99購03  ,0,0,0,0,0,0,0,0,0,84000,0,0,0,174000,90000,84000,84000
058691,友訊國票9A購01  ,0,0,0,0,0,0,0,0,0,84000,0,0,0,132000,48000,84000,84000
057805,華通元大98購06  ,0,0,0,0,0,0,0,0,0,84000,0,0,0,102000,18000,84000,84000
063001,巨大國票9B購01  ,0,0,0,0,0,0,0,0,0,84000,0,0,0,98000,14000,84000,84000
062817,富邦金兆豐9B購01,0,0,0,0,0,0,0,0,0,84000,0,0,0,440000,356000,84000,84000
063286,嘉澤元大9B購04  ,0,0,0,0,0,0,0,0,0,84000,0,0,0,112000,28000,84000,84000
4526,東台            ,87000,4000,83000,0,0,0,0,0,0,0,0,0,0,0,0,0,83000
055301,台虹元大97購01  ,0,0,0,0,0,0,0,0,0,83000,0,0,0,83000,0,83000,83000
052919,鈺齊富邦98購01  ,0,0,0,0,0,0,0,0,0,83000,0,0,0,133000,50000,83000,83000
058385,創意中信99購01  ,0,0,0,0,0,0,0,0,0,83000,0,0,0,181000,98000,83000,83000
063281,京元電元大9B購01,0,0,0,0,0,0,0,0,0,83000,0,0,0,193000,110000,83000,83000
063442,金像電統一01購01,0,0,0,0,0,0,0,0,0,83000,0,0,0,148000,65000,83000,83000
063545,華通兆豐9B購03  ,0,0,0,0,0,0,0,0,0,83000,0,0,0,143000,60000,83000,83000
063177,友達兆豐9B購01  ,0,0,0,0,0,0,0,0,0,83000,0,0,0,151000,68000,83000,83000
063137,瑞昱統一01購02  ,0,0,0,0,0,0,0,0,0,83000,0,0,0,103000,20000,83000,83000
063225,茂林群益9B購04  ,0,0,0,0,0,0,0,0,0,83000,0,0,0,125000,42000,83000,83000
062111,台勝科國票9B購01,0,0,0,0,0,0,0,0,0,83000,0,0,0,91000,8000,83000,83000
062361,智邦元大9B購06  ,0,0,0,0,0,0,0,0,0,83000,0,0,0,103000,20000,83000,83000
08010P,大成鋼元大9B售01,0,0,0,0,0,0,0,0,0,82000,0,0,0,82000,0,82000,82000
056385,創意國泰99購01  ,0,0,0,0,0,0,0,0,0,82000,0,0,0,150000,68000,82000,82000
062127,台勝科統一01購02,0,0,0,0,0,0,0,0,0,82000,0,0,0,82000,0,82000,82000
061366,台勝科國票9A購01,0,0,0,0,0,0,0,0,0,82000,0,0,0,101000,19000,82000,82000
061375,華通永豐9A購02  ,0,0,0,0,0,0,0,0,0,82000,0,0,0,82000,0,82000,82000
061752,瑞昱台新9B購01  ,0,0,0,0,0,0,0,0,0,82000,0,0,0,119000,37000,82000,82000
9910,豐泰            ,659000,781431,-122431,0,0,0,201000,1000,200000,4000,14000,10000,4000,0,0,0,81569
08059P,京鼎元大9B售02  ,0,0,0,0,0,0,0,0,0,81000,0,0,0,81000,0,81000,81000
3060,銘異            ,228000,145000,83000,0,0,0,0,0,0,-2000,0,2000,-2000,0,0,0,81000
06954P,大立光元富99售01,0,0,0,0,0,0,0,0,0,81000,0,0,0,111000,30000,81000,81000
059928,道瓊銀富邦03購01,0,0,0,0,0,0,0,0,0,81000,0,0,0,81000,0,81000,81000
055129,鈺齊兆豐97購01  ,0,0,0,0,0,0,0,0,0,81000,0,0,0,81000,0,81000,81000
052794,群創兆豐97購01  ,0,0,0,0,0,0,0,0,0,81000,0,0,0,111000,30000,81000,81000
060821,SP黃豆元大9A購02,0,0,0,0,0,0,0,0,0,81000,0,0,0,265000,184000,81000,81000
061083,京元電兆豐9A購01,0,0,0,0,0,0,0,0,0,81000,0,0,0,91000,10000,81000,81000
061503,臻鼎國票9B購01  ,0,0,0,0,0,0,0,0,0,81000,0,0,0,157000,76000,81000,81000
2923,鼎固-KY         ,80000,0,80000,0,0,0,0,0,0,0,0,0,0,0,0,0,80000
08264P,南電元大9C售02  ,0,0,0,0,0,0,0,0,0,80000,0,0,0,80000,0,80000,80000
050115,群創元大96購01  ,0,0,0,0,0,0,0,0,0,80000,0,0,0,80000,0,80000,80000
046384,群創凱基98購02  ,0,0,0,0,0,0,0,0,0,80000,0,0,0,119000,39000,80000,80000
052526,智伸科元大96購02,0,0,0,0,0,0,0,0,0,80000,0,0,0,80000,0,80000,80000
056508,揚明光永豐98購01,0,0,0,0,0,0,0,0,0,80000,0,0,0,80000,0,80000,80000
056783,國巨群益99購01  ,0,0,0,0,0,0,0,0,0,80000,0,0,0,90000,10000,80000,80000
060634,矽創富邦9B購01  ,0,0,0,0,0,0,0,0,0,80000,0,0,0,80000,0,80000,80000
060598,鴻海凱基9A購20  ,0,0,0,0,0,0,0,0,0,80000,0,0,0,80000,0,80000,80000
061882,矽創元大9B購01  ,0,0,0,0,0,0,0,0,0,80000,0,0,0,128000,48000,80000,80000
061871,瑞昱元大9B購01  ,0,0,0,0,0,0,0,0,0,80000,0,0,0,103000,23000,80000,80000
061622,臻鼎群益9A購01  ,0,0,0,0,0,0,0,0,0,80000,0,0,0,80000,0,80000,80000
063029,喬山凱基9B購01  ,0,0,0,0,0,0,0,0,0,80000,0,0,0,174000,94000,80000,80000
062988,儒鴻群益9B購01  ,0,0,0,0,0,0,0,0,0,80000,0,0,0,80000,0,80000,80000
062983,緯穎元富9B購01  ,0,0,0,0,0,0,0,0,0,80000,0,0,0,100000,20000,80000,80000
062909,大立光元大9C購04,0,0,0,0,0,0,0,0,0,80000,0,0,0,100000,20000,80000,80000
062914,嘉澤元大9B購02  ,0,0,0,0,0,0,0,0,0,80000,0,0,0,96000,16000,80000,80000
062755,茂林麥證9B購01  ,0,0,0,82000,2000,80000,0,0,0,80000,0,0,0,82000,2000,80000,80000
063268,GIS中信9B購01   ,0,0,0,0,0,0,0,0,0,80000,0,0,0,239000,159000,80000,80000
064178,台郡國泰01購01  ,0,0,0,0,0,0,0,0,0,79000,0,0,0,79000,0,79000,79000
060633,玉晶光富邦02購01,0,0,0,0,0,0,0,0,0,79000,0,0,0,105000,26000,79000,79000
060154,堤維西永豐9A購01,0,0,0,0,0,0,0,0,0,79000,0,0,0,146000,67000,79000,79000
060921,中橡永豐9A購02  ,0,0,0,0,0,0,0,0,0,79000,0,0,0,79000,0,79000,79000
057663,國巨元大99購08  ,0,0,0,0,0,0,0,0,0,79000,0,0,0,79000,0,79000,79000
062888,漢唐群益9B購01  ,0,0,0,0,0,0,0,0,0,79000,0,0,0,80000,1000,79000,79000
061465,聯詠群益9A購01  ,0,0,0,0,0,0,0,0,0,79000,0,0,0,79000,0,79000,79000
061912,台積電中信05購05,0,0,0,0,0,0,0,0,0,79000,0,0,0,88000,9000,79000,79000
062565,漢唐中信9C購01  ,0,0,0,0,0,0,0,0,0,79000,0,0,0,173000,94000,79000,79000
062556,瑞昱凱基9B購02  ,0,0,0,0,0,0,0,0,0,79000,0,0,0,80000,1000,79000,79000
06652P,長榮航元大98售01,0,0,0,0,0,0,0,0,0,78000,0,0,0,78000,0,78000,78000
07428P,華新科國票9A售01,0,0,0,0,0,0,0,0,0,78000,0,0,0,81000,3000,78000,78000
1442,名軒            ,102000,26000,76000,0,0,0,2000,0,2000,0,0,0,0,0,0,0,78000
055652,聯詠元富01購01  ,0,0,0,0,0,0,0,0,0,78000,0,0,0,78000,0,78000,78000
061017,國泰金麥證9A購01,0,0,0,98000,20000,78000,0,0,0,78000,0,0,0,98000,20000,78000,78000
058704,台積電元大99購17,0,0,0,0,0,0,0,0,0,78000,0,0,0,140000,62000,78000,78000
060188,華新科元富9A購03,0,0,0,0,0,0,0,0,0,78000,0,0,0,112000,34000,78000,78000
060057,欣興凱基9B購01  ,0,0,0,0,0,0,0,0,0,78000,0,0,0,80000,2000,78000,78000
057484,南亞科元大98購06,0,0,0,0,0,0,0,0,0,78000,0,0,0,78000,0,78000,78000
062481,同欣電國票9B購01,0,0,0,0,0,0,0,0,0,78000,0,0,0,169000,91000,78000,78000
062200,臺指反國票03購01,0,0,0,0,0,0,0,0,0,78000,0,0,0,100000,22000,78000,78000
061285,大立光統一9A購04,0,0,0,0,0,0,0,0,0,78000,0,0,0,83000,5000,78000,78000
061701,友達國票9B購02  ,0,0,0,0,0,0,0,0,0,78000,0,0,0,94000,16000,78000,78000
062636,聯鈞國票9B購01  ,0,0,0,0,0,0,0,0,0,78000,0,0,0,78000,0,78000,78000
2375,凱美            ,255000,176000,79000,0,0,0,0,0,0,-2000,11000,0,11000,0,13000,-13000,77000
064090,祥碩凱基9C購03  ,0,0,0,0,0,0,0,0,0,77000,0,0,0,138000,61000,77000,77000
056028,GIS群益97購02   ,0,0,0,0,0,0,0,0,0,77000,0,0,0,77000,0,77000,77000
056386,TPK國泰99購01   ,0,0,0,0,0,0,0,0,0,77000,0,0,0,109000,32000,77000,77000
059919,宏達電元大99購06,0,0,0,0,0,0,0,0,0,77000,0,0,0,118000,41000,77000,77000
055533,大立光群益97購03,0,0,0,0,0,0,0,0,0,77000,0,0,0,140000,63000,77000,77000
052764,景碩群益98購01  ,0,0,0,0,0,0,0,0,0,77000,0,0,0,205000,128000,77000,77000
057995,華新科中信98購02,0,0,0,0,0,0,0,0,0,77000,0,0,0,92000,15000,77000,77000
060288,群光元大9C購01  ,0,0,0,0,0,0,0,0,0,77000,0,0,0,240000,163000,77000,77000
059273,臺指反元大9C購03,0,0,0,0,0,0,0,0,0,77000,0,0,0,77000,0,77000,77000
059166,友達凱基99購05  ,0,0,0,0,0,0,0,0,0,77000,0,0,0,92000,15000,77000,77000
063142,奇力新統一9C購04,0,0,0,0,0,0,0,0,0,77000,0,0,0,82000,5000,77000,77000
063384,巨大永豐9B購04  ,0,0,0,0,0,0,0,0,0,77000,0,0,0,77000,0,77000,77000
063460,智邦元大9B購08  ,0,0,0,0,0,0,0,0,0,77000,0,0,0,115000,38000,77000,77000
061922,瑞昱凱基9B購01  ,0,0,0,0,0,0,0,0,0,77000,0,0,0,77000,0,77000,77000
6443,元晶            ,140366,64000,76366,0,0,0,0,0,0,0,0,0,0,0,0,0,76366
07967P,力山元大9B售03  ,0,0,0,0,0,0,0,0,0,76000,0,0,0,108000,32000,76000,76000
056480,京鼎元大98購02  ,0,0,0,0,0,0,0,0,0,76000,0,0,0,180000,104000,76000,76000
056991,牧德兆豐98購01  ,0,0,0,0,0,0,0,0,0,76000,0,0,0,76000,0,76000,76000
060963,禾伸堂凱基9A購01,0,0,0,0,0,0,0,0,0,76000,0,0,0,76000,0,76000,76000
060841,宏達電國票9B購01,0,0,0,0,0,0,0,0,0,76000,0,0,0,76000,0,76000,76000
057383,玉晶光富邦9A購01,0,0,0,0,0,0,0,0,0,76000,0,0,0,76000,0,76000,76000
062577,泰鼎群益9B購01  ,0,0,0,0,0,0,0,0,0,76000,0,0,0,110000,34000,76000,76000
061464,瑞昱群益9A購01  ,0,0,0,0,0,0,0,0,0,76000,0,0,0,77000,1000,76000,76000
061381,台灣50群益9B購07,0,0,0,0,0,0,0,0,0,76000,0,0,0,76000,0,76000,76000
063428,矽創凱基9B購02  ,0,0,0,0,0,0,0,0,0,76000,0,0,0,76000,0,76000,76000
063758,聯發科統一9B購14,0,0,0,0,0,0,0,0,0,76000,0,0,0,160000,84000,76000,76000
2514,龍邦            ,78000,5000,73000,0,0,0,2000,0,2000,0,0,0,0,0,0,0,75000
055705,微星永豐97購01  ,0,0,0,0,0,0,0,0,0,75000,0,0,0,277000,202000,75000,75000
060217,國巨凱基9A購10  ,0,0,0,0,0,0,0,0,0,75000,0,0,0,75000,0,75000,75000
058042,鴻海元大98購12  ,0,0,0,0,0,0,0,0,0,75000,0,0,0,80000,5000,75000,75000
057745,泰鼎永豐99購01  ,0,0,0,0,0,0,0,0,0,75000,0,0,0,75000,0,75000,75000
063290,GIS元大9B購02   ,0,0,0,0,0,0,0,0,0,75000,0,0,0,211000,136000,75000,75000
061175,台積電凱基9A購19,0,0,0,0,0,0,0,0,0,75000,0,0,0,78000,3000,75000,75000
062299,台積電第一9B購01,0,0,0,0,0,0,0,0,0,75000,0,0,0,75000,0,75000,75000
062160,南六凱基9B購01  ,0,0,0,0,0,0,0,0,0,75000,0,0,0,77000,2000,75000,75000
2597,潤弘            ,45000,4000,41000,0,0,0,0,0,0,33000,33000,0,33000,0,0,0,74000
08230P,台表科國票9C售03,0,0,0,0,0,0,0,0,0,74000,0,0,0,74000,0,74000,74000
063853,同欣電元大9C購02,0,0,0,0,0,0,0,0,0,74000,0,0,0,161000,87000,74000,74000
053800,華通凱基97購03  ,0,0,0,0,0,0,0,0,0,74000,0,0,0,74000,0,74000,74000
052937,國巨兆豐97購01  ,0,0,0,0,0,0,0,0,0,74000,0,0,0,74000,0,74000,74000
00851,台新全球AI      ,0,0,0,0,0,0,0,0,0,74000,0,0,0,76000,2000,74000,74000
059613,泰鼎永豐99購02  ,0,0,0,0,0,0,0,0,0,74000,0,0,0,96000,22000,74000,74000
059618,台積電日盛99購01,0,0,0,0,0,0,0,0,0,74000,0,0,0,87000,13000,74000,74000
063813,瑞昱群益9C購02  ,0,0,0,0,0,0,0,0,0,74000,0,0,0,106000,32000,74000,74000
063713,麗豐凱基9B購01  ,0,0,0,0,0,0,0,0,0,74000,0,0,0,74000,0,74000,74000
063219,友達群益9B購03  ,0,0,0,0,0,0,0,0,0,74000,0,0,0,219000,145000,74000,74000
063048,聯詠兆豐9B購01  ,0,0,0,0,0,0,0,0,0,74000,0,0,0,74000,0,74000,74000
6409,旭隼            ,265000,191100,73900,0,0,0,3000,1000,2000,-2000,0,2000,-2000,0,0,0,73900
2616,山隆            ,77000,4000,73000,0,0,0,0,0,0,0,0,0,0,0,0,0,73000
056947,國巨統一9A購01  ,0,0,0,0,0,0,0,0,0,73000,0,0,0,74000,1000,73000,73000
056900,可成元大98購02  ,0,0,0,0,0,0,0,0,0,73000,0,0,0,83000,10000,73000,73000
059742,富邦金元富99購01,0,0,0,0,0,0,0,0,0,73000,0,0,0,215000,142000,73000,73000
058764,康友群益99購01  ,0,0,0,0,0,0,0,0,0,73000,0,0,0,73000,0,73000,73000
057504,技嘉麥證98購01  ,0,0,0,90000,17000,73000,0,0,0,73000,0,0,0,90000,17000,73000,73000
059999,緯穎元富99購01  ,0,0,0,0,0,0,0,0,0,73000,0,0,0,136000,63000,73000,73000
060619,玉晶光元大9A購03,0,0,0,0,0,0,0,0,0,73000,0,0,0,78000,5000,73000,73000
06051P,嘉聯益國票97售04,0,0,0,0,0,0,0,0,0,73000,0,0,0,169000,96000,73000,73000
063567,漢唐元大9B購03  ,0,0,0,0,0,0,0,0,0,73000,0,0,0,237000,164000,73000,73000
062084,台郡元大9B購04  ,0,0,0,0,0,0,0,0,0,73000,0,0,0,183000,110000,73000,73000
3059,華晶科          ,129000,57000,72000,0,0,0,0,0,0,0,0,0,0,0,0,0,72000
2547,日勝生          ,261000,189000,72000,0,0,0,0,0,0,0,0,0,0,0,0,0,72000
6451,訊芯-KY         ,182000,122000,60000,0,0,0,0,0,0,12000,1000,1000,0,14000,2000,12000,72000
063920,大立光元富03購02,0,0,0,0,0,0,0,0,0,72000,0,0,0,161000,89000,72000,72000
059886,可成國票99購04  ,0,0,0,0,0,0,0,0,0,72000,0,0,0,122000,50000,72000,72000
058547,世紀鋼富邦9A購01,0,0,0,0,0,0,0,0,0,72000,0,0,0,72000,0,72000,72000
058732,矽格永豐99購01  ,0,0,0,0,0,0,0,0,0,72000,0,0,0,142000,70000,72000,72000
058883,旭富永豐99購01  ,0,0,0,0,0,0,0,0,0,72000,0,0,0,83000,11000,72000,72000
059123,訊芯永豐99購03  ,0,0,0,0,0,0,0,0,0,72000,0,0,0,109000,37000,72000,72000
062180,瑞昱元大9B購03  ,0,0,0,0,0,0,0,0,0,72000,0,0,0,96000,24000,72000,72000
062185,禾伸堂元大9B購01,0,0,0,0,0,0,0,0,0,72000,0,0,0,77000,5000,72000,72000
061378,南六永豐9A購03  ,0,0,0,0,0,0,0,0,0,72000,0,0,0,95000,23000,72000,72000
063672,GIS統一9C購01   ,0,0,0,0,0,0,0,0,0,72000,0,0,0,273000,201000,72000,72000
062728,健策凱基9B購04  ,0,0,0,0,0,0,0,0,0,72000,0,0,0,93000,21000,72000,72000
07482P,南亞科元富9A售04,0,0,0,0,0,0,0,0,0,71000,0,0,0,127000,56000,71000,71000
07751P,世紀鋼凱基9A售02,0,0,0,0,0,0,0,0,0,71000,0,0,0,151000,80000,71000,71000
07901P,臺股指凱基9B售04,0,0,0,0,0,0,0,0,0,71000,0,0,0,71000,0,71000,71000
1452,宏益            ,75000,4000,71000,0,0,0,0,0,0,0,0,0,0,0,0,0,71000
056971,麗豐永豐98購01  ,0,0,0,0,0,0,0,0,0,71000,0,0,0,71000,0,71000,71000
056255,華新科元富97購05,0,0,0,0,0,0,0,0,0,71000,0,0,0,71000,0,71000,71000
054789,高鐵群益98購01  ,0,0,0,0,0,0,0,0,0,71000,0,0,0,222000,151000,71000,71000
058257,聯陽國泰9B購01  ,0,0,0,0,0,0,0,0,0,71000,0,0,0,142000,71000,71000,71000
058207,南茂凱基99購01  ,0,0,0,0,0,0,0,0,0,71000,0,0,0,132000,61000,71000,71000
060127,牧德永豐99購02  ,0,0,0,0,0,0,0,0,0,71000,0,0,0,127000,56000,71000,71000
063809,矽創兆豐01購01  ,0,0,0,0,0,0,0,0,0,71000,0,0,0,80000,9000,71000,71000
063382,南茂永豐9B購01  ,0,0,0,0,0,0,0,0,0,71000,0,0,0,71000,0,71000,71000
063403,鈺齊群益9B購01  ,0,0,0,0,0,0,0,0,0,71000,0,0,0,156000,85000,71000,71000
2038,海光            ,84000,14000,70000,0,0,0,0,0,0,0,0,0,0,0,0,0,70000
07819P,旺宏國票9B售01  ,0,0,0,0,0,0,0,0,0,70000,0,0,0,166000,96000,70000,70000
06963P,鴻海凱基99售04  ,0,0,0,0,0,0,0,0,0,70000,0,0,0,70000,0,70000,70000
06733P,鴻海凱基99售02  ,0,0,0,0,0,0,0,0,0,70000,0,0,0,70000,0,70000,70000
07102P,南電元大99售03  ,0,0,0,0,0,0,0,0,0,70000,0,0,0,85000,15000,70000,70000
00660,元大歐洲50      ,1000,0,1000,0,0,0,0,0,0,69000,0,0,0,72000,3000,69000,70000
051409,美律國票96購01  ,0,0,0,0,0,0,0,0,0,70000,0,0,0,70000,0,70000,70000
052942,聯發科中信97購04,0,0,0,0,0,0,0,0,0,70000,0,0,0,72000,2000,70000,70000
052699,友達國票97購01  ,0,0,0,0,0,0,0,0,0,70000,0,0,0,70000,0,70000,70000
053081,上銀元大97購02  ,0,0,0,0,0,0,0,0,0,70000,0,0,0,70000,0,70000,70000
060275,元黃金元大9A購01,0,0,0,0,0,0,0,0,0,70000,0,0,0,70000,0,70000,70000
060418,中橡永豐9A購01  ,0,0,0,0,0,0,0,0,0,70000,0,0,0,85000,15000,70000,70000
058048,群創元大9B購07  ,0,0,0,0,0,0,0,0,0,70000,0,0,0,73000,3000,70000,70000
060679,聯詠元大9A購04  ,0,0,0,0,0,0,0,0,0,70000,0,0,0,70000,0,70000,70000
060704,台積電富邦01購01,0,0,0,0,0,0,0,0,0,70000,0,0,0,70000,0,70000,70000
063346,TPK統一9C購01   ,0,0,0,0,0,0,0,0,0,70000,0,0,0,189000,119000,70000,70000
063683,大成鋼永豐9B購01,0,0,0,0,0,0,0,0,0,70000,0,0,0,108000,38000,70000,70000
062592,牧德統一01購01  ,0,0,0,0,0,0,0,0,0,70000,0,0,0,90000,20000,70000,70000
062886,中興電群益9B購01,0,0,0,0,0,0,0,0,0,70000,0,0,0,119000,49000,70000,70000
061474,瑞昱元大9A購04  ,0,0,0,0,0,0,0,0,0,70000,0,0,0,99000,29000,70000,70000
061975,華通元大9B購01  ,0,0,0,0,0,0,0,0,0,70000,0,0,0,139000,69000,70000,70000
062030,旭富群益9B購01  ,0,0,0,0,0,0,0,0,0,70000,0,0,0,74000,4000,70000,70000
063995,健鼎群益9C購01  ,0,0,0,0,0,0,0,0,0,69000,0,0,0,69000,0,69000,69000
06667P,鴻海凱基98售11  ,0,0,0,0,0,0,0,0,0,69000,0,0,0,70000,1000,69000,69000
1612,宏泰            ,74000,5000,69000,0,0,0,0,0,0,0,0,0,0,0,0,0,69000
1517,利奇            ,78000,9000,69000,0,0,0,0,0,0,0,0,0,0,0,0,0,69000
2450,神腦            ,94000,25000,69000,0,0,0,0,0,0,0,0,0,0,0,0,0,69000
2636,台驊投控        ,71000,2000,69000,0,0,0,0,0,0,0,0,0,0,0,0,0,69000
052863,友達凱基98購02  ,0,0,0,0,0,0,0,0,0,69000,0,0,0,89000,20000,69000,69000
055049,智邦永豐97購01  ,0,0,0,0,0,0,0,0,0,69000,0,0,0,79000,10000,69000,69000
060813,高鐵凱基9A購01  ,0,0,0,0,0,0,0,0,0,69000,0,0,0,86000,17000,69000,69000
058323,泰鼎永豐9A購01  ,0,0,0,0,0,0,0,0,0,69000,0,0,0,69000,0,69000,69000
060086,鴻海元大99購42  ,0,0,0,0,0,0,0,0,0,69000,0,0,0,71000,2000,69000,69000
062119,世紀鋼中信9B購01,0,0,0,0,0,0,0,0,0,69000,0,0,0,69000,0,69000,69000
062456,台積電群益9B購05,0,0,0,0,0,0,0,0,0,69000,0,0,0,280000,211000,69000,69000
062947,國巨富邦01購01  ,0,0,0,0,0,0,0,0,0,69000,0,0,0,90000,21000,69000,69000
063840,鴻海元大01購01  ,0,0,0,0,0,0,0,0,0,69000,0,0,0,82000,13000,69000,69000
9934,成霖            ,124000,56000,68000,0,0,0,1000,0,1000,0,0,0,0,0,0,0,69000
2739,寒舍            ,94000,26000,68000,0,0,0,0,0,0,0,0,0,0,0,0,0,68000
063877,鴻海元富9C購01  ,0,0,0,0,0,0,0,0,0,68000,0,0,0,126000,58000,68000,68000
064032,群創元大9C購06  ,0,0,0,0,0,0,0,0,0,68000,0,0,0,132000,64000,68000,68000
055297,啟碁元大97購01  ,0,0,0,0,0,0,0,0,0,68000,0,0,0,68000,0,68000,68000
054758,南亞國票9A購01  ,0,0,0,0,0,0,0,0,0,68000,0,0,0,137000,69000,68000,68000
056655,旺宏元大99購02  ,0,0,0,0,0,0,0,0,0,68000,0,0,0,74000,6000,68000,68000
056821,日電貿永豐98購01,0,0,0,0,0,0,0,0,0,68000,0,0,0,68000,0,68000,68000
058141,嘉聯益元大99購05,0,0,0,0,0,0,0,0,0,68000,0,0,0,68000,0,68000,68000
060170,世紀鋼永豐9A購01,0,0,0,0,0,0,0,0,0,68000,0,0,0,68000,0,68000,68000
057376,新日興元大98購04,0,0,0,0,0,0,0,0,0,68000,0,0,0,68000,0,68000,68000
058192,訊芯永豐99購01  ,0,0,0,0,0,0,0,0,0,68000,0,0,0,68000,0,68000,68000
059047,元油2X凱基9A購10,0,0,0,0,0,0,0,0,0,68000,0,0,0,81000,13000,68000,68000
057174,南亞科元大98購05,0,0,0,0,0,0,0,0,0,68000,0,0,0,68000,0,68000,68000
061030,喬山永豐9A購01  ,0,0,0,0,0,0,0,0,0,68000,0,0,0,319000,251000,68000,68000
057667,可成元大99購01  ,0,0,0,0,0,0,0,0,0,68000,0,0,0,68000,0,68000,68000
058483,道瓊指國票9A購01,0,0,0,0,0,0,0,0,0,68000,0,0,0,180000,112000,68000,68000
057556,智易凱基99購01  ,0,0,0,0,0,0,0,0,0,68000,0,0,0,68000,0,68000,68000
063352,上銀元富9B購02  ,0,0,0,0,0,0,0,0,0,68000,0,0,0,68000,0,68000,68000
063037,聯發科凱基9C購02,0,0,0,0,0,0,0,0,0,68000,0,0,0,110000,42000,68000,68000
062603,台化凱基9B購01  ,0,0,0,0,0,0,0,0,0,68000,0,0,0,131000,63000,68000,68000
061593,智原永豐9A購01  ,0,0,0,0,0,0,0,0,0,68000,0,0,0,84000,16000,68000,68000
06921P,台光電凱基98售06,0,0,0,0,0,0,0,0,0,67000,0,0,0,70000,3000,67000,67000
054996,聯陽元富97購01  ,0,0,0,0,0,0,0,0,0,67000,0,0,0,67000,0,67000,67000
042315,T50反1台新96購01,0,0,0,0,0,0,0,0,0,67000,0,0,0,67000,0,67000,67000
059212,鴻海元大99購28  ,0,0,0,0,0,0,0,0,0,67000,0,0,0,75000,8000,67000,67000
060162,碩天永豐9A購01  ,0,0,0,0,0,0,0,0,0,67000,0,0,0,67000,0,67000,67000
059977,鴻海元大99購40  ,0,0,0,0,0,0,0,0,0,67000,0,0,0,67000,0,67000,67000
062058,瑞昱統一01購01  ,0,0,0,0,0,0,0,0,0,67000,0,0,0,92000,25000,67000,67000
063243,聯發科元大9B購20,0,0,0,0,0,0,0,0,0,67000,0,0,0,91000,24000,67000,67000
063930,高鐵統一02購02  ,0,0,0,0,0,0,0,0,0,66000,0,0,0,154000,88000,66000,66000
051694,A50正2中信96購03,0,0,0,0,0,0,0,0,0,66000,0,0,0,66000,0,66000,66000
060133,牧德群益9B購01  ,0,0,0,0,0,0,0,0,0,66000,0,0,0,132000,66000,66000,66000
057875,京鼎元大98購03  ,0,0,0,0,0,0,0,0,0,66000,0,0,0,172000,106000,66000,66000
057197,立積台新98購01  ,0,0,0,0,0,0,0,0,0,66000,0,0,0,79000,13000,66000,66000
057243,樺漢凱基99購01  ,0,0,0,0,0,0,0,0,0,66000,0,0,0,66000,0,66000,66000
058565,鴻海凱基9A購07  ,0,0,0,0,0,0,0,0,0,66000,0,0,0,66000,0,66000,66000
05947P,大成鋼元大96售03,0,0,0,0,0,0,0,0,0,66000,0,0,0,66000,0,66000,66000
059202,禾聯碩永豐99購01,0,0,0,0,0,0,0,0,0,66000,0,0,0,78000,12000,66000,66000
062323,上銀統一9B購03  ,0,0,0,0,0,0,0,0,0,66000,0,0,0,66000,0,66000,66000
061832,聯發科凱基9B購06,0,0,0,0,0,0,0,0,0,66000,0,0,0,101000,35000,66000,66000
061738,聯發科凱基9B購04,0,0,0,0,0,0,0,0,0,66000,0,0,0,100000,34000,66000,66000
061422,台積電元大9A購30,0,0,0,0,0,0,0,0,0,66000,0,0,0,86000,20000,66000,66000
061231,聚陽元大9A購02  ,0,0,0,0,0,0,0,0,0,66000,0,0,0,100000,34000,66000,66000
2642,宅配通          ,169000,104000,65000,0,0,0,0,0,0,0,0,0,0,0,0,0,65000
3704,合勤控          ,308000,218000,90000,0,0,0,0,0,0,-25000,1000,2000,-1000,0,24000,-24000,65000
051539,瀚宇博國票97購01,0,0,0,0,0,0,0,0,0,65000,0,0,0,65000,0,65000,65000
053435,新光金日盛96購01,0,0,0,0,0,0,0,0,0,65000,0,0,0,65000,0,65000,65000
058129,國巨元大99購10  ,0,0,0,0,0,0,0,0,0,65000,0,0,0,80000,15000,65000,65000
056302,大立光元大97購17,0,0,0,0,0,0,0,0,0,65000,0,0,0,65000,0,65000,65000
057626,技嘉富邦9A購01  ,0,0,0,0,0,0,0,0,0,65000,0,0,0,151000,86000,65000,65000
061126,京元電永豐9A購02,0,0,0,0,0,0,0,0,0,65000,0,0,0,65000,0,65000,65000
059401,牧德元富99購01  ,0,0,0,0,0,0,0,0,0,65000,0,0,0,70000,5000,65000,65000
05859P,台表科國票97售04,0,0,0,0,0,0,0,0,0,65000,0,0,0,135000,70000,65000,65000
057728,瑞昱國泰99購01  ,0,0,0,0,0,0,0,0,0,65000,0,0,0,65000,0,65000,65000
060244,大立光元大9B購02,0,0,0,0,0,0,0,0,0,65000,0,0,0,75000,10000,65000,65000
061352,茂林元大9A購04  ,0,0,0,0,0,0,0,0,0,65000,0,0,0,70000,5000,65000,65000
062444,大立光元大9C購01,0,0,0,0,0,0,0,0,0,65000,0,0,0,75000,10000,65000,65000
062087,瑞祺元大9B購02  ,0,0,0,0,0,0,0,0,0,65000,0,0,0,331000,266000,65000,65000
063038,富邦金凱基9B購02,0,0,0,0,0,0,0,0,0,65000,0,0,0,182000,117000,65000,65000
062913,創意元大9B購02  ,0,0,0,0,0,0,0,0,0,65000,0,0,0,70000,5000,65000,65000
063497,東元永豐9B購01  ,0,0,0,0,0,0,0,0,0,65000,0,0,0,65000,0,65000,65000
063635,漢唐元大9B購04  ,0,0,0,0,0,0,0,0,0,65000,0,0,0,135000,70000,65000,65000
6024,群益期          ,93000,28158,64842,0,0,0,0,0,0,0,0,0,0,0,0,0,64842
4566,時碩工業        ,86000,22000,64000,0,0,0,0,0,0,0,0,0,0,0,0,0,64000
2464,盟立            ,202000,138000,64000,0,0,0,0,0,0,0,0,0,0,0,0,0,64000
07206P,鴻海凱基9A售11  ,0,0,0,0,0,0,0,0,0,64000,0,0,0,100000,36000,64000,64000
056852,矽格元富98購01  ,0,0,0,0,0,0,0,0,0,64000,0,0,0,272000,208000,64000,64000
054258,牧德元大97購01  ,0,0,0,0,0,0,0,0,0,64000,0,0,0,79000,15000,64000,64000
063480,南六元大9C購01  ,0,0,0,0,0,0,0,0,0,64000,0,0,0,64000,0,64000,64000
063158,瑞昱台新9B購02  ,0,0,0,0,0,0,0,0,0,64000,0,0,0,64000,0,64000,64000
061336,國巨元大9A購20  ,0,0,0,0,0,0,0,0,0,64000,0,0,0,82000,18000,64000,64000
2524,京城            ,81000,19000,62000,0,0,0,1000,0,1000,0,0,0,0,0,0,0,63000
8016,矽創            ,185000,276000,-91000,0,0,0,180000,1000,179000,-25000,2000,7000,-5000,5000,25000,-20000,63000
1466,聚隆            ,0,1000,-1000,0,0,0,0,0,0,64000,0,0,0,64000,0,64000,63000
060265,宏達電國票9A購02,0,0,0,0,0,0,0,0,0,63000,0,0,0,86000,23000,63000,63000
060471,台勝科元大9B購01,0,0,0,0,0,0,0,0,0,63000,0,0,0,69000,6000,63000,63000
058569,健策凱基9A購01  ,0,0,0,0,0,0,0,0,0,63000,0,0,0,79000,16000,63000,63000
058012,鈺齊國票99購01  ,0,0,0,0,0,0,0,0,0,63000,0,0,0,165000,102000,63000,63000
059507,鴻海永豐99購03  ,0,0,0,0,0,0,0,0,0,63000,0,0,0,63000,0,63000,63000
059536,新光金凱基99購05,0,0,0,0,0,0,0,0,0,63000,0,0,0,108000,45000,63000,63000
058345,台光電群益99購03,0,0,0,0,0,0,0,0,0,63000,0,0,0,63000,0,63000,63000
060677,京元電元大9A購04,0,0,0,0,0,0,0,0,0,63000,0,0,0,202000,139000,63000,63000
063217,元金2X群益9B購03,0,0,0,0,0,0,0,0,0,63000,0,0,0,63000,0,63000,63000
063019,聯發科元大9C購01,0,0,0,0,0,0,0,0,0,63000,0,0,0,76000,13000,63000,63000
063398,信邦群益9B購02  ,0,0,0,0,0,0,0,0,0,63000,0,0,0,114000,51000,63000,63000
052557,群創國票97購02  ,0,0,0,0,0,0,0,0,0,62000,0,0,0,62000,0,62000,62000
056963,建準永豐98購01  ,0,0,0,0,0,0,0,0,0,62000,0,0,0,94000,32000,62000,62000
054977,SP黃豆元富9B購01,0,0,0,0,0,0,0,0,0,62000,0,0,0,62000,0,62000,62000
05478P,智伸科國票96售02,0,0,0,0,0,0,0,0,0,62000,0,0,0,112000,50000,62000,62000
060754,華通元大9A購04  ,0,0,0,0,0,0,0,0,0,62000,0,0,0,73000,11000,62000,62000
060756,鴻海元大9A購16  ,0,0,0,0,0,0,0,0,0,62000,0,0,0,100000,38000,62000,62000
060953,富邦金群益9A購01,0,0,0,0,0,0,0,0,0,62000,0,0,0,223000,161000,62000,62000
058033,景碩永豐98購02  ,0,0,0,0,0,0,0,0,0,62000,0,0,0,78000,16000,62000,62000
063240,聯發科元大9B購17,0,0,0,0,0,0,0,0,0,62000,0,0,0,65000,3000,62000,62000
062564,矽創凱基9B購01  ,0,0,0,0,0,0,0,0,0,62000,0,0,0,100000,38000,62000,62000
06232P,智易永豐97售01  ,0,0,0,0,0,0,0,0,0,62000,0,0,0,83000,21000,62000,62000
064102,宏達電群益9C購01,0,0,0,0,0,0,0,0,0,61000,0,0,0,61000,0,61000,61000
06569P,可成永豐98售01  ,0,0,0,0,0,0,0,0,0,61000,0,0,0,81000,20000,61000,61000
055925,上銀群益97購01  ,0,0,0,0,0,0,0,0,0,61000,0,0,0,61000,0,61000,61000
058118,瑞昱群益99購01  ,0,0,0,0,0,0,0,0,0,61000,0,0,0,61000,0,61000,61000
052314,鴻海元大96購11  ,0,0,0,0,0,0,0,0,0,61000,0,0,0,61000,0,61000,61000
050784,美律國泰96購01  ,0,0,0,0,0,0,0,0,0,61000,0,0,0,61000,0,61000,61000
059181,世紀鋼元富9C購01,0,0,0,0,0,0,0,0,0,61000,0,0,0,255000,194000,61000,61000
059139,全新兆豐9A購01  ,0,0,0,0,0,0,0,0,0,61000,0,0,0,122000,61000,61000,61000
059488,大立光兆豐99購03,0,0,0,0,0,0,0,0,0,61000,0,0,0,109000,48000,61000,61000
059580,大立光元富99購07,0,0,0,0,0,0,0,0,0,61000,0,0,0,71000,10000,61000,61000
062099,牧德永豐9B購01  ,0,0,0,0,0,0,0,0,0,61000,0,0,0,81000,20000,61000,61000
063193,聯發科台新9B購02,0,0,0,0,0,0,0,0,0,61000,0,0,0,61000,0,61000,61000
06765P,欣興元大98售11  ,0,0,0,0,0,0,0,0,0,60000,0,0,0,110000,50000,60000,60000
06834P,訊芯群益99售02  ,0,0,0,0,0,0,0,0,0,60000,0,0,0,60000,0,60000,60000
08239P,南六永豐9B售03  ,0,0,0,0,0,0,0,0,0,60000,0,0,0,60000,0,60000,60000
6541,泰福-KY         ,78000,18000,60000,0,0,0,0,0,0,0,0,0,0,0,0,0,60000
049615,香港2X群益98購01,0,0,0,0,0,0,0,0,0,60000,0,0,0,60000,0,60000,60000
054250,漢唐元大96購04  ,0,0,0,0,0,0,0,0,0,60000,0,0,0,60000,0,60000,60000
054229,超眾元富96購05  ,0,0,0,0,0,0,0,0,0,60000,0,0,0,103000,43000,60000,60000
052546,友達中信98購01  ,0,0,0,0,0,0,0,0,0,60000,0,0,0,60000,0,60000,60000
052533,聯發科國泰96購03,0,0,0,0,0,0,0,0,0,60000,0,0,0,60000,0,60000,60000
056701,國產國泰9A購01  ,0,0,0,0,0,0,0,0,0,60000,0,0,0,60000,0,60000,60000
056739,美律凱基98購04  ,0,0,0,0,0,0,0,0,0,60000,0,0,0,60000,0,60000,60000
056521,群創日盛98購01  ,0,0,0,0,0,0,0,0,0,60000,0,0,0,60000,0,60000,60000
058829,華新科永豐99購04,0,0,0,0,0,0,0,0,0,60000,0,0,0,220000,160000,60000,60000
059172,台郡凱基99購03  ,0,0,0,0,0,0,0,0,0,60000,0,0,0,60000,0,60000,60000
059204,台灣50元大01購02,0,0,0,0,0,0,0,0,0,60000,0,0,0,60000,0,60000,60000
058444,國巨富邦9B購01  ,0,0,0,0,0,0,0,0,0,60000,0,0,0,60000,0,60000,60000
058525,台虹元大99購02  ,0,0,0,0,0,0,0,0,0,60000,0,0,0,60000,0,60000,60000
057860,金寶凱基98購01  ,0,0,0,0,0,0,0,0,0,60000,0,0,0,60000,0,60000,60000
057355,彩晶統一98購03  ,0,0,0,0,0,0,0,0,0,60000,0,0,0,60000,0,60000,60000
060326,群光群益9A購01  ,0,0,0,0,0,0,0,0,0,60000,0,0,0,87000,27000,60000,60000
060180,上証2X元富9A購02,0,0,0,0,0,0,0,0,0,60000,0,0,0,60000,0,60000,60000
060050,鴻海凱基9B購01  ,0,0,0,0,0,0,0,0,0,60000,0,0,0,68000,8000,60000,60000
063020,奇力新元大9B購04,0,0,0,0,0,0,0,0,0,60000,0,0,0,88000,28000,60000,60000
063021,大立光元大9C購05,0,0,0,0,0,0,0,0,0,60000,0,0,0,60000,0,60000,60000
063524,瑞昱凱基9B購05  ,0,0,0,0,0,0,0,0,0,60000,0,0,0,60000,0,60000,60000
063720,香港反元大9C購01,0,0,0,0,0,0,0,0,0,60000,0,0,0,60000,0,60000,60000
062088,緯穎元大9B購04  ,0,0,0,0,0,0,0,0,0,60000,0,0,0,426000,366000,60000,60000
062305,遠東新凱基9B購01,0,0,0,0,0,0,0,0,0,60000,0,0,0,95000,35000,60000,60000
06256P,臺股指群益97售09,0,0,0,0,0,0,0,0,0,60000,0,0,0,60000,0,60000,60000
061297,台積電富邦9C購09,0,0,0,0,0,0,0,0,0,60000,0,0,0,60000,0,60000,60000
061526,宏達電凱基9A購04,0,0,0,0,0,0,0,0,0,60000,0,0,0,72000,12000,60000,60000
8105,凌巨            ,188000,128000,60000,0,0,0,0,0,0,0,0,0,0,0,0,0,60000
1437,勤益控          ,69000,10000,59000,0,0,0,0,0,0,0,0,0,0,0,0,0,59000
1906,寶隆            ,61000,2000,59000,0,0,0,0,0,0,0,0,0,0,0,0,0,59000
064135,復盛元大9C購01  ,0,0,0,0,0,0,0,0,0,59000,0,0,0,174000,115000,59000,59000
054357,可成兆豐97購02  ,0,0,0,0,0,0,0,0,0,59000,0,0,0,60000,1000,59000,59000
045444,群創元富98購02  ,0,0,0,0,0,0,0,0,0,59000,0,0,0,59000,0,59000,59000
060156,光磊永豐9A購01  ,0,0,0,0,0,0,0,0,0,59000,0,0,0,87000,28000,59000,59000
060113,祥碩元大9B購01  ,0,0,0,0,0,0,0,0,0,59000,0,0,0,64000,5000,59000,59000
057633,緯穎永豐98購02  ,0,0,0,0,0,0,0,0,0,59000,0,0,0,142000,83000,59000,59000
060899,超眾凱基9A購01  ,0,0,0,0,0,0,0,0,0,59000,0,0,0,60000,1000,59000,59000
05923P,旺宏元富96售05  ,0,0,0,0,0,0,0,0,0,59000,0,0,0,60000,1000,59000,59000
059755,宏達電國泰9A購01,0,0,0,0,0,0,0,0,0,59000,0,0,0,97000,38000,59000,59000
061347,創意元大9A購02  ,0,0,0,0,0,0,0,0,0,59000,0,0,0,237000,178000,59000,59000
054060,晶技國票97購02  ,0,0,0,0,0,0,0,0,0,58000,0,0,0,60000,2000,58000,58000
054188,欣興永豐96購03  ,0,0,0,0,0,0,0,0,0,58000,0,0,0,58000,0,58000,58000
055519,茂林中信99購01  ,0,0,0,0,0,0,0,0,0,58000,0,0,0,60000,2000,58000,58000
056290,正文永豐98購01  ,0,0,0,0,0,0,0,0,0,58000,0,0,0,66000,8000,58000,58000
056883,美食康和98購01  ,0,0,0,0,0,0,0,0,0,58000,0,0,0,94000,36000,58000,58000
059683,康控富邦9C購01  ,0,0,0,0,0,0,0,0,0,58000,0,0,0,58000,0,58000,58000
058352,鴻海凱基9A購05  ,0,0,0,0,0,0,0,0,0,58000,0,0,0,60000,2000,58000,58000
059623,聯電凱基99購02  ,0,0,0,0,0,0,0,0,0,58000,0,0,0,60000,2000,58000,58000
058721,立積元富9C購01  ,0,0,0,0,0,0,0,0,0,58000,0,0,0,423000,365000,58000,58000
058324,嘉聯益永豐9A購01,0,0,0,0,0,0,0,0,0,58000,0,0,0,68000,10000,58000,58000
061303,玉晶光永豐9B購03,0,0,0,0,0,0,0,0,0,58000,0,0,0,116000,58000,58000,58000
062173,世紀鋼永豐9B購01,0,0,0,0,0,0,0,0,0,58000,0,0,0,66000,8000,58000,58000
061933,光寶科國票9B購01,0,0,0,0,0,0,0,0,0,58000,0,0,0,79000,21000,58000,58000
063047,大立光兆豐9B購03,0,0,0,0,0,0,0,0,0,58000,0,0,0,62000,4000,58000,58000
063111,TPK兆豐9B購01   ,0,0,0,0,0,0,0,0,0,58000,0,0,0,78000,20000,58000,58000
07760P,力山永豐9A售03  ,0,0,0,0,0,0,0,0,0,57000,0,0,0,57000,0,57000,57000
2426,鼎元            ,134000,77000,57000,0,0,0,0,0,0,0,0,0,0,0,0,0,57000
056083,億光統一97購03  ,0,0,0,0,0,0,0,0,0,57000,0,0,0,134000,77000,57000,57000
058007,南電群益98購02  ,0,0,0,0,0,0,0,0,0,57000,0,0,0,97000,40000,57000,57000
058055,華擎統一9A購01  ,0,0,0,0,0,0,0,0,0,57000,0,0,0,80000,23000,57000,57000
057447,智邦元富02購01  ,0,0,0,0,0,0,0,0,0,57000,0,0,0,126000,69000,57000,57000
057202,TPK元富98購02   ,0,0,0,0,0,0,0,0,0,57000,0,0,0,75000,18000,57000,57000
060293,緯創元大9A購01  ,1000,0,1000,0,0,0,0,0,0,56000,0,0,0,277000,221000,56000,57000
060347,大立光統一02購01,0,0,0,0,0,0,0,0,0,57000,0,0,0,62000,5000,57000,57000
060410,台苯永豐9A購01  ,0,0,0,0,0,0,0,0,0,57000,0,0,0,84000,27000,57000,57000
059343,宏達電凱基99購04,0,0,0,0,0,0,0,0,0,57000,0,0,0,104000,47000,57000,57000
063475,同欣電元大9C購01,0,0,0,0,0,0,0,0,0,57000,0,0,0,457000,400000,57000,57000
062568,緯穎中信9C購01  ,0,0,0,0,0,0,0,0,0,57000,0,0,0,57000,0,57000,57000
061817,高鐵群益9B購01  ,0,0,0,0,0,0,0,0,0,57000,0,0,0,107000,50000,57000,57000
5243,乙盛-KY         ,170000,114000,56000,0,0,0,0,0,0,0,0,0,0,0,0,0,56000
1316,上曜            ,70000,14000,56000,0,0,0,0,0,0,0,0,0,0,0,0,0,56000
08070P,晶技國泰9C售02  ,0,0,0,0,0,0,0,0,0,56000,0,0,0,56000,0,56000,56000
056657,華邦電元大99購01,0,0,0,0,0,0,0,0,0,56000,0,0,0,239000,183000,56000,56000
057270,遠東新元大98購01,0,0,0,0,0,0,0,0,0,56000,0,0,0,56000,0,56000,56000
051292,牧德統一97購01  ,0,0,0,0,0,0,0,0,0,56000,0,0,0,56000,0,56000,56000
060732,玉晶光群益9C購02,0,0,0,0,0,0,0,0,0,56000,0,0,0,62000,6000,56000,56000
058184,鴻海永豐99購01  ,0,0,0,0,0,0,0,0,0,56000,0,0,0,187000,131000,56000,56000
057507,貿聯國票98購02  ,0,0,0,0,0,0,0,0,0,56000,0,0,0,198000,142000,56000,56000
058321,大立光永豐99購01,0,0,0,0,0,0,0,0,0,56000,0,0,0,56000,0,56000,56000
061533,友達統一9C購02  ,0,0,0,0,0,0,0,0,0,56000,0,0,0,58000,2000,56000,56000
061215,健策元大9A購06  ,0,0,0,0,0,0,0,0,0,56000,0,0,0,196000,140000,56000,56000
063008,華通元大9B購06  ,0,0,0,0,0,0,0,0,0,56000,0,0,0,77000,21000,56000,56000
062633,亞光國票9B購01  ,0,0,0,0,0,0,0,0,0,56000,0,0,0,123000,67000,56000,56000
08080P,祥碩國票9B售03  ,0,0,0,0,0,0,0,0,0,55000,0,0,0,75000,20000,55000,55000
08006P,長榮航中信03售01,0,0,0,0,0,0,0,0,0,55000,0,0,0,60000,5000,55000,55000
08127P,聯發科元大9B售21,0,0,0,0,0,0,0,0,0,55000,0,0,0,85000,30000,55000,55000
08129P,聯發科元大9B售23,0,0,0,0,0,0,0,0,0,55000,0,0,0,55000,0,55000,55000
2816,旺旺保          ,57000,2000,55000,0,0,0,0,0,0,0,0,0,0,0,0,0,55000
07264P,台積電元大99售38,0,0,0,0,0,0,0,0,0,55000,0,0,0,60000,5000,55000,55000
063954,世芯元大01購02  ,0,0,0,0,0,0,0,0,0,55000,0,0,0,482000,427000,55000,55000
063989,大立光永豐9C購01,0,0,0,0,0,0,0,0,0,55000,0,0,0,55000,0,55000,55000
06553P,訊芯元大98售05  ,0,0,0,0,0,0,0,0,0,55000,0,0,0,55000,0,55000,55000
06510P,燿華永豐98售03  ,0,0,0,0,0,0,0,0,0,55000,0,0,0,65000,10000,55000,55000
00662,富邦NASDAQ      ,0,0,0,0,0,0,0,0,0,55000,24000,0,24000,137000,106000,31000,55000
049795,華通元大96購02  ,0,0,0,0,0,0,0,0,0,55000,0,0,0,55000,0,55000,55000
053427,鎧勝永豐96購02  ,0,0,0,0,0,0,0,0,0,55000,0,0,0,55000,0,55000,55000
058905,京鼎元大99購01  ,0,0,0,0,0,0,0,0,0,55000,0,0,0,186000,131000,55000,55000
058603,台積電元大99購12,0,0,0,0,0,0,0,0,0,55000,0,0,0,61000,6000,55000,55000
058274,世紀鋼永豐99購01,0,0,0,0,0,0,0,0,0,55000,0,0,0,136000,81000,55000,55000
057207,立積元富98購02  ,0,0,0,0,0,0,0,0,0,55000,0,0,0,85000,30000,55000,55000
057467,祥碩永豐98購04  ,0,0,0,0,0,0,0,0,0,55000,0,0,0,55000,0,55000,55000
061106,群創元大9B購09  ,0,0,0,0,0,0,0,0,0,55000,0,0,0,57000,2000,55000,55000
063022,嘉晶元大9B購04  ,0,0,0,0,0,0,0,0,0,55000,0,0,0,56000,1000,55000,55000
061344,禾伸堂元大9A購02,0,0,0,0,0,0,0,0,0,55000,0,0,0,100000,45000,55000,55000
06752P,訊芯凱基98售05  ,0,0,0,0,0,0,0,0,0,54000,0,0,0,54000,0,54000,54000
06867P,訊芯元大98售08  ,0,0,0,0,0,0,0,0,0,54000,0,0,0,54000,0,54000,54000
057320,玉晶光凱基98購01,0,0,0,0,0,0,0,0,0,54000,0,0,0,90000,36000,54000,54000
054835,致新中信97購01  ,0,0,0,0,0,0,0,0,0,54000,0,0,0,84000,30000,54000,54000
055071,群電永豐97購01  ,0,0,0,0,0,0,0,0,0,54000,0,0,0,54000,0,54000,54000
055173,瑞昱統一97購01  ,0,0,0,0,0,0,0,0,0,54000,0,0,0,54000,0,54000,54000
057119,微星康和98購01  ,0,0,0,0,0,0,0,0,0,54000,0,0,0,92000,38000,54000,54000
060798,旭富永豐9A購01  ,0,0,0,0,0,0,0,0,0,54000,0,0,0,78000,24000,54000,54000
058035,旭富永豐98購02  ,0,0,0,0,0,0,0,0,0,54000,0,0,0,174000,120000,54000,54000
059980,台積電元大99購50,0,0,0,0,0,0,0,0,0,54000,0,0,0,54000,0,54000,54000
062434,華通元大9B購04  ,0,0,0,0,0,0,0,0,0,54000,0,0,0,66000,12000,54000,54000
062352,南六群益9B購02  ,0,0,0,0,0,0,0,0,0,54000,0,0,0,57000,3000,54000,54000
062204,京元電國票9C購01,0,0,0,0,0,0,0,0,0,54000,0,0,0,105000,51000,54000,54000
062820,禾伸堂兆豐9B購01,0,0,0,0,0,0,0,0,0,54000,0,0,0,67000,13000,54000,54000
062771,臺股指凱基9B購15,0,0,0,0,0,0,0,0,0,54000,0,0,0,151000,97000,54000,54000
063304,大立光凱基01購02,0,0,0,0,0,0,0,0,0,54000,0,0,0,55000,1000,54000,54000
9925,新保            ,59000,5000,54000,0,0,0,0,0,0,0,0,0,0,0,0,0,54000
3376,新日興          ,497000,409529,87471,0,0,0,0,0,0,-34000,20000,70000,-50000,27000,11000,16000,53471
06962P,華新科永豐99售01,0,0,0,0,0,0,0,0,0,53000,0,0,0,54000,1000,53000,53000
06593P,欣興元大98售05  ,0,0,0,0,0,0,0,0,0,53000,0,0,0,58000,5000,53000,53000
051485,玉晶光凱基97購02,0,0,0,0,0,0,0,0,0,53000,0,0,0,125000,72000,53000,53000
058937,仁寶中信99購01  ,0,0,0,0,0,0,0,0,0,53000,0,0,0,73000,20000,53000,53000
056894,佳世達元大99購01,0,0,0,0,0,0,0,0,0,53000,0,0,0,77000,24000,53000,53000
060114,緯穎元大99購10  ,0,0,0,0,0,0,0,0,0,53000,0,0,0,65000,12000,53000,53000
060870,旭富群益9A購01  ,0,0,0,0,0,0,0,0,0,53000,0,0,0,104000,51000,53000,53000
060967,鈺齊凱基9A購02  ,0,0,0,0,0,0,0,0,0,53000,0,0,0,120000,67000,53000,53000
063464,廣達元大9B購02  ,0,0,0,0,0,0,0,0,0,53000,0,0,0,127000,74000,53000,53000
063570,嘉晶元大9C購02  ,0,0,0,0,0,0,0,0,0,53000,0,0,0,63000,10000,53000,53000
063717,宏達電兆豐9B購02,0,0,0,0,0,0,0,0,0,53000,0,0,0,53000,0,53000,53000
062781,微星元大9C購01  ,0,0,0,0,0,0,0,0,0,53000,0,0,0,53000,0,53000,53000
062410,台積電第一9B購02,0,0,0,0,0,0,0,0,0,53000,0,0,0,53000,0,53000,53000
061293,聯茂統一9A購01  ,0,0,0,0,0,0,0,0,0,53000,0,0,0,87000,34000,53000,53000
061663,南六永豐9A購05  ,0,0,0,0,0,0,0,0,0,53000,0,0,0,83000,30000,53000,53000
5269,祥碩            ,92400,137000,-44600,0,0,0,73000,0,73000,24000,25000,8000,17000,13000,6000,7000,52400
3028,增你強          ,56000,4000,52000,0,0,0,0,0,0,0,0,0,0,0,0,0,52000
056356,台積電元大99購01,0,0,0,0,0,0,0,0,0,52000,0,0,0,54000,2000,52000,52000
055029,帆宣國泰99購01  ,0,0,0,0,0,0,0,0,0,52000,0,0,0,353000,301000,52000,52000
053401,臺股指中信99購01,0,0,0,0,0,0,0,0,0,52000,0,0,0,52000,0,52000,52000
053111,緯創兆豐97購01  ,0,0,0,0,0,0,0,0,0,52000,0,0,0,97000,45000,52000,52000
053904,漢唐凱基97購01  ,0,0,0,0,0,0,0,0,0,52000,0,0,0,52000,0,52000,52000
058751,南茂凱基9A購01  ,0,0,0,0,0,0,0,0,0,52000,0,0,0,52000,0,52000,52000
060299,友訊國泰9B購01  ,0,0,0,0,0,0,0,0,0,52000,0,0,0,57000,5000,52000,52000
058053,上銀統一9B購01  ,0,0,0,0,0,0,0,0,0,52000,0,0,0,68000,16000,52000,52000
060650,奇力新中信9A購01,0,0,0,0,0,0,0,0,0,52000,0,0,0,52000,0,52000,52000
057826,祥碩元大98購08  ,0,0,0,0,0,0,0,0,0,52000,0,0,0,90000,38000,52000,52000
061611,南六統一01購01  ,0,0,0,0,0,0,0,0,0,52000,0,0,0,97000,45000,52000,52000
062396,華通永豐9B購01  ,0,0,0,0,0,0,0,0,0,52000,0,0,0,52000,0,52000,52000
062288,南六群益9B購01  ,0,0,0,0,0,0,0,0,0,52000,0,0,0,54000,2000,52000,52000
062259,可成元大9B購03  ,0,0,0,0,0,0,0,0,0,52000,0,0,0,77000,25000,52000,52000
061979,友達元大9C購08  ,0,0,0,0,0,0,0,0,0,52000,0,0,0,52000,0,52000,52000
063124,奇力新元大9B購05,0,0,0,0,0,0,0,0,0,52000,0,0,0,72000,20000,52000,52000
063779,華邦電永豐9B購01,0,0,0,0,0,0,0,0,0,52000,0,0,0,409000,357000,52000,52000
063522,技嘉凱基9B購03  ,0,0,0,0,0,0,0,0,0,52000,0,0,0,64000,12000,52000,52000
3034,聯詠            ,988807,730308,258499,0,0,0,10000,187000,-177000,-30000,27000,20000,7000,18000,55000,-37000,51499
3031,佰鴻            ,60000,9000,51000,0,0,0,0,0,0,0,0,0,0,0,0,0,51000
2365,昆盈            ,64000,13000,51000,0,0,0,0,0,0,0,0,0,0,0,0,0,51000
08224P,臺股指凱基9B售19,0,0,0,0,0,0,0,0,0,51000,0,0,0,60000,9000,51000,51000
06546P,聯發科元大98售05,0,0,0,0,0,0,0,0,0,51000,0,0,0,51000,0,51000,51000
053509,華新群益98購01  ,0,0,0,0,0,0,0,0,0,51000,0,0,0,51000,0,51000,51000
056444,南亞科凱基99購01,0,0,0,0,0,0,0,0,0,51000,0,0,0,71000,20000,51000,51000
056905,欣興元大98購03  ,0,0,0,0,0,0,0,0,0,51000,0,0,0,52000,1000,51000,51000
058263,大成鋼永豐99購01,0,0,0,0,0,0,0,0,0,51000,0,0,0,216000,165000,51000,51000
060028,國揚永豐99購01  ,0,0,0,0,0,0,0,0,0,51000,0,0,0,116000,65000,51000,51000
060286,佳世達元大9C購01,0,0,0,0,0,0,0,0,0,51000,0,0,0,61000,10000,51000,51000
060868,致伸永豐9A購01  ,0,0,0,0,0,0,0,0,0,51000,0,0,0,413000,362000,51000,51000
060701,玉晶光國泰9C購01,0,0,0,0,0,0,0,0,0,51000,0,0,0,51000,0,51000,51000
063379,帆宣永豐9B購01  ,0,0,0,0,0,0,0,0,0,51000,0,0,0,54000,3000,51000,51000
063364,聯發科富邦01購02,0,0,0,0,0,0,0,0,0,51000,0,0,0,61000,10000,51000,51000
063750,和鑫國票9B購01  ,0,0,0,0,0,0,0,0,0,51000,0,0,0,148000,97000,51000,51000
061994,瑞儀元大9B購01  ,0,0,0,0,0,0,0,0,0,51000,0,0,0,51000,0,51000,51000
062443,大立光元大9B購05,0,0,0,0,0,0,0,0,0,51000,0,0,0,51000,0,51000,51000
061229,緯穎中信9B購01  ,0,0,0,0,0,0,0,0,0,51000,0,0,0,94000,43000,51000,51000
061501,嘉澤國票9A購01  ,0,0,0,0,0,0,0,0,0,51000,0,0,0,51000,0,51000,51000
06619P,聯發科元大98售06,0,0,0,0,0,0,0,0,0,50000,0,0,0,565000,515000,50000,50000
063973,緯穎國票9C購01  ,0,0,0,0,0,0,0,0,0,50000,0,0,0,70000,20000,50000,50000
063955,TPK元大9C購01   ,0,0,0,0,0,0,0,0,0,50000,0,0,0,59000,9000,50000,50000
063891,國巨群益9C購07  ,0,0,0,0,0,0,0,0,0,50000,0,0,0,83000,33000,50000,50000
06972P,聯發科元大99售04,0,0,0,0,0,0,0,0,0,50000,0,0,0,50000,0,50000,50000
06900P,FBVIX國票12售01 ,0,0,0,0,0,0,0,0,0,50000,0,0,0,50000,0,50000,50000
07123P,鴻海元大99售23  ,0,0,0,0,0,0,0,0,0,50000,0,0,0,50000,0,50000,50000
07064P,臺股指元大9A售25,0,0,0,0,0,0,0,0,0,50000,0,0,0,50000,0,50000,50000
07016P,聯發科元大99售10,0,0,0,0,0,0,0,0,0,50000,0,0,0,50000,0,50000,50000
07669P,華新科元大9A售14,0,0,0,0,0,0,0,0,0,50000,0,0,0,50000,0,50000,50000
07818P,台積電國票9C售01,0,0,0,0,0,0,0,0,0,50000,0,0,0,50000,0,50000,50000
07583P,台積電富邦9B售05,0,0,0,0,0,0,0,0,0,50000,0,0,0,105000,55000,50000,50000
08140P,祥碩元大9B售07  ,0,0,0,0,0,0,0,0,0,50000,0,0,0,355000,305000,50000,50000
08084P,台表科元大9B售06,0,0,0,0,0,0,0,0,0,50000,0,0,0,50000,0,50000,50000
3416,融程電          ,52000,4000,48000,0,0,0,0,0,0,2000,2000,0,2000,0,0,0,50000
056804,T50反1統一9A購03,0,0,0,0,0,0,0,0,0,50000,0,0,0,50000,0,50000,50000
056276,同欣電國泰98購01,0,0,0,0,0,0,0,0,0,50000,0,0,0,50000,0,50000,50000
058952,南茂群益99購01  ,0,0,0,0,0,0,0,0,0,50000,0,0,0,50000,0,50000,50000
054947,興勤元大97購01  ,0,0,0,0,0,0,0,0,0,50000,0,0,0,50000,0,50000,50000
055114,新日興凱基98購01,0,0,0,0,0,0,0,0,0,50000,0,0,0,50000,0,50000,50000
055287,日電貿元大97購01,0,0,0,0,0,0,0,0,0,50000,0,0,0,50000,0,50000,50000
054821,貿聯元大9A購01  ,0,0,0,0,0,0,0,0,0,50000,0,0,0,50000,0,50000,50000
054779,台塑群益98購01  ,0,0,0,0,0,0,0,0,0,50000,0,0,0,50000,0,50000,50000
055597,禾伸堂元大98購02,0,0,0,0,0,0,0,0,0,50000,0,0,0,50000,0,50000,50000
056664,上証反中信9B購01,0,0,0,0,0,0,0,0,0,50000,0,0,0,50000,0,50000,50000
055846,大立光元大97購09,0,0,0,0,0,0,0,0,0,50000,0,0,0,50000,0,50000,50000
055878,泰碩元富97購02  ,0,0,0,0,0,0,0,0,0,50000,0,0,0,50000,0,50000,50000
055811,國巨國票98購05  ,0,0,0,0,0,0,0,0,0,50000,0,0,0,50000,0,50000,50000
056009,奇力新中信98購03,0,0,0,0,0,0,0,0,0,50000,0,0,0,50000,0,50000,50000
055336,茂林兆豐98購01  ,0,0,0,0,0,0,0,0,0,50000,0,0,0,50000,0,50000,50000
055367,台積電元大97購23,0,0,0,0,0,0,0,0,0,50000,0,0,0,50000,0,50000,50000
054523,GIS元大96購05   ,0,0,0,0,0,0,0,0,0,50000,0,0,0,50000,0,50000,50000
054648,智原群益98購01  ,0,0,0,0,0,0,0,0,0,50000,0,0,0,50000,0,50000,50000
054662,同欣電元大97購02,0,0,0,0,0,0,0,0,0,50000,0,0,0,50000,0,50000,50000
053373,台泥元大96購01  ,0,0,0,0,0,0,0,0,0,50000,0,0,0,50000,0,50000,50000
054429,中石化台新97購01,0,0,0,0,0,0,0,0,0,50000,0,0,0,50000,0,50000,50000
054432,台積電台新96購05,0,0,0,0,0,0,0,0,0,50000,0,0,0,50000,0,50000,50000
053721,國泰金凱基97購01,0,0,0,0,0,0,0,0,0,50000,0,0,0,50000,0,50000,50000
052626,上証2X中信9A購01,0,0,0,0,0,0,0,0,0,50000,0,0,0,50000,0,50000,50000
051600,新日興兆豐96購02,0,0,0,0,0,0,0,0,0,50000,0,0,0,50000,0,50000,50000
047675,群創元富96購03  ,0,0,0,0,0,0,0,0,0,50000,0,0,0,50000,0,50000,50000
046906,新光金凱基99購02,0,0,0,0,0,0,0,0,0,50000,0,0,0,100000,50000,50000,50000
051078,力山富邦97購01  ,0,0,0,0,0,0,0,0,0,50000,0,0,0,50000,0,50000,50000
049442,滬深2X統一99購01,0,0,0,0,0,0,0,0,0,50000,0,0,0,50000,0,50000,50000
054166,日電貿凱基98購01,0,0,0,0,0,0,0,0,0,50000,0,0,0,50000,0,50000,50000
052849,可成統一97購01  ,0,0,0,0,0,0,0,0,0,50000,0,0,0,50000,0,50000,50000
052807,貿聯元大98購01  ,0,0,0,0,0,0,0,0,0,50000,0,0,0,50000,0,50000,50000
057635,中鋼元大98購01  ,0,0,0,0,0,0,0,0,0,50000,0,0,0,50000,0,50000,50000
057647,欣興元大98購10  ,0,0,0,0,0,0,0,0,0,50000,0,0,0,53000,3000,50000,50000
057659,台表科兆豐98購01,0,0,0,0,0,0,0,0,0,50000,0,0,0,50000,0,50000,50000
058503,鴻海元大99購14  ,0,0,0,0,0,0,0,0,0,50000,0,0,0,83000,33000,50000,50000
060794,景碩永豐9A購02  ,0,0,0,0,0,0,0,0,0,50000,0,0,0,98000,48000,50000,50000
060885,世紀鋼中信9A購01,0,0,0,0,0,0,0,0,0,50000,0,0,0,50000,0,50000,50000
061117,美律國泰9C購01  ,0,0,0,0,0,0,0,0,0,50000,0,0,0,50000,0,50000,50000
058774,台郡兆豐9A購01  ,0,0,0,0,0,0,0,0,0,50000,0,0,0,70000,20000,50000,50000
058806,道瓊銀統一9B購01,0,0,0,0,0,0,0,0,0,50000,0,0,0,50000,0,50000,50000
058729,國巨永豐99購03  ,0,0,0,0,0,0,0,0,0,50000,0,0,0,50000,0,50000,50000
058670,鴻海群益9A購03  ,0,0,0,0,0,0,0,0,0,50000,0,0,0,80000,30000,50000,50000
057512,華邦電台新98購01,0,0,0,0,0,0,0,0,0,50000,0,0,0,190000,140000,50000,50000
059691,大立光永豐99購02,0,0,0,0,0,0,0,0,0,50000,0,0,0,60000,10000,50000,50000
060381,元黃金凱基9A購01,0,0,0,0,0,0,0,0,0,50000,0,0,0,50000,0,50000,50000
060339,國巨統一01購01  ,0,0,0,0,0,0,0,0,0,50000,0,0,0,50000,0,50000,50000
05995P,T50正2中信9C售01,0,0,0,0,0,0,0,0,0,50000,0,0,0,210000,160000,50000,50000
057420,美食凱基98購01  ,0,0,0,0,0,0,0,0,0,50000,0,0,0,50000,0,50000,50000
057409,台虹群益98購02  ,0,0,0,0,0,0,0,0,0,50000,0,0,0,50000,0,50000,50000
060499,鴻海元大9A購11  ,0,0,0,0,0,0,0,0,0,50000,0,0,0,75000,25000,50000,50000
058264,瑞昱永豐99購01  ,0,0,0,0,0,0,0,0,0,50000,0,0,0,50000,0,50000,50000
058299,同欣電凱基9A購01,0,0,0,0,0,0,0,0,0,50000,0,0,0,50000,0,50000,50000
058017,漢唐凱基99購01  ,0,0,0,0,0,0,0,0,0,50000,0,0,0,50000,0,50000,50000
058596,旺宏台新99購01  ,0,0,0,0,0,0,0,0,0,50000,0,0,0,50000,0,50000,50000
058544,FBVIX富邦9B購01 ,0,0,0,0,0,0,0,0,0,50000,0,0,0,55000,5000,50000,50000
059043,聯電日盛99購01  ,0,0,0,0,0,0,0,0,0,50000,0,0,0,59000,9000,50000,50000
057865,富邦金凱基98購01,0,0,0,0,0,0,0,0,0,50000,0,0,0,94000,44000,50000,50000
057492,大立光元大98購18,0,0,0,0,0,0,0,0,0,50000,0,0,0,50000,0,50000,50000
061188,大成鋼富邦9B購01,0,0,0,0,0,0,0,0,0,50000,0,0,0,883000,833000,50000,50000
061829,T50反1凱基9C購02,0,0,0,0,0,0,0,0,0,50000,0,0,0,50000,0,50000,50000
061932,上銀國票9B購01  ,0,0,0,0,0,0,0,0,0,50000,0,0,0,50000,0,50000,50000
062179,旺宏元大9B購05  ,0,0,0,0,0,0,0,0,0,50000,0,0,0,50000,0,50000,50000
06216P,上銀元富97售03  ,0,0,0,0,0,0,0,0,0,50000,0,0,0,100000,50000,50000,50000
062252,華邦電元大9C購01,0,0,0,0,0,0,0,0,0,50000,0,0,0,137000,87000,50000,50000
062080,奇力新元大9B購02,0,0,0,0,0,0,0,0,0,50000,0,0,0,50000,0,50000,50000
063834,滬深2X元大01購03,0,0,0,0,0,0,0,0,0,50000,0,0,0,50000,0,50000,50000
063641,泰鼎元大9B購04  ,0,0,0,0,0,0,0,0,0,50000,0,0,0,50000,0,50000,50000
06338P,亞德客統一97售02,0,0,0,0,0,0,0,0,0,50000,0,0,0,72000,22000,50000,50000
063392,聯電群益9B購02  ,0,0,0,0,0,0,0,0,0,50000,0,0,0,50000,0,50000,50000
063247,信邦元大9B購02  ,0,0,0,0,0,0,0,0,0,50000,0,0,0,50000,0,50000,50000
063115,台積電麥證9B購02,0,0,0,60000,10000,50000,0,0,0,50000,0,0,0,60000,10000,50000,50000
062776,鴻海元大9B購03  ,0,0,0,0,0,0,0,0,0,50000,0,0,0,51000,1000,50000,50000
062872,華通兆豐9C購01  ,0,0,0,0,0,0,0,0,0,50000,0,0,0,50000,0,50000,50000
4532,瑞智            ,95000,46000,49000,0,0,0,0,0,0,0,0,0,0,0,0,0,49000
07989P,玉晶光凱基9B售07,0,0,0,0,0,0,0,0,0,49000,0,0,0,59000,10000,49000,49000
1339,昭輝            ,77000,28000,49000,0,0,0,0,0,0,0,0,0,0,0,0,0,49000
1786,科妍            ,66000,16000,50000,0,0,0,0,0,0,-1000,0,1000,-1000,0,0,0,49000
07424P,大立光元大9B售01,0,0,0,0,0,0,0,0,0,49000,0,0,0,55000,6000,49000,49000
053705,滬深2X凱基99購01,0,0,0,0,0,0,0,0,0,49000,0,0,0,49000,0,49000,49000
057114,台虹群益98購01  ,0,0,0,0,0,0,0,0,0,49000,0,0,0,49000,0,49000,49000
054965,健策元大98購04  ,0,0,0,0,0,0,0,0,0,49000,0,0,0,49000,0,49000,49000
057281,大立光元大98購16,0,0,0,0,0,0,0,0,0,49000,0,0,0,49000,0,49000,49000
057494,玉晶光元大99購09,0,0,0,0,0,0,0,0,0,49000,0,0,0,65000,16000,49000,49000
057802,卜蜂元大98購01  ,0,0,0,0,0,0,0,0,0,49000,0,0,0,78000,29000,49000,49000
058585,S&P正2中信9B購02,0,0,0,0,0,0,0,0,0,49000,0,0,0,50000,1000,49000,49000
060327,美律群益9A購02  ,0,0,0,0,0,0,0,0,0,49000,0,0,0,186000,137000,49000,49000
059438,群創元大99購06  ,0,0,0,0,0,0,0,0,0,49000,0,0,0,54000,5000,49000,49000
059461,鈺齊永豐99購03  ,0,0,0,0,0,0,0,0,0,49000,0,0,0,81000,32000,49000,49000
060995,泰鼎元大9A購03  ,0,0,0,0,0,0,0,0,0,49000,0,0,0,59000,10000,49000,49000
058410,國巨兆豐99購03  ,0,0,0,0,0,0,0,0,0,49000,0,0,0,221000,172000,49000,49000
062703,可成元大9C購02  ,0,0,0,0,0,0,0,0,0,49000,0,0,0,66000,17000,49000,49000
063726,鴻海元大9B購04  ,0,0,0,0,0,0,0,0,0,49000,0,0,0,72000,23000,49000,49000
062183,奇鋐元大9B購01  ,0,0,0,0,0,0,0,0,0,49000,0,0,0,159000,110000,49000,49000
062394,大立光富邦02購01,0,0,0,0,0,0,0,0,0,49000,0,0,0,49000,0,49000,49000
06168P,台表科國票97售06,0,0,0,0,0,0,0,0,0,49000,0,0,0,164000,115000,49000,49000
061269,嘉澤凱基9A購01  ,0,0,0,0,0,0,0,0,0,49000,0,0,0,50000,1000,49000,49000
063949,大立光元大9C購10,0,0,0,0,0,0,0,0,0,48000,0,0,0,64000,16000,48000,48000
08003P,國巨國泰9B售07  ,0,0,0,0,0,0,0,0,0,48000,0,0,0,48000,0,48000,48000
057275,友達元大9A購04  ,0,0,0,0,0,0,0,0,0,48000,0,0,0,48000,0,48000,48000
057312,美律麥證98購01  ,0,0,0,50000,2000,48000,0,0,0,48000,0,0,0,50000,2000,48000,48000
058116,正崴中信99購02  ,0,0,0,0,0,0,0,0,0,48000,0,0,0,48000,0,48000,48000
055962,晶豪科元大97購02,0,0,0,0,0,0,0,0,0,48000,0,0,0,98000,50000,48000,48000
051728,道瓊反國票97購01,0,0,0,0,0,0,0,0,0,48000,0,0,0,201000,153000,48000,48000
057670,欣興元大99購02  ,0,0,0,0,0,0,0,0,0,48000,0,0,0,55000,7000,48000,48000
061082,台光電兆豐9A購01,0,0,0,0,0,0,0,0,0,48000,0,0,0,48000,0,48000,48000
060241,國泰金元大9A購01,0,0,0,0,0,0,0,0,0,48000,0,0,0,119000,71000,48000,48000
057737,國巨富邦99購02  ,0,0,0,0,0,0,0,0,0,48000,0,0,0,54000,6000,48000,48000
062414,臻鼎中信01購01  ,0,0,0,0,0,0,0,0,0,48000,0,0,0,51000,3000,48000,48000
062005,旺宏國泰01購01  ,0,0,0,0,0,0,0,0,0,48000,0,0,0,50000,2000,48000,48000
063549,國巨國票9C購05  ,0,0,0,0,0,0,0,0,0,48000,0,0,0,64000,16000,48000,48000
062736,漢唐國票9B購01  ,0,0,0,0,0,0,0,0,0,48000,0,0,0,54000,6000,48000,48000
062659,台灣50群益9B購10,0,0,0,0,0,0,0,0,0,48000,0,0,0,48000,0,48000,48000
062775,大成鋼元大9B購02,0,0,0,0,0,0,0,0,0,48000,0,0,0,392000,344000,48000,48000
062989,鴻海群益9B購07  ,0,0,0,0,0,0,0,0,0,48000,0,0,0,214000,166000,48000,48000
8131,福懋科          ,145000,96000,49000,0,0,0,0,0,0,-1000,0,0,0,0,1000,-1000,48000
2327,國巨            ,1618094,1489396,128698,0,0,0,0,80000,-80000,-1000,55000,158000,-103000,161000,59000,102000,47698
08234P,華擎元富9B售03  ,0,0,0,0,0,0,0,0,0,47000,0,0,0,87000,40000,47000,47000
07780P,美律凱基9A售02  ,0,0,0,0,0,0,0,0,0,47000,0,0,0,47000,0,47000,47000
057092,健策元富98購01  ,0,0,0,0,0,0,0,0,0,47000,0,0,0,155000,108000,47000,47000
056599,臻鼎元富98購01  ,0,0,0,0,0,0,0,0,0,47000,0,0,0,288000,241000,47000,47000
056327,樺漢兆豐98購01  ,0,0,0,0,0,0,0,0,0,47000,0,0,0,47000,0,47000,47000
057792,群創統一99購01  ,0,0,0,0,0,0,0,0,0,47000,0,0,0,450000,403000,47000,47000
061007,聯詠兆豐9A購01  ,0,0,0,0,0,0,0,0,0,47000,0,0,0,57000,10000,47000,47000
059366,台積電台新99購04,0,0,0,0,0,0,0,0,0,47000,0,0,0,47000,0,47000,47000
059631,京元電凱基99購02,0,0,0,0,0,0,0,0,0,47000,0,0,0,140000,93000,47000,47000
063231,台泥元大9B購01  ,0,0,0,0,0,0,0,0,0,47000,0,0,0,110000,63000,47000,47000
07997P,上銀凱基9B售04  ,0,0,0,0,0,0,0,0,0,46000,0,0,0,246000,200000,46000,46000
2480,敦陽科          ,140000,127000,13000,0,0,0,0,0,0,33000,63000,30000,33000,0,0,0,46000
2615,萬海            ,271000,224000,47000,0,0,0,1000,2000,-1000,0,0,0,0,0,0,0,46000
057278,可成元大98購06  ,0,0,0,0,0,0,0,0,0,46000,0,0,0,103000,57000,46000,46000
055692,緯穎凱基97購03  ,0,0,0,0,0,0,0,0,0,46000,0,0,0,59000,13000,46000,46000
053888,和大群益97購01  ,0,0,0,0,0,0,0,0,0,46000,0,0,0,46000,0,46000,46000
053487,台泥兆豐97購01  ,0,0,0,0,0,0,0,0,0,46000,0,0,0,46000,0,46000,46000
020000,富邦特選蘋果N   ,0,0,0,0,0,0,0,0,0,46000,0,0,0,46000,0,46000,46000
058375,群創凱基9B購04  ,0,0,0,0,0,0,0,0,0,46000,0,0,0,64000,18000,46000,46000
060755,鴻海元大9A購15  ,0,0,0,0,0,0,0,0,0,46000,0,0,0,66000,20000,46000,46000
057881,SP黃豆群益9A購01,0,0,0,0,0,0,0,0,0,46000,0,0,0,46000,0,46000,46000
058080,台積電群益98購06,0,0,0,0,0,0,0,0,0,46000,0,0,0,85000,39000,46000,46000
060314,元翎永豐9A購01  ,0,0,0,0,0,0,0,0,0,46000,0,0,0,51000,5000,46000,46000
060120,聯電富邦9B購01  ,0,0,0,0,0,0,0,0,0,46000,0,0,0,46000,0,46000,46000
060626,貿聯元大9A購04  ,0,0,0,0,0,0,0,0,0,46000,0,0,0,71000,25000,46000,46000
062902,智邦元大9B購07  ,0,0,0,0,0,0,0,0,0,46000,0,0,0,80000,34000,46000,46000
063815,玉晶光群益02購01,0,0,0,0,0,0,0,0,0,46000,0,0,0,61000,15000,46000,46000
062286,台郡群益9B購01  ,0,10000,-10000,0,0,0,0,0,0,56000,0,0,0,56000,0,56000,46000
061648,緯穎元大9A購04  ,0,0,0,0,0,0,0,0,0,46000,0,0,0,50000,4000,46000,46000
8462,柏文            ,70000,22000,48000,0,0,0,0,0,0,-2000,0,0,0,1000,3000,-2000,46000
3338,泰碩            ,197000,142000,55000,0,0,0,0,0,0,-10000,14000,1000,13000,14000,37000,-23000,45000
6235,華孚            ,113000,68000,45000,0,0,0,0,0,0,0,0,0,0,0,0,0,45000
07580P,緯穎元大9A售03  ,0,0,0,0,0,0,0,0,0,45000,0,0,0,45000,0,45000,45000
07147P,高鐵元大99售01  ,0,0,0,0,0,0,0,0,0,45000,0,0,0,45000,0,45000,45000
06683P,訊芯元大98售07  ,0,0,0,0,0,0,0,0,0,45000,0,0,0,111000,66000,45000,45000
054317,昇陽半凱基98購01,0,0,0,0,0,0,0,0,0,45000,0,0,0,45000,0,45000,45000
053506,南茂兆豐97購01  ,0,0,0,0,0,0,0,0,0,45000,0,0,0,45000,0,45000,45000
054585,禾伸堂國泰99購01,0,0,0,0,0,0,0,0,0,45000,0,0,0,55000,10000,45000,45000
055393,華新科統一97購03,0,0,0,0,0,0,0,0,0,45000,0,0,0,45000,0,45000,45000
055160,玉晶光元大99購03,0,0,0,0,0,0,0,0,0,45000,0,0,0,45000,0,45000,45000
056741,大立光凱基98購14,0,0,0,0,0,0,0,0,0,45000,0,0,0,45000,0,45000,45000
056709,華通永豐98購01  ,0,0,0,0,0,0,0,0,0,45000,0,0,0,50000,5000,45000,45000
060034,立積永豐99購04  ,0,0,0,0,0,0,0,0,0,45000,0,0,0,97000,52000,45000,45000
058521,日月光元大99購01,0,0,0,0,0,0,0,0,0,45000,0,0,0,68000,23000,45000,45000
057658,玉晶光兆豐99購02,0,0,0,0,0,0,0,0,0,45000,0,0,0,60000,15000,45000,45000
058339,康友元富99購02  ,0,0,0,0,0,0,0,0,0,45000,0,0,0,45000,0,45000,45000
059626,台積電凱基01購01,0,0,0,0,0,0,0,0,0,45000,0,0,0,60000,15000,45000,45000
058631,鈺齊國票9A購01  ,0,0,0,0,0,0,0,0,0,45000,0,0,0,65000,20000,45000,45000
059224,大立光元大99購15,0,0,0,0,0,0,0,0,0,45000,0,0,0,45000,0,45000,45000
059210,鴻海元大99購26  ,0,0,0,0,0,0,0,0,0,45000,0,0,0,82000,37000,45000,45000
061275,臺股指凱基9A購25,0,0,0,0,0,0,0,0,0,45000,0,0,0,115000,70000,45000,45000
061470,鈺齊群益9A購02  ,0,0,0,0,0,0,0,0,0,45000,0,0,0,166000,121000,45000,45000
061354,瑞儀元大9A購01  ,0,0,0,0,0,0,0,0,0,45000,0,0,0,50000,5000,45000,45000
062514,玉晶光國票9C購02,0,45000,-45000,0,0,0,0,0,0,90000,0,0,0,168000,78000,90000,45000
062228,南六統一02購01  ,0,0,0,0,0,0,0,0,0,45000,0,0,0,79000,34000,45000,45000
063493,金像電富邦01購01,0,0,0,0,0,0,0,0,0,45000,0,0,0,255000,210000,45000,45000
062639,臻鼎國票9C購01  ,0,0,0,0,0,0,0,0,0,45000,0,0,0,96000,51000,45000,45000
062968,仁寶元富9B購01  ,0,0,0,0,0,0,0,0,0,45000,0,0,0,195000,150000,45000,45000
08320P,智邦統一9C售02  ,0,0,0,0,0,0,0,0,0,44000,0,0,0,80000,36000,44000,44000
055586,旺宏元大98購06  ,0,0,0,0,0,0,0,0,0,44000,0,0,0,106000,62000,44000,44000
056128,和大中信99購01  ,0,0,0,0,0,0,0,0,0,44000,0,0,0,60000,16000,44000,44000
056168,鴻海元富97購07  ,0,0,0,0,0,0,0,0,0,44000,0,0,0,44000,0,44000,44000
056434,國巨凱基98購03  ,0,0,0,0,0,0,0,0,0,44000,0,0,0,96000,52000,44000,44000
050099,台積電永昌96購01,0,0,0,0,0,0,0,0,0,44000,0,0,0,47000,3000,44000,44000
059215,台積電元大99購28,0,0,0,0,0,0,0,0,0,44000,0,0,0,97000,53000,44000,44000
059431,旺宏元大99購14  ,0,0,0,0,0,0,0,0,0,44000,0,0,0,50000,6000,44000,44000
059876,智易凱基99購02  ,0,0,0,0,0,0,0,0,0,44000,0,0,0,44000,0,44000,44000
061144,玉晶光中信9B購02,0,0,0,0,0,0,0,0,0,44000,0,0,0,116000,72000,44000,44000
058322,玉晶光永豐99購02,0,0,0,0,0,0,0,0,0,44000,0,0,0,44000,0,44000,44000
060238,強茂元大9C購01  ,0,0,0,0,0,0,0,0,0,44000,0,0,0,51000,7000,44000,44000
060514,南電元大9A購02  ,0,0,0,0,0,0,0,0,0,44000,0,0,0,99000,55000,44000,44000
063042,同欣電凱基9C購01,0,0,0,0,0,0,0,0,0,44000,0,0,0,124000,80000,44000,44000
063199,台積電統一01購07,0,0,0,0,0,0,0,0,0,44000,0,0,0,124000,80000,44000,44000
063463,瑞昱元大9B購05  ,0,0,0,0,0,0,0,0,0,44000,0,0,0,90000,46000,44000,44000
061928,群創凱基9B購06  ,0,0,0,0,0,0,0,0,0,44000,0,0,0,64000,20000,44000,44000
062487,中興電永豐9B購01,0,0,0,0,0,0,0,0,0,44000,0,0,0,44000,0,44000,44000
062399,神基永豐9B購01  ,0,0,0,0,0,0,0,0,0,44000,0,0,0,44000,0,44000,44000
06155P,智邦統一97售02  ,0,0,0,0,0,0,0,0,0,44000,0,0,0,44000,0,44000,44000
1417,嘉裕            ,92000,49000,43000,0,0,0,0,0,0,0,0,0,0,0,0,0,43000
08484P,台灣50中信96售01,0,0,0,0,0,0,0,0,0,43000,0,0,0,43000,0,43000,43000
06581P,南亞科凱基98售04,0,0,0,0,0,0,0,0,0,43000,0,0,0,50000,7000,43000,43000
07033P,大立光統一9B售03,0,0,0,0,0,0,0,0,0,43000,0,0,0,50000,7000,43000,43000
00690,兆豐藍籌30      ,0,0,0,0,0,0,0,0,0,43000,0,0,0,199000,156000,43000,43000
054680,華新科康和97購02,0,0,0,0,0,0,0,0,0,43000,0,0,0,43000,0,43000,43000
053276,友達元大9C購01  ,0,0,0,0,0,0,0,0,0,43000,0,0,0,130000,87000,43000,43000
056068,欣興元大97購05  ,0,0,0,0,0,0,0,0,0,43000,0,0,0,100000,57000,43000,43000
055817,京鼎國票99購01  ,0,0,0,0,0,0,0,0,0,43000,0,0,0,43000,0,43000,43000
055839,瑞昱元大97購04  ,0,0,0,0,0,0,0,0,0,43000,0,0,0,48000,5000,43000,43000
055834,國巨元大97購13  ,0,0,0,0,0,0,0,0,0,43000,0,0,0,46000,3000,43000,43000
057985,華通元富02購03  ,0,0,0,0,0,0,0,0,0,43000,0,0,0,45000,2000,43000,43000
057964,緯穎元大99購03  ,0,0,0,0,0,0,0,0,0,43000,0,0,0,65000,22000,43000,43000
061038,TPK永豐9A購01   ,0,0,0,0,0,0,0,0,0,43000,0,0,0,43000,0,43000,43000
060816,世紀鋼凱基9C購02,0,0,0,0,0,0,0,0,0,43000,0,0,0,245000,202000,43000,43000
060768,鴻海麥證9A購02  ,0,0,0,53000,10000,43000,0,0,0,43000,0,0,0,53000,10000,43000,43000
059694,創意永豐99購03  ,0,0,0,0,0,0,0,0,0,43000,0,0,0,85000,42000,43000,43000
059263,瑞昱中信01購01  ,0,0,0,0,0,0,0,0,0,43000,0,0,0,54000,11000,43000,43000
058780,牧德國票9A購01  ,0,0,0,0,0,0,0,0,0,43000,0,0,0,115000,72000,43000,43000
061900,志超永豐9B購01  ,0,0,0,0,0,0,0,0,0,43000,0,0,0,337000,294000,43000,43000
07517P,台積電元大9A售17,0,0,0,0,0,0,0,0,0,42000,0,0,0,50000,8000,42000,42000
06436P,台光電國票98售04,0,0,0,0,0,0,0,0,0,42000,0,0,0,95000,53000,42000,42000
064084,群創中信06購02  ,0,0,0,0,0,0,0,0,0,42000,0,0,0,43000,1000,42000,42000
1440,南紡            ,612000,568000,44000,0,0,0,0,0,0,-2000,0,2000,-2000,0,0,0,42000
1731,美吾華          ,123000,81000,42000,0,0,0,0,0,0,0,0,0,0,0,0,0,42000
1810,和成            ,42000,0,42000,0,0,0,0,0,0,0,0,0,0,0,0,0,42000
08143P,聯發科凱基9C售05,0,0,0,0,0,0,0,0,0,42000,0,0,0,42000,0,42000,42000
08145P,台灣50群益9B售11,0,0,0,0,0,0,0,0,0,42000,0,0,0,42000,0,42000,42000
3035,智原            ,885000,640000,245000,0,0,0,0,0,0,-203000,0,50000,-50000,21000,174000,-153000,42000
2536,宏普            ,104000,62000,42000,0,0,0,0,0,0,0,0,0,0,0,0,0,42000
055136,聯發科富邦99購06,0,0,0,0,0,0,0,0,0,42000,0,0,0,46000,4000,42000,42000
055216,友達凱基98購05  ,0,0,0,0,0,0,0,0,0,42000,0,0,0,42000,0,42000,42000
057263,可成兆豐99購01  ,0,0,0,0,0,0,0,0,0,42000,0,0,0,42000,0,42000,42000
054665,華通元富97購02  ,0,0,0,0,0,0,0,0,0,42000,0,0,0,42000,0,42000,42000
055505,新唐元大97購02  ,0,0,0,0,0,0,0,0,0,42000,0,0,0,162000,120000,42000,42000
00700,富邦恒生國企    ,0,0,0,0,0,0,0,0,0,42000,0,0,0,112000,70000,42000,42000
052945,嘉晶國票97購01  ,0,0,0,0,0,0,0,0,0,42000,0,0,0,42000,0,42000,42000
061054,台積電群益9A購04,0,0,0,0,0,0,0,0,0,42000,0,0,0,72000,30000,42000,42000
058614,台郡元大9A購01  ,0,0,0,0,0,0,0,0,0,42000,0,0,0,201000,159000,42000,42000
057901,大立光永豐98購04,0,0,0,0,0,0,0,0,0,42000,0,0,0,43000,1000,42000,42000
057847,聯茂永豐98購01  ,0,0,0,0,0,0,0,0,0,42000,0,0,0,42000,0,42000,42000
060420,神基永豐9A購01  ,0,0,0,0,0,0,0,0,0,42000,0,0,0,47000,5000,42000,42000
061997,台郡元大9B購03  ,0,0,0,0,0,0,0,0,0,42000,0,0,0,54000,12000,42000,42000
062159,聯詠凱基9B購01  ,0,0,0,0,0,0,0,0,0,42000,0,0,0,42000,0,42000,42000
061826,台郡麥證9B購01  ,0,0,0,62000,20000,42000,0,0,0,42000,0,0,0,62000,20000,42000,42000
061788,信邦群益9B購01  ,0,0,0,0,0,0,0,0,0,42000,0,0,0,42000,0,42000,42000
063465,友達元大9C購10  ,0,0,0,0,0,0,0,0,0,42000,0,0,0,69000,27000,42000,42000
063374,嘉澤永豐9B購04  ,0,0,0,0,0,0,0,0,0,42000,0,0,0,217000,175000,42000,42000
063350,台表科統一02購02,0,0,0,0,0,0,0,0,0,42000,0,0,0,141000,99000,42000,42000
063846,智邦元大9C購01  ,0,0,0,0,0,0,0,0,0,42000,0,0,0,139000,97000,42000,42000
062601,富邦金台新9B購01,0,0,0,0,0,0,0,0,0,42000,0,0,0,125000,83000,42000,42000
062880,大立光兆豐9B購02,0,0,0,0,0,0,0,0,0,42000,0,0,0,80000,38000,42000,42000
2545,皇翔            ,72000,31000,41000,0,0,0,0,0,0,0,0,0,0,0,0,0,41000
5007,三星            ,41000,0,41000,0,0,0,0,0,0,0,0,0,0,0,0,0,41000
3530,晶相光          ,137000,99000,38000,0,0,0,0,0,0,3000,0,0,0,3000,0,3000,41000
08308P,聯發科凱基01售03,0,0,0,0,0,0,0,0,0,41000,0,0,0,41000,0,41000,41000
08223P,臺股指凱基9B售18,0,0,0,0,0,0,0,0,0,41000,0,0,0,41000,0,41000,41000
058901,美律元大99購07  ,0,0,0,0,0,0,0,0,0,41000,0,0,0,132000,91000,41000,41000
056288,健鼎永豐97購01  ,0,0,0,0,0,0,0,0,0,41000,0,0,0,41000,0,41000,41000
055255,欣興統一97購02  ,0,0,0,0,0,0,0,0,0,41000,0,0,0,41000,0,41000,41000
060386,台勝科凱基9B購01,0,0,0,0,0,0,0,0,0,41000,0,0,0,41000,0,41000,41000
058986,華新科凱基9A購03,0,0,0,0,0,0,0,0,0,41000,0,0,0,41000,0,41000,41000
060985,聯發科元大9A購06,0,0,0,0,0,0,0,0,0,41000,0,0,0,41000,0,41000,41000
058516,健鼎元大99購02  ,0,0,0,0,0,0,0,0,0,41000,0,0,0,47000,6000,41000,41000
062916,智易元大9B購01  ,0,0,0,0,0,0,0,0,0,41000,0,0,0,110000,69000,41000,41000
062676,南六台新9B購01  ,0,0,0,0,0,0,0,0,0,41000,0,0,0,43000,2000,41000,41000
08349P,南六元大9C售03  ,0,0,0,0,0,0,0,0,0,40000,0,0,0,40000,0,40000,40000
6558,興能高          ,132000,92000,40000,0,0,0,0,0,0,0,0,0,0,0,0,0,40000
063965,漢唐國票01購01  ,0,0,0,0,0,0,0,0,0,40000,0,0,0,40000,0,40000,40000
063918,復盛凱基9C購01  ,0,0,0,0,0,0,0,0,0,40000,0,0,0,90000,50000,40000,40000
06532P,友達元富98售04  ,0,0,0,0,0,0,0,0,0,40000,0,0,0,40000,0,40000,40000
06487P,聯發科統一99售02,0,0,0,0,0,0,0,0,0,40000,0,0,0,220000,180000,40000,40000
06693P,臺股指凱基98售01,0,0,0,0,0,0,0,0,0,40000,0,0,0,80000,40000,40000,40000
07874P,長榮航群益9B售01,0,0,0,0,0,0,0,0,0,40000,0,0,0,45000,5000,40000,40000
07714P,世紀鋼元大9A售03,0,0,0,0,0,0,0,0,0,40000,0,0,0,40000,0,40000,40000
07120P,聯發科凱基99售09,0,0,0,0,0,0,0,0,0,40000,0,0,0,40000,0,40000,40000
07210P,智邦凱基99售03  ,0,0,0,0,0,0,0,0,0,40000,0,0,0,40000,0,40000,40000
06991P,矽創群益99售01  ,0,0,0,0,0,0,0,0,0,40000,0,0,0,40000,0,40000,40000
055249,大毅統一99購01  ,0,0,0,0,0,0,0,0,0,40000,0,0,0,50000,10000,40000,40000
054877,百和群益98購01  ,0,0,0,0,0,0,0,0,0,40000,0,0,0,40000,0,40000,40000
055644,致茂元富97購01  ,0,0,0,0,0,0,0,0,0,40000,0,0,0,40000,0,40000,40000
056560,旺宏群益98購03  ,0,0,0,0,0,0,0,0,0,40000,0,0,0,50000,10000,40000,40000
054749,聯茂凱基98購01  ,0,0,0,0,0,0,0,0,0,40000,0,0,0,40000,0,40000,40000
054831,緯穎國泰98購01  ,0,0,0,0,0,0,0,0,0,40000,0,0,0,40000,0,40000,40000
054846,瑞昱兆豐97購01  ,0,0,0,0,0,0,0,0,0,40000,0,0,0,40000,0,40000,40000
056160,智易凱基97購03  ,0,0,0,0,0,0,0,0,0,40000,0,0,0,40000,0,40000,40000
056253,京鼎兆豐98購01  ,0,0,0,0,0,0,0,0,0,40000,0,0,0,40000,0,40000,40000
056332,台郡國票99購01  ,0,0,0,0,0,0,0,0,0,40000,0,0,0,40000,0,40000,40000
057006,國巨中信98購03  ,0,0,0,0,0,0,0,0,0,40000,0,0,0,40000,0,40000,40000
058156,超眾統一9A購02  ,0,0,0,0,0,0,0,0,0,40000,0,0,0,50000,10000,40000,40000
053033,智易兆豐97購01  ,0,0,0,0,0,0,0,0,0,40000,0,0,0,40000,0,40000,40000
054160,華泰凱基98購01  ,0,0,0,0,0,0,0,0,0,40000,0,0,0,40000,0,40000,40000
049670,鈺齊國泰96購01  ,0,0,0,0,0,0,0,0,0,40000,0,0,0,40000,0,40000,40000
050801,元金2X群益98購01,0,0,0,0,0,0,0,0,0,40000,0,0,0,40000,0,40000,40000
053983,樺漢元大97購02  ,0,0,0,0,0,0,0,0,0,40000,0,0,0,40000,0,40000,40000
04854P,鴻海國泰96售04  ,0,0,0,0,0,0,0,0,0,40000,0,0,0,130000,90000,40000,40000
055568,緯穎凱基97購02  ,0,0,0,0,0,0,0,0,0,40000,0,0,0,40000,0,40000,40000
053292,美律中信98購01  ,0,0,0,0,0,0,0,0,0,40000,0,0,0,40000,0,40000,40000
054449,中環第一96購01  ,0,0,0,0,0,0,0,0,0,40000,0,0,0,127000,87000,40000,40000
054400,健策永豐96購02  ,0,0,0,0,0,0,0,0,0,40000,0,0,0,40000,0,40000,40000
052463,聯電統一96購01  ,0,0,0,0,0,0,0,0,0,40000,0,0,0,40000,0,40000,40000
053744,台郡國票97購03  ,0,0,0,0,0,0,0,0,0,40000,0,0,0,40000,0,40000,40000
059160,華通凱基99購03  ,0,0,0,0,0,0,0,0,0,40000,0,0,0,40000,0,40000,40000
059177,臺股指凱基99購28,0,0,0,0,0,0,0,0,0,40000,0,0,0,40000,0,40000,40000
060745,京元電國票9A購01,0,0,0,0,0,0,0,0,0,40000,0,0,0,40000,0,40000,40000
06067P,華新科康和97售01,0,0,0,0,0,0,0,0,0,40000,0,0,0,190000,150000,40000,40000
058462,台積電兆豐99購01,0,0,0,0,0,0,0,0,0,40000,0,0,0,40000,0,40000,40000
058663,瑞儀兆豐9A購01  ,0,0,0,0,0,0,0,0,0,40000,0,0,0,40000,0,40000,40000
059278,群創元大9A購04  ,0,0,0,0,0,0,0,0,0,40000,0,0,0,152000,112000,40000,40000
059061,晶技凱基9A購01  ,0,0,0,0,0,0,0,0,0,40000,0,0,0,100000,60000,40000,40000
059044,聯電日盛99購02  ,0,0,0,0,0,0,0,0,0,40000,0,0,0,50000,10000,40000,40000
057789,上銀統一9A購01  ,0,0,0,0,0,0,0,0,0,40000,0,0,0,40000,0,40000,40000
060352,滬深2X元富9A購02,0,0,0,0,0,0,0,0,0,40000,0,0,0,40000,0,40000,40000
060087,鴻海元大99購43  ,0,0,0,0,0,0,0,0,0,40000,0,0,0,50000,10000,40000,40000
060464,台積電元大9A購11,0,0,0,0,0,0,0,0,0,40000,0,0,0,41000,1000,40000,40000
057407,超眾群益99購01  ,0,0,0,0,0,0,0,0,0,40000,0,0,0,40000,0,40000,40000
057389,玉晶光永豐98購06,0,0,0,0,0,0,0,0,0,40000,0,0,0,51000,11000,40000,40000
058201,華通凱基9A購01  ,0,0,0,0,0,0,0,0,0,40000,0,0,0,40000,0,40000,40000
060552,群創凱基9B購05  ,0,0,0,0,0,0,0,0,0,40000,0,0,0,54000,14000,40000,40000
062625,華通國票9B購02  ,0,0,0,0,0,0,0,0,0,40000,0,0,0,40000,0,40000,40000
062779,台積電元大9B購03,0,0,0,0,0,0,0,0,0,40000,0,0,0,67000,27000,40000,40000
063122,聯發科元大9B購15,0,0,0,0,0,0,0,0,0,40000,0,0,0,52000,12000,40000,40000
063712,高鐵凱基9C購01  ,0,0,0,0,0,0,0,0,0,40000,0,0,0,60000,20000,40000,40000
063657,茂林元富9B購04  ,0,0,0,0,0,0,0,0,0,40000,0,0,0,173000,133000,40000,40000
061651,世紀鋼元大9C購02,0,0,0,0,0,0,0,0,0,40000,0,0,0,100000,60000,40000,40000
061316,台積電凱基9A購24,0,0,0,0,0,0,0,0,0,40000,0,0,0,40000,0,40000,40000
061226,台積電中信9A購05,0,0,0,0,0,0,0,0,0,40000,0,0,0,40000,0,40000,40000
062077,聯發科元大9B購04,0,0,0,0,0,0,0,0,0,40000,0,0,0,40000,0,40000,40000
061957,上銀統一01購01  ,0,0,0,0,0,0,0,0,0,40000,0,0,0,95000,55000,40000,40000
062342,上証2X群益01購03,0,0,0,0,0,0,0,0,0,40000,0,0,0,46000,6000,40000,40000
062360,華邦電元大9B購01,100000,0,100000,0,0,0,0,0,0,-60000,0,0,0,235000,295000,-60000,40000
064105,南茂群益9C購01  ,0,0,0,0,0,0,0,0,0,39000,0,0,0,49000,10000,39000,39000
054318,台虹凱基98購01  ,0,0,0,0,0,0,0,0,0,39000,0,0,0,39000,0,39000,39000
055584,國巨元大97購11  ,0,0,0,0,0,0,0,0,0,39000,0,0,0,42000,3000,39000,39000
057364,國巨元大98購18  ,0,0,0,0,0,0,0,0,0,39000,0,0,0,39000,0,39000,39000
060200,同欣電元富9A購01,0,0,0,0,0,0,0,0,0,39000,0,0,0,39000,0,39000,39000
057563,旭富國泰9A購01  ,0,0,0,0,0,0,0,0,0,39000,0,0,0,39000,0,39000,39000
061145,臻鼎中信9A購02  ,0,0,0,0,0,0,0,0,0,39000,0,0,0,50000,11000,39000,39000
062446,聯詠元大9B購02  ,0,0,0,0,0,0,0,0,0,39000,0,0,0,53000,14000,39000,39000
061446,鴻海中信04購01  ,0,0,0,0,0,0,0,0,0,39000,0,0,0,39000,0,39000,39000
063627,上銀元大9B購09  ,0,0,0,0,0,0,0,0,0,39000,0,0,0,39000,0,39000,39000
063272,GIS兆豐9C購01   ,0,0,0,0,0,0,0,0,0,39000,0,0,0,155000,116000,39000,39000
063317,大立光群益9B購06,0,0,0,0,0,0,0,0,0,39000,0,0,0,39000,0,39000,39000
063306,聯茂凱基9C購01  ,0,0,0,0,0,0,0,0,0,39000,0,0,0,59000,20000,39000,39000
063468,聯詠元大9B購04  ,0,0,0,0,0,0,0,0,0,39000,0,0,0,45000,6000,39000,39000
06296P,燿華元大98售01  ,0,0,0,0,0,0,0,0,0,39000,0,0,0,171000,132000,39000,39000
062979,茂林元富9B購01  ,0,0,0,0,0,0,0,0,0,39000,0,0,0,140000,101000,39000,39000
062765,祥碩凱基9B購04  ,0,0,0,0,0,0,0,0,0,39000,0,0,0,123000,84000,39000,39000
062584,鴻海統一9C購13  ,0,0,0,0,0,0,0,0,0,39000,0,0,0,74000,35000,39000,39000
06437P,玉晶光國票99售01,0,0,0,0,0,0,0,0,0,38000,0,0,0,38000,0,38000,38000
07263P,台積電元大99售37,0,0,0,0,0,0,0,0,0,38000,0,0,0,58000,20000,38000,38000
07527P,台灣50凱基9B售02,0,0,0,0,0,0,0,0,0,38000,0,0,0,40000,2000,38000,38000
3406,玉晶光          ,598000,553000,45000,0,0,0,262000,0,262000,-269000,46000,238000,-192000,71000,148000,-77000,38000
1737,臺鹽            ,43000,5000,38000,0,0,0,0,0,0,0,0,0,0,0,0,0,38000
08186P,泰碩永豐9B售03  ,0,0,0,0,0,0,0,0,0,38000,0,0,0,38000,0,38000,38000
05524P,瀚宇博國票97售02,0,0,0,0,0,0,0,0,0,38000,0,0,0,38000,0,38000,38000
055916,奇鋐凱基99購01  ,0,0,0,0,0,0,0,0,0,38000,0,0,0,95000,57000,38000,38000
055815,亞光國票99購01  ,0,0,0,0,0,0,0,0,0,38000,0,0,0,38000,0,38000,38000
056330,玉晶光國票99購03,0,0,0,0,0,0,0,0,0,38000,0,0,0,139000,101000,38000,38000
052700,奇鋐國票97購02  ,0,0,0,0,0,0,0,0,0,38000,0,0,0,58000,20000,38000,38000
054045,奇力新元大97購03,0,0,0,0,0,0,0,0,0,38000,0,0,0,38000,0,38000,38000
00763U,街口道瓊銅      ,0,0,0,0,0,0,0,0,0,38000,0,0,0,48000,10000,38000,38000
056410,康控國票99購01  ,0,0,0,0,0,0,0,0,0,38000,0,0,0,38000,0,38000,38000
061072,南電凱基9B購01  ,0,0,0,0,0,0,0,0,0,38000,0,0,0,38000,0,38000,38000
057587,微星國票99購01  ,0,0,0,0,0,0,0,0,0,38000,0,0,0,38000,0,38000,38000
059702,台積電凱基9A購14,0,0,0,0,0,0,0,0,0,38000,0,0,0,40000,2000,38000,38000
058758,台積電群益99購05,0,0,0,0,0,0,0,0,0,38000,0,0,0,50000,12000,38000,38000
060621,玉晶光元大9A購05,0,0,0,0,0,0,0,0,0,38000,0,0,0,63000,25000,38000,38000
057167,台積電元大99購03,0,0,0,0,0,0,0,0,0,38000,0,0,0,38000,0,38000,38000
057923,晶豪科凱基98購02,0,0,0,0,0,0,0,0,0,38000,0,0,0,63000,25000,38000,38000
058026,上銀富邦9A購01  ,0,0,0,0,0,0,0,0,0,38000,0,0,0,38000,0,38000,38000
062738,可成國票9B購02  ,0,0,0,0,0,0,0,0,0,38000,0,0,0,38000,0,38000,38000
063121,友達元大9C購09  ,0,0,0,0,0,0,0,0,0,38000,0,0,0,47000,9000,38000,38000
063130,聯茂元大9B購02  ,0,0,0,0,0,0,0,0,0,38000,0,0,0,103000,65000,38000,38000
061842,牧德凱基9C購01  ,0,0,0,0,0,0,0,0,0,38000,0,0,0,47000,9000,38000,38000
061892,亞德客永豐9B購01,0,0,0,0,0,0,0,0,0,38000,0,0,0,100000,62000,38000,38000
062513,玉晶光國票9C購01,0,0,0,0,0,0,0,0,0,38000,0,0,0,139000,101000,38000,38000
062362,致茂元大9B購01  ,0,0,0,0,0,0,0,0,0,38000,0,0,0,102000,64000,38000,38000
1582,信錦            ,124000,82750,41250,0,0,0,0,0,0,-4000,0,0,0,0,4000,-4000,37250
1808,潤隆            ,56000,19000,37000,0,0,0,0,0,0,0,0,0,0,0,0,0,37000
08246P,亞德客群益01售01,0,0,0,0,0,0,0,0,0,37000,0,0,0,85000,48000,37000,37000
07957P,晶技群益9B售02  ,0,0,0,0,0,0,0,0,0,37000,0,0,0,42000,5000,37000,37000
6165,捷泰            ,48000,11000,37000,0,0,0,0,0,0,0,0,0,0,0,0,0,37000
07840P,康控元大9A售02  ,0,0,0,0,0,0,0,0,0,37000,0,0,0,80000,43000,37000,37000
063894,漢唐群益9C購01  ,0,0,0,0,0,0,0,0,0,37000,0,0,0,37000,0,37000,37000
054477,聯發科中信9C購02,0,0,0,0,0,0,0,0,0,37000,0,0,0,38000,1000,37000,37000
053850,嘉澤元富96購03  ,0,0,0,0,0,0,0,0,0,37000,0,0,0,51000,14000,37000,37000
00866,新光Shiller CAPE,0,0,0,0,0,0,0,0,0,37000,0,0,0,63000,26000,37000,37000
051729,華新國票96購01  ,0,0,0,0,0,0,0,0,0,37000,0,0,0,37000,0,37000,37000
056882,華邦電康和98購01,0,0,0,0,0,0,0,0,0,37000,0,0,0,105000,68000,37000,37000
058108,台郡台新99購01  ,0,0,0,0,0,0,0,0,0,37000,0,0,0,50000,13000,37000,37000
055166,台積電統一97購05,0,0,0,0,0,0,0,0,0,37000,0,0,0,47000,10000,37000,37000
055603,超眾元大97購04  ,0,0,0,0,0,0,0,0,0,37000,0,0,0,64000,27000,37000,37000
054795,合勤控群益98購01,0,0,0,0,0,0,0,0,0,37000,0,0,0,37000,0,37000,37000
060658,台灣50凱基01購04,0,0,0,0,0,0,0,0,0,37000,0,0,0,37000,0,37000,37000
060600,台積電凱基9C購01,0,0,0,0,0,0,0,0,0,37000,0,0,0,62000,25000,37000,37000
059700,鴻海凱基9A購16  ,0,0,0,0,0,0,0,0,0,37000,0,0,0,37000,0,37000,37000
059360,全新永豐99購02  ,0,0,0,0,0,0,0,0,0,37000,0,0,0,37000,0,37000,37000
05958P,聯發科國票97售04,0,0,0,0,0,0,0,0,0,37000,0,0,0,58000,21000,37000,37000
062459,聯詠群益9B購01  ,0,0,0,0,0,0,0,0,0,37000,0,0,0,37000,0,37000,37000
062053,華通統一9C購02  ,0,0,0,0,0,0,0,0,0,37000,0,0,0,310000,273000,37000,37000
062132,神隆群益9B購01  ,0,0,0,0,0,0,0,0,0,37000,0,0,0,197000,160000,37000,37000
062969,旺宏元富9B購01  ,0,0,0,0,0,0,0,0,0,37000,0,0,0,40000,3000,37000,37000
062732,南六凱基9B購03  ,0,0,0,0,0,0,0,0,0,37000,0,0,0,37000,0,37000,37000
062917,旭富元大9C購03  ,0,0,0,0,0,0,0,0,0,37000,0,0,0,118000,81000,37000,37000
063280,燿華元大9B購05  ,0,0,0,0,0,0,0,0,0,37000,0,0,0,41000,4000,37000,37000
063583,GIS國泰01購01   ,0,0,0,0,0,0,0,0,0,37000,0,0,0,261000,224000,37000,37000
9930,中聯資源        ,46000,9000,37000,0,0,0,0,0,0,0,0,0,0,0,0,0,37000
064038,景碩台新9C購01  ,0,0,0,0,0,0,0,0,0,36000,0,0,0,81000,45000,36000,36000
07803P,南亞科永豐9A售02,0,0,0,0,0,0,0,0,0,36000,0,0,0,36000,0,36000,36000
07630P,臺股指凱基9A售11,0,0,0,0,0,0,0,0,0,36000,0,0,0,130000,94000,36000,36000
06857P,超眾永豐98售02  ,0,0,0,0,0,0,0,0,0,36000,0,0,0,36000,0,36000,36000
8033,雷虎            ,93000,57000,36000,0,0,0,0,0,0,0,0,0,0,0,0,0,36000
2485,兆赫            ,81000,49000,32000,0,0,0,0,0,0,4000,4000,0,4000,0,0,0,36000
1457,宜進            ,50000,14000,36000,0,0,0,0,0,0,0,0,0,0,0,0,0,36000
058931,玉晶光統一9C購01,0,0,0,0,0,0,0,0,0,36000,0,0,0,51000,15000,36000,36000
059865,國巨凱基01購01  ,0,0,0,0,0,0,0,0,0,36000,0,0,0,68000,32000,36000,36000
0051,元大中型100     ,0,0,0,0,0,0,0,0,0,36000,0,0,0,40000,4000,36000,36000
054148,矽創元大96購03  ,0,0,0,0,0,0,0,0,0,36000,0,0,0,36000,0,36000,36000
055331,國巨兆豐99購01  ,0,0,0,0,0,0,0,0,0,36000,0,0,0,130000,94000,36000,36000
059267,群創中信01購02  ,0,0,0,0,0,0,0,0,0,36000,0,0,0,99000,63000,36000,36000
060944,國泰金國票9A購01,0,0,0,0,0,0,0,0,0,36000,0,0,0,38000,2000,36000,36000
060534,友達麥證9A購01  ,0,0,0,42000,6000,36000,0,0,0,36000,0,0,0,42000,6000,36000,36000
060434,台汽電永豐9A購01,0,0,0,0,0,0,0,0,0,36000,0,0,0,79000,43000,36000,36000
060111,臻鼎元大99購04  ,0,0,0,0,0,0,0,0,0,36000,0,0,0,36000,0,36000,36000
057495,牧德元大99購04  ,0,0,0,0,0,0,0,0,0,36000,0,0,0,78000,42000,36000,36000
058043,鴻海元大98購13  ,0,0,0,0,0,0,0,0,0,36000,0,0,0,39000,3000,36000,36000
058534,友達統一9B購01  ,0,0,0,0,0,0,0,0,0,36000,0,0,0,43000,7000,36000,36000
063604,群創凱基01購02  ,0,0,0,0,0,0,0,0,0,36000,0,0,0,40000,4000,36000,36000
063606,TPK凱基9C購01   ,0,0,0,0,0,0,0,0,0,36000,0,0,0,36000,0,36000,36000
063644,祥碩元大9B購10  ,0,0,0,0,0,0,0,0,0,36000,0,0,0,142000,106000,36000,36000
063547,大立光兆豐9B購04,0,0,0,0,0,0,0,0,0,36000,0,0,0,36000,0,36000,36000
062855,嘉澤永豐9B購02  ,0,0,0,0,0,0,0,0,0,36000,0,0,0,37000,1000,36000,36000
063135,國巨統一9B購16  ,0,0,0,0,0,0,0,0,0,36000,0,0,0,110000,74000,36000,36000
062212,臻鼎台新9B購01  ,0,0,0,0,0,0,0,0,0,36000,0,0,0,110000,74000,36000,36000
062166,致新國泰01購01  ,0,0,0,0,0,0,0,0,0,36000,0,0,0,36000,0,36000,36000
062355,華通元大9B購03  ,0,0,0,0,0,0,0,0,0,36000,0,0,0,94000,58000,36000,36000
061869,智邦元大9B購01  ,0,0,0,0,0,0,0,0,0,36000,0,0,0,148000,112000,36000,36000
061387,鴻海群益9A購05  ,0,0,0,0,0,0,0,0,0,36000,0,0,0,122000,86000,36000,36000
1203,味王            ,36000,1000,35000,0,0,0,0,0,0,0,0,0,0,0,0,0,35000
2539,櫻花建          ,43000,8000,35000,0,0,0,0,0,0,0,0,0,0,0,0,0,35000
4540,全球傳動        ,86000,51000,35000,0,0,0,0,0,0,0,0,0,0,0,0,0,35000
06789P,鴻海凱基98售12  ,0,0,0,0,0,0,0,0,0,35000,0,0,0,35000,0,35000,35000
07080P,健策群益9A售01  ,0,0,0,0,0,0,0,0,0,35000,0,0,0,55000,20000,35000,35000
07491P,臺股指國票9A售09,0,0,0,0,0,0,0,0,0,35000,0,0,0,35000,0,35000,35000
07462P,臺股指元大9B售05,0,0,0,0,0,0,0,0,0,35000,0,0,0,35000,0,35000,35000
064085,儒鴻凱基9C購02  ,0,0,0,0,0,0,0,0,0,35000,0,0,0,124000,89000,35000,35000
054589,聯鈞國泰99購01  ,0,0,0,0,0,0,0,0,0,35000,0,0,0,35000,0,35000,35000
054323,旺宏台新96購02  ,0,0,0,0,0,0,0,0,0,35000,0,0,0,35000,0,35000,35000
054090,瑞昱群益97購01  ,0,0,0,0,0,0,0,0,0,35000,0,0,0,42000,7000,35000,35000
043442,大立光台新01購01,0,0,0,0,0,0,0,0,0,35000,0,0,0,75000,40000,35000,35000
03682C,臺股指凱基9C牛07,0,0,0,0,0,0,0,0,0,35000,0,0,0,195000,160000,35000,35000
051939,同欣電群益97購01,0,0,0,0,0,0,0,0,0,35000,0,0,0,35000,0,35000,35000
058956,健策國票9A購02  ,0,0,0,0,0,0,0,0,0,35000,0,0,0,49000,14000,35000,35000
056321,創意群益98購02  ,0,0,0,0,0,0,0,0,0,35000,0,0,0,35000,0,35000,35000
056714,晶相光永豐98購02,0,0,0,0,0,0,0,0,0,35000,0,0,0,50000,15000,35000,35000
054735,漢唐凱基98購01  ,0,0,0,0,0,0,0,0,0,35000,0,0,0,57000,22000,35000,35000
055618,麗豐國票98購01  ,0,0,0,0,0,0,0,0,0,35000,0,0,0,111000,76000,35000,35000
056514,訊芯亞東99購01  ,0,0,0,0,0,0,0,0,0,35000,0,0,0,35000,0,35000,35000
055094,智易群益98購01  ,0,0,0,0,0,0,0,0,0,35000,0,0,0,50000,15000,35000,35000
055958,台光電元大97購02,0,0,0,0,0,0,0,0,0,35000,0,0,0,93000,58000,35000,35000
058540,嘉聯益國泰9A購02,0,0,0,0,0,0,0,0,0,35000,0,0,0,35000,0,35000,35000
057972,群創富邦9C購01  ,0,0,0,0,0,0,0,0,0,35000,0,0,0,35000,0,35000,35000
060426,盛群永豐9A購01  ,0,0,0,0,0,0,0,0,0,35000,0,0,0,36000,1000,35000,35000
060871,台灣50中信01購03,0,0,0,0,0,0,0,0,0,35000,0,0,0,35000,0,35000,35000
058403,玉晶光元大99購12,0,0,0,0,0,0,0,0,0,35000,0,0,0,36000,1000,35000,35000
057623,友訊國泰99購01  ,0,0,0,0,0,0,0,0,0,35000,0,0,0,35000,0,35000,35000
058442,玉晶光台新99購01,0,0,0,0,0,0,0,0,0,35000,0,0,0,35000,0,35000,35000
059509,奇力新永豐99購02,0,0,0,0,0,0,0,0,0,35000,0,0,0,35000,0,35000,35000
059359,精元永豐99購01  ,0,0,0,0,0,0,0,0,0,35000,0,0,0,97000,62000,35000,35000
059754,訊芯群益9A購01  ,0,0,0,0,0,0,0,0,0,35000,0,0,0,50000,15000,35000,35000
061233,國巨元大9A購17  ,0,0,0,0,0,0,0,0,0,35000,0,0,0,35000,0,35000,35000
062266,世紀鋼元大9B購02,0,0,0,0,0,0,0,0,0,35000,0,0,0,135000,100000,35000,35000
062335,茂林統一01購01  ,0,0,0,0,0,0,0,0,0,35000,0,0,0,35000,0,35000,35000
062319,南六凱基9B購02  ,0,0,0,0,0,0,0,0,0,35000,0,0,0,35000,0,35000,35000
062761,嘉晶凱基9C購01  ,0,0,0,0,0,0,0,0,0,35000,0,0,0,52000,17000,35000,35000
062800,奇力新統一01購02,0,0,0,0,0,0,0,0,0,35000,0,0,0,45000,10000,35000,35000
063668,奇力新統一01購03,0,0,0,0,0,0,0,0,0,35000,0,0,0,35000,0,35000,35000
063728,國巨元大9B購21  ,0,0,0,0,0,0,0,0,0,35000,0,0,0,35000,0,35000,35000
06584P,欣興凱基98售03  ,0,0,0,0,0,0,0,0,0,34000,0,0,0,34000,0,34000,34000
07508P,華新科國票9A售03,0,0,0,0,0,0,0,0,0,34000,0,0,0,34000,0,34000,34000
07766P,美律群益9A售03  ,0,0,0,0,0,0,0,0,0,34000,0,0,0,34000,0,34000,34000
06744P,嘉聯益永豐98售03,0,0,0,0,0,0,0,0,0,34000,0,0,0,120000,86000,34000,34000
06984P,上銀富邦9B售01  ,0,0,0,0,0,0,0,0,0,34000,0,0,0,371000,337000,34000,34000
2427,三商電          ,30000,0,30000,0,0,0,0,0,0,4000,4000,0,4000,0,0,0,34000
1419,新紡            ,34000,0,34000,0,0,0,0,0,0,0,0,0,0,0,0,0,34000
055707,聯鈞永豐98購01  ,0,0,0,0,0,0,0,0,0,34000,0,0,0,34000,0,34000,34000
055106,台積電凱基98購05,0,0,0,0,0,0,0,0,0,34000,0,0,0,34000,0,34000,34000
055025,華新科國泰98購02,0,0,0,0,0,0,0,0,0,34000,0,0,0,261000,227000,34000,34000
054817,聯發科元大97購13,0,0,0,0,0,0,0,0,0,34000,0,0,0,45000,11000,34000,34000
00706L,元大S&P日圓正2  ,0,0,0,0,0,0,0,0,0,34000,0,0,0,50000,16000,34000,34000
053162,緯穎元大97購01  ,0,0,0,0,0,0,0,0,0,34000,0,0,0,107000,73000,34000,34000
057593,聯發科兆豐98購03,0,0,0,0,0,0,0,0,0,34000,0,0,0,39000,5000,34000,34000
061090,奇力新統一9C購01,0,0,0,0,0,0,0,0,0,34000,0,0,0,34000,0,34000,34000
057340,玉晶光元富98購04,0,0,0,0,0,0,0,0,0,34000,0,0,0,129000,95000,34000,34000
060604,宏達電凱基9B購01,0,0,0,0,0,0,0,0,0,34000,0,0,0,34000,0,34000,34000
062219,燿華統一9B購01  ,0,0,0,0,0,0,0,0,0,34000,0,0,0,62000,28000,34000,34000
061917,亞德客凱基9B購02,0,0,0,0,0,0,0,0,0,34000,0,0,0,110000,76000,34000,34000
061286,大立光統一9A購05,0,0,0,0,0,0,0,0,0,34000,0,0,0,34000,0,34000,34000
1410,南染            ,33000,0,33000,0,0,0,0,0,0,0,0,0,0,0,0,0,33000
1519,華城            ,82000,49000,33000,0,0,0,0,0,0,0,0,0,0,0,0,0,33000
08334P,智邦永豐9C售01  ,0,0,0,0,0,0,0,0,0,33000,0,0,0,77000,44000,33000,33000
2017,官田鋼          ,96000,63000,33000,0,0,0,0,0,0,0,0,0,0,0,0,0,33000
08106P,聯發科統一9B售09,0,0,0,0,0,0,0,0,0,33000,0,0,0,35000,2000,33000,33000
3042,晶技            ,1353000,1397000,-44000,0,0,0,149000,140000,9000,68000,50000,74000,-24000,118000,26000,92000,33000
3588,通嘉            ,567000,534000,33000,0,0,0,0,0,0,0,0,0,0,0,0,0,33000
07660P,聯茂凱基9A售03  ,0,0,0,0,0,0,0,0,0,33000,0,0,0,53000,20000,33000,33000
07553P,嘉晶元大9A售02  ,0,0,0,0,0,0,0,0,0,33000,0,0,0,33000,0,33000,33000
07578P,高鐵元大9A售02  ,0,0,0,0,0,0,0,0,0,33000,0,0,0,33000,0,33000,33000
06486P,麗豐元大98售02  ,0,0,0,0,0,0,0,0,0,33000,0,0,0,293000,260000,33000,33000
00680L,元大美債20正2   ,0,0,0,0,0,0,0,0,0,33000,0,0,0,70000,37000,33000,33000
048179,臻鼎富邦97購01  ,0,0,0,0,0,0,0,0,0,33000,0,0,0,36000,3000,33000,33000
056552,台表科凱基99購01,0,0,0,0,0,0,0,0,0,33000,0,0,0,94000,61000,33000,33000
055238,茂林台新97購01  ,0,0,0,0,0,0,0,0,0,33000,0,0,0,33000,0,33000,33000
056585,台積電統一9A購01,0,0,0,0,0,0,0,0,0,33000,0,0,0,33000,0,33000,33000
055963,欣興元大97購04  ,0,0,0,0,0,0,0,0,0,33000,0,0,0,60000,27000,33000,33000
056726,友達日盛9A購01  ,0,0,0,0,0,0,0,0,0,33000,0,0,0,40000,7000,33000,33000
056334,台積電凱基98購06,0,0,0,0,0,0,0,0,0,33000,0,0,0,44000,11000,33000,33000
056818,正崴永豐98購01  ,0,0,0,0,0,0,0,0,0,33000,0,0,0,33000,0,33000,33000
060560,欣興國泰9C購01  ,0,0,0,0,0,0,0,0,0,33000,0,0,0,53000,20000,33000,33000
060487,盛群富邦9B購01  ,0,0,0,0,0,0,0,0,0,33000,0,0,0,33000,0,33000,33000
060452,儒鴻元大9A購01  ,0,0,0,0,0,0,0,0,0,33000,0,0,0,62000,29000,33000,33000
060456,正隆元大9A購01  ,0,0,0,0,0,0,0,0,0,33000,0,0,0,56000,23000,33000,33000
060253,昇陽半元大9C購01,0,0,0,0,0,0,0,0,0,33000,0,0,0,51000,18000,33000,33000
058022,樺漢凱基99購02  ,0,0,0,0,0,0,0,0,0,33000,0,0,0,33000,0,33000,33000
057799,世紀鋼兆豐98購01,0,0,0,0,0,0,0,0,0,33000,0,0,0,43000,10000,33000,33000
060665,康控凱基9A購01  ,0,0,0,0,0,0,0,0,0,33000,0,0,0,33000,0,33000,33000
061855,台郡國票9B購01  ,0,0,0,0,0,0,0,0,0,33000,0,0,0,38000,5000,33000,33000
061581,貿聯元大9A購05  ,0,0,0,0,0,0,0,0,0,33000,0,0,0,164000,131000,33000,33000
062151,世紀鋼國票01購01,0,0,0,0,0,0,0,0,0,33000,0,0,0,38000,5000,33000,33000
062495,友達中信01購02  ,0,0,0,0,0,0,0,0,0,33000,0,0,0,33000,0,33000,33000
062537,聯電國泰9C購01  ,0,0,0,0,0,0,0,0,0,33000,0,0,0,41000,8000,33000,33000
063579,GIS元大9C購01   ,0,0,0,0,0,0,0,0,0,33000,0,0,0,35000,2000,33000,33000
063762,緯穎統一9C購01  ,0,0,0,0,0,0,0,0,0,33000,0,0,0,33000,0,33000,33000
062766,台郡凱基9B購02  ,0,0,0,0,0,0,0,0,0,33000,0,0,0,111000,78000,33000,33000
063173,矽格中信9B購01  ,0,0,0,0,0,0,0,0,0,33000,0,0,0,33000,0,33000,33000
07675P,全新永豐9A售02  ,0,0,0,0,0,0,0,0,0,32000,0,0,0,60000,28000,32000,32000
2392,正崴            ,396000,248000,148000,0,0,0,1000,0,1000,-117000,2000,28000,-26000,0,91000,-91000,32000
2468,華經            ,56000,24000,32000,0,0,0,0,0,0,0,0,0,0,0,0,0,32000
1416,廣豐            ,67000,34000,33000,0,0,0,0,0,0,-1000,0,1000,-1000,0,0,0,32000
056978,技嘉群益99購01  ,0,0,0,0,0,0,0,0,0,32000,0,0,0,37000,5000,32000,32000
057282,大立光元大99購06,0,0,0,0,0,0,0,0,0,32000,0,0,0,52000,20000,32000,32000
00714,群益道瓊美國地產,0,0,0,0,0,0,0,0,0,32000,0,0,0,40000,8000,32000,32000
054307,高鐵凱基98購01  ,0,0,0,0,0,0,0,0,0,32000,0,0,0,32000,0,32000,32000
055350,聯發科凱基97購02,0,0,0,0,0,0,0,0,0,32000,0,0,0,32000,0,32000,32000
059567,台積電凱基9A購12,0,0,0,0,0,0,0,0,0,32000,0,0,0,32000,0,32000,32000
057368,微星元大98購02  ,0,0,0,0,0,0,0,0,0,32000,0,0,0,54000,22000,32000,32000
060556,緯穎凱基9A購04  ,0,0,0,0,0,0,0,0,0,32000,0,0,0,192000,160000,32000,32000
062574,美食群益9B購02  ,0,0,0,0,0,0,0,0,0,32000,0,0,0,94000,62000,32000,32000
061961,台積電統一01購02,0,0,0,0,0,0,0,0,0,32000,0,0,0,33000,1000,32000,32000
061985,富邦金元大9B購01,0,0,0,0,0,0,0,0,0,32000,0,0,0,170000,138000,32000,32000
061852,大立光國票9B購02,0,0,0,0,0,0,0,0,0,32000,0,0,0,55000,23000,32000,32000
061502,嘉澤國票9A購02  ,0,0,0,0,0,0,0,0,0,32000,0,0,0,37000,5000,32000,32000
2034,允強            ,79000,48000,31000,0,0,0,0,0,0,0,0,0,0,0,0,0,31000
07892P,臺股指國票9B售02,0,0,0,0,0,0,0,0,0,31000,0,0,0,32000,1000,31000,31000
08205P,智邦凱基9B售03  ,0,0,0,0,0,0,0,0,0,31000,0,0,0,102000,71000,31000,31000
3040,遠見            ,49000,18000,31000,0,0,0,0,0,0,0,0,0,0,0,0,0,31000
07689P,旺宏元大9A售13  ,0,0,0,0,0,0,0,0,0,31000,0,0,0,31000,0,31000,31000
064131,群創元大01購02  ,0,0,0,0,0,0,0,0,0,31000,0,0,0,38000,7000,31000,31000
054624,台積電凱基98購03,0,0,0,0,0,0,0,0,0,31000,0,0,0,31000,0,31000,31000
05348P,美律元富98售01  ,0,0,0,0,0,0,0,0,0,31000,0,0,0,31000,0,31000,31000
047595,元石油元富97購01,0,0,0,0,0,0,0,0,0,31000,0,0,0,31000,0,31000,31000
056803,群創台新99購02  ,0,0,0,0,0,0,0,0,0,31000,0,0,0,31000,0,31000,31000
060624,玉晶光元大9C購02,0,0,0,0,0,0,0,0,0,31000,0,0,0,39000,8000,31000,31000
060040,康控國票99購04  ,0,0,0,0,0,0,0,0,0,31000,0,0,0,31000,0,31000,31000
060744,鴻海國票9A購04  ,0,0,0,0,0,0,0,0,0,31000,0,0,0,156000,125000,31000,31000
061125,億光永豐9A購01  ,0,0,0,0,0,0,0,0,0,31000,0,0,0,130000,99000,31000,31000
061442,玉晶光永豐9A購07,0,0,0,0,0,0,0,0,0,31000,0,0,0,116000,85000,31000,31000
062670,瑞昱中信03購01  ,0,0,0,0,0,0,0,0,0,31000,0,0,0,51000,20000,31000,31000
063780,高鐵永豐9B購02  ,0,0,0,0,0,0,0,0,0,31000,0,0,0,31000,0,31000,31000
063701,燿華群益9B購02  ,0,0,0,0,0,0,0,0,0,31000,0,0,0,48000,17000,31000,31000
3008,大立光          ,203166,197295,5871,0,0,0,17000,1000,16000,9000,12000,0,12000,0,3000,-3000,30871
08316P,祥碩元大9C售04  ,0,0,0,0,0,0,0,0,0,30000,0,0,0,30000,0,30000,30000
07973P,大立光台新9B售01,0,0,0,0,0,0,0,0,0,30000,0,0,0,30000,0,30000,30000
08112P,臺股指中信01售07,1000,0,1000,0,0,0,0,0,0,29000,0,0,0,457000,428000,29000,30000
08087P,聯發科凱基9B售12,0,0,0,0,0,0,0,0,0,30000,0,0,0,40000,10000,30000,30000
1905,華紙            ,405000,375000,30000,0,0,0,0,0,0,0,0,0,0,0,0,0,30000
1773,勝一            ,36000,6000,30000,0,0,0,0,0,0,0,0,0,0,0,0,0,30000
1527,鑽全            ,109000,33000,76000,0,0,0,0,46000,-46000,0,0,0,0,0,0,0,30000
1313,聯成            ,365000,336000,29000,0,0,0,1000,0,1000,0,0,0,0,0,0,0,30000
064003,台積電凱基01購03,0,0,0,0,0,0,0,0,0,30000,0,0,0,31000,1000,30000,30000
07666P,台灣50元大9C售32,0,0,0,0,0,0,0,0,0,30000,0,0,0,30000,0,30000,30000
07762P,聯發科永豐9A售03,0,0,0,0,0,0,0,0,0,30000,0,0,0,30000,0,30000,30000
07798P,同欣電國票9A售01,0,0,0,0,0,0,0,0,0,30000,0,0,0,35000,5000,30000,30000
07618P,大立光中信9A售06,0,0,0,0,0,0,0,0,0,30000,0,0,0,30000,0,30000,30000
06903P,技嘉凱基98售04  ,0,0,0,0,0,0,0,0,0,30000,0,0,0,30000,0,30000,30000
06746P,聯發科群益99售02,0,0,0,0,0,0,0,0,0,30000,0,0,0,110000,80000,30000,30000
07050P,宏達電中信9B售01,0,0,0,0,0,0,0,0,0,30000,0,0,0,50000,20000,30000,30000
057027,祥碩凱基98購01  ,0,0,0,0,0,0,0,0,0,30000,0,0,0,30000,0,30000,30000
057053,立積元大98購02  ,0,0,0,0,0,0,0,0,0,30000,0,0,0,90000,60000,30000,30000
056381,台虹元富98購01  ,0,0,0,0,0,0,0,0,0,30000,0,0,0,30000,0,30000,30000
056298,億光元大97購02  ,0,0,0,0,0,0,0,0,0,30000,0,0,0,123000,93000,30000,30000
055844,大毅元大98購01  ,0,0,0,0,0,0,0,0,0,30000,0,0,0,30000,0,30000,30000
055855,牧德元大99購02  ,0,0,0,0,0,0,0,0,0,30000,0,0,0,30000,0,30000,30000
055777,冠德凱基97購01  ,0,0,0,0,0,0,0,0,0,30000,0,0,0,40000,10000,30000,30000
055826,中石化元大97購01,0,0,0,0,0,0,0,0,0,30000,0,0,0,30000,0,30000,30000
055157,晶豪科元大97購01,0,0,0,0,0,0,0,0,0,30000,0,0,0,30000,0,30000,30000
054876,群電群益97購02  ,0,0,0,0,0,0,0,0,0,30000,0,0,0,40000,10000,30000,30000
055654,景碩元富97購01  ,0,0,0,0,0,0,0,0,0,30000,0,0,0,30000,0,30000,30000
054747,麗豐凱基98購01  ,0,0,0,0,0,0,0,0,0,30000,0,0,0,30000,0,30000,30000
054739,義隆凱基98購02  ,0,0,0,0,0,0,0,0,0,30000,0,0,0,305000,275000,30000,30000
048105,滬深2X群益99購02,0,0,0,0,0,0,0,0,0,30000,0,0,0,30000,0,30000,30000
05175P,TPK富邦99售01   ,0,0,0,0,0,0,0,0,0,30000,0,0,0,30000,0,30000,30000
051695,元金2X中信98購01,0,0,0,0,0,0,0,0,0,30000,0,0,0,30000,0,30000,30000
050992,台積電元大97購01,0,0,0,0,0,0,0,0,0,30000,0,0,0,32000,2000,30000,30000
051258,鈺齊國泰97購01  ,0,0,0,0,0,0,0,0,0,30000,0,0,0,30000,0,30000,30000
052738,聯電元大98購02  ,0,0,0,0,0,0,0,0,0,30000,0,0,0,60000,30000,30000,30000
052928,美律元大98購01  ,0,0,0,0,0,0,0,0,0,30000,0,0,0,30000,0,30000,30000
054297,台郡元大98購01  ,0,0,0,0,0,0,0,0,0,30000,0,0,0,50000,20000,30000,30000
050485,國巨統一96購01  ,0,0,0,0,0,0,0,0,0,30000,0,0,0,30000,0,30000,30000
053559,台積電國泰98購01,0,0,0,0,0,0,0,0,0,30000,0,0,0,30000,0,30000,30000
05361P,聯發科富邦97售01,0,0,0,0,0,0,0,0,0,30000,0,0,0,30000,0,30000,30000
054416,禾伸堂元大97購01,0,0,0,0,0,0,0,0,0,30000,0,0,0,30000,0,30000,30000
053774,台達電元大96購04,0,0,0,0,0,0,0,0,0,30000,0,0,0,30000,0,30000,30000
052581,訊芯元富98購01  ,0,0,0,0,0,0,0,0,0,30000,0,0,0,30000,0,30000,30000
052328,台表科中信99購01,0,0,0,0,0,0,0,0,0,30000,0,0,0,30000,0,30000,30000
054698,同欣電永豐97購01,0,0,0,0,0,0,0,0,0,30000,0,0,0,30000,0,30000,30000
055389,國巨統一98購02  ,0,0,0,0,0,0,0,0,0,30000,0,0,0,30000,0,30000,30000
056501,貿聯富邦99購01  ,0,0,0,0,0,0,0,0,0,30000,0,0,0,30000,0,30000,30000
055525,國巨群益98購05  ,0,0,0,0,0,0,0,0,0,30000,0,0,0,30000,0,30000,30000
056455,群創凱基9A購01  ,0,0,0,0,0,0,0,0,0,30000,0,0,0,62000,32000,30000,30000
060936,T50反1國票9A購09,0,0,0,0,0,0,0,0,0,30000,0,0,0,30000,0,30000,30000
060978,國巨元大9A購13  ,0,0,0,0,0,0,0,0,0,30000,0,0,0,30000,0,30000,30000
059209,華通元大99購08  ,0,0,0,0,0,0,0,0,0,30000,0,0,0,31000,1000,30000,30000
058359,瑞昱凱基99購01  ,0,0,0,0,0,0,0,0,0,30000,0,0,0,30000,0,30000,30000
05961P,鴻海群益97售01  ,0,0,0,0,0,0,0,0,0,30000,0,0,0,30000,0,30000,30000
059513,揚明光永豐99購01,0,0,0,0,0,0,0,0,0,30000,0,0,0,30000,0,30000,30000
059515,牧德永豐99購01  ,0,0,0,0,0,0,0,0,0,30000,0,0,0,30000,0,30000,30000
059649,矽力凱基99購02  ,0,0,0,0,0,0,0,0,0,30000,0,0,0,40000,10000,30000,30000
058354,台積電凱基9A購06,0,0,0,0,0,0,0,0,0,30000,0,0,0,30000,0,30000,30000
057526,智邦元大98購10  ,0,0,0,0,0,0,0,0,0,30000,0,0,0,38000,8000,30000,30000
058705,長榮航元大99購01,0,0,0,0,0,0,0,0,0,30000,0,0,0,135000,105000,30000,30000
060015,國巨康和99購03  ,0,0,0,0,0,0,0,0,0,30000,0,0,0,41000,11000,30000,30000
060590,台積電台新9C購02,0,0,0,0,0,0,0,0,0,30000,0,0,0,30000,0,30000,30000
060470,台勝科元大9A購03,0,0,0,0,0,0,0,0,0,30000,0,0,0,80000,50000,30000,30000
057493,聯詠元大98購02  ,0,0,0,0,0,0,0,0,0,30000,0,0,0,30000,0,30000,30000
057920,奇力新凱基98購08,0,0,0,0,0,0,0,0,0,30000,0,0,0,40000,10000,30000,30000
057462,光磊永豐98購02  ,0,0,0,0,0,0,0,0,0,30000,0,0,0,50000,20000,30000,30000
057449,華新科元富99購02,0,0,0,0,0,0,0,0,0,30000,0,0,0,30000,0,30000,30000
058615,矽創元大99購01  ,0,0,0,0,0,0,0,0,0,30000,0,0,0,108000,78000,30000,30000
058600,國巨元大99購15  ,0,0,0,0,0,0,0,0,0,30000,0,0,0,40000,10000,30000,30000
058571,緯穎凱基9A購02  ,0,0,0,0,0,0,0,0,0,30000,0,0,0,30000,0,30000,30000
058338,康友元富99購01  ,0,0,0,0,0,0,0,0,0,30000,0,0,0,60000,30000,30000,30000
063564,台積電元大9B購07,0,0,0,0,0,0,0,0,0,30000,0,0,0,31000,1000,30000,30000
063561,上銀元大9B購08  ,0,0,0,0,0,0,0,0,0,30000,0,0,0,30000,0,30000,30000
062596,緯穎統一01購02  ,0,0,0,0,0,0,0,0,0,30000,0,0,0,34000,4000,30000,30000
062889,可成群益9C購01  ,0,0,0,0,0,0,0,0,0,30000,0,0,0,114000,84000,30000,30000
062874,微星兆豐9B購01  ,0,0,0,0,0,0,0,0,0,30000,0,0,0,69000,39000,30000,30000
063075,祥碩永豐9B購04  ,0,0,0,0,0,0,0,0,0,30000,0,0,0,599000,569000,30000,30000
063086,祥碩凱基9C購01  ,0,0,0,0,0,0,0,0,0,30000,0,0,0,32000,2000,30000,30000
061261,台積電凱基9B購03,0,0,0,0,0,0,0,0,0,30000,0,0,0,30000,0,30000,30000
061324,華新科凱基9C購01,0,0,0,0,0,0,0,0,0,30000,0,0,0,30000,0,30000,30000
061874,義隆元大9B購02  ,0,0,0,0,0,0,0,0,0,30000,0,0,0,30000,0,30000,30000
061656,華新科國票9A購08,0,0,0,0,0,0,0,0,0,30000,0,0,0,31000,1000,30000,30000
061678,玉晶光元大9B購04,0,0,0,0,0,0,0,0,0,30000,0,0,0,58000,28000,30000,30000
062192,南六元大9B購01  ,0,0,0,0,0,0,0,0,0,30000,0,0,0,30000,0,30000,30000
062505,祥碩群益9B購03  ,0,0,0,0,0,0,0,0,0,30000,0,0,0,55000,25000,30000,30000
062432,上銀元大9B購04  ,0,0,0,0,0,0,0,0,0,30000,0,0,0,30000,0,30000,30000
9905,大華            ,32000,2000,30000,0,0,0,0,0,0,0,0,0,0,0,0,0,30000
8473,山林水          ,32000,2000,30000,0,0,0,0,0,0,0,0,0,0,0,0,0,30000
1319,東陽            ,555067,531000,24067,0,0,0,0,0,0,5000,5000,0,5000,0,0,0,29067
1529,樂士            ,5000,26000,-21000,0,0,0,0,0,0,50000,50000,0,50000,0,0,0,29000
1560,中砂            ,37000,8000,29000,0,0,0,0,0,0,0,0,0,0,0,0,0,29000
2062,橋椿            ,53000,24000,29000,0,0,0,0,0,0,0,0,0,0,0,0,0,29000
07933P,大立光富邦9C售06,0,0,0,0,0,0,0,0,0,29000,0,0,0,29000,0,29000,29000
3027,盛達            ,28000,0,28000,0,0,0,0,0,0,1000,1000,0,1000,0,0,0,29000
2471,資通            ,50000,21000,29000,0,0,0,0,0,0,0,0,0,0,0,0,0,29000
5515,建國            ,29000,0,29000,0,0,0,0,0,0,0,0,0,0,0,0,0,29000
064013,創意國票01購01  ,0,0,0,0,0,0,0,0,0,29000,0,0,0,29000,0,29000,29000
06389P,聯發科兆豐97售01,0,0,0,0,0,0,0,0,0,29000,0,0,0,29000,0,29000,29000
054201,聯詠富邦97購02  ,0,0,0,0,0,0,0,0,0,29000,0,0,0,60000,31000,29000,29000
051003,中環中信97購01  ,0,0,0,0,0,0,0,0,0,29000,0,0,0,29000,0,29000,29000
055771,台積電日盛97購04,0,0,0,0,0,0,0,0,0,29000,0,0,0,29000,0,29000,29000
056271,嘉澤統一97購01  ,0,0,0,0,0,0,0,0,0,29000,0,0,0,30000,1000,29000,29000
059019,元石油統一9B購03,0,0,0,0,0,0,0,0,0,29000,0,0,0,29000,0,29000,29000
057163,上銀元大98購04  ,0,0,0,0,0,0,0,0,0,29000,0,0,0,50000,21000,29000,29000
057697,國巨群益98購09  ,0,0,0,0,0,0,0,0,0,29000,0,0,0,39000,10000,29000,29000
058661,臺股指中信9C購01,0,0,0,0,0,0,0,0,0,29000,0,0,0,60000,31000,29000,29000
058772,茂林兆豐9A購01  ,0,0,0,0,0,0,0,0,0,29000,0,0,0,35000,6000,29000,29000
059692,聯詠永豐99購01  ,0,0,0,0,0,0,0,0,0,29000,0,0,0,50000,21000,29000,29000
062506,巨大群益9C購01  ,0,0,0,0,0,0,0,0,0,29000,0,0,0,74000,45000,29000,29000
061524,華通凱基9A購07  ,0,0,0,0,0,0,0,0,0,29000,0,0,0,60000,31000,29000,29000
061168,力成兆豐9A購01  ,0,0,0,0,0,0,0,0,0,29000,0,0,0,303000,274000,29000,29000
061368,南六國票9A購01  ,0,0,0,0,0,0,0,0,0,29000,0,0,0,29000,0,29000,29000
061435,元金2X凱基9C購03,0,0,0,0,0,0,0,0,0,29000,0,0,0,35000,6000,29000,29000
063131,聯茂元大9B購03  ,0,0,0,0,0,0,0,0,0,29000,0,0,0,104000,75000,29000,29000
063129,祥碩元大9C購03  ,0,0,0,0,0,0,0,0,0,29000,0,0,0,70000,41000,29000,29000
062716,鴻海凱基9B購06  ,0,0,0,0,0,0,0,0,0,29000,0,0,0,30000,1000,29000,29000
063532,GIS凱基9B購03   ,0,0,0,0,0,0,0,0,0,29000,0,0,0,56000,27000,29000,29000
063467,大立光元大9C購06,0,0,0,0,0,0,0,0,0,29000,0,0,0,60000,31000,29000,29000
063608,力成凱基9B購03  ,0,0,0,0,0,0,0,0,0,29000,0,0,0,59000,30000,29000,29000
063896,世芯群益9C購01  ,0,0,0,0,0,0,0,0,0,28000,0,0,0,320000,292000,28000,28000
07764P,世紀鋼永豐9A售04,0,0,0,0,0,0,0,0,0,28000,0,0,0,28000,0,28000,28000
4552,力達-KY         ,60000,156000,-96000,0,0,0,124000,0,124000,0,0,0,0,0,0,0,28000
00743,國泰中國A150    ,0,0,0,0,0,0,0,0,0,28000,0,0,0,62000,34000,28000,28000
056451,可成凱基99購01  ,0,0,0,0,0,0,0,0,0,28000,0,0,0,28000,0,28000,28000
054564,玉晶光群益99購01,0,0,0,0,0,0,0,0,0,28000,0,0,0,461000,433000,28000,28000
054533,泰碩國泰98購01  ,0,0,0,0,0,0,0,0,0,28000,0,0,0,60000,32000,28000,28000
060861,漢唐永豐9A購01  ,0,0,0,0,0,0,0,0,0,28000,0,0,0,59000,31000,28000,28000
060659,鴻海凱基9B購03  ,0,0,0,0,0,0,0,0,0,28000,0,0,0,32000,4000,28000,28000
058239,景碩元大99購03  ,0,0,0,0,0,0,0,0,0,28000,0,0,0,125000,97000,28000,28000
060116,世紀鋼元大99購07,0,0,0,0,0,0,0,0,0,28000,0,0,0,28000,0,28000,28000
060337,FBVIX統一9A購01 ,0,0,0,0,0,0,0,0,0,28000,0,0,0,30000,2000,28000,28000
060315,易華電永豐9A購01,0,0,0,0,0,0,0,0,0,28000,0,0,0,73000,45000,28000,28000
063387,台積電兆豐9B購03,0,0,0,0,0,0,0,0,0,28000,0,0,0,94000,66000,28000,28000
063241,聯發科元大9B購18,0,0,0,0,0,0,0,0,0,28000,0,0,0,88000,60000,28000,28000
061431,鈺齊元大9A購01  ,0,0,0,0,0,0,0,0,0,28000,0,0,0,50000,22000,28000,28000
061412,儒鴻群益9A購01  ,0,0,0,0,0,0,0,0,0,28000,0,0,0,54000,26000,28000,28000
061157,聯鈞群益9A購02  ,0,0,0,0,0,0,0,0,0,28000,0,0,0,46000,18000,28000,28000
062439,聯發科元大9B購10,0,0,0,0,0,0,0,0,0,28000,0,0,0,41000,13000,28000,28000
062302,聯詠中信05購02  ,0,0,0,0,0,0,0,0,0,28000,0,0,0,38000,10000,28000,28000
062312,大立光凱基9B購03,0,0,0,0,0,0,0,0,0,28000,0,0,0,28000,0,28000,28000
2486,一詮            ,35000,8000,27000,0,0,0,0,0,0,0,0,0,0,0,0,0,27000
2495,普安            ,29000,2000,27000,0,0,0,0,0,0,0,0,0,0,0,0,0,27000
1465,偉全            ,27000,0,27000,0,0,0,0,0,0,0,0,0,0,0,0,0,27000
07166P,台灣50兆豐03售01,0,0,0,0,0,0,0,0,0,27000,0,0,0,27000,0,27000,27000
064154,大立光統一01購04,0,0,0,0,0,0,0,0,0,27000,0,0,0,41000,14000,27000,27000
064292,南茂元大01購01  ,0,0,0,0,0,0,0,0,0,27000,0,0,0,27000,0,27000,27000
054547,鴻海凱基98購02  ,0,0,0,0,0,0,0,0,0,27000,0,0,0,61000,34000,27000,27000
056494,緯創國泰99購01  ,0,0,0,0,0,0,0,0,0,27000,0,0,0,100000,73000,27000,27000
00675L,富邦臺灣加權正2 ,85000,47000,38000,0,0,0,0,0,0,-11000,0,0,0,42000,53000,-11000,27000
047969,台達電富邦97購01,0,0,0,0,0,0,0,0,0,27000,0,0,0,27000,0,27000,27000
054208,台積電國票97購07,0,0,0,0,0,0,0,0,0,27000,0,0,0,27000,0,27000,27000
053973,晶豪科元大96購01,0,0,0,0,0,0,0,0,0,27000,0,0,0,77000,50000,27000,27000
057072,日月光永豐98購01,0,0,0,0,0,0,0,0,0,27000,0,0,0,27000,0,27000,27000
056834,華新元富99購01  ,0,0,0,0,0,0,0,0,0,27000,0,0,0,27000,0,27000,27000
059882,臺股指凱基9C購06,0,0,0,0,0,0,0,0,0,27000,0,0,0,46000,19000,27000,27000
059885,台積電國票99購12,0,0,0,0,0,0,0,0,0,27000,0,0,0,59000,32000,27000,27000
059237,鴻海凱基9A購10  ,0,0,0,0,0,0,0,0,0,27000,0,0,0,35000,8000,27000,27000
059121,瑞儀永豐99購01  ,0,0,0,0,0,0,0,0,0,27000,0,0,0,27000,0,27000,27000
061480,泰碩元大9B購01  ,0,0,0,0,0,0,0,0,0,27000,0,0,0,83000,56000,27000,27000
9941,裕融            ,56000,29000,27000,0,0,0,0,0,0,0,0,0,0,0,0,0,27000
064160,新日興統一01購03,0,0,0,0,0,0,0,0,0,26000,0,0,0,26000,0,26000,26000
063911,大立光凱基9C購03,0,0,0,0,0,0,0,0,0,26000,0,0,0,42000,16000,26000,26000
08215P,旺宏群益9B售04  ,0,0,0,0,0,0,0,0,0,26000,0,0,0,35000,9000,26000,26000
3311,閎暉            ,40000,14000,26000,0,0,0,0,0,0,0,0,0,0,0,0,0,26000
3209,全科            ,30000,4000,26000,0,0,0,0,0,0,0,0,0,0,0,0,0,26000
056828,國巨富邦9A購03  ,0,0,0,0,0,0,0,0,0,26000,0,0,0,26000,0,26000,26000
055989,矽力元富9A購01  ,0,0,0,0,0,0,0,0,0,26000,0,0,0,62000,36000,26000,26000
056101,光磊永豐98購01  ,0,0,0,0,0,0,0,0,0,26000,0,0,0,68000,42000,26000,26000
056120,聯茂群益97購02  ,0,0,0,0,0,0,0,0,0,26000,0,0,0,26000,0,26000,26000
052316,台積電元大96購10,0,0,0,0,0,0,0,0,0,26000,0,0,0,26000,0,26000,26000
054649,聯茂群益97購01  ,0,0,0,0,0,0,0,0,0,26000,0,0,0,26000,0,26000,26000
061149,華通群益9A購05  ,0,0,0,0,0,0,0,0,0,26000,0,0,0,30000,4000,26000,26000
058366,元大金凱基99購01,0,0,0,0,0,0,0,0,0,26000,0,0,0,26000,0,26000,26000
058379,臺股指凱基99購14,0,0,0,0,0,0,0,0,0,26000,0,0,0,126000,100000,26000,26000
058433,台積電統一9B購04,0,0,0,0,0,0,0,0,0,26000,0,0,0,26000,0,26000,26000
058438,大立光統一9B購01,0,0,0,0,0,0,0,0,0,26000,0,0,0,26000,0,26000,26000
059987,大立光元大99購28,0,0,0,0,0,0,0,0,0,26000,0,0,0,26000,0,26000,26000
057465,智易永豐98購02  ,0,0,0,0,0,0,0,0,0,26000,0,0,0,26000,0,26000,26000
058335,鴻海元富99購06  ,0,0,0,0,0,0,0,0,0,26000,0,0,0,26000,0,26000,26000
062042,台勝科凱基9C購01,0,0,0,0,0,0,0,0,0,26000,0,0,0,26000,0,26000,26000
061974,光寶科元大9B購01,0,0,0,0,0,0,0,0,0,26000,0,0,0,140000,114000,26000,26000
061968,聯發科統一01購03,0,0,0,0,0,0,0,0,0,26000,0,0,0,26000,0,26000,26000
063040,聯詠凱基9B購03  ,0,0,0,0,0,0,0,0,0,26000,0,0,0,26000,0,26000,26000
062783,大立光元大9C購03,0,0,0,0,0,0,0,0,0,26000,0,0,0,26000,0,26000,26000
063568,高鐵元大9B購01  ,0,0,0,0,0,0,0,0,0,26000,0,0,0,70000,44000,26000,26000
063755,上銀統一9C購03  ,0,0,0,0,0,0,0,0,0,26000,0,0,0,26000,0,26000,26000
3167,大量            ,28000,3000,25000,0,0,0,0,0,0,0,0,0,0,0,0,0,25000
4141,龍燈-KY         ,36000,11000,25000,0,0,0,0,0,0,0,0,0,0,0,0,0,25000
08231P,上銀元富9B售10  ,0,0,0,0,0,0,0,0,0,25000,0,0,0,134000,109000,25000,25000
063998,聯發科兆豐9C購02,0,0,0,0,0,0,0,0,0,25000,0,0,0,30000,5000,25000,25000
064017,道瓊反元大9C購03,0,0,0,0,0,0,0,0,0,25000,0,0,0,101000,76000,25000,25000
06427P,鴻海元大97售13  ,0,0,0,0,0,0,0,0,0,25000,0,0,0,25000,0,25000,25000
064280,大立光元大9C購11,0,0,0,0,0,0,0,0,0,25000,0,0,0,25000,0,25000,25000
064281,大立光元大9C購12,0,0,0,0,0,0,0,0,0,25000,0,0,0,25000,0,25000,25000
064282,大立光元大9C購13,0,0,0,0,0,0,0,0,0,25000,0,0,0,25000,0,25000,25000
07627P,超眾凱基9A售02  ,0,0,0,0,0,0,0,0,0,25000,0,0,0,39000,14000,25000,25000
07368P,國巨凱基99售19  ,0,0,0,0,0,0,0,0,0,25000,0,0,0,25000,0,25000,25000
054652,裕隆麥證97購01  ,0,0,0,25000,0,25000,0,0,0,25000,0,0,0,25000,0,25000,25000
055390,國巨統一98購03  ,0,0,0,0,0,0,0,0,0,25000,0,0,0,26000,1000,25000,25000
055318,華通國票98購01  ,0,0,0,0,0,0,0,0,0,25000,0,0,0,25000,0,25000,25000
052331,漢唐亞東97購01  ,0,0,0,0,0,0,0,0,0,25000,0,0,0,25000,0,25000,25000
053798,台積電中信98購02,0,0,0,0,0,0,0,0,0,25000,0,0,0,25000,0,25000,25000
054463,瑞昱凱基97購01  ,0,0,0,0,0,0,0,0,0,25000,0,0,0,25000,0,25000,25000
054163,燿華凱基97購02  ,0,0,0,0,0,0,0,0,0,25000,0,0,0,25000,0,25000,25000
052927,友達元大98購02  ,0,0,0,0,0,0,0,0,0,25000,0,0,0,25000,0,25000,25000
054305,光磊凱基98購01  ,0,0,0,0,0,0,0,0,0,25000,0,0,0,25000,0,25000,25000
054320,國喬台新96購01  ,0,0,0,0,0,0,0,0,0,25000,0,0,0,25000,0,25000,25000
050077,臺股指凱基99購02,0,0,0,0,0,0,0,0,0,25000,0,0,0,25000,0,25000,25000
056004,南電永豐97購02  ,0,0,0,0,0,0,0,0,0,25000,0,0,0,38000,13000,25000,25000
055773,瑞昱凱基97購03  ,0,0,0,0,0,0,0,0,0,25000,0,0,0,30000,5000,25000,25000
055726,台表科元大98購03,0,0,0,0,0,0,0,0,0,25000,0,0,0,54000,29000,25000,25000
056594,台積電元富98購03,0,0,0,0,0,0,0,0,0,25000,0,0,0,25000,0,25000,25000
056645,大立光凱基98購12,0,0,0,0,0,0,0,0,0,25000,0,0,0,25000,0,25000,25000
054756,世紀鋼凱基99購01,0,0,0,0,0,0,0,0,0,25000,0,0,0,80000,55000,25000,25000
055085,大毅國票97購01  ,0,0,0,0,0,0,0,0,0,25000,0,0,0,25000,0,25000,25000
056347,GIS凱基9A購01   ,0,0,0,0,0,0,0,0,0,25000,0,0,0,25000,0,25000,25000
05889P,群創元大98售02  ,0,0,0,0,0,0,0,0,0,25000,0,0,0,191000,166000,25000,25000
058907,健策元大99購04  ,0,0,0,0,0,0,0,0,0,25000,0,0,0,25000,0,25000,25000
058919,SGBR2X元富99購05,0,0,0,0,0,0,0,0,0,25000,0,0,0,25000,0,25000,25000
057211,鴻海群益98購05  ,0,0,0,0,0,0,0,0,0,25000,0,0,0,112000,87000,25000,25000
057182,禾伸堂元大99購02,0,0,0,0,0,0,0,0,0,25000,0,0,0,76000,51000,25000,25000
057757,鴻海凱基98購13  ,0,0,0,0,0,0,0,0,0,25000,0,0,0,35000,10000,25000,25000
059988,大立光元大9A購02,0,0,0,0,0,0,0,0,0,25000,0,0,0,25000,0,25000,25000
060105,牧德元大9B購01  ,0,0,0,0,0,0,0,0,0,25000,0,0,0,30000,5000,25000,25000
060101,大立光元大99購31,0,0,0,0,0,0,0,0,0,25000,0,0,0,25000,0,25000,25000
060498,華通元大9A購03  ,0,0,0,0,0,0,0,0,0,25000,0,0,0,25000,0,25000,25000
057363,華通元大99購02  ,0,0,0,0,0,0,0,0,0,25000,0,0,0,26000,1000,25000,25000
061013,台積電麥證9A購03,0,0,0,25000,0,25000,0,0,0,25000,0,0,0,25000,0,25000,25000
059084,鴻海元大99購24  ,0,0,0,0,0,0,0,0,0,25000,0,0,0,87000,62000,25000,25000
059364,昇陽半永豐99購02,0,0,0,0,0,0,0,0,0,25000,0,0,0,29000,4000,25000,25000
059315,鴻海元大99購30  ,0,0,0,0,0,0,0,0,0,25000,0,0,0,45000,20000,25000,25000
062795,國巨統一9B購15  ,0,0,0,0,0,0,0,0,0,25000,0,0,0,25000,0,25000,25000
062848,臺股指富邦9B購02,0,0,0,0,0,0,0,0,0,25000,0,0,0,25000,0,25000,25000
062859,玉晶光國票01購02,0,0,0,0,0,0,0,0,0,25000,0,0,0,97000,72000,25000,25000
062945,世芯國泰01購01  ,0,0,0,0,0,0,0,0,0,25000,0,0,0,186000,161000,25000,25000
063242,聯發科元大9B購19,0,0,0,0,0,0,0,0,0,25000,0,0,0,25000,0,25000,25000
063123,聯發科元大9B購16,0,0,0,0,0,0,0,0,0,25000,0,0,0,47000,22000,25000,25000
061987,大立光元大9B購03,0,0,0,0,0,0,0,0,0,25000,0,0,0,25000,0,25000,25000
061988,大立光元大9B購04,0,0,0,0,0,0,0,0,0,25000,0,0,0,25000,0,25000,25000
062004,國巨國泰9C購03  ,0,0,0,0,0,0,0,0,0,25000,0,0,0,75000,50000,25000,25000
062445,大立光元大9C購02,0,0,0,0,0,0,0,0,0,25000,0,0,0,25000,0,25000,25000
061475,漢唐元大9A購01  ,0,0,0,0,0,0,0,0,0,25000,0,0,0,25000,0,25000,25000
061392,泰鼎群益9A購02  ,0,0,0,0,0,0,0,0,0,25000,0,0,0,25000,0,25000,25000
061343,大立光元大9A購04,0,0,0,0,0,0,0,0,0,25000,0,0,0,25000,0,25000,25000
061566,華通元大9A購10  ,0,0,0,0,0,0,0,0,0,25000,0,0,0,177000,152000,25000,25000
061704,景碩國票9A購01  ,0,0,0,0,0,0,0,0,0,25000,0,0,0,160000,135000,25000,25000
07423P,大立光元大99售33,0,0,0,0,0,0,0,0,0,24000,0,0,0,25000,1000,24000,24000
06439P,上銀凱基98售02  ,0,0,0,0,0,0,0,0,0,24000,0,0,0,120000,96000,24000,24000
3501,維熹            ,25000,1000,24000,0,0,0,0,0,0,0,0,0,0,0,0,0,24000
5907,大洋-KY         ,64000,40000,24000,0,0,0,0,0,0,0,0,0,0,0,0,0,24000
2881A,富邦特          ,24000,0,24000,0,0,0,0,0,0,0,0,0,0,0,0,0,24000
054917,聯發科凱基98購05,0,0,0,0,0,0,0,0,0,24000,0,0,0,24000,0,24000,24000
055583,國巨元大97購10  ,0,0,0,0,0,0,0,0,0,24000,0,0,0,35000,11000,24000,24000
055788,緯穎凱基97購04  ,0,0,0,0,0,0,0,0,0,24000,0,0,0,152000,128000,24000,24000
055970,聯茂元大97購04  ,0,0,0,0,0,0,0,0,0,24000,0,0,0,100000,76000,24000,24000
03680C,臺股指凱基9A牛26,0,0,0,0,0,0,0,0,0,24000,0,0,0,51000,27000,24000,24000
051431,群創元富99購02  ,0,0,0,0,0,0,0,0,0,24000,0,0,0,24000,0,24000,24000
00645,富邦日本        ,0,0,0,0,0,0,0,0,0,24000,0,0,0,86000,62000,24000,24000
058632,世紀鋼國票9A購01,0,0,0,0,0,0,0,0,0,24000,0,0,0,24000,0,24000,24000
058703,台積電元大99購16,0,0,0,0,0,0,0,0,0,24000,0,0,0,25000,1000,24000,24000
060897,健策凱基9A購04  ,0,0,0,0,0,0,0,0,0,24000,0,0,0,30000,6000,24000,24000
058187,泰碩永豐99購01  ,0,0,0,0,0,0,0,0,0,24000,0,0,0,40000,16000,24000,24000
060204,矽創元富9A購01  ,0,0,0,0,0,0,0,0,0,24000,0,0,0,30000,6000,24000,24000
057703,矽力群益98購01  ,0,0,0,0,0,0,0,0,0,24000,0,0,0,24000,0,24000,24000
058519,嘉澤元大99購01  ,0,0,0,0,0,0,0,0,0,24000,0,0,0,47000,23000,24000,24000
061458,臻鼎凱基9A購02  ,0,0,0,0,0,0,0,0,0,24000,0,0,0,54000,30000,24000,24000
062499,鴻海群益01購01  ,0,0,0,0,0,0,0,0,0,24000,0,0,0,91000,67000,24000,24000
062273,國巨群益9C購02  ,0,0,0,0,0,0,0,0,0,24000,0,0,0,60000,36000,24000,24000
062255,聯發科元大9B購07,0,0,0,0,0,0,0,0,0,24000,0,0,0,59000,35000,24000,24000
062109,聯詠國票9C購01  ,0,0,0,0,0,0,0,0,0,24000,0,0,0,24000,0,24000,24000
063160,牧德富邦9C購02  ,0,0,0,0,0,0,0,0,0,24000,0,0,0,24000,0,24000,24000
063030,華通凱基9B購03  ,0,0,0,0,0,0,0,0,0,24000,0,0,0,46000,22000,24000,24000
063847,聯發科元大9C購03,0,0,0,0,0,0,0,0,0,24000,0,0,0,75000,51000,24000,24000
063515,香港2X凱基01購01,0,0,0,0,0,0,0,0,0,24000,0,0,0,34000,10000,24000,24000
063440,上銀統一01購02  ,0,0,0,0,0,0,0,0,0,24000,0,0,0,30000,6000,24000,24000
8213,志超            ,771000,791000,-20000,0,0,0,1000,0,1000,43000,0,0,0,156000,113000,43000,24000
4764,雙鍵            ,24000,1000,23000,0,0,0,0,0,0,0,0,0,0,0,0,0,23000
1473,台南            ,44000,22000,22000,0,0,0,0,0,0,1000,1000,0,1000,0,0,0,23000
2030,彰源            ,31000,8000,23000,0,0,0,0,0,0,0,0,0,0,0,0,0,23000
063908,國巨凱基9C購06  ,0,0,0,0,0,0,0,0,0,23000,0,0,0,23000,0,23000,23000
07471P,南亞科元大9A售01,0,0,0,0,0,0,0,0,0,23000,0,0,0,23000,0,23000,23000
044864,道瓊反國票96購01,0,0,0,0,0,0,0,0,0,23000,0,0,0,23000,0,23000,23000
03448B,臺股指元大9C熊11,0,0,0,0,0,0,0,0,0,23000,0,0,0,31000,8000,23000,23000
052986,聯發科元大97購05,0,0,0,0,0,0,0,0,0,23000,0,0,0,548000,525000,23000,23000
052647,晶技永豐97購01  ,0,0,0,0,0,0,0,0,0,23000,0,0,0,23000,0,23000,23000
053297,鎧勝中信98購01  ,0,0,0,0,0,0,0,0,0,23000,0,0,0,548000,525000,23000,23000
056126,台郡國票98購02  ,0,0,0,0,0,0,0,0,0,23000,0,0,0,23000,0,23000,23000
058950,國巨群益99購06  ,0,0,0,0,0,0,0,0,0,23000,0,0,0,29000,6000,23000,23000
058968,T50正2永豐99購01,0,0,0,0,0,0,0,0,0,23000,0,0,0,30000,7000,23000,23000
059940,微星永豐99購01  ,0,0,0,0,0,0,0,0,0,23000,0,0,0,36000,13000,23000,23000
056895,技嘉元大98購01  ,0,0,0,0,0,0,0,0,0,23000,0,0,0,48000,25000,23000,23000
060252,緯穎元大9A購02  ,0,0,0,0,0,0,0,0,0,23000,0,0,0,116000,93000,23000,23000
060946,世紀鋼國票9A購02,0,0,0,0,0,0,0,0,0,23000,0,0,0,183000,160000,23000,23000
060877,華邦電中信02購01,0,0,0,0,0,0,0,0,0,23000,0,0,0,49000,26000,23000,23000
061146,台表科中信9A購02,0,0,0,0,0,0,0,0,0,23000,0,0,0,45000,22000,23000,23000
058390,樺漢國票9A購01  ,0,0,0,0,0,0,0,0,0,23000,0,0,0,56000,33000,23000,23000
059511,宏達電永豐99購02,0,0,0,0,0,0,0,0,0,23000,0,0,0,27000,4000,23000,23000
059500,鴻海元富99購11  ,0,0,0,0,0,0,0,0,0,23000,0,0,0,131000,108000,23000,23000
062898,華通元大9B購05  ,0,0,0,0,0,0,0,0,0,23000,0,0,0,176000,153000,23000,23000
062223,大立光統一9C購04,0,0,0,0,0,0,0,0,0,23000,0,0,0,42000,19000,23000,23000
062044,健策凱基9B購02  ,0,0,0,0,0,0,0,0,0,23000,0,0,0,36000,13000,23000,23000
9924,福興            ,31000,8000,23000,0,0,0,0,0,0,0,0,0,0,0,0,0,23000
063946,聯發科元大9C購04,0,0,0,0,0,0,0,0,0,22000,0,0,0,104000,82000,22000,22000
06684P,緯穎元大98售06  ,0,0,0,0,0,0,0,0,0,22000,0,0,0,22000,0,22000,22000
1460,宏遠            ,369000,347000,22000,0,0,0,0,0,0,0,0,0,0,0,0,0,22000
07975P,國巨元大9B售15  ,0,0,0,0,0,0,0,0,0,22000,0,0,0,22000,0,22000,22000
3669,圓展            ,140000,118000,22000,0,0,0,0,0,0,0,0,0,0,0,0,0,22000
6115,鎰勝            ,37000,18000,19000,0,0,0,0,0,0,3000,3000,0,3000,0,0,0,22000
056745,聯茂凱基99購03  ,0,0,0,0,0,0,0,0,0,22000,0,0,0,22000,0,22000,22000
059921,大立光元大99購24,0,0,0,0,0,0,0,0,0,22000,0,0,0,25000,3000,22000,22000
059783,旺宏元大99購17  ,0,0,0,0,0,0,0,0,0,22000,0,0,0,28000,6000,22000,22000
055058,大毅永豐97購01  ,0,0,0,0,0,0,0,0,0,22000,0,0,0,22000,0,22000,22000
052396,台積電凱基97購01,0,0,0,0,0,0,0,0,0,22000,0,0,0,32000,10000,22000,22000
055383,GIS元大97購02   ,0,0,0,0,0,0,0,0,0,22000,0,0,0,22000,0,22000,22000
05712P,友達統一97售03  ,0,0,0,0,0,0,0,0,0,22000,0,0,0,95000,73000,22000,22000
053970,聯發科元大97購08,0,0,0,0,0,0,0,0,0,22000,0,0,0,22000,0,22000,22000
05959P,聯發科國票98售01,0,0,0,0,0,0,0,0,0,22000,0,0,0,40000,18000,22000,22000
059288,旺宏元富99購03  ,0,0,0,0,0,0,0,0,0,22000,0,0,0,22000,0,22000,22000
059213,國巨元大99購19  ,0,0,0,0,0,0,0,0,0,22000,0,0,0,65000,43000,22000,22000
058480,新日興凱基9A購01,0,0,0,0,0,0,0,0,0,22000,0,0,0,22000,0,22000,22000
060896,晶技凱基9A購02  ,0,0,0,0,0,0,0,0,0,22000,0,0,0,44000,22000,22000,22000
057391,樺漢永豐98購01  ,0,0,0,0,0,0,0,0,0,22000,0,0,0,22000,0,22000,22000
060629,鴻海富邦9B購01  ,0,0,0,0,0,0,0,0,0,22000,0,0,0,102000,80000,22000,22000
057824,日月光元大98購01,0,0,0,0,0,0,0,0,0,22000,0,0,0,153000,131000,22000,22000
057451,大立光元富9B購01,0,0,0,0,0,0,0,0,0,22000,0,0,0,133000,111000,22000,22000
057445,華通元富02購01  ,0,0,0,0,0,0,0,0,0,22000,0,0,0,120000,98000,22000,22000
061561,義隆國票9A購02  ,0,0,0,0,0,0,0,0,0,22000,0,0,0,22000,0,22000,22000
062897,上銀元大9B購06  ,0,0,0,0,0,0,0,0,0,22000,0,0,0,22000,0,22000,22000
062994,祥碩群益9B購05  ,0,0,0,0,0,0,0,0,0,22000,0,0,0,135000,113000,22000,22000
063378,茂林永豐9B購02  ,0,0,0,0,0,0,0,0,0,22000,0,0,0,22000,0,22000,22000
06371P,茂林國票98售04  ,0,0,0,0,0,0,0,0,0,22000,0,0,0,78000,56000,22000,22000
063659,世紀鋼元富9B購01,0,0,0,0,0,0,0,0,0,22000,0,0,0,222000,200000,22000,22000
3694,海華            ,36000,15000,21000,0,0,0,0,0,0,0,0,0,0,0,0,0,21000
2929,淘帝-KY         ,84000,63000,21000,0,0,0,0,0,0,0,0,0,0,0,0,0,21000
2530,華建            ,97000,76000,21000,0,0,0,0,0,0,0,0,0,0,0,0,0,21000
08228P,華擎國票9C售01  ,0,0,0,0,0,0,0,0,0,21000,0,0,0,21000,0,21000,21000
1614,三洋電          ,21000,0,21000,0,0,0,0,0,0,0,0,0,0,0,0,0,21000
064002,仁寶凱基9C購01  ,0,0,0,0,0,0,0,0,0,21000,0,0,0,22000,1000,21000,21000
06386P,欣興永豐97售03  ,0,0,0,0,0,0,0,0,0,21000,0,0,0,27000,6000,21000,21000
07608P,台灣50國票9C售03,0,0,0,0,0,0,0,0,0,21000,0,0,0,21000,0,21000,21000
07877P,晶技永豐9B售01  ,0,0,0,0,0,0,0,0,0,21000,0,0,0,21000,0,21000,21000
052890,FB上証群益9B購01,0,0,0,0,0,0,0,0,0,21000,0,0,0,24000,3000,21000,21000
051739,奇力新國票97購01,0,0,0,0,0,0,0,0,0,21000,0,0,0,21000,0,21000,21000
051799,台積電永豐96購01,0,0,0,0,0,0,0,0,0,21000,0,0,0,21000,0,21000,21000
03425B,臺股指元大9A熊01,0,0,0,0,0,0,0,0,0,21000,0,0,0,26000,5000,21000,21000
055001,京鼎元富97購01  ,0,0,0,0,0,0,0,0,0,21000,0,0,0,21000,0,21000,21000
054742,京鼎凱基99購01  ,0,0,0,0,0,0,0,0,0,21000,0,0,0,23000,2000,21000,21000
058947,SGBR2X群益9B購02,0,0,0,0,0,0,0,0,0,21000,0,0,0,23000,2000,21000,21000
057221,華通國票98購03  ,0,0,0,0,0,0,0,0,0,21000,0,0,0,21000,0,21000,21000
058086,鴻海元大98購14  ,0,0,0,0,0,0,0,0,0,21000,0,0,0,29000,8000,21000,21000
060825,聯詠元大9A購05  ,0,0,0,0,0,0,0,0,0,21000,0,0,0,60000,39000,21000,21000
061133,玉晶光第一9A購01,0,0,0,0,0,0,0,0,0,21000,0,0,0,22000,1000,21000,21000
061109,臻鼎元大9A購03  ,0,0,0,0,0,0,0,0,0,21000,0,0,0,146000,125000,21000,21000
057585,鴻海國票99購05  ,0,0,0,0,0,0,0,0,0,21000,0,0,0,51000,30000,21000,21000
058884,世紀鋼永豐99購02,0,0,0,0,0,0,0,0,0,21000,0,0,0,45000,24000,21000,21000
063200,瑞昱統一9C購01  ,0,0,0,0,0,0,0,0,0,21000,0,0,0,21000,0,21000,21000
062685,華新科統一9C購03,0,0,0,0,0,0,0,0,0,21000,0,0,0,75000,54000,21000,21000
062634,玉晶光國票9B購03,0,0,0,0,0,0,0,0,0,21000,0,0,0,32000,11000,21000,21000
061619,大立光群益9B購01,0,0,0,0,0,0,0,0,0,21000,0,0,0,21000,0,21000,21000
061770,泰碩元大9B購02  ,0,0,0,0,0,0,0,0,0,21000,0,0,0,101000,80000,21000,21000
061809,聯發科統一9C購05,0,0,0,0,0,0,0,0,0,21000,0,0,0,21000,0,21000,21000
061310,華新科麥證9A購01,0,0,0,31000,10000,21000,0,0,0,21000,0,0,0,31000,10000,21000,21000
061216,世芯元大9A購06  ,0,0,0,0,0,0,0,0,0,21000,0,0,0,40000,19000,21000,21000
062071,華通元大9B購02  ,0,0,0,0,0,0,0,0,0,21000,0,0,0,126000,105000,21000,21000
062261,嘉晶元大9B購02  ,0,0,0,0,0,0,0,0,0,21000,0,0,0,21000,0,21000,21000
9943,好樂迪          ,49000,28000,21000,0,0,0,0,0,0,0,0,0,0,0,0,0,21000
07828P,SP黃豆凱基01售01,0,0,0,0,0,0,0,0,0,20000,0,0,0,20000,0,20000,20000
07761P,智邦永豐9A售03  ,0,0,0,0,0,0,0,0,0,20000,0,0,0,20000,0,20000,20000
07612P,國巨國泰9B售06  ,0,0,0,0,0,0,0,0,0,20000,0,0,0,20000,0,20000,20000
07635P,世芯永豐9A售05  ,0,0,0,0,0,0,0,0,0,20000,0,0,0,25000,5000,20000,20000
07636P,鴻海國票9A售05  ,0,0,0,0,0,0,0,0,0,20000,0,0,0,20000,0,20000,20000
07479P,A50正2元富9A售03,0,0,0,0,0,0,0,0,0,20000,0,0,0,20000,0,20000,20000
07379P,大立光元大99售30,0,0,0,0,0,0,0,0,0,20000,0,0,0,20000,0,20000,20000
07058P,台積電凱基9A售07,0,0,0,0,0,0,0,0,0,20000,0,0,0,50000,30000,20000,20000
06723P,台灣50麥證99售01,0,0,0,20000,0,20000,0,0,0,20000,0,0,0,20000,0,20000,20000
06791P,聯發科凱基98售16,0,0,0,0,0,0,0,0,0,20000,0,0,0,20000,0,20000,20000
06850P,聯茂元大98售06  ,0,0,0,0,0,0,0,0,0,20000,0,0,0,38000,18000,20000,20000
06919P,臺股指日盛98售02,0,0,0,0,0,0,0,0,0,20000,0,0,0,30000,10000,20000,20000
06885P,國巨國票99售06  ,0,0,0,0,0,0,0,0,0,20000,0,0,0,40000,20000,20000,20000
06936P,瑞儀元大98售01  ,0,0,0,0,0,0,0,0,0,20000,0,0,0,30000,10000,20000,20000
063910,漢唐凱基9C購01  ,0,0,0,0,0,0,0,0,0,20000,0,0,0,20000,0,20000,20000
064025,友達元大02購01  ,0,0,0,0,0,0,0,0,0,20000,0,0,0,25000,5000,20000,20000
064189,TPK永豐9C購01   ,0,0,0,0,0,0,0,0,0,20000,0,0,0,25000,5000,20000,20000
2069,運錩            ,20000,0,20000,0,0,0,0,0,0,0,0,0,0,0,0,0,20000
1446,宏和            ,21000,1000,20000,0,0,0,0,0,0,0,0,0,0,0,0,0,20000
08278P,玉晶光元富9C售02,0,0,0,0,0,0,0,0,0,20000,0,0,0,20000,0,20000,20000
08194P,同欣電國票9C售03,0,0,0,0,0,0,0,0,0,20000,0,0,0,20000,0,20000,20000
07939P,台積電統一9B售14,0,0,0,0,0,0,0,0,0,20000,0,0,0,30000,10000,20000,20000
08065P,瑞昱凱基9B售03  ,0,0,0,0,0,0,0,0,0,20000,0,0,0,20000,0,20000,20000
5258,虹堡            ,28000,6000,22000,0,0,0,0,0,0,-2000,0,2000,-2000,0,0,0,20000
5203,訊連            ,38000,18000,20000,0,0,0,0,0,0,0,5000,5000,0,0,0,0,20000
4989,榮科            ,42000,22000,20000,0,0,0,0,0,0,0,0,0,0,0,0,0,20000
6281,全國電          ,25000,5000,20000,0,0,0,0,0,0,0,0,0,0,0,0,0,20000
6184,大豐電          ,21000,1000,20000,0,0,0,0,0,0,0,0,0,0,0,0,0,20000
058124,玉晶光國票9A購01,0,0,0,0,0,0,0,0,0,20000,0,0,0,101000,81000,20000,20000
058961,台灣50兆豐9C購01,0,0,0,0,0,0,0,0,0,20000,0,0,0,20000,0,20000,20000
059853,超眾永豐99購03  ,0,0,0,0,0,0,0,0,0,20000,0,0,0,30000,10000,20000,20000
056707,鴻海富邦99購03  ,0,0,0,0,0,0,0,0,0,20000,0,0,0,20000,0,20000,20000
057023,美律凱基99購02  ,0,0,0,0,0,0,0,0,0,20000,0,0,0,20000,0,20000,20000
054798,超眾群益97購01  ,0,0,0,0,0,0,0,0,0,20000,0,0,0,20000,0,20000,20000
056511,超眾永豐98購01  ,0,0,0,0,0,0,0,0,0,20000,0,0,0,20000,0,20000,20000
055038,華航富邦99購01  ,0,0,0,0,0,0,0,0,0,20000,0,0,0,20000,0,20000,20000
055028,佐登國泰98購01  ,0,0,0,0,0,0,0,0,0,20000,0,0,0,20000,0,20000,20000
055167,友訊統一97購01  ,0,0,0,0,0,0,0,0,0,20000,0,0,0,20000,0,20000,20000
055140,晶相光永豐97購01,0,0,0,0,0,0,0,0,0,20000,0,0,0,20000,0,20000,20000
056215,華新科國票97購03,0,0,0,0,0,0,0,0,0,20000,0,0,0,30000,10000,20000,20000
056170,鴻海元富97購09  ,0,0,0,0,0,0,0,0,0,20000,0,0,0,40000,20000,20000,20000
056178,嘉澤元富97購02  ,0,0,0,0,0,0,0,0,0,20000,0,0,0,50000,30000,20000,20000
055744,茂林元富97購02  ,0,0,0,0,0,0,0,0,0,20000,0,0,0,214000,194000,20000,20000
056629,昇陽半永豐98購01,0,0,0,0,0,0,0,0,0,20000,0,0,0,71000,51000,20000,20000
055872,亞泥元富97購01  ,0,0,0,0,0,0,0,0,0,20000,0,0,0,20000,0,20000,20000
051634,大立光國票96購03,0,0,0,0,0,0,0,0,0,20000,0,0,0,20000,0,20000,20000
051484,玉晶光凱基97購01,0,0,0,0,0,0,0,0,0,20000,0,0,0,42000,22000,20000,20000
00742,新光內需收益    ,0,0,0,0,0,0,0,0,0,20000,0,0,0,124000,104000,20000,20000
054316,矽創凱基97購01  ,0,0,0,0,0,0,0,0,0,20000,0,0,0,20000,0,20000,20000
053972,華新科元大96購06,0,0,0,0,0,0,0,0,0,20000,0,0,0,20000,0,20000,20000
050895,聯發科元大97購01,0,0,0,0,0,0,0,0,0,20000,0,0,0,20000,0,20000,20000
050271,上緯控元大96購01,0,0,0,0,0,0,0,0,0,20000,0,0,0,20000,0,20000,20000
055464,聚陽凱基97購01  ,0,0,0,0,0,0,0,0,0,20000,0,0,0,20000,0,20000,20000
055330,上銀兆豐98購02  ,0,0,0,0,0,0,0,0,0,20000,0,0,0,20000,0,20000,20000
054330,世芯永豐96購02  ,0,0,0,0,0,0,0,0,0,20000,0,0,0,20000,0,20000,20000
052635,奇力新凱基98購01,0,0,0,0,0,0,0,0,0,20000,0,0,0,20000,0,20000,20000
052572,群創凱基99購01  ,0,0,0,0,0,0,0,0,0,20000,0,0,0,52000,32000,20000,20000
054347,上緯控國票96購02,0,0,0,0,0,0,0,0,0,20000,0,0,0,70000,50000,20000,20000
053205,台光電麥證96購01,0,0,0,20000,0,20000,0,0,0,20000,0,0,0,20000,0,20000,20000
053339,友達國票97購02  ,0,0,0,0,0,0,0,0,0,20000,0,0,0,35000,15000,20000,20000
053501,明泰兆豐96購01  ,0,0,0,0,0,0,0,0,0,20000,0,0,0,30000,10000,20000,20000
053458,聯詠國泰97購01  ,0,0,0,0,0,0,0,0,0,20000,0,0,0,20000,0,20000,20000
058834,GIS永豐99購01   ,0,0,0,0,0,0,0,0,0,20000,0,0,0,20000,0,20000,20000
05906P,國巨元富96售05  ,0,0,0,0,0,0,0,0,0,20000,0,0,0,20000,0,20000,20000
059247,可成凱基99購05  ,0,0,0,0,0,0,0,0,0,20000,0,0,0,20000,0,20000,20000
058612,健策元大99購02  ,0,0,0,0,0,0,0,0,0,20000,0,0,0,35000,15000,20000,20000
05880P,創意康和96售01  ,0,0,0,0,0,0,0,0,0,20000,0,0,0,20000,0,20000,20000
058770,貿聯兆豐9A購01  ,0,0,0,0,0,0,0,0,0,20000,0,0,0,20000,0,20000,20000
058747,友達凱基9A購03  ,0,0,0,0,0,0,0,0,0,20000,0,0,0,20000,0,20000,20000
059313,元石油元大99購06,0,0,0,0,0,0,0,0,0,20000,0,0,0,30000,10000,20000,20000
059334,A50正2國票9A購02,0,0,0,0,0,0,0,0,0,20000,0,0,0,20000,0,20000,20000
059533,富邦金凱基99購01,0,0,0,0,0,0,0,0,0,20000,0,0,0,60000,40000,20000,20000
059534,國泰金凱基99購01,0,0,0,0,0,0,0,0,0,20000,0,0,0,35000,15000,20000,20000
059687,卜蜂永豐99購01  ,0,0,0,0,0,0,0,0,0,20000,0,0,0,20000,0,20000,20000
059641,群創凱基99購06  ,0,0,0,0,0,0,0,0,0,20000,0,0,0,21000,1000,20000,20000
059639,大立光凱基9A購06,0,0,0,0,0,0,0,0,0,20000,0,0,0,20000,0,20000,20000
058486,大立光國票9A購01,0,0,0,0,0,0,0,0,0,20000,0,0,0,20000,0,20000,20000
05919P,京鼎元大96售03  ,0,0,0,0,0,0,0,0,0,20000,0,0,0,21000,1000,20000,20000
059174,訊芯凱基99購01  ,0,0,0,0,0,0,0,0,0,20000,0,0,0,20000,0,20000,20000
059191,茂林富邦9B購01  ,0,0,0,0,0,0,0,0,0,20000,0,0,0,20000,0,20000,20000
060720,嘉聯益永豐9A購02,0,0,0,0,0,0,0,0,0,20000,0,0,0,20000,0,20000,20000
060992,健策元大9A購05  ,0,0,0,0,0,0,0,0,0,20000,0,0,0,60000,40000,20000,20000
061068,祥碩凱基9B購01  ,0,0,0,0,0,0,0,0,0,20000,0,0,0,20000,0,20000,20000
060799,茂林永豐9A購01  ,0,0,0,0,0,0,0,0,0,20000,0,0,0,60000,40000,20000,20000
060297,和碩元大9A購02  ,0,0,0,0,0,0,0,0,0,20000,0,0,0,70000,50000,20000,20000
058310,大立光元大99購10,0,0,0,0,0,0,0,0,0,20000,0,0,0,20000,0,20000,20000
058298,聯茂凱基99購05  ,0,0,0,0,0,0,0,0,0,20000,0,0,0,20000,0,20000,20000
058267,奇鋐永豐99購01  ,0,0,0,0,0,0,0,0,0,20000,0,0,0,30000,10000,20000,20000
05851P,力山群益97售01  ,0,0,0,0,0,0,0,0,0,20000,0,0,0,20000,0,20000,20000
058984,全新凱基9A購03  ,0,0,0,0,0,0,0,0,0,20000,0,0,0,20000,0,20000,20000
057218,可成群益99購03  ,0,0,0,0,0,0,0,0,0,20000,0,0,0,20000,0,20000,20000
057472,T50正2元大9B購03,0,0,0,0,0,0,0,0,0,20000,0,0,0,30000,10000,20000,20000
057791,可成統一99購01  ,0,0,0,0,0,0,0,0,0,20000,0,0,0,20000,0,20000,20000
057758,鴻海凱基99購03  ,0,0,0,0,0,0,0,0,0,20000,0,0,0,32000,12000,20000,20000
060597,華通凱基9A購04  ,0,0,0,0,0,0,0,0,0,20000,0,0,0,20000,0,20000,20000
06060P,玉晶光元大97售03,0,0,0,0,0,0,0,0,0,20000,0,0,0,355000,335000,20000,20000
060539,道瓊反凱基9A購01,0,0,0,0,0,0,0,0,0,20000,0,0,0,20000,0,20000,20000
058185,國巨永豐99購01  ,0,0,0,0,0,0,0,0,0,20000,0,0,0,20000,0,20000,20000
058221,上銀統一99購04  ,0,0,0,0,0,0,0,0,0,20000,0,0,0,20000,0,20000,20000
057332,旺宏國票99購03  ,0,0,0,0,0,0,0,0,0,20000,0,0,0,20000,0,20000,20000
060462,鴻海元大9A購10  ,0,0,0,0,0,0,0,0,0,20000,0,0,0,20000,0,20000,20000
060364,奇力新元富9A購01,0,0,0,0,0,0,0,0,0,20000,0,0,0,135000,115000,20000,20000
060058,牧德凱基9B購01  ,0,0,0,0,0,0,0,0,0,20000,0,0,0,20000,0,20000,20000
060055,宏達電凱基99購06,0,0,0,0,0,0,0,0,0,20000,0,0,0,27000,7000,20000,20000
062368,聯詠元大9B購01  ,0,0,0,0,0,0,0,0,0,20000,0,0,0,27000,7000,20000,20000
062074,旺宏元大9B購04  ,0,0,0,0,0,0,0,0,0,20000,0,0,0,50000,30000,20000,20000
06190P,玉晶光永豐97售05,0,0,0,0,0,0,0,0,0,20000,0,0,0,20000,0,20000,20000
062218,燿華統一01購01  ,0,0,0,0,0,0,0,0,0,20000,0,0,0,20000,0,20000,20000
061236,台積電元大9A購24,0,0,0,0,0,0,0,0,0,20000,0,0,0,20000,0,20000,20000
061167,臻鼎兆豐9B購01  ,0,0,0,0,0,0,0,0,0,20000,0,0,0,20000,0,20000,20000
06141P,大立光日盛97售01,0,0,0,0,0,0,0,0,0,20000,0,0,0,20000,0,20000,20000
061876,明泰元大9B購01  ,0,0,0,0,0,0,0,0,0,20000,0,0,0,25000,5000,20000,20000
061733,聯發科中信01購01,0,0,0,0,0,0,0,0,0,20000,0,0,0,20000,0,20000,20000
061537,SP黃豆群益9A購02,0,0,0,0,0,0,0,0,0,20000,0,0,0,20000,0,20000,20000
062624,大成鋼國票9B購02,0,0,0,0,0,0,0,0,0,20000,0,0,0,20000,0,20000,20000
062742,技嘉國泰01購01  ,0,0,0,0,0,0,0,0,0,20000,0,0,0,26000,6000,20000,20000
062912,新日興元大9B購01,0,0,0,0,0,0,0,0,0,20000,0,0,0,51000,31000,20000,20000
06284P,台積電國票98售03,0,0,0,0,0,0,0,0,0,20000,0,0,0,20000,0,20000,20000
063162,國喬永豐9B購01  ,0,0,0,0,0,0,0,0,0,20000,0,0,0,20000,0,20000,20000
063165,泰碩永豐9B購02  ,0,0,0,0,0,0,0,0,0,20000,0,0,0,20000,0,20000,20000
063116,大立光麥證9C購01,0,0,0,20000,0,20000,0,0,0,20000,0,0,0,20000,0,20000,20000
063711,高鐵凱基9B購01  ,0,0,0,0,0,0,0,0,0,20000,0,0,0,40000,20000,20000,20000
063706,台虹群益9B購01  ,0,0,0,0,0,0,0,0,0,20000,0,0,0,20000,0,20000,20000
06376P,上銀統一99售01  ,0,0,0,0,0,0,0,0,0,20000,0,0,0,30000,10000,20000,20000
063367,GIS富邦9B購01   ,0,0,0,0,0,0,0,0,0,20000,0,0,0,20000,0,20000,20000
063365,義隆富邦01購01  ,0,0,0,0,0,0,0,0,0,20000,0,0,0,30000,10000,20000,20000
06339P,上銀統一97售06  ,0,0,0,0,0,0,0,0,0,20000,0,0,0,20000,0,20000,20000
063299,金寶凱基9B購01  ,0,0,0,0,0,0,0,0,0,20000,0,0,0,40000,20000,20000,20000
063427,南六凱基9B購04  ,0,0,0,0,0,0,0,0,0,20000,0,0,0,20000,0,20000,20000
063533,緯穎凱基9B購06  ,0,0,0,0,0,0,0,0,0,20000,0,0,0,20000,0,20000,20000
2395,研華            ,320300,293605,26695,0,0,0,0,8000,-8000,1000,1000,0,1000,0,0,0,19695
3055,蔚華科          ,20000,1000,19000,0,0,0,0,0,0,0,0,0,0,0,0,0,19000
2612,中航            ,59000,40000,19000,0,0,0,0,0,0,0,0,0,0,0,0,0,19000
6666,羅麗芬-KY       ,19000,0,19000,0,0,0,0,0,0,0,0,0,0,0,0,0,19000
07944P,華新科元大9B售08,0,0,0,0,0,0,0,0,0,19000,0,0,0,19000,0,19000,19000
07638P,長榮航國票9A售01,0,0,0,0,0,0,0,0,0,19000,0,0,0,100000,81000,19000,19000
053407,台積電兆豐96購02,0,0,0,0,0,0,0,0,0,19000,0,0,0,295000,276000,19000,19000
05306P,泰碩國泰97售01  ,0,0,0,0,0,0,0,0,0,19000,0,0,0,39000,20000,19000,19000
054410,國巨元大96購14  ,0,0,0,0,0,0,0,0,0,19000,0,0,0,19000,0,19000,19000
054420,緯穎元大96購08  ,0,0,0,0,0,0,0,0,0,19000,0,0,0,19000,0,19000,19000
051907,台積電元大97購05,0,0,0,0,0,0,0,0,0,19000,0,0,0,19000,0,19000,19000
046942,友達元大99購01  ,0,0,0,0,0,0,0,0,0,19000,0,0,0,273000,254000,19000,19000
060512,祥碩元大9A購02  ,0,0,0,0,0,0,0,0,0,19000,0,0,0,54000,35000,19000,19000
058067,台積電第一9C購01,0,0,0,0,0,0,0,0,0,19000,0,0,0,20000,1000,19000,19000
060882,大立光中信9A購05,0,0,0,0,0,0,0,0,0,19000,0,0,0,19000,0,19000,19000
060943,宏達電國票9B購02,0,0,0,0,0,0,0,0,0,19000,0,0,0,26000,7000,19000,19000
059252,聯詠凱基99購03  ,0,0,0,0,0,0,0,0,0,19000,0,0,0,19000,0,19000,19000
063584,南六國泰01購01  ,0,0,0,0,0,0,0,0,0,19000,0,0,0,24000,5000,19000,19000
06359P,上銀群益97售03  ,0,0,0,0,0,0,0,0,0,19000,0,0,0,120000,101000,19000,19000
063089,巨大凱基9C購01  ,0,0,0,0,0,0,0,0,0,19000,0,0,0,87000,68000,19000,19000
062767,GIS凱基9B購02   ,0,0,0,0,0,0,0,0,0,19000,0,0,0,46000,27000,19000,19000
062757,華通凱基9B購02  ,0,0,0,0,0,0,0,0,0,19000,0,0,0,19000,0,19000,19000
062660,神隆群益9B購02  ,0,0,0,0,0,0,0,0,0,19000,0,0,0,129000,110000,19000,19000
061184,大立光國泰9C購01,0,0,0,0,0,0,0,0,0,19000,0,0,0,19000,0,19000,19000
8463,潤泰材          ,35000,16000,19000,0,0,0,0,0,0,0,0,0,0,0,0,0,19000
07685P,玉晶光凱基9B售03,0,0,0,0,0,0,0,0,0,18000,0,0,0,30000,12000,18000,18000
07793P,同欣電元大9A售02,0,0,0,0,0,0,0,0,0,18000,0,0,0,110000,92000,18000,18000
06933P,禾伸堂元大98售03,0,0,0,0,0,0,0,0,0,18000,0,0,0,18000,0,18000,18000
06851P,鈺齊元大98售01  ,0,0,0,0,0,0,0,0,0,18000,0,0,0,28000,10000,18000,18000
07121P,華新科凱基99售03,0,0,0,0,0,0,0,0,0,18000,0,0,0,18000,0,18000,18000
063907,華通凱基9C購03  ,0,0,0,0,0,0,0,0,0,18000,0,0,0,77000,59000,18000,18000
07890P,南電國票9B售01  ,0,0,0,0,0,0,0,0,0,18000,0,0,0,18000,0,18000,18000
1215,卜蜂            ,194000,176000,18000,0,0,0,0,0,0,0,20000,25000,-5000,6000,1000,5000,18000
1806,冠軍            ,29000,11000,18000,0,0,0,0,0,0,0,0,0,0,0,0,0,18000
4725,信昌化          ,21000,3000,18000,0,0,0,0,0,0,0,0,0,0,0,0,0,18000
2939,凱羿-KY         ,46000,28000,18000,0,0,0,0,0,0,0,0,0,0,0,0,0,18000
053821,群創群益98購08  ,0,0,0,0,0,0,0,0,0,18000,0,0,0,98000,80000,18000,18000
052555,漢唐國票97購01  ,0,0,0,0,0,0,0,0,0,18000,0,0,0,18000,0,18000,18000
053537,玉晶光永豐98購02,0,0,0,0,0,0,0,0,0,18000,0,0,0,45000,27000,18000,18000
055437,禾伸堂中信99購01,0,0,0,0,0,0,0,0,0,18000,0,0,0,85000,67000,18000,18000
056459,茂林凱基99購01  ,0,0,0,0,0,0,0,0,0,18000,0,0,0,77000,59000,18000,18000
055922,台郡凱基98購03  ,0,0,0,0,0,0,0,0,0,18000,0,0,0,18000,0,18000,18000
055704,亞德客永豐97購04,0,0,0,0,0,0,0,0,0,18000,0,0,0,18000,0,18000,18000
057040,國巨元大98購12  ,0,0,0,0,0,0,0,0,0,18000,0,0,0,18000,0,18000,18000
057284,新日興元大98購03,0,0,0,0,0,0,0,0,0,18000,0,0,0,18000,0,18000,18000
058849,奇力新群益99購02,0,0,0,0,0,0,0,0,0,18000,0,0,0,18000,0,18000,18000
058504,台積電元大99購07,0,0,0,0,0,0,0,0,0,18000,0,0,0,123000,105000,18000,18000
058370,聯詠凱基99購01  ,0,0,0,0,0,0,0,0,0,18000,0,0,0,20000,2000,18000,18000
058073,大立光凱基99購04,0,0,0,0,0,0,0,0,0,18000,0,0,0,18000,0,18000,18000
057222,鴻海國票99購04  ,0,0,0,0,0,0,0,0,0,18000,0,0,0,26000,8000,18000,18000
060401,世紀鋼國票9B購01,0,0,0,0,0,0,0,0,0,18000,0,0,0,18000,0,18000,18000
061481,嘉澤元大9A購03  ,0,0,0,0,0,0,0,0,0,18000,0,0,0,55000,37000,18000,18000
061596,健策永豐9A購03  ,0,0,0,0,0,0,0,0,0,18000,0,0,0,68000,50000,18000,18000
061839,華新科凱基05購04,0,0,0,0,0,0,0,0,0,18000,0,0,0,53000,35000,18000,18000
062129,世紀鋼統一02購01,0,0,0,0,0,0,0,0,0,18000,0,0,0,18000,0,18000,18000
061970,大立光統一9C購03,0,0,0,0,0,0,0,0,0,18000,0,0,0,18000,0,18000,18000
061949,大立光群益9B購03,0,0,0,0,0,0,0,0,0,18000,0,0,0,20000,2000,18000,18000
06200P,聯發科元大97售18,0,0,0,0,0,0,0,0,0,18000,0,0,0,18000,0,18000,18000
062527,美律統一01購01  ,0,0,0,0,0,0,0,0,0,18000,0,0,0,106000,88000,18000,18000
062833,世芯群益9B購01  ,0,0,0,0,0,0,0,0,0,18000,0,0,0,66000,48000,18000,18000
062958,長榮航麥證9B購01,0,0,0,37000,19000,18000,0,0,0,18000,0,0,0,37000,19000,18000,18000
062990,台積電群益9B購06,0,0,0,0,0,0,0,0,0,18000,0,0,0,51000,33000,18000,18000
063636,聯發科元大9B購26,0,0,0,0,0,0,0,0,0,18000,0,0,0,59000,41000,18000,18000
063681,深中小永豐9B購01,0,0,0,0,0,0,0,0,0,18000,0,0,0,18000,0,18000,18000
063424,新日興凱基01購01,0,0,0,0,0,0,0,0,0,18000,0,0,0,18000,0,18000,18000
063330,神達國票9C購01  ,0,0,0,0,0,0,0,0,0,18000,0,0,0,18000,0,18000,18000
2534,宏盛            ,172000,155000,17000,0,0,0,0,0,0,0,0,0,0,0,0,0,17000
3454,晶睿            ,33000,16000,17000,0,0,0,0,0,0,0,0,0,0,0,0,0,17000
6668,中揚光          ,60000,44000,16000,0,0,0,0,0,0,1000,1000,0,1000,0,0,0,17000
5607,遠雄港          ,130000,113000,17000,0,0,0,0,0,0,0,0,0,0,0,0,0,17000
07895P,美律元大9B售01  ,0,0,0,0,0,0,0,0,0,17000,0,0,0,17000,0,17000,17000
08222P,南六凱基9B售05  ,0,0,0,0,0,0,0,0,0,17000,0,0,0,25000,8000,17000,17000
06453P,群創元大9B售02  ,0,0,0,0,0,0,0,0,0,17000,0,0,0,18000,1000,17000,17000
07290P,台灣50凱基9A售08,0,0,0,0,0,0,0,0,0,17000,0,0,0,17000,0,17000,17000
059795,鴻海國票99購07  ,0,0,0,0,0,0,0,0,0,17000,0,0,0,30000,13000,17000,17000
055500,京鼎元大97購04  ,0,0,0,0,0,0,0,0,0,17000,0,0,0,83000,66000,17000,17000
052681,T50反1元大98購02,0,0,0,0,0,0,0,0,0,17000,0,0,0,60000,43000,17000,17000
00689R,國泰20年美債反1 ,0,5000,-5000,0,0,0,0,0,0,22000,0,0,0,122000,100000,22000,17000
060033,臻鼎永豐99購01  ,0,0,0,0,0,0,0,0,0,17000,0,0,0,95000,78000,17000,17000
060551,大立光凱基9B購02,0,0,0,0,0,0,0,0,0,17000,0,0,0,25000,8000,17000,17000
060408,和潤國泰9C購01  ,0,0,0,0,0,0,0,0,0,17000,0,0,0,20000,3000,17000,17000
060424,中租永豐9A購01  ,0,0,0,0,0,0,0,0,0,17000,0,0,0,150000,133000,17000,17000
058198,瑞昱亞東99購01  ,0,0,0,0,0,0,0,0,0,17000,0,0,0,17000,0,17000,17000
058181,華新科國泰9B購01,0,0,0,0,0,0,0,0,0,17000,0,0,0,201000,184000,17000,17000
057198,智伸科統一9B購01,0,0,0,0,0,0,0,0,0,17000,0,0,0,17000,0,17000,17000
057431,京鼎兆豐98購02  ,0,0,0,0,0,0,0,0,0,17000,0,0,0,37000,20000,17000,17000
057924,健策凱基98購02  ,0,0,0,0,0,0,0,0,0,17000,0,0,0,37000,20000,17000,17000
058498,世紀鋼群益99購01,0,0,0,0,0,0,0,0,0,17000,0,0,0,63000,46000,17000,17000
060847,康控國票9A購01  ,0,0,0,0,0,0,0,0,0,17000,0,0,0,38000,21000,17000,17000
060817,華邦電台新9A購01,0,0,0,0,0,0,0,0,0,17000,0,0,0,347000,330000,17000,17000
059259,FBVIX中信03購06 ,0,0,0,0,0,0,0,0,0,17000,0,0,0,57000,40000,17000,17000
057552,禾伸堂凱基98購05,0,0,0,0,0,0,0,0,0,17000,0,0,0,20000,3000,17000,17000
059506,滬深2X永豐99購04,0,0,0,0,0,0,0,0,0,17000,0,0,0,17000,0,17000,17000
059306,台灣50元大99購03,0,0,0,0,0,0,0,0,0,17000,0,0,0,17000,0,17000,17000
063542,泰鼎元富9B購02  ,0,0,0,0,0,0,0,0,0,17000,0,0,0,20000,3000,17000,17000
063848,大立光元大9C購09,0,0,0,0,0,0,0,0,0,17000,0,0,0,17000,0,17000,17000
063239,建準元大9B購01  ,0,0,0,0,0,0,0,0,0,17000,0,0,0,135000,118000,17000,17000
062599,鴻海台新9B購01  ,0,0,0,0,0,0,0,0,0,17000,0,0,0,17000,0,17000,17000
061643,嘉澤元大9A購05  ,0,0,0,0,0,0,0,0,0,17000,0,0,0,43000,26000,17000,17000
061479,泰碩元大9A購02  ,0,0,0,0,0,0,0,0,0,17000,0,0,0,27000,10000,17000,17000
061306,瑞祺永豐9A購02  ,0,0,0,0,0,0,0,0,0,17000,0,0,0,196000,179000,17000,17000
8103,瀚荃            ,21000,4000,17000,0,0,0,0,0,0,0,0,0,0,0,0,0,17000
064119,上銀元大9C購06  ,0,0,0,0,0,0,0,0,0,16000,0,0,0,16000,0,16000,16000
08120P,南亞科國票9C售01,0,0,0,0,0,0,0,0,0,16000,0,0,0,16000,0,16000,16000
08122P,晶技國票9C售01  ,0,0,0,0,0,0,0,0,0,16000,0,0,0,28000,12000,16000,16000
08069P,大立光國泰01售02,0,0,0,0,0,0,0,0,0,16000,0,0,0,16000,0,16000,16000
1587,吉茂            ,17000,1000,16000,0,0,0,0,0,0,0,0,0,0,0,0,0,16000
1225,福懋油          ,25000,9000,16000,0,0,0,0,0,0,0,0,0,0,0,0,0,16000
6431,光麗-KY         ,16000,0,16000,0,0,0,0,0,0,0,0,0,0,0,0,0,16000
00663L,國泰臺灣加權正2 ,0,24000,-24000,0,0,0,0,0,0,40000,0,0,0,44000,4000,40000,16000
00865B,國泰US短期公債  ,0,0,0,0,0,0,0,0,0,16000,0,0,0,116000,100000,16000,16000
03446B,臺股指元大9B熊26,0,0,0,0,0,0,0,0,0,16000,0,0,0,108000,92000,16000,16000
05555P,健策群益98售01  ,0,0,0,0,0,0,0,0,0,16000,0,0,0,16000,0,16000,16000
056466,臺股指凱基99購08,0,0,0,0,0,0,0,0,0,16000,0,0,0,16000,0,16000,16000
056970,TPK永豐98購01   ,0,0,0,0,0,0,0,0,0,16000,0,0,0,16000,0,16000,16000
056519,創意國票99購01  ,0,0,0,0,0,0,0,0,0,16000,0,0,0,65000,49000,16000,16000
056540,聯詠凱基98購02  ,0,0,0,0,0,0,0,0,0,16000,0,0,0,30000,14000,16000,16000
055910,瑞昱凱基98購01  ,0,0,0,0,0,0,0,0,0,16000,0,0,0,16000,0,16000,16000
056135,緯創元大98購01  ,0,0,0,0,0,0,0,0,0,16000,0,0,0,136000,120000,16000,16000
059566,台積電凱基9A購11,0,0,0,0,0,0,0,0,0,16000,0,0,0,19000,3000,16000,16000
059107,南茂國泰9A購01  ,0,0,0,0,0,0,0,0,0,16000,0,0,0,54000,38000,16000,16000
058800,健策元大99購03  ,0,0,0,0,0,0,0,0,0,16000,0,0,0,33000,17000,16000,16000
061059,世芯國票9B購01  ,0,0,0,0,0,0,0,0,0,16000,0,0,0,48000,32000,16000,16000
061048,國巨中信9A購05  ,0,0,0,0,0,0,0,0,0,16000,0,0,0,17000,1000,16000,16000
060757,台積電元大9A購18,0,0,0,0,0,0,0,0,0,16000,0,0,0,16000,0,16000,16000
059000,台積電元大99購25,0,0,0,0,0,0,0,0,0,16000,0,0,0,29000,13000,16000,16000
061514,泰碩永豐9A購02  ,0,0,0,0,0,0,0,0,0,16000,0,0,0,16000,0,16000,16000
061650,南電元大9A購07  ,0,0,0,0,0,0,0,0,0,16000,0,0,0,77000,61000,16000,16000
061547,禾伸堂群益9A購01,0,0,0,0,0,0,0,0,0,16000,0,0,0,26000,10000,16000,16000
061872,友達元大9C購06  ,0,0,0,0,0,0,0,0,0,16000,0,0,0,172000,156000,16000,16000
062554,台積電凱基9B購08,0,0,0,0,0,0,0,0,0,16000,0,0,0,23000,7000,16000,16000
062341,台表科麥證9C購01,0,0,0,34000,18000,16000,0,0,0,16000,0,0,0,34000,18000,16000,16000
061980,聯發科元大9B購01,0,0,0,0,0,0,0,0,0,16000,0,0,0,22000,6000,16000,16000
062941,大立光凱基9B購07,0,0,0,0,0,0,0,0,0,16000,0,0,0,16000,0,16000,16000
063007,儒鴻元大9B購01  ,0,0,0,0,0,0,0,0,0,16000,0,0,0,41000,25000,16000,16000
063620,奇力新兆豐9B購01,0,0,0,0,0,0,0,0,0,16000,0,0,0,16000,0,16000,16000
063288,泰鼎元大9B購02  ,0,0,0,0,0,0,0,0,0,16000,0,0,0,25000,9000,16000,16000
8367,建新國際        ,18000,2000,16000,0,0,0,0,0,0,0,0,0,0,0,0,0,16000
2362,藍天            ,101000,86000,15000,0,0,0,0,0,0,0,0,0,0,0,0,0,15000
3164,景岳            ,18000,3000,15000,0,0,0,0,0,0,0,0,0,0,0,0,0,15000
1721,三晃            ,17000,2000,15000,0,0,0,0,0,0,0,0,0,0,0,0,0,15000
08203P,同欣電永豐9B售04,0,0,0,0,0,0,0,0,0,15000,0,0,0,85000,70000,15000,15000
08187P,大毅群益9B售04  ,0,0,0,0,0,0,0,0,0,15000,0,0,0,15000,0,15000,15000
064156,大立光統一01購06,0,0,0,0,0,0,0,0,0,15000,0,0,0,30000,15000,15000,15000
06516P,國巨凱基98售08  ,0,0,0,0,0,0,0,0,0,15000,0,0,0,15000,0,15000,15000
06586P,鴻海元大9C售01  ,0,0,0,0,0,0,0,0,0,15000,0,0,0,15000,0,15000,15000
06615P,鴻海元大9C售02  ,0,0,0,0,0,0,0,0,0,15000,0,0,0,35000,20000,15000,15000
07536P,華新科元富9A售04,0,0,0,0,0,0,0,0,0,15000,0,0,0,15000,0,15000,15000
07489P,國巨國票9A售07  ,0,0,0,0,0,0,0,0,0,15000,0,0,0,35000,20000,15000,15000
07342P,大立光凱基99售14,0,0,0,0,0,0,0,0,0,15000,0,0,0,70000,55000,15000,15000
07288P,台灣50凱基99售06,0,0,0,0,0,0,0,0,0,15000,0,0,0,15000,0,15000,15000
056513,臻鼎亞東99購01  ,0,0,0,0,0,0,0,0,0,15000,0,0,0,15000,0,15000,15000
056300,聯發科元大97購23,0,0,0,0,0,0,0,0,0,15000,0,0,0,15000,0,15000,15000
057260,微星兆豐98購01  ,0,0,0,0,0,0,0,0,0,15000,0,0,0,45000,30000,15000,15000
057288,聯茂元大98購03  ,0,0,0,0,0,0,0,0,0,15000,0,0,0,74000,59000,15000,15000
056403,茂林群益98購01  ,0,0,0,0,0,0,0,0,0,15000,0,0,0,15000,0,15000,15000
054511,香港反元大98購01,0,0,0,0,0,0,0,0,0,15000,0,0,0,15000,0,15000,15000
053760,牧德國泰98購01  ,0,0,0,0,0,0,0,0,0,15000,0,0,0,15000,0,15000,15000
052532,台積電國泰96購07,0,0,0,0,0,0,0,0,0,15000,0,0,0,15000,0,15000,15000
053694,創意元大96購03  ,0,0,0,0,0,0,0,0,0,15000,0,0,0,149000,134000,15000,15000
053485,矽創國票97購04  ,0,0,0,0,0,0,0,0,0,15000,0,0,0,15000,0,15000,15000
053117,大立光中信9A購02,0,0,0,0,0,0,0,0,0,15000,0,0,0,100000,85000,15000,15000
050378,上証2X群益98購02,0,0,0,0,0,0,0,0,0,15000,0,0,0,222000,207000,15000,15000
053947,義隆富邦97購01  ,0,0,0,0,0,0,0,0,0,15000,0,0,0,21000,6000,15000,15000
042793,台積電台新9C購01,0,0,0,0,0,0,0,0,0,15000,0,0,0,16000,1000,15000,15000
052004,泰碩國泰97購03  ,0,0,0,0,0,0,0,0,0,15000,0,0,0,15000,0,15000,15000
058289,奇鋐國票9A購01  ,0,0,0,0,0,0,0,0,0,15000,0,0,0,37000,22000,15000,15000
057955,技嘉元大98購07  ,0,0,0,0,0,0,0,0,0,15000,0,0,0,125000,110000,15000,15000
057912,美律日盛99購01  ,0,0,0,0,0,0,0,0,0,15000,0,0,0,262000,247000,15000,15000
057468,台郡永豐98購01  ,0,0,0,0,0,0,0,0,0,15000,0,0,0,15000,0,15000,15000
057767,緯穎凱基98購06  ,0,0,0,0,0,0,0,0,0,15000,0,0,0,20000,5000,15000,15000
058234,華新科元大99購12,0,0,0,0,0,0,0,0,0,15000,0,0,0,15000,0,15000,15000
058159,健策台新9A購01  ,0,0,0,0,0,0,0,0,0,15000,0,0,0,26000,11000,15000,15000
060532,欣興中信9A購01  ,0,0,0,0,0,0,0,0,0,15000,0,0,0,15000,0,15000,15000
060095,聯發科元大99購42,0,0,0,0,0,0,0,0,0,15000,0,0,0,15000,0,15000,15000
060743,鴻海國票9A購03  ,0,0,0,0,0,0,0,0,0,15000,0,0,0,22000,7000,15000,15000
059145,創意國票99購02  ,0,0,0,0,0,0,0,0,0,15000,0,0,0,15000,0,15000,15000
058493,台積電群益9A購01,0,0,0,0,0,0,0,0,0,15000,0,0,0,15000,0,15000,15000
061039,台表科永豐9A購03,0,0,0,0,0,0,0,0,0,15000,0,0,0,15000,0,15000,15000
061103,聯發科元大9A購08,0,0,0,0,0,0,0,0,0,15000,0,0,0,15000,0,15000,15000
058694,鈺齊國票9A購02  ,0,0,0,0,0,0,0,0,0,15000,0,0,0,77000,62000,15000,15000
059089,聯發科元大99購19,0,0,0,0,0,0,0,0,0,15000,0,0,0,15000,0,15000,15000
059211,鴻海元大99購27  ,0,0,0,0,0,0,0,0,0,15000,0,0,0,33000,18000,15000,15000
059358,旺宏永豐99購02  ,0,0,0,0,0,0,0,0,0,15000,0,0,0,20000,5000,15000,15000
063353,上銀元富9B購03  ,0,0,0,0,0,0,0,0,0,15000,0,0,0,15000,0,15000,15000
063513,聯發科麥證9B購03,0,0,0,15000,0,15000,0,0,0,15000,0,0,0,15000,0,15000,15000
063511,南電群益9B購02  ,0,0,0,0,0,0,0,0,0,15000,0,0,0,20000,5000,15000,15000
063737,大立光元大9C購07,0,0,0,0,0,0,0,0,0,15000,0,0,0,15000,0,15000,15000
062610,啟碁凱基9B購01  ,0,0,0,0,0,0,0,0,0,15000,0,0,0,65000,50000,15000,15000
062672,兆豐金中信03購01,0,0,0,0,0,0,0,0,0,15000,0,0,0,139000,124000,15000,15000
062706,大立光元大9B購06,0,0,0,0,0,0,0,0,0,15000,0,0,0,15000,0,15000,15000
062830,玉晶光群益01購05,0,0,0,0,0,0,0,0,0,15000,0,0,0,15000,0,15000,15000
062214,金寶統一01購01  ,0,0,0,0,0,0,0,0,0,15000,0,0,0,65000,50000,15000,15000
061837,華新科凱基05購02,0,0,0,0,0,0,0,0,0,15000,0,0,0,25000,10000,15000,15000
061751,華通台新9B購01  ,0,0,0,0,0,0,0,0,0,15000,0,0,0,15000,0,15000,15000
061319,聯發科凱基9A購16,0,0,0,0,0,0,0,0,0,15000,0,0,0,60000,45000,15000,15000
061333,華通元大9A購08  ,0,0,0,0,0,0,0,0,0,15000,0,0,0,15000,0,15000,15000
061198,世紀鋼永豐9A購03,0,0,0,0,0,0,0,0,0,15000,0,0,0,40000,25000,15000,15000
061165,美律兆豐9A購01  ,0,0,0,0,0,0,0,0,0,15000,0,0,0,15000,0,15000,15000
061209,聯發科元大9A購10,0,0,0,0,0,0,0,0,0,15000,0,0,0,15000,0,15000,15000
07772P,華新科國票9A售05,0,0,0,0,0,0,0,0,0,14000,0,0,0,14000,0,14000,14000
07705P,台積電元大9A售26,0,0,0,0,0,0,0,0,0,14000,0,0,0,60000,46000,14000,14000
07276P,臺股指群益99售19,0,0,0,0,0,0,0,0,0,14000,0,0,0,14000,0,14000,14000
06617P,智邦元大98售03  ,0,0,0,0,0,0,0,0,0,14000,0,0,0,14000,0,14000,14000
08078P,聯發科國票9B售04,0,0,0,0,0,0,0,0,0,14000,0,0,0,14000,0,14000,14000
2032,新鋼            ,14000,0,14000,0,0,0,0,0,0,0,0,0,0,0,0,0,14000
1108,幸福            ,17000,3000,14000,0,0,0,0,0,0,0,0,0,0,0,0,0,14000
2901,欣欣            ,15000,1000,14000,0,0,0,0,0,0,0,0,0,0,0,0,0,14000
2433,互盛電          ,15000,1000,14000,0,0,0,0,0,0,0,0,0,0,0,0,0,14000
2546,根基            ,15000,1000,14000,0,0,0,0,0,0,0,0,0,0,0,0,0,14000
6128,上福            ,14000,0,14000,0,0,0,0,0,0,0,0,0,0,0,0,0,14000
00733,富邦臺灣中小    ,0,0,0,0,0,0,0,0,0,14000,0,0,0,217000,203000,14000,14000
049799,旺宏元大96購01  ,0,0,0,0,0,0,0,0,0,14000,0,0,0,14000,0,14000,14000
049335,聯電統一97購01  ,0,0,0,0,0,0,0,0,0,14000,0,0,0,16000,2000,14000,14000
052784,緯穎國票97購02  ,0,0,0,0,0,0,0,0,0,14000,0,0,0,14000,0,14000,14000
053248,智伸科國票97購01,0,0,0,0,0,0,0,0,0,14000,0,0,0,56000,42000,14000,14000
055538,鴻海日盛97購04  ,0,0,0,0,0,0,0,0,0,14000,0,0,0,14000,0,14000,14000
056286,奇鋐永豐97購01  ,0,0,0,0,0,0,0,0,0,14000,0,0,0,14000,0,14000,14000
054797,臻鼎群益97購01  ,0,0,0,0,0,0,0,0,0,14000,0,0,0,14000,0,14000,14000
055690,矽力凱基97購02  ,0,0,0,0,0,0,0,0,0,14000,0,0,0,14000,0,14000,14000
055239,帆宣台新97購01  ,0,0,0,0,0,0,0,0,0,14000,0,0,0,14000,0,14000,14000
056644,宏達電凱基98購04,0,0,0,0,0,0,0,0,0,14000,0,0,0,14000,0,14000,14000
059348,日月光凱基99購01,0,0,0,0,0,0,0,0,0,14000,0,0,0,14000,0,14000,14000
059530,華新科凱基9A購05,0,0,0,0,0,0,0,0,0,14000,0,0,0,14000,0,14000,14000
057553,景碩凱基98購03  ,0,0,0,0,0,0,0,0,0,14000,0,0,0,78000,64000,14000,14000
058630,日月光國票9A購01,0,0,0,0,0,0,0,0,0,14000,0,0,0,22000,8000,14000,14000
05917P,宏達電元大96售02,0,0,0,0,0,0,0,0,0,14000,0,0,0,14000,0,14000,14000
060235,瑞昱元大9A購01  ,0,0,0,0,0,0,0,0,0,14000,0,0,0,51000,37000,14000,14000
061840,長榮航凱基9C購01,0,0,0,0,0,0,0,0,0,14000,0,0,0,14000,0,14000,14000
061669,崇越中信9A購01  ,0,0,0,0,0,0,0,0,0,14000,0,0,0,85000,71000,14000,14000
062038,鴻海凱基9B購05  ,0,0,0,0,0,0,0,0,0,14000,0,0,0,18000,4000,14000,14000
062452,A50正2群益01購04,0,0,0,0,0,0,0,0,0,14000,0,0,0,14000,0,14000,14000
062694,遠東新元大9B購01,0,0,0,0,0,0,0,0,0,14000,0,0,0,149000,135000,14000,14000
063087,南六凱基9C購02  ,0,0,0,0,0,0,0,0,0,14000,0,0,0,17000,3000,14000,14000
9927,泰銘            ,18000,4000,14000,0,0,0,0,0,0,0,0,0,0,0,0,0,14000
9902,台火            ,14000,0,14000,0,0,0,0,0,0,0,0,0,0,0,0,0,14000
6581,鋼聯            ,16000,3000,13000,0,0,0,0,0,0,0,0,0,0,0,0,0,13000
2405,浩鑫            ,25000,12000,13000,0,0,0,0,0,0,0,0,0,0,0,0,0,13000
2358,廷鑫            ,14000,1000,13000,0,0,0,0,0,0,0,0,0,0,0,0,0,13000
1506,正道            ,22000,9000,13000,0,0,0,0,0,0,0,0,0,0,0,0,0,13000
08104P,晶技元大9B售06  ,0,0,0,0,0,0,0,0,0,13000,0,0,0,13000,0,13000,13000
08094P,華新科元富9B售05,0,0,0,0,0,0,0,0,0,13000,0,0,0,13000,0,13000,13000
064074,南茂永豐9C購01  ,0,0,0,0,0,0,0,0,0,13000,0,0,0,13000,0,13000,13000
07884P,華新科凱基9B售08,0,0,0,0,0,0,0,0,0,13000,0,0,0,13000,0,13000,13000
07873P,華新科群益9B售03,0,0,0,0,0,0,0,0,0,13000,0,0,0,13000,0,13000,13000
055695,大毅國票98購03  ,0,0,0,0,0,0,0,0,0,13000,0,0,0,15000,2000,13000,13000
056537,冠德凱基98購01  ,0,0,0,0,0,0,0,0,0,13000,0,0,0,60000,47000,13000,13000
056374,聯發科統一9B購01,0,0,0,0,0,0,0,0,0,13000,0,0,0,13000,0,13000,13000
058900,旺宏元大99購11  ,0,0,0,0,0,0,0,0,0,13000,0,0,0,109000,96000,13000,13000
059797,大立光國票99購01,0,0,0,0,0,0,0,0,0,13000,0,0,0,14000,1000,13000,13000
058955,台積電國票9A購04,0,0,0,0,0,0,0,0,0,13000,0,0,0,81000,68000,13000,13000
056430,鴻海凱基98購06  ,0,0,0,0,0,0,0,0,0,13000,0,0,0,36000,23000,13000,13000
056401,國巨群益98購07  ,0,0,0,0,0,0,0,0,0,13000,0,0,0,33000,20000,13000,13000
053186,健策中信9C購01  ,0,0,0,0,0,0,0,0,0,13000,0,0,0,146000,133000,13000,13000
053560,漢唐國泰98購01  ,0,0,0,0,0,0,0,0,0,13000,0,0,0,23000,10000,13000,13000
00735,國泰臺韓科技    ,0,0,0,0,0,0,0,0,0,13000,0,0,0,189000,176000,13000,13000
00681R,元大美債20反1   ,0,4000,-4000,0,0,0,0,0,0,17000,0,0,0,18000,1000,17000,13000
060291,高鐵元大9A購01  ,0,0,0,0,0,0,0,0,0,13000,0,0,0,13000,0,13000,13000
060023,T50反1國泰9A購03,0,0,0,0,0,0,0,0,0,13000,0,0,0,20000,7000,13000,13000
06053P,緯穎國票97售05  ,0,0,0,0,0,0,0,0,0,13000,0,0,0,13000,0,13000,13000
057367,技嘉元大98購02  ,0,0,0,0,0,0,0,0,0,13000,0,0,0,25000,12000,13000,13000
057162,上銀元大98購03  ,0,0,0,0,0,0,0,0,0,13000,0,0,0,13000,0,13000,13000
057894,華通元富02購02  ,0,0,0,0,0,0,0,0,0,13000,0,0,0,13000,0,13000,13000
058044,鴻海元大99購07  ,0,0,0,0,0,0,0,0,0,13000,0,0,0,26000,13000,13000,13000
058573,鴻海群益9A購02  ,0,0,0,0,0,0,0,0,0,13000,0,0,0,62000,49000,13000,13000
060723,致新永豐9A購01  ,0,0,0,0,0,0,0,0,0,13000,0,0,0,46000,33000,13000,13000
058803,世紀鋼元大99購03,0,0,0,0,0,0,0,0,0,13000,0,0,0,124000,111000,13000,13000
057543,華通凱基99購02  ,0,0,0,0,0,0,0,0,0,13000,0,0,0,30000,17000,13000,13000
059290,全新元富99購01  ,0,0,0,0,0,0,0,0,0,13000,0,0,0,13000,0,13000,13000
062803,嘉晶統一9B購02  ,0,0,0,0,0,0,0,0,0,13000,0,0,0,13000,0,13000,13000
063530,同欣電凱基9C購02,0,0,0,0,0,0,0,0,0,13000,0,0,0,115000,102000,13000,13000
063546,國巨兆豐9C購03  ,0,0,0,0,0,0,0,0,0,13000,0,0,0,20000,7000,13000,13000
063484,達方元大9B購01  ,0,0,0,0,0,0,0,0,0,13000,0,0,0,63000,50000,13000,13000
062231,台光電麥證9C購01,0,0,0,58000,45000,13000,0,0,0,13000,0,0,0,58000,45000,13000,13000
061667,友達中信9A購02  ,0,0,0,0,0,0,0,0,0,13000,0,0,0,13000,0,13000,13000
061649,緯穎元大9A購06  ,0,0,0,0,0,0,0,0,0,13000,0,0,0,68000,55000,13000,13000
061609,華新科統一9C購01,0,0,0,0,0,0,0,0,0,13000,0,0,0,113000,100000,13000,13000
061563,群創國票9B購02  ,0,0,0,0,0,0,0,0,0,13000,0,0,0,13000,0,13000,13000
064155,大立光統一01購05,0,0,0,0,0,0,0,0,0,12000,0,0,0,33000,21000,12000,12000
063925,祥碩元富9C購01  ,0,0,0,0,0,0,0,0,0,12000,0,0,0,312000,300000,12000,12000
07996P,亞德客凱基9B售03,0,0,0,0,0,0,0,0,0,12000,0,0,0,45000,33000,12000,12000
08128P,聯發科元大9B售22,0,0,0,0,0,0,0,0,0,12000,0,0,0,17000,5000,12000,12000
08263P,台表科元大9C售06,0,0,0,0,0,0,0,0,0,12000,0,0,0,32000,20000,12000,12000
08330P,聯發科統一9C售13,0,0,0,0,0,0,0,0,0,12000,0,0,0,21000,9000,12000,12000
1321,大洋            ,33000,23000,10000,0,0,0,0,0,0,2000,2000,0,2000,0,0,0,12000
6166,凌華            ,42000,27000,15000,0,0,0,0,0,0,-3000,0,0,0,0,3000,-3000,12000
4190,佐登-KY         ,46000,37000,9000,0,0,0,0,0,0,3000,1000,1000,0,4000,1000,3000,12000
00668,國泰美國道瓊    ,0,0,0,0,0,0,0,0,0,12000,0,0,0,106000,94000,12000,12000
047505,元金2X國票9B購01,0,0,0,0,0,0,0,0,0,12000,0,0,0,22000,10000,12000,12000
052775,滬深2X國票99購02,0,0,0,0,0,0,0,0,0,12000,0,0,0,25000,13000,12000,12000
054311,世芯凱基96購02  ,0,0,0,0,0,0,0,0,0,12000,0,0,0,31000,19000,12000,12000
053582,英業達元大97購01,0,0,0,0,0,0,0,0,0,12000,0,0,0,110000,98000,12000,12000
053593,晶技元大98購01  ,0,0,0,0,0,0,0,0,0,12000,0,0,0,129000,117000,12000,12000
055426,旺宏群益99購02  ,0,0,0,0,0,0,0,0,0,12000,0,0,0,12000,0,12000,12000
058924,晶相光元富99購02,0,0,0,0,0,0,0,0,0,12000,0,0,0,12000,0,12000,12000
057028,台郡凱基99購02  ,0,0,0,0,0,0,0,0,0,12000,0,0,0,12000,0,12000,12000
056899,可成元大98購01  ,0,0,0,0,0,0,0,0,0,12000,0,0,0,68000,56000,12000,12000
056910,超眾元大99購02  ,0,0,0,0,0,0,0,0,0,12000,0,0,0,62000,50000,12000,12000
056937,智原元富98購01  ,0,0,0,0,0,0,0,0,0,12000,0,0,0,32000,20000,12000,12000
056544,貿聯凱基98購03  ,0,0,0,0,0,0,0,0,0,12000,0,0,0,21000,9000,12000,12000
058343,台積電群益99購02,0,0,0,0,0,0,0,0,0,12000,0,0,0,12000,0,12000,12000
058750,緯穎凱基9A購03  ,0,0,0,0,0,0,0,0,0,12000,0,0,0,47000,35000,12000,12000
059250,大立光凱基99購06,0,0,0,0,0,0,0,0,0,12000,0,0,0,12000,0,12000,12000
059251,大立光凱基9A購04,0,0,0,0,0,0,0,0,0,12000,0,0,0,12000,0,12000,12000
059169,可成凱基99購04  ,0,0,0,0,0,0,0,0,0,12000,0,0,0,12000,0,12000,12000
058505,台積電元大99購08,0,0,0,0,0,0,0,0,0,12000,0,0,0,13000,1000,12000,12000
060910,聯發科元大9A購05,0,0,0,0,0,0,0,0,0,12000,0,0,0,14000,2000,12000,12000
060912,華新科元大9A購10,0,0,0,0,0,0,0,0,0,12000,0,0,0,12000,0,12000,12000
059016,晶相光元富99購03,0,0,0,0,0,0,0,0,0,12000,0,0,0,90000,78000,12000,12000
057191,祥碩元大98購05  ,0,0,0,0,0,0,0,0,0,12000,0,0,0,30000,18000,12000,12000
058167,鴻海凱基9A購03  ,0,0,0,0,0,0,0,0,0,12000,0,0,0,37000,25000,12000,12000
060591,富邦金台新9A購01,0,0,0,0,0,0,0,0,0,12000,0,0,0,12000,0,12000,12000
060150,華通富邦9B購01  ,0,0,0,0,0,0,0,0,0,12000,0,0,0,12000,0,12000,12000
060374,儒鴻元富9A購01  ,0,0,0,0,0,0,0,0,0,12000,0,0,0,203000,191000,12000,12000
060218,台積電凱基9A購15,0,0,0,0,0,0,0,0,0,12000,0,0,0,12000,0,12000,12000
061661,京鼎永豐9A購02  ,0,0,0,0,0,0,0,0,0,12000,0,0,0,114000,102000,12000,12000
061728,華新科麥證9A購02,0,0,0,12000,0,12000,0,0,0,12000,0,0,0,12000,0,12000,12000
061950,日月光群益9B購01,0,0,0,0,0,0,0,0,0,12000,0,0,0,70000,58000,12000,12000
063839,華通元大9C購02  ,0,0,0,0,0,0,0,0,0,12000,0,0,0,47000,35000,12000,12000
062760,漢唐凱基9B購01  ,0,0,0,0,0,0,0,0,0,12000,0,0,0,42000,30000,12000,12000
062733,巨大凱基9B購01  ,0,0,0,0,0,0,0,0,0,12000,0,0,0,51000,39000,12000,12000
063018,聯發科元大9B購14,0,0,0,0,0,0,0,0,0,12000,0,0,0,33000,21000,12000,12000
063212,聯發科國票9C購02,0,0,0,0,0,0,0,0,0,12000,0,0,0,25000,13000,12000,12000
6224,聚鼎            ,103000,92000,11000,0,0,0,0,0,0,0,0,0,0,0,0,0,11000
2373,震旦行          ,19000,8000,11000,0,0,0,0,0,0,0,0,0,0,0,0,0,11000
2413,環科            ,12000,1000,11000,0,0,0,0,0,0,0,0,0,0,0,0,0,11000
1528,恩德            ,25000,15000,10000,0,0,0,0,0,0,1000,1000,0,1000,0,0,0,11000
07977P,華新科群益01售01,0,0,0,0,0,0,0,0,0,11000,0,0,0,11000,0,11000,11000
06632P,創意群益98售03  ,0,0,0,0,0,0,0,0,0,11000,0,0,0,80000,69000,11000,11000
06578P,華新科國票98售02,0,0,0,0,0,0,0,0,0,11000,0,0,0,11000,0,11000,11000
07211P,南亞科凱基99售05,0,0,0,0,0,0,0,0,0,11000,0,0,0,11000,0,11000,11000
06846P,美律元大98售05  ,0,0,0,0,0,0,0,0,0,11000,0,0,0,11000,0,11000,11000
056523,光寶科中信98購01,0,0,0,0,0,0,0,0,0,11000,0,0,0,21000,10000,11000,11000
056095,臻鼎元富9A購01  ,0,0,0,0,0,0,0,0,0,11000,0,0,0,11000,0,11000,11000
057032,A50反1元大9B購01,0,0,0,0,0,0,0,0,0,11000,0,0,0,60000,49000,11000,11000
056993,GIS兆豐99購01   ,0,0,0,0,0,0,0,0,0,11000,0,0,0,11000,0,11000,11000
055558,大立光凱基97購08,0,0,0,0,0,0,0,0,0,11000,0,0,0,11000,0,11000,11000
053640,上緯控永豐96購01,0,0,0,0,0,0,0,0,0,11000,0,0,0,11000,0,11000,11000
054272,華通中信98購01  ,0,0,0,0,0,0,0,0,0,11000,0,0,0,11000,0,11000,11000
051591,玉晶光元大97購01,0,0,0,0,0,0,0,0,0,11000,0,0,0,11000,0,11000,11000
0052,富邦科技        ,3000,3000,0,0,0,0,0,0,0,11000,0,0,0,116000,105000,11000,11000
060230,台積電元大9A購07,0,0,0,0,0,0,0,0,0,11000,0,0,0,69000,58000,11000,11000
060030,晶相光永豐99購03,0,0,0,0,0,0,0,0,0,11000,0,0,0,42000,31000,11000,11000
059984,華新科元大99購21,0,0,0,0,0,0,0,0,0,11000,0,0,0,50000,39000,11000,11000
060548,友達凱基9B購03  ,0,0,0,0,0,0,0,0,0,11000,0,0,0,23000,12000,11000,11000
060550,可成凱基9A購02  ,0,0,0,0,0,0,0,0,0,11000,0,0,0,40000,29000,11000,11000
057772,台積電群益99購01,0,0,0,0,0,0,0,0,0,11000,0,0,0,22000,11000,11000,11000
057673,臻鼎元大98購01  ,0,0,0,0,0,0,0,0,0,11000,0,0,0,11000,0,11000,11000
058333,鴻海元富99購04  ,0,0,0,0,0,0,0,0,0,11000,0,0,0,90000,79000,11000,11000
058050,台郡元大99購05  ,0,0,0,0,0,0,0,0,0,11000,0,0,0,117000,106000,11000,11000
060702,玉晶光國泰9C購02,0,0,0,0,0,0,0,0,0,11000,0,0,0,37000,26000,11000,11000
061118,GIS富邦9A購01   ,0,0,0,0,0,0,0,0,0,11000,0,0,0,11000,0,11000,11000
060707,台郡富邦9A購01  ,0,0,0,0,0,0,0,0,0,11000,0,0,0,36000,25000,11000,11000
058698,華通元大99購05  ,0,0,0,0,0,0,0,0,0,11000,0,0,0,11000,0,11000,11000
063106,台表科群益9B購03,0,0,0,0,0,0,0,0,0,11000,0,0,0,71000,60000,11000,11000
063412,寶成國票9C購01  ,0,0,0,0,0,0,0,0,0,11000,0,0,0,11000,0,11000,11000
063414,鴻海凱基03購01  ,0,0,0,0,0,0,0,0,0,11000,0,0,0,11000,0,11000,11000
062222,華新科統一9B購04,0,0,0,0,0,0,0,0,0,11000,0,0,0,74000,63000,11000,11000
061793,上銀永豐9B購01  ,0,0,0,0,0,0,0,0,0,11000,0,0,0,11000,0,11000,11000
061214,華擎元大9A購04  ,0,0,0,0,0,0,0,0,0,11000,0,0,0,120000,109000,11000,11000
061197,矽創永豐9A購02  ,0,0,0,0,0,0,0,0,0,11000,0,0,0,22000,11000,11000,11000
061182,南六凱基9A購01  ,0,0,0,0,0,0,0,0,0,11000,0,0,0,11000,0,11000,11000
061274,臺股指凱基9A購24,0,0,0,0,0,0,0,0,0,11000,0,0,0,11000,0,11000,11000
061510,嘉澤富邦9C購01  ,0,0,0,0,0,0,0,0,0,11000,0,0,0,11000,0,11000,11000
06943P,致茂元富98售03  ,0,0,0,0,0,0,0,0,0,10000,0,0,0,10000,0,10000,10000
06950P,鴻海統一9B售02  ,0,0,0,0,0,0,0,0,0,10000,0,0,0,10000,0,10000,10000
06953P,景碩統一9A售01  ,0,0,0,0,0,0,0,0,0,10000,0,0,0,10000,0,10000,10000
06887P,華新科元大98售04,0,0,0,0,0,0,0,0,0,10000,0,0,0,10000,0,10000,10000
07178P,臺股指凱基99售20,0,0,0,0,0,0,0,0,0,10000,0,0,0,16000,6000,10000,10000
07074P,FBVIX凱基9A售01 ,0,0,0,0,0,0,0,0,0,10000,0,0,0,10000,0,10000,10000
07868P,健策元大9B售05  ,0,0,0,0,0,0,0,0,0,10000,0,0,0,10000,0,10000,10000
07799P,南電國票9A售04  ,0,0,0,0,0,0,0,0,0,10000,0,0,0,10000,0,10000,10000
07815P,美律群益9A售04  ,0,0,0,0,0,0,0,0,0,10000,0,0,0,10000,0,10000,10000
07756P,台灣50國票04售01,0,0,0,0,0,0,0,0,0,10000,0,0,0,20000,10000,10000,10000
07310P,大立光凱基99售12,0,0,0,0,0,0,0,0,0,10000,0,0,0,18000,8000,10000,10000
07469P,台達電元大9A售01,0,0,0,0,0,0,0,0,0,10000,0,0,0,10000,0,10000,10000
07458P,長榮航元大9A售01,0,0,0,0,0,0,0,0,0,10000,0,0,0,10000,0,10000,10000
07490P,大立光國票9A售03,0,0,0,0,0,0,0,0,0,10000,0,0,0,10000,0,10000,10000
07537P,玉晶光元富9A售04,0,0,0,0,0,0,0,0,0,10000,0,0,0,10000,0,10000,10000
07600P,台灣50凱基04售06,0,0,0,0,0,0,0,0,0,10000,0,0,0,10000,0,10000,10000
07586P,FBVIX台新9A售01 ,0,0,0,0,0,0,0,0,0,10000,0,0,0,10000,0,10000,10000
06560P,台積電統一98售07,0,0,0,0,0,0,0,0,0,10000,0,0,0,20000,10000,10000,10000
06635P,聯發科凱基98售15,0,0,0,0,0,0,0,0,0,10000,0,0,0,10000,0,10000,10000
064206,鴻海凱基03購02  ,0,0,0,0,0,0,0,0,0,10000,0,0,0,22000,12000,10000,10000
064211,友達凱基02購01  ,0,0,0,0,0,0,0,0,0,10000,0,0,0,10000,0,10000,10000
064267,南六永豐9C購03  ,0,0,0,0,0,0,0,0,0,10000,0,0,0,10000,0,10000,10000
064065,大立光富邦02購02,0,0,0,0,0,0,0,0,0,10000,0,0,0,10000,0,10000,10000
07911P,大立光統一9B售08,0,0,0,0,0,0,0,0,0,10000,0,0,0,10000,0,10000,10000
08247P,台積電群益9C售06,0,0,0,0,0,0,0,0,0,10000,0,0,0,10000,0,10000,10000
08242P,聯發科凱基9C售06,0,0,0,0,0,0,0,0,0,10000,0,0,0,10000,0,10000,10000
08284P,鴻海凱基01售03  ,0,0,0,0,0,0,0,0,0,10000,0,0,0,10000,0,10000,10000
08296P,同欣電元大9C售04,0,0,0,0,0,0,0,0,0,10000,0,0,0,10000,0,10000,10000
08176P,國巨元大9B售20  ,0,0,0,0,0,0,0,0,0,10000,0,0,0,10000,0,10000,10000
2007,燁興            ,10000,0,10000,0,0,0,0,0,0,0,0,0,0,0,0,0,10000
3346,麗清            ,105000,95000,10000,0,0,0,0,0,0,0,0,0,0,0,0,0,10000
3024,憶聲            ,21000,11000,10000,0,0,0,0,0,0,0,0,0,0,0,0,0,10000
3583,辛耘            ,59000,50000,9000,0,0,0,0,0,0,1000,1000,0,1000,0,0,0,10000
051055,友達群益98購01  ,0,0,0,0,0,0,0,0,0,10000,0,0,0,10000,0,10000,10000
051268,創意富邦97購01  ,0,0,0,0,0,0,0,0,0,10000,0,0,0,10000,0,10000,10000
051597,T50反1中信99購02,0,0,0,0,0,0,0,0,0,10000,0,0,0,10000,0,10000,10000
05160P,國巨國票96售03  ,0,0,0,0,0,0,0,0,0,10000,0,0,0,10000,0,10000,10000
051735,台積電國票96購06,0,0,0,0,0,0,0,0,0,10000,0,0,0,10000,0,10000,10000
047995,台達電元大96購01,0,0,0,0,0,0,0,0,0,10000,0,0,0,35000,25000,10000,10000
04788P,台積電永昌96售05,0,0,0,0,0,0,0,0,0,10000,0,0,0,10000,0,10000,10000
046999,康控富邦99購01  ,0,0,0,0,0,0,0,0,0,10000,0,0,0,10000,0,10000,10000
047417,台塑富邦97購01  ,0,0,0,0,0,0,0,0,0,10000,0,0,0,10000,0,10000,10000
047495,新日興元富96購01,0,0,0,0,0,0,0,0,0,10000,0,0,0,10000,0,10000,10000
047213,新日興富邦97購01,0,0,0,0,0,0,0,0,0,10000,0,0,0,10000,0,10000,10000
054231,國巨群益98購03  ,0,0,0,0,0,0,0,0,0,10000,0,0,0,21000,11000,10000,10000
054159,T50正2凱基99購01,0,0,0,0,0,0,0,0,0,10000,0,0,0,10000,0,10000,10000
05414P,台表科國票96售02,0,0,0,0,0,0,0,0,0,10000,0,0,0,10000,0,10000,10000
054132,聯發科元大97購10,0,0,0,0,0,0,0,0,0,10000,0,0,0,10000,0,10000,10000
054270,寶滬深中信98購01,0,0,0,0,0,0,0,0,0,10000,0,0,0,10000,0,10000,10000
054300,華通凱基96購07  ,0,0,0,0,0,0,0,0,0,10000,0,0,0,10000,0,10000,10000
052698,深中小國票99購01,0,0,0,0,0,0,0,0,0,10000,0,0,0,10000,0,10000,10000
052806,玉晶光元大98購04,0,0,0,0,0,0,0,0,0,10000,0,0,0,10000,0,10000,10000
052856,滬深2X凱基98購01,0,0,0,0,0,0,0,0,0,10000,0,0,0,1699000,1689000,10000,10000
053028,康控富邦98購01  ,0,0,0,0,0,0,0,0,0,10000,0,0,0,10000,0,10000,10000
049697,群創元大98購01  ,0,0,0,0,0,0,0,0,0,10000,0,0,0,10000,0,10000,10000
035275,台積電台新97購01,0,0,0,0,0,0,0,0,0,10000,0,0,0,288000,278000,10000,10000
050633,義隆群益96購02  ,0,0,0,0,0,0,0,0,0,10000,0,0,0,10000,0,10000,10000
050714,深中小群益98購01,0,0,0,0,0,0,0,0,0,10000,0,0,0,10000,0,10000,10000
050854,世紀鋼國票97購01,0,0,0,0,0,0,0,0,0,10000,0,0,0,10000,0,10000,10000
042168,台灣50凱基96購01,0,0,0,0,0,0,0,0,0,10000,0,0,0,10000,0,10000,10000
045054,聯發科元富98購02,0,0,0,0,0,0,0,0,0,10000,0,0,0,10000,0,10000,10000
053982,臻鼎元大96購05  ,0,0,0,0,0,0,0,0,0,10000,0,0,0,10000,0,10000,10000
05362P,可成富邦97售02  ,0,0,0,0,0,0,0,0,0,10000,0,0,0,30000,20000,10000,10000
053534,微星永豐96購02  ,0,0,0,0,0,0,0,0,0,10000,0,0,0,20000,10000,10000,10000
053413,台積電國票99購01,0,0,0,0,0,0,0,0,0,10000,0,0,0,10000,0,10000,10000
053414,臻鼎國票97購01  ,0,0,0,0,0,0,0,0,0,10000,0,0,0,10000,0,10000,10000
053418,旺宏永豐96購02  ,10000,0,10000,0,0,0,0,0,0,0,0,0,0,0,0,0,10000
053521,緯穎群益96購02  ,0,0,0,0,0,0,0,0,0,10000,0,0,0,10000,0,10000,10000
053194,緯穎統一99購01  ,0,0,0,0,0,0,0,0,0,10000,0,0,0,10000,0,10000,10000
053072,國巨台新97購01  ,0,0,0,0,0,0,0,0,0,10000,0,0,0,10000,0,10000,10000
053269,同欣電群益96購01,0,0,0,0,0,0,0,0,0,10000,0,0,0,10000,0,10000,10000
053761,健策國泰98購01  ,0,0,0,0,0,0,0,0,0,10000,0,0,0,10000,0,10000,10000
053750,致伸永豐96購02  ,0,0,0,0,0,0,0,0,0,10000,0,0,0,10000,0,10000,10000
054466,欣興凱基97購03  ,0,0,0,0,0,0,0,0,0,10000,0,0,0,10000,0,10000,10000
054383,傳奇群益97購01  ,0,0,0,0,0,0,0,0,0,10000,0,0,0,10000,0,10000,10000
055566,台表科凱基97購03,0,0,0,0,0,0,0,0,0,10000,0,0,0,11000,1000,10000,10000
055433,嘉聯益群益99購01,0,0,0,0,0,0,0,0,0,10000,0,0,0,10000,0,10000,10000
055442,矽創國票98購02  ,0,0,0,0,0,0,0,0,0,10000,0,0,0,10000,0,10000,10000
055452,台積電元富97購03,0,0,0,0,0,0,0,0,0,10000,0,0,0,215000,205000,10000,10000
056433,鴻海凱基98購09  ,0,0,0,0,0,0,0,0,0,10000,0,0,0,14000,4000,10000,10000
056454,欣興凱基98購02  ,0,0,0,0,0,0,0,0,0,10000,0,0,0,10000,0,10000,10000
057134,茂林凱基98購02  ,0,0,0,0,0,0,0,0,0,10000,0,0,0,10000,0,10000,10000
057117,開發金日盛9B購01,0,0,0,0,0,0,0,0,0,10000,0,0,0,10000,0,10000,10000
057120,茂林康和98購01  ,0,0,0,0,0,0,0,0,0,10000,0,0,0,10000,0,10000,10000
057103,禾伸堂中信9A購01,0,0,0,0,0,0,0,0,0,10000,0,0,0,30000,20000,10000,10000
056407,嘉晶國票99購01  ,0,0,0,0,0,0,0,0,0,10000,0,0,0,10000,0,10000,10000
056409,麗豐國票99購01  ,0,0,0,0,0,0,0,0,0,10000,0,0,0,10000,0,10000,10000
055384,緯穎元大98購02  ,0,0,0,0,0,0,0,0,0,10000,0,0,0,51000,41000,10000,10000
055387,世紀鋼元大97購01,0,0,0,0,0,0,0,0,0,10000,0,0,0,10000,0,10000,10000
055402,正文元富97購02  ,0,0,0,0,0,0,0,0,0,10000,0,0,0,10000,0,10000,10000
055338,GIS兆豐97購01   ,0,0,0,0,0,0,0,0,0,10000,0,0,0,10000,0,10000,10000
055339,緯穎兆豐98購01  ,0,0,0,0,0,0,0,0,0,10000,0,0,0,10000,0,10000,10000
055373,聯詠元大97購03  ,0,0,0,0,0,0,0,0,0,10000,0,0,0,10000,0,10000,10000
054493,同欣電台新96購01,0,0,0,0,0,0,0,0,0,10000,0,0,0,10000,0,10000,10000
054704,玉晶光第一97購01,0,0,0,0,0,0,0,0,0,10000,0,0,0,110000,100000,10000,10000
057083,立積統一98購01  ,0,0,0,0,0,0,0,0,0,10000,0,0,0,10000,0,10000,10000
057066,緯穎富邦99購01  ,0,0,0,0,0,0,0,0,0,10000,0,0,0,10000,0,10000,10000
057060,緯穎元大98購05  ,0,0,0,0,0,0,0,0,0,10000,0,0,0,10000,0,10000,10000
057062,立積國泰99購01  ,0,0,0,0,0,0,0,0,0,10000,0,0,0,10000,0,10000,10000
056940,嘉聯益元富98購01,0,0,0,0,0,0,0,0,0,10000,0,0,0,10000,0,10000,10000
056809,旺宏統一98購03  ,0,0,0,0,0,0,0,0,0,10000,0,0,0,30000,20000,10000,10000
056844,欣興元富98購03  ,0,0,0,0,0,0,0,0,0,10000,0,0,0,10000,0,10000,10000
056396,祥碩永豐98購01  ,0,0,0,0,0,0,0,0,0,10000,0,0,0,10000,0,10000,10000
056318,鴻海群益98購02  ,0,0,0,0,0,0,0,0,0,10000,0,0,0,10000,0,10000,10000
056747,致新凱基99購01  ,0,0,0,0,0,0,0,0,0,10000,0,0,0,10000,0,10000,10000
056742,玉晶光凱基9A購01,0,0,0,0,0,0,0,0,0,10000,0,0,0,10000,0,10000,10000
056764,友達元大9A購03  ,0,0,0,0,0,0,0,0,0,10000,0,0,0,10000,0,10000,10000
056697,緯穎群益98購01  ,0,0,0,0,0,0,0,0,0,10000,0,0,0,10000,0,10000,10000
058939,台積電中信9B購01,0,0,0,0,0,0,0,0,0,10000,0,0,0,60000,50000,10000,10000
058128,FBVIX元大9C購02 ,0,0,0,0,0,0,0,0,0,10000,0,0,0,10000,0,10000,10000
058120,台灣50國票99購03,0,0,0,0,0,0,0,0,0,10000,0,0,0,10000,0,10000,10000
058132,義隆元大99購03  ,0,0,0,0,0,0,0,0,0,10000,0,0,0,10000,0,10000,10000
058157,華通台新99購01  ,0,0,0,0,0,0,0,0,0,10000,0,0,0,10000,0,10000,10000
058155,牧德統一9A購01  ,0,0,0,0,0,0,0,0,0,10000,0,0,0,10000,0,10000,10000
057294,台灣50永豐99購01,0,0,0,0,0,0,0,0,0,10000,0,0,0,10000,0,10000,10000
057273,智邦元大98購05  ,0,0,0,0,0,0,0,0,0,10000,0,0,0,15000,5000,10000,10000
058111,健鼎元富98購01  ,0,0,0,0,0,0,0,0,0,10000,0,0,0,10000,0,10000,10000
058091,欣興元大99購03  ,0,0,0,0,0,0,0,0,0,10000,0,0,0,70000,60000,10000,10000
059815,SP黃豆凱基9A購03,0,0,0,0,0,0,0,0,0,10000,0,0,0,10000,0,10000,10000
059834,友達國泰9B購01  ,0,0,0,0,0,0,0,0,0,10000,0,0,0,10000,0,10000,10000
059871,義隆凱基99購03  ,0,0,0,0,0,0,0,0,0,10000,0,0,0,19000,9000,10000,10000
059873,華新科凱基99購09,0,0,0,0,0,0,0,0,0,10000,0,0,0,30000,20000,10000,10000
059869,友達凱基99購07  ,0,0,0,0,0,0,0,0,0,10000,0,0,0,10000,0,10000,10000
056012,勤誠中信99購01  ,0,0,0,0,0,0,0,0,0,10000,0,0,0,50000,40000,10000,10000
056222,台積電凱基9A購01,0,0,0,0,0,0,0,0,0,10000,0,0,0,10000,0,10000,10000
055835,華邦電元大97購03,0,0,0,0,0,0,0,0,0,10000,0,0,0,10000,0,10000,10000
055933,欣興群益98購02  ,0,0,0,0,0,0,0,0,0,10000,0,0,0,10000,0,10000,10000
056592,台積電元富98購01,0,0,0,0,0,0,0,0,0,10000,0,0,0,10000,0,10000,10000
055832,台達電元大97購02,0,0,0,0,0,0,0,0,0,10000,0,0,0,10000,0,10000,10000
056550,瑞儀凱基99購01  ,0,0,0,0,0,0,0,0,0,10000,0,0,0,12000,2000,10000,10000
056572,義隆元大99購01  ,0,0,0,0,0,0,0,0,0,10000,0,0,0,20000,10000,10000,10000
055659,百和元富97購01  ,0,0,0,0,0,0,0,0,0,10000,0,0,0,10000,0,10000,10000
054750,聯茂凱基98購02  ,0,0,0,0,0,0,0,0,0,10000,0,0,0,10000,0,10000,10000
055700,緯穎國泰98購02  ,0,0,0,0,0,0,0,0,0,10000,0,0,0,10000,0,10000,10000
055290,玉晶光元大98購08,0,0,0,0,0,0,0,0,0,10000,0,0,0,10000,0,10000,10000
055291,京鼎元大97購02  ,0,0,0,0,0,0,0,0,0,10000,0,0,0,171000,161000,10000,10000
055127,台虹兆豐97購01  ,0,0,0,0,0,0,0,0,0,10000,0,0,0,10000,0,10000,10000
055087,瑞昱亞東97購01  ,0,0,0,0,0,0,0,0,0,10000,0,0,0,10000,0,10000,10000
055091,微星群益97購01  ,0,0,0,0,0,0,0,0,0,10000,0,0,0,10000,0,10000,10000
05511P,T50反1台新06售01,0,0,0,0,0,0,0,0,0,10000,0,0,0,10000,0,10000,10000
058700,鴻海元大99購15  ,0,0,0,0,0,0,0,0,0,10000,0,0,0,15000,5000,10000,10000
058730,玉晶光永豐9A購01,0,0,0,0,0,0,0,0,0,10000,0,0,0,10000,0,10000,10000
058644,元黃金富邦03購01,0,0,0,0,0,0,0,0,0,10000,0,0,0,10000,0,10000,10000
058657,大立光中信99購01,0,0,0,0,0,0,0,0,0,10000,0,0,0,10000,0,10000,10000
059260,國巨中信99購05  ,0,0,0,0,0,0,0,0,0,10000,0,0,0,10000,0,10000,10000
059067,上銀國票9A購02  ,0,0,0,0,0,0,0,0,0,10000,0,0,0,10000,0,10000,10000
059077,FBVIX元大99購05 ,0,0,0,0,0,0,0,0,0,10000,0,0,0,10000,0,10000,10000
059059,宏達電凱基99購03,0,0,0,0,0,0,0,0,0,10000,0,0,0,10000,0,10000,10000
057583,啟碁中信9A購01  ,0,0,0,0,0,0,0,0,0,10000,0,0,0,10000,0,10000,10000
057557,聯茂凱基99購04  ,0,0,0,0,0,0,0,0,0,10000,0,0,0,10000,0,10000,10000
057540,緯穎日盛99購01  ,0,0,0,0,0,0,0,0,0,10000,0,0,0,10000,0,10000,10000
057541,台灣50康和9A購04,0,0,0,0,0,0,0,0,0,10000,0,0,0,10000,0,10000,10000
059672,滬深2X元富99購06,0,0,0,0,0,0,0,0,0,10000,0,0,0,10000,0,10000,10000
059675,大立光元富99購08,0,0,0,0,0,0,0,0,0,10000,0,0,0,12000,2000,10000,10000
059767,矽力永豐99購01  ,0,0,0,0,0,0,0,0,0,10000,0,0,0,10000,0,10000,10000
059720,台積電元大99購43,0,0,0,0,0,0,0,0,0,10000,0,0,0,11000,1000,10000,10000
059387,華通凱基9A購03  ,0,0,0,0,0,0,0,0,0,10000,0,0,0,10000,0,10000,10000
059429,台積電元大99購35,0,0,0,0,0,0,0,0,0,10000,0,0,0,10000,0,10000,10000
059590,台積電元大99購39,0,0,0,0,0,0,0,0,0,10000,0,0,0,10000,0,10000,10000
060717,康控永豐9A購01  ,0,0,0,0,0,0,0,0,0,10000,0,0,0,25000,15000,10000,10000
059147,矽創國票99購01  ,0,0,0,0,0,0,0,0,0,10000,0,0,0,20000,10000,10000,10000
059153,臺股指國票99購16,0,0,0,0,0,0,0,0,0,10000,0,0,0,10000,0,10000,10000
059159,上銀凱基99購05  ,0,0,0,0,0,0,0,0,0,10000,0,0,0,10000,0,10000,10000
059171,祥碩凱基99購04  ,0,0,0,0,0,0,0,0,0,10000,0,0,0,21000,11000,10000,10000
058455,玉晶光永豐99購03,0,0,0,0,0,0,0,0,0,10000,0,0,0,11000,1000,10000,10000
058383,道瓊指中信9C購02,0,0,0,0,0,0,0,0,0,10000,0,0,0,10000,0,10000,10000
058421,國泰金麥證01購01,0,0,0,18000,8000,10000,0,0,0,10000,0,0,0,18000,8000,10000,10000
05762P,昇陽半永豐96售04,0,0,0,0,0,0,0,0,0,10000,0,0,0,10000,0,10000,10000
057619,玉晶光凱基98購02,0,0,0,0,0,0,0,0,0,10000,0,0,0,10000,0,10000,10000
061102,台積電元大9A購22,0,0,0,0,0,0,0,0,0,10000,0,0,0,60000,50000,10000,10000
060905,台積電元大9A購20,0,0,0,0,0,0,0,0,0,10000,0,0,0,10000,0,10000,10000
060964,日月光凱基9A購01,0,0,0,0,0,0,0,0,0,10000,0,0,0,10000,0,10000,10000
058268,泰碩永豐9A購01  ,0,0,0,0,0,0,0,0,0,10000,0,0,0,10000,0,10000,10000
057994,技嘉中信98購01  ,0,0,0,0,0,0,0,0,0,10000,0,0,0,10000,0,10000,10000
058994,道瓊指元大99購01,0,0,0,0,0,0,0,0,0,10000,0,0,0,10000,0,10000,10000
059020,元油2X統一9B購02,0,0,0,0,0,0,0,0,0,10000,0,0,0,30000,20000,10000,10000
059033,元油2X群益9C購05,0,0,0,0,0,0,0,0,0,10000,0,0,0,10000,0,10000,10000
058568,宏達電凱基9A購02,0,0,0,0,0,0,0,0,0,10000,0,0,0,10000,0,10000,10000
057681,T50反1日盛9C購01,0,0,0,0,0,0,0,0,0,10000,0,0,0,10000,0,10000,10000
057707,臺股指群益98購07,0,0,0,0,0,0,0,0,0,10000,0,0,0,80000,70000,10000,10000
057172,南亞科元大98購03,0,0,0,0,0,0,0,0,0,10000,0,0,0,78000,68000,10000,10000
057157,群創富邦98購02  ,0,0,0,0,0,0,0,0,0,10000,0,0,0,10000,0,10000,10000
057448,致茂元富98購01  ,0,0,0,0,0,0,0,0,0,10000,0,0,0,10000,0,10000,10000
057852,國巨國票99購05  ,0,0,0,0,0,0,0,0,0,10000,0,0,0,10000,0,10000,10000
057909,台光電兆豐98購01,0,0,0,0,0,0,0,0,0,10000,0,0,0,10000,0,10000,10000
057483,微星元大98購04  ,0,0,0,0,0,0,0,0,0,10000,0,0,0,30000,20000,10000,10000
060515,臺股指元大9B購12,0,0,0,0,0,0,0,0,0,10000,0,0,0,10000,0,10000,10000
060577,玉晶光中信9A購02,0,0,0,0,0,0,0,0,0,10000,0,0,0,11000,1000,10000,10000
060630,國巨富邦9C購03  ,0,0,0,0,0,0,0,0,0,10000,0,0,0,10000,0,10000,10000
057422,欣興凱基98購04  ,0,0,0,0,0,0,0,0,0,10000,0,0,0,10000,0,10000,10000
058203,信邦凱基99購01  ,0,0,0,0,0,0,0,0,0,10000,0,0,0,20000,10000,10000,10000
060453,儒鴻元大9A購02  ,0,0,0,0,0,0,0,0,0,10000,0,0,0,27000,17000,10000,10000
059979,台積電元大99購49,0,0,0,0,0,0,0,0,0,10000,0,0,0,62000,52000,10000,10000
060043,全新群益9B購02  ,0,0,0,0,0,0,0,0,0,10000,0,0,0,10000,0,10000,10000
060044,大立光群益99購09,0,0,0,0,0,0,0,0,0,10000,0,0,0,27000,17000,10000,10000
060159,健和興永豐9A購01,0,0,0,0,0,0,0,0,0,10000,0,0,0,45000,35000,10000,10000
060093,友達元大03購01  ,0,0,0,0,0,0,0,0,0,10000,0,0,0,62000,52000,10000,10000
060065,大立光兆豐9B購01,0,0,0,0,0,0,0,0,0,10000,0,0,0,15000,5000,10000,10000
060417,正隆永豐9A購01  ,0,0,0,0,0,0,0,0,0,10000,0,0,0,95000,85000,10000,10000
061426,玉晶光元大9A購15,0,0,0,0,0,0,0,0,0,10000,0,0,0,10000,0,10000,10000
06138P,台積電中信99售01,0,0,0,0,0,0,0,0,0,10000,0,0,0,20000,10000,10000,10000
061259,台積電凱基9A購21,0,0,0,0,0,0,0,0,0,10000,0,0,0,10000,0,10000,10000
061183,友達國泰9B購02  ,0,0,0,0,0,0,0,0,0,10000,0,0,0,10000,0,10000,10000
061189,可成富邦9B購02  ,0,0,0,0,0,0,0,0,0,10000,0,0,0,30000,20000,10000,10000
061246,玉晶光群益9A購08,0,0,0,0,0,0,0,0,0,10000,0,0,0,18000,8000,10000,10000
061248,健策群益9A購03  ,0,0,0,0,0,0,0,0,0,10000,0,0,0,10000,0,10000,10000
061715,牧德凱基9B購03  ,0,0,0,0,0,0,0,0,0,10000,0,0,0,10000,0,10000,10000
061707,超眾國票9B購01  ,0,0,0,0,0,0,0,0,0,10000,0,0,0,29000,19000,10000,10000
061709,SP黃豆凱基01購02,0,0,0,0,0,0,0,0,0,10000,0,0,0,10000,0,10000,10000
061841,晶技凱基9C購01  ,0,0,0,0,0,0,0,0,0,10000,0,0,0,10000,0,10000,10000
061662,瑞儀永豐9A購02  ,0,0,0,0,0,0,0,0,0,10000,0,0,0,20000,10000,10000,10000
061564,華擎國票9A購02  ,0,0,0,0,0,0,0,0,0,10000,0,0,0,55000,45000,10000,10000
062118,華新科中信9B購02,0,0,0,0,0,0,0,0,0,10000,0,0,0,10000,0,10000,10000
062068,滬深2X元大9B購02,0,0,0,0,0,0,0,0,0,10000,0,0,0,80000,70000,10000,10000
062076,美律元大9B購02  ,0,0,0,0,0,0,0,0,0,10000,0,0,0,10000,0,10000,10000
061960,國巨統一01購05  ,0,0,0,0,0,0,0,0,0,10000,0,0,0,30000,20000,10000,10000
06192P,高股息中信98售01,0,0,0,0,0,0,0,0,0,10000,0,0,0,40000,30000,10000,10000
062463,世紀鋼麥證9B購01,0,0,0,60000,50000,10000,0,0,0,10000,0,0,0,60000,50000,10000,10000
062546,新日興永豐9B購01,0,0,0,0,0,0,0,0,0,10000,0,0,0,10000,0,10000,10000
062562,瑞儀凱基9B購02  ,0,0,0,0,0,0,0,0,0,10000,0,0,0,20000,10000,10000,10000
062530,大立光統一01購03,0,0,0,0,0,0,0,0,0,10000,0,0,0,10000,0,10000,10000
062358,國巨元大9B購12  ,0,0,0,0,0,0,0,0,0,10000,0,0,0,10000,0,10000,10000
063619,聯發科兆豐01購01,0,0,0,0,0,0,0,0,0,10000,0,0,0,10000,0,10000,10000
063685,鴻海永豐9B購03  ,0,0,0,0,0,0,0,0,0,10000,0,0,0,10000,0,10000,10000
063112,祥碩兆豐9B購01  ,0,0,0,0,0,0,0,0,0,10000,0,0,0,107000,97000,10000,10000
062993,華新科群益9B購05,0,0,0,0,0,0,0,0,0,10000,0,0,0,15000,5000,10000,10000
063171,光寶科中信9B購01,0,0,0,0,0,0,0,0,0,10000,0,0,0,92000,82000,10000,10000
062686,群創統一9C購03  ,0,0,0,0,0,0,0,0,0,10000,0,0,0,10000,0,10000,10000
062613,臺指反元大02購10,0,0,0,0,0,0,0,0,0,10000,0,0,0,10000,0,10000,10000
062826,奇力新群益9C購01,0,0,0,0,0,0,0,0,0,10000,0,0,0,10000,0,10000,10000
062900,台積電元大9B購04,0,0,0,0,0,0,0,0,0,10000,0,0,0,11000,1000,10000,10000
062920,康友元大9B購01  ,0,0,0,0,0,0,0,0,0,10000,0,0,0,16000,6000,10000,10000
062936,鴻海凱基9B購07  ,0,0,0,0,0,0,0,0,0,10000,0,0,0,10000,0,10000,10000
8478,東哥遊艇        ,20000,10000,10000,0,0,0,0,0,0,0,0,0,0,0,0,0,10000
4976,佳凌            ,106000,97000,9000,0,0,0,0,0,0,0,0,0,0,0,0,0,9000
2506,太設            ,9000,0,9000,0,0,0,0,0,0,0,0,0,0,0,0,0,9000
1618,合機            ,4000,0,4000,0,0,0,0,0,0,5000,5000,0,5000,0,0,0,9000
1503,士電            ,12000,3000,9000,0,0,0,0,0,0,0,0,0,0,0,0,0,9000
1232,大統益          ,15000,6000,9000,0,0,0,0,0,0,0,0,0,0,0,0,0,9000
08328P,國巨國票9C售07  ,0,0,0,0,0,0,0,0,0,9000,0,0,0,10000,1000,9000,9000
08062P,華擎國票9B售03  ,0,0,0,0,0,0,0,0,0,9000,0,0,0,29000,20000,9000,9000
08016P,臺股指凱基02售02,0,0,0,0,0,0,0,0,0,9000,0,0,0,10000,1000,9000,9000
063970,大立光國票01購01,0,0,0,0,0,0,0,0,0,9000,0,0,0,9000,0,9000,9000
06616P,國巨元大98售15  ,0,0,0,0,0,0,0,0,0,9000,0,0,0,19000,10000,9000,9000
06696P,台灣50國票99售01,0,0,0,0,0,0,0,0,0,9000,0,0,0,65000,56000,9000,9000
054970,帆宣元大97購01  ,0,0,0,0,0,0,0,0,0,9000,0,0,0,139000,130000,9000,9000
055715,智邦元大97購04  ,0,0,0,0,0,0,0,0,0,9000,0,0,0,10000,1000,9000,9000
05579P,友達凱基98售03  ,0,0,0,0,0,0,0,0,0,9000,0,0,0,10000,1000,9000,9000
055904,貿聯亞東99購01  ,0,0,0,0,0,0,0,0,0,9000,0,0,0,9000,0,9000,9000
056642,旺宏凱基98購07  ,0,0,0,0,0,0,0,0,0,9000,0,0,0,10000,1000,9000,9000
056264,聯發科統一98購02,0,0,0,0,0,0,0,0,0,9000,0,0,0,10000,1000,9000,9000
05610P,國巨群益98售01  ,0,0,0,0,0,0,0,0,0,9000,0,0,0,9000,0,9000,9000
057267,康控兆豐99購01  ,0,0,0,0,0,0,0,0,0,9000,0,0,0,9000,0,9000,9000
056366,玉晶光元大99購04,0,0,0,0,0,0,0,0,0,9000,0,0,0,20000,11000,9000,9000
056941,台郡元富9B購01  ,0,0,0,0,0,0,0,0,0,9000,0,0,0,19000,10000,9000,9000
057042,台積電元大98購10,0,0,0,0,0,0,0,0,0,9000,0,0,0,59000,50000,9000,9000
052325,高股息中信99購01,0,0,0,0,0,0,0,0,0,9000,0,0,0,10000,1000,9000,9000
053396,漢唐中信9A購01  ,0,0,0,0,0,0,0,0,0,9000,0,0,0,22000,13000,9000,9000
054185,喬山永豐96購02  ,0,0,0,0,0,0,0,0,0,9000,0,0,0,9000,0,9000,9000
05145P,道瓊反元大98售01,0,0,0,0,0,0,0,0,0,9000,0,0,0,9000,0,9000,9000
00770,國泰北美科技    ,0,0,0,0,0,0,0,0,0,9000,0,0,0,47000,38000,9000,9000
006204,永豐臺灣加權    ,0,0,0,0,0,0,0,0,0,9000,0,0,0,52000,43000,9000,9000
060398,立積國票9B購01  ,0,0,0,0,0,0,0,0,0,9000,0,0,0,9000,0,9000,9000
060215,柏文康和9A購01  ,0,0,0,0,0,0,0,0,0,9000,0,0,0,15000,6000,9000,9000
060247,牧德元大9A購02  ,0,0,0,0,0,0,0,0,0,9000,0,0,0,19000,10000,9000,9000
060478,南電元大9A購01  ,0,0,0,0,0,0,0,0,0,9000,0,0,0,59000,50000,9000,9000
057870,大立光凱基99購02,0,0,0,0,0,0,0,0,0,9000,0,0,0,9000,0,9000,9000
057216,聯發科群益99購01,0,0,0,0,0,0,0,0,0,9000,0,0,0,15000,6000,9000,9000
060653,全新群益9A購02  ,0,0,0,0,0,0,0,0,0,9000,0,0,0,9000,0,9000,9000
057672,茂林元大98購02  ,0,0,0,0,0,0,0,0,0,9000,0,0,0,50000,41000,9000,9000
058311,緯穎元大99購05  ,0,0,0,0,0,0,0,0,0,9000,0,0,0,85000,76000,9000,9000
058046,國巨元大9A購01  ,0,0,0,0,0,0,0,0,0,9000,0,0,0,9000,0,9000,9000
060983,南亞科元大9A購06,0,0,0,0,0,0,0,0,0,9000,0,0,0,130000,121000,9000,9000
060957,SP黃豆凱基9A購04,0,0,0,0,0,0,0,0,0,9000,0,0,0,9000,0,9000,9000
060949,祥碩中信9A購01  ,0,0,0,0,0,0,0,0,0,9000,0,0,0,21000,12000,9000,9000
060812,智邦凱基9A購01  ,0,0,0,0,0,0,0,0,0,9000,0,0,0,12000,3000,9000,9000
059151,臺股指國票99購14,0,0,0,0,0,0,0,0,0,9000,0,0,0,9000,0,9000,9000
058515,健鼎元大99購01  ,0,0,0,0,0,0,0,0,0,9000,0,0,0,59000,50000,9000,9000
059559,T50反1凱基99購07,0,0,0,0,0,0,0,0,0,9000,0,0,0,9000,0,9000,9000
059400,滬深2X元富9C購04,0,0,0,0,0,0,0,0,0,9000,0,0,0,10000,1000,9000,9000
059249,大立光凱基99購05,0,0,0,0,0,0,0,0,0,9000,0,0,0,9000,0,9000,9000
059217,台積電元大99購30,0,0,0,0,0,0,0,0,0,9000,0,0,0,10000,1000,9000,9000
062901,台積電元大9B購05,0,0,0,0,0,0,0,0,0,9000,0,0,0,9000,0,9000,9000
062632,嘉晶國票9B購01  ,0,0,0,0,0,0,0,0,0,9000,0,0,0,9000,0,9000,9000
063727,鴻海元大9C購05  ,0,0,0,0,0,0,0,0,0,9000,0,0,0,47000,38000,9000,9000
063389,大立光兆豐9C購02,0,0,0,0,0,0,0,0,0,9000,0,0,0,14000,5000,9000,9000
063543,技嘉台新9B購02  ,0,0,0,0,0,0,0,0,0,9000,0,0,0,10000,1000,9000,9000
063544,華新科台新9B購02,0,0,0,0,0,0,0,0,0,9000,0,0,0,14000,5000,9000,9000
062365,台光電元大9B購03,0,0,0,0,0,0,0,0,0,9000,0,0,0,126000,117000,9000,9000
061916,元金2X凱基02購01,0,0,0,0,0,0,0,0,0,9000,0,0,0,9000,0,9000,9000
061965,台積電統一02購02,0,0,0,0,0,0,0,0,0,9000,0,0,0,9000,0,9000,9000
061995,超眾元大01購01  ,0,0,0,0,0,0,0,0,0,9000,0,0,0,59000,50000,9000,9000
061743,祥碩凱基9B購02  ,0,0,0,0,0,0,0,0,0,9000,0,0,0,91000,82000,9000,9000
06120P,大立光凱基98售05,0,0,0,0,0,0,0,0,0,9000,0,0,0,9000,0,9000,9000
061281,台積電統一9C購05,0,0,0,0,0,0,0,0,0,9000,0,0,0,42000,33000,9000,9000
061389,華新科群益9B購01,0,0,0,0,0,0,0,0,0,9000,0,0,0,43000,34000,9000,9000
061504,祥碩國票9A購02  ,0,0,0,0,0,0,0,0,0,9000,0,0,0,9000,0,9000,9000
061454,國巨凱基9A購16  ,0,0,0,0,0,0,0,0,0,9000,0,0,0,10000,1000,9000,9000
8411,福貞-KY         ,11000,2000,9000,0,0,0,0,0,0,0,0,0,0,0,0,0,9000
9937,全國            ,9000,0,9000,0,0,0,0,0,0,0,0,0,0,0,0,0,9000
06661P,玉晶光永豐98售05,0,0,0,0,0,0,0,0,0,8000,0,0,0,28000,20000,8000,8000
063969,晶豪科國票01購01,0,0,0,0,0,0,0,0,0,8000,0,0,0,30000,22000,8000,8000
064083,群創中信06購01  ,0,0,0,0,0,0,0,0,0,8000,0,0,0,8000,0,8000,8000
064171,燿華元富9C購01  ,0,0,0,0,0,0,0,0,0,8000,0,0,0,8000,0,8000,8000
07494P,葡萄王元大9A售03,0,0,0,0,0,0,0,0,0,8000,0,0,0,16000,8000,8000,8000
07858P,旺宏永豐9A售03  ,0,0,0,0,0,0,0,0,0,8000,0,0,0,10000,2000,8000,8000
06741P,台積電富邦98售04,0,0,0,0,0,0,0,0,0,8000,0,0,0,8000,0,8000,8000
07999P,台達電凱基9B售02,0,0,0,0,0,0,0,0,0,8000,0,0,0,100000,92000,8000,8000
08291P,智邦台新9C售02  ,0,0,0,0,0,0,0,0,0,8000,0,0,0,25000,17000,8000,8000
1540,喬福            ,12000,4000,8000,0,0,0,0,0,0,0,0,0,0,0,0,0,8000
1337,再生-KY         ,30000,22000,8000,0,0,0,0,0,0,0,0,0,0,0,0,0,8000
3022,威強電          ,80000,67000,13000,0,0,0,0,0,0,-5000,0,5000,-5000,0,0,0,8000
3013,晟銘電          ,14000,7000,7000,0,0,0,0,0,0,1000,1000,0,1000,0,0,0,8000
5283,禾聯碩          ,8000,0,8000,0,0,0,0,0,0,0,0,0,0,0,0,0,8000
4144,康聯-KY         ,19000,11000,8000,0,0,0,0,0,0,0,0,0,0,0,0,0,8000
3712,永崴投控        ,162000,154000,8000,0,0,0,0,0,0,0,0,0,0,0,0,0,8000
3645,達邁            ,108000,100000,8000,0,0,0,0,0,0,0,0,0,0,0,0,0,8000
6641,基士德-KY       ,8000,0,8000,0,0,0,0,0,0,0,0,0,0,0,0,0,8000
00684R,元大美元指數反1 ,0,0,0,0,0,0,0,0,0,8000,0,0,0,9000,1000,8000,8000
047196,上銀統一97購01  ,0,0,0,0,0,0,0,0,0,8000,0,0,0,8000,0,8000,8000
04437P,滬深2X群益98售03,0,0,0,0,0,0,0,0,0,8000,0,0,0,8000,0,8000,8000
03647C,T50反1元富99牛02,0,0,0,0,0,0,0,0,0,8000,0,0,0,10000,2000,8000,8000
050347,上証2X群益98購01,0,0,0,0,0,0,0,0,0,8000,0,0,0,8000,0,8000,8000
055324,TPK國票98購03   ,0,0,0,0,0,0,0,0,0,8000,0,0,0,46000,38000,8000,8000
056470,旺宏元大99購01  ,0,0,0,0,0,0,0,0,0,8000,0,0,0,15000,7000,8000,8000
056945,鴻海統一98購12  ,0,0,0,0,0,0,0,0,0,8000,0,0,0,68000,60000,8000,8000
056890,國巨元大98購11  ,0,0,0,0,0,0,0,0,0,8000,0,0,0,28000,20000,8000,8000
059829,超眾凱基99購05  ,0,0,0,0,0,0,0,0,0,8000,0,0,0,38000,30000,8000,8000
054740,強茂凱基99購01  ,0,0,0,0,0,0,0,0,0,8000,0,0,0,8000,0,8000,8000
055670,矽創群益98購02  ,0,0,0,0,0,0,0,0,0,8000,0,0,0,130000,122000,8000,8000
059088,台積電元大99購27,0,0,0,0,0,0,0,0,0,8000,0,0,0,12000,4000,8000,8000
059238,台積電凱基99購11,0,0,0,0,0,0,0,0,0,8000,0,0,0,9000,1000,8000,8000
058836,FBVIX中信03購05 ,0,0,0,0,0,0,0,0,0,8000,0,0,0,98000,90000,8000,8000
058676,聯茂群益99購01  ,0,0,0,0,0,0,0,0,0,8000,0,0,0,10000,2000,8000,8000
060826,牧德元大9B購02  ,0,0,0,0,0,0,0,0,0,8000,0,0,0,13000,5000,8000,8000
061139,玉晶光統一9C購02,0,0,0,0,0,0,0,0,0,8000,0,0,0,13000,5000,8000,8000
058063,旺宏中信98購04  ,0,0,0,0,0,0,0,0,0,8000,0,0,0,8000,0,8000,8000
060649,國巨第一9A購01  ,0,0,0,0,0,0,0,0,0,8000,0,0,0,8000,0,8000,8000
057838,台郡國泰99購01  ,0,0,0,0,0,0,0,0,0,8000,0,0,0,80000,72000,8000,8000
060569,台積電永豐9A購01,0,0,0,0,0,0,0,0,0,8000,0,0,0,10000,2000,8000,8000
057396,健鼎中信99購01  ,0,0,0,0,0,0,0,0,0,8000,0,0,0,120000,112000,8000,8000
060345,聯發科統一9B購05,0,0,0,0,0,0,0,0,0,8000,0,0,0,8000,0,8000,8000
060064,華新科兆豐99購07,0,0,0,0,0,0,0,0,0,8000,0,0,0,8000,0,8000,8000
061488,奇力新兆豐9A購01,0,0,0,0,0,0,0,0,0,8000,0,0,0,8000,0,8000,8000
061174,鴻海凱基9A購23  ,0,0,0,0,0,0,0,0,0,8000,0,0,0,9000,1000,8000,8000
061575,華新科元大9A購20,0,0,0,0,0,0,0,0,0,8000,0,0,0,8000,0,8000,8000
061660,禾伸堂永豐9A購01,0,0,0,0,0,0,0,0,0,8000,0,0,0,8000,0,8000,8000
061655,微星國票9A購01  ,0,0,0,0,0,0,0,0,0,8000,0,0,0,27000,19000,8000,8000
063703,晶豪科群益9B購02,0,0,0,0,0,0,0,0,0,8000,0,0,0,152000,144000,8000,8000
063617,鴻海兆豐01購01  ,0,0,0,0,0,0,0,0,0,8000,0,0,0,8000,0,8000,8000
062831,嘉澤群益9B購01  ,0,0,0,0,0,0,0,0,0,8000,0,0,0,10000,2000,8000,8000
063031,鴻海凱基9C購01  ,0,0,0,0,0,0,0,0,0,8000,0,0,0,14000,6000,8000,8000
6136,富爾特          ,8000,1000,7000,0,0,0,0,0,0,0,0,0,0,0,0,0,7000
3679,新至陞          ,13000,6000,7000,0,0,0,0,0,0,0,0,0,0,0,0,0,7000
4148,全宇生技-KY     ,47000,40000,7000,0,0,0,0,0,0,0,0,0,0,0,0,0,7000
3002,歐格            ,11000,4000,7000,0,0,0,0,0,0,0,0,0,0,0,0,0,7000
1463,強盛            ,7000,0,7000,0,0,0,0,0,0,0,0,0,0,0,0,0,7000
1817,凱撒衛          ,12000,5000,7000,0,0,0,0,0,0,0,0,0,0,0,0,0,7000
2028,威致            ,7000,0,7000,0,0,0,0,0,0,0,0,0,0,0,0,0,7000
08236P,國巨富邦03售01  ,0,0,0,0,0,0,0,0,0,7000,0,0,0,10000,3000,7000,7000
07953P,健策元大9B售07  ,0,0,0,0,0,0,0,0,0,7000,0,0,0,7000,0,7000,7000
08027P,嘉晶元大9B售03  ,0,0,0,0,0,0,0,0,0,7000,0,0,0,241000,234000,7000,7000
06743P,創意永豐98售03  ,0,0,0,0,0,0,0,0,0,7000,0,0,0,162000,155000,7000,7000
06767P,台積電永昌99售03,0,0,0,0,0,0,0,0,0,7000,0,0,0,7000,0,7000,7000
07045P,上銀國票9A售01  ,0,0,0,0,0,0,0,0,0,7000,0,0,0,7000,0,7000,7000
07031P,台灣50中信03售02,0,0,0,0,0,0,0,0,0,7000,0,0,0,110000,103000,7000,7000
06676P,華新科國票98售03,0,0,0,0,0,0,0,0,0,7000,0,0,0,7000,0,7000,7000
056113,新日興兆豐98購01,0,0,0,0,0,0,0,0,0,7000,0,0,0,7000,0,7000,7000
056089,同欣電統一98購01,0,0,0,0,0,0,0,0,0,7000,0,0,0,291000,284000,7000,7000
059807,大立光元富99購09,0,0,0,0,0,0,0,0,0,7000,0,0,0,15000,8000,7000,7000
059910,鴻海元大99購37  ,0,0,0,0,0,0,0,0,0,7000,0,0,0,26000,19000,7000,7000
057317,技嘉凱基98購02  ,0,0,0,0,0,0,0,0,0,7000,0,0,0,27000,20000,7000,7000
056449,義隆凱基98購03  ,0,0,0,0,0,0,0,0,0,7000,0,0,0,13000,6000,7000,7000
052313,聯電元大98購01  ,0,0,0,0,0,0,0,0,0,7000,0,0,0,7000,0,7000,7000
053024,國巨富邦97購02  ,0,0,0,0,0,0,0,0,0,7000,0,0,0,7000,0,7000,7000
048070,聯發科元富99購03,0,0,0,0,0,0,0,0,0,7000,0,0,0,12000,5000,7000,7000
048273,南電富邦97購01  ,0,0,0,0,0,0,0,0,0,7000,0,0,0,57000,50000,7000,7000
051562,玉晶光國泰97購05,0,0,0,0,0,0,0,0,0,7000,0,0,0,17000,10000,7000,7000
0053,元大電子        ,1000,0,1000,0,0,0,0,0,0,6000,0,0,0,6000,0,6000,7000
0055,元大MSCI金融    ,0,0,0,0,0,0,0,0,0,7000,4000,0,4000,3000,0,3000,7000
020008,元大特股高息N   ,0,0,0,0,0,0,0,0,0,7000,0,0,0,14000,7000,7000,7000
059990,健策元大9A購01  ,0,0,0,0,0,0,0,0,0,7000,0,0,0,20000,13000,7000,7000
06021P,世紀鋼元富96售03,0,0,0,0,0,0,0,0,0,7000,0,0,0,7000,0,7000,7000
060547,瑞昱凱基9A購01  ,0,0,0,0,0,0,0,0,0,7000,0,0,0,30000,23000,7000,7000
057241,超眾凱基99購02  ,0,0,0,0,0,0,0,0,0,7000,0,0,0,20000,13000,7000,7000
058290,南電國票9A購01  ,0,0,0,0,0,0,0,0,0,7000,0,0,0,7000,0,7000,7000
058999,台積電元大99購24,0,0,0,0,0,0,0,0,0,7000,0,0,0,37000,30000,7000,7000
061012,國巨麥證9A購03  ,0,0,0,7000,0,7000,0,0,0,7000,0,0,0,7000,0,7000,7000
059162,國巨凱基99購12  ,0,0,0,0,0,0,0,0,0,7000,0,0,0,13000,6000,7000,7000
059164,旺宏凱基99購06  ,0,0,0,0,0,0,0,0,0,7000,0,0,0,7000,0,7000,7000
057611,技嘉元富98購02  ,0,0,0,0,0,0,0,0,0,7000,0,0,0,7000,0,7000,7000
058377,茂林凱基9A購03  ,0,0,0,0,0,0,0,0,0,7000,0,0,0,22000,15000,7000,7000
058895,鴻海元大99購20  ,0,0,0,0,0,0,0,0,0,7000,0,0,0,12000,5000,7000,7000
059218,台積電元大99購31,0,0,0,0,0,0,0,0,0,7000,0,0,0,7000,0,7000,7000
059327,南茂元大99購01  ,0,0,0,0,0,0,0,0,0,7000,0,0,0,12000,5000,7000,7000
062980,康控元富9B購01  ,0,0,0,0,0,0,0,0,0,7000,0,0,0,102000,95000,7000,7000
063770,台灣50富邦03購01,0,0,0,0,0,0,0,0,0,7000,0,0,0,10000,3000,7000,7000
063458,正隆元大9B購01  ,0,0,0,0,0,0,0,0,0,7000,0,0,0,75000,68000,7000,7000
061665,旺宏中信9C購01  ,0,0,0,0,0,0,0,0,0,7000,0,0,0,16000,9000,7000,7000
061718,GIS凱基9B購01   ,0,0,0,0,0,0,0,0,0,7000,0,0,0,158000,151000,7000,7000
061334,華通元大9A購09  ,0,0,0,0,0,0,0,0,0,7000,0,0,0,62000,55000,7000,7000
061304,創意永豐9A購02  ,0,0,0,0,0,0,0,0,0,7000,0,0,0,7000,0,7000,7000
062102,T50反1國票9B購07,0,0,0,0,0,0,0,0,0,7000,0,0,0,28000,21000,7000,7000
062145,億光國票9B購01  ,0,0,0,0,0,0,0,0,0,7000,0,0,0,90000,83000,7000,7000
062178,上銀元大9B購03  ,0,0,0,0,0,0,0,0,0,7000,0,0,0,7000,0,7000,7000
062306,華通凱基9B購01  ,0,0,0,0,0,0,0,0,0,7000,0,0,0,47000,40000,7000,7000
8114,振樺電          ,9000,2000,7000,0,0,0,0,0,0,0,0,0,0,0,0,0,7000
064016,南六國票01購01  ,0,0,0,0,0,0,0,0,0,6000,0,0,0,10000,4000,6000,6000
063885,南六元富9C購01  ,0,0,0,0,0,0,0,0,0,6000,0,0,0,6000,0,6000,6000
063881,嘉晶元富9C購01  ,0,0,0,0,0,0,0,0,0,6000,0,0,0,6000,0,6000,6000
06957P,FBVIX凱基01售01 ,0,0,0,0,0,0,0,0,0,6000,0,0,0,6000,0,6000,6000
06988P,鴻海元富99售09  ,0,0,0,0,0,0,0,0,0,6000,0,0,0,10000,4000,6000,6000
07700P,臺股指元大9A售53,0,0,0,0,0,0,0,0,0,6000,0,0,0,6000,0,6000,6000
07552P,技嘉元大9A售03  ,0,0,0,0,0,0,0,0,0,6000,0,0,0,37000,31000,6000,6000
08188P,群創群益9B售04  ,0,0,0,0,0,0,0,0,0,6000,0,0,0,16000,10000,6000,6000
08135P,玉晶光國泰01售02,0,0,0,0,0,0,0,0,0,6000,0,0,0,97000,91000,6000,6000
2002A,中鋼特          ,0,0,0,0,0,0,0,0,0,6000,6000,0,6000,0,0,0,6000
2012,春雨            ,6000,0,6000,0,0,0,0,0,0,0,0,0,0,0,0,0,6000
1776,展宇            ,6000,0,6000,0,0,0,0,0,0,0,0,0,0,0,0,0,6000
1459,聯發            ,21000,15000,6000,0,0,0,0,0,0,0,0,0,0,0,0,0,6000
1109,信大            ,56000,51000,5000,0,0,0,1000,0,1000,0,0,0,0,0,0,0,6000
1231,聯華食          ,23000,17000,6000,0,0,0,0,0,0,0,0,0,0,0,0,0,6000
1219,福壽            ,6000,0,6000,0,0,0,0,0,0,0,0,0,0,0,0,0,6000
3046,建碁            ,6000,0,6000,0,0,0,0,0,0,0,0,0,0,0,0,0,6000
6216,居易            ,7000,1000,6000,0,0,0,0,0,0,0,0,0,0,0,0,0,6000
051233,力成群益97購01  ,0,0,0,0,0,0,0,0,0,6000,0,0,0,6000,0,6000,6000
0054,元大台商50      ,0,0,0,0,0,0,0,0,0,6000,0,0,0,9000,3000,6000,6000
051482,玉晶光凱基96購01,0,0,0,0,0,0,0,0,0,6000,0,0,0,6000,0,6000,6000
03052X,元展49          ,0,0,0,0,0,0,0,0,0,6000,0,0,0,8000,2000,6000,6000
052907,嘉澤國票97購01  ,0,0,0,0,0,0,0,0,0,6000,0,0,0,6000,0,6000,6000
050142,聯發科元富9A購01,0,0,0,0,0,0,0,0,0,6000,0,0,0,6000,0,6000,6000
050570,聯發科中信97購02,0,0,0,0,0,0,0,0,0,6000,0,0,0,6000,0,6000,6000
042752,台灣50元大96購03,0,0,0,0,0,0,0,0,0,6000,0,0,0,16000,10000,6000,6000
056467,上証2X元大98購02,0,0,0,0,0,0,0,0,0,6000,0,0,0,6000,0,6000,6000
053631,欣興兆豐97購01  ,0,0,0,0,0,0,0,0,0,6000,0,0,0,6000,0,6000,6000
053136,彩晶國票97購01  ,0,0,0,0,0,0,0,0,0,6000,0,0,0,6000,0,6000,6000
053865,欣興元大97購02  ,0,0,0,0,0,0,0,0,0,6000,0,0,0,46000,40000,6000,6000
057081,大立光統一98購07,0,0,0,0,0,0,0,0,0,6000,0,0,0,6000,0,6000,6000
057253,高股息中信99購02,0,0,0,0,0,0,0,0,0,6000,0,0,0,6000,0,6000,6000
056772,欣興元大99購01  ,0,0,0,0,0,0,0,0,0,6000,0,0,0,34000,28000,6000,6000
056091,百和統一97購01  ,0,0,0,0,0,0,0,0,0,6000,0,0,0,6000,0,6000,6000
056206,泰鼎永豐97購01  ,0,0,0,0,0,0,0,0,0,6000,0,0,0,6000,0,6000,6000
055805,矽力永豐97購01  ,0,0,0,0,0,0,0,0,0,6000,0,0,0,7000,1000,6000,6000
056578,智易元大99購02  ,0,0,0,0,0,0,0,0,0,6000,0,0,0,48000,42000,6000,6000
056517,茂林兆豐99購01  ,0,0,0,0,0,0,0,0,0,6000,0,0,0,6000,0,6000,6000
055307,瑞昱群益97購02  ,0,0,0,0,0,0,0,0,0,6000,0,0,0,6000,0,6000,6000
055258,玉晶光統一97購03,0,0,0,0,0,0,0,0,0,6000,0,0,0,3924000,3918000,6000,6000
059324,智易元大99購04  ,0,0,0,0,0,0,0,0,0,6000,0,0,0,6000,0,6000,6000
059629,友達凱基99購06  ,0,0,0,0,0,0,0,0,0,6000,0,0,0,6000,0,6000,6000
059085,鴻海元大99購25  ,0,0,0,0,0,0,0,0,0,6000,0,0,0,18000,12000,6000,6000
058685,TPK凱基99購01   ,0,0,0,0,0,0,0,0,0,6000,0,0,0,13000,7000,6000,6000
058487,晶技國票9A購01  ,0,0,0,0,0,0,0,0,0,6000,0,0,0,6000,0,6000,6000
057651,矽力元大98購03  ,0,0,0,0,0,0,0,0,0,6000,0,0,0,6000,0,6000,6000
059155,台表科日盛99購01,0,0,0,0,0,0,0,0,0,6000,0,0,0,66000,60000,6000,6000
060747,聯鈞國票9A購02  ,0,0,0,0,0,0,0,0,0,6000,0,0,0,85000,79000,6000,6000
061069,嘉聯益凱基9A購01,0,0,0,0,0,0,0,0,0,6000,0,0,0,66000,60000,6000,6000
058990,GIS凱基99購02   ,0,0,0,0,0,0,0,0,0,6000,0,0,0,6000,0,6000,6000
058601,台積電元大99購10,0,0,0,0,0,0,0,0,0,6000,0,0,0,16000,10000,6000,6000
057242,台郡凱基98購05  ,0,0,0,0,0,0,0,0,0,6000,0,0,0,6000,0,6000,6000
057471,昇陽半永豐98購02,0,0,0,0,0,0,0,0,0,6000,0,0,0,10000,4000,6000,6000
057933,聯發科群益98購06,0,0,0,0,0,0,0,0,0,6000,0,0,0,6000,0,6000,6000
057168,旺宏元大99購03  ,0,0,0,0,0,0,0,0,0,6000,0,0,0,6000,0,6000,6000
060474,中租元大9B購01  ,0,0,0,0,0,0,0,0,0,6000,0,0,0,40000,34000,6000,6000
060585,玉晶光元富9A購02,0,0,0,0,0,0,0,0,0,6000,0,0,0,16000,10000,6000,6000
057406,茂林群益98購03  ,0,0,0,0,0,0,0,0,0,6000,0,0,0,36000,30000,6000,6000
060457,中橡元大9A購02  ,0,0,0,0,0,0,0,0,0,6000,0,0,0,171000,165000,6000,6000
060260,京鼎凱基9C購01  ,0,0,0,0,0,0,0,0,0,6000,0,0,0,6000,0,6000,6000
060346,華新科統一01購01,0,0,0,0,0,0,0,0,0,6000,0,0,0,37000,31000,6000,6000
060186,義隆元富9A購01  ,0,0,0,0,0,0,0,0,0,6000,0,0,0,12000,6000,6000,6000
062280,大立光群益9C購01,0,0,0,0,0,0,0,0,0,6000,0,0,0,6000,0,6000,6000
06243P,亞光元富97售01  ,0,0,0,0,0,0,0,0,0,6000,0,0,0,36000,30000,6000,6000
062224,玉晶光統一9C購03,0,0,0,0,0,0,0,0,0,6000,0,0,0,17000,11000,6000,6000
062234,廣達凱基9B購01  ,0,0,0,0,0,0,0,0,0,6000,0,0,0,6000,0,6000,6000
061923,友達凱基9B購04  ,0,0,0,0,0,0,0,0,0,6000,0,0,0,96000,90000,6000,6000
061241,晶技兆豐9A購01  ,0,0,0,0,0,0,0,0,0,6000,0,0,0,45000,39000,6000,6000
061399,喬山兆豐9B購01  ,0,0,0,0,0,0,0,0,0,6000,0,0,0,6000,0,6000,6000
061716,瑞儀凱基9B購01  ,0,0,0,0,0,0,0,0,0,6000,0,0,0,26000,20000,6000,6000
061847,力山國票9B購01  ,0,0,0,0,0,0,0,0,0,6000,0,0,0,44000,38000,6000,6000
061546,大立光群益9A購05,0,0,0,0,0,0,0,0,0,6000,0,0,0,6000,0,6000,6000
06153P,健策元大97售04  ,0,0,0,0,0,0,0,0,0,6000,0,0,0,6000,0,6000,6000
063446,台光電統一01購02,0,0,0,0,0,0,0,0,0,6000,0,0,0,220000,214000,6000,6000
063349,台郡統一9C購01  ,0,0,0,0,0,0,0,0,0,6000,0,0,0,25000,19000,6000,6000
063012,技嘉元大9B購01  ,0,0,0,0,0,0,0,0,0,6000,0,0,0,16000,10000,6000,6000
062741,立積國票9B購02  ,0,0,0,0,0,0,0,0,0,6000,0,0,0,15000,9000,6000,6000
5288,豐祥-KY         ,67000,52000,15000,0,0,0,0,0,0,-10000,0,10000,-10000,0,0,0,5000
4994,傳奇            ,32000,27000,5000,0,0,0,0,0,0,0,0,0,0,0,0,0,5000
3296,勝德            ,5000,0,5000,0,0,0,0,0,0,0,0,0,0,0,0,0,5000
1521,大億            ,15000,10000,5000,0,0,0,0,0,0,0,0,0,0,0,0,0,5000
2328,廣宇            ,290000,296000,-6000,0,0,0,1000,0,1000,10000,10000,0,10000,0,0,0,5000
07932P,國巨元大9B售04  ,0,0,0,0,0,0,0,0,0,5000,0,0,0,5000,0,5000,5000
07311P,台灣50元大99售09,0,0,0,0,0,0,0,0,0,5000,0,0,0,5000,0,5000,5000
07737P,華通永豐9A售01  ,0,0,0,0,0,0,0,0,0,5000,0,0,0,5000,0,5000,5000
07867P,晶技元大9B售01  ,0,0,0,0,0,0,0,0,0,5000,0,0,0,5000,0,5000,5000
06864P,健策凱基98售01  ,0,0,0,0,0,0,0,0,0,5000,0,0,0,109000,104000,5000,5000
07068P,欣興台新99售01  ,0,0,0,0,0,0,0,0,0,5000,0,0,0,5000,0,5000,5000
07093P,台積電凱基99售07,0,0,0,0,0,0,0,0,0,5000,0,0,0,5000,0,5000,5000
07220P,台灣50中信03售05,0,0,0,0,0,0,0,0,0,5000,0,0,0,5000,0,5000,5000
063892,旺宏群益01購01  ,0,0,0,0,0,0,0,0,0,5000,0,0,0,5000,0,5000,5000
064030,泰碩元大01購01  ,0,0,0,0,0,0,0,0,0,5000,0,0,0,15000,10000,5000,5000
064270,華通元大9C購03  ,0,0,0,0,0,0,0,0,0,5000,0,0,0,6000,1000,5000,5000
055253,大立光統一97購06,0,0,0,0,0,0,0,0,0,5000,0,0,0,5000,0,5000,5000
055605,緯穎元大97購02  ,0,0,0,0,0,0,0,0,0,5000,0,0,0,15000,10000,5000,5000
055617,TPK國票98購04   ,0,0,0,0,0,0,0,0,0,5000,0,0,0,5000,0,5000,5000
055671,世紀鋼群益97購01,0,0,0,0,0,0,0,0,0,5000,0,0,0,5000,0,5000,5000
054856,得力群益99購01  ,0,0,0,0,0,0,0,0,0,5000,0,0,0,10000,5000,5000,5000
056597,宏碁元富98購01  ,0,0,0,0,0,0,0,0,0,5000,0,0,0,5000,0,5000,5000
055713,國巨元大98購09  ,0,0,0,0,0,0,0,0,0,5000,0,0,0,21000,16000,5000,5000
056608,力山永豐98購01  ,0,0,0,0,0,0,0,0,0,5000,0,0,0,5000,0,5000,5000
056704,健策國泰99購01  ,0,0,0,0,0,0,0,0,0,5000,0,0,0,5000,0,5000,5000
056379,玉晶光元富98購01,0,0,0,0,0,0,0,0,0,5000,0,0,0,5000,0,5000,5000
056390,台積電富邦9B購01,0,0,0,0,0,0,0,0,0,5000,0,0,0,5000,0,5000,5000
057325,可成群益9A購01  ,0,0,0,0,0,0,0,0,0,5000,0,0,0,180000,175000,5000,5000
058099,鴻海國泰9A購02  ,0,0,0,0,0,0,0,0,0,5000,0,0,0,15000,10000,5000,5000
058150,中502X統一9B購01,0,0,0,0,0,0,0,0,0,5000,0,0,0,5000,0,5000,5000
058948,道瓊銀群益9C購01,0,0,0,0,0,0,0,0,0,5000,0,0,0,5000,0,5000,5000
059893,台積電台新9A購02,0,0,0,0,0,0,0,0,0,5000,0,0,0,5000,0,5000,5000
059938,凱美永豐99購01  ,0,0,0,0,0,0,0,0,0,5000,0,0,0,42000,37000,5000,5000
059872,華新科凱基01購01,0,0,0,0,0,0,0,0,0,5000,0,0,0,35000,30000,5000,5000
053863,聯發科元大96購18,0,0,0,0,0,0,0,0,0,5000,0,0,0,5000,0,5000,5000
053887,聯茂兆豐97購02  ,0,0,0,0,0,0,0,0,0,5000,0,0,0,5000,0,5000,5000
054335,緯穎永豐96購02  ,0,0,0,0,0,0,0,0,0,5000,0,0,0,5000,0,5000,5000
053945,國巨富邦98購02  ,0,0,0,0,0,0,0,0,0,5000,0,0,0,5000,0,5000,5000
053932,華新科統一96購03,0,0,0,0,0,0,0,0,0,5000,0,0,0,5000,0,5000,5000
054364,智伸科凱基96購01,0,0,0,0,0,0,0,0,0,5000,0,0,0,5000,0,5000,5000
052622,貿聯兆豐97購01  ,0,0,0,0,0,0,0,0,0,5000,0,0,0,5000,0,5000,5000
053387,緯創元大97購01  ,0,0,0,0,0,0,0,0,0,5000,0,0,0,5000,0,5000,5000
053529,國巨麥證96購01  ,0,0,0,5000,0,5000,0,0,0,5000,0,0,0,5000,0,5000,5000
055482,聚陽元大97購02  ,0,0,0,0,0,0,0,0,0,5000,0,0,0,5000,0,5000,5000
055356,大立光凱基97購06,0,0,0,0,0,0,0,0,0,5000,0,0,0,5000,0,5000,5000
054074,健策富邦98購01  ,0,0,0,0,0,0,0,0,0,5000,0,0,0,5000,0,5000,5000
050673,旺宏富邦96購02  ,0,0,0,0,0,0,0,0,0,5000,0,0,0,5000,0,5000,5000
050161,鴻海國泰96購03  ,0,0,0,0,0,0,0,0,0,5000,0,0,0,5000,0,5000,5000
053027,玉晶光富邦98購01,0,0,0,0,0,0,0,0,0,5000,0,0,0,5000,0,5000,5000
047004,台積電統一99購01,0,0,0,0,0,0,0,0,0,5000,0,0,0,15000,10000,5000,5000
051560,玉晶光國泰97購03,0,0,0,0,0,0,0,0,0,5000,0,0,0,5000,0,5000,5000
051503,玉晶光統一97購01,0,0,0,0,0,0,0,0,0,5000,0,0,0,11000,6000,5000,5000
051578,智邦元大96購01  ,0,0,0,0,0,0,0,0,0,5000,0,0,0,5000,0,5000,5000
00661,元大日經225     ,0,0,0,0,0,0,0,0,0,5000,0,0,0,5000,0,5000,5000
01002T,土銀國泰R1      ,5000,0,5000,0,0,0,0,0,0,0,0,0,0,0,0,0,5000
05998P,台積電元大97售12,0,0,0,0,0,0,0,0,0,5000,0,0,0,5000,0,5000,5000
059997,華航元富99購01  ,0,0,0,0,0,0,0,0,0,5000,0,0,0,5000,0,5000,5000
059959,訊芯康和99購01  ,0,0,0,0,0,0,0,0,0,5000,0,0,0,5000,0,5000,5000
060340,國巨統一01購02  ,0,0,0,0,0,0,0,0,0,5000,0,0,0,5000,0,5000,5000
060320,元金2X群益02購01,0,0,0,0,0,0,0,0,0,5000,0,0,0,5000,0,5000,5000
060429,南六永豐9A購01  ,0,0,0,0,0,0,0,0,0,5000,0,0,0,5000,0,5000,5000
058213,欣興群益99購01  ,0,0,0,0,0,0,0,0,0,5000,0,0,0,37000,32000,5000,5000
060564,南亞科富邦9C購01,0,0,0,0,0,0,0,0,0,5000,0,0,0,5000,0,5000,5000
060620,玉晶光元大9A購04,0,0,0,0,0,0,0,0,0,5000,0,0,0,30000,25000,5000,5000
060505,友達元大9C購05  ,0,0,0,0,0,0,0,0,0,5000,0,0,0,33000,28000,5000,5000
057784,台積電國票9B購01,0,0,0,0,0,0,0,0,0,5000,0,0,0,5000,0,5000,5000
057785,智邦國票99購02  ,0,0,0,0,0,0,0,0,0,5000,0,0,0,5000,0,5000,5000
057763,康控凱基99購02  ,0,0,0,0,0,0,0,0,0,5000,0,0,0,15000,10000,5000,5000
057872,旺宏元大99購06  ,0,0,0,0,0,0,0,0,0,5000,0,0,0,26000,21000,5000,5000
057482,微星元大98購03  ,0,0,0,0,0,0,0,0,0,5000,0,0,0,5000,0,5000,5000
058977,SGBR2X凱基03購01,0,0,0,0,0,0,0,0,0,5000,0,0,0,13000,8000,5000,5000
059025,台灣50台新9B購02,0,0,0,0,0,0,0,0,0,5000,0,0,0,5000,0,5000,5000
058259,訊連國泰9B購01  ,0,0,0,0,0,0,0,0,0,5000,0,0,0,5000,0,5000,5000
057949,南電國票99購01  ,0,0,0,0,0,0,0,0,0,5000,0,0,0,40000,35000,5000,5000
061050,康友中信9A購01  ,0,0,0,0,0,0,0,0,0,5000,0,0,0,105000,100000,5000,5000
060999,國巨兆豐9A購01  ,0,0,0,0,0,0,0,0,0,5000,0,0,0,15000,10000,5000,5000
060848,聯茂國票9A購02  ,0,0,0,0,0,0,0,0,0,5000,0,0,0,5000,0,5000,5000
06094P,台達電中信97售01,0,0,0,0,0,0,0,0,0,5000,0,0,0,5000,0,5000,5000
060945,緯穎國票9A購02  ,0,0,0,0,0,0,0,0,0,5000,0,0,0,10000,5000,5000,5000
060928,明泰永豐9A購01  ,0,0,0,0,0,0,0,0,0,5000,0,0,0,5000,0,5000,5000
060737,瑞儀統一9C購01  ,0,0,0,0,0,0,0,0,0,5000,0,0,0,5000,0,5000,5000
059129,麗豐中信99購01  ,0,0,0,0,0,0,0,0,0,5000,0,0,0,20000,15000,5000,5000
057632,傳奇永豐98購01  ,0,0,0,0,0,0,0,0,0,5000,0,0,0,5000,0,5000,5000
058440,玉晶光統一99購02,0,0,0,0,0,0,0,0,0,5000,0,0,0,14000,9000,5000,5000
058459,南電永豐99購01  ,0,0,0,0,0,0,0,0,0,5000,0,0,0,5000,0,5000,5000
058452,義隆永豐99購02  ,0,0,0,0,0,0,0,0,0,5000,0,0,0,5000,0,5000,5000
058683,可成凱基9A購01  ,0,0,0,0,0,0,0,0,0,5000,0,0,0,7000,2000,5000,5000
058802,矽創元大99購02  ,0,0,0,0,0,0,0,0,0,5000,0,0,0,10000,5000,5000,5000
058828,大毅永豐99購01  ,0,0,0,0,0,0,0,0,0,5000,0,0,0,5000,0,5000,5000
059074,元油2X元大9C購15,0,0,0,0,0,0,0,0,0,5000,0,0,0,41000,36000,5000,5000
058846,鴻海群益99購03  ,0,0,0,0,0,0,0,0,0,5000,0,0,0,8000,3000,5000,5000
058861,國巨凱基9A購08  ,0,0,0,0,0,0,0,0,0,5000,0,0,0,5000,0,5000,5000
059118,晶技永豐9A購01  ,0,0,0,0,0,0,0,0,0,5000,0,0,0,15000,10000,5000,5000
059248,華新科凱基99購04,0,0,0,0,0,0,0,0,0,5000,0,0,0,5000,0,5000,5000
059489,上証2X國票9A購01,0,0,0,0,0,0,0,0,0,5000,0,0,0,5000,0,5000,5000
059474,元石油群益99購01,0,0,0,0,0,0,0,0,0,5000,0,0,0,5000,0,5000,5000
059307,T50反1元大99購06,0,0,0,0,0,0,0,0,0,5000,0,0,0,111000,106000,5000,5000
062739,嘉晶國票9B購02  ,0,0,0,0,0,0,0,0,0,5000,0,0,0,17000,12000,5000,5000
062616,玉晶光元大9C購06,0,0,0,0,0,0,0,0,0,5000,0,0,0,6000,1000,5000,5000
062816,華新科兆豐9B購01,0,0,0,0,0,0,0,0,0,5000,0,0,0,5000,0,5000,5000
062894,道瓊銀元大9B購02,0,0,0,0,0,0,0,0,0,5000,0,0,0,5000,0,5000,5000
062896,中興電元大9B購01,0,0,0,0,0,0,0,0,0,5000,0,0,0,6000,1000,5000,5000
063009,國巨元大9B購18  ,0,0,0,0,0,0,0,0,0,5000,0,0,0,25000,20000,5000,5000
063189,臻鼎凱基9B購01  ,0,0,0,0,0,0,0,0,0,5000,0,0,0,25000,20000,5000,5000
063359,泰鼎國泰01購01  ,0,0,0,0,0,0,0,0,0,5000,0,0,0,5000,0,5000,5000
063469,牧德元大9C購02  ,0,0,0,0,0,0,0,0,0,5000,0,0,0,30000,25000,5000,5000
063482,緯穎元大9B購09  ,0,0,0,0,0,0,0,0,0,5000,0,0,0,23000,18000,5000,5000
063784,華通中信06購01  ,0,0,0,0,0,0,0,0,0,5000,0,0,0,5000,0,5000,5000
061553,南電群益9A購03  ,0,0,0,0,0,0,0,0,0,5000,0,0,0,5000,0,5000,5000
061573,義隆元大9A購02  ,0,0,0,0,0,0,0,0,0,5000,0,0,0,164000,159000,5000,5000
061186,牧德國泰9C購01  ,0,0,0,0,0,0,0,0,0,5000,0,0,0,40000,35000,5000,5000
062040,玉晶光凱基01購01,0,0,0,0,0,0,0,0,0,5000,0,0,0,6000,1000,5000,5000
062149,牧德國票9B購01  ,0,0,0,0,0,0,0,0,0,5000,0,0,0,7000,2000,5000,5000
062130,T50反1群益9B購01,0,0,0,0,0,0,0,0,0,5000,0,0,0,20000,15000,5000,5000
062082,嘉晶元大9B購01  ,0,0,0,0,0,0,0,0,0,5000,0,0,0,5000,0,5000,5000
06242P,大立光元富9A售02,0,0,0,0,0,0,0,0,0,5000,0,0,0,20000,15000,5000,5000
062479,TPK國票9B購01   ,0,0,0,0,0,0,0,0,0,5000,0,0,0,5000,0,5000,5000
062398,建準永豐9B購01  ,0,0,0,0,0,0,0,0,0,5000,0,0,0,10000,5000,5000,5000
062385,玉晶光國泰01購01,0,0,0,0,0,0,0,0,0,5000,0,0,0,142000,137000,5000,5000
064213,大立光凱基03購01,0,0,0,0,0,0,0,0,0,4000,0,0,0,4000,0,4000,4000
06627P,華新科元富99售01,0,0,0,0,0,0,0,0,0,4000,0,0,0,10000,6000,4000,4000
06633P,國巨國票99售01  ,0,0,0,0,0,0,0,0,0,4000,0,0,0,7000,3000,4000,4000
063964,瑞昱國票01購01  ,0,0,0,0,0,0,0,0,0,4000,0,0,0,4000,0,4000,4000
07245P,台積電凱基99售16,0,0,0,0,0,0,0,0,0,4000,0,0,0,7000,3000,4000,4000
07190P,臺股指富邦9C售02,0,0,0,0,0,0,0,0,0,4000,0,0,0,5000,1000,4000,4000
07851P,聯發科國票9A售05,0,0,0,0,0,0,0,0,0,4000,0,0,0,29000,25000,4000,4000
07455P,聯發科元大9A售01,0,0,0,0,0,0,0,0,0,4000,0,0,0,4000,0,4000,4000
07500P,微星元大9A售01  ,0,0,0,0,0,0,0,0,0,4000,0,0,0,24000,20000,4000,4000
07647P,健策國票9A售04  ,0,0,0,0,0,0,0,0,0,4000,0,0,0,54000,50000,4000,4000
07898P,國巨國泰9C售02  ,0,0,0,0,0,0,0,0,0,4000,0,0,0,37000,33000,4000,4000
08009P,華擎統一9B售02  ,0,0,0,0,0,0,0,0,0,4000,0,0,0,4000,0,4000,4000
08238P,嘉晶永豐9B售03  ,0,0,0,0,0,0,0,0,0,4000,0,0,0,4000,0,4000,4000
1525,江申            ,8000,4000,4000,0,0,0,0,0,0,0,0,0,0,0,0,0,4000
1432,大魯閣          ,9000,5000,4000,0,0,0,0,0,0,0,0,0,0,0,0,0,4000
3305,昇貿            ,4000,0,4000,0,0,0,0,0,0,0,0,0,0,0,0,0,4000
3266,昇陽            ,5000,1000,4000,0,0,0,0,0,0,0,0,0,0,0,0,0,4000
2904,匯僑            ,6000,2000,4000,0,0,0,0,0,0,0,0,0,0,0,0,0,4000
3018,同開            ,30000,26000,4000,0,0,0,0,0,0,0,0,0,0,0,0,0,4000
2881B,富邦金乙特      ,0,0,0,0,0,0,0,0,0,4000,4000,0,4000,0,0,0,4000
2701,萬企            ,4000,0,4000,0,0,0,0,0,0,0,0,0,0,0,0,0,4000
2509,全坤建          ,4000,0,4000,0,0,0,0,0,0,0,0,0,0,0,0,0,4000
2543,皇昌            ,4000,0,4000,0,0,0,0,0,0,0,0,0,0,0,0,0,4000
2477,美隆電          ,3000,3000,0,0,0,0,0,0,0,4000,4000,0,4000,0,0,0,4000
2465,麗臺            ,9000,5000,4000,0,0,0,0,0,0,0,0,0,0,0,0,0,4000
2431,聯昌            ,84000,80000,4000,0,0,0,0,0,0,0,0,0,0,0,0,0,4000
2443,億麗            ,8000,4000,4000,0,0,0,0,0,0,0,0,0,0,0,0,0,4000
6172,互億            ,5000,1000,4000,0,0,0,0,0,0,0,0,0,0,0,0,0,4000
6477,安集            ,19000,15000,4000,0,0,0,0,0,0,0,0,0,0,0,0,0,4000
00775B,新光投等債15+   ,4000,0,4000,0,0,0,0,0,0,0,0,0,0,2000,2000,0,4000
00736,國泰新興市場    ,0,0,0,0,0,0,0,0,0,4000,0,0,0,69000,65000,4000,4000
05192P,玉晶光台新96售02,0,0,0,0,0,0,0,0,0,4000,0,0,0,4000,0,4000,4000
03029X,元展26          ,0,0,0,0,0,0,0,0,0,4000,0,0,0,4000,0,4000,4000
03013X,元展13          ,0,0,0,0,0,0,0,0,0,4000,0,0,0,5000,1000,4000,4000
053998,泰鼎群益98購01  ,0,0,0,0,0,0,0,0,0,4000,0,0,0,4000,0,4000,4000
03675C,臺股指元大04牛02,0,0,0,0,0,0,0,0,0,4000,0,0,0,4000,0,4000,4000
055377,揚明光元大98購01,0,0,0,0,0,0,0,0,0,4000,0,0,0,232000,228000,4000,4000
055424,聚陽群益98購01  ,0,0,0,0,0,0,0,0,0,4000,0,0,0,4000,0,4000,4000
055417,健策富邦98購02  ,0,0,0,0,0,0,0,0,0,4000,0,0,0,4000,0,4000,4000
056426,上証2X凱基9A購01,0,0,0,0,0,0,0,0,0,4000,0,0,0,4000,0,4000,4000
054572,國巨元大98購03  ,0,0,0,0,0,0,0,0,0,4000,0,0,0,4000,0,4000,4000
054578,世芯元大99購01  ,0,0,0,0,0,0,0,0,0,4000,0,0,0,212000,208000,4000,4000
056438,旺宏凱基98購05  ,0,0,0,0,0,0,0,0,0,4000,0,0,0,4000,0,4000,4000
057093,臻鼎元富98購02  ,0,0,0,0,0,0,0,0,0,4000,0,0,0,4000,0,4000,4000
052655,群創統一97購01  ,0,0,0,0,0,0,0,0,0,4000,0,0,0,4000,0,4000,4000
052573,智伸科凱基97購01,0,0,0,0,0,0,0,0,0,4000,0,0,0,4000,0,4000,4000
053784,奇力新元大97購02,0,0,0,0,0,0,0,0,0,4000,0,0,0,50000,46000,4000,4000
052326,滬深反中信99購01,0,0,0,0,0,0,0,0,0,4000,0,0,0,5000,1000,4000,4000
059848,智邦永豐99購01  ,0,0,0,0,0,0,0,0,0,4000,0,0,0,20000,16000,4000,4000
059771,台積電群益99購11,0,0,0,0,0,0,0,0,0,4000,0,0,0,14000,10000,4000,4000
057250,大立光統一98購08,0,0,0,0,0,0,0,0,0,4000,0,0,0,4000,0,4000,4000
056775,康控元大99購01  ,0,0,0,0,0,0,0,0,0,4000,0,0,0,72000,68000,4000,4000
056856,華通群益9A購01  ,0,0,0,0,0,0,0,0,0,4000,0,0,0,5000,1000,4000,4000
055762,智伸科群益97購01,0,0,0,0,0,0,0,0,0,4000,0,0,0,4000,0,4000,4000
056182,台光電統一97購03,0,0,0,0,0,0,0,0,0,4000,0,0,0,20000,16000,4000,4000
056086,奇力新統一98購01,0,0,0,0,0,0,0,0,0,4000,0,0,0,4000,0,4000,4000
056576,晶技元大99購02  ,0,0,0,0,0,0,0,0,0,4000,0,0,0,9000,5000,4000,4000
055272,國巨元大98購04  ,0,0,0,0,0,0,0,0,0,4000,0,0,0,9000,5000,4000,4000
054961,玉晶光元大99購01,0,0,0,0,0,0,0,0,0,4000,0,0,0,4000,0,4000,4000
058837,SGBR2X中信9C購01,0,0,0,0,0,0,0,0,0,4000,0,0,0,4000,0,4000,4000
059063,康控凱基99購04  ,0,0,0,0,0,0,0,0,0,4000,0,0,0,4000,0,4000,4000
059078,FBVIX元大99購06 ,0,0,0,0,0,0,0,0,0,4000,0,0,0,4000,0,4000,4000
059053,鴻海凱基99購07  ,0,0,0,0,0,0,0,0,0,4000,0,0,0,35000,31000,4000,4000
058759,義隆群益99購01  ,0,0,0,0,0,0,0,0,0,4000,0,0,0,4000,0,4000,4000
057953,聚陽元大98購01  ,0,0,0,0,0,0,0,0,0,4000,0,0,0,4000,0,4000,4000
058980,鴻海凱基99購06  ,0,0,0,0,0,0,0,0,0,4000,0,0,0,16000,12000,4000,4000
058587,台積電中信9C購03,0,0,0,0,0,0,0,0,0,4000,0,0,0,107000,103000,4000,4000
058223,世芯統一9B購01  ,0,0,0,0,0,0,0,0,0,4000,0,0,0,4000,0,4000,4000
057430,富邦金兆豐98購01,0,0,0,0,0,0,0,0,0,4000,0,0,0,4000,0,4000,4000
06037P,超眾國票98售02  ,0,0,0,0,0,0,0,0,0,4000,0,0,0,4000,0,4000,4000
060285,聯電元大9C購01  ,0,0,0,0,0,0,0,0,0,4000,0,0,0,57000,53000,4000,4000
060222,貿聯凱基9A購02  ,0,0,0,0,0,0,0,0,0,4000,0,0,0,20000,16000,4000,4000
059974,臺指反元大9C購05,0,0,0,0,0,0,0,0,0,4000,0,0,0,4000,0,4000,4000
062348,聯發科群益9B購06,0,0,0,0,0,0,0,0,0,4000,0,0,0,32000,28000,4000,4000
062251,旺宏元大9B購06  ,0,0,0,0,0,0,0,0,0,4000,0,0,0,55000,51000,4000,4000
061247,玉晶光群益9A購09,0,0,0,0,0,0,0,0,0,4000,0,0,0,19000,15000,4000,4000
061239,聯發科兆豐9A購01,0,0,0,0,0,0,0,0,0,4000,0,0,0,4000,0,4000,4000
061278,和大統一9A購01  ,0,0,0,0,0,0,0,0,0,4000,0,0,0,201000,197000,4000,4000
061364,國巨國票9A購09  ,0,0,0,0,0,0,0,0,0,4000,0,0,0,45000,41000,4000,4000
06146P,S&P反1元大97售03,0,0,0,0,0,0,0,0,0,4000,0,0,0,4000,0,4000,4000
06169P,華新科元富97售02,0,0,0,0,0,0,0,0,0,4000,0,0,0,10000,6000,4000,4000
061734,全新中信9B購02  ,0,0,0,0,0,0,0,0,0,4000,0,0,0,4000,0,4000,4000
063802,南茂凱基9C購01  ,0,0,0,0,0,0,0,0,0,4000,0,0,0,51000,47000,4000,4000
063624,GIS兆豐9B購01   ,0,0,0,0,0,0,0,0,0,4000,0,0,0,65000,61000,4000,4000
063640,貿聯元大9B購03  ,0,0,0,0,0,0,0,0,0,4000,0,0,0,113000,109000,4000,4000
063084,可成凱基9C購01  ,0,0,0,0,0,0,0,0,0,4000,0,0,0,33000,29000,4000,4000
8046,南電            ,1502000,943000,559000,0,0,0,0,490000,-490000,-65000,39000,197000,-158000,112000,19000,93000,4000
6591,動力-KY         ,18000,15000,3000,0,0,0,0,0,0,0,0,0,0,0,0,0,3000
4737,華廣            ,20000,17000,3000,0,0,0,0,0,0,0,0,0,0,0,0,0,3000
4916,事欣科          ,52000,49000,3000,0,0,0,0,0,0,0,0,0,0,0,0,0,3000
3607,谷崧            ,40000,37000,3000,0,0,0,0,0,0,0,0,0,0,0,0,0,3000
2453,凌群            ,56000,53000,3000,0,0,0,0,0,0,0,0,0,0,0,0,0,3000
1539,巨庭            ,3000,0,3000,0,0,0,0,0,0,0,0,0,0,0,0,0,3000
1234,黑松            ,9000,6000,3000,0,0,0,0,0,0,0,0,0,0,0,0,0,3000
2243,宏旭-KY         ,3000,0,3000,0,0,0,0,0,0,0,0,0,0,0,0,0,3000
2227,裕日車          ,13000,16000,-3000,0,0,0,5000,0,5000,1000,1000,0,1000,0,0,0,3000
1603,華電            ,4000,1000,3000,0,0,0,0,0,0,0,0,0,0,0,0,0,3000
07988P,台積電台新9C售03,0,0,0,0,0,0,0,0,0,3000,0,0,0,10000,7000,3000,3000
07903P,台積電群益9B售03,0,0,0,0,0,0,0,0,0,3000,0,0,0,6000,3000,3000,3000
07639P,緯穎國票9A售01  ,0,0,0,0,0,0,0,0,0,3000,0,0,0,3000,0,3000,3000
07445P,大立光凱基9A售08,0,0,0,0,0,0,0,0,0,3000,0,0,0,3000,0,3000,3000
07665P,台灣50元大9C售31,0,0,0,0,0,0,0,0,0,3000,0,0,0,3000,0,3000,3000
07208P,台積電凱基99售14,0,0,0,0,0,0,0,0,0,3000,0,0,0,20000,17000,3000,3000
07158P,FBVIX國泰9C售01 ,0,0,0,0,0,0,0,0,0,3000,0,0,0,3000,0,3000,3000
06841P,臺股指統一9A售02,0,0,0,0,0,0,0,0,0,3000,0,0,0,10000,7000,3000,3000
063917,南六凱基02購01  ,0,0,0,0,0,0,0,0,0,3000,0,0,0,4000,1000,3000,3000
064117,中興電元大9C購01,0,0,0,0,0,0,0,0,0,3000,0,0,0,3000,0,3000,3000
06630P,國巨群益98售08  ,0,0,0,0,0,0,0,0,0,3000,0,0,0,3000,0,3000,3000
06538P,國巨凱基98售11  ,0,0,0,0,0,0,0,0,0,3000,0,0,0,20000,17000,3000,3000
054889,京鼎統一99購01  ,0,0,0,0,0,0,0,0,0,3000,0,0,0,3000,0,3000,3000
055123,億光兆豐97購01  ,0,0,0,0,0,0,0,0,0,3000,0,0,0,3000,0,3000,3000
055161,貿聯元大98購03  ,0,0,0,0,0,0,0,0,0,3000,0,0,0,3000,0,3000,3000
056919,英業達兆豐98購01,0,0,0,0,0,0,0,0,0,3000,0,0,0,43000,40000,3000,3000
057078,國巨統一9A購02  ,0,0,0,0,0,0,0,0,0,3000,0,0,0,3000,0,3000,3000
056724,臻鼎中信9A購01  ,0,0,0,0,0,0,0,0,0,3000,0,0,0,149000,146000,3000,3000
056695,景碩群益99購01  ,0,0,0,0,0,0,0,0,0,3000,0,0,0,3000,0,3000,3000
056343,高鐵凱基98購02  ,0,0,0,0,0,0,0,0,0,3000,0,0,0,30000,27000,3000,3000
05627P,致伸國票97售01  ,0,0,0,0,0,0,0,0,0,3000,0,0,0,3000,0,3000,3000
058131,義隆元大99購02  ,0,0,0,0,0,0,0,0,0,3000,0,0,0,3000,0,3000,3000
059780,滬深2X元大9C購06,0,0,0,0,0,0,0,0,0,3000,0,0,0,3000,0,3000,3000
059803,S&P正2元富9B購03,0,0,0,0,0,0,0,0,0,3000,0,0,0,4000,1000,3000,3000
059901,滬深2X元大9C購07,0,0,0,0,0,0,0,0,0,3000,0,0,0,3000,0,3000,3000
052417,聯發科兆豐9B購01,0,0,0,0,0,0,0,0,0,3000,0,0,0,3000,0,3000,3000
053849,聯發科元富96購04,0,0,0,0,0,0,0,0,0,3000,0,0,0,3000,0,3000,3000
053550,聯發科凱基96購15,0,0,0,0,0,0,0,0,0,3000,0,0,0,3000,0,3000,3000
053062,緯穎富邦97購01  ,0,0,0,0,0,0,0,0,0,3000,0,0,0,3000,0,3000,3000
057148,玉晶光國票99購04,0,0,0,0,0,0,0,0,0,3000,0,0,0,21000,18000,3000,3000
056506,晶豪科永豐98購02,0,0,0,0,0,0,0,0,0,3000,0,0,0,30000,27000,3000,3000
055394,健策統一97購01  ,0,0,0,0,0,0,0,0,0,3000,0,0,0,3000,0,3000,3000
055385,昇陽半元大98購01,0,0,0,0,0,0,0,0,0,3000,0,0,0,3000,0,3000,3000
054002,GIS群益96購03   ,0,0,0,0,0,0,0,0,0,3000,0,0,0,3000,0,3000,3000
054058,晶豪科國票98購01,0,0,0,0,0,0,0,0,0,3000,0,0,0,3000,0,3000,3000
050402,緯穎中信96購01  ,0,0,0,0,0,0,0,0,0,3000,0,0,0,23000,20000,3000,3000
049024,玉晶光群益97購01,0,0,0,0,0,0,0,0,0,3000,0,0,0,3000,0,3000,3000
050719,世紀鋼群益96購01,0,0,0,0,0,0,0,0,0,3000,0,0,0,3000,0,3000,3000
052858,華通凱基97購02  ,0,0,0,0,0,0,0,0,0,3000,0,0,0,3000,0,3000,3000
051755,台積電元大96購08,0,0,0,0,0,0,0,0,0,3000,0,0,0,3000,0,3000,3000
051946,健策統一98購01  ,0,0,0,0,0,0,0,0,0,3000,0,0,0,5000,2000,3000,3000
00731,FH富時高息低波  ,0,0,0,0,0,0,0,0,0,3000,0,0,0,1186000,1183000,3000,3000
060103,聯詠元大99購01  ,0,0,0,0,0,0,0,0,0,3000,0,0,0,3000,0,3000,3000
060331,台積電麥證9A購01,0,0,0,3000,0,3000,0,0,0,3000,0,0,0,3000,0,3000,3000
060525,台積電中信01購04,0,0,0,0,0,0,0,0,0,3000,0,0,0,3000,0,3000,3000
060529,聯發科中信9A購04,0,0,0,0,0,0,0,0,0,3000,0,0,0,8000,5000,3000,3000
060618,玉晶光元大9A購02,0,0,0,0,0,0,0,0,0,3000,0,0,0,26000,23000,3000,3000
060576,欣興中信9B購01  ,0,0,0,0,0,0,0,0,0,3000,0,0,0,6000,3000,3000,3000
06058P,玉晶光凱基97售04,0,0,0,0,0,0,0,0,0,3000,0,0,0,3000,0,3000,3000
060572,景碩永豐9A購01  ,0,0,0,0,0,0,0,0,0,3000,0,0,0,62000,59000,3000,3000
058593,大立光統一9B購02,0,0,0,0,0,0,0,0,0,3000,0,0,0,3000,0,3000,3000
058529,S&P正2元富9B購01,0,0,0,0,0,0,0,0,0,3000,0,0,0,3000,0,3000,3000
058314,欣興富邦9B購01  ,0,0,0,0,0,0,0,0,0,3000,0,0,0,3000,0,3000,3000
057783,台積電國票9A購01,0,0,0,0,0,0,0,0,0,3000,0,0,0,11000,8000,3000,3000
058710,臺股指元大9A購23,0,0,0,0,0,0,0,0,0,3000,0,0,0,3000,0,3000,3000
059122,超眾永豐99購01  ,0,0,0,0,0,0,0,0,0,3000,0,0,0,3000,0,3000,3000
059087,台積電元大99購26,0,0,0,0,0,0,0,0,0,3000,0,0,0,17000,14000,3000,3000
059397,T50反1元富99購05,0,0,0,0,0,0,0,0,0,3000,0,0,0,5000,2000,3000,3000
05750P,臺股指群益99售04,0,0,0,0,0,0,0,0,0,3000,0,0,0,4000,1000,3000,3000
059170,康控凱基9B購01  ,0,0,0,0,0,0,0,0,0,3000,0,0,0,18000,15000,3000,3000
060752,上銀元大9A購04  ,0,0,0,0,0,0,0,0,0,3000,0,0,0,3000,0,3000,3000
060815,茂林凱基9B購01  ,0,0,0,0,0,0,0,0,0,3000,0,0,0,3000,0,3000,3000
061033,台光電永豐9A購01,0,0,0,0,0,0,0,0,0,3000,0,0,0,192000,189000,3000,3000
061150,國巨群益9A購09  ,0,0,0,0,0,0,0,0,0,3000,0,0,0,63000,60000,3000,3000
061152,微星群益9A購01  ,0,0,0,0,0,0,0,0,0,3000,0,0,0,3000,0,3000,3000
063113,聯茂兆豐9B購01  ,0,0,0,0,0,0,0,0,0,3000,0,0,0,43000,40000,3000,3000
063035,燿華凱基9B購02  ,0,0,0,0,0,0,0,0,0,3000,0,0,0,9000,6000,3000,3000
063126,TPK元大9B購01   ,0,0,0,0,0,0,0,0,0,3000,0,0,0,62000,59000,3000,3000
063250,同欣電元大9B購03,0,0,0,0,0,0,0,0,0,3000,0,0,0,245000,242000,3000,3000
062937,旺宏凱基9B購08  ,0,0,0,0,0,0,0,0,0,3000,0,0,0,3000,0,3000,3000
062932,滬深2X凱基01購01,0,0,0,0,0,0,0,0,0,3000,0,0,0,3000,0,3000,3000
062621,緯穎元大9B購05  ,0,0,0,0,0,0,0,0,0,3000,0,0,0,56000,53000,3000,3000
062643,緯穎國票9B購01  ,0,0,0,0,0,0,0,0,0,3000,0,0,0,10000,7000,3000,3000
063700,台積電群益9B購09,0,0,0,0,0,0,0,0,0,3000,0,0,0,3000,0,3000,3000
061856,台郡國票9B購02  ,0,0,0,0,0,0,0,0,0,3000,0,0,0,53000,50000,3000,3000
061860,臺股指國票9B購04,0,0,0,0,0,0,0,0,0,3000,0,0,0,3000,0,3000,3000
061497,大立光國票9A購09,0,0,0,0,0,0,0,0,0,3000,0,0,0,9000,6000,3000,3000
061429,南六元大9A購02  ,0,0,0,0,0,0,0,0,0,3000,0,0,0,3000,0,3000,3000
061166,玉晶光兆豐9B購01,0,0,0,0,0,0,0,0,0,3000,0,0,0,3000,0,3000,3000
062313,聯詠凱基9C購01  ,0,0,0,0,0,0,0,0,0,3000,0,0,0,10000,7000,3000,3000
062154,國巨凱基9C購02  ,0,0,0,0,0,0,0,0,0,3000,0,0,0,5000,2000,3000,3000
062191,台郡元大9B購05  ,0,0,0,0,0,0,0,0,0,3000,0,0,0,12000,9000,3000,3000
062010,台灣50富邦9B購03,0,0,0,0,0,0,0,0,0,3000,0,0,0,3000,0,3000,3000
8070,長華*           ,6000,3000,3000,0,0,0,0,0,0,0,0,0,0,0,0,0,3000
8374,羅昇            ,5000,2000,3000,0,0,0,0,0,0,0,0,0,0,0,0,0,3000
8429,金麗-KY         ,5000,2000,3000,0,0,0,0,0,0,0,0,0,0,0,0,0,3000
9926,新海            ,3000,0,3000,0,0,0,0,0,0,0,0,0,0,0,0,0,3000
06690P,玉晶光群益9A售05,0,0,0,0,0,0,0,0,0,2000,0,0,0,2000,0,2000,2000
064103,大立光群益9C購03,0,0,0,0,0,0,0,0,0,2000,0,0,0,62000,60000,2000,2000
064041,國巨統一01購07  ,0,0,0,0,0,0,0,0,0,2000,0,0,0,72000,70000,2000,2000
06782P,大立光元大99售07,0,0,0,0,0,0,0,0,0,2000,0,0,0,2000,0,2000,2000
07128P,大毅元大99售04  ,0,0,0,0,0,0,0,0,0,2000,0,0,0,2000,0,2000,2000
07265P,大立光元大99售16,0,0,0,0,0,0,0,0,0,2000,0,0,0,2000,0,2000,2000
07928P,國巨統一9B售09  ,0,0,0,0,0,0,0,0,0,2000,0,0,0,2000,0,2000,2000
08116P,臺股指凱基9B售17,0,0,0,0,0,0,0,0,0,2000,0,0,0,7000,5000,2000,2000
08185P,華新科永豐9B售01,0,0,0,0,0,0,0,0,0,2000,0,0,0,2000,0,2000,2000
08193P,同欣電國票9C售02,0,0,0,0,0,0,0,0,0,2000,0,0,0,20000,18000,2000,2000
1616,億泰            ,3000,1000,2000,0,0,0,0,0,0,0,0,0,0,0,0,0,2000
1568,倉佑            ,12000,10000,2000,0,0,0,0,0,0,0,0,0,0,0,0,0,2000
1727,中華化          ,2000,0,2000,0,0,0,0,0,0,0,0,0,0,0,0,0,2000
1724,台硝            ,2000,0,2000,0,0,0,0,0,0,0,0,0,0,0,0,0,2000
1725,元禎            ,2000,0,2000,0,0,0,0,0,0,0,0,0,0,0,0,0,2000
2008,高興昌          ,2000,0,2000,0,0,0,0,0,0,0,0,0,0,0,0,0,2000
1535,中宇            ,3000,1000,2000,0,0,0,0,0,0,0,0,0,0,0,0,0,2000
2440,太空梭          ,2000,0,2000,0,0,0,0,0,0,0,0,0,0,0,0,0,2000
2820,華票            ,121000,119000,2000,0,0,0,0,0,0,0,0,0,0,0,0,0,2000
2706,第一店          ,2000,0,2000,0,0,0,0,0,0,0,0,0,0,0,0,0,2000
3032,偉訓            ,23000,23000,0,0,0,0,0,0,0,2000,2000,0,2000,0,0,0,2000
3543,州巧            ,8000,6000,2000,0,0,0,0,0,0,0,0,0,0,0,0,0,2000
4557,永新-KY         ,2000,0,2000,0,0,0,0,0,0,0,0,0,0,0,0,0,2000
6671,三能-KY         ,2000,0,2000,0,0,0,0,0,0,0,0,0,0,0,0,0,2000
051809,義隆凱基96購01  ,0,0,0,0,0,0,0,0,0,2000,0,0,0,2000,0,2000,2000
052151,義隆富邦96購01  ,0,0,0,0,0,0,0,0,0,2000,0,0,0,2000,0,2000,2000
03071X,元展66          ,0,0,0,0,0,0,0,0,0,2000,0,0,0,2000,0,2000,2000
03078X,元展73          ,0,0,0,0,0,0,0,0,0,2000,0,0,0,2000,0,2000,2000
03039X,元展36          ,0,0,0,0,0,0,0,0,0,2000,0,0,0,2000,0,2000,2000
046793,聯發科元富99購01,0,0,0,0,0,0,0,0,0,2000,0,0,0,2000,0,2000,2000
047769,大立光元大96購01,0,0,0,0,0,0,0,0,0,2000,0,0,0,2000,0,2000,2000
049463,華新科富邦97購01,0,0,0,0,0,0,0,0,0,2000,0,0,0,2000,0,2000,2000
036628,統一台新99購01  ,0,0,0,0,0,0,0,0,0,2000,0,0,0,2000,0,2000,2000
056502,A50正2永豐98購01,0,0,0,0,0,0,0,0,0,2000,0,0,0,10000,8000,2000,2000
056479,玉晶光元大99購05,0,0,0,0,0,0,0,0,0,2000,0,0,0,30000,28000,2000,2000
057143,台郡兆豐98購01  ,0,0,0,0,0,0,0,0,0,2000,0,0,0,2000,0,2000,2000
056465,臺股指凱基99購07,0,0,0,0,0,0,0,0,0,2000,0,0,0,7000,5000,2000,2000
053069,同欣電群益98購01,0,0,0,0,0,0,0,0,0,2000,0,0,0,2000,0,2000,2000
053438,玉晶光麥證97購02,0,0,0,2000,0,2000,0,0,0,2000,0,0,0,2000,0,2000,2000
052679,致伸富邦98購01  ,0,0,0,0,0,0,0,0,0,2000,0,0,0,2000,0,2000,2000
059812,上証2X凱基9A購04,0,0,0,0,0,0,0,0,0,2000,0,0,0,3000,1000,2000,2000
059833,緯穎康和99購01  ,0,0,0,0,0,0,0,0,0,2000,0,0,0,16000,14000,2000,2000
058142,瑞儀元大99購01  ,0,0,0,0,0,0,0,0,0,2000,0,0,0,2000,0,2000,2000
058943,元石油群益9C購01,0,0,0,0,0,0,0,0,0,2000,0,0,0,2000,0,2000,2000
057280,大立光元大98購15,0,0,0,0,0,0,0,0,0,2000,0,0,0,2000,0,2000,2000
058103,台積電永豐98購06,0,0,0,0,0,0,0,0,0,2000,0,0,0,24000,22000,2000,2000
05810P,臺股指國票96售03,0,0,0,0,0,0,0,0,0,2000,0,0,0,2000,0,2000,2000
056694,欣興群益98購04  ,0,0,0,0,0,0,0,0,0,2000,0,0,0,28000,26000,2000,2000
056766,義隆元大98購01  ,0,0,0,0,0,0,0,0,0,2000,0,0,0,2000,0,2000,2000
056850,彩晶元富99購01  ,0,0,0,0,0,0,0,0,0,2000,0,0,0,123000,121000,2000,2000
056833,和大元富9B購01  ,0,0,0,0,0,0,0,0,0,2000,0,0,0,3000,1000,2000,2000
054852,奇鋐國票98購01  ,0,0,0,0,0,0,0,0,0,2000,0,0,0,2000,0,2000,2000
056119,欣興群益97購02  ,0,0,0,0,0,0,0,0,0,2000,0,0,0,27000,25000,2000,2000
056006,義隆亞東97購01  ,0,0,0,0,0,0,0,0,0,2000,0,0,0,50000,48000,2000,2000
055853,群創元大98購03  ,0,0,0,0,0,0,0,0,0,2000,0,0,0,5000,3000,2000,2000
055941,百和群益98購02  ,0,0,0,0,0,0,0,0,0,2000,0,0,0,2000,0,2000,2000
061020,超眾國票9A購02  ,0,0,0,0,0,0,0,0,0,2000,0,0,0,4000,2000,2000,2000
059165,南亞科凱基99購04,0,0,0,0,0,0,0,0,0,2000,0,0,0,2000,0,2000,2000
058471,台積電日盛9C購01,0,0,0,0,0,0,0,0,0,2000,0,0,0,15000,13000,2000,2000
058475,台積電凱基99購06,0,0,0,0,0,0,0,0,0,2000,0,0,0,327000,325000,2000,2000
058448,滬深2X永豐9A購01,0,0,0,0,0,0,0,0,0,2000,0,0,0,2000,0,2000,2000
058360,台光電凱基9A購02,0,0,0,0,0,0,0,0,0,2000,0,0,0,2000,0,2000,2000
057544,鴻海凱基02購01  ,0,0,0,0,0,0,0,0,0,2000,0,0,0,2000,0,2000,2000
057547,技嘉凱基99購01  ,0,0,0,0,0,0,0,0,0,2000,0,0,0,2000,0,2000,2000
059377,台積電群益99購09,0,0,0,0,0,0,0,0,0,2000,0,0,0,2000,0,2000,2000
059426,鴻海元大99購31  ,0,0,0,0,0,0,0,0,0,2000,0,0,0,7000,5000,2000,2000
059286,S&P正2元富01購03,0,0,0,0,0,0,0,0,0,2000,0,0,0,2000,0,2000,2000
059323,新日興元大99購02,0,0,0,0,0,0,0,0,0,2000,0,0,0,2000,0,2000,2000
059476,道瓊指群益9C購01,0,0,0,0,0,0,0,0,0,2000,0,0,0,3000,1000,2000,2000
059588,鴻海元大99購32  ,0,0,0,0,0,0,0,0,0,2000,0,0,0,2000,0,2000,2000
059241,旺宏凱基99購07  ,0,0,0,0,0,0,0,0,0,2000,0,0,0,2000,0,2000,2000
059262,致茂中信01購01  ,0,0,0,0,0,0,0,0,0,2000,0,0,0,25000,23000,2000,2000
058839,瑞儀中信99購02  ,0,0,0,0,0,0,0,0,0,2000,0,0,0,22000,20000,2000,2000
058707,泰鼎元大99購02  ,0,0,0,0,0,0,0,0,0,2000,0,0,0,6000,4000,2000,2000
058633,台灣50兆豐99購01,0,0,0,0,0,0,0,0,0,2000,0,0,0,2000,0,2000,2000
058611,欣興元大99購06  ,0,0,0,0,0,0,0,0,0,2000,0,0,0,5000,3000,2000,2000
057904,矽力永豐98購01  ,0,0,0,0,0,0,0,0,0,2000,0,0,0,2000,0,2000,2000
058972,新日興永豐9A購01,0,0,0,0,0,0,0,0,0,2000,0,0,0,2000,0,2000,2000
057220,鈺齊群益98購01  ,0,0,0,0,0,0,0,0,0,2000,0,0,0,2000,0,2000,2000
058276,道瓊指中信9C購01,0,0,0,0,0,0,0,0,0,2000,0,0,0,2000,0,2000,2000
058530,為升元富99購01  ,0,0,0,0,0,0,0,0,0,2000,0,0,0,2000,0,2000,2000
060623,玉晶光元大9C購01,0,0,0,0,0,0,0,0,0,2000,0,0,0,2000,0,2000,2000
060524,國巨中信9A購03  ,0,0,0,0,0,0,0,0,0,2000,0,0,0,10000,8000,2000,2000
060294,嘉澤元大9A購01  ,0,0,0,0,0,0,0,0,0,2000,0,0,0,2000,0,2000,2000
060245,聯陽元大9C購01  ,0,0,0,0,0,0,0,0,0,2000,0,0,0,12000,10000,2000,2000
060090,台積電元大99購55,0,0,0,0,0,0,0,0,0,2000,0,0,0,2000,0,2000,2000
060182,旺宏元富9A購01  ,0,0,0,0,0,0,0,0,0,2000,0,0,0,2000,0,2000,2000
060020,康控康和99購01  ,0,0,0,0,0,0,0,0,0,2000,0,0,0,2000,0,2000,2000
062075,智邦元大9B購03  ,0,0,0,0,0,0,0,0,0,2000,0,0,0,54000,52000,2000,2000
062462,GIS群益9B購01   ,0,0,0,0,0,0,0,0,0,2000,0,0,0,9000,7000,2000,2000
062526,友達統一01購01  ,0,0,0,0,0,0,0,0,0,2000,0,0,0,26000,24000,2000,2000
061252,臺股指群益9A購03,0,0,0,0,0,0,0,0,0,2000,0,0,0,2000,0,2000,2000
061315,滬深2X凱基9C購06,0,0,0,0,0,0,0,0,0,2000,0,0,0,3000,1000,2000,2000
06183P,大立光元大97售05,0,0,0,0,0,0,0,0,0,2000,0,0,0,2000,0,2000,2000
06176P,台積電元大97售22,0,0,0,0,0,0,0,0,0,2000,0,0,0,2000,0,2000,2000
063753,矽創國票9C購01  ,0,0,0,0,0,0,0,0,0,2000,0,0,0,48000,46000,2000,2000
063417,金像電凱基9B購03,0,0,0,0,0,0,0,0,0,2000,0,0,0,30000,28000,2000,2000
062718,技嘉凱基9B購01  ,0,0,0,0,0,0,0,0,0,2000,0,0,0,6000,4000,2000,2000
062678,華通統一9C購04  ,0,0,0,0,0,0,0,0,0,2000,0,0,0,28000,26000,2000,2000
062884,康控兆豐9C購01  ,0,0,0,0,0,0,0,0,0,2000,0,0,0,8000,6000,2000,2000
063058,A50正2元富02購01,0,0,0,0,0,0,0,0,0,2000,0,0,0,2000,0,2000,2000
8940,新天地          ,2000,0,2000,0,0,0,0,0,0,0,0,0,0,0,0,0,2000
8201,無敵            ,6000,3000,3000,0,0,0,0,0,0,-1000,0,1000,-1000,0,0,0,2000
6655,科定            ,1000,0,1000,0,0,0,0,0,0,0,0,0,0,0,0,0,1000
6582,申豐            ,58000,34000,24000,0,0,0,0,0,0,-23000,6000,29000,-23000,0,0,0,1000
6449,鈺邦            ,28000,26000,2000,0,0,0,0,0,0,-1000,0,1000,-1000,0,0,0,1000
5538,東明-KY         ,1000,0,1000,0,0,0,0,0,0,0,0,0,0,0,0,0,1000
6405,悅城            ,0,0,0,0,0,0,0,0,0,1000,1000,0,1000,0,0,0,1000
4572,駐龍            ,24000,23000,1000,0,0,0,0,0,0,0,0,0,0,0,0,0,1000
4536,拓凱            ,37000,36000,1000,0,0,0,0,0,0,0,0,0,0,0,0,0,1000
4807,日成-KY         ,3000,2000,1000,0,0,0,0,0,0,0,0,0,0,0,0,0,1000
4755,三福化          ,1000,0,1000,0,0,0,0,0,0,0,0,0,0,0,0,0,1000
3701,大眾控          ,1000,0,1000,0,0,0,0,0,0,0,0,0,0,0,0,0,1000
2611,志信            ,1000,0,1000,0,0,0,0,0,0,0,0,0,0,0,0,0,1000
2855,統一證          ,302000,304000,-2000,0,0,0,3000,0,3000,0,0,0,0,0,0,0,1000
2891C,中信金丙特      ,0,0,0,0,0,0,0,0,0,1000,1000,0,1000,0,0,0,1000
2429,銘旺科          ,9000,8000,1000,0,0,0,0,0,0,0,0,0,0,0,0,0,1000
2501,國建            ,180000,179000,1000,0,0,0,0,0,0,0,0,0,0,0,0,0,1000
2528,皇普            ,1000,0,1000,0,0,0,0,0,0,0,0,0,0,0,0,0,1000
1470,大統新創        ,1000,0,1000,0,0,0,0,0,0,0,0,0,0,0,0,0,1000
1445,大宇            ,11000,10000,1000,0,0,0,0,0,0,0,0,0,0,0,0,0,1000
1103,嘉泥            ,162000,163000,-1000,0,0,0,2000,0,2000,0,0,0,0,0,0,0,1000
1323,永裕            ,14000,13000,1000,0,0,0,0,0,0,0,0,0,0,0,0,0,1000
1101B,台泥乙特        ,0,0,0,0,0,0,0,0,0,1000,1000,0,1000,0,0,0,1000
2115,六暉-KY         ,4000,3000,1000,0,0,0,0,0,0,0,0,0,0,0,0,0,1000
1617,榮星            ,1000,0,1000,0,0,0,0,0,0,0,0,0,0,0,0,0,1000
1702,南僑            ,139000,138000,1000,0,0,0,0,0,0,0,0,0,0,0,0,0,1000
08121P,聯發科國票9B售05,0,0,0,0,0,0,0,0,0,1000,0,0,0,2000,1000,1000,1000
08149P,祥碩群益9B售07  ,0,0,0,0,0,0,0,0,0,1000,0,0,0,1000,0,1000,1000
08042P,臺股指群益9B售15,0,0,0,0,0,0,0,0,0,1000,0,0,0,1000,0,1000,1000
07127P,精元元大99售01  ,0,0,0,0,0,0,0,0,0,1000,0,0,0,1000,0,1000,1000
07027P,台積電群益99售04,0,0,0,0,0,0,0,0,0,1000,0,0,0,43000,42000,1000,1000
07020P,玉晶光台新99售02,0,0,0,0,0,0,0,0,0,1000,0,0,0,301000,300000,1000,1000
07402P,瑞昱凱基99售02  ,0,0,0,0,0,0,0,0,0,1000,0,0,0,11000,10000,1000,1000
07507P,國巨國票9B售02  ,0,0,0,0,0,0,0,0,0,1000,0,0,0,1000,0,1000,1000
07534P,台灣50群益9A售12,0,0,0,0,0,0,0,0,0,1000,0,0,0,1000,0,1000,1000
064086,旺宏凱基9C購01  ,0,0,0,0,0,0,0,0,0,1000,0,0,0,4000,3000,1000,1000
063927,奇力新統一02購01,0,0,0,0,0,0,0,0,0,1000,0,0,0,175000,174000,1000,1000
06625P,華新科統一98售03,0,0,0,0,0,0,0,0,0,1000,0,0,0,1000,0,1000,1000
06594P,立積元大98售01  ,0,0,0,0,0,0,0,0,0,1000,0,0,0,1000,0,1000,1000
055923,矽力凱基98購01  ,0,0,0,0,0,0,0,0,0,1000,0,0,0,30000,29000,1000,1000
055755,禾伸堂兆豐97購02,0,0,0,0,0,0,0,0,0,1000,0,0,0,1000,0,1000,1000
055796,南電國泰98購01  ,0,0,0,0,0,0,0,0,0,1000,0,0,0,11000,10000,1000,1000
056025,嘉晶群益97購01  ,0,0,0,0,0,0,0,0,0,1000,0,0,0,1000,0,1000,1000
055975,鴻海統一98購05  ,0,0,0,0,0,0,0,0,0,1000,0,0,0,1000,0,1000,1000
055960,義隆元大97購01  ,0,0,0,0,0,0,0,0,0,1000,0,0,0,1000,0,1000,1000
056079,世紀鋼元大97購02,0,0,0,0,0,0,0,0,0,1000,0,0,0,2000,1000,1000,1000
054760,台化國票9A購01  ,0,0,0,0,0,0,0,0,0,1000,0,0,0,31000,30000,1000,1000
054946,億光元大97購01  ,0,0,0,0,0,0,0,0,0,1000,0,0,0,1000,0,1000,1000
056906,玉晶光元大9B購01,0,0,0,0,0,0,0,0,0,1000,0,0,0,66000,65000,1000,1000
057011,日月光中信99購01,0,0,0,0,0,0,0,0,0,1000,0,0,0,1000,0,1000,1000
056715,瀚宇博永豐98購01,0,0,0,0,0,0,0,0,0,1000,0,0,0,39000,38000,1000,1000
056720,世紀鋼永豐98購01,0,0,0,0,0,0,0,0,0,1000,0,0,0,1000,0,1000,1000
056680,華通統一98購04  ,0,0,0,0,0,0,0,0,0,1000,0,0,0,1000,0,1000,1000
056322,臺股指群益98購01,0,0,0,0,0,0,0,0,0,1000,0,0,0,1000,0,1000,1000
056344,嘉晶凱基98購02  ,0,0,0,0,0,0,0,0,0,1000,0,0,0,1000,0,1000,1000
05813P,臺股指國票96售06,0,0,0,0,0,0,0,0,0,1000,0,0,0,1000,0,1000,1000
052617,景碩國泰98購01  ,0,0,0,0,0,0,0,0,0,1000,0,0,0,1000,0,1000,1000
053876,可成永昌98購01  ,0,0,0,0,0,0,0,0,0,1000,0,0,0,1000,0,1000,1000
053522,臺股指群益99購01,0,0,0,0,0,0,0,0,0,1000,0,0,0,1000,0,1000,1000
053662,矽力凱基97購01  ,0,0,0,0,0,0,0,0,0,1000,0,0,0,1000,0,1000,1000
053121,上証2X凱基9C購01,0,0,0,0,0,0,0,0,0,1000,0,0,0,1000,0,1000,1000
05709P,大立光國票97售01,0,0,0,0,0,0,0,0,0,1000,0,0,0,38000,37000,1000,1000
057140,宏達電兆豐98購01,0,0,0,0,0,0,0,0,0,1000,0,0,0,1000,0,1000,1000
055344,國巨凱基97購04  ,0,0,0,0,0,0,0,0,0,1000,0,0,0,1000,0,1000,1000
055348,旺宏凱基97購01  ,0,0,0,0,0,0,0,0,0,1000,0,0,0,1000,0,1000,1000
055315,晶技麥證97購01  ,0,0,0,1000,0,1000,0,0,0,1000,0,0,0,1000,0,1000,1000
054584,貿聯元富97購01  ,0,0,0,0,0,0,0,0,0,1000,0,0,0,1000,0,1000,1000
054644,A50正2群益9B購01,0,0,0,0,0,0,0,0,0,1000,0,0,0,1000,0,1000,1000
042953,鴻海台新01購01  ,0,0,0,0,0,0,0,0,0,1000,0,0,0,1000,0,1000,1000
054098,嘉晶國票97購04  ,0,0,0,0,0,0,0,0,0,1000,0,0,0,1000,0,1000,1000
053964,上銀元大96購05  ,0,0,0,0,0,0,0,0,0,1000,0,0,0,1000,0,1000,1000
045836,群創群益98購01  ,0,0,0,0,0,0,0,0,0,1000,0,0,0,1000,0,1000,1000
049894,嘉聯益富邦98購01,0,0,0,0,0,0,0,0,0,1000,0,0,0,1000,0,1000,1000
050188,貿聯元大96購01  ,0,0,0,0,0,0,0,0,0,1000,0,0,0,1000,0,1000,1000
050754,元金2X元富9B購01,0,0,0,0,0,0,0,0,0,1000,0,0,0,1000,0,1000,1000
03447B,臺股指凱基9B熊16,0,0,0,0,0,0,0,0,0,1000,0,0,0,157000,156000,1000,1000
05303P,華通國泰97售01  ,0,0,0,0,0,0,0,0,0,1000,0,0,0,1000,0,1000,1000
052754,上証2X群益9A購01,0,0,0,0,0,0,0,0,0,1000,0,0,0,1000,0,1000,1000
054268,健策第一96購01  ,0,0,0,0,0,0,0,0,0,1000,0,0,0,1000,0,1000,1000
047689,瑞昱富邦97購01  ,0,0,0,0,0,0,0,0,0,1000,0,0,0,1000,0,1000,1000
03035X,元展32          ,0,0,0,0,0,0,0,0,0,1000,0,0,0,1000,0,1000,1000
03430B,臺股指元大9B熊01,0,0,0,0,0,0,0,0,0,1000,0,0,0,1000,0,1000,1000
05213P,台積電國票96售05,0,0,0,0,0,0,0,0,0,1000,0,0,0,1000,0,1000,1000
052153,GIS富邦96購02   ,0,0,0,0,0,0,0,0,0,1000,0,0,0,1000,0,1000,1000
051607,緯創群益96購02  ,0,0,0,0,0,0,0,0,0,1000,0,0,0,1000,0,1000,1000
00713,元大台灣高息低波,0,0,0,0,0,0,0,0,0,1000,0,0,0,13000,12000,1000,1000
00709,富邦歐洲        ,0,0,0,0,0,0,0,0,0,1000,0,0,0,156000,155000,1000,1000
03010X,元展10          ,0,0,0,0,0,0,0,0,0,1000,0,0,0,1000,0,1000,1000
03005X,元展05          ,0,0,0,0,0,0,0,0,0,1000,0,0,0,1000,0,1000,1000
03006X,元展06          ,0,0,0,0,0,0,0,0,0,1000,0,0,0,1000,0,1000,1000
060054,華新科凱基9B購04,0,0,0,0,0,0,0,0,0,1000,0,0,0,4000,3000,1000,1000
060059,鴻海兆豐99購06  ,0,0,0,0,0,0,0,0,0,1000,0,0,0,31000,30000,1000,1000
060212,華航康和9A購01  ,0,0,0,0,0,0,0,0,0,1000,0,0,0,1000,0,1000,1000
060199,台郡元富9A購01  ,0,0,0,0,0,0,0,0,0,1000,0,0,0,1000,0,1000,1000
06018P,康控凱基96售03  ,0,0,0,0,0,0,0,0,0,1000,0,0,0,1000,0,1000,1000
060553,祥碩凱基9A購01  ,0,0,0,0,0,0,0,0,0,1000,0,0,0,1000,0,1000,1000
060500,鴻海元大9A購12  ,0,0,0,0,0,0,0,0,0,1000,0,0,0,1000,0,1000,1000
060609,玉晶光凱基9B購01,0,0,0,0,0,0,0,0,0,1000,0,0,0,3000,2000,1000,1000
057428,正崴兆豐98購01  ,0,0,0,0,0,0,0,0,0,1000,0,0,0,2000,1000,1000,1000
057374,禾伸堂元大99購03,0,0,0,0,0,0,0,0,0,1000,0,0,0,5000,4000,1000,1000
057331,台積電國票99購04,0,0,0,0,0,0,0,0,0,1000,0,0,0,24000,23000,1000,1000
058533,玉晶光元富99購01,0,0,0,0,0,0,0,0,0,1000,0,0,0,1000,0,1000,1000
058068,旺宏凱基98購11  ,0,0,0,0,0,0,0,0,0,1000,0,0,0,21000,20000,1000,1000
058062,上銀中信98購01  ,0,0,0,0,0,0,0,0,0,1000,0,0,0,1000,0,1000,1000
05796P,臺股指群益96售10,0,0,0,0,0,0,0,0,0,1000,0,0,0,1000,0,1000,1000
058004,大立光群益98購03,0,0,0,0,0,0,0,0,0,1000,0,0,0,1000,0,1000,1000
057206,立積元富98購01  ,0,0,0,0,0,0,0,0,0,1000,0,0,0,72000,71000,1000,1000
057440,台積電統一98購10,0,0,0,0,0,0,0,0,0,1000,0,0,0,61000,60000,1000,1000
057748,華通國票98購04  ,0,0,0,0,0,0,0,0,0,1000,0,0,0,24000,23000,1000,1000
057731,華擎國泰9A購02  ,0,0,0,0,0,0,0,0,0,1000,0,0,0,1000,0,1000,1000
058727,嘉晶富邦9A購01  ,0,0,0,0,0,0,0,0,0,1000,0,0,0,8000,7000,1000,1000
058784,臺股指國票99購03,0,0,0,0,0,0,0,0,0,1000,0,0,0,1000,0,1000,1000
059223,大立光元大99購14,0,0,0,0,0,0,0,0,0,1000,0,0,0,1000,0,1000,1000
059543,可成亞東99購02  ,0,0,0,0,0,0,0,0,0,1000,0,0,0,1000,0,1000,1000
059596,大立光元大99購20,0,0,0,0,0,0,0,0,0,1000,0,0,0,7000,6000,1000,1000
059616,滬深2X群益01購04,0,0,0,0,0,0,0,0,0,1000,0,0,0,1000,0,1000,1000
059494,國巨國票9C購01  ,0,0,0,0,0,0,0,0,0,1000,0,0,0,1000,0,1000,1000
059341,台積電凱基99購15,0,0,0,0,0,0,0,0,0,1000,0,0,0,1000,0,1000,1000
059347,京鼎凱基99購02  ,0,0,0,0,0,0,0,0,0,1000,0,0,0,1000,0,1000,1000
059434,全新元大99購05  ,0,0,0,0,0,0,0,0,0,1000,0,0,0,1000,0,1000,1000
058347,玉晶光群益9B購01,0,0,0,0,0,0,0,0,0,1000,0,0,0,17000,16000,1000,1000
059733,緯穎元大99購08  ,0,0,0,0,0,0,0,0,0,1000,0,0,0,1000,0,1000,1000
058491,滬深2X群益01購01,0,0,0,0,0,0,0,0,0,1000,0,0,0,1000,0,1000,1000
059149,臺股指國票99購12,0,0,0,0,0,0,0,0,0,1000,0,0,0,1000,0,1000,1000
059178,臺股指凱基99購30,0,0,0,0,0,0,0,0,0,1000,0,0,0,1000,0,1000,1000
059180,祥碩元富9A購01  ,0,0,0,0,0,0,0,0,0,1000,0,0,0,1000,0,1000,1000
060766,世芯元大9A購02  ,0,0,0,0,0,0,0,0,0,1000,0,0,0,1000,0,1000,1000
060712,建準永豐9A購01  ,0,0,0,0,0,0,0,0,0,1000,0,0,0,10000,9000,1000,1000
061044,世紀鋼永豐9A購02,0,0,0,0,0,0,0,0,0,1000,0,0,0,1000,0,1000,1000
061047,大立光第一9A購01,0,0,0,0,0,0,0,0,0,1000,0,0,0,1000,0,1000,1000
061095,台積電台新9B購03,0,0,0,0,0,0,0,0,0,1000,0,0,0,1000,0,1000,1000
060852,京鼎國泰9B購01  ,0,0,0,0,0,0,0,0,0,1000,0,0,0,1000,0,1000,1000
060782,道瓊指富邦9C購01,0,0,0,0,0,0,0,0,0,1000,0,0,0,1000,0,1000,1000
062926,嘉澤國票9B購01  ,0,0,0,0,0,0,0,0,0,1000,0,0,0,38000,37000,1000,1000
062623,元金2X國票01購01,0,0,0,0,0,0,0,0,0,1000,0,0,0,1000,0,1000,1000
063321,泰鼎群益9B購03  ,0,0,0,0,0,0,0,0,0,1000,0,0,0,1000,0,1000,1000
063686,國巨永豐9B購04  ,0,0,0,0,0,0,0,0,0,1000,0,0,0,5000,4000,1000,1000
063679,群創國泰01購01  ,0,0,0,0,0,0,0,0,0,1000,0,0,0,5000,4000,1000,1000
06177P,玉晶光元大98售07,0,0,0,0,0,0,0,0,0,1000,0,0,0,1000,0,1000,1000
061827,台灣50凱基02購01,0,0,0,0,0,0,0,0,0,1000,0,0,0,1000,0,1000,1000
061572,奇力新元大9A購04,0,0,0,0,0,0,0,0,0,1000,0,0,0,1000,0,1000,1000
061601,台積電凱基9A購26,0,0,0,0,0,0,0,0,0,1000,0,0,0,1000,0,1000,1000
06156P,大立光統一97售05,0,0,0,0,0,0,0,0,0,1000,0,0,0,1000,0,1000,1000
061631,SP黃豆元大9A購05,0,0,0,0,0,0,0,0,0,1000,0,0,0,2000,1000,1000,1000
061340,義隆元大9A購01  ,0,0,0,0,0,0,0,0,0,1000,0,0,0,289000,288000,1000,1000
061302,晶技永豐9A購04  ,0,0,0,0,0,0,0,0,0,1000,0,0,0,1000,0,1000,1000
061313,滬深2X凱基9B購05,0,0,0,0,0,0,0,0,0,1000,0,0,0,2000,1000,1000,1000
06117P,臺股指日盛97售02,0,0,0,0,0,0,0,0,0,1000,0,0,0,1000,0,1000,1000
061401,華擎兆豐9B購01  ,0,0,0,0,0,0,0,0,0,1000,0,0,0,1000,0,1000,1000
061443,大立光統一9C購02,0,0,0,0,0,0,0,0,0,1000,0,0,0,1000,0,1000,1000
061449,大立光中信9C購02,0,0,0,0,0,0,0,0,0,1000,0,0,0,1000,0,1000,1000
062375,祥碩元大9B購03  ,0,0,0,0,0,0,0,0,0,1000,0,0,0,58000,57000,1000,1000
06204P,鴻海群益97售04  ,0,0,0,0,0,0,0,0,0,1000,0,0,0,1000,0,1000,1000
061992,祥碩元大9B購02  ,0,0,0,0,0,0,0,0,0,1000,0,0,0,64000,63000,1000,1000
061920,台積電凱基9C購02,0,0,0,0,0,0,0,0,0,1000,0,0,0,1000,0,1000,1000
061910,台積電中信05購03,0,0,0,0,0,0,0,0,0,1000,0,0,0,1000,0,1000,1000
061958,鴻海統一01購01  ,0,0,0,0,0,0,0,0,0,1000,0,0,0,8000,7000,1000,1000
062169,禾伸堂永豐9B購01,0,0,0,0,0,0,0,0,0,1000,0,0,0,1000,0,1000,1000
062238,臻鼎凱基9C購01  ,0,0,0,0,0,0,0,0,0,1000,0,0,0,68000,67000,1000,1000
062161,南六凱基9C購01  ,0,0,0,0,0,0,0,0,0,1000,0,0,0,1000,0,1000,1000
062146,大毅國票9B購01  ,0,0,0,0,0,0,0,0,0,1000,0,0,0,3000,2000,1000,1000
062120,國巨台新9B購01  ,0,0,0,0,0,0,0,0,0,1000,0,0,0,1000,0,1000,1000
9941A,裕融甲特        ,0,0,0,0,0,0,0,0,0,1000,1000,0,1000,0,0,0,1000
008201,BP上證50        ,0,0,0,0,0,0,0,0,0,700,0,0,0,700,0,700,700
06603P,立積統一99售01  ,0,0,0,0,0,0,0,0,0,0,0,0,0,40000,40000,0,0
06716P,台積電元大9A售02,0,0,0,0,0,0,0,0,0,0,0,0,0,20000,20000,0,0
06688P,鴻海中信02售01  ,0,0,0,0,0,0,0,0,0,0,0,0,0,15000,15000,0,0
06658P,台灣50富邦9C售01,0,0,0,0,0,0,0,0,0,0,0,0,0,7000,7000,0,0
06671P,台積電群益98售04,0,0,0,0,0,0,0,0,0,0,0,0,0,10000,10000,0,0
06539P,聯發科凱基98售12,0,0,0,0,0,0,0,0,0,0,0,0,0,20000,20000,0,0
06534P,聯發科群益98售04,0,0,0,0,0,0,0,0,0,0,0,0,0,12000,12000,0,0
06544P,鴻海元大98售09  ,0,0,0,0,0,0,0,0,0,0,0,0,0,15000,15000,0,0
06515P,國巨凱基98售06  ,0,0,0,0,0,0,0,0,0,0,0,0,0,30000,30000,0,0
06492P,上銀永豐98售01  ,0,0,0,0,0,0,0,0,0,0,0,0,0,222000,222000,0,0
064221,華通國票01購01  ,0,0,0,0,0,0,0,0,0,0,0,0,0,7000,7000,0,0
064188,玉晶光永豐9C購02,0,0,0,0,0,0,0,0,0,0,0,0,0,2000,2000,0,0
064246,南六統一9C購02  ,0,0,0,0,0,0,0,0,0,0,0,0,0,296000,296000,0,0
064256,玉晶光國泰02購02,0,0,0,0,0,0,0,0,0,0,0,0,0,84000,84000,0,0
064257,台勝科國泰01購01,0,0,0,0,0,0,0,0,0,0,0,0,0,41000,41000,0,0
064218,南六凱基01購01  ,0,0,0,0,0,0,0,0,0,0,0,0,0,1000,1000,0,0
064231,鴻海統一01購03  ,0,0,0,0,0,0,0,0,0,0,0,0,0,8000,8000,0,0
064236,奇力新統一01購04,0,0,0,0,0,0,0,0,0,0,0,0,0,33000,33000,0,0
064240,群創統一02購02  ,0,0,0,0,0,0,0,0,0,0,0,0,0,5000,5000,0,0
064272,鴻海元大9C購09  ,0,0,0,0,0,0,0,0,0,0,0,0,0,27000,27000,0,0
064276,聯發科元大9C購07,0,0,0,0,0,0,0,0,0,0,0,0,0,338000,338000,0,0
064318,彩晶群益9C購01  ,0,0,0,0,0,0,0,0,0,0,0,0,0,32000,32000,0,0
064289,台郡元大9C購01  ,0,0,0,0,0,0,0,0,0,0,0,0,0,4000,4000,0,0
064391,亞德客永豐9C購01,0,0,0,0,0,0,0,0,0,0,0,0,0,60000,60000,0,0
064409,彩晶凱基04購01  ,0,0,0,0,0,0,0,0,0,0,0,0,0,32000,32000,0,0
064334,可成元大01購01  ,0,0,0,0,0,0,0,0,0,0,0,0,0,7000,7000,0,0
064335,可成元大9C購05  ,0,0,0,0,0,0,0,0,0,0,0,0,0,2000,2000,0,0
064356,矽創元大01購01  ,0,0,0,0,0,0,0,0,0,0,0,0,0,7000,7000,0,0
063974,南電國票01購01  ,0,0,0,0,0,0,0,0,0,0,0,0,0,9000,9000,0,0
06385P,聯發科永豐97售02,0,0,0,0,0,0,0,0,0,0,0,0,0,30000,30000,0,0
063861,南亞科國泰02購01,0,0,0,0,0,0,0,0,0,0,0,0,0,3000,3000,0,0
064051,新日興統一01購01,0,0,0,0,0,0,0,0,0,0,0,0,0,20000,20000,0,0
064104,TPK群益9C購02   ,0,0,0,0,0,0,0,0,0,0,0,0,0,8000,8000,0,0
064120,鴻海元大9C購07  ,0,0,0,0,0,0,0,0,0,0,0,0,0,50000,50000,0,0
064125,聯發科元大02購01,0,0,0,0,0,0,0,0,0,0,0,0,0,37000,37000,0,0
064141,國巨統一01購08  ,0,0,0,0,0,0,0,0,0,0,0,0,0,71000,71000,0,0
064142,國巨統一9C購13  ,0,0,0,0,0,0,0,0,0,0,0,0,0,72000,72000,0,0
07558P,玉晶光元大9A售10,0,0,0,0,0,0,0,0,0,0,0,0,0,5000,5000,0,0
07620P,國巨統一9B售07  ,0,0,0,0,0,0,0,0,0,0,0,0,0,20000,20000,0,0
07410P,鴻海元大99售44  ,0,0,0,0,0,0,0,0,0,0,0,0,0,30000,30000,0,0
07451P,鴻海元大9B售01  ,0,0,0,0,0,0,0,0,0,0,0,0,0,200000,200000,0,0
07381P,鴻海群益99售05  ,0,0,0,0,0,0,0,0,0,0,0,0,0,30000,30000,0,0
07715P,台灣50群益9A售14,0,0,0,0,0,0,0,0,0,0,0,0,0,20000,20000,0,0
07773P,台灣50群益9A售15,0,0,0,0,0,0,0,0,0,0,0,0,0,1000,1000,0,0
07834P,聯詠群益9A售03  ,0,0,0,0,0,0,0,0,0,0,0,0,0,199000,199000,0,0
07800P,華新科國泰9B售04,0,0,0,0,0,0,0,0,0,0,0,0,0,20000,20000,0,0
07059P,華通國票9A售02  ,0,0,0,0,0,0,0,0,0,0,0,0,0,20000,20000,0,0
07077P,緯穎凱基99售01  ,0,0,0,0,0,0,0,0,0,0,0,0,0,2000,2000,0,0
07083P,台積電統一9A售06,0,0,0,0,0,0,0,0,0,0,0,0,0,200000,200000,0,0
07198P,臺股指元大99售14,0,0,0,0,0,0,0,0,0,0,0,0,0,11000,11000,0,0
07164P,臺股指群益99售15,0,0,0,0,0,0,0,0,0,0,0,0,0,40000,40000,0,0
06877P,台積電兆豐98售04,0,0,0,0,0,0,0,0,0,0,0,0,0,100000,100000,0,0
06920P,台灣50凱基9A售01,0,0,0,0,0,0,0,0,0,0,0,0,0,136000,136000,0,0
06940P,旺宏永豐98售05  ,0,0,0,0,0,0,0,0,0,0,0,0,0,15000,15000,0,0
07945P,上銀國票9B售02  ,0,0,0,0,0,0,0,0,0,0,0,0,0,36000,36000,0,0
08221P,台表科凱基9B售05,0,0,0,0,0,0,0,0,0,0,0,0,0,2000,2000,0,0
08253P,鴻海元大9C售06  ,0,0,0,0,0,0,0,0,0,0,0,0,0,25000,25000,0,0
2540,愛山林          ,1000,1000,0,0,0,0,0,0,0,0,0,0,0,0,0,0,0
2849,安泰銀          ,22000,22000,0,0,0,0,0,0,0,0,0,0,0,0,0,0,0
4766,南寶            ,16000,16000,0,0,0,0,0,0,0,0,0,0,0,0,0,0,0
4562,穎漢            ,6000,6000,0,0,0,0,0,0,0,0,0,0,0,0,0,0,0
6605,帝寶            ,31000,31000,0,0,0,0,0,0,0,0,0,0,0,0,0,0,0
051381,玉晶光群益98購01,0,0,0,0,0,0,0,0,0,0,0,0,0,1000,1000,0,0
00707R,元大S&P日圓反1  ,0,0,0,0,0,0,0,0,0,0,0,0,0,1000,1000,0,0
00668K,國泰美國道瓊+U  ,0,0,0,0,0,0,0,0,0,0,0,0,0,100,100,0,0
00657K,國泰日經225+U   ,0,0,0,0,0,0,0,0,0,0,0,0,0,100,100,0,0
00625K,富邦上証+R      ,0,0,0,0,0,0,0,0,0,0,0,0,0,51000,51000,0,0
00636K,國泰中國A50+U   ,0,0,0,0,0,0,0,0,0,0,0,0,0,100,100,0,0
051487,健策凱基96購03  ,0,0,0,0,0,0,0,0,0,0,0,0,0,269000,269000,0,0
051776,上証2X群益99購01,0,0,0,0,0,0,0,0,0,0,0,0,0,222000,222000,0,0
051929,GIS中信96購01   ,0,0,0,0,0,0,0,0,0,0,0,0,0,94000,94000,0,0
051973,華新科凱基96購04,0,0,0,0,0,0,0,0,0,0,0,0,0,20000,20000,0,0
052089,聯發科元大96購02,0,0,0,0,0,0,0,0,0,0,0,0,0,35000,35000,0,0
03012X,元展12          ,0,0,0,0,0,0,0,0,0,0,0,0,0,1000,1000,0,0
04729P,臺股指中信96售01,0,0,0,0,0,0,0,0,0,0,0,0,0,43000,43000,0,0
054287,台積電元大97購11,0,0,0,0,0,0,0,0,0,0,0,0,0,8000,8000,0,0
052317,台積電元大96購11,0,0,0,0,0,0,0,0,0,0,0,0,0,70000,70000,0,0
054157,國巨亞東96購01  ,0,0,0,0,0,0,0,0,0,0,0,0,0,87000,87000,0,0
054080,微星中信98購01  ,0,0,0,0,0,0,0,0,0,0,0,0,0,20000,20000,0,0
054111,緯穎凱基97購01  ,0,0,0,0,0,0,0,0,0,0,0,0,0,60000,60000,0,0
054137,聯詠元大97購02  ,0,0,0,0,0,0,0,0,0,0,0,0,0,143000,143000,0,0
052730,華新科國泰98購01,0,0,0,0,0,0,0,0,0,0,0,0,0,4000,4000,0,0
052791,友達兆豐97購01  ,0,0,0,0,0,0,0,0,0,0,0,0,0,20000,20000,0,0
052962,台積電凱基97購03,0,0,0,0,0,0,0,0,0,0,0,0,0,146000,146000,0,0
050496,鴻海富邦96購01  ,0,0,0,0,0,0,0,0,0,0,0,0,0,297000,297000,0,0
050049,華通群益96購01  ,0,0,0,0,0,0,0,0,0,0,0,0,0,65000,65000,0,0
049584,台積電元大96購04,0,0,0,0,0,0,0,0,0,0,0,0,0,33000,33000,0,0
053988,友達亞東96購01  ,0,0,0,0,0,0,0,0,0,0,0,0,0,147000,147000,0,0
054643,上証2X群益9B購01,0,0,0,0,0,0,0,0,0,0,0,0,0,71000,71000,0,0
05458P,台積電凱基97售02,0,0,0,0,0,0,0,0,0,0,0,0,0,89000,89000,0,0
05461P,台積電亞東97售01,0,0,0,0,0,0,0,0,0,0,0,0,0,5000,5000,0,0
055359,超眾凱基97購01  ,0,0,0,0,0,0,0,0,0,0,0,0,0,40000,40000,0,0
055368,台積電元大97購24,0,0,0,0,0,0,0,0,0,0,0,0,0,106000,106000,0,0
055365,華通元大97購03  ,0,0,0,0,0,0,0,0,0,0,0,0,0,70000,70000,0,0
055443,台虹國票98購01  ,0,0,0,0,0,0,0,0,0,0,0,0,0,38000,38000,0,0
055448,健策統一97購02  ,0,0,0,0,0,0,0,0,0,0,0,0,0,34000,34000,0,0
055474,欣興凱基97購05  ,0,0,0,0,0,0,0,0,0,0,0,0,0,46000,46000,0,0
055515,聚陽中信9A購01  ,0,0,0,0,0,0,0,0,0,0,0,0,0,17000,17000,0,0
055526,台積電群益97購02,0,0,0,0,0,0,0,0,0,0,0,0,0,265000,265000,0,0
056481,創意元大98購01  ,0,0,0,0,0,0,0,0,0,0,0,0,0,68000,68000,0,0
056497,GIS國泰99購01   ,0,0,0,0,0,0,0,0,0,0,0,0,0,10000,10000,0,0
055572,鴻海統一98購04  ,0,0,0,0,0,0,0,0,0,0,0,0,0,16000,16000,0,0
055553,聯發科凱基97購05,0,0,0,0,0,0,0,0,0,0,0,0,0,20000,20000,0,0
056445,聯發科凱基98購07,0,0,0,0,0,0,0,0,0,0,0,0,0,50000,50000,0,0
056435,台積電凱基98購09,0,0,0,0,0,0,0,0,0,0,0,0,0,8000,8000,0,0
053189,聯發科統一96購05,0,0,0,0,0,0,0,0,0,0,0,0,0,31000,31000,0,0
053163,上証2X群益9A購02,0,0,0,0,0,0,0,0,0,0,0,0,0,133000,133000,0,0
05315P,鴻海永昌96售08  ,0,0,0,0,0,0,0,0,0,0,0,0,0,30000,30000,0,0
053384,聯發科元大96購13,0,0,0,0,0,0,0,0,0,0,0,0,0,10000,10000,0,0
053337,聯電國票97購01  ,0,0,0,0,0,0,0,0,0,0,0,0,0,94000,94000,0,0
053345,欣興國票97購02  ,0,0,0,0,0,0,0,0,0,0,0,0,0,16000,16000,0,0
053353,玉晶光兆豐97購03,0,0,0,0,0,0,0,0,0,0,0,0,0,50000,50000,0,0
053356,聯發科統一96購07,0,0,0,0,0,0,0,0,0,0,0,0,0,205000,205000,0,0
053278,禾伸堂元大96購01,0,0,0,0,0,0,0,0,0,0,0,0,0,12000,12000,0,0
053691,聯發科元大96購16,0,0,0,0,0,0,0,0,0,0,0,0,0,42000,42000,0,0
053588,聯發科元大97購07,0,0,0,0,0,0,0,0,0,0,0,0,0,10000,10000,0,0
053890,華新科群益98購01,0,0,0,0,0,0,0,0,0,0,0,0,0,26000,26000,0,0
054461,台積電凱基97購09,0,0,0,0,0,0,0,0,0,0,0,0,0,180000,180000,0,0
054412,智邦元大96購03  ,0,0,0,0,0,0,0,0,0,0,0,0,0,10000,10000,0,0
05263P,台積電元大96售09,0,0,0,0,0,0,0,0,0,0,0,0,0,20000,20000,0,0
052696,玉晶光麥證97購01,0,0,0,2000,0,2000,0,0,0,0,0,0,0,2000,2000,0,0
05241P,鴻海國泰97售04  ,0,0,0,0,0,0,0,0,0,0,0,0,0,34000,34000,0,0
05242P,群創國泰97售01  ,0,0,0,0,0,0,0,0,0,0,0,0,0,10000,10000,0,0
052470,華新科亞東97購01,0,0,0,0,0,0,0,0,0,0,0,0,0,20000,20000,0,0
052536,聯茂國泰97購01  ,0,0,0,0,0,0,0,0,0,0,0,0,0,10000,10000,0,0
052437,聯發科富邦99購02,0,0,0,0,0,0,0,0,0,0,0,0,0,9000,9000,0,0
058122,美律國票9A購01  ,0,0,0,0,0,0,0,0,0,0,0,0,0,13000,13000,0,0
058145,聯茂元大99購03  ,0,0,0,0,0,0,0,0,0,0,0,0,0,68000,68000,0,0
058158,台積電台新99購01,0,0,0,0,0,0,0,0,0,0,0,0,0,100000,100000,0,0
058945,S&P正2群益9C購01,0,0,0,0,0,0,0,0,0,0,0,0,0,50000,50000,0,0
057327,玉晶光群益9A購04,0,0,0,0,0,0,0,0,0,0,0,0,0,4000,4000,0,0
057259,台積電兆豐98購03,0,0,0,0,0,0,0,0,0,0,0,0,0,543000,543000,0,0
059862,全新群益99購04  ,0,0,0,0,0,0,0,0,0,0,0,0,0,9000,9000,0,0
05980P,台積電永昌96售09,0,0,0,0,0,0,0,0,0,0,0,0,0,100000,100000,0,0
059796,台積電國票99購10,0,0,0,0,0,0,0,0,0,0,0,0,0,1000,1000,0,0
059907,道瓊指元大99購03,0,0,0,0,0,0,0,0,0,0,0,0,0,10000,10000,0,0
059889,華新科國票99購04,0,0,0,0,0,0,0,0,0,0,0,0,0,4000,4000,0,0
059941,聯發科永豐99購04,0,0,0,0,0,0,0,0,0,0,0,0,0,31000,31000,0,0
056362,聯發科元大99購01,0,0,0,0,0,0,0,0,0,0,0,0,0,5000,5000,0,0
056395,玉晶光永豐9B購01,0,0,0,0,0,0,0,0,0,0,0,0,0,2000,2000,0,0
056281,深中小永豐97購01,0,0,0,0,0,0,0,0,0,0,0,0,0,61000,61000,0,0
056291,聯茂永豐97購03  ,0,0,0,0,0,0,0,0,0,0,0,0,0,10000,10000,0,0
05629P,聯發科永昌99售02,0,0,0,0,0,0,0,0,0,0,0,0,0,20000,20000,0,0
056681,鴻海統一98購09  ,0,0,0,0,0,0,0,0,0,0,0,0,0,10000,10000,0,0
056682,鴻海統一98購10  ,0,0,0,0,0,0,0,0,0,0,0,0,0,5000,5000,0,0
056721,台灣50永昌9A購01,0,0,0,0,0,0,0,0,0,0,0,0,0,100000,100000,0,0
056763,國巨元大99購02  ,0,0,0,0,0,0,0,0,0,0,0,0,0,10000,10000,0,0
057051,群創元大9B購03  ,0,0,0,0,0,0,0,0,0,0,0,0,0,1000,1000,0,0
056904,大立光元大99購05,0,0,0,0,0,0,0,0,0,0,0,0,0,25000,25000,0,0
056867,華通麥證98購01  ,0,0,0,20000,0,20000,0,0,0,0,0,0,0,20000,20000,0,0
056808,台積電統一98購06,0,0,0,0,0,0,0,0,0,0,0,0,0,105000,105000,0,0
054882,台光電統一97購02,0,0,0,0,0,0,0,0,0,0,0,0,0,60000,60000,0,0
055124,建準兆豐97購01  ,0,0,0,0,0,0,0,0,0,0,0,0,0,10000,10000,0,0
055075,南電永豐97購01  ,0,0,0,0,0,0,0,0,0,0,0,0,0,12000,12000,0,0
054980,國巨元富97購01  ,0,0,0,0,0,0,0,0,0,0,0,0,0,100000,100000,0,0
055159,玉晶光元大98購05,0,0,0,0,0,0,0,0,0,0,0,0,0,51000,51000,0,0
055295,瀚宇博元大97購02,0,0,0,0,0,0,0,0,0,0,0,0,0,107000,107000,0,0
054767,日電貿國票98購01,0,0,0,0,0,0,0,0,0,0,0,0,0,38000,38000,0,0
054725,國巨日盛97購01  ,0,0,0,0,0,0,0,0,0,0,0,0,0,29000,29000,0,0
055672,國巨日盛97購02  ,0,0,0,0,0,0,0,0,0,0,0,0,0,240000,240000,0,0
055665,亞德客群益97購01,0,0,0,0,0,0,0,0,0,0,0,0,0,2000,2000,0,0
054843,中環兆豐97購01  ,0,0,0,0,0,0,0,0,0,0,0,0,0,111000,111000,0,0
055589,台光電元大98購04,0,0,0,0,0,0,0,0,0,0,0,0,0,58000,58000,0,0
055650,華新科元富98購01,0,0,0,0,0,0,0,0,0,0,0,0,0,30000,30000,0,0
055646,漢唐元富97購01  ,0,0,0,0,0,0,0,0,0,0,0,0,0,10000,10000,0,0
055631,創意永豐98購01  ,0,0,0,0,0,0,0,0,0,0,0,0,0,68000,68000,0,0
056545,TPK凱基98購02   ,0,0,0,0,0,0,0,0,0,0,0,0,0,8000,8000,0,0
056543,京鼎凱基98購01  ,0,0,0,0,0,0,0,0,0,0,0,0,0,30000,30000,0,0
055955,微星元大97購01  ,0,0,0,0,0,0,0,0,0,0,0,0,0,17000,17000,0,0
056132,台光電元大97購03,0,0,0,0,0,0,0,0,0,0,0,0,0,24000,24000,0,0
056202,國揚永豐97購01  ,0,0,0,0,0,0,0,0,0,0,0,0,0,28000,28000,0,0
056239,宏達電群益98購01,0,0,0,0,0,0,0,0,0,0,0,0,0,7000,7000,0,0
055714,智邦元大97購03  ,0,0,0,0,0,0,0,0,0,0,0,0,0,3000,3000,0,0
055732,全新元富9A購01  ,0,0,0,0,0,0,0,0,0,0,0,0,0,1000,1000,0,0
056595,台積電元富98購04,0,0,0,0,0,0,0,0,0,0,0,0,0,110000,110000,0,0
056588,聯發科統一9A購02,0,0,0,0,0,0,0,0,0,0,0,0,0,20000,20000,0,0
055912,宏達電凱基98購03,0,0,0,0,0,0,0,0,0,0,0,0,0,7000,7000,0,0
055859,啟碁元大97購03  ,0,0,0,0,0,0,0,0,0,0,0,0,0,68000,68000,0,0
055907,台虹兆豐98購01  ,0,0,0,0,0,0,0,0,0,0,0,0,0,10000,10000,0,0
056611,國巨永豐98購03  ,0,0,0,0,0,0,0,0,0,0,0,0,0,48000,48000,0,0
056623,禾伸堂永豐98購01,0,0,0,0,0,0,0,0,0,0,0,0,0,10000,10000,0,0
056638,臺股指日盛98購01,0,0,0,0,0,0,0,0,0,0,0,0,0,2000,2000,0,0
055850,聯詠元大97購06  ,0,0,0,0,0,0,0,0,0,0,0,0,0,93000,93000,0,0
060777,茂林凱基9C購01  ,0,0,0,0,0,0,0,0,0,0,0,0,0,2000,2000,0,0
060793,微星永豐9A購01  ,0,0,0,0,0,0,0,0,0,0,0,0,0,10000,10000,0,0
060866,世芯永豐9B購01  ,0,0,0,0,0,0,0,0,0,0,0,0,0,10000,10000,0,0
060900,超眾凱基9B購01  ,0,0,0,0,0,0,0,0,0,0,0,0,0,30000,30000,0,0
060982,旺宏元大9A購09  ,0,0,0,0,0,0,0,0,0,0,0,0,0,6000,6000,0,0
060980,台積電元大9A購21,0,0,0,0,0,0,0,0,0,0,0,0,0,1000,1000,0,0
061127,美食永豐9A購01  ,0,0,0,0,0,0,0,0,0,0,0,0,0,59000,59000,0,0
061064,可成凱基9B購02  ,0,0,0,0,0,0,0,0,0,0,0,0,0,34000,34000,0,0
061018,台積電國票9B購05,0,0,0,0,0,0,0,0,0,0,0,0,0,7000,7000,0,0
060986,聯發科元大9A購07,0,0,0,0,0,0,0,0,0,0,0,0,0,10000,10000,0,0
060680,玉晶光元大9C購03,0,0,0,0,0,0,0,0,0,0,0,0,0,1000,1000,0,0
059176,臺股指凱基99購27,0,0,0,0,0,0,0,0,0,0,0,0,0,4000,4000,0,0
059196,聯發科永豐99購02,0,0,0,0,0,0,0,0,0,0,0,0,0,400000,400000,0,0
060673,旺宏元大9A購04  ,0,0,0,0,0,0,0,0,0,0,0,0,0,5000,5000,0,0
058502,鴻海元大99購13  ,0,0,0,0,0,0,0,0,0,0,0,0,0,2000,2000,0,0
05844P,旺宏元大96售07  ,0,0,0,0,0,0,0,0,0,0,0,0,0,29000,29000,0,0
058474,鴻海凱基9A購06  ,0,0,0,0,0,0,0,0,0,0,0,0,0,4000,4000,0,0
057646,玉山金元大98購01,0,0,0,0,0,0,0,0,0,0,0,0,0,5000,5000,0,0
058446,新光金富邦9C購01,0,0,0,0,0,0,0,0,0,0,0,0,0,210000,210000,0,0
058447,玉晶光富邦9A購02,0,0,0,0,0,0,0,0,0,0,0,0,0,1000,1000,0,0
058439,玉晶光統一01購02,0,0,0,0,0,0,0,0,0,0,0,0,0,3000,3000,0,0
058358,技嘉凱基9A購01  ,0,0,0,0,0,0,0,0,0,0,0,0,0,12000,12000,0,0
059721,旺宏元大99購16  ,0,0,0,0,0,0,0,0,0,0,0,0,0,8000,8000,0,0
059717,國巨元大99購21  ,0,0,0,0,0,0,0,0,0,0,0,0,0,4000,4000,0,0
059705,華新科凱基9A購07,0,0,0,0,0,0,0,0,0,0,0,0,0,10000,10000,0,0
059636,宏達電凱基99購05,0,0,0,0,0,0,0,0,0,0,0,0,0,7000,7000,0,0
059646,聯茂凱基99購06  ,0,0,0,0,0,0,0,0,0,0,0,0,0,20000,20000,0,0
057537,聯茂元大98購04  ,0,0,0,0,0,0,0,0,0,0,0,0,0,50000,50000,0,0
057576,南亞科第一9C購01,0,0,0,0,0,0,0,0,0,0,0,0,0,1000,1000,0,0
057533,晶相光元大98購02,0,0,0,0,0,0,0,0,0,0,0,0,0,4000,4000,0,0
059427,國巨元大99購24  ,0,0,0,0,0,0,0,0,0,0,0,0,0,1000,1000,0,0
059299,欣興元富99購03  ,0,0,0,0,0,0,0,0,0,0,0,0,0,2000,2000,0,0
059317,台積電元大99購34,0,0,0,0,0,0,0,0,0,0,0,0,0,1000,1000,0,0
059458,鎧勝永豐99購01  ,0,0,0,0,0,0,0,0,0,0,0,0,0,10000,10000,0,0
059467,旺宏元大99購15  ,0,0,0,0,0,0,0,0,0,0,0,0,0,6000,6000,0,0
059591,台積電元大9A購04,0,0,0,0,0,0,0,0,0,0,0,0,0,1000,1000,0,0
059540,新光金日盛99購01,0,0,0,0,0,0,0,0,0,0,0,0,0,260000,260000,0,0
059216,台積電元大99購29,0,0,0,0,0,0,0,0,0,0,0,0,0,1000,1000,0,0
059240,台積電凱基9A購09,0,0,0,0,0,0,0,0,0,0,0,0,0,12000,12000,0,0
059253,康控凱基9B購02  ,0,0,0,0,0,0,0,0,0,0,0,0,0,30000,30000,0,0
059056,技嘉凱基99購02  ,0,0,0,0,0,0,0,0,0,0,0,0,0,12000,12000,0,0
059058,可成凱基9B購01  ,0,0,0,0,0,0,0,0,0,0,0,0,0,2000,2000,0,0
058782,臺股指國票99購01,0,0,0,0,0,0,0,0,0,0,0,0,0,40000,40000,0,0
058793,鴻海元大99購19  ,0,0,0,0,0,0,0,0,0,0,0,0,0,5000,5000,0,0
058765,緯穎群益99購03  ,0,0,0,0,0,0,0,0,0,0,0,0,0,11000,11000,0,0
058775,台積電國票9A購02,0,0,0,0,0,0,0,0,0,0,0,0,0,9000,9000,0,0
058743,可成康和99購01  ,0,0,0,0,0,0,0,0,0,0,0,0,0,11000,11000,0,0
058746,華通凱基9A購02  ,0,0,0,0,0,0,0,0,0,0,0,0,0,1000,1000,0,0
058679,可成日盛99購01  ,0,0,0,0,0,0,0,0,0,0,0,0,0,190000,190000,0,0
058634,可成兆豐99購03  ,0,0,0,0,0,0,0,0,0,0,0,0,0,30000,30000,0,0
058674,宏達電群益99購01,0,0,0,0,0,0,0,0,0,0,0,0,0,7000,7000,0,0
058658,瑞儀中信99購01  ,0,0,0,0,0,0,0,0,0,0,0,0,0,20000,20000,0,0
06064P,台積電台新98售01,0,0,0,0,0,0,0,0,0,0,0,0,0,210000,210000,0,0
060646,南電永豐9A購01  ,0,0,0,0,0,0,0,0,0,0,0,0,0,10000,10000,0,0
057711,台積電統一9A購03,0,0,0,0,0,0,0,0,0,0,0,0,0,50000,50000,0,0
057684,聯茂日盛99購01  ,0,0,0,0,0,0,0,0,0,0,0,0,0,48000,48000,0,0
057788,嘉聯益國票99購01,0,0,0,0,0,0,0,0,0,0,0,0,0,40000,40000,0,0
057812,友達元大9A購05  ,0,0,0,0,0,0,0,0,0,0,0,0,0,100000,100000,0,0
057171,台光電元大9B購01,0,0,0,0,0,0,0,0,0,0,0,0,0,13000,13000,0,0
057165,國巨元大99購05  ,0,0,0,0,0,0,0,0,0,0,0,0,0,1000,1000,0,0
05717P,鴻海元大97售07  ,0,0,0,0,0,0,0,0,0,0,0,0,0,21000,21000,0,0
057477,智邦元大98購09  ,0,0,0,0,0,0,0,0,0,0,0,0,0,5000,5000,0,0
057888,貿聯群益98購02  ,0,0,0,0,0,0,0,0,0,0,0,0,0,134000,134000,0,0
057975,台積電永豐98購05,0,0,0,0,0,0,0,0,0,0,0,0,0,1000,1000,0,0
057959,欣興元大98購14  ,0,0,0,0,0,0,0,0,0,0,0,0,0,2000,2000,0,0
057942,可成國票99購02  ,0,0,0,0,0,0,0,0,0,0,0,0,0,20000,20000,0,0
057943,可成國票99購03  ,0,0,0,0,0,0,0,0,0,0,0,0,0,32000,32000,0,0
058269,世芯永豐9A購01  ,0,0,0,0,0,0,0,0,0,0,0,0,0,2000,2000,0,0
058287,國巨國票9A購02  ,0,0,0,0,0,0,0,0,0,0,0,0,0,5000,5000,0,0
05903P,聯發科統一96售09,0,0,0,0,0,0,0,0,0,0,0,0,0,10000,10000,0,0
058566,聯發科凱基9A購02,0,0,0,0,0,0,0,0,0,0,0,0,0,10000,10000,0,0
058550,南亞科永豐99購01,0,0,0,0,0,0,0,0,0,0,0,0,0,1000,1000,0,0
058594,台灣50元富9B購03,0,0,0,0,0,0,0,0,0,0,0,0,0,40000,40000,0,0
058982,台積電凱基99購08,0,0,0,0,0,0,0,0,0,0,0,0,0,1000,1000,0,0
058985,可成凱基99購03  ,0,0,0,0,0,0,0,0,0,0,0,0,0,30000,30000,0,0
05899P,臺股指凱基96售30,0,0,0,0,0,0,0,0,0,0,0,0,0,2000,2000,0,0
059001,聯發科元大99購17,0,0,0,0,0,0,0,0,0,0,0,0,0,9000,9000,0,0
057382,聯發科國泰9A購01,0,0,0,0,0,0,0,0,0,0,0,0,0,100000,100000,0,0
057365,智邦元大98購07  ,0,0,0,0,0,0,0,0,0,0,0,0,0,10000,10000,0,0
060419,漢翔永豐9A購01  ,0,0,0,0,0,0,0,0,0,0,0,0,0,10000,10000,0,0
060436,巨大永豐9A購01  ,0,0,0,0,0,0,0,0,0,0,0,0,0,10000,10000,0,0
060610,玉晶光凱基9B購02,0,0,0,0,0,0,0,0,0,0,0,0,0,2000,2000,0,0
060540,南亞凱基9A購01  ,0,0,0,0,0,0,0,0,0,0,0,0,0,20000,20000,0,0
060389,世紀鋼凱基9B購02,0,0,0,0,0,0,0,0,0,0,0,0,0,25000,25000,0,0
060405,中租國泰9C購01  ,0,0,0,0,0,0,0,0,0,0,0,0,0,1000,1000,0,0
060011,臺股指群益9C購06,0,0,0,0,0,0,0,0,0,0,0,0,0,17000,17000,0,0
060032,利勤永豐99購01  ,0,0,0,0,0,0,0,0,0,0,0,0,0,27000,27000,0,0
059967,聯發科凱基99購20,0,0,0,0,0,0,0,0,0,0,0,0,0,1000,1000,0,0
059968,世紀鋼凱基99購03,0,0,0,0,0,0,0,0,0,0,0,0,0,10000,10000,0,0
06000P,GIS元大96售04   ,0,0,0,0,0,0,0,0,0,0,0,0,0,100000,100000,0,0
060160,聯陽永豐9A購01  ,0,3000,-3000,0,0,0,0,0,0,3000,0,0,0,3000,0,3000,0
060129,祥碩永豐99購03  ,0,0,0,0,0,0,0,0,0,0,0,0,0,7000,7000,0,0
060143,台積電國票9B購03,0,0,0,0,0,0,0,0,0,0,0,0,0,5000,5000,0,0
060098,華新科元大99購24,0,0,0,0,0,0,0,0,0,0,0,0,0,20000,20000,0,0
062128,祥碩統一01購01  ,0,0,0,0,0,0,0,0,0,0,0,0,0,71000,71000,0,0
062250,台積電元大9B購02,0,0,0,0,0,0,0,0,0,0,0,0,0,1000,1000,0,0
061953,台積電台新9B購04,0,0,0,0,0,0,0,0,0,0,0,0,0,10000,10000,0,0
06193P,台積電元富97售04,0,0,0,0,0,0,0,0,0,0,0,0,0,60000,60000,0,0
061964,台積電統一01購05,0,0,0,0,0,0,0,0,0,0,0,0,0,57000,57000,0,0
061929,嘉澤凱基9B購01  ,0,0,0,0,0,0,0,0,0,0,0,0,0,23000,23000,0,0
061993,祥碩元大9C購01  ,0,0,0,0,0,0,0,0,0,0,0,0,0,44000,44000,0,0
062307,華通凱基9C購01  ,0,0,0,0,0,0,0,0,0,0,0,0,0,6000,6000,0,0
062525,鴻海統一9C購10  ,0,0,0,0,0,0,0,0,0,0,0,0,0,17000,17000,0,0
062503,玉晶光群益01購03,0,0,0,0,0,0,0,0,0,0,0,0,0,21000,21000,0,0
062521,玉晶光元大9C購05,0,0,0,0,0,0,0,0,0,0,0,0,0,6000,6000,0,0
062553,台積電凱基9B購07,0,0,0,0,0,0,0,0,0,0,0,0,0,11000,11000,0,0
062420,台積電統一9C購08,0,0,0,0,0,0,0,0,0,0,0,0,0,177000,177000,0,0
062435,國巨元大9B購13  ,0,0,0,0,0,0,0,0,0,0,0,0,0,50000,50000,0,0
061485,鴻海兆豐9A購01  ,0,0,0,0,0,0,0,0,0,0,0,0,0,68000,68000,0,0
061496,華新科國票9A購07,0,0,0,0,0,0,0,0,0,0,0,0,0,10000,10000,0,0
061428,南六元大9A購01  ,0,0,0,0,0,0,0,0,0,0,0,0,0,6000,6000,0,0
061437,燿華凱基9A購01  ,0,0,0,0,0,0,0,0,0,0,0,0,0,10000,10000,0,0
061242,玉晶光兆豐9B購02,0,0,0,0,0,0,0,0,0,0,0,0,0,10000,10000,0,0
061211,玉晶光元大9A購12,0,0,0,0,0,0,0,0,0,0,0,0,0,1000,1000,0,0
061345,玉晶光元大9A購14,0,0,0,0,0,0,0,0,0,0,0,0,0,2000,2000,0,0
061268,玉晶光凱基9B購04,0,0,0,0,0,0,0,0,0,0,0,0,0,1000,1000,0,0
061289,玉晶光統一01購03,0,0,0,0,0,0,0,0,0,0,0,0,0,1000,1000,0,0
061617,微星群益9A購02  ,0,0,0,0,0,0,0,0,0,0,0,0,0,10000,10000,0,0
061615,鴻海群益9A購06  ,0,0,0,0,0,0,0,0,0,0,0,0,0,1000,1000,0,0
061641,玉晶光元大9A購17,0,0,0,0,0,0,0,0,0,0,0,0,0,3000,3000,0,0
061540,台積電群益9A購07,0,0,0,0,0,0,0,0,0,0,0,0,0,3000,3000,0,0
061868,旺宏元大9B購03  ,0,0,0,0,0,0,0,0,0,0,0,0,0,5000,5000,0,0
061765,義隆元大9B購01  ,0,0,0,0,0,0,0,0,0,0,0,0,0,33000,33000,0,0
061723,嘉聯益永豐9A購03,0,0,0,0,0,0,0,0,0,0,0,0,0,10000,10000,0,0
06372P,聯發科元大97售21,0,0,0,0,0,0,0,0,0,0,0,0,0,10000,10000,0,0
063756,鴻海統一9B購09  ,0,0,0,0,0,0,0,0,0,0,0,0,0,2000,2000,0,0
063757,鴻海統一9C購16  ,0,0,0,0,0,0,0,0,0,0,0,0,0,9000,9000,0,0
063764,上銀元富9B購08  ,0,0,0,0,0,0,0,0,0,0,0,0,0,16000,16000,0,0
063800,玉晶光凱基9C購02,0,0,0,0,0,0,0,0,0,0,0,0,0,52000,52000,0,0
063801,GIS凱基01購01   ,0,0,0,0,0,0,0,0,0,0,0,0,0,12000,12000,0,0
063787,玉晶光統一01購07,0,0,0,0,0,0,0,0,0,0,0,0,0,3000,3000,0,0
063845,旺宏元大9C購03  ,0,0,0,0,0,0,0,0,0,0,0,0,0,21000,21000,0,0
063823,T50反1國票01購02,0,0,0,0,0,0,0,0,0,0,0,0,0,10000,10000,0,0
063829,晶技國票01購01  ,0,0,0,0,0,0,0,0,0,0,0,0,0,43000,43000,0,0
063338,國巨統一9C購11  ,0,0,0,0,0,0,0,0,0,0,0,0,0,53000,53000,0,0
063357,聯發科國泰01購04,0,0,0,0,0,0,0,0,0,0,0,0,0,21000,21000,0,0
06336P,鴻海元大98售05  ,0,0,0,0,0,0,0,0,0,0,0,0,0,15000,15000,0,0
063386,國巨兆豐9B購04  ,0,0,0,0,0,0,0,0,0,0,0,0,0,50000,50000,0,0
063421,可成凱基9C購02  ,0,0,0,0,0,0,0,0,0,0,0,0,0,4000,4000,0,0
063529,聯茂凱基9B購02  ,0,0,0,0,0,0,0,0,0,0,0,0,0,20000,20000,0,0
063534,鴻海統一9B購07  ,0,0,0,0,0,0,0,0,0,0,0,0,0,3000,3000,0,0
06269P,群創凱基98售10  ,0,0,0,0,0,0,0,0,0,0,0,0,0,10000,10000,0,0
062725,大立光凱基9B購06,0,0,0,0,0,0,0,0,0,0,0,0,0,6000,6000,0,0
062721,美律凱基9B購02  ,0,0,0,0,0,0,0,0,0,0,0,0,0,15000,15000,0,0
06274P,臺股指凱基97售06,0,0,0,0,0,0,0,0,0,0,0,0,0,3000,3000,0,0
06277P,臺股指凱基97售09,0,0,0,0,0,0,0,0,0,0,0,0,0,2000,2000,0,0
062794,鴻海統一9C購15  ,0,0,0,0,0,0,0,0,0,0,0,0,0,7000,7000,0,0
063043,台灣50兆豐9B購02,0,0,0,0,0,0,0,0,0,0,0,0,0,20000,20000,0,0
063094,玉晶光國票01購03,0,0,0,0,0,0,0,0,0,0,0,0,0,3000,3000,0,0
063088,緯穎凱基9B購04  ,0,0,0,0,0,0,0,0,0,0,0,0,0,50000,50000,0,0
062996,致茂國票9C購01  ,0,0,0,0,0,0,0,0,0,0,0,0,0,38000,38000,0,0
062999,聯茂國票9C購01  ,0,0,0,0,0,0,0,0,0,0,0,0,0,7000,7000,0,0
063033,台積電凱基9B購09,0,0,0,0,0,0,0,0,0,0,0,0,0,10000,10000,0,0
06294P,臺股指國票97售08,0,0,0,0,0,0,0,0,0,0,0,0,0,40000,40000,0,0
063233,國巨元大9B購19  ,0,0,0,0,0,0,0,0,0,0,0,0,0,50000,50000,0,0
063190,聯茂凱基9B購01  ,0,0,0,0,0,0,0,0,0,0,0,0,0,10000,10000,0,0
8222,寶一            ,12000,12000,0,0,0,0,0,0,0,0,0,0,0,0,0,0,0
8480,泰昇-KY         ,16000,16000,0,0,0,0,0,0,0,0,0,0,0,0,0,0,0
6579,研揚            ,0,1000,-1000,0,0,0,0,0,0,0,0,0,0,0,0,0,-1000
5906,台南-KY         ,0,0,0,0,0,0,0,0,0,-1000,0,1000,-1000,0,0,0,-1000
4438,廣越            ,28000,29000,-1000,0,0,0,0,0,0,0,0,0,0,0,0,0,-1000
4722,國精化          ,37000,38000,-1000,0,0,0,0,0,0,0,0,0,0,0,0,0,-1000
4581,光隆精密-KY     ,0,1000,-1000,0,0,0,0,0,0,0,0,0,0,0,0,0,-1000
2838A,聯邦銀甲特      ,0,6000,-6000,0,0,0,0,0,0,5000,5000,0,5000,0,0,0,-1000
3312,弘憶股          ,18000,19000,-1000,0,0,0,0,0,0,0,0,0,0,0,0,0,-1000
2483,百容            ,0,1000,-1000,0,0,0,0,0,0,0,0,0,0,0,0,0,-1000
2438,翔耀            ,0,1000,-1000,0,0,0,0,0,0,0,0,0,0,0,0,0,-1000
08312P,旺宏國票01售01  ,0,0,0,0,0,0,0,0,0,-1000,0,0,0,0,1000,-1000,-1000
08304P,大立光中信02售01,0,0,0,0,0,0,0,0,0,-1000,0,0,0,0,1000,-1000,-1000
07920P,大立光中信01售01,0,0,0,0,0,0,0,0,0,-1000,0,0,0,0,1000,-1000,-1000
08068P,宏達電國泰9C售01,0,0,0,0,0,0,0,0,0,-1000,0,0,0,34000,35000,-1000,-1000
1726,永記            ,1000,2000,-1000,0,0,0,0,0,0,0,0,0,0,0,0,0,-1000
2009,第一銅          ,31000,32000,-1000,0,0,0,0,0,0,0,0,0,0,0,0,0,-1000
08362P,國巨凱基02售01  ,0,0,0,0,0,0,0,0,0,-1000,0,0,0,0,1000,-1000,-1000
08339P,上銀統一9C售04  ,0,0,0,0,0,0,0,0,0,-1000,0,0,0,0,1000,-1000,-1000
1256,鮮活果汁-KY     ,5000,6000,-1000,0,0,0,0,0,0,0,0,0,0,0,0,0,-1000
1220,台榮            ,0,1000,-1000,0,0,0,0,0,0,0,0,0,0,0,0,0,-1000
1453,大將            ,4000,5000,-1000,0,0,0,0,0,0,0,0,0,0,0,0,0,-1000
1436,華友聯          ,0,1000,-1000,0,0,0,0,0,0,0,0,0,0,0,0,0,-1000
1414,東和            ,4000,5000,-1000,0,0,0,0,0,0,0,0,0,0,0,0,0,-1000
1537,廣隆            ,11000,12000,-1000,0,0,0,0,0,0,0,0,0,0,0,0,0,-1000
06939P,國巨永豐98售09  ,0,0,0,0,0,0,0,0,0,-1000,0,0,0,0,1000,-1000,-1000
06811P,聯發科統一98售06,0,0,0,0,0,0,0,0,0,-1000,0,0,0,20000,21000,-1000,-1000
07084P,S&P正2元富9B售02,0,0,0,0,0,0,0,0,0,-1000,0,0,0,0,1000,-1000,-1000
07085P,超眾元富9C售01  ,0,0,0,0,0,0,0,0,0,-1000,0,0,0,161000,162000,-1000,-1000
06997P,台灣50中信03售01,0,0,0,0,0,0,0,0,0,-1000,0,0,0,0,1000,-1000,-1000
07758P,台積電國票9A售06,0,0,0,0,0,0,0,0,0,-1000,0,0,0,2000,3000,-1000,-1000
07328P,FBVIX國泰9B售01 ,0,0,0,0,0,0,0,0,0,-1000,0,0,0,0,1000,-1000,-1000
064148,瑞昱統一02購01  ,0,0,0,0,0,0,0,0,0,-1000,0,0,0,0,1000,-1000,-1000
064113,新日興國票01購01,0,0,0,0,0,0,0,0,0,-1000,0,0,0,13000,14000,-1000,-1000
063857,臺股指元大9C購10,0,0,0,0,0,0,0,0,0,-1000,0,0,0,0,1000,-1000,-1000
064001,華通凱基02購01  ,0,0,0,0,0,0,0,0,0,-1000,0,0,0,18000,19000,-1000,-1000
064382,台積電國泰01購01,0,0,0,0,0,0,0,0,0,-1000,0,0,0,0,1000,-1000,-1000
064367,貿聯統一01購02  ,0,0,0,0,0,0,0,0,0,-1000,0,0,0,0,1000,-1000,-1000
064298,台灣50兆豐01購02,0,0,0,0,0,0,0,0,0,-1000,0,0,0,0,1000,-1000,-1000
064232,鴻海統一01購04  ,0,0,0,0,0,0,0,0,0,-1000,0,0,0,7000,8000,-1000,-1000
064216,矽格凱基01購01  ,0,0,0,0,0,0,0,0,0,-1000,0,0,0,0,1000,-1000,-1000
06501P,臺股指元大9A售06,0,0,0,0,0,0,0,0,0,-1000,0,0,0,0,1000,-1000,-1000
06481P,台積電凱基98售12,0,0,0,0,0,0,0,0,0,-1000,0,0,0,6000,7000,-1000,-1000
06549P,大立光元大98售11,0,0,0,0,0,0,0,0,0,-1000,0,0,0,0,1000,-1000,-1000
06620P,聯發科元大98售07,0,0,0,0,0,0,0,0,0,-1000,0,0,0,0,1000,-1000,-1000
056205,貿聯永豐97購01  ,0,0,0,0,0,0,0,0,0,-1000,0,0,0,0,1000,-1000,-1000
056165,矽力凱基98購02  ,0,0,0,0,0,0,0,0,0,-1000,0,0,0,2000,3000,-1000,-1000
056029,國巨麥證98購01  ,0,0,0,0,1000,-1000,0,0,0,-1000,0,0,0,0,1000,-1000,-1000
056518,美律國票99購01  ,0,0,0,0,0,0,0,0,0,-1000,0,0,0,0,1000,-1000,-1000
054820,新日興元大97購01,0,0,0,0,0,0,0,0,0,-1000,0,0,0,0,1000,-1000,-1000
055059,健和興永豐97購01,0,0,0,0,0,0,0,0,0,-1000,0,0,0,0,1000,-1000,-1000
056765,友達元大9B購05  ,0,0,0,0,0,0,0,0,0,-1000,0,0,0,0,1000,-1000,-1000
056377,智伸科統一9A購01,0,0,0,0,0,0,0,0,0,-1000,0,0,0,0,1000,-1000,-1000
059912,國巨元大99購28  ,0,0,0,0,0,0,0,0,0,-1000,0,0,0,1000,2000,-1000,-1000
059824,大立光凱基99購13,0,0,0,0,0,0,0,0,0,-1000,0,0,0,0,1000,-1000,-1000
059844,大立光富邦9C購04,0,0,0,0,0,0,0,0,0,-1000,0,0,0,5000,6000,-1000,-1000
058946,SGBR2X群益9B購01,0,0,0,0,0,0,0,0,0,-1000,0,0,0,0,1000,-1000,-1000
058147,鈺齊元大99購01  ,0,0,0,0,0,0,0,0,0,-1000,0,0,0,149000,150000,-1000,-1000
058134,信邦元大99購01  ,0,0,0,0,0,0,0,0,0,-1000,0,0,0,1000,2000,-1000,-1000
053781,友達元大9B購03  ,0,0,0,0,0,0,0,0,0,-1000,0,0,0,0,1000,-1000,-1000
052627,中壽中信98購01  ,0,0,0,0,0,0,0,0,0,-1000,0,0,0,0,1000,-1000,-1000
054361,技嘉凱基96購01  ,0,0,0,0,0,0,0,0,0,-1000,0,0,0,1000,2000,-1000,-1000
054363,世芯凱基97購01  ,0,0,0,0,0,0,0,0,0,-1000,0,0,0,12000,13000,-1000,-1000
054376,聯茂中信97購01  ,0,0,0,0,0,0,0,0,0,-1000,0,0,0,0,1000,-1000,-1000
053643,漢唐國票97購02  ,0,0,0,0,0,0,0,0,0,-1000,0,0,0,37000,38000,-1000,-1000
053644,台表科國票97購03,0,0,0,0,0,0,0,0,0,-1000,0,0,0,0,1000,-1000,-1000
053057,聯電國泰97購02  ,0,0,0,0,0,0,0,0,0,-1000,0,0,0,2000,3000,-1000,-1000
057086,立積統一9C購01  ,0,0,0,0,0,0,0,0,0,-1000,0,0,0,0,1000,-1000,-1000
055468,智邦凱基97購04  ,0,0,0,0,0,0,0,0,0,-1000,0,0,0,0,1000,-1000,-1000
055400,緯穎統一97購01  ,0,0,0,0,0,0,0,0,0,-1000,0,0,0,15000,16000,-1000,-1000
054614,玉晶光永豐97購03,0,0,0,0,0,0,0,0,0,-1000,0,0,0,0,1000,-1000,-1000
054625,旺宏凱基98購03  ,0,0,0,0,0,0,0,0,0,-1000,0,0,0,0,1000,-1000,-1000
03650C,T50反1元大98牛05,0,0,0,0,0,0,0,0,0,-1000,0,0,0,0,1000,-1000,-1000
03681C,台灣50凱基02牛02,0,0,0,0,0,0,0,0,0,-1000,0,0,0,0,1000,-1000,-1000
03679C,臺股指元大04牛04,0,0,0,0,0,0,0,0,0,-1000,0,0,0,0,1000,-1000,-1000
03684C,臺股指元大06牛01,0,0,0,0,0,0,0,0,0,-1000,0,0,0,0,1000,-1000,-1000
03685C,臺股指元大9B牛43,0,0,0,0,0,0,0,0,0,-1000,0,0,0,1000,2000,-1000,-1000
052835,滬深2X國泰98購01,0,0,0,0,0,0,0,0,0,-1000,0,0,0,1000,2000,-1000,-1000
054151,瑞昱國泰97購01  ,0,0,0,0,0,0,0,0,0,-1000,0,0,0,0,1000,-1000,-1000
052237,嘉澤國票96購02  ,0,0,0,0,0,0,0,0,0,-1000,0,0,0,0,1000,-1000,-1000
054212,聯詠國票97購03  ,0,0,0,0,0,0,0,0,0,-1000,0,0,0,0,1000,-1000,-1000
03028X,元展25          ,0,0,0,0,0,0,0,0,0,-1000,0,0,0,0,1000,-1000,-1000
03047X,元展44          ,0,0,0,0,0,0,0,0,0,-1000,0,0,0,0,1000,-1000,-1000
051829,玉晶光元大98購02,0,0,0,0,0,0,0,0,0,-1000,0,0,0,0,1000,-1000,-1000
051382,玉晶光群益98購02,0,0,0,0,0,0,0,0,0,-1000,0,0,0,21000,22000,-1000,-1000
051087,國巨元大97購01  ,0,0,0,0,0,0,0,0,0,-1000,0,0,0,0,1000,-1000,-1000
060147,臺股指國票9A購07,0,0,0,0,0,0,0,0,0,-1000,0,0,0,0,1000,-1000,-1000
060039,大立光國票99購04,0,0,0,0,0,0,0,0,0,-1000,0,0,0,0,1000,-1000,-1000
060528,友達中信9C購01  ,0,0,0,0,0,0,0,0,0,-1000,0,0,0,3000,4000,-1000,-1000
060594,國巨麥證9A購01  ,0,0,0,0,1000,-1000,0,0,0,-1000,0,0,0,0,1000,-1000,-1000
059035,旺宏群益99購06  ,0,0,0,0,0,0,0,0,0,-1000,0,0,0,0,1000,-1000,-1000
058564,元金2X凱基9C購01,0,0,0,0,0,0,0,0,0,-1000,0,0,0,0,1000,-1000,-1000
058284,滬深反群益01購01,0,0,0,0,0,0,0,0,0,-1000,0,0,0,0,1000,-1000,-1000
058088,鴻海元大9A購01  ,0,0,0,0,0,0,0,0,0,-1000,0,0,0,0,1000,-1000,-1000
05797P,臺股指群益96售11,0,0,0,0,0,0,0,0,0,-1000,0,0,0,0,1000,-1000,-1000
057886,聯詠群益98購01  ,0,0,0,0,0,0,0,0,0,-1000,0,0,0,28000,29000,-1000,-1000
057683,技嘉日盛98購01  ,0,0,0,0,0,0,0,0,0,-1000,0,0,0,7000,8000,-1000,-1000
05773P,臺股指凱基99售03,0,0,0,0,0,0,0,0,0,-1000,0,0,0,0,1000,-1000,-1000
058749,康控凱基99購03  ,0,0,0,0,0,0,0,0,0,-1000,0,0,0,6000,7000,-1000,-1000
059082,華通元大99購06  ,0,0,0,0,0,0,0,0,0,-1000,0,0,0,10000,11000,-1000,-1000
058821,泰鼎國泰9B購01  ,0,0,0,0,0,0,0,0,0,-1000,0,0,0,0,1000,-1000,-1000
058875,台表科國票9A購02,0,0,0,0,0,0,0,0,0,-1000,0,0,0,13000,14000,-1000,-1000
059571,奇力新凱基99購06,0,0,0,0,0,0,0,0,0,-1000,0,0,0,0,1000,-1000,-1000
059493,國巨國票9B購01  ,0,0,0,0,0,0,0,0,0,-1000,0,0,0,0,1000,-1000,-1000
059369,滬深2X元富9C購01,0,0,0,0,0,0,0,0,0,-1000,0,0,0,9000,10000,-1000,-1000
057559,可成兆豐99購02  ,0,0,0,0,0,0,0,0,0,-1000,0,0,0,0,1000,-1000,-1000
059682,可成富邦9A購01  ,0,0,0,0,0,0,0,0,0,-1000,0,0,0,0,1000,-1000,-1000
059769,滬深2X群益9C購01,0,0,0,0,0,0,0,0,0,-1000,0,0,0,0,1000,-1000,-1000
058501,S&P正2元大99購01,0,0,0,0,0,0,0,0,0,-1000,0,0,0,0,1000,-1000,-1000
060729,國巨群益9A購05  ,0,0,0,0,0,0,0,0,0,-1000,0,0,0,0,1000,-1000,-1000
060775,世芯凱基9A購02  ,0,0,0,0,0,0,0,0,0,-1000,0,0,0,0,1000,-1000,-1000
061051,臺股指中信9A購06,0,0,0,0,0,0,0,0,0,-1000,0,0,0,0,1000,-1000,-1000
061128,大立光永豐9A購02,0,0,0,0,0,0,0,0,0,-1000,0,0,0,0,1000,-1000,-1000
061101,道瓊銀元大9A購02,0,0,0,0,0,0,0,0,0,-1000,0,0,0,24000,25000,-1000,-1000
060961,台光電凱基9A購03,0,0,0,0,0,0,0,0,0,-1000,0,0,0,21000,22000,-1000,-1000
060838,華通國票9A購05  ,0,0,0,0,0,0,0,0,0,-1000,0,0,0,10000,11000,-1000,-1000
062749,元金2X中信9B購01,0,0,0,0,0,0,0,0,0,-1000,0,0,0,0,1000,-1000,-1000
06258P,臺股指群益97售11,0,0,0,0,0,0,0,0,0,-1000,0,0,0,0,1000,-1000,-1000
063505,奇力新群益9B購03,0,0,0,0,0,0,0,0,0,-1000,0,0,0,4000,5000,-1000,-1000
063479,南六元大9B購06  ,0,0,0,0,0,0,0,0,0,-1000,0,0,0,30000,31000,-1000,-1000
063406,麗豐國票9C購01  ,0,0,0,0,0,0,0,0,0,-1000,0,0,0,5000,6000,-1000,-1000
063301,鴻海凱基9B購08  ,0,0,0,0,0,0,0,0,0,-1000,0,0,0,30000,31000,-1000,-1000
061675,華新科元大9A購23,0,0,0,0,0,0,0,0,0,-1000,0,0,0,0,1000,-1000,-1000
061234,國巨元大9A購18  ,0,0,0,0,0,0,0,0,0,-1000,0,0,0,1000,2000,-1000,-1000
061493,T50反1國票9B購04,0,0,0,0,0,0,0,0,0,-1000,0,0,0,0,1000,-1000,-1000
062300,T50反1中信03購02,0,0,0,0,0,0,0,0,0,-1000,0,0,0,0,1000,-1000,-1000
062274,台積電群益9B購04,0,0,0,0,0,0,0,0,0,-1000,0,0,0,0,1000,-1000,-1000
062000,臺股指元大9B購24,0,0,0,0,0,0,0,0,0,-1000,0,0,0,0,1000,-1000,-1000
061984,華新科元大9B購05,0,0,0,0,0,0,0,0,0,-1000,0,0,0,144000,145000,-1000,-1000
061952,臺股指群益9B購01,0,0,0,0,0,0,0,0,0,-1000,0,0,0,3000,4000,-1000,-1000
9906,欣巴巴          ,0,1000,-1000,0,0,0,0,0,0,0,0,0,0,0,0,0,-1000
9912,偉聯            ,0,1000,-1000,0,0,0,0,0,0,0,0,0,0,0,0,0,-1000
06647P,台積電元大98售13,0,0,0,0,0,0,0,0,0,-2000,0,0,0,0,2000,-2000,-2000
06689P,鴻海中信9C售02  ,0,0,0,0,0,0,0,0,0,-2000,0,0,0,0,2000,-2000,-2000
064222,玉山金國票01購01,0,0,0,0,0,0,0,0,0,-2000,0,0,0,47000,49000,-2000,-2000
06432P,上銀群益98售01  ,0,0,0,0,0,0,0,0,0,-2000,0,0,0,0,2000,-2000,-2000
064415,群創麥證9C購01  ,0,0,0,0,2000,-2000,0,0,0,-2000,0,0,0,0,2000,-2000,-2000
06443P,台積電凱基99售01,0,0,0,0,0,0,0,0,0,-2000,0,0,0,0,2000,-2000,-2000
064400,大成鋼凱基01購01,0,0,0,0,0,0,0,0,0,-2000,0,0,0,0,2000,-2000,-2000
06435P,臺股指群益98售02,0,0,0,0,0,0,0,0,0,-2000,0,0,0,0,2000,-2000,-2000
063901,緯穎群益9C購01  ,0,0,0,0,0,0,0,0,0,-2000,0,0,0,10000,12000,-2000,-2000
064031,玉晶光元大02購01,0,0,0,0,0,0,0,0,0,-2000,0,0,0,50000,52000,-2000,-2000
064020,華通元大01購01  ,0,0,0,0,0,0,0,0,0,-2000,0,0,0,0,2000,-2000,-2000
07470P,國巨元大9A售06  ,0,0,0,0,0,0,0,0,0,-2000,0,0,0,0,2000,-2000,-2000
07757P,國巨國票9B售04  ,0,0,0,0,0,0,0,0,0,-2000,0,0,0,0,2000,-2000,-2000
07674P,金融類元大9A售01,0,0,0,0,0,0,0,0,0,-2000,0,0,0,2000,4000,-2000,-2000
07857P,國巨永豐9A售05  ,0,0,0,0,0,0,0,0,0,-2000,0,0,0,0,2000,-2000,-2000
07886P,國巨國票9B售06  ,0,0,0,0,0,0,0,0,0,-2000,0,0,0,0,2000,-2000,-2000
07035P,大立光元富99售04,0,0,0,0,0,0,0,0,0,-2000,0,0,0,33000,35000,-2000,-2000
07049P,聯發科中信99售03,0,0,0,0,0,0,0,0,0,-2000,0,0,0,0,2000,-2000,-2000
07076P,鴻海凱基9A售08  ,0,0,0,0,0,0,0,0,0,-2000,0,0,0,110000,112000,-2000,-2000
07111P,台積電群益99售08,0,0,0,0,0,0,0,0,0,-2000,0,0,0,0,2000,-2000,-2000
06784P,臺股指元大98售01,0,0,0,0,0,0,0,0,0,-2000,0,0,0,0,2000,-2000,-2000
06825P,臺股指國票98售01,0,0,0,0,0,0,0,0,0,-2000,0,0,0,0,2000,-2000,-2000
06849P,欣興元大98售12  ,0,0,0,0,0,0,0,0,0,-2000,0,0,0,0,2000,-2000,-2000
06859P,元金2X中信9C售01,0,0,0,0,0,0,0,0,0,-2000,0,0,0,0,2000,-2000,-2000
1532,勤美            ,59000,61000,-2000,0,0,0,0,0,0,0,0,0,0,0,0,0,-2000
1312A,國喬特          ,0,0,0,0,0,0,0,0,0,-2000,0,2000,-2000,0,0,0,-2000
08355P,智邦元大9C售03  ,0,0,0,0,0,0,0,0,0,-2000,0,0,0,0,2000,-2000,-2000
1783,和康生          ,79000,81000,-2000,0,0,0,0,0,0,0,0,0,0,0,0,0,-2000
08046P,臺股指國票9B售11,0,0,0,0,0,0,0,0,0,-2000,0,0,0,0,2000,-2000,-2000
2414,精技            ,31000,35000,-4000,0,0,0,0,0,0,2000,2000,0,2000,0,0,0,-2000
2497,怡利電          ,0,2000,-2000,0,0,0,0,0,0,0,0,0,0,0,0,0,-2000
3058,立德            ,1000,3000,-2000,0,0,0,0,0,0,0,0,0,0,0,0,0,-2000
3025,星通            ,4000,6000,-2000,0,0,0,0,0,0,0,0,0,0,0,0,0,-2000
2630,亞航            ,0,2000,-2000,0,0,0,0,0,0,0,0,0,0,0,0,0,-2000
4943,康控-KY         ,261000,215000,46000,0,0,0,0,0,0,-48000,0,0,0,1000,49000,-48000,-2000
3593,力銘            ,0,2000,-2000,0,0,0,0,0,0,0,0,0,0,0,0,0,-2000
6243,迅杰            ,2000,4000,-2000,0,0,0,0,0,0,0,0,0,0,0,0,0,-2000
051838,國巨國泰97購01  ,0,0,0,0,0,0,0,0,0,-2000,0,0,0,18000,20000,-2000,-2000
052079,康友元富98購01  ,0,0,0,0,0,0,0,0,0,-2000,0,0,0,0,2000,-2000,-2000
051577,台積電元大97購03,0,0,0,0,0,0,0,0,0,-2000,0,0,0,3000,5000,-2000,-2000
05174P,元金2X富邦9B售01,0,0,0,0,0,0,0,0,0,-2000,0,0,0,0,2000,-2000,-2000
03432B,臺股指凱基98熊13,0,0,0,0,0,0,0,0,0,-2000,0,0,0,160000,162000,-2000,-2000
054170,泰鼎凱基98購01  ,0,0,0,0,0,0,0,0,0,-2000,0,0,0,0,2000,-2000,-2000
054066,緯穎國票97購03  ,0,0,0,0,0,0,0,0,0,-2000,0,0,0,0,2000,-2000,-2000
054610,聯發科永豐97購01,0,0,0,0,0,0,0,0,0,-2000,0,0,0,0,2000,-2000,-2000
054470,緯穎國票97購04  ,0,0,0,0,0,0,0,0,0,-2000,0,0,0,0,2000,-2000,-2000
056412,上証2X中信9A購02,0,0,0,0,0,0,0,0,0,-2000,0,0,0,0,2000,-2000,-2000
056457,嘉澤凱基98購01  ,0,0,0,0,0,0,0,0,0,-2000,0,0,0,2000,4000,-2000,-2000
053503,臻鼎兆豐97購01  ,0,0,0,0,0,0,0,0,0,-2000,0,0,0,18000,20000,-2000,-2000
059884,鴻海國票99購09  ,0,0,0,0,0,0,0,0,0,-2000,0,0,0,3000,5000,-2000,-2000
059887,華新科國票99購02,0,0,0,0,0,0,0,0,0,-2000,0,0,0,0,2000,-2000,-2000
056383,上銀國泰99購01  ,0,0,0,0,0,0,0,0,0,-2000,0,0,0,0,2000,-2000,-2000
056337,聯發科凱基98購06,0,0,0,0,0,0,0,0,0,-2000,0,0,0,0,2000,-2000,-2000
056857,國巨群益99購02  ,0,0,0,0,0,0,0,0,0,-2000,0,0,0,0,2000,-2000,-2000
055032,億光富邦99購01  ,0,0,0,0,0,0,0,0,0,-2000,0,0,0,50000,52000,-2000,-2000
054974,台表科元大98購02,0,0,0,0,0,0,0,0,0,-2000,0,0,0,0,2000,-2000,-2000
055679,華通凱基99購01  ,0,0,0,0,0,0,0,0,0,-2000,0,0,0,0,2000,-2000,-2000
055615,宏達電國票99購02,0,0,0,0,0,0,0,0,0,-2000,0,0,0,4000,6000,-2000,-2000
056646,奇鋐凱基99購02  ,0,0,0,0,0,0,0,0,0,-2000,0,0,0,20000,22000,-2000,-2000
060845,欣興國票9A購01  ,0,0,0,0,0,0,0,0,0,-2000,0,0,0,30000,32000,-2000,-2000
060857,旭富富邦9B購01  ,0,0,0,0,0,0,0,0,0,-2000,0,0,0,3000,5000,-2000,-2000
061040,康友永豐9A購01  ,0,0,0,0,0,0,0,0,0,-2000,0,0,0,0,2000,-2000,-2000
060719,瀚宇博永豐9A購01,0,0,0,0,0,0,0,0,0,-2000,0,0,0,0,2000,-2000,-2000
059142,道瓊指國票9B購02,0,0,0,0,0,0,0,0,0,-2000,0,0,0,0,2000,-2000,-2000
058401,華航元大9A購01  ,0,0,0,0,0,0,0,0,0,-2000,0,0,0,0,2000,-2000,-2000
057605,旺宏統一99購03  ,0,0,0,0,0,0,0,0,0,-2000,0,0,0,0,2000,-2000,-2000
057589,超眾國票9A購01  ,0,0,0,0,0,0,0,0,0,-2000,0,0,0,0,2000,-2000,-2000
059648,台表科凱基99購03,0,0,0,0,0,0,0,0,0,-2000,0,0,0,0,2000,-2000,-2000
059435,大立光元大99購17,0,0,0,0,0,0,0,0,0,-2000,0,0,0,0,2000,-2000,-2000
059526,鴻海凱基99購12  ,0,0,0,0,0,0,0,0,0,-2000,0,0,0,10000,12000,-2000,-2000
058776,台積電國票9A購03,0,0,0,0,0,0,0,0,0,-2000,0,0,0,8000,10000,-2000,-2000
058728,SP黃豆永豐99購01,0,0,0,0,0,0,0,0,0,-2000,0,0,0,18000,20000,-2000,-2000
057736,鴻海富邦99購04  ,0,0,0,0,0,0,0,0,0,-2000,0,0,0,20000,22000,-2000,-2000
057822,牧德元大9A購01  ,0,0,0,0,0,0,0,0,0,-2000,0,0,0,0,2000,-2000,-2000
057778,大立光群益98購02,0,0,0,0,0,0,0,0,0,-2000,0,0,0,0,2000,-2000,-2000
05749P,臺股指群益99售03,0,0,0,0,0,0,0,0,0,-2000,0,0,0,0,2000,-2000,-2000
057237,群創凱基9B購02  ,0,0,0,0,0,0,0,0,0,-2000,0,0,0,0,2000,-2000,-2000
057977,台光電永豐98購02,0,0,0,0,0,0,0,0,0,-2000,0,0,0,48000,50000,-2000,-2000
058575,智邦群益99購01  ,0,0,0,0,0,0,0,0,0,-2000,0,0,0,0,2000,-2000,-2000
058579,聯發科群益99購04,0,0,0,0,0,0,0,0,0,-2000,0,0,0,10000,12000,-2000,-2000
060578,臺股指中信9C購03,0,0,0,0,0,0,0,0,0,-2000,0,0,0,0,2000,-2000,-2000
060555,台表科凱基9A購03,0,0,0,0,0,0,0,0,0,-2000,0,0,0,0,2000,-2000,-2000
060533,臺股指中信9B購05,0,0,0,0,0,0,0,0,0,-2000,0,0,0,0,2000,-2000,-2000
060538,S&P反1凱基9A購01,0,0,0,0,0,0,0,0,0,-2000,0,0,0,0,2000,-2000,-2000
060461,鴻海元大9A購09  ,0,0,0,0,0,0,0,0,0,-2000,0,0,0,25000,27000,-2000,-2000
058236,大立光元大99購09,0,0,0,0,0,0,0,0,0,-2000,0,0,0,4000,6000,-2000,-2000
058217,新唐群益99購01  ,0,0,0,0,0,0,0,0,0,-2000,0,0,0,0,2000,-2000,-2000
059992,S&P正2元富9B購04,0,0,0,0,0,0,0,0,0,-2000,0,0,0,0,2000,-2000,-2000
060073,台積電元富99購03,0,0,0,0,0,0,0,0,0,-2000,0,0,0,0,2000,-2000,-2000
060104,新日興元大99購03,0,5000,-5000,0,0,0,0,0,0,3000,0,0,0,15000,12000,3000,-2000
062125,嘉晶統一9B購01  ,0,0,0,0,0,0,0,0,0,-2000,0,0,0,0,2000,-2000,-2000
062284,華擎群益9C購03  ,0,0,0,0,0,0,0,0,0,-2000,0,0,0,0,2000,-2000,-2000
062310,南亞科凱基9B購02,0,0,0,0,0,0,0,0,0,-2000,0,0,0,0,2000,-2000,-2000
062327,燿華統一9B購02  ,0,0,0,0,0,0,0,0,0,-2000,0,0,0,62000,64000,-2000,-2000
062338,鴻海麥證9B購01  ,0,0,0,0,2000,-2000,0,0,0,-2000,0,0,0,0,2000,-2000,-2000
06244P,智易元富97售02  ,0,0,0,0,0,0,0,0,0,-2000,0,0,0,0,2000,-2000,-2000
062478,牧德國票9B購03  ,0,0,0,0,0,0,0,0,0,-2000,0,0,0,18000,20000,-2000,-2000
062545,嘉晶永豐9B購01  ,0,0,0,0,0,0,0,0,0,-2000,0,0,0,0,2000,-2000,-2000
062520,晶豪科元大9B購02,0,0,0,0,0,0,0,0,0,-2000,0,0,0,69000,71000,-2000,-2000
061486,國巨兆豐9B購02  ,0,0,0,0,0,0,0,0,0,-2000,0,0,0,151000,153000,-2000,-2000
061207,美律元大9A購04  ,0,0,0,0,0,0,0,0,0,-2000,0,0,0,57000,59000,-2000,-2000
061277,智邦台新9A購01  ,0,0,0,0,0,0,0,0,0,-2000,0,0,0,0,2000,-2000,-2000
061653,上証2X國票9A購02,0,0,0,0,0,0,0,0,0,-2000,0,0,0,0,2000,-2000,-2000
061632,SP黃豆元大9A購06,0,0,0,0,0,0,0,0,0,-2000,0,0,0,0,2000,-2000,-2000
061556,台積電國票9A購08,0,0,0,0,0,0,0,0,0,-2000,0,0,0,0,2000,-2000,-2000
061732,智邦中信9B購01  ,0,0,0,0,0,0,0,0,0,-2000,0,0,0,0,2000,-2000,-2000
061771,玉晶光元大9C購04,0,0,0,0,0,0,0,0,0,-2000,0,0,0,6000,8000,-2000,-2000
061813,鴻海群益9B購02  ,0,0,0,0,0,0,0,0,0,-2000,0,0,0,0,2000,-2000,-2000
063824,S&P反1國票9C購01,0,0,0,0,0,0,0,0,0,-2000,0,0,0,0,2000,-2000,-2000
063598,國巨凱基9B購14  ,0,0,0,0,0,0,0,0,0,-2000,0,0,0,18000,20000,-2000,-2000
062827,神基群益9B購01  ,0,0,0,0,0,0,0,0,0,-2000,0,0,0,90000,92000,-2000,-2000
062860,華擎國票9B購02  ,0,0,0,0,0,0,0,0,0,-2000,0,0,0,6000,8000,-2000,-2000
062864,臺股指國票9B購21,0,0,0,0,0,0,0,0,0,-2000,0,0,0,10000,12000,-2000,-2000
063157,鴻海台新9B購02  ,0,0,0,0,0,0,0,0,0,-2000,0,0,0,0,2000,-2000,-2000
063211,道瓊銀國票9B購01,0,0,0,0,0,0,0,0,0,-2000,0,0,0,0,2000,-2000,-2000
062942,嘉澤凱基9B購02  ,0,0,0,0,0,0,0,0,0,-2000,0,0,0,28000,30000,-2000,-2000
8482,商億-KY         ,0,2000,-2000,0,0,0,0,0,0,0,0,0,0,0,0,0,-2000
08307P,台積電凱基9C售03,0,0,0,0,0,0,0,0,0,-3000,0,0,0,0,3000,-3000,-3000
1722,台肥            ,465000,394000,71000,0,0,0,0,1000,-1000,-73000,0,0,0,9000,82000,-73000,-3000
08352P,大立光群益01售02,0,0,0,0,0,0,0,0,0,-3000,0,0,0,0,3000,-3000,-3000
08338P,台灣50凱基9C售11,0,0,0,0,0,0,0,0,0,-3000,0,0,0,0,3000,-3000,-3000
06790P,台積電凱基9A售04,0,0,0,0,0,0,0,0,0,-3000,0,0,0,0,3000,-3000,-3000
06736P,新日興凱基98售03,0,0,0,0,0,0,0,0,0,-3000,0,0,0,200000,203000,-3000,-3000
07148P,富邦金元大99售01,0,0,0,0,0,0,0,0,0,-3000,0,0,0,0,3000,-3000,-3000
07855P,旺宏凱基9A售09  ,0,0,0,0,0,0,0,0,0,-3000,0,0,0,7000,10000,-3000,-3000
07775P,國巨群益9A售10  ,0,0,0,0,0,0,0,0,0,-3000,0,0,0,10000,13000,-3000,-3000
07789P,緯穎群益9A售03  ,0,0,0,0,0,0,0,0,0,-3000,0,0,0,20000,23000,-3000,-3000
07387P,臺股指群益99售25,0,0,0,0,0,0,0,0,0,-3000,0,0,0,2000,5000,-3000,-3000
07609P,台灣50國票9C售04,0,0,0,0,0,0,0,0,0,-3000,0,0,0,0,3000,-3000,-3000
064126,聯發科元大9C購05,0,0,0,0,0,0,0,0,0,-3000,0,0,0,28000,31000,-3000,-3000
063942,台積電元大01購03,0,0,0,0,0,0,0,0,0,-3000,0,0,0,25000,28000,-3000,-3000
06429P,大立光元大97售15,0,0,0,0,0,0,0,0,0,-3000,0,0,0,0,3000,-3000,-3000
064273,華邦電元大9C購02,0,0,0,0,0,0,0,0,0,-3000,0,0,0,127000,130000,-3000,-3000
064191,聯發科中信03購01,0,0,0,0,0,0,0,0,0,-3000,0,0,0,0,3000,-3000,-3000
06673P,大立光群益98售01,0,0,0,0,0,0,0,0,0,-3000,0,0,0,0,3000,-3000,-3000
06631P,玉晶光群益9A售03,0,0,0,0,0,0,0,0,0,-3000,0,0,0,0,3000,-3000,-3000
056200,大毅永豐98購01  ,0,0,0,0,0,0,0,0,0,-3000,0,0,0,3000,6000,-3000,-3000
055626,力山永豐97購01  ,0,0,0,0,0,0,0,0,0,-3000,0,0,0,21000,24000,-3000,-3000
054771,茂林國票98購02  ,0,0,0,0,0,0,0,0,0,-3000,0,0,0,0,3000,-3000,-3000
058151,台積電統一9A購04,0,0,0,0,0,0,0,0,0,-3000,0,0,0,0,3000,-3000,-3000
057306,玉晶光兆豐99購01,0,0,0,0,0,0,0,0,0,-3000,0,0,0,0,3000,-3000,-3000
053635,技嘉永豐96購01  ,0,0,0,0,0,0,0,0,0,-3000,0,0,0,0,3000,-3000,-3000
053174,同欣電群益98購02,0,0,0,0,0,0,0,0,0,-3000,0,0,0,0,3000,-3000,-3000
053114,聯茂兆豐97購01  ,0,0,0,0,0,0,0,0,0,-3000,0,0,0,0,3000,-3000,-3000
053259,卜蜂群益97購01  ,0,0,0,0,0,0,0,0,0,-3000,0,0,0,1000,4000,-3000,-3000
053316,友達群益9A購01  ,0,0,0,0,0,0,0,0,0,-3000,0,0,0,79000,82000,-3000,-3000
053320,華新科群益97購01,0,0,0,0,0,0,0,0,0,-3000,0,0,0,3000,6000,-3000,-3000
053864,義隆元大96購01  ,0,0,0,0,0,0,0,0,0,-3000,0,0,0,7000,10000,-3000,-3000
052354,健策群益96購02  ,0,0,0,0,0,0,0,0,0,-3000,0,0,0,0,3000,-3000,-3000
05710P,禾伸堂國票97售02,0,0,0,0,0,0,0,0,0,-3000,0,0,0,0,3000,-3000,-3000
054576,健策元大98購03  ,0,0,0,0,0,0,0,0,0,-3000,0,0,0,0,3000,-3000,-3000
03810P,大立光富邦98售01,0,0,0,0,0,0,0,0,0,-3000,0,0,0,0,3000,-3000,-3000
020011,統一微波高息20N ,0,0,0,0,0,0,0,0,0,-3000,0,0,0,5000,8000,-3000,-3000
060174,T50反1元富04購01,0,0,0,0,0,0,0,0,0,-3000,0,0,0,0,3000,-3000,-3000
060025,台積電富邦9C購06,0,0,0,0,0,0,0,0,0,-3000,0,0,0,1000,4000,-3000,-3000
060056,大立光凱基9B購01,0,0,0,0,0,0,0,0,0,-3000,0,0,0,8000,11000,-3000,-3000
060220,華新科凱基9A購08,0,0,0,0,0,0,0,0,0,-3000,0,0,0,0,3000,-3000,-3000
060234,凱美元大9C購01  ,0,0,0,0,0,0,0,0,0,-3000,0,0,0,0,3000,-3000,-3000
060264,華新科國票9A購02,0,0,0,0,0,0,0,0,0,-3000,0,0,0,0,3000,-3000,-3000
060526,台積電中信9A購02,0,0,0,0,0,0,0,0,0,-3000,0,0,0,0,3000,-3000,-3000
059034,華通群益9B購02  ,0,0,0,0,0,0,0,0,0,-3000,0,0,0,0,3000,-3000,-3000
058998,鴻海元大99購22  ,0,0,0,0,0,0,0,0,0,-3000,0,0,0,33000,36000,-3000,-3000
05793P,臺股指中信99售08,0,0,0,0,0,0,0,0,0,-3000,0,0,0,0,3000,-3000,-3000
060296,和碩元大9A購01  ,0,0,0,0,0,0,0,0,0,-3000,0,0,0,47000,50000,-3000,-3000
058081,技嘉群益9A購03  ,0,0,0,0,0,0,0,0,0,-3000,0,0,0,0,3000,-3000,-3000
057878,台郡元大99購04  ,0,0,0,0,0,0,0,0,0,-3000,0,0,0,18000,21000,-3000,-3000
057934,華新科群益98購07,0,0,0,0,0,0,0,0,0,-3000,0,0,0,38000,41000,-3000,-3000
059264,台光電中信99購02,0,0,0,0,0,0,0,0,0,-3000,0,0,0,10000,13000,-3000,-3000
059275,可成元大99購05  ,0,0,0,0,0,0,0,0,0,-3000,0,0,0,52000,55000,-3000,-3000
059214,國巨元大99購20  ,0,0,0,0,0,0,0,0,0,-3000,0,0,0,2000,5000,-3000,-3000
059645,祥碩凱基99購05  ,0,0,0,0,0,0,0,0,0,-3000,0,0,0,9000,12000,-3000,-3000
057665,技嘉元大99購01  ,0,0,0,0,0,0,0,0,0,-3000,0,0,0,7000,10000,-3000,-3000
060664,聯詠凱基9A購01  ,0,0,0,0,0,0,0,0,0,-3000,0,0,0,21000,24000,-3000,-3000
061010,上銀麥證9A購02  ,0,0,0,0,3000,-3000,0,0,0,-3000,0,0,0,0,3000,-3000,-3000
061108,臻鼎元大9A購02  ,0,0,0,0,0,0,0,0,0,-3000,0,0,0,7000,10000,-3000,-3000
060788,嘉晶富邦9B購01  ,0,0,0,0,0,0,0,0,0,-3000,0,0,0,0,3000,-3000,-3000
060818,上銀統一9C購01  ,0,0,0,0,0,0,0,0,0,-3000,0,0,0,20000,23000,-3000,-3000
060901,臺股指凱基9A購13,0,0,0,0,0,0,0,0,0,-3000,0,0,0,2000,5000,-3000,-3000
063068,聯發科國泰01購03,0,0,0,0,0,0,0,0,0,-3000,0,0,0,0,3000,-3000,-3000
062696,國巨元大9B購16  ,0,0,0,0,0,0,0,0,0,-3000,0,0,0,0,3000,-3000,-3000
063688,建準永豐9B購03  ,0,0,0,0,0,0,0,0,0,-3000,0,0,0,0,3000,-3000,-3000
063807,超眾兆豐01購01  ,0,0,0,0,0,0,0,0,0,-3000,0,0,0,0,3000,-3000,-3000
063312,台積電群益9B購07,0,0,0,0,0,0,0,0,0,-3000,0,0,0,18000,21000,-3000,-3000
061774,T50反1國票9B購06,0,0,0,0,0,0,0,0,0,-3000,0,0,0,80000,83000,-3000,-3000
061724,訊芯永豐9A購01  ,0,0,0,0,0,0,0,0,0,-3000,0,0,0,68000,71000,-3000,-3000
061705,健策國票9A購06  ,0,0,0,0,0,0,0,0,0,-3000,0,0,0,0,3000,-3000,-3000
061279,鴻海統一9C購04  ,0,0,0,0,0,0,0,0,0,-3000,0,0,0,20000,23000,-3000,-3000
061222,台灣50中信9A購02,0,0,0,0,0,0,0,0,0,-3000,0,0,0,0,3000,-3000,-3000
06139P,台積電中信99售02,0,0,0,0,0,0,0,0,0,-3000,0,0,0,188000,191000,-3000,-3000
061365,國巨國票9B購05  ,0,0,0,0,0,0,0,0,0,-3000,0,0,0,3000,6000,-3000,-3000
062510,台積電國票01購01,0,0,0,0,0,0,0,0,0,-3000,0,0,0,0,3000,-3000,-3000
062535,台積電麥證02購01,0,0,0,0,3000,-3000,0,0,0,-3000,0,0,0,0,3000,-3000,-3000
062482,台表科國票9B購01,0,0,0,0,0,0,0,0,0,-3000,0,0,0,4000,7000,-3000,-3000
062480,茂林國票9B購01  ,0,0,0,0,0,0,0,0,0,-3000,0,0,0,10000,13000,-3000,-3000
062324,上銀統一9B購04  ,0,0,0,0,0,0,0,0,0,-3000,0,0,0,0,3000,-3000,-3000
062147,大毅國票9B購02  ,0,0,0,0,0,0,0,0,0,-3000,0,0,0,50000,53000,-3000,-3000
062083,健策元大9C購03  ,0,0,0,0,0,0,0,0,0,-3000,0,0,0,105000,108000,-3000,-3000
8466,美吉吉-KY       ,0,3000,-3000,0,0,0,0,0,0,0,0,0,0,0,0,0,-3000
06618P,智邦元大98售04  ,0,0,0,0,0,0,0,0,0,-4000,0,0,0,0,4000,-4000,-4000
06657P,寶成元大98售01  ,0,0,0,0,0,0,0,0,0,-4000,0,0,0,78000,82000,-4000,-4000
06570P,大立光永豐98售01,0,0,0,0,0,0,0,0,0,-4000,0,0,0,6000,10000,-4000,-4000
06448P,華通元大99售01  ,0,0,0,0,0,0,0,0,0,-4000,0,0,0,13000,17000,-4000,-4000
064274,燿華元大9C購01  ,0,0,0,0,0,0,0,0,0,-4000,0,0,0,0,4000,-4000,-4000
064306,和潤兆豐01購01  ,0,0,0,0,0,0,0,0,0,-4000,0,0,0,66000,70000,-4000,-4000
06395P,台積電元大97售29,0,0,0,0,0,0,0,0,0,-4000,0,0,0,1000,5000,-4000,-4000
07673P,電子類元大9A售01,0,0,0,0,0,0,0,0,0,-4000,0,0,0,2000,6000,-4000,-4000
07252P,台灣50凱基99售01,0,0,0,0,0,0,0,0,0,-4000,0,0,0,0,4000,-4000,-4000
07253P,台灣50凱基9A售05,0,0,0,0,0,0,0,0,0,-4000,0,0,0,0,4000,-4000,-4000
06796P,臺股指凱基98售06,0,0,0,0,0,0,0,0,0,-4000,0,0,0,0,4000,-4000,-4000
06826P,臺股指國票98售02,0,0,0,0,0,0,0,0,0,-4000,0,0,0,0,4000,-4000,-4000
06931P,大立光元大98售20,0,0,0,0,0,0,0,0,0,-4000,0,0,0,0,4000,-4000,-4000
1541,錩泰            ,1000,4000,-3000,0,0,0,0,0,0,-1000,0,1000,-1000,0,0,0,-4000
1455,集盛            ,160000,164000,-4000,0,0,0,0,0,0,0,0,0,0,0,0,0,-4000
2033,佳大            ,0,4000,-4000,0,0,0,0,0,0,0,0,0,0,0,0,0,-4000
08208P,臺股指群益9B售16,0,0,0,0,0,0,0,0,0,-4000,0,0,0,5000,9000,-4000,-4000
08172P,台積電凱基03售02,0,0,0,0,0,0,0,0,0,-4000,0,0,0,0,4000,-4000,-4000
08019P,緯穎國票9B售02  ,0,0,0,0,0,0,0,0,0,-4000,0,0,0,0,4000,-4000,-4000
07982P,全新群益9B售04  ,0,0,0,0,0,0,0,0,0,-4000,0,0,0,89000,93000,-4000,-4000
5533,皇鼎            ,16000,20000,-4000,0,0,0,0,0,0,0,0,0,0,0,0,0,-4000
5534,長虹            ,227000,159000,68000,0,0,0,0,66000,-66000,-6000,0,6000,-6000,0,0,0,-4000
4763,材料-KY         ,9000,13000,-4000,0,0,0,0,0,0,0,3000,3000,0,0,0,0,-4000
051791,智伸科國票96購01,0,0,0,0,0,0,0,0,0,-4000,0,0,0,5000,9000,-4000,-4000
051849,旺宏中信98購01  ,0,0,0,0,0,0,0,0,0,-4000,0,0,0,425000,429000,-4000,-4000
054061,晶技國票97購03  ,0,0,0,0,0,0,0,0,0,-4000,0,0,0,0,4000,-4000,-4000
057108,潤泰全群益98購01,0,0,0,0,0,0,0,0,0,-4000,0,0,0,0,4000,-4000,-4000
055479,GIS凱基97購04   ,0,0,0,0,0,0,0,0,0,-4000,0,0,0,0,4000,-4000,-4000
057300,訊連永豐98購01  ,0,0,0,0,0,0,0,0,0,-4000,0,0,0,0,4000,-4000,-4000
059836,大立光國泰9B購02,0,0,0,0,0,0,0,0,0,-4000,0,0,0,56000,60000,-4000,-4000
056722,滬深反中信9B購01,0,0,0,0,0,0,0,0,0,-4000,0,0,0,0,4000,-4000,-4000
055176,大毅統一98購02  ,0,0,0,0,0,0,0,0,0,-4000,0,0,0,2000,6000,-4000,-4000
055200,和大群益98購01  ,0,0,0,0,0,0,0,0,0,-4000,0,0,0,6000,10000,-4000,-4000
056177,嘉澤元富97購01  ,0,0,0,0,0,0,0,0,0,-4000,0,0,0,6000,10000,-4000,-4000
056237,智邦群益97購02  ,0,0,0,0,0,0,0,0,0,-4000,0,0,0,0,4000,-4000,-4000
060907,金像電元大9A購02,0,0,0,0,0,0,0,0,0,-4000,0,0,0,35000,39000,-4000,-4000
060966,台表科凱基9B購01,0,0,0,0,0,0,0,0,0,-4000,0,0,0,22000,26000,-4000,-4000
060939,鴻海國票9A購06  ,0,0,0,0,0,0,0,0,0,-4000,0,0,0,37000,41000,-4000,-4000
061132,志超永豐9A購01  ,0,0,0,0,0,0,0,0,0,-4000,0,0,0,280000,284000,-4000,-4000
059168,奇力新凱基99購05,0,0,0,0,0,0,0,0,0,-4000,0,0,0,6000,10000,-4000,-4000
057604,鴻海統一9C購01  ,0,0,0,0,0,0,0,0,0,-4000,0,0,0,2000,6000,-4000,-4000
058387,國巨國票9A購03  ,0,0,0,0,0,0,0,0,0,-4000,0,0,0,19000,23000,-4000,-4000
058362,聯發科凱基99購06,0,0,0,0,0,0,0,0,0,-4000,0,0,0,0,4000,-4000,-4000
059663,旭富元大9C購02  ,0,0,0,0,0,0,0,0,0,-4000,0,0,0,1000,5000,-4000,-4000
057558,致新凱基98購01  ,0,0,0,0,0,0,0,0,0,-4000,0,0,0,6000,10000,-4000,-4000
057575,世紀鋼永豐98購02,0,0,0,0,0,0,0,0,0,-4000,0,0,0,24000,28000,-4000,-4000
057548,微星凱基99購01  ,0,0,0,0,0,0,0,0,0,-4000,0,0,0,60000,64000,-4000,-4000
059302,大立光群益99購08,0,0,0,0,0,0,0,0,0,-4000,0,0,0,0,4000,-4000,-4000
059277,群創元大99購05  ,0,0,0,0,0,0,0,0,0,-4000,0,0,0,64000,68000,-4000,-4000
058892,元油2X元大9C購08,0,0,0,0,0,0,0,0,0,-4000,0,0,0,0,4000,-4000,-4000
058819,華通國泰9B購01  ,0,0,0,0,0,0,0,0,0,-4000,0,0,0,0,4000,-4000,-4000
058295,欣興凱基99購02  ,0,0,0,0,0,0,0,0,0,-4000,0,0,0,155000,159000,-4000,-4000
058292,上銀凱基9A購01  ,0,0,0,0,0,0,0,0,0,-4000,0,0,0,0,4000,-4000,-4000
060267,上緯控國票9C購01,0,0,0,0,0,0,0,0,0,-4000,0,0,0,0,4000,-4000,-4000
060477,和潤元大9A購01  ,0,0,0,0,0,0,0,0,0,-4000,0,0,0,3000,7000,-4000,-4000
062371,健策元大9B購08  ,0,0,0,0,0,0,0,0,0,-4000,0,0,0,108000,112000,-4000,-4000
062359,旺宏元大9C購02  ,0,0,0,0,0,0,0,0,0,-4000,0,0,0,5000,9000,-4000,-4000
062389,台表科國泰01購01,0,0,0,0,0,0,0,0,0,-4000,0,0,0,29000,33000,-4000,-4000
062475,道瓊反國票9B購02,0,0,0,0,0,0,0,0,0,-4000,0,0,0,0,4000,-4000,-4000
061358,世紀鋼元大9A購04,0,0,0,0,0,0,0,0,0,-4000,0,0,0,79000,83000,-4000,-4000
06116P,臺股指日盛97售01,0,0,0,0,0,0,0,0,0,-4000,0,0,0,12000,16000,-4000,-4000
061255,道瓊反凱基9C購01,0,0,0,0,0,0,0,0,0,-4000,0,0,0,0,4000,-4000,-4000
06173P,華通元大97售02  ,0,0,0,0,0,0,0,0,0,-4000,0,0,0,0,4000,-4000,-4000
061682,南電元大9B購01  ,0,0,0,0,0,0,0,0,0,-4000,0,0,0,0,4000,-4000,-4000
063287,嘉澤元大9B購05  ,0,0,0,0,0,0,0,0,0,-4000,0,0,0,22000,26000,-4000,-4000
063366,台表科富邦9C購02,0,0,0,0,0,0,0,0,0,-4000,0,0,0,6000,10000,-4000,-4000
062744,超眾國泰9C購01  ,0,0,0,0,0,0,0,0,0,-4000,0,0,0,0,4000,-4000,-4000
062663,聯發科群益9B購07,0,0,0,0,0,0,0,0,0,-4000,0,0,0,36000,40000,-4000,-4000
063118,中鋼元大9C購01  ,0,0,0,0,0,0,0,0,0,-4000,0,0,0,210000,214000,-4000,-4000
8072,陞泰            ,23000,27000,-4000,0,0,0,0,0,0,0,0,0,0,0,0,0,-4000
4720,德淵            ,180000,185000,-5000,0,0,0,0,0,0,0,0,0,0,0,0,0,-5000
5284,jpp-KY          ,36000,42000,-6000,0,0,0,0,0,0,1000,1000,0,1000,0,0,0,-5000
3494,誠研            ,0,5000,-5000,0,0,0,0,0,0,0,0,0,0,0,0,0,-5000
3702A,大聯大甲特      ,0,0,0,0,0,0,0,0,0,-5000,0,0,0,0,5000,-5000,-5000
2887F,台新戊特二      ,0,0,0,0,0,0,0,0,0,-5000,0,5000,-5000,0,0,0,-5000
2460,建通            ,5000,10000,-5000,0,0,0,0,0,0,0,0,0,0,0,0,0,-5000
08095P,大立光元富9B售03,0,0,0,0,0,0,0,0,0,-5000,0,0,0,20000,25000,-5000,-5000
08167P,台積電兆豐9B售04,0,0,0,0,0,0,0,0,0,-5000,0,0,0,0,5000,-5000,-5000
08261P,玉晶光元大9C售08,0,0,0,0,0,0,0,0,0,-5000,0,0,0,0,5000,-5000,-5000
1447,力鵬            ,110000,115000,-5000,0,0,0,0,0,0,0,0,0,0,0,0,0,-5000
08344P,旺宏元大01售02  ,0,0,0,0,0,0,0,0,0,-5000,0,0,0,0,5000,-5000,-5000
06983P,台積電國泰9A售02,0,0,0,0,0,0,0,0,0,-5000,0,0,0,1000,6000,-5000,-5000
06923P,鴻海群益98售09  ,0,0,0,0,0,0,0,0,0,-5000,0,0,0,0,5000,-5000,-5000
06890P,金融類元大98售02,0,0,0,0,0,0,0,0,0,-5000,0,0,0,0,5000,-5000,-5000
06824P,台灣50國票99售02,0,0,0,0,0,0,0,0,0,-5000,0,0,0,20000,25000,-5000,-5000
07259P,滬深2X國票01售01,0,0,0,0,0,0,0,0,0,-5000,0,0,0,0,5000,-5000,-5000
07103P,南電元大99售04  ,0,0,0,0,0,0,0,0,0,-5000,0,0,0,0,5000,-5000,-5000
07104P,聯發科元富99售04,0,0,0,0,0,0,0,0,0,-5000,0,0,0,0,5000,-5000,-5000
07082P,美律元大99售06  ,0,0,0,0,0,0,0,0,0,-5000,0,0,0,67000,72000,-5000,-5000
07030P,鈺齊群益99售01  ,0,0,0,0,0,0,0,0,0,-5000,0,0,0,0,5000,-5000,-5000
07014P,華通元大99售04  ,0,0,0,0,0,0,0,0,0,-5000,0,0,0,4000,9000,-5000,-5000
07741P,滬深2X凱基9B售04,0,0,0,0,0,0,0,0,0,-5000,0,0,0,5000,10000,-5000,-5000
07887P,台積電國票9C售03,0,0,0,0,0,0,0,0,0,-5000,0,0,0,0,5000,-5000,-5000
07388P,臺股指群益9C售07,0,0,0,0,0,0,0,0,0,-5000,0,0,0,0,5000,-5000,-5000
07415P,台積電元大99售52,0,0,0,0,0,0,0,0,0,-5000,0,0,0,8000,13000,-5000,-5000
07435P,台積電富邦9C售07,0,0,0,0,0,0,0,0,0,-5000,0,0,0,0,5000,-5000,-5000
07293P,臺股指凱基99售45,0,0,0,0,0,0,0,0,0,-5000,0,0,0,0,5000,-5000,-5000
07363P,大立光元大99售26,0,0,0,0,0,0,0,0,0,-5000,0,0,0,0,5000,-5000,-5000
063966,大毅國票01購01  ,0,0,0,0,0,0,0,0,0,-5000,0,0,0,0,5000,-5000,-5000
06407P,創意元富97售02  ,0,0,0,0,0,0,0,0,0,-5000,0,0,0,0,5000,-5000,-5000
064307,聚陽群益9C購03  ,0,0,0,0,0,0,0,0,0,-5000,0,0,0,0,5000,-5000,-5000
064291,南六元大9C購04  ,0,0,0,0,0,0,0,0,0,-5000,0,0,0,50000,55000,-5000,-5000
064385,台積電富邦03購02,0,0,0,0,0,0,0,0,0,-5000,0,0,0,0,5000,-5000,-5000
064394,全新永豐9C購02  ,0,0,0,0,0,0,0,0,0,-5000,0,0,0,0,5000,-5000,-5000
064209,燿華凱基01購01  ,0,0,0,0,0,0,0,0,0,-5000,0,0,0,0,5000,-5000,-5000
06424P,大成鋼永豐97售01,0,0,0,0,0,0,0,0,0,-5000,0,0,0,80000,85000,-5000,-5000
06597P,國巨富邦9A售05  ,0,0,0,0,0,0,0,0,0,-5000,0,0,0,15000,20000,-5000,-5000
06558P,旺宏元富98售02  ,0,0,0,0,0,0,0,0,0,-5000,0,0,0,13000,18000,-5000,-5000
05620P,大立光富邦9B售01,0,0,0,0,0,0,0,0,0,-5000,0,0,0,5000,10000,-5000,-5000
056130,新日興麥證97購01,0,0,0,0,5000,-5000,0,0,0,-5000,0,0,0,0,5000,-5000,-5000
055890,鴻海統一99購01  ,0,0,0,0,0,0,0,0,0,-5000,0,0,0,0,5000,-5000,-5000
055824,臺股指國票97購11,0,0,0,0,0,0,0,0,0,-5000,0,0,0,25000,30000,-5000,-5000
057034,道瓊反元大9B購01,0,0,0,0,0,0,0,0,0,-5000,0,0,0,0,5000,-5000,-5000
056953,智邦富邦98購02  ,0,0,0,0,0,0,0,0,0,-5000,0,0,0,0,5000,-5000,-5000
059870,全新凱基99購05  ,0,0,0,0,0,0,0,0,0,-5000,0,0,0,0,5000,-5000,-5000
058960,臺股指國票99購05,0,0,0,0,0,0,0,0,0,-5000,0,0,0,0,5000,-5000,-5000
059913,台積電元大99購44,0,0,0,0,0,0,0,0,0,-5000,0,0,0,50000,55000,-5000,-5000
059944,欣興永豐99購03  ,0,0,0,0,0,0,0,0,0,-5000,0,0,0,14000,19000,-5000,-5000
056422,全新統一98購02  ,0,0,0,0,0,0,0,0,0,-5000,0,0,0,0,5000,-5000,-5000
055333,晶豪科兆豐97購01,0,0,0,0,0,0,0,0,0,-5000,0,0,0,0,5000,-5000,-5000
052434,茂林國泰97購01  ,0,0,0,0,0,0,0,0,0,-5000,0,0,0,0,5000,-5000,-5000
054451,上銀亞東98購01  ,0,0,0,0,0,0,0,0,0,-5000,0,0,0,0,5000,-5000,-5000
053282,彩晶元大9C購01  ,0,0,0,0,0,0,0,0,0,-5000,0,0,0,0,5000,-5000,-5000
053115,滬深2X中信97購01,0,0,0,0,0,0,0,0,0,-5000,0,0,0,0,5000,-5000,-5000
053971,聯發科元大97購09,0,0,0,0,0,0,0,0,0,-5000,0,0,0,0,5000,-5000,-5000
03669C,滬深2X元富09牛01,0,0,0,0,0,0,0,0,0,-5000,0,0,0,0,5000,-5000,-5000
03670C,元油2X元富99牛01,0,0,0,0,0,0,0,0,0,-5000,0,0,0,0,5000,-5000,-5000
050561,上証2X元富97購01,0,0,0,0,0,0,0,0,0,-5000,0,0,0,200000,205000,-5000,-5000
052838,新唐國泰98購01  ,0,0,0,0,0,0,0,0,0,-5000,0,0,0,30000,35000,-5000,-5000
054319,世紀鋼凱基96購02,0,0,0,0,0,0,0,0,0,-5000,0,0,0,5000,10000,-5000,-5000
052112,滬深2X中信99購01,0,0,0,0,0,0,0,0,0,-5000,0,0,0,0,5000,-5000,-5000
046476,鴻海統一96購01  ,0,0,0,0,0,0,0,0,0,-5000,0,0,0,10000,15000,-5000,-5000
00702,國泰標普低波高息,0,0,0,0,0,0,0,0,0,-5000,0,0,0,88000,93000,-5000,-5000
00666R,富邦恒生國企反1 ,0,0,0,0,0,0,0,0,0,-5000,0,0,0,91000,96000,-5000,-5000
060290,興富發元大9C購01,0,0,0,0,0,0,0,0,0,-5000,0,0,0,15000,20000,-5000,-5000
060342,台積電統一02購01,0,0,0,0,0,0,0,0,0,-5000,0,0,0,23000,28000,-5000,-5000
060366,健策元富9A購01  ,0,0,0,0,0,0,0,0,0,-5000,0,0,0,0,5000,-5000,-5000
060013,S&P正2康和99購01,0,0,0,0,0,0,0,0,0,-5000,0,0,0,5000,10000,-5000,-5000
058243,華擎元大99購01  ,0,0,0,0,0,0,0,0,0,-5000,0,0,0,0,5000,-5000,-5000
060617,華新科元大9A購08,0,0,0,0,0,0,0,0,0,-5000,0,0,0,1000,6000,-5000,-5000
060448,道瓊反元大9A購04,0,0,0,0,0,0,0,0,0,-5000,0,0,0,0,5000,-5000,-5000
060469,台勝科元大9A購02,0,0,0,0,0,0,0,0,0,-5000,0,0,0,96000,101000,-5000,-5000
058084,大立光群益98購04,0,0,0,0,0,0,0,0,0,-5000,0,0,0,0,5000,-5000,-5000
057948,嘉聯益國票99購02,0,0,0,0,0,0,0,0,0,-5000,0,0,0,17000,22000,-5000,-5000
057963,緯穎元大98購08  ,0,0,0,0,0,0,0,0,0,-5000,0,0,0,13000,18000,-5000,-5000
058023,南電凱基98購02  ,0,0,0,0,0,0,0,0,0,-5000,0,0,0,0,5000,-5000,-5000
058015,旺宏凱基99購02  ,0,0,0,0,0,0,0,0,0,-5000,0,0,0,0,5000,-5000,-5000
058978,SGBR2X凱基9A購03,0,0,0,0,0,0,0,0,0,-5000,0,0,0,0,5000,-5000,-5000
059004,嘉晶元大99購05  ,0,0,0,0,0,0,0,0,0,-5000,0,0,0,0,5000,-5000,-5000
058608,華新科元大99購13,0,0,0,0,0,0,0,0,0,-5000,0,0,0,0,5000,-5000,-5000
057895,全新元富9B購01  ,0,0,0,0,0,0,0,0,0,-5000,0,0,0,0,5000,-5000,-5000
057480,技嘉元大98購03  ,0,0,0,0,0,0,0,0,0,-5000,0,0,0,9000,14000,-5000,-5000
057179,可成元大98購04  ,0,0,0,0,0,0,0,0,0,-5000,0,0,0,0,5000,-5000,-5000
057169,微星元大98購01  ,0,0,0,0,0,0,0,0,0,-5000,0,0,0,10000,15000,-5000,-5000
057751,神達國票99購02  ,0,0,0,0,0,0,0,0,0,-5000,0,0,0,0,5000,-5000,-5000
059076,FBVIX元大99購04 ,0,0,0,0,0,0,0,0,0,-5000,0,0,0,0,5000,-5000,-5000
058885,元石油元大9C購02,0,0,0,0,0,0,0,0,0,-5000,0,0,0,0,5000,-5000,-5000
058831,茂林永豐99購01  ,0,0,0,0,0,0,0,0,0,-5000,0,0,0,0,5000,-5000,-5000
059466,國巨元大99購26  ,0,0,0,0,0,0,0,0,0,-5000,0,0,0,0,5000,-5000,-5000
059415,台灣50元大9A購03,0,0,0,0,0,0,0,0,0,-5000,0,0,0,0,5000,-5000,-5000
059396,T50反1元富99購04,0,0,0,0,0,0,0,0,0,-5000,0,0,0,0,5000,-5000,-5000
059573,健策凱基9A購02  ,0,0,0,0,0,0,0,0,0,-5000,0,0,0,0,5000,-5000,-5000
057531,禾伸堂元大99購04,0,0,0,0,0,0,0,0,0,-5000,0,0,0,30000,35000,-5000,-5000
059719,台積電元大99購42,0,0,0,0,0,0,0,0,0,-5000,0,0,0,9000,14000,-5000,-5000
058374,玉晶光凱基9A購03,0,0,0,0,0,0,0,0,0,-5000,0,0,0,1000,6000,-5000,-5000
058405,訊連元大99購02  ,0,0,0,0,0,0,0,0,0,-5000,0,0,0,95000,100000,-5000,-5000
058443,T50正2富邦01購01,0,0,0,0,0,0,0,0,0,-5000,0,0,0,0,5000,-5000,-5000
059173,矽力凱基99購01  ,0,0,0,0,0,0,0,0,0,-5000,0,0,0,0,5000,-5000,-5000
059183,T50反1台新03購02,0,0,0,0,0,0,0,0,0,-5000,0,0,0,0,5000,-5000,-5000
060734,華通統一9C購01  ,0,0,0,0,0,0,0,0,0,-5000,0,0,0,0,5000,-5000,-5000
060760,南亞科元大9A購04,0,0,0,0,0,0,0,0,0,-5000,0,0,0,55000,60000,-5000,-5000
061119,國巨永豐9A購03  ,0,0,0,0,0,0,0,0,0,-5000,0,0,0,0,5000,-5000,-5000
060989,國泰金元大9A購02,0,0,0,0,0,0,0,0,0,-5000,0,0,0,45000,50000,-5000,-5000
060886,國巨統一01購03  ,0,0,0,0,0,0,0,0,0,-5000,0,0,0,0,5000,-5000,-5000
060856,健策富邦9B購02  ,0,0,0,0,0,0,0,0,0,-5000,0,0,0,0,5000,-5000,-5000
060884,超眾中信9B購01  ,0,0,0,0,0,0,0,0,0,-5000,0,0,0,0,5000,-5000,-5000
063004,臺指反元大02購14,0,0,0,0,0,0,0,0,0,-5000,0,0,0,0,5000,-5000,-5000
062644,中環國泰9C購01  ,0,0,0,0,0,0,0,0,0,-5000,0,0,0,0,5000,-5000,-5000
063410,南六國票9C購01  ,0,0,0,0,0,0,0,0,0,-5000,0,0,0,0,5000,-5000,-5000
063324,道瓊反國票9B購03,0,0,0,0,0,0,0,0,0,-5000,0,0,0,20000,25000,-5000,-5000
063501,旭富永豐9B購02  ,0,0,0,0,0,0,0,0,0,-5000,0,0,0,23000,28000,-5000,-5000
063535,聯發科統一9B購13,0,0,0,0,0,0,0,0,0,-5000,0,0,0,149000,154000,-5000,-5000
063733,聯發科元大9B購27,0,0,0,0,0,0,0,0,0,-5000,0,0,0,117000,122000,-5000,-5000
063843,台積電元大9C購03,0,0,0,0,0,0,0,0,0,-5000,0,0,0,0,5000,-5000,-5000
063652,國泰金台新9B購01,0,0,0,0,0,0,0,0,0,-5000,0,0,0,0,5000,-5000,-5000
063708,上銀凱基9B購06  ,0,0,0,0,0,0,0,0,0,-5000,0,0,0,20000,25000,-5000,-5000
063631,燿華元大9B購06  ,0,0,0,0,0,0,0,0,0,-5000,0,0,0,25000,30000,-5000,-5000
061681,南電元大9A購08  ,0,0,0,0,0,0,0,0,0,-5000,0,0,0,0,5000,-5000,-5000
061699,燿華國票9A購01  ,0,0,0,0,0,0,0,0,0,-5000,0,0,0,48000,53000,-5000,-5000
061666,友達中信01購01  ,0,0,0,0,0,0,0,0,0,-5000,0,0,0,80000,85000,-5000,-5000
061658,聯茂富邦9A購03  ,0,0,0,0,0,0,0,0,0,-5000,0,0,0,0,5000,-5000,-5000
061644,健策元大9C購02  ,0,0,0,0,0,0,0,0,0,-5000,0,0,0,67000,72000,-5000,-5000
061569,旺宏元大9A購14  ,0,0,0,0,0,0,0,0,0,-5000,0,0,0,6000,11000,-5000,-5000
061263,微星凱基9A購01  ,0,0,0,0,0,0,0,0,0,-5000,0,0,0,0,5000,-5000,-5000
061284,友達統一9C購01  ,0,0,0,0,0,0,0,0,0,-5000,0,0,0,0,5000,-5000,-5000
062536,玉晶光麥證9B購01,0,0,0,2000,6000,-4000,0,0,0,-5000,0,0,0,3000,8000,-5000,-5000
062561,瀚宇博凱基9B購01,0,0,0,0,0,0,0,0,0,-5000,0,0,0,68000,73000,-5000,-5000
062366,義隆元大9B購04  ,0,0,0,0,0,0,0,0,0,-5000,0,0,0,91000,96000,-5000,-5000
062317,祥碩凱基9B購03  ,0,0,0,0,0,0,0,0,0,-5000,0,0,0,15000,20000,-5000,-5000
062314,玉晶光凱基9B購06,0,0,0,0,0,0,0,0,0,-5000,0,0,0,16000,21000,-5000,-5000
061973,上銀元大9B購01  ,0,0,0,0,0,0,0,0,0,-5000,0,0,0,0,5000,-5000,-5000
911622,泰聚亨-DR       ,0,0,0,0,0,0,0,0,0,-5000,0,5000,-5000,0,0,0,-5000
4904,遠傳            ,1156277,1344272,-187995,0,0,0,1000,32000,-31000,213000,218000,0,218000,0,5000,-5000,-5995
5305,敦南            ,109000,115000,-6000,0,0,0,0,0,0,0,0,0,0,0,0,0,-6000
5525,順天            ,1000,7000,-6000,0,0,0,0,0,0,0,0,0,0,0,0,0,-6000
6197,佳必琪          ,27000,33000,-6000,0,0,0,0,0,0,0,0,0,0,0,0,0,-6000
2397,友通            ,0,6000,-6000,0,0,0,0,0,0,0,0,0,0,0,0,0,-6000
2748,雲品            ,21000,27000,-6000,0,0,0,0,0,0,0,0,0,0,0,0,0,-6000
1504,東元            ,1095000,1779000,-684000,0,0,0,0,3000,-3000,681000,128000,44000,84000,678000,81000,597000,-6000
08268P,臺股指元大9C售06,0,0,0,0,0,0,0,0,0,-6000,0,0,0,0,6000,-6000,-6000
064365,美食統一01購02  ,0,0,0,0,0,0,0,0,0,-6000,0,0,0,0,6000,-6000,-6000
063937,上銀元大9C購02  ,0,0,0,0,0,0,0,0,0,-6000,0,0,0,4000,10000,-6000,-6000
063909,旺宏凱基02購01  ,0,0,0,0,0,0,0,0,0,-6000,0,0,0,2000,8000,-6000,-6000
07385P,緯穎群益99售04  ,0,0,0,0,0,0,0,0,0,-6000,0,0,0,0,6000,-6000,-6000
07667P,亞德客元大9A售05,0,0,0,0,0,0,0,0,0,-6000,0,0,0,121000,127000,-6000,-6000
07272P,台灣50元大9C售05,0,0,0,0,0,0,0,0,0,-6000,0,0,0,0,6000,-6000,-6000
07134P,臺股指元大9A售28,0,0,0,0,0,0,0,0,0,-6000,0,0,0,0,6000,-6000,-6000
06980P,緯穎永豐99售02  ,0,0,0,0,0,0,0,0,0,-6000,0,0,0,20000,26000,-6000,-6000
06960P,國巨凱基99售08  ,0,0,0,0,0,0,0,0,0,-6000,0,0,0,0,6000,-6000,-6000
0057,富邦摩台        ,0,0,0,0,0,0,0,0,0,-6000,0,0,0,20000,26000,-6000,-6000
00732,國泰RMB短期報酬 ,0,0,0,0,0,0,0,0,0,-6000,0,0,0,100000,106000,-6000,-6000
01003T,兆豐新光R1      ,0,6000,-6000,0,0,0,0,0,0,0,0,0,0,0,0,0,-6000
03419B,臺股指元富99熊03,0,0,0,0,0,0,0,0,0,-6000,0,0,0,0,6000,-6000,-6000
054154,智易國泰97購01  ,0,0,0,0,0,0,0,0,0,-6000,0,0,0,0,6000,-6000,-6000
035276,南亞科台新97購01,0,0,0,0,0,0,0,0,0,-6000,0,0,0,6000,12000,-6000,-6000
04454P,大立光富邦98售02,0,0,0,0,0,0,0,0,0,-6000,0,0,0,0,6000,-6000,-6000
053979,健策元大98購01  ,0,0,0,0,0,0,0,0,0,-6000,0,0,0,0,6000,-6000,-6000
052489,義隆國票96購02  ,0,0,0,0,0,0,0,0,0,-6000,0,0,0,0,6000,-6000,-6000
056415,聯發科中信98購04,0,0,0,0,0,0,0,0,0,-6000,0,0,0,4000,10000,-6000,-6000
05538P,玉晶光國票97售02,0,0,0,0,0,0,0,0,0,-6000,0,0,0,124000,130000,-6000,-6000
059860,台積電群益9A購02,0,0,0,0,0,0,0,0,0,-6000,0,0,0,34000,40000,-6000,-6000
058115,台光電中信99購01,0,0,0,0,0,0,0,0,0,-6000,0,0,0,0,6000,-6000,-6000
058912,祥碩元大99購01  ,0,0,0,0,0,0,0,0,0,-6000,0,0,0,55000,61000,-6000,-6000
056277,上銀富邦99購02  ,0,0,0,0,0,0,0,0,0,-6000,0,0,0,54000,60000,-6000,-6000
056323,旺宏兆豐98購01  ,0,0,0,0,0,0,0,0,0,-6000,0,0,0,14000,20000,-6000,-6000
056582,易華電元大98購01,0,0,0,0,0,0,0,0,0,-6000,0,0,0,74000,80000,-6000,-6000
055804,祥碩永豐97購02  ,0,0,0,0,0,0,0,0,0,-6000,0,0,0,19000,25000,-6000,-6000
056107,智易永豐97購02  ,0,0,0,0,0,0,0,0,0,-6000,0,0,0,20000,26000,-6000,-6000
056094,大立光元富97購03,0,0,0,0,0,0,0,0,0,-6000,0,0,0,0,6000,-6000,-6000
054923,晶技凱基98購01  ,0,0,0,0,0,0,0,0,0,-6000,0,0,0,29000,35000,-6000,-6000
06083P,華通統一98售02  ,0,0,0,0,0,0,0,0,0,-6000,0,0,0,0,6000,-6000,-6000
060940,國巨國票9B購03  ,0,0,0,0,0,0,0,0,0,-6000,0,0,0,7000,13000,-6000,-6000
061092,可成統一9C購02  ,0,0,0,0,0,0,0,0,0,-6000,0,0,0,106000,112000,-6000,-6000
059707,健策凱基9A購03  ,0,0,0,0,0,0,0,0,0,-6000,0,0,0,0,6000,-6000,-6000
058795,可成元大99購03  ,0,0,0,0,0,0,0,0,0,-6000,0,0,0,31000,37000,-6000,-6000
058620,滬深2X國票9A購02,0,0,0,0,0,0,0,0,0,-6000,0,0,0,0,6000,-6000,-6000
058552,欣興永豐99購01  ,0,0,0,0,0,0,0,0,0,-6000,0,0,0,0,6000,-6000,-6000
058308,全新元大9B購01  ,0,0,0,0,0,0,0,0,0,-6000,0,0,0,0,6000,-6000,-6000
060202,康友元富9A購01  ,0,0,0,0,0,0,0,0,0,-6000,0,0,0,25000,31000,-6000,-6000
061930,臺股指凱基9B購05,0,0,0,0,0,0,0,0,0,-6000,0,0,0,0,6000,-6000,-6000
061897,泰碩永豐9B購01  ,0,0,0,0,0,0,0,0,0,-6000,0,0,0,0,6000,-6000,-6000
061983,華新科元大9B購04,0,0,0,0,0,0,0,0,0,-6000,0,0,0,0,6000,-6000,-6000
062244,臺指反元大02購05,0,0,0,0,0,0,0,0,0,-6000,0,0,0,0,6000,-6000,-6000
062334,健策統一9B購02  ,0,0,0,0,0,0,0,0,0,-6000,0,0,0,141000,147000,-6000,-6000
062331,大立光統一9B購10,0,0,0,0,0,0,0,0,0,-6000,0,0,0,50000,56000,-6000,-6000
062559,嘉晶凱基9B購02  ,0,0,0,0,0,0,0,0,0,-6000,0,0,0,0,6000,-6000,-6000
062484,臺股指國票9B購10,0,0,0,0,0,0,0,0,0,-6000,0,0,0,0,6000,-6000,-6000
061264,全新凱基9B購01  ,0,0,0,0,0,0,0,0,0,-6000,0,0,0,10000,16000,-6000,-6000
061191,可成永豐9A購02  ,0,0,0,0,0,0,0,0,0,-6000,0,0,0,0,6000,-6000,-6000
061607,台表科凱基9B購02,0,0,0,0,0,0,0,0,0,-6000,0,0,0,111000,117000,-6000,-6000
061698,智邦國票9A購04  ,0,0,0,0,0,0,0,0,0,-6000,0,0,0,0,6000,-6000,-6000
063605,健策凱基9C購02  ,0,0,0,0,0,0,0,0,0,-6000,0,0,0,60000,66000,-6000,-6000
063734,可成元大9B購04  ,0,0,0,0,0,0,0,0,0,-6000,0,0,0,5000,11000,-6000,-6000
063747,國巨國票9C購06  ,0,0,0,0,0,0,0,0,0,-6000,0,0,0,0,6000,-6000,-6000
06259P,臺股指群益97售12,0,0,0,0,0,0,0,0,0,-6000,0,0,0,0,6000,-6000,-6000
062939,奇力新凱基9B購02,0,0,0,0,0,0,0,0,0,-6000,0,0,0,0,6000,-6000,-6000
063046,聯發科兆豐9C購01,0,0,0,0,0,0,0,0,0,-6000,0,0,0,0,6000,-6000,-6000
063192,技嘉台新9B購01  ,0,0,0,0,0,0,0,0,0,-6000,0,0,0,9000,15000,-6000,-6000
07137P,大立光中信9B售01,0,0,0,0,0,0,0,0,0,-7000,0,0,0,0,7000,-7000,-7000
07233P,台灣50元大99售04,0,0,0,0,0,0,0,0,0,-7000,0,0,0,0,7000,-7000,-7000
064275,台光電元大9C購03,0,0,0,0,0,0,0,0,0,-7000,0,0,0,70000,77000,-7000,-7000
06583P,可成凱基98售07  ,0,0,0,0,0,0,0,0,0,-7000,0,0,0,33000,40000,-7000,-7000
08115P,聯發科凱基9B售13,0,0,0,0,0,0,0,0,0,-7000,0,0,0,10000,17000,-7000,-7000
1468,昶和            ,3000,10000,-7000,0,0,0,0,0,0,0,0,0,0,0,0,0,-7000
1338,廣華-KY         ,77000,84000,-7000,0,0,0,0,0,0,0,0,0,0,0,0,0,-7000
6139,亞翔            ,41000,49000,-8000,0,0,0,1000,0,1000,0,0,0,0,0,0,0,-7000
056548,瀚宇博凱基98購02,0,0,0,0,0,0,0,0,0,-7000,0,0,0,7000,14000,-7000,-7000
056162,祥碩凱基97購03  ,0,0,0,0,0,0,0,0,0,-7000,0,0,0,34000,41000,-7000,-7000
055919,景碩凱基98購02  ,0,0,0,0,0,0,0,0,0,-7000,0,0,0,38000,45000,-7000,-7000
056744,麗豐凱基9A購01  ,0,0,0,0,0,0,0,0,0,-7000,0,0,0,0,7000,-7000,-7000
058110,光寶科元富98購01,0,0,0,0,0,0,0,0,0,-7000,0,0,0,33000,40000,-7000,-7000
059878,聯茂凱基99購07  ,0,0,0,0,0,0,0,0,0,-7000,0,0,0,20000,27000,-7000,-7000
046628,大立光統一98購01,0,0,0,0,0,0,0,0,0,-7000,0,0,0,236000,243000,-7000,-7000
052130,國巨凱基9B購01  ,0,0,0,0,0,0,0,0,0,-7000,0,0,0,0,7000,-7000,-7000
051830,健策元大97購01  ,0,0,0,0,0,0,0,0,0,-7000,0,0,0,0,7000,-7000,-7000
060209,喬山康和9A購01  ,0,0,0,0,0,0,0,0,0,-7000,0,0,0,60000,67000,-7000,-7000
058200,世芯康和99購01  ,0,0,0,0,0,0,0,0,0,-7000,0,0,0,362000,369000,-7000,-7000
058019,美律凱基99購04  ,0,0,0,0,0,0,0,0,0,-7000,0,0,0,0,7000,-7000,-7000
059007,南電元大99購05  ,0,0,0,0,0,0,0,0,0,-7000,0,0,0,36000,43000,-7000,-7000
059030,奇力新兆豐99購03,0,0,0,0,0,0,0,0,0,-7000,0,0,0,0,7000,-7000,-7000
057479,致茂元大98購03  ,0,0,0,0,0,0,0,0,0,-7000,0,0,0,4000,11000,-7000,-7000
058777,台光電國票9A購01,0,0,0,0,0,0,0,0,0,-7000,0,0,0,2000,9000,-7000,-7000
058847,國巨群益99購05  ,0,0,0,0,0,0,0,0,0,-7000,0,0,0,0,7000,-7000,-7000
058353,國巨凱基99購09  ,0,0,0,0,0,0,0,0,0,-7000,0,0,0,8000,15000,-7000,-7000
061142,南電統一9A購01  ,0,0,0,0,0,0,0,0,0,-7000,0,0,0,0,7000,-7000,-7000
061037,嘉澤永豐9A購01  ,0,0,0,0,0,0,0,0,0,-7000,0,0,0,10000,17000,-7000,-7000
059197,可成永豐99購02  ,0,0,0,0,0,0,0,0,0,-7000,0,0,0,50000,57000,-7000,-7000
063790,南亞科台新9C購01,0,0,0,0,0,0,0,0,0,-7000,0,0,0,0,7000,-7000,-7000
063593,GIS永豐9B購01   ,0,0,0,0,0,0,0,0,0,-7000,0,0,0,36000,43000,-7000,-7000
063699,國巨群益9B購07  ,0,0,0,0,0,0,0,0,0,-7000,0,0,0,0,7000,-7000,-7000
061816,長榮航群益9B購02,0,0,0,0,0,0,0,0,0,-7000,0,0,0,18000,25000,-7000,-7000
061362,台塑國票9B購01  ,0,0,0,0,0,0,0,0,0,-7000,0,0,0,52000,59000,-7000,-7000
061356,南電元大9A購06  ,0,0,0,0,0,0,0,0,0,-7000,0,0,0,0,7000,-7000,-7000
062512,美食國票9B購01  ,0,0,0,0,0,0,0,0,0,-7000,0,0,0,0,7000,-7000,-7000
062177,上銀元大9B購02  ,0,0,0,0,0,0,0,0,0,-7000,0,0,0,13000,20000,-7000,-7000
061914,台光電中信9B購01,0,0,0,0,0,0,0,0,0,-7000,0,0,0,85000,92000,-7000,-7000
061931,力山國票9B購02  ,0,0,0,0,0,0,0,0,0,-7000,0,0,0,0,7000,-7000,-7000
4439,冠星-KY         ,1000,9000,-8000,0,0,0,0,0,0,0,0,0,0,0,0,0,-8000
2903,遠百            ,316000,324000,-8000,0,0,0,0,0,0,0,0,0,0,0,0,0,-8000
1524,耿鼎            ,5000,13000,-8000,0,0,0,0,0,0,0,0,0,0,0,0,0,-8000
1615,大山            ,1000,9000,-8000,0,0,0,0,0,0,0,0,0,0,0,0,0,-8000
1805,寶徠            ,3000,11000,-8000,0,0,0,0,0,0,0,0,0,0,0,0,0,-8000
07931P,國巨元大9B售03  ,0,0,0,0,0,0,0,0,0,-8000,0,0,0,0,8000,-8000,-8000
08159P,日月光元富9B售01,0,0,0,0,0,0,0,0,0,-8000,0,0,0,61000,69000,-8000,-8000
064346,貿聯元大01購01  ,0,0,0,0,0,0,0,0,0,-8000,0,0,0,0,8000,-8000,-8000
07341P,台積電凱基99售18,0,0,0,0,0,0,0,0,0,-8000,0,0,0,15000,23000,-8000,-8000
057105,致茂群益9A購01  ,0,0,0,0,0,0,0,0,0,-8000,0,0,0,155000,163000,-8000,-8000
057094,祥碩元富98購01  ,0,0,0,0,0,0,0,0,0,-8000,0,0,0,0,8000,-8000,-8000
056419,欣興元富98購02  ,0,0,0,0,0,0,0,0,0,-8000,0,0,0,0,8000,-8000,-8000
053854,聯茂國泰97購02  ,0,0,0,0,0,0,0,0,0,-8000,0,0,0,10000,18000,-8000,-8000
059832,超眾康和99購01  ,0,0,0,0,0,0,0,0,0,-8000,0,0,0,0,8000,-8000,-8000
057056,立積元大99購02  ,0,0,0,0,0,0,0,0,0,-8000,0,0,0,100000,108000,-8000,-8000
056663,臺股指元大9A購10,0,0,0,0,0,0,0,0,0,-8000,0,0,0,2000,10000,-8000,-8000
054891,聯鈞統一99購02  ,0,0,0,0,0,0,0,0,0,-8000,0,0,0,0,8000,-8000,-8000
058402,欣興元大99購04  ,0,0,0,0,0,0,0,0,0,-8000,0,0,0,1000,9000,-8000,-8000
060779,臺股指凱基9A購07,0,0,0,0,0,0,0,0,0,-8000,0,0,0,5000,13000,-8000,-8000
059660,華新科元大9A購04,0,0,0,0,0,0,0,0,0,-8000,0,0,0,0,8000,-8000,-8000
059568,台積電凱基9A購13,0,0,0,0,0,0,0,0,0,-8000,0,0,0,0,8000,-8000,-8000
059544,創意亞東99購01  ,0,0,0,0,0,0,0,0,0,-8000,0,0,0,18000,26000,-8000,-8000
059612,奇鋐永豐99購02  ,0,0,0,0,0,0,0,0,0,-8000,0,0,0,2000,10000,-8000,-8000
05953P,台積電國票98售02,0,0,0,0,0,0,0,0,0,-8000,0,0,0,2000,10000,-8000,-8000
059501,可成元富99購01  ,0,0,0,0,0,0,0,0,0,-8000,0,0,0,0,8000,-8000,-8000
059456,智易永豐99購01  ,0,0,0,0,0,0,0,0,0,-8000,0,0,0,0,8000,-8000,-8000
058848,台積電群益99購07,0,0,0,0,0,0,0,0,0,-8000,0,0,0,6000,14000,-8000,-8000
058693,旭富國票9A購01  ,0,0,0,0,0,0,0,0,0,-8000,0,0,0,54000,62000,-8000,-8000
057705,臺股指群益98購05,0,0,0,0,0,0,0,0,0,-8000,0,0,0,0,8000,-8000,-8000
058020,大立光凱基99購03,0,0,0,0,0,0,0,0,0,-8000,0,0,0,2000,10000,-8000,-8000
058204,世芯凱基9A購01  ,0,0,0,0,0,0,0,0,0,-8000,0,0,0,6000,14000,-8000,-8000
057353,玉晶光統一99購01,0,0,0,0,0,0,0,0,0,-8000,0,0,0,13000,21000,-8000,-8000
060480,億豐元大9A購02  ,0,0,0,0,0,0,0,0,0,-8000,0,0,0,0,8000,-8000,-8000
062041,華擎凱基9C購01  ,0,0,0,0,0,0,0,0,0,-8000,0,0,0,2000,10000,-8000,-8000
062303,台表科中信01購01,0,0,0,0,0,0,0,0,0,-8000,0,0,0,22000,30000,-8000,-8000
062411,玉晶光第一9B購01,0,0,0,0,0,0,0,0,0,-8000,0,0,0,6000,14000,-8000,-8000
061180,華擎凱基9B購01  ,0,0,0,0,0,0,0,0,0,-8000,0,0,0,2000,10000,-8000,-8000
063613,全新群益9C購01  ,0,0,0,0,0,0,0,0,0,-8000,0,0,0,9000,17000,-8000,-8000
063462,金像電元大9C購01,0,0,0,0,0,0,0,0,0,-8000,0,0,0,11000,19000,-8000,-8000
06327P,台積電中信01售01,0,0,0,0,0,0,0,0,0,-8000,0,0,0,5000,13000,-8000,-8000
063276,和大元大9B購01  ,0,0,0,0,0,0,0,0,0,-8000,0,0,0,69000,77000,-8000,-8000
062799,聯發科統一9C購09,0,0,0,0,0,0,0,0,0,-8000,0,0,0,10000,18000,-8000,-8000
07358P,鴻海元大99售39  ,0,0,0,0,0,0,0,0,0,-9000,0,0,0,1000,10000,-9000,-9000
07145P,為升元大99售03  ,0,0,0,0,0,0,0,0,0,-9000,0,0,0,3000,12000,-9000,-9000
064347,貿聯元大9C購03  ,0,0,0,0,0,0,0,0,0,-9000,0,0,0,0,9000,-9000,-9000
06471P,臺股指凱基99售11,0,0,0,0,0,0,0,0,0,-9000,0,0,0,0,9000,-9000,-9000
063980,智易兆豐9C購02  ,0,0,0,0,0,0,0,0,0,-9000,0,0,0,0,9000,-9000,-9000
064046,聯發科統一9C購12,0,0,0,0,0,0,0,0,0,-9000,0,0,0,33000,42000,-9000,-9000
064110,國巨國票01購01  ,0,0,0,0,0,0,0,0,0,-9000,0,0,0,3000,12000,-9000,-9000
08248P,旺宏群益9C售02  ,0,0,0,0,0,0,0,0,0,-9000,0,0,0,0,9000,-9000,-9000
1589,永冠-KY         ,34000,43000,-9000,0,0,0,0,0,0,0,0,0,0,0,0,0,-9000
08336P,聯發科中信9C售05,0,0,0,0,0,0,0,0,0,-9000,0,0,0,0,9000,-9000,-9000
08326P,臺股指凱基9C售09,0,0,0,0,0,0,0,0,0,-9000,0,0,0,0,9000,-9000,-9000
3011,今皓            ,0,9000,-9000,0,0,0,0,0,0,0,0,0,0,0,0,0,-9000
3622,洋華            ,7000,16000,-9000,0,0,0,0,0,0,0,0,0,0,0,0,0,-9000
055218,彩晶凱基99購01  ,0,0,0,0,0,0,0,0,0,-9000,0,0,0,0,9000,-9000,-9000
056268,新日興統一97購01,0,0,0,0,0,0,0,0,0,-9000,0,0,0,6000,15000,-9000,-9000
057128,台光電凱基98購03,0,0,0,0,0,0,0,0,0,-9000,0,0,0,20000,29000,-9000,-9000
051897,台光電國泰97購01,0,0,0,0,0,0,0,0,0,-9000,0,0,0,3000,12000,-9000,-9000
054040,中石化元大9C購01,0,0,0,0,0,0,0,0,0,-9000,0,0,0,16000,25000,-9000,-9000
054291,高鐵元大97購01  ,0,0,0,0,0,0,0,0,0,-9000,0,0,0,306000,315000,-9000,-9000
058197,國巨中信99購02  ,0,0,0,0,0,0,0,0,0,-9000,0,0,0,6000,15000,-9000,-9000
060092,瑞昱元大99購03  ,0,0,0,0,0,0,0,0,0,-9000,0,0,0,0,9000,-9000,-9000
058052,南電元大98購02  ,0,0,0,0,0,0,0,0,0,-9000,0,0,0,99000,108000,-9000,-9000
059005,嘉晶元大99購06  ,0,0,0,0,0,0,0,0,0,-9000,0,0,0,1000,10000,-9000,-9000
05830P,滬深2X元富99售03,0,0,0,0,0,0,0,0,0,-9000,0,0,0,80000,89000,-9000,-9000
058983,旺宏凱基99購05  ,100000,0,100000,0,0,0,0,0,0,-109000,0,0,0,11000,120000,-109000,-9000
058604,華邦電元大99購03,0,0,0,0,0,0,0,0,0,-9000,0,0,0,268000,277000,-9000,-9000
057689,南亞科凱基99購02,0,0,0,0,0,0,0,0,0,-9000,0,0,0,100000,109000,-9000,-9000
057831,聯發科元富02購04,0,0,0,0,0,0,0,0,0,-9000,0,0,0,1000,10000,-9000,-9000
059265,美律中信01購01  ,0,0,0,0,0,0,0,0,0,-9000,0,0,0,1000,10000,-9000,-9000
059065,南電凱基9A購01  ,0,0,0,0,0,0,0,0,0,-9000,0,0,0,2000,11000,-9000,-9000
059320,華新科元大99購15,0,0,0,0,0,0,0,0,0,-9000,0,0,0,0,9000,-9000,-9000
059765,嘉聯益永豐99購02,0,0,0,0,0,0,0,0,0,-9000,0,0,0,72000,81000,-9000,-9000
060824,旺宏元大9A購06  ,0,0,0,0,0,0,0,0,0,-9000,0,0,0,6000,15000,-9000,-9000
061156,玉晶光群益9A購07,0,0,0,0,0,0,0,0,0,-9000,0,0,0,0,9000,-9000,-9000
058494,可成群益9B購01  ,0,0,0,0,0,0,0,0,0,-9000,0,0,0,166000,175000,-9000,-9000
062915,嘉澤元大9B購03  ,0,0,0,0,0,0,0,0,0,-9000,0,0,0,193000,202000,-9000,-9000
062631,奇力新國票9B購01,0,0,0,0,0,0,0,0,0,-9000,0,0,0,1000,10000,-9000,-9000
062665,智易群益9B購01  ,0,0,0,0,0,0,0,0,0,-9000,0,0,0,11000,20000,-9000,-9000
063647,超眾元大9B購02  ,0,0,0,0,0,0,0,0,0,-9000,0,0,0,53000,62000,-9000,-9000
061713,華邦電凱基9A購01,0,0,0,0,0,0,0,0,0,-9000,0,0,0,75000,84000,-9000,-9000
061758,T50反1元大9B購02,0,0,0,0,0,0,0,0,0,-9000,0,0,0,0,9000,-9000,-9000
061559,南亞科國票9A購02,0,0,0,0,0,0,0,0,0,-9000,0,0,0,3000,12000,-9000,-9000
061544,大毅群益9B購02  ,0,0,0,0,0,0,0,0,0,-9000,0,0,0,27000,36000,-9000,-9000
062363,燿華元大9B購03  ,0,0,0,0,0,0,0,0,0,-9000,0,0,0,86000,95000,-9000,-9000
3050,鈺德            ,25000,32000,-7000,0,0,0,0,0,0,-3000,0,3000,-3000,0,0,0,-10000
2369,菱生            ,919000,929000,-10000,0,0,0,0,0,0,0,0,0,0,0,0,0,-10000
08314P,國巨元大9C售14  ,0,0,0,0,0,0,0,0,0,-10000,0,0,0,0,10000,-10000,-10000
08280P,臺股指中信02售01,0,0,0,0,0,0,0,0,0,-10000,0,0,0,0,10000,-10000,-10000
08150P,立積國票9C售01  ,0,0,0,0,0,0,0,0,0,-10000,0,0,0,0,10000,-10000,-10000
08152P,祥碩統一9B售02  ,0,0,0,0,0,0,0,0,0,-10000,0,0,0,0,10000,-10000,-10000
08191P,鴻海台新9B售03  ,0,0,0,0,0,0,0,0,0,-10000,0,0,0,0,10000,-10000,-10000
08204P,台灣50中信01售04,0,0,0,0,0,0,0,0,0,-10000,0,0,0,0,10000,-10000,-10000
07941P,國巨凱基9B售07  ,0,0,0,0,0,0,0,0,0,-10000,0,0,0,0,10000,-10000,-10000
07935P,臺股指國票9B售07,0,0,0,0,0,0,0,0,0,-10000,0,0,0,0,10000,-10000,-10000
07922P,大立光群益9B售05,0,0,0,0,0,0,0,0,0,-10000,0,0,0,20000,30000,-10000,-10000
07972P,大立光統一9C售05,0,0,0,0,0,0,0,0,0,-10000,0,0,0,0,10000,-10000,-10000
08098P,大立光凱基9B售09,0,0,0,0,0,0,0,0,0,-10000,0,0,0,0,10000,-10000,-10000
08085P,華通凱基9B售04  ,0,0,0,0,0,0,0,0,0,-10000,0,0,0,10000,20000,-10000,-10000
08091P,A50正2元富9B售02,0,0,0,0,0,0,0,0,0,-10000,0,0,0,0,10000,-10000,-10000
08045P,健策國票9B售01  ,0,0,0,0,0,0,0,0,0,-10000,0,0,0,0,10000,-10000,-10000
08029P,臺股指元大9B售36,0,0,0,0,0,0,0,0,0,-10000,0,0,0,0,10000,-10000,-10000
08047P,臺股指國票9B售12,0,0,0,0,0,0,0,0,0,-10000,0,0,0,0,10000,-10000,-10000
08048P,臺股指國票9B售13,0,0,0,0,0,0,0,0,0,-10000,0,0,0,0,10000,-10000,-10000
064129,新日興元大9C購02,0,0,0,0,0,0,0,0,0,-10000,0,0,0,30000,40000,-10000,-10000
064179,上銀富邦01購01  ,0,0,0,0,0,0,0,0,0,-10000,0,0,0,0,10000,-10000,-10000
06405P,億光元富97售02  ,0,0,0,0,0,0,0,0,0,-10000,0,0,0,10000,20000,-10000,-10000
063967,華新科國票01購01,0,0,0,0,0,0,0,0,0,-10000,0,0,0,0,10000,-10000,-10000
063952,玉晶光元大01購01,0,0,0,0,0,0,0,0,0,-10000,0,0,0,21000,31000,-10000,-10000
06458P,玉晶光統一9A售02,0,0,0,0,0,0,0,0,0,-10000,0,0,0,0,10000,-10000,-10000
06500P,臺股指元大9A售05,0,0,0,0,0,0,0,0,0,-10000,0,0,0,0,10000,-10000,-10000
064337,大毅元大01購02  ,0,0,0,0,0,0,0,0,0,-10000,0,0,0,3000,13000,-10000,-10000
064388,緯穎富邦9C購01  ,0,0,0,0,0,0,0,0,0,-10000,0,0,0,0,10000,-10000,-10000
06423P,亞光台新97售01  ,0,0,0,0,0,0,0,0,0,-10000,0,0,0,0,10000,-10000,-10000
064259,矽格富邦9C購01  ,0,0,0,0,0,0,0,0,0,-10000,0,0,0,0,10000,-10000,-10000
064262,玉晶光永豐9C購03,0,0,0,0,0,0,0,0,0,-10000,0,0,0,0,10000,-10000,-10000
064220,力山國票01購01  ,0,0,0,0,0,0,0,0,0,-10000,0,0,0,0,10000,-10000,-10000
07194P,聯發科元大99售25,0,0,0,0,0,0,0,0,0,-10000,0,0,0,0,10000,-10000,-10000
07223P,鴻海元大99售29  ,0,0,0,0,0,0,0,0,0,-10000,0,0,0,0,10000,-10000,-10000
07274P,上証2X群益01售01,0,0,0,0,0,0,0,0,0,-10000,0,0,0,0,10000,-10000,-10000
07114P,旺宏兆豐9A售01  ,0,0,0,0,0,0,0,0,0,-10000,0,0,0,0,10000,-10000,-10000
06965P,台積電台新99售02,0,0,0,0,0,0,0,0,0,-10000,0,0,0,0,10000,-10000,-10000
06927P,台灣50元大9B售03,0,0,0,0,0,0,0,0,0,-10000,0,0,0,0,10000,-10000,-10000
06955P,臻鼎元富99售01  ,0,0,0,0,0,0,0,0,0,-10000,0,0,0,0,10000,-10000,-10000
06832P,玉晶光凱基98售03,0,0,0,0,0,0,0,0,0,-10000,0,0,0,50000,60000,-10000,-10000
06797P,臺股指凱基98售07,0,0,0,0,0,0,0,0,0,-10000,0,0,0,0,10000,-10000,-10000
06806P,臺股指群益98售12,0,0,0,0,0,0,0,0,0,-10000,0,0,0,10000,20000,-10000,-10000
07371P,滬深2X元大99售07,0,0,0,0,0,0,0,0,0,-10000,0,0,0,0,10000,-10000,-10000
07309P,聯發科凱基99售18,0,0,0,0,0,0,0,0,0,-10000,0,0,0,0,10000,-10000,-10000
07644P,南電凱基9A售03  ,0,0,0,0,0,0,0,0,0,-10000,0,0,0,0,10000,-10000,-10000
07529P,國巨凱基9A售11  ,0,0,0,0,0,0,0,0,0,-10000,0,0,0,0,10000,-10000,-10000
07692P,玉晶光元大9A售11,0,0,0,0,0,0,0,0,0,-10000,0,0,0,0,10000,-10000,-10000
07722P,玉晶光凱基9A售10,0,0,0,0,0,0,0,0,0,-10000,0,0,0,30000,40000,-10000,-10000
07812P,大立光統一9A售06,0,0,0,0,0,0,0,0,0,-10000,0,0,0,0,10000,-10000,-10000
054293,健策元大98購02  ,0,0,0,0,0,0,0,0,0,-10000,0,0,0,0,10000,-10000,-10000
054237,茂林群益97購01  ,0,0,0,0,0,0,0,0,0,-10000,0,0,0,10000,20000,-10000,-10000
05411P,台積電國票96售08,0,0,0,0,0,0,0,0,0,-10000,0,0,0,0,10000,-10000,-10000
054121,奇鋐永豐96購02  ,0,0,0,0,0,0,0,0,0,-10000,0,0,0,0,10000,-10000,-10000
052705,超眾國票97購01  ,0,0,0,0,0,0,0,0,0,-10000,0,0,0,0,10000,-10000,-10000
052959,聯電凱基97購01  ,0,0,0,0,0,0,0,0,0,-10000,0,0,0,0,10000,-10000,-10000
054051,貿聯元大97購03  ,0,0,0,0,0,0,0,0,0,-10000,0,0,0,0,10000,-10000,-10000
044247,道瓊反元富97購01,0,0,0,0,0,0,0,0,0,-10000,0,0,0,0,10000,-10000,-10000
050957,T50反1台新05購01,0,0,0,0,0,0,0,0,0,-10000,0,0,0,0,10000,-10000,-10000
050170,臺指反元大97購02,0,0,0,0,0,0,0,0,0,-10000,0,0,0,0,10000,-10000,-10000
051926,聯電中信97購01  ,0,0,0,0,0,0,0,0,0,-10000,0,0,0,20000,30000,-10000,-10000
051843,聯發科富邦99購01,0,0,0,0,0,0,0,0,0,-10000,0,0,0,0,10000,-10000,-10000
05207P,高股息中信97售03,0,0,0,0,0,0,0,0,0,-10000,0,0,0,0,10000,-10000,-10000
047211,華新科富邦99購01,0,0,0,0,0,0,0,0,0,-10000,0,0,0,0,10000,-10000,-10000
046903,友達凱基99購01  ,0,0,0,0,0,0,0,0,0,-10000,0,0,0,0,10000,-10000,-10000
00657,國泰日經225     ,1000,0,1000,0,0,0,0,0,0,-11000,0,0,0,191000,202000,-11000,-10000
057133,京鼎凱基98購02  ,0,0,0,0,0,0,0,0,0,-10000,0,0,0,20000,30000,-10000,-10000
055470,南亞科凱基97購01,0,0,0,0,0,0,0,0,0,-10000,0,0,0,0,10000,-10000,-10000
056491,南亞科國泰99購01,0,0,0,0,0,0,0,0,0,-10000,0,0,0,0,10000,-10000,-10000
055398,超眾統一97購03  ,0,0,0,0,0,0,0,0,0,-10000,0,0,0,0,10000,-10000,-10000
056416,華新科中信98購01,0,0,0,0,0,0,0,0,0,-10000,0,0,0,0,10000,-10000,-10000
055334,禾伸堂兆豐97購01,0,0,0,0,0,0,0,0,0,-10000,0,0,0,0,10000,-10000,-10000
055342,鴻海凱基97購04  ,0,0,0,0,0,0,0,0,0,-10000,0,0,0,0,10000,-10000,-10000
055363,緯穎凱基98購03  ,0,0,0,0,0,0,0,0,0,-10000,0,0,0,0,10000,-10000,-10000
054575,聯鈞元大97購01  ,0,0,0,0,0,0,0,0,0,-10000,0,0,0,0,10000,-10000,-10000
053813,友達群益9A購03  ,0,0,0,0,0,0,0,0,0,-10000,0,0,0,0,10000,-10000,-10000
053834,卜蜂永豐96購01  ,0,0,0,0,0,0,0,0,0,-10000,0,0,0,0,10000,-10000,-10000
054406,旺宏國票98購01  ,0,0,0,0,0,0,0,0,0,-10000,0,0,0,0,10000,-10000,-10000
054408,義隆國票98購01  ,0,0,0,0,0,0,0,0,0,-10000,0,0,0,5000,15000,-10000,-10000
052662,華新科國票97購01,0,0,0,0,0,0,0,0,0,-10000,0,0,0,30000,40000,-10000,-10000
053769,香港反元大99購01,0,0,0,0,0,0,0,0,0,-10000,0,0,0,0,10000,-10000,-10000
053590,新光金元大9A購02,0,0,0,0,0,0,0,0,0,-10000,0,0,0,0,10000,-10000,-10000
053492,華邦電兆豐97購01,0,0,0,0,0,0,0,0,0,-10000,0,0,0,0,10000,-10000,-10000
053481,同欣電元大97購01,0,0,0,0,0,0,0,0,0,-10000,0,0,0,0,10000,-10000,-10000
053398,和鑫中信99購01  ,0,0,0,0,0,0,0,0,0,-10000,0,0,0,0,10000,-10000,-10000
053411,深中小國票9B購01,0,0,0,0,0,0,0,0,0,-10000,0,0,0,0,10000,-10000,-10000
056236,台積電群益97購06,0,0,0,0,0,0,0,0,0,-10000,0,0,0,128000,138000,-10000,-10000
056263,友訊統一99購01  ,0,0,0,0,0,0,0,0,0,-10000,0,0,0,0,10000,-10000,-10000
056207,茂林永豐97購03  ,0,0,0,0,0,0,0,0,0,-10000,0,0,0,0,10000,-10000,-10000
056192,智邦富邦98購01  ,0,0,0,0,0,0,0,0,0,-10000,0,0,0,0,10000,-10000,-10000
056093,大毅元富97購01  ,0,0,0,0,0,0,0,0,0,-10000,0,0,0,0,10000,-10000,-10000
056651,聯茂凱基98購04  ,0,0,0,0,0,0,0,0,0,-10000,0,0,0,10000,20000,-10000,-10000
055938,矽力群益97購01  ,0,0,0,0,0,0,0,0,0,-10000,0,0,0,0,10000,-10000,-10000
055803,鎧勝永豐97購01  ,0,0,0,0,0,0,0,0,0,-10000,0,0,0,183000,193000,-10000,-10000
055820,矽力國票98購02  ,0,0,0,0,0,0,0,0,0,-10000,0,0,0,0,10000,-10000,-10000
055228,聯發科國票98購03,0,0,0,0,0,0,0,0,0,-10000,0,0,0,60000,70000,-10000,-10000
055207,致新中信99購01  ,0,0,0,0,0,0,0,0,0,-10000,0,0,0,10000,20000,-10000,-10000
055285,華新科元大99購03,0,0,0,0,0,0,0,0,0,-10000,0,0,0,0,10000,-10000,-10000
054895,南電統一97購01  ,0,0,0,0,0,0,0,0,0,-10000,0,0,0,0,10000,-10000,-10000
055039,神達富邦99購01  ,0,0,0,0,0,0,0,0,0,-10000,0,0,0,0,10000,-10000,-10000
056524,欣興中信98購02  ,0,0,0,0,0,0,0,0,0,-10000,0,0,0,0,10000,-10000,-10000
056529,中環凱基98購01  ,0,0,0,0,0,0,0,0,0,-10000,0,0,0,0,10000,-10000,-10000
056532,技嘉凱基98購01  ,0,0,0,0,0,0,0,0,0,-10000,0,0,0,0,10000,-10000,-10000
054738,聯發科凱基97購01,0,0,0,0,0,0,0,0,0,-10000,0,0,0,0,10000,-10000,-10000
054712,上証2X中信98購02,0,0,0,0,0,0,0,0,0,-10000,0,0,0,0,10000,-10000,-10000
054845,智邦兆豐98購01  ,0,0,0,0,0,0,0,0,0,-10000,0,0,0,0,10000,-10000,-10000
057035,元油2X元大9B購03,0,0,0,0,0,0,0,0,0,-10000,0,0,0,0,10000,-10000,-10000
056968,揚明光永豐98購02,0,0,0,0,0,0,0,0,0,-10000,0,0,0,0,10000,-10000,-10000
056976,喬山群益98購01  ,0,0,0,0,0,0,0,0,0,-10000,0,0,0,0,10000,-10000,-10000
056858,國巨群益99購03  ,0,0,0,0,0,0,0,0,0,-10000,0,0,0,0,10000,-10000,-10000
056892,旺宏元大9A購02  ,0,0,0,0,0,0,0,0,0,-10000,0,0,0,0,10000,-10000,-10000
056893,智邦元大98購02  ,0,0,0,0,0,0,0,0,0,-10000,0,0,0,3000,13000,-10000,-10000
056932,T50反1元富98購01,0,0,0,0,0,0,0,0,0,-10000,0,0,0,0,10000,-10000,-10000
056936,禾伸堂元富98購01,0,0,0,0,0,0,0,0,0,-10000,0,0,0,10000,20000,-10000,-10000
056740,大立光凱基98購13,0,0,0,0,0,0,0,0,0,-10000,0,0,0,0,10000,-10000,-10000
05677P,玉晶光群益98售03,0,0,0,0,0,0,0,0,0,-10000,0,0,0,20000,30000,-10000,-10000
056719,台虹永豐98購01  ,0,0,0,0,0,0,0,0,0,-10000,0,0,0,0,10000,-10000,-10000
056691,元油2X群益9B購01,0,0,0,0,0,0,0,0,0,-10000,0,0,0,0,10000,-10000,-10000
05631P,國巨富邦9A售01  ,0,0,0,0,0,0,0,0,0,-10000,0,0,0,0,10000,-10000,-10000
056354,國巨元大98購10  ,0,0,0,0,0,0,0,0,0,-10000,0,0,0,2000,12000,-10000,-10000
056375,玉晶光統一01購01,0,0,0,0,0,0,0,0,0,-10000,0,0,0,0,10000,-10000,-10000
058970,鴻海永豐99購02  ,0,0,0,0,0,0,0,0,0,-10000,0,0,0,0,10000,-10000,-10000
059789,貿聯元大9A購02  ,0,0,0,0,0,0,0,0,0,-10000,0,0,0,0,10000,-10000,-10000
059790,立積元大9C購02  ,0,0,0,0,0,0,0,0,0,-10000,0,0,0,0,10000,-10000,-10000
059939,技嘉永豐99購01  ,0,0,0,0,0,0,0,0,0,-10000,0,0,0,0,10000,-10000,-10000
059917,華新科元大99購19,0,0,0,0,0,0,0,0,0,-10000,0,0,0,0,10000,-10000,-10000
057308,同欣電兆豐99購01,0,0,0,0,0,0,0,0,0,-10000,0,0,0,1000,11000,-10000,-10000
057316,國巨凱基99購04  ,0,0,0,0,0,0,0,0,0,-10000,0,0,0,0,10000,-10000,-10000
057268,臻鼎兆豐99購01  ,0,0,0,0,0,0,0,0,0,-10000,0,0,0,0,10000,-10000,-10000
058940,聯發科中信9A購03,0,0,0,0,0,0,0,0,0,-10000,0,0,0,0,10000,-10000,-10000
058482,祥碩凱基99購02  ,0,0,0,0,0,0,0,0,0,-10000,0,0,0,2000,12000,-10000,-10000
057588,南亞科國票99購01,0,0,0,0,0,0,0,0,0,-10000,0,0,0,0,10000,-10000,-10000
057598,鴻海群益98購07  ,0,0,0,0,0,0,0,0,0,-10000,0,0,0,0,10000,-10000,-10000
060666,聯茂凱基9A購02  ,0,0,0,0,0,0,0,0,0,-10000,0,0,0,0,10000,-10000,-10000
059190,欣興富邦9A購01  ,0,0,0,0,0,0,0,0,0,-10000,0,0,0,0,10000,-10000,-10000
05912P,和大元大96售01  ,0,0,0,0,0,0,0,0,0,-10000,0,0,0,0,10000,-10000,-10000
060735,鴻海統一9C購03  ,0,0,0,0,0,0,0,0,0,-10000,0,0,0,0,10000,-10000,-10000
060710,上銀永豐9A購01  ,0,0,0,0,0,0,0,0,0,-10000,0,0,0,0,10000,-10000,-10000
061112,台表科元大9A購03,0,0,0,0,0,0,0,0,0,-10000,0,0,0,6000,16000,-10000,-10000
060814,健策凱基9B購01  ,0,0,0,0,0,0,0,0,0,-10000,0,0,0,0,10000,-10000,-10000
060869,超眾永豐9A購02  ,0,0,0,0,0,0,0,0,0,-10000,0,0,0,0,10000,-10000,-10000
059640,聯詠凱基99購04  ,0,0,0,0,0,0,0,0,0,-10000,0,0,0,0,10000,-10000,-10000
059635,華新科凱基9A購06,0,0,0,0,0,0,0,0,0,-10000,0,0,0,0,10000,-10000,-10000
058350,T50正2凱基9B購01,0,0,0,0,0,0,0,0,0,-10000,0,0,0,0,10000,-10000,-10000
057534,旭富元大98購01  ,0,0,0,0,0,0,0,0,0,-10000,0,0,0,0,10000,-10000,-10000
057542,上銀凱基99購01  ,0,0,0,0,0,0,0,0,0,-10000,0,0,0,10000,20000,-10000,-10000
059325,超眾元大99購05  ,0,0,0,0,0,0,0,0,0,-10000,0,0,0,0,10000,-10000,-10000
059326,康友元大99購01  ,0,0,0,0,0,0,0,0,0,-10000,0,0,0,200000,210000,-10000,-10000
059340,鴻海凱基9A購12  ,0,0,0,0,0,0,0,0,0,-10000,0,0,0,10000,20000,-10000,-10000
059443,嘉聯益元大9B購01,0,0,0,0,0,0,0,0,0,-10000,0,0,0,0,10000,-10000,-10000
059390,華新科凱基99購05,0,0,0,0,0,0,0,0,0,-10000,0,0,0,0,10000,-10000,-10000
059502,台灣50台新9B購04,0,0,0,0,0,0,0,0,0,-10000,0,0,0,0,10000,-10000,-10000
059538,健策凱基99購03  ,0,0,0,0,0,0,0,0,0,-10000,0,0,0,0,10000,-10000,-10000
059528,華新科凱基99購06,0,0,0,0,0,0,0,0,0,-10000,0,0,0,0,10000,-10000,-10000
059529,華新科凱基9A購04,0,0,0,0,0,0,0,0,0,-10000,0,0,0,0,10000,-10000,-10000
059236,鴻海凱基99購09  ,0,0,0,0,0,0,0,0,0,-10000,0,0,0,12000,22000,-10000,-10000
058840,T50反1群益99購02,0,0,0,0,0,0,0,0,0,-10000,0,0,0,0,10000,-10000,-10000
058865,群創凱基01購01  ,0,0,0,0,0,0,0,0,0,-10000,0,0,0,72000,82000,-10000,-10000
059069,臺指反元大9C購01,0,0,0,0,0,0,0,0,0,-10000,0,0,0,0,10000,-10000,-10000
059081,和大元大99購01  ,0,0,0,0,0,0,0,0,0,-10000,0,0,0,0,10000,-10000,-10000
058673,華新科群益9A購02,0,0,0,0,0,0,0,0,0,-10000,0,0,0,0,10000,-10000,-10000
057806,國巨元大98購20  ,0,0,0,0,0,0,0,0,0,-10000,0,0,0,0,10000,-10000,-10000
057808,旺宏元大99購05  ,0,0,0,0,0,0,0,0,0,-10000,0,0,0,0,10000,-10000,-10000
057913,健策日盛98購01  ,0,0,0,0,0,0,0,0,0,-10000,0,0,0,0,10000,-10000,-10000
057488,聯發科元大99購02,0,0,0,0,0,0,0,0,0,-10000,0,0,0,0,10000,-10000,-10000
057873,義隆元大98購03  ,0,0,0,0,0,0,0,0,0,-10000,0,0,0,65000,75000,-10000,-10000
057861,台積電凱基98購16,0,0,0,0,0,0,0,0,0,-10000,0,0,0,0,10000,-10000,-10000
058524,超眾元大99購04  ,0,0,0,0,0,0,0,0,0,-10000,0,0,0,75000,85000,-10000,-10000
058282,聯茂中信99購01  ,0,0,0,0,0,0,0,0,0,-10000,0,0,0,0,10000,-10000,-10000
058006,台郡群益98購04  ,0,0,0,0,0,0,0,0,0,-10000,0,0,0,0,10000,-10000,-10000
060187,華新科元富9A購02,0,0,0,0,0,0,0,0,0,-10000,0,0,0,0,10000,-10000,-10000
060216,鴻海凱基9A購17  ,0,0,0,0,0,0,0,0,0,-10000,0,0,0,11000,21000,-10000,-10000
060190,國泰金元富9A購01,0,0,0,0,0,0,0,0,0,-10000,0,0,0,20000,30000,-10000,-10000
06028P,智邦台新97售01  ,0,0,0,0,0,0,0,0,0,-10000,0,0,0,0,10000,-10000,-10000
060351,滬深2X元富9A購01,0,0,0,0,0,0,0,0,0,-10000,0,0,0,15000,25000,-10000,-10000
058206,祥碩凱基99購01  ,0,0,0,0,0,0,0,0,0,-10000,0,0,0,4000,14000,-10000,-10000
058228,為升元大99購01  ,0,0,0,0,0,0,0,0,0,-10000,0,0,0,0,10000,-10000,-10000
057346,鴻海統一98購13  ,0,0,0,0,0,0,0,0,0,-10000,0,0,0,0,10000,-10000,-10000
057330,台積電國票99購03,0,0,0,0,0,0,0,0,0,-10000,0,0,0,1000,11000,-10000,-10000
060496,滬深2X元大9A購05,0,0,0,0,0,0,0,0,0,-10000,0,0,0,0,10000,-10000,-10000
062356,國巨元大9B購10  ,0,0,0,0,0,0,0,0,0,-10000,0,0,0,0,10000,-10000,-10000
062415,聯茂中信9C購01  ,0,0,0,0,0,0,0,0,0,-10000,0,0,0,0,10000,-10000,-10000
062276,瑞昱群益9B購01  ,0,0,0,0,0,0,0,0,0,-10000,0,0,0,0,10000,-10000,-10000
06226P,聯發科麥證97售03,0,0,0,0,10000,-10000,0,0,0,-10000,0,0,0,0,10000,-10000,-10000
062440,聯發科元大9B購11,0,0,0,0,0,0,0,0,0,-10000,0,0,0,0,10000,-10000,-10000
062047,緯穎凱基9B購01  ,0,0,0,0,0,0,0,0,0,-10000,0,0,0,50000,60000,-10000,-10000
061926,晶技凱基9B購02  ,0,0,0,0,0,0,0,0,0,-10000,0,0,0,0,10000,-10000,-10000
062168,大毅永豐9B購01  ,0,0,0,0,0,0,0,0,0,-10000,0,0,0,0,10000,-10000,-10000
062203,燿華國票9C購01  ,0,0,0,0,0,0,0,0,0,-10000,0,0,0,30000,40000,-10000,-10000
062235,億光凱基9B購01  ,0,0,0,0,0,0,0,0,0,-10000,0,0,0,25000,35000,-10000,-10000
062258,奇力新元大9B購03,0,0,0,0,0,0,0,0,0,-10000,0,0,0,0,10000,-10000,-10000
062155,國巨凱基9C購03  ,0,0,0,0,0,0,0,0,0,-10000,0,0,0,0,10000,-10000,-10000
061552,南六群益9A購02  ,0,0,0,0,0,0,0,0,0,-10000,0,0,0,0,10000,-10000,-10000
061776,晶技國票9B購01  ,0,0,0,0,0,0,0,0,0,-10000,0,0,0,10000,20000,-10000,-10000
061714,華新科凱基9A購15,0,0,0,0,0,0,0,0,0,-10000,0,0,0,0,10000,-10000,-10000
061834,華新科凱基02購02,0,0,0,0,0,0,0,0,0,-10000,0,0,0,0,10000,-10000,-10000
06186P,鴻海統一97售02  ,0,0,0,0,0,0,0,0,0,-10000,0,0,0,0,10000,-10000,-10000
061335,國巨元大9A購19  ,0,0,0,0,0,0,0,0,0,-10000,0,0,0,0,10000,-10000,-10000
061330,T50反1元大9A購14,0,0,0,0,0,0,0,0,0,-10000,0,0,0,0,10000,-10000,-10000
061323,華新科凱基9B購06,0,0,0,0,0,0,0,0,0,-10000,0,0,0,0,10000,-10000,-10000
061388,台積電群益9A購05,0,0,0,0,0,0,0,0,0,-10000,0,0,0,20000,30000,-10000,-10000
061515,泰碩永豐9A購03  ,0,0,0,0,0,0,0,0,0,-10000,0,0,0,10000,20000,-10000,-10000
063719,T50反1元大9B購11,0,0,0,0,0,0,0,0,0,-10000,0,0,0,0,10000,-10000,-10000
063785,華通中信06購02  ,0,0,0,0,0,0,0,0,0,-10000,0,0,0,0,10000,-10000,-10000
063743,道瓊反國票9C購02,0,0,0,0,0,0,0,0,0,-10000,0,0,0,0,10000,-10000,-10000
063759,義隆統一9C購01  ,0,0,0,0,0,0,0,0,0,-10000,0,0,0,3000,13000,-10000,-10000
063337,國巨統一02購02  ,0,0,0,0,0,0,0,0,0,-10000,0,0,0,0,10000,-10000,-10000
063376,神達永豐9B購01  ,0,0,0,0,0,0,0,0,0,-10000,0,0,0,0,10000,-10000,-10000
06353P,電子類富邦99售02,0,0,0,0,0,0,0,0,0,-10000,0,0,0,0,10000,-10000,-10000
062627,旺宏國票9C購01  ,0,0,0,0,0,0,0,0,0,-10000,0,0,0,0,10000,-10000,-10000
062640,訊連國票9C購01  ,0,0,0,0,0,0,0,0,0,-10000,0,0,0,0,10000,-10000,-10000
062876,全新兆豐9B購01  ,0,0,0,0,0,0,0,0,0,-10000,0,0,0,0,10000,-10000,-10000
062777,鴻海元大9C購03  ,0,0,0,0,0,0,0,0,0,-10000,0,0,0,50000,60000,-10000,-10000
062842,臺股指群益9B購09,0,0,0,0,0,0,0,0,0,-10000,0,0,0,0,10000,-10000,-10000
063005,道瓊反元大9B購02,0,0,0,0,0,0,0,0,0,-10000,0,0,0,0,10000,-10000,-10000
07807P,聯茂永豐9A售02  ,0,0,0,0,0,0,0,0,0,-11000,0,0,0,60000,71000,-11000,-11000
07850P,健策群益9A售06  ,0,0,0,0,0,0,0,0,0,-11000,0,0,0,9000,20000,-11000,-11000
07056P,臺股指麥證99售02,0,0,0,0,11000,-11000,0,0,0,-11000,0,0,0,0,11000,-11000,-11000
064223,日電貿國票01購01,0,0,0,0,0,0,0,0,0,-11000,0,0,0,0,11000,-11000,-11000
064401,台達電凱基06購01,0,0,0,0,0,0,0,0,0,-11000,0,0,0,39000,50000,-11000,-11000
064279,新光金元大01購01,0,0,0,0,0,0,0,0,0,-11000,0,0,0,0,11000,-11000,-11000
06461P,玉晶光國泰9A售01,0,0,0,0,0,0,0,0,0,-11000,0,0,0,6000,17000,-11000,-11000
064061,GIS麥證01購01   ,0,0,0,13000,24000,-11000,0,0,0,-11000,0,0,0,13000,24000,-11000,-11000
07913P,友達元大01售01  ,0,0,0,0,0,0,0,0,0,-11000,0,0,0,10000,21000,-11000,-11000
08287P,茂林凱基9C售02  ,0,0,0,0,0,0,0,0,0,-11000,0,0,0,80000,91000,-11000,-11000
2114,鑫永銓          ,1000,12000,-11000,0,0,0,0,0,0,0,0,0,0,0,0,0,-11000
5706,鳳凰            ,24000,35000,-11000,0,0,0,0,0,0,0,0,0,0,0,0,0,-11000
6206,飛捷            ,17000,28000,-11000,0,0,0,0,0,0,0,0,0,0,0,0,0,-11000
6552,易華電          ,168000,172000,-4000,0,0,0,0,0,0,-7000,0,0,0,0,7000,-7000,-11000
6598,ABC-KY          ,7000,18000,-11000,0,0,0,0,0,0,0,0,0,0,0,0,0,-11000
056282,S&P反1永豐97購01,0,0,0,0,0,0,0,0,0,-11000,0,0,0,0,11000,-11000,-11000
057019,台積電凱基98購14,0,0,0,0,0,0,0,0,0,-11000,0,0,0,10000,21000,-11000,-11000
054874,帆宣群益99購02  ,0,0,0,0,0,0,0,0,0,-11000,0,0,0,196000,207000,-11000,-11000
056116,義隆群益97購02  ,0,0,0,0,0,0,0,0,0,-11000,0,0,0,37000,48000,-11000,-11000
056272,嘉澤統一99購01  ,0,0,0,0,0,0,0,0,0,-11000,0,0,0,9000,20000,-11000,-11000
053094,聯電統一97購02  ,0,0,0,0,0,0,0,0,0,-11000,0,0,0,42000,53000,-11000,-11000
052491,泰碩國票99購01  ,0,0,0,0,0,0,0,0,0,-11000,0,0,0,0,11000,-11000,-11000
053901,T50反1凱基99購03,0,0,0,0,0,0,0,0,0,-11000,0,0,0,20000,31000,-11000,-11000
006203,元大MSCI台灣    ,1000,1000,0,0,0,0,0,0,0,-11000,0,0,0,2000,13000,-11000,-11000
051970,元黃金凱基98購01,0,0,0,0,0,0,0,0,0,-11000,0,0,0,0,11000,-11000,-11000
060575,大立光中信9B購02,0,0,0,0,0,0,0,0,0,-11000,0,0,0,0,11000,-11000,-11000
06025P,臺股指元大99售02,0,0,0,0,0,0,0,0,0,-11000,0,0,0,65000,76000,-11000,-11000
060248,日月光元大9A購01,0,0,0,0,0,0,0,0,0,-11000,0,0,0,67000,78000,-11000,-11000
057947,和碩國票99購01  ,0,0,0,0,0,0,0,0,0,-11000,0,0,0,29000,40000,-11000,-11000
057150,貿聯國票99購02  ,0,0,0,0,0,0,0,0,0,-11000,0,0,0,27000,38000,-11000,-11000
058738,FBVIX中信03購04 ,0,0,0,0,0,0,0,0,0,-11000,0,0,0,0,11000,-11000,-11000
059116,晶豪科永豐99購01,0,0,0,0,0,0,0,0,0,-11000,0,0,0,0,11000,-11000,-11000
059678,鴻海國泰9A購03  ,0,0,0,0,0,0,0,0,0,-11000,0,0,0,12000,23000,-11000,-11000
063257,牧德國泰01購01  ,0,0,0,0,0,0,0,0,0,-11000,0,0,0,29000,40000,-11000,-11000
062829,泰碩群益9B購01  ,0,0,0,0,0,0,0,0,0,-11000,0,0,0,7000,18000,-11000,-11000
062940,華新科凱基9C購02,0,0,0,0,0,0,0,0,0,-11000,0,0,0,0,11000,-11000,-11000
061507,南電國票9A購05  ,0,0,0,0,0,0,0,0,0,-11000,0,0,0,0,11000,-11000,-11000
061450,嘉晶中信9A購01  ,0,0,0,0,0,0,0,0,0,-11000,0,0,0,0,11000,-11000,-11000
061204,國巨元大9A購16  ,0,0,0,0,0,0,0,0,0,-11000,0,0,0,0,11000,-11000,-11000
061543,南亞科群益9A購01,0,0,0,0,0,0,0,0,0,-11000,0,0,0,40000,51000,-11000,-11000
062419,台積電統一9B購15,0,0,0,0,0,0,0,0,0,-11000,0,0,0,39000,50000,-11000,-11000
1626,艾美特-KY       ,12000,25000,-13000,0,0,0,0,0,0,1000,1000,0,1000,0,0,0,-12000
1709,和益            ,66000,78000,-12000,0,0,0,0,0,0,0,0,0,0,0,0,0,-12000
064035,GIS元大9C購03   ,0,0,0,0,0,0,0,0,0,-12000,0,0,0,19000,31000,-12000,-12000
063924,致新元富9C購01  ,0,0,0,0,0,0,0,0,0,-12000,0,0,0,285000,297000,-12000,-12000
063878,國巨元富9C購01  ,0,0,0,0,0,0,0,0,0,-12000,0,0,0,61000,73000,-12000,-12000
064414,臺股指凱基9C購10,0,0,0,0,0,0,0,0,0,-12000,0,0,0,0,12000,-12000,-12000
06542P,台光電國票98售05,0,0,0,0,0,0,0,0,0,-12000,0,0,0,0,12000,-12000,-12000
06828P,臺股指國票98售04,0,0,0,0,0,0,0,0,0,-12000,0,0,0,0,12000,-12000,-12000
06755P,大立光永豐98售03,0,0,0,0,0,0,0,0,0,-12000,0,0,0,0,12000,-12000,-12000
07720P,臺股指群益9A售09,0,0,0,0,0,0,0,0,0,-12000,0,0,0,0,12000,-12000,-12000
07768P,緯穎群益9A售02  ,0,0,0,0,0,0,0,0,0,-12000,0,0,0,0,12000,-12000,-12000
07359P,台積電元大99售45,0,0,0,0,0,0,0,0,0,-12000,0,0,0,0,12000,-12000,-12000
053997,健策群益97購02  ,0,0,0,0,0,0,0,0,0,-12000,0,0,0,0,12000,-12000,-12000
054375,貿聯中信99購01  ,0,0,0,0,0,0,0,0,0,-12000,0,0,0,0,12000,-12000,-12000
052388,旺宏群益96購05  ,0,0,0,0,0,0,0,0,0,-12000,0,0,0,0,12000,-12000,-12000
055993,致茂國泰99購01  ,0,0,0,0,0,0,0,0,0,-12000,0,0,0,0,12000,-12000,-12000
055709,深中小元大97購03,0,0,0,0,0,0,0,0,0,-12000,0,0,0,0,12000,-12000,-12000
056665,上証2X國票99購02,0,0,0,0,0,0,0,0,0,-12000,0,0,0,1000,13000,-12000,-12000
056843,冠德元富98購01  ,0,0,0,0,0,0,0,0,0,-12000,0,0,0,0,12000,-12000,-12000
057328,京鼎群益99購02  ,0,0,0,0,0,0,0,0,0,-12000,0,0,0,246000,258000,-12000,-12000
057314,全新麥證98購01  ,0,0,0,0,12000,-12000,0,0,0,-12000,0,0,0,0,12000,-12000,-12000
059856,昇陽半永豐99購03,0,0,0,0,0,0,0,0,0,-12000,0,0,0,2000,14000,-12000,-12000
059539,緯穎凱基99購03  ,0,0,0,0,0,0,0,0,0,-12000,0,0,0,30000,42000,-12000,-12000
059453,奇力新永豐99購01,0,0,0,0,0,0,0,0,0,-12000,0,0,0,0,12000,-12000,-12000
059292,華新科元富9B購02,0,0,0,0,0,0,0,0,0,-12000,0,0,0,20000,32000,-12000,-12000
058752,鈺齊凱基9A購01  ,0,0,0,0,0,0,0,0,0,-12000,0,0,0,287000,299000,-12000,-12000
058761,欣興群益99購02  ,0,0,0,0,0,0,0,0,0,-12000,0,0,0,0,12000,-12000,-12000
058654,鴻海中信03購01  ,0,0,0,0,0,0,0,0,0,-12000,0,0,0,7000,19000,-12000,-12000
060906,旺宏元大9A購07  ,0,0,0,0,0,0,0,0,0,-12000,0,0,0,15000,27000,-12000,-12000
058510,全新元大9B購02  ,0,0,0,0,0,0,0,0,0,-12000,0,0,0,0,12000,-12000,-12000
060672,鴻海元大9A購14  ,0,0,0,0,0,0,0,0,0,-12000,0,0,0,8000,20000,-12000,-12000
057629,泰碩永豐98購02  ,0,0,0,0,0,0,0,0,0,-12000,0,0,0,0,12000,-12000,-12000
057919,技嘉凱基98購03  ,0,0,0,0,0,0,0,0,0,-12000,0,0,0,0,12000,-12000,-12000
058551,義隆永豐99購03  ,0,0,0,0,0,0,0,0,0,-12000,0,0,0,16000,28000,-12000,-12000
060097,華新科元大99購23,0,0,0,0,0,0,0,0,0,-12000,0,0,0,0,12000,-12000,-12000
060479,億豐元大9A購01  ,0,0,0,0,0,0,0,0,0,-12000,0,0,0,54000,66000,-12000,-12000
060449,元金2X元大9A購02,0,0,0,0,0,0,0,0,0,-12000,0,0,0,0,12000,-12000,-12000
062322,元金2X統一01購01,0,0,0,0,0,0,0,0,0,-12000,0,0,0,0,12000,-12000,-12000
062186,晶技元大9B購05  ,0,0,0,0,0,0,0,0,0,-12000,0,0,0,50000,62000,-12000,-12000
061677,泰碩元大9A購05  ,0,0,0,0,0,0,0,0,0,-12000,0,0,0,0,12000,-12000,-12000
061740,華新科凱基03購01,0,0,0,0,0,0,0,0,0,-12000,0,0,0,0,12000,-12000,-12000
061195,健策永豐9B購02  ,0,0,0,0,0,0,0,0,0,-12000,0,0,0,58000,70000,-12000,-12000
06143P,鴻海永豐97售02  ,0,0,0,0,0,0,0,0,0,-12000,0,0,0,0,12000,-12000,-12000
061512,國巨永豐9A購04  ,0,0,0,0,0,0,0,0,0,-12000,0,0,0,0,12000,-12000,-12000
062769,臺股指凱基9B購13,0,0,0,0,0,0,0,0,0,-12000,0,0,0,2000,14000,-12000,-12000
062717,華邦電凱基9C購01,0,0,0,0,0,0,0,0,0,-12000,0,0,0,100000,112000,-12000,-12000
063341,燿華統一9C購01  ,0,0,0,0,0,0,0,0,0,-12000,0,0,0,46000,58000,-12000,-12000
063313,南亞科群益9B購02,0,0,0,0,0,0,0,0,0,-12000,0,0,0,12000,24000,-12000,-12000
07576P,可成元大9A售01  ,0,0,0,0,0,0,0,0,0,-13000,0,0,0,101000,114000,-13000,-13000
07888P,大立光國票9B售01,0,0,0,0,0,0,0,0,0,-13000,0,0,0,0,13000,-13000,-13000
06783P,亞光元大98售03  ,0,0,0,0,0,0,0,0,0,-13000,0,0,0,26000,39000,-13000,-13000
07235P,T50正2元大9C售02,0,0,0,0,0,0,0,0,0,-13000,0,0,0,0,13000,-13000,-13000
064338,美食元大9C購01  ,0,0,0,0,0,0,0,0,0,-13000,0,0,0,0,13000,-13000,-13000
064198,超眾群益9C購01  ,0,0,0,0,0,0,0,0,0,-13000,0,0,0,0,13000,-13000,-13000
06425P,TPK永豐97售02   ,0,0,0,0,0,0,0,0,0,-13000,0,0,0,20000,33000,-13000,-13000
2331,精英            ,243000,247000,-4000,0,0,0,0,0,0,-9000,17000,26000,-9000,0,0,0,-13000
08340P,聯發科元富9C售01,0,0,0,0,0,0,0,0,0,-13000,0,0,0,0,13000,-13000,-13000
08321P,世芯永豐9C售01  ,0,0,0,0,0,0,0,0,0,-13000,0,0,0,0,13000,-13000,-13000
08076P,國巨群益9C售05  ,0,0,0,0,0,0,0,0,0,-13000,0,0,0,0,13000,-13000,-13000
057004,滬深反中信9A購01,0,0,0,0,0,0,0,0,0,-13000,0,0,0,0,13000,-13000,-13000
056960,光罩永豐98購01  ,0,0,0,0,0,0,0,0,0,-13000,0,0,0,0,13000,-13000,-13000
056340,可成凱基98購04  ,0,0,0,0,0,0,0,0,0,-13000,0,0,0,49000,62000,-13000,-13000
054296,世芯元大97購01  ,0,0,0,0,0,0,0,0,0,-13000,0,0,0,37000,50000,-13000,-13000
00757,統一FANG+       ,0,0,0,0,0,0,0,0,0,-13000,0,0,0,227000,240000,-13000,-13000
058570,臻鼎凱基9A購01  ,0,0,0,0,0,0,0,0,0,-13000,0,0,0,25000,38000,-13000,-13000
057439,元油2X統一99購02,0,0,0,0,0,0,0,0,0,-13000,0,0,0,0,13000,-13000,-13000
058517,景碩元大99購06  ,0,0,0,0,0,0,0,0,0,-13000,0,0,0,78000,91000,-13000,-13000
060774,南亞科凱基9A購01,0,0,0,0,0,0,0,0,0,-13000,0,0,0,9000,22000,-13000,-13000
060864,可成永豐9A購01  ,0,0,0,0,0,0,0,0,0,-13000,0,0,0,0,13000,-13000,-13000
061141,臻鼎統一9A購01  ,0,0,0,0,0,0,0,0,0,-13000,0,0,0,25000,38000,-13000,-13000
058702,國巨元大99購16  ,0,0,0,0,0,0,0,0,0,-13000,0,0,0,13000,26000,-13000,-13000
057573,京鼎永豐98購02  ,0,0,0,0,0,0,0,0,0,-13000,0,0,0,0,13000,-13000,-13000
06377P,華通統一97售04  ,0,0,0,0,0,0,0,0,0,-13000,0,0,0,0,13000,-13000,-13000
062804,玉晶光統一9C購04,0,0,0,0,0,0,0,0,0,-13000,0,0,0,3000,16000,-13000,-13000
062865,臺股指國票9B購22,0,0,0,0,0,0,0,0,0,-13000,0,0,0,0,13000,-13000,-13000
063214,康控國票9C購01  ,0,0,0,0,0,0,0,0,0,-13000,0,0,0,9000,22000,-13000,-13000
8110,華東            ,81000,96000,-15000,0,0,0,2000,0,2000,0,0,0,0,0,0,0,-13000
5546,永固-KY         ,7000,21000,-14000,0,0,0,0,0,0,0,0,0,0,0,0,0,-14000
6108,競國            ,46000,60000,-14000,0,0,0,0,0,0,0,0,0,0,0,0,0,-14000
3550,聯穎            ,0,14000,-14000,0,0,0,0,0,0,0,0,0,0,0,0,0,-14000
2832,台產            ,68000,82000,-14000,0,0,0,0,0,0,0,0,0,0,0,0,0,-14000
064392,喬山永豐9C購01  ,0,0,0,0,0,0,0,0,0,-14000,0,0,0,0,14000,-14000,-14000
06480P,上銀凱基98售04  ,0,0,0,0,0,0,0,0,0,-14000,0,0,0,36000,50000,-14000,-14000
06644P,亞德客元大98售03,0,0,0,0,0,0,0,0,0,-14000,0,0,0,0,14000,-14000,-14000
07131P,緯穎元大99售06  ,0,0,0,0,0,0,0,0,0,-14000,0,0,0,0,14000,-14000,-14000
06886P,旺宏元大99售07  ,0,0,0,0,0,0,0,0,0,-14000,0,0,0,0,14000,-14000,-14000
07864P,可成元大9B售01  ,0,0,0,0,0,0,0,0,0,-14000,0,0,0,59000,73000,-14000,-14000
053381,友達元大9A購02  ,0,0,0,0,0,0,0,0,0,-14000,0,0,0,89000,103000,-14000,-14000
054554,大立光凱基98購02,0,0,0,0,0,0,0,0,0,-14000,0,0,0,21000,35000,-14000,-14000
054532,強茂國泰98購01  ,0,0,0,0,0,0,0,0,0,-14000,0,0,0,0,14000,-14000,-14000
056399,上証2X群益9C購01,0,0,0,0,0,0,0,0,0,-14000,0,0,0,0,14000,-14000,-14000
059785,美律元大9A購03  ,0,0,0,0,0,0,0,0,0,-14000,0,0,0,123000,137000,-14000,-14000
059923,緯穎元大99購09  ,0,0,0,0,0,0,0,0,0,-14000,0,0,0,23000,37000,-14000,-14000
058938,台積電中信01購03,0,0,0,0,0,0,0,0,0,-14000,0,0,0,25000,39000,-14000,-14000
056637,台光電日盛9A購01,0,0,0,0,0,0,0,0,0,-14000,0,0,0,0,14000,-14000,-14000
056169,鴻海元富97購08  ,0,0,0,0,0,0,0,0,0,-14000,0,0,0,0,14000,-14000,-14000
059578,智邦元富99購02  ,0,0,0,0,0,0,0,0,0,-14000,0,0,0,0,14000,-14000,-14000
058686,祥碩凱基99購03  ,0,0,0,0,0,0,0,0,0,-14000,0,0,0,21000,35000,-14000,-14000
058623,國巨國票99購08  ,0,0,0,0,0,0,0,0,0,-14000,0,0,0,0,14000,-14000,-14000
057481,技嘉元大98購04  ,0,0,0,0,0,0,0,0,0,-14000,0,0,0,3000,17000,-14000,-14000
057240,茂林凱基9A購01  ,0,0,0,0,0,0,0,0,0,-14000,0,0,0,8000,22000,-14000,-14000
058558,鴻海日盛9A購02  ,0,0,0,0,0,0,0,0,0,-14000,0,0,0,1000,15000,-14000,-14000
057983,緯穎永豐98購03  ,0,0,0,0,0,0,0,0,0,-14000,0,0,0,0,14000,-14000,-14000
058293,光寶科凱基9A購01,0,0,0,0,0,0,0,0,0,-14000,0,0,0,42000,56000,-14000,-14000
060530,聯發科中信9C購03,0,0,0,0,0,0,0,0,0,-14000,0,0,0,0,14000,-14000,-14000
060194,旭富元富9A購01  ,0,0,0,0,0,0,0,0,0,-14000,0,0,0,105000,119000,-14000,-14000
062975,京鼎元富9B購01  ,0,0,0,0,0,0,0,0,0,-14000,0,0,0,508000,522000,-14000,-14000
062934,大成鋼凱基9B購02,0,0,0,0,0,0,0,0,0,-14000,0,0,0,82000,96000,-14000,-14000
062911,聯詠元大9B購03  ,0,0,0,0,0,0,0,0,0,-14000,0,0,0,82000,96000,-14000,-14000
063796,鴻海凱基9C購02  ,0,0,0,0,0,0,0,0,0,-14000,0,0,0,14000,28000,-14000,-14000
063832,矽創國票01購01  ,0,0,0,0,0,0,0,0,0,-14000,0,0,0,20000,34000,-14000,-14000
063622,健策兆豐9B購01  ,0,0,0,0,0,0,0,0,0,-14000,0,0,0,110000,124000,-14000,-14000
063404,金像電國票9B購01,0,0,0,0,0,0,0,0,0,-14000,0,0,0,12000,26000,-14000,-14000
061772,健策元大9B購06  ,0,0,0,0,0,0,0,0,0,-14000,0,0,0,177000,191000,-14000,-14000
061789,群創群益9B購01  ,0,0,0,0,0,0,0,0,0,-14000,0,0,0,164000,178000,-14000,-14000
061857,康友國票9B購01  ,0,0,0,0,0,0,0,0,0,-14000,0,0,0,6000,20000,-14000,-14000
06185P,台表科元大97售05,0,0,0,0,0,0,0,0,0,-14000,0,0,0,6000,20000,-14000,-14000
061925,禾伸堂凱基9C購01,0,0,0,0,0,0,0,0,0,-14000,0,0,0,20000,34000,-14000,-14000
062043,牧德凱基9B購04  ,0,0,0,0,0,0,0,0,0,-14000,0,0,0,6000,20000,-14000,-14000
062318,台郡凱基9B購01  ,0,0,0,0,0,0,0,0,0,-14000,0,0,0,6000,20000,-14000,-14000
062376,中租元大9B購02  ,0,0,0,0,0,0,0,0,0,-14000,0,0,0,36000,50000,-14000,-14000
07752P,台灣50元大9C售33,0,0,0,0,0,0,0,0,0,-15000,0,0,0,10000,25000,-15000,-15000
07730P,臺股指凱基9A售22,0,0,0,0,0,0,0,0,0,-15000,0,0,0,0,15000,-15000,-15000
07717P,臺股指群益9A售06,0,0,0,0,0,0,0,0,0,-15000,0,0,0,15000,30000,-15000,-15000
07555P,玉晶光元大9A售07,0,0,0,0,0,0,0,0,0,-15000,0,0,0,0,15000,-15000,-15000
07557P,玉晶光元大9A售09,0,0,0,0,0,0,0,0,0,-15000,0,0,0,0,15000,-15000,-15000
07651P,道瓊指中信01售01,0,0,0,0,0,0,0,0,0,-15000,0,0,0,0,15000,-15000,-15000
07617P,聯發科中信9C售04,0,0,0,0,0,0,0,0,0,-15000,0,0,0,149000,164000,-15000,-15000
07361P,聯發科元大99售34,0,0,0,0,0,0,0,0,0,-15000,0,0,0,0,15000,-15000,-15000
07181P,臺股指凱基99售23,0,0,0,0,0,0,0,0,0,-15000,0,0,0,0,15000,-15000,-15000
07090P,台灣50凱基01售01,0,0,0,0,0,0,0,0,0,-15000,0,0,0,0,15000,-15000,-15000
06567P,鴻海永豐98售02  ,0,0,0,0,0,0,0,0,0,-15000,0,0,0,0,15000,-15000,-15000
064265,嘉聯益永豐9C購02,0,0,0,0,0,0,0,0,0,-15000,0,0,0,0,15000,-15000,-15000
063875,SP黃豆元富9C購01,0,0,0,0,0,0,0,0,0,-15000,0,0,0,0,15000,-15000,-15000
063860,旺宏國泰02購01  ,0,0,0,0,0,0,0,0,0,-15000,0,0,0,0,15000,-15000,-15000
064010,GIS凱基02購01   ,0,0,0,0,0,0,0,0,0,-15000,0,0,0,0,15000,-15000,-15000
064023,智邦元大9C購02  ,0,0,0,0,0,0,0,0,0,-15000,0,0,0,175000,190000,-15000,-15000
6531,愛普            ,0,45000,-45000,0,0,0,0,0,0,30000,30000,0,30000,0,0,0,-15000
07902P,玉晶光國票01售01,0,0,0,0,0,0,0,0,0,-15000,0,0,0,0,15000,-15000,-15000
07961P,滬深2X中信01售02,0,0,0,0,0,0,0,0,0,-15000,0,0,0,0,15000,-15000,-15000
08271P,華通元富9C售01  ,0,0,0,0,0,0,0,0,0,-15000,0,0,0,0,15000,-15000,-15000
08225P,臺股指凱基9B售20,0,0,0,0,0,0,0,0,0,-15000,0,0,0,15000,30000,-15000,-15000
08175P,金像電統一9B售02,0,0,0,0,0,0,0,0,0,-15000,0,0,0,37000,52000,-15000,-15000
2059,川湖            ,126000,141000,-15000,0,0,0,0,0,0,0,0,0,0,0,0,0,-15000
2015,豐興            ,95000,110000,-15000,0,0,0,0,0,0,0,0,0,0,0,0,0,-15000
1707,葡萄王          ,184000,182000,2000,0,0,0,9000,0,9000,-26000,0,0,0,3000,29000,-26000,-15000
056600,聯茂元富98購01  ,0,0,0,0,0,0,0,0,0,-15000,0,0,0,0,15000,-15000,-15000
058140,臻鼎元大99購02  ,0,0,0,0,0,0,0,0,0,-15000,0,0,0,185000,200000,-15000,-15000
057298,旭富永豐98購01  ,0,0,0,0,0,0,0,0,0,-15000,0,0,0,271000,286000,-15000,-15000
05671P,友達國泰97售03  ,0,0,0,0,0,0,0,0,0,-15000,0,0,0,0,15000,-15000,-15000
056324,南亞科兆豐98購01,0,0,0,0,0,0,0,0,0,-15000,0,0,0,35000,50000,-15000,-15000
055327,致新國票98購01  ,0,0,0,0,0,0,0,0,0,-15000,0,0,0,0,15000,-15000,-15000
053137,旺宏富邦98購01  ,0,0,0,0,0,0,0,0,0,-15000,0,0,0,0,15000,-15000,-15000
053403,彩晶群益98購01  ,0,0,0,0,0,0,0,0,0,-15000,0,0,0,0,15000,-15000,-15000
053405,台達電兆豐96購01,0,0,0,0,0,0,0,0,0,-15000,0,0,0,10000,25000,-15000,-15000
052748,群創元大9A購02  ,0,0,0,0,0,0,0,0,0,-15000,0,0,0,0,15000,-15000,-15000
060483,友達富邦9A購01  ,0,0,0,0,0,0,0,0,0,-15000,0,0,0,16000,31000,-15000,-15000
060562,旺宏富邦9C購02  ,0,0,0,0,0,0,0,0,0,-15000,0,0,0,0,15000,-15000,-15000
058238,奇鋐元大99購02  ,0,0,0,0,0,0,0,0,0,-15000,0,0,0,0,15000,-15000,-15000
058989,茂林凱基99購02  ,0,0,0,0,0,0,0,0,0,-15000,0,0,0,10000,25000,-15000,-15000
058329,S&P正2元富01購01,0,0,0,0,0,0,0,0,0,-15000,0,0,0,85000,100000,-15000,-15000
059021,台積電統一9B購07,0,0,0,0,0,0,0,0,0,-15000,0,0,0,5000,20000,-15000,-15000
057450,國泰金元富98購01,0,0,0,0,0,0,0,0,0,-15000,0,0,0,182000,197000,-15000,-15000
057876,隆達元大98購01  ,0,0,0,0,0,0,0,0,0,-15000,0,0,0,13000,28000,-15000,-15000
058718,台灣50元富03購01,0,0,0,0,0,0,0,0,0,-15000,0,0,0,0,15000,-15000,-15000
059318,旺宏元大99購13  ,0,0,0,0,0,0,0,0,0,-15000,0,0,0,6000,21000,-15000,-15000
059634,可成凱基99購07  ,0,0,0,0,0,0,0,0,0,-15000,0,0,0,15000,30000,-15000,-15000
060996,臻鼎元大9A購01  ,0,0,0,0,0,0,0,0,0,-15000,0,0,0,0,15000,-15000,-15000
060887,台積電統一01購01,0,0,0,0,0,0,0,0,0,-15000,0,0,0,5000,20000,-15000,-15000
060736,旺宏統一01購01  ,0,0,0,0,0,0,0,0,0,-15000,0,0,0,40000,55000,-15000,-15000
060749,祥碩國票9A購01  ,0,0,0,0,0,0,0,0,0,-15000,0,0,0,0,15000,-15000,-15000
057630,茂林永豐98購01  ,0,0,0,0,0,0,0,0,0,-15000,0,0,0,0,15000,-15000,-15000
058464,矽創兆豐9A購01  ,0,0,0,0,0,0,0,0,0,-15000,0,0,0,16000,31000,-15000,-15000
062349,新日興群益9B購02,0,0,0,0,0,0,0,0,0,-15000,0,0,0,0,15000,-15000,-15000
061963,台積電統一01購04,0,0,0,0,0,0,0,0,0,-15000,0,0,0,57000,72000,-15000,-15000
062137,華新科群益9B購04,0,0,0,0,0,0,0,0,0,-15000,0,0,0,0,15000,-15000,-15000
062094,台積電富邦9C購12,0,0,0,0,0,0,0,0,0,-15000,0,0,0,0,15000,-15000,-15000
062107,台光電國票9B購01,0,0,0,0,0,0,0,0,0,-15000,0,0,0,18000,33000,-15000,-15000
06188P,大立光元富97售01,0,0,0,0,0,0,0,0,0,-15000,0,0,0,24000,39000,-15000,-15000
061674,聯發科元大9A購12,0,0,0,0,0,0,0,0,0,-15000,0,0,0,0,15000,-15000,-15000
061626,超眾群益9A購02  ,0,0,0,0,0,0,0,0,0,-15000,0,0,0,3000,18000,-15000,-15000
061542,旺宏群益9A購04  ,0,0,0,0,0,0,0,0,0,-15000,0,0,0,85000,100000,-15000,-15000
061471,台積電元大9A購31,0,0,0,0,0,0,0,0,0,-15000,0,0,0,0,15000,-15000,-15000
061415,健策群益9A購04  ,0,0,0,0,0,0,0,0,0,-15000,0,0,0,30000,45000,-15000,-15000
061295,台積電國泰9B購02,0,0,0,0,0,0,0,0,0,-15000,0,0,0,77000,92000,-15000,-15000
063333,同欣電國票9C購01,0,0,0,0,0,0,0,0,0,-15000,0,0,0,197000,212000,-15000,-15000
063662,上銀統一01購03  ,0,0,0,0,0,0,0,0,0,-15000,0,0,0,0,15000,-15000,-15000
063748,台積電國票9C購05,0,0,0,0,0,0,0,0,0,-15000,0,0,0,13000,28000,-15000,-15000
062904,台光電元大9B購06,0,0,0,0,0,0,0,0,0,-15000,0,0,0,238000,253000,-15000,-15000
062808,祥碩統一9C購01  ,0,0,0,0,0,0,0,0,0,-15000,0,0,0,830000,845000,-15000,-15000
062719,微星凱基9B購01  ,0,0,0,0,0,0,0,0,0,-15000,0,0,0,15000,30000,-15000,-15000
06262P,國巨凱基97售07  ,0,0,0,0,0,0,0,0,0,-15000,0,0,0,0,15000,-15000,-15000
08332P,智邦台新9C售03  ,0,0,0,0,0,0,0,0,0,-16000,0,0,0,10000,26000,-16000,-16000
1558,伸興            ,31000,47000,-16000,0,0,0,0,0,0,0,0,0,0,0,0,0,-16000
1507,永大            ,74000,90000,-16000,0,0,0,0,0,0,0,0,0,0,0,0,0,-16000
2882B,國泰金乙特      ,0,0,0,0,0,0,0,0,0,-16000,0,16000,-16000,0,0,0,-16000
2444,兆勁            ,19000,15000,4000,0,0,0,0,0,0,-20000,0,20000,-20000,0,0,0,-16000
2462,良得電          ,5000,21000,-16000,0,0,0,0,0,0,0,0,0,0,0,0,0,-16000
064057,緯穎統一02購01  ,0,0,0,0,0,0,0,0,0,-16000,0,0,0,220000,236000,-16000,-16000
063916,瀚宇博凱基01購01,0,0,0,0,0,0,0,0,0,-16000,0,0,0,24000,40000,-16000,-16000
064277,可成元大9C購04  ,0,0,0,0,0,0,0,0,0,-16000,0,0,0,2000,18000,-16000,-16000
03007X,元展07          ,0,0,0,0,0,0,0,0,0,-16000,0,0,0,0,16000,-16000,-16000
03033X,元展30          ,0,0,0,0,0,0,0,0,0,-16000,0,0,0,0,16000,-16000,-16000
052413,上証反中信97購01,0,0,0,0,0,0,0,0,0,-16000,0,0,0,0,16000,-16000,-16000
054390,智邦元富96購03  ,0,0,0,0,0,0,0,0,0,-16000,0,0,0,0,16000,-16000,-16000
055446,奇力新統一9A購01,0,0,0,0,0,0,0,0,0,-16000,0,0,0,0,16000,-16000,-16000
056635,亞德客日盛99購01,0,0,0,0,0,0,0,0,0,-16000,0,0,0,1000,17000,-16000,-16000
056137,聯鈞元大9A購01  ,0,0,0,0,0,0,0,0,0,-16000,0,0,0,0,16000,-16000,-16000
055230,大毅國票98購01  ,0,0,0,0,0,0,0,0,0,-16000,0,0,0,30000,46000,-16000,-16000
054751,GIS凱基98購01   ,0,0,0,0,0,0,0,0,0,-16000,0,0,0,10000,26000,-16000,-16000
058431,國巨統一9B購01  ,0,0,0,0,0,0,0,0,0,-16000,0,0,0,20000,36000,-16000,-16000
058367,大立光凱基9A購01,0,0,0,0,0,0,0,0,0,-16000,0,0,0,0,16000,-16000,-16000
060898,世芯凱基9A購03  ,0,0,0,0,0,0,0,0,0,-16000,0,0,0,4000,20000,-16000,-16000
059114,華新科永豐99購05,0,0,0,0,0,0,0,0,0,-16000,0,0,0,274000,290000,-16000,-16000
059083,華通元大99購07  ,0,0,0,0,0,0,0,0,0,-16000,0,0,0,4000,20000,-16000,-16000
058851,大立光群益99購07,0,0,0,0,0,0,0,0,0,-16000,0,0,0,36000,52000,-16000,-16000
058032,大立光永豐98購05,0,0,0,0,0,0,0,0,0,-16000,0,0,0,0,16000,-16000,-16000
057946,晶相光國票99購01,0,0,0,0,0,0,0,0,0,-16000,0,0,0,38000,54000,-16000,-16000
057366,智邦元大98購08  ,0,0,0,0,0,0,0,0,0,-16000,0,0,0,5000,21000,-16000,-16000
062638,茂林國票9C購01  ,0,0,0,0,0,0,0,0,0,-16000,0,0,0,0,16000,-16000,-16000
062974,奇力新元富9B購01,0,0,0,0,0,0,0,0,0,-16000,0,0,0,91000,107000,-16000,-16000
063314,美律群益9B購01  ,0,0,0,0,0,0,0,0,0,-16000,0,0,0,13000,29000,-16000,-16000
063300,華通凱基9B購05  ,0,0,0,0,0,0,0,0,0,-16000,0,0,0,26000,42000,-16000,-16000
063466,美食元大9B購02  ,0,0,0,0,0,0,0,0,0,-16000,0,0,0,60000,76000,-16000,-16000
063473,茂林元大9B購05  ,0,0,0,0,0,0,0,0,0,-16000,0,0,0,19000,35000,-16000,-16000
06182P,群創兆豐97售03  ,0,0,0,0,0,0,0,0,0,-16000,0,0,0,16000,32000,-16000,-16000
062333,嘉晶統一9C購01  ,0,0,0,0,0,0,0,0,0,-16000,0,0,0,27000,43000,-16000,-16000
8104,錸寶            ,112000,128000,-16000,0,0,0,0,0,0,0,0,0,0,0,0,0,-16000
6504,南六            ,290000,195295,94705,0,0,0,0,14000,-14000,-97000,0,55000,-55000,5000,47000,-42000,-16295
6189,豐藝            ,11000,28000,-17000,0,0,0,0,0,0,0,0,0,0,0,0,0,-17000
4560,強信-KY         ,148000,165000,-17000,0,0,0,0,0,0,0,0,0,0,0,0,0,-17000
1809,中釉            ,35000,52000,-17000,0,0,0,0,0,0,0,0,0,0,0,0,0,-17000
064201,新光金兆豐9C購01,0,0,0,0,0,0,0,0,0,-17000,0,0,0,0,17000,-17000,-17000
06687P,A50正2中信9A售01,0,0,0,0,0,0,0,0,0,-17000,0,0,0,0,17000,-17000,-17000
06999P,玉晶光國票9B售01,0,0,0,0,0,0,0,0,0,-17000,0,0,0,159000,176000,-17000,-17000
06865P,亞德客元大98售04,0,0,0,0,0,0,0,0,0,-17000,0,0,0,0,17000,-17000,-17000
06904P,TPK凱基98售03   ,0,0,0,0,0,0,0,0,0,-17000,0,0,0,118000,135000,-17000,-17000
07374P,鴻海元大99售41  ,0,0,0,0,0,0,0,0,0,-17000,0,0,0,0,17000,-17000,-17000
07611P,大立光國票9A售05,0,0,0,0,0,0,0,0,0,-17000,0,0,0,0,17000,-17000,-17000
07531P,大立光國泰9B售03,0,0,0,0,0,0,0,0,0,-17000,0,0,0,10000,27000,-17000,-17000
07509P,牧德國票9A售03  ,0,0,0,0,0,0,0,0,0,-17000,0,0,0,0,17000,-17000,-17000
07849P,大立光群益9A售06,0,0,0,0,0,0,0,0,0,-17000,0,0,0,0,17000,-17000,-17000
055142,健策永豐98購01  ,0,0,0,0,0,0,0,0,0,-17000,0,0,0,10000,27000,-17000,-17000
058957,貿聯國票9A購01  ,0,0,0,0,0,0,0,0,0,-17000,0,0,0,6000,23000,-17000,-17000
060635,義隆永豐9A購01  ,0,0,0,0,0,0,0,0,0,-17000,0,0,0,28000,45000,-17000,-17000
060523,鴻海中信9C購03  ,0,0,0,0,0,0,0,0,0,-17000,0,0,0,0,17000,-17000,-17000
060010,義隆群益99購02  ,0,0,0,0,0,0,0,0,0,-17000,0,0,0,13000,30000,-17000,-17000
057233,聯發科凱基98購14,0,0,0,0,0,0,0,0,0,-17000,0,0,0,28000,45000,-17000,-17000
058711,鴻海統一9A購02  ,0,0,0,0,0,0,0,0,0,-17000,0,0,0,3000,20000,-17000,-17000
05873P,華通群益97售02  ,0,0,0,0,0,0,0,0,0,-17000,0,0,0,0,17000,-17000,-17000
059284,緯穎永豐99購03  ,0,0,0,0,0,0,0,0,0,-17000,0,0,0,10000,27000,-17000,-17000
05954P,旺宏國票97售03  ,0,0,0,0,0,0,0,0,0,-17000,0,0,0,0,17000,-17000,-17000
061757,T50反1元大9B購01,0,0,0,0,0,0,0,0,0,-17000,0,0,0,0,17000,-17000,-17000
063551,美食國票9B購02  ,0,0,0,0,0,0,0,0,0,-17000,0,0,0,11000,28000,-17000,-17000
063521,國巨凱基03購01  ,0,0,0,0,0,0,0,0,0,-17000,0,0,0,3000,20000,-17000,-17000
06322P,超眾統一97售04  ,0,0,0,0,0,0,0,0,0,-17000,0,0,0,3000,20000,-17000,-17000
063228,聯茂群益9B購01  ,0,0,0,0,0,0,0,0,0,-17000,0,0,0,88000,105000,-17000,-17000
8422,可寧衛          ,16000,33000,-17000,0,0,0,0,0,0,0,0,0,0,0,0,0,-17000
07797P,大立光國票9A售08,0,0,0,0,0,0,0,0,0,-18000,0,0,0,0,18000,-18000,-18000
06803P,臺股指群益98售09,0,0,0,0,0,0,0,0,0,-18000,0,0,0,0,18000,-18000,-18000
06710P,臺股指台新99售07,0,0,0,0,0,0,0,0,0,-18000,0,0,0,0,18000,-18000,-18000
06598P,奇力新永豐98售02,0,0,0,0,0,0,0,0,0,-18000,0,0,0,0,18000,-18000,-18000
064175,華通國泰02購01  ,0,0,0,0,0,0,0,0,0,-18000,0,0,0,9000,27000,-18000,-18000
064144,智邦統一01購02  ,0,0,0,0,0,0,0,0,0,-18000,0,0,0,0,18000,-18000,-18000
08053P,臺股指國票9B售18,0,0,0,0,0,0,0,0,0,-18000,0,0,0,2000,20000,-18000,-18000
2476,鉅祥            ,64000,82000,-18000,0,0,0,0,0,0,0,0,0,0,0,0,0,-18000
059868,台光電凱基99購03,0,0,0,0,0,0,0,0,0,-18000,0,0,0,2000,20000,-18000,-18000
057075,嘉聯益永豐98購01,0,0,0,0,0,0,0,0,0,-18000,0,0,0,50000,68000,-18000,-18000
055112,晶豪科凱基98購01,0,0,0,0,0,0,0,0,0,-18000,0,0,0,2000,20000,-18000,-18000
054778,世紀鋼國票99購01,0,0,0,0,0,0,0,0,0,-18000,0,0,0,2000,20000,-18000,-18000
056247,台郡群益97購01  ,0,0,0,0,0,0,0,0,0,-18000,0,0,0,2000,20000,-18000,-18000
056488,致新元大99購01  ,0,0,0,0,0,0,0,0,0,-18000,0,0,0,152000,170000,-18000,-18000
054569,GIS群益98購01   ,0,0,0,0,0,0,0,0,0,-18000,0,0,0,0,18000,-18000,-18000
053883,大立光中信98購02,0,0,0,0,0,0,0,0,0,-18000,0,0,0,0,18000,-18000,-18000
052468,超眾統一96購02  ,0,0,0,0,0,0,0,0,0,-18000,0,0,0,0,18000,-18000,-18000
03421B,臺股指元大99熊01,0,0,0,0,0,0,0,0,0,-18000,0,0,0,0,18000,-18000,-18000
03431B,元油2X凱基9B熊03,0,0,0,0,0,0,0,0,0,-18000,0,0,0,0,18000,-18000,-18000
054210,台光電國票97購03,0,0,0,0,0,0,0,0,0,-18000,0,0,0,2000,20000,-18000,-18000
059531,華新科凱基9B購02,0,0,0,0,0,0,0,0,0,-18000,0,0,0,3000,21000,-18000,-18000
059716,鴻海元大99購35  ,0,0,0,0,0,0,0,0,0,-18000,0,0,0,6000,24000,-18000,-18000
058687,聯茂凱基9A購01  ,0,0,0,0,0,0,0,0,0,-18000,0,0,0,23000,41000,-18000,-18000
058649,健策永豐99購01  ,0,0,0,0,0,0,0,0,0,-18000,0,0,0,20000,38000,-18000,-18000
060890,大立光統一01購01,0,0,0,0,0,0,0,0,0,-18000,0,0,0,2000,20000,-18000,-18000
060976,SP黃豆元大9A購03,0,0,0,0,0,0,0,0,0,-18000,0,0,0,0,18000,-18000,-18000
057862,智邦凱基99購01  ,0,0,0,0,0,0,0,0,0,-18000,0,0,0,30000,48000,-18000,-18000
058610,欣興元大99購05  ,0,0,0,0,0,0,0,0,0,-18000,0,0,0,29000,47000,-18000,-18000
060041,T50反1群益99購04,0,0,0,0,0,0,0,0,0,-18000,0,0,0,0,18000,-18000,-18000
060459,鴻海元大9A購07  ,0,0,0,0,0,0,0,0,0,-18000,0,0,0,4000,22000,-18000,-18000
063629,台積電元大9B購08,0,0,0,0,0,0,0,0,0,-18000,0,0,0,0,18000,-18000,-18000
061555,聯電國票9B購01  ,0,0,0,0,0,0,0,0,0,-18000,0,0,0,24000,42000,-18000,-18000
061680,崇越元大9A購01  ,0,0,0,0,0,0,0,0,0,-18000,0,0,0,71000,89000,-18000,-18000
061410,緯穎國票9A購03  ,0,0,0,0,0,0,0,0,0,-18000,0,0,0,10000,28000,-18000,-18000
062229,南六統一9B購01  ,0,0,0,0,0,0,0,0,0,-18000,0,0,0,50000,68000,-18000,-18000
2466,冠西電          ,1000,20000,-19000,0,0,0,0,0,0,0,0,0,0,0,0,0,-19000
2374,佳能            ,6000,25000,-19000,0,0,0,0,0,0,0,0,0,0,0,0,0,-19000
08327P,聯發科兆豐9C售03,0,0,0,0,0,0,0,0,0,-19000,0,0,0,0,19000,-19000,-19000
064111,國巨國票02購02  ,0,0,0,0,0,0,0,0,0,-19000,0,0,0,1000,20000,-19000,-19000
063858,鴻海國泰02購01  ,0,0,0,0,0,0,0,0,0,-19000,0,0,0,21000,40000,-19000,-19000
07771P,義隆國票9A售01  ,0,0,0,0,0,0,0,0,0,-19000,0,0,0,150000,169000,-19000,-19000
07575P,瑞昱元大9A售02  ,0,0,0,0,0,0,0,0,0,-19000,0,0,0,5000,24000,-19000,-19000
054259,健策元大97購03  ,0,0,0,0,0,0,0,0,0,-19000,0,0,0,2000,21000,-19000,-19000
03445B,臺股指元大02熊01,10000,0,10000,0,0,0,0,0,0,-29000,0,0,0,468000,497000,-29000,-19000
053530,聯發科康和96購01,0,0,0,0,0,0,0,0,0,-19000,0,0,0,1000,20000,-19000,-19000
053671,可成統一96購03  ,0,0,0,0,0,0,0,0,0,-19000,0,0,0,0,19000,-19000,-19000
056484,聯茂元大98購02  ,0,0,0,0,0,0,0,0,0,-19000,0,0,0,0,19000,-19000,-19000
056167,力成台新97購01  ,0,0,0,0,0,0,0,0,0,-19000,0,0,0,81000,100000,-19000,-19000
056846,晶相光元富98購01,0,0,0,0,0,0,0,0,0,-19000,0,0,0,8000,27000,-19000,-19000
056915,上銀兆豐99購01  ,0,0,0,0,0,0,0,0,0,-19000,0,0,0,1000,20000,-19000,-19000
058962,元油2X兆豐9A購02,0,0,0,0,0,0,0,0,0,-19000,0,0,0,0,19000,-19000,-19000
060191,亞光元富9A購02  ,0,0,0,0,0,0,0,0,0,-19000,0,0,0,124000,143000,-19000,-19000
057926,帆宣凱基98購02  ,0,0,0,0,0,0,0,0,0,-19000,0,0,0,20000,39000,-19000,-19000
058378,南電凱基99購01  ,0,0,0,0,0,0,0,0,0,-19000,0,0,0,1000,20000,-19000,-19000
060697,鴻海國泰9C購01  ,0,0,0,0,0,0,0,0,0,-19000,0,0,0,5000,24000,-19000,-19000
058518,玉晶光元大99購13,0,0,0,0,0,0,0,0,0,-19000,0,0,0,12000,31000,-19000,-19000
058792,鴻海元大99購18  ,0,0,0,0,0,0,0,0,0,-19000,0,0,0,16000,35000,-19000,-19000
058876,南電國票9A購02  ,0,0,0,0,0,0,0,0,0,-19000,0,0,0,7000,26000,-19000,-19000
062253,燿華元大9B購02  ,0,0,0,0,0,0,0,0,0,-19000,0,0,0,5000,24000,-19000,-19000
062105,國巨國票9C購03  ,0,0,0,0,0,0,0,0,0,-19000,0,0,0,0,19000,-19000,-19000
063282,奇力新元大9B購06,0,0,0,0,0,0,0,0,0,-19000,0,0,0,5000,24000,-19000,-19000
063320,旭富群益9B購03  ,0,0,0,0,0,0,0,0,0,-19000,0,0,0,113000,132000,-19000,-19000
063331,瑞儀國票9C購01  ,0,0,0,0,0,0,0,0,0,-19000,0,0,0,0,19000,-19000,-19000
063237,微星元大9B購02  ,0,0,0,0,0,0,0,0,0,-19000,0,0,0,36000,55000,-19000,-19000
062646,聯發科國泰01購02,0,0,0,0,0,0,0,0,0,-19000,0,0,0,6000,25000,-19000,-19000
062635,創意國票9B購01  ,0,0,0,0,0,0,0,0,0,-19000,0,0,0,38000,57000,-19000,-19000
07532P,台灣50中信01售02,0,0,0,0,0,0,0,0,0,-20000,0,0,0,0,20000,-20000,-20000
07587P,台灣50國票9A售11,0,0,0,0,0,0,0,0,0,-20000,0,0,0,0,20000,-20000,-20000
07448P,台灣50元大9A售08,0,0,0,0,0,0,0,0,0,-20000,0,0,0,0,20000,-20000,-20000
07391P,台灣50國泰02售01,0,0,0,0,0,0,0,0,0,-20000,0,0,0,0,20000,-20000,-20000
07729P,臺股指凱基9A售21,0,0,0,0,0,0,0,0,0,-20000,0,0,0,30000,50000,-20000,-20000
07739P,緯穎永豐9A售01  ,0,0,0,0,0,0,0,0,0,-20000,0,0,0,0,20000,-20000,-20000
07707P,玉山金元大9A售03,0,0,0,0,0,0,0,0,0,-20000,0,0,0,100000,120000,-20000,-20000
07655P,台灣50凱基01售09,0,0,0,0,0,0,0,0,0,-20000,0,0,0,0,20000,-20000,-20000
06880P,鈺齊凱基98售03  ,0,0,0,0,0,0,0,0,0,-20000,0,0,0,0,20000,-20000,-20000
06961P,台積電凱基99售05,0,0,0,0,0,0,0,0,0,-20000,0,0,0,0,20000,-20000,-20000
07238P,台灣50國票99售07,0,0,0,0,0,0,0,0,0,-20000,0,0,0,0,20000,-20000,-20000
07226P,貿聯富邦9B售01  ,0,0,0,0,0,0,0,0,0,-20000,0,0,0,0,20000,-20000,-20000
064203,康控兆豐9C購02  ,0,0,0,0,0,0,0,0,0,-20000,0,0,0,0,20000,-20000,-20000
064254,景碩台新9C購02  ,0,0,0,0,0,0,0,0,0,-20000,0,0,0,0,20000,-20000,-20000
064407,貿聯凱基02購02  ,0,0,0,0,0,0,0,0,0,-20000,0,0,0,0,20000,-20000,-20000
06587P,國巨元大98售13  ,0,0,0,0,0,0,0,0,0,-20000,0,0,0,0,20000,-20000,-20000
06564P,國巨富邦9A售04  ,0,0,0,0,0,0,0,0,0,-20000,0,0,0,0,20000,-20000,-20000
06457P,玉晶光統一98售02,0,0,0,0,0,0,0,0,0,-20000,0,0,0,0,20000,-20000,-20000
06517P,國巨凱基98售09  ,0,0,0,0,0,0,0,0,0,-20000,0,0,0,0,20000,-20000,-20000
1340,勝悅-KY         ,11000,31000,-20000,0,0,0,0,0,0,0,0,0,0,0,0,0,-20000
08050P,臺股指國票9B售15,0,0,0,0,0,0,0,0,0,-20000,0,0,0,0,20000,-20000,-20000
08026P,臺股指凱基9B售12,0,0,0,0,0,0,0,0,0,-20000,0,0,0,4000,24000,-20000,-20000
07963P,智邦統一9B售01  ,0,10000,-10000,0,0,0,0,0,0,-10000,0,0,0,213000,223000,-10000,-20000
07946P,華通統一9B售02  ,0,0,0,0,0,0,0,0,0,-20000,0,0,0,0,20000,-20000,-20000
08220P,華邦電凱基9B售02,0,0,0,0,0,0,0,0,0,-20000,0,0,0,0,20000,-20000,-20000
2488,漢平            ,13000,33000,-20000,0,0,0,0,0,0,0,0,0,0,0,0,0,-20000
4545,銘鈺            ,42000,62000,-20000,0,0,0,0,0,0,0,0,0,0,0,0,0,-20000
3383,新世紀          ,0,20000,-20000,0,0,0,0,0,0,0,0,0,0,0,0,0,-20000
6192,巨路            ,22000,20000,2000,0,0,0,0,0,0,-22000,0,22000,-22000,0,0,0,-20000
059924,世紀鋼元大99購06,0,0,0,0,0,0,0,0,0,-20000,0,0,0,107000,127000,-20000,-20000
05692P,聯發科中信9A售02,0,0,0,0,0,0,0,0,0,-20000,0,0,0,20000,40000,-20000,-20000
056689,玉晶光統一9A購03,0,0,0,0,0,0,0,0,0,-20000,0,0,0,6000,26000,-20000,-20000
056737,國巨凱基9A購01  ,0,0,0,0,0,0,0,0,0,-20000,0,0,0,0,20000,-20000,-20000
056153,華新科凱基97購02,0,0,0,0,0,0,0,0,0,-20000,0,0,0,0,20000,-20000,-20000
056174,億光元富97購01  ,0,0,0,0,0,0,0,0,0,-20000,0,0,0,0,20000,-20000,-20000
055953,上銀元大97購09  ,0,0,0,0,0,0,0,0,0,-20000,0,0,0,0,20000,-20000,-20000
056589,康控統一98購01  ,0,0,0,0,0,0,0,0,0,-20000,0,0,0,0,20000,-20000,-20000
05582P,群創凱基98售06  ,0,0,0,0,0,0,0,0,0,-20000,0,0,0,0,20000,-20000,-20000
055736,宏達電元富99購01,0,0,0,0,0,0,0,0,0,-20000,0,0,0,0,20000,-20000,-20000
054784,順德群益9A購01  ,0,0,0,0,0,0,0,0,0,-20000,0,0,0,0,20000,-20000,-20000
054881,光罩統一97購01  ,0,0,0,0,0,0,0,0,0,-20000,0,0,0,0,20000,-20000,-20000
054952,大毅元大97購02  ,0,0,0,0,0,0,0,0,0,-20000,0,0,0,0,20000,-20000,-20000
055215,智邦凱基98購02  ,0,0,0,0,0,0,0,0,0,-20000,0,0,0,0,20000,-20000,-20000
055551,致茂凱基98購01  ,0,0,0,0,0,0,0,0,0,-20000,0,0,0,10000,30000,-20000,-20000
055469,台光電凱基97購01,0,0,0,0,0,0,0,0,0,-20000,0,0,0,0,20000,-20000,-20000
055532,中工群益98購01  ,0,0,0,0,0,0,0,0,0,-20000,0,0,0,0,20000,-20000,-20000
057095,祥碩元富98購02  ,0,0,0,0,0,0,0,0,0,-20000,0,0,0,0,20000,-20000,-20000
054613,大立光永豐97購02,0,0,0,0,0,0,0,0,0,-20000,0,0,0,0,20000,-20000,-20000
054638,國泰金中信99購01,0,0,0,0,0,0,0,0,0,-20000,0,0,0,0,20000,-20000,-20000
054642,訊芯中信9A購01  ,0,0,0,0,0,0,0,0,0,-20000,0,0,0,0,20000,-20000,-20000
055381,茂林元大97購02  ,0,0,0,0,0,0,0,0,0,-20000,0,0,0,0,20000,-20000,-20000
053092,台表科元大97購02,0,0,0,0,0,0,0,0,0,-20000,0,0,0,0,20000,-20000,-20000
053364,友達國泰98購01  ,0,0,0,0,0,0,0,0,0,-20000,0,0,0,0,20000,-20000,-20000
053232,友達永豐97購02  ,0,0,0,0,0,0,0,0,0,-20000,0,0,0,0,20000,-20000,-20000
052367,聯茂國票96購02  ,0,0,0,0,0,0,0,0,0,-20000,0,0,0,20000,40000,-20000,-20000
054370,台積電中信9A購01,0,0,0,0,0,0,0,0,0,-20000,0,0,0,0,20000,-20000,-20000
054351,華新科國泰97購03,0,0,0,0,0,0,0,0,0,-20000,0,0,0,10000,30000,-20000,-20000
035277,景碩台新97購01  ,0,0,0,0,0,0,0,0,0,-20000,0,0,0,0,20000,-20000,-20000
050515,聯電元大96購01  ,0,0,0,0,0,0,0,0,0,-20000,0,0,0,0,20000,-20000,-20000
050363,臺指反元大98購04,0,0,0,0,0,0,0,0,0,-20000,0,0,0,0,20000,-20000,-20000
054263,聯茂元大96購02  ,0,0,0,0,0,0,0,0,0,-20000,0,0,0,60000,80000,-20000,-20000
054218,S&P反1統一98購02,0,0,0,0,0,0,0,0,0,-20000,0,0,0,0,20000,-20000,-20000
054308,嘉晶凱基98購01  ,0,0,0,0,0,0,0,0,0,-20000,0,0,0,0,20000,-20000,-20000
052987,華新科元大99購01,0,0,0,0,0,0,0,0,0,-20000,0,0,0,0,20000,-20000,-20000
046385,群創凱基98購03  ,0,0,0,0,0,0,0,0,0,-20000,0,0,0,0,20000,-20000,-20000
048236,A50正2國票97購02,0,0,0,0,0,0,0,0,0,-20000,0,0,0,0,20000,-20000,-20000
051510,新光金中信97購01,0,0,0,0,0,0,0,0,0,-20000,0,0,0,0,20000,-20000,-20000
02001L,富邦蘋果正二N   ,0,0,0,0,0,0,0,0,0,-20000,0,0,0,6000,26000,-20000,-20000
058833,台表科永豐99購01,0,0,0,0,0,0,0,0,0,-20000,0,0,0,0,20000,-20000,-20000
059064,緯穎凱基99購02  ,0,0,0,0,0,0,0,0,0,-20000,0,0,0,0,20000,-20000,-20000
058881,全新永豐99購01  ,0,0,0,0,0,0,0,0,0,-20000,0,0,0,0,20000,-20000,-20000
059239,台積電凱基99購12,0,0,0,0,0,0,0,0,0,-20000,0,0,0,40000,60000,-20000,-20000
058794,旺宏元大99購09  ,0,0,0,0,0,0,0,0,0,-20000,0,0,0,0,20000,-20000,-20000
058737,鴻海第一01購01  ,0,0,0,0,0,0,0,0,0,-20000,0,0,0,0,20000,-20000,-20000
05875P,旺宏群益98售01  ,0,0,0,0,0,0,0,0,0,-20000,0,0,0,0,20000,-20000,-20000
058642,旺宏麥證9A購01  ,0,0,0,0,20000,-20000,0,0,0,-20000,0,0,0,0,20000,-20000,-20000
058697,亞德客元大99購01,0,0,0,0,0,0,0,0,0,-20000,0,0,0,0,20000,-20000,-20000
059665,嘉聯益元大99購06,0,0,0,0,0,0,0,0,0,-20000,0,0,0,10000,30000,-20000,-20000
059532,華新科凱基9B購03,0,0,0,0,0,0,0,0,0,-20000,0,0,0,0,20000,-20000,-20000
059565,國巨凱基99購16  ,0,0,0,0,0,0,0,0,0,-20000,0,0,0,0,20000,-20000,-20000
059572,華新科凱基99購08,0,0,0,0,0,0,0,0,0,-20000,0,0,0,0,20000,-20000,-20000
059630,美律凱基99購07  ,0,0,0,0,0,0,0,0,0,-20000,0,0,0,20000,40000,-20000,-20000
059126,臺指反中信9B購01,0,0,0,0,0,0,0,0,0,-20000,0,0,0,0,20000,-20000,-20000
058418,台積電麥證99購01,0,0,0,0,20000,-20000,0,0,0,-20000,0,0,0,0,20000,-20000,-20000
058481,玉晶光凱基9A購04,0,0,0,0,0,0,0,0,0,-20000,0,0,0,0,20000,-20000,-20000
060948,可成第一9A購01  ,0,0,0,0,0,0,0,0,0,-20000,0,0,0,0,20000,-20000,-20000
060833,道瓊反國票9A購01,0,0,0,0,0,0,0,0,0,-20000,0,0,0,0,20000,-20000,-20000
060823,旺宏元大9A購05  ,0,0,0,0,0,0,0,0,0,-20000,0,0,0,5000,25000,-20000,-20000
060781,台郡國泰9B購01  ,0,0,0,0,0,0,0,0,0,-20000,0,0,0,5000,25000,-20000,-20000
061021,聯電國泰9B購01  ,0,0,0,0,0,0,0,0,0,-20000,0,0,0,0,20000,-20000,-20000
06105P,國巨國票98售02  ,0,0,0,0,0,0,0,0,0,-20000,0,0,0,6000,26000,-20000,-20000
061135,聯發科統一9C購03,0,0,0,0,0,0,0,0,0,-20000,0,0,0,0,20000,-20000,-20000
057902,嘉晶永豐98購02  ,0,0,0,0,0,0,0,0,0,-20000,0,0,0,10000,30000,-20000,-20000
057841,茂林富邦9A購02  ,0,0,0,0,0,0,0,0,0,-20000,0,0,0,0,20000,-20000,-20000
058580,華新科群益99購02,0,0,0,0,0,0,0,0,0,-20000,0,0,0,0,20000,-20000,-20000
058557,健策第一01購01  ,0,0,0,0,0,0,0,0,0,-20000,0,0,0,0,20000,-20000,-20000
058315,TPK富邦9C購01   ,0,0,0,0,0,0,0,0,0,-20000,0,0,0,20000,40000,-20000,-20000
058069,美律凱基99購05  ,0,0,0,0,0,0,0,0,0,-20000,0,0,0,0,20000,-20000,-20000
058077,超眾凱基98購02  ,0,0,0,0,0,0,0,0,0,-20000,0,0,0,0,20000,-20000,-20000
060018,國產康和99購01  ,0,0,0,0,0,0,0,0,0,-20000,0,0,0,0,20000,-20000,-20000
059954,華新科康和99購01,0,0,0,0,0,0,0,0,0,-20000,0,0,0,25000,45000,-20000,-20000
06046P,健策統一96售03  ,0,0,0,0,0,0,0,0,0,-20000,0,0,0,2000,22000,-20000,-20000
057388,奇鋐永豐98購02  ,0,0,0,0,0,0,0,0,0,-20000,0,0,0,0,20000,-20000,-20000
060554,中租凱基9A購01  ,0,0,0,0,0,0,0,0,0,-20000,0,0,0,0,20000,-20000,-20000
060608,玉晶光凱基9A購08,0,0,0,0,0,0,0,0,0,-20000,0,0,0,0,20000,-20000,-20000
060582,玉晶光群益9C購01,0,0,0,0,0,0,0,0,0,-20000,0,0,0,2000,22000,-20000,-20000
062607,美食凱基9B購01  ,0,0,0,0,0,0,0,0,0,-20000,0,0,0,10000,30000,-20000,-20000
062810,華通兆豐9B購02  ,0,0,0,0,0,0,0,0,0,-20000,0,0,0,0,20000,-20000,-20000
062835,瑞儀群益9B購01  ,0,0,0,0,0,0,0,0,0,-20000,0,0,0,5000,25000,-20000,-20000
063224,泰鼎群益9B購02  ,0,0,0,0,0,0,0,0,0,-20000,0,0,0,0,20000,-20000,-20000
063187,全新凱基9B購02  ,0,0,0,0,0,0,0,0,0,-20000,0,0,0,13000,33000,-20000,-20000
06328P,台積電中信01售02,0,0,0,0,0,0,0,0,0,-20000,0,0,0,0,20000,-20000,-20000
063377,泰鼎永豐9B購03  ,0,0,0,0,0,0,0,0,0,-20000,0,0,0,0,20000,-20000,-20000
063516,香港反凱基03購01,0,0,0,0,0,0,0,0,0,-20000,0,0,0,0,20000,-20000,-20000
063527,美食凱基01購01  ,0,0,0,0,0,0,0,0,0,-20000,0,0,0,0,20000,-20000,-20000
063539,世紀鋼統一9B購02,0,0,0,0,0,0,0,0,0,-20000,0,0,0,82000,102000,-20000,-20000
063595,燿華中信9B購02  ,0,0,0,0,0,0,0,0,0,-20000,0,0,0,10000,30000,-20000,-20000
063586,燿華永豐9B購02  ,0,0,0,0,0,0,0,0,0,-20000,0,0,0,0,20000,-20000,-20000
063710,光寶科凱基9C購01,0,0,0,0,0,0,0,0,0,-20000,0,0,0,11000,31000,-20000,-20000
062148,奇鋐國票9B購01  ,0,0,0,0,0,0,0,0,0,-20000,0,0,0,9000,29000,-20000,-20000
062227,南六統一01購02  ,0,0,0,0,0,0,0,0,0,-20000,0,0,0,9000,29000,-20000,-20000
062217,旺宏統一9C購01  ,0,0,0,0,0,0,0,0,0,-20000,0,0,0,0,20000,-20000,-20000
062172,南六永豐9B購01  ,0,0,0,0,0,0,0,0,0,-20000,0,0,0,2000,22000,-20000,-20000
062316,康控凱基9B購03  ,0,0,0,0,0,0,0,0,0,-20000,0,0,0,0,20000,-20000,-20000
062404,新唐永豐9B購01  ,0,0,0,0,0,0,0,0,0,-20000,0,0,0,240000,260000,-20000,-20000
062470,智邦凱基9C購01  ,0,0,0,0,0,0,0,0,0,-20000,0,0,0,6000,26000,-20000,-20000
061380,巨大永豐9A購02  ,0,0,0,0,0,0,0,0,0,-20000,0,0,0,0,20000,-20000,-20000
061371,嘉澤國泰9C購01  ,0,0,0,0,0,0,0,0,0,-20000,0,0,0,0,20000,-20000,-20000
061296,台積電國泰9C購01,0,0,0,0,0,0,0,0,0,-20000,0,0,0,87000,107000,-20000,-20000
061266,國泰金凱基9B購01,0,0,0,0,0,0,0,0,0,-20000,0,0,0,50000,70000,-20000,-20000
061290,玉晶光統一01購04,0,0,0,0,0,0,0,0,0,-20000,0,0,0,11000,31000,-20000,-20000
061178,晶技凱基9B購01  ,0,0,0,0,0,0,0,0,0,-20000,0,0,0,0,20000,-20000,-20000
061657,智原國票9A購01  ,0,0,0,0,0,0,0,0,0,-20000,0,0,0,0,20000,-20000,-20000
061744,超眾凱基9B購02  ,0,0,0,0,0,0,0,0,0,-20000,0,0,0,0,20000,-20000,-20000
061795,智邦永豐9B購01  ,0,0,0,0,0,0,0,0,0,-20000,0,0,0,0,20000,-20000,-20000
061798,晶豪科永豐9B購01,0,0,0,0,0,0,0,0,0,-20000,0,0,0,0,20000,-20000,-20000
061850,國巨國票9C購02  ,0,0,0,0,0,0,0,0,0,-20000,0,0,0,0,20000,-20000,-20000
2537,聯上發          ,95000,116000,-21000,0,0,0,0,0,0,0,0,0,0,0,0,0,-21000
2882A,國泰特          ,6000,0,6000,0,0,0,0,0,0,-27000,3000,30000,-27000,0,0,0,-21000
2906,高林            ,20000,41000,-21000,0,0,0,0,0,0,0,0,0,0,0,0,0,-21000
07929P,旺宏統一9B售07  ,0,0,0,0,0,0,0,0,0,-21000,0,0,0,185000,206000,-21000,-21000
08092P,仁寶元富9B售02  ,0,0,0,0,0,0,0,0,0,-21000,0,0,0,63000,84000,-21000,-21000
2029,盛餘            ,59000,82000,-23000,0,0,0,0,0,0,2000,2000,0,2000,0,0,0,-21000
06678P,大立光統一99售01,0,0,0,0,0,0,0,0,0,-21000,0,0,0,5000,26000,-21000,-21000
06971P,台光電元大99售03,0,0,0,0,0,0,0,0,0,-21000,0,0,0,0,21000,-21000,-21000
06860P,台灣50兆豐98售01,0,0,0,0,0,0,0,0,0,-21000,0,0,0,0,21000,-21000,-21000
07763P,嘉澤永豐9A售02  ,0,0,0,0,0,0,0,0,0,-21000,0,0,0,0,21000,-21000,-21000
07344P,鴻海富邦9A售03  ,0,0,0,0,0,0,0,0,0,-21000,0,0,0,0,21000,-21000,-21000
052551,台積電國票97購03,0,0,0,0,0,0,0,0,0,-21000,0,0,0,50000,71000,-21000,-21000
054929,群電凱基97購01  ,0,0,0,0,0,0,0,0,0,-21000,0,0,0,19000,40000,-21000,-21000
056555,矽創凱基98購01  ,0,0,0,0,0,0,0,0,0,-21000,0,0,0,0,21000,-21000,-21000
055801,景碩永豐97購02  ,0,0,0,0,0,0,0,0,0,-21000,0,0,0,96000,117000,-21000,-21000
057009,信邦中信99購01  ,0,0,0,0,0,0,0,0,0,-21000,0,0,0,4000,25000,-21000,-21000
060047,道瓊反凱基99購01,0,0,0,0,0,0,0,0,0,-21000,0,0,0,0,21000,-21000,-21000
060109,茂林元大99購05  ,0,0,0,0,0,0,0,0,0,-21000,0,0,0,0,21000,-21000,-21000
057239,貿聯凱基98購05  ,0,0,0,0,0,0,0,0,0,-21000,0,0,0,25000,46000,-21000,-21000
061023,茂林國泰9B購02  ,0,0,0,0,0,0,0,0,0,-21000,0,0,0,0,21000,-21000,-21000
060705,台光電富邦9B購01,0,0,0,0,0,0,0,0,0,-21000,0,0,0,15000,36000,-21000,-21000
059072,元油2X元大9C購13,0,0,0,0,0,0,0,0,0,-21000,0,0,0,0,21000,-21000,-21000
061833,華新科凱基02購01,0,0,0,0,0,0,0,0,0,-21000,0,0,0,10000,31000,-21000,-21000
061878,茂林元大9B購01  ,0,0,0,0,0,0,0,0,0,-21000,0,0,0,4000,25000,-21000,-21000
062378,台表科元大9C購01,0,0,0,0,0,0,0,0,0,-21000,0,0,0,44000,65000,-21000,-21000
062181,義隆元大9B購03  ,0,0,0,0,0,0,0,0,0,-21000,0,0,0,133000,154000,-21000,-21000
063828,台積電國票01購02,0,0,0,0,0,0,0,0,0,-21000,0,0,0,15000,36000,-21000,-21000
063045,國巨兆豐9C購02  ,0,0,0,0,0,0,0,0,0,-21000,0,0,0,28000,49000,-21000,-21000
07333P,台灣50國票9B售03,0,0,0,0,0,0,0,0,0,-22000,0,0,0,0,22000,-22000,-22000
07389P,臺股指群益9C售08,0,0,0,0,0,0,0,0,0,-22000,0,0,0,0,22000,-22000,-22000
07610P,大立光國票9A售04,0,0,0,0,0,0,0,0,0,-22000,0,0,0,30000,52000,-22000,-22000
07808P,超眾永豐9A售04  ,0,0,0,0,0,0,0,0,0,-22000,0,0,0,1000,23000,-22000,-22000
07247P,聯發科凱基9A售06,0,0,0,0,0,0,0,0,0,-22000,0,0,0,296000,318000,-22000,-22000
064100,義隆群益9C購01  ,0,0,0,0,0,0,0,0,0,-22000,0,0,0,0,22000,-22000,-22000
064059,新日興麥證01購01,0,0,0,18000,40000,-22000,0,0,0,-22000,0,0,0,18000,40000,-22000,-22000
3356,奇偶            ,28000,50000,-22000,0,0,0,0,0,0,0,0,0,0,0,0,0,-22000
3015,全漢            ,59000,81000,-22000,0,0,0,0,0,0,0,0,0,0,0,0,0,-22000
2420,新巨            ,42000,64000,-22000,0,0,0,0,0,0,0,0,0,0,0,0,0,-22000
057022,智邦凱基98購04  ,0,0,0,0,0,0,0,0,0,-22000,0,0,0,3000,25000,-22000,-22000
055996,矽力國泰99購01  ,0,0,0,0,0,0,0,0,0,-22000,0,0,0,0,22000,-22000,-22000
057101,新光金中信9A購01,0,0,0,0,0,0,0,0,0,-22000,0,0,0,0,22000,-22000,-22000
057136,立積凱基98購02  ,0,0,0,0,0,0,0,0,0,-22000,0,0,0,8000,30000,-22000,-22000
00710B,FH彭博高收益債  ,0,0,0,0,0,0,0,0,0,-22000,0,0,0,128000,150000,-22000,-22000
052827,昇陽半永豐97購01,0,0,0,0,0,0,0,0,0,-22000,0,0,0,0,22000,-22000,-22000
060759,南亞科元大9A購03,0,0,0,0,0,0,0,0,0,-22000,0,0,0,15000,37000,-22000,-22000
059009,世紀鋼元大99購04,0,0,0,0,0,0,0,0,0,-22000,0,0,0,179000,201000,-22000,-22000
060400,南電國票9A購03  ,0,0,0,0,0,0,0,0,0,-22000,0,0,0,0,22000,-22000,-22000
057395,旺宏中信98購03  ,0,0,0,0,0,0,0,0,0,-22000,0,0,0,0,22000,-22000,-22000
058173,台積電凱基99購04,0,0,0,0,0,0,0,0,0,-22000,0,0,0,24000,46000,-22000,-22000
062982,同欣電元富9B購01,0,0,0,0,0,0,0,0,0,-22000,0,0,0,586000,608000,-22000,-22000
063028,巨大元大9B購02  ,0,0,0,0,0,0,0,0,0,-22000,0,0,0,76000,98000,-22000,-22000
063138,聯發科統一01購05,0,0,0,0,0,0,0,0,0,-22000,0,0,0,20000,42000,-22000,-22000
063213,智伸科國票9C購01,0,0,0,0,0,0,0,0,0,-22000,0,0,0,69000,91000,-22000,-22000
062858,微星國票9B購01  ,0,0,0,0,0,0,0,0,0,-22000,0,0,0,19000,41000,-22000,-22000
062671,國泰金中信03購01,0,0,0,0,0,0,0,0,0,-22000,0,0,0,0,22000,-22000,-22000
063772,智邦富邦9B購02  ,0,0,0,0,0,0,0,0,0,-22000,0,0,0,0,22000,-22000,-22000
061981,聯發科元大9B購02,0,0,0,0,0,0,0,0,0,-22000,0,0,0,33000,55000,-22000,-22000
06189P,華新科永豐97售03,0,0,0,0,0,0,0,0,0,-22000,0,0,0,0,22000,-22000,-22000
061406,華通國票9A購06  ,0,0,0,0,0,0,0,0,0,-22000,0,0,0,8000,30000,-22000,-22000
061483,TPK元大9A購01   ,0,0,0,0,0,0,0,0,0,-22000,0,0,0,62000,84000,-22000,-22000
061490,茂林兆豐9B購01  ,0,0,0,0,0,0,0,0,0,-22000,0,0,0,0,22000,-22000,-22000
2020,美亞            ,176000,199000,-23000,0,0,0,0,0,0,0,0,0,0,0,0,0,-23000
08337P,台灣50凱基01售15,0,0,0,0,0,0,0,0,0,-23000,0,0,0,0,23000,-23000,-23000
08177P,金像電元大9B售02,0,0,0,0,0,0,0,0,0,-23000,0,0,0,53000,76000,-23000,-23000
063851,健策元大01購01  ,0,0,0,0,0,0,0,0,0,-23000,0,0,0,112000,135000,-23000,-23000
07086P,力成元富9C售01  ,0,0,0,0,0,0,0,0,0,-23000,0,0,0,140000,163000,-23000,-23000
03433B,臺股指元大9C熊01,0,0,0,0,0,0,0,0,0,-23000,0,0,0,1000,24000,-23000,-23000
055439,台表科國票98購02,0,0,0,0,0,0,0,0,0,-23000,0,0,0,5000,28000,-23000,-23000
054540,泰鼎國票99購01  ,0,0,0,0,0,0,0,0,0,-23000,0,0,0,0,23000,-23000,-23000
056607,貿聯富邦99購02  ,0,0,0,0,0,0,0,0,0,-23000,0,0,0,0,23000,-23000,-23000
056911,緯穎元大99購01  ,0,0,0,0,0,0,0,0,0,-23000,0,0,0,127000,150000,-23000,-23000
058911,茂林元大99購04  ,0,0,0,0,0,0,0,0,0,-23000,0,0,0,32000,55000,-23000,-23000
060468,聯鈞元大9A購02  ,0,0,0,0,0,0,0,0,0,-23000,0,0,0,90000,113000,-23000,-23000
060333,金寶康和9A購01  ,0,0,0,0,0,0,0,0,0,-23000,0,0,0,0,23000,-23000,-23000
058532,禾伸堂元富99購01,0,0,0,0,0,0,0,0,0,-23000,0,0,0,0,23000,-23000,-23000
057704,台虹群益98購03  ,0,0,0,0,0,0,0,0,0,-23000,0,0,0,3000,26000,-23000,-23000
060708,康友富邦9B購01  ,0,0,0,0,0,0,0,0,0,-23000,0,0,0,0,23000,-23000,-23000
060929,健策永豐9A購01  ,0,0,0,0,0,0,0,0,0,-23000,0,0,0,25000,48000,-23000,-23000
059730,晶相光元大9C購02,0,0,0,0,0,0,0,0,0,-23000,0,0,0,80000,103000,-23000,-23000
057549,台光電凱基98購05,0,0,0,0,0,0,0,0,0,-23000,0,0,0,12000,35000,-23000,-23000
062403,健策永豐9B購06  ,0,0,0,0,0,0,0,0,0,-23000,0,0,0,30000,53000,-23000,-23000
062501,台積電群益9C購03,0,0,0,0,0,0,0,0,0,-23000,0,0,0,124000,147000,-23000,-23000
063470,泰鼎元大9B購03  ,0,0,0,0,0,0,0,0,0,-23000,0,0,0,21000,44000,-23000,-23000
063443,金像電統一01購02,0,0,0,0,0,0,0,0,0,-23000,0,0,0,0,23000,-23000,-23000
062954,世芯永豐9B購03  ,0,0,0,0,0,0,0,0,0,-23000,0,0,0,20000,43000,-23000,-23000
07009P,臺股指中信9B售01,0,0,0,0,0,0,0,0,0,-24000,0,0,0,10000,34000,-24000,-24000
06899P,嘉澤群益98售01  ,0,0,0,0,0,0,0,0,0,-24000,0,0,0,310000,334000,-24000,-24000
064040,鴻海統一9C購18  ,0,0,0,0,0,0,0,0,0,-24000,0,0,0,65000,89000,-24000,-24000
064288,瀚宇博元大9C購02,0,0,0,0,0,0,0,0,0,-24000,0,0,0,80000,104000,-24000,-24000
064263,貿聯永豐9C購01  ,0,0,0,0,0,0,0,0,0,-24000,0,0,0,0,24000,-24000,-24000
064193,華新群益9C購01  ,0,0,0,0,0,0,0,0,0,-24000,0,0,0,300000,324000,-24000,-24000
08157P,大立光元富9B售06,0,0,0,0,0,0,0,0,0,-24000,0,0,0,2000,26000,-24000,-24000
08055P,臺股指國票9B售20,0,0,0,0,0,0,0,0,0,-24000,0,0,0,13000,37000,-24000,-24000
1409,新纖            ,364000,388000,-24000,0,0,0,0,0,0,0,0,0,0,0,0,0,-24000
2425,承啟            ,121000,145000,-24000,0,0,0,0,0,0,0,0,0,0,0,0,0,-24000
056297,台光電元大97購04,0,0,0,0,0,0,0,0,0,-24000,0,0,0,59000,83000,-24000,-24000
054479,緯創中信98購01  ,0,0,0,0,0,0,0,0,0,-24000,0,0,0,119000,143000,-24000,-24000
055320,建準國票98購01  ,0,0,0,0,0,0,0,0,0,-24000,0,0,0,0,24000,-24000,-24000
053875,GIS元大97購01   ,0,0,0,0,0,0,0,0,0,-24000,0,0,0,0,24000,-24000,-24000
053609,華新中信9A購01  ,0,0,0,0,0,0,0,0,0,-24000,0,0,0,6000,30000,-24000,-24000
046191,新光金凱基98購01,0,0,0,0,0,0,0,0,0,-24000,0,0,0,86000,110000,-24000,-24000
054169,上緯控凱基98購01,0,0,0,0,0,0,0,0,0,-24000,0,0,0,110000,134000,-24000,-24000
049700,瀚宇博元大97購01,0,0,0,0,0,0,0,0,0,-24000,0,0,0,142000,166000,-24000,-24000
060854,台積電富邦9C購08,0,0,0,0,0,0,0,0,0,-24000,0,0,0,15000,39000,-24000,-24000
058479,亞光凱基9A購01  ,0,0,0,0,0,0,0,0,0,-24000,0,0,0,0,24000,-24000,-24000
057810,技嘉元大98購06  ,0,0,0,0,0,0,0,0,0,-24000,0,0,0,17000,41000,-24000,-24000
057819,新日興元大99購01,0,0,0,0,0,0,0,0,0,-24000,0,0,0,3000,27000,-24000,-24000
058309,大毅元大99購02  ,0,0,0,0,0,0,0,0,0,-24000,0,0,0,2000,26000,-24000,-24000
060249,正文元大9C購01  ,0,0,0,0,0,0,0,0,0,-24000,0,0,0,2000,26000,-24000,-24000
060167,禾聯碩永豐9A購01,0,0,0,0,0,0,0,0,0,-24000,0,0,0,5000,29000,-24000,-24000
058245,訊連元大99購01  ,0,0,0,0,0,0,0,0,0,-24000,0,0,0,76000,100000,-24000,-24000
062628,廣達國票9B購01  ,0,0,0,0,0,0,0,0,0,-24000,0,0,0,35000,59000,-24000,-24000
062770,臺股指凱基9B購14,0,0,0,0,0,0,0,0,0,-24000,0,0,0,19000,43000,-24000,-24000
063444,金像電統一03購01,0,0,0,0,0,0,0,0,0,-24000,0,0,0,21000,45000,-24000,-24000
063729,國巨元大9C購08  ,0,0,0,0,0,0,0,0,0,-24000,0,0,0,40000,64000,-24000,-24000
063638,華新科元大9B購14,0,0,0,0,0,0,0,0,0,-24000,0,0,0,0,24000,-24000,-24000
062583,鴻海統一9C購12  ,0,0,0,0,0,0,0,0,0,-24000,0,0,0,17000,41000,-24000,-24000
062422,億光統一01購01  ,0,0,0,0,0,0,0,0,0,-24000,0,0,0,0,24000,-24000,-24000
062336,茂林統一01購02  ,0,0,0,0,0,0,0,0,0,-24000,0,0,0,56000,80000,-24000,-24000
061452,大成鋼凱基9A購01,0,0,0,0,0,0,0,0,0,-24000,0,0,0,110000,134000,-24000,-24000
061836,華新科凱基05購01,0,0,0,0,0,0,0,0,0,-24000,0,0,0,0,24000,-24000,-24000
2891B,中信金乙特      ,0,0,0,0,0,0,0,0,0,-25000,0,25000,-25000,0,0,0,-25000
07987P,大立光統一9B售13,0,0,0,0,0,0,0,0,0,-25000,0,0,0,10000,35000,-25000,-25000
08197P,聯發科元大9B售24,0,0,0,0,0,0,0,0,0,-25000,0,0,0,25000,50000,-25000,-25000
064271,鴻海元大9C購08  ,0,0,0,0,0,0,0,0,0,-25000,0,0,0,28000,53000,-25000,-25000
064406,健策凱基03購01  ,0,0,0,0,0,0,0,0,0,-25000,0,0,0,0,25000,-25000,-25000
064357,中橡統一9C購01  ,0,0,0,0,0,0,0,0,0,-25000,0,0,0,0,25000,-25000,-25000
06468P,華新科統一98售02,0,0,0,0,0,0,0,0,0,-25000,0,0,0,10000,35000,-25000,-25000
064087,華新科凱基9C購03,0,0,0,0,0,0,0,0,0,-25000,0,0,0,0,25000,-25000,-25000
064127,聯發科元大9C購06,0,0,0,0,0,0,0,0,0,-25000,0,0,0,28000,53000,-25000,-25000
064122,國巨元大9C購17  ,0,0,0,0,0,0,0,0,0,-25000,0,0,0,25000,50000,-25000,-25000
064143,旺宏統一01購05  ,0,0,0,0,0,0,0,0,0,-25000,0,0,0,0,25000,-25000,-25000
063941,國巨元大9C購12  ,0,0,0,0,0,0,0,0,0,-25000,0,0,0,25000,50000,-25000,-25000
07079P,台積電群益99售06,0,0,0,0,0,0,0,0,0,-25000,0,0,0,0,25000,-25000,-25000
07728P,臺股指凱基9A售20,0,0,0,0,0,0,0,0,0,-25000,0,0,0,1000,26000,-25000,-25000
054298,台表科元大97購03,0,0,0,0,0,0,0,0,0,-25000,0,0,0,0,25000,-25000,-25000
052235,聯發科國票96購02,0,0,0,0,0,0,0,0,0,-25000,0,0,0,0,25000,-25000,-25000
052836,旺宏國泰98購01  ,0,0,0,0,0,0,0,0,0,-25000,0,0,0,0,25000,-25000,-25000
053291,旺宏中信9A購01  ,0,0,0,0,0,0,0,0,0,-25000,0,0,0,0,25000,-25000,-25000
053307,泰碩凱基97購01  ,0,0,0,0,0,0,0,0,0,-25000,0,0,0,0,25000,-25000,-25000
054427,潤泰全富邦97購01,0,0,0,0,0,0,0,0,0,-25000,0,0,0,0,25000,-25000,-25000
056331,聯鈞國票99購01  ,0,0,0,0,0,0,0,0,0,-25000,0,0,0,70000,95000,-25000,-25000
057323,智邦群益98購01  ,0,0,0,0,0,0,0,0,0,-25000,0,0,0,0,25000,-25000,-25000
059880,世紀鋼凱基99購02,0,0,0,0,0,0,0,0,0,-25000,0,0,0,0,25000,-25000,-25000
055229,大毅國票97購02  ,0,0,0,0,0,0,0,0,0,-25000,0,0,0,34000,59000,-25000,-25000
057416,T50反1凱基9C購01,0,0,0,0,0,0,0,0,0,-25000,0,0,0,8000,33000,-25000,-25000
058616,台虹元大9A購01  ,0,0,0,0,0,0,0,0,0,-25000,0,0,0,0,25000,-25000,-25000
057890,滬深反統一98購01,0,0,0,0,0,0,0,0,0,-25000,0,0,0,0,25000,-25000,-25000
057669,嘉晶元大99購03  ,0,0,0,0,0,0,0,0,0,-25000,0,0,0,0,25000,-25000,-25000
05865P,大立光元大96售09,0,0,0,0,0,0,0,0,0,-25000,0,0,0,0,25000,-25000,-25000
061571,奇力新元大9A購03,0,0,0,0,0,0,0,0,0,-25000,0,0,0,0,25000,-25000,-25000
061448,旺宏中信9A購02  ,0,0,0,0,0,0,0,0,0,-25000,0,0,0,0,25000,-25000,-25000
061420,國巨元大9A購22  ,0,0,0,0,0,0,0,0,0,-25000,0,0,0,25000,50000,-25000,-25000
061179,華擎凱基9A購01  ,0,0,0,0,0,0,0,0,0,-25000,0,0,0,2000,27000,-25000,-25000
062262,茂林元大9B購02  ,0,0,0,0,0,0,0,0,0,-25000,0,0,0,10000,35000,-25000,-25000
062054,鴻海統一9C購06  ,0,0,0,0,0,0,0,0,0,-25000,0,0,0,0,25000,-25000,-25000
062121,奇鋐台新9B購01  ,0,0,0,0,0,0,0,0,0,-25000,0,0,0,5000,30000,-25000,-25000
063347,祥碩統一01購03  ,0,0,0,0,0,0,0,0,0,-25000,0,0,0,0,25000,-25000,-25000
063354,茂林元富9B購02  ,0,0,0,0,0,0,0,0,0,-25000,0,0,0,60000,85000,-25000,-25000
062973,聯發科元富05購01,0,0,0,0,0,0,0,0,0,-25000,0,0,0,0,25000,-25000,-25000
062952,台積電永豐9B購02,0,0,0,0,0,0,0,0,0,-25000,0,0,0,8000,33000,-25000,-25000
063164,聯發科永豐9B購03,0,0,0,0,0,0,0,0,0,-25000,0,0,0,0,25000,-25000,-25000
9942,茂順            ,13000,38000,-25000,0,0,0,0,0,0,0,0,0,0,0,0,0,-25000
07871P,台積電群益9C售02,0,0,0,0,0,0,0,0,0,-26000,0,0,0,0,26000,-26000,-26000
07225P,台積電元大99售33,0,0,0,0,0,0,0,0,0,-26000,0,0,0,0,26000,-26000,-26000
063992,大立光中信9C購03,0,0,0,0,0,0,0,0,0,-26000,0,0,0,14000,40000,-26000,-26000
2496,卓越            ,5000,31000,-26000,0,0,0,0,0,0,0,0,0,0,0,0,0,-26000
056536,義隆凱基98購04  ,0,0,0,0,0,0,0,0,0,-26000,0,0,0,0,26000,-26000,-26000
055645,技嘉元富97購01  ,0,0,0,0,0,0,0,0,0,-26000,0,0,0,0,26000,-26000,-26000
056658,美食元大98購01  ,0,0,0,0,0,0,0,0,0,-26000,0,0,0,134000,160000,-26000,-26000
058090,聯發科元大98購16,0,0,0,0,0,0,0,0,0,-26000,0,0,0,0,26000,-26000,-26000
05670P,台積電國票98售01,0,0,0,0,0,0,0,0,0,-26000,0,0,0,5000,31000,-26000,-26000
053882,聯發科中信98購02,0,0,0,0,0,0,0,0,0,-26000,0,0,0,0,26000,-26000,-26000
056458,日月光凱基98購02,0,0,0,0,0,0,0,0,0,-26000,0,0,0,10000,36000,-26000,-26000
05088P,大立光富邦99售01,0,0,0,0,0,0,0,0,0,-26000,0,0,0,0,26000,-26000,-26000
058813,旺宏統一9B購04  ,0,0,0,0,0,0,0,0,0,-26000,0,0,0,35000,61000,-26000,-26000
059351,台虹凱基99購01  ,0,0,0,0,0,0,0,0,0,-26000,0,0,0,0,26000,-26000,-26000
058427,大毅元富99購01  ,0,0,0,0,0,0,0,0,0,-26000,0,0,0,4000,30000,-26000,-26000
057231,美律凱基98購05  ,0,0,0,0,0,0,0,0,0,-26000,0,0,0,4000,30000,-26000,-26000
057742,喬山永豐98購02  ,0,0,0,0,0,0,0,0,0,-26000,0,0,0,0,26000,-26000,-26000
059032,元石油群益9C購03,0,0,0,0,0,0,0,0,0,-26000,0,0,0,0,26000,-26000,-26000
057421,智原凱基98購04  ,0,0,0,0,0,0,0,0,0,-26000,0,0,0,0,26000,-26000,-26000
057334,技嘉國票98購02  ,0,0,0,0,0,0,0,0,0,-26000,0,0,0,2000,28000,-26000,-26000
060169,群電永豐9A購01  ,0,0,0,0,0,0,0,0,0,-26000,0,0,0,2000,28000,-26000,-26000
060063,可成兆豐9B購01  ,0,0,0,0,0,0,0,0,0,-26000,0,0,0,7000,33000,-26000,-26000
060278,道瓊反元大9A購03,0,0,0,0,0,0,0,0,0,-26000,0,0,0,0,26000,-26000,-26000
060388,世紀鋼凱基9B購01,0,0,0,0,0,0,0,0,0,-26000,0,0,0,9000,35000,-26000,-26000
063139,聯發科統一9B購07,0,0,0,0,0,0,0,0,0,-26000,0,0,0,0,26000,-26000,-26000
063565,旺宏元大9B購08  ,0,0,0,0,0,0,0,0,0,-26000,0,0,0,15000,41000,-26000,-26000
063769,玉晶光國泰02購01,0,0,0,0,0,0,0,0,0,-26000,0,0,0,45000,71000,-26000,-26000
061780,國巨群益9C購01  ,0,0,0,0,0,0,0,0,0,-26000,0,0,0,0,26000,-26000,-26000
3535,晶彩科          ,83000,110000,-27000,0,0,0,0,0,0,0,0,0,0,0,0,0,-27000
08093P,英業達元富9B售02,0,0,0,0,0,0,0,0,0,-27000,0,0,0,35000,62000,-27000,-27000
064101,可成群益01購01  ,0,0,0,0,0,0,0,0,0,-27000,0,0,0,4000,31000,-27000,-27000
07634P,金像電元大9A售01,0,0,0,0,0,0,0,0,0,-27000,0,0,0,233000,260000,-27000,-27000
046629,群創統一98購01  ,0,0,0,0,0,0,0,0,0,-27000,0,0,0,130000,157000,-27000,-27000
057135,立積凱基98購01  ,0,0,0,0,0,0,0,0,0,-27000,0,0,0,5000,32000,-27000,-27000
056503,楠梓電永豐98購01,0,0,0,0,0,0,0,0,0,-27000,0,0,0,40000,67000,-27000,-27000
056820,欣興永豐98購02  ,0,0,0,0,0,0,0,0,0,-27000,0,0,0,0,27000,-27000,-27000
058093,神達元大9A購01  ,0,0,0,0,0,0,0,0,0,-27000,0,0,0,103000,130000,-27000,-27000
058923,華新科元富99購06,0,0,0,0,0,0,0,0,0,-27000,0,0,0,13000,40000,-27000,-27000
054805,台苯元大9A購01  ,0,0,0,0,0,0,0,0,0,-27000,0,0,0,100000,127000,-27000,-27000
059956,玉山金康和99購01,0,0,0,0,0,0,0,0,0,-27000,0,0,0,70000,97000,-27000,-27000
058008,禾伸堂國票99購02,0,0,0,0,0,0,0,0,0,-27000,0,0,0,0,27000,-27000,-27000
059148,百和國票9A購01  ,0,0,0,0,0,0,0,0,0,-27000,0,0,0,38000,65000,-27000,-27000
060918,康友國泰9C購01  ,0,0,0,0,0,0,0,0,0,-27000,0,0,0,89000,116000,-27000,-27000
061019,大毅國票9A購01  ,0,0,0,0,0,0,0,0,0,-27000,0,0,0,2000,29000,-27000,-27000
059516,TPK永豐99購01   ,0,0,0,0,0,0,0,0,0,-27000,0,0,0,0,27000,-27000,-27000
058791,鴻海元大99購17  ,0,0,0,0,0,0,0,0,0,-27000,0,0,0,1000,28000,-27000,-27000
061530,智邦台新9A購02  ,0,0,0,0,0,0,0,0,0,-27000,0,0,0,1000,28000,-27000,-27000
061531,奇鋐台新9A購01  ,0,0,0,0,0,0,0,0,0,-27000,0,0,0,0,27000,-27000,-27000
061353,康控元大9A購01  ,0,0,0,0,0,0,0,0,0,-27000,0,0,0,100000,127000,-27000,-27000
062162,世紀鋼凱基9B購03,0,0,0,0,0,0,0,0,0,-27000,0,0,0,23000,50000,-27000,-27000
062063,世紀鋼統一9C購01,0,0,0,0,0,0,0,0,0,-27000,0,0,0,63000,90000,-27000,-27000
062438,台光電元大9B購04,0,0,0,0,0,0,0,0,0,-27000,0,0,0,153000,180000,-27000,-27000
062496,矽創中信9B購01  ,0,0,0,0,0,0,0,0,0,-27000,0,0,0,26000,53000,-27000,-27000
062511,台光電國票9B購02,0,0,0,0,0,0,0,0,0,-27000,0,0,0,16000,43000,-27000,-27000
063814,嘉晶群益9C購01  ,0,0,0,0,0,0,0,0,0,-27000,0,0,0,10000,37000,-27000,-27000
062837,復盛群益9B購01  ,0,0,0,0,0,0,0,0,0,-27000,0,0,0,165000,192000,-27000,-27000
910861,神州-DR         ,0,27000,-27000,0,0,0,0,0,0,0,0,0,0,0,0,0,-27000
07533P,臺股指中信9C售04,0,0,0,0,0,0,0,0,0,-28000,0,0,0,0,28000,-28000,-28000
07504P,聯詠元大9A售02  ,0,0,0,0,0,0,0,0,0,-28000,0,0,0,73000,101000,-28000,-28000
07251P,台灣50元富01售04,0,0,0,0,0,0,0,0,0,-28000,0,0,0,0,28000,-28000,-28000
06735P,奇力新凱基98售07,0,0,0,0,0,0,0,0,0,-28000,0,0,0,0,28000,-28000,-28000
063859,國巨國泰01購03  ,0,0,0,0,0,0,0,0,0,-28000,0,0,0,115000,143000,-28000,-28000
6698,旭暉應材        ,4000,32000,-28000,0,0,0,0,0,0,0,0,0,0,0,0,0,-28000
3149,正達            ,7000,35000,-28000,0,0,0,0,0,0,0,0,0,0,0,0,0,-28000
053677,同欣電國泰97購01,0,0,0,0,0,0,0,0,0,-28000,0,0,0,4000,32000,-28000,-28000
057574,中磊永豐98購01  ,0,0,0,0,0,0,0,0,0,-28000,0,0,0,146000,174000,-28000,-28000
057567,嘉聯益富邦9A購01,0,0,0,0,0,0,0,0,0,-28000,0,0,0,130000,158000,-28000,-28000
059732,超眾元大9A購01  ,0,0,0,0,0,0,0,0,0,-28000,0,0,0,0,28000,-28000,-28000
059650,緯穎凱基99購04  ,0,0,0,0,0,0,0,0,0,-28000,0,0,0,0,28000,-28000,-28000
060763,聯鈞元大9A購03  ,0,0,0,0,0,0,0,0,0,-28000,0,0,0,28000,56000,-28000,-28000
060776,世芯凱基9B購01  ,0,0,0,0,0,0,0,0,0,-28000,0,0,0,4000,32000,-28000,-28000
057458,TPK富邦9A購01   ,0,0,0,0,0,0,0,0,0,-28000,0,0,0,0,28000,-28000,-28000
060338,鴻海統一9C購02  ,0,0,0,0,0,0,0,0,0,-28000,0,0,0,2000,30000,-28000,-28000
060287,燿華元大9A購01  ,0,0,0,0,0,0,0,0,0,-28000,0,0,0,8000,36000,-28000,-28000
057386,聯發科永豐98購04,0,0,0,0,0,0,0,0,0,-28000,0,0,0,0,28000,-28000,-28000
063573,茂林元大9B購06  ,0,0,0,0,0,0,0,0,0,-28000,0,0,0,62000,90000,-28000,-28000
062483,致新國票9B購01  ,0,0,0,0,0,0,0,0,0,-28000,0,0,0,6000,34000,-28000,-28000
061408,華新科國票9A購06,0,0,0,0,0,0,0,0,0,-28000,0,0,0,0,28000,-28000,-28000
061881,緯穎元大9B購02  ,0,0,0,0,0,0,0,0,0,-28000,0,0,0,137000,165000,-28000,-28000
3596,智易            ,428000,333000,95000,0,0,0,0,127000,-127000,3000,6000,3000,3000,10000,10000,0,-29000
08096P,大立光元富9B售04,0,0,0,0,0,0,0,0,0,-29000,0,0,0,35000,64000,-29000,-29000
1110,東泥            ,19000,48000,-29000,0,0,0,0,0,0,0,0,0,0,0,0,0,-29000
06730P,祥碩元大98售07  ,0,0,0,0,0,0,0,0,0,-29000,0,0,0,36000,65000,-29000,-29000
07845P,南亞科元大9A售08,0,0,0,0,0,0,0,0,0,-29000,0,0,0,21000,50000,-29000,-29000
055806,致新永豐97購02  ,0,0,0,0,0,0,0,0,0,-29000,0,0,0,1000,30000,-29000,-29000
058966,元油2X日盛99購03,0,0,0,0,0,0,0,0,0,-29000,0,0,0,0,29000,-29000,-29000
056751,和大兆豐98購01  ,0,0,0,0,0,0,0,0,0,-29000,0,0,0,0,29000,-29000,-29000
060601,技嘉凱基9A購02  ,0,0,0,0,0,0,0,0,0,-29000,0,0,0,18000,47000,-29000,-29000
060266,潤泰全國票9A購01,0,0,0,0,0,0,0,0,0,-29000,0,0,0,67000,96000,-29000,-29000
057859,神達康和98購01  ,0,0,0,0,0,0,0,0,0,-29000,0,0,0,127000,156000,-29000,-29000
057941,聯電國票99購01  ,0,0,0,0,0,0,0,0,0,-29000,0,0,0,48000,77000,-29000,-29000
058617,南電元大99購01  ,0,0,0,0,0,0,0,0,0,-29000,0,0,0,26000,55000,-29000,-29000
060988,華新科元大9A購12,0,0,0,0,0,0,0,0,0,-29000,0,0,0,1000,30000,-29000,-29000
059350,樺漢凱基9A購01  ,0,0,0,0,0,0,0,0,0,-29000,0,0,0,25000,54000,-29000,-29000
062524,鴻海統一9C購09  ,0,0,0,0,0,0,0,0,0,-29000,0,0,0,6000,35000,-29000,-29000
062374,茂林元大9B購03  ,0,0,0,0,0,0,0,0,0,-29000,0,0,0,0,29000,-29000,-29000
061927,玉晶光凱基9C購01,0,0,0,0,0,0,0,0,0,-29000,0,0,0,13000,42000,-29000,-29000
063645,瑞儀元大9B購02  ,0,0,0,0,0,0,0,0,0,-29000,0,0,0,32000,61000,-29000,-29000
063053,聯發科統一01購04,0,0,0,0,0,0,0,0,0,-29000,0,0,0,5000,34000,-29000,-29000
07838P,泰碩元大9A售04  ,0,0,0,0,0,0,0,0,0,-30000,0,0,0,102000,132000,-30000,-30000
07786P,南電中信9C售01  ,0,0,0,0,0,0,0,0,0,-30000,0,0,0,0,30000,-30000,-30000
07703P,玉晶光中信9B售03,0,0,0,0,0,0,0,0,0,-30000,0,0,0,0,30000,-30000,-30000
07409P,台積電台新99售07,0,0,0,0,0,0,0,0,0,-30000,0,0,0,0,30000,-30000,-30000
07362P,聯發科元大99售35,0,0,0,0,0,0,0,0,0,-30000,0,0,0,0,30000,-30000,-30000
07230P,滬深2X群益01售02,0,0,0,0,0,0,0,0,0,-30000,0,0,0,0,30000,-30000,-30000
06995P,臺股指凱基99售16,0,0,0,0,0,0,0,0,0,-30000,0,0,0,0,30000,-30000,-30000
064168,南電統一01購01  ,0,0,0,0,0,0,0,0,0,-30000,0,0,0,0,30000,-30000,-30000
064088,大立光凱基02購01,0,0,0,0,0,0,0,0,0,-30000,0,0,0,0,30000,-30000,-30000
064092,世紀鋼凱基9C購03,0,0,0,0,0,0,0,0,0,-30000,0,0,0,20000,50000,-30000,-30000
06465P,國巨統一98售04  ,0,0,0,0,0,0,0,0,0,-30000,0,0,0,30000,60000,-30000,-30000
06488P,台積電元富98售05,0,0,0,0,0,0,0,0,0,-30000,0,0,0,0,30000,-30000,-30000
06699P,台積電統一98售11,0,0,0,0,0,0,0,0,0,-30000,0,0,0,0,30000,-30000,-30000
06629P,台灣50第一98售01,0,0,0,0,0,0,0,0,0,-30000,0,0,0,0,30000,-30000,-30000
064217,GIS凱基02購02   ,0,0,0,0,0,0,0,0,0,-30000,0,0,0,16000,46000,-30000,-30000
08361P,玉晶光永豐9C售04,0,0,0,0,0,0,0,0,0,-30000,0,0,0,0,30000,-30000,-30000
08082P,台灣50元大9B售21,0,0,0,0,0,0,0,0,0,-30000,0,0,0,0,30000,-30000,-30000
08056P,華通群益9B售06  ,0,0,0,0,0,0,0,0,0,-30000,0,0,0,0,30000,-30000,-30000
6230,超眾            ,142000,156000,-14000,0,0,0,0,0,0,-16000,0,6000,-6000,19000,29000,-10000,-30000
2430,燦坤            ,30000,60000,-30000,0,0,0,0,0,0,0,0,0,0,0,0,0,-30000
056776,聯茂元大99購01  ,0,0,0,0,0,0,0,0,0,-30000,0,0,0,0,30000,-30000,-30000
056990,聯發科兆豐98購01,0,0,0,0,0,0,0,0,0,-30000,0,0,0,0,30000,-30000,-30000
058904,晶技元大99購05  ,0,0,0,0,0,0,0,0,0,-30000,0,0,0,0,30000,-30000,-30000
056581,超眾元大99購01  ,0,0,0,0,0,0,0,0,0,-30000,0,0,0,0,30000,-30000,-30000
055809,T50反1國票98購02,0,0,0,0,0,0,0,0,0,-30000,0,0,0,0,30000,-30000,-30000
056151,建準凱基97購01  ,0,0,0,0,0,0,0,0,0,-30000,0,0,0,38000,68000,-30000,-30000
056212,台光電國票98購03,0,0,0,0,0,0,0,0,0,-30000,0,0,0,0,30000,-30000,-30000
056228,可成凱基97購03  ,0,0,0,0,0,0,0,0,0,-30000,0,0,0,0,30000,-30000,-30000
055599,TPK元大97購01   ,0,0,0,0,0,0,0,0,0,-30000,0,0,0,0,30000,-30000,-30000
055225,華邦電國票99購01,0,0,0,0,0,0,0,0,0,-30000,0,0,0,0,30000,-30000,-30000
054925,神達凱基97購01  ,0,0,0,0,0,0,0,0,0,-30000,0,0,0,0,30000,-30000,-30000
053596,嘉澤元大96購01  ,0,0,0,0,0,0,0,0,0,-30000,0,0,0,0,30000,-30000,-30000
053443,智邦凱基97購01  ,0,0,0,0,0,0,0,0,0,-30000,0,0,0,0,30000,-30000,-30000
053317,友達群益9A購02  ,0,0,0,0,0,0,0,0,0,-30000,0,0,0,0,30000,-30000,-30000
053122,美律凱基98購01  ,0,0,0,0,0,0,0,0,0,-30000,0,0,0,0,30000,-30000,-30000
053134,南亞科國票97購01,0,0,0,0,0,0,0,0,0,-30000,0,0,0,0,30000,-30000,-30000
054332,世芯永豐97購01  ,0,0,0,0,0,0,0,0,0,-30000,0,0,0,10000,40000,-30000,-30000
053782,京元電元大98購02,0,0,0,0,0,0,0,0,0,-30000,0,0,0,257000,287000,-30000,-30000
052594,友訊群益98購01  ,0,0,0,0,0,0,0,0,0,-30000,0,0,0,0,30000,-30000,-30000
055577,晶技統一97購02  ,0,0,0,0,0,0,0,0,0,-30000,0,0,0,0,30000,-30000,-30000
055573,國巨統一97購06  ,0,0,0,0,0,0,0,0,0,-30000,0,0,0,0,30000,-30000,-30000
051614,元金2X凱基97購01,0,0,0,0,0,0,0,0,0,-30000,0,0,0,0,30000,-30000,-30000
038489,T50反1台新9A購01,0,0,0,0,0,0,0,0,0,-30000,0,0,0,0,30000,-30000,-30000
03658C,T50反1元大9A牛02,0,0,0,0,0,0,0,0,0,-30000,0,0,0,0,30000,-30000,-30000
052893,聯電群益98購01  ,0,0,0,0,0,0,0,0,0,-30000,0,0,0,10000,40000,-30000,-30000
059344,長榮航凱基99購01,0,0,0,0,0,0,0,0,0,-30000,0,0,0,0,30000,-30000,-30000
05974P,國巨富邦97售03  ,0,0,0,0,0,0,0,0,0,-30000,0,0,0,0,30000,-30000,-30000
057554,新日興凱基99購02,0,0,0,0,0,0,0,0,0,-30000,0,0,0,50000,80000,-30000,-30000
058745,元金2X凱基9C購02,0,0,0,0,0,0,0,0,0,-30000,0,0,0,0,30000,-30000,-30000
058719,智邦元富99購01  ,0,0,0,0,0,0,0,0,0,-30000,0,0,0,0,30000,-30000,-30000
058835,元油2X中信9C購02,0,0,0,0,0,0,0,0,0,-30000,0,0,0,0,30000,-30000,-30000
059112,上銀永豐99購01  ,0,0,0,0,0,0,0,0,0,-30000,0,0,0,0,30000,-30000,-30000
060920,超眾富邦9B購01  ,0,0,0,0,0,0,0,0,0,-30000,0,0,0,0,30000,-30000,-30000
060670,臺指反元大01購03,0,0,0,0,0,0,0,0,0,-30000,0,0,0,20000,50000,-30000,-30000
058396,力山元大99購01  ,0,0,0,0,0,0,0,0,0,-30000,0,0,0,0,30000,-30000,-30000
058320,華新科永豐99購02,0,0,0,0,0,0,0,0,0,-30000,0,0,0,50000,80000,-30000,-30000
058034,神達永豐98購02  ,0,0,0,0,0,0,0,0,0,-30000,0,0,0,0,30000,-30000,-30000
058018,南亞科凱基99購03,0,0,0,0,0,0,0,0,0,-30000,0,0,0,0,30000,-30000,-30000
057466,泰鼎永豐98購01  ,0,0,0,0,0,0,0,0,0,-30000,0,0,0,10000,40000,-30000,-30000
057230,建準凱基98購02  ,0,0,0,0,0,0,0,0,0,-30000,0,0,0,0,30000,-30000,-30000
057691,健策凱基99購01  ,0,0,0,0,0,0,0,0,0,-30000,0,0,0,58000,88000,-30000,-30000
060645,台表科永豐9A購02,0,0,0,0,0,0,0,0,0,-30000,0,0,0,0,30000,-30000,-30000
057842,緯穎富邦99購02  ,0,0,0,0,0,0,0,0,0,-30000,0,0,0,0,30000,-30000,-30000
060379,T50反1凱基9A購07,0,0,0,0,0,0,0,0,0,-30000,0,0,0,0,30000,-30000,-30000
059991,超眾元大9A購02  ,0,0,0,0,0,0,0,0,0,-30000,0,0,0,0,30000,-30000,-30000
060163,健策永豐9B購01  ,0,0,0,0,0,0,0,0,0,-30000,0,0,0,0,30000,-30000,-30000
060151,旺宏富邦9A購02  ,0,0,0,0,0,0,0,0,0,-30000,0,0,0,30000,60000,-30000,-30000
060559,世紀鋼凱基9C購01,0,0,0,0,0,0,0,0,0,-30000,0,0,0,5000,35000,-30000,-30000
060612,世紀鋼凱基9A購01,0,0,0,0,0,0,0,0,0,-30000,0,0,0,6000,36000,-30000,-30000
058193,緯穎永豐99購01  ,0,0,0,0,0,0,0,0,0,-30000,0,0,0,0,30000,-30000,-30000
063226,康控群益9B購03  ,0,0,0,0,0,0,0,0,0,-30000,0,0,0,78000,108000,-30000,-30000
062925,建準國票9B購01  ,0,0,0,0,0,0,0,0,0,-30000,0,0,0,38000,68000,-30000,-30000
062619,台表科元大9B購03,0,0,0,0,0,0,0,0,0,-30000,0,0,0,6000,36000,-30000,-30000
063721,道瓊銀元大9B購03,0,0,0,0,0,0,0,0,0,-30000,0,0,0,0,30000,-30000,-30000
063841,國巨元大01購01  ,0,0,0,0,0,0,0,0,0,-30000,0,0,0,45000,75000,-30000,-30000
063447,聯發科統一9B購12,0,0,0,0,0,0,0,0,0,-30000,0,0,0,41000,71000,-30000,-30000
063339,智邦統一01購01  ,0,0,0,0,0,0,0,0,0,-30000,0,0,0,370000,400000,-30000,-30000
062059,聯發科統一9C購06,0,0,0,0,0,0,0,0,0,-30000,0,0,0,0,30000,-30000,-30000
061990,台勝科元大9C購01,0,0,0,0,0,0,0,0,0,-30000,0,0,0,71000,101000,-30000,-30000
062095,旺宏富邦9C購03  ,0,0,0,0,0,0,0,0,0,-30000,0,0,0,0,30000,-30000,-30000
062539,可成國泰01購01  ,0,0,0,0,0,0,0,0,0,-30000,0,0,0,187000,217000,-30000,-30000
062560,奇鋐凱基9B購02  ,0,0,0,0,0,0,0,0,0,-30000,0,0,0,10000,40000,-30000,-30000
062476,神隆國票9B購01  ,0,0,0,0,0,0,0,0,0,-30000,0,0,0,0,30000,-30000,-30000
062425,可成統一01購01  ,0,0,0,0,0,0,0,0,0,-30000,0,0,0,0,30000,-30000,-30000
061605,華新科凱基9A購14,0,0,0,0,0,0,0,0,0,-30000,0,0,0,0,30000,-30000,-30000
061235,台積電元大9A購23,0,0,0,0,0,0,0,0,0,-30000,0,0,0,0,30000,-30000,-30000
061253,臺股指群益9A購04,0,0,0,0,0,0,0,0,0,-30000,0,0,0,38000,68000,-30000,-30000
061262,智邦凱基9A購02  ,0,0,0,0,0,0,0,0,0,-30000,0,0,0,0,30000,-30000,-30000
6164,華興            ,8000,39000,-31000,0,0,0,0,0,0,0,0,0,0,0,0,0,-31000
08071P,臺股指富邦9B售04,0,0,0,0,0,0,0,0,0,-31000,0,0,0,0,31000,-31000,-31000
08301P,台積電兆豐9C售02,0,0,0,0,0,0,0,0,0,-31000,0,0,0,15000,46000,-31000,-31000
064195,晶豪科群益9C購01,0,0,0,0,0,0,0,0,0,-31000,0,0,0,0,31000,-31000,-31000
064181,景碩富邦9C購01  ,0,0,0,0,0,0,0,0,0,-31000,0,0,0,10000,41000,-31000,-31000
057132,華新科凱基98購05,0,0,0,0,0,0,0,0,0,-31000,0,0,0,0,31000,-31000,-31000
058143,瑞儀元大99購02  ,0,0,0,0,0,0,0,0,0,-31000,0,0,0,0,31000,-31000,-31000
057379,寶成元大98購02  ,0,0,0,0,0,0,0,0,0,-31000,0,0,0,7000,38000,-31000,-31000
060203,緯穎元富9A購01  ,0,0,0,0,0,0,0,0,0,-31000,0,0,0,115000,146000,-31000,-31000
057992,大立光日盛98購01,0,0,0,0,0,0,0,0,0,-31000,0,0,0,152000,183000,-31000,-31000
059031,元石油中信03購01,0,0,0,0,0,0,0,0,0,-31000,0,0,0,49000,80000,-31000,-31000
060718,中磊永豐9A購01  ,0,0,0,0,0,0,0,0,0,-31000,0,0,0,245000,276000,-31000,-31000
058783,臺股指國票99購02,0,0,0,0,0,0,0,0,0,-31000,0,0,0,0,31000,-31000,-31000
057524,旺宏元大99購04  ,0,0,0,0,0,0,0,0,0,-31000,0,0,0,6000,37000,-31000,-31000
059685,T50正2永豐99購02,0,0,0,0,0,0,0,0,0,-31000,0,0,0,0,31000,-31000,-31000
061703,信邦國票9A購01  ,0,0,0,0,0,0,0,0,0,-31000,0,0,0,13000,44000,-31000,-31000
061763,聯電元大9C購02  ,0,0,0,0,0,0,0,0,0,-31000,0,0,0,106000,137000,-31000,-31000
062346,智邦群益9B購02  ,0,0,0,0,0,0,0,0,0,-31000,0,0,0,0,31000,-31000,-31000
062170,健策永豐9B購04  ,0,0,0,0,0,0,0,0,0,-31000,0,0,0,0,31000,-31000,-31000
063550,可成國票9C購01  ,0,0,0,0,0,0,0,0,0,-31000,0,0,0,87000,118000,-31000,-31000
063795,上銀凱基9C購01  ,0,0,0,0,0,0,0,0,0,-31000,0,0,0,0,31000,-31000,-31000
063732,建準元大9B購02  ,0,0,0,0,0,0,0,0,0,-31000,0,0,0,134000,165000,-31000,-31000
062759,旺宏凱基9B購07  ,0,0,0,0,0,0,0,0,0,-31000,0,0,0,4000,35000,-31000,-31000
07060P,台表科國票9A售01,0,0,0,0,0,0,0,0,0,-32000,0,0,0,99000,131000,-32000,-32000
06751P,旺宏凱基98售10  ,0,0,0,0,0,0,0,0,0,-32000,0,0,0,0,32000,-32000,-32000
07434P,臺股指國票9A售06,0,0,0,0,0,0,0,0,0,-32000,0,0,0,0,32000,-32000,-32000
6183,關貿            ,142000,117000,25000,0,0,0,0,0,0,-57000,0,57000,-57000,0,0,0,-32000
057029,緯穎凱基98購04  ,0,0,0,0,0,0,0,0,0,-32000,0,0,0,0,32000,-32000,-32000
055014,達興元富97購01  ,0,0,0,0,0,0,0,0,0,-32000,0,0,0,18000,50000,-32000,-32000
056058,建準元大97購02  ,0,0,0,0,0,0,0,0,0,-32000,0,0,0,20000,52000,-32000,-32000
056603,嘉聯益國泰9A購01,0,0,0,0,0,0,0,0,0,-32000,0,0,0,0,32000,-32000,-32000
054147,GIS元大96購02   ,0,0,0,0,0,0,0,0,0,-32000,0,0,0,0,32000,-32000,-32000
051424,緯穎國票97購01  ,0,0,0,0,0,0,0,0,0,-32000,0,0,0,8000,40000,-32000,-32000
00682U,元大美元指數    ,0,0,0,0,0,0,0,0,0,-32000,0,0,0,0,32000,-32000,-32000
059079,SGBR2X元大99購01,0,0,0,0,0,0,0,0,0,-32000,0,0,0,8000,40000,-32000,-32000
060714,晶技永豐9A購02  ,0,0,0,0,0,0,0,0,0,-32000,0,0,0,10000,42000,-32000,-32000
057636,上銀元大98購06  ,0,0,0,0,0,0,0,0,0,-32000,0,0,0,0,32000,-32000,-32000
057166,國巨元大99購06  ,0,0,0,0,0,0,0,0,0,-32000,0,0,0,110000,142000,-32000,-32000
057773,技嘉群益9A購02  ,0,0,0,0,0,0,0,0,0,-32000,0,0,0,4000,36000,-32000,-32000
057724,亞德客國泰99購01,0,0,0,0,0,0,0,0,0,-32000,0,0,0,1000,33000,-32000,-32000
057935,晶技群益98購02  ,0,0,0,0,0,0,0,0,0,-32000,0,0,0,0,32000,-32000,-32000
063081,技嘉凱基9B購02  ,0,0,0,0,0,0,0,0,0,-32000,0,0,0,5000,37000,-32000,-32000
063671,GIS統一01購01   ,0,0,0,0,0,0,0,0,0,-32000,0,0,0,196000,228000,-32000,-32000
063607,中租凱基9B購02  ,0,0,0,0,0,0,0,0,0,-32000,0,0,0,20000,52000,-32000,-32000
063569,美食元大9B購03  ,0,0,0,0,0,0,0,0,0,-32000,0,0,0,145000,177000,-32000,-32000
061349,嘉澤元大9A購02  ,0,0,0,0,0,0,0,0,0,-32000,0,0,0,43000,75000,-32000,-32000
061457,TPK凱基9A購01   ,0,0,0,0,0,0,0,0,0,-32000,0,0,0,33000,65000,-32000,-32000
4164,承業醫          ,42000,89000,-47000,0,0,0,0,0,0,14000,14000,0,14000,0,0,0,-33000
4555,氣立            ,38000,11000,27000,0,0,0,0,60000,-60000,0,0,0,0,0,0,0,-33000
5285,界霖            ,25000,58000,-33000,0,0,0,0,0,0,0,0,0,0,0,0,0,-33000
4912,聯德控股-KY     ,8000,41000,-33000,0,0,0,0,0,0,0,0,0,0,0,0,0,-33000
2702,華園            ,39000,72000,-33000,0,0,0,0,0,0,0,0,0,0,0,0,0,-33000
08258P,旺宏元大9C售04  ,0,0,0,0,0,0,0,0,0,-33000,0,0,0,34000,67000,-33000,-33000
07747P,晶技凱基9A售04  ,0,0,0,0,0,0,0,0,0,-33000,0,0,0,17000,50000,-33000,-33000
064158,健鼎統一02購01  ,0,0,0,0,0,0,0,0,0,-33000,0,0,0,0,33000,-33000,-33000
063867,全新永豐9C購01  ,0,0,0,0,0,0,0,0,0,-33000,0,0,0,0,33000,-33000,-33000
063940,國巨元大01購02  ,0,0,0,0,0,0,0,0,0,-33000,0,0,0,19000,52000,-33000,-33000
020016,統一MSCI美科技N ,0,0,0,0,0,0,0,0,0,-33000,0,0,0,61000,94000,-33000,-33000
055496,高鐵元大97購02  ,0,0,0,0,0,0,0,0,0,-33000,0,0,0,30000,63000,-33000,-33000
056659,泰碩元大99購01  ,0,0,0,0,0,0,0,0,0,-33000,0,0,0,93000,126000,-33000,-33000
056127,致新國票98購02  ,0,0,0,0,0,0,0,0,0,-33000,0,0,0,0,33000,-33000,-33000
056204,嘉澤永豐97購01  ,0,0,0,0,0,0,0,0,0,-33000,0,0,0,27000,60000,-33000,-33000
056571,燿華元大98購02  ,0,0,0,0,0,0,0,0,0,-33000,0,0,0,31000,64000,-33000,-33000
057962,超眾元大99購03  ,0,0,0,0,0,0,0,0,0,-33000,0,0,0,0,33000,-33000,-33000
060229,楠梓電元大9C購01,0,0,0,0,0,0,0,0,0,-33000,0,0,0,3000,36000,-33000,-33000
057371,可成元大98購08  ,0,0,0,0,0,0,0,0,0,-33000,0,0,0,3000,36000,-33000,-33000
060636,大毅永豐9A購02  ,0,0,0,0,0,0,0,0,0,-33000,0,0,0,25000,58000,-33000,-33000
058684,健策凱基99購02  ,0,0,0,0,0,0,0,0,0,-33000,0,0,0,40000,73000,-33000,-33000
063422,奇鋐凱基9B購04  ,0,0,0,0,0,0,0,0,0,-33000,0,0,0,12000,45000,-33000,-33000
063426,茂林凱基9B購03  ,0,0,0,0,0,0,0,0,0,-33000,0,0,0,0,33000,-33000,-33000
06293P,臺股指國票97售07,0,0,0,0,0,0,0,0,0,-33000,0,0,0,50000,83000,-33000,-33000
062763,華擎凱基9C購02  ,0,0,0,0,0,0,0,0,0,-33000,0,0,0,0,33000,-33000,-33000
064325,亞德客元大9C購01,0,0,0,0,0,0,0,0,0,-34000,0,0,0,12000,46000,-34000,-34000
3686,達能            ,0,34000,-34000,0,0,0,0,0,0,0,0,0,0,0,0,0,-34000
057057,立積元大9A購01  ,0,0,0,0,0,0,0,0,0,-34000,0,0,0,50000,84000,-34000,-34000
059723,美律元大9A購02  ,0,0,0,0,0,0,0,0,0,-34000,0,0,0,60000,94000,-34000,-34000
059469,智邦元大99購03  ,0,0,0,0,0,0,0,0,0,-34000,0,0,0,6000,40000,-34000,-34000
059951,台塑康和99購01  ,0,0,0,0,0,0,0,0,0,-34000,0,0,0,87000,121000,-34000,-34000
057486,美律元大98購04  ,0,0,0,0,0,0,0,0,0,-34000,0,0,0,134000,168000,-34000,-34000
057747,致新永豐98購01  ,0,0,0,0,0,0,0,0,0,-34000,0,0,0,0,34000,-34000,-34000
063305,亞光凱基9B購01  ,0,0,0,0,0,0,0,0,0,-34000,0,0,0,60000,94000,-34000,-34000
061390,大立光群益9A購04,0,0,0,0,0,0,0,0,0,-34000,0,0,0,0,34000,-34000,-34000
061254,道瓊反凱基9A購02,0,0,0,0,0,0,0,0,0,-34000,0,0,0,10000,44000,-34000,-34000
061706,旭富國票9A購02  ,0,0,0,0,0,0,0,0,0,-34000,0,0,0,117000,151000,-34000,-34000
061687,大成鋼群益9A購01,0,0,0,0,0,0,0,0,0,-34000,0,0,0,189000,223000,-34000,-34000
062220,台光電統一01購01,20000,0,20000,0,0,0,0,0,0,-54000,0,0,0,357000,411000,-54000,-34000
062538,台積電國泰9C購02,0,0,0,0,0,0,0,0,0,-34000,0,0,0,20000,54000,-34000,-34000
08345P,大立光元大9C售14,0,0,0,0,0,0,0,0,0,-35000,0,0,0,0,35000,-35000,-35000
06655P,TPK元大98售02   ,0,0,0,0,0,0,0,0,0,-35000,0,0,0,0,35000,-35000,-35000
06928P,鴻海元大99售10  ,0,0,0,0,0,0,0,0,0,-35000,0,0,0,35000,70000,-35000,-35000
07067P,旺宏台新99售02  ,0,0,0,0,0,0,0,0,0,-35000,0,0,0,54000,89000,-35000,-35000
07214P,聯發科凱基9A售04,0,0,0,0,0,0,0,0,0,-35000,0,0,0,0,35000,-35000,-35000
056855,祥碩中信98購02  ,0,0,0,0,0,0,0,0,0,-35000,0,0,0,126000,161000,-35000,-35000
056219,T50反1日盛02購01,0,0,0,0,0,0,0,0,0,-35000,0,0,0,0,35000,-35000,-35000
055430,宏達電群益97購01,0,0,0,0,0,0,0,0,0,-35000,0,0,0,0,35000,-35000,-35000
03427B,臺股指元大9A熊02,0,0,0,0,0,0,0,0,0,-35000,0,0,0,152000,187000,-35000,-35000
060254,世紀鋼元大9A購01,0,0,0,0,0,0,0,0,0,-35000,0,0,0,0,35000,-35000,-35000
060541,正隆凱基9A購01  ,0,0,0,0,0,0,0,0,0,-35000,0,0,0,10000,45000,-35000,-35000
057516,和鑫元富98購01  ,0,0,0,0,0,0,0,0,0,-35000,0,0,0,725000,760000,-35000,-35000
058646,聯茂富邦9A購01  ,0,0,0,0,0,0,0,0,0,-35000,0,0,0,0,35000,-35000,-35000
057616,聯電凱基99購01  ,0,0,0,0,0,0,0,0,0,-35000,0,0,0,486000,521000,-35000,-35000
060767,世紀鋼元大9A購02,0,0,0,0,0,0,0,0,0,-35000,0,0,0,85000,120000,-35000,-35000
060855,華新科富邦01購01,0,0,0,0,0,0,0,0,0,-35000,0,0,0,0,35000,-35000,-35000
062426,大立光統一02購02,0,0,0,0,0,0,0,0,0,-35000,0,0,0,15000,50000,-35000,-35000
061947,旺宏群益9B購02  ,0,0,0,0,0,0,0,0,0,-35000,0,0,0,0,35000,-35000,-35000
061568,國巨元大9A購25  ,0,0,0,0,0,0,0,0,0,-35000,0,0,0,55000,90000,-35000,-35000
061407,鴻海國票9A購07  ,0,0,0,0,0,0,0,0,0,-35000,0,0,0,180000,215000,-35000,-35000
063474,康控元大9B購04  ,0,0,0,0,0,0,0,0,0,-35000,0,0,0,0,35000,-35000,-35000
063597,健策中信9B購02  ,0,0,0,0,0,0,0,0,0,-35000,0,0,0,0,35000,-35000,-35000
063693,智易永豐9B購02  ,0,0,0,0,0,0,0,0,0,-35000,0,0,0,20000,55000,-35000,-35000
062857,SP黃豆國票9C購01,0,0,0,0,0,0,0,0,0,-35000,0,0,0,1000,36000,-35000,-35000
063090,道瓊反中信9C購02,0,0,0,0,0,0,0,0,0,-35000,0,0,0,0,35000,-35000,-35000
9946,三發地產        ,0,35000,-35000,0,0,0,0,0,0,0,0,0,0,0,0,0,-35000
07051P,大立光中信99售02,0,0,0,0,0,0,0,0,0,-36000,0,0,0,2000,38000,-36000,-36000
07373P,A50正2元大99售01,0,0,0,0,0,0,0,0,0,-36000,0,0,0,0,36000,-36000,-36000
064229,台表科國票01購01,0,0,0,0,0,0,0,0,0,-36000,0,0,0,0,36000,-36000,-36000
064238,玉晶光統一01購08,0,0,0,0,0,0,0,0,0,-36000,0,0,0,20000,56000,-36000,-36000
1531,高林股          ,2000,38000,-36000,0,0,0,0,0,0,0,0,0,0,0,0,0,-36000
2022,聚亨            ,35000,29000,6000,0,0,0,0,0,0,-42000,0,42000,-42000,0,0,0,-36000
03657C,T50反1元大99牛01,0,0,0,0,0,0,0,0,0,-36000,0,0,0,135000,171000,-36000,-36000
056624,景碩永豐98購01  ,0,0,0,0,0,0,0,0,0,-36000,0,0,0,75000,111000,-36000,-36000
056723,國巨中信9A購01  ,0,0,0,0,0,0,0,0,0,-36000,0,0,0,0,36000,-36000,-36000
056365,欣興元大98購01  ,0,0,0,0,0,0,0,0,0,-36000,0,0,0,0,36000,-36000,-36000
058942,南茂中信99購01  ,0,0,0,0,0,0,0,0,0,-36000,0,0,0,22000,58000,-36000,-36000
060922,金像電永豐9A購01,0,0,0,0,0,0,0,0,0,-36000,0,0,0,50000,86000,-36000,-36000
060942,智邦國票9A購02  ,0,0,0,0,0,0,0,0,0,-36000,0,0,0,20000,56000,-36000,-36000
058671,旺宏群益9A購01  ,0,0,0,0,0,0,0,0,0,-36000,0,0,0,0,36000,-36000,-36000
058850,華新科群益99購03,0,0,0,0,0,0,0,0,0,-36000,0,0,0,10000,46000,-36000,-36000
057491,美食元大98購03  ,0,0,0,0,0,0,0,0,0,-36000,0,0,0,20000,56000,-36000,-36000
059027,神達台新99購02  ,0,0,0,0,0,0,0,0,0,-36000,0,0,0,38000,74000,-36000,-36000
063253,巨大元大9B購03  ,0,0,0,0,0,0,0,0,0,-36000,0,0,0,348000,384000,-36000,-36000
063148,建準元富9B購01  ,0,0,0,0,0,0,0,0,0,-36000,0,0,0,194000,230000,-36000,-36000
062938,聯發科凱基9B購10,0,0,0,0,0,0,0,0,0,-36000,0,0,0,30000,66000,-36000,-36000
062908,晶豪科元大9B購03,0,0,0,0,0,0,0,0,0,-36000,0,0,0,304000,340000,-36000,-36000
063603,友達凱基9B購05  ,0,0,0,0,0,0,0,0,0,-36000,0,0,0,14000,50000,-36000,-36000
063576,台表科元大9B購08,0,0,0,0,0,0,0,0,0,-36000,0,0,0,23000,59000,-36000,-36000
061580,華擎元大9A購06  ,0,0,0,0,0,0,0,0,0,-36000,0,0,0,60000,96000,-36000,-36000
061873,友達元大9C購07  ,0,0,0,0,0,0,0,0,0,-36000,0,0,0,14000,50000,-36000,-36000
061808,聯發科統一01購02,0,0,0,0,0,0,0,0,0,-36000,0,0,0,11000,47000,-36000,-36000
062433,上銀元大9B購05  ,0,0,0,0,0,0,0,0,0,-36000,0,0,0,0,36000,-36000,-36000
08124P,臻鼎群益9B售02  ,0,0,0,0,0,0,0,0,0,-37000,0,0,0,18000,55000,-37000,-37000
08054P,臺股指國票9B售19,0,0,0,0,0,0,0,0,0,-37000,0,0,0,19000,56000,-37000,-37000
2617,台航            ,65000,102000,-37000,0,0,0,0,0,0,0,0,0,0,0,0,0,-37000
3048,益登            ,77000,107000,-30000,0,0,0,0,0,0,-7000,6000,13000,-7000,0,0,0,-37000
07099P,台積電元大99售19,0,0,0,0,0,0,0,0,0,-37000,0,0,0,20000,57000,-37000,-37000
059945,嘉澤永豐99購03  ,0,0,0,0,0,0,0,0,0,-37000,0,0,0,20000,57000,-37000,-37000
058909,神達元大99購03  ,0,0,0,0,0,0,0,0,0,-37000,0,0,0,92000,129000,-37000,-37000
056308,TPK元大97購02   ,0,0,0,0,0,0,0,0,0,-37000,0,0,0,0,37000,-37000,-37000
056076,超眾元大97購05  ,0,0,0,0,0,0,0,0,0,-37000,0,0,0,13000,50000,-37000,-37000
054811,裕隆元大9A購01  ,0,0,0,0,0,0,0,0,0,-37000,0,0,0,65000,102000,-37000,-37000
055271,鴻海元大98購03  ,0,0,0,0,0,0,0,0,0,-37000,0,0,0,5000,42000,-37000,-37000
051266,國巨富邦99購01  ,0,0,0,0,0,0,0,0,0,-37000,0,0,0,25000,62000,-37000,-37000
055459,建準永豐97購03  ,0,0,0,0,0,0,0,0,0,-37000,0,0,0,12000,49000,-37000,-37000
055490,台光電元大97購01,0,0,0,0,0,0,0,0,0,-37000,0,0,0,0,37000,-37000,-37000
054626,建準凱基98購01  ,0,0,0,0,0,0,0,0,0,-37000,0,0,0,0,37000,-37000,-37000
058078,景碩國票99購01  ,0,0,0,0,0,0,0,0,0,-37000,0,0,0,0,37000,-37000,-37000
057738,旺宏富邦9A購01  ,0,0,0,0,0,0,0,0,0,-37000,0,0,0,0,37000,-37000,-37000
057173,南亞科元大98購04,0,0,0,0,0,0,0,0,0,-37000,0,0,0,68000,105000,-37000,-37000
061077,國巨兆豐9B購01  ,0,0,0,0,0,0,0,0,0,-37000,0,0,0,0,37000,-37000,-37000
063799,華邦電凱基9C購02,0,0,0,0,0,0,0,0,0,-37000,0,0,0,52000,89000,-37000,-37000
063195,訊連元富9B購01  ,0,0,0,0,0,0,0,0,0,-37000,0,0,0,108000,145000,-37000,-37000
07189P,聯發科富邦9B售03,0,0,0,0,0,0,0,0,0,-38000,0,0,0,22000,60000,-38000,-38000
07710P,華擎元大9A售05  ,0,0,0,0,0,0,0,0,0,-38000,0,0,0,2000,40000,-38000,-38000
052766,玉晶光群益9A購01,0,0,0,0,0,0,0,0,0,-38000,0,0,0,3000,41000,-38000,-38000
055779,國泰金凱基97購02,0,0,0,0,0,0,0,0,0,-38000,0,0,0,52000,90000,-38000,-38000
057024,義隆凱基99購01  ,0,0,0,0,0,0,0,0,0,-38000,0,0,0,0,38000,-38000,-38000
060802,道瓊指中信9C購03,0,0,0,0,0,0,0,0,0,-38000,0,0,0,0,38000,-38000,-38000
057460,楠梓電永豐98購03,0,0,0,0,0,0,0,0,0,-38000,0,0,0,0,38000,-38000,-38000
058249,緯穎元大99購04  ,0,0,0,0,0,0,0,0,0,-38000,0,0,0,36000,74000,-38000,-38000
060557,南電凱基9A購02  ,0,0,0,0,0,0,0,0,0,-38000,0,0,0,3000,41000,-38000,-38000
057408,台郡群益98購01  ,0,0,0,0,0,0,0,0,0,-38000,0,0,0,0,38000,-38000,-38000
060128,健策永豐99購06  ,0,0,0,0,0,0,0,0,0,-38000,0,0,0,2000,40000,-38000,-38000
063092,聯發科中信9B購03,0,0,0,0,0,0,0,0,0,-38000,0,0,0,0,38000,-38000,-38000
062846,國泰金富邦9C購01,0,0,0,0,0,0,0,0,0,-38000,0,0,0,446000,484000,-38000,-38000
063552,晶技國票9B購03  ,0,0,0,0,0,0,0,0,0,-38000,0,0,0,81000,119000,-38000,-38000
063499,金像電永豐9B購03,0,0,0,0,0,0,0,0,0,-38000,0,0,0,0,38000,-38000,-38000
061160,瑞祺群益9A購01  ,0,0,0,0,0,0,0,0,0,-38000,0,0,0,4000,42000,-38000,-38000
8081,致新            ,286000,218000,68000,0,0,0,153000,339000,-186000,80000,50000,10000,40000,43000,3000,40000,-38000
07560P,台積電國泰9B售01,0,0,0,0,0,0,0,0,0,-39000,0,0,0,0,39000,-39000,-39000
064326,裕隆元大9C購01  ,0,0,0,0,0,0,0,0,0,-39000,0,0,0,0,39000,-39000,-39000
4999,鑫禾            ,12000,51000,-39000,0,0,0,0,0,0,0,0,0,0,0,0,0,-39000
056696,茂林群益98購02  ,0,0,0,0,0,0,0,0,0,-39000,0,0,0,41000,80000,-39000,-39000
060511,群創元大9B購08  ,0,0,0,0,0,0,0,0,0,-39000,0,0,0,23000,62000,-39000,-39000
060789,禾伸堂富邦9B購02,0,0,0,0,0,0,0,0,0,-39000,0,0,0,85000,124000,-39000,-39000
060706,群創富邦9A購01  ,0,0,0,0,0,0,0,0,0,-39000,0,0,0,10000,49000,-39000,-39000
058699,楠梓電元大99購02,0,0,0,0,0,0,0,0,0,-39000,0,0,0,68000,107000,-39000,-39000
05755P,臺股指中信99售04,0,0,0,0,0,0,0,0,0,-39000,0,0,0,63000,102000,-39000,-39000
061374,力山永豐9A購04  ,0,0,0,0,0,0,0,0,0,-39000,0,0,0,4000,43000,-39000,-39000
06145P,華新科永豐97售02,0,0,0,0,0,0,0,0,0,-39000,0,0,0,0,39000,-39000,-39000
06187P,國巨統一97售05  ,0,0,0,0,0,0,0,0,0,-39000,0,0,0,1000,40000,-39000,-39000
062449,臻鼎元大9B購01  ,0,0,0,0,0,0,0,0,0,-39000,0,0,0,127000,166000,-39000,-39000
063449,全新統一9B購02  ,0,0,0,0,0,0,0,0,0,-39000,0,0,0,49000,88000,-39000,-39000
063395,金像電群益9B購02,0,0,0,0,0,0,0,0,0,-39000,0,0,0,79000,118000,-39000,-39000
063716,旺宏兆豐9B購01  ,0,0,0,0,0,0,0,0,0,-39000,0,0,0,0,39000,-39000,-39000
062786,立積元大9C購03  ,0,0,0,0,0,0,0,0,0,-39000,0,0,0,136000,175000,-39000,-39000
062863,聯茂國票9B購01  ,0,0,0,0,0,0,0,0,0,-39000,0,0,0,16000,55000,-39000,-39000
062705,美食元大9B購01  ,0,0,0,0,0,0,0,0,0,-39000,0,0,0,20000,59000,-39000,-39000
062611,台灣50元大9B購18,0,0,0,0,0,0,0,0,0,-39000,0,0,0,0,39000,-39000,-39000
9917,中保科          ,100000,138000,-38000,0,0,0,0,1000,-1000,0,0,0,0,0,0,0,-39000
5519,隆大            ,57000,72000,-15000,0,0,0,0,0,0,-25000,0,25000,-25000,0,0,0,-40000
3094,聯傑            ,85000,126000,-41000,0,0,0,0,0,0,1000,1000,0,1000,0,0,0,-40000
08244P,同欣電凱基9C售03,0,0,0,0,0,0,0,0,0,-40000,0,0,0,17000,57000,-40000,-40000
1533,車王電          ,23000,63000,-40000,0,0,0,0,0,0,0,0,0,0,0,0,0,-40000
064239,群創統一02購01  ,0,0,0,0,0,0,0,0,0,-40000,0,0,0,10000,50000,-40000,-40000
063928,可成統一01購02  ,0,0,0,0,0,0,0,0,0,-40000,0,0,0,66000,106000,-40000,-40000
063950,信邦元大9C購01  ,0,0,0,0,0,0,0,0,0,-40000,0,0,0,10000,50000,-40000,-40000
064067,美律永豐9C購01  ,0,0,0,0,0,0,0,0,0,-40000,0,0,0,0,40000,-40000,-40000
07734P,台積電富邦9C售10,0,0,0,0,0,0,0,0,0,-40000,0,0,0,0,40000,-40000,-40000
07820P,臺股指國票9A售11,0,0,0,0,0,0,0,0,0,-40000,0,0,0,0,40000,-40000,-40000
07183P,臺股指凱基99售25,0,0,0,0,0,0,0,0,0,-40000,0,0,0,20000,60000,-40000,-40000
06956P,國巨日盛99售04  ,0,0,0,0,0,0,0,0,0,-40000,0,0,0,0,40000,-40000,-40000
056364,亞光元大99購02  ,0,0,0,0,0,0,0,0,0,-40000,0,0,0,0,40000,-40000,-40000
056847,佐登元富98購01  ,0,0,0,0,0,0,0,0,0,-40000,0,0,0,30000,70000,-40000,-40000
056928,旺宏台新98購01  ,0,0,0,0,0,0,0,0,0,-40000,0,0,0,0,40000,-40000,-40000
059816,聯電凱基99購03  ,0,0,0,0,0,0,0,0,0,-40000,0,0,0,11000,51000,-40000,-40000
059864,亞德客凱基99購01,0,0,0,0,0,0,0,0,0,-40000,0,0,0,21000,61000,-40000,-40000
059851,晶相光永豐99購02,0,0,0,0,0,0,0,0,0,-40000,0,0,0,0,40000,-40000,-40000
059852,康控永豐99購02  ,0,0,0,0,0,0,0,0,0,-40000,0,0,0,53000,93000,-40000,-40000
056662,臺股指元大9A購09,0,0,0,0,0,0,0,0,0,-40000,0,0,0,0,40000,-40000,-40000
055949,亞德客元大97購04,0,0,0,0,0,0,0,0,0,-40000,0,0,0,101000,141000,-40000,-40000
055209,勤誠康和97購01  ,0,0,0,0,0,0,0,0,0,-40000,0,0,0,0,40000,-40000,-40000
052777,燿華國票98購01  ,0,0,0,0,0,0,0,0,0,-40000,0,0,0,0,40000,-40000,-40000
00685L,群益臺灣加權正2 ,0,0,0,0,0,0,0,0,0,-40000,0,0,0,9000,49000,-40000,-40000
051536,玉晶光國票97購01,0,0,0,0,0,0,0,0,0,-40000,0,0,0,1000,41000,-40000,-40000
057109,信邦群益98購01  ,0,0,0,0,0,0,0,0,0,-40000,0,0,0,0,40000,-40000,-40000
056437,台積電凱基98購11,0,0,0,0,0,0,0,0,0,-40000,0,0,0,0,40000,-40000,-40000
053378,台積電元大98購02,0,0,0,0,0,0,0,0,0,-40000,0,0,0,1000,41000,-40000,-40000
053491,鴻海兆豐97購02  ,0,0,0,0,0,0,0,0,0,-40000,0,0,0,20000,60000,-40000,-40000
057536,康控元大99購03  ,0,0,0,0,0,0,0,0,0,-40000,0,0,0,0,40000,-40000,-40000
059728,聯鈞元大99購01  ,0,0,0,0,0,0,0,0,0,-40000,0,0,0,5000,45000,-40000,-40000
059624,鴻海凱基01購01  ,0,0,0,0,0,0,0,0,0,-40000,0,0,0,0,40000,-40000,-40000
059449,滬深2X永豐99購03,0,0,0,0,0,0,0,0,0,-40000,0,0,0,0,40000,-40000,-40000
058735,南茂永豐99購01  ,0,0,0,0,0,0,0,0,0,-40000,0,0,0,60000,100000,-40000,-40000
06010P,國泰金元富96售01,0,0,0,0,0,0,0,0,0,-40000,0,0,0,10000,50000,-40000,-40000
058271,訊連永豐99購01  ,0,0,0,0,0,0,0,0,0,-40000,0,0,0,0,40000,-40000,-40000
063174,臺股指中信01購04,0,0,0,0,0,0,0,0,0,-40000,0,0,0,0,40000,-40000,-40000
063182,國巨凱基9B購10  ,0,0,0,0,0,0,0,0,0,-40000,0,0,0,0,40000,-40000,-40000
063183,國巨凱基9B購12  ,0,0,0,0,0,0,0,0,0,-40000,0,0,0,0,40000,-40000,-40000
063818,矽創群益9C購01  ,0,0,0,0,0,0,0,0,0,-40000,0,0,0,118000,158000,-40000,-40000
063833,致新國票01購01  ,0,0,0,0,0,0,0,0,0,-40000,0,0,0,8000,48000,-40000,-40000
063471,泰鼎元大9C購01  ,0,0,0,0,0,0,0,0,0,-40000,0,0,0,15000,55000,-40000,-40000
063512,聯發科麥證9B購02,0,0,0,0,40000,-40000,0,0,0,-40000,0,0,0,0,40000,-40000,-40000
062467,國巨凱基9B購08  ,0,0,0,0,0,0,0,0,0,-40000,0,0,0,0,40000,-40000,-40000
062263,康控元大9B購03  ,0,0,0,0,0,0,0,0,0,-40000,0,0,0,0,40000,-40000,-40000
061911,台積電中信05購04,0,0,0,0,0,0,0,0,0,-40000,0,0,0,10000,50000,-40000,-40000
061853,晶技國票9B購02  ,0,0,0,0,0,0,0,0,0,-40000,0,0,0,10000,50000,-40000,-40000
061638,國泰金元大9A購03,0,0,0,0,0,0,0,0,0,-40000,0,0,0,80000,120000,-40000,-40000
061419,國巨元大9A購21  ,0,0,0,0,0,0,0,0,0,-40000,0,0,0,10000,50000,-40000,-40000
061232,和大元大9A購03  ,0,0,0,0,0,0,0,0,0,-40000,0,0,0,74000,114000,-40000,-40000
061205,旺宏元大9A購11  ,0,0,0,0,0,0,0,0,0,-40000,0,0,0,5000,45000,-40000,-40000
07754P,日月光元大9A售02,0,0,0,0,0,0,0,0,0,-41000,0,0,0,47000,88000,-41000,-41000
06599P,宏達電永豐98售02,0,0,0,0,0,0,0,0,0,-41000,0,0,0,0,41000,-41000,-41000
08018P,牧德國票9B售04  ,0,0,0,0,0,0,0,0,0,-41000,0,0,0,0,41000,-41000,-41000
054577,世芯元大98購01  ,0,0,0,0,0,0,0,0,0,-41000,0,0,0,0,41000,-41000,-41000
046937,聯電元大99購01  ,0,0,0,0,0,0,0,0,0,-41000,0,0,0,6000,47000,-41000,-41000
00642U,元大S&P石油     ,2000,17000,-15000,0,0,0,0,0,0,-26000,0,0,0,70000,96000,-26000,-41000
03678C,臺股指凱基01牛02,0,0,0,0,0,0,0,0,0,-41000,0,0,0,14000,55000,-41000,-41000
054799,超眾群益98購01  ,0,0,0,0,0,0,0,0,0,-41000,0,0,0,32000,73000,-41000,-41000
056538,國泰金凱基98購01,0,0,0,0,0,0,0,0,0,-41000,0,0,0,1000,42000,-41000,-41000
057437,可成國票99購01  ,0,0,0,0,0,0,0,0,0,-41000,0,0,0,2000,43000,-41000,-41000
057780,台郡群益98購02  ,0,0,0,0,0,0,0,0,0,-41000,0,0,0,39000,80000,-41000,-41000
059101,康控統一9A購01  ,0,0,0,0,0,0,0,0,0,-41000,0,0,0,45000,86000,-41000,-41000
061005,可成兆豐9A購01  ,0,0,0,0,0,0,0,0,0,-41000,0,0,0,22000,63000,-41000,-41000
061131,崇越永豐9A購01  ,0,0,0,0,0,0,0,0,0,-41000,0,0,0,0,41000,-41000,-41000
061978,旺宏元大9C購01  ,0,0,0,0,0,0,0,0,0,-41000,0,0,0,6000,47000,-41000,-41000
062357,國巨元大9B購11  ,0,0,0,0,0,0,0,0,0,-41000,0,0,0,10000,51000,-41000,-41000
062471,國泰金凱基9B購02,0,0,0,0,0,0,0,0,0,-41000,0,0,0,23000,64000,-41000,-41000
062474,台表科凱基9C購01,0,0,0,0,0,0,0,0,0,-41000,0,0,0,0,41000,-41000,-41000
062437,廣達元大9B購01  ,0,0,0,0,0,0,0,0,0,-41000,0,0,0,37000,78000,-41000,-41000
062943,世芯凱基9B購03  ,0,0,0,0,0,0,0,0,0,-41000,0,0,0,73000,114000,-41000,-41000
6415,矽力-KY         ,297478,329780,-32302,0,0,0,0,8000,-8000,-1000,3000,4000,-1000,0,0,0,-41302
4137,麗豐-KY         ,89000,58000,31000,0,0,0,0,0,0,-73000,0,30000,-30000,3000,46000,-43000,-42000
3090,日電貿          ,144000,206000,-62000,0,0,0,0,0,0,20000,0,0,0,31000,11000,20000,-42000
056471,台光電元大99購01,0,0,0,0,0,0,0,0,0,-42000,0,0,0,34000,76000,-42000,-42000
057641,旺宏元大98購10  ,0,0,0,0,0,0,0,0,0,-42000,0,0,0,19000,61000,-42000,-42000
058796,可成元大99購04  ,0,0,0,0,0,0,0,0,0,-42000,0,0,0,30000,72000,-42000,-42000
063034,致茂凱基9B購01  ,0,0,0,0,0,0,0,0,0,-42000,0,0,0,30000,72000,-42000,-42000
062587,國巨統一9B購13  ,0,0,0,0,0,0,0,0,0,-42000,0,0,0,0,42000,-42000,-42000
062751,華擎中信9C購01  ,0,0,0,0,0,0,0,0,0,-42000,0,0,0,63000,105000,-42000,-42000
062134,國巨群益9B購04  ,0,0,0,0,0,0,0,0,0,-42000,0,0,0,86000,128000,-42000,-42000
061291,玉晶光統一01購05,0,0,0,0,0,0,0,0,0,-42000,0,0,0,0,42000,-42000,-42000
061301,華新科永豐9A購03,0,0,0,0,0,0,0,0,0,-42000,0,0,0,0,42000,-42000,-42000
061583,矽創元大9A購01  ,0,0,0,0,0,0,0,0,0,-42000,0,0,0,14000,56000,-42000,-42000
061870,智邦元大9B購02  ,0,0,0,0,0,0,0,0,0,-42000,0,0,0,58000,100000,-42000,-42000
3321,同泰            ,14000,57000,-43000,0,0,0,0,0,0,0,0,0,0,0,0,0,-43000
3419,譁裕            ,27000,70000,-43000,0,0,0,0,0,0,0,0,0,0,0,0,0,-43000
07994P,臺股指群益9B售04,0,0,0,0,0,0,0,0,0,-43000,0,0,0,17000,60000,-43000,-43000
064411,台表科凱基02購01,0,0,0,0,0,0,0,0,0,-43000,0,0,0,0,43000,-43000,-43000
064043,台積電統一9C購10,0,0,0,0,0,0,0,0,0,-43000,0,0,0,70000,113000,-43000,-43000
064169,南電統一9C購01  ,0,0,0,0,0,0,0,0,0,-43000,0,0,0,4000,47000,-43000,-43000
07546P,玉晶光凱基9A售09,0,0,0,0,0,0,0,0,0,-43000,0,0,0,0,43000,-43000,-43000
07352P,台積電國票99售11,0,0,0,0,0,0,0,0,0,-43000,0,0,0,0,43000,-43000,-43000
056065,奇鋐元大97購01  ,0,0,0,0,0,0,0,0,0,-43000,0,0,0,28000,71000,-43000,-43000
056103,聯發科永豐97購03,0,0,0,0,0,0,0,0,0,-43000,0,0,0,40000,83000,-43000,-43000
058096,南電元大98購04  ,0,0,0,0,0,0,0,0,0,-43000,0,0,0,8000,51000,-43000,-43000
057329,緯穎群益98購02  ,0,0,0,0,0,0,0,0,0,-43000,0,0,0,79000,122000,-43000,-43000
059424,SGBR2X元大9A購01,0,0,0,0,0,0,0,0,0,-43000,0,0,0,287000,330000,-43000,-43000
057744,健策永豐98購02  ,0,0,0,0,0,0,0,0,0,-43000,0,0,0,0,43000,-43000,-43000
057903,聯鈞永豐99購01  ,0,0,0,0,0,0,0,0,0,-43000,0,0,0,60000,103000,-43000,-43000
058520,智易元大99購03  ,0,0,0,0,0,0,0,0,0,-43000,0,0,0,6000,49000,-43000,-43000
062608,智易凱基9B購01  ,0,0,0,0,0,0,0,0,0,-43000,0,0,0,0,43000,-43000,-43000
062669,微星中信03購01  ,0,0,0,0,0,0,0,0,0,-43000,0,0,0,85000,128000,-43000,-43000
063409,GIS國票9C購02   ,0,0,0,0,0,0,0,0,0,-43000,0,0,0,0,43000,-43000,-43000
064264,智伸科永豐9C購01,0,0,0,0,0,0,0,0,0,-44000,0,0,0,0,44000,-44000,-44000
06636P,可成凱基98售08  ,0,0,0,0,0,0,0,0,0,-44000,0,0,0,0,44000,-44000,-44000
08219P,上銀凱基9B售08  ,0,0,0,0,0,0,0,0,0,-44000,0,0,0,73000,117000,-44000,-44000
058135,景碩元大99購01  ,0,0,0,0,0,0,0,0,0,-44000,0,0,0,152000,196000,-44000,-44000
055763,鎧勝群益97購01  ,0,0,0,0,0,0,0,0,0,-44000,0,0,0,74000,118000,-44000,-44000
054878,和大統一97購02  ,0,0,0,0,0,0,0,0,0,-44000,0,0,0,0,44000,-44000,-44000
057936,健策群益99購01  ,0,0,0,0,0,0,0,0,0,-44000,0,0,0,4000,48000,-44000,-44000
059619,台積電日盛9A購04,0,0,0,0,0,0,0,0,0,-44000,0,0,0,11000,55000,-44000,-44000
060716,新唐永豐9A購01  ,0,0,0,0,0,0,0,0,0,-44000,0,0,0,19000,63000,-44000,-44000
063745,喬山國票9C購01  ,0,0,0,0,0,0,0,0,0,-44000,0,0,0,27000,71000,-44000,-44000
061843,億豐凱基9C購01  ,0,0,0,0,0,0,0,0,0,-44000,0,0,0,10000,54000,-44000,-44000
061786,義隆群益9B購01  ,0,0,0,0,0,0,0,0,0,-44000,0,0,0,29000,73000,-44000,-44000
062143,大成鋼國票9B購01,0,0,0,0,0,0,0,0,0,-44000,0,0,0,0,44000,-44000,-44000
062458,全新群益9B購03  ,0,0,0,0,0,0,0,0,0,-44000,0,0,0,9000,53000,-44000,-44000
2482,連宇            ,42000,87000,-45000,0,0,0,0,0,0,0,0,0,0,0,0,0,-45000
064174,致新元富9C購02  ,0,0,0,0,0,0,0,0,0,-45000,0,0,0,285000,330000,-45000,-45000
056520,鴻海日盛99購01  ,0,0,0,0,0,0,0,0,0,-45000,0,0,0,0,45000,-45000,-45000
055698,茂林國票98購03  ,0,0,0,0,0,0,0,0,0,-45000,0,0,0,31000,76000,-45000,-45000
056649,智易凱基98購01  ,0,0,0,0,0,0,0,0,0,-45000,0,0,0,4000,49000,-45000,-45000
056944,鴻海統一98購11  ,0,0,0,0,0,0,0,0,0,-45000,0,0,0,0,45000,-45000,-45000
00738U,元大道瓊白銀    ,3000,0,3000,0,0,0,0,0,0,-48000,0,0,0,417000,465000,-48000,-45000
057530,奇鋐元大99購01  ,0,0,0,0,0,0,0,0,0,-45000,0,0,0,0,45000,-45000,-45000
058863,可成凱基99購02  ,0,0,0,0,0,0,0,0,0,-45000,0,0,0,0,45000,-45000,-45000
057497,祥碩元大98購06  ,0,0,0,0,0,0,0,0,0,-45000,0,0,0,2000,47000,-45000,-45000
057219,群創群益98購10  ,0,0,0,0,0,0,0,0,0,-45000,0,0,0,55000,100000,-45000,-45000
057201,華擎元富98購01  ,0,0,0,0,0,0,0,0,0,-45000,0,0,0,10000,55000,-45000,-45000
057771,鴻海群益99購01  ,0,0,0,0,0,0,0,0,0,-45000,0,0,0,15000,60000,-45000,-45000
057969,緯穎國泰99購01  ,0,0,0,0,0,0,0,0,0,-45000,0,0,0,207000,252000,-45000,-45000
060350,元黃金元富9B購01,0,0,0,0,0,0,0,0,0,-45000,0,0,0,0,45000,-45000,-45000
057381,微星國泰9A購01  ,0,0,0,0,0,0,0,0,0,-45000,0,0,0,16000,61000,-45000,-45000
062289,緯穎群益9B購01  ,0,0,0,0,0,0,0,0,0,-45000,0,0,0,30000,75000,-45000,-45000
061967,旺宏統一01購04  ,0,0,0,0,0,0,0,0,0,-45000,0,0,0,50000,95000,-45000,-45000
061769,晶技元大9B購03  ,0,0,0,0,0,0,0,0,0,-45000,0,0,0,251000,296000,-45000,-45000
061227,日月光中信9B購01,0,0,0,0,0,0,0,0,0,-45000,0,0,0,40000,85000,-45000,-45000
063477,訊芯元大9B購01  ,0,0,0,0,0,0,0,0,0,-45000,0,0,0,10000,55000,-45000,-45000
062695,華通元大9C購01  ,0,0,0,0,0,0,0,0,0,-45000,0,0,0,10000,55000,-45000,-45000
062679,技嘉統一01購01  ,0,0,0,0,0,0,0,0,0,-45000,0,0,0,140000,185000,-45000,-45000
062877,可成兆豐9C購01  ,0,0,0,0,0,0,0,0,0,-45000,0,0,0,23000,68000,-45000,-45000
063172,廣達中信9C購01  ,0,0,0,0,0,0,0,0,0,-45000,0,0,0,0,45000,-45000,-45000
064269,台灣50元大9C購38,0,0,0,0,0,0,0,0,0,-46000,0,0,0,0,46000,-46000,-46000
063943,台光電元大9C購02,0,0,0,0,0,0,0,0,0,-46000,0,0,0,18000,64000,-46000,-46000
07312P,台灣50元大99售10,0,0,0,0,0,0,0,0,0,-46000,0,0,0,0,46000,-46000,-46000
07825P,健策國泰9B售04  ,0,0,0,0,0,0,0,0,0,-46000,0,0,0,14000,60000,-46000,-46000
07255P,國巨凱基99售15  ,0,0,0,0,0,0,0,0,0,-46000,0,0,0,5000,51000,-46000,-46000
6215,和椿            ,1000,47000,-46000,0,0,0,0,0,0,0,0,0,0,0,0,0,-46000
055774,台光電凱基97購02,0,0,0,0,0,0,0,0,0,-46000,0,0,0,20000,66000,-46000,-46000
054959,禾伸堂元大98購01,0,0,0,0,0,0,0,0,0,-46000,0,0,0,0,46000,-46000,-46000
060637,玉晶光永豐9A購03,0,0,0,0,0,0,0,0,0,-46000,0,0,0,10000,56000,-46000,-46000
060208,卜蜂康和9A購01  ,0,0,0,0,0,0,0,0,0,-46000,0,0,0,40000,86000,-46000,-46000
057809,英業達元大98購01,0,0,0,0,0,0,0,0,0,-46000,0,0,0,150000,196000,-46000,-46000
057843,晶技永豐98購02  ,0,0,0,0,0,0,0,0,0,-46000,0,0,0,0,46000,-46000,-46000
059120,致伸永豐99購01  ,0,0,0,0,0,0,0,0,0,-46000,0,0,0,0,46000,-46000,-46000
058672,可成群益9B購02  ,0,0,0,0,0,0,0,0,0,-46000,0,0,0,201000,247000,-46000,-46000
059689,南亞科永豐99購02,0,0,0,0,0,0,0,0,0,-46000,0,0,0,9000,55000,-46000,-46000
057639,國巨元大99購07  ,0,0,0,0,0,0,0,0,0,-46000,0,0,0,31000,77000,-46000,-46000
057640,台積電元大98購16,0,0,0,0,0,0,0,0,0,-46000,0,0,0,54000,100000,-46000,-46000
058488,華擎國票9A購01  ,0,0,0,0,0,0,0,0,0,-46000,0,0,0,0,46000,-46000,-46000
063102,旺宏群益9B購03  ,0,0,0,0,0,0,0,0,0,-46000,0,0,0,4000,50000,-46000,-46000
063797,台積電凱基02購02,0,0,0,0,0,0,0,0,0,-46000,0,0,0,4000,50000,-46000,-46000
061489,高鐵兆豐9A購01  ,0,0,0,0,0,0,0,0,0,-46000,0,0,0,50000,96000,-46000,-46000
061790,中租群益9B購01  ,0,0,0,0,0,0,0,0,0,-46000,0,0,0,2000,48000,-46000,-46000
061549,泰碩群益9A購01  ,0,0,0,0,0,0,0,0,0,-46000,0,0,0,17000,63000,-46000,-46000
061969,大立光統一01購02,0,0,0,0,0,0,0,0,0,-46000,0,0,0,24000,70000,-46000,-46000
3617,碩天            ,26000,73000,-47000,0,0,0,0,0,0,0,0,0,0,0,0,0,-47000
2913,農林            ,121000,160000,-39000,0,0,0,0,0,0,-8000,6000,14000,-8000,0,0,0,-47000
08086P,燿華凱基9B售03  ,0,0,0,0,0,0,0,0,0,-47000,0,0,0,173000,220000,-47000,-47000
1513,中興電          ,127000,114000,13000,0,0,0,0,0,0,-60000,0,50000,-50000,0,10000,-10000,-47000
056150,台光電凱基98購02,0,0,0,0,0,0,0,0,0,-47000,0,0,0,36000,83000,-47000,-47000
056141,聯茂元大97購05  ,0,0,0,0,0,0,0,0,0,-47000,0,0,0,16000,63000,-47000,-47000
053412,台達電國票97購02,0,0,0,0,0,0,0,0,0,-47000,0,0,0,0,47000,-47000,-47000
058368,奇鋐凱基9A購01  ,0,0,0,0,0,0,0,0,0,-47000,0,0,0,0,47000,-47000,-47000
059219,旺宏元大99購12  ,0,0,0,0,0,0,0,0,0,-47000,0,0,0,7000,54000,-47000,-47000
060411,達新永豐9A購01  ,0,0,0,0,0,0,0,0,0,-47000,0,0,0,244000,291000,-47000,-47000
061541,旺宏群益9A購03  ,0,0,0,0,0,0,0,0,0,-47000,0,0,0,3000,50000,-47000,-47000
061190,力山永豐9A購02  ,0,0,0,0,0,0,0,0,0,-47000,0,0,0,0,47000,-47000,-47000
2516,新建            ,12000,59821,-47821,0,0,0,0,0,0,0,0,0,0,0,0,0,-47821
3023,信邦            ,368000,352000,16000,0,0,0,15000,0,15000,-79000,0,87000,-87000,12000,4000,8000,-48000
07048P,台積電中信03售01,0,0,0,0,0,0,0,0,0,-48000,0,0,0,50000,98000,-48000,-48000
07034P,大立光元富99售03,0,0,0,0,0,0,0,0,0,-48000,0,0,0,0,48000,-48000,-48000
07466P,亞德客元大9A售02,0,0,0,0,0,0,0,0,0,-48000,0,0,0,4000,52000,-48000,-48000
063926,南亞科統一03購01,0,0,0,0,0,0,0,0,0,-48000,0,0,0,44000,92000,-48000,-48000
054480,和碩中信98購01  ,0,0,0,0,0,0,0,0,0,-48000,0,0,0,10000,58000,-48000,-48000
056214,義隆國票99購01  ,0,0,0,0,0,0,0,0,0,-48000,0,0,0,0,48000,-48000,-48000
055667,致茂群益98購01  ,0,0,0,0,0,0,0,0,0,-48000,0,0,0,0,48000,-48000,-48000
056994,緯穎兆豐98購02  ,0,0,0,0,0,0,0,0,0,-48000,0,0,0,88000,136000,-48000,-48000
056292,統一元大97購01  ,0,0,0,0,0,0,0,0,0,-48000,0,0,0,183000,231000,-48000,-48000
059909,鴻海元大99購36  ,0,0,0,0,0,0,0,0,0,-48000,0,0,0,35000,83000,-48000,-48000
060599,國巨凱基9C購01  ,0,0,0,0,0,0,0,0,0,-48000,0,0,0,2000,50000,-48000,-48000
061628,緯穎群益9A購04  ,0,0,0,0,0,0,0,0,0,-48000,0,0,0,6000,54000,-48000,-48000
061799,奇鋐永豐9B購01  ,0,0,0,0,0,0,0,0,0,-48000,0,0,0,2000,50000,-48000,-48000
062032,崇越群益9B購01  ,0,0,0,0,0,0,0,0,0,-48000,0,0,0,0,48000,-48000,-48000
062072,國巨元大9B購05  ,0,0,0,0,0,0,0,0,0,-48000,0,0,0,25000,73000,-48000,-48000
062782,聯發科元大9B購12,0,0,0,0,0,0,0,0,0,-48000,0,0,0,63000,111000,-48000,-48000
062726,華擎凱基9B購02  ,0,0,0,0,0,0,0,0,0,-48000,0,0,0,0,48000,-48000,-48000
064006,晶技凱基9C購02  ,0,0,0,0,0,0,0,0,0,-49000,0,0,0,0,49000,-49000,-49000
07883P,可成凱基9B售03  ,0,0,0,0,0,0,0,0,0,-49000,0,0,0,163000,212000,-49000,-49000
057017,和大凱基98購01  ,0,0,0,0,0,0,0,0,0,-49000,0,0,0,30000,79000,-49000,-49000
056512,易華電永豐98購01,0,0,0,0,0,0,0,0,0,-49000,0,0,0,0,49000,-49000,-49000
056139,貿聯元大97購04  ,0,0,0,0,0,0,0,0,0,-49000,0,0,0,0,49000,-49000,-49000
055901,超眾中信97購01  ,0,0,0,0,0,0,0,0,0,-49000,0,0,0,1000,50000,-49000,-49000
055335,健策兆豐98購01  ,0,0,0,0,0,0,0,0,0,-49000,0,0,0,0,49000,-49000,-49000
053502,智伸科兆豐97購01,0,0,0,0,0,0,0,0,0,-49000,0,0,0,2000,51000,-49000,-49000
057178,可成元大98購03  ,0,0,0,0,0,0,0,0,0,-49000,0,0,0,68000,117000,-49000,-49000
057803,上銀元大98購08  ,0,0,0,0,0,0,0,0,0,-49000,0,0,0,19000,68000,-49000,-49000
058781,康友國票9A購01  ,0,0,0,0,0,0,0,0,0,-49000,0,0,0,59000,108000,-49000,-49000
060959,金像電凱基9A購01,0,0,0,0,0,0,0,0,0,-49000,0,0,0,118000,167000,-49000,-49000
063141,聯發科統一9C購10,0,0,0,0,0,0,0,0,0,-49000,0,0,0,27000,76000,-49000,-49000
063589,美食永豐9B購02  ,0,0,0,0,0,0,0,0,0,-49000,0,0,0,5000,54000,-49000,-49000
063633,金像電元大9B購05,0,0,0,0,0,0,0,0,0,-49000,0,0,0,68000,117000,-49000,-49000
063381,和潤永豐9B購01  ,0,0,0,0,0,0,0,0,0,-49000,0,0,0,453000,502000,-49000,-49000
063291,緯穎元大01購01  ,0,0,0,0,0,0,0,0,0,-49000,0,0,0,11000,60000,-49000,-49000
062031,臻鼎群益9B購01  ,0,0,0,0,0,0,0,0,0,-49000,0,0,0,52000,101000,-49000,-49000
061959,鴻海統一9B購04  ,0,0,0,0,0,0,0,0,0,-49000,0,0,0,20000,69000,-49000,-49000
061668,信邦中信9B購01  ,0,0,0,0,0,0,0,0,0,-49000,0,0,0,0,49000,-49000,-49000
08072P,祥碩永豐9B售03  ,0,0,0,0,0,0,0,0,0,-50000,0,0,0,0,50000,-50000,-50000
08040P,臺股指群益9B售13,0,0,0,0,0,0,0,0,0,-50000,0,0,0,0,50000,-50000,-50000
08181P,華新科國泰9C售02,0,0,0,0,0,0,0,0,0,-50000,0,0,0,0,50000,-50000,-50000
08329P,台達電統一9C售02,0,0,0,0,0,0,0,0,0,-50000,0,0,0,15000,65000,-50000,-50000
3041,揚智            ,483000,533000,-50000,0,0,0,0,0,0,0,0,0,0,0,0,0,-50000
2850,新產            ,53000,64000,-11000,0,0,0,0,0,0,-39000,0,39000,-39000,0,0,0,-50000
6116,彩晶            ,4682000,3897000,785000,0,0,0,0,0,0,-835000,176000,224000,-48000,433000,1220000,-787000,-50000
063951,新日興元大9C購01,0,0,0,0,0,0,0,0,0,-50000,0,0,0,0,50000,-50000,-50000
06391P,上銀中信97售03  ,0,0,0,0,0,0,0,0,0,-50000,0,0,0,0,50000,-50000,-50000
064112,宏碁國票01購01  ,0,0,0,0,0,0,0,0,0,-50000,0,0,0,0,50000,-50000,-50000
064026,建準元大9C購02  ,0,0,0,0,0,0,0,0,0,-50000,0,0,0,2000,52000,-50000,-50000
064224,玉晶光國票01購04,0,0,0,0,0,0,0,0,0,-50000,0,0,0,1000,51000,-50000,-50000
06681P,致茂元大98售02  ,0,0,0,0,0,0,0,0,0,-50000,0,0,0,0,50000,-50000,-50000
06479P,聯發科中信99售02,0,0,0,0,0,0,0,0,0,-50000,0,0,0,50000,100000,-50000,-50000
07319P,台積電凱基01售02,0,0,0,0,0,0,0,0,0,-50000,0,0,0,0,50000,-50000,-50000
07356P,臺股指國票99售24,0,0,0,0,0,0,0,0,0,-50000,0,0,0,0,50000,-50000,-50000
07832P,台積電群益9A售08,0,0,0,0,0,0,0,0,0,-50000,0,0,0,0,50000,-50000,-50000
07847P,國巨群益9A售13  ,0,0,0,0,0,0,0,0,0,-50000,0,0,0,0,50000,-50000,-50000
07856P,力成凱基9A售02  ,0,0,0,0,0,0,0,0,0,-50000,0,0,0,0,50000,-50000,-50000
07694P,超眾元大9A售05  ,0,0,0,0,0,0,0,0,0,-50000,0,0,0,220000,270000,-50000,-50000
07672P,南電元大9A售05  ,0,0,0,0,0,0,0,0,0,-50000,0,0,0,20000,70000,-50000,-50000
07241P,台灣50國票9A售05,0,0,0,0,0,0,0,0,0,-50000,0,0,0,0,50000,-50000,-50000
06967P,台郡台新99售02  ,0,0,0,0,0,0,0,0,0,-50000,0,0,0,0,50000,-50000,-50000
06974P,臺股指元大9A售12,0,0,0,0,0,0,0,0,0,-50000,0,0,0,0,50000,-50000,-50000
06896P,信邦中信98售01  ,0,0,0,0,0,0,0,0,0,-50000,0,0,0,0,50000,-50000,-50000
06925P,致茂群益9A售02  ,0,0,0,0,0,0,0,0,0,-50000,0,0,0,0,50000,-50000,-50000
06848P,聯詠元大98售04  ,0,0,0,0,0,0,0,0,0,-50000,0,0,0,50000,100000,-50000,-50000
053510,聯電群益97購01  ,0,0,0,0,0,0,0,0,0,-50000,0,0,0,0,50000,-50000,-50000
052363,廣達國票96購01  ,0,0,0,0,0,0,0,0,0,-50000,0,0,0,10000,60000,-50000,-50000
054550,旺宏凱基98購02  ,0,0,0,0,0,0,0,0,0,-50000,0,0,0,0,50000,-50000,-50000
055457,聚陽永豐97購01  ,0,0,0,0,0,0,0,0,0,-50000,0,0,0,0,50000,-50000,-50000
055575,華新科統一98購01,0,0,0,0,0,0,0,0,0,-50000,0,0,0,0,50000,-50000,-50000
054128,台積電元大97購10,0,0,0,0,0,0,0,0,0,-50000,0,0,0,0,50000,-50000,-50000
056625,致伸永豐98購01  ,0,0,0,0,0,0,0,0,0,-50000,0,0,0,125000,175000,-50000,-50000
055831,台達電元大97購01,0,0,0,0,0,0,0,0,0,-50000,0,0,0,20000,70000,-50000,-50000
056044,同欣電凱基97購03,0,0,0,0,0,0,0,0,0,-50000,0,0,0,90000,140000,-50000,-50000
056002,嘉晶永豐97購01  ,0,0,0,0,0,0,0,0,0,-50000,0,0,0,0,50000,-50000,-50000
054866,宏盛群益98購01  ,0,0,0,0,0,0,0,0,0,-50000,0,0,0,0,50000,-50000,-50000
054941,凱美元大97購01  ,0,0,0,0,0,0,0,0,0,-50000,0,0,0,0,50000,-50000,-50000
055205,京鼎中信99購01  ,0,0,0,0,0,0,0,0,0,-50000,0,0,0,0,50000,-50000,-50000
059778,上証2X元大9C購03,0,0,0,0,0,0,0,0,0,-50000,0,0,0,0,50000,-50000,-50000
061138,晶技統一9C購01  ,0,0,0,0,0,0,0,0,0,-50000,0,0,0,0,50000,-50000,-50000
061140,華擎統一9C購01  ,0,0,0,0,0,0,0,0,0,-50000,0,0,0,7000,57000,-50000,-50000
061153,奇力新群益9A購02,0,0,0,0,0,0,0,0,0,-50000,0,0,0,0,50000,-50000,-50000
057599,技嘉群益9A購01  ,0,0,0,0,0,0,0,0,0,-50000,0,0,0,18000,68000,-50000,-50000
057638,上銀元大99購01  ,0,0,0,0,0,0,0,0,0,-50000,0,0,0,0,50000,-50000,-50000
057655,奇力新中信98購05,0,0,0,0,0,0,0,0,0,-50000,0,0,0,0,50000,-50000,-50000
060762,長榮航元大9A購02,0,0,0,0,0,0,0,0,0,-50000,0,0,0,0,50000,-50000,-50000
059086,國巨元大99購18  ,0,0,0,0,0,0,0,0,0,-50000,0,0,0,94000,144000,-50000,-50000
059535,玉山金凱基99購01,0,0,0,0,0,0,0,0,0,-50000,0,0,0,5000,55000,-50000,-50000
057768,華新科中信9A購01,0,0,0,0,0,0,0,0,0,-50000,0,0,0,0,50000,-50000,-50000
057499,奇鋐群益98購01  ,0,0,0,0,0,0,0,0,0,-50000,0,0,0,0,50000,-50000,-50000
058040,FBVIX元大98購01 ,0,0,0,0,0,0,0,0,0,-50000,0,0,0,0,50000,-50000,-50000
058337,日月光元富99購01,0,0,0,0,0,0,0,0,0,-50000,0,0,0,0,50000,-50000,-50000
058535,玉晶光統一9A購06,0,0,0,0,0,0,0,0,0,-50000,0,0,0,4000,54000,-50000,-50000
060214,茂林康和9A購01  ,0,0,0,0,0,0,0,0,0,-50000,0,0,0,30000,80000,-50000,-50000
059957,中信金康和99購01,0,0,0,0,0,0,0,0,0,-50000,0,0,0,0,50000,-50000,-50000
061766,華新科元大9B購02,0,0,0,0,0,0,0,0,0,-50000,0,0,0,0,50000,-50000,-50000
061441,大毅永豐9A購04  ,0,0,0,0,0,0,0,0,0,-50000,0,0,0,0,50000,-50000,-50000
061424,華新科元大9A購18,0,0,0,0,0,0,0,0,0,-50000,0,0,0,0,50000,-50000,-50000
061977,國巨元大9B購02  ,0,0,0,0,0,0,0,0,0,-50000,0,0,0,0,50000,-50000,-50000
062073,國巨元大9B購06  ,0,0,0,0,0,0,0,0,0,-50000,0,0,0,0,50000,-50000,-50000
062089,矽創元大9B購02  ,0,0,0,0,0,0,0,0,0,-50000,0,0,0,30000,80000,-50000,-50000
062081,華新科元大9B購06,0,0,0,0,0,0,0,0,0,-50000,0,0,0,20000,70000,-50000,-50000
062283,玉晶光群益01購01,0,0,0,0,0,0,0,0,0,-50000,0,0,0,4000,54000,-50000,-50000
06239P,奇力新元大97售08,0,0,0,0,0,0,0,0,0,-50000,0,0,0,2000,52000,-50000,-50000
062464,T50反1凱基9C購03,0,0,0,0,0,0,0,0,0,-50000,0,0,0,10000,60000,-50000,-50000
062447,華擎元大9C購01  ,0,0,0,0,0,0,0,0,0,-50000,0,0,0,0,50000,-50000,-50000
062451,瀚宇博元大9B購02,0,0,0,0,0,0,0,0,0,-50000,0,0,0,87000,137000,-50000,-50000
062418,台積電統一01購06,0,0,0,0,0,0,0,0,0,-50000,0,0,0,0,50000,-50000,-50000
063332,矽格國票9B購01  ,0,0,0,0,0,0,0,0,0,-50000,0,0,0,0,50000,-50000,-50000
063498,金像電永豐9B購02,0,0,0,0,0,0,0,0,0,-50000,0,0,0,0,50000,-50000,-50000
063771,T50反1富邦02購01,0,0,0,0,0,0,0,0,0,-50000,0,0,0,0,50000,-50000,-50000
063821,南亞科麥證9C購01,0,0,0,35000,135000,-100000,0,0,0,-50000,0,0,0,85000,135000,-50000,-50000
063252,緯穎元大9B購07  ,0,0,0,0,0,0,0,0,0,-50000,0,0,0,85000,135000,-50000,-50000
063261,康控富邦03購01  ,0,0,0,0,0,0,0,0,0,-50000,0,0,0,227000,277000,-50000,-50000
063011,台積電元大9C購01,0,0,0,0,0,0,0,0,0,-50000,0,0,0,0,50000,-50000,-50000
062647,南電國泰9C購02  ,0,0,0,0,0,0,0,0,0,-50000,0,0,0,321000,371000,-50000,-50000
062856,世芯永豐9B購02  ,0,0,0,0,0,0,0,0,0,-50000,0,0,0,90000,140000,-50000,-50000
062813,台積電兆豐9B購01,0,0,0,0,0,0,0,0,0,-50000,0,0,0,0,50000,-50000,-50000
06718P,聯詠元大98售01  ,0,0,0,0,0,0,0,0,0,-51000,0,0,0,50000,101000,-51000,-51000
07593P,臺股指凱基9A售08,0,0,0,0,0,0,0,0,0,-51000,0,0,0,0,51000,-51000,-51000
6214,精誠            ,98000,141000,-43000,0,0,0,0,0,0,-8000,0,8000,-8000,0,0,0,-51000
3062,建漢            ,100000,151000,-51000,0,0,0,0,0,0,0,0,0,0,0,0,0,-51000
059863,和大凱基99購01  ,0,0,0,0,0,0,0,0,0,-51000,0,0,0,0,51000,-51000,-51000
056341,宏達電凱基9A購01,0,0,0,0,0,0,0,0,0,-51000,0,0,0,0,51000,-51000,-51000
056378,欣興元富98購01  ,0,0,0,0,0,0,0,0,0,-51000,0,0,0,0,51000,-51000,-51000
056558,台達電群益98購01,0,0,0,0,0,0,0,0,0,-51000,0,0,0,0,51000,-51000,-51000
053728,茂林凱基97購01  ,0,0,0,0,0,0,0,0,0,-51000,0,0,0,0,51000,-51000,-51000
060125,強茂永豐99購01  ,0,0,0,0,0,0,0,0,0,-51000,0,0,0,21000,72000,-51000,-51000
060390,聯鈞群益9A購01  ,0,0,0,0,0,0,0,0,0,-51000,0,0,0,30000,81000,-51000,-51000
058528,世紀鋼元大99購02,0,0,0,0,0,0,0,0,0,-51000,0,0,0,50000,101000,-51000,-51000
060698,旺宏國泰9C購01  ,0,0,0,0,0,0,0,0,0,-51000,0,0,0,21000,72000,-51000,-51000
059163,台積電凱基99購10,0,0,0,0,0,0,0,0,0,-51000,0,0,0,10000,61000,-51000,-51000
058406,聯茂元大99購06  ,0,0,0,0,0,0,0,0,0,-51000,0,0,0,25000,76000,-51000,-51000
062923,緯穎元大9B購06  ,0,0,0,0,0,0,0,0,0,-51000,0,0,0,22000,73000,-51000,-51000
062752,世芯中信9B購01  ,0,0,0,0,0,0,0,0,0,-51000,0,0,0,3000,54000,-51000,-51000
061939,中租國票9B購01  ,0,0,0,0,0,0,0,0,0,-51000,0,0,0,65000,116000,-51000,-51000
061781,台積電群益9C購01,0,0,0,0,0,0,0,0,0,-51000,0,0,0,14000,65000,-51000,-51000
2704,國賓            ,63000,115000,-52000,0,0,0,0,0,0,0,0,0,0,0,0,0,-52000
07149P,健鼎元大99售03  ,0,0,0,0,0,0,0,0,0,-52000,0,0,0,0,52000,-52000,-52000
064247,廣達元富9C購01  ,0,0,0,0,0,0,0,0,0,-52000,0,0,0,0,52000,-52000,-52000
064283,奇鋐元大9C購02  ,0,0,0,0,0,0,0,0,0,-52000,0,0,0,0,52000,-52000,-52000
057112,立積群益99購01  ,0,0,0,0,0,0,0,0,0,-52000,0,0,0,144000,196000,-52000,-52000
00711B,FH彭博新興債    ,0,0,0,0,0,0,0,0,0,-52000,0,0,0,110000,162000,-52000,-52000
055637,亞德客元富97購01,0,0,0,0,0,0,0,0,0,-52000,0,0,0,10000,62000,-52000,-52000
056191,世紀鋼統一97購01,0,0,0,0,0,0,0,0,0,-52000,0,0,0,99000,151000,-52000,-52000
056823,智伸科永豐98購01,0,0,0,0,0,0,0,0,0,-52000,0,0,0,155000,207000,-52000,-52000
059831,聯詠康和99購01  ,0,0,0,0,0,0,0,0,0,-52000,0,0,0,0,52000,-52000,-52000
059203,勤誠永豐99購02  ,0,0,0,0,0,0,0,0,0,-52000,0,0,0,50000,102000,-52000,-52000
059722,南亞科元大99購02,0,0,0,0,0,0,0,0,0,-52000,0,0,0,0,52000,-52000,-52000
059763,華擎永豐99購03  ,0,0,0,0,0,0,0,0,0,-52000,0,0,0,37000,89000,-52000,-52000
058877,T50反1國泰9B購01,0,0,0,0,0,0,0,0,0,-52000,0,0,0,0,52000,-52000,-52000
058731,貿聯永豐99購02  ,0,0,0,0,0,0,0,0,0,-52000,0,0,0,89000,141000,-52000,-52000
057835,華擎元富9B購01  ,0,0,0,0,0,0,0,0,0,-52000,0,0,0,49000,101000,-52000,-52000
060123,光罩永豐99購02  ,0,0,0,0,0,0,0,0,0,-52000,0,0,0,190000,242000,-52000,-52000
060165,上緯控永豐9A購01,0,0,0,0,0,0,0,0,0,-52000,0,0,0,0,52000,-52000,-52000
061491,嘉聯益兆豐9B購01,0,0,0,0,0,0,0,0,0,-52000,0,0,0,50000,102000,-52000,-52000
062112,祥碩國票9C購01  ,0,0,0,0,0,0,0,0,0,-52000,0,0,0,0,52000,-52000,-52000
063017,台光電元大9B購07,0,0,0,0,0,0,0,0,0,-52000,0,0,0,86000,138000,-52000,-52000
063461,金像電元大9B購03,0,0,0,0,0,0,0,0,0,-52000,0,0,0,3000,55000,-52000,-52000
063274,鈺齊兆豐9B購01  ,0,0,0,0,0,0,0,0,0,-52000,0,0,0,317000,369000,-52000,-52000
910322,康師傅-DR       ,0,52000,-52000,0,0,0,0,0,0,0,0,0,0,0,0,0,-52000
064078,台積電中信06購04,0,0,0,0,0,0,0,0,0,-53000,0,0,0,65000,118000,-53000,-53000
064151,義隆統一01購01  ,0,0,0,0,0,0,0,0,0,-53000,0,0,0,22000,75000,-53000,-53000
055619,同欣電國票98購02,0,0,0,0,0,0,0,0,0,-53000,0,0,0,524000,577000,-53000,-53000
054551,聯發科凱基98購02,0,0,0,0,0,0,0,0,0,-53000,0,0,0,10000,63000,-53000,-53000
054530,台光電國泰97購03,0,0,0,0,0,0,0,0,0,-53000,0,0,0,0,53000,-53000,-53000
053400,緯穎中信9A購01  ,0,0,0,0,0,0,0,0,0,-53000,0,0,0,20000,73000,-53000,-53000
057505,健策麥證98購01  ,0,0,0,62000,115000,-53000,0,0,0,-53000,0,0,0,62000,115000,-53000,-53000
057893,亞德客元富98購03,0,0,0,0,0,0,0,0,0,-53000,0,0,0,0,53000,-53000,-53000
058369,亞光凱基99購02  ,0,0,0,0,0,0,0,0,0,-53000,0,0,0,0,53000,-53000,-53000
063327,燿華國票9C購02  ,0,0,0,0,0,0,0,0,0,-53000,0,0,0,86000,139000,-53000,-53000
063448,聯發科統一9C購11,0,0,0,0,0,0,0,0,0,-53000,0,0,0,100000,153000,-53000,-53000
063580,立積國泰9C購01  ,0,0,0,0,0,0,0,0,0,-53000,0,0,0,61000,114000,-53000,-53000
063144,超眾統一9C購02  ,0,0,0,0,0,0,0,0,0,-53000,0,0,0,97000,150000,-53000,-53000
063125,華擎元大9C購02  ,0,0,0,0,0,0,0,0,0,-53000,0,0,0,237000,290000,-53000,-53000
063169,台汽電永豐9B購01,0,0,0,0,0,0,0,0,0,-53000,0,0,0,0,53000,-53000,-53000
062248,國巨元大9B購08  ,0,0,0,0,0,0,0,0,0,-53000,0,0,0,6000,59000,-53000,-53000
061913,宏碁中信9B購01  ,0,0,0,0,0,0,0,0,0,-53000,0,0,0,132000,185000,-53000,-53000
061858,南電國票9B購02  ,0,0,0,0,0,0,0,0,0,-53000,0,0,0,0,53000,-53000,-53000
061612,南六統一9A購01  ,0,0,0,0,0,0,0,0,0,-53000,0,0,0,85000,138000,-53000,-53000
063960,南電元大9C購03  ,0,0,0,0,0,0,0,0,0,-54000,0,0,0,0,54000,-54000,-54000
07098P,台積電元大99售18,0,0,0,0,0,0,0,0,0,-54000,0,0,0,1000,55000,-54000,-54000
6533,晶心科          ,54000,113000,-59000,0,0,0,0,0,0,5000,5000,0,5000,0,0,0,-54000
08182P,金像電永豐9B售01,0,0,0,0,0,0,0,0,0,-54000,0,0,0,36000,90000,-54000,-54000
055360,台表科凱基97購02,0,0,0,0,0,0,0,0,0,-54000,0,0,0,10000,64000,-54000,-54000
055858,聯茂元大97購03  ,0,0,0,0,0,0,0,0,0,-54000,0,0,0,46000,100000,-54000,-54000
059762,禾伸堂永豐99購02,0,0,0,0,0,0,0,0,0,-54000,0,0,0,0,54000,-54000,-54000
059454,亞光永豐99購01  ,0,0,0,0,0,0,0,0,0,-54000,0,0,0,84000,138000,-54000,-54000
058574,台積電群益99購03,0,0,0,0,0,0,0,0,0,-54000,0,0,0,21000,75000,-54000,-54000
062540,茂林國泰9C購01  ,0,0,0,0,0,0,0,0,0,-54000,0,0,0,262000,316000,-54000,-54000
063256,鴻海國泰01購02  ,0,0,0,0,0,0,0,0,0,-54000,0,0,0,52000,106000,-54000,-54000
06320P,上銀統一97售04  ,0,0,0,0,0,0,0,0,0,-54000,0,0,0,0,54000,-54000,-54000
062620,台表科元大9B購04,0,0,0,0,0,0,0,0,0,-54000,0,0,0,36000,90000,-54000,-54000
063651,金像電台新9B購01,0,0,0,0,0,0,0,0,0,-54000,0,0,0,0,54000,-54000,-54000
5234,達興材料        ,16000,41000,-25000,0,0,0,0,30000,-30000,0,0,0,0,0,0,0,-55000
3033,威健            ,50000,105000,-55000,0,0,0,0,0,0,0,0,0,0,0,0,0,-55000
2380,虹光            ,0,55000,-55000,0,0,0,0,0,0,0,0,0,0,0,0,0,-55000
07844P,可成國票9A售01  ,0,0,0,0,0,0,0,0,0,-55000,0,0,0,0,55000,-55000,-55000
064128,國產元大9C購01  ,0,0,0,0,0,0,0,0,0,-55000,0,0,0,111000,166000,-55000,-55000
055934,景碩群益98購03  ,0,0,0,0,0,0,0,0,0,-55000,0,0,0,13000,68000,-55000,-55000
058154,泰碩統一9A購01  ,0,0,0,0,0,0,0,0,0,-55000,0,0,0,221000,276000,-55000,-55000
057158,義隆永豐99購01  ,0,0,0,0,0,0,0,0,0,-55000,0,0,0,32000,87000,-55000,-55000
060115,南電元大99購06  ,0,0,0,0,0,0,0,0,0,-55000,0,0,0,0,55000,-55000,-55000
059242,南亞科凱基99購06,0,0,0,0,0,0,0,0,0,-55000,0,0,0,161000,216000,-55000,-55000
061034,晶豪科永豐9A購01,0,0,0,0,0,0,0,0,0,-55000,0,0,0,0,55000,-55000,-55000
060801,滬深2X中信01購01,0,0,0,0,0,0,0,0,0,-55000,0,0,0,0,55000,-55000,-55000
063602,金像電凱基9B購04,0,0,0,0,0,0,0,0,0,-55000,0,0,0,10000,65000,-55000,-55000
063838,上銀元大9C購01  ,0,0,0,0,0,0,0,0,0,-55000,0,0,0,0,55000,-55000,-55000
063803,世紀鋼凱基01購01,0,0,0,0,0,0,0,0,0,-55000,0,0,0,70000,125000,-55000,-55000
063502,南電永豐9B購02  ,0,0,0,0,0,0,0,0,0,-55000,0,0,0,0,55000,-55000,-55000
063323,同欣電群益9B購03,0,0,0,0,0,0,0,0,0,-55000,0,0,0,755000,810000,-55000,-55000
061690,旺宏群益9A購05  ,0,0,0,0,0,0,0,0,0,-55000,0,0,0,0,55000,-55000,-55000
064344,緯創元大9C購01  ,0,0,0,0,0,0,0,0,0,-56000,0,0,0,53000,109000,-56000,-56000
058914,元油2X元富01購02,0,0,0,0,0,0,0,0,0,-56000,0,0,0,0,56000,-56000,-56000
058951,南電群益99購01  ,0,0,0,0,0,0,0,0,0,-56000,0,0,0,0,56000,-56000,-56000
055601,茂林元大97購03  ,0,0,0,0,0,0,0,0,0,-56000,0,0,0,12000,68000,-56000,-56000
050890,南電富邦99購01  ,0,0,0,0,0,0,0,0,0,-56000,0,0,0,25000,81000,-56000,-56000
060504,技嘉元大9A購02  ,0,0,0,0,0,0,0,0,0,-56000,0,0,0,3000,59000,-56000,-56000
061693,華新科群益9B購02,0,0,0,0,0,0,0,0,0,-56000,0,0,0,0,56000,-56000,-56000
061787,華新科群益9C購01,0,0,0,0,0,0,0,0,0,-56000,0,0,0,50000,106000,-56000,-56000
062653,正隆永豐9B購01  ,0,0,0,0,0,0,0,0,0,-56000,0,0,0,109000,165000,-56000,-56000
063201,廣達統一01購01  ,0,0,0,0,0,0,0,0,0,-56000,0,0,0,50000,106000,-56000,-56000
063101,華通群益9B購07  ,0,0,0,0,0,0,0,0,0,-56000,0,0,0,52000,108000,-56000,-56000
07865P,可成元大9B售02  ,0,0,0,0,0,0,0,0,0,-57000,0,0,0,32000,89000,-57000,-57000
07021P,台積電富邦9C售02,0,0,0,0,0,0,0,0,0,-57000,0,0,0,241000,298000,-57000,-57000
3504,揚明光          ,74000,128000,-54000,0,0,0,0,0,0,-3000,0,0,0,0,3000,-3000,-57000
052049,緯創凱基97購01  ,0,0,0,0,0,0,0,0,0,-57000,0,0,0,187000,244000,-57000,-57000
055971,矽力元大97購05  ,0,0,0,0,0,0,0,0,0,-57000,0,0,0,0,57000,-57000,-57000
057455,景碩國泰99購01  ,0,0,0,0,0,0,0,0,0,-57000,0,0,0,15000,72000,-57000,-57000
063120,台光電元大9C購01,0,0,0,0,0,0,0,0,0,-57000,0,0,0,131000,188000,-57000,-57000
061342,華新科元大9A購17,0,0,0,0,0,0,0,0,0,-57000,0,0,0,14000,71000,-57000,-57000
1712,興農            ,78000,136000,-58000,0,0,0,0,0,0,0,0,0,0,0,0,0,-58000
03050X,元展47          ,0,0,0,0,0,0,0,0,0,-58000,0,0,0,70000,128000,-58000,-58000
050915,健策中信98購01  ,0,0,0,0,0,0,0,0,0,-58000,0,0,0,21000,79000,-58000,-58000
053173,矽格群益97購01  ,0,0,0,0,0,0,0,0,0,-58000,0,0,0,0,58000,-58000,-58000
057961,茂林元大9A購01  ,0,0,0,0,0,0,0,0,0,-58000,0,0,0,60000,118000,-58000,-58000
060956,超眾群益9A購01  ,0,0,0,0,0,0,0,0,0,-58000,0,0,0,0,58000,-58000,-58000
059276,可成元大99購06  ,0,0,0,0,0,0,0,0,0,-58000,0,0,0,34000,92000,-58000,-58000
058830,健策永豐99購02  ,0,0,0,0,0,0,0,0,0,-58000,0,0,0,0,58000,-58000,-58000
061831,智邦凱基9B購02  ,0,0,0,0,0,0,0,0,0,-58000,0,0,0,0,58000,-58000,-58000
062380,巨大元大9B購01  ,0,0,0,0,0,0,0,0,0,-58000,0,0,0,10000,68000,-58000,-58000
063161,祥碩富邦9B購02  ,0,0,0,0,0,0,0,0,0,-58000,0,0,0,101000,159000,-58000,-58000
063010,國巨元大9C購02  ,0,0,0,0,0,0,0,0,0,-58000,0,0,0,10000,68000,-58000,-58000
062622,南電元大9B購03  ,0,0,0,0,0,0,0,0,0,-58000,0,0,0,10000,68000,-58000,-58000
062745,聯詠永豐9B購01  ,0,0,0,0,0,0,0,0,0,-58000,0,0,0,0,58000,-58000,-58000
08184P,可成永豐9B售03  ,0,0,0,0,0,0,0,0,0,-59000,0,0,0,182000,241000,-59000,-59000
08233P,國泰金元富9B售01,0,0,0,0,0,0,0,0,0,-59000,0,0,0,71000,130000,-59000,-59000
08061P,大毅國票9B售04  ,0,0,0,0,0,0,0,0,0,-59000,0,0,0,1000,60000,-59000,-59000
06888P,日月光元大98售02,0,0,0,0,0,0,0,0,0,-59000,0,0,0,0,59000,-59000,-59000
055006,晶相光元富9A購01,0,0,0,0,0,0,0,0,0,-59000,0,0,0,0,59000,-59000,-59000
059784,台光電元大9A購01,0,0,0,0,0,0,0,0,0,-59000,0,0,0,44000,103000,-59000,-59000
056782,鴻海群益98購04  ,0,0,0,0,0,0,0,0,0,-59000,0,0,0,19000,78000,-59000,-59000
061032,金像電永豐9A購03,0,0,0,0,0,0,0,0,0,-59000,0,0,0,116000,175000,-59000,-59000
058586,鴻海中信01購02  ,0,0,0,0,0,0,0,0,0,-59000,0,0,0,133000,192000,-59000,-59000
060472,中租元大9A購02  ,0,0,0,0,0,0,0,0,0,-59000,0,0,0,24000,83000,-59000,-59000
063344,臺企銀統一9C購01,0,0,0,0,0,0,0,0,0,-59000,0,0,0,0,59000,-59000,-59000
063766,南茂元富9B購01  ,0,0,0,0,0,0,0,0,0,-59000,0,0,0,87000,146000,-59000,-59000
062413,台光電中信9B購02,0,0,0,0,0,0,0,0,0,-59000,0,0,0,99000,158000,-59000,-59000
061815,奇力新群益9B購02,0,0,0,0,0,0,0,0,0,-59000,0,0,0,0,59000,-59000,-59000
061240,華新科兆豐9A購01,0,0,0,0,0,0,0,0,0,-59000,0,0,0,0,59000,-59000,-59000
07008P,台郡中信99售02  ,0,0,0,0,0,0,0,0,0,-60000,0,0,0,0,60000,-60000,-60000
07256P,臺股指凱基99售36,0,0,0,0,0,0,0,0,0,-60000,0,0,0,0,60000,-60000,-60000
07416P,台積電元大99售53,0,0,0,0,0,0,0,0,0,-60000,0,0,0,140000,200000,-60000,-60000
06467P,旺宏統一98售01  ,0,0,0,0,0,0,0,0,0,-60000,0,0,0,0,60000,-60000,-60000
06582P,可成凱基98售06  ,0,0,0,0,0,0,0,0,0,-60000,0,0,0,20000,80000,-60000,-60000
06550P,健策元大99售01  ,0,0,0,0,0,0,0,0,0,-60000,0,0,0,0,60000,-60000,-60000
064028,大毅元大01購01  ,0,0,0,0,0,0,0,0,0,-60000,0,0,0,0,60000,-60000,-60000
063944,建準元大9C購01  ,0,0,0,0,0,0,0,0,0,-60000,0,0,0,2000,62000,-60000,-60000
056774,和鑫元大98購01  ,0,0,0,0,0,0,0,0,0,-60000,0,0,0,90000,150000,-60000,-60000
054912,群光凱基97購01  ,0,0,0,0,0,0,0,0,0,-60000,0,0,0,10000,70000,-60000,-60000
054931,緯穎凱基98購01  ,0,0,0,0,0,0,0,0,0,-60000,0,0,0,0,60000,-60000,-60000
055131,茂林康和97購01  ,0,0,0,0,0,0,0,0,0,-60000,0,0,0,30000,90000,-60000,-60000
055821,勤誠國票98購01  ,0,0,0,0,0,0,0,0,0,-60000,0,0,0,0,60000,-60000,-60000
053323,群創群益98購07  ,0,0,0,0,0,0,0,0,0,-60000,0,0,0,20000,80000,-60000,-60000
054075,GIS富邦97購02   ,0,0,0,0,0,0,0,0,0,-60000,0,0,0,0,60000,-60000,-60000
060486,中租富邦9A購01  ,0,0,0,0,0,0,0,0,0,-60000,0,0,0,0,60000,-60000,-60000
060402,神隆國泰9B購01  ,0,0,0,0,0,0,0,0,0,-60000,0,0,0,0,60000,-60000,-60000
058273,同欣電永豐99購01,0,0,0,0,0,0,0,0,0,-60000,0,0,0,0,60000,-60000,-60000
057828,緯穎元大99購02  ,0,0,0,0,0,0,0,0,0,-60000,0,0,0,6000,66000,-60000,-60000
060962,義隆凱基9B購01  ,0,0,0,0,0,0,0,0,0,-60000,0,0,0,284000,344000,-60000,-60000
060894,奇力新凱基9A購03,0,0,0,0,0,0,0,0,0,-60000,0,0,0,0,60000,-60000,-60000
059143,國巨國票9A購04  ,0,0,0,0,0,0,0,0,0,-60000,0,0,0,7000,67000,-60000,-60000
060300,佐登國泰9B購01  ,0,0,0,0,0,0,0,0,0,-60000,0,0,0,10000,70000,-60000,-60000
059295,大立光元富99購05,0,0,0,0,0,0,0,0,0,-60000,0,0,0,52000,112000,-60000,-60000
061272,超眾凱基9A購03  ,0,0,0,0,0,0,0,0,0,-60000,0,0,0,0,60000,-60000,-60000
062492,牧德第一9B購01  ,0,0,0,0,0,0,0,0,0,-60000,0,0,0,0,60000,-60000,-60000
062020,智伸科永豐9B購01,0,0,0,0,0,0,0,0,0,-60000,0,0,0,156000,216000,-60000,-60000
062167,燿華永豐9B購01  ,0,0,0,0,0,0,0,0,0,-60000,0,0,0,0,60000,-60000,-60000
063601,金像電凱基01購01,0,0,0,0,0,0,0,0,0,-60000,0,0,0,40000,100000,-60000,-60000
063345,嘉晶統一9C購02  ,0,15000,-15000,0,0,0,0,0,0,-45000,0,0,0,35000,80000,-45000,-60000
063391,南電兆豐9C購01  ,0,0,0,0,0,0,0,0,0,-60000,0,0,0,0,60000,-60000,-60000
06323P,台郡統一97售01  ,0,0,0,0,0,0,0,0,0,-60000,0,0,0,0,60000,-60000,-60000
1522,堤維西          ,115000,164000,-49000,0,0,0,0,0,0,-12000,0,0,0,3000,15000,-12000,-61000
2461,光群雷          ,56000,117000,-61000,0,0,0,0,0,0,0,0,0,0,0,0,0,-61000
052948,景碩國票97購02  ,0,0,0,0,0,0,0,0,0,-61000,0,0,0,139000,200000,-61000,-61000
048272,新光金富邦98購01,0,0,0,0,0,0,0,0,0,-61000,0,0,0,410000,471000,-61000,-61000
056669,貿聯國票99購01  ,0,0,0,0,0,0,0,0,0,-61000,0,0,0,6000,67000,-61000,-61000
060911,大毅元大9A購01  ,0,0,0,0,0,0,0,0,0,-61000,0,0,0,63000,124000,-61000,-61000
061078,台積電兆豐9A購01,0,0,0,0,0,0,0,0,0,-61000,0,0,0,0,61000,-61000,-61000
061056,臺指反國票02購01,0,0,0,0,0,0,0,0,0,-61000,0,0,0,60000,121000,-61000,-61000
060228,亞德客元大9A購01,0,0,0,0,0,0,0,0,0,-61000,0,0,0,219000,280000,-61000,-61000
062967,上銀元富9B購01  ,0,0,0,0,0,0,0,0,0,-61000,0,0,0,1000,62000,-61000,-61000
061948,美食群益9B購01  ,0,0,0,0,0,0,0,0,0,-61000,0,0,0,0,61000,-61000,-61000
061940,世紀鋼國票9C購01,0,0,0,0,0,0,0,0,0,-61000,0,0,0,6000,67000,-61000,-61000
061194,聯鈞永豐9A購02  ,0,0,0,0,0,0,0,0,0,-61000,0,0,0,0,61000,-61000,-61000
8341,日友            ,94000,123000,-29000,0,0,0,0,31000,-31000,-1000,0,1000,-1000,0,0,0,-61000
2459,敦吉            ,15000,77000,-62000,0,0,0,0,0,0,0,0,0,0,0,0,0,-62000
08318P,台積電台新01售01,0,0,0,0,0,0,0,0,0,-62000,0,0,0,10000,72000,-62000,-62000
063972,緯創國票9C購01  ,0,0,0,0,0,0,0,0,0,-62000,0,0,0,0,62000,-62000,-62000
056166,微星台新97購01  ,0,0,0,0,0,0,0,0,0,-62000,0,0,0,55000,117000,-62000,-62000
056213,建準國票98購02  ,0,0,0,0,0,0,0,0,0,-62000,0,0,0,0,62000,-62000,-62000
056939,康控元富98購01  ,0,0,0,0,0,0,0,0,0,-62000,0,0,0,10000,72000,-62000,-62000
057335,技嘉國票99購01  ,0,0,0,0,0,0,0,0,0,-62000,0,0,0,30000,92000,-62000,-62000
064021,國巨元大9C購15  ,0,0,0,0,0,0,0,0,0,-63000,0,0,0,10000,73000,-63000,-63000
064106,國巨兆豐9C購04  ,0,0,0,0,0,0,0,0,0,-63000,0,0,0,0,63000,-63000,-63000
06677P,牧德國票98售02  ,0,0,0,0,0,0,0,0,0,-63000,0,0,0,0,63000,-63000,-63000
056197,友訊永豐97購01  ,0,0,0,0,0,0,0,0,0,-63000,0,0,0,387000,450000,-63000,-63000
055197,致新元富97購02  ,0,0,0,0,0,0,0,0,0,-63000,0,0,0,37000,100000,-63000,-63000
053035,台表科兆豐97購01,0,0,0,0,0,0,0,0,0,-63000,0,0,0,0,63000,-63000,-63000
048652,巨大元大96購01  ,150000,0,150000,0,0,0,0,0,0,-213000,0,0,0,8000,221000,-213000,-63000
053293,聯發科中信9B購01,0,0,0,0,0,0,0,0,0,-63000,0,0,0,331000,394000,-63000,-63000
057997,旺宏第一9C購01  ,0,0,0,0,0,0,0,0,0,-63000,0,0,0,7000,70000,-63000,-63000
061113,南電元大9A購03  ,0,0,0,0,0,0,0,0,0,-63000,0,0,0,5000,68000,-63000,-63000
059647,超眾凱基99購04  ,0,0,0,0,0,0,0,0,0,-63000,0,0,0,1000,64000,-63000,-63000
058722,台郡元富99購01  ,0,0,0,0,0,0,0,0,0,-63000,0,0,0,173000,236000,-63000,-63000
061202,和大元大9A購02  ,0,0,0,0,0,0,0,0,0,-63000,0,0,0,118000,181000,-63000,-63000
062500,國巨群益01購01  ,0,0,0,0,0,0,0,0,0,-63000,0,0,0,55000,118000,-63000,-63000
063091,聯電中信9B購01  ,0,0,0,0,0,0,0,0,0,-63000,0,0,0,110000,173000,-63000,-63000
063507,奇鋐群益9B購02  ,0,0,0,0,0,0,0,0,0,-63000,0,0,0,47000,110000,-63000,-63000
056813,聯茂統一99購01  ,0,0,0,0,0,0,0,0,0,-64000,0,0,0,49000,113000,-64000,-64000
057059,易華電元大99購01,0,0,0,0,0,0,0,0,0,-64000,0,0,0,4000,68000,-64000,-64000
059791,超眾元大99購06  ,0,0,0,0,0,0,0,0,0,-64000,0,0,0,0,64000,-64000,-64000
058144,聯茂元大99購02  ,0,0,0,0,0,0,0,0,0,-64000,0,0,0,0,64000,-64000,-64000
058767,亞德客兆豐99購01,0,0,0,0,0,0,0,0,0,-64000,0,0,0,10000,74000,-64000,-64000
059395,T50反1元富99購03,0,0,0,0,0,0,0,0,0,-64000,0,0,0,0,64000,-64000,-64000
061121,智邦永豐9A購02  ,0,0,0,0,0,0,0,0,0,-64000,0,0,0,0,64000,-64000,-64000
061071,復盛凱基9A購01  ,0,0,0,0,0,0,0,0,0,-64000,0,0,0,118000,182000,-64000,-64000
060991,京鼎元大9A購01  ,0,0,0,0,0,0,0,0,0,-64000,0,0,0,133000,197000,-64000,-64000
058576,南亞科群益99購01,0,0,0,0,0,0,0,0,0,-64000,0,0,0,34000,98000,-64000,-64000
063096,勤誠國票9B購02  ,0,0,0,0,0,0,0,0,0,-64000,0,0,0,118000,182000,-64000,-64000
07830P,牧德凱基9A售03  ,0,0,0,0,0,0,0,0,0,-65000,0,0,0,45000,110000,-65000,-65000
06729P,聯詠元大98售03  ,0,0,0,0,0,0,0,0,0,-65000,0,0,0,35000,100000,-65000,-65000
2707,晶華            ,42000,103000,-61000,0,0,0,0,0,0,-4000,0,4000,-4000,0,0,0,-65000
2911,麗嬰房          ,4000,69000,-65000,0,0,0,0,0,0,0,0,0,0,0,0,0,-65000
056912,臺股指元大99購04,0,0,0,0,0,0,0,0,0,-65000,0,0,0,0,65000,-65000,-65000
056573,華新科元大99購06,0,0,0,0,0,0,0,0,0,-65000,0,0,0,48000,113000,-65000,-65000
058079,鴻海群益98購08  ,0,0,0,0,0,0,0,0,0,-65000,0,0,0,23000,88000,-65000,-65000
058445,旺宏富邦9C購01  ,0,0,0,0,0,0,0,0,0,-65000,0,0,0,5000,70000,-65000,-65000
05878P,創意群益98售01  ,0,0,0,0,0,0,0,0,0,-65000,0,0,0,0,65000,-65000,-65000
062764,世芯凱基9B購02  ,0,0,0,0,0,0,0,0,0,-65000,0,0,0,42000,107000,-65000,-65000
062442,華新科元大9C購02,0,0,0,0,0,0,0,0,0,-65000,0,0,0,0,65000,-65000,-65000
4952,凌通            ,41000,107000,-66000,0,0,0,0,0,0,0,0,0,0,0,0,0,-66000
07891P,臺股指國票9B售01,0,0,0,0,0,0,0,0,0,-66000,0,0,0,4000,70000,-66000,-66000
07995P,臺股指麥證9C售01,0,0,0,0,66000,-66000,0,0,0,-66000,0,0,0,0,66000,-66000,-66000
06934P,聯鈞元大98售03  ,0,0,0,0,0,0,0,0,0,-66000,0,0,0,20000,86000,-66000,-66000
058106,神達統一98購02  ,0,0,0,0,0,0,0,0,0,-66000,0,0,0,20000,86000,-66000,-66000
058820,致茂國泰9B購01  ,0,0,0,0,0,0,0,0,0,-66000,0,0,0,20000,86000,-66000,-66000
060631,微星富邦9B購01  ,0,0,0,0,0,0,0,0,0,-66000,0,0,0,0,66000,-66000,-66000
060016,廣達康和99購01  ,0,0,0,0,0,0,0,0,0,-66000,0,0,0,123000,189000,-66000,-66000
063559,力山元大9B購04  ,0,0,0,0,0,0,0,0,0,-66000,0,0,0,73000,139000,-66000,-66000
063264,健策永豐9B購07  ,0,0,0,0,0,0,0,0,0,-66000,0,0,0,0,66000,-66000,-66000
063298,統一凱基9B購01  ,0,0,0,0,0,0,0,0,0,-66000,0,0,0,20000,86000,-66000,-66000
06996P,臺股指凱基99售17,0,0,0,0,0,0,0,0,0,-67000,0,0,0,0,67000,-67000,-67000
064054,中租統一02購01  ,0,0,0,0,0,0,0,0,0,-67000,0,0,0,281000,348000,-67000,-67000
08075P,聯電群益9C售01  ,0,0,0,0,0,0,0,0,0,-67000,0,0,0,201000,268000,-67000,-67000
08207P,金像電群益9B售05,0,0,0,0,0,0,0,0,0,-67000,0,0,0,136000,203000,-67000,-67000
052077,可成元富98購02  ,0,0,0,0,0,0,0,0,0,-67000,0,0,0,1000,68000,-67000,-67000
060246,晶相光元大9C購03,0,0,0,0,0,0,0,0,0,-67000,0,0,0,28000,95000,-67000,-67000
059560,T50反1凱基99購08,0,0,0,0,0,0,0,0,0,-67000,0,0,0,3000,70000,-67000,-67000
062928,富邦金台新9B購02,0,0,0,0,0,0,0,0,0,-67000,0,0,0,72000,139000,-67000,-67000
063103,技嘉群益9B購01  ,0,0,0,0,0,0,0,0,0,-67000,0,0,0,0,67000,-67000,-67000
063014,技嘉元大9B購03  ,0,0,0,0,0,0,0,0,0,-67000,0,0,0,7000,74000,-67000,-67000
063880,可成元富9C購01  ,0,0,0,0,0,0,0,0,0,-68000,0,0,0,51000,119000,-68000,-68000
00688L,國泰20年美債正2 ,0,36000,-36000,0,0,0,0,0,0,-32000,0,0,0,112000,144000,-32000,-68000
052703,貿聯國票97購01  ,0,0,0,0,0,0,0,0,0,-68000,0,0,0,0,68000,-68000,-68000
056816,華通永豐98購02  ,0,0,0,0,0,0,0,0,0,-68000,0,0,0,50000,118000,-68000,-68000
056788,日月光群益98購01,0,0,0,0,0,0,0,0,0,-68000,0,0,0,30000,98000,-68000,-68000
056361,美律元大99購02  ,0,0,0,0,0,0,0,0,0,-68000,0,0,0,0,68000,-68000,-68000
056357,台積電元大9A購01,0,0,0,0,0,0,0,0,0,-68000,0,0,0,29000,97000,-68000,-68000
055604,訊芯元大98購02  ,0,0,0,0,0,0,0,0,0,-68000,0,0,0,0,68000,-68000,-68000
055635,緯穎永豐97購01  ,0,0,0,0,0,0,0,0,0,-68000,0,0,0,5000,73000,-68000,-68000
055741,健策元富97購01  ,0,0,0,0,0,0,0,0,0,-68000,0,0,0,155000,223000,-68000,-68000
061031,神隆永豐9A購02  ,0,0,0,0,0,0,0,0,0,-68000,0,0,0,173000,241000,-68000,-68000
060846,欣興國票9A購02  ,0,0,0,0,0,0,0,0,0,-68000,0,0,0,54000,122000,-68000,-68000
060384,葡萄王凱基9B購01,0,0,0,0,0,0,0,0,0,-68000,0,0,0,82000,150000,-68000,-68000
057980,聯詠永豐98購01  ,0,0,0,0,0,0,0,0,0,-68000,0,0,0,0,68000,-68000,-68000
057817,景碩元大98購01  ,0,0,0,0,0,0,0,0,0,-68000,0,0,0,141000,209000,-68000,-68000
057818,泰碩元大9A購01  ,0,0,0,0,0,0,0,0,0,-68000,0,0,0,10000,78000,-68000,-68000
057874,可成元大99購02  ,0,0,0,0,0,0,0,0,0,-68000,0,0,0,68000,136000,-68000,-68000
06333P,臺股指群益9C售02,0,0,0,0,0,0,0,0,0,-68000,0,0,0,0,68000,-68000,-68000
063612,金像電群益9B購04,0,0,0,0,0,0,0,0,0,-68000,0,0,0,15000,83000,-68000,-68000
063725,聯電元大9C購03  ,0,0,0,0,0,0,0,0,0,-68000,0,0,0,41000,109000,-68000,-68000
062509,SP黃豆國票9B購03,0,0,0,0,0,0,0,0,0,-68000,0,0,0,0,68000,-68000,-68000
061309,鴻海統一9C購05  ,0,0,0,0,0,0,0,0,0,-68000,0,0,0,40000,108000,-68000,-68000
06621P,欣興元大98售06  ,0,0,0,0,0,0,0,0,0,-69000,0,0,0,18000,87000,-69000,-69000
07917P,可成永豐9B售01  ,0,0,0,0,0,0,0,0,0,-69000,0,0,0,216000,285000,-69000,-69000
4576,大銀微系統      ,109000,25000,84000,0,0,0,0,153000,-153000,0,0,0,0,0,0,0,-69000
056144,GIS元大98購01   ,0,0,0,0,0,0,0,0,0,-69000,0,0,0,17000,86000,-69000,-69000
056394,晶豪科永豐98購01,0,0,0,0,0,0,0,0,0,-69000,0,0,0,23000,92000,-69000,-69000
059786,全新元大99購06  ,0,0,0,0,0,0,0,0,0,-69000,0,0,0,7000,76000,-69000,-69000
054102,百和國票97購04  ,0,0,0,0,0,0,0,0,0,-69000,0,0,0,0,69000,-69000,-69000
058567,華新科凱基9A購02,0,0,0,0,0,0,0,0,0,-69000,0,0,0,0,69000,-69000,-69000
060625,華擎元大9A購01  ,0,0,0,0,0,0,0,0,0,-69000,0,0,0,95000,164000,-69000,-69000
059097,世紀鋼元大99購05,0,0,0,0,0,0,0,0,0,-69000,0,0,0,174000,243000,-69000,-69000
061463,智邦群益9A購02  ,0,0,0,0,0,0,0,0,0,-69000,0,0,0,32000,101000,-69000,-69000
061574,大毅元大9B購01  ,0,0,0,0,0,0,0,0,0,-69000,0,0,0,13000,82000,-69000,-69000
063105,健策群益9C購01  ,0,0,0,0,0,0,0,0,0,-69000,0,0,0,10000,79000,-69000,-69000
2423,固緯            ,6000,76000,-70000,0,0,0,0,0,0,0,0,0,0,0,0,0,-70000
07986P,大成鋼統一9B售02,0,0,0,0,0,0,0,0,0,-70000,0,0,0,0,70000,-70000,-70000
08051P,臺股指國票9B售16,0,0,0,0,0,0,0,0,0,-70000,0,0,0,0,70000,-70000,-70000
08137P,台灣50元大9B售24,0,0,0,0,0,0,0,0,0,-70000,0,0,0,0,70000,-70000,-70000
08134P,臺股指元大9B售40,0,0,0,0,0,0,0,0,0,-70000,0,0,0,0,70000,-70000,-70000
06545P,致茂元大98售01  ,0,0,0,0,0,0,0,0,0,-70000,0,0,0,0,70000,-70000,-70000
063947,大毅元大9C購02  ,0,0,0,0,0,0,0,0,0,-70000,0,0,0,28000,98000,-70000,-70000
07091P,SGBR2X凱基9A售02,0,0,0,0,0,0,0,0,0,-70000,0,0,0,0,70000,-70000,-70000
07170P,臺股指國票99售07,0,0,0,0,0,0,0,0,0,-70000,0,0,0,240000,310000,-70000,-70000
06876P,台灣50兆豐9B售01,0,0,0,0,0,0,0,0,0,-70000,0,0,0,0,70000,-70000,-70000
07459P,緯穎元大9A售01  ,0,0,0,0,0,0,0,0,0,-70000,0,0,0,0,70000,-70000,-70000
07530P,聯發科凱基9A售11,0,0,0,0,0,0,0,0,0,-70000,0,0,0,0,70000,-70000,-70000
050641,上証反凱基96購01,0,0,0,0,0,0,0,0,0,-70000,0,0,0,0,70000,-70000,-70000
041990,A50正2國票97購01,0,0,0,0,0,0,0,0,0,-70000,0,0,0,0,70000,-70000,-70000
054378,楠梓電群益98購01,0,0,0,0,0,0,0,0,0,-70000,0,0,0,30000,100000,-70000,-70000
054559,台光電群益99購01,0,0,0,0,0,0,0,0,0,-70000,0,0,0,93000,163000,-70000,-70000
05711P,茂林國票97售03  ,0,0,0,0,0,0,0,0,0,-70000,0,0,0,30000,100000,-70000,-70000
055909,大成鋼凱基98購02,0,0,0,0,0,0,0,0,0,-70000,0,0,0,10000,80000,-70000,-70000
055168,光罩統一98購01  ,0,0,0,0,0,0,0,0,0,-70000,0,0,0,0,70000,-70000,-70000
058740,T50反1日盛9B購02,0,0,0,0,0,0,0,0,0,-70000,0,0,0,0,70000,-70000,-70000
058618,南電元大99購02  ,0,0,0,0,0,0,0,0,0,-70000,0,0,0,9000,79000,-70000,-70000
058051,同欣電元大98購03,0,0,0,0,0,0,0,0,0,-70000,0,0,0,85000,155000,-70000,-70000
063202,南亞科統一9C購02,0,0,0,0,0,0,0,0,0,-70000,0,0,0,20000,90000,-70000,-70000
063184,台光電凱基9B購03,0,0,0,0,0,0,0,0,0,-70000,0,0,0,32000,102000,-70000,-70000
062690,華擎統一9B購01  ,0,0,0,0,0,0,0,0,0,-70000,0,0,0,0,70000,-70000,-70000
063667,全新統一01購02  ,0,0,0,0,0,0,0,0,0,-70000,0,0,0,20000,90000,-70000,-70000
063500,嘉晶永豐9B購02  ,0,0,0,0,0,0,0,0,0,-70000,0,0,0,12000,82000,-70000,-70000
061866,力山元大9C購01  ,0,0,0,0,0,0,0,0,0,-70000,0,0,0,5000,75000,-70000,-70000
061173,T50反1凱基04購01,0,0,0,0,0,0,0,0,0,-70000,0,0,0,0,70000,-70000,-70000
062528,全新統一9C購01  ,0,0,0,0,0,0,0,0,0,-70000,0,0,0,0,70000,-70000,-70000
062436,國巨元大9B購14  ,0,0,0,0,0,0,0,0,0,-70000,0,0,0,10000,80000,-70000,-70000
062275,燿華群益9B購01  ,0,0,0,0,0,0,0,0,0,-70000,0,0,0,0,70000,-70000,-70000
062188,貿聯元大9B購02  ,0,0,0,0,0,0,0,0,0,-70000,0,0,0,30000,100000,-70000,-70000
056023,晶豪科群益97購01,0,0,0,0,0,0,0,0,0,-71000,0,0,0,0,71000,-71000,-71000
056121,勤誠群益97購01  ,0,0,0,0,0,0,0,0,0,-71000,0,0,0,49000,120000,-71000,-71000
056351,鴻海元大98購06  ,0,0,0,0,0,0,0,0,0,-71000,0,0,0,0,71000,-71000,-71000
058588,致茂中信9B購01  ,0,0,0,0,0,0,0,0,0,-71000,0,0,0,106000,177000,-71000,-71000
060642,華擎永豐9A購02  ,0,0,0,0,0,0,0,0,0,-71000,0,0,0,12000,83000,-71000,-71000
06050P,玉晶光國票98售01,0,0,0,0,0,0,0,0,0,-71000,0,0,0,99000,170000,-71000,-71000
058242,玉晶光元大9A購01,0,0,0,0,0,0,0,0,0,-71000,0,0,0,1000,72000,-71000,-71000
061003,南亞科兆豐9A購01,0,0,0,0,0,0,0,0,0,-71000,0,0,0,1000,72000,-71000,-71000
063155,緯穎元富9B購03  ,0,0,0,0,0,0,0,0,0,-71000,0,0,0,17000,88000,-71000,-71000
07615P,華通中信02售02  ,0,0,0,0,0,0,0,0,0,-72000,0,0,0,0,72000,-72000,-72000
064099,億光群益9C購01  ,0,0,0,0,0,0,0,0,0,-72000,0,0,0,63000,135000,-72000,-72000
064187,亞光永豐9C購01  ,0,0,0,0,0,0,0,0,0,-72000,0,0,0,0,72000,-72000,-72000
056736,國巨凱基99購03  ,0,0,0,0,0,0,0,0,0,-72000,0,0,0,1000,73000,-72000,-72000
057277,可成元大98購05  ,0,0,0,0,0,0,0,0,0,-72000,0,0,0,0,72000,-72000,-72000
055623,貿聯國泰99購01  ,0,0,0,0,0,0,0,0,0,-72000,0,0,0,8000,80000,-72000,-72000
057107,華新科群益98購06,0,0,0,0,0,0,0,0,0,-72000,0,0,0,0,72000,-72000,-72000
054196,台光電國泰97購02,0,0,0,0,0,0,0,0,0,-72000,0,0,0,0,72000,-72000,-72000
057720,日電貿元富98購01,0,0,0,0,0,0,0,0,0,-72000,0,0,0,98000,170000,-72000,-72000
063016,微星元大9C購02  ,0,0,0,0,0,0,0,0,0,-72000,0,0,0,27000,99000,-72000,-72000
063566,台光電元大9B購08,0,0,0,0,0,0,0,0,0,-72000,0,0,0,128000,200000,-72000,-72000
063283,華新科元大9C購03,0,0,0,0,0,0,0,0,0,-72000,0,0,0,75000,147000,-72000,-72000
063648,台表科元大9C購05,0,0,0,0,0,0,0,0,0,-72000,0,0,0,66000,138000,-72000,-72000
062254,台光電元大9B購02,0,0,0,0,0,0,0,0,0,-72000,0,0,0,52000,124000,-72000,-72000
062027,國泰金群益9B購01,0,0,0,0,0,0,0,0,0,-72000,0,0,0,111000,183000,-72000,-72000
061604,台光電凱基9B購01,0,0,0,0,0,0,0,0,0,-72000,0,0,0,40000,112000,-72000,-72000
08309P,GIS凱基9C售01   ,0,0,0,0,0,0,0,0,0,-73000,0,0,0,79000,152000,-73000,-73000
08277P,嘉晶元富9C售02  ,0,0,0,0,0,0,0,0,0,-73000,0,0,0,0,73000,-73000,-73000
03875P,滬深2X國票05售01,0,0,0,0,0,0,0,0,0,-73000,0,0,0,0,73000,-73000,-73000
056020,義隆群益97購01  ,0,0,0,0,0,0,0,0,0,-73000,0,0,0,4000,77000,-73000,-73000
057232,京元電凱基98購02,0,0,0,0,0,0,0,0,0,-73000,0,0,0,107000,180000,-73000,-73000
057662,上銀元大9A購01  ,0,0,0,0,0,0,0,0,0,-73000,0,0,0,30000,103000,-73000,-73000
059747,台達電台新99購01,0,0,0,0,0,0,0,0,0,-73000,0,0,0,88000,161000,-73000,-73000
063618,智邦兆豐9C購01  ,0,0,0,0,0,0,0,0,0,-73000,0,0,0,0,73000,-73000,-73000
063006,道瓊反元大9C購01,0,0,0,0,0,0,0,0,0,-73000,0,0,0,0,73000,-73000,-73000
063060,華新科元富9B購03,0,0,0,0,0,0,0,0,0,-73000,0,0,0,2000,75000,-73000,-73000
062780,旺宏元大01購01  ,0,0,0,0,0,0,0,0,0,-73000,0,0,0,6000,79000,-73000,-73000
08171P,嘉澤國票9C售01  ,0,0,0,0,0,0,0,0,0,-74000,0,0,0,63000,137000,-74000,-74000
1526,日馳            ,20000,95000,-75000,0,0,0,0,0,0,1000,1000,0,1000,0,0,0,-74000
055716,致茂元大97購01  ,0,0,0,0,0,0,0,0,0,-74000,0,0,0,0,74000,-74000,-74000
055627,亞德客永豐97購02,0,0,0,0,0,0,0,0,0,-74000,0,0,0,0,74000,-74000,-74000
055639,上銀元富97購02  ,0,0,0,0,0,0,0,0,0,-74000,0,0,0,8000,82000,-74000,-74000
059054,國巨凱基99購11  ,0,0,0,0,0,0,0,0,0,-74000,0,0,0,30000,104000,-74000,-74000
058554,瀚宇博永豐99購01,0,0,0,0,0,0,0,0,0,-74000,0,0,0,0,74000,-74000,-74000
060295,貿聯元大9A購03  ,0,0,0,0,0,0,0,0,0,-74000,0,0,0,30000,104000,-74000,-74000
062861,世芯國票9C購01  ,0,0,0,0,0,0,0,0,0,-74000,0,0,0,4000,78000,-74000,-74000
061679,健策元大9B購04  ,0,0,0,0,0,0,0,0,0,-74000,0,0,0,70000,144000,-74000,-74000
061742,奇鋐凱基9B購01  ,0,0,0,0,0,0,0,0,0,-74000,0,0,0,0,74000,-74000,-74000
062048,義隆台新9B購01  ,0,0,0,0,0,0,0,0,0,-74000,0,0,0,31000,105000,-74000,-74000
08276P,可成元富9C售02  ,0,0,0,0,0,0,0,0,0,-75000,0,0,0,1077000,1152000,-75000,-75000
08315P,台積電元大9C售08,0,0,0,0,0,0,0,0,0,-75000,0,0,0,40000,115000,-75000,-75000
4961,天鈺            ,260000,335000,-75000,0,0,0,0,0,0,0,0,0,0,0,0,0,-75000
064121,國巨元大9C購16  ,0,0,0,0,0,0,0,0,0,-75000,0,0,0,25000,100000,-75000,-75000
07202P,台灣50凱基9C售04,0,0,0,0,0,0,0,0,0,-75000,0,0,0,40000,115000,-75000,-75000
054841,亞德客兆豐97購01,0,0,0,0,0,0,0,0,0,-75000,0,0,0,11000,86000,-75000,-75000
054893,帆宣統一99購01  ,0,0,0,0,0,0,0,0,0,-75000,0,0,0,75000,150000,-75000,-75000
056104,義隆永豐97購01  ,0,0,0,0,0,0,0,0,0,-75000,0,0,0,7000,82000,-75000,-75000
059918,華新科元大99購20,0,0,0,0,0,0,0,0,0,-75000,0,0,0,18000,93000,-75000,-75000
058021,牧德凱基98購02  ,0,0,0,0,0,0,0,0,0,-75000,0,0,0,30000,105000,-75000,-75000
060130,瀚宇博永豐99購02,0,0,0,0,0,0,0,0,0,-75000,0,0,0,0,75000,-75000,-75000
061989,晶技元大9B購04  ,0,0,0,0,0,0,0,0,0,-75000,0,0,0,50000,125000,-75000,-75000
062919,聯茂元大9B購01  ,0,0,0,0,0,0,0,0,0,-75000,0,0,0,51000,126000,-75000,-75000
063526,台光電凱基9B購04,0,0,0,0,0,0,0,0,0,-75000,0,0,0,0,75000,-75000,-75000
064233,燿華統一9C購02  ,0,0,0,0,0,0,0,0,0,-76000,0,0,0,0,76000,-76000,-76000
06654P,欣興元大98售08  ,0,0,0,0,0,0,0,0,0,-76000,0,0,0,200000,276000,-76000,-76000
056307,貿聯元大97購05  ,0,0,0,0,0,0,0,0,0,-76000,0,0,0,68000,144000,-76000,-76000
055174,精元統一97購01  ,0,0,0,0,0,0,0,0,0,-76000,0,0,0,755000,831000,-76000,-76000
060688,世紀鋼元大9C購01,0,0,0,0,0,0,0,0,0,-76000,0,0,0,85000,161000,-76000,-76000
06326P,鴻海中信01售01  ,0,0,0,0,0,0,0,0,0,-76000,0,0,0,84000,160000,-76000,-76000
062194,遠東新中信9C購01,0,0,0,0,0,0,0,0,0,-76000,0,0,0,42000,118000,-76000,-76000
061782,智邦群益9B購01  ,0,0,0,0,0,0,0,0,0,-76000,0,0,0,0,76000,-76000,-76000
06731P,聯茂元大98售05  ,0,0,0,0,0,0,0,0,0,-77000,0,0,0,23000,100000,-77000,-77000
056738,國巨凱基9A購02  ,0,0,0,0,0,0,0,0,0,-77000,0,0,0,47000,124000,-77000,-77000
056418,台光電元富98購01,0,0,0,0,0,0,0,0,0,-77000,0,0,0,217000,294000,-77000,-77000
053586,建準元大96購01  ,0,0,0,0,0,0,0,0,0,-77000,0,0,0,3000,80000,-77000,-77000
060993,健策元大9B購03  ,0,0,0,0,0,0,0,0,0,-77000,0,0,0,53000,130000,-77000,-77000
060360,南亞科元富9A購02,0,0,0,0,0,0,0,0,0,-77000,0,0,0,251000,328000,-77000,-77000
058212,華新科群益9A購01,0,0,0,0,0,0,0,0,0,-77000,0,0,0,26000,103000,-77000,-77000
062049,亞德客統一01購01,0,0,0,0,0,0,0,0,0,-77000,0,0,0,304000,381000,-77000,-77000
062682,全新統一9B購01  ,0,0,0,0,0,0,0,0,0,-77000,0,0,0,12000,89000,-77000,-77000
062735,和大國票9B購01  ,0,0,0,0,0,0,0,0,0,-77000,0,0,0,0,77000,-77000,-77000
06813P,友訊元富98售03  ,0,0,0,0,0,0,0,0,0,-78000,0,0,0,119000,197000,-78000,-78000
07270P,台灣50元大01售09,0,0,0,0,0,0,0,0,0,-78000,0,0,0,12000,90000,-78000,-78000
064249,聯發科元富06購01,0,0,0,0,0,0,0,0,0,-78000,0,0,0,0,78000,-78000,-78000
064354,同欣電元大9C購05,0,0,0,0,0,0,0,0,0,-78000,0,0,0,8000,86000,-78000,-78000
054215,創意國票97購02  ,0,0,0,0,0,0,0,0,0,-78000,0,0,0,38000,116000,-78000,-78000
051047,深中小群益99購01,0,0,0,0,0,0,0,0,0,-78000,0,0,0,0,78000,-78000,-78000
055227,聯發科國票98購02,0,0,0,0,0,0,0,0,0,-78000,0,0,0,22000,100000,-78000,-78000
058190,貿聯永豐99購01  ,0,0,0,0,0,0,0,0,0,-78000,0,0,0,33000,111000,-78000,-78000
060336,南電康和9A購01  ,0,0,0,0,0,0,0,0,0,-78000,0,0,0,22000,100000,-78000,-78000
061067,貿聯凱基9A購03  ,0,0,0,0,0,0,0,0,0,-78000,0,0,0,140000,218000,-78000,-78000
060984,南亞科元大9A購07,0,0,0,0,0,0,0,0,0,-78000,0,0,0,38000,116000,-78000,-78000
063531,台表科凱基9B購04,0,0,0,0,0,0,0,0,0,-78000,0,0,0,0,78000,-78000,-78000
063730,台積電元大9B購09,0,0,0,0,0,0,0,0,0,-78000,0,0,0,45000,123000,-78000,-78000
062350,台表科群益9B購01,0,0,0,0,0,0,0,0,0,-78000,0,0,0,107000,185000,-78000,-78000
061610,力成統一9C購01  ,0,0,0,0,0,0,0,0,0,-78000,0,0,0,637000,715000,-78000,-78000
06157P,聯鈞統一97售02  ,0,0,0,0,0,0,0,0,0,-78000,0,0,0,80000,158000,-78000,-78000
4930,燦星網          ,0,79000,-79000,0,0,0,0,0,0,0,0,0,0,0,0,0,-79000
3019,亞光            ,373000,503000,-130000,0,0,0,0,0,0,51000,62000,32000,30000,27000,6000,21000,-79000
055288,日電貿元大97購02,0,0,0,0,0,0,0,0,0,-79000,0,0,0,95000,174000,-79000,-79000
054710,東元元富97購01  ,0,0,0,0,0,0,0,0,0,-79000,0,0,0,268000,347000,-79000,-79000
060017,全新康和99購01  ,0,0,0,0,0,0,0,0,0,-79000,0,0,0,7000,86000,-79000,-79000
057729,華新科國泰99購04,0,0,0,0,0,0,0,0,0,-79000,0,0,0,3000,82000,-79000,-79000
061477,晶豪科元大9A購01,0,0,0,0,0,0,0,0,0,-79000,0,0,0,21000,100000,-79000,-79000
061506,瑞祺國票9A購02  ,0,0,0,0,0,0,0,0,0,-79000,0,0,0,69000,148000,-79000,-79000
062379,致新元大9B購01  ,0,0,0,0,0,0,0,0,0,-79000,0,0,0,52000,131000,-79000,-79000
062182,華新科元大9B購07,0,0,0,0,0,0,0,0,0,-79000,0,0,0,0,79000,-79000,-79000
062787,超眾元大9C購02  ,0,0,0,0,0,0,0,0,0,-79000,0,0,0,13000,92000,-79000,-79000
063151,奇鋐元富9B購01  ,0,0,0,0,0,0,0,0,0,-79000,0,0,0,137000,216000,-79000,-79000
063013,技嘉元大9B購02  ,0,0,0,0,0,0,0,0,0,-79000,0,0,0,64000,143000,-79000,-79000
6672,騰輝電子-KY     ,54000,134000,-80000,0,0,0,0,0,0,0,0,0,0,0,0,0,-80000
08323P,華新科凱基9C售04,0,0,0,0,0,0,0,0,0,-80000,0,0,0,20000,100000,-80000,-80000
08178P,南亞科元大9B售01,0,0,0,0,0,0,0,0,0,-80000,0,0,0,0,80000,-80000,-80000
064150,全新統一01購03  ,0,0,0,0,0,0,0,0,0,-80000,0,0,0,29000,109000,-80000,-80000
07545P,玉晶光凱基9A售07,0,0,0,0,0,0,0,0,0,-80000,0,0,0,0,80000,-80000,-80000
054855,得力群益98購01  ,0,0,0,0,0,0,0,0,0,-80000,0,0,0,0,80000,-80000,-80000
056566,臻鼎群益98購01  ,0,0,0,0,0,0,0,0,0,-80000,0,0,0,0,80000,-80000,-80000
055036,中工富邦9B購01  ,0,0,0,0,0,0,0,0,0,-80000,0,0,0,80000,160000,-80000,-80000
056100,楠梓電永豐97購02,0,0,0,0,0,0,0,0,0,-80000,0,0,0,37000,117000,-80000,-80000
056195,群創富邦98購01  ,0,0,0,0,0,0,0,0,0,-80000,0,0,0,0,80000,-80000,-80000
056335,微星凱基98購01  ,0,0,0,0,0,0,0,0,0,-80000,0,0,0,35000,115000,-80000,-80000
056380,麗豐元富98購01  ,0,0,0,0,0,0,0,0,0,-80000,0,0,0,0,80000,-80000,-80000
056897,南亞科元大98購02,0,0,0,0,0,0,0,0,0,-80000,0,0,0,68000,148000,-80000,-80000
058908,貿聯元大99購03  ,0,0,0,0,0,0,0,0,0,-80000,0,0,0,102000,182000,-80000,-80000
00638R,元大滬深300反1  ,3000,0,3000,0,0,0,0,0,0,-83000,0,0,0,515000,598000,-83000,-80000
057816,欣興元大98購13  ,0,0,0,0,0,0,0,0,0,-80000,0,0,0,13000,93000,-80000,-80000
058598,T50反1元大99購04,0,0,0,0,0,0,0,0,0,-80000,0,0,0,80000,160000,-80000,-80000
060072,國巨元富99購04  ,0,0,0,0,0,0,0,0,0,-80000,0,0,0,0,80000,-80000,-80000
058182,日電貿國泰9A購01,0,0,0,0,0,0,0,0,0,-80000,0,0,0,0,80000,-80000,-80000
060721,瑞儀永豐9A購01  ,0,0,0,0,0,0,0,0,0,-80000,0,0,0,55000,135000,-80000,-80000
059146,貿聯國票9A購02  ,0,0,0,0,0,0,0,0,0,-80000,0,0,0,2000,82000,-80000,-80000
058897,國巨元大99購17  ,0,0,0,0,0,0,0,0,0,-80000,0,0,0,34000,114000,-80000,-80000
058842,元油2X群益9C購01,0,0,0,0,0,0,0,0,0,-80000,0,0,0,0,80000,-80000,-80000
05887P,友達元富99售03  ,0,0,0,0,0,0,0,0,0,-80000,0,0,0,20000,100000,-80000,-80000
058706,聯鈞元大9C購01  ,0,0,0,0,0,0,0,0,0,-80000,0,0,0,0,80000,-80000,-80000
057566,欣興富邦99購01  ,0,0,0,0,0,0,0,0,0,-80000,0,0,0,0,80000,-80000,-80000
062697,國巨元大9C購01  ,0,0,0,0,0,0,0,0,0,-80000,0,0,0,0,80000,-80000,-80000
063722,遠東新元大9B購02,0,0,0,0,0,0,0,0,0,-80000,0,0,0,133000,213000,-80000,-80000
062171,中磊永豐9B購01  ,0,0,0,0,0,0,0,0,0,-80000,0,0,0,311000,391000,-80000,-80000
061934,台積電國票9B購06,0,0,0,0,0,0,0,0,0,-80000,0,0,0,40000,120000,-80000,-80000
062391,台達電富邦9C購01,0,0,0,0,0,0,0,0,0,-80000,0,0,0,60000,140000,-80000,-80000
061639,晶豪科元大9A購02,0,0,0,0,0,0,0,0,0,-80000,0,0,0,2000,82000,-80000,-80000
07174P,臺股指國票99售11,0,0,0,0,0,0,0,0,0,-81000,0,0,0,250000,331000,-81000,-81000
08818P,台灣50凱基01售18,0,0,0,0,0,0,0,0,0,-81000,0,0,0,0,81000,-81000,-81000
1723,中碳            ,88000,162000,-74000,0,0,0,0,0,0,-7000,0,7000,-7000,0,0,0,-81000
049842,道瓊反中信98購01,0,0,0,0,0,0,0,0,0,-81000,0,0,0,0,81000,-81000,-81000
053249,致伸國票97購02  ,0,0,0,0,0,0,0,0,0,-81000,0,0,0,0,81000,-81000,-81000
057649,嘉聯益元大99購04,0,0,0,0,0,0,0,0,0,-81000,0,0,0,0,81000,-81000,-81000
058555,矽創永豐9A購01  ,0,0,0,0,0,0,0,0,0,-81000,0,0,0,0,81000,-81000,-81000
058025,聯茂國泰99購01  ,0,0,0,0,0,0,0,0,0,-81000,0,0,0,19000,100000,-81000,-81000
3653,健策            ,521000,676000,-155000,0,0,0,247000,286000,-39000,112000,70000,47000,23000,179000,90000,89000,-82000
056423,奇鋐統一98購01  ,0,0,0,0,0,0,0,0,0,-82000,0,0,0,0,82000,-82000,-82000
060413,東元永豐9A購01  ,0,0,0,0,0,0,0,0,0,-82000,0,0,0,0,82000,-82000,-82000
058873,美律國票9A購02  ,0,0,0,0,0,0,0,0,0,-82000,0,0,0,26000,108000,-82000,-82000
061767,信邦元大9B購01  ,0,0,0,0,0,0,0,0,0,-82000,0,0,0,0,82000,-82000,-82000
061976,國巨元大9B購01  ,0,0,0,0,0,0,0,0,0,-82000,0,0,0,0,82000,-82000,-82000
063782,致新永豐9B購02  ,0,0,0,0,0,0,0,0,0,-82000,0,0,0,200000,282000,-82000,-82000
063483,致新元大9B購03  ,0,0,0,0,0,0,0,0,0,-82000,0,0,0,133000,215000,-82000,-82000
063394,金像電群益9B購01,5000,0,5000,0,0,0,0,0,0,-87000,0,0,0,61000,148000,-87000,-82000
063411,和潤國票9C購01  ,0,0,0,0,0,0,0,0,0,-82000,0,0,0,100000,182000,-82000,-82000
07805P,義隆永豐9A售02  ,0,0,0,0,0,0,0,0,0,-83000,0,0,0,21000,104000,-83000,-83000
07880P,可成群益9B售05  ,0,0,0,0,0,0,0,0,0,-83000,0,0,0,17000,100000,-83000,-83000
063872,嘉聯益永豐9C購01,0,0,0,0,0,0,0,0,0,-83000,0,0,0,25000,108000,-83000,-83000
058247,聯茂元大99購04  ,0,0,0,0,0,0,0,0,0,-83000,0,0,0,0,83000,-83000,-83000
063491,國巨富邦02購02  ,0,0,0,0,0,0,0,0,0,-83000,0,0,0,35000,118000,-83000,-83000
062903,燿華元大9B購04  ,0,0,0,0,0,0,0,0,0,-83000,0,0,0,0,83000,-83000,-83000
062372,旭富元大9B購01  ,0,0,0,0,0,0,0,0,0,-83000,0,0,0,50000,133000,-83000,-83000
06167P,欣興國票97售05  ,0,0,0,0,0,0,0,0,0,-83000,0,0,0,0,83000,-83000,-83000
064197,智伸科群益9C購01,0,0,0,0,0,0,0,0,0,-84000,0,0,0,0,84000,-84000,-84000
058930,華新科統一9B購01,0,0,0,0,0,0,0,0,0,-84000,0,0,0,0,84000,-84000,-84000
056054,亞德客元大97購05,0,0,0,0,0,0,0,0,0,-84000,0,0,0,70000,154000,-84000,-84000
057712,南亞科統一9A購01,0,0,0,0,0,0,0,0,0,-84000,0,0,0,33000,117000,-84000,-84000
059283,康友永豐99購02  ,0,0,0,0,0,0,0,0,0,-84000,0,0,0,0,84000,-84000,-84000
058720,旭富元富99購01  ,0,0,0,0,0,0,0,0,0,-84000,0,0,0,169000,253000,-84000,-84000
060715,日電貿永豐9A購01,0,0,0,0,0,0,0,0,0,-84000,0,0,0,0,84000,-84000,-84000
061318,智邦凱基9B購01  ,0,0,0,0,0,0,0,0,0,-84000,0,0,0,7000,91000,-84000,-84000
061341,華新科元大9A購16,0,0,0,0,0,0,0,0,0,-84000,0,0,0,0,84000,-84000,-84000
062650,南電富邦01購01  ,0,0,0,0,0,0,0,0,0,-84000,0,0,0,15000,99000,-84000,-84000
063371,南亞科永豐9B購01,0,0,0,0,0,0,0,0,0,-84000,0,0,0,4000,88000,-84000,-84000
063289,台表科元大9B購07,0,0,0,0,0,0,0,0,0,-84000,0,0,0,9000,93000,-84000,-84000
054563,泰碩群益99購01  ,0,0,0,0,0,0,0,0,0,-85000,0,0,0,105000,190000,-85000,-85000
060764,華擎元大9A購03  ,0,0,0,0,0,0,0,0,0,-85000,0,0,0,82000,167000,-85000,-85000
059266,緯創中信01購01  ,0,0,0,0,0,0,0,0,0,-85000,0,0,0,1000,86000,-85000,-85000
060651,瑞儀中信9B購01  ,0,0,0,0,0,0,0,0,0,-85000,0,0,0,48000,133000,-85000,-85000
057938,台表科群益98購02,0,0,0,0,0,0,0,0,0,-85000,0,0,0,10000,95000,-85000,-85000
059029,旺宏兆豐99購01  ,0,0,0,0,0,0,0,0,0,-85000,0,0,0,0,85000,-85000,-85000
063537,華擎統一9C購03  ,0,0,0,0,0,0,0,0,0,-85000,0,0,0,298000,383000,-85000,-85000
062734,臺指反國票9C購03,0,0,0,0,0,0,0,0,0,-85000,0,0,0,68000,153000,-85000,-85000
063054,健鼎統一01購01  ,0,0,0,0,0,0,0,0,0,-85000,0,0,0,308000,393000,-85000,-85000
061875,華新科元大9B購03,0,0,0,0,0,0,0,0,0,-85000,0,0,0,0,85000,-85000,-85000
062498,華通群益9C購04  ,0,0,0,0,0,0,0,0,0,-85000,0,0,0,5000,90000,-85000,-85000
054156,聯電亞東98購01  ,0,0,0,0,0,0,0,0,0,-86000,0,0,0,0,86000,-86000,-86000
058036,南電永豐98購01  ,0,0,0,0,0,0,0,0,0,-86000,0,0,0,0,86000,-86000,-86000
060657,旺宏統一9B購05  ,0,0,0,0,0,0,0,0,0,-86000,0,0,0,0,86000,-86000,-86000
057877,神達元大99購01  ,0,0,0,0,0,0,0,0,0,-86000,0,0,0,25000,111000,-86000,-86000
058399,美律元大99購05  ,0,0,0,0,0,0,0,0,0,-86000,0,0,0,95000,181000,-86000,-86000
062050,亞德客統一9C購01,0,0,0,0,0,0,0,0,0,-86000,0,0,0,68000,154000,-86000,-86000
061597,南六永豐9A購04  ,0,0,0,0,0,0,0,0,0,-86000,0,0,0,14000,100000,-86000,-86000
061203,國巨元大9A購15  ,0,0,0,0,0,0,0,0,0,-86000,0,0,0,0,86000,-86000,-86000
062709,帆宣元大9B購01  ,0,0,0,0,0,0,0,0,0,-86000,0,0,0,128000,214000,-86000,-86000
063752,瑞祺國票9C購01  ,0,0,0,0,0,0,0,0,0,-86000,0,0,0,101000,187000,-86000,-86000
063849,奇鋐元大9C購01  ,0,0,0,0,0,0,0,0,0,-86000,0,0,0,5000,91000,-86000,-86000
064228,同欣電國票01購01,0,0,0,0,0,0,0,0,0,-87000,0,0,0,21000,108000,-87000,-87000
059355,國巨富邦9B購03  ,0,0,0,0,0,0,0,0,0,-87000,0,0,0,300000,387000,-87000,-87000
057787,TPK國票99購01   ,0,0,0,0,0,0,0,0,0,-87000,0,0,0,85000,172000,-87000,-87000
059975,元金2X元大99購02,0,0,0,0,0,0,0,0,0,-87000,0,0,0,0,87000,-87000,-87000
063478,GIS元大9B購03   ,0,0,0,0,0,0,0,0,0,-87000,0,0,0,53000,140000,-87000,-87000
062661,華通群益9B購05  ,0,0,0,0,0,0,0,0,0,-87000,0,0,0,2000,89000,-87000,-87000
061369,T50反1國泰9B購03,0,0,0,0,0,0,0,0,0,-87000,0,0,0,0,87000,-87000,-87000
061896,景碩永豐9B購01  ,0,0,0,0,0,0,0,0,0,-87000,0,0,0,90000,177000,-87000,-87000
056577,玉晶光元大99購06,0,0,0,0,0,0,0,0,0,-88000,0,0,0,9000,97000,-88000,-88000
055024,興勤國泰98購01  ,0,0,0,0,0,0,0,0,0,-88000,0,0,0,12000,100000,-88000,-88000
060616,宏碁元大9A購02  ,0,0,0,0,0,0,0,0,0,-88000,0,0,0,47000,135000,-88000,-88000
059524,FBVIX凱基9A購02 ,0,0,0,0,0,0,0,0,0,-88000,0,0,0,2000,90000,-88000,-88000
059485,台灣50兆豐99購02,0,0,0,0,0,0,0,0,0,-88000,0,0,0,0,88000,-88000,-88000
058748,景碩凱基9A購01  ,0,0,0,0,0,0,0,0,0,-88000,0,0,0,149000,237000,-88000,-88000
061613,南六統一9C購01  ,0,0,0,0,0,0,0,0,0,-88000,0,0,0,39000,127000,-88000,-88000
062260,華新科元大9B購09,0,0,0,0,0,0,0,0,0,-88000,0,0,0,30000,118000,-88000,-88000
062673,台新金中信03購01,0,0,0,0,0,0,0,0,0,-88000,0,0,0,20000,108000,-88000,-88000
062711,台表科元大9B購05,0,0,0,0,0,0,0,0,0,-88000,0,0,0,67000,155000,-88000,-88000
063476,台表科元大9C購03,0,0,0,0,0,0,0,0,0,-88000,0,0,0,68000,156000,-88000,-88000
063816,TPK群益9C購01   ,0,0,0,0,0,0,0,0,0,-88000,0,0,0,2000,90000,-88000,-88000
063806,瀚宇博兆豐01購01,0,0,0,0,0,0,0,0,0,-88000,0,0,0,0,88000,-88000,-88000
064204,瑞儀兆豐01購01  ,0,0,0,0,0,0,0,0,0,-89000,0,0,0,1000,90000,-89000,-89000
05888P,友達元大97售01  ,0,0,0,0,0,0,0,0,0,-89000,0,0,0,84000,173000,-89000,-89000
061110,超眾元大9A購03  ,0,0,0,0,0,0,0,0,0,-89000,0,0,0,43000,132000,-89000,-89000
057820,華擎元大98購02  ,0,0,0,0,0,0,0,0,0,-89000,0,0,0,5000,94000,-89000,-89000
058318,致茂永豐9A購01  ,0,0,0,0,0,0,0,0,0,-89000,0,0,0,2000,91000,-89000,-89000
06608P,立積群益99售02  ,0,0,0,0,0,0,0,0,0,-90000,0,0,0,0,90000,-90000,-90000
063961,世紀鋼元大9C購05,0,0,0,0,0,0,0,0,0,-90000,0,0,0,71000,161000,-90000,-90000
5225,東科-KY         ,53000,143000,-90000,0,0,0,0,0,0,0,0,0,0,0,0,0,-90000
1708,東鹼            ,40000,130000,-90000,0,0,0,0,0,0,0,0,0,0,0,0,0,-90000
2031,新光鋼          ,85000,304000,-219000,0,0,0,80000,0,80000,49000,49000,0,49000,0,0,0,-90000
055196,致新元富97購01  ,0,0,0,0,0,0,0,0,0,-90000,0,0,0,76000,166000,-90000,-90000
057007,奇力新中信98購04,0,0,0,0,0,0,0,0,0,-90000,0,0,0,0,90000,-90000,-90000
00641R,富邦日本反1     ,18000,410000,-392000,0,0,0,0,0,0,302000,0,0,0,509000,207000,302000,-90000
03017X,元展17          ,0,0,0,0,0,0,0,0,0,-90000,0,0,0,0,90000,-90000,-90000
058076,神達凱基98購02  ,0,0,0,0,0,0,0,0,0,-90000,0,0,0,90000,180000,-90000,-90000
057394,台積電中信9C購02,0,0,0,0,0,0,0,0,0,-90000,0,0,0,20000,110000,-90000,-90000
060463,台積電元大9A購10,0,0,0,0,0,0,0,0,0,-90000,0,0,0,0,90000,-90000,-90000
060421,華擎永豐9A購01  ,0,0,0,0,0,0,0,0,0,-90000,0,0,0,6000,96000,-90000,-90000
060014,中鋼康和99購01  ,0,0,0,0,0,0,0,0,0,-90000,0,0,0,9000,99000,-90000,-90000
061070,超眾凱基9C購01  ,0,0,0,0,0,0,0,0,0,-90000,0,0,0,0,90000,-90000,-90000
060742,臺指反國票9B購02,0,0,0,0,0,0,0,0,0,-90000,0,0,0,0,90000,-90000,-90000
059673,玉山金元富99購01,0,0,0,0,0,0,0,0,0,-90000,0,0,0,0,90000,-90000,-90000
063781,健策永豐9B購08  ,0,0,0,0,0,0,0,0,0,-90000,0,0,0,8000,98000,-90000,-90000
062729,神達凱基9B購02  ,0,0,0,0,0,0,0,0,0,-90000,0,0,0,73000,163000,-90000,-90000
061577,泰碩元大9A購03  ,0,0,0,0,0,0,0,0,0,-90000,0,0,0,115000,205000,-90000,-90000
061750,台達電台新9B購01,0,0,0,0,0,0,0,0,0,-90000,0,0,0,460000,550000,-90000,-90000
3047,訊舟            ,9000,98000,-89000,0,0,0,0,0,0,-2000,0,2000,-2000,0,0,0,-91000
2351,順德            ,104000,193000,-89000,0,0,0,0,0,0,-2000,0,0,0,0,2000,-2000,-91000
064066,達新永豐9C購01  ,0,0,0,0,0,0,0,0,0,-91000,0,0,0,10000,101000,-91000,-91000
060083,和大元大99購02  ,0,0,0,0,0,0,0,0,0,-91000,0,0,0,16000,107000,-91000,-91000
057907,台達電亞東99購01,0,0,0,0,0,0,0,0,0,-91000,0,0,0,0,91000,-91000,-91000
061998,緯穎元大9B購03  ,0,0,0,0,0,0,0,0,0,-91000,0,0,0,10000,101000,-91000,-91000
062205,奇力新國票9C購01,0,0,0,0,0,0,0,0,0,-91000,0,0,0,22000,113000,-91000,-91000
062106,華邦電國票9B購02,0,0,0,0,0,0,0,0,0,-91000,0,0,0,98000,189000,-91000,-91000
062814,台光電兆豐9B購01,0,0,0,0,0,0,0,0,0,-91000,0,0,0,0,91000,-91000,-91000
063798,台積電凱基02購03,0,0,0,0,0,0,0,0,0,-91000,0,0,0,114000,205000,-91000,-91000
063621,華新科兆豐9B購02,0,0,0,0,0,0,0,0,0,-91000,0,0,0,15000,106000,-91000,-91000
063577,台表科元大9C購04,0,0,0,0,0,0,0,0,0,-91000,0,0,0,46000,137000,-91000,-91000
063319,神達群益9B購01  ,0,0,0,0,0,0,0,0,0,-91000,0,0,0,120000,211000,-91000,-91000
057696,聯電群益9A購01  ,0,0,0,0,0,0,0,0,0,-92000,0,0,0,354000,446000,-92000,-92000
060106,旭富元大99購02  ,0,0,0,0,0,0,0,0,0,-92000,0,0,0,45000,137000,-92000,-92000
060427,聯茂永豐9A購01  ,0,0,0,0,0,0,0,0,0,-92000,0,0,0,20000,112000,-92000,-92000
059688,燿華永豐99購01  ,0,0,0,0,0,0,0,0,0,-92000,0,0,0,0,92000,-92000,-92000
057569,光磊永豐98購03  ,0,0,0,0,0,0,0,0,0,-92000,0,0,0,0,92000,-92000,-92000
058645,康控富邦01購01  ,0,0,0,0,0,0,0,0,0,-92000,0,0,0,0,92000,-92000,-92000
063735,華新科元大9B購15,0,0,0,0,0,0,0,0,0,-92000,0,0,0,8000,100000,-92000,-92000
061759,上証反元大02購01,0,0,0,0,0,0,0,0,0,-92000,0,0,0,0,92000,-92000,-92000
2006,東和鋼鐵        ,189000,457000,-268000,0,0,0,0,0,0,175000,180000,5000,175000,0,0,0,-93000
056469,國巨元大99購01  ,0,0,0,0,0,0,0,0,0,-93000,0,0,0,110000,203000,-93000,-93000
057054,立積元大98購03  ,0,0,0,0,0,0,0,0,0,-93000,0,0,0,90000,183000,-93000,-93000
058963,華新科兆豐99購05,0,0,0,0,0,0,0,0,0,-93000,0,0,0,13000,106000,-93000,-93000
056232,瑞儀凱基98購01  ,0,0,0,0,0,0,0,0,0,-93000,0,0,0,7000,100000,-93000,-93000
060251,易華電元大9C購01,0,0,0,0,0,0,0,0,0,-93000,0,0,0,120000,213000,-93000,-93000
058005,茂林群益98購04  ,0,0,0,0,0,0,0,0,0,-93000,0,0,0,15000,108000,-93000,-93000
061606,景碩凱基9A購02  ,0,0,0,0,0,0,0,0,0,-93000,0,0,0,139000,232000,-93000,-93000
062190,瀚宇博元大9B購01,0,0,0,0,0,0,0,0,0,-93000,0,0,0,80000,173000,-93000,-93000
062237,緯創凱基9B購01  ,0,0,0,0,0,0,0,0,0,-93000,0,0,0,117000,210000,-93000,-93000
06240P,奇力新元富97售03,0,0,0,0,0,0,0,0,0,-93000,0,0,0,29000,122000,-93000,-93000
062606,聯電凱基9C購02  ,0,0,0,0,0,0,0,0,0,-93000,0,0,0,20000,113000,-93000,-93000
2305,全友            ,7000,101000,-94000,0,0,0,0,0,0,0,0,0,0,0,0,0,-94000
054908,群電康和97購01  ,0,0,0,0,0,0,0,0,0,-94000,0,0,0,0,94000,-94000,-94000
058136,景碩元大99購02  ,0,0,0,0,0,0,0,0,0,-94000,0,0,0,130000,224000,-94000,-94000
058319,大毅永豐9A購01  ,0,0,0,0,0,0,0,0,0,-94000,0,0,0,10000,104000,-94000,-94000
060392,華擎群益9C購02  ,0,0,0,0,0,0,0,0,0,-94000,0,0,0,0,94000,-94000,-94000
063485,巨大元大9B購04  ,0,0,0,0,0,0,0,0,0,-94000,0,0,0,220000,314000,-94000,-94000
08136P,祥碩國泰01售01  ,0,0,0,0,0,0,0,0,0,-95000,0,0,0,461000,556000,-95000,-95000
052658,友達元富9C購01  ,0,0,0,0,0,0,0,0,0,-95000,0,0,0,5000,100000,-95000,-95000
058010,帆宣國票98購01  ,0,0,0,0,0,0,0,0,0,-95000,0,0,0,51000,146000,-95000,-95000
057968,可成國泰9A購01  ,0,0,0,0,0,0,0,0,0,-95000,0,0,0,0,95000,-95000,-95000
062642,帆宣國票9B購01  ,0,0,0,0,0,0,0,0,0,-95000,0,0,0,72000,167000,-95000,-95000
063041,貿聯凱基9B購01  ,0,0,0,0,0,0,0,0,0,-95000,0,0,0,20000,115000,-95000,-95000
061819,茂林群益9B購01  ,0,0,0,0,0,0,0,0,0,-95000,0,0,0,50000,145000,-95000,-95000
2349,錸德            ,298000,391000,-93000,0,0,0,0,3000,-3000,0,0,0,0,0,0,0,-96000
06926P,可成群益9A售04  ,0,0,0,0,0,0,0,0,0,-96000,0,0,0,6000,102000,-96000,-96000
054627,義隆凱基98購01  ,0,0,0,0,0,0,0,0,0,-96000,0,0,0,93000,189000,-96000,-96000
059958,鎧勝康和99購01  ,0,0,0,0,0,0,0,0,0,-96000,0,0,0,28000,124000,-96000,-96000
059094,臻鼎元大99購03  ,0,0,0,0,0,0,0,0,0,-96000,0,0,0,67000,163000,-96000,-96000
063852,瀚宇博元大9C購01,0,0,0,0,0,0,0,0,0,-97000,0,0,0,23000,120000,-97000,-97000
056962,技嘉永豐98購01  ,0,0,0,0,0,0,0,0,0,-97000,0,0,0,84000,181000,-97000,-97000
055701,亞德客富邦99購01,0,0,0,0,0,0,0,0,0,-97000,0,0,0,5000,102000,-97000,-97000
061753,南亞科台新9B購01,0,0,0,0,0,0,0,0,0,-97000,0,0,0,3000,100000,-97000,-97000
061164,燿華兆豐9B購01  ,0,0,0,0,0,0,0,0,0,-97000,0,0,0,10000,107000,-97000,-97000
063886,南電元富9C購01  ,0,0,0,0,0,0,0,0,0,-98000,0,0,0,0,98000,-98000,-98000
06836P,玉晶光國票99售06,0,0,0,0,0,0,0,0,0,-98000,0,0,0,140000,238000,-98000,-98000
07811P,華新科統一9A售02,0,0,0,0,0,0,0,0,0,-98000,0,0,0,5000,103000,-98000,-98000
07595P,台灣50中信03售07,0,0,0,0,0,0,0,0,0,-98000,0,0,0,7000,105000,-98000,-98000
08198P,聯發科元大9B售25,0,0,0,0,0,0,0,0,0,-98000,0,0,0,11000,109000,-98000,-98000
056791,嘉聯益群益98購01,0,0,0,0,0,0,0,0,0,-98000,0,0,0,6000,104000,-98000,-98000
055536,嘉聯益群益99購02,0,0,0,0,0,0,0,0,0,-98000,0,0,0,0,98000,-98000,-98000
053867,創意元大96購04  ,0,0,0,0,0,0,0,0,0,-98000,0,0,0,0,98000,-98000,-98000
053112,中磊兆豐97購01  ,0,0,0,0,0,0,0,0,0,-98000,0,0,0,77000,175000,-98000,-98000
057601,中磊群益98購01  ,0,0,0,0,0,0,0,0,0,-98000,0,0,0,231000,329000,-98000,-98000
058168,國巨凱基9A購04  ,0,0,0,0,0,0,0,0,0,-98000,0,0,0,0,98000,-98000,-98000
060475,瑞祺元大9A購01  ,0,0,0,0,0,0,0,0,0,-98000,0,0,0,51000,149000,-98000,-98000
060493,美律元富01購01  ,0,0,0,0,0,0,0,0,0,-98000,0,0,0,243000,341000,-98000,-98000
058009,智易國票99購01  ,0,0,0,0,0,0,0,0,0,-98000,0,0,0,2000,100000,-98000,-98000
061476,大毅元大9A購02  ,0,0,0,0,0,0,0,0,0,-98000,0,0,0,16000,114000,-98000,-98000
08335P,香港2X中信03售01,0,0,0,0,0,0,0,0,0,-99000,0,0,0,0,99000,-99000,-99000
2441,超豐            ,92000,179000,-87000,0,0,0,1000,0,1000,-13000,0,13000,-13000,0,0,0,-99000
07420P,可成元大99售07  ,0,0,0,0,0,0,0,0,0,-99000,0,0,0,31000,130000,-99000,-99000
053856,台積電富邦98購01,0,0,0,0,0,0,0,0,0,-99000,0,0,0,0,99000,-99000,-99000
056487,康友元大98購01  ,0,0,0,0,0,0,0,0,0,-99000,0,0,0,0,99000,-99000,-99000
05639P,欣興統一97售01  ,0,0,0,0,0,0,0,0,0,-99000,0,0,0,1000,100000,-99000,-99000
058929,可成統一9C購01  ,0,0,0,0,0,0,0,0,0,-99000,0,0,0,59000,158000,-99000,-99000
055648,可成元富97購01  ,0,0,0,0,0,0,0,0,0,-99000,0,0,0,1000,100000,-99000,-99000
058572,百和凱基9A購01  ,0,0,0,0,0,0,0,0,0,-99000,0,0,0,79000,178000,-99000,-99000
060570,南亞科永豐9A購01,0,0,0,0,0,0,0,0,0,-99000,0,0,0,34000,133000,-99000,-99000
058216,TPK群益99購01   ,0,0,0,0,0,0,0,0,0,-99000,0,0,0,0,99000,-99000,-99000
061147,上証2X群益9C購06,0,0,0,0,0,0,0,0,0,-99000,0,0,0,0,99000,-99000,-99000
060862,美律永豐9A購01  ,0,0,0,0,0,0,0,0,0,-99000,0,0,0,132000,231000,-99000,-99000
059410,滬深2X國票9A購04,0,0,0,0,0,0,0,0,0,-99000,0,0,0,0,99000,-99000,-99000
063590,華擎永豐9B購01  ,0,0,0,0,0,0,0,0,0,-99000,0,0,0,0,99000,-99000,-99000
07457P,宏達電元大9A售01,0,0,0,0,0,0,0,0,0,-100000,0,0,0,0,100000,-100000,-100000
07350P,台灣50國票99售11,0,0,0,0,0,0,0,0,0,-100000,0,0,0,0,100000,-100000,-100000
07520P,臺股指元大9B售11,0,0,0,0,0,0,0,0,0,-100000,0,0,0,0,100000,-100000,-100000
07842P,力成元大9A售01  ,0,0,0,0,0,0,0,0,0,-100000,0,0,0,0,100000,-100000,-100000
07691P,宏達電元大9A售05,0,0,0,0,0,0,0,0,0,-100000,0,0,0,0,100000,-100000,-100000
07706P,長榮航元大9A售03,0,0,0,0,0,0,0,0,0,-100000,0,0,0,0,100000,-100000,-100000
06800P,台灣50群益9A售02,0,0,0,0,0,0,0,0,0,-100000,0,0,0,0,100000,-100000,-100000
06747P,大立光群益99售04,0,0,0,0,0,0,0,0,0,-100000,0,0,0,0,100000,-100000,-100000
06506P,台郡國票99售02  ,0,0,0,0,0,0,0,0,0,-100000,0,0,0,0,100000,-100000,-100000
064360,台積電統一9C購12,0,0,0,0,0,0,0,0,0,-100000,0,0,0,0,100000,-100000,-100000
2455,全新            ,538000,611000,-73000,0,0,0,0,29000,-29000,2000,2000,0,2000,22000,22000,0,-100000
08333P,大立光富邦02售03,0,0,0,0,0,0,0,0,0,-100000,0,0,0,0,100000,-100000,-100000
08319P,台積電統一9C售11,0,0,0,0,0,0,0,0,0,-100000,0,0,0,0,100000,-100000,-100000
056227,奇力新凱基98購04,0,0,0,0,0,0,0,0,0,-100000,0,0,0,0,100000,-100000,-100000
05894P,友達群益98售02  ,0,0,0,0,0,0,0,0,0,-100000,0,0,0,0,100000,-100000,-100000
057080,華新科統一99購02,0,0,0,0,0,0,0,0,0,-100000,0,0,0,20000,120000,-100000,-100000
055397,超眾統一97購02  ,0,0,0,0,0,0,0,0,0,-100000,0,0,0,0,100000,-100000,-100000
046881,智原富邦99購01  ,0,0,0,0,0,0,0,0,0,-100000,0,0,0,0,100000,-100000,-100000
054144,康控元大97購02  ,0,0,0,0,0,0,0,0,0,-100000,0,0,0,0,100000,-100000,-100000
05052P,友達群益97售01  ,0,0,0,0,0,0,0,0,0,-100000,0,0,0,0,100000,-100000,-100000
060879,華新科中信9A購02,0,0,0,0,0,0,0,0,0,-100000,0,0,0,0,100000,-100000,-100000
060924,大毅永豐9A購03  ,0,0,0,0,0,0,0,0,0,-100000,0,0,0,0,100000,-100000,-100000
061104,華新科元大9A購13,0,0,0,0,0,0,0,0,0,-100000,0,0,0,0,100000,-100000,-100000
060696,道瓊反國泰9C購01,0,0,0,0,0,0,0,0,0,-100000,0,0,0,0,100000,-100000,-100000
060144,全新國票9B購01  ,0,0,0,0,0,0,0,0,0,-100000,0,0,0,75000,175000,-100000,-100000
057993,中環中信98購01  ,0,0,0,0,0,0,0,0,0,-100000,0,0,0,0,100000,-100000,-100000
060660,國巨凱基9B購04  ,0,0,0,0,0,0,0,0,0,-100000,0,0,0,0,100000,-100000,-100000
057212,台積電群益98購03,0,0,0,0,0,0,0,0,0,-100000,0,0,0,0,100000,-100000,-100000
062651,世紀鋼富邦9C購01,0,0,0,0,0,0,0,0,0,-100000,0,0,0,0,100000,-100000,-100000
062785,世芯元大9C購01  ,0,0,0,0,0,0,0,0,0,-100000,0,0,0,219000,319000,-100000,-100000
061224,道瓊反中信01購01,0,0,0,0,0,0,0,0,0,-100000,0,0,0,0,100000,-100000,-100000
061238,晶技元大9A購02  ,0,0,0,0,0,0,0,0,0,-100000,0,0,0,0,100000,-100000,-100000
061846,元金2X國票9C購01,0,0,0,0,0,0,0,0,0,-100000,0,0,0,0,100000,-100000,-100000
06154P,超眾元大98售01  ,0,0,0,0,0,0,0,0,0,-100000,0,0,0,200000,300000,-100000,-100000
061637,華新科元大9A購22,0,0,0,0,0,0,0,0,0,-100000,0,0,0,0,100000,-100000,-100000
062347,台光電群益9B購02,0,0,0,0,0,0,0,0,0,-100000,0,0,0,0,100000,-100000,-100000
062281,奇鋐群益9B購01  ,0,0,0,0,0,0,0,0,0,-100000,0,0,0,0,100000,-100000,-100000
062578,超眾群益9B購01  ,0,0,0,0,0,0,0,0,0,-100000,0,0,0,0,100000,-100000,-100000
062247,國巨元大9B購07  ,0,0,0,0,0,0,0,0,0,-100000,0,0,0,0,100000,-100000,-100000
062090,南電元大9B購02  ,0,0,0,0,0,0,0,0,0,-100000,0,0,0,0,100000,-100000,-100000
07949P,滬深2X元大9B售04,0,0,0,0,0,0,0,0,0,-101000,0,0,0,0,101000,-101000,-101000
063868,嘉晶永豐9C購01  ,0,0,0,0,0,0,0,0,0,-101000,0,0,0,1000,102000,-101000,-101000
054354,技嘉富邦97購01  ,0,0,0,0,0,0,0,0,0,-101000,0,0,0,14000,115000,-101000,-101000
055710,亞德客元大97購03,0,0,0,0,0,0,0,0,0,-101000,0,0,0,100000,201000,-101000,-101000
060368,緯穎元富9A購03  ,0,0,0,0,0,0,0,0,0,-101000,0,0,0,40000,141000,-101000,-101000
062796,技嘉統一9C購01  ,0,0,0,0,0,0,0,0,0,-101000,0,0,0,38000,139000,-101000,-101000
063263,高鐵永豐9B購01  ,0,0,0,0,0,0,0,0,0,-101000,0,0,0,12000,113000,-101000,-101000
07992P,玉晶光群益01售04,0,0,0,0,0,0,0,0,0,-102000,0,0,0,133000,235000,-102000,-102000
055256,日電貿統一99購01,0,0,0,0,0,0,0,0,0,-102000,0,0,0,0,102000,-102000,-102000
060430,和潤永豐9A購01  ,0,0,0,0,0,0,0,0,0,-102000,0,0,0,109000,211000,-102000,-102000
057453,矽創元富98購01  ,0,0,0,0,0,0,0,0,0,-102000,0,0,0,149000,251000,-102000,-102000
058507,美律元大9A購01  ,0,0,0,0,0,0,0,0,0,-102000,0,0,0,5000,107000,-102000,-102000
062910,亞光元大9B購01  ,0,0,0,0,0,0,0,0,0,-102000,0,0,0,28000,130000,-102000,-102000
063623,祥碩兆豐9B購02  ,0,0,0,0,0,0,0,0,0,-102000,0,0,0,155000,257000,-102000,-102000
062315,健策凱基9C購01  ,0,0,0,0,0,0,0,0,0,-102000,0,0,0,31000,133000,-102000,-102000
061355,康友元大9A購03  ,0,0,0,0,0,0,0,0,0,-102000,0,0,0,38000,140000,-102000,-102000
3004,豐達科          ,206000,309000,-103000,0,0,0,0,0,0,0,0,0,0,0,0,0,-103000
07826P,台積電富邦9B售07,0,0,0,0,0,0,0,0,0,-103000,0,0,0,0,103000,-103000,-103000
054217,台表科國票97購05,0,0,0,0,0,0,0,0,0,-103000,0,0,0,8000,111000,-103000,-103000
060909,金像電元大9B購01,0,0,0,0,0,0,0,0,0,-103000,0,0,0,7000,110000,-103000,-103000
058348,台表科群益99購01,0,0,0,0,0,0,0,0,0,-103000,0,0,0,11000,114000,-103000,-103000
058801,致伸元大99購01  ,0,0,0,0,0,0,0,0,0,-103000,0,0,0,961000,1064000,-103000,-103000
060466,玉山金元大9A購01,0,0,0,0,0,0,0,0,0,-103000,0,0,0,63000,166000,-103000,-103000
060166,佐登永豐9A購01  ,0,0,0,0,0,0,0,0,0,-103000,0,0,0,10000,113000,-103000,-103000
061694,玉山金群益9A購01,0,0,0,0,0,0,0,0,0,-103000,0,0,0,79000,182000,-103000,-103000
062206,緯創國票9B購01  ,0,0,0,0,0,0,0,0,0,-103000,0,0,0,24000,127000,-103000,-103000
058790,楠梓電元大99購03,0,0,0,0,0,0,0,0,0,-104000,0,0,0,50000,154000,-104000,-104000
060965,中租凱基9B購01  ,0,0,0,0,0,0,0,0,0,-104000,0,0,0,5000,109000,-104000,-104000
063273,緯穎兆豐9C購01  ,0,0,0,0,0,0,0,0,0,-104000,0,0,0,20000,124000,-104000,-104000
062918,祥碩元大9C購02  ,0,0,0,0,0,0,0,0,0,-104000,0,0,0,97000,201000,-104000,-104000
06771P,台灣50中信02售01,0,0,0,0,0,0,0,0,0,-105000,0,0,0,0,105000,-105000,-105000
06592P,欣興元大98售04  ,0,0,0,0,0,0,0,0,0,-105000,0,0,0,0,105000,-105000,-105000
06706P,智原台新98售02  ,0,0,0,0,0,0,0,0,0,-105000,0,0,0,0,105000,-105000,-105000
1201,味全            ,130000,215000,-85000,0,0,0,0,0,0,-20000,0,0,0,0,20000,-20000,-105000
053723,奇鋐凱基98購01  ,0,0,0,0,0,0,0,0,0,-105000,0,0,0,0,105000,-105000,-105000
063229,台表科群益9B購04,0,0,0,0,0,0,0,0,0,-105000,0,0,0,15000,120000,-105000,-105000
062558,義隆凱基9B購02  ,0,0,0,0,0,0,0,0,0,-105000,0,0,0,36000,141000,-105000,-105000
06535P,可成群益99售02  ,0,0,0,0,0,0,0,0,0,-106000,0,0,0,50000,156000,-106000,-106000
060908,金像電元大9A購03,0,0,0,0,0,0,0,0,0,-106000,0,0,0,6000,112000,-106000,-106000
059996,美律元富99購01  ,0,0,0,0,0,0,0,0,0,-106000,0,0,0,75000,181000,-106000,-106000
057725,台達電國泰9A購01,0,0,0,0,0,0,0,0,0,-106000,0,0,0,0,106000,-106000,-106000
059023,可成統一9B購02  ,0,0,0,0,0,0,0,0,0,-106000,0,0,0,51000,157000,-106000,-106000
063673,GIS統一9C購02   ,0,0,0,0,0,0,0,0,0,-106000,0,0,0,32000,138000,-106000,-106000
9955,佳龍            ,40000,146000,-106000,0,0,0,0,0,0,0,0,0,0,0,0,0,-106000
6414,樺漢            ,69010,147000,-77990,0,0,0,0,0,0,-29000,4000,4000,0,1000,30000,-29000,-106990
4934,太極            ,228000,335000,-107000,0,0,0,0,0,0,0,0,0,0,0,0,0,-107000
063953,世芯元大01購01  ,0,0,0,0,0,0,0,0,0,-107000,0,0,0,170000,277000,-107000,-107000
057100,國巨中信9A購02  ,0,0,0,0,0,0,0,0,0,-107000,0,0,0,0,107000,-107000,-107000
057390,台表科永豐98購01,0,0,0,0,0,0,0,0,0,-107000,0,0,0,19000,126000,-107000,-107000
057642,南亞科元大98購07,0,0,0,0,0,0,0,0,0,-107000,0,0,0,0,107000,-107000,-107000
060681,華擎元大9A購02  ,0,0,0,0,0,0,0,0,0,-107000,0,0,0,0,107000,-107000,-107000
063244,華新科元大9B購11,0,0,0,0,0,0,0,0,0,-107000,0,0,0,3000,110000,-107000,-107000
063127,TPK元大9B購02   ,0,0,0,0,0,0,0,0,0,-107000,0,0,0,69000,176000,-107000,-107000
060695,同欣電麥證9A購01,0,0,0,277000,385000,-108000,0,0,0,-108000,0,0,0,277000,385000,-108000,-108000
057517,矽創元富98購02  ,0,0,0,0,0,0,0,0,0,-108000,0,0,0,0,108000,-108000,-108000
060183,南亞科元富9A購01,0,0,0,0,0,0,0,0,0,-108000,0,0,0,88000,196000,-108000,-108000
057699,可成群益9A購02  ,0,0,0,0,0,0,0,0,0,-108000,0,0,0,10000,118000,-108000,-108000
063962,台達電國票01購01,0,0,0,0,0,0,0,0,0,-109000,0,0,0,85000,194000,-109000,-109000
4106,雃博            ,687000,796000,-109000,0,0,0,0,0,0,0,0,0,0,0,0,0,-109000
054167,揚明光凱基98購01,0,0,0,0,0,0,0,0,0,-109000,0,0,0,0,109000,-109000,-109000
054717,亞德客永豐97購01,0,0,0,0,0,0,0,0,0,-109000,0,0,0,20000,129000,-109000,-109000
062699,台積電元大01購02,0,0,0,0,0,0,0,0,0,-109000,0,0,0,994000,1103000,-109000,-109000
062150,南六國票9B購01  ,0,0,0,0,0,0,0,0,0,-109000,0,0,0,33000,142000,-109000,-109000
08290P,高鐵統一01售01  ,0,0,0,0,0,0,0,0,0,-110000,0,0,0,83000,193000,-110000,-110000
063956,神達元大9C購01  ,0,0,0,0,0,0,0,0,0,-110000,0,0,0,50000,160000,-110000,-110000
064373,和大元富03購01  ,0,0,0,0,0,0,0,0,0,-110000,0,0,0,0,110000,-110000,-110000
06870P,台灣50群益9A售03,0,0,0,0,0,0,0,0,0,-110000,0,0,0,0,110000,-110000,-110000
056352,鴻海元大99購01  ,0,0,0,0,0,0,0,0,0,-110000,0,0,0,200000,310000,-110000,-110000
053889,致茂群益97購01  ,0,0,0,0,0,0,0,0,0,-110000,0,0,0,0,110000,-110000,-110000
057579,長榮航中信9A購01,0,0,0,0,0,0,0,0,0,-110000,0,0,0,80000,190000,-110000,-110000
061689,國巨群益9A購12  ,0,0,0,0,0,0,0,0,0,-110000,0,0,0,112000,222000,-110000,-110000
061192,奇鋐永豐9A購01  ,0,0,0,0,0,0,0,0,0,-110000,0,0,0,0,110000,-110000,-110000
062743,微星國泰01購01  ,0,0,0,0,0,0,0,0,0,-110000,0,0,0,10000,120000,-110000,-110000
8499,鼎炫-KY         ,26000,136000,-110000,0,0,0,0,0,0,0,0,0,0,0,0,0,-110000
064208,智邦凱基02購01  ,0,0,0,0,0,0,0,0,0,-111000,0,0,0,0,111000,-111000,-111000
055522,道瓊反群益01購01,0,0,0,0,0,0,0,0,0,-111000,0,0,0,0,111000,-111000,-111000
056749,滬深2X兆豐99購01,0,0,0,0,0,0,0,0,0,-111000,0,0,0,0,111000,-111000,-111000
059819,台積電凱基99購17,0,0,0,0,0,0,0,0,0,-111000,0,0,0,70000,181000,-111000,-111000
061001,智邦兆豐9B購01  ,0,0,0,0,0,0,0,0,0,-111000,0,0,0,0,111000,-111000,-111000
057925,貿聯凱基99購01  ,0,0,0,0,0,0,0,0,0,-111000,0,0,0,31000,142000,-111000,-111000
058583,臻鼎群益99購01  ,0,0,0,0,0,0,0,0,0,-111000,0,0,0,54000,165000,-111000,-111000
062870,亞德客兆豐9C購01,0,0,0,0,0,0,0,0,0,-111000,0,0,0,39000,150000,-111000,-111000
061659,信邦永豐9A購01  ,0,0,0,0,0,0,0,0,0,-111000,0,0,0,68000,179000,-111000,-111000
062096,神隆永豐9B購01  ,0,0,0,0,0,0,0,0,0,-111000,0,0,0,300000,411000,-111000,-111000
062279,晶豪科群益9B購01,0,0,0,0,0,0,0,0,0,-111000,0,0,0,138000,249000,-111000,-111000
08353P,聯電元大9C售04  ,0,0,0,0,0,0,0,0,0,-112000,0,0,0,0,112000,-112000,-112000
057411,臺股指群益99購05,0,0,0,0,0,0,0,0,0,-112000,0,0,0,0,112000,-112000,-112000
062208,旭富國票9C購01  ,0,0,0,0,0,0,0,0,0,-112000,0,0,0,0,112000,-112000,-112000
061453,台達電凱基9B購01,0,0,0,0,0,0,0,0,0,-112000,0,0,0,36000,148000,-112000,-112000
062662,友達群益9B購02  ,0,0,0,0,0,0,0,0,0,-112000,0,0,0,0,112000,-112000,-112000
063258,緯穎國泰9C購01  ,0,0,0,0,0,0,0,0,0,-112000,0,0,0,193000,305000,-112000,-112000
063614,美食群益9B購03  ,0,0,0,0,0,0,0,0,0,-112000,0,0,0,0,112000,-112000,-112000
063850,玉晶光元大9C購07,0,0,0,0,0,0,0,0,0,-112000,0,0,0,226000,338000,-112000,-112000
063325,SP黃豆國票9C購02,0,0,0,0,0,0,0,0,0,-112000,0,0,0,0,112000,-112000,-112000
063396,金像電群益9C購01,0,0,0,0,0,0,0,0,0,-112000,0,0,0,74000,186000,-112000,-112000
064034,台表科元大9C購07,0,0,0,0,0,0,0,0,0,-113000,0,0,0,135000,248000,-113000,-113000
056198,台光電永豐97購02,0,0,0,0,0,0,0,0,0,-113000,0,0,0,142000,255000,-113000,-113000
060796,世芯永豐9A購03  ,0,0,0,0,0,0,0,0,0,-113000,0,0,0,35000,148000,-113000,-113000
064159,新日興統一01購02,0,0,0,0,0,0,0,0,0,-114000,0,0,0,22000,136000,-114000,-114000
064167,緯穎統一01購03  ,0,0,0,0,0,0,0,0,0,-114000,0,0,0,153000,267000,-114000,-114000
08125P,聯茂群益9B售02  ,0,0,0,0,0,0,0,0,0,-114000,0,0,0,37000,151000,-114000,-114000
056267,文曄統一97購02  ,0,0,0,0,0,0,0,0,0,-114000,0,0,0,102000,216000,-114000,-114000
055153,台光電元大98購02,0,0,0,0,0,0,0,0,0,-114000,0,0,0,75000,189000,-114000,-114000
056743,貿聯凱基98購04  ,0,0,0,0,0,0,0,0,0,-114000,0,0,0,20000,134000,-114000,-114000
058160,奇鋐元富99購01  ,0,0,0,0,0,0,0,0,0,-114000,0,0,0,50000,164000,-114000,-114000
060476,瑞祺元大9A購02  ,0,0,0,0,0,0,0,0,0,-114000,0,0,0,39000,153000,-114000,-114000
058241,景碩元大99購05  ,0,0,0,0,0,0,0,0,0,-114000,0,0,0,129000,243000,-114000,-114000
063738,奇鋐元大9B購03  ,0,0,0,0,0,0,0,0,0,-114000,0,0,0,49000,163000,-114000,-114000
061237,晶技元大9A購01  ,0,0,0,0,0,0,0,0,0,-114000,0,0,0,0,114000,-114000,-114000
061879,超眾元大9C購01  ,0,0,0,0,0,0,0,0,0,-114000,0,0,0,0,114000,-114000,-114000
08357P,聯發科元大9C售09,0,0,0,0,0,0,0,0,0,-115000,0,0,0,50000,165000,-115000,-115000
2233,宇隆            ,81000,18000,63000,0,0,0,0,0,0,-178000,3000,181000,-178000,0,0,0,-115000
2705,六福            ,130000,245000,-115000,0,0,0,0,0,0,0,0,0,0,0,0,0,-115000
053088,奇鋐元大98購01  ,0,0,0,0,0,0,0,0,0,-115000,0,0,0,92000,207000,-115000,-115000
060227,和大元大9A購01  ,0,0,0,0,0,0,0,0,0,-115000,0,0,0,11000,126000,-115000,-115000
061764,旺宏元大9B購01  ,0,0,0,0,0,0,0,0,0,-115000,0,0,0,6000,121000,-115000,-115000
061955,FANG+統一9B購01 ,0,0,0,0,0,0,0,0,0,-115000,0,0,0,20000,135000,-115000,-115000
2388,威盛            ,26000,142000,-116000,0,0,0,0,0,0,0,0,0,0,0,0,0,-116000
08209P,上銀元富9B售06  ,0,0,0,0,0,0,0,0,0,-116000,0,0,0,127000,243000,-116000,-116000
054178,中磊台新97購01  ,0,0,0,0,0,0,0,0,0,-116000,0,0,0,0,116000,-116000,-116000
057000,亞德客國票99購01,0,0,0,0,0,0,0,0,0,-116000,0,0,0,5000,121000,-116000,-116000
056622,高鐵永豐98購01  ,0,0,0,0,0,0,0,0,0,-116000,0,0,0,0,116000,-116000,-116000
060124,奇力新永豐99購03,0,0,0,0,0,0,0,0,0,-116000,0,0,0,0,116000,-116000,-116000
057403,亞光群益98購04  ,0,0,0,0,0,0,0,0,0,-116000,0,0,0,0,116000,-116000,-116000
061075,亞德客兆豐9A購01,0,0,0,0,0,0,0,0,0,-116000,0,0,0,194000,310000,-116000,-116000
059760,楠梓電永豐99購01,0,0,0,0,0,0,0,0,0,-116000,0,0,0,10000,126000,-116000,-116000
061986,晶豪科元大9B購01,0,0,0,0,0,0,0,0,0,-116000,0,0,0,10000,126000,-116000,-116000
3056,總太            ,191000,309000,-118000,0,0,0,1000,0,1000,0,0,0,0,0,0,0,-117000
064192,巨大中信9C購01  ,0,0,0,0,0,0,0,0,0,-117000,0,0,0,0,117000,-117000,-117000
06434P,超眾群益98售02  ,0,0,0,0,0,0,0,0,0,-117000,0,0,0,193000,310000,-117000,-117000
06496P,台灣50日盛98售01,0,0,0,0,0,0,0,0,0,-117000,0,0,0,0,117000,-117000,-117000
07708P,玉晶光元大9A售13,0,0,0,0,0,0,0,0,0,-117000,0,0,0,12000,129000,-117000,-117000
056909,嘉聯益元大99購03,0,0,0,0,0,0,0,0,0,-117000,0,0,0,29000,146000,-117000,-117000
058100,聯茂國泰99購02  ,0,0,0,0,0,0,0,0,0,-117000,0,0,0,8000,125000,-117000,-117000
056428,台達電凱基99購01,0,0,0,0,0,0,0,0,0,-117000,0,0,0,21000,138000,-117000,-117000
058637,晶技兆豐99購01  ,0,0,0,0,0,0,0,0,0,-117000,0,0,0,10000,127000,-117000,-117000
060432,達方永豐9A購01  ,0,0,0,0,0,0,0,0,0,-117000,0,0,0,135000,252000,-117000,-117000
056417,欣興中信98購01  ,0,0,0,0,0,0,0,0,0,-118000,0,0,0,120000,238000,-118000,-118000
061036,晶技永豐9A購03  ,0,0,0,0,0,0,0,0,0,-118000,0,0,0,0,118000,-118000,-118000
057606,健策統一98購03  ,0,0,0,0,0,0,0,0,0,-118000,0,0,0,80000,198000,-118000,-118000
061245,晶技群益9A購01  ,0,0,0,0,0,0,0,0,0,-118000,0,0,0,0,118000,-118000,-118000
062727,華擎凱基9B購03  ,0,0,0,0,0,0,0,0,0,-118000,0,0,0,7000,125000,-118000,-118000
06505P,康控國票99售02  ,0,0,0,0,0,0,0,0,0,-119000,0,0,0,99000,218000,-119000,-119000
00656R,國泰中國A50反1  ,0,0,0,0,0,0,0,0,0,-119000,0,0,0,494000,613000,-119000,-119000
063830,智伸科國票01購01,0,0,0,0,0,0,0,0,0,-119000,0,0,0,56000,175000,-119000,-119000
061532,和大統一9C購02  ,0,0,0,0,0,0,0,0,0,-119000,0,0,0,0,119000,-119000,-119000
064132,神達元大9C購02  ,0,0,0,0,0,0,0,0,0,-120000,0,0,0,25000,145000,-120000,-120000
07227P,聯發科元富99售05,0,0,0,0,0,0,0,0,0,-120000,0,0,0,290000,410000,-120000,-120000
08015P,可成凱基9B售05  ,0,0,0,0,0,0,0,0,0,-120000,0,0,0,20000,140000,-120000,-120000
054757,南亞國票98購01  ,0,0,0,0,0,0,0,0,0,-120000,0,0,0,0,120000,-120000,-120000
059125,台積電第一03購02,0,0,0,0,0,0,0,0,0,-120000,0,0,0,200000,320000,-120000,-120000
062567,祥碩中信9C購01  ,0,0,0,0,0,0,0,0,0,-120000,0,0,0,61000,181000,-120000,-120000
063517,遠東新凱基01購01,0,0,0,0,0,0,0,0,0,-120000,0,0,0,70000,190000,-120000,-120000
064014,貿聯國票01購01  ,0,0,0,0,0,0,0,0,0,-121000,0,0,0,0,121000,-121000,-121000
058514,潤泰全元大99購01,0,0,0,0,0,0,0,0,0,-121000,0,0,0,158000,279000,-121000,-121000
054873,帆宣群益99購01  ,0,0,0,0,0,0,0,0,0,-122000,0,0,0,70000,192000,-122000,-122000
055842,建準元大98購01  ,0,0,0,0,0,0,0,0,0,-122000,0,0,0,42000,164000,-122000,-122000
057074,立積永豐98購01  ,0,0,0,0,0,0,0,0,0,-122000,0,0,0,49000,171000,-122000,-122000
054371,台積電中信9C購01,0,0,0,0,0,0,0,0,0,-122000,0,0,0,0,122000,-122000,-122000
058896,中環元大99購03  ,0,0,0,0,0,0,0,0,0,-122000,0,0,0,94000,216000,-122000,-122000
062700,台光電元大9B購05,0,0,0,0,0,0,0,0,0,-122000,0,0,0,17000,139000,-122000,-122000
062345,和大群益9B購01  ,0,0,0,0,0,0,0,0,0,-122000,0,0,0,203000,325000,-122000,-122000
064149,美律統一02購01  ,0,0,0,0,0,0,0,0,0,-123000,0,0,0,0,123000,-123000,-123000
03662C,FBVIX凱基03牛01 ,0,0,0,0,0,0,0,0,0,-123000,0,0,0,23000,146000,-123000,-123000
059814,SP黃豆凱基9A購02,0,0,0,0,0,0,0,0,0,-123000,0,0,0,1000,124000,-123000,-123000
062557,台光電凱基9B購02,0,0,0,0,0,0,0,0,0,-123000,0,0,0,0,123000,-123000,-123000
062196,聯發科中信01購02,0,0,0,0,0,0,0,0,0,-123000,0,0,0,5000,128000,-123000,-123000
061891,力山永豐9B購01  ,0,0,0,0,0,0,0,0,0,-123000,0,0,0,0,123000,-123000,-123000
063981,貿聯兆豐9C購01  ,0,0,0,0,0,0,0,0,0,-124000,0,0,0,50000,174000,-124000,-124000
07731P,臺股指凱基9A售28,0,0,0,0,0,0,0,0,0,-124000,0,0,0,96000,220000,-124000,-124000
062393,智邦富邦9B購01  ,0,0,0,0,0,0,0,0,0,-124000,0,0,0,0,124000,-124000,-124000
063023,華擎元大9B購02  ,0,0,0,0,0,0,0,0,0,-124000,0,0,0,108000,232000,-124000,-124000
063854,南電元大9C購01  ,0,0,0,0,0,0,0,0,0,-125000,0,0,0,0,125000,-125000,-125000
064165,同欣電統一01購01,0,0,0,0,0,0,0,0,0,-125000,0,0,0,575000,700000,-125000,-125000
064136,致新元大9C購01  ,0,0,0,0,0,0,0,0,0,-125000,0,0,0,99000,224000,-125000,-125000
058701,鴻海元大99購16  ,0,0,0,0,0,0,0,0,0,-125000,0,0,0,20000,145000,-125000,-125000
060423,智易永豐9A購01  ,0,0,0,0,0,0,0,0,0,-125000,0,0,0,31000,156000,-125000,-125000
063310,和大群益9B購02  ,0,0,0,0,0,0,0,0,0,-125000,0,0,0,30000,155000,-125000,-125000
062388,旭富國泰01購01  ,0,0,0,0,0,0,0,0,0,-125000,0,0,0,298000,423000,-125000,-125000
063871,瀚宇博永豐9C購01,0,0,0,0,0,0,0,0,0,-126000,0,0,0,0,126000,-126000,-126000
055899,群創中信99購01  ,0,0,0,0,0,0,0,0,0,-126000,0,0,0,0,126000,-126000,-126000
057118,欣興日盛9A購01  ,0,0,0,0,0,0,0,0,0,-126000,0,0,0,177000,303000,-126000,-126000
060009,南亞科群益99購03,0,0,0,0,0,0,0,0,0,-126000,0,0,0,14000,140000,-126000,-126000
06082P,華通統一98售01  ,0,0,0,0,0,0,0,0,0,-126000,0,0,0,13000,139000,-126000,-126000
060889,國泰金統一9C購01,0,0,0,0,0,0,0,0,0,-126000,0,0,0,277000,403000,-126000,-126000
061600,聯電凱基9B購01  ,0,0,0,0,0,0,0,0,0,-126000,0,0,0,28000,154000,-126000,-126000
063388,台光電兆豐9C購01,0,0,0,0,0,0,0,0,0,-126000,0,0,0,126000,252000,-126000,-126000
3706,神達            ,1165000,1935050,-770050,0,0,0,0,15000,-15000,659000,84000,0,84000,602000,27000,575000,-126050
063884,台表科元富03購01,0,0,0,0,0,0,0,0,0,-127000,0,0,0,264000,391000,-127000,-127000
064039,亞德客統一02購01,0,0,0,0,0,0,0,0,0,-127000,0,0,0,0,127000,-127000,-127000
06839P,玉晶光統一9A售05,0,0,0,0,0,0,0,0,0,-127000,0,0,0,8000,135000,-127000,-127000
060977,亞德客元大9A購04,0,0,0,0,0,0,0,0,0,-127000,0,0,0,87000,214000,-127000,-127000
061859,勤誠國票9B購01  ,0,0,0,0,0,0,0,0,0,-127000,0,0,0,20000,147000,-127000,-127000
062460,京鼎群益9C購01  ,0,0,0,0,0,0,0,0,0,-127000,0,0,0,313000,440000,-127000,-127000
056810,群創統一9A購01  ,0,0,0,0,0,0,0,0,0,-128000,0,0,0,272000,400000,-128000,-128000
060791,聯茂富邦9A購02  ,0,0,0,0,0,0,0,0,0,-128000,0,0,0,0,128000,-128000,-128000
058639,南電兆豐99購01  ,0,0,0,0,0,0,0,0,0,-128000,0,0,0,2000,130000,-128000,-128000
058194,勤誠永豐99購01  ,0,0,0,0,0,0,0,0,0,-128000,0,0,0,45000,173000,-128000,-128000
062197,聯發科中信01購03,0,0,0,0,0,0,0,0,0,-128000,0,0,0,0,128000,-128000,-128000
061722,健策永豐9B購03  ,0,0,0,0,0,0,0,0,0,-128000,0,0,0,0,128000,-128000,-128000
063191,台表科凱基9B購03,0,0,0,0,0,0,0,0,0,-128000,0,0,0,84000,212000,-128000,-128000
07646P,世芯元大9A售04  ,0,0,0,0,0,0,0,0,0,-129000,0,0,0,389000,518000,-129000,-129000
064244,GIS統一02購01   ,0,0,0,0,0,0,0,0,0,-129000,0,0,0,20000,149000,-129000,-129000
6209,今國光          ,38000,167000,-129000,0,0,0,0,0,0,0,0,0,0,0,0,0,-129000
053250,百和國票97購02  ,0,0,0,0,0,0,0,0,0,-129000,0,0,0,0,129000,-129000,-129000
060084,聯電元大99購02  ,0,0,0,0,0,0,0,0,0,-129000,0,0,0,11000,140000,-129000,-129000
060363,美律元富9A購01  ,0,0,0,0,0,0,0,0,0,-129000,0,0,0,55000,184000,-129000,-129000
061877,貿聯元大9B購01  ,0,0,0,0,0,0,0,0,0,-129000,0,0,0,80000,209000,-129000,-129000
062239,台汽電凱基9B購01,0,0,0,0,0,0,0,0,0,-129000,0,0,0,80000,209000,-129000,-129000
064070,祥碩永豐9C購01  ,0,0,0,0,0,0,0,0,0,-130000,0,0,0,186000,316000,-130000,-130000
064077,台積電中信06購03,0,0,0,0,0,0,0,0,0,-130000,0,0,0,6000,136000,-130000,-130000
07304P,臺股指元大9A售37,0,0,0,0,0,0,0,0,0,-130000,0,0,0,20000,150000,-130000,-130000
06970P,旺宏元大99售08  ,0,0,0,0,0,0,0,0,0,-130000,0,0,0,1000,131000,-130000,-130000
053107,旺宏兆豐97購01  ,0,0,0,0,0,0,0,0,0,-130000,0,0,0,0,130000,-130000,-130000
00674R,元大S&P黃金反1  ,0,0,0,0,0,0,0,0,0,-130000,0,0,0,51000,181000,-130000,-130000
057318,台光電凱基9A購01,0,0,0,0,0,0,0,0,0,-130000,0,0,0,36000,166000,-130000,-130000
058240,景碩元大99購04  ,0,0,0,0,0,0,0,0,0,-130000,0,0,0,107000,237000,-130000,-130000
062012,燿華富邦9C購01  ,0,0,0,0,0,0,0,0,0,-130000,0,0,0,50000,180000,-130000,-130000
061550,聯鈞群益9A購03  ,0,0,0,0,0,0,0,0,0,-130000,0,0,0,96000,226000,-130000,-130000
061200,道瓊反元大9A購06,0,0,0,0,0,0,0,0,0,-130000,0,0,0,0,130000,-130000,-130000
08011P,玉晶光元大9B售05,0,0,0,0,0,0,0,0,0,-131000,0,0,0,212000,343000,-131000,-131000
056767,大毅元大99購01  ,0,0,0,0,0,0,0,0,0,-131000,0,0,0,54000,185000,-131000,-131000
060022,勤誠康和99購01  ,0,0,0,0,0,0,0,0,0,-131000,0,0,0,0,131000,-131000,-131000
064076,台積電中信06購02,0,0,0,0,0,0,0,0,0,-132000,0,0,0,0,132000,-132000,-132000
064164,祥碩統一01購05  ,0,0,0,0,0,0,0,0,0,-132000,0,0,0,0,132000,-132000,-132000
064145,宏碁統一02購01  ,0,0,0,0,0,0,0,0,0,-132000,0,0,0,164000,296000,-132000,-132000
063334,復盛國票9B購01  ,0,0,0,0,0,0,0,0,0,-132000,0,0,0,148000,280000,-132000,-132000
063454,瑞儀統一9B購01  ,0,0,0,0,0,0,0,0,0,-132000,0,0,0,26000,158000,-132000,-132000
07777P,創意元大9A售03  ,0,0,0,0,0,0,0,0,0,-133000,0,0,0,81000,214000,-133000,-133000
2812,台中銀          ,745000,879000,-134000,0,0,0,1000,0,1000,0,0,0,0,0,0,0,-133000
061633,統一元大9A購01  ,0,0,0,0,0,0,0,0,0,-133000,0,0,0,62000,195000,-133000,-133000
062184,奇鋐元大9B購02  ,0,0,0,0,0,0,0,0,0,-133000,0,0,0,30000,163000,-133000,-133000
07353P,大立光國票99售02,0,0,0,0,0,0,0,0,0,-134000,0,0,0,8000,142000,-134000,-134000
063913,貿聯凱基02購01  ,0,0,0,0,0,0,0,0,0,-134000,0,0,0,80000,214000,-134000,-134000
064358,台達電統一01購02,0,0,0,0,0,0,0,0,0,-134000,0,0,0,0,134000,-134000,-134000
051375,道瓊反群益9A購01,0,0,0,0,0,0,0,0,0,-134000,0,0,0,3000,137000,-134000,-134000
053040,全新凱基98購01  ,0,0,0,0,0,0,0,0,0,-134000,0,0,0,0,134000,-134000,-134000
061267,玉山金凱基9B購01,0,0,0,0,0,0,0,0,0,-134000,0,0,0,5000,139000,-134000,-134000
061472,台積電元大9A購32,0,0,0,0,0,0,0,0,0,-134000,0,0,0,20000,154000,-134000,-134000
061360,智邦兆豐9B購02  ,0,0,0,0,0,0,0,0,0,-134000,0,0,0,27000,161000,-134000,-134000
063285,華擎元大9B購03  ,0,0,0,0,0,0,0,0,0,-134000,0,0,0,68000,202000,-134000,-134000
064049,信邦統一01購01  ,0,0,0,0,0,0,0,0,0,-135000,0,0,0,36000,171000,-135000,-135000
07011P,宏達電凱基99售02,0,0,0,0,0,0,0,0,0,-135000,0,0,0,19000,154000,-135000,-135000
0061,元大寶滬深      ,0,12000,-12000,0,0,0,0,0,0,-123000,30000,20000,10000,10000,143000,-133000,-135000
057084,立積統一9B購01  ,0,0,0,0,0,0,0,0,0,-135000,0,0,0,0,135000,-135000,-135000
063292,致新元大9B購02  ,0,0,0,0,0,0,0,0,0,-135000,0,0,0,331000,466000,-135000,-135000
062163,大毅國泰01購01  ,0,0,0,0,0,0,0,0,0,-135000,0,0,0,363000,498000,-135000,-135000
06937P,GIS元大98售03   ,0,0,0,0,0,0,0,0,0,-136000,0,0,0,129000,265000,-136000,-136000
07814P,華通群益9A售06  ,0,0,0,0,0,0,0,0,0,-136000,0,0,0,30000,166000,-136000,-136000
07719P,臺股指群益9A售08,0,0,0,0,0,0,0,0,0,-136000,0,0,0,30000,166000,-136000,-136000
064285,貿聯元大9C購02  ,0,0,0,0,0,0,0,0,0,-136000,0,0,0,0,136000,-136000,-136000
064258,臻鼎國泰01購02  ,0,0,0,0,0,0,0,0,0,-136000,0,0,0,48000,184000,-136000,-136000
08300P,世芯國票01售01  ,0,0,0,0,0,0,0,0,0,-136000,0,0,0,0,136000,-136000,-136000
055380,智易元大98購02  ,0,0,0,0,0,0,0,0,0,-136000,0,0,0,0,136000,-136000,-136000
055323,貿聯國票98購01  ,0,0,0,0,0,0,0,0,0,-136000,0,0,0,6000,142000,-136000,-136000
059867,華邦電凱基99購02,0,0,0,0,0,0,0,0,0,-136000,0,0,0,60000,196000,-136000,-136000
061155,華新科群益9A購06,0,0,0,0,0,0,0,0,0,-136000,0,0,0,20000,156000,-136000,-136000
062287,康友群益9B購02  ,0,0,0,0,0,0,0,0,0,-136000,0,0,0,98000,234000,-136000,-136000
063996,貿聯群益9C購01  ,0,0,0,0,0,0,0,0,0,-137000,0,0,0,222000,359000,-137000,-137000
06780P,義隆元大98售02  ,0,0,0,0,0,0,0,0,0,-137000,0,0,0,3000,140000,-137000,-137000
06721P,臺股指中信9A售03,0,0,0,0,0,0,0,0,0,-137000,0,0,0,75000,212000,-137000,-137000
062617,京鼎元大9B購01  ,0,0,0,0,0,0,0,0,0,-137000,0,0,0,266000,403000,-137000,-137000
062836,同欣電群益9B購02,0,0,0,0,0,0,0,0,0,-137000,0,0,0,248000,385000,-137000,-137000
052203,T50反1中信99購03,0,0,0,0,0,0,0,0,0,-138000,0,0,0,2000,140000,-138000,-138000
062984,致新元富9B購01  ,0,0,0,0,0,0,0,0,0,-138000,0,0,0,115000,253000,-138000,-138000
063778,亞德客永豐9B購02,0,0,0,0,0,0,0,0,0,-138000,0,0,0,0,138000,-138000,-138000
056478,晶技元大99購01  ,0,0,0,0,0,0,0,0,0,-139000,0,0,0,0,139000,-139000,-139000
061783,友達群益9B購01  ,0,0,0,0,0,0,0,0,0,-139000,0,0,0,0,139000,-139000,-139000
063897,神達群益9C購01  ,0,0,0,0,0,0,0,0,0,-140000,0,0,0,0,140000,-140000,-140000
054411,光磊元大97購02  ,0,0,0,0,0,0,0,0,0,-140000,0,0,0,20000,160000,-140000,-140000
054472,道瓊反中信9A購01,0,0,0,0,0,0,0,0,0,-140000,0,0,0,50000,190000,-140000,-140000
058723,元石油國泰9A購01,0,0,0,0,0,0,0,0,0,-140000,0,0,0,0,140000,-140000,-140000
061351,智伸科元大9A購01,0,0,0,0,0,0,0,0,0,-140000,0,0,0,9000,149000,-140000,-140000
062566,嘉晶中信9C購01  ,0,0,0,0,0,0,0,0,0,-140000,0,0,0,0,140000,-140000,-140000
3057,喬鼎            ,1000,142000,-141000,0,0,0,0,0,0,0,0,0,0,0,0,0,-141000
2467,志聖            ,122000,263000,-141000,0,0,0,0,0,0,0,0,0,0,0,0,0,-141000
053063,力山群益98購01  ,0,0,0,0,0,0,0,0,0,-141000,0,0,0,2000,143000,-141000,-141000
060492,元黃金元富9A購01,0,0,0,0,0,0,0,0,0,-141000,0,0,0,0,141000,-141000,-141000
057954,宏碁元大99購01  ,0,0,0,0,0,0,0,0,0,-141000,0,0,0,174000,315000,-141000,-141000
8021,尖點            ,234000,376000,-142000,0,0,0,0,0,0,0,0,0,0,0,0,0,-142000
07407P,欣興凱基99售07  ,0,0,0,0,0,0,0,0,0,-142000,0,0,0,8000,150000,-142000,-142000
057940,和大國票99購01  ,0,0,0,0,0,0,0,0,0,-142000,0,0,0,11000,153000,-142000,-142000
060567,華擎富邦9C購01  ,0,0,0,0,0,0,0,0,0,-142000,0,0,0,0,142000,-142000,-142000
057582,亞光中信9A購02  ,0,0,0,0,0,0,0,0,0,-142000,0,0,0,0,142000,-142000,-142000
054221,華新科統一96購05,0,0,0,0,0,0,0,0,0,-143000,0,0,0,5000,148000,-143000,-143000
062136,南亞科群益9B購01,0,0,0,0,0,0,0,0,0,-143000,0,0,0,0,143000,-143000,-143000
2049,上銀            ,553063,610631,-57568,0,0,0,10000,0,10000,-96000,8000,102000,-94000,2000,4000,-2000,-143568
062851,建準永豐9B購02  ,0,0,0,0,0,0,0,0,0,-144000,0,0,0,0,144000,-144000,-144000
06698P,玉晶光國票99售05,0,0,0,0,0,0,0,0,0,-145000,0,0,0,11000,156000,-145000,-145000
053939,台表科元富96購03,0,0,0,0,0,0,0,0,0,-145000,0,0,0,0,145000,-145000,-145000
056477,欣興元大98購02  ,0,0,0,0,0,0,0,0,0,-145000,0,0,0,13000,158000,-145000,-145000
054791,泰碩群益99購02  ,0,0,0,0,0,0,0,0,0,-145000,0,0,0,5000,150000,-145000,-145000
06078P,臺股指凱基9A售01,0,0,0,0,0,0,0,0,0,-145000,0,0,0,0,145000,-145000,-145000
058244,神達元大99購02  ,0,0,0,0,0,0,0,0,0,-145000,0,0,0,208000,353000,-145000,-145000
057719,欣興元富02購01  ,0,0,0,0,0,0,0,0,0,-145000,0,0,0,0,145000,-145000,-145000
062784,世芯元大9B購01  ,0,0,0,0,0,0,0,0,0,-145000,0,0,0,39000,184000,-145000,-145000
063634,台光電元大9B購09,0,0,0,0,0,0,0,0,0,-145000,0,0,0,43000,188000,-145000,-145000
064313,嘉晶群益9C購02  ,0,0,0,0,0,0,0,0,0,-146000,0,0,0,0,146000,-146000,-146000
064027,義隆元大9C購01  ,17000,0,17000,0,0,0,0,0,0,-163000,0,0,0,38000,201000,-163000,-146000
07089P,臺指2X中信01售01,0,0,0,0,0,0,0,0,0,-146000,0,0,0,57000,203000,-146000,-146000
054158,國巨日盛99購01  ,0,0,0,0,0,0,0,0,0,-146000,0,0,0,0,146000,-146000,-146000
058248,聯茂元大99購05  ,0,0,0,0,0,0,0,0,0,-146000,0,0,0,1000,147000,-146000,-146000
060809,康友群益9A購01  ,0,0,0,0,0,0,0,0,0,-146000,0,0,0,236000,382000,-146000,-146000
063329,健策國票9C購01  ,0,0,0,0,0,0,0,0,0,-146000,0,0,0,10000,156000,-146000,-146000
063206,貿聯統一9C購02  ,0,0,0,0,0,0,0,0,0,-146000,0,0,0,33000,179000,-146000,-146000
063064,台表科元富9B購01,0,0,0,0,0,0,0,0,0,-147000,0,0,0,35000,182000,-147000,-147000
062497,遠東新群益9B購01,0,0,0,0,0,0,0,0,0,-147000,0,0,0,431000,578000,-147000,-147000
063874,志超永豐9C購01  ,0,0,0,0,0,0,0,0,0,-148000,0,0,0,641000,789000,-148000,-148000
056304,創意元大97購03  ,0,0,0,0,0,0,0,0,0,-148000,0,0,0,0,148000,-148000,-148000
058270,上緯控永豐99購01,0,0,0,0,0,0,0,0,0,-148000,0,0,0,0,148000,-148000,-148000
057990,美律統一99購02  ,0,0,0,0,0,0,0,0,0,-148000,0,0,0,116000,264000,-148000,-148000
058522,聯茂元大99購07  ,0,0,0,0,0,0,0,0,0,-148000,0,0,0,37000,185000,-148000,-148000
061518,達方永豐9A購02  ,0,0,0,0,0,0,0,0,0,-148000,0,0,0,2000,150000,-148000,-148000
062704,大毅元大9C購01  ,0,0,0,0,0,0,0,0,0,-148000,0,0,0,94000,242000,-148000,-148000
055987,台表科元富97購01,0,0,0,0,0,0,0,0,0,-149000,0,0,0,91000,240000,-149000,-149000
054301,楠梓電凱基98購01,0,0,0,0,0,0,0,0,0,-149000,0,0,0,0,149000,-149000,-149000
054565,玉晶光群益99購02,0,0,0,0,0,0,0,0,0,-149000,0,0,0,3000,152000,-149000,-149000
062615,亞德客元大9B購02,0,0,0,0,0,0,0,0,0,-149000,0,0,0,94000,243000,-149000,-149000
062523,世紀鋼元大9C購03,0,0,0,0,0,0,0,0,0,-149000,0,0,0,153000,302000,-149000,-149000
06878P,台灣50日盛9B售01,0,0,0,0,0,0,0,0,0,-150000,0,0,0,30000,180000,-150000,-150000
055458,燿華永豐98購01  ,0,0,0,0,0,0,0,0,0,-150000,0,0,0,0,150000,-150000,-150000
05272P,臻鼎中信97售03  ,0,0,0,0,0,0,0,0,0,-150000,0,0,0,0,150000,-150000,-150000
054214,京鼎國票97購02  ,0,0,0,0,0,0,0,0,0,-150000,0,0,0,0,150000,-150000,-150000
03686P,大立光統一98售02,0,0,0,0,0,0,0,0,0,-150000,0,0,0,0,150000,-150000,-150000
059849,興勤永豐99購01  ,0,0,0,0,0,0,0,0,0,-150000,0,0,0,141000,291000,-150000,-150000
060800,華新科第一9A購01,0,0,0,0,0,0,0,0,0,-150000,0,0,0,0,150000,-150000,-150000
059473,T50反1群益99購03,0,0,0,0,0,0,0,0,0,-150000,0,0,0,0,150000,-150000,-150000
062441,華新科元大9C購01,0,0,0,0,0,0,0,0,0,-150000,0,0,0,0,150000,-150000,-150000
061308,元金2X中信9A購01,0,0,0,0,0,0,0,0,0,-150000,0,0,0,60000,210000,-150000,-150000
063025,超眾元大9B購01  ,0,0,0,0,0,0,0,0,0,-150000,0,0,0,0,150000,-150000,-150000
064005,義隆凱基01購01  ,0,0,0,0,0,0,0,0,0,-151000,0,0,0,12000,163000,-151000,-151000
4942,嘉彰            ,30000,172000,-142000,0,0,0,1000,0,1000,-10000,0,10000,-10000,0,0,0,-151000
4739,康普            ,226000,377000,-151000,0,0,0,0,0,0,0,0,0,0,0,0,0,-151000
053871,臻鼎元大96購03  ,0,0,0,0,0,0,0,0,0,-151000,0,0,0,99000,250000,-151000,-151000
063642,茂林元大9B購08  ,0,0,0,0,0,0,0,0,0,-151000,0,0,0,26000,177000,-151000,-151000
062328,南亞科統一9C購01,0,0,0,0,0,0,0,0,0,-151000,0,0,0,7000,158000,-151000,-151000
062135,國巨群益9B購05  ,0,0,0,0,0,0,0,0,0,-151000,0,0,0,125000,276000,-151000,-151000
062230,緯穎統一01購01  ,0,0,0,0,0,0,0,0,0,-151000,0,0,0,216000,367000,-151000,-151000
6120,達運            ,168000,322000,-154000,0,0,0,0,0,0,2000,2000,0,2000,0,0,0,-152000
06766P,玉晶光元大99售10,0,0,0,0,0,0,0,0,0,-152000,0,0,0,25000,177000,-152000,-152000
061081,宏碁兆豐9A購01  ,0,0,0,0,0,0,0,0,0,-152000,0,0,0,203000,355000,-152000,-152000
06438P,玉晶光國票99售02,0,0,0,0,0,0,0,0,0,-153000,0,0,0,109000,262000,-153000,-153000
6282,康舒            ,390000,543000,-153000,0,0,0,1000,0,1000,-1000,0,0,0,0,1000,-1000,-153000
055217,緯創凱基97購02  ,0,0,0,0,0,0,0,0,0,-153000,0,0,0,37000,190000,-153000,-153000
060433,億豐永豐9A購01  ,0,0,0,0,0,0,0,0,0,-153000,0,0,0,83000,236000,-153000,-153000
8249,菱光            ,23000,176000,-153000,0,0,0,0,0,0,0,0,0,0,0,0,0,-153000
00693U,街口S&P黃豆     ,216000,13000,203000,0,0,0,0,0,0,-357000,0,0,0,356000,713000,-357000,-154000
060934,台汽電永豐9A購02,0,0,0,0,0,0,0,0,0,-154000,0,0,0,100000,254000,-154000,-154000
061423,廣達元大9A購01  ,0,0,0,0,0,0,0,0,0,-154000,0,0,0,107000,261000,-154000,-154000
058941,華新科中信99購03,0,0,0,0,0,0,0,0,0,-155000,0,0,0,0,155000,-155000,-155000
062576,華擎群益9B購02  ,0,0,0,0,0,0,0,0,0,-155000,0,0,0,0,155000,-155000,-155000
07683P,宏達電凱基9A售03,0,0,0,0,0,0,0,0,0,-156000,0,0,0,44000,200000,-156000,-156000
06282P,聯鈞永豐97售02  ,0,0,0,0,0,0,0,0,0,-156000,0,0,0,0,156000,-156000,-156000
1218,泰山            ,144000,306000,-162000,0,0,0,0,0,0,5000,5000,0,5000,0,0,0,-157000
062798,台光電統一9B購01,0,0,0,0,0,0,0,0,0,-157000,0,0,0,153000,310000,-157000,-157000
062977,健策元富9B購01  ,0,0,0,0,0,0,0,0,0,-157000,0,0,0,8000,165000,-157000,-157000
063188,TPK凱基9B購01   ,0,0,0,0,0,0,0,0,0,-157000,0,0,0,34000,191000,-157000,-157000
061906,統一中信9B購01  ,0,0,0,0,0,0,0,0,0,-157000,0,0,0,0,157000,-157000,-157000
062325,鴻海統一9B購05  ,0,0,0,0,0,0,0,0,0,-157000,0,0,0,0,157000,-157000,-157000
07248P,可成凱基99售06  ,0,0,0,0,0,0,0,0,0,-158000,0,0,0,82000,240000,-158000,-158000
064097,友訊群益9C購01  ,0,0,0,0,0,0,0,0,0,-158000,0,0,0,120000,278000,-158000,-158000
056617,美律永豐98購01  ,0,0,0,0,0,0,0,0,0,-158000,0,0,0,0,158000,-158000,-158000
063209,巨大統一01購01  ,0,0,0,0,0,0,0,0,0,-158000,0,0,0,460000,618000,-158000,-158000
6706,惠特            ,36000,195000,-159000,0,0,0,0,0,0,0,0,0,0,0,0,0,-159000
059450,和大永豐99購01  ,0,0,0,0,0,0,0,0,0,-159000,0,0,0,95000,254000,-159000,-159000
063694,貿聯永豐9B購01  ,0,0,0,0,0,0,0,0,0,-159000,0,0,0,33000,192000,-159000,-159000
063481,緯穎元大9B購08  ,0,0,0,0,0,0,0,0,0,-159000,0,0,0,20000,179000,-159000,-159000
062133,大成鋼群益9B購01,0,0,0,0,0,0,0,0,0,-159000,0,0,0,100000,259000,-159000,-159000
062164,禾伸堂國泰01購01,0,0,0,0,0,0,0,0,0,-159000,0,0,0,0,159000,-159000,-159000
08282P,南六群益9C售01  ,0,0,0,0,0,0,0,0,0,-160000,0,0,0,32000,192000,-160000,-160000
064056,GIS統一01購02   ,0,0,0,0,0,0,0,0,0,-160000,0,0,0,19000,179000,-160000,-160000
07000P,T50反1元大99售03,0,0,0,0,0,0,0,0,0,-160000,0,0,0,0,160000,-160000,-160000
055703,緯穎富邦98購01  ,0,0,0,0,0,0,0,0,0,-160000,0,0,0,0,160000,-160000,-160000
059611,台積電永豐99購05,0,0,0,0,0,0,0,0,0,-160000,0,0,0,99000,259000,-160000,-160000
060305,得力永豐9A購01  ,0,0,0,0,0,0,0,0,0,-160000,0,0,0,0,160000,-160000,-160000
060700,華新科國泰9C購01,0,0,0,0,0,0,0,0,0,-160000,0,0,0,197000,357000,-160000,-160000
061527,牧德凱基9A購02  ,0,0,0,0,0,0,0,0,0,-160000,0,0,0,0,160000,-160000,-160000
07535P,上銀元富9A售03  ,0,0,0,0,0,0,0,0,0,-161000,0,0,0,304000,465000,-161000,-161000
057161,亞德客元大98購02,0,0,0,0,0,0,0,0,0,-161000,0,0,0,145000,306000,-161000,-161000
9940,信義            ,118000,188000,-70000,0,0,0,0,0,0,-91000,0,91000,-91000,0,0,0,-161000
063932,世芯統一01購01  ,0,0,0,0,0,0,0,0,0,-162000,0,0,0,364000,526000,-162000,-162000
063893,微星群益9C購01  ,0,0,0,0,0,0,0,0,0,-162000,0,0,0,12000,174000,-162000,-162000
057982,帆宣永豐98購01  ,0,0,0,0,0,0,0,0,0,-162000,0,0,0,0,162000,-162000,-162000
057618,台光電凱基99購01,0,0,0,0,0,0,0,0,0,-162000,0,0,0,35000,197000,-162000,-162000
063107,矽創群益9B購01  ,0,0,0,0,0,0,0,0,0,-162000,0,0,0,198000,360000,-162000,-162000
058925,旭富元富99購02  ,0,0,0,0,0,0,0,0,0,-163000,0,0,0,6000,169000,-163000,-163000
03444B,臺股指元大9C熊02,0,0,0,0,0,0,0,0,0,-163000,0,0,0,45000,208000,-163000,-163000
063260,信邦富邦9B購01  ,0,0,0,0,0,0,0,0,0,-163000,0,0,0,39000,202000,-163000,-163000
063630,智邦元大9B購09  ,0,0,0,0,0,0,0,0,0,-163000,0,0,0,35000,198000,-163000,-163000
062423,聯發科統一9C購07,0,0,0,0,0,0,0,0,0,-163000,0,0,0,76000,239000,-163000,-163000
07709P,創意元大9A售01  ,0,0,0,0,0,0,0,0,0,-164000,0,0,0,25000,189000,-164000,-164000
056122,勤誠群益97購02  ,0,0,0,0,0,0,0,0,0,-164000,0,0,0,0,164000,-164000,-164000
059093,旭富元大99購01  ,0,0,0,0,0,0,0,0,0,-164000,0,0,0,325000,489000,-164000,-164000
060355,元金2X元富9C購01,0,0,0,0,0,0,0,0,0,-164000,0,0,0,36000,200000,-164000,-164000
054558,劍麟群益99購01  ,0,0,0,0,0,0,0,0,0,-165000,0,0,0,225000,390000,-165000,-165000
059949,啟碁永豐99購01  ,0,0,0,0,0,0,0,0,0,-165000,0,0,0,0,165000,-165000,-165000
057175,美律元大98購03  ,0,0,0,0,0,0,0,0,0,-165000,0,0,0,20000,185000,-165000,-165000
062354,台達電元大9B購01,0,0,0,0,0,0,0,0,0,-165000,0,0,0,69000,234000,-165000,-165000
063986,聯發科富邦02購01,0,0,0,0,0,0,0,0,0,-166000,0,0,0,0,166000,-166000,-166000
060233,宏碁元大9A購01  ,0,0,0,0,0,0,0,0,0,-166000,0,0,0,101000,267000,-166000,-166000
059195,國巨永豐99購04  ,0,0,0,0,0,0,0,0,0,-166000,0,0,0,0,166000,-166000,-166000
061509,SP黃豆富邦9C購01,0,0,0,0,0,0,0,0,0,-166000,0,0,0,0,166000,-166000,-166000
063397,廣達群益9B購02  ,0,0,0,0,0,0,0,0,0,-166000,0,0,0,7000,173000,-166000,-166000
063270,喬山兆豐9C購01  ,0,0,0,0,0,0,0,0,0,-166000,0,0,0,67000,233000,-166000,-166000
064250,亞光元富9C購01  ,0,0,0,0,0,0,0,0,0,-167000,0,0,0,33000,200000,-167000,-167000
057991,健策統一9C購01  ,0,0,0,0,0,0,0,0,0,-167000,0,0,0,30000,197000,-167000,-167000
063152,健策元富9C購01  ,0,0,0,0,0,0,0,0,0,-167000,0,0,0,38000,205000,-167000,-167000
063494,金像電富邦9B購01,0,0,0,0,0,0,0,0,0,-167000,0,0,0,0,167000,-167000,-167000
2379,瑞昱            ,1500858,1502520,-1662,0,0,0,5000,39000,-34000,-132000,6000,56000,-50000,4000,86000,-82000,-167662
056472,美律元大99購03  ,0,0,0,0,0,0,0,0,0,-168000,0,0,0,0,168000,-168000,-168000
056769,國產元大98購01  ,0,0,0,0,0,0,0,0,0,-168000,0,0,0,98000,266000,-168000,-168000
056998,麗豐康和98購01  ,0,0,0,0,0,0,0,0,0,-168000,0,0,0,100000,268000,-168000,-168000
062572,元金反群益9C購01,0,0,0,0,0,0,0,0,0,-168000,0,0,0,30000,198000,-168000,-168000
062113,瑞祺國票9B購01  ,0,0,0,0,0,0,0,0,0,-168000,0,0,0,57000,225000,-168000,-168000
08331P,義隆元富9C售02  ,0,0,0,0,0,0,0,0,0,-169000,0,0,0,4000,173000,-169000,-169000
057190,立積元大9A購02  ,0,0,0,0,0,0,0,0,0,-169000,0,0,0,85000,254000,-169000,-169000
059468,智邦元大99購02  ,0,0,0,0,0,0,0,0,0,-169000,0,0,0,60000,229000,-169000,-169000
063793,和大凱基9C購01  ,0,0,0,0,0,0,0,0,0,-169000,0,0,0,7000,176000,-169000,-169000
062645,國巨國泰9B購08  ,0,0,0,0,0,0,0,0,0,-169000,0,0,0,37000,206000,-169000,-169000
08090P,嘉澤統一9B售01  ,0,0,0,0,0,0,0,0,0,-170000,0,0,0,112000,282000,-170000,-170000
2478,大毅            ,816000,988000,-172000,0,0,0,0,50000,-50000,52000,6000,0,6000,69000,23000,46000,-170000
059908,元金2X元大99購01,0,0,0,0,0,0,0,0,0,-170000,0,0,0,30000,200000,-170000,-170000
061062,和大凱基9A購02  ,0,0,0,0,0,0,0,0,0,-170000,0,0,0,21000,191000,-170000,-170000
062702,可成元大9C購01  ,0,0,0,0,0,0,0,0,0,-170000,0,0,0,113000,283000,-170000,-170000
063510,台表科群益9C購01,0,0,0,0,0,0,0,0,0,-170000,0,0,0,0,170000,-170000,-170000
061915,T50反1凱基02購02,0,0,0,0,0,0,0,0,0,-170000,0,0,0,0,170000,-170000,-170000
5522,遠雄            ,314000,485000,-171000,0,0,0,0,0,0,0,0,0,0,0,0,0,-171000
058380,臺股指凱基99購15,0,0,0,0,0,0,0,0,0,-171000,0,0,0,631000,802000,-171000,-171000
057836,南亞科國泰9A購01,0,0,0,0,0,0,0,0,0,-171000,0,0,0,30000,201000,-171000,-171000
058523,聯茂元大99購08  ,0,0,0,0,0,0,0,0,0,-171000,0,0,0,57000,228000,-171000,-171000
058189,嘉澤永豐99購01  ,0,0,0,0,0,0,0,0,0,-172000,0,0,0,10000,182000,-172000,-172000
060880,中壽中信9C購01  ,0,0,0,0,0,0,0,0,0,-172000,0,0,0,219000,391000,-172000,-172000
061379,鈺齊永豐9A購02  ,0,0,0,0,0,0,0,0,0,-172000,0,0,0,322000,494000,-172000,-172000
062542,南電國泰9C購01  ,0,0,0,0,0,0,0,0,0,-173000,0,0,0,165000,338000,-173000,-173000
064212,可成凱基03購01  ,0,0,0,0,0,0,0,0,0,-174000,0,0,0,3000,177000,-174000,-174000
056584,鴻海統一9B購01  ,0,0,0,0,0,0,0,0,0,-174000,0,0,0,1653000,1827000,-174000,-174000
054695,世芯永豐98購01  ,0,0,0,0,0,0,0,0,0,-174000,0,0,0,17000,191000,-174000,-174000
053648,台積電凱基97購04,0,0,0,0,0,0,0,0,0,-174000,0,0,0,26000,200000,-174000,-174000
053056,同欣電國票97購01,0,0,0,0,0,0,0,0,0,-174000,0,0,0,75000,249000,-174000,-174000
060761,南亞科元大9A購05,0,0,0,0,0,0,0,0,0,-174000,0,0,0,21000,195000,-174000,-174000
058766,力山兆豐99購01  ,0,0,0,0,0,0,0,0,0,-174000,0,0,0,135000,309000,-174000,-174000
061956,和大統一01購01  ,0,0,0,0,0,0,0,0,0,-174000,0,0,0,180000,354000,-174000,-174000
062013,奇鋐富邦9B購01  ,0,0,0,0,0,0,0,0,0,-174000,0,0,0,19000,193000,-174000,-174000
063355,超眾元富9B購01  ,0,0,0,0,0,0,0,0,0,-174000,0,0,0,0,174000,-174000,-174000
060937,T50反1國票9A購10,0,0,0,0,0,0,0,0,0,-175000,0,0,0,4000,179000,-175000,-175000
063692,華擎永豐9B購02  ,0,0,0,0,0,0,0,0,0,-175000,0,0,0,50000,225000,-175000,-175000
062698,台積電元大01購01,0,0,0,0,0,0,0,0,0,-175000,0,0,0,258000,433000,-175000,-175000
08173P,金像電凱基9B售02,0,0,0,0,0,0,0,0,0,-176000,0,0,0,36000,212000,-176000,-176000
054528,台光電統一96購02,0,0,0,0,0,0,0,0,0,-176000,0,0,0,257000,433000,-176000,-176000
058208,百和凱基99購01  ,0,0,0,0,0,0,0,0,0,-176000,0,0,0,89000,265000,-176000,-176000
061886,力山國泰01購01  ,0,0,0,0,0,0,0,0,0,-176000,0,0,0,44000,220000,-176000,-176000
060954,國泰金群益9A購02,0,0,0,0,0,0,0,0,0,-177000,0,0,0,91000,268000,-177000,-177000
061076,台達電兆豐9A購01,0,0,0,0,0,0,0,0,0,-177000,0,0,0,5000,182000,-177000,-177000
1229,聯華            ,279000,458000,-179000,0,0,0,1000,0,1000,0,0,0,0,0,0,0,-178000
052095,彩晶元大97購01  ,0,0,0,0,0,0,0,0,0,-178000,0,0,0,112000,290000,-178000,-178000
054803,味全元大9A購01  ,0,0,0,0,0,0,0,0,0,-178000,0,0,0,63000,241000,-178000,-178000
062108,晶豪科國票9B購01,0,0,0,0,0,0,0,0,0,-178000,0,0,0,34000,212000,-178000,-178000
062246,力山元大9B購02  ,0,0,0,0,0,0,0,0,0,-178000,0,0,0,10000,188000,-178000,-178000
2013,中鋼構          ,160000,339000,-179000,0,0,0,0,0,0,0,0,0,0,0,0,0,-179000
07671P,超眾元大9A售04  ,0,0,0,0,0,0,0,0,0,-179000,0,0,0,111000,290000,-179000,-179000
054664,台表科元大97購04,0,0,0,0,0,0,0,0,0,-179000,0,0,0,9000,188000,-179000,-179000
062674,百和中信03購01  ,0,0,0,0,0,0,0,0,0,-179000,0,0,0,0,179000,-179000,-179000
063504,國巨群益9C購06  ,0,0,0,0,0,0,0,0,0,-179000,0,0,0,30000,209000,-179000,-179000
07212P,聯發科凱基99售14,0,0,0,0,0,0,0,0,0,-180000,0,0,0,0,180000,-180000,-180000
064134,瑞祺元大9C購02  ,0,0,0,0,0,0,0,0,0,-180000,0,0,0,12000,192000,-180000,-180000
053118,大立光中信9C購01,0,0,0,0,0,0,0,0,0,-180000,0,0,0,55000,235000,-180000,-180000
057071,華擎永豐98購02  ,0,0,0,0,0,0,0,0,0,-180000,0,0,0,128000,308000,-180000,-180000
062834,立積群益9B購02  ,0,0,0,0,0,0,0,0,0,-180000,0,0,0,30000,210000,-180000,-180000
061177,大立光凱基9A購10,0,0,0,0,0,0,0,0,0,-180000,0,0,0,0,180000,-180000,-180000
4564,元翎            ,109000,286000,-177000,0,0,0,0,0,0,-4000,0,0,0,0,4000,-4000,-181000
058085,景碩群益9A購01  ,0,0,0,0,0,0,0,0,0,-181000,0,0,0,30000,211000,-181000,-181000
055502,群創元大9C購03  ,0,0,0,0,0,0,0,0,0,-182000,0,0,0,0,182000,-182000,-182000
060654,大毅群益9B購01  ,0,0,0,0,0,0,0,0,0,-182000,0,0,0,18000,200000,-182000,-182000
061122,敬鵬永豐9A購01  ,0,0,0,0,0,0,0,0,0,-182000,0,0,0,169000,351000,-182000,-182000
062215,華通統一9B購01  ,0,0,0,0,0,0,0,0,0,-182000,0,0,0,388000,570000,-182000,-182000
06705P,臻鼎元富98售03  ,0,0,0,0,0,0,0,0,0,-183000,0,0,0,24000,207000,-183000,-183000
059947,貿聯永豐99購03  ,0,0,0,0,0,0,0,0,0,-183000,0,0,0,0,183000,-183000,-183000
060850,康友國票9A購03  ,0,0,0,0,0,0,0,0,0,-183000,0,0,0,62000,245000,-183000,-183000
063682,達新永豐9B購01  ,0,0,0,0,0,0,0,0,0,-183000,0,0,0,1000,184000,-183000,-183000
064413,世紀鋼凱基02購01,0,0,0,0,0,0,0,0,0,-184000,0,0,0,7000,191000,-184000,-184000
060867,智伸科永豐9A購01,0,0,0,0,0,0,0,0,0,-184000,0,0,0,18000,202000,-184000,-184000
057523,大成鋼元大99購01,0,0,0,0,0,0,0,0,0,-184000,0,0,0,201000,385000,-184000,-184000
057721,華擎元富98購02  ,0,0,0,0,0,0,0,0,0,-184000,0,0,0,76000,260000,-184000,-184000
058527,世紀鋼元大99購01,0,0,0,0,0,0,0,0,0,-184000,0,0,0,214000,398000,-184000,-184000
06748P,智邦台新98售02  ,0,0,0,0,0,0,0,0,0,-185000,0,0,0,5000,190000,-185000,-185000
056092,亞德客元富97購02,0,0,0,0,0,0,0,0,0,-185000,0,0,0,0,185000,-185000,-185000
060513,緯穎元大9B購01  ,0,0,0,0,0,0,0,0,0,-185000,0,0,0,54000,239000,-185000,-185000
063318,京鼎群益9C購02  ,0,0,0,0,0,0,0,0,0,-185000,0,0,0,224000,409000,-185000,-185000
062688,華擎統一01購03  ,0,0,0,0,0,0,0,0,0,-185000,0,0,0,17000,202000,-185000,-185000
062015,喬山永豐9B購01  ,0,0,0,0,0,0,0,0,0,-186000,0,0,0,73000,259000,-186000,-186000
061478,奇鋐元大9A購01  ,0,0,0,0,0,0,0,0,0,-186000,0,0,0,118000,304000,-186000,-186000
064284,京鼎元大9C購01  ,0,0,0,0,0,0,0,0,0,-187000,0,0,0,92000,279000,-187000,-187000
08089P,嘉澤凱基9B售03  ,0,0,0,0,0,0,0,0,0,-188000,0,0,0,177000,365000,-188000,-188000
3030,德律            ,122000,342000,-220000,0,0,0,0,0,0,31000,31000,0,31000,0,0,0,-189000
06342P,世芯統一98售01  ,0,0,0,0,0,0,0,0,0,-189000,0,0,0,0,189000,-189000,-189000
07171P,臺股指國票99售08,0,0,0,0,0,0,0,0,0,-190000,0,0,0,0,190000,-190000,-190000
07122P,欣興凱基99售05  ,0,0,0,0,0,0,0,0,0,-191000,0,0,0,36000,227000,-191000,-191000
07735P,臺股指富邦9A售03,0,0,0,0,0,0,0,0,0,-191000,0,0,0,0,191000,-191000,-191000
056404,嘉聯益群益9A購01,0,0,0,0,0,0,0,0,0,-191000,0,0,0,110000,301000,-191000,-191000
059051,和大凱基9A購01  ,0,0,0,0,0,0,0,0,0,-191000,0,0,0,25000,216000,-191000,-191000
048270,T50反1富邦99購01,0,0,0,0,0,0,0,0,0,-192000,0,0,0,0,192000,-192000,-192000
059052,為升凱基99購01  ,0,0,0,0,0,0,0,0,0,-192000,0,0,0,0,192000,-192000,-192000
057181,亞光元大98購02  ,0,0,0,0,0,0,0,0,0,-192000,0,0,0,26000,218000,-192000,-192000
2634,漢翔            ,385000,178000,207000,0,0,0,0,0,0,-400000,0,365000,-365000,1000,36000,-35000,-193000
058808,大成鋼統一9B購01,0,0,0,0,0,0,0,0,0,-194000,0,0,0,1000,195000,-194000,-194000
063140,聯發科統一9B購08,0,0,0,0,0,0,0,0,0,-194000,0,0,0,87000,281000,-194000,-194000
061823,勤誠群益9B購01  ,0,0,0,0,0,0,0,0,0,-194000,0,0,0,113000,307000,-194000,-194000
055808,世紀鋼永豐97購01,0,0,0,0,0,0,0,0,0,-195000,0,0,0,30000,225000,-195000,-195000
062573,大毅群益9B購03  ,0,0,0,0,0,0,0,0,0,-195000,0,0,0,4000,199000,-195000,-195000
063788,矽創統一02購01  ,0,0,0,0,0,0,0,0,0,-195000,0,0,0,59000,254000,-195000,-195000
055725,嘉聯益元大98購03,0,0,0,0,0,0,0,0,0,-196000,0,0,0,0,196000,-196000,-196000
058969,亞德客永豐99購01,0,0,0,0,0,0,0,0,0,-196000,0,0,0,20000,216000,-196000,-196000
054467,隆達凱基97購01  ,0,0,0,0,0,0,0,0,0,-196000,0,0,0,4000,200000,-196000,-196000
057502,訊芯群益98購02  ,0,0,0,0,0,0,0,0,0,-196000,0,0,0,0,196000,-196000,-196000
063560,力山元大9B購05  ,0,0,0,0,0,0,0,0,0,-196000,0,0,0,61000,257000,-196000,-196000
061584,勤誠元大9A購01  ,0,0,0,0,0,0,0,0,0,-196000,0,0,0,164000,360000,-196000,-196000
057578,可成中信99購01  ,0,0,0,0,0,0,0,0,0,-197000,0,0,0,34000,231000,-197000,-197000
061645,超眾元大9A購06  ,0,0,0,0,0,0,0,0,0,-198000,0,0,0,2000,200000,-198000,-198000
062268,力山群益9B購01  ,0,0,0,0,0,0,0,0,0,-198000,0,0,0,62000,260000,-198000,-198000
07966P,瑞祺群益9B售02  ,0,0,0,0,0,0,0,0,0,-199000,0,0,0,1000,200000,-199000,-199000
054426,國泰金富邦97購02,0,0,0,0,0,0,0,0,0,-199000,0,0,0,1000,200000,-199000,-199000
059103,旭富元富99購03  ,0,0,0,0,0,0,0,0,0,-199000,0,0,0,0,199000,-199000,-199000
057927,勤誠凱基98購01  ,0,0,0,0,0,0,0,0,0,-199000,0,0,0,0,199000,-199000,-199000
063400,華擎群益9B購03  ,0,0,0,0,0,0,0,0,0,-199000,0,0,0,2000,201000,-199000,-199000
063380,台表科永豐9B購03,0,0,0,0,0,0,0,0,0,-199000,0,0,0,21000,220000,-199000,-199000
063168,台表科永豐9B購01,0,0,0,0,0,0,0,0,0,-199000,0,0,0,35000,234000,-199000,-199000
062684,華新科統一01購02,0,0,0,0,0,0,0,0,0,-199000,0,0,0,65000,264000,-199000,-199000
9919,康那香          ,0,249000,-249000,0,0,0,0,0,0,50000,50000,0,50000,0,0,0,-199000
08190P,宏達電元富9B售04,0,0,0,0,0,0,0,0,0,-200000,0,0,0,0,200000,-200000,-200000
07695P,台郡元大9A售02  ,0,0,0,0,0,0,0,0,0,-200000,0,0,0,0,200000,-200000,-200000
07025P,玉晶光凱基99售01,0,0,0,0,0,0,0,0,0,-200000,0,0,0,77000,277000,-200000,-200000
056413,上証反中信9A購01,0,0,0,0,0,0,0,0,0,-200000,0,0,0,0,200000,-200000,-200000
056685,光罩統一98購03  ,0,0,0,0,0,0,0,0,0,-200000,0,0,0,0,200000,-200000,-200000
055827,中石化元大98購01,0,0,0,0,0,0,0,0,0,-200000,0,0,0,100000,300000,-200000,-200000
059018,滬深2X統一9A購01,0,0,0,0,0,0,0,0,0,-200000,0,0,0,0,200000,-200000,-200000
060146,健策國票9A購03  ,0,0,0,0,0,0,0,0,0,-200000,0,0,0,6000,206000,-200000,-200000
060804,T50反1群益9A購02,0,0,0,0,0,0,0,0,0,-200000,0,0,0,0,200000,-200000,-200000
061042,致新永豐9A購02  ,0,0,0,0,0,0,0,0,0,-200000,0,0,0,10000,210000,-200000,-200000
060699,華新科國泰9B購03,0,0,0,0,0,0,0,0,0,-200000,0,0,0,0,200000,-200000,-200000
063176,南亞科兆豐9B購01,0,0,0,0,0,0,0,0,0,-200000,0,0,0,20000,220000,-200000,-200000
063218,台塑群益9B購01  ,0,0,0,0,0,0,0,0,0,-200000,0,0,0,47000,247000,-200000,-200000
063415,台積電凱基03購01,10000,0,10000,0,0,0,0,0,0,-210000,0,0,0,0,210000,-210000,-200000
062552,南電永豐9B購01  ,0,0,0,0,0,0,0,0,0,-200000,0,0,0,0,200000,-200000,-200000
6669,緯穎            ,521243,829000,-307757,0,0,0,67000,17000,50000,57000,61000,24000,37000,25000,5000,20000,-200757
07334P,臺股指國票99售19,0,0,0,0,0,0,0,0,0,-201000,0,0,0,140000,341000,-201000,-201000
058736,鈺齊永豐99購02  ,0,0,0,0,0,0,0,0,0,-201000,0,0,0,163000,364000,-201000,-201000
054510,S&P反1元大98購01,0,0,0,0,0,0,0,0,0,-202000,0,0,0,0,202000,-202000,-202000
063805,技嘉兆豐9C購01  ,0,0,0,0,0,0,0,0,0,-202000,0,0,0,50000,252000,-202000,-202000
058878,旭富國泰9B購01  ,0,0,0,0,0,0,0,0,0,-203000,0,0,0,48000,251000,-203000,-203000
062387,健策國泰01購01  ,0,0,0,0,0,0,0,0,0,-203000,0,0,0,52000,255000,-203000,-203000
054556,世芯凱基99購01  ,0,0,0,0,0,0,0,0,0,-204000,0,0,0,61000,265000,-204000,-204000
059261,華邦電中信01購01,0,0,0,0,0,0,0,0,0,-204000,0,0,0,333000,537000,-204000,-204000
06737P,台郡凱基98售07  ,0,0,0,0,0,0,0,0,0,-205000,0,0,0,0,205000,-205000,-205000
056574,亞光元大99購03  ,0,0,0,0,0,0,0,0,0,-205000,0,0,0,79000,284000,-205000,-205000
062207,牧德國票9B購02  ,0,0,0,0,0,0,0,0,0,-205000,0,0,0,803000,1008000,-205000,-205000
062590,亞光統一9B購01  ,0,0,0,0,0,0,0,0,0,-205000,0,0,0,73000,278000,-205000,-205000
058468,聯茂中信99購02  ,0,0,0,0,0,0,0,0,0,-206000,0,0,0,0,206000,-206000,-206000
060915,旭富元大9A購01  ,0,0,0,0,0,0,0,0,0,-206000,0,0,0,310000,516000,-206000,-206000
07791P,奇鋐元大9A售02  ,0,0,0,0,0,0,0,0,0,-207000,0,0,0,0,207000,-207000,-207000
07990P,緯穎凱基9B售02  ,0,0,0,0,0,0,0,0,0,-207000,0,0,0,14000,221000,-207000,-207000
055104,台達電凱基98購01,0,0,0,0,0,0,0,0,0,-207000,0,0,0,50000,257000,-207000,-207000
00686R,群益臺灣加權反1 ,0,0,0,0,0,0,0,0,0,-207000,0,0,0,29000,236000,-207000,-207000
063665,南亞科統一01購02,0,0,0,0,0,0,0,0,0,-207000,0,0,0,85000,292000,-207000,-207000
3003,健和興          ,300000,379000,-79000,0,0,0,0,190000,-190000,61000,49000,0,49000,17000,5000,12000,-208000
06679P,旺宏元大98售09  ,0,0,0,0,0,0,0,0,0,-208000,0,0,0,38000,246000,-208000,-208000
061521,亞光兆豐9A購02  ,0,0,0,0,0,0,0,0,0,-208000,0,0,0,0,208000,-208000,-208000
039212,台達電台新9A購01,0,0,0,0,0,0,0,0,0,-209000,0,0,0,5000,214000,-209000,-209000
057688,國巨凱基99購07  ,0,0,0,0,0,0,0,0,0,-209000,0,0,0,0,209000,-209000,-209000
06982P,義隆凱基99售02  ,0,0,0,0,0,0,0,0,0,-210000,0,0,0,581000,791000,-210000,-210000
061737,南亞科凱基9B購01,0,0,0,0,0,0,0,0,0,-210000,0,0,0,0,210000,-210000,-210000
062353,亞德客元大9B購01,0,0,0,0,0,0,0,0,0,-210000,0,0,0,114000,324000,-210000,-210000
08130P,義隆元大9B售05  ,0,0,0,0,0,0,0,0,0,-211000,0,0,0,164000,375000,-211000,-211000
00771,元大US高息特別股,0,0,0,0,0,0,0,0,0,-211000,169000,8000,161000,0,372000,-372000,-211000
056114,台達電群益97購02,0,0,0,0,0,0,0,0,0,-211000,0,0,0,1000,212000,-211000,-211000
057740,茂林富邦9A購01  ,0,0,0,0,0,0,0,0,0,-211000,0,0,0,2000,213000,-211000,-211000
063768,華新科國泰9C購03,0,0,0,0,0,0,0,0,0,-211000,0,0,0,39000,250000,-211000,-211000
062689,華擎統一02購01  ,0,0,0,0,0,0,0,0,0,-212000,0,0,0,59000,271000,-212000,-212000
1210,大成            ,452000,796000,-344000,0,0,0,1000,0,1000,130000,130000,0,130000,0,0,0,-213000
063773,可成富邦9C購01  ,0,0,0,0,0,0,0,0,0,-213000,0,0,0,68000,281000,-213000,-213000
063066,同欣電麥證9B購01,0,0,0,137000,301000,-164000,0,0,0,-214000,0,0,0,137000,351000,-214000,-214000
3005,神基            ,351000,488000,-137000,0,0,0,0,46000,-46000,-33000,10000,31000,-21000,25000,37000,-12000,-216000
058456,京鼎永豐99購01  ,0,0,0,0,0,0,0,0,0,-216000,0,0,0,32000,248000,-216000,-216000
063373,晶技永豐9B購02  ,0,0,0,0,0,0,0,0,0,-216000,0,0,0,0,216000,-216000,-216000
062140,元金2X國票9B購03,0,0,0,0,0,0,0,0,0,-216000,0,0,0,0,216000,-216000,-216000
08313P,健策國票01售01  ,0,0,0,0,0,0,0,0,0,-217000,0,0,0,10000,227000,-217000,-217000
07292P,臺股指凱基99售44,0,0,0,0,0,0,0,0,0,-217000,0,0,0,286000,503000,-217000,-217000
064107,友達兆豐01購01  ,0,0,0,0,0,0,0,0,0,-217000,0,0,0,0,217000,-217000,-217000
062401,信邦永豐9B購01  ,0,0,0,0,0,0,0,0,0,-217000,0,0,0,0,217000,-217000,-217000
064166,和潤統一02購01  ,0,0,0,0,0,0,0,0,0,-218000,0,0,0,240000,458000,-218000,-218000
07218P,臺股指凱基99售31,0,0,0,0,0,0,0,0,0,-218000,0,0,0,207000,425000,-218000,-218000
1611,中電            ,91000,309000,-218000,0,0,0,0,0,0,0,0,0,0,0,0,0,-218000
061210,玉山金元大9A購02,0,0,0,0,0,0,0,0,0,-219000,0,0,0,12000,231000,-219000,-219000
063401,中租群益9B購03  ,0,0,0,0,0,0,0,0,0,-219000,0,0,0,0,219000,-219000,-219000
06845P,億光元大98售02  ,0,0,0,0,0,0,0,0,0,-220000,0,0,0,0,220000,-220000,-220000
053083,中環元大99購01  ,0,0,0,0,0,0,0,0,0,-220000,0,0,0,0,220000,-220000,-220000
053507,百和兆豐96購01  ,0,0,0,0,0,0,0,0,0,-220000,0,0,0,0,220000,-220000,-220000
058398,中環元大99購02  ,0,0,0,0,0,0,0,0,0,-220000,0,0,0,90000,310000,-220000,-220000
06230P,亞德客永豐97售03,0,0,0,0,0,0,0,0,0,-220000,0,0,0,0,220000,-220000,-220000
07919P,創意永豐9B售01  ,0,0,0,0,0,0,0,0,0,-221000,0,0,0,216000,437000,-221000,-221000
2535,達欣工          ,28000,312000,-284000,0,0,0,0,0,0,63000,90000,27000,63000,0,0,0,-221000
06717P,可成元大98售09  ,0,0,0,0,0,0,0,0,0,-222000,0,0,0,0,222000,-222000,-222000
062392,國巨富邦02購01  ,0,0,0,0,0,0,0,0,0,-222000,0,0,0,0,222000,-222000,-222000
061455,京元電凱基9B購01,0,0,0,0,0,0,0,0,0,-222000,0,0,0,162000,384000,-222000,-222000
064075,台積電中信06購01,0,0,0,0,0,0,0,0,0,-223000,0,0,0,22000,245000,-223000,-223000
055647,義隆元富97購01  ,0,0,0,0,0,0,0,0,0,-223000,0,0,0,90000,313000,-223000,-223000
059995,南亞科元富99購01,0,0,0,0,0,0,0,0,0,-223000,0,0,0,110000,333000,-223000,-223000
06853P,華擎元富98售03  ,0,0,0,0,0,0,0,0,0,-225000,0,0,0,404000,629000,-225000,-225000
07473P,祥碩元大9A售01  ,0,0,0,0,0,0,0,0,0,-225000,0,0,0,0,225000,-225000,-225000
060987,華新科元大9A購11,0,0,0,0,0,0,0,0,0,-225000,0,0,0,10000,235000,-225000,-225000
061307,和潤永豐9A購02  ,0,0,0,0,0,0,0,0,0,-225000,0,0,0,286000,511000,-225000,-225000
07101P,台郡元大99售06  ,0,0,0,0,0,0,0,0,0,-226000,0,0,0,32000,258000,-226000,-226000
056142,超眾元大97購06  ,0,0,0,0,0,0,0,0,0,-226000,0,0,0,86000,312000,-226000,-226000
058397,大成鋼元大99購02,0,0,0,0,0,0,0,0,0,-227000,0,0,0,233000,460000,-227000,-227000
058714,美律統一9B購01  ,0,0,0,0,0,0,0,0,0,-227000,0,0,0,475000,702000,-227000,-227000
060888,金像電統一9C購01,0,0,0,0,0,0,0,0,0,-228000,0,0,0,8000,236000,-228000,-228000
062395,台表科富邦9C購01,0,0,0,0,0,0,0,0,0,-229000,0,0,0,136000,365000,-229000,-229000
062045,崇越凱基9B購01  ,0,0,0,0,0,0,0,0,0,-229000,0,0,0,20000,249000,-229000,-229000
9933,中鼎            ,1752000,2217000,-465000,0,0,0,306000,0,306000,-70000,0,70000,-70000,0,0,0,-229000
055137,GIS富邦98購01   ,0,0,0,0,0,0,0,0,0,-230000,0,0,0,20000,250000,-230000,-230000
057718,旺宏元富02購02  ,0,0,0,0,0,0,0,0,0,-230000,0,0,0,2000,232000,-230000,-230000
057848,台表科永豐98購02,0,0,0,0,0,0,0,0,0,-230000,0,0,0,0,230000,-230000,-230000
063774,GIS富邦9B購02   ,0,0,0,0,0,0,0,0,0,-230000,0,0,0,0,230000,-230000,-230000
8039,台虹            ,122000,333000,-211000,0,0,0,0,0,0,-19000,2000,10000,-8000,3000,14000,-11000,-230000
07713P,台郡元大9A售03  ,0,0,0,0,0,0,0,0,0,-231000,0,0,0,18000,249000,-231000,-231000
2393,億光            ,469000,620000,-151000,0,0,0,0,0,0,-80000,24000,0,24000,2000,106000,-104000,-231000
062740,致伸國票9B購01  ,0,0,0,0,0,0,0,0,0,-231000,0,0,0,21000,252000,-231000,-231000
062278,聯發科群益9C購01,0,0,0,0,0,0,0,0,0,-231000,0,0,0,174000,405000,-231000,-231000
062007,台光電國泰9C購01,0,0,0,0,0,0,0,0,0,-232000,0,0,0,175000,407000,-232000,-232000
054971,帆宣元大97購02  ,0,0,0,0,0,0,0,0,0,-233000,0,0,0,67000,300000,-233000,-233000
049255,旺宏元大97購02  ,0,0,0,0,0,0,0,0,0,-233000,0,0,0,35000,268000,-233000,-233000
060733,和大統一9C購01  ,0,0,0,0,0,0,0,0,0,-233000,0,0,0,126000,359000,-233000,-233000
061326,新日興凱基9B購01,0,0,0,0,0,0,0,0,0,-233000,0,0,0,56000,289000,-233000,-233000
2451,創見            ,109000,462000,-353000,0,0,0,135000,5000,130000,-11000,0,0,0,0,11000,-11000,-234000
00652,富邦印度        ,6000,15000,-9000,0,0,0,0,0,0,-225000,0,0,0,73000,298000,-225000,-234000
1592,英瑞-KY         ,186000,421000,-235000,0,0,0,0,0,0,0,0,0,0,0,0,0,-235000
064241,貿聯統一02購02  ,0,0,0,0,0,0,0,0,0,-235000,0,0,0,20000,255000,-235000,-235000
062116,元金2X第一9B購01,0,0,0,0,0,0,0,0,0,-235000,0,0,0,0,235000,-235000,-235000
064248,億光元富9C購01  ,0,0,0,0,0,0,0,0,0,-236000,0,0,0,0,236000,-236000,-236000
056075,瀚宇博元大97購03,0,0,0,0,0,0,0,0,0,-236000,0,0,0,35000,271000,-236000,-236000
056639,國產康和98購01  ,0,0,0,0,0,0,0,0,0,-236000,0,0,0,114000,350000,-236000,-236000
064202,景碩兆豐9C購01  ,0,0,0,0,0,0,0,0,0,-237000,0,0,0,97000,334000,-237000,-237000
06431P,新日興元大97售05,0,0,0,0,0,0,0,0,0,-237000,0,0,0,196000,433000,-237000,-237000
061720,智邦國泰9C購01  ,0,0,0,0,0,0,0,0,0,-237000,0,0,0,102000,339000,-237000,-237000
063431,神隆元富9B購01  ,0,0,0,0,0,0,0,0,0,-237000,0,0,0,191000,428000,-237000,-237000
3036,文曄            ,134000,426000,-292000,0,0,0,1000,0,1000,53000,116000,67000,49000,39000,35000,4000,-238000
03648C,T50反1元大96牛07,0,0,0,0,0,0,0,0,0,-238000,0,0,0,0,238000,-238000,-238000
057743,華擎永豐98購03  ,0,0,0,0,0,0,0,0,0,-238000,0,0,0,17000,255000,-238000,-238000
4919,新唐            ,147000,388000,-241000,0,0,0,0,0,0,2000,2000,2000,0,21000,19000,2000,-239000
07130P,台郡元大9B售01  ,0,0,0,0,0,0,0,0,0,-239000,0,0,0,0,239000,-239000,-239000
059931,緯穎富邦9A購01  ,0,0,0,0,0,0,0,0,0,-239000,0,0,0,56000,295000,-239000,-239000
057377,康控元大99購02  ,0,0,0,0,0,0,0,0,0,-239000,0,0,0,5000,244000,-239000,-239000
058146,勤誠元大99購01  ,0,0,0,0,0,0,0,0,0,-240000,0,0,0,102000,342000,-240000,-240000
059403,T50反1台新03購03,0,0,0,0,0,0,0,0,0,-240000,0,0,0,418000,658000,-240000,-240000
062369,創意元大9B購01  ,0,0,0,0,0,0,0,0,0,-240000,0,0,0,62000,302000,-240000,-240000
06421P,嘉澤統一97售02  ,0,0,0,0,0,0,0,0,0,-241000,0,0,0,151000,392000,-241000,-241000
055026,健和興國泰98購01,0,0,0,0,0,0,0,0,0,-241000,0,0,0,1000,242000,-241000,-241000
062337,台表科統一01購01,0,0,0,0,0,0,0,0,0,-241000,0,0,0,348000,589000,-241000,-241000
05624P,同欣電中信98售01,0,0,0,0,0,0,0,0,0,-242000,0,0,0,33000,275000,-242000,-242000
063506,嘉晶群益9B購01  ,0,0,0,0,0,0,0,0,0,-243000,0,0,0,242000,485000,-243000,-243000
056676,國產元富98購01  ,0,0,0,0,0,0,0,0,0,-244000,0,0,0,839000,1083000,-244000,-244000
060874,中鋼中信02購01  ,0,0,0,0,0,0,0,0,0,-245000,0,0,0,51000,296000,-245000,-245000
062344,力山群益9B購02  ,0,0,0,0,0,0,0,0,0,-245000,0,0,0,40000,285000,-245000,-245000
6155,鈞寶            ,329000,575000,-246000,0,0,0,0,0,0,0,0,0,0,0,0,0,-246000
062091,世紀鋼元大9B購01,0,0,0,0,0,0,0,0,0,-246000,0,0,0,110000,356000,-246000,-246000
062022,緯穎永豐9B購01  ,0,0,0,0,0,0,0,0,0,-246000,0,0,0,10000,256000,-246000,-246000
060280,元金2X元大9A購01,0,0,0,0,0,0,0,0,0,-247000,0,0,0,5000,252000,-247000,-247000
064050,景碩統一01購01  ,0,0,0,0,0,0,0,0,0,-248000,0,0,0,367000,615000,-248000,-248000
060122,亞德客永豐99購02,0,0,0,0,0,0,0,0,0,-250000,0,0,0,4000,254000,-250000,-250000
061196,世芯永豐9A購06  ,0,0,0,0,0,0,0,0,0,-250000,0,0,0,59000,309000,-250000,-250000
07026P,超眾凱基99售03  ,0,0,0,0,0,0,0,0,0,-251000,0,0,0,451000,702000,-251000,-251000
062541,臻鼎國泰01購01  ,0,0,0,0,0,0,0,0,0,-251000,0,0,0,93000,344000,-251000,-251000
063170,智邦第一9B購01  ,0,0,0,0,0,0,0,0,0,-251000,0,0,0,0,251000,-251000,-251000
06662P,玉晶光中信9A售01,0,0,0,0,0,0,0,0,0,-253000,0,0,0,327000,580000,-253000,-253000
062823,台表科兆豐9B購01,0,0,0,0,0,0,0,0,0,-253000,0,0,0,81000,334000,-253000,-253000
060641,聯鈞永豐9A購01  ,0,0,0,0,0,0,0,0,0,-254000,0,0,0,0,254000,-254000,-254000
07421P,國泰金元大99售01,0,0,0,0,0,0,0,0,0,-255000,0,0,0,0,255000,-255000,-255000
061249,億豐群益9A購01  ,0,0,0,0,0,0,0,0,0,-255000,0,0,0,105000,360000,-255000,-255000
07022P,嘉晶永豐99售02  ,0,0,0,0,0,0,0,0,0,-256000,0,0,0,0,256000,-256000,-256000
063639,華擎元大9C購03  ,0,0,0,0,0,0,0,0,0,-256000,0,0,0,4000,260000,-256000,-256000
07711P,世芯元大9A售07  ,0,0,0,0,0,0,0,0,0,-259000,0,0,0,25000,284000,-259000,-259000
052654,友達統一97購01  ,0,0,0,0,0,0,0,0,0,-259000,0,0,0,75000,334000,-259000,-259000
058047,可成元大98購11  ,0,0,0,0,0,0,0,0,0,-261000,0,0,0,0,261000,-261000,-261000
064412,緯穎凱基01購01  ,0,0,0,0,0,0,0,0,0,-262000,0,0,0,0,262000,-262000,-262000
08118P,嘉澤元富9B售02  ,0,0,0,0,0,0,0,0,0,-262000,0,0,0,122000,384000,-262000,-262000
052269,T50反1日盛9B購01,0,0,0,0,0,0,0,0,0,-262000,0,0,0,0,262000,-262000,-262000
060583,南亞科元富9A購05,0,0,0,0,0,0,0,0,0,-262000,0,0,0,55000,317000,-262000,-262000
03414B,臺股指凱基99熊01,0,40000,-40000,0,0,0,0,0,0,-223000,0,0,0,478000,701000,-223000,-263000
057823,神達元大98購01  ,0,0,0,0,0,0,0,0,0,-263000,0,0,0,70000,333000,-263000,-263000
058613,茂林元大99購03  ,0,0,0,0,0,0,0,0,0,-264000,0,0,0,3000,267000,-264000,-264000
062477,聯詠國票9B購01  ,0,0,0,0,0,0,0,0,0,-264000,0,0,0,300000,564000,-264000,-264000
9935,慶豐富          ,183000,447000,-264000,0,0,0,0,0,0,0,0,0,0,0,0,0,-264000
057085,立積統一9B購02  ,0,0,0,0,0,0,0,0,0,-265000,0,0,0,260000,525000,-265000,-265000
058061,貿聯元富9B購01  ,0,0,0,0,0,0,0,0,0,-265000,0,0,0,52000,317000,-265000,-265000
061768,晶技元大9B購02  ,0,0,0,0,0,0,0,0,0,-265000,0,0,0,3000,268000,-265000,-265000
062593,健策統一9B購03  ,0,0,0,0,0,0,0,0,0,-266000,0,0,0,314000,580000,-266000,-266000
08210P,健策元富9B售02  ,0,0,0,0,0,0,0,0,0,-267000,0,0,0,47000,314000,-267000,-267000
060008,華邦電群益9A購01,0,0,0,0,0,0,0,0,0,-268000,0,0,0,303000,571000,-268000,-268000
064015,立積國票01購01  ,0,0,0,0,0,0,0,0,0,-269000,0,0,0,38000,307000,-269000,-269000
063343,美律統一9C購01  ,0,0,0,0,0,0,0,0,0,-270000,0,0,0,0,270000,-270000,-270000
07839P,嘉澤元大9A售04  ,0,0,0,0,0,0,0,0,0,-271000,0,0,0,60000,331000,-271000,-271000
064081,國產中信06購01  ,0,0,0,0,0,0,0,0,0,-272000,0,0,0,86000,358000,-272000,-272000
6670,復盛應用        ,100000,412000,-312000,0,0,0,50000,0,50000,-10000,38000,41000,-3000,0,7000,-7000,-272000
058422,百和麥證99購01  ,0,0,0,10000,282000,-272000,0,0,0,-272000,0,0,0,10000,282000,-272000,-272000
058556,百和永豐99購01  ,0,0,0,0,0,0,0,0,0,-274000,0,0,0,148000,422000,-274000,-274000
063356,台表科元富02購01,0,0,0,0,0,0,0,0,0,-274000,0,0,0,110000,384000,-274000,-274000
6191,精成科          ,223000,499000,-276000,0,0,0,1000,0,1000,0,0,0,0,0,0,0,-275000
059976,道瓊銀元大99購01,0,0,0,0,0,0,0,0,0,-275000,0,0,0,75000,350000,-275000,-275000
062720,南亞科凱基9B購03,0,0,0,0,0,0,0,0,0,-276000,0,0,0,139000,415000,-276000,-276000
064237,奇鋐統一01購01  ,0,0,0,0,0,0,0,0,0,-277000,0,0,0,20000,297000,-277000,-277000
00683L,元大美元指數正2 ,0,0,0,0,0,0,0,0,0,-277000,0,0,0,0,277000,-277000,-277000
061256,亞德客凱基9B購01,0,0,0,0,0,0,0,0,0,-277000,0,0,0,0,277000,-277000,-277000
062086,瑞祺元大9B購01  ,0,0,0,0,0,0,0,0,0,-279000,0,0,0,2000,281000,-279000,-279000
058739,喬山中信99購01  ,0,0,0,0,0,0,0,0,0,-280000,0,0,0,136000,416000,-280000,-280000
063574,茂林元大9B購07  ,0,0,0,0,0,0,0,0,0,-280000,0,0,0,3000,283000,-280000,-280000
05722P,玉晶光國票97售03,0,0,0,0,0,0,0,0,0,-281000,0,0,0,449000,730000,-281000,-281000
053294,聯發科中信9C購01,0,0,0,0,0,0,0,0,0,-282000,0,0,0,55000,337000,-282000,-282000
055976,台積電統一99購03,0,0,0,0,0,0,0,0,0,-282000,0,0,0,0,282000,-282000,-282000
07472P,和碩元大9A售03  ,0,0,0,0,0,0,0,0,0,-283000,0,0,0,1000,284000,-283000,-283000
062821,華擎兆豐9C購01  ,0,0,0,0,0,0,0,0,0,-283000,0,0,0,74000,357000,-283000,-283000
062881,緯創兆豐9C購01  ,0,0,0,0,0,0,0,0,0,-283000,0,0,0,292000,575000,-283000,-283000
064210,台光電凱基03購01,0,0,0,0,0,0,0,0,0,-285000,0,0,0,0,285000,-285000,-285000
062491,矽創永豐9B購01  ,0,0,0,0,0,0,0,0,0,-286000,0,0,0,0,286000,-286000,-286000
061405,亞德客國票9B購01,0,0,0,0,0,0,0,0,0,-286000,0,0,0,89000,375000,-286000,-286000
057436,義隆國票99購02  ,0,0,0,0,0,0,0,0,0,-287000,0,0,0,4000,291000,-287000,-287000
063514,南電麥證9C購01  ,0,0,0,2000,290000,-288000,0,0,0,-288000,0,0,0,2000,290000,-288000,-288000
064068,義隆永豐9C購01  ,0,0,0,0,0,0,0,0,0,-289000,0,0,0,98000,387000,-289000,-289000
055466,台達電凱基97購03,0,0,0,0,0,0,0,0,0,-289000,0,0,0,21000,310000,-289000,-289000
062924,世紀鋼元大9C購04,0,0,0,0,0,0,0,0,0,-290000,0,0,0,112000,402000,-290000,-290000
063208,鈺齊統一9C購01  ,0,0,0,0,0,0,0,0,0,-290000,0,0,0,180000,470000,-290000,-290000
053630,奇鋐兆豐97購01  ,0,0,0,0,0,0,0,0,0,-291000,0,0,0,10000,301000,-291000,-291000
058936,國喬中信99購01  ,0,0,0,0,0,0,0,0,0,-291000,0,0,0,12000,303000,-291000,-291000
062971,英業達元富9B購01,0,0,0,0,0,0,0,0,0,-291000,0,0,0,168000,459000,-291000,-291000
061747,南亞科統一01購01,0,0,0,0,0,0,0,0,0,-292000,0,0,0,20000,312000,-292000,-292000
062165,聯茂國泰01購01  ,0,0,0,0,0,0,0,0,0,-292000,0,0,0,61000,353000,-292000,-292000
063883,超眾元富9C購02  ,0,0,0,0,0,0,0,0,0,-293000,0,0,0,0,293000,-293000,-293000
064245,GIS統一02購02   ,0,0,0,0,0,0,0,0,0,-293000,0,0,0,0,293000,-293000,-293000
063128,智伸科元大9B購01,0,0,0,0,0,0,0,0,0,-293000,0,0,0,18000,311000,-293000,-293000
07652P,臺股指中信9A售07,0,0,0,0,0,0,0,0,0,-295000,0,0,0,110000,405000,-295000,-295000
3038,全台            ,594000,854000,-260000,0,0,0,100000,0,100000,-135000,80000,215000,-135000,0,0,0,-295000
063147,東元元富9B購01  ,0,0,0,0,0,0,0,0,0,-295000,0,0,0,93000,388000,-295000,-295000
055931,冠德群益97購02  ,0,0,0,0,0,0,0,0,0,-297000,0,0,0,115000,412000,-297000,-297000
060031,旭富永豐99購02  ,0,0,0,0,0,0,0,0,0,-297000,0,0,0,34000,331000,-297000,-297000
063220,建準群益9B購01  ,0,0,0,0,0,0,0,0,0,-297000,0,0,0,6000,303000,-297000,-297000
062871,大成鋼兆豐9B購01,0,0,0,0,0,0,0,0,0,-297000,0,0,0,200000,497000,-297000,-297000
063675,亞德客國泰01購01,0,0,0,0,0,0,0,0,0,-299000,0,0,0,413000,712000,-299000,-299000
061951,南電群益9B購01  ,0,0,0,0,0,0,0,0,0,-299000,0,0,0,0,299000,-299000,-299000
07588P,滬深2X國票9C售01,0,0,0,0,0,0,0,0,0,-300000,0,0,0,0,300000,-300000,-300000
07749P,台郡凱基9A售01  ,0,0,0,0,0,0,0,0,0,-300000,0,0,0,0,300000,-300000,-300000
06779P,智邦元大98售12  ,0,0,0,0,0,0,0,0,0,-300000,0,0,0,0,300000,-300000,-300000
05628P,茂林國票97售02  ,0,0,0,0,0,0,0,0,0,-300000,0,0,0,0,300000,-300000,-300000
061053,國巨群益9A購08  ,0,0,0,0,0,0,0,0,0,-300000,0,0,0,0,300000,-300000,-300000
062454,華通群益9C購03  ,0,0,0,0,0,0,0,0,0,-300000,0,0,0,8000,308000,-300000,-300000
062879,美食兆豐9B購01  ,0,0,0,0,0,0,0,0,0,-300000,0,0,0,0,300000,-300000,-300000
064162,貿聯統一02購01  ,0,0,0,0,0,0,0,0,0,-301000,0,0,0,45000,346000,-301000,-301000
061902,百和永豐9B購01  ,0,0,0,0,0,0,0,0,0,-301000,0,0,0,218000,519000,-301000,-301000
064045,南亞科統一9C購04,0,1000,-1000,0,0,0,0,0,0,-301000,0,0,0,43000,344000,-301000,-302000
055896,南電統一97購02  ,0,0,0,0,0,0,0,0,0,-302000,0,0,0,134000,436000,-302000,-302000
057196,茂林台新98購01  ,0,0,0,0,0,0,0,0,0,-302000,0,0,0,20000,322000,-302000,-302000
058559,華新科日盛99購02,0,0,0,0,0,0,0,0,0,-302000,0,0,0,0,302000,-302000,-302000
3605,宏致            ,45000,351000,-306000,0,0,0,0,0,0,0,0,0,0,0,0,0,-306000
08111P,臺股指中信01售06,0,0,0,0,0,0,0,0,0,-307000,0,0,0,10000,317000,-307000,-307000
07366P,國巨康和99售02  ,0,0,0,0,0,0,0,0,0,-308000,0,0,0,132000,440000,-308000,-308000
062233,神隆凱基9B購01  ,0,0,0,0,0,0,0,0,0,-308000,0,0,0,62000,370000,-308000,-308000
060435,鈺齊永豐9A購01  ,0,0,0,0,0,0,0,0,0,-309000,0,0,0,331000,640000,-309000,-309000
07861P,台灣50中信03售08,0,0,0,0,0,0,0,0,0,-310000,0,0,0,0,310000,-310000,-310000
063990,世芯永豐01購01  ,0,0,0,0,0,0,0,0,0,-310000,0,0,0,15000,325000,-310000,-310000
055877,奇鋐元富97購01  ,0,0,0,0,0,0,0,0,0,-310000,0,0,0,122000,432000,-310000,-310000
00635U,元大S&P黃金     ,0,0,0,0,0,0,0,0,0,-310000,0,0,0,190000,500000,-310000,-310000
058771,神達兆豐99購01  ,0,0,0,0,0,0,0,0,0,-310000,0,0,0,0,310000,-310000,-310000
062970,智邦元富9B購01  ,0,0,0,0,0,0,0,0,0,-311000,0,0,0,20000,331000,-311000,-311000
052602,聯電元大97購01  ,0,0,0,0,0,0,0,0,0,-312000,0,0,0,1369000,1681000,-312000,-312000
062649,緯穎富邦9B購03  ,0,0,0,0,0,0,0,0,0,-312000,0,0,0,0,312000,-312000,-312000
061370,晶技國泰9C購01  ,0,0,0,0,0,0,0,0,0,-312000,0,0,0,48000,360000,-312000,-312000
060406,瑞祺國泰9B購01  ,0,0,0,0,0,0,0,0,0,-313000,0,0,0,82000,395000,-313000,-313000
063808,台表科兆豐9C購01,0,0,0,0,0,0,0,0,0,-313000,0,0,0,123000,436000,-313000,-313000
056450,可成凱基98購05  ,0,0,0,0,0,0,0,0,0,-315000,0,0,0,91000,406000,-315000,-315000
064293,勤誠元大9C購01  ,0,0,0,0,0,0,0,0,0,-316000,0,0,0,120000,436000,-316000,-316000
063819,致新群益9C購01  ,0,0,0,0,0,0,0,0,0,-316000,0,0,0,234000,550000,-316000,-316000
063898,旭富群益9C購01  ,0,0,0,0,0,0,0,0,0,-317000,0,0,0,120000,437000,-317000,-317000
5608,四維航          ,372000,689000,-317000,0,0,0,0,0,0,0,0,0,0,0,0,0,-317000
061416,聯茂群益9A購01  ,0,0,0,0,0,0,0,0,0,-317000,0,0,0,85000,402000,-317000,-317000
062575,景碩群益9B購01  ,0,0,0,0,0,0,0,0,0,-317000,0,0,0,20000,337000,-317000,-317000
061206,旺宏元大9A購12  ,0,0,0,0,0,0,0,0,0,-320000,0,0,0,6000,326000,-320000,-320000
064235,美律統一9C購02  ,0,0,0,0,0,0,0,0,0,-321000,0,0,0,0,321000,-321000,-321000
060467,神基元大9A購01  ,0,0,0,0,0,0,0,0,0,-321000,0,0,0,62000,383000,-321000,-321000
062461,智伸科群益9B購01,0,0,0,0,0,0,0,0,0,-321000,0,0,0,71000,392000,-321000,-321000
062869,帆宣中信9B購01  ,0,0,0,0,0,0,0,0,0,-321000,0,0,0,346000,667000,-321000,-321000
060835,亞德客國票9A購01,0,0,0,0,0,0,0,0,0,-322000,0,0,0,15000,337000,-322000,-322000
061822,和潤群益9B購01  ,0,0,0,0,0,0,0,0,0,-322000,0,0,0,486000,808000,-322000,-322000
060437,宏全永豐9A購01  ,0,0,0,0,0,0,0,0,0,-323000,0,0,0,10000,333000,-323000,-323000
064294,和大中信9C購01  ,0,0,0,0,0,0,0,0,0,-324000,0,0,0,0,324000,-324000,-324000
062016,美食永豐9B購01  ,0,0,0,0,0,0,0,0,0,-324000,0,0,0,2000,326000,-324000,-324000
062680,微星統一01購01  ,0,0,0,0,0,0,0,0,0,-324000,0,0,0,324000,648000,-324000,-324000
1474,弘裕            ,274000,600000,-326000,0,0,0,0,0,0,0,0,0,0,0,0,0,-326000
063117,聯茂麥證9B購01  ,0,0,0,0,328000,-328000,0,0,0,-327000,0,0,0,1000,328000,-327000,-327000
063271,中磊兆豐9C購01  ,0,0,0,0,0,0,0,0,0,-327000,0,0,0,242000,569000,-327000,-327000
062060,奇鋐統一9C購01  ,0,0,0,0,0,0,0,0,0,-328000,0,0,0,60000,388000,-328000,-328000
00634R,富邦上証反1     ,47000,0,47000,0,0,0,0,0,0,-376000,0,0,0,2000,378000,-376000,-329000
054827,宏全元大9A購01  ,0,0,0,0,0,0,0,0,0,-331000,0,0,0,0,331000,-331000,-331000
08250P,GIS群益9C售02   ,0,0,0,0,0,0,0,0,0,-332000,0,0,0,0,332000,-332000,-332000
064069,華新科永豐9C購01,0,0,0,0,0,0,0,0,0,-332000,0,0,0,1000,333000,-332000,-332000
054785,建準群益98購01  ,0,0,0,0,0,0,0,0,0,-332000,0,0,0,90000,422000,-332000,-332000
061903,宏全永豐9B購01  ,0,0,0,0,0,0,0,0,0,-332000,0,0,0,0,332000,-332000,-332000
2493,揚博            ,191000,523000,-332000,0,0,0,0,0,0,-1000,3000,4000,-1000,0,0,0,-333000
058104,國巨統一9A購04  ,0,0,0,0,0,0,0,0,0,-334000,0,0,0,0,334000,-334000,-334000
063293,億豐元大9B購01  ,0,0,0,0,0,0,0,0,0,-334000,0,0,0,0,334000,-334000,-334000
056849,瀚宇博元富98購01,0,0,0,0,0,0,0,0,0,-335000,0,0,0,0,335000,-335000,-335000
063831,帆宣國票01購01  ,0,0,0,0,0,0,0,0,0,-335000,0,0,0,13000,348000,-335000,-335000
062618,祥碩元大9B購04  ,0,0,0,0,0,0,0,0,0,-335000,0,0,0,34000,369000,-335000,-335000
3044,健鼎            ,721000,1271000,-550000,0,0,0,269000,45000,224000,-11000,62000,60000,2000,4000,17000,-13000,-337000
058246,帆宣元大99購01  ,0,0,0,0,0,0,0,0,0,-337000,0,0,0,368000,705000,-337000,-337000
063615,瑞祺群益9B購03  ,0,0,0,0,0,0,0,0,0,-337000,0,0,0,110000,447000,-337000,-337000
061792,和大永豐9B購01  ,0,0,0,0,0,0,0,0,0,-337000,0,0,0,85000,422000,-337000,-337000
08272P,鴻海元富9C售02  ,0,0,0,0,0,0,0,0,0,-338000,0,0,0,178000,516000,-338000,-338000
056464,臺股指凱基99購06,0,0,0,0,0,0,0,0,0,-338000,0,0,0,333000,671000,-338000,-338000
060489,世紀鋼群益9A購01,0,0,0,0,0,0,0,0,0,-338000,0,0,0,263000,601000,-338000,-338000
061085,聯茂兆豐9A購01  ,0,0,0,0,0,0,0,0,0,-338000,0,0,0,20000,358000,-338000,-338000
062057,華邦電統一01購01,0,0,0,0,0,0,0,0,0,-340000,0,0,0,790000,1130000,-340000,-340000
2456,奇力新          ,506000,302000,204000,0,0,0,0,532000,-532000,-14000,10000,5000,5000,0,19000,-19000,-342000
062550,啟碁永豐9B購01  ,0,0,0,0,0,0,0,0,0,-342000,0,0,0,15000,357000,-342000,-342000
061865,力山元大9B購01  ,0,0,0,0,0,0,0,0,0,-343000,0,0,0,63000,406000,-343000,-343000
063279,國巨元大9C購05  ,0,0,0,0,0,0,0,0,0,-344000,0,0,0,0,344000,-344000,-344000
060628,和大富邦9B購01  ,0,0,0,0,0,0,0,0,0,-346000,0,0,0,71000,417000,-346000,-346000
060329,鎧勝群益9B購01  ,0,0,0,0,0,0,0,0,0,-346000,0,0,0,347000,693000,-346000,-346000
058312,大毅國泰9B購01  ,0,0,0,0,0,0,0,0,0,-347000,0,0,0,0,347000,-347000,-347000
062504,旭富群益9B購02  ,0,0,0,0,0,0,0,0,0,-348000,0,0,0,155000,503000,-348000,-348000
058049,帆宣元大98購01  ,0,0,0,0,0,0,0,0,0,-349000,0,0,0,111000,460000,-349000,-349000
08031P,臺股指元大9B售38,0,0,0,0,0,0,0,0,0,-350000,0,0,0,0,350000,-350000,-350000
064096,台積電群益9C購07,0,0,0,0,0,0,0,0,0,-350000,0,0,0,30000,380000,-350000,-350000
06701P,臺股指統一99售06,0,0,0,0,0,0,0,0,0,-350000,0,0,0,111000,461000,-350000,-350000
2316,楠梓電          ,122000,502000,-380000,0,0,0,0,0,0,29000,1000,0,1000,28000,0,28000,-351000
063794,亞德客凱基9C購01,0,0,0,0,0,0,0,0,0,-351000,0,0,0,4000,355000,-351000,-351000
063249,祥碩元大9B購06  ,0,0,0,0,0,0,0,0,0,-351000,0,0,0,549000,900000,-351000,-351000
062017,京鼎永豐9B購01  ,0,0,0,0,0,0,0,0,0,-353000,0,0,0,24000,377000,-353000,-353000
07693P,群創元大9B售10  ,0,0,0,0,0,0,0,0,0,-355000,0,0,0,107000,462000,-355000,-355000
060107,旭富元大99購03  ,0,0,0,0,0,0,0,0,0,-355000,0,0,0,31000,386000,-355000,-355000
2208,台船            ,196000,553000,-357000,0,0,0,0,0,0,0,0,0,0,0,0,0,-357000
062408,致新永豐9B購01  ,0,0,0,0,0,0,0,0,0,-358000,0,0,0,0,358000,-358000,-358000
061614,亞德客群益9A購01,0,0,0,0,0,0,0,0,0,-358000,0,0,0,134000,492000,-358000,-358000
060367,緯穎元富9A購02  ,0,0,0,0,0,0,0,0,0,-359000,0,0,0,144000,503000,-359000,-359000
057833,聯發科元富02購06,0,0,0,0,0,0,0,0,0,-359000,0,0,0,3000,362000,-359000,-359000
08279P,南電元富9C售02  ,0,0,0,0,0,0,0,0,0,-360000,0,0,0,40000,400000,-360000,-360000
062003,國巨國泰01購01  ,0,0,0,0,0,0,0,0,0,-360000,0,0,0,150000,510000,-360000,-360000
2404,漢唐            ,125000,428000,-303000,0,0,0,0,0,0,-58000,9000,5000,4000,6000,68000,-62000,-361000
2359,所羅門          ,88000,452000,-364000,0,0,0,0,0,0,2000,2000,0,2000,0,0,0,-362000
061625,聯茂群益9A購02  ,0,0,0,0,0,0,0,0,0,-362000,0,0,0,10000,372000,-362000,-362000
059096,百和元大99購04  ,0,0,0,0,0,0,0,0,0,-363000,0,0,0,71000,434000,-363000,-363000
063360,茂林國泰9C購02  ,0,0,0,0,0,0,0,0,0,-364000,0,0,0,134000,498000,-364000,-364000
063958,瑞祺元大9C購01  ,0,0,0,0,0,0,0,0,0,-365000,0,0,0,20000,385000,-365000,-365000
06929P,鴻海元大99售11  ,0,0,0,0,0,0,0,0,0,-367000,0,0,0,50000,417000,-367000,-367000
064253,貿聯元富9C購01  ,0,0,0,0,0,0,0,0,0,-370000,0,0,0,34000,404000,-370000,-370000
3563,牧德            ,30000,328000,-298000,0,0,0,0,25000,-25000,-47000,3000,35000,-32000,10000,25000,-15000,-370000
3052,夆典            ,360000,731000,-371000,0,0,0,0,0,0,0,0,0,0,0,0,0,-371000
059911,國巨元大99購27  ,0,0,0,0,0,0,0,0,0,-372000,0,0,0,0,372000,-372000,-372000
062591,新日興統一9C購01,0,0,0,0,0,0,0,0,0,-372000,0,0,0,25000,397000,-372000,-372000
055745,臻鼎元富97購01  ,0,0,0,0,0,0,0,0,0,-374000,0,0,0,348000,722000,-374000,-374000
060640,京鼎永豐9A購01  ,0,0,0,0,0,0,0,0,0,-374000,0,0,0,50000,424000,-374000,-374000
07579P,聯茂元大9A售01  ,0,0,0,0,0,0,0,0,0,-375000,0,0,0,82000,457000,-375000,-375000
056129,義隆麥證97購01  ,0,0,0,0,375000,-375000,0,0,0,-375000,0,0,0,0,375000,-375000,-375000
060236,精元元大9C購01  ,0,0,0,0,0,0,0,0,0,-375000,0,0,0,68000,443000,-375000,-375000
1310,台苯            ,137000,500000,-363000,0,0,0,1000,0,1000,-14000,0,0,0,4000,18000,-14000,-376000
057138,亞德客兆豐98購01,0,0,0,0,0,0,0,0,0,-377000,0,0,0,2000,379000,-377000,-377000
6202,盛群            ,51000,414000,-363000,0,0,0,0,0,0,-19000,0,0,0,2000,21000,-19000,-382000
056211,南港國票98購01  ,0,0,0,0,0,0,0,0,0,-382000,0,0,0,308000,690000,-382000,-382000
054842,台達電兆豐98購01,0,0,0,0,0,0,0,0,0,-382000,0,0,0,0,382000,-382000,-382000
062026,華邦電群益9B購01,0,0,0,0,0,0,0,0,0,-382000,0,0,0,17000,399000,-382000,-382000
2002,中鋼            ,6319468,7022278,-702810,0,0,0,3000,19000,-16000,336000,302000,0,302000,34000,0,34000,-382810
056762,亞德客元大98購01,0,0,0,0,0,0,0,0,0,-385000,0,0,0,72000,457000,-385000,-385000
063277,大成鋼元大9B購03,0,0,0,0,0,0,0,0,0,-387000,0,0,0,97000,484000,-387000,-387000
07032P,聯發科統一9C售02,0,0,0,0,0,0,0,0,0,-388000,0,0,0,12000,400000,-388000,-388000
059950,百和永豐99購02  ,0,0,0,0,0,0,0,0,0,-391000,0,0,0,59000,450000,-391000,-391000
050283,T50反1凱基9A購01,0,0,0,0,0,0,0,0,0,-392000,0,0,0,1000,393000,-392000,-392000
052277,台達電凱基97購01,0,0,0,0,0,0,0,0,0,-394000,0,0,0,0,394000,-394000,-394000
058927,勤誠元富99購02  ,0,0,0,0,0,0,0,0,0,-394000,0,0,0,46000,440000,-394000,-394000
06674P,祥碩群益98售02  ,0,0,0,0,0,0,0,0,0,-395000,0,0,0,0,395000,-395000,-395000
5215,科嘉-KY         ,430982,379000,51982,0,0,0,0,413000,-413000,-34000,0,34000,-34000,0,0,0,-395018
058898,台積電元大99購20,0,0,0,0,0,0,0,0,0,-396000,0,0,0,110000,506000,-396000,-396000
2324,仁寶            ,6087395,6170644,-83249,0,0,0,118000,82000,36000,-349000,6000,0,6000,81000,436000,-355000,-396249
063136,智邦統一9B購02  ,0,0,0,0,0,0,0,0,0,-397000,0,0,0,36000,433000,-397000,-397000
060596,元黃金凱基9A購02,0,0,0,0,0,0,0,0,0,-399000,0,0,0,0,399000,-399000,-399000
061427,旭富元大9A購02  ,0,15000,-15000,0,0,0,0,0,0,-384000,0,0,0,251000,635000,-384000,-399000
07486P,上証2X國票9B售02,0,0,0,0,0,0,0,0,0,-400000,0,0,0,0,400000,-400000,-400000
07307P,上証2X凱基9A售02,0,0,0,0,0,0,0,0,0,-400000,0,0,0,0,400000,-400000,-400000
057973,神達富邦9A購01  ,0,0,0,0,0,0,0,0,0,-400000,0,0,0,30000,430000,-400000,-400000
8271,宇瞻            ,190000,574540,-384540,0,0,0,0,0,0,-16000,1000,17000,-16000,0,0,0,-400540
062609,帆宣凱基9B購01  ,0,0,0,0,0,0,0,0,0,-402000,0,0,0,308000,710000,-402000,-402000
062887,台積電群益9C購05,0,0,0,0,0,0,0,0,0,-402000,0,0,0,30000,432000,-402000,-402000
054446,美食兆豐97購01  ,0,0,0,0,0,0,0,0,0,-404000,0,0,0,10000,414000,-404000,-404000
8404,百和興業-KY     ,216000,620000,-404000,0,0,0,0,0,0,0,0,0,0,0,0,0,-404000
063265,瑞祺永豐9B購01  ,0,0,0,0,0,0,0,0,0,-405000,0,0,0,76000,481000,-405000,-405000
057716,神達統一98購01  ,0,0,0,0,0,0,0,0,0,-407000,0,0,0,40000,447000,-407000,-407000
063563,國巨元大9C購07  ,0,0,0,0,0,0,0,0,0,-409000,0,0,0,11000,420000,-409000,-409000
061134,大成鋼統一9C購01,0,0,0,0,0,0,0,0,0,-410000,0,0,0,29000,439000,-410000,-410000
062025,台達電群益9B購01,0,35000,-35000,0,0,0,0,0,0,-375000,0,0,0,85000,460000,-375000,-410000
07162P,臺股指群益99售13,0,0,0,0,0,0,0,0,0,-412000,0,0,0,153000,565000,-412000,-412000
063562,國巨元大9C購06  ,0,0,0,0,0,0,0,0,0,-413000,0,0,0,18000,431000,-413000,-413000
063362,台表科國泰01購03,0,0,0,0,0,0,0,0,0,-415000,0,0,0,2000,417000,-415000,-415000
062687,華擎統一01購02  ,0,0,0,0,0,0,0,0,0,-415000,0,0,0,242000,657000,-415000,-415000
063646,帆宣元大9B購02  ,0,0,0,0,0,0,0,0,0,-416000,0,0,0,36000,452000,-416000,-416000
062351,瑞祺群益9C購01  ,0,0,0,0,0,0,0,0,0,-416000,0,0,0,42000,458000,-416000,-416000
062950,貿聯富邦01購01  ,0,0,0,0,0,0,0,0,0,-418000,0,0,0,105000,523000,-418000,-418000
057840,健策富邦99購01  ,0,0,0,0,0,0,0,0,0,-419000,0,0,0,38000,457000,-419000,-419000
8261,富鼎            ,371000,790000,-419000,0,0,0,0,0,0,0,0,0,0,0,0,0,-419000
063931,牧德統一01購02  ,0,0,0,0,0,0,0,0,0,-420000,0,0,0,50000,470000,-420000,-420000
063578,瑞祺元大9B購03  ,0,0,0,0,0,0,0,0,0,-420000,0,0,0,18000,438000,-420000,-420000
058995,台達電元大99購01,1000,0,1000,0,0,0,0,0,0,-422000,0,0,0,60000,482000,-422000,-421000
064072,康友永豐9C購01  ,0,0,0,0,0,0,0,0,0,-423000,0,0,0,5000,428000,-423000,-423000
061367,瑞祺國票9A購01  ,0,0,0,0,0,0,0,0,0,-424000,0,0,0,62000,486000,-424000,-424000
062292,旭富永豐9B購01  ,0,0,0,0,0,0,0,0,0,-427000,0,0,0,20000,447000,-427000,-427000
063445,金像電統一9B購01,0,0,0,0,0,0,0,0,0,-428000,0,0,0,19000,447000,-428000,-428000
07821P,臺股指國票9A售12,0,0,0,0,0,0,0,0,0,-430000,0,0,0,47000,477000,-430000,-430000
055341,台達電凱基97購02,0,0,0,0,0,0,0,0,0,-431000,0,0,0,40000,471000,-431000,-431000
062882,新日興兆豐9C購01,0,0,0,0,0,0,0,0,0,-431000,0,0,0,97000,528000,-431000,-431000
063592,瑞祺永豐9B購02  ,0,0,0,0,0,0,0,0,0,-433000,0,0,0,0,433000,-433000,-433000
058209,臺股指凱基01購01,0,0,0,0,0,0,0,0,0,-434000,0,0,0,401000,835000,-434000,-434000
064173,國產元富9C購01  ,0,0,0,0,0,0,0,0,0,-435000,0,0,0,187000,622000,-435000,-435000
057490,可成元大98購10  ,0,0,0,0,0,0,0,0,0,-435000,0,0,0,38000,473000,-435000,-435000
062707,致伸元大9B購01  ,0,0,0,0,0,0,0,0,0,-436000,0,0,0,170000,606000,-436000,-436000
062867,東元中信9B購01  ,0,0,0,0,0,0,0,0,0,-439000,0,0,0,27000,466000,-439000,-439000
061796,興勤永豐9B購01  ,0,0,0,0,0,0,0,0,0,-439000,0,0,0,0,439000,-439000,-439000
063582,瑞祺國泰9C購01  ,0,0,0,0,0,0,0,0,0,-440000,0,0,0,25000,465000,-440000,-440000
6196,帆宣            ,1312000,1892000,-580000,0,0,0,0,0,0,135000,0,0,0,195000,60000,135000,-445000
060361,南亞科元富9A購03,0,0,0,0,0,0,0,0,0,-447000,0,0,0,147000,594000,-447000,-447000
062991,台光電群益9B購03,0,0,0,0,0,0,0,0,0,-447000,0,0,0,64000,511000,-447000,-447000
053095,台光電統一98購01,0,0,0,0,0,0,0,0,0,-448000,0,0,0,257000,705000,-448000,-448000
056619,強茂永豐98購01  ,0,0,0,0,0,0,0,0,0,-448000,0,0,0,2000,450000,-448000,-448000
061469,瑞祺群益9A購02  ,0,0,0,0,0,0,0,0,0,-448000,0,0,0,9000,457000,-448000,-448000
063994,台光電群益9C購01,0,0,0,0,0,0,0,0,0,-449000,0,0,0,78000,527000,-449000,-449000
059841,國巨富邦9C購01  ,0,0,0,0,0,0,0,0,0,-450000,0,0,0,133000,583000,-450000,-450000
063434,和潤元富9B購01  ,0,0,0,0,0,0,0,0,0,-450000,0,0,0,415000,865000,-450000,-450000
064180,國巨富邦02購03  ,0,0,0,0,0,0,0,0,0,-451000,0,0,0,82000,533000,-451000,-451000
08189P,超眾群益9B售04  ,0,0,0,0,0,0,0,0,0,-453000,0,0,0,565000,1018000,-453000,-453000
062035,瑞祺群益9B購01  ,0,0,0,0,0,0,0,0,0,-459000,0,0,0,134000,593000,-459000,-459000
07649P,金像電永豐9A售02,0,0,0,0,0,0,0,0,0,-460000,0,0,0,40000,500000,-460000,-460000
07150P,和碩元大99售01  ,0,0,0,0,0,0,0,0,0,-460000,0,0,0,0,460000,-460000,-460000
055966,茂林元大99購01  ,0,0,0,0,0,0,0,0,0,-461000,0,0,0,30000,491000,-461000,-461000
062213,和大統一9B購02  ,0,0,0,0,0,0,0,0,0,-464000,0,0,0,204000,668000,-464000,-464000
061536,華擎統一9C購02  ,0,0,0,0,0,0,0,0,0,-464000,0,0,0,23000,487000,-464000,-464000
063024,祥碩元大9B購05  ,0,0,0,0,0,0,0,0,0,-467000,0,0,0,138000,605000,-467000,-467000
058229,為升元大99購02  ,0,0,0,0,0,0,0,0,0,-468000,0,0,0,493000,961000,-468000,-468000
08101P,超眾群益9B售02  ,0,0,0,0,0,0,0,0,0,-470000,0,0,0,474000,944000,-470000,-470000
057347,國巨統一9A購03  ,0,0,0,0,0,0,0,0,0,-470000,0,0,0,70000,540000,-470000,-470000
063538,神達統一9C購01  ,0,0,0,0,0,0,0,0,0,-470000,0,0,0,126000,596000,-470000,-470000
062131,臺指反群益9B購03,0,0,0,0,0,0,0,0,0,-470000,0,0,0,0,470000,-470000,-470000
064063,健策國泰01購02  ,0,0,0,0,0,0,0,0,0,-471000,0,0,0,356000,827000,-471000,-471000
063205,貿聯統一9C購01  ,0,0,0,0,0,0,0,0,0,-471000,0,0,0,20000,491000,-471000,-471000
058734,康友永豐99購01  ,0,0,0,0,0,0,0,0,0,-474000,0,0,0,0,474000,-474000,-474000
062008,南亞科國泰9C購01,0,0,0,0,0,0,0,0,0,-478000,0,0,0,302000,780000,-478000,-478000
057614,華新科元富99購04,0,0,0,0,0,0,0,0,0,-479000,0,0,0,0,479000,-479000,-479000
08158P,嘉澤元富9B售03  ,0,0,0,0,0,0,0,0,0,-484000,0,0,0,56000,540000,-484000,-484000
063145,台表科統一02購01,0,0,0,0,0,0,0,0,0,-485000,0,0,0,448000,933000,-485000,-485000
058148,百和元大99購01  ,0,0,0,0,0,0,0,0,0,-487000,0,0,0,114000,601000,-487000,-487000
2457,飛宏            ,155000,645000,-490000,0,0,0,0,0,0,0,0,0,0,0,0,0,-490000
3026,禾伸堂          ,211000,235000,-24000,0,0,0,152000,600000,-448000,-22000,0,0,0,8000,30000,-22000,-494000
2340,光磊            ,439000,956000,-517000,0,0,0,0,0,0,23000,42000,10000,32000,0,9000,-9000,-494000
058196,台塑中信99購01  ,0,0,0,0,0,0,0,0,0,-495000,0,0,0,172000,667000,-495000,-495000
063061,華新科元富9B購04,0,0,0,0,0,0,0,0,0,-496000,0,0,0,0,496000,-496000,-496000
062746,致伸永豐9B購01  ,0,0,0,0,0,0,0,0,0,-496000,0,0,0,591000,1087000,-496000,-496000
057446,旺宏元富02購01  ,0,0,0,0,0,0,0,0,0,-498000,0,0,0,1000,499000,-498000,-498000
053564,台積電富邦99購01,0,0,0,0,0,0,0,0,0,-499000,0,0,0,0,499000,-499000,-499000
053919,可成國票97購02  ,0,0,0,0,0,0,0,0,0,-499000,0,0,0,51000,550000,-499000,-499000
061298,華新科富邦01購02,0,0,0,0,0,0,0,0,0,-499000,0,0,0,0,499000,-499000,-499000
057266,TPK兆豐98購02   ,0,0,0,0,0,0,0,0,0,-500000,0,0,0,400000,900000,-500000,-500000
8011,台通            ,319000,821000,-502000,0,0,0,0,0,0,0,0,0,0,0,0,0,-502000
1326,台化            ,2197566,2727640,-530074,0,0,0,21000,5000,16000,12000,20000,0,20000,0,8000,-8000,-502074
2367,燿華            ,1144000,1586000,-442000,0,0,0,1000,0,1000,-62000,0,0,0,38000,100000,-62000,-503000
060376,瑞祺元富9A購01  ,0,0,0,0,0,0,0,0,0,-505000,0,0,0,192000,697000,-505000,-505000
1598,岱宇            ,804000,1246000,-442000,0,0,0,0,0,0,-65000,110000,175000,-65000,0,0,0,-507000
045842,T50反1台新98購01,0,0,0,0,0,0,0,0,0,-507000,0,0,0,0,507000,-507000,-507000
060811,亞德客凱基9A購02,0,0,0,0,0,0,0,0,0,-507000,0,0,0,3000,510000,-507000,-507000
064094,達新群益9C購01  ,0,0,0,0,0,0,0,0,0,-508000,0,0,0,101000,609000,-508000,-508000
062604,東元凱基9B購01  ,0,0,0,0,0,0,0,0,0,-508000,0,0,0,100000,608000,-508000,-508000
061730,旺宏統一01購02  ,0,0,0,0,0,0,0,0,0,-509000,0,0,0,0,509000,-509000,-509000
059581,日月光元富99購02,0,0,0,0,0,0,0,0,0,-510000,0,0,0,115000,625000,-510000,-510000
061024,南電國泰9B購01  ,0,0,0,0,0,0,0,0,0,-511000,0,0,0,154000,665000,-511000,-511000
060632,可成富邦9B購01  ,0,0,0,0,0,0,0,0,0,-511000,0,0,0,23000,534000,-511000,-511000
2353,宏碁            ,2707035,3297750,-590715,0,0,0,0,57000,-57000,132000,5000,60000,-55000,315000,128000,187000,-515715
1227,佳格            ,765000,1300935,-535935,0,0,0,1000,0,1000,9000,9000,0,9000,0,0,0,-525935
063027,台汽電元大9B購01,0,0,0,0,0,0,0,0,0,-526000,0,0,0,81000,607000,-526000,-526000
057937,神達群益98購02  ,0,0,0,0,0,0,0,0,0,-527000,0,0,0,0,527000,-527000,-527000
049973,T50反1日盛9A購01,0,0,0,0,0,0,0,0,0,-530000,0,0,0,0,530000,-530000,-530000
02001R,富邦蘋果反一N   ,0,0,0,0,0,0,0,0,0,-530000,0,0,0,20000,550000,-530000,-530000
057770,亞德客群益98購01,0,0,0,0,0,0,0,0,0,-532000,0,0,0,3000,535000,-532000,-532000
054808,東元元大9A購01  ,0,0,0,0,0,0,0,0,0,-536000,0,0,0,436000,972000,-536000,-536000
057798,貿聯兆豐99購01  ,0,0,0,0,0,0,0,0,0,-536000,0,0,0,74000,610000,-536000,-536000
057149,京鼎國票99購02  ,0,0,0,0,0,0,0,0,0,-540000,0,0,0,194000,734000,-540000,-540000
062386,京鼎國泰9C購01  ,0,0,0,0,0,0,0,0,0,-540000,0,0,0,30000,570000,-540000,-540000
063450,華新科統一02購01,0,0,0,0,0,0,0,0,0,-543000,0,0,0,55000,598000,-543000,-543000
06503P,臺股指中信9A售02,0,0,0,0,0,0,0,0,0,-544000,0,0,0,205000,749000,-544000,-544000
06668P,祥碩凱基98售02  ,0,0,0,0,0,0,0,0,0,-547000,0,0,0,200000,747000,-547000,-547000
062819,奇鋐兆豐9B購01  ,0,0,0,0,0,0,0,0,0,-547000,0,0,0,62000,609000,-547000,-547000
8163,達方            ,169000,738000,-569000,0,0,0,0,0,0,22000,2000,0,2000,35000,15000,20000,-547000
064079,英業達中信9C購01,0,0,0,0,0,0,0,0,0,-548000,0,0,0,5000,553000,-548000,-548000
057971,華新科富邦9B購02,0,0,0,0,0,0,0,0,0,-551000,0,0,0,143000,694000,-551000,-551000
2505,國揚            ,831000,1217000,-386000,0,0,0,0,0,0,-168000,0,0,0,4000,172000,-168000,-554000
056770,國產元大98購02  ,0,0,0,0,0,0,0,0,0,-557000,0,0,0,216000,773000,-557000,-557000
07408P,台積電兆豐99售06,0,0,0,0,0,0,0,0,0,-559000,0,0,0,0,559000,-559000,-559000
2472,立隆電          ,67000,633000,-566000,0,0,0,0,0,0,6000,18000,12000,6000,0,0,0,-560000
061451,南電中信9A購03  ,0,0,0,0,0,0,0,0,0,-565000,0,0,0,46000,611000,-565000,-565000
06742P,可成富邦99售02  ,0,0,0,0,0,0,0,0,0,-566000,0,0,0,40000,606000,-566000,-566000
058149,百和元大99購02  ,0,0,0,0,0,0,0,0,0,-569000,0,0,0,216000,785000,-569000,-569000
063978,美食兆豐9C購01  ,0,0,0,0,0,0,0,0,0,-570000,0,0,0,12000,582000,-570000,-570000
8996,高力            ,683000,702000,-19000,0,0,0,0,329000,-329000,-222000,0,222000,-222000,0,0,0,-570000
00708L,元大S&P黃金正2  ,0,0,0,0,0,0,0,0,0,-577000,0,0,0,1629000,2206000,-577000,-577000
064200,華通兆豐01購01  ,0,0,0,0,0,0,0,0,0,-578000,0,0,0,0,578000,-578000,-578000
2014,中鴻            ,345000,924000,-579000,0,0,0,0,0,0,0,0,0,0,0,0,0,-579000
058328,世紀鋼統一9B購01,0,0,0,0,0,0,0,0,0,-579000,0,0,0,200000,779000,-579000,-579000
063203,華新科統一9C購04,0,0,0,0,0,0,0,0,0,-581000,0,0,0,64000,645000,-581000,-581000
064138,亞德客統一01購02,0,0,0,0,0,0,0,0,0,-583000,0,0,0,163000,746000,-583000,-583000
058251,百和元大99購03  ,0,0,0,0,0,0,0,0,0,-584000,0,0,0,103000,687000,-584000,-584000
064182,臻鼎富邦01購01  ,0,0,0,0,0,0,0,0,0,-588000,0,0,0,11000,599000,-588000,-588000
063093,國產國票9B購01  ,0,0,0,0,0,0,0,0,0,-588000,0,0,0,95000,683000,-588000,-588000
057581,元大金中信9A購01,0,0,0,0,0,0,0,0,0,-589000,0,0,0,331000,920000,-589000,-589000
063923,世芯元富9C購01  ,0,0,0,0,0,0,0,0,0,-590000,0,0,0,14000,604000,-590000,-590000
055579,健策統一9A購01  ,0,0,0,0,0,0,0,0,0,-590000,0,0,0,191000,781000,-590000,-590000
061773,和潤元大9B購01  ,0,0,0,0,0,0,0,0,0,-592000,0,0,0,108000,700000,-592000,-592000
054100,致伸國票97購03  ,0,0,0,0,0,0,0,0,0,-594000,0,0,0,0,594000,-594000,-594000
064047,義隆統一02購01  ,0,0,0,0,0,0,0,0,0,-599000,0,0,0,525000,1124000,-599000,-599000
3532,台勝科          ,598000,367000,231000,0,0,0,0,783000,-783000,-48000,5000,6000,-1000,3000,50000,-47000,-600000
061187,瀚宇博國泰9C購01,0,0,0,0,0,0,0,0,0,-600000,0,0,0,40000,640000,-600000,-600000
058112,神達元富98購01  ,0,0,0,0,0,0,0,0,0,-602000,0,0,0,0,602000,-602000,-602000
062981,祥碩元富9B購01  ,0,0,0,0,0,0,0,0,0,-603000,0,0,0,601000,1204000,-603000,-603000
057475,聯電元大9A購01  ,0,0,0,0,0,0,0,0,0,-607000,0,0,0,127000,734000,-607000,-607000
2363,矽統            ,328000,941000,-613000,0,0,0,0,0,0,1000,1000,0,1000,0,0,0,-612000
057404,貿聯群益99購01  ,0,0,0,0,0,0,0,0,0,-613000,0,0,0,46000,659000,-613000,-613000
4906,正文            ,222000,643000,-421000,0,0,0,0,0,0,-193000,16000,0,16000,0,209000,-209000,-614000
058188,華擎永豐99購01  ,0,0,0,0,0,0,0,0,0,-615000,0,0,0,216000,831000,-615000,-615000
2474,可成            ,1018233,1716018,-697785,0,0,0,62000,1000,61000,19000,115000,70000,45000,10000,36000,-26000,-617785
3673,TPK-KY          ,338000,910000,-572000,0,0,0,0,1000,-1000,-48000,4000,32000,-28000,79000,99000,-20000,-621000
059100,元油2X統一9C購02,0,0,0,0,0,0,0,0,0,-621000,0,0,0,91000,712000,-621000,-621000
061043,百和永豐9A購01  ,0,0,0,0,0,0,0,0,0,-622000,0,0,0,44000,666000,-622000,-622000
2484,希華            ,84000,712000,-628000,0,0,0,0,0,0,0,0,0,0,0,0,0,-628000
061592,義隆永豐9A購03  ,0,0,0,0,0,0,0,0,0,-634000,0,0,0,20000,654000,-634000,-634000
06884P,台郡群益98售03  ,0,0,0,0,0,0,0,0,0,-637000,0,0,0,0,637000,-637000,-637000
058584,百和群益9A購01  ,0,0,0,0,0,0,0,0,0,-638000,0,0,0,151000,789000,-638000,-638000
059140,大立光兆豐9A購02,0,0,0,0,0,0,0,0,0,-639000,0,0,0,72000,711000,-639000,-639000
058327,大毅統一9B購01  ,0,0,0,0,0,0,0,0,0,-649000,0,0,0,234000,883000,-649000,-649000
063902,志超群益9C購01  ,0,0,0,0,0,0,0,0,0,-650000,0,0,0,78000,728000,-650000,-650000
047962,T50反1中信96購02,0,0,0,0,0,0,0,0,0,-650000,0,0,0,0,650000,-650000,-650000
059039,致伸群益99購01  ,0,0,0,0,0,0,0,0,0,-652000,0,0,0,70000,722000,-652000,-652000
06901P,亞德客凱基98售02,0,0,0,0,0,0,0,0,0,-654000,0,0,0,0,654000,-654000,-654000
055973,亞德客統一97購01,0,0,0,0,0,0,0,0,0,-655000,0,0,0,156000,811000,-655000,-655000
064172,義隆元富9C購01  ,0,0,0,0,0,0,0,0,0,-656000,0,0,0,147000,803000,-656000,-656000
058180,華新科國泰9A購01,0,0,0,0,0,0,0,0,0,-656000,0,0,0,66000,722000,-656000,-656000
4142,國光生          ,104000,555000,-451000,0,0,0,0,180000,-180000,-28000,0,2000,-2000,106000,132000,-26000,-659000
060783,亞德客富邦9B購01,0,0,0,0,0,0,0,0,0,-663000,0,0,0,151000,814000,-663000,-663000
051847,香港反中信99購01,0,0,0,0,0,0,0,0,0,-669000,0,0,0,122000,791000,-669000,-669000
061942,亞德客群益9B購01,0,0,0,0,0,0,0,0,0,-670000,0,0,0,22000,692000,-670000,-670000
057804,為升元大98購01  ,0,0,0,0,0,0,0,0,0,-676000,0,0,0,168000,844000,-676000,-676000
1314,中石化          ,2166000,1878000,288000,0,0,0,0,0,0,-975000,16000,95000,-79000,42000,938000,-896000,-687000
060060,台積電兆豐99購05,0,0,0,0,0,0,0,0,0,-689000,0,0,0,115000,804000,-689000,-689000
060195,旭富元富9A購02  ,0,0,0,0,0,0,0,0,0,-692000,0,0,0,3000,695000,-692000,-692000
063358,華擎國泰01購01  ,0,0,0,0,0,0,0,0,0,-693000,0,0,0,99000,792000,-693000,-693000
06507P,台表科國票99售01,0,0,0,0,0,0,0,0,0,-699000,0,0,0,322000,1021000,-699000,-699000
055261,帆宣統一98購01  ,0,0,0,0,0,0,0,0,0,-702000,0,0,0,261000,963000,-702000,-702000
060428,瑞祺永豐9A購01  ,0,0,0,0,0,0,0,0,0,-703000,0,0,0,496000,1199000,-703000,-703000
2104,國際中橡        ,624000,1286000,-662000,0,0,0,0,0,0,-46000,0,21000,-21000,3000,28000,-25000,-708000
062891,台汽電群益9B購01,0,0,0,0,0,0,0,0,0,-714000,0,0,0,121000,835000,-714000,-714000
063361,台表科國泰01購02,0,0,0,0,0,0,0,0,0,-723000,0,0,0,109000,832000,-723000,-723000
053900,T50反1日盛99購01,0,0,0,0,0,0,0,0,0,-727000,0,0,0,0,727000,-727000,-727000
057258,中環兆豐98購01  ,0,0,0,0,0,0,0,0,0,-729000,0,0,0,0,729000,-729000,-729000
3533,嘉澤            ,739000,376000,363000,0,0,0,4000,744567,-740567,-362000,10000,353000,-343000,3000,22000,-19000,-739567
064251,緯創元富9C購01  ,0,0,0,0,0,0,0,0,0,-740000,0,0,0,2000,742000,-740000,-740000
060485,華新科富邦9C購04,0,0,0,0,0,0,0,0,0,-756000,0,0,0,0,756000,-756000,-756000
048383,元金2X國票99購01,0,0,0,0,0,0,0,0,0,-761000,0,0,0,583000,1344000,-761000,-761000
062986,T50反1中信02購01,0,0,0,0,0,0,0,0,0,-761000,0,0,0,0,761000,-761000,-761000
063340,英業達統一9B購01,0,0,0,0,0,0,0,0,0,-768000,0,0,0,2000,770000,-768000,-768000
3010,華立            ,141000,919000,-778000,0,0,0,0,0,0,0,0,0,0,0,0,0,-778000
056677,智伸科元富98購01,0,0,0,0,0,0,0,0,0,-778000,0,0,0,218000,996000,-778000,-778000
062226,臻鼎統一9B購01  ,0,0,0,0,0,0,0,0,0,-779000,0,0,0,1136000,1915000,-779000,-779000
062824,國巨群益9C購03  ,0,0,0,0,0,0,0,0,0,-786000,0,0,0,0,786000,-786000,-786000
3045,台灣大          ,990127,1780000,-789873,0,0,0,1000,2000,-1000,1000,1000,0,1000,0,0,0,-789873
2352,佳世達          ,753000,1604000,-851000,0,0,0,1000,25000,-24000,84000,130000,12000,118000,9000,43000,-34000,-791000
8028,昇陽半導體      ,279000,1051000,-772000,0,0,0,0,0,0,-20000,5000,0,5000,5000,30000,-25000,-792000
058809,國巨統一9B購03  ,0,0,0,0,0,0,0,0,0,-798000,0,0,0,150000,948000,-798000,-798000
6112,聚碩            ,57000,861000,-804000,0,0,0,0,0,0,1000,1000,0,1000,0,0,0,-803000
063977,義隆兆豐9C購01  ,0,0,0,0,0,0,0,0,0,-809000,0,0,0,244000,1053000,-809000,-809000
059875,信邦凱基99購02  ,0,0,0,0,0,0,0,0,0,-810000,0,0,0,0,810000,-810000,-810000
063674,力山國泰01購02  ,0,0,0,0,0,0,0,0,0,-810000,0,0,0,0,810000,-810000,-810000
058408,華通兆豐99購02  ,0,0,0,0,0,0,0,0,0,-816000,0,0,0,65000,881000,-816000,-816000
062978,世芯元富9B購01  ,0,0,0,0,0,0,0,0,0,-819000,0,0,0,230000,1049000,-819000,-819000
058215,貿聯群益99購02  ,0,0,0,0,0,0,0,0,0,-828000,0,0,0,38000,866000,-828000,-828000
057049,新日興元大98購02,0,0,0,0,0,0,0,0,0,-832000,0,0,0,156000,988000,-832000,-832000
061468,神達群益9A購01  ,0,0,0,0,0,0,0,0,0,-838000,0,0,0,36000,874000,-838000,-838000
062730,致伸凱基9B購01  ,15000,0,15000,0,0,0,0,0,0,-854000,0,0,0,178000,1032000,-854000,-839000
08000P,奇鋐凱基9B售03  ,0,0,0,0,0,0,0,0,0,-841000,0,0,0,55000,896000,-841000,-841000
08097P,嘉澤永豐9B售03  ,0,0,0,0,0,0,0,0,0,-843000,0,0,0,0,843000,-843000,-843000
063658,瑞祺元富9B購01  ,0,0,0,0,0,0,0,0,0,-844000,0,0,0,171000,1015000,-844000,-844000
061395,健策統一9C購02  ,0,0,0,0,0,0,0,0,0,-846000,0,0,0,397000,1243000,-846000,-846000
6269,台郡            ,1622000,2571000,-949000,0,0,0,545000,360000,185000,-85000,133000,189000,-56000,8000,37000,-29000,-849000
3443,創意            ,240000,965000,-725000,0,0,0,10000,1000,9000,-140000,10000,38000,-28000,11000,123000,-112000,-856000
07505P,台勝科元大9A售01,30000,0,30000,0,0,0,0,0,0,-887000,0,0,0,307000,1194000,-887000,-857000
063811,亞德客群益9C購01,0,0,0,0,0,0,0,0,0,-862000,0,0,0,31000,893000,-862000,-862000
062062,貿聯統一01購01  ,0,0,0,0,0,0,0,0,0,-868000,0,0,0,156000,1024000,-868000,-868000
00717,富邦美國特別股  ,0,254000,-254000,0,0,0,0,0,0,-622000,0,0,0,386000,1008000,-622000,-876000
058497,新日興群益9B購01,0,0,0,0,0,0,0,0,0,-877000,0,0,0,0,877000,-877000,-877000
2338,光罩            ,456000,1602000,-1146000,0,0,0,1000,0,1000,247000,0,0,0,269000,22000,247000,-898000
061283,智邦統一9A購01  ,0,0,0,0,0,0,0,0,0,-909000,0,0,0,327000,1236000,-909000,-909000
4938,和碩            ,2600377,3852108,-1251731,0,0,0,423000,44000,379000,-47000,17000,20000,-3000,8000,52000,-44000,-919731
2406,國碩            ,128000,1050000,-922000,0,0,0,0,0,0,0,0,0,0,0,0,0,-922000
3702,大聯大          ,1372277,2241822,-869545,0,0,0,0,28960,-28960,-25000,2000,0,2000,0,27000,-27000,-923505
062201,臺指反國票9B購05,0,0,0,0,0,0,0,0,0,-929000,0,0,0,0,929000,-929000,-929000
08060P,嘉澤元大9B售01  ,0,0,0,0,0,0,0,0,0,-930000,0,0,0,0,930000,-930000,-930000
6251,定穎            ,791000,1394000,-603000,0,0,0,1000,229000,-228000,-100000,0,0,0,0,100000,-100000,-931000
063749,聯發科國票9C購04,25000,0,25000,0,0,0,0,0,0,-956000,0,0,0,7000,963000,-956000,-931000
063267,台表科中信01購02,0,0,0,0,0,0,0,0,0,-941000,0,0,0,20000,961000,-941000,-941000
6278,台表科          ,1417000,2432000,-1015000,0,0,0,239000,2000,237000,-164000,60000,284000,-224000,150000,90000,60000,-942000
063656,台光電元富03購01,0,0,0,0,0,0,0,0,0,-943000,0,0,0,368000,1311000,-943000,-943000
061517,瑞祺永豐9A購03  ,0,0,0,0,0,0,0,0,0,-945000,0,0,0,170000,1115000,-945000,-945000
2101,南港            ,735000,1730000,-995000,0,0,0,16000,0,16000,24000,35000,5000,30000,265000,271000,-6000,-955000
064064,義隆富邦03購01  ,0,0,0,0,0,0,0,0,0,-974000,0,0,0,192000,1166000,-974000,-974000
07487P,鴻海國票9A售01  ,0,0,0,0,0,0,0,0,0,-988000,0,0,0,0,988000,-988000,-988000
2823,中壽            ,5052584,5945055,-892471,0,0,0,1000,4000,-3000,-94000,0,4000,-4000,229000,319000,-90000,-989471
052911,友達統一97購02  ,0,0,0,0,0,0,0,0,0,-996000,0,0,0,0,996000,-996000,-996000
055268,和大元大97購01  ,0,0,0,0,0,0,0,0,0,-996000,0,0,0,0,996000,-996000,-996000
064153,中壽統一9C購01  ,0,0,0,0,0,0,0,0,0,-1007000,0,0,0,261000,1268000,-1007000,-1007000
056995,華新科日盛99購01,0,0,0,0,0,0,0,0,0,-1020000,0,0,0,0,1020000,-1020000,-1020000
062416,和大統一01購02  ,0,0,0,0,0,0,0,0,0,-1023000,0,0,0,451000,1474000,-1023000,-1023000
060482,東元富邦9A購01  ,0,0,0,0,0,0,0,0,0,-1030000,0,0,0,0,1030000,-1030000,-1030000
07597P,臺股指中信01售02,0,0,0,0,0,0,0,0,0,-1054000,0,0,0,481000,1535000,-1054000,-1054000
055244,國巨統一98購01  ,0,0,0,0,0,0,0,0,0,-1056000,0,0,0,178000,1234000,-1056000,-1056000
4927,泰鼎-KY         ,332000,87000,245000,0,0,0,0,1223000,-1223000,-79000,0,6000,-6000,8000,81000,-73000,-1057000
2912,統一超          ,1781615,2871366,-1089751,0,0,0,21000,29000,-8000,35000,36000,0,36000,0,1000,-1000,-1062751
2408,南亞科          ,4223125,5447000,-1223875,0,0,0,210000,397000,-187000,346000,304000,138000,166000,253000,73000,180000,-1064875
00653L,富邦印度正2     ,2597000,1470000,1127000,0,0,0,0,0,0,-2205265,0,0,0,2654000,4859265,-2205265,-1078265
053573,臺股指統一99購01,0,0,0,0,0,0,0,0,0,-1092000,0,0,0,55000,1147000,-1092000,-1092000
1760,寶齡富錦        ,1761000,2542000,-781000,0,0,0,0,341000,-341000,8000,8000,0,8000,0,0,0,-1114000
060916,金像電國泰9C購01,0,0,0,0,0,0,0,0,0,-1117000,0,0,0,296000,1413000,-1117000,-1117000
063488,金像電國泰01購01,0,0,0,0,0,0,0,0,0,-1120000,0,0,0,37000,1157000,-1120000,-1120000
6176,瑞儀            ,646000,1963000,-1317000,0,0,0,207000,0,207000,-21000,9000,28000,-19000,9000,11000,-2000,-1131000
2421,建準            ,2110000,1111000,999000,0,0,0,0,2000000,-2000000,-137000,0,171000,-171000,77000,43000,34000,-1138000
058664,百和兆豐99購01  ,0,0,0,0,0,0,0,0,0,-1140000,0,0,0,99000,1239000,-1140000,-1140000
2347,聯強            ,1855000,2650789,-795789,0,0,0,100000,25000,75000,-421000,2000,400000,-398000,0,23000,-23000,-1141789
06656P,GIS元大98售02   ,0,0,0,0,0,0,0,0,0,-1143000,0,0,0,86000,1229000,-1143000,-1143000
00664R,國泰臺灣加權反1 ,0,0,0,0,0,0,0,0,0,-1150000,0,0,0,1071000,2221000,-1150000,-1150000
2332,友訊            ,3576000,2979000,597000,0,0,0,0,0,0,-1764000,101000,146000,-45000,135000,1854000,-1719000,-1167000
2892,第一金          ,7235147,8398262,-1163115,0,0,0,4000,15000,-11000,2000,4000,2000,2000,0,0,0,-1172115
063210,百和統一9C購01  ,0,0,0,0,0,0,0,0,0,-1181000,0,0,0,5000,1186000,-1181000,-1181000
2618,長榮航          ,4303038,5577652,-1274614,0,0,0,0,5000,-5000,92000,120000,28000,92000,57000,57000,0,-1187614
058926,勤誠元富99購01  ,0,0,0,0,0,0,0,0,0,-1194000,0,0,0,88000,1282000,-1194000,-1194000
062598,華通台新9B購02  ,0,0,0,0,0,0,0,0,0,-1198000,0,0,0,244000,1442000,-1198000,-1198000
057199,台達電元富02購01,0,0,0,0,0,0,0,0,0,-1206000,0,0,0,409000,1615000,-1206000,-1206000
6257,矽格            ,283000,1136000,-853000,0,0,0,1000,0,1000,-356000,2000,310000,-308000,0,48000,-48000,-1208000
060671,亞德客元大9A購03,0,0,0,0,0,0,0,0,0,-1245000,0,0,0,127000,1372000,-1245000,-1245000
063071,華新科富邦02購01,0,0,0,0,0,0,0,0,0,-1245000,0,0,0,6000,1251000,-1245000,-1245000
3049,和鑫            ,1153000,2408000,-1255000,0,0,0,2000,0,2000,0,0,0,0,0,0,0,-1253000
2498,宏達電          ,444000,1301000,-857000,0,0,0,0,14000,-14000,-410000,1000,6000,-5000,13000,418000,-405000,-1281000
00671R,富邦NASDAQ反1   ,0,0,0,0,0,0,0,0,0,-1283000,0,0,0,0,1283000,-1283000,-1283000
2834,臺企銀          ,3811991,5108571,-1296580,0,0,0,0,7000,-7000,12000,0,0,0,20000,8000,12000,-1291580
8112,至上            ,190000,1484000,-1294000,0,0,0,1000,0,1000,0,0,0,0,0,0,0,-1293000
053568,智伸科富邦98購01,0,0,0,0,0,0,0,0,0,-1310000,0,0,0,17000,1327000,-1310000,-1310000
063536,美食統一01購01  ,0,0,0,0,0,0,0,0,0,-1328000,0,0,0,26000,1354000,-1328000,-1328000
6239,力成            ,1135016,1771755,-636739,0,0,0,0,611000,-611000,-102000,5000,58000,-53000,21000,70000,-49000,-1349739
058113,百和元富98購01  ,0,0,0,0,0,0,0,0,0,-1363000,0,0,0,180000,1543000,-1363000,-1363000
064161,世芯統一01購02  ,0,0,0,0,0,0,0,0,0,-1368000,0,0,0,309000,1677000,-1368000,-1368000
2548,華固            ,553000,2062000,-1509000,0,0,0,23000,7000,16000,105000,105000,0,105000,0,0,0,-1388000
00676R,富邦臺灣加權反1 ,5000,0,5000,0,0,0,0,0,0,-1427000,0,0,0,282000,1709000,-1427000,-1422000
062890,祥碩群益9B購04  ,0,0,0,0,0,0,0,0,0,-1438000,0,0,0,173000,1611000,-1438000,-1438000
064152,義隆統一02購02  ,0,0,0,0,0,0,0,0,0,-1440000,0,0,0,715000,2155000,-1440000,-1440000
056699,光罩國泰99購01  ,0,0,0,0,0,0,0,0,0,-1473000,0,0,0,31000,1504000,-1473000,-1473000
1216,統一            ,5681852,7050860,-1369008,0,0,0,2000,155000,-153000,26000,4000,4000,0,42000,16000,26000,-1496008
2915,潤泰全          ,314600,1795353,-1480753,0,0,0,0,0,0,-17000,9000,4000,5000,4000,26000,-22000,-1497753
1904,正隆            ,380000,1482000,-1102000,0,0,0,2000,500000,-498000,93000,90000,0,90000,19000,16000,3000,-1507000
08036P,嘉澤群益9B售03  ,0,0,0,0,0,0,0,0,0,-1520000,0,0,0,97000,1617000,-1520000,-1520000
2887,台新金          ,3571571,5423792,-1852221,0,0,0,3000,16000,-13000,299000,22000,20000,2000,399000,102000,297000,-1566221
8150,南茂            ,371000,1561000,-1190000,0,0,0,0,0,0,-473000,0,9000,-9000,175000,639000,-464000,-1663000
060998,華通兆豐9A購01  ,0,0,0,0,0,0,0,0,0,-1707000,0,0,0,37000,1744000,-1707000,-1707000
063336,大成鋼統一9C購02,0,0,0,0,0,0,0,0,0,-1711000,0,0,0,25000,1736000,-1711000,-1711000
2412,中華電          ,2555418,4347814,-1792396,0,0,0,40000,26000,14000,53000,61000,8000,53000,0,0,0,-1725396
063441,台達電統一9C購01,0,0,0,0,0,0,0,0,0,-1767000,0,0,0,276000,2043000,-1767000,-1767000
2886,兆豐金          ,6368229,7818860,-1450631,0,0,0,5000,317000,-312000,-33000,0,0,0,0,33000,-33000,-1795631
063670,美食統一9C購01  ,0,0,0,0,0,0,0,0,0,-1821000,0,0,0,5000,1826000,-1821000,-1821000
00648R,元大S&P500反1   ,0,0,0,0,0,0,0,0,0,-1832000,0,0,0,107000,1939000,-1832000,-1832000
9904,寶成            ,3550935,5597477,-2046542,0,0,0,1000,4000,-3000,130000,142000,4000,138000,6000,14000,-8000,-1919542
2801,彰銀            ,2163573,4073755,-1910182,0,0,0,4000,9000,-5000,-25000,0,0,0,5000,30000,-25000,-1940182
2103,台橡            ,211000,2227000,-2016000,0,0,0,0,0,0,0,0,0,0,0,0,0,-2016000
063724,亞德客元大9B購03,0,0,0,0,0,0,0,0,0,-2052000,0,0,0,77000,2129000,-2052000,-2052000
064140,台達電統一01購01,0,0,0,0,0,0,0,0,0,-2385000,0,0,0,163000,2548000,-2385000,-2385000
2606,裕民            ,367000,2871000,-2504000,0,0,0,0,1000,-1000,0,0,0,0,0,0,0,-2505000
2345,智邦            ,3479159,6250180,-2771021,0,0,0,179000,121000,58000,167000,192000,165000,27000,202000,62000,140000,-2546021
3014,聯陽            ,462100,2747000,-2284900,0,0,0,1000,0,1000,-294000,1000,65000,-64000,13000,243000,-230000,-2577900
4935,茂林-KY         ,442000,361088,80912,0,0,0,0,2248000,-2248000,-484000,0,499000,-499000,24000,9000,15000,-2651088
1605,華新            ,1814000,4267000,-2453000,0,0,0,0,0,0,-270000,38000,48000,-10000,2000,262000,-260000,-2723000
2376,技嘉            ,1710000,4614000,-2904000,0,0,0,276000,9000,267000,-129000,66000,178000,-112000,25000,42000,-17000,-2766000
3711,日月光投控      ,5151805,7288753,-2136948,0,0,0,277000,1344000,-1067000,-5000,162000,166000,-4000,22000,23000,-1000,-3208948
1102,亞泥            ,3954334,6633393,-2679059,0,0,0,180000,4000,176000,-754000,0,684000,-684000,70000,140000,-70000,-3257059
2884,玉山金          ,14305664,17470524,-3164860,0,0,0,3000,109000,-106000,-6000,0,0,0,11000,17000,-6000,-3276860
1101,台泥            ,3580046,6129148,-2549102,0,0,0,2000,669000,-667000,-163000,0,150000,-150000,53000,66000,-13000,-3379102
3037,欣興            ,5824000,8197000,-2373000,0,0,0,50000,1090000,-1040000,-180000,119000,278000,-159000,174000,195000,-21000,-3593000
00669R,國泰美國道瓊反1 ,0,300000,-300000,0,0,0,0,0,0,-3348000,0,0,0,2108000,5456000,-3348000,-3648000
2449,京元電子        ,2596000,6002000,-3406000,0,0,0,1000,116000,-115000,-360000,159000,40000,119000,27000,506000,-479000,-3881000
3017,奇鋐            ,2279000,6972000,-4693000,0,0,0,165000,0,165000,303000,51000,0,51000,342000,90000,252000,-4225000
058807,和大統一9B購01  ,0,0,0,0,0,0,0,0,0,-4671000,0,0,0,299000,4970000,-4671000,-4671000
00712,FH富時不動產    ,76000,716000,-640000,0,0,0,0,0,0,-4120000,0,0,0,181000,4301000,-4120000,-4760000
2368,金像電          ,6382000,7020444,-638444,0,0,0,0,3901000,-3901000,-649000,515000,1487000,-972000,396000,73000,323000,-5188444
2337,旺宏            ,2793000,11902000,-9109000,0,0,0,0,944000,-944000,-26000,240000,150000,90000,101000,217000,-116000,-10079000
2890,永豐金          ,7020625,22243573,-15222948,0,0,0,1500000,16000,1484000,556000,506000,4000,502000,56000,2000,54000,-13182948
00632R,元大台灣50反1   ,7396000,600000,6796000,0,0,0,0,0,0,-41666000,462000,1255000,-793000,1388000,42261000,-40873000,-34870000
