證券代號,證券名稱,外陸資買進股數(不含外資自營商),外陸資賣出股數(不含外資自營商),外陸資買賣超股數(不含外資自營商),外資自營商買進股數,外資自營商賣出股數,外資自營商買賣超股數,投信買進股數,投信賣出股數,投信買賣超股數,自營商買賣超股數,自營商買進股數(自行買賣),自營商賣出股數(自行買賣),自營商買賣超股數(自行買賣),自營商買進股數(避險),自營商賣出股數(避險),自營商買賣超股數(避險),三大法人買賣超股數
00677U,富邦VIX         ,38026000,17834000,20192000,0,0,0,0,0,0,72911000,16550000,0,16550000,57370000,1009000,56361000,93103000
3481,群創            ,65793688,27230000,38563688,0,0,0,2555000,0,2555000,1413000,2724000,779000,1945000,5508000,6040000,-532000,42531688
2317,鴻海            ,46606714,9189159,37417555,0,0,0,286000,4000,282000,3953000,172000,321000,-149000,4455000,353000,4102000,41652555
00673R,元大S&P原油反1  ,0,5287000,-5287000,0,0,0,0,0,0,20783000,0,0,0,20804000,21000,20783000,15496000
2409,友達            ,22650147,8475000,14175147,0,0,0,10000,0,10000,2000,370000,337000,33000,107000,138000,-31000,14187147
2890,永豐金          ,11527659,2118000,9409659,0,0,0,11000,0,11000,1677000,1600000,4000,1596000,103000,22000,81000,11097659
2834,臺企銀          ,12919726,4382804,8536922,0,0,0,7000,3000,4000,-23000,0,3000,-3000,0,20000,-20000,8517922
2504,國產            ,8831000,3082000,5749000,0,0,0,2680000,124495,2555505,97000,120000,23000,97000,0,0,0,8401505
2881,富邦金          ,9355393,2088000,7267393,0,0,0,16000,52000,-36000,135000,56000,8000,48000,107000,20000,87000,7366393
2887,台新金          ,9598890,2934793,6664097,0,0,0,11000,9000,2000,488000,398000,9000,389000,99000,0,99000,7154097
2353,宏碁            ,10061365,3294304,6767061,0,0,0,43000,0,43000,-98000,0,44000,-44000,126000,180000,-54000,6712061
3231,緯創            ,11379599,3411000,7968599,0,0,0,3000,1327000,-1324000,-153000,8000,15000,-7000,335000,481000,-146000,6491599
2448,晶電            ,6726000,190000,6536000,0,0,0,0,250000,-250000,-60000,236000,256000,-20000,0,40000,-40000,6226000
2882,國泰金          ,7747969,1803976,5943993,0,0,0,13000,9000,4000,13000,1000,0,1000,87000,75000,12000,5960993
052314,鴻海元大96購11  ,0,0,0,0,0,0,0,0,0,5412000,0,0,0,6614000,1202000,5412000,5412000
2884,玉山金          ,14704965,9720593,4984372,0,0,0,22000,299000,-277000,146000,14000,23000,-9000,217000,62000,155000,4853372
2892,第一金          ,5389776,1781380,3608396,0,0,0,12000,0,12000,701000,610000,5000,605000,96000,0,96000,4321396
2886,兆豐金          ,7209692,3831000,3378692,0,0,0,21000,0,21000,797000,704000,6000,698000,223000,124000,99000,4196692
5876,上海商銀        ,5126794,822672,4304122,0,0,0,0,6000,-6000,-225000,30000,0,30000,93000,348000,-255000,4073122
2368,金像電          ,7292000,1024000,6268000,0,0,0,0,2144000,-2144000,-132000,220000,352000,-132000,0,0,0,3992000
00632R,元大台灣50反1   ,0,100000,-100000,0,0,0,0,0,0,4011000,1933000,500000,1433000,4017000,1439000,2578000,3911000
2885,元大金          ,6069046,2540000,3529046,0,0,0,43000,12000,31000,-22780,0,212000,-212000,190000,780,189220,3537266
4927,泰鼎-KY         ,2518000,408000,2110000,0,0,0,1670172,0,1670172,-279000,139000,104000,35000,232000,546000,-314000,3501172
00861,元大全球未來通訊,1000,5000,-4000,0,0,0,0,0,0,2922000,0,0,0,3056000,134000,2922000,2918000
044641,上証2X國票93購02,0,0,0,0,0,0,0,0,0,2849000,0,0,0,2850000,1000,2849000,2849000
2324,仁寶            ,4377458,1583000,2794458,0,0,0,4000,0,4000,49000,0,79000,-79000,213000,85000,128000,2847458
6116,彩晶            ,4461000,2047000,2414000,0,0,0,0,0,0,400000,0,0,0,417000,17000,400000,2814000
2376,技嘉            ,2819000,591791,2227209,0,0,0,521000,1000,520000,55000,50000,42000,8000,133000,86000,47000,2802209
05775P,台積電國泰98售02,0,0,0,0,0,0,0,0,0,2785000,0,0,0,2814000,29000,2785000,2785000
2880,華南金          ,3512001,887273,2624728,0,0,0,18000,0,18000,83000,1000,7000,-6000,89000,0,89000,2725728
5880,合庫金          ,3385581,984000,2401581,0,0,0,13000,6000,7000,285000,200000,7000,193000,92000,0,92000,2693581
2891,中信金          ,7531650,5337529,2194121,0,0,0,80000,68000,12000,265000,213000,18000,195000,420000,350000,70000,2471121
043344,可成富邦93購01  ,0,0,0,0,0,0,0,0,0,2470000,0,0,0,2470000,0,2470000,2470000
2308,台達電          ,5103821,2512000,2591821,0,0,0,2000,12000,-10000,-121000,18000,84000,-66000,25000,80000,-55000,2460821
03650C,T50反1元大98牛05,0,0,0,0,0,0,0,0,0,2460000,0,0,0,2460000,0,2460000,2460000
2345,智邦            ,3179502,1175660,2003842,0,0,0,78459,2000,76459,279000,177000,46000,131000,238000,90000,148000,2359301
3545,敦泰            ,2765000,456122,2308878,0,0,0,0,0,0,-5000,1000,6000,-5000,0,0,0,2303878
046173,聯發科永豐92購01,0,0,0,0,0,0,0,0,0,2250000,0,0,0,2766000,516000,2250000,2250000
052018,京鼎永豐95購02  ,0,0,0,0,0,0,0,0,0,2181000,0,0,0,2317000,136000,2181000,2181000
3036,文曄            ,3149000,719000,2430000,0,0,0,4000,0,4000,-320000,0,58000,-58000,0,262000,-262000,2114000
046754,技嘉凱基93購05  ,0,0,0,0,0,0,0,0,0,2090000,0,0,0,2090000,0,2090000,2090000
6213,聯茂            ,1542137,489000,1053137,0,0,0,407000,23177,383823,543000,598000,241000,357000,292000,106000,186000,1979960
050743,京鼎永豐94購02  ,0,0,0,0,0,0,0,0,0,1970000,0,0,0,2201000,231000,1970000,1970000
2002,中鋼            ,3608944,1847000,1761944,0,0,0,15000,9000,6000,194000,103000,30000,73000,121000,0,121000,1961944
3706,神達            ,2146000,430000,1716000,0,0,0,2000,0,2000,240000,100000,176000,-76000,316000,0,316000,1958000
047586,聯發科永豐94購01,0,0,0,0,0,0,0,0,0,1872000,0,0,0,3827000,1955000,1872000,1872000
045134,嘉晶國票92購01  ,0,0,0,0,0,0,0,0,0,1767000,0,0,0,1767000,0,1767000,1767000
044291,群創凱基93購06  ,0,0,0,0,0,0,0,0,0,1735000,0,0,0,2988000,1253000,1735000,1735000
3049,和鑫            ,1696000,453000,1243000,0,0,0,571000,50000,521000,-85000,0,5000,-5000,24000,104000,-80000,1679000
051107,鴻海統一95購05  ,0,0,0,0,0,0,0,0,0,1619000,0,0,0,2479000,860000,1619000,1619000
051103,緯穎元大96購03  ,0,0,0,0,0,0,0,0,0,1572000,0,0,0,1667000,95000,1572000,1572000
1504,東元            ,1970000,423000,1547000,0,0,0,4000,0,4000,15000,18000,19000,-1000,26000,10000,16000,1566000
051405,世芯永豐95購01  ,0,0,0,0,0,0,0,0,0,1536000,0,0,0,1833000,297000,1536000,1536000
2371,大同            ,2576743,1043000,1533743,0,0,0,0,0,0,-2000,4000,6000,-2000,0,0,0,1531743
041409,創意中信93購01  ,0,0,0,0,0,0,0,0,0,1531000,0,0,0,1531000,0,1531000,1531000
2049,上銀            ,1850631,311000,1539631,0,0,0,43728,1000,42728,-56000,23000,45000,-22000,46000,80000,-34000,1526359
047470,聯發科中信94購03,0,0,0,0,0,0,0,0,0,1488000,0,0,0,1654000,166000,1488000,1488000
05638P,國巨統一96售04  ,0,0,0,0,0,0,0,0,0,1463000,0,0,0,2004000,541000,1463000,1463000
6251,定穎            ,1175000,292000,883000,0,0,0,136000,0,136000,354000,358000,4000,354000,0,0,0,1373000
055191,牧德元富97購01  ,0,0,0,0,0,0,0,0,0,1352000,0,0,0,1359000,7000,1352000,1352000
051133,台積電永豐95購02,0,0,0,0,0,0,0,0,0,1299000,0,0,0,3550000,2251000,1299000,1299000
052849,可成統一97購01  ,0,0,0,0,0,0,0,0,0,1294000,0,0,0,1454000,160000,1294000,1294000
2867,三商壽          ,2185000,889000,1296000,0,0,0,0,0,0,-4000,0,4000,-4000,0,0,0,1292000
044615,聯茂兆豐93購01  ,0,0,0,0,0,0,0,0,0,1252000,0,0,0,1542000,290000,1252000,1252000
06181P,國巨中信97售02  ,0,0,0,0,0,0,0,0,0,1248000,0,0,0,1249000,1000,1248000,1248000
051600,新日興兆豐96購02,0,0,0,0,0,0,0,0,0,1248000,0,0,0,1381000,133000,1248000,1248000
050713,矽格麥證94購01  ,0,0,0,1225000,0,1225000,0,0,0,1225000,0,0,0,1225000,0,1225000,1225000
2387,精元            ,1411000,451884,959116,0,0,0,300000,0,300000,-57000,0,5000,-5000,19000,71000,-52000,1202116
044606,鈺齊國泰92購01  ,0,0,0,0,0,0,0,0,0,1181000,0,0,0,1181000,0,1181000,1181000
052103,台積電兆豐95購06,0,0,0,0,0,0,0,0,0,1141000,0,0,0,2273000,1132000,1141000,1141000
00636,國泰中國A50     ,62000,11000,51000,0,0,0,0,0,0,1089000,0,20000,-20000,1639000,530000,1109000,1140000
052532,台積電國泰96購07,0,0,0,0,0,0,0,0,0,1110000,0,0,0,1293000,183000,1110000,1110000
2301,光寶科          ,2667920,1581000,1086920,0,0,0,1000,0,1000,20000,0,27000,-27000,107000,60000,47000,1107920
1514,亞力            ,1229000,123000,1106000,0,0,0,0,0,0,0,0,0,0,0,0,0,1106000
2823,中壽            ,3656599,2557813,1098786,0,0,0,5000,1000,4000,-19000,0,5000,-5000,28000,42000,-14000,1083786
2478,大毅            ,1831000,605000,1226000,0,0,0,0,18000,-18000,-163000,130000,30000,100000,36000,299000,-263000,1045000
038944,上海銀國泰92購01,0,0,0,0,0,0,0,0,0,1041000,0,0,0,1041000,0,1041000,1041000
3711,日月光投控      ,6276141,5006000,1270141,0,0,0,37000,320000,-283000,32000,33000,10000,23000,34000,25000,9000,1019141
2201,裕隆            ,1236000,185000,1051000,0,0,0,0,0,0,-35000,0,28000,-28000,1000,8000,-7000,1016000
03174P,台積電國票01售12,0,0,0,0,0,0,0,0,0,984000,0,0,0,984000,0,984000,984000
039828,鴻海統一91購01  ,998000,0,998000,0,0,0,0,0,0,-39000,0,0,0,959000,998000,-39000,959000
048271,可成富邦95購02  ,0,0,0,0,0,0,0,0,0,955000,0,0,0,960000,5000,955000,955000
055001,京鼎元富97購01  ,0,0,0,0,0,0,0,0,0,954000,0,0,0,1245000,291000,954000,954000
05241P,鴻海國泰97售04  ,0,0,0,0,0,0,0,0,0,936000,0,0,0,1001000,65000,936000,936000
03199P,台積電統一01售16,0,0,0,0,0,0,0,0,0,929000,0,0,0,1112000,183000,929000,929000
2312,金寶            ,1576000,572000,1004000,0,0,0,0,243028,-243028,161000,0,71000,-71000,271000,39000,232000,921972
2347,聯強            ,1939094,1102000,837094,0,0,0,0,67000,-67000,125000,30000,10000,20000,105000,0,105000,895094
050763,楠梓電元大94購03,0,0,0,0,0,0,0,0,0,894000,0,0,0,905000,11000,894000,894000
05090P,國巨元大95售05  ,0,0,0,0,0,0,0,0,0,889000,0,0,0,1004000,115000,889000,889000
1904,正隆            ,995000,59000,936000,0,0,0,65000,0,65000,-122000,0,122000,-122000,0,0,0,879000
2323,中環            ,1730000,890000,840000,0,0,0,0,0,0,33000,0,8000,-8000,99000,58000,41000,873000
042566,新光金凱基91購02,0,0,0,0,0,0,0,0,0,868000,0,0,0,868000,0,868000,868000
048940,晶相光永豐94購01,0,0,0,0,0,0,0,0,0,858000,0,0,0,888000,30000,858000,858000
6214,精誠            ,990000,181000,809000,0,0,0,2000,0,2000,16000,17000,1000,16000,0,0,0,827000
052319,可成元大95購12  ,0,0,0,0,0,0,0,0,0,819000,0,0,0,966000,147000,819000,819000
6282,康舒            ,1057000,205000,852000,0,0,0,52000,0,52000,-87000,0,23000,-23000,0,64000,-64000,817000
04773P,金融類元大94售01,0,0,0,0,0,0,0,0,0,801000,0,0,0,801000,0,801000,801000
08163P,T50正2中信95售01,0,0,0,0,0,0,0,0,0,800000,0,0,0,800000,0,800000,800000
042194,揚明光富邦93購01,0,0,0,0,0,0,0,0,0,800000,0,0,0,800000,0,800000,800000
050641,上証反凱基96購01,0,0,0,0,0,0,0,0,0,800000,0,0,0,800000,0,800000,800000
051144,鴻海凱基95購12  ,0,0,0,0,0,0,0,0,0,783000,0,0,0,1214000,431000,783000,783000
055140,晶相光永豐97購01,0,0,0,0,0,0,0,0,0,782000,0,0,0,812000,30000,782000,782000
055375,京鼎元大97購03  ,0,0,0,0,0,0,0,0,0,780000,0,0,0,884000,104000,780000,780000
052594,友訊群益98購01  ,0,0,0,0,0,0,0,0,0,768000,0,0,0,916000,148000,768000,768000
053255,貿聯國泰97購01  ,0,0,0,0,0,0,0,0,0,768000,0,0,0,782000,14000,768000,768000
00639,富邦深100       ,1147000,0,1147000,0,0,0,0,0,0,-380000,0,0,0,675000,1055000,-380000,767000
044751,鴻海凱基93購08  ,0,0,0,0,0,0,0,0,0,765000,0,0,0,1380000,615000,765000,765000
051114,鈺齊中信95購01  ,0,0,0,0,0,0,0,0,0,763000,0,0,0,763000,0,763000,763000
048045,上銀永豐93購02  ,0,0,0,0,0,0,0,0,0,762000,0,0,0,796000,34000,762000,762000
049026,晶相光群益94購01,0,0,0,0,0,0,0,0,0,761000,0,0,0,975000,214000,761000,761000
2332,友訊            ,800000,87000,713000,0,0,0,0,0,0,48000,136000,0,136000,323000,411000,-88000,761000
049114,玉晶光統一94購02,0,20000,-20000,0,0,0,0,0,0,772000,0,0,0,896000,124000,772000,752000
2313,華通            ,3317000,2415000,902000,0,0,0,100000,19000,81000,-238000,271000,307000,-36000,90000,292000,-202000,745000
052533,聯發科國泰96購03,0,0,0,0,0,0,0,0,0,744000,0,0,0,821000,77000,744000,744000
3189,景碩            ,817000,202000,615000,0,0,0,0,0,0,128000,6000,2000,4000,141000,17000,124000,743000
046737,鴻海群益93購04  ,0,0,0,0,0,0,0,0,0,741000,0,0,0,880000,139000,741000,741000
050456,聯茂元大94購09  ,0,0,0,0,0,0,0,0,0,729000,0,0,0,787000,58000,729000,729000
03543P,台泥中信02售01  ,0,0,0,0,0,0,0,0,0,720000,0,0,0,750000,30000,720000,720000
049609,全新兆豐95購01  ,0,0,0,0,0,0,0,0,0,719000,0,0,0,752000,33000,719000,719000
054997,文曄元富97購01  ,0,0,0,0,0,0,0,0,0,715000,0,0,0,718000,3000,715000,715000
045005,上銀元大92購05  ,0,0,0,0,0,0,0,0,0,714000,0,0,0,740000,26000,714000,714000
3702,大聯大          ,849977,269000,580977,0,0,0,6000,0,6000,122000,40000,38000,2000,120000,0,120000,708977
055663,崇越中信97購01  ,0,0,0,0,0,0,0,0,0,708000,0,0,0,708000,0,708000,708000
055336,茂林兆豐98購01  ,0,0,0,0,0,0,0,0,0,705000,0,0,0,763000,58000,705000,705000
048628,T50反1元大96購03,0,0,0,0,0,0,0,0,0,704000,0,0,0,704000,0,704000,704000
045166,深100富邦92購01 ,0,0,0,0,0,0,0,0,0,700000,0,0,0,700000,0,700000,700000
039910,嘉聯益富邦91購01,0,0,0,0,0,0,0,0,0,700000,0,0,0,700000,0,700000,700000
043457,鴻海元大93購01  ,0,0,0,0,0,0,0,0,0,696000,0,0,0,859000,163000,696000,696000
053594,京鼎元大96購02  ,0,0,0,0,0,0,0,0,0,696000,0,0,0,925000,229000,696000,696000
050685,緯穎元富94購02  ,0,0,0,0,0,0,0,0,0,695000,0,0,0,760000,65000,695000,695000
044201,群創國票95購01  ,0,0,0,0,0,0,0,0,0,693000,0,0,0,1341000,648000,693000,693000
049018,光罩群益94購01  ,0,0,0,0,0,0,0,0,0,693000,0,0,0,718000,25000,693000,693000
043270,康控國泰92購01  ,0,0,0,0,0,0,0,0,0,689000,0,0,0,689000,0,689000,689000
049214,台達電國票95購01,0,0,0,0,0,0,0,0,0,689000,0,0,0,689000,0,689000,689000
048157,美律兆豐93購01  ,0,0,0,0,0,0,0,0,0,688000,0,0,0,688000,0,688000,688000
041900,元油2X富邦96購01,0,0,0,0,0,0,0,0,0,686000,0,0,0,826000,140000,686000,686000
048259,新日興統一93購01,0,0,0,0,0,0,0,0,0,686000,0,0,0,690000,4000,686000,686000
05034P,台積電元大95售08,0,0,0,0,0,0,0,0,0,677000,0,0,0,687000,10000,677000,677000
054432,台積電台新96購05,0,0,0,0,0,0,0,0,0,667000,0,0,0,683000,16000,667000,667000
047690,美律富邦97購01  ,0,0,0,0,0,0,0,0,0,660000,0,0,0,675000,15000,660000,660000
051943,台積電麥證95購03,0,0,0,660000,0,660000,0,0,0,660000,0,0,0,660000,0,660000,660000
3037,欣興            ,4416000,3518000,898000,0,0,0,778000,1110000,-332000,89000,407000,555000,-148000,354000,117000,237000,655000
042796,永冠元大93購01  ,0,0,0,0,0,0,0,0,0,653000,0,0,0,653000,0,653000,653000
051918,聯茂元大95購01  ,0,0,0,0,0,0,0,0,0,653000,0,0,0,871000,218000,653000,653000
04742P,瑞昱統一94售01  ,0,0,0,0,0,0,0,0,0,649000,0,0,0,667000,18000,649000,649000
055379,牧德元大97購03  ,0,0,0,0,0,0,0,0,0,640000,0,0,0,1051000,411000,640000,640000
051944,智邦統一95購02  ,0,0,0,0,0,0,0,0,0,631000,0,0,0,779000,148000,631000,631000
00638R,元大滬深300反1  ,610000,0,610000,0,0,0,0,0,0,19000,0,0,0,28000,9000,19000,629000
055176,大毅統一98購02  ,0,0,0,0,0,0,0,0,0,625000,0,0,0,707000,82000,625000,625000
053476,冠德元大96購03  ,0,0,0,0,0,0,0,0,0,623000,0,0,0,685000,62000,623000,623000
054387,台積電統一98購02,0,0,0,0,0,0,0,0,0,621000,0,0,0,848000,227000,621000,621000
00643,群益深証中小    ,609000,0,609000,0,0,0,0,0,0,12000,0,0,0,493000,481000,12000,621000
05984P,台積電統一98售01,0,0,0,0,0,0,0,0,0,616000,0,0,0,616000,0,616000,616000
052453,崇越元大95購01  ,0,0,0,0,0,0,0,0,0,612000,0,0,0,769000,157000,612000,612000
2542,興富發          ,890268,232000,658268,0,0,0,0,0,0,-47000,1000,48000,-47000,0,0,0,611268
08469P,富邦金凱基9C售01,0,0,0,0,0,0,0,0,0,610000,0,0,0,610000,0,610000,610000
054050,創意元大96購06  ,0,0,0,0,0,0,0,0,0,605000,0,0,0,776000,171000,605000,605000
046134,致新國泰93購02  ,0,0,0,0,0,0,0,0,0,603000,0,0,0,603000,0,603000,603000
8112,至上            ,644000,93000,551000,0,0,0,57000,0,57000,-6000,0,1000,-1000,0,5000,-5000,602000
048016,啟碁國票94購01  ,0,0,0,0,0,0,0,0,0,601000,0,0,0,601000,0,601000,601000
050736,台積電康和94購01,0,0,0,0,0,0,0,0,0,599000,0,0,0,599000,0,599000,599000
06069P,台積電永豐97售01,0,0,0,0,0,0,0,0,0,596000,0,0,0,596000,0,596000,596000
054577,世芯元大98購01  ,0,0,0,0,0,0,0,0,0,594000,0,0,0,681000,87000,594000,594000
050859,訊芯康和95購01  ,0,0,0,0,0,0,0,0,0,594000,0,0,0,594000,0,594000,594000
047285,鴻海統一95購02  ,0,0,0,0,0,0,0,0,0,589000,0,0,0,663000,74000,589000,589000
049824,鴻海凱基94購18  ,0,0,0,0,0,0,0,0,0,584000,0,0,0,612000,28000,584000,584000
053029,國巨第一96購01  ,0,0,0,0,0,0,0,0,0,584000,0,0,0,1038000,454000,584000,584000
042541,嘉晶富邦91購01  ,0,0,0,0,0,0,0,0,0,581000,0,0,0,581000,0,581000,581000
051506,台積電元富95購06,0,0,0,0,0,0,0,0,0,575000,0,0,0,831000,256000,575000,575000
053996,晶相光群益97購01,0,0,0,0,0,0,0,0,0,574000,0,0,0,717000,143000,574000,574000
05826P,臺股指凱基96售23,0,0,0,0,0,0,0,0,0,574000,0,0,0,640000,66000,574000,574000
040498,滬深2X國票92購01,50000,0,50000,0,0,0,0,0,0,524000,0,0,0,524000,0,524000,574000
052670,茂林群益96購02  ,0,0,0,0,0,0,0,0,0,573000,0,0,0,677000,104000,573000,573000
045142,聯茂兆豐93購02  ,0,0,0,0,0,0,0,0,0,567000,0,0,0,568000,1000,567000,567000
2107,厚生            ,373000,22000,351000,0,0,0,213000,0,213000,-1000,0,1000,-1000,0,0,0,563000
03763P,聯發科元富96售01,0,0,0,0,0,0,0,0,0,560000,0,0,0,600000,40000,560000,560000
053918,美律國票97購01  ,0,0,0,0,0,0,0,0,0,558000,0,0,0,558000,0,558000,558000
3052,夆典            ,612000,53000,559000,0,0,0,0,0,0,-4000,0,4000,-4000,0,0,0,555000
2498,宏達電          ,1065000,304000,761000,0,0,0,0,0,0,-208000,0,38000,-38000,59000,229000,-170000,553000
046672,聯茂元大93購01  ,0,0,0,0,0,0,0,0,0,549000,0,0,0,671000,122000,549000,549000
051302,可成凱基95購06  ,0,0,0,0,0,0,0,0,0,549000,0,0,0,549000,0,549000,549000
9105,泰金寶-DR       ,753000,204000,549000,0,0,0,0,0,0,0,0,0,0,0,0,0,549000
055391,光罩統一97購02  ,0,0,0,0,0,0,0,0,0,548000,0,0,0,863000,315000,548000,548000
038111,新光金中信91購01,0,0,0,0,0,0,0,0,0,547000,0,0,0,547000,0,547000,547000
044312,A50正2永豐92購01,0,0,0,0,0,0,0,0,0,547000,0,0,0,600000,53000,547000,547000
054615,牧德永豐98購01  ,0,0,0,0,0,0,0,0,0,545000,0,0,0,584000,39000,545000,545000
05214P,台積電國票97售02,0,0,0,0,0,0,0,0,0,543000,0,0,0,543000,0,543000,543000
054330,世芯永豐96購02  ,0,0,0,0,0,0,0,0,0,541000,0,0,0,545000,4000,541000,541000
042801,達邁元大93購01  ,0,0,0,0,0,0,0,0,0,540000,0,0,0,620000,80000,540000,540000
3044,健鼎            ,1254903,842000,412903,0,0,0,3000,4000,-1000,128000,0,4000,-4000,135000,3000,132000,539903
047163,義隆台新93購01  ,0,0,0,0,0,0,0,0,0,538000,0,0,0,563000,25000,538000,538000
047098,大毅國泰94購01  ,0,0,0,0,0,0,0,0,0,534000,0,0,0,534000,0,534000,534000
047910,全新麥證94購01  ,0,0,0,533000,0,533000,0,0,0,533000,0,0,0,533000,0,533000,533000
054345,世芯國票96購02  ,0,0,0,0,0,0,0,0,0,531000,0,0,0,645000,114000,531000,531000
047048,華邦電國票93購02,0,0,0,0,0,0,0,0,0,529000,0,0,0,529000,0,529000,529000
054353,世紀鋼國泰98購01,0,0,0,0,0,0,0,0,0,528000,0,0,0,529000,1000,528000,528000
05352P,臺股指元富95售06,0,0,0,0,0,0,0,0,0,528000,0,0,0,528000,0,528000,528000
2451,創見            ,480000,52000,428000,0,0,0,48074,0,48074,50000,0,0,0,50000,0,50000,526074
048545,嘉澤永豐93購03  ,0,0,0,0,0,0,0,0,0,526000,0,0,0,571000,45000,526000,526000
052256,台泥國泰96購01  ,0,0,0,0,0,0,0,0,0,525000,0,0,0,529000,4000,525000,525000
042255,群創國票92購01  ,0,0,0,0,0,0,0,0,0,523000,0,0,0,706000,183000,523000,523000
049125,禾伸堂元富94購01,0,0,0,0,0,0,0,0,0,522000,0,0,0,591000,69000,522000,522000
052175,可成元大95購10  ,0,0,0,0,0,0,0,0,0,519000,0,0,0,519000,0,519000,519000
054332,世芯永豐97購01  ,0,0,0,0,0,0,0,0,0,518000,0,0,0,728000,210000,518000,518000
1303,南亞            ,2195712,1704000,491712,0,0,0,11000,0,11000,14000,8000,29000,-21000,56000,21000,35000,516712
054963,牧德元大97購02  ,0,0,0,0,0,0,0,0,0,516000,0,0,0,1043000,527000,516000,516000
043776,奇力新兆豐92購01,0,0,0,0,0,0,0,0,0,516000,0,0,0,527000,11000,516000,516000
042803,天鈺元大93購01  ,0,0,0,0,0,0,0,0,0,514000,0,0,0,514000,0,514000,514000
054242,元油反元大98購02,0,0,0,0,0,0,0,0,0,512000,0,0,0,513000,1000,512000,512000
047983,宏達電群益93購04,0,0,0,0,0,0,0,0,0,510000,0,0,0,510000,0,510000,510000
046296,上銀元富92購01  ,0,0,0,0,0,0,0,0,0,508000,0,0,0,508000,0,508000,508000
055141,牧德永豐98購02  ,0,0,0,0,0,0,0,0,0,505000,0,0,0,611000,106000,505000,505000
048807,崇越中信94購01  ,0,0,0,0,0,0,0,0,0,503000,0,0,0,519000,16000,503000,503000
053831,台積電台新97購02,0,0,0,0,0,0,0,0,0,501000,0,0,0,502000,1000,501000,501000
04770P,鴻海元大94售09  ,0,0,0,0,0,0,0,0,0,500000,0,0,0,500000,0,500000,500000
053825,南電群益96購02  ,0,0,0,0,0,0,0,0,0,500000,0,0,0,622000,122000,500000,500000
3518,柏騰            ,728000,229000,499000,0,0,0,0,0,0,1000,2000,1000,1000,0,0,0,500000
045544,T50反1國票92購02,0,0,0,0,0,0,0,0,0,499000,0,0,0,499000,0,499000,499000
044543,揚明光群益92購01,0,0,0,0,0,0,0,0,0,499000,0,0,0,499000,0,499000,499000
050805,光寶科日盛95購01,0,0,0,0,0,0,0,0,0,499000,0,0,0,499000,0,499000,499000
3515,華擎            ,551000,12000,539000,0,0,0,0,8424,-8424,-32000,0,3000,-3000,3000,32000,-29000,498576
044464,滬深2X群益95購01,0,0,0,0,0,0,0,0,0,498000,0,0,0,511000,13000,498000,498000
052991,台積電台新96購01,0,0,0,0,0,0,0,0,0,498000,0,0,0,499000,1000,498000,498000
049190,元油2X永豐94購04,0,0,0,0,0,0,0,0,0,495000,0,0,0,500000,5000,495000,495000
048483,可成國泰95購01  ,0,0,0,0,0,0,0,0,0,495000,0,0,0,515000,20000,495000,495000
053669,台積電統一96購08,0,0,0,0,0,0,0,0,0,494000,0,0,0,609000,115000,494000,494000
03267P,台灣50元大02售06,0,0,0,0,0,0,0,0,0,491000,0,0,0,704000,213000,491000,491000
053363,旺宏國泰98購02  ,0,0,0,0,0,0,0,0,0,490000,0,0,0,524000,34000,490000,490000
054679,台積電康和99購01,0,0,0,0,0,0,0,0,0,489000,0,0,0,499000,10000,489000,489000
05724P,致茂永豐96售01  ,0,0,0,0,0,0,0,0,0,488000,0,0,0,488000,0,488000,488000
055771,台積電日盛97購04,0,0,0,0,0,0,0,0,0,487000,0,0,0,551000,64000,487000,487000
043916,群創凱基93購01  ,0,0,0,0,0,0,0,0,0,485000,0,0,0,533000,48000,485000,485000
2316,楠梓電          ,663000,93000,570000,0,0,0,0,16504,-16504,-70000,0,5000,-5000,6000,71000,-65000,483496
044717,旺宏統一94購01  ,0,0,0,0,0,0,0,0,0,483000,0,0,0,620000,137000,483000,483000
048894,光罩國泰94購01  ,0,0,0,0,0,0,0,0,0,481000,0,0,0,704000,223000,481000,481000
052312,美律富邦96購02  ,0,0,0,0,0,0,0,0,0,481000,0,0,0,485000,4000,481000,481000
05033P,T50反1元大98售01,0,0,0,0,0,0,0,0,0,480000,0,0,0,480000,0,480000,480000
050680,上銀元富94購01  ,0,0,0,0,0,0,0,0,0,479000,0,0,0,500000,21000,479000,479000
042280,元石油富邦96購01,0,0,0,0,0,0,0,0,0,476000,0,0,0,519000,43000,476000,476000
1909,榮成            ,1044000,485000,559000,0,0,0,51000,0,51000,-134000,60000,194000,-134000,0,0,0,476000
055131,茂林康和97購01  ,0,0,0,0,0,0,0,0,0,472000,0,0,0,482000,10000,472000,472000
048797,美律國泰95購02  ,0,0,0,0,0,0,0,0,0,470000,0,0,0,470000,0,470000,470000
2485,兆赫            ,419000,59000,360000,0,0,0,0,0,0,110000,0,0,0,110000,0,110000,470000
053717,聯發科凱基96購17,0,0,0,0,0,0,0,0,0,469000,0,0,0,930000,461000,469000,469000
054762,奇力新國票99購01,0,0,0,0,0,0,0,0,0,463000,0,0,0,465000,2000,463000,463000
049050,崇越康和94購01  ,0,0,0,0,0,0,0,0,0,463000,0,0,0,463000,0,463000,463000
045896,正文元大92購03  ,0,0,0,0,0,0,0,0,0,462000,0,0,0,462000,0,462000,462000
047969,台達電富邦97購01,0,0,0,0,0,0,0,0,0,462000,0,0,0,572000,110000,462000,462000
053885,全新兆豐96購01  ,0,0,0,0,0,0,0,0,0,461000,0,0,0,481000,20000,461000,461000
049177,美律凱基94購02  ,0,0,0,0,0,0,0,0,0,461000,0,0,0,461000,0,461000,461000
047146,智邦群益93購01  ,0,0,0,0,0,0,0,0,0,461000,0,0,0,687000,226000,461000,461000
050358,致新群益94購01  ,0,0,0,0,0,0,0,0,0,460000,0,0,0,460000,0,460000,460000
052157,東元永豐95購01  ,0,0,0,0,0,0,0,0,0,460000,0,0,0,460000,0,460000,460000
054685,國巨永豐97購02  ,0,0,0,0,0,0,0,0,0,459000,0,0,0,681000,222000,459000,459000
052107,台積電統一95購06,0,0,0,0,0,0,0,0,0,459000,0,0,0,809000,350000,459000,459000
049848,聯發科群益94購06,0,0,0,0,0,0,0,0,0,453000,0,0,0,534000,81000,453000,453000
054933,南港元大97購01  ,0,65000,-65000,0,0,0,0,0,0,517000,0,0,0,587000,70000,517000,452000
054626,建準凱基98購01  ,0,0,0,0,0,0,0,0,0,450000,0,0,0,450000,0,450000,450000
08465P,玉晶光兆豐01售02,0,0,0,0,0,0,0,0,0,450000,0,0,0,450000,0,450000,450000
03293P,和碩元大02售01  ,0,0,0,0,0,0,0,0,0,450000,0,0,0,450000,0,450000,450000
050756,京元電元富94購03,0,0,0,0,0,0,0,0,0,450000,0,0,0,450000,0,450000,450000
053517,崇越群益97購01  ,0,0,0,0,0,0,0,0,0,446000,0,0,0,456000,10000,446000,446000
055249,大毅統一99購01  ,0,0,0,0,0,0,0,0,0,445000,0,0,0,530000,85000,445000,445000
2379,瑞昱            ,2934203,2468000,466203,0,0,0,7000,0,7000,-29000,59000,136000,-77000,85000,37000,48000,444203
04289P,臺股指中信95售07,0,0,0,0,0,0,0,0,0,444000,0,0,0,448000,4000,444000,444000
053830,台積電台新96購02,0,0,0,0,0,0,0,0,0,444000,0,0,0,499000,55000,444000,444000
1227,佳格            ,477913,41000,436913,0,0,0,12000,0,12000,-5000,0,5000,-5000,0,0,0,443913
05987P,健策統一96售02  ,0,0,0,0,0,0,0,0,0,440000,0,0,0,449000,9000,440000,440000
00634R,富邦上証反1     ,395000,1000,394000,0,0,0,0,0,0,46000,0,0,0,54000,8000,46000,440000
054739,義隆凱基98購02  ,0,0,0,0,0,0,0,0,0,438000,0,0,0,626000,188000,438000,438000
048705,GIS國票95購01   ,0,0,0,0,0,0,0,0,0,438000,0,0,0,450000,12000,438000,438000
048268,長榮航中信95購01,0,0,0,0,0,0,0,0,0,438000,0,0,0,438000,0,438000,438000
03242P,聯電統一02售04  ,0,0,0,0,0,0,0,0,0,437000,0,0,0,437000,0,437000,437000
051010,美律日盛95購01  ,0,0,0,0,0,0,0,0,0,436000,0,0,0,545000,109000,436000,436000
6531,愛普            ,612000,183000,429000,0,0,0,7000,0,7000,0,30000,30000,0,0,0,0,436000
6153,嘉聯益          ,1008760,483000,525760,0,0,0,0,35000,-35000,-56000,4000,4000,0,51000,107000,-56000,434760
048064,可成統一93購02  ,0,0,0,0,0,0,0,0,0,428000,0,0,0,431000,3000,428000,428000
055050,敬鵬永豐97購01  ,0,0,0,0,0,0,0,0,0,427000,0,0,0,508000,81000,427000,427000
051723,嘉澤永豐95購01  ,0,0,0,0,0,0,0,0,0,427000,0,0,0,439000,12000,427000,427000
3023,信邦            ,474621,124000,350621,0,0,0,48907,1000,47907,28000,0,1000,-1000,31000,2000,29000,426528
053483,嘉澤第一96購01  ,0,0,0,0,0,0,0,0,0,426000,0,0,0,601000,175000,426000,426000
054832,興勤中信97購01  ,0,0,0,0,0,0,0,0,0,424000,0,0,0,424000,0,424000,424000
047273,奇力新永豐93購03,0,0,0,0,0,0,0,0,0,424000,0,0,0,424000,0,424000,424000
053946,全新富邦97購02  ,0,0,0,0,0,0,0,0,0,421000,0,0,0,421000,0,421000,421000
006205,富邦上証        ,1153000,0,1153000,0,0,0,0,0,0,-732000,0,0,0,791000,1523000,-732000,421000
049401,可成群益94購04  ,0,0,0,0,0,0,0,0,0,419000,0,0,0,419000,0,419000,419000
052450,嘉澤元大95購03  ,0,0,0,0,0,0,0,0,0,418000,0,0,0,574000,156000,418000,418000
045070,全新元大93購02  ,0,0,0,0,0,0,0,0,0,414000,0,0,0,439000,25000,414000,414000
055369,友訊元大97購01  ,0,0,0,0,0,0,0,0,0,413000,0,0,0,436000,23000,413000,413000
04696P,亞德客國泰95售02,0,0,0,0,0,0,0,0,0,412000,0,0,0,446000,34000,412000,412000
048485,泰鼎國泰94購02  ,0,0,0,0,0,0,0,0,0,412000,0,0,0,477000,65000,412000,412000
1536,和大            ,662000,123000,539000,0,0,0,0,0,0,-128000,0,94000,-94000,3000,37000,-34000,411000
049624,嘉澤群益94購01  ,0,0,0,0,0,0,0,0,0,411000,0,0,0,471000,60000,411000,411000
05813P,臺股指國票96售06,0,0,0,0,0,0,0,0,0,410000,0,0,0,410000,0,410000,410000
055031,南港富邦99購01  ,0,0,0,0,0,0,0,0,0,410000,0,0,0,540000,130000,410000,410000
049112,可成統一94購01  ,0,0,0,0,0,0,0,0,0,410000,0,0,0,438000,28000,410000,410000
05673P,台積電群益96售05,0,0,0,0,0,0,0,0,0,408000,0,0,0,418000,10000,408000,408000
3045,台灣大          ,1113977,690000,423977,0,0,0,4000,0,4000,-22000,0,38000,-38000,16000,0,16000,405977
046610,義隆國票93購01  ,0,0,0,0,0,0,0,0,0,405000,0,0,0,442000,37000,405000,405000
047406,香港反統一94購01,0,0,0,0,0,0,0,0,0,403000,0,0,0,466000,63000,403000,403000
051267,美律富邦96購01  ,0,0,0,0,0,0,0,0,0,401000,0,0,0,501000,100000,401000,401000
045897,泰鼎元大93購04  ,0,0,0,0,0,0,0,0,0,400000,0,0,0,400000,0,400000,400000
04542P,致伸永豐94售01  ,0,0,0,0,0,0,0,0,0,400000,0,0,0,400000,0,400000,400000
044219,智原凱基91購03  ,0,0,0,0,0,0,0,0,0,400000,0,0,0,400000,0,400000,400000
047128,新日興日盛93購01,0,0,0,0,0,0,0,0,0,400000,0,0,0,455000,55000,400000,400000
2905,三商            ,515000,75000,440000,0,0,0,0,41108,-41108,0,0,0,0,0,0,0,398892
2634,漢翔            ,742000,347000,395000,0,0,0,1000,1000,0,0,0,0,0,0,0,0,395000
054561,奇力新群益97購03,0,0,0,0,0,0,0,0,0,393000,0,0,0,478000,85000,393000,393000
049998,奇力新永豐94購03,0,0,0,0,0,0,0,0,0,393000,0,0,0,485000,92000,393000,393000
05564P,玉晶光元大97售02,0,0,0,0,0,0,0,0,0,390000,0,0,0,435000,45000,390000,390000
045089,中磊元大94購01  ,0,0,0,0,0,0,0,0,0,390000,0,0,0,490000,100000,390000,390000
053533,光罩永豐96購03  ,0,0,0,0,0,0,0,0,0,388000,0,0,0,389000,1000,388000,388000
6005,群益證          ,234000,412000,-178000,0,0,0,565038,0,565038,0,0,0,0,0,0,0,387038
048070,聯發科元富99購03,0,0,0,0,0,0,0,0,0,387000,0,0,0,427000,40000,387000,387000
045230,嘉聯益元大93購01,0,0,0,0,0,0,0,0,0,386000,0,0,0,386000,0,386000,386000
05430P,台積電統一95售07,0,0,0,0,0,0,0,0,0,385000,0,0,0,400000,15000,385000,385000
055056,億光永豐97購01  ,0,0,0,0,0,0,0,0,0,384000,0,0,0,408000,24000,384000,384000
049434,茂林國票95購01  ,0,0,0,0,0,0,0,0,0,384000,0,0,0,384000,0,384000,384000
055027,牧德國泰99購01  ,0,0,0,0,0,0,0,0,0,383000,0,0,0,802000,419000,383000,383000
045053,聯發科元富98購01,0,0,0,0,0,0,0,0,0,382000,0,0,0,477000,95000,382000,382000
053699,臺股指元大96購22,0,0,0,0,0,0,0,0,0,382000,0,0,0,535000,153000,382000,382000
046295,超眾統一92購01  ,0,0,0,0,0,0,0,0,0,381000,0,0,0,381000,0,381000,381000
051201,台積電麥證95購02,0,0,0,390000,0,390000,0,0,0,381000,0,0,0,390000,9000,381000,381000
055519,茂林中信99購01  ,0,0,0,0,0,0,0,0,0,380000,0,0,0,407000,27000,380000,380000
055166,台積電統一97購05,0,0,0,0,0,0,0,0,0,379000,0,0,0,602000,223000,379000,379000
049033,大成鋼兆豐94購01,0,0,0,0,0,0,0,0,0,379000,0,0,0,380000,1000,379000,379000
042997,新光鋼元大94購01,0,0,0,0,0,0,0,0,0,377000,0,0,0,377000,0,377000,377000
055167,友訊統一97購01  ,0,0,0,0,0,0,0,0,0,376000,0,0,0,376000,0,376000,376000
051247,可成元大95購04  ,0,0,0,0,0,0,0,0,0,375000,0,0,0,375000,0,375000,375000
052028,健策群益95購02  ,0,0,0,0,0,0,0,0,0,375000,0,0,0,394000,19000,375000,375000
050976,台光電統一95購01,0,0,0,0,0,0,0,0,0,374000,0,0,0,374000,0,374000,374000
2474,可成            ,2953291,2244000,709291,0,0,0,4000,2000,2000,-339000,10000,8000,2000,41000,382000,-341000,372291
049874,全新康和94購01  ,0,0,0,0,0,0,0,0,0,372000,0,0,0,517000,145000,372000,372000
054430,上銀台新96購02  ,0,0,0,0,0,0,0,0,0,371000,0,0,0,371000,0,371000,371000
044353,宏達電元大93購04,0,0,0,0,0,0,0,0,0,371000,0,0,0,371000,0,371000,371000
05091P,台積電元大95售11,0,0,0,0,0,0,0,0,0,371000,0,0,0,469000,98000,371000,371000
049951,全新群益94購03  ,0,0,0,0,0,0,0,0,0,369000,0,0,0,389000,20000,369000,369000
044290,群創凱基93購05  ,0,0,0,0,0,0,0,0,0,366000,0,0,0,600000,234000,366000,366000
049353,茂林永豐94購03  ,0,0,0,0,0,0,0,0,0,366000,0,0,0,487000,121000,366000,366000
052177,京鼎元大95購02  ,0,0,0,0,0,0,0,0,0,366000,0,0,0,892000,526000,366000,366000
051193,新日興兆豐96購01,0,0,0,0,0,0,0,0,0,365000,0,0,0,365000,0,365000,365000
055110,美律凱基98購02  ,0,0,0,0,0,0,0,0,0,364000,0,0,0,409000,45000,364000,364000
046046,世紀鋼元大93購03,0,0,0,0,0,0,0,0,0,363000,0,0,0,363000,0,363000,363000
050496,鴻海富邦96購01  ,0,0,0,0,0,0,0,0,0,363000,0,0,0,812000,449000,363000,363000
055123,億光兆豐97購01  ,0,0,0,0,0,0,0,0,0,362000,0,0,0,362000,0,362000,362000
054331,世芯永豐96購03  ,0,0,0,0,0,0,0,0,0,362000,0,0,0,745000,383000,362000,362000
04871P,力成元富94售02  ,0,0,0,0,0,0,0,0,0,360000,0,0,0,386000,26000,360000,360000
03891P,晶技國泰94售02  ,0,0,0,0,0,0,0,0,0,360000,0,0,0,360000,0,360000,360000
050938,智原國票96購01  ,0,0,0,0,0,0,0,0,0,359000,0,0,0,399000,40000,359000,359000
048402,聯茂兆豐95購01  ,0,0,0,0,0,0,0,0,0,358000,0,0,0,615000,257000,358000,358000
050005,京鼎永豐94購01  ,0,0,0,0,0,0,0,0,0,358000,0,0,0,412000,54000,358000,358000
055006,晶相光元富9A購01,0,0,0,0,0,0,0,0,0,357000,0,0,0,456000,99000,357000,357000
045663,元油2X元富94購01,0,0,0,0,0,0,0,0,0,356000,0,0,0,356000,0,356000,356000
2395,研華            ,717266,382400,334866,0,0,0,0,5000,-5000,25000,30000,8000,22000,3000,0,3000,354866
053215,禾伸堂凱基96購01,0,0,0,0,0,0,0,0,0,354000,0,0,0,494000,140000,354000,354000
054972,聯茂元大97購02  ,0,0,0,0,0,0,0,0,0,353000,0,0,0,497000,144000,353000,353000
044710,中磊元大93購01  ,0,0,0,0,0,0,0,0,0,353000,0,0,0,373000,20000,353000,353000
046402,華泰元大92購03  ,0,0,0,0,0,0,0,0,0,353000,0,0,0,353000,0,353000,353000
048946,崇越永豐94購01  ,0,0,0,0,0,0,0,0,0,353000,0,0,0,353000,0,353000,353000
047102,潤泰全富邦95購01,0,0,0,0,0,0,0,0,0,353000,0,0,0,353000,0,353000,353000
00651R,FH香港反1       ,0,0,0,0,0,0,0,0,0,352000,0,0,0,642000,290000,352000,352000
053771,華新元大97購01  ,0,0,0,0,0,0,0,0,0,350000,0,0,0,363000,13000,350000,350000
052531,台積電國泰96購06,0,0,0,0,0,0,0,0,0,350000,0,0,0,350000,0,350000,350000
052619,茂林國泰99購01  ,0,0,0,0,0,0,0,0,0,350000,0,0,0,431000,81000,350000,350000
048721,正文永豐94購01  ,0,0,0,0,0,0,0,0,0,349000,0,0,0,349000,0,349000,349000
8271,宇瞻            ,741000,403700,337300,0,0,0,11546,0,11546,0,20000,20000,0,0,0,0,348846
05515P,台積電群益96售03,0,0,0,0,0,0,0,0,0,347000,0,0,0,437000,90000,347000,347000
051908,國泰金元大96購02,0,0,0,0,0,0,0,0,0,346000,0,0,0,346000,0,346000,346000
03450P,元油2X元富98售05,0,0,0,0,0,0,0,0,0,345000,0,0,0,450000,105000,345000,345000
053137,旺宏富邦98購01  ,0,0,0,0,0,0,0,0,0,345000,0,0,0,359000,14000,345000,345000
8021,尖點            ,407000,58000,349000,0,0,0,0,0,0,-4000,0,4000,-4000,0,0,0,345000
050494,可成永昌96購01  ,0,0,0,0,0,0,0,0,0,344000,0,0,0,344000,0,344000,344000
006207,FH滬深          ,664000,0,664000,0,0,0,0,0,0,-322000,0,0,0,273000,595000,-322000,342000
049034,台達電兆豐94購01,0,0,0,0,0,0,0,0,0,341000,0,0,0,341000,0,341000,341000
053447,京鼎凱基96購03  ,0,0,0,0,0,0,0,0,0,341000,0,0,0,341000,0,341000,341000
045765,康控統一92購01  ,0,0,0,0,0,0,0,0,0,340000,0,0,0,340000,0,340000,340000
055035,興勤富邦98購01  ,0,0,0,0,0,0,0,0,0,339000,0,0,0,359000,20000,339000,339000
046435,聯發科群益92購06,0,0,0,0,0,0,0,0,0,339000,0,0,0,339000,0,339000,339000
2392,正崴            ,372000,129000,243000,0,0,0,32000,0,32000,64000,133000,16000,117000,3000,56000,-53000,339000
048632,大成鋼元大93購02,0,0,0,0,0,0,0,0,0,338000,0,0,0,341000,3000,338000,338000
045694,智邦兆豐93購05  ,0,0,0,0,0,0,0,0,0,338000,0,0,0,603000,265000,338000,338000
050439,新日興凱基94購01,0,0,0,0,0,0,0,0,0,338000,0,0,0,388000,50000,338000,338000
8996,高力            ,488000,180000,308000,0,0,0,11617,0,11617,18000,20000,2000,18000,0,0,0,337617
054695,世芯永豐98購01  ,0,0,0,0,0,0,0,0,0,337000,0,0,0,337000,0,337000,337000
055260,晶相光統一98購01,0,0,0,0,0,0,0,0,0,336000,0,0,0,369000,33000,336000,336000
044405,材料凱基93購01  ,0,0,0,0,0,0,0,0,0,336000,0,0,0,429000,93000,336000,336000
04082P,智邦統一93售03  ,0,0,0,0,0,0,0,0,0,333000,0,0,0,334000,1000,333000,333000
044501,滬深2X凱基92購02,0,0,0,0,0,0,0,0,0,332000,0,0,0,350000,18000,332000,332000
036804,國巨元富93購01  ,0,0,0,0,0,0,0,0,0,332000,0,0,0,627000,295000,332000,332000
046822,亞光凱基93購04  ,0,0,0,0,0,0,0,0,0,332000,0,0,0,335000,3000,332000,332000
050758,聯發科元富9B購01,0,0,0,0,0,0,0,0,0,331000,0,0,0,341000,10000,331000,331000
07383P,聯發科群益99售06,0,0,0,0,0,0,0,0,0,330000,0,0,0,330000,0,330000,330000
046605,瀚宇博群益93購01,0,0,0,0,0,0,0,0,0,330000,0,0,0,330000,0,330000,330000
046561,可成凱基92購11  ,0,0,0,0,0,0,0,0,0,330000,0,0,0,331000,1000,330000,330000
048905,旺宏富邦96購01  ,0,0,0,0,0,0,0,0,0,330000,0,0,0,349000,19000,330000,330000
055407,祥碩國泰98購01  ,0,0,0,0,0,0,0,0,0,329000,0,0,0,336000,7000,329000,329000
045658,儒鴻國泰93購01  ,0,0,0,0,0,0,0,0,0,328000,0,0,0,363000,35000,328000,328000
047000,和大統一93購01  ,0,0,0,0,0,0,0,0,0,327000,0,0,0,340000,13000,327000,327000
049287,可成兆豐95購01  ,0,0,0,0,0,0,0,0,0,327000,0,0,0,337000,10000,327000,327000
05268P,玉晶光元大98售01,0,0,0,0,0,0,0,0,0,326000,0,0,0,373000,47000,326000,326000
4977,眾達-KY         ,427000,118619,308381,0,0,0,0,0,0,17000,0,6000,-6000,23000,0,23000,325381
052212,可成元大95購11  ,0,0,0,0,0,0,0,0,0,325000,0,0,0,325000,0,325000,325000
044759,新日興凱基93購01,0,0,0,0,0,0,0,0,0,324000,0,0,0,335000,11000,324000,324000
049495,欣興元大94購06  ,0,0,0,0,0,0,0,0,0,323000,0,0,0,401000,78000,323000,323000
050203,美律群益94購04  ,0,0,0,0,0,0,0,0,0,322000,0,0,0,324000,2000,322000,322000
2505,國揚            ,746000,363000,383000,0,0,0,0,61282,-61282,0,0,0,0,18000,18000,0,321718
055334,禾伸堂兆豐97購01,0,0,0,0,0,0,0,0,0,321000,0,0,0,321000,0,321000,321000
055159,玉晶光元大98購05,0,0,0,0,0,0,0,0,0,321000,0,0,0,358000,37000,321000,321000
3443,創意            ,303200,44000,259200,0,0,0,21000,0,21000,38000,56000,66000,-10000,83000,35000,48000,318200
2382,廣達            ,2609131,2331635,277496,0,0,0,5000,0,5000,35000,52000,10000,42000,85000,92000,-7000,317496
044269,群創中信95購01  ,0,0,0,0,0,0,0,0,0,317000,0,0,0,476000,159000,317000,317000
053173,矽格群益97購01  ,0,0,0,0,0,0,0,0,0,317000,0,0,0,389000,72000,317000,317000
055413,全新富邦98購01  ,0,0,0,0,0,0,0,0,0,315000,0,0,0,315000,0,315000,315000
047505,元金2X國票9B購01,0,0,0,0,0,0,0,0,0,315000,0,0,0,319000,4000,315000,315000
055450,台積電元富97購01,0,0,0,0,0,0,0,0,0,313000,0,0,0,560000,247000,313000,313000
043156,大立光統一94購01,0,0,0,0,0,0,0,0,0,313000,0,0,0,323000,10000,313000,313000
049220,聯發科國票95購02,0,0,0,0,0,0,0,0,0,313000,0,0,0,1836000,1523000,313000,313000
053924,京鼎國票97購01  ,0,0,0,0,0,0,0,0,0,312000,0,0,0,312000,0,312000,312000
053980,泰鼎元大97購02  ,0,0,0,0,0,0,0,0,0,311000,0,0,0,630000,319000,311000,311000
046626,台光電統一94購01,0,0,0,0,0,0,0,0,0,311000,0,0,0,419000,108000,311000,311000
047624,台達電國票93購01,0,0,0,0,0,0,0,0,0,311000,0,0,0,351000,40000,311000,311000
054026,台積電凱基97購08,0,0,0,0,0,0,0,0,0,310000,0,0,0,330000,20000,310000,310000
2421,建準            ,1081000,521000,560000,0,0,0,28359,0,28359,-279000,1000,4000,-3000,3000,279000,-276000,309359
04870P,大立光元富94售11,0,0,0,0,0,0,0,0,0,309000,0,0,0,309000,0,309000,309000
044470,大立光群益91購14,0,0,0,0,0,0,0,0,0,309000,0,0,0,309000,0,309000,309000
055042,得力永豐97購01  ,0,0,0,0,0,0,0,0,0,308000,0,0,0,318000,10000,308000,308000
053444,奇力新凱基96購03,0,0,0,0,0,0,0,0,0,308000,0,0,0,738000,430000,308000,308000
053698,中磊元大96購02  ,0,0,0,0,0,0,0,0,0,307000,0,0,0,379000,72000,307000,307000
05684P,臺股指元大96售09,0,0,0,0,0,0,0,0,0,306000,0,0,0,306000,0,306000,306000
03253P,台灣50國泰03售02,0,0,0,0,0,0,0,0,0,305000,0,0,0,305000,0,305000,305000
049020,可成群益94購02  ,0,0,0,0,0,0,0,0,0,305000,0,0,0,305000,0,305000,305000
047196,上銀統一97購01  ,0,0,0,0,0,0,0,0,0,305000,0,0,0,381000,76000,305000,305000
050988,廣達富邦95購01  ,0,0,0,0,0,0,0,0,0,305000,0,0,0,305000,0,305000,305000
055633,牧德永豐97購02  ,0,0,0,0,0,0,0,0,0,304000,0,0,0,371000,67000,304000,304000
055055,精元永豐97購01  ,0,0,0,0,0,0,0,0,0,304000,0,0,0,476000,172000,304000,304000
044853,亞光國泰93購01  ,0,0,0,0,0,0,0,0,0,304000,0,0,0,313000,9000,304000,304000
047514,亞光國票94購01  ,0,0,0,0,0,0,0,0,0,304000,0,0,0,435000,131000,304000,304000
049089,正文凱基94購02  ,0,0,0,0,0,0,0,0,0,303000,0,0,0,303000,0,303000,303000
051248,華固元大95購01  ,0,0,0,0,0,0,0,0,0,303000,0,0,0,303000,0,303000,303000
08599P,台表科元大9C售11,0,0,0,0,0,0,0,0,0,302000,0,0,0,302000,0,302000,302000
052765,新日興群益97購01,0,0,0,0,0,0,0,0,0,302000,0,0,0,380000,78000,302000,302000
05072P,聯電元富95售02  ,0,0,0,0,0,0,0,0,0,301000,0,0,0,301000,0,301000,301000
053014,旺宏統一97購02  ,0,0,0,0,0,0,0,0,0,301000,0,0,0,301000,0,301000,301000
05483P,國巨凱基95售07  ,0,0,0,0,0,0,0,0,0,300000,0,0,0,300000,0,300000,300000
04345P,景碩國泰94售02  ,0,0,0,0,0,0,0,0,0,300000,0,0,0,380000,80000,300000,300000
045527,建準永豐92購01  ,0,0,0,0,0,0,0,0,0,300000,0,0,0,300000,0,300000,300000
047239,瀚宇博凱基94購01,0,0,0,0,0,0,0,0,0,300000,0,0,0,300000,0,300000,300000
049367,全新元大96購01  ,0,0,0,0,0,0,0,0,0,300000,0,0,0,370000,70000,300000,300000
052935,康友元大96購03  ,0,0,0,0,0,0,0,0,0,300000,0,0,0,470000,170000,300000,300000
053118,大立光中信9C購01,0,0,0,0,0,0,0,0,0,300000,0,0,0,340000,40000,300000,300000
05111P,台積電統一95售04,0,0,0,0,0,0,0,0,0,300000,0,0,0,300000,0,300000,300000
054818,奇力新元大97購05,0,0,0,0,0,0,0,0,0,299000,0,0,0,446000,147000,299000,299000
045622,康舒永豐92購01  ,0,0,0,0,0,0,0,0,0,299000,0,0,0,299000,0,299000,299000
046871,美律元富93購01  ,0,0,0,0,0,0,0,0,0,299000,0,0,0,318000,19000,299000,299000
053615,光罩群益96購01  ,0,0,0,0,0,0,0,0,0,299000,0,0,0,344000,45000,299000,299000
049875,台積電永豐94購04,0,0,0,0,0,0,0,0,0,297000,0,0,0,1209000,912000,297000,297000
050353,華擎群益95購01  ,0,0,0,0,0,0,0,0,0,297000,0,0,0,302000,5000,297000,297000
051049,亞德客群益95購01,0,0,0,0,0,0,0,0,0,297000,0,0,0,332000,35000,297000,297000
1442,名軒            ,100000,10000,90000,0,0,0,207000,0,207000,-1000,0,1000,-1000,0,0,0,296000
050205,牧德群益94購02  ,0,0,0,0,0,0,0,0,0,296000,0,0,0,516000,220000,296000,296000
048167,旺宏永豐93購04  ,0,0,0,0,0,0,0,0,0,296000,0,0,0,296000,0,296000,296000
054793,牧德群益9A購01  ,0,0,0,0,0,0,0,0,0,295000,0,0,0,325000,30000,295000,295000
05491P,茂林元大95售04  ,0,0,0,0,0,0,0,0,0,295000,0,0,0,725000,430000,295000,295000
045516,聯茂統一94購01  ,0,0,0,0,0,0,0,0,0,294000,0,0,0,349000,55000,294000,294000
03033P,微星國票03售01  ,0,0,0,0,0,0,0,0,0,294000,0,0,0,294000,0,294000,294000
052498,台積電永豐95購06,0,0,0,0,0,0,0,0,0,294000,0,0,0,639000,345000,294000,294000
044588,元金2X統一93購01,0,0,0,0,0,0,0,0,0,293000,0,0,0,486000,193000,293000,293000
045001,旺宏富邦94購01  ,0,0,0,0,0,0,0,0,0,293000,0,0,0,296000,3000,293000,293000
049994,聯茂台新94購02  ,0,0,0,0,0,0,0,0,0,293000,0,0,0,328000,35000,293000,293000
044904,聯詠凱基91購04  ,0,0,0,0,0,0,0,0,0,292000,0,0,0,292000,0,292000,292000
03908P,致茂元大93售03  ,0,0,0,0,0,0,0,0,0,292000,0,0,0,292000,0,292000,292000
050390,聯發科統一94購09,0,0,0,0,0,0,0,0,0,292000,0,0,0,307000,15000,292000,292000
053532,台積電永豐96購03,0,0,0,0,0,0,0,0,0,292000,0,0,0,505000,213000,292000,292000
045850,嘉澤永豐92購01  ,0,0,0,0,0,0,0,0,0,291000,0,0,0,294000,3000,291000,291000
053266,全新群益98購01  ,0,0,0,0,0,0,0,0,0,291000,0,0,0,295000,4000,291000,291000
051711,臻鼎群益95購03  ,0,0,0,0,0,0,0,0,0,291000,0,0,0,291000,0,291000,291000
050324,訊芯台新94購01  ,0,0,0,0,0,0,0,0,0,290000,0,0,0,290000,0,290000,290000
050304,台光電中信94購01,0,0,0,0,0,0,0,0,0,290000,0,0,0,792000,502000,290000,290000
047870,嘉澤永豐93購02  ,0,0,0,0,0,0,0,0,0,289000,0,0,0,294000,5000,289000,289000
051462,世芯國泰97購01  ,0,0,0,0,0,0,0,0,0,289000,0,0,0,300000,11000,289000,289000
044818,可成兆豐93購02  ,0,0,0,0,0,0,0,0,0,288000,0,0,0,288000,0,288000,288000
049479,矽格永豐94購01  ,0,0,0,0,0,0,0,0,0,288000,0,0,0,288000,0,288000,288000
2354,鴻準            ,1552004,1263823,288181,0,0,0,3000,0,3000,-4000,12000,16000,-4000,0,0,0,287181
054338,全新統一96購01  ,0,0,0,0,0,0,0,0,0,287000,0,0,0,418000,131000,287000,287000
050274,GIS元大94購05   ,0,0,0,0,0,0,0,0,0,287000,0,0,0,437000,150000,287000,287000
053451,致新凱基96購02  ,0,0,0,0,0,0,0,0,0,286000,0,0,0,286000,0,286000,286000
03781P,智邦凱基93售03  ,0,0,0,0,0,0,0,0,0,285000,0,0,0,285000,0,285000,285000
05294P,亞光凱基95售02  ,0,0,0,0,0,0,0,0,0,284000,0,0,0,284000,0,284000,284000
054711,禾伸堂元富97購01,0,0,0,0,0,0,0,0,0,283000,0,0,0,283000,0,283000,283000
2458,義隆            ,1413000,1403000,10000,0,0,0,171000,0,171000,102000,183000,56000,127000,86000,111000,-25000,283000
03828P,致茂中信95售01  ,0,0,0,0,0,0,0,0,0,282000,0,0,0,282000,0,282000,282000
049727,台積電中信94購02,0,0,0,0,0,0,0,0,0,281000,0,0,0,528000,247000,281000,281000
2838,聯邦銀          ,324000,38000,286000,0,0,0,0,0,0,-5000,0,5000,-5000,0,0,0,281000
055185,晶相光統一97購01,0,0,0,0,0,0,0,0,0,280000,0,0,0,290000,10000,280000,280000
050662,智易元大96購01  ,0,0,0,0,0,0,0,0,0,280000,0,0,0,300000,20000,280000,280000
047777,寶成元大93購01  ,0,0,0,0,0,0,0,0,0,280000,0,0,0,280000,0,280000,280000
053392,致新元大96購01  ,0,0,0,0,0,0,0,0,0,279000,0,0,0,337000,58000,279000,279000
05656P,台表科統一96售01,0,0,0,0,0,0,0,0,0,278000,0,0,0,386000,108000,278000,278000
051551,新日興永豐95購01,0,0,0,0,0,0,0,0,0,278000,0,0,0,610000,332000,278000,278000
054855,得力群益98購01  ,0,0,0,0,0,0,0,0,0,276000,0,0,0,276000,0,276000,276000
045872,元油2X元富98購03,10000,0,10000,0,0,0,0,0,0,266000,0,0,0,271000,5000,266000,276000
051084,華通元大95購06  ,0,0,0,0,0,0,0,0,0,276000,0,0,0,282000,6000,276000,276000
03840P,台積電統一99售02,0,0,0,0,0,0,0,0,0,275000,0,0,0,306000,31000,275000,275000
049293,友訊群益95購01  ,0,0,0,0,0,0,0,0,0,275000,0,0,0,397000,122000,275000,275000
047370,聯發科國票93購03,0,0,0,0,0,0,0,0,0,274000,0,0,0,274000,0,274000,274000
045993,美律富邦93購01  ,0,0,0,0,0,0,0,0,0,273000,0,0,0,273000,0,273000,273000
048559,京元電元大93購03,0,0,0,0,0,0,0,0,0,273000,0,0,0,273000,0,273000,273000
049955,崇越群益95購01  ,0,0,0,0,0,0,0,0,0,273000,0,0,0,273000,0,273000,273000
049617,光罩群益94購03  ,0,0,0,0,0,0,0,0,0,273000,0,0,0,373000,100000,273000,273000
8210,勤誠            ,403000,59000,344000,0,0,0,0,69000,-69000,-2000,37000,0,37000,15000,54000,-39000,273000
00664R,國泰臺灣加權反1 ,0,0,0,0,0,0,0,0,0,272994,0,0,0,353000,80006,272994,272994
2362,藍天            ,334000,42000,292000,0,0,0,0,2000,-2000,-18000,0,18000,-18000,0,0,0,272000
054980,國巨元富97購01  ,0,0,0,0,0,0,0,0,0,271000,0,0,0,486000,215000,271000,271000
050228,中磊中信96購01  ,0,0,0,0,0,0,0,0,0,271000,0,0,0,301000,30000,271000,271000
051946,健策統一98購01  ,0,0,0,0,0,0,0,0,0,270000,0,0,0,275000,5000,270000,270000
053216,京鼎凱基96購02  ,0,0,0,0,0,0,0,0,0,270000,0,0,0,290000,20000,270000,270000
00783,富邦中証500     ,0,0,0,0,0,0,0,0,0,269000,0,0,0,1181000,912000,269000,269000
051106,華通統一95購02  ,0,0,0,0,0,0,0,0,0,269000,0,0,0,359000,90000,269000,269000
6706,惠特            ,290000,30000,260000,0,0,0,0,0,0,9000,17000,8000,9000,0,0,0,269000
055395,泰鼎統一97購01  ,1000,0,1000,0,0,0,0,0,0,266000,0,0,0,571000,305000,266000,267000
053708,道瓊反凱基98購01,0,0,0,0,0,0,0,0,0,267000,0,0,0,287000,20000,267000,267000
046844,旺宏永豐93購01  ,0,0,0,0,0,0,0,0,0,266000,0,0,0,272000,6000,266000,266000
049363,旺宏元大94購07  ,0,0,0,0,0,0,0,0,0,266000,0,0,0,359000,93000,266000,266000
048861,牧德群益94購01  ,0,0,0,0,0,0,0,0,0,265000,0,0,0,280000,15000,265000,265000
046264,美律凱基93購05  ,0,0,0,0,0,0,0,0,0,265000,0,0,0,265000,0,265000,265000
04599P,南亞科凱基94售03,0,0,0,0,0,0,0,0,0,265000,0,0,0,300000,35000,265000,265000
052747,京鼎元大97購01  ,0,0,0,0,0,0,0,0,0,265000,0,0,0,587000,322000,265000,265000
052648,茂林永豐96購01  ,0,0,0,0,0,0,0,0,0,264000,0,0,0,527000,263000,264000,264000
053641,正文永豐96購01  ,0,0,0,0,0,0,0,0,0,264000,0,0,0,269000,5000,264000,264000
055047,南港永豐97購01  ,0,0,0,0,0,0,0,0,0,263000,0,0,0,263000,0,263000,263000
043728,美律國泰93購01  ,0,0,0,0,0,0,0,0,0,263000,0,0,0,263000,0,263000,263000
049845,台積電麥證94購01,0,0,0,262000,0,262000,0,0,0,262000,0,0,0,262000,0,262000,262000
051357,可成元大95購05  ,0,0,0,0,0,0,0,0,0,261000,0,0,0,540000,279000,261000,261000
04594P,緯穎元大94售04  ,0,0,0,0,0,0,0,0,0,260000,0,0,0,410000,150000,260000,260000
044981,南亞科國票92購01,0,0,0,0,0,0,0,0,0,260000,0,0,0,260000,0,260000,260000
046596,TPK第一93購01   ,0,0,0,0,0,0,0,0,0,260000,0,0,0,260000,0,260000,260000
050552,禾伸堂凱基94購05,0,0,0,0,0,0,0,0,0,260000,0,0,0,260000,0,260000,260000
047578,新光金群益93購01,0,0,0,0,0,0,0,0,0,260000,0,0,0,280000,20000,260000,260000
052574,茂林凱基96購02  ,0,0,0,0,0,0,0,0,0,259000,0,0,0,423000,164000,259000,259000
055193,世芯元富97購02  ,0,0,0,0,0,0,0,0,0,258000,0,0,0,262000,4000,258000,258000
05546P,全新元大97售01  ,0,0,0,0,0,0,0,0,0,257000,0,0,0,257000,0,257000,257000
054913,億光凱基97購01  ,0,0,0,0,0,0,0,0,0,256000,0,0,0,318000,62000,256000,256000
00676R,富邦臺灣加權反1 ,0,0,0,0,0,0,0,0,0,256000,0,0,0,288000,32000,256000,256000
050266,兆豐金元大94購01,0,0,0,0,0,0,0,0,0,256000,0,0,0,256000,0,256000,256000
049478,祥碩永豐94購02  ,0,0,0,0,0,0,0,0,0,256000,0,0,0,271000,15000,256000,256000
051359,中信金元大95購01,0,0,0,0,0,0,0,0,0,256000,0,0,0,1397000,1141000,256000,256000
044592,元油2X國票93購02,0,0,0,0,0,0,0,0,0,255000,0,0,0,255000,0,255000,255000
050877,美律統一95購01  ,0,0,0,0,0,0,0,0,0,255000,0,0,0,255000,0,255000,255000
051488,健策凱基96購04  ,0,0,0,0,0,0,0,0,0,254000,0,0,0,309000,55000,254000,254000
054950,奇力新元大98購02,0,0,0,0,0,0,0,0,0,253000,0,0,0,296000,43000,253000,253000
045752,全新國泰93購01  ,0,0,0,0,0,0,0,0,0,253000,0,0,0,253000,0,253000,253000
048736,台達電統一94購01,0,0,0,0,0,0,0,0,0,253000,0,0,0,293000,40000,253000,253000
050742,新日興永豐94購01,0,0,0,0,0,0,0,0,0,253000,0,0,0,326000,73000,253000,253000
052014,光罩永豐95購01  ,0,0,0,0,0,0,0,0,0,253000,0,0,0,629000,376000,253000,253000
053715,美律凱基96購04  ,0,0,0,0,0,0,0,0,0,252000,0,0,0,252000,0,252000,252000
055229,大毅國票97購02  ,0,0,0,0,0,0,0,0,0,250000,0,0,0,272000,22000,250000,250000
05960P,欣興統一96售01  ,0,0,0,0,0,0,0,0,0,250000,0,0,0,250000,0,250000,250000
046237,南電元大92購02  ,0,0,0,0,0,0,0,0,0,250000,0,0,0,250000,0,250000,250000
053782,京元電元大98購02,0,0,0,0,0,0,0,0,0,250000,0,0,0,250000,0,250000,250000
051947,矽力統一95購01  ,0,0,0,0,0,0,0,0,0,250000,0,0,0,250000,0,250000,250000
045579,全新元大93購03  ,0,0,0,0,0,0,0,0,0,249000,0,0,0,259000,10000,249000,249000
047788,欣興群益93購05  ,0,0,0,0,0,0,0,0,0,249000,0,0,0,1722000,1473000,249000,249000
051563,泰鼎國泰96購01  ,0,0,0,0,0,0,0,0,0,248000,0,0,0,248000,0,248000,248000
052852,國巨元富96購02  ,0,0,0,0,0,0,0,0,0,247000,0,0,0,578000,331000,247000,247000
048978,晶相光元大94購02,0,0,0,0,0,0,0,0,0,246000,0,0,0,256000,10000,246000,246000
3005,神基            ,388000,265000,123000,0,0,0,1000,0,1000,122000,43000,1000,42000,108000,28000,80000,246000
046286,高鐵兆豐93購01  ,0,0,0,0,0,0,0,0,0,245000,0,0,0,258000,13000,245000,245000
049893,日月光富邦98購01,0,0,0,0,0,0,0,0,0,245000,0,0,0,255000,10000,245000,245000
053926,晶相光國票97購01,0,0,0,0,0,0,0,0,0,243000,0,0,0,243000,0,243000,243000
052575,茂林凱基96購04  ,0,0,0,0,0,0,0,0,0,243000,0,0,0,271000,28000,243000,243000
053170,茂林群益96購04  ,0,0,0,0,0,0,0,0,0,243000,0,0,0,287000,44000,243000,243000
00671R,富邦NASDAQ反1   ,0,0,0,0,0,0,0,0,0,242000,0,0,0,288000,46000,242000,242000
048248,聯發科兆豐95購01,0,0,0,0,0,0,0,0,0,242000,0,0,0,268000,26000,242000,242000
044648,奇鋐群益93購01  ,0,0,0,0,0,0,0,0,0,241000,0,0,0,241000,0,241000,241000
046663,亞光元大93購02  ,0,0,0,0,0,0,0,0,0,241000,0,0,0,249000,8000,241000,241000
045858,元油2X統一94購02,0,0,0,0,0,0,0,0,0,240000,0,0,0,240000,0,240000,240000
044463,全新兆豐93購01  ,0,0,0,0,0,0,0,0,0,240000,0,0,0,240000,0,240000,240000
049813,康控元大96購02  ,0,0,0,0,0,0,0,0,0,240000,0,0,0,240000,0,240000,240000
052877,矽創凱基96購01  ,0,0,0,0,0,0,0,0,0,240000,0,0,0,240000,0,240000,240000
1589,永冠-KY         ,133000,42000,91000,0,0,0,0,7474,-7474,156000,171000,0,171000,0,15000,-15000,239526
00739,元大MSCI A股    ,127000,0,127000,0,0,0,0,0,0,112000,0,0,0,249000,137000,112000,239000
051167,京鼎元大95購01  ,0,0,0,0,0,0,0,0,0,239000,0,0,0,382000,143000,239000,239000
052168,鴻海元大96購10  ,0,0,0,0,0,0,0,0,0,239000,0,0,0,290000,51000,239000,239000
052869,新日興凱基96購01,0,0,0,0,0,0,0,0,0,238000,0,0,0,247000,9000,238000,238000
053943,元油反富邦97購03,0,0,0,0,0,0,0,0,0,237000,0,0,0,237000,0,237000,237000
047572,深中小群益95購01,0,0,0,0,0,0,0,0,0,237000,0,0,0,237000,0,237000,237000
050281,台積電日盛94購03,0,0,0,0,0,0,0,0,0,237000,0,0,0,487000,250000,237000,237000
052590,祥碩永豐96購01  ,0,0,0,0,0,0,0,0,0,237000,0,0,0,256000,19000,237000,237000
05263P,台積電元大96售09,0,0,0,0,0,0,0,0,0,237000,0,0,0,252000,15000,237000,237000
6670,復盛應用        ,665000,520000,145000,0,0,0,0,0,0,92000,20000,25000,-5000,97000,0,97000,237000
1605,華新            ,875000,1213264,-338264,0,0,0,123644,0,123644,451000,23000,29000,-6000,524000,67000,457000,236380
052477,美律群益98購01  ,0,0,0,0,0,0,0,0,0,236000,0,0,0,313000,77000,236000,236000
047327,中磊元大93購04  ,0,0,0,0,0,0,0,0,0,235000,0,0,0,256000,21000,235000,235000
052480,麗豐群益95購01  ,0,0,0,0,0,0,0,0,0,235000,0,0,0,235000,0,235000,235000
054720,禾伸堂永豐97購01,0,0,0,0,0,0,0,0,0,234000,0,0,0,234000,0,234000,234000
044403,新日興凱基92購01,0,0,0,0,0,0,0,0,0,234000,0,0,0,235000,1000,234000,234000
044971,元油2X國票92購02,0,0,0,0,0,0,0,0,0,234000,0,0,0,234000,0,234000,234000
047824,臺股指凱基93購18,0,0,0,0,0,0,0,0,0,234000,0,0,0,353000,119000,234000,234000
05201P,玉晶光國泰97售02,0,0,0,0,0,0,0,0,0,234000,0,0,0,244000,10000,234000,234000
042558,瑞昱中信94購01  ,0,0,0,0,0,0,0,0,0,233000,0,0,0,233000,0,233000,233000
042993,葡萄王元大94購01,0,0,0,0,0,0,0,0,0,233000,0,0,0,237000,4000,233000,233000
048352,嘉澤台新93購01  ,0,0,0,0,0,0,0,0,0,233000,0,0,0,233000,0,233000,233000
05374P,台積電國票96售07,0,0,0,0,0,0,0,0,0,233000,0,0,0,275000,42000,233000,233000
6165,捷泰            ,251000,18000,233000,0,0,0,0,0,0,0,0,0,0,0,0,0,233000
052342,茂林凱基96購01  ,0,0,0,0,0,0,0,0,0,232000,0,0,0,302000,70000,232000,232000
05221P,玉晶光元大95售04,0,0,0,0,0,0,0,0,0,231000,0,0,0,321000,90000,231000,231000
053419,光罩永豐96購01  ,0,0,0,0,0,0,0,0,0,231000,0,0,0,314000,83000,231000,231000
044693,滬深2X元大94購01,0,0,0,0,0,0,0,0,0,230000,0,0,0,231000,1000,230000,230000
051603,深中小群益99購03,0,0,0,0,0,0,0,0,0,230000,0,0,0,230000,0,230000,230000
050093,國巨永豐94購05  ,0,0,0,0,0,0,0,0,0,229000,0,0,0,234000,5000,229000,229000
053122,美律凱基98購01  ,0,0,0,0,0,0,0,0,0,229000,0,0,0,262000,33000,229000,229000
3003,健和興          ,338000,112000,226000,0,0,0,0,14205,-14205,17000,0,3000,-3000,20000,0,20000,228795
047848,可成統一93購01  ,0,0,0,0,0,0,0,0,0,228000,0,0,0,228000,0,228000,228000
051840,康友國泰97購02  ,0,0,0,0,0,0,0,0,0,228000,0,0,0,320000,92000,228000,228000
054641,祥碩中信98購01  ,0,0,0,0,0,0,0,0,0,227000,0,0,0,490000,263000,227000,227000
051505,台積電元富95購05,0,0,0,0,0,0,0,0,0,227000,0,0,0,610000,383000,227000,227000
053463,可成富邦98購01  ,0,0,0,0,0,0,0,0,0,227000,0,0,0,237000,10000,227000,227000
06153P,健策元大97售04  ,0,0,0,0,0,0,0,0,0,226000,0,0,0,335000,109000,226000,226000
050160,中石化國泰95購01,0,0,0,0,0,0,0,0,0,226000,0,0,0,230000,4000,226000,226000
054836,勤誠中信97購01  ,0,0,0,0,0,0,0,0,0,225000,0,0,0,265000,40000,225000,225000
055012,茂林元富97購01  ,0,0,0,0,0,0,0,0,0,225000,0,0,0,248000,23000,225000,225000
055175,建準統一97購01  ,0,0,0,0,0,0,0,0,0,225000,0,0,0,235000,10000,225000,225000
04605P,台積電兆豐94售03,0,0,0,0,0,0,0,0,0,225000,0,0,0,225000,0,225000,225000
03987P,亞光群益93售02  ,0,0,0,0,0,0,0,0,0,225000,0,0,0,225000,0,225000,225000
05354P,臺股指元富95售08,0,0,0,0,0,0,0,0,0,225000,0,0,0,230000,5000,225000,225000
044697,美律元大93購02  ,0,0,0,0,0,0,0,0,0,224000,0,0,0,233000,9000,224000,224000
047420,全新富邦97購01  ,0,0,0,0,0,0,0,0,0,224000,0,0,0,224000,0,224000,224000
052836,旺宏國泰98購01  ,0,0,0,0,0,0,0,0,0,224000,0,0,0,243000,19000,224000,224000
049159,同欣電中信96購01,0,0,0,0,0,0,0,0,0,222000,0,0,0,222000,0,222000,222000
052158,華泰永豐95購01  ,0,0,0,0,0,0,0,0,0,222000,0,0,0,252000,30000,222000,222000
4551,智伸科          ,169000,75000,94000,0,0,0,0,2000,-2000,130000,27000,50000,-23000,158000,5000,153000,222000
054155,美律第一96購01  ,0,0,0,0,0,0,0,0,0,221000,0,0,0,356000,135000,221000,221000
045165,台虹國泰93購01  ,0,0,0,0,0,0,0,0,0,221000,0,0,0,242000,21000,221000,221000
048898,晶相光國泰96購01,0,0,0,0,0,0,0,0,0,221000,0,0,0,248000,27000,221000,221000
055415,禾伸堂富邦9B購01,0,0,0,0,0,0,0,0,0,220000,0,0,0,522000,302000,220000,220000
043359,和鑫國票92購02  ,0,0,0,0,0,0,0,0,0,220000,0,0,0,220000,0,220000,220000
052735,燿華富邦98購01  ,0,0,0,0,0,0,0,0,0,220000,0,0,0,299000,79000,220000,220000
051109,美律統一95購02  ,0,0,0,0,0,0,0,0,0,219000,0,0,0,283000,64000,219000,219000
055393,華新科統一97購03,0,0,0,0,0,0,0,0,0,218000,0,0,0,218000,0,218000,218000
050153,義隆群益94購01  ,0,0,0,0,0,0,0,0,0,218000,0,0,0,333000,115000,218000,218000
049606,可成第一94購01  ,0,0,0,0,0,0,0,0,0,218000,0,0,0,218000,0,218000,218000
052819,義隆永豐96購01  ,0,0,0,0,0,0,0,0,0,218000,0,0,0,310000,92000,218000,218000
055180,文曄統一97購01  ,0,0,0,0,0,0,0,0,0,216000,0,0,0,218000,2000,216000,216000
045645,祥碩凱基93購03  ,0,0,0,0,0,0,0,0,0,216000,0,0,0,218000,2000,216000,216000
048842,矽格凱基94購01  ,0,0,0,0,0,0,0,0,0,216000,0,0,0,245000,29000,216000,216000
052051,京鼎凱基95購01  ,0,0,0,0,0,0,0,0,0,216000,0,0,0,226000,10000,216000,216000
047641,可成元大93購09  ,0,0,0,0,0,0,0,0,0,215000,0,0,0,215000,0,215000,215000
046833,晶技群益93購01  ,0,0,0,0,0,0,0,0,0,214000,0,0,0,214000,0,214000,214000
044408,聯茂凱基93購02  ,0,0,0,0,0,0,0,0,0,214000,0,0,0,1000000,786000,214000,214000
051747,貿聯國泰96購01  ,0,0,0,0,0,0,0,0,0,214000,0,0,0,214000,0,214000,214000
052929,可成元大96購02  ,0,0,0,0,0,0,0,0,0,214000,0,0,0,447000,233000,214000,214000
053838,正文永豐96購02  ,0,0,0,0,0,0,0,0,0,214000,0,0,0,214000,0,214000,214000
055168,光罩統一98購01  ,0,0,0,0,0,0,0,0,0,213000,0,0,0,231000,18000,213000,213000
055246,美律統一98購01  ,0,0,0,0,0,0,0,0,0,213000,0,0,0,213000,0,213000,213000
04522P,卜蜂凱基94售02  ,0,0,0,0,0,0,0,0,0,213000,0,0,0,213000,0,213000,213000
052986,聯發科元大97購05,0,0,0,0,0,0,0,0,0,213000,0,0,0,1350000,1137000,213000,213000
051696,新日興中信96購01,0,0,0,0,0,0,0,0,0,213000,0,0,0,540000,327000,213000,213000
048295,泰鼎群益93購01  ,0,0,0,0,0,0,0,0,0,212000,0,0,0,353000,141000,212000,212000
048062,南亞科統一93購05,0,0,0,0,0,0,0,0,0,212000,0,0,0,412000,200000,212000,212000
9802,鈺齊-KY         ,538000,110700,427300,0,0,0,7000,0,7000,-223000,28000,1000,27000,0,250000,-250000,211300
046026,友訊元大92購01  ,0,0,0,0,0,0,0,0,0,211000,0,0,0,211000,0,211000,211000
044819,新日興兆豐93購02,0,0,0,0,0,0,0,0,0,211000,0,0,0,222000,11000,211000,211000
051317,亞德客國票96購01,0,0,0,0,0,0,0,0,0,211000,0,0,0,258000,47000,211000,211000
054394,奇力新永豐96購03,0,0,0,0,0,0,0,0,0,210000,0,0,0,259000,49000,210000,210000
054531,聯發科國泰97購02,0,0,0,0,0,0,0,0,0,210000,0,0,0,215000,5000,210000,210000
045228,泰鼎元大93購01  ,0,0,0,0,0,0,0,0,0,210000,0,0,0,471000,261000,210000,210000
045141,創意兆豐92購02  ,0,0,0,0,0,0,0,0,0,210000,0,0,0,210000,0,210000,210000
03984P,上銀群益93售05  ,0,0,0,0,0,0,0,0,0,210000,0,0,0,210000,0,210000,210000
042909,順德元大94購01  ,0,0,0,0,0,0,0,0,0,210000,0,0,0,290000,80000,210000,210000
049627,嘉聯益群益94購02,0,0,0,0,0,0,0,0,0,210000,0,0,0,210000,0,210000,210000
051047,深中小群益99購01,0,0,0,0,0,0,0,0,0,210000,0,0,0,440000,230000,210000,210000
051187,晶相光永豐95購01,0,0,0,0,0,0,0,0,0,210000,0,0,0,215000,5000,210000,210000
055540,京鼎台新97購01  ,0,0,0,0,0,0,0,0,0,209000,0,0,0,209000,0,209000,209000
046782,建準永豐93購01  ,0,0,0,0,0,0,0,0,0,209000,0,0,0,209000,0,209000,209000
047479,美律凱基94購01  ,0,0,0,0,0,0,0,0,0,209000,0,0,0,210000,1000,209000,209000
051997,康友元大95購02  ,0,0,0,0,0,0,0,0,0,209000,0,0,0,365000,156000,209000,209000
046928,奇鋐富邦97購01  ,0,0,0,0,0,0,0,0,0,208000,0,0,0,208000,0,208000,208000
04971P,矽力元富94售02  ,0,0,0,0,0,0,0,0,0,208000,0,0,0,569000,361000,208000,208000
049776,全新統一95購02  ,0,0,0,0,0,0,0,0,0,208000,0,0,0,296000,88000,208000,208000
051962,晶相光永豐95購02,0,0,0,0,0,0,0,0,0,208000,0,0,0,254000,46000,208000,208000
8926,台汽電          ,253000,29000,224000,0,0,0,12000,38304,-26304,10000,11000,1000,10000,0,0,0,207696
046508,冠德元大92購04  ,0,0,0,0,0,0,0,0,0,207000,0,0,0,207000,0,207000,207000
048432,全新國票95購01  ,0,0,0,0,0,0,0,0,0,207000,0,0,0,207000,0,207000,207000
050752,美律統一94購05  ,0,0,0,0,0,0,0,0,0,207000,0,0,0,237000,30000,207000,207000
05359P,嘉澤元大95售02  ,0,0,0,0,0,0,0,0,0,207000,0,0,0,303000,96000,207000,207000
06046P,健策統一96售03  ,0,0,0,0,0,0,0,0,0,206000,0,0,0,456000,250000,206000,206000
053915,光罩國票96購02  ,0,0,0,0,0,0,0,0,0,206000,0,0,0,206000,0,206000,206000
055022,精元國泰99購01  ,0,0,0,0,0,0,0,0,0,206000,0,0,0,383000,177000,206000,206000
2383,台光電          ,1176000,1080000,96000,0,0,0,13000,0,13000,97000,236000,91000,145000,32000,80000,-48000,206000
047737,義隆麥證94購01  ,0,0,0,335000,130000,205000,0,0,0,205000,0,0,0,335000,130000,205000,205000
049087,晶相光凱基94購02,0,0,0,0,0,0,0,0,0,205000,0,0,0,300000,95000,205000,205000
052576,聯茂凱基96購01  ,0,0,0,0,0,0,0,0,0,205000,0,0,0,313000,108000,205000,205000
054966,貿聯元大98購02  ,0,0,0,0,0,0,0,0,0,204000,0,0,0,273000,69000,204000,204000
05447P,臺股指元大95售24,0,0,0,0,0,0,0,0,0,204000,0,0,0,212000,8000,204000,204000
047038,亞光群益93購01  ,0,0,0,0,0,0,0,0,0,203000,0,0,0,203000,0,203000,203000
047380,統一元大93購01  ,0,0,0,0,0,0,0,0,0,203000,0,0,0,245000,42000,203000,203000
051228,聯發科群益95購03,0,0,0,0,0,0,0,0,0,203000,0,0,0,203000,0,203000,203000
054628,可成凱基98購01  ,0,0,0,0,0,0,0,0,0,202000,0,0,0,259000,57000,202000,202000
046602,新日興群益94購01,0,0,0,0,0,0,0,0,0,202000,0,0,0,446000,244000,202000,202000
050945,致茂群益95購01  ,0,0,0,0,0,0,0,0,0,202000,0,0,0,323000,121000,202000,202000
046793,聯發科元富99購01,0,0,0,0,0,0,0,0,0,201000,0,0,0,234000,33000,201000,201000
045749,智邦富邦93購01  ,0,0,0,0,0,0,0,0,0,201000,0,0,0,251000,50000,201000,201000
044125,美律凱基93購01  ,0,0,0,0,0,0,0,0,0,201000,0,0,0,206000,5000,201000,201000
04060P,臺股指群益93售14,0,0,0,0,0,0,0,0,0,201000,0,0,0,229000,28000,201000,201000
050792,可成富邦96購01  ,0,0,0,0,0,0,0,0,0,201000,0,0,0,380000,179000,201000,201000
049979,美律凱基94購07  ,0,0,0,0,0,0,0,0,0,201000,0,0,0,242000,41000,201000,201000
055164,矽創元大98購01  ,0,0,0,0,0,0,0,0,0,200000,0,0,0,240000,40000,200000,200000
055181,日電貿統一97購01,0,0,0,0,0,0,0,0,0,200000,0,0,0,200000,0,200000,200000
053870,正文元大96購01  ,0,0,0,0,0,0,0,0,0,200000,0,0,0,255000,55000,200000,200000
05677P,玉晶光群益98售03,0,0,0,0,0,0,0,0,0,200000,0,0,0,210000,10000,200000,200000
08778P,台積電群益01售09,0,0,0,0,0,0,0,0,0,200000,0,0,0,200000,0,200000,200000
055635,緯穎永豐97購01  ,0,0,0,0,0,0,0,0,0,200000,0,0,0,200000,0,200000,200000
05587P,鴻海凱基96售12  ,0,0,0,0,0,0,0,0,0,200000,0,0,0,204000,4000,200000,200000
03154P,華新科群益01售07,0,0,0,0,0,0,0,0,0,200000,0,0,0,200000,0,200000,200000
00738U,元大道瓊白銀    ,91000,1000,90000,0,0,0,0,0,0,110000,0,0,0,412000,302000,110000,200000
044410,宏達電麥證92購01,0,0,0,200000,0,200000,0,0,0,200000,0,0,0,200000,0,200000,200000
04222P,台積電統一93售08,0,0,0,0,0,0,0,0,0,200000,0,0,0,200000,0,200000,200000
03744P,致茂凱基93售01  ,0,0,0,0,0,0,0,0,0,200000,0,0,0,200000,0,200000,200000
046760,冠德凱基93購02  ,0,0,0,0,0,0,0,0,0,200000,0,0,0,200000,0,200000,200000
04367P,滬深2X凱基95售04,0,0,0,0,0,0,0,0,0,200000,0,0,0,200000,0,200000,200000
04368P,台積電凱基94售02,0,0,0,0,0,0,0,0,0,200000,0,0,0,200000,0,200000,200000
043835,宏達電國票92購01,0,0,0,0,0,0,0,0,0,200000,0,0,0,200000,0,200000,200000
04409P,台積電統一95售01,0,0,0,0,0,0,0,0,0,200000,0,0,0,200000,0,200000,200000
044676,台積電凱基91購20,0,0,0,0,0,0,0,0,0,200000,0,0,0,200000,0,200000,200000
044582,GIS凱基92購01   ,0,0,0,0,0,0,0,0,0,200000,0,0,0,200000,0,200000,200000
04233P,儒鴻兆豐93售01  ,0,0,0,0,0,0,0,0,0,200000,0,0,0,200000,0,200000,200000
046661,冠德元大93購01  ,0,0,0,0,0,0,0,0,0,200000,0,0,0,200000,0,200000,200000
044744,義隆群益91購02  ,0,0,0,0,0,0,0,0,0,200000,0,0,0,200000,0,200000,200000
045930,康控永豐92購01  ,0,0,0,0,0,0,0,0,0,200000,0,0,0,200000,0,200000,200000
045024,宏達電兆豐93購01,0,0,0,0,0,0,0,0,0,200000,0,0,0,200000,0,200000,200000
04907P,超眾國票95售01  ,0,0,0,0,0,0,0,0,0,200000,0,0,0,200000,0,200000,200000
048458,中磊凱基93購03  ,0,0,0,0,0,0,0,0,0,200000,0,0,0,200000,0,200000,200000
047936,美利達凱基93購02,0,0,0,0,0,0,0,0,0,200000,0,0,0,200000,0,200000,200000
048055,燿華國泰95購02  ,0,0,0,0,0,0,0,0,0,200000,0,0,0,200000,0,200000,200000
050929,中磊凱基95購01  ,0,0,0,0,0,0,0,0,0,200000,0,0,0,200000,0,200000,200000
047376,南電國票94購01  ,0,0,0,0,0,0,0,0,0,200000,0,0,0,200000,0,200000,200000
050542,宏碁凱基95購01  ,0,0,0,0,0,0,0,0,0,200000,0,0,0,200000,0,200000,200000
050412,全新永豐94購04  ,0,0,0,0,0,0,0,0,0,200000,0,0,0,200000,0,200000,200000
047622,中磊凱基93購02  ,0,0,0,0,0,0,0,0,0,200000,0,0,0,200000,0,200000,200000
047728,嘉聯益群益93購01,0,0,0,0,0,0,0,0,0,200000,0,0,0,400000,200000,200000,200000
048359,奇鋐永豐93購02  ,0,0,0,0,0,0,0,0,0,200000,0,0,0,200000,0,200000,200000
048426,超眾元富93購01  ,0,0,0,0,0,0,0,0,0,200000,0,0,0,200000,0,200000,200000
047207,晶技國泰94購01  ,0,0,0,0,0,0,0,0,0,200000,0,0,0,200000,0,200000,200000
051218,聯發科元富9B購02,0,0,0,0,0,0,0,0,0,200000,0,0,0,200000,0,200000,200000
052301,華通康和95購01  ,0,0,0,0,0,0,0,0,0,200000,0,0,0,500000,300000,200000,200000
052985,美律元大96購02  ,0,0,0,0,0,0,0,0,0,200000,0,0,0,206000,6000,200000,200000
046054,冠德群益93購01  ,0,0,0,0,0,0,0,0,0,199000,0,0,0,209000,10000,199000,199000
03438P,群創群益98售03  ,0,0,0,0,0,0,0,0,0,199000,0,0,0,199000,0,199000,199000
048912,牧德富邦94購01  ,0,0,0,0,0,0,0,0,0,199000,0,0,0,227000,28000,199000,199000
049076,佳世達凱基94購01,0,0,0,0,0,0,0,0,0,199000,0,0,0,200000,1000,199000,199000
051151,中磊凱基95購02  ,0,0,0,0,0,0,0,0,0,199000,0,0,0,200000,1000,199000,199000
051385,矽創群益95購01  ,0,0,0,0,0,0,0,0,0,199000,0,0,0,199000,0,199000,199000
2882B,國泰金乙特      ,0,0,0,0,0,0,0,0,0,199000,199000,0,199000,0,0,0,199000
055198,奇力新第一97購01,0,0,0,0,0,0,0,0,0,198000,0,0,0,428000,230000,198000,198000
047897,可成群益94購01  ,0,0,0,0,0,0,0,0,0,198000,0,0,0,298000,100000,198000,198000
04823P,台積電元富94售09,0,0,0,0,0,0,0,0,0,198000,0,0,0,198000,0,198000,198000
052907,嘉澤國票97購01  ,0,0,0,0,0,0,0,0,0,198000,0,0,0,201000,3000,198000,198000
055032,億光富邦99購01  ,0,3000,-3000,0,0,0,0,0,0,200000,0,0,0,253000,53000,200000,197000
046946,益航元大94購01  ,0,0,0,0,0,0,0,0,0,197000,0,0,0,200000,3000,197000,197000
048901,矽格國泰95購01  ,0,0,0,0,0,0,0,0,0,197000,0,0,0,210000,13000,197000,197000
049733,旺宏群益94購03  ,0,0,0,0,0,0,0,0,0,197000,0,0,0,197000,0,197000,197000
051808,美律凱基96購02  ,0,0,0,0,0,0,0,0,0,197000,0,0,0,197000,0,197000,197000
2338,光罩            ,542000,652000,-110000,0,0,0,356000,0,356000,-49000,130000,7000,123000,551000,723000,-172000,197000
055124,建準兆豐97購01  ,0,0,0,0,0,0,0,0,0,196000,0,0,0,196000,0,196000,196000
047028,新日興元大93購02,0,0,0,0,0,0,0,0,0,196000,0,0,0,198000,2000,196000,196000
049763,美食國泰96購01  ,0,0,0,0,0,0,0,0,0,196000,0,0,0,386000,190000,196000,196000
050050,國泰金群益94購02,0,0,0,0,0,0,0,0,0,196000,0,0,0,200000,4000,196000,196000
054959,禾伸堂元大98購01,0,0,0,0,0,0,0,0,0,195000,0,0,0,195000,0,195000,195000
06043P,創意永豐96售06  ,0,0,0,0,0,0,0,0,0,195000,0,0,0,195000,0,195000,195000
045807,上緯控國票93購01,0,0,0,0,0,0,0,0,0,195000,0,0,0,195000,0,195000,195000
1325,恆大            ,67000,73000,-6000,0,0,0,0,0,0,200000,200000,0,200000,0,0,0,194000
047867,旺宏永豐93購02  ,0,0,0,0,0,0,0,0,0,194000,0,0,0,210000,16000,194000,194000
048928,華新科永豐94購02,0,0,0,0,0,0,0,0,0,194000,0,0,0,199000,5000,194000,194000
06157P,聯鈞統一97售02  ,0,0,0,0,0,0,0,0,0,193000,0,0,0,331000,138000,193000,193000
054572,國巨元大98購03  ,0,0,0,0,0,0,0,0,0,193000,0,0,0,283000,90000,193000,193000
046771,聯發科國泰94購02,0,0,0,0,0,0,0,0,0,193000,0,0,0,242000,49000,193000,193000
4967,十銓            ,301000,336000,-35000,0,0,0,0,0,0,228000,250000,22000,228000,0,0,0,193000
050133,鈺齊凱基94購01  ,0,1000,-1000,0,0,0,0,0,0,193000,0,0,0,234000,41000,193000,192000
054427,潤泰全富邦97購01,0,0,0,0,0,0,0,0,0,191000,0,0,0,391000,200000,191000,191000
047981,南亞科群益93購02,0,0,0,0,0,0,0,0,0,191000,0,0,0,191000,0,191000,191000
054381,世芯群益98購01  ,0,0,0,0,0,0,0,0,0,190000,0,0,0,190000,0,190000,190000
045687,達興元大92購02  ,0,0,0,0,0,0,0,0,0,190000,0,0,0,190000,0,190000,190000
047443,智原元大94購01  ,0,0,0,0,0,0,0,0,0,190000,0,0,0,200000,10000,190000,190000
050926,禾伸堂凱基95購01,0,0,0,0,0,0,0,0,0,190000,0,0,0,256000,66000,190000,190000
050655,中磊凱基96購01  ,0,0,0,0,0,0,0,0,0,190000,0,0,0,200000,10000,190000,190000
052833,康控群益96購01  ,0,0,0,0,0,0,0,0,0,190000,0,0,0,196000,6000,190000,190000
053474,聯發科元大97購06,0,0,0,0,0,0,0,0,0,190000,0,0,0,564000,374000,190000,190000
3708,上緯投控        ,202000,12000,190000,0,0,0,0,0,0,0,0,0,0,0,0,0,190000
055201,興勤群益98購01  ,0,0,0,0,0,0,0,0,0,189000,0,0,0,189000,0,189000,189000
2399,映泰            ,273000,79000,194000,0,0,0,0,0,0,-5000,0,5000,-5000,0,0,0,189000
043983,華邦電元大92購01,0,0,0,0,0,0,0,0,0,188000,0,0,0,189000,1000,188000,188000
046294,台勝科統一92購01,0,0,0,0,0,0,0,0,0,188000,0,0,0,188000,0,188000,188000
053536,明泰永豐96購01  ,0,0,0,0,0,0,0,0,0,188000,0,0,0,188000,0,188000,188000
052476,台光電群益98購01,0,0,0,0,0,0,0,0,0,188000,0,0,0,210000,22000,188000,188000
3605,宏致            ,232000,28000,204000,0,0,0,14179,27000,-12821,-4000,0,4000,-4000,0,0,0,187179
047834,義隆元大93購02  ,0,0,0,0,0,0,0,0,0,187000,0,0,0,280000,93000,187000,187000
054904,興勤康和97購01  ,0,0,0,0,0,0,0,0,0,186000,0,0,0,188000,2000,186000,186000
050499,台達電凱基94購11,0,0,0,0,0,0,0,0,0,186000,0,0,0,186000,0,186000,186000
052683,鴻海元大97購03  ,0,0,0,0,0,0,0,0,0,186000,0,0,0,300000,114000,186000,186000
048368,燿華統一93購01  ,0,0,0,0,0,0,0,0,0,185000,0,0,0,185000,0,185000,185000
048052,力成中信93購01  ,0,0,0,0,0,0,0,0,0,185000,0,0,0,237000,52000,185000,185000
051752,緯穎富邦96購01  ,0,0,0,0,0,0,0,0,0,185000,0,0,0,185000,0,185000,185000
6269,台郡            ,479000,371000,108000,0,0,0,180000,0,180000,-103000,14000,122000,-108000,20000,15000,5000,185000
044195,台積電國票91購03,0,0,0,0,0,0,0,0,0,184000,0,0,0,184000,0,184000,184000
053596,嘉澤元大96購01  ,0,0,0,0,0,0,0,0,0,184000,0,0,0,245000,61000,184000,184000
053841,美律統一96購01  ,0,0,0,0,0,0,0,0,0,184000,0,0,0,184000,0,184000,184000
054870,新日興群益98購01,0,0,0,0,0,0,0,0,0,183000,0,0,0,414000,231000,183000,183000
048493,微星元大93購04  ,0,0,0,0,0,0,0,0,0,183000,0,0,0,305000,122000,183000,183000
051475,宏碁凱基95購02  ,0,0,0,0,0,0,0,0,0,183000,0,0,0,183000,0,183000,183000
054560,全新群益98購03  ,0,0,0,0,0,0,0,0,0,182000,0,0,0,383000,201000,182000,182000
054693,神基永豐97購01  ,0,0,0,0,0,0,0,0,0,182000,0,0,0,182000,0,182000,182000
046380,神基凱基93購01  ,0,0,0,0,0,0,0,0,0,182000,0,0,0,327000,145000,182000,182000
04948P,瑞儀元大94售03  ,0,0,0,0,0,0,0,0,0,182000,0,0,0,187000,5000,182000,182000
053865,欣興元大97購02  ,0,0,0,0,0,0,0,0,0,181000,0,0,0,248000,67000,181000,181000
054161,友訊凱基98購01  ,0,0,0,0,0,0,0,0,0,181000,0,0,0,200000,19000,181000,181000
050350,全新群益94購04  ,0,0,0,0,0,0,0,0,0,181000,0,0,0,320000,139000,181000,181000
053087,冠德元大96購02  ,0,0,0,0,0,0,0,0,0,181000,0,0,0,204000,23000,181000,181000
045242,台肥群益92購01  ,0,0,0,0,0,0,0,0,0,180000,0,0,0,180000,0,180000,180000
046781,A50永豐93購01   ,0,0,0,0,0,0,0,0,0,180000,0,0,0,180000,0,180000,180000
051311,瑞昱麥證95購01  ,0,0,0,860000,680000,180000,0,0,0,180000,0,0,0,860000,680000,180000,180000
052119,漢唐國票96購01  ,0,0,0,0,0,0,0,0,0,180000,0,0,0,180000,0,180000,180000
052100,滬深2X永昌96購01,0,0,0,0,0,0,0,0,0,180000,0,0,0,180000,0,180000,180000
052267,可成亞東95購02  ,0,0,0,0,0,0,0,0,0,180000,0,0,0,180000,0,180000,180000
054519,禾伸堂元大97購02,0,0,0,0,0,0,0,0,0,179000,0,0,0,209000,30000,179000,179000
050467,力成中信94購01  ,0,0,0,0,0,0,0,0,0,179000,0,0,0,219000,40000,179000,179000
047726,友達群益94購02  ,0,0,0,0,0,0,0,0,0,179000,0,0,0,273000,94000,179000,179000
6141,柏承            ,256000,74000,182000,0,0,0,0,0,0,-3000,0,3000,-3000,0,0,0,179000
055645,技嘉元富97購01  ,0,0,0,0,0,0,0,0,0,178000,0,0,0,283000,105000,178000,178000
044060,美律元大92購05  ,0,0,0,0,0,0,0,0,0,178000,0,0,0,180000,2000,178000,178000
04228P,貿聯永豐93售03  ,0,0,0,0,0,0,0,0,0,178000,0,0,0,265000,87000,178000,178000
050342,華通元富94購02  ,0,0,0,0,0,0,0,0,0,178000,0,0,0,201000,23000,178000,178000
052976,台表科群益96購03,0,0,0,0,0,0,0,0,0,178000,0,0,0,208000,30000,178000,178000
048547,訊芯永豐93購03  ,0,0,0,0,0,0,0,0,0,177000,0,0,0,215000,38000,177000,177000
047213,新日興富邦97購01,0,0,0,0,0,0,0,0,0,177000,0,0,0,214000,37000,177000,177000
048031,全新凱基93購02  ,0,0,0,0,0,0,0,0,0,177000,0,0,0,197000,20000,177000,177000
051827,智邦元大95購04  ,0,0,0,0,0,0,0,0,0,177000,0,0,0,435000,258000,177000,177000
05657P,樺漢統一97售01  ,0,0,0,0,0,0,0,0,0,176000,0,0,0,191000,15000,176000,176000
05744P,台表科元大96售04,0,0,0,0,0,0,0,0,0,176000,0,0,0,181000,5000,176000,176000
054583,玉晶光統一97購02,0,0,0,0,0,0,0,0,0,176000,0,0,0,176000,0,176000,176000
048406,欣興群益93購09  ,0,0,0,0,0,0,0,0,0,176000,0,0,0,176000,0,176000,176000
047773,超眾元大96購01  ,0,0,0,0,0,0,0,0,0,176000,0,0,0,194000,18000,176000,176000
053201,美律日盛96購01  ,0,0,0,0,0,0,0,0,0,176000,0,0,0,176000,0,176000,176000
053822,正文群益97購01  ,0,0,0,0,0,0,0,0,0,176000,0,0,0,201000,25000,176000,176000
046821,奇鋐凱基93購02  ,0,0,0,0,0,0,0,0,0,175000,0,0,0,175000,0,175000,175000
045553,華邦電國票92購02,0,0,0,0,0,0,0,0,0,175000,0,0,0,175000,0,175000,175000
051930,國泰金兆豐97購01,0,0,0,0,0,0,0,0,0,175000,0,0,0,185000,10000,175000,175000
052216,康友元大96購01  ,0,0,0,0,0,0,0,0,0,175000,0,0,0,175000,0,175000,175000
8131,福懋科          ,159000,17000,142000,0,0,0,36616,0,36616,-4000,0,3000,-3000,0,1000,-1000,174616
054786,全新群益99購02  ,0,0,0,0,0,0,0,0,0,174000,0,0,0,192000,18000,174000,174000
050646,美律凱基96購01  ,0,0,0,0,0,0,0,0,0,174000,0,0,0,174000,0,174000,174000
053256,上銀富邦98購01  ,0,0,0,0,0,0,0,0,0,174000,0,0,0,436000,262000,174000,174000
053019,禾伸堂元富96購01,0,0,0,0,0,0,0,0,0,174000,0,0,0,174000,0,174000,174000
055718,可成元大97購02  ,0,0,0,0,0,0,0,0,0,173000,0,0,0,353000,180000,173000,173000
046372,東元凱基92購01  ,0,0,0,0,0,0,0,0,0,173000,0,0,0,200000,27000,173000,173000
050882,華泰國泰96購01  ,0,0,0,0,0,0,0,0,0,173000,0,0,0,173000,0,173000,173000
05995P,T50正2中信9C售01,0,0,0,0,0,0,0,0,0,172000,0,0,0,200000,28000,172000,172000
055062,文曄永豐97購01  ,0,0,0,0,0,0,0,0,0,172000,0,0,0,172000,0,172000,172000
045119,美律元大92購06  ,0,0,0,0,0,0,0,0,0,172000,0,0,0,172000,0,172000,172000
046090,冠德兆豐92購01  ,0,0,0,0,0,0,0,0,0,172000,0,0,0,182000,10000,172000,172000
046085,儒鴻麥證92購01  ,0,0,0,182000,11000,171000,0,0,0,171000,0,0,0,182000,11000,171000,171000
050332,鴻海國泰96購05  ,0,0,0,0,0,0,0,0,0,171000,0,0,0,172000,1000,171000,171000
2104,國際中橡        ,290000,79000,211000,0,0,0,0,33000,-33000,-7000,0,8000,-8000,8000,7000,1000,171000
4958,臻鼎-KY         ,727796,445000,282796,0,0,0,1000,67000,-66000,-46000,14000,18000,-4000,0,42000,-42000,170796
8464,億豐            ,267736,241000,26736,0,0,0,145000,0,145000,-1000,0,1000,-1000,0,0,0,170736
055024,興勤國泰98購01  ,0,0,0,0,0,0,0,0,0,170000,0,0,0,180000,10000,170000,170000
046177,矽創永豐92購01  ,0,0,0,0,0,0,0,0,0,170000,0,0,0,170000,0,170000,170000
048875,晶相光國票94購01,0,0,0,0,0,0,0,0,0,170000,0,0,0,170000,0,170000,170000
044479,群創統一91購01  ,0,0,0,0,0,0,0,0,0,170000,0,0,0,170000,0,170000,170000
049949,燿華群益96購01  ,0,0,0,0,0,0,0,0,0,170000,0,0,0,192000,22000,170000,170000
08962P,大立光凱基03售05,0,0,0,0,0,0,0,0,0,169000,0,0,0,169000,0,169000,169000
045780,奇鋐元大94購01  ,0,0,0,0,0,0,0,0,0,169000,0,0,0,169000,0,169000,169000
049861,正崴兆豐94購01  ,0,0,0,0,0,0,0,0,0,169000,0,0,0,169000,0,169000,169000
051149,可成凱基95購04  ,0,0,0,0,0,0,0,0,0,169000,0,0,0,169000,0,169000,169000
055564,茂林凱基98購01  ,0,0,0,0,0,0,0,0,0,168000,0,0,0,238000,70000,168000,168000
046904,大毅凱基93購01  ,0,0,0,0,0,0,0,0,0,168000,0,0,0,168000,0,168000,168000
049453,新日興統一94購01,0,0,0,0,0,0,0,0,0,168000,0,0,0,168000,0,168000,168000
047197,美律統一94購01  ,0,0,0,0,0,0,0,0,0,168000,0,0,0,168000,0,168000,168000
055660,台光電兆豐97購01,0,0,0,0,0,0,0,0,0,167000,0,0,0,183000,16000,167000,167000
054324,美律台新97購01  ,0,0,0,0,0,0,0,0,0,167000,0,0,0,177000,10000,167000,167000
048653,巨大元大96購02  ,0,0,0,0,0,0,0,0,0,167000,0,0,0,167000,0,167000,167000
052725,為升元富96購01  ,0,0,0,0,0,0,0,0,0,167000,0,0,0,305000,138000,167000,167000
054960,新日興元大97購02,0,0,0,0,0,0,0,0,0,166000,0,0,0,362000,196000,166000,166000
055085,大毅國票97購01  ,0,0,0,0,0,0,0,0,0,166000,0,0,0,172000,6000,166000,166000
055114,新日興凱基98購01,0,0,0,0,0,0,0,0,0,166000,0,0,0,223000,57000,166000,166000
054883,億光統一97購01  ,0,0,0,0,0,0,0,0,0,166000,0,0,0,166000,0,166000,166000
04854P,鴻海國泰96售04  ,0,0,0,0,0,0,0,0,0,166000,0,0,0,230000,64000,166000,166000
044466,和大群益93購01  ,0,0,0,0,0,0,0,0,0,166000,0,0,0,236000,70000,166000,166000
048172,祥碩永豐93購02  ,0,0,0,0,0,0,0,0,0,166000,0,0,0,166000,0,166000,166000
048007,明基材元大96購01,0,0,0,0,0,0,0,0,0,166000,0,0,0,225000,59000,166000,166000
03661P,智邦兆豐92售01  ,0,0,0,0,0,0,0,0,0,165000,0,0,0,165000,0,165000,165000
052444,友訊元大95購01  ,0,0,0,0,0,0,0,0,0,165000,0,0,0,180000,15000,165000,165000
055058,大毅永豐97購01  ,0,0,0,0,0,0,0,0,0,164000,0,0,0,172000,8000,164000,164000
054237,茂林群益97購01  ,0,0,0,0,0,0,0,0,0,164000,0,0,0,268000,104000,164000,164000
03821P,上海銀統一95售01,0,0,0,0,0,0,0,0,0,164000,0,0,0,216000,52000,164000,164000
046569,同欣電元富92購02,0,0,0,0,0,0,0,0,0,164000,0,0,0,164000,0,164000,164000
04898P,瑞儀中信95售01  ,0,0,0,0,0,0,0,0,0,164000,0,0,0,174000,10000,164000,164000
054822,祥碩元大97購01  ,0,0,0,0,0,0,0,0,0,163000,0,0,0,182000,19000,163000,163000
050088,禾伸堂台新94購01,0,0,0,0,0,0,0,0,0,163000,0,0,0,163000,0,163000,163000
050603,致新國泰96購01  ,0,0,0,0,0,0,0,0,0,163000,0,0,0,173000,10000,163000,163000
05575P,玉晶光元富96售01,0,0,0,0,0,0,0,0,0,162000,0,0,0,262000,100000,162000,162000
044187,泰鼎國泰93購01  ,0,0,0,0,0,0,0,0,0,162000,0,0,0,265000,103000,162000,162000
04747P,臺股指元大94售22,0,0,0,0,0,0,0,0,0,162000,0,0,0,403000,241000,162000,162000
053217,群創凱基99購02  ,0,0,0,0,0,0,0,0,0,162000,0,0,0,300000,138000,162000,162000
053260,喬山群益96購01  ,0,0,0,0,0,0,0,0,0,162000,0,0,0,162000,0,162000,162000
054173,奇力新台新97購02,0,0,0,0,0,0,0,0,0,161000,0,0,0,167000,6000,161000,161000
048828,禾伸堂凱基94購02,0,0,0,0,0,0,0,0,0,161000,0,0,0,193000,32000,161000,161000
047293,全新元富93購03  ,0,0,0,0,0,0,0,0,0,161000,0,0,0,161000,0,161000,161000
6139,亞翔            ,65000,55000,10000,0,0,0,150941,0,150941,0,0,0,0,0,0,0,160941
055057,興勤永豐97購01  ,0,0,0,0,0,0,0,0,0,160000,0,0,0,160000,0,160000,160000
046230,亞光元大92購03  ,0,0,0,0,0,0,0,0,0,160000,0,0,0,161000,1000,160000,160000
047282,啟碁永豐93購01  ,0,0,0,0,0,0,0,0,0,160000,0,0,0,160000,0,160000,160000
047537,聯發科日盛93購01,0,0,0,0,0,0,0,0,0,160000,0,0,0,190000,30000,160000,160000
051511,鈺齊中信97購01  ,0,0,0,0,0,0,0,0,0,160000,0,0,0,161000,1000,160000,160000
5434,崇越            ,514000,214016,299984,0,0,0,0,15463,-15463,-125000,0,3000,-3000,0,122000,-122000,159521
9939,宏全            ,275000,170000,105000,0,0,0,39065,0,39065,15000,23000,3000,20000,0,5000,-5000,159065
048824,聯發科凱基94購03,0,0,0,0,0,0,0,0,0,159000,0,0,0,174000,15000,159000,159000
051192,緯創兆豐96購01  ,0,0,0,0,0,0,0,0,0,159000,0,0,0,159000,0,159000,159000
051098,矽格元大95購01  ,0,0,0,0,0,0,0,0,0,159000,0,0,0,193000,34000,159000,159000
051712,嘉聯益群益95購01,0,0,0,0,0,0,0,0,0,159000,0,0,0,159000,0,159000,159000
053587,京元電元大98購01,0,0,0,0,0,0,0,0,0,159000,0,0,0,222000,63000,159000,159000
5215,科嘉-KY         ,170000,22000,148000,0,0,0,0,0,0,11000,11000,0,11000,0,0,0,159000
054820,新日興元大97購01,0,0,0,0,0,0,0,0,0,158000,0,0,0,215000,57000,158000,158000
055309,冠德群益97購01  ,0,0,0,0,0,0,0,0,0,158000,0,0,0,199000,41000,158000,158000
046603,貿聯群益93購01  ,0,0,0,0,0,0,0,0,0,158000,0,0,0,158000,0,158000,158000
049188,可成台新94購01  ,0,0,0,0,0,0,0,0,0,158000,0,0,0,158000,0,158000,158000
2375,凱美            ,357000,283000,74000,0,0,0,0,0,0,84000,0,3000,-3000,157000,70000,87000,158000
2359,所羅門          ,288000,98000,190000,0,0,0,0,29000,-29000,-3000,0,3000,-3000,0,0,0,158000
055256,日電貿統一99購01,0,0,0,0,0,0,0,0,0,157000,0,0,0,157000,0,157000,157000
054206,鴻海國票99購01  ,0,0,0,0,0,0,0,0,0,157000,0,0,0,240000,83000,157000,157000
046002,美律統一93購01  ,0,0,0,0,0,0,0,0,0,157000,0,0,0,210000,53000,157000,157000
053744,台郡國票97購03  ,0,0,0,0,0,0,0,0,0,157000,0,0,0,208000,51000,157000,157000
047013,超眾元富96購01  ,0,0,0,0,0,0,0,0,0,156000,0,0,0,186000,30000,156000,156000
045662,華邦電統一94購02,0,0,0,0,0,0,0,0,0,156000,0,0,0,158000,2000,156000,156000
049225,達方國票94購01  ,0,0,0,0,0,0,0,0,0,156000,0,0,0,181000,25000,156000,156000
047591,訊芯永豐93購02  ,0,0,0,0,0,0,0,0,0,156000,0,0,0,186000,30000,156000,156000
6533,晶心科          ,226000,70000,156000,0,0,0,0,0,0,0,0,0,0,0,0,0,156000
053876,可成永昌98購01  ,0,0,0,0,0,0,0,0,0,155000,0,0,0,255000,100000,155000,155000
054727,台積電日盛97購02,0,0,0,0,0,0,0,0,0,155000,0,0,0,405000,250000,155000,155000
049056,玉晶光永豐95購03,0,0,0,0,0,0,0,0,0,155000,0,0,0,177000,22000,155000,155000
050009,昇陽半永豐94購02,0,0,0,0,0,0,0,0,0,155000,0,0,0,175000,20000,155000,155000
049524,可成兆豐95購02  ,0,0,0,0,0,0,0,0,0,155000,0,0,0,155000,0,155000,155000
051435,聯茂元富95購01  ,0,0,0,0,0,0,0,0,0,155000,0,0,0,171000,16000,155000,155000
05718P,國巨元大96售09  ,0,0,0,0,0,0,0,0,0,154000,0,0,0,204000,50000,154000,154000
046403,技嘉元大92購01  ,0,0,0,0,0,0,0,0,0,154000,0,0,0,221000,67000,154000,154000
04288P,台積電中信95售06,0,0,0,0,0,0,0,0,0,154000,0,0,0,154000,0,154000,154000
051766,泰鼎元大95購02  ,0,0,0,0,0,0,0,0,0,154000,0,0,0,236000,82000,154000,154000
052176,景碩元大96購01  ,0,0,0,0,0,0,0,0,0,154000,0,0,0,172000,18000,154000,154000
052761,可成群益96購02  ,0,0,0,0,0,0,0,0,0,154000,0,0,0,154000,0,154000,154000
054518,亞光元大97購01  ,0,0,0,0,0,0,0,0,0,153000,0,0,0,310000,157000,153000,153000
046704,智原元富93購01  ,0,0,0,0,0,0,0,0,0,153000,0,0,0,153000,0,153000,153000
047868,欣興永豐93購04  ,0,0,0,0,0,0,0,0,0,153000,0,0,0,153000,0,153000,153000
047185,益航元大94購02  ,0,0,0,0,0,0,0,0,0,153000,0,0,0,153000,0,153000,153000
050613,台光電元大94購09,0,0,0,0,0,0,0,0,0,153000,0,0,0,369000,216000,153000,153000
052434,茂林國泰97購01  ,0,0,0,0,0,0,0,0,0,153000,0,0,0,168000,15000,153000,153000
05472P,國巨統一96售02  ,0,0,0,0,0,0,0,0,0,152000,0,0,0,182000,30000,152000,152000
054770,健策國票98購01  ,0,0,0,0,0,0,0,0,0,152000,0,0,0,172000,20000,152000,152000
05722P,玉晶光國票97售03,0,0,0,0,0,0,0,0,0,152000,0,0,0,387000,235000,152000,152000
055634,訊芯永豐97購02  ,0,0,0,0,0,0,0,0,0,152000,0,0,0,182000,30000,152000,152000
048556,技嘉元大93購03  ,0,0,0,0,0,0,0,0,0,152000,0,0,0,187000,35000,152000,152000
047039,晶技群益93購02  ,0,0,0,0,0,0,0,0,0,152000,0,0,0,152000,0,152000,152000
051802,同欣電永豐95購02,0,0,0,0,0,0,0,0,0,152000,0,0,0,154000,2000,152000,152000
051126,訊連群益95購01  ,0,0,0,0,0,0,0,0,0,152000,0,0,0,200000,48000,152000,152000
053261,國巨群益96購05  ,0,0,0,0,0,0,0,0,0,152000,0,0,0,160000,8000,152000,152000
04050P,創意元大93售05  ,0,0,0,0,0,0,0,0,0,151000,0,0,0,200000,49000,151000,151000
049205,聯發科群益94購05,0,0,0,0,0,0,0,0,0,151000,0,0,0,169000,18000,151000,151000
051928,大立光中信96購03,0,0,0,0,0,0,0,0,0,151000,0,0,0,181000,30000,151000,151000
05193P,台郡台新95售01  ,0,0,0,0,0,0,0,0,0,151000,0,0,0,151000,0,151000,151000
052087,鴻海元大96購09  ,0,0,0,0,0,0,0,0,0,151000,0,0,0,152000,1000,151000,151000
3653,健策            ,356000,185000,171000,0,0,0,80000,125000,-45000,25000,17000,7000,10000,31000,16000,15000,151000
055478,訊芯凱基97購01  ,0,0,0,0,0,0,0,0,0,150000,0,0,0,168000,18000,150000,150000
054578,世芯元大99購01  ,0,0,0,0,0,0,0,0,0,150000,0,0,0,211000,61000,150000,150000
055007,晶相光元富9A購02,0,0,0,0,0,0,0,0,0,150000,0,0,0,150000,0,150000,150000
03351P,台積電麥證02售07,0,0,0,0,0,0,0,0,0,150000,0,0,0,150000,0,150000,150000
04139P,大立光國票93售03,0,0,0,0,0,0,0,0,0,150000,0,0,0,150000,0,150000,150000
042930,大立光中信94購01,0,0,0,0,0,0,0,0,0,150000,0,0,0,155000,5000,150000,150000
04295P,智邦元大93售10  ,0,0,0,0,0,0,0,0,0,150000,0,0,0,150000,0,150000,150000
043051,天鈺國泰93購01  ,0,0,0,0,0,0,0,0,0,150000,0,0,0,250000,100000,150000,150000
043870,光磊元大92購01  ,0,0,0,0,0,0,0,0,0,150000,0,0,0,150000,0,150000,150000
045324,嘉晶統一92購01  ,0,0,0,0,0,0,0,0,0,150000,0,0,0,150000,0,150000,150000
045090,瀚宇博元大93購01,0,0,0,0,0,0,0,0,0,150000,0,0,0,150000,0,150000,150000
04929P,同欣電凱基95售01,0,0,0,0,0,0,0,0,0,150000,0,0,0,150000,0,150000,150000
049541,楠梓電群益94購02,0,0,0,0,0,0,0,0,0,150000,0,0,0,150000,0,150000,150000
049882,康控永豐94購01  ,0,0,0,0,0,0,0,0,0,150000,0,0,0,150000,0,150000,150000
050416,高股息凱基96購02,0,0,0,0,0,0,0,0,0,150000,0,0,0,150000,0,150000,150000
05178P,大立光凱基96售05,0,0,0,0,0,0,0,0,0,150000,0,0,0,150000,0,150000,150000
051230,聯詠群益95購01  ,0,0,0,0,0,0,0,0,0,150000,0,0,0,153000,3000,150000,150000
053364,友達國泰98購01  ,0,0,0,0,0,0,0,0,0,150000,0,0,0,150000,0,150000,150000
053504,祥碩兆豐96購01  ,0,0,0,0,0,0,0,0,0,150000,0,0,0,150000,0,150000,150000
053862,南亞科元大97購02,0,0,0,0,0,0,0,0,0,150000,0,0,0,210000,60000,150000,150000
052981,鴻海元大97購05  ,0,0,0,0,0,0,0,0,0,150000,0,0,0,247000,97000,150000,150000
049458,SP黃豆元富96購01,0,0,0,0,0,0,0,0,0,149000,0,0,0,149000,0,149000,149000
052069,聯茂兆豐96購01  ,0,0,0,0,0,0,0,0,0,149000,0,0,0,488000,339000,149000,149000
055332,奇力新兆豐98購01,0,0,0,0,0,0,0,0,0,148000,0,0,0,205000,57000,148000,148000
048630,南亞元大93購01  ,0,0,0,0,0,0,0,0,0,148000,0,0,0,160000,12000,148000,148000
049836,矽創凱基94購02  ,0,0,0,0,0,0,0,0,0,148000,0,0,0,148000,0,148000,148000
052970,美律群益96購01  ,0,0,0,0,0,0,0,0,0,148000,0,0,0,174000,26000,148000,148000
053487,台泥兆豐97購01  ,0,0,0,0,0,0,0,0,0,148000,0,0,0,148000,0,148000,148000
046665,智原元大93購01  ,0,0,0,0,0,0,0,0,0,147000,0,0,0,214000,67000,147000,147000
04639P,臺股指群益94售14,0,0,0,0,0,0,0,0,0,147000,0,0,0,238000,91000,147000,147000
049576,元油2X元大94購06,0,0,0,0,0,0,0,0,0,147000,0,0,0,147000,0,147000,147000
048764,台光電凱基94購03,0,0,0,0,0,0,0,0,0,147000,0,0,0,147000,0,147000,147000
050531,訊芯元大95購02  ,0,0,0,0,0,0,0,0,0,147000,0,0,0,202000,55000,147000,147000
052635,奇力新凱基98購01,0,0,0,0,0,0,0,0,0,147000,0,0,0,196000,49000,147000,147000
052431,茂林永豐95購03  ,0,0,0,0,0,0,0,0,0,147000,0,0,0,160000,13000,147000,147000
046319,新日興元大92購03,0,0,0,0,0,0,0,0,0,146000,0,0,0,151000,5000,146000,146000
049913,微星元大94購01  ,0,0,0,0,0,0,0,0,0,146000,0,0,0,184000,38000,146000,146000
050165,泰鼎國泰95購02  ,0,0,0,0,0,0,0,0,0,146000,0,0,0,155000,9000,146000,146000
051826,智邦元大95購03  ,0,0,0,0,0,0,0,0,0,146000,0,0,0,218000,72000,146000,146000
051215,大立光統一95購03,0,0,0,0,0,0,0,0,0,146000,0,0,0,290000,144000,146000,146000
2329,華泰            ,347000,106000,241000,0,0,0,0,55000,-55000,-40000,8000,8000,0,83000,123000,-40000,146000
054404,新日興康和96購01,0,0,0,0,0,0,0,0,0,145000,0,0,0,145000,0,145000,145000
043750,美律元大93購01  ,0,0,0,0,0,0,0,0,0,145000,0,0,0,245000,100000,145000,145000
051104,鈺齊元大96購01  ,0,0,0,0,0,0,0,0,0,145000,0,0,0,145000,0,145000,145000
051006,中磊中信95購01  ,0,0,0,0,0,0,0,0,0,145000,0,0,0,241000,96000,145000,145000
053355,超眾兆豐97購01  ,0,0,0,0,0,0,0,0,0,145000,0,0,0,154000,9000,145000,145000
054618,訊芯永豐97購01  ,0,0,0,0,0,0,0,0,0,144000,0,0,0,154000,10000,144000,144000
046801,中橡元大93購01  ,0,0,0,0,0,0,0,0,0,144000,0,0,0,144000,0,144000,144000
048845,GIS凱基94購02   ,0,0,0,0,0,0,0,0,0,144000,0,0,0,150000,6000,144000,144000
048979,晶相光元大94購03,0,0,0,0,0,0,0,0,0,144000,0,0,0,146000,2000,144000,144000
052982,鴻海元大97購06  ,0,0,0,0,0,0,0,0,0,144000,0,0,0,164000,20000,144000,144000
05120P,聯發科國泰97售01,0,0,0,0,0,0,0,0,0,144000,0,0,0,437000,293000,144000,144000
051406,泰鼎永豐96購01  ,0,0,0,0,0,0,0,0,0,144000,0,0,0,298000,154000,144000,144000
051738,全新國票96購02  ,0,0,0,0,0,0,0,0,0,144000,0,0,0,144000,0,144000,144000
052250,光磊永豐95購01  ,0,0,0,0,0,0,0,0,0,144000,0,0,0,234000,90000,144000,144000
052243,致茂康和95購01  ,0,0,0,0,0,0,0,0,0,144000,0,0,0,222000,78000,144000,144000
054574,美律元大99購01  ,0,0,0,0,0,0,0,0,0,143000,0,0,0,182000,39000,143000,143000
054017,茂林永豐96購02  ,0,0,0,0,0,0,0,0,0,143000,0,0,0,177000,34000,143000,143000
047949,燿華台新93購01  ,0,0,0,0,0,0,0,0,0,143000,0,0,0,243000,100000,143000,143000
051993,和碩元大95購03  ,0,0,0,0,0,0,0,0,0,143000,0,0,0,442000,299000,143000,143000
2014,中鴻            ,239000,133000,106000,0,0,0,119651,64000,55651,-19000,0,19000,-19000,0,0,0,142651
055322,欣興國票97購06  ,0,0,0,0,0,0,0,0,0,142000,0,0,0,164000,22000,142000,142000
050664,全新台新94購02  ,0,0,0,0,0,0,0,0,0,142000,0,0,0,223000,81000,142000,142000
050699,京鼎凱基96購01  ,0,0,0,0,0,0,0,0,0,142000,0,0,0,212000,70000,142000,142000
052169,鴻海元大97購02  ,0,0,0,0,0,0,0,0,0,142000,0,0,0,142000,0,142000,142000
05233P,台郡台新95售02  ,0,0,0,0,0,0,0,0,0,142000,0,0,0,142000,0,142000,142000
1712,興農            ,134000,214000,-80000,0,0,0,27000,0,27000,195000,195000,0,195000,0,0,0,142000
2548,華固            ,392000,243000,149000,0,0,0,0,1000,-1000,-6000,1000,1000,0,5000,11000,-6000,142000
055437,禾伸堂中信99購01,0,0,0,0,0,0,0,0,0,141000,0,0,0,141000,0,141000,141000
053998,泰鼎群益98購01  ,0,0,0,0,0,0,0,0,0,141000,0,0,0,502000,361000,141000,141000
03978P,瑞儀元大93售01  ,0,0,0,0,0,0,0,0,0,141000,0,0,0,141000,0,141000,141000
04449P,智邦凱基94售01  ,0,0,0,0,0,0,0,0,0,141000,0,0,0,141000,0,141000,141000
052932,正文元大97購01  ,0,0,0,0,0,0,0,0,0,141000,0,0,0,200000,59000,141000,141000
054294,世芯元大96購02  ,0,0,0,0,0,0,0,0,0,140000,0,0,0,155000,15000,140000,140000
041973,台灣50中信94購01,0,0,0,0,0,0,0,0,0,140000,0,0,0,312000,172000,140000,140000
050431,聯發科凱基94購18,0,0,0,0,0,0,0,0,0,140000,0,0,0,209000,69000,140000,140000
053018,旺宏元富96購02  ,0,0,0,0,0,0,0,0,0,140000,0,0,0,178000,38000,140000,140000
05259P,臺股指凱基96售12,0,0,0,0,0,0,0,0,0,140000,0,0,0,140000,0,140000,140000
053728,茂林凱基97購01  ,0,0,0,0,0,0,0,0,0,140000,0,0,0,196000,56000,140000,140000
054744,晶相光凱基99購01,0,0,0,0,0,0,0,0,0,139000,0,0,0,169000,30000,139000,139000
039212,台達電台新9A購01,0,0,0,0,0,0,0,0,0,139000,0,0,0,184000,45000,139000,139000
0061,元大寶滬深      ,0,0,0,0,0,0,0,0,0,139000,40000,0,40000,111000,12000,99000,139000
05633P,台表科群益96售04,0,0,0,0,0,0,0,0,0,138000,0,0,0,177000,39000,138000,138000
05843P,台積電元大96售16,0,0,0,0,0,0,0,0,0,138000,0,0,0,162000,24000,138000,138000
043040,永冠元富94購01  ,0,0,0,0,0,0,0,0,0,138000,0,0,0,149000,11000,138000,138000
04745P,祥碩元大94售04  ,0,0,0,0,0,0,0,0,0,138000,0,0,0,440000,302000,138000,138000
048974,日電貿元大94購01,0,0,0,0,0,0,0,0,0,138000,0,0,0,139000,1000,138000,138000
047062,鴻海凱基93購24  ,0,0,0,0,0,0,0,0,0,138000,0,0,0,1322000,1184000,138000,138000
05360P,健策元大95售03  ,0,0,0,0,0,0,0,0,0,138000,0,0,0,152000,14000,138000,138000
051489,世芯凱基95購01  ,0,0,0,0,0,0,0,0,0,137000,0,0,0,153000,16000,137000,137000
051183,建準永豐95購02  ,0,0,0,0,0,0,0,0,0,137000,0,0,0,137000,0,137000,137000
051036,喬山台新95購01  ,0,0,0,0,0,0,0,0,0,137000,0,0,0,137000,0,137000,137000
055248,可成統一97購02  ,0,0,0,0,0,0,0,0,0,136000,0,0,0,136000,0,136000,136000
054042,華泰元大96購01  ,0,0,0,0,0,0,0,0,0,136000,0,0,0,158000,22000,136000,136000
046864,和大統一97購01  ,0,0,0,0,0,0,0,0,0,136000,0,0,0,321000,185000,136000,136000
044198,友達國票92購01  ,0,0,0,0,0,0,0,0,0,136000,0,0,0,136000,0,136000,136000
048994,南電元大94購03  ,0,0,0,0,0,0,0,0,0,136000,0,0,0,136000,0,136000,136000
04899P,力成中信94售02  ,0,0,0,0,0,0,0,0,0,136000,0,0,0,136000,0,136000,136000
047177,上銀元大93購05  ,0,0,0,0,0,0,0,0,0,136000,0,0,0,166000,30000,136000,136000
050585,矽格國票94購01  ,0,0,0,0,0,0,0,0,0,136000,0,0,0,136000,0,136000,136000
052102,台泥兆豐96購01  ,0,0,0,0,0,0,0,0,0,136000,0,0,0,137000,1000,136000,136000
054323,旺宏台新96購02  ,0,0,0,0,0,0,0,0,0,135000,0,0,0,148000,13000,135000,135000
042983,亞光凱基92購01  ,0,0,0,0,0,0,0,0,0,135000,0,0,0,135000,0,135000,135000
047663,亞德客永豐93購03,0,0,0,0,0,0,0,0,0,135000,0,0,0,154000,19000,135000,135000
05229P,台積電群益95售05,0,0,0,0,0,0,0,0,0,135000,0,0,0,165000,30000,135000,135000
051835,百和元大95購03  ,0,0,0,0,0,0,0,0,0,135000,0,0,0,150000,15000,135000,135000
051304,緯創凱基96購01  ,0,0,0,0,0,0,0,0,0,135000,0,0,0,157000,22000,135000,135000
053814,美律群益97購02  ,0,0,0,0,0,0,0,0,0,135000,0,0,0,169000,34000,135000,135000
06042P,華新科永豐96售04,0,0,0,0,0,0,0,0,0,134000,0,0,0,278000,144000,134000,134000
046348,嘉澤兆豐93購01  ,0,0,0,0,0,0,0,0,0,134000,0,0,0,134000,0,134000,134000
047035,華邦電群益94購02,0,0,0,0,0,0,0,0,0,134000,0,0,0,134000,0,134000,134000
050806,華新科日盛95購01,0,0,0,0,0,0,0,0,0,134000,0,0,0,158000,24000,134000,134000
053339,友達國票97購02  ,0,0,0,0,0,0,0,0,0,134000,0,0,0,134000,0,134000,134000
051450,世芯元大95購02  ,0,0,0,0,0,0,0,0,0,134000,0,0,0,141000,7000,134000,134000
052251,台光電永豐95購03,0,0,0,0,0,0,0,0,0,134000,0,0,0,134000,0,134000,134000
055398,超眾統一97購03  ,0,0,0,0,0,0,0,0,0,133000,0,0,0,133000,0,133000,133000
054295,世芯元大96購03  ,0,0,0,0,0,0,0,0,0,133000,0,0,0,152000,19000,133000,133000
053869,嘉澤元大96購02  ,0,0,0,0,0,0,0,0,0,133000,0,0,0,188000,55000,133000,133000
055023,億光國泰98購01  ,0,0,0,0,0,0,0,0,0,133000,0,0,0,138000,5000,133000,133000
046282,全新永豐92購01  ,0,0,0,0,0,0,0,0,0,133000,0,0,0,133000,0,133000,133000
050913,全新中信97購01  ,0,0,0,0,0,0,0,0,0,133000,0,0,0,183000,50000,133000,133000
050036,矽格元大94購03  ,0,0,0,0,0,0,0,0,0,133000,0,0,0,213000,80000,133000,133000
052233,台郡凱基96購01  ,0,0,0,0,0,0,0,0,0,133000,0,0,0,157000,24000,133000,133000
053278,禾伸堂元大96購01,0,0,0,0,0,0,0,0,0,133000,0,0,0,201000,68000,133000,133000
6541,泰福-KY         ,182000,48000,134000,0,0,0,0,0,0,-1000,0,1000,-1000,0,0,0,133000
045334,全新日盛92購01  ,0,0,0,0,0,0,0,0,0,132000,0,0,0,132000,0,132000,132000
049286,美律兆豐94購01  ,0,0,0,0,0,0,0,0,0,132000,0,0,0,192000,60000,132000,132000
052597,茂林群益96購01  ,0,0,0,0,0,0,0,0,0,132000,0,0,0,298000,166000,132000,132000
053025,燿華富邦98購02  ,0,0,0,0,0,0,0,0,0,132000,0,0,0,241000,109000,132000,132000
052193,國巨元富95購06  ,0,0,0,0,0,0,0,0,0,132000,0,0,0,178000,46000,132000,132000
2207,和泰車          ,201552,73000,128552,0,0,0,1000,0,1000,2000,0,2000,-2000,4000,0,4000,131552
055414,奇力新富邦9B購01,0,0,0,0,0,0,0,0,0,131000,0,0,0,131000,0,131000,131000
05828P,台積電統一97售02,0,0,0,0,0,0,0,0,0,131000,0,0,0,335000,204000,131000,131000
046858,群創元大94購02  ,0,0,0,0,0,0,0,0,0,131000,0,0,0,204000,73000,131000,131000
048889,牧德元富94購03  ,0,0,0,0,0,0,0,0,0,131000,0,0,0,185000,54000,131000,131000
049074,光罩凱基94購02  ,0,0,0,0,0,0,0,0,0,131000,0,0,0,262000,131000,131000,131000
05063P,聯電元大96售03  ,0,0,0,0,0,0,0,0,0,131000,0,0,0,131000,0,131000,131000
051463,世芯國泰97購02  ,0,0,0,0,0,0,0,0,0,131000,0,0,0,165000,34000,131000,131000
051102,訊芯元大96購01  ,0,0,0,0,0,0,0,0,0,131000,0,0,0,151000,20000,131000,131000
051020,健策凱基96購02  ,0,0,0,0,0,0,0,0,0,131000,0,0,0,131000,0,131000,131000
051168,訊連元大95購02  ,0,0,0,0,0,0,0,0,0,131000,0,0,0,131000,0,131000,131000
2453,凌群            ,168000,37000,131000,0,0,0,0,0,0,0,0,0,0,0,0,0,131000
055126,嘉澤兆豐97購01  ,0,0,0,0,0,0,0,0,0,130000,0,0,0,156000,26000,130000,130000
04207P,臺股指元大93售47,0,0,0,0,0,0,0,0,0,130000,0,0,0,160000,30000,130000,130000
04010P,上銀元大93售07  ,0,0,0,0,0,0,0,0,0,130000,0,0,0,130000,0,130000,130000
048668,奇力新永豐93購04,0,0,0,0,0,0,0,0,0,130000,0,0,0,156000,26000,130000,130000
045010,可成元大92購04  ,0,0,0,0,0,0,0,0,0,130000,0,0,0,130000,0,130000,130000
044877,旺宏元富91購01  ,0,0,0,0,0,0,0,0,0,130000,0,0,0,130000,0,130000,130000
046370,全新麥證93購01  ,0,0,0,130000,0,130000,0,0,0,130000,0,0,0,130000,0,130000,130000
050602,訊芯國泰96購01  ,0,0,0,0,0,0,0,0,0,130000,0,0,0,200000,70000,130000,130000
048194,華邦電元大94購04,0,0,0,0,0,0,0,0,0,130000,0,0,0,130000,0,130000,130000
049508,上銀凱基94購04  ,0,0,0,0,0,0,0,0,0,130000,0,0,0,130000,0,130000,130000
051775,旺宏亞東95購01  ,0,0,0,0,0,0,0,0,0,130000,0,0,0,130000,0,130000,130000
05258P,臺股指凱基96售11,0,0,0,0,0,0,0,0,0,130000,0,0,0,130000,0,130000,130000
052790,智邦兆豐97購01  ,0,0,0,0,0,0,0,0,0,130000,0,0,0,272000,142000,130000,130000
053584,友達元大9B購02  ,0,0,0,0,0,0,0,0,0,130000,0,0,0,208000,78000,130000,130000
048855,華新科群益94購02,0,0,0,0,0,0,0,0,0,129000,0,0,0,155000,26000,129000,129000
040197,晶電群益92購01  ,0,0,0,0,0,0,0,0,0,129000,0,0,0,129000,0,129000,129000
00659R,國泰日本反1     ,0,0,0,0,0,0,0,0,0,129000,0,0,0,133000,4000,129000,129000
050328,臻鼎永豐94購03  ,0,0,0,0,0,0,0,0,0,129000,0,0,0,129000,0,129000,129000
053599,崇越元大96購01  ,0,0,0,0,0,0,0,0,0,129000,0,0,0,129000,0,129000,129000
053500,新日興兆豐97購01,0,0,0,0,0,0,0,0,0,129000,0,0,0,129000,0,129000,129000
3041,揚智            ,217000,87000,130000,0,0,0,0,0,0,-1000,0,1000,-1000,0,0,0,129000
055186,正文統一97購01  ,0,0,0,0,0,0,0,0,0,128000,0,0,0,128000,0,128000,128000
054012,廣達永豐96購01  ,0,0,0,0,0,0,0,0,0,128000,0,0,0,128000,0,128000,128000
054385,矽創群益98購01  ,0,0,0,0,0,0,0,0,0,128000,0,0,0,130000,2000,128000,128000
046592,南電元大92購03  ,0,0,0,0,0,0,0,0,0,128000,0,0,0,138000,10000,128000,128000
050097,可成國泰96購02  ,0,0,0,0,0,0,0,0,0,128000,0,0,0,163000,35000,128000,128000
052482,茂林群益95購01  ,0,0,0,0,0,0,0,0,0,128000,0,0,0,151000,23000,128000,128000
053188,旺宏統一97購03  ,0,0,0,0,0,0,0,0,0,128000,0,0,0,128000,0,128000,128000
051445,可成元大95購06  ,0,0,0,0,0,0,0,0,0,128000,0,0,0,128000,0,128000,128000
8110,華東            ,114000,230000,-116000,0,0,0,259499,0,259499,-16000,0,16000,-16000,0,0,0,127499
054488,禾伸堂台新96購01,0,0,0,0,0,0,0,0,0,127000,0,0,0,132000,5000,127000,127000
054962,玉晶光元大99購02,0,0,0,0,0,0,0,0,0,127000,0,0,0,152000,25000,127000,127000
054856,得力群益99購01  ,0,0,0,0,0,0,0,0,0,127000,0,0,0,127000,0,127000,127000
05617P,大立光統一97售02,0,0,0,0,0,0,0,0,0,127000,0,0,0,127000,0,127000,127000
049914,瑞昱元大94購06  ,0,0,0,0,0,0,0,0,0,127000,0,0,0,198000,71000,127000,127000
052671,祥碩群益96購01  ,0,0,0,0,0,0,0,0,0,127000,0,0,0,148000,21000,127000,127000
054617,超眾永豐97購01  ,0,0,0,0,0,0,0,0,0,126000,0,0,0,156000,30000,126000,126000
046320,明泰元大92購02  ,0,0,0,0,0,0,0,0,0,126000,0,0,0,126000,0,126000,126000
05026P,貿聯群益95售01  ,0,0,0,0,0,0,0,0,0,126000,0,0,0,157000,31000,126000,126000
053206,聯發科麥證96購02,0,0,0,126000,0,126000,0,0,0,126000,0,0,0,126000,0,126000,126000
053239,崇越永豐96購01  ,0,0,0,0,0,0,0,0,0,126000,0,0,0,126000,0,126000,126000
051638,聯茂國票96購01  ,0,0,0,0,0,0,0,0,0,126000,0,0,0,126000,0,126000,126000
054771,茂林國票98購02  ,0,0,0,0,0,0,0,0,0,125000,0,0,0,125000,0,125000,125000
055681,奇鋐凱基98購03  ,0,0,0,0,0,0,0,0,0,125000,0,0,0,125000,0,125000,125000
055238,茂林台新97購01  ,0,0,0,0,0,0,0,0,0,125000,0,0,0,125000,0,125000,125000
046412,潤泰全元大92購02,0,0,0,0,0,0,0,0,0,125000,0,0,0,202000,77000,125000,125000
04206P,臺股指元大93售46,0,0,0,0,0,0,0,0,0,125000,0,0,0,125000,0,125000,125000
045580,冠德元大92購02  ,0,0,0,0,0,0,0,0,0,125000,0,0,0,125000,0,125000,125000
043391,康控元大94購01  ,0,0,0,0,0,0,0,0,0,125000,0,0,0,125000,0,125000,125000
047852,矽創元富93購01  ,0,0,0,0,0,0,0,0,0,125000,0,0,0,125000,0,125000,125000
052693,微星中信96購01  ,0,0,0,0,0,0,0,0,0,125000,0,0,0,135000,10000,125000,125000
054863,億光群益97購01  ,0,0,0,0,0,0,0,0,0,124000,0,0,0,144000,20000,124000,124000
055203,建準中信97購01  ,0,0,0,0,0,0,0,0,0,124000,0,0,0,124000,0,124000,124000
053983,樺漢元大97購02  ,0,0,0,0,0,0,0,0,0,124000,0,0,0,200000,76000,124000,124000
039951,鴻海群益91購01  ,0,0,0,0,0,0,0,0,0,124000,0,0,0,124000,0,124000,124000
050179,全新元大96購02  ,0,0,0,0,0,0,0,0,0,124000,0,0,0,296000,172000,124000,124000
049448,光磊統一94購01  ,0,0,0,0,0,0,0,0,0,124000,0,0,0,143000,19000,124000,124000
047639,聯發科元大93購16,0,0,0,0,0,0,0,0,0,124000,0,0,0,157000,33000,124000,124000
050759,貿聯元富94購02  ,0,0,0,0,0,0,0,0,0,123000,0,0,0,123000,0,123000,123000
049477,泰鼎永豐94購01  ,0,0,0,0,0,0,0,0,0,123000,0,0,0,197000,74000,123000,123000
053292,美律中信98購01  ,0,0,0,0,0,0,0,0,0,123000,0,0,0,123000,0,123000,123000
053725,晶相光凱基96購01,0,0,0,0,0,0,0,0,0,123000,0,0,0,138000,15000,123000,123000
051470,玉晶光日盛95購01,0,0,0,0,0,0,0,0,0,123000,0,0,0,123000,0,123000,123000
055231,大毅國票98購02  ,0,0,0,0,0,0,0,0,0,122000,0,0,0,221000,99000,122000,122000
047090,緯創元富93購01  ,0,0,0,0,0,0,0,0,0,122000,0,0,0,1172000,1050000,122000,122000
051354,聯發科元大95購09,0,0,0,0,0,0,0,0,0,122000,0,0,0,179000,57000,122000,122000
051669,建準元大95購01  ,0,0,0,0,0,0,0,0,0,122000,0,0,0,146000,24000,122000,122000
052106,明泰兆豐95購01  ,0,0,0,0,0,0,0,0,0,122000,0,0,0,122000,0,122000,122000
053788,泰鼎元大97購01  ,0,0,0,0,0,0,0,0,0,122000,0,0,0,709000,587000,122000,122000
05759P,智邦永豐96售02  ,0,0,0,0,0,0,0,0,0,121000,0,0,0,121000,0,121000,121000
054994,建準元富97購01  ,0,0,0,0,0,0,0,0,0,121000,0,0,0,121000,0,121000,121000
054704,玉晶光第一97購01,0,0,0,0,0,0,0,0,0,121000,0,0,0,135000,14000,121000,121000
043047,永冠國泰93購01  ,0,0,0,0,0,0,0,0,0,121000,0,0,0,131000,10000,121000,121000
051843,聯發科富邦99購01,0,0,0,0,0,0,0,0,0,121000,0,0,0,419000,298000,121000,121000
051332,奇力新永豐95購01,0,0,0,0,0,0,0,0,0,121000,0,0,0,141000,20000,121000,121000
051164,鴻海元大95購05  ,0,0,0,0,0,0,0,0,0,121000,0,0,0,416000,295000,121000,121000
054878,和大統一97購02  ,0,0,0,0,0,0,0,0,0,120000,0,0,0,120000,0,120000,120000
054958,亞光元大97購03  ,0,0,0,0,0,0,0,0,0,120000,0,0,0,130000,10000,120000,120000
046892,聯發科群益93購04,0,0,0,0,0,0,0,0,0,120000,0,0,0,120000,0,120000,120000
044366,合勤控國票91購01,0,0,0,0,0,0,0,0,0,120000,0,0,0,120000,0,120000,120000
046503,京元電元大92購08,0,0,0,0,0,0,0,0,0,120000,0,0,0,120000,0,120000,120000
045000,鴻海富邦93購01  ,0,0,0,0,0,0,0,0,0,120000,0,0,0,120000,0,120000,120000
045777,強茂元大92購02  ,0,0,0,0,0,0,0,0,0,120000,0,0,0,120000,0,120000,120000
048667,旺宏永豐94購02  ,0,0,0,0,0,0,0,0,0,120000,0,0,0,126000,6000,120000,120000
048888,牧德元富94購02  ,0,0,0,0,0,0,0,0,0,120000,0,0,0,120000,0,120000,120000
048881,美律統一94購02  ,0,0,0,0,0,0,0,0,0,120000,0,0,0,120000,0,120000,120000
049380,欣興元大94購04  ,0,0,0,0,0,0,0,0,0,120000,0,0,0,141000,21000,120000,120000
04796P,聯發科元大94售10,0,0,0,0,0,0,0,0,0,120000,0,0,0,200000,80000,120000,120000
048315,聯發科凱基93購32,0,0,0,0,0,0,0,0,0,120000,0,0,0,160000,40000,120000,120000
053457,旺宏國泰98購03  ,0,0,0,0,0,0,0,0,0,120000,0,0,0,154000,34000,120000,120000
053200,華邦電日盛96購01,0,0,0,0,0,0,0,0,0,120000,0,0,0,120000,0,120000,120000
054949,奇力新元大98購01,0,0,0,0,0,0,0,0,0,119000,0,0,0,280000,161000,119000,119000
055133,致新康和97購01  ,0,0,0,0,0,0,0,0,0,119000,0,0,0,119000,0,119000,119000
054465,亞光凱基97購01  ,0,0,0,0,0,0,0,0,0,119000,0,0,0,131000,12000,119000,119000
046919,大毅永豐93購01  ,0,0,0,0,0,0,0,0,0,119000,0,0,0,278000,159000,119000,119000
04003P,麗豐凱基94售03  ,0,0,0,0,0,0,0,0,0,119000,0,0,0,177000,58000,119000,119000
042787,新日興兆豐93購01,0,0,0,0,0,0,0,0,0,119000,0,0,0,119000,0,119000,119000
047534,聯茂元大93購05  ,0,0,0,0,0,0,0,0,0,119000,0,0,0,212000,93000,119000,119000
05286P,矽力統一95售02  ,0,0,0,0,0,0,0,0,0,119000,0,0,0,131000,12000,119000,119000
052527,泰鼎元大96購02  ,0,0,0,0,0,0,0,0,0,119000,0,0,0,509000,390000,119000,119000
05095P,景碩元大95售01  ,0,0,0,0,0,0,0,0,0,119000,0,0,0,120000,1000,119000,119000
051345,鴻海元大95購09  ,0,0,0,0,0,0,0,0,0,119000,0,0,0,593000,474000,119000,119000
055221,矽創凱基97購02  ,0,0,0,0,0,0,0,0,0,118000,0,0,0,170000,52000,118000,118000
044704,新日興元大91購01,0,0,0,0,0,0,0,0,0,118000,0,0,0,178000,60000,118000,118000
051050,鴻海群益95購03  ,0,0,0,0,0,0,0,0,0,118000,0,0,0,178000,60000,118000,118000
06052P,台郡國票97售06  ,0,0,0,0,0,0,0,0,0,117000,0,0,0,117000,0,117000,117000
05502P,台表科國票97售01,0,0,0,0,0,0,0,0,0,117000,0,0,0,117000,0,117000,117000
04185P,欣興統一93售05  ,0,0,0,0,0,0,0,0,0,117000,0,0,0,118000,1000,117000,117000
053559,台積電國泰98購01,0,0,0,0,0,0,0,0,0,117000,0,0,0,989000,872000,117000,117000
2105,正新            ,342448,221000,121448,0,0,0,0,13000,-13000,8000,0,10000,-10000,18000,0,18000,116448
055029,帆宣國泰99購01  ,0,0,0,0,0,0,0,0,0,116000,0,0,0,485000,369000,116000,116000
054478,可成中信97購01  ,0,0,0,0,0,0,0,0,0,116000,0,0,0,116000,0,116000,116000
055491,奇力新元大98購03,0,0,0,0,0,0,0,0,0,116000,0,0,0,194000,78000,116000,116000
048773,貿聯凱基94購01  ,0,0,0,0,0,0,0,0,0,116000,0,0,0,156000,40000,116000,116000
051241,台積電元大95購13,0,0,0,0,0,0,0,0,0,116000,0,0,0,158000,42000,116000,116000
6552,易華電          ,151000,33000,118000,0,0,0,0,0,0,-2000,0,2000,-2000,0,0,0,116000
6416,瑞祺電通        ,128000,86000,42000,0,0,0,80000,0,80000,-6000,0,6000,-6000,0,0,0,116000
055293,晶相光元大97購01,0,0,0,0,0,0,0,0,0,115000,0,0,0,115000,0,115000,115000
054485,華邦電台新96購01,0,0,0,0,0,0,0,0,0,115000,0,0,0,115000,0,115000,115000
054235,欣興群益96購06  ,0,0,0,0,0,0,0,0,0,115000,0,0,0,151000,36000,115000,115000
054698,同欣電永豐97購01,0,0,0,0,0,0,0,0,0,115000,0,0,0,115000,0,115000,115000
054611,全新永豐97購01  ,0,0,0,0,0,0,0,0,0,115000,0,0,0,115000,0,115000,115000
03644P,建準永豐92售02  ,0,0,0,0,0,0,0,0,0,115000,0,0,0,115000,0,115000,115000
046031,建準元大92購03  ,0,0,0,0,0,0,0,0,0,115000,0,0,0,150000,35000,115000,115000
049480,同欣電永豐94購01,0,0,0,0,0,0,0,0,0,115000,0,0,0,130000,15000,115000,115000
048109,旺宏群益94購02  ,0,0,0,0,0,0,0,0,0,115000,0,0,0,115000,0,115000,115000
049690,義隆元大95購02  ,0,0,0,0,0,0,0,0,0,115000,0,0,0,187000,72000,115000,115000
049431,光罩國票96購01  ,0,0,0,0,0,0,0,0,0,115000,0,0,0,115000,0,115000,115000
05154P,台積電兆豐95售05,0,0,0,0,0,0,0,0,0,115000,0,0,0,115000,0,115000,115000
052270,力成日盛95購01  ,0,0,0,0,0,0,0,0,0,115000,0,0,0,115000,0,115000,115000
053651,台光電凱基98購01,0,0,0,0,0,0,0,0,0,115000,0,0,0,296000,181000,115000,115000
054506,矽格永豐96購01  ,0,0,0,0,0,0,0,0,0,114000,0,0,0,116000,2000,114000,114000
046038,欣興元大92購07  ,0,0,0,0,0,0,0,0,0,114000,0,0,0,115000,1000,114000,114000
046934,智邦元富96購01  ,0,0,0,0,0,0,0,0,0,114000,0,0,0,184000,70000,114000,114000
047772,泰鼎元大93購05  ,0,0,0,0,0,0,0,0,0,114000,0,0,0,173000,59000,114000,114000
051924,聯茂日盛95購01  ,0,0,0,0,0,0,0,0,0,114000,0,0,0,377000,263000,114000,114000
051497,中磊亞東96購01  ,0,0,0,0,0,0,0,0,0,114000,0,0,0,114000,0,114000,114000
5871,中租-KY         ,1604622,1496000,108622,0,0,0,8000,18000,-10000,15000,4000,1000,3000,12000,0,12000,113622
054121,奇鋐永豐96購02  ,0,0,0,0,0,0,0,0,0,113000,0,0,0,122000,9000,113000,113000
046703,瑞昱元富95購01  ,0,0,0,0,0,0,0,0,0,113000,0,0,0,238000,125000,113000,113000
049019,美律群益94購02  ,0,0,0,0,0,0,0,0,0,113000,0,0,0,115000,2000,113000,113000
049983,智原凱基94購02  ,0,0,0,0,0,0,0,0,0,113000,0,0,0,151000,38000,113000,113000
048924,光罩永豐94購01  ,0,0,0,0,0,0,0,0,0,113000,0,0,0,213000,100000,113000,113000
052861,台光電凱基96購03,0,0,0,0,0,0,0,0,0,113000,0,0,0,326000,213000,113000,113000
054224,亞光統一98購01  ,0,0,0,0,0,0,0,0,0,112000,0,0,0,127000,15000,112000,112000
054044,京元電元大96購03,0,0,0,0,0,0,0,0,0,112000,0,0,0,132000,20000,112000,112000
054316,矽創凱基97購01  ,0,0,0,0,0,0,0,0,0,112000,0,0,0,121000,9000,112000,112000
055539,億光台新97購01  ,0,0,0,0,0,0,0,0,0,112000,0,0,0,112000,0,112000,112000
04953P,台積電群益94售13,0,0,0,0,0,0,0,0,0,112000,0,0,0,115000,3000,112000,112000
049851,致伸群益94購03  ,0,0,0,0,0,0,0,0,0,112000,0,0,0,112000,0,112000,112000
050687,上銀日盛94購01  ,0,0,0,0,0,0,0,0,0,112000,0,0,0,132000,20000,112000,112000
050404,元大金麥證94購01,0,0,0,120000,8000,112000,0,0,0,112000,0,0,0,120000,8000,112000,112000
05055P,台表科群益95售01,0,0,0,0,0,0,0,0,0,112000,0,0,0,112000,0,112000,112000
052595,奇力新群益96購01,0,0,0,0,0,0,0,0,0,112000,0,0,0,841000,729000,112000,112000
052763,晶技群益97購01  ,0,0,0,0,0,0,0,0,0,112000,0,0,0,125000,13000,112000,112000
05245P,台積電元大95售18,0,0,0,0,0,0,0,0,0,112000,0,0,0,440000,328000,112000,112000
054640,健策中信9B購01  ,0,0,0,0,0,0,0,0,0,111000,0,0,0,135000,24000,111000,111000
048594,泰鼎群益93購02  ,0,0,0,0,0,0,0,0,0,111000,0,0,0,491000,380000,111000,111000
03564P,為升群益02售02  ,0,0,0,0,0,0,0,0,0,111000,0,0,0,111000,0,111000,111000
050702,崇越凱基94購01  ,0,0,0,0,0,0,0,0,0,111000,0,0,0,117000,6000,111000,111000
04710P,台積電元大94售16,0,0,0,0,0,0,0,0,0,111000,0,0,0,111000,0,111000,111000
047218,南茂日盛93購01  ,0,0,0,0,0,0,0,0,0,111000,0,0,0,114000,3000,111000,111000
050010,鈺齊永豐94購01  ,0,0,0,0,0,0,0,0,0,111000,0,0,0,132000,21000,111000,111000
048511,美律凱基93購07  ,0,0,0,0,0,0,0,0,0,111000,0,0,0,111000,0,111000,111000
052717,正文凱基96購01  ,0,0,0,0,0,0,0,0,0,111000,0,0,0,111000,0,111000,111000
052969,建準群益97購01  ,0,0,0,0,0,0,0,0,0,111000,0,0,0,121000,10000,111000,111000
054835,致新中信97購01  ,0,0,0,0,0,0,0,0,0,110000,0,0,0,120000,10000,110000,110000
054931,緯穎凱基98購01  ,0,0,0,0,0,0,0,0,0,110000,0,0,0,137000,27000,110000,110000
05446P,緯穎元大95售04  ,0,0,0,0,0,0,0,0,0,110000,0,0,0,210000,100000,110000,110000
054000,訊芯群益96購02  ,0,0,0,0,0,0,0,0,0,110000,0,0,0,113000,3000,110000,110000
054182,台積電康和96購01,0,0,0,0,0,0,0,0,0,110000,0,0,0,110000,0,110000,110000
05850P,台積電兆豐96售06,0,0,0,0,0,0,0,0,0,110000,0,0,0,110000,0,110000,110000
04447P,上銀凱基94售02  ,0,0,0,0,0,0,0,0,0,110000,0,0,0,110000,0,110000,110000
04131P,裕隆群益93售01  ,0,0,0,0,0,0,0,0,0,110000,0,0,0,110000,0,110000,110000
045676,京元電元大92購03,0,0,0,0,0,0,0,0,0,110000,0,0,0,110000,0,110000,110000
043856,GIS富邦92購01   ,0,0,0,0,0,0,0,0,0,110000,0,0,0,110000,0,110000,110000
045107,超眾群益92購02  ,0,0,0,0,0,0,0,0,0,110000,0,0,0,110000,0,110000,110000
045214,上銀元大92購06  ,0,0,0,0,0,0,0,0,0,110000,0,0,0,110000,0,110000,110000
047843,超眾元大93購02  ,0,0,0,0,0,0,0,0,0,110000,0,0,0,110000,0,110000,110000
050020,為升元大94購06  ,0,0,0,0,0,0,0,0,0,110000,0,0,0,121000,11000,110000,110000
048126,TPK元大94購02   ,0,0,0,0,0,0,0,0,0,110000,0,0,0,210000,100000,110000,110000
049529,華新科中信95購01,0,0,0,0,0,0,0,0,0,110000,0,0,0,117000,7000,110000,110000
053090,新唐元大96購01  ,0,0,0,0,0,0,0,0,0,110000,0,0,0,110000,0,110000,110000
052634,華邦電凱基96購01,0,0,0,0,0,0,0,0,0,110000,0,0,0,127000,17000,110000,110000
052379,鈺齊元大95購04  ,0,0,0,0,0,0,0,0,0,110000,0,0,0,115000,5000,110000,110000
051750,華通富邦96購01  ,0,0,0,0,0,0,0,0,0,110000,0,0,0,410000,300000,110000,110000
05761P,嘉澤永豐96售01  ,0,0,0,0,0,0,0,0,0,109000,0,0,0,174000,65000,109000,109000
05561P,大立光兆豐96售02,0,0,0,0,0,0,0,0,0,109000,0,0,0,109000,0,109000,109000
054535,旺宏富邦97購02  ,0,0,0,0,0,0,0,0,0,109000,0,0,0,303000,194000,109000,109000
05471P,聯電統一95售01  ,0,0,0,0,0,0,0,0,0,109000,0,0,0,109000,0,109000,109000
054676,牧德台新98購01  ,0,0,0,0,0,0,0,0,0,109000,0,0,0,129000,20000,109000,109000
045207,智易國泰93購02  ,0,0,0,0,0,0,0,0,0,109000,0,0,0,110000,1000,109000,109000
00730,富邦臺灣優質高息,0,0,0,0,0,0,0,0,0,109000,0,0,0,301000,192000,109000,109000
049518,宏達電國票95購02,0,0,0,0,0,0,0,0,0,109000,0,0,0,209000,100000,109000,109000
047866,得力永豐93購01  ,0,0,0,0,0,0,0,0,0,109000,0,0,0,161000,52000,109000,109000
049133,為升元大94購02  ,0,0,0,0,0,0,0,0,0,109000,0,0,0,158000,49000,109000,109000
053501,明泰兆豐96購01  ,0,0,0,0,0,0,0,0,0,109000,0,0,0,109000,0,109000,109000
3029,零壹            ,169000,60000,109000,0,0,0,0,0,0,0,0,0,0,0,0,0,109000
054914,億光凱基98購01  ,0,0,0,0,0,0,0,0,0,108000,0,0,0,169000,61000,108000,108000
055205,京鼎中信99購01  ,0,0,0,0,0,0,0,0,0,108000,0,0,0,208000,100000,108000,108000
044003,聯發科兆豐93購01,0,0,0,0,0,0,0,0,0,108000,0,0,0,112000,4000,108000,108000
04618P,電子類群益94售02,0,0,0,0,0,0,0,0,0,108000,0,0,0,108000,0,108000,108000
048720,智易永豐94購02  ,0,0,0,0,0,0,0,0,0,108000,0,0,0,118000,10000,108000,108000
044986,上銀統一92購01  ,0,0,0,0,0,0,0,0,0,108000,0,0,0,108000,0,108000,108000
049459,全新元富95購02  ,0,0,0,0,0,0,0,0,0,108000,0,0,0,135000,27000,108000,108000
048192,華通元大96購01  ,0,0,0,0,0,0,0,0,0,108000,0,0,0,184000,76000,108000,108000
050301,矽創凱基94購03  ,0,0,0,0,0,0,0,0,0,108000,0,0,0,148000,40000,108000,108000
054905,國揚康和97購01  ,0,0,0,0,0,0,0,0,0,107000,0,0,0,123000,16000,107000,107000
055034,建準富邦99購01  ,0,0,0,0,0,0,0,0,0,107000,0,0,0,136000,29000,107000,107000
054885,建準統一98購01  ,0,0,0,0,0,0,0,0,0,107000,0,0,0,107000,0,107000,107000
047430,儒鴻元大93購05  ,0,0,0,0,0,0,0,0,0,107000,0,0,0,107000,0,107000,107000
048132,冠德國票94購01  ,0,0,0,0,0,0,0,0,0,107000,0,0,0,212000,105000,107000,107000
049890,嘉澤國泰95購01  ,0,0,0,0,0,0,0,0,0,107000,0,0,0,107000,0,107000,107000
047880,聯發科國泰94購03,0,0,0,0,0,0,0,0,0,107000,0,0,0,146000,39000,107000,107000
048935,玉晶光永豐94購04,0,0,0,0,0,0,0,0,0,107000,0,0,0,122000,15000,107000,107000
053440,台積電凱基96購12,0,0,0,0,0,0,0,0,0,107000,0,0,0,107000,0,107000,107000
054830,世芯國泰99購01  ,0,0,0,0,0,0,0,0,0,106000,0,0,0,152000,46000,106000,106000
054944,精元元大97購01  ,0,0,0,0,0,0,0,0,0,106000,0,0,0,160000,54000,106000,106000
054023,和大康和96購01  ,0,0,0,0,0,0,0,0,0,106000,0,0,0,124000,18000,106000,106000
055582,亞德客元大97購01,0,0,0,0,0,0,0,0,0,106000,0,0,0,125000,19000,106000,106000
06073P,健策永豐97售01  ,0,0,0,0,0,0,0,0,0,106000,0,0,0,106000,0,106000,106000
045785,揚明光元大93購04,0,0,0,0,0,0,0,0,0,106000,0,0,0,106000,0,106000,106000
048606,聯發科日盛93購02,0,0,0,0,0,0,0,0,0,106000,0,0,0,106000,0,106000,106000
042143,奇鋐元大92購01  ,0,0,0,0,0,0,0,0,0,106000,0,0,0,106000,0,106000,106000
051361,泰鼎元大95購01  ,0,0,0,0,0,0,0,0,0,106000,0,0,0,329000,223000,106000,106000
055258,玉晶光統一97購03,0,0,0,0,0,0,0,0,0,105000,0,0,0,105000,0,105000,105000
053994,微星群益96購01  ,0,0,0,0,0,0,0,0,0,105000,0,0,0,157000,52000,105000,105000
055155,奇力新元大99購01,0,0,0,0,0,0,0,0,0,105000,0,0,0,282000,177000,105000,105000
054865,可成群益97購01  ,0,0,0,0,0,0,0,0,0,105000,0,0,0,108000,3000,105000,105000
054701,宏全永豐97購01  ,0,0,0,0,0,0,0,0,0,105000,0,0,0,105000,0,105000,105000
044397,微星凱基92購01  ,0,0,0,0,0,0,0,0,0,105000,0,0,0,120000,15000,105000,105000
044339,亞光統一91購01  ,0,0,0,0,0,0,0,0,0,105000,0,0,0,115000,10000,105000,105000
04422P,玉晶光永豐94售03,0,0,0,0,0,0,0,0,0,105000,0,0,0,160000,55000,105000,105000
04363P,儒鴻元富94售01  ,0,0,0,0,0,0,0,0,0,105000,0,0,0,105000,0,105000,105000
046690,元油2X凱基93購03,0,0,0,0,0,0,0,0,0,105000,0,0,0,137000,32000,105000,105000
048442,友訊凱基94購01  ,0,0,0,0,0,0,0,0,0,105000,0,0,0,453000,348000,105000,105000
048983,牧德元大95購01  ,0,0,0,0,0,0,0,0,0,105000,0,0,0,150000,45000,105000,105000
048128,超眾元大95購01  ,0,0,0,0,0,0,0,0,0,105000,0,0,0,130000,25000,105000,105000
048261,鴻海元富95購01  ,0,0,0,0,0,0,0,0,0,105000,0,0,0,120000,15000,105000,105000
050452,智原元大95購04  ,0,0,0,0,0,0,0,0,0,105000,0,0,0,125000,20000,105000,105000
050700,健策凱基96購01  ,0,0,0,0,0,0,0,0,0,105000,0,0,0,115000,10000,105000,105000
053637,強茂永豐96購01  ,0,0,0,0,0,0,0,0,0,105000,0,0,0,105000,0,105000,105000
053809,上銀群益96購02  ,0,0,0,0,0,0,0,0,0,105000,0,0,0,171000,66000,105000,105000
1709,和益            ,105000,0,105000,0,0,0,0,0,0,0,0,0,0,0,0,0,105000
048857,晶豪科群益94購01,0,0,0,0,0,0,0,0,0,104000,0,0,0,125000,21000,104000,104000
046108,A50正2元大95購02,0,0,0,0,0,0,0,0,0,104000,0,0,0,176000,72000,104000,104000
050451,嘉晶元大95購01  ,0,0,0,0,0,0,0,0,0,104000,0,0,0,120000,16000,104000,104000
047433,鴻海元大93購16  ,0,0,0,0,0,0,0,0,0,104000,0,0,0,118000,14000,104000,104000
04729P,臺股指中信96售01,0,0,0,0,0,0,0,0,0,104000,0,0,0,114000,10000,104000,104000
049720,欣興凱基94購05  ,0,0,0,0,0,0,0,0,0,104000,0,0,0,115000,11000,104000,104000
049607,台積電兆豐94購04,0,0,0,0,0,0,0,0,0,104000,0,0,0,141000,37000,104000,104000
1537,廣隆            ,111000,7000,104000,0,0,0,0,0,0,-1000,0,1000,-1000,0,0,0,103000
045325,元油2X永豐94購01,0,0,0,0,0,0,0,0,0,103000,0,0,0,103000,0,103000,103000
045824,嘉聯益凱基93購02,0,0,0,0,0,0,0,0,0,103000,0,0,0,103000,0,103000,103000
046298,聯發科富邦94購01,0,0,0,0,0,0,0,0,0,103000,0,0,0,118000,15000,103000,103000
043028,南電元大92購01  ,0,0,0,0,0,0,0,0,0,103000,0,0,0,103000,0,103000,103000
045618,元油2X永豐98購01,0,0,0,0,0,0,0,0,0,103000,0,0,0,103000,0,103000,103000
049587,美律元大95購01  ,0,0,0,0,0,0,0,0,0,103000,0,0,0,356000,253000,103000,103000
048960,矽格康和94購01  ,0,0,0,0,0,0,0,0,0,103000,0,0,0,104000,1000,103000,103000
048895,光罩國泰95購01  ,0,0,0,0,0,0,0,0,0,103000,0,0,0,143000,40000,103000,103000
047325,材料元大93購01  ,0,0,0,0,0,0,0,0,0,103000,0,0,0,118000,15000,103000,103000
050533,致新元大94購03  ,0,0,0,0,0,0,0,0,0,103000,0,0,0,105000,2000,103000,103000
053574,奇力新元富99購01,0,0,0,0,0,0,0,0,0,103000,0,0,0,230000,127000,103000,103000
052899,和大國票97購01  ,0,0,0,0,0,0,0,0,0,103000,0,0,0,153000,50000,103000,103000
051411,聯發科國票95購05,0,0,0,0,0,0,0,0,0,103000,0,0,0,103000,0,103000,103000
2328,廣宇            ,324000,234000,90000,0,0,0,31000,0,31000,-18000,0,16000,-16000,0,2000,-2000,103000
6191,精成科          ,91000,87000,4000,0,0,0,83000,0,83000,16000,0,20000,-20000,44000,8000,36000,103000
05772P,景碩凱基96售02  ,0,0,0,0,0,0,0,0,0,102000,0,0,0,102000,0,102000,102000
054113,奇力新台新97購01,0,0,0,0,0,0,0,0,0,102000,0,0,0,106000,4000,102000,102000
054343,世紀鋼元富96購02,0,0,0,0,0,0,0,0,0,102000,0,0,0,112000,10000,102000,102000
054292,欣興元大96購06  ,0,0,0,0,0,0,0,0,0,102000,0,0,0,115000,13000,102000,102000
050454,嘉澤元大94購04  ,0,0,0,0,0,0,0,0,0,102000,0,0,0,144000,42000,102000,102000
050218,世紀鋼統一94購02,0,0,0,0,0,0,0,0,0,102000,0,0,0,102000,0,102000,102000
048505,滬深2X群益99購03,0,0,0,0,0,0,0,0,0,102000,0,0,0,110000,8000,102000,102000
051152,鴻海國泰97購01  ,0,0,0,0,0,0,0,0,0,102000,0,0,0,400000,298000,102000,102000
052122,新光金國票96購01,0,0,0,0,0,0,0,0,0,102000,0,0,0,102000,0,102000,102000
052688,新日興元大96購01,0,0,0,0,0,0,0,0,0,102000,0,0,0,234000,132000,102000,102000
053291,旺宏中信9A購01  ,0,0,0,0,0,0,0,0,0,102000,0,0,0,102000,0,102000,102000
054551,聯發科凱基98購02,0,0,0,0,0,0,0,0,0,101000,0,0,0,152000,51000,101000,101000
042902,光寶科元大94購01,0,0,0,0,0,0,0,0,0,101000,0,0,0,103000,2000,101000,101000
04349P,美律國票94售02  ,0,0,0,0,0,0,0,0,0,101000,0,0,0,101000,0,101000,101000
050072,京鼎凱基94購02  ,0,0,0,0,0,0,0,0,0,101000,0,0,0,107000,6000,101000,101000
052484,矽創群益95購02  ,0,0,0,0,0,0,0,0,0,101000,0,0,0,111000,10000,101000,101000
053197,超眾元富96購02  ,0,0,0,0,0,0,0,0,0,101000,0,0,0,121000,20000,101000,101000
053185,友達中信99購01  ,0,0,0,0,0,0,0,0,0,101000,0,0,0,140000,39000,101000,101000
051229,亞光群益95購01  ,0,0,0,0,0,0,0,0,0,101000,0,0,0,115000,14000,101000,101000
051290,大立光統一96購02,0,0,0,0,0,0,0,0,0,101000,0,0,0,112000,11000,101000,101000
051394,奇鋐兆豐95購01  ,0,0,0,0,0,0,0,0,0,101000,0,0,0,101000,0,101000,101000
054244,華新元大96購01  ,0,0,0,0,0,0,0,0,0,100000,0,0,0,100000,0,100000,100000
054153,宏達電國泰97購01,0,0,0,0,0,0,0,0,0,100000,0,0,0,124000,24000,100000,100000
054866,宏盛群益98購01  ,0,0,0,0,0,0,0,0,0,100000,0,0,0,100000,0,100000,100000
054800,訊芯群益99購01  ,0,0,0,0,0,0,0,0,0,100000,0,0,0,115000,15000,100000,100000
055013,訊連元富97購01  ,0,0,0,0,0,0,0,0,0,100000,0,0,0,132000,32000,100000,100000
05835P,臺股指元富96售07,0,0,0,0,0,0,0,0,0,100000,0,0,0,100000,0,100000,100000
05699P,茂林凱基96售05  ,0,0,0,0,0,0,0,0,0,100000,0,0,0,100000,0,100000,100000
06041P,全新永豐96售03  ,0,0,0,0,0,0,0,0,0,100000,0,0,0,100000,0,100000,100000
08612P,嘉晶凱基9C售03  ,0,0,0,0,0,0,0,0,0,100000,0,0,0,100000,0,100000,100000
06114P,台積電統一97售03,0,0,0,0,0,0,0,0,0,100000,0,0,0,100000,0,100000,100000
055606,矽創元大97購01  ,0,0,0,0,0,0,0,0,0,100000,0,0,0,140000,40000,100000,100000
043282,美律元大92購02  ,0,0,0,0,0,0,0,0,0,100000,0,0,0,110000,10000,100000,100000
043665,和鑫元大93購01  ,0,0,0,0,0,0,0,0,0,100000,0,0,0,300000,200000,100000,100000
043992,康控元大93購02  ,0,0,0,0,0,0,0,0,0,100000,0,0,0,100000,0,100000,100000
043938,華邦電兆豐93購01,0,0,0,0,0,0,0,0,0,100000,0,0,0,100000,0,100000,100000
042619,上証2X群益91購01,0,0,0,0,0,0,0,0,0,100000,0,0,0,100000,0,100000,100000
044585,聯茂元富91購04  ,0,0,0,0,0,0,0,0,0,100000,0,0,0,100000,0,100000,100000
04563P,可成凱基94售05  ,0,0,0,0,0,0,0,0,0,100000,0,0,0,100000,0,100000,100000
04679P,臺股指統一94售04,0,0,0,0,0,0,0,0,0,100000,0,0,0,100000,0,100000,100000
046846,智伸科永豐93購01,0,0,0,0,0,0,0,0,0,100000,0,0,0,100000,0,100000,100000
044247,道瓊反元富97購01,0,0,0,0,0,0,0,0,0,100000,0,0,0,101000,1000,100000,100000
03777P,華通中信95售01  ,0,0,0,0,0,0,0,0,0,100000,0,0,0,100000,0,100000,100000
03456P,華新科凱基02售04,0,0,0,0,0,0,0,0,0,100000,0,0,0,100000,0,100000,100000
03638C,T50反1元大94牛03,0,0,0,0,0,0,0,0,0,100000,0,0,0,100000,0,100000,100000
03942P,電子類元大93售02,0,0,0,0,0,0,0,0,0,100000,0,0,0,100000,0,100000,100000
03067P,南亞科群益01售01,0,0,0,0,0,0,0,0,0,100000,0,0,0,100000,0,100000,100000
03203P,台積電凱基01售26,0,0,0,0,0,0,0,0,0,100000,0,0,0,100000,0,100000,100000
04116P,京元電元大94售02,0,0,0,0,0,0,0,0,0,100000,0,0,0,100000,0,100000,100000
046043,日月光元大92購02,0,0,0,0,0,0,0,0,0,100000,0,0,0,100000,0,100000,100000
044903,中工凱基91購01  ,0,0,0,0,0,0,0,0,0,100000,0,0,0,100000,0,100000,100000
046568,臻鼎元富95購01  ,0,0,0,0,0,0,0,0,0,100000,0,0,0,380000,280000,100000,100000
046575,GIS國泰93購01   ,0,0,0,0,0,0,0,0,0,100000,0,0,0,100000,0,100000,100000
046949,群創元大99購01  ,0,0,0,0,0,0,0,0,0,100000,0,0,0,123000,23000,100000,100000
046983,南茂兆豐94購01  ,0,0,0,0,0,0,0,0,0,100000,0,0,0,100000,0,100000,100000
046424,正文元大92購04  ,0,0,0,0,0,0,0,0,0,100000,0,0,0,100000,0,100000,100000
046443,超眾兆豐93購01  ,0,0,0,0,0,0,0,0,0,100000,0,0,0,100000,0,100000,100000
04607P,A50中信94售01   ,0,0,0,0,0,0,0,0,0,100000,0,0,0,100000,0,100000,100000
045091,嘉聯益元大92購02,0,0,0,0,0,0,0,0,0,100000,0,0,0,100000,0,100000,100000
048571,美利達元大96購03,0,0,0,0,0,0,0,0,0,100000,0,0,0,100000,0,100000,100000
048535,超眾國票94購02  ,0,0,0,0,0,0,0,0,0,100000,0,0,0,100000,0,100000,100000
048651,美利達元大96購05,0,0,0,0,0,0,0,0,0,100000,0,0,0,100000,0,100000,100000
04869P,鴻海元富95售02  ,0,0,0,0,0,0,0,0,0,100000,0,0,0,150000,50000,100000,100000
048130,美利達元大96購01,0,0,0,0,0,0,0,0,0,100000,0,0,0,100000,0,100000,100000
050183,奇鋐元大96購01  ,0,0,0,0,0,0,0,0,0,100000,0,0,0,100000,0,100000,100000
049547,新光金群益94購01,0,0,0,0,0,0,0,0,0,100000,0,0,0,250000,150000,100000,100000
049757,聯茂永豐94購01  ,0,0,0,0,0,0,0,0,0,100000,0,0,0,100000,0,100000,100000
049806,臺企銀元大94購01,0,0,0,0,0,0,0,0,0,100000,0,0,0,100000,0,100000,100000
049962,台光電元富94購01,0,0,0,0,0,0,0,0,0,100000,0,0,0,100000,0,100000,100000
049905,為升元大94購05  ,0,0,0,0,0,0,0,0,0,100000,0,0,0,140000,40000,100000,100000
049171,台達電凱基94購03,0,0,0,0,0,0,0,0,0,100000,0,0,0,100000,0,100000,100000
047262,欣興國票93購04  ,0,0,0,0,0,0,0,0,0,100000,0,0,0,100000,0,100000,100000
048329,台積電永昌93購07,0,0,0,0,0,0,0,0,0,100000,0,0,0,100000,0,100000,100000
048249,嘉澤兆豐94購01  ,0,0,0,0,0,0,0,0,0,100000,0,0,0,110000,10000,100000,100000
047108,華邦電元大93購03,0,0,0,0,0,0,0,0,0,100000,0,0,0,100000,0,100000,100000
047782,燿華國泰95購01  ,0,0,0,0,0,0,0,0,0,100000,0,0,0,100000,0,100000,100000
04940P,台積電國票95售02,0,0,0,0,0,0,0,0,0,100000,0,0,0,100000,0,100000,100000
047593,百和永豐93購02  ,0,0,0,0,0,0,0,0,0,100000,0,0,0,100000,0,100000,100000
047587,義隆永豐93購02  ,0,0,0,0,0,0,0,0,0,100000,0,0,0,100000,0,100000,100000
051459,臺股指元大95購19,0,0,0,0,0,0,0,0,0,100000,0,0,0,100000,0,100000,100000
051342,光寶科元大95購01,0,0,0,0,0,0,0,0,0,100000,0,0,0,100000,0,100000,100000
051305,訊連凱基96購01  ,0,0,0,0,0,0,0,0,0,100000,0,0,0,100000,0,100000,100000
051568,智邦富邦95購01  ,0,0,0,0,0,0,0,0,0,100000,0,0,0,100000,0,100000,100000
052253,康控永豐95購04  ,0,0,0,0,0,0,0,0,0,100000,0,0,0,100000,0,100000,100000
052183,華邦電群益95購01,0,0,0,0,0,0,0,0,0,100000,0,0,0,100000,0,100000,100000
05181P,健策凱基95售01  ,0,0,0,0,0,0,0,0,0,100000,0,0,0,110000,10000,100000,100000
051801,牧德永豐95購04  ,0,0,0,0,0,0,0,0,0,100000,0,0,0,160000,60000,100000,100000
051996,康友元大95購01  ,0,0,0,0,0,0,0,0,0,100000,0,0,0,113000,13000,100000,100000
052547,光磊兆豐96購01  ,0,0,0,0,0,0,0,0,0,100000,0,0,0,100000,0,100000,100000
052553,技嘉國票96購01  ,0,0,0,0,0,0,0,0,0,100000,0,0,0,122000,22000,100000,100000
053323,群創群益98購07  ,0,0,0,0,0,0,0,0,0,100000,0,0,0,104000,4000,100000,100000
05346P,臺股指統一95售06,0,0,0,0,0,0,0,0,0,100000,0,0,0,100000,0,100000,100000
054895,南電統一97購01  ,0,0,0,0,0,0,0,0,0,99000,0,0,0,102000,3000,99000,99000
054091,晶豪科群益96購01,0,0,0,0,0,0,0,0,0,99000,0,0,0,100000,1000,99000,99000
054370,台積電中信9A購01,0,0,0,0,0,0,0,0,0,99000,0,0,0,164000,65000,99000,99000
045100,亞光中信93購01  ,0,0,0,0,0,0,0,0,0,99000,0,0,0,99000,0,99000,99000
045218,華邦電元大92購03,0,0,0,0,0,0,0,0,0,99000,0,0,0,100000,1000,99000,99000
045078,玉山金元大92購01,0,0,0,0,0,0,0,0,0,99000,0,0,0,121000,22000,99000,99000
045308,泰鼎元大93購02  ,0,0,0,0,0,0,0,0,0,99000,0,0,0,243000,144000,99000,99000
046457,可成凱基92購09  ,0,0,0,0,0,0,0,0,0,99000,0,0,0,99000,0,99000,99000
045783,明泰元大92購01  ,0,0,0,0,0,0,0,0,0,99000,0,0,0,99000,0,99000,99000
042068,台灣50富邦93購02,0,0,0,0,0,0,0,0,0,99000,0,0,0,99000,0,99000,99000
043920,瑞儀凱基93購01  ,0,0,0,0,0,0,0,0,0,99000,0,0,0,99000,0,99000,99000
047501,合勤控永豐93購01,0,0,0,0,0,0,0,0,0,99000,0,0,0,499000,400000,99000,99000
047118,欣興元大93購06  ,0,0,0,0,0,0,0,0,0,99000,0,0,0,100000,1000,99000,99000
053701,台積電兆豐96購05,0,0,0,0,0,0,0,0,0,99000,0,0,0,100000,1000,99000,99000
052914,奇力新元富96購01,0,0,0,0,0,0,0,0,0,99000,0,0,0,262000,163000,99000,99000
052469,宏碁亞東95購01  ,0,0,0,0,0,0,0,0,0,99000,0,0,0,99000,0,99000,99000
5264,鎧勝-KY         ,215000,79000,136000,0,0,0,0,22000,-22000,-15000,0,0,0,0,15000,-15000,99000
054799,超眾群益98購01  ,0,0,0,0,0,0,0,0,0,98000,0,0,0,98000,0,98000,98000
055818,晶相光國票97購02,0,0,0,0,0,0,0,0,0,98000,0,0,0,99000,1000,98000,98000
055381,茂林元大97購02  ,0,0,0,0,0,0,0,0,0,98000,0,0,0,133000,35000,98000,98000
04434P,玉晶光國票96售02,0,0,0,0,0,0,0,0,0,98000,0,0,0,363000,265000,98000,98000
047786,燿華群益93購03  ,0,0,0,0,0,0,0,0,0,98000,0,0,0,118000,20000,98000,98000
050375,矽創元大94購02  ,0,0,0,0,0,0,0,0,0,98000,0,0,0,100000,2000,98000,98000
050607,為升元大94購10  ,0,0,0,0,0,0,0,0,0,98000,0,0,0,120000,22000,98000,98000
048056,全新國泰94購02  ,0,0,0,0,0,0,0,0,0,98000,0,0,0,98000,0,98000,98000
049689,正崴元大94購02  ,0,0,0,0,0,0,0,0,0,98000,0,0,0,98000,0,98000,98000
052398,瑞昱凱基95購06  ,0,0,0,0,0,0,0,0,0,98000,0,0,0,113000,15000,98000,98000
051812,臻鼎凱基95購03  ,0,0,0,0,0,0,0,0,0,98000,0,0,0,108000,10000,98000,98000
051805,元黃金凱基97購02,0,0,0,0,0,0,0,0,0,98000,0,0,0,108000,10000,98000,98000
051402,玉晶光永豐95購04,0,0,0,0,0,0,0,0,0,98000,0,0,0,103000,5000,98000,98000
053383,京元電元大97購01,0,0,0,0,0,0,0,0,0,98000,0,0,0,98000,0,98000,98000
046126,致伸元大92購05  ,0,0,0,0,0,0,0,0,0,97000,0,0,0,197000,100000,97000,97000
05005P,台表科統一95售01,0,0,0,0,0,0,0,0,0,97000,0,0,0,97000,0,97000,97000
05004P,健策統一95售01  ,0,0,0,0,0,0,0,0,0,97000,0,0,0,821000,724000,97000,97000
048985,茂林元大94購01  ,0,0,0,0,0,0,0,0,0,97000,0,0,0,99000,2000,97000,97000
047827,東陽元大93購01  ,0,0,0,0,0,0,0,0,0,97000,0,0,0,132000,35000,97000,97000
05300P,健策元大95售02  ,0,0,0,0,0,0,0,0,0,97000,0,0,0,100000,3000,97000,97000
052992,冠德台新96購01  ,0,0,0,0,0,0,0,0,0,97000,0,0,0,97000,0,97000,97000
05569P,漢唐統一97售01  ,0,0,0,0,0,0,0,0,0,96000,0,0,0,96000,0,96000,96000
05972P,瑞昱元大96售01  ,0,0,0,0,0,0,0,0,0,96000,0,0,0,111000,15000,96000,96000
054902,億光康和97購01  ,0,0,0,0,0,0,0,0,0,96000,0,0,0,96000,0,96000,96000
046502,建準元大92購04  ,0,0,0,0,0,0,0,0,0,96000,0,0,0,96000,0,96000,96000
045704,微星日盛92購01  ,0,0,0,0,0,0,0,0,0,96000,0,0,0,132000,36000,96000,96000
048941,牧德永豐94購02  ,0,0,0,0,0,0,0,0,0,96000,0,0,0,163000,67000,96000,96000
049735,台光電群益94購03,0,0,0,0,0,0,0,0,0,96000,0,0,0,98000,2000,96000,96000
047552,潤泰全凱基94購02,0,0,0,0,0,0,0,0,0,96000,0,0,0,96000,0,96000,96000
047408,嘉晶統一95購01  ,0,0,0,0,0,0,0,0,0,96000,0,0,0,137000,41000,96000,96000
048370,可成統一93購04  ,0,0,0,0,0,0,0,0,0,96000,0,0,0,96000,0,96000,96000
051608,新日興群益96購01,0,0,0,0,0,0,0,0,0,96000,0,0,0,106000,10000,96000,96000
051616,鴻海凱基96購08  ,0,0,0,0,0,0,0,0,0,96000,0,0,0,158000,62000,96000,96000
054732,台化凱基98購01  ,0,0,0,0,0,0,0,0,0,95000,0,0,0,95000,0,95000,95000
054654,全新麥證99購01  ,0,0,0,95000,0,95000,0,0,0,95000,0,0,0,95000,0,95000,95000
04655P,臺股指凱基94售14,0,0,0,0,0,0,0,0,0,95000,0,0,0,637000,542000,95000,95000
045881,同欣電元富92購01,0,0,0,0,0,0,0,0,0,95000,0,0,0,95000,0,95000,95000
044958,鎧勝凱基93購01  ,0,0,0,0,0,0,0,0,0,95000,0,0,0,95000,0,95000,95000
048645,創意元大94購02  ,0,0,0,0,0,0,0,0,0,95000,0,0,0,160000,65000,95000,95000
050592,矽格永豐94購02  ,0,0,0,0,0,0,0,0,0,95000,0,0,0,95000,0,95000,95000
050895,聯發科元大97購01,0,0,0,0,0,0,0,0,0,95000,0,0,0,173000,78000,95000,95000
047355,世紀鋼凱基94購01,0,0,0,0,0,0,0,0,0,95000,0,0,0,135000,40000,95000,95000
047944,中石化元富96購01,0,0,0,0,0,0,0,0,0,95000,0,0,0,120000,25000,95000,95000
051127,同欣電群益95購01,0,0,0,0,0,0,0,0,0,95000,0,0,0,151000,56000,95000,95000
050971,緯穎永豐95購01  ,0,0,0,0,0,0,0,0,0,95000,0,0,0,105000,10000,95000,95000
052939,富邦金兆豐96購01,0,0,0,0,0,0,0,0,0,95000,0,0,0,100000,5000,95000,95000
054333,茂林永豐96購03  ,0,0,0,0,0,0,0,0,0,94000,0,0,0,188000,94000,94000,94000
054070,創意國泰96購02  ,0,0,0,0,0,0,0,0,0,94000,0,0,0,131000,37000,94000,94000
06112P,台積電兆豐97售01,0,0,0,0,0,0,0,0,0,94000,0,0,0,100000,6000,94000,94000
046139,京元電統一92購04,0,0,0,0,0,0,0,0,0,94000,0,0,0,110000,16000,94000,94000
045822,TPK凱基93購03   ,0,0,0,0,0,0,0,0,0,94000,0,0,0,94000,0,94000,94000
043529,泰鼎元大92購01  ,0,0,0,0,0,0,0,0,0,94000,0,0,0,114000,20000,94000,94000
049833,正文凱基94購05  ,0,0,0,0,0,0,0,0,0,94000,0,0,0,106000,12000,94000,94000
048077,中磊亞東93購02  ,0,0,0,0,0,0,0,0,0,94000,0,0,0,94000,0,94000,94000
050765,鴻海元大96購02  ,0,0,0,0,0,0,0,0,0,94000,0,0,0,953000,859000,94000,94000
053499,禾伸堂兆豐96購01,0,0,0,0,0,0,0,0,0,94000,0,0,0,94000,0,94000,94000
053561,玉晶光國泰98購01,0,0,0,0,0,0,0,0,0,94000,0,0,0,125000,31000,94000,94000
051325,台光電台新96購01,0,0,0,0,0,0,0,0,0,94000,0,0,0,94000,0,94000,94000
051380,禾伸堂群益95購01,0,0,0,0,0,0,0,0,0,94000,0,0,0,202000,108000,94000,94000
051953,矽力元富95購03  ,0,0,0,0,0,0,0,0,0,94000,0,0,0,196000,102000,94000,94000
2480,敦陽科          ,105000,10000,95000,0,0,0,2000,0,2000,-3000,0,3000,-3000,0,0,0,94000
05911P,南亞科永豐96售03,0,0,0,0,0,0,0,0,0,93000,0,0,0,113000,20000,93000,93000
05402P,台郡永豐95售02  ,0,0,0,0,0,0,0,0,0,93000,0,0,0,93000,0,93000,93000
054418,茂林元大97購01  ,0,0,0,0,0,0,0,0,0,93000,0,0,0,101000,8000,93000,93000
054784,順德群益9A購01  ,0,0,0,0,0,0,0,0,0,93000,0,0,0,98000,5000,93000,93000
044605,超眾國泰93購02  ,0,0,0,0,0,0,0,0,0,93000,0,0,0,265000,172000,93000,93000
042037,台灣50群益93購03,0,0,0,0,0,0,0,0,0,93000,0,0,0,93000,0,93000,93000
050933,南亞國票95購01  ,0,0,0,0,0,0,0,0,0,93000,0,0,0,133000,40000,93000,93000
047574,和大群益93購03  ,0,0,0,0,0,0,0,0,0,93000,0,0,0,106000,13000,93000,93000
048008,聯發科富邦95購02,0,0,0,0,0,0,0,0,0,93000,0,0,0,93000,0,93000,93000
049086,晶相光凱基94購01,0,0,0,0,0,0,0,0,0,93000,0,0,0,93000,0,93000,93000
051968,勤誠永豐95購01  ,0,0,0,0,0,0,0,0,0,93000,0,0,0,154000,61000,93000,93000
052029,矽力群益95購02  ,0,0,0,0,0,0,0,0,0,93000,0,0,0,110000,17000,93000,93000
051553,牧德永豐96購02  ,0,0,0,0,0,0,0,0,0,93000,0,0,0,152000,59000,93000,93000
051017,聯發科凱基95購04,0,0,0,0,0,0,0,0,0,93000,0,0,0,110000,17000,93000,93000
053578,華新元大98購01  ,0,0,0,0,0,0,0,0,0,93000,0,0,0,93000,0,93000,93000
3030,德律            ,95000,2000,93000,0,0,0,3000,0,3000,-3000,0,3000,-3000,0,0,0,93000
04913P,聯詠元富94售02  ,0,0,0,0,0,0,0,0,0,92000,0,0,0,102000,10000,92000,92000
049734,瑞昱群益94購02  ,0,0,0,0,0,0,0,0,0,92000,0,0,0,93000,1000,92000,92000
04748P,臺股指元大94售23,0,0,0,0,0,0,0,0,0,92000,0,0,0,107000,15000,92000,92000
053786,新日興元大96購02,0,0,0,0,0,0,0,0,0,92000,0,0,0,135000,43000,92000,92000
053311,同欣電凱基96購01,0,0,0,0,0,0,0,0,0,92000,0,0,0,92000,0,92000,92000
053158,茂林元大96購01  ,0,0,0,0,0,0,0,0,0,92000,0,0,0,96000,4000,92000,92000
051033,台積電兆豐95購03,0,0,0,0,0,0,0,0,0,92000,0,0,0,353000,261000,92000,92000
051582,聯發科元大97購02,0,0,0,0,0,0,0,0,0,92000,0,0,0,205000,113000,92000,92000
051771,上銀中信95購01  ,0,0,0,0,0,0,0,0,0,92000,0,0,0,92000,0,92000,92000
054651,台化麥證97購01  ,0,0,0,91000,0,91000,0,0,0,91000,0,0,0,91000,0,91000,91000
054708,華通統一97購02  ,0,0,0,0,0,0,0,0,0,91000,0,0,0,91000,0,91000,91000
054910,信錦凱基97購01  ,0,0,0,0,0,0,0,0,0,91000,0,0,0,91000,0,91000,91000
053968,華邦電元大97購01,0,0,0,0,0,0,0,0,0,91000,0,0,0,98000,7000,91000,91000
053977,新日興元大96購03,0,0,0,0,0,0,0,0,0,91000,0,0,0,185000,94000,91000,91000
1519,華城            ,270000,111000,159000,0,0,0,0,68000,-68000,0,0,0,0,0,0,0,91000
055613,全新國票98購01  ,0,0,0,0,0,0,0,0,0,91000,0,0,0,91000,0,91000,91000
046333,康友元大92購05  ,0,0,0,0,0,0,0,0,0,91000,0,0,0,101000,10000,91000,91000
046378,聯發科凱基92購04,0,0,0,0,0,0,0,0,0,91000,0,0,0,91000,0,91000,91000
048836,牧德凱基94購03  ,0,0,0,0,0,0,0,0,0,91000,0,0,0,186000,95000,91000,91000
047491,旺宏統一94購03  ,0,0,0,0,0,0,0,0,0,91000,0,0,0,94000,3000,91000,91000
048225,全新凱基93購03  ,0,0,0,0,0,0,0,0,0,91000,0,0,0,101000,10000,91000,91000
049618,美律群益94購03  ,0,0,0,0,0,0,0,0,0,91000,0,0,0,92000,1000,91000,91000
049111,元油2X統一94購03,0,0,0,0,0,0,0,0,0,91000,0,0,0,91000,0,91000,91000
049123,可成元富94購01  ,0,0,0,0,0,0,0,0,0,91000,0,0,0,91000,0,91000,91000
04783P,貿聯元富94售01  ,0,0,0,0,0,0,0,0,0,91000,0,0,0,199000,108000,91000,91000
052114,華固中信95購01  ,0,0,0,0,0,0,0,0,0,91000,0,0,0,91000,0,91000,91000
051042,中磊永豐95購01  ,0,0,0,0,0,0,0,0,0,91000,0,0,0,111000,20000,91000,91000
053322,京鼎群益97購01  ,0,0,0,0,0,0,0,0,0,91000,0,0,0,209000,118000,91000,91000
055259,玉晶光統一9A購01,0,0,0,0,0,0,0,0,0,90000,0,0,0,100000,10000,90000,90000
053985,矽創元大96購02  ,0,0,0,0,0,0,0,0,0,90000,0,0,0,140000,50000,90000,90000
054260,貿聯元大96購03  ,0,0,0,0,0,0,0,0,0,90000,0,0,0,90000,0,90000,90000
054308,嘉晶凱基98購01  ,0,0,0,0,0,0,0,0,0,90000,0,0,0,100000,10000,90000,90000
054581,訊芯元大97購02  ,0,0,0,0,0,0,0,0,0,90000,0,0,0,159000,69000,90000,90000
048834,牧德凱基94購01  ,0,0,0,0,0,0,0,0,0,90000,0,0,0,112000,22000,90000,90000
049046,同欣電兆豐94購01,0,0,0,0,0,0,0,0,0,90000,0,0,0,90000,0,90000,90000
048657,大成鋼統一93購04,0,0,0,0,0,0,0,0,0,90000,0,0,0,120000,30000,90000,90000
045113,玉晶光永豐92購01,0,0,0,0,0,0,0,0,0,90000,0,0,0,151000,61000,90000,90000
046921,日電貿永豐93購01,0,0,0,0,0,0,0,0,0,90000,0,0,0,90000,0,90000,90000
046712,勤誠永豐93購01  ,0,0,0,0,0,0,0,0,0,90000,0,0,0,171000,81000,90000,90000
042470,元油2X元大93購04,0,0,0,0,0,0,0,0,0,90000,0,0,0,90000,0,90000,90000
044574,潤泰全凱基93購01,0,0,0,0,0,0,0,0,0,90000,0,0,0,100000,10000,90000,90000
04968P,台積電富邦94售06,0,0,0,0,0,0,0,0,0,90000,0,0,0,90000,0,90000,90000
050119,瀚宇博元大95購03,0,0,0,0,0,0,0,0,0,90000,0,0,0,90000,0,90000,90000
050139,華通亞東94購01  ,0,0,0,0,0,0,0,0,0,90000,0,0,0,90000,0,90000,90000
047444,晶技元大93購03  ,0,0,0,0,0,0,0,0,0,90000,0,0,0,98000,8000,90000,90000
048391,友訊國票94購01  ,0,0,0,0,0,0,0,0,0,90000,0,0,0,90000,0,90000,90000
048325,美利達凱基93購05,0,0,0,0,0,0,0,0,0,90000,0,0,0,210000,120000,90000,90000
047778,美利達元大93購01,0,0,0,0,0,0,0,0,0,90000,0,0,0,100000,10000,90000,90000
050389,鴻海統一95購04  ,0,0,0,0,0,0,0,0,0,90000,0,0,0,90000,0,90000,90000
05345P,臺股指統一95售05,0,0,0,0,0,0,0,0,0,90000,0,0,0,90000,0,90000,90000
053571,奇鋐統一96購02  ,0,0,0,0,0,0,0,0,0,90000,0,0,0,90000,0,90000,90000
053647,臺股指國票96購10,0,0,0,0,0,0,0,0,0,90000,0,0,0,90000,0,90000,90000
053155,晶技元大97購02  ,0,0,0,0,0,0,0,0,0,90000,0,0,0,100000,10000,90000,90000
053161,康友元大96購04  ,0,0,0,0,0,0,0,0,0,90000,0,0,0,127000,37000,90000,90000
052577,台積電統一96購01,0,1000,-1000,0,0,0,0,0,0,91000,0,0,0,91000,0,91000,90000
052786,S&P500中信96購01,0,0,0,0,0,0,0,0,0,90000,0,0,0,90000,0,90000,90000
051585,美食元大95購01  ,0,0,0,0,0,0,0,0,0,90000,0,0,0,90000,0,90000,90000
051404,牧德永豐96購01  ,0,0,0,0,0,0,0,0,0,90000,0,0,0,146000,56000,90000,90000
052163,康舒永豐95購02  ,0,0,0,0,0,0,0,0,0,90000,0,0,0,110000,20000,90000,90000
052221,東元凱基95購01  ,0,0,0,0,0,0,0,0,0,90000,0,0,0,100000,10000,90000,90000
052415,台表科麥證95購02,0,0,0,90000,0,90000,0,0,0,90000,0,0,0,90000,0,90000,90000
051769,矽力元大95購01  ,0,0,0,0,0,0,0,0,0,90000,0,0,0,95000,5000,90000,90000
051796,和碩康和95購01  ,0,0,0,0,0,0,0,0,0,90000,0,0,0,110000,20000,90000,90000
4968,立積            ,317000,108000,209000,0,0,0,0,119138,-119138,0,0,0,0,0,0,0,89862
054568,訊芯群益97購01  ,0,0,0,0,0,0,0,0,0,89000,0,0,0,179000,90000,89000,89000
054982,國巨元富97購03  ,0,0,0,0,0,0,0,0,0,89000,0,0,0,463000,374000,89000,89000
04451P,可成凱基94售04  ,0,0,0,0,0,0,0,0,0,89000,0,0,0,100000,11000,89000,89000
046843,上銀永豐93購01  ,0,0,0,0,0,0,0,0,0,89000,0,0,0,129000,40000,89000,89000
050745,茂林永豐94購06  ,0,0,0,0,0,0,0,0,0,89000,0,0,0,89000,0,89000,89000
05013P,台積電元大96售05,0,0,0,0,0,0,0,0,0,89000,0,0,0,106000,17000,89000,89000
04781P,欣興凱基94售06  ,0,0,0,0,0,0,0,0,0,89000,0,0,0,96000,7000,89000,89000
048986,訊連元大94購01  ,0,0,0,0,0,0,0,0,0,89000,0,0,0,89000,0,89000,89000
05226P,智邦統一95售01  ,0,0,0,0,0,0,0,0,0,89000,0,0,0,99000,10000,89000,89000
052181,南茂元大95購05  ,0,0,0,0,0,0,0,0,0,89000,0,0,0,712000,623000,89000,89000
051330,宏碁永豐95購01  ,0,0,0,0,0,0,0,0,0,89000,0,0,0,146000,57000,89000,89000
052669,群創群益98購06  ,0,0,0,0,0,0,0,0,0,89000,0,0,0,104000,15000,89000,89000
053005,微星永豐96購01  ,0,0,0,0,0,0,0,0,0,89000,0,0,0,287000,198000,89000,89000
053817,華新科群益97購02,0,0,0,0,0,0,0,0,0,89000,0,0,0,122000,33000,89000,89000
055627,亞德客永豐97購02,0,0,0,0,0,0,0,0,0,88000,0,0,0,88000,0,88000,88000
00656R,國泰中國A50反1  ,0,0,0,0,0,0,0,0,0,88000,0,0,0,99000,11000,88000,88000
046156,光磊群益92購01  ,0,0,0,0,0,0,0,0,0,88000,0,0,0,88000,0,88000,88000
050136,柏文兆豐94購01  ,0,0,0,0,0,0,0,0,0,88000,0,0,0,88000,0,88000,88000
049601,矽創元大95購02  ,0,0,0,0,0,0,0,0,0,88000,0,0,0,244000,156000,88000,88000
049804,華固元大94購01  ,0,0,0,0,0,0,0,0,0,88000,0,0,0,115000,27000,88000,88000
047142,中磊兆豐93購02  ,0,0,0,0,0,0,0,0,0,88000,0,0,0,88000,0,88000,88000
053524,聯電中信97購02  ,0,0,0,0,0,0,0,0,0,88000,0,0,0,88000,0,88000,88000
053059,聯發科永昌99購01,0,0,0,0,0,0,0,0,0,88000,0,0,0,90000,2000,88000,88000
05306P,泰碩國泰97售01  ,0,0,0,0,0,0,0,0,0,88000,0,0,0,141000,53000,88000,88000
051089,旺宏元大96購04  ,0,0,0,0,0,0,0,0,0,88000,0,0,0,331000,243000,88000,88000
052321,華擎元大95購01  ,0,0,0,0,0,0,0,0,0,88000,0,0,0,108000,20000,88000,88000
052037,全新國泰96購02  ,0,0,0,0,0,0,0,0,0,88000,0,0,0,88000,0,88000,88000
2352,佳世達          ,209000,185000,24000,0,0,0,177000,154222,22778,41000,0,19000,-19000,60000,0,60000,87778
054589,聯鈞國泰99購01  ,0,0,0,0,0,0,0,0,0,87000,0,0,0,108000,21000,87000,87000
054790,禾伸堂群益98購01,0,0,0,0,0,0,0,0,0,87000,0,0,0,87000,0,87000,87000
054132,聯發科元大97購10,0,0,0,0,0,0,0,0,0,87000,0,0,0,538000,451000,87000,87000
054148,矽創元大96購03  ,0,0,0,0,0,0,0,0,0,87000,0,0,0,100000,13000,87000,87000
044764,聯茂凱基93購03  ,0,0,0,0,0,0,0,0,0,87000,0,0,0,429000,342000,87000,87000
00670L,富邦NASDAQ正2   ,0,0,0,0,0,0,0,0,0,87000,0,0,0,158000,71000,87000,87000
049216,華邦電國票95購01,0,0,0,0,0,0,0,0,0,87000,0,0,0,110000,23000,87000,87000
05176P,台積電凱基95售11,0,0,0,0,0,0,0,0,0,87000,0,0,0,87000,0,87000,87000
051451,世芯元大95購03  ,0,0,0,0,0,0,0,0,0,87000,0,0,0,92000,5000,87000,87000
053759,晶相光國泰98購01,0,0,0,0,0,0,0,0,0,87000,0,0,0,104000,17000,87000,87000
053586,建準元大96購01  ,0,0,0,0,0,0,0,0,0,87000,0,0,0,167000,80000,87000,87000
1103,嘉泥            ,241000,226000,15000,0,0,0,81986,0,81986,-10000,0,0,0,0,10000,-10000,86986
05874P,台積電群益96售10,0,0,0,0,0,0,0,0,0,86000,0,0,0,134000,48000,86000,86000
06028P,智邦台新97售01  ,0,0,0,0,0,0,0,0,0,86000,0,0,0,95000,9000,86000,86000
054337,智邦統一96購01  ,0,0,0,0,0,0,0,0,0,86000,0,0,0,169000,83000,86000,86000
046896,臻鼎群益94購01  ,0,0,0,0,0,0,0,0,0,86000,0,0,0,148000,62000,86000,86000
046360,儒鴻永豐92購01  ,0,0,0,0,0,0,0,0,0,86000,0,0,0,86000,0,86000,86000
050176,正崴元大94購03  ,0,0,0,0,0,0,0,0,0,86000,0,0,0,86000,0,86000,86000
047432,台達電元大93購01,0,0,0,0,0,0,0,0,0,86000,0,0,0,86000,0,86000,86000
047251,麗豐群益93購01  ,0,0,0,0,0,0,0,0,0,86000,0,0,0,86000,0,86000,86000
050397,力成元富94購01  ,0,0,0,0,0,0,0,0,0,86000,0,0,0,170000,84000,86000,86000
051355,聯發科元大96購01,0,0,0,0,0,0,0,0,0,86000,0,0,0,186000,100000,86000,86000
051673,玉晶光元大96購04,0,0,0,0,0,0,0,0,0,86000,0,0,0,98000,12000,86000,86000
2524,京城            ,32000,18000,14000,0,0,0,72000,0,72000,0,0,0,0,0,0,0,86000
054979,南港元富97購01  ,0,50000,-50000,0,0,0,0,0,0,135000,0,0,0,315000,180000,135000,85000
05584P,臺股指凱基96售13,0,0,0,0,0,0,0,0,0,85000,0,0,0,130000,45000,85000,85000
046533,為升群益92購02  ,0,0,0,0,0,0,0,0,0,85000,0,0,0,85000,0,85000,85000
045002,高股息元大92購02,0,0,0,0,0,0,0,0,0,85000,0,0,0,85000,0,85000,85000
04905P,國巨國票94售04  ,0,0,0,0,0,0,0,0,0,85000,0,0,0,235000,150000,85000,85000
049012,大成鋼群益94購01,0,0,0,0,0,0,0,0,0,85000,0,0,0,100000,15000,85000,85000
03415B,臺股指元大93熊49,0,0,0,0,0,0,0,0,0,85000,0,0,0,85000,0,85000,85000
050268,智原元大95購03  ,0,0,0,0,0,0,0,0,0,85000,0,0,0,152000,67000,85000,85000
05067P,欣興兆豐96售02  ,0,0,0,0,0,0,0,0,0,85000,0,0,0,99000,14000,85000,85000
049408,旺宏日盛94購01  ,0,0,0,0,0,0,0,0,0,85000,0,0,0,85000,0,85000,85000
049827,正崴凱基94購01  ,0,0,0,0,0,0,0,0,0,85000,0,0,0,85000,0,85000,85000
047840,新日興元大93購03,0,0,0,0,0,0,0,0,0,85000,0,0,0,86000,1000,85000,85000
051591,玉晶光元大97購01,0,0,0,0,0,0,0,0,0,85000,0,0,0,85000,0,85000,85000
053213,建準凱基96購02  ,0,0,0,0,0,0,0,0,0,85000,0,0,0,85000,0,85000,85000
05595P,友達統一96售02  ,0,0,0,0,0,0,0,0,0,84000,0,0,0,84000,0,84000,84000
05538P,玉晶光國票97售02,0,0,0,0,0,0,0,0,0,84000,0,0,0,85000,1000,84000,84000
05893P,國巨兆豐96售04  ,0,0,0,0,0,0,0,0,0,84000,0,0,0,103000,19000,84000,84000
05800P,台積電兆豐96售04,0,0,0,0,0,0,0,0,0,84000,0,0,0,100000,16000,84000,84000
053967,華邦電元大96購03,0,0,0,0,0,0,0,0,0,84000,0,0,0,102000,18000,84000,84000
045161,玉晶光國泰94購03,0,0,0,0,0,0,0,0,0,84000,0,0,0,84000,0,84000,84000
046204,致新凱基93購01  ,0,0,0,0,0,0,0,0,0,84000,0,0,0,84000,0,84000,84000
044810,為升國票93購01  ,0,0,0,0,0,0,0,0,0,84000,0,0,0,84000,0,84000,84000
045955,宏碁凱基93購01  ,0,0,0,0,0,0,0,0,0,84000,0,0,0,104000,20000,84000,84000
048897,日電貿國泰95購01,0,0,0,0,0,0,0,0,0,84000,0,0,0,84000,0,84000,84000
049950,南亞科群益94購02,0,0,0,0,0,0,0,0,0,84000,0,0,0,84000,0,84000,84000
052539,華邦電統一95購01,0,0,0,0,0,0,0,0,0,84000,0,0,0,86000,2000,84000,84000
051170,南電元大95購03  ,0,0,0,0,0,0,0,0,0,84000,0,0,0,84000,0,84000,84000
051717,祥碩康和95購01  ,0,0,0,0,0,0,0,0,0,84000,0,0,0,84000,0,84000,84000
054358,矽創兆豐96購01  ,0,0,0,0,0,0,0,0,0,83000,0,0,0,100000,17000,83000,83000
06142P,台虹康和97售02  ,0,0,0,0,0,0,0,0,0,83000,0,0,0,104000,21000,83000,83000
055411,國巨富邦9A購02  ,0,0,0,0,0,0,0,0,0,83000,0,0,0,133000,50000,83000,83000
05556P,全新國票96售04  ,0,0,0,0,0,0,0,0,0,83000,0,0,0,143000,60000,83000,83000
041210,群創元富93購01  ,0,0,0,0,0,0,0,0,0,83000,0,0,0,123000,40000,83000,83000
051141,鈺齊永豐95購01  ,0,0,0,0,0,0,0,0,0,83000,0,0,0,83000,0,83000,83000
053269,同欣電群益96購01,0,0,0,0,0,0,0,0,0,83000,0,0,0,167000,84000,83000,83000
053585,友達元大9C購03  ,0,0,0,0,0,0,0,0,0,83000,0,0,0,120000,37000,83000,83000
055402,正文元富97購02  ,0,0,0,0,0,0,0,0,0,82000,0,0,0,82000,0,82000,82000
055371,正崴元大97購02  ,0,0,0,0,0,0,0,0,0,82000,0,0,0,86000,4000,82000,82000
054352,世芯國泰98購01  ,0,0,0,0,0,0,0,0,0,82000,0,0,0,94000,12000,82000,82000
054240,訊芯群益96購03  ,0,0,0,0,0,0,0,0,0,82000,0,0,0,82000,0,82000,82000
055099,可成日盛97購01  ,0,0,0,0,0,0,0,0,0,82000,0,0,0,82000,0,82000,82000
03957P,創意統一94售02  ,0,0,0,0,0,0,0,0,0,82000,0,0,0,82000,0,82000,82000
042093,台灣50群益94購02,0,0,0,0,0,0,0,0,0,82000,0,0,0,107000,25000,82000,82000
04592P,台積電元大94售10,0,0,0,0,0,0,0,0,0,82000,0,0,0,100000,18000,82000,82000
046538,大立光群益93購06,0,0,0,0,0,0,0,0,0,82000,0,0,0,82000,0,82000,82000
049980,奇力新凱基94購04,0,0,0,0,0,0,0,0,0,82000,0,0,0,152000,70000,82000,82000
047454,滬深2X群益96購03,0,0,0,0,0,0,0,0,0,82000,0,0,0,139000,57000,82000,82000
047673,瑞昱元富96購01  ,0,0,0,0,0,0,0,0,0,82000,0,0,0,198000,116000,82000,82000
051092,禾伸堂元大95購02,0,0,0,0,0,0,0,0,0,82000,0,0,0,82000,0,82000,82000
055103,南港凱基97購01  ,0,0,0,0,0,0,0,0,0,81000,0,0,0,81000,0,81000,81000
054985,光罩元富97購01  ,0,0,0,0,0,0,0,0,0,81000,0,0,0,202000,121000,81000,81000
054587,玉晶光國泰99購01,0,0,0,0,0,0,0,0,0,81000,0,0,0,90000,9000,81000,81000
055378,晶相光元大97購02,0,0,0,0,0,0,0,0,0,81000,0,0,0,147000,66000,81000,81000
046172,美律永豐92購01  ,0,0,0,0,0,0,0,0,0,81000,0,0,0,81000,0,81000,81000
00830,國泰費城半導體  ,0,0,0,0,0,0,0,0,0,81000,0,0,0,185000,104000,81000,81000
04456P,日月光統一94售01,0,0,0,0,0,0,0,0,0,81000,0,0,0,120000,39000,81000,81000
04756P,大立光元富94售08,0,0,0,0,0,0,0,0,0,81000,0,0,0,81000,0,81000,81000
047194,世紀鋼元大96購01,0,0,0,0,0,0,0,0,0,81000,0,0,0,81000,0,81000,81000
050902,南電元大96購01  ,0,0,0,0,0,0,0,0,0,81000,0,0,0,81000,0,81000,81000
050317,和鑫國票95購02  ,0,0,0,0,0,0,0,0,0,81000,0,0,0,81000,0,81000,81000
05002P,台積電統一95售03,0,0,0,0,0,0,0,0,0,81000,0,0,0,141000,60000,81000,81000
049168,卜蜂凱基94購01  ,0,0,0,0,0,0,0,0,0,81000,0,0,0,110000,29000,81000,81000
052390,聯詠群益95購03  ,0,0,0,0,0,0,0,0,0,81000,0,0,0,150000,69000,81000,81000
052275,日月光群益95購01,0,0,0,0,0,0,0,0,0,81000,0,0,0,81000,0,81000,81000
053281,茂林元大96購02  ,0,0,0,0,0,0,0,0,0,81000,0,0,0,127000,46000,81000,81000
052749,日月光元大96購02,0,0,0,0,0,0,0,0,0,81000,0,0,0,100000,19000,81000,81000
055446,奇力新統一9A購01,0,0,0,0,0,0,0,0,0,80000,0,0,0,125000,45000,80000,80000
054652,裕隆麥證97購01  ,0,0,0,80000,0,80000,0,0,0,80000,0,0,0,80000,0,80000,80000
054837,欣興第一97購01  ,0,0,0,0,0,0,0,0,0,80000,0,0,0,80000,0,80000,80000
055127,台虹兆豐97購01  ,0,0,0,0,0,0,0,0,0,80000,0,0,0,85000,5000,80000,80000
054414,全新元大97購02  ,0,0,0,0,0,0,0,0,0,80000,0,0,0,90000,10000,80000,80000
054380,世芯群益97購02  ,0,0,0,0,0,0,0,0,0,80000,0,0,0,80000,0,80000,80000
053887,聯茂兆豐97購02  ,0,0,0,0,0,0,0,0,0,80000,0,0,0,793000,713000,80000,80000
054131,南亞科元大96購04,0,0,0,0,0,0,0,0,0,80000,0,0,0,108000,28000,80000,80000
042317,台灣50永豐96購01,0,0,0,0,0,0,0,0,0,80000,0,0,0,80000,0,80000,80000
04337P,台積電元大93售25,0,0,0,0,0,0,0,0,0,80000,0,0,0,100000,20000,80000,80000
042805,智邦統一93購01  ,0,0,0,0,0,0,0,0,0,80000,0,0,0,80000,0,80000,80000
03996P,旺宏國泰95售01  ,0,0,0,0,0,0,0,0,0,80000,0,0,0,80000,0,80000,80000
040760,T50反1凱基95購01,0,0,0,0,0,0,0,0,0,80000,0,0,0,315000,235000,80000,80000
03250P,日月光元富07售02,0,0,0,0,0,0,0,0,0,80000,0,0,0,80000,0,80000,80000
03304P,欣興元富02售02  ,0,0,0,0,0,0,0,0,0,80000,0,0,0,80000,0,80000,80000
03680P,矽創元大92售05  ,0,0,0,0,0,0,0,0,0,80000,0,0,0,80000,0,80000,80000
045490,統一凱基93購01  ,0,0,0,0,0,0,0,0,0,80000,0,0,0,80000,0,80000,80000
045095,緯穎元大94購02  ,0,0,0,0,0,0,0,0,0,80000,0,0,0,80000,0,80000,80000
046667,晶技元大93購01  ,0,0,0,0,0,0,0,0,0,80000,0,0,0,80000,0,80000,80000
046000,台光電統一92購06,0,0,0,0,0,0,0,0,0,80000,0,0,0,80000,0,80000,80000
045844,臻鼎台新92購01  ,0,0,0,0,0,0,0,0,0,80000,0,0,0,80000,0,80000,80000
047968,南電國泰94購01  ,0,0,0,0,0,0,0,0,0,80000,0,0,0,90000,10000,80000,80000
049988,貿聯凱基94購02  ,0,0,0,0,0,0,0,0,0,80000,0,0,0,210000,130000,80000,80000
049591,開發金元大98購01,0,0,0,0,0,0,0,0,0,80000,0,0,0,80000,0,80000,80000
050201,光磊群益94購01  ,0,0,0,0,0,0,0,0,0,80000,0,0,0,80000,0,80000,80000
050836,緯穎凱基95購01  ,0,0,0,0,0,0,0,0,0,80000,0,0,0,80000,0,80000,80000
052699,友達國票97購01  ,0,0,0,0,0,0,0,0,0,80000,0,0,0,80000,0,80000,80000
052934,中磊元大96購01  ,0,0,0,0,0,0,0,0,0,80000,0,0,0,213000,133000,80000,80000
053849,聯發科元富96購04,0,0,0,0,0,0,0,0,0,80000,0,0,0,110000,30000,80000,80000
052161,義隆永豐95購03  ,0,0,0,0,0,0,0,0,0,80000,0,0,0,95000,15000,80000,80000
051528,亞泥國票96購01  ,0,0,0,0,0,0,0,0,0,80000,0,0,0,130000,50000,80000,80000
5258,虹堡            ,164000,84000,80000,0,0,0,0,0,0,0,0,0,0,0,0,0,80000
054281,世芯群益97購01  ,0,0,0,0,0,0,0,0,0,79000,0,0,0,109000,30000,79000,79000
054667,神基元富97購01  ,0,0,0,0,0,0,0,0,0,79000,0,0,0,132000,53000,79000,79000
06022P,緯穎永豐96售03  ,0,0,0,0,0,0,0,0,0,79000,0,0,0,98000,19000,79000,79000
046536,聯發科群益92購08,0,0,0,0,0,0,0,0,0,79000,0,0,0,79000,0,79000,79000
050822,亞光凱基95購01  ,0,0,0,0,0,0,0,0,0,79000,0,0,0,83000,4000,79000,79000
050391,大立光統一94購07,0,0,0,0,0,0,0,0,0,79000,0,0,0,84000,5000,79000,79000
048154,旺宏兆豐94購01  ,0,0,0,0,0,0,0,0,0,79000,0,0,0,93000,14000,79000,79000
051073,同欣電國票96購01,0,0,0,0,0,0,0,0,0,79000,0,0,0,95000,16000,79000,79000
053205,台光電麥證96購01,0,0,0,99000,20000,79000,0,0,0,79000,0,0,0,99000,20000,79000,79000
05267P,欣興元大95售08  ,0,0,0,0,0,0,0,0,0,79000,0,0,0,79000,0,79000,79000
1762,中化生          ,151000,72000,79000,0,0,0,0,0,0,0,0,0,0,0,0,0,79000
05748P,臺股指群益99售02,0,0,0,0,0,0,0,0,0,78000,0,0,0,80000,2000,78000,78000
06245P,健策元富97售03  ,0,0,0,0,0,0,0,0,0,78000,0,0,0,80000,2000,78000,78000
054621,華新科兆豐98購01,0,0,0,0,0,0,0,0,0,78000,0,0,0,108000,30000,78000,78000
05440P,緯穎國票96售02  ,0,0,0,0,0,0,0,0,0,78000,0,0,0,96000,18000,78000,78000
046355,欣興群益92購03  ,0,0,0,0,0,0,0,0,0,78000,0,0,0,78000,0,78000,78000
045814,可成麥證93購01  ,0,0,0,78000,0,78000,0,0,0,78000,0,0,0,78000,0,78000,78000
046240,中鋼中信94購01  ,0,0,0,0,0,0,0,0,0,78000,0,0,0,78000,0,78000,78000
00737,國泰AI+Robo     ,0,0,0,0,0,0,0,0,0,78000,0,0,0,117000,39000,78000,78000
043652,微星國泰93購01  ,0,0,0,0,0,0,0,0,0,78000,0,0,0,157000,79000,78000,78000
048156,正崴兆豐93購01  ,0,0,0,0,0,0,0,0,0,78000,0,0,0,78000,0,78000,78000
050785,全新國泰96購01  ,0,0,0,0,0,0,0,0,0,78000,0,0,0,78000,0,78000,78000
047971,南亞科富邦95購01,0,0,0,0,0,0,0,0,0,78000,0,0,0,80000,2000,78000,78000
049285,宏碁兆豐94購01  ,0,0,0,0,0,0,0,0,0,78000,0,0,0,183000,105000,78000,78000
047819,南茂凱基93購04  ,0,0,0,0,0,0,0,0,0,78000,0,0,0,78000,0,78000,78000
052966,光磊群益96購01  ,0,0,0,0,0,0,0,0,0,78000,0,0,0,78000,0,78000,78000
053576,智原元富96購01  ,0,0,0,0,0,0,0,0,0,78000,0,0,0,78000,0,78000,78000
054726,台積電日盛97購01,0,0,0,0,0,0,0,0,0,77000,0,0,0,803000,726000,77000,77000
054919,興富發凱基97購01,0,0,0,0,0,0,0,0,0,77000,0,0,0,100000,23000,77000,77000
048514,嘉澤凱基93購06  ,0,0,0,0,0,0,0,0,0,77000,0,0,0,93000,16000,77000,77000
044965,大立光中信95購01,0,0,0,0,0,0,0,0,0,77000,0,0,0,80000,3000,77000,77000
047022,聯發科元大93購07,0,0,0,0,0,0,0,0,0,77000,0,0,0,77000,0,77000,77000
048386,華新國票94購01  ,0,0,0,0,0,0,0,0,0,77000,0,0,0,77000,0,77000,77000
053175,矽力群益96購01  ,0,0,0,0,0,0,0,0,0,77000,0,0,0,92000,15000,77000,77000
053069,同欣電群益98購01,0,0,0,0,0,0,0,0,0,77000,0,0,0,125000,48000,77000,77000
052719,致新凱基96購01  ,0,0,0,0,0,0,0,0,0,77000,0,0,0,80000,3000,77000,77000
051063,台郡群益95購01  ,0,0,0,0,0,0,0,0,0,77000,0,0,0,77000,0,77000,77000
051105,台光電國票96購01,0,0,0,0,0,0,0,0,0,77000,0,0,0,77000,0,77000,77000
052068,瑞儀兆豐96購01  ,0,0,0,0,0,0,0,0,0,77000,0,0,0,83000,6000,77000,77000
052323,矽力元大95購04  ,0,0,0,0,0,0,0,0,0,77000,0,0,0,79000,2000,77000,77000
051782,昇陽半群益95購01,0,0,0,0,0,0,0,0,0,77000,0,0,0,77000,0,77000,77000
055084,國巨第一97購01  ,0,0,0,0,0,0,0,0,0,76000,0,0,0,86000,10000,76000,76000
046318,聯詠元大92購04  ,0,0,0,0,0,0,0,0,0,76000,0,0,0,76000,0,76000,76000
046231,創意元大92購07  ,0,0,0,0,0,0,0,0,0,76000,0,0,0,98000,22000,76000,76000
048817,光寶科凱基94購02,0,0,0,0,0,0,0,0,0,76000,0,0,0,90000,14000,76000,76000
03417P,瑞昱群益04售01  ,0,0,0,0,0,0,0,0,0,76000,0,0,0,79000,3000,76000,76000
050716,可成群益96購01  ,0,0,0,0,0,0,0,0,0,76000,0,0,0,76000,0,76000,76000
051792,泰鼎國票96購02  ,0,0,0,0,0,0,0,0,0,76000,0,0,0,79000,3000,76000,76000
051806,華通凱基96購02  ,0,0,0,0,0,0,0,0,0,76000,0,0,0,314000,238000,76000,76000
051062,超眾群益95購02  ,0,0,0,0,0,0,0,0,0,76000,0,0,0,105000,29000,76000,76000
052690,台表科元大97購01,0,0,0,0,0,0,0,0,0,76000,0,0,0,84000,8000,76000,76000
053054,禾伸堂國票97購01,0,0,0,0,0,0,0,0,0,76000,0,0,0,86000,10000,76000,76000
053658,亞光凱基96購01  ,0,0,0,0,0,0,0,0,0,76000,0,0,0,85000,9000,76000,76000
2231,為升            ,52000,39000,13000,0,0,0,61000,0,61000,2000,0,1000,-1000,10000,7000,3000,76000
2402,毅嘉            ,114000,32000,82000,0,0,0,0,0,0,-6000,0,6000,-6000,0,0,0,76000
054889,京鼎統一99購01  ,0,0,0,0,0,0,0,0,0,75000,0,0,0,115000,40000,75000,75000
054336,台積電統一96購11,0,0,0,0,0,0,0,0,0,75000,0,0,0,82000,7000,75000,75000
044548,京元電第一91購01,0,0,0,0,0,0,0,0,0,75000,0,0,0,75000,0,75000,75000
04453P,聯發科富邦94售04,0,0,0,0,0,0,0,0,0,75000,0,0,0,602000,527000,75000,75000
046869,聯發科統一95購01,0,0,0,0,0,0,0,0,0,75000,0,0,0,80000,5000,75000,75000
046150,欣興國票92購02  ,0,0,0,0,0,0,0,0,0,75000,0,0,0,76000,1000,75000,75000
04593P,台積電元大94售11,0,0,0,0,0,0,0,0,0,75000,0,0,0,75000,0,75000,75000
050825,嘉澤凱基95購01  ,0,0,0,0,0,0,0,0,0,75000,0,0,0,86000,11000,75000,75000
047359,台達電群益93購01,0,0,0,0,0,0,0,0,0,75000,0,0,0,100000,25000,75000,75000
049132,大成鋼元大94購01,0,0,0,0,0,0,0,0,0,75000,0,0,0,76000,1000,75000,75000
048452,緯創凱基93購04  ,0,0,0,0,0,0,0,0,0,75000,0,0,0,105000,30000,75000,75000
053774,台達電元大96購04,0,0,0,0,0,0,0,0,0,75000,0,0,0,75000,0,75000,75000
052909,上銀統一96購01  ,0,0,0,0,0,0,0,0,0,75000,0,0,0,75000,0,75000,75000
052483,超眾群益95購03  ,0,0,0,0,0,0,0,0,0,75000,0,0,0,103000,28000,75000,75000
051185,強茂永豐95購03  ,0,0,0,0,0,0,0,0,0,75000,0,0,0,91000,16000,75000,75000
051525,日月光凱基95購02,0,0,0,0,0,0,0,0,0,75000,0,0,0,75000,0,75000,75000
051741,可成國票97購01  ,0,0,0,0,0,0,0,0,0,75000,0,0,0,75000,0,75000,75000
052429,禾伸堂永豐95購02,0,0,0,0,0,0,0,0,0,75000,0,0,0,95000,20000,75000,75000
053995,奇力新群益97購02,0,0,0,0,0,0,0,0,0,74000,0,0,0,182000,108000,74000,74000
06005P,晶豪科永豐96售04,0,0,0,0,0,0,0,0,0,74000,0,0,0,74000,0,74000,74000
055247,聯發科統一98購01,0,0,0,0,0,0,0,0,0,74000,0,0,0,75000,1000,74000,74000
045975,祥碩凱基93購04  ,0,0,0,0,0,0,0,0,0,74000,0,0,0,77000,3000,74000,74000
04104P,臺股指國票93售11,0,0,0,0,0,0,0,0,0,74000,0,0,0,348000,274000,74000,74000
047862,超眾台新93購01  ,0,0,0,0,0,0,0,0,0,74000,0,0,0,74000,0,74000,74000
049817,南電元大94購07  ,0,0,0,0,0,0,0,0,0,74000,0,0,0,74000,0,74000,74000
049740,禾伸堂群益94購01,0,0,0,0,0,0,0,0,0,74000,0,0,0,214000,140000,74000,74000
051529,東元國票96購01  ,0,0,0,0,0,0,0,0,0,74000,0,0,0,74000,0,74000,74000
050949,亞光群益96購01  ,0,0,0,0,0,0,0,0,0,74000,0,0,0,75000,1000,74000,74000
053148,華邦電元大96購01,0,0,0,0,0,0,0,0,0,74000,0,0,0,113000,39000,74000,74000
053761,健策國泰98購01  ,0,0,0,0,0,0,0,0,0,74000,0,0,0,139000,65000,74000,74000
053373,台泥元大96購01  ,0,0,0,0,0,0,0,0,0,74000,0,0,0,142000,68000,74000,74000
055237,晶豪科台新97購01,0,0,0,0,0,0,0,0,0,73000,0,0,0,93000,20000,73000,73000
055426,旺宏群益99購02  ,0,0,0,0,0,0,0,0,0,73000,0,0,0,73000,0,73000,73000
05920P,力成元大96售04  ,0,0,0,0,0,0,0,0,0,73000,0,0,0,183000,110000,73000,73000
054342,亞光元富99購01  ,0,0,0,0,0,0,0,0,0,73000,0,0,0,78000,5000,73000,73000
054828,正崴國泰99購01  ,0,0,0,0,0,0,0,0,0,73000,0,0,0,74000,1000,73000,73000
054614,玉晶光永豐97購03,0,0,0,0,0,0,0,0,0,73000,0,0,0,110000,37000,73000,73000
03856P,易華電永豐93售01,0,0,0,0,0,0,0,0,0,73000,0,0,0,73000,0,73000,73000
046405,京元電元大92購07,0,0,0,0,0,0,0,0,0,73000,0,0,0,73000,0,73000,73000
045344,可成凱基92購06  ,0,0,0,0,0,0,0,0,0,73000,0,0,0,73000,0,73000,73000
049031,矽格群益94購01  ,0,0,0,0,0,0,0,0,0,73000,0,0,0,73000,0,73000,73000
047960,鈺齊永豐93購01  ,0,0,0,0,0,0,0,0,0,73000,0,0,0,76000,3000,73000,73000
050272,訊芯元大94購03  ,0,0,0,0,0,0,0,0,0,73000,0,0,0,183000,110000,73000,73000
050740,旺宏永豐94購03  ,0,0,0,0,0,0,0,0,0,73000,0,0,0,79000,6000,73000,73000
047419,聯發科富邦95購01,0,0,0,0,0,0,0,0,0,73000,0,0,0,73000,0,73000,73000
047550,聯發科凱基93購13,0,0,0,0,0,0,0,0,0,73000,0,0,0,79000,6000,73000,73000
053230,達方台新97購01  ,0,0,0,0,0,0,0,0,0,73000,0,0,0,73000,0,73000,73000
053672,嘉澤元富96購02  ,0,0,0,0,0,0,0,0,0,73000,0,0,0,103000,30000,73000,73000
053142,緯穎永豐96購01  ,0,0,0,0,0,0,0,0,0,73000,0,0,0,83000,10000,73000,73000
053186,健策中信9C購01  ,0,0,0,0,0,0,0,0,0,73000,0,0,0,105000,32000,73000,73000
053095,台光電統一98購01,0,0,0,0,0,0,0,0,0,73000,0,0,0,136000,63000,73000,73000
050987,台泥富邦95購01  ,0,0,0,0,0,0,0,0,0,73000,0,0,0,73000,0,73000,73000
052369,矽力國票96購02  ,0,0,0,0,0,0,0,0,0,73000,0,0,0,75000,2000,73000,73000
051875,聯發科兆豐95購04,0,0,0,0,0,0,0,0,0,73000,0,0,0,78000,5000,73000,73000
2836,高雄銀          ,133000,3000,130000,0,0,0,0,48581,-48581,-9000,0,9000,-9000,0,0,0,72419
054785,建準群益98購01  ,0,0,0,0,0,0,0,0,0,72000,0,0,0,82000,10000,72000,72000
054310,牧德凱基98購01  ,0,0,0,0,0,0,0,0,0,72000,0,0,0,148000,76000,72000,72000
054120,奇力新永豐96購01,0,0,0,0,0,0,0,0,0,72000,0,0,0,172000,100000,72000,72000
05635P,健策台新96售02  ,0,0,0,0,0,0,0,0,0,72000,0,0,0,72000,0,72000,72000
08218P,滬深2X凱基96售01,0,0,0,0,0,0,0,0,0,72000,0,0,0,73000,1000,72000,72000
055251,華新科統一99購01,0,0,0,0,0,0,0,0,0,72000,0,0,0,72000,0,72000,72000
046039,新日興元大92購02,0,0,0,0,0,0,0,0,0,72000,0,0,0,73000,1000,72000,72000
046889,燿華群益93購02  ,0,0,0,0,0,0,0,0,0,72000,0,0,0,72000,0,72000,72000
047749,富邦金元富93購01,0,0,0,0,0,0,0,0,0,72000,0,0,0,100000,28000,72000,72000
050892,聯電元大96購02  ,0,0,0,0,0,0,0,0,0,72000,0,0,0,72000,0,72000,72000
048453,嘉澤凱基93購05  ,0,0,0,0,0,0,0,0,0,72000,0,0,0,145000,73000,72000,72000
048977,晶相光元大94購01,0,0,0,0,0,0,0,0,0,72000,0,0,0,72000,0,72000,72000
048980,嘉澤元大94購02  ,0,0,0,0,0,0,0,0,0,72000,0,0,0,145000,73000,72000,72000
048890,傳奇元富97購01  ,0,0,0,0,0,0,0,0,0,72000,0,0,0,72000,0,72000,72000
048791,智原元大94購02  ,0,0,0,0,0,0,0,0,0,72000,0,0,0,90000,18000,72000,72000
049964,強茂元富94購01  ,0,0,0,0,0,0,0,0,0,72000,0,0,0,72000,0,72000,72000
050013,淘帝國泰95購01  ,0,0,0,0,0,0,0,0,0,72000,0,0,0,88000,16000,72000,72000
051883,智原永豐95購03  ,0,0,0,0,0,0,0,0,0,72000,0,0,0,89000,17000,72000,72000
053176,矽力群益96購02  ,0,0,0,0,0,0,0,0,0,72000,0,0,0,95000,23000,72000,72000
2912,統一超          ,451830,375000,76830,0,0,0,1000,10000,-9000,4000,0,2000,-2000,6000,0,6000,71830
4763,材料-KY         ,42000,2000,40000,0,0,0,22164,0,22164,9000,10000,1000,9000,0,0,0,71164
055337,超眾兆豐98購01  ,0,0,0,0,0,0,0,0,0,71000,0,0,0,71000,0,71000,71000
054180,亞泥康和96購01  ,0,0,0,0,0,0,0,0,0,71000,0,0,0,71000,0,71000,71000
054312,TPK凱基98購01   ,0,0,0,0,0,0,0,0,0,71000,0,0,0,109000,38000,71000,71000
054585,禾伸堂國泰99購01,0,0,0,0,0,0,0,0,0,71000,0,0,0,71000,0,71000,71000
054576,健策元大98購03  ,0,0,0,0,0,0,0,0,0,71000,0,0,0,132000,61000,71000,71000
04466P,大立光元富94售04,0,0,0,0,0,0,0,0,0,71000,0,0,0,71000,0,71000,71000
044061,聯發科元大92購03,0,0,0,0,0,0,0,0,0,71000,0,0,0,72000,1000,71000,71000
03999P,鴻海凱基94售11  ,0,0,0,0,0,0,0,0,0,71000,0,0,0,71000,0,71000,71000
050069,禾伸堂凱基94購04,0,0,0,0,0,0,0,0,0,71000,0,0,0,71000,0,71000,71000
049258,美律元大94購03  ,0,0,0,0,0,0,0,0,0,71000,0,0,0,259000,188000,71000,71000
052893,聯電群益98購01  ,0,0,0,0,0,0,0,0,0,71000,0,0,0,171000,100000,71000,71000
052582,喬山台新96購01  ,0,0,0,0,0,0,0,0,0,71000,0,0,0,73000,2000,71000,71000
053654,聯發科凱基98購01,0,0,0,0,0,0,0,0,0,71000,0,0,0,79000,8000,71000,71000
053720,宏達電凱基97購01,0,0,0,0,0,0,0,0,0,71000,0,0,0,71000,0,71000,71000
053778,旺宏元大97購03  ,0,0,0,0,0,0,0,0,0,71000,0,0,0,177000,106000,71000,71000
050956,鈺齊群益95購01  ,0,0,0,0,0,0,0,0,0,71000,0,0,0,74000,3000,71000,71000
051265,鴻海富邦96購04  ,0,0,0,0,0,0,0,0,0,71000,0,0,0,74000,3000,71000,71000
051336,智原永豐95購01  ,0,0,0,0,0,0,0,0,0,71000,0,0,0,88000,17000,71000,71000
054873,帆宣群益99購01  ,0,0,0,0,0,0,0,0,0,70000,0,0,0,105000,35000,70000,70000
055174,精元統一97購01  ,0,0,0,0,0,0,0,0,0,70000,0,0,0,98000,28000,70000,70000
05493P,華新科富邦99售02,0,0,0,0,0,0,0,0,0,70000,0,0,0,70000,0,70000,70000
054230,上銀群益96購03  ,0,0,0,0,0,0,0,0,0,70000,0,0,0,155000,85000,70000,70000
054468,台郡凱基98購01  ,0,0,0,0,0,0,0,0,0,70000,0,0,0,107000,37000,70000,70000
05403P,台積電富邦95售08,0,0,0,0,0,0,0,0,0,70000,0,0,0,70000,0,70000,70000
055397,超眾統一97購02  ,0,0,0,0,0,0,0,0,0,70000,0,0,0,70000,0,70000,70000
055674,南港康和97購02  ,0,0,0,0,0,0,0,0,0,70000,0,0,0,70000,0,70000,70000
006206,元大上證50      ,340000,0,340000,0,0,0,0,0,0,-270000,0,0,0,137000,407000,-270000,70000
044273,微星群益92購01  ,0,0,0,0,0,0,0,0,0,70000,0,0,0,100000,30000,70000,70000
043849,達興國泰92購01  ,0,0,0,0,0,0,0,0,0,70000,0,0,0,70000,0,70000,70000
043696,瑞儀兆豐93購01  ,0,0,0,0,0,0,0,0,0,70000,0,0,0,70000,0,70000,70000
044584,世紀鋼凱基93購05,0,0,0,0,0,0,0,0,0,70000,0,0,0,70000,0,70000,70000
04676P,彩晶統一94售03  ,0,0,0,0,0,0,0,0,0,70000,0,0,0,70000,0,70000,70000
045695,英業達兆豐93購01,0,0,0,0,0,0,0,0,0,70000,0,0,0,70000,0,70000,70000
04410P,大立光統一94售05,0,0,0,0,0,0,0,0,0,70000,0,0,0,168000,98000,70000,70000
045937,臻鼎群益93購02  ,0,0,0,0,0,0,0,0,0,70000,0,0,0,145000,75000,70000,70000
046639,嘉晶永豐93購01  ,0,0,0,0,0,0,0,0,0,70000,0,0,0,70000,0,70000,70000
048837,牧德凱基94購04  ,0,0,0,0,0,0,0,0,0,70000,0,0,0,132000,62000,70000,70000
045363,台達電兆豐92購01,0,0,0,0,0,0,0,0,0,70000,0,0,0,70000,0,70000,70000
048937,玉晶光永豐95購01,0,0,0,0,0,0,0,0,0,70000,0,0,0,173000,103000,70000,70000
048950,達方永豐94購01  ,0,0,0,0,0,0,0,0,0,70000,0,0,0,70000,0,70000,70000
049741,創意群益94購02  ,0,0,0,0,0,0,0,0,0,70000,0,0,0,160000,90000,70000,70000
049786,奇鋐兆豐94購01  ,0,0,0,0,0,0,0,0,0,70000,0,0,0,70000,0,70000,70000
049559,香港反統一94購02,0,0,0,0,0,0,0,0,0,70000,0,0,0,70000,0,70000,70000
047750,開發金元富93購01,0,0,0,0,0,0,0,0,0,70000,0,0,0,225000,155000,70000,70000
04753P,台積電統一94售11,0,0,0,0,0,0,0,0,0,70000,0,0,0,70000,0,70000,70000
050973,S&P反1統一95購01,0,0,0,0,0,0,0,0,0,70000,0,0,0,385000,315000,70000,70000
051707,欣興群益95購02  ,0,0,0,0,0,0,0,0,0,70000,0,0,0,70000,0,70000,70000
051865,聯發科凱基96購04,0,0,0,0,0,0,0,0,0,70000,0,0,0,70000,0,70000,70000
052455,樺漢元大96購03  ,0,0,0,0,0,0,0,0,0,70000,0,0,0,71000,1000,70000,70000
053607,大立光第一96購01,0,0,0,0,0,0,0,0,0,70000,0,0,0,70000,0,70000,70000
054178,中磊台新97購01  ,0,0,0,0,0,0,0,0,0,69000,0,0,0,161000,92000,69000,69000
054280,牧德群益98購01  ,0,0,0,0,0,0,0,0,0,69000,0,0,0,122000,53000,69000,69000
044600,上銀國泰93購01  ,0,0,0,0,0,0,0,0,0,69000,0,0,0,89000,20000,69000,69000
04354P,華新科永豐94售01,0,0,0,0,0,0,0,0,0,69000,0,0,0,69000,0,69000,69000
00703,台新MSCI中國    ,0,0,0,0,0,0,0,0,0,69000,0,0,0,206000,137000,69000,69000
00712,FH富時不動產    ,0,0,0,0,0,0,0,0,0,69000,0,0,0,186000,117000,69000,69000
047235,嘉澤凱基93購01  ,0,0,0,0,0,0,0,0,0,69000,0,0,0,78000,9000,69000,69000
05029P,鴻海元富95售04  ,0,0,0,0,0,0,0,0,0,69000,0,0,0,146000,77000,69000,69000
049703,訊芯元大95購01  ,0,0,0,0,0,0,0,0,0,69000,0,0,0,69000,0,69000,69000
050002,智原永豐94購02  ,0,0,0,0,0,0,0,0,0,69000,0,0,0,87000,18000,69000,69000
048143,聯發科統一94購03,0,0,0,0,0,0,0,0,0,69000,0,0,0,71000,2000,69000,69000
047466,新光金國泰95購01,0,0,0,0,0,0,0,0,0,69000,0,0,0,70000,1000,69000,69000
053268,日月光群益96購01,0,0,0,0,0,0,0,0,0,69000,0,0,0,74000,5000,69000,69000
052372,台泥元大95購02  ,0,0,0,0,0,0,0,0,0,69000,0,0,0,74000,5000,69000,69000
051970,元黃金凱基98購01,0,0,0,0,0,0,0,0,0,69000,0,0,0,70000,1000,69000,69000
051165,可成元大95購01  ,0,0,0,0,0,0,0,0,0,69000,0,0,0,69000,0,69000,69000
8046,南電            ,670000,397000,273000,0,0,0,0,0,0,-204000,0,114000,-114000,14000,104000,-90000,69000
054274,智易中信96購02  ,0,0,0,0,0,0,0,0,0,68000,0,0,0,68000,0,68000,68000
054562,亞光群益98購01  ,0,0,0,0,0,0,0,0,0,68000,0,0,0,88000,20000,68000,68000
05419P,矽力永豐95售02  ,0,0,0,0,0,0,0,0,0,68000,0,0,0,68000,0,68000,68000
054989,精元元富97購01  ,0,0,0,0,0,0,0,0,0,68000,0,0,0,84000,16000,68000,68000
055192,世芯元富97購01  ,0,0,0,0,0,0,0,0,0,68000,0,0,0,83000,15000,68000,68000
054607,台積電永豐97購03,0,0,0,0,0,0,0,0,0,68000,0,0,0,255000,187000,68000,68000
048517,致伸凱基93購06  ,0,0,0,0,0,0,0,0,0,68000,0,0,0,73000,5000,68000,68000
048640,南亞科元大93購06,0,0,0,0,0,0,0,0,0,68000,0,0,0,68000,0,68000,68000
046728,明泰元大93購01  ,0,0,0,0,0,0,0,0,0,68000,0,0,0,68000,0,68000,68000
04966P,台表科元大94售04,0,0,0,0,0,0,0,0,0,68000,0,0,0,68000,0,68000,68000
048947,凌華永豐94購01  ,0,0,0,0,0,0,0,0,0,68000,0,0,0,85000,17000,68000,68000
049181,正文凱基94購03  ,0,0,0,0,0,0,0,0,0,68000,0,0,0,68000,0,68000,68000
050502,聯發科凱基94購21,0,0,0,0,0,0,0,0,0,68000,0,0,0,90000,22000,68000,68000
047449,南茂元大93購04  ,0,0,0,0,0,0,0,0,0,68000,0,0,0,68000,0,68000,68000
047451,世紀鋼元大93購04,0,0,0,0,0,0,0,0,0,68000,0,0,0,68000,0,68000,68000
049416,美律凱基94購04  ,0,0,0,0,0,0,0,0,0,68000,0,0,0,68000,0,68000,68000
048200,欣興元大93購07  ,0,0,0,0,0,0,0,0,0,68000,0,0,0,68000,0,68000,68000
050970,康舒永豐95購01  ,0,0,0,0,0,0,0,0,0,68000,0,0,0,68000,0,68000,68000
051353,聯發科元大95購08,0,0,0,0,0,0,0,0,0,68000,0,0,0,100000,32000,68000,68000
051920,南茂元大95購03  ,0,0,0,0,0,0,0,0,0,68000,0,0,0,68000,0,68000,68000
052144,鴻海群益95購10  ,0,0,0,0,0,0,0,0,0,68000,0,0,0,80000,12000,68000,68000
052222,力山凱基95購02  ,0,0,0,0,0,0,0,0,0,68000,0,0,0,68000,0,68000,68000
05279P,上銀元大95售02  ,0,0,0,0,0,0,0,0,0,68000,0,0,0,68000,0,68000,68000
6177,達麗            ,70000,2000,68000,0,0,0,0,0,0,0,0,0,0,0,0,0,68000
054687,建準永豐97購02  ,0,0,0,0,0,0,0,0,0,67000,0,0,0,67000,0,67000,67000
05521P,創意永豐96售01  ,0,0,0,0,0,0,0,0,0,67000,0,0,0,118000,51000,67000,67000
054457,強茂群益96購01  ,0,0,0,0,0,0,0,0,0,67000,0,0,0,67000,0,67000,67000
046969,聯發科群益93購05,0,0,0,0,0,0,0,0,0,67000,0,0,0,67000,0,67000,67000
03266P,寶成國票04售01  ,0,0,0,0,0,0,0,0,0,67000,0,0,0,67000,0,67000,67000
042725,聯茂群益91購01  ,0,0,0,0,0,0,0,0,0,67000,0,0,0,67000,0,67000,67000
046816,智邦凱基93購02  ,0,0,0,0,0,0,0,0,0,67000,0,0,0,68000,1000,67000,67000
047637,旺宏元大94購03  ,0,0,0,0,0,0,0,0,0,67000,0,0,0,234000,167000,67000,67000
049847,旺宏群益94購04  ,0,0,0,0,0,0,0,0,0,67000,0,0,0,70000,3000,67000,67000
047081,晶技康和93購01  ,0,0,0,0,0,0,0,0,0,67000,0,0,0,87000,20000,67000,67000
052538,和大統一95購02  ,0,0,0,0,0,0,0,0,0,67000,0,0,0,67000,0,67000,67000
053318,全新群益99購01  ,0,0,0,0,0,0,0,0,0,67000,0,0,0,243000,176000,67000,67000
052210,華夏元大95購01  ,0,0,0,0,0,0,0,0,0,67000,0,0,0,67000,0,67000,67000
052086,鴻海元大96購08  ,0,0,0,0,0,0,0,0,0,67000,0,0,0,69000,2000,67000,67000
3038,全台            ,94000,27000,67000,0,0,0,0,0,0,0,0,0,0,0,0,0,67000
3033,威健            ,67000,0,67000,0,0,0,0,0,0,0,0,0,0,0,0,0,67000
1808,潤隆            ,85000,18000,67000,0,0,0,0,0,0,0,0,0,0,0,0,0,67000
054876,群電群益97購02  ,0,0,0,0,0,0,0,0,0,66000,0,0,0,66000,0,66000,66000
055575,華新科統一98購01,0,0,0,0,0,0,0,0,0,66000,0,0,0,96000,30000,66000,66000
055527,旺宏群益99購03  ,0,0,0,0,0,0,0,0,0,66000,0,0,0,66000,0,66000,66000
055304,瑞昱第一98購01  ,0,0,0,0,0,0,0,0,0,66000,0,0,0,101000,35000,66000,66000
055236,建準台新98購01  ,0,0,0,0,0,0,0,0,0,66000,0,0,0,66000,0,66000,66000
047042,佐登群益93購01  ,0,0,0,0,0,0,0,0,0,66000,0,0,0,86000,20000,66000,66000
050113,欣興元大95購05  ,0,0,0,0,0,0,0,0,0,66000,0,0,0,76000,10000,66000,66000
049675,台光電國票95購01,0,0,0,0,0,0,0,0,0,66000,0,0,0,69000,3000,66000,66000
050791,聯發科富邦96購01,0,0,0,0,0,0,0,0,0,66000,0,0,0,76000,10000,66000,66000
051335,華固永豐95購01  ,0,0,0,0,0,0,0,0,0,66000,0,0,0,66000,0,66000,66000
053847,美律元富96購02  ,0,0,0,0,0,0,0,0,0,66000,0,0,0,160000,94000,66000,66000
052650,台郡永豐96購01  ,0,0,0,0,0,0,0,0,0,66000,0,0,0,66000,0,66000,66000
053070,訊芯群益96購01  ,0,0,0,0,0,0,0,0,0,66000,0,0,0,100000,34000,66000,66000
05639P,欣興統一97售01  ,0,0,0,0,0,0,0,0,0,65000,0,0,0,140000,75000,65000,65000
054596,聯發科麥證97購01,0,0,0,65000,0,65000,0,0,0,65000,0,0,0,65000,0,65000,65000
054946,億光元大97購01  ,0,0,0,0,0,0,0,0,0,65000,0,0,0,109000,44000,65000,65000
054951,大毅元大97購01  ,0,0,0,0,0,0,0,0,0,65000,0,0,0,332000,267000,65000,65000
054492,嘉聯益台新96購01,0,0,0,0,0,0,0,0,0,65000,0,0,0,65000,0,65000,65000
054309,禾伸堂凱基98購01,0,0,0,0,0,0,0,0,0,65000,0,0,0,65000,0,65000,65000
054006,智易統一97購01  ,0,0,0,0,0,0,0,0,0,65000,0,0,0,240000,175000,65000,65000
046970,聯詠群益93購01  ,0,0,0,0,0,0,0,0,0,65000,0,0,0,75000,10000,65000,65000
049054,禾伸堂永豐94購01,0,0,0,0,0,0,0,0,0,65000,0,0,0,75000,10000,65000,65000
048590,貿聯兆豐94購02  ,0,0,0,0,0,0,0,0,0,65000,0,0,0,89000,24000,65000,65000
046109,遠東新元大92購01,0,0,0,0,0,0,0,0,0,65000,0,0,0,65000,0,65000,65000
045088,康控元大94購02  ,0,0,0,0,0,0,0,0,0,65000,0,0,0,125000,60000,65000,65000
050750,上銀統一94購02  ,0,0,0,0,0,0,0,0,0,65000,0,0,0,70000,5000,65000,65000
050558,台積電統一94購14,0,0,0,0,0,0,0,0,0,65000,0,0,0,125000,60000,65000,65000
049671,上証2X富邦95購01,0,0,0,0,0,0,0,0,0,65000,0,0,0,65000,0,65000,65000
047051,可成國票94購01  ,0,0,0,0,0,0,0,0,0,65000,0,0,0,71000,6000,65000,65000
047952,華通永豐93購03  ,0,0,0,0,0,0,0,0,0,65000,0,0,0,68000,3000,65000,65000
048495,南亞科元大93購04,0,0,0,0,0,0,0,0,0,65000,0,0,0,125000,60000,65000,65000
049898,緯穎統一95購01  ,0,0,0,0,0,0,0,0,0,65000,0,0,0,65000,0,65000,65000
052990,超眾元大97購01  ,0,0,0,0,0,0,0,0,0,65000,0,0,0,135000,70000,65000,65000
051034,正崴兆豐95購01  ,0,0,0,0,0,0,0,0,0,65000,0,0,0,65000,0,65000,65000
051242,台積電元大96購06,0,0,0,0,0,0,0,0,0,65000,0,0,0,86000,21000,65000,65000
052078,大立光元富95購10,0,0,0,0,0,0,0,0,0,65000,0,0,0,69000,4000,65000,65000
2360,致茂            ,197469,279000,-81531,0,0,0,213903,0,213903,-68000,2000,66000,-64000,18000,22000,-4000,64372
055052,凱美永豐97購01  ,0,0,0,0,0,0,0,0,0,64000,0,0,0,64000,0,64000,64000
054742,京鼎凱基99購01  ,0,0,0,0,0,0,0,0,0,64000,0,0,0,88000,24000,64000,64000
1315,達新            ,105000,68000,37000,0,0,0,27000,0,27000,0,1000,1000,0,0,0,0,64000
048576,義隆國泰95購01  ,0,0,0,0,0,0,0,0,0,64000,0,0,0,252000,188000,64000,64000
046979,台泥兆豐93購01  ,0,0,0,0,0,0,0,0,0,64000,0,0,0,64000,0,64000,64000
046682,聯發科群益93購03,0,0,0,0,0,0,0,0,0,64000,0,0,0,84000,20000,64000,64000
046735,聯發科國票93購01,0,0,0,0,0,0,0,0,0,64000,0,0,0,64000,0,64000,64000
048936,玉晶光永豐94購05,0,0,0,0,0,0,0,0,0,64000,0,0,0,71000,7000,64000,64000
048111,奇力新群益93購06,0,0,0,0,0,0,0,0,0,64000,0,0,0,68000,4000,64000,64000
049351,揚明光永豐94購01,0,0,0,0,0,0,0,0,0,64000,0,0,0,64000,0,64000,64000
050292,可成凱基94購11  ,0,0,0,0,0,0,0,0,0,64000,0,0,0,64000,0,64000,64000
051283,亞德客統一95購01,0,0,0,0,0,0,0,0,0,64000,0,0,0,76000,12000,64000,64000
051343,鴻海元大95購07  ,0,0,0,0,0,0,0,0,0,64000,0,0,0,96000,32000,64000,64000
052676,聯發科永昌98購01,0,0,0,0,0,0,0,0,0,64000,0,0,0,73000,9000,64000,64000
052679,致伸富邦98購01  ,0,0,0,0,0,0,0,0,0,64000,0,0,0,84000,20000,64000,64000
053527,創意中信97購01  ,0,0,0,0,0,0,0,0,0,64000,0,0,0,64000,0,64000,64000
05643P,大立光中信98售01,0,0,0,0,0,0,0,0,0,63000,0,0,0,300000,237000,63000,63000
05712P,友達統一97售03  ,0,0,0,0,0,0,0,0,0,63000,0,0,0,71000,8000,63000,63000
055548,旺宏凱基97購02  ,0,0,0,0,0,0,0,0,0,63000,0,0,0,94000,31000,63000,63000
045638,強茂凱基93購02  ,0,0,0,0,0,0,0,0,0,63000,0,0,0,73000,10000,63000,63000
04395P,台積電群益94售06,0,0,0,0,0,0,0,0,0,63000,0,0,0,63000,0,63000,63000
044884,嘉澤群益93購01  ,0,0,0,0,0,0,0,0,0,63000,0,0,0,138000,75000,63000,63000
045160,致新凱基92購01  ,0,0,0,0,0,0,0,0,0,63000,0,0,0,63000,0,63000,63000
047636,台達電元大93購03,0,0,0,0,0,0,0,0,0,63000,0,0,0,69000,6000,63000,63000
047072,義隆兆豐94購01  ,0,0,0,0,0,0,0,0,0,63000,0,0,0,85000,22000,63000,63000
050051,智原群益94購01  ,0,0,0,0,0,0,0,0,0,63000,0,0,0,93000,30000,63000,63000
053465,聯電元大96購05  ,0,0,0,0,0,0,0,0,0,63000,0,0,0,63000,0,63000,63000
053625,國巨兆豐96購03  ,0,0,0,0,0,0,0,0,0,63000,0,0,0,71000,8000,63000,63000
052570,華新科凱基96購06,0,0,0,0,0,0,0,0,0,63000,0,0,0,63000,0,63000,63000
053001,力山永豐96購01  ,0,0,0,0,0,0,0,0,0,63000,0,0,0,68000,5000,63000,63000
053023,泰鼎國泰97購01  ,0,0,0,0,0,0,0,0,0,63000,0,0,0,211000,148000,63000,63000
051434,中磊元富95購02  ,0,0,0,0,0,0,0,0,0,63000,0,0,0,149000,86000,63000,63000
05220P,台積電元大95售16,0,0,0,0,0,0,0,0,0,63000,0,0,0,75000,12000,63000,63000
055576,嘉晶統一98購01  ,0,0,0,0,0,0,0,0,0,62000,0,0,0,62000,0,62000,62000
05545P,台表科國泰98售01,0,0,0,0,0,0,0,0,0,62000,0,0,0,62000,0,62000,62000
054632,緯穎凱基9A購01  ,0,0,0,0,0,0,0,0,0,62000,0,0,0,72000,10000,62000,62000
053899,矽創群益96購02  ,0,0,0,0,0,0,0,0,0,62000,0,0,0,62000,0,62000,62000
054143,茂林元大96購04  ,0,0,0,0,0,0,0,0,0,62000,0,0,0,72000,10000,62000,62000
04853P,易華電永豐94售03,0,0,0,0,0,0,0,0,0,62000,0,0,0,62000,0,62000,62000
046028,微星元大92購01  ,0,0,0,0,0,0,0,0,0,62000,0,0,0,133000,71000,62000,62000
044662,力成永豐91購02  ,0,0,0,0,0,0,0,0,0,62000,0,0,0,62000,0,62000,62000
04084P,台表科統一93售01,0,0,0,0,0,0,0,0,0,62000,0,0,0,62000,0,62000,62000
050079,元油2X統一94購06,0,0,0,0,0,0,0,0,0,62000,0,0,0,62000,0,62000,62000
048073,南電元富93購02  ,0,0,0,0,0,0,0,0,0,62000,0,0,0,67000,5000,62000,62000
049569,光磊統一94購02  ,0,0,0,0,0,0,0,0,0,62000,0,0,0,99000,37000,62000,62000
049113,大立光統一94購06,0,0,0,0,0,0,0,0,0,62000,0,0,0,95000,33000,62000,62000
047416,台泥富邦94購01  ,0,0,0,0,0,0,0,0,0,62000,0,0,0,62000,0,62000,62000
050565,矽格元富94購01  ,0,0,0,0,0,0,0,0,0,62000,0,0,0,62000,0,62000,62000
050514,聯電元大94購01  ,0,0,0,0,0,0,0,0,0,62000,0,0,0,62000,0,62000,62000
052447,聯發科元大96購04,0,0,0,0,0,0,0,0,0,62000,0,0,0,79000,17000,62000,62000
051578,智邦元大96購01  ,0,0,0,0,0,0,0,0,0,62000,0,0,0,123000,61000,62000,62000
051246,美律元大96購01  ,0,0,0,0,0,0,0,0,0,62000,0,0,0,62000,0,62000,62000
051231,健策群益97購01  ,0,0,0,0,0,0,0,0,0,62000,0,0,0,73000,11000,62000,62000
051203,微星麥證95購01  ,0,0,0,209000,147000,62000,0,0,0,62000,0,0,0,209000,147000,62000,62000
052726,鴻海元富96購03  ,0,0,0,0,0,0,0,0,0,62000,0,0,0,175000,113000,62000,62000
052732,新唐國泰97購01  ,0,0,0,0,0,0,0,0,0,62000,0,0,0,62000,0,62000,62000
053441,旺宏凱基98購01  ,0,0,0,0,0,0,0,0,0,62000,0,0,0,75000,13000,62000,62000
053525,台積電中信96購04,0,0,0,0,0,0,0,0,0,62000,0,0,0,190000,128000,62000,62000
053245,全新國票97購01  ,0,0,0,0,0,0,0,0,0,62000,0,0,0,62000,0,62000,62000
1477,聚陽            ,259000,245450,13550,0,0,0,1000,0,1000,47000,54000,7000,47000,0,0,0,61550
055306,燿華群益97購01  ,0,0,0,0,0,0,0,0,0,61000,0,0,0,61000,0,61000,61000
054569,GIS群益98購01   ,0,0,0,0,0,0,0,0,0,61000,0,0,0,72000,11000,61000,61000
04155P,全新永豐93售01  ,0,0,0,0,0,0,0,0,0,61000,0,0,0,61000,0,61000,61000
046671,彩晶元大93購03  ,0,0,0,0,0,0,0,0,0,61000,0,0,0,92000,31000,61000,61000
046584,可成元大92購11  ,0,0,0,0,0,0,0,0,0,61000,0,0,0,67000,6000,61000,61000
046353,聯發科群益92購04,0,0,0,0,0,0,0,0,0,61000,0,0,0,61000,0,61000,61000
047495,新日興元富96購01,0,0,0,0,0,0,0,0,0,61000,0,0,0,74000,13000,61000,61000
049539,元油2X群益9A購01,0,0,0,0,0,0,0,0,0,61000,0,0,0,81000,20000,61000,61000
053399,創意中信96購01  ,0,0,0,0,0,0,0,0,0,61000,0,0,0,70000,9000,61000,61000
052933,祥碩元大96購01  ,0,0,0,0,0,0,0,0,0,61000,0,0,0,92000,31000,61000,61000
051440,鴻海元大95購12  ,0,0,0,0,0,0,0,0,0,61000,0,0,0,91000,30000,61000,61000
052240,臻鼎國票96購03  ,0,0,0,0,0,0,0,0,0,61000,0,0,0,61000,0,61000,61000
052045,瑞昱凱基96購01  ,0,0,0,0,0,0,0,0,0,61000,0,0,0,79000,18000,61000,61000
051892,台光電元富95購03,0,0,0,0,0,0,0,0,0,61000,0,0,0,61000,0,61000,61000
054675,美律台新98購01  ,0,0,0,0,0,0,0,0,0,60000,0,0,0,60000,0,60000,60000
054853,TPK國票98購02   ,0,0,0,0,0,0,0,0,0,60000,0,0,0,60000,0,60000,60000
054945,正崴元大97購01  ,0,0,0,0,0,0,0,0,0,60000,0,0,0,60000,0,60000,60000
05514P,康舒永豐96售01  ,0,0,0,0,0,0,0,0,0,60000,0,0,0,60000,0,60000,60000
054149,達方元大96購01  ,0,0,0,0,0,0,0,0,0,60000,0,0,0,85000,25000,60000,60000
054031,中鋼中信98購01  ,0,0,0,0,0,0,0,0,0,60000,0,0,0,60000,0,60000,60000
053971,聯發科元大97購09,0,0,0,0,0,0,0,0,0,60000,0,0,0,120000,60000,60000,60000
054276,國巨群益96購07  ,0,0,0,0,0,0,0,0,0,60000,0,0,0,60000,0,60000,60000
054293,健策元大98購02  ,0,0,0,0,0,0,0,0,0,60000,0,0,0,114000,54000,60000,60000
054334,超眾永豐96購04  ,0,0,0,0,0,0,0,0,0,60000,0,0,0,70000,10000,60000,60000
054417,牧德元大96購01  ,0,0,0,0,0,0,0,0,0,60000,0,0,0,60000,0,60000,60000
055480,元上證元大97購02,0,0,0,0,0,0,0,0,0,60000,0,0,0,60000,0,60000,60000
08941P,臺股指中信04售04,0,0,0,0,0,0,0,0,0,60000,0,0,0,60000,0,60000,60000
05785P,臺股指元大96售19,0,0,0,0,0,0,0,0,0,60000,0,0,0,60000,0,60000,60000
04672P,台積電統一94售09,0,0,0,0,0,0,0,0,0,60000,0,0,0,80000,20000,60000,60000
04476P,玉晶光元大94售05,0,0,0,0,0,0,0,0,0,60000,0,0,0,60000,0,60000,60000
045890,欣興元大92購06  ,0,0,0,0,0,0,0,0,0,60000,0,0,0,60000,0,60000,60000
048838,牧德凱基94購07  ,0,0,0,0,0,0,0,0,0,60000,0,0,0,79000,19000,60000,60000
048631,遠東新元大93購01,0,0,0,0,0,0,0,0,0,60000,0,0,0,60000,0,60000,60000
045372,台塑元大92購01  ,0,0,0,0,0,0,0,0,0,60000,0,0,0,94000,34000,60000,60000
045384,強茂元大92購01  ,0,0,0,0,0,0,0,0,0,60000,0,0,0,60000,0,60000,60000
04620P,聯電統一94售04  ,0,0,0,0,0,0,0,0,0,60000,0,0,0,60000,0,60000,60000
03102P,臺股指凱基03售08,0,0,0,0,0,0,0,0,0,60000,0,0,0,60000,0,60000,60000
04149P,景碩台新93售02  ,0,0,0,0,0,0,0,0,0,60000,0,0,0,60000,0,60000,60000
03219P,台積電康和02售01,0,0,0,0,0,0,0,0,0,60000,0,0,0,60000,0,60000,60000
040772,滬深2X元富92購02,0,0,0,0,0,0,0,0,0,60000,0,0,0,280000,220000,60000,60000
044281,滬深2X凱基91購02,0,0,0,0,0,0,0,0,0,60000,0,0,0,60000,0,60000,60000
04168P,元金2X凱基99售01,0,0,0,0,0,0,0,0,0,60000,0,0,0,60000,0,60000,60000
045631,台光電凱基93購06,0,0,0,0,0,0,0,0,0,60000,0,0,0,60000,0,60000,60000
042994,葡萄王元大94購02,0,0,0,0,0,0,0,0,0,60000,0,0,0,70000,10000,60000,60000
046804,群創元大94購01  ,0,0,0,0,0,0,0,0,0,60000,0,0,0,62000,2000,60000,60000
049330,元上證統一94購03,0,0,0,0,0,0,0,0,0,60000,0,0,0,60000,0,60000,60000
049802,可成元大94購10  ,0,0,0,0,0,0,0,0,0,60000,0,0,0,60000,0,60000,60000
049744,亞德客永豐94購01,0,0,0,0,0,0,0,0,0,60000,0,0,0,74000,14000,60000,60000
048131,全新國票94購02  ,0,0,0,0,0,0,0,0,0,60000,0,0,0,60000,0,60000,60000
049465,美律台新94購01  ,0,0,0,0,0,0,0,0,0,60000,0,0,0,60000,0,60000,60000
049124,可成元富94購02  ,0,0,0,0,0,0,0,0,0,60000,0,0,0,60000,0,60000,60000
048779,美利達凱基94購01,0,0,0,0,0,0,0,0,0,60000,0,0,0,100000,40000,60000,60000
04877P,聯發科麥證94售04,0,0,0,60000,0,60000,0,0,0,60000,0,0,0,60000,0,60000,60000
049294,南亞科群益94購01,0,0,0,0,0,0,0,0,0,60000,0,0,0,80000,20000,60000,60000
047232,禾伸堂凱基93購02,0,0,0,0,0,0,0,0,0,60000,0,0,0,61000,1000,60000,60000
050509,元油2X元大94購09,0,0,0,0,0,0,0,0,0,60000,0,0,0,60000,0,60000,60000
050757,聯發科元富94購03,0,0,0,0,0,0,0,0,0,60000,0,0,0,60000,0,60000,60000
050670,牧德永豐94購03  ,0,0,0,0,0,0,0,0,0,60000,0,0,0,121000,61000,60000,60000
050606,劍麟元大94購02  ,0,0,0,0,0,0,0,0,0,60000,0,0,0,60000,0,60000,60000
051939,同欣電群益97購01,0,0,0,0,0,0,0,0,0,60000,0,0,0,78000,18000,60000,60000
05184P,緯穎元富95售01  ,0,0,0,0,0,0,0,0,0,60000,0,0,0,60000,0,60000,60000
051759,全新元大95購04  ,0,0,0,0,0,0,0,0,0,60000,0,0,0,70000,10000,60000,60000
051764,欣興元大95購07  ,0,0,0,0,0,0,0,0,0,60000,0,0,0,61000,1000,60000,60000
051512,超眾麥證95購01  ,0,0,0,90000,0,90000,0,0,0,60000,0,0,0,90000,30000,60000,60000
05162P,玉晶光國票96售03,0,0,0,0,0,0,0,0,0,60000,0,0,0,60000,0,60000,60000
051130,百和群益96購01  ,0,0,0,0,0,0,0,0,0,60000,0,0,0,60000,0,60000,60000
051135,建準永豐95購01  ,0,0,0,0,0,0,0,0,0,60000,0,0,0,105000,45000,60000,60000
051279,喬山兆豐96購01  ,0,0,0,0,0,0,0,0,0,60000,0,0,0,60000,0,60000,60000
052748,群創元大9A購02  ,0,0,0,0,0,0,0,0,0,60000,0,0,0,103000,43000,60000,60000
052554,正崴國票97購01  ,0,0,0,0,0,0,0,0,0,60000,0,0,0,60000,0,60000,60000
052637,欣興凱基97購01  ,0,0,0,0,0,0,0,0,0,60000,0,0,0,60000,0,60000,60000
053388,群創元大9C購02  ,0,0,0,0,0,0,0,0,0,60000,0,0,0,109000,49000,60000,60000
053797,台積電中信98購01,0,0,0,0,0,0,0,0,0,60000,0,0,0,210000,150000,60000,60000
2855,統一證          ,103000,66000,37000,0,0,0,23000,0,23000,0,0,0,0,0,0,0,60000
05943P,欣興凱基96售03  ,0,0,0,0,0,0,0,0,0,59000,0,0,0,59000,0,59000,59000
055361,樺漢凱基97購01  ,0,0,0,0,0,0,0,0,0,59000,0,0,0,60000,1000,59000,59000
055163,訊芯元大98購01  ,0,0,0,0,0,0,0,0,0,59000,0,0,0,429000,370000,59000,59000
054947,興勤元大97購01  ,0,0,0,0,0,0,0,0,0,59000,0,0,0,59000,0,59000,59000
054888,泰碩統一97購01  ,0,0,0,0,0,0,0,0,0,59000,0,0,0,59000,0,59000,59000
05459P,聯詠凱基95售03  ,0,0,0,0,0,0,0,0,0,59000,0,0,0,96000,37000,59000,59000
048629,滬深2X元大96購04,0,0,0,0,0,0,0,0,0,59000,0,0,0,61000,2000,59000,59000
047565,美律國票93購02  ,0,0,0,0,0,0,0,0,0,59000,0,0,0,59000,0,59000,59000
049149,華新科元大95購03,0,0,0,0,0,0,0,0,0,59000,0,0,0,59000,0,59000,59000
047925,可成凱基94購01  ,0,0,0,0,0,0,0,0,0,59000,0,0,0,77000,18000,59000,59000
048982,牧德元大94購02  ,0,0,0,0,0,0,0,0,0,59000,0,0,0,84000,25000,59000,59000
053471,正崴元大96購01  ,0,0,0,0,0,0,0,0,0,59000,0,0,0,61000,2000,59000,59000
052925,日電貿永豐96購01,0,0,0,0,0,0,0,0,0,59000,0,0,0,59000,0,59000,59000
052356,聯詠永豐95購03  ,0,0,0,0,0,0,0,0,0,59000,0,0,0,81000,22000,59000,59000
2515,中工            ,111000,57000,54000,0,0,0,0,0,0,5000,0,24000,-24000,29000,0,29000,59000
1902,台紙            ,83000,23000,60000,0,0,0,0,1000,-1000,0,0,0,0,0,0,0,59000
054129,技嘉元大96購02  ,0,0,0,0,0,0,0,0,0,58000,0,0,0,186000,128000,58000,58000
055412,旺宏富邦99購01  ,0,0,0,0,0,0,0,0,0,58000,0,0,0,68000,10000,58000,58000
04541P,智易永豐94售03  ,0,0,0,0,0,0,0,0,0,58000,0,0,0,58000,0,58000,58000
045086,玉晶光元大94購02,0,0,0,0,0,0,0,0,0,58000,0,0,0,68000,10000,58000,58000
045087,玉晶光元大95購01,0,0,0,0,0,0,0,0,0,58000,0,0,0,60000,2000,58000,58000
04692P,大立光群益94售06,0,0,0,0,0,0,0,0,0,58000,0,0,0,88000,30000,58000,58000
044358,TPK元大92購02   ,0,0,0,0,0,0,0,0,0,58000,0,0,0,68000,10000,58000,58000
044302,智邦兆豐93購02  ,0,0,0,0,0,0,0,0,0,58000,0,0,0,58000,0,58000,58000
047838,亞光元大93購03  ,0,0,0,0,0,0,0,0,0,58000,0,0,0,113000,55000,58000,58000
050159,超眾群益94購03  ,0,0,0,0,0,0,0,0,0,58000,0,0,0,58000,0,58000,58000
050161,鴻海國泰96購03  ,0,0,0,0,0,0,0,0,0,58000,0,0,0,60000,2000,58000,58000
049743,全新台新94購01  ,0,0,0,0,0,0,0,0,0,58000,0,0,0,58000,0,58000,58000
049546,正崴群益94購01  ,0,0,0,0,0,0,0,0,0,58000,0,0,0,58000,0,58000,58000
048278,聯發科永豐93購03,0,0,0,0,0,0,0,0,0,58000,0,0,0,101000,43000,58000,58000
050869,健策永豐95購01  ,0,0,0,0,0,0,0,0,0,58000,0,0,0,77000,19000,58000,58000
051523,牧德凱基95購02  ,0,0,0,0,0,0,0,0,0,58000,0,0,0,158000,100000,58000,58000
051392,玉山金兆豐95購01,0,0,0,0,0,0,0,0,0,58000,0,0,0,68000,10000,58000,58000
051384,康友群益95購01  ,0,0,0,0,0,0,0,0,0,58000,0,0,0,58000,0,58000,58000
052988,智易元大96購02  ,0,0,0,0,0,0,0,0,0,58000,0,0,0,78000,20000,58000,58000
053340,建準國票97購01  ,0,0,0,0,0,0,0,0,0,58000,0,0,0,58000,0,58000,58000
6558,興能高          ,79400,22000,57400,0,0,0,0,0,0,0,0,0,0,0,0,0,57400
05532P,臺股指群益96售05,0,0,0,0,0,0,0,0,0,57000,0,0,0,59000,2000,57000,57000
06100P,台積電日盛97售03,0,0,0,0,0,0,0,0,0,57000,0,0,0,179000,122000,57000,57000
054137,聯詠元大97購02  ,0,0,0,0,0,0,0,0,0,57000,0,0,0,77000,20000,57000,57000
054401,康普永豐96購01  ,0,0,0,0,0,0,0,0,0,57000,0,0,0,57000,0,57000,57000
054548,鴻海凱基98購03  ,0,0,0,0,0,0,0,0,0,57000,0,0,0,57000,0,57000,57000
054350,美律國泰98購01  ,0,0,0,0,0,0,0,0,0,57000,0,0,0,132000,75000,57000,57000
045720,台光電凱基93購07,0,0,0,0,0,0,0,0,0,57000,0,0,0,60000,3000,57000,57000
043601,亞光元大93購01  ,0,0,0,0,0,0,0,0,0,57000,0,0,0,65000,8000,57000,57000
046980,智邦兆豐94購01  ,0,0,0,0,0,0,0,0,0,57000,0,0,0,83000,26000,57000,57000
046383,群創凱基98購01  ,0,0,0,0,0,0,0,0,0,57000,0,0,0,57000,0,57000,57000
046205,明基材凱基93購01,0,0,0,0,0,0,0,0,0,57000,0,0,0,57000,0,57000,57000
047343,台達電中信95購01,0,0,0,0,0,0,0,0,0,57000,0,0,0,80000,23000,57000,57000
050254,大立光富邦96購02,0,0,0,0,0,0,0,0,0,57000,0,0,0,78000,21000,57000,57000
049570,華新科統一94購04,0,0,0,0,0,0,0,0,0,57000,0,0,0,122000,65000,57000,57000
053697,臻鼎元大96購02  ,0,0,0,0,0,0,0,0,0,57000,0,0,0,100000,43000,57000,57000
052733,台郡國泰97購01  ,0,0,0,0,0,0,0,0,0,57000,0,0,0,79000,22000,57000,57000
052695,台表科中信98購01,0,0,0,0,0,0,0,0,0,57000,0,0,0,107000,50000,57000,57000
05270P,台表科元大95售05,0,0,0,0,0,0,0,0,0,57000,0,0,0,180000,123000,57000,57000
051552,牧德永豐95購03  ,0,0,0,0,0,0,0,0,0,57000,0,0,0,61000,4000,57000,57000
05103P,臺股指凱基96售10,0,0,0,0,0,0,0,0,0,57000,0,0,0,60000,3000,57000,57000
05234P,美食康和95售01  ,0,0,0,0,0,0,0,0,0,57000,0,0,0,57000,0,57000,57000
2342,茂矽            ,70000,12000,58000,0,0,0,0,0,0,-1000,0,1000,-1000,0,0,0,57000
054952,大毅元大97購02  ,0,0,0,0,0,0,0,0,0,56000,0,0,0,366000,310000,56000,56000
06188P,大立光元富97售01,0,0,0,0,0,0,0,0,0,56000,0,0,0,56000,0,56000,56000
055254,聯詠統一97購03  ,0,0,0,0,0,0,0,0,0,56000,0,0,0,65000,9000,56000,56000
046248,技嘉群益93購02  ,0,0,0,0,0,0,0,0,0,56000,0,0,0,56000,0,56000,56000
045271,元油2X統一93購01,0,0,0,0,0,0,0,0,0,56000,0,0,0,56000,0,56000,56000
048712,樺漢台新94購01  ,0,0,0,0,0,0,0,0,0,56000,0,0,0,61000,5000,56000,56000
04903P,全新永豐94售05  ,0,0,0,0,0,0,0,0,0,56000,0,0,0,61000,5000,56000,56000
047002,鴻海統一93購04  ,0,0,0,0,0,0,0,0,0,56000,0,0,0,56000,0,56000,56000
046935,義隆元富93購01  ,0,0,0,0,0,0,0,0,0,56000,0,0,0,56000,0,56000,56000
047007,大立光統一93購05,0,0,0,0,0,0,0,0,0,56000,0,0,0,79000,23000,56000,56000
044620,上銀元大92購04  ,0,0,0,0,0,0,0,0,0,56000,0,0,0,589000,533000,56000,56000
050173,旺宏元大96購02  ,0,0,0,0,0,0,0,0,0,56000,0,0,0,235000,179000,56000,56000
050031,嘉澤元大95購01  ,0,0,0,0,0,0,0,0,0,56000,0,0,0,124000,68000,56000,56000
048999,康普國票95購01  ,0,0,0,0,0,0,0,0,0,56000,0,0,0,56000,0,56000,56000
04713P,創意元大95售01  ,0,0,0,0,0,0,0,0,0,56000,0,0,0,120000,64000,56000,56000
052133,華邦電凱基9B購01,0,0,0,0,0,0,0,0,0,56000,0,0,0,58000,2000,56000,56000
051244,正崴元大95購01  ,0,0,0,0,0,0,0,0,0,56000,0,0,0,56000,0,56000,56000
05280P,華通元大95售08  ,0,0,0,0,0,0,0,0,0,56000,0,0,0,56000,0,56000,56000
052528,茂林元大95購05  ,0,0,0,0,0,0,0,0,0,56000,0,0,0,240000,184000,56000,56000
053743,康控國票97購02  ,0,0,0,0,0,0,0,0,0,56000,0,0,0,56000,0,56000,56000
055339,緯穎兆豐98購01  ,0,0,0,0,0,0,0,0,0,55000,0,0,0,55000,0,55000,55000
055406,大毅國泰99購01  ,0,0,0,0,0,0,0,0,0,55000,0,0,0,74000,19000,55000,55000
055477,同欣電凱基98購01,0,0,0,0,0,0,0,0,0,55000,0,0,0,60000,5000,55000,55000
055638,上銀元富97購01  ,0,0,0,0,0,0,0,0,0,55000,0,0,0,55000,0,55000,55000
054688,兆赫永豐97購01  ,0,0,0,0,0,0,0,0,0,55000,0,0,0,55000,0,55000,55000
054886,大毅統一97購01  ,0,0,0,0,0,0,0,0,0,55000,0,0,0,98000,43000,55000,55000
054277,亞光群益97購01  ,0,0,0,0,0,0,0,0,0,55000,0,0,0,60000,5000,55000,55000
054493,同欣電台新96購01,0,0,0,0,0,0,0,0,0,55000,0,0,0,55000,0,55000,55000
04399P,樺漢群益94售01  ,0,0,0,0,0,0,0,0,0,55000,0,0,0,55000,0,55000,55000
045522,滬深2X永豐94購01,0,0,0,0,0,0,0,0,0,55000,0,0,0,65000,10000,55000,55000
04223P,友達統一93售05  ,0,0,0,0,0,0,0,0,0,55000,0,0,0,55000,0,55000,55000
04025P,宏達電國泰94售01,0,0,0,0,0,0,0,0,0,55000,0,0,0,60000,5000,55000,55000
046975,元金2X永豐93購01,0,0,0,0,0,0,0,0,0,55000,0,0,0,55000,0,55000,55000
045893,貿聯元大92購04  ,0,0,0,0,0,0,0,0,0,55000,0,0,0,55000,0,55000,55000
046315,淘帝元大92購01  ,0,0,0,0,0,0,0,0,0,55000,0,0,0,55000,0,55000,55000
044789,嘉晶群益91購01  ,0,0,0,0,0,0,0,0,0,55000,0,0,0,55000,0,55000,55000
047541,深中小凱基94購01,0,0,0,0,0,0,0,0,0,55000,0,0,0,55000,0,55000,55000
050387,鴻海統一94購08  ,0,0,0,0,0,0,0,0,0,55000,0,0,0,99000,44000,55000,55000
047994,亞德客元大93購03,0,0,0,0,0,0,0,0,0,55000,0,0,0,56000,1000,55000,55000
047997,南亞科元大93購03,0,0,0,0,0,0,0,0,0,55000,0,0,0,77000,22000,55000,55000
048945,訊連永豐94購01  ,0,0,0,0,0,0,0,0,0,55000,0,0,0,55000,0,55000,55000
050062,聯發科凱基94購08,0,0,0,0,0,0,0,0,0,55000,0,0,0,81000,26000,55000,55000
053636,全新永豐96購02  ,0,0,0,0,0,0,0,0,0,55000,0,0,0,55000,0,55000,55000
053551,可成凱基96購05  ,0,0,0,0,0,0,0,0,0,55000,0,0,0,65000,10000,55000,55000
050972,台虹永豐95購01  ,0,0,0,0,0,0,0,0,0,55000,0,0,0,85000,30000,55000,55000
051518,富邦金凱基95購01,0,0,0,0,0,0,0,0,0,55000,0,0,0,70000,15000,55000,55000
051301,聯發科凱基95購08,0,0,0,0,0,0,0,0,0,55000,0,0,0,313000,258000,55000,55000
051407,南茂永豐95購02  ,0,0,0,0,0,0,0,0,0,55000,0,0,0,55000,0,55000,55000
051433,中磊元富95購01  ,0,0,0,0,0,0,0,0,0,55000,0,0,0,198000,143000,55000,55000
05174P,元金2X富邦9B售01,0,0,0,0,0,0,0,0,0,55000,0,0,0,55000,0,55000,55000
05186P,鈺齊中信95售02  ,0,0,0,0,0,0,0,0,0,55000,0,0,0,126000,71000,55000,55000
05703P,矽力群益96售03  ,0,0,0,0,0,0,0,0,0,54000,0,0,0,170000,116000,54000,54000
045960,聯發科凱基92購01,0,0,0,0,0,0,0,0,0,54000,0,0,0,55000,1000,54000,54000
044906,晶技凱基91購01  ,0,0,0,0,0,0,0,0,0,54000,0,0,0,54000,0,54000,54000
046619,可成凱基93購01  ,0,0,0,0,0,0,0,0,0,54000,0,0,0,54000,0,54000,54000
048733,台勝科麥證95購02,0,0,0,105000,51000,54000,0,0,0,54000,0,0,0,105000,51000,54000,54000
03281P,台積電凱基04售01,0,0,0,0,0,0,0,0,0,54000,0,0,0,54000,0,54000,54000
04318P,大成鋼永豐93售02,0,0,0,0,0,0,0,0,0,54000,0,0,0,79000,25000,54000,54000
04325P,創意元大93售06  ,0,0,0,0,0,0,0,0,0,54000,0,0,0,101000,47000,54000,54000
050065,冠德凱基94購01  ,0,0,0,0,0,0,0,0,0,54000,0,0,0,54000,0,54000,54000
049388,南電元大94購05  ,0,0,0,0,0,0,0,0,0,54000,0,0,0,69000,15000,54000,54000
050867,聯鈞永豐95購01  ,0,0,0,0,0,0,0,0,0,54000,0,0,0,110000,56000,54000,54000
047549,聯發科凱基93購12,0,0,0,0,0,0,0,0,0,54000,0,0,0,60000,6000,54000,54000
052075,旺宏元富95購03  ,0,0,0,0,0,0,0,0,0,54000,0,0,0,54000,0,54000,54000
052121,全新國票96購03  ,0,0,0,0,0,0,0,0,0,54000,0,0,0,54000,0,54000,54000
051590,玉晶光元大96購02,0,0,0,0,0,0,0,0,0,54000,0,0,0,64000,10000,54000,54000
051256,中磊元大95購01  ,0,0,0,0,0,0,0,0,0,54000,0,0,0,162000,108000,54000,54000
053012,國巨統一96購03  ,0,0,0,0,0,0,0,0,0,54000,0,0,0,259000,205000,54000,54000
06194P,台積電元富97售05,0,0,0,0,0,0,0,0,0,53000,0,0,0,213000,160000,53000,53000
055469,台光電凱基97購01,0,0,0,0,0,0,0,0,0,53000,0,0,0,53000,0,53000,53000
055447,華新科統一97購04,0,0,0,0,0,0,0,0,0,53000,0,0,0,58000,5000,53000,53000
054349,同欣電國票97購02,0,0,0,0,0,0,0,0,0,53000,0,0,0,53000,0,53000,53000
054335,緯穎永豐96購02  ,0,0,0,0,0,0,0,0,0,53000,0,0,0,83000,30000,53000,53000
03283P,台灣50群益03售03,0,0,0,0,0,0,0,0,0,53000,0,0,0,53000,0,53000,53000
044511,全新凱基92購01  ,0,0,0,0,0,0,0,0,0,53000,0,0,0,63000,10000,53000,53000
03769P,聯發科元大93售04,0,0,0,0,0,0,0,0,0,53000,0,0,0,1099000,1046000,53000,53000
048564,智易元大94購01  ,0,0,0,0,0,0,0,0,0,53000,0,0,0,53000,0,53000,53000
046158,聯發科群益92購02,0,0,0,0,0,0,0,0,0,53000,0,0,0,252000,199000,53000,53000
045462,美律元大93購04  ,0,0,0,0,0,0,0,0,0,53000,0,0,0,53000,0,53000,53000
050647,聯發科凱基96購01,0,0,0,0,0,0,0,0,0,53000,0,0,0,175000,122000,53000,53000
04843P,致新元大94售02  ,0,0,0,0,0,0,0,0,0,53000,0,0,0,124000,71000,53000,53000
049586,正崴元大94購01  ,0,0,0,0,0,0,0,0,0,53000,0,0,0,53000,0,53000,53000
049646,旺宏凱基94購01  ,0,0,0,0,0,0,0,0,0,53000,0,0,0,56000,3000,53000,53000
049795,華通元大96購02  ,0,0,0,0,0,0,0,0,0,53000,0,0,0,59000,6000,53000,53000
049854,超眾群益94購02  ,0,0,0,0,0,0,0,0,0,53000,0,0,0,73000,20000,53000,53000
052928,美律元大98購01  ,0,0,0,0,0,0,0,0,0,53000,0,0,0,99000,46000,53000,53000
05116P,台積電群益95售03,0,0,0,0,0,0,0,0,0,53000,0,0,0,53000,0,53000,53000
6592,和潤企業        ,53000,0,53000,0,0,0,0,0,0,0,0,0,0,0,0,0,53000
054517,高鐵元大96購01  ,0,0,0,0,0,0,0,0,0,52000,0,0,0,52000,0,52000,52000
054416,禾伸堂元大97購01,0,0,0,0,0,0,0,0,0,52000,0,0,0,52000,0,52000,52000
054857,信錦群益97購01  ,0,0,0,0,0,0,0,0,0,52000,0,0,0,52000,0,52000,52000
055154,聯發科元大98購01,0,0,0,0,0,0,0,0,0,52000,0,0,0,88000,36000,52000,52000
055502,群創元大9C購03  ,0,0,0,0,0,0,0,0,0,52000,0,0,0,103000,51000,52000,52000
045376,友訊元大93購01  ,0,0,0,0,0,0,0,0,0,52000,0,0,0,52000,0,52000,52000
045085,新日興元大92購01,0,0,0,0,0,0,0,0,0,52000,0,0,0,53000,1000,52000,52000
04590P,元石油元大97售01,0,0,0,0,0,0,0,0,0,52000,0,0,0,52000,0,52000,52000
045803,旺宏國票93購01  ,0,0,0,0,0,0,0,0,0,52000,0,0,0,62000,10000,52000,52000
03418B,臺股指元大95熊20,0,0,0,0,0,0,0,0,0,52000,0,0,0,135000,83000,52000,52000
03416B,臺股指凱基95熊05,0,0,0,0,0,0,0,0,0,52000,0,0,0,70000,18000,52000,52000
044629,嘉澤元大91購05  ,0,0,0,0,0,0,0,0,0,52000,0,0,0,52000,0,52000,52000
042561,南電兆豐92購01  ,0,0,0,0,0,0,0,0,0,52000,0,0,0,52000,0,52000,52000
049498,茂林元大95購01  ,0,0,0,0,0,0,0,0,0,52000,0,0,0,53000,1000,52000,52000
049929,祥碩元大94購03  ,0,0,0,0,0,0,0,0,0,52000,0,0,0,54000,2000,52000,52000
048882,智原統一96購01  ,0,0,0,0,0,0,0,0,0,52000,0,0,0,77000,25000,52000,52000
051611,鈺齊群益95購02  ,0,0,0,0,0,0,0,0,0,52000,0,0,0,70000,18000,52000,52000
052016,神基永豐95購01  ,0,0,0,0,0,0,0,0,0,52000,0,0,0,294000,242000,52000,52000
053052,旺宏國票97購02  ,0,0,0,0,0,0,0,0,0,52000,0,0,0,152000,100000,52000,52000
055509,訊芯元大97購03  ,0,0,0,0,0,0,0,0,0,51000,0,0,0,120000,69000,51000,51000
055405,華泰國泰98購01  ,0,0,0,0,0,0,0,0,0,51000,0,0,0,71000,20000,51000,51000
055617,TPK國票98購04   ,0,0,0,0,0,0,0,0,0,51000,0,0,0,51000,0,51000,51000
055561,奇鋐凱基97購01  ,0,0,0,0,0,0,0,0,0,51000,0,0,0,51000,0,51000,51000
06080P,景碩群益98售02  ,0,0,0,0,0,0,0,0,0,51000,0,0,0,61000,10000,51000,51000
05946P,和碩中信96售01  ,0,0,0,0,0,0,0,0,0,51000,0,0,0,63000,12000,51000,51000
055077,臺股指永豐97購02,0,0,0,0,0,0,0,0,0,51000,0,0,0,53000,2000,51000,51000
055128,致新兆豐97購01  ,0,0,0,0,0,0,0,0,0,51000,0,0,0,71000,20000,51000,51000
054881,光罩統一97購01  ,0,0,0,0,0,0,0,0,0,51000,0,0,0,229000,178000,51000,51000
054781,台化群益99購01  ,0,0,0,0,0,0,0,0,0,51000,0,0,0,51000,0,51000,51000
054069,亞光國泰98購01  ,0,0,0,0,0,0,0,0,0,51000,0,0,0,85000,34000,51000,51000
054200,美律富邦97購02  ,0,0,0,0,0,0,0,0,0,51000,0,0,0,51000,0,51000,51000
054197,台積電永昌96購07,0,0,0,0,0,0,0,0,0,51000,0,0,0,5778000,5727000,51000,51000
046790,康友永豐93購01  ,0,0,0,0,0,0,0,0,0,51000,0,0,0,99000,48000,51000,51000
046530,聯發科兆豐92購02,0,0,0,0,0,0,0,0,0,51000,0,0,0,51000,0,51000,51000
049017,旺宏群益96購03  ,0,0,0,0,0,0,0,0,0,51000,0,0,0,65000,14000,51000,51000
049961,GIS統一94購01   ,0,0,0,0,0,0,0,0,0,51000,0,0,0,61000,10000,51000,51000
049357,微星富邦94購01  ,0,0,0,0,0,0,0,0,0,51000,0,0,0,114000,63000,51000,51000
048098,嘉澤凱基93購04  ,0,0,0,0,0,0,0,0,0,51000,0,0,0,70000,19000,51000,51000
050780,台表科元大96購01,0,0,0,0,0,0,0,0,0,51000,0,0,0,51000,0,51000,51000
050384,嘉澤國票94購02  ,0,0,0,0,0,0,0,0,0,51000,0,0,0,51000,0,51000,51000
05039P,鴻海凱基95售10  ,0,0,0,0,0,0,0,0,0,51000,0,0,0,51000,0,51000,51000
050293,強茂凱基94購01  ,0,0,0,0,0,0,0,0,0,51000,0,0,0,51000,0,51000,51000
047599,大立光統一93購08,0,0,0,0,0,0,0,0,0,51000,0,0,0,51000,0,51000,51000
048196,聯發科元大93購24,0,0,0,0,0,0,0,0,0,51000,0,0,0,103000,52000,51000,51000
047319,晶技元大93購02  ,0,0,0,0,0,0,0,0,0,51000,0,0,0,51000,0,51000,51000
05298P,上銀元大95售03  ,0,0,0,0,0,0,0,0,0,51000,0,0,0,51000,0,51000,51000
053547,台積電凱基96購14,0,0,0,0,0,0,0,0,0,51000,0,0,0,88000,37000,51000,51000
051780,矽力群益95購01  ,0,0,0,0,0,0,0,0,0,51000,0,0,0,120000,69000,51000,51000
051131,玉山金台新95購01,0,0,0,0,0,0,0,0,0,51000,0,0,0,51000,0,51000,51000
051155,聯發科國泰96購01,0,0,0,0,0,0,0,0,0,51000,0,0,0,166000,115000,51000,51000
2881A,富邦特          ,0,0,0,0,0,0,0,0,0,51000,51000,0,51000,0,0,0,51000
2882A,國泰特          ,0,0,0,0,0,0,0,0,0,51000,51000,0,51000,0,0,0,51000
05418P,瑞昱永豐95售02  ,0,0,0,0,0,0,0,0,0,50000,0,0,0,50000,0,50000,50000
053984,康友元大96購05  ,0,0,0,0,0,0,0,0,0,50000,0,0,0,75000,25000,50000,50000
053893,京鼎群益97購02  ,0,0,0,0,0,0,0,0,0,50000,0,0,0,170000,120000,50000,50000
053921,嘉晶國票97購03  ,0,0,0,0,0,0,0,0,0,50000,0,0,0,60000,10000,50000,50000
053942,超眾國泰96購02  ,0,0,0,0,0,0,0,0,0,50000,0,0,0,50000,0,50000,50000
05441P,華通元大95售09  ,0,0,0,0,0,0,0,0,0,50000,0,0,0,50000,0,50000,50000
054403,同欣電永豐96購02,0,0,0,0,0,0,0,0,0,50000,0,0,0,50000,0,50000,50000
054522,康友元大96購07  ,0,0,0,0,0,0,0,0,0,50000,0,0,0,66000,16000,50000,50000
054505,揚明光永豐97購02,0,0,0,0,0,0,0,0,0,50000,0,0,0,50000,0,50000,50000
054803,味全元大9A購01  ,0,0,0,0,0,0,0,0,0,50000,0,0,0,50000,0,50000,50000
05474P,智邦亞東95售01  ,0,0,0,0,0,0,0,0,0,50000,0,0,0,50000,0,50000,50000
054823,祥碩元大97購02  ,0,0,0,0,0,0,0,0,0,50000,0,0,0,117000,67000,50000,50000
054653,聯發科麥證97購02,0,0,0,50000,0,50000,0,0,0,50000,0,0,0,50000,0,50000,50000
054599,正崴台新97購01  ,0,0,0,0,0,0,0,0,0,50000,0,0,0,50000,0,50000,50000
055213,大成鋼凱基98購01,0,0,0,0,0,0,0,0,0,50000,0,0,0,50000,0,50000,50000
054964,智易元大99購01  ,0,0,0,0,0,0,0,0,0,50000,0,0,0,84000,34000,50000,50000
054912,群光凱基97購01  ,0,0,0,0,0,0,0,0,0,50000,0,0,0,50000,0,50000,50000
05888P,友達元大97售01  ,0,0,0,0,0,0,0,0,0,50000,0,0,0,50000,0,50000,50000
05701P,彩晶凱基96售01  ,0,0,0,0,0,0,0,0,0,50000,0,0,0,50000,0,50000,50000
05778P,台積電統一96售05,0,0,0,0,0,0,0,0,0,50000,0,0,0,230000,180000,50000,50000
06076P,大立光凱基98售03,0,0,0,0,0,0,0,0,0,50000,0,0,0,50000,0,50000,50000
055675,亞德客凱基97購02,0,0,0,0,0,0,0,0,0,50000,0,0,0,50000,0,50000,50000
055350,聯發科凱基97購02,0,0,0,0,0,0,0,0,0,50000,0,0,0,81000,31000,50000,50000
055273,華泰元大97購01  ,0,0,0,0,0,0,0,0,0,50000,0,0,0,82000,32000,50000,50000
049025,華擎群益94購01  ,0,0,0,0,0,0,0,0,0,50000,0,0,0,123000,73000,50000,50000
049073,光罩凱基94購01  ,0,0,0,0,0,0,0,0,0,50000,0,0,0,110000,60000,50000,50000
048616,智伸科凱基93購07,0,0,0,0,0,0,0,0,0,50000,0,0,0,90000,40000,50000,50000
045081,大立光元大93購07,0,0,0,0,0,0,0,0,0,50000,0,0,0,50000,0,50000,50000
045056,欣興元富92購01  ,0,0,0,0,0,0,0,0,0,50000,0,0,0,50000,0,50000,50000
046213,可成統一92購06  ,0,0,0,0,0,0,0,0,0,50000,0,0,0,51000,1000,50000,50000
046418,智原元大92購02  ,0,0,0,0,0,0,0,0,0,50000,0,0,0,50000,0,50000,50000
04640P,上銀凱基94售05  ,0,0,0,0,0,0,0,0,0,50000,0,0,0,50000,0,50000,50000
046604,康控群益93購02  ,0,0,0,0,0,0,0,0,0,50000,0,0,0,50000,0,50000,50000
044900,建準凱基93購01  ,0,0,0,0,0,0,0,0,0,50000,0,0,0,50000,0,50000,50000
047031,麗豐元大93購01  ,0,0,0,0,0,0,0,0,0,50000,0,0,0,50000,0,50000,50000
045782,欣興元大93購04  ,0,0,0,0,0,0,0,0,0,50000,0,0,0,51000,1000,50000,50000
04585P,楠梓電永豐94售02,0,0,0,0,0,0,0,0,0,50000,0,0,0,50000,0,50000,50000
045984,亞光麥證93購02  ,0,0,0,50000,0,50000,0,0,0,50000,0,0,0,50000,0,50000,50000
044800,華邦電凱基93購02,0,0,0,0,0,0,0,0,0,50000,0,0,0,50000,0,50000,50000
044836,宏達電元大93購05,0,0,0,0,0,0,0,0,0,50000,0,0,0,50000,0,50000,50000
046791,台郡統一96購01  ,0,0,0,0,0,0,0,0,0,50000,0,0,0,60000,10000,50000,50000
04568P,瑞昱兆豐94售02  ,0,0,0,0,0,0,0,0,0,50000,0,0,0,200000,150000,50000,50000
045568,上証2X元大95購01,0,0,0,0,0,0,0,0,0,50000,0,0,0,51000,1000,50000,50000
045492,鑽全凱基92購01  ,0,0,0,0,0,0,0,0,0,50000,0,0,0,50000,0,50000,50000
04674P,全新統一95售01  ,0,0,0,0,0,0,0,0,0,50000,0,0,0,50000,0,50000,50000
04298P,祥碩元大93售02  ,0,0,0,0,0,0,0,0,0,50000,0,0,0,100000,50000,50000,50000
042914,大立光元大92購06,0,0,0,0,0,0,0,0,0,50000,0,0,0,50000,0,50000,50000
044167,大立光元大93購03,0,0,0,0,0,0,0,0,0,50000,0,0,0,50000,0,50000,50000
044532,康控富邦93購01  ,0,0,0,0,0,0,0,0,0,50000,0,0,0,50000,0,50000,50000
04394P,臻鼎凱基94售01  ,0,0,0,0,0,0,0,0,0,50000,0,0,0,50000,0,50000,50000
03498P,矽創凱基02售02  ,0,0,0,0,0,0,0,0,0,50000,0,0,0,50000,0,50000,50000
03849P,大成鋼凱基93售03,0,0,0,0,0,0,0,0,0,50000,0,0,0,60000,10000,50000,50000
03795P,智邦元大93售03  ,0,0,0,0,0,0,0,0,0,50000,0,0,0,50000,0,50000,50000
041857,宏達電元大92購01,0,0,0,0,0,0,0,0,0,50000,0,0,0,50000,0,50000,50000
041912,上緯控元大92購01,0,0,0,0,0,0,0,0,0,50000,0,0,0,50000,0,50000,50000
044487,元油2X元大94購01,0,0,0,0,0,0,0,0,0,50000,0,0,0,100000,50000,50000,50000
044435,嘉澤元大91購03  ,0,0,0,0,0,0,0,0,0,50000,0,0,0,50000,0,50000,50000
041427,滬深2X國票93購01,0,0,0,0,0,0,0,0,0,50000,0,0,0,50000,0,50000,50000
04008P,京元電國票93售01,0,0,0,0,0,0,0,0,0,50000,0,0,0,50000,0,50000,50000
040745,滬深2X群益92購01,0,0,0,0,0,0,0,0,0,50000,0,0,0,50000,0,50000,50000
048382,T50反1國票96購01,0,0,0,0,0,0,0,0,0,50000,0,0,0,50000,0,50000,50000
048326,滬深2X國泰94購03,0,0,0,0,0,0,0,0,0,50000,0,0,0,50000,0,50000,50000
048343,大立光元大93購29,0,0,0,0,0,0,0,0,0,50000,0,0,0,50000,0,50000,50000
048349,美利達元大96購02,0,0,0,0,0,0,0,0,0,50000,0,0,0,50000,0,50000,50000
047270,元油2X永豐94購02,0,0,0,0,0,0,0,0,0,50000,0,0,0,50000,0,50000,50000
047734,欣興兆豐94購02  ,0,0,0,0,0,0,0,0,0,50000,0,0,0,300000,250000,50000,50000
047608,聯發科第一95購01,0,0,0,0,0,0,0,0,0,50000,0,0,0,50000,0,50000,50000
047655,聯發科兆豐93購02,0,0,0,0,0,0,0,0,0,50000,0,0,0,50000,0,50000,50000
04749P,臺股指元大94售25,0,0,0,0,0,0,0,0,0,50000,0,0,0,50000,0,50000,50000
050258,為升元大94購08  ,0,0,0,0,0,0,0,0,0,50000,0,0,0,143000,93000,50000,50000
050401,鎧勝中信94購01  ,0,0,0,0,0,0,0,0,0,50000,0,0,0,50000,0,50000,50000
050937,可成國票96購02  ,0,0,0,0,0,0,0,0,0,50000,0,0,0,64000,14000,50000,50000
047096,元油反國泰96購01,0,0,0,0,0,0,0,0,0,50000,0,0,0,50000,0,50000,50000
049405,羅麗芬群益94購02,0,0,0,0,0,0,0,0,0,50000,0,0,0,50000,0,50000,50000
04951P,緯創中信94售01  ,0,0,0,0,0,0,0,0,0,50000,0,0,0,50000,0,50000,50000
049573,長榮航統一95購01,0,0,0,0,0,0,0,0,0,50000,0,0,0,50000,0,50000,50000
051675,瑞儀元大96購02  ,0,0,0,0,0,0,0,0,0,50000,0,0,0,100000,50000,50000,50000
051471,國巨凱基97購01  ,0,0,0,0,0,0,0,0,0,50000,0,0,0,54000,4000,50000,50000
051755,台積電元大96購08,0,0,0,0,0,0,0,0,0,50000,0,0,0,50000,0,50000,50000
051919,台郡元大96購02  ,0,0,0,0,0,0,0,0,0,50000,0,0,0,50000,0,50000,50000
053385,聯詠元大96購02  ,0,0,0,0,0,0,0,0,0,50000,0,0,0,50000,0,50000,50000
053417,上銀永豐96購02  ,0,0,0,0,0,0,0,0,0,50000,0,0,0,70000,20000,50000,50000
053345,欣興國票97購02  ,0,0,0,0,0,0,0,0,0,50000,0,0,0,50000,0,50000,50000
053262,華邦電群益96購02,0,0,0,0,0,0,0,0,0,50000,0,0,0,65000,15000,50000,50000
05366P,鴻海元富95售12  ,0,0,0,0,0,0,0,0,0,50000,0,0,0,50000,0,50000,50000
052960,中環凱基96購01  ,0,0,0,0,0,0,0,0,0,50000,0,0,0,50000,0,50000,50000
052486,元油反國票96購01,0,0,0,0,0,0,0,0,0,50000,0,0,0,50000,0,50000,50000
052848,聯發科統一96購03,0,0,0,0,0,0,0,0,0,50000,0,0,0,60000,10000,50000,50000
3698,隆達            ,141000,141000,0,0,0,0,0,0,0,50000,0,0,0,50000,0,50000,50000
055319,國巨國票98購03  ,0,0,0,0,0,0,0,0,0,49000,0,0,0,49000,0,49000,49000
055314,華邦電中信99購01,0,0,0,0,0,0,0,0,0,49000,0,0,0,49000,0,49000,49000
055550,華邦電凱基97購03,0,0,0,0,0,0,0,0,0,49000,0,0,0,81000,32000,49000,49000
05604P,聯發科元大96售10,0,0,0,0,0,0,0,0,0,49000,0,0,0,387000,338000,49000,49000
055018,緯穎元富97購02  ,0,0,0,0,0,0,0,0,0,49000,0,0,0,96000,47000,49000,49000
055122,國巨兆豐98購01  ,0,0,0,0,0,0,0,0,0,49000,0,0,0,49000,0,49000,49000
05487P,台表科凱基95售02,0,0,0,0,0,0,0,0,0,49000,0,0,0,50000,1000,49000,49000
054774,同欣電國票98購01,0,0,0,0,0,0,0,0,0,49000,0,0,0,74000,25000,49000,49000
054544,統一中信97購01  ,0,0,0,0,0,0,0,0,0,49000,0,0,0,49000,0,49000,49000
054327,亞光台新96購02  ,0,0,0,0,0,0,0,0,0,49000,0,0,0,49000,0,49000,49000
054152,漢唐國泰98購02  ,0,0,0,0,0,0,0,0,0,49000,0,0,0,82000,33000,49000,49000
054095,同欣電群益98購03,0,0,0,0,0,0,0,0,0,49000,0,0,0,69000,20000,49000,49000
03686P,大立光統一98售02,0,0,0,0,0,0,0,0,0,49000,0,0,0,96000,47000,49000,49000
043731,泰鼎國泰92購01  ,0,0,0,0,0,0,0,0,0,49000,0,0,0,49000,0,49000,49000
044784,華邦電中信96購01,0,0,0,0,0,0,0,0,0,49000,0,0,0,49000,0,49000,49000
046035,冠德元大92購03  ,0,0,0,0,0,0,0,0,0,49000,0,0,0,49000,0,49000,49000
046342,聯發科國票92購02,0,0,0,0,0,0,0,0,0,49000,0,0,0,72000,23000,49000,49000
046292,聯發科統一92購02,0,0,0,0,0,0,0,0,0,49000,0,0,0,49000,0,49000,49000
046460,聯鈞凱基93購02  ,0,0,0,0,0,0,0,0,0,49000,0,0,0,60000,11000,49000,49000
046989,可成凱基93購03  ,0,0,0,0,0,0,0,0,0,49000,0,0,0,49000,0,49000,49000
045459,致茂元大92購01  ,0,0,0,0,0,0,0,0,0,49000,0,0,0,51000,2000,49000,49000
050129,聯發科凱基94購11,0,0,0,0,0,0,0,0,0,49000,0,0,0,56000,7000,49000,49000
049481,為升元大94購03  ,0,0,0,0,0,0,0,0,0,49000,0,0,0,65000,16000,49000,49000
049903,大立光元富94購06,0,0,0,0,0,0,0,0,0,49000,0,0,0,62000,13000,49000,49000
048923,國巨永豐94購02  ,0,0,0,0,0,0,0,0,0,49000,0,0,0,98000,49000,49000,49000
049146,南亞科元大94購02,0,0,0,0,0,0,0,0,0,49000,0,0,0,54000,5000,49000,49000
050512,台泥元大94購01  ,0,0,0,0,0,0,0,0,0,49000,0,0,0,52000,3000,49000,49000
048429,旺宏國票94購02  ,0,0,0,0,0,0,0,0,0,49000,0,0,0,52000,3000,49000,49000
053153,大立光元大99購02,0,0,0,0,0,0,0,0,0,49000,0,0,0,72000,23000,49000,49000
053639,禾伸堂永豐96購01,0,0,0,0,0,0,0,0,0,49000,0,0,0,69000,20000,49000,49000
053272,鴻海元大96購17  ,0,0,0,0,0,0,0,0,0,49000,0,0,0,50000,1000,49000,49000
053542,超眾永豐96購01  ,0,0,0,0,0,0,0,0,0,49000,0,0,0,69000,20000,49000,49000
052180,緯穎元大96購05  ,0,0,0,0,0,0,0,0,0,49000,0,0,0,103000,54000,49000,49000
052464,大立光統一95購05,0,0,0,0,0,0,0,0,0,49000,0,0,0,69000,20000,49000,49000
050962,聯發科永豐95購02,0,0,0,0,0,0,0,0,0,49000,0,0,0,49000,0,49000,49000
2390,云辰            ,55000,6000,49000,0,0,0,0,0,0,0,0,0,0,0,0,0,49000
054176,亞光台新96購01  ,0,0,0,0,0,0,0,0,0,48000,0,0,0,65000,17000,48000,48000
054183,亞光康和96購01  ,0,0,0,0,0,0,0,0,0,48000,0,0,0,48000,0,48000,48000
053961,揚明光永豐96購04,0,0,0,0,0,0,0,0,0,48000,0,0,0,48000,0,48000,48000
054609,正崴永豐97購01  ,0,0,0,0,0,0,0,0,0,48000,0,0,0,48000,0,48000,48000
055355,大立光凱基97購05,0,0,0,0,0,0,0,0,0,48000,0,0,0,57000,9000,48000,48000
055243,國巨統一97購04  ,0,0,0,0,0,0,0,0,0,48000,0,0,0,48000,0,48000,48000
05726P,易華電永豐96售02,0,0,0,0,0,0,0,0,0,48000,0,0,0,48000,0,48000,48000
048603,中磊國票94購02  ,0,0,0,0,0,0,0,0,0,48000,0,0,0,106000,58000,48000,48000
046702,旺宏元富93購02  ,0,0,0,0,0,0,0,0,0,48000,0,0,0,58000,10000,48000,48000
043963,台化國泰92購01  ,0,0,0,0,0,0,0,0,0,48000,0,0,0,48000,0,48000,48000
048337,致茂元大93購04  ,0,0,0,0,0,0,0,0,0,48000,0,0,0,89000,41000,48000,48000
048293,聯詠群益93購04  ,0,0,0,0,0,0,0,0,0,48000,0,0,0,48000,0,48000,48000
050335,正崴國泰96購01  ,0,0,0,0,0,0,0,0,0,48000,0,0,0,49000,1000,48000,48000
050580,強茂國票95購01  ,0,0,0,0,0,0,0,0,0,48000,0,0,0,48000,0,48000,48000
049143,智邦元大94購02  ,0,0,0,0,0,0,0,0,0,48000,0,0,0,134000,86000,48000,48000
047812,可成凱基93購09  ,0,0,0,0,0,0,0,0,0,48000,0,0,0,50000,2000,48000,48000
049974,聯發科日盛94購02,0,0,0,0,0,0,0,0,0,48000,0,0,0,83000,35000,48000,48000
051111,可成統一95購02  ,0,0,0,0,0,0,0,0,0,48000,0,0,0,48000,0,48000,48000
053190,聯發科統一99購01,0,0,0,0,0,0,0,0,0,48000,0,0,0,50000,2000,48000,48000
4961,天鈺            ,106000,46000,60000,0,0,0,0,0,0,-12000,0,0,0,3000,15000,-12000,48000
054645,奇力新群益97購04,0,0,0,0,0,0,0,0,0,47000,0,0,0,142000,95000,47000,47000
054755,世紀鋼凱基98購01,0,0,0,0,0,0,0,0,0,47000,0,0,0,47000,0,47000,47000
046785,禾伸堂永豐93購01,0,0,0,0,0,0,0,0,0,47000,0,0,0,47000,0,47000,47000
044988,玉晶光統一95購01,0,0,0,0,0,0,0,0,0,47000,0,0,0,47000,0,47000,47000
045365,智邦兆豐93購04  ,0,0,0,0,0,0,0,0,0,47000,0,0,0,116000,69000,47000,47000
047865,健鼎康和93購01  ,0,0,0,0,0,0,0,0,0,47000,0,0,0,116000,69000,47000,47000
047995,台達電元大96購01,0,0,0,0,0,0,0,0,0,47000,0,0,0,47000,0,47000,47000
050478,致新永豐94購02  ,0,0,0,0,0,0,0,0,0,47000,0,0,0,47000,0,47000,47000
052977,奇力新麥證97購01,0,0,0,62000,15000,47000,0,0,0,47000,0,0,0,62000,15000,47000,47000
052627,中壽中信98購01  ,0,0,0,0,0,0,0,0,0,47000,0,0,0,47000,0,47000,47000
053481,同欣電元大97購01,0,0,0,0,0,0,0,0,0,47000,0,0,0,80000,33000,47000,47000
051378,奇力新群益95購01,0,0,0,0,0,0,0,0,0,47000,0,0,0,178000,131000,47000,47000
051837,國巨國泰96購04  ,0,0,0,0,0,0,0,0,0,47000,0,0,0,47000,0,47000,47000
054623,華新科第一97購01,0,0,0,0,0,0,0,0,0,46000,0,0,0,131000,85000,46000,46000
054363,世芯凱基97購01  ,0,0,0,0,0,0,0,0,0,46000,0,0,0,46000,0,46000,46000
06106P,國巨群益97售02  ,0,0,0,0,0,0,0,0,0,46000,0,0,0,209000,163000,46000,46000
055420,欣興永豐98購01  ,0,0,0,0,0,0,0,0,0,46000,0,0,0,64000,18000,46000,46000
048818,台達電凱基94購01,0,0,0,0,0,0,0,0,0,46000,0,0,0,46000,0,46000,46000
048839,牧德凱基95購01  ,0,0,0,0,0,0,0,0,0,46000,0,0,0,106000,60000,46000,46000
047279,日月光永豐93購01,0,0,0,0,0,0,0,0,0,46000,0,0,0,106000,60000,46000,46000
049902,大立光元富94購05,0,0,0,0,0,0,0,0,0,46000,0,0,0,46000,0,46000,46000
047948,瑞儀統一93購01  ,0,0,0,0,0,0,0,0,0,46000,0,0,0,48000,2000,46000,46000
049079,聯發科凱基94購04,0,0,0,0,0,0,0,0,0,46000,0,0,0,74000,28000,46000,46000
049341,旺宏統一95購01  ,0,0,0,0,0,0,0,0,0,46000,0,0,0,46000,0,46000,46000
051198,鴻海麥證95購02  ,0,0,0,50000,4000,46000,0,0,0,46000,0,0,0,50000,4000,46000,46000
053229,南電台新97購01  ,0,0,0,0,0,0,0,0,0,46000,0,0,0,46000,0,46000,46000
053630,奇鋐兆豐97購01  ,0,0,0,0,0,0,0,0,0,46000,0,0,0,46000,0,46000,46000
052655,群創統一97購01  ,0,0,0,0,0,0,0,0,0,46000,0,0,0,239000,193000,46000,46000
052508,矽力日盛95購02  ,0,0,0,0,0,0,0,0,0,46000,0,0,0,46000,0,46000,46000
053187,國巨統一96購05  ,0,0,0,0,0,0,0,0,0,46000,0,0,0,56000,10000,46000,46000
4725,信昌化          ,49000,3000,46000,0,0,0,0,0,0,0,0,0,0,0,0,0,46000
4976,佳凌            ,84000,38000,46000,0,0,0,0,0,0,0,0,0,0,0,0,0,46000
1612,宏泰            ,46000,0,46000,0,0,0,0,0,0,0,0,0,0,0,0,0,46000
6456,GIS-KY          ,217000,263000,-46000,0,0,0,0,0,0,92000,1000,5000,-4000,103000,7000,96000,46000
055386,致新元大97購02  ,0,0,0,0,0,0,0,0,0,45000,0,0,0,45000,0,45000,45000
054648,智原群益98購01  ,0,0,0,0,0,0,0,0,0,45000,0,0,0,45000,0,45000,45000
055049,智邦永豐97購01  ,0,0,0,0,0,0,0,0,0,45000,0,0,0,97000,52000,45000,45000
055005,晶相光元富97購01,0,0,0,0,0,0,0,0,0,45000,0,0,0,45000,0,45000,45000
044879,上証2X群益93購01,0,0,0,0,0,0,0,0,0,45000,0,0,0,75000,30000,45000,45000
046574,泰鼎國泰94購01  ,0,0,0,0,0,0,0,0,0,45000,0,0,0,326000,281000,45000,45000
04397P,玉晶光群益95售03,0,0,0,0,0,0,0,0,0,45000,0,0,0,45000,0,45000,45000
042137,元油2X元大93購01,0,0,0,0,0,0,0,0,0,45000,0,0,0,50000,5000,45000,45000
03387P,台積電凱基03售11,0,0,0,0,0,0,0,0,0,45000,0,0,0,45000,0,45000,45000
00650L,FH香港正2       ,0,0,0,0,0,0,0,0,0,45000,0,0,0,994000,949000,45000,45000
04979P,臺股指凱基96售07,0,0,0,0,0,0,0,0,0,45000,0,0,0,50000,5000,45000,45000
049775,旺宏統一95購02  ,0,0,0,0,0,0,0,0,0,45000,0,0,0,45000,0,45000,45000
050099,台積電永昌96購01,0,0,0,0,0,0,0,0,0,45000,0,0,0,63000,18000,45000,45000
049397,台達電群益94購03,0,0,0,0,0,0,0,0,0,45000,0,0,0,45000,0,45000,45000
047480,全新凱基93購01  ,0,0,0,0,0,0,0,0,0,45000,0,0,0,55000,10000,45000,45000
048759,巨大元富96購01  ,0,0,0,0,0,0,0,0,0,45000,0,0,0,45000,0,45000,45000
049147,美律元大94購02  ,0,0,0,0,0,0,0,0,0,45000,0,0,0,74000,29000,45000,45000
049298,矽格群益95購01  ,0,0,0,0,0,0,0,0,0,45000,0,0,0,47000,2000,45000,45000
049244,亞光元富94購01  ,0,0,0,0,0,0,0,0,0,45000,0,0,0,48000,3000,45000,45000
049896,聯發科統一94購06,0,0,0,0,0,0,0,0,0,45000,0,0,0,45000,0,45000,45000
047999,聯發科元大93購22,0,0,0,0,0,0,0,0,0,45000,0,0,0,45000,0,45000,45000
047312,聯發科元大93購13,0,0,0,0,0,0,0,0,0,45000,0,0,0,45000,0,45000,45000
047149,聯鈞群益93購01  ,0,0,0,0,0,0,0,0,0,45000,0,0,0,45000,0,45000,45000
050241,聯發科凱基94購14,0,0,0,0,0,0,0,0,0,45000,0,0,0,53000,8000,45000,45000
050632,國巨群益94購07  ,0,0,0,0,0,0,0,0,0,45000,0,0,0,48000,3000,45000,45000
050797,聯發科中信99購01,0,0,0,0,0,0,0,0,0,45000,0,0,0,65000,20000,45000,45000
052522,聯發科元大96購05,0,0,0,0,0,0,0,0,0,45000,0,0,0,75000,30000,45000,45000
052822,泰碩永豐97購01  ,0,0,0,0,0,0,0,0,0,45000,0,0,0,47000,2000,45000,45000
053709,台達電凱基96購04,0,0,0,0,0,0,0,0,0,45000,0,0,0,140000,95000,45000,45000
050994,欣興元大96購03  ,0,0,0,0,0,0,0,0,0,45000,0,0,0,50000,5000,45000,45000
051456,鈺齊元大95購01  ,0,0,0,0,0,0,0,0,0,45000,0,0,0,48000,3000,45000,45000
051540,力成國票95購01  ,0,0,0,0,0,0,0,0,0,45000,0,0,0,45000,0,45000,45000
052375,奇力新元大96購02,0,0,0,0,0,0,0,0,0,45000,0,0,0,140000,95000,45000,45000
3209,全科            ,57000,9000,48000,0,0,0,0,0,0,-3000,0,3000,-3000,0,0,0,45000
05490P,鴻海元大95售23  ,0,0,0,0,0,0,0,0,0,44000,0,0,0,100000,56000,44000,44000
055138,大毅永豐97購02  ,0,0,0,0,0,0,0,0,0,44000,0,0,0,160000,116000,44000,44000
055206,台虹中信97購01  ,0,0,0,0,0,0,0,0,0,44000,0,0,0,50000,6000,44000,44000
054340,大成鋼元富96購01,0,0,0,0,0,0,0,0,0,44000,0,0,0,44000,0,44000,44000
054469,同欣電凱基97購01,0,0,0,0,0,0,0,0,0,44000,0,0,0,44000,0,44000,44000
055657,超眾元富97購02  ,0,0,0,0,0,0,0,0,0,44000,0,0,0,58000,14000,44000,44000
042502,上銀凱基93購01  ,0,0,0,0,0,0,0,0,0,44000,0,0,0,50000,6000,44000,44000
045558,冠德國票92購01  ,0,0,0,0,0,0,0,0,0,44000,0,0,0,44000,0,44000,44000
048860,玉晶光群益96購03,0,0,0,0,0,0,0,0,0,44000,0,0,0,59000,15000,44000,44000
048652,巨大元大96購01  ,0,0,0,0,0,0,0,0,0,44000,0,0,0,44000,0,44000,44000
046107,勤誠永豐92購01  ,0,0,0,0,0,0,0,0,0,44000,0,0,0,54000,10000,44000,44000
045101,玉晶光中信94購01,0,0,0,0,0,0,0,0,0,44000,0,0,0,85000,41000,44000,44000
050678,美律統一94購04  ,0,0,0,0,0,0,0,0,0,44000,0,0,0,44000,0,44000,44000
050744,健策永豐94購04  ,0,0,0,0,0,0,0,0,0,44000,0,0,0,54000,10000,44000,44000
048242,統一兆豐93購01  ,0,0,0,0,0,0,0,0,0,44000,0,0,0,54000,10000,44000,44000
047410,上銀元富96購01  ,0,0,0,0,0,0,0,0,0,44000,0,0,0,54000,10000,44000,44000
048340,聯發科元大93購25,0,0,0,0,0,0,0,0,0,44000,0,0,0,45000,1000,44000,44000
047709,聯發科凱基93購18,0,0,0,0,0,0,0,0,0,44000,0,0,0,52000,8000,44000,44000
049923,智原元大95購02  ,0,0,0,0,0,0,0,0,0,44000,0,0,0,61000,17000,44000,44000
049738,神基群益94購01  ,0,0,0,0,0,0,0,0,0,44000,0,0,0,110000,66000,44000,44000
052452,茂林元大95購03  ,0,0,0,0,0,0,0,0,0,44000,0,0,0,83000,39000,44000,44000
052239,泰鼎國票97購01  ,0,0,0,0,0,0,0,0,0,44000,0,0,0,52000,8000,44000,44000
051873,緯穎凱基95購02  ,0,0,0,0,0,0,0,0,0,44000,0,0,0,44000,0,44000,44000
051507,彩晶元富95購01  ,0,0,0,0,0,0,0,0,0,44000,0,0,0,60000,16000,44000,44000
053811,國巨群益98購02  ,0,0,0,0,0,0,0,0,0,44000,0,0,0,94000,50000,44000,44000
053243,楠梓電國票97購02,0,0,0,0,0,0,0,0,0,44000,0,0,0,44000,0,44000,44000
052854,聯詠日盛96購01  ,0,0,0,0,0,0,0,0,0,44000,0,0,0,49000,5000,44000,44000
5522,遠雄            ,364000,320000,44000,0,0,0,0,0,0,0,0,0,0,0,0,0,44000
054907,帆宣康和97購01  ,0,0,0,0,0,0,0,0,0,43000,0,0,0,70000,27000,43000,43000
055041,致新富邦97購01  ,0,0,0,0,0,0,0,0,0,43000,0,0,0,43000,0,43000,43000
045073,可成元大93購01  ,0,0,0,0,0,0,0,0,0,43000,0,0,0,166000,123000,43000,43000
044722,滬深2X永豐93購01,0,0,0,0,0,0,0,0,0,43000,0,0,0,68000,25000,43000,43000
043908,鴻海凱基93購02  ,0,0,0,0,0,0,0,0,0,43000,0,0,0,61000,18000,43000,43000
03010X,元展10          ,0,0,0,0,0,0,0,0,0,43000,0,0,0,43000,0,43000,43000
050121,南電元大95購02  ,0,0,0,0,0,0,0,0,0,43000,0,0,0,43000,0,43000,43000
050697,冠德凱基96購01  ,0,0,0,0,0,0,0,0,0,43000,0,0,0,43000,0,43000,43000
052646,淘帝永豐96購01  ,0,0,0,0,0,0,0,0,0,43000,0,0,0,43000,0,43000,43000
053079,世紀鋼永豐96購01,0,0,0,0,0,0,0,0,0,43000,0,0,0,43000,0,43000,43000
052980,上銀元大96購03  ,0,0,0,0,0,0,0,0,0,43000,0,0,0,50000,7000,43000,43000
052922,國巨永豐96購01  ,0,0,0,0,0,0,0,0,0,43000,0,0,0,43000,0,43000,43000
053304,可成凱基96購03  ,0,0,0,0,0,0,0,0,0,43000,0,0,0,43000,0,43000,43000
053401,臺股指中信99購01,0,0,0,0,0,0,0,0,0,43000,0,0,0,48000,5000,43000,43000
053798,台積電中信98購02,0,0,0,0,0,0,0,0,0,43000,0,0,0,159000,116000,43000,43000
051650,矽力永豐95購01  ,0,0,0,0,0,0,0,0,0,43000,0,0,0,46000,3000,43000,43000
050947,聯發科群益95購01,0,0,0,0,0,0,0,0,0,43000,0,0,0,119000,76000,43000,43000
051293,鴻海元富95購05  ,0,0,0,0,0,0,0,0,0,43000,0,0,0,75000,32000,43000,43000
052052,嘉澤凱基95購02  ,0,0,0,0,0,0,0,0,0,43000,0,0,0,60000,17000,43000,43000
052128,聯發科日盛95購03,0,0,0,0,0,0,0,0,0,43000,0,0,0,51000,8000,43000,43000
052289,為升元富95購02  ,0,0,0,0,0,0,0,0,0,43000,0,0,0,157000,114000,43000,43000
3356,奇偶            ,65000,21000,44000,0,0,0,0,0,0,-1000,0,1000,-1000,0,0,0,43000
1701,中化            ,53000,8000,45000,0,0,0,0,0,0,-2000,0,2000,-2000,0,0,0,43000
054921,文曄凱基97購01  ,0,0,0,0,0,0,0,0,0,42000,0,0,0,42000,0,42000,42000
054459,鈺齊群益96購01  ,0,0,0,0,0,0,0,0,0,42000,0,0,0,48000,6000,42000,42000
054382,康控群益96購03  ,0,0,0,0,0,0,0,0,0,42000,0,0,0,42000,0,42000,42000
054264,超眾元大97購02  ,0,0,0,0,0,0,0,0,0,42000,0,0,0,381000,339000,42000,42000
05396P,台郡元大95售05  ,0,0,0,0,0,0,0,0,0,42000,0,0,0,42000,0,42000,42000
05412P,泰碩國票95售02  ,0,0,0,0,0,0,0,0,0,42000,0,0,0,42000,0,42000,42000
055719,可成元大97購03  ,0,0,0,0,0,0,0,0,0,42000,0,0,0,128000,86000,42000,42000
055601,茂林元大97購03  ,0,0,0,0,0,0,0,0,0,42000,0,0,0,60000,18000,42000,42000
05974P,國巨富邦97售03  ,0,0,0,0,0,0,0,0,0,42000,0,0,0,62000,20000,42000,42000
06013P,世芯國泰97售03  ,0,0,0,0,0,0,0,0,0,42000,0,0,0,116000,74000,42000,42000
04500P,燿華統一94售01  ,0,0,0,0,0,0,0,0,0,42000,0,0,0,45000,3000,42000,42000
047026,大毅元大93購02  ,0,0,0,0,0,0,0,0,0,42000,0,0,0,54000,12000,42000,42000
045352,亞光凱基92購03  ,0,0,0,0,0,0,0,0,0,42000,0,0,0,45000,3000,42000,42000
048572,美利達元大96購04,0,0,0,0,0,0,0,0,0,42000,0,0,0,62000,20000,42000,42000
050783,旺宏國泰96購02  ,0,0,0,0,0,0,0,0,0,42000,0,0,0,42000,0,42000,42000
047302,為升富邦97購01  ,0,0,0,0,0,0,0,0,0,42000,0,0,0,90000,48000,42000,42000
047064,致伸凱基93購03  ,0,0,0,0,0,0,0,0,0,42000,0,0,0,42000,0,42000,42000
04787P,台積電永昌96售04,0,0,0,0,0,0,0,0,0,42000,0,0,0,42000,0,42000,42000
049210,昇陽半群益94購02,0,0,0,0,0,0,0,0,0,42000,0,0,0,45000,3000,42000,42000
048752,廣越元富95購01  ,0,0,0,0,0,0,0,0,0,42000,0,0,0,73000,31000,42000,42000
049369,義隆元大95購01  ,0,0,0,0,0,0,0,0,0,42000,0,0,0,109000,67000,42000,42000
052104,英業達兆豐96購01,0,0,0,0,0,0,0,0,0,42000,0,0,0,70000,28000,42000,42000
053671,可成統一96購03  ,0,0,0,0,0,0,0,0,0,42000,0,0,0,52000,10000,42000,42000
053427,鎧勝永豐96購02  ,0,0,0,0,0,0,0,0,0,42000,0,0,0,42000,0,42000,42000
052968,燿華群益98購01  ,0,0,0,0,0,0,0,0,0,42000,0,0,0,46000,4000,42000,42000
053192,創意統一96購01  ,0,0,0,0,0,0,0,0,0,42000,0,0,0,52000,10000,42000,42000
3617,碩天            ,30000,2000,28000,0,0,0,9000,0,9000,5000,5000,0,5000,0,0,0,42000
05858P,矽力中信96售01  ,0,0,0,0,0,0,0,0,0,41000,0,0,0,455000,414000,41000,41000
055742,健策元富97購02  ,0,0,0,0,0,0,0,0,0,41000,0,0,0,41000,0,41000,41000
055253,大立光統一97購06,0,0,0,0,0,0,0,0,0,41000,0,0,0,41000,0,41000,41000
054045,奇力新元大97購03,0,0,0,0,0,0,0,0,0,41000,0,0,0,166000,125000,41000,41000
054673,京鼎國泰98購01  ,0,0,0,0,0,0,0,0,0,41000,0,0,0,276000,235000,41000,41000
044126,奇力新凱基93購01,0,0,0,0,0,0,0,0,0,41000,0,0,0,41000,0,41000,41000
046836,聯茂群益93購01  ,0,0,0,0,0,0,0,0,0,41000,0,0,0,41000,0,41000,41000
047975,緯創兆豐93購01  ,0,0,0,0,0,0,0,0,0,41000,0,0,0,62000,21000,41000,41000
049532,同欣電台新94購01,0,0,0,0,0,0,0,0,0,41000,0,0,0,41000,0,41000,41000
047787,正崴群益93購01  ,0,0,0,0,0,0,0,0,0,41000,0,0,0,44000,3000,41000,41000
050854,世紀鋼國票97購01,0,0,0,0,0,0,0,0,0,41000,0,0,0,41000,0,41000,41000
050898,智原元大96購01  ,0,0,0,0,0,0,0,0,0,41000,0,0,0,178000,137000,41000,41000
05092P,全新元大95售03  ,0,0,0,0,0,0,0,0,0,41000,0,0,0,41000,0,41000,41000
050614,聯發科元大95購04,0,0,0,0,0,0,0,0,0,41000,0,0,0,44000,3000,41000,41000
050291,聯發科凱基94購16,0,0,0,0,0,0,0,0,0,41000,0,0,0,92000,51000,41000,41000
052830,台光電群益96購01,0,0,0,0,0,0,0,0,0,41000,0,0,0,110000,69000,41000,41000
053655,全新凱基98購02  ,0,0,0,0,0,0,0,0,0,41000,0,0,0,41000,0,41000,41000
053757,聯發科國泰96購04,0,0,0,0,0,0,0,0,0,41000,0,0,0,85000,44000,41000,41000
051749,矽力國泰97購01  ,0,0,0,0,0,0,0,0,0,41000,0,0,0,60000,19000,41000,41000
051225,台積電群益95購02,0,0,0,0,0,0,0,0,0,41000,0,0,0,124000,83000,41000,41000
051598,瑞昱兆豐95購01  ,0,0,0,0,0,0,0,0,0,41000,0,0,0,41000,0,41000,41000
051550,日電貿永豐95購01,0,0,0,0,0,0,0,0,0,41000,0,0,0,41000,0,41000,41000
3028,增你強          ,41000,0,41000,0,0,0,0,0,0,0,0,0,0,0,0,0,41000
2351,順德            ,73000,32000,41000,0,0,0,0,0,0,0,0,0,0,0,0,0,41000
054692,台航永豐97購01  ,0,0,0,0,0,0,0,0,0,40000,0,0,0,40000,0,40000,40000
05488P,臺股指凱基95售21,0,0,0,0,0,0,0,0,0,40000,0,0,0,40000,0,40000,40000
054081,聯電元富96購01  ,0,0,0,0,0,0,0,0,0,40000,0,0,0,66000,26000,40000,40000
054150,國巨國泰97購05  ,0,0,0,0,0,0,0,0,0,40000,0,0,0,40000,0,40000,40000
054419,嘉聯益元大98購02,0,0,0,0,0,0,0,0,0,40000,0,0,0,60000,20000,40000,40000
055431,和鑫群益98購01  ,0,0,0,0,0,0,0,0,0,40000,0,0,0,50000,10000,40000,40000
06026P,華通台新97售01  ,0,0,0,0,0,0,0,0,0,40000,0,0,0,50000,10000,40000,40000
05696P,南亞科凱基96售01,0,0,0,0,0,0,0,0,0,40000,0,0,0,120000,80000,40000,40000
05821P,臺股指凱基96售18,0,0,0,0,0,0,0,0,0,40000,0,0,0,40000,0,40000,40000
04687P,全新凱基94售02  ,0,0,0,0,0,0,0,0,0,40000,0,0,0,40000,0,40000,40000
042767,世紀鋼元大92購01,0,0,0,0,0,0,0,0,0,40000,0,0,0,40000,0,40000,40000
045509,聯茂凱基92購04  ,0,0,0,0,0,0,0,0,0,40000,0,0,0,40000,0,40000,40000
044095,大立光統一92購01,0,0,0,0,0,0,0,0,0,40000,0,0,0,40000,0,40000,40000
044601,旺宏國泰93購03  ,0,0,0,0,0,0,0,0,0,40000,0,0,0,40000,0,40000,40000
044663,緯穎永豐91購03  ,0,0,0,0,0,0,0,0,0,40000,0,0,0,40000,0,40000,40000
043171,冠德國泰93購01  ,0,0,0,0,0,0,0,0,0,40000,0,0,0,46000,6000,40000,40000
042169,元油2X凱基92購03,0,0,0,0,0,0,0,0,0,40000,0,0,0,40000,0,40000,40000
044509,台光電凱基93購03,0,0,0,0,0,0,0,0,0,40000,0,0,0,40000,0,40000,40000
04183P,大成鋼統一93售03,0,0,0,0,0,0,0,0,0,40000,0,0,0,40000,0,40000,40000
044306,瑞儀兆豐93購02  ,0,0,0,0,0,0,0,0,0,40000,0,0,0,40000,0,40000,40000
03654P,GIS元大92售07   ,0,0,0,0,0,0,0,0,0,40000,0,0,0,40000,0,40000,40000
03605P,美利達統一92售01,0,0,0,0,0,0,0,0,0,40000,0,0,0,40000,0,40000,40000
04855P,上証2X元富94售02,0,0,0,0,0,0,0,0,0,40000,0,0,0,40000,0,40000,40000
048558,漢唐元大93購06  ,0,0,0,0,0,0,0,0,0,40000,0,0,0,40000,0,40000,40000
049047,台達電台新94購01,0,0,0,0,0,0,0,0,0,40000,0,0,0,40000,0,40000,40000
048599,和鑫國票96購01  ,0,0,0,0,0,0,0,0,0,40000,0,0,0,40000,0,40000,40000
04859P,台達電群益94售04,0,0,0,0,0,0,0,0,0,40000,0,0,0,71000,31000,40000,40000
048707,南電國票95購01  ,0,0,0,0,0,0,0,0,0,40000,0,0,0,40000,0,40000,40000
048728,台達電麥證94購01,0,0,0,40000,0,40000,0,0,0,40000,0,0,0,40000,0,40000,40000
046241,聯發科中信94購02,0,0,0,0,0,0,0,0,0,40000,0,0,0,310000,270000,40000,40000
046206,為升國泰93購01  ,0,0,0,0,0,0,0,0,0,40000,0,0,0,100000,60000,40000,40000
045077,國泰金元大92購01,0,0,0,0,0,0,0,0,0,40000,0,0,0,40000,0,40000,40000
047021,台光電元大93購03,0,0,0,0,0,0,0,0,0,40000,0,0,0,65000,25000,40000,40000
046618,南亞科凱基93購01,0,0,0,0,0,0,0,0,0,40000,0,0,0,40000,0,40000,40000
044950,玉晶光群益94購01,0,0,0,0,0,0,0,0,0,40000,0,0,0,50000,10000,40000,40000
046349,康控兆豐93購02  ,0,0,0,0,0,0,0,0,0,40000,0,0,0,40000,0,40000,40000
046065,益航凱基93購02  ,0,0,0,0,0,0,0,0,0,40000,0,0,0,140000,100000,40000,40000
050318,景碩國票94購02  ,0,0,0,0,0,0,0,0,0,40000,0,0,0,121000,81000,40000,40000
050222,瑞儀元富94購01  ,0,0,0,0,0,0,0,0,0,40000,0,0,0,40000,0,40000,40000
050207,百和群益95購01  ,0,0,0,0,0,0,0,0,0,40000,0,0,0,40000,0,40000,40000
05020P,廣達中信95售01  ,0,0,0,0,0,0,0,0,0,40000,0,0,0,40000,0,40000,40000
050462,寶成元大94購01  ,0,0,0,0,0,0,0,0,0,40000,0,0,0,56000,16000,40000,40000
050649,華新科凱基96購01,0,0,0,0,0,0,0,0,0,40000,0,0,0,40000,0,40000,40000
05069P,鴻海統一96售03  ,0,0,0,0,0,0,0,0,0,40000,0,0,0,100000,60000,40000,40000
049410,統一凱基94購02  ,0,0,0,0,0,0,0,0,0,40000,0,0,0,58000,18000,40000,40000
047685,嘉聯益國泰95購01,0,0,0,0,0,0,0,0,0,40000,0,0,0,45000,5000,40000,40000
047401,南茂永豐93購01  ,0,0,0,0,0,0,0,0,0,40000,0,0,0,40000,0,40000,40000
048294,智原群益93購02  ,0,0,0,0,0,0,0,0,0,40000,0,0,0,40000,0,40000,40000
049641,台達電凱基94購08,0,0,0,0,0,0,0,0,0,40000,0,0,0,50000,10000,40000,40000
05016P,臺股指元大95售07,0,0,0,0,0,0,0,0,0,40000,0,0,0,40000,0,40000,40000
048118,百和群益94購03  ,0,0,0,0,0,0,0,0,0,40000,0,0,0,40000,0,40000,40000
048066,樺漢統一93購01  ,0,0,0,0,0,0,0,0,0,40000,0,0,0,40000,0,40000,40000
047941,義隆國票94購02  ,0,0,0,0,0,0,0,0,0,40000,0,0,0,153000,113000,40000,40000
047922,聯發科凱基94購01,0,0,0,0,0,0,0,0,0,40000,0,0,0,260000,220000,40000,40000
049169,統一凱基94購01  ,0,0,0,0,0,0,0,0,0,40000,0,0,0,40000,0,40000,40000
047872,貿聯永豐93購02  ,0,0,0,0,0,0,0,0,0,40000,0,0,0,40000,0,40000,40000
051647,華新科永豐95購02,0,0,0,0,0,0,0,0,0,40000,0,0,0,40000,0,40000,40000
051427,聯發科統一95購04,0,0,0,0,0,0,0,0,0,40000,0,0,0,190000,150000,40000,40000
051310,台達電麥證95購01,0,0,0,40000,0,40000,0,0,0,40000,0,0,0,40000,0,40000,40000
051306,嘉聯益凱基96購01,0,0,0,0,0,0,0,0,0,40000,0,0,0,70000,30000,40000,40000
05099P,台積電凱基95售06,0,0,0,0,0,0,0,0,0,40000,0,0,0,40000,0,40000,40000
05171P,臺股指元大95售15,0,0,0,0,0,0,0,0,0,40000,0,0,0,45000,5000,40000,40000
051866,聯發科凱基96購05,0,0,0,0,0,0,0,0,0,40000,0,0,0,113000,73000,40000,40000
051788,奇力新國票97購02,0,0,0,0,0,0,0,0,0,40000,0,0,0,40000,0,40000,40000
052165,訊芯永豐95購03  ,0,0,0,0,0,0,0,0,0,40000,0,0,0,80000,40000,40000,40000
052346,訊芯凱基95購01  ,0,0,0,0,0,0,0,0,0,40000,0,0,0,43000,3000,40000,40000
053766,友達富邦97購01  ,0,0,0,0,0,0,0,0,0,40000,0,0,0,40000,0,40000,40000
053803,聯發科凱基96購18,0,0,0,0,0,0,0,0,0,40000,0,0,0,60000,20000,40000,40000
05370P,矽創元富95售01  ,0,0,0,0,0,0,0,0,0,40000,0,0,0,40000,0,40000,40000
053723,奇鋐凱基98購01  ,0,0,0,0,0,0,0,0,0,40000,0,0,0,40000,0,40000,40000
05371P,臺股指中信95售10,0,0,0,0,0,0,0,0,0,40000,0,0,0,40000,0,40000,40000
053628,微星兆豐96購01  ,0,0,0,0,0,0,0,0,0,40000,0,0,0,82000,42000,40000,40000
053548,旺宏凱基96購04  ,0,0,0,0,0,0,0,0,0,40000,0,0,0,56000,16000,40000,40000
053514,麗豐群益96購01  ,0,0,0,0,0,0,0,0,0,40000,0,0,0,40000,0,40000,40000
053295,奇力新中信96購01,0,0,0,0,0,0,0,0,0,40000,0,0,0,51000,11000,40000,40000
052824,揚明光永豐96購02,0,0,0,0,0,0,0,0,0,40000,0,0,0,40000,0,40000,40000
052680,T50反1元大96購04,0,0,0,0,0,0,0,0,0,40000,0,0,0,40000,0,40000,40000
052604,建準元大97購01  ,0,0,0,0,0,0,0,0,0,40000,0,0,0,213000,173000,40000,40000
052529,力成元大95購03  ,0,0,0,0,0,0,0,0,0,40000,0,0,0,40000,0,40000,40000
053202,聯發科日盛96購02,0,0,0,0,0,0,0,0,0,40000,0,0,0,40000,0,40000,40000
053082,聯電元大98購03  ,0,0,0,0,0,0,0,0,0,40000,0,0,0,40000,0,40000,40000
053096,康控統一96購01  ,0,0,0,0,0,0,0,0,0,40000,0,0,0,40000,0,40000,40000
053044,南茂凱基96購02  ,0,0,0,0,0,0,0,0,0,40000,0,0,0,68000,28000,40000,40000
3380,明泰            ,165000,114000,51000,0,0,0,46769,0,46769,-58000,7000,13000,-6000,9000,61000,-52000,39769
046722,智邦元大93購02  ,0,0,0,0,0,0,0,0,0,39000,0,0,0,111000,72000,39000,39000
045185,致伸統一94購01  ,0,0,0,0,0,0,0,0,0,39000,0,0,0,39000,0,39000,39000
045465,冠德元大92購01  ,0,0,0,0,0,0,0,0,0,39000,0,0,0,39000,0,39000,39000
043049,奇鋐國泰93購01  ,0,0,0,0,0,0,0,0,0,39000,0,0,0,39000,0,39000,39000
04556P,大成鋼群益94售02,0,0,0,0,0,0,0,0,0,39000,0,0,0,49000,10000,39000,39000
045703,技嘉日盛92購01  ,0,0,0,0,0,0,0,0,0,39000,0,0,0,39000,0,39000,39000
047924,可成凱基93購10  ,0,0,0,0,0,0,0,0,0,39000,0,0,0,39000,0,39000,39000
048387,台達電國票94購01,0,0,0,0,0,0,0,0,0,39000,0,0,0,44000,5000,39000,39000
047248,奇鋐群益95購01  ,0,0,0,0,0,0,0,0,0,39000,0,0,0,39000,0,39000,39000
050581,美食國票94購02  ,0,0,0,0,0,0,0,0,0,39000,0,0,0,104000,65000,39000,39000
050784,美律國泰96購01  ,0,0,0,0,0,0,0,0,0,39000,0,0,0,63000,24000,39000,39000
050493,聯發科永昌96購01,0,0,0,0,0,0,0,0,0,39000,0,0,0,40000,1000,39000,39000
053180,同欣電統一96購01,0,0,0,0,0,0,0,0,0,39000,0,0,0,39000,0,39000,39000
053522,臺股指群益99購01,0,0,0,0,0,0,0,0,0,39000,0,0,0,40000,1000,39000,39000
053475,華新科元大96購05,0,0,0,0,0,0,0,0,0,39000,0,0,0,140000,101000,39000,39000
053616,奇力新群益97購01,0,0,0,0,0,0,0,0,0,39000,0,0,0,126000,87000,39000,39000
053665,臺股指凱基96購26,0,0,0,0,0,0,0,0,0,39000,0,0,0,49000,10000,39000,39000
051737,瑞昱國票96購01  ,0,0,0,0,0,0,0,0,0,39000,0,0,0,48000,9000,39000,39000
051214,大立光統一95購02,0,0,0,0,0,0,0,0,0,39000,0,0,0,50000,11000,39000,39000
051182,旺宏永豐95購01  ,0,0,0,0,0,0,0,0,0,39000,0,0,0,65000,26000,39000,39000
051467,GIS富邦96購01   ,0,0,0,0,0,0,0,0,0,39000,0,0,0,100000,61000,39000,39000
05713P,大立光統一96售05,0,0,0,0,0,0,0,0,0,38000,0,0,0,38000,0,38000,38000
055330,上銀兆豐98購02  ,0,0,0,0,0,0,0,0,0,38000,0,0,0,38000,0,38000,38000
054171,台郡凱基97購01  ,0,0,0,0,0,0,0,0,0,38000,0,0,0,38000,0,38000,38000
054608,致茂永豐97購01  ,0,0,0,0,0,0,0,0,0,38000,0,0,0,116000,78000,38000,38000
03982P,智易國票94售02  ,0,0,0,0,0,0,0,0,0,38000,0,0,0,38000,0,38000,38000
046209,全新元富92購01  ,0,0,0,0,0,0,0,0,0,38000,0,0,0,38000,0,38000,38000
045366,富邦金兆豐92購01,0,0,0,0,0,0,0,0,0,38000,0,0,0,49000,11000,38000,38000
050477,矽力永豐94購01  ,0,0,0,0,0,0,0,0,0,38000,0,0,0,42000,4000,38000,38000
047349,可成凱基93購06  ,0,0,0,0,0,0,0,0,0,38000,0,0,0,38000,0,38000,38000
047458,聯發科群益93購08,0,0,0,0,0,0,0,0,0,38000,0,0,0,38000,0,38000,38000
048084,華通凱基93購05  ,0,0,0,0,0,0,0,0,0,38000,0,0,0,44000,6000,38000,38000
049819,百和元大94購02  ,0,0,0,0,0,0,0,0,0,38000,0,0,0,38000,0,38000,38000
051222,世紀鋼元富95購01,0,0,0,0,0,0,0,0,0,38000,0,0,0,38000,0,38000,38000
051285,鴻海統一95購07  ,0,0,0,0,0,0,0,0,0,38000,0,0,0,38000,0,38000,38000
050998,訊連元大95購01  ,0,0,0,0,0,0,0,0,0,38000,0,0,0,264000,226000,38000,38000
053846,友達元富99購02  ,0,0,0,0,0,0,0,0,0,38000,0,0,0,38000,0,38000,38000
053436,聯茂日盛96購01  ,0,0,0,0,0,0,0,0,0,38000,0,0,0,261000,223000,38000,38000
053107,旺宏兆豐97購01  ,0,0,0,0,0,0,0,0,0,38000,0,0,0,38000,0,38000,38000
052956,聯發科日盛96購01,0,0,0,0,0,0,0,0,0,38000,0,0,0,53000,15000,38000,38000
053009,大成鋼統一96購02,0,0,0,0,0,0,0,0,0,38000,0,0,0,76000,38000,38000,38000
3532,台勝科          ,157000,146000,11000,0,0,0,0,7000,-7000,34000,0,0,0,47000,13000,34000,38000
4994,傳奇            ,59000,25000,34000,0,0,0,4220,0,4220,-1000,0,0,0,0,1000,-1000,37220
054874,帆宣群益99購02  ,0,0,0,0,0,0,0,0,0,37000,0,0,0,50000,13000,37000,37000
055068,亞翔永豐97購01  ,0,0,0,0,0,0,0,0,0,37000,0,0,0,40000,3000,37000,37000
054229,超眾元富96購05  ,0,0,0,0,0,0,0,0,0,37000,0,0,0,37000,0,37000,37000
053888,和大群益97購01  ,0,0,0,0,0,0,0,0,0,37000,0,0,0,67000,30000,37000,37000
055352,奇力新凱基97購01,0,0,0,0,0,0,0,0,0,37000,0,0,0,37000,0,37000,37000
055449,超眾統一9A購01  ,0,0,0,0,0,0,0,0,0,37000,0,0,0,46000,9000,37000,37000
05592P,可成群益96售03  ,0,0,0,0,0,0,0,0,0,37000,0,0,0,80000,43000,37000,37000
04851P,創意永豐94售02  ,0,0,0,0,0,0,0,0,0,37000,0,0,0,81000,44000,37000,37000
046535,宏碁群益92購01  ,0,0,0,0,0,0,0,0,0,37000,0,0,0,67000,30000,37000,37000
049667,大立光國泰96購01,0,0,0,0,0,0,0,0,0,37000,0,0,0,58000,21000,37000,37000
049489,美律元大94購05  ,0,0,0,0,0,0,0,0,0,37000,0,0,0,37000,0,37000,37000
049917,華新科元大94購02,0,0,0,0,0,0,0,0,0,37000,0,0,0,37000,0,37000,37000
048139,南電國票94購02  ,0,0,0,0,0,0,0,0,0,37000,0,0,0,37000,0,37000,37000
047493,旺宏元富96購01  ,0,0,0,0,0,0,0,0,0,37000,0,0,0,42000,5000,37000,37000
050411,聯發科永豐94購05,0,0,0,0,0,0,0,0,0,37000,0,0,0,52000,15000,37000,37000
053066,欣興群益96購02  ,0,0,0,0,0,0,0,0,0,37000,0,0,0,37000,0,37000,37000
053432,世紀鋼永豐96購02,0,0,0,0,0,0,0,0,0,37000,0,0,0,66000,29000,37000,37000
053303,建準凱基96購03  ,0,0,0,0,0,0,0,0,0,37000,0,0,0,40000,3000,37000,37000
053748,燿華永豐96購04  ,0,0,0,0,0,0,0,0,0,37000,0,0,0,37000,0,37000,37000
051339,智易永豐95購02  ,0,0,0,0,0,0,0,0,0,37000,0,0,0,42000,5000,37000,37000
051923,聯發科日盛95購02,0,0,0,0,0,0,0,0,0,37000,0,0,0,77000,40000,37000,37000
051969,世紀鋼永豐95購01,0,0,0,0,0,0,0,0,0,37000,0,0,0,37000,0,37000,37000
052336,矽力日盛95購01  ,0,0,0,0,0,0,0,0,0,37000,0,0,0,37000,0,37000,37000
5285,界霖            ,104000,66000,38000,0,0,0,0,0,0,-1000,0,1000,-1000,0,0,0,37000
9935,慶豐富          ,195000,152000,43000,0,0,0,0,0,0,-6000,0,2000,-2000,5000,9000,-4000,37000
055462,華邦電日盛97購01,0,0,0,0,0,0,0,0,0,36000,0,0,0,36000,0,36000,36000
055456,上銀富邦99購01  ,0,0,0,0,0,0,0,0,0,36000,0,0,0,51000,15000,36000,36000
055503,健策元大98購05  ,0,0,0,0,0,0,0,0,0,36000,0,0,0,58000,22000,36000,36000
055287,日電貿元大97購01,0,0,0,0,0,0,0,0,0,36000,0,0,0,88000,52000,36000,36000
05523P,聯發科國票96售04,0,0,0,0,0,0,0,0,0,36000,0,0,0,51000,15000,36000,36000
06152P,玉晶光元大98售06,0,0,0,0,0,0,0,0,0,36000,0,0,0,56000,20000,36000,36000
053989,奇力新兆豐97購01,0,0,0,0,0,0,0,0,0,36000,0,0,0,52000,16000,36000,36000
054473,鴻海中信96購02  ,0,0,0,0,0,0,0,0,0,36000,0,0,0,57000,21000,36000,36000
05496P,聯詠統一95售04  ,0,0,0,0,0,0,0,0,0,36000,0,0,0,46000,10000,36000,36000
046497,鴻海元大92購17  ,0,0,0,0,0,0,0,0,0,36000,0,0,0,67000,31000,36000,36000
045008,南亞科元大92購02,0,0,0,0,0,0,0,0,0,36000,0,0,0,36000,0,36000,36000
046293,聯發科統一94購01,0,0,0,0,0,0,0,0,0,36000,0,0,0,745000,709000,36000,36000
046194,禾伸堂凱基92購02,0,0,0,0,0,0,0,0,0,36000,0,0,0,36000,0,36000,36000
044577,欣興凱基91購06  ,0,0,0,0,0,0,0,0,0,36000,0,0,0,36000,0,36000,36000
050491,旺宏國泰96購01  ,0,0,0,0,0,0,0,0,0,36000,0,0,0,89000,53000,36000,36000
047354,訊芯凱基94購01  ,0,0,0,0,0,0,0,0,0,36000,0,0,0,36000,0,36000,36000
047387,美律元大93購05  ,0,0,0,0,0,0,0,0,0,36000,0,0,0,93000,57000,36000,36000
047789,景碩群益93購01  ,0,0,0,0,0,0,0,0,0,36000,0,0,0,42000,6000,36000,36000
049417,奇力新凱基94購02,0,0,0,0,0,0,0,0,0,36000,0,0,0,81000,45000,36000,36000
049316,茂林凱基94購02  ,0,0,0,0,0,0,0,0,0,36000,0,0,0,37000,1000,36000,36000
04893P,創意元大94售03  ,0,0,0,0,0,0,0,0,0,36000,0,0,0,101000,65000,36000,36000
049297,日電貿群益95購01,0,0,0,0,0,0,0,0,0,36000,0,0,0,39000,3000,36000,36000
052317,台積電元大96購11,0,0,0,0,0,0,0,0,0,36000,0,0,0,45000,9000,36000,36000
05224P,華通統一95售03  ,0,0,0,0,0,0,0,0,0,36000,0,0,0,269000,233000,36000,36000
052184,台光電群益95購03,0,0,0,0,0,0,0,0,0,36000,0,0,0,77000,41000,36000,36000
053806,鎧勝凱基96購02  ,0,0,0,0,0,0,0,0,0,36000,0,0,0,76000,40000,36000,36000
05377P,鴻海凱基95售18  ,0,0,0,0,0,0,0,0,0,36000,0,0,0,37000,1000,36000,36000
053823,茂林群益96購06  ,0,0,0,0,0,0,0,0,0,36000,0,0,0,89000,53000,36000,36000
05361P,聯發科富邦97售01,0,0,0,0,0,0,0,0,0,36000,0,0,0,50000,14000,36000,36000
053595,創意元大96購02  ,20000,0,20000,0,0,0,0,0,0,16000,0,0,0,388000,372000,16000,36000
053378,台積電元大98購02,0,0,0,0,0,0,0,0,0,36000,0,0,0,80000,44000,36000,36000
053386,聯詠元大96購03  ,0,0,0,0,0,0,0,0,0,36000,0,0,0,36000,0,36000,36000
052972,義隆群益96購04  ,0,0,0,0,0,0,0,0,0,36000,0,0,0,202000,166000,36000,36000
054798,超眾群益97購01  ,0,0,0,0,0,0,0,0,0,35000,0,0,0,53000,18000,35000,35000
054610,聯發科永豐97購01,0,0,0,0,0,0,0,0,0,35000,0,0,0,166000,131000,35000,35000
05458P,台積電凱基97售02,0,0,0,0,0,0,0,0,0,35000,0,0,0,35000,0,35000,35000
054408,義隆國票98購01  ,0,0,0,0,0,0,0,0,0,35000,0,0,0,35000,0,35000,35000
054001,康友群益96購02  ,0,0,0,0,0,0,0,0,0,35000,0,0,0,35000,0,35000,35000
054194,國巨麥證96購02  ,0,0,0,35000,0,35000,0,0,0,35000,0,0,0,35000,0,35000,35000
05930P,景碩康和96售01  ,0,0,0,0,0,0,0,0,0,35000,0,0,0,43000,8000,35000,35000
055445,旺宏統一99購01  ,0,0,0,0,0,0,0,0,0,35000,0,0,0,38000,3000,35000,35000
05593P,鴻海國票97售03  ,0,0,0,0,0,0,0,0,0,35000,0,0,0,35000,0,35000,35000
043173,合勤控國泰93購01,0,0,0,0,0,0,0,0,0,35000,0,0,0,35000,0,35000,35000
04136P,智邦元大93售09  ,0,0,0,0,0,0,0,0,0,35000,0,0,0,35000,0,35000,35000
03026P,國巨元大01售13  ,0,0,0,0,0,0,0,0,0,35000,0,0,0,35000,0,35000,35000
03557P,欣興元大02售17  ,0,0,0,0,0,0,0,0,0,35000,0,0,0,50000,15000,35000,35000
03751P,旺宏富邦95售01  ,0,0,0,0,0,0,0,0,0,35000,0,0,0,50000,15000,35000,35000
045410,華邦電群益94購01,0,0,0,0,0,0,0,0,0,35000,0,0,0,35000,0,35000,35000
048856,高鐵群益94購01  ,0,0,0,0,0,0,0,0,0,35000,0,0,0,45000,10000,35000,35000
048609,京元電凱基93購07,0,0,0,0,0,0,0,0,0,35000,0,0,0,35000,0,35000,35000
04473P,國巨元大94售03  ,0,0,0,0,0,0,0,0,0,35000,0,0,0,35000,0,35000,35000
044909,玉晶光凱基93購02,0,0,0,0,0,0,0,0,0,35000,0,0,0,39000,4000,35000,35000
048771,嘉澤凱基94購01  ,0,0,0,0,0,0,0,0,0,35000,0,0,0,47000,12000,35000,35000
049486,旺宏元大94購08  ,0,0,0,0,0,0,0,0,0,35000,0,0,0,40000,5000,35000,35000
047440,聯發科元大93購14,0,0,0,0,0,0,0,0,0,35000,0,0,0,95000,60000,35000,35000
050202,建準群益95購01  ,0,0,0,0,0,0,0,0,0,35000,0,0,0,49000,14000,35000,35000
052757,華邦電群益96購01,0,0,0,0,0,0,0,0,0,35000,0,0,0,75000,40000,35000,35000
053464,喬山元大96購01  ,0,0,0,0,0,0,0,0,0,35000,0,0,0,35000,0,35000,35000
053382,友達元大9C購02  ,0,0,0,0,0,0,0,0,0,35000,0,0,0,90000,55000,35000,35000
052135,聯發科凱基9B購01,0,0,0,0,0,0,0,0,0,35000,0,0,0,70000,35000,35000,35000
052363,廣達國票96購01  ,0,0,0,0,0,0,0,0,0,35000,0,0,0,35000,0,35000,35000
051602,南茂兆豐96購01  ,0,0,0,0,0,0,0,0,0,35000,0,0,0,55000,20000,35000,35000
051604,喬山群益95購01  ,0,0,0,0,0,0,0,0,0,35000,0,0,0,35000,0,35000,35000
051490,世芯凱基96購01  ,0,0,0,0,0,0,0,0,0,35000,0,0,0,70000,35000,35000,35000
051522,玉晶光凱基95購05,0,0,0,0,0,0,0,0,0,35000,0,0,0,63000,28000,35000,35000
05107P,鴻海兆豐96售02  ,0,0,0,0,0,0,0,0,0,35000,0,0,0,35000,0,35000,35000
3035,智原            ,245000,132000,113000,0,0,0,0,9000,-9000,-69000,41000,31000,10000,11000,90000,-79000,35000
1582,信錦            ,64000,32000,32000,0,0,0,6000,0,6000,-3000,0,3000,-3000,0,0,0,35000
2027,大成鋼          ,205000,297000,-92000,0,0,0,148153,18000,130153,-4000,9000,1000,8000,154000,166000,-12000,34153
055722,聯鈞元大97購03  ,0,0,0,0,0,0,0,0,0,34000,0,0,0,92000,58000,34000,34000
055671,世紀鋼群益97購01,0,0,0,0,0,0,0,0,0,34000,0,0,0,34000,0,34000,34000
05628P,茂林國票97售02  ,0,0,0,0,0,0,0,0,0,34000,0,0,0,49000,15000,34000,34000
05655P,南亞科統一96售01,0,0,0,0,0,0,0,0,0,34000,0,0,0,34000,0,34000,34000
054199,大立光永昌96購07,0,0,0,0,0,0,0,0,0,34000,0,0,0,34000,0,34000,34000
054170,泰鼎凱基98購01  ,0,0,0,0,0,0,0,0,0,34000,0,0,0,61000,27000,34000,34000
054016,嘉晶永豐96購04  ,0,0,0,0,0,0,0,0,0,34000,0,0,0,44000,10000,34000,34000
054527,國巨統一97購03  ,0,0,0,0,0,0,0,0,0,34000,0,0,0,34000,0,34000,34000
054290,奇力新元大96購05,0,0,0,0,0,0,0,0,0,34000,0,0,0,62000,28000,34000,34000
054339,聯詠統一96購02  ,0,0,0,0,0,0,0,0,0,34000,0,0,0,34000,0,34000,34000
05508P,華通統一97售01  ,0,0,0,0,0,0,0,0,0,34000,0,0,0,34000,0,34000,34000
046189,聯發科凱基92購02,0,0,0,0,0,0,0,0,0,34000,0,0,0,34000,0,34000,34000
046069,禾伸堂凱基92購01,0,0,0,0,0,0,0,0,0,34000,0,0,0,34000,0,34000,34000
00866,新光Shiller CAPE,0,0,0,0,0,0,0,0,0,34000,0,0,0,44000,10000,34000,34000
050721,台泥國票94購01  ,0,0,0,0,0,0,0,0,0,34000,0,0,0,34000,0,34000,34000
048197,義隆元大93購04  ,0,0,0,0,0,0,0,0,0,34000,0,0,0,175000,141000,34000,34000
04978P,台表科凱基94售02,0,0,0,0,0,0,0,0,0,34000,0,0,0,177000,143000,34000,34000
047066,力成凱基93購04  ,0,0,0,0,0,0,0,0,0,34000,0,0,0,34000,0,34000,34000
050964,晶技永豐95購02  ,0,0,0,0,0,0,0,0,0,34000,0,0,0,34000,0,34000,34000
050984,大立光國泰97購01,0,0,0,0,0,0,0,0,0,34000,0,0,0,52000,18000,34000,34000
051272,嘉晶群益95購01  ,0,0,0,0,0,0,0,0,0,34000,0,0,0,34000,0,34000,34000
051501,康友群益95購02  ,0,0,0,0,0,0,0,0,0,34000,0,0,0,54000,20000,34000,34000
052347,GIS凱基95購05   ,0,0,0,0,0,0,0,0,0,34000,0,0,0,55000,21000,34000,34000
052208,力成麥證95購01  ,0,0,0,34000,0,34000,0,0,0,34000,0,0,0,34000,0,34000,34000
052829,上銀群益96購01  ,0,0,0,0,0,0,0,0,0,34000,0,0,0,85000,51000,34000,34000
052606,聯發科元大97購04,0,0,0,0,0,0,0,0,0,34000,0,0,0,289000,255000,34000,34000
053138,華邦電富邦96購01,0,0,0,0,0,0,0,0,0,34000,0,0,0,85000,51000,34000,34000
05453P,智邦群益95售03  ,0,0,0,0,0,0,0,0,0,33000,0,0,0,33000,0,33000,33000
054093,智原群益97購01  ,0,0,0,0,0,0,0,0,0,33000,0,0,0,48000,15000,33000,33000
04165P,南亞科元富95售03,0,0,0,0,0,0,0,0,0,33000,0,0,0,33000,0,33000,33000
04446P,元油2X凱基94售03,0,0,0,0,0,0,0,0,0,33000,0,0,0,33000,0,33000,33000
04317P,樺漢國票93售03  ,0,0,0,0,0,0,0,0,0,33000,0,0,0,33000,0,33000,33000
045534,深中小群益94購01,0,0,0,0,0,0,0,0,0,33000,0,0,0,33000,0,33000,33000
049004,聯發科中信96購01,0,0,0,0,0,0,0,0,0,33000,0,0,0,54000,21000,33000,33000
050064,華新科凱基94購08,0,0,0,0,0,0,0,0,0,33000,0,0,0,33000,0,33000,33000
049997,聯發科永豐94購04,0,0,0,0,0,0,0,0,0,33000,0,0,0,75000,42000,33000,33000
048000,義隆元大93購03  ,0,0,0,0,0,0,0,0,0,33000,0,0,0,33000,0,33000,33000
048951,宏全永豐94購01  ,0,0,0,0,0,0,0,0,0,33000,0,0,0,33000,0,33000,33000
049423,臺股指凱基95購02,0,0,0,0,0,0,0,0,0,33000,0,0,0,36000,3000,33000,33000
047274,華新科永豐93購02,0,0,0,0,0,0,0,0,0,33000,0,0,0,60000,27000,33000,33000
052710,玉晶光日盛96購01,0,0,0,0,0,0,0,0,0,33000,0,0,0,33000,0,33000,33000
053231,奇力新康和96購01,0,0,0,0,0,0,0,0,0,33000,0,0,0,33000,0,33000,33000
053600,同欣電元大96購04,0,0,0,0,0,0,0,0,0,33000,0,0,0,53000,20000,33000,33000
052468,超眾統一96購02  ,0,0,0,0,0,0,0,0,0,33000,0,0,0,42000,9000,33000,33000
051318,上銀國票96購01  ,0,0,0,0,0,0,0,0,0,33000,0,0,0,33000,0,33000,33000
051382,玉晶光群益98購02,0,0,0,0,0,0,0,0,0,33000,0,0,0,33000,0,33000,33000
051157,華新科富邦98購01,0,0,0,0,0,0,0,0,0,33000,0,0,0,131000,98000,33000,33000
1810,和成            ,37000,3000,34000,0,0,0,0,0,0,-1000,0,1000,-1000,0,0,0,33000
2443,億麗            ,37000,4000,33000,0,0,0,0,0,0,0,0,0,0,0,0,0,33000
2530,華建            ,33000,0,33000,0,0,0,0,0,0,0,0,0,0,0,0,0,33000
1476,儒鴻            ,134883,96000,38883,0,0,0,4000,7000,-3000,-3000,0,2000,-2000,10000,11000,-1000,32883
05687P,臺股指元大96售12,0,0,0,0,0,0,0,0,0,32000,0,0,0,34000,2000,32000,32000
05947P,大成鋼元大96售03,0,0,0,0,0,0,0,0,0,32000,0,0,0,58000,26000,32000,32000
055642,廣宇元富97購01  ,0,0,0,0,0,0,0,0,0,32000,0,0,0,40000,8000,32000,32000
055429,華新科群益99購01,0,0,0,0,0,0,0,0,0,32000,0,0,0,32000,0,32000,32000
055515,聚陽中信9A購01  ,0,0,0,0,0,0,0,0,0,32000,0,0,0,70000,38000,32000,32000
055340,華新科日盛97購01,0,0,0,0,0,0,0,0,0,32000,0,0,0,42000,10000,32000,32000
05388P,南亞科元大95售04,0,0,0,0,0,0,0,0,0,32000,0,0,0,32000,0,32000,32000
053936,旺宏元富96購04  ,0,0,0,0,0,0,0,0,0,32000,0,0,0,32000,0,32000,32000
054559,台光電群益99購01,0,0,0,0,0,0,0,0,0,32000,0,0,0,32000,0,32000,32000
055109,正崴凱基98購01  ,0,0,0,0,0,0,0,0,0,32000,0,0,0,32000,0,32000,32000
055209,勤誠康和97購01  ,0,0,0,0,0,0,0,0,0,32000,0,0,0,52000,20000,32000,32000
054772,康控國票98購02  ,0,0,0,0,0,0,0,0,0,32000,0,0,0,32000,0,32000,32000
048844,訊芯凱基94購02  ,0,0,0,0,0,0,0,0,0,32000,0,0,0,40000,8000,32000,32000
048678,統一富邦93購01  ,0,0,0,0,0,0,0,0,0,32000,0,0,0,57000,25000,32000,32000
046312,可成元大92購10  ,0,0,0,0,0,0,0,0,0,32000,0,0,0,37000,5000,32000,32000
046350,上銀群益92購02  ,0,0,0,0,0,0,0,0,0,32000,0,0,0,33000,1000,32000,32000
046886,喬山群益93購01  ,0,0,0,0,0,0,0,0,0,32000,0,0,0,32000,0,32000,32000
03397P,台積電中信06售08,0,0,0,0,0,0,0,0,0,32000,0,0,0,32000,0,32000,32000
047242,上銀群益93購04  ,0,0,0,0,0,0,0,0,0,32000,0,0,0,71000,39000,32000,32000
047224,台光電凱基94購01,0,0,0,0,0,0,0,0,0,32000,0,0,0,117000,85000,32000,32000
050817,可成凱基95購01  ,0,0,0,0,0,0,0,0,0,32000,0,0,0,32000,0,32000,32000
047886,京元電富邦95購01,0,0,0,0,0,0,0,0,0,32000,0,0,0,62000,30000,32000,32000
048766,禾伸堂凱基94購01,0,0,0,0,0,0,0,0,0,32000,0,0,0,32000,0,32000,32000
04947P,聯詠元大94售05  ,0,0,0,0,0,0,0,0,0,32000,0,0,0,75000,43000,32000,32000
048093,聯發科凱基93購30,0,0,0,0,0,0,0,0,0,32000,0,0,0,42000,10000,32000,32000
049365,美律元大94購04  ,0,0,0,0,0,0,0,0,0,32000,0,0,0,33000,1000,32000,32000
049366,聯發科元大94購05,0,0,0,0,0,0,0,0,0,32000,0,0,0,64000,32000,32000,32000
049701,聯茂元大94購05  ,0,0,0,0,0,0,0,0,0,32000,0,0,0,147000,115000,32000,32000
050955,達方群益97購01  ,0,0,0,0,0,0,0,0,0,32000,0,0,0,32000,0,32000,32000
051869,康控凱基96購01  ,0,0,0,0,0,0,0,0,0,32000,0,0,0,34000,2000,32000,32000
053602,台虹元大96購01  ,0,0,0,0,0,0,0,0,0,32000,0,0,0,63000,31000,32000,32000
053656,可成凱基96購06  ,0,0,0,0,0,0,0,0,0,32000,0,0,0,40000,8000,32000,32000
053422,可成永豐96購01  ,0,0,0,0,0,0,0,0,0,32000,0,0,0,32000,0,32000,32000
053520,康友群益96購01  ,0,0,0,0,0,0,0,0,0,32000,0,0,0,56000,24000,32000,32000
052742,可成元大96購01  ,0,0,0,0,0,0,0,0,0,32000,0,0,0,367000,335000,32000,32000
052489,義隆國票96購02  ,0,0,0,0,0,0,0,0,0,32000,0,0,0,52000,20000,32000,32000
052894,國巨群益96購03  ,0,0,0,0,0,0,0,0,0,32000,0,0,0,72000,40000,32000,32000
1732,毛寶            ,49000,22000,27000,0,0,0,0,0,0,5000,5000,0,5000,0,0,0,32000
055008,隆達元富97購01  ,0,0,0,0,0,0,0,0,0,31000,0,0,0,40000,9000,31000,31000
054386,鴻海統一98購03  ,0,0,0,0,0,0,0,0,0,31000,0,0,0,114000,83000,31000,31000
053938,彩晶元富96購01  ,0,0,0,0,0,0,0,0,0,31000,0,0,0,31000,0,31000,31000
055285,華新科元大99購03,0,0,0,0,0,0,0,0,0,31000,0,0,0,51000,20000,31000,31000
055639,上銀元富97購02  ,0,0,0,0,0,0,0,0,0,31000,0,0,0,81000,50000,31000,31000
05899P,臺股指凱基96售30,0,0,0,0,0,0,0,0,0,31000,0,0,0,40000,9000,31000,31000
05674P,瑞昱群益96售02  ,0,0,0,0,0,0,0,0,0,31000,0,0,0,31000,0,31000,31000
1457,宜進            ,33000,2000,31000,0,0,0,0,0,0,0,0,0,0,0,0,0,31000
044347,上証2X元大94購01,0,0,0,0,0,0,0,0,0,31000,0,0,0,31000,0,31000,31000
044512,奇力新凱基93購02,0,0,0,0,0,0,0,0,0,31000,0,0,0,41000,10000,31000,31000
046847,志超永豐93購01  ,0,0,0,0,0,0,0,0,0,31000,0,0,0,31000,0,31000,31000
046759,聯發科凱基93購06,0,0,0,0,0,0,0,0,0,31000,0,0,0,31000,0,31000,31000
044537,上銀群益92購01  ,0,0,0,0,0,0,0,0,0,31000,0,0,0,31000,0,31000,31000
042298,群創元大92購01  ,0,0,0,0,0,0,0,0,0,31000,0,0,0,31000,0,31000,31000
044876,同欣電統一91購01,0,0,0,0,0,0,0,0,0,31000,0,0,0,31000,0,31000,31000
048835,牧德凱基94購02  ,0,0,0,0,0,0,0,0,0,31000,0,0,0,48000,17000,31000,31000
048516,麗豐凱基93購02  ,0,0,0,0,0,0,0,0,0,31000,0,0,0,60000,29000,31000,31000
049344,華固統一94購01  ,0,0,0,0,0,0,0,0,0,31000,0,0,0,31000,0,31000,31000
049884,訊芯永豐94購01  ,0,0,0,0,0,0,0,0,0,31000,0,0,0,31000,0,31000,31000
049251,國巨元大95購02  ,0,0,0,0,0,0,0,0,0,31000,0,0,0,31000,0,31000,31000
047803,卜蜂凱基93購03  ,0,0,0,0,0,0,0,0,0,31000,0,0,0,100000,69000,31000,31000
048498,嘉澤元大94購01  ,0,0,0,0,0,0,0,0,0,31000,0,0,0,126000,95000,31000,31000
047926,可成凱基94購02  ,0,0,0,0,0,0,0,0,0,31000,0,0,0,49000,18000,31000,31000
048324,訊芯凱基93購03  ,0,0,0,0,0,0,0,0,0,31000,0,0,0,31000,0,31000,31000
048371,華固統一93購02  ,0,0,0,0,0,0,0,0,0,31000,0,0,0,31000,0,31000,31000
047307,儒鴻元大93購04  ,0,0,0,0,0,0,0,0,0,31000,0,0,0,31000,0,31000,31000
04815P,致伸元大94售04  ,0,0,0,0,0,0,0,0,0,31000,0,0,0,31000,0,31000,31000
052874,超眾凱基96購01  ,0,0,0,0,0,0,0,0,0,31000,0,0,0,59000,28000,31000,31000
053309,泰鼎凱基96購03  ,0,0,0,0,0,0,0,0,0,31000,0,0,0,135000,104000,31000,31000
053338,台光電國票97購01,0,0,0,0,0,0,0,0,0,31000,0,0,0,31000,0,31000,31000
053735,矽力中信97購01  ,0,0,0,0,0,0,0,0,0,31000,0,0,0,161000,130000,31000,31000
051927,國巨中信96購01  ,0,0,0,0,0,0,0,0,0,31000,0,0,0,37000,6000,31000,31000
052378,矽力元大96購01  ,0,0,0,0,0,0,0,0,0,31000,0,0,0,35000,4000,31000,31000
05239P,欣興永豐95售03  ,0,0,0,0,0,0,0,0,0,31000,0,0,0,65000,34000,31000,31000
051216,為升元富95購01  ,0,0,0,0,0,0,0,0,0,31000,0,0,0,365000,334000,31000,31000
1708,東鹼            ,31000,0,31000,0,0,0,0,0,0,0,0,0,0,0,0,0,31000
2365,昆盈            ,39000,6000,33000,0,0,0,0,0,0,-2000,0,2000,-2000,0,0,0,31000
06155P,智邦統一97售02  ,0,0,0,0,0,0,0,0,0,30000,0,0,0,30000,0,30000,30000
06158P,玉晶光元富97售08,0,0,0,0,0,0,0,0,0,30000,0,0,0,40000,10000,30000,30000
06248P,國巨統一97售07  ,0,0,0,0,0,0,0,0,0,30000,0,0,0,30000,0,30000,30000
06231P,台積電永豐97售05,0,0,0,0,0,0,0,0,0,30000,0,0,0,30000,0,30000,30000
05751P,台積電中信96售05,0,0,0,0,0,0,0,0,0,30000,0,0,0,30000,0,30000,30000
05851P,力山群益97售01  ,0,0,0,0,0,0,0,0,0,30000,0,0,0,30000,0,30000,30000
05885P,牧德統一96售01  ,0,0,0,0,0,0,0,0,0,30000,0,0,0,95000,65000,30000,30000
055648,可成元富97購01  ,0,0,0,0,0,0,0,0,0,30000,0,0,0,30000,0,30000,30000
055673,旺宏日盛97購01  ,0,0,0,0,0,0,0,0,0,30000,0,0,0,30000,0,30000,30000
055289,泰碩元大98購01  ,0,0,0,0,0,0,0,0,0,30000,0,0,0,30000,0,30000,30000
055264,國巨永豐98購01  ,0,0,0,0,0,0,0,0,0,30000,0,0,0,31000,1000,30000,30000
055508,矽力元大97購01  ,0,0,0,0,0,0,0,0,0,30000,0,0,0,36000,6000,30000,30000
053878,台表科亞東96購01,0,0,0,0,0,0,0,0,0,30000,0,0,0,30000,0,30000,30000
05413P,台郡國票96售02  ,0,0,0,0,0,0,0,0,0,30000,0,0,0,30000,0,30000,30000
054117,宏全康和96購01  ,0,0,0,0,0,0,0,0,0,30000,0,0,0,30000,0,30000,30000
054221,華新科統一96購05,0,0,0,0,0,0,0,0,0,30000,0,0,0,35000,5000,30000,30000
054196,台光電國泰97購02,0,0,0,0,0,0,0,0,0,30000,0,0,0,30000,0,30000,30000
054369,鴻海中信9C購01  ,0,0,0,0,0,0,0,0,0,30000,0,0,0,30000,0,30000,30000
054259,健策元大97購03  ,0,0,0,0,0,0,0,0,0,30000,0,0,0,97000,67000,30000,30000
054428,禾伸堂富邦98購01,0,0,0,0,0,0,0,0,0,30000,0,0,0,40000,10000,30000,30000
054915,興勤凱基97購01  ,0,0,0,0,0,0,0,0,0,30000,0,0,0,32000,2000,30000,30000
055170,光磊統一97購01  ,0,0,0,0,0,0,0,0,0,30000,0,0,0,38000,8000,30000,30000
054590,嘉聯益國泰98購01,0,0,0,0,0,0,0,0,0,30000,0,0,0,30000,0,30000,30000
048538,美利達國票94購01,0,0,0,0,0,0,0,0,0,30000,0,0,0,30000,0,30000,30000
049014,台達電群益94購02,0,0,0,0,0,0,0,0,0,30000,0,0,0,43000,13000,30000,30000
046096,建準國票92購01  ,0,0,0,0,0,0,0,0,0,30000,0,0,0,30000,0,30000,30000
045035,潤泰全群益93購01,0,0,0,0,0,0,0,0,0,30000,0,0,0,30000,0,30000,30000
045130,瑞昱統一92購01  ,0,0,0,0,0,0,0,0,0,30000,0,0,0,30000,0,30000,30000
046234,彩晶元大92購01  ,0,0,0,0,0,0,0,0,0,30000,0,0,0,30000,0,30000,30000
045420,台積電凱基92購07,0,0,0,0,0,0,0,0,0,30000,0,0,0,110000,80000,30000,30000
046056,材料群益92購01  ,0,0,0,0,0,0,0,0,0,30000,0,0,0,50000,20000,30000,30000
04604P,華新科國票95售01,0,0,0,0,0,0,0,0,0,30000,0,0,0,330000,300000,30000,30000
044846,旺宏統一93購01  ,0,0,0,0,0,0,0,0,0,30000,0,0,0,30000,0,30000,30000
044817,可成兆豐93購01  ,0,0,0,0,0,0,0,0,0,30000,0,0,0,30000,0,30000,30000
04588P,茂林永豐94售04  ,0,0,0,0,0,0,0,0,0,30000,0,0,0,30000,0,30000,30000
044961,聯電中信94購01  ,0,0,0,0,0,0,0,0,0,30000,0,0,0,30000,0,30000,30000
047012,台積電元富93購02,0,0,0,0,0,0,0,0,0,30000,0,0,0,30000,0,30000,30000
046622,正文凱基93購01  ,0,0,0,0,0,0,0,0,0,30000,0,0,0,30000,0,30000,30000
046964,祥碩中信93購01  ,0,0,0,0,0,0,0,0,0,30000,0,0,0,30000,0,30000,30000
045764,智易統一94購01  ,0,0,0,0,0,0,0,0,0,30000,0,0,0,30000,0,30000,30000
046959,技嘉中信93購01  ,0,0,0,0,0,0,0,0,0,30000,0,0,0,30000,0,30000,30000
042445,上証2X凱基92購04,0,0,0,0,0,0,0,0,0,30000,0,0,0,30000,0,30000,30000
044593,緯創國票91購01  ,0,0,0,0,0,0,0,0,0,30000,0,0,0,30000,0,30000,30000
043144,台肥統一93購01  ,0,0,0,0,0,0,0,0,0,30000,0,0,0,30000,0,30000,30000
043730,旭富國泰93購01  ,0,0,0,0,0,0,0,0,0,30000,0,0,0,30000,0,30000,30000
046878,康友國泰94購01  ,0,0,0,0,0,0,0,0,0,30000,0,0,0,30000,0,30000,30000
046845,燿華永豐93購01  ,0,0,0,0,0,0,0,0,0,30000,0,0,0,40000,10000,30000,30000
046832,嘉晶群益93購01  ,0,0,0,0,0,0,0,0,0,30000,0,0,0,30000,0,30000,30000
045762,微星統一92購01  ,0,0,0,0,0,0,0,0,0,30000,0,0,0,80000,50000,30000,30000
04181P,嘉晶國票93售04  ,0,0,0,0,0,0,0,0,0,30000,0,0,0,30000,0,30000,30000
044305,瀚宇博兆豐93購01,0,0,0,0,0,0,0,0,0,30000,0,0,0,30000,0,30000,30000
044329,日月光元富91購01,0,0,0,0,0,0,0,0,0,30000,0,0,0,30000,0,30000,30000
03707P,祥碩群益93售01  ,0,0,0,0,0,0,0,0,0,30000,0,0,0,30000,0,30000,30000
03595C,滬深2X元富92牛01,0,0,0,0,0,0,0,0,0,30000,0,0,0,30000,0,30000,30000
049413,台達電凱基94購06,0,0,0,0,0,0,0,0,0,30000,0,0,0,30000,0,30000,30000
048216,元油反凱基93購01,0,0,0,0,0,0,0,0,0,30000,0,0,0,40000,10000,30000,30000
047227,華新科凱基94購01,0,0,0,0,0,0,0,0,0,30000,0,0,0,30000,0,30000,30000
048275,A50正2永豐93購01,0,0,0,0,0,0,0,0,0,30000,0,0,0,30000,0,30000,30000
047127,臻鼎中信95購01  ,0,0,0,0,0,0,0,0,0,30000,0,0,0,30000,0,30000,30000
050851,羅麗芬國票96購01,0,0,0,0,0,0,0,0,0,30000,0,0,0,30000,0,30000,30000
050848,日月光國票95購01,0,0,0,0,0,0,0,0,0,30000,0,0,0,330000,300000,30000,30000
050671,超眾永豐94購04  ,0,0,0,0,0,0,0,0,0,30000,0,0,0,54000,24000,30000,30000
050628,美律中信94購02  ,0,0,0,0,0,0,0,0,0,30000,0,0,0,30000,0,30000,30000
050560,聯詠統一94購02  ,0,0,0,0,0,0,0,0,0,30000,0,0,0,30000,0,30000,30000
048010,嘉聯益富邦97購01,0,0,0,0,0,0,0,0,0,30000,0,0,0,40000,10000,30000,30000
048030,聯發科凱基93購27,0,0,0,0,0,0,0,0,0,30000,0,0,0,30000,0,30000,30000
049897,華新科統一94購07,0,0,0,0,0,0,0,0,0,30000,0,0,0,30000,0,30000,30000
049860,亞德客兆豐94購01,0,0,0,0,0,0,0,0,0,30000,0,0,0,30000,0,30000,30000
049799,旺宏元大96購01  ,0,0,0,0,0,0,0,0,0,30000,0,0,0,33000,3000,30000,30000
049704,羅麗芬元大95購01,0,0,0,0,0,0,0,0,0,30000,0,0,0,30000,0,30000,30000
049538,元油2X群益98購01,0,0,0,0,0,0,0,0,0,30000,0,0,0,31000,1000,30000,30000
05006P,華通元富95售01  ,0,0,0,0,0,0,0,0,0,30000,0,0,0,100000,70000,30000,30000
051287,台積電統一95購05,0,0,0,0,0,0,0,0,0,30000,0,0,0,104000,74000,30000,30000
051196,喬山麥證95購01  ,0,0,0,30000,0,30000,0,0,0,30000,0,0,0,30000,0,30000,30000
051094,健策元大96購03  ,0,0,0,0,0,0,0,0,0,30000,0,0,0,39000,9000,30000,30000
051356,全新元大96購04  ,0,0,0,0,0,0,0,0,0,30000,0,0,0,40000,10000,30000,30000
051338,揚明光永豐95購02,0,0,0,0,0,0,0,0,0,30000,0,0,0,30000,0,30000,30000
051458,臺股指元大95購18,0,0,0,0,0,0,0,0,0,30000,0,0,0,30000,0,30000,30000
052393,康友群益95購05  ,0,0,0,0,0,0,0,0,0,30000,0,0,0,51000,21000,30000,30000
052226,旺宏凱基95購06  ,0,0,0,0,0,0,0,0,0,30000,0,0,0,34000,4000,30000,30000
051926,聯電中信97購01  ,0,0,0,0,0,0,0,0,0,30000,0,0,0,40000,10000,30000,30000
052072,健策統一95購02  ,0,0,0,0,0,0,0,0,0,30000,0,0,0,70000,40000,30000,30000
052044,華通凱基97購01  ,0,0,0,0,0,0,0,0,0,30000,0,0,0,40000,10000,30000,30000
052027,智原群益95購01  ,0,0,0,0,0,0,0,0,0,30000,0,0,0,30000,0,30000,30000
051784,國巨兆豐95購01  ,0,0,0,0,0,0,0,0,0,30000,0,0,0,40000,10000,30000,30000
051828,微星元大95購03  ,0,0,0,0,0,0,0,0,0,30000,0,0,0,53000,23000,30000,30000
053829,力成麥證96購01  ,0,0,0,31000,1000,30000,0,0,0,30000,0,0,0,31000,1000,30000,30000
053675,臺股指元富96購02,0,0,0,0,0,0,0,0,0,30000,0,0,0,30000,0,30000,30000
053679,緯創富邦96購01  ,0,0,0,0,0,0,0,0,0,30000,0,0,0,30000,0,30000,30000
053275,燿華元大97購01  ,0,0,0,0,0,0,0,0,0,30000,0,0,0,95000,65000,30000,30000
053480,祥碩元大96購02  ,0,0,0,0,0,0,0,0,0,30000,0,0,0,51000,21000,30000,30000
053485,矽創國票97購04  ,0,0,0,0,0,0,0,0,0,30000,0,0,0,30000,0,30000,30000
053404,致新群益96購01  ,0,0,0,0,0,0,0,0,0,30000,0,0,0,90000,60000,30000,30000
052898,樺漢群益96購01  ,0,0,0,0,0,0,0,0,0,30000,0,0,0,30000,0,30000,30000
052944,宏達電國票97購01,0,0,0,0,0,0,0,0,0,30000,0,0,0,60000,30000,30000,30000
053062,緯穎富邦97購01  ,0,0,0,0,0,0,0,0,0,30000,0,0,0,60000,30000,30000,30000
053100,美律元富96購01  ,0,0,0,0,0,0,0,0,0,30000,0,0,0,30000,0,30000,30000
05252P,華通凱基95售01  ,0,0,0,0,0,0,0,0,0,30000,0,0,0,30000,0,30000,30000
052658,友達元富9C購01  ,0,0,0,0,0,0,0,0,0,30000,0,0,0,30000,0,30000,30000
052711,滬深2X凱基97購01,0,0,0,0,0,0,0,0,0,30000,0,0,0,100000,70000,30000,30000
052672,世紀鋼群益96購02,0,0,0,0,0,0,0,0,0,30000,0,0,0,30000,0,30000,30000
054592,美律永昌9A購01  ,0,0,0,0,0,0,0,0,0,29000,0,0,0,41000,12000,29000,29000
054890,聯鈞統一99購01  ,0,0,0,0,0,0,0,0,0,29000,0,0,0,58000,29000,29000,29000
054415,奇力新元大96購06,0,0,0,0,0,0,0,0,0,29000,0,0,0,63000,34000,29000,29000
054162,光罩凱基98購01  ,0,0,0,0,0,0,0,0,0,29000,0,0,0,69000,40000,29000,29000
055516,上銀中信97購01  ,0,0,0,0,0,0,0,0,0,29000,0,0,0,39000,10000,29000,29000
055427,技嘉群益98購01  ,0,0,0,0,0,0,0,0,0,29000,0,0,0,39000,10000,29000,29000
055419,國巨永豐97購03  ,0,0,0,0,0,0,0,0,0,29000,0,0,0,29000,0,29000,29000
055680,美律凱基99購01  ,0,0,0,0,0,0,0,0,0,29000,0,0,0,29000,0,29000,29000
05586P,臺股指凱基96售15,0,0,0,0,0,0,0,0,0,29000,0,0,0,30000,1000,29000,29000
05573P,仁寶元富96售02  ,0,0,0,0,0,0,0,0,0,29000,0,0,0,30000,1000,29000,29000
046736,儒鴻群益93購01  ,0,0,0,0,0,0,0,0,0,29000,0,0,0,29000,0,29000,29000
046930,亞光統一93購01  ,0,0,0,0,0,0,0,0,0,29000,0,0,0,29000,0,29000,29000
046369,同欣電日盛92購01,0,0,0,0,0,0,0,0,0,29000,0,0,0,29000,0,29000,29000
048870,義隆國票96購01  ,0,0,0,0,0,0,0,0,0,29000,0,0,0,59000,30000,29000,29000
049072,台積電凱基94購08,0,0,0,0,0,0,0,0,0,29000,0,0,0,30000,1000,29000,29000
048598,瑞昱國票93購03  ,0,0,0,0,0,0,0,0,0,29000,0,0,0,38000,9000,29000,29000
05023P,和碩凱基95售01  ,0,0,0,0,0,0,0,0,0,29000,0,0,0,29000,0,29000,29000
050368,國巨元大94購14  ,0,0,0,0,0,0,0,0,0,29000,0,0,0,31000,2000,29000,29000
050735,亞光台新94購01  ,0,0,0,0,0,0,0,0,0,29000,0,0,0,29000,0,29000,29000
048403,聯發科群益93購10,0,0,0,0,0,0,0,0,0,29000,0,0,0,29000,0,29000,29000
047504,滬深2X國票9A購01,0,0,0,0,0,0,0,0,0,29000,0,0,0,30000,1000,29000,29000
052698,深中小國票99購01,0,0,0,0,0,0,0,0,0,29000,0,0,0,29000,0,29000,29000
052612,康舒元大97購01  ,0,0,0,0,0,0,0,0,0,29000,0,0,0,39000,10000,29000,29000
052514,嘉澤凱基96購01  ,0,0,0,0,0,0,0,0,0,29000,0,0,0,173000,144000,29000,29000
052053,泰鼎凱基96購01  ,0,0,0,0,0,0,0,0,0,29000,0,0,0,30000,1000,29000,29000
051954,矽力元富95購04  ,0,0,0,0,0,0,0,0,0,29000,0,0,0,40000,11000,29000,29000
052219,大立光日盛95購02,0,0,0,0,0,0,0,0,0,29000,0,0,0,29000,0,29000,29000
052324,康友元大96購02  ,0,0,0,0,0,0,0,0,0,29000,0,0,0,158000,129000,29000,29000
051678,鈺齊元大95購02  ,0,0,0,0,0,0,0,0,0,29000,0,0,0,29000,0,29000,29000
051139,康友永豐95購01  ,0,0,0,0,0,0,0,0,0,29000,0,0,0,72000,43000,29000,29000
051224,華通群益96購03  ,0,0,0,0,0,0,0,0,0,29000,0,0,0,33000,4000,29000,29000
2426,鼎元            ,137000,105000,32000,0,0,0,0,0,0,-3000,0,3000,-3000,0,0,0,29000
1711,永光            ,37000,6000,31000,0,0,0,0,0,0,-2000,0,2000,-2000,0,0,0,29000
05574P,英業達元富96售01,0,0,0,0,0,0,0,0,0,28000,0,0,0,48000,20000,28000,28000
055399,超眾統一99購01  ,0,0,0,0,0,0,0,0,0,28000,0,0,0,94000,66000,28000,28000
054388,漢唐統一97購02  ,0,0,0,0,0,0,0,0,0,28000,0,0,0,28000,0,28000,28000
055150,台積電元大98購04,0,0,0,0,0,0,0,0,0,28000,0,0,0,28000,0,28000,28000
055120,南港兆豐97購01  ,0,0,0,0,0,0,0,0,0,28000,0,0,0,129000,101000,28000,28000
049009,南亞科麥證94購01,0,0,0,40000,12000,28000,0,0,0,28000,0,0,0,40000,12000,28000,28000
048830,和鑫凱基94購03  ,0,0,0,0,0,0,0,0,0,28000,0,0,0,68000,40000,28000,28000
046062,遠東新凱基92購02,0,0,0,0,0,0,0,0,0,28000,0,0,0,28000,0,28000,28000
046547,大立光永豐92購05,0,0,0,0,0,0,0,0,0,28000,0,0,0,28000,0,28000,28000
046870,大立光統一95購01,0,0,0,0,0,0,0,0,0,28000,0,0,0,28000,0,28000,28000
044514,亞光凱基93購02  ,0,0,0,0,0,0,0,0,0,28000,0,0,0,42000,14000,28000,28000
00865B,國泰US短期公債  ,0,0,0,0,0,0,0,0,0,28000,0,0,0,29000,1000,28000,28000
0055,元大MSCI金融    ,0,0,0,0,0,0,0,0,0,28000,0,0,0,28000,0,28000,28000
048364,臺股指永豐93購04,0,0,0,0,0,0,0,0,0,28000,0,0,0,28000,0,28000,28000
047459,全新群益93購02  ,0,0,0,0,0,0,0,0,0,28000,0,0,0,28000,0,28000,28000
050688,大立光日盛94購03,0,0,0,0,0,0,0,0,0,28000,0,0,0,28000,0,28000,28000
05025P,聯發科群益95售02,0,0,0,0,0,0,0,0,0,28000,0,0,0,55000,27000,28000,28000
049511,奇力新凱基94購03,0,0,0,0,0,0,0,0,0,28000,0,0,0,32000,4000,28000,28000
049668,大立光國泰96購02,0,0,0,0,0,0,0,0,0,28000,0,0,0,69000,41000,28000,28000
048026,瑞昱凱基94購01  ,0,0,0,0,0,0,0,0,0,28000,0,0,0,45000,17000,28000,28000
047928,禾伸堂凱基93購04,0,0,0,0,0,0,0,0,0,28000,0,0,0,28000,0,28000,28000
048965,佳世達元大94購01,0,0,0,0,0,0,0,0,0,28000,0,0,0,148000,120000,28000,28000
049091,訊連凱基94購01  ,0,0,0,0,0,0,0,0,0,28000,0,0,0,28000,0,28000,28000
052242,台達電台新96購01,0,0,0,0,0,0,0,0,0,28000,0,0,0,28000,0,28000,28000
053235,智原永豐96購01  ,0,0,0,0,0,0,0,0,0,28000,0,0,0,47000,19000,28000,28000
2614,東森            ,52000,17000,35000,0,0,0,0,0,0,-7000,0,7000,-7000,0,0,0,28000
05463P,創意國票96售04  ,0,0,0,0,0,0,0,0,0,27000,0,0,0,27000,0,27000,27000
054357,可成兆豐97購02  ,0,0,0,0,0,0,0,0,0,27000,0,0,0,30000,3000,27000,27000
054266,緯穎元大96購07  ,0,0,0,0,0,0,0,0,0,27000,0,0,0,108000,81000,27000,27000
054233,聯發科群益96購04,0,0,0,0,0,0,0,0,0,27000,0,0,0,27000,0,27000,27000
054085,華新科統一96購04,0,0,0,0,0,0,0,0,0,27000,0,0,0,121000,94000,27000,27000
053911,臺股指凱基96購31,0,0,0,0,0,0,0,0,0,27000,0,0,0,28000,1000,27000,27000
06096P,全新永豐97售02  ,0,0,0,0,0,0,0,0,0,27000,0,0,0,27000,0,27000,27000
041976,可成中信92購01  ,0,0,0,0,0,0,0,0,0,27000,0,0,0,30000,3000,27000,27000
046872,全新元富93購02  ,0,0,0,0,0,0,0,0,0,27000,0,0,0,27000,0,27000,27000
046549,康友永豐92購02  ,0,0,0,0,0,0,0,0,0,27000,0,0,0,28000,1000,27000,27000
044683,聯鈞凱基93購01  ,0,0,0,0,0,0,0,0,0,27000,0,0,0,96000,69000,27000,27000
046101,大立光永豐92購04,0,0,0,0,0,0,0,0,0,27000,0,0,0,27000,0,27000,27000
046118,高鐵元大92購01  ,0,0,0,0,0,0,0,0,0,27000,0,0,0,27000,0,27000,27000
04512P,臺股指元大94售07,0,0,0,0,0,0,0,0,0,27000,0,0,0,82000,55000,27000,27000
045433,康友永豐92購01  ,0,0,0,0,0,0,0,0,0,27000,0,0,0,27000,0,27000,27000
045485,中磊亞東93購01  ,0,0,0,0,0,0,0,0,0,27000,0,0,0,27000,0,27000,27000
049007,玉晶光中信96購01,0,0,0,0,0,0,0,0,0,27000,0,0,0,72000,45000,27000,27000
048591,台郡兆豐94購01  ,0,0,0,0,0,0,0,0,0,27000,0,0,0,46000,19000,27000,27000
048641,美律元大94購01  ,0,0,0,0,0,0,0,0,0,27000,0,0,0,27000,0,27000,27000
050231,聯發科麥證94購03,0,0,0,62000,0,62000,0,0,0,27000,0,0,0,62000,35000,27000,27000
050767,京元電元大96購01,0,0,0,0,0,0,0,0,0,27000,0,0,0,54000,27000,27000,27000
050594,康友永豐94購01  ,0,0,0,0,0,0,0,0,0,27000,0,0,0,33000,6000,27000,27000
048170,智原永豐93購02  ,0,0,0,0,0,0,0,0,0,27000,0,0,0,27000,0,27000,27000
053478,京鼎元大96購01  ,0,0,0,0,0,0,0,0,0,27000,0,0,0,147000,120000,27000,27000
053718,全新凱基97購02  ,0,0,0,0,0,0,0,0,0,27000,0,0,0,27000,0,27000,27000
052218,大立光日盛95購01,0,0,0,0,0,0,0,0,0,27000,0,0,0,27000,0,27000,27000
052417,聯發科兆豐9B購01,0,0,0,0,0,0,0,0,0,27000,0,0,0,27000,0,27000,27000
051963,利勤永豐95購01  ,0,0,0,0,0,0,0,0,0,27000,0,0,0,27000,0,27000,27000
051428,玉晶光統一96購01,0,0,0,0,0,0,0,0,0,27000,0,0,0,27000,0,27000,27000
2020,美亞            ,38000,11000,27000,0,0,0,0,0,0,0,0,0,0,0,0,0,27000
5225,東科-KY         ,40000,12000,28000,0,0,0,0,0,0,-1000,0,1000,-1000,0,0,0,27000
4426,利勤            ,47000,8000,39000,0,0,0,0,11000,-11000,-1000,0,1000,-1000,0,0,0,27000
9921,巨大            ,268572,146195,122377,0,0,0,5000,101000,-96000,0,0,2000,-2000,3000,1000,2000,26377
06174P,國巨元大97售07  ,0,0,0,0,0,0,0,0,0,26000,0,0,0,26000,0,26000,26000
05897P,國巨凱基96售12  ,0,0,0,0,0,0,0,0,0,26000,0,0,0,26000,0,26000,26000
05711P,茂林國票97售03  ,0,0,0,0,0,0,0,0,0,26000,0,0,0,51000,25000,26000,26000
05555P,健策群益98售01  ,0,0,0,0,0,0,0,0,0,26000,0,0,0,26000,0,26000,26000
054252,奇力新元大96購04,0,0,0,0,0,0,0,0,0,26000,0,0,0,145000,119000,26000,26000
054346,世芯國票97購01  ,0,0,0,0,0,0,0,0,0,26000,0,0,0,41000,15000,26000,26000
055197,致新元富97購02  ,0,0,0,0,0,0,0,0,0,26000,0,0,0,26000,0,26000,26000
045264,嘉晶凱基92購01  ,0,0,0,0,0,0,0,0,0,26000,0,0,0,26000,0,26000,26000
046740,大立光群益95購01,0,0,0,0,0,0,0,0,0,26000,0,0,0,26000,0,26000,26000
044671,台積電兆豐93購01,0,0,0,0,0,0,0,0,0,26000,0,0,0,72000,46000,26000,26000
044564,喬山凱基92購01  ,0,0,0,0,0,0,0,0,0,26000,0,0,0,26000,0,26000,26000
047334,南茂元大93購03  ,0,0,0,0,0,0,0,0,0,26000,0,0,0,68000,42000,26000,26000
047214,啟碁富邦97購01  ,0,0,0,0,0,0,0,0,0,26000,0,0,0,31000,5000,26000,26000
050200,致新元大94購01  ,0,0,0,0,0,0,0,0,0,26000,0,0,0,26000,0,26000,26000
047368,南電群益93購01  ,0,0,0,0,0,0,0,0,0,26000,0,0,0,34000,8000,26000,26000
049155,同欣電元大94購01,0,0,0,0,0,0,0,0,0,26000,0,0,0,30000,4000,26000,26000
049374,大立光元大94購12,0,0,0,0,0,0,0,0,0,26000,0,0,0,26000,0,26000,26000
048476,同欣電永豐93購01,0,0,0,0,0,0,0,0,0,26000,0,0,0,33000,7000,26000,26000
049906,光寶科元大94購03,0,0,0,0,0,0,0,0,0,26000,0,0,0,52000,26000,26000,26000
051662,大立光永昌96購03,0,0,0,0,0,0,0,0,0,26000,0,0,0,26000,0,26000,26000
051641,矽創國票96購01  ,0,0,0,0,0,0,0,0,0,26000,0,0,0,26000,0,26000,26000
051526,超眾凱基95購02  ,0,0,0,0,0,0,0,0,0,26000,0,0,0,26000,0,26000,26000
051213,華新科統一95購01,0,0,0,0,0,0,0,0,0,26000,0,0,0,27000,1000,26000,26000
051190,可成兆豐95購03  ,0,0,0,0,0,0,0,0,0,26000,0,0,0,26000,0,26000,26000
05104P,智邦台新95售02  ,0,0,0,0,0,0,0,0,0,26000,0,0,0,26000,0,26000,26000
052076,可成元富98購01  ,0,0,0,0,0,0,0,0,0,26000,0,0,0,26000,0,26000,26000
052227,瑞昱凱基95購05  ,0,0,0,0,0,0,0,0,0,26000,0,0,0,48000,22000,26000,26000
053597,牧德元大99購01  ,0,0,0,0,0,0,0,0,0,26000,0,0,0,26000,0,26000,26000
5907,大洋-KY         ,32000,5000,27000,0,0,0,0,0,0,-1000,0,1000,-1000,0,0,0,26000
4532,瑞智            ,35000,7000,28000,0,0,0,0,0,0,-2000,0,2000,-2000,0,0,0,26000
3454,晶睿            ,61000,19000,42000,0,0,0,0,11000,-11000,-5000,0,5000,-5000,0,0,0,26000
3419,譁裕            ,40000,13000,27000,0,0,0,0,0,0,-1000,0,1000,-1000,0,0,0,26000
2103,台橡            ,83000,54000,29000,0,0,0,0,0,0,-3000,0,3000,-3000,0,0,0,26000
2420,新巨            ,35000,8000,27000,0,0,0,0,0,0,-1000,0,1000,-1000,0,0,0,26000
2436,偉詮電          ,72000,38000,34000,0,0,0,0,0,0,-8000,0,8000,-8000,0,0,0,26000
055044,信錦永豐97購01  ,0,0,0,0,0,0,0,0,0,25000,0,0,0,25000,0,25000,25000
054718,可成永豐97購01  ,0,0,0,0,0,0,0,0,0,25000,0,0,0,25000,0,25000,25000
05466P,旺宏富邦97售01  ,0,0,0,0,0,0,0,0,0,25000,0,0,0,45000,20000,25000,25000
054842,台達電兆豐98購01,0,0,0,0,0,0,0,0,0,25000,0,0,0,45000,20000,25000,25000
054776,矽創國票98購01  ,0,0,0,0,0,0,0,0,0,25000,0,0,0,25000,0,25000,25000
054249,技嘉元大96購03  ,0,0,0,0,0,0,0,0,0,25000,0,0,0,196000,171000,25000,25000
054406,旺宏國票98購01  ,0,0,0,0,0,0,0,0,0,25000,0,0,0,30000,5000,25000,25000
055597,禾伸堂元大98購02,0,0,0,0,0,0,0,0,0,25000,0,0,0,25000,0,25000,25000
055459,建準永豐97購03  ,0,0,0,0,0,0,0,0,0,25000,0,0,0,25000,0,25000,25000
055499,大立光元大98購05,0,0,0,0,0,0,0,0,0,25000,0,0,0,47000,22000,25000,25000
05866P,致伸元大96售01  ,0,0,0,0,0,0,0,0,0,25000,0,0,0,25000,0,25000,25000
06232P,智易永豐97售01  ,0,0,0,0,0,0,0,0,0,25000,0,0,0,25000,0,25000,25000
06228P,亞德客凱基97售04,0,0,0,0,0,0,0,0,0,25000,0,0,0,25000,0,25000,25000
043940,京元電兆豐92購01,0,0,0,0,0,0,0,0,0,25000,0,0,0,25000,0,25000,25000
044175,亞光統一92購01  ,0,0,0,0,0,0,0,0,0,25000,0,0,0,25000,0,25000,25000
042227,元油2X永豐93購01,0,0,0,0,0,0,0,0,0,25000,0,0,0,25000,0,25000,25000
039726,台積電群益91購01,0,0,0,0,0,0,0,0,0,25000,0,0,0,25000,0,25000,25000
04067P,聯發科凱基93售24,0,0,0,0,0,0,0,0,0,25000,0,0,0,25000,0,25000,25000
045273,鴻海統一92購02  ,0,0,0,0,0,0,0,0,0,25000,0,0,0,25000,0,25000,25000
04546P,台積電元大94售09,0,0,0,0,0,0,0,0,0,25000,0,0,0,25000,0,25000,25000
045015,玉晶光元大94購01,0,0,0,0,0,0,0,0,0,25000,0,0,0,25000,0,25000,25000
049069,元油2X凱基95購04,0,0,0,0,0,0,0,0,0,25000,0,0,0,25000,0,25000,25000
045855,緯穎富邦93購01  ,0,0,0,0,0,0,0,0,0,25000,0,0,0,25000,0,25000,25000
044787,上銀群益93購01  ,0,0,0,0,0,0,0,0,0,25000,0,0,0,25000,0,25000,25000
046625,勤誠凱基93購01  ,0,0,0,0,0,0,0,0,0,25000,0,0,0,25000,0,25000,25000
048981,牧德元大94購01  ,0,0,0,0,0,0,0,0,0,25000,0,0,0,82000,57000,25000,25000
049239,卜蜂元富94購01  ,0,0,0,0,0,0,0,0,0,25000,0,0,0,25000,0,25000,25000
049280,創意國票95購01  ,0,0,0,0,0,0,0,0,0,25000,0,0,0,30000,5000,25000,25000
050091,喬山永豐94購02  ,0,0,0,0,0,0,0,0,0,25000,0,0,0,25000,0,25000,25000
047040,台勝科群益93購01,0,0,0,0,0,0,0,0,0,25000,0,0,0,30000,5000,25000,25000
050282,T50反1凱基97購01,0,0,0,0,0,0,0,0,0,25000,0,0,0,30000,5000,25000,25000
050831,超眾凱基95購01  ,0,0,0,0,0,0,0,0,0,25000,0,0,0,34000,9000,25000,25000
050803,康控兆豐96購01  ,0,0,0,0,0,0,0,0,0,25000,0,0,0,25000,0,25000,25000
048412,台勝科亞東93購01,0,0,0,0,0,0,0,0,0,25000,0,0,0,25000,0,25000,25000
047159,中磊國票94購01  ,0,0,0,0,0,0,0,0,0,25000,0,0,0,25000,0,25000,25000
048273,南電富邦97購01  ,0,0,0,0,0,0,0,0,0,25000,0,0,0,25000,0,25000,25000
047516,深中小第一93購01,0,0,0,0,0,0,0,0,0,25000,0,0,0,25000,0,25000,25000
04758P,國巨凱基94售03  ,0,0,0,0,0,0,0,0,0,25000,0,0,0,25000,0,25000,25000
053629,玉山金兆豐96購01,0,0,0,0,0,0,0,0,0,25000,0,0,0,65000,40000,25000,25000
053556,康控凱基97購02  ,0,0,0,0,0,0,0,0,0,25000,0,0,0,25000,0,25000,25000
053562,玉晶光國泰98購02,0,0,0,0,0,0,0,0,0,25000,0,0,0,55000,30000,25000,25000
053237,揚明光永豐96購03,0,0,0,0,0,0,0,0,0,25000,0,0,0,25000,0,25000,25000
053381,友達元大9A購02  ,0,0,0,0,0,0,0,0,0,25000,0,0,0,50000,25000,25000,25000
05266P,華新科元大95售11,0,0,0,0,0,0,0,0,0,25000,0,0,0,95000,70000,25000,25000
052910,鴻海統一96購10  ,0,0,0,0,0,0,0,0,0,25000,0,0,0,50000,25000,25000,25000
052357,揚明光永豐95購03,0,0,0,0,0,0,0,0,0,25000,0,0,0,25000,0,25000,25000
05108P,欣興中信95售02  ,0,0,0,0,0,0,0,0,0,25000,0,0,0,25000,0,25000,25000
051537,牧德國票96購01  ,0,0,0,0,0,0,0,0,0,25000,0,0,0,25000,0,25000,25000
051363,矽創元大95購03  ,0,0,0,0,0,0,0,0,0,25000,0,0,0,30000,5000,25000,25000
2608,嘉里大榮        ,42000,16000,26000,0,0,0,0,0,0,-1000,0,1000,-1000,0,0,0,25000
1723,中碳            ,85000,39000,46000,0,0,0,0,21000,-21000,0,0,0,0,0,0,0,25000
4104,佳醫            ,25000,10000,15000,0,0,0,10000,0,10000,0,0,0,0,0,0,0,25000
6206,飛捷            ,23000,4000,19000,0,0,0,7000,0,7000,-1000,0,1000,-1000,0,0,0,25000
06109P,華新科群益97售05,0,0,0,0,0,0,0,0,0,24000,0,0,0,52000,28000,24000,24000
054532,強茂國泰98購01  ,0,0,0,0,0,0,0,0,0,24000,0,0,0,28000,4000,24000,24000
054314,嘉聯益凱基97購01,0,0,0,0,0,0,0,0,0,24000,0,0,0,24000,0,24000,24000
054296,世芯元大97購01  ,0,0,0,0,0,0,0,0,0,24000,0,0,0,88000,64000,24000,24000
054374,信邦中信96購01  ,0,0,0,0,0,0,0,0,0,24000,0,0,0,186000,162000,24000,24000
054844,華邦電兆豐98購01,0,0,0,0,0,0,0,0,0,24000,0,0,0,24000,0,24000,24000
054660,禾伸堂元大97購03,0,0,0,0,0,0,0,0,0,24000,0,0,0,24000,0,24000,24000
054694,聯鈞永豐97購01  ,0,0,0,0,0,0,0,0,0,24000,0,0,0,43000,19000,24000,24000
054624,台積電凱基98購03,0,0,0,0,0,0,0,0,0,24000,0,0,0,97000,73000,24000,24000
055072,康友永豐97購02  ,0,0,0,0,0,0,0,0,0,24000,0,0,0,54000,30000,24000,24000
047011,鴻海元富93購01  ,0,0,0,0,0,0,0,0,0,24000,0,0,0,24000,0,24000,24000
044963,台積電中信96購01,0,0,0,0,0,0,0,0,0,24000,0,0,0,43000,19000,24000,24000
048878,康控國票95購02  ,0,0,0,0,0,0,0,0,0,24000,0,0,0,24000,0,24000,24000
049005,可成中信95購01  ,0,0,0,0,0,0,0,0,0,24000,0,0,0,24000,0,24000,24000
048872,玉晶光國票94購02,0,0,0,0,0,0,0,0,0,24000,0,0,0,57000,33000,24000,24000
045455,鴻海元大92購08  ,0,0,0,0,0,0,0,0,0,24000,0,0,0,29000,5000,24000,24000
00713,元大台灣高息低波,24000,1000,23000,0,0,0,0,0,0,1000,0,0,0,1000,0,1000,24000
036628,統一台新99購01  ,0,0,0,0,0,0,0,0,0,24000,0,0,0,24000,0,24000,24000
046818,奇力新凱基93購04,0,0,0,0,0,0,0,0,0,24000,0,0,0,28000,4000,24000,24000
050821,國泰金凱基95購01,0,0,0,0,0,0,0,0,0,24000,0,0,0,34000,10000,24000,24000
050541,智邦凱基94購04  ,0,0,0,0,0,0,0,0,0,24000,0,0,0,65000,41000,24000,24000
049400,可成群益94購03  ,0,0,0,0,0,0,0,0,0,24000,0,0,0,24000,0,24000,24000
049148,全新元大95購01  ,0,0,0,0,0,0,0,0,0,24000,0,0,0,34000,10000,24000,24000
047984,禾伸堂群益93購01,0,0,0,0,0,0,0,0,0,24000,0,0,0,24000,0,24000,24000
049956,國巨統一94購05  ,0,0,0,0,0,0,0,0,0,24000,0,0,0,43000,19000,24000,24000
051350,台積電元大95購14,0,0,0,0,0,0,0,0,0,24000,0,0,0,73000,49000,24000,24000
051313,緯創麥證95購02  ,0,0,0,44000,20000,24000,0,0,0,24000,0,0,0,44000,20000,24000,24000
051988,台光電元大95購01,0,0,0,0,0,0,0,0,0,24000,0,0,0,100000,76000,24000,24000
053102,祥碩元富96購01  ,0,0,0,0,0,0,0,0,0,24000,0,0,0,37000,13000,24000,24000
053129,緯穎凱基96購01  ,0,0,0,0,0,0,0,0,0,24000,0,0,0,24000,0,24000,24000
052525,聯詠元大95購06  ,0,0,0,0,0,0,0,0,0,24000,0,0,0,24000,0,24000,24000
055142,健策永豐98購01  ,0,0,0,0,0,0,0,0,0,23000,0,0,0,40000,17000,23000,23000
054939,台積電元大97購15,0,0,0,0,0,0,0,0,0,23000,0,0,0,23000,0,23000,23000
054788,華新科群益98購02,0,0,0,0,0,0,0,0,0,23000,0,0,0,23000,0,23000,23000
06138P,台積電中信99售01,0,0,0,0,0,0,0,0,0,23000,0,0,0,35000,12000,23000,23000
06139P,台積電中信99售02,0,0,0,0,0,0,0,0,0,23000,0,0,0,28000,5000,23000,23000
05731P,創意統一96售03  ,0,0,0,0,0,0,0,0,0,23000,0,0,0,38000,15000,23000,23000
055454,華邦電元富97購02,0,0,0,0,0,0,0,0,0,23000,0,0,0,32000,9000,23000,23000
055432,臻鼎群益97購02  ,0,0,0,0,0,0,0,0,0,23000,0,0,0,40000,17000,23000,23000
046827,漢唐群益93購02  ,0,0,0,0,0,0,0,0,0,23000,0,0,0,23000,0,23000,23000
042953,鴻海台新01購01  ,0,0,0,0,0,0,0,0,0,23000,0,0,0,24000,1000,23000,23000
044054,台積電元大92購08,0,0,0,0,0,0,0,0,0,23000,0,0,0,1223000,1200000,23000,23000
0057,富邦摩台        ,0,0,0,0,0,0,0,0,0,23000,0,0,0,33000,10000,23000,23000
03177P,國巨群益01售12  ,0,0,0,0,0,0,0,0,0,23000,0,0,0,23000,0,23000,23000
048869,光罩國票94購01  ,0,0,0,0,0,0,0,0,0,23000,0,0,0,23000,0,23000,23000
046310,聯發科元大92購15,0,0,0,0,0,0,0,0,0,23000,0,0,0,23000,0,23000,23000
045776,可成元大92購07  ,0,0,0,0,0,0,0,0,0,23000,0,0,0,23000,0,23000,23000
044774,嘉澤元大91購06  ,0,0,0,0,0,0,0,0,0,23000,0,0,0,23000,0,23000,23000
044752,台積電凱基91購23,0,0,0,0,0,0,0,0,0,23000,0,0,0,153000,130000,23000,23000
045967,日電貿凱基92購01,0,0,0,0,0,0,0,0,0,23000,0,0,0,23000,0,23000,23000
048471,旭富永豐93購01  ,0,0,0,0,0,0,0,0,0,23000,0,0,0,23000,0,23000,23000
049109,嘉澤富邦95購01  ,0,0,0,0,0,0,0,0,0,23000,0,0,0,23000,0,23000,23000
049255,旺宏元大97購02  ,0,0,0,0,0,0,0,0,0,23000,0,0,0,36000,13000,23000,23000
049497,茂林元大94購04  ,0,0,0,0,0,0,0,0,0,23000,0,0,0,24000,1000,23000,23000
050870,旭富永豐95購01  ,0,0,0,0,0,0,0,0,0,23000,0,0,0,23000,0,23000,23000
050890,南電富邦99購01  ,0,0,0,0,0,0,0,0,0,23000,0,0,0,25000,2000,23000,23000
050753,百和統一94購01  ,0,0,0,0,0,0,0,0,0,23000,0,0,0,30000,7000,23000,23000
047496,旺宏台新93購02  ,0,0,0,0,0,0,0,0,0,23000,0,0,0,33000,10000,23000,23000
048211,大立光日盛93購01,0,0,0,0,0,0,0,0,0,23000,0,0,0,23000,0,23000,23000
052983,國巨元大96購07  ,0,0,0,0,0,0,0,0,0,23000,0,0,0,38000,15000,23000,23000
053573,臺股指統一99購01,0,0,0,0,0,0,0,0,0,23000,0,0,0,26000,3000,23000,23000
053569,漢唐統一98購01  ,0,0,0,0,0,0,0,0,0,23000,0,0,0,28000,5000,23000,23000
053733,華邦電中信98購01,0,0,0,0,0,0,0,0,0,23000,0,0,0,23000,0,23000,23000
051833,昇陽半元大96購01,0,0,0,0,0,0,0,0,0,23000,0,0,0,23000,0,23000,23000
05110P,上銀統一95售01  ,0,0,0,0,0,0,0,0,0,23000,0,0,0,389000,366000,23000,23000
6142,友勁            ,3000,0,3000,0,0,0,0,0,0,20000,20000,0,20000,0,0,0,23000
8101,華冠            ,90000,67000,23000,0,0,0,0,0,0,0,0,0,0,0,0,0,23000
4560,強信-KY         ,40000,17000,23000,0,0,0,0,0,0,0,0,0,0,0,0,0,23000
055326,緯穎國票97購06  ,0,0,0,0,0,0,0,0,0,22000,0,0,0,22000,0,22000,22000
055698,茂林國票98購03  ,0,0,0,0,0,0,0,0,0,22000,0,0,0,25000,3000,22000,22000
055711,上銀元大97購04  ,0,0,0,0,0,0,0,0,0,22000,0,0,0,170000,148000,22000,22000
05767P,國巨凱基96售11  ,0,0,0,0,0,0,0,0,0,22000,0,0,0,624000,602000,22000,22000
05926P,智易永豐96售02  ,0,0,0,0,0,0,0,0,0,22000,0,0,0,22000,0,22000,22000
06011P,貿聯元富96售04  ,0,0,0,0,0,0,0,0,0,22000,0,0,0,50000,28000,22000,22000
06122P,亞光元大98售01  ,0,0,0,0,0,0,0,0,0,22000,0,0,0,40000,18000,22000,22000
06058P,玉晶光凱基97售04,0,0,0,0,0,0,0,0,0,22000,0,0,0,22000,0,22000,22000
06208P,台郡凱基97售03  ,0,0,0,0,0,0,0,0,0,22000,0,0,0,90000,68000,22000,22000
054582,致新元大97購01  ,0,0,0,0,0,0,0,0,0,22000,0,0,0,22000,0,22000,22000
05465P,台表科永豐95售03,0,0,0,0,0,0,0,0,0,22000,0,0,0,22000,0,22000,22000
05454P,奇鋐群益95售04  ,0,0,0,0,0,0,0,0,0,22000,0,0,0,43000,21000,22000,22000
054098,嘉晶國票97購04  ,0,0,0,0,0,0,0,0,0,22000,0,0,0,22000,0,22000,22000
04475P,欣興元大94售03  ,0,0,0,0,0,0,0,0,0,22000,0,0,0,42000,20000,22000,22000
044761,嘉澤凱基91購07  ,0,0,0,0,0,0,0,0,0,22000,0,0,0,22000,0,22000,22000
046269,禾伸堂凱基92購03,0,0,0,0,0,0,0,0,0,22000,0,0,0,22000,0,22000,22000
044943,旺宏群益93購03  ,0,0,0,0,0,0,0,0,0,22000,0,0,0,22000,0,22000,22000
048851,台達電群益94購01,0,0,0,0,0,0,0,0,0,22000,0,0,0,35000,13000,22000,22000
043442,大立光台新01購01,0,0,0,0,0,0,0,0,0,22000,0,0,0,22000,0,22000,22000
045543,百和群益94購01  ,0,0,0,0,0,0,0,0,0,22000,0,0,0,22000,0,22000,22000
045677,聯發科元大92購10,0,0,0,0,0,0,0,0,0,22000,0,0,0,22000,0,22000,22000
047519,台達電元大93購02,0,0,0,0,0,0,0,0,0,22000,0,0,0,22000,0,22000,22000
047714,禾伸堂凱基93購03,0,0,0,0,0,0,0,0,0,22000,0,0,0,22000,0,22000,22000
047171,聯發科永豐93購01,0,0,0,0,0,0,0,0,0,22000,0,0,0,22000,0,22000,22000
049773,臺股指元富94購02,0,0,0,0,0,0,0,0,0,22000,0,0,0,61000,39000,22000,22000
050192,康控元大97購01  ,0,0,0,0,0,0,0,0,0,22000,0,0,0,45000,23000,22000,22000
049090,茂林凱基94購01  ,0,0,0,0,0,0,0,0,0,22000,0,0,0,22000,0,22000,22000
049134,為升元大95購01  ,0,0,0,0,0,0,0,0,0,22000,0,0,0,109000,87000,22000,22000
049379,智原元大95購01  ,0,0,0,0,0,0,0,0,0,22000,0,0,0,30000,8000,22000,22000
048968,可成元大94購02  ,0,0,0,0,0,0,0,0,0,22000,0,0,0,23000,1000,22000,22000
051560,玉晶光國泰97購03,0,0,0,0,0,0,0,0,0,22000,0,0,0,22000,0,22000,22000
051937,廣達群益95購01  ,0,0,0,0,0,0,0,0,0,22000,0,0,0,22000,0,22000,22000
052197,台郡元富95購03  ,0,0,0,0,0,0,0,0,0,22000,0,0,0,22000,0,22000,22000
053837,貿聯永豐96購02  ,0,0,0,0,0,0,0,0,0,22000,0,0,0,22000,0,22000,22000
053528,南電中信9A購01  ,0,0,0,0,0,0,0,0,0,22000,0,0,0,22000,0,22000,22000
053406,國巨兆豐96購02  ,0,0,0,0,0,0,0,0,0,22000,0,0,0,32000,10000,22000,22000
2707,晶華            ,39000,21000,18000,0,0,0,0,1000,-1000,5000,3000,10000,-7000,12000,0,12000,22000
2537,聯上發          ,100000,73000,27000,0,0,0,0,0,0,-5000,0,5000,-5000,0,0,0,22000
5269,祥碩            ,458000,325000,133000,0,0,0,14750,108000,-93250,-18000,25000,13000,12000,3000,33000,-30000,21750
05415P,台積電台新95售04,0,0,0,0,0,0,0,0,0,21000,0,0,0,21000,0,21000,21000
053979,健策元大98購01  ,0,0,0,0,0,0,0,0,0,21000,0,0,0,213000,192000,21000,21000
054371,台積電中信9C購01,0,0,0,0,0,0,0,0,0,21000,0,0,0,174000,153000,21000,21000
054379,光磊群益98購01  ,0,0,0,0,0,0,0,0,0,21000,0,0,0,21000,0,21000,21000
054351,華新科國泰97購03,0,0,0,0,0,0,0,0,0,21000,0,0,0,65000,44000,21000,21000
054714,和鑫台新98購01  ,0,0,0,0,0,0,0,0,0,21000,0,0,0,48000,27000,21000,21000
054953,華新科元大97購05,0,0,0,0,0,0,0,0,0,21000,0,0,0,21000,0,21000,21000
055158,亞光元大99購01  ,0,0,0,0,0,0,0,0,0,21000,0,0,0,31000,10000,21000,21000
05970P,超眾永豐96售03  ,0,0,0,0,0,0,0,0,0,21000,0,0,0,21000,0,21000,21000
05631P,國巨富邦9A售01  ,0,0,0,0,0,0,0,0,0,21000,0,0,0,21000,0,21000,21000
044134,訊芯凱基93購01  ,0,0,0,0,0,0,0,0,0,21000,0,0,0,21000,0,21000,21000
044165,聯發科元大92購04,0,0,0,0,0,0,0,0,0,21000,0,0,0,21000,0,21000,21000
04366P,全新元富95售01  ,0,0,0,0,0,0,0,0,0,21000,0,0,0,21000,0,21000,21000
043524,亞光元大92購01  ,0,0,0,0,0,0,0,0,0,21000,0,0,0,21000,0,21000,21000
044029,國巨群益92購02  ,0,0,0,0,0,0,0,0,0,21000,0,0,0,21000,0,21000,21000
043231,鴻海中信95購01  ,0,0,0,0,0,0,0,0,0,21000,0,0,0,26000,5000,21000,21000
00652,富邦印度        ,24000,0,24000,0,0,0,0,0,0,-3000,0,0,0,8000,11000,-3000,21000
045285,禾伸堂永豐92購01,0,0,0,0,0,0,0,0,0,21000,0,0,0,21000,0,21000,21000
045046,冠德凱基92購01  ,0,0,0,0,0,0,0,0,0,21000,0,0,0,21000,0,21000,21000
045137,鴻海兆豐92購02  ,0,0,0,0,0,0,0,0,0,21000,0,0,0,21000,0,21000,21000
046515,嘉澤元大92購04  ,0,0,0,0,0,0,0,0,0,21000,0,0,0,21000,0,21000,21000
046456,聯發科凱基92購08,0,0,0,0,0,0,0,0,0,21000,0,0,0,21000,0,21000,21000
048447,美律凱基93購06  ,0,0,0,0,0,0,0,0,0,21000,0,0,0,21000,0,21000,21000
048989,矽格元大94購02  ,0,0,0,0,0,0,0,0,0,21000,0,0,0,60000,39000,21000,21000
048788,華新科元大95購02,0,0,0,0,0,0,0,0,0,21000,0,0,0,24000,3000,21000,21000
049245,和鑫元富95購01  ,0,0,0,0,0,0,0,0,0,21000,0,0,0,21000,0,21000,21000
050112,高鐵元大94購02  ,0,0,0,0,0,0,0,0,0,21000,0,0,0,28000,7000,21000,21000
049343,華新科統一94購03,0,0,0,0,0,0,0,0,0,21000,0,0,0,21000,0,21000,21000
049571,華固統一94購02  ,0,0,0,0,0,0,0,0,0,21000,0,0,0,21000,0,21000,21000
049554,禾伸堂富邦96購01,0,0,0,0,0,0,0,0,0,21000,0,0,0,21000,0,21000,21000
048291,台積電群益93購09,0,0,0,0,0,0,0,0,0,21000,0,0,0,107000,86000,21000,21000
048408,正文群益93購01  ,0,0,0,0,0,0,0,0,0,21000,0,0,0,21000,0,21000,21000
050857,義隆台新95購01  ,0,0,0,0,0,0,0,0,0,21000,0,0,0,21000,0,21000,21000
047357,欣興麥證93購01  ,0,0,0,211000,190000,21000,0,0,0,21000,0,0,0,211000,190000,21000,21000
047364,欣興群益93購04  ,0,0,0,0,0,0,0,0,0,21000,0,0,0,21000,0,21000,21000
053003,國巨永豐96購02  ,0,0,0,0,0,0,0,0,0,21000,0,0,0,31000,10000,21000,21000
051935,味全群益95購01  ,0,0,0,0,0,0,0,0,0,21000,0,0,0,21000,0,21000,21000
051823,矽力元富95購02  ,0,0,0,0,0,0,0,0,0,21000,0,0,0,21000,0,21000,21000
051649,中磊永豐95購02  ,0,0,0,0,0,0,0,0,0,21000,0,0,0,64000,43000,21000,21000
051383,京鼎群益96購02  ,0,0,0,0,0,0,0,0,0,21000,0,0,0,162000,141000,21000,21000
2887E,台新戊特        ,0,0,0,0,0,0,0,0,0,21000,21000,0,21000,0,0,0,21000
2109,華豐            ,21000,0,21000,0,0,0,0,0,0,0,0,0,0,0,0,0,21000
6715,嘉基            ,60000,13000,47000,0,0,0,0,0,0,-26000,5000,31000,-26000,0,0,0,21000
06017P,亞光凱基96售04  ,0,0,0,0,0,0,0,0,0,20000,0,0,0,20000,0,20000,20000
05896P,宏達電群益96售03,0,0,0,0,0,0,0,0,0,20000,0,0,0,20000,0,20000,20000
06171P,台積電統一97售06,0,0,0,0,0,0,0,0,0,20000,0,0,0,20000,0,20000,20000
06097P,茂林永豐97售01  ,0,0,0,0,0,0,0,0,0,20000,0,0,0,140000,120000,20000,20000
06120P,大立光凱基98售05,0,0,0,0,0,0,0,0,0,20000,0,0,0,20000,0,20000,20000
055721,聯詠元大97購04  ,0,0,0,0,0,0,0,0,0,20000,0,0,0,30000,10000,20000,20000
055745,臻鼎元富97購01  ,0,0,0,0,0,0,0,0,0,20000,0,0,0,20000,0,20000,20000
05582P,群創凱基98售06  ,0,0,0,0,0,0,0,0,0,20000,0,0,0,20000,0,20000,20000
055288,日電貿元大97購02,0,0,0,0,0,0,0,0,0,20000,0,0,0,45000,25000,20000,20000
055212,和大凱基97購02  ,0,0,0,0,0,0,0,0,0,20000,0,0,0,47000,27000,20000,20000
055116,康控凱基98購01  ,0,0,0,0,0,0,0,0,0,20000,0,0,0,20000,0,20000,20000
055117,臻鼎凱基98購02  ,0,0,0,0,0,0,0,0,0,20000,0,0,0,20000,0,20000,20000
055064,碩天永豐97購01  ,0,0,0,0,0,0,0,0,0,20000,0,0,0,20000,0,20000,20000
055089,金寶群益98購01  ,0,0,0,0,0,0,0,0,0,20000,0,0,0,141000,121000,20000,20000
05507P,聯茂凱基96售02  ,0,0,0,0,0,0,0,0,0,20000,0,0,0,20000,0,20000,20000
055083,康友中信97購01  ,0,0,0,0,0,0,0,0,0,20000,0,0,0,20000,0,20000,20000
055096,緯穎群益97購01  ,0,0,0,0,0,0,0,0,0,20000,0,0,0,93000,73000,20000,20000
054999,玉晶光元富97購03,0,0,0,0,0,0,0,0,0,20000,0,0,0,20000,0,20000,20000
054986,藍天元富97購01  ,0,0,0,0,0,0,0,0,0,20000,0,0,0,30000,10000,20000,20000
054984,華泰元富97購01  ,0,0,0,0,0,0,0,0,0,20000,0,0,0,105000,85000,20000,20000
054595,正崴麥證97購01  ,0,0,0,20000,0,20000,0,0,0,20000,0,0,0,20000,0,20000,20000
054821,貿聯元大9A購01  ,0,0,0,0,0,0,0,0,0,20000,0,0,0,20000,0,20000,20000
054884,友達統一99購01  ,0,0,0,0,0,0,0,0,0,20000,0,0,0,25000,5000,20000,20000
054356,可成兆豐97購01  ,0,0,0,0,0,0,0,0,0,20000,0,0,0,20000,0,20000,20000
054005,旺宏統一97購04  ,0,0,0,0,0,0,0,0,0,20000,0,0,0,30000,10000,20000,20000
054028,臻鼎凱基96購03  ,0,0,0,0,0,0,0,0,0,20000,0,0,0,20000,0,20000,20000
054172,易華電凱基98購01,0,0,0,0,0,0,0,0,0,20000,0,0,0,20000,0,20000,20000
054078,鴻海中信98購01  ,0,0,0,0,0,0,0,0,0,20000,0,0,0,20000,0,20000,20000
054055,全新國票99購02  ,0,0,0,0,0,0,0,0,0,20000,0,0,0,20000,0,20000,20000
046997,國巨國泰95購01  ,0,0,0,0,0,0,0,0,0,20000,0,0,0,20000,0,20000,20000
047005,南亞科統一93購03,0,0,0,0,0,0,0,0,0,20000,0,0,0,20000,0,20000,20000
04671P,華通統一94售01  ,0,0,0,0,0,0,0,0,0,20000,0,0,0,20000,0,20000,20000
046725,可成元大93購02  ,0,0,0,0,0,0,0,0,0,20000,0,0,0,20000,0,20000,20000
046551,聯發科麥證92購02,0,0,0,20000,0,20000,0,0,0,20000,0,0,0,20000,0,20000,20000
04626P,聯發科元大94售07,0,0,0,0,0,0,0,0,0,20000,0,0,0,30000,10000,20000,20000
044957,貿聯凱基92購01  ,0,0,0,0,0,0,0,0,0,20000,0,0,0,20000,0,20000,20000
046287,禾伸堂兆豐92購01,0,0,0,0,0,0,0,0,0,20000,0,0,0,20000,0,20000,20000
044792,康友群益93購01  ,0,0,0,0,0,0,0,0,0,20000,0,0,0,20000,0,20000,20000
044799,華邦電凱基93購01,0,0,0,0,0,0,0,0,0,20000,0,0,0,20000,0,20000,20000
044882,聯詠群益91購01  ,0,0,0,0,0,0,0,0,0,20000,0,0,0,20000,0,20000,20000
045970,日月光凱基92購02,0,0,0,0,0,0,0,0,0,20000,0,0,0,20000,0,20000,20000
046004,群創統一93購02  ,0,0,0,0,0,0,0,0,0,20000,0,0,0,20000,0,20000,20000
04471P,華通元大95售03  ,0,0,0,0,0,0,0,0,0,20000,0,0,0,20000,0,20000,20000
045153,大立光凱基93購04,0,0,0,0,0,0,0,0,0,20000,0,0,0,20000,0,20000,20000
045175,康控國票92購01  ,0,0,0,0,0,0,0,0,0,20000,0,0,0,20000,0,20000,20000
045247,遠東新凱基92購01,0,0,0,0,0,0,0,0,0,20000,0,0,0,20000,0,20000,20000
046110,中環元大92購01  ,0,0,0,0,0,0,0,0,0,20000,0,0,0,20000,0,20000,20000
046072,台勝科凱基92購03,0,0,0,0,0,0,0,0,0,20000,0,0,0,28000,8000,20000,20000
045297,台積電元大93購04,0,0,0,0,0,0,0,0,0,20000,0,0,0,20000,0,20000,20000
04536P,長榮航統一94售01,0,0,0,0,0,0,0,0,0,20000,0,0,0,20000,0,20000,20000
046185,正崴凱基93購02  ,0,0,0,0,0,0,0,0,0,20000,0,0,0,20000,0,20000,20000
048825,華新科凱基94購05,0,0,0,0,0,0,0,0,0,20000,0,0,0,20000,0,20000,20000
048871,晶豪科國票94購01,0,0,0,0,0,0,0,0,0,20000,0,0,0,23000,3000,20000,20000
048655,A50正2元富96購01,0,0,0,0,0,0,0,0,0,20000,0,0,0,20000,0,20000,20000
048671,大立光永豐93購04,0,0,0,0,0,0,0,0,0,20000,0,0,0,20000,0,20000,20000
00641R,富邦日本反1     ,3000,0,3000,0,0,0,0,0,0,17000,0,0,0,155000,138000,17000,20000
00690,兆豐藍籌30      ,0,0,0,0,0,0,0,0,0,20000,0,0,0,176000,156000,20000,20000
00702,國泰標普低波高息,0,0,0,0,0,0,0,0,0,20000,0,0,0,24000,4000,20000,20000
00766L,台新MSCI中國正2 ,0,0,0,0,0,0,0,0,0,20000,0,0,0,240000,220000,20000,20000
03953P,易華電凱基94售01,0,0,0,0,0,0,0,0,0,20000,0,0,0,20000,0,20000,20000
03349P,台灣50麥證02售04,0,0,0,0,0,0,0,0,0,20000,0,0,0,20000,0,20000,20000
03298P,台積電統一03售15,0,0,0,0,0,0,0,0,0,20000,0,0,0,20000,0,20000,20000
041413,滬深2X群益91購01,0,0,0,0,0,0,0,0,0,20000,0,0,0,20000,0,20000,20000
04120P,智邦凱基93售09  ,0,0,0,0,0,0,0,0,0,20000,0,0,0,20000,0,20000,20000
04074P,臺股指凱基93售10,0,0,0,0,0,0,0,0,0,20000,0,0,0,20000,0,20000,20000
03716P,大成鋼永豐93售01,0,0,0,0,0,0,0,0,0,20000,0,0,0,30000,10000,20000,20000
03702P,中磊元大93售02  ,0,0,0,0,0,0,0,0,0,20000,0,0,0,20000,0,20000,20000
03912P,臺股指元大93售36,0,0,0,0,0,0,0,0,0,20000,0,0,0,20000,0,20000,20000
044517,新日興凱基91購01,0,0,0,0,0,0,0,0,0,20000,0,0,0,187000,167000,20000,20000
044500,超眾元大92購03  ,0,0,0,0,0,0,0,0,0,20000,0,0,0,20000,0,20000,20000
044326,大立光元富91購03,0,0,0,0,0,0,0,0,0,20000,0,0,0,20000,0,20000,20000
044327,大立光元富91購04,0,0,0,0,0,0,0,0,0,20000,0,0,0,20000,0,20000,20000
044307,GIS兆豐93購01   ,0,0,0,0,0,0,0,0,0,20000,0,0,0,20000,0,20000,20000
044634,致新元大91購03  ,0,0,0,0,0,0,0,0,0,20000,0,0,0,20000,0,20000,20000
042642,創意麥證91購01  ,0,0,0,20000,0,20000,0,0,0,20000,0,0,0,20000,0,20000,20000
044519,嘉澤凱基91購06  ,0,0,0,0,0,0,0,0,0,20000,0,0,0,20000,0,20000,20000
043912,華新科凱基93購01,0,0,0,0,0,0,0,0,0,20000,0,0,0,20000,0,20000,20000
043523,奇鋐元大93購01  ,0,0,0,0,0,0,0,0,0,20000,0,0,0,20000,0,20000,20000
043469,宏達電元大92購02,0,0,0,0,0,0,0,0,0,20000,0,0,0,20000,0,20000,20000
044164,京元電元大92購01,0,0,0,0,0,0,0,0,0,20000,0,0,0,20000,0,20000,20000
045644,祥碩凱基92購01  ,0,0,0,0,0,0,0,0,0,20000,0,0,0,20000,0,20000,20000
046764,亞光凱基93購03  ,0,0,0,0,0,0,0,0,0,20000,0,0,0,20000,0,20000,20000
046803,可成元大93購03  ,0,0,0,0,0,0,0,0,0,20000,0,0,0,20000,0,20000,20000
046894,日月光群益93購01,0,0,0,0,0,0,0,0,0,20000,0,0,0,20000,0,20000,20000
046838,勤誠群益93購01  ,0,0,0,0,0,0,0,0,0,20000,0,0,0,20000,0,20000,20000
050248,臻鼎凱基94購03  ,0,0,0,0,0,0,0,0,0,20000,0,0,0,20000,0,20000,20000
050392,群創統一96購01  ,0,0,0,0,0,0,0,0,0,20000,0,0,0,20000,0,20000,20000
050829,臻鼎凱基96購01  ,0,0,0,0,0,0,0,0,0,20000,0,0,0,20000,0,20000,20000
050787,致伸國泰96購01  ,0,0,0,0,0,0,0,0,0,20000,0,0,0,20000,0,20000,20000
050590,晶技永豐95購01  ,0,0,0,0,0,0,0,0,0,20000,0,0,0,20000,0,20000,20000
050672,上証2X富邦97購01,0,0,0,0,0,0,0,0,0,20000,0,0,0,20000,0,20000,20000
048358,嘉晶永豐93購03  ,0,0,0,0,0,0,0,0,0,20000,0,0,0,20000,0,20000,20000
048296,康控群益93購03  ,0,0,0,0,0,0,0,0,0,20000,0,0,0,20000,0,20000,20000
047181,智邦元大93購06  ,0,0,0,0,0,0,0,0,0,20000,0,0,0,60000,40000,20000,20000
047396,力成元大93購01  ,0,0,0,0,0,0,0,0,0,20000,0,0,0,20000,0,20000,20000
04831P,聯詠富邦96售01  ,0,0,0,0,0,0,0,0,0,20000,0,0,0,20000,0,20000,20000
048320,聯詠凱基93購08  ,0,0,0,0,0,0,0,0,0,20000,0,0,0,20000,0,20000,20000
047729,聯茂群益93購02  ,0,0,0,0,0,0,0,0,0,20000,0,0,0,20000,0,20000,20000
047711,華新科凱基94購03,0,0,0,0,0,0,0,0,0,20000,0,0,0,20000,0,20000,20000
047674,群創元富96購02  ,0,0,0,0,0,0,0,0,0,20000,0,0,0,20000,0,20000,20000
047646,貿聯元大94購01  ,0,0,0,0,0,0,0,0,0,20000,0,0,0,20000,0,20000,20000
048185,台郡群益93購04  ,0,0,0,0,0,0,0,0,0,20000,0,0,0,20000,0,20000,20000
047115,可成元大93購06  ,0,0,0,0,0,0,0,0,0,20000,0,0,0,213000,193000,20000,20000
048145,大立光統一93購10,0,0,0,0,0,0,0,0,0,20000,0,0,0,20000,0,20000,20000
049572,華固統一94購03  ,0,0,0,0,0,0,0,0,0,20000,0,0,0,20000,0,20000,20000
049528,台積電中信94購01,0,0,0,0,0,0,0,0,0,20000,0,0,0,20000,0,20000,20000
049530,上銀台新94購01  ,0,0,0,0,0,0,0,0,0,20000,0,0,0,20000,0,20000,20000
049696,欣興元大95購02  ,0,0,0,0,0,0,0,0,0,20000,0,0,0,21000,1000,20000,20000
049338,台達電統一94購04,0,0,0,0,0,0,0,0,0,20000,0,0,0,30000,10000,20000,20000
049887,嘉聯益永昌95購01,0,0,0,0,0,0,0,0,0,20000,0,0,0,20000,0,20000,20000
049783,元油2X兆豐95購01,0,0,0,0,0,0,0,0,0,20000,0,0,0,20000,0,20000,20000
049822,大成鋼凱基94購04,0,0,0,0,0,0,0,0,0,20000,0,0,0,20000,0,20000,20000
049969,泰鼎國票95購01  ,0,0,0,0,0,0,0,0,0,20000,0,0,0,20000,0,20000,20000
049996,元油2X永豐94購05,0,0,0,0,0,0,0,0,0,20000,0,0,0,20000,0,20000,20000
050045,祥碩兆豐94購01  ,0,0,0,0,0,0,0,0,0,20000,0,0,0,21000,1000,20000,20000
047079,GIS兆豐94購01   ,0,0,0,0,0,0,0,0,0,20000,0,0,0,26000,6000,20000,20000
047080,仁寶康和93購01  ,0,0,0,0,0,0,0,0,0,20000,0,0,0,20000,0,20000,20000
049240,華通元富94購01  ,0,0,0,0,0,0,0,0,0,20000,0,0,0,115000,95000,20000,20000
049238,元油2X元富96購08,0,0,0,0,0,0,0,0,0,20000,0,0,0,20000,0,20000,20000
047799,技嘉兆豐93購01  ,0,0,0,0,0,0,0,0,0,20000,0,0,0,20000,0,20000,20000
047879,台積電中信93購04,0,0,0,0,0,0,0,0,0,20000,0,0,0,20000,0,20000,20000
047882,超眾國泰94購01  ,0,0,0,0,0,0,0,0,0,20000,0,0,0,30000,10000,20000,20000
049096,南茂凱基94購01  ,0,0,0,0,0,0,0,0,0,20000,0,0,0,20000,0,20000,20000
049178,宏達電凱基94購02,0,0,0,0,0,0,0,0,0,20000,0,0,0,70000,50000,20000,20000
047972,康控富邦95購01  ,0,0,0,0,0,0,0,0,0,20000,0,0,0,20000,0,20000,20000
048028,聯發科凱基93購25,0,0,0,0,0,0,0,0,0,20000,0,0,0,39000,19000,20000,20000
049493,可成元大94購05  ,0,0,0,0,0,0,0,0,0,20000,0,0,0,20000,0,20000,20000
048482,柏文中信94購01  ,0,0,0,0,0,0,0,0,0,20000,0,0,0,20000,0,20000,20000
047893,嘉聯益兆豐94購01,0,0,0,0,0,0,0,0,0,20000,0,0,0,62000,42000,20000,20000
05160P,國巨國票96售03  ,0,0,0,0,0,0,0,0,0,20000,0,0,0,20000,0,20000,20000
051620,可成凱基95購10  ,0,0,0,0,0,0,0,0,0,20000,0,0,0,20000,0,20000,20000
051491,貿聯凱基95購01  ,0,0,0,0,0,0,0,0,0,20000,0,0,0,40000,20000,20000,20000
051053,台光電群益95購01,0,0,0,0,0,0,0,0,0,20000,0,0,0,139000,119000,20000,20000
050974,大成鋼統一95購01,0,0,0,0,0,0,0,0,0,20000,0,0,0,32000,12000,20000,20000
051175,國巨凱基95購04  ,0,0,0,0,0,0,0,0,0,20000,0,0,0,58000,38000,20000,20000
051217,聯發科元富95購01,0,0,0,0,0,0,0,0,0,20000,0,0,0,20000,0,20000,20000
051278,臻鼎中信97購02  ,0,0,0,0,0,0,0,0,0,20000,0,0,0,50000,30000,20000,20000
05126P,牧德群益95售01  ,0,0,0,0,0,0,0,0,0,20000,0,0,0,20000,0,20000,20000
051258,鈺齊國泰97購01  ,0,0,0,0,0,0,0,0,0,20000,0,0,0,30000,10000,20000,20000
051850,臻鼎中信96購01  ,0,0,0,0,0,0,0,0,0,20000,0,0,0,20000,0,20000,20000
051872,矽力凱基96購01  ,0,0,0,0,0,0,0,0,0,20000,0,0,0,20000,0,20000,20000
051959,台郡台新95購03  ,0,0,0,0,0,0,0,0,0,20000,0,0,0,20000,0,20000,20000
05194P,玉晶光康和95售01,0,0,0,0,0,0,0,0,0,20000,0,0,0,20000,0,20000,20000
051998,昇陽半元大96購02,0,0,0,0,0,0,0,0,0,20000,0,0,0,20000,0,20000,20000
052009,群創第一95購01  ,0,0,0,0,0,0,0,0,0,20000,0,0,0,20000,0,20000,20000
052010,兆豐金中信95購01,0,0,0,0,0,0,0,0,0,20000,0,0,0,20000,0,20000,20000
05203P,華新科元大95售10,0,0,0,0,0,0,0,0,0,20000,0,0,0,20000,0,20000,20000
05223P,臻鼎凱基95售02  ,0,0,0,0,0,0,0,0,0,20000,0,0,0,20000,0,20000,20000
052332,美律亞東96購01  ,0,0,0,0,0,0,0,0,0,20000,0,0,0,20000,0,20000,20000
052975,嘉聯益群益96購01,0,0,0,0,0,0,0,0,0,20000,0,0,0,50000,30000,20000,20000
052924,旺宏永豐96購01  ,0,0,0,0,0,0,0,0,0,20000,0,0,0,20000,0,20000,20000
053077,同欣電永豐96購01,0,0,0,0,0,0,0,0,0,20000,0,0,0,20000,0,20000,20000
052512,全新凱基96購03  ,0,0,0,0,0,0,0,0,0,20000,0,0,0,60000,40000,20000,20000
052738,聯電元大98購02  ,0,0,0,0,0,0,0,0,0,20000,0,0,0,20000,0,20000,20000
052799,上銀元大96購01  ,0,0,0,0,0,0,0,0,0,20000,0,0,0,61000,41000,20000,20000
052801,友達元大9A購01  ,0,0,0,0,0,0,0,0,0,20000,0,0,0,51000,31000,20000,20000
053358,晶技統一98購01  ,0,0,0,0,0,0,0,0,0,20000,0,0,0,20000,0,20000,20000
053232,友達永豐97購02  ,0,0,0,0,0,0,0,0,0,20000,0,0,0,20000,0,20000,20000
053274,旺宏元大98購03  ,0,0,0,0,0,0,0,0,0,20000,0,0,0,143000,123000,20000,20000
053843,訊芯統一96購01  ,0,0,0,0,0,0,0,0,0,20000,0,0,0,20000,0,20000,20000
053826,光磊麥證97購01  ,0,0,0,30000,10000,20000,0,0,0,20000,0,0,0,30000,10000,20000,20000
053673,超眾元富96購03  ,0,0,0,0,0,0,0,0,0,20000,0,0,0,20000,0,20000,20000
6197,佳必琪          ,41000,17000,24000,0,0,0,0,0,0,-4000,0,4000,-4000,0,0,0,20000
6477,安集            ,26000,6000,20000,0,0,0,0,0,0,0,0,0,0,0,0,0,20000
054311,世芯凱基96購02  ,0,0,0,0,0,0,0,0,0,19000,0,0,0,26000,7000,19000,19000
054254,晶豪科元大96購02,0,0,0,0,0,0,0,0,0,19000,0,0,0,161000,142000,19000,19000
054804,南亞元大9A購01  ,0,0,0,0,0,0,0,0,0,19000,0,0,0,30000,11000,19000,19000
055292,聯鈞元大97購02  ,0,0,0,0,0,0,0,0,0,19000,0,0,0,45000,26000,19000,19000
055486,國巨元大98購06  ,0,0,0,0,0,0,0,0,0,19000,0,0,0,53000,34000,19000,19000
1217,愛之味          ,60000,33000,27000,0,0,0,0,0,0,-8000,0,8000,-8000,0,0,0,19000
05743P,創意元大96售01  ,0,0,0,0,0,0,0,0,0,19000,0,0,0,44000,25000,19000,19000
045511,同欣電凱基92購02,0,0,0,0,0,0,0,0,0,19000,0,0,0,19000,0,19000,19000
04353P,全新永豐94售01  ,0,0,0,0,0,0,0,0,0,19000,0,0,0,39000,20000,19000,19000
03960P,新日興元富96售02,0,0,0,0,0,0,0,0,0,19000,0,0,0,137000,118000,19000,19000
03945P,欣興群益94售01  ,0,0,0,0,0,0,0,0,0,19000,0,0,0,19000,0,19000,19000
00653L,富邦印度正2     ,0,1000,-1000,0,0,0,0,0,0,20000,0,0,0,24000,4000,20000,19000
046252,冠德群益92購01  ,0,0,0,0,0,0,0,0,0,19000,0,0,0,20000,1000,19000,19000
046105,同欣電永豐92購02,0,0,0,0,0,0,0,0,0,19000,0,0,0,19000,0,19000,19000
045248,儒鴻凱基92購01  ,0,0,0,0,0,0,0,0,0,19000,0,0,0,19000,0,19000,19000
045106,玉晶光群益95購01,0,0,0,0,0,0,0,0,0,19000,0,0,0,20000,1000,19000,19000
045880,超眾元富92購01  ,0,0,0,0,0,0,0,0,0,19000,0,0,0,30000,11000,19000,19000
046945,大毅元大93購01  ,0,0,0,0,0,0,0,0,0,19000,0,0,0,19000,0,19000,19000
046505,聯發科元大92購20,0,0,0,0,0,0,0,0,0,19000,0,0,0,19000,0,19000,19000
048437,義隆麥證93購01  ,0,0,0,69000,50000,19000,0,0,0,19000,0,0,0,69000,50000,19000,19000
047912,台郡麥證94購01  ,0,0,0,50000,31000,19000,0,0,0,19000,0,0,0,50000,31000,19000,19000
049894,嘉聯益富邦98購01,0,0,0,0,0,0,0,0,0,19000,0,0,0,19000,0,19000,19000
048032,可成凱基93購13  ,0,0,0,0,0,0,0,0,0,19000,0,0,0,19000,0,19000,19000
049117,矽格統一96購01  ,0,0,0,0,0,0,0,0,0,19000,0,0,0,49000,30000,19000,19000
049407,台積電日盛94購02,0,0,0,0,0,0,0,0,0,19000,0,0,0,19000,0,19000,19000
050185,和鑫元大95購02  ,0,0,0,0,0,0,0,0,0,19000,0,0,0,19000,0,19000,19000
049869,訊芯兆豐94購01  ,0,0,0,0,0,0,0,0,0,19000,0,0,0,29000,10000,19000,19000
047604,智原國泰95購01  ,0,0,0,0,0,0,0,0,0,19000,0,0,0,241000,222000,19000,19000
04835P,鴻海元大94售18  ,0,0,0,0,0,0,0,0,0,19000,0,0,0,49000,30000,19000,19000
050648,全新凱基96購01  ,0,0,0,0,0,0,0,0,0,19000,0,0,0,19000,0,19000,19000
050909,華夏中信95購01  ,0,0,0,0,0,0,0,0,0,19000,0,0,0,20000,1000,19000,19000
053661,嘉澤凱基97購01  ,0,0,0,0,0,0,0,0,0,19000,0,0,0,51000,32000,19000,19000
053583,漢唐元大96購03  ,0,0,0,0,0,0,0,0,0,19000,0,0,0,24000,5000,19000,19000
053558,訊芯凱基96購02  ,0,0,0,0,0,0,0,0,0,19000,0,0,0,41000,22000,19000,19000
053799,矽創中信9A購01  ,0,0,0,0,0,0,0,0,0,19000,0,0,0,30000,11000,19000,19000
053389,彩晶元大98購01  ,0,0,0,0,0,0,0,0,0,19000,0,0,0,20000,1000,19000,19000
052791,友達兆豐97購01  ,0,0,0,0,0,0,0,0,0,19000,0,0,0,160000,141000,19000,19000
053039,聯發科凱基96購11,0,0,0,0,0,0,0,0,0,19000,0,0,0,44000,25000,19000,19000
053169,貿聯群益97購01  ,0,0,0,0,0,0,0,0,0,19000,0,0,0,26000,7000,19000,19000
051142,臺股指永豐95購02,0,0,0,0,0,0,0,0,0,19000,0,0,0,104000,85000,19000,19000
051333,義隆永豐95購02  ,0,0,0,0,0,0,0,0,0,19000,0,0,0,40000,21000,19000,19000
051417,揚明光國票96購01,0,0,0,0,0,0,0,0,0,19000,0,0,0,19000,0,19000,19000
1773,勝一            ,21000,8000,13000,0,0,0,6000,0,6000,0,0,0,0,0,0,0,19000
05780P,台積電統一96售07,0,0,0,0,0,0,0,0,0,18000,0,0,0,273000,255000,18000,18000
05894P,友達群益98售02  ,0,0,0,0,0,0,0,0,0,18000,0,0,0,118000,100000,18000,18000
05887P,友達元富99售03  ,0,0,0,0,0,0,0,0,0,18000,0,0,0,20000,2000,18000,18000
06038P,國泰金台新96售01,0,0,0,0,0,0,0,0,0,18000,0,0,0,18000,0,18000,18000
1316,上曜            ,29000,11000,18000,0,0,0,0,0,0,0,0,0,0,0,0,0,18000
1337,再生-KY         ,28000,9000,19000,0,0,0,0,0,0,-1000,0,1000,-1000,0,0,0,18000
055746,同欣電元富97購01,0,0,0,0,0,0,0,0,0,18000,0,0,0,25000,7000,18000,18000
05621P,聯電中信96售01  ,0,0,0,0,0,0,0,0,0,18000,0,0,0,79000,61000,18000,18000
05563P,台積電元大97售07,0,0,0,0,0,0,0,0,0,18000,0,0,0,47000,29000,18000,18000
055621,國巨國泰98購03  ,0,0,0,0,0,0,0,0,0,18000,0,0,0,22000,4000,18000,18000
055579,健策統一9A購01  ,0,0,0,0,0,0,0,0,0,18000,0,0,0,18000,0,18000,18000
054802,高股息元大97購01,0,0,0,0,0,0,0,0,0,18000,0,0,0,23000,5000,18000,18000
054674,台光電台新97購01,0,0,0,0,0,0,0,0,0,18000,0,0,0,18000,0,18000,18000
054234,可成群益96購05  ,0,0,0,0,0,0,0,0,0,18000,0,0,0,18000,0,18000,18000
054125,元油反元大96購09,0,0,0,0,0,0,0,0,0,18000,0,0,0,18000,0,18000,18000
046482,超眾元富92購03  ,0,0,0,0,0,0,0,0,0,18000,0,0,0,28000,10000,18000,18000
046365,禾伸堂永豐92購02,0,0,0,0,0,0,0,0,0,18000,0,0,0,28000,10000,18000,18000
046228,神基元大92購01  ,0,0,0,0,0,0,0,0,0,18000,0,0,0,150000,132000,18000,18000
042040,大立光群益93購01,0,0,0,0,0,0,0,0,0,18000,0,0,0,18000,0,18000,18000
045650,超眾凱基93購05  ,0,0,0,0,0,0,0,0,0,18000,0,0,0,18000,0,18000,18000
050513,亞泥元大94購02  ,0,0,0,0,0,0,0,0,0,18000,0,0,0,68000,50000,18000,18000
048350,世紀鋼元大95購01,0,0,0,0,0,0,0,0,0,18000,0,0,0,18000,0,18000,18000
047271,華通永豐93購01  ,0,0,0,0,0,0,0,0,0,18000,0,0,0,18000,0,18000,18000
049307,上銀凱基94購03  ,0,0,0,0,0,0,0,0,0,18000,0,0,0,18000,0,18000,18000
047135,可成凱基93購05  ,0,0,0,0,0,0,0,0,0,18000,0,0,0,238000,220000,18000,18000
048281,矽力永豐93購02  ,0,0,0,0,0,0,0,0,0,18000,0,0,0,43000,25000,18000,18000
04819P,嘉澤永豐94售01  ,0,0,0,0,0,0,0,0,0,18000,0,0,0,18000,0,18000,18000
049857,緯穎群益94購03  ,0,0,0,0,0,0,0,0,0,18000,0,0,0,77000,59000,18000,18000
04925P,和碩元大94售03  ,0,0,0,0,0,0,0,0,0,18000,0,0,0,18000,0,18000,18000
04801P,矽力元大94售02  ,0,0,0,0,0,0,0,0,0,18000,0,0,0,20000,2000,18000,18000
047947,欣興統一93購04  ,0,0,0,0,0,0,0,0,0,18000,0,0,0,18000,0,18000,18000
048502,百和元大93購01  ,0,0,0,0,0,0,0,0,0,18000,0,0,0,20000,2000,18000,18000
052185,奇力新群益95購03,0,0,0,0,0,0,0,0,0,18000,0,0,0,18000,0,18000,18000
052124,京鼎國票95購01  ,0,0,0,0,0,0,0,0,0,18000,0,0,0,36000,18000,18000,18000
053035,台表科兆豐97購01,0,0,0,0,0,0,0,0,0,18000,0,0,0,18000,0,18000,18000
053008,達方永豐96購01  ,0,0,0,0,0,0,0,0,0,18000,0,0,0,22000,4000,18000,18000
052831,華固群益96購01  ,0,0,0,0,0,0,0,0,0,18000,0,0,0,39000,21000,18000,18000
052493,上証2X中信97購02,0,0,0,0,0,0,0,0,0,18000,0,0,0,20000,2000,18000,18000
053283,同欣電元大96購03,0,0,0,0,0,0,0,0,0,18000,0,0,0,49000,31000,18000,18000
053677,同欣電國泰97購01,0,0,0,0,0,0,0,0,0,18000,0,0,0,26000,8000,18000,18000
1907,永豐餘          ,29000,156000,-127000,0,0,0,145000,0,145000,0,0,0,0,0,0,0,18000
3149,正達            ,36000,18000,18000,0,0,0,0,0,0,0,0,0,0,0,0,0,18000
6449,鈺邦            ,40000,23000,17000,0,0,0,0,0,0,1000,2000,1000,1000,0,0,0,18000
6155,鈞寶            ,241000,219000,22000,0,0,0,0,0,0,-4000,0,4000,-4000,0,0,0,18000
6672,騰輝電子-KY     ,85000,65000,20000,0,0,0,0,0,0,-2000,0,2000,-2000,0,0,0,18000
9911,櫻花            ,181000,165000,16000,0,0,0,0,3000,-3000,5000,5000,0,5000,0,0,0,18000
054177,牧德台新97購01  ,0,0,0,0,0,0,0,0,0,17000,0,0,0,20000,3000,17000,17000
054192,國巨中信98購01  ,0,0,0,0,0,0,0,0,0,17000,0,0,0,57000,40000,17000,17000
053966,旺宏元大96購08  ,0,0,0,0,0,0,0,0,0,17000,0,0,0,213000,196000,17000,17000
053889,致茂群益97購01  ,0,0,0,0,0,0,0,0,0,17000,0,0,0,55000,38000,17000,17000
054245,鴻海元大96購23  ,0,0,0,0,0,0,0,0,0,17000,0,0,0,328000,311000,17000,17000
054697,凌華永豐97購01  ,0,0,0,0,0,0,0,0,0,17000,0,0,0,217000,200000,17000,17000
054647,禾伸堂群益99購01,0,0,0,0,0,0,0,0,0,17000,0,0,0,43000,26000,17000,17000
055046,上銀永豐97購01  ,0,0,0,0,0,0,0,0,0,17000,0,0,0,20000,3000,17000,17000
055025,華新科國泰98購02,0,0,0,0,0,0,0,0,0,17000,0,0,0,22000,5000,17000,17000
055695,大毅國票98購03  ,0,0,0,0,0,0,0,0,0,17000,0,0,0,48000,31000,17000,17000
055291,京鼎元大97購02  ,0,0,0,0,0,0,0,0,0,17000,0,0,0,160000,143000,17000,17000
05665P,台積電凱基96售08,0,0,0,0,0,0,0,0,0,17000,0,0,0,20000,3000,17000,17000
046800,儒鴻元大93購02  ,0,0,0,0,0,0,0,0,0,17000,0,0,0,18000,1000,17000,17000
042977,京元電凱基92購01,0,0,0,0,0,0,0,0,0,17000,0,0,0,17000,0,17000,17000
042918,矽格元大94購01  ,0,0,0,0,0,0,0,0,0,17000,0,0,0,36000,19000,17000,17000
043980,旺宏元大92購05  ,0,0,0,0,0,0,0,0,0,17000,0,0,0,17000,0,17000,17000
044678,南亞科凱基91購13,0,0,0,0,0,0,0,0,0,17000,0,0,0,17000,0,17000,17000
044518,京鼎凱基92購01  ,0,0,0,0,0,0,0,0,0,17000,0,0,0,46000,29000,17000,17000
035274,華新台新97購01  ,0,0,0,0,0,0,0,0,0,17000,0,0,0,17000,0,17000,17000
044941,鴻海群益93購01  ,0,0,0,0,0,0,0,0,0,17000,0,0,0,23000,6000,17000,17000
045774,義隆元大92購02  ,0,0,0,0,0,0,0,0,0,17000,0,0,0,17000,0,17000,17000
044857,玉晶光第一91購01,0,0,0,0,0,0,0,0,0,17000,0,0,0,18000,1000,17000,17000
049584,台積電元大96購04,0,0,0,0,0,0,0,0,0,17000,0,0,0,89000,72000,17000,17000
050026,友達元大96購01  ,0,0,0,0,0,0,0,0,0,17000,0,0,0,44000,27000,17000,17000
048165,嘉澤康和93購01  ,0,0,0,0,0,0,0,0,0,17000,0,0,0,17000,0,17000,17000
050199,南電元大94購09  ,0,0,0,0,0,0,0,0,0,17000,0,0,0,17000,0,17000,17000
050634,華新科群益96購01,0,0,0,0,0,0,0,0,0,17000,0,0,0,22000,5000,17000,17000
053857,宏達電富邦97購02,0,0,0,0,0,0,0,0,0,17000,0,0,0,36000,19000,17000,17000
052610,貿聯元大97購01  ,0,0,0,0,0,0,0,0,0,17000,0,0,0,17000,0,17000,17000
052816,上銀永豐96購01  ,0,0,0,0,0,0,0,0,0,17000,0,0,0,47000,30000,17000,17000
052778,智原國票97購01  ,0,0,0,0,0,0,0,0,0,17000,0,0,0,37000,20000,17000,17000
052813,T50正2永豐96購01,0,0,0,0,0,0,0,0,0,17000,0,0,0,50000,33000,17000,17000
052752,臺股指元大96購06,0,0,0,0,0,0,0,0,0,17000,0,0,0,28000,11000,17000,17000
052685,技嘉元大96購01  ,0,0,0,0,0,0,0,0,0,17000,0,0,0,101000,84000,17000,17000
052952,矽創國票97購02  ,0,0,0,0,0,0,0,0,0,17000,0,0,0,17000,0,17000,17000
051871,同欣電凱基95購02,0,0,0,0,0,0,0,0,0,17000,0,0,0,53000,36000,17000,17000
051223,台化群益95購01  ,0,0,0,0,0,0,0,0,0,17000,0,0,0,20000,3000,17000,17000
8070,長華*           ,5000,8000,-3000,0,0,0,21000,0,21000,-1000,0,1000,-1000,0,0,0,17000
8454,富邦媒          ,83000,66000,17000,0,0,0,0,0,0,0,0,0,0,0,0,0,17000
3055,蔚華科          ,19000,2000,17000,0,0,0,0,0,0,0,0,0,0,0,0,0,17000
4526,東台            ,17000,0,17000,0,0,0,0,0,0,0,0,0,0,0,0,0,17000
3563,牧德            ,114000,162000,-48000,0,0,0,104000,0,104000,-39000,26000,0,26000,11000,76000,-65000,17000
3014,聯陽            ,27000,17000,10000,0,0,0,10396,0,10396,-4000,0,4000,-4000,0,0,0,16396
06148P,台積電元大97售17,0,0,0,0,0,0,0,0,0,16000,0,0,0,16000,0,16000,16000
055384,緯穎元大98購02  ,0,0,0,0,0,0,0,0,0,16000,0,0,0,38000,22000,16000,16000
055421,玉晶光永豐98購04,0,0,0,0,0,0,0,0,0,16000,0,0,0,33000,17000,16000,16000
054903,億光康和97購02  ,0,0,0,0,0,0,0,0,0,16000,0,0,0,16000,0,16000,16000
054779,台塑群益98購01  ,0,0,0,0,0,0,0,0,0,16000,0,0,0,16000,0,16000,16000
054846,瑞昱兆豐97購01  ,0,0,0,0,0,0,0,0,0,16000,0,0,0,20000,4000,16000,16000
05436P,台積電群益95售07,0,0,0,0,0,0,0,0,0,16000,0,0,0,16000,0,16000,16000
054348,康控國票97購03  ,0,0,0,0,0,0,0,0,0,16000,0,0,0,16000,0,16000,16000
05452P,亞德客群益95售02,0,0,0,0,0,0,0,0,0,16000,0,0,0,16000,0,16000,16000
054516,國巨元大97購02  ,0,0,0,0,0,0,0,0,0,16000,0,0,0,17000,1000,16000,16000
054134,強茂元大96購01  ,0,0,0,0,0,0,0,0,0,16000,0,0,0,220000,204000,16000,16000
046021,台泥元大92購01  ,0,0,0,0,0,0,0,0,0,16000,0,0,0,16000,0,16000,16000
045820,京元電凱基92購04,0,0,0,0,0,0,0,0,0,16000,0,0,0,16000,0,16000,16000
046580,正崴元大92購01  ,0,0,0,0,0,0,0,0,0,16000,0,0,0,16000,0,16000,16000
046961,大立光中信95購02,0,0,0,0,0,0,0,0,0,16000,0,0,0,28000,12000,16000,16000
046499,技嘉元大92購02  ,0,0,0,0,0,0,0,0,0,16000,0,0,0,124000,108000,16000,16000
04617P,臺股指群益95售03,0,0,0,0,0,0,0,0,0,16000,0,0,0,16000,0,16000,16000
046826,統一群益94購01  ,0,0,0,0,0,0,0,0,0,16000,0,0,0,46000,30000,16000,16000
050864,亞光永豐95購01  ,0,0,0,0,0,0,0,0,0,16000,0,0,0,29000,13000,16000,16000
05037P,華新科元大95售09,0,0,0,0,0,0,0,0,0,16000,0,0,0,38000,22000,16000,16000
049426,為升兆豐95購01  ,0,0,0,0,0,0,0,0,0,16000,0,0,0,168000,152000,16000,16000
048168,致茂永豐93購02  ,0,0,0,0,0,0,0,0,0,16000,0,0,0,20000,4000,16000,16000
050023,國巨元大94購12  ,0,0,0,0,0,0,0,0,0,16000,0,0,0,18000,2000,16000,16000
047065,聯茂凱基93購07  ,0,0,0,0,0,0,0,0,0,16000,0,0,0,16000,0,16000,16000
048926,燿華永豐95購01  ,0,0,0,0,0,0,0,0,0,16000,0,0,0,30000,14000,16000,16000
047953,台積電永豐93購04,0,0,0,0,0,0,0,0,0,16000,0,0,0,26000,10000,16000,16000
050991,元油2X元大96購04,0,0,0,0,0,0,0,0,0,16000,0,0,0,21000,5000,16000,16000
051664,鴻海元大96購07  ,0,0,0,0,0,0,0,0,0,16000,0,0,0,16000,0,16000,16000
052055,緯穎凱基95購03  ,0,0,0,0,0,0,0,0,0,16000,0,0,0,29000,13000,16000,16000
051877,嘉聯益國票97購02,0,0,0,0,0,0,0,0,0,16000,0,0,0,23000,7000,16000,16000
05207P,高股息中信97售03,0,0,0,0,0,0,0,0,0,16000,0,0,0,16000,0,16000,16000
053084,國巨元大98購01  ,0,0,0,0,0,0,0,0,0,16000,0,0,0,16000,0,16000,16000
053098,國巨元富96購04  ,0,0,0,0,0,0,0,0,0,16000,0,0,0,77000,61000,16000,16000
053165,大立光群益96購03,0,0,0,0,0,0,0,0,0,16000,0,0,0,23000,7000,16000,16000
052647,晶技永豐97購01  ,0,0,0,0,0,0,0,0,0,16000,0,0,0,16000,0,16000,16000
053321,智原群益96購02  ,0,0,0,0,0,0,0,0,0,16000,0,0,0,32000,16000,16000,16000
2444,兆勁            ,26000,10000,16000,0,0,0,0,0,0,0,0,0,0,0,0,0,16000
8261,富鼎            ,24000,8000,16000,0,0,0,0,0,0,0,0,0,0,0,0,0,16000
6192,巨路            ,80000,48000,32000,0,0,0,0,16000,-16000,0,0,0,0,0,0,0,16000
6288,聯嘉            ,188000,172000,16000,0,0,0,0,0,0,0,1000,1000,0,0,0,0,16000
054062,TPK國票96購02   ,0,0,0,0,0,0,0,0,0,15000,0,0,0,15000,0,15000,15000
054223,大立光統一98購04,0,0,0,0,0,0,0,0,0,15000,0,0,0,60000,45000,15000,15000
054504,聯鈞永豐96購01  ,0,0,0,0,0,0,0,0,0,15000,0,0,0,31000,16000,15000,15000
054479,緯創中信98購01  ,0,0,0,0,0,0,0,0,0,15000,0,0,0,24000,9000,15000,15000
054366,和大中信98購01  ,0,0,0,0,0,0,0,0,0,15000,0,0,0,45000,30000,15000,15000
054787,華新科群益97購04,0,0,0,0,0,0,0,0,0,15000,0,0,0,35000,20000,15000,15000
054696,嘉聯益永豐97購01,0,0,0,0,0,0,0,0,0,15000,0,0,0,15000,0,15000,15000
054662,同欣電元大97購02,0,0,0,0,0,0,0,0,0,15000,0,0,0,17000,2000,15000,15000
054897,信錦康和97購01  ,0,0,0,0,0,0,0,0,0,15000,0,0,0,25000,10000,15000,15000
055345,國巨凱基98購01  ,0,0,0,0,0,0,0,0,0,15000,0,0,0,15000,0,15000,15000
055303,鈺齊元大97購01  ,0,0,0,0,0,0,0,0,0,15000,0,0,0,15000,0,15000,15000
055592,奇力新元大97購07,0,0,0,0,0,0,0,0,0,15000,0,0,0,48000,33000,15000,15000
06127P,泰碩元富97售01  ,0,0,0,0,0,0,0,0,0,15000,0,0,0,15000,0,15000,15000
05779P,台積電統一96售06,0,0,0,0,0,0,0,0,0,15000,0,0,0,93000,78000,15000,15000
045646,瑞儀凱基93購05  ,0,0,0,0,0,0,0,0,0,15000,0,0,0,15000,0,15000,15000
043958,臻鼎元富94購01  ,0,0,0,0,0,0,0,0,0,15000,0,0,0,25000,10000,15000,15000
044284,聯電凱基92購01  ,0,0,0,0,0,0,0,0,0,15000,0,0,0,20000,5000,15000,15000
04172P,大立光凱基93售34,0,0,0,0,0,0,0,0,0,15000,0,0,0,15000,0,15000,15000
044381,瀚宇博群益91購01,0,0,0,0,0,0,0,0,0,15000,0,0,0,15000,0,15000,15000
00714,群益道瓊美國地產,0,0,0,0,0,0,0,0,0,15000,0,0,0,115000,100000,15000,15000
040381,元金2X元富95購01,0,0,0,0,0,0,0,0,0,15000,0,0,0,15000,0,15000,15000
04058P,臺股指群益93售12,0,0,0,0,0,0,0,0,0,15000,0,0,0,15000,0,15000,15000
041462,揚明光元大93購01,0,0,0,0,0,0,0,0,0,15000,0,0,0,15000,0,15000,15000
046159,群創群益98購04  ,0,0,0,0,0,0,0,0,0,15000,0,0,0,15000,0,15000,15000
045157,台勝科凱基92購01,0,0,0,0,0,0,0,0,0,15000,0,0,0,15000,0,15000,15000
049043,新唐兆豐94購01  ,0,0,0,0,0,0,0,0,0,15000,0,0,0,15000,0,15000,15000
04691P,智邦群益94售02  ,0,0,0,0,0,0,0,0,0,15000,0,0,0,25000,10000,15000,15000
046910,超眾凱基93購06  ,0,0,0,0,0,0,0,0,0,15000,0,0,0,15000,0,15000,15000
046696,可成凱基93購02  ,0,0,0,0,0,0,0,0,0,15000,0,0,0,15000,0,15000,15000
045766,上証2X元富92購01,0,0,0,0,0,0,0,0,0,15000,0,0,0,15000,0,15000,15000
046284,世紀鋼永豐92購01,0,0,0,0,0,0,0,0,0,15000,0,0,0,15000,0,15000,15000
044698,奇力新元大93購01,0,0,0,0,0,0,0,0,0,15000,0,0,0,25000,10000,15000,15000
048987,崇越元大94購01  ,0,0,0,0,0,0,0,0,0,15000,0,0,0,20000,5000,15000,15000
048984,上緯控元大94購01,0,0,0,0,0,0,0,0,0,15000,0,0,0,15000,0,15000,15000
04938P,亞德客國票95售01,0,0,0,0,0,0,0,0,0,15000,0,0,0,24000,9000,15000,15000
049924,欣興元大95購04  ,0,0,0,0,0,0,0,0,0,15000,0,0,0,15000,0,15000,15000
048887,牧德元富94購01  ,0,0,0,0,0,0,0,0,0,15000,0,0,0,15000,0,15000,15000
047806,旺宏凱基93購05  ,0,0,0,0,0,0,0,0,0,15000,0,0,0,46000,31000,15000,15000
047828,華新元大93購03  ,0,0,0,0,0,0,0,0,0,15000,0,0,0,15000,0,15000,15000
049078,瑞昱凱基94購02  ,0,0,0,0,0,0,0,0,0,15000,0,0,0,62000,47000,15000,15000
048091,漢唐凱基93購03  ,0,0,0,0,0,0,0,0,0,15000,0,0,0,15000,0,15000,15000
050074,訊芯凱基94購05  ,0,0,0,0,0,0,0,0,0,15000,0,0,0,15000,0,15000,15000
049793,為升元大94購04  ,0,0,0,0,0,0,0,0,0,15000,0,0,0,94000,79000,15000,15000
049736,宏達電群益95購03,0,0,0,0,0,0,0,0,0,15000,0,0,0,15000,0,15000,15000
049751,牧德永豐95購01  ,0,0,0,0,0,0,0,0,0,15000,0,0,0,87000,72000,15000,15000
047762,華新元大93購02  ,0,0,0,0,0,0,0,0,0,15000,0,0,0,15000,0,15000,15000
047763,旺宏元大94購04  ,0,0,0,0,0,0,0,0,0,15000,0,0,0,27000,12000,15000,15000
047517,元油反元大96購01,0,0,0,0,0,0,0,0,0,15000,0,0,0,40000,25000,15000,15000
047580,TPK群益94購01   ,0,0,0,0,0,0,0,0,0,15000,0,0,0,15000,0,15000,15000
048374,味全元富94購01  ,0,0,0,0,0,0,0,0,0,15000,0,0,0,15000,0,15000,15000
050472,和大永豐94購01  ,0,0,0,0,0,0,0,0,0,15000,0,0,0,15000,0,15000,15000
050264,聯發科元大94購13,0,0,0,0,0,0,0,0,0,15000,0,0,0,19000,4000,15000,15000
050311,上銀兆豐95購01  ,0,0,0,0,0,0,0,0,0,15000,0,0,0,15000,0,15000,15000
050804,和大日盛95購01  ,0,0,0,0,0,0,0,0,0,15000,0,0,0,15000,0,15000,15000
050922,南亞科凱基95購02,0,0,0,0,0,0,0,0,0,15000,0,0,0,15000,0,15000,15000
050706,柏文凱基94購01  ,0,0,0,0,0,0,0,0,0,15000,0,0,0,15000,0,15000,15000
053452,臺股指凱基97購01,0,0,0,0,0,0,0,0,0,15000,0,0,0,384000,369000,15000,15000
053848,聯發科元富96購03,0,0,0,0,0,0,0,0,0,15000,0,0,0,15000,0,15000,15000
053703,緯穎兆豐96購01  ,0,0,0,0,0,0,0,0,0,15000,0,0,0,25000,10000,15000,15000
053724,聯詠凱基96購04  ,0,0,0,0,0,0,0,0,0,15000,0,0,0,20000,5000,15000,15000
052758,友達群益99購01  ,0,0,0,0,0,0,0,0,0,15000,0,0,0,35000,20000,15000,15000
052806,玉晶光元大98購04,0,0,0,0,0,0,0,0,0,15000,0,0,0,37000,22000,15000,15000
053152,大立光元大99購01,0,0,0,0,0,0,0,0,0,15000,0,0,0,57000,42000,15000,15000
053210,華邦電凱基97購02,0,0,0,0,0,0,0,0,0,15000,0,0,0,70000,55000,15000,15000
053072,國巨台新97購01  ,0,0,0,0,0,0,0,0,0,15000,0,0,0,15000,0,15000,15000
052946,智原國票97購02  ,0,0,0,0,0,0,0,0,0,15000,0,0,0,15000,0,15000,15000
053021,國巨國泰97購04  ,0,0,0,0,0,0,0,0,0,15000,0,0,0,15000,0,15000,15000
052921,大成鋼永豐96購01,0,0,0,0,0,0,0,0,0,15000,0,0,0,15000,0,15000,15000
052160,美律永豐95購03  ,0,0,0,0,0,0,0,0,0,15000,0,0,0,15000,0,15000,15000
052271,力成日盛95購02  ,0,0,0,0,0,0,0,0,0,15000,0,0,0,15000,0,15000,15000
052343,同欣電凱基95購03,0,0,0,0,0,0,0,0,0,15000,0,0,0,15000,0,15000,15000
052361,大成鋼國票96購01,0,0,0,0,0,0,0,0,0,15000,0,0,0,15000,0,15000,15000
052438,瑞儀富邦95購01  ,0,0,0,0,0,0,0,0,0,15000,0,0,0,15000,0,15000,15000
051999,勤誠元大95購01  ,0,0,0,0,0,0,0,0,0,15000,0,0,0,26000,11000,15000,15000
051515,聯發科凱基95購10,0,0,0,0,0,0,0,0,0,15000,0,0,0,15000,0,15000,15000
051389,台達電兆豐95購01,0,0,0,0,0,0,0,0,0,15000,0,0,0,15000,0,15000,15000
051087,國巨元大97購01  ,0,0,0,0,0,0,0,0,0,15000,0,0,0,15000,0,15000,15000
6136,富爾特          ,15000,0,15000,0,0,0,0,0,0,0,0,0,0,0,0,0,15000
8463,潤泰材          ,37000,22000,15000,0,0,0,0,0,0,0,0,0,0,0,0,0,15000
1707,葡萄王          ,18000,8000,10000,0,0,0,1000,0,1000,4000,6000,2000,4000,0,0,0,15000
2849,安泰銀          ,16000,0,16000,0,0,0,0,0,0,-1000,0,1000,-1000,0,0,0,15000
4571,鈞興-KY         ,15000,0,15000,0,0,0,0,0,0,0,0,0,0,0,0,0,15000
05664P,國巨凱基96售09  ,0,0,0,0,0,0,0,0,0,14000,0,0,0,20000,6000,14000,14000
05954P,旺宏國票97售03  ,0,0,0,0,0,0,0,0,0,14000,0,0,0,14000,0,14000,14000
055662,上銀中信99購01  ,0,0,0,0,0,0,0,0,0,14000,0,0,0,24000,10000,14000,14000
055473,禾伸堂凱基97購01,0,0,0,0,0,0,0,0,0,14000,0,0,0,14000,0,14000,14000
054690,新興永豐97購01  ,0,0,0,0,0,0,0,0,0,14000,0,0,0,44000,30000,14000,14000
054588,玉晶光國泰99購02,0,0,0,0,0,0,0,0,0,14000,0,0,0,115000,101000,14000,14000
054748,正文凱基98購01  ,0,0,0,0,0,0,0,0,0,14000,0,0,0,14000,0,14000,14000
054887,大毅統一98購01  ,0,0,0,0,0,0,0,0,0,14000,0,0,0,75000,61000,14000,14000
054092,大立光群益97購01,0,0,0,0,0,0,0,0,0,14000,0,0,0,14000,0,14000,14000
054139,揚明光元大96購01,0,0,0,0,0,0,0,0,0,14000,0,0,0,14000,0,14000,14000
053897,台郡群益96購01  ,0,0,0,0,0,0,0,0,0,14000,0,0,0,27000,13000,14000,14000
053905,華新科凱基96購10,0,0,0,0,0,0,0,0,0,14000,0,0,0,100000,86000,14000,14000
046010,大立光元富92購03,0,0,0,0,0,0,0,0,0,14000,0,0,0,14000,0,14000,14000
046629,群創統一98購01  ,0,0,0,0,0,0,0,0,0,14000,0,0,0,32000,18000,14000,14000
048841,聯茂凱基94購06  ,0,0,0,0,0,0,0,0,0,14000,0,0,0,286000,272000,14000,14000
048656,大立光元富93購05,0,0,0,0,0,0,0,0,0,14000,0,0,0,27000,13000,14000,14000
04162P,南亞科統一94售02,0,0,0,0,0,0,0,0,0,14000,0,0,0,103000,89000,14000,14000
043771,鴻海兆豐92購01  ,0,0,0,0,0,0,0,0,0,14000,0,0,0,45000,31000,14000,14000
05068P,鴻海統一95售06  ,0,0,0,0,0,0,0,0,0,14000,0,0,0,122000,108000,14000,14000
050729,聯鈞國票94購01  ,0,0,0,0,0,0,0,0,0,14000,0,0,0,27000,13000,14000,14000
050223,聯茂元富94購02  ,0,0,0,0,0,0,0,0,0,14000,0,0,0,40000,26000,14000,14000
050486,可成元富94購05  ,0,0,0,0,0,0,0,0,0,14000,0,0,0,14000,0,14000,14000
050521,聯發科元大94購15,0,0,0,0,0,0,0,0,0,14000,0,0,0,17000,3000,14000,14000
050383,超眾兆豐95購01  ,0,0,0,0,0,0,0,0,0,14000,0,0,0,14000,0,14000,14000
048330,大立光永昌93購07,0,0,0,0,0,0,0,0,0,14000,0,0,0,14000,0,14000,14000
049527,國巨中信95購01  ,0,0,0,0,0,0,0,0,0,14000,0,0,0,24000,10000,14000,14000
049515,同欣電凱基94購01,0,0,0,0,0,0,0,0,0,14000,0,0,0,14000,0,14000,14000
050141,國巨統一94購07  ,0,0,0,0,0,0,0,0,0,14000,0,0,0,19000,5000,14000,14000
048035,聯詠凱基93購06  ,0,0,0,0,0,0,0,0,0,14000,0,0,0,14000,0,14000,14000
04842P,群創元大96售02  ,0,0,0,0,0,0,0,0,0,14000,0,0,0,14000,0,14000,14000
048469,微星永豐93購03  ,0,0,0,0,0,0,0,0,0,14000,0,0,0,234000,220000,14000,14000
051844,宏達電富邦96購01,0,0,0,0,0,0,0,0,0,14000,0,0,0,131000,117000,14000,14000
052364,全新國票95購02  ,0,0,0,0,0,0,0,0,0,14000,0,0,0,36000,22000,14000,14000
052593,台積電群益96購02,0,0,0,0,0,0,0,0,0,14000,0,0,0,36000,22000,14000,14000
052603,鴻海元大96購15  ,0,0,0,0,0,0,0,0,0,14000,0,0,0,42000,28000,14000,14000
053503,臻鼎兆豐97購01  ,0,0,0,0,0,0,0,0,0,14000,0,0,0,20000,6000,14000,14000
3494,誠研            ,14000,0,14000,0,0,0,0,0,0,0,0,0,0,0,0,0,14000
2850,新產            ,21000,4000,17000,0,0,0,0,0,0,-3000,0,3000,-3000,0,0,0,14000
3346,麗清            ,16000,2000,14000,0,0,0,0,0,0,0,0,0,0,0,0,0,14000
2030,彰源            ,9000,6000,3000,0,0,0,0,0,0,11000,12000,1000,11000,0,0,0,14000
2331,精英            ,49000,27000,22000,0,0,0,0,0,0,-8000,0,8000,-8000,0,0,0,14000
8215,明基材          ,171000,166000,5000,0,0,0,14000,0,14000,-5000,0,5000,-5000,0,0,0,14000
5608,四維航          ,14000,0,14000,0,0,0,0,0,0,0,0,0,0,0,0,0,14000
053877,奇力新亞東96購01,0,0,0,0,0,0,0,0,0,13000,0,0,0,13000,0,13000,13000
053964,上銀元大96購05  ,0,0,0,0,0,0,0,0,0,13000,0,0,0,47000,34000,13000,13000
053957,瑞昱永豐96購01  ,0,0,0,0,0,0,0,0,0,13000,0,0,0,40000,27000,13000,13000
054079,鴻海中信98購02  ,0,0,0,0,0,0,0,0,0,13000,0,0,0,14000,1000,13000,13000
054217,台表科國票97購05,0,0,0,0,0,0,0,0,0,13000,0,0,0,30000,17000,13000,13000
054922,文曄凱基98購01  ,0,0,0,0,0,0,0,0,0,13000,0,0,0,13000,0,13000,13000
055129,鈺齊兆豐97購01  ,0,0,0,0,0,0,0,0,0,13000,0,0,0,13000,0,13000,13000
055513,旺宏亞東98購01  ,0,0,0,0,0,0,0,0,0,13000,0,0,0,38000,25000,13000,13000
055530,聯發科群益98購01,0,0,0,0,0,0,0,0,0,13000,0,0,0,13000,0,13000,13000
055541,聚陽凱基98購01  ,0,0,0,0,0,0,0,0,0,13000,0,0,0,13000,0,13000,13000
05544P,台表科元富96售01,0,0,0,0,0,0,0,0,0,13000,0,0,0,13000,0,13000,13000
055658,南電元富97購01  ,0,0,0,0,0,0,0,0,0,13000,0,0,0,13000,0,13000,13000
055731,美律元富97購01  ,0,0,0,0,0,0,0,0,0,13000,0,0,0,13000,0,13000,13000
06030P,友達兆豐96售02  ,0,0,0,0,0,0,0,0,0,13000,0,0,0,13000,0,13000,13000
1455,集盛            ,40000,25000,15000,0,0,0,0,0,0,-2000,0,2000,-2000,0,0,0,13000
043647,台積電國票92購01,0,0,0,0,0,0,0,0,0,13000,0,0,0,24000,11000,13000,13000
046831,大立光群益94購01,0,0,0,0,0,0,0,0,0,13000,0,0,0,19000,6000,13000,13000
045688,祥碩元大92購01  ,0,0,0,0,0,0,0,0,0,13000,0,0,0,13000,0,13000,13000
00647L,元大S&P500正2   ,0,0,0,0,0,0,0,0,0,13000,0,0,0,13000,0,13000,13000
041991,元油2X國票98購01,0,0,0,0,0,0,0,0,0,13000,0,0,0,13000,0,13000,13000
03642C,臺股指元大94牛27,0,0,0,0,0,0,0,0,0,13000,0,0,0,13000,0,13000,13000
048561,可成元大93購13  ,0,0,0,0,0,0,0,0,0,13000,0,0,0,13000,0,13000,13000
045111,亞德客永豐92購01,0,0,0,0,0,0,0,0,0,13000,0,0,0,15000,2000,13000,13000
045117,玉晶光日盛92購01,0,0,0,0,0,0,0,0,0,13000,0,0,0,13000,0,13000,13000
046162,致新群益92購01  ,0,0,0,0,0,0,0,0,0,13000,0,0,0,13000,0,13000,13000
045464,聯發科元大92購09,0,0,0,0,0,0,0,0,0,13000,0,0,0,13000,0,13000,13000
045382,聯發科元大92購07,0,0,0,0,0,0,0,0,0,13000,0,0,0,13000,0,13000,13000
044889,台泥凱基91購01  ,0,0,0,0,0,0,0,0,0,13000,0,0,0,13000,0,13000,13000
046034,可成元大92購09  ,0,0,0,0,0,0,0,0,0,13000,0,0,0,13000,0,13000,13000
044861,玉晶光兆豐93購01,0,0,0,0,0,0,0,0,0,13000,0,0,0,33000,20000,13000,13000
046311,聯發科元大92購16,0,0,0,0,0,0,0,0,0,13000,0,0,0,13000,0,13000,13000
046303,台積電元大92購25,0,0,0,0,0,0,0,0,0,13000,0,0,0,23000,10000,13000,13000
047974,新光金兆豐93購01,0,0,0,0,0,0,0,0,0,13000,0,0,0,13000,0,13000,13000
049385,茂林元大94購03  ,0,0,0,0,0,0,0,0,0,13000,0,0,0,28000,15000,13000,13000
05009P,大立光元富95售06,0,0,0,0,0,0,0,0,0,13000,0,0,0,132000,119000,13000,13000
050164,揚明光國泰95購01,0,0,0,0,0,0,0,0,0,13000,0,0,0,13000,0,13000,13000
047200,鴻海元富93購04  ,0,0,0,0,0,0,0,0,0,13000,0,0,0,13000,0,13000,13000
047121,訊芯元大93購03  ,0,0,0,0,0,0,0,0,0,13000,0,0,0,13000,0,13000,13000
050535,台表科群益94購02,0,0,0,0,0,0,0,0,0,13000,0,0,0,18000,5000,13000,13000
047365,隆達群益93購01  ,0,0,0,0,0,0,0,0,0,13000,0,0,0,65000,52000,13000,13000
050760,矽力元富94購03  ,0,0,0,0,0,0,0,0,0,13000,0,0,0,17000,4000,13000,13000
053704,國巨群益96購06  ,0,0,0,0,0,0,0,0,0,13000,0,0,0,21000,8000,13000,13000
053623,臺股指群益96購09,0,0,0,0,0,0,0,0,0,13000,0,0,0,14000,1000,13000,13000
052561,矽創國票97購01  ,0,0,0,0,0,0,0,0,0,13000,0,0,0,13000,0,13000,13000
052713,智邦凱基96購01  ,0,0,0,0,0,0,0,0,0,13000,0,0,0,32000,19000,13000,13000
052979,上銀元大96購02  ,0,0,0,0,0,0,0,0,0,13000,0,0,0,118000,105000,13000,13000
052341,泰鼎凱基96購02  ,0,0,0,0,0,0,0,0,0,13000,0,0,0,53000,40000,13000,13000
052281,全新凱基97購01  ,0,0,0,0,0,0,0,0,0,13000,0,0,0,13000,0,13000,13000
051790,貿聯國票95購03  ,0,0,0,0,0,0,0,0,0,13000,0,0,0,13000,0,13000,13000
050965,揚明光永豐96購01,0,0,0,0,0,0,0,0,0,13000,0,0,0,13000,0,13000,13000
6024,群益期          ,13000,0,13000,0,0,0,0,0,0,0,0,0,0,0,0,0,13000
8011,台通            ,53000,39000,14000,0,0,0,0,0,0,-1000,0,1000,-1000,0,0,0,13000
3048,益登            ,54000,38000,16000,0,0,0,0,0,0,-3000,0,3000,-3000,0,0,0,13000
1231,聯華食          ,24000,12000,12000,0,0,0,0,0,0,0,0,0,0,0,0,0,12000
06147P,國巨元大97售05  ,0,0,0,0,0,0,0,0,0,12000,0,0,0,12000,0,12000,12000
05951P,台積電國票97售05,0,0,0,0,0,0,0,0,0,12000,0,0,0,12000,0,12000,12000
05883P,致伸永豐96售03  ,0,0,0,0,0,0,0,0,0,12000,0,0,0,12000,0,12000,12000
05861P,瀚宇博永豐96售02,0,0,0,0,0,0,0,0,0,12000,0,0,0,32000,20000,12000,12000
05721P,全新群益98售02  ,0,0,0,0,0,0,0,0,0,12000,0,0,0,22000,10000,12000,12000
055619,同欣電國票98購02,0,0,0,0,0,0,0,0,0,12000,0,0,0,12000,0,12000,12000
055408,力成國泰98購01  ,0,0,0,0,0,0,0,0,0,12000,0,0,0,12000,0,12000,12000
053868,群創元大99購02  ,0,0,0,0,0,0,0,0,0,12000,0,0,0,163000,151000,12000,12000
054241,深中小元大98購01,0,0,0,0,0,0,0,0,0,12000,0,0,0,12000,0,12000,12000
045874,東元元富92購01  ,0,0,0,0,0,0,0,0,0,12000,0,0,0,39000,27000,12000,12000
044841,台光電元富91購04,0,0,0,0,0,0,0,0,0,12000,0,0,0,12000,0,12000,12000
046642,南電永豐93購01  ,0,0,0,0,0,0,0,0,0,12000,0,0,0,32000,20000,12000,12000
046645,技嘉國泰94購01  ,0,0,0,0,0,0,0,0,0,12000,0,0,0,22000,10000,12000,12000
046583,聯發科元大92購24,0,0,0,0,0,0,0,0,0,12000,0,0,0,12000,0,12000,12000
046357,聯發科台新92購01,0,0,0,0,0,0,0,0,0,12000,0,0,0,12000,0,12000,12000
046504,聯發科元大92購19,0,0,0,0,0,0,0,0,0,12000,0,0,0,12000,0,12000,12000
045063,聯茂康和92購01  ,0,0,0,0,0,0,0,0,0,12000,0,0,0,12000,0,12000,12000
049028,麗豐群益94購01  ,0,0,0,0,0,0,0,0,0,12000,0,0,0,12000,0,12000,12000
048689,台光電群益94購01,0,0,0,0,0,0,0,0,0,12000,0,0,0,61000,49000,12000,12000
044433,華新科元大92購06,0,0,0,0,0,0,0,0,0,12000,0,0,0,12000,0,12000,12000
00645,富邦日本        ,0,0,0,0,0,0,0,0,0,12000,0,0,0,72000,60000,12000,12000
0051,元大中型100     ,1000,1000,0,0,0,0,0,0,0,12000,0,0,0,12000,0,12000,12000
01002T,土銀國泰R1      ,12000,0,12000,0,0,0,0,0,0,0,0,0,0,0,0,0,12000
041421,滬深2X凱基93購01,0,0,0,0,0,0,0,0,0,12000,0,0,0,12000,0,12000,12000
045721,中信金凱基92購01,0,0,0,0,0,0,0,0,0,12000,0,0,0,12000,0,12000,12000
044163,台光電元大92購01,0,0,0,0,0,0,0,0,0,12000,0,0,0,13000,1000,12000,12000
045506,麗豐凱基92購02  ,0,0,0,0,0,0,0,0,0,12000,0,0,0,12000,0,12000,12000
044597,可成亞東92購01  ,0,0,0,0,0,0,0,0,0,12000,0,0,0,12000,0,12000,12000
044578,緯創凱基93購02  ,0,0,0,0,0,0,0,0,0,12000,0,0,0,76000,64000,12000,12000
050690,台達電凱基96購01,0,0,0,0,0,0,0,0,0,12000,0,0,0,15000,3000,12000,12000
050907,臺股指元大95購14,0,0,0,0,0,0,0,0,0,12000,0,0,0,12000,0,12000,12000
050204,華新科群益94購05,0,0,0,0,0,0,0,0,0,12000,0,0,0,62000,50000,12000,12000
050546,可成凱基94購13  ,0,0,0,0,0,0,0,0,0,12000,0,0,0,12000,0,12000,12000
05050P,華通群益96售02  ,0,0,0,0,0,0,0,0,0,12000,0,0,0,22000,10000,12000,12000
048186,元黃金元大96購01,0,0,0,0,0,0,0,0,0,12000,0,0,0,12000,0,12000,12000
047751,玉山金元富93購01,0,0,0,0,0,0,0,0,0,12000,0,0,0,12000,0,12000,12000
048341,全新元大94購03  ,0,0,0,0,0,0,0,0,0,12000,0,0,0,259000,247000,12000,12000
047461,大立光群益93購09,0,0,0,0,0,0,0,0,0,12000,0,0,0,12000,0,12000,12000
047441,聯發科元大93購15,0,0,0,0,0,0,0,0,0,12000,0,0,0,12000,0,12000,12000
048102,矽力凱基94購01  ,0,0,0,0,0,0,0,0,0,12000,0,0,0,12000,0,12000,12000
047089,聯詠元富93購03  ,0,0,0,0,0,0,0,0,0,12000,0,0,0,12000,0,12000,12000
048110,京元電群益94購01,0,0,0,0,0,0,0,0,0,12000,0,0,0,12000,0,12000,12000
049516,光罩國票94購02  ,0,0,0,0,0,0,0,0,0,12000,0,0,0,12000,0,12000,12000
049593,群創元大9A購01  ,0,0,0,0,0,0,0,0,0,12000,0,0,0,54000,42000,12000,12000
049746,全新永豐95購01  ,0,0,0,0,0,0,0,0,0,12000,0,0,0,12000,0,12000,12000
049128,滬深2X元大97購03,0,0,0,0,0,0,0,0,0,12000,0,0,0,65000,53000,12000,12000
049295,全新群益94購02  ,0,0,0,0,0,0,0,0,0,12000,0,0,0,12000,0,12000,12000
051699,世紀鋼麥證95購01,0,0,0,12000,0,12000,0,0,0,12000,0,0,0,12000,0,12000,12000
052017,奇鋐永豐95購01  ,0,0,0,0,0,0,0,0,0,12000,0,0,0,12000,0,12000,12000
052426,國巨台新96購01  ,0,0,0,0,0,0,0,0,0,12000,0,0,0,12000,0,12000,12000
05238P,禾伸堂永豐95售01,0,0,0,0,0,0,0,0,0,12000,0,0,0,167000,155000,12000,12000
052891,台泥群益96購01  ,0,0,0,0,0,0,0,0,0,12000,0,0,0,14000,2000,12000,12000
053644,台表科國票97購03,0,0,0,0,0,0,0,0,0,12000,0,0,0,12000,0,12000,12000
053784,奇力新元大97購02,0,0,0,0,0,0,0,0,0,12000,0,0,0,22000,10000,12000,12000
053758,華新科國泰97購02,0,0,0,0,0,0,0,0,0,12000,0,0,0,14000,2000,12000,12000
053301,華通凱基96購04  ,0,0,0,0,0,0,0,0,0,12000,0,0,0,16000,4000,12000,12000
053342,全新國票99購01  ,0,0,0,0,0,0,0,0,0,12000,0,0,0,162000,150000,12000,12000
053350,台表科國票97購02,0,0,0,0,0,0,0,0,0,12000,0,0,0,22000,10000,12000,12000
053273,國巨元大96購08  ,0,0,0,0,0,0,0,0,0,12000,0,0,0,12000,0,12000,12000
054378,楠梓電群益98購01,0,0,0,0,0,0,0,0,0,11000,0,0,0,11000,0,11000,11000
054565,玉晶光群益99購02,0,0,0,0,0,0,0,0,0,11000,0,0,0,11000,0,11000,11000
054563,泰碩群益99購01  ,0,0,0,0,0,0,0,0,0,11000,0,0,0,11000,0,11000,11000
053948,大立光富邦99購04,0,0,0,0,0,0,0,0,0,11000,0,0,0,54000,43000,11000,11000
054165,亞光凱基96購02  ,0,0,0,0,0,0,0,0,0,11000,0,0,0,86000,75000,11000,11000
055147,鴻海元大97購11  ,0,0,0,0,0,0,0,0,0,11000,0,0,0,147000,136000,11000,11000
054948,聯發科元大97購14,0,0,0,0,0,0,0,0,0,11000,0,0,0,13000,2000,11000,11000
054778,世紀鋼國票99購01,0,0,0,0,0,0,0,0,0,11000,0,0,0,16000,5000,11000,11000
055531,華新科群益98購03,0,0,0,0,0,0,0,0,0,11000,0,0,0,11000,0,11000,11000
055534,晶技群益97購03  ,0,0,0,0,0,0,0,0,0,11000,0,0,0,11000,0,11000,11000
055537,康友群益97購03  ,0,0,0,0,0,0,0,0,0,11000,0,0,0,11000,0,11000,11000
055223,和大國票98購01  ,0,0,0,0,0,0,0,0,0,11000,0,0,0,11000,0,11000,11000
055696,華新科國票98購01,0,0,0,0,0,0,0,0,0,11000,0,0,0,11000,0,11000,11000
05583P,訊芯凱基96售01  ,0,0,0,0,0,0,0,0,0,11000,0,0,0,21000,10000,11000,11000
05632P,大立光群益96售02,0,0,0,0,0,0,0,0,0,11000,0,0,0,22000,11000,11000,11000
06230P,亞德客永豐97售03,0,0,0,0,0,0,0,0,0,11000,0,0,0,11000,0,11000,11000
1219,福壽            ,12000,1000,11000,0,0,0,0,0,0,0,0,0,0,0,0,0,11000
04254P,亞德客國票93售03,0,0,0,0,0,0,0,0,0,11000,0,0,0,13000,2000,11000,11000
043453,上銀元大92購01  ,0,0,0,0,0,0,0,0,0,11000,0,0,0,11000,0,11000,11000
043454,上銀元大92購02  ,0,0,0,0,0,0,0,0,0,11000,0,0,0,11000,0,11000,11000
04398P,致伸群益94售02  ,0,0,0,0,0,0,0,0,0,11000,0,0,0,11000,0,11000,11000
045512,訊芯凱基92購01  ,0,0,0,0,0,0,0,0,0,11000,0,0,0,11000,0,11000,11000
045760,鴻海統一93購02  ,0,0,0,0,0,0,0,0,0,11000,0,0,0,11000,0,11000,11000
00743,國泰中國A150    ,4000,0,4000,0,0,0,0,0,0,7000,0,0,0,21000,14000,7000,11000
044349,上銀元大91購06  ,0,0,0,0,0,0,0,0,0,11000,0,0,0,11000,0,11000,11000
044292,嘉澤凱基91購05  ,0,0,0,0,0,0,0,0,0,11000,0,0,0,11000,0,11000,11000
03629P,台積電麥證92售02,0,0,0,11000,0,11000,0,0,0,11000,0,0,0,11000,0,11000,11000
03560P,台積電兆豐03售10,0,0,0,0,0,0,0,0,0,11000,0,0,0,11000,0,11000,11000
044196,光磊國票91購03  ,0,0,0,0,0,0,0,0,0,11000,0,0,0,11000,0,11000,11000
048692,致伸群益94購01  ,0,0,0,0,0,0,0,0,0,11000,0,0,0,11000,0,11000,11000
049024,玉晶光群益97購01,0,0,0,0,0,0,0,0,0,11000,0,0,0,11000,0,11000,11000
048876,牧德國票95購02  ,0,0,0,0,0,0,0,0,0,11000,0,0,0,11000,0,11000,11000
048821,光磊凱基95購01  ,0,0,0,0,0,0,0,0,0,11000,0,0,0,11000,0,11000,11000
049071,台達電凱基94購02,0,0,0,0,0,0,0,0,0,11000,0,0,0,11000,0,11000,11000
045042,亞泥凱基92購01  ,0,0,0,0,0,0,0,0,0,11000,0,0,0,20000,9000,11000,11000
046106,致新永豐92購01  ,0,0,0,0,0,0,0,0,0,11000,0,0,0,13000,2000,11000,11000
046123,嘉澤元大92購02  ,0,0,0,0,0,0,0,0,0,11000,0,0,0,11000,0,11000,11000
045231,南電元大94購01  ,0,0,0,0,0,0,0,0,0,11000,0,0,0,15000,4000,11000,11000
045453,上銀元大92購07  ,0,0,0,0,0,0,0,0,0,11000,0,0,0,11000,0,11000,11000
045454,上銀元大93購01  ,0,0,0,0,0,0,0,0,0,11000,0,0,0,11000,0,11000,11000
046222,上銀元大92購08  ,0,0,0,0,0,0,0,0,0,11000,0,0,0,11000,0,11000,11000
046404,友達元大93購02  ,0,0,0,0,0,0,0,0,0,11000,0,0,0,11000,0,11000,11000
046903,友達凱基99購01  ,0,0,0,0,0,0,0,0,0,11000,0,0,0,11000,0,11000,11000
046943,聯發科元大93購06,0,0,0,0,0,0,0,0,0,11000,0,0,0,11000,0,11000,11000
047015,上銀元大93購03  ,0,0,0,0,0,0,0,0,0,11000,0,0,0,11000,0,11000,11000
046684,致伸群益93購01  ,0,0,0,0,0,0,0,0,0,11000,0,0,0,11000,0,11000,11000
049370,可成元大94購03  ,0,0,0,0,0,0,0,0,0,11000,0,0,0,90000,79000,11000,11000
047988,志超群益93購02  ,0,0,0,0,0,0,0,0,0,11000,0,0,0,11000,0,11000,11000
049485,台積電元大96購03,0,0,0,0,0,0,0,0,0,11000,0,0,0,11000,0,11000,11000
047940,台光電國票93購01,0,0,0,0,0,0,0,0,0,11000,0,0,0,13000,2000,11000,11000
049665,TPK永昌95購01   ,0,0,0,0,0,0,0,0,0,11000,0,0,0,21000,10000,11000,11000
049608,旺宏兆豐94購02  ,0,0,0,0,0,0,0,0,0,11000,0,0,0,11000,0,11000,11000
047245,聯發科群益94購03,0,0,0,0,0,0,0,0,0,11000,0,0,0,21000,10000,11000,11000
053280,群創元大9C購01  ,0,0,0,0,0,0,0,0,0,11000,0,0,0,74000,63000,11000,11000
053313,世紀鋼凱基96購01,0,0,0,0,0,0,0,0,0,11000,0,0,0,11000,0,11000,11000
053495,聯發科兆豐96購02,0,0,0,0,0,0,0,0,0,11000,0,0,0,16000,5000,11000,11000
053472,漢唐元大96購02  ,0,0,0,0,0,0,0,0,0,11000,0,0,0,11000,0,11000,11000
053519,力成群益96購02  ,0,0,0,0,0,0,0,0,0,11000,0,0,0,11000,0,11000,11000
053510,聯電群益97購01  ,0,0,0,0,0,0,0,0,0,11000,0,0,0,12000,1000,11000,11000
052864,奇力新凱基96購02,0,0,0,0,0,0,0,0,0,11000,0,0,0,21000,10000,11000,11000
053048,同欣電麥證96購01,0,0,0,21000,10000,11000,0,0,0,11000,0,0,0,21000,10000,11000,11000
053166,聯詠群益96購02  ,0,0,0,0,0,0,0,0,0,11000,0,0,0,91000,80000,11000,11000
052744,聯詠元大97購01  ,0,0,0,0,0,0,0,0,0,11000,0,0,0,86000,75000,11000,11000
052772,台虹群益96購01  ,0,0,0,0,0,0,0,0,0,11000,0,0,0,30000,19000,11000,11000
052827,昇陽半永豐97購01,0,0,0,0,0,0,0,0,0,11000,0,0,0,11000,0,11000,11000
052596,群創群益98購05  ,0,0,0,0,0,0,0,0,0,11000,0,0,0,15000,4000,11000,11000
052190,創意群益95購03  ,0,0,0,0,0,0,0,0,0,11000,0,0,0,16000,5000,11000,11000
051706,國泰金群益95購01,0,0,0,0,0,0,0,0,0,11000,0,0,0,11000,0,11000,11000
051123,和鑫群益95購01  ,0,0,0,0,0,0,0,0,0,11000,0,0,0,11000,0,11000,11000
051296,鴻海凱基97購01  ,0,0,0,0,0,0,0,0,0,11000,0,0,0,21000,10000,11000,11000
05117P,瑞昱群益95售02  ,0,0,0,0,0,0,0,0,0,11000,0,0,0,11000,0,11000,11000
051204,正崴麥證95購01  ,0,0,0,11000,0,11000,0,0,0,11000,0,0,0,11000,0,11000,11000
051543,鈺齊國票96購01  ,0,0,0,0,0,0,0,0,0,11000,0,0,0,13000,2000,11000,11000
1806,冠軍            ,12000,1000,11000,0,0,0,0,0,0,0,0,0,0,0,0,0,11000
1734,杏輝            ,13000,2000,11000,0,0,0,0,0,0,0,0,0,0,0,0,0,11000
1760,寶齡富錦        ,16000,7000,9000,0,0,0,0,0,0,2000,0,2000,-2000,4000,0,4000,11000
2495,普安            ,15000,3000,12000,0,0,0,0,0,0,-1000,0,1000,-1000,0,0,0,11000
910322,康師傅-DR       ,11000,0,11000,0,0,0,0,0,0,0,0,0,0,0,0,0,11000
1256,鮮活果汁-KY     ,13000,3000,10000,0,0,0,0,0,0,0,0,0,0,0,0,0,10000
1419,新紡            ,11000,1000,10000,0,0,0,0,0,0,0,0,0,0,0,0,0,10000
1506,正道            ,11000,1000,10000,0,0,0,0,0,0,0,0,0,0,0,0,0,10000
06169P,華新科元富97售02,0,0,0,0,0,0,0,0,0,10000,0,0,0,10000,0,10000,10000
06205P,台積電群益97售03,0,0,0,0,0,0,0,0,0,10000,0,0,0,10000,0,10000,10000
06196P,元上證元大97售01,0,0,0,0,0,0,0,0,0,10000,0,0,0,90000,80000,10000,10000
06143P,鴻海永豐97售02  ,0,0,0,0,0,0,0,0,0,10000,0,0,0,10000,0,10000,10000
06064P,台積電台新98售01,0,0,0,0,0,0,0,0,0,10000,0,0,0,10000,0,10000,10000
05658P,日月光元富96售02,0,0,0,0,0,0,0,0,0,10000,0,0,0,20000,10000,10000,10000
05762P,昇陽半永豐96售04,0,0,0,0,0,0,0,0,0,10000,0,0,0,10000,0,10000,10000
05839P,臺股指富邦96售06,0,0,0,0,0,0,0,0,0,10000,0,0,0,10000,0,10000,10000
05846P,大立光元大96售07,0,0,0,0,0,0,0,0,0,10000,0,0,0,60000,50000,10000,10000
05871P,全新凱基96售04  ,0,0,0,0,0,0,0,0,0,10000,0,0,0,10000,0,10000,10000
05878P,創意群益98售01  ,0,0,0,0,0,0,0,0,0,10000,0,0,0,20000,10000,10000,10000
05892P,大立光中信98售03,0,0,0,0,0,0,0,0,0,10000,0,0,0,20000,10000,10000,10000
05969P,台積電台新96售04,0,0,0,0,0,0,0,0,0,10000,0,0,0,10000,0,10000,10000
05625P,國巨國票97售01  ,0,0,0,0,0,0,0,0,0,10000,0,0,0,30000,20000,10000,10000
055853,群創元大98購03  ,0,0,0,0,0,0,0,0,0,10000,0,0,0,30000,20000,10000,10000
05568P,台積電統一96售03,0,0,0,0,0,0,0,0,0,10000,0,0,0,10000,0,10000,10000
055656,新唐元富97購01  ,0,0,0,0,0,0,0,0,0,10000,0,0,0,10000,0,10000,10000
055664,和大群益98購02  ,0,0,0,0,0,0,0,0,0,10000,0,0,0,30000,20000,10000,10000
055620,樺漢國票98購01  ,0,0,0,0,0,0,0,0,0,10000,0,0,0,10000,0,10000,10000
055605,緯穎元大97購02  ,0,0,0,0,0,0,0,0,0,10000,0,0,0,20000,10000,10000,10000
05522P,友達元富96售02  ,0,0,0,0,0,0,0,0,0,10000,0,0,0,30000,20000,10000,10000
05525P,奇力新群益96售02,0,0,0,0,0,0,0,0,0,10000,0,0,0,171000,161000,10000,10000
055315,晶技麥證97購01  ,0,0,0,10000,0,10000,0,0,0,10000,0,0,0,10000,0,10000,10000
05530P,臺股指群益96售03,0,0,0,0,0,0,0,0,0,10000,0,0,0,10000,0,10000,10000
055512,聯詠兆豐97購01  ,0,0,0,0,0,0,0,0,0,10000,0,0,0,20000,10000,10000,10000
055528,華邦電群益97購01,0,0,0,0,0,0,0,0,0,10000,0,0,0,40000,30000,10000,10000
055464,聚陽凱基97購01  ,0,0,0,0,0,0,0,0,0,10000,0,0,0,10000,0,10000,10000
055494,華新科元大98購01,0,0,0,0,0,0,0,0,0,10000,0,0,0,10000,0,10000,10000
055506,台郡元大99購02  ,0,0,0,0,0,0,0,0,0,10000,0,0,0,40000,30000,10000,10000
05540P,亞德客凱基96售01,0,0,0,0,0,0,0,0,0,10000,0,0,0,20000,10000,10000,10000
055396,瑞儀統一97購01  ,0,0,0,0,0,0,0,0,0,10000,0,0,0,10000,0,10000,10000
055455,健策國泰98購02  ,0,0,0,0,0,0,0,0,0,10000,0,0,0,20000,10000,10000,10000
055430,宏達電群益97購01,0,0,0,0,0,0,0,0,0,10000,0,0,0,20000,10000,10000,10000
054791,泰碩群益99購02  ,0,0,0,0,0,0,0,0,0,10000,0,0,0,10000,0,10000,10000
054792,揚明光群益97購01,0,0,0,0,0,0,0,0,0,10000,0,0,0,10000,0,10000,10000
054567,拓凱群益98購01  ,0,0,0,0,0,0,0,0,0,10000,0,0,0,10000,0,10000,10000
054918,華新科凱基98購02,0,0,0,0,0,0,0,0,0,10000,0,0,0,10000,0,10000,10000
055019,福懋科元富97購01,0,0,0,0,0,0,0,0,0,10000,0,0,0,10000,0,10000,10000
054991,南亞科元富97購01,0,0,0,0,0,0,0,0,0,10000,0,0,0,10000,0,10000,10000
05518P,T50反1凱基98售03,0,0,0,0,0,0,0,0,0,10000,0,0,0,10000,0,10000,10000
055211,A50反1凱基9A購01,0,0,0,0,0,0,0,0,0,10000,0,0,0,10000,0,10000,10000
055067,禾聯碩永豐97購01,0,0,0,0,0,0,0,0,0,10000,0,0,0,10000,0,10000,10000
055075,南電永豐97購01  ,0,0,0,0,0,0,0,0,0,10000,0,0,0,10000,0,10000,10000
054179,上海銀台新97購01,0,0,0,0,0,0,0,0,0,10000,0,0,0,10000,0,10000,10000
054185,喬山永豐96購02  ,0,0,0,0,0,0,0,0,0,10000,0,0,0,10000,0,10000,10000
053937,光磊元富96購01  ,0,0,0,0,0,0,0,0,0,10000,0,0,0,10000,0,10000,10000
053920,新光金國票98購01,0,0,0,0,0,0,0,0,0,10000,0,0,0,10000,0,10000,10000
053886,亞光兆豐96購01  ,0,0,0,0,0,0,0,0,0,10000,0,0,0,10000,0,10000,10000
05448P,臺股指元大95售25,0,0,0,0,0,0,0,0,0,10000,0,0,0,30000,20000,10000,10000
05449P,臺股指元大95售26,0,0,0,0,0,0,0,0,0,10000,0,0,0,10000,0,10000,10000
054503,京鼎永豐96購04  ,0,0,0,0,0,0,0,0,0,10000,0,0,0,66000,56000,10000,10000
054446,美食兆豐97購01  ,0,0,0,0,0,0,0,0,0,10000,0,0,0,10000,0,10000,10000
054364,智伸科凱基96購01,0,0,0,0,0,0,0,0,0,10000,0,0,0,78000,68000,10000,10000
054305,光磊凱基98購01  ,0,0,0,0,0,0,0,0,0,10000,0,0,0,10000,0,10000,10000
054307,高鐵凱基98購01  ,0,0,0,0,0,0,0,0,0,10000,0,0,0,10000,0,10000,10000
046687,TPK國票93購01   ,0,0,0,0,0,0,0,0,0,10000,0,0,0,10000,0,10000,10000
046715,美律國泰94購01  ,0,0,0,0,0,0,0,0,0,10000,0,0,0,10000,0,10000,10000
047025,可成元大93購05  ,0,0,0,0,0,0,0,0,0,10000,0,0,0,10000,0,10000,10000
044935,玉晶光元大93購03,0,0,0,0,0,0,0,0,0,10000,0,0,0,10000,0,10000,10000
044946,奇力新群益92購01,0,0,0,0,0,0,0,0,0,10000,0,0,0,10000,0,10000,10000
044925,漢唐國泰93購01  ,0,0,0,0,0,0,0,0,0,10000,0,0,0,10000,0,10000,10000
044907,明泰凱基91購02  ,0,0,0,0,0,0,0,0,0,10000,0,0,0,10000,0,10000,10000
046572,貿聯國泰94購01  ,0,0,0,0,0,0,0,0,0,10000,0,0,0,28000,18000,10000,10000
046566,臻鼎凱基92購06  ,0,0,0,0,0,0,0,0,0,10000,0,0,0,10000,0,10000,10000
046660,宏達電元大93購07,0,0,0,0,0,0,0,0,0,10000,0,0,0,10000,0,10000,10000
046606,世紀鋼群益93購01,0,0,0,0,0,0,0,0,0,10000,0,0,0,11000,1000,10000,10000
046393,瀚宇博元富92購01,0,0,0,0,0,0,0,0,0,10000,0,0,0,10000,0,10000,10000
046458,大立光凱基92購11,0,0,0,0,0,0,0,0,0,10000,0,0,0,20000,10000,10000,10000
044839,同欣電元大91購02,0,0,0,0,0,0,0,0,0,10000,0,0,0,10000,0,10000,10000
044860,元油2X中信93購01,0,0,0,0,0,0,0,0,0,10000,0,0,0,10000,0,10000,10000
04487P,南亞科凱基94售01,0,0,0,0,0,0,0,0,0,10000,0,0,0,60000,50000,10000,10000
044869,易華電國票93購01,0,0,0,0,0,0,0,0,0,10000,0,0,0,10000,0,10000,10000
044874,新日興統一91購02,0,0,0,0,0,0,0,0,0,10000,0,0,0,10000,0,10000,10000
044886,台表科群益91購06,0,0,0,0,0,0,0,0,0,10000,0,0,0,10000,0,10000,10000
044831,同欣電永豐91購01,0,0,0,0,0,0,0,0,0,10000,0,0,0,11000,1000,10000,10000
046003,欣興統一92購02  ,0,0,0,0,0,0,0,0,0,10000,0,0,0,10000,0,10000,10000
044716,上銀麥證93購01  ,0,0,0,57000,0,57000,0,0,0,10000,0,0,0,57000,47000,10000,10000
04474P,聯發科元大94售03,0,0,0,0,0,0,0,0,0,10000,0,0,0,50000,40000,10000,10000
045900,臻鼎元大92購05  ,0,0,0,0,0,0,0,0,0,10000,0,0,0,10000,0,10000,10000
045864,致伸統一93購01  ,0,0,0,0,0,0,0,0,0,10000,0,0,0,10000,0,10000,10000
045866,南茂統一94購01  ,0,0,0,0,0,0,0,0,0,10000,0,0,0,10000,0,10000,10000
046330,祥碩元大92購02  ,0,0,0,0,0,0,0,0,0,10000,0,0,0,10000,0,10000,10000
046332,同欣電元大92購01,0,0,0,0,0,0,0,0,0,10000,0,0,0,10000,0,10000,10000
046317,亞光元大92購04  ,0,0,0,0,0,0,0,0,0,10000,0,0,0,10000,0,10000,10000
046268,嘉晶凱基93購02  ,0,0,0,0,0,0,0,0,0,10000,0,0,0,10000,0,10000,10000
044983,玉晶光國票93購01,0,0,0,0,0,0,0,0,0,10000,0,0,0,10000,0,10000,10000
046217,康友富邦94購01  ,0,0,0,0,0,0,0,0,0,10000,0,0,0,10000,0,10000,10000
046236,緯穎元大93購05  ,0,0,0,0,0,0,0,0,0,10000,0,0,0,10000,0,10000,10000
046233,臻鼎元大92購08  ,0,0,0,0,0,0,0,0,0,10000,0,0,0,10000,0,10000,10000
045471,鎧勝元大93購01  ,0,0,0,0,0,0,0,0,0,10000,0,0,0,10000,0,10000,10000
045474,力成元大92購01  ,0,0,0,0,0,0,0,0,0,10000,0,0,0,10000,0,10000,10000
045429,復盛凱基92購01  ,0,0,0,0,0,0,0,0,0,10000,0,0,0,27000,17000,10000,10000
045400,康友富邦93購01  ,0,0,0,0,0,0,0,0,0,10000,0,0,0,10000,0,10000,10000
045301,聯發科元大92購05,0,0,0,0,0,0,0,0,0,10000,0,0,0,10000,0,10000,10000
045261,華新科凱基92購01,0,0,0,0,0,0,0,0,0,10000,0,0,0,10000,0,10000,10000
045346,潤泰全凱基92購02,0,0,0,0,0,0,0,0,0,10000,0,0,0,10000,0,10000,10000
045203,同欣電凱基92購01,0,0,0,0,0,0,0,0,0,10000,0,0,0,10000,0,10000,10000
045103,上海銀亞東94購01,0,0,0,0,0,0,0,0,0,10000,0,0,0,10000,0,10000,10000
045098,世紀鋼元大92購03,0,0,0,0,0,0,0,0,0,10000,0,0,0,10000,0,10000,10000
046127,臻鼎元大92購07  ,0,0,0,0,0,0,0,0,0,10000,0,0,0,10000,0,10000,10000
046132,致新元大92購01  ,0,0,0,0,0,0,0,0,0,10000,0,0,0,10000,0,10000,10000
046080,同欣電凱基92購03,0,0,0,0,0,0,0,0,0,10000,0,0,0,20000,10000,10000,10000
045025,瑞昱國票92購01  ,0,0,0,0,0,0,0,0,0,10000,0,0,0,10000,0,10000,10000
045064,寶滬深永豐92購01,0,0,0,0,0,0,0,0,0,10000,0,0,0,10000,0,10000,10000
045075,長榮航元大92購01,0,0,0,0,0,0,0,0,0,10000,0,0,0,10000,0,10000,10000
048521,華通統一93購05  ,0,0,0,0,0,0,0,0,0,10000,0,0,0,10000,0,10000,10000
049059,超眾永豐94購01  ,0,0,0,0,0,0,0,0,0,10000,0,0,0,24000,14000,10000,10000
04856P,光磊元富94售01  ,0,0,0,0,0,0,0,0,0,10000,0,0,0,10000,0,10000,10000
048592,漢唐群益93購04  ,0,0,0,0,0,0,0,0,0,10000,0,0,0,10000,0,10000,10000
048593,華新科群益93購04,0,0,0,0,0,0,0,0,0,10000,0,0,0,10000,0,10000,10000
048548,緯穎永豐93購02  ,0,0,0,0,0,0,0,0,0,10000,0,0,0,10000,0,10000,10000
048863,超眾群益94購01  ,0,0,0,0,0,0,0,0,0,10000,0,0,0,10000,0,10000,10000
048865,世紀鋼群益94購01,0,0,0,0,0,0,0,0,0,10000,0,0,0,10000,0,10000,10000
048868,劍麟國票94購01  ,0,0,0,0,0,0,0,0,0,10000,0,0,0,10000,0,10000,10000
049027,智易群益94購02  ,0,0,0,0,0,0,0,0,0,10000,0,0,0,10000,0,10000,10000
048602,上緯控國票96購01,0,0,0,0,0,0,0,0,0,10000,0,0,0,10000,0,10000,10000
048730,智原麥證94購01  ,0,0,0,10000,0,10000,0,0,0,10000,0,0,0,10000,0,10000,10000
044267,潤泰全中信91購01,0,0,0,0,0,0,0,0,0,10000,0,0,0,10000,0,10000,10000
044214,可成凱基91購06  ,0,0,0,0,0,0,0,0,0,10000,0,0,0,20000,10000,10000,10000
03823P,嘉澤元富93售01  ,0,0,0,0,0,0,0,0,0,10000,0,0,0,10000,0,10000,10000
03513P,臺股指國票02售02,0,0,0,0,0,0,0,0,0,10000,0,0,0,10000,0,10000,10000
03444P,道瓊銀群益02售04,0,0,0,0,0,0,0,0,0,10000,0,0,0,10000,0,10000,10000
03414P,臺股指元大03售06,0,0,0,0,0,0,0,0,0,10000,0,0,0,10000,0,10000,10000
03641C,臺股指凱基95牛18,0,0,0,0,0,0,0,0,0,10000,0,0,0,20000,10000,10000,10000
044331,深中小統一91購01,0,0,0,0,0,0,0,0,0,10000,0,0,0,10000,0,10000,10000
044337,大立光統一91購10,0,0,0,0,0,0,0,0,0,10000,0,0,0,10000,0,10000,10000
044383,樺漢群益91購02  ,0,0,0,0,0,0,0,0,0,10000,0,0,0,10000,0,10000,10000
044395,台積電凱基91購16,0,0,0,0,0,0,0,0,0,10000,0,0,0,160000,150000,10000,10000
044399,南亞科凱基91購10,0,0,0,0,0,0,0,0,0,10000,0,0,0,10000,0,10000,10000
044375,亞光兆豐92購01  ,0,0,0,0,0,0,0,0,0,10000,0,0,0,10000,0,10000,10000
044480,瀚宇博統一91購01,0,0,0,0,0,0,0,0,0,10000,0,0,0,10000,0,10000,10000
042023,大立光富邦92購04,0,0,0,0,0,0,0,0,0,10000,0,0,0,11000,1000,10000,10000
041908,可成元大92購01  ,0,0,0,0,0,0,0,0,0,10000,0,0,0,10000,0,10000,10000
041916,大立光中信93購01,0,0,0,0,0,0,0,0,0,10000,0,0,0,10000,0,10000,10000
044497,嘉澤元大91購04  ,0,0,0,0,0,0,0,0,0,10000,0,0,0,10000,0,10000,10000
042089,台灣50中信94購03,0,0,0,0,0,0,0,0,0,10000,0,0,0,10000,0,10000,10000
042195,元石油元大93購01,0,0,0,0,0,0,0,0,0,10000,0,0,0,10000,0,10000,10000
03950P,聯發科中信93售03,0,0,0,0,0,0,0,0,0,10000,0,0,0,10000,0,10000,10000
006204,永豐臺灣加權    ,0,0,0,0,0,0,0,0,0,10000,0,0,0,51000,41000,10000,10000
03103P,聯發科元富01售02,0,0,0,0,0,0,0,0,0,10000,0,0,0,20000,10000,10000,10000
03318P,台積電元富08售12,0,0,0,0,0,0,0,0,0,10000,0,0,0,10000,0,10000,10000
03398P,瑞昱中信06售03  ,0,0,0,0,0,0,0,0,0,10000,0,0,0,10000,0,10000,10000
041546,群創統一93購01  ,0,0,0,0,0,0,0,0,0,10000,0,0,0,10000,0,10000,10000
03149P,鴻海群益01售12  ,0,0,0,0,0,0,0,0,0,10000,0,0,0,10000,0,10000,10000
040475,台表科群益92購01,0,0,0,0,0,0,0,0,0,10000,0,0,0,10000,0,10000,10000
04115P,欣興群益93售06  ,0,0,0,0,0,0,0,0,0,10000,0,0,0,20000,10000,10000,10000
040987,上証2X凱基92購01,0,0,0,0,0,0,0,0,0,10000,0,0,0,10000,0,10000,10000
04103P,臺股指國票93售10,0,0,0,0,0,0,0,0,0,10000,0,0,0,30000,20000,10000,10000
041042,美律群益92購01  ,0,0,0,0,0,0,0,0,0,10000,0,0,0,60000,50000,10000,10000
039985,聯詠國泰91購01  ,0,0,0,0,0,0,0,0,0,10000,0,0,0,10000,0,10000,10000
03990P,嘉澤永豐93售01  ,0,0,0,0,0,0,0,0,0,10000,0,0,0,10000,0,10000,10000
04018P,亞光永豐93售01  ,0,0,0,0,0,0,0,0,0,10000,0,0,0,10000,0,10000,10000
046835,傳奇群益93購01  ,0,0,0,0,0,0,0,0,0,10000,0,0,0,20000,10000,10000,10000
045701,聯發科中信92購02,0,0,0,0,0,0,0,0,0,10000,0,0,0,10000,0,10000,10000
046891,南亞科群益93購01,0,0,0,0,0,0,0,0,0,10000,0,0,0,10000,0,10000,10000
046897,康舒群益93購01  ,0,0,0,0,0,0,0,0,0,10000,0,0,0,10000,0,10000,10000
045672,台積電元大92購15,0,0,0,0,0,0,0,0,0,10000,0,0,0,10000,0,10000,10000
045683,泰鼎元大93購03  ,0,0,0,0,0,0,0,0,0,10000,0,0,0,30000,20000,10000,10000
045693,台達電兆豐92購02,0,0,0,0,0,0,0,0,0,10000,0,0,0,10000,0,10000,10000
046756,廣達凱基93購01  ,0,0,0,0,0,0,0,0,0,10000,0,0,0,10000,0,10000,10000
045491,東陽凱基92購01  ,0,0,0,0,0,0,0,0,0,10000,0,0,0,10000,0,10000,10000
045537,華新群益94購01  ,0,0,0,0,0,0,0,0,0,10000,0,0,0,10000,0,10000,10000
045540,全新群益92購03  ,0,0,0,0,0,0,0,0,0,10000,0,0,0,10000,0,10000,10000
045566,南寶國泰93購01  ,0,0,0,0,0,0,0,0,0,10000,0,0,0,10000,0,10000,10000
045636,京元電凱基92購03,0,0,0,0,0,0,0,0,0,10000,0,0,0,10000,0,10000,10000
045613,祥碩群益92購01  ,0,0,0,0,0,0,0,0,0,10000,0,0,0,10000,0,10000,10000
045630,技嘉凱基93購02  ,0,0,0,0,0,0,0,0,0,10000,0,0,0,43000,33000,10000,10000
044149,TPK群益92購01   ,0,0,0,0,0,0,0,0,0,10000,0,0,0,10000,0,10000,10000
042991,南電凱基92購02  ,0,0,0,0,0,0,0,0,0,10000,0,0,0,10000,0,10000,10000
044034,美律群益92購04  ,0,0,0,0,0,0,0,0,0,10000,0,0,0,10000,0,10000,10000
04408P,台積電統一94售06,0,0,0,0,0,0,0,0,0,10000,0,0,0,100000,90000,10000,10000
04384P,上証2X中信96售01,0,0,0,0,0,0,0,0,0,10000,0,0,0,10000,0,10000,10000
043378,宏達電元大93購02,0,0,0,0,0,0,0,0,0,10000,0,0,0,10000,0,10000,10000
04314P,聯茂元富93售01  ,0,0,0,0,0,0,0,0,0,10000,0,0,0,10000,0,10000,10000
043281,漢唐元大92購02  ,0,0,0,0,0,0,0,0,0,10000,0,0,0,10000,0,10000,10000
042449,華新科凱基91購02,0,0,0,0,0,0,0,0,0,10000,0,0,0,10000,0,10000,10000
044581,樺漢凱基91購07  ,0,0,0,0,0,0,0,0,0,10000,0,0,0,10000,0,10000,10000
044523,致伸凱基91購02  ,0,0,0,0,0,0,0,0,0,10000,0,0,0,10000,0,10000,10000
043063,台郡中信92購01  ,0,0,0,0,0,0,0,0,0,10000,0,0,0,10000,0,10000,10000
043269,GIS麥證92購01   ,0,0,0,10000,0,10000,0,0,0,10000,0,0,0,10000,0,10000,10000
047260,嘉晶國票93購02  ,0,0,0,0,0,0,0,0,0,10000,0,0,0,10000,0,10000,10000
048376,台達電元富93購01,0,0,0,0,0,0,0,0,0,10000,0,0,0,10000,0,10000,10000
048377,燿華元富93購01  ,0,0,0,0,0,0,0,0,0,10000,0,0,0,10000,0,10000,10000
048379,台郡元富96購01  ,0,0,0,0,0,0,0,0,0,10000,0,0,0,20000,10000,10000,10000
048404,大立光群益93購11,0,0,0,0,0,0,0,0,0,10000,0,0,0,20000,10000,10000,10000
048414,滬深2X統一98購01,0,0,0,0,0,0,0,0,0,10000,0,0,0,10000,0,10000,10000
048416,台達電統一93購02,0,0,0,0,0,0,0,0,0,10000,0,0,0,20000,10000,10000,10000
048417,國巨統一94購01  ,0,0,0,0,0,0,0,0,0,10000,0,0,0,11000,1000,10000,10000
047290,台積電元富93購04,0,0,0,0,0,0,0,0,0,10000,0,0,0,30000,20000,10000,10000
047291,台積電元富93購05,0,0,0,0,0,0,0,0,0,10000,0,0,0,10000,0,10000,10000
047303,寶滬深元大96購01,0,0,0,0,0,0,0,0,0,10000,0,0,0,10000,0,10000,10000
048233,南電凱基93購05  ,0,0,0,0,0,0,0,0,0,10000,0,0,0,10000,0,10000,10000
048231,台表科凱基93購06,0,0,0,0,0,0,0,0,0,10000,0,0,0,20000,10000,10000,10000
047191,同欣電元大93購02,0,0,0,0,0,0,0,0,0,10000,0,0,0,10000,0,10000,10000
047733,友達兆豐95購01  ,0,0,0,0,0,0,0,0,0,10000,0,0,0,10000,0,10000,10000
047739,致伸永豐93購01  ,0,0,0,0,0,0,0,0,0,10000,0,0,0,10000,0,10000,10000
047760,元油反元大96購03,0,0,0,0,0,0,0,0,0,10000,0,0,0,10000,0,10000,10000
048159,聯詠兆豐93購03  ,0,0,0,0,0,0,0,0,0,10000,0,0,0,10000,0,10000,10000
048191,亞德客元大93購06,0,0,0,0,0,0,0,0,0,10000,0,0,0,10000,0,10000,10000
047542,華通凱基94購02  ,0,0,0,0,0,0,0,0,0,10000,0,0,0,15000,5000,10000,10000
047555,欣興凱基93購01  ,0,0,0,0,0,0,0,0,0,10000,0,0,0,11000,1000,10000,10000
047526,可成元大93購08  ,0,0,0,0,0,0,0,0,0,10000,0,0,0,23000,13000,10000,10000
047498,力成康和93購01  ,0,0,0,0,0,0,0,0,0,10000,0,0,0,10000,0,10000,10000
047512,宏達電國票94購01,0,0,0,0,0,0,0,0,0,10000,0,0,0,20000,10000,10000,10000
047640,聯發科元大93購17,0,0,0,0,0,0,0,0,0,10000,0,0,0,13000,3000,10000,10000
047708,聯發科凱基93購17,0,0,0,0,0,0,0,0,0,10000,0,0,0,60000,50000,10000,10000
050564,臻鼎元富94購08  ,0,0,0,0,0,0,0,0,0,10000,0,0,0,10000,0,10000,10000
050543,聯發科凱基95購01,0,0,0,0,0,0,0,0,0,10000,0,0,0,43000,33000,10000,10000
047388,京元電元大95購01,0,0,0,0,0,0,0,0,0,10000,0,0,0,10000,0,10000,10000
050240,聯發科凱基94購13,0,0,0,0,0,0,0,0,0,10000,0,0,0,23000,13000,10000,10000
050250,台郡凱基94購03  ,0,0,0,0,0,0,0,0,0,10000,0,0,0,10000,0,10000,10000
050251,樺漢凱基94購02  ,0,0,0,0,0,0,0,0,0,10000,0,0,0,11000,1000,10000,10000
050249,瑞儀凱基94購01  ,0,0,0,0,0,0,0,0,0,10000,0,0,0,10000,0,10000,10000
050256,臺指反元大98購03,0,0,0,0,0,0,0,0,0,10000,0,0,0,10000,0,10000,10000
050280,國巨日盛94購01  ,0,0,0,0,0,0,0,0,0,10000,0,0,0,10000,0,10000,10000
050812,台積電凱基95購01,0,0,0,0,0,0,0,0,0,10000,0,0,0,10000,0,10000,10000
050737,聯詠康和94購01  ,0,0,0,0,0,0,0,0,0,10000,0,0,0,10000,0,10000,10000
050751,聯電統一94購05  ,0,0,0,0,0,0,0,0,0,10000,0,0,0,10000,0,10000,10000
050643,為升凱基94購08  ,0,0,0,0,0,0,0,0,0,10000,0,0,0,68000,58000,10000,10000
050569,英業達中信94購01,0,0,0,0,0,0,0,0,0,10000,0,0,0,10000,0,10000,10000
050574,微星國票94購01  ,0,0,0,0,0,0,0,0,0,10000,0,0,0,20000,10000,10000,10000
04965P,日月光元大94售02,0,0,0,0,0,0,0,0,0,10000,0,0,0,10000,0,10000,10000
049652,GIS凱基94購05   ,0,0,0,0,0,0,0,0,0,10000,0,0,0,10000,0,10000,10000
049647,美食凱基94購01  ,0,0,0,0,0,0,0,0,0,10000,0,0,0,10000,0,10000,10000
049717,微星凱基94購01  ,0,0,0,0,0,0,0,0,0,10000,0,0,0,30000,20000,10000,10000
049692,可成元大94購07  ,0,0,0,0,0,0,0,0,0,10000,0,0,0,20000,10000,10000,10000
049580,國巨元大94購07  ,0,0,0,0,0,0,0,0,0,10000,0,0,0,10000,0,10000,10000
049563,華新統一95購01  ,0,0,0,0,0,0,0,0,0,10000,0,0,0,10000,0,10000,10000
049777,華新科統一94購06,0,0,0,0,0,0,0,0,0,10000,0,0,0,10000,0,10000,10000
049769,和鑫元富96購01  ,0,0,0,0,0,0,0,0,0,10000,0,0,0,10000,0,10000,10000
04987P,昇陽半永豐94售04,0,0,0,0,0,0,0,0,0,10000,0,0,0,10000,0,10000,10000
049880,健策永豐94購02  ,0,0,0,0,0,0,0,0,0,10000,0,0,0,10000,0,10000,10000
049885,緯穎永豐94購01  ,0,0,0,0,0,0,0,0,0,10000,0,0,0,10000,0,10000,10000
049334,上銀統一94購01  ,0,0,0,0,0,0,0,0,0,10000,0,0,0,10000,0,10000,10000
049335,聯電統一97購01  ,0,0,0,0,0,0,0,0,0,10000,0,0,0,10000,0,10000,10000
049327,台郡元富94購01  ,0,0,0,0,0,0,0,0,0,10000,0,0,0,20000,10000,10000,10000
049328,元上證統一94購01,0,0,0,0,0,0,0,0,0,10000,0,0,0,10000,0,10000,10000
049329,元上證統一94購02,0,0,0,0,0,0,0,0,0,10000,0,0,0,10000,0,10000,10000
048144,華固統一93購01  ,0,0,0,0,0,0,0,0,0,10000,0,0,0,10000,0,10000,10000
048069,南亞科元富95購02,0,0,0,0,0,0,0,0,0,10000,0,0,0,10000,0,10000,10000
04807P,聯茂元富94售01  ,0,0,0,0,0,0,0,0,0,10000,0,0,0,10000,0,10000,10000
048083,台達電凱基93購04,0,0,0,0,0,0,0,0,0,10000,0,0,0,10000,0,10000,10000
050186,京鼎元大94購01  ,0,0,0,0,0,0,0,0,0,10000,0,0,0,24000,14000,10000,10000
050189,旭富元大94購01  ,0,0,0,0,0,0,0,0,0,10000,0,0,0,10000,0,10000,10000
050182,淘帝元大94購01  ,0,0,0,0,0,0,0,0,0,10000,0,0,0,10000,0,10000,10000
050105,力山元大95購02  ,0,0,0,0,0,0,0,0,0,10000,0,0,0,10000,0,10000,10000
050082,聯發科統一94購08,0,0,0,0,0,0,0,0,0,10000,0,0,0,45000,35000,10000,10000
050056,國巨凱基94購04  ,0,0,0,0,0,0,0,0,0,10000,0,0,0,10000,0,10000,10000
050126,國巨凱基94購08  ,0,0,0,0,0,0,0,0,0,10000,0,0,0,10000,0,10000,10000
050118,臻鼎元大94購01  ,0,0,0,0,0,0,0,0,0,10000,0,0,0,10000,0,10000,10000
050016,緯穎富邦95購01  ,0,0,0,0,0,0,0,0,0,10000,0,0,0,24000,14000,10000,10000
04946P,華通元大94售04  ,0,0,0,0,0,0,0,0,0,10000,0,0,0,20000,10000,10000,10000
047903,滬深2X元大96購01,0,0,0,0,0,0,0,0,0,10000,0,0,0,10000,0,10000,10000
047909,超眾元大93購03  ,0,0,0,0,0,0,0,0,0,10000,0,0,0,10000,0,10000,10000
048959,凌華康和94購01  ,0,0,0,0,0,0,0,0,0,10000,0,0,0,10000,0,10000,10000
048456,利勤凱基95購01  ,0,0,0,0,0,0,0,0,0,10000,0,0,0,10000,0,10000,10000
048439,上銀凱基93購09  ,0,0,0,0,0,0,0,0,0,10000,0,0,0,10000,0,10000,10000
048446,南亞科凱基93購07,0,0,0,0,0,0,0,0,0,10000,0,0,0,10000,0,10000,10000
04844P,京元電亞東94售01,0,0,0,0,0,0,0,0,0,10000,0,0,0,10000,0,10000,10000
049490,京元電元大95購02,0,0,0,0,0,0,0,0,0,10000,0,0,0,10000,0,10000,10000
049895,國巨統一94購04  ,0,0,0,0,0,0,0,0,0,10000,0,0,0,10000,0,10000,10000
049732,國巨群益94購05  ,0,0,0,0,0,0,0,0,0,10000,0,0,0,10000,0,10000,10000
048995,宏全元大94購01  ,0,0,0,0,0,0,0,0,0,10000,0,0,0,10000,0,10000,10000
048029,聯發科凱基93購26,0,0,0,0,0,0,0,0,0,10000,0,0,0,24000,14000,10000,10000
048746,台達電元富94購01,0,0,0,0,0,0,0,0,0,10000,0,0,0,10000,0,10000,10000
048756,志超元富96購02  ,0,0,0,0,0,0,0,0,0,10000,0,0,0,10000,0,10000,10000
048792,瑞儀元大94購01  ,0,0,0,0,0,0,0,0,0,10000,0,0,0,10000,0,10000,10000
049101,聯詠國泰95購01  ,0,0,0,0,0,0,0,0,0,10000,0,0,0,10000,0,10000,10000
049104,元油2X富邦97購02,0,0,0,0,0,0,0,0,0,10000,0,0,0,10000,0,10000,10000
049185,南電凱基94購03  ,0,0,0,0,0,0,0,0,0,10000,0,0,0,10000,0,10000,10000
04888P,臺股指凱基95售03,0,0,0,0,0,0,0,0,0,10000,0,0,0,55000,45000,10000,10000
04890P,台積電元大95售05,0,0,0,0,0,0,0,0,0,10000,0,0,0,10000,0,10000,10000
048910,和鑫富邦98購01  ,0,0,0,0,0,0,0,0,0,10000,0,0,0,10000,0,10000,10000
049269,超眾元大96購02  ,0,0,0,0,0,0,0,0,0,10000,0,0,0,10000,0,10000,10000
04927P,大立光凱基95售06,0,0,0,0,0,0,0,0,0,10000,0,0,0,10000,0,10000,10000
049229,台化富邦94購01  ,0,0,0,0,0,0,0,0,0,10000,0,0,0,10000,0,10000,10000
049204,京元電群益94購02,0,0,0,0,0,0,0,0,0,10000,0,0,0,30000,20000,10000,10000
049209,GIS群益94購03   ,0,0,0,0,0,0,0,0,0,10000,0,0,0,48000,38000,10000,10000
047871,健策永豐93購02  ,0,0,0,0,0,0,0,0,0,10000,0,0,0,10000,0,10000,10000
047821,臺股指凱基93購15,0,0,0,0,0,0,0,0,0,10000,0,0,0,10000,0,10000,10000
051545,裕隆康和95購01  ,0,0,0,0,0,0,0,0,0,10000,0,0,0,10000,0,10000,10000
05156P,群創兆豐95售01  ,0,0,0,0,0,0,0,0,0,10000,0,0,0,10000,0,10000,10000
051492,臻鼎凱基95購01  ,0,0,0,0,0,0,0,0,0,10000,0,0,0,20000,10000,10000,10000
051646,華通永豐96購01  ,0,0,0,0,0,0,0,0,0,10000,0,0,0,10000,0,10000,10000
051634,大立光國票96購03,0,0,0,0,0,0,0,0,0,10000,0,0,0,12000,2000,10000,10000
051609,貿聯群益95購03  ,0,0,0,0,0,0,0,0,0,10000,0,0,0,10000,0,10000,10000
051442,正崴元大95購02  ,0,0,0,0,0,0,0,0,0,10000,0,0,0,10000,0,10000,10000
051341,訊連永豐95購02  ,0,0,0,0,0,0,0,0,0,10000,0,0,0,10000,0,10000,10000
051323,康控國票96購01  ,0,0,0,0,0,0,0,0,0,10000,0,0,0,10000,0,10000,10000
051379,新光金群益95購01,0,0,0,0,0,0,0,0,0,10000,0,0,0,10000,0,10000,10000
051209,百和麥證95購01  ,0,0,0,10000,0,10000,0,0,0,10000,0,0,0,10000,0,10000,10000
051292,牧德統一97購01  ,0,0,0,0,0,0,0,0,0,10000,0,0,0,60000,50000,10000,10000
051082,上証2X元大98購01,0,0,0,0,0,0,0,0,0,10000,0,0,0,10000,0,10000,10000
051052,台積電群益95購01,0,0,0,0,0,0,0,0,0,10000,0,0,0,128000,118000,10000,10000
051059,康普群益95購01  ,0,0,0,0,0,0,0,0,0,10000,0,0,0,10000,0,10000,10000
050968,超眾永豐95購01  ,0,0,0,0,0,0,0,0,0,10000,0,0,0,20000,10000,10000,10000
050977,聯發科統一95購02,0,0,0,0,0,0,0,0,0,10000,0,0,0,10000,0,10000,10000
050953,臻鼎群益95購01  ,0,0,0,0,0,0,0,0,0,10000,0,0,0,10000,0,10000,10000
050954,樺漢群益95購01  ,0,0,0,0,0,0,0,0,0,10000,0,0,0,10000,0,10000,10000
050989,台表科富邦95購01,0,0,0,0,0,0,0,0,0,10000,0,0,0,10000,0,10000,10000
051725,緯穎永豐95購02  ,0,0,0,0,0,0,0,0,0,10000,0,0,0,10000,0,10000,10000
05169P,玉晶光元大95售03,0,0,0,0,0,0,0,0,0,10000,0,0,0,20000,10000,10000,10000
051767,臻鼎元大95購03  ,0,0,0,0,0,0,0,0,0,10000,0,0,0,10000,0,10000,10000
051785,臻鼎兆豐96購01  ,0,0,0,0,0,0,0,0,0,10000,0,0,0,10000,0,10000,10000
051793,臻鼎國票95購02  ,0,0,0,0,0,0,0,0,0,10000,0,0,0,10000,0,10000,10000
051803,矽創永豐95購03  ,0,0,0,0,0,0,0,0,0,10000,0,0,0,408000,398000,10000,10000
051842,大成鋼富邦97購01,0,0,0,0,0,0,0,0,0,10000,0,0,0,10000,0,10000,10000
051980,樺漢凱基96購01  ,0,0,0,0,0,0,0,0,0,10000,0,0,0,10000,0,10000,10000
052047,建準凱基96購01  ,0,0,0,0,0,0,0,0,0,10000,0,0,0,12000,2000,10000,10000
05187P,力山凱基95售01  ,0,0,0,0,0,0,0,0,0,10000,0,0,0,10000,0,10000,10000
051911,大立光元大98購02,0,0,0,0,0,0,0,0,0,10000,0,0,0,66000,56000,10000,10000
051967,康友永豐95購02  ,0,0,0,0,0,0,0,0,0,10000,0,0,0,10000,0,10000,10000
051940,康舒群益95購01  ,0,0,0,0,0,0,0,0,0,10000,0,0,0,10000,0,10000,10000
052191,超眾群益96購01  ,0,0,0,0,0,0,0,0,0,10000,0,0,0,10000,0,10000,10000
052201,超眾統一96購01  ,0,0,0,0,0,0,0,0,0,10000,0,0,0,10000,0,10000,10000
052259,深100富邦95購01 ,0,0,0,0,0,0,0,0,0,10000,0,0,0,10000,0,10000,10000
052155,百和台新95購01  ,0,0,0,0,0,0,0,0,0,10000,0,0,0,10000,0,10000,10000
052145,京元電群益95購02,0,0,0,0,0,0,0,0,0,10000,0,0,0,10000,0,10000,10000
052428,嘉晶永豐95購01  ,0,0,0,0,0,0,0,0,0,10000,0,0,0,10000,0,10000,10000
052414,聯電麥證95購01  ,0,0,0,10000,0,10000,0,0,0,10000,0,0,0,10000,0,10000,10000
052446,聯發科元大96購03,0,0,0,0,0,0,0,0,0,10000,0,0,0,89000,79000,10000,10000
052280,聯發科凱基95購11,0,0,0,0,0,0,0,0,0,10000,0,0,0,34000,24000,10000,10000
052278,國巨凱基95購06  ,0,0,0,0,0,0,0,0,0,10000,0,0,0,13000,3000,10000,10000
052349,鴻海統一95購15  ,0,0,0,0,0,0,0,0,0,10000,0,0,0,10000,0,10000,10000
052352,力成元富95購01  ,0,0,0,0,0,0,0,0,0,10000,0,0,0,10000,0,10000,10000
052578,大立光統一97購01,0,0,0,0,0,0,0,0,0,10000,0,0,0,10000,0,10000,10000
052621,台郡富邦97購01  ,0,0,0,0,0,0,0,0,0,10000,0,0,0,10000,0,10000,10000
052572,群創凱基99購01  ,0,0,0,0,0,0,0,0,0,10000,0,0,0,10000,0,10000,10000
052542,友達元富98購01  ,0,0,0,0,0,0,0,0,0,10000,0,0,0,10000,0,10000,10000
052515,矽力凱基95購02  ,0,0,0,0,0,0,0,0,0,10000,0,0,0,20000,10000,10000,10000
052844,台積電統一96購02,0,0,0,0,0,0,0,0,0,10000,0,0,0,10000,0,10000,10000
052851,滬深2X元富96購02,0,0,0,0,0,0,0,0,0,10000,0,0,0,45000,35000,10000,10000
052809,訊芯元大97購01  ,0,0,0,0,0,0,0,0,0,10000,0,0,0,10000,0,10000,10000
052774,京元電亞東96購01,0,0,0,0,0,0,0,0,0,10000,0,0,0,10000,0,10000,10000
052802,華新科元大97購02,0,0,0,0,0,0,0,0,0,10000,0,0,0,10000,0,10000,10000
052759,京元電群益96購01,0,0,0,0,0,0,0,0,0,10000,0,0,0,10000,0,10000,10000
053126,健策凱基97購02  ,0,0,0,0,0,0,0,0,0,10000,0,0,0,10000,0,10000,10000
053208,鴻海凱基96購13  ,0,0,0,0,0,0,0,0,0,10000,0,0,0,10000,0,10000,10000
053199,旺宏日盛96購01  ,0,0,0,0,0,0,0,0,0,10000,0,0,0,30000,20000,10000,10000
053065,大立光群益96購01,0,0,0,0,0,0,0,0,0,10000,0,0,0,10000,0,10000,10000
053093,緯穎元大96購06  ,0,0,0,0,0,0,0,0,0,10000,0,0,0,91000,81000,10000,10000
053094,聯電統一97購02  ,0,0,0,0,0,0,0,0,0,10000,0,0,0,10000,0,10000,10000
052911,友達統一97購02  ,0,0,0,0,0,0,0,0,0,10000,0,0,0,30000,20000,10000,10000
052978,貿聯麥證97購01  ,0,0,0,10000,0,10000,0,0,0,10000,0,0,0,10000,0,10000,10000
053017,世紀鋼統一96購02,0,0,0,0,0,0,0,0,0,10000,0,0,0,10000,0,10000,10000
053469,光磊元大97購01  ,0,0,0,0,0,0,0,0,0,10000,0,0,0,10000,0,10000,10000
053482,矽力元大96購03  ,0,0,0,0,0,0,0,0,0,10000,0,0,0,36000,26000,10000,10000
053509,華新群益98購01  ,0,0,0,0,0,0,0,0,0,10000,0,0,0,10000,0,10000,10000
053424,欣興永豐96購02  ,0,0,0,0,0,0,0,0,0,10000,0,0,0,11000,1000,10000,10000
053416,光磊台新97購01  ,0,0,0,0,0,0,0,0,0,10000,0,0,0,10000,0,10000,10000
053349,台郡國票97購02  ,0,0,0,0,0,0,0,0,0,10000,0,0,0,10000,0,10000,10000
053360,上証2X元富96購01,0,0,0,0,0,0,0,0,0,10000,0,0,0,10000,0,10000,10000
053354,康控兆豐97購02  ,0,0,0,0,0,0,0,0,0,10000,0,0,0,10000,0,10000,10000
053271,喬山元大97購01  ,0,0,0,0,0,0,0,0,0,10000,0,0,0,92000,82000,10000,10000
053228,康友台新97購01  ,0,0,0,0,0,0,0,0,0,10000,0,0,0,17000,7000,10000,10000
053224,矽力凱基96購02  ,0,0,0,0,0,0,0,0,0,10000,0,0,0,21000,11000,10000,10000
053787,健策元大97購02  ,0,0,0,0,0,0,0,0,0,10000,0,0,0,119000,109000,10000,10000
053842,聯發科統一96購08,0,0,0,0,0,0,0,0,0,10000,0,0,0,10000,0,10000,10000
053839,華通統一96購01  ,0,0,0,0,0,0,0,0,0,10000,0,0,0,10000,0,10000,10000
053653,京元電凱基96購02,0,0,0,0,0,0,0,0,0,10000,0,0,0,20000,10000,10000,10000
05365P,臺股指富邦95售05,0,0,0,0,0,0,0,0,0,10000,0,0,0,10000,0,10000,10000
053714,南亞科凱基96購03,0,0,0,0,0,0,0,0,0,10000,0,0,0,10000,0,10000,10000
053614,台積電群益96購08,0,0,0,0,0,0,0,0,0,10000,0,0,0,45000,35000,10000,10000
053618,新唐群益96購01  ,0,0,0,0,0,0,0,0,0,10000,0,0,0,10000,0,10000,10000
2459,敦吉            ,15000,5000,10000,0,0,0,0,0,0,0,0,0,0,0,0,0,10000
4999,鑫禾            ,10000,0,10000,0,0,0,0,0,0,0,0,0,0,0,0,0,10000
2597,潤弘            ,2000,2000,0,0,0,0,9345,0,9345,0,0,0,0,0,0,0,9345
053927,牧德國票97購01  ,0,0,0,0,0,0,0,0,0,9000,0,0,0,9000,0,9000,9000
054107,上銀凱基97購01  ,0,0,0,0,0,0,0,0,0,9000,0,0,0,9000,0,9000,9000
054124,達方永豐96購02  ,0,0,0,0,0,0,0,0,0,9000,0,0,0,9000,0,9000,9000
054728,聯發科日盛97購01,0,0,0,0,0,0,0,0,0,9000,0,0,0,11000,2000,9000,9000
055443,台虹國票98購01  ,0,0,0,0,0,0,0,0,0,9000,0,0,0,9000,0,9000,9000
055471,聯發科凱基97購04,0,0,0,0,0,0,0,0,0,9000,0,0,0,62000,53000,9000,9000
055312,台虹群益99購01  ,0,0,0,0,0,0,0,0,0,9000,0,0,0,20000,11000,9000,9000
055317,金寶國票98購01  ,0,0,0,0,0,0,0,0,0,9000,0,0,0,126000,117000,9000,9000
055618,麗豐國票98購01  ,0,0,0,0,0,0,0,0,0,9000,0,0,0,9000,0,9000,9000
055556,奇力新凱基98購03,0,0,0,0,0,0,0,0,0,9000,0,0,0,9000,0,9000,9000
05941P,聯發科凱基96售22,0,0,0,0,0,0,0,0,0,9000,0,0,0,10000,1000,9000,9000
04265P,滬深2X元富93售04,0,0,0,0,0,0,0,0,0,9000,0,0,0,15000,6000,9000,9000
044101,聯茂國泰92購01  ,0,0,0,0,0,0,0,0,0,9000,0,0,0,9000,0,9000,9000
043970,為升富邦94購01  ,0,0,0,0,0,0,0,0,0,9000,0,0,0,9000,0,9000,9000
00662,富邦NASDAQ      ,0,0,0,0,0,0,0,0,0,9000,0,0,0,143000,134000,9000,9000
00852L,國泰美國道瓊正2 ,0,0,0,0,0,0,0,0,0,9000,0,0,0,78000,69000,9000,9000
048732,台勝科麥證95購01,0,0,0,9000,0,9000,0,0,0,9000,0,0,0,9000,0,9000,9000
04864P,欣興元大94售10  ,0,0,0,0,0,0,0,0,0,9000,0,0,0,9000,0,9000,9000
049016,國巨群益94購02  ,0,0,0,0,0,0,0,0,0,9000,0,0,0,39000,30000,9000,9000
045052,聯發科元富92購01,0,0,0,0,0,0,0,0,0,9000,0,0,0,43000,34000,9000,9000
045418,上銀凱基92購01  ,0,0,0,0,0,0,0,0,0,9000,0,0,0,9000,0,9000,9000
045775,可成元大92購06  ,0,0,0,0,0,0,0,0,0,9000,0,0,0,10000,1000,9000,9000
046484,華泰國泰93購01  ,0,0,0,0,0,0,0,0,0,9000,0,0,0,10000,1000,9000,9000
046579,台積電元大92購32,0,0,0,0,0,0,0,0,0,9000,0,0,0,16000,7000,9000,9000
046706,智邦台新93購01  ,0,0,0,0,0,0,0,0,0,9000,0,0,0,9000,0,9000,9000
049199,茂林永豐95購01  ,0,0,0,0,0,0,0,0,0,9000,0,0,0,10000,1000,9000,9000
049301,致新群益95購01  ,0,0,0,0,0,0,0,0,0,9000,0,0,0,24000,15000,9000,9000
048798,華新科國泰95購01,0,0,0,0,0,0,0,0,0,9000,0,0,0,9000,0,9000,9000
048435,致新國票93購01  ,0,0,0,0,0,0,0,0,0,9000,0,0,0,51000,42000,9000,9000
047930,嘉澤凱基93購03  ,0,0,0,0,0,0,0,0,0,9000,0,0,0,10000,1000,9000,9000
049978,瑞昱凱基94購04  ,0,0,0,0,0,0,0,0,0,9000,0,0,0,26000,17000,9000,9000
050075,南電凱基94購04  ,0,0,0,0,0,0,0,0,0,9000,0,0,0,9000,0,9000,9000
049742,日月光群益94購02,0,0,0,0,0,0,0,0,0,9000,0,0,0,93000,84000,9000,9000
049803,華新科元大95購07,0,0,0,0,0,0,0,0,0,9000,0,0,0,50000,41000,9000,9000
049574,新日興統一94購03,0,0,0,0,0,0,0,0,0,9000,0,0,0,9000,0,9000,9000
049507,和大凱基94購01  ,0,0,0,0,0,0,0,0,0,9000,0,0,0,9000,0,9000,9000
050261,國巨元大95購04  ,0,0,0,0,0,0,0,0,0,9000,0,0,0,41000,32000,9000,9000
050262,台積電元大94購21,0,0,0,0,0,0,0,0,0,9000,0,0,0,10000,1000,9000,9000
050263,旺宏元大94購10  ,0,0,0,0,0,0,0,0,0,9000,0,0,0,25000,16000,9000,9000
050267,奇鋐元大94購03  ,0,0,0,0,0,0,0,0,0,9000,0,0,0,10000,1000,9000,9000
050503,聯發科凱基94購22,0,0,0,0,0,0,0,0,0,9000,0,0,0,10000,1000,9000,9000
050417,喬山凱基94購01  ,0,0,0,0,0,0,0,0,0,9000,0,0,0,9000,0,9000,9000
048201,智易元大93購06  ,0,0,0,0,0,0,0,0,0,9000,0,0,0,9000,0,9000,9000
048423,聯發科元富93購02,0,0,0,0,0,0,0,0,0,9000,0,0,0,9000,0,9000,9000
048393,台光電國票93購02,0,0,0,0,0,0,0,0,0,9000,0,0,0,9000,0,9000,9000
047276,中工永豐93購01  ,0,0,0,0,0,0,0,0,0,9000,0,0,0,29000,20000,9000,9000
053681,臺股指富邦96購02,0,0,0,0,0,0,0,0,0,9000,0,0,0,20000,11000,9000,9000
053320,華新科群益97購01,0,0,0,0,0,0,0,0,0,9000,0,0,0,10000,1000,9000,9000
052945,嘉晶國票97購01  ,0,0,0,0,0,0,0,0,0,9000,0,0,0,9000,0,9000,9000
053106,鴻海兆豐98購01  ,0,0,0,0,0,0,0,0,0,9000,0,0,0,10000,1000,9000,9000
053099,正崴元富96購01  ,0,0,0,0,0,0,0,0,0,9000,0,0,0,9000,0,9000,9000
053056,同欣電國票97購01,0,0,0,0,0,0,0,0,0,9000,0,0,0,9000,0,9000,9000
05247P,上銀群益95售01  ,0,0,0,0,0,0,0,0,0,9000,0,0,0,55000,46000,9000,9000
052109,可成元富95購01  ,0,0,0,0,0,0,0,0,0,9000,0,0,0,9000,0,9000,9000
051798,國巨永豐95購03  ,0,0,0,0,0,0,0,0,0,9000,0,0,0,10000,1000,9000,9000
051575,國巨元大96購03  ,0,0,0,0,0,0,0,0,0,9000,0,0,0,56000,47000,9000,9000
1737,臺鹽            ,20000,11000,9000,0,0,0,0,0,0,0,0,0,0,0,0,0,9000
2069,運錩            ,10000,1000,9000,0,0,0,0,0,0,0,0,0,0,0,0,0,9000
2727,王品            ,14000,7000,7000,0,0,0,2000,0,2000,0,0,0,0,0,0,0,9000
6605,帝寶            ,10000,4000,6000,0,0,0,3000,0,3000,0,0,0,0,0,0,0,9000
6152,百一            ,27000,18000,9000,0,0,0,0,0,0,0,0,0,0,0,0,0,9000
05886P,華通元富96售01  ,0,0,0,0,0,0,0,0,0,8000,0,0,0,8000,0,8000,8000
05950P,台積電國票97售04,0,0,0,0,0,0,0,0,0,8000,0,0,0,8000,0,8000,8000
06078P,臺股指凱基9A售01,0,0,0,0,0,0,0,0,0,8000,0,0,0,10000,2000,8000,8000
1218,泰山            ,36000,28000,8000,0,0,0,0,0,0,0,0,0,0,0,0,0,8000
055699,康控國票97購04  ,0,0,0,0,0,0,0,0,0,8000,0,0,0,8000,0,8000,8000
055316,上銀國票98購01  ,0,0,0,0,0,0,0,0,0,8000,0,0,0,18000,10000,8000,8000
055387,世紀鋼元大97購01,0,0,0,0,0,0,0,0,0,8000,0,0,0,8000,0,8000,8000
055374,明泰元大97購01  ,0,0,0,0,0,0,0,0,0,8000,0,0,0,8000,0,8000,8000
055255,欣興統一97購02  ,0,0,0,0,0,0,0,0,0,8000,0,0,0,70000,62000,8000,8000
055261,帆宣統一98購01  ,0,0,0,0,0,0,0,0,0,8000,0,0,0,18000,10000,8000,8000
055270,上銀元大97購03  ,0,0,0,0,0,0,0,0,0,8000,0,0,0,10000,2000,8000,8000
055466,台達電凱基97購03,0,0,0,0,0,0,0,0,0,8000,0,0,0,8000,0,8000,8000
055442,矽創國票98購02  ,0,0,0,0,0,0,0,0,0,8000,0,0,0,8000,0,8000,8000
055401,亞光元富9A購01  ,0,0,0,0,0,0,0,0,0,8000,0,0,0,19000,11000,8000,8000
054729,聯發科日盛97購02,0,0,0,0,0,0,0,0,0,8000,0,0,0,8000,0,8000,8000
054672,華新科國泰99購01,0,0,0,0,0,0,0,0,0,8000,0,0,0,16000,8000,8000,8000
054981,國巨元富97購02  ,0,0,0,0,0,0,0,0,0,8000,0,0,0,10000,2000,8000,8000
055003,群創元富99購05  ,0,0,0,0,0,0,0,0,0,8000,0,0,0,8000,0,8000,8000
054032,上銀中信96購01  ,0,0,0,0,0,0,0,0,0,8000,0,0,0,38000,30000,8000,8000
054361,技嘉凱基96購01  ,0,0,0,0,0,0,0,0,0,8000,0,0,0,49000,41000,8000,8000
054507,鈺齊永豐96購01  ,0,0,0,0,0,0,0,0,0,8000,0,0,0,9000,1000,8000,8000
046695,瑞昱凱基93購03  ,0,0,0,0,0,0,0,0,0,8000,0,0,0,15000,7000,8000,8000
046691,儒鴻凱基93購02  ,0,0,0,0,0,0,0,0,0,8000,0,0,0,8000,0,8000,8000
046541,超眾群益93購01  ,0,0,0,0,0,0,0,0,0,8000,0,0,0,8000,0,8000,8000
046915,禾伸堂台新93購01,0,0,0,0,0,0,0,0,0,8000,0,0,0,8000,0,8000,8000
046305,台積電元大92購27,0,0,0,0,0,0,0,0,0,8000,0,0,0,16000,8000,8000,8000
04872P,高股息中信94售01,0,0,0,0,0,0,0,0,0,8000,0,0,0,8000,0,8000,8000
0053,元大電子        ,0,0,0,0,0,0,0,0,0,8000,0,0,0,11000,3000,8000,8000
0054,元大台商50      ,0,0,0,0,0,0,0,0,0,8000,0,0,0,8000,0,8000,8000
04053P,聯茂國泰94售01  ,0,0,0,0,0,0,0,0,0,8000,0,0,0,8000,0,8000,8000
03075P,泰碩國泰03售01  ,0,0,0,0,0,0,0,0,0,8000,0,0,0,8000,0,8000,8000
041597,A50正2中信93購01,0,0,0,0,0,0,0,0,0,8000,0,0,0,8000,0,8000,8000
044496,群創元大93購02  ,0,0,0,0,0,0,0,0,0,8000,0,0,0,60000,52000,8000,8000
04163P,可成統一93售03  ,0,0,0,0,0,0,0,0,0,8000,0,0,0,8000,0,8000,8000
043010,友達元大92購01  ,0,0,0,0,0,0,0,0,0,8000,0,0,0,8000,0,8000,8000
046881,智原富邦99購01  ,0,0,0,0,0,0,0,0,0,8000,0,0,0,35000,27000,8000,8000
045710,儒鴻凱基92購02  ,0,0,0,0,0,0,0,0,0,8000,0,0,0,8000,0,8000,8000
04826P,華新科麥證95售01,0,0,0,15000,7000,8000,0,0,0,8000,0,0,0,15000,7000,8000,8000
048264,華新科元富93購01,0,0,0,0,0,0,0,0,0,8000,0,0,0,8000,0,8000,8000
049308,台達電凱基94購04,0,0,0,0,0,0,0,0,0,8000,0,0,0,8000,0,8000,8000
048162,矽力麥證93購01  ,0,0,0,10000,2000,8000,0,0,0,8000,0,0,0,10000,2000,8000,8000
050505,可成凱基94購12  ,0,0,0,0,0,0,0,0,0,8000,0,0,0,8000,0,8000,8000
050819,宏達電凱基95購01,0,0,0,0,0,0,0,0,0,8000,0,0,0,38000,30000,8000,8000
050925,可成凱基95購02  ,0,0,0,0,0,0,0,0,0,8000,0,0,0,8000,0,8000,8000
049504,臺股指元大94購15,0,0,0,0,0,0,0,0,0,8000,0,0,0,28000,20000,8000,8000
049594,揚明光元大95購01,0,0,0,0,0,0,0,0,0,8000,0,0,0,8000,0,8000,8000
049542,鴻海群益94購05  ,0,0,0,0,0,0,0,0,0,8000,0,0,0,70000,62000,8000,8000
049725,台郡國票94購03  ,0,0,0,0,0,0,0,0,0,8000,0,0,0,10000,2000,8000,8000
049889,欣興國泰96購01  ,0,0,0,0,0,0,0,0,0,8000,0,0,0,10000,2000,8000,8000
049856,緯穎群益94購02  ,0,0,0,0,0,0,0,0,0,8000,0,0,0,8000,0,8000,8000
048976,華擎元大94購01  ,0,0,0,0,0,0,0,0,0,8000,0,0,0,8000,0,8000,8000
049488,智邦元大95購01  ,0,0,0,0,0,0,0,0,0,8000,0,0,0,69000,61000,8000,8000
048793,超眾元大95購02  ,0,0,0,0,0,0,0,0,0,8000,0,0,0,8000,0,8000,8000
049187,義隆台新94購01  ,0,0,0,0,0,0,0,0,0,8000,0,0,0,8000,0,8000,8000
048902,昇陽半國泰96購01,0,0,0,0,0,0,0,0,0,8000,0,0,0,10000,2000,8000,8000
047798,臺股指群益93購09,0,0,0,0,0,0,0,0,0,8000,0,0,0,20000,12000,8000,8000
051483,玉晶光凱基96購02,0,0,0,0,0,0,0,0,0,8000,0,0,0,15000,7000,8000,8000
051291,聯詠統一95購01  ,0,0,0,0,0,0,0,0,0,8000,0,0,0,43000,35000,8000,8000
051708,創意群益95購02  ,0,0,0,0,0,0,0,0,0,8000,0,0,0,105000,97000,8000,8000
05170P,世芯元大95售01  ,0,0,0,0,0,0,0,0,0,8000,0,0,0,19000,11000,8000,8000
052096,力成元大95購01  ,0,0,0,0,0,0,0,0,0,8000,0,0,0,8000,0,8000,8000
052318,友達元大98購01  ,0,0,0,0,0,0,0,0,0,8000,0,0,0,18000,10000,8000,8000
053041,可成凱基96購02  ,0,0,0,0,0,0,0,0,0,8000,0,0,0,8000,0,8000,8000
053370,上証2X元大97購03,0,0,0,0,0,0,0,0,0,8000,0,0,0,8000,0,8000,8000
053456,大立光元富96購04,0,0,0,0,0,0,0,0,0,8000,0,0,0,26000,18000,8000,8000
053491,鴻海兆豐97購02  ,0,0,0,0,0,0,0,0,0,8000,0,0,0,9000,1000,8000,8000
053570,京元電統一96購01,0,0,0,0,0,0,0,0,0,8000,0,0,0,10000,2000,8000,8000
6168,宏齊            ,14000,2000,12000,0,0,0,0,0,0,-4000,0,4000,-4000,0,0,0,8000
8033,雷虎            ,14000,6000,8000,0,0,0,0,0,0,0,0,0,0,0,0,0,8000
1626,艾美特-KY       ,18000,10000,8000,0,0,0,0,0,0,0,0,0,0,0,0,0,8000
2488,漢平            ,30000,19000,11000,0,0,0,0,0,0,-3000,0,3000,-3000,0,0,0,8000
3702A,大聯大甲特      ,0,0,0,0,0,0,0,0,0,7237,0,763,-763,8000,0,8000,7237
2454,聯發科          ,3819013,3160839,658174,0,0,0,25000,102000,-77000,-574000,161000,171000,-10000,44000,608000,-564000,7174
3031,佰鴻            ,71000,54000,17000,0,0,0,0,8926,-8926,-1000,0,1000,-1000,0,0,0,7074
054251,聯發科元大96購21,0,0,0,0,0,0,0,0,0,7000,0,0,0,79000,72000,7000,7000
054749,聯茂凱基98購01  ,0,0,0,0,0,0,0,0,0,7000,0,0,0,66000,59000,7000,7000
054841,亞德客兆豐97購01,0,0,0,0,0,0,0,0,0,7000,0,0,0,7000,0,7000,7000
054829,亞光國泰99購01  ,0,0,0,0,0,0,0,0,0,7000,0,0,0,135000,128000,7000,7000
055328,鈺齊國票98購01  ,0,0,0,0,0,0,0,0,0,7000,0,0,0,7000,0,7000,7000
1459,聯發            ,7000,0,7000,0,0,0,0,0,0,0,0,0,0,0,0,0,7000
06105P,國巨國票98售02  ,0,0,0,0,0,0,0,0,0,7000,0,0,0,9000,2000,7000,7000
05991P,聯茂群益96售05  ,0,0,0,0,0,0,0,0,0,7000,0,0,0,27000,20000,7000,7000
05745P,富邦金兆豐96售02,0,0,0,0,0,0,0,0,0,7000,0,0,0,8000,1000,7000,7000
05660P,玉晶光第一96售01,0,0,0,0,0,0,0,0,0,7000,0,0,0,15000,8000,7000,7000
04571P,華新科國泰95售03,0,0,0,0,0,0,0,0,0,7000,0,0,0,260000,253000,7000,7000
043907,鴻海凱基93購01  ,0,0,0,0,0,0,0,0,0,7000,0,0,0,12000,5000,7000,7000
043236,台灣50兆豐93購02,0,0,0,0,0,0,0,0,0,7000,0,0,0,20000,13000,7000,7000
042538,新光金國泰92購01,0,0,0,0,0,0,0,0,0,7000,0,0,0,7000,0,7000,7000
04177P,富邦金元大94售01,0,0,0,0,0,0,0,0,0,7000,0,0,0,76000,69000,7000,7000
042196,元油2X元大93購02,0,0,0,0,0,0,0,0,0,7000,0,0,0,7000,0,7000,7000
039319,華新科國泰92購01,0,0,0,0,0,0,0,0,0,7000,0,0,0,7000,0,7000,7000
04054P,滬深2X富邦96售02,0,0,0,0,0,0,0,0,0,7000,0,0,0,28000,21000,7000,7000
00709,富邦歐洲        ,0,0,0,0,0,0,0,0,0,7000,0,0,0,107000,100000,7000,7000
048662,京元電統一93購04,0,0,0,0,0,0,0,0,0,7000,0,0,0,7000,0,7000,7000
048644,華固元大93購01  ,0,0,0,0,0,0,0,0,0,7000,0,0,0,7000,0,7000,7000
048814,上銀凱基94購01  ,0,0,0,0,0,0,0,0,0,7000,0,0,0,27000,20000,7000,7000
048575,旺宏國泰94購04  ,0,0,0,0,0,0,0,0,0,7000,0,0,0,9000,2000,7000,7000
045171,可成兆豐92購02  ,0,0,0,0,0,0,0,0,0,7000,0,0,0,7000,0,7000,7000
045871,元油2X元富96購03,0,0,0,0,0,0,0,0,0,7000,0,0,0,10000,3000,7000,7000
048786,瑞昱元大94購02  ,0,0,0,0,0,0,0,0,0,7000,0,0,0,22000,15000,7000,7000
049931,矽力元大94購01  ,0,0,0,0,0,0,0,0,0,7000,0,0,0,7000,0,7000,7000
049918,宏達電元大94購01,0,0,0,0,0,0,0,0,0,7000,0,0,0,10000,3000,7000,7000
047967,南亞科國泰95購01,0,0,0,0,0,0,0,0,0,7000,0,0,0,9000,2000,7000,7000
048507,聯茂群益93購05  ,0,0,0,0,0,0,0,0,0,7000,0,0,0,7000,0,7000,7000
049873,華新科台新94購02,0,0,0,0,0,0,0,0,0,7000,0,0,0,7000,0,7000,7000
049716,台積電凱基94購24,0,0,0,0,0,0,0,0,0,7000,0,0,0,7000,0,7000,7000
049705,緯穎元大94購05  ,0,0,0,0,0,0,0,0,0,7000,0,0,0,8000,1000,7000,7000
049597,泰鼎元大96購01  ,0,0,0,0,0,0,0,0,0,7000,0,0,0,133000,126000,7000,7000
050083,旺宏元富94購01  ,0,0,0,0,0,0,0,0,0,7000,0,0,0,10000,3000,7000,7000
049469,元金2X永豐94購01,0,0,0,0,0,0,0,0,0,7000,0,0,0,7000,0,7000,7000
050485,國巨統一96購01  ,0,0,0,0,0,0,0,0,0,7000,0,0,0,8000,1000,7000,7000
050540,台積電凱基94購38,0,0,0,0,0,0,0,0,0,7000,0,0,0,9000,2000,7000,7000
047770,聯詠元大93購10  ,0,0,0,0,0,0,0,0,0,7000,0,0,0,22000,15000,7000,7000
048265,創意元富93購05  ,0,0,0,0,0,0,0,0,0,7000,0,0,0,7000,0,7000,7000
047179,台積電元大93購17,0,0,0,0,0,0,0,0,0,7000,0,0,0,80000,73000,7000,7000
047202,欣興元富96購01  ,0,0,0,0,0,0,0,0,0,7000,0,0,0,7000,0,7000,7000
047306,儒鴻元大93購03  ,0,0,0,0,0,0,0,0,0,7000,0,0,0,12000,5000,7000,7000
053555,日月光凱基97購01,0,0,0,0,0,0,0,0,0,7000,0,0,0,7000,0,7000,7000
053489,上銀兆豐97購01  ,0,0,0,0,0,0,0,0,0,7000,0,0,0,7000,0,7000,7000
053496,義隆兆豐96購02  ,0,0,0,0,0,0,0,0,0,7000,0,0,0,38000,31000,7000,7000
053477,大立光元大97購03,0,0,0,0,0,0,0,0,0,7000,0,0,0,7000,0,7000,7000
053116,華新科中信96購01,0,0,0,0,0,0,0,0,0,7000,0,0,0,10000,3000,7000,7000
052901,台達電國票97購01,0,0,0,0,0,0,0,0,0,7000,0,0,0,7000,0,7000,7000
05248P,矽創群益96售01  ,0,0,0,0,0,0,0,0,0,7000,0,0,0,7000,0,7000,7000
052808,矽力元大96購02  ,0,0,0,0,0,0,0,0,0,7000,0,0,0,7000,0,7000,7000
052286,力成凱基95購02  ,0,0,0,0,0,0,0,0,0,7000,0,0,0,10000,3000,7000,7000
052110,可成元富95購02  ,0,0,0,0,0,0,0,0,0,7000,0,0,0,7000,0,7000,7000
051818,國巨統一95購02  ,0,0,0,0,0,0,0,0,0,7000,0,0,0,7000,0,7000,7000
052026,漢唐群益95購01  ,0,0,0,0,0,0,0,0,0,7000,0,0,0,7000,0,7000,7000
051237,鴻海元大97購01  ,0,0,0,0,0,0,0,0,0,7000,0,0,0,161000,154000,7000,7000
050995,貿聯元大95購02  ,0,0,0,0,0,0,0,0,0,7000,0,0,0,7000,0,7000,7000
051005,緯創中信95購02  ,0,0,0,0,0,0,0,0,0,7000,0,0,0,50000,43000,7000,7000
051071,聯發科國票96購01,0,0,0,0,0,0,0,0,0,7000,0,0,0,107000,100000,7000,7000
051639,康友國票96購02  ,0,0,0,0,0,0,0,0,0,7000,0,0,0,42000,35000,7000,7000
3712,永崴投控        ,19000,10000,9000,0,0,0,0,0,0,-2000,0,2000,-2000,0,0,0,7000
2380,虹光            ,7000,0,7000,0,0,0,0,0,0,0,0,0,0,0,0,0,7000
2397,友通            ,7000,0,7000,0,0,0,0,0,0,0,0,0,0,0,0,0,7000
1786,科妍            ,13000,5000,8000,0,0,0,0,0,0,-1000,0,1000,-1000,0,0,0,7000
8114,振樺電          ,11000,9000,2000,0,0,0,13000,7000,6000,-1000,0,1000,-1000,0,0,0,7000
6133,金橋            ,20000,9000,11000,0,0,0,0,0,0,-4000,0,4000,-4000,0,0,0,7000
05661P,聯發科統一96售06,0,0,0,0,0,0,0,0,0,6000,0,0,0,16000,10000,6000,6000
05679P,台表科群益96售05,0,0,0,0,0,0,0,0,0,6000,0,0,0,95000,89000,6000,6000
05990P,台積電群益96售13,0,0,0,0,0,0,0,0,0,6000,0,0,0,20000,14000,6000,6000
06045P,臺股指永豐96售03,0,0,0,0,0,0,0,0,0,6000,0,0,0,10000,4000,6000,6000
06019P,緯穎凱基96售03  ,0,0,0,0,0,0,0,0,0,6000,0,0,0,6000,0,6000,6000
05997P,嘉聯益群益96售02,0,0,0,0,0,0,0,0,0,6000,0,0,0,6000,0,6000,6000
05889P,群創元大98售02  ,0,0,0,0,0,0,0,0,0,6000,0,0,0,51000,45000,6000,6000
06063P,玉晶光元富97售01,0,0,0,0,0,0,0,0,0,6000,0,0,0,26000,20000,6000,6000
055525,國巨群益98購05  ,0,0,0,0,0,0,0,0,0,6000,0,0,0,14000,8000,6000,6000
055574,美律統一97購01  ,0,0,0,0,0,0,0,0,0,6000,0,0,0,18000,12000,6000,6000
055604,訊芯元大98購02  ,0,0,0,0,0,0,0,0,0,6000,0,0,0,56000,50000,6000,6000
054757,南亞國票98購01  ,0,0,0,0,0,0,0,0,0,6000,0,0,0,20000,14000,6000,6000
055030,帆宣國泰99購02  ,0,0,0,0,0,0,0,0,0,6000,0,0,0,310000,304000,6000,6000
054435,華新科台新97購02,0,0,0,0,0,0,0,0,0,6000,0,0,0,6000,0,6000,6000
054463,瑞昱凱基97購01  ,0,0,0,0,0,0,0,0,0,6000,0,0,0,26000,20000,6000,6000
053916,漢唐國票97購04  ,0,0,0,0,0,0,0,0,0,6000,0,0,0,6000,0,6000,6000
054154,智易國泰97購01  ,0,0,0,0,0,0,0,0,0,6000,0,0,0,10000,4000,6000,6000
046537,聯發科群益93購02,0,0,0,0,0,0,0,0,0,6000,0,0,0,6000,0,6000,6000
046567,正崴元富92購01  ,0,0,0,0,0,0,0,0,0,6000,0,0,0,6000,0,6000,6000
046644,台達電國泰93購01,0,0,0,0,0,0,0,0,0,6000,0,0,0,6000,0,6000,6000
046068,國泰金凱基92購02,0,0,0,0,0,0,0,0,0,6000,0,0,0,6000,0,6000,6000
046100,京元電永豐92購01,0,0,0,0,0,0,0,0,0,6000,0,0,0,6000,0,6000,6000
04906P,欣興國票95售01  ,0,0,0,0,0,0,0,0,0,6000,0,0,0,6000,0,6000,6000
048852,旺宏群益96購02  ,0,0,0,0,0,0,0,0,0,6000,0,0,0,6000,0,6000,6000
048874,玉晶光國票96購01,0,0,0,0,0,0,0,0,0,6000,0,0,0,6000,0,6000,6000
03643C,臺股指元富99牛04,0,0,0,0,0,0,0,0,0,6000,0,0,0,6000,0,6000,6000
044510,台光電凱基93購04,0,0,0,0,0,0,0,0,0,6000,0,0,0,239000,233000,6000,6000
043784,鴻海凱基94購01  ,0,0,0,0,0,0,0,0,0,6000,0,0,0,6000,0,6000,6000
044081,鴻海國票92購01  ,0,0,0,0,0,0,0,0,0,6000,0,0,0,16000,10000,6000,6000
043694,華新科兆豐92購01,0,0,0,0,0,0,0,0,0,6000,0,0,0,6000,0,6000,6000
045493,台肥凱基92購01  ,0,0,0,0,0,0,0,0,0,6000,0,0,0,6000,0,6000,6000
047250,日月光群益94購01,0,0,0,0,0,0,0,0,0,6000,0,0,0,17000,11000,6000,6000
048342,強茂元大93購01  ,0,0,0,0,0,0,0,0,0,6000,0,0,0,6000,0,6000,6000
047736,聯發科台新94購01,0,0,0,0,0,0,0,0,0,6000,0,0,0,6000,0,6000,6000
049419,欣興凱基94購04  ,0,0,0,0,0,0,0,0,0,6000,0,0,0,7000,1000,6000,6000
047612,瑞昱群益93購03  ,0,0,0,0,0,0,0,0,0,6000,0,0,0,87000,81000,6000,6000
050529,矽格元大94購05  ,0,0,0,0,0,0,0,0,0,6000,0,0,0,7000,1000,6000,6000
050415,力成永豐94購01  ,0,0,0,0,0,0,0,0,0,6000,0,0,0,15000,9000,6000,6000
050838,為升國票96購01  ,0,0,0,0,0,0,0,0,0,6000,0,0,0,11000,5000,6000,6000
050835,GIS凱基96購01   ,0,0,0,0,0,0,0,0,0,6000,0,0,0,20000,14000,6000,6000
050749,道瓊銀統一96購03,0,0,0,0,0,0,0,0,0,6000,0,0,0,16000,10000,6000,6000
050734,台積電台新94購02,0,0,0,0,0,0,0,0,0,6000,0,0,0,6000,0,6000,6000
050084,宏達電元富94購03,0,0,0,0,0,0,0,0,0,6000,0,0,0,6000,0,6000,6000
050114,群創元大95購01  ,0,0,0,0,0,0,0,0,0,6000,0,0,0,7000,1000,6000,6000
048092,聯發科凱基93購29,0,0,0,0,0,0,0,0,0,6000,0,0,0,46000,40000,6000,6000
048120,台泥元大93購02  ,0,0,0,0,0,0,0,0,0,6000,0,0,0,6000,0,6000,6000
048962,宏全康和94購01  ,0,0,0,0,0,0,0,0,0,6000,0,0,0,6000,0,6000,6000
049919,美食元大94購03  ,0,0,0,0,0,0,0,0,0,6000,0,0,0,6000,0,6000,6000
049213,滬深2X國票94購02,0,0,0,0,0,0,0,0,0,6000,0,0,0,11000,5000,6000,6000
051643,瑞昱康和95購01  ,0,0,0,0,0,0,0,0,0,6000,0,0,0,6000,0,6000,6000
051503,玉晶光統一97購01,0,0,0,0,0,0,0,0,0,6000,0,0,0,6000,0,6000,6000
051480,大立光凱基97購01,0,0,0,0,0,0,0,0,0,6000,0,0,0,15000,9000,6000,6000
051351,台積電元大95購15,0,0,0,0,0,0,0,0,0,6000,0,0,0,120000,114000,6000,6000
051039,台表科康和95購01,0,0,0,0,0,0,0,0,0,6000,0,0,0,20000,14000,6000,6000
051085,鴻海元大95購03  ,0,0,0,0,0,0,0,0,0,6000,0,0,0,394000,388000,6000,6000
051181,鴻海永豐95購03  ,0,0,0,0,0,0,0,0,0,6000,0,0,0,8000,2000,6000,6000
052060,旺宏國票96購02  ,0,0,0,0,0,0,0,0,0,6000,0,0,0,22000,16000,6000,6000
051987,廣達元大95購01  ,0,0,0,0,0,0,0,0,0,6000,0,0,0,6000,0,6000,6000
051952,聯發科元富95購03,0,0,0,0,0,0,0,0,0,6000,0,0,0,6000,0,6000,6000
052706,台虹國票97購01  ,0,0,0,0,0,0,0,0,0,6000,0,0,0,16000,10000,6000,6000
052564,美食日盛96購01  ,0,0,0,0,0,0,0,0,0,6000,0,0,0,6000,0,6000,6000
052971,京元電群益98購01,0,0,0,0,0,0,0,0,0,6000,0,0,0,21000,15000,6000,6000
053405,台達電兆豐96購01,0,0,0,0,0,0,0,0,0,6000,0,0,0,18000,12000,6000,6000
053254,群創國泰98購02  ,0,0,0,0,0,0,0,0,0,6000,0,0,0,6000,0,6000,6000
053620,臺股指群益96購06,0,0,0,0,0,0,0,0,0,6000,0,0,0,7000,1000,6000,6000
053713,漢唐凱基96購04  ,0,0,0,0,0,0,0,0,0,6000,0,0,0,6000,0,6000,6000
053785,聯詠元大96購05  ,0,0,0,0,0,0,0,0,0,6000,0,0,0,41000,35000,6000,6000
910861,神州-DR         ,6000,0,6000,0,0,0,0,0,0,0,0,0,0,0,0,0,6000
9941,裕融            ,12000,27000,-15000,0,0,0,0,0,0,21000,21000,0,21000,0,0,0,6000
1608,華榮            ,12000,3000,9000,0,0,0,0,0,0,-3000,0,3000,-3000,0,0,0,6000
2528,皇普            ,9000,2000,7000,0,0,0,0,0,0,-1000,0,1000,-1000,0,0,0,6000
4438,廣越            ,23000,10000,13000,0,0,0,0,5000,-5000,-2000,0,1000,-1000,0,1000,-1000,6000
4956,光鋐            ,11000,4000,7000,0,0,0,0,0,0,-1000,0,1000,-1000,0,0,0,6000
3022,威強電          ,11000,5000,6000,0,0,0,0,0,0,0,0,0,0,0,0,0,6000
2701,萬企            ,6000,0,6000,0,0,0,0,0,0,0,0,0,0,0,0,0,6000
054187,亞光永豐96購03  ,0,0,0,0,0,0,0,0,0,5000,0,0,0,15000,10000,5000,5000
054074,健策富邦98購01  ,0,0,0,0,0,0,0,0,0,5000,0,0,0,10000,5000,5000,5000
054065,樺漢國票97購01  ,0,0,0,0,0,0,0,0,0,5000,0,0,0,10000,5000,5000,5000
053898,康友群益97購01  ,0,0,0,0,0,0,0,0,0,5000,0,0,0,11000,6000,5000,5000
054041,鴻海元大96購22  ,0,0,0,0,0,0,0,0,0,5000,0,0,0,68000,63000,5000,5000
053993,旺宏群益98購02  ,0,0,0,0,0,0,0,0,0,5000,0,0,0,24000,19000,5000,5000
054444,緯穎台新97購01  ,0,0,0,0,0,0,0,0,0,5000,0,0,0,5000,0,5000,5000
054540,泰鼎國票99購01  ,0,0,0,0,0,0,0,0,0,5000,0,0,0,15000,10000,5000,5000
054541,康控國票98購01  ,0,0,0,0,0,0,0,0,0,5000,0,0,0,5000,0,5000,5000
054278,晶技群益97購02  ,0,0,0,0,0,0,0,0,0,5000,0,0,0,5000,0,5000,5000
05435P,鴻海群益95售12  ,0,0,0,0,0,0,0,0,0,5000,0,0,0,5000,0,5000,5000
054920,智原凱基98購01  ,0,0,0,0,0,0,0,0,0,5000,0,0,0,22000,17000,5000,5000
054955,宏達電元大98購01,0,0,0,0,0,0,0,0,0,5000,0,0,0,5000,0,5000,5000
055161,貿聯元大98購03  ,0,0,0,0,0,0,0,0,0,5000,0,0,0,10000,5000,5000,5000
054824,同欣電元大97購04,0,0,0,0,0,0,0,0,0,5000,0,0,0,12000,7000,5000,5000
05484P,台積電凱基95售18,0,0,0,0,0,0,0,0,0,5000,0,0,0,5000,0,5000,5000
054879,大成鋼統一97購01,0,0,0,0,0,0,0,0,0,5000,0,0,0,5000,0,5000,5000
055612,台光電國票97購04,0,0,0,0,0,0,0,0,0,5000,0,0,0,5000,0,5000,5000
055566,台表科凱基97購03,0,0,0,0,0,0,0,0,0,5000,0,0,0,5000,0,5000,5000
055520,矽力中信97購02  ,0,0,0,0,0,0,0,0,0,5000,0,0,0,55000,50000,5000,5000
055344,國巨凱基97購04  ,0,0,0,0,0,0,0,0,0,5000,0,0,0,5000,0,5000,5000
055233,康友國票98購01  ,0,0,0,0,0,0,0,0,0,5000,0,0,0,5000,0,5000,5000
1456,怡華            ,5000,0,5000,0,0,0,0,0,0,0,0,0,0,0,0,0,5000
06035P,同欣電凱基96售03,0,0,0,0,0,0,0,0,0,5000,0,0,0,5000,0,5000,5000
05838P,臺股指富邦96售05,0,0,0,0,0,0,0,0,0,5000,0,0,0,10000,5000,5000,5000
046734,華通國票93購02  ,0,0,0,0,0,0,0,0,0,5000,0,0,0,45000,40000,5000,5000
045542,鎧勝群益93購01  ,0,0,0,0,0,0,0,0,0,5000,0,0,0,5000,0,5000,5000
045531,台郡永豐92購01  ,0,0,0,0,0,0,0,0,0,5000,0,0,0,5000,0,5000,5000
044124,燿華凱基93購01  ,0,0,0,0,0,0,0,0,0,5000,0,0,0,30000,25000,5000,5000
045715,華邦電凱基92購04,0,0,0,0,0,0,0,0,0,5000,0,0,0,5000,0,5000,5000
046863,康友元大93購01  ,0,0,0,0,0,0,0,0,0,5000,0,0,0,14000,9000,5000,5000
046757,漢唐凱基93購02  ,0,0,0,0,0,0,0,0,0,5000,0,0,0,5000,0,5000,5000
043641,深中小國票94購01,0,0,0,0,0,0,0,0,0,5000,0,0,0,5000,0,5000,5000
044049,元金2X元大94購03,0,0,0,0,0,0,0,0,0,5000,0,0,0,5000,0,5000,5000
043962,亞泥國泰92購01  ,0,0,0,0,0,0,0,0,0,5000,0,0,0,5000,0,5000,5000
043774,瑞昱兆豐92購01  ,0,0,0,0,0,0,0,0,0,5000,0,0,0,5000,0,5000,5000
04324P,新光金元大94售01,0,0,0,0,0,0,0,0,0,5000,0,0,0,5000,0,5000,5000
04326P,泰鼎元大93售06  ,0,0,0,0,0,0,0,0,0,5000,0,0,0,5000,0,5000,5000
04432P,昇陽半元大94售04,0,0,0,0,0,0,0,0,0,5000,0,0,0,5000,0,5000,5000
044456,鈺齊永豐91購02  ,0,0,0,0,0,0,0,0,0,5000,0,0,0,5000,0,5000,5000
044401,亞光凱基93購01  ,0,0,0,0,0,0,0,0,0,5000,0,0,0,25000,20000,5000,5000
03721P,卜蜂元大93售01  ,0,0,0,0,0,0,0,0,0,5000,0,0,0,5000,0,5000,5000
035275,台積電台新97購01,0,0,0,0,0,0,0,0,0,5000,0,0,0,8000,3000,5000,5000
00700,富邦恒生國企    ,0,0,0,0,0,0,0,0,0,5000,0,0,0,106000,101000,5000,5000
00731,FH富時高息低波  ,0,0,0,0,0,0,0,0,0,5000,0,0,0,13000,8000,5000,5000
03951P,新光金凱基95售01,0,0,0,0,0,0,0,0,0,5000,0,0,0,5000,0,5000,5000
048867,台積電兆豐95購01,0,0,0,0,0,0,0,0,0,5000,0,0,0,20000,15000,5000,5000
048675,台達電國泰94購02,0,0,0,0,0,0,0,0,0,5000,0,0,0,5000,0,5000,5000
046082,矽力凱基92購01  ,0,0,0,0,0,0,0,0,0,5000,0,0,0,5000,0,5000,5000
046124,健策元大92購04  ,0,0,0,0,0,0,0,0,0,5000,0,0,0,10000,5000,5000,5000
045027,漢唐國票92購02  ,0,0,0,0,0,0,0,0,0,5000,0,0,0,5000,0,5000,5000
045013,大立光元大93購04,0,0,0,0,0,0,0,0,0,5000,0,0,0,5000,0,5000,5000
045401,大立光兆豐93購01,0,0,0,0,0,0,0,0,0,5000,0,0,0,5000,0,5000,5000
045403,喬山台新92購01  ,0,0,0,0,0,0,0,0,0,5000,0,0,0,5000,0,5000,5000
046196,欣興凱基92購04  ,0,0,0,0,0,0,0,0,0,5000,0,0,0,6000,1000,5000,5000
046238,嘉澤第一92購01  ,0,0,0,0,0,0,0,0,0,5000,0,0,0,5000,0,5000,5000
046658,微星元大93購01  ,0,0,0,0,0,0,0,0,0,5000,0,0,0,15000,10000,5000,5000
046681,漢唐群益93購01  ,0,0,0,0,0,0,0,0,0,5000,0,0,0,5000,0,5000,5000
046951,GIS元大93購08   ,0,0,0,0,0,0,0,0,0,5000,0,0,0,5000,0,5000,5000
045787,TPK元大93購04   ,0,0,0,0,0,0,0,0,0,5000,0,0,0,5000,0,5000,5000
044758,玉山金凱基93購01,0,0,0,0,0,0,0,0,0,5000,0,0,0,5000,0,5000,5000
044706,智易元大93購02  ,0,0,0,0,0,0,0,0,0,5000,0,0,0,5000,0,5000,5000
044696,旺宏元大91購04  ,0,0,0,0,0,0,0,0,0,5000,0,0,0,5000,0,5000,5000
045959,京元電凱基92購05,0,0,0,0,0,0,0,0,0,5000,0,0,0,5000,0,5000,5000
04598P,光罩凱基94售03  ,0,0,0,0,0,0,0,0,0,5000,0,0,0,5000,0,5000,5000
044852,華邦電國泰93購02,0,0,0,0,0,0,0,0,0,5000,0,0,0,5000,0,5000,5000
049211,昇陽半群益94購03,0,0,0,0,0,0,0,0,0,5000,0,0,0,5000,0,5000,5000
047855,美律國票94購01  ,0,0,0,0,0,0,0,0,0,5000,0,0,0,11000,6000,5000,5000
049257,南亞科元大94購03,0,0,0,0,0,0,0,0,0,5000,0,0,0,5000,0,5000,5000
049272,世紀鋼元大96購02,0,0,0,0,0,0,0,0,0,5000,0,0,0,5000,0,5000,5000
048803,大立光富邦96購01,0,0,0,0,0,0,0,0,0,5000,0,0,0,5000,0,5000,5000
049136,華通元大95購01  ,0,0,0,0,0,0,0,0,0,5000,0,0,0,70000,65000,5000,5000
047970,鴻海富邦95購01  ,0,0,0,0,0,0,0,0,0,5000,0,0,0,5000,0,5000,5000
048011,滬深2X國票93購02,0,0,0,0,0,0,0,0,0,5000,0,0,0,5000,0,5000,5000
047993,鑽全元大96購01  ,0,0,0,0,0,0,0,0,0,5000,0,0,0,5000,0,5000,5000
047938,台化國票93購01  ,0,0,0,0,0,0,0,0,0,5000,0,0,0,25000,20000,5000,5000
048506,華通群益94購03  ,0,0,0,0,0,0,0,0,0,5000,0,0,0,25000,20000,5000,5000
048466,卜蜂康和93購01  ,0,0,0,0,0,0,0,0,0,5000,0,0,0,5000,0,5000,5000
048934,日電貿永豐94購01,0,0,0,0,0,0,0,0,0,5000,0,0,0,5000,0,5000,5000
047036,台光電群益93購02,0,0,0,0,0,0,0,0,0,5000,0,0,0,5000,0,5000,5000
050150,國巨群益95購01  ,0,0,0,0,0,0,0,0,0,5000,0,0,0,86000,81000,5000,5000
050058,國巨凱基94購06  ,0,0,0,0,0,0,0,0,0,5000,0,0,0,10000,5000,5000,5000
049446,為升統一94購01  ,0,0,0,0,0,0,0,0,0,5000,0,0,0,15000,10000,5000,5000
049460,宏達電元富94購01,0,0,0,0,0,0,0,0,0,5000,0,0,0,5000,0,5000,5000
050014,國巨富邦98購01  ,0,0,0,0,0,0,0,0,0,5000,0,0,0,5000,0,5000,5000
049534,華擎永豐94購02  ,0,0,0,0,0,0,0,0,0,5000,0,0,0,5000,0,5000,5000
049797,台積電元大94購17,0,0,0,0,0,0,0,0,0,5000,0,0,0,10000,5000,5000,5000
049828,華新科凱基94購06,0,0,0,0,0,0,0,0,0,5000,0,0,0,10000,5000,5000,5000
050755,和大元富94購01  ,0,0,0,0,0,0,0,0,0,5000,0,0,0,45000,40000,5000,5000
050719,世紀鋼群益96購01,0,0,0,0,0,0,0,0,0,5000,0,0,0,5000,0,5000,5000
050660,欣興元大96購02  ,0,0,0,0,0,0,0,0,0,5000,0,0,0,8000,3000,5000,5000
050624,鈺齊元大94購01  ,0,0,0,0,0,0,0,0,0,5000,0,0,0,5000,0,5000,5000
050846,緯創國票96購01  ,0,0,0,0,0,0,0,0,0,5000,0,0,0,5000,0,5000,5000
050927,聯詠凱基95購01  ,0,0,0,0,0,0,0,0,0,5000,0,0,0,5000,0,5000,5000
050915,健策中信98購01  ,0,0,0,0,0,0,0,0,0,5000,0,0,0,10000,5000,5000,5000
050429,漢唐凱基94購04  ,0,0,0,0,0,0,0,0,0,5000,0,0,0,5000,0,5000,5000
050566,高股息中信97購02,0,0,0,0,0,0,0,0,0,5000,0,0,0,11000,6000,5000,5000
04762P,聯詠凱基94售03  ,0,0,0,0,0,0,0,0,0,5000,0,0,0,5000,0,5000,5000
049414,台積電凱基94購18,0,0,0,0,0,0,0,0,0,5000,0,0,0,5000,0,5000,5000
049425,喬山兆豐95購01  ,0,0,0,0,0,0,0,0,0,5000,0,0,0,5000,0,5000,5000
049430,國巨國票95購02  ,0,0,0,0,0,0,0,0,0,5000,0,0,0,5000,0,5000,5000
047269,同欣電康和93購01,0,0,0,0,0,0,0,0,0,5000,0,0,0,5000,0,5000,5000
048427,百和元富95購01  ,0,0,0,0,0,0,0,0,0,5000,0,0,0,5000,0,5000,5000
047134,聯發科凱基93購10,0,0,0,0,0,0,0,0,0,5000,0,0,0,24000,19000,5000,5000
047166,台達電康和93購01,0,0,0,0,0,0,0,0,0,5000,0,0,0,5000,0,5000,5000
048292,微星群益93購01  ,0,0,0,0,0,0,0,0,0,5000,0,0,0,10000,5000,5000,5000
053776,台積電元大96購19,0,0,0,0,0,0,0,0,0,5000,0,0,0,100000,95000,5000,5000
053676,新光金國泰98購02,0,0,0,0,0,0,0,0,0,5000,0,0,0,5000,0,5000,5000
053667,鴻海統一96購12  ,0,0,0,0,0,0,0,0,0,5000,0,0,0,5000,0,5000,5000
053591,大立光元大99購03,0,0,0,0,0,0,0,0,0,5000,0,0,0,5000,0,5000,5000
053238,麗豐永豐96購01  ,0,0,0,0,0,0,0,0,0,5000,0,0,0,8000,3000,5000,5000
053371,滬深2X元大99購01,0,0,0,0,0,0,0,0,0,5000,0,0,0,5000,0,5000,5000
053375,鴻海元大96購18  ,0,0,0,0,0,0,0,0,0,5000,0,0,0,95000,90000,5000,5000
053458,聯詠國泰97購01  ,0,0,0,0,0,0,0,0,0,5000,0,0,0,5000,0,5000,5000
053449,超眾凱基98購01  ,0,0,0,0,0,0,0,0,0,5000,0,0,0,14000,9000,5000,5000
053530,聯發科康和96購01,0,0,0,0,0,0,0,0,0,5000,0,0,0,10000,5000,5000,5000
053150,聯發科元大96購11,0,0,0,0,0,0,0,0,0,5000,0,0,0,35000,30000,5000,5000
053183,大立光元富96購03,0,0,0,0,0,0,0,0,0,5000,0,0,0,5000,0,5000,5000
053031,華新科第一96購01,0,0,0,0,0,0,0,0,0,5000,0,0,0,5000,0,5000,5000
052623,台郡兆豐96購01  ,0,0,0,0,0,0,0,0,0,5000,0,0,0,10000,5000,5000,5000
052660,京元電國票97購01,0,0,0,0,0,0,0,0,0,5000,0,0,0,15000,10000,5000,5000
052663,奇鋐國票97購01  ,0,0,0,0,0,0,0,0,0,5000,0,0,0,5000,0,5000,5000
052667,漢唐群益96購01  ,0,0,0,0,0,0,0,0,0,5000,0,0,0,5000,0,5000,5000
052736,T50反1元大96購05,0,0,0,0,0,0,0,0,0,5000,0,0,0,5000,0,5000,5000
051977,泰碩凱基95購01  ,0,0,0,0,0,0,0,0,0,5000,0,0,0,20000,15000,5000,5000
051876,宏達電國票96購01,0,0,0,0,0,0,0,0,0,5000,0,0,0,5000,0,5000,5000
051899,欣興國泰97購01  ,0,0,0,0,0,0,0,0,0,5000,0,0,0,6000,1000,5000,5000
051903,T50反1元大97購02,0,0,0,0,0,0,0,0,0,5000,0,0,0,5000,0,5000,5000
051984,台塑元大95購01  ,0,0,0,0,0,0,0,0,0,5000,0,0,0,5000,0,5000,5000
05180P,玉晶光凱基95售04,0,0,0,0,0,0,0,0,0,5000,0,0,0,15000,10000,5000,5000
052273,新光金群益95購02,0,0,0,0,0,0,0,0,0,5000,0,0,0,5000,0,5000,5000
052200,台光電統一95購02,0,0,0,0,0,0,0,0,0,5000,0,0,0,20000,15000,5000,5000
052265,聯發科亞東95購01,0,0,0,0,0,0,0,0,0,5000,0,0,0,15000,10000,5000,5000
052345,矽力凱基95購01  ,0,0,0,0,0,0,0,0,0,5000,0,0,0,5000,0,5000,5000
052425,華通台新95購02  ,0,0,0,0,0,0,0,0,0,5000,0,0,0,5000,0,5000,5000
051138,訊連永豐95購01  ,0,0,0,0,0,0,0,0,0,5000,0,0,0,5000,0,5000,5000
051118,台塑群益95購01  ,0,0,0,0,0,0,0,0,0,5000,0,0,0,5000,0,5000,5000
051481,聯詠凱基95購02  ,0,0,0,0,0,0,0,0,0,5000,0,0,0,45000,40000,5000,5000
051395,聯詠兆豐95購01  ,0,0,0,0,0,0,0,0,0,5000,0,0,0,25000,20000,5000,5000
05164P,南亞科元富95售04,0,0,0,0,0,0,0,0,0,5000,0,0,0,55000,50000,5000,5000
051677,達方元大95購01  ,0,0,0,0,0,0,0,0,0,5000,0,0,0,35000,30000,5000,5000
2705,六福            ,13000,8000,5000,0,0,0,0,0,0,0,0,0,0,0,0,0,5000
3018,同開            ,7000,2000,5000,0,0,0,0,0,0,0,0,0,0,0,0,0,5000
3338,泰碩            ,82000,47000,35000,0,0,0,0,20000,-20000,-10000,10000,11000,-1000,1000,10000,-9000,5000
3312,弘憶股          ,25000,19000,6000,0,0,0,0,0,0,-1000,0,1000,-1000,0,0,0,5000
2636,台驊投控        ,8000,0,8000,0,0,0,0,0,0,-3000,0,3000,-3000,0,0,0,5000
2493,揚博            ,7000,1000,6000,0,0,0,0,0,0,-1000,0,1000,-1000,0,0,0,5000
9927,泰銘            ,15000,9000,6000,0,0,0,0,0,0,-1000,0,1000,-1000,0,0,0,5000
8473,山林水          ,5000,0,5000,0,0,0,0,0,0,0,0,0,0,0,0,0,5000
1445,大宇            ,4000,0,4000,0,0,0,0,0,0,0,0,0,0,0,0,0,4000
1203,味王            ,4000,0,4000,0,0,0,0,0,0,0,0,0,0,0,0,0,4000
1338,廣華-KY         ,38000,32000,6000,0,0,0,0,0,0,-2000,0,2000,-2000,0,0,0,4000
06107P,美律群益98售02  ,0,0,0,0,0,0,0,0,0,4000,0,0,0,45000,41000,4000,4000
055545,國巨凱基97購06  ,0,0,0,0,0,0,0,0,0,4000,0,0,0,4000,0,4000,4000
055672,國巨日盛97購02  ,0,0,0,0,0,0,0,0,0,4000,0,0,0,14000,10000,4000,4000
055653,聯詠元富01購02  ,0,0,0,0,0,0,0,0,0,4000,0,0,0,4000,0,4000,4000
05619P,創意元富96售02  ,0,0,0,0,0,0,0,0,0,4000,0,0,0,43000,39000,4000,4000
05603P,聯發科元大96售09,0,0,0,0,0,0,0,0,0,4000,0,0,0,4000,0,4000,4000
055758,旺宏群益97購01  ,0,0,0,0,0,0,0,0,0,4000,0,0,0,4000,0,4000,4000
054669,凌華元富97購01  ,0,0,0,0,0,0,0,0,0,4000,0,0,0,5000,1000,4000,4000
05469P,台積電元大95售24,0,0,0,0,0,0,0,0,0,4000,0,0,0,22000,18000,4000,4000
055215,智邦凱基98購02  ,0,0,0,0,0,0,0,0,0,4000,0,0,0,65000,61000,4000,4000
055108,智邦凱基98購01  ,0,0,0,0,0,0,0,0,0,4000,0,0,0,11000,7000,4000,4000
054377,臺股指中信99購09,0,0,0,0,0,0,0,0,0,4000,0,0,0,4000,0,4000,4000
05427P,聯發科凱基96售07,0,0,0,0,0,0,0,0,0,4000,0,0,0,4000,0,4000,4000
054528,台光電統一96購02,0,0,0,0,0,0,0,0,0,4000,0,0,0,136000,132000,4000,4000
054550,旺宏凱基98購02  ,0,0,0,0,0,0,0,0,0,4000,0,0,0,9000,5000,4000,4000
053978,創意元大96購05  ,0,0,0,0,0,0,0,0,0,4000,0,0,0,95000,91000,4000,4000
046022,國喬元大92購01  ,0,0,0,0,0,0,0,0,0,4000,0,0,0,4000,0,4000,4000
045851,健策永豐92購01  ,0,0,0,0,0,0,0,0,0,4000,0,0,0,14000,10000,4000,4000
046944,奇力新元大96購01,0,0,0,0,0,0,0,0,0,4000,0,0,0,7000,3000,4000,4000
046379,奇力新凱基93購03,0,0,0,0,0,0,0,0,0,4000,0,0,0,8000,4000,4000,4000
046563,奇鋐凱基92購01  ,0,0,0,0,0,0,0,0,0,4000,0,0,0,4000,0,4000,4000
046250,全新群益92購04  ,0,0,0,0,0,0,0,0,0,4000,0,0,0,4000,0,4000,4000
045189,大立光元富98購01,0,0,0,0,0,0,0,0,0,4000,0,0,0,18000,14000,4000,4000
045205,鈺齊凱基92購01  ,0,0,0,0,0,0,0,0,0,4000,0,0,0,4000,0,4000,4000
045258,漢唐凱基93購01  ,0,0,0,0,0,0,0,0,0,4000,0,0,0,4000,0,4000,4000
03119P,滬深2X元大01售13,0,0,0,0,0,0,0,0,0,4000,0,0,0,4000,0,4000,4000
03892P,元油2X中信95售01,0,0,0,0,0,0,0,0,0,4000,0,0,0,5000,1000,4000,4000
043048,金寶國泰93購01  ,0,0,0,0,0,0,0,0,0,4000,0,0,0,4000,0,4000,4000
042548,新光金元大91購01,0,0,0,0,0,0,0,0,0,4000,0,0,0,4000,0,4000,4000
04230P,臺股指中信95售06,0,0,0,0,0,0,0,0,0,4000,0,0,0,8000,4000,4000,4000
044534,南亞科麥證92購01,0,0,0,4000,0,4000,0,0,0,4000,0,0,0,4000,0,4000,4000
043511,上銀富邦93購01  ,0,0,0,0,0,0,0,0,0,4000,0,0,0,4000,0,4000,4000
04294P,台積電元大95售01,0,0,0,0,0,0,0,0,0,4000,0,0,0,10000,6000,4000,4000
047186,大立光元大93購20,0,0,0,0,0,0,0,0,0,4000,0,0,0,4000,0,4000,4000
049312,亞光凱基94購02  ,0,0,0,0,0,0,0,0,0,4000,0,0,0,11000,7000,4000,4000
048308,儒鴻凱基93購05  ,0,0,0,0,0,0,0,0,0,4000,0,0,0,4000,0,4000,4000
047281,超眾永豐93購02  ,0,0,0,0,0,0,0,0,0,4000,0,0,0,4000,0,4000,4000
049433,健策國票95購03  ,0,0,0,0,0,0,0,0,0,4000,0,0,0,4000,0,4000,4000
048195,聯發科元大93購23,0,0,0,0,0,0,0,0,0,4000,0,0,0,45000,41000,4000,4000
047632,儒鴻元大93購08  ,0,0,0,0,0,0,0,0,0,4000,0,0,0,4000,0,4000,4000
047702,鴻海凱基94購13  ,0,0,0,0,0,0,0,0,0,4000,0,0,0,4000,0,4000,4000
050545,奇力新凱基95購01,0,0,0,0,0,0,0,0,0,4000,0,0,0,4000,0,4000,4000
050447,廣達元大94購01  ,0,0,0,0,0,0,0,0,0,4000,0,0,0,4000,0,4000,4000
050314,晶技兆豐94購01  ,0,0,0,0,0,0,0,0,0,4000,0,0,0,4000,0,4000,4000
050912,正崴中信95購02  ,0,0,0,0,0,0,0,0,0,4000,0,0,0,14000,10000,4000,4000
050715,台積電群益96購01,0,0,0,0,0,0,0,0,0,4000,0,0,0,42000,38000,4000,4000
049829,裕民凱基94購01  ,0,0,0,0,0,0,0,0,0,4000,0,0,0,4000,0,4000,4000
049778,宏達電統一94購02,0,0,0,0,0,0,0,0,0,4000,0,0,0,4000,0,4000,4000
049785,華新科兆豐95購01,0,0,0,0,0,0,0,0,0,4000,0,0,0,67000,63000,4000,4000
049553,鴻海國泰96購02  ,0,0,0,0,0,0,0,0,0,4000,0,0,0,4000,0,4000,4000
049622,聯詠群益94購02  ,0,0,0,0,0,0,0,0,0,4000,0,0,0,14000,10000,4000,4000
049635,臺股指群益94購08,0,0,0,0,0,0,0,0,0,4000,0,0,0,4000,0,4000,4000
049680,臺股指國票94購13,0,0,0,0,0,0,0,0,0,4000,0,0,0,21000,17000,4000,4000
049986,嘉澤凱基94購02  ,0,0,0,0,0,0,0,0,0,4000,0,0,0,73000,69000,4000,4000
050066,華固凱基94購01  ,0,0,0,0,0,0,0,0,0,4000,0,0,0,4000,0,4000,4000
050157,臻鼎群益94購02  ,0,0,0,0,0,0,0,0,0,4000,0,0,0,4000,0,4000,4000
050130,華新科凱基94購09,0,0,0,0,0,0,0,0,0,4000,0,0,0,4000,0,4000,4000
048129,力成元大93購02  ,0,0,0,0,0,0,0,0,0,4000,0,0,0,4000,0,4000,4000
047469,華通中信93購01  ,0,0,0,0,0,0,0,0,0,4000,0,0,0,10000,6000,4000,4000
048497,京元電元大93購02,0,0,0,0,0,0,0,0,0,4000,0,0,0,4000,0,4000,4000
048754,瀚宇博元富97購01,0,0,0,0,0,0,0,0,0,4000,0,0,0,4000,0,4000,4000
049221,健策國票95購02  ,0,0,0,0,0,0,0,0,0,4000,0,0,0,4000,0,4000,4000
051476,聯發科凱基95購09,0,0,0,0,0,0,0,0,0,4000,0,0,0,10000,6000,4000,4000
051324,康友國票96購01  ,0,0,0,0,0,0,0,0,0,4000,0,0,0,4000,0,4000,4000
051018,可成凱基95購03  ,0,0,0,0,0,0,0,0,0,4000,0,0,0,4000,0,4000,4000
051032,南電元富95購01  ,0,0,0,0,0,0,0,0,0,4000,0,0,0,4000,0,4000,4000
051269,康友富邦97購01  ,0,0,0,0,0,0,0,0,0,4000,0,0,0,4000,0,4000,4000
052277,台達電凱基97購01,0,0,0,0,0,0,0,0,0,4000,0,0,0,35000,31000,4000,4000
05212P,台積電國票96售04,0,0,0,0,0,0,0,0,0,4000,0,0,0,4000,0,4000,4000
052142,滬深2X群益99購04,0,0,0,0,0,0,0,0,0,4000,0,0,0,34000,30000,4000,4000
051778,全新群益95購01  ,0,0,0,0,0,0,0,0,0,4000,0,0,0,4000,0,4000,4000
052859,國巨凱基96購07  ,0,0,0,0,0,0,0,0,0,4000,0,0,0,8000,4000,4000,4000
052585,友達永豐97購01  ,0,0,0,0,0,0,0,0,0,4000,0,0,0,14000,10000,4000,4000
052608,欣興元大97購01  ,0,0,0,0,0,0,0,0,0,4000,0,0,0,5000,1000,4000,4000
053089,貿聯元大97購02  ,0,0,0,0,0,0,0,0,0,4000,0,0,0,6000,2000,4000,4000
05318P,臺股指永昌95售03,0,0,0,0,0,0,0,0,0,4000,0,0,0,4000,0,4000,4000
05314P,臺股指群益95售13,0,0,0,0,0,0,0,0,0,4000,0,0,0,5000,1000,4000,4000
052885,高鐵兆豐98購01  ,0,0,0,0,0,0,0,0,0,4000,0,0,0,18000,14000,4000,4000
053450,同欣電凱基96購02,0,0,0,0,0,0,0,0,0,4000,0,0,0,4000,0,4000,4000
053400,緯穎中信9A購01  ,0,0,0,0,0,0,0,0,0,4000,0,0,0,5000,1000,4000,4000
053293,聯發科中信9B購01,0,0,0,0,0,0,0,0,0,4000,0,0,0,14000,10000,4000,4000
053745,康友國票97購01  ,0,0,0,0,0,0,0,0,0,4000,0,0,0,4000,0,4000,4000
6189,豐藝            ,13000,8000,5000,0,0,0,0,0,0,-1000,0,1000,-1000,0,0,0,4000
6226,光鼎            ,40000,36000,4000,0,0,0,0,0,0,0,0,0,0,0,0,0,4000
9943,好樂迪          ,4000,0,4000,0,0,0,0,0,0,0,0,0,0,0,0,0,4000
2497,怡利電          ,8000,4000,4000,0,0,0,0,0,0,0,0,0,0,0,0,0,4000
1783,和康生          ,5000,1000,4000,0,0,0,0,0,0,0,0,0,0,0,0,0,4000
1906,寶隆            ,6000,1000,5000,0,0,0,0,0,0,-1000,0,1000,-1000,0,0,0,4000
4916,事欣科          ,14000,9000,5000,0,0,0,0,0,0,-1000,0,1000,-1000,0,0,0,4000
4722,國精化          ,4000,0,4000,0,0,0,0,0,0,0,0,0,0,0,0,0,4000
4536,拓凱            ,28000,44000,-16000,0,0,0,20000,0,20000,0,0,0,0,0,0,0,4000
3588,通嘉            ,23000,19000,4000,0,0,0,0,0,0,0,0,0,0,0,0,0,4000
054396,日電貿永豐96購02,0,0,0,0,0,0,0,0,0,3000,0,0,0,3000,0,3000,3000
054279,揚明光群益98購01,0,0,0,0,0,0,0,0,0,3000,0,0,0,3000,0,3000,3000
054291,高鐵元大97購01  ,0,0,0,0,0,0,0,0,0,3000,0,0,0,3000,0,3000,3000
054289,聯發科元大97購11,0,0,0,0,0,0,0,0,0,3000,0,0,0,192000,189000,3000,3000
055196,致新元富97購01  ,0,0,0,0,0,0,0,0,0,3000,0,0,0,3000,0,3000,3000
055153,台光電元大98購02,0,0,0,0,0,0,0,0,0,3000,0,0,0,9000,6000,3000,3000
054891,聯鈞統一99購02  ,0,0,0,0,0,0,0,0,0,3000,0,0,0,138000,135000,3000,3000
055590,聯發科元大98購02,0,0,0,0,0,0,0,0,0,3000,0,0,0,123000,120000,3000,3000
055331,國巨兆豐99購01  ,0,0,0,0,0,0,0,0,0,3000,0,0,0,3000,0,3000,3000
06059P,泰碩元大97售02  ,0,0,0,0,0,0,0,0,0,3000,0,0,0,43000,40000,3000,3000
06197P,國巨元大97售08  ,0,0,0,0,0,0,0,0,0,3000,0,0,0,3000,0,3000,3000
1235,興泰            ,3000,0,3000,0,0,0,0,0,0,0,0,0,0,0,0,0,3000
1452,宏益            ,3000,0,3000,0,0,0,0,0,0,0,0,0,0,0,0,0,3000
05845P,大立光元大96售06,0,0,0,0,0,0,0,0,0,3000,0,0,0,53000,50000,3000,3000
06039P,亞光台新96售03  ,0,0,0,0,0,0,0,0,0,3000,0,0,0,3000,0,3000,3000
05875P,旺宏群益98售01  ,0,0,0,0,0,0,0,0,0,3000,0,0,0,3000,0,3000,3000
05937P,台積電凱基96售21,0,0,0,0,0,0,0,0,0,3000,0,0,0,3000,0,3000,3000
045556,可成國票93購01  ,0,0,0,0,0,0,0,0,0,3000,0,0,0,3000,0,3000,3000
045515,滬深2X統一92購01,0,0,0,0,0,0,0,0,0,3000,0,0,0,211000,208000,3000,3000
045614,瀚宇博群益92購01,0,0,0,0,0,0,0,0,0,3000,0,0,0,3000,0,3000,3000
046769,百和凱基93購06  ,0,0,0,0,0,0,0,0,0,3000,0,0,0,3000,0,3000,3000
045723,利勤凱基92購01  ,0,0,0,0,0,0,0,0,0,3000,0,0,0,3000,0,3000,3000
04332P,A50正2日盛93售01,0,0,0,0,0,0,0,0,0,3000,0,0,0,13000,10000,3000,3000
044528,元油2X國泰92購02,0,0,0,0,0,0,0,0,0,3000,0,0,0,3000,0,3000,3000
044192,義隆第一91購01  ,0,0,0,0,0,0,0,0,0,3000,0,0,0,3000,0,3000,3000
03437P,道瓊銀凱基05售03,0,0,0,0,0,0,0,0,0,3000,0,0,0,3000,0,3000,3000
044277,彩晶群益92購01  ,0,0,0,0,0,0,0,0,0,3000,0,0,0,3000,0,3000,3000
04203P,超眾元大93售04  ,0,0,0,0,0,0,0,0,0,3000,0,0,0,3000,0,3000,3000
03033X,元展30          ,0,0,0,0,0,0,0,0,0,3000,0,0,0,3000,0,3000,3000
041545,大立光統一91購01,0,0,0,0,0,0,0,0,0,3000,0,0,0,3000,0,3000,3000
020008,元大特股高息N   ,0,0,0,0,0,0,0,0,0,3000,0,0,0,9000,6000,3000,3000
00851,台新全球AI      ,0,0,0,0,0,0,0,0,0,3000,0,0,0,8000,5000,3000,3000
00753L,中信中國50正2   ,0,0,0,0,0,0,0,0,0,3000,0,0,0,100000,97000,3000,3000
00665L,富邦恒生國企正2 ,40000,0,40000,0,0,0,0,0,0,-37000,0,0,0,73000,110000,-37000,3000
00685L,群益臺灣加權正2 ,0,0,0,0,0,0,0,0,0,3000,0,0,0,7000,4000,3000,3000
046104,智伸科永豐92購02,0,0,0,0,0,0,0,0,0,3000,0,0,0,45000,42000,3000,3000
046074,佐登凱基92購01  ,0,0,0,0,0,0,0,0,0,3000,0,0,0,3000,0,3000,3000
045392,滬深2X國泰93購01,0,0,0,0,0,0,0,0,0,3000,0,0,0,8000,5000,3000,3000
048702,正文國票95購01  ,0,0,0,0,0,0,0,0,0,3000,0,0,0,13000,10000,3000,3000
048636,鴻海元大94購05  ,0,0,0,0,0,0,0,0,0,3000,0,0,0,3000,0,3000,3000
048613,智原凱基93購03  ,0,0,0,0,0,0,0,0,0,3000,0,0,0,3000,0,3000,3000
046614,儒鴻凱基93購01  ,0,0,0,0,0,0,0,0,0,3000,0,0,0,3000,0,3000,3000
044934,玉晶光元大93購01,0,0,0,0,0,0,0,0,0,3000,0,0,0,19000,16000,3000,3000
046454,微星凱基92購04  ,0,0,0,0,0,0,0,0,0,3000,0,0,0,3000,0,3000,3000
045768,大立光元富95購02,0,0,0,0,0,0,0,0,0,3000,0,0,0,3000,0,3000,3000
046288,創意兆豐92購03  ,0,0,0,0,0,0,0,0,0,3000,0,0,0,3000,0,3000,3000
047795,臺股指群益93購06,0,0,0,0,0,0,0,0,0,3000,0,0,0,3000,0,3000,3000
049247,光寶科元大94購02,0,0,0,0,0,0,0,0,0,3000,0,0,0,27000,24000,3000,3000
049299,矽創群益94購01  ,0,0,0,0,0,0,0,0,0,3000,0,0,0,153000,150000,3000,3000
049382,牧德元大94購04  ,0,0,0,0,0,0,0,0,0,3000,0,0,0,3000,0,3000,3000
048451,智原凱基93購02  ,0,0,0,0,0,0,0,0,0,3000,0,0,0,3000,0,3000,3000
049946,智邦兆豐95購01  ,0,0,0,0,0,0,0,0,0,3000,0,0,0,5000,2000,3000,3000
048133,臻鼎國票94購01  ,0,0,0,0,0,0,0,0,0,3000,0,0,0,3000,0,3000,3000
050197,矽格元大94購04  ,0,0,0,0,0,0,0,0,0,3000,0,0,0,69000,66000,3000,3000
050078,臺指反統一97購01,0,0,0,0,0,0,0,0,0,3000,0,0,0,3000,0,3000,3000
050101,台積電永昌96購03,0,0,0,0,0,0,0,0,0,3000,0,0,0,779000,776000,3000,3000
050027,義隆元大94購03  ,0,0,0,0,0,0,0,0,0,3000,0,0,0,38000,35000,3000,3000
049651,訊芯凱基94購04  ,0,0,0,0,0,0,0,0,0,3000,0,0,0,48000,45000,3000,3000
049655,臺股指凱基94購16,0,0,0,0,0,0,0,0,0,3000,0,0,0,3000,0,3000,3000
049564,聯電統一94購03  ,0,0,0,0,0,0,0,0,0,3000,0,0,0,3000,0,3000,3000
049595,麗豐元大95購01  ,0,0,0,0,0,0,0,0,0,3000,0,0,0,3000,0,3000,3000
049770,康控元富95購01  ,0,0,0,0,0,0,0,0,0,3000,0,0,0,3000,0,3000,3000
050712,和碩中信94購01  ,0,0,0,0,0,0,0,0,0,3000,0,0,0,3000,0,3000,3000
050732,台虹國票94購01  ,0,0,0,0,0,0,0,0,0,3000,0,0,0,3000,0,3000,3000
050642,和大凱基94購03  ,0,0,0,0,0,0,0,0,0,3000,0,0,0,3000,0,3000,3000
050673,旺宏富邦96購02  ,0,0,0,0,0,0,0,0,0,3000,0,0,0,11000,8000,3000,3000
050841,國巨國票96購02  ,0,0,0,0,0,0,0,0,0,3000,0,0,0,170000,167000,3000,3000
050853,南電國票96購01  ,0,0,0,0,0,0,0,0,0,3000,0,0,0,23000,20000,3000,3000
050226,華新科中信94購01,0,0,0,0,0,0,0,0,0,3000,0,0,0,3000,0,3000,3000
050440,揚明光凱基94購05,0,0,0,0,0,0,0,0,0,3000,0,0,0,3000,0,3000,3000
050548,華固凱基95購01  ,0,0,0,0,0,0,0,0,0,3000,0,0,0,13000,10000,3000,3000
047703,台積電凱基93購19,0,0,0,0,0,0,0,0,0,3000,0,0,0,104000,101000,3000,3000
048208,臺股指元大93購42,0,0,0,0,0,0,0,0,0,3000,0,0,0,3000,0,3000,3000
048223,微星凱基93購02  ,0,0,0,0,0,0,0,0,0,3000,0,0,0,3000,0,3000,3000
049437,可成國泰96購01  ,0,0,0,0,0,0,0,0,0,3000,0,0,0,225000,222000,3000,3000
048333,大立光富邦95購01,0,0,0,0,0,0,0,0,0,3000,0,0,0,3000,0,3000,3000
047233,智原凱基93購01  ,0,0,0,0,0,0,0,0,0,3000,0,0,0,3000,0,3000,3000
048313,南亞科凱基93購06,0,0,0,0,0,0,0,0,0,3000,0,0,0,203000,200000,3000,3000
04715P,聯茂元大94售06  ,0,0,0,0,0,0,0,0,0,3000,0,0,0,3000,0,3000,3000
053659,智原凱基97購01  ,0,0,0,0,0,0,0,0,0,3000,0,0,0,20000,17000,3000,3000
053226,國巨台新97購02  ,0,0,0,0,0,0,0,0,0,3000,0,0,0,14000,11000,3000,3000
053324,康舒群益96購01  ,0,0,0,0,0,0,0,0,0,3000,0,0,0,3000,0,3000,3000
053523,T50反1中信9A購01,0,0,0,0,0,0,0,0,0,3000,0,0,0,55000,52000,3000,3000
052804,淘帝元大96購01  ,0,0,0,0,0,0,0,0,0,3000,0,0,0,10000,7000,3000,3000
051768,臻鼎元大95購04  ,0,0,0,0,0,0,0,0,0,3000,0,0,0,3000,0,3000,3000
05183P,台積電元富95售07,0,0,0,0,0,0,0,0,0,3000,0,0,0,3000,0,3000,3000
051989,華固元大95購02  ,0,0,0,0,0,0,0,0,0,3000,0,0,0,63000,60000,3000,3000
052084,台泥元大95購01  ,0,0,0,0,0,0,0,0,0,3000,0,0,0,49000,46000,3000,3000
052229,奇力新凱基96購01,0,0,0,0,0,0,0,0,0,3000,0,0,0,71000,68000,3000,3000
05128P,聯發科中信97售03,0,0,0,0,0,0,0,0,0,3000,0,0,0,8000,5000,3000,3000
050948,華固群益95購01  ,0,0,0,0,0,0,0,0,0,3000,0,0,0,33000,30000,3000,3000
051120,南亞科群益95購01,0,0,0,0,0,0,0,0,0,3000,0,0,0,3000,0,3000,3000
051083,A50正2元大98購01,0,0,0,0,0,0,0,0,0,3000,0,0,0,3000,0,3000,3000
051091,聯發科元大95購07,0,0,0,0,0,0,0,0,0,3000,0,0,0,3000,0,3000,3000
051482,玉晶光凱基96購01,0,0,0,0,0,0,0,0,0,3000,0,0,0,27000,24000,3000,3000
051416,創意國票96購02  ,0,0,0,0,0,0,0,0,0,3000,0,0,0,28000,25000,3000,3000
051685,台光電凱基95購01,0,0,0,0,0,0,0,0,0,3000,0,0,0,57000,54000,3000,3000
5288,豐祥-KY         ,7000,9000,-2000,0,0,0,5000,0,5000,0,0,0,0,0,0,0,3000
3004,豐達科          ,8000,5000,3000,0,0,0,0,0,0,0,0,0,0,0,0,0,3000
1817,凱撒衛          ,4000,0,4000,0,0,0,0,0,0,-1000,0,1000,-1000,0,0,0,3000
2012,春雨            ,3000,0,3000,0,0,0,0,0,0,0,0,0,0,0,0,0,3000
2413,環科            ,10000,7000,3000,0,0,0,0,0,0,0,0,0,0,0,0,0,3000
9944,新麗            ,5000,2000,3000,0,0,0,0,0,0,0,0,0,0,0,0,0,3000
9925,新保            ,5000,2000,3000,0,0,0,0,0,0,0,0,0,0,0,0,0,3000
9905,大華            ,5000,2000,3000,0,0,0,0,0,0,0,0,0,0,0,0,0,3000
8480,泰昇-KY         ,4000,0,4000,0,0,0,0,1000,-1000,0,0,0,0,0,0,0,3000
8482,商億-KY         ,216000,213000,3000,0,0,0,0,0,0,0,0,0,0,0,0,0,3000
05876P,聯發科群益96售03,0,0,0,0,0,0,0,0,0,2000,0,0,0,13000,11000,2000,2000
05732P,臺股指統一96售02,0,0,0,0,0,0,0,0,0,2000,0,0,0,2000,0,2000,2000
05670P,台積電國票98售01,0,0,0,0,0,0,0,0,0,2000,0,0,0,2000,0,2000,2000
1503,士電            ,11000,9000,2000,0,0,0,0,0,0,0,0,0,0,0,0,0,2000
1531,高林股          ,6000,4000,2000,0,0,0,0,0,0,0,0,0,0,0,0,0,2000
1541,錩泰            ,2000,0,2000,0,0,0,0,0,0,0,0,0,0,0,0,0,2000
1225,福懋油          ,6000,4000,2000,0,0,0,0,0,0,0,0,0,0,0,0,0,2000
1312A,國喬特          ,0,0,0,0,0,0,0,0,0,2000,2000,0,2000,0,0,0,2000
1101B,台泥乙特        ,0,0,0,0,0,0,0,0,0,2000,2000,0,2000,0,0,0,2000
055702,美律富邦98購01  ,0,0,0,0,0,0,0,0,0,2000,0,0,0,2000,0,2000,2000
055887,上銀統一97購03  ,0,0,0,0,0,0,0,0,0,2000,0,0,0,2000,0,2000,2000
054831,緯穎國泰98購01  ,0,0,0,0,0,0,0,0,0,2000,0,0,0,2000,0,2000,2000
054659,亞光元大97購02  ,0,0,0,0,0,0,0,0,0,2000,0,0,0,16000,14000,2000,2000
054644,A50正2群益9B購01,0,0,0,0,0,0,0,0,0,2000,0,0,0,5000,3000,2000,2000
055189,台虹統一97購01  ,0,0,0,0,0,0,0,0,0,2000,0,0,0,10000,8000,2000,2000
05503P,智邦日盛96售01  ,0,0,0,0,0,0,0,0,0,2000,0,0,0,44000,42000,2000,2000
054285,國巨元大98購02  ,0,0,0,0,0,0,0,0,0,2000,0,0,0,2000,0,2000,2000
054231,國巨群益98購03  ,0,0,0,0,0,0,0,0,0,2000,0,0,0,2000,0,2000,2000
054474,鴻海中信96購03  ,0,0,0,0,0,0,0,0,0,2000,0,0,0,2000,0,2000,2000
054024,中鋼康和96購01  ,0,0,0,0,0,0,0,0,0,2000,0,0,0,2000,0,2000,2000
046281,正崴永豐92購01  ,0,0,0,0,0,0,0,0,0,2000,0,0,0,2000,0,2000,2000
044956,聯詠凱基92購01  ,0,0,0,0,0,0,0,0,0,2000,0,0,0,2000,0,2000,2000
045958,技嘉凱基93購04  ,0,0,0,0,0,0,0,0,0,2000,0,0,0,2000,0,2000,2000
044855,南電國泰93購01  ,0,0,0,0,0,0,0,0,0,2000,0,0,0,2000,0,2000,2000
044838,同欣電元大91購01,0,0,0,0,0,0,0,0,0,2000,0,0,0,2000,0,2000,2000
044805,旭富凱基93購01  ,0,0,0,0,0,0,0,0,0,2000,0,0,0,2000,0,2000,2000
044929,康控國泰93購01  ,0,0,0,0,0,0,0,0,0,2000,0,0,0,2000,0,2000,2000
046730,瀚宇博元大93購02,0,0,0,0,0,0,0,0,0,2000,0,0,0,2000,0,2000,2000
048681,漢唐富邦96購01  ,0,0,0,0,0,0,0,0,0,2000,0,0,0,2000,0,2000,2000
048724,台達電日盛94購01,0,0,0,0,0,0,0,0,0,2000,0,0,0,2000,0,2000,2000
048515,貿聯凱基93購03  ,0,0,0,0,0,0,0,0,0,2000,0,0,0,2000,0,2000,2000
045371,元石油元大95購01,0,0,0,0,0,0,0,0,0,2000,0,0,0,2000,0,2000,2000
045298,旺宏元大94購01  ,0,0,0,0,0,0,0,0,0,2000,0,0,0,2000,0,2000,2000
045060,世紀鋼富邦93購01,0,0,0,0,0,0,0,0,0,2000,0,0,0,2000,0,2000,2000
045233,神基日盛92購01  ,0,0,0,0,0,0,0,0,0,2000,0,0,0,42000,40000,2000,2000
00681R,元大美債20反1   ,0,0,0,0,0,0,0,0,0,2000,0,0,0,2000,0,2000,2000
03247P,聯電元富03售02  ,0,0,0,0,0,0,0,0,0,2000,0,0,0,2000,0,2000,2000
04052P,上銀國泰94售01  ,0,0,0,0,0,0,0,0,0,2000,0,0,0,2000,0,2000,2000
042281,元油2X富邦96購02,0,0,0,0,0,0,0,0,0,2000,0,0,0,2000,0,2000,2000
03579P,玉晶光台新02售02,0,0,0,0,0,0,0,0,0,2000,0,0,0,2000,0,2000,2000
03765P,大立光元富96售01,0,0,0,0,0,0,0,0,0,2000,0,0,0,32000,30000,2000,2000
043027,康友元大92購02  ,0,0,0,0,0,0,0,0,0,2000,0,0,0,2000,0,2000,2000
043285,聯發科元大92購01,0,0,0,0,0,0,0,0,0,2000,0,0,0,2000,0,2000,2000
045719,台光電凱基92購04,0,0,0,0,0,0,0,0,0,2000,0,0,0,2000,0,2000,2000
042900,卜蜂元大92購01  ,0,0,0,0,0,0,0,0,0,2000,0,0,0,2000,0,2000,2000
047201,鴻海元富93購05  ,0,0,0,0,0,0,0,0,0,2000,0,0,0,10000,8000,2000,2000
047309,鴻海元大93購13  ,0,0,0,0,0,0,0,0,0,2000,0,0,0,2000,0,2000,2000
047313,華新科元大93購08,0,0,0,0,0,0,0,0,0,2000,0,0,0,2000,0,2000,2000
047332,訊芯元大93購04  ,0,0,0,0,0,0,0,0,0,2000,0,0,0,2000,0,2000,2000
048394,正崴國票94購01  ,0,0,0,0,0,0,0,0,0,2000,0,0,0,2000,0,2000,2000
047112,聯發科元大93購11,0,0,0,0,0,0,0,0,0,2000,0,0,0,3000,1000,2000,2000
047113,聯發科元大93購12,0,0,0,0,0,0,0,0,0,2000,0,0,0,2000,0,2000,2000
048161,旺宏麥證94購01  ,0,0,0,2000,0,2000,0,0,0,2000,0,0,0,2000,0,2000,2000
047748,漢唐元富93購02  ,0,0,0,0,0,0,0,0,0,2000,0,0,0,2000,0,2000,2000
047720,聯茂凱基94購03  ,0,0,0,0,0,0,0,0,0,2000,0,0,0,2000,0,2000,2000
047633,力山元大94購01  ,0,0,0,0,0,0,0,0,0,2000,0,0,0,2000,0,2000,2000
047598,深中小統一94購01,0,0,0,0,0,0,0,0,0,2000,0,0,0,2000,0,2000,2000
047530,智伸科元大93購04,0,0,0,0,0,0,0,0,0,2000,0,0,0,2000,0,2000,2000
050458,台郡元大94購03  ,0,0,0,0,0,0,0,0,0,2000,0,0,0,2000,0,2000,2000
050419,鴻海凱基95購02  ,0,0,0,0,0,0,0,0,0,2000,0,0,0,13000,11000,2000,2000
050402,緯穎中信96購01  ,0,0,0,0,0,0,0,0,0,2000,0,0,0,4000,2000,2000,2000
050374,上緯控元大95購01,0,0,0,0,0,0,0,0,0,2000,0,0,0,2000,0,2000,2000
050351,華新科群益95購02,0,0,0,0,0,0,0,0,0,2000,0,0,0,8000,6000,2000,2000
050899,旭富元大95購01  ,0,0,0,0,0,0,0,0,0,2000,0,0,0,2000,0,2000,2000
050894,旺宏元大96購03  ,0,0,0,0,0,0,0,0,0,2000,0,0,0,2000,0,2000,2000
050578,聯發科國票95購03,0,0,0,0,0,0,0,0,0,2000,0,0,0,2000,0,2000,2000
050717,京鼎群益96購01  ,0,0,0,0,0,0,0,0,0,2000,0,0,0,132000,130000,2000,2000
049506,可成日盛94購02  ,0,0,0,0,0,0,0,0,0,2000,0,0,0,2000,0,2000,2000
049683,美食統一94購01  ,0,0,0,0,0,0,0,0,0,2000,0,0,0,2000,0,2000,2000
049723,緯穎凱基94購04  ,0,0,0,0,0,0,0,0,0,2000,0,0,0,2000,0,2000,2000
050024,旺宏元大94購09  ,0,0,0,0,0,0,0,0,0,2000,0,0,0,2000,0,2000,2000
04707P,喬山元大94售01  ,0,0,0,0,0,0,0,0,0,2000,0,0,0,2000,0,2000,2000
049935,南電元大94購08  ,0,0,0,0,0,0,0,0,0,2000,0,0,0,2000,0,2000,2000
047996,華邦電元大93購04,0,0,0,0,0,0,0,0,0,2000,0,0,0,2000,0,2000,2000
047887,智原富邦97購01  ,0,0,0,0,0,0,0,0,0,2000,0,0,0,19000,17000,2000,2000
048973,禾伸堂元大94購01,0,0,0,0,0,0,0,0,0,2000,0,0,0,2000,0,2000,2000
048765,奇力新凱基94購01,0,0,0,0,0,0,0,0,0,2000,0,0,0,16000,14000,2000,2000
048784,台積電元大94購04,0,0,0,0,0,0,0,0,0,2000,0,0,0,25000,23000,2000,2000
049290,元油2X群益94購02,0,0,0,0,0,0,0,0,0,2000,0,0,0,2000,0,2000,2000
047829,旺宏元大93購06  ,0,0,0,0,0,0,0,0,0,2000,0,0,0,2000,0,2000,2000
051640,GIS國票96購03   ,0,0,0,0,0,0,0,0,0,2000,0,0,0,2000,0,2000,2000
051594,和碩元大96購01  ,0,0,0,0,0,0,0,0,0,2000,0,0,0,2000,0,2000,2000
051572,上銀元大95購01  ,0,0,0,0,0,0,0,0,0,2000,0,0,0,52000,50000,2000,2000
051422,超眾國票96購01  ,0,0,0,0,0,0,0,0,0,2000,0,0,0,2000,0,2000,2000
051423,GIS國票97購01   ,0,0,0,0,0,0,0,0,0,2000,0,0,0,10000,8000,2000,2000
051262,A50富邦96購01   ,0,0,0,0,0,0,0,0,0,2000,0,0,0,2000,0,2000,2000
051233,力成群益97購01  ,0,0,0,0,0,0,0,0,0,2000,0,0,0,10000,8000,2000,2000
051161,喬山元大95購02  ,0,0,0,0,0,0,0,0,0,2000,0,0,0,2000,0,2000,2000
052236,聯發科國票96購03,0,0,0,0,0,0,0,0,0,2000,0,0,0,3000,1000,2000,2000
052194,旺宏元富95購04  ,0,0,0,0,0,0,0,0,0,2000,0,0,0,7000,5000,2000,2000
052383,臺股指元大95購29,0,0,0,0,0,0,0,0,0,2000,0,0,0,2000,0,2000,2000
052440,上証2X元大95購02,0,0,0,0,0,0,0,0,0,2000,0,0,0,2000,0,2000,2000
052451,旭富元大95購02  ,0,0,0,0,0,0,0,0,0,2000,0,0,0,2000,0,2000,2000
051849,旺宏中信98購01  ,0,0,0,0,0,0,0,0,0,2000,0,0,0,5000,3000,2000,2000
051862,旺宏凱基95購05  ,0,0,0,0,0,0,0,0,0,2000,0,0,0,18000,16000,2000,2000
052740,聯發科元大96購07,0,0,0,0,0,0,0,0,0,2000,0,0,0,15000,13000,2000,2000
052565,上銀凱基96購01  ,0,0,0,0,0,0,0,0,0,2000,0,0,0,8000,6000,2000,2000
05288P,寶成元富95售02  ,0,0,0,0,0,0,0,0,0,2000,0,0,0,2000,0,2000,2000
052954,大成鋼日盛96購01,0,0,0,0,0,0,0,0,0,2000,0,0,0,2000,0,2000,2000
053081,上銀元大97購02  ,0,0,0,0,0,0,0,0,0,2000,0,0,0,39000,37000,2000,2000
053074,嘉晶永豐96購02  ,0,0,0,0,0,0,0,0,0,2000,0,0,0,35000,33000,2000,2000
053396,漢唐中信9A購01  ,0,0,0,0,0,0,0,0,0,2000,0,0,0,2000,0,2000,2000
053415,聯茂國票97購01  ,0,0,0,0,0,0,0,0,0,2000,0,0,0,90000,88000,2000,2000
053380,南亞科元大97購01,0,0,0,0,0,0,0,0,0,2000,0,0,0,23000,21000,2000,2000
053356,聯發科統一96購07,0,0,0,0,0,0,0,0,0,2000,0,0,0,12000,10000,2000,2000
053223,台郡凱基96購02  ,0,0,0,0,0,0,0,0,0,2000,0,0,0,2000,0,2000,2000
053288,臺股指元大96購16,0,0,0,0,0,0,0,0,0,2000,0,0,0,2000,0,2000,2000
053566,大立光富邦99購03,0,0,0,0,0,0,0,0,0,2000,0,0,0,2000,0,2000,2000
053737,華新科麥證96購01,0,0,0,19000,17000,2000,0,0,0,2000,0,0,0,19000,17000,2000,2000
6582,申豐            ,2000,0,2000,0,0,0,0,0,0,0,0,0,0,0,0,0,2000
6277,宏正            ,6000,2000,4000,0,0,0,0,0,0,-2000,0,2000,-2000,0,0,0,2000
6283,淳安            ,12000,10000,2000,0,0,0,0,0,0,0,0,0,0,0,0,0,2000
9931,欣高            ,2000,0,2000,0,0,0,0,0,0,0,0,0,0,0,0,0,2000
9941A,裕融甲特        ,0,0,0,0,0,0,0,0,0,2000,2000,0,2000,0,0,0,2000
2440,太空梭          ,0,0,0,0,0,0,0,0,0,2000,2000,0,2000,0,0,0,2000
2486,一詮            ,8000,4000,4000,0,0,0,0,0,0,-2000,0,2000,-2000,0,0,0,2000
2471,資通            ,2000,0,2000,0,0,0,0,0,0,0,0,0,0,0,0,0,2000
2527,宏璟            ,22000,14000,8000,0,0,0,0,0,0,-6000,0,6000,-6000,0,0,0,2000
2002A,中鋼特          ,0,0,0,0,0,0,0,0,0,2000,2000,0,2000,0,0,0,2000
1615,大山            ,10000,8000,2000,0,0,0,0,0,0,0,0,0,0,0,0,0,2000
1726,永記            ,2000,0,2000,0,0,0,0,0,0,0,0,0,0,0,0,0,2000
2032,新鋼            ,2000,0,2000,0,0,0,0,0,0,0,0,0,0,0,0,0,2000
2115,六暉-KY         ,2000,0,2000,0,0,0,0,0,0,0,0,0,0,0,0,0,2000
2227,裕日車          ,3000,3000,0,0,0,0,2000,0,2000,0,0,0,0,0,0,0,2000
2243,宏旭-KY         ,3000,1000,2000,0,0,0,0,0,0,0,0,0,0,0,0,0,2000
2891C,中信金丙特      ,0,0,0,0,0,0,0,0,0,2000,2000,0,2000,0,0,0,2000
2739,寒舍            ,2000,0,2000,0,0,0,0,0,0,0,0,0,0,0,0,0,2000
2852,第一保          ,2000,0,2000,0,0,0,0,0,0,0,0,0,0,0,0,0,2000
2881B,富邦金乙特      ,0,0,0,0,0,0,0,0,0,2000,2000,0,2000,0,0,0,2000
3257,虹冠電          ,5000,3000,2000,0,0,0,0,0,0,0,0,0,0,0,0,0,2000
3054,立萬利          ,2000,0,2000,0,0,0,0,0,0,0,0,0,0,0,0,0,2000
4766,南寶            ,3000,1000,2000,0,0,0,0,0,0,0,0,0,0,0,0,0,2000
4912,聯德控股-KY     ,5000,3000,2000,0,0,0,0,0,0,0,0,0,0,0,0,0,2000
3501,維熹            ,3000,1000,2000,0,0,0,0,0,0,0,0,0,0,0,0,0,2000
053970,聯發科元大97購08,0,0,0,0,0,0,0,0,0,1000,0,0,0,1000,0,1000,1000
053866,景碩元大97購02  ,0,0,0,0,0,0,0,0,0,1000,0,0,0,6000,5000,1000,1000
05405P,大立光群益95售04,0,0,0,0,0,0,0,0,0,1000,0,0,0,1000,0,1000,1000
054111,緯穎凱基97購01  ,0,0,0,0,0,0,0,0,0,1000,0,0,0,9000,8000,1000,1000
054127,台積電元大96購21,0,0,0,0,0,0,0,0,0,1000,0,0,0,1000,0,1000,1000
054515,華通元大98購02  ,0,0,0,0,0,0,0,0,0,1000,0,0,0,7000,6000,1000,1000
054546,玉晶光中信9B購01,0,0,0,0,0,0,0,0,0,1000,0,0,0,76000,75000,1000,1000
054409,亞光國票97購02  ,0,0,0,0,0,0,0,0,0,1000,0,0,0,11000,10000,1000,1000
054284,和大元大96購03  ,0,0,0,0,0,0,0,0,0,1000,0,0,0,1000,0,1000,1000
054298,台表科元大97購03,0,0,0,0,0,0,0,0,0,1000,0,0,0,1000,0,1000,1000
054318,台虹凱基98購01  ,0,0,0,0,0,0,0,0,0,1000,0,0,0,69000,68000,1000,1000
055210,S&P正2凱基97購01,0,0,0,0,0,0,0,0,0,1000,0,0,0,1000,0,1000,1000
055135,聯發科富邦99購05,0,0,0,0,0,0,0,0,0,1000,0,0,0,1000,0,1000,1000
055136,聯發科富邦99購06,0,0,0,0,0,0,0,0,0,1000,0,0,0,1000,0,1000,1000
055091,微星群益97購01  ,0,0,0,0,0,0,0,0,0,1000,0,0,0,24000,23000,1000,1000
054663,同欣電元大97購03,0,0,0,0,0,0,0,0,0,1000,0,0,0,9000,8000,1000,1000
054703,聯發科第一97購01,0,0,0,0,0,0,0,0,0,1000,0,0,0,4000,3000,1000,1000
054733,鴻海凱基98購04  ,0,0,0,0,0,0,0,0,0,1000,0,0,0,8000,7000,1000,1000
054716,緯穎康和97購01  ,0,0,0,0,0,0,0,0,0,1000,0,0,0,1000,0,1000,1000
054871,明泰群益98購01  ,0,0,0,0,0,0,0,0,0,1000,0,0,0,61000,60000,1000,1000
055752,臺股指永昌97購01,0,0,0,0,0,0,0,0,0,1000,0,0,0,1000,0,1000,1000
055565,祥碩凱基97購01  ,0,0,0,0,0,0,0,0,0,1000,0,0,0,18000,17000,1000,1000
055370,旺宏元大97購05  ,0,0,0,0,0,0,0,0,0,1000,0,0,0,5000,4000,1000,1000
055365,華通元大97購03  ,0,0,0,0,0,0,0,0,0,1000,0,0,0,9000,8000,1000,1000
055230,大毅國票98購01  ,0,0,0,0,0,0,0,0,0,1000,0,0,0,1000,0,1000,1000
055296,康舒元大97購02  ,0,0,0,0,0,0,0,0,0,1000,0,0,0,11000,10000,1000,1000
055282,聯發科元大97購15,0,0,0,0,0,0,0,0,0,1000,0,0,0,20000,19000,1000,1000
055529,華邦電群益97購02,0,0,0,0,0,0,0,0,0,1000,0,0,0,1000,0,1000,1000
055425,聚陽群益99購01  ,0,0,0,0,0,0,0,0,0,1000,0,0,0,8000,7000,1000,1000
07883P,可成凱基9B售03  ,0,0,0,0,0,0,0,0,0,1000,0,0,0,1000,0,1000,1000
07917P,可成永豐9B售01  ,0,0,0,0,0,0,0,0,0,1000,0,0,0,1000,0,1000,1000
1233,天仁            ,1000,0,1000,0,0,0,0,0,0,0,0,0,0,0,0,0,1000
1236,宏亞            ,1000,0,1000,0,0,0,0,0,0,0,0,0,0,0,0,0,1000
1525,江申            ,1000,0,1000,0,0,0,0,0,0,0,0,0,0,0,0,0,1000
1466,聚隆            ,2000,1000,1000,0,0,0,0,0,0,0,0,0,0,0,0,0,1000
1414,東和            ,1000,0,1000,0,0,0,0,0,0,0,0,0,0,0,0,0,1000
1438,裕豐            ,1000,0,1000,0,0,0,0,0,0,0,0,0,0,0,0,0,1000
1432,大魯閣          ,1000,0,1000,0,0,0,0,0,0,0,0,0,0,0,0,0,1000
1436,華友聯          ,2000,1000,1000,0,0,0,0,0,0,0,0,0,0,0,0,0,1000
05714P,群創統一97售03  ,0,0,0,0,0,0,0,0,0,1000,0,0,0,1000,0,1000,1000
05864P,元油反元大96售07,0,0,0,0,0,0,0,0,0,1000,0,0,0,1000,0,1000,1000
05853P,欣興群益96售05  ,0,0,0,0,0,0,0,0,0,1000,0,0,0,1000,0,1000,1000
05873P,華通群益97售02  ,0,0,0,0,0,0,0,0,0,1000,0,0,0,11000,10000,1000,1000
06034P,世芯凱基96售03  ,0,0,0,0,0,0,0,0,0,1000,0,0,0,6000,5000,1000,1000
045577,台光電元大92購06,0,0,0,0,0,0,0,0,0,1000,0,0,0,1000,0,1000,1000
046868,瑞昱統一93購02  ,0,0,0,0,0,0,0,0,0,1000,0,0,0,1000,0,1000,1000
043272,羅麗芬國泰94購01,0,0,0,0,0,0,0,0,0,1000,0,0,0,1000,0,1000,1000
043522,華新科元大92購04,0,0,0,0,0,0,0,0,0,1000,0,0,0,1000,0,1000,1000
04347P,全新群益94售01  ,0,0,0,0,0,0,0,0,0,1000,0,0,0,1000,0,1000,1000
043468,華新科元大92購03,0,0,0,0,0,0,0,0,0,1000,0,0,0,1000,0,1000,1000
044022,健策凱基93購02  ,0,0,0,0,0,0,0,0,0,1000,0,0,0,1000,0,1000,1000
044013,友達凱基93購01  ,0,0,0,0,0,0,0,0,0,1000,0,0,0,24000,23000,1000,1000
044682,和鑫凱基93購01  ,0,0,0,0,0,0,0,0,0,1000,0,0,0,1000,0,1000,1000
044633,台郡元大92購03  ,0,0,0,0,0,0,0,0,0,1000,0,0,0,1000,0,1000,1000
044526,訊芯凱基93購02  ,0,0,0,0,0,0,0,0,0,1000,0,0,0,1000,0,1000,1000
042516,健策凱基93購01  ,0,0,0,0,0,0,0,0,0,1000,0,0,0,1000,0,1000,1000
042527,台灣50永豐94購01,0,0,0,0,0,0,0,0,0,1000,0,0,0,1000,0,1000,1000
03625P,欣興群益92售04  ,0,0,0,0,0,0,0,0,0,1000,0,0,0,1000,0,1000,1000
03425B,臺股指元大9A熊01,0,0,0,0,0,0,0,0,0,1000,0,0,0,1000,0,1000,1000
044200,群創國票93購01  ,0,0,0,0,0,0,0,0,0,1000,0,0,0,259000,258000,1000,1000
03868P,統一凱基93售02  ,0,0,0,0,0,0,0,0,0,1000,0,0,0,1000,0,1000,1000
03896P,長榮航凱基95售01,0,0,0,0,0,0,0,0,0,1000,0,0,0,1000,0,1000,1000
04178P,聯茂元大93售07  ,0,0,0,0,0,0,0,0,0,1000,0,0,0,1000,0,1000,1000
041836,宏達電統一92購01,0,0,0,0,0,0,0,0,0,1000,0,0,0,1000,0,1000,1000
041917,上証2X群益92購01,0,0,0,0,0,0,0,0,0,1000,0,0,0,1000,0,1000,1000
044427,群創國泰93購01  ,0,0,0,0,0,0,0,0,0,1000,0,0,0,288000,287000,1000,1000
044430,上銀元大92購03  ,0,0,0,0,0,0,0,0,0,1000,0,0,0,1000,0,1000,1000
044445,台光電中信91購01,0,0,0,0,0,0,0,0,0,1000,0,0,0,1000,0,1000,1000
040820,禾伸堂群益92購01,0,0,0,0,0,0,0,0,0,1000,0,0,0,1000,0,1000,1000
04085P,欣興元富93售01  ,0,0,0,0,0,0,0,0,0,1000,0,0,0,1000,0,1000,1000
04012P,台積電元大93售23,0,0,0,0,0,0,0,0,0,1000,0,0,0,1000,0,1000,1000
03162P,泰碩元大01售02  ,0,0,0,0,0,0,0,0,0,1000,0,0,0,1000,0,1000,1000
03063X,元展58          ,0,0,0,0,0,0,0,0,0,1000,0,0,0,1000,0,1000,1000
03064P,台灣50群益01售14,0,0,0,0,0,0,0,0,0,1000,0,0,0,1000,0,1000,1000
04161P,全新國泰94售01  ,0,0,0,0,0,0,0,0,0,1000,0,0,0,1000,0,1000,1000
03068P,美律群益01售03  ,0,0,0,0,0,0,0,0,0,1000,0,0,0,1000,0,1000,1000
041473,滬深2X群益93購01,0,0,0,0,0,0,0,0,0,1000,0,0,0,1000,0,1000,1000
04132P,瑞昱群益93售04  ,0,0,0,0,0,0,0,0,0,1000,0,0,0,11000,10000,1000,1000
00678,群益NBI生技     ,0,0,0,0,0,0,0,0,0,1000,0,0,0,301000,300000,1000,1000
00683L,元大美元指數正2 ,0,0,0,0,0,0,0,0,0,1000,0,0,0,41000,40000,1000,1000
00654R,富邦印度反1     ,0,0,0,0,0,0,0,0,0,1000,0,0,0,1000,0,1000,1000
00707R,元大S&P日圓反1  ,0,0,0,0,0,0,0,0,0,1000,0,0,0,42000,41000,1000,1000
045255,華邦電凱基93購03,0,0,0,0,0,0,0,0,0,1000,0,0,0,4000,3000,1000,1000
04520P,欣興群益94售02  ,0,0,0,0,0,0,0,0,0,1000,0,0,0,1000,0,1000,1000
045303,華新科元大92購10,0,0,0,0,0,0,0,0,0,1000,0,0,0,1000,0,1000,1000
045283,上銀永豐92購01  ,0,0,0,0,0,0,0,0,0,1000,0,0,0,1000,0,1000,1000
048820,台積電凱基94購06,0,0,0,0,0,0,0,0,0,1000,0,0,0,10000,9000,1000,1000
048525,華通國票94購02  ,0,0,0,0,0,0,0,0,0,1000,0,0,0,1000,0,1000,1000
049041,和鑫兆豐94購01  ,0,0,0,0,0,0,0,0,0,1000,0,0,0,98000,97000,1000,1000
048708,智邦亞東94購01  ,0,0,0,0,0,0,0,0,0,1000,0,0,0,1000,0,1000,1000
04867P,美律統一94售03  ,0,0,0,0,0,0,0,0,0,1000,0,0,0,1000,0,1000,1000
048703,康控國票95購01  ,0,0,0,0,0,0,0,0,0,1000,0,0,0,1000,0,1000,1000
048704,台表科國票95購01,0,0,0,0,0,0,0,0,0,1000,0,0,0,1000,0,1000,1000
048649,瀚宇博元大93購05,0,0,0,0,0,0,0,0,0,1000,0,0,0,19000,18000,1000,1000
046666,欣興元大93購05  ,0,0,0,0,0,0,0,0,0,1000,0,0,0,1000,0,1000,1000
046612,群創麥證93購01  ,0,0,0,1000,0,1000,0,0,0,1000,0,0,0,1000,0,1000,1000
046581,聯發科元大92購22,0,0,0,0,0,0,0,0,0,1000,0,0,0,1000,0,1000,1000
046582,聯發科元大92購23,0,0,0,0,0,0,0,0,0,1000,0,0,0,1000,0,1000,1000
046428,矽力元大92購02  ,0,0,0,0,0,0,0,0,0,1000,0,0,0,1000,0,1000,1000
046375,友達凱基98購01  ,0,0,0,0,0,0,0,0,0,1000,0,0,0,11000,10000,1000,1000
046493,緯創富邦93購01  ,0,0,0,0,0,0,0,0,0,1000,0,0,0,1000,0,1000,1000
046947,禾伸堂元大93購01,0,0,0,0,0,0,0,0,0,1000,0,0,0,1000,0,1000,1000
046358,義隆台新92購01  ,0,0,0,0,0,0,0,0,0,1000,0,0,0,1000,0,1000,1000
046991,健策凱基93購04  ,0,0,0,0,0,0,0,0,0,1000,0,0,0,1000,0,1000,1000
044768,深中小元大94購02,0,0,0,0,0,0,0,0,0,1000,0,0,0,601000,600000,1000,1000
044875,玉晶光統一93購01,0,0,0,0,0,0,0,0,0,1000,0,0,0,11000,10000,1000,1000
046049,臺股指元大93購19,0,0,0,0,0,0,0,0,0,1000,0,0,0,1000,0,1000,1000
046050,臺股指元大93購20,0,0,0,0,0,0,0,0,0,1000,0,0,0,1000,0,1000,1000
045996,南電富邦94購01  ,0,0,0,0,0,0,0,0,0,1000,0,0,0,1000,0,1000,1000
045968,貿聯凱基92購03  ,0,0,0,0,0,0,0,0,0,1000,0,0,0,1000,0,1000,1000
046033,義隆元大92購03  ,0,0,0,0,0,0,0,0,0,1000,0,0,0,107000,106000,1000,1000
044699,華新科元大91購10,0,0,0,0,0,0,0,0,0,1000,0,0,0,1000,0,1000,1000
044755,可成凱基91購10  ,0,0,0,0,0,0,0,0,0,1000,0,0,0,1000,0,1000,1000
044948,大立光群益92購02,0,0,0,0,0,0,0,0,0,1000,0,0,0,1000,0,1000,1000
046273,和碩凱基92購02  ,0,0,0,0,0,0,0,0,0,1000,0,0,0,1000,0,1000,1000
044975,台積電國票92購02,0,0,0,0,0,0,0,0,0,1000,0,0,0,601000,600000,1000,1000
046297,國巨元富92購01  ,0,0,0,0,0,0,0,0,0,1000,0,0,0,1000,0,1000,1000
046277,可成台新92購01  ,0,0,0,0,0,0,0,0,0,1000,0,0,0,1000,0,1000,1000
045011,華新科元大92購08,0,0,0,0,0,0,0,0,0,1000,0,0,0,1000,0,1000,1000
046309,聯發科元大92購14,0,0,0,0,0,0,0,0,0,1000,0,0,0,1000,0,1000,1000
046324,健策元大92購05  ,0,0,0,0,0,0,0,0,0,1000,0,0,0,1000,0,1000,1000
045772,台光電元大93購01,0,0,0,0,0,0,0,0,0,1000,0,0,0,1000,0,1000,1000
045883,元油2X元大95購07,0,0,0,0,0,0,0,0,0,1000,0,0,0,4000,3000,1000,1000
044687,南寶凱基93購01  ,0,0,0,0,0,0,0,0,0,1000,0,0,0,1000,0,1000,1000
049279,元油2X國票94購02,0,0,0,0,0,0,0,0,0,1000,0,0,0,1000,0,1000,1000
049373,大立光元大94購11,0,0,0,0,0,0,0,0,0,1000,0,0,0,1000,0,1000,1000
049151,大立光元大94購07,0,0,0,0,0,0,0,0,0,1000,0,0,0,1000,0,1000,1000
047942,華新科國票94購04,0,0,0,0,0,0,0,0,0,1000,0,0,0,2000,1000,1000,1000
047920,南亞科凱基93購04,0,0,0,0,0,0,0,0,0,1000,0,0,0,1000,0,1000,1000
04850P,全新永豐94售03  ,0,0,0,0,0,0,0,0,0,1000,0,0,0,1000,0,1000,1000
04848P,康控凱基94售02  ,0,0,0,0,0,0,0,0,0,1000,0,0,0,1000,0,1000,1000
048484,大立光國泰95購02,0,0,0,0,0,0,0,0,0,1000,0,0,0,29000,28000,1000,1000
048921,劍麟永豐94購01  ,0,0,0,0,0,0,0,0,0,1000,0,0,0,1000,0,1000,1000
048018,南亞科麥證93購01,0,0,0,1000,0,1000,0,0,0,1000,0,0,0,1000,0,1000,1000
049927,健策元大94購02  ,0,0,0,0,0,0,0,0,0,1000,0,0,0,1000,0,1000,1000
049494,華新科元大95購05,0,0,0,0,0,0,0,0,0,1000,0,0,0,1000,0,1000,1000
050177,聯發科元大94購11,0,0,0,0,0,0,0,0,0,1000,0,0,0,2000,1000,1000,1000
048122,台達電元大96購02,0,0,0,0,0,0,0,0,0,1000,0,0,0,11000,10000,1000,1000
04811P,上銀元大94售02  ,0,0,0,0,0,0,0,0,0,1000,0,0,0,2000,1000,1000,1000
048099,健策凱基93購06  ,0,0,0,0,0,0,0,0,0,1000,0,0,0,1000,0,1000,1000
049475,高鐵永豐94購01  ,0,0,0,0,0,0,0,0,0,1000,0,0,0,1000,0,1000,1000
050115,群創元大96購01  ,0,0,0,0,0,0,0,0,0,1000,0,0,0,120000,119000,1000,1000
050152,聯發科群益94購07,0,0,0,0,0,0,0,0,0,1000,0,0,0,12000,11000,1000,1000
049694,華新科元大95購06,0,0,0,0,0,0,0,0,0,1000,0,0,0,1000,0,1000,1000
049502,訊芯元大94購01  ,0,0,0,0,0,0,0,0,0,1000,0,0,0,1000,0,1000,1000
049581,國巨元大94購08  ,0,0,0,0,0,0,0,0,0,1000,0,0,0,1000,0,1000,1000
049801,可成元大94購09  ,0,0,0,0,0,0,0,0,0,1000,0,0,0,1000,0,1000,1000
050718,茂林群益94購04  ,0,0,0,0,0,0,0,0,0,1000,0,0,0,1000,0,1000,1000
050615,奇力新元大95購03,0,0,0,0,0,0,0,0,0,1000,0,0,0,1000,0,1000,1000
050652,大立光凱基96購03,0,0,0,0,0,0,0,0,0,1000,0,0,0,1000,0,1000,1000
050630,大立光亞東96購01,0,0,0,0,0,0,0,0,0,1000,0,0,0,1000,0,1000,1000
050896,華新科元大96購02,0,0,0,0,0,0,0,0,0,1000,0,0,0,1000,0,1000,1000
050774,健策元大96購02  ,0,0,0,0,0,0,0,0,0,1000,0,0,0,51000,50000,1000,1000
050329,超眾永豐94購03  ,0,0,0,0,0,0,0,0,0,1000,0,0,0,1000,0,1000,1000
050238,瑞昱凱基94購05  ,0,0,0,0,0,0,0,0,0,1000,0,0,0,19000,18000,1000,1000
047385,華邦電元大94購02,0,0,0,0,0,0,0,0,0,1000,0,0,0,1000,0,1000,1000
050423,鴻海凱基96購02  ,0,0,0,0,0,0,0,0,0,1000,0,0,0,1000,0,1000,1000
050568,為升中信97購01  ,0,0,0,0,0,0,0,0,0,1000,0,0,0,101000,100000,1000,1000
050511,元油2X元大94購11,0,0,0,0,0,0,0,0,0,1000,0,0,0,10000,9000,1000,1000
047494,華邦電元富96購01,0,0,0,0,0,0,0,0,0,1000,0,0,0,12000,11000,1000,1000
047547,友達凱基99購02  ,0,0,0,0,0,0,0,0,0,1000,0,0,0,1000,0,1000,1000
047548,友達凱基99購03  ,0,0,0,0,0,0,0,0,0,1000,0,0,0,21000,20000,1000,1000
047635,華新元大93購01  ,0,0,0,0,0,0,0,0,0,1000,0,0,0,1000,0,1000,1000
047675,群創元富96購03  ,0,0,0,0,0,0,0,0,0,1000,0,0,0,1000,0,1000,1000
047117,禾伸堂元大93購02,0,0,0,0,0,0,0,0,0,1000,0,0,0,1000,0,1000,1000
048199,大立光元大94購03,0,0,0,0,0,0,0,0,0,1000,0,0,0,1000,0,1000,1000
048357,漢唐永豐93購04  ,0,0,0,0,0,0,0,0,0,1000,0,0,0,1000,0,1000,1000
04719P,台達電凱基94售09,0,0,0,0,0,0,0,0,0,1000,0,0,0,1000,0,1000,1000
049304,元油2X凱基95購05,0,0,0,0,0,0,0,0,0,1000,0,0,0,1000,0,1000,1000
048239,嘉澤國票93購01  ,0,0,0,0,0,0,0,0,0,1000,0,0,0,1000,0,1000,1000
048303,A50凱基96購01   ,0,0,0,0,0,0,0,0,0,1000,0,0,0,3000,2000,1000,1000
049314,京鼎凱基94購01  ,0,0,0,0,0,0,0,0,0,1000,0,0,0,1000,0,1000,1000
047447,台郡元大94購02  ,0,0,0,0,0,0,0,0,0,1000,0,0,0,1000,0,1000,1000
053773,上銀元大96購04  ,0,0,0,0,0,0,0,0,0,1000,0,0,0,8000,7000,1000,1000
053779,台光電元大96購02,0,0,0,0,0,0,0,0,0,1000,0,0,0,36000,35000,1000,1000
053560,漢唐國泰98購01  ,0,0,0,0,0,0,0,0,0,1000,0,0,0,26000,25000,1000,1000
053592,亞光元大96購01  ,0,0,0,0,0,0,0,0,0,1000,0,0,0,11000,10000,1000,1000
053379,南亞科元大96購01,0,0,0,0,0,0,0,0,0,1000,0,0,0,12000,11000,1000,1000
053299,台泥凱基96購01  ,0,0,0,0,0,0,0,0,0,1000,0,0,0,6000,5000,1000,1000
053531,國泰金康和96購01,0,0,0,0,0,0,0,0,0,1000,0,0,0,1000,0,1000,1000
053550,聯發科凱基96購15,0,0,0,0,0,0,0,0,0,1000,0,0,0,13000,12000,1000,1000
053071,南電群益96購01  ,0,0,0,0,0,0,0,0,0,1000,0,0,0,1000,0,1000,1000
053092,台表科元大97購02,0,0,0,0,0,0,0,0,0,1000,0,0,0,1000,0,1000,1000
053076,貿聯永豐96購01  ,0,0,0,0,0,0,0,0,0,1000,0,0,0,7000,6000,1000,1000
053212,友達凱基99購04  ,0,0,0,0,0,0,0,0,0,1000,0,0,0,25000,24000,1000,1000
052943,奇力新國票96購02,0,0,0,0,0,0,0,0,0,1000,0,0,0,1000,0,1000,1000
052866,大立光凱基96購12,0,0,0,0,0,0,0,0,0,1000,0,0,0,1000,0,1000,1000
052863,友達凱基98購02  ,0,0,0,0,0,0,0,0,0,1000,0,0,0,11000,10000,1000,1000
052500,元翎永豐95購01  ,0,0,0,0,0,0,0,0,0,1000,0,0,0,1000,0,1000,1000
05260P,和碩元富95售02  ,0,0,0,0,0,0,0,0,0,1000,0,0,0,1000,0,1000,1000
052739,國巨元大96購04  ,0,0,0,0,0,0,0,0,0,1000,0,0,0,11000,10000,1000,1000
052731,宏達電國泰98購01,0,0,0,0,0,0,0,0,0,1000,0,0,0,119000,118000,1000,1000
052686,華新科元大96購03,0,0,0,0,0,0,0,0,0,1000,0,0,0,1000,0,1000,1000
052821,晶技永豐96購01  ,0,0,0,0,0,0,0,0,0,1000,0,0,0,1000,0,1000,1000
051763,新光金元大98購01,0,0,0,0,0,0,0,0,0,1000,0,0,0,1000,0,1000,1000
052015,漢唐永豐95購02  ,0,0,0,0,0,0,0,0,0,1000,0,0,0,1000,0,1000,1000
051914,健策元大96購06  ,0,0,0,0,0,0,0,0,0,1000,0,0,0,49000,48000,1000,1000
051978,泰碩凱基96購01  ,0,0,0,0,0,0,0,0,0,1000,0,0,0,1000,0,1000,1000
052388,旺宏群益96購05  ,0,0,0,0,0,0,0,0,0,1000,0,0,0,1000,0,1000,1000
052392,台表科群益96購02,0,0,0,0,0,0,0,0,0,1000,0,0,0,10000,9000,1000,1000
052354,健策群益96購02  ,0,0,0,0,0,0,0,0,0,1000,0,0,0,61000,60000,1000,1000
052368,力成國票96購01  ,0,0,0,0,0,0,0,0,0,1000,0,0,0,1000,0,1000,1000
052252,大立光永豐95購03,0,0,0,0,0,0,0,0,0,1000,0,0,0,1000,0,1000,1000
051169,瀚宇博元大95購05,0,0,0,0,0,0,0,0,0,1000,0,0,0,1000,0,1000,1000
051148,聯發科凱基95購06,0,0,0,0,0,0,0,0,0,1000,0,0,0,1000,0,1000,1000
051257,光寶科國泰96購01,0,0,0,0,0,0,0,0,0,1000,0,0,0,3000,2000,1000,1000
051108,鴻海統一96購02  ,0,0,0,0,0,0,0,0,0,1000,0,0,0,9000,8000,1000,1000
051432,群創元富99購03  ,0,0,0,0,0,0,0,0,0,1000,0,0,0,227000,226000,1000,1000
05133P,臺股指日盛95售01,0,0,0,0,0,0,0,0,0,1000,0,0,0,1000,0,1000,1000
051347,國巨元大95購06  ,0,0,0,0,0,0,0,0,0,1000,0,0,0,1000,0,1000,1000
051372,樺漢富邦96購01  ,0,0,0,0,0,0,0,0,0,1000,0,0,0,1000,0,1000,1000
051487,健策凱基96購03  ,0,0,0,0,0,0,0,0,0,1000,0,0,0,1000,0,1000,1000
051587,大立光元大95購08,0,0,0,0,0,0,0,0,0,1000,0,0,0,1000,0,1000,1000
051624,智邦麥證95購02  ,0,0,0,56000,55000,1000,0,0,0,1000,0,0,0,56000,55000,1000,1000
05165P,欣興元富95售03  ,0,0,0,0,0,0,0,0,0,1000,0,0,0,3000,2000,1000,1000
3528,安馳            ,3000,2000,1000,0,0,0,0,0,0,0,0,0,0,0,0,0,1000
3536,誠創            ,1000,0,1000,0,0,0,0,0,0,0,0,0,0,0,0,0,1000
3669,圓展            ,1000,0,1000,0,0,0,0,0,0,0,0,0,0,0,0,0,1000
4952,凌通            ,12000,11000,1000,0,0,0,0,0,0,0,0,0,0,0,0,0,1000
4720,德淵            ,0,0,0,0,0,0,0,0,0,1000,1000,0,1000,0,0,0,1000
3308,聯德            ,1000,0,1000,0,0,0,0,0,0,0,0,0,0,0,0,0,1000
3013,晟銘電          ,4000,3000,1000,0,0,0,0,0,0,0,0,0,0,0,0,0,1000
2838A,聯邦銀甲特      ,0,0,0,0,0,0,0,0,0,1000,1000,0,1000,0,0,0,1000
2891B,中信金乙特      ,0,0,0,0,0,0,0,0,0,1000,1000,0,1000,0,0,0,1000
2936,客思達-KY       ,1000,0,1000,0,0,0,0,0,0,0,0,0,0,0,0,0,1000
2901,欣欣            ,2000,1000,1000,0,0,0,0,0,0,0,0,0,0,0,0,0,1000
1713,國化            ,1000,0,1000,0,0,0,0,0,0,0,0,0,0,0,0,0,1000
1731,美吾華          ,1000,0,1000,0,0,0,0,0,0,0,0,0,0,0,0,0,1000
2450,神腦            ,8000,7000,1000,0,0,0,0,0,0,0,0,0,0,0,0,0,1000
911616,杜康-DR         ,1000,0,1000,0,0,0,0,0,0,0,0,0,0,0,0,0,1000
9912,偉聯            ,1000,0,1000,0,0,0,0,0,0,0,0,0,0,0,0,0,1000
6405,悅城            ,1000,0,1000,0,0,0,0,0,0,0,0,0,0,0,0,0,1000
6112,聚碩            ,13000,22000,-9000,0,0,0,0,0,0,10000,10000,0,10000,0,0,0,1000
6674,鋐寶科技        ,1000,0,1000,0,0,0,0,0,0,0,0,0,0,0,0,0,1000
8103,瀚荃            ,1000,0,1000,0,0,0,0,0,0,0,0,0,0,0,0,0,1000
8481,政伸            ,1000,0,1000,0,0,0,0,0,0,0,0,0,0,0,0,0,1000
8462,柏文            ,5000,3000,2000,0,0,0,0,0,0,-1000,0,0,0,0,1000,-1000,1000
2441,超豐            ,43000,62000,-19000,0,0,0,16281,0,16281,3000,3000,0,3000,0,0,0,281
00636K,國泰中國A50+U   ,0,0,0,0,0,0,0,0,0,100,0,0,0,100,0,100,100
06032P,健策群益97售03  ,0,0,0,0,0,0,0,0,0,0,0,0,0,11000,11000,0,0
05949P,台積電國票96售09,0,0,0,0,0,0,0,0,0,0,0,0,0,10000,10000,0,0
05872P,大立光凱基96售15,0,0,0,0,0,0,0,0,0,0,0,0,0,37000,37000,0,0
05859P,台表科國票97售04,0,0,0,0,0,0,0,0,0,0,0,0,0,18000,18000,0,0
05865P,大立光元大96售09,0,0,0,0,0,0,0,0,0,0,0,0,0,50000,50000,0,0
05934P,國巨凱基96售13  ,0,0,0,0,0,0,0,0,0,0,0,0,0,10000,10000,0,0
05902P,華通國票96售02  ,0,0,0,0,0,0,0,0,0,0,0,0,0,30000,30000,0,0
05914P,友達元大96售04  ,0,0,0,0,0,0,0,0,0,0,0,0,0,145000,145000,0,0
05918P,大立光元大96售11,0,0,0,0,0,0,0,0,0,0,0,0,0,11000,11000,0,0
05680P,聯發科元大96售12,0,0,0,0,0,0,0,0,0,0,0,0,0,100000,100000,0,0
05681P,大立光元大96售05,0,0,0,0,0,0,0,0,0,0,0,0,0,61000,61000,0,0
05662P,景碩元富96售01  ,0,0,0,0,0,0,0,0,0,0,0,0,0,10000,10000,0,0
05651P,大立光元大97售02,0,0,0,0,0,0,0,0,0,0,0,0,0,35000,35000,0,0
05840P,臺股指富邦96售07,0,0,0,0,0,0,0,0,0,0,0,0,0,10000,10000,0,0
05799P,臺股指群益96售13,0,0,0,0,0,0,0,0,0,0,0,0,0,10000,10000,0,0
05771P,大立光凱基96售13,0,0,0,0,0,0,0,0,0,0,0,0,0,37000,37000,0,0
05786P,臺股指永昌96售03,0,0,0,0,0,0,0,0,0,0,161000,0,161000,70000,231000,-161000,0
1471,首利            ,2000,2000,0,0,0,0,0,0,0,0,0,0,0,0,0,0,0
1533,車王電          ,1000,1000,0,0,0,0,0,0,0,0,0,0,0,0,0,0,0
07480P,FBVIX凱基94售01 ,0,0,0,0,0,0,0,0,0,0,0,0,0,1000,1000,0,0
06330P,南亞科群益97售03,0,0,0,0,0,0,0,0,0,0,0,0,0,80000,80000,0,0
06331P,南亞科群益97售04,0,0,0,0,0,0,0,0,0,0,0,0,0,80000,80000,0,0
06198P,台積電元大98售06,0,0,0,0,0,0,0,0,0,0,0,0,0,12000,12000,0,0
06206P,台積電凱基97售11,0,0,0,0,0,0,0,0,0,0,0,0,0,4000,4000,0,0
06178P,大立光第一99售01,0,0,0,0,0,0,0,0,0,0,0,0,0,16000,16000,0,0
06093P,華通元富97售03  ,0,0,0,0,0,0,0,0,0,0,0,0,0,6000,6000,0,0
06110P,國巨國泰98售02  ,0,0,0,0,0,0,0,0,0,0,0,0,0,100000,100000,0,0
06149P,台積電元大97售18,0,0,0,0,0,0,0,0,0,0,0,0,0,59000,59000,0,0
055433,嘉聯益群益99購01,0,0,0,0,0,0,0,0,0,0,0,0,0,19000,19000,0,0
055394,健策統一97購01  ,0,0,0,0,0,0,0,0,0,0,0,0,0,30000,30000,0,0
055484,華通元大97購04  ,0,0,0,0,0,0,0,0,0,0,0,0,0,5000,5000,0,0
055232,泰碩國票98購01  ,0,0,0,0,0,0,0,0,0,0,0,0,0,18000,18000,0,0
055250,華新科統一97購02,0,0,0,0,0,0,0,0,0,0,0,0,0,20000,20000,0,0
055346,國巨凱基98購02  ,0,0,0,0,0,0,0,0,0,0,0,0,0,50000,50000,0,0
055348,旺宏凱基97購01  ,0,0,0,0,0,0,0,0,0,0,0,0,0,3000,3000,0,0
055351,聯發科凱基97購03,0,0,0,0,0,0,0,0,0,0,0,0,0,14000,14000,0,0
055357,欣興凱基97購04  ,0,0,0,0,0,0,0,0,0,0,0,0,0,4000,4000,0,0
055359,超眾凱基97購01  ,0,0,0,0,0,0,0,0,0,0,0,0,0,9000,9000,0,0
055302,達方元大97購01  ,0,0,0,0,0,0,0,0,0,0,0,0,0,25000,25000,0,0
055562,欣興凱基97購06  ,0,0,0,0,0,0,0,0,0,0,0,0,0,1000,1000,0,0
055563,智易凱基97購02  ,0,0,0,0,0,0,0,0,0,0,0,0,0,50000,50000,0,0
055549,旺宏凱基97購03  ,0,0,0,0,0,0,0,0,0,0,0,0,0,2000,2000,0,0
055585,國巨元大98購08  ,0,0,0,0,0,0,0,0,0,0,0,0,0,23000,23000,0,0
055586,旺宏元大98購06  ,0,0,0,0,0,0,0,0,0,0,0,0,0,8000,8000,0,0
055614,華新科國票97購02,0,0,0,0,0,0,0,0,0,0,0,0,0,15000,15000,0,0
055598,欣興元大97購03  ,0,0,0,0,0,0,0,0,0,0,0,0,0,1000,1000,0,0
055628,旺宏永豐97購01  ,0,0,0,0,0,0,0,0,0,0,0,0,0,3000,3000,0,0
055682,智原凱基98購02  ,0,0,0,0,0,0,0,0,0,0,0,0,0,16000,16000,0,0
055707,聯鈞永豐98購01  ,0,0,0,0,0,0,0,0,0,0,0,0,0,6000,6000,0,0
055637,亞德客元富97購01,0,0,0,0,0,0,0,0,0,0,0,0,0,10000,10000,0,0
055669,緯穎群益97購02  ,0,0,0,0,0,0,0,0,0,0,0,0,0,22000,22000,0,0
055732,全新元富9A購01  ,0,0,0,0,0,0,0,0,0,0,0,0,0,10000,10000,0,0
055725,嘉聯益元大98購03,0,0,0,0,0,0,0,0,0,0,0,0,0,20000,20000,0,0
055749,智邦永昌9C購01  ,0,0,0,0,0,0,0,0,0,0,0,0,0,10000,10000,0,0
055842,建準元大98購01  ,0,0,0,0,0,0,0,0,0,0,0,0,0,9000,9000,0,0
055851,智原元大98購01  ,0,0,0,0,0,0,0,0,0,0,0,0,0,17000,17000,0,0
055830,上銀元大97購07  ,0,0,0,0,0,0,0,0,0,0,0,0,0,38000,38000,0,0
055833,華通元大98購05  ,0,0,0,0,0,0,0,0,0,0,0,0,0,117000,117000,0,0
055836,華邦電元大97購04,0,0,0,0,0,0,0,0,0,0,0,0,0,3000,3000,0,0
055828,上銀元大97購05  ,0,0,0,0,0,0,0,0,0,0,0,0,0,50000,50000,0,0
055829,上銀元大97購06  ,0,0,0,0,0,0,0,0,0,0,0,0,0,154000,154000,0,0
055814,晶豪科國票97購02,0,0,0,0,0,0,0,0,0,0,0,0,0,57000,57000,0,0
055860,啟碁元大97購04  ,0,0,0,0,0,0,0,0,0,0,0,0,0,19000,19000,0,0
055956,瑞昱元大97購05  ,0,0,0,0,0,0,0,0,0,0,0,0,0,35000,35000,0,0
055957,瑞昱元大97購06  ,0,0,0,0,0,0,0,0,0,0,0,0,0,26000,26000,0,0
055934,景碩群益98購03  ,0,0,0,0,0,0,0,0,0,0,0,0,0,2000,2000,0,0
05601P,鴻海元大97售04  ,0,0,0,0,0,0,0,0,0,0,0,0,0,219000,219000,0,0
055963,欣興元大97購04  ,0,0,0,0,0,0,0,0,0,0,0,0,0,59000,59000,0,0
054864,聯發科群益97購02,0,0,0,0,0,0,0,0,0,0,0,0,0,10000,10000,0,0
054825,康友元大97購01  ,0,0,0,0,0,0,0,0,0,0,0,0,0,13000,13000,0,0
054817,聯發科元大97購13,0,0,0,0,0,0,0,0,0,0,0,0,0,10000,10000,0,0
054740,強茂凱基99購01  ,0,0,0,0,0,0,0,0,0,0,0,0,0,16000,16000,0,0
054661,嘉聯益元大97購03,0,0,0,0,0,0,0,0,0,0,0,0,0,20000,20000,0,0
05468P,鴻海元大96售14  ,0,0,0,0,0,0,0,0,0,0,0,0,0,49000,49000,0,0
054575,聯鈞元大97購01  ,0,0,0,0,0,0,0,0,0,0,0,0,0,6000,6000,0,0
054584,貿聯元富97購01  ,0,0,0,0,0,0,0,0,0,0,0,0,0,40000,40000,0,0
054625,旺宏凱基98購03  ,0,0,0,0,0,0,0,0,0,0,0,0,0,2000,2000,0,0
055090,國巨群益97購03  ,0,0,0,0,0,0,0,0,0,0,0,0,0,21000,21000,0,0
055146,華通元大98購04  ,0,0,0,0,0,0,0,0,0,0,0,0,0,21000,21000,0,0
055217,緯創凱基97購02  ,0,0,0,0,0,0,0,0,0,0,0,0,0,50000,50000,0,0
055178,晶豪科統一97購01,0,0,0,0,0,0,0,0,0,0,0,0,0,48000,48000,0,0
055004,群創元富99購06  ,0,0,0,0,0,0,0,0,0,0,0,0,0,50000,50000,0,0
054998,玉晶光元富97購02,0,0,0,0,0,0,0,0,0,0,0,0,0,25000,25000,0,0
054935,華通元大98購03  ,0,0,0,0,0,0,0,0,0,0,0,0,0,4000,4000,0,0
054936,鴻海元大97購10  ,0,0,0,0,0,0,0,0,0,0,0,0,0,188000,188000,0,0
054341,燿華元富96購03  ,0,0,0,0,0,0,0,0,0,0,0,0,0,16000,16000,0,0
054299,南電元大96購03  ,0,0,0,0,0,0,0,0,0,0,0,0,0,7000,7000,0,0
054300,華通凱基96購07  ,0,0,0,0,0,0,0,0,0,0,0,0,0,5000,5000,0,0
054315,訊芯凱基98購01  ,0,0,0,0,0,0,0,0,0,0,0,0,0,18000,18000,0,0
054247,華邦電元大96購04,0,0,0,0,0,0,0,0,0,0,0,0,0,4000,4000,0,0
054248,燿華元大97購02  ,0,0,0,0,0,0,0,0,0,0,0,0,0,50000,50000,0,0
054255,亞光元大96購05  ,0,0,0,0,0,0,0,0,0,0,0,0,0,2000,2000,0,0
054420,緯穎元大96購08  ,0,0,0,0,0,0,0,0,0,0,0,0,0,58000,58000,0,0
05442P,鴻海元大96售13  ,0,0,0,0,0,0,0,0,0,0,0,0,0,99000,99000,0,0
054466,欣興凱基97購03  ,0,0,0,0,0,0,0,0,0,0,0,0,0,1000,1000,0,0
054462,旺宏凱基96購08  ,0,0,0,0,0,0,0,0,0,0,0,0,0,19000,19000,0,0
054526,道瓊反統一98購01,0,0,0,0,0,0,0,0,0,0,0,0,0,181000,181000,0,0
054514,道瓊銀元大98購01,0,0,0,0,0,0,0,0,0,0,0,0,0,7000,7000,0,0
054135,大立光元大97購04,0,0,0,0,0,0,0,0,0,0,0,0,0,10000,10000,0,0
054136,亞光元大96購04  ,0,0,0,0,0,0,0,0,0,0,0,0,0,3000,3000,0,0
054141,TPK元大96購02   ,0,0,0,0,0,0,0,0,0,0,0,0,0,42000,42000,0,0
054068,華通國泰96購02  ,0,0,0,0,0,0,0,0,0,0,0,0,0,5000,5000,0,0
054198,台積電永昌96購08,0,0,0,0,0,0,0,0,0,0,0,0,0,1000,1000,0,0
054226,燿華元富96購02  ,0,0,0,0,0,0,0,0,0,0,0,0,0,16000,16000,0,0
054184,A50正2永豐96購01,0,0,0,0,0,0,0,0,0,0,0,0,0,11000,11000,0,0
053874,台表科元大96購05,0,0,0,0,0,0,0,0,0,0,0,0,0,3000,3000,0,0
053902,S&P反1凱基97購01,0,0,0,0,0,0,0,0,0,0,0,0,0,100000,100000,0,0
05392P,鴻海統一95售13  ,0,0,0,0,0,0,0,0,0,0,0,0,0,30000,30000,0,0
053940,康友元富96購01  ,0,0,0,0,0,0,0,0,0,0,0,0,0,10000,10000,0,0
053956,旺宏永豐96購04  ,0,0,0,0,0,0,0,0,0,0,0,0,0,4000,4000,0,0
053981,康控元大96購05  ,0,0,0,0,0,0,0,0,0,0,0,0,0,22000,22000,0,0
054025,鴻海凱基96購17  ,0,0,0,0,0,0,0,0,0,0,0,0,0,1000,1000,0,0
054049,亞光元大96購03  ,0,0,0,0,0,0,0,0,0,0,0,0,0,3000,3000,0,0
054043,漢唐元大97購01  ,0,0,0,0,0,0,0,0,0,0,0,0,0,8000,8000,0,0
00625K,富邦上証+R      ,0,0,0,0,0,0,0,0,0,0,0,0,0,50000,50000,0,0
00657K,國泰日經225+U   ,0,0,0,0,0,0,0,0,0,0,0,0,0,100,100,0,0
00666R,富邦恒生國企反1 ,0,0,0,0,0,0,0,0,0,0,0,0,0,82000,82000,0,0
00684R,元大美元指數反1 ,0,0,0,0,0,0,0,0,0,0,0,0,0,40000,40000,0,0
00682U,元大美元指數    ,0,0,0,0,0,0,0,0,0,0,0,0,0,40000,40000,0,0
00668K,國泰美國道瓊+U  ,0,0,0,0,0,0,0,0,0,0,0,0,0,100,100,0,0
00689R,國泰20年美債反1 ,0,0,0,0,0,0,0,0,0,0,0,0,0,100000,100000,0,0
00693U,街口S&P黃豆     ,0,0,0,0,0,0,0,0,0,0,0,0,0,90000,90000,0,0
00742,新光內需收益    ,0,0,0,0,0,0,0,0,0,0,0,0,0,1000,1000,0,0
00732,國泰RMB短期報酬 ,0,0,0,0,0,0,0,0,0,0,0,0,0,100000,100000,0,0
00767,FH美國金融股    ,0,0,0,0,0,0,0,0,0,0,0,0,0,101000,101000,0,0
00770,國泰北美科技    ,0,0,0,0,0,0,0,0,0,0,0,0,0,1000,1000,0,0
00774B,新光中國政金綠債,0,0,0,0,0,0,0,0,0,0,0,0,0,2000,2000,0,0
00775B,新光投等債15+   ,0,0,0,0,0,0,0,0,0,0,0,0,0,2000,2000,0,0
03003P,京鼎群益01售02  ,0,0,0,0,0,0,0,0,0,0,0,0,0,10000,10000,0,0
04127P,聯茂國票93售02  ,0,0,0,0,0,0,0,0,0,0,0,0,0,30000,30000,0,0
03335P,台積電兆豐03售07,0,0,0,0,0,0,0,0,0,0,0,0,0,10000,10000,0,0
04019P,聯茂永豐93售01  ,0,0,0,0,0,0,0,0,0,0,0,0,0,2000,2000,0,0
03969P,華新科國票94售01,0,0,0,0,0,0,0,0,0,0,0,0,0,60000,60000,0,0
039727,台積電群益91購02,0,0,0,0,0,0,0,0,0,0,0,0,0,11000,11000,0,0
044426,欣興國泰93購02  ,0,0,0,0,0,0,0,0,0,0,0,0,0,1000,1000,0,0
044396,燿華凱基93購02  ,0,0,0,0,0,0,0,0,0,0,0,0,0,10000,10000,0,0
044494,可成元大91購08  ,0,0,0,0,0,0,0,0,0,0,0,0,0,253000,253000,0,0
044495,可成元大91購09  ,0,0,0,0,0,0,0,0,0,0,0,0,0,213000,213000,0,0
04224P,群創統一93售05  ,0,0,0,0,0,0,0,0,0,0,0,0,0,1000,1000,0,0
03893P,為升凱基93售03  ,0,0,0,0,0,0,0,0,0,0,0,0,0,10000,10000,0,0
044344,傳奇國泰92購01  ,0,0,0,0,0,0,0,0,0,0,0,0,0,180000,180000,0,0
044243,景碩統一91購01  ,0,0,0,0,0,0,0,0,0,0,0,0,0,3000,3000,0,0
044285,鴻海凱基93購06  ,0,0,0,0,0,0,0,0,0,0,0,0,0,1000,1000,0,0
03420B,臺股指元大95熊31,0,0,0,0,0,0,0,0,0,0,0,0,0,10000,10000,0,0
03421B,臺股指元大99熊01,0,0,0,0,0,0,0,0,0,0,0,0,0,50000,50000,0,0
03446P,創意群益02售02  ,0,0,0,0,0,0,0,0,0,0,0,0,0,50000,50000,0,0
03602C,臺股指元大93牛01,0,0,0,0,0,0,0,0,0,0,0,0,0,20000,20000,0,0
03581P,台積電群益03售04,0,0,0,0,0,0,0,0,0,0,0,0,0,10000,10000,0,0
03722P,華通元大93售04  ,0,0,0,0,0,0,0,0,0,0,0,0,0,10000,10000,0,0
036805,國巨元富93購02  ,0,0,0,0,0,0,0,0,0,0,0,0,0,243000,243000,0,0
042556,台灣50中信96購04,0,0,0,0,0,0,0,0,0,0,0,0,0,1000,1000,0,0
04250P,嘉晶統一95售02  ,0,0,0,0,0,0,0,0,0,0,0,0,0,50000,50000,0,0
042513,大立光凱基91購02,0,0,0,0,0,0,0,0,0,0,0,0,0,100000,100000,0,0
042388,大立光永昌93購02,0,0,0,0,0,0,0,0,0,0,0,0,0,60000,60000,0,0
044568,台積電凱基91購19,0,0,0,0,0,0,0,0,0,0,0,0,0,163000,163000,0,0
044573,元大金凱基91購02,0,0,0,0,0,0,0,0,0,0,0,0,0,10000,10000,0,0
042647,台積電統一91購04,0,0,0,0,0,0,0,0,0,0,0,0,0,40000,40000,0,0
04260P,亞德客群益93售01,0,0,0,0,0,0,0,0,0,0,0,0,0,10000,10000,0,0
044011,鴻海凱基93購03  ,0,0,0,0,0,0,0,0,0,0,0,0,0,4000,4000,0,0
043990,智易元大93購01  ,0,0,0,0,0,0,0,0,0,0,0,0,0,50000,50000,0,0
043775,友達兆豐92購01  ,0,0,0,0,0,0,0,0,0,0,0,0,0,10000,10000,0,0
04388P,滬深2X凱基95售05,0,0,0,0,0,0,0,0,0,0,0,0,0,20000,20000,0,0
043944,欣興兆豐93購02  ,0,0,0,0,0,0,0,0,0,0,0,0,0,10000,10000,0,0
043525,創意元大92購02  ,0,0,0,0,0,0,0,0,0,0,0,0,0,20000,20000,0,0
046877,燿華國泰94購01  ,0,0,0,0,0,0,0,0,0,0,0,0,0,25000,25000,0,0
046852,燿華元大93購02  ,0,0,0,0,0,0,0,0,0,0,0,0,0,45000,45000,0,0
046901,英業達凱基93購02,0,0,0,0,0,0,0,0,0,0,0,0,0,10000,10000,0,0
045732,儒鴻國票93購01  ,0,0,0,0,0,0,0,0,0,0,0,0,0,4000,4000,0,0
045717,微星凱基92購03  ,0,0,0,0,0,0,0,0,0,0,0,0,0,16000,16000,0,0
046770,聯發科國泰94購01,0,0,0,0,0,0,0,0,0,0,0,0,0,48000,48000,0,0
046796,南電元富93購01  ,0,0,0,0,0,0,0,0,0,0,0,0,0,10000,10000,0,0
04677P,臺股指統一94售02,0,0,0,0,0,0,0,0,0,0,0,0,0,23000,23000,0,0
045669,華通元大93購02  ,0,0,0,0,0,0,0,0,0,0,0,0,0,3000,3000,0,0
045585,欣興元大93購03  ,0,0,0,0,0,0,0,0,0,0,0,0,0,1000,1000,0,0
045633,南亞科凱基92購02,0,0,0,0,0,0,0,0,0,0,0,0,0,3000,3000,0,0
046750,鴻海凱基93購17  ,0,0,0,0,0,0,0,0,0,0,0,0,0,11000,11000,0,0
04290P,滬深2X富邦96售03,0,0,0,0,0,0,0,0,0,0,0,0,0,10000,10000,0,0
045817,滬深2X凱基95購02,0,0,0,0,0,0,0,0,0,0,0,0,0,300000,300000,0,0
045818,鴻海凱基93購10  ,0,0,0,0,0,0,0,0,0,0,0,0,0,8000,8000,0,0
046314,宏達電元大92購05,0,0,0,0,0,0,0,0,0,0,0,0,0,4000,4000,0,0
044995,大立光國泰94購01,0,0,0,0,0,0,0,0,0,0,0,0,0,155000,155000,0,0
045007,台光電元大92購04,0,0,0,0,0,0,0,0,0,0,0,0,0,1000,1000,0,0
044735,光磊國泰93購01  ,0,0,0,0,0,0,0,0,0,0,0,0,0,120000,120000,0,0
04470P,為升元大94售01  ,0,0,0,0,0,0,0,0,0,0,0,0,0,85000,85000,0,0
045966,聯詠凱基92購07  ,0,0,0,0,0,0,0,0,0,0,0,0,0,10000,10000,0,0
046058,訊芯群益92購01  ,0,0,0,0,0,0,0,0,0,0,0,0,0,3000,3000,0,0
044834,旺宏元大93購02  ,0,0,0,0,0,0,0,0,0,0,0,0,0,2000,2000,0,0
046366,上緯控永豐92購02,0,0,0,0,0,0,0,0,0,0,0,0,0,20000,20000,0,0
046362,華通永豐92購02  ,0,0,0,0,0,0,0,0,0,0,0,0,0,4000,4000,0,0
04693P,超眾群益95售01  ,0,0,0,0,0,0,0,0,0,0,0,0,0,5000,5000,0,0
046936,祥碩元富93購01  ,0,0,0,0,0,0,0,0,0,0,0,0,0,27000,27000,0,0
046501,友達元大92購05  ,0,0,0,0,0,0,0,0,0,0,0,0,0,10000,10000,0,0
046516,TPK元大92購03   ,0,0,0,0,0,0,0,0,0,0,0,0,0,10000,10000,0,0
046528,聯詠中信94購01  ,0,0,0,0,0,0,0,0,0,0,0,0,0,10000,10000,0,0
046381,緯創凱基93購03  ,0,0,0,0,0,0,0,0,0,0,0,0,0,102000,102000,0,0
046450,鴻海凱基93購12  ,0,0,0,0,0,0,0,0,0,0,0,0,0,1000,1000,0,0
046558,儒鴻凱基92購05  ,0,0,0,0,0,0,0,0,0,0,0,0,0,10000,10000,0,0
04654P,臺股指凱基94售13,0,0,0,0,0,0,0,0,0,0,0,0,0,72000,72000,0,0
046646,冠德國泰94購01  ,0,0,0,0,0,0,0,0,0,0,0,0,0,50000,50000,0,0
04667P,臺股指國票94售06,0,0,0,0,0,0,0,0,0,0,0,0,0,120000,120000,0,0
04669P,臺股指國票94售08,0,0,0,0,0,0,0,0,0,0,0,0,0,20000,20000,0,0
044917,奇力新永豐91購02,0,0,0,0,0,0,0,0,0,0,0,0,0,10000,10000,0,0
048648,祥碩元大93購03  ,0,0,0,0,0,0,0,0,0,0,0,0,0,2000,2000,0,0
048614,欣興凱基93購05  ,0,0,0,0,0,0,0,0,0,0,0,0,0,1000,1000,0,0
048664,華新科統一94購01,0,0,0,0,0,0,0,0,0,0,0,0,0,45000,45000,0,0
048568,緯穎元大93購06  ,0,0,0,0,0,0,0,0,0,0,0,0,0,5000,5000,0,0
048584,欣興富邦95購01  ,0,0,0,0,0,0,0,0,0,0,0,0,0,1000,1000,0,0
048554,燿華元大93購06  ,0,0,0,0,0,0,0,0,0,0,0,0,0,5000,5000,0,0
048557,瑞昱元大94購01  ,0,0,0,0,0,0,0,0,0,0,0,0,0,38000,38000,0,0
048829,欣興凱基94購02  ,0,0,0,0,0,0,0,0,0,0,0,0,0,1000,1000,0,0
049022,聯詠群益94購01  ,0,0,0,0,0,0,0,0,0,0,0,0,0,15000,15000,0,0
045469,貿聯元大92購03  ,0,0,0,0,0,0,0,0,0,0,0,0,0,16000,16000,0,0
045480,滬深2X中信94購01,0,0,0,0,0,0,0,0,0,0,0,0,0,320000,320000,0,0
045299,友達元大92購02  ,0,0,0,0,0,0,0,0,0,0,0,0,0,10000,10000,0,0
045369,康控兆豐93購01  ,0,0,0,0,0,0,0,0,0,0,0,0,0,10000,10000,0,0
045338,鴻海凱基92購05  ,0,0,0,0,0,0,0,0,0,0,0,0,0,4000,4000,0,0
045396,群創國泰94購01  ,0,0,0,0,0,0,0,0,0,0,0,0,0,297000,297000,0,0
045402,可成日盛92購01  ,0,0,0,0,0,0,0,0,0,0,0,0,0,14000,14000,0,0
045210,鴻海富邦93購02  ,0,0,0,0,0,0,0,0,0,0,0,0,0,6000,6000,0,0
045016,創意元大94購01  ,0,0,0,0,0,0,0,0,0,0,0,0,0,10000,10000,0,0
045038,臻鼎群益93購01  ,0,0,0,0,0,0,0,0,0,0,0,0,0,20000,20000,0,0
046081,康舒凱基92購01  ,0,0,0,0,0,0,0,0,0,0,0,0,0,8000,8000,0,0
046148,友達中信94購01  ,0,0,0,0,0,0,0,0,0,0,0,0,0,20000,20000,0,0
049318,樺漢凱基94購01  ,0,0,0,0,0,0,0,0,0,0,0,0,0,1000,1000,0,0
047405,香港2X統一96購01,0,0,0,0,0,0,0,0,0,0,0,0,0,5000,5000,0,0
048263,台積電元富95購01,0,0,0,0,0,0,0,0,0,0,0,0,0,21000,21000,0,0
048234,美利達凱基93購03,0,0,0,0,0,0,0,0,0,0,0,0,0,100000,100000,0,0
047180,台積電元大93購18,0,0,0,0,0,0,0,0,0,0,0,0,0,57000,57000,0,0
048321,欣興凱基93購03  ,0,0,0,0,0,0,0,0,0,0,0,0,0,1000,1000,0,0
047240,樺漢凱基93購01  ,0,0,0,0,0,0,0,0,0,0,0,0,0,1000,1000,0,0
048345,緯創元大94購01  ,0,0,0,0,0,0,0,0,0,0,0,0,0,10000,10000,0,0
048346,智易元大95購01  ,0,0,0,0,0,0,0,0,0,0,0,0,0,1000,1000,0,0
047222,鴻海凱基94購04  ,0,0,0,0,0,0,0,0,0,0,0,0,0,12000,12000,0,0
04839P,大立光元大94售17,0,0,0,0,0,0,0,0,0,0,0,0,0,100000,100000,0,0
047326,致伸元大93購03  ,0,0,0,0,0,0,0,0,0,0,0,0,0,68000,68000,0,0
047316,大立光元大94購01,0,0,0,0,0,0,0,0,0,0,0,0,0,20000,20000,0,0
048193,旺宏元大94購05  ,0,0,0,0,0,0,0,0,0,0,0,0,0,61000,61000,0,0
048202,瑞儀元大93購04  ,0,0,0,0,0,0,0,0,0,0,0,0,0,8000,8000,0,0
047725,廣達群益93購01  ,0,0,0,0,0,0,0,0,0,0,0,0,0,10000,10000,0,0
047766,聯發科元大93購19,0,0,0,0,0,0,0,0,0,0,0,0,0,50000,50000,0,0
047761,亞德客元大93購02,0,0,0,0,0,0,0,0,0,0,0,0,0,1000,1000,0,0
047764,燿華元大93購03  ,0,0,0,0,0,0,0,0,0,0,0,0,0,6000,6000,0,0
048169,瑞昱永豐93購02  ,0,0,0,0,0,0,0,0,0,0,0,0,0,20000,20000,0,0
047672,欣興統一93購03  ,0,0,0,0,0,0,0,0,0,0,0,0,0,50000,50000,0,0
047716,晶技凱基93購03  ,0,0,0,0,0,0,0,0,0,0,0,0,0,8000,8000,0,0
047695,聯發科國票93購06,0,0,0,0,0,0,0,0,0,0,0,0,0,2000,2000,0,0
047706,燿華凱基95購01  ,10000,0,10000,0,0,0,0,0,0,-10000,0,0,0,0,10000,-10000,0
047616,鴻海凱基94購10  ,0,0,0,0,0,0,0,0,0,0,0,0,0,7000,7000,0,0
047543,鴻海凱基94購09  ,0,0,0,0,0,0,0,0,0,0,0,0,0,5000,5000,0,0
047569,世紀鋼國票94購02,0,0,0,0,0,0,0,0,0,0,0,0,0,5000,5000,0,0
050522,聯發科元大95購03,0,0,0,0,0,0,0,0,0,0,0,0,0,80000,80000,0,0
050547,華新科凱基95購01,0,0,0,0,0,0,0,0,0,0,0,0,0,1000,1000,0,0
050553,緯穎凱基94購06  ,0,0,0,0,0,0,0,0,0,0,0,0,0,30000,30000,0,0
050537,鴻海凱基95購05  ,0,0,0,0,0,0,0,0,0,0,0,0,0,13000,13000,0,0
050544,聯發科凱基95購02,0,0,0,0,0,0,0,0,0,0,0,0,0,17000,17000,0,0
050500,台積電凱基94購36,0,0,0,0,0,0,0,0,0,0,0,0,0,150000,150000,0,0
050528,瑞儀元大94購02  ,0,0,0,0,0,0,0,0,0,0,0,0,0,124000,124000,0,0
050393,樺漢統一94購01  ,0,0,0,0,0,0,0,0,0,0,0,0,0,9000,9000,0,0
050464,華通國泰95購01  ,0,0,0,0,0,0,0,0,0,0,0,0,0,38000,38000,0,0
05042P,GIS凱基95售03   ,0,0,0,0,0,0,0,0,0,0,0,0,0,400000,400000,0,0
050432,聯發科凱基94購19,0,0,0,0,0,0,0,0,0,0,0,0,0,20000,20000,0,0
050426,國巨凱基94購14  ,0,0,0,0,0,0,0,0,0,0,0,0,0,5000,5000,0,0
050438,欣興凱基94購09  ,0,0,0,0,0,0,0,0,0,0,0,0,0,1000,1000,0,0
047345,鴻海凱基94購06  ,0,0,0,0,0,0,0,0,0,0,0,0,0,13000,13000,0,0
050269,欣興元大94購09  ,0,0,0,0,0,0,0,0,0,0,0,0,0,1000,1000,0,0
050259,鴻海元大94購14  ,0,0,0,0,0,0,0,0,0,0,0,0,0,3000,3000,0,0
050341,光寶科元富94購01,0,0,0,0,0,0,0,0,0,0,0,0,0,2000,2000,0,0
050356,緯穎群益94購05  ,0,0,0,0,0,0,0,0,0,0,0,0,0,65000,65000,0,0
050312,大立光兆豐94購04,0,0,0,0,0,0,0,0,0,0,0,0,0,10000,10000,0,0
050284,台泥凱基94購01  ,0,0,0,0,0,0,0,0,0,0,0,0,0,2000,2000,0,0
050793,大立光富邦96購03,0,0,0,0,0,0,0,0,0,0,0,0,0,10000,10000,0,0
050813,旺宏凱基96購01  ,0,0,0,0,0,0,0,0,0,0,0,0,0,3000,3000,0,0
050810,鴻海凱基95購09  ,0,0,0,0,0,0,0,0,0,0,0,0,0,38000,38000,0,0
050811,國巨凱基95購02  ,0,0,0,0,0,0,0,0,0,0,0,0,0,10000,10000,0,0
050809,鴻海凱基95購08  ,0,0,0,0,0,0,0,0,0,0,0,0,0,13000,13000,0,0
050872,致伸永豐95購01  ,0,0,0,0,0,0,0,0,0,0,0,0,0,4000,4000,0,0
050897,嘉晶元大95購03  ,0,0,0,0,0,0,0,0,0,0,0,0,0,65000,65000,0,0
050900,台郡元大95購02  ,0,0,0,0,0,0,0,0,0,0,0,0,0,102000,102000,0,0
050609,鴻海元大94購23  ,0,0,0,0,0,0,0,0,0,0,0,0,0,7000,7000,0,0
050587,緯穎國票94購02  ,0,6000,-6000,0,0,0,0,0,0,6000,0,0,0,6000,0,6000,0
050595,緯穎永豐94購03  ,0,0,0,0,0,0,0,0,0,0,0,0,0,10000,10000,0,0
05070P,鴻海統一96售04  ,0,0,0,0,0,0,0,0,0,0,0,0,0,8000,8000,0,0
050692,鴻海凱基96購04  ,0,0,0,0,0,0,0,0,0,0,0,0,0,12000,12000,0,0
050681,南亞科元富94購01,0,0,0,0,0,0,0,0,0,0,0,0,0,9000,9000,0,0
050694,國巨凱基96購03  ,0,0,0,0,0,0,0,0,0,0,0,0,0,1000,1000,0,0
050761,華通元大94購05  ,0,0,0,0,0,0,0,0,0,0,0,0,0,6000,6000,0,0
049798,台積電元大94購18,0,0,0,0,0,0,0,0,0,0,0,0,0,89000,89000,0,0
049815,緯穎元大94購06  ,0,0,0,0,0,0,0,0,0,0,0,0,0,2000,2000,0,0
049588,聯發科元大94購06,0,0,0,0,0,0,0,0,0,0,0,0,0,2000,2000,0,0
049544,台積電群益94購08,0,0,0,0,0,0,0,0,0,0,0,0,0,11000,11000,0,0
04954P,健策國票96售01  ,0,0,0,0,0,0,0,0,0,0,0,0,0,6000,6000,0,0
049499,康控元大96購01  ,0,0,0,0,0,0,0,0,0,0,0,0,0,125000,125000,0,0
049721,晶技凱基94購02  ,0,0,0,0,0,0,0,0,0,0,0,0,0,188000,188000,0,0
049714,國巨凱基94購02  ,0,0,0,0,0,0,0,0,0,0,0,0,0,1000,1000,0,0
05014P,臺股指元大95售05,0,0,0,0,0,0,0,0,0,0,0,0,0,10000,10000,0,0
050155,華新科群益95購01,0,0,0,0,0,0,0,0,0,0,0,0,0,12000,12000,0,0
050102,鴻海富邦95購04  ,0,0,0,0,0,0,0,0,0,0,0,0,0,1000,1000,0,0
050107,鴻海元大94購12  ,0,0,0,0,0,0,0,0,0,0,0,0,0,8000,8000,0,0
050059,旺宏凱基94購03  ,0,0,0,0,0,0,0,0,0,0,0,0,0,5000,5000,0,0
050063,聯發科凱基94購09,0,0,0,0,0,0,0,0,0,0,0,0,0,27000,27000,0,0
049987,智易凱基94購03  ,0,0,0,0,0,0,0,0,0,0,0,0,0,50000,50000,0,0
049966,旺宏國票95購02  ,0,0,0,0,0,0,0,0,0,0,0,0,0,12000,12000,0,0
050030,嘉晶元大94購03  ,0,0,0,0,0,0,0,0,0,0,0,0,0,28000,28000,0,0
050040,鴻海中信94購04  ,0,0,0,0,0,0,0,0,0,0,0,0,0,10000,10000,0,0
048095,大立光凱基93購32,0,0,0,0,0,0,0,0,0,0,0,0,0,10000,10000,0,0
048086,鴻海凱基93購33  ,0,0,0,0,0,0,0,0,0,0,0,0,0,16000,16000,0,0
047094,聯發科麥證93購02,0,0,0,2000,0,2000,0,0,0,0,0,0,0,2000,2000,0,0
048100,貿聯凱基93購02  ,0,0,0,0,0,0,0,0,0,0,0,0,0,10000,10000,0,0
047481,可成凱基93購08  ,0,0,0,0,0,0,0,0,0,0,0,0,0,30000,30000,0,0
047075,群創兆豐93購01  ,0,0,0,0,0,0,0,0,0,0,0,0,0,487000,487000,0,0
049491,聯發科元大95購01,0,0,0,0,0,0,0,0,0,0,0,0,0,2000,2000,0,0
049928,祥碩元大94購02  ,0,0,0,0,0,0,0,0,0,0,0,0,0,2000,2000,0,0
049948,聯發科麥證94購01,0,0,0,5000,5000,0,0,0,0,0,0,0,0,5000,5000,0,0
049912,燿華元大94購04  ,0,0,0,0,0,0,0,0,0,0,0,0,0,4000,4000,0,0
048019,GIS麥證94購01   ,0,0,0,20000,20000,0,0,0,0,0,0,0,0,20000,20000,0,0
048998,玉晶光國票95購03,0,0,0,0,0,0,0,0,0,0,0,0,0,3000,3000,0,0
047915,鴻海凱基93購27  ,0,0,0,0,0,0,0,0,0,0,0,0,0,2000,2000,0,0
04792P,智邦元大94售06  ,0,0,0,0,0,0,0,0,0,0,0,0,0,7000,7000,0,0
047907,燿華元大93購05  ,0,0,0,0,0,0,0,0,0,0,0,0,0,5000,5000,0,0
04915P,鴻海永昌96售02  ,0,0,0,0,0,0,0,0,0,0,0,0,0,4000,4000,0,0
049172,鴻海凱基94購14  ,0,0,0,0,0,0,0,0,0,0,0,0,0,9000,9000,0,0
049173,鴻海凱基94購15  ,0,0,0,0,0,0,0,0,0,0,0,0,0,21000,21000,0,0
049139,台積電元大94購06,0,0,0,0,0,0,0,0,0,0,0,0,0,33000,33000,0,0
049387,緯穎元大94購03  ,0,0,0,0,0,0,0,0,0,0,0,0,0,47000,47000,0,0
048780,臺股指凱基94購03,0,0,0,0,0,0,0,0,0,0,0,0,0,2000,2000,0,0
048767,欣興凱基94購01  ,0,0,0,0,0,0,0,0,0,0,0,0,0,1000,1000,0,0
049264,奇鋐元大95購01  ,0,0,0,0,0,0,0,0,0,0,0,0,0,100000,100000,0,0
049300,南電群益94購01  ,0,0,0,0,0,0,0,0,0,0,0,0,0,2000,2000,0,0
047804,鴻海凱基93購26  ,0,0,0,0,0,0,0,0,0,0,0,0,0,23000,23000,0,0
04920P,智易凱基94售05  ,0,0,0,0,0,0,0,0,0,0,0,0,0,50000,50000,0,0
047841,致伸元大94購01  ,0,0,0,0,0,0,0,0,0,0,0,0,0,68000,68000,0,0
051679,百和元大95購02  ,0,0,0,0,0,0,0,0,0,0,0,0,0,43000,43000,0,0
051621,欣興凱基95購02  ,0,0,0,0,0,0,0,0,0,0,0,0,0,1000,1000,0,0
051637,嘉聯益國票96購01,0,0,0,0,0,0,0,0,0,0,0,0,0,19000,19000,0,0
051607,緯創群益96購02  ,0,0,0,0,0,0,0,0,0,0,0,0,0,76000,76000,0,0
051576,台積電元大97購02,0,0,0,0,0,0,0,0,0,0,0,0,0,15000,15000,0,0
051581,聯發科元大95購12,0,0,0,0,0,0,0,0,0,0,0,0,0,1000,1000,0,0
051536,玉晶光國票97購01,0,0,0,0,0,0,0,0,0,0,0,0,0,24000,24000,0,0
051365,瀚宇博國泰97購01,0,0,0,0,0,0,0,0,0,0,0,0,0,18000,18000,0,0
051349,國巨元大95購08  ,0,0,0,0,0,0,0,0,0,0,0,0,0,3000,3000,0,0
051315,同欣電麥證95購01,0,0,0,10000,10000,0,0,0,0,0,0,0,0,10000,10000,0,0
051307,康舒凱基95購01  ,0,0,0,0,0,0,0,0,0,0,0,0,0,11000,11000,0,0
051431,群創元富99購02  ,0,0,0,0,0,0,0,0,0,0,0,0,0,701000,701000,0,0
051424,緯穎國票97購01  ,0,0,0,0,0,0,0,0,0,0,0,0,0,8000,8000,0,0
05139P,臺股指凱基95售06,0,0,0,0,0,0,0,0,0,0,0,0,0,50000,50000,0,0
051444,聯發科元大95購11,0,0,0,0,0,0,0,0,0,0,0,0,0,2000,2000,0,0
051461,聯詠國泰96購01  ,0,0,0,0,0,0,0,0,0,0,0,0,0,1000,1000,0,0
050996,隆達元大95購01  ,0,0,0,0,0,0,0,0,0,0,0,0,0,11000,11000,0,0
051275,群創亞東95購01  ,0,0,0,0,0,0,0,0,0,0,0,0,0,228000,228000,0,0
051226,英業達群益95購01,0,0,0,0,0,0,0,0,0,0,0,0,0,11000,11000,0,0
05122P,鴻海永昌96售06  ,0,0,0,0,0,0,0,0,0,0,0,0,0,415000,415000,0,0
051236,鴻海元大96購05  ,0,0,0,0,0,0,0,0,0,0,0,0,0,157000,157000,0,0
051239,國巨元大96購02  ,0,0,0,0,0,0,0,0,0,0,0,0,0,7000,7000,0,0
05123P,鴻海永昌96售07  ,0,0,0,0,0,0,0,0,0,0,0,0,0,634000,634000,0,0
051212,國巨統一95購01  ,0,0,0,0,0,0,0,0,0,0,0,0,0,1000,1000,0,0
051197,光寶科麥證95購01,0,0,0,0,2000,-2000,0,0,0,0,0,0,0,2000,2000,0,0
052257,燿華國泰96購01  ,0,0,0,0,0,0,0,0,0,0,0,0,0,16000,16000,0,0
052195,健策元富95購01  ,0,0,0,0,0,0,0,0,0,0,0,0,0,10000,10000,0,0
052186,宏達電群益95購04,0,0,0,0,0,0,0,0,0,0,0,0,0,10000,10000,0,0
052209,深中小元大95購02,0,0,0,0,0,0,0,0,0,0,0,0,0,600000,600000,0,0
052089,聯發科元大96購02,0,0,0,0,0,0,0,0,0,0,0,0,0,80000,80000,0,0
052171,台積電元大95購21,0,0,0,0,0,0,0,0,0,0,0,0,0,4000,4000,0,0
052359,百和永豐95購01  ,0,0,0,0,0,0,0,0,0,0,0,0,0,3000,3000,0,0
052279,旺宏凱基95購07  ,0,0,0,0,0,0,0,0,0,0,0,0,0,3000,3000,0,0
052285,康控凱基95購02  ,0,0,0,0,0,0,0,0,0,0,0,0,0,36000,36000,0,0
052315,廣宇元大95購02  ,0,0,0,0,0,0,0,0,0,0,0,0,0,20000,20000,0,0
052308,大立光國泰97購02,0,0,0,0,0,0,0,0,0,0,0,0,0,25000,25000,0,0
052309,健策國泰97購01  ,0,0,0,0,0,0,0,0,0,0,0,0,0,40000,40000,0,0
052391,瑞儀群益95購01  ,0,0,0,0,0,0,0,0,0,0,0,0,0,10000,10000,0,0
052467,嘉聯益統一96購01,0,0,0,0,0,0,0,0,0,0,0,0,0,20000,20000,0,0
052461,和大統一95購01  ,0,0,0,0,0,0,0,0,0,0,0,0,0,30000,30000,0,0
052445,南亞科元大95購05,0,0,0,0,0,0,0,0,0,0,0,0,0,194000,194000,0,0
05243P,鴻海元大95售19  ,0,0,0,0,0,0,0,0,0,0,0,0,0,677000,677000,0,0
052432,康友永豐95購04  ,0,0,0,0,0,0,0,0,0,0,0,0,0,12000,12000,0,0
051979,群創凱基97購01  ,0,0,0,0,0,0,0,0,0,0,0,0,0,499000,499000,0,0
051910,大立光元大97購01,0,0,0,0,0,0,0,0,0,0,0,0,0,21000,21000,0,0
051905,道瓊銀元大95購01,0,0,0,0,0,0,0,0,0,0,0,0,0,15000,15000,0,0
052003,泰碩國泰97購02  ,0,0,0,0,0,0,0,0,0,0,0,0,0,63000,63000,0,0
051986,燿華元大96購04  ,0,0,0,0,0,0,0,0,0,0,0,0,0,5000,5000,0,0
052049,緯創凱基97購01  ,0,0,0,0,0,0,0,0,0,0,0,0,0,25000,25000,0,0
051786,A50正2國票95購02,0,0,0,0,0,0,0,0,0,0,0,0,0,20000,20000,0,0
051787,燿華國票96購02  ,0,0,0,0,0,0,0,0,0,0,0,0,0,16000,16000,0,0
051817,元金2X統一95購01,0,0,0,0,0,0,0,0,0,0,0,0,0,5000,5000,0,0
051824,華通元大95購07  ,0,0,0,0,0,0,0,0,0,0,0,0,0,5000,5000,0,0
051858,上銀凱基95購01  ,0,0,0,0,0,0,0,0,0,0,0,0,0,1000,1000,0,0
051841,南茂國泰96購01  ,0,0,0,0,0,0,0,0,0,0,0,0,0,10000,10000,0,0
051851,TPK群益95購03   ,0,0,0,0,0,0,0,0,0,0,0,0,0,11000,11000,0,0
051779,大立光群益95購02,0,0,0,0,0,0,0,0,0,0,0,0,0,10000,10000,0,0
051781,緯穎群益96購01  ,0,0,0,0,0,0,0,0,0,0,0,0,0,10000,10000,0,0
051688,大立光凱基97購02,0,0,0,0,0,0,0,0,0,0,0,0,0,14000,14000,0,0
051740,可成國票96購04  ,0,0,0,0,0,0,0,0,0,0,0,0,0,10000,10000,0,0
051730,為升國票96購02  ,0,0,0,0,0,0,0,0,0,0,0,0,0,20000,20000,0,0
052825,TPK永豐96購01   ,0,0,0,0,0,0,0,0,0,0,0,0,0,10000,10000,0,0
052860,旺宏凱基96購03  ,0,0,0,0,0,0,0,0,0,0,0,0,0,14000,14000,0,0
052777,燿華國票98購01  ,0,0,0,0,0,0,0,0,0,0,0,0,0,16000,16000,0,0
052691,GIS元大96購01   ,0,0,0,0,0,0,0,0,0,0,0,0,0,3000,3000,0,0
052702,群創國票97購03  ,0,0,0,0,0,0,0,0,0,0,0,0,0,289000,289000,0,0
052712,旺宏凱基96購02  ,0,0,0,0,0,0,0,0,0,0,0,0,0,12000,12000,0,0
052618,群創國泰98購01  ,0,0,0,0,0,0,0,0,0,0,0,0,0,348000,348000,0,0
05261P,鴻海元大95售20  ,0,0,0,0,0,0,0,0,0,0,0,0,0,50000,50000,0,0
052636,大立光凱基96購10,0,0,0,0,0,0,0,0,0,0,0,0,0,3000,3000,0,0
052642,滬深2X永豐96購03,0,0,0,0,0,0,0,0,0,0,0,0,0,1000,1000,0,0
052644,聯發科永豐96購01,0,0,0,0,0,0,0,0,0,0,0,0,0,10000,10000,0,0
052607,大立光元大96購03,0,0,0,0,0,0,0,0,0,0,0,0,0,10000,10000,0,0
05257P,欣興凱基95售04  ,0,0,0,0,0,0,0,0,0,0,0,0,0,50000,50000,0,0
052503,大成鋼日盛95購02,0,0,0,0,0,0,0,0,0,0,0,0,0,10000,10000,0,0
052519,旺宏元大95購05  ,0,0,0,0,0,0,0,0,0,0,0,0,0,2000,2000,0,0
052537,力成富邦95購01  ,0,0,0,0,0,0,0,0,0,0,0,0,0,2000,2000,0,0
052875,樺漢凱基96購02  ,0,0,0,0,0,0,0,0,0,0,0,0,0,1000,1000,0,0
052895,台積電群益96購04,0,0,0,0,0,0,0,0,0,0,0,0,0,73000,73000,0,0
053209,台積電凱基96購07,0,0,0,0,0,0,0,0,0,0,0,0,0,100000,100000,0,0
053130,聯發科麥證96購01,0,0,0,2000,2000,0,0,0,0,0,0,0,0,2000,2000,0,0
053159,同欣電元大96購02,0,0,0,0,0,0,0,0,0,0,0,0,0,26000,26000,0,0
05315P,鴻海永昌96售08  ,0,0,0,0,0,0,0,0,0,0,0,0,0,100000,100000,0,0
053160,台表科元大96購03,0,0,0,0,0,0,0,0,0,0,0,0,0,11000,11000,0,0
053108,南亞科兆豐96購01,0,0,0,0,0,0,0,0,0,0,0,0,0,20000,20000,0,0
053075,欣興永豐96購01  ,0,0,0,0,0,0,0,0,0,0,0,0,0,1000,1000,0,0
053073,技嘉康和96購01  ,0,0,0,0,0,0,0,0,0,0,0,0,0,1000,1000,0,0
053064,國巨群益96購04  ,0,0,0,0,0,0,0,0,0,0,0,0,0,25000,25000,0,0
053036,聯電凱基98購01  ,0,0,0,0,0,0,0,0,0,0,0,0,0,1000,1000,0,0
053545,上銀凱基96購03  ,0,0,0,0,0,0,0,0,0,0,0,0,0,10000,10000,0,0
05350P,可成元富98售04  ,0,0,0,0,0,0,0,0,0,0,0,0,0,11000,11000,0,0
05340P,臺股指國票95售08,0,0,0,0,0,0,0,0,0,0,0,0,0,5000,5000,0,0
053397,國泰金中信96購01,0,0,0,0,0,0,0,0,0,0,0,0,0,6000,6000,0,0
053446,欣興凱基96購02  ,0,0,0,0,0,0,0,0,0,0,0,0,0,1000,1000,0,0
053430,樺漢永豐96購01  ,0,0,0,0,0,0,0,0,0,0,0,0,0,10000,10000,0,0
05329P,臺股指凱基95售13,0,0,0,0,0,0,0,0,0,0,0,0,0,20000,20000,0,0
053300,大成鋼凱基96購02,0,0,0,0,0,0,0,0,0,0,0,0,0,55000,55000,0,0
05330P,臺股指凱基95售14,0,0,0,0,0,0,0,0,0,0,0,0,0,10000,10000,0,0
053384,聯發科元大96購13,0,0,0,0,0,0,0,0,0,0,0,0,0,122000,122000,0,0
053352,義隆兆豐96購01  ,0,0,0,0,0,0,0,0,0,0,0,0,0,6000,6000,0,0
053277,大立光元大96購04,0,0,0,0,0,0,0,0,0,0,0,0,0,21000,21000,0,0
053246,聯詠國票97購02  ,0,0,0,0,0,0,0,0,0,0,0,0,0,10000,10000,0,0
053608,彩晶第一96購01  ,0,0,0,0,0,0,0,0,0,0,0,0,0,17000,17000,0,0
053688,燿華元大96購05  ,0,0,0,0,0,0,0,0,0,0,0,0,0,50000,50000,0,0
053791,同欣電元大96購05,0,0,0,0,0,0,0,0,0,0,0,0,0,25000,25000,0,0
053727,麗豐凱基97購01  ,0,0,0,0,0,0,0,0,0,0,0,0,0,4000,4000,0,0
053752,超眾永豐96購02  ,0,0,0,0,0,0,0,0,0,0,0,0,0,10000,10000,0,0
2462,良得電          ,7000,7000,0,0,0,0,0,0,0,0,0,0,0,0,0,0,0
2013,中鋼構          ,11000,11000,0,0,0,0,0,0,0,0,0,0,0,0,0,0,0
2302,麗正            ,1000,1000,0,0,0,0,0,0,0,0,0,0,0,0,0,0,0
2908,特力            ,5000,2000,3000,0,0,0,0,0,0,-3000,0,3000,-3000,0,0,0,0
2939,凱羿-KY         ,1000,1000,0,0,0,0,0,0,0,0,0,0,0,0,0,0,0
3032,偉訓            ,2000,2000,0,0,0,0,0,0,0,0,0,0,0,0,0,0,0
4764,雙鍵            ,1000,1000,0,0,0,0,0,0,0,0,0,0,0,0,0,0,0
4930,燦星網          ,1000,1000,0,0,0,0,0,0,0,0,0,0,0,0,0,0,0
4545,銘鈺            ,2000,2000,0,0,0,0,0,0,0,0,0,0,0,0,0,0,0
6641,基士德-KY       ,5000,4000,1000,0,0,0,0,0,0,-1000,0,1000,-1000,0,0,0,0
5607,遠雄港          ,89000,91000,-2000,0,0,0,0,0,0,2000,4000,2000,2000,0,0,0,0
6442,光聖            ,1000,1000,0,0,0,0,0,0,0,0,0,0,0,0,0,0,0
6525,捷敏-KY         ,16400,13000,3400,0,0,0,0,0,0,-4000,0,4000,-4000,0,0,0,-600
054004,鴻海統一96購14  ,0,0,0,0,0,0,0,0,0,-1000,0,0,0,0,1000,-1000,-1000
053982,臻鼎元大96購05  ,0,0,0,0,0,0,0,0,0,-1000,0,0,0,0,1000,-1000,-1000
053934,A50正2元富96購02,0,0,0,0,0,0,0,0,0,-1000,0,0,0,4000,5000,-1000,-1000
053950,緯穎富邦97購02  ,0,0,0,0,0,0,0,0,0,-1000,0,0,0,0,1000,-1000,-1000
053923,亞光國票97購01  ,0,0,0,0,0,0,0,0,0,-1000,0,0,0,13000,14000,-1000,-1000
053919,可成國票97購02  ,0,0,0,0,0,0,0,0,0,-1000,0,0,0,2000,3000,-1000,-1000
053900,T50反1日盛99購01,0,0,0,0,0,0,0,0,0,-1000,0,0,0,0,1000,-1000,-1000
05406P,台光電凱基95售02,0,0,0,0,0,0,0,0,0,-1000,0,0,0,0,1000,-1000,-1000
054133,奇力新元大97購04,0,0,0,0,0,0,0,0,0,-1000,0,0,0,98000,99000,-1000,-1000
054536,宏達電富邦97購03,0,0,0,0,0,0,0,0,0,-1000,0,0,0,9000,10000,-1000,-1000
054303,國巨凱基96購15  ,0,0,0,0,0,0,0,0,0,-1000,0,0,0,31000,32000,-1000,-1000
05431P,台光電統一97售01,0,0,0,0,0,0,0,0,0,-1000,0,0,0,0,1000,-1000,-1000
055063,玉晶光永豐99購01,0,0,0,0,0,0,0,0,0,-1000,0,0,0,0,1000,-1000,-1000
054642,訊芯中信9A購01  ,0,0,0,0,0,0,0,0,0,-1000,0,0,0,19000,20000,-1000,-1000
054783,國巨群益98購04  ,0,0,0,0,0,0,0,0,0,-1000,0,0,0,0,1000,-1000,-1000
05599P,欣興台新96售01  ,0,0,0,0,0,0,0,0,0,-1000,0,0,0,15000,16000,-1000,-1000
055931,冠德群益97購02  ,0,0,0,0,0,0,0,0,0,-1000,0,0,0,0,1000,-1000,-1000
055908,GIS日盛97購01   ,0,0,0,0,0,0,0,0,0,-1000,0,0,0,0,1000,-1000,-1000
055788,緯穎凱基97購04  ,0,0,0,0,0,0,0,0,0,-1000,0,0,0,0,1000,-1000,-1000
055747,康舒元富97購01  ,0,0,0,0,0,0,0,0,0,-1000,0,0,0,0,1000,-1000,-1000
055727,矽力元大97購02  ,0,0,0,0,0,0,0,0,0,-1000,0,0,0,2000,3000,-1000,-1000
055738,玉山金元富97購01,0,0,0,0,0,0,0,0,0,-1000,0,0,0,0,1000,-1000,-1000
055773,瑞昱凱基97購03  ,0,0,0,0,0,0,0,0,0,-1000,0,0,0,0,1000,-1000,-1000
055691,訊芯凱基97購02  ,0,0,0,0,0,0,0,0,0,-1000,0,0,0,17000,18000,-1000,-1000
055599,TPK元大97購01   ,0,0,0,0,0,0,0,0,0,-1000,0,0,0,10000,11000,-1000,-1000
055554,聯發科凱基97購06,0,0,0,0,0,0,0,0,0,-1000,0,0,0,61000,62000,-1000,-1000
055318,華通國票98購01  ,0,0,0,0,0,0,0,0,0,-1000,0,0,0,0,1000,-1000,-1000
06048P,大立光富邦96售05,0,0,0,0,0,0,0,0,0,-1000,0,0,0,0,1000,-1000,-1000
06072P,牧德永豐97售01  ,0,0,0,0,0,0,0,0,0,-1000,0,0,0,0,1000,-1000,-1000
06307P,聚陽元富97售02  ,0,0,0,0,0,0,0,0,0,-1000,0,0,0,0,1000,-1000,-1000
06339P,上銀統一97售06  ,0,0,0,0,0,0,0,0,0,-1000,0,0,0,0,1000,-1000,-1000
08398P,台積電元富9C售04,0,0,0,0,0,0,0,0,0,-1000,0,0,0,0,1000,-1000,-1000
1108,幸福            ,0,1000,-1000,0,0,0,0,0,0,0,0,0,0,0,0,0,-1000
1220,台榮            ,0,1000,-1000,0,0,0,0,0,0,0,0,0,0,0,0,0,-1000
1539,巨庭            ,0,1000,-1000,0,0,0,0,0,0,0,0,0,0,0,0,0,-1000
1568,倉佑            ,0,0,0,0,0,0,0,0,0,-1000,0,1000,-1000,0,0,0,-1000
1517,利奇            ,0,0,0,0,0,0,0,0,0,-1000,0,1000,-1000,0,0,0,-1000
1521,大億            ,0,1000,-1000,0,0,0,0,0,0,0,0,0,0,0,0,0,-1000
1507,永大            ,1000,2000,-1000,0,0,0,0,0,0,0,0,0,0,0,0,0,-1000
1437,勤益控          ,3000,4000,-1000,0,0,0,0,0,0,0,0,0,0,0,0,0,-1000
1323,永裕            ,4000,3000,1000,0,0,0,0,0,0,-2000,0,2000,-2000,0,0,0,-1000
05847P,大立光元大96售08,0,0,0,0,0,0,0,0,0,-1000,0,0,0,10000,11000,-1000,-1000
05616P,台光電永豐96售01,0,0,0,0,0,0,0,0,0,-1000,0,0,0,0,1000,-1000,-1000
05717P,鴻海元大97售07  ,0,0,0,0,0,0,0,0,0,-1000,0,0,0,49000,50000,-1000,-1000
05917P,宏達電元大96售02,0,0,0,0,0,0,0,0,0,-1000,0,0,0,0,1000,-1000,-1000
05907P,聯發科元富96售05,0,0,0,0,0,0,0,0,0,-1000,0,0,0,0,1000,-1000,-1000
05857P,旺宏中信98售02  ,0,0,0,0,0,0,0,0,0,-1000,0,0,0,0,1000,-1000,-1000
045184,京元電統一93購01,0,0,0,0,0,0,0,0,0,-1000,0,0,0,0,1000,-1000,-1000
04513P,元石油中信94售01,0,0,0,0,0,0,0,0,0,-1000,0,0,0,0,1000,-1000,-1000
045456,鴻海元大93購04  ,0,0,0,0,0,0,0,0,0,-1000,0,0,0,28000,29000,-1000,-1000
04547P,高鐵元大94售01  ,0,0,0,0,0,0,0,0,0,-1000,0,0,0,0,1000,-1000,-1000
046265,高鐵凱基92購03  ,0,0,0,0,0,0,0,0,0,-1000,0,0,0,0,1000,-1000,-1000
046259,和大凱基92購02  ,0,0,0,0,0,0,0,0,0,-1000,0,0,0,0,1000,-1000,-1000
048672,日電貿永豐93購02,0,0,0,0,0,0,0,0,0,-1000,0,0,0,7000,8000,-1000,-1000
048711,台郡台新94購01  ,0,0,0,0,0,0,0,0,0,-1000,0,0,0,0,1000,-1000,-1000
044930,元黃金富邦93購01,0,0,0,0,0,0,0,0,0,-1000,0,0,0,0,1000,-1000,-1000
047010,聯詠統一93購05  ,0,0,0,0,0,0,0,0,0,-1000,0,0,0,10000,11000,-1000,-1000
046446,技嘉麥證92購01  ,0,0,0,0,1000,-1000,0,0,0,-1000,0,0,0,0,1000,-1000,-1000
046465,GIS凱基95購01   ,0,0,0,0,0,0,0,0,0,-1000,0,0,0,1000,2000,-1000,-1000
046939,燿華元大96購01  ,0,0,0,0,0,0,0,0,0,-1000,0,0,0,66000,67000,-1000,-1000
046973,矽力群益93購01  ,0,0,0,0,0,0,0,0,0,-1000,0,0,0,0,1000,-1000,-1000
046042,台勝科元大92購03,0,0,0,0,0,0,0,0,0,-1000,0,0,0,0,1000,-1000,-1000
044966,台表科中信94購01,0,0,0,0,0,0,0,0,0,-1000,0,0,0,20000,21000,-1000,-1000
045819,台積電凱基92購14,0,0,0,0,0,0,0,0,0,-1000,0,0,0,0,1000,-1000,-1000
046346,旺宏兆豐92購02  ,0,0,0,0,0,0,0,0,0,-1000,0,0,0,0,1000,-1000,-1000
042941,永冠國票93購01  ,0,0,0,0,0,0,0,0,0,-1000,0,0,0,0,1000,-1000,-1000
045533,南茂永豐92購01  ,0,0,0,0,0,0,0,0,0,-1000,0,0,0,0,1000,-1000,-1000
046775,聯發科台新93購01,0,0,0,0,0,0,0,0,0,-1000,0,0,0,0,1000,-1000,-1000
045736,台積電群益94購01,0,0,0,0,0,0,0,0,0,-1000,0,0,0,0,1000,-1000,-1000
043719,國巨統一93購02  ,0,0,0,0,0,0,0,0,0,-1000,0,0,0,0,1000,-1000,-1000
044531,欣興富邦93購01  ,0,0,0,0,0,0,0,0,0,-1000,0,0,0,0,1000,-1000,-1000
042287,台灣50元大93購10,0,0,0,0,0,0,0,0,0,-1000,0,0,0,0,1000,-1000,-1000
03644C,臺股指元大94牛28,0,0,0,0,0,0,0,0,0,-1000,0,0,0,2000,3000,-1000,-1000
03645C,臺股指凱基96牛27,0,0,0,0,0,0,0,0,0,-1000,0,0,0,0,1000,-1000,-1000
03567P,可成凱基02售06  ,0,0,0,0,0,0,0,0,0,-1000,0,0,0,0,1000,-1000,-1000
03523P,南電元大02售09  ,0,0,0,0,0,0,0,0,0,-1000,0,0,0,0,1000,-1000,-1000
03798P,台光電元大93售02,0,0,0,0,0,0,0,0,0,-1000,0,0,0,0,1000,-1000,-1000
03792P,台光電永豐93售01,0,0,0,0,0,0,0,0,0,-1000,0,0,0,0,1000,-1000,-1000
04439P,聯發科群益94售04,0,0,0,0,0,0,0,0,0,-1000,0,0,0,0,1000,-1000,-1000
03971P,智邦亞東93售01  ,0,0,0,0,0,0,0,0,0,-1000,0,0,0,0,1000,-1000,-1000
04029P,聯發科凱基93售16,0,0,0,0,0,0,0,0,0,-1000,0,0,0,9000,10000,-1000,-1000
04049P,大立光元大95售02,0,0,0,0,0,0,0,0,0,-1000,0,0,0,0,1000,-1000,-1000
03172P,台灣50國票01售10,0,0,0,0,0,0,0,0,0,-1000,0,0,0,0,1000,-1000,-1000
03152P,聯發科群益01售15,0,0,0,0,0,0,0,0,0,-1000,0,0,0,0,1000,-1000,-1000
03153P,聯發科群益03售01,0,0,0,0,0,0,0,0,0,-1000,0,0,0,0,1000,-1000,-1000
03022X,富展01          ,0,0,0,0,0,0,0,0,0,-1000,0,0,0,0,1000,-1000,-1000
03956P,欣興統一93售02  ,0,0,0,0,0,0,0,0,0,-1000,0,0,0,8000,9000,-1000,-1000
03026X,元展23          ,0,0,0,0,0,0,0,0,0,-1000,0,0,0,0,1000,-1000,-1000
00674R,元大S&P黃金反1  ,0,0,0,0,0,0,0,0,0,-1000,0,0,0,3000,4000,-1000,-1000
049288,聯茂兆豐95購02  ,0,0,0,0,0,0,0,0,0,-1000,0,0,0,0,1000,-1000,-1000
049250,華通元大95購04  ,0,0,0,0,0,0,0,0,0,-1000,0,0,0,34000,35000,-1000,-1000
048785,台積電元大96購01,0,0,0,0,0,0,0,0,0,-1000,0,0,0,0,1000,-1000,-1000
049102,智伸科國泰96購01,0,0,0,0,0,0,0,0,0,-1000,0,0,0,141000,142000,-1000,-1000
047916,台積電凱基93購22,0,0,0,0,0,0,0,0,0,-1000,0,0,0,1000,2000,-1000,-1000
048963,川湖元大94購01  ,0,0,0,0,0,0,0,0,0,-1000,0,0,0,0,1000,-1000,-1000
047082,元上證永豐93購01,0,0,0,0,0,0,0,0,0,-1000,0,0,0,0,1000,-1000,-1000
047057,瀚宇博國票93購01,0,0,0,0,0,0,0,0,0,-1000,0,0,0,0,1000,-1000,-1000
049402,奇鋐群益95購02  ,0,0,0,0,0,0,0,0,0,-1000,0,0,0,0,1000,-1000,-1000
048134,祥碩國票93購02  ,0,0,0,0,0,0,0,0,0,-1000,0,0,0,0,1000,-1000,-1000
04809P,台光電群益94售04,0,0,0,0,0,0,0,0,0,-1000,0,0,0,0,1000,-1000,-1000
049462,康友元富94購01  ,0,0,0,0,0,0,0,0,0,-1000,0,0,0,0,1000,-1000,-1000
050146,訊芯康和94購02  ,0,0,0,0,0,0,0,0,0,-1000,0,0,0,59000,60000,-1000,-1000
050116,嘉澤元大94購03  ,0,0,0,0,0,0,0,0,0,-1000,0,0,0,11000,12000,-1000,-1000
049678,臺股指國票94購11,0,0,0,0,0,0,0,0,0,-1000,0,0,0,0,1000,-1000,-1000
049669,訊芯國泰95購01  ,0,0,0,0,0,0,0,0,0,-1000,0,0,0,0,1000,-1000,-1000
049656,臺股指凱基94購17,0,0,0,0,0,0,0,0,0,-1000,0,0,0,0,1000,-1000,-1000
049619,宏達電群益95購02,0,0,0,0,0,0,0,0,0,-1000,0,0,0,0,1000,-1000,-1000
049455,上海銀統一94購02,0,0,0,0,0,0,0,0,0,-1000,0,0,0,0,1000,-1000,-1000
050748,道瓊銀統一94購04,0,0,0,0,0,0,0,0,0,-1000,0,0,0,0,1000,-1000,-1000
050708,臺股指凱基96購06,0,0,0,0,0,0,0,0,0,-1000,0,0,0,0,1000,-1000,-1000
050661,景碩元大94購02  ,0,0,0,0,0,0,0,0,0,-1000,0,0,0,8000,9000,-1000,-1000
050911,光磊中信98購01  ,0,0,0,0,0,0,0,0,0,-1000,0,0,0,7000,8000,-1000,-1000
05086P,鴻海凱基95售13  ,0,0,0,0,0,0,0,0,0,-1000,0,0,0,0,1000,-1000,-1000
050807,群臺反凱基95購01,0,0,0,0,0,0,0,0,0,-1000,0,0,0,0,1000,-1000,-1000
05031P,台光電元富95售01,0,0,0,0,0,0,0,0,0,-1000,0,0,0,0,1000,-1000,-1000
047379,元油2X元大96購03,0,0,0,0,0,0,0,0,0,-1000,0,0,0,4000,5000,-1000,-1000
050557,台積電統一94購13,0,0,0,0,0,0,0,0,0,-1000,0,0,0,0,1000,-1000,-1000
047510,奇力新國票94購01,0,0,0,0,0,0,0,0,0,-1000,0,0,0,0,1000,-1000,-1000
047662,東陽永豐93購01  ,0,0,0,0,0,0,0,0,0,-1000,0,0,0,0,1000,-1000,-1000
047694,SP黃豆國票9B購01,0,0,0,0,0,0,0,0,0,-1000,0,0,0,0,1000,-1000,-1000
048153,台積電兆豐94購01,0,0,0,0,0,0,0,0,0,-1000,0,0,0,0,1000,-1000,-1000
04711P,台光電元大94售05,0,0,0,0,0,0,0,0,0,-1000,0,0,0,0,1000,-1000,-1000
047131,鴻海凱基94購03  ,0,0,0,0,0,0,0,0,0,-1000,0,0,0,0,1000,-1000,-1000
048336,光磊元大93購02  ,0,0,0,0,0,0,0,0,0,-1000,0,0,0,48000,49000,-1000,-1000
048332,台積電富邦94購02,0,0,0,0,0,0,0,0,0,-1000,0,0,0,0,1000,-1000,-1000
047436,台積電元大94購02,0,0,0,0,0,0,0,0,0,-1000,0,0,0,57000,58000,-1000,-1000
053836,亞光永豐96購02  ,0,0,0,0,0,0,0,0,0,-1000,0,0,0,4000,5000,-1000,-1000
053312,緯穎凱基96購02  ,0,0,0,0,0,0,0,0,0,-1000,0,0,0,2000,3000,-1000,-1000
053494,南亞科兆豐96購02,0,0,0,0,0,0,0,0,0,-1000,0,0,0,0,1000,-1000,-1000
053488,中石化兆豐97購01,0,0,0,0,0,0,0,0,0,-1000,0,0,0,0,1000,-1000,-1000
053521,緯穎群益96購02  ,0,0,0,0,0,0,0,0,0,-1000,0,0,0,42000,43000,-1000,-1000
053189,聯發科統一96購05,0,0,0,0,0,0,0,0,0,-1000,0,0,0,5000,6000,-1000,-1000
052880,台積電凱基96購06,0,0,0,0,0,0,0,0,0,-1000,0,0,0,30000,31000,-1000,-1000
052879,滬深2X凱基97購02,0,0,0,0,0,0,0,0,0,-1000,0,0,0,0,1000,-1000,-1000
052904,冠德國票97購01  ,0,0,0,0,0,0,0,0,0,-1000,0,0,0,0,1000,-1000,-1000
052937,國巨兆豐97購01  ,0,0,0,0,0,0,0,0,0,-1000,0,0,0,253000,254000,-1000,-1000
053000,臺股指康和96購02,0,0,0,0,0,0,0,0,0,-1000,0,0,0,1000,2000,-1000,-1000
052586,晶豪科永豐96購01,0,0,0,0,0,0,0,0,0,-1000,0,0,0,0,1000,-1000,-1000
052609,智易元大97購01  ,0,0,0,0,0,0,0,0,0,-1000,0,0,0,0,1000,-1000,-1000
052659,上証2X國票99購01,0,0,0,0,0,0,0,0,0,-1000,0,0,0,0,1000,-1000,-1000
052622,貿聯兆豐97購01  ,0,0,0,0,0,0,0,0,0,-1000,0,0,0,0,1000,-1000,-1000
052766,玉晶光群益9A購01,0,0,0,0,0,0,0,0,0,-1000,0,0,0,5000,6000,-1000,-1000
052835,滬深2X國泰98購01,0,0,0,0,0,0,0,0,0,-1000,0,0,0,4000,5000,-1000,-1000
05281P,南亞科元大95售03,0,0,0,0,0,0,0,0,0,-1000,0,0,0,81000,82000,-1000,-1000
052033,臺股指群益95購06,0,0,0,0,0,0,0,0,0,-1000,0,0,0,5000,6000,-1000,-1000
052025,國巨群益96購01  ,0,0,0,0,0,0,0,0,0,-1000,0,0,0,0,1000,-1000,-1000
052062,臺股指國票95購09,0,0,0,0,0,0,0,0,0,-1000,0,0,0,1000,2000,-1000,-1000
051974,華新科凱基96購05,0,0,0,0,0,0,0,0,0,-1000,0,0,0,27000,28000,-1000,-1000
051976,淘帝凱基95購01  ,0,0,0,0,0,0,0,0,0,-1000,0,0,0,0,1000,-1000,-1000
051995,矽力元大95購03  ,0,0,0,0,0,0,0,0,0,-1000,0,0,0,4000,5000,-1000,-1000
052143,鴻海群益95購09  ,0,0,0,0,0,0,0,0,0,-1000,0,0,0,0,1000,-1000,-1000
052080,康友元富98購02  ,0,0,0,0,0,0,0,0,0,-1000,0,0,0,0,1000,-1000,-1000
052230,大立光凱基96購09,0,0,0,0,0,0,0,0,0,-1000,0,0,0,1000,2000,-1000,-1000
051030,康友元富95購01  ,0,0,0,0,0,0,0,0,0,-1000,0,0,0,4000,5000,-1000,-1000
051465,鴻海富邦97購02  ,0,0,0,0,0,0,0,0,0,-1000,0,0,0,0,1000,-1000,-1000
051419,麗豐國票96購01  ,0,0,0,0,0,0,0,0,0,-1000,0,0,0,0,1000,-1000,-1000
051319,光磊國票96購02  ,0,0,0,0,0,0,0,0,0,-1000,0,0,0,0,1000,-1000,-1000
051381,玉晶光群益98購01,0,0,0,0,0,0,0,0,0,-1000,0,0,0,0,1000,-1000,-1000
051486,玉晶光凱基97購03,0,0,0,0,0,0,0,0,0,-1000,0,0,0,1000,2000,-1000,-1000
05151P,台光電群益95售02,0,0,0,0,0,0,0,0,0,-1000,0,0,0,0,1000,-1000,-1000
6666,羅麗芬-KY       ,0,1000,-1000,0,0,0,0,0,0,0,0,0,0,0,0,0,-1000
8104,錸寶            ,7000,6000,1000,0,0,0,0,0,0,-2000,0,2000,-2000,0,0,0,-1000
6579,研揚            ,0,0,0,0,0,0,0,0,0,-1000,0,1000,-1000,0,0,0,-1000
8442,威宏-KY         ,0,0,0,0,0,0,0,0,0,-1000,0,1000,-1000,0,0,0,-1000
8443,阿瘦            ,0,1000,-1000,0,0,0,0,0,0,0,0,0,0,0,0,0,-1000
8488,吉源-KY         ,0,1000,-1000,0,0,0,0,0,0,0,0,0,0,0,0,0,-1000
8467,波力-KY         ,1000,2000,-1000,0,0,0,0,0,0,0,0,0,0,0,0,0,-1000
8427,基勝-KY         ,0,1000,-1000,0,0,0,0,0,0,0,0,0,0,0,0,0,-1000
6235,華孚            ,3000,3000,0,0,0,0,0,0,0,-1000,0,1000,-1000,0,0,0,-1000
6128,上福            ,0,1000,-1000,0,0,0,0,0,0,0,0,0,0,0,0,0,-1000
4144,康聯-KY         ,1000,1000,0,0,0,0,0,0,0,-1000,0,1000,-1000,0,0,0,-1000
4148,全宇生技-KY     ,2000,3000,-1000,0,0,0,0,0,0,0,0,0,0,0,0,0,-1000
4106,雃博            ,0,1000,-1000,0,0,0,0,0,0,0,0,0,0,0,0,0,-1000
4108,懷特            ,2000,3000,-1000,0,0,0,0,0,0,0,0,0,0,0,0,0,-1000
3694,海華            ,0,1000,-1000,0,0,0,0,0,0,0,0,0,0,0,0,0,-1000
3535,晶彩科          ,37000,38000,-1000,0,0,0,0,0,0,0,0,0,0,0,0,0,-1000
3432,台端            ,0,1000,-1000,0,0,0,0,0,0,0,0,0,0,0,0,0,-1000
4755,三福化          ,0,0,0,0,0,0,0,0,0,-1000,0,1000,-1000,0,0,0,-1000
4562,穎漢            ,0,1000,-1000,0,0,0,0,0,0,0,0,0,0,0,0,0,-1000
5484,慧友            ,0,1000,-1000,0,0,0,0,0,0,0,0,0,0,0,0,0,-1000
5234,達興材料        ,3000,4000,-1000,0,0,0,1000,0,1000,-1000,0,0,0,0,1000,-1000,-1000
2904,匯僑            ,0,0,0,0,0,0,0,0,0,-1000,0,1000,-1000,0,0,0,-1000
3311,閎暉            ,0,1000,-1000,0,0,0,0,0,0,0,0,0,0,0,0,0,-1000
3266,昇陽            ,0,1000,-1000,0,0,0,0,0,0,0,0,0,0,0,0,0,-1000
3305,昇貿            ,6000,6000,0,0,0,0,0,0,0,-1000,0,1000,-1000,0,0,0,-1000
3058,立德            ,0,1000,-1000,0,0,0,0,0,0,0,0,0,0,0,0,0,-1000
3164,景岳            ,0,1000,-1000,0,0,0,0,0,0,0,0,0,0,0,0,0,-1000
3002,歐格            ,1000,2000,-1000,0,0,0,0,0,0,0,0,0,0,0,0,0,-1000
2923,鼎固-KY         ,0,1000,-1000,0,0,0,0,0,0,0,0,0,0,0,0,0,-1000
2305,全友            ,0,1000,-1000,0,0,0,0,0,0,0,0,0,0,0,0,0,-1000
2239,英利-KY         ,0,1000,-1000,0,0,0,0,0,0,0,0,0,0,0,0,0,-1000
2029,盛餘            ,0,1000,-1000,0,0,0,0,0,0,0,0,0,0,0,0,0,-1000
2024,志聯            ,0,1000,-1000,0,0,0,0,0,0,0,0,0,0,0,0,0,-1000
1903,士紙            ,0,1000,-1000,0,0,0,0,0,0,0,0,0,0,0,0,0,-1000
1733,五鼎            ,12000,13000,-1000,0,0,0,0,0,0,0,0,0,0,0,0,0,-1000
1724,台硝            ,0,1000,-1000,0,0,0,0,0,0,0,0,0,0,0,0,0,-1000
1618,合機            ,10000,10000,0,0,0,0,0,0,0,-1000,0,1000,-1000,0,0,0,-1000
2516,新建            ,1000,2000,-1000,0,0,0,0,0,0,0,0,0,0,0,0,0,-1000
2509,全坤建          ,0,1000,-1000,0,0,0,0,0,0,0,0,0,0,0,0,0,-1000
2539,櫻花建          ,1000,2000,-1000,0,0,0,0,0,0,0,0,0,0,0,0,0,-1000
2414,精技            ,1000,2000,-1000,0,0,0,0,0,0,0,0,0,0,0,0,0,-1000
2431,聯昌            ,0,1000,-1000,0,0,0,0,0,0,0,0,0,0,0,0,0,-1000
3679,新至陞          ,62000,66000,-4000,0,0,0,4928,0,4928,-2000,0,2000,-2000,0,0,0,-1072
2348,海悅            ,3000,7000,-4000,0,0,0,2781,0,2781,0,0,0,0,0,0,0,-1219
05924P,超眾元富96售04  ,0,0,0,0,0,0,0,0,0,-2000,0,0,0,5000,7000,-2000,-2000
05789P,臺股指永昌96售06,0,0,0,0,0,0,0,0,0,-2000,0,0,0,0,2000,-2000,-2000
05756P,臺股指中信99售05,0,0,0,0,0,0,0,0,0,-2000,0,0,0,3000,5000,-2000,-2000
1423,利華            ,0,1000,-1000,0,0,0,0,0,0,-1000,0,1000,-1000,0,0,0,-2000
1472,三洋紡          ,0,1000,-1000,0,0,0,0,0,0,-1000,0,1000,-1000,0,0,0,-2000
1454,台富            ,0,2000,-2000,0,0,0,0,0,0,0,0,0,0,0,0,0,-2000
1524,耿鼎            ,0,2000,-2000,0,0,0,0,0,0,0,0,0,0,0,0,0,-2000
1540,喬福            ,0,2000,-2000,0,0,0,0,0,0,0,0,0,0,0,0,0,-2000
06200P,聯發科元大97售18,0,0,0,0,0,0,0,0,0,-2000,0,0,0,0,2000,-2000,-2000
06074P,台積電凱基98售04,0,0,0,0,0,0,0,0,0,-2000,0,0,0,0,2000,-2000,-2000
06082P,華通統一98售01  ,0,0,0,0,0,0,0,0,0,-2000,0,0,0,10000,12000,-2000,-2000
055227,聯發科國票98購02,0,0,0,0,0,0,0,0,0,-2000,0,0,0,0,2000,-2000,-2000
055228,聯發科國票98購03,0,0,0,0,0,0,0,0,0,-2000,0,0,0,0,2000,-2000,-2000
055267,百和永豐97購01  ,0,0,0,0,0,0,0,0,0,-2000,0,0,0,0,2000,-2000,-2000
055544,鴻海凱基97購05  ,0,0,0,0,0,0,0,0,0,-2000,0,0,0,0,2000,-2000,-2000
055390,國巨統一98購03  ,0,0,0,0,0,0,0,0,0,-2000,0,0,0,0,2000,-2000,-2000
055400,緯穎統一97購01  ,0,0,0,0,0,0,0,0,0,-2000,0,0,0,21000,23000,-2000,-2000
055765,臺股指群益97購03,0,0,0,0,0,0,0,0,0,-2000,0,0,0,0,2000,-2000,-2000
055813,聯發科國票98購04,0,0,0,0,0,0,0,0,0,-2000,0,0,0,0,2000,-2000,-2000
055820,矽力國票98購02  ,0,0,0,0,0,0,0,0,0,-2000,0,0,0,1000,3000,-2000,-2000
055919,景碩凱基98購02  ,0,0,0,0,0,0,0,0,0,-2000,0,0,0,0,2000,-2000,-2000
05597P,鴻海元富96售06  ,0,0,0,0,0,0,0,0,0,-2000,0,0,0,0,2000,-2000,-2000
054683,川湖永豐97購01  ,0,0,0,0,0,0,0,0,0,-2000,0,0,0,0,2000,-2000,-2000
054537,南亞科亞東97購01,0,0,0,0,0,0,0,0,0,-2000,0,0,0,0,2000,-2000,-2000
054126,和大元大96購02  ,0,0,0,0,0,0,0,0,0,-2000,0,0,0,0,2000,-2000,-2000
054164,強茂凱基98購01  ,0,0,0,0,0,0,0,0,0,-2000,0,0,0,17000,19000,-2000,-2000
054201,聯詠富邦97購02  ,0,0,0,0,0,0,0,0,0,-2000,0,0,0,32000,34000,-2000,-2000
053914,國巨國票96購08  ,0,0,0,0,0,0,0,0,0,-2000,0,0,0,0,2000,-2000,-2000
053906,宏達電凱基96購02,0,0,0,0,0,0,0,0,0,-2000,0,0,0,0,2000,-2000,-2000
00660,元大歐洲50      ,0,0,0,0,0,0,0,0,0,-2000,0,0,0,0,2000,-2000,-2000
00640L,富邦日本正2     ,3000,0,3000,0,0,0,0,0,0,-5000,0,0,0,324000,329000,-5000,-2000
020002,元富新中國N     ,0,0,0,0,0,0,0,0,0,-2000,0,0,0,7000,9000,-2000,-2000
00711B,FH彭博新興債    ,0,0,0,0,0,0,0,0,0,-2000,0,0,0,100000,102000,-2000,-2000
03312P,亞德客元大02售02,0,0,0,0,0,0,0,0,0,-2000,0,0,0,0,2000,-2000,-2000
03025X,元展22          ,0,0,0,0,0,0,0,0,0,-2000,0,0,0,0,2000,-2000,-2000
041817,鴻海凱基92購01  ,0,0,0,0,0,0,0,0,0,-2000,0,0,0,0,2000,-2000,-2000
042501,台灣50凱基96購06,0,0,0,0,0,0,0,0,0,-2000,0,0,0,0,2000,-2000,-2000
044604,嘉聯益國泰93購01,0,0,0,0,0,0,0,0,0,-2000,0,0,0,0,2000,-2000,-2000
043753,聯發科元大92購02,0,0,0,0,0,0,0,0,0,-2000,0,0,0,22000,24000,-2000,-2000
043896,台積電群益92購06,0,0,0,0,0,0,0,0,0,-2000,0,0,0,0,2000,-2000,-2000
043854,華新科富邦93購01,0,0,0,0,0,0,0,0,0,-2000,0,0,0,0,2000,-2000,-2000
045496,鴻海凱基92購07  ,0,0,0,0,0,0,0,0,0,-2000,0,0,0,0,2000,-2000,-2000
046828,聯發科群益94購01,0,0,0,0,0,0,0,0,0,-2000,0,0,0,8000,10000,-2000,-2000
042752,台灣50元大96購03,0,0,0,0,0,0,0,0,0,-2000,0,0,0,0,2000,-2000,-2000
044711,台郡元大93購01  ,0,0,0,0,0,0,0,0,0,-2000,0,0,0,0,2000,-2000,-2000
046455,瑞昱凱基92購03  ,0,0,0,0,0,0,0,0,0,-2000,0,0,0,2000,4000,-2000,-2000
046719,元石油元大95購02,0,0,0,0,0,0,0,0,0,-2000,0,0,0,0,2000,-2000,-2000
046675,GIS元大93購06   ,0,0,0,0,0,0,0,0,0,-2000,0,0,0,8000,10000,-2000,-2000
046638,台積電永豐93購01,0,0,0,0,0,0,0,0,0,-2000,0,0,0,0,2000,-2000,-2000
048642,聯發科元大94購02,0,0,0,0,0,0,0,0,0,-2000,0,0,0,24000,26000,-2000,-2000
045251,鴻海凱基92購04  ,0,0,0,0,0,0,0,0,0,-2000,0,0,0,0,2000,-2000,-2000
047393,景碩元大93購02  ,0,0,0,0,0,0,0,0,0,-2000,0,0,0,2000,4000,-2000,-2000
048173,上海銀永豐93購02,0,0,0,0,0,0,0,0,0,-2000,0,0,0,0,2000,-2000,-2000
047529,嘉晶元大94購02  ,0,0,0,0,0,0,0,0,0,-2000,0,0,0,20000,22000,-2000,-2000
05044P,亞德客永豐95售01,0,0,0,0,0,0,0,0,0,-2000,0,0,0,0,2000,-2000,-2000
050210,華新科國票94購08,0,0,0,0,0,0,0,0,0,-2000,0,0,0,0,2000,-2000,-2000
050313,大立光兆豐94購05,0,0,0,0,0,0,0,0,0,-2000,0,0,0,0,2000,-2000,-2000
050367,鴻海元大94購20  ,0,0,0,0,0,0,0,0,0,-2000,0,0,0,217000,219000,-2000,-2000
050331,鈺齊永豐94購02  ,0,0,0,0,0,0,0,0,0,-2000,0,0,0,18000,20000,-2000,-2000
050786,健策國泰96購01  ,0,0,0,0,0,0,0,0,0,-2000,0,0,0,0,2000,-2000,-2000
050901,樺漢元大95購02  ,0,0,0,0,0,0,0,0,0,-2000,0,0,0,42000,44000,-2000,-2000
050600,瑞儀國泰95購01  ,0,0,0,0,0,0,0,0,0,-2000,0,0,0,0,2000,-2000,-2000
050724,國巨國票96購01  ,0,0,0,0,0,0,0,0,0,-2000,0,0,0,8000,10000,-2000,-2000
050693,鴻海凱基96購05  ,0,0,0,0,0,0,0,0,0,-2000,0,0,0,7000,9000,-2000,-2000
049749,創意永豐94購01  ,0,0,0,0,0,0,0,0,0,-2000,0,0,0,0,2000,-2000,-2000
050154,可成群益94購05  ,0,0,0,0,0,0,0,0,0,-2000,0,0,0,0,2000,-2000,-2000
048125,和鑫元大96購01  ,0,0,0,0,0,0,0,0,0,-2000,0,0,0,0,2000,-2000,-2000
047044,傳奇群益93購02  ,0,0,0,0,0,0,0,0,0,-2000,0,0,0,0,2000,-2000,-2000
050180,華新科元大95購08,0,0,0,0,0,0,0,0,0,-2000,0,0,0,1000,3000,-2000,-2000
047946,南亞科統一93購04,0,0,0,0,0,0,0,0,0,-2000,0,0,0,0,2000,-2000,-2000
048430,瑞昱國票93購02  ,0,0,0,0,0,0,0,0,0,-2000,0,0,0,3000,5000,-2000,-2000
048431,瑞昱國票94購01  ,0,0,0,0,0,0,0,0,0,-2000,0,0,0,7000,9000,-2000,-2000
048755,志超元富96購01  ,0,0,0,0,0,0,0,0,0,-2000,0,0,0,0,2000,-2000,-2000
048799,台積電富邦94購03,0,0,0,0,0,0,0,0,0,-2000,0,0,0,0,2000,-2000,-2000
049254,台積電元大96購02,0,0,0,0,0,0,0,0,0,-2000,0,0,0,22000,24000,-2000,-2000
04922P,日月光凱基94售02,0,0,0,0,0,0,0,0,0,-2000,0,0,0,0,2000,-2000,-2000
048886,慧洋元富94購01  ,0,0,0,0,0,0,0,0,0,-2000,0,0,0,0,2000,-2000,-2000
047805,台積電凱基93購21,0,0,0,0,0,0,0,0,0,-2000,0,0,0,0,2000,-2000,-2000
051495,玉晶光第一95購02,0,0,0,0,0,0,0,0,0,-2000,0,0,0,0,2000,-2000,-2000
051344,鴻海元大95購08  ,0,0,0,0,0,0,0,0,0,-2000,0,0,0,245000,247000,-2000,-2000
051484,玉晶光凱基97購01,0,0,0,0,0,0,0,0,0,-2000,0,0,0,44000,46000,-2000,-2000
051015,南亞科凱基95購04,0,0,0,0,0,0,0,0,0,-2000,0,0,0,0,2000,-2000,-2000
051040,漢唐永豐95購01  ,0,0,0,0,0,0,0,0,0,-2000,0,0,0,10000,12000,-2000,-2000
051211,道瓊反統一95購01,0,0,0,0,0,0,0,0,0,-2000,0,0,0,0,2000,-2000,-2000
051245,南亞科元大95購01,0,0,0,0,0,0,0,0,0,-2000,0,0,0,34000,36000,-2000,-2000
052228,聯發科凱基96購06,0,0,0,0,0,0,0,0,0,-2000,0,0,0,9000,11000,-2000,-2000
052260,為升富邦97購02  ,0,0,0,0,0,0,0,0,0,-2000,0,0,0,0,2000,-2000,-2000
052173,廣達元大95購02  ,0,0,0,0,0,0,0,0,0,-2000,0,0,0,0,2000,-2000,-2000
051904,深100元大95購01 ,0,0,0,0,0,0,0,0,0,-2000,0,0,0,0,2000,-2000,-2000
051718,上証2X永豐95購01,0,0,0,0,0,0,0,0,0,-2000,0,0,0,4000,6000,-2000,-2000
051815,百和凱基96購01  ,0,0,0,0,0,0,0,0,0,-2000,0,0,0,0,2000,-2000,-2000
052858,華通凱基97購02  ,0,0,0,0,0,0,0,0,0,-2000,0,0,0,0,2000,-2000,-2000
052718,新唐凱基96購01  ,0,0,0,0,0,0,0,0,0,-2000,0,0,0,0,2000,-2000,-2000
052662,華新科國票97購01,0,0,0,0,0,0,0,0,0,-2000,0,0,0,3000,5000,-2000,-2000
052580,高鐵元富96購01  ,0,0,0,0,0,0,0,0,0,-2000,0,0,0,0,2000,-2000,-2000
052965,廣宇群益97購01  ,0,0,0,0,0,0,0,0,0,-2000,0,0,0,0,2000,-2000,-2000
053182,大立光元富96購02,0,0,0,0,0,0,0,0,0,-2000,0,0,0,0,2000,-2000,-2000
053156,緯創元大96購02  ,0,0,0,0,0,0,0,0,0,-2000,0,0,0,81000,83000,-2000,-2000
053428,中磊永豐96購02  ,0,0,0,0,0,0,0,0,0,-2000,0,0,0,34000,36000,-2000,-2000
053412,台達電國票97購02,0,0,0,0,0,0,0,0,0,-2000,0,0,0,0,2000,-2000,-2000
053337,聯電國票97購01  ,0,0,0,0,0,0,0,0,0,-2000,0,0,0,0,2000,-2000,-2000
053240,巨路永豐96購01  ,0,0,0,0,0,0,0,0,0,-2000,0,0,0,0,2000,-2000,-2000
053755,亞光元富96購01  ,0,0,0,0,0,0,0,0,0,-2000,0,0,0,18000,20000,-2000,-2000
05379P,可成凱基95售11  ,0,0,0,0,0,0,0,0,0,-2000,0,0,0,0,2000,-2000,-2000
05369P,可成元富95售04  ,0,0,0,0,0,0,0,0,0,-2000,0,0,0,10000,12000,-2000,-2000
1725,元禎            ,0,2000,-2000,0,0,0,0,0,0,0,0,0,0,0,0,0,-2000
1720,生達            ,14000,15000,-1000,0,0,0,0,0,0,-1000,0,1000,-1000,0,0,0,-2000
1809,中釉            ,9000,11000,-2000,0,0,0,0,0,0,0,0,0,0,0,0,0,-2000
2546,根基            ,4000,6000,-2000,0,0,0,0,0,0,0,0,0,0,0,0,0,-2000
2466,冠西電          ,1000,1000,0,0,0,0,0,0,0,-2000,0,2000,-2000,0,0,0,-2000
5538,東明-KY         ,0,0,0,0,0,0,0,2000,-2000,0,0,0,0,0,0,0,-2000
4572,駐龍            ,0,1000,-1000,0,0,0,0,0,0,-1000,0,1000,-1000,0,0,0,-2000
4576,大銀微系統      ,5000,7000,-2000,0,0,0,0,0,0,0,0,0,0,0,0,0,-2000
3021,鴻名            ,0,2000,-2000,0,0,0,0,0,0,0,0,0,0,0,0,0,-2000
3027,盛達            ,1000,3000,-2000,0,0,0,0,0,0,0,0,0,0,0,0,0,-2000
6215,和椿            ,0,2000,-2000,0,0,0,0,0,0,0,0,0,0,0,0,0,-2000
6504,南六            ,0,2000,-2000,0,0,0,0,0,0,0,0,0,0,0,0,0,-2000
8374,羅昇            ,1000,3000,-2000,0,0,0,0,0,0,0,0,0,0,0,0,0,-2000
9908,大台北          ,3000,13000,-10000,0,0,0,0,0,0,8000,8000,0,8000,0,0,0,-2000
9955,佳龍            ,46000,48000,-2000,0,0,0,0,0,0,0,0,0,0,0,0,0,-2000
05391P,鴻海統一95售12  ,0,0,0,0,0,0,0,0,0,-3000,0,0,0,0,3000,-3000,-3000
054040,中石化元大9C購01,0,0,0,0,0,0,0,0,0,-3000,0,0,0,0,3000,-3000,-3000
054228,貿聯元富96購03  ,0,0,0,0,0,0,0,0,0,-3000,0,0,0,0,3000,-3000,-3000
054116,順德康和96購01  ,0,0,0,0,0,0,0,0,0,-3000,0,0,0,0,3000,-3000,-3000
054453,上海銀亞東96購01,0,0,0,0,0,0,0,0,0,-3000,0,0,0,0,3000,-3000,-3000
054320,國喬台新96購01  ,0,0,0,0,0,0,0,0,0,-3000,0,0,0,0,3000,-3000,-3000
054304,台積電凱基96購23,0,0,0,0,0,0,0,0,0,-3000,0,0,0,0,3000,-3000,-3000
054808,東元元大9A購01  ,0,0,0,0,0,0,0,0,0,-3000,0,0,0,159000,162000,-3000,-3000
054862,群光群益97購01  ,0,0,0,0,0,0,0,0,0,-3000,0,0,0,10000,13000,-3000,-3000
055066,佐登永豐97購01  ,0,0,0,0,0,0,0,0,0,-3000,0,0,0,0,3000,-3000,-3000
054968,佐登元大97購01  ,0,0,0,0,0,0,0,0,0,-3000,0,0,0,0,3000,-3000,-3000
055782,新日興凱基99購01,0,0,0,0,0,0,0,0,0,-3000,0,0,0,84000,87000,-3000,-3000
055609,旺宏國票99購01  ,0,0,0,0,0,0,0,0,0,-3000,0,0,0,0,3000,-3000,-3000
055723,康控元大97購04  ,0,0,0,0,0,0,0,0,0,-3000,0,0,0,0,3000,-3000,-3000
055650,華新科元富98購01,0,0,0,0,0,0,0,0,0,-3000,0,0,0,10000,13000,-3000,-3000
055470,南亞科凱基97購01,0,0,0,0,0,0,0,0,0,-3000,0,0,0,91000,94000,-3000,-3000
055496,高鐵元大97購02  ,0,0,0,0,0,0,0,0,0,-3000,0,0,0,0,3000,-3000,-3000
055489,瑞昱元大97購02  ,0,0,0,0,0,0,0,0,0,-3000,0,0,0,22000,25000,-3000,-3000
055366,國巨元大98購05  ,0,0,0,0,0,0,0,0,0,-3000,0,0,0,2000,5000,-3000,-3000
06241P,大立光元富9A售01,0,0,0,0,0,0,0,0,0,-3000,0,0,0,49000,52000,-3000,-3000
1526,日馳            ,2000,5000,-3000,0,0,0,0,0,0,0,0,0,0,0,0,0,-3000
05769P,台積電凱基96售16,0,0,0,0,0,0,0,0,0,-3000,0,0,0,1000,4000,-3000,-3000
05801P,正崴兆豐96售01  ,0,0,0,0,0,0,0,0,0,-3000,0,0,0,10000,13000,-3000,-3000
05742P,可成元大96售04  ,0,0,0,0,0,0,0,0,0,-3000,0,0,0,157000,160000,-3000,-3000
05688P,臺股指元大96售13,0,0,0,0,0,0,0,0,0,-3000,0,0,0,35000,38000,-3000,-3000
05877P,大立光群益96售06,0,0,0,0,0,0,0,0,0,-3000,0,0,0,33000,36000,-3000,-3000
05952P,台積電國票97售06,0,0,0,0,0,0,0,0,0,-3000,0,0,0,26000,29000,-3000,-3000
045020,臺股指元大92購14,0,0,0,0,0,0,0,0,0,-3000,0,0,0,0,3000,-3000,-3000
045079,大立光元大93購05,0,0,0,0,0,0,0,0,0,-3000,0,0,0,2000,5000,-3000,-3000
046178,聯發科日盛92購01,0,0,0,0,0,0,0,0,0,-3000,0,0,0,11000,14000,-3000,-3000
046174,高鐵永豐92購01  ,0,0,0,0,0,0,0,0,0,-3000,0,0,0,0,3000,-3000,-3000
045311,GIS元大94購01   ,0,0,0,0,0,0,0,0,0,-3000,0,0,0,400000,403000,-3000,-3000
048624,美律台新93購01  ,0,0,0,0,0,0,0,0,0,-3000,0,0,0,7000,10000,-3000,-3000
048670,華新科永豐93購03,0,0,0,0,0,0,0,0,0,-3000,0,0,0,62000,65000,-3000,-3000
048823,漢唐凱基94購01  ,0,0,0,0,0,0,0,0,0,-3000,0,0,0,0,3000,-3000,-3000
045830,亞德客群益92購02,0,0,0,0,0,0,0,0,0,-3000,0,0,0,0,3000,-3000,-3000
046752,華泰凱基93購01  ,0,0,0,0,0,0,0,0,0,-3000,0,0,0,0,3000,-3000,-3000
046753,台積電凱基93購04,0,0,0,0,0,0,0,0,0,-3000,0,0,0,7000,10000,-3000,-3000
043757,欣興元大93購01  ,0,0,0,0,0,0,0,0,0,-3000,0,0,0,1000,4000,-3000,-3000
04174P,上銀群益93售06  ,0,0,0,0,0,0,0,0,0,-3000,0,0,0,0,3000,-3000,-3000
041172,台積電群益91購03,0,0,0,0,0,0,0,0,0,-3000,0,0,0,0,3000,-3000,-3000
041527,T50反1中信96購01,0,0,0,0,0,0,0,0,0,-3000,0,0,0,0,3000,-3000,-3000
00668,國泰美國道瓊    ,0,0,0,0,0,0,0,0,0,-3000,0,0,0,15000,18000,-3000,-3000
049222,和碩國票94購01  ,0,0,0,0,0,0,0,0,0,-3000,0,0,0,0,3000,-3000,-3000
049375,大立光元大94購13,0,0,0,0,0,0,0,0,0,-3000,0,0,0,3000,6000,-3000,-3000
049175,台積電凱基94購12,0,0,0,0,0,0,0,0,0,-3000,0,0,0,20000,23000,-3000,-3000
049154,玉晶光元大95購02,0,0,0,0,0,0,0,0,0,-3000,0,0,0,113000,116000,-3000,-3000
047083,大立光永豐93購01,0,0,0,0,0,0,0,0,0,-3000,0,0,0,1000,4000,-3000,-3000
049886,華通永昌95購01  ,0,0,0,0,0,0,0,0,0,-3000,0,0,0,3000,6000,-3000,-3000
050621,易華電元大95購01,0,0,0,0,0,0,0,0,0,-3000,0,0,0,0,3000,-3000,-3000
050777,臻鼎元大94購05  ,0,0,0,0,0,0,0,0,0,-3000,0,0,0,0,3000,-3000,-3000
050234,國巨凱基94購10  ,0,0,0,0,0,0,0,0,0,-3000,0,0,0,1000,4000,-3000,-3000
050381,鴻海兆豐94購01  ,0,0,0,0,0,0,0,0,0,-3000,0,0,0,313000,316000,-3000,-3000
047659,大立光麥證93購01,0,0,0,0,3000,-3000,0,0,0,-3000,0,0,0,0,3000,-3000,-3000
04732P,聯茂群益94售01  ,0,0,0,0,0,0,0,0,0,-3000,0,0,0,7000,10000,-3000,-3000
053819,大立光群益96購04,0,0,0,0,0,0,0,0,0,-3000,0,0,0,1000,4000,-3000,-3000
053734,友達中信98購02  ,0,0,0,0,0,0,0,0,0,-3000,0,0,0,10000,13000,-3000,-3000
05382P,電子類群益95售02,0,0,0,0,0,0,0,0,0,-3000,0,0,0,2000,5000,-3000,-3000
053845,和大元富96購01  ,0,0,0,0,0,0,0,0,0,-3000,0,0,0,17000,20000,-3000,-3000
053423,亞光永豐96購01  ,0,0,0,0,0,0,0,0,0,-3000,0,0,0,3000,6000,-3000,-3000
05320P,華通凱基96售03  ,0,0,0,0,0,0,0,0,0,-3000,0,0,0,7000,10000,-3000,-3000
05291P,鴻海凱基95售16  ,0,0,0,0,0,0,0,0,0,-3000,0,0,0,0,3000,-3000,-3000
052633,國巨凱基96購05  ,0,0,0,0,0,0,0,0,0,-3000,0,0,0,17000,20000,-3000,-3000
05255P,義隆凱基95售01  ,0,0,0,0,0,0,0,0,0,-3000,0,0,0,2000,5000,-3000,-3000
052811,玉晶光台新96購03,0,0,0,0,0,0,0,0,0,-3000,0,0,0,0,3000,-3000,-3000
051855,道瓊反凱基97購01,0,0,0,0,0,0,0,0,0,-3000,0,0,0,0,3000,-3000,-3000
052276,力成群益96購01  ,0,0,0,0,0,0,0,0,0,-3000,0,0,0,7000,10000,-3000,-3000
052235,聯發科國票96購02,0,0,0,0,0,0,0,0,0,-3000,0,0,0,2000,5000,-3000,-3000
051663,鴻海元大95購18  ,0,0,0,0,0,0,0,0,0,-3000,0,0,0,13000,16000,-3000,-3000
8367,建新國際        ,6000,9000,-3000,0,0,0,0,0,0,0,0,0,0,0,0,0,-3000
6205,詮欣            ,0,3000,-3000,0,0,0,0,0,0,0,0,0,0,0,0,0,-3000
3296,勝德            ,0,0,0,0,0,0,0,0,0,-3000,0,3000,-3000,0,0,0,-3000
2911,麗嬰房          ,0,3000,-3000,0,0,0,0,0,0,0,0,0,0,0,0,0,-3000
2889,國票金          ,147000,151000,-4000,0,0,0,1000,0,1000,0,0,0,0,0,0,0,-3000
4164,承業醫          ,10000,19000,-9000,0,0,0,1000,0,1000,5000,8000,3000,5000,0,0,0,-3000
3504,揚明光          ,59000,37000,22000,0,0,0,0,0,0,-25000,0,0,0,1000,26000,-25000,-3000
2482,連宇            ,1000,4000,-3000,0,0,0,0,0,0,0,0,0,0,0,0,0,-3000
2506,太設            ,0,0,0,0,0,0,0,0,0,-3000,0,3000,-3000,0,0,0,-3000
2613,中櫃            ,0,3000,-3000,0,0,0,0,0,0,0,0,0,0,0,0,0,-3000
2374,佳能            ,2000,2000,0,0,0,0,0,0,0,-3000,0,3000,-3000,0,0,0,-3000
1321,大洋            ,5000,38000,-33000,0,0,0,29212,0,29212,0,0,0,0,0,0,0,-3788
6415,矽力-KY         ,201000,182512,18488,0,0,0,0,12285,-12285,-10000,4000,7000,-3000,2000,9000,-7000,-3797
1340,勝悅-KY         ,0,4000,-4000,0,0,0,0,0,0,0,0,0,0,0,0,0,-4000
06291P,臺股指國票97售05,0,0,0,0,0,0,0,0,0,-4000,0,0,0,0,4000,-4000,-4000
05891P,聯發科中信98售03,0,0,0,0,0,0,0,0,0,-4000,0,0,0,3000,7000,-4000,-4000
05942P,奇力新凱基96售04,0,0,0,0,0,0,0,0,0,-4000,0,0,0,16000,20000,-4000,-4000
05794P,華邦電群益96售04,0,0,0,0,0,0,0,0,0,-4000,0,0,0,16000,20000,-4000,-4000
05817P,可成凱基96售07  ,0,0,0,0,0,0,0,0,0,-4000,0,0,0,0,4000,-4000,-4000
05781P,臺股指統一99售02,0,0,0,0,0,0,0,0,0,-4000,0,0,0,8000,12000,-4000,-4000
055507,樺漢元大98購02  ,0,0,0,0,0,0,0,0,0,-4000,0,0,0,1000,5000,-4000,-4000
055717,聯發科元大97購19,0,0,0,0,0,0,0,0,0,-4000,0,0,0,14000,18000,-4000,-4000
055570,華通統一98購03  ,0,0,0,0,0,0,0,0,0,-4000,0,0,0,0,4000,-4000,-4000
055736,宏達電元富99購01,0,0,0,0,0,0,0,0,0,-4000,0,0,0,0,4000,-4000,-4000
055998,臺股指富邦99購01,0,0,0,0,0,0,0,0,0,-4000,0,0,0,0,4000,-4000,-4000
054809,大成鋼元大97購01,0,0,0,0,0,0,0,0,0,-4000,0,0,0,35000,39000,-4000,-4000
054258,牧德元大97購01  ,0,0,0,0,0,0,0,0,0,-4000,0,0,0,130000,134000,-4000,-4000
054472,道瓊反中信9A購01,0,0,0,0,0,0,0,0,0,-4000,0,0,0,0,4000,-4000,-4000
054090,瑞昱群益97購01  ,0,0,0,0,0,0,0,0,0,-4000,0,0,0,19000,23000,-4000,-4000
054188,欣興永豐96購03  ,0,0,0,0,0,0,0,0,0,-4000,0,0,0,37000,41000,-4000,-4000
00675L,富邦臺灣加權正2 ,0,0,0,0,0,0,0,0,0,-4000,0,0,0,9000,13000,-4000,-4000
00736,國泰新興市場    ,0,15000,-15000,0,0,0,0,0,0,11000,0,0,0,130000,119000,11000,-4000
03414B,臺股指凱基99熊01,0,0,0,0,0,0,0,0,0,-4000,0,0,0,155000,159000,-4000,-4000
03252P,台積電台新02售01,0,0,0,0,0,0,0,0,0,-4000,0,0,0,0,4000,-4000,-4000
041921,台灣50凱基93購04,0,0,0,0,0,0,0,0,0,-4000,0,0,0,0,4000,-4000,-4000
03736P,南電元大93售02  ,0,0,0,0,0,0,0,0,0,-4000,0,0,0,0,4000,-4000,-4000
044602,大立光國泰93購01,0,0,0,0,0,0,0,0,0,-4000,0,0,0,35000,39000,-4000,-4000
045670,鴻海元大92購09  ,0,0,0,0,0,0,0,0,0,-4000,0,0,0,0,4000,-4000,-4000
045733,瑞昱國票93購01  ,0,0,0,0,0,0,0,0,0,-4000,0,0,0,9000,13000,-4000,-4000
045576,智邦元大92購07  ,0,0,0,0,0,0,0,0,0,-4000,0,0,0,6000,10000,-4000,-4000
044750,鴻海凱基93購07  ,0,0,0,0,0,0,0,0,0,-4000,0,0,0,6000,10000,-4000,-4000
046067,富邦金凱基92購02,0,0,0,0,0,0,0,0,0,-4000,0,0,0,15000,19000,-4000,-4000
048625,GIS台新93購01   ,0,0,0,0,0,0,0,0,0,-4000,0,0,0,0,4000,-4000,-4000
046200,上海銀凱基93購01,0,0,0,0,0,0,0,0,0,-4000,0,0,0,5000,9000,-4000,-4000
04503P,元油2X元富98售09,0,0,0,0,0,0,0,0,0,-4000,0,0,0,0,4000,-4000,-4000
046073,日月光凱基92購03,0,0,0,0,0,0,0,0,0,-4000,0,0,0,0,4000,-4000,-4000
045256,致茂凱基92購01  ,0,0,0,0,0,0,0,0,0,-4000,0,0,0,6000,10000,-4000,-4000
045167,玉晶光富邦92購01,0,0,0,0,0,0,0,0,0,-4000,0,0,0,0,4000,-4000,-4000
047287,貿聯統一95購01  ,0,0,0,0,0,0,0,0,0,-4000,0,0,0,0,4000,-4000,-4000
047246,華新科群益93購01,0,0,0,0,0,0,0,0,0,-4000,0,0,0,28000,32000,-4000,-4000
047208,智易國泰94購01  ,0,0,0,0,0,0,0,0,0,-4000,0,0,0,0,4000,-4000,-4000
047617,瑞昱凱基93購07  ,0,0,0,0,0,0,0,0,0,-4000,0,0,0,38000,42000,-4000,-4000
047595,元石油元富97購01,0,0,0,0,0,0,0,0,0,-4000,0,0,0,0,4000,-4000,-4000
048214,滬深2X凱基96購03,0,0,0,0,0,0,0,0,0,-4000,0,0,0,0,4000,-4000,-4000
047119,臻鼎元大93購01  ,0,0,0,0,0,0,0,0,0,-4000,0,0,0,0,4000,-4000,-4000
047104,和大元大93購02  ,0,0,0,0,0,0,0,0,0,-4000,0,0,0,1000,5000,-4000,-4000
050396,欣興元富94購02  ,0,0,0,0,0,0,0,0,0,-4000,0,0,0,0,4000,-4000,-4000
050495,大立光永昌96購01,0,0,0,0,0,0,0,0,0,-4000,0,0,0,0,4000,-4000,-4000
050936,國巨國票95購04  ,0,0,0,0,0,0,0,0,0,-4000,0,0,0,10000,14000,-4000,-4000
049358,可成富邦94購01  ,0,0,0,0,0,0,0,0,0,-4000,0,0,0,0,4000,-4000,-4000
050195,上海銀元大94購03,0,0,0,0,0,0,0,0,0,-4000,0,0,0,0,4000,-4000,-4000
048063,聯發科統一93購03,0,0,0,0,0,0,0,0,0,-4000,0,0,0,110000,114000,-4000,-4000
050135,禾伸堂兆豐95購01,0,0,0,0,0,0,0,0,0,-4000,0,0,0,20000,24000,-4000,-4000
049152,大立光元大95購06,0,0,0,0,0,0,0,0,0,-4000,0,0,0,21000,25000,-4000,-4000
04912P,可成元富94售06  ,0,0,0,0,0,0,0,0,0,-4000,0,0,0,10000,14000,-4000,-4000
049170,亞德客凱基94購01,0,0,0,0,0,0,0,0,0,-4000,0,0,0,2000,6000,-4000,-4000
047931,日月光凱基93購01,0,0,0,0,0,0,0,0,0,-4000,0,0,0,1000,5000,-4000,-4000
047898,嘉澤群益93購02  ,0,0,0,0,0,0,0,0,0,-4000,0,0,0,11000,15000,-4000,-4000
04993P,上銀兆豐96售01  ,0,0,0,0,0,0,0,0,0,-4000,0,0,0,239000,243000,-4000,-4000
051683,A50正2凱基97購01,0,0,0,0,0,0,0,0,0,-4000,0,0,0,5000,9000,-4000,-4000
051514,智邦凱基95購05  ,0,0,0,0,0,0,0,0,0,-4000,0,0,0,0,4000,-4000,-4000
051340,健策永豐95購03  ,0,0,0,0,0,0,0,0,0,-4000,0,0,0,68000,72000,-4000,-4000
051022,GIS凱基95購02   ,0,0,0,0,0,0,0,0,0,-4000,0,0,0,0,4000,-4000,-4000
05213P,台積電國票96售05,0,0,0,0,0,0,0,0,0,-4000,0,0,0,0,4000,-4000,-4000
052293,泰碩國票95購03  ,0,0,0,0,0,0,0,0,0,-4000,0,0,0,38000,42000,-4000,-4000
051760,奇力新元大95購04,0,0,0,0,0,0,0,0,0,-4000,0,0,0,21000,25000,-4000,-4000
052682,上銀元大97購01  ,0,0,0,0,0,0,0,0,0,-4000,0,0,0,11000,15000,-4000,-4000
052566,國巨凱基96購04  ,0,0,0,0,0,0,0,0,0,-4000,0,0,0,11000,15000,-4000,-4000
052511,聯發科凱基95購14,0,0,0,0,0,0,0,0,0,-4000,0,0,0,8000,12000,-4000,-4000
052919,鈺齊富邦98購01  ,0,0,0,0,0,0,0,0,0,-4000,0,0,0,5000,9000,-4000,-4000
053194,緯穎統一99購01  ,0,0,0,0,0,0,0,0,0,-4000,0,0,0,1000,5000,-4000,-4000
8222,寶一            ,0,1000,-1000,0,0,0,0,0,0,-3000,0,3000,-3000,0,0,0,-4000
2438,翔耀            ,0,0,0,0,0,0,0,0,0,-4000,0,4000,-4000,0,0,0,-4000
2616,山隆            ,1000,3000,-2000,0,0,0,0,0,0,-2000,0,2000,-2000,0,0,0,-4000
2499,東貝            ,71000,74000,-3000,0,0,0,0,0,0,-1000,0,1000,-1000,0,0,0,-4000
1718,中纖            ,383000,387000,-4000,0,0,0,0,0,0,0,0,0,0,0,0,0,-4000
3059,華晶科          ,117000,117000,0,0,0,0,0,0,0,-4000,0,4000,-4000,0,0,0,-4000
3060,銘異            ,14000,16000,-2000,0,0,0,0,0,0,-2000,0,2000,-2000,0,0,0,-4000
4739,康普            ,7000,20000,-13000,0,0,0,8674,0,8674,0,0,0,0,0,0,0,-4326
054157,國巨亞東96購01  ,0,0,0,0,0,0,0,0,0,-5000,0,0,0,0,5000,-5000,-5000
05411P,台積電國票96售08,0,0,0,0,0,0,0,0,0,-5000,0,0,0,70000,75000,-5000,-5000
054114,新光金台新97購01,0,0,0,0,0,0,0,0,0,-5000,0,0,0,0,5000,-5000,-5000
05387P,鴻海元大95售21  ,0,0,0,0,0,0,0,0,0,-5000,0,0,0,60000,65000,-5000,-5000
054555,欣興凱基98購01  ,0,0,0,0,0,0,0,0,0,-5000,0,0,0,6000,11000,-5000,-5000
054412,智邦元大96購03  ,0,0,0,0,0,0,0,0,0,-5000,0,0,0,98000,103000,-5000,-5000
054764,亞光國票98購01  ,0,0,0,0,0,0,0,0,0,-5000,0,0,0,0,5000,-5000,-5000
054859,鴻海群益97購02  ,0,0,0,0,0,0,0,0,0,-5000,0,0,0,0,5000,-5000,-5000
054877,百和群益98購01  ,0,0,0,0,0,0,0,0,0,-5000,0,0,0,3000,8000,-5000,-5000
054988,凱美元富97購02  ,0,0,0,0,0,0,0,0,0,-5000,0,0,0,67000,72000,-5000,-5000
055102,上銀凱基98購01  ,0,0,0,0,0,0,0,0,0,-5000,0,0,0,8000,13000,-5000,-5000
055139,欣興永豐97購01  ,0,0,0,0,0,0,0,0,0,-5000,0,0,0,8000,13000,-5000,-5000
055207,致新中信99購01  ,0,0,0,0,0,0,0,0,0,-5000,0,0,0,115000,120000,-5000,-5000
055965,泰鼎元大97購03  ,0,0,0,0,0,0,0,0,0,-5000,0,0,0,12000,17000,-5000,-5000
05585P,臺股指凱基96售14,0,0,0,0,0,0,0,0,0,-5000,0,0,0,0,5000,-5000,-5000
055892,國巨統一99購01  ,0,0,0,0,0,0,0,0,0,-5000,0,0,0,0,5000,-5000,-5000
055552,瑞昱凱基97購02  ,0,0,0,0,0,0,0,0,0,-5000,0,0,0,45000,50000,-5000,-5000
055679,華通凱基99購01  ,0,0,0,0,0,0,0,0,0,-5000,0,0,0,0,5000,-5000,-5000
055380,智易元大98購02  ,0,0,0,0,0,0,0,0,0,-5000,0,0,0,0,5000,-5000,-5000
055226,聯發科國票97購05,0,0,0,0,0,0,0,0,0,-5000,0,0,0,0,5000,-5000,-5000
05819P,臺股指凱基96售16,0,0,0,0,0,0,0,0,0,-5000,0,0,0,0,5000,-5000,-5000
05992P,華通元大96售05  ,0,0,0,0,0,0,0,0,0,-5000,0,0,0,0,5000,-5000,-5000
06037P,超眾國票98售02  ,0,0,0,0,0,0,0,0,0,-5000,0,0,0,0,5000,-5000,-5000
06224P,可成元富97售02  ,0,0,0,0,0,0,0,0,0,-5000,0,0,0,11000,16000,-5000,-5000
06199P,聯發科元大97售17,0,0,0,0,0,0,0,0,0,-5000,0,0,0,5000,10000,-5000,-5000
06117P,臺股指日盛97售02,0,0,0,0,0,0,0,0,0,-5000,0,0,0,0,5000,-5000,-5000
06124P,超眾元大97售03  ,0,0,0,0,0,0,0,0,0,-5000,0,0,0,0,5000,-5000,-5000
1467,南緯            ,0,0,0,0,0,0,0,0,0,-5000,0,5000,-5000,0,0,0,-5000
1529,樂士            ,1000,6000,-5000,0,0,0,0,0,0,0,0,0,0,0,0,0,-5000
08974P,可成群益02售02  ,0,0,0,0,0,0,0,0,0,-5000,0,0,0,0,5000,-5000,-5000
04612P,上銀群益94售01  ,0,0,0,0,0,0,0,0,0,-5000,0,0,0,31000,36000,-5000,-5000
048627,T50反1元大96購02,0,0,0,0,0,0,0,0,0,-5000,0,0,0,0,5000,-5000,-5000
048663,聯發科統一96購01,0,0,0,0,0,0,0,0,0,-5000,0,0,0,0,5000,-5000,-5000
044703,緯創元大91購03  ,0,0,0,0,0,0,0,0,0,-5000,0,0,0,0,5000,-5000,-5000
046336,致新元大92購02  ,0,0,0,0,0,0,0,0,0,-5000,0,0,0,10000,15000,-5000,-5000
046540,創意群益92購04  ,0,0,0,0,0,0,0,0,0,-5000,0,0,0,50000,55000,-5000,-5000
046374,台積電凱基92購20,0,0,0,0,0,0,0,0,0,-5000,0,0,0,0,5000,-5000,-5000
046388,GIS凱基92購02   ,0,0,0,0,0,0,0,0,0,-5000,0,0,0,20000,25000,-5000,-5000
045707,明泰日盛92購01  ,0,0,0,0,0,0,0,0,0,-5000,0,0,0,0,5000,-5000,-5000
046890,瑞昱群益93購02  ,0,0,0,0,0,0,0,0,0,-5000,0,0,0,45000,50000,-5000,-5000
045700,道瓊指中信94購01,0,0,0,0,0,0,0,0,0,-5000,0,0,0,0,5000,-5000,-5000
044530,台積電富邦94購01,0,0,0,0,0,0,0,0,0,-5000,0,0,0,0,5000,-5000,-5000
042346,創意富邦92購01  ,0,0,0,0,0,0,0,0,0,-5000,0,0,0,2000,7000,-5000,-5000
04237P,超眾群益93售02  ,0,0,0,0,0,0,0,0,0,-5000,0,0,0,0,5000,-5000,-5000
042734,大立光兆豐92購02,0,0,0,0,0,0,0,0,0,-5000,0,0,0,0,5000,-5000,-5000
043650,喬山國泰93購02  ,0,0,0,0,0,0,0,0,0,-5000,0,0,0,217000,222000,-5000,-5000
043972,大立光富邦93購02,0,0,0,0,0,0,0,0,0,-5000,0,0,0,45000,50000,-5000,-5000
039900,上証2X國泰92購01,0,0,0,0,0,0,0,0,0,-5000,0,0,0,13000,18000,-5000,-5000
049236,元油2X元富96購06,0,0,0,0,0,0,0,0,0,-5000,0,0,0,0,5000,-5000,-5000
049259,聯發科元大94購04,0,0,0,0,0,0,0,0,0,-5000,0,0,0,28000,33000,-5000,-5000
049389,元石油中信97購02,0,0,0,0,0,0,0,0,0,-5000,0,0,0,0,5000,-5000,-5000
049084,欣興凱基94購03  ,0,0,0,0,0,0,0,0,0,-5000,0,0,0,1000,6000,-5000,-5000
048781,臺股指凱基96購01,0,0,0,0,0,0,0,0,0,-5000,0,0,0,0,5000,-5000,-5000
048089,智邦凱基93購10  ,0,0,0,0,0,0,0,0,0,-5000,0,0,0,0,5000,-5000,-5000
047483,新光金凱基99購04,0,0,0,0,0,0,0,0,0,-5000,0,0,0,400000,405000,-5000,-5000
047078,上海銀兆豐93購01,0,0,0,0,0,0,0,0,0,-5000,0,0,0,1000,6000,-5000,-5000
047049,聯發科國票94購01,0,0,0,0,0,0,0,0,0,-5000,0,0,0,0,5000,-5000,-5000
049354,致新永豐94購01  ,0,0,0,0,0,0,0,0,0,-5000,0,0,0,14000,19000,-5000,-5000
049858,百和群益94購05  ,0,0,0,0,0,0,0,0,0,-5000,0,0,0,0,5000,-5000,-5000
049625,智易群益95購01  ,0,0,0,0,0,0,0,0,0,-5000,0,0,0,5000,10000,-5000,-5000
049640,大成鋼凱基94購02,0,0,0,0,0,0,0,0,0,-5000,0,0,0,5000,10000,-5000,-5000
050577,美律國票94購03  ,0,0,0,0,0,0,0,0,0,-5000,0,0,0,5000,10000,-5000,-5000
050656,瑞儀凱基96購01  ,0,0,0,0,0,0,0,0,0,-5000,0,0,0,0,5000,-5000,-5000
050686,欣興兆豐96購01  ,0,0,0,0,0,0,0,0,0,-5000,0,0,0,15000,20000,-5000,-5000
050236,旺宏凱基94購06  ,0,0,0,0,0,0,0,0,0,-5000,0,0,0,31000,36000,-5000,-5000
047348,台光電凱基94購02,0,0,0,0,0,0,0,0,0,-5000,0,0,0,0,5000,-5000,-5000
047758,康舒元富93購01  ,0,0,0,0,0,0,0,0,0,-5000,0,0,0,0,5000,-5000,-5000
047503,T50反1國票93購03,0,0,0,0,0,0,0,0,0,-5000,0,0,0,0,5000,-5000,-5000
04766P,緯穎永豐94售02  ,0,0,0,0,0,0,0,0,0,-5000,0,0,0,0,5000,-5000,-5000
048307,道瓊指凱基93購01,0,0,0,0,0,0,0,0,0,-5000,0,0,0,0,5000,-5000,-5000
047404,香港2X統一94購01,0,0,0,0,0,0,0,0,0,-5000,0,0,0,0,5000,-5000,-5000
053058,台光電永昌99購01,0,0,0,0,0,0,0,0,0,-5000,0,0,0,5000,10000,-5000,-5000
052888,台表科中信9A購01,0,0,0,0,0,0,0,0,0,-5000,0,0,0,10000,15000,-5000,-5000
052567,台積電凱基96購05,0,0,0,0,0,0,0,0,0,-5000,0,0,0,35000,40000,-5000,-5000
052611,力成元大96購02  ,0,0,0,0,0,0,0,0,0,-5000,0,0,0,0,5000,-5000,-5000
052668,聯發科群益97購01,0,0,0,0,0,0,0,0,0,-5000,0,0,0,21000,26000,-5000,-5000
052755,滬深2X群益9A購01,0,0,0,0,0,0,0,0,0,-5000,0,0,0,0,5000,-5000,-5000
052797,樺漢兆豐96購01  ,0,0,0,0,0,0,0,0,0,-5000,0,0,0,0,5000,-5000,-5000
052798,滬深2X元大96購07,0,0,0,0,0,0,0,0,0,-5000,0,0,0,0,5000,-5000,-5000
052839,上海銀國泰97購01,0,0,0,0,0,0,0,0,0,-5000,0,0,0,0,5000,-5000,-5000
05332P,臺股指國票95售01,0,0,0,0,0,0,0,0,0,-5000,0,0,0,51000,56000,-5000,-5000
053341,聯發科國票97購03,0,0,0,0,0,0,0,0,0,-5000,0,0,0,20000,25000,-5000,-5000
053645,臺股指國票96購08,0,0,0,0,0,0,0,0,0,-5000,0,0,0,0,5000,-5000,-5000
053580,國巨元大96購10  ,0,0,0,0,0,0,0,0,0,-5000,0,0,0,19000,24000,-5000,-5000
051734,台積電國票95購04,0,0,0,0,0,0,0,0,0,-5000,0,0,0,5000,10000,-5000,-5000
052004,泰碩國泰97購03  ,0,0,0,0,0,0,0,0,0,-5000,0,0,0,18000,23000,-5000,-5000
052005,矽力國泰97購02  ,0,0,0,0,0,0,0,0,0,-5000,0,0,0,51000,56000,-5000,-5000
052326,滬深反中信99購01,0,0,0,0,0,0,0,0,0,-5000,0,0,0,5000,10000,-5000,-5000
052172,致茂元大95購01  ,0,0,0,0,0,0,0,0,0,-5000,0,0,0,1000,6000,-5000,-5000
052196,TPK元富95購01   ,0,0,0,0,0,0,0,0,0,-5000,0,0,0,0,5000,-5000,-5000
051115,華通麥證96購01  ,0,0,0,7000,12000,-5000,0,0,0,-5000,0,0,0,7000,12000,-5000,-5000
051298,智邦凱基95購03  ,0,0,0,0,0,0,0,0,0,-5000,0,0,0,0,5000,-5000,-5000
051362,台郡元大95購04  ,0,0,0,0,0,0,0,0,0,-5000,0,0,0,0,5000,-5000,-5000
5283,禾聯碩          ,6000,10000,-4000,0,0,0,0,0,0,-1000,0,1000,-1000,0,0,0,-5000
1714,和桐            ,394000,386000,8000,0,0,0,0,0,0,-13000,0,13000,-13000,0,0,0,-5000
2427,三商電          ,1000,0,1000,0,0,0,0,0,0,-6000,1000,7000,-6000,0,0,0,-5000
2358,廷鑫            ,0,4000,-4000,0,0,0,0,0,0,-1000,0,1000,-1000,0,0,0,-5000
6216,居易            ,0,5000,-5000,0,0,0,0,0,0,0,0,0,0,0,0,0,-5000
06348P,鈺齊元富97售02  ,0,0,0,0,0,0,0,0,0,-6000,0,0,0,0,6000,-6000,-6000
1535,中宇            ,3000,9000,-6000,0,0,0,0,0,0,0,0,0,0,0,0,0,-6000
06172P,台虹永豐97售02  ,0,0,0,0,0,0,0,0,0,-6000,0,0,0,68000,74000,-6000,-6000
05905P,晶技統一97售01  ,0,0,0,0,0,0,0,0,0,-6000,0,0,0,65000,71000,-6000,-6000
05774P,臺股指凱基99售04,0,0,0,0,0,0,0,0,0,-6000,0,0,0,16000,22000,-6000,-6000
055265,玉晶光永豐98購03,0,0,0,0,0,0,0,0,0,-6000,0,0,0,55000,61000,-6000,-6000
055492,華新科元大97購08,0,0,0,0,0,0,0,0,0,-6000,0,0,0,3000,9000,-6000,-6000
055538,鴻海日盛97購04  ,0,0,0,0,0,0,0,0,0,-6000,0,0,0,6000,12000,-6000,-6000
055452,台積電元富97購03,0,0,0,0,0,0,0,0,0,-6000,0,0,0,4000,10000,-6000,-6000
055683,晶技凱基99購01  ,0,0,0,0,0,0,0,0,0,-6000,0,0,0,0,6000,-6000,-6000
055929,聯發科群益97購05,0,0,0,0,0,0,0,0,0,-6000,0,0,0,0,6000,-6000,-6000
05620P,大立光富邦9B售01,0,0,0,0,0,0,0,0,0,-6000,0,0,0,0,6000,-6000,-6000
05492P,聯茂元大95售02  ,0,0,0,0,0,0,0,0,0,-6000,0,0,0,0,6000,-6000,-6000
054927,帆宣凱基97購01  ,0,0,0,0,0,0,0,0,0,-6000,0,0,0,7000,13000,-6000,-6000
054861,智邦群益97購01  ,0,0,0,0,0,0,0,0,0,-6000,0,0,0,72000,78000,-6000,-6000
054838,京鼎第一97購01  ,0,0,0,0,0,0,0,0,0,-6000,0,0,0,73000,79000,-6000,-6000
05445P,聯詠元大95售05  ,0,0,0,0,0,0,0,0,0,-6000,0,0,0,8000,14000,-6000,-6000
053896,麗豐群益97購01  ,0,0,0,0,0,0,0,0,0,-6000,0,0,0,10000,16000,-6000,-6000
03635C,滬深2X元富99牛01,0,0,0,0,0,0,0,0,0,-6000,0,0,0,100000,106000,-6000,-6000
044275,欣興群益92購01  ,0,0,0,0,0,0,0,0,0,-6000,0,0,0,0,6000,-6000,-6000
04375P,卜蜂元大94售01  ,0,0,0,0,0,0,0,0,0,-6000,0,0,0,0,6000,-6000,-6000
045748,臺股指永豐92購01,0,0,0,0,0,0,0,0,0,-6000,0,0,0,0,6000,-6000,-6000
044184,南亞科國泰93購01,0,0,0,0,0,0,0,0,0,-6000,0,0,0,0,6000,-6000,-6000
042793,台積電台新9C購01,0,0,0,0,0,0,0,0,0,-6000,0,0,0,0,6000,-6000,-6000
042979,奇力新凱基92購01,0,0,0,0,0,0,0,0,0,-6000,0,0,0,0,6000,-6000,-6000
049044,和碩兆豐94購01  ,0,0,0,0,0,0,0,0,0,-6000,0,0,0,0,6000,-6000,-6000
049040,亞光兆豐95購01  ,0,0,0,0,0,0,0,0,0,-6000,0,0,0,7000,13000,-6000,-6000
045179,義隆永豐92購02  ,0,0,0,0,0,0,0,0,0,-6000,0,0,0,0,6000,-6000,-6000
045436,友達統一93購02  ,0,0,0,0,0,0,0,0,0,-6000,0,0,0,0,6000,-6000,-6000
048284,臺股指中信95購04,0,0,0,0,0,0,0,0,0,-6000,0,0,0,0,6000,-6000,-6000
047566,華新科國票94購02,0,0,0,0,0,0,0,0,0,-6000,0,0,0,0,6000,-6000,-6000
050507,聯詠凱基94購06  ,0,0,0,0,0,0,0,0,0,-6000,0,0,0,0,6000,-6000,-6000
050395,大立光元富94購10,0,0,0,0,0,0,0,0,0,-6000,0,0,0,0,6000,-6000,-6000
050425,國巨凱基94購12  ,0,0,0,0,0,0,0,0,0,-6000,0,0,0,5000,11000,-6000,-6000
05074P,鴻海麥證95售01  ,0,0,0,0,6000,-6000,0,0,0,-6000,0,0,0,0,6000,-6000,-6000
049691,可成元大94購06  ,0,0,0,0,0,0,0,0,0,-6000,0,0,0,31000,37000,-6000,-6000
04949P,致新元大94售04  ,0,0,0,0,0,0,0,0,0,-6000,0,0,0,112000,118000,-6000,-6000
049835,緯穎凱基94購05  ,0,0,0,0,0,0,0,0,0,-6000,0,0,0,0,6000,-6000,-6000
050196,嘉聯益元大97購01,0,0,0,0,0,0,0,0,0,-6000,0,0,0,0,6000,-6000,-6000
047484,聯詠凱基93購03  ,0,0,0,0,0,0,0,0,0,-6000,0,0,0,1000,7000,-6000,-6000
047468,為升中信95購01  ,0,0,0,0,0,0,0,0,0,-6000,0,0,0,15000,21000,-6000,-6000
050128,旺宏凱基94購04  ,0,0,0,0,0,0,0,0,0,-6000,0,0,0,3000,9000,-6000,-6000
049977,瑞昱凱基94購03  ,0,0,0,0,0,0,0,0,0,-6000,0,0,0,10000,16000,-6000,-6000
049127,上海銀元富94購01,0,0,0,0,0,0,0,0,0,-6000,0,0,0,0,6000,-6000,-6000
047836,國泰金元大93購01,0,0,0,0,0,0,0,0,0,-6000,0,0,0,5000,11000,-6000,-6000
049934,緯穎元大94購08  ,0,0,0,0,0,0,0,0,0,-6000,0,0,0,53000,59000,-6000,-6000
049930,上海銀元大94購02,0,0,0,0,0,0,0,0,0,-6000,0,0,0,0,6000,-6000,-6000
051366,康友國泰97購01  ,0,0,0,0,0,0,0,0,0,-6000,0,0,0,58000,64000,-6000,-6000
051159,力山元大96購01  ,0,0,0,0,0,0,0,0,0,-6000,0,0,0,18000,24000,-6000,-6000
051003,中環中信97購01  ,0,0,0,0,0,0,0,0,0,-6000,0,0,0,4000,10000,-6000,-6000
05093P,可成元大95售03  ,0,0,0,0,0,0,0,0,0,-6000,0,0,0,61000,67000,-6000,-6000
052337,臺股指日盛95購02,0,0,0,0,0,0,0,0,0,-6000,0,0,0,0,6000,-6000,-6000
052457,日月光元富95購01,0,0,0,0,0,0,0,0,0,-6000,0,0,0,0,6000,-6000,-6000
052400,聯詠凱基97購01  ,0,0,0,0,0,0,0,0,0,-6000,0,0,0,0,6000,-6000,-6000
052402,健策凱基97購01  ,0,0,0,0,0,0,0,0,0,-6000,0,0,0,11000,17000,-6000,-6000
053777,台積電元大96購20,0,0,0,0,0,0,0,0,0,-6000,0,0,0,10000,16000,-6000,-6000
053361,友達元富99購01  ,0,0,0,0,0,0,0,0,0,-6000,0,0,0,20000,26000,-6000,-6000
053365,彩晶國泰98購01  ,0,0,0,0,0,0,0,0,0,-6000,0,0,0,4000,10000,-6000,-6000
053443,智邦凱基97購01  ,0,0,0,0,0,0,0,0,0,-6000,0,0,0,48000,54000,-6000,-6000
052551,台積電國票97購03,0,0,0,0,0,0,0,0,0,-6000,0,0,0,4000,10000,-6000,-6000
05289P,鴻海永豐95售05  ,0,0,0,0,0,0,0,0,0,-6000,0,0,0,0,6000,-6000,-6000
6224,聚鼎            ,8000,24000,-16000,0,0,0,12000,0,12000,-2000,0,2000,-2000,0,0,0,-6000
2433,互盛電          ,2000,8000,-6000,0,0,0,0,0,0,0,0,0,0,0,0,0,-6000
2496,卓越            ,0,6000,-6000,0,0,0,0,0,0,0,0,0,0,0,0,0,-6000
2476,鉅祥            ,0,6000,-6000,0,0,0,0,0,0,0,0,0,0,0,0,0,-6000
2062,橋椿            ,2000,4000,-2000,0,0,0,0,0,0,-4000,0,4000,-4000,0,0,0,-6000
5284,jpp-KY          ,2000,8000,-6000,0,0,0,0,0,0,0,0,0,0,0,0,0,-6000
5007,三星            ,0,1000,-1000,0,0,0,0,0,0,-5000,0,5000,-5000,0,0,0,-6000
3167,大量            ,2000,8000,-6000,0,0,0,0,0,0,0,0,0,0,0,0,0,-6000
054073,群創富邦96購03  ,0,0,0,0,0,0,0,0,0,-7000,0,0,0,4000,11000,-7000,-7000
054168,貿聯凱基97購02  ,0,0,0,0,0,0,0,0,0,-7000,0,0,0,20000,27000,-7000,-7000
054547,鴻海凱基98購02  ,0,0,0,0,0,0,0,0,0,-7000,0,0,0,0,7000,-7000,-7000
054689,華新科永豐97購01,0,0,0,0,0,0,0,0,0,-7000,0,0,0,27000,34000,-7000,-7000
055960,義隆元大97購01  ,0,0,0,0,0,0,0,0,0,-7000,0,0,0,16000,23000,-7000,-7000
055955,微星元大97購01  ,0,0,0,0,0,0,0,0,0,-7000,0,0,0,0,7000,-7000,-7000
055924,深中小群益9B購01,0,0,0,0,0,0,0,0,0,-7000,0,0,0,0,7000,-7000,-7000
055474,欣興凱基97購05  ,0,0,0,0,0,0,0,0,0,-7000,0,0,0,0,7000,-7000,-7000
06243P,亞光元富97售01  ,0,0,0,0,0,0,0,0,0,-7000,0,0,0,0,7000,-7000,-7000
06129P,玉晶光元富97售06,0,0,0,0,0,0,0,0,0,-7000,0,0,0,35000,42000,-7000,-7000
06083P,華通統一98售02  ,0,0,0,0,0,0,0,0,0,-7000,0,0,0,46000,53000,-7000,-7000
049042,玉晶光兆豐95購01,0,0,0,0,0,0,0,0,0,-7000,0,0,0,63000,70000,-7000,-7000
048822,燿華凱基94購03  ,0,0,0,0,0,0,0,0,0,-7000,0,0,0,0,7000,-7000,-7000
048583,智原富邦98購01  ,0,0,0,0,0,0,0,0,0,-7000,0,0,0,13000,20000,-7000,-7000
046301,亞泥元大92購02  ,0,0,0,0,0,0,0,0,0,-7000,0,0,0,0,7000,-7000,-7000
044702,緯創元大91購02  ,0,0,0,0,0,0,0,0,0,-7000,0,0,0,0,7000,-7000,-7000
045499,技嘉凱基92購02  ,0,0,0,0,0,0,0,0,0,-7000,0,0,0,33000,40000,-7000,-7000
04339P,欣興元大93售08  ,0,0,0,0,0,0,0,0,0,-7000,0,0,0,0,7000,-7000,-7000
03553P,可成元富08售03  ,0,0,0,0,0,0,0,0,0,-7000,0,0,0,0,7000,-7000,-7000
048883,玉晶光統一94購01,0,0,0,0,0,0,0,0,0,-7000,0,0,0,0,7000,-7000,-7000
049092,聯茂凱基94購07  ,0,0,0,0,0,0,0,0,0,-7000,0,0,0,0,7000,-7000,-7000
050039,鴻海中信94購03  ,0,0,0,0,0,0,0,0,0,-7000,0,0,0,3000,10000,-7000,-7000
048105,滬深2X群益99購02,0,0,0,0,0,0,0,0,0,-7000,0,0,0,1000,8000,-7000,-7000
04708P,國巨元大94售11  ,0,0,0,0,0,0,0,0,0,-7000,0,0,0,0,7000,-7000,-7000
049764,TPK國泰95購01   ,0,0,0,0,0,0,0,0,0,-7000,0,0,0,2000,9000,-7000,-7000
049561,道瓊銀統一96購01,0,0,0,0,0,0,0,0,0,-7000,0,0,0,53000,60000,-7000,-7000
050932,台塑國票96購01  ,0,0,0,0,0,0,0,0,0,-7000,0,0,0,0,7000,-7000,-7000
050939,健鼎國票96購01  ,0,0,0,0,0,0,0,0,0,-7000,0,0,0,147000,154000,-7000,-7000
050823,信邦凱基95購01  ,0,0,0,0,0,0,0,0,0,-7000,0,0,0,73000,80000,-7000,-7000
050489,聯詠元富94購01  ,0,0,0,0,0,0,0,0,0,-7000,0,0,0,0,7000,-7000,-7000
050252,聯發科國泰95購01,0,0,0,0,0,0,0,0,0,-7000,0,0,0,60000,67000,-7000,-7000
04709P,台積電元大94售15,0,0,0,0,0,0,0,0,0,-7000,0,0,0,5000,12000,-7000,-7000
048210,鴻海日盛93購01  ,0,0,0,0,0,0,0,0,0,-7000,0,0,0,0,7000,-7000,-7000
047187,亞光元大94購01  ,0,0,0,0,0,0,0,0,0,-7000,0,0,0,8000,15000,-7000,-7000
049319,GIS凱基94購03   ,0,0,0,0,0,0,0,0,0,-7000,0,0,0,3000,10000,-7000,-7000
052963,智邦凱基96購02  ,0,0,0,0,0,0,0,0,0,-7000,0,0,0,22000,29000,-7000,-7000
052535,日月光國泰96購01,0,0,0,0,0,0,0,0,0,-7000,0,0,0,10000,17000,-7000,-7000
052502,瀚宇博永豐95購02,0,0,0,0,0,0,0,0,0,-7000,0,0,0,26000,33000,-7000,-7000
052653,臺股指永豐97購01,0,0,0,0,0,0,0,0,0,-7000,0,0,0,36000,43000,-7000,-7000
052845,旺宏統一97購01  ,0,0,0,0,0,0,0,0,0,-7000,0,0,0,45000,52000,-7000,-7000
053411,深中小國票9B購01,0,0,0,0,0,0,0,0,0,-7000,0,0,0,200000,207000,-7000,-7000
053233,大立光永豐96購01,0,0,0,0,0,0,0,0,0,-7000,0,0,0,0,7000,-7000,-7000
053783,聯發科元大96購17,0,0,0,0,0,0,0,0,0,-7000,0,0,0,19000,26000,-7000,-7000
05208P,TPK中信95售01   ,0,0,0,0,0,0,0,0,0,-7000,0,0,0,40000,47000,-7000,-7000
052074,鴻海元富95購10  ,0,0,0,0,0,0,0,0,0,-7000,0,0,0,0,7000,-7000,-7000
051916,和碩元大95購02  ,0,0,0,0,0,0,0,0,0,-7000,0,0,0,13000,20000,-7000,-7000
051777,聯發科群益95購04,0,0,0,0,0,0,0,0,0,-7000,0,0,0,97000,104000,-7000,-7000
051822,和碩元富95購01  ,0,0,0,0,0,0,0,0,0,-7000,0,0,0,9000,16000,-7000,-7000
051799,台積電永豐96購01,0,0,0,0,0,0,0,0,0,-7000,0,0,0,0,7000,-7000,-7000
051400,國巨永豐95購01  ,0,0,0,0,0,0,0,0,0,-7000,0,0,0,25000,32000,-7000,-7000
2851,中再保          ,5000,12000,-7000,0,0,0,0,0,0,0,0,0,0,0,0,0,-7000
1603,華電            ,3000,10000,-7000,0,0,0,0,0,0,0,0,0,0,0,0,0,-7000
6115,鎰勝            ,3000,10000,-7000,0,0,0,0,0,0,0,0,0,0,0,0,0,-7000
06087P,國巨永豐97售01  ,0,0,0,0,0,0,0,0,0,-8000,0,0,0,0,8000,-8000,-8000
1232,大統益          ,0,18000,-18000,0,0,0,7000,0,7000,3000,3000,0,3000,0,0,0,-8000
05925P,晶技永豐96售03  ,0,0,0,0,0,0,0,0,0,-8000,0,0,0,55000,63000,-8000,-8000
055410,元油反富邦9A購01,0,0,0,0,0,0,0,0,0,-8000,0,0,0,0,8000,-8000,-8000
055363,緯穎凱基98購03  ,0,0,0,0,0,0,0,0,0,-8000,0,0,0,0,8000,-8000,-8000
054858,台肥群益97購01  ,0,0,0,0,0,0,0,0,0,-8000,0,0,0,3000,11000,-8000,-8000
05513P,玉山金台新96售01,0,0,0,0,0,0,0,0,0,-8000,0,0,0,0,8000,-8000,-8000
054439,健策台新96購03  ,0,0,0,0,0,0,0,0,0,-8000,0,0,0,0,8000,-8000,-8000
053973,晶豪科元大96購01,0,0,0,0,0,0,0,0,0,-8000,0,0,0,0,8000,-8000,-8000
03417B,臺股指凱基95熊19,0,0,0,0,0,0,0,0,0,-8000,0,0,0,12000,20000,-8000,-8000
00663L,國泰臺灣加權正2 ,0,0,0,0,0,0,0,0,0,-8000,0,0,0,0,8000,-8000,-8000
00657,國泰日經225     ,0,0,0,0,0,0,0,0,0,-8000,0,0,0,102000,110000,-8000,-8000
04344P,台達電國泰94售01,0,0,0,0,0,0,0,0,0,-8000,0,0,0,1000,9000,-8000,-8000
04229P,臺股指中信95售05,0,0,0,0,0,0,0,0,0,-8000,0,0,0,0,8000,-8000,-8000
045575,智邦元大92購06  ,0,0,0,0,0,0,0,0,0,-8000,0,0,0,2000,10000,-8000,-8000
043012,義隆元大92購01  ,0,0,0,0,0,0,0,0,0,-8000,0,0,0,0,8000,-8000,-8000
04301P,微星中信93售01  ,0,0,0,0,0,0,0,0,0,-8000,0,0,0,0,8000,-8000,-8000
045003,亞泥元大92購01  ,0,0,0,0,0,0,0,0,0,-8000,0,0,0,0,8000,-8000,-8000
045873,元油2X元富98購04,0,0,0,0,0,0,0,0,0,-8000,0,0,0,16000,24000,-8000,-8000
047034,東陽群益93購01  ,0,0,0,0,0,0,0,0,0,-8000,0,0,0,37000,45000,-8000,-8000
048604,美利達國票94購02,0,0,0,0,0,0,0,0,0,-8000,0,0,0,30000,38000,-8000,-8000
048566,上海銀元大93購04,0,0,0,0,0,0,0,0,0,-8000,0,0,0,0,8000,-8000,-8000
048812,上証2X凱基96購01,0,0,0,0,0,0,0,0,0,-8000,0,0,0,111000,119000,-8000,-8000
048316,可成凱基93購15  ,0,0,0,0,0,0,0,0,0,-8000,0,0,0,12000,20000,-8000,-8000
048232,GIS凱基93購07   ,0,0,0,0,0,0,0,0,0,-8000,0,0,0,0,8000,-8000,-8000
04820P,聯茂永豐94售02  ,0,0,0,0,0,0,0,0,0,-8000,0,0,0,27000,35000,-8000,-8000
049412,為升凱基94購01  ,0,0,0,0,0,0,0,0,0,-8000,0,0,0,12000,20000,-8000,-8000
047557,麗豐凱基94購02  ,0,0,0,0,0,0,0,0,0,-8000,0,0,0,2000,10000,-8000,-8000
047696,聯發科國票94購02,0,0,0,0,0,0,0,0,0,-8000,0,0,0,52000,60000,-8000,-8000
050243,華新科凱基94購10,0,0,0,0,0,0,0,0,0,-8000,0,0,0,58000,66000,-8000,-8000
050536,亞泥凱基95購01  ,0,0,0,0,0,0,0,0,0,-8000,0,0,0,0,8000,-8000,-8000
049700,瀚宇博元大97購01,0,0,0,0,0,0,0,0,0,-8000,0,0,0,13000,21000,-8000,-8000
049843,康友中信95購01  ,0,0,0,0,0,0,0,0,0,-8000,0,0,0,15000,23000,-8000,-8000
048088,台積電凱基93購23,0,0,0,0,0,0,0,0,0,-8000,0,0,0,0,8000,-8000,-8000
048103,GIS凱基93購06   ,0,0,0,0,0,0,0,0,0,-8000,0,0,0,0,8000,-8000,-8000
047932,麗豐凱基93購01  ,0,0,0,0,0,0,0,0,0,-8000,0,0,0,2000,10000,-8000,-8000
051446,中壽元大96購01  ,0,0,0,0,0,0,0,0,0,-8000,0,0,0,0,8000,-8000,-8000
052108,鴻海元富95購11  ,0,0,0,0,0,0,0,0,0,-8000,0,0,0,0,8000,-8000,-8000
052745,欣興元大96購04  ,0,0,0,0,0,0,0,0,0,-8000,0,0,0,3000,11000,-8000,-8000
053006,玉晶光永豐96購03,0,0,0,0,0,0,0,0,0,-8000,0,0,0,4000,12000,-8000,-8000
053080,力山元大96購02  ,0,0,0,0,0,0,0,0,0,-8000,0,0,0,0,8000,-8000,-8000
9942,茂順            ,3000,5000,-2000,0,0,0,0,0,0,-6000,0,6000,-6000,0,0,0,-8000
2009,第一銅          ,2000,10000,-8000,0,0,0,0,0,0,0,0,0,0,0,0,0,-8000
2102,泰豐            ,43000,50000,-7000,0,0,0,0,0,0,-1000,0,1000,-1000,0,0,0,-8000
2484,希華            ,54000,64000,-10000,0,0,0,0,0,0,2000,6000,4000,2000,0,0,0,-8000
2460,建通            ,0,6000,-6000,0,0,0,0,0,0,-2000,0,2000,-2000,0,0,0,-8000
2816,旺旺保          ,5000,13000,-8000,0,0,0,0,0,0,0,0,0,0,0,0,0,-8000
3006,晶豪科          ,219000,319000,-100000,0,0,0,331000,40000,291000,-199000,3000,47000,-44000,25000,180000,-155000,-8000
4989,榮科            ,7000,15000,-8000,0,0,0,0,0,0,0,0,0,0,0,0,0,-8000
4137,麗豐-KY         ,33000,27000,6000,0,0,0,0,0,0,-14000,0,0,0,1000,15000,-14000,-8000
1439,中和            ,12000,26000,-14000,0,0,0,5589,0,5589,0,0,0,0,0,0,0,-8411
06060P,玉晶光元大97售03,0,0,0,0,0,0,0,0,0,-9000,0,0,0,0,9000,-9000,-9000
06246P,茂林元富97售03  ,0,0,0,0,0,0,0,0,0,-9000,0,0,0,106000,115000,-9000,-9000
06240P,奇力新元富97售03,0,0,0,0,0,0,0,0,0,-9000,0,0,0,0,9000,-9000,-9000
055376,群創元大01購01  ,0,0,0,0,0,0,0,0,0,-9000,0,0,0,50000,59000,-9000,-9000
055468,智邦凱基97購04  ,0,0,0,0,0,0,0,0,0,-9000,0,0,0,0,9000,-9000,-9000
055546,台積電凱基97購12,0,0,0,0,0,0,0,0,0,-9000,0,0,0,1000,10000,-9000,-9000
055779,國泰金凱基97購02,0,0,0,0,0,0,0,0,0,-9000,0,0,0,0,9000,-9000,-9000
053884,緯穎第一96購01  ,0,0,0,0,0,0,0,0,0,-9000,0,0,0,11000,20000,-9000,-9000
053873,力成元大96購03  ,0,0,0,0,0,0,0,0,0,-9000,0,0,0,1000,10000,-9000,-9000
054175,高鐵台新97購01  ,0,0,0,0,0,0,0,0,0,-9000,0,0,0,0,9000,-9000,-9000
055190,華新科元富97購01,0,0,0,0,0,0,0,0,0,-9000,0,0,0,22000,31000,-9000,-9000
05476P,聯發科群益95售06,0,0,0,0,0,0,0,0,0,-9000,0,0,0,0,9000,-9000,-9000
045293,鴻海元大94購01  ,0,0,0,0,0,0,0,0,0,-9000,0,0,0,0,9000,-9000,-9000
044723,瑞昱永豐91購02  ,0,0,0,0,0,0,0,0,0,-9000,0,0,0,0,9000,-9000,-9000
045914,超眾國票93購01  ,0,0,0,0,0,0,0,0,0,-9000,0,0,0,91000,100000,-9000,-9000
045932,亞泥群益92購01  ,0,0,0,0,0,0,0,0,0,-9000,0,0,0,0,9000,-9000,-9000
042916,佐登元大94購01  ,0,0,0,0,0,0,0,0,0,-9000,0,0,0,71000,80000,-9000,-9000
04574P,台達電統一94售05,0,0,0,0,0,0,0,0,0,-9000,0,0,0,1000,10000,-9000,-9000
045674,友達元大92購03  ,0,0,0,0,0,0,0,0,0,-9000,0,0,0,1000,10000,-9000,-9000
04464P,可成元富94售04  ,0,0,0,0,0,0,0,0,0,-9000,0,0,0,10000,19000,-9000,-9000
006203,元大MSCI台灣    ,0,1000,-1000,0,0,0,0,0,0,-8000,0,0,0,0,8000,-8000,-9000
00752,中信中國50      ,0,4000,-4000,0,0,0,0,0,0,-5000,0,0,0,539000,544000,-5000,-9000
035277,景碩台新97購01  ,0,0,0,0,0,0,0,0,0,-9000,0,0,0,0,9000,-9000,-9000
049179,高鐵凱基94購01  ,0,0,0,0,0,0,0,0,0,-9000,0,0,0,0,9000,-9000,-9000
04875P,台積電中信94售04,0,0,0,0,0,0,0,0,0,-9000,0,0,0,0,9000,-9000,-9000
049228,台塑富邦94購01  ,0,0,0,0,0,0,0,0,0,-9000,0,0,0,1000,10000,-9000,-9000
047087,亞泥元富93購01  ,0,0,0,0,0,0,0,0,0,-9000,0,0,0,0,9000,-9000,-9000
05017P,臺股指元大95售08,0,0,0,0,0,0,0,0,0,-9000,0,0,0,0,9000,-9000,-9000
050172,臺指反元大98購02,0,0,0,0,0,0,0,0,0,-9000,0,0,0,1000,10000,-9000,-9000
049784,台積電兆豐94購05,0,0,0,0,0,0,0,0,0,-9000,0,0,0,0,9000,-9000,-9000
049522,華通兆豐94購02  ,0,0,0,0,0,0,0,0,0,-9000,0,0,0,0,9000,-9000,-9000
050448,義隆元大94購04  ,0,0,0,0,0,0,0,0,0,-9000,0,0,0,26000,35000,-9000,-9000
050866,景碩永豐95購01  ,0,0,0,0,0,0,0,0,0,-9000,0,0,0,0,9000,-9000,-9000
050773,京鼎元大94購02  ,0,0,0,0,0,0,0,0,0,-9000,0,0,0,55000,64000,-9000,-9000
047677,亞德客台新93購01,0,0,0,0,0,0,0,0,0,-9000,0,0,0,0,9000,-9000,-9000
047107,上銀元大93購04  ,0,0,0,0,0,0,0,0,0,-9000,0,0,0,11000,20000,-9000,-9000
048276,旺宏永豐94購01  ,0,0,0,0,0,0,0,0,0,-9000,0,0,0,0,9000,-9000,-9000
048297,GIS群益93購02   ,0,0,0,0,0,0,0,0,0,-9000,0,0,0,0,9000,-9000,-9000
053045,國巨中信97購01  ,0,0,0,0,0,0,0,0,0,-9000,0,0,0,19000,28000,-9000,-9000
053157,日月光元大96購03,0,0,0,0,0,0,0,0,0,-9000,0,0,0,0,9000,-9000,-9000
052741,聯發科元大96購08,0,0,0,0,0,0,0,0,0,-9000,0,0,0,27000,36000,-9000,-9000
052641,聯詠台新96購01  ,0,0,0,0,0,0,0,0,0,-9000,0,0,0,0,9000,-9000,-9000
053257,華通富邦97購01  ,0,0,0,0,0,0,0,0,0,-9000,0,0,0,10000,19000,-9000,-9000
053442,光罩凱基96購01  ,0,0,0,0,0,0,0,0,0,-9000,0,0,0,71000,80000,-9000,-9000
052385,滬深2X群益99購05,0,0,0,0,0,0,0,0,0,-9000,0,0,0,1000,10000,-9000,-9000
05168P,鴻海元大95售14  ,0,0,0,0,0,0,0,0,0,-9000,0,0,0,69000,78000,-9000,-9000
051915,日月光元大96購01,0,0,0,0,0,0,0,0,0,-9000,0,0,0,2000,11000,-9000,-9000
051906,國巨元大95購09  ,0,0,0,0,0,0,0,0,0,-9000,0,0,0,2000,11000,-9000,-9000
051593,和碩元大95購01  ,0,0,0,0,0,0,0,0,0,-9000,0,0,0,0,9000,-9000,-9000
050981,GIS元富95購01   ,0,0,0,0,0,0,0,0,0,-9000,0,0,0,0,9000,-9000,-9000
051137,聯詠永豐95購01  ,0,0,0,0,0,0,0,0,0,-9000,0,0,0,1000,10000,-9000,-9000
5515,建國            ,0,9000,-9000,0,0,0,0,0,0,0,0,0,0,0,0,0,-9000
2373,震旦行          ,0,9000,-9000,0,0,0,0,0,0,0,0,0,0,0,0,0,-9000
2010,春源            ,0,9000,-9000,0,0,0,0,0,0,0,0,0,0,0,0,0,-9000
1614,三洋電          ,1000,10000,-9000,0,0,0,0,0,0,0,0,0,0,0,0,0,-9000
1721,三晃            ,0,9000,-9000,0,0,0,0,0,0,0,0,0,0,0,0,0,-9000
9906,欣巴巴          ,1000,10000,-9000,0,0,0,0,0,0,0,0,0,0,0,0,0,-9000
6491,晶碩            ,1000,10000,-9000,0,0,0,0,0,0,0,0,0,0,0,0,0,-9000
054746,貿聯凱基98購02  ,0,0,0,0,0,0,0,0,0,-10000,0,0,0,0,10000,-10000,-10000
05475P,聯茂亞東95售01  ,0,0,0,0,0,0,0,0,0,-10000,0,0,0,0,10000,-10000,-10000
054751,GIS凱基98購01   ,0,0,0,0,0,0,0,0,0,-10000,0,0,0,0,10000,-10000,-10000
054753,復盛凱基98購01  ,0,0,0,0,0,0,0,0,0,-10000,0,0,0,22000,32000,-10000,-10000
054810,中橡元大9A購01  ,0,0,0,0,0,0,0,0,0,-10000,0,0,0,0,10000,-10000,-10000
054816,聯發科元大97購12,0,0,0,0,0,0,0,0,0,-10000,0,0,0,5000,15000,-10000,-10000
054819,裕民元大9A購01  ,0,0,0,0,0,0,0,0,0,-10000,0,0,0,0,10000,-10000,-10000
054851,樺漢兆豐97購01  ,0,0,0,0,0,0,0,0,0,-10000,0,0,0,0,10000,-10000,-10000
054868,國泰金群益9A購01,0,0,0,0,0,0,0,0,0,-10000,0,0,0,0,10000,-10000,-10000
054630,聯鈞凱基98購01  ,0,0,0,0,0,0,0,0,0,-10000,0,0,0,6000,16000,-10000,-10000
055219,啟碁凱基98購01  ,0,0,0,0,0,0,0,0,0,-10000,0,0,0,100000,110000,-10000,-10000
055069,帆宣永豐97購01  ,0,0,0,0,0,0,0,0,0,-10000,0,0,0,7000,17000,-10000,-10000
054926,神達凱基98購01  ,0,0,0,0,0,0,0,0,0,-10000,0,0,0,0,10000,-10000,-10000
054894,GIS統一97購01   ,0,0,0,0,0,0,0,0,0,-10000,0,0,0,0,10000,-10000,-10000
055028,佐登國泰98購01  ,0,0,0,0,0,0,0,0,0,-10000,0,0,0,0,10000,-10000,-10000
055017,緯穎元富97購01  ,0,0,0,0,0,0,0,0,0,-10000,0,0,0,10000,20000,-10000,-10000
054222,大立光統一98購03,0,0,0,0,0,0,0,0,0,-10000,0,0,0,0,10000,-10000,-10000
05420P,大立光國泰97售03,0,0,0,0,0,0,0,0,0,-10000,0,0,0,0,10000,-10000,-10000
054108,台積電凱基96購22,0,0,0,0,0,0,0,0,0,-10000,0,0,0,0,10000,-10000,-10000
054027,欣興凱基96購04  ,0,0,0,0,0,0,0,0,0,-10000,0,0,0,1000,11000,-10000,-10000
054434,友達台新96購03  ,0,0,0,0,0,0,0,0,0,-10000,0,0,0,30000,40000,-10000,-10000
054441,力成台新96購01  ,0,0,0,0,0,0,0,0,0,-10000,0,0,0,0,10000,-10000,-10000
054471,T50反1中信9C購01,0,0,0,0,0,0,0,0,0,-10000,0,0,0,0,10000,-10000,-10000
054399,智易永豐96購03  ,0,0,0,0,0,0,0,0,0,-10000,0,0,0,0,10000,-10000,-10000
054273,宏達電中信98購01,0,0,0,0,0,0,0,0,0,-10000,0,0,0,0,10000,-10000,-10000
05433P,智原元富95售02  ,0,0,0,0,0,0,0,0,0,-10000,0,0,0,0,10000,-10000,-10000
054383,傳奇群益97購01  ,0,0,0,0,0,0,0,0,0,-10000,0,0,0,0,10000,-10000,-10000
055879,神達元富97購01  ,0,0,0,0,0,0,0,0,0,-10000,0,0,0,0,10000,-10000,-10000
055922,台郡凱基98購03  ,0,0,0,0,0,0,0,0,0,-10000,0,0,0,0,10000,-10000,-10000
055939,GIS群益97購01   ,0,0,0,0,0,0,0,0,0,-10000,0,0,0,0,10000,-10000,-10000
055873,聚陽元富97購01  ,0,0,0,0,0,0,0,0,0,-10000,0,0,0,0,10000,-10000,-10000
055866,臺股指元大97購03,0,0,0,0,0,0,0,0,0,-10000,0,0,0,0,10000,-10000,-10000
055976,台積電統一99購03,0,0,0,0,0,0,0,0,0,-10000,0,0,0,0,10000,-10000,-10000
055970,聯茂元大97購04  ,0,0,0,0,0,0,0,0,0,-10000,0,0,0,0,10000,-10000,-10000
05613P,臻鼎台新96售01  ,0,0,0,0,0,0,0,0,0,-10000,0,0,0,0,10000,-10000,-10000
05611P,康控群益96售02  ,0,0,0,0,0,0,0,0,0,-10000,0,0,0,0,10000,-10000,-10000
055643,宏碁元富97購01  ,0,0,0,0,0,0,0,0,0,-10000,0,0,0,0,10000,-10000,-10000
055668,欣興群益97購01  ,0,0,0,0,0,0,0,0,0,-10000,0,0,0,0,10000,-10000,-10000
055567,訊芯凱基98購02  ,0,0,0,0,0,0,0,0,0,-10000,0,0,0,108000,118000,-10000,-10000
05562P,鴻海元大96售16  ,0,0,0,0,0,0,0,0,0,-10000,0,0,0,0,10000,-10000,-10000
055482,聚陽元大97購02  ,0,0,0,0,0,0,0,0,0,-10000,0,0,0,0,10000,-10000,-10000
055479,GIS凱基97購04   ,0,0,0,0,0,0,0,0,0,-10000,0,0,0,0,10000,-10000,-10000
055460,華擎永豐97購01  ,0,0,0,0,0,0,0,0,0,-10000,0,0,0,0,10000,-10000,-10000
055436,晶豪科中信99購01,0,0,0,0,0,0,0,0,0,-10000,0,0,0,0,10000,-10000,-10000
055353,華新科凱基98購03,0,0,0,0,0,0,0,0,0,-10000,0,0,0,0,10000,-10000,-10000
055266,京鼎永豐97購01  ,0,0,0,0,0,0,0,0,0,-10000,0,0,0,10000,20000,-10000,-10000
055278,旺宏元大98購05  ,0,0,0,0,0,0,0,0,0,-10000,0,0,0,173000,183000,-10000,-10000
06182P,群創兆豐97售03  ,0,0,0,0,0,0,0,0,0,-10000,0,0,0,0,10000,-10000,-10000
06340P,鴻海統一98售06  ,0,0,0,0,0,0,0,0,0,-10000,0,0,0,0,10000,-10000,-10000
06342P,世芯統一98售01  ,0,0,0,0,0,0,0,0,0,-10000,0,0,0,0,10000,-10000,-10000
05782P,聯詠元富96售02  ,0,0,0,0,0,0,0,0,0,-10000,0,0,0,0,10000,-10000,-10000
05816P,台積電凱基97售07,0,0,0,0,0,0,0,0,0,-10000,0,0,0,1000,11000,-10000,-10000
05641P,貿聯元富96售02  ,0,0,0,0,0,0,0,0,0,-10000,0,0,0,20000,30000,-10000,-10000
03492P,創意元大02售03  ,0,0,0,0,0,0,0,0,0,-10000,0,0,0,0,10000,-10000,-10000
03636C,元油2X元富04牛01,0,0,0,0,0,0,0,0,0,-10000,0,0,0,0,10000,-10000,-10000
04421P,玉晶光永豐94售02,0,0,0,0,0,0,0,0,0,-10000,0,0,0,0,10000,-10000,-10000
03793P,超眾永豐93售01  ,0,0,0,0,0,0,0,0,0,-10000,0,0,0,0,10000,-10000,-10000
03889P,國巨國泰94售04  ,0,0,0,0,0,0,0,0,0,-10000,0,0,0,0,10000,-10000,-10000
03902P,義隆國票94售01  ,0,0,0,0,0,0,0,0,0,-10000,0,0,0,0,10000,-10000,-10000
044465,元油2X群益97購01,0,0,0,0,0,0,0,0,0,-10000,0,0,0,0,10000,-10000,-10000
044296,嘉聯益凱基93購01,0,0,0,0,0,0,0,0,0,-10000,0,0,0,0,10000,-10000,-10000
044318,群創永豐91購01  ,0,0,0,0,0,0,0,0,0,-10000,0,0,0,10000,20000,-10000,-10000
0052,富邦科技        ,0,0,0,0,0,0,0,0,0,-10000,0,0,0,79000,89000,-10000,-10000
04034P,技嘉群益93售03  ,0,0,0,0,0,0,0,0,0,-10000,0,0,0,1000,11000,-10000,-10000
04023P,臺股指元富99售02,0,0,0,0,0,0,0,0,0,-10000,0,0,0,0,10000,-10000,-10000
040721,大立光富邦92購01,0,0,0,0,0,0,0,0,0,-10000,0,0,0,0,10000,-10000,-10000
03110P,聯發科元大01售26,0,0,0,0,0,0,0,0,0,-10000,0,0,0,0,10000,-10000,-10000
04123P,可成凱基93售11  ,0,0,0,0,0,0,0,0,0,-10000,0,0,0,0,10000,-10000,-10000
044631,聯茂元大92購02  ,0,0,0,0,0,0,0,0,0,-10000,0,0,0,10000,20000,-10000,-10000
042604,國泰金富邦92購01,0,0,0,0,0,0,0,0,0,-10000,0,0,0,0,10000,-10000,-10000
04264P,宏碁統一93售01  ,0,0,0,0,0,0,0,0,0,-10000,0,0,0,0,10000,-10000,-10000
043050,欣興國泰93購01  ,0,0,0,0,0,0,0,0,0,-10000,0,0,0,1000,11000,-10000,-10000
043060,欣興中信93購01  ,0,0,0,0,0,0,0,0,0,-10000,0,0,0,0,10000,-10000,-10000
042326,元油2X國票94購01,0,0,0,0,0,0,0,0,0,-10000,0,0,0,10000,20000,-10000,-10000
044569,華邦電凱基92購01,0,0,0,0,0,0,0,0,0,-10000,0,0,0,0,10000,-10000,-10000
04329P,TPK群益93售04   ,0,0,0,0,0,0,0,0,0,-10000,0,0,0,30000,40000,-10000,-10000
043357,聯詠國票92購02  ,0,0,0,0,0,0,0,0,0,-10000,0,0,0,0,10000,-10000,-10000
043642,元金2X國票97購01,0,0,0,0,0,0,0,0,0,-10000,0,0,0,0,10000,-10000,-10000
043605,創意元大93購01  ,0,0,0,0,0,0,0,0,0,-10000,0,0,0,0,10000,-10000,-10000
046774,瑞昱台新93購01  ,0,0,0,0,0,0,0,0,0,-10000,0,0,0,0,10000,-10000,-10000
045730,鴻海第一92購01  ,0,0,0,0,0,0,0,0,0,-10000,0,0,0,0,10000,-10000,-10000
046882,智易富邦97購01  ,0,0,0,0,0,0,0,0,0,-10000,0,0,0,0,10000,-10000,-10000
046853,友達元大93購03  ,0,0,0,0,0,0,0,0,0,-10000,0,0,0,0,10000,-10000,-10000
042761,全新元大91購02  ,0,0,0,0,0,0,0,0,0,-10000,0,0,0,0,10000,-10000,-10000
044129,群創凱基93購02  ,0,0,0,0,0,0,0,0,0,-10000,0,0,0,0,10000,-10000,-10000
04417P,光罩國泰95售02  ,0,0,0,0,0,0,0,0,0,-10000,0,0,0,2000,12000,-10000,-10000
045629,智邦凱基92購01  ,0,0,0,0,0,0,0,0,0,-10000,0,0,0,0,10000,-10000,-10000
046744,元油2X凱基94購01,0,0,0,0,0,0,0,0,0,-10000,0,0,0,0,10000,-10000,-10000
045567,滬深2X富邦93購01,0,0,0,0,0,0,0,0,0,-10000,0,0,0,0,10000,-10000,-10000
046029,微星元大92購02  ,0,0,0,0,0,0,0,0,0,-10000,0,0,0,0,10000,-10000,-10000
044763,瀚宇博凱基93購01,0,0,0,0,0,0,0,0,0,-10000,0,0,0,0,10000,-10000,-10000
04603P,訊芯凱基94售03  ,0,0,0,0,0,0,0,0,0,-10000,0,0,0,0,10000,-10000,-10000
044769,智邦元大91購03  ,0,0,0,0,0,0,0,0,0,-10000,0,0,0,0,10000,-10000,-10000
044807,瀚宇博凱基91購01,0,0,0,0,0,0,0,0,0,-10000,0,0,0,0,10000,-10000,-10000
044801,微星凱基93購01  ,0,0,0,0,0,0,0,0,0,-10000,0,0,0,10000,20000,-10000,-10000
045882,滬深2X元大95購01,0,0,0,0,0,0,0,0,0,-10000,0,0,0,0,10000,-10000,-10000
044692,鈺齊凱基91購01  ,0,0,0,0,0,0,0,0,0,-10000,0,0,0,0,10000,-10000,-10000
045856,南亞科國泰94購01,0,0,0,0,0,0,0,0,0,-10000,0,0,0,0,10000,-10000,-10000
046339,訊芯中信92購01  ,0,0,0,0,0,0,0,0,0,-10000,0,0,0,10000,20000,-10000,-10000
04633P,旺宏群益96售04  ,0,0,0,0,0,0,0,0,0,-10000,0,0,0,0,10000,-10000,-10000
04577P,康友元富94售02  ,0,0,0,0,0,0,0,0,0,-10000,0,0,0,0,10000,-10000,-10000
045797,健策中信93購01  ,0,0,0,0,0,0,0,0,0,-10000,0,0,0,0,10000,-10000,-10000
044991,T50反1國泰93購02,0,0,0,0,0,0,0,0,0,-10000,0,0,0,0,10000,-10000,-10000
047029,日月光元大93購01,0,0,0,0,0,0,0,0,0,-10000,0,0,0,0,10000,-10000,-10000
047019,台積電元大93購14,0,0,0,0,0,0,0,0,0,-10000,0,0,0,0,10000,-10000,-10000
044944,技嘉群益93購01  ,0,0,0,0,0,0,0,0,0,-10000,0,0,0,10000,20000,-10000,-10000
046727,新光金元大93購03,0,0,0,0,0,0,0,0,0,-10000,0,0,0,0,10000,-10000,-10000
04662P,臺股指國票94售01,0,0,0,0,0,0,0,0,0,-10000,0,0,0,0,10000,-10000,-10000
046611,樺漢日盛93購01  ,0,0,0,0,0,0,0,0,0,-10000,0,0,0,0,10000,-10000,-10000
046390,旺宏統一94購02  ,0,0,0,0,0,0,0,0,0,-10000,0,0,0,0,10000,-10000,-10000
046432,宏達電中信94購01,0,0,0,0,0,0,0,0,0,-10000,0,0,0,0,10000,-10000,-10000
046409,富邦金元大92購02,0,0,0,0,0,0,0,0,0,-10000,0,0,0,0,10000,-10000,-10000
046506,全新元大92購05  ,0,0,0,0,0,0,0,0,0,-10000,0,0,0,0,10000,-10000,-10000
046965,復盛中信93購01  ,0,0,0,0,0,0,0,0,0,-10000,0,0,0,0,10000,-10000,-10000
046966,南茂中信93購01  ,0,0,0,0,0,0,0,0,0,-10000,0,0,0,0,10000,-10000,-10000
046368,嘉聯益永豐92購04,0,0,0,0,0,0,0,0,0,-10000,0,0,0,20000,30000,-10000,-10000
046923,友達國泰94購01  ,0,0,0,0,0,0,0,0,0,-10000,0,0,0,0,10000,-10000,-10000
046962,群創中信95購03  ,0,0,0,0,0,0,0,0,0,-10000,0,0,0,0,10000,-10000,-10000
046953,嘉聯益國票94購01,0,0,0,0,0,0,0,0,0,-10000,0,0,0,0,10000,-10000,-10000
046938,致茂元大93購02  ,0,0,0,0,0,0,0,0,0,-10000,0,0,0,61000,71000,-10000,-10000
045270,南電凱基92購03  ,0,0,0,0,0,0,0,0,0,-10000,0,0,0,0,10000,-10000,-10000
04532P,臺股指凱基94售04,0,0,0,0,0,0,0,0,0,-10000,0,0,0,0,10000,-10000,-10000
045339,鴻海凱基92購06  ,0,0,0,0,0,0,0,0,0,-10000,0,0,0,0,10000,-10000,-10000
045440,旺宏元富92購01  ,0,0,0,0,0,0,0,0,0,-10000,0,0,0,0,10000,-10000,-10000
045379,智邦元大93購01  ,0,0,0,0,0,0,0,0,0,-10000,0,0,0,0,10000,-10000,-10000
046211,南電元富92購01  ,0,0,0,0,0,0,0,0,0,-10000,0,0,0,0,10000,-10000,-10000
046202,台表科凱基93購04,0,0,0,0,0,0,0,0,0,-10000,0,0,0,0,10000,-10000,-10000
046208,滬深2X元富95購03,0,0,0,0,0,0,0,0,0,-10000,0,0,0,10000,20000,-10000,-10000
045170,鴻海日盛92購01  ,0,0,0,0,0,0,0,0,0,-10000,0,0,0,0,10000,-10000,-10000
045226,TPK元大93購02   ,0,0,0,0,0,0,0,0,0,-10000,0,0,0,0,10000,-10000,-10000
045158,和碩凱基92購01  ,0,0,0,0,0,0,0,0,0,-10000,0,0,0,0,10000,-10000,-10000
045156,群創凱基92購01  ,0,0,0,0,0,0,0,0,0,-10000,0,0,0,0,10000,-10000,-10000
045054,聯發科元富98購02,0,0,0,0,0,0,0,0,0,-10000,0,0,0,7000,17000,-10000,-10000
045031,上銀群益93購02  ,0,0,0,0,0,0,0,0,0,-10000,0,0,0,21000,31000,-10000,-10000
048523,TPK元富94購01   ,0,0,0,0,0,0,0,0,0,-10000,0,0,0,0,10000,-10000,-10000
048850,聯電群益96購01  ,0,0,0,0,0,0,0,0,0,-10000,0,0,0,0,10000,-10000,-10000
049037,可成兆豐94購01  ,0,0,0,0,0,0,0,0,0,-10000,0,0,0,0,10000,-10000,-10000
048643,強茂元大94購01  ,0,0,0,0,0,0,0,0,0,-10000,0,0,0,0,10000,-10000,-10000
048666,康控統一93購01  ,0,0,0,0,0,0,0,0,0,-10000,0,0,0,0,10000,-10000,-10000
048684,上海銀富邦93購02,0,0,0,0,0,0,0,0,0,-10000,0,0,0,0,10000,-10000,-10000
048734,美利達麥證94購01,0,0,0,0,10000,-10000,0,0,0,-10000,0,0,0,0,10000,-10000,-10000
048298,華通麥證94購01  ,0,0,0,0,10000,-10000,0,0,0,-10000,0,0,0,0,10000,-10000,-10000
048305,深100凱基96購01 ,0,0,0,0,0,0,0,0,0,-10000,0,0,0,0,10000,-10000,-10000
048269,瀚宇博國泰95購01,0,0,0,0,0,0,0,0,0,-10000,0,0,0,10000,20000,-10000,-10000
047465,滬深2X國泰94購01,0,0,0,0,0,0,0,0,0,-10000,0,0,0,0,10000,-10000,-10000
047445,創意元大93購04  ,0,0,0,0,0,0,0,0,0,-10000,0,0,0,56000,66000,-10000,-10000
047221,日月光麥證93購01,0,0,0,0,10000,-10000,0,0,0,-10000,0,0,0,0,10000,-10000,-10000
047311,台積電元大93購19,0,0,0,0,0,0,0,0,0,-10000,0,0,0,10000,20000,-10000,-10000
048381,T50反1國票94購03,0,0,0,0,0,0,0,0,0,-10000,0,0,0,300000,310000,-10000,-10000
047114,全新元大94購01  ,0,0,0,0,0,0,0,0,0,-10000,0,0,0,0,10000,-10000,-10000
047126,拓凱中信93購01  ,0,0,0,0,0,0,0,0,0,-10000,0,0,0,0,10000,-10000,-10000
048179,臻鼎富邦97購01  ,0,0,0,0,0,0,0,0,0,-10000,0,0,0,0,10000,-10000,-10000
047660,南茂麥證93購02  ,0,0,0,2000,10000,-8000,0,0,0,-10000,0,0,0,2000,12000,-10000,-10000
047648,智伸科元大93購05,0,0,0,0,0,0,0,0,0,-10000,0,0,0,0,10000,-10000,-10000
047490,元油反統一93購01,0,0,0,0,0,0,0,0,0,-10000,0,0,0,0,10000,-10000,-10000
050842,旺宏國票97購01  ,0,0,0,0,0,0,0,0,0,-10000,0,0,0,0,10000,-10000,-10000
050923,南亞科凱基95購03,0,0,0,0,0,0,0,0,0,-10000,0,0,0,0,10000,-10000,-10000
050886,台積電富邦95購04,0,0,0,0,0,0,0,0,0,-10000,0,0,0,294000,304000,-10000,-10000
050770,全新元大94購04  ,0,0,0,0,0,0,0,0,0,-10000,0,0,0,0,10000,-10000,-10000
050682,南亞科元富94購02,0,0,0,0,0,0,0,0,0,-10000,0,0,0,0,10000,-10000,-10000
050696,台光電凱基96購01,0,0,0,0,0,0,0,0,0,-10000,0,0,0,10000,20000,-10000,-10000
05071P,鴻海統一96售05  ,0,0,0,0,0,0,0,0,0,-10000,0,0,0,0,10000,-10000,-10000
050714,深中小群益98購01,0,0,0,0,0,0,0,0,0,-10000,0,0,0,530000,540000,-10000,-10000
05062P,大立光富邦98售03,0,0,0,0,0,0,0,0,0,-10000,0,0,0,1000,11000,-10000,-10000
050582,傳奇國票94購01  ,0,0,0,0,0,0,0,0,0,-10000,0,0,0,10000,20000,-10000,-10000
050619,TPK元大95購02   ,0,0,0,0,0,0,0,0,0,-10000,0,0,0,0,10000,-10000,-10000
050517,台積電元大94購27,0,0,0,0,0,0,0,0,0,-10000,0,0,0,23000,33000,-10000,-10000
050260,鴻海元大94購15  ,0,0,0,0,0,0,0,0,0,-10000,0,0,0,116000,126000,-10000,-10000
050327,泰鼎永豐94購03  ,0,0,0,0,0,0,0,0,0,-10000,0,0,0,229000,239000,-10000,-10000
050333,鴻海國泰96購06  ,0,0,0,0,0,0,0,0,0,-10000,0,0,0,30000,40000,-10000,-10000
049650,啟碁凱基94購03  ,0,0,0,0,0,0,0,0,0,-10000,0,0,0,0,10000,-10000,-10000
049780,智易統一94購02  ,0,0,0,0,0,0,0,0,0,-10000,0,0,0,30000,40000,-10000,-10000
049814,超眾元大95購04  ,0,0,0,0,0,0,0,0,0,-10000,0,0,0,60000,70000,-10000,-10000
049393,世紀鋼第一94購01,0,0,0,0,0,0,0,0,0,-10000,0,0,0,0,10000,-10000,-10000
047095,聯詠麥證93購01  ,0,0,0,0,10000,-10000,0,0,0,-10000,0,0,0,0,10000,-10000,-10000
050046,矽力兆豐94購01  ,0,0,0,0,0,0,0,0,0,-10000,0,0,0,0,10000,-10000,-10000
050032,TPK元大94購03   ,0,0,0,0,0,0,0,0,0,-10000,0,0,0,0,10000,-10000,-10000
04999P,南電永豐95售01  ,0,0,0,0,0,0,0,0,0,-10000,0,0,0,0,10000,-10000,-10000
050000,盟立永豐94購01  ,0,0,0,0,0,0,0,0,0,-10000,0,0,0,0,10000,-10000,-10000
050123,群臺反凱基96購01,0,0,0,0,0,0,0,0,0,-10000,0,0,0,0,10000,-10000,-10000
050124,元金2X凱基95購01,0,0,0,0,0,0,0,0,0,-10000,0,0,0,0,10000,-10000,-10000
047833,全新元大94購02  ,0,0,0,0,0,0,0,0,0,-10000,0,0,0,0,10000,-10000,-10000
047847,鴻海統一93購07  ,0,0,0,0,0,0,0,0,0,-10000,0,0,0,0,10000,-10000,-10000
049198,聯鈞永豐94購01  ,0,0,0,0,0,0,0,0,0,-10000,0,0,0,0,10000,-10000,-10000
047807,華邦電凱基93購06,0,0,0,0,0,0,0,0,0,-10000,0,0,0,0,10000,-10000,-10000
048769,聯鈞凱基94購01  ,0,0,0,0,0,0,0,0,0,-10000,0,0,0,8000,18000,-10000,-10000
048811,鴻海日盛94購01  ,0,0,0,0,0,0,0,0,0,-10000,0,0,0,0,10000,-10000,-10000
049100,華新科國泰96購01,0,0,0,0,0,0,0,0,0,-10000,0,0,0,0,10000,-10000,-10000
049106,大立光富邦94購01,0,0,0,0,0,0,0,0,0,-10000,0,0,0,0,10000,-10000,-10000
049126,玉晶光元富94購02,0,0,0,0,0,0,0,0,0,-10000,0,0,0,0,10000,-10000,-10000
047923,聯發科凱基94購02,0,0,0,0,0,0,0,0,0,-10000,0,0,0,335000,345000,-10000,-10000
048513,欣興凱基93購04  ,0,0,0,0,0,0,0,0,0,-10000,0,0,0,0,10000,-10000,-10000
047896,京元電群益93購01,0,0,0,0,0,0,0,0,0,-10000,0,0,0,10000,20000,-10000,-10000
047913,美利達麥證93購01,0,0,0,10000,20000,-10000,0,0,0,-10000,0,0,0,10000,20000,-10000,-10000
048972,晶豪科元大94購01,0,0,0,0,0,0,0,0,0,-10000,0,0,0,10000,20000,-10000,-10000
051158,嘉晶富邦96購01  ,0,0,0,0,0,0,0,0,0,-10000,0,0,0,0,10000,-10000,-10000
051207,聯茂麥證95購01  ,0,0,0,20000,30000,-10000,0,0,0,-10000,0,0,0,20000,30000,-10000,-10000
051208,GIS麥證95購01   ,0,0,0,0,10000,-10000,0,0,0,-10000,0,0,0,0,10000,-10000,-10000
051264,道瓊反富邦97購01,0,0,0,0,0,0,0,0,0,-10000,0,0,0,300000,310000,-10000,-10000
050975,楠梓電統一95購01,0,0,0,0,0,0,0,0,0,-10000,0,0,0,10000,20000,-10000,-10000
051081,聯茂富邦96購01  ,0,0,0,0,0,0,0,0,0,-10000,0,0,0,0,10000,-10000,-10000
051077,台郡國泰96購02  ,0,0,0,0,0,0,0,0,0,-10000,0,0,0,6000,16000,-10000,-10000
051626,可成麥證95購02  ,0,0,0,0,10000,-10000,0,0,0,-10000,0,0,0,0,10000,-10000,-10000
051564,和碩國泰96購01  ,0,0,0,0,0,0,0,0,0,-10000,0,0,0,0,10000,-10000,-10000
051322,國泰金國票96購01,0,0,0,0,0,0,0,0,0,-10000,0,0,0,10000,20000,-10000,-10000
05132P,鴻海元富95售07  ,0,0,0,0,0,0,0,0,0,-10000,0,0,0,10000,20000,-10000,-10000
05131P,聯詠統一97售01  ,0,0,0,0,0,0,0,0,0,-10000,0,0,0,0,10000,-10000,-10000
051308,GIS凱基95購04   ,0,0,0,0,0,0,0,0,0,-10000,0,0,0,0,10000,-10000,-10000
051881,上証2X永豐95購02,0,0,0,0,0,0,0,0,0,-10000,0,0,0,0,10000,-10000,-10000
051958,貿聯台新95購01  ,0,0,0,0,0,0,0,0,0,-10000,0,0,0,0,10000,-10000,-10000
051949,鴻海元富95購08  ,0,0,0,0,0,0,0,0,0,-10000,0,0,0,4000,14000,-10000,-10000
052077,可成元富98購02  ,0,0,0,0,0,0,0,0,0,-10000,0,0,0,15000,25000,-10000,-10000
051982,深中小元大95購01,0,0,0,0,0,0,0,0,0,-10000,0,0,0,0,10000,-10000,-10000
05172P,臺股指元大95售16,0,0,0,0,0,0,0,0,0,-10000,0,0,0,0,10000,-10000,-10000
051848,元金2X中信98購02,0,0,0,0,0,0,0,0,0,-10000,0,0,0,0,10000,-10000,-10000
052420,道瓊反國票9B購01,0,0,0,0,0,0,0,0,0,-10000,0,0,0,0,10000,-10000,-10000
052436,正崴富邦95購01  ,0,0,0,0,0,0,0,0,0,-10000,0,0,0,0,10000,-10000,-10000
052307,潤泰全國泰96購01,0,0,0,0,0,0,0,0,0,-10000,0,0,0,10000,20000,-10000,-10000
05211P,國巨國票96售05  ,0,0,0,0,0,0,0,0,0,-10000,0,0,0,10000,20000,-10000,-10000
052167,亞泥元大96購01  ,0,0,0,0,0,0,0,0,0,-10000,0,0,0,0,10000,-10000,-10000
052153,GIS富邦96購02   ,0,0,0,0,0,0,0,0,0,-10000,0,0,0,5000,15000,-10000,-10000
052245,緯創康和95購01  ,0,0,0,0,0,0,0,0,0,-10000,0,0,0,8000,18000,-10000,-10000
052254,康友永豐95購03  ,0,0,0,0,0,0,0,0,0,-10000,0,0,0,12000,22000,-10000,-10000
053546,台積電凱基96購13,0,0,0,0,0,0,0,0,0,-10000,0,0,0,0,10000,-10000,-10000
053506,南茂兆豐97購01  ,0,0,0,0,0,0,0,0,0,-10000,0,0,0,0,10000,-10000,-10000
053507,百和兆豐96購01  ,0,0,0,0,0,0,0,0,0,-10000,0,0,0,0,10000,-10000,-10000
053242,聯電國票96購04  ,0,0,0,0,0,0,0,0,0,-10000,0,0,0,0,10000,-10000,-10000
053284,樺漢元大97購01  ,0,0,0,0,0,0,0,0,0,-10000,0,0,0,1000,11000,-10000,-10000
053368,京元電富邦98購01,0,0,0,0,0,0,0,0,0,-10000,0,0,0,0,10000,-10000,-10000
053314,A50正2群益9A購01,0,0,0,0,0,0,0,0,0,-10000,0,0,0,0,10000,-10000,-10000
053805,奇鋐凱基98購02  ,0,0,0,0,0,0,0,0,0,-10000,0,0,0,0,10000,-10000,-10000
053772,大成鋼元大96購02,0,0,0,0,0,0,0,0,0,-10000,0,0,0,0,10000,-10000,-10000
053824,樺漢群益96購02  ,0,0,0,0,0,0,0,0,0,-10000,0,0,0,10000,20000,-10000,-10000
053640,上緯控永豐96購01,0,0,0,0,0,0,0,0,0,-10000,0,0,0,0,10000,-10000,-10000
053705,滬深2X凱基99購01,0,0,0,0,0,0,0,0,0,-10000,0,0,0,40000,50000,-10000,-10000
052638,緯創凱基96購02  ,0,0,0,0,0,0,0,0,0,-10000,0,0,0,45000,55000,-10000,-10000
052556,聯發科國票97購01,0,0,0,0,0,0,0,0,0,-10000,0,0,0,0,10000,-10000,-10000
052569,聯發科凱基96購08,0,0,0,0,0,0,0,0,0,-10000,0,0,0,99000,109000,-10000,-10000
052751,臺股指元大96購05,0,0,0,0,0,0,0,0,0,-10000,0,0,0,0,10000,-10000,-10000
053085,華新科元大97購04,0,0,0,0,0,0,0,0,0,-10000,0,0,0,0,10000,-10000,-10000
053101,創意元富96購03  ,0,0,0,0,0,0,0,0,0,-10000,0,0,0,0,10000,-10000,-10000
052886,世紀鋼兆豐96購01,0,0,0,0,0,0,0,0,0,-10000,0,0,0,0,10000,-10000,-10000
052867,晶技凱基96購01  ,0,0,0,0,0,0,0,0,0,-10000,0,0,0,8000,18000,-10000,-10000
052927,友達元大98購02  ,0,0,0,0,0,0,0,0,0,-10000,0,0,0,0,10000,-10000,-10000
8429,金麗-KY         ,0,8000,-8000,0,0,0,0,0,0,-2000,0,2000,-2000,0,0,0,-10000
4155,訊映            ,11000,19000,-8000,0,0,0,0,0,0,-2000,1000,3000,-2000,0,0,0,-10000
05682P,大立光元大98售03,0,0,0,0,0,0,0,0,0,-11000,0,0,0,70000,81000,-11000,-11000
05895P,奇力新群益96售03,0,0,0,0,0,0,0,0,0,-11000,0,0,0,29000,40000,-11000,-11000
1446,宏和            ,6000,17000,-11000,0,0,0,0,0,0,0,0,0,0,0,0,0,-11000
06269P,群創凱基98售10  ,0,0,0,0,0,0,0,0,0,-11000,0,0,0,0,11000,-11000,-11000
06053P,緯穎國票97售05  ,0,0,0,0,0,0,0,0,0,-11000,0,0,0,0,11000,-11000,-11000
06102P,智邦凱基97售03  ,0,0,0,0,0,0,0,0,0,-11000,0,0,0,3000,14000,-11000,-11000
055290,玉晶光元大98購08,0,0,0,0,0,0,0,0,0,-11000,0,0,0,47000,58000,-11000,-11000
055665,亞德客群益97購01,0,0,0,0,0,0,0,0,0,-11000,0,0,0,12000,23000,-11000,-11000
055843,美律元大97購02  ,0,0,0,0,0,0,0,0,0,-11000,0,0,0,61000,72000,-11000,-11000
054375,貿聯中信99購01  ,0,0,0,0,0,0,0,0,0,-11000,0,0,0,11000,22000,-11000,-11000
054355,上海銀富邦98購01,0,0,0,0,0,0,0,0,0,-11000,0,0,0,0,11000,-11000,-11000
054236,貿聯群益96購01  ,0,0,0,0,0,0,0,0,0,-11000,0,0,0,11000,22000,-11000,-11000
055152,旺宏元大98購04  ,0,0,0,0,0,0,0,0,0,-11000,0,0,0,219000,230000,-11000,-11000
054602,聯詠台新97購01  ,0,0,0,0,0,0,0,0,0,-11000,0,0,0,0,11000,-11000,-11000
054715,中橡康和97購01  ,0,0,0,0,0,0,0,0,0,-11000,0,0,0,80000,91000,-11000,-11000
048832,玉晶光凱基95購02,0,0,0,0,0,0,0,0,0,-11000,0,0,0,0,11000,-11000,-11000
047792,美利達群益93購02,0,0,0,0,0,0,0,0,0,-11000,0,0,0,0,11000,-11000,-11000
046958,鴻海中信93購01  ,0,0,0,0,0,0,0,0,0,-11000,0,0,0,20000,31000,-11000,-11000
046391,上海銀統一94購01,0,0,0,0,0,0,0,0,0,-11000,0,0,0,0,11000,-11000,-11000
046627,高鐵統一95購01  ,0,0,0,0,0,0,0,0,0,-11000,0,0,0,9000,20000,-11000,-11000
046653,鴻海元大93購05  ,0,0,0,0,0,0,0,0,0,-11000,0,0,0,9000,20000,-11000,-11000
046758,聯發科凱基93購05,0,0,0,0,0,0,0,0,0,-11000,0,0,0,9000,20000,-11000,-11000
04263P,南電群益93售03  ,0,0,0,0,0,0,0,0,0,-11000,0,0,0,0,11000,-11000,-11000
04038P,聯茂群益93售03  ,0,0,0,0,0,0,0,0,0,-11000,0,0,0,40000,51000,-11000,-11000
041971,GIS元大92購01   ,0,0,0,0,0,0,0,0,0,-11000,0,0,0,0,11000,-11000,-11000
04201P,智原群益93售01  ,0,0,0,0,0,0,0,0,0,-11000,0,0,0,0,11000,-11000,-11000
047918,智邦凱基93購08  ,0,0,0,0,0,0,0,0,0,-11000,0,0,0,2000,13000,-11000,-11000
04908P,南電國票95售03  ,0,0,0,0,0,0,0,0,0,-11000,0,0,0,10000,21000,-11000,-11000
049474,台光電永豐94購02,0,0,0,0,0,0,0,0,0,-11000,0,0,0,0,11000,-11000,-11000
049642,鴻海凱基94購16  ,0,0,0,0,0,0,0,0,0,-11000,0,0,0,1000,12000,-11000,-11000
050339,鴻海統一94購06  ,0,0,0,0,0,0,0,0,0,-11000,0,0,0,0,11000,-11000,-11000
050414,泰鼎永豐94購04  ,0,0,0,0,0,0,0,0,0,-11000,0,0,0,80000,91000,-11000,-11000
05088P,大立光富邦99售01,0,0,0,0,0,0,0,0,0,-11000,0,0,0,0,11000,-11000,-11000
052896,宏達電群益96購01,0,0,0,0,0,0,0,0,0,-11000,0,0,0,0,11000,-11000,-11000
052521,友達元大9B購01  ,0,0,0,0,0,0,0,0,0,-11000,0,0,0,49000,60000,-11000,-11000
053813,友達群益9A購03  ,0,0,0,0,0,0,0,0,0,-11000,0,0,0,10000,21000,-11000,-11000
053317,友達群益9A購02  ,0,0,0,0,0,0,0,0,0,-11000,0,0,0,0,11000,-11000,-11000
053282,彩晶元大9C購01  ,0,0,0,0,0,0,0,0,0,-11000,0,0,0,7000,18000,-11000,-11000
051863,技嘉凱基95購01  ,0,0,0,0,0,0,0,0,0,-11000,0,0,0,0,11000,-11000,-11000
051577,台積電元大97購03,0,0,0,0,0,0,0,0,0,-11000,0,0,0,20000,31000,-11000,-11000
05152P,玉晶光群益96售05,0,0,0,0,0,0,0,0,0,-11000,0,0,0,0,11000,-11000,-11000
051266,國巨富邦99購01  ,0,0,0,0,0,0,0,0,0,-11000,0,0,0,35000,46000,-11000,-11000
051176,聯發科凱基95購07,0,0,0,0,0,0,0,0,0,-11000,0,0,0,2000,13000,-11000,-11000
4557,永新-KY         ,0,11000,-11000,0,0,0,0,0,0,0,0,0,0,0,0,0,-11000
2642,宅配通          ,2000,13000,-11000,0,0,0,0,0,0,0,0,0,0,0,0,0,-11000
3130,一零四          ,0,11000,-11000,0,0,0,0,0,0,0,0,0,0,0,0,0,-11000
1736,喬山            ,167000,176000,-9000,0,0,0,8000,0,8000,-10000,0,1000,-1000,6000,15000,-9000,-11000
2535,達欣工          ,62000,58000,4000,0,0,0,0,15000,-15000,0,0,0,0,0,0,0,-11000
6108,競國            ,21000,31000,-10000,0,0,0,0,0,0,-1000,0,1000,-1000,0,0,0,-11000
054638,國泰金中信99購01,0,0,0,0,0,0,0,0,0,-12000,0,0,0,0,12000,-12000,-12000
054969,亞翔元大97購01  ,0,0,0,0,0,0,0,0,0,-12000,0,0,0,0,12000,-12000,-12000
05495P,大立光統一95售07,0,0,0,0,0,0,0,0,0,-12000,0,0,0,20000,32000,-12000,-12000
054413,台光電元大96購03,0,0,0,0,0,0,0,0,0,-12000,0,0,0,1000,13000,-12000,-12000
054426,國泰金富邦97購02,0,0,0,0,0,0,0,0,0,-12000,0,0,0,0,12000,-12000,-12000
055874,中環元富9A購01  ,0,0,0,0,0,0,0,0,0,-12000,0,0,0,0,12000,-12000,-12000
055591,全新元大98購01  ,0,0,0,0,0,0,0,0,0,-12000,0,0,0,32000,44000,-12000,-12000
055435,佳世達中信99購01,0,0,0,0,0,0,0,0,0,-12000,0,0,0,30000,42000,-12000,-12000
055418,華通永豐97購01  ,0,0,0,0,0,0,0,0,0,-12000,0,0,0,5000,17000,-12000,-12000
06145P,華新科永豐97售02,0,0,0,0,0,0,0,0,0,-12000,0,0,0,0,12000,-12000,-12000
06237P,台積電元大97售26,0,0,0,0,0,0,0,0,0,-12000,0,0,0,0,12000,-12000,-12000
05719P,可成元大96售03  ,0,0,0,0,0,0,0,0,0,-12000,0,0,0,148000,160000,-12000,-12000
046755,瑞昱凱基93購05  ,0,0,0,0,0,0,0,0,0,-12000,0,0,0,0,12000,-12000,-12000
046647,高鐵國泰93購01  ,0,0,0,0,0,0,0,0,0,-12000,0,0,0,0,12000,-12000,-12000
046495,鴻海元大92購15  ,0,0,0,0,0,0,0,0,0,-12000,0,0,0,0,12000,-12000,-12000
046467,台虹凱基92購02  ,0,0,0,0,0,0,0,0,0,-12000,0,0,0,0,12000,-12000,-12000
04862P,台積電元大94售26,0,0,0,0,0,0,0,0,0,-12000,0,0,0,0,12000,-12000,-12000
05061P,鴻海富邦96售03  ,0,0,0,0,0,0,0,0,0,-12000,0,0,0,0,12000,-12000,-12000
050639,GIS國票96購01   ,0,0,0,0,0,0,0,0,0,-12000,0,0,0,180000,192000,-12000,-12000
050372,全新元大96購03  ,0,0,0,0,0,0,0,0,0,-12000,0,0,0,23000,35000,-12000,-12000
048218,上銀凱基93購07  ,0,0,0,0,0,0,0,0,0,-12000,0,0,0,218000,230000,-12000,-12000
047446,TPK元大94購01   ,0,0,0,0,0,0,0,0,0,-12000,0,0,0,0,12000,-12000,-12000
049317,啟碁凱基94購02  ,0,0,0,0,0,0,0,0,0,-12000,0,0,0,0,12000,-12000,-12000
04958P,和大凱基94售04  ,0,0,0,0,0,0,0,0,0,-12000,0,0,0,0,12000,-12000,-12000
049577,台達電元大94購08,0,0,0,0,0,0,0,0,0,-12000,0,0,0,0,12000,-12000,-12000
049449,宏碁統一94購01  ,0,0,0,0,0,0,0,0,0,-12000,0,0,0,20000,32000,-12000,-12000
04808P,訊芯永豐94售02  ,0,0,0,0,0,0,0,0,0,-12000,0,0,0,0,12000,-12000,-12000
049403,欣興群益94購03  ,0,0,0,0,0,0,0,0,0,-12000,0,0,0,0,12000,-12000,-12000
049242,佳世達元富96購01,0,0,0,0,0,0,0,0,0,-12000,0,0,0,15000,27000,-12000,-12000
049915,瑞昱元大94購07  ,0,0,0,0,0,0,0,0,0,-12000,0,0,0,53000,65000,-12000,-12000
051160,亞德客元大95購02,0,0,0,0,0,0,0,0,0,-12000,0,0,0,47000,59000,-12000,-12000
051235,鴻海元大95購06  ,0,0,0,0,0,0,0,0,0,-12000,0,0,0,76000,88000,-12000,-12000
050946,瑞昱群益95購01  ,0,0,0,0,0,0,0,0,0,-12000,0,0,0,15000,27000,-12000,-12000
05146P,鴻海元大95售10  ,0,0,0,0,0,0,0,0,0,-12000,0,0,0,124000,136000,-12000,-12000
051472,台積電凱基95購09,0,0,0,0,0,0,0,0,0,-12000,0,0,0,5000,17000,-12000,-12000
051836,華通國泰95購02  ,0,0,0,0,0,0,0,0,0,-12000,0,0,0,27000,39000,-12000,-12000
051710,和碩群益95購01  ,0,0,0,0,0,0,0,0,0,-12000,0,0,0,0,12000,-12000,-12000
052327,聯詠中信95購03  ,0,0,0,0,0,0,0,0,0,-12000,0,0,0,0,12000,-12000,-12000
053470,華邦電元大96購02,0,0,0,0,0,0,0,0,0,-12000,0,0,0,90000,102000,-12000,-12000
053409,和碩兆豐96購02  ,0,0,0,0,0,0,0,0,0,-12000,0,0,0,0,12000,-12000,-12000
053754,英業達元富96購02,0,0,0,0,0,0,0,0,0,-12000,0,0,0,0,12000,-12000,-12000
05368P,可成元富95售03  ,0,0,0,0,0,0,0,0,0,-12000,0,0,0,0,12000,-12000,-12000
053582,英業達元大97購01,0,0,0,0,0,0,0,0,0,-12000,0,0,0,2000,14000,-12000,-12000
052509,鴻海凱基96購10  ,0,0,0,0,0,0,0,0,0,-12000,0,0,0,0,12000,-12000,-12000
05284P,鴻海兆豐95售04  ,0,0,0,0,0,0,0,0,0,-12000,0,0,0,0,12000,-12000,-12000
052820,宏達電永豐96購01,0,0,0,0,0,0,0,0,0,-12000,0,0,0,0,12000,-12000,-12000
053103,瀚宇博元富96購01,0,0,0,0,0,0,0,0,0,-12000,0,0,0,0,12000,-12000,-12000
6573,虹揚-KY         ,2000,14000,-12000,0,0,0,0,0,0,0,0,0,0,0,0,0,-12000
9136,巨騰-DR         ,1000,13000,-12000,0,0,0,0,0,0,0,0,0,0,0,0,0,-12000
2477,美隆電          ,13000,23000,-10000,0,0,0,0,0,0,-2000,0,2000,-2000,0,0,0,-12000
2228,劍麟            ,23000,35000,-12000,0,0,0,0,0,0,0,0,0,0,0,0,0,-12000
3705,永信            ,14000,26000,-12000,0,0,0,0,0,0,0,0,0,0,0,0,0,-12000
06215P,康控永豐97售02  ,0,0,0,0,0,0,0,0,0,-13000,0,0,0,0,13000,-13000,-13000
06219P,國巨元富97售05  ,0,0,0,0,0,0,0,0,0,-13000,0,0,0,4000,17000,-13000,-13000
06179P,國巨群益97售04  ,0,0,0,0,0,0,0,0,0,-13000,0,0,0,31000,44000,-13000,-13000
055510,GIS元大97購03   ,0,0,0,0,0,0,0,0,0,-13000,0,0,0,0,13000,-13000,-13000
055324,TPK國票98購03   ,0,0,0,0,0,0,0,0,0,-13000,0,0,0,55000,68000,-13000,-13000
055684,京鼎凱基97購01  ,0,0,0,0,0,0,0,0,0,-13000,0,0,0,0,13000,-13000,-13000
055844,大毅元大98購01  ,0,0,0,0,0,0,0,0,0,-13000,0,0,0,207000,220000,-13000,-13000
054552,聯發科凱基98購03,0,0,0,0,0,0,0,0,0,-13000,0,0,0,108000,121000,-13000,-13000
054002,GIS群益96購03   ,0,0,0,0,0,0,0,0,0,-13000,0,0,0,0,13000,-13000,-13000
054011,旺宏永豐96購05  ,0,0,0,0,0,0,0,0,0,-13000,0,0,0,3000,16000,-13000,-13000
053931,楠梓電統一96購01,0,0,0,0,0,0,0,0,0,-13000,0,0,0,0,13000,-13000,-13000
055157,晶豪科元大97購01,0,0,0,0,0,0,0,0,0,-13000,0,0,0,31000,44000,-13000,-13000
055061,聯詠永豐97購01  ,0,0,0,0,0,0,0,0,0,-13000,0,0,0,0,13000,-13000,-13000
055112,晶豪科凱基98購01,0,0,0,0,0,0,0,0,0,-13000,0,0,0,0,13000,-13000,-13000
054759,台化國票98購01  ,0,0,0,0,0,0,0,0,0,-13000,0,0,0,0,13000,-13000,-13000
046480,群創元富96購01  ,0,0,0,0,0,0,0,0,0,-13000,0,0,0,0,13000,-13000,-13000
046511,欣興元大92購08  ,0,0,0,0,0,0,0,0,0,-13000,0,0,0,74000,87000,-13000,-13000
046856,健鼎元大93購01  ,0,0,0,0,0,0,0,0,0,-13000,0,0,0,0,13000,-13000,-13000
046899,鴻海凱基93購21  ,0,0,0,0,0,0,0,0,0,-13000,0,0,0,0,13000,-13000,-13000
049916,台光電元大94購06,0,0,0,0,0,0,0,0,0,-13000,0,0,0,1000,14000,-13000,-13000
049463,華新科富邦97購01,0,0,0,0,0,0,0,0,0,-13000,0,0,0,3000,16000,-13000,-13000
049583,台積電元大95購04,0,0,0,0,0,0,0,0,0,-13000,0,0,0,20000,33000,-13000,-13000
049695,新光金元大9A購01,0,0,0,0,0,0,0,0,0,-13000,0,0,0,0,13000,-13000,-13000
049427,瑞昱兆豐94購01  ,0,0,0,0,0,0,0,0,0,-13000,0,0,0,11000,24000,-13000,-13000
047670,矽力永豐93購01  ,0,0,0,0,0,0,0,0,0,-13000,0,0,0,7000,20000,-13000,-13000
050296,亞光凱基94購03  ,0,0,0,0,0,0,0,0,0,-13000,0,0,0,44000,57000,-13000,-13000
050762,楠梓電元大94購02,0,0,0,0,0,0,0,0,0,-13000,0,0,0,0,13000,-13000,-13000
053086,宏達電元大97購01,0,0,0,0,0,0,0,0,0,-13000,0,0,0,8000,21000,-13000,-13000
052936,華通兆豐98購01  ,0,0,0,0,0,0,0,0,0,-13000,0,0,0,0,13000,-13000,-13000
052215,樺漢元大96購02  ,0,0,0,0,0,0,0,0,0,-13000,0,0,0,0,13000,-13000,-13000
051765,健鼎元大95購03  ,0,0,0,0,0,0,0,0,0,-13000,0,0,0,0,13000,-13000,-13000
051485,玉晶光凱基97購02,0,0,0,0,0,0,0,0,0,-13000,0,0,0,8000,21000,-13000,-13000
051360,緯創元大95購03  ,0,0,0,0,0,0,0,0,0,-13000,0,0,0,146000,159000,-13000,-13000
051589,健鼎元大95購02  ,0,0,0,0,0,0,0,0,0,-13000,0,0,0,0,13000,-13000,-13000
050997,麗豐元大95購03  ,0,0,0,0,0,0,0,0,0,-13000,0,0,0,2000,15000,-13000,-13000
051227,技嘉群益97購01  ,0,0,0,0,0,0,0,0,0,-13000,0,0,0,20000,33000,-13000,-13000
5533,皇鼎            ,15000,28000,-13000,0,0,0,0,0,0,0,0,0,0,0,0,0,-13000
2731,雄獅            ,9000,22000,-13000,0,0,0,0,0,0,0,0,0,0,0,0,0,-13000
2208,台船            ,20000,31000,-11000,0,0,0,0,0,0,-2000,0,2000,-2000,0,0,0,-13000
2609,陽明            ,18000,31000,-13000,0,0,0,0,0,0,0,0,0,0,0,0,0,-13000
5906,台南-KY         ,7000,3000,4000,0,0,0,0,0,0,-17000,0,17000,-17000,0,0,0,-13000
5706,鳳凰            ,2000,15000,-13000,0,0,0,0,0,0,0,0,0,0,0,0,0,-13000
6409,旭隼            ,105000,113000,-8000,0,0,0,0,6000,-6000,1000,1000,0,1000,0,0,0,-13000
5469,瀚宇博          ,386000,387000,-1000,0,0,0,39000,26359,12641,-25000,0,7000,-7000,44000,62000,-18000,-13359
054573,漢唐元大98購01  ,0,0,0,0,0,0,0,0,0,-14000,0,0,0,1000,15000,-14000,-14000
055132,台虹康和97購01  ,0,0,0,0,0,0,0,0,0,-14000,0,0,0,0,14000,-14000,-14000
05612P,台積電元大96售13,0,0,0,0,0,0,0,0,0,-14000,0,0,0,0,14000,-14000,-14000
055311,健策群益98購02  ,0,0,0,0,0,0,0,0,0,-14000,0,0,0,21000,35000,-14000,-14000
05535P,台積電元大97售06,0,0,0,0,0,0,0,0,0,-14000,0,0,0,10000,24000,-14000,-14000
05720P,可成中信98售01  ,0,0,0,0,0,0,0,0,0,-14000,0,0,0,0,14000,-14000,-14000
05994P,奇鋐元大96售02  ,0,0,0,0,0,0,0,0,0,-14000,0,0,0,5000,19000,-14000,-14000
05961P,鴻海群益97售01  ,0,0,0,0,0,0,0,0,0,-14000,0,0,0,38000,52000,-14000,-14000
045572,元油2X元大98購01,0,0,0,0,0,0,0,0,0,-14000,0,0,0,6000,20000,-14000,-14000
03921P,亞光凱基94售01  ,0,0,0,0,0,0,0,0,0,-14000,0,0,0,0,14000,-14000,-14000
048638,台光電元大94購01,0,0,0,0,0,0,0,0,0,-14000,0,0,0,1000,15000,-14000,-14000
04624P,台積電元大94售14,0,0,0,0,0,0,0,0,0,-14000,0,0,0,0,14000,-14000,-14000
050539,鴻海凱基95購07  ,0,0,0,0,0,0,0,0,0,-14000,0,0,0,16000,30000,-14000,-14000
047434,台積電元大93購21,0,0,0,0,0,0,0,0,0,-14000,0,0,0,13000,27000,-14000,-14000
047047,旺宏國票95購01  ,0,0,0,0,0,0,0,0,0,-14000,0,0,0,9000,23000,-14000,-14000
050174,技嘉元大94購01  ,0,0,0,0,0,0,0,0,0,-14000,0,0,0,113000,127000,-14000,-14000
049203,智邦群益94購01  ,0,0,0,0,0,0,0,0,0,-14000,0,0,0,0,14000,-14000,-14000
047839,景碩元大93購03  ,0,0,0,0,0,0,0,0,0,-14000,0,0,0,15000,29000,-14000,-14000
051687,大立光凱基95購12,0,0,0,0,0,0,0,0,0,-14000,0,0,0,4000,18000,-14000,-14000
051570,和碩富邦97購01  ,0,0,0,0,0,0,0,0,0,-14000,0,0,0,5000,19000,-14000,-14000
051348,國巨元大95購07  ,0,0,0,0,0,0,0,0,0,-14000,0,0,0,1000,15000,-14000,-14000
051368,國泰金富邦97購01,0,0,0,0,0,0,0,0,0,-14000,0,0,0,10000,24000,-14000,-14000
051807,瑞昱凱基95購03  ,0,0,0,0,0,0,0,0,0,-14000,0,0,0,13000,27000,-14000,-14000
052043,瑞昱日盛95購01  ,0,0,0,0,0,0,0,0,0,-14000,0,0,0,164000,178000,-14000,-14000
053154,聯詠元大96購01  ,0,0,0,0,0,0,0,0,0,-14000,0,0,0,51000,65000,-14000,-14000
052715,可成凱基96購01  ,0,0,0,0,0,0,0,0,0,-14000,0,0,0,11000,25000,-14000,-14000
05262P,台積電元大95售19,0,0,0,0,0,0,0,0,0,-14000,0,0,0,0,14000,-14000,-14000
053557,聯茂凱基96購04  ,0,0,0,0,0,0,0,0,0,-14000,0,0,0,1000,15000,-14000,-14000
053319,可成群益96購04  ,0,0,0,0,0,0,0,0,0,-14000,0,0,0,29000,43000,-14000,-14000
4960,誠美材          ,0,14000,-14000,0,0,0,0,0,0,0,0,0,0,0,0,0,-14000
2748,雲品            ,2000,1000,1000,0,0,0,0,15000,-15000,0,0,0,0,0,0,0,-14000
2472,立隆電          ,19000,49000,-30000,0,0,0,12000,0,12000,4000,5000,1000,4000,0,0,0,-14000
2417,圓剛            ,2000,16000,-14000,0,0,0,0,0,0,0,0,0,0,0,0,0,-14000
2022,聚亨            ,8000,21000,-13000,0,0,0,0,0,0,-1000,0,1000,-1000,0,0,0,-14000
8081,致新            ,252000,138000,114000,0,0,0,0,10000,-10000,-118000,2000,3000,-1000,0,117000,-117000,-14000
2832,台產            ,3000,15437,-12437,0,0,0,0,0,0,-2000,0,2000,-2000,0,0,0,-14437
05986P,大立光統一97售03,0,0,0,0,0,0,0,0,0,-15000,0,0,0,21000,36000,-15000,-15000
05975P,國巨日盛99售02  ,0,0,0,0,0,0,0,0,0,-15000,0,0,0,36000,51000,-15000,-15000
05870P,聯發科凱基96售19,0,0,0,0,0,0,0,0,0,-15000,0,0,0,0,15000,-15000,-15000
05784P,臺股指元大96售18,0,0,0,0,0,0,0,0,0,-15000,0,0,0,0,15000,-15000,-15000
06315P,臺股指元富97售02,0,0,0,0,0,0,0,0,0,-15000,0,0,0,0,15000,-15000,-15000
06326P,鴻海中信01售01  ,0,0,0,0,0,0,0,0,0,-15000,0,0,0,0,15000,-15000,-15000
055368,台積電元大97購24,0,0,0,0,0,0,0,0,0,-15000,0,0,0,0,15000,-15000,-15000
055372,宏達電元大97購04,0,0,0,0,0,0,0,0,0,-15000,0,0,0,0,15000,-15000,-15000
055423,亞光亞東99購01  ,0,0,0,0,0,0,0,0,0,-15000,0,0,0,0,15000,-15000,-15000
055826,中石化元大97購01,0,0,0,0,0,0,0,0,0,-15000,0,0,0,0,15000,-15000,-15000
055743,TPK元富98購01   ,0,0,0,0,0,0,0,0,0,-15000,0,0,0,0,15000,-15000,-15000
055706,大立光永豐97購03,0,0,0,0,0,0,0,0,0,-15000,0,0,0,20000,35000,-15000,-15000
055156,華新科元大99購02,0,0,0,0,0,0,0,0,0,-15000,0,0,0,115000,130000,-15000,-15000
055169,光罩統一99購01  ,0,0,0,0,0,0,0,0,0,-15000,0,0,0,118000,133000,-15000,-15000
055000,玉晶光元富97購04,0,0,0,0,0,0,0,0,0,-15000,0,0,0,0,15000,-15000,-15000
055002,群創元富99購04  ,0,0,0,0,0,0,0,0,0,-15000,0,0,0,25000,40000,-15000,-15000
05401P,聯茂永豐95售03  ,0,0,0,0,0,0,0,0,0,-15000,0,0,0,1000,16000,-15000,-15000
054362,亞光凱基96購03  ,0,0,0,0,0,0,0,0,0,-15000,0,0,0,12000,27000,-15000,-15000
045043,台達電凱基93購01,0,0,0,0,0,0,0,0,0,-15000,0,0,0,0,15000,-15000,-15000
045215,鴻海元大92購05  ,0,0,0,0,0,0,0,0,0,-15000,0,0,0,0,15000,-15000,-15000
048731,創意麥證94購01  ,0,0,0,35000,50000,-15000,0,0,0,-15000,0,0,0,35000,50000,-15000,-15000
046694,智邦凱基93購01  ,0,0,0,0,0,0,0,0,0,-15000,0,0,0,39000,54000,-15000,-15000
045891,健鼎元大92購01  ,0,0,0,0,0,0,0,0,0,-15000,0,0,0,0,15000,-15000,-15000
046016,緯穎元富92購04  ,0,0,0,0,0,0,0,0,0,-15000,0,0,0,25000,40000,-15000,-15000
044726,新日興永豐91購01,0,0,0,0,0,0,0,0,0,-15000,0,0,0,0,15000,-15000,-15000
044340,TPK統一93購01   ,0,0,0,0,0,0,0,0,0,-15000,0,0,0,28000,43000,-15000,-15000
040508,上証2X國泰93購01,0,0,0,0,0,0,0,0,0,-15000,0,0,0,2000,17000,-15000,-15000
045679,欣興元大94購01  ,0,0,0,0,0,0,0,0,0,-15000,0,0,0,1000,16000,-15000,-15000
04241P,欣興國泰95售02  ,0,0,0,0,0,0,0,0,0,-15000,0,0,0,5000,20000,-15000,-15000
04253P,聯發科元富93售01,0,0,0,0,0,0,0,0,0,-15000,0,0,0,0,15000,-15000,-15000
04381P,世紀鋼元大94售01,0,0,0,0,0,0,0,0,0,-15000,0,0,0,0,15000,-15000,-15000
048054,鴻海國泰95購01  ,0,0,0,0,0,0,0,0,0,-15000,0,0,0,5000,20000,-15000,-15000
048475,台郡永豐93購02  ,0,0,0,0,0,0,0,0,0,-15000,0,0,0,10000,25000,-15000,-15000
050191,和碩元大94購02  ,0,0,0,0,0,0,0,0,0,-15000,0,0,0,0,15000,-15000,-15000
047052,大毅國票93購01  ,0,0,0,0,0,0,0,0,0,-15000,0,0,0,36000,51000,-15000,-15000
049999,義隆永豐94購01  ,0,0,0,0,0,0,0,0,0,-15000,0,0,0,307000,322000,-15000,-15000
049649,信邦凱基94購01  ,0,0,0,0,0,0,0,0,0,-15000,0,0,0,0,15000,-15000,-15000
049501,台郡元大95購01  ,0,0,0,0,0,0,0,0,0,-15000,0,0,0,8000,23000,-15000,-15000
049842,道瓊反中信98購01,0,0,0,0,0,0,0,0,0,-15000,0,0,0,0,15000,-15000,-15000
049779,創意統一95購01  ,0,0,0,0,0,0,0,0,0,-15000,0,0,0,0,15000,-15000,-15000
047165,東陽康和93購01  ,0,0,0,0,0,0,0,0,0,-15000,0,0,0,15000,30000,-15000,-15000
050443,復盛凱基94購02  ,0,0,0,0,0,0,0,0,0,-15000,0,0,0,4000,19000,-15000,-15000
050610,鴻海元大94購24  ,0,0,0,0,0,0,0,0,0,-15000,0,0,0,181000,196000,-15000,-15000
05057P,鴻海國票96售01  ,0,0,0,0,0,0,0,0,0,-15000,0,0,0,0,15000,-15000,-15000
050573,光寶科國票94購01,0,0,0,0,0,0,0,0,0,-15000,0,0,0,11000,26000,-15000,-15000
05089P,亞德客元大95售01,0,0,0,0,0,0,0,0,0,-15000,0,0,0,0,15000,-15000,-15000
050834,啟碁凱基95購01  ,0,0,0,0,0,0,0,0,0,-15000,0,0,0,100000,115000,-15000,-15000
053554,欣興凱基97購02  ,0,0,0,0,0,0,0,0,0,-15000,0,0,0,0,15000,-15000,-15000
053816,聯發科群益96購02,0,0,0,0,0,0,0,0,0,-15000,0,0,0,30000,45000,-15000,-15000
052573,智伸科凱基97購01,0,0,0,0,0,0,0,0,0,-15000,0,0,0,0,15000,-15000,-15000
05273P,國巨群益95售02  ,0,0,0,0,0,0,0,0,0,-15000,0,0,0,0,15000,-15000,-15000
052787,國巨中信96購02  ,0,0,0,0,0,0,0,0,0,-15000,0,0,0,15000,30000,-15000,-15000
053111,緯創兆豐97購01  ,0,0,0,0,0,0,0,0,0,-15000,0,0,0,1000,16000,-15000,-15000
052974,瀚宇博群益96購01,0,0,0,0,0,0,0,0,0,-15000,0,0,0,0,15000,-15000,-15000
052989,麗豐元大98購01  ,0,0,0,0,0,0,0,0,0,-15000,0,0,0,0,15000,-15000,-15000
052298,易華電國票96購01,0,0,0,0,0,0,0,0,0,-15000,0,0,0,0,15000,-15000,-15000
052448,新光金元大96購03,0,0,0,0,0,0,0,0,0,-15000,0,0,0,0,15000,-15000,-15000
05134P,鴻海凱基96售06  ,0,0,0,0,0,0,0,0,0,-15000,0,0,0,0,15000,-15000,-15000
051001,緯穎元大96購02  ,0,0,0,0,0,0,0,0,0,-15000,0,0,0,34000,49000,-15000,-15000
051021,啟碁凱基95購02  ,0,0,0,0,0,0,0,0,0,-15000,0,0,0,175000,190000,-15000,-15000
050963,強茂永豐95購01  ,0,0,0,0,0,0,0,0,0,-15000,0,0,0,0,15000,-15000,-15000
051064,鴻海國票95購01  ,0,0,0,0,0,0,0,0,0,-15000,0,0,0,0,15000,-15000,-15000
051112,台郡統一95購01  ,0,0,0,0,0,0,0,0,0,-15000,0,0,0,10000,25000,-15000,-15000
054538,台光電國票98購01,0,0,0,0,0,0,0,0,0,-16000,0,0,0,13000,29000,-16000,-16000
053891,欣興群益98購01  ,0,0,0,0,0,0,0,0,0,-16000,0,0,0,46000,62000,-16000,-16000
054051,貿聯元大97購03  ,0,0,0,0,0,0,0,0,0,-16000,0,0,0,21000,37000,-16000,-16000
054174,宏達電台新97購01,0,0,0,0,0,0,0,0,0,-16000,0,0,0,0,16000,-16000,-16000
055182,京鼎統一98購01  ,0,0,0,0,0,0,0,0,0,-16000,0,0,0,0,16000,-16000,-16000
054670,康友元富97購01  ,0,0,0,0,0,0,0,0,0,-16000,0,0,0,20000,36000,-16000,-16000
055800,欣興永豐97購02  ,0,0,0,0,0,0,0,0,0,-16000,0,0,0,1000,17000,-16000,-16000
055785,祥碩凱基97購02  ,0,0,0,0,0,0,0,0,0,-16000,0,0,0,5000,21000,-16000,-16000
06283P,祥碩永豐97售01  ,0,0,0,0,0,0,0,0,0,-16000,0,0,0,29000,45000,-16000,-16000
05796P,臺股指群益96售10,0,0,0,0,0,0,0,0,0,-16000,0,0,0,0,16000,-16000,-16000
05649P,矽創國票97售03  ,0,0,0,0,0,0,0,0,0,-16000,0,0,0,0,16000,-16000,-16000
05978P,麗豐永豐96售02  ,0,0,0,0,0,0,0,0,0,-16000,0,0,0,96000,112000,-16000,-16000
042480,創意元大91購02  ,0,0,0,0,0,0,0,0,0,-16000,0,0,0,4000,20000,-16000,-16000
046746,儒鴻凱基93購03  ,0,0,0,0,0,0,0,0,0,-16000,0,0,0,4000,20000,-16000,-16000
046792,京元電元富96購01,0,0,0,0,0,0,0,0,0,-16000,0,0,0,80000,96000,-16000,-16000
03576P,台灣50元富06售01,0,0,0,0,0,0,0,0,0,-16000,0,0,0,0,16000,-16000,-16000
044490,鴻海元大91購10  ,0,0,0,0,0,0,0,0,0,-16000,0,0,0,0,16000,-16000,-16000
048533,景碩國票94購01  ,0,0,0,0,0,0,0,0,0,-16000,0,0,0,166000,182000,-16000,-16000
046263,智邦凱基92購05  ,0,0,0,0,0,0,0,0,0,-16000,0,0,0,0,16000,-16000,-16000
045354,緯創凱基92購01  ,0,0,0,0,0,0,0,0,0,-16000,0,0,0,0,16000,-16000,-16000
04765P,宏達電永豐94售02,0,0,0,0,0,0,0,0,0,-16000,0,0,0,0,16000,-16000,-16000
048933,晶豪科永豐94購01,0,0,0,0,0,0,0,0,0,-16000,0,0,0,0,16000,-16000,-16000
048445,瑞昱凱基93購11  ,0,0,0,0,0,0,0,0,0,-16000,0,0,0,16000,32000,-16000,-16000
051066,台積電國票96購02,0,0,0,0,0,0,0,0,0,-16000,0,0,0,3000,19000,-16000,-16000
05094P,大立光元大95售07,0,0,0,0,0,0,0,0,0,-16000,0,0,0,0,16000,-16000,-16000
051474,智邦凱基95購04  ,0,0,0,0,0,0,0,0,0,-16000,0,0,0,0,16000,-16000,-16000
051684,瑞昱凱基95購02  ,0,0,0,0,0,0,0,0,0,-16000,0,0,0,19000,35000,-16000,-16000
051610,GIS群益95購02   ,0,0,0,0,0,0,0,0,0,-16000,0,0,0,30000,46000,-16000,-16000
052350,鴻海統一96購06  ,0,0,0,0,0,0,0,0,0,-16000,0,0,0,0,16000,-16000,-16000
051715,和碩台新95購01  ,0,0,0,0,0,0,0,0,0,-16000,0,0,0,0,16000,-16000,-16000
052501,茂林永豐95購04  ,0,0,0,0,0,0,0,0,0,-16000,0,0,0,113000,129000,-16000,-16000
053434,國泰金日盛96購01,0,0,0,0,0,0,0,0,0,-16000,0,0,0,0,16000,-16000,-16000
053490,為升兆豐97購01  ,0,0,0,0,0,0,0,0,0,-16000,0,0,0,32000,48000,-16000,-16000
3591,艾笛森          ,0,7000,-7000,0,0,0,0,0,0,-9000,0,9000,-9000,0,0,0,-16000
6591,動力-KY         ,78000,90000,-12000,0,0,0,0,0,0,-4000,0,4000,-4000,0,0,0,-16000
9902,台火            ,2000,16000,-14000,0,0,0,0,0,0,-2000,0,2000,-2000,0,0,0,-16000
06189P,華新科永豐97售03,0,0,0,0,0,0,0,0,0,-17000,0,0,0,0,17000,-17000,-17000
05626P,景碩國票97售03  ,0,0,0,0,0,0,0,0,0,-17000,0,0,0,0,17000,-17000,-17000
055490,台光電元大97購01,0,0,0,0,0,0,0,0,0,-17000,0,0,0,33000,50000,-17000,-17000
055307,瑞昱群益97購02  ,0,0,0,0,0,0,0,0,0,-17000,0,0,0,5000,22000,-17000,-17000
055301,台虹元大97購01  ,0,0,0,0,0,0,0,0,0,-17000,0,0,0,0,17000,-17000,-17000
054219,楠梓電統一97購01,0,0,0,0,0,0,0,0,0,-17000,0,0,0,0,17000,-17000,-17000
045163,瀚宇博國泰93購01,0,0,0,0,0,0,0,0,0,-17000,0,0,0,20000,37000,-17000,-17000
048849,光寶科群益94購01,0,0,0,0,0,0,0,0,0,-17000,0,0,0,0,17000,-17000,-17000
048697,華新科國票94購06,0,0,0,0,0,0,0,0,0,-17000,0,0,0,0,17000,-17000,-17000
044824,元油2X永豐93購02,0,0,0,0,0,0,0,0,0,-17000,0,0,0,0,17000,-17000,-17000
046300,嘉聯益富邦94購01,0,0,0,0,0,0,0,0,0,-17000,0,0,0,0,17000,-17000,-17000
042191,元油2X富邦93購01,0,0,0,0,0,0,0,0,0,-17000,0,0,0,3000,20000,-17000,-17000
042906,鴻海元大92購01  ,0,0,0,0,0,0,0,0,0,-17000,0,0,0,2000,19000,-17000,-17000
049115,創意統一94購03  ,0,0,0,0,0,0,0,0,0,-17000,0,0,0,118000,135000,-17000,-17000
048217,亞德客凱基93購06,0,0,0,0,0,0,0,0,0,-17000,0,0,0,20000,37000,-17000,-17000
053294,聯發科中信9C購01,0,0,0,0,0,0,0,0,0,-17000,0,0,0,23000,40000,-17000,-17000
05381P,聯詠群益95售02  ,0,0,0,0,0,0,0,0,0,-17000,0,0,0,5000,22000,-17000,-17000
053535,宏達電永豐96購02,0,0,0,0,0,0,0,0,0,-17000,0,0,0,5000,22000,-17000,-17000
052616,鴻海國泰98購02  ,0,0,0,0,0,0,0,0,0,-17000,0,0,0,35000,52000,-17000,-17000
052001,寶成元大95購02  ,0,0,0,0,0,0,0,0,0,-17000,0,0,0,0,17000,-17000,-17000
052292,緯穎元富95購02  ,0,0,0,0,0,0,0,0,0,-17000,0,0,0,19000,36000,-17000,-17000
052454,力成元大95購02  ,0,0,0,0,0,0,0,0,0,-17000,0,0,0,0,17000,-17000,-17000
052090,聯發科元大97購03,0,0,0,0,0,0,0,0,0,-17000,0,0,0,12000,29000,-17000,-17000
3416,融程電          ,6000,0,6000,0,0,0,0,0,0,-23000,0,23000,-23000,0,0,0,-17000
3015,全漢            ,2000,19000,-17000,0,0,0,0,0,0,0,0,0,0,0,0,0,-17000
1592,英瑞-KY         ,3000,20000,-17000,0,0,0,0,0,0,0,0,0,0,0,0,0,-17000
054513,元金2X元大96購01,0,0,0,0,0,0,0,0,0,-18000,0,0,0,0,18000,-18000,-18000
054650,南亞麥證97購01  ,0,0,0,0,18000,-18000,0,0,0,-18000,0,0,0,0,18000,-18000,-18000
055220,緯穎凱基98購02  ,0,0,0,0,0,0,0,0,0,-18000,0,0,0,0,18000,-18000,-18000
05494P,華邦電統一95售02,0,0,0,0,0,0,0,0,0,-18000,0,0,0,1000,19000,-18000,-18000
055298,啟碁元大97購02  ,0,0,0,0,0,0,0,0,0,-18000,0,0,0,0,18000,-18000,-18000
055224,鴻海國票99購02  ,0,0,0,0,0,0,0,0,0,-18000,0,0,0,0,18000,-18000,-18000
06159P,牧德元富97售02  ,0,0,0,0,0,0,0,0,0,-18000,0,0,0,0,18000,-18000,-18000
05916P,聯發科元大96售20,0,0,0,0,0,0,0,0,0,-18000,0,0,0,100000,118000,-18000,-18000
05630P,大立光永昌96售06,0,0,0,0,0,0,0,0,0,-18000,0,0,0,19000,37000,-18000,-18000
045653,南茂凱基93購02  ,0,0,0,0,0,0,0,0,0,-18000,0,0,0,0,18000,-18000,-18000
043913,富邦金凱基92購01,0,0,0,0,0,0,0,0,0,-18000,0,0,0,0,18000,-18000,-18000
046345,世紀鋼國票93購01,0,0,0,0,0,0,0,0,0,-18000,0,0,0,52000,70000,-18000,-18000
046061,中石化凱基98購01,0,0,0,0,0,0,0,0,0,-18000,0,0,0,26000,44000,-18000,-18000
046024,鴻海元大92購11  ,0,0,0,0,0,0,0,0,0,-18000,0,0,0,3000,21000,-18000,-18000
046466,台虹凱基92購01  ,0,0,0,0,0,0,0,0,0,-18000,0,0,0,0,18000,-18000,-18000
048637,鴻海元大96購01  ,0,0,0,0,0,0,0,0,0,-18000,0,0,0,5000,23000,-18000,-18000
049411,大成鋼凱基94購01,0,0,0,0,0,0,0,0,0,-18000,0,0,0,105000,123000,-18000,-18000
04814P,健策元大96售01  ,0,0,0,0,0,0,0,0,0,-18000,0,0,0,10000,28000,-18000,-18000
047523,瑞昱元大93購09  ,0,0,0,0,0,0,0,0,0,-18000,0,0,0,12000,30000,-18000,-18000
047160,台郡國票94購01  ,0,0,0,0,0,0,0,0,0,-18000,0,0,0,444000,462000,-18000,-18000
047190,聯茂元大93購03  ,0,0,0,0,0,0,0,0,0,-18000,0,0,0,12000,30000,-18000,-18000
050861,鴻海永豐95購01  ,0,0,0,0,0,0,0,0,0,-18000,0,0,0,22000,40000,-18000,-18000
050612,台積電元大95購06,0,0,0,0,0,0,0,0,0,-18000,0,0,0,0,18000,-18000,-18000
050306,聯發科中信97購01,0,0,0,0,0,0,0,0,0,-18000,0,0,0,34000,52000,-18000,-18000
047390,富邦金元大93購01,0,0,0,0,0,0,0,0,0,-18000,0,0,0,0,18000,-18000,-18000
049157,矽創元大95購01  ,0,0,0,0,0,0,0,0,0,-18000,0,0,0,6000,24000,-18000,-18000
047822,臺股指凱基93購16,0,0,0,0,0,0,0,0,0,-18000,0,0,0,9000,27000,-18000,-18000
047939,亞德客國票93購02,0,0,0,0,0,0,0,0,0,-18000,0,0,0,0,18000,-18000,-18000
049901,瑞昱元富94購01  ,0,0,0,0,0,0,0,0,0,-18000,0,0,0,34000,52000,-18000,-18000
049681,旺宏統一94購04  ,0,0,0,0,0,0,0,0,0,-18000,0,0,0,68000,86000,-18000,-18000
049708,滬深2X凱基94購02,0,0,0,0,0,0,0,0,0,-18000,0,0,0,18000,36000,-18000,-18000
05244P,台積電元大95售17,0,0,0,0,0,0,0,0,0,-18000,0,0,0,10000,28000,-18000,-18000
051249,潤泰全元大95購01,0,0,0,0,0,0,0,0,0,-18000,0,0,0,0,18000,-18000,-18000
052587,景碩永豐97購01  ,0,0,0,0,0,0,0,0,0,-18000,0,0,0,0,18000,-18000,-18000
052666,瑞昱群益96購01  ,0,0,0,0,0,0,0,0,0,-18000,0,0,0,10000,28000,-18000,-18000
052523,奇力新元大97購01,0,0,0,0,0,0,0,0,0,-18000,0,0,0,35000,53000,-18000,-18000
052771,GIS群益96購01   ,0,0,0,0,0,0,0,0,0,-18000,0,0,0,2000,20000,-18000,-18000
053024,國巨富邦97購02  ,0,0,0,0,0,0,0,0,0,-18000,0,0,0,31000,49000,-18000,-18000
053804,富邦金凱基96購01,0,0,0,0,0,0,0,0,0,-18000,0,0,0,0,18000,-18000,-18000
053540,健策永豐96購01  ,0,0,0,0,0,0,0,0,0,-18000,0,0,0,0,18000,-18000,-18000
053420,華邦電永豐96購01,0,0,0,0,0,0,0,0,0,-18000,0,0,0,20000,38000,-18000,-18000
3607,谷崧            ,5000,23000,-18000,0,0,0,0,0,0,0,0,0,0,0,0,0,-18000
9919,康那香          ,86000,109000,-23000,0,0,0,0,0,0,5000,20000,15000,5000,0,0,0,-18000
8499,鼎炫-KY         ,4000,27000,-23000,0,0,0,0,0,0,5000,5000,0,5000,0,0,0,-18000
06227P,大立光群益97售04,0,0,0,0,0,0,0,0,0,-19000,0,0,0,0,19000,-19000,-19000
055467,國巨凱基97購05  ,0,0,0,0,0,0,0,0,0,-19000,0,0,0,23000,42000,-19000,-19000
055536,嘉聯益群益99購02,0,0,0,0,0,0,0,0,0,-19000,0,0,0,11000,30000,-19000,-19000
055629,華新科永豐97購04,0,0,0,0,0,0,0,0,0,-19000,0,0,0,0,19000,-19000,-19000
054521,TPK元大96購03   ,0,0,0,0,0,0,0,0,0,-19000,0,0,0,99000,118000,-19000,-19000
048619,台表科凱基93購07,0,0,0,0,0,0,0,0,0,-19000,0,0,0,0,19000,-19000,-19000
048582,國泰金富邦93購01,0,0,0,0,0,0,0,0,0,-19000,0,0,0,0,19000,-19000,-19000
04252P,台達電元富93售02,0,0,0,0,0,0,0,0,0,-19000,0,0,0,1000,20000,-19000,-19000
045699,GIS兆豐92購02   ,0,0,0,0,0,0,0,0,0,-19000,0,0,0,20000,39000,-19000,-19000
049523,微星兆豐94購02  ,0,0,0,0,0,0,0,0,0,-19000,0,0,0,150000,169000,-19000,-19000
049456,上海銀統一94購03,0,0,0,0,0,0,0,0,0,-19000,0,0,0,0,19000,-19000,-19000
048002,景碩元大93購04  ,0,0,0,0,0,0,0,0,0,-19000,0,0,0,17000,36000,-19000,-19000
04972P,緯穎元富94售03  ,0,0,0,0,0,0,0,0,0,-19000,0,0,0,5000,24000,-19000,-19000
048247,聯發科兆豐93購03,0,0,0,0,0,0,0,0,0,-19000,0,0,0,1000,20000,-19000,-19000
047752,健鼎元富93購01  ,0,0,0,0,0,0,0,0,0,-19000,0,0,0,6000,25000,-19000,-19000
053407,台積電兆豐96購02,0,0,0,0,0,0,0,0,0,-19000,0,0,0,0,19000,-19000,-19000
053484,國巨國票97購03  ,0,0,0,0,0,0,0,0,0,-19000,0,0,0,89000,108000,-19000,-19000
053756,亞光元富96購02  ,0,0,0,0,0,0,0,0,0,-19000,0,0,0,0,19000,-19000,-19000
052998,拓凱康和96購01  ,0,0,0,0,0,0,0,0,0,-19000,0,0,0,11000,30000,-19000,-19000
052903,致茂國票97購01  ,0,0,0,0,0,0,0,0,0,-19000,0,0,0,0,19000,-19000,-19000
052915,創意元富96購01  ,0,0,0,0,0,0,0,0,0,-19000,0,0,0,90000,109000,-19000,-19000
052917,大立光富邦99購02,0,0,0,0,0,0,0,0,0,-19000,0,0,0,35000,54000,-19000,-19000
051709,TPK群益95購02   ,0,0,0,0,0,0,0,0,0,-19000,0,0,0,11000,30000,-19000,-19000
8341,日友            ,47000,64000,-17000,0,0,0,1000,1000,0,-2000,0,2000,-2000,0,0,0,-19000
3008,大立光          ,320769,329292,-8523,0,0,0,5000,5000,0,-11000,9000,19000,-10000,2000,3000,-1000,-19523
054539,欣興國票98購01  ,0,0,0,0,0,0,0,0,0,-20000,0,0,0,0,20000,-20000,-20000
05455P,聯詠日盛95售01  ,0,0,0,0,0,0,0,0,0,-20000,0,0,0,0,20000,-20000,-20000
054203,滬深2X國票96購03,0,0,0,0,0,0,0,0,0,-20000,0,0,0,0,20000,-20000,-20000
054075,GIS富邦97購02   ,0,0,0,0,0,0,0,0,0,-20000,0,0,0,100000,120000,-20000,-20000
055010,佐登元富97購01  ,0,0,0,0,0,0,0,0,0,-20000,0,0,0,0,20000,-20000,-20000
055151,台積電元大98購05,0,0,0,0,0,0,0,0,0,-20000,0,0,0,10000,30000,-20000,-20000
054604,麗豐台新98購01  ,0,0,0,0,0,0,0,0,0,-20000,0,0,0,0,20000,-20000,-20000
054605,鴻海永豐97購01  ,0,0,0,0,0,0,0,0,0,-20000,0,0,0,1000,21000,-20000,-20000
054756,世紀鋼凱基99購01,0,0,0,0,0,0,0,0,0,-20000,0,0,0,0,20000,-20000,-20000
05473P,聯詠統一97售02  ,0,0,0,0,0,0,0,0,0,-20000,0,0,0,0,20000,-20000,-20000
054834,帆宣中信97購01  ,0,0,0,0,0,0,0,0,0,-20000,0,0,0,0,20000,-20000,-20000
054827,宏全元大9A購01  ,0,1000,-1000,0,0,0,0,0,0,-19000,0,0,0,51000,70000,-19000,-20000
055569,聚陽統一98購01  ,0,0,0,0,0,0,0,0,0,-20000,0,0,0,0,20000,-20000,-20000
055553,聯發科凱基97購05,0,0,0,0,0,0,0,0,0,-20000,0,0,0,0,20000,-20000,-20000
055649,華新科元富97購03,0,0,0,0,0,0,0,0,0,-20000,0,0,0,68000,88000,-20000,-20000
055862,矽力元大97購04  ,0,0,0,0,0,0,0,0,0,-20000,0,0,0,0,20000,-20000,-20000
055914,大立光凱基97購13,0,0,0,0,0,0,0,0,0,-20000,0,0,0,0,20000,-20000,-20000
055811,國巨國票98購05  ,0,0,0,0,0,0,0,0,0,-20000,0,0,0,0,20000,-20000,-20000
055283,聯發科元大97購16,0,0,0,0,0,0,0,0,0,-20000,0,0,0,128000,148000,-20000,-20000
06302P,臺股指元大97售06,0,0,0,0,0,0,0,0,0,-20000,0,0,0,0,20000,-20000,-20000
06212P,華新科元大97售11,0,0,0,0,0,0,0,0,0,-20000,0,0,0,18000,38000,-20000,-20000
06214P,國巨國票98售04  ,0,0,0,0,0,0,0,0,0,-20000,0,0,0,0,20000,-20000,-20000
05663P,創意元富96售04  ,0,0,0,0,0,0,0,0,0,-20000,0,0,0,10000,30000,-20000,-20000
05659P,A50正2中信97售01,0,0,0,0,0,0,0,0,0,-20000,0,0,0,3000,23000,-20000,-20000
05694P,台積電凱基96售09,0,0,0,0,0,0,0,0,0,-20000,0,0,0,0,20000,-20000,-20000
044182,鴻海元富92購01  ,0,0,0,0,0,0,0,0,0,-20000,0,0,0,40000,60000,-20000,-20000
045569,元油2X元大92購01,0,0,0,0,0,0,0,0,0,-20000,0,0,0,2000,22000,-20000,-20000
04379P,大立光元大94售06,0,0,0,0,0,0,0,0,0,-20000,0,0,0,0,20000,-20000,-20000
04404P,玉晶光國票94售01,0,0,0,0,0,0,0,0,0,-20000,0,0,0,0,20000,-20000,-20000
043394,易華電元大94購01,0,0,0,0,0,0,0,0,0,-20000,0,0,0,0,20000,-20000,-20000
044356,創意元大92購04  ,0,0,0,0,0,0,0,0,0,-20000,0,0,0,0,20000,-20000,-20000
044379,A50正2群益92購01,0,0,0,0,0,0,0,0,0,-20000,0,0,0,0,20000,-20000,-20000
044411,A50正2統一93購01,0,0,0,0,0,0,0,0,0,-20000,0,0,0,0,20000,-20000,-20000
044230,台表科群益91購03,0,0,0,0,0,0,0,0,0,-20000,0,0,0,0,20000,-20000,-20000
03909P,奇鋐元大93售04  ,0,0,0,0,0,0,0,0,0,-20000,0,0,0,0,20000,-20000,-20000
03887P,大立光元富93售02,0,0,0,0,0,0,0,0,0,-20000,0,0,0,0,20000,-20000,-20000
03832P,臺股指中信95售03,0,0,0,0,0,0,0,0,0,-20000,0,0,0,0,20000,-20000,-20000
03109P,台積電元大01售41,0,0,0,0,0,0,0,0,0,-20000,0,0,0,180000,200000,-20000,-20000
03183P,鴻海元大01售28  ,0,0,0,0,0,0,0,0,0,-20000,0,0,0,0,20000,-20000,-20000
048577,GIS國泰94購01   ,0,0,0,0,0,0,0,0,0,-20000,0,0,0,1000,21000,-20000,-20000
048580,台達電富邦93購01,0,0,0,0,0,0,0,0,0,-20000,0,0,0,0,20000,-20000,-20000
048560,聯發科元大94購01,0,0,0,0,0,0,0,0,0,-20000,0,0,0,0,20000,-20000,-20000
048693,GIS群益94購02   ,0,0,0,0,0,0,0,0,0,-20000,0,0,0,0,20000,-20000,-20000
046491,滬深2X富邦95購02,0,0,0,0,0,0,0,0,0,-20000,0,0,0,0,20000,-20000,-20000
046486,樺漢國泰94購01  ,0,0,0,0,0,0,0,0,0,-20000,0,0,0,11000,31000,-20000,-20000
046531,臻鼎兆豐92購02  ,0,0,0,0,0,0,0,0,0,-20000,0,0,0,0,20000,-20000,-20000
046940,瑞昱元大93購07  ,0,0,0,0,0,0,0,0,0,-20000,0,0,0,23000,43000,-20000,-20000
044775,TPK元大93購01   ,0,0,0,0,0,0,0,0,0,-20000,0,0,0,0,20000,-20000,-20000
045894,智伸科元大92購01,0,0,0,0,0,0,0,0,0,-20000,0,0,0,0,20000,-20000,-20000
048184,達運群益93購01  ,0,0,0,0,0,0,0,0,0,-20000,0,0,0,0,20000,-20000,-20000
047634,亞德客元大93購01,0,0,0,0,0,0,0,0,0,-20000,0,0,0,0,20000,-20000,-20000
047614,台郡群益93購02  ,0,0,0,0,0,0,0,0,0,-20000,0,0,0,25000,45000,-20000,-20000
048372,美利達統一93購01,0,0,0,0,0,0,0,0,0,-20000,0,0,0,0,20000,-20000,-20000
047301,啟碁國泰94購01  ,0,0,0,0,0,0,0,0,0,-20000,0,0,0,0,20000,-20000,-20000
047234,晶技凱基93購01  ,0,0,0,0,0,0,0,0,0,-20000,0,0,0,0,20000,-20000,-20000
050376,百和元大95購01  ,0,0,0,0,0,0,0,0,0,-20000,0,0,0,0,20000,-20000,-20000
050363,臺指反元大98購04,0,0,0,0,0,0,0,0,0,-20000,0,0,0,0,20000,-20000,-20000
050441,和碩凱基94購01  ,0,0,0,0,0,0,0,0,0,-20000,0,0,0,0,20000,-20000,-20000
050420,鴻海凱基95購03  ,0,0,0,0,0,0,0,0,0,-20000,0,0,0,7000,27000,-20000,-20000
050422,鴻海凱基96購01  ,0,0,0,0,0,0,0,0,0,-20000,0,0,0,1000,21000,-20000,-20000
050616,潤泰全元大94購01,0,0,0,0,0,0,0,0,0,-20000,0,0,0,43000,63000,-20000,-20000
050789,矽創國泰96購01  ,0,0,0,0,0,0,0,0,0,-20000,0,0,0,0,20000,-20000,-20000
048024,鴻海凱基93購29  ,0,0,0,0,0,0,0,0,0,-20000,0,0,0,0,20000,-20000,-20000
048992,昇陽半元大94購02,0,0,0,0,0,0,0,0,0,-20000,0,0,0,0,20000,-20000,-20000
048038,樺漢凱基93購03  ,0,0,0,0,0,0,0,0,0,-20000,0,0,0,31000,51000,-20000,-20000
048969,兆赫元大94購01  ,0,0,0,0,0,0,0,0,0,-20000,0,0,0,0,20000,-20000,-20000
04794P,友達元大96售03  ,0,0,0,0,0,0,0,0,0,-20000,0,0,0,0,20000,-20000,-20000
048919,堤維西永豐94購01,0,0,0,0,0,0,0,0,0,-20000,0,0,0,0,20000,-20000,-20000
048486,傳奇國泰95購01  ,0,0,0,0,0,0,0,0,0,-20000,0,0,0,0,20000,-20000,-20000
048499,達運元大96購01  ,0,0,0,0,0,0,0,0,0,-20000,0,0,0,0,20000,-20000,-20000
049752,上緯控永豐94購02,0,0,0,0,0,0,0,0,0,-20000,0,0,0,0,20000,-20000,-20000
049820,世紀鋼元大96購03,0,0,0,0,0,0,0,0,0,-20000,0,0,0,0,20000,-20000,-20000
04956P,臺股指日盛94售02,0,0,0,0,0,0,0,0,0,-20000,0,0,0,0,20000,-20000,-20000
049698,TPK元大95購01   ,0,0,0,0,0,0,0,0,0,-20000,0,0,0,0,20000,-20000,-20000
049686,T50反1元大94購02,0,0,0,0,0,0,0,0,0,-20000,0,0,0,0,20000,-20000,-20000
048085,鴻海凱基93購32  ,0,0,0,0,0,0,0,0,0,-20000,0,0,0,20000,40000,-20000,-20000
048067,台光電元富93購01,0,0,0,0,0,0,0,0,0,-20000,0,0,0,30000,50000,-20000,-20000
047485,景碩凱基94購01  ,0,0,0,0,0,0,0,0,0,-20000,0,0,0,0,20000,-20000,-20000
051754,廣宇元大95購01  ,0,0,0,0,0,0,0,0,0,-20000,0,0,0,20000,40000,-20000,-20000
051813,GIS凱基96購02   ,0,0,0,0,0,0,0,0,0,-20000,0,0,0,10000,30000,-20000,-20000
051870,台郡凱基95購04  ,0,0,0,0,0,0,0,0,0,-20000,0,0,0,0,20000,-20000,-20000
051860,為升凱基95購01  ,0,0,0,0,0,0,0,0,0,-20000,0,0,0,64000,84000,-20000,-20000
051971,元金2X凱基97購02,0,0,0,0,0,0,0,0,0,-20000,0,0,0,0,20000,-20000,-20000
052430,泰碩永豐95購02  ,0,0,0,0,0,0,0,0,0,-20000,0,0,0,0,20000,-20000,-20000
052377,景碩元大96購02  ,0,0,0,0,0,0,0,0,0,-20000,0,0,0,125000,145000,-20000,-20000
052362,瑞昱國票96購02  ,0,0,0,0,0,0,0,0,0,-20000,0,0,0,30000,50000,-20000,-20000
052099,臺股指富邦95購02,0,0,0,0,0,0,0,0,0,-20000,0,0,0,0,20000,-20000,-20000
051288,可成統一95購03  ,0,0,0,0,0,0,0,0,0,-20000,0,0,0,0,20000,-20000,-20000
050983,新光金國泰97購01,0,0,0,0,0,0,0,0,0,-20000,0,0,0,0,20000,-20000,-20000
051088,台積電元大95購09,0,0,0,0,0,0,0,0,0,-20000,0,0,0,31000,51000,-20000,-20000
051588,聯詠元大95購03  ,0,0,0,0,0,0,0,0,0,-20000,0,0,0,0,20000,-20000,-20000
051595,康控元大95購04  ,0,0,0,0,0,0,0,0,0,-20000,0,0,0,0,20000,-20000,-20000
051386,富邦金麥證96購01,0,0,0,0,20000,-20000,0,0,0,-20000,0,0,0,0,20000,-20000,-20000
051387,新光金麥證96購01,0,0,0,0,20000,-20000,0,0,0,-20000,0,0,0,0,20000,-20000,-20000
052892,大成鋼群益96購01,0,0,0,0,0,0,0,0,0,-20000,0,0,0,0,20000,-20000,-20000
052993,欣興台新97購01  ,0,0,0,0,0,0,0,0,0,-20000,0,0,0,0,20000,-20000,-20000
053020,貿聯元富96購01  ,0,0,0,0,0,0,0,0,0,-20000,0,0,0,10000,30000,-20000,-20000
052964,台表科凱基96購03,0,0,0,0,0,0,0,0,0,-20000,0,0,0,0,20000,-20000,-20000
052780,玉晶光國票96購04,0,0,0,0,0,0,0,0,0,-20000,0,0,0,0,20000,-20000,-20000
05269P,臻鼎元大95售05  ,0,0,0,0,0,0,0,0,0,-20000,0,0,0,0,20000,-20000,-20000
052546,友達中信98購01  ,0,0,0,0,0,0,0,0,0,-20000,0,0,0,0,20000,-20000,-20000
05380P,鴻海群益95售11  ,0,0,0,0,0,0,0,0,0,-20000,0,0,0,0,20000,-20000,-20000
053815,聯發科群益96購01,0,0,0,0,0,0,0,0,0,-20000,0,0,0,0,20000,-20000,-20000
053834,卜蜂永豐96購01  ,0,0,0,0,0,0,0,0,0,-20000,0,0,0,0,20000,-20000,-20000
053552,華新科凱基96購08,0,0,0,0,0,0,0,0,0,-20000,0,0,0,2000,22000,-20000,-20000
053696,日月光元大96購05,0,0,0,0,0,0,0,0,0,-20000,0,0,0,0,20000,-20000,-20000
053529,國巨麥證96購01  ,0,0,0,10000,30000,-20000,0,0,0,-20000,0,0,0,10000,30000,-20000,-20000
053391,嘉聯益元大99購01,0,0,0,0,0,0,0,0,0,-20000,0,0,0,0,20000,-20000,-20000
053467,鴻海元大96購20  ,0,0,0,0,0,0,0,0,0,-20000,0,0,0,55000,75000,-20000,-20000
053468,鴻海元大98購01  ,0,0,0,0,0,0,0,0,0,-20000,0,0,0,24000,44000,-20000,-20000
053459,康控國泰97購01  ,0,0,0,0,0,0,0,0,0,-20000,0,0,0,20000,40000,-20000,-20000
053259,卜蜂群益97購01  ,0,0,0,0,0,0,0,0,0,-20000,0,0,0,2000,22000,-20000,-20000
053327,彩晶台新97購01  ,0,0,0,0,0,0,0,0,0,-20000,0,0,0,0,20000,-20000,-20000
05333P,臺股指國票95售02,0,0,0,0,0,0,0,0,0,-20000,0,0,0,140000,160000,-20000,-20000
053316,友達群益9A購01  ,0,0,0,0,0,0,0,0,0,-20000,0,0,0,0,20000,-20000,-20000
2468,華經            ,2000,22000,-20000,0,0,0,0,0,0,0,0,0,0,0,0,0,-20000
2514,龍邦            ,5200,2000,3200,0,0,0,0,23996,-23996,0,0,0,0,0,0,0,-20796
06216P,上銀元富97售03  ,0,0,0,0,0,0,0,0,0,-21000,0,0,0,0,21000,-21000,-21000
055252,新光金統一98購02,0,0,0,0,0,0,0,0,0,-21000,0,0,0,0,21000,-21000,-21000
054725,國巨日盛97購01  ,0,0,0,0,0,0,0,0,0,-21000,0,0,0,643000,664000,-21000,-21000
054987,凱美元富97購01  ,0,0,0,0,0,0,0,0,0,-21000,0,0,0,69000,90000,-21000,-21000
05497P,聯詠統一96售01  ,0,0,0,0,0,0,0,0,0,-21000,0,0,0,100000,121000,-21000,-21000
054209,台積電國票97購08,0,0,0,0,0,0,0,0,0,-21000,0,0,0,0,21000,-21000,-21000
054436,高鐵台新97購02  ,0,0,0,0,0,0,0,0,0,-21000,0,0,0,0,21000,-21000,-21000
03481P,欣興群益02售08  ,0,0,0,0,0,0,0,0,0,-21000,0,0,0,0,21000,-21000,-21000
044489,鴻海元大91購09  ,0,0,0,0,0,0,0,0,0,-21000,0,0,0,0,21000,-21000,-21000
043002,鴻海元大92購02  ,0,0,0,0,0,0,0,0,0,-21000,0,0,0,0,21000,-21000,-21000
045593,GIS元大92購04   ,0,0,0,0,0,0,0,0,0,-21000,0,0,0,0,21000,-21000,-21000
049557,南電元富94購02  ,0,0,0,0,0,0,0,0,0,-21000,0,0,0,4000,25000,-21000,-21000
049788,智伸科兆豐95購01,0,0,0,0,0,0,0,0,0,-21000,0,0,0,0,21000,-21000,-21000
048795,復盛元大94購01  ,0,0,0,0,0,0,0,0,0,-21000,0,0,0,5000,26000,-21000,-21000
048757,美利達元富96購01,0,0,0,0,0,0,0,0,0,-21000,0,0,0,0,21000,-21000,-21000
050253,百和國泰96購01  ,0,0,0,0,0,0,0,0,0,-21000,0,0,0,10000,31000,-21000,-21000
047688,亞德客富邦95購01,0,0,0,0,0,0,0,0,0,-21000,0,0,0,80000,101000,-21000,-21000
048177,臺指反富邦99購01,0,0,0,0,0,0,0,0,0,-21000,0,0,0,0,21000,-21000,-21000
049415,智邦凱基94購02  ,0,0,0,0,0,0,0,0,0,-21000,0,0,0,1000,22000,-21000,-21000
053302,國巨凱基96購10  ,0,0,0,0,0,0,0,0,0,-21000,0,0,0,30000,51000,-21000,-21000
053855,康友國泰98購01  ,0,0,0,0,0,0,0,0,0,-21000,0,0,0,101000,122000,-21000,-21000
05149P,緯穎國泰96售01  ,0,0,0,0,0,0,0,0,0,-21000,0,0,0,0,21000,-21000,-21000
052093,麗豐元大96購04  ,0,0,0,0,0,0,0,0,0,-21000,0,0,0,2000,23000,-21000,-21000
05218P,大立光永昌96售04,0,0,0,0,0,0,0,0,0,-21000,0,0,0,706000,727000,-21000,-21000
052290,鴻海元富97購01  ,0,0,0,0,0,0,0,0,0,-21000,0,0,0,0,21000,-21000,-21000
052396,台積電凱基97購01,0,0,0,0,0,0,0,0,0,-21000,0,0,0,0,21000,-21000,-21000
051913,緯創元大96購01  ,0,0,0,0,0,0,0,0,0,-21000,0,0,0,14000,35000,-21000,-21000
052061,樺漢國票96購01  ,0,0,0,0,0,0,0,0,0,-21000,0,0,0,10000,31000,-21000,-21000
8249,菱光            ,3000,24000,-21000,0,0,0,0,0,0,0,0,0,0,0,0,0,-21000
054499,台光電永豐96購02,0,0,0,0,0,0,0,0,0,-22000,0,0,0,0,22000,-22000,-22000
054147,GIS元大96購02   ,0,0,0,0,0,0,0,0,0,-22000,0,0,0,50000,72000,-22000,-22000
054007,貿聯統一96購01  ,0,0,0,0,0,0,0,0,0,-22000,0,0,0,36000,58000,-22000,-22000
055115,日月光凱基98購01,0,0,0,0,0,0,0,0,0,-22000,0,0,0,0,22000,-22000,-22000
054707,聯茂亞東97購01  ,0,0,0,0,0,0,0,0,0,-22000,0,0,0,13000,35000,-22000,-22000
054765,亞光國票98購02  ,0,0,0,0,0,0,0,0,0,-22000,0,0,0,0,22000,-22000,-22000
055383,GIS元大97購02   ,0,0,0,0,0,0,0,0,0,-22000,0,0,0,0,22000,-22000,-22000
055535,緯創群益98購01  ,0,0,0,0,0,0,0,0,0,-22000,0,0,0,31000,53000,-22000,-22000
055461,TPK永豐97購01   ,0,0,0,0,0,0,0,0,0,-22000,0,0,0,0,22000,-22000,-22000
05610P,國巨群益98售01  ,0,0,0,0,0,0,0,0,0,-22000,0,0,0,0,22000,-22000,-22000
06322P,超眾統一97售04  ,0,0,0,0,0,0,0,0,0,-22000,0,0,0,0,22000,-22000,-22000
1473,台南            ,14000,33000,-19000,0,0,0,0,0,0,-3000,0,3000,-3000,0,0,0,-22000
05636P,國巨永豐96售03  ,0,0,0,0,0,0,0,0,0,-22000,0,0,0,0,22000,-22000,-22000
042904,金寶元大94購02  ,0,0,0,0,0,0,0,0,0,-22000,0,0,0,0,22000,-22000,-22000
04296P,技嘉元大93售01  ,0,0,0,0,0,0,0,0,0,-22000,0,0,0,0,22000,-22000,-22000
046866,台積電統一94購03,0,0,0,0,0,0,0,0,0,-22000,0,0,0,0,22000,-22000,-22000
046496,鴻海元大92購16  ,0,0,0,0,0,0,0,0,0,-22000,0,0,0,5000,27000,-22000,-22000
04863P,技嘉元大94售02  ,0,0,0,0,0,0,0,0,0,-22000,0,0,0,0,22000,-22000,-22000
047699,亞德客凱基93購04,0,0,0,0,0,0,0,0,0,-22000,0,0,0,0,22000,-22000,-22000
050325,台積電永豐94購05,0,0,0,0,0,0,0,0,0,-22000,0,0,0,103000,125000,-22000,-22000
050442,復盛凱基94購01  ,0,0,0,0,0,0,0,0,0,-22000,0,0,0,19000,41000,-22000,-22000
050530,台表科元大95購04,0,0,0,0,0,0,0,0,0,-22000,0,0,0,8000,30000,-22000,-22000
04919P,聯詠凱基94售05  ,0,0,0,0,0,0,0,0,0,-22000,0,0,0,45000,67000,-22000,-22000
048443,旺宏凱基93購08  ,0,0,0,0,0,0,0,0,0,-22000,0,0,0,7000,29000,-22000,-22000
049496,和鑫元大95購01  ,0,0,0,0,0,0,0,0,0,-22000,0,0,0,10000,32000,-22000,-22000
049623,創意群益94購01  ,0,0,0,0,0,0,0,0,0,-22000,0,0,0,73000,95000,-22000,-22000
050193,臻鼎元大94購02  ,0,0,0,0,0,0,0,0,0,-22000,0,0,0,0,22000,-22000,-22000
050181,富邦金元大94購02,0,0,0,0,0,0,0,0,0,-22000,0,0,0,0,22000,-22000,-22000
050100,台積電永昌96購02,0,0,0,0,0,0,0,0,0,-22000,0,0,0,738000,760000,-22000,-22000
051929,GIS中信96購01   ,0,0,0,0,0,0,0,0,0,-22000,0,0,0,0,22000,-22000,-22000
051705,富邦金群益97購01,0,0,0,0,0,0,0,0,0,-22000,0,0,0,0,22000,-22000,-22000
051460,S&P反1國泰97購01,0,0,0,0,0,0,0,0,0,-22000,0,0,0,0,22000,-22000,-22000
051370,聯詠富邦97購01  ,0,0,0,0,0,0,0,0,0,-22000,0,0,0,25000,47000,-22000,-22000
051178,大立光凱基95購10,0,0,0,0,0,0,0,0,0,-22000,0,0,0,2000,24000,-22000,-22000
052812,致伸康和96購01  ,0,0,0,0,0,0,0,0,0,-22000,0,0,0,0,22000,-22000,-22000
052994,群創台新99購01  ,0,0,0,0,0,0,0,0,0,-22000,0,0,0,289000,311000,-22000,-22000
6172,互億            ,6000,27000,-21000,0,0,0,0,0,0,-1000,0,1000,-1000,0,0,0,-22000
6285,啟碁            ,249000,303000,-54000,0,0,0,0,27247,-27247,59000,1000,2000,-1000,61000,1000,60000,-22247
2388,威盛            ,93000,89000,4000,0,0,0,0,26889,-26889,0,0,0,0,0,0,0,-22889
1447,力鵬            ,4000,26000,-22000,0,0,0,0,0,0,-1000,0,1000,-1000,0,0,0,-23000
06247P,同欣電元富97售02,0,0,0,0,0,0,0,0,0,-23000,0,0,0,0,23000,-23000,-23000
055858,聯茂元大97購03  ,0,0,0,0,0,0,0,0,0,-23000,0,0,0,21000,44000,-23000,-23000
054780,中石化群益99購01,0,0,0,0,0,0,0,0,0,-23000,0,0,0,0,23000,-23000,-23000
055011,元翎元富97購01  ,0,0,0,0,0,0,0,0,0,-23000,0,0,0,47000,70000,-23000,-23000
054410,國巨元大96購14  ,0,0,0,0,0,0,0,0,0,-23000,0,0,0,28000,51000,-23000,-23000
045128,旺宏統一92購01  ,0,0,0,0,0,0,0,0,0,-23000,0,0,0,21000,44000,-23000,-23000
046249,聯發科群益92購03,0,0,0,0,0,0,0,0,0,-23000,0,0,0,57000,80000,-23000,-23000
045957,技嘉凱基93購03  ,0,0,0,0,0,0,0,0,0,-23000,0,0,0,11000,34000,-23000,-23000
042765,健鼎元大91購01  ,0,0,0,0,0,0,0,0,0,-23000,0,0,0,0,23000,-23000,-23000
00715L,街口布蘭特油正2 ,0,0,0,0,0,0,0,0,0,-23000,0,0,0,0,23000,-23000,-23000
047046,台積電國票94購01,0,0,0,0,0,0,0,0,0,-23000,0,0,0,25000,48000,-23000,-23000
050407,聯詠台新94購02  ,0,0,0,0,0,0,0,0,0,-23000,0,0,0,0,23000,-23000,-23000
050270,景碩元大94購01  ,0,0,0,0,0,0,0,0,0,-23000,0,0,0,7000,30000,-23000,-23000
050219,台積電元富95購03,0,0,0,0,0,0,0,0,0,-23000,0,0,0,50000,73000,-23000,-23000
05084P,嘉聯益永豐95售02,0,0,0,0,0,0,0,0,0,-23000,0,0,0,0,23000,-23000,-23000
050604,上証2X永昌94購01,0,0,0,0,0,0,0,0,0,-23000,0,0,0,1000,24000,-23000,-23000
047618,義隆凱基94購02  ,0,0,0,0,0,0,0,0,0,-23000,0,0,0,0,23000,-23000,-23000
047437,旺宏元大94購02  ,0,0,0,0,0,0,0,0,0,-23000,0,0,0,27000,50000,-23000,-23000
052884,台積電兆豐96購01,0,0,0,0,0,0,0,0,0,-23000,0,0,0,57000,80000,-23000,-23000
052677,景碩富邦97購01  ,0,0,0,0,0,0,0,0,0,-23000,0,0,0,149000,172000,-23000,-23000
05141P,華通台新96售01  ,0,0,0,0,0,0,0,0,0,-23000,0,0,0,10000,33000,-23000,-23000
051439,川湖元大95購01  ,0,0,0,0,0,0,0,0,0,-23000,0,0,0,12000,35000,-23000,-23000
052159,瑞昱永豐95購01  ,0,0,0,0,0,0,0,0,0,-23000,0,0,0,45000,68000,-23000,-23000
9934,成霖            ,37000,96000,-59000,0,0,0,36000,0,36000,0,0,0,0,0,0,0,-23000
055734,奇力新元富97購02,0,0,0,0,0,0,0,0,0,-24000,0,0,0,32000,56000,-24000,-24000
055632,群創永豐98購01  ,0,0,0,0,0,0,0,0,0,-24000,0,0,0,15000,39000,-24000,-24000
06151P,華新科元大97售07,0,0,0,0,0,0,0,0,0,-24000,0,0,0,1000,25000,-24000,-24000
06068P,玉晶光康和97售01,0,0,0,0,0,0,0,0,0,-24000,0,0,0,0,24000,-24000,-24000
04225P,台積電元富94售02,0,0,0,0,0,0,0,0,0,-24000,0,0,0,100000,124000,-24000,-24000
041990,A50正2國票97購01,0,0,0,0,0,0,0,0,0,-24000,0,0,0,0,24000,-24000,-24000
03799P,京元電元大94售01,0,0,0,0,0,0,0,0,0,-24000,0,0,0,0,24000,-24000,-24000
04275P,南亞科凱基93售08,0,0,0,0,0,0,0,0,0,-24000,0,0,0,0,24000,-24000,-24000
04549P,茂林元大94售02  ,0,0,0,0,0,0,0,0,0,-24000,0,0,0,0,24000,-24000,-24000
045836,群創群益98購01  ,0,0,0,0,0,0,0,0,0,-24000,0,0,0,0,24000,-24000,-24000
045374,鴻海元大92購07  ,0,0,0,0,0,0,0,0,0,-24000,0,0,0,29000,53000,-24000,-24000
050257,為升元大94購07  ,0,0,0,0,0,0,0,0,0,-24000,0,0,0,76000,100000,-24000,-24000
049899,台積電元富94購05,0,0,0,0,0,0,0,0,0,-24000,0,0,0,30000,54000,-24000,-24000
052205,台積電中信95購09,0,0,0,0,0,0,0,0,0,-24000,0,0,0,0,24000,-24000,-24000
051648,TPK永豐95購01   ,0,0,0,0,0,0,0,0,0,-24000,0,0,0,5000,29000,-24000,-24000
05251P,喬山台新95售02  ,2000,0,2000,0,0,0,0,0,0,-26000,0,0,0,0,26000,-26000,-24000
053590,新光金元大9A購02,0,0,0,0,0,0,0,0,0,-24000,0,0,0,0,24000,-24000,-24000
053331,玉晶光永豐97購02,0,0,0,0,0,0,0,0,0,-24000,0,0,0,23000,47000,-24000,-24000
2897,王道銀行        ,18000,37000,-19000,0,0,0,2000,0,2000,-7000,0,7000,-7000,0,0,0,-24000
3703,欣陸            ,64000,88000,-24000,0,0,0,0,0,0,0,0,0,0,0,0,0,-24000
06236P,台積電元大97售25,0,0,0,0,0,0,0,0,0,-25000,0,0,0,0,25000,-25000,-25000
055644,致茂元富97購01  ,0,0,0,0,0,0,0,0,0,-25000,0,0,0,0,25000,-25000,-25000
055526,台積電群益97購02,0,0,0,0,0,0,0,0,0,-25000,0,0,0,5000,30000,-25000,-25000
055310,聯詠群益97購02  ,0,0,0,0,0,0,0,0,0,-25000,0,0,0,15000,40000,-25000,-25000
055297,啟碁元大97購01  ,0,0,0,0,0,0,0,0,0,-25000,0,0,0,0,25000,-25000,-25000
055262,台虹國泰98購01  ,0,0,0,0,0,0,0,0,0,-25000,0,0,0,0,25000,-25000,-25000
054156,聯電亞東98購01  ,0,0,0,0,0,0,0,0,0,-25000,0,0,0,0,25000,-25000,-25000
054882,台光電統一97購02,0,0,0,0,0,0,0,0,0,-25000,0,0,0,0,25000,-25000,-25000
046165,中磊兆豐93購01  ,0,0,0,0,0,0,0,0,0,-25000,0,0,0,0,25000,-25000,-25000
048695,滬深2X國票95購03,0,0,0,0,0,0,0,0,0,-25000,0,0,0,0,25000,-25000,-25000
042644,貿聯兆豐92購01  ,0,0,0,0,0,0,0,0,0,-25000,0,0,0,25000,50000,-25000,-25000
03025P,國巨元大01售12  ,0,0,0,0,0,0,0,0,0,-25000,0,0,0,15000,40000,-25000,-25000
04043P,復盛元富93售02  ,0,0,0,0,0,0,0,0,0,-25000,0,0,0,20000,45000,-25000,-25000
048879,瀚宇博國票95購01,0,0,0,0,0,0,0,0,0,-25000,0,0,0,0,25000,-25000,-25000
049082,晶豪科凱基94購01,0,0,0,0,0,0,0,0,0,-25000,0,0,0,16000,41000,-25000,-25000
050190,麗豐元大95購02  ,0,0,0,0,0,0,0,0,0,-25000,0,0,0,10000,35000,-25000,-25000
050111,全新元大95購02  ,0,0,0,0,0,0,0,0,0,-25000,0,0,0,219000,244000,-25000,-25000
04977P,力成凱基96售01  ,0,0,0,0,0,0,0,0,0,-25000,0,0,0,30000,55000,-25000,-25000
050847,創意國票96購01  ,0,0,0,0,0,0,0,0,0,-25000,0,0,0,0,25000,-25000,-25000
047524,瑞昱元大93購10  ,0,0,0,0,0,0,0,0,0,-25000,0,0,0,25000,50000,-25000,-25000
053588,聯發科元大97購07,0,0,0,0,0,0,0,0,0,-25000,0,0,0,15000,40000,-25000,-25000
05249P,臻鼎國票95售01  ,0,0,0,0,0,0,0,0,0,-25000,0,0,0,0,25000,-25000,-25000
053120,復盛中信9A購01  ,0,0,0,0,0,0,0,0,0,-25000,0,0,0,32000,57000,-25000,-25000
05147P,鴻海元大95售11  ,0,0,0,0,0,0,0,0,0,-25000,0,0,0,121000,146000,-25000,-25000
051282,GIS兆豐95購02   ,0,0,0,0,0,0,0,0,0,-25000,0,0,0,0,25000,-25000,-25000
051119,光寶科群益95購01,0,0,0,0,0,0,0,0,0,-25000,0,0,0,58000,83000,-25000,-25000
051009,緯創麥證95購01  ,0,0,0,5000,30000,-25000,0,0,0,-25000,0,0,0,5000,30000,-25000,-25000
05219P,鴻海元大95售17  ,0,0,0,0,0,0,0,0,0,-25000,0,0,0,200000,225000,-25000,-25000
052371,元金2X元大95購01,0,0,0,0,0,0,0,0,0,-25000,0,0,0,0,25000,-25000,-25000
051856,亞德客凱基95購01,0,0,0,0,0,0,0,0,0,-25000,0,0,0,8000,33000,-25000,-25000
1730,花仙子          ,4000,29000,-25000,0,0,0,0,0,0,0,0,0,0,0,0,0,-25000
054854,台積電麥證97購01,0,0,0,14000,40000,-26000,0,0,0,-26000,0,0,0,14000,40000,-26000,-26000
054723,鴻海日盛97購01  ,0,0,0,0,0,0,0,0,0,-26000,0,0,0,0,26000,-26000,-26000
054971,帆宣元大97購02  ,0,0,0,0,0,0,0,0,0,-26000,0,0,0,178000,204000,-26000,-26000
055202,神達群益97購01  ,0,0,0,0,0,0,0,0,0,-26000,0,0,0,52000,78000,-26000,-26000
054215,創意國票97購02  ,0,0,0,0,0,0,0,0,0,-26000,0,0,0,4000,30000,-26000,-26000
054458,復盛群益96購01  ,0,0,0,0,0,0,0,0,0,-26000,0,0,0,38000,64000,-26000,-26000
054494,訊芯台新96購01  ,0,0,0,0,0,0,0,0,0,-26000,0,0,0,34000,60000,-26000,-26000
05552P,聯詠群益96售01  ,0,0,0,0,0,0,0,0,0,-26000,0,0,0,10000,36000,-26000,-26000
055578,群創統一98購03  ,0,0,0,0,0,0,0,0,0,-26000,0,0,0,32000,58000,-26000,-26000
055821,勤誠國票98購01  ,0,0,0,0,0,0,0,0,0,-26000,0,0,0,0,26000,-26000,-26000
05983P,聯詠國票96售02  ,0,0,0,0,0,0,0,0,0,-26000,0,0,0,0,26000,-26000,-26000
05944P,富邦金中信96售01,0,0,0,0,0,0,0,0,0,-26000,0,0,0,25000,51000,-26000,-26000
03651P,統一元大92售01  ,0,0,0,0,0,0,0,0,0,-26000,0,0,0,1000,27000,-26000,-26000
048539,巨大國票94購01  ,0,0,0,0,0,0,0,0,0,-26000,0,0,0,0,26000,-26000,-26000
045936,富邦金群益94購01,0,0,0,0,0,0,0,0,0,-26000,0,0,0,0,26000,-26000,-26000
047576,技嘉群益94購01  ,0,0,0,0,0,0,0,0,0,-26000,0,0,0,21000,47000,-26000,-26000
047704,智邦凱基93購06  ,0,0,0,0,0,0,0,0,0,-26000,0,0,0,10000,36000,-26000,-26000
050307,欣興中信95購01  ,0,0,0,0,0,0,0,0,0,-26000,0,0,0,4000,30000,-26000,-26000
050175,台光電元大94購08,0,0,0,0,0,0,0,0,0,-26000,0,0,0,33000,59000,-26000,-26000
051028,台光電元富95購02,0,0,0,0,0,0,0,0,0,-26000,0,0,0,94000,120000,-26000,-26000
052505,友達日盛9B購02  ,0,0,0,0,0,0,0,0,0,-26000,0,0,0,0,26000,-26000,-26000
052673,T50反1國泰97購01,0,0,0,0,0,0,0,0,0,-26000,0,0,0,40000,66000,-26000,-26000
052779,欣興國票97購01  ,0,0,0,0,0,0,0,0,0,-26000,0,0,0,0,26000,-26000,-26000
1611,中電            ,9000,35000,-26000,0,0,0,0,0,0,0,0,0,0,0,0,0,-26000
8466,美吉吉-KY       ,0,25000,-25000,0,0,0,0,0,0,-1000,0,1000,-1000,0,0,0,-26000
05723P,華通永豐96售03  ,0,0,0,0,0,0,0,0,0,-27000,0,0,0,0,27000,-27000,-27000
06065P,大立光台新97售01,0,0,0,0,0,0,0,0,0,-27000,0,0,0,10000,37000,-27000,-27000
06094P,台達電中信97售01,0,0,0,0,0,0,0,0,0,-27000,0,0,0,6000,33000,-27000,-27000
1527,鑽全            ,91000,142000,-51000,0,0,0,26000,0,26000,-2000,0,2000,-2000,0,0,0,-27000
1229,聯華            ,95000,133000,-38000,0,0,0,2000,0,2000,9000,9000,0,9000,0,0,0,-27000
055812,台積電國票99購02,0,0,0,0,0,0,0,0,0,-27000,0,0,0,0,27000,-27000,-27000
055286,晶技元大98購03  ,0,0,0,0,0,0,0,0,0,-27000,0,0,0,30000,57000,-27000,-27000
054445,技嘉兆豐96購01  ,0,0,0,0,0,0,0,0,0,-27000,0,0,0,41000,68000,-27000,-27000
054429,中石化台新97購01,0,0,0,0,0,0,0,0,0,-27000,0,0,0,0,27000,-27000,-27000
053871,臻鼎元大96購03  ,0,0,0,0,0,0,0,0,0,-27000,0,0,0,0,27000,-27000,-27000
053912,T50反1國票97購02,0,0,0,0,0,0,0,0,0,-27000,0,0,0,3000,30000,-27000,-27000
055040,台虹富邦99購01  ,0,0,0,0,0,0,0,0,0,-27000,0,0,0,0,27000,-27000,-27000
054899,南港康和97購01  ,0,0,0,0,0,0,0,0,0,-27000,0,0,0,0,27000,-27000,-27000
054937,國巨元大97購03  ,0,0,0,0,0,0,0,0,0,-27000,0,0,0,11000,38000,-27000,-27000
054700,致新永豐97購01  ,0,0,0,0,0,0,0,0,0,-27000,0,0,0,0,27000,-27000,-27000
045216,鴻海元大93購02  ,0,0,0,0,0,0,0,0,0,-27000,0,0,0,21000,48000,-27000,-27000
043655,微星富邦93購01  ,0,0,0,0,0,0,0,0,0,-27000,0,0,0,124000,151000,-27000,-27000
045718,瑞昱凱基92購01  ,0,0,0,0,0,0,0,0,0,-27000,0,0,0,4000,31000,-27000,-27000
048001,中工元大96購01  ,0,0,0,0,0,0,0,0,0,-27000,0,0,0,20000,47000,-27000,-27000
050424,鴻海凱基96購03  ,0,0,0,0,0,0,0,0,0,-27000,0,0,0,0,27000,-27000,-27000
050921,旺宏凱基95購02  ,0,0,0,0,0,0,0,0,0,-27000,0,0,0,17000,44000,-27000,-27000
050611,鴻海元大95購02  ,0,0,0,0,0,0,0,0,0,-27000,0,0,0,262000,289000,-27000,-27000
053032,國巨兆豐97購02  ,0,0,0,0,0,0,0,0,0,-27000,0,0,0,0,27000,-27000,-27000
052962,台積電凱基97購03,0,0,0,0,0,0,0,0,0,-27000,0,0,0,0,27000,-27000,-27000
051076,緯創國泰96購01  ,0,0,0,0,0,0,0,0,0,-27000,0,0,0,92000,119000,-27000,-27000
051519,國泰金凱基95購02,0,0,0,0,0,0,0,0,0,-27000,0,0,0,10000,37000,-27000,-27000
051691,台表科凱基95購01,0,0,0,0,0,0,0,0,0,-27000,0,0,0,0,27000,-27000,-27000
052079,康友元富98購01  ,0,0,0,0,0,0,0,0,0,-27000,0,0,0,53000,80000,-27000,-27000
052410,智邦亞東96購01  ,0,0,0,0,0,0,0,0,0,-27000,0,0,0,0,27000,-27000,-27000
2545,皇翔            ,9000,36000,-27000,0,0,0,0,0,0,0,0,0,0,0,0,0,-27000
3057,喬鼎            ,1000,28000,-27000,0,0,0,0,0,0,0,0,0,0,0,0,0,-27000
054932,台肥元大97購01  ,0,0,0,0,0,0,0,0,0,-28000,0,0,0,0,28000,-28000,-28000
054425,聯發科富邦99購03,0,0,0,0,0,0,0,0,0,-28000,0,0,0,12000,40000,-28000,-28000
1522,堤維西          ,27000,64000,-37000,0,0,0,9000,0,9000,0,0,0,0,0,0,0,-28000
044104,鴻海中信95購03  ,0,0,0,0,0,0,0,0,0,-28000,0,0,0,80000,108000,-28000,-28000
04385P,可成日盛94售01  ,0,0,0,0,0,0,0,0,0,-28000,0,0,0,0,28000,-28000,-28000
043037,新光金統一92購01,0,0,0,0,0,0,0,0,0,-28000,0,0,0,0,28000,-28000,-28000
03970P,奇鋐國票93售01  ,0,0,0,0,0,0,0,0,0,-28000,0,0,0,0,28000,-28000,-28000
045291,鴻海元大92購06  ,0,0,0,0,0,0,0,0,0,-28000,0,0,0,0,28000,-28000,-28000
045292,鴻海元大93購03  ,0,0,0,0,0,0,0,0,0,-28000,0,0,0,0,28000,-28000,-28000
046697,麗豐凱基94購01  ,0,0,0,0,0,0,0,0,0,-28000,0,0,0,0,28000,-28000,-28000
050471,國泰金台新94購01,0,0,0,0,0,0,0,0,0,-28000,0,0,0,0,28000,-28000,-28000
050244,富邦金凱基94購01,0,0,0,0,0,0,0,0,0,-28000,0,0,0,0,28000,-28000,-28000
047545,智邦凱基93購05  ,0,0,0,0,0,0,0,0,0,-28000,0,0,0,0,28000,-28000,-28000
047844,台虹元大93購02  ,0,0,0,0,0,0,0,0,0,-28000,0,0,0,10000,38000,-28000,-28000
050151,台積電群益94購12,0,0,0,0,0,0,0,0,0,-28000,0,0,0,114000,142000,-28000,-28000
049759,元黃金富邦9A購01,0,0,0,0,0,0,0,0,0,-28000,0,0,0,0,28000,-28000,-28000
051504,TPK統一95購01   ,0,0,0,0,0,0,0,0,0,-28000,0,0,0,28000,56000,-28000,-28000
051645,光寶科永豐95購01,0,0,0,0,0,0,0,0,0,-28000,0,0,0,2000,30000,-28000,-28000
051401,華新科永豐95購01,0,0,0,0,0,0,0,0,0,-28000,0,0,0,9000,37000,-28000,-28000
052931,麗豐元大97購01  ,0,0,0,0,0,0,0,0,0,-28000,0,0,0,2000,30000,-28000,-28000
053315,漢唐群益96購02  ,0,0,0,0,0,0,0,0,0,-28000,0,0,0,12000,40000,-28000,-28000
5471,松翰            ,7000,35000,-28000,0,0,0,0,0,0,0,0,0,0,0,0,0,-28000
9188,精熙-DR         ,0,28000,-28000,0,0,0,0,0,0,0,0,0,0,0,0,0,-28000
1441,大東            ,4000,33000,-29000,0,0,0,0,0,0,0,0,0,0,0,0,0,-29000
05971P,世紀鋼永豐96售04,0,0,0,0,0,0,0,0,0,-29000,0,0,0,1000,30000,-29000,-29000
05879P,台積電台新96售03,0,0,0,0,0,0,0,0,0,-29000,0,0,0,10000,39000,-29000,-29000
05884P,旺宏統一96售01  ,0,0,0,0,0,0,0,0,0,-29000,0,0,0,16000,45000,-29000,-29000
05520P,聯詠凱基96售01  ,0,0,0,0,0,0,0,0,0,-29000,0,0,0,21000,50000,-29000,-29000
055216,友達凱基98購05  ,0,0,0,0,0,0,0,0,0,-29000,0,0,0,1000,30000,-29000,-29000
03651C,臺股指凱基97牛17,0,0,0,0,0,0,0,0,0,-29000,0,0,0,0,29000,-29000,-29000
041816,元油2X凱基92購01,0,0,0,0,0,0,0,0,0,-29000,0,0,0,0,29000,-29000,-29000
04335P,大成鋼元大93售01,0,0,0,0,0,0,0,0,0,-29000,0,0,0,0,29000,-29000,-29000
049616,卜蜂群益94購01  ,0,0,0,0,0,0,0,0,0,-29000,0,0,0,0,29000,-29000,-29000
04916P,大立光永昌96售02,0,0,0,0,0,0,0,0,0,-29000,0,0,0,10000,39000,-29000,-29000
047895,台積電群益94購04,0,0,0,0,0,0,0,0,0,-29000,0,0,0,43000,72000,-29000,-29000
049436,義隆國泰96購02  ,0,0,0,0,0,0,0,0,0,-29000,0,0,0,156000,185000,-29000,-29000
050653,聯鈞凱基96購01  ,0,0,0,0,0,0,0,0,0,-29000,0,0,0,16000,45000,-29000,-29000
051666,旺宏元大96購05  ,0,0,0,0,0,0,0,0,0,-29000,0,0,0,1000,30000,-29000,-29000
05230P,京元電群益95售01,0,0,0,0,0,0,0,0,0,-29000,0,0,0,0,29000,-29000,-29000
051830,健策元大97購01  ,0,0,0,0,0,0,0,0,0,-29000,0,0,0,44000,73000,-29000,-29000
2015,豐興            ,80000,78000,2000,0,0,0,0,31000,-31000,0,0,0,0,0,0,0,-29000
9914,美利達          ,122600,158000,-35400,0,0,0,1000,0,1000,5000,6000,3000,3000,2000,0,2000,-29400
055149,國巨元大97購06  ,0,0,0,0,0,0,0,0,0,-30000,0,0,0,5000,35000,-30000,-30000
055093,京鼎群益98購01  ,0,0,0,0,0,0,0,0,0,-30000,0,0,0,150000,180000,-30000,-30000
054717,亞德客永豐97購01,0,0,0,0,0,0,0,0,0,-30000,0,0,0,40000,70000,-30000,-30000
054627,義隆凱基98購01  ,0,0,0,0,0,0,0,0,0,-30000,0,0,0,3000,33000,-30000,-30000
054743,聯鈞凱基99購01  ,0,0,0,0,0,0,0,0,0,-30000,0,0,0,5000,35000,-30000,-30000
054442,啟碁台新96購01  ,0,0,0,0,0,0,0,0,0,-30000,0,0,0,0,30000,-30000,-30000
054566,貿聯群益97購02  ,0,0,0,0,0,0,0,0,0,-30000,0,0,0,4000,34000,-30000,-30000
053872,臻鼎元大96購04  ,0,0,0,0,0,0,0,0,0,-30000,0,0,0,0,30000,-30000,-30000
054214,京鼎國票97購02  ,0,0,0,0,0,0,0,0,0,-30000,0,0,0,20000,50000,-30000,-30000
05988P,光磊元富96售02  ,0,0,0,0,0,0,0,0,0,-30000,0,0,0,0,30000,-30000,-30000
05668P,滬深2X永豐96售04,0,0,0,0,0,0,0,0,0,-30000,0,0,0,0,30000,-30000,-30000
05795P,華邦電群益96售05,0,0,0,0,0,0,0,0,0,-30000,0,0,0,0,30000,-30000,-30000
05806P,宏達電永豐96售03,0,0,0,0,0,0,0,0,0,-30000,0,0,0,0,30000,-30000,-30000
055280,智邦元大97購01  ,0,0,0,0,0,0,0,0,0,-30000,0,0,0,35000,65000,-30000,-30000
055880,神達元富97購02  ,0,0,0,0,0,0,0,0,0,-30000,0,0,0,0,30000,-30000,-30000
05607P,華通日盛96售01  ,0,0,0,0,0,0,0,0,0,-30000,0,0,0,24000,54000,-30000,-30000
055571,鴻海統一97購03  ,0,0,0,0,0,0,0,0,0,-30000,0,0,0,13000,43000,-30000,-30000
043148,裕隆統一93購01  ,0,0,0,0,0,0,0,0,0,-30000,0,0,0,0,30000,-30000,-30000
044613,智易兆豐94購01  ,0,0,0,0,0,0,0,0,0,-30000,0,0,0,0,30000,-30000,-30000
044563,亞德客凱基92購01,0,0,0,0,0,0,0,0,0,-30000,0,0,0,0,30000,-30000,-30000
04557P,茂林群益94售03  ,0,0,0,0,0,0,0,0,0,-30000,0,0,0,0,30000,-30000,-30000
042903,金寶元大94購01  ,0,0,0,0,0,0,0,0,0,-30000,0,0,0,0,30000,-30000,-30000
044213,瑞昱凱基91購11  ,0,0,0,0,0,0,0,0,0,-30000,0,0,0,10000,40000,-30000,-30000
040744,滬深2X國票94購01,0,0,0,0,0,0,0,0,0,-30000,0,0,0,0,30000,-30000,-30000
046652,上銀元大93購02  ,0,0,0,0,0,0,0,0,0,-30000,0,0,0,12000,42000,-30000,-30000
046513,景碩元大92購02  ,0,0,0,0,0,0,0,0,0,-30000,0,0,0,0,30000,-30000,-30000
046275,台表科凱基94購01,0,0,0,0,0,0,0,0,0,-30000,0,0,0,0,30000,-30000,-30000
045448,宏達電國泰93購02,0,0,0,0,0,0,0,0,0,-30000,0,0,0,0,30000,-30000,-30000
048587,康控中信93購01  ,0,0,0,0,0,0,0,0,0,-30000,0,0,0,220000,250000,-30000,-30000
048727,大成鋼麥證94購01,0,0,0,0,30000,-30000,0,0,0,-30000,0,0,0,0,30000,-30000,-30000
050766,燿華元大96購02  ,0,0,0,0,0,0,0,0,0,-30000,0,0,0,0,30000,-30000,-30000
050711,TPK中信94購01   ,0,0,0,0,0,0,0,0,0,-30000,0,0,0,0,30000,-30000,-30000
050315,和碩兆豐95購01  ,0,0,0,0,0,0,0,0,0,-30000,0,0,0,0,30000,-30000,-30000
047582,滬深2X永豐95購02,3000,0,3000,0,0,0,0,0,0,-33000,0,0,0,0,33000,-33000,-30000
047453,電子類元大93購04,0,0,0,0,0,0,0,0,0,-30000,0,0,0,0,30000,-30000,-30000
048410,和碩群益93購01  ,0,0,0,0,0,0,0,0,0,-30000,0,0,0,0,30000,-30000,-30000
048491,A50元大93購01   ,0,0,0,0,0,0,0,0,0,-30000,0,0,0,10000,40000,-30000,-30000
047945,滬深2X統一94購01,0,0,0,0,0,0,0,0,0,-30000,0,0,0,0,30000,-30000,-30000
049922,禾伸堂元大95購01,0,0,0,0,0,0,0,0,0,-30000,0,0,0,158000,188000,-30000,-30000
049156,緯穎元大96購01  ,0,0,0,0,0,0,0,0,0,-30000,0,0,0,0,30000,-30000,-30000
048758,美利達元富96購02,0,0,0,0,0,0,0,0,0,-30000,0,0,0,0,30000,-30000,-30000
049620,美食群益94購01  ,0,0,0,0,0,0,0,0,0,-30000,0,0,0,0,30000,-30000,-30000
049598,超眾元大95購03  ,0,0,0,0,0,0,0,0,0,-30000,0,0,0,10000,40000,-30000,-30000
05173P,臺股指元大95售17,0,0,0,0,0,0,0,0,0,-30000,0,0,0,0,30000,-30000,-30000
051972,廣達凱基95購02  ,0,0,0,0,0,0,0,0,0,-30000,0,0,0,0,30000,-30000,-30000
052284,日月光凱基96購01,0,0,0,0,0,0,0,0,0,-30000,0,0,0,0,30000,-30000,-30000
052344,台表科凱基98購01,0,0,0,0,0,0,0,0,0,-30000,0,0,0,0,30000,-30000,-30000
052132,旺宏凱基9B購01  ,0,0,0,0,0,0,0,0,0,-30000,0,0,0,2000,32000,-30000,-30000
052129,鴻海凱基97購02  ,0,0,0,0,0,0,0,0,0,-30000,0,0,0,90000,120000,-30000,-30000
051623,和碩凱基96購02  ,0,0,0,0,0,0,0,0,0,-30000,0,0,0,20000,50000,-30000,-30000
05157P,全新台新96售01  ,0,0,0,0,0,0,0,0,0,-30000,0,0,0,0,30000,-30000,-30000
051535,新日興國票96購01,0,0,0,0,0,0,0,0,0,-30000,0,0,0,61000,91000,-30000,-30000
051358,台新金元大95購01,0,0,0,0,0,0,0,0,0,-30000,0,0,0,0,30000,-30000,-30000
051321,建準國票96購01  ,0,0,0,0,0,0,0,0,0,-30000,0,0,0,23000,53000,-30000,-30000
050979,鴻海元富96購02  ,0,0,0,0,0,0,0,0,0,-30000,0,0,0,1000,31000,-30000,-30000
051150,宏達電凱基95購02,0,0,0,0,0,0,0,0,0,-30000,0,0,0,0,30000,-30000,-30000
051132,喬山永豐95購02  ,0,0,0,0,0,0,0,0,0,-30000,0,0,0,0,30000,-30000,-30000
053298,SP黃豆凱基99購01,0,0,0,0,0,0,0,0,0,-30000,0,0,0,0,30000,-30000,-30000
053435,新光金日盛96購01,0,0,0,0,0,0,0,0,0,-30000,0,0,0,0,30000,-30000,-30000
053694,創意元大96購03  ,0,0,0,0,0,0,0,0,0,-30000,0,0,0,77000,107000,-30000,-30000
053687,智邦元大96購02  ,0,0,0,0,0,0,0,0,0,-30000,0,0,0,92000,122000,-30000,-30000
053850,嘉澤元富96購03  ,0,0,0,0,0,0,0,0,0,-30000,0,0,0,200000,230000,-30000,-30000
053026,奇力新富邦98購01,0,0,0,0,0,0,0,0,0,-30000,0,0,0,49000,79000,-30000,-30000
052652,台虹永豐96購01  ,0,0,0,0,0,0,0,0,0,-30000,0,0,0,0,30000,-30000,-30000
2314,台揚            ,98000,188000,-90000,0,0,0,0,0,0,60000,0,9000,-9000,69000,0,69000,-30000
2501,國建            ,41000,66000,-25000,0,0,0,0,0,0,-5000,0,5000,-5000,0,0,0,-30000
4566,時碩工業        ,19000,49000,-30000,0,0,0,0,0,0,0,0,0,0,0,0,0,-30000
3025,星通            ,6000,35000,-29000,0,0,0,0,0,0,-1000,0,1000,-1000,0,0,0,-30000
05808P,臺股指國票96售01,0,0,0,0,0,0,0,0,0,-31000,0,0,0,9000,40000,-31000,-31000
054360,智邦凱基96購03  ,0,0,0,0,0,0,0,0,0,-31000,0,0,0,1000,32000,-31000,-31000
048862,中磊群益94購01  ,0,0,0,0,0,0,0,0,0,-31000,0,0,0,100000,131000,-31000,-31000
045183,台光電統一92購02,0,0,0,0,0,0,0,0,0,-31000,0,0,0,0,31000,-31000,-31000
045138,技嘉兆豐92購01  ,0,0,0,0,0,0,0,0,0,-31000,0,0,0,65000,96000,-31000,-31000
045500,聯發科凱基93購04,0,0,0,0,0,0,0,0,0,-31000,0,0,0,6000,37000,-31000,-31000
046794,智伸科元富93購01,0,0,0,0,0,0,0,0,0,-31000,0,0,0,10000,41000,-31000,-31000
043484,TPK群益93購01   ,0,0,0,0,0,0,0,0,0,-31000,0,0,0,32000,63000,-31000,-31000
048395,南亞科國票93購02,0,0,0,0,0,0,0,0,0,-31000,0,0,0,30000,61000,-31000,-31000
052855,群創日盛99購01  ,0,0,0,0,0,0,0,0,0,-31000,0,0,0,341000,372000,-31000,-31000
053408,友達兆豐98購01  ,0,0,0,0,0,0,0,0,0,-31000,0,0,0,10000,41000,-31000,-31000
051199,鴻海麥證95購03  ,0,0,0,30000,61000,-31000,0,0,0,-31000,0,0,0,30000,61000,-31000,-31000
051985,智邦元大95購05  ,0,0,0,0,0,0,0,0,0,-31000,0,0,0,311000,342000,-31000,-31000
5534,長虹            ,196000,238000,-42000,0,0,0,0,16000,-16000,27000,44000,17000,27000,0,0,0,-31000
2430,燦坤            ,0,31000,-31000,0,0,0,0,0,0,0,0,0,0,0,0,0,-31000
054545,奇力新中信98購01,0,0,0,0,0,0,0,0,0,-32000,0,0,0,263000,295000,-32000,-32000
054083,智伸科元富96購01,0,0,0,0,0,0,0,0,0,-32000,0,0,0,11000,43000,-32000,-32000
053890,華新科群益98購01,0,0,0,0,0,0,0,0,0,-32000,0,0,0,54000,86000,-32000,-32000
055104,台達電凱基98購01,0,0,0,0,0,0,0,0,0,-32000,0,0,0,10000,42000,-32000,-32000
05777P,台積電統一96售04,0,0,0,0,0,0,0,0,0,-32000,0,0,0,115000,147000,-32000,-32000
05842P,台積電元大96售15,0,0,0,0,0,0,0,0,0,-32000,0,0,0,49000,81000,-32000,-32000
05904P,大立光統一96售07,0,0,0,0,0,0,0,0,0,-32000,0,0,0,83000,115000,-32000,-32000
06091P,華新科統一97售01,0,0,0,0,0,0,0,0,0,-32000,0,0,0,39000,71000,-32000,-32000
055313,南電群益97購01  ,0,0,0,0,0,0,0,0,0,-32000,0,0,0,27000,59000,-32000,-32000
044016,義隆凱基93購01  ,0,0,0,0,0,0,0,0,0,-32000,0,0,0,23000,55000,-32000,-32000
044117,創意兆豐92購01  ,0,0,0,0,0,0,0,0,0,-32000,0,0,0,40000,72000,-32000,-32000
04048P,大立光元大93售26,0,0,0,0,0,0,0,0,0,-32000,0,0,0,0,32000,-32000,-32000
044835,南亞科元大91購14,0,0,0,0,0,0,0,0,0,-32000,0,0,0,0,32000,-32000,-32000
047296,日月光元富96購01,0,0,0,0,0,0,0,0,0,-32000,0,0,0,0,32000,-32000,-32000
05027P,南電群益95售01  ,0,0,0,0,0,0,0,0,0,-32000,0,0,0,0,32000,-32000,-32000
049138,台積電元大94購05,0,0,0,0,0,0,0,0,0,-32000,0,0,0,47000,79000,-32000,-32000
05197P,智原永豐95售02  ,0,0,0,0,0,0,0,0,0,-32000,0,0,0,5000,37000,-32000,-32000
051029,緯創元富95購01  ,0,0,0,0,0,0,0,0,0,-32000,0,0,0,0,32000,-32000,-32000
053760,牧德國泰98購01  ,0,0,0,0,0,0,0,0,0,-32000,0,0,0,18000,50000,-32000,-32000
055688,力成凱基98購02  ,0,0,0,0,0,0,0,0,0,-33000,0,0,0,25000,58000,-33000,-33000
055954,南港元大97購02  ,0,0,0,0,0,0,0,0,0,-33000,0,0,0,18000,51000,-33000,-33000
055759,技嘉群益98購02  ,0,0,0,0,0,0,0,0,0,-33000,0,0,0,0,33000,-33000,-33000
06163P,聯詠群益97售01  ,0,0,0,0,0,0,0,0,0,-33000,0,0,0,0,33000,-33000,-33000
1449,佳和            ,8000,41000,-33000,0,0,0,0,0,0,0,0,0,0,0,0,0,-33000
054195,亞泥國泰98購01  ,0,0,0,0,0,0,0,0,0,-33000,0,0,0,178000,211000,-33000,-33000
04670P,臺股指國票94售09,0,0,0,0,0,0,0,0,0,-33000,0,0,0,18000,51000,-33000,-33000
03087P,聯發科元大01售24,0,0,0,0,0,0,0,0,0,-33000,0,0,0,0,33000,-33000,-33000
044513,義隆凱基93購02  ,0,0,0,0,0,0,0,0,0,-33000,0,0,0,11000,44000,-33000,-33000
044614,聯茂兆豐92購02  ,0,0,0,0,0,0,0,0,0,-33000,0,0,0,4000,37000,-33000,-33000
050147,為升永豐94購01  ,0,0,0,0,0,0,0,0,0,-33000,0,0,0,43000,76000,-33000,-33000
049391,廣宇中信94購01  ,0,0,0,0,0,0,0,0,0,-33000,0,0,0,0,33000,-33000,-33000
05076P,深中小群益99售02,0,0,0,0,0,0,0,0,0,-33000,0,0,0,5000,38000,-33000,-33000
048378,貿聯元富93購01  ,0,0,0,0,0,0,0,0,0,-33000,0,0,0,17000,50000,-33000,-33000
052550,鴻海國票97購02  ,0,0,0,0,0,0,0,0,0,-33000,0,0,0,0,33000,-33000,-33000
051703,台積電群益95購04,0,0,0,0,0,0,0,0,0,-33000,0,0,0,91000,124000,-33000,-33000
052305,GIS永豐95購03   ,0,0,0,0,0,0,0,0,0,-33000,0,0,0,88000,121000,-33000,-33000
054189,貿聯永豐96購03  ,0,0,0,0,0,0,0,0,0,-34000,0,0,0,0,34000,-34000,-34000
055021,亞德客國泰98購01,0,0,0,0,0,0,0,0,0,-34000,0,0,0,7000,41000,-34000,-34000
06249P,億光統一97售02  ,0,0,0,0,0,0,0,0,0,-34000,0,0,0,0,34000,-34000,-34000
04336P,台達電元大93售04,0,0,0,0,0,0,0,0,0,-34000,0,0,0,1000,35000,-34000,-34000
043580,大立光元富94購01,0,0,0,0,0,0,0,0,0,-34000,0,0,0,39000,73000,-34000,-34000
042927,道瓊反中信94購01,0,0,0,0,0,0,0,0,0,-34000,0,0,0,0,34000,-34000,-34000
046634,GIS元富93購01   ,0,0,0,0,0,0,0,0,0,-34000,0,0,0,60000,94000,-34000,-34000
045318,鴻海統一92購03  ,0,0,0,0,0,0,0,0,0,-34000,0,0,0,0,34000,-34000,-34000
04716P,中石化凱基94售01,0,0,0,0,0,0,0,0,0,-34000,0,0,0,35000,69000,-34000,-34000
050334,鴻海國泰96購07  ,0,0,0,0,0,0,0,0,0,-34000,0,0,0,105000,139000,-34000,-34000
051253,緯創元大95購02  ,0,0,0,0,0,0,0,0,0,-34000,0,0,0,84000,118000,-34000,-34000
052530,台郡元大96購04  ,0,0,0,0,0,0,0,0,0,-34000,0,0,0,2000,36000,-34000,-34000
053537,玉晶光永豐98購02,0,0,0,0,0,0,0,0,0,-34000,0,0,0,78000,112000,-34000,-34000
053270,台塑元大96購01  ,0,0,0,0,0,0,0,0,0,-34000,0,0,0,22000,56000,-34000,-34000
2059,川湖            ,56000,93000,-37000,0,0,0,0,0,0,3000,4000,1000,3000,0,0,0,-34000
4540,全球傳動        ,22000,56000,-34000,0,0,0,0,0,0,0,0,0,0,0,0,0,-34000
05708P,奇力新國票97售04,0,0,0,0,0,0,0,0,0,-35000,0,0,0,40000,75000,-35000,-35000
055975,鴻海統一98購05  ,0,0,0,0,0,0,0,0,0,-35000,0,0,0,0,35000,-35000,-35000
055015,帆宣元富97購01  ,0,0,0,0,0,0,0,0,0,-35000,0,0,0,0,35000,-35000,-35000
054925,神達凱基97購01  ,0,0,0,0,0,0,0,0,0,-35000,0,0,0,15000,50000,-35000,-35000
054801,康友群益97購02  ,0,0,0,0,0,0,0,0,0,-35000,0,0,0,31000,66000,-35000,-35000
054635,台達電中信98購01,0,0,0,0,0,0,0,0,0,-35000,0,0,0,1000,36000,-35000,-35000
048813,元黃金凱基94購01,0,0,0,0,0,0,0,0,0,-35000,0,0,0,0,35000,-35000,-35000
04509P,臺股指元大94售04,0,0,0,0,0,0,0,0,0,-35000,0,0,0,0,35000,-35000,-35000
049055,聯詠永豐94購01  ,0,0,0,0,0,0,0,0,0,-35000,0,0,0,0,35000,-35000,-35000
046649,致伸國泰94購01  ,0,0,0,0,0,0,0,0,0,-35000,0,0,0,0,35000,-35000,-35000
044947,新光金群益92購01,0,0,0,0,0,0,0,0,0,-35000,0,0,0,0,35000,-35000,-35000
045763,南亞科統一93購01,0,0,0,0,0,0,0,0,0,-35000,0,0,0,0,35000,-35000,-35000
00733,富邦臺灣中小    ,0,0,0,0,0,0,0,0,0,-35000,0,0,0,260000,295000,-35000,-35000
05054P,臻鼎群益95售02  ,0,0,0,0,0,0,0,0,0,-35000,0,0,0,0,35000,-35000,-35000
050617,神基元大94購01  ,0,0,0,0,0,0,0,0,0,-35000,0,0,0,120000,155000,-35000,-35000
048204,訊芯元大93購06  ,0,0,0,0,0,0,0,0,0,-35000,0,0,0,55000,90000,-35000,-35000
050117,麗豐元大96購02  ,0,0,0,0,0,0,0,0,0,-35000,0,0,0,22000,57000,-35000,-35000
052818,智邦永豐96購01  ,0,0,0,0,0,0,0,0,0,-35000,0,0,0,182000,217000,-35000,-35000
052923,台積電永豐96購02,0,0,0,0,0,0,0,0,0,-35000,0,0,0,27000,62000,-35000,-35000
051938,旭富群益95購01  ,0,0,0,0,0,0,0,0,0,-35000,0,0,0,0,35000,-35000,-35000
054775,復盛國票98購01  ,0,0,0,0,0,0,0,0,0,-36000,0,0,0,8000,44000,-36000,-36000
054880,華泰統一97購01  ,0,0,0,0,0,0,0,0,0,-36000,0,0,0,24000,60000,-36000,-36000
055172,凱美統一97購02  ,0,0,0,0,0,0,0,0,0,-36000,0,0,0,1000,37000,-36000,-36000
055580,南茂統一97購01  ,0,0,0,0,0,0,0,0,0,-36000,0,0,0,72000,108000,-36000,-36000
055616,智原國票97購03  ,0,0,0,0,0,0,0,0,0,-36000,0,0,0,7000,43000,-36000,-36000
055524,鴻海群益98購01  ,0,0,0,0,0,0,0,0,0,-36000,0,0,0,11000,47000,-36000,-36000
055501,創意元大97購01  ,0,0,0,0,0,0,0,0,0,-36000,0,0,0,119000,155000,-36000,-36000
06012P,世芯國票96售01  ,0,0,0,0,0,0,0,0,0,-36000,0,0,0,2000,38000,-36000,-36000
1532,勤美            ,31000,50000,-19000,0,0,0,0,16000,-16000,-1000,0,1000,-1000,0,0,0,-36000
044508,微星凱基92購02  ,0,0,0,0,0,0,0,0,0,-36000,0,0,0,0,36000,-36000,-36000
04647P,上海銀凱基94售04,0,0,0,0,0,0,0,0,0,-36000,0,0,0,0,36000,-36000,-36000
050018,高股息元大94購02,0,0,0,0,0,0,0,0,0,-36000,0,0,0,4000,40000,-36000,-36000
05047P,強茂永豐95售02  ,0,0,0,0,0,0,0,0,0,-36000,0,0,0,0,36000,-36000,-36000
051408,台積電國票95購03,0,0,0,0,0,0,0,0,0,-36000,0,0,0,0,36000,-36000,-36000
052961,國巨凱基97購02  ,0,0,0,0,0,0,0,0,0,-36000,0,0,0,4000,40000,-36000,-36000
053196,康控元富96購01  ,0,0,0,0,0,0,0,0,0,-36000,0,0,0,24000,60000,-36000,-36000
053413,台積電國票99購01,0,0,0,0,0,0,0,0,0,-36000,0,0,0,25000,61000,-36000,-36000
2425,承啟            ,47000,83000,-36000,0,0,0,0,0,0,0,0,0,0,0,0,0,-36000
06268P,聯詠凱基97售02  ,0,0,0,0,0,0,0,0,0,-37000,0,0,0,0,37000,-37000,-37000
05908P,大立光元富96售05,0,0,0,0,0,0,0,0,0,-37000,0,0,0,14000,51000,-37000,-37000
05646P,聯發科國票96售05,0,0,0,0,0,0,0,0,0,-37000,0,0,0,0,37000,-37000,-37000
055485,國巨元大97購09  ,0,0,0,0,0,0,0,0,0,-37000,0,0,0,20000,57000,-37000,-37000
054970,帆宣元大97購01  ,0,0,0,0,0,0,0,0,0,-37000,0,0,0,140000,177000,-37000,-37000
054591,GIS國泰98購01   ,0,0,0,0,0,0,0,0,0,-37000,0,0,0,3000,40000,-37000,-37000
053953,群創台新97購01  ,0,0,0,0,0,0,0,0,0,-37000,0,0,0,0,37000,-37000,-37000
046385,群創凱基98購03  ,0,0,0,0,0,0,0,0,0,-37000,0,0,0,3000,40000,-37000,-37000
046608,超眾兆豐93購02  ,0,0,0,0,0,0,0,0,0,-37000,0,0,0,3000,40000,-37000,-37000
046045,聯茂元大92購07  ,0,0,0,0,0,0,0,0,0,-37000,0,0,0,20000,57000,-37000,-37000
04308P,京元電凱基93售06,0,0,0,0,0,0,0,0,0,-37000,0,0,0,0,37000,-37000,-37000
05046P,台光電永豐95售02,0,0,0,0,0,0,0,0,0,-37000,0,0,0,0,37000,-37000,-37000
050618,緯創元大95購01  ,0,0,0,0,0,0,0,0,0,-37000,0,0,0,106000,143000,-37000,-37000
047173,群創永豐93購01  ,0,0,0,0,0,0,0,0,0,-37000,0,0,0,5000,42000,-37000,-37000
049352,泰鼎永豐95購01  ,0,0,0,0,0,0,0,0,0,-37000,0,0,0,76000,113000,-37000,-37000
053455,台光電元富96購02,0,0,0,0,0,0,0,0,0,-37000,0,0,0,37000,74000,-37000,-37000
053222,聯茂凱基96購03  ,0,0,0,0,0,0,0,0,0,-37000,0,0,0,0,37000,-37000,-37000
053334,訊芯永豐96購01  ,0,0,0,0,0,0,0,0,0,-37000,0,0,0,162000,199000,-37000,-37000
053833,彩晶台新97購02  ,0,0,0,0,0,0,0,0,0,-37000,0,0,0,0,37000,-37000,-37000
052950,超眾國票98購01  ,0,0,0,0,0,0,0,0,0,-37000,0,0,0,19000,56000,-37000,-37000
052579,亞泥元富96購01  ,0,0,0,0,0,0,0,0,0,-37000,0,0,0,0,37000,-37000,-37000
051770,南茂元大95購02  ,0,0,0,0,0,0,0,0,0,-37000,0,0,0,63000,100000,-37000,-37000
052439,寶成富邦97購01  ,0,0,0,0,0,0,0,0,0,-37000,0,0,0,80000,117000,-37000,-37000
3094,聯傑            ,53000,90000,-37000,0,0,0,0,0,0,0,0,0,0,0,0,0,-37000
05393P,鴻海統一95售14  ,0,0,0,0,0,0,0,0,0,-38000,0,0,0,0,38000,-38000,-38000
054319,世紀鋼凱基96購02,0,0,0,0,0,0,0,0,0,-38000,0,0,0,30000,68000,-38000,-38000
055051,藍天永豐97購01  ,0,0,0,0,0,0,0,0,0,-38000,0,0,0,0,38000,-38000,-38000
055802,新日興永豐97購01,0,0,0,0,0,0,0,0,0,-38000,0,0,0,0,38000,-38000,-38000
05763P,致新永豐96售01  ,0,0,0,0,0,0,0,0,0,-38000,0,0,0,167000,205000,-38000,-38000
042712,元石油國票95購01,0,0,0,0,0,0,0,0,0,-38000,0,0,0,42000,80000,-38000,-38000
046396,矽創國泰93購01  ,0,0,0,0,0,0,0,0,0,-38000,0,0,0,0,38000,-38000,-38000
04980P,臺股指凱基96售08,0,0,0,0,0,0,0,0,0,-38000,0,0,0,0,38000,-38000,-38000
049121,元油2X元富94購06,0,0,0,0,0,0,0,0,0,-38000,0,0,0,10000,48000,-38000,-38000
049224,致新國票95購01  ,0,0,0,0,0,0,0,0,0,-38000,0,0,0,0,38000,-38000,-38000
048025,鴻海凱基93購30  ,0,0,0,0,0,0,0,0,0,-38000,0,0,0,15000,53000,-38000,-38000
047329,聯茂元大93購04  ,0,0,0,0,0,0,0,0,0,-38000,0,0,0,105000,143000,-38000,-38000
050640,致新國票94購01  ,0,0,0,0,0,0,0,0,0,-38000,0,0,0,0,38000,-38000,-38000
051753,華通元大96購03  ,0,0,0,0,0,0,0,0,0,-38000,0,0,0,0,38000,-38000,-38000
052030,GIS群益95購04   ,0,0,0,0,0,0,0,0,0,-38000,0,0,0,6000,44000,-38000,-38000
051391,聯發科兆豐95購02,0,0,0,0,0,0,0,0,0,-38000,0,0,0,72000,110000,-38000,-38000
051580,宏碁元大95購02  ,0,0,0,0,0,0,0,0,0,-38000,0,0,0,80000,118000,-38000,-38000
050959,元金2X永豐95購02,0,0,0,0,0,0,0,0,0,-38000,0,0,0,0,38000,-38000,-38000
051045,南茂永豐95購01  ,0,0,0,0,0,0,0,0,0,-38000,0,0,0,39000,77000,-38000,-38000
053247,麗豐國票97購01  ,0,0,0,0,0,0,0,0,0,-38000,0,0,0,0,38000,-38000,-38000
3050,鈺德            ,1000,34000,-33000,0,0,0,0,0,0,-5000,0,5000,-5000,0,0,0,-38000
4552,力達-KY         ,3000,41000,-38000,0,0,0,0,0,0,0,0,0,0,0,0,0,-38000
4746,台耀            ,46000,83000,-37000,0,0,0,0,0,0,-1000,4000,5000,-1000,0,0,0,-38000
05862P,大立光國泰98售01,0,0,0,0,0,0,0,0,0,-39000,0,0,0,78000,117000,-39000,-39000
055615,宏達電國票99購02,0,0,0,0,0,0,0,0,0,-39000,0,0,0,0,39000,-39000,-39000
05570P,聯發科統一96售04,0,0,0,0,0,0,0,0,0,-39000,0,0,0,45000,84000,-39000,-39000
055667,致茂群益98購01  ,0,0,0,0,0,0,0,0,0,-39000,0,0,0,11000,50000,-39000,-39000
055244,國巨統一98購01  ,0,0,0,0,0,0,0,0,0,-39000,0,0,0,0,39000,-39000,-39000
055179,大立光統一97購04,0,0,0,0,0,0,0,0,0,-39000,0,0,0,156000,195000,-39000,-39000
054021,義隆台新96購01  ,0,0,0,0,0,0,0,0,0,-39000,0,0,0,35000,74000,-39000,-39000
04259P,滬深2X群益93售03,0,0,0,0,0,0,0,0,0,-39000,0,0,0,391000,430000,-39000,-39000
04245P,上海銀元大93售03,0,0,0,0,0,0,0,0,0,-39000,0,0,0,0,39000,-39000,-39000
043591,智邦元大92購02  ,0,0,0,0,0,0,0,0,0,-39000,0,0,0,0,39000,-39000,-39000
04035P,全新群益93售03  ,0,0,0,0,0,0,0,0,0,-39000,0,0,0,1000,40000,-39000,-39000
05078P,義隆永豐95售01  ,0,0,0,0,0,0,0,0,0,-39000,0,0,0,0,39000,-39000,-39000
05032P,台積電國泰96售05,0,0,0,0,0,0,0,0,0,-39000,0,0,0,10000,49000,-39000,-39000
053348,彩晶國票97購02  ,0,0,0,0,0,0,0,0,0,-39000,0,0,0,0,39000,-39000,-39000
053541,泰鼎永豐96購02  ,0,0,0,0,0,0,0,0,0,-39000,0,0,0,82000,121000,-39000,-39000
052714,義隆凱基96購02  ,0,0,0,0,0,0,0,0,0,-39000,0,0,0,219000,258000,-39000,-39000
053164,台光電群益96購02,0,0,0,0,0,0,0,0,0,-39000,0,0,0,11000,50000,-39000,-39000
051195,台郡中信95購01  ,0,0,0,0,0,0,0,0,0,-39000,0,0,0,85000,124000,-39000,-39000
051558,元金2X國泰97購01,0,0,0,0,0,0,0,0,0,-39000,0,0,0,11000,50000,-39000,-39000
8404,百和興業-KY     ,21000,59000,-38000,0,0,0,0,0,0,-1000,0,1000,-1000,0,0,0,-39000
054359,南亞科日盛96購02,0,0,0,0,0,0,0,0,0,-40000,0,0,0,760000,800000,-40000,-40000
055200,和大群益98購01  ,0,0,0,0,0,0,0,0,0,-40000,0,0,0,40000,80000,-40000,-40000
054580,樺漢元大98購01  ,0,0,0,0,0,0,0,0,0,-40000,0,0,0,20000,60000,-40000,-40000
054629,華新科凱基98購01,0,0,0,0,0,0,0,0,0,-40000,0,0,0,0,40000,-40000,-40000
054761,台光電國票98購02,0,0,0,0,0,0,0,0,0,-40000,0,0,0,13000,53000,-40000,-40000
054794,貿聯群益98購01  ,0,0,0,0,0,0,0,0,0,-40000,0,0,0,1000,41000,-40000,-40000
055277,旺宏元大97購04  ,0,0,0,0,0,0,0,0,0,-40000,0,0,0,112000,152000,-40000,-40000
055274,華泰元大97購02  ,0,0,0,0,0,0,0,0,0,-40000,0,0,0,20000,60000,-40000,-40000
055275,台積電元大97購19,0,0,0,0,0,0,0,0,0,-40000,0,0,0,60000,100000,-40000,-40000
055362,GIS凱基97購03   ,0,0,0,0,0,0,0,0,0,-40000,0,0,0,29000,69000,-40000,-40000
05559P,臺股指麥證96售01,0,0,0,5000,45000,-40000,0,0,0,-40000,0,0,0,5000,45000,-40000,-40000
06036P,台表科凱基96售04,0,0,0,0,0,0,0,0,0,-40000,0,0,0,136000,176000,-40000,-40000
05965P,健策凱基96售05  ,0,0,0,0,0,0,0,0,0,-40000,0,0,0,0,40000,-40000,-40000
05765P,臺股指永豐96售01,0,0,0,0,0,0,0,0,0,-40000,0,0,0,0,40000,-40000,-40000
05812P,臺股指國票96售05,0,0,0,0,0,0,0,0,0,-40000,0,0,0,0,40000,-40000,-40000
05650P,台積電富邦96售01,0,0,0,0,0,0,0,0,0,-40000,0,0,0,150000,190000,-40000,-40000
05666P,聯發科凱基96售14,0,0,0,0,0,0,0,0,0,-40000,0,0,0,13000,53000,-40000,-40000
06088P,建準永豐97售01  ,0,0,0,0,0,0,0,0,0,-40000,0,0,0,0,40000,-40000,-40000
06140P,華新科群益97售06,0,0,0,0,0,0,0,0,0,-40000,0,0,0,10000,50000,-40000,-40000
1460,宏遠            ,9000,48000,-39000,0,0,0,0,0,0,-1000,0,1000,-1000,0,0,0,-40000
04152P,喬山永豐93售02  ,0,0,0,0,0,0,0,0,0,-40000,0,0,0,0,40000,-40000,-40000
03016P,滬深2X群益01售09,0,0,0,0,0,0,0,0,0,-40000,0,0,0,0,40000,-40000,-40000
044364,超眾中信94購01  ,0,0,0,0,0,0,0,0,0,-40000,0,0,0,30000,70000,-40000,-40000
03640C,元油2X元大9B牛02,0,0,0,0,0,0,0,0,0,-40000,0,0,0,0,40000,-40000,-40000
044055,智邦元大92購03  ,0,0,0,0,0,0,0,0,0,-40000,0,0,0,0,40000,-40000,-40000
044820,臻鼎兆豐93購02  ,0,0,0,0,0,0,0,0,0,-40000,0,0,0,10000,50000,-40000,-40000
045861,智邦統一93購02  ,0,0,0,0,0,0,0,0,0,-40000,0,0,0,179000,219000,-40000,-40000
045172,欣興兆豐94購01  ,0,0,0,0,0,0,0,0,0,-40000,0,0,0,100000,140000,-40000,-40000
045227,致伸元大93購01  ,0,0,0,0,0,0,0,0,0,-40000,0,0,0,95000,135000,-40000,-40000
050399,潤泰全中信95購01,0,0,0,0,0,0,0,0,0,-40000,0,0,0,0,40000,-40000,-40000
050474,鴻海永豐94購05  ,0,0,0,0,0,0,0,0,0,-40000,0,0,0,336000,376000,-40000,-40000
047298,聯茂元富96購01  ,0,0,0,0,0,0,0,0,0,-40000,0,0,0,0,40000,-40000,-40000
047272,技嘉永豐93購01  ,0,0,0,0,0,0,0,0,0,-40000,0,0,0,0,40000,-40000,-40000
047422,滬深2X兆豐94購02,0,0,0,0,0,0,0,0,0,-40000,0,0,0,0,40000,-40000,-40000
047413,台積電永昌93購05,0,0,0,0,0,0,0,0,0,-40000,0,0,0,0,40000,-40000,-40000
048149,泰鼎元富95購01  ,0,0,0,0,0,0,0,0,0,-40000,0,0,0,4000,44000,-40000,-40000
047546,瑞昱凱基93購06  ,0,0,0,0,0,0,0,0,0,-40000,0,0,0,23000,63000,-40000,-40000
04772P,欣興元大94售08  ,0,0,0,0,0,0,0,0,0,-40000,0,0,0,10000,50000,-40000,-40000
047980,東陽群益93購02  ,0,0,0,0,0,0,0,0,0,-40000,0,0,0,0,40000,-40000,-40000
048454,合勤控凱基94購01,0,0,0,0,0,0,0,0,0,-40000,0,0,0,20000,60000,-40000,-40000
048459,嘉聯益凱基93購04,0,0,0,0,0,0,0,0,0,-40000,0,0,0,0,40000,-40000,-40000
048918,上証2X永豐94購01,0,0,0,0,0,0,0,0,0,-40000,0,0,0,0,40000,-40000,-40000
047869,景碩永豐93購01  ,0,0,0,0,0,0,0,0,0,-40000,0,0,0,0,40000,-40000,-40000
047809,瑞昱凱基93購08  ,0,0,0,0,0,0,0,0,0,-40000,0,0,0,19000,59000,-40000,-40000
049246,大成鋼元大94購02,0,0,0,0,0,0,0,0,0,-40000,0,0,0,50000,90000,-40000,-40000
049831,日月光凱基94購01,0,0,0,0,0,0,0,0,0,-40000,0,0,0,0,40000,-40000,-40000
049760,滬深2X國泰95購02,0,0,0,0,0,0,0,0,0,-40000,0,0,0,0,40000,-40000,-40000
04935P,鴻海中信96售01  ,0,0,0,0,0,0,0,0,0,-40000,0,0,0,10000,50000,-40000,-40000
048075,美利達元富93購02,0,0,0,0,0,0,0,0,0,-40000,0,0,0,0,40000,-40000,-40000
051007,台光電麥證95購01,0,0,0,20000,60000,-40000,0,0,0,-40000,0,0,0,20000,60000,-40000,-40000
052066,華邦電兆豐96購01,0,0,0,0,0,0,0,0,0,-40000,0,0,0,0,40000,-40000,-40000
051886,道瓊反統一95購03,0,0,0,0,0,0,0,0,0,-40000,0,0,0,0,40000,-40000,-40000
051758,瑞昱元大95購01  ,0,0,0,0,0,0,0,0,0,-40000,0,0,0,89000,129000,-40000,-40000
052211,台積電元大95購22,0,0,0,0,0,0,0,0,0,-40000,0,0,0,94000,134000,-40000,-40000
053121,上証2X凱基9C購01,0,0,0,0,0,0,0,0,0,-40000,0,0,0,1000,41000,-40000,-40000
052941,康控兆豐97購01  ,0,0,0,0,0,0,0,0,0,-40000,0,0,0,0,40000,-40000,-40000
052870,玉晶光凱基96購03,0,0,0,0,0,0,0,0,0,-40000,0,0,0,2000,42000,-40000,-40000
052746,泰碩元大97購01  ,0,0,0,0,0,0,0,0,0,-40000,0,0,0,0,40000,-40000,-40000
053601,台表科元大98購01,0,0,0,0,0,0,0,0,0,-40000,0,0,0,10000,50000,-40000,-40000
5531,鄉林            ,62000,101000,-39000,0,0,0,0,0,0,-1000,0,1000,-1000,0,0,0,-40000
4141,龍燈-KY         ,0,40000,-40000,0,0,0,0,0,0,0,0,0,0,0,0,0,-40000
3665,貿聯-KY         ,294000,362000,-68000,0,0,0,60000,10000,50000,-22000,40000,13000,27000,2000,51000,-49000,-40000
2607,榮運            ,7000,47000,-40000,0,0,0,0,0,0,0,0,0,0,0,0,0,-40000
1558,伸興            ,0,27838,-27838,0,0,0,0,0,0,-13000,0,13000,-13000,0,0,0,-40838
06144P,台光電永豐97售01,0,0,0,0,0,0,0,0,0,-41000,0,0,0,0,41000,-41000,-41000
05906P,國巨元富96售05  ,0,0,0,0,0,0,0,0,0,-41000,0,0,0,14000,55000,-41000,-41000
055299,康友元大97購02  ,0,0,0,0,0,0,0,0,0,-41000,0,0,0,17000,58000,-41000,-41000
055438,鴻海國票98購01  ,45000,0,45000,0,0,0,0,0,0,-86000,0,0,0,7000,93000,-86000,-41000
045447,鴻海國泰94購02  ,0,0,0,0,0,0,0,0,0,-41000,0,0,0,71000,112000,-41000,-41000
048597,台達電國票93購02,0,0,0,0,0,0,0,0,0,-41000,0,0,0,10000,51000,-41000,-41000
046648,和鑫國泰94購01  ,0,0,0,0,0,0,0,0,0,-41000,0,0,0,4000,45000,-41000,-41000
047058,聯茂國票94購01  ,0,0,0,0,0,0,0,0,0,-41000,0,0,0,10000,51000,-41000,-41000
047877,滬深2X中信95購07,0,0,0,0,0,0,0,0,0,-41000,0,0,0,120000,161000,-41000,-41000
048480,FB上証中信94購01,0,0,0,0,0,0,0,0,0,-41000,0,0,0,0,41000,-41000,-41000
049940,臺股指元大94購21,0,0,0,0,0,0,0,0,0,-41000,0,0,0,1000,42000,-41000,-41000
050677,光寶科統一94購01,0,0,0,0,0,0,0,0,0,-41000,0,0,0,60000,101000,-41000,-41000
053426,創意永豐96購04  ,0,0,0,0,0,0,0,0,0,-41000,0,0,0,24000,65000,-41000,-41000
052516,臺股指凱基95購20,0,0,0,0,0,0,0,0,0,-41000,0,0,0,0,41000,-41000,-41000
052967,智邦群益96購01  ,0,0,0,0,0,0,0,0,0,-41000,0,0,0,52000,93000,-41000,-41000
052067,中磊兆豐96購01  ,0,0,0,0,0,0,0,0,0,-41000,0,0,0,106000,147000,-41000,-41000
051583,可成元大95購07  ,0,0,0,0,0,0,0,0,0,-41000,0,0,0,170000,211000,-41000,-41000
051468,智邦日盛95購01  ,0,0,0,0,0,0,0,0,0,-41000,0,0,0,3000,44000,-41000,-41000
4737,華廣            ,2000,43000,-41000,0,0,0,0,0,0,0,0,0,0,0,0,0,-41000
9938,百和            ,203000,111000,92000,0,0,0,0,109000,-109000,-24000,0,0,0,0,24000,-24000,-41000
05602P,國巨元大96售06  ,0,0,0,0,0,0,0,0,0,-42000,0,0,0,10000,52000,-42000,-42000
06092P,嘉聯益統一97售01,0,0,0,0,0,0,0,0,0,-42000,0,0,0,68000,110000,-42000,-42000
06242P,大立光元富9A售02,0,0,0,0,0,0,0,0,0,-42000,0,0,0,7000,49000,-42000,-42000
054850,上海銀兆豐97購01,0,0,0,0,0,0,0,0,0,-42000,0,0,0,0,42000,-42000,-42000
053987,宏碁亞東96購01  ,0,0,0,0,0,0,0,0,0,-42000,0,0,0,0,42000,-42000,-42000
046941,瑞昱元大93購08  ,0,0,0,0,0,0,0,0,0,-42000,0,0,0,1000,43000,-42000,-42000
048658,鴻海統一93購09  ,0,0,0,0,0,0,0,0,0,-42000,0,0,0,23000,65000,-42000,-42000
046767,南茂凱基93購03  ,0,0,0,0,0,0,0,0,0,-42000,0,0,0,8000,50000,-42000,-42000
045692,南茂元大92購04  ,0,0,0,0,0,0,0,0,0,-42000,0,0,0,0,42000,-42000,-42000
042908,智邦元大92購01  ,0,0,0,0,0,0,0,0,0,-42000,0,0,0,0,42000,-42000,-42000
044205,聯茂亞東92購01  ,0,0,0,0,0,0,0,0,0,-42000,0,0,0,10000,52000,-42000,-42000
04932P,香港2X中信96售01,0,0,0,0,0,0,0,0,0,-42000,0,0,0,30000,72000,-42000,-42000
051309,卜蜂麥證95購01  ,0,0,0,0,42000,-42000,0,0,0,-42000,0,0,0,0,42000,-42000,-42000
051774,聯茂中信96購01  ,0,0,0,0,0,0,0,0,0,-42000,0,0,0,35000,77000,-42000,-42000
051834,南電元大96購02  ,0,0,0,0,0,0,0,0,0,-42000,0,0,0,26000,68000,-42000,-42000
052213,富邦金元大95購01,0,0,0,0,0,0,0,0,0,-42000,0,0,0,0,42000,-42000,-42000
053425,京鼎永豐96購01  ,0,0,0,0,0,0,0,0,0,-42000,0,0,0,13000,55000,-42000,-42000
053410,啟碁兆豐96購01  ,0,0,0,0,0,0,0,0,0,-42000,0,0,0,0,42000,-42000,-42000
053511,鴻海群益96購04  ,0,0,0,0,0,0,0,0,0,-42000,0,0,0,12000,54000,-42000,-42000
2612,中航            ,6000,47000,-41000,0,0,0,0,0,0,-1000,0,1000,-1000,0,0,0,-42000
1339,昭輝            ,38000,86000,-48000,0,0,0,5342,0,5342,0,0,0,0,0,0,0,-42658
1304,台聚            ,192000,173000,19000,0,0,0,0,46000,-46000,-16000,0,16000,-16000,0,0,0,-43000
08749P,鴻海台新01售02  ,0,0,0,0,0,0,0,0,0,-43000,0,0,0,30000,73000,-43000,-43000
055803,鎧勝永豐97購01  ,0,0,0,0,0,0,0,0,0,-43000,0,0,0,0,43000,-43000,-43000
055428,友達群益9C購01  ,0,0,0,0,0,0,0,0,0,-43000,0,0,0,0,43000,-43000,-43000
054288,華邦電元大96購05,0,0,0,0,0,0,0,0,0,-43000,0,0,0,12000,55000,-43000,-43000
055048,台積電永豐97購04,0,0,0,0,0,0,0,0,0,-43000,0,0,0,230000,273000,-43000,-43000
048696,台達電國票96購01,0,0,0,0,0,0,0,0,0,-43000,0,0,0,5000,48000,-43000,-43000
050663,麗豐元大96購03  ,0,0,0,0,0,0,0,0,0,-43000,0,0,0,2000,45000,-43000,-43000
050801,元金2X群益98購01,0,0,0,0,0,0,0,0,0,-43000,0,0,0,35000,78000,-43000,-43000
047389,義隆元大94購01  ,0,0,0,0,0,0,0,0,0,-43000,0,0,0,149000,192000,-43000,-43000
048250,矽創兆豐93購02  ,0,0,0,0,0,0,0,0,0,-43000,0,0,0,0,43000,-43000,-43000
053438,玉晶光麥證97購02,0,0,0,20000,63000,-43000,0,0,0,-43000,0,0,0,20000,63000,-43000,-43000
053711,鴻海凱基96購14  ,0,0,0,0,0,0,0,0,0,-43000,0,0,0,0,43000,-43000,-43000
052722,群創統一97購02  ,0,0,0,0,0,0,0,0,0,-43000,0,0,0,17000,60000,-43000,-43000
052042,台積電日盛95購02,0,0,0,0,0,0,0,0,0,-43000,0,0,0,0,43000,-43000,-43000
051000,台郡元大96購01  ,0,0,0,0,0,0,0,0,0,-43000,0,0,0,20000,63000,-43000,-43000
051023,S&P反1統一95購02,0,0,0,0,0,0,0,0,0,-43000,0,0,0,7000,50000,-43000,-43000
050969,台郡永豐95購01  ,0,0,0,0,0,0,0,0,0,-43000,0,0,0,0,43000,-43000,-43000
5525,順天            ,6000,49000,-43000,0,0,0,0,0,0,0,0,0,0,0,0,0,-43000
6209,今國光          ,64000,105000,-41000,0,0,0,0,0,0,-2000,0,2000,-2000,0,0,0,-43000
054957,興富發元大97購01,0,0,0,0,0,0,0,0,0,-44000,0,0,0,57000,101000,-44000,-44000
054542,台表科國票98購01,0,0,0,0,0,0,0,0,0,-44000,0,0,0,0,44000,-44000,-44000
054460,和大凱基97購01  ,0,0,0,0,0,0,0,0,0,-44000,0,0,0,36000,80000,-44000,-44000
055640,鴻海元富97購03  ,0,0,0,0,0,0,0,0,0,-44000,0,0,0,0,44000,-44000,-44000
06209P,旺宏統一97售07  ,0,0,0,0,0,0,0,0,0,-44000,0,0,0,0,44000,-44000,-44000
06177P,玉晶光元大98售07,0,0,0,0,0,0,0,0,0,-44000,0,0,0,4000,48000,-44000,-44000
00686R,群益臺灣加權反1 ,0,0,0,0,0,0,0,0,0,-44000,0,0,0,2000,46000,-44000,-44000
04412P,欣興元富94售01  ,0,0,0,0,0,0,0,0,0,-44000,0,0,0,0,44000,-44000,-44000
043693,為升兆豐93購01  ,0,0,0,0,0,0,0,0,0,-44000,0,0,0,0,44000,-44000,-44000
047286,美律統一93購02  ,0,0,0,0,0,0,0,0,0,-44000,0,0,0,77000,121000,-44000,-44000
05024P,華通國票96售01  ,0,0,0,0,0,0,0,0,0,-44000,0,0,0,0,44000,-44000,-44000
050344,鴻海元富96購01  ,0,0,0,0,0,0,0,0,0,-44000,0,0,0,20000,64000,-44000,-44000
048072,GIS元富93購05   ,0,0,0,0,0,0,0,0,0,-44000,0,0,0,0,44000,-44000,-44000
047831,台光電元大93購07,0,0,0,0,0,0,0,0,0,-44000,0,0,0,0,44000,-44000,-44000
1789,神隆            ,219000,261000,-42000,0,0,0,0,0,0,-2000,0,2000,-2000,0,0,0,-44000
1451,年興            ,14000,57000,-43000,0,0,0,0,0,0,-2000,0,2000,-2000,0,0,0,-45000
05940P,聯發科凱基96售21,0,0,0,0,0,0,0,0,0,-45000,0,0,0,4000,49000,-45000,-45000
055440,矽力國票98購01  ,0,0,0,0,0,0,0,0,0,-45000,0,0,0,5000,50000,-45000,-45000
055500,京鼎元大97購04  ,0,0,0,0,0,0,0,0,0,-45000,0,0,0,55000,100000,-45000,-45000
055272,國巨元大98購04  ,0,0,0,0,0,0,0,0,0,-45000,0,0,0,0,45000,-45000,-45000
054543,元金2X中信01購01,0,0,0,0,0,0,0,0,0,-45000,0,0,0,0,45000,-45000,-45000
054058,晶豪科國票98購01,0,0,0,0,0,0,0,0,0,-45000,0,0,0,1000,46000,-45000,-45000
054140,智易元大97購03  ,0,0,0,0,0,0,0,0,0,-45000,0,0,0,38000,83000,-45000,-45000
044612,創意兆豐93購01  ,0,0,0,0,0,0,0,0,0,-45000,0,0,0,0,45000,-45000,-45000
042912,凌陽元大94購01  ,0,0,0,0,0,0,0,0,0,-45000,0,0,0,0,45000,-45000,-45000
046859,智伸科元大93購03,0,0,0,0,0,0,0,0,0,-45000,0,0,0,0,45000,-45000,-45000
046898,南茂麥證93購01  ,0,0,0,25000,70000,-45000,0,0,0,-45000,0,0,0,25000,70000,-45000,-45000
03977P,上海銀元大93售01,0,0,0,0,0,0,0,0,0,-45000,0,0,0,0,45000,-45000,-45000
048524,GIS元富94購01   ,0,0,0,0,0,0,0,0,0,-45000,0,0,0,0,45000,-45000,-45000
045068,台光電元大92購05,0,0,0,0,0,0,0,0,0,-45000,0,0,0,11000,56000,-45000,-45000
044898,旺宏凱基93購01  ,0,0,0,0,0,0,0,0,0,-45000,0,0,0,91000,136000,-45000,-45000
048504,A50正2中信95購01,0,0,0,0,0,0,0,0,0,-45000,0,0,0,0,45000,-45000,-45000
049398,微星群益94購02  ,0,0,0,0,0,0,0,0,0,-45000,0,0,0,54000,99000,-45000,-45000
049766,滬深2X元富94購02,0,0,0,0,0,0,0,0,0,-45000,0,0,0,10000,55000,-45000,-45000
050620,和碩元大94購04  ,0,0,0,0,0,0,0,0,0,-45000,0,0,0,20000,65000,-45000,-45000
047721,GIS凱基93購04   ,0,0,0,0,0,0,0,0,0,-45000,0,0,0,20000,65000,-45000,-45000
04943P,臻鼎康和94售01  ,0,0,0,0,0,0,0,0,0,-45000,0,0,0,0,45000,-45000,-45000
051072,強茂國票95購02  ,0,0,0,0,0,0,0,0,0,-45000,0,0,0,20000,65000,-45000,-45000
052048,景碩凱基95購01  ,0,0,0,0,0,0,0,0,0,-45000,0,0,0,0,45000,-45000,-45000
052058,臺股指凱基95購16,0,0,0,0,0,0,0,0,0,-45000,0,0,0,0,45000,-45000,-45000
051942,寶成群益95購01  ,0,0,0,0,0,0,0,0,0,-45000,0,0,0,0,45000,-45000,-45000
052401,智原凱基95購01  ,0,0,0,0,0,0,0,0,0,-45000,0,0,0,22000,67000,-45000,-45000
053028,康控富邦98購01  ,0,0,0,0,0,0,0,0,0,-45000,0,0,0,0,45000,-45000,-45000
053818,富邦金群益98購01,0,0,0,0,0,0,0,0,0,-45000,0,0,0,0,45000,-45000,-45000
053538,京鼎永豐96購03  ,0,0,0,0,0,0,0,0,0,-45000,0,0,0,30000,75000,-45000,-45000
053493,智邦兆豐97購02  ,0,0,0,0,0,0,0,0,0,-45000,0,0,0,26000,71000,-45000,-45000
05323P,瑞昱凱基96售02  ,0,0,0,0,0,0,0,0,0,-45000,0,0,0,63000,108000,-45000,-45000
053296,貿聯中信98購01  ,0,0,0,0,0,0,0,0,0,-45000,0,0,0,13000,58000,-45000,-45000
2108,南帝            ,28000,22000,6000,0,0,0,0,50000,-50000,-1000,0,1000,-1000,0,0,0,-45000
3645,達邁            ,32000,66000,-34000,0,0,0,0,0,0,-11000,0,3000,-3000,0,8000,-8000,-45000
2704,國賓            ,70000,115000,-45000,0,0,0,0,0,0,0,0,0,0,0,0,0,-45000
6669,緯穎            ,265294,302546,-37252,0,0,0,6000,3000,3000,-11000,9000,10000,-1000,4000,14000,-10000,-45252
053976,亞光元大96購02  ,0,0,0,0,0,0,0,0,0,-46000,0,0,0,147000,193000,-46000,-46000
054477,聯發科中信9C購02,0,0,0,0,0,0,0,0,0,-46000,0,0,0,24000,70000,-46000,-46000
054256,創意元大96購07  ,0,0,0,0,0,0,0,0,0,-46000,0,0,0,261000,307000,-46000,-46000
05844P,旺宏元大96售07  ,0,0,0,0,0,0,0,0,0,-46000,0,0,0,150000,196000,-46000,-46000
046227,聯發科元大92購12,0,0,0,0,0,0,0,0,0,-46000,0,0,0,12000,58000,-46000,-46000
050782,台積電國泰96購03,0,0,0,0,0,0,0,0,0,-46000,0,0,0,50000,96000,-46000,-46000
050875,訊芯永豐95購01  ,0,0,0,0,0,0,0,0,0,-46000,0,0,0,0,46000,-46000,-46000
053670,台積電統一96購09,0,0,0,0,0,0,0,0,0,-46000,0,0,0,14000,60000,-46000,-46000
052951,GIS國票97購02   ,0,0,0,0,0,0,0,0,0,-46000,0,0,0,26000,72000,-46000,-46000
052130,國巨凱基9B購01  ,0,0,0,0,0,0,0,0,0,-46000,0,0,0,29000,75000,-46000,-46000
052170,台積電元大95購20,0,0,0,0,0,0,0,0,0,-46000,0,0,0,34000,80000,-46000,-46000
051829,玉晶光元大98購02,0,0,0,0,0,0,0,0,0,-46000,0,0,0,10000,56000,-46000,-46000
051086,鴻海元大96購04  ,0,0,0,0,0,0,0,0,0,-46000,0,0,0,125000,171000,-46000,-46000
051286,國巨統一97購01  ,0,0,0,0,0,0,0,0,0,-46000,0,0,0,46000,92000,-46000,-46000
051569,緯創富邦95購02  ,0,0,0,0,0,0,0,0,0,-46000,0,0,0,0,46000,-46000,-46000
4306,炎洲            ,10000,54000,-44000,0,0,0,0,0,0,-2000,0,2000,-2000,0,0,0,-46000
05973P,聯詠元大96售06  ,0,0,0,0,0,0,0,0,0,-47000,0,0,0,7000,54000,-47000,-47000
06321P,台積電統一98售03,0,0,0,0,0,0,0,0,0,-47000,0,0,0,0,47000,-47000,-47000
05539P,鎧勝永豐96售01  ,0,0,0,0,0,0,0,0,0,-47000,0,0,0,0,47000,-47000,-47000
055026,健和興國泰98購01,0,0,0,0,0,0,0,0,0,-47000,0,0,0,10000,57000,-47000,-47000
054815,台積電元大97購14,0,0,0,0,0,0,0,0,0,-47000,0,0,0,53000,100000,-47000,-47000
046441,儒鴻兆豐92購01  ,0,0,0,0,0,0,0,0,0,-47000,0,0,0,43000,90000,-47000,-47000
04186P,創意元富93售04  ,0,0,0,0,0,0,0,0,0,-47000,0,0,0,1000,48000,-47000,-47000
048939,華擎永豐94購01  ,0,0,0,0,0,0,0,0,0,-47000,0,0,0,65000,112000,-47000,-47000
052876,GIS凱基96購03   ,0,0,0,0,0,0,0,0,0,-47000,0,0,0,41000,88000,-47000,-47000
9924,福興            ,20000,22000,-2000,0,0,0,0,44000,-44000,-1000,0,1000,-1000,0,0,0,-47000
055101,台肥凱基97購01  ,0,0,0,0,0,0,0,0,0,-48000,0,0,0,0,48000,-48000,-48000
053894,創意群益96購01  ,0,0,0,0,0,0,0,0,0,-48000,0,0,0,52000,100000,-48000,-48000
054220,國巨統一97購02  ,0,0,0,0,0,0,0,0,0,-48000,0,0,0,52000,100000,-48000,-48000
1417,嘉裕            ,24000,72000,-48000,0,0,0,0,0,0,0,0,0,0,0,0,0,-48000
06203P,奇力新中信98售02,0,0,0,0,0,0,0,0,0,-48000,0,0,0,15000,63000,-48000,-48000
05928P,華邦電康和96售01,0,0,0,0,0,0,0,0,0,-48000,0,0,0,0,48000,-48000,-48000
03413B,臺股指凱基94熊19,0,0,0,0,0,0,0,0,0,-48000,0,0,0,28000,76000,-48000,-48000
045716,智邦凱基92購02  ,0,0,0,0,0,0,0,0,0,-48000,0,0,0,0,48000,-48000,-48000
046992,智伸科凱基93購03,0,0,0,0,0,0,0,0,0,-48000,0,0,0,0,48000,-48000,-48000
045076,富邦金元大92購01,0,0,0,0,0,0,0,0,0,-48000,0,0,0,0,48000,-48000,-48000
048022,儒鴻凱基93購04  ,0,0,0,0,0,0,0,0,0,-48000,0,0,0,2000,50000,-48000,-48000
049243,佳世達元富96購02,0,0,0,0,0,0,0,0,0,-48000,0,0,0,0,48000,-48000,-48000
049166,元油2X凱基97購02,0,0,0,0,0,0,0,0,0,-48000,0,0,0,0,48000,-48000,-48000
050049,華通群益96購01  ,0,0,0,0,0,0,0,0,0,-48000,0,0,0,2000,50000,-48000,-48000
048212,美利達日盛93購01,0,0,0,0,0,0,0,0,0,-48000,0,0,0,0,48000,-48000,-48000
053010,鴻海統一96購11  ,0,0,0,0,0,0,0,0,0,-48000,0,0,0,4000,52000,-48000,-48000
3437,榮創            ,145000,190000,-45000,0,0,0,0,0,0,-3000,0,3000,-3000,0,0,0,-48000
1717,長興            ,214000,312000,-98000,0,0,0,0,0,0,50000,50000,0,50000,0,0,0,-48000
2457,飛宏            ,76000,119000,-43000,0,0,0,0,0,0,-5000,0,5000,-5000,0,0,0,-48000
06033P,可成凱基96售09  ,0,0,0,0,0,0,0,0,0,-49000,0,0,0,0,49000,-49000,-49000
06006P,欣興永豐96售04  ,0,0,0,0,0,0,0,0,0,-49000,0,0,0,16000,65000,-49000,-49000
05741P,聯發科元大96售14,0,0,0,0,0,0,0,0,0,-49000,0,0,0,364000,413000,-49000,-49000
06239P,奇力新元大97售08,0,0,0,0,0,0,0,0,0,-49000,0,0,0,0,49000,-49000,-49000
055595,宏達電元大98購02,0,0,0,0,0,0,0,0,0,-49000,0,0,0,10000,59000,-49000,-49000
05480P,滬深2X凱基96售05,0,0,0,0,0,0,0,0,0,-49000,0,0,0,0,49000,-49000,-49000
04628P,欣興元大95售01  ,0,0,0,0,0,0,0,0,0,-49000,0,0,0,1000,50000,-49000,-49000
049745,國巨永豐94購04  ,0,0,0,0,0,0,0,0,0,-49000,0,0,0,21000,70000,-49000,-49000
049346,新光金統一95購01,0,0,0,0,0,0,0,0,0,-49000,0,0,0,6000,55000,-49000,-49000
049381,欣興元大94購05  ,0,0,0,0,0,0,0,0,0,-49000,0,0,0,62000,111000,-49000,-49000
053002,鴻海永豐96購01  ,0,0,0,0,0,0,0,0,0,-49000,0,0,0,2000,51000,-49000,-49000
053635,技嘉永豐96購01  ,0,0,0,0,0,0,0,0,0,-49000,0,0,0,158000,207000,-49000,-49000
3583,辛耘            ,88000,126000,-38000,0,0,0,0,11000,-11000,0,0,0,0,0,0,0,-49000
9910,豐泰            ,163472,165000,-1528,0,0,0,6000,37000,-31000,-17000,0,21000,-21000,4000,0,4000,-49528
05421P,鴻海元大96售12  ,0,0,0,0,0,0,0,0,0,-50000,0,0,0,203000,253000,-50000,-50000
054146,康友元大96購06  ,0,0,0,0,0,0,0,0,0,-50000,0,0,0,16000,66000,-50000,-50000
053997,健策群益97購02  ,0,0,0,0,0,0,0,0,0,-50000,0,0,0,10000,60000,-50000,-50000
054423,華新富邦96購01  ,0,0,0,0,0,0,0,0,0,-50000,0,0,0,0,50000,-50000,-50000
055589,台光電元大98購04,0,0,0,0,0,0,0,0,0,-50000,0,0,0,0,50000,-50000,-50000
055676,亞德客凱基97購03,0,0,0,0,0,0,0,0,0,-50000,0,0,0,1000,51000,-50000,-50000
055716,致茂元大97購01  ,0,0,0,0,0,0,0,0,0,-50000,0,0,0,68000,118000,-50000,-50000
055805,矽力永豐97購01  ,0,0,0,0,0,0,0,0,0,-50000,0,0,0,0,50000,-50000,-50000
055883,樺漢元富97購01  ,0,0,0,0,0,0,0,0,0,-50000,0,0,0,0,50000,-50000,-50000
055855,牧德元大99購02  ,0,0,0,0,0,0,0,0,0,-50000,0,0,0,1000,51000,-50000,-50000
055385,昇陽半元大98購01,0,0,0,0,0,0,0,0,0,-50000,0,0,0,0,50000,-50000,-50000
06213P,大立光元大98售07,0,0,0,0,0,0,0,0,0,-50000,0,0,0,11000,61000,-50000,-50000
06201P,可成元大97售01  ,0,0,0,0,0,0,0,0,0,-50000,0,0,0,11000,61000,-50000,-50000
05980P,台積電永昌96售09,0,0,0,0,0,0,0,0,0,-50000,0,0,0,523000,573000,-50000,-50000
05923P,旺宏元富96售05  ,0,0,0,0,0,0,0,0,0,-50000,0,0,0,0,50000,-50000,-50000
05913P,國巨元大96售11  ,0,0,0,0,0,0,0,0,0,-50000,0,0,0,0,50000,-50000,-50000
046290,儒鴻統一93購01  ,0,0,0,0,0,0,0,0,0,-50000,0,0,0,24000,74000,-50000,-50000
045895,智伸科元大92購02,0,0,0,0,0,0,0,0,0,-50000,0,0,0,0,50000,-50000,-50000
04610P,世紀鋼永豐94售03,0,0,0,0,0,0,0,0,0,-50000,0,0,0,0,50000,-50000,-50000
046094,南茂兆豐92購01  ,0,0,0,0,0,0,0,0,0,-50000,0,0,0,0,50000,-50000,-50000
045223,潤泰全元大93購01,0,0,0,0,0,0,0,0,0,-50000,0,0,0,0,50000,-50000,-50000
048726,儒鴻麥證95購01  ,0,0,0,10000,60000,-50000,0,0,0,-50000,0,0,0,10000,60000,-50000,-50000
046867,瑞昱統一93購01  ,0,0,0,0,0,0,0,0,0,-50000,0,0,0,0,50000,-50000,-50000
046811,和大凱基93購01  ,0,0,0,0,0,0,0,0,0,-50000,0,0,0,0,50000,-50000,-50000
046798,元油2X元大96購01,0,0,0,0,0,0,0,0,0,-50000,0,0,0,0,50000,-50000,-50000
042942,永冠國票94購01  ,0,0,0,0,0,0,0,0,0,-50000,0,0,0,0,50000,-50000,-50000
044109,宏達電國票92購02,0,0,0,0,0,0,0,0,0,-50000,0,0,0,0,50000,-50000,-50000
045619,強茂永豐92購01  ,0,0,0,0,0,0,0,0,0,-50000,0,0,0,0,50000,-50000,-50000
04311P,奇力新統一95售01,0,0,0,0,0,0,0,0,0,-50000,0,0,0,10000,60000,-50000,-50000
04376P,漢唐元大94售04  ,0,0,0,0,0,0,0,0,0,-50000,0,0,0,0,50000,-50000,-50000
04378P,大立光元大94售05,0,0,0,0,0,0,0,0,0,-50000,0,0,0,0,50000,-50000,-50000
04193P,智原永豐93售01  ,0,0,0,0,0,0,0,0,0,-50000,0,0,0,0,50000,-50000,-50000
044404,智伸科凱基91購02,0,0,0,0,0,0,0,0,0,-50000,0,0,0,0,50000,-50000,-50000
044289,群創凱基93購04  ,0,0,0,0,0,0,0,0,0,-50000,0,0,0,194000,244000,-50000,-50000
048036,隆達凱基93購01  ,0,0,0,0,0,0,0,0,0,-50000,0,0,0,100000,150000,-50000,-50000
047979,中石化群益95購01,0,0,0,0,0,0,0,0,0,-50000,0,0,0,0,50000,-50000,-50000
04994P,大成鋼凱基95售01,0,0,0,0,0,0,0,0,0,-50000,0,0,0,0,50000,-50000,-50000
049519,新光金國票95購03,0,0,0,0,0,0,0,0,0,-50000,0,0,0,0,50000,-50000,-50000
050007,貿聯永豐94購01  ,0,0,0,0,0,0,0,0,0,-50000,0,0,0,4000,54000,-50000,-50000
049470,楠梓電永豐94購03,0,0,0,0,0,0,0,0,0,-50000,0,0,0,0,50000,-50000,-50000
050184,信邦元大94購01  ,0,0,0,0,0,0,0,0,0,-50000,0,0,0,10000,60000,-50000,-50000
048215,A50正2凱基95購01,0,0,0,0,0,0,0,0,0,-50000,0,0,0,0,50000,-50000,-50000
047746,宏碁元富93購01  ,0,0,0,0,0,0,0,0,0,-50000,0,0,0,10000,60000,-50000,-50000
047765,瑞昱元大93購12  ,0,0,0,0,0,0,0,0,0,-50000,0,0,0,0,50000,-50000,-50000
04760P,旺宏凱基94售02  ,0,0,0,0,0,0,0,0,0,-50000,0,0,0,10000,60000,-50000,-50000
047138,智伸科凱基93購04,0,0,0,0,0,0,0,0,0,-50000,0,0,0,59000,109000,-50000,-50000
047414,智邦永昌93購01  ,0,0,0,0,0,0,0,0,0,-50000,0,0,0,0,50000,-50000,-50000
050778,瑞儀元大96購01  ,0,0,0,0,0,0,0,0,0,-50000,0,0,0,17000,67000,-50000,-50000
050768,聯發科元大94購16,0,0,0,0,0,0,0,0,0,-50000,0,0,0,0,50000,-50000,-50000
050518,台積電元大94購28,0,0,0,0,0,0,0,0,0,-50000,0,0,0,16000,66000,-50000,-50000
053854,聯茂國泰97購02  ,0,0,0,0,0,0,0,0,0,-50000,0,0,0,20000,70000,-50000,-50000
053730,樺漢凱基98購01  ,0,0,0,0,0,0,0,0,0,-50000,0,0,0,1000,51000,-50000,-50000
05349P,可成元富98售03  ,0,0,0,0,0,0,0,0,0,-50000,0,0,0,11000,61000,-50000,-50000
053466,華通元大98購01  ,0,0,0,0,0,0,0,0,0,-50000,0,0,0,5000,55000,-50000,-50000
052868,緯創凱基96購03  ,0,0,0,0,0,0,0,0,0,-50000,0,0,0,55000,105000,-50000,-50000
053047,寶成中信97購01  ,0,0,0,0,0,0,0,0,0,-50000,0,0,0,0,50000,-50000,-50000
053132,國巨國票97購02  ,0,0,0,0,0,0,0,0,0,-50000,0,0,0,10000,60000,-50000,-50000
05319P,上銀凱基95售02  ,0,0,0,0,0,0,0,0,0,-50000,0,0,0,0,50000,-50000,-50000
052675,新光金國泰98購01,0,0,0,0,0,0,0,0,0,-50000,0,0,0,0,50000,-50000,-50000
052560,康舒國票97購01  ,0,0,0,0,0,0,0,0,0,-50000,0,0,0,0,50000,-50000,-50000
051658,深中小國泰97購01,0,0,0,0,0,0,0,0,0,-50000,0,0,0,30000,80000,-50000,-50000
051681,日月光兆豐95購01,0,0,0,0,0,0,0,0,0,-50000,0,0,0,0,50000,-50000,-50000
05138P,嘉聯益凱基96售02,0,0,0,0,0,0,0,0,0,-50000,0,0,0,0,50000,-50000,-50000
051162,楠梓電元大95購01,0,0,0,0,0,0,0,0,0,-50000,0,0,0,0,50000,-50000,-50000
051031,康友元富95購02  ,0,0,0,0,0,0,0,0,0,-50000,0,0,0,50000,100000,-50000,-50000
051012,台積電凱基95購04,0,0,0,0,0,0,0,0,0,-50000,0,0,0,0,50000,-50000,-50000
051893,瀚宇博元富95購01,0,0,0,0,0,0,0,0,0,-50000,0,0,0,0,50000,-50000,-50000
055417,健策富邦98購02  ,0,0,0,0,0,0,0,0,0,-51000,0,0,0,0,51000,-51000,-51000
054706,TPK亞東97購01   ,0,0,0,0,0,0,0,0,0,-51000,0,0,0,40000,91000,-51000,-51000
054924,景碩凱基98購01  ,0,0,0,0,0,0,0,0,0,-51000,0,0,0,10000,61000,-51000,-51000
04346P,大立光兆豐95售02,0,0,0,0,0,0,0,0,0,-51000,0,0,0,0,51000,-51000,-51000
04312P,聯茂統一93售02  ,0,0,0,0,0,0,0,0,0,-51000,0,0,0,0,51000,-51000,-51000
049023,玉晶光群益96購04,0,0,0,0,0,0,0,0,0,-51000,0,0,0,86000,137000,-51000,-51000
045265,和鑫凱基94購01  ,0,0,0,0,0,0,0,0,0,-51000,0,0,0,0,51000,-51000,-51000
046968,台積電群益94購03,0,0,0,0,0,0,0,0,0,-51000,0,0,0,50000,101000,-51000,-51000
046487,鴻海永昌92購01  ,0,0,0,0,0,0,0,0,0,-51000,0,0,0,58000,109000,-51000,-51000
05036P,義隆元大95售03  ,0,0,0,0,0,0,0,0,0,-51000,0,0,0,1000,52000,-51000,-51000
047264,貿聯國票93購02  ,0,0,0,0,0,0,0,0,0,-51000,0,0,0,0,51000,-51000,-51000
047212,宏達電富邦97購01,0,0,0,0,0,0,0,0,0,-51000,0,0,0,13000,64000,-51000,-51000
04731P,臺股指中信96售03,0,0,0,0,0,0,0,0,0,-51000,0,0,0,8000,59000,-51000,-51000
047540,技嘉麥證93購01  ,0,0,0,14000,63000,-49000,0,0,0,-51000,0,0,0,14000,65000,-51000,-51000
049629,臺股指群益94購02,0,0,0,0,0,0,0,0,0,-51000,0,0,0,2000,53000,-51000,-51000
049812,致伸元大94購03  ,0,0,0,0,0,0,0,0,0,-51000,0,0,0,0,51000,-51000,-51000
048953,佳世達康和94購01,0,0,0,0,0,0,0,0,0,-51000,0,0,0,0,51000,-51000,-51000
052019,創意永豐95購02  ,0,0,0,0,0,0,0,0,0,-51000,0,0,0,0,51000,-51000,-51000
053267,華新科群益96購02,0,0,0,0,0,0,0,0,0,-51000,0,0,0,230000,281000,-51000,-51000
053310,彩晶凱基98購02  ,0,0,0,0,0,0,0,0,0,-51000,0,0,0,50000,101000,-51000,-51000
055020,上証2X國泰98購01,0,0,0,0,0,0,0,0,0,-52000,0,0,0,100000,152000,-52000,-52000
054326,宏達電台新97購02,0,0,0,0,0,0,0,0,0,-52000,0,0,0,0,52000,-52000,-52000
1215,卜蜂            ,24000,181000,-157000,0,0,0,0,3000,-3000,108000,100000,0,100000,9000,1000,8000,-52000
047808,智邦凱基93購07  ,0,0,0,0,0,0,0,0,0,-52000,0,0,0,0,52000,-52000,-52000
047732,美利達群益93購01,0,0,0,0,0,0,0,0,0,-52000,0,0,0,0,52000,-52000,-52000
050400,臻鼎中信97購01  ,0,0,0,0,0,0,0,0,0,-52000,0,0,0,0,52000,-52000,-52000
052687,國泰金元大96購03,0,0,0,0,0,0,0,0,0,-52000,0,0,0,65000,117000,-52000,-52000
051524,貿聯凱基95購02  ,0,0,0,0,0,0,0,0,0,-52000,0,0,0,2000,54000,-52000,-52000
1905,華紙            ,81000,129000,-48000,0,0,0,0,0,0,-4000,0,4000,-4000,0,0,0,-52000
05998P,台積電元大97售12,0,0,0,0,0,0,0,0,0,-53000,0,0,0,25000,78000,-53000,-53000
05999P,世芯元大96售01  ,0,0,0,0,0,0,0,0,0,-53000,0,0,0,35000,88000,-53000,-53000
054496,為升永豐96購01  ,0,0,0,0,0,0,0,0,0,-53000,0,0,0,69000,122000,-53000,-53000
053992,中環群益96購01  ,0,0,0,0,0,0,0,0,0,-53000,0,0,0,2000,55000,-53000,-53000
054186,高鐵永豐96購01  ,0,0,0,0,0,0,0,0,0,-53000,0,0,0,0,53000,-53000,-53000
046591,康舒元大92購01  ,0,0,0,0,0,0,0,0,0,-53000,0,0,0,65000,118000,-53000,-53000
044402,景碩凱基93購01  ,0,0,0,0,0,0,0,0,0,-53000,0,0,0,9000,62000,-53000,-53000
047360,鴻海群益95購02  ,0,0,0,0,0,0,0,0,0,-53000,0,0,0,151000,204000,-53000,-53000
051617,台積電凱基95購14,0,0,0,0,0,0,0,0,0,-53000,0,0,0,113000,166000,-53000,-53000
051882,潤泰全永豐95購01,0,0,0,0,0,0,0,0,0,-53000,0,0,0,0,53000,-53000,-53000
2442,新美齊          ,55000,108000,-53000,0,0,0,1000,0,1000,-1000,0,1000,-1000,0,0,0,-53000
6202,盛群            ,69000,123000,-54000,0,0,0,1000,0,1000,0,0,0,0,0,0,0,-53000
2929,淘帝-KY         ,115000,153000,-38000,0,0,0,0,0,0,-15191,0,2191,-2191,1000,14000,-13000,-53191
054397,創意永豐96購05  ,0,0,0,0,0,0,0,0,0,-54000,0,0,0,0,54000,-54000,-54000
05805P,義隆永豐96售02  ,0,0,0,0,0,0,0,0,0,-54000,0,0,0,0,54000,-54000,-54000
044255,群創元大93購01  ,0,0,0,0,0,0,0,0,0,-54000,0,0,0,196000,250000,-54000,-54000
050446,鴻海元大94購22  ,0,0,0,0,0,0,0,0,0,-54000,0,0,0,31000,85000,-54000,-54000
049142,智邦元大94購01  ,0,0,0,0,0,0,0,0,0,-54000,0,0,0,1000,55000,-54000,-54000
052456,滬深2X元富9B購03,0,0,0,0,0,0,0,0,0,-54000,0,0,0,39000,93000,-54000,-54000
051622,和碩凱基96購01  ,0,0,0,0,0,0,0,0,0,-54000,0,0,0,0,54000,-54000,-54000
051592,健策元大96購05  ,0,0,0,0,0,0,0,0,0,-54000,0,0,0,43000,97000,-54000,-54000
050992,台積電元大97購01,0,0,0,0,0,0,0,0,0,-54000,0,0,0,35000,89000,-54000,-54000
053179,大立光統一96購04,0,0,0,0,0,0,0,0,0,-54000,0,0,0,10000,64000,-54000,-54000
053112,中磊兆豐97購01  ,0,0,0,0,0,0,0,0,0,-54000,0,0,0,112000,166000,-54000,-54000
2034,允強            ,3000,57000,-54000,0,0,0,0,0,0,0,0,0,0,0,0,0,-54000
054238,聯茂群益96購04  ,0,0,0,0,0,0,0,0,0,-55000,0,0,0,11000,66000,-55000,-55000
054020,技嘉台新97購01  ,0,0,0,0,0,0,0,0,0,-55000,0,0,0,5000,60000,-55000,-55000
054928,帆宣凱基98購01  ,0,0,0,0,0,0,0,0,0,-55000,0,0,0,5000,60000,-55000,-55000
046659,瑞昱元大93購02  ,0,0,0,0,0,0,0,0,0,-55000,0,0,0,1000,56000,-55000,-55000
050468,矽格中信94購01  ,0,0,0,0,0,0,0,0,0,-55000,0,0,0,0,55000,-55000,-55000
053736,友達麥證96購01  ,0,0,0,30000,85000,-55000,0,0,0,-55000,0,0,0,30000,85000,-55000,-55000
051075,智邦國泰97購01  ,0,0,0,0,0,0,0,0,0,-55000,0,0,0,34000,89000,-55000,-55000
051202,智邦麥證95購01  ,0,0,0,25000,80000,-55000,0,0,0,-55000,0,0,0,25000,80000,-55000,-55000
051948,滬深2X元富9B購01,0,0,0,0,0,0,0,0,0,-55000,0,0,0,0,55000,-55000,-55000
9946,三發地產        ,116000,171000,-55000,0,0,0,0,0,0,0,2000,2000,0,0,0,0,-55000
2357,華碩            ,626859,701000,-74141,0,0,0,2000,0,2000,17000,0,5000,-5000,22000,0,22000,-55141
05501P,健策國票97售01  ,0,0,0,0,0,0,0,0,0,-56000,0,0,0,870000,926000,-56000,-56000
05395P,旺宏元大96售06  ,0,0,0,0,0,0,0,0,0,-56000,0,0,0,10000,66000,-56000,-56000
054193,鴻海麥證96購02  ,0,0,0,5000,61000,-56000,0,0,0,-56000,0,0,0,5000,61000,-56000,-56000
05758P,光罩永豐96售02  ,0,0,0,0,0,0,0,0,0,-56000,0,0,0,2000,58000,-56000,-56000
046040,晶睿元大92購03  ,0,0,0,0,0,0,0,0,0,-56000,0,0,0,0,56000,-56000,-56000
046307,瑞昱元大92購03  ,0,0,0,0,0,0,0,0,0,-56000,0,0,0,0,56000,-56000,-56000
046183,瑞昱凱基92購02  ,0,0,0,0,0,0,0,0,0,-56000,0,0,0,2000,58000,-56000,-56000
04428P,台光電元大94售02,0,0,0,0,0,0,0,0,0,-56000,0,0,0,0,56000,-56000,-56000
049167,元油2X凱基97購03,0,0,0,0,0,0,0,0,0,-56000,0,0,0,0,56000,-56000,-56000
05246P,南電元大95售04  ,0,0,0,0,0,0,0,0,0,-56000,0,0,0,0,56000,-56000,-56000
051243,微星元大95購01  ,0,0,0,0,0,0,0,0,0,-56000,0,0,0,231000,287000,-56000,-56000
2423,固緯            ,6000,61000,-55000,0,0,0,0,0,0,-1000,0,1000,-1000,0,0,0,-56000
2023,燁輝            ,43000,92000,-49000,0,0,0,0,0,0,-7000,0,7000,-7000,0,0,0,-56000
1702,南僑            ,16000,35000,-19000,0,0,0,13000,49000,-36000,-1000,0,1000,-1000,0,0,0,-56000
1598,岱宇            ,7000,34000,-27000,0,0,0,0,0,0,-29000,0,29000,-29000,0,0,0,-56000
3047,訊舟            ,24000,72000,-48000,0,0,0,0,0,0,-8000,0,8000,-8000,0,0,0,-56000
05790P,臺股指永昌96售07,0,0,0,0,0,0,0,0,0,-57000,0,0,0,593000,650000,-57000,-57000
06273P,台表科凱基97售04,0,0,0,0,0,0,0,0,0,-57000,0,0,0,0,57000,-57000,-57000
06134P,緯穎元富97售03  ,0,0,0,0,0,0,0,0,0,-57000,0,0,0,70000,127000,-57000,-57000
055787,聯茂凱基99購01  ,0,0,0,0,0,0,0,0,0,-57000,0,0,0,78000,135000,-57000,-57000
05400P,台積電永豐95售05,0,0,0,0,0,0,0,0,0,-57000,0,0,0,118000,175000,-57000,-57000
054497,國巨永豐96購05  ,0,0,0,0,0,0,0,0,0,-57000,0,0,0,50000,107000,-57000,-57000
045671,鴻海元大92購10  ,0,0,0,0,0,0,0,0,0,-57000,0,0,0,0,57000,-57000,-57000
048688,瑞昱群益94購01  ,0,0,0,0,0,0,0,0,0,-57000,0,0,0,132000,189000,-57000,-57000
046306,瑞昱元大92購02  ,0,0,0,0,0,0,0,0,0,-57000,0,0,0,0,57000,-57000,-57000
049372,華新科元大95購04,0,0,0,0,0,0,0,0,0,-57000,0,0,0,67000,124000,-57000,-57000
047780,友達中信96購01  ,0,0,0,0,0,0,0,0,0,-57000,0,0,0,90000,147000,-57000,-57000
052291,鴻海元富97購02  ,0,0,0,0,0,0,0,0,0,-57000,0,0,0,0,57000,-57000,-57000
052374,瑞昱元大95購02  ,0,0,0,0,0,0,0,0,0,-57000,0,0,0,29000,86000,-57000,-57000
053049,T50反1國票98購01,0,0,0,0,0,0,0,0,0,-57000,0,0,0,0,57000,-57000,-57000
052841,群創富邦96購02  ,0,0,0,0,0,0,0,0,0,-57000,0,0,0,20000,77000,-57000,-57000
055839,瑞昱元大97購04  ,0,0,0,0,0,0,0,0,0,-58000,0,0,0,28000,86000,-58000,-58000
055852,聯鈞元大98購01  ,0,0,0,0,0,0,0,0,0,-58000,0,0,0,9000,67000,-58000,-58000
05833P,臺股指元富96售05,0,0,0,0,0,0,0,0,0,-58000,0,0,0,0,58000,-58000,-58000
05676P,欣興群益96售04  ,0,0,0,0,0,0,0,0,0,-58000,0,0,0,27000,85000,-58000,-58000
048677,智伸科國泰94購01,0,0,0,0,0,0,0,0,0,-58000,0,0,0,10000,68000,-58000,-58000
045378,智邦元大92購04  ,0,0,0,0,0,0,0,0,0,-58000,0,0,0,2000,60000,-58000,-58000
047615,為升凱基93購05  ,0,0,0,0,0,0,0,0,0,-58000,0,0,0,60000,118000,-58000,-58000
04714P,上海銀元大94售01,0,0,0,0,0,0,0,0,0,-58000,0,0,0,0,58000,-58000,-58000
047141,宏達電兆豐94購01,0,0,0,0,0,0,0,0,0,-58000,0,0,0,0,58000,-58000,-58000
049192,元油2X永豐96購02,0,0,0,0,0,0,0,0,0,-58000,0,0,0,0,58000,-58000,-58000
049644,台積電凱基94購21,20000,0,20000,0,0,0,0,0,0,-78000,0,0,0,37000,115000,-78000,-58000
050092,鴻海永豐94購04  ,0,0,0,0,0,0,0,0,0,-58000,0,0,0,59000,117000,-58000,-58000
053015,緯創統一96購01  ,0,0,0,0,0,0,0,0,0,-58000,0,0,0,10000,68000,-58000,-58000
053820,大立光群益96購05,0,0,0,0,0,0,0,0,0,-58000,0,0,0,12000,70000,-58000,-58000
053861,台光電元大98購01,0,0,0,0,0,0,0,0,0,-58000,0,0,0,2000,60000,-58000,-58000
05571P,大立光統一96售03,0,0,0,0,0,0,0,0,0,-59000,0,0,0,0,59000,-59000,-59000
055624,聯發科富邦99購07,0,0,0,0,0,0,0,0,0,-59000,0,0,0,73000,132000,-59000,-59000
054411,光磊元大97購02  ,0,0,0,0,0,0,0,0,0,-59000,0,0,0,0,59000,-59000,-59000
054063,聯茂國票97購02  ,0,0,0,0,0,0,0,0,0,-59000,0,0,0,0,59000,-59000,-59000
048743,美利達統一94購01,0,0,0,0,0,0,0,0,0,-59000,0,0,0,0,59000,-59000,-59000
045971,智伸科凱基92購01,0,0,0,0,0,0,0,0,0,-59000,0,0,0,0,59000,-59000,-59000
046880,瑞昱永昌93購01  ,0,0,0,0,0,0,0,0,0,-59000,0,0,0,21000,80000,-59000,-59000
048512,全新凱基93購04  ,0,0,0,0,0,0,0,0,0,-59000,0,0,0,165000,224000,-59000,-59000
050445,鴻海元大94購21  ,0,0,0,0,0,0,0,0,0,-59000,0,0,0,201000,260000,-59000,-59000
053376,鴻海元大96購19  ,0,0,0,0,0,0,0,0,0,-59000,0,0,0,39000,98000,-59000,-59000
053276,友達元大9C購01  ,0,0,0,0,0,0,0,0,0,-59000,0,0,0,51000,110000,-59000,-59000
053198,亞德客日盛96購01,0,0,0,0,0,0,0,0,0,-59000,0,0,0,0,59000,-59000,-59000
051508,元黃金中信97購01,0,0,0,0,0,0,0,0,0,-59000,0,0,0,0,59000,-59000,-59000
4142,國光生          ,86000,151000,-65000,0,0,0,0,0,0,6000,10000,4000,6000,0,0,0,-59000
05439P,聯發科國票95售06,0,0,0,0,0,0,0,0,0,-60000,0,0,0,0,60000,-60000,-60000
055183,聯鈞統一97購01  ,0,0,0,0,0,0,0,0,0,-60000,0,0,0,0,60000,-60000,-60000
055704,亞德客永豐97購04,0,0,0,0,0,0,0,0,0,-60000,0,0,0,0,60000,-60000,-60000
05798P,臺股指群益96售12,0,0,0,0,0,0,0,0,0,-60000,0,0,0,0,60000,-60000,-60000
05807P,泰鼎永豐96售03  ,0,0,0,0,0,0,0,0,0,-60000,0,0,0,10000,70000,-60000,-60000
04144P,瑞昱凱基93售10  ,0,0,0,0,0,0,0,0,0,-60000,0,0,0,0,60000,-60000,-60000
04576P,上海銀統一94售04,0,0,0,0,0,0,0,0,0,-60000,0,0,0,0,60000,-60000,-60000
046729,智伸科元大93購01,0,0,0,0,0,0,0,0,0,-60000,0,0,0,0,60000,-60000,-60000
050470,智邦台新94購01  ,0,0,0,0,0,0,0,0,0,-60000,0,0,0,0,60000,-60000,-60000
047513,嘉晶國票93購03  ,0,0,0,0,0,0,0,0,0,-60000,0,0,0,0,60000,-60000,-60000
047592,長華永豐93購01  ,0,0,0,0,0,0,0,0,0,-60000,0,0,0,0,60000,-60000,-60000
048219,為升凱基93購06  ,0,0,0,0,0,0,0,0,0,-60000,0,0,0,21000,81000,-60000,-60000
048189,臺指反元大96購06,0,0,0,0,0,0,0,0,0,-60000,0,0,0,0,60000,-60000,-60000
049487,智邦元大94購03  ,0,0,0,0,0,0,0,0,0,-60000,0,0,0,11000,71000,-60000,-60000
049967,華新科國票94購07,0,0,0,0,0,0,0,0,0,-60000,0,0,0,34000,94000,-60000,-60000
049520,TPK國票95購01   ,0,0,0,0,0,0,0,0,0,-60000,0,0,0,0,60000,-60000,-60000
052137,台表科凱基96購02,0,0,0,0,0,0,0,0,0,-60000,0,0,0,0,60000,-60000,-60000
053135,信邦國票96購01  ,0,0,0,0,0,0,0,0,0,-60000,0,0,0,0,60000,-60000,-60000
053124,聯發科凱基96購12,0,0,0,0,0,0,0,0,0,-60000,0,0,0,25000,85000,-60000,-60000
053038,華邦電凱基97購01,0,0,0,0,0,0,0,0,0,-60000,0,0,0,0,60000,-60000,-60000
053369,T50反1元大96購06,0,0,0,0,0,0,0,0,0,-60000,0,0,0,0,60000,-60000,-60000
053738,群創麥證96購01  ,0,0,0,10000,70000,-60000,0,0,0,-60000,0,0,0,10000,70000,-60000,-60000
053941,國巨國泰96購05  ,0,0,0,0,0,0,0,0,0,-61000,0,0,0,59000,120000,-61000,-61000
046352,智邦群益92購02  ,0,0,0,0,0,0,0,0,0,-61000,0,0,0,0,61000,-61000,-61000
043973,元金2X元大94購02,0,0,0,0,0,0,0,0,0,-61000,0,0,0,0,61000,-61000,-61000
049473,光罩永豐94購03  ,0,0,0,0,0,0,0,0,0,-61000,0,0,0,58000,119000,-61000,-61000
047689,瑞昱富邦97購01  ,0,0,0,0,0,0,0,0,0,-61000,0,0,0,98000,159000,-61000,-61000
052441,亞泥元大95購01  ,0,0,0,0,0,0,0,0,0,-61000,0,0,0,172000,233000,-61000,-61000
051854,鴻海麥證95購04  ,0,0,0,0,61000,-61000,0,0,0,-61000,0,0,0,0,61000,-61000,-61000
055045,台肥永豐97購01  ,0,0,0,0,0,0,0,0,0,-62000,0,0,0,0,62000,-62000,-62000
055263,華新科富邦9A購01,0,0,0,0,0,0,0,0,0,-62000,0,0,0,159000,221000,-62000,-62000
049466,創意台新94購01  ,0,0,0,0,0,0,0,0,0,-62000,0,0,0,0,62000,-62000,-62000
049807,新光金元大96購02,0,0,0,0,0,0,0,0,0,-62000,0,0,0,0,62000,-62000,-62000
049800,瑞昱元大94購05  ,0,0,0,0,0,0,0,0,0,-62000,0,0,0,19000,81000,-62000,-62000
052179,康友元大95購03  ,0,0,0,0,0,0,0,0,0,-62000,0,0,0,185000,247000,-62000,-62000
051453,智伸科元大95購02,0,0,0,0,0,0,0,0,0,-62000,0,0,0,12000,74000,-62000,-62000
051058,景碩群益96購01  ,0,0,0,0,0,0,0,0,0,-62000,0,0,0,2000,64000,-62000,-62000
055281,台光電元大98購03,0,0,0,0,0,0,0,0,0,-63000,0,0,0,44000,107000,-63000,-63000
06108P,奇力新群益97售05,0,0,0,0,0,0,0,0,0,-63000,0,0,0,21000,84000,-63000,-63000
06284P,台積電國票98售03,0,0,0,0,0,0,0,0,0,-63000,0,0,0,0,63000,-63000,-63000
05390P,康友群益95售04  ,0,0,0,0,0,0,0,0,0,-63000,0,0,0,0,63000,-63000,-63000
054008,大立光元富96購06,0,0,0,0,0,0,0,0,0,-63000,0,0,0,166000,229000,-63000,-63000
054089,台積電群益96購11,0,0,0,0,0,0,0,0,0,-63000,0,0,0,187000,250000,-63000,-63000
047638,瑞昱元大93購11  ,0,0,0,0,0,0,0,0,0,-63000,0,0,0,1000,64000,-63000,-63000
047305,卜蜂元大93購02  ,0,0,0,0,0,0,0,0,0,-63000,0,0,0,0,63000,-63000,-63000
050215,TPK台新96購01   ,0,0,0,0,0,0,0,0,0,-63000,0,0,0,0,63000,-63000,-63000
051065,台積電國票96購01,0,0,0,0,0,0,0,0,0,-63000,0,0,0,3000,66000,-63000,-63000
051783,鴻海兆豐95購03  ,0,0,0,0,0,0,0,0,0,-63000,0,0,0,10000,73000,-63000,-63000
052684,旺宏元大98購01  ,0,0,0,0,0,0,0,0,0,-63000,0,0,0,325000,388000,-63000,-63000
2467,志聖            ,14000,77000,-63000,0,0,0,0,0,0,0,0,0,0,0,0,0,-63000
054464,奇力新凱基98購02,0,0,0,0,0,0,0,0,0,-64000,0,0,0,211000,275000,-64000,-64000
054232,台積電群益96購12,0,0,0,0,0,0,0,0,0,-64000,0,0,0,0,64000,-64000,-64000
054265,GIS元大96購03   ,0,0,0,0,0,0,0,0,0,-64000,0,0,0,21000,85000,-64000,-64000
04429P,和鑫元大94售01  ,0,0,0,0,0,0,0,0,0,-64000,0,0,0,0,64000,-64000,-64000
047003,鴻海統一93購05  ,0,0,0,0,0,0,0,0,0,-64000,0,0,0,0,64000,-64000,-64000
048418,瑞昱統一93購04  ,0,0,0,0,0,0,0,0,0,-64000,0,0,0,19000,83000,-64000,-64000
047199,鴻海元富93購03  ,0,0,0,0,0,0,0,0,0,-64000,0,0,0,15000,79000,-64000,-64000
04793P,台光電元大94售07,0,0,0,0,0,0,0,0,0,-64000,0,0,0,0,64000,-64000,-64000
053172,瑞儀群益97購01  ,0,0,0,0,0,0,0,0,0,-64000,0,0,0,10000,74000,-64000,-64000
2464,盟立            ,8000,69000,-61000,0,0,0,0,3000,-3000,0,0,0,0,0,0,0,-64000
2233,宇隆            ,41000,12000,29000,0,0,0,0,93000,-93000,0,0,0,0,0,0,0,-64000
05416P,喬山永豐95售04  ,0,0,0,0,0,0,0,0,0,-65000,0,0,0,5000,70000,-65000,-65000
05909P,康友元富96售02  ,0,0,0,0,0,0,0,0,0,-65000,0,0,0,0,65000,-65000,-65000
047182,智邦元大93購07  ,0,0,0,0,0,0,0,0,0,-65000,0,0,0,0,65000,-65000,-65000
047460,富邦金群益95購01,0,0,0,0,0,0,0,0,0,-65000,0,0,0,0,65000,-65000,-65000
053742,創意國票97購01  ,0,0,0,0,0,0,0,0,0,-65000,0,0,0,1000,66000,-65000,-65000
053770,元金2X元大98購01,0,0,0,0,0,0,0,0,0,-65000,0,0,0,0,65000,-65000,-65000
053863,聯發科元大96購18,0,0,0,0,0,0,0,0,0,-65000,0,0,0,155000,220000,-65000,-65000
053844,GIS統一96購01   ,0,0,0,0,0,0,0,0,0,-65000,0,0,0,10000,75000,-65000,-65000
053518,聯茂群益96購03  ,0,0,0,0,0,0,0,0,0,-65000,0,0,0,257000,322000,-65000,-65000
050982,台積電國泰96購04,0,0,0,0,0,0,0,0,0,-65000,0,0,0,0,65000,-65000,-65000
05121P,創意國泰96售01  ,0,0,0,0,0,0,0,0,0,-65000,0,0,0,90000,155000,-65000,-65000
05841P,華通元大96售04  ,0,0,0,0,0,0,0,0,0,-66000,0,0,0,130000,196000,-66000,-66000
055276,台積電元大97購20,0,0,0,0,0,0,0,0,0,-66000,0,0,0,0,66000,-66000,-66000
05553P,智原群益96售01  ,0,0,0,0,0,0,0,0,0,-66000,0,0,0,0,66000,-66000,-66000
05409P,京元電元富95售05,0,0,0,0,0,0,0,0,0,-66000,0,0,0,0,66000,-66000,-66000
047020,智邦元大93購04  ,0,0,0,0,0,0,0,0,0,-66000,0,0,0,0,66000,-66000,-66000
04491P,光磊康和94售01  ,0,0,0,0,0,0,0,0,0,-66000,0,0,0,10000,76000,-66000,-66000
04213P,台光電凱基93售11,0,0,0,0,0,0,0,0,0,-66000,0,0,0,0,66000,-66000,-66000
03827P,矽創國票94售01  ,0,0,0,0,0,0,0,0,0,-66000,0,0,0,0,66000,-66000,-66000
050674,瑞昱富邦94購02  ,0,0,0,0,0,0,0,0,0,-66000,0,0,0,104000,170000,-66000,-66000
048782,亞泥元大94購01  ,0,0,0,0,0,0,0,0,0,-66000,0,0,0,11000,77000,-66000,-66000
048136,聯茂國票93購04  ,0,0,0,0,0,0,0,0,0,-66000,0,0,0,0,66000,-66000,-66000
051797,卜蜂永豐95購01  ,0,0,0,0,0,0,0,0,0,-66000,0,0,0,0,66000,-66000,-66000
053502,智伸科兆豐97購01,0,0,0,0,0,0,0,0,0,-66000,0,0,0,0,66000,-66000,-66000
053781,友達元大9B購03  ,0,0,0,0,0,0,0,0,0,-66000,0,0,0,51000,117000,-66000,-66000
2204,中華            ,24000,90000,-66000,0,0,0,0,0,0,0,0,0,0,0,0,0,-66000
3596,智易            ,124000,256000,-132000,0,0,0,40000,29239,10761,55000,22000,3000,19000,60000,24000,36000,-66239
054118,國巨永豐96購04  ,0,0,0,0,0,0,0,0,0,-67000,0,0,0,33000,100000,-67000,-67000
055173,瑞昱統一97購01  ,0,0,0,0,0,0,0,0,0,-67000,0,0,0,0,67000,-67000,-67000
054710,東元元富97購01  ,0,0,0,0,0,0,0,0,0,-67000,0,0,0,75000,142000,-67000,-67000
054681,味全永豐97購01  ,0,0,0,0,0,0,0,0,0,-67000,0,0,0,0,67000,-67000,-67000
05919P,京鼎元大96售03  ,0,0,0,0,0,0,0,0,0,-67000,0,0,0,359000,426000,-67000,-67000
049451,富邦金統一94購03,0,0,0,0,0,0,0,0,0,-67000,0,0,0,1000,68000,-67000,-67000
049596,智伸科元大95購01,0,0,0,0,0,0,0,0,0,-67000,0,0,0,20000,87000,-67000,-67000
049108,玉晶光富邦96購02,0,0,0,0,0,0,0,0,0,-67000,0,0,0,75000,142000,-67000,-67000
049960,嘉聯益統一94購01,0,0,0,0,0,0,0,0,0,-67000,0,0,0,41000,108000,-67000,-67000
047522,微星元大93購02  ,0,0,0,0,0,0,0,0,0,-67000,0,0,0,35000,102000,-67000,-67000
047110,智邦元大93購05  ,0,0,0,0,0,0,0,0,0,-67000,0,0,0,0,67000,-67000,-67000
051057,信邦群益95購01  ,0,0,0,0,0,0,0,0,0,-67000,0,0,0,33000,100000,-67000,-67000
3090,日電貿          ,104000,99000,5000,0,0,0,0,0,0,-72000,0,5000,-5000,0,67000,-67000,-67000
06282P,聯鈞永豐97售02  ,0,0,0,0,0,0,0,0,0,-68000,0,0,0,0,68000,-68000,-68000
046860,致伸元大93購02  ,0,0,0,0,0,0,0,0,0,-68000,0,0,0,0,68000,-68000,-68000
046732,啟碁元大93購01  ,0,0,0,0,0,0,0,0,0,-68000,0,0,0,0,68000,-68000,-68000
046620,智伸科凱基93購01,0,0,0,0,0,0,0,0,0,-68000,0,0,0,40000,108000,-68000,-68000
048553,光磊元大93購03  ,0,0,0,0,0,0,0,0,0,-68000,0,0,0,0,68000,-68000,-68000
04506P,旺宏元大94售06  ,0,0,0,0,0,0,0,0,0,-68000,0,0,0,10000,78000,-68000,-68000
047120,啟碁元大93購02  ,0,0,0,0,0,0,0,0,0,-68000,0,0,0,0,68000,-68000,-68000
047397,啟碁元大93購05  ,0,0,0,0,0,0,0,0,0,-68000,0,0,0,0,68000,-68000,-68000
047381,台化元大93購01  ,0,0,0,0,0,0,0,0,0,-68000,0,0,0,0,68000,-68000,-68000
050525,嘉晶元大95購02  ,0,0,0,0,0,0,0,0,0,-68000,0,0,0,0,68000,-68000,-68000
051667,光磊元大96購02  ,0,0,0,0,0,0,0,0,0,-68000,0,0,0,0,68000,-68000,-68000
053689,台光電元大96購01,0,0,0,0,0,0,0,0,0,-68000,0,0,0,11000,79000,-68000,-68000
05282P,可成元大95售09  ,0,0,0,0,0,0,0,0,0,-68000,0,0,0,205000,273000,-68000,-68000
05764P,世紀鋼永豐96售03,0,0,0,0,0,0,0,0,0,-69000,0,0,0,0,69000,-69000,-69000
055587,智邦元大97購02  ,0,0,0,0,0,0,0,0,0,-69000,0,0,0,39000,108000,-69000,-69000
054684,裕隆永豐97購01  ,0,0,0,0,0,0,0,0,0,-69000,0,0,0,0,69000,-69000,-69000
046668,嘉澤元大93購01  ,0,0,0,0,0,0,0,0,0,-69000,0,0,0,1000,70000,-69000,-69000
006208,富邦台50        ,0,0,0,0,0,0,0,0,0,-69000,0,0,0,315000,384000,-69000,-69000
048988,聯茂元大94購02  ,0,0,0,0,0,0,0,0,0,-69000,0,0,0,100000,169000,-69000,-69000
047837,嘉晶元大93購01  ,0,0,0,0,0,0,0,0,0,-69000,0,0,0,5000,74000,-69000,-69000
050034,智伸科元大94購01,0,0,0,0,0,0,0,0,0,-69000,0,0,0,3000,72000,-69000,-69000
053433,友達日盛99購06  ,0,0,0,0,0,0,0,0,0,-69000,0,0,0,37000,106000,-69000,-69000
053279,景碩元大97購01  ,0,0,0,0,0,0,0,0,0,-69000,0,0,0,258000,327000,-69000,-69000
051455,樺漢元大96購01  ,0,0,0,0,0,0,0,0,0,-69000,0,0,0,26000,95000,-69000,-69000
05489P,臺股指凱基95售22,0,0,0,0,0,0,0,0,0,-70000,0,0,0,0,70000,-70000,-70000
054064,台郡國票97購04  ,0,0,0,0,0,0,0,0,0,-70000,0,0,0,0,70000,-70000,-70000
054395,華新科永豐96購03,0,0,0,0,0,0,0,0,0,-70000,0,0,0,85000,155000,-70000,-70000
055993,致茂國泰99購01  ,0,0,0,0,0,0,0,0,0,-70000,0,0,0,0,70000,-70000,-70000
045751,智邦國泰93購01  ,0,0,0,0,0,0,0,0,0,-70000,0,0,0,1000,71000,-70000,-70000
047001,大成鋼統一93購01,0,0,0,0,0,0,0,0,0,-70000,0,0,0,0,70000,-70000,-70000
048885,中環元富94購01  ,0,0,0,0,0,0,0,0,0,-70000,0,0,0,0,70000,-70000,-70000
050657,宏達電麥證94購01,0,0,0,0,70000,-70000,0,0,0,-70000,0,0,0,0,70000,-70000,-70000
050605,上証2X元大97購02,0,0,0,0,0,0,0,0,0,-70000,0,0,0,0,70000,-70000,-70000
047403,香港2X統一93購01,0,0,0,0,0,0,0,0,0,-70000,0,0,0,0,70000,-70000,-70000
051390,京元電兆豐95購01,0,0,0,0,0,0,0,0,0,-70000,0,0,0,0,70000,-70000,-70000
051124,創意群益95購01  ,0,0,0,0,0,0,0,0,0,-70000,0,0,0,15000,85000,-70000,-70000
051756,台積電元大97購04,0,0,0,0,0,0,0,0,0,-70000,0,0,0,12000,82000,-70000,-70000
051907,台積電元大97購05,0,0,0,0,0,0,0,0,0,-70000,0,0,0,86000,156000,-70000,-70000
052406,力成凱基95購03  ,0,0,0,0,0,0,0,0,0,-70000,0,0,0,0,70000,-70000,-70000
2455,全新            ,224000,531000,-307000,0,0,0,300000,17267,282733,-46000,51000,3000,48000,13000,107000,-94000,-70267
05783P,嘉澤元富96售01  ,0,0,0,0,0,0,0,0,0,-71000,0,0,0,20000,91000,-71000,-71000
05698P,群創凱基96售01  ,0,0,0,0,0,0,0,0,0,-71000,0,0,0,20000,91000,-71000,-71000
054329,華新科永豐96購02,0,0,0,0,0,0,0,0,0,-71000,0,0,0,46000,117000,-71000,-71000
046557,亞泥凱基93購02  ,0,0,0,0,0,0,0,0,0,-71000,0,0,0,0,71000,-71000,-71000
045055,聯發科元富98購03,0,0,0,0,0,0,0,0,0,-71000,0,0,0,0,71000,-71000,-71000
047417,台塑富邦97購01  ,0,0,0,0,0,0,0,0,0,-71000,0,0,0,0,71000,-71000,-71000
050450,富邦金元大94購03,0,0,0,0,0,0,0,0,0,-71000,0,0,0,0,71000,-71000,-71000
053395,致茂中信96購01  ,0,0,0,0,0,0,0,0,0,-71000,0,0,0,40000,111000,-71000,-71000
053390,彩晶元大9A購01  ,0,0,0,0,0,0,0,0,0,-71000,0,0,0,0,71000,-71000,-71000
054965,健策元大98購04  ,0,0,0,0,0,0,0,0,0,-72000,0,0,0,151000,223000,-72000,-72000
054699,復盛永豐97購01  ,0,0,0,0,0,0,0,0,0,-72000,0,0,0,464000,536000,-72000,-72000
05653P,華邦電統一96售02,0,0,0,0,0,0,0,0,0,-72000,0,0,0,170000,242000,-72000,-72000
055588,瑞昱元大97購03  ,1000,0,1000,0,0,0,0,0,0,-73000,0,0,0,118000,191000,-73000,-72000
045458,智邦元大92購05  ,0,0,0,0,0,0,0,0,0,-72000,0,0,0,5000,77000,-72000,-72000
046978,復盛永豐93購01  ,0,0,0,0,0,0,0,0,0,-72000,0,0,0,0,72000,-72000,-72000
047372,創意國票94購01  ,0,0,0,0,0,0,0,0,0,-72000,0,0,0,459000,531000,-72000,-72000
048243,儒鴻兆豐94購01  ,0,0,0,0,0,0,0,0,0,-72000,0,0,0,11000,83000,-72000,-72000
049739,大立光群益94購05,0,0,0,0,0,0,0,0,0,-72000,0,0,0,50000,122000,-72000,-72000
052764,景碩群益98購01  ,0,0,0,0,0,0,0,0,0,-72000,0,0,0,1000,73000,-72000,-72000
052536,聯茂國泰97購01  ,0,0,0,0,0,0,0,0,0,-72000,0,0,0,25000,97000,-72000,-72000
052399,台光電凱基95購03,0,0,0,0,0,0,0,0,0,-72000,0,0,0,181000,253000,-72000,-72000
052255,T50反1國泰96購01,0,0,0,0,0,0,0,0,0,-72000,0,0,0,8000,80000,-72000,-72000
2809,京城銀          ,169000,206000,-37000,0,0,0,1000,36000,-35000,0,0,0,0,0,0,0,-72000
5203,訊連            ,25000,122000,-97000,0,0,0,0,0,0,25000,35000,0,35000,0,10000,-10000,-72000
055300,緯穎元大98購01  ,0,0,0,0,0,0,0,0,0,-73000,0,0,0,3000,76000,-73000,-73000
1463,強盛            ,0,69000,-69000,0,0,0,0,0,0,-4000,0,4000,-4000,0,0,0,-73000
054813,鴻海元大97購09  ,0,0,0,0,0,0,0,0,0,-73000,0,0,0,133000,206000,-73000,-73000
054795,合勤控群益98購01,0,0,0,0,0,0,0,0,0,-73000,0,0,0,99000,172000,-73000,-73000
055095,啟碁群益98購01  ,0,0,0,0,0,0,0,0,0,-73000,0,0,0,0,73000,-73000,-73000
054456,華泰群益99購01  ,0,0,0,0,0,0,0,0,0,-73000,0,0,0,97000,170000,-73000,-73000
053867,創意元大96購04  ,0,0,0,0,0,0,0,0,0,-73000,0,0,0,123000,196000,-73000,-73000
046669,新唐元大93購01  ,0,0,0,0,0,0,0,0,0,-73000,0,0,0,0,73000,-73000,-73000
00635U,元大S&P黃金     ,20000,0,20000,0,0,0,0,0,0,-93000,0,0,0,210000,303000,-93000,-73000
04176P,台達電元大94售01,0,0,0,0,0,0,0,0,0,-73000,0,0,0,1000,74000,-73000,-73000
049697,群創元大98購01  ,0,0,0,0,0,0,0,0,0,-73000,0,0,0,33000,106000,-73000,-73000
050085,國泰金元富94購01,0,0,0,0,0,0,0,0,0,-73000,0,0,0,17000,90000,-73000,-73000
04805P,創意元富94售01  ,0,0,0,0,0,0,0,0,0,-73000,0,0,0,1000,74000,-73000,-73000
047684,景碩國泰94購01  ,0,0,0,0,0,0,0,0,0,-73000,0,0,0,0,73000,-73000,-73000
050444,卜蜂元大94購03  ,0,0,0,0,0,0,0,0,0,-73000,0,0,0,0,73000,-73000,-73000
052367,聯茂國票96購02  ,0,0,0,0,0,0,0,0,0,-73000,0,0,0,3000,76000,-73000,-73000
053162,緯穎元大97購01  ,0,0,0,0,0,0,0,0,0,-73000,0,0,0,37000,110000,-73000,-73000
053729,聯茂凱基96購05  ,0,0,0,0,0,0,0,0,0,-73000,0,0,0,20000,93000,-73000,-73000
05704P,矽力群益96售04  ,0,0,0,0,0,0,0,0,0,-74000,0,0,0,2000,76000,-74000,-74000
055703,緯穎富邦98購01  ,0,0,0,0,0,0,0,0,0,-74000,0,0,0,0,74000,-74000,-74000
048691,智伸科群益94購01,0,0,0,0,0,0,0,0,0,-74000,0,0,0,49000,123000,-74000,-74000
048407,貿聯群益93購04  ,0,0,0,0,0,0,0,0,0,-74000,0,0,0,16000,90000,-74000,-74000
051584,可成元大95購08  ,0,0,0,0,0,0,0,0,0,-74000,0,0,0,12000,86000,-74000,-74000
05618P,聯發科元富96售02,0,0,0,0,0,0,0,0,0,-75000,0,0,0,0,75000,-75000,-75000
05715P,創意元富96售05  ,0,0,0,0,0,0,0,0,0,-75000,0,0,0,10000,85000,-75000,-75000
05996P,華新科群益96售03,0,0,0,0,0,0,0,0,0,-75000,0,0,0,0,75000,-75000,-75000
054096,佳世達國票97購01,0,0,0,0,0,0,0,0,0,-75000,0,0,0,0,75000,-75000,-75000
054424,大成鋼富邦97購02,0,0,0,0,0,0,0,0,0,-75000,0,0,0,0,75000,-75000,-75000
054896,聯茂日盛97購01  ,0,0,0,0,0,0,0,0,0,-75000,0,0,0,300000,375000,-75000,-75000
04496P,國巨國泰96售02  ,0,0,0,0,0,0,0,0,0,-75000,0,0,0,30000,105000,-75000,-75000
00735,國泰臺韓科技    ,40000,0,40000,0,0,0,0,0,0,-115000,0,0,0,117000,232000,-115000,-75000
043611,台積電群益92購03,0,0,0,0,0,0,0,0,0,-75000,0,0,0,295000,370000,-75000,-75000
043068,TPK兆豐93購01   ,0,0,0,0,0,0,0,0,0,-75000,0,0,0,0,75000,-75000,-75000
050343,鴻海元富94購01  ,0,0,0,0,0,0,0,0,0,-75000,0,0,0,0,75000,-75000,-75000
049790,滬深2X元大97購04,0,0,0,0,0,0,0,0,0,-75000,0,0,0,5000,80000,-75000,-75000
051852,啟碁群益95購01  ,0,0,0,0,0,0,0,0,0,-75000,0,0,0,0,75000,-75000,-75000
053572,彩晶統一96購01  ,0,0,0,0,0,0,0,0,0,-75000,0,0,0,33000,108000,-75000,-75000
053357,可成統一96購02  ,0,0,0,0,0,0,0,0,0,-75000,0,0,0,40000,115000,-75000,-75000
052796,和碩兆豐96購01  ,0,0,0,0,0,0,0,0,0,-75000,0,0,0,0,75000,-75000,-75000
06187P,國巨統一97售05  ,0,0,0,0,0,0,0,0,0,-76000,0,0,0,0,76000,-76000,-76000
05536P,奇力新元大96售03,0,0,0,0,0,0,0,0,0,-76000,0,0,0,105000,181000,-76000,-76000
043474,創意元大92購01  ,0,0,0,0,0,0,0,0,0,-76000,0,0,0,10000,86000,-76000,-76000
045280,儒鴻富邦94購01  ,0,0,0,0,0,0,0,0,0,-76000,0,0,0,334000,410000,-76000,-76000
053171,中磊群益96購01  ,0,0,0,0,0,0,0,0,0,-76000,0,0,0,167000,243000,-76000,-76000
051099,台郡元大95購03  ,0,0,0,0,0,0,0,0,0,-76000,0,0,0,69000,145000,-76000,-76000
1609,大亞            ,198000,310000,-112000,0,0,0,24035,0,24035,11000,30000,19000,11000,0,0,0,-76965
054724,鴻海日盛97購02  ,0,0,0,0,0,0,0,0,0,-77000,0,0,0,24000,101000,-77000,-77000
03647P,京元電元富95售02,0,0,0,0,0,0,0,0,0,-77000,0,0,0,0,77000,-77000,-77000
03756P,創意永豐93售01  ,0,0,0,0,0,0,0,0,0,-77000,0,0,0,0,77000,-77000,-77000
050321,GIS國票95購02   ,0,0,0,0,0,0,0,0,0,-77000,0,0,0,3000,80000,-77000,-77000
050876,復盛永豐95購01  ,0,0,0,0,0,0,0,0,0,-77000,0,0,0,0,77000,-77000,-77000
047226,義隆凱基94購01  ,0,0,0,0,0,0,0,0,0,-77000,0,0,0,1000,78000,-77000,-77000
048160,GIS兆豐95購01   ,0,0,0,0,0,0,0,0,0,-77000,0,0,0,0,77000,-77000,-77000
051172,鴻海第一96購01  ,0,0,0,0,0,0,0,0,0,-77000,0,0,0,0,77000,-77000,-77000
051909,潤泰全元大95購02,0,0,0,0,0,0,0,0,0,-77000,0,0,0,0,77000,-77000,-77000
053027,玉晶光富邦98購01,0,0,0,0,0,0,0,0,0,-77000,0,0,0,3000,80000,-77000,-77000
053810,台達電群益96購01,0,0,0,0,0,0,0,0,0,-77000,0,0,0,11000,88000,-77000,-77000
1802,台玻            ,29000,95000,-66000,0,0,0,0,0,0,-11000,0,11000,-11000,0,0,0,-77000
2536,宏普            ,9000,86000,-77000,0,0,0,0,0,0,0,0,0,0,0,0,0,-77000
4190,佐登-KY         ,13000,59000,-46000,0,0,0,4217,0,4217,-36000,32000,43000,-11000,1000,26000,-25000,-77783
054373,富邦金中信97購01,0,0,0,0,0,0,0,0,0,-78000,0,0,0,72000,150000,-78000,-78000
05939P,聯發科凱基96售20,0,0,0,0,0,0,0,0,0,-78000,0,0,0,45000,123000,-78000,-78000
05706P,TPK永豐96售02   ,0,0,0,0,0,0,0,0,0,-78000,0,0,0,0,78000,-78000,-78000
03771P,中磊元大93售03  ,0,0,0,0,0,0,0,0,0,-78000,0,0,0,0,78000,-78000,-78000
042895,鴻海永昌93購03  ,0,0,0,0,0,0,0,0,0,-78000,0,0,0,15000,93000,-78000,-78000
04941P,台達電台新94售02,0,0,0,0,0,0,0,0,0,-78000,0,0,0,0,78000,-78000,-78000
047457,旺宏群益95購01  ,0,0,0,0,0,0,0,0,0,-78000,0,0,0,22000,100000,-78000,-78000
04799P,健策元大94售03  ,0,0,0,0,0,0,0,0,0,-78000,0,0,0,0,78000,-78000,-78000
048753,智伸科元富94購01,0,0,0,0,0,0,0,0,0,-78000,0,0,0,13000,91000,-78000,-78000
053626,台積電兆豐96購03,0,0,0,0,0,0,0,0,0,-78000,0,0,0,115000,193000,-78000,-78000
05757P,旺宏永豐96售03  ,0,0,0,0,0,0,0,0,0,-79000,0,0,0,0,79000,-79000,-79000
054709,宏達電統一97購01,0,0,0,0,0,0,0,0,0,-79000,0,0,0,0,79000,-79000,-79000
054961,玉晶光元大99購01,0,0,0,0,0,0,0,0,0,-79000,0,0,0,159000,238000,-79000,-79000
041528,國泰金中信93購01,0,0,0,0,0,0,0,0,0,-79000,0,0,0,1000,80000,-79000,-79000
048768,景碩凱基94購02  ,0,0,0,0,0,0,0,0,0,-79000,0,0,0,0,79000,-79000,-79000
047527,高鐵元大93購02  ,0,0,0,0,0,0,0,0,0,-79000,0,0,0,0,79000,-79000,-79000
050364,卜蜂元大94購02  ,0,0,0,0,0,0,0,0,0,-79000,0,0,0,5000,84000,-79000,-79000
052339,光寶科凱基95購01,0,0,0,0,0,0,0,0,0,-79000,0,0,0,100000,179000,-79000,-79000
051251,信邦元大95購01  ,0,0,0,0,0,0,0,0,0,-79000,0,0,0,23000,102000,-79000,-79000
6414,樺漢            ,60000,116000,-56000,0,0,0,0,0,0,-23000,1000,6000,-5000,6000,24000,-18000,-79000
2489,瑞軒            ,138000,136000,2000,0,0,0,0,71205,-71205,-10000,0,10000,-10000,0,0,0,-79205
054941,凱美元大97購01  ,0,0,0,0,0,0,0,0,0,-80000,0,0,0,112000,192000,-80000,-80000
054246,國巨元大96購12  ,0,0,0,0,0,0,0,0,0,-80000,0,0,0,38000,118000,-80000,-80000
03712P,京元電統一93售02,0,0,0,0,0,0,0,0,0,-80000,0,0,0,0,80000,-80000,-80000
045438,台郡統一94購01  ,0,0,0,0,0,0,0,0,0,-80000,0,0,0,0,80000,-80000,-80000
047448,啟碁元大93購06  ,0,0,0,0,0,0,0,0,0,-80000,0,0,0,6000,86000,-80000,-80000
047231,大立光凱基95購03,0,0,0,0,0,0,0,0,0,-80000,0,0,0,0,80000,-80000,-80000
047885,元金2X富邦99購01,0,0,0,0,0,0,0,0,0,-80000,0,0,0,0,80000,-80000,-80000
049859,味全兆豐95購01  ,0,0,0,0,0,0,0,0,0,-80000,0,0,0,1000,81000,-80000,-80000
049849,欣興群益94購04  ,0,0,0,0,0,0,0,0,0,-80000,0,0,0,0,80000,-80000,-80000
050035,聯茂元大94購07  ,0,0,0,0,0,0,0,0,0,-80000,0,0,0,147000,227000,-80000,-80000
051173,元油2X凱基98購01,0,0,0,0,0,0,0,0,0,-80000,0,0,0,0,80000,-80000,-80000
050944,智邦群益95購01  ,0,0,0,0,0,0,0,0,0,-80000,0,0,0,0,80000,-80000,-80000
051567,台積電富邦95購06,15000,0,15000,0,0,0,0,0,0,-95000,0,0,0,460000,555000,-95000,-80000
5521,工信            ,460000,533000,-73000,0,0,0,0,0,0,-7000,0,7000,-7000,0,0,0,-80000
4942,嘉彰            ,25000,104000,-79000,0,0,0,1000,0,1000,-2000,0,2000,-2000,0,0,0,-80000
9907,統一實          ,21000,93000,-72000,0,0,0,0,0,0,-8000,0,8000,-8000,0,0,0,-80000
054282,泰鼎群益98購02  ,0,0,0,0,0,0,0,0,0,-81000,0,0,0,299000,380000,-81000,-81000
055184,群創統一98購02  ,0,0,0,0,0,0,0,0,0,-81000,0,0,0,48000,129000,-81000,-81000
06160P,台達電群益97售01,0,0,0,0,0,0,0,0,0,-81000,0,0,0,11000,92000,-81000,-81000
055631,創意永豐98購01  ,0,0,0,0,0,0,0,0,0,-81000,0,0,0,24000,105000,-81000,-81000
03629C,元油2X元富98牛06,0,0,0,0,0,0,0,0,0,-81000,0,0,0,12000,93000,-81000,-81000
050188,貿聯元大96購01  ,0,0,0,0,0,0,0,0,0,-81000,0,0,0,19000,100000,-81000,-81000
050453,創意元大95購03  ,0,0,0,0,0,0,0,0,0,-81000,0,0,0,84000,165000,-81000,-81000
052306,鴻海國泰97購05  ,0,0,0,0,0,0,0,0,0,-81000,0,0,0,0,81000,-81000,-81000
055448,健策統一97購02  ,0,0,0,0,0,0,0,0,0,-82000,0,0,0,18000,100000,-82000,-82000
06090P,旺宏統一97售06  ,0,0,0,0,0,0,0,0,0,-82000,0,0,0,0,82000,-82000,-82000
047954,漢唐永豐93購02  ,0,0,0,0,0,0,0,0,0,-82000,0,0,0,25000,107000,-82000,-82000
048762,寶齡凱基94購01  ,0,0,0,0,0,0,0,0,0,-82000,0,0,0,0,82000,-82000,-82000
053429,彩晶永豐96購01  ,0,0,0,0,0,0,0,0,0,-82000,0,0,0,50000,132000,-82000,-82000
053141,景碩永豐96購02  ,0,0,0,0,0,0,0,0,0,-82000,0,0,0,0,82000,-82000,-82000
052794,群創兆豐97購01  ,0,0,0,0,0,0,0,0,0,-82000,0,0,0,0,82000,-82000,-82000
052709,光寶科日盛96購01,0,0,0,0,0,0,0,0,0,-82000,0,0,0,30000,112000,-82000,-82000
06156P,大立光統一97售05,0,0,0,0,0,0,0,0,0,-83000,0,0,0,30000,113000,-83000,-83000
05600P,玉晶光台新96售04,0,0,0,0,0,0,0,0,0,-83000,0,0,0,0,83000,-83000,-83000
054407,美律國票97購02  ,0,0,0,0,0,0,0,0,0,-83000,0,0,0,20000,103000,-83000,-83000
054440,TPK台新98購01   ,0,0,0,0,0,0,0,0,0,-83000,0,0,0,45000,128000,-83000,-83000
04334P,中石化康和93售01,0,0,0,0,0,0,0,0,0,-83000,0,0,0,155000,238000,-83000,-83000
045854,貿聯富邦93購01  ,0,0,0,0,0,0,0,0,0,-83000,0,0,0,15000,98000,-83000,-83000
04755P,大立光元富94售07,0,0,0,0,0,0,0,0,0,-83000,0,0,0,0,83000,-83000,-83000
053251,世紀鋼國票97購02,0,0,0,0,0,0,0,0,0,-83000,0,0,0,218000,301000,-83000,-83000
052151,義隆富邦96購01  ,0,0,0,0,0,0,0,0,0,-83000,0,0,0,1000,84000,-83000,-83000
3042,晶技            ,693000,657000,36000,0,0,0,0,128000,-128000,9000,55000,1000,54000,40000,85000,-45000,-83000
054103,T50反1凱基99購04,0,0,0,0,0,0,0,0,0,-84000,0,0,0,0,84000,-84000,-84000
06115P,台積電統一97售04,0,0,0,0,0,0,0,0,0,-84000,0,0,0,10000,94000,-84000,-84000
06323P,台郡統一97售01  ,0,0,0,0,0,0,0,0,0,-84000,0,0,0,0,84000,-84000,-84000
05977P,旺宏永豐96售06  ,0,0,0,0,0,0,0,0,0,-84000,0,0,0,0,84000,-84000,-84000
046577,東元元大92購02  ,0,0,0,0,0,0,0,0,0,-84000,0,0,0,100000,184000,-84000,-84000
04528P,智原凱基94售01  ,0,0,0,0,0,0,0,0,0,-84000,0,0,0,10000,94000,-84000,-84000
03826P,瀚宇博元大95售01,0,0,0,0,0,0,0,0,0,-84000,0,0,0,60000,144000,-84000,-84000
00757,統一FANG+       ,0,0,0,0,0,0,0,0,0,-84000,0,0,0,200000,284000,-84000,-84000
053013,台積電統一97購01,0,0,0,0,0,0,0,0,0,-84000,0,0,0,95000,179000,-84000,-84000
2481,強茂            ,111000,174000,-63000,0,0,0,0,0,0,-21000,0,5000,-5000,3000,19000,-16000,-84000
06347P,祥碩元富97售02  ,0,0,0,0,0,0,0,0,0,-85000,0,0,0,0,85000,-85000,-85000
055966,茂林元大99購01  ,0,0,0,0,0,0,0,0,0,-85000,0,0,0,0,85000,-85000,-85000
055748,GIS元富97購01   ,0,0,0,0,0,0,0,0,0,-85000,0,0,0,3000,88000,-85000,-85000
04420P,奇鋐永豐94售01  ,0,0,0,0,0,0,0,0,0,-85000,0,0,0,1000,86000,-85000,-85000
044516,景碩凱基93購02  ,0,0,0,0,0,0,0,0,0,-85000,0,0,0,108000,193000,-85000,-85000
04244P,可成元大93售12  ,0,0,0,0,0,0,0,0,0,-85000,0,0,0,61000,146000,-85000,-85000
048176,美利達國泰94購01,0,0,0,0,0,0,0,0,0,-85000,0,0,0,0,85000,-85000,-85000
048114,景碩群益93購02  ,0,0,0,0,0,0,0,0,0,-85000,0,0,0,17000,102000,-85000,-85000
053136,彩晶國票97購01  ,0,0,0,0,0,0,0,0,0,-85000,0,0,0,0,85000,-85000,-85000
053652,友達凱基98購04  ,0,0,0,0,0,0,0,0,0,-85000,0,0,0,21000,106000,-85000,-85000
052214,智伸科元大96購01,0,0,0,0,0,0,0,0,0,-85000,0,0,0,0,85000,-85000,-85000
052437,聯發科富邦99購02,0,0,0,0,0,0,0,0,0,-85000,0,0,0,50000,135000,-85000,-85000
2461,光群雷          ,39000,120000,-81000,0,0,0,0,0,0,-4000,0,4000,-4000,0,0,0,-85000
055801,景碩永豐97購02  ,0,0,0,0,0,0,0,0,0,-86000,0,0,0,0,86000,-86000,-86000
06261P,上銀凱基97售03  ,0,0,0,0,0,0,0,0,0,-86000,0,0,0,0,86000,-86000,-86000
054481,鎧勝中信96購01  ,0,0,0,0,0,0,0,0,0,-86000,0,0,0,0,86000,-86000,-86000
054286,台積電元大96購22,0,0,0,0,0,0,0,0,0,-86000,0,0,0,89000,175000,-86000,-86000
054263,聯茂元大96購02  ,0,0,0,0,0,0,0,0,0,-86000,0,0,0,60000,146000,-86000,-86000
046829,義隆群益93購01  ,0,0,0,0,0,0,0,0,0,-86000,0,0,0,67000,153000,-86000,-86000
048665,欣興統一93購07  ,0,0,0,0,0,0,0,0,0,-86000,0,0,0,0,86000,-86000,-86000
049256,瑞昱元大94購04  ,0,0,0,0,0,0,0,0,0,-86000,0,0,0,12000,98000,-86000,-86000
047676,臺股指元富99購01,0,0,0,0,0,0,0,0,0,-86000,0,0,0,3000,89000,-86000,-86000
047631,味全元大93購01  ,0,0,0,0,0,0,0,0,0,-86000,0,0,0,1000,87000,-86000,-86000
052353,高鐵群益97購01  ,0,0,0,0,0,0,0,0,0,-86000,0,0,0,130000,216000,-86000,-86000
053789,彩晶元大9C購02  ,0,0,0,0,0,0,0,0,0,-86000,0,0,0,0,86000,-86000,-86000
2913,農林            ,113000,82000,31000,0,0,0,0,63457,-63457,-54000,0,4000,-4000,0,50000,-50000,-86457
053988,友達亞東96購01  ,0,0,0,0,0,0,0,0,0,-87000,0,0,0,53000,140000,-87000,-87000
055094,智易群益98購01  ,0,0,0,0,0,0,0,0,0,-87000,0,0,0,0,87000,-87000,-87000
054579,聯茂元大97購01  ,0,0,0,0,0,0,0,0,0,-87000,0,0,0,60000,147000,-87000,-87000
1308,亞聚            ,6000,58000,-52000,0,0,0,0,34000,-34000,-1000,0,1000,-1000,0,0,0,-87000
042735,TPK兆豐92購01   ,0,0,0,0,0,0,0,0,0,-87000,0,0,0,0,87000,-87000,-87000
04377P,大立光元大94售04,0,0,0,0,0,0,0,0,0,-87000,0,0,0,0,87000,-87000,-87000
05053P,新日興群益95售01,0,0,0,0,0,0,0,0,0,-87000,0,0,0,15000,102000,-87000,-87000
050516,華通元大95購05  ,0,0,0,0,0,0,0,0,0,-87000,0,0,0,12000,99000,-87000,-87000
049825,台積電凱基94購26,10000,0,10000,0,0,0,0,0,0,-97000,0,0,0,82000,179000,-97000,-87000
051619,智邦凱基95購07  ,0,0,0,0,0,0,0,0,0,-87000,0,0,0,85000,172000,-87000,-87000
055708,茂林永豐97購02  ,0,0,0,0,0,0,0,0,0,-88000,0,0,0,48000,136000,-88000,-88000
049853,上海銀群益94購02,0,0,0,0,0,0,0,0,0,-88000,0,0,0,33000,121000,-88000,-88000
050887,台積電富邦95購05,0,0,0,0,0,0,0,0,0,-88000,0,0,0,5000,93000,-88000,-88000
051128,台表科群益95購02,0,0,0,0,0,0,0,0,0,-88000,0,0,0,92000,180000,-88000,-88000
051814,鈺齊凱基95購01  ,0,0,0,0,0,0,0,0,0,-88000,0,0,0,7000,95000,-88000,-88000
053627,宏碁兆豐97購01  ,0,0,0,0,0,0,0,0,0,-88000,0,0,0,10000,98000,-88000,-88000
055654,景碩元富97購01  ,0,0,0,0,0,0,0,0,0,-89000,0,0,0,30000,119000,-89000,-89000
06071P,大立光永豐97售01,0,0,0,0,0,0,0,0,0,-89000,0,0,0,9000,98000,-89000,-89000
06047P,聯發科富邦99售04,0,0,0,0,0,0,0,0,0,-89000,0,0,0,80000,169000,-89000,-89000
054938,國巨元大97購04  ,0,0,0,0,0,0,0,0,0,-89000,0,0,0,20000,109000,-89000,-89000
046020,滬深2X元大95購02,0,0,0,0,0,0,0,0,0,-89000,0,0,0,33000,122000,-89000,-89000
05060P,台達電富邦97售02,0,0,0,0,0,0,0,0,0,-89000,0,0,0,1000,90000,-89000,-89000
050461,GIS元大95購04   ,0,0,0,0,0,0,0,0,0,-89000,0,0,0,0,89000,-89000,-89000
047771,緯創元大93購01  ,0,0,0,0,0,0,0,0,0,-89000,0,0,0,33000,122000,-89000,-89000
053512,台積電群益96購06,0,0,0,0,0,0,0,0,0,-89000,0,0,0,200000,289000,-89000,-89000
051364,鴻海國泰97購03  ,0,0,0,0,0,0,0,0,0,-89000,0,0,0,22000,111000,-89000,-89000
053895,智易群益96購02  ,0,0,0,0,0,0,0,0,0,-90000,0,0,0,11000,101000,-90000,-90000
054207,國巨國票98購01  ,0,0,0,0,0,0,0,0,0,-90000,0,0,0,7000,97000,-90000,-90000
06136P,華新科國泰99售02,0,0,0,0,0,0,0,0,0,-90000,0,0,0,0,90000,-90000,-90000
055761,創意群益97購01  ,0,0,0,0,0,0,0,0,0,-90000,0,0,0,0,90000,-90000,-90000
055367,台積電元大97購23,0,0,0,0,0,0,0,0,0,-90000,0,0,0,0,90000,-90000,-90000
046999,康控富邦99購01  ,0,0,0,0,0,0,0,0,0,-90000,0,0,0,0,90000,-90000,-90000
046933,台泥元富93購01  ,0,0,0,0,0,0,0,0,0,-90000,0,0,0,18000,108000,-90000,-90000
048527,鴻海國票94購02  ,0,0,0,0,0,0,0,0,0,-90000,0,0,0,7000,97000,-90000,-90000
045058,華邦電國泰94購01,0,0,0,0,0,0,0,0,0,-90000,0,0,0,2000,92000,-90000,-90000
03833P,台光電群益93售01,0,0,0,0,0,0,0,0,0,-90000,0,0,0,1000,91000,-90000,-90000
048411,嘉聯益群益93購02,0,0,0,0,0,0,0,0,0,-90000,0,0,0,0,90000,-90000,-90000
048277,建準永豐93購02  ,0,4000,-4000,0,0,0,0,0,0,-86000,0,0,0,4000,90000,-86000,-90000
051414,新光金國票95購04,0,0,0,0,0,0,0,0,0,-90000,0,0,0,10000,100000,-90000,-90000
051494,中環兆豐95購01  ,0,0,0,0,0,0,0,0,0,-90000,0,0,0,5000,95000,-90000,-90000
051704,智邦群益95購02  ,0,0,0,0,0,0,0,0,0,-90000,0,0,0,41000,131000,-90000,-90000
052387,台積電群益95購08,0,0,0,0,0,0,0,0,0,-90000,0,0,0,91000,181000,-90000,-90000
052403,麗豐凱基96購01  ,0,0,0,0,0,0,0,0,0,-90000,0,0,0,0,90000,-90000,-90000
052856,滬深2X凱基98購01,0,0,0,0,0,0,0,0,0,-90000,0,0,0,170000,260000,-90000,-90000
2538,基泰            ,19000,109000,-90000,0,0,0,0,0,0,0,0,0,0,0,0,0,-90000
00728,第一金工業30    ,0,0,0,0,0,0,0,0,0,-91000,0,0,0,436000,527000,-91000,-91000
04369P,台光電凱基94售04,0,0,0,0,0,0,0,0,0,-91000,0,0,0,0,91000,-91000,-91000
046888,鴻海群益93購05  ,0,0,0,0,0,0,0,0,0,-91000,0,0,0,78000,169000,-91000,-91000
049545,台積電群益94購09,0,0,0,0,0,0,0,0,0,-91000,0,0,0,272000,363000,-91000,-91000
049088,上緯控凱基94購02,0,0,0,0,0,0,0,0,0,-91000,0,0,0,0,91000,-91000,-91000
049933,GIS元大95購01   ,0,0,0,0,0,0,0,0,0,-91000,0,0,0,33000,124000,-91000,-91000
05114P,臺股指元富95售02,0,0,0,0,0,0,0,0,0,-91000,0,0,0,90000,181000,-91000,-91000
2606,裕民            ,132000,174000,-42000,0,0,0,7000,0,7000,-56000,0,56000,-56000,0,0,0,-91000
1604,聲寶            ,128000,67000,61000,0,0,0,0,152583,-152583,0,0,0,0,0,0,0,-91583
055762,智伸科群益97購01,0,0,0,0,0,0,0,0,0,-92000,0,0,0,4000,96000,-92000,-92000
04625P,燿華元大94售03  ,0,0,0,0,0,0,0,0,0,-92000,0,0,0,0,92000,-92000,-92000
047908,南亞科元大93購02,0,0,0,0,0,0,0,0,0,-92000,0,0,0,20000,112000,-92000,-92000
049771,GIS元富94購02   ,0,0,0,0,0,0,0,0,0,-92000,0,0,0,0,92000,-92000,-92000
05018P,臺股指元大95售09,0,0,0,0,0,0,0,0,0,-92000,0,0,0,8000,100000,-92000,-92000
047518,儒鴻元大93購07  ,0,0,0,0,0,0,0,0,0,-92000,0,0,0,8000,100000,-92000,-92000
051579,宏碁元大95購01  ,0,0,0,0,0,0,0,0,0,-92000,0,0,0,73000,165000,-92000,-92000
053178,南亞科統一98購01,0,0,0,0,0,0,0,0,0,-92000,0,0,0,0,92000,-92000,-92000
05953P,台積電國票98售02,0,0,0,0,0,0,0,0,0,-93000,0,0,0,13000,106000,-93000,-93000
05443P,宏達電元大95售05,0,0,0,0,0,0,0,0,0,-93000,0,0,0,0,93000,-93000,-93000
054745,智易凱基97購01  ,0,0,0,0,0,0,0,0,0,-93000,0,0,0,0,93000,-93000,-93000
042387,台積電永昌93購02,0,0,0,0,0,0,0,0,0,-93000,0,0,0,180000,273000,-93000,-93000
044438,GIS元大92購03   ,0,0,0,0,0,0,0,0,0,-93000,0,0,0,0,93000,-93000,-93000
052900,大成鋼國票97購01,0,0,0,0,0,0,0,0,0,-93000,0,0,0,17000,110000,-93000,-93000
2419,仲琦            ,73000,208000,-135000,0,0,0,41363,0,41363,0,0,0,0,0,0,0,-93637
042679,群創元大92購02  ,0,0,0,0,0,0,0,0,0,-94000,0,0,0,0,94000,-94000,-94000
047455,儒鴻群益93購03  ,0,0,0,0,0,0,0,0,0,-94000,0,0,0,14000,108000,-94000,-94000
048900,精成科國泰95購01,0,0,0,0,0,0,0,0,0,-94000,0,0,0,45000,139000,-94000,-94000
053513,義隆群益96購05  ,0,0,0,0,0,0,0,0,0,-94000,0,0,0,91000,185000,-94000,-94000
051189,鴻海兆豐96購01  ,0,0,0,0,0,0,0,0,0,-94000,0,0,0,4000,98000,-94000,-94000
055807,勤誠永豐97購01  ,0,0,0,0,0,0,0,0,0,-95000,0,0,0,10000,105000,-95000,-95000
049038,高鐵兆豐94購01  ,0,0,0,0,0,0,0,0,0,-95000,0,0,0,0,95000,-95000,-95000
048061,鴻海統一95購03  ,0,0,0,0,0,0,0,0,0,-95000,0,0,0,0,95000,-95000,-95000
047475,為升凱基93購04  ,0,0,0,0,0,0,0,0,0,-95000,0,0,0,9000,104000,-95000,-95000
047649,啟碁元大93購07  ,0,0,0,0,0,0,0,0,0,-95000,0,0,0,5000,100000,-95000,-95000
047651,復盛元大93購01  ,0,0,0,0,0,0,0,0,0,-95000,0,0,0,0,95000,-95000,-95000
047361,致茂群益93購01  ,0,0,0,0,0,0,0,0,0,-95000,0,0,0,140000,235000,-95000,-95000
051493,台郡凱基95購02  ,0,0,0,0,0,0,0,0,0,-95000,0,0,0,20000,115000,-95000,-95000
051670,欣興元大95購06  ,0,0,0,0,0,0,0,0,0,-95000,0,0,0,107000,202000,-95000,-95000
051654,致新永豐95購01  ,0,0,0,0,0,0,0,0,0,-95000,0,0,0,55000,150000,-95000,-95000
051397,聯茂兆豐95購03  ,0,0,0,0,0,0,0,0,0,-95000,0,0,0,215000,310000,-95000,-95000
2412,中華電          ,2438225,2547000,-108775,0,0,0,8000,5000,3000,10000,1000,48000,-47000,61000,4000,57000,-95775
054080,微星中信98購01  ,0,0,0,0,0,0,0,0,0,-96000,0,0,0,53000,149000,-96000,-96000
050355,瑞儀群益94購01  ,0,0,0,0,0,0,0,0,0,-96000,0,0,0,0,96000,-96000,-96000
05041P,大立光凱基95售09,0,0,0,0,0,0,0,0,0,-96000,0,0,0,4000,100000,-96000,-96000
047125,為升中信93購01  ,0,0,0,0,0,0,0,0,0,-96000,0,0,0,0,96000,-96000,-96000
052442,中環元大95購02  ,0,0,0,0,0,0,0,0,0,-96000,0,0,0,0,96000,-96000,-96000
055701,亞德客富邦99購01,0,0,0,0,0,0,0,0,0,-97000,0,0,0,10000,107000,-97000,-97000
049472,楠梓電永豐95購01,0,0,0,0,0,0,0,0,0,-97000,0,0,0,0,97000,-97000,-97000
053821,群創群益98購08  ,0,0,0,0,0,0,0,0,0,-97000,0,0,0,2000,99000,-97000,-97000
055333,晶豪科兆豐97購01,0,0,0,0,0,0,0,0,0,-98000,0,0,0,11000,109000,-98000,-98000
06075P,智邦凱基97售02  ,0,0,0,0,0,0,0,0,0,-98000,0,0,0,5000,103000,-98000,-98000
048555,技嘉元大93購02  ,0,0,0,0,0,0,0,0,0,-98000,0,0,0,51000,149000,-98000,-98000
045393,寶齡國泰93購01  ,0,0,0,0,0,0,0,0,0,-98000,0,0,0,0,98000,-98000,-98000
00688L,國泰20年美債正2 ,0,0,0,0,0,0,0,0,0,-98000,0,0,0,100000,198000,-98000,-98000
052897,緯創群益96購03  ,0,0,0,0,0,0,0,0,0,-98000,0,0,0,153000,251000,-98000,-98000
04575P,新日興統一94售02,0,0,0,0,0,0,0,0,0,-99000,0,0,0,0,99000,-99000,-99000
045337,滬深2X凱基95購01,0,0,0,0,0,0,0,0,0,-99000,0,0,0,1000,100000,-99000,-99000
048687,旺宏群益96購01  ,0,0,0,0,0,0,0,0,0,-99000,0,0,0,0,99000,-99000,-99000
046981,智伸科兆豐94購01,0,0,0,0,0,0,0,0,0,-99000,0,0,0,0,99000,-99000,-99000
04591P,上銀元大94售01  ,0,0,0,0,0,0,0,0,0,-99000,0,0,0,1000,100000,-99000,-99000
047830,智邦元大93購08  ,0,0,0,0,0,0,0,0,0,-99000,0,0,0,0,99000,-99000,-99000
048745,儒鴻元富97購02  ,0,0,0,0,0,0,0,0,0,-99000,0,0,0,60000,159000,-99000,-99000
051633,可成國票96購03  ,0,0,0,0,0,0,0,0,0,-99000,0,0,0,1000,100000,-99000,-99000
08602P,台灣50凱基96售04,0,0,0,0,0,0,0,0,0,-100000,0,0,0,0,100000,-100000,-100000
055327,致新國票98購01  ,0,0,0,0,0,0,0,0,0,-100000,0,0,0,0,100000,-100000,-100000
055424,聚陽群益98購01  ,0,0,0,0,0,0,0,0,0,-100000,0,0,0,10000,110000,-100000,-100000
055542,亞德客凱基97購01,0,0,0,0,0,0,0,0,0,-100000,0,0,0,0,100000,-100000,-100000
055670,矽創群益98購02  ,0,0,0,0,0,0,0,0,0,-100000,0,0,0,50000,150000,-100000,-100000
055837,致茂元大97購02  ,0,0,0,0,0,0,0,0,0,-100000,0,0,0,0,100000,-100000,-100000
053880,智邦中信96購01  ,0,0,0,0,0,0,0,0,0,-100000,0,0,0,130000,230000,-100000,-100000
054400,健策永豐96購02  ,0,0,0,0,0,0,0,0,0,-100000,0,0,0,46000,146000,-100000,-100000
045795,瀚宇博兆豐94購01,0,0,0,0,0,0,0,0,0,-100000,0,0,0,0,100000,-100000,-100000
046356,智伸科群益93購01,0,0,0,0,0,0,0,0,0,-100000,0,0,0,30000,130000,-100000,-100000
046651,TPK富邦94購02   ,0,0,0,0,0,0,0,0,0,-100000,0,0,0,0,100000,-100000,-100000
045084,欣興元大93購02  ,0,0,0,0,0,0,0,0,0,-100000,0,0,0,0,100000,-100000,-100000
044105,聯詠中信95購01  ,0,0,0,0,0,0,0,0,0,-100000,0,0,0,0,100000,-100000,-100000
04102P,臺股指國票93售09,0,0,0,0,0,0,0,0,0,-100000,0,0,0,0,100000,-100000,-100000
044224,超眾凱基93購01  ,0,0,0,0,0,0,0,0,0,-100000,0,0,0,0,100000,-100000,-100000
049194,卜蜂永豐94購01  ,0,0,0,0,0,0,0,0,0,-100000,0,0,0,0,100000,-100000,-100000
048956,美食康和94購01  ,0,0,0,0,0,0,0,0,0,-100000,0,0,0,0,100000,-100000,-100000
04797P,華新科元大94售04,0,0,0,0,0,0,0,0,0,-100000,0,0,0,0,100000,-100000,-100000
047123,中石化中信95購01,0,0,0,0,0,0,0,0,0,-100000,0,0,0,200000,300000,-100000,-100000
048392,宏碁國票94購01  ,0,0,0,0,0,0,0,0,0,-100000,0,0,0,0,100000,-100000,-100000
048384,遠東新國票94購01,0,0,0,0,0,0,0,0,0,-100000,0,0,0,0,100000,-100000,-100000
04837P,華新科元大94售05,0,0,0,0,0,0,0,0,0,-100000,0,0,0,0,100000,-100000,-100000
047330,康舒元大93購01  ,0,0,0,0,0,0,0,0,0,-100000,0,0,0,0,100000,-100000,-100000
050951,緯創群益96購01  ,0,0,0,0,0,0,0,0,0,-100000,0,0,0,81000,181000,-100000,-100000
050993,聯發科元大95購05,0,0,0,0,0,0,0,0,0,-100000,0,0,0,12000,112000,-100000,-100000
051791,智伸科國票96購01,0,0,0,0,0,0,0,0,0,-100000,0,0,0,46000,146000,-100000,-100000
051921,南茂元大95購04  ,0,0,0,0,0,0,0,0,0,-100000,0,0,0,0,100000,-100000,-100000
053040,全新凱基98購01  ,0,0,0,0,0,0,0,0,0,-100000,0,0,0,27000,127000,-100000,-100000
052814,上証2X永豐96購02,0,0,0,0,0,0,0,0,0,-100000,0,0,0,25000,125000,-100000,-100000
053765,智邦富邦96購01  ,0,0,0,0,0,0,0,0,0,-100000,0,0,0,246000,346000,-100000,-100000
053619,和碩群益96購01  ,0,0,0,0,0,0,0,0,0,-100000,0,0,0,11000,111000,-100000,-100000
053593,晶技元大98購01  ,0,0,0,0,0,0,0,0,0,-100000,0,0,0,0,100000,-100000,-100000
053565,台光電富邦98購01,0,0,0,0,0,0,0,0,0,-100000,0,0,0,2000,102000,-100000,-100000
053650,華邦電凱基98購01,0,0,0,0,0,0,0,0,0,-100000,0,0,0,0,100000,-100000,-100000
053308,智易凱基96購02  ,0,0,0,0,0,0,0,0,0,-100000,0,0,0,0,100000,-100000,-100000
6412,群電            ,74000,196000,-122000,0,0,0,22000,0,22000,0,0,0,0,0,0,0,-100000
054268,健策第一96購01  ,0,0,0,0,0,0,0,0,0,-101000,0,0,0,168000,269000,-101000,-101000
054812,鴻海元大97購08  ,0,0,0,0,0,0,0,0,0,-101000,0,0,0,142000,243000,-101000,-101000
055754,和大兆豐97購01  ,0,0,0,0,0,0,0,0,0,-101000,0,0,0,0,101000,-101000,-101000
04463P,可成元富94售03  ,0,0,0,0,0,0,0,0,0,-101000,0,0,0,0,101000,-101000,-101000
046895,智伸科群益93購02,0,0,0,0,0,0,0,0,0,-101000,0,0,0,10000,111000,-101000,-101000
050559,聯發科統一94購10,0,0,0,0,0,0,0,0,0,-101000,0,0,0,136000,237000,-101000,-101000
050273,GIS元大94購04   ,0,0,0,0,0,0,0,0,0,-101000,0,0,0,0,101000,-101000,-101000
048048,大立光永豐93購03,0,0,0,0,0,0,0,0,0,-101000,0,0,0,0,101000,-101000,-101000
049442,滬深2X統一99購01,0,0,0,0,0,0,0,0,0,-101000,0,0,0,2000,103000,-101000,-101000
051238,中環元大96購01  ,0,0,0,0,0,0,0,0,0,-101000,0,0,0,0,101000,-101000,-101000
06137P,玉晶光永豐97售04,0,0,0,0,0,0,0,0,0,-102000,0,0,0,0,102000,-102000,-102000
054389,為升元富96購02  ,0,0,0,0,0,0,0,0,0,-102000,0,0,0,31000,133000,-102000,-102000
049015,鴻海群益94購03  ,0,0,0,0,0,0,0,0,0,-102000,0,0,0,440000,542000,-102000,-102000
049688,台光電元大94購04,0,0,0,0,0,0,0,0,0,-102000,0,0,0,8000,110000,-102000,-102000
053454,創意統一96購02  ,0,0,0,0,0,0,0,0,0,-102000,0,0,0,20000,122000,-102000,-102000
054322,國巨台新96購02  ,0,0,0,0,0,0,0,0,0,-103000,0,0,0,45000,148000,-103000,-103000
054826,復盛元大9A購01  ,0,0,0,0,0,0,0,0,0,-103000,0,0,0,109000,212000,-103000,-103000
1515,力山            ,61000,163000,-102000,0,0,0,0,0,0,-1000,0,1000,-1000,5000,5000,0,-103000
05967P,臺股指麥證96售02,0,0,0,77000,180000,-103000,0,0,0,-103000,0,0,0,77000,180000,-103000,-103000
046841,智伸科台新93購01,0,0,0,0,0,0,0,0,0,-103000,0,0,0,10000,113000,-103000,-103000
042819,聯茂中信92購01  ,0,0,0,0,0,0,0,0,0,-103000,0,0,0,0,103000,-103000,-103000
044303,群創兆豐92購01  ,0,0,0,0,0,0,0,0,0,-103000,0,0,0,3000,106000,-103000,-103000
052640,台表科凱基97購01,0,0,0,0,0,0,0,0,0,-103000,0,0,0,0,103000,-103000,-103000
05119P,聯發科國泰96售02,0,0,0,0,0,0,0,0,0,-103000,0,0,0,252000,355000,-103000,-103000
051441,鴻海元大95購13  ,0,0,0,0,0,0,0,0,0,-103000,0,0,0,66000,169000,-103000,-103000
05199P,訊芯永豐95售02  ,0,0,0,0,0,0,0,0,0,-103000,0,0,0,48000,151000,-103000,-103000
055551,致茂凱基98購01  ,0,0,0,0,0,0,0,0,0,-104000,0,0,0,111000,215000,-104000,-104000
03822P,創意元富93售02  ,0,0,0,0,0,0,0,0,0,-104000,0,0,0,0,104000,-104000,-104000
050337,南電國泰95購01  ,0,0,0,0,0,0,0,0,0,-104000,0,0,0,0,104000,-104000,-104000
047205,GIS元富93購03   ,0,0,0,0,0,0,0,0,0,-104000,0,0,0,0,104000,-104000,-104000
052617,景碩國泰98購01  ,0,0,0,0,0,0,0,0,0,-104000,0,0,0,0,104000,-104000,-104000
2617,台航            ,25000,23000,2000,0,0,0,0,104000,-104000,-2000,0,2000,-2000,0,0,0,-104000
1722,台肥            ,80000,165000,-85000,0,0,0,2000,0,2000,-21000,0,8000,-8000,1000,14000,-13000,-104000
046184,台光電凱基93購08,0,0,0,0,0,0,0,0,0,-105000,0,0,0,19000,124000,-105000,-105000
048310,台達電凱基93購05,0,0,0,0,0,0,0,0,0,-105000,0,0,0,0,105000,-105000,-105000
047814,宏達電凱基93購02,0,0,0,0,0,0,0,0,0,-105000,0,0,0,0,105000,-105000,-105000
1710,東聯            ,45000,147000,-102000,0,0,0,0,0,0,-3000,0,3000,-3000,0,0,0,-105000
055697,牧德國票98購01  ,0,0,0,0,0,0,0,0,0,-106000,0,0,0,7000,113000,-106000,-106000
055106,台積電凱基98購05,0,0,0,0,0,0,0,0,0,-106000,0,0,0,20000,126000,-106000,-106000
054160,華泰凱基98購01  ,0,0,0,0,0,0,0,0,0,-106000,0,0,0,40000,146000,-106000,-106000
044639,京元電元富94購01,0,0,0,0,0,0,0,0,0,-106000,0,0,0,29000,135000,-106000,-106000
049900,台積電元富94購06,0,0,0,0,0,0,0,0,0,-106000,0,0,0,213000,319000,-106000,-106000
048494,瑞昱元大93購13  ,0,0,0,0,0,0,0,0,0,-106000,0,0,0,36000,142000,-106000,-106000
047292,台光電元富96購01,0,0,0,0,0,0,0,0,0,-106000,0,0,0,0,106000,-106000,-106000
053581,台積電元大96購14,0,0,0,0,0,0,0,0,0,-106000,0,0,0,207000,313000,-106000,-106000
052207,台郡中信95購02  ,0,0,0,0,0,0,0,0,0,-106000,0,0,0,68000,174000,-106000,-106000
055171,凱美統一97購01  ,0,0,0,0,0,0,0,0,0,-107000,0,0,0,92000,199000,-107000,-107000
055235,金寶台新98購01  ,0,0,0,0,0,0,0,0,0,-107000,0,0,0,12000,119000,-107000,-107000
047289,啟碁統一97購01  ,0,0,0,0,0,0,0,0,0,-107000,0,0,0,0,107000,-107000,-107000
049888,智邦國泰96購01  ,0,0,0,0,0,0,0,0,0,-107000,0,0,0,104000,211000,-107000,-107000
052846,智邦統一97購01  ,0,0,0,0,0,0,0,0,0,-107000,0,0,0,100000,207000,-107000,-107000
055854,群創元大98購04  ,0,0,0,0,0,0,0,0,0,-108000,0,0,0,0,108000,-108000,-108000
05654P,台光電統一96售01,0,0,0,0,0,0,0,0,0,-108000,0,0,0,0,108000,-108000,-108000
04458P,世紀鋼統一96售01,0,0,0,0,0,0,0,0,0,-108000,0,0,0,0,108000,-108000,-108000
047061,鴻海凱基93購23  ,0,0,0,0,0,0,0,0,0,-108000,0,0,0,48000,156000,-108000,-108000
049957,智邦統一94購01  ,0,0,0,0,0,0,0,0,0,-108000,0,0,0,0,108000,-108000,-108000
052162,智伸科永豐95購01,0,0,0,0,0,0,0,0,0,-108000,0,0,0,9000,117000,-108000,-108000
2439,美律            ,278000,115000,163000,0,0,0,19945,0,19945,-291210,8000,111000,-103000,30000,218210,-188210,-108265
050498,為升凱基94購07  ,0,0,0,0,0,0,0,0,0,-109000,0,0,0,34000,143000,-109000,-109000
050633,義隆群益96購02  ,0,0,0,0,0,0,0,0,0,-109000,0,0,0,72000,181000,-109000,-109000
051530,鴻海國票97購01  ,0,0,0,0,0,0,0,0,0,-109000,0,0,0,756000,865000,-109000,-109000
053325,GIS群益96購02   ,0,0,0,0,0,0,0,0,0,-109000,0,0,0,62000,171000,-109000,-109000
2888A,新光金甲特      ,0,0,0,0,0,0,0,0,0,-109000,0,109000,-109000,0,0,0,-109000
06313P,訊芯元富97售01  ,0,0,0,0,0,0,0,0,0,-110000,0,0,0,0,110000,-110000,-110000
055678,上銀凱基97購02  ,0,0,0,0,0,0,0,0,0,-110000,0,0,0,0,110000,-110000,-110000
055463,國喬凱基97購01  ,0,0,0,0,0,0,0,0,0,-110000,0,0,0,0,110000,-110000,-110000
05516P,台積電元大96售12,0,0,0,0,0,0,0,0,0,-110000,0,0,0,0,110000,-110000,-110000
04268P,南電元富93售03  ,0,0,0,0,0,0,0,0,0,-110000,0,0,0,0,110000,-110000,-110000
04338P,亞光元大93售04  ,0,0,0,0,0,0,0,0,0,-110000,0,0,0,0,110000,-110000,-110000
03874P,臺股指群益95售01,0,0,0,0,0,0,0,0,0,-110000,0,0,0,0,110000,-110000,-110000
03639P,祥碩凱基93售05  ,0,0,0,0,0,0,0,0,0,-110000,0,0,0,20000,130000,-110000,-110000
046091,健鼎兆豐92購01  ,0,0,0,0,0,0,0,0,0,-110000,0,0,0,0,110000,-110000,-110000
05056P,訊芯群益95售01  ,0,0,0,0,0,0,0,0,0,-110000,0,0,0,0,110000,-110000,-110000
050466,瑞儀中信94購01  ,0,0,0,0,0,0,0,0,0,-110000,0,0,0,0,110000,-110000,-110000
047740,樺漢永豐93購01  ,0,0,0,0,0,0,0,0,0,-110000,0,0,0,0,110000,-110000,-110000
047585,微星永豐93購01  ,0,0,0,0,0,0,0,0,0,-110000,0,0,0,15000,125000,-110000,-110000
048966,佳世達元大95購01,0,0,0,0,0,0,0,0,0,-110000,0,0,0,10000,120000,-110000,-110000
048794,易華電元大97購01,0,0,0,0,0,0,0,0,0,-110000,0,0,0,0,110000,-110000,-110000
05311P,臺股指群益95售10,0,0,0,0,0,0,0,0,0,-110000,0,0,0,0,110000,-110000,-110000
051668,智邦元大95購02  ,0,0,0,0,0,0,0,0,0,-110000,0,0,0,81000,191000,-110000,-110000
051186,創意永豐95購01  ,0,0,0,0,0,0,0,0,0,-110000,0,0,0,0,110000,-110000,-110000
052091,緯創元大95購04  ,0,0,0,0,0,0,0,0,0,-110000,0,0,0,105000,215000,-110000,-110000
052355,為升永豐95購02  ,0,0,0,0,0,0,0,0,0,-110000,0,0,0,129000,239000,-110000,-110000
05479P,華新科台新96售01,0,0,0,0,0,0,0,0,0,-111000,0,0,0,204000,315000,-111000,-111000
05827P,台積電統一96售10,0,0,0,0,0,0,0,0,0,-111000,0,0,0,0,111000,-111000,-111000
044212,鴻海凱基93購04  ,0,0,0,0,0,0,0,0,0,-111000,0,0,0,0,111000,-111000,-111000
049212,T50反1國票94購04,0,0,0,0,0,0,0,0,0,-111000,0,0,0,97000,208000,-111000,-111000
048501,GIS元大94購02   ,0,0,0,0,0,0,0,0,0,-111000,0,0,0,0,111000,-111000,-111000
052188,欣興群益95購03  ,0,0,0,0,0,0,0,0,0,-111000,0,0,0,0,111000,-111000,-111000
053236,群創永豐97購02  ,0,0,0,0,0,0,0,0,0,-111000,0,0,0,11000,122000,-111000,-111000
4119,旭富            ,23000,133539,-110539,0,0,0,0,0,0,-1000,0,0,0,0,1000,-1000,-111539
047992,東陽元大96購01  ,0,0,0,0,0,0,0,0,0,-112000,0,0,0,103000,215000,-112000,-112000
051714,健鼎台新95購01  ,0,0,0,0,0,0,0,0,0,-112000,0,0,0,0,112000,-112000,-112000
051299,致茂凱基95購01  ,0,0,0,0,0,0,0,0,0,-112000,0,0,0,151000,263000,-112000,-112000
051665,台積電元大96購07,0,0,0,0,0,0,0,0,0,-112000,0,0,0,23000,135000,-112000,-112000
054376,聯茂中信97購01  ,0,0,0,0,0,0,0,0,0,-113000,0,0,0,94000,207000,-113000,-113000
04430P,晶相光元大94售04,0,0,0,0,0,0,0,0,0,-113000,0,0,0,40000,153000,-113000,-113000
049926,智易元大95購02  ,0,0,0,0,0,0,0,0,0,-113000,0,0,0,2000,115000,-113000,-113000
9933,中鼎            ,757500,861000,-103500,0,0,0,0,0,0,-10000,0,10000,-10000,0,0,0,-113500
1560,中砂            ,20000,135000,-115000,0,0,0,1000,0,1000,0,0,0,0,0,0,0,-114000
047783,聯茂國泰94購02  ,0,0,0,0,0,0,0,0,0,-114000,0,0,0,102000,216000,-114000,-114000
047280,泰鼎永豐93購01  ,0,0,0,0,0,0,0,0,0,-114000,0,0,0,0,114000,-114000,-114000
051430,瑞昱元富95購02  ,0,0,0,0,0,0,0,0,0,-114000,0,0,0,27000,141000,-114000,-114000
052231,景碩凱基96購01  ,0,0,0,0,0,0,0,0,0,-114000,0,0,0,0,114000,-114000,-114000
06123P,玉晶光元大97售04,0,0,0,0,0,0,0,0,0,-115000,0,0,0,101000,216000,-115000,-115000
053951,T50反1台新06購02,0,0,0,0,0,0,0,0,0,-115000,0,0,0,0,115000,-115000,-115000
046476,鴻海統一96購01  ,0,0,0,0,0,0,0,0,0,-115000,0,0,0,7000,122000,-115000,-115000
047602,GIS中信93購02   ,0,0,0,0,0,0,0,0,0,-115000,0,0,0,60000,175000,-115000,-115000
047573,儒鴻群益93購04  ,0,0,0,0,0,0,0,0,0,-115000,0,0,0,0,115000,-115000,-115000
05629P,聯發科永昌99售02,0,0,0,0,0,0,0,0,0,-116000,0,0,0,100000,216000,-116000,-116000
055775,友達凱基9A購01  ,0,0,0,0,0,0,0,0,0,-116000,0,0,0,0,116000,-116000,-116000
055543,為升凱基97購01  ,0,0,0,0,0,0,0,0,0,-117000,0,0,0,17000,134000,-117000,-117000
06111P,上銀兆豐98售01  ,0,0,0,0,0,0,0,0,0,-117000,0,0,0,2000,119000,-117000,-117000
054649,聯茂群益97購01  ,0,0,0,0,0,0,0,0,0,-117000,0,0,0,14000,131000,-117000,-117000
054954,華新科元大97購06,0,0,0,0,0,0,0,0,0,-117000,0,0,0,75000,192000,-117000,-117000
04047P,華邦電元大94售03,0,0,0,0,0,0,0,0,0,-117000,0,0,0,0,117000,-117000,-117000
049003,智邦中信95購01  ,0,0,0,0,0,0,0,0,0,-117000,0,0,0,0,117000,-117000,-117000
048787,義隆元大94購02  ,0,0,0,0,0,0,0,0,0,-117000,0,0,0,70000,187000,-117000,-117000
052320,緯創元大95購05  ,0,0,0,0,0,0,0,0,0,-117000,0,0,0,114000,231000,-117000,-117000
052008,創意第一95購01  ,0,0,0,0,0,0,0,0,0,-117000,0,0,0,18000,135000,-117000,-117000
05302P,華通國泰96售01  ,0,0,0,0,0,0,0,0,0,-117000,0,0,0,15000,132000,-117000,-117000
054892,彩晶統一99購01  ,0,0,0,0,0,0,0,0,0,-118000,0,0,0,10000,128000,-118000,-118000
045887,台光電元大92購07,0,0,0,0,0,0,0,0,0,-118000,0,0,0,10000,128000,-118000,-118000
052872,智易凱基96購01  ,0,0,0,0,0,0,0,0,0,-118000,0,0,0,100000,218000,-118000,-118000
053753,啟碁永豐96購01  ,0,0,0,0,0,0,0,0,0,-118000,0,0,0,7000,125000,-118000,-118000
1590,亞德客-KY       ,415036,536700,-121664,0,0,0,23000,15400,7600,-4000,0,1000,-1000,3000,6000,-3000,-118064
04044P,鴻海元大93售18  ,0,0,0,0,0,0,0,0,0,-119000,0,0,0,0,119000,-119000,-119000
051252,健鼎元大95購01  ,0,0,0,0,0,0,0,0,0,-119000,0,0,0,105000,224000,-119000,-119000
6668,中揚光          ,57000,185000,-128000,0,0,0,5315,0,5315,3000,8000,5000,3000,0,0,0,-119685
053864,義隆元大96購01  ,1000,0,1000,0,0,0,0,0,0,-121000,0,0,0,303000,424000,-121000,-120000
03528P,日月光凱基02售02,0,0,0,0,0,0,0,0,0,-120000,0,0,0,0,120000,-120000,-120000
046987,智邦凱基93購04  ,0,0,0,0,0,0,0,0,0,-120000,0,0,0,0,120000,-120000,-120000
048127,麗豐元大94購01  ,0,0,0,0,0,0,0,0,0,-120000,0,0,0,10000,130000,-120000,-120000
053726,TPK凱基96購02   ,0,0,0,0,0,0,0,0,0,-120000,0,0,0,20000,140000,-120000,-120000
053387,緯創元大97購01  ,0,0,0,0,0,0,0,0,0,-120000,0,0,0,127000,247000,-120000,-120000
4919,新唐            ,54000,167000,-113000,0,0,0,4000,0,4000,-11000,0,0,0,1000,12000,-11000,-120000
054122,康友永豐96購01  ,0,0,0,0,0,0,0,0,0,-121000,0,0,0,43000,164000,-121000,-121000
054900,金寶康和97購01  ,0,0,0,0,0,0,0,0,0,-121000,0,0,0,82000,203000,-121000,-121000
1444,力麗            ,14000,135000,-121000,0,0,0,0,0,0,0,0,0,0,0,0,0,-121000
05981P,可成永昌98售02  ,0,0,0,0,0,0,0,0,0,-121000,0,0,0,0,121000,-121000,-121000
05596P,可成統一96售01  ,0,0,0,0,0,0,0,0,0,-121000,0,0,0,0,121000,-121000,-121000
049302,聯茂日盛94購01  ,0,0,0,0,0,0,0,0,0,-121000,0,0,0,2000,123000,-121000,-121000
052294,創意國票96購03  ,0,0,0,0,0,0,0,0,0,-122000,0,0,0,0,122000,-122000,-122000
3024,憶聲            ,62000,184000,-122000,0,0,0,0,0,0,0,0,0,0,0,0,0,-122000
055784,TPK凱基97購02   ,0,0,0,0,0,0,0,0,0,-123000,0,0,0,0,123000,-123000,-123000
054347,上緯控國票96購02,0,0,0,0,0,0,0,0,0,-123000,0,0,0,0,123000,-123000,-123000
048053,美利達中信93購01,0,0,0,0,0,0,0,0,0,-123000,0,0,0,0,123000,-123000,-123000
050149,東元群益94購01  ,0,0,0,0,0,0,0,0,0,-123000,0,0,0,205000,328000,-123000,-123000
6120,達運            ,102000,235000,-133000,0,0,0,0,0,0,10000,16000,6000,10000,0,0,0,-123000
055760,新日興群益98購02,0,0,0,0,0,0,0,0,0,-124000,0,0,0,34000,158000,-124000,-124000
06044P,同欣電永豐96售03,0,0,0,0,0,0,0,0,0,-124000,0,0,0,0,124000,-124000,-124000
05746P,台積電群益96售07,0,0,0,0,0,0,0,0,0,-124000,0,0,0,245000,369000,-124000,-124000
053168,晶技群益98購01  ,0,0,0,0,0,0,0,0,0,-124000,0,0,0,46000,170000,-124000,-124000
046751,鴻海凱基93購18  ,0,0,0,0,0,0,0,0,0,-125000,0,0,0,30000,155000,-125000,-125000
050053,訊芯群益94購03  ,0,0,0,0,0,0,0,0,0,-125000,0,0,0,55000,180000,-125000,-125000
047492,儒鴻元富93購01  ,0,0,0,0,0,0,0,0,0,-125000,0,0,0,0,125000,-125000,-125000
045127,鴻海統一92購01  ,0,0,0,0,0,0,0,0,0,-126000,0,0,0,113000,239000,-126000,-126000
047236,智伸科凱基93購05,0,0,0,0,0,0,0,0,0,-126000,0,0,0,18000,144000,-126000,-126000
050255,GIS富邦95購01   ,0,0,0,0,0,0,0,0,0,-126000,0,0,0,5000,131000,-126000,-126000
052311,台積電富邦95購09,0,0,0,0,0,0,0,0,0,-126000,0,0,0,0,126000,-126000,-126000
051534,景碩國票97購01  ,0,0,0,0,0,0,0,0,0,-126000,0,0,0,0,126000,-126000,-126000
06061P,訊芯統一97售01  ,0,0,0,0,0,0,0,0,0,-127000,0,0,0,12000,139000,-127000,-127000
048742,瀚宇博統一94購01,0,0,0,0,0,0,0,0,0,-127000,0,0,0,0,127000,-127000,-127000
043599,宏達電元大93購03,0,0,0,0,0,0,0,0,0,-127000,0,0,0,0,127000,-127000,-127000
051163,鴻海元大95購04  ,0,0,0,0,0,0,0,0,0,-127000,0,0,0,371000,498000,-127000,-127000
052920,景碩台新96購02  ,0,0,0,0,0,0,0,0,0,-127000,0,0,0,0,127000,-127000,-127000
055733,奇力新元富97購01,0,0,0,0,0,0,0,0,0,-128000,0,0,0,169000,297000,-128000,-128000
055799,致茂永豐97購02  ,0,0,0,0,0,0,0,0,0,-128000,0,0,0,0,128000,-128000,-128000
049424,中石化兆豐94購01,0,0,0,0,0,0,0,0,0,-128000,0,0,0,0,128000,-128000,-128000
050168,緯創富邦95購01  ,0,0,0,0,0,0,0,0,0,-128000,0,0,0,132000,260000,-128000,-128000
048778,聯茂凱基94購04  ,0,0,0,0,0,0,0,0,0,-128000,0,0,0,0,128000,-128000,-128000
051516,全新凱基96購02  ,0,0,0,0,0,0,0,0,0,-128000,0,0,0,32000,160000,-128000,-128000
052154,緯創台新95購01  ,0,0,0,0,0,0,0,0,0,-128000,0,0,0,0,128000,-128000,-128000
06113P,台積電群益97售01,0,0,0,0,0,0,0,0,0,-129000,0,0,0,68000,197000,-129000,-129000
044773,創意元大93購02  ,0,0,0,0,0,0,0,0,0,-129000,0,0,0,3000,132000,-129000,-129000
049404,訊芯群益94購02  ,0,0,0,0,0,0,0,0,0,-129000,0,0,0,83000,212000,-129000,-129000
055898,訊芯第一97購01  ,0,0,0,0,0,0,0,0,0,-130000,0,0,0,0,130000,-130000,-130000
044777,超眾元大93購01  ,0,0,0,0,0,0,0,0,0,-130000,0,0,0,0,130000,-130000,-130000
049045,上海銀兆豐94購01,0,0,0,0,0,0,0,0,0,-130000,0,0,0,0,130000,-130000,-130000
048428,滬深2X國票93購05,0,0,0,0,0,0,0,0,0,-130000,0,0,0,20000,150000,-130000,-130000
051061,中磊群益95購01  ,0,0,0,0,0,0,0,0,0,-130000,0,0,0,210000,340000,-130000,-130000
053691,聯發科元大96購16,0,0,0,0,0,0,0,0,0,-130000,0,0,0,205000,335000,-130000,-130000
055488,華邦電元大98購01,0,0,0,0,0,0,0,0,0,-131000,0,0,0,2000,133000,-131000,-131000
06089P,矽創永豐97售01  ,0,0,0,0,0,0,0,0,0,-131000,0,0,0,0,131000,-131000,-131000
049976,台積電凱基94購28,0,0,0,0,0,0,0,0,0,-131000,0,0,0,6000,137000,-131000,-131000
05303P,華通國泰97售01  ,0,0,0,0,0,0,0,0,0,-131000,0,0,0,45000,176000,-131000,-131000
054843,中環兆豐97購01  ,0,0,0,0,0,0,0,0,0,-132000,0,0,0,0,132000,-132000,-132000
046621,智伸科凱基93購02,0,0,0,0,0,0,0,0,0,-132000,0,0,0,0,132000,-132000,-132000
04786P,鴻海永昌96售01  ,0,0,0,0,0,0,0,0,0,-132000,0,0,0,48000,180000,-132000,-132000
050286,為升凱基94購05  ,0,0,0,0,0,0,0,0,0,-132000,0,0,0,15000,147000,-132000,-132000
2605,新興            ,27000,208000,-181000,0,0,0,49000,0,49000,0,0,0,0,0,0,0,-132000
1434,福懋            ,198121,212000,-13879,0,0,0,2000,119000,-117000,-2000,0,2000,-2000,0,0,0,-132879
055772,致茂凱基97購01  ,0,0,0,0,0,0,0,0,0,-133000,0,0,0,0,133000,-133000,-133000
054344,景碩國票97購04  ,0,0,0,0,0,0,0,0,0,-133000,0,0,0,0,133000,-133000,-133000
2903,遠百            ,43000,149000,-106000,0,0,0,0,21000,-21000,-6000,0,6000,-6000,0,0,0,-133000
3450,聯鈞            ,143000,257000,-114000,0,0,0,0,0,0,-19000,16000,3000,13000,36000,68000,-32000,-133000
055070,聯茂永豐97購01  ,0,0,0,0,0,0,0,0,0,-134000,0,0,0,0,134000,-134000,-134000
00762,元大全球AI      ,0,0,0,0,0,0,0,0,0,-134000,0,0,0,64000,198000,-134000,-134000
049268,聯茂元大94購03  ,0,0,0,0,0,0,0,0,0,-134000,0,0,0,12000,146000,-134000,-134000
054750,聯茂凱基98購02  ,0,0,0,0,0,0,0,0,0,-135000,0,0,0,73000,208000,-135000,-135000
053999,台表科群益96購06,0,0,0,0,0,0,0,0,0,-135000,0,0,0,0,135000,-135000,-135000
055271,鴻海元大98購03  ,0,0,0,0,0,0,0,0,0,-135000,0,0,0,38000,173000,-135000,-135000
2340,光磊            ,319000,417000,-98000,0,0,0,31000,0,31000,-68000,1000,1000,0,21000,89000,-68000,-135000
05527P,聯茂群益96售01  ,0,0,0,0,0,0,0,0,0,-136000,0,0,0,78000,214000,-136000,-136000
05922P,京元電兆豐96售01,0,0,0,0,0,0,0,0,0,-136000,0,0,0,0,136000,-136000,-136000
03583P,微星元大02售03  ,0,0,0,0,0,0,0,0,0,-136000,0,0,0,0,136000,-136000,-136000
045690,啟碁元大92購01  ,0,0,0,0,0,0,0,0,0,-136000,0,0,0,0,136000,-136000,-136000
052328,台表科中信99購01,0,0,0,0,0,0,0,0,0,-136000,0,0,0,135000,271000,-136000,-136000
055257,景碩統一97購01  ,0,0,0,0,0,0,0,0,0,-137000,0,0,0,72000,209000,-137000,-137000
050704,復盛凱基94購03  ,0,0,0,0,0,0,0,0,0,-137000,0,0,0,224000,361000,-137000,-137000
042919,GIS元大93購01   ,0,0,0,0,0,0,0,0,0,-138000,0,0,0,5000,143000,-138000,-138000
043607,GIS元大93購02   ,0,0,0,0,0,0,0,0,0,-138000,0,0,0,0,138000,-138000,-138000
03928P,鎧勝康和93售01  ,0,0,0,0,0,0,0,0,0,-138000,0,0,0,0,138000,-138000,-138000
05227P,大立光統一95售04,0,0,0,0,0,0,0,0,0,-138000,0,0,0,0,138000,-138000,-138000
052770,聯茂群益96購02  ,0,0,0,0,0,0,0,0,0,-138000,0,0,0,64000,202000,-138000,-138000
046351,智邦群益92購01  ,0,0,0,0,0,0,0,0,0,-139000,0,0,0,15000,154000,-139000,-139000
053610,矽力中信98購01  ,0,0,0,0,0,0,0,0,0,-139000,0,0,0,64000,203000,-139000,-139000
05383P,鴻海富邦95售06  ,0,0,0,0,0,0,0,0,0,-139000,0,0,0,1400000,1539000,-139000,-139000
053263,華邦電群益96購03,0,0,0,0,0,0,0,0,0,-139000,0,0,0,16000,155000,-139000,-139000
051240,台積電元大95購12,0,0,0,0,0,0,0,0,0,-139000,0,0,0,48000,187000,-139000,-139000
2401,凌陽            ,86000,209000,-123000,0,0,0,0,0,0,-16000,0,16000,-16000,0,0,0,-139000
046552,晶技麥證92購01  ,0,0,0,10000,150000,-140000,0,0,0,-140000,0,0,0,10000,150000,-140000,-140000
045414,康控群益94購02  ,0,0,0,0,0,0,0,0,0,-140000,0,0,0,0,140000,-140000,-140000
044190,聯詠富邦93購01  ,0,0,0,0,0,0,0,0,0,-140000,0,0,0,76000,216000,-140000,-140000
044536,深中小群益92購01,0,0,0,0,0,0,0,0,0,-140000,0,0,0,0,140000,-140000,-140000
046741,GIS群益94購01   ,0,0,0,0,0,0,0,0,0,-140000,0,0,0,10000,150000,-140000,-140000
050764,鴻海元大94購27  ,0,0,0,0,0,0,0,0,0,-140000,0,0,0,549000,689000,-140000,-140000
049909,國巨元大95購01  ,0,0,0,0,0,0,0,0,0,-140000,0,0,0,121000,261000,-140000,-140000
051069,智邦國票96購01  ,0,0,0,0,0,0,0,0,0,-140000,0,0,0,55000,195000,-140000,-140000
053366,樺漢國泰98購01  ,0,0,0,0,0,0,0,0,0,-140000,0,0,0,133000,273000,-140000,-140000
052768,泰鼎群益96購01  ,0,0,0,0,0,0,0,0,0,-140000,0,0,0,347000,487000,-140000,-140000
054860,台積電群益98購01,0,0,0,0,0,0,0,0,0,-141000,0,0,0,31000,172000,-141000,-141000
051101,台表科元大96購02,0,0,0,0,0,0,0,0,0,-141000,0,0,0,59000,200000,-141000,-141000
054128,台積電元大97購10,0,0,0,0,0,0,0,0,0,-142000,0,0,0,92000,234000,-142000,-142000
06170P,禾伸堂元富97售02,0,0,0,0,0,0,0,0,0,-142000,0,0,0,0,142000,-142000,-142000
04933P,中石化中信96售01,0,0,0,0,0,0,0,0,0,-142000,0,0,0,153000,295000,-142000,-142000
048155,瑞昱兆豐93購01  ,0,0,0,0,0,0,0,0,0,-142000,0,0,0,1000,143000,-142000,-142000
051702,鴻海群益95購08  ,0,0,0,0,0,0,0,0,0,-142000,0,0,0,10000,152000,-142000,-142000
052589,群創永豐97購01  ,0,0,0,0,0,0,0,0,0,-142000,0,0,0,10000,152000,-142000,-142000
053858,台達電元大96購05,0,0,0,0,0,0,0,0,0,-142000,0,0,0,118000,260000,-142000,-142000
1109,信大            ,18000,206000,-188000,0,0,0,64000,18639,45361,0,0,0,0,0,0,0,-142639
055392,凱美統一97購03  ,0,0,0,0,0,0,0,0,0,-143000,0,0,0,166000,309000,-143000,-143000
054934,金寶元大97購01  ,0,0,0,0,0,0,0,0,0,-143000,0,0,0,30000,173000,-143000,-143000
04995P,台達電凱基96售03,0,0,0,0,0,0,0,0,0,-143000,0,0,0,1000,144000,-143000,-143000
051657,台郡元富98購01  ,0,0,0,0,0,0,0,0,0,-143000,0,0,0,10000,153000,-143000,-143000
2534,宏盛            ,106000,260000,-154000,0,0,0,0,0,0,11000,0,0,0,15000,4000,11000,-143000
054398,牧德永豐96購03  ,0,0,0,0,0,0,0,0,0,-144000,0,0,0,98000,242000,-144000,-144000
04358P,TPK永豐94售01   ,0,0,0,0,0,0,0,0,0,-144000,0,0,0,0,144000,-144000,-144000
053534,微星永豐96購02  ,0,0,0,0,0,0,0,0,0,-144000,0,0,0,122000,266000,-144000,-144000
054094,創意群益96購02  ,0,0,0,0,0,0,0,0,0,-145000,0,0,0,22000,167000,-145000,-145000
042943,金寶國票92購01  ,0,0,0,0,0,0,0,0,0,-145000,0,0,0,5000,150000,-145000,-145000
050385,貿聯國票95購02  ,0,0,0,0,0,0,0,0,0,-145000,0,0,0,148000,293000,-145000,-145000
052767,智伸科群益98購01,0,0,0,0,0,0,0,0,0,-145000,0,0,0,0,145000,-145000,-145000
053105,鴻海兆豐97購01  ,0,0,0,0,0,0,0,0,0,-145000,0,0,0,4000,149000,-145000,-145000
052092,貿聯元大96購02  ,0,0,0,0,0,0,0,0,0,-145000,0,0,0,138000,283000,-145000,-145000
045206,創意國泰93購02  ,0,0,0,0,0,0,0,0,0,-146000,0,0,0,150000,296000,-146000,-146000
043758,創意元大92購03  ,0,0,0,0,0,0,0,0,0,-147000,0,0,0,0,147000,-147000,-147000
048772,智易凱基94購01  ,0,0,0,0,0,0,0,0,0,-147000,0,0,0,45000,192000,-147000,-147000
051761,富邦金元大96購01,0,0,0,0,0,0,0,0,0,-147000,0,0,0,28000,175000,-147000,-147000
055573,國巨統一97購06  ,0,0,0,0,0,0,0,0,0,-148000,0,0,0,22000,170000,-148000,-148000
046344,超眾國票94購01  ,0,0,0,0,0,0,0,0,0,-148000,0,0,0,2000,150000,-148000,-148000
050433,華新科凱基94購11,0,0,0,0,0,0,0,0,0,-148000,0,0,0,45000,193000,-148000,-148000
050523,義隆元大94購05  ,0,0,0,0,0,0,0,0,0,-148000,0,0,0,32000,180000,-148000,-148000
053460,緯穎國泰97購01  ,0,0,0,0,0,0,0,0,0,-148000,0,0,0,43000,191000,-148000,-148000
055403,泰鼎元富97購01  ,0,0,0,0,0,0,0,0,0,-149000,0,0,0,220000,369000,-149000,-149000
06014P,聯發科富邦97售02,0,0,0,0,0,0,0,0,0,-149000,0,0,0,0,149000,-149000,-149000
054637,智邦中信98購01  ,0,0,0,0,0,0,0,0,0,-149000,0,0,0,45000,194000,-149000,-149000
052605,聯發科元大96購06,0,0,0,0,0,0,0,0,0,-149000,0,0,0,11000,160000,-149000,-149000
3321,同泰            ,9000,35000,-26000,0,0,0,0,0,0,-123000,0,123000,-123000,0,0,0,-149000
054612,慧洋永豐97購01  ,0,0,0,0,0,0,0,0,0,-150000,0,0,0,0,150000,-150000,-150000
053959,晶豪科永豐96購02,0,0,0,0,0,0,0,0,0,-150000,0,0,0,0,150000,-150000,-150000
054476,聯發科中信96購03,0,0,0,0,0,0,0,0,0,-150000,0,0,0,0,150000,-150000,-150000
055504,貿聯元大98購04  ,0,0,0,0,0,0,0,0,0,-150000,0,0,0,0,150000,-150000,-150000
055985,聯鈞元富97購01  ,0,0,0,0,0,0,0,0,0,-150000,0,0,0,0,150000,-150000,-150000
046098,南茂國票92購01  ,0,0,0,0,0,0,0,0,0,-150000,0,0,0,0,150000,-150000,-150000
04383P,泰鼎國泰95售01  ,0,0,0,0,0,0,0,0,0,-150000,0,0,0,0,150000,-150000,-150000
04836P,台積電元大94售22,0,0,0,0,0,0,0,0,0,-150000,0,0,0,0,150000,-150000,-150000
048943,智伸科永豐94購01,0,0,0,0,0,0,0,0,0,-150000,0,0,0,5000,155000,-150000,-150000
049614,聯茂中信94購01  ,0,0,0,0,0,0,0,0,0,-150000,0,0,0,0,150000,-150000,-150000
05375P,健策國票96售02  ,0,0,0,0,0,0,0,0,0,-150000,0,0,0,100000,250000,-150000,-150000
052134,智邦凱基95購09  ,0,0,0,0,0,0,0,0,0,-150000,0,0,0,225000,375000,-150000,-150000
3622,洋華            ,8000,158000,-150000,0,0,0,0,0,0,0,0,0,0,0,0,0,-150000
051051,鴻海群益95購04  ,0,0,0,0,0,0,0,0,0,-151000,0,0,0,274000,425000,-151000,-151000
2820,華票            ,50000,200000,-150000,0,0,0,0,0,0,-1000,0,1000,-1000,0,0,0,-151000
2031,新光鋼          ,56000,252000,-196000,0,0,0,50235,0,50235,-6000,0,0,0,0,6000,-6000,-151765
049438,嘉晶國泰96購01  ,0,0,0,0,0,0,0,0,0,-152000,0,0,0,8000,160000,-152000,-152000
052449,創意元大95購04  ,0,0,0,0,0,0,0,0,0,-152000,0,0,0,25000,177000,-152000,-152000
1104,環泥            ,4000,184000,-180000,0,0,0,27000,0,27000,0,0,0,0,0,0,0,-153000
049911,智邦元大94購05  ,0,0,0,0,0,0,0,0,0,-153000,0,0,0,96000,249000,-153000,-153000
051689,智易凱基95購02  ,0,0,0,0,0,0,0,0,0,-153000,0,0,0,100000,253000,-153000,-153000
1312,國喬            ,229000,243000,-14000,0,0,0,0,140000,-140000,0,0,0,0,0,0,0,-154000
055177,宏達電統一99購01,0,0,0,0,0,0,0,0,0,-154000,0,0,0,0,154000,-154000,-154000
04327P,台積電國泰95售01,0,0,0,0,0,0,0,0,0,-154000,0,0,0,51000,205000,-154000,-154000
048334,A50正2元大96購01,0,0,0,0,0,0,0,0,0,-154000,0,0,0,1000,155000,-154000,-154000
050526,貿聯元大95購01  ,0,0,0,0,0,0,0,0,0,-154000,0,0,0,21000,175000,-154000,-154000
053962,聯茂永豐96購01  ,0,0,0,0,0,0,0,0,0,-155000,0,0,0,112000,267000,-155000,-155000
053882,聯發科中信98購02,0,0,0,0,0,0,0,0,0,-155000,0,0,0,200000,355000,-155000,-155000
050814,微星凱基95購01  ,0,0,0,0,0,0,0,0,0,-155000,0,0,0,10000,165000,-155000,-155000
049585,旺宏元大95購02  ,0,0,0,0,0,0,0,0,0,-155000,0,0,0,21000,176000,-155000,-155000
050003,景碩永豐94購01  ,0,0,0,0,0,0,0,0,0,-155000,0,0,0,0,155000,-155000,-155000
053693,欣興元大96購05  ,0,0,0,0,0,0,0,0,0,-155000,0,0,0,1000,156000,-155000,-155000
054071,泰鼎國泰97購02  ,0,0,0,0,0,0,0,0,0,-156000,0,0,0,208000,364000,-156000,-156000
04454P,大立光富邦98售02,0,0,0,0,0,0,0,0,0,-156000,0,0,0,5000,161000,-156000,-156000
050120,GIS元大95購02   ,0,0,0,0,0,0,0,0,0,-156000,0,0,0,0,156000,-156000,-156000
048744,儒鴻元富97購01  ,0,0,0,0,0,0,0,0,0,-157000,0,0,0,5000,162000,-157000,-157000
04768P,大立光國泰96售03,0,0,0,0,0,0,0,0,0,-157000,0,0,0,0,157000,-157000,-157000
051832,復盛元大95購01  ,0,0,0,0,0,0,0,0,0,-157000,0,0,0,64000,221000,-157000,-157000
6443,元晶            ,9000,164000,-155000,0,0,0,0,0,0,-2000,0,2000,-2000,0,0,0,-157000
2101,南港            ,253000,186000,67000,0,0,0,0,59012,-59012,-165000,1000,5000,-4000,35000,196000,-161000,-157012
04402P,TPK兆豐95售01   ,0,0,0,0,0,0,0,0,0,-158000,0,0,0,0,158000,-158000,-158000
049030,凌華群益94購01  ,0,0,0,0,0,0,0,0,0,-158000,0,0,0,351000,509000,-158000,-158000
05080P,亞光永豐95售02  ,0,0,0,0,0,0,0,0,0,-158000,0,0,0,0,158000,-158000,-158000
05931P,鴻海凱基96售15  ,0,0,0,0,0,0,0,0,0,-160000,0,0,0,0,160000,-160000,-160000
04543P,鴻海富邦95售03  ,0,0,0,0,0,0,0,0,0,-160000,0,0,0,0,160000,-160000,-160000
047086,群創統一93購03  ,0,0,0,0,0,0,0,0,0,-160000,0,0,0,551000,711000,-160000,-160000
06193P,台積電元富97售04,0,0,0,0,0,0,0,0,0,-161000,0,0,0,30000,191000,-161000,-161000
046220,滬深2X元大95購03,0,0,0,0,0,0,0,0,0,-161000,0,0,0,40000,201000,-161000,-161000
051861,鴻海凱基98購01  ,0,0,0,0,0,0,0,0,0,-161000,0,0,0,67000,228000,-161000,-161000
2841,台開            ,69000,222000,-153000,0,0,0,0,0,0,-8000,0,8000,-8000,0,0,0,-161000
2106,建大            ,17000,121000,-104000,0,0,0,6000,61042,-55042,-2000,0,2000,-2000,0,0,0,-161042
054204,元金2X國票9B購02,0,0,0,0,0,0,0,0,0,-162000,0,0,0,0,162000,-162000,-162000
049296,義隆群益96購01  ,0,0,0,0,0,0,0,0,0,-162000,0,0,0,28000,190000,-162000,-162000
8028,昇陽半導體      ,38000,196000,-158000,0,0,0,14590,0,14590,-19000,0,0,0,0,19000,-19000,-162410
053947,義隆富邦97購01  ,0,0,0,0,0,0,0,0,0,-163000,0,0,0,96000,259000,-163000,-163000
048673,智伸科永豐93購02,0,0,0,0,0,0,0,0,0,-163000,0,0,0,2000,165000,-163000,-163000
044779,GIS元大93購05   ,0,0,0,0,0,0,0,0,0,-163000,0,0,0,1000,164000,-163000,-163000
052373,鴻海元大95購22  ,0,0,0,0,0,0,0,0,0,-163000,0,0,0,0,163000,-163000,-163000
054845,智邦兆豐98購01  ,0,0,0,0,0,0,0,0,0,-164000,0,0,0,180000,344000,-164000,-164000
055705,微星永豐97購01  ,0,0,0,0,0,0,0,0,0,-164000,0,0,0,12000,176000,-164000,-164000
055712,金寶元大97購02  ,0,0,0,0,0,0,0,0,0,-164000,0,0,0,44000,208000,-164000,-164000
043855,創意富邦93購01  ,0,0,0,0,0,0,0,0,0,-164000,0,0,0,0,164000,-164000,-164000
050418,為升凱基94購06  ,0,0,0,0,0,0,0,0,0,-164000,0,0,0,8000,172000,-164000,-164000
055121,鴻海兆豐97購03  ,0,0,0,0,0,0,0,0,0,-165000,0,0,0,50000,215000,-165000,-165000
052832,益航群益96購01  ,0,0,0,0,0,0,0,0,0,-165000,0,0,0,40000,205000,-165000,-165000
4943,康控-KY         ,41000,189000,-148000,0,0,0,0,6198,-6198,-11000,5000,0,5000,1000,17000,-16000,-165198
048017,美利達國票93購01,0,0,0,0,0,0,0,0,0,-166000,0,0,0,0,166000,-166000,-166000
049712,為升凱基94購03  ,0,0,0,0,0,0,0,0,0,-166000,0,0,0,46000,212000,-166000,-166000
052805,晶技元大97購01  ,0,0,0,0,0,0,0,0,0,-166000,0,0,0,140000,306000,-166000,-166000
05499P,聯詠元富95售02  ,0,0,0,0,0,0,0,0,0,-167000,0,0,0,32000,199000,-167000,-167000
00706L,元大S&P日圓正2  ,0,0,0,0,0,0,0,0,0,-167000,0,0,0,0,167000,-167000,-167000
050386,智伸科國票94購01,0,0,0,0,0,0,0,0,0,-168000,0,0,0,46000,214000,-168000,-168000
05083P,麗豐永豐95售02  ,0,0,0,0,0,0,0,0,0,-168000,0,0,0,0,168000,-168000,-168000
047418,智邦富邦97購01  ,0,0,0,0,0,0,0,0,0,-168000,0,0,0,674000,842000,-168000,-168000
055079,台光電中信97購01,0,0,0,0,0,0,0,0,0,-169000,0,0,0,11000,180000,-169000,-169000
06190P,玉晶光永豐97售05,0,0,0,0,0,0,0,0,0,-169000,0,0,0,0,169000,-169000,-169000
048279,聯鈞永豐93購01  ,0,0,0,0,0,0,0,0,0,-169000,0,0,0,56000,225000,-169000,-169000
050310,卜蜂兆豐94購01  ,0,0,0,0,0,0,0,0,0,-169000,0,0,0,5000,174000,-169000,-169000
052322,力成元大96購01  ,0,0,0,0,0,0,0,0,0,-169000,0,0,0,37000,206000,-169000,-169000
051113,聯電元富95購01  ,0,0,0,0,0,0,0,0,0,-169000,0,0,0,0,169000,-169000,-169000
2385,群光            ,382944,595446,-212502,0,0,0,2000,0,2000,41000,0,1000,-1000,42000,0,42000,-169502
05551P,電子類元大96售01,0,0,0,0,0,0,0,0,0,-170000,0,0,0,40000,210000,-170000,-170000
055245,凱美統一99購01  ,0,0,0,0,0,0,0,0,0,-170000,0,0,0,158000,328000,-170000,-170000
04414P,牧德元富94售04  ,0,0,0,0,0,0,0,0,0,-170000,0,0,0,30000,200000,-170000,-170000
04963P,鴻海元大94售25  ,0,0,0,0,0,0,0,0,0,-170000,0,0,0,0,170000,-170000,-170000
049765,上証2X元富94購01,0,0,0,0,0,0,0,0,0,-170000,0,0,0,40000,210000,-170000,-170000
052942,聯發科中信97購04,0,0,0,0,0,0,0,0,0,-170000,0,0,0,73000,243000,-170000,-170000
05362P,可成富邦97售02  ,0,0,0,0,0,0,0,0,0,-170000,0,0,0,11000,181000,-170000,-170000
2428,興勤            ,45000,182000,-137000,0,0,0,8000,0,8000,-41000,0,0,0,2000,43000,-41000,-170000
051559,宏達電國泰96購01,0,0,0,0,0,0,0,0,0,-171000,0,0,0,10000,181000,-171000,-171000
044666,創意國泰93購01  ,0,0,0,0,0,0,0,0,0,-172000,0,0,0,30000,202000,-172000,-172000
048714,巨大康和94購01  ,0,0,0,0,0,0,0,0,0,-172000,0,0,0,94000,266000,-172000,-172000
052351,中環元富95購01  ,0,0,0,0,0,0,0,0,0,-172000,0,0,0,0,172000,-172000,-172000
2702,華園            ,21000,192000,-171000,0,0,0,0,0,0,-1000,0,1000,-1000,0,0,0,-172000
5243,乙盛-KY         ,253000,418999,-165999,0,0,0,0,0,0,-7000,0,7000,-7000,0,0,0,-172999
048237,致茂國票94購01  ,0,0,0,0,0,0,0,0,0,-173000,0,0,0,371000,544000,-173000,-173000
052878,台虹凱基96購01  ,0,0,0,0,0,0,0,0,0,-173000,0,0,0,50000,223000,-173000,-173000
047395,聯茂元大94購01  ,0,0,0,0,0,0,0,0,0,-174000,0,0,0,71000,245000,-174000,-174000
050142,聯發科元富9A購01,0,0,0,0,0,0,0,0,0,-174000,0,0,0,190000,364000,-174000,-174000
055622,群創國泰99購01  ,0,0,0,0,0,0,0,0,0,-175000,0,0,0,35000,210000,-175000,-175000
051566,鴻海富邦95購05  ,0,0,0,0,0,0,0,0,0,-175000,0,0,0,5000,180000,-175000,-175000
055715,智邦元大97購04  ,0,0,0,0,0,0,0,0,0,-176000,0,0,0,42000,218000,-176000,-176000
052674,智邦國泰98購01  ,0,0,0,0,0,0,0,0,0,-176000,0,0,0,93000,269000,-176000,-176000
2511,太子            ,237000,71000,166000,0,0,0,0,339000,-339000,-4000,0,4000,-4000,0,0,0,-177000
04746P,臺股指元大94售17,0,0,0,0,0,0,0,0,0,-178000,0,0,0,2000,180000,-178000,-178000
051410,京元電國票96購01,0,0,0,0,0,0,0,0,0,-178000,0,0,0,388000,566000,-178000,-178000
054633,臺股指凱基9A購02,0,0,0,0,0,0,0,0,0,-179000,0,0,0,14000,193000,-179000,-179000
3016,嘉晶            ,68000,157000,-89000,0,0,0,12404,0,12404,-103000,0,0,0,16000,119000,-103000,-179596
054015,晶豪科永豐96購03,0,0,0,0,0,0,0,0,0,-180000,0,0,0,5000,185000,-180000,-180000
05820P,臺股指凱基96售17,0,0,0,0,0,0,0,0,0,-180000,0,0,0,0,180000,-180000,-180000
051277,聯發科中信9A購01,0,0,0,0,0,0,0,0,0,-180000,0,0,0,610000,790000,-180000,-180000
052615,鴻海國泰98購01  ,0,0,0,0,0,0,0,0,0,-180000,0,0,0,33000,213000,-180000,-180000
043346,TPK富邦93購01   ,0,0,0,0,0,0,0,0,0,-181000,0,0,0,44000,225000,-181000,-181000
049500,聯茂元大94購04  ,0,0,0,0,0,0,0,0,0,-181000,0,0,0,14000,195000,-181000,-181000
00633L,富邦上証正2     ,31000,1231000,-1200000,0,0,0,0,0,0,1017000,95000,5000,90000,2852000,1925000,927000,-183000
03180P,台灣50元大01售39,0,0,0,0,0,0,0,0,0,-183000,0,0,0,0,183000,-183000,-183000
049284,瑞昱中信94購02  ,0,0,0,0,0,0,0,0,0,-183000,0,0,0,0,183000,-183000,-183000
1319,東陽            ,120000,212000,-92000,0,0,0,0,66000,-66000,-26000,0,26000,-26000,0,0,0,-184000
055744,茂林元富97購02  ,0,0,0,0,0,0,0,0,0,-184000,0,0,0,39000,223000,-184000,-184000
048690,美律群益94購01  ,0,0,0,0,0,0,0,0,0,-184000,0,0,0,18000,202000,-184000,-184000
051174,鴻海凱基95購14  ,0,0,0,0,0,0,0,0,0,-184000,0,0,0,0,184000,-184000,-184000
048715,A50正2永豐94購01,0,0,0,0,0,0,0,0,0,-185000,0,0,0,0,185000,-185000,-185000
046546,義隆永豐92購03  ,0,0,0,0,0,0,0,0,0,-185000,0,0,0,15000,200000,-185000,-185000
053666,臺股指凱基96購29,0,0,0,0,0,0,0,0,0,-185000,0,0,0,10000,195000,-185000,-185000
1440,南紡            ,24000,199000,-175000,0,0,0,0,0,0,-11000,0,11000,-11000,0,0,0,-186000
053969,瑞昱元大97購01  ,0,0,0,0,0,0,0,0,0,-186000,0,0,0,274000,460000,-186000,-186000
055137,GIS富邦98購01   ,0,0,0,0,0,0,0,0,0,-186000,0,0,0,0,186000,-186000,-186000
05903P,聯發科統一96售09,0,0,0,0,0,0,0,0,0,-187000,0,0,0,0,187000,-187000,-187000
06004P,奇力新永豐96售02,0,0,0,0,0,0,0,0,0,-187000,0,0,0,26000,213000,-187000,-187000
049144,瑞昱元大94購03  ,0,0,0,0,0,0,0,0,0,-187000,0,0,0,27000,214000,-187000,-187000
052059,臺股指凱基95購17,0,0,0,0,0,0,0,0,0,-187000,0,0,0,0,187000,-187000,-187000
05437P,聯詠永豐95售02  ,0,0,0,0,0,0,0,0,0,-189000,0,0,0,21000,210000,-189000,-189000
049219,聯發科國票95購01,0,0,0,0,0,0,0,0,0,-189000,0,0,0,128000,317000,-189000,-189000
049823,為升凱基94購04  ,0,0,0,0,0,0,0,0,0,-189000,0,0,0,18000,207000,-189000,-189000
047429,聯茂亞東93購01  ,0,0,0,0,0,0,0,0,0,-189000,0,0,0,48000,237000,-189000,-189000
049324,臺股指凱基94購06,0,0,0,0,0,0,0,0,0,-189000,0,0,0,0,189000,-189000,-189000
053611,聯茂麥證96購01  ,0,0,0,67000,335000,-268000,0,0,0,-189000,0,0,0,182000,371000,-189000,-189000
055724,祥碩元大97購03  ,0,0,0,0,0,0,0,0,0,-190000,0,0,0,65000,255000,-190000,-190000
2206,三陽工業        ,17000,16000,1000,0,0,0,0,188000,-188000,-3000,0,3000,-3000,0,0,0,-190000
054702,智邦第一97購01  ,0,0,0,0,0,0,0,0,0,-191000,0,0,0,92000,283000,-191000,-191000
053061,GIS富邦97購01   ,0,0,0,0,0,0,0,0,0,-192000,0,0,0,0,192000,-192000,-192000
05217P,鴻海統一95售08  ,0,0,0,0,0,0,0,0,0,-192000,0,0,0,0,192000,-192000,-192000
051179,臺股指凱基95購04,0,0,0,0,0,0,0,0,0,-192000,0,0,0,0,192000,-192000,-192000
051618,智邦凱基95購06  ,0,0,0,0,0,0,0,0,0,-192000,0,0,0,67000,259000,-192000,-192000
054208,台積電國票97購07,0,0,0,0,0,0,0,0,0,-193000,0,0,0,40000,233000,-193000,-193000
06150P,奇力新元大97售06,0,0,0,0,0,0,0,0,0,-193000,0,0,0,3000,196000,-193000,-193000
047375,GIS國票93購02   ,0,0,0,0,0,0,0,0,0,-193000,0,0,0,0,193000,-193000,-193000
8150,南茂            ,278000,443000,-165000,0,0,0,0,0,0,-28000,0,8000,-8000,36000,56000,-20000,-193000
055641,鴻海元富97購04  ,0,0,0,0,0,0,0,0,0,-194000,0,0,0,0,194000,-194000,-194000
045387,信邦元大92購01  ,0,0,0,0,0,0,0,0,0,-194000,0,0,0,0,194000,-194000,-194000
00648R,元大S&P500反1   ,0,50000,-50000,0,0,0,0,0,0,-144000,0,0,0,280000,424000,-144000,-194000
050220,台積電元富96購01,0,0,0,0,0,0,0,0,0,-194000,0,0,0,264000,458000,-194000,-194000
049892,國巨富邦96購01  ,0,0,0,0,0,0,0,0,0,-194000,0,0,0,19000,213000,-194000,-194000
055714,智邦元大97購03  ,0,0,0,0,0,0,0,0,0,-196000,0,0,0,39000,235000,-196000,-196000
03844P,康友元富93售03  ,0,0,0,0,0,0,0,0,0,-196000,0,0,0,0,196000,-196000,-196000
04243P,大立光永昌93售08,0,0,0,0,0,0,0,0,0,-196000,0,0,0,36000,232000,-196000,-196000
04868P,可成統一94售03  ,0,0,0,0,0,0,0,0,0,-196000,0,0,0,0,196000,-196000,-196000
052552,智邦國票97購01  ,0,0,0,0,0,0,0,0,0,-196000,0,0,0,90000,286000,-196000,-196000
2547,日勝生          ,8000,196000,-188000,0,0,0,0,0,0,-8000,0,8000,-8000,0,0,0,-196000
055891,鴻海統一9A購01  ,0,0,0,0,0,0,0,0,0,-197000,0,0,0,0,197000,-197000,-197000
048735,美利達麥證95購01,0,0,0,60000,257000,-197000,0,0,0,-197000,0,0,0,60000,257000,-197000,-197000
051825,中環元大95購01  ,0,0,0,0,0,0,0,0,0,-197000,0,0,0,100000,297000,-197000,-197000
6257,矽格            ,259000,351548,-92548,0,0,0,41000,0,41000,-146000,29000,69000,-40000,20000,126000,-106000,-197548
055107,旺宏凱基98購04  ,0,0,0,0,0,0,0,0,0,-198000,0,0,0,40000,238000,-198000,-198000
044254,深中小元大94購01,0,0,0,0,0,0,0,0,0,-198000,0,0,0,202000,400000,-198000,-198000
6239,力成            ,1377826,1395000,-17174,0,0,0,121000,401781,-280781,99000,169000,37000,132000,0,33000,-33000,-198955
055838,致茂元大97購03  ,0,0,0,0,0,0,0,0,0,-199000,0,0,0,0,199000,-199000,-199000
049153,大立光元大96購02,0,0,0,0,0,0,0,0,0,-199000,0,0,0,119000,318000,-199000,-199000
053289,臺股指元大96購17,0,0,0,0,0,0,0,0,0,-199000,0,0,0,1000,200000,-199000,-199000
1102,亞泥            ,1981037,2029000,-47963,0,0,0,3000,280000,-277000,125000,45000,47000,-2000,198000,71000,127000,-199963
055927,南亞科群益97購01,0,0,0,0,0,0,0,0,0,-200000,0,0,0,0,200000,-200000,-200000
054906,神達康和97購01  ,0,0,0,0,0,0,0,0,0,-200000,0,0,0,0,200000,-200000,-200000
053892,景碩群益96購02  ,0,0,0,0,0,0,0,0,0,-200000,0,0,0,4000,204000,-200000,-200000
043961,道瓊反國泰94購01,0,0,0,0,0,0,0,0,0,-200000,0,0,0,0,200000,-200000,-200000
048448,京元電凱基93購05,0,0,0,0,0,0,0,0,0,-200000,0,0,0,0,200000,-200000,-200000
049837,臺股指凱基96購02,0,0,0,0,0,0,0,0,0,-200000,0,0,0,4000,204000,-200000,-200000
050843,富邦金國票96購01,0,0,0,0,0,0,0,0,0,-200000,0,0,0,0,200000,-200000,-200000
050775,TPK元大96購01   ,0,0,0,0,0,0,0,0,0,-200000,0,0,0,0,200000,-200000,-200000
048163,南亞科台新93購01,0,0,0,0,0,0,0,0,0,-200000,0,0,0,0,200000,-200000,-200000
055739,健鼎元富97購01  ,0,0,0,0,0,0,0,0,0,-201000,0,0,0,0,201000,-201000,-201000
055338,GIS兆豐97購01   ,0,0,0,0,0,0,0,0,0,-202000,0,0,0,0,202000,-202000,-202000
050549,慧洋凱基95購01  ,0,0,0,0,0,0,0,0,0,-202000,0,0,0,0,202000,-202000,-202000
052407,樺漢凱基95購01  ,0,0,0,0,0,0,0,0,0,-202000,0,0,0,30000,232000,-202000,-202000
3010,華立            ,78000,324000,-246000,0,0,0,44000,0,44000,0,0,0,0,0,0,0,-202000
04276P,聯發科凱基93售33,0,0,0,0,0,0,0,0,0,-203000,0,0,0,20000,223000,-203000,-203000
05204P,TPK元大95售03   ,0,0,0,0,0,0,0,0,0,-203000,0,0,0,0,203000,-203000,-203000
052006,康友富邦98購01  ,0,0,0,0,0,0,0,0,0,-203000,0,0,0,120000,323000,-203000,-203000
054076,義隆第一96購01  ,0,0,0,0,0,0,0,0,0,-204000,0,0,0,254000,458000,-204000,-204000
049053,可成永豐94購01  ,0,0,0,0,0,0,0,0,0,-204000,0,0,0,200000,404000,-204000,-204000
054053,聯茂元大96購01  ,0,0,0,0,0,0,0,0,0,-205000,0,0,0,236000,441000,-205000,-205000
050460,GIS元大95購03   ,0,0,0,0,0,0,0,0,0,-205000,0,0,0,57000,262000,-205000,-205000
054461,台積電凱基97購09,0,0,0,0,0,0,0,0,0,-206000,0,0,0,94000,300000,-206000,-206000
042724,群創群益93購01  ,0,0,0,0,0,0,0,0,0,-207000,0,0,0,710000,917000,-207000,-207000
5305,敦南            ,84000,291000,-207000,0,0,0,0,0,0,0,0,0,0,0,0,0,-207000
3056,總太            ,26000,317000,-291000,0,0,0,83061,0,83061,0,0,0,0,0,0,0,-207939
05310P,智原永豐95售04  ,0,0,0,0,0,0,0,0,0,-208000,0,0,0,0,208000,-208000,-208000
052913,鴻海元富96購05  ,0,0,0,0,0,0,0,0,0,-208000,0,0,0,393000,601000,-208000,-208000
053881,南亞科中信97購01,0,0,0,0,0,0,0,0,0,-209000,0,0,0,10000,219000,-209000,-209000
05692P,聯發科中信9A售02,0,0,0,0,0,0,0,0,0,-209000,0,0,0,0,209000,-209000,-209000
045213,A50正2元大95購01,0,0,0,0,0,0,0,0,0,-210000,0,0,0,2000,212000,-210000,-210000
048931,晶華永豐94購01  ,0,0,0,0,0,0,0,0,0,-210000,0,0,0,10000,220000,-210000,-210000
052987,華新科元大99購01,0,0,0,0,0,0,0,0,0,-210000,0,0,0,0,210000,-210000,-210000
05776P,鴻海統一98售02  ,0,0,0,0,0,0,0,0,0,-211000,0,0,0,100000,311000,-211000,-211000
05760P,京鼎永豐96售02  ,0,0,0,0,0,0,0,0,0,-212000,0,0,0,0,212000,-212000,-212000
046474,創意永豐92購03  ,0,0,0,0,0,0,0,0,0,-212000,0,0,0,52000,264000,-212000,-212000
00680L,元大美債20正2   ,0,0,0,0,0,0,0,0,0,-212000,0,0,0,0,212000,-212000,-212000
2006,東和鋼鐵        ,33000,160000,-127000,0,0,0,1000,79811,-78811,-7000,0,7000,-7000,0,0,0,-212811
06131P,京鼎元富97售02  ,0,0,0,0,0,0,0,0,0,-213000,0,0,0,0,213000,-213000,-213000
04457P,同欣電統一94售01,0,0,0,0,0,0,0,0,0,-213000,0,0,0,0,213000,-213000,-213000
049116,瑞儀統一94購01  ,0,0,0,0,0,0,0,0,0,-213000,0,0,0,86000,299000,-213000,-213000
3062,建漢            ,36000,247000,-211000,0,0,0,0,0,0,-2000,0,2000,-2000,0,0,0,-213000
044997,信邦國泰93購01  ,0,0,0,0,0,0,0,0,0,-215000,0,0,0,5000,220000,-215000,-215000
052316,台積電元大96購10,0,0,0,0,0,0,0,0,0,-215000,0,0,0,25000,240000,-215000,-215000
050950,健鼎群益96購01  ,0,0,0,0,0,0,0,0,0,-215000,0,0,0,18000,233000,-215000,-215000
8105,凌巨            ,43000,109000,-66000,0,0,0,0,144000,-144000,-7000,0,7000,-7000,0,0,0,-217000
055774,台光電凱基97購02,0,0,0,0,0,0,0,0,0,-218000,0,0,0,35000,253000,-218000,-218000
048260,鴻海元富93購06  ,0,0,0,0,0,0,0,0,0,-218000,0,0,0,0,218000,-218000,-218000
053167,欣興群益96購03  ,0,0,0,0,0,0,0,0,0,-218000,0,0,0,417000,635000,-218000,-218000
5519,隆大            ,66000,284000,-218000,0,0,0,0,0,0,0,0,0,0,0,0,0,-218000
044270,群創中信95購02  ,0,0,0,0,0,0,0,0,0,-219000,0,0,0,12000,231000,-219000,-219000
051700,深中小群益99購04,0,0,0,0,0,0,0,0,0,-219000,0,0,0,2000,221000,-219000,-219000
041452,滬深2X元富93購01,0,0,0,0,0,0,0,0,0,-220000,0,0,0,194000,414000,-220000,-220000
047571,滬深2X群益99購01,0,0,0,0,0,0,0,0,0,-220000,0,0,0,32000,252000,-220000,-220000
053034,上海銀兆豐96購01,0,0,0,0,0,0,0,0,0,-220000,0,0,0,4000,224000,-220000,-220000
054606,台積電永豐97購02,0,0,0,0,0,0,0,0,0,-221000,0,0,0,59000,280000,-221000,-221000
053219,祥碩凱基96購01  ,0,0,0,0,0,0,0,0,0,-221000,0,0,0,296000,517000,-221000,-221000
049052,台積電永豐94購02,0,0,0,0,0,0,0,0,0,-222000,0,0,0,72000,294000,-222000,-222000
04886P,臺股指凱基94售20,0,0,0,0,0,0,0,0,0,-222000,0,0,0,537000,759000,-222000,-222000
044407,聯茂凱基93購01  ,0,0,0,0,0,0,0,0,0,-224000,0,0,0,20000,244000,-224000,-224000
2355,敬鵬            ,54000,212000,-158000,0,0,0,0,0,0,-66000,1000,1000,0,10000,76000,-66000,-224000
055647,義隆元富97購01  ,0,0,0,0,0,0,0,0,0,-225000,0,0,0,128000,353000,-225000,-225000
047965,景碩中信93購01  ,0,0,0,0,0,0,0,0,0,-225000,0,0,0,0,225000,-225000,-225000
053418,旺宏永豐96購02  ,0,0,0,0,0,0,0,0,0,-225000,0,0,0,0,225000,-225000,-225000
052405,聯茂凱基95購01  ,0,0,0,0,0,0,0,0,0,-225000,0,0,0,108000,333000,-225000,-225000
9958,世紀鋼          ,21000,156000,-135000,0,0,0,0,13813,-13813,-77000,4000,4000,0,0,77000,-77000,-225813
05915P,聯發科元大96售19,0,0,0,0,0,0,0,0,0,-226000,0,0,0,137000,363000,-226000,-226000
052707,景碩台新96購01  ,0,0,0,0,0,0,0,0,0,-226000,0,0,0,50000,276000,-226000,-226000
06180P,禾伸堂群益97售01,0,0,0,0,0,0,0,0,0,-227000,0,0,0,19000,246000,-227000,-227000
05526P,茂林群益96售03  ,0,0,0,0,0,0,0,0,0,-227000,0,0,0,378000,605000,-227000,-227000
044974,鴻海國票94購01  ,0,0,0,0,0,0,0,0,0,-227000,0,0,0,1347000,1574000,-227000,-227000
052386,鴻海群益96購02  ,0,0,0,0,0,0,0,0,0,-227000,0,0,0,0,227000,-227000,-227000
01010T,京城樂富R1      ,0,0,0,0,0,0,0,0,0,-228000,0,228000,-228000,0,0,0,-228000
6698,旭暉應材        ,52000,13000,39000,0,0,0,85000,203000,-118000,-149000,0,149000,-149000,0,0,0,-228000
5388,中磊            ,231000,549000,-318000,0,0,0,36000,0,36000,53000,0,4000,-4000,112000,55000,57000,-229000
051513,台積電凱基95購13,0,0,0,0,0,0,0,0,0,-230000,0,0,0,101000,331000,-230000,-230000
056005,臺股指永豐97購04,0,0,0,0,0,0,0,0,0,-231000,0,0,0,0,231000,-231000,-231000
048436,聯茂日盛93購01  ,0,0,0,0,0,0,0,0,0,-231000,0,0,0,48000,279000,-231000,-231000
049325,智邦元富94購02  ,0,0,0,0,0,0,0,0,0,-231000,0,0,0,66000,297000,-231000,-231000
2723,美食-KY         ,34000,254000,-220000,0,0,0,0,3000,-3000,-8000,0,2000,-2000,1000,7000,-6000,-231000
053214,冠德凱基96購02  ,0,0,0,0,0,0,0,0,0,-232000,0,0,0,0,232000,-232000,-232000
00631L,元大台灣50正2   ,0,22000,-22000,0,0,0,0,0,0,-211000,0,0,0,119000,330000,-211000,-233000
048661,瑞昱統一93購05  ,0,0,0,0,0,0,0,0,0,-233000,0,0,0,104000,337000,-233000,-233000
05130P,聯發科統一95售03,0,0,0,0,0,0,0,0,0,-233000,0,0,0,0,233000,-233000,-233000
1313,聯成            ,109000,411000,-302000,0,0,0,71000,0,71000,-3000,0,3000,-3000,0,0,0,-234000
051599,健鼎兆豐95購02  ,0,0,0,0,0,0,0,0,0,-234000,0,0,0,52000,286000,-234000,-234000
050562,瑞昱元富94購02  ,0,0,0,0,0,0,0,0,0,-235000,0,0,0,91000,326000,-235000,-235000
04589P,祥碩永豐94售01  ,0,0,0,0,0,0,0,0,0,-236000,0,0,0,129000,365000,-236000,-236000
03720P,元油2X富邦95售01,0,0,0,0,0,0,0,0,0,-236000,0,0,0,14000,250000,-236000,-236000
050158,上海銀群益96購01,0,0,0,0,0,0,0,0,0,-236000,0,0,0,20000,256000,-236000,-236000
054616,智伸科永豐97購01,0,0,0,0,0,0,0,0,0,-237000,0,0,0,16000,253000,-237000,-237000
053068,智伸科群益96購01,0,0,0,0,0,0,0,0,0,-237000,0,0,0,27000,264000,-237000,-237000
8213,志超            ,34000,299000,-265000,0,0,0,35000,0,35000,-7000,0,7000,-7000,0,0,0,-237000
055053,瑞昱永豐97購01  ,0,0,0,0,0,0,0,0,0,-239000,0,0,0,30000,269000,-239000,-239000
051429,智邦元富95購01  ,0,0,0,0,0,0,0,0,0,-239000,0,0,0,400000,639000,-239000,-239000
051025,晶華統一95購01  ,0,0,0,0,0,0,0,0,0,-239000,0,0,0,15000,254000,-239000,-239000
051751,聯茂富邦95購01  ,0,0,0,0,0,0,0,0,0,-239000,0,0,0,31000,270000,-239000,-239000
055651,富邦金元富97購01,0,0,0,0,0,0,0,0,0,-240000,0,0,0,0,240000,-240000,-240000
046239,中石化中信92購02,0,0,0,0,0,0,0,0,0,-240000,0,0,0,10000,250000,-240000,-240000
050309,亞泥兆豐94購01  ,0,0,0,0,0,0,0,0,0,-241000,0,0,0,217000,458000,-241000,-241000
055059,健和興永豐97購01,0,0,0,0,0,0,0,0,0,-242000,0,0,0,0,242000,-242000,-242000
047431,儒鴻元大93購06  ,0,0,0,0,0,0,0,0,0,-242000,0,0,0,8000,250000,-242000,-242000
05301P,矽力元大95售02  ,0,0,0,0,0,0,0,0,0,-243000,0,0,0,228000,471000,-243000,-243000
047864,信邦康和93購01  ,0,0,0,0,0,0,0,0,0,-244000,0,0,0,35000,279000,-244000,-244000
053332,創意永豐96購03  ,0,0,0,0,0,0,0,0,0,-246000,0,0,0,24000,270000,-246000,-246000
051261,鴻海永昌96購05  ,0,0,0,0,0,0,0,0,0,-248000,0,0,0,160000,408000,-248000,-248000
04273P,上証反凱基99售01,0,0,0,0,0,0,0,0,0,-250000,0,0,0,0,250000,-250000,-250000
050874,康控永豐95購01  ,0,0,0,0,0,0,0,0,0,-250000,0,0,0,0,250000,-250000,-250000
051375,道瓊反群益9A購01,0,0,0,0,0,0,0,0,0,-250000,0,0,0,0,250000,-250000,-250000
05253P,智邦凱基95售08  ,0,0,0,0,0,0,0,0,0,-250000,0,0,0,0,250000,-250000,-250000
047394,合勤控元大93購02,0,0,0,0,0,0,0,0,0,-251000,0,0,0,139000,390000,-251000,-251000
051367,可成富邦97購01  ,0,0,0,0,0,0,0,0,0,-251000,0,0,0,220000,471000,-251000,-251000
050481,泰鼎國票96購01  ,0,0,0,0,0,0,0,0,0,-253000,0,0,0,226000,479000,-253000,-253000
9917,中保科          ,105000,357000,-252000,0,0,0,0,1000,-1000,0,0,0,0,0,0,0,-253000
049910,智邦元大94購04  ,0,0,0,0,0,0,0,0,0,-255000,0,0,0,6000,261000,-255000,-255000
054046,義隆元大96購02  ,0,0,0,0,0,0,0,0,0,-258000,0,0,0,445000,703000,-258000,-258000
049866,景碩兆豐94購01  ,0,0,0,0,0,0,0,0,0,-258000,0,0,0,27000,285000,-258000,-258000
3530,晶相光          ,53000,135000,-82000,0,0,0,2278,0,2278,-179000,0,15000,-15000,6000,170000,-164000,-258722
1305,華夏            ,42000,159000,-117000,0,0,0,0,2000,-2000,-140000,0,130000,-130000,0,10000,-10000,-259000
049364,燿華元大94購02  ,0,0,0,0,0,0,0,0,0,-260000,0,0,0,10000,270000,-260000,-260000
050730,復盛國票94購01  ,0,0,0,0,0,0,0,0,0,-261000,0,0,0,86000,347000,-261000,-261000
054564,玉晶光群益99購01,0,0,0,0,0,0,0,0,0,-262000,0,0,0,45000,307000,-262000,-262000
1409,新纖            ,32000,296000,-264000,0,0,0,0,0,0,0,0,0,0,0,0,0,-264000
04015P,可成元大93售10  ,0,0,0,0,0,0,0,0,0,-264000,0,0,0,0,264000,-264000,-264000
052803,冠德元大96購01  ,0,0,0,0,0,0,0,0,0,-264000,0,0,0,36000,300000,-264000,-264000
053568,智伸科富邦98購01,0,0,0,0,0,0,0,0,0,-264000,0,0,0,36000,300000,-264000,-264000
06007P,世芯永豐96售01  ,0,0,0,0,0,0,0,0,0,-265000,0,0,0,10000,275000,-265000,-265000
051297,台積電凱基95購07,0,0,0,0,0,0,0,0,0,-265000,0,0,0,199000,464000,-265000,-265000
054072,台積電富邦98購02,0,0,0,0,0,0,0,0,0,-266000,0,0,0,321000,587000,-266000,-266000
051300,台光電凱基96購02,0,0,0,0,0,0,0,0,0,-267000,0,0,0,97000,364000,-267000,-267000
051890,智邦元富95購03  ,0,0,0,0,0,0,0,0,0,-267000,0,0,0,0,267000,-267000,-267000
2601,益航            ,51000,168000,-117000,0,0,0,0,139000,-139000,-11000,0,11000,-11000,0,0,0,-267000
00710B,FH彭博高收益債  ,0,0,0,0,0,0,0,0,0,-268000,0,0,0,52000,320000,-268000,-268000
04685P,訊芯元大94售02  ,0,0,0,0,0,0,0,0,0,-268000,0,0,0,0,268000,-268000,-268000
052152,創意富邦98購01  ,0,0,0,0,0,0,0,0,0,-268000,0,0,0,80000,348000,-268000,-268000
053662,矽力凱基97購01  ,0,0,0,0,0,0,0,0,0,-269000,0,0,0,41000,310000,-269000,-269000
048312,致茂凱基93購02  ,0,0,0,0,0,0,0,0,0,-270000,0,0,0,0,270000,-270000,-270000
046473,晶技永豐92購01  ,0,0,0,0,0,0,0,0,0,-271000,0,0,0,175000,446000,-271000,-271000
048422,瑞昱元富96購02  ,0,0,0,0,0,0,0,0,0,-271000,0,0,0,25000,296000,-271000,-271000
052926,旺宏元大98購02  ,0,0,0,0,0,0,0,0,0,-271000,0,0,0,322000,593000,-271000,-271000
054047,富邦金元大97購01,0,0,0,0,0,0,0,0,0,-272000,0,0,0,0,272000,-272000,-272000
08637P,台灣50中信96售03,0,0,0,0,0,0,0,0,0,-272000,0,0,0,129000,401000,-272000,-272000
053083,中環元大99購01  ,0,0,0,0,0,0,0,0,0,-275000,0,0,0,0,275000,-275000,-275000
044798,鴻海凱基93購09  ,0,0,0,0,0,0,0,0,0,-277000,0,0,0,496000,773000,-277000,-277000
08795P,聯發科凱基01售11,0,0,0,0,0,0,0,0,0,-278000,0,0,0,0,278000,-278000,-278000
047559,彩晶凱基94購03  ,0,0,0,0,0,0,0,0,0,-280000,0,0,0,0,280000,-280000,-280000
2520,冠德            ,161000,261000,-100000,0,0,0,0,101000,-101000,-79000,0,0,0,6000,85000,-79000,-280000
9940,信義            ,3000,113000,-110000,0,0,0,0,0,0,-170000,0,170000,-170000,0,0,0,-280000
044052,鴻海元大92購04  ,0,0,0,0,0,0,0,0,0,-281000,0,0,0,10000,291000,-281000,-281000
053114,聯茂兆豐97購01  ,0,0,0,0,0,0,0,0,0,-281000,0,0,0,144000,425000,-281000,-281000
4414,如興            ,118000,402000,-284000,0,0,0,0,0,0,3000,7000,4000,3000,0,0,0,-281000
052000,鈺齊元大95購03  ,0,0,0,0,0,0,0,0,0,-285000,0,0,0,450000,735000,-285000,-285000
044964,旺宏中信94購01  ,0,0,0,0,0,0,0,0,0,-286000,0,0,0,93000,379000,-286000,-286000
053377,台積電元大98購01,0,0,0,0,0,0,0,0,0,-287000,0,0,0,111000,398000,-287000,-287000
1309,台達化          ,24000,138000,-114000,0,0,0,0,172000,-172000,-2000,0,2000,-2000,0,0,0,-288000
05049P,矽創永豐95售01  ,0,0,0,0,0,0,0,0,0,-288000,0,0,0,0,288000,-288000,-288000
05079P,可成永豐95售01  ,0,0,0,0,0,0,0,0,0,-289000,0,0,0,0,289000,-289000,-289000
2812,台中銀          ,92000,354000,-262000,0,0,0,0,25000,-25000,-2000,3000,5000,-2000,0,0,0,-289000
055804,祥碩永豐97購02  ,0,0,0,0,0,0,0,0,0,-291000,0,0,0,31000,322000,-291000,-291000
050037,金融類元大94購03,0,0,0,0,0,0,0,0,0,-293000,0,0,0,7000,300000,-293000,-293000
051912,健鼎元大96購01  ,0,0,0,0,0,0,0,0,0,-295000,0,0,0,6000,301000,-295000,-295000
047412,鴻海永昌93購05  ,0,0,0,0,0,0,0,0,0,-296000,0,0,0,0,296000,-296000,-296000
054261,智伸科元大96購03,0,0,0,0,0,0,0,0,0,-297000,0,0,0,103000,400000,-297000,-297000
045483,智邦第一92購01  ,0,0,0,0,0,0,0,0,0,-298000,0,0,0,30000,328000,-298000,-298000
049932,GIS元大94購03   ,0,0,0,0,0,0,0,0,0,-298000,0,0,0,0,298000,-298000,-298000
054510,S&P反1元大98購01,0,0,0,0,0,0,0,0,0,-299000,0,0,0,0,299000,-299000,-299000
05921P,同欣電元大96售06,0,0,0,0,0,0,0,0,0,-300000,0,0,0,0,300000,-300000,-300000
046805,TPK元大93購05   ,0,0,0,0,0,0,0,0,0,-300000,0,0,0,0,300000,-300000,-300000
04551P,台表科元大94售02,0,0,0,0,0,0,0,0,0,-300000,0,0,0,0,300000,-300000,-300000
04051P,友達中信94售02  ,0,0,0,0,0,0,0,0,0,-300000,0,0,0,0,300000,-300000,-300000
050055,道瓊反凱基95購01,0,0,0,0,0,0,0,0,0,-300000,0,0,0,0,300000,-300000,-300000
049503,矽創元大94購01  ,0,0,0,0,0,0,0,0,0,-300000,0,0,0,0,300000,-300000,-300000
051143,鴻海凱基95購11  ,0,0,0,0,0,0,0,0,0,-300000,0,0,0,157000,457000,-300000,-300000
04608P,晶相光永豐94售02,0,0,0,0,0,0,0,0,0,-301000,0,0,0,133000,434000,-301000,-301000
047678,景碩台新93購01  ,0,0,0,0,0,0,0,0,0,-301000,0,0,0,30000,331000,-301000,-301000
04767P,台積電國泰95售04,0,0,0,0,0,0,0,0,0,-301000,0,0,0,32000,333000,-301000,-301000
050556,道瓊銀統一95購01,0,0,0,0,0,0,0,0,0,-302000,0,0,0,0,302000,-302000,-302000
06066P,群創台新98售01  ,0,0,0,0,0,0,0,0,0,-305000,0,0,0,0,305000,-305000,-305000
051644,聯茂康和95購01  ,0,0,0,0,0,0,0,0,0,-306000,0,0,0,70000,376000,-306000,-306000
1210,大成            ,76000,349000,-273000,0,0,0,14000,0,14000,-48000,0,48000,-48000,0,0,0,-307000
2367,燿華            ,729000,825000,-96000,0,0,0,0,82901,-82901,-129920,0,6000,-6000,12000,135920,-123920,-308821
04122P,瑞昱凱基93售09  ,0,0,0,0,0,0,0,0,0,-310000,0,0,0,0,310000,-310000,-310000
047511,義隆國票93購02  ,0,0,0,0,0,0,0,0,0,-310000,0,0,0,100000,410000,-310000,-310000
4935,茂林-KY         ,311000,556000,-245000,0,0,0,205000,0,205000,-272000,158000,74000,84000,22000,378000,-356000,-312000
053851,鴻海國泰98購03  ,0,0,0,0,0,0,0,0,0,-314000,0,0,0,105000,419000,-314000,-314000
052955,國巨日盛96購01  ,0,0,0,0,0,0,0,0,0,-315000,0,0,0,55000,370000,-315000,-315000
051732,華通國票97購01  ,0,0,0,0,0,0,0,0,0,-317000,0,0,0,90000,407000,-317000,-317000
044970,大毅永豐92購01  ,0,0,0,0,0,0,0,0,0,-318000,0,0,0,36000,354000,-318000,-318000
050298,智伸科凱基94購02,0,0,0,0,0,0,0,0,0,-318000,0,0,0,0,318000,-318000,-318000
047802,滬深2X凱基95購03,0,0,0,0,0,0,0,0,0,-321000,0,0,0,434000,755000,-321000,-321000
051895,聯茂元富95購02  ,0,0,0,0,0,0,0,0,0,-322000,0,0,0,39000,361000,-322000,-322000
1310,台苯            ,198000,562000,-364000,0,0,0,42000,0,42000,-1000,0,1000,-1000,0,0,0,-323000
06320P,上銀統一97售04  ,0,0,0,0,0,0,0,0,0,-325000,0,0,0,0,325000,-325000,-325000
053917,友達國票97購03  ,0,0,0,0,0,0,0,0,0,-326000,0,0,0,160000,486000,-326000,-326000
054112,台積電麥證96購02,0,0,0,30000,360000,-330000,0,0,0,-330000,0,0,0,30000,360000,-330000,-330000
1201,味全            ,38000,302000,-264000,0,0,0,0,61000,-61000,-5000,0,0,0,0,5000,-5000,-330000
043765,GIS元大93購04   ,0,0,0,0,0,0,0,0,0,-332000,0,0,0,20000,352000,-332000,-332000
054450,聯茂第一96購01  ,0,0,0,0,0,0,0,0,0,-333000,0,0,0,148000,481000,-333000,-333000
047183,台光電元大93購05,0,0,0,0,0,0,0,0,0,-334000,0,0,0,0,334000,-334000,-334000
055863,緯穎元大97購05  ,0,0,0,0,0,0,0,0,0,-335000,0,0,0,0,335000,-335000,-335000
052041,鴻海日盛95購02  ,0,0,0,0,0,0,0,0,0,-335000,0,0,0,255000,590000,-335000,-335000
2404,漢唐            ,87000,349000,-262000,0,0,0,8090,57000,-48910,-26000,6000,26000,-20000,27000,33000,-6000,-336910
054682,東元永豐97購01  ,0,0,0,0,0,0,0,0,0,-337000,0,0,0,0,337000,-337000,-337000
053011,鴻海統一98購01  ,0,0,0,0,0,0,0,0,0,-338000,0,0,0,135000,473000,-338000,-338000
050623,致新元大94購05  ,0,0,0,0,0,0,0,0,0,-339000,0,0,0,101000,440000,-339000,-339000
055144,T50反1元大97購03,0,0,0,0,0,0,0,0,0,-340000,0,0,0,550000,890000,-340000,-340000
052518,道瓊反元大95購02,0,0,0,0,0,0,0,0,0,-340000,0,0,0,0,340000,-340000,-340000
055009,合勤控元富97購01,0,0,0,0,0,0,0,0,0,-341000,0,0,0,69000,410000,-341000,-341000
048224,聯發科凱基93購31,0,0,0,0,0,0,0,0,0,-341000,0,0,0,0,341000,-341000,-341000
054088,華新群益98購02  ,0,0,0,0,0,0,0,0,0,-343000,0,0,0,356000,699000,-343000,-343000
04554P,可成中信94售01  ,0,0,0,0,0,0,0,0,0,-343000,0,0,0,0,343000,-343000,-343000
054520,健鼎元大96購02  ,0,0,0,0,0,0,0,0,0,-346000,0,0,0,0,346000,-346000,-346000
053812,台積電群益96購09,0,0,0,0,0,0,0,0,0,-349000,0,0,0,0,349000,-349000,-349000
055928,南亞科群益97購02,0,0,0,0,0,0,0,0,0,-350000,0,0,0,0,350000,-350000,-350000
054942,凱美元大97購02  ,0,0,0,0,0,0,0,0,0,-351000,0,0,0,72000,423000,-351000,-351000
050914,健鼎中信95購01  ,0,0,0,0,0,0,0,0,0,-352000,0,0,0,78000,430000,-352000,-352000
6452,康友-KY         ,54000,382000,-328000,0,0,0,0,0,0,-24000,0,1000,-1000,9000,32000,-23000,-352000
06233P,訊芯永豐97售03  ,0,0,0,0,0,0,0,0,0,-353000,0,0,0,0,353000,-353000,-353000
052591,康友永豐97購01  ,0,0,0,0,0,0,0,0,0,-353000,0,0,0,19000,372000,-353000,-353000
054158,國巨日盛99購01  ,0,0,0,0,0,0,0,0,0,-355000,0,0,0,217000,572000,-355000,-355000
051762,國泰金元大95購01,0,0,0,0,0,0,0,0,0,-355000,0,0,0,10000,365000,-355000,-355000
047438,台光電元大93購06,0,0,0,0,0,0,0,0,0,-356000,0,0,0,97000,453000,-356000,-356000
05175P,TPK富邦99售01   ,0,0,0,0,0,0,0,0,0,-356000,0,0,0,30000,386000,-356000,-356000
4439,冠星-KY         ,1000,357000,-356000,0,0,0,0,0,0,0,0,0,0,0,0,0,-356000
05351P,臺股指元富95售05,0,0,0,0,0,0,0,0,0,-359000,0,0,0,6000,365000,-359000,-359000
055795,茂林國泰98購01  ,0,0,0,0,0,0,0,0,0,-361000,0,0,0,0,361000,-361000,-361000
052182,鴻海群益96購01  ,0,0,0,0,0,0,0,0,0,-361000,0,0,0,85000,446000,-361000,-361000
049846,台泥群益94購01  ,0,0,0,0,0,0,0,0,0,-363000,0,0,0,35000,398000,-363000,-363000
2915,潤泰全          ,130207,387236,-257029,0,0,0,0,164000,-164000,58000,1000,2000,-1000,70000,11000,59000,-363029
4904,遠傳            ,1527535,1869000,-341465,0,0,0,3000,21000,-18000,-4000,0,3000,-3000,15000,16000,-1000,-363465
049197,信邦永豐94購01  ,0,0,0,0,0,0,0,0,0,-364000,0,0,0,0,364000,-364000,-364000
051733,中環國票96購02  ,0,0,0,0,0,0,0,0,0,-365000,0,0,0,310000,675000,-365000,-365000
054893,帆宣統一99購01  ,0,0,0,0,0,0,0,0,0,-367000,0,0,0,0,367000,-367000,-367000
3017,奇鋐            ,592000,885000,-293000,0,0,0,0,7000,-7000,-67000,6000,4000,2000,18000,87000,-69000,-367000
3413,京鼎            ,123000,398000,-275000,0,0,0,51000,0,51000,-144000,163000,107000,56000,14000,214000,-200000,-368000
04061P,臺股指群益93售15,0,0,0,0,0,0,0,0,0,-369000,0,0,0,100000,469000,-369000,-369000
049217,智邦國票95購01  ,0,0,0,0,0,0,0,0,0,-369000,0,0,0,0,369000,-369000,-369000
4564,元翎            ,31000,400000,-369000,0,0,0,0,0,0,-1000,0,0,0,0,1000,-1000,-370000
8163,達方            ,188000,567000,-379000,0,0,0,13000,0,13000,-6000,12000,10000,2000,0,8000,-8000,-372000
051891,智邦元富95購04  ,0,0,0,0,0,0,0,0,0,-373000,0,0,0,55000,428000,-373000,-373000
2633,台灣高鐵        ,613331,466000,147331,0,0,0,4000,150000,-146000,-377000,0,389000,-389000,41000,29000,12000,-375669
051889,智邦元富95購02  ,0,0,0,0,0,0,0,0,0,-377000,0,0,0,145000,522000,-377000,-377000
051068,台積電國票97購01,0,0,0,0,0,0,0,0,0,-378000,0,0,0,560000,938000,-378000,-378000
054586,健鼎國泰99購01  ,0,0,0,0,0,0,0,0,0,-381000,0,0,0,21000,402000,-381000,-381000
054967,神達元大97購01  ,0,0,0,0,0,0,0,0,0,-382000,0,0,0,8000,390000,-382000,-382000
044645,元金2X群益93購01,0,0,0,0,0,0,0,0,0,-382000,0,0,0,0,382000,-382000,-382000
051377,鴻海群益95購07  ,0,0,0,0,0,0,0,0,0,-382000,0,0,0,29000,411000,-382000,-382000
00717,富邦美國特別股  ,0,0,0,0,0,0,0,0,0,-385000,0,0,0,361000,746000,-385000,-385000
055160,玉晶光元大99購03,0,0,0,0,0,0,0,0,0,-386000,0,0,0,192000,578000,-386000,-386000
054239,台郡群益96購02  ,0,0,0,0,0,0,0,0,0,-391000,0,0,0,112000,503000,-391000,-391000
052629,訊芯中信99購01  ,0,0,0,0,0,0,0,0,0,-392000,0,0,0,72000,464000,-392000,-392000
053852,南亞科國泰98購01,0,0,0,0,0,0,0,0,0,-393000,0,0,0,13000,406000,-393000,-393000
052115,T50反1國票95購03,0,0,0,0,0,0,0,0,0,-396000,0,0,0,10000,406000,-396000,-396000
054390,智邦元富96購03  ,0,0,0,0,0,0,0,0,0,-398000,0,0,0,86000,484000,-398000,-398000
03857P,聯發科元富99售02,0,0,0,0,0,0,0,0,0,-399000,0,0,0,4000,403000,-399000,-399000
06286P,世芯國票97售02  ,0,0,0,0,0,0,0,0,0,-400000,0,0,0,20000,420000,-400000,-400000
04001P,聯發科凱基93售15,0,0,0,0,0,0,0,0,0,-400000,0,0,0,0,400000,-400000,-400000
051316,T50反1國票95購02,0,0,0,0,0,0,0,0,0,-400000,0,0,0,0,400000,-400000,-400000
06081P,深中小元大97售02,0,0,0,0,0,0,0,0,0,-406000,0,0,0,294000,700000,-406000,-406000
049021,慧洋群益94購01  ,0,0,0,0,0,0,0,0,0,-407000,0,0,0,0,407000,-407000,-407000
046257,A50正2國票94購01,0,0,0,0,0,0,0,0,0,-408000,0,0,0,72000,480000,-408000,-408000
050978,鴻海元富95購03  ,0,0,0,0,0,0,0,0,0,-408000,0,0,0,22000,430000,-408000,-408000
05205P,緯穎元大95售03  ,0,0,0,0,0,0,0,0,0,-408000,0,0,0,35000,443000,-408000,-408000
049925,創意元大95購02  ,0,0,0,0,0,0,0,0,0,-409000,0,0,0,15000,424000,-409000,-409000
055187,彩晶統一98購01  ,0,0,0,0,0,0,0,0,0,-410000,0,0,0,0,410000,-410000,-410000
055081,健鼎中信97購01  ,0,0,0,0,0,0,0,0,0,-410000,0,0,0,0,410000,-410000,-410000
6271,同欣電          ,352000,755000,-403000,0,0,0,114000,134073,-20073,13000,185000,109000,76000,8000,71000,-63000,-410073
053649,台積電凱基97購05,0,0,0,0,0,0,0,0,0,-412000,0,0,0,230000,642000,-412000,-412000
2637,慧洋-KY         ,532000,824000,-292000,0,0,0,0,135000,-135000,15000,0,5000,-5000,20000,0,20000,-412000
2615,萬海            ,27000,236000,-209000,0,0,0,11000,250000,-239000,35000,50000,15000,35000,0,0,0,-413000
4906,正文            ,197000,247000,-50000,0,0,0,0,140000,-140000,-224000,0,13000,-13000,0,211000,-211000,-414000
2363,矽統            ,67000,465000,-398000,0,0,0,0,0,0,-18000,0,18000,-18000,0,0,0,-416000
053768,S&P反1元大99購01,0,0,0,0,0,0,0,0,0,-419000,0,0,0,0,419000,-419000,-419000
053944,亞泥富邦97購01  ,0,0,0,0,0,0,0,0,0,-420000,0,0,0,0,420000,-420000,-420000
050884,聯茂國泰96購01  ,0,0,0,0,0,0,0,0,0,-420000,0,0,0,85000,505000,-420000,-420000
04310P,京元電統一93售03,0,0,0,0,0,0,0,0,0,-422000,0,0,0,0,422000,-422000,-422000
053945,國巨富邦98購02  ,0,0,0,0,0,0,0,0,0,-424000,0,0,0,93000,517000,-424000,-424000
053860,台積電元大98購03,0,0,0,0,0,0,0,0,0,-424000,0,0,0,372000,796000,-424000,-424000
9945,潤泰新          ,178532,548485,-369953,0,0,0,36000,0,36000,-94000,3000,97000,-94000,0,0,0,-427953
047004,台積電統一99購01,0,0,0,0,0,0,0,0,0,-431000,0,0,0,43000,474000,-431000,-431000
048775,智伸科凱基94購01,0,0,0,0,0,0,0,0,0,-435000,0,0,0,0,435000,-435000,-435000
053563,台積電富邦97購01,0,0,0,0,0,0,0,0,0,-435000,0,0,0,549000,984000,-435000,-435000
054833,京鼎中信97購01  ,0,0,0,0,0,0,0,0,0,-436000,0,0,0,124000,560000,-436000,-436000
051500,聯茂群益95購01  ,0,0,0,0,0,0,0,0,0,-439000,0,0,0,22000,461000,-439000,-439000
054847,創意兆豐97購01  ,0,0,0,0,0,0,0,0,0,-442000,0,0,0,85000,527000,-442000,-442000
050388,鴻海統一94購09  ,0,0,0,0,0,0,0,0,0,-447000,0,0,0,331000,778000,-447000,-447000
6176,瑞儀            ,276000,803000,-527000,0,0,0,2000,0,2000,75000,37000,1000,36000,41000,2000,39000,-450000
047628,新光金國票95購02,0,0,0,0,0,0,0,0,0,-451000,0,0,0,50000,501000,-451000,-451000
053638,信邦永豐96購01  ,0,0,0,0,0,0,0,0,0,-452000,0,0,0,1000,453000,-452000,-452000
052013,台積電永豐95購04,0,0,0,0,0,0,0,0,0,-453000,0,0,0,10000,463000,-453000,-453000
051547,健鼎康和95購01  ,0,0,0,0,0,0,0,0,0,-457000,0,0,0,0,457000,-457000,-457000
052070,GIS兆豐95購03   ,0,0,0,0,0,0,0,0,0,-459000,0,0,0,0,459000,-459000,-459000
3376,新日興          ,288000,1064000,-776000,0,0,0,811000,120000,691000,-374000,28000,99000,-71000,18000,321000,-303000,-459000
052020,聯茂永豐95購02  ,0,0,0,0,0,0,0,0,0,-464000,0,0,0,441000,905000,-464000,-464000
1101,台泥            ,1865097,3572103,-1707006,0,0,0,3000,5000,-2000,1242000,1365000,10000,1355000,213000,326000,-113000,-467006
1301,台塑            ,1554694,2036000,-481306,0,0,0,45000,68000,-23000,37000,1000,2000,-1000,53000,15000,38000,-467306
6196,帆宣            ,187000,536000,-349000,0,0,0,0,186000,-186000,67000,15000,0,15000,73000,21000,52000,-468000
050849,智伸科國票95購01,0,0,0,0,0,0,0,0,0,-477000,0,0,0,8000,485000,-477000,-477000
043671,GIS元大93購03   ,0,0,0,0,0,0,0,0,0,-480000,0,0,0,20000,500000,-480000,-480000
051280,台積電兆豐95購04,0,0,0,0,0,0,0,0,0,-480000,0,0,0,230000,710000,-480000,-480000
054454,滬深2X群益96購04,0,0,0,0,0,0,0,0,0,-482000,0,0,0,18000,500000,-482000,-482000
052559,茂林國票97購01  ,0,0,0,0,0,0,0,0,0,-482000,0,0,0,13000,495000,-482000,-482000
051549,健鼎永豐95購01  ,0,0,0,0,0,0,0,0,0,-483000,0,0,0,0,483000,-483000,-483000
2845,遠東銀          ,87000,233191,-146191,0,0,0,4000,336232,-332232,-6000,0,6000,-6000,0,0,0,-484423
050636,上証2X國票94購01,0,0,0,0,0,0,0,0,0,-486000,0,0,0,691000,1177000,-486000,-486000
054534,台積電富邦98購03,0,0,0,0,0,0,0,0,0,-493000,0,0,0,133000,626000,-493000,-493000
054354,技嘉富邦97購01  ,0,0,0,0,0,0,0,0,0,-494000,0,0,0,282000,776000,-494000,-494000
00669R,國泰美國道瓊反1 ,0,0,0,0,0,0,0,0,0,-497000,0,0,0,834000,1331000,-497000,-497000
00646,元大S&P500      ,0,0,0,0,0,0,0,0,0,-499000,0,0,0,2000,501000,-499000,-499000
03967P,聯發科國票93售04,0,0,0,0,0,0,0,0,0,-499000,0,0,0,0,499000,-499000,-499000
044476,元油2X統一91購01,0,0,0,0,0,0,0,0,0,-499000,0,0,0,0,499000,-499000,-499000
046599,S&P反1群益93購01,0,0,0,0,0,0,0,0,0,-499000,0,0,0,0,499000,-499000,-499000
052198,鴻海統一95購10  ,0,0,0,0,0,0,0,0,0,-499000,0,0,0,0,499000,-499000,-499000
050490,上証2X國泰95購01,0,0,0,0,0,0,0,0,0,-500000,0,0,0,7000,507000,-500000,-500000
052526,智伸科元大96購02,0,0,0,0,0,0,0,0,0,-500000,0,0,0,161000,661000,-500000,-500000
052871,群創凱基98購07  ,0,0,0,0,0,0,0,0,0,-502000,0,0,0,407000,909000,-502000,-502000
054218,S&P反1統一98購02,0,0,0,0,0,0,0,0,0,-503000,0,0,0,0,503000,-503000,-503000
047584,元金2X永豐95購01,0,0,0,0,0,0,0,0,0,-505000,0,0,0,0,505000,-505000,-505000
050098,嘉聯益國泰95購02,0,0,0,0,0,0,0,0,0,-505000,0,0,0,9000,514000,-505000,-505000
052793,健鼎兆豐96購01  ,0,0,0,0,0,0,0,0,0,-507000,0,0,0,0,507000,-507000,-507000
6166,凌華            ,197000,774000,-577000,0,0,0,0,2000,-2000,72000,0,7000,-7000,79000,0,79000,-507000
044864,道瓊反國票96購01,0,0,0,0,0,0,0,0,0,-510000,0,0,0,0,510000,-510000,-510000
049241,智邦元富94購01  ,0,0,0,0,0,0,0,0,0,-510000,0,0,0,0,510000,-510000,-510000
8039,台虹            ,548000,1343000,-795000,0,0,0,0,0,0,284000,325000,3000,322000,14000,52000,-38000,-511000
00655L,國泰中國A50正2  ,10000,0,10000,0,0,0,0,0,0,-522000,0,0,0,945000,1467000,-522000,-512000
06029P,聯發科台新96售02,0,0,0,0,0,0,0,0,0,-516000,0,0,0,25000,541000,-516000,-516000
3533,嘉澤            ,268000,712000,-444000,0,0,0,25708,35000,-9292,-64000,25000,18000,7000,16000,87000,-71000,-517292
052823,創意永豐96購02  ,0,0,0,0,0,0,0,0,0,-518000,0,0,0,43000,561000,-518000,-518000
1464,得力            ,71000,576000,-505000,0,0,0,93000,0,93000,-108000,0,3000,-3000,0,105000,-105000,-520000
04219P,鴻海兆豐93售02  ,0,0,0,0,0,0,0,0,0,-521000,0,0,0,0,521000,-521000,-521000
2349,錸德            ,105000,629000,-524000,0,0,0,0,0,0,0,0,0,0,0,0,0,-524000
8422,可寧衛          ,12000,543000,-531000,0,0,0,7000,0,7000,-1000,0,1000,-1000,0,0,0,-525000
1216,統一            ,4116854,4615000,-498146,0,0,0,6000,10000,-4000,-24000,0,15000,-15000,47000,56000,-9000,-526146
05966P,矽力凱基96售03  ,0,0,0,0,0,0,0,0,0,-528000,0,0,0,103000,631000,-528000,-528000
054769,創意國票98購01  ,0,0,0,0,0,0,0,0,0,-531000,0,0,0,0,531000,-531000,-531000
051396,健鼎兆豐95購01  ,0,0,0,0,0,0,0,0,0,-537000,0,0,0,110000,647000,-537000,-537000
8016,矽創            ,201000,539000,-338000,0,0,0,0,174000,-174000,-25000,0,1000,-1000,6000,30000,-24000,-537000
04690P,國巨群益94售06  ,0,0,0,0,0,0,0,0,0,-539000,0,0,0,160000,699000,-539000,-539000
051260,鴻海永昌96購04  ,0,0,0,0,0,0,0,0,0,-543000,0,0,0,3280000,3823000,-543000,-543000
055148,鴻海元大98購02  ,0,0,0,0,0,0,0,0,0,-554000,0,0,0,110000,664000,-554000,-554000
049973,T50反1日盛9A購01,0,0,0,0,0,0,0,0,0,-554000,0,0,0,25000,579000,-554000,-554000
9904,寶成            ,1170531,1675000,-504469,0,0,0,3000,4000,-1000,-53000,0,8000,-8000,27000,72000,-45000,-558469
04930P,國巨統一94售08  ,0,0,0,0,0,0,0,0,0,-563000,0,0,0,130000,693000,-563000,-563000
047206,元金2X國泰94購01,0,0,0,0,0,0,0,0,0,-569000,0,0,0,50000,619000,-569000,-569000
051268,創意富邦97購01  ,0,0,0,0,0,0,0,0,0,-569000,0,0,0,101000,670000,-569000,-569000
2801,彰銀            ,1443315,2108326,-665011,0,0,0,31000,0,31000,58000,0,3000,-3000,61000,0,61000,-576011
2405,浩鑫            ,56000,633000,-577000,0,0,0,0,0,0,0,0,0,0,0,0,0,-577000
052504,鴻海日盛95購03  ,0,0,0,0,0,0,0,0,0,-583000,0,0,0,43000,626000,-583000,-583000
054983,國巨元富97購04  ,0,0,0,0,0,0,0,0,0,-587000,0,0,0,145000,732000,-587000,-587000
055451,台積電元富97購02,0,0,0,0,0,0,0,0,0,-588000,0,0,0,237000,825000,-588000,-588000
054556,世芯凱基99購01  ,0,0,0,0,0,0,0,0,0,-590000,0,0,0,86000,676000,-590000,-590000
055065,神達永豐97購01  ,0,0,0,0,0,0,0,0,0,-591000,0,0,0,10000,601000,-591000,-591000
046745,國喬凱基93購01  ,0,0,0,0,0,0,0,0,0,-600000,0,0,0,0,600000,-600000,-600000
049371,可成元大94購04  ,0,0,0,0,0,0,0,0,0,-603000,0,0,0,140000,743000,-603000,-603000
6505,台塑化          ,500622,1098366,-597744,0,0,0,40000,33000,7000,-14000,11000,39000,-28000,14000,0,14000,-604744
043026,康友元大92購01  ,0,0,0,0,0,0,0,0,0,-610000,0,0,0,190000,800000,-610000,-610000
00771,元大US高息特別股,0,0,0,0,0,0,0,0,0,-613000,0,0,0,21000,634000,-613000,-613000
052807,貿聯元大98購01  ,0,0,0,0,0,0,0,0,0,-615000,0,0,0,4000,619000,-615000,-615000
051888,國巨元富95購05  ,0,0,0,0,0,0,0,0,0,-618000,0,0,0,122000,740000,-618000,-618000
051153,鴻海國泰97購02  ,0,0,0,0,0,0,0,0,0,-619000,0,0,0,340000,959000,-619000,-619000
051573,鴻海元大95購15  ,0,0,0,0,0,0,0,0,0,-622000,0,0,0,124000,746000,-622000,-622000
4915,致伸            ,415000,1035000,-620000,0,0,0,0,3000,-3000,1000,0,7000,-7000,34000,26000,8000,-622000
1795,美時            ,99000,691000,-592000,0,0,0,0,37000,-37000,-1000,1000,2000,-1000,0,0,0,-630000
2406,國碩            ,18000,650000,-632000,0,0,0,0,0,0,0,0,0,0,0,0,0,-632000
6230,超眾            ,128000,505000,-377000,0,0,0,6692,230000,-223308,-39000,0,0,0,4000,43000,-39000,-639308
051473,台積電凱基95購10,20000,0,20000,0,0,0,0,0,0,-665000,0,0,0,330000,995000,-665000,-645000
00642U,元大S&P石油     ,0,419000,-419000,0,0,0,0,0,0,-230000,0,0,0,26000,256000,-230000,-649000
054054,光磊國票97購02  ,0,0,0,0,0,0,0,0,0,-650000,0,0,0,3033000,3683000,-650000,-650000
05035P,聯發科元大95售06,0,0,0,0,0,0,0,0,0,-651000,0,0,0,787000,1438000,-651000,-651000
06101P,聯發科日盛97售03,0,0,0,0,0,0,0,0,0,-655000,0,0,0,16000,671000,-655000,-655000
052296,TPK國票96購01   ,0,0,0,0,0,0,0,0,0,-657000,0,0,0,23000,680000,-657000,-657000
2618,長榮航          ,1926773,2325364,-398591,0,0,0,5000,161065,-156065,-107000,9000,122000,-113000,6000,0,6000,-661656
047724,智邦群益93購03  ,0,0,0,0,0,0,0,0,0,-664000,0,0,0,20000,684000,-664000,-664000
052131,台積電凱基96購01,0,0,0,0,0,0,0,0,0,-674000,0,0,0,3000,677000,-674000,-674000
053439,台積電凱基96購11,0,0,0,0,0,0,0,0,0,-678000,0,0,0,140000,818000,-678000,-678000
053248,智伸科國票97購01,0,0,0,0,0,0,0,0,0,-690000,0,0,0,6000,696000,-690000,-690000
051188,鴻海兆豐95購01  ,0,0,0,0,0,0,0,0,0,-698000,0,0,0,202000,900000,-698000,-698000
044457,滬深2X國票97購01,0,0,0,0,0,0,0,0,0,-701000,0,0,0,0,701000,-701000,-701000
3576,聯合再生        ,155000,870000,-715000,0,0,0,0,0,0,0,0,0,0,0,0,0,-715000
3034,聯詠            ,1218009,1896000,-677991,0,0,0,1000,45000,-44000,6000,21000,28000,-7000,22000,9000,13000,-715991
055039,神達富邦99購01  ,2000,0,2000,0,0,0,0,0,0,-782000,0,0,0,205000,987000,-782000,-780000
3661,世芯-KY         ,1500000,1787990,-287990,0,0,0,46000,25000,21000,-528000,126000,527000,-401000,26000,153000,-127000,-794990
03841P,聯發科統一93售02,0,0,0,0,0,0,0,0,0,-799000,0,0,0,0,799000,-799000,-799000
1326,台化            ,856003,1301202,-445199,0,0,0,5000,390440,-385440,31000,0,15000,-15000,70000,24000,46000,-799639
047950,滬深2X永豐94購02,0,0,0,0,0,0,0,0,0,-809000,0,0,0,30000,839000,-809000,-809000
00850,元大臺灣ESG永續 ,0,0,0,0,0,0,0,0,0,-810000,0,0,0,209000,1019000,-810000,-810000
053657,元大金凱基96購01,0,0,0,0,0,0,0,0,0,-814000,0,0,0,0,814000,-814000,-814000
055239,帆宣台新97購01  ,0,0,0,0,0,0,0,0,0,-859000,0,0,0,91000,950000,-859000,-859000
051156,鴻海富邦97購01  ,0,0,0,0,0,0,0,0,0,-860000,0,0,0,640000,1500000,-860000,-860000
3406,玉晶光          ,313000,1129713,-816713,0,0,0,14713,12000,2713,-46000,66000,92000,-26000,6000,26000,-20000,-860000
05287P,鴻海元富95售09  ,0,0,0,0,0,0,0,0,0,-866000,0,0,0,37000,903000,-866000,-866000
3673,TPK-KY          ,130000,906000,-776000,0,0,0,0,45000,-45000,-47000,6000,46000,-40000,24000,31000,-7000,-868000
00692,富邦公司治理    ,0,0,0,0,0,0,0,0,0,-873000,0,0,0,906000,1779000,-873000,-873000
04939P,國巨國票95售03  ,0,0,0,0,0,0,0,0,0,-881000,0,0,0,0,881000,-881000,-881000
2393,億光            ,522000,1012000,-490000,0,0,0,0,0,0,-391000,26000,148000,-122000,5000,274000,-269000,-881000
2377,微星            ,1636088,2781000,-1144912,0,0,0,365000,106632,258368,2000,71000,64000,7000,111000,116000,-5000,-884544
020000,富邦特選蘋果N   ,0,0,0,0,0,0,0,0,0,-896000,0,0,0,46000,942000,-896000,-896000
2369,菱生            ,481000,1382000,-901000,0,0,0,0,0,0,-4000,0,4000,-4000,0,0,0,-905000
06226P,聯發科麥證97售03,0,0,0,0,907000,-907000,0,0,0,-907000,0,0,0,0,907000,-907000,-907000
055798,聯茂富邦98購01  ,0,0,0,0,0,0,0,0,0,-939000,0,0,0,178000,1117000,-939000,-939000
6278,台表科          ,184000,1250000,-1066000,0,0,0,0,34000,-34000,111000,157000,43000,114000,11000,14000,-3000,-989000
053686,台積電元大97購08,0,0,0,0,0,0,0,0,0,-991000,0,0,0,186000,1177000,-991000,-991000
3704,合勤控          ,387000,1360000,-973000,0,0,0,0,168000,-168000,144000,0,36000,-36000,210000,30000,180000,-997000
6451,訊芯-KY         ,76000,1128000,-1052000,0,0,0,38362,0,38362,-4000,44000,10000,34000,6000,44000,-38000,-1017638
048178,上銀富邦95購02  ,0,0,0,0,0,0,0,0,0,-1020000,0,0,0,218000,1238000,-1020000,-1020000
051259,鴻海永昌96購03  ,0,0,0,0,0,0,0,0,0,-1030000,0,0,0,2531000,3561000,-1030000,-1030000
052499,合勤控永豐95購01,0,0,0,0,0,0,0,0,0,-1055000,0,0,0,26000,1081000,-1055000,-1055000
051056,華新科群益95購03,0,0,0,0,0,0,0,0,0,-1125000,0,0,0,480000,1605000,-1125000,-1125000
051614,元金2X凱基97購01,0,0,0,0,0,0,0,0,0,-1206000,0,0,0,22000,1228000,-1206000,-1206000
047421,聯茂富邦97購01  ,0,0,0,0,0,0,0,0,0,-1230000,0,0,0,571000,1801000,-1230000,-1230000
3026,禾伸堂          ,107000,1208000,-1101000,0,0,0,0,0,0,-166000,21000,24000,-3000,0,163000,-163000,-1267000
05163P,聯發科統一96售02,0,0,0,0,0,0,0,0,0,-1341000,0,0,0,32000,1373000,-1341000,-1341000
2603,長榮            ,1209067,3024929,-1815862,0,0,0,216000,0,216000,243000,250000,7000,243000,0,0,0,-1356862
054713,國巨中信9B購01  ,0,0,0,0,0,0,0,0,0,-1366000,0,0,0,626000,1992000,-1366000,-1366000
2883,開發金          ,5289786,6863000,-1573214,0,0,0,17000,0,17000,176000,211000,0,211000,137000,172000,-35000,-1380214
4938,和碩            ,2505037,4023000,-1517963,0,0,0,19000,0,19000,73000,5000,5000,0,103000,30000,73000,-1425963
06161P,聯發科群益97售03,0,0,0,0,0,0,0,0,0,-1439000,0,0,0,0,1439000,-1439000,-1439000
047901,復盛群益93購01  ,0,0,0,0,0,0,0,0,0,-1456000,0,0,0,27000,1483000,-1456000,-1456000
05959P,聯發科國票98售01,0,0,0,0,0,0,0,0,0,-1506000,0,0,0,0,1506000,-1506000,-1506000
2456,奇力新          ,469000,1656000,-1187000,0,0,0,164000,20273,143727,-473315,151000,286000,-135000,26000,364315,-338315,-1516588
1402,遠東新          ,2135111,3740000,-1604889,0,0,0,6000,7000,-1000,8000,0,6000,-6000,38000,24000,14000,-1597889
3019,亞光            ,269000,2013000,-1744000,0,0,0,34546,9000,25546,-115000,2000,56000,-54000,1000,62000,-61000,-1833454
2610,華航            ,1130244,2899000,-1768756,0,0,0,9000,80000,-71000,-30000,0,30000,-30000,0,0,0,-1869756
047759,復盛元富93購01  ,0,0,0,0,0,0,0,0,0,-1876000,0,0,0,8000,1884000,-1876000,-1876000
2492,華新科          ,765619,2541919,-1776300,0,0,0,56000,148842,-92842,-80000,90000,197000,-107000,82000,55000,27000,-1949142
2327,國巨            ,505246,2354000,-1848754,0,0,0,55000,98835,-43835,-65000,194000,232000,-38000,71000,98000,-27000,-1957589
1513,中興電          ,90000,1982000,-1892000,0,0,0,49000,95000,-46000,-64000,0,64000,-64000,0,0,0,-2002000
052150,台積電富邦95購07,4000,0,4000,0,0,0,0,0,0,-2230000,0,0,0,1510000,3740000,-2230000,-2226000
052225,台積電凱基96購03,0,0,0,0,0,0,0,0,0,-2329000,0,0,0,499000,2828000,-2329000,-2329000
2408,南亞科          ,2292117,3895000,-1602883,0,0,0,84000,878000,-794000,57000,199000,109000,90000,120000,153000,-33000,-2339883
055694,光罩國票98購01  ,0,0,0,0,0,0,0,0,0,-2479000,0,0,0,11000,2490000,-2479000,-2479000
2449,京元電子        ,1247694,2873165,-1625471,0,0,0,45000,732000,-687000,-242000,40000,24000,16000,88000,346000,-258000,-2554471
2356,英業達          ,3391422,6110000,-2718578,0,0,0,4000,0,4000,47000,2000,65000,-63000,169000,59000,110000,-2667578
00672L,元大S&P原油正2  ,1811000,2701000,-890000,0,0,0,0,0,0,-2347000,0,0,0,3819000,6166000,-2347000,-3237000
2888,新光金          ,4395719,8140000,-3744281,0,0,0,104000,0,104000,-88000,0,27000,-27000,142000,203000,-61000,-3728281
00708L,元大S&P黃金正2  ,10000,533000,-523000,0,0,0,0,0,0,-3287000,0,0,0,537000,3824000,-3287000,-3810000
00701,國泰股利精選30  ,0,504000,-504000,0,0,0,0,0,0,-3571000,0,0,0,1545000,5116000,-3571000,-4075000
2344,華邦電          ,2892923,6712956,-3820033,0,0,0,425691,253000,172691,-774000,276000,808000,-532000,18000,260000,-242000,-4421342
0056,元大高股息      ,10000,2000,8000,0,0,0,0,0,0,-4838000,35000,0,35000,0,4873000,-4873000,-4830000
0050,元大台灣50      ,4000,3490000,-3486000,0,0,0,71000,0,71000,-1474000,201000,659000,-458000,1608000,2624000,-1016000,-4889000
2303,聯電            ,13361675,19895000,-6533325,0,0,0,1430000,762000,668000,-201000,83000,46000,37000,113000,351000,-238000,-6066325
053856,台積電富邦98購01,0,0,0,0,0,0,0,0,0,-6446000,0,0,0,567000,7013000,-6446000,-6446000
020012,富邦行動通訊N   ,0,0,0,0,0,0,0,0,0,-7349000,0,0,0,183000,7532000,-7349000,-7349000
053564,台積電富邦99購01,20000,0,20000,0,0,0,0,0,0,-7840000,0,0,0,1153000,8993000,-7840000,-7820000
00637L,元大滬深300正2  ,196000,8551000,-8355000,0,0,0,25000,0,25000,253000,1500000,0,1500000,23070000,24317000,-1247000,-8077000
2330,台積電          ,22277602,40046989,-17769387,0,0,0,102000,1379000,-1277000,33000,443000,892000,-449000,1218000,736000,482000,-19013387
2337,旺宏            ,4462000,27007182,-22545182,0,0,0,1048000,324675,723325,-399000,526000,518000,8000,149000,556000,-407000,-22220857
1314,中石化          ,11878000,68608000,-56730000,0,0,0,3000,0,3000,757000,100000,0,100000,801000,144000,657000,-55970000
