證券代號,證券名稱,外陸資買進股數(不含外資自營商),外陸資賣出股數(不含外資自營商),外陸資買賣超股數(不含外資自營商),外資自營商買進股數,外資自營商賣出股數,外資自營商買賣超股數,投信買進股數,投信賣出股數,投信買賣超股數,自營商買賣超股數,自營商買進股數(自行買賣),自營商賣出股數(自行買賣),自營商買賣超股數(自行買賣),自營商買進股數(避險),自營商賣出股數(避險),自營商買賣超股數(避險),三大法人買賣超股數
3481,群創            ,56017000,11622000,44395000,0,0,0,1666000,0,1666000,5523000,93000,84000,9000,6295000,781000,5514000,51584000
2303,聯電            ,41836000,20845046,20990954,0,0,0,5703000,159000,5544000,4081000,527000,990000,-463000,4982000,438000,4544000,30615954
00852L,國泰美國道瓊正2 ,4839000,97000,4742000,0,0,0,0,0,0,13354000,0,0,0,15399000,2045000,13354000,18096000
2317,鴻海            ,22461019,10495607,11965412,0,0,0,0,374000,-374000,3928000,975000,157000,818000,3126000,16000,3110000,15519412
2885,元大金          ,19981199,6246282,13734917,0,0,0,0,33000,-33000,-152000,319000,700000,-381000,241000,12000,229000,13549917
2337,旺宏            ,11041000,1419000,9622000,0,0,0,0,0,0,1463000,572000,6000,566000,962000,65000,897000,11085000
2408,南亞科          ,16551015,8797227,7753788,0,0,0,443000,4000,439000,1932000,234000,108000,126000,1862000,56000,1806000,10124788
5880,合庫金          ,11734551,2999482,8735069,0,0,0,0,30000,-30000,-1000,1000,2000,-1000,0,0,0,8704069
00876,元大未來關鍵科技,5000,4000,1000,0,0,0,0,0,0,8647000,0,0,0,8654000,7000,8647000,8648000
0050,元大台灣50      ,6196031,494000,5702031,0,0,0,0,32000,-32000,2464000,309000,163000,146000,3716000,1398000,2318000,8134031
2344,華邦電          ,12176000,5387427,6788573,0,0,0,0,3000,-3000,1128000,389000,428000,-39000,1238000,71000,1167000,7913573
3017,奇鋐            ,9606000,3681000,5925000,0,0,0,646000,0,646000,899000,292000,95000,197000,1382000,680000,702000,7470000
2368,金像電          ,14896000,11167000,3729000,0,0,0,1088000,0,1088000,2305000,1291000,99000,1192000,1949000,836000,1113000,7122000
2324,仁寶            ,11006000,8153722,2852278,0,0,0,3331000,12000,3319000,435000,786000,250000,536000,100000,201000,-101000,6606278
4904,遠傳            ,2757000,974000,1783000,0,0,0,4123000,6000,4117000,85000,89000,2000,87000,0,2000,-2000,5985000
2882,國泰金          ,9186025,3431796,5754229,0,0,0,264000,29000,235000,-37000,0,0,0,68000,105000,-37000,5952229
00861,元大全球未來通訊,2157000,0,2157000,0,0,0,0,0,0,3690000,0,0,0,3778000,88000,3690000,5847000
00738U,元大道瓊白銀    ,860000,0,860000,0,0,0,0,0,0,4902000,0,0,0,5252000,350000,4902000,5762000
2884,玉山金          ,14564000,9106209,5457791,0,0,0,0,349000,-349000,456000,176000,0,176000,291000,11000,280000,5564791
2888,新光金          ,10359000,6267643,4091357,0,0,0,0,35000,-35000,1494000,58000,0,58000,1749000,313000,1436000,5550357
059091,中信金元大99購01,0,0,0,0,0,0,0,0,0,5144000,0,0,0,5244000,100000,5144000,5144000
2330,台積電          ,25686136,20824543,4861593,0,0,0,89000,479500,-390500,576000,311000,307000,4000,709000,137000,572000,5047093
2883,開發金          ,9267000,5569151,3697849,0,0,0,1332000,42000,1290000,30000,42000,0,42000,10000,22000,-12000,5017849
00637L,元大滬深300正2  ,18212000,16374000,1838000,0,0,0,0,0,0,3067000,1089000,600000,489000,34491000,31913000,2578000,4905000
2481,強茂            ,4648000,703000,3945000,0,0,0,0,130000,-130000,491000,40000,0,40000,460000,9000,451000,4306000
2887,台新金          ,8757140,4562601,4194539,0,0,0,0,31000,-31000,-97000,0,2000,-2000,0,95000,-95000,4066539
3231,緯創            ,11739000,8369642,3369358,0,0,0,407000,76000,331000,247000,28000,58000,-30000,572000,295000,277000,3947358
064918,中信金統一02購01,0,0,0,0,0,0,0,0,0,3349000,0,0,0,3482000,133000,3349000,3349000
0056,元大高股息      ,49000,50000,-1000,0,0,0,0,0,0,3273000,0,0,0,3273000,0,3273000,3272000
1434,福懋            ,8792000,636000,8156000,0,0,0,0,4000,-4000,-4939000,9000,744000,-735000,0,4204000,-4204000,3213000
00850,元大臺灣ESG永續 ,0,12000,-12000,0,0,0,0,0,0,3221000,0,0,0,3425000,204000,3221000,3209000
2108,南帝            ,3484000,250000,3234000,0,0,0,0,0,0,-86000,50000,120000,-70000,28000,44000,-16000,3148000
00692,富邦公司治理    ,7000,12000,-5000,0,0,0,0,0,0,2988000,0,0,0,3994000,1006000,2988000,2983000
2301,光寶科          ,5485000,2879768,2605232,0,0,0,326000,5000,321000,-84000,14000,18000,-4000,24000,104000,-80000,2842232
6456,GIS-KY          ,2380000,596000,1784000,0,0,0,168000,0,168000,857000,169000,2000,167000,702000,12000,690000,2809000
00669R,國泰美國道瓊反1 ,1204000,423000,781000,0,0,0,0,0,0,1936000,0,0,0,4767000,2831000,1936000,2717000
2881,富邦金          ,6091025,3958269,2132756,0,0,0,258000,23000,235000,221000,6000,0,6000,257000,42000,215000,2588756
1312,國喬            ,3110000,555000,2555000,0,0,0,0,0,0,8000,2000,2000,0,12000,4000,8000,2563000
0061,元大寶滬深      ,975000,34000,941000,0,0,0,0,0,0,1596000,690000,0,690000,1345000,439000,906000,2537000
6251,定穎            ,3156000,827599,2328401,0,0,0,0,617,-617,33000,33000,0,33000,0,0,0,2360784
3706,神達            ,1959200,2264000,-304800,0,0,0,0,0,0,2615000,746000,26000,720000,2053000,158000,1895000,2310200
055810,T50反1國票99購01,0,0,0,0,0,0,0,0,0,2269000,0,0,0,2269000,0,2269000,2269000
2890,永豐金          ,10041000,5988203,4052797,0,0,0,896000,2232000,-1336000,-497000,3000,500000,-497000,0,0,0,2219797
1515,力山            ,2648000,857000,1791000,0,0,0,0,46000,-46000,444000,112000,85000,27000,447000,30000,417000,2189000
6257,矽格            ,2279000,1517000,762000,0,0,0,1032000,0,1032000,372000,270000,572000,-302000,779000,105000,674000,2166000
8213,志超            ,1951000,167000,1784000,0,0,0,0,0,0,260000,44000,0,44000,216000,0,216000,2044000
2356,英業達          ,3575000,6740858,-3165858,0,0,0,5460000,10000,5450000,-242000,307000,538000,-231000,176000,187000,-11000,2042142
1210,大成            ,1949000,524000,1425000,0,0,0,233000,0,233000,218000,138000,0,138000,85000,5000,80000,1876000
006205,富邦上証        ,781000,141000,640000,0,0,0,0,1000000,-1000000,2220000,30000,60000,-30000,3490000,1240000,2250000,1860000
2614,東森            ,2454000,1028000,1426000,0,0,0,0,0,0,418000,3000,0,3000,415000,0,415000,1844000
053564,台積電富邦99購01,0,0,0,0,0,0,0,0,0,1819000,0,0,0,1819000,0,1819000,1819000
1402,遠東新          ,2662005,1442000,1220005,0,0,0,0,13000,-13000,611000,531000,160000,371000,264000,24000,240000,1818005
3711,日月光投控      ,7481000,5262000,2219000,0,0,0,0,110000,-110000,-301000,74000,34000,40000,13000,354000,-341000,1808000
063209,巨大統一01購01  ,0,0,0,0,0,0,0,0,0,1773000,0,0,0,1871000,98000,1773000,1773000
2353,宏碁            ,3704000,2016324,1687676,0,0,0,0,7000,-7000,63000,18000,4000,14000,134000,85000,49000,1743676
2323,中環            ,2822000,1143000,1679000,0,0,0,0,0,0,61000,17000,20000,-3000,148000,84000,64000,1740000
2316,楠梓電          ,2012000,194000,1818000,0,0,0,0,0,0,-114000,0,194000,-194000,133000,53000,80000,1704000
2504,國產            ,2761000,1115000,1646000,0,0,0,0,0,0,28000,1000,400000,-399000,470000,43000,427000,1674000
061084,京元電兆豐9A購02,0,0,0,0,0,0,0,0,0,1612000,0,0,0,1617000,5000,1612000,1612000
00655L,國泰中國A50正2  ,942000,94000,848000,0,0,0,0,0,0,713000,0,0,0,3795000,3082000,713000,1561000
057523,大成鋼元大99購01,0,0,0,0,0,0,0,0,0,1443000,0,0,0,1463000,20000,1443000,1443000
2891,中信金          ,30653000,14782167,15870833,0,0,0,583000,163000,420000,-14861000,2000,2042000,-2040000,20000,12841000,-12821000,1429833
1605,華新            ,2216000,582000,1634000,0,0,0,0,2000,-2000,-204000,6000,0,6000,92000,302000,-210000,1428000
9921,巨大            ,2026000,853659,1172341,0,0,0,170000,0,170000,50000,67000,25000,42000,33000,25000,8000,1392341
2342,茂矽            ,2155000,808000,1347000,0,0,0,0,0,0,0,0,0,0,0,0,0,1347000
2474,可成            ,2498011,1460928,1037083,0,0,0,115000,1000,114000,188000,30000,17000,13000,187000,12000,175000,1339083
08393P,鴻海群益9C售05  ,0,0,0,0,0,0,0,0,0,1336000,0,0,0,1682000,346000,1336000,1336000
066606,聯詠永豐01購01  ,0,0,0,0,0,0,0,0,0,1306000,0,0,0,1306000,0,1306000,1306000
006208,富邦台50        ,1000,0,1000,0,0,0,0,0,0,1304000,0,0,0,1636000,332000,1304000,1305000
08551P,台積電群益9C售12,0,0,0,0,0,0,0,0,0,1304000,0,0,0,1433000,129000,1304000,1304000
9802,鈺齊-KY         ,1355000,535000,820000,0,0,0,130000,0,130000,342000,62000,0,62000,284000,4000,280000,1292000
058196,台塑中信99購01  ,0,0,0,0,0,0,0,0,0,1290000,0,0,0,1290000,0,1290000,1290000
1907,永豐餘          ,2310000,1025414,1284586,0,0,0,0,0,0,0,0,0,0,0,0,0,1284586
00636,國泰中國A50     ,176000,58000,118000,0,0,0,0,0,0,1148000,50000,10000,40000,1777000,669000,1108000,1266000
8039,台虹            ,1256000,1420000,-164000,0,0,0,1093000,0,1093000,334000,253000,75000,178000,166000,10000,156000,1263000
6116,彩晶            ,2636000,1772000,864000,0,0,0,0,0,0,390000,155000,62000,93000,337000,40000,297000,1254000
00739,元大MSCI A股    ,28000,19000,9000,0,0,0,0,0,0,1207000,0,0,0,2160000,953000,1207000,1216000
2404,漢唐            ,1513000,712000,801000,0,0,0,231000,0,231000,183000,85000,23000,62000,148000,27000,121000,1215000
1477,聚陽            ,3028150,3041000,-12850,0,0,0,240000,0,240000,986000,658000,167000,491000,513000,18000,495000,1213150
05722P,玉晶光國票97售03,0,0,0,0,0,0,0,0,0,1182000,0,0,0,1182000,0,1182000,1182000
062427,嘉澤統一01購01  ,0,0,0,0,0,0,0,0,0,1143000,0,0,0,1184000,41000,1143000,1143000
00639,富邦深100       ,721000,128000,593000,0,0,0,0,0,0,543000,90000,40000,50000,1929000,1436000,493000,1136000
2377,微星            ,2296000,2302467,-6467,0,0,0,1055000,0,1055000,57000,281000,220000,61000,56000,60000,-4000,1105533
065376,京鼎元大9C購02  ,0,0,0,0,0,0,0,0,0,1091000,0,0,0,1140000,49000,1091000,1091000
4977,眾達-KY         ,1246000,879000,367000,0,0,0,527000,0,527000,190000,132000,0,132000,72000,14000,58000,1084000
1309,台達化          ,1595000,618000,977000,0,0,0,0,0,0,98000,98000,0,98000,0,0,0,1075000
08405P,聯發科元大9C售11,10000,0,10000,0,0,0,0,0,0,1062000,0,0,0,1322000,260000,1062000,1072000
6443,元晶            ,1396000,727000,669000,0,0,0,0,0,0,400000,400000,0,400000,0,0,0,1069000
07307P,上証2X凱基9A售02,0,0,0,0,0,0,0,0,0,1068000,0,0,0,1098000,30000,1068000,1068000
08276P,可成元富9C售02  ,0,0,0,0,0,0,0,0,0,1060000,0,0,0,1060000,0,1060000,1060000
059957,中信金康和99購01,0,0,0,0,0,0,0,0,0,1054000,0,0,0,1071000,17000,1054000,1054000
2354,鴻準            ,1694700,864126,830574,0,0,0,213000,0,213000,5000,11000,6000,5000,0,0,0,1048574
061775,臺指反國票9B購04,0,0,0,0,0,0,0,0,0,1045000,0,0,0,1060000,15000,1045000,1045000
8215,明基材          ,1343000,299000,1044000,0,0,0,0,0,0,0,0,0,0,0,0,0,1044000
064723,大立光統一02購04,0,0,0,0,0,0,0,0,0,1039000,0,0,0,1109000,70000,1039000,1039000
3189,景碩            ,2465000,880000,1585000,0,0,0,0,556000,-556000,10000,43000,18000,25000,15000,30000,-15000,1039000
3034,聯詠            ,3577000,1861636,1715364,0,0,0,5000,18000,-13000,-673000,55000,596000,-541000,9000,141000,-132000,1029364
3016,嘉晶            ,1431000,1000000,431000,0,0,0,0,0,0,585000,5000,12000,-7000,670000,78000,592000,1016000
07741P,滬深2X凱基9B售04,0,0,0,0,0,0,0,0,0,1004000,0,0,0,1004000,0,1004000,1004000
062013,奇鋐富邦9B購01  ,0,0,0,0,0,0,0,0,0,1002000,0,0,0,1461000,459000,1002000,1002000
064996,T50反1國票01購03,0,0,0,0,0,0,0,0,0,1001000,0,0,0,1500000,499000,1001000,1001000
07597P,臺股指中信01售02,0,0,0,0,0,0,0,0,0,999000,0,0,0,1964000,965000,999000,999000
060660,國巨凱基9B購04  ,0,0,0,0,0,0,0,0,0,998000,0,0,0,998000,0,998000,998000
066617,鎧勝康和01購01  ,0,0,0,0,0,0,0,0,0,980000,0,0,0,1494000,514000,980000,980000
054377,臺股指中信99購09,0,0,0,0,0,0,0,0,0,980000,0,0,0,980000,0,980000,980000
2345,智邦            ,1986000,1125311,860689,0,0,0,0,5000,-5000,120000,71000,13000,58000,76000,14000,62000,975689
057956,全新元大99購04  ,0,0,0,0,0,0,0,0,0,971000,0,0,0,1001000,30000,971000,971000
2547,日勝生          ,1496000,530820,965180,0,0,0,0,0,0,0,0,0,0,0,0,0,965180
3026,禾伸堂          ,1167000,363794,803206,0,0,0,0,0,0,151000,117000,0,117000,76000,42000,34000,954206
1303,南亞            ,3902000,2222220,1679780,0,0,0,230000,19000,211000,-952000,8000,1006000,-998000,48000,2000,46000,938780
2347,聯強            ,2688450,2011759,676691,0,0,0,248000,0,248000,13000,46000,2000,44000,44000,75000,-31000,937691
062652,上証2X永豐9B購01,0,0,0,0,0,0,0,0,0,909000,0,0,0,953000,44000,909000,909000
07875P,祥碩群益9B售01  ,0,0,0,0,0,0,0,0,0,898000,0,0,0,948000,50000,898000,898000
07961P,滬深2X中信01售02,0,0,0,0,0,0,0,0,0,889000,0,0,0,939000,50000,889000,889000
058736,鈺齊永豐99購02  ,0,0,0,0,0,0,0,0,0,872000,0,0,0,872000,0,872000,872000
2498,宏達電          ,1884000,1126000,758000,0,0,0,0,0,0,99000,8000,4000,4000,120000,25000,95000,857000
2457,飛宏            ,1996000,1140000,856000,0,0,0,0,0,0,0,0,0,0,0,0,0,856000
2201,裕隆            ,1601000,882000,719000,0,0,0,0,0,0,119000,2000,0,2000,324000,207000,117000,838000
058188,華擎永豐99購01  ,0,0,0,0,0,0,0,0,0,830000,0,0,0,943000,113000,830000,830000
063862,世紀鋼國泰02購01,0,0,0,0,0,0,0,0,0,823000,0,0,0,854000,31000,823000,823000
064237,奇鋐統一01購01  ,0,0,0,0,0,0,0,0,0,821000,0,0,0,1491000,670000,821000,821000
08692P,國巨兆豐01售02  ,0,0,0,0,0,0,0,0,0,803000,0,0,0,1048000,245000,803000,803000
00701,國泰股利精選30  ,84000,7000,77000,0,0,0,0,0,0,710700,0,0,0,934000,223300,710700,787700
2454,聯發科          ,4791000,3867212,923788,0,0,0,75000,111000,-36000,-108000,197000,322000,-125000,149000,132000,17000,779788
1103,嘉泥            ,805000,36000,769000,0,0,0,0,0,0,2000,2000,0,2000,0,0,0,771000
065942,燿華元富01購01  ,0,0,0,0,0,0,0,0,0,771000,0,0,0,787000,16000,771000,771000
2329,華泰            ,1827000,1059000,768000,0,0,0,0,0,0,2000,2000,0,2000,0,0,0,770000
3045,台灣大          ,2024000,1289060,734940,0,0,0,189000,5000,184000,-154000,26000,180000,-154000,0,0,0,764940
2913,農林            ,1051000,292000,759000,0,0,0,0,0,0,4000,4000,0,4000,0,0,0,763000
2812,台中銀          ,907000,165000,742000,0,0,0,0,0,0,13000,13000,0,13000,0,0,0,755000
006206,元大上證50      ,69000,101000,-32000,0,0,0,0,0,0,786000,50000,40000,10000,1340000,564000,776000,754000
064703,T50反1國泰01購01,0,0,0,0,0,0,0,0,0,739000,0,0,0,2081000,1342000,739000,739000
08610P,鴻海凱基9C售05  ,0,0,0,0,0,0,0,0,0,720000,0,0,0,749000,29000,720000,720000
059307,T50反1元大99購06,0,0,0,0,0,0,0,0,0,720000,0,0,0,720000,0,720000,720000
3041,揚智            ,762000,58000,704000,0,0,0,0,0,0,16000,6000,0,6000,10000,0,10000,720000
065851,京鼎元大02購01  ,0,0,0,0,0,0,0,0,0,716000,0,0,0,875000,159000,716000,716000
065901,台積電富邦03購04,0,0,0,0,0,0,0,0,0,713000,0,0,0,713000,0,713000,713000
2101,南港            ,662000,496000,166000,0,0,0,300000,0,300000,244000,1000,1000,0,251000,7000,244000,710000
061372,世紀鋼國泰9C購01,0,0,0,0,0,0,0,0,0,708000,0,0,0,740000,32000,708000,708000
6005,群益證          ,2406000,1699000,707000,0,0,0,0,5000,-5000,0,0,0,0,0,0,0,702000
064477,南六國泰02購01  ,0,0,0,0,0,0,0,0,0,700000,0,0,0,744000,44000,700000,700000
07781P,高鐵凱基9A售02  ,0,0,0,0,0,0,0,0,0,698000,0,0,0,698000,0,698000,698000
00633L,富邦上証正2     ,1886000,2108000,-222000,0,0,0,0,0,0,919000,326000,0,326000,5551000,4958000,593000,697000
00643,群益深証中小    ,242000,142000,100000,0,0,0,0,0,0,597000,70000,30000,40000,1076000,519000,557000,697000
060790,日月光富邦9A購01,0,0,0,0,0,0,0,0,0,690000,0,0,0,854000,164000,690000,690000
065271,日月光元大9C購02,0,0,0,0,0,0,0,0,0,688000,0,0,0,698000,10000,688000,688000
2379,瑞昱            ,2286000,1457117,828883,0,0,0,0,6000,-6000,-135000,40000,149000,-109000,8000,34000,-26000,687883
061659,信邦永豐9A購01  ,0,0,0,0,0,0,0,0,0,683000,0,0,0,806000,123000,683000,683000
059581,日月光元富99購02,0,0,0,0,0,0,0,0,0,682000,0,0,0,996000,314000,682000,682000
2392,正崴            ,2091000,1310000,781000,0,0,0,0,0,0,-99000,19000,32000,-13000,47000,133000,-86000,682000
3673,TPK-KY          ,798000,191000,607000,0,0,0,0,0,0,73000,12000,6000,6000,127000,60000,67000,680000
00752,中信中國50      ,2000,1000,1000,0,0,0,0,0,0,676000,0,0,0,1295000,619000,676000,677000
07644P,南電凱基9A售03  ,0,0,0,0,0,0,0,0,0,660000,0,0,0,670000,10000,660000,660000
048383,元金2X國票99購01,0,0,0,0,0,0,0,0,0,659000,0,0,0,684000,25000,659000,659000
063675,亞德客國泰01購01,0,0,0,0,0,0,0,0,0,659000,0,0,0,840000,181000,659000,659000
064839,旭富統一9C購01  ,0,0,0,0,0,0,0,0,0,658000,0,0,0,737000,79000,658000,658000
056292,統一元大97購01  ,0,0,0,0,0,0,0,0,0,656000,0,0,0,662000,6000,656000,656000
2327,國巨            ,2019002,1632657,386345,0,0,0,31000,36000,-5000,274000,64000,19000,45000,238000,9000,229000,655345
062475,道瓊反國票9B購02,0,0,0,0,0,0,0,0,0,649000,0,0,0,649000,0,649000,649000
2905,三商            ,799000,154000,645000,0,0,0,0,0,0,1000,1000,0,1000,0,0,0,646000
6278,台表科          ,1232000,1313790,-81790,0,0,0,388000,0,388000,335000,208000,99000,109000,277000,51000,226000,641210
2385,群光            ,1292000,676745,615255,0,0,0,180000,93000,87000,-62000,14000,0,14000,18000,94000,-76000,640255
2338,光罩            ,744000,288000,456000,0,0,0,0,0,0,182000,0,0,0,182000,0,182000,638000
061589,世紀鋼富邦9B購01,0,0,0,0,0,0,0,0,0,633000,0,0,0,633000,0,633000,633000
058926,勤誠元富99購01  ,0,0,0,0,0,0,0,0,0,625000,0,0,0,634000,9000,625000,625000
064733,南六統一9C購03  ,0,0,0,0,0,0,0,0,0,621000,0,0,0,1079000,458000,621000,621000
058645,康控富邦01購01  ,0,0,0,0,0,0,0,0,0,614000,0,0,0,1116000,502000,614000,614000
6141,柏承            ,685000,71000,614000,0,0,0,0,0,0,0,0,0,0,0,0,0,614000
6202,盛群            ,2190000,1829000,361000,0,0,0,70000,0,70000,182000,0,0,0,198000,16000,182000,613000
08740P,創意康和01售03  ,0,0,0,0,0,0,0,0,0,609000,0,0,0,886000,277000,609000,609000
2906,高林            ,694000,90000,604000,0,0,0,0,0,0,0,0,0,0,0,0,0,604000
062070,金寶元大9B購01  ,0,0,0,0,0,0,0,0,0,598000,0,0,0,600000,2000,598000,598000
08638P,泰碩國票9C售01  ,0,0,0,0,0,0,0,0,0,595000,0,0,0,815000,220000,595000,595000
057739,新日興富邦9B購01,0,0,0,0,0,0,0,0,0,593000,0,0,0,691000,98000,593000,593000
3576,聯合再生        ,3534000,2942000,592000,0,0,0,0,0,0,0,0,0,0,0,0,0,592000
07174P,臺股指國票99售11,0,0,0,0,0,0,0,0,0,589000,0,0,0,589000,0,589000,589000
2845,遠東銀          ,856000,264000,592000,0,0,0,0,7000,-7000,4000,4000,0,4000,0,0,0,589000
1308,亞聚            ,706000,157000,549000,0,0,0,0,0,0,37000,0,0,0,41000,4000,37000,586000
061773,和潤元大9B購01  ,0,0,0,0,0,0,0,0,0,585000,0,0,0,628000,43000,585000,585000
061584,勤誠元大9A購01  ,0,0,0,0,0,0,0,0,0,582000,0,0,0,670000,88000,582000,582000
065078,台積電元大02購01,0,0,0,0,0,0,0,0,0,581000,0,0,0,2012000,1431000,581000,581000
064450,致茂統一01購01  ,0,0,0,0,0,0,0,0,0,574000,0,0,0,634000,60000,574000,574000
2484,希華            ,645000,89000,556000,0,0,0,0,0,0,13000,13000,0,13000,0,0,0,569000
8150,南茂            ,1428000,1079000,349000,0,0,0,0,0,0,216000,34000,0,34000,183000,1000,182000,565000
064963,T50反1元大9C購09,0,0,0,0,0,0,0,0,0,559000,0,0,0,799000,240000,559000,559000
060719,瀚宇博永豐9A購01,0,0,0,0,0,0,0,0,0,558000,0,0,0,739000,181000,558000,558000
3052,夆典            ,697000,146000,551000,0,0,0,0,0,0,0,0,0,0,0,0,0,551000
059181,世紀鋼元富9C購01,0,0,0,0,0,0,0,0,0,548000,0,0,0,740000,192000,548000,548000
08644P,臺股指中信02售02,0,0,0,0,0,0,0,0,0,545000,0,0,0,1272000,727000,545000,545000
065624,聯詠中信9C購01  ,0,0,0,0,0,0,0,0,0,542000,0,0,0,559000,17000,542000,542000
4956,光鋐            ,954000,416000,538000,0,0,0,0,0,0,4000,4000,0,4000,0,0,0,542000
08277P,嘉晶元富9C售02  ,0,0,0,0,0,0,0,0,0,537000,0,0,0,537000,0,537000,537000
3702,大聯大          ,1545000,1737417,-192417,0,0,0,832000,1000,831000,-102000,94000,100000,-6000,0,96000,-96000,536583
2456,奇力新          ,799000,452000,347000,0,0,0,0,0,0,189000,51000,29000,22000,171000,4000,167000,536000
066085,台積電富邦05購01,0,0,0,0,0,0,0,0,0,529000,0,0,0,561000,32000,529000,529000
3376,新日興          ,632000,625000,7000,0,0,0,464000,0,464000,58000,58000,160000,-102000,263000,103000,160000,529000
064470,世紀鋼元富03購01,0,0,0,0,0,0,0,0,0,528000,0,0,0,538000,10000,528000,528000
07709P,創意元大9A售01  ,0,0,0,0,0,0,0,0,0,525000,0,0,0,881000,356000,525000,525000
00646,元大S&P500      ,28000,1000,27000,0,0,0,0,0,0,497000,56000,0,56000,598000,157000,441000,524000
07021P,台積電富邦9C售02,0,0,0,0,0,0,0,0,0,521000,0,0,0,731000,210000,521000,521000
062660,神隆群益9B購02  ,0,0,0,0,0,0,0,0,0,521000,0,0,0,536000,15000,521000,521000
065702,聯發科群益9C購14,0,0,0,0,0,0,0,0,0,520000,0,0,0,531000,11000,520000,520000
06864P,健策凱基98售01  ,0,0,0,0,0,0,0,0,0,519000,0,0,0,519000,0,519000,519000
061822,和潤群益9B購01  ,0,0,0,0,0,0,0,0,0,517000,0,0,0,517000,0,517000,517000
066184,鎧勝凱基01購01  ,0,0,0,0,0,0,0,0,0,514000,0,0,0,557000,43000,514000,514000
066213,惠特統一03購01  ,0,0,0,0,0,0,0,0,0,514000,0,0,0,750000,236000,514000,514000
064293,勤誠元大9C購01  ,0,0,0,0,0,0,0,0,0,514000,0,0,0,704000,190000,514000,514000
057848,台表科永豐98購02,0,0,0,0,0,0,0,0,0,512000,0,0,0,718000,206000,512000,512000
064049,信邦統一01購01  ,0,0,0,0,0,0,0,0,0,511000,0,0,0,848000,337000,511000,511000
066538,信邦兆豐03購01  ,0,0,0,0,0,0,0,0,0,510000,0,0,0,722000,212000,510000,510000
066360,致茂中信05購01  ,0,0,0,0,0,0,0,0,0,509000,0,0,0,511000,2000,509000,509000
058210,臺股指凱基9C購04,0,0,0,0,0,0,0,0,0,503000,0,0,0,930000,427000,503000,503000
057289,力成元大98購03  ,0,0,0,0,0,0,0,0,0,502000,0,0,0,900000,398000,502000,502000
07100P,華航元大99售01  ,0,0,0,0,0,0,0,0,0,501000,0,0,0,501000,0,501000,501000
08184P,可成永豐9B售03  ,0,0,0,0,0,0,0,0,0,500000,0,0,0,500000,0,500000,500000
061937,聯發科國票9B購02,0,0,0,0,0,0,0,0,0,499000,0,0,0,499000,0,499000,499000
060420,神基永豐9A購01  ,0,0,0,0,0,0,0,0,0,499000,0,0,0,499000,0,499000,499000
063141,聯發科統一9C購10,0,0,0,0,0,0,0,0,0,499000,0,0,0,499000,0,499000,499000
066121,道瓊反群益04購01,0,0,0,0,0,0,0,0,0,497000,0,0,0,500000,3000,497000,497000
065634,聯發科國票9C購06,0,0,0,0,0,0,0,0,0,497000,0,0,0,504000,7000,497000,497000
057578,可成中信99購01  ,0,0,0,0,0,0,0,0,0,495000,0,0,0,510000,15000,495000,495000
2834,臺企銀          ,3450000,3020429,429571,0,0,0,0,15000,-15000,78000,14000,0,14000,64000,0,64000,492571
07415P,台積電元大99售52,0,0,0,0,0,0,0,0,0,492000,0,0,0,499000,7000,492000,492000
053297,鎧勝中信98購01  ,0,0,0,0,0,0,0,0,0,488000,0,0,0,488000,0,488000,488000
064191,聯發科中信03購01,0,0,0,0,0,0,0,0,0,488000,0,0,0,498000,10000,488000,488000
07559P,祥碩元大9A售03  ,0,0,0,0,0,0,0,0,0,486000,0,0,0,499000,13000,486000,486000
08105P,景碩元大9B售01  ,0,0,0,0,0,0,0,0,0,477000,0,0,0,477000,0,477000,477000
057763,康控凱基99購02  ,0,0,0,0,0,0,0,0,0,475000,0,0,0,501000,26000,475000,475000
6414,樺漢            ,659000,161150,497850,0,0,0,8000,0,8000,-35000,57000,103000,-46000,26000,15000,11000,470850
08379P,台積電國泰02售02,0,0,0,0,0,0,0,0,0,470000,0,0,0,1384000,914000,470000,470000
00653L,富邦印度正2     ,2577000,1708000,869000,0,0,0,0,0,0,-402240,0,0,0,2262000,2664240,-402240,466760
03007X,元展07          ,0,0,0,0,0,0,0,0,0,466000,0,0,0,466000,0,466000,466000
6706,惠特            ,410000,182000,228000,0,0,0,246000,0,246000,-8000,0,0,0,40000,48000,-8000,466000
07837P,華邦電元大9A售01,0,0,0,0,0,0,0,0,0,463000,0,0,0,465000,2000,463000,463000
07619P,鴻海統一9A售03  ,0,0,0,0,0,0,0,0,0,460000,0,0,0,460000,0,460000,460000
065873,信邦群益02購01  ,0,0,0,0,0,0,0,0,0,460000,0,0,0,578000,118000,460000,460000
9907,統一實          ,459000,7000,452000,0,0,0,0,0,0,7000,7000,0,7000,0,0,0,459000
060884,超眾中信9B購01  ,0,0,0,0,0,0,0,0,0,456000,0,0,0,499000,43000,456000,456000
059926,世紀鋼國泰9B購01,0,0,0,0,0,0,0,0,0,455000,0,0,0,485000,30000,455000,455000
064257,台勝科國泰01購01,0,0,0,0,0,0,0,0,0,452000,0,0,0,768000,316000,452000,452000
057987,大立光元富98購02,0,0,0,0,0,0,0,0,0,451000,0,0,0,840000,389000,451000,451000
06822P,上銀富邦99售03  ,0,0,0,0,0,0,0,0,0,450000,0,0,0,501000,51000,450000,450000
065208,義隆國票01購01  ,0,0,0,0,0,0,0,0,0,450000,0,0,0,552000,102000,450000,450000
062679,技嘉統一01購01  ,0,0,0,0,0,0,0,0,0,449000,0,0,0,964000,515000,449000,449000
060538,S&P反1凱基9A購01,0,0,0,0,0,0,0,0,0,449000,0,0,0,461000,12000,449000,449000
6533,晶心科          ,851000,393000,458000,0,0,0,0,0,0,-12000,0,12000,-12000,0,0,0,446000
057539,南茂元大98購02  ,0,0,0,0,0,0,0,0,0,445000,0,0,0,465000,20000,445000,445000
058749,康控凱基99購03  ,0,0,0,0,0,0,0,0,0,442000,0,0,0,488000,46000,442000,442000
061767,信邦元大9B購01  ,0,0,0,0,0,0,0,0,0,440000,0,0,0,598000,158000,440000,440000
065103,南六元大9C購06  ,0,0,0,0,0,0,0,0,0,439000,0,0,0,590000,151000,439000,439000
06697P,台積電國票99售05,0,0,0,0,0,0,0,0,0,438000,0,0,0,438000,0,438000,438000
060428,瑞祺永豐9A購01  ,0,0,0,0,0,0,0,0,0,438000,0,0,0,536000,98000,438000,438000
066736,京鼎元大01購02  ,0,0,0,0,0,0,0,0,0,437000,0,0,0,683000,246000,437000,437000
08536P,台積電國票9C售08,0,0,0,0,0,0,0,0,0,437000,0,0,0,598000,161000,437000,437000
066165,大毅凱基01購01  ,0,0,0,0,0,0,0,0,0,434000,0,0,0,473000,39000,434000,434000
062734,臺指反國票9C購03,0,0,0,0,0,0,0,0,0,429000,0,0,0,519000,90000,429000,429000
1709,和益            ,520000,95000,425000,0,0,0,0,0,0,2000,2000,0,2000,0,0,0,427000
08190P,宏達電元富9B售04,0,0,0,0,0,0,0,0,0,427000,0,0,0,429000,2000,427000,427000
045189,大立光元富98購01,0,0,0,0,0,0,0,0,0,426000,0,0,0,426000,0,426000,426000
060804,T50反1群益9A購02,0,0,0,0,0,0,0,0,0,426000,0,0,0,426000,0,426000,426000
2206,三陽工業        ,491000,65000,426000,0,0,0,0,0,0,0,0,0,0,0,0,0,426000
060933,南電永豐9A購02  ,0,0,0,0,0,0,0,0,0,424000,0,0,0,424000,0,424000,424000
2472,立隆電          ,640000,224000,416000,0,0,0,0,0,0,8000,11000,3000,8000,0,0,0,424000
065310,華擎國票01購01  ,0,0,0,0,0,0,0,0,0,423000,0,0,0,526000,103000,423000,423000
063398,信邦群益9B購02  ,0,0,0,0,0,0,0,0,0,421000,0,0,0,551000,130000,421000,421000
059797,大立光國票99購01,0,0,0,0,0,0,0,0,0,420000,0,0,0,420000,0,420000,420000
064166,和潤統一02購01  ,0,0,0,0,0,0,0,0,0,419000,0,0,0,907000,488000,419000,419000
1304,台聚            ,454000,37000,417000,0,0,0,0,0,0,0,0,0,0,0,0,0,417000
064163,康控統一01購01  ,0,0,0,0,0,0,0,0,0,417000,0,0,0,633000,216000,417000,417000
053965,聯電元大98購04  ,0,0,0,0,0,0,0,0,0,416000,0,0,0,539000,123000,416000,416000
062653,正隆永豐9B購01  ,0,0,0,0,0,0,0,0,0,416000,0,0,0,484000,68000,416000,416000
5469,瀚宇博          ,4051000,5810000,-1759000,0,0,0,1116000,0,1116000,1059000,617000,73000,544000,613000,98000,515000,416000
065374,義隆元大9C購07  ,0,0,0,0,0,0,0,0,0,415000,0,0,0,647000,232000,415000,415000
07957P,晶技群益9B售02  ,0,0,0,0,0,0,0,0,0,413000,0,0,0,413000,0,413000,413000
08454P,台灣50凱基9C售12,0,0,0,0,0,0,0,0,0,412000,0,0,0,813000,401000,412000,412000
064832,長榮航統一01購01,0,0,0,0,0,0,0,0,0,405000,0,0,0,445000,40000,405000,405000
08716P,台積電兆豐01售02,0,0,0,0,0,0,0,0,0,401000,0,0,0,541000,140000,401000,401000
03451B,臺股指凱基9C熊23,0,0,0,0,0,0,0,0,0,401000,0,0,0,757000,356000,401000,401000
063458,正隆元大9B購01  ,0,0,0,0,0,0,0,0,0,401000,0,0,0,624000,223000,401000,401000
066239,拓凱富邦02購01  ,0,0,0,0,0,0,0,0,0,400000,0,0,0,1095000,695000,400000,400000
057018,亞德客凱基98購01,0,0,0,0,0,0,0,0,0,400000,0,0,0,400000,0,400000,400000
3682,亞太電          ,637000,237000,400000,0,0,0,0,0,0,0,0,0,0,0,0,0,400000
066428,健策元大02購02  ,0,0,0,0,0,0,0,0,0,398000,0,0,0,538000,140000,398000,398000
1712,興農            ,355000,148000,207000,0,0,0,0,0,0,191000,191000,0,191000,0,0,0,398000
063143,嘉澤統一9B購02  ,0,0,0,0,0,0,0,0,0,398000,0,0,0,804000,406000,398000,398000
06603P,立積統一99售01  ,0,0,0,0,0,0,0,0,0,397000,0,0,0,400000,3000,397000,397000
064683,台表科兆豐9C購02,0,0,0,0,0,0,0,0,0,397000,0,0,0,529000,132000,397000,397000
08685P,南電凱基01售03  ,0,0,0,0,0,0,0,0,0,396000,0,0,0,558000,162000,396000,396000
4906,正文            ,538000,208000,330000,0,0,0,0,0,0,64000,1000,0,1000,63000,0,63000,394000
051849,旺宏中信98購01  ,0,0,0,0,0,0,0,0,0,392000,0,0,0,1200000,808000,392000,392000
060918,康友國泰9C購01  ,0,0,0,0,0,0,0,0,0,392000,0,0,0,645000,253000,392000,392000
9904,寶成            ,2259000,1322000,937000,0,0,0,670000,1396000,-726000,181000,36000,18000,18000,163000,0,163000,392000
9103,美德醫療-DR     ,245000,13000,232000,0,0,0,0,0,0,160000,0,0,0,160000,0,160000,392000
4938,和碩            ,2253000,2111516,141484,0,0,0,247000,11000,236000,14000,13000,30000,-17000,93000,62000,31000,391484
066464,台郡統一02購02  ,0,0,0,0,0,0,0,0,0,391000,0,0,0,701000,310000,391000,391000
063249,祥碩元大9B購06  ,0,0,0,0,0,0,0,0,0,390000,0,0,0,400000,10000,390000,390000
063159,嘉澤國泰01購01  ,0,0,0,0,0,0,0,0,0,388000,0,0,0,561000,173000,388000,388000
07034P,大立光元富99售03,0,0,0,0,0,0,0,0,0,387000,0,0,0,479000,92000,387000,387000
066555,聯詠元大01購01  ,0,0,0,0,0,0,0,0,0,386000,0,0,0,435000,49000,386000,386000
064930,南六統一02購02  ,0,0,0,0,0,0,0,0,0,385000,0,0,0,420000,35000,385000,385000
065972,聯發科元大01購07,0,0,0,0,0,0,0,0,0,384000,0,0,0,463000,79000,384000,384000
066526,創意統一05購01  ,0,0,0,0,0,0,0,0,0,383000,0,0,0,597000,214000,383000,383000
065312,日月光國票01購01,0,0,0,0,0,0,0,0,0,382000,0,0,0,397000,15000,382000,382000
2838,聯邦銀          ,471000,102000,369000,0,0,0,0,0,0,13000,13000,0,13000,0,0,0,382000
06902P,聯電凱基98售02  ,0,0,0,0,0,0,0,0,0,380000,0,0,0,450000,70000,380000,380000
065573,新日興群益01購02,0,0,0,0,0,0,0,0,0,380000,0,0,0,530000,150000,380000,380000
08715P,創意元富07售02  ,0,0,0,0,0,0,0,0,0,378000,0,0,0,392000,14000,378000,378000
00642U,元大S&P石油     ,23000,0,23000,0,0,0,0,0,0,354000,0,0,0,419000,65000,354000,377000
064291,南六元大9C購04  ,0,0,0,0,0,0,0,0,0,377000,0,0,0,465000,88000,377000,377000
055979,聯鈞統一97購03  ,0,0,0,0,0,0,0,0,0,376000,0,0,0,376000,0,376000,376000
1417,嘉裕            ,754000,387000,367000,0,0,0,0,0,0,7000,7000,0,7000,0,0,0,374000
6505,台塑化          ,1628000,1266181,361819,0,0,0,0,10000,-10000,20000,20000,0,20000,0,0,0,371819
1460,宏遠            ,695000,329000,366000,0,0,0,0,0,0,5000,5000,0,5000,0,0,0,371000
063326,正隆國票9B購01  ,0,0,0,0,0,0,0,0,0,371000,0,0,0,419000,48000,371000,371000
065621,聯發科第一9C購01,0,0,0,0,0,0,0,0,0,371000,0,0,0,1133000,762000,371000,371000
054546,玉晶光中信9B購01,0,0,0,0,0,0,0,0,0,368000,0,0,0,1223000,855000,368000,368000
07731P,臺股指凱基9A售28,0,0,0,0,0,0,0,0,0,367000,0,0,0,520000,153000,367000,367000
061647,南六元大9A購03  ,0,0,0,0,0,0,0,0,0,367000,0,0,0,542000,175000,367000,367000
061083,京元電兆豐9A購01,0,0,0,0,0,0,0,0,0,367000,0,0,0,427000,60000,367000,367000
058313,台積電富邦9B購04,0,0,0,0,0,0,0,0,0,366000,0,0,0,366000,0,366000,366000
6239,力成            ,1354000,1096691,257309,0,0,0,116000,9000,107000,1000,11000,0,11000,22000,32000,-10000,365309
08297P,寶成元大9C售01  ,0,0,0,0,0,0,0,0,0,365000,0,0,0,385000,20000,365000,365000
063999,日月光兆豐9C購01,0,0,0,0,0,0,0,0,0,365000,0,0,0,377000,12000,365000,365000
1101,台泥            ,7322389,6803578,518811,0,0,0,0,194718,-194718,40000,110000,0,110000,24000,94000,-70000,364093
066225,松翰國泰03購01  ,0,0,0,0,0,0,0,0,0,361000,0,0,0,527000,166000,361000,361000
063908,國巨凱基9C購06  ,0,0,0,0,0,0,0,0,0,361000,0,0,0,410000,49000,361000,361000
066082,康友國泰03購01  ,0,0,0,0,0,0,0,0,0,359000,0,0,0,528000,169000,359000,359000
064936,世紀鋼統一9C購02,0,0,0,0,0,0,0,0,0,359000,0,0,0,394000,35000,359000,359000
6230,超眾            ,334000,210000,124000,0,0,0,30000,0,30000,205000,18000,0,18000,209000,22000,187000,359000
08472P,和碩凱基9C售02  ,0,0,0,0,0,0,0,0,0,358000,0,0,0,358000,0,358000,358000
08187P,大毅群益9B售04  ,0,0,0,0,0,0,0,0,0,358000,0,0,0,359000,1000,358000,358000
07163P,臺股指群益99售14,0,0,0,0,0,0,0,0,0,357000,0,0,0,618000,261000,357000,357000
006207,FH滬深          ,31000,26000,5000,0,0,0,0,0,0,352000,0,0,0,613000,261000,352000,357000
07815P,美律群益9A售04  ,0,0,0,0,0,0,0,0,0,356000,0,0,0,456000,100000,356000,356000
064368,日月光統一01購01,0,0,0,0,0,0,0,0,0,354000,0,0,0,439000,85000,354000,354000
061517,瑞祺永豐9A購03  ,0,0,0,0,0,0,0,0,0,353000,0,0,0,466000,113000,353000,353000
066231,友訊富邦02購01  ,0,0,0,0,0,0,0,0,0,351000,0,0,0,376000,25000,351000,351000
056589,康控統一98購01  ,0,0,0,0,0,0,0,0,0,351000,0,0,0,717000,366000,351000,351000
057508,康控國票99購03  ,0,0,0,0,0,0,0,0,0,351000,0,0,0,847000,496000,351000,351000
07081P,南電群益9A售01  ,0,0,0,0,0,0,0,0,0,350000,0,0,0,350000,0,350000,350000
06666P,台積電日盛9A售02,0,0,0,0,0,0,0,0,0,349000,0,0,0,411000,62000,349000,349000
063479,南六元大9B購06  ,0,0,0,0,0,0,0,0,0,349000,0,0,0,446000,97000,349000,349000
066774,聯詠富邦03購01  ,0,0,0,0,0,0,0,0,0,347000,0,0,0,969000,622000,347000,347000
08435P,台積電群益9C售11,0,0,0,0,0,0,0,0,0,347000,0,0,0,452000,105000,347000,347000
08168P,金像電群益9B售03,0,0,0,0,0,0,0,0,0,344000,0,0,0,387000,43000,344000,344000
08210P,健策元富9B售02  ,0,0,0,0,0,0,0,0,0,343000,0,0,0,481000,138000,343000,343000
062263,康控元大9B購03  ,0,0,0,0,0,0,0,0,0,343000,0,0,0,431000,88000,343000,343000
08482P,亞德客群益9C售02,0,0,0,0,0,0,0,0,0,342000,0,0,0,342000,0,342000,342000
06679P,旺宏元大98售09  ,0,0,0,0,0,0,0,0,0,341000,0,0,0,341000,0,341000,341000
065048,世芯凱基01購01  ,0,0,0,0,0,0,0,0,0,340000,0,0,0,475000,135000,340000,340000
061949,大立光群益9B購03,0,0,0,0,0,0,0,0,0,339000,0,0,0,998000,659000,339000,339000
064822,台達電統一01購03,0,0,0,0,0,0,0,0,0,339000,0,0,0,808000,469000,339000,339000
1474,弘裕            ,1872000,1534000,338000,0,0,0,0,0,0,0,0,0,0,0,0,0,338000
053563,台積電富邦97購01,0,0,0,0,0,0,0,0,0,338000,0,0,0,338000,0,338000,338000
063056,嘉澤統一9C購02  ,0,0,0,0,0,0,0,0,0,337000,0,0,0,865000,528000,337000,337000
08152P,祥碩統一9B售02  ,0,0,0,0,0,0,0,0,0,336000,0,0,0,559000,223000,336000,336000
058309,大毅元大99購02  ,0,0,0,0,0,0,0,0,0,336000,0,0,0,336000,0,336000,336000
063026,南六元大9B購04  ,0,0,0,0,0,0,0,0,0,335000,0,0,0,431000,96000,335000,335000
1590,亞德客-KY       ,629000,322656,306344,0,0,0,0,0,0,28000,1000,0,1000,41000,14000,27000,334344
08387P,臺股指群益9C售15,0,0,0,0,0,0,0,0,0,334000,0,0,0,633000,299000,334000,334000
08181P,華新科國泰9C售02,0,0,0,0,0,0,0,0,0,333000,0,0,0,333000,0,333000,333000
062021,康控永豐9B購01  ,0,0,0,0,0,0,0,0,0,330000,0,0,0,408000,78000,330000,330000
6226,光鼎            ,387000,58000,329000,0,0,0,0,0,0,0,0,0,0,0,0,0,329000
065502,康友富邦03購01  ,0,0,0,0,0,0,0,0,0,328000,0,0,0,366000,38000,328000,328000
066488,聯詠元富07購01  ,0,0,0,0,0,0,0,0,0,322000,0,0,0,324000,2000,322000,322000
064070,祥碩永豐9C購01  ,0,0,0,0,0,0,0,0,0,322000,0,0,0,422000,100000,322000,322000
2461,光群雷          ,352000,30000,322000,0,0,0,0,0,0,0,0,0,0,0,0,0,322000
063824,S&P反1國票9C購01,0,0,0,0,0,0,0,0,0,321000,0,0,0,481000,160000,321000,321000
07762P,聯發科永豐9A售03,0,0,0,0,0,0,0,0,0,320000,0,0,0,320000,0,320000,320000
08310P,南電凱基9C售01  ,0,0,0,0,0,0,0,0,0,320000,0,0,0,340000,20000,320000,320000
060907,金像電元大9A購02,0,0,0,0,0,0,0,0,0,320000,0,0,0,481000,161000,320000,320000
065197,景碩元富06購01  ,0,0,0,0,0,0,0,0,0,320000,0,0,0,325000,5000,320000,320000
057391,樺漢永豐98購01  ,0,0,0,0,0,0,0,0,0,318000,0,0,0,423000,105000,318000,318000
063536,美食統一01購01  ,0,0,0,0,0,0,0,0,0,318000,0,0,0,398000,80000,318000,318000
08392P,上銀群益9C售01  ,0,0,0,0,0,0,0,0,0,317000,0,0,0,387000,70000,317000,317000
07027P,台積電群益99售04,0,0,0,0,0,0,0,0,0,317000,0,0,0,320000,3000,317000,317000
2352,佳世達          ,521000,189000,332000,0,0,0,0,2000,-2000,-13000,21000,6000,15000,0,28000,-28000,317000
066279,拓凱元大01購01  ,0,0,0,0,0,0,0,0,0,316000,0,0,0,725000,409000,316000,316000
07103P,南電元大99售04  ,0,0,0,0,0,0,0,0,0,316000,0,0,0,339000,23000,316000,316000
00640L,富邦日本正2     ,0,0,0,0,0,0,0,0,0,316000,0,0,0,1134000,818000,316000,316000
06485P,玉晶光群益9A售02,0,0,0,0,0,0,0,0,0,316000,0,0,0,366000,50000,316000,316000
066219,惠特元富01購01  ,0,0,0,0,0,0,0,0,0,315000,0,0,0,540000,225000,315000,315000
066163,友訊凱基01購01  ,0,0,0,0,0,0,0,0,0,314000,0,0,0,343000,29000,314000,314000
063493,金像電富邦01購01,0,0,0,0,0,0,0,0,0,313000,0,0,0,645000,332000,313000,313000
064199,南六群益01購01  ,0,0,0,0,0,0,0,0,0,313000,0,0,0,431000,118000,313000,313000
1789,神隆            ,1230000,845000,385000,0,0,0,0,0,0,-73000,2000,0,2000,5000,80000,-75000,312000
8464,億豐            ,496000,314000,182000,0,0,0,55000,0,55000,75000,40000,0,40000,35000,0,35000,312000
066622,南帝凱基01購01  ,0,0,0,0,0,0,0,0,0,311000,0,0,0,311000,0,311000,311000
062822,力成兆豐9B購01  ,0,0,0,0,0,0,0,0,0,311000,0,0,0,349000,38000,311000,311000
066382,拓凱康和01購01  ,0,0,0,0,0,0,0,0,0,310000,0,0,0,421000,111000,310000,310000
08175P,金像電統一9B售02,0,0,0,0,0,0,0,0,0,310000,0,0,0,310000,0,310000,310000
07864P,可成元大9B售01  ,0,0,0,0,0,0,0,0,0,310000,0,0,0,310000,0,310000,310000
064314,信邦群益9C購01  ,0,0,0,0,0,0,0,0,0,310000,0,0,0,310000,0,310000,310000
060456,正隆元大9A購01  ,0,0,0,0,0,0,0,0,0,309000,0,0,0,369000,60000,309000,309000
4961,天鈺            ,481000,172000,309000,0,0,0,0,0,0,0,0,0,0,0,0,0,309000
06742P,可成富邦99售02  ,0,0,0,0,0,0,0,0,0,307000,0,0,0,307000,0,307000,307000
08595P,南電群益9C售03  ,0,0,0,0,0,0,0,0,0,303000,0,0,0,327000,24000,303000,303000
1444,力麗            ,537000,236000,301000,0,0,0,0,0,0,2000,2000,0,2000,0,0,0,303000
063658,瑞祺元富9B購01  ,0,0,0,0,0,0,0,0,0,303000,0,0,0,387000,84000,303000,303000
065130,奇鋐兆豐9C購01  ,0,0,0,0,0,0,0,0,0,303000,0,0,0,731000,428000,303000,303000
8021,尖點            ,368000,65000,303000,0,0,0,0,0,0,0,0,0,0,0,0,0,303000
1440,南紡            ,1015000,974000,41000,0,0,0,0,0,0,261000,0,0,0,261000,0,261000,302000
065783,友訊永豐9C購02  ,0,0,0,0,0,0,0,0,0,302000,0,0,0,371000,69000,302000,302000
062236,信邦凱基9B購01  ,0,0,0,0,0,0,0,0,0,301000,0,0,0,348000,47000,301000,301000
061844,T50反1國票9C購02,0,0,0,0,0,0,0,0,0,301000,0,0,0,361000,60000,301000,301000
065198,玉晶光元富06購01,0,0,0,0,0,0,0,0,0,301000,0,0,0,332000,31000,301000,301000
07264P,台積電元大99售38,0,0,0,0,0,0,0,0,0,300000,0,0,0,300000,0,300000,300000
07354P,臺股指國票99售22,0,0,0,0,0,0,0,0,0,300000,0,0,0,300000,0,300000,300000
07720P,臺股指群益9A售09,0,0,0,0,0,0,0,0,0,300000,0,0,0,300000,0,300000,300000
07645P,華通元大9A售06  ,0,0,0,0,0,0,0,0,0,300000,0,0,0,300000,0,300000,300000
06624P,訊芯元大98售06  ,0,0,0,0,0,0,0,0,0,300000,0,0,0,300000,0,300000,300000
00737,國泰AI+Robo     ,313000,0,313000,0,0,0,0,0,0,-13000,0,0,0,220000,233000,-13000,300000
00730,富邦臺灣優質高息,3000,0,3000,0,0,0,0,0,0,297000,0,0,0,568000,271000,297000,300000
053414,臻鼎國票97購01  ,0,0,0,0,0,0,0,0,0,300000,0,0,0,300000,0,300000,300000
055957,瑞昱元大97購06  ,0,0,0,0,0,0,0,0,0,300000,0,0,0,300000,0,300000,300000
057267,康控兆豐99購01  ,0,0,0,0,0,0,0,0,0,300000,0,0,0,542000,242000,300000,300000
058528,世紀鋼元大99購02,0,0,0,0,0,0,0,0,0,300000,0,0,0,300000,0,300000,300000
08578P,TPK元大9C售04   ,0,0,0,0,0,0,0,0,0,299000,0,0,0,299000,0,299000,299000
07992P,玉晶光群益01售04,0,0,0,0,0,0,0,0,0,297000,0,0,0,505000,208000,297000,297000
08149P,祥碩群益9B售07  ,0,0,0,0,0,0,0,0,0,297000,0,0,0,297000,0,297000,297000
066013,友訊元富01購02  ,0,0,0,0,0,0,0,0,0,297000,0,0,0,327000,30000,297000,297000
9944,新麗            ,503000,207000,296000,0,0,0,0,0,0,1000,1000,0,1000,0,0,0,297000
060915,旭富元大9A購01  ,0,0,0,0,0,0,0,0,0,296000,0,0,0,307000,11000,296000,296000
065002,致茂國票01購01  ,0,0,0,0,0,0,0,0,0,296000,0,0,0,312000,16000,296000,296000
05644P,大立光中信9A售03,0,0,0,0,0,0,0,0,0,295000,0,0,0,1449000,1154000,295000,295000
6168,宏齊            ,561000,267000,294000,0,0,0,0,0,0,1000,1000,0,1000,0,0,0,295000
059851,晶相光永豐99購02,0,0,0,0,0,0,0,0,0,294000,0,0,0,295000,1000,294000,294000
053686,台積電元大97購08,0,0,0,0,0,0,0,0,0,293000,0,0,0,293000,0,293000,293000
058146,勤誠元大99購01  ,0,0,0,0,0,0,0,0,0,292000,0,0,0,523000,231000,292000,292000
061358,世紀鋼元大9A購04,0,0,0,0,0,0,0,0,0,292000,0,0,0,396000,104000,292000,292000
060120,聯電富邦9B購01  ,0,0,0,0,0,0,0,0,0,292000,0,0,0,292000,0,292000,292000
2308,台達電          ,3179000,3483000,-304000,0,0,0,123000,21000,102000,493000,480000,24000,456000,47000,10000,37000,291000
066730,致茂元大01購01  ,0,0,0,0,0,0,0,0,0,290000,0,0,0,290000,0,290000,290000
08400P,美律元富9C售02  ,0,0,0,0,0,0,0,0,0,290000,0,0,0,290000,0,290000,290000
056939,康控元富98購01  ,0,0,0,0,0,0,0,0,0,290000,0,0,0,629000,339000,290000,290000
056189,樺漢統一97購02  ,0,0,0,0,0,0,0,0,0,290000,0,0,0,290000,0,290000,290000
064530,康控中信9C購01  ,0,0,0,0,0,0,0,0,0,290000,0,0,0,717000,427000,290000,290000
020012,富邦行動通訊N   ,0,0,0,0,0,0,0,0,0,289000,0,0,0,309000,20000,289000,289000
020015,統一MSCI美低波N ,0,0,0,0,0,0,0,0,0,288000,0,0,0,310000,22000,288000,288000
055446,奇力新統一9A購01,0,0,0,0,0,0,0,0,0,288000,0,0,0,288000,0,288000,288000
08657P,牧德群益9C售02  ,0,0,0,0,0,0,0,0,0,287000,0,0,0,307000,20000,287000,287000
061055,康控群益9A購01  ,0,0,0,0,0,0,0,0,0,287000,0,0,0,371000,84000,287000,287000
063260,信邦富邦9B購01  ,0,0,0,0,0,0,0,0,0,287000,0,0,0,439000,152000,287000,287000
064540,神達麥證01購01  ,0,0,0,387000,100000,287000,0,0,0,287000,0,0,0,387000,100000,287000,287000
1229,聯華            ,586000,301105,284895,0,0,0,0,0,0,2000,2000,0,2000,0,0,0,286895
062533,嘉澤統一9C購01  ,0,0,0,0,0,0,0,0,0,286000,0,0,0,286000,0,286000,286000
063885,南六元富9C購01  ,0,0,0,0,0,0,0,0,0,286000,0,0,0,385000,99000,286000,286000
045872,元油2X元富98購03,0,0,0,0,0,0,0,0,0,285000,0,0,0,286000,1000,285000,285000
062266,世紀鋼元大9B購02,0,0,0,0,0,0,0,0,0,284000,0,0,0,284000,0,284000,284000
065604,聯發科元大9C購17,0,0,0,0,0,0,0,0,0,283000,0,0,0,414000,131000,283000,283000
6285,啟碁            ,453000,167000,286000,0,0,0,0,0,0,-4000,1000,6000,-5000,4000,3000,1000,282000
062404,新唐永豐9B購01  ,0,0,0,0,0,0,0,0,0,281000,0,0,0,316000,35000,281000,281000
064252,嘉澤元富9C購01  ,0,0,0,0,0,0,0,0,0,281000,0,0,0,475000,194000,281000,281000
2441,超豐            ,471000,220000,251000,0,0,0,0,1000,-1000,31000,31000,0,31000,0,0,0,281000
053630,奇鋐兆豐97購01  ,0,0,0,0,0,0,0,0,0,280000,0,0,0,280000,0,280000,280000
058337,日月光元富99購01,0,0,0,0,0,0,0,0,0,279000,0,0,0,419000,140000,279000,279000
061859,勤誠國票9B購01  ,0,0,0,0,0,0,0,0,0,279000,0,0,0,310000,31000,279000,279000
064829,義隆統一01購02  ,0,0,0,0,0,0,0,0,0,279000,0,0,0,566000,287000,279000,279000
063659,世紀鋼元富9B購01,0,0,0,0,0,0,0,0,0,278000,0,0,0,408000,130000,278000,278000
05691P,聯發科中信98售01,0,0,0,0,0,0,0,0,0,275000,0,0,0,275000,0,275000,275000
062172,南六永豐9B購01  ,0,0,0,0,0,0,0,0,0,275000,0,0,0,290000,15000,275000,275000
1338,廣華-KY         ,375000,104000,271000,0,0,0,0,0,0,3000,0,0,0,3000,0,3000,274000
08353P,聯電元大9C售04  ,0,0,0,0,0,0,0,0,0,274000,0,0,0,280000,6000,274000,274000
08154P,上銀元富9B售04  ,0,0,0,0,0,0,0,0,0,274000,0,0,0,276000,2000,274000,274000
060337,FBVIX統一9A購01 ,0,0,0,0,0,0,0,0,0,274000,0,0,0,274000,0,274000,274000
2357,華碩            ,1028050,815304,212746,0,0,0,72000,1000,71000,-10000,4000,0,4000,5000,19000,-14000,273746
1217,愛之味          ,364000,91000,273000,0,0,0,0,0,0,0,0,0,0,0,0,0,273000
4967,十銓            ,408000,130000,278000,0,0,0,0,0,0,-5000,0,5000,-5000,0,0,0,273000
07536P,華新科元富9A售04,0,0,0,0,0,0,0,0,0,272000,0,0,0,316000,44000,272000,272000
063247,信邦元大9B購02  ,0,0,0,0,0,0,0,0,0,272000,0,0,0,368000,96000,272000,272000
07294P,滬深2X元富9C售08,0,0,0,0,0,0,0,0,0,271000,0,0,0,271000,0,271000,271000
064117,中興電元大9C購01,0,0,0,0,0,0,0,0,0,271000,0,0,0,271000,0,271000,271000
08189P,超眾群益9B售04  ,0,0,0,0,0,0,0,0,0,270000,0,0,0,270000,0,270000,270000
058527,世紀鋼元大99購01,0,0,0,0,0,0,0,0,0,270000,0,0,0,560000,290000,270000,270000
050400,臻鼎中信97購01  ,0,0,0,0,0,0,0,0,0,270000,0,0,0,270000,0,270000,270000
057696,聯電群益9A購01  ,0,0,0,0,0,0,0,0,0,269000,0,0,0,269000,0,269000,269000
062063,世紀鋼統一9C購01,0,0,0,0,0,0,0,0,0,269000,0,0,0,289000,20000,269000,269000
056609,楠梓電永豐98購02,0,0,0,0,0,0,0,0,0,268000,0,0,0,268000,0,268000,268000
061198,世紀鋼永豐9A購03,0,0,0,0,0,0,0,0,0,268000,0,0,0,268000,0,268000,268000
06914P,南茂元大98售03  ,0,0,0,0,0,0,0,0,0,267000,0,0,0,267000,0,267000,267000
064188,玉晶光永豐9C購02,0,0,0,0,0,0,0,0,0,267000,0,0,0,325000,58000,267000,267000
064296,奇鋐國票01購01  ,0,0,0,0,0,0,0,0,0,267000,0,0,0,624000,357000,267000,267000
066458,大毅統一02購02  ,0,0,0,0,0,0,0,0,0,266000,0,0,0,330000,64000,266000,266000
03687C,臺股指凱基9C牛22,0,0,0,0,0,0,0,0,0,266000,0,0,0,325000,59000,266000,266000
064492,技嘉元大9C購01  ,0,0,0,0,0,0,0,0,0,266000,0,0,0,414000,148000,266000,266000
08631P,臺股指麥證9C售06,0,0,0,300000,35000,265000,0,0,0,265000,0,0,0,300000,35000,265000,265000
08526P,義隆元大9C售04  ,0,0,0,0,0,0,0,0,0,265000,0,0,0,327000,62000,265000,265000
06326P,鴻海中信01售01  ,0,0,0,0,0,0,0,0,0,265000,0,0,0,466000,201000,265000,265000
062264,南六元大9B購02  ,0,0,0,0,0,0,0,0,0,265000,0,0,0,438000,173000,265000,265000
00766L,台新MSCI中國正2 ,0,0,0,0,0,0,0,0,0,264000,0,0,0,336000,72000,264000,264000
061597,南六永豐9A購04  ,0,0,0,0,0,0,0,0,0,264000,0,0,0,292000,28000,264000,264000
066242,惠特富邦03購01  ,0,0,0,0,0,0,0,0,0,263000,0,0,0,463000,200000,263000,263000
066143,惠特群益01購01  ,0,0,0,0,0,0,0,0,0,263000,0,0,0,357000,94000,263000,263000
06954P,大立光元富99售01,0,0,0,0,0,0,0,0,0,262000,0,0,0,317000,55000,262000,262000
08231P,上銀元富9B售10  ,0,0,0,0,0,0,0,0,0,262000,0,0,0,262000,0,262000,262000
057575,世紀鋼永豐98購02,0,0,0,0,0,0,0,0,0,262000,0,0,0,272000,10000,262000,262000
08598P,立積元大9C售04  ,0,0,0,0,0,0,0,0,0,261000,0,0,0,261000,0,261000,261000
08719P,華通元大01售04  ,0,0,0,0,0,0,0,0,0,261000,0,0,0,323000,62000,261000,261000
056390,台積電富邦9B購01,0,0,0,0,0,0,0,0,0,261000,0,0,0,261000,0,261000,261000
08209P,上銀元富9B售06  ,0,0,0,0,0,0,0,0,0,260000,0,0,0,264000,4000,260000,260000
058054,台積電統一9C購01,0,0,0,0,0,0,0,0,0,259000,0,0,0,683000,424000,259000,259000
062649,緯穎富邦9B購03  ,0,0,0,0,0,0,0,0,0,258000,0,0,0,311000,53000,258000,258000
1455,集盛            ,400000,147000,253000,0,0,0,0,0,0,4000,4000,0,4000,0,0,0,257000
08605P,聯發科中信9C售06,0,0,0,0,0,0,0,0,0,257000,0,0,0,474000,217000,257000,257000
065994,南六永豐01購01  ,0,0,0,0,0,0,0,0,0,257000,0,0,0,283000,26000,257000,257000
061612,南六統一9A購01  ,0,0,0,0,0,0,0,0,0,257000,0,0,0,608000,351000,257000,257000
063154,南六元富9B購02  ,0,0,0,0,0,0,0,0,0,257000,0,0,0,290000,33000,257000,257000
1218,泰山            ,673000,454000,219000,0,0,0,0,0,0,36000,0,0,0,38000,2000,36000,255000
061579,京鼎元大9A購02  ,0,0,0,0,0,0,0,0,0,255000,0,0,0,258000,3000,255000,255000
5515,建國            ,286000,31000,255000,0,0,0,0,0,0,0,0,0,0,0,0,0,255000
8210,勤誠            ,563000,182000,381000,0,0,0,0,0,0,-126000,2000,32000,-30000,2000,98000,-96000,255000
08596P,聯發科國泰02售02,0,0,0,0,0,0,0,0,0,254000,0,0,0,405000,151000,254000,254000
066087,大毅永豐01購02  ,0,0,0,0,0,0,0,0,0,253000,0,0,0,269000,16000,253000,253000
058312,大毅國泰9B購01  ,0,0,0,0,0,0,0,0,0,253000,0,0,0,331000,78000,253000,253000
065079,致茂元大9C購01  ,0,0,0,0,0,0,0,0,0,253000,0,0,0,253000,0,253000,253000
058588,致茂中信9B購01  ,0,0,0,0,0,0,0,0,0,252000,0,0,0,255000,3000,252000,252000
061613,南六統一9C購01  ,0,0,0,0,0,0,0,0,0,252000,0,0,0,366000,114000,252000,252000
057298,旭富永豐98購01  ,0,0,0,0,0,0,0,0,0,252000,0,0,0,285000,33000,252000,252000
064068,義隆永豐9C購01  ,0,0,0,0,0,0,0,0,0,252000,0,0,0,295000,43000,252000,252000
066174,京鼎凱基01購01  ,0,0,0,0,0,0,0,0,0,251000,0,0,0,414000,163000,251000,251000
00783,富邦中証500     ,12000,3000,9000,0,0,0,0,0,0,242000,0,0,0,1736000,1494000,242000,251000
063950,信邦元大9C購01  ,0,0,0,0,0,0,0,0,0,251000,0,0,0,261000,10000,251000,251000
07420P,可成元大99售07  ,0,0,0,0,0,0,0,0,0,250000,0,0,0,250000,0,250000,250000
055025,華新科國泰98購02,0,0,0,0,0,0,0,0,0,250000,0,0,0,250000,0,250000,250000
057105,致茂群益9A購01  ,0,0,0,0,0,0,0,0,0,250000,0,0,0,255000,5000,250000,250000
061227,日月光中信9B購01,0,0,0,0,0,0,0,0,0,250000,0,0,0,292000,42000,250000,250000
059395,T50反1元富99購03,0,0,0,0,0,0,0,0,0,250000,0,0,0,250000,0,250000,250000
059943,信邦永豐99購01  ,0,0,0,0,0,0,0,0,0,250000,0,0,0,250000,0,250000,250000
08480P,臺股指凱基9C售18,0,0,0,0,0,0,0,0,0,248000,0,0,0,248000,0,248000,248000
1517,利奇            ,299000,51000,248000,0,0,0,0,0,0,0,0,0,0,0,0,0,248000
06657P,寶成元大98售01  ,0,0,0,0,0,0,0,0,0,248000,0,0,0,250000,2000,248000,248000
066512,致茂永豐01購01  ,0,0,0,0,0,0,0,0,0,248000,0,0,0,248000,0,248000,248000
2535,達欣工          ,266000,18000,248000,0,0,0,0,0,0,0,2000,0,2000,0,2000,-2000,248000
066040,友訊元大01購02  ,0,0,0,0,0,0,0,0,0,247000,0,0,0,247000,0,247000,247000
063539,世紀鋼統一9B購02,0,0,0,0,0,0,0,0,0,247000,0,0,0,287000,40000,247000,247000
066139,拓凱群益01購01  ,0,0,0,0,0,0,0,0,0,246000,0,0,0,588000,342000,246000,246000
08643P,和碩群益9C售02  ,0,0,0,0,0,0,0,0,0,246000,0,0,0,342000,96000,246000,246000
059093,旭富元大99購01  ,0,0,0,0,0,0,0,0,0,246000,0,0,0,383000,137000,246000,246000
064337,大毅元大01購02  ,0,0,0,0,0,0,0,0,0,246000,0,0,0,256000,10000,246000,246000
065853,智伸科元大9C購02,0,0,0,0,0,0,0,0,0,246000,0,0,0,396000,150000,246000,246000
07071P,立積元富99售01  ,0,0,0,0,0,0,0,0,0,245000,0,0,0,310000,65000,245000,245000
06837P,上銀統一9A售02  ,0,0,0,0,0,0,0,0,0,245000,0,0,0,265000,20000,245000,245000
063103,技嘉群益9B購01  ,0,0,0,0,0,0,0,0,0,245000,0,0,0,249000,4000,245000,245000
062045,崇越凱基9B購01  ,0,0,0,0,0,0,0,0,0,245000,0,0,0,265000,20000,245000,245000
07230P,滬深2X群益01售02,0,0,0,0,0,0,0,0,0,243000,0,0,0,243000,0,243000,243000
063153,南六元富9B購01  ,0,0,0,0,0,0,0,0,0,243000,0,0,0,305000,62000,243000,243000
3209,全科            ,257000,15000,242000,0,0,0,0,0,0,0,0,0,0,0,0,0,242000
6412,群電            ,516000,112000,404000,0,0,0,0,163000,-163000,1000,1000,0,1000,0,0,0,242000
07826P,台積電富邦9B售07,0,0,0,0,0,0,0,0,0,240000,0,0,0,240000,0,240000,240000
064796,緯穎國票01購01  ,0,0,0,0,0,0,0,0,0,240000,0,0,0,265000,25000,240000,240000
2426,鼎元            ,373000,134000,239000,0,0,0,0,0,0,1000,1000,0,1000,0,0,0,240000
07958P,華擎群益9B售01  ,0,0,0,0,0,0,0,0,0,239000,0,0,0,340000,101000,239000,239000
057364,國巨元大98購18  ,0,0,0,0,0,0,0,0,0,239000,0,0,0,240000,1000,239000,239000
061019,大毅國票9A購01  ,0,0,0,0,0,0,0,0,0,239000,0,0,0,308000,69000,239000,239000
1762,中化生          ,663000,425000,238000,0,0,0,0,0,0,1000,1000,2000,-1000,2000,0,2000,239000
054633,臺股指凱基9A購02,0,0,0,0,0,0,0,0,0,238000,0,0,0,902000,664000,238000,238000
054791,泰碩群益99購02  ,0,0,0,0,0,0,0,0,0,238000,0,0,0,238000,0,238000,238000
061361,世紀鋼兆豐9A購01,0,0,0,0,0,0,0,0,0,238000,0,0,0,363000,125000,238000,238000
066099,大立光中信05購01,0,0,0,0,0,0,0,0,0,237000,0,0,0,539000,302000,237000,237000
063080,裕隆凱基9B購01  ,0,0,0,0,0,0,0,0,0,237000,0,0,0,246000,9000,237000,237000
08464P,牧德永豐9C售02  ,0,0,0,0,0,0,0,0,0,236000,0,0,0,236000,0,236000,236000
065799,友訊群益01購03  ,0,0,0,0,0,0,0,0,0,236000,0,0,0,237000,1000,236000,236000
2492,華新科          ,922982,546000,376982,0,0,0,0,199000,-199000,58000,29000,18000,11000,72000,25000,47000,235982
08056P,華通群益9B售06  ,0,0,0,0,0,0,0,0,0,235000,0,0,0,235000,0,235000,235000
07149P,健鼎元大99售03  ,0,0,0,0,0,0,0,0,0,235000,0,0,0,245000,10000,235000,235000
08027P,嘉晶元大9B售03  ,0,0,0,0,0,0,0,0,0,234000,0,0,0,255000,21000,234000,234000
1447,力鵬            ,454000,222000,232000,0,0,0,0,0,0,2000,2000,0,2000,0,0,0,234000
07069P,欣興元富99售02  ,0,0,0,0,0,0,0,0,0,234000,0,0,0,266000,32000,234000,234000
4958,臻鼎-KY         ,2003000,2381000,-378000,0,0,0,785000,150000,635000,-23000,130000,186000,-56000,39000,6000,33000,234000
065499,京元電富邦01購01,0,0,0,0,0,0,0,0,0,233000,0,0,0,611000,378000,233000,233000
064659,台達電元大9C購02,0,0,0,0,0,0,0,0,0,233000,0,0,0,296000,63000,233000,233000
060654,大毅群益9B購01  ,0,0,0,0,0,0,0,0,0,232000,0,0,0,243000,11000,232000,232000
065400,華擎群益01購02  ,0,0,0,0,0,0,0,0,0,232000,0,0,0,306000,74000,232000,232000
064441,嘉澤凱基9C購02  ,0,0,0,0,0,0,0,0,0,231000,0,0,0,337000,106000,231000,231000
8110,華東            ,333000,100000,233000,0,0,0,0,0,0,-2000,6000,8000,-2000,0,0,0,231000
056130,新日興麥證97購01,0,0,0,230000,0,230000,0,0,0,230000,0,0,0,230000,0,230000,230000
063013,技嘉元大9B購02  ,0,0,0,0,0,0,0,0,0,230000,0,0,0,458000,228000,230000,230000
062802,宏達電統一9B購01,0,0,0,0,0,0,0,0,0,227000,0,0,0,278000,51000,227000,227000
6598,ABC-KY          ,377000,150000,227000,0,0,0,0,0,0,0,0,0,0,0,0,0,227000
065822,緯創台新9C購01  ,0,0,0,0,0,0,0,0,0,226000,0,0,0,245000,19000,226000,226000
064808,國產元大9C購02  ,0,0,0,0,0,0,0,0,0,226000,0,0,0,343000,117000,226000,226000
8081,致新            ,783000,584000,199000,0,0,0,0,0,0,26000,5000,0,5000,22000,1000,21000,225000
06884P,台郡群益98售03  ,0,0,0,0,0,0,0,0,0,224000,0,0,0,224000,0,224000,224000
061269,嘉澤凱基9A購01  ,0,0,0,0,0,0,0,0,0,224000,0,0,0,306000,82000,224000,224000
066569,帆宣元大01購02  ,1000,0,1000,0,0,0,0,0,0,222000,0,0,0,288000,66000,222000,223000
065977,旭富元大02購01  ,0,0,0,0,0,0,0,0,0,223000,0,0,0,370000,147000,223000,223000
08026P,臺股指凱基9B售12,0,0,0,0,0,0,0,0,0,223000,0,0,0,275000,52000,223000,223000
061241,晶技兆豐9A購01  ,0,0,0,0,0,0,0,0,0,223000,0,0,0,251000,28000,223000,223000
08104P,晶技元大9B售06  ,0,0,0,0,0,0,0,0,0,222000,0,0,0,222000,0,222000,222000
066095,友訊中信05購01  ,0,0,0,0,0,0,0,0,0,222000,0,0,0,311000,89000,222000,222000
065625,聯發科兆豐9C購06,0,0,0,0,0,0,0,0,0,221000,0,0,0,281000,60000,221000,221000
08302P,長榮航國泰02售01,0,0,0,0,0,0,0,0,0,220000,0,0,0,220000,0,220000,220000
057203,麗豐元富98購02  ,0,0,0,0,0,0,0,0,0,220000,0,0,0,220000,0,220000,220000
062534,力成統一01購01  ,10000,0,10000,0,0,0,0,0,0,210000,0,0,0,669000,459000,210000,220000
065827,正崴凱基9C購01  ,0,0,0,0,0,0,0,0,0,220000,0,0,0,237000,17000,220000,220000
08150P,立積國票9C售01  ,0,0,0,0,0,0,0,0,0,218000,0,0,0,218000,0,218000,218000
065950,正崴統一03購01  ,0,0,0,0,0,0,0,0,0,218000,0,0,0,370000,152000,218000,218000
05749P,臺股指群益99售03,0,0,0,0,0,0,0,0,0,218000,0,0,0,567000,349000,218000,218000
3712,永崴投控        ,224000,2000,222000,0,0,0,0,0,0,-4000,4000,1000,3000,73000,80000,-7000,218000
055261,帆宣統一98購01  ,0,0,0,0,0,0,0,0,0,217000,0,0,0,227000,10000,217000,217000
06904P,TPK凱基98售03   ,0,0,0,0,0,0,0,0,0,216000,0,0,0,216000,0,216000,216000
06296P,燿華元大98售01  ,0,0,0,0,0,0,0,0,0,216000,0,0,0,216000,0,216000,216000
2208,台船            ,302000,131000,171000,0,0,0,0,0,0,45000,2000,0,2000,43000,0,43000,216000
054874,帆宣群益99購02  ,0,0,0,0,0,0,0,0,0,215000,0,0,0,424000,209000,215000,215000
066463,鎧勝統一02購01  ,0,0,0,0,0,0,0,0,0,214000,0,0,0,456000,242000,214000,214000
08173P,金像電凱基9B售02,0,0,0,0,0,0,0,0,0,214000,0,0,0,249000,35000,214000,214000
07867P,晶技元大9B售01  ,0,0,0,0,0,0,0,0,0,214000,0,0,0,214000,0,214000,214000
1526,日馳            ,560000,346000,214000,0,0,0,0,0,0,0,0,0,0,0,0,0,214000
054428,禾伸堂富邦98購01,0,0,0,0,0,0,0,0,0,214000,0,0,0,540000,326000,214000,214000
1612,宏泰            ,308000,95000,213000,0,0,0,0,0,0,0,0,0,0,0,0,0,213000
00830,國泰費城半導體  ,577000,3000,574000,0,0,0,0,0,0,-361000,110000,0,110000,232000,703000,-471000,213000
060239,國揚元大9C購01  ,0,0,0,0,0,0,0,0,0,213000,0,0,0,221000,8000,213000,213000
062466,FBVIX凱基9B購01 ,0,0,0,0,0,0,0,0,0,213000,0,0,0,236000,23000,213000,213000
064873,世紀鋼永豐9C購01,0,0,0,0,0,0,0,0,0,213000,0,0,0,213000,0,213000,213000
2636,台驊投控        ,343000,130000,213000,0,0,0,0,0,0,0,0,0,0,0,0,0,213000
061706,旭富國票9A購02  ,0,0,0,0,0,0,0,0,0,212000,0,0,0,217000,5000,212000,212000
062401,信邦永豐9B購01  ,0,0,0,0,0,0,0,0,0,212000,0,0,0,336000,124000,212000,212000
063188,TPK凱基9B購01   ,0,0,0,0,0,0,0,0,0,212000,0,0,0,296000,84000,212000,212000
06984P,上銀富邦9B售01  ,0,0,0,0,0,0,0,0,0,211000,0,0,0,223000,12000,211000,211000
061427,旭富元大9A購02  ,0,0,0,0,0,0,0,0,0,211000,0,0,0,358000,147000,211000,211000
045837,群創群益98購02  ,0,0,0,0,0,0,0,0,0,210000,0,0,0,210000,0,210000,210000
065643,聯發科元大01購06,0,0,0,0,0,0,0,0,0,210000,0,0,0,467000,257000,210000,210000
057552,禾伸堂凱基98購05,0,0,0,0,0,0,0,0,0,209000,0,0,0,253000,44000,209000,209000
064625,健策元大01購02  ,0,0,0,0,0,0,0,0,0,209000,0,0,0,362000,153000,209000,209000
063538,神達統一9C購01  ,0,0,0,0,0,0,0,0,0,209000,0,0,0,339000,130000,209000,209000
07789P,緯穎群益9A售03  ,0,0,0,0,0,0,0,0,0,208000,0,0,0,208000,0,208000,208000
060922,金像電永豐9A購01,0,0,0,0,0,0,0,0,0,208000,0,0,0,416000,208000,208000,208000
060342,台積電統一02購01,0,0,0,0,0,0,0,0,0,208000,0,0,0,231000,23000,208000,208000
055899,群創中信99購01  ,0,0,0,0,0,0,0,0,0,207000,0,0,0,207000,0,207000,207000
060964,日月光凱基9A購01,0,0,0,0,0,0,0,0,0,207000,0,0,0,317000,110000,207000,207000
065110,嘉澤國票01購01  ,0,0,0,0,0,0,0,0,0,207000,0,0,0,413000,206000,207000,207000
08378P,世紀鋼元富9C售02,0,0,0,0,0,0,0,0,0,206000,0,0,0,252000,46000,206000,206000
062877,可成兆豐9C購01  ,0,0,0,0,0,0,0,0,0,206000,0,0,0,251000,45000,206000,206000
065395,致茂群益01購01  ,0,0,0,0,0,0,0,0,0,206000,0,0,0,206000,0,206000,206000
063961,世紀鋼元大9C購05,0,0,0,0,0,0,0,0,0,206000,0,0,0,256000,50000,206000,206000
07987P,大立光統一9B售13,0,0,0,0,0,0,0,0,0,205000,0,0,0,240000,35000,205000,205000
066214,惠特統一03購02  ,0,0,0,0,0,0,0,0,0,205000,0,0,0,307000,102000,205000,205000
058803,世紀鋼元大99購03,0,0,0,0,0,0,0,0,0,205000,0,0,0,250000,45000,205000,205000
056954,聯詠富邦9A購01  ,0,0,0,0,0,0,0,0,0,205000,0,0,0,369000,164000,205000,205000
2897,王道銀行        ,243000,66000,177000,0,0,0,0,1000,-1000,29000,29000,0,29000,0,0,0,205000
066283,鎧勝元大01購02  ,0,0,0,0,0,0,0,0,0,204000,0,0,0,417000,213000,204000,204000
08094P,華新科元富9B售05,0,0,0,0,0,0,0,0,0,204000,0,0,0,242000,38000,204000,204000
062922,南六元大9B購03  ,0,0,0,0,0,0,0,0,0,204000,0,0,0,408000,204000,204000,204000
07997P,上銀凱基9B售04  ,0,0,0,0,0,0,0,0,0,203000,0,0,0,211000,8000,203000,203000
2402,毅嘉            ,219000,16000,203000,0,0,0,0,0,0,0,0,0,0,0,0,0,203000
07791P,奇鋐元大9A售02  ,0,0,0,0,0,0,0,0,0,202000,0,0,0,363000,161000,202000,202000
08490P,上銀元大9C售08  ,0,0,0,0,0,0,0,0,0,202000,0,0,0,214000,12000,202000,202000
6477,安集            ,298000,101000,197000,0,0,0,0,0,0,5000,5000,0,5000,0,0,0,202000
08377P,臻鼎元富9C售02  ,0,0,0,0,0,0,0,0,0,201000,0,0,0,262000,61000,201000,201000
055902,同欣電中信99購01,0,0,0,0,0,0,0,0,0,201000,0,0,0,1779000,1578000,201000,201000
059040,訊芯群益99購03  ,0,0,0,0,0,0,0,0,0,201000,0,0,0,433000,232000,201000,201000
07576P,可成元大9A售01  ,0,0,0,0,0,0,0,0,0,200000,0,0,0,200000,0,200000,200000
07583P,台積電富邦9B售05,0,0,0,0,0,0,0,0,0,200000,0,0,0,200000,0,200000,200000
07263P,台積電元大99售37,0,0,0,0,0,0,0,0,0,200000,0,0,0,200000,0,200000,200000
08000P,奇鋐凱基9B售03  ,0,0,0,0,0,0,0,0,0,200000,0,0,0,270000,70000,200000,200000
066018,南六元富03購02  ,0,0,0,0,0,0,0,0,0,200000,0,0,0,231000,31000,200000,200000
054828,正崴國泰99購01  ,0,0,0,0,0,0,0,0,0,200000,0,0,0,210000,10000,200000,200000
052077,可成元富98購02  ,0,0,0,0,0,0,0,0,0,200000,0,0,0,200000,0,200000,200000
058062,上銀中信98購01  ,0,0,0,0,0,0,0,0,0,200000,0,0,0,200000,0,200000,200000
061778,元金2X群益9B購02,0,0,0,0,0,0,0,0,0,200000,0,0,0,200000,0,200000,200000
061384,T50反1群益9A購04,0,0,0,0,0,0,0,0,0,200000,0,0,0,200000,0,200000,200000
08042P,臺股指群益9B售15,0,0,0,0,0,0,0,0,0,199000,0,0,0,199000,0,199000,199000
058836,FBVIX中信03購05 ,0,0,0,0,0,0,0,0,0,199000,0,0,0,219000,20000,199000,199000
00650L,FH香港正2       ,71000,71000,0,0,0,0,0,0,0,199000,0,0,0,539000,340000,199000,199000
060677,京元電元大9A購04,0,0,0,0,0,0,0,0,0,199000,0,0,0,293000,94000,199000,199000
064990,世紀鋼元大01購01,0,0,0,0,0,0,0,0,0,199000,0,0,0,300000,101000,199000,199000
08414P,超眾凱基9C售02  ,0,0,0,0,0,0,0,0,0,198000,0,0,0,230000,32000,198000,198000
065578,台郡群益9C購02  ,0,0,0,0,0,0,0,0,0,198000,0,0,0,223000,25000,198000,198000
066618,南六康和01購01  ,0,0,0,0,0,0,0,0,0,197000,0,0,0,199000,2000,197000,197000
065290,奇鋐群益9C購01  ,0,0,0,0,0,0,0,0,0,197000,0,0,0,337000,140000,197000,197000
063761,嘉澤統一02購01  ,0,0,0,0,0,0,0,0,0,197000,0,0,0,701000,504000,197000,197000
063303,聯發科凱基9B購14,0,0,0,0,0,0,0,0,0,197000,0,0,0,218000,21000,197000,197000
064356,矽創元大01購01  ,0,0,0,0,0,0,0,0,0,197000,0,0,0,202000,5000,197000,197000
064316,貿聯群益9C購02  ,0,0,0,0,0,0,0,0,0,196000,0,0,0,196000,0,196000,196000
063805,技嘉兆豐9C購01  ,0,0,0,0,0,0,0,0,0,196000,0,0,0,351000,155000,196000,196000
064979,華擎元大9C購04  ,0,0,0,0,0,0,0,0,0,196000,0,0,0,318000,122000,196000,196000
064629,和潤元大9C購01  ,0,0,0,0,0,0,0,0,0,196000,0,0,0,196000,0,196000,196000
00713,元大台灣高息低波,2000,1000,1000,0,0,0,0,0,0,194000,0,0,0,245000,51000,194000,195000
065919,禾伸堂凱基02購01,0,0,0,0,0,0,0,0,0,194000,0,0,0,279000,85000,194000,194000
055437,禾伸堂中信99購01,0,0,0,0,0,0,0,0,0,194000,0,0,0,289000,95000,194000,194000
061243,麗豐兆豐9A購01  ,0,0,0,0,0,0,0,0,0,194000,0,0,0,194000,0,194000,194000
2428,興勤            ,311000,156000,155000,0,0,0,0,0,0,39000,2000,0,2000,42000,5000,37000,194000
054212,聯詠國票97購03  ,0,0,0,0,0,0,0,0,0,193000,0,0,0,200000,7000,193000,193000
064287,日月光元大9C購01,0,0,0,0,0,0,0,0,0,193000,0,0,0,203000,10000,193000,193000
066012,友訊元富01購01  ,0,0,0,0,0,0,0,0,0,191000,0,0,0,215000,24000,191000,191000
057416,T50反1凱基9C購01,0,0,0,0,0,0,0,0,0,191000,0,0,0,216000,25000,191000,191000
065045,信邦凱基9C購01  ,0,0,0,0,0,0,0,0,0,191000,0,0,0,191000,0,191000,191000
051432,群創元富99購03  ,0,0,0,0,0,0,0,0,0,190000,0,0,0,190000,0,190000,190000
062508,臺股指群益9B購03,0,0,0,0,0,0,0,0,0,190000,0,0,0,190000,0,190000,190000
07917P,可成永豐9B售01  ,0,0,0,0,0,0,0,0,0,189000,0,0,0,189000,0,189000,189000
057664,台積電元大9A購03,0,0,0,0,0,0,0,0,0,189000,0,0,0,196000,7000,189000,189000
058209,臺股指凱基01購01,0,0,0,0,0,0,0,0,0,189000,0,0,0,665000,476000,189000,189000
059924,世紀鋼元大99購06,0,0,0,0,0,0,0,0,0,188000,0,0,0,191000,3000,188000,188000
08466P,旺宏統一9C售03  ,0,0,0,0,0,0,0,0,0,186000,0,0,0,186000,0,186000,186000
08541P,景碩國票01售02  ,0,0,0,0,0,0,0,0,0,186000,0,0,0,187000,1000,186000,186000
08223P,臺股指凱基9B售18,0,0,0,0,0,0,0,0,0,185000,0,0,0,330000,145000,185000,185000
057839,台積電富邦9A購02,0,0,0,0,0,0,0,0,0,185000,0,0,0,320000,135000,185000,185000
056191,世紀鋼統一97購01,0,0,0,0,0,0,0,0,0,184000,0,0,0,214000,30000,184000,184000
060194,旭富元富9A購01  ,0,0,0,0,0,0,0,0,0,184000,0,0,0,184000,0,184000,184000
8341,日友            ,161000,21000,140000,0,0,0,43000,0,43000,0,0,0,0,0,0,0,183000
059856,昇陽半永豐99購03,0,0,0,0,0,0,0,0,0,182000,0,0,0,182000,0,182000,182000
064525,臺股指群益9C購10,0,0,0,0,0,0,0,0,0,182000,0,0,0,183000,1000,182000,182000
08627P,臺股指群益9C售22,0,0,0,0,0,0,0,0,0,181000,0,0,0,191000,10000,181000,181000
057982,帆宣永豐98購01  ,0,0,0,0,0,0,0,0,0,181000,0,0,0,181000,0,181000,181000
060107,旭富元大99購03  ,0,0,0,0,0,0,0,0,0,181000,0,0,0,260000,79000,181000,181000
4108,懷特            ,777000,596000,181000,0,0,0,0,0,0,0,0,0,0,0,0,0,181000
08642P,華新科群益9C售06,0,0,0,0,0,0,0,0,0,180000,0,0,0,180000,0,180000,180000
07627P,超眾凱基9A售02  ,0,0,0,0,0,0,0,0,0,180000,0,0,0,200000,20000,180000,180000
066230,南帝富邦02購01  ,0,0,0,0,0,0,0,0,0,180000,0,0,0,180000,0,180000,180000
06178P,大立光第一99售01,0,0,0,0,0,0,0,0,0,180000,0,0,0,180000,0,180000,180000
057723,臺股指元富98購02,0,0,0,0,0,0,0,0,0,180000,150000,0,150000,30000,0,30000,180000
049893,日月光富邦98購01,0,0,0,0,0,0,0,0,0,180000,0,0,0,180000,0,180000,180000
056490,台積電國泰99購01,0,0,0,0,0,0,0,0,0,180000,0,0,0,180000,0,180000,180000
060072,國巨元富99購04  ,0,0,0,0,0,0,0,0,0,180000,0,0,0,280000,100000,180000,180000
062540,茂林國泰9C購01  ,0,0,0,0,0,0,0,0,0,180000,0,0,0,301000,121000,180000,180000
063947,大毅元大9C購02  ,0,0,0,0,0,0,0,0,0,180000,0,0,0,275000,95000,180000,180000
066846,京鼎元大01購03  ,0,0,0,0,0,0,0,0,0,179000,0,0,0,254000,75000,179000,179000
064505,康控元大9C購01  ,0,0,0,0,0,0,0,0,0,179000,0,0,0,307000,128000,179000,179000
065220,義隆富邦01購02  ,0,0,0,0,0,0,0,0,0,179000,0,0,0,247000,68000,179000,179000
1802,台玻            ,363000,186000,177000,0,0,0,0,0,0,2000,2000,0,2000,0,0,0,179000
065068,臺股指群益9C購16,0,0,0,0,0,0,0,0,0,178000,0,0,0,178000,0,178000,178000
063818,矽創群益9C購01  ,0,0,0,0,0,0,0,0,0,178000,0,0,0,203000,25000,178000,178000
054755,世紀鋼凱基98購01,0,0,0,0,0,0,0,0,0,176000,0,0,0,196000,20000,176000,176000
08177P,金像電元大9B售02,0,0,0,0,0,0,0,0,0,175000,0,0,0,195000,20000,175000,175000
08696P,臺股指群益01售01,0,0,0,0,0,0,0,0,0,175000,0,0,0,185000,10000,175000,175000
054926,神達凱基98購01  ,0,0,0,0,0,0,0,0,0,175000,0,0,0,180000,5000,175000,175000
056161,康控凱基98購02  ,0,0,0,0,0,0,0,0,0,174000,0,0,0,354000,180000,174000,174000
057082,玉晶光統一9A購04,0,0,0,0,0,0,0,0,0,174000,0,0,0,174000,0,174000,174000
064787,和潤群益9C購01  ,0,0,0,0,0,0,0,0,0,174000,0,0,0,174000,0,174000,174000
063550,可成國票9C購01  ,0,0,0,0,0,0,0,0,0,173000,0,0,0,331000,158000,173000,173000
053919,可成國票97購02  ,0,0,0,0,0,0,0,0,0,172000,0,0,0,172000,0,172000,172000
062183,奇鋐元大9B購01  ,0,0,0,0,0,0,0,0,0,172000,0,0,0,681000,509000,172000,172000
065819,京鼎元富03購01  ,0,0,0,0,0,0,0,0,0,172000,0,0,0,371000,199000,172000,172000
08208P,臺股指群益9B售16,0,0,0,0,0,0,0,0,0,171000,0,0,0,171000,0,171000,171000
057554,新日興凱基99購02,0,0,0,0,0,0,0,0,0,171000,0,0,0,283000,112000,171000,171000
062133,大成鋼群益9B購01,0,0,0,0,0,0,0,0,0,171000,0,0,0,482000,311000,171000,171000
060430,和潤永豐9A購01  ,0,0,0,0,0,0,0,0,0,171000,0,0,0,182000,11000,171000,171000
3419,譁裕            ,224000,53000,171000,0,0,0,0,0,0,0,0,0,0,0,0,0,171000
07819P,旺宏國票9B售01  ,0,0,0,0,0,0,0,0,0,170000,0,0,0,170000,0,170000,170000
08292P,華新科台新9C售01,0,0,0,0,0,0,0,0,0,170000,0,0,0,170000,0,170000,170000
057151,易華電國票99購01,0,0,0,0,0,0,0,0,0,170000,0,0,0,230000,60000,170000,170000
058666,上証反群益01購01,0,0,0,0,0,0,0,0,0,170000,0,0,0,170000,0,170000,170000
065648,華擎元大01購02  ,0,0,0,0,0,0,0,0,0,170000,0,0,0,409000,239000,170000,170000
063899,同欣電群益9C購01,0,0,0,0,0,0,0,0,0,170000,0,0,0,170000,0,170000,170000
08621P,景碩群益9C售01  ,0,0,0,0,0,0,0,0,0,169000,0,0,0,277000,108000,169000,169000
062019,嘉澤永豐9B購01  ,0,0,0,0,0,0,0,0,0,169000,0,0,0,308000,139000,169000,169000
064207,國巨凱基03購02  ,0,0,0,0,0,0,0,0,0,169000,0,0,0,191000,22000,169000,169000
3588,通嘉            ,571000,403000,168000,0,0,0,0,0,0,1000,1000,0,1000,0,0,0,169000
059259,FBVIX中信03購06 ,0,0,0,0,0,0,0,0,0,168000,0,0,0,200000,32000,168000,168000
064355,南六元大01購01  ,0,0,0,0,0,0,0,0,0,168000,0,0,0,245000,77000,168000,168000
065653,同欣電元大03購01,0,0,0,0,0,0,0,0,0,168000,0,0,0,534000,366000,168000,168000
08562P,南電國票01售03  ,0,0,0,0,0,0,0,0,0,167000,0,0,0,274000,107000,167000,167000
046881,智原富邦99購01  ,0,0,0,0,0,0,0,0,0,167000,0,0,0,227000,60000,167000,167000
058936,國喬中信99購01  ,0,0,0,0,0,0,0,0,0,167000,0,0,0,187000,20000,167000,167000
059080,亞泥元大99購01  ,0,0,0,0,0,0,0,0,0,167000,0,0,0,577000,410000,167000,167000
064866,義隆永豐9C購02  ,0,0,0,0,0,0,0,0,0,167000,0,0,0,194000,27000,167000,167000
065958,T50反1元大01購01,0,0,0,0,0,0,0,0,0,166000,0,0,0,166000,0,166000,166000
053797,台積電中信98購01,0,0,0,0,0,0,0,0,0,166000,0,0,0,385000,219000,166000,166000
066366,信邦中信02購01  ,0,0,0,0,0,0,0,0,0,165000,0,0,0,193000,28000,165000,165000
07989P,玉晶光凱基9B售07,0,0,0,0,0,0,0,0,0,165000,0,0,0,176000,11000,165000,165000
05545P,台表科國泰98售01,0,0,0,0,0,0,0,0,0,165000,0,0,0,165000,0,165000,165000
060556,緯穎凱基9A購04  ,0,0,0,0,0,0,0,0,0,165000,0,0,0,325000,160000,165000,165000
08014P,微星凱基9B售02  ,0,0,0,0,0,0,0,0,0,164000,0,0,0,174000,10000,164000,164000
08489P,臺股指群益9C售20,0,0,0,0,0,0,0,0,0,164000,0,0,0,169000,5000,164000,164000
066440,南帝群益01購01  ,0,0,0,0,0,0,0,0,0,164000,0,0,0,184000,20000,164000,164000
07055P,景碩群益9A售02  ,0,0,0,0,0,0,0,0,0,164000,0,0,0,164000,0,164000,164000
057903,聯鈞永豐99購01  ,0,0,0,0,0,0,0,0,0,164000,0,0,0,219000,55000,164000,164000
063578,瑞祺元大9B購03  ,0,0,0,0,0,0,0,0,0,164000,0,0,0,179000,15000,164000,164000
3024,憶聲            ,372000,208000,164000,0,0,0,0,0,0,0,0,0,0,0,0,0,164000
08524P,奇力新元大9C售01,0,0,0,0,0,0,0,0,0,163000,0,0,0,173000,10000,163000,163000
08096P,大立光元富9B售04,0,0,0,0,0,0,0,0,0,163000,0,0,0,412000,249000,163000,163000
063917,南六凱基02購01  ,0,0,0,0,0,0,0,0,0,163000,0,0,0,186000,23000,163000,163000
065974,智原元大01購01  ,0,0,0,0,0,0,0,0,0,162000,0,0,0,238000,76000,162000,162000
049842,道瓊反中信98購01,0,0,0,0,0,0,0,0,0,162000,0,0,0,200000,38000,162000,162000
1904,正隆            ,1205000,908000,297000,0,0,0,0,0,0,-135000,102000,61000,41000,169000,345000,-176000,162000
08093P,英業達元富9B售02,0,0,0,0,0,0,0,0,0,161000,0,0,0,262000,101000,161000,161000
053782,京元電元大98購02,0,0,0,0,0,0,0,0,0,161000,0,0,0,278000,117000,161000,161000
053584,友達元大9B購02  ,0,0,0,0,0,0,0,0,0,161000,0,0,0,312000,151000,161000,161000
061552,南六群益9A購02  ,0,0,0,0,0,0,0,0,0,161000,0,0,0,298000,137000,161000,161000
059097,世紀鋼元大99購05,0,0,0,0,0,0,0,0,0,161000,0,0,0,186000,25000,161000,161000
08031P,臺股指元大9B售38,0,0,0,0,0,0,0,0,0,160000,0,0,0,160000,0,160000,160000
053468,鴻海元大98購01  ,0,0,0,0,0,0,0,0,0,160000,0,0,0,160000,0,160000,160000
059077,FBVIX元大99購05 ,0,0,0,0,0,0,0,0,0,160000,0,0,0,160000,0,160000,160000
063139,聯發科統一9B購07,0,0,0,0,0,0,0,0,0,160000,0,0,0,197000,37000,160000,160000
062161,南六凱基9C購01  ,0,0,0,0,0,0,0,0,0,160000,0,0,0,177000,17000,160000,160000
063670,美食統一9C購01  ,0,0,0,0,0,0,0,0,0,160000,0,0,0,160000,0,160000,160000
064475,台積電國泰02購03,0,0,0,0,0,0,0,0,0,160000,0,0,0,221000,61000,160000,160000
064854,祥碩麥證9C購01  ,0,0,0,279000,119000,160000,0,0,0,160000,0,0,0,279000,119000,160000,160000
065215,義隆國泰02購02  ,0,0,0,0,0,0,0,0,0,160000,0,0,0,297000,137000,160000,160000
065150,上銀群益9C購03  ,0,0,0,0,0,0,0,0,0,160000,0,0,0,160000,0,160000,160000
2401,凌陽            ,875000,461000,414000,0,0,0,0,0,0,-254000,2000,256000,-254000,0,0,0,160000
06760P,台積電元大98售18,0,0,0,0,0,0,0,0,0,159000,0,0,0,159000,0,159000,159000
066518,惠特永豐01購02  ,0,0,0,0,0,0,0,0,0,159000,0,0,0,244000,85000,159000,159000
056724,臻鼎中信9A購01  ,0,0,0,0,0,0,0,0,0,159000,0,0,0,221000,62000,159000,159000
058327,大毅統一9B購01  ,0,0,0,0,0,0,0,0,0,159000,0,0,0,319000,160000,159000,159000
062294,盛群永豐9B購01  ,0,0,0,0,0,0,0,0,0,159000,0,0,0,159000,0,159000,159000
07035P,大立光元富99售04,0,0,0,0,0,0,0,0,0,158000,0,0,0,234000,76000,158000,158000
06717P,可成元大98售09  ,0,0,0,0,0,0,0,0,0,158000,0,0,0,158000,0,158000,158000
08180P,聯發科國泰01售05,0,0,0,0,0,0,0,0,0,158000,0,0,0,173000,15000,158000,158000
063708,上銀凱基9B購06  ,0,0,0,0,0,0,0,0,0,158000,0,0,0,158000,0,158000,158000
07667P,亞德客元大9A售05,0,0,0,0,0,0,0,0,0,157000,0,0,0,158000,1000,157000,157000
08384P,臺股指群益9C售12,0,0,0,0,0,0,0,0,0,157000,0,0,0,182000,25000,157000,157000
066272,聯陽元大01購01  ,0,0,0,0,0,0,0,0,0,157000,0,0,0,376000,219000,157000,157000
059296,大立光元富99購06,0,0,0,0,0,0,0,0,0,157000,0,0,0,195000,38000,157000,157000
061085,聯茂兆豐9A購01  ,0,0,0,0,0,0,0,0,0,157000,0,0,0,161000,4000,157000,157000
07457P,宏達電元大9A售01,0,0,0,0,0,0,0,0,0,156000,0,0,0,156000,0,156000,156000
058881,全新永豐99購01  ,0,0,0,0,0,0,0,0,0,156000,0,0,0,166000,10000,156000,156000
06025P,臺股指元大99售02,0,0,0,0,0,0,0,0,0,156000,0,0,0,715000,559000,156000,156000
064724,健鼎統一02購02  ,0,0,0,0,0,0,0,0,0,156000,0,0,0,156000,0,156000,156000
055653,聯詠元富01購02  ,0,0,0,0,0,0,0,0,0,155000,0,0,0,231000,76000,155000,155000
062915,嘉澤元大9B購03  ,0,0,0,0,0,0,0,0,0,155000,0,0,0,339000,184000,155000,155000
05894P,友達群益98售02  ,0,0,0,0,0,0,0,0,0,155000,0,0,0,165000,10000,155000,155000
064028,大毅元大01購01  ,0,0,0,0,0,0,0,0,0,155000,0,0,0,155000,0,155000,155000
07964P,大立光統一9B售12,0,0,0,0,0,0,0,0,0,153000,0,0,0,214000,61000,153000,153000
08457P,大毅元大9C售03  ,0,0,0,0,0,0,0,0,0,153000,0,0,0,153000,0,153000,153000
08566P,禾伸堂群益9C售01,0,0,0,0,0,0,0,0,0,153000,0,0,0,153000,0,153000,153000
05859P,台表科國票97售04,0,0,0,0,0,0,0,0,0,153000,0,0,0,153000,0,153000,153000
062481,同欣電國票9B購01,0,0,0,0,0,0,0,0,0,153000,0,0,0,203000,50000,153000,153000
057804,為升元大98購01  ,0,0,0,0,0,0,0,0,0,152000,0,0,0,202000,50000,152000,152000
056465,臺股指凱基99購07,0,0,0,0,0,0,0,0,0,152000,0,0,0,170000,18000,152000,152000
063192,技嘉台新9B購01  ,0,0,0,0,0,0,0,0,0,152000,0,0,0,159000,7000,152000,152000
062975,京鼎元富9B購01  ,0,0,0,0,0,0,0,0,0,152000,0,0,0,222000,70000,152000,152000
065543,緯穎元富01購01  ,0,0,0,0,0,0,0,0,0,152000,0,0,0,212000,60000,152000,152000
065454,神隆元富9C購01  ,0,0,0,0,0,0,0,0,0,152000,0,0,0,152000,0,152000,152000
6142,友勁            ,175000,23000,152000,0,0,0,0,0,0,0,0,0,0,0,0,0,152000
08385P,臺股指群益9C售13,0,0,0,0,0,0,0,0,0,151000,0,0,0,176000,25000,151000,151000
07880P,可成群益9B售05  ,0,0,0,0,0,0,0,0,0,151000,0,0,0,151000,0,151000,151000
064743,聯詠國票01購01  ,0,0,0,0,0,0,0,0,0,151000,0,0,0,166000,15000,151000,151000
07895P,美律元大9B售01  ,0,0,0,0,0,0,0,0,0,150000,0,0,0,150000,0,150000,150000
08313P,健策國票01售01  ,0,0,0,0,0,0,0,0,0,150000,0,0,0,285000,135000,150000,150000
053734,友達中信98購02  ,0,0,0,0,0,0,0,0,0,150000,0,0,0,200000,50000,150000,150000
054058,晶豪科國票98購01,0,0,0,0,0,0,0,0,0,150000,0,0,0,150000,0,150000,150000
055151,台積電元大98購05,0,0,0,0,0,0,0,0,0,150000,0,0,0,150000,0,150000,150000
058351,上銀凱基9A購02  ,0,0,0,0,0,0,0,0,0,150000,0,0,0,200000,50000,150000,150000
061432,世紀鋼元大9A購05,0,0,0,0,0,0,0,0,0,150000,0,0,0,150000,0,150000,150000
063516,香港反凱基03購01,0,0,0,0,0,0,0,0,0,150000,0,0,0,150000,0,150000,150000
08085P,華通凱基9B售04  ,0,0,0,0,0,0,0,0,0,149000,0,0,0,149000,0,149000,149000
063087,南六凱基9C購02  ,0,0,0,0,0,0,0,0,0,149000,0,0,0,154000,5000,149000,149000
064506,康控元大9C購02  ,0,0,0,0,0,0,0,0,0,149000,0,0,0,255000,106000,149000,149000
2489,瑞軒            ,677000,462000,215000,0,0,0,0,0,0,-66000,12000,78000,-66000,0,0,0,149000
06597P,國巨富邦9A售05  ,0,0,0,0,0,0,0,0,0,148000,0,0,0,148000,0,148000,148000
066806,京鼎凱基02購01  ,0,0,0,0,0,0,0,0,0,148000,0,0,0,213000,65000,148000,148000
054800,訊芯群益99購01  ,0,0,0,0,0,0,0,0,0,148000,0,0,0,268000,120000,148000,148000
060289,京元電元大9A購01,0,0,0,0,0,0,0,0,0,148000,0,0,0,148000,0,148000,148000
064452,微星統一01購02  ,0,0,0,0,0,0,0,0,0,148000,0,0,0,198000,50000,148000,148000
064384,聯電富邦01購01  ,0,0,0,0,0,0,0,0,0,148000,0,0,0,158000,10000,148000,148000
063873,南六永豐9C購01  ,0,0,0,0,0,0,0,0,0,147000,0,0,0,150000,3000,147000,147000
2431,聯昌            ,203000,56000,147000,0,0,0,0,0,0,0,0,0,0,0,0,0,147000
066307,華城永豐01購01  ,0,0,0,0,0,0,0,0,0,146000,0,0,0,260000,114000,146000,146000
1701,中化            ,543000,397000,146000,0,0,0,0,0,0,0,0,0,0,0,0,0,146000
056720,世紀鋼永豐98購01,0,0,0,0,0,0,0,0,0,146000,0,0,0,155000,9000,146000,146000
07479P,A50正2元富9A售03,0,0,0,0,0,0,0,0,0,145000,0,0,0,160000,15000,145000,145000
066682,聯詠兆豐03購01  ,0,0,0,0,0,0,0,0,0,145000,0,0,0,167000,22000,145000,145000
066178,拓凱凱基01購01  ,0,0,0,0,0,0,0,0,0,144000,0,0,0,198000,54000,144000,144000
066189,和潤凱基01購01  ,0,0,0,0,0,0,0,0,0,144000,0,0,0,144000,0,144000,144000
07270P,台灣50元大01售09,0,0,0,0,0,0,0,0,0,144000,0,0,0,144000,0,144000,144000
1325,恆大            ,554000,405000,149000,0,0,0,0,0,0,-5000,0,5000,-5000,0,0,0,144000
052152,創意富邦98購01  ,0,0,0,0,0,0,0,0,0,144000,0,0,0,216000,72000,144000,144000
064567,晶技群益01購01  ,0,0,0,0,0,0,0,0,0,144000,0,0,0,215000,71000,144000,144000
08478P,臺股指凱基9C售16,0,0,0,0,0,0,0,0,0,143000,0,0,0,343000,200000,143000,143000
066631,聯詠凱基03購01  ,0,0,0,0,0,0,0,0,0,143000,0,0,0,145000,2000,143000,143000
06138P,台積電中信99售01,0,0,0,0,0,0,0,0,0,143000,0,0,0,253000,110000,143000,143000
060777,茂林凱基9C購01  ,0,0,0,0,0,0,0,0,0,143000,0,0,0,156000,13000,143000,143000
062351,瑞祺群益9C購01  ,0,0,0,0,0,0,0,0,0,143000,0,0,0,153000,10000,143000,143000
064413,世紀鋼凱基02購01,0,0,0,0,0,0,0,0,0,143000,0,0,0,338000,195000,143000,143000
064614,友訊元大9C購02  ,0,0,0,0,0,0,0,0,0,143000,0,0,0,205000,62000,143000,143000
065752,正崴元大9C購01  ,0,0,0,0,0,0,0,0,0,143000,0,0,0,182000,39000,143000,143000
066470,惠特統一02購01  ,0,0,0,0,0,0,0,0,0,142000,0,0,0,216000,74000,142000,142000
07836P,大成鋼元大9A售01,0,0,0,0,0,0,0,0,0,142000,0,0,0,200000,58000,142000,142000
060162,碩天永豐9A購01  ,0,0,0,0,0,0,0,0,0,142000,0,0,0,145000,3000,142000,142000
062886,中興電群益9B購01,0,0,0,0,0,0,0,0,0,142000,0,0,0,154000,12000,142000,142000
064948,致茂凱基01購01  ,0,0,0,0,0,0,0,0,0,142000,0,0,0,142000,0,142000,142000
063480,南六元大9C購01  ,0,0,0,0,0,0,0,0,0,142000,0,0,0,241000,99000,142000,142000
1810,和成            ,288000,146000,142000,0,0,0,0,0,0,0,0,0,0,0,0,0,142000
066228,嘉基國泰02購01  ,0,0,0,0,0,0,0,0,0,141000,0,0,0,141000,0,141000,141000
052203,T50反1中信99購03,0,0,0,0,0,0,0,0,0,141000,0,0,0,163000,22000,141000,141000
05643P,大立光中信98售01,0,0,0,0,0,0,0,0,0,141000,0,0,0,141000,0,141000,141000
058274,世紀鋼永豐99購01,0,0,0,0,0,0,0,0,0,141000,0,0,0,217000,76000,141000,141000
062619,台表科元大9B購03,0,0,0,0,0,0,0,0,0,141000,0,0,0,150000,9000,141000,141000
065026,世紀鋼永豐9C購02,0,0,0,0,0,0,0,0,0,141000,0,0,0,141000,0,141000,141000
6591,動力-KY         ,299000,160000,139000,0,0,0,0,0,0,2000,2000,0,2000,0,0,0,141000
9914,美利達          ,817000,1496000,-679000,0,0,0,681000,15000,666000,154000,136000,80000,56000,113000,15000,98000,141000
07558P,玉晶光元大9A售10,0,0,0,0,0,0,0,0,0,140000,0,0,0,390000,250000,140000,140000
057390,台表科永豐98購01,0,0,0,0,0,0,0,0,0,140000,0,0,0,189000,49000,140000,140000
057717,友訊元富98購02  ,0,0,0,0,0,0,0,0,0,140000,0,0,0,175000,35000,140000,140000
054231,國巨群益98購03  ,0,0,0,0,0,0,0,0,0,140000,0,0,0,150000,10000,140000,140000
062640,訊連國票9C購01  ,0,0,0,0,0,0,0,0,0,140000,0,0,0,140000,0,140000,140000
060870,旭富群益9A購01  ,0,0,0,0,0,0,0,0,0,140000,0,0,0,140000,0,140000,140000
064403,正崴凱基01購01  ,0,0,0,0,0,0,0,0,0,139000,0,0,0,247000,108000,139000,139000
064483,瑞儀永豐9C購01  ,0,0,0,0,0,0,0,0,0,139000,0,0,0,297000,158000,139000,139000
064249,聯發科元富06購01,0,0,0,0,0,0,0,0,0,139000,0,0,0,144000,5000,139000,139000
07982P,全新群益9B售04  ,0,0,0,0,0,0,0,0,0,138000,0,0,0,138000,0,138000,138000
08331P,義隆元富9C售02  ,0,0,0,0,0,0,0,0,0,138000,0,0,0,147000,9000,138000,138000
1201,味全            ,244000,97000,147000,0,0,0,0,0,0,-9000,0,0,0,0,9000,-9000,138000
063983,麗豐兆豐9C購01  ,0,0,0,0,0,0,0,0,0,138000,0,0,0,138000,0,138000,138000
3027,盛達            ,259000,121000,138000,0,0,0,0,0,0,0,0,0,0,0,0,0,138000
5871,中租-KY         ,1306000,1164580,141420,0,0,0,0,5000,-5000,1000,2000,2000,0,4000,3000,1000,137420
07890P,南電國票9B售01  ,0,0,0,0,0,0,0,0,0,137000,0,0,0,210000,73000,137000,137000
066191,惠特凱基01購02  ,0,0,0,0,0,0,0,0,0,137000,0,0,0,147000,10000,137000,137000
066093,世紀鋼永豐01購01,0,0,0,0,0,0,0,0,0,137000,0,0,0,217000,80000,137000,137000
058587,台積電中信9C購03,0,0,0,0,0,0,0,0,0,137000,0,0,0,152000,15000,137000,137000
063072,裕隆永豐9B購01  ,0,0,0,0,0,0,0,0,0,137000,0,0,0,137000,0,137000,137000
062476,神隆國票9B購01  ,0,0,0,0,0,0,0,0,0,137000,0,0,0,152000,15000,137000,137000
063431,神隆元富9B購01  ,0,0,0,0,0,0,0,0,0,137000,0,0,0,152000,15000,137000,137000
066665,聯詠凱基02購01  ,0,0,0,0,0,0,0,0,0,136000,0,0,0,173000,37000,136000,136000
07838P,泰碩元大9A售04  ,0,0,0,0,0,0,0,0,0,136000,0,0,0,225000,89000,136000,136000
08259P,華新科元大9C售04,0,0,0,0,0,0,0,0,0,136000,0,0,0,136000,0,136000,136000
057377,康控元大99購02  ,0,0,0,0,0,0,0,0,0,136000,0,0,0,238000,102000,136000,136000
052987,華新科元大99購01,0,0,0,0,0,0,0,0,0,136000,0,0,0,141000,5000,136000,136000
00851,台新全球AI      ,0,0,0,0,0,0,0,0,0,136000,0,0,0,166000,30000,136000,136000
063146,南六統一9B購02  ,0,0,0,0,0,0,0,0,0,136000,0,0,0,847000,711000,136000,136000
062831,嘉澤群益9B購01  ,0,0,0,0,0,0,0,0,0,136000,0,0,0,136000,0,136000,136000
07894P,燿華元大9B售01  ,0,0,0,0,0,0,0,0,0,135000,0,0,0,165000,30000,135000,135000
07687P,上銀元大9A售06  ,0,0,0,0,0,0,0,0,0,135000,0,0,0,135000,0,135000,135000
066201,大毅統一02購01  ,0,0,0,0,0,0,0,0,0,135000,0,0,0,260000,125000,135000,135000
056585,台積電統一9A購01,0,0,0,0,0,0,0,0,0,135000,0,0,0,135000,0,135000,135000
9933,中鼎            ,381000,190000,191000,0,0,0,0,0,0,-56000,2000,0,2000,0,58000,-58000,135000
1722,台肥            ,1409000,1298000,111000,0,0,0,30000,6000,24000,0,0,0,0,0,0,0,135000
2405,浩鑫            ,160000,25000,135000,0,0,0,0,0,0,0,0,0,0,0,0,0,135000
08523P,金像電元大9C售06,0,0,0,0,0,0,0,0,0,134000,0,0,0,257000,123000,134000,134000
059862,全新群益99購04  ,0,0,0,0,0,0,0,0,0,134000,0,0,0,134000,0,134000,134000
064230,上銀統一01購04  ,0,0,0,0,0,0,0,0,0,134000,0,0,0,200000,66000,134000,134000
064995,世紀鋼兆豐9C購01,0,0,0,0,0,0,0,0,0,134000,0,0,0,134000,0,134000,134000
08565P,聯發科群益9C售12,0,0,0,0,0,0,0,0,0,133000,0,0,0,160000,27000,133000,133000
08430P,友達凱基01售01  ,0,0,0,0,0,0,0,0,0,133000,0,0,0,133000,0,133000,133000
1305,華夏            ,309000,207000,102000,0,0,0,0,0,0,31000,1000,0,1000,30000,0,30000,133000
08185P,華新科永豐9B售01,0,0,0,0,0,0,0,0,0,133000,0,0,0,133000,0,133000,133000
063966,大毅國票01購01  ,0,0,0,0,0,0,0,0,0,133000,0,0,0,200000,67000,133000,133000
5519,隆大            ,181000,48000,133000,0,0,0,0,0,0,0,0,0,0,0,0,0,133000
07944P,華新科元大9B售08,0,0,0,0,0,0,0,0,0,132000,0,0,0,173000,41000,132000,132000
061926,晶技凱基9B購02  ,0,0,0,0,0,0,0,0,0,132000,0,0,0,178000,46000,132000,132000
062319,南六凱基9B購02  ,0,0,0,0,0,0,0,0,0,132000,0,0,0,132000,0,132000,132000
06242P,大立光元富9A售02,0,0,0,0,0,0,0,0,0,132000,0,0,0,235000,103000,132000,132000
062748,祥碩永豐9B購02  ,0,0,0,0,0,0,0,0,0,132000,0,0,0,142000,10000,132000,132000
065749,友訊元大9C購03  ,0,0,0,0,0,0,0,0,0,132000,0,0,0,159000,27000,132000,132000
08728P,緯穎群益01售01  ,0,0,0,0,0,0,0,0,0,131000,0,0,0,141000,10000,131000,131000
08517P,奇力新群益9C售03,0,0,0,0,0,0,0,0,0,131000,0,0,0,136000,5000,131000,131000
066017,南六元富03購01  ,0,0,0,0,0,0,0,0,0,131000,0,0,0,322000,191000,131000,131000
062850,友訊永豐9B購01  ,0,0,0,0,0,0,0,0,0,131000,0,0,0,156000,25000,131000,131000
060506,京元電元大9A購02,0,0,0,0,0,0,0,0,0,131000,0,0,0,171000,40000,131000,131000
065753,正崴元大9C購02  ,0,0,0,0,0,0,0,0,0,131000,0,0,0,242000,111000,131000,131000
064006,晶技凱基9C購02  ,0,0,0,0,0,0,0,0,0,131000,0,0,0,131000,0,131000,131000
063650,矽創元大9B購03  ,0,0,0,0,0,0,0,0,0,131000,0,0,0,138000,7000,131000,131000
065998,友訊國票01購02  ,0,0,0,0,0,0,0,0,0,130000,0,0,0,154000,24000,130000,130000
057237,群創凱基9B購02  ,0,0,0,0,0,0,0,0,0,130000,0,0,0,130000,0,130000,130000
062704,大毅元大9C購01  ,0,0,0,0,0,0,0,0,0,130000,0,0,0,140000,10000,130000,130000
064998,T50反1國票02購01,0,0,0,0,0,0,0,0,0,130000,0,0,0,150000,20000,130000,130000
8926,台汽電          ,351000,267838,83162,0,0,0,0,0,0,46000,2000,0,2000,44000,0,44000,129162
07886P,國巨國票9B售06  ,0,0,0,0,0,0,0,0,0,129000,0,0,0,129000,0,129000,129000
08194P,同欣電國票9C售03,0,0,0,0,0,0,0,0,0,129000,0,0,0,129000,0,129000,129000
058380,臺股指凱基99購15,0,0,0,0,0,0,0,0,0,129000,0,0,0,129000,0,129000,129000
061703,信邦國票9A購01  ,0,0,0,0,0,0,0,0,0,129000,0,0,0,129000,0,129000,129000
057570,技嘉永豐98購02  ,0,0,0,0,0,0,0,0,0,129000,0,0,0,286000,157000,129000,129000
061521,亞光兆豐9A購02  ,0,0,0,0,0,0,0,0,0,129000,0,0,0,332000,203000,129000,129000
064993,嘉澤兆豐9C購01  ,0,0,0,0,0,0,0,0,0,129000,0,0,0,233000,104000,129000,129000
066187,瑞祺凱基01購01  ,0,0,0,0,0,0,0,0,0,128000,0,0,0,143000,15000,128000,128000
06726P,欣興元富98售04  ,0,0,0,0,0,0,0,0,0,128000,0,0,0,128000,0,128000,128000
055681,奇鋐凱基98購03  ,0,0,0,0,0,0,0,0,0,128000,0,0,0,174000,46000,128000,128000
062535,台積電麥證02購01,0,0,0,147000,19000,128000,0,0,0,128000,0,0,0,147000,19000,128000,128000
060571,京元電永豐9A購01,0,0,0,0,0,0,0,0,0,128000,0,0,0,196000,68000,128000,128000
062924,世紀鋼元大9C購04,0,0,0,0,0,0,0,0,0,128000,0,0,0,147000,19000,128000,128000
065985,金像電永豐01購02,0,0,0,0,0,0,0,0,0,127000,0,0,0,237000,110000,127000,127000
07636P,鴻海國票9A售05  ,0,0,0,0,0,0,0,0,0,127000,0,0,0,127000,0,127000,127000
061799,奇鋐永豐9B購01  ,0,0,0,0,0,0,0,0,0,127000,0,0,0,306000,179000,127000,127000
062362,致茂元大9B購01  ,0,0,0,0,0,0,0,0,0,127000,0,0,0,127000,0,127000,127000
064698,致伸群益9C購01  ,0,0,0,0,0,0,0,0,0,127000,0,0,0,130000,3000,127000,127000
3605,宏致            ,227000,100000,127000,0,0,0,0,0,0,0,0,0,0,0,0,0,127000
061950,日月光群益9B購01,0,0,0,0,0,0,0,0,0,126000,0,0,0,147000,21000,126000,126000
058772,茂林兆豐9A購01  ,0,0,0,0,0,0,0,0,0,126000,0,0,0,126000,0,126000,126000
056557,世紀鋼凱基98購02,0,0,0,0,0,0,0,0,0,126000,0,0,0,126000,0,126000,126000
060745,京元電國票9A購01,0,0,0,0,0,0,0,0,0,126000,0,0,0,250000,124000,126000,126000
059852,康控永豐99購02  ,0,0,0,0,0,0,0,0,0,126000,0,0,0,126000,0,126000,126000
062914,嘉澤元大9B購02  ,0,0,0,0,0,0,0,0,0,126000,0,0,0,301000,175000,126000,126000
064807,義隆元大9C購03  ,0,0,0,0,0,0,0,0,0,126000,0,0,0,198000,72000,126000,126000
06564P,國巨富邦9A售04  ,0,0,0,0,0,0,0,0,0,126000,0,0,0,140000,14000,126000,126000
065427,台積電凱基02購04,0,0,0,0,0,0,0,0,0,126000,0,0,0,142000,16000,126000,126000
063760,聯詠統一9C購02  ,0,0,0,0,0,0,0,0,0,126000,0,0,0,182000,56000,126000,126000
063360,茂林國泰9C購02  ,0,0,0,0,0,0,0,0,0,126000,0,0,0,145000,19000,126000,126000
08068P,宏達電國泰9C售01,0,0,0,0,0,0,0,0,0,125000,0,0,0,192000,67000,125000,125000
07883P,可成凱基9B售03  ,0,0,0,0,0,0,0,0,0,125000,0,0,0,145000,20000,125000,125000
066042,正崴元大02購01  ,0,0,0,0,0,0,0,0,0,125000,0,0,0,202000,77000,125000,125000
066195,臺股指凱基03購04,0,0,0,0,0,0,0,0,0,125000,0,0,0,150000,25000,125000,125000
061798,晶豪科永豐9B購01,0,0,0,0,0,0,0,0,0,125000,0,0,0,245000,120000,125000,125000
056709,華通永豐98購01  ,0,0,0,0,0,0,0,0,0,125000,0,0,0,125000,0,125000,125000
059524,FBVIX凱基9A購02 ,0,0,0,0,0,0,0,0,0,125000,0,0,0,125000,0,125000,125000
064628,南六元大9C購05  ,0,0,0,0,0,0,0,0,0,125000,0,0,0,236000,111000,125000,125000
2546,根基            ,148000,12000,136000,0,0,0,0,0,0,-11000,0,11000,-11000,0,0,0,125000
066158,惠特康和01購01  ,0,0,0,0,0,0,0,0,0,124000,0,0,0,124000,0,124000,124000
053083,中環元大99購01  ,0,0,0,0,0,0,0,0,0,124000,0,0,0,200000,76000,124000,124000
061237,晶技元大9A購01  ,0,0,0,0,0,0,0,0,0,124000,0,0,0,182000,58000,124000,124000
065213,南六國票01購03  ,0,0,0,0,0,0,0,0,0,124000,0,0,0,228000,104000,124000,124000
066318,友訊永豐01購01  ,0,0,0,0,0,0,0,0,0,123000,0,0,0,123000,0,123000,123000
06658P,台灣50富邦9C售01,0,0,0,0,0,0,0,0,0,123000,0,0,0,154000,31000,123000,123000
08367P,臺股指凱基9C售11,0,0,0,0,0,0,0,0,0,123000,0,0,0,276000,153000,123000,123000
063921,大立光元富9C購03,0,0,0,0,0,0,0,0,0,123000,0,0,0,123000,0,123000,123000
064526,臺股指群益9C購11,0,0,0,0,0,0,0,0,0,123000,0,0,0,205000,82000,123000,123000
066701,京元電群益01購02,0,0,0,0,0,0,0,0,0,122000,0,0,0,182000,60000,122000,122000
061168,力成兆豐9A購01  ,0,0,0,0,0,0,0,0,0,122000,0,0,0,222000,100000,122000,122000
064246,南六統一9C購02  ,0,0,0,0,0,0,0,0,0,122000,0,0,0,225000,103000,122000,122000
063951,新日興元大9C購01,0,0,0,0,0,0,0,0,0,122000,0,0,0,163000,41000,122000,122000
063831,帆宣國票01購01  ,0,0,0,0,0,0,0,0,0,122000,0,0,0,135000,13000,122000,122000
066432,南六元大01購02  ,0,0,0,0,0,0,0,0,0,121000,0,0,0,236000,115000,121000,121000
08723P,臺股指元大01售04,0,0,0,0,0,0,0,0,0,121000,0,0,0,173000,52000,121000,121000
08207P,金像電群益9B售05,0,0,0,0,0,0,0,0,0,121000,0,0,0,134000,13000,121000,121000
064092,世紀鋼凱基9C購03,0,0,0,0,0,0,0,0,0,121000,0,0,0,121000,0,121000,121000
2013,中鋼構          ,127000,31000,96000,0,0,0,21000,0,21000,4000,4000,0,4000,0,0,0,121000
06991P,矽創群益99售01  ,0,0,0,0,0,0,0,0,0,120000,0,0,0,120000,0,120000,120000
06782P,大立光元大99售07,0,0,0,0,0,0,0,0,0,120000,0,0,0,126000,6000,120000,120000
06857P,超眾永豐98售02  ,0,0,0,0,0,0,0,0,0,120000,0,0,0,120000,0,120000,120000
045836,群創群益98購01  ,0,0,0,0,0,0,0,0,0,120000,0,0,0,120000,0,120000,120000
061721,道瓊反富邦9B購01,0,0,0,0,0,0,0,0,0,120000,0,0,0,120000,0,120000,120000
057048,新日興元大98購01,0,0,0,0,0,0,0,0,0,120000,0,0,0,200000,80000,120000,120000
060023,T50反1國泰9A購03,0,0,0,0,0,0,0,0,0,120000,0,0,0,120000,0,120000,120000
062119,世紀鋼中信9B購01,0,0,0,0,0,0,0,0,0,120000,0,0,0,120000,0,120000,120000
062596,緯穎統一01購02  ,0,0,0,0,0,0,0,0,0,120000,0,0,0,120000,0,120000,120000
060679,聯詠元大9A購04  ,0,0,0,0,0,0,0,0,0,120000,0,0,0,145000,25000,120000,120000
064738,裕隆國票01購01  ,0,0,0,0,0,0,0,0,0,120000,0,0,0,203000,83000,120000,120000
064898,國產群益9C購01  ,0,0,0,0,0,0,0,0,0,120000,0,0,0,406000,286000,120000,120000
2022,聚亨            ,175306,56000,119306,0,0,0,0,0,0,0,0,0,0,0,0,0,119306
066720,滬深2X元大01購07,0,0,0,0,0,0,0,0,0,119000,0,0,0,605000,486000,119000,119000
08424P,群創元富9C售03  ,0,0,0,0,0,0,0,0,0,119000,0,0,0,119000,0,119000,119000
057567,嘉聯益富邦9A購01,0,0,0,0,0,0,0,0,0,119000,0,0,0,139000,20000,119000,119000
058522,聯茂元大99購07  ,0,0,0,0,0,0,0,0,0,119000,0,0,0,120000,1000,119000,119000
055176,大毅統一98購02  ,0,0,0,0,0,0,0,0,0,119000,0,0,0,124000,5000,119000,119000
065810,台表科群益9C購05,0,0,0,0,0,0,0,0,0,119000,0,0,0,129000,10000,119000,119000
064221,華通國票01購01  ,0,0,0,0,0,0,0,0,0,119000,0,0,0,178000,59000,119000,119000
3532,台勝科          ,297000,208000,89000,0,0,0,0,0,0,30000,1000,22000,-21000,79000,28000,51000,119000
08157P,大立光元富9B售06,0,0,0,0,0,0,0,0,0,118000,0,0,0,196000,78000,118000,118000
07834P,聯詠群益9A售03  ,0,0,0,0,0,0,0,0,0,118000,0,0,0,163000,45000,118000,118000
059911,國巨元大99購27  ,0,0,0,0,0,0,0,0,0,118000,0,0,0,140000,22000,118000,118000
065729,聯詠凱基9C購04  ,0,0,0,0,0,0,0,0,0,118000,0,0,0,118000,0,118000,118000
064892,台達電群益9C購02,0,0,0,0,0,0,0,0,0,118000,0,0,0,146000,28000,118000,118000
3094,聯傑            ,171000,54000,117000,0,0,0,0,0,0,1000,1000,0,1000,0,0,0,118000
07967P,力山元大9B售03  ,0,0,0,0,0,0,0,0,0,117000,0,0,0,194000,77000,117000,117000
08456P,聯發科元大9C售13,0,0,0,0,0,0,0,0,0,117000,0,0,0,117000,0,117000,117000
063462,金像電元大9C購01,0,0,0,0,0,0,0,0,0,117000,0,0,0,415000,298000,117000,117000
2399,映泰            ,398000,281000,117000,0,0,0,0,0,0,0,0,0,0,0,0,0,117000
910322,康師傅-DR       ,117000,0,117000,0,0,0,0,0,0,0,0,0,0,0,0,0,117000
08725P,臺股指元大01售06,0,0,0,0,0,0,0,0,0,116000,0,0,0,116000,0,116000,116000
058318,致茂永豐9A購01  ,0,0,0,0,0,0,0,0,0,116000,0,0,0,120000,4000,116000,116000
060717,康控永豐9A購01  ,0,0,0,0,0,0,0,0,0,116000,0,0,0,243000,127000,116000,116000
063012,技嘉元大9B購01  ,0,0,0,0,0,0,0,0,0,116000,0,0,0,155000,39000,116000,116000
08535P,和大國票01售02  ,0,0,0,0,0,0,0,0,0,115000,0,0,0,285000,170000,115000,115000
07500P,微星元大9A售01  ,0,0,0,0,0,0,0,0,0,115000,0,0,0,300000,185000,115000,115000
06861P,台積電國票99售08,0,0,0,0,0,0,0,0,0,115000,0,0,0,126000,11000,115000,115000
065933,鴻海群益01購06  ,0,0,0,0,0,0,0,0,0,115000,0,0,0,115000,0,115000,115000
060868,致伸永豐9A購01  ,0,0,0,0,0,0,0,0,0,115000,0,0,0,115000,0,115000,115000
061023,茂林國泰9B購02  ,0,0,0,0,0,0,0,0,0,115000,0,0,0,134000,19000,115000,115000
064533,技嘉國票01購01  ,0,0,0,0,0,0,0,0,0,115000,0,0,0,254000,139000,115000,115000
065686,同欣電統一03購01,0,0,0,0,0,0,0,0,0,115000,0,0,0,135000,20000,115000,115000
6215,和椿            ,173000,58000,115000,0,0,0,0,0,0,0,0,0,0,0,0,0,115000
07714P,世紀鋼元大9A售03,0,0,0,0,0,0,0,0,0,114000,0,0,0,159000,45000,114000,114000
07949P,滬深2X元大9B售04,0,0,0,0,0,0,0,0,0,114000,0,0,0,232000,118000,114000,114000
057626,技嘉富邦9A購01  ,0,0,0,0,0,0,0,0,0,114000,0,0,0,352000,238000,114000,114000
059730,晶相光元大9C購02,0,0,0,0,0,0,0,0,0,114000,0,0,0,158000,44000,114000,114000
065320,技嘉凱基9C購02  ,0,0,0,0,0,0,0,0,0,114000,0,0,0,220000,106000,114000,114000
064165,同欣電統一01購01,0,0,0,0,0,0,0,0,0,114000,0,0,0,462000,348000,114000,114000
063435,儒鴻統一01購02  ,0,0,0,0,0,0,0,0,0,114000,0,0,0,165000,51000,114000,114000
08306P,台積電凱基01售04,0,0,0,0,0,0,0,0,0,113000,0,0,0,113000,0,113000,113000
056347,GIS凱基9A購01   ,0,0,0,0,0,0,0,0,0,113000,0,0,0,126000,13000,113000,113000
062527,美律統一01購01  ,0,0,0,0,0,0,0,0,0,113000,0,0,0,164000,51000,113000,113000
065862,世紀鋼元大9C購06,0,0,0,0,0,0,0,0,0,113000,0,0,0,135000,22000,113000,113000
08059P,京鼎元大9B售02  ,0,0,0,0,0,0,0,0,0,112000,0,0,0,132000,20000,112000,112000
054088,華新群益98購02  ,0,0,0,0,0,0,0,0,0,112000,0,0,0,112000,0,112000,112000
057564,台積電富邦9B購03,0,0,0,0,0,0,0,0,0,112000,0,0,0,152000,40000,112000,112000
058445,旺宏富邦9C購01  ,0,0,0,0,0,0,0,0,0,112000,0,0,0,182000,70000,112000,112000
058854,樺漢群益9B購01  ,0,0,0,0,0,0,0,0,0,112000,0,0,0,113000,1000,112000,112000
061197,矽創永豐9A購02  ,0,0,0,0,0,0,0,0,0,112000,0,0,0,112000,0,112000,112000
065767,T50反1國票03購01,0,0,0,0,0,0,0,0,0,112000,0,0,0,262000,150000,112000,112000
065800,技嘉群益9C購01  ,0,0,0,0,0,0,0,0,0,112000,0,0,0,139000,27000,112000,112000
063649,南六元大9C購02  ,0,0,0,0,0,0,0,0,0,112000,0,0,0,231000,119000,112000,112000
064304,信邦兆豐01購01  ,0,0,0,0,0,0,0,0,0,112000,0,0,0,203000,91000,112000,112000
07114P,旺宏兆豐9A售01  ,0,0,0,0,0,0,0,0,0,111000,0,0,0,116000,5000,111000,111000
08422P,玉晶光群益02售03,0,0,0,0,0,0,0,0,0,111000,0,0,0,261000,150000,111000,111000
00674R,元大S&P黃金反1  ,0,0,0,0,0,0,0,0,0,111000,0,0,0,126000,15000,111000,111000
065234,旭富凱基01購01  ,0,0,0,0,0,0,0,0,0,111000,0,0,0,224000,113000,111000,111000
5531,鄉林            ,415000,314000,101000,0,0,0,0,0,0,10000,10000,0,10000,0,0,0,111000
08427P,義隆國票9C售01  ,0,0,0,0,0,0,0,0,0,110000,0,0,0,110000,0,110000,110000
07647P,健策國票9A售04  ,0,0,0,0,0,0,0,0,0,110000,0,0,0,110000,0,110000,110000
066372,惠特中信01購01  ,0,0,0,0,0,0,0,0,0,110000,0,0,0,140000,30000,110000,110000
06970P,旺宏元大99售08  ,0,0,0,0,0,0,0,0,0,110000,0,0,0,115000,5000,110000,110000
07033P,大立光統一9B售03,0,0,0,0,0,0,0,0,0,110000,0,0,0,123000,13000,110000,110000
055917,禾伸堂凱基98購02,0,0,0,0,0,0,0,0,0,110000,0,0,0,110000,0,110000,110000
056007,上銀中信97購02  ,0,0,0,0,0,0,0,0,0,110000,0,0,0,110000,0,110000,110000
056089,同欣電統一98購01,0,0,0,0,0,0,0,0,0,110000,0,0,0,110000,0,110000,110000
058308,全新元大9B購01  ,0,0,0,0,0,0,0,0,0,110000,0,0,0,120000,10000,110000,110000
063261,康控富邦03購01  ,0,0,0,0,0,0,0,0,0,110000,0,0,0,173000,63000,110000,110000
061455,京元電凱基9B購01,0,0,0,0,0,0,0,0,0,110000,0,0,0,829000,719000,110000,110000
061390,大立光群益9A購04,0,0,0,0,0,0,0,0,0,110000,0,0,0,110000,0,110000,110000
065367,技嘉元大01購01  ,0,0,0,0,0,0,0,0,0,110000,0,0,0,513000,403000,110000,110000
064414,臺股指凱基9C購10,0,0,0,0,0,0,0,0,0,110000,0,0,0,127000,17000,110000,110000
1736,喬山            ,440000,378000,62000,0,0,0,0,0,0,48000,1000,0,1000,59000,12000,47000,110000
2929,淘帝-KY         ,241000,131535,109465,0,0,0,0,0,0,0,0,0,0,0,0,0,109465
08699P,南電元大01售05  ,0,0,0,0,0,0,0,0,0,109000,0,0,0,109000,0,109000,109000
00651R,FH香港反1       ,28000,22000,6000,0,0,0,0,0,0,103000,0,0,0,803000,700000,103000,109000
060561,台積電富邦04購01,0,0,0,0,0,0,0,0,0,109000,0,0,0,130000,21000,109000,109000
065787,奇鋐永豐9C購01  ,0,0,0,0,0,0,0,0,0,109000,0,0,0,247000,138000,109000,109000
3038,全台            ,1098000,1019000,79000,0,0,0,0,0,0,30000,203000,173000,30000,0,0,0,109000
4942,嘉彰            ,154000,45000,109000,0,0,0,0,0,0,0,0,0,0,0,0,0,109000
07535P,上銀元富9A售03  ,0,0,0,0,0,0,0,0,0,108000,0,0,0,108000,0,108000,108000
00652,富邦印度        ,0,0,0,0,0,0,0,0,0,108000,0,0,0,111000,3000,108000,108000
060388,世紀鋼凱基9B購01,0,0,0,0,0,0,0,0,0,108000,0,0,0,168000,60000,108000,108000
059875,信邦凱基99購02  ,0,0,0,0,0,0,0,0,0,108000,0,0,0,108000,0,108000,108000
062296,南六永豐9B購02  ,0,0,0,0,0,0,0,0,0,108000,0,0,0,108000,0,108000,108000
07951P,智邦元大9B售05  ,0,0,0,0,0,0,0,0,0,107000,0,0,0,107000,0,107000,107000
08243P,祥碩凱基9C售02  ,0,0,0,0,0,0,0,0,0,107000,0,0,0,756000,649000,107000,107000
08649P,聯發科元大9C售21,0,0,0,0,0,0,0,0,0,107000,0,0,0,107000,0,107000,107000
058547,世紀鋼富邦9A購01,0,0,0,0,0,0,0,0,0,107000,0,0,0,107000,0,107000,107000
065607,聯詠元大9C購02  ,0,0,0,0,0,0,0,0,0,107000,0,0,0,148000,41000,107000,107000
064223,日電貿國票01購01,0,0,0,0,0,0,0,0,0,107000,0,0,0,145000,38000,107000,107000
5269,祥碩            ,386000,344000,42000,0,0,0,36000,25000,11000,54000,61000,11000,50000,8000,4000,4000,107000
057009,信邦中信99購01  ,0,0,0,0,0,0,0,0,0,106000,0,0,0,493000,387000,106000,106000
055415,禾伸堂富邦9B購01,0,0,0,0,0,0,0,0,0,106000,0,0,0,251000,145000,106000,106000
065188,玉晶光統一02購01,0,0,0,0,0,0,0,0,0,106000,0,0,0,115000,9000,106000,106000
2421,建準            ,525000,403000,122000,0,0,0,0,22000,-22000,6000,1000,1000,0,25000,19000,6000,106000
08470P,世芯凱基9C售02  ,0,0,0,0,0,0,0,0,0,105000,0,0,0,105000,0,105000,105000
06615P,鴻海元大9C售02  ,0,0,0,0,0,0,0,0,0,105000,0,0,0,176000,71000,105000,105000
055894,欣興統一97購03  ,0,0,0,0,0,0,0,0,0,105000,0,0,0,105000,0,105000,105000
065035,世芯統一01購03  ,0,0,0,0,0,0,0,0,0,105000,0,0,0,146000,41000,105000,105000
063408,茂林國票9C購02  ,0,0,0,0,0,0,0,0,0,105000,0,0,0,105000,0,105000,105000
2363,矽統            ,883000,797000,86000,0,0,0,0,0,0,19000,19000,0,19000,0,0,0,105000
066166,大毅凱基02購01  ,0,0,0,0,0,0,0,0,0,104000,0,0,0,149000,45000,104000,104000
056345,嘉聯益凱基99購01,0,0,0,0,0,0,0,0,0,104000,0,0,0,104000,0,104000,104000
06082P,華通統一98售01  ,0,0,0,0,0,0,0,0,0,104000,0,0,0,123000,19000,104000,104000
062972,京元電元富9B購01,0,0,0,0,0,0,0,0,0,104000,0,0,0,210000,106000,104000,104000
06453P,群創元大9B售02  ,0,0,0,0,0,0,0,0,0,104000,0,0,0,135000,31000,104000,104000
065498,台積電富邦04購02,0,0,0,0,0,0,0,0,0,104000,0,0,0,104000,0,104000,104000
066379,台達電康和01購01,0,0,0,0,0,0,0,0,0,103000,0,0,0,132000,29000,103000,103000
066355,惠特永豐01購01  ,0,0,0,0,0,0,0,0,0,103000,0,0,0,198000,95000,103000,103000
066482,華碩元富01購02  ,0,0,0,0,0,0,0,0,0,103000,0,0,0,115000,12000,103000,103000
07952P,富邦金元大9B售02,0,0,0,0,0,0,0,0,0,103000,0,0,0,103000,0,103000,103000
07868P,健策元大9B售05  ,0,0,0,0,0,0,0,0,0,103000,0,0,0,103000,0,103000,103000
07768P,緯穎群益9A售02  ,0,0,0,0,0,0,0,0,0,103000,0,0,0,348000,245000,103000,103000
065136,正隆凱基9C購01  ,0,0,0,0,0,0,0,0,0,103000,0,0,0,181000,78000,103000,103000
064580,統一永豐9C購01  ,0,0,0,0,0,0,0,0,0,103000,0,0,0,103000,0,103000,103000
064584,英業達永豐9C購01,0,0,0,0,0,0,0,0,0,103000,0,0,0,103000,0,103000,103000
2207,和泰車          ,271000,204500,66500,0,0,0,0,1000,-1000,37000,37000,0,37000,0,0,0,102500
07668P,旺宏元大9A售10  ,0,0,0,0,0,0,0,0,0,102000,0,0,0,102000,0,102000,102000
07093P,台積電凱基99售07,0,0,0,0,0,0,0,0,0,102000,0,0,0,102000,0,102000,102000
057773,技嘉群益9A購02  ,0,0,0,0,0,0,0,0,0,102000,0,0,0,111000,9000,102000,102000
058884,世紀鋼永豐99購02,0,0,0,0,0,0,0,0,0,102000,0,0,0,102000,0,102000,102000
061417,力成群益9A購01  ,0,0,0,0,0,0,0,0,0,102000,0,0,0,200000,98000,102000,102000
064345,創意元大9C購03  ,0,0,0,0,0,0,0,0,0,102000,0,0,0,102000,0,102000,102000
064140,台達電統一01購01,0,0,0,0,0,0,0,0,0,102000,0,0,0,104000,2000,102000,102000
08354P,旺宏元大9C售05  ,0,0,0,0,0,0,0,0,0,101000,0,0,0,101000,0,101000,101000
08695P,嘉晶群益01售01  ,0,0,0,0,0,0,0,0,0,101000,0,0,0,138000,37000,101000,101000
066751,矽創元大01購03  ,0,0,0,0,0,0,0,0,0,101000,0,0,0,101000,0,101000,101000
066183,眾達凱基01購01  ,0,0,0,0,0,0,0,0,0,101000,0,0,0,323000,222000,101000,101000
065987,大毅永豐01購01  ,0,0,0,0,0,0,0,0,0,101000,0,0,0,107000,6000,101000,101000
061910,台積電中信05購03,0,0,0,0,0,0,0,0,0,101000,0,0,0,101000,0,101000,101000
058946,SGBR2X群益9B購01,0,0,0,0,0,0,0,0,0,101000,0,0,0,179000,78000,101000,101000
064431,台積電凱基01購05,0,0,0,0,0,0,0,0,0,101000,0,0,0,101000,0,101000,101000
2727,王品            ,154000,53000,101000,0,0,0,0,0,0,0,0,0,0,0,0,0,101000
3015,全漢            ,113000,16000,97000,0,0,0,0,0,0,4000,4000,0,4000,0,0,0,101000
066227,惠特國泰03購02  ,0,0,0,0,0,0,0,0,0,100000,0,0,0,100000,0,100000,100000
066248,長興元大01購01  ,0,0,0,0,0,0,0,0,0,100000,0,0,0,363000,263000,100000,100000
066342,上緯控永豐01購01,0,0,0,0,0,0,0,0,0,100000,0,0,0,100000,0,100000,100000
06645P,上銀元大98售05  ,0,0,0,0,0,0,0,0,0,100000,0,0,0,100000,0,100000,100000
06644P,亞德客元大98售03,0,0,0,0,0,0,0,0,0,100000,0,0,0,100000,0,100000,100000
066548,燿華元大02購02  ,0,0,0,0,0,0,0,0,0,100000,0,0,0,100000,0,100000,100000
07082P,美律元大99售06  ,0,0,0,0,0,0,0,0,0,100000,0,0,0,100000,0,100000,100000
06973P,臺股指元大9A售11,0,0,0,0,0,0,0,0,0,100000,0,0,0,100000,0,100000,100000
06846P,美律元大98售05  ,0,0,0,0,0,0,0,0,0,100000,0,0,0,100000,0,100000,100000
08540P,嘉晶國票01售01  ,0,0,0,0,0,0,0,0,0,100000,0,0,0,100000,0,100000,100000
07459P,緯穎元大9A售01  ,0,0,0,0,0,0,0,0,0,100000,0,0,0,140000,40000,100000,100000
07472P,和碩元大9A售03  ,0,0,0,0,0,0,0,0,0,100000,0,0,0,100000,0,100000,100000
07418P,聯發科元大99售45,0,0,0,0,0,0,0,0,0,100000,0,0,0,100000,0,100000,100000
07713P,台郡元大9A售03  ,0,0,0,0,0,0,0,0,0,100000,0,0,0,100000,0,100000,100000
07822P,滬深2X元大9A售09,0,0,0,0,0,0,0,0,0,100000,0,0,0,100000,0,100000,100000
07874P,長榮航群益9B售01,0,0,0,0,0,0,0,0,0,100000,0,0,0,100000,0,100000,100000
07999P,台達電凱基9B售02,0,0,0,0,0,0,0,0,0,100000,0,0,0,110000,10000,100000,100000
08199P,大毅元大9B售02  ,0,0,0,0,0,0,0,0,0,100000,0,0,0,100000,0,100000,100000
061909,台積電中信05購02,0,0,0,0,0,0,0,0,0,100000,0,0,0,100000,0,100000,100000
057352,大立光統一9A購02,0,0,0,0,0,0,0,0,0,100000,0,0,0,100000,0,100000,100000
057303,喬山兆豐99購01  ,0,0,0,0,0,0,0,0,0,100000,0,0,0,100000,0,100000,100000
057491,美食元大98購03  ,0,0,0,0,0,0,0,0,0,100000,0,0,0,100000,0,100000,100000
057861,台積電凱基98購16,0,0,0,0,0,0,0,0,0,100000,0,0,0,140000,40000,100000,100000
057189,康控元大98購02  ,0,0,0,0,0,0,0,0,0,100000,0,0,0,100000,0,100000,100000
058217,新唐群益99購01  ,0,0,0,0,0,0,0,0,0,100000,0,0,0,100000,0,100000,100000
057650,力成元大98購04  ,0,0,0,0,0,0,0,0,0,100000,0,0,0,168000,68000,100000,100000
055109,正崴凱基98購01  ,0,0,0,0,0,0,0,0,0,100000,0,0,0,100000,0,100000,100000
055119,力成凱基98購01  ,0,0,0,0,0,0,0,0,0,100000,0,0,0,100000,0,100000,100000
056349,道瓊銀元大9B購01,0,0,0,0,0,0,0,0,0,100000,0,0,0,100000,0,100000,100000
056187,京鼎統一97購01  ,0,0,0,0,0,0,0,0,0,100000,0,0,0,249000,149000,100000,100000
020007,凱基臺灣500N    ,0,0,0,0,0,0,0,0,0,100000,0,0,0,100000,0,100000,100000
00763U,街口道瓊銅      ,0,0,0,0,0,0,0,0,0,100000,0,0,0,129000,29000,100000,100000
054114,新光金台新97購01,0,0,0,0,0,0,0,0,0,100000,0,0,0,100000,0,100000,100000
052619,茂林國泰99購01  ,0,0,0,0,0,0,0,0,0,100000,0,0,0,100000,0,100000,100000
062707,致伸元大9B購01  ,0,0,0,0,0,0,0,0,0,100000,0,0,0,103000,3000,100000,100000
059476,道瓊指群益9C購01,0,0,0,0,0,0,0,0,0,100000,0,0,0,115000,15000,100000,100000
062302,聯詠中信05購02  ,0,0,0,0,0,0,0,0,0,100000,0,0,0,126000,26000,100000,100000
059958,鎧勝康和99購01  ,0,0,0,0,0,0,0,0,0,100000,0,0,0,100000,0,100000,100000
060773,FBVIX凱基9A購04 ,0,0,0,0,0,0,0,0,0,100000,0,0,0,100000,0,100000,100000
061225,台積電中信9A購04,0,0,0,0,0,0,0,0,0,100000,0,0,0,100000,0,100000,100000
061226,台積電中信9A購05,0,0,0,0,0,0,0,0,0,100000,0,0,0,100000,0,100000,100000
062869,帆宣中信9B購01  ,0,0,0,0,0,0,0,0,0,100000,0,0,0,101000,1000,100000,100000
060799,茂林永豐9A購01  ,0,0,0,0,0,0,0,0,0,100000,0,0,0,100000,0,100000,100000
060380,T50反1凱基9A購08,0,0,0,0,0,0,0,0,0,100000,0,0,0,100000,0,100000,100000
060031,旭富永豐99購02  ,0,0,0,0,0,0,0,0,0,100000,0,0,0,100000,0,100000,100000
06447P,上銀元大98售01  ,0,0,0,0,0,0,0,0,0,100000,0,0,0,100000,0,100000,100000
063585,台積電永豐9B購03,0,0,0,0,0,0,0,0,0,100000,0,0,0,102000,2000,100000,100000
063572,麗豐元大9B購01  ,0,0,0,0,0,0,0,0,0,100000,0,0,0,100000,0,100000,100000
06477P,緯穎國票99售02  ,0,0,0,0,0,0,0,0,0,100000,0,0,0,100000,0,100000,100000
064609,滬深2X元大9C購12,0,0,0,0,0,0,0,0,0,100000,0,0,0,100000,0,100000,100000
06543P,鴻海元大98售08  ,0,0,0,0,0,0,0,0,0,100000,0,0,0,100000,0,100000,100000
065592,FBVIX元大9C購06 ,0,0,0,0,0,0,0,0,0,100000,0,0,0,100000,0,100000,100000
08112P,臺股指中信01售07,0,0,0,0,0,0,0,0,0,99000,0,0,0,171000,72000,99000,99000
08727P,健策群益01售07  ,0,0,0,0,0,0,0,0,0,99000,0,0,0,99000,0,99000,99000
020000,富邦特選蘋果N   ,0,0,0,0,0,0,0,0,0,99000,0,0,0,99000,0,99000,99000
060492,元黃金元富9A購01,0,0,0,0,0,0,0,0,0,99000,0,0,0,102000,3000,99000,99000
058947,SGBR2X群益9B購02,0,0,0,0,0,0,0,0,0,99000,0,0,0,130000,31000,99000,99000
065609,嘉澤元大01購02  ,1000,0,1000,0,0,0,0,0,0,98000,0,0,0,595000,497000,98000,99000
065775,神隆國泰03購01  ,0,0,0,0,0,0,0,0,0,99000,0,0,0,126000,27000,99000,99000
065419,立積國票01購03  ,0,0,0,0,0,0,0,0,0,99000,0,0,0,100000,1000,99000,99000
064423,義隆兆豐9C購02  ,0,0,0,0,0,0,0,0,0,99000,0,0,0,122000,23000,99000,99000
07756P,台灣50國票04售01,0,0,0,0,0,0,0,0,0,98000,0,0,0,130000,32000,98000,98000
07245P,台積電凱基99售16,0,0,0,0,0,0,0,0,0,98000,0,0,0,100000,2000,98000,98000
066627,大毅凱基03購01  ,0,0,0,0,0,0,0,0,0,98000,0,0,0,104000,6000,98000,98000
06677P,牧德國票98售02  ,0,0,0,0,0,0,0,0,0,98000,0,0,0,98000,0,98000,98000
05890P,彩晶元大99售01  ,0,0,0,0,0,0,0,0,0,98000,0,0,0,98000,0,98000,98000
062689,華擎統一02購01  ,0,0,0,0,0,0,0,0,0,98000,0,0,0,223000,125000,98000,98000
062682,全新統一9B購01  ,0,0,0,0,0,0,0,0,0,98000,0,0,0,241000,143000,98000,98000
059390,華新科凱基99購05,0,0,0,0,0,0,0,0,0,98000,0,0,0,98000,0,98000,98000
065457,旭富元富03購01  ,0,0,0,0,0,0,0,0,0,98000,0,0,0,98000,0,98000,98000
07962P,聯詠中信05售03  ,0,0,0,0,0,0,0,0,0,97000,0,0,0,170000,73000,97000,97000
07865P,可成元大9B售02  ,0,0,0,0,0,0,0,0,0,97000,0,0,0,97000,0,97000,97000
058116,正崴中信99購02  ,0,0,0,0,0,0,0,0,0,97000,0,0,0,202000,105000,97000,97000
05889P,群創元大98售02  ,0,0,0,0,0,0,0,0,0,97000,0,0,0,103000,6000,97000,97000
059101,康控統一9A購01  ,0,0,0,0,0,0,0,0,0,97000,0,0,0,146000,49000,97000,97000
064984,同欣電元大9C購06,0,0,0,0,0,0,0,0,0,97000,0,0,0,212000,115000,97000,97000
8103,瀚荃            ,253000,172880,80120,0,0,0,0,0,0,16000,16000,0,16000,0,0,0,96120
08639P,聯發科永豐9C售03,0,0,0,0,0,0,0,0,0,96000,0,0,0,96000,0,96000,96000
08417P,聯發科元大9C售12,0,0,0,0,0,0,0,0,0,96000,0,0,0,200000,104000,96000,96000
056550,瑞儀凱基99購01  ,0,0,0,0,0,0,0,0,0,96000,0,0,0,111000,15000,96000,96000
061034,晶豪科永豐9A購01,0,0,0,0,0,0,0,0,0,96000,0,0,0,106000,10000,96000,96000
062591,新日興統一9C購01,0,0,0,0,0,0,0,0,0,96000,0,0,0,96000,0,96000,96000
064695,京鼎群益02購02  ,0,0,0,0,0,0,0,0,0,96000,0,0,0,101000,5000,96000,96000
065394,英業達群益9C購01,0,0,0,0,0,0,0,0,0,96000,0,0,0,158000,62000,96000,96000
054104,T50反1凱基9A購02,0,0,0,0,0,0,0,0,0,95000,0,0,0,95000,0,95000,95000
060151,旺宏富邦9A購02  ,0,0,0,0,0,0,0,0,0,95000,0,0,0,95000,0,95000,95000
060899,超眾凱基9A購01  ,0,0,0,0,0,0,0,0,0,95000,0,0,0,150000,55000,95000,95000
065546,景碩兆豐01購01  ,0,0,0,0,0,0,0,0,0,95000,0,0,0,95000,0,95000,95000
06956P,國巨日盛99售04  ,0,0,0,0,0,0,0,0,0,94000,0,0,0,94000,0,94000,94000
066153,南帝康和01購01  ,0,0,0,0,0,0,0,0,0,94000,0,0,0,180000,86000,94000,94000
058289,奇鋐國票9A購01  ,0,0,0,0,0,0,0,0,0,94000,0,0,0,106000,12000,94000,94000
057981,臻鼎永豐98購01  ,0,0,0,0,0,0,0,0,0,94000,0,0,0,180000,86000,94000,94000
060106,旭富元大99購02  ,0,0,0,0,0,0,0,0,0,94000,0,0,0,144000,50000,94000,94000
060716,新唐永豐9A購01  ,0,0,0,0,0,0,0,0,0,94000,0,0,0,96000,2000,94000,94000
062229,南六統一9B購01  ,0,0,0,0,0,0,0,0,0,94000,0,0,0,131000,37000,94000,94000
065314,矽創國票01購02  ,0,0,0,0,0,0,0,0,0,94000,0,0,0,150000,56000,94000,94000
065085,聯發科元大01購02,0,0,0,0,0,0,0,0,0,94000,0,0,0,97000,3000,94000,94000
063404,金像電國票9B購01,0,0,0,0,0,0,0,0,0,94000,0,0,0,204000,110000,94000,94000
063880,可成元富9C購01  ,0,0,0,0,0,0,0,0,0,94000,0,0,0,169000,75000,94000,94000
065886,中磊元富9C購01  ,0,0,0,0,0,0,0,0,0,93000,0,0,0,290000,197000,93000,93000
066270,國揚元大01購01  ,0,0,0,0,0,0,0,0,0,93000,0,0,0,100000,7000,93000,93000
08386P,臺股指群益9C售14,0,0,0,0,0,0,0,0,0,93000,0,0,0,93000,0,93000,93000
08359P,緯創元大9C售02  ,0,0,0,0,0,0,0,0,0,93000,0,0,0,146000,53000,93000,93000
058431,國巨統一9B購01  ,0,0,0,0,0,0,0,0,0,93000,0,0,0,672000,579000,93000,93000
061342,華新科元大9A購17,0,0,0,0,0,0,0,0,0,93000,0,0,0,93000,0,93000,93000
063803,世紀鋼凱基01購01,0,0,0,0,0,0,0,0,0,93000,0,0,0,102000,9000,93000,93000
063506,嘉晶群益9B購01  ,0,0,0,0,0,0,0,0,0,93000,0,0,0,187000,94000,93000,93000
2739,寒舍            ,112000,19000,93000,0,0,0,0,0,0,0,0,0,0,0,0,0,93000
08530P,鴻海統一9C售19  ,0,0,0,0,0,0,0,0,0,92000,0,0,0,107000,15000,92000,92000
058428,大立光元富99購02,0,0,0,0,0,0,0,0,0,92000,0,0,0,120000,28000,92000,92000
1476,儒鴻            ,305297,214000,91297,0,0,0,0,0,0,0,2000,4000,-2000,11000,9000,2000,91297
066140,鎧勝群益01購01  ,0,0,0,0,0,0,0,0,0,91000,0,0,0,203000,112000,91000,91000
061908,台積電中信05購01,0,0,0,0,0,0,0,0,0,91000,0,0,0,101000,10000,91000,91000
056204,嘉澤永豐97購01  ,0,0,0,0,0,0,0,0,0,91000,0,0,0,91000,0,91000,91000
064288,瀚宇博元大9C購02,0,0,0,0,0,0,0,0,0,91000,0,0,0,100000,9000,91000,91000
064987,勤誠元大9C購02  ,0,0,0,0,0,0,0,0,0,91000,0,0,0,365000,274000,91000,91000
064931,南六統一9C購05  ,0,0,0,0,0,0,0,0,0,91000,0,0,0,214000,123000,91000,91000
065024,華擎永豐9C購01  ,0,0,0,0,0,0,0,0,0,91000,0,0,0,125000,34000,91000,91000
064622,晶技元大01購01  ,0,0,0,0,0,0,0,0,0,91000,0,0,0,91000,0,91000,91000
2425,承啟            ,227000,135000,92000,0,0,0,0,0,0,-1000,0,1000,-1000,0,0,0,91000
910861,神州-DR         ,93000,2000,91000,0,0,0,0,0,0,0,0,0,0,0,0,0,91000
06685P,鴻海國泰9A售01  ,0,0,0,0,0,0,0,0,0,90000,0,0,0,100000,10000,90000,90000
066563,日月光元大01購01,0,0,0,0,0,0,0,0,0,90000,0,0,0,150000,60000,90000,90000
08376P,南亞科元富9C售03,0,0,0,0,0,0,0,0,0,90000,0,0,0,92000,2000,90000,90000
07378P,大立光元大99售29,0,0,0,0,0,0,0,0,0,90000,0,0,0,90000,0,90000,90000
07481P,大立光台新9A售01,0,0,0,0,0,0,0,0,0,90000,0,0,0,90000,0,90000,90000
056276,同欣電國泰98購01,0,0,0,0,0,0,0,0,0,90000,0,0,0,100000,10000,90000,90000
055679,華通凱基99購01  ,0,0,0,0,0,0,0,0,0,90000,0,0,0,90000,0,90000,90000
054893,帆宣統一99購01  ,0,0,0,0,0,0,0,0,0,90000,0,0,0,158000,68000,90000,90000
054072,台積電富邦98購02,0,0,0,0,0,0,0,0,0,90000,0,0,0,90000,0,90000,90000
056674,華邦電元富98購01,0,0,0,0,0,0,0,0,0,90000,0,0,0,90000,0,90000,90000
053276,友達元大9C購01  ,0,0,0,0,0,0,0,0,0,90000,0,0,0,110000,20000,90000,90000
061601,台積電凱基9A購26,0,0,0,0,0,0,0,0,0,90000,0,0,0,90000,0,90000,90000
058305,華邦電元大99購02,0,0,0,0,0,0,0,0,0,90000,0,0,0,90000,0,90000,90000
059138,台積電兆豐99購04,0,0,0,0,0,0,0,0,0,90000,0,0,0,90000,0,90000,90000
062801,宏達電統一01購01,0,0,0,0,0,0,0,0,0,90000,0,0,0,98000,8000,90000,90000
063108,世紀鋼群益9C購01,0,0,0,0,0,0,0,0,0,90000,0,0,0,90000,0,90000,90000
064563,全新群益02購01  ,0,0,0,0,0,0,0,0,0,90000,0,0,0,129000,39000,90000,90000
066424,晶技元大01購03  ,0,0,0,0,0,0,0,0,0,89000,0,0,0,100000,11000,89000,89000
058321,大立光永豐99購01,0,0,0,0,0,0,0,0,0,89000,0,0,0,89000,0,89000,89000
062488,台光電永豐9B購02,0,0,0,0,0,0,0,0,0,89000,0,0,0,89000,0,89000,89000
058925,旭富元富99購02  ,0,0,0,0,0,0,0,0,0,89000,0,0,0,99000,10000,89000,89000
062719,微星凱基9B購01  ,0,0,0,0,0,0,0,0,0,89000,0,0,0,101000,12000,89000,89000
2359,所羅門          ,122000,34000,88000,0,0,0,0,0,0,1000,1000,0,1000,0,0,0,89000
3596,智易            ,333000,248000,85000,0,0,0,0,0,0,4000,0,3000,-3000,9000,2000,7000,89000
08322P,國巨凱基9C售08  ,0,0,0,0,0,0,0,0,0,88000,0,0,0,88000,0,88000,88000
08651P,台灣50群益02售05,0,0,0,0,0,0,0,0,0,88000,0,0,0,88000,0,88000,88000
053390,彩晶元大9A購01  ,0,0,0,0,0,0,0,0,0,88000,0,0,0,100000,12000,88000,88000
062091,世紀鋼元大9B購01,0,0,0,0,0,0,0,0,0,88000,0,0,0,152000,64000,88000,88000
064200,華通兆豐01購01  ,0,0,0,0,0,0,0,0,0,88000,0,0,0,100000,12000,88000,88000
065242,巨大凱基01購02  ,0,0,0,0,0,0,0,0,0,88000,0,0,0,120000,32000,88000,88000
066006,大立光統一01購07,0,0,0,0,0,0,0,0,0,87000,0,0,0,90000,3000,87000,87000
056178,嘉澤元富97購02  ,0,0,0,0,0,0,0,0,0,87000,0,0,0,97000,10000,87000,87000
062487,中興電永豐9B購01,0,0,0,0,0,0,0,0,0,87000,0,0,0,200000,113000,87000,87000
062288,南六群益9B購01  ,0,0,0,0,0,0,0,0,0,87000,0,0,0,97000,10000,87000,87000
060157,致茂永豐9A購02  ,0,0,0,0,0,0,0,0,0,87000,0,0,0,105000,18000,87000,87000
064658,喬山元大9C購01  ,0,0,0,0,0,0,0,0,0,87000,0,0,0,87000,0,87000,87000
065378,嘉澤元大01購01  ,0,0,0,0,0,0,0,0,0,87000,0,0,0,120000,33000,87000,87000
063427,南六凱基9B購04  ,0,0,0,0,0,0,0,0,0,87000,0,0,0,87000,0,87000,87000
2204,中華            ,152000,65000,87000,0,0,0,0,0,0,0,0,0,0,0,0,0,87000
066078,南電凱基02購02  ,0,0,0,0,0,0,0,0,0,86000,0,0,0,201000,115000,86000,86000
07919P,創意永豐9B售01  ,0,0,0,0,0,0,0,0,0,86000,0,0,0,106000,20000,86000,86000
07990P,緯穎凱基9B售02  ,0,0,0,0,0,0,0,0,0,86000,0,0,0,105000,19000,86000,86000
058525,台虹元大99購02  ,0,0,0,0,0,0,0,0,0,86000,0,0,0,279000,193000,86000,86000
060559,世紀鋼凱基9C購01,0,0,0,0,0,0,0,0,0,86000,0,0,0,92000,6000,86000,86000
063075,祥碩永豐9B購04  ,0,0,0,0,0,0,0,0,0,86000,0,0,0,86000,0,86000,86000
061476,大毅元大9A購02  ,0,0,0,0,0,0,0,0,0,86000,0,0,0,200000,114000,86000,86000
065680,聯發科統一9C購16,0,0,0,0,0,0,0,0,0,86000,0,0,0,159000,73000,86000,86000
064779,義隆群益9C購03  ,0,0,0,0,0,0,0,0,0,86000,0,0,0,146000,60000,86000,86000
065199,華擎元富03購01  ,0,0,0,0,0,0,0,0,0,86000,0,0,0,361000,275000,86000,86000
08201P,祥碩元大9B售09  ,0,0,0,0,0,0,0,0,0,85000,0,0,0,186000,101000,85000,85000
08537P,台光電國票01售03,0,0,0,0,0,0,0,0,0,85000,0,0,0,148000,63000,85000,85000
066309,永光永豐01購01  ,0,0,0,0,0,0,0,0,0,85000,0,0,0,85000,0,85000,85000
066215,惠特統一04購01  ,0,0,0,0,0,0,0,0,0,85000,0,0,0,120000,35000,85000,85000
066696,臺指反群益01購02,0,0,0,0,0,0,0,0,0,85000,0,0,0,85000,0,85000,85000
057049,新日興元大98購02,0,0,0,0,0,0,0,0,0,85000,0,0,0,129000,44000,85000,85000
060767,世紀鋼元大9A購02,0,0,0,0,0,0,0,0,0,85000,0,0,0,90000,5000,85000,85000
062745,聯詠永豐9B購01  ,0,0,0,0,0,0,0,0,0,85000,0,0,0,163000,78000,85000,85000
065386,華通兆豐9C購02  ,0,0,0,0,0,0,0,0,0,85000,0,0,0,85000,0,85000,85000
063595,燿華中信9B購02  ,0,0,0,0,0,0,0,0,0,85000,0,0,0,85000,0,85000,85000
063657,茂林元富9B購04  ,0,0,0,0,0,0,0,0,0,85000,0,0,0,85000,0,85000,85000
064514,喬山群益9C購01  ,0,0,0,0,0,0,0,0,0,85000,0,0,0,85000,0,85000,85000
08355P,智邦元大9C售03  ,0,0,0,0,0,0,0,0,0,84000,0,0,0,96000,12000,84000,84000
08344P,旺宏元大01售02  ,0,0,0,0,0,0,0,0,0,84000,0,0,0,84000,0,84000,84000
08156P,大立光元富9B售05,0,0,0,0,0,0,0,0,0,84000,0,0,0,155000,71000,84000,84000
07993P,寶成群益9B售01  ,0,0,0,0,0,0,0,0,0,84000,0,0,0,84000,0,84000,84000
07764P,世紀鋼永豐9A售04,0,0,0,0,0,0,0,0,0,84000,0,0,0,84000,0,84000,84000
062333,嘉晶統一9C購01  ,0,0,0,0,0,0,0,0,0,84000,0,0,0,474000,390000,84000,84000
062896,中興電元大9B購01,0,0,0,0,0,0,0,0,0,84000,0,0,0,159000,75000,84000,84000
063560,力山元大9B購05  ,0,0,0,0,0,0,0,0,0,84000,0,0,0,380000,296000,84000,84000
08153P,台表科統一9B售01,0,0,0,0,0,0,0,0,0,83000,0,0,0,393000,310000,83000,83000
07070P,晶相光元富99售01,0,0,0,0,0,0,0,0,0,83000,0,0,0,122000,39000,83000,83000
055661,亞德客中信98購01,0,0,0,0,0,0,0,0,0,83000,0,0,0,99000,16000,83000,83000
054371,台積電中信9C購01,0,0,0,0,0,0,0,0,0,83000,0,0,0,137000,54000,83000,83000
059009,世紀鋼元大99購04,0,0,0,0,0,0,0,0,0,83000,0,0,0,148000,65000,83000,83000
065585,聯發科富邦03購02,0,0,0,0,0,0,0,0,0,83000,0,0,0,262000,179000,83000,83000
4426,利勤            ,134000,51000,83000,0,0,0,0,0,0,0,0,0,0,0,0,0,83000
07770P,台積電國票9A售07,0,0,0,0,0,0,0,0,0,82000,0,0,0,82000,0,82000,82000
08366P,祥碩凱基9C售04  ,0,0,0,0,0,0,0,0,0,82000,0,0,0,182000,100000,82000,82000
057662,上銀元大9A購01  ,0,0,0,0,0,0,0,0,0,82000,0,0,0,82000,0,82000,82000
059113,群光永豐99購01  ,0,0,0,0,0,0,0,0,0,82000,0,0,0,128000,46000,82000,82000
065720,義隆兆豐9C購03  ,0,0,0,0,0,0,0,0,0,82000,0,0,0,112000,30000,82000,82000
065146,帆宣凱基9C購01  ,0,0,0,0,0,0,0,0,0,82000,0,0,0,104000,22000,82000,82000
2495,普安            ,115000,34000,81000,0,0,0,0,0,0,1000,1000,0,1000,0,0,0,82000
9911,櫻花            ,110000,40000,70000,0,0,0,0,0,0,12000,12000,0,12000,0,0,0,82000
066759,盟立永豐01購03  ,0,0,0,0,0,0,0,0,0,81000,0,0,0,121000,40000,81000,81000
058672,可成群益9B購02  ,0,0,0,0,0,0,0,0,0,81000,0,0,0,92000,11000,81000,81000
056295,國巨元大97購16  ,0,0,0,0,0,0,0,0,0,81000,0,0,0,81000,0,81000,81000
060327,美律群益9A購02  ,0,0,0,0,0,0,0,0,0,81000,0,0,0,81000,0,81000,81000
059170,康控凱基9B購01  ,0,0,0,0,0,0,0,0,0,81000,0,0,0,143000,62000,81000,81000
059364,昇陽半永豐99購02,0,0,0,0,0,0,0,0,0,81000,0,0,0,92000,11000,81000,81000
061867,旺宏元大9B購02  ,0,0,0,0,0,0,0,0,0,81000,0,0,0,81000,0,81000,81000
063305,亞光凱基9B購01  ,0,0,0,0,0,0,0,0,0,81000,0,0,0,89000,8000,81000,81000
1795,美時            ,512000,431000,81000,0,0,0,0,0,0,0,0,0,0,0,0,0,81000
07475P,A50正2群益9C售02,0,0,0,0,0,0,0,0,0,80000,0,0,0,81000,1000,80000,80000
03050X,元展47          ,0,0,0,0,0,0,0,0,0,80000,0,0,0,90000,10000,80000,80000
03428B,臺股指凱基97熊18,0,0,0,0,0,0,0,0,0,80000,0,0,0,80000,0,80000,80000
061669,崇越中信9A購01  ,0,0,0,0,0,0,0,0,0,80000,0,0,0,80000,0,80000,80000
058212,華新科群益9A購01,0,0,0,0,0,0,0,0,0,80000,0,0,0,81000,1000,80000,80000
062043,牧德凱基9B購04  ,0,0,0,0,0,0,0,0,0,80000,0,0,0,80000,0,80000,80000
062345,和大群益9B購01  ,0,0,0,0,0,0,0,0,0,80000,0,0,0,98000,18000,80000,80000
060146,健策國票9A購03  ,0,0,0,0,0,0,0,0,0,80000,0,0,0,80000,0,80000,80000
063413,台積電麥證01購01,0,0,0,80000,0,80000,0,0,0,80000,0,0,0,80000,0,80000,80000
064116,T50反1元大9C購03,0,0,0,0,0,0,0,0,0,80000,0,0,0,100000,20000,80000,80000
07771P,義隆國票9A售01  ,0,0,0,0,0,0,0,0,0,79000,0,0,0,299000,220000,79000,79000
1560,中砂            ,942000,721000,221000,0,0,0,0,0,0,-142000,60000,202000,-142000,0,0,0,79000
066226,惠特國泰03購01  ,0,0,0,0,0,0,0,0,0,79000,0,0,0,90000,11000,79000,79000
05756P,臺股指中信99售05,0,0,0,0,0,0,0,0,0,79000,0,0,0,100000,21000,79000,79000
062894,道瓊銀元大9B購02,0,0,0,0,0,0,0,0,0,79000,0,0,0,79000,0,79000,79000
064437,可成凱基02購01  ,0,0,0,0,0,0,0,0,0,79000,0,0,0,110000,31000,79000,79000
063919,大立光元富03購01,0,0,0,0,0,0,0,0,0,79000,0,0,0,79000,0,79000,79000
2608,嘉里大榮        ,98000,20000,78000,0,0,0,0,0,0,1000,1000,0,1000,0,0,0,79000
1319,東陽            ,165391,88000,77391,0,0,0,0,0,0,1000,1000,0,1000,0,0,0,78391
08586P,台積電第一9C售02,0,0,0,0,0,0,0,0,0,78000,0,0,0,80000,2000,78000,78000
07965P,玉晶光群益01售02,0,0,0,0,0,0,0,0,0,78000,0,0,0,348000,270000,78000,78000
06865P,亞德客元大98售04,0,0,0,0,0,0,0,0,0,78000,0,0,0,79000,1000,78000,78000
06723P,台灣50麥證99售01,0,0,0,79000,1000,78000,0,0,0,78000,0,0,0,79000,1000,78000,78000
062121,奇鋐台新9B購01  ,0,0,0,0,0,0,0,0,0,78000,0,0,0,139000,61000,78000,78000
064075,台積電中信06購01,0,0,0,0,0,0,0,0,0,78000,0,0,0,125000,47000,78000,78000
064203,康控兆豐9C購02  ,0,0,0,0,0,0,0,0,0,78000,0,0,0,234000,156000,78000,78000
064218,南六凱基01購01  ,0,0,0,0,0,0,0,0,0,78000,0,0,0,128000,50000,78000,78000
065870,正崴群益02購01  ,0,0,0,0,0,0,0,0,0,77000,0,0,0,77000,0,77000,77000
061326,新日興凱基9B購01,0,0,0,0,0,0,0,0,0,77000,0,0,0,183000,106000,77000,77000
060125,強茂永豐99購01  ,0,0,0,0,0,0,0,0,0,77000,0,0,0,77000,0,77000,77000
060252,緯穎元大9A購02  ,0,0,0,0,0,0,0,0,0,77000,0,0,0,92000,15000,77000,77000
063410,南六國票9C購01  ,0,0,0,0,0,0,0,0,0,77000,0,0,0,77000,0,77000,77000
064758,可成凱基02購02  ,0,0,0,0,0,0,0,0,0,77000,0,0,0,120000,43000,77000,77000
065678,聯發科統一01購07,0,0,0,0,0,0,0,0,0,77000,0,0,0,95000,18000,77000,77000
065268,嘉澤元大9C購02  ,0,0,0,0,0,0,0,0,0,77000,0,0,0,107000,30000,77000,77000
8996,高力            ,316000,240000,76000,0,0,0,0,0,0,1000,1000,0,1000,0,0,0,77000
07953P,健策元大9B售07  ,0,0,0,0,0,0,0,0,0,76000,0,0,0,106000,30000,76000,76000
08258P,旺宏元大9C售04  ,0,0,0,0,0,0,0,0,0,76000,0,0,0,76000,0,76000,76000
060541,正隆凱基9A購01  ,0,0,0,0,0,0,0,0,0,76000,0,0,0,116000,40000,76000,76000
063348,祥碩統一01購04  ,0,0,0,0,0,0,0,0,0,76000,0,0,0,76000,0,76000,76000
063508,緯創群益9B購01  ,0,0,0,0,0,0,0,0,0,76000,0,0,0,117000,41000,76000,76000
063501,旭富永豐9B購02  ,0,0,0,0,0,0,0,0,0,76000,0,0,0,76000,0,76000,76000
07492P,臺股指國票9A售10,0,0,0,0,0,0,0,0,0,75000,0,0,0,75000,0,75000,75000
08555P,超眾國票01售01  ,0,0,0,0,0,0,0,0,0,75000,0,0,0,105000,30000,75000,75000
08609P,世紀鋼永豐9C售03,30000,0,30000,0,0,0,0,0,0,45000,0,0,0,138000,93000,45000,75000
08334P,智邦永豐9C售01  ,0,0,0,0,0,0,0,0,0,75000,0,0,0,75000,0,75000,75000
08739P,台郡凱基01售03  ,0,0,0,0,0,0,0,0,0,75000,0,0,0,240000,165000,75000,75000
065920,日月光凱基02購01,0,0,0,0,0,0,0,0,0,75000,0,0,0,80000,5000,75000,75000
066540,景碩兆豐01購02  ,0,0,0,0,0,0,0,0,0,75000,0,0,0,85000,10000,75000,75000
057536,康控元大99購03  ,0,0,0,0,0,0,0,0,0,75000,0,0,0,82000,7000,75000,75000
061923,友達凱基9B購04  ,0,0,0,0,0,0,0,0,0,75000,0,0,0,75000,0,75000,75000
055249,大毅統一99購01  ,0,0,0,0,0,0,0,0,0,75000,0,0,0,75000,0,75000,75000
060022,勤誠康和99購01  ,0,0,0,0,0,0,0,0,0,75000,0,0,0,143000,68000,75000,75000
060932,南六永豐9A購02  ,0,0,0,0,0,0,0,0,0,75000,0,0,0,87000,12000,75000,75000
062553,台積電凱基9B購07,0,0,0,0,0,0,0,0,0,75000,0,0,0,79000,4000,75000,75000
059631,京元電凱基99購02,0,0,0,0,0,0,0,0,0,75000,0,0,0,95000,20000,75000,75000
064020,華通元大01購01  ,0,0,0,0,0,0,0,0,0,75000,0,0,0,100000,25000,75000,75000
064680,創意兆豐01購01  ,0,0,0,0,0,0,0,0,0,75000,0,0,0,75000,0,75000,75000
066460,智原統一03購01  ,0,0,0,0,0,0,0,0,0,74000,0,0,0,135000,61000,74000,74000
061544,大毅群益9B購02  ,0,0,0,0,0,0,0,0,0,74000,0,0,0,178000,104000,74000,74000
060248,日月光元大9A購01,0,0,0,0,0,0,0,0,0,74000,0,0,0,74000,0,74000,74000
065655,緯穎元大9C購05  ,0,0,0,0,0,0,0,0,0,74000,0,0,0,81000,7000,74000,74000
2107,厚生            ,156000,82000,74000,0,0,0,0,0,0,0,0,0,0,0,0,0,74000
08196P,上銀元大9B售07  ,0,0,0,0,0,0,0,0,0,73000,0,0,0,73000,0,73000,73000
057573,京鼎永豐98購02  ,0,0,0,0,0,0,0,0,0,73000,0,0,0,73000,0,73000,73000
057915,台泥凱基98購01  ,0,0,0,0,0,0,0,0,0,73000,0,0,0,90000,17000,73000,73000
059731,康控元大99購04  ,0,0,0,0,0,0,0,0,0,73000,0,0,0,86000,13000,73000,73000
062269,葡萄王群益9B購01,0,0,0,0,0,0,0,0,0,73000,0,0,0,93000,20000,73000,73000
066046,聯發科元大01購09,0,0,0,0,0,0,0,0,0,72000,0,0,0,133000,61000,72000,72000
061690,旺宏群益9A購05  ,0,0,0,0,0,0,0,0,0,72000,0,0,0,73000,1000,72000,72000
00728,第一金工業30    ,0,0,0,0,0,0,0,0,0,72000,0,0,0,85000,13000,72000,72000
056475,宏達電元大99購02,0,0,0,0,0,0,0,0,0,72000,0,0,0,722000,650000,72000,72000
060612,世紀鋼凱基9A購01,0,0,0,0,0,0,0,0,0,72000,0,0,0,72000,0,72000,72000
2382,廣達            ,3203000,3444772,-241772,0,0,0,211000,14000,197000,116000,142000,18000,124000,64000,72000,-8000,71228
06690P,玉晶光群益9A售05,0,0,0,0,0,0,0,0,0,71000,0,0,0,171000,100000,71000,71000
06783P,亞光元大98售03  ,0,0,0,0,0,0,0,0,0,71000,0,0,0,81000,10000,71000,71000
08370P,台積電凱基01售06,0,0,0,0,0,0,0,0,0,71000,0,0,0,71000,0,71000,71000
055443,台虹國票98購01  ,0,0,0,0,0,0,0,0,0,71000,0,0,0,72000,1000,71000,71000
058605,華邦電元大99購04,0,0,0,0,0,0,0,0,0,71000,0,0,0,73000,2000,71000,71000
058370,聯詠凱基99購01  ,0,0,0,0,0,0,0,0,0,71000,0,0,0,89000,18000,71000,71000
061366,台勝科國票9A購01,0,0,0,0,0,0,0,0,0,71000,0,0,0,81000,10000,71000,71000
061409,力成國票9A購02  ,0,0,0,0,0,0,0,0,0,71000,0,0,0,71000,0,71000,71000
062414,臻鼎中信01購01  ,0,0,0,0,0,0,0,0,0,71000,0,0,0,92000,21000,71000,71000
060309,佳世達永豐9A購01,0,0,0,0,0,0,0,0,0,71000,0,0,0,71000,0,71000,71000
8072,陞泰            ,69000,9000,60000,0,0,0,0,0,0,11000,11000,0,11000,0,0,0,71000
6668,中揚光          ,165000,93000,72000,0,0,0,0,0,0,-1000,5000,6000,-1000,0,0,0,71000
08338P,台灣50凱基9C售11,0,0,0,0,0,0,0,0,0,70000,0,0,0,100000,30000,70000,70000
08587P,聯發科中信01售05,0,0,0,0,0,0,0,0,0,70000,0,0,0,140000,70000,70000,70000
07170P,臺股指國票99售07,0,0,0,0,0,0,0,0,0,70000,0,0,0,300000,230000,70000,70000
066495,技嘉國泰03購01  ,0,0,0,0,0,0,0,0,0,70000,0,0,0,70000,0,70000,70000
058246,帆宣元大99購01  ,0,0,0,0,0,0,0,0,0,70000,0,0,0,72000,2000,70000,70000
057515,智原元富98購02  ,0,0,0,0,0,0,0,0,0,70000,0,0,0,100000,30000,70000,70000
057006,國巨中信98購03  ,0,0,0,0,0,0,0,0,0,70000,0,0,0,110000,40000,70000,70000
056320,京鼎群益99購01  ,0,0,0,0,0,0,0,0,0,70000,0,0,0,102000,32000,70000,70000
057824,日月光元大98購01,0,0,0,0,0,0,0,0,0,70000,0,0,0,85000,15000,70000,70000
058782,臺股指國票99購01,0,0,0,0,0,0,0,0,0,70000,0,0,0,70000,0,70000,70000
053855,康友國泰98購01  ,0,0,0,0,0,0,0,0,0,70000,0,0,0,70000,0,70000,70000
064999,T50反1國票9C購03,0,0,0,0,0,0,0,0,0,70000,0,0,0,130000,60000,70000,70000
064157,健鼎統一01購02  ,0,0,0,0,0,0,0,0,0,70000,0,0,0,81000,11000,70000,70000
064289,台郡元大9C購01  ,0,0,0,0,0,0,0,0,0,70000,0,0,0,80000,10000,70000,70000
064360,台積電統一9C購12,0,0,0,0,0,0,0,0,0,70000,0,0,0,70000,0,70000,70000
6120,達運            ,434000,366000,68000,0,0,0,0,0,0,2000,2000,0,2000,0,0,0,70000
3032,偉訓            ,200000,129000,71000,0,0,0,0,0,0,-1000,0,1000,-1000,0,0,0,70000
066748,同欣電元大01購03,0,0,0,0,0,0,0,0,0,69000,0,0,0,124000,55000,69000,69000
07173P,臺股指國票99售10,0,0,0,0,0,0,0,0,0,69000,0,0,0,69000,0,69000,69000
08155P,聯發科元富9B售05,0,0,0,0,0,0,0,0,0,69000,0,0,0,133000,64000,69000,69000
057073,康控永豐98購01  ,0,0,0,0,0,0,0,0,0,69000,0,0,0,119000,50000,69000,69000
058095,昇陽半元大98購03,0,0,0,0,0,0,0,0,0,69000,0,0,0,69000,0,69000,69000
058203,信邦凱基99購01  ,0,0,0,0,0,0,0,0,0,69000,0,0,0,71000,2000,69000,69000
064151,義隆統一01購01  ,0,0,0,0,0,0,0,0,0,69000,0,0,0,69000,0,69000,69000
064259,矽格富邦9C購01  ,0,0,0,0,0,0,0,0,0,69000,0,0,0,179000,110000,69000,69000
6592,和潤企業        ,265000,106000,159000,0,0,0,0,0,0,-90000,1000,2000,-1000,8000,97000,-89000,69000
1449,佳和            ,431000,269000,162000,0,0,0,0,0,0,-94000,0,94000,-94000,0,0,0,68000
065916,聯發科凱基01購10,0,0,0,0,0,0,0,0,0,68000,0,0,0,68000,0,68000,68000
058559,華新科日盛99購02,0,0,0,0,0,0,0,0,0,68000,0,0,0,68000,0,68000,68000
057236,聯詠凱基98購03  ,0,0,0,0,0,0,0,0,0,68000,0,0,0,74000,6000,68000,68000
057329,緯穎群益98購02  ,0,0,0,0,0,0,0,0,0,68000,0,0,0,68000,0,68000,68000
054807,台化元大9A購02  ,0,0,0,0,0,0,0,0,0,68000,0,0,0,68000,0,68000,68000
060815,茂林凱基9B購01  ,0,0,0,0,0,0,0,0,0,68000,0,0,0,68000,0,68000,68000
061105,宏達電元大9A購04,0,0,0,0,0,0,0,0,0,68000,0,0,0,69000,1000,68000,68000
062885,臻鼎兆豐9C購01  ,0,0,0,0,0,0,0,0,0,68000,0,0,0,88000,20000,68000,68000
062357,國巨元大9B購11  ,0,0,0,0,0,0,0,0,0,68000,0,0,0,68000,0,68000,68000
059951,台塑康和99購01  ,0,0,0,0,0,0,0,0,0,68000,0,0,0,68000,0,68000,68000
064328,華通元大9C購04  ,0,0,0,0,0,0,0,0,0,68000,0,0,0,68000,0,68000,68000
064390,台塑永豐9C購01  ,0,0,0,0,0,0,0,0,0,68000,0,0,0,68000,0,68000,68000
063937,上銀元大9C購02  ,0,0,0,0,0,0,0,0,0,68000,0,0,0,68000,0,68000,68000
063627,上銀元大9B購09  ,0,0,0,0,0,0,0,0,0,68000,0,0,0,68000,0,68000,68000
065025,健策永豐9C購02  ,0,0,0,0,0,0,0,0,0,68000,0,0,0,68000,0,68000,68000
065221,神隆永豐9C購01  ,0,0,0,0,0,0,0,0,0,68000,0,0,0,68000,0,68000,68000
064666,華新科元大02購01,0,0,0,0,0,0,0,0,0,68000,0,0,0,68000,0,68000,68000
064884,台表科第一9C購01,0,0,0,0,0,0,0,0,0,68000,0,0,0,68000,0,68000,68000
065519,台勝科群益9C購02,0,0,0,0,0,0,0,0,0,68000,0,0,0,119000,51000,68000,68000
066096,友訊中信05購02  ,0,0,0,0,0,0,0,0,0,67000,0,0,0,67000,0,67000,67000
066588,台積電群益01購06,0,0,0,0,0,0,0,0,0,67000,0,0,0,153000,86000,67000,67000
07057P,大立光康和9B售02,0,0,0,0,0,0,0,0,0,67000,0,0,0,133000,66000,67000,67000
08736P,滬深2X凱基03售01,0,0,0,0,0,0,0,0,0,67000,0,0,0,70000,3000,67000,67000
08124P,臻鼎群益9B售02  ,0,0,0,0,0,0,0,0,0,67000,0,0,0,77000,10000,67000,67000
08238P,嘉晶永豐9B售03  ,0,0,0,0,0,0,0,0,0,67000,0,0,0,67000,0,67000,67000
058750,緯穎凱基9A購03  ,0,0,0,0,0,0,0,0,0,67000,0,0,0,77000,10000,67000,67000
055863,緯穎元大97購05  ,0,0,0,0,0,0,0,0,0,67000,0,0,0,67000,0,67000,67000
056574,亞光元大99購03  ,0,0,0,0,0,0,0,0,0,67000,0,0,0,137000,70000,67000,67000
061443,大立光統一9C購02,0,0,0,0,0,0,0,0,0,67000,0,0,0,110000,43000,67000,67000
062855,嘉澤永豐9B購02  ,0,0,0,0,0,0,0,0,0,67000,0,0,0,341000,274000,67000,67000
064331,微星元大9C購03  ,0,0,0,0,0,0,0,0,0,67000,0,0,0,82000,15000,67000,67000
3003,健和興          ,178000,114000,64000,0,0,0,0,0,0,3000,1000,0,1000,2000,0,2000,67000
2704,國賓            ,82000,16000,66000,0,0,0,0,0,0,1000,1000,0,1000,0,0,0,67000
07691P,宏達電元大9A售05,0,0,0,0,0,0,0,0,0,66000,0,0,0,66000,0,66000,66000
066502,國巨富邦05購02  ,0,0,0,0,0,0,0,0,0,66000,0,0,0,255000,189000,66000,66000
065879,瑞祺群益9C購02  ,0,0,0,0,0,0,0,0,0,66000,0,0,0,126000,60000,66000,66000
065971,金像電元大02購01,0,0,0,0,0,0,0,0,0,66000,0,0,0,178000,112000,66000,66000
066406,南六凱基01購02  ,0,0,0,0,0,0,0,0,0,66000,0,0,0,66000,0,66000,66000
057059,易華電元大99購01,0,0,0,0,0,0,0,0,0,66000,0,0,0,66000,0,66000,66000
058358,技嘉凱基9A購01  ,0,0,0,0,0,0,0,0,0,66000,0,0,0,72000,6000,66000,66000
058319,大毅永豐9A購01  ,0,0,0,0,0,0,0,0,0,66000,0,0,0,96000,30000,66000,66000
060665,康控凱基9A購01  ,0,0,0,0,0,0,0,0,0,66000,0,0,0,129000,63000,66000,66000
061516,力成永豐9A購02  ,0,0,0,0,0,0,0,0,0,66000,0,0,0,216000,150000,66000,66000
064133,力成元大9C購01  ,0,0,0,0,0,0,0,0,0,66000,0,0,0,75000,9000,66000,66000
064072,康友永豐9C購01  ,0,0,0,0,0,0,0,0,0,66000,0,0,0,68000,2000,66000,66000
065382,緯穎元大9C購04  ,0,0,0,0,0,0,0,0,0,66000,0,0,0,98000,32000,66000,66000
065773,鴻海國票03購01  ,0,0,0,0,0,0,0,0,0,66000,0,0,0,76000,10000,66000,66000
066059,帆宣元大01購01  ,0,0,0,0,0,0,0,0,0,65000,0,0,0,70000,5000,65000,65000
07800P,華新科國泰9B售04,0,0,0,0,0,0,0,0,0,65000,0,0,0,65000,0,65000,65000
07423P,大立光元大99售33,0,0,0,0,0,0,0,0,0,65000,0,0,0,65000,0,65000,65000
1582,信錦            ,206000,203000,3000,0,0,0,0,0,0,62000,0,0,0,62000,0,62000,65000
056813,聯茂統一99購01  ,0,0,0,0,0,0,0,0,0,65000,0,0,0,65000,0,65000,65000
061795,智邦永豐9B購01  ,0,0,0,0,0,0,0,0,0,65000,0,0,0,105000,40000,65000,65000
061720,智邦國泰9C購01  ,0,0,0,0,0,0,0,0,0,65000,0,0,0,70000,5000,65000,65000
055259,玉晶光統一9A購01,0,0,0,0,0,0,0,0,0,65000,0,0,0,96000,31000,65000,65000
057672,茂林元大98購02  ,0,0,0,0,0,0,0,0,0,65000,0,0,0,68000,3000,65000,65000
060390,聯鈞群益9A購01  ,0,0,0,0,0,0,0,0,0,65000,0,0,0,80000,15000,65000,65000
060417,正隆永豐9A購01  ,0,0,0,0,0,0,0,0,0,65000,0,0,0,134000,69000,65000,65000
060052,宏碁凱基99購01  ,0,0,0,0,0,0,0,0,0,65000,0,0,0,75000,10000,65000,65000
065650,旭富元大9C購07  ,0,0,0,0,0,0,0,0,0,65000,0,0,0,158000,93000,65000,65000
065508,大成鋼群益01購01,0,0,0,0,0,0,0,0,0,65000,0,0,0,65000,0,65000,65000
06928P,鴻海元大99售10  ,0,0,0,0,0,0,0,0,0,64000,0,0,0,64000,0,64000,64000
055688,力成凱基98購02  ,0,0,0,0,0,0,0,0,0,64000,0,0,0,64000,0,64000,64000
054778,世紀鋼國票99購01,0,0,0,0,0,0,0,0,0,64000,0,0,0,94000,30000,64000,64000
054425,聯發科富邦99購03,0,0,0,0,0,0,0,0,0,64000,0,0,0,1514000,1450000,64000,64000
058608,華新科元大99購13,0,0,0,0,0,0,0,0,0,64000,0,0,0,64000,0,64000,64000
062504,旭富群益9B購02  ,0,0,0,0,0,0,0,0,0,64000,0,0,0,64000,0,64000,64000
064043,台積電統一9C購10,0,0,0,0,0,0,0,0,0,64000,0,0,0,64000,0,64000,64000
064319,南電群益9C購01  ,0,0,0,0,0,0,0,0,0,64000,0,0,0,64000,0,64000,64000
063343,美律統一9C購01  ,0,0,0,0,0,0,0,0,0,64000,0,0,0,70000,6000,64000,64000
2939,凱羿-KY         ,114000,42000,72000,0,0,0,0,0,0,-8000,0,8000,-8000,0,0,0,64000
056891,國巨元大99購03  ,0,0,0,0,0,0,0,0,0,63000,0,0,0,63000,0,63000,63000
057428,正崴兆豐98購01  ,0,0,0,0,0,0,0,0,0,63000,0,0,0,368000,305000,63000,63000
055615,宏達電國票99購02,0,0,0,0,0,0,0,0,0,63000,0,0,0,63000,0,63000,63000
062204,京元電國票9C購01,0,0,0,0,0,0,0,0,0,63000,0,0,0,72000,9000,63000,63000
062108,晶豪科國票9B購01,0,0,0,0,0,0,0,0,0,63000,0,0,0,77000,14000,63000,63000
059612,奇鋐永豐99購02  ,0,0,0,0,0,0,0,0,0,63000,0,0,0,63000,0,63000,63000
060414,中興電永豐9A購01,0,0,0,0,0,0,0,0,0,63000,0,0,0,228000,165000,63000,63000
064298,台灣50兆豐01購02,0,0,0,0,0,0,0,0,0,63000,0,0,0,135000,72000,63000,63000
06466P,台積電統一9B售01,0,0,0,0,0,0,0,0,0,63000,0,0,0,70000,7000,63000,63000
4552,力達-KY         ,73000,10000,63000,0,0,0,0,0,0,0,0,0,0,0,0,0,63000
4144,康聯-KY         ,92000,29000,63000,0,0,0,0,0,0,0,0,0,0,0,0,0,63000
06693P,臺股指凱基98售01,0,0,0,0,0,0,0,0,0,62000,0,0,0,62000,0,62000,62000
07148P,富邦金元大99售01,0,0,0,0,0,0,0,0,0,62000,0,0,0,62000,0,62000,62000
058648,聯陽永豐99購01  ,0,0,0,0,0,0,0,0,0,62000,0,0,0,82000,20000,62000,62000
060326,群光群益9A購01  ,0,0,0,0,0,0,0,0,0,62000,0,0,0,109000,47000,62000,62000
061131,崇越永豐9A購01  ,0,0,0,0,0,0,0,0,0,62000,0,0,0,62000,0,62000,62000
060908,金像電元大9A購03,0,0,0,0,0,0,0,0,0,62000,0,0,0,122000,60000,62000,62000
063397,廣達群益9B購02  ,0,0,0,0,0,0,0,0,0,62000,0,0,0,132000,70000,62000,62000
07922P,大立光群益9B售05,0,0,0,0,0,0,0,0,0,61000,0,0,0,61000,0,61000,61000
06901P,亞德客凱基98售02,0,0,0,0,0,0,0,0,0,61000,0,0,0,64000,3000,61000,61000
055487,國巨元大98購07  ,0,0,0,0,0,0,0,0,0,61000,0,0,0,71000,10000,61000,61000
050801,元金2X群益98購01,0,0,0,0,0,0,0,0,0,61000,0,0,0,61000,0,61000,61000
060455,葡萄王元大9A購02,0,0,0,0,0,0,0,0,0,61000,0,0,0,194000,133000,61000,61000
059580,大立光元富99購07,0,0,0,0,0,0,0,0,0,61000,0,0,0,61000,0,61000,61000
062208,旭富國票9C購01  ,0,0,0,0,0,0,0,0,0,61000,0,0,0,61000,0,61000,61000
062227,南六統一01購02  ,0,0,0,0,0,0,0,0,0,61000,0,0,0,104000,43000,61000,61000
063315,京元電群益9B購03,0,0,0,0,0,0,0,0,0,61000,0,0,0,335000,274000,61000,61000
063991,南六永豐9C購02  ,0,0,0,0,0,0,0,0,0,61000,0,0,0,82000,21000,61000,61000
065739,正崴麥證9C購01  ,0,0,0,69000,8000,61000,0,0,0,61000,0,0,0,69000,8000,61000,61000
2420,新巨            ,112000,55000,57000,0,0,0,0,0,0,4000,4000,0,4000,0,0,0,61000
2453,凌群            ,98000,37000,61000,0,0,0,0,0,0,0,0,0,0,0,0,0,61000
06827P,臺股指國票98售03,0,0,0,0,0,0,0,0,0,60000,0,0,0,80000,20000,60000,60000
06712P,臺股指台新99售09,0,0,0,0,0,0,0,0,0,60000,0,0,0,140000,80000,60000,60000
066576,矽創元大01購02  ,0,0,0,0,0,0,0,0,0,60000,0,0,0,100000,40000,60000,60000
066108,惠特國票02購02  ,0,0,0,0,0,0,0,0,0,60000,0,0,0,60000,0,60000,60000
065932,世紀鋼國票02購01,0,0,0,0,0,0,0,0,0,60000,0,0,0,60000,0,60000,60000
06636P,可成凱基98售08  ,0,0,0,0,0,0,0,0,0,60000,0,0,0,60000,0,60000,60000
07870P,鴻海群益9B售01  ,0,0,0,0,0,0,0,0,0,60000,0,0,0,60000,0,60000,60000
07856P,力成凱基9A售02  ,0,0,0,0,0,0,0,0,0,60000,0,0,0,60000,0,60000,60000
07981P,上銀群益9B售04  ,0,0,0,0,0,0,0,0,0,60000,0,0,0,133000,73000,60000,60000
08079P,宏達電國票9B售03,0,0,0,0,0,0,0,0,0,60000,0,0,0,76000,16000,60000,60000
07288P,台灣50凱基99售06,0,0,0,0,0,0,0,0,0,60000,0,0,0,61000,1000,60000,60000
07638P,長榮航國票9A售01,0,0,0,0,0,0,0,0,0,60000,0,0,0,60000,0,60000,60000
054740,強茂凱基99購01  ,0,0,0,0,0,0,0,0,0,60000,0,0,0,70000,10000,60000,60000
056002,嘉晶永豐97購01  ,0,0,0,0,0,0,0,0,0,60000,0,0,0,60000,0,60000,60000
057697,國巨群益98購09  ,0,0,0,0,0,0,0,0,0,60000,0,0,0,60000,0,60000,60000
057812,友達元大9A購05  ,0,0,0,0,0,0,0,0,0,60000,0,0,0,60000,0,60000,60000
058642,旺宏麥證9A購01  ,0,0,0,60000,0,60000,0,0,0,60000,0,0,0,60000,0,60000,60000
057863,美律凱基9A購01  ,0,0,0,0,0,0,0,0,0,60000,0,0,0,60000,0,60000,60000
056792,訊芯群益98購01  ,0,0,0,0,0,0,0,0,0,60000,0,0,0,80000,20000,60000,60000
057500,神達群益98購01  ,0,0,0,0,0,0,0,0,0,60000,0,0,0,60000,0,60000,60000
057621,崇越凱基98購01  ,0,0,0,0,0,0,0,0,0,60000,0,0,0,60000,0,60000,60000
057314,全新麥證98購01  ,0,0,0,70000,10000,60000,0,0,0,60000,0,0,0,70000,10000,60000,60000
061986,晶豪科元大9B購01,0,0,0,0,0,0,0,0,0,60000,0,0,0,100000,40000,60000,60000
062512,美食國票9B購01  ,0,0,0,0,0,0,0,0,0,60000,0,0,0,60000,0,60000,60000
060778,臺股指凱基9A購06,0,0,0,0,0,0,0,0,0,60000,0,0,0,60000,0,60000,60000
059873,華新科凱基99購09,0,0,0,0,0,0,0,0,0,60000,0,0,0,60000,0,60000,60000
060688,世紀鋼元大9C購01,0,0,0,0,0,0,0,0,0,60000,0,0,0,83000,23000,60000,60000
059348,日月光凱基99購01,0,0,0,0,0,0,0,0,0,60000,0,0,0,60000,0,60000,60000
062446,聯詠元大9B購02  ,0,0,0,0,0,0,0,0,0,60000,0,0,0,79000,19000,60000,60000
062654,技嘉永豐9B購01  ,0,0,0,0,0,0,0,0,0,60000,0,0,0,70000,10000,60000,60000
060409,味全永豐9A購01  ,0,0,0,0,0,0,0,0,0,60000,0,0,0,60000,0,60000,60000
060400,南電國票9A購03  ,0,0,0,0,0,0,0,0,0,60000,0,0,0,62000,2000,60000,60000
061222,台灣50中信9A購02,0,0,0,0,0,0,0,0,0,60000,0,0,0,60000,0,60000,60000
063038,富邦金凱基9B購02,0,0,0,0,0,0,0,0,0,60000,0,0,0,104000,44000,60000,60000
065793,旭富永豐9C購02  ,0,0,0,0,0,0,0,0,0,60000,0,0,0,60000,0,60000,60000
065414,立積永豐9C購01  ,0,0,0,0,0,0,0,0,0,60000,0,0,0,60000,0,60000,60000
064818,華新統一01購01  ,0,0,0,0,0,0,0,0,0,60000,0,0,0,75000,15000,60000,60000
063297,臺指反凱基02購01,0,0,0,0,0,0,0,0,0,60000,0,0,0,60000,0,60000,60000
4133,亞諾法          ,60000,0,60000,0,0,0,0,0,0,0,0,0,0,0,0,0,60000
07342P,大立光凱基99售14,0,0,0,0,0,0,0,0,0,59000,0,0,0,109000,50000,59000,59000
08011P,玉晶光元大9B售05,0,0,0,0,0,0,0,0,0,59000,0,0,0,60000,1000,59000,59000
08003P,國巨國泰9B售07  ,0,0,0,0,0,0,0,0,0,59000,0,0,0,89000,30000,59000,59000
07876P,台灣50國泰01售01,0,0,0,0,0,0,0,0,0,59000,0,0,0,60000,1000,59000,59000
08528P,台勝科元大9C售02,0,0,0,0,0,0,0,0,0,59000,0,0,0,59000,0,59000,59000
08403P,上銀元大9C售07  ,0,0,0,0,0,0,0,0,0,59000,0,0,0,59000,0,59000,59000
08426P,奇力新國票01售01,0,0,0,0,0,0,0,0,0,59000,0,0,0,59000,0,59000,59000
066223,拓凱國泰03購01  ,0,0,0,0,0,0,0,0,0,59000,0,0,0,178000,119000,59000,59000
057547,技嘉凱基99購01  ,0,0,0,0,0,0,0,0,0,59000,0,0,0,80000,21000,59000,59000
057888,貿聯群益98購02  ,0,0,0,0,0,0,0,0,0,59000,0,0,0,59000,0,59000,59000
057231,美律凱基98購05  ,0,0,0,0,0,0,0,0,0,59000,0,0,0,59000,0,59000,59000
057164,國巨元大98購14  ,0,0,0,0,0,0,0,0,0,59000,0,0,0,60000,1000,59000,59000
063130,聯茂元大9B購02  ,0,0,0,0,0,0,0,0,0,59000,0,0,0,59000,0,59000,59000
063014,技嘉元大9B購03  ,0,0,0,0,0,0,0,0,0,59000,0,0,0,80000,21000,59000,59000
058977,SGBR2X凱基03購01,0,0,0,0,0,0,0,0,0,59000,0,0,0,70000,11000,59000,59000
06336P,鴻海元大98售05  ,0,0,0,0,0,0,0,0,0,59000,0,0,0,59000,0,59000,59000
064262,玉晶光永豐9C購03,0,0,0,0,0,0,0,0,0,59000,0,0,0,93000,34000,59000,59000
064270,華通元大9C購03  ,0,0,0,0,0,0,0,0,0,59000,0,0,0,59000,0,59000,59000
2816,旺旺保          ,53000,3000,50000,0,0,0,0,0,0,9000,9000,0,9000,0,0,0,59000
06626P,大立光統一9A售01,0,0,0,0,0,0,0,0,0,58000,0,0,0,94000,36000,58000,58000
08395P,燿華永豐9C售02  ,0,0,0,0,0,0,0,0,0,58000,0,0,0,58000,0,58000,58000
08139P,華新科元大9B售12,0,0,0,0,0,0,0,0,0,58000,0,0,0,58000,0,58000,58000
061940,世紀鋼國票9C購01,0,0,0,0,0,0,0,0,0,58000,0,0,0,58000,0,58000,58000
060676,京元電元大9A購03,0,0,0,0,0,0,0,0,0,58000,0,0,0,282000,224000,58000,58000
064268,緯穎永豐9C購01  ,0,0,0,0,0,0,0,0,0,58000,0,0,0,58000,0,58000,58000
064234,正崴統一01購01  ,0,0,0,0,0,0,0,0,0,58000,0,0,0,100000,42000,58000,58000
064051,新日興統一01購01,0,0,0,0,0,0,0,0,0,58000,0,0,0,108000,50000,58000,58000
064453,微星統一02購01  ,0,0,0,0,0,0,0,0,0,58000,0,0,0,188000,130000,58000,58000
064734,大立光元富9C購05,0,0,0,0,0,0,0,0,0,58000,0,0,0,58000,0,58000,58000
065784,正崴永豐9C購01  ,0,0,0,0,0,0,0,0,0,58000,0,0,0,138000,80000,58000,58000
06572P,台積電永昌99售01,0,0,0,0,0,0,0,0,0,58000,0,0,0,58000,0,58000,58000
07181P,臺股指凱基99售23,0,0,0,0,0,0,0,0,0,57000,0,0,0,62000,5000,57000,57000
06789P,鴻海凱基98售12  ,0,0,0,0,0,0,0,0,0,57000,0,0,0,62000,5000,57000,57000
058553,合勤控永豐99購01,0,0,0,0,0,0,0,0,0,57000,0,0,0,79000,22000,57000,57000
058480,新日興凱基9A購01,0,0,0,0,0,0,0,0,0,57000,0,0,0,128000,71000,57000,57000
058788,喬山元大99購01  ,0,0,0,0,0,0,0,0,0,57000,0,0,0,57000,0,57000,57000
056602,嘉澤國泰99購01  ,0,0,0,0,0,0,0,0,0,57000,0,0,0,57000,0,57000,57000
063226,康控群益9B購03  ,0,0,0,0,0,0,0,0,0,57000,0,0,0,263000,206000,57000,57000
06037P,超眾國票98售02  ,0,0,0,0,0,0,0,0,0,57000,0,0,0,60000,3000,57000,57000
060232,友訊元大9C購01  ,0,0,0,0,0,0,0,0,0,57000,0,0,0,57000,0,57000,57000
06054P,臺股指中信9A售01,0,0,0,0,0,0,0,0,0,57000,0,0,0,120000,63000,57000,57000
060847,康控國票9A購01  ,0,0,0,0,0,0,0,0,0,57000,0,0,0,60000,3000,57000,57000
065099,聯茂元大9C購03  ,0,0,0,0,0,0,0,0,0,57000,0,0,0,60000,3000,57000,57000
064172,義隆元富9C購01  ,0,0,0,0,0,0,0,0,0,57000,0,0,0,59000,2000,57000,57000
2705,六福            ,133000,76000,57000,0,0,0,0,0,0,0,0,0,0,0,0,0,57000
066323,精元永豐01購01  ,0,0,0,0,0,0,0,0,0,56000,0,0,0,110000,54000,56000,56000
066224,眾達國泰03購01  ,0,0,0,0,0,0,0,0,0,56000,0,0,0,189000,133000,56000,56000
07898P,國巨國泰9C售02  ,0,0,0,0,0,0,0,0,0,56000,0,0,0,66000,10000,56000,56000
07902P,玉晶光國票01售01,0,0,0,0,0,0,0,0,0,56000,0,0,0,64000,8000,56000,56000
07844P,可成國票9A售01  ,0,0,0,0,0,0,0,0,0,56000,0,0,0,81000,25000,56000,56000
08437P,台郡群益9C售01  ,0,0,0,0,0,0,0,0,0,56000,0,0,0,106000,50000,56000,56000
1537,廣隆            ,63000,7000,56000,0,0,0,0,0,0,0,0,0,0,0,0,0,56000
08656P,大立光群益9C售07,0,0,0,0,0,0,0,0,0,56000,0,0,0,56000,0,56000,56000
08672P,聯發科統一01售09,0,0,0,0,0,0,0,0,0,56000,0,0,0,116000,60000,56000,56000
08765P,鴻海富邦01售02  ,0,0,0,0,0,0,0,0,0,56000,0,0,0,61000,5000,56000,56000
056517,茂林兆豐99購01  ,0,0,0,0,0,0,0,0,0,56000,0,0,0,107000,51000,56000,56000
054935,華通元大98購03  ,0,0,0,0,0,0,0,0,0,56000,0,0,0,57000,1000,56000,56000
057960,聯鈞元大98購02  ,0,0,0,0,0,0,0,0,0,56000,0,0,0,187000,131000,56000,56000
057118,欣興日盛9A購01  ,0,0,0,0,0,0,0,0,0,56000,0,0,0,62000,6000,56000,56000
062233,神隆凱基9B購01  ,0,0,0,0,0,0,0,0,0,56000,0,0,0,56000,0,56000,56000
064276,聯發科元大9C購07,0,0,0,0,0,0,0,0,0,56000,0,0,0,56000,0,56000,56000
064326,裕隆元大9C購01  ,0,0,0,0,0,0,0,0,0,56000,0,0,0,263000,207000,56000,56000
064313,嘉晶群益9C購02  ,0,0,0,0,0,0,0,0,0,56000,0,0,0,137000,81000,56000,56000
064306,和潤兆豐01購01  ,0,0,0,0,0,0,0,0,0,56000,0,0,0,56000,0,56000,56000
063286,嘉澤元大9B購04  ,0,0,0,0,0,0,0,0,0,56000,0,0,0,206000,150000,56000,56000
08350P,臺股指中信9C售06,0,0,0,0,0,0,0,0,0,55000,0,0,0,60000,5000,55000,55000
08635P,大成鋼國票01售01,0,0,0,0,0,0,0,0,0,55000,0,0,0,55000,0,55000,55000
066212,惠特統一01購01  ,0,0,0,0,0,0,0,0,0,55000,0,0,0,320000,265000,55000,55000
066330,新興永豐01購01  ,0,0,0,0,0,0,0,0,0,55000,0,0,0,85000,30000,55000,55000
065990,華擎永豐01購01  ,0,0,0,0,0,0,0,0,0,55000,0,0,0,107000,52000,55000,55000
07060P,台表科國票9A售01,0,0,0,0,0,0,0,0,0,55000,0,0,0,323000,268000,55000,55000
066524,創意統一02購03  ,0,0,0,0,0,0,0,0,0,55000,0,0,0,65000,10000,55000,55000
05774P,臺股指凱基99售04,0,0,0,0,0,0,0,0,0,55000,0,0,0,115000,60000,55000,55000
060167,禾聯碩永豐9A購01,0,0,0,0,0,0,0,0,0,55000,0,0,0,55000,0,55000,55000
061072,南電凱基9B購01  ,0,0,0,0,0,0,0,0,0,55000,0,0,0,70000,15000,55000,55000
060381,元黃金凱基9A購01,0,0,0,0,0,0,0,0,0,55000,0,0,0,65000,10000,55000,55000
059975,元金2X元大99購02,0,0,0,0,0,0,0,0,0,55000,0,0,0,55000,0,55000,55000
063582,瑞祺國泰9C購01  ,0,0,0,0,0,0,0,0,0,55000,0,0,0,55000,0,55000,55000
063958,瑞祺元大9C購01  ,0,0,0,0,0,0,0,0,0,55000,0,0,0,88000,33000,55000,55000
064989,鈺齊元大01購01  ,0,0,0,0,0,0,0,0,0,55000,0,0,0,70000,15000,55000,55000
064621,大立光元大9C購20,0,0,0,0,0,0,0,0,0,55000,0,0,0,80000,25000,55000,55000
066033,南六群益02購01  ,0,0,0,0,0,0,0,0,0,54000,0,0,0,54000,0,54000,54000
08527P,大立光元大01售06,0,0,0,0,0,0,0,0,0,54000,0,0,0,118000,64000,54000,54000
07854P,台積電凱基9A售28,0,0,0,0,0,0,0,0,0,54000,0,0,0,54000,0,54000,54000
00660,元大歐洲50      ,0,0,0,0,0,0,0,0,0,54000,0,0,0,54000,0,54000,54000
056911,緯穎元大99購01  ,0,0,0,0,0,0,0,0,0,54000,0,0,0,110000,56000,54000,54000
056890,國巨元大98購11  ,0,0,0,0,0,0,0,0,0,54000,0,0,0,54000,0,54000,54000
058328,世紀鋼統一9B購01,0,0,0,0,0,0,0,0,0,54000,0,0,0,117000,63000,54000,54000
060824,旺宏元大9A購06  ,0,0,0,0,0,0,0,0,0,54000,0,0,0,54000,0,54000,54000
059042,世紀鋼群益99購02,0,0,0,0,0,0,0,0,0,54000,0,0,0,54000,0,54000,54000
060888,金像電統一9C購01,0,0,0,0,0,0,0,0,0,54000,0,0,0,298000,244000,54000,54000
062192,南六元大9B購01  ,0,0,0,0,0,0,0,0,0,54000,0,0,0,99000,45000,54000,54000
061378,南六永豐9A購03  ,0,0,0,0,0,0,0,0,0,54000,0,0,0,84000,30000,54000,54000
062669,微星中信03購01  ,0,0,0,0,0,0,0,0,0,54000,0,0,0,84000,30000,54000,54000
062695,華通元大9C購01  ,0,0,0,0,0,0,0,0,0,54000,0,0,0,54000,0,54000,54000
3694,海華            ,288000,234000,54000,0,0,0,0,0,0,0,0,0,0,0,0,0,54000
4720,德淵            ,99000,45000,54000,0,0,0,0,0,0,0,0,0,0,0,0,0,54000
5608,四維航          ,105000,53000,52000,0,0,0,0,0,0,2000,2000,0,2000,0,0,0,54000
08074P,緯穎元富9B售02  ,0,0,0,0,0,0,0,0,0,53000,0,0,0,66000,13000,53000,53000
07769P,國巨國票9A售10  ,0,0,0,0,0,0,0,0,0,53000,0,0,0,53000,0,53000,53000
066348,松翰永豐01購01  ,0,0,0,0,0,0,0,0,0,53000,0,0,0,62000,9000,53000,53000
066615,長榮航康和01購01,0,0,0,0,0,0,0,0,0,53000,0,0,0,53000,0,53000,53000
061651,世紀鋼元大9C購02,0,0,0,0,0,0,0,0,0,53000,0,0,0,106000,53000,53000,53000
058797,大毅元大99購03  ,0,0,0,0,0,0,0,0,0,53000,0,0,0,108000,55000,53000,53000
062697,國巨元大9C購01  ,0,0,0,0,0,0,0,0,0,53000,0,0,0,58000,5000,53000,53000
062690,華擎統一9B購01  ,0,0,0,0,0,0,0,0,0,53000,0,0,0,350000,297000,53000,53000
059425,SGBR2X元大9A購02,0,0,0,0,0,0,0,0,0,53000,0,0,0,74000,21000,53000,53000
062526,友達統一01購01  ,0,0,0,0,0,0,0,0,0,53000,0,0,0,63000,10000,53000,53000
060133,牧德群益9B購01  ,0,0,0,0,0,0,0,0,0,53000,0,0,0,53000,0,53000,53000
064813,祥碩元大9C購05  ,0,0,0,0,0,0,0,0,0,53000,0,0,0,61000,8000,53000,53000
065344,瑞昱統一01購05  ,0,0,0,0,0,0,0,0,0,53000,0,0,0,75000,22000,53000,53000
064016,南六國票01購01  ,0,0,0,0,0,0,0,0,0,53000,0,0,0,68000,15000,53000,53000
06923P,鴻海群益98售09  ,0,0,0,0,0,0,0,0,0,52000,0,0,0,52000,0,52000,52000
06728P,全新元大98售03  ,0,0,0,0,0,0,0,0,0,52000,0,0,0,52000,0,52000,52000
07671P,超眾元大9A售04  ,0,0,0,0,0,0,0,0,0,52000,0,0,0,52000,0,52000,52000
08544P,和碩國票01售02  ,0,0,0,0,0,0,0,0,0,52000,0,0,0,52000,0,52000,52000
08585P,台表科群益9C售04,0,0,0,0,0,0,0,0,0,52000,0,0,0,57000,5000,52000,52000
054624,台積電凱基98購03,0,0,0,0,0,0,0,0,0,52000,0,0,0,52000,0,52000,52000
056480,京鼎元大98購02  ,0,0,0,0,0,0,0,0,0,52000,0,0,0,52000,0,52000,52000
057450,國泰金元富98購01,0,0,0,0,0,0,0,0,0,52000,0,0,0,81000,29000,52000,52000
060404,台勝科國泰9B購01,0,0,0,0,0,0,0,0,0,52000,0,0,0,447000,395000,52000,52000
058949,上銀群益99購02  ,0,0,0,0,0,0,0,0,0,52000,0,0,0,52000,0,52000,52000
065820,瑞祺元富03購01  ,0,0,0,0,0,0,0,0,0,52000,0,0,0,158000,106000,52000,52000
08271P,華通元富9C售01  ,0,0,0,0,0,0,0,0,0,51000,0,0,0,51000,0,51000,51000
066344,拓凱永豐01購01  ,0,0,0,0,0,0,0,0,0,51000,0,0,0,300000,249000,51000,51000
066361,微星中信05購01  ,0,0,0,0,0,0,0,0,0,51000,0,0,0,86000,35000,51000,51000
066127,劍麟群益03購01  ,0,0,0,0,0,0,0,0,0,51000,0,0,0,51000,0,51000,51000
066144,惠特群益01購02  ,0,0,0,0,0,0,0,0,0,51000,0,0,0,94000,43000,51000,51000
056723,國巨中信9A購01  ,0,0,0,0,0,0,0,0,0,51000,0,0,0,51000,0,51000,51000
053811,國巨群益98購02  ,0,0,0,0,0,0,0,0,0,51000,0,0,0,51000,0,51000,51000
053381,友達元大9A購02  ,0,0,0,0,0,0,0,0,0,51000,0,0,0,309000,258000,51000,51000
052994,群創台新99購01  ,0,0,0,0,0,0,0,0,0,51000,0,0,0,51000,0,51000,51000
062163,大毅國泰01購01  ,0,0,0,0,0,0,0,0,0,51000,0,0,0,187000,136000,51000,51000
060170,世紀鋼永豐9A購01,0,0,0,0,0,0,0,0,0,51000,0,0,0,51000,0,51000,51000
065295,旭富群益9C購02  ,0,0,0,0,0,0,0,0,0,51000,0,0,0,159000,108000,51000,51000
065525,瑞儀群益01購01  ,0,0,0,0,0,0,0,0,0,51000,0,0,0,51000,0,51000,51000
065095,玉晶光元大02購02,0,0,0,0,0,0,0,0,0,51000,0,0,0,52000,1000,51000,51000
063932,世芯統一01購01  ,0,0,0,0,0,0,0,0,0,51000,0,0,0,129000,78000,51000,51000
8105,凌巨            ,310000,264000,46000,0,0,0,0,0,0,5000,5000,0,5000,0,0,0,51000
3665,貿聯-KY         ,135000,384000,-249000,0,0,0,286000,39000,247000,53000,21000,38000,-17000,81000,11000,70000,51000
066249,生達元大01購01  ,0,0,0,0,0,0,0,0,0,50000,0,0,0,220000,170000,50000,50000
06849P,欣興元大98售12  ,0,0,0,0,0,0,0,0,0,50000,0,0,0,960000,910000,50000,50000
06962P,華新科永豐99售01,0,0,0,0,0,0,0,0,0,50000,0,0,0,60000,10000,50000,50000
07026P,超眾凱基99售03  ,0,0,0,0,0,0,0,0,0,50000,0,0,0,50000,0,50000,50000
066566,康控元大01購01  ,0,0,0,0,0,0,0,0,0,50000,0,0,0,191000,141000,50000,50000
08159P,日月光元富9B售01,0,0,0,0,0,0,0,0,0,50000,0,0,0,70000,20000,50000,50000
07832P,台積電群益9A售08,0,0,0,0,0,0,0,0,0,50000,0,0,0,50000,0,50000,50000
07972P,大立光統一9C售05,0,0,0,0,0,0,0,0,0,50000,0,0,0,50000,0,50000,50000
07704P,台積電元大9A售25,0,0,0,0,0,0,0,0,0,50000,0,0,0,50000,0,50000,50000
07577P,華新科元大9A售09,0,0,0,0,0,0,0,0,0,50000,0,0,0,60000,10000,50000,50000
07196P,大立光元大99售13,0,0,0,0,0,0,0,0,0,50000,0,0,0,50000,0,50000,50000
07219P,臺股指凱基99售32,0,0,0,0,0,0,0,0,0,50000,0,0,0,50000,0,50000,50000
07224P,鴻海元大9A售02  ,0,0,0,0,0,0,0,0,0,50000,0,0,0,50000,0,50000,50000
07241P,台灣50國票9A售05,0,0,0,0,0,0,0,0,0,50000,0,0,0,50000,0,50000,50000
07256P,臺股指凱基99售36,0,0,0,0,0,0,0,0,0,50000,0,0,0,50000,0,50000,50000
07326P,大立光元大99售23,0,0,0,0,0,0,0,0,0,50000,0,0,0,50000,0,50000,50000
07422P,大立光元大99售32,0,0,0,0,0,0,0,0,0,50000,0,0,0,50000,0,50000,50000
08522P,智邦元大9C售08  ,0,0,0,0,0,0,0,0,0,50000,0,0,0,50000,0,50000,50000
08279P,南電元富9C售02  ,0,0,0,0,0,0,0,0,0,50000,0,0,0,50000,0,50000,50000
08415P,台灣50元大9C售42,0,0,0,0,0,0,0,0,0,50000,0,0,0,50000,0,50000,50000
05348P,美律元富98售01  ,0,0,0,0,0,0,0,0,0,50000,0,0,0,50000,0,50000,50000
054258,牧德元大97購01  ,0,0,0,0,0,0,0,0,0,50000,0,0,0,50000,0,50000,50000
056634,為升兆豐99購01  ,0,0,0,0,0,0,0,0,0,50000,0,0,0,50000,0,50000,50000
057815,信邦元大98購01  ,0,0,0,0,0,0,0,0,0,50000,0,0,0,50000,0,50000,50000
057737,國巨富邦99購02  ,0,0,0,0,0,0,0,0,0,50000,0,0,0,50000,0,50000,50000
055244,國巨統一98購01  ,0,0,0,0,0,0,0,0,0,50000,0,0,0,50000,0,50000,50000
056044,同欣電凱基97購03,0,0,0,0,0,0,0,0,0,50000,0,0,0,50000,0,50000,50000
055621,國巨國泰98購03  ,0,0,0,0,0,0,0,0,0,50000,0,0,0,50000,0,50000,50000
056872,旺宏凱基98購08  ,0,0,0,0,0,0,0,0,0,50000,0,0,0,50000,0,50000,50000
057958,禾伸堂元大99購05,0,0,0,0,0,0,0,0,0,50000,0,0,0,50000,0,50000,50000
057917,台積電凱基98購17,0,0,0,0,0,0,0,0,0,50000,0,0,0,60000,10000,50000,50000
058457,創意永豐99購01  ,0,0,0,0,0,0,0,0,0,50000,0,0,0,50000,0,50000,50000
058637,晶技兆豐99購01  ,0,0,0,0,0,0,0,0,0,50000,0,0,0,50000,0,50000,50000
058657,大立光中信99購01,0,0,0,0,0,0,0,0,0,50000,0,0,0,50000,0,50000,50000
057408,台郡群益98購01  ,0,0,0,0,0,0,0,0,0,50000,0,0,0,50000,0,50000,50000
057537,聯茂元大98購04  ,0,0,0,0,0,0,0,0,0,50000,0,0,0,50000,0,50000,50000
057538,緯穎元大98購07  ,0,0,0,0,0,0,0,0,0,50000,0,0,0,118000,68000,50000,50000
057649,嘉聯益元大99購04,0,0,0,0,0,0,0,0,0,50000,0,0,0,51000,1000,50000,50000
061695,群創群益9A購01  ,0,0,0,0,0,0,0,0,0,50000,0,0,0,50000,0,50000,50000
061918,上銀凱基9B購02  ,0,0,0,0,0,0,0,0,0,50000,0,0,0,50000,0,50000,50000
061582,麗豐元大9A購01  ,0,0,0,0,0,0,0,0,0,50000,0,0,0,50000,0,50000,50000
060965,中租凱基9B購01  ,0,0,0,0,0,0,0,0,0,50000,0,0,0,50000,0,50000,50000
060204,矽創元富9A購01  ,0,0,0,0,0,0,0,0,0,50000,0,0,0,50000,0,50000,50000
059656,T50反1元大99購11,0,0,0,0,0,0,0,0,0,50000,0,0,0,50000,0,50000,50000
062158,禾伸堂凱基9B購01,0,0,0,0,0,0,0,0,0,50000,0,0,0,50000,0,50000,50000
059530,華新科凱基9A購05,0,0,0,0,0,0,0,0,0,50000,0,0,0,50000,0,50000,50000
062563,緯穎凱基9B購03  ,0,0,0,0,0,0,0,0,0,50000,0,0,0,50000,0,50000,50000
060762,長榮航元大9A購02,0,0,0,0,0,0,0,0,0,50000,0,0,0,50000,0,50000,50000
061525,華新科凱基9A購13,0,0,0,0,0,0,0,0,0,50000,0,0,0,50000,0,50000,50000
059821,美律凱基99購08  ,0,0,0,0,0,0,0,0,0,50000,0,0,0,60000,10000,50000,50000
063823,T50反1國票01購02,0,0,0,0,0,0,0,0,0,50000,0,0,0,90000,40000,50000,50000
063713,麗豐凱基9B購01  ,0,0,0,0,0,0,0,0,0,50000,0,0,0,50000,0,50000,50000
06353P,電子類富邦99售02,0,0,0,0,0,0,0,0,0,50000,0,0,0,50000,0,50000,50000
064118,喬山元大01購01  ,0,0,0,0,0,0,0,0,0,50000,0,0,0,50000,0,50000,50000
064098,正崴群益9C購01  ,0,0,0,0,0,0,0,0,0,50000,0,0,0,63000,13000,50000,50000
064415,群創麥證9C購01  ,0,0,0,60000,10000,50000,0,0,0,50000,0,0,0,60000,10000,50000,50000
065075,葡萄王元大01購01,0,0,0,0,0,0,0,0,0,50000,0,0,0,342000,292000,50000,50000
065076,中橡元大9C購01  ,0,0,0,0,0,0,0,0,0,50000,0,0,0,50000,0,50000,50000
064980,牧德元大01購01  ,0,0,0,0,0,0,0,0,0,50000,0,0,0,50000,0,50000,50000
064642,裕隆凱基9C購01  ,0,0,0,0,0,0,0,0,0,50000,0,0,0,50000,0,50000,50000
065517,緯創群益9C購02  ,0,0,0,0,0,0,0,0,0,50000,0,0,0,106000,56000,50000,50000
065807,智伸科群益01購01,0,0,0,0,0,0,0,0,0,50000,0,0,0,100000,50000,50000,50000
065669,義隆凱基01購03  ,0,0,0,0,0,0,0,0,0,50000,0,0,0,50000,0,50000,50000
2442,新美齊          ,111000,64000,47000,0,0,0,0,0,0,3000,3000,0,3000,0,0,0,50000
066404,瑞祺凱基02購01  ,0,0,0,0,0,0,0,0,0,49000,0,0,0,59000,10000,49000,49000
058005,茂林群益98購04  ,0,0,0,0,0,0,0,0,0,49000,0,0,0,49000,0,49000,49000
056579,麗豐元大99購01  ,0,0,0,0,0,0,0,0,0,49000,0,0,0,70000,21000,49000,49000
00668,國泰美國道瓊    ,23000,13000,10000,0,0,0,0,0,0,39000,0,0,0,117000,78000,39000,49000
062684,華新科統一01購02,0,0,0,0,0,0,0,0,0,49000,0,0,0,50000,1000,49000,49000
060127,牧德永豐99購02  ,0,0,0,0,0,0,0,0,0,49000,0,0,0,69000,20000,49000,49000
061260,台積電凱基9A購23,0,0,0,0,0,0,0,0,0,49000,0,0,0,81000,32000,49000,49000
065586,嘉聯益富邦03購01,0,0,0,0,0,0,0,0,0,49000,0,0,0,101000,52000,49000,49000
065781,創意富邦01購01  ,0,0,0,0,0,0,0,0,0,49000,0,0,0,60000,11000,49000,49000
064870,中租永豐9C購01  ,0,0,0,0,0,0,0,0,0,49000,0,0,0,118000,69000,49000,49000
065010,國巨國泰01購04  ,0,0,0,0,0,0,0,0,0,49000,0,0,0,146000,97000,49000,49000
064560,技嘉群益01購01  ,0,0,0,0,0,0,0,0,0,49000,0,0,0,133000,84000,49000,49000
00875,國泰網路資安    ,8000,0,8000,0,0,0,0,0,0,40500,0,0,0,211000,170500,40500,48500
066021,華通群益02購03  ,0,0,0,0,0,0,0,0,0,48000,0,0,0,48000,0,48000,48000
065884,智原元富9C購02  ,0,0,0,0,0,0,0,0,0,48000,0,0,0,65000,17000,48000,48000
066703,聯詠群益01購02  ,0,0,0,0,0,0,0,0,0,48000,0,0,0,60000,12000,48000,48000
066681,聯發科兆豐01購04,0,0,0,0,0,0,0,0,0,48000,0,0,0,128000,80000,48000,48000
08312P,旺宏國票01售01  ,0,0,0,0,0,0,0,0,0,48000,0,0,0,48000,0,48000,48000
08632P,聯發科元大9C售19,0,0,0,0,0,0,0,0,0,48000,0,0,0,884000,836000,48000,48000
08783P,台積電元大01售18,0,0,0,0,0,0,0,0,0,48000,0,0,0,559000,511000,48000,48000
053860,台積電元大98購03,0,0,0,0,0,0,0,0,0,48000,0,0,0,48000,0,48000,48000
055623,貿聯國泰99購01  ,0,0,0,0,0,0,0,0,0,48000,0,0,0,112000,64000,48000,48000
056232,瑞儀凱基98購01  ,0,0,0,0,0,0,0,0,0,48000,0,0,0,48000,0,48000,48000
058189,嘉澤永豐99購01  ,0,0,0,0,0,0,0,0,0,48000,0,0,0,118000,70000,48000,48000
058877,T50反1國泰9B購01,0,0,0,0,0,0,0,0,0,48000,0,0,0,98000,50000,48000,48000
061611,南六統一01購01  ,0,0,0,0,0,0,0,0,0,48000,0,0,0,65000,17000,48000,48000
057637,上銀元大98購07  ,0,0,0,0,0,0,0,0,0,48000,0,0,0,98000,50000,48000,48000
062770,臺股指凱基9B購14,0,0,0,0,0,0,0,0,0,48000,0,0,0,48000,0,48000,48000
061050,康友中信9A購01  ,0,0,0,0,0,0,0,0,0,48000,0,0,0,48000,0,48000,48000
060311,盟立永豐9A購01  ,0,0,0,0,0,0,0,0,0,48000,0,0,0,48000,0,48000,48000
061840,長榮航凱基9C購01,0,0,0,0,0,0,0,0,0,48000,0,0,0,62000,14000,48000,48000
062251,旺宏元大9B購06  ,0,0,0,0,0,0,0,0,0,48000,0,0,0,68000,20000,48000,48000
063959,GIS元大9C購02   ,0,0,0,0,0,0,0,0,0,48000,0,0,0,50000,2000,48000,48000
065138,上銀凱基02購01  ,0,0,0,0,0,0,0,0,0,48000,0,0,0,50000,2000,48000,48000
065786,神基永豐9C購01  ,0,0,0,0,0,0,0,0,0,48000,0,0,0,48000,0,48000,48000
2348,海悅            ,263000,175000,88000,0,0,0,0,0,0,-40000,20000,60000,-40000,0,0,0,48000
4536,拓凱            ,104000,79000,25000,0,0,0,16000,15000,1000,22000,32000,3000,29000,47000,54000,-7000,48000
08455P,台積電凱基9C售05,0,0,0,0,0,0,0,0,0,47000,0,0,0,147000,100000,47000,47000
07925P,台積電凱基9B售05,0,0,0,0,0,0,0,0,0,47000,0,0,0,47000,0,47000,47000
066376,聯詠兆豐01購01  ,0,0,0,0,0,0,0,0,0,47000,0,0,0,47000,0,47000,47000
066383,臻鼎康和01購01  ,0,0,0,0,0,0,0,0,0,47000,0,0,0,53000,6000,47000,47000
058427,大毅元富99購01  ,0,0,0,0,0,0,0,0,0,47000,0,0,0,50000,3000,47000,47000
058479,亞光凱基9A購01  ,0,0,0,0,0,0,0,0,0,47000,0,0,0,47000,0,47000,47000
058498,世紀鋼群益99購01,0,0,0,0,0,0,0,0,0,47000,0,0,0,52000,5000,47000,47000
058883,旭富永豐99購01  ,0,0,0,0,0,0,0,0,0,47000,0,0,0,47000,0,47000,47000
054387,台積電統一98購02,0,0,0,0,0,0,0,0,0,47000,0,0,0,47000,0,47000,47000
061820,康控群益9B購02  ,0,0,0,0,0,0,0,0,0,47000,0,0,0,57000,10000,47000,47000
060288,群光元大9C購01  ,0,0,0,0,0,0,0,0,0,47000,0,0,0,393000,346000,47000,47000
059127,國巨中信99購04  ,0,0,0,0,0,0,0,0,0,47000,0,0,0,47000,0,47000,47000
063136,智邦統一9B購02  ,0,0,0,0,0,0,0,0,0,47000,0,0,0,847000,800000,47000,47000
063081,技嘉凱基9B購02  ,0,0,0,0,0,0,0,0,0,47000,0,0,0,104000,57000,47000,47000
065695,友訊群益01購02  ,0,0,0,0,0,0,0,0,0,47000,0,0,0,57000,10000,47000,47000
064209,燿華凱基01購01  ,4000,0,4000,0,0,0,0,0,0,43000,0,0,0,47000,4000,43000,47000
3607,谷崧            ,113000,71000,42000,0,0,0,0,0,0,5000,5000,0,5000,0,0,0,47000
06653P,美食元大98售02  ,0,0,0,0,0,0,0,0,0,46000,0,0,0,70000,24000,46000,46000
06886P,旺宏元大99售07  ,0,0,0,0,0,0,0,0,0,46000,0,0,0,46000,0,46000,46000
06755P,大立光永豐98售03,0,0,0,0,0,0,0,0,0,46000,0,0,0,165000,119000,46000,46000
08070P,晶技國泰9C售02  ,0,0,0,0,0,0,0,0,0,46000,0,0,0,54000,8000,46000,46000
08219P,上銀凱基9B售08  ,0,0,0,0,0,0,0,0,0,46000,0,0,0,50000,4000,46000,46000
08645P,臺股指中信03售01,0,0,0,0,0,0,0,0,0,46000,0,0,0,61000,15000,46000,46000
08743P,群創凱基01售04  ,0,0,0,0,0,0,0,0,0,46000,0,0,0,48000,2000,46000,46000
08729P,創意永豐01售01  ,0,0,0,0,0,0,0,0,0,46000,0,0,0,106000,60000,46000,46000
057683,技嘉日盛98購01  ,0,0,0,0,0,0,0,0,0,46000,0,0,0,222000,176000,46000,46000
061683,台灣50群益9B購09,0,0,0,0,0,0,0,0,0,46000,0,0,0,48000,2000,46000,46000
061583,矽創元大9A購01  ,0,0,0,0,0,0,0,0,0,46000,0,0,0,50000,4000,46000,46000
063201,廣達統一01購01  ,0,0,0,0,0,0,0,0,0,46000,0,0,0,251000,205000,46000,46000
062798,台光電統一9B購01,0,0,0,0,0,0,0,0,0,46000,0,0,0,100000,54000,46000,46000
062069,喬山元大9B購01  ,0,0,0,0,0,0,0,0,0,46000,0,0,0,50000,4000,46000,46000
062573,大毅群益9B購03  ,0,0,0,0,0,0,0,0,0,46000,0,0,0,66000,20000,46000,46000
062724,可成凱基9B購04  ,0,0,0,0,0,0,0,0,0,46000,0,0,0,51000,5000,46000,46000
062456,台積電群益9B購05,0,0,0,0,0,0,0,0,0,46000,0,0,0,46000,0,46000,46000
063863,儒鴻富邦02購01  ,0,0,0,0,0,0,0,0,0,46000,0,0,0,57000,11000,46000,46000
063451,漢翔統一9C購01  ,0,0,0,0,0,0,0,0,0,46000,0,0,0,46000,0,46000,46000
064697,健策群益01購02  ,0,0,0,0,0,0,0,0,0,46000,0,0,0,99000,53000,46000,46000
3494,誠研            ,133000,87000,46000,0,0,0,0,0,0,0,0,0,0,0,0,0,46000
2607,榮運            ,107000,61000,46000,0,0,0,0,0,0,0,0,0,0,0,0,0,46000
08700P,瑞昱康和01售01  ,0,0,0,0,0,0,0,0,0,45000,0,0,0,45000,0,45000,45000
08058P,華新科元大9B售10,0,0,0,0,0,0,0,0,0,45000,0,0,0,45000,0,45000,45000
07767P,華新科群益9A售07,0,0,0,0,0,0,0,0,0,45000,0,0,0,59000,14000,45000,45000
06813P,友訊元富98售03  ,0,0,0,0,0,0,0,0,0,45000,0,0,0,55000,10000,45000,45000
065937,大毅群益02購01  ,0,0,0,0,0,0,0,0,0,45000,0,0,0,52000,7000,45000,45000
06610P,台積電凱基9A售03,0,0,0,0,0,0,0,0,0,45000,0,0,0,45000,0,45000,45000
057543,華通凱基99購02  ,0,0,0,0,0,0,0,0,0,45000,0,0,0,45000,0,45000,45000
056782,鴻海群益98購04  ,0,0,0,0,0,0,0,0,0,45000,0,0,0,45000,0,45000,45000
056946,國巨統一98購05  ,0,0,0,0,0,0,0,0,0,45000,0,0,0,45000,0,45000,45000
058297,茂林凱基9A購02  ,0,0,0,0,0,0,0,0,0,45000,0,0,0,45000,0,45000,45000
055408,力成國泰98購01  ,0,0,0,0,0,0,0,0,0,45000,0,0,0,60000,15000,45000,45000
058701,鴻海元大99購16  ,0,0,0,0,0,0,0,0,0,45000,0,0,0,62000,17000,45000,45000
056688,聯詠統一98購01  ,0,0,0,0,0,0,0,0,0,45000,0,0,0,45000,0,45000,45000
05174P,元金2X富邦9B售01,0,0,0,0,0,0,0,0,0,45000,0,0,0,45000,0,45000,45000
03658C,T50反1元大9A牛02,0,0,0,0,0,0,0,0,0,45000,0,0,0,70000,25000,45000,45000
062457,京元電群益9B購01,0,0,0,0,0,0,0,0,0,45000,0,0,0,45000,0,45000,45000
062732,南六凱基9B購03  ,0,0,0,0,0,0,0,0,0,45000,0,0,0,74000,29000,45000,45000
060678,聯詠元大9A購03  ,0,0,0,0,0,0,0,0,0,45000,0,0,0,78000,33000,45000,45000
061143,道瓊指中信9C購04,0,0,0,0,0,0,0,0,0,45000,0,0,0,45000,0,45000,45000
064726,創意統一01購03  ,0,0,0,0,0,0,0,0,0,45000,0,0,0,120000,75000,45000,45000
063481,緯穎元大9B購08  ,0,0,0,0,0,0,0,0,0,45000,0,0,0,70000,25000,45000,45000
063478,GIS元大9B購03   ,0,0,0,0,0,0,0,0,0,45000,0,0,0,45000,0,45000,45000
063912,信邦凱基01購01  ,0,0,0,0,0,0,0,0,0,45000,0,0,0,95000,50000,45000,45000
064211,友達凱基02購01  ,0,0,0,0,0,0,0,0,0,45000,0,0,0,52000,7000,45000,45000
064317,日月光群益9C購01,0,0,0,0,0,0,0,0,0,45000,0,0,0,77000,32000,45000,45000
2486,一詮            ,256000,214000,42000,0,0,0,0,0,0,3000,3000,0,3000,0,0,0,45000
066104,鎧勝國票02購01  ,0,0,0,0,0,0,0,0,0,44000,0,0,0,125000,81000,44000,44000
066190,惠特凱基01購01  ,0,0,0,0,0,0,0,0,0,44000,0,0,0,70000,26000,44000,44000
08662P,台積電國泰03售01,0,0,0,0,0,0,0,0,0,44000,0,0,0,139000,95000,44000,44000
08407P,臺股指元大9C售13,0,0,0,0,0,0,0,0,0,44000,0,0,0,544000,500000,44000,44000
047004,台積電統一99購01,0,0,0,0,0,0,0,0,0,44000,0,0,0,44000,0,44000,44000
056496,康控國泰99購01  ,0,0,0,0,0,0,0,0,0,44000,0,0,0,59000,15000,44000,44000
056469,國巨元大99購01  ,0,0,0,0,0,0,0,0,0,44000,0,0,0,112000,68000,44000,44000
053568,智伸科富邦98購01,0,0,0,0,0,0,0,0,0,44000,0,0,0,101000,57000,44000,44000
00762,元大全球AI      ,0,0,0,0,0,0,0,0,0,44000,0,0,0,146000,102000,44000,44000
058558,鴻海日盛9A購02  ,0,0,0,0,0,0,0,0,0,44000,0,0,0,82000,38000,44000,44000
058583,臻鼎群益99購01  ,0,0,0,0,0,0,0,0,0,44000,0,0,0,60000,16000,44000,44000
061594,玉晶光永豐9A購08,0,0,0,0,0,0,0,0,0,44000,0,0,0,48000,4000,44000,44000
062912,新日興元大9B購01,0,0,0,0,0,0,0,0,0,44000,0,0,0,79000,35000,44000,44000
063134,裕隆統一01購01  ,0,0,0,0,0,0,0,0,0,44000,0,0,0,714000,670000,44000,44000
063086,祥碩凱基9C購01  ,0,0,0,0,0,0,0,0,0,44000,0,0,0,79000,35000,44000,44000
062988,儒鴻群益9B購01  ,0,0,0,0,0,0,0,0,0,44000,0,0,0,98000,54000,44000,44000
061800,泰鼎永豐9B購01  ,0,0,0,0,0,0,0,0,0,44000,0,0,0,68000,24000,44000,44000
064047,義隆統一02購01  ,0,0,0,0,0,0,0,0,0,44000,0,0,0,54000,10000,44000,44000
4564,元翎            ,128000,87000,41000,0,0,0,0,0,0,3000,0,0,0,3000,0,3000,44000
07954P,台表科元大9B售02,0,0,0,0,0,0,0,0,0,43000,0,0,0,158000,115000,43000,43000
06952P,大立光統一9A售03,0,0,0,0,0,0,0,0,0,43000,0,0,0,43000,0,43000,43000
06750P,聯發科元富02售03,0,0,0,0,0,0,0,0,0,43000,0,0,0,43000,0,43000,43000
057568,友訊永豐99購01  ,0,0,0,0,0,0,0,0,0,43000,0,0,0,66000,23000,43000,43000
062147,大毅國票9B購02  ,0,0,0,0,0,0,0,0,0,43000,0,0,0,43000,0,43000,43000
062451,瀚宇博元大9B購02,0,0,0,0,0,0,0,0,0,43000,0,0,0,44000,1000,43000,43000
062820,禾伸堂兆豐9B購01,0,0,0,0,0,0,0,0,0,43000,0,0,0,71000,28000,43000,43000
065060,上銀群益9C購02  ,0,0,0,0,0,0,0,0,0,43000,0,0,0,48000,5000,43000,43000
064955,健策凱基9C購03  ,0,0,0,0,0,0,0,0,0,43000,0,0,0,58000,15000,43000,43000
4551,智伸科          ,176000,110000,66000,0,0,0,0,0,0,-23000,0,59000,-59000,44000,8000,36000,43000
4414,如興            ,1568000,1533000,35000,0,0,0,0,0,0,8000,8000,0,8000,0,0,0,43000
2615,萬海            ,295000,1554000,-1259000,0,0,0,1299000,4000,1295000,7000,7000,0,7000,0,0,0,43000
9917,中保科          ,57000,18000,39000,0,0,0,0,1000,-1000,5000,5000,0,5000,0,0,0,43000
066409,勤誠凱基01購01  ,0,0,0,0,0,0,0,0,0,42000,0,0,0,139000,97000,42000,42000
08077P,亞德客國票9B售02,0,0,0,0,0,0,0,0,0,42000,0,0,0,46000,4000,42000,42000
08420P,國巨群益9C售12  ,0,0,0,0,0,0,0,0,0,42000,0,0,0,42000,0,42000,42000
08315P,台積電元大9C售08,0,0,0,0,0,0,0,0,0,42000,0,0,0,213000,171000,42000,42000
055781,聯詠凱基98購01  ,0,0,0,0,0,0,0,0,0,42000,0,0,0,118000,76000,42000,42000
059032,元石油群益9C購03,0,0,0,0,0,0,0,0,0,42000,0,0,0,93000,51000,42000,42000
061140,華擎統一9C購01  ,0,0,0,0,0,0,0,0,0,42000,0,0,0,54000,12000,42000,42000
062279,晶豪科群益9B購01,0,0,0,0,0,0,0,0,0,42000,0,0,0,58000,16000,42000,42000
061841,晶技凱基9C購01  ,0,0,0,0,0,0,0,0,0,42000,0,0,0,54000,12000,42000,42000
061388,台積電群益9A購05,0,0,0,0,0,0,0,0,0,42000,0,0,0,144000,102000,42000,42000
064959,巨大凱基9C購02  ,0,0,0,0,0,0,0,0,0,42000,0,0,0,42000,0,42000,42000
064752,台達電凱基01購01,0,0,0,0,0,0,0,0,0,42000,0,0,0,98000,56000,42000,42000
064757,義隆凱基01購02  ,0,0,0,0,0,0,0,0,0,42000,0,0,0,185000,143000,42000,42000
064589,聯鈞永豐9C購01  ,0,0,0,0,0,0,0,0,0,42000,0,0,0,67000,25000,42000,42000
064503,日電貿元大9C購01,0,0,0,0,0,0,0,0,0,42000,0,0,0,42000,0,42000,42000
6155,鈞寶            ,91000,29000,62000,0,0,0,0,0,0,-20000,0,20000,-20000,0,0,0,42000
3504,揚明光          ,170000,141000,29000,0,0,0,0,0,0,13000,1000,0,1000,12000,0,12000,42000
08560P,茂林國票01售01  ,0,0,0,0,0,0,0,0,0,41000,0,0,0,62000,21000,41000,41000
06699P,台積電統一98售11,0,0,0,0,0,0,0,0,0,41000,0,0,0,41000,0,41000,41000
06854P,鴻海富邦99售05  ,0,0,0,0,0,0,0,0,0,41000,0,0,0,41000,0,41000,41000
066719,滬深2X元大01購06,0,0,0,0,0,0,0,0,0,41000,0,0,0,67000,26000,41000,41000
055923,矽力凱基98購01  ,0,0,0,0,0,0,0,0,0,41000,0,0,0,53000,12000,41000,41000
058744,FBVIX凱基9C購03 ,0,0,0,0,0,0,0,0,0,41000,0,0,0,103000,62000,41000,41000
020008,元大特股高息N   ,0,0,0,0,0,0,0,0,0,41000,0,0,0,42000,1000,41000,41000
053294,聯發科中信9C購01,0,0,0,0,0,0,0,0,0,41000,0,0,0,72000,31000,41000,41000
057011,日月光中信99購01,0,0,0,0,0,0,0,0,0,41000,0,0,0,121000,80000,41000,41000
061596,健策永豐9A購03  ,0,0,0,0,0,0,0,0,0,41000,0,0,0,102000,61000,41000,41000
065165,上銀元大9C購09  ,0,0,0,0,0,0,0,0,0,41000,0,0,0,111000,70000,41000,41000
065614,緯穎元大01購02  ,0,0,0,0,0,0,0,0,0,41000,0,0,0,61000,20000,41000,41000
3543,州巧            ,45000,4000,41000,0,0,0,0,0,0,0,0,0,0,0,0,0,41000
2478,大毅            ,1040000,858000,182000,0,0,0,0,0,0,-141000,1000,0,1000,50000,192000,-142000,41000
06839P,玉晶光統一9A售05,0,0,0,0,0,0,0,0,0,40000,0,0,0,90000,50000,40000,40000
06715P,台積電元大99售04,0,0,0,0,0,0,0,0,0,40000,0,0,0,50000,10000,40000,40000
066456,全新統一02購01  ,0,0,0,0,0,0,0,0,0,40000,0,0,0,40000,0,40000,40000
066015,健策元富01購01  ,0,0,0,0,0,0,0,0,0,40000,0,0,0,40000,0,40000,40000
08469P,富邦金凱基9C售01,0,0,0,0,0,0,0,0,0,40000,0,0,0,40000,0,40000,40000
08496P,金像電國票01售02,0,0,0,0,0,0,0,0,0,40000,0,0,0,41000,1000,40000,40000
08724P,臺股指元大01售05,0,0,0,0,0,0,0,0,0,40000,0,0,0,40000,0,40000,40000
1307,三芳            ,53000,14000,39000,0,0,0,0,0,0,1000,1000,0,1000,0,0,0,40000
07946P,華通統一9B售02  ,0,0,0,0,0,0,0,0,0,40000,0,0,0,109000,69000,40000,40000
07986P,大成鋼統一9B售02,0,0,0,0,0,0,0,0,0,40000,0,0,0,50000,10000,40000,40000
08046P,臺股指國票9B售11,0,0,0,0,0,0,0,0,0,40000,0,0,0,40000,0,40000,40000
07689P,旺宏元大9A售13  ,0,0,0,0,0,0,0,0,0,40000,0,0,0,50000,10000,40000,40000
07470P,國巨元大9A售06  ,0,0,0,0,0,0,0,0,0,40000,0,0,0,40000,0,40000,40000
07304P,臺股指元大9A售37,0,0,0,0,0,0,0,0,0,40000,0,0,0,70000,30000,40000,40000
07242P,台灣50凱基9A售03,0,0,0,0,0,0,0,0,0,40000,0,0,0,50000,10000,40000,40000
061907,裕隆中信9B購01  ,0,0,0,0,0,0,0,0,0,40000,0,0,0,40000,0,40000,40000
061965,台積電統一02購02,0,0,0,0,0,0,0,0,0,40000,0,0,0,40000,0,40000,40000
061662,瑞儀永豐9A購02  ,0,0,0,0,0,0,0,0,0,40000,0,0,0,40000,0,40000,40000
057271,國巨元大98購17  ,0,0,0,0,0,0,0,0,0,40000,0,0,0,40000,0,40000,40000
057312,美律麥證98購01  ,0,0,0,40000,0,40000,0,0,0,40000,0,0,0,40000,0,40000,40000
057384,台灣50永豐99購02,0,0,0,0,0,0,0,0,0,40000,0,0,0,40000,0,40000,40000
058853,日月光群益99購01,0,0,0,0,0,0,0,0,0,40000,0,0,0,40000,0,40000,40000
058361,美律凱基99購06  ,0,0,0,0,0,0,0,0,0,40000,0,0,0,40000,0,40000,40000
058363,全新凱基9A購02  ,0,0,0,0,0,0,0,0,0,40000,0,0,0,52000,12000,40000,40000
057169,微星元大98購01  ,0,0,0,0,0,0,0,0,0,40000,0,0,0,60000,20000,40000,40000
054161,友訊凱基98購01  ,0,0,0,0,0,0,0,0,0,40000,0,0,0,40000,0,40000,40000
054357,可成兆豐97購02  ,0,0,0,0,0,0,0,0,0,40000,0,0,0,40000,0,40000,40000
056590,樺漢統一9A購01  ,0,0,0,0,0,0,0,0,0,40000,0,0,0,55000,15000,40000,40000
058822,樺漢國泰9B購01  ,0,0,0,0,0,0,0,0,0,40000,0,0,0,40000,0,40000,40000
058675,康控群益9B購01  ,0,0,0,0,0,0,0,0,0,40000,0,0,0,168000,128000,40000,40000
056202,國揚永豐97購01  ,0,0,0,0,0,0,0,0,0,40000,0,0,0,40000,0,40000,40000
055713,國巨元大98購09  ,0,0,0,0,0,0,0,0,0,40000,0,0,0,53000,13000,40000,40000
060602,京元電凱基9A購01,0,0,0,0,0,0,0,0,0,40000,0,0,0,40000,0,40000,40000
060631,微星富邦9B購01  ,0,0,0,0,0,0,0,0,0,40000,0,0,0,87000,47000,40000,40000
062162,世紀鋼凱基9B購03,0,0,0,0,0,0,0,0,0,40000,0,0,0,40000,0,40000,40000
062153,智邦麥證9B購01  ,0,0,0,40000,0,40000,0,0,0,40000,0,0,0,40000,0,40000,40000
059065,南電凱基9A購01  ,0,0,0,0,0,0,0,0,0,40000,0,0,0,40000,0,40000,40000
060436,巨大永豐9A購01  ,0,0,0,0,0,0,0,0,0,40000,0,0,0,40000,0,40000,40000
06287P,臺股指國票97售01,0,0,0,0,0,0,0,0,0,40000,0,0,0,40000,0,40000,40000
063206,貿聯統一9C購02  ,0,0,0,0,0,0,0,0,0,40000,0,0,0,99000,59000,40000,40000
065856,中租元大9C購03  ,0,0,0,0,0,0,0,0,0,40000,0,0,0,50000,10000,40000,40000
065313,聯茂國票01購01  ,0,0,0,0,0,0,0,0,0,40000,0,0,0,95000,55000,40000,40000
064885,T50反1中信04購01,0,0,0,0,0,0,0,0,0,40000,0,0,0,40000,0,40000,40000
064641,神隆凱基9C購01  ,0,0,0,0,0,0,0,0,0,40000,0,0,0,40000,0,40000,40000
064428,裕隆凱基02購01  ,0,0,0,0,0,0,0,0,0,40000,0,0,0,50000,10000,40000,40000
063976,正崴兆豐9C購01  ,0,0,0,0,0,0,0,0,0,40000,0,0,0,42000,2000,40000,40000
063525,廣達凱基9B購02  ,0,0,0,0,0,0,0,0,0,40000,0,0,0,55000,15000,40000,40000
063325,SP黃豆國票9C購02,0,0,0,0,0,0,0,0,0,40000,0,0,0,100000,60000,40000,40000
07195P,大立光元大99售12,0,0,0,0,0,0,0,0,0,39000,0,0,0,50000,11000,39000,39000
1108,幸福            ,65000,26000,39000,0,0,0,0,0,0,0,0,0,0,0,0,0,39000
08710P,鴻海元富07售03  ,0,0,0,0,0,0,0,0,0,39000,0,0,0,39000,0,39000,39000
08491P,全新元大9C售01  ,0,0,0,0,0,0,0,0,0,39000,0,0,0,39000,0,39000,39000
08608P,臺股指富邦9C售06,0,0,0,0,0,0,0,0,0,39000,0,0,0,44000,5000,39000,39000
08336P,聯發科中信9C售05,0,0,0,0,0,0,0,0,0,39000,0,0,0,80000,41000,39000,39000
054768,泰碩國票99購02  ,0,0,0,0,0,0,0,0,0,39000,0,0,0,53000,14000,39000,39000
055844,大毅元大98購01  ,0,0,0,0,0,0,0,0,0,39000,0,0,0,39000,0,39000,39000
057828,緯穎元大99購02  ,0,0,0,0,0,0,0,0,0,39000,0,0,0,194000,155000,39000,39000
056571,燿華元大98購02  ,0,0,0,0,0,0,0,0,0,39000,0,0,0,139000,100000,39000,39000
00866,新光Shiller CAPE,0,0,0,0,0,0,0,0,0,39000,0,0,0,65000,26000,39000,39000
057234,宏達電凱基98購05,0,0,0,0,0,0,0,0,0,39000,0,0,0,39000,0,39000,39000
058229,為升元大99購02  ,0,0,0,0,0,0,0,0,0,39000,0,0,0,70000,31000,39000,39000
063447,聯發科統一9B購12,0,0,0,0,0,0,0,0,0,39000,0,0,0,39000,0,39000,39000
063848,大立光元大9C購09,0,0,0,0,0,0,0,0,0,39000,0,0,0,40000,1000,39000,39000
064100,義隆群益9C購01  ,0,0,0,0,0,0,0,0,0,39000,0,0,0,70000,31000,39000,39000
064748,力成國票01購01  ,0,0,0,0,0,0,0,0,0,39000,0,0,0,39000,0,39000,39000
065152,燿華群益9C購02  ,0,0,0,0,0,0,0,0,0,39000,0,0,0,39000,0,39000,39000
065321,瑞昱凱基9C購01  ,0,0,0,0,0,0,0,0,0,39000,0,0,0,47000,8000,39000,39000
1737,臺鹽            ,47000,8000,39000,0,0,0,0,0,0,0,0,0,0,0,0,0,39000
07976P,聯發科群益9C售02,0,0,0,0,0,0,0,0,0,38000,0,0,0,38000,0,38000,38000
08120P,南亞科國票9C售01,0,0,0,0,0,0,0,0,0,38000,0,0,0,38000,0,38000,38000
08257P,台積電元大9C售04,0,0,0,0,0,0,0,0,0,38000,0,0,0,38000,0,38000,38000
066001,景碩國票02購01  ,0,0,0,0,0,0,0,0,0,38000,0,0,0,75000,37000,38000,38000
066025,宏達電群益01購01,0,0,0,0,0,0,0,0,0,38000,0,0,0,63000,25000,38000,38000
058615,矽創元大99購01  ,0,0,0,0,0,0,0,0,0,38000,0,0,0,81000,43000,38000,38000
058520,智易元大99購03  ,0,0,0,0,0,0,0,0,0,38000,0,0,0,68000,30000,38000,38000
057859,神達康和98購01  ,0,0,0,0,0,0,0,0,0,38000,0,0,0,222000,184000,38000,38000
057572,明泰永豐98購01  ,0,0,0,0,0,0,0,0,0,38000,0,0,0,38000,0,38000,38000
057592,美律兆豐99購01  ,0,0,0,0,0,0,0,0,0,38000,0,0,0,38000,0,38000,38000
056657,華邦電元大99購01,0,0,0,0,0,0,0,0,0,38000,0,0,0,164000,126000,38000,38000
059618,台積電日盛99購01,0,0,0,0,0,0,0,0,0,38000,0,0,0,48000,10000,38000,38000
064922,玉晶光統一01購10,0,0,0,0,0,0,0,0,0,38000,0,0,0,40000,2000,38000,38000
064795,致伸國票01購01  ,0,0,0,0,0,0,0,0,0,38000,0,0,0,38000,0,38000,38000
064076,台積電中信06購02,0,0,0,0,0,0,0,0,0,38000,0,0,0,38000,0,38000,38000
064265,嘉聯益永豐9C購02,0,0,0,0,0,0,0,0,0,38000,0,0,0,70000,32000,38000,38000
063746,上銀國票9C購01  ,0,0,0,0,0,0,0,0,0,38000,0,0,0,51000,13000,38000,38000
063393,華通群益9C購05  ,0,0,0,0,0,0,0,0,0,38000,0,0,0,118000,80000,38000,38000
3030,德律            ,101000,64000,37000,0,0,0,0,0,0,1000,1000,0,1000,0,0,0,38000
066689,技嘉台新01購01  ,0,0,0,0,0,0,0,0,0,37000,0,0,0,37000,0,37000,37000
07162P,臺股指群益99售13,0,0,0,0,0,0,0,0,0,37000,0,0,0,37000,0,37000,37000
08418P,大立光元大01售04,0,0,0,0,0,0,0,0,0,37000,0,0,0,50000,13000,37000,37000
03680C,臺股指凱基9A牛26,0,0,0,0,0,0,0,0,0,37000,0,0,0,37000,0,37000,37000
00753L,中信中國50正2   ,120000,0,120000,0,0,0,0,0,0,-83000,0,0,0,508000,591000,-83000,37000
057103,禾伸堂中信9A購01,0,0,0,0,0,0,0,0,0,37000,0,0,0,50000,13000,37000,37000
056970,TPK永豐98購01   ,0,0,0,0,0,0,0,0,0,37000,0,0,0,37000,0,37000,37000
058851,大立光群益99購07,0,0,0,0,0,0,0,0,0,37000,0,0,0,60000,23000,37000,37000
062605,上銀凱基9B購03  ,0,0,0,0,0,0,0,0,0,37000,0,0,0,69000,32000,37000,37000
062609,帆宣凱基9B購01  ,0,0,0,0,0,0,0,0,0,37000,0,0,0,37000,0,37000,37000
062786,立積元大9C購03  ,0,0,0,0,0,0,0,0,0,37000,0,0,0,37000,0,37000,37000
060513,緯穎元大9B購01  ,0,0,0,0,0,0,0,0,0,37000,0,0,0,100000,63000,37000,37000
063515,香港2X凱基01購01,0,0,0,0,0,0,0,0,0,37000,0,0,0,149000,112000,37000,37000
064792,美律國票9C購01  ,0,0,0,0,0,0,0,0,0,37000,0,0,0,38000,1000,37000,37000
064647,致伸凱基9C購01  ,0,0,0,0,0,0,0,0,0,37000,0,0,0,37000,0,37000,37000
065067,億豐群益01購01  ,0,0,0,0,0,0,0,0,0,37000,0,0,0,51000,14000,37000,37000
065345,台光電統一01購04,0,0,0,0,0,0,0,0,0,37000,0,0,0,37000,0,37000,37000
065743,宏達電麥證9C購02,0,0,0,49000,12000,37000,0,0,0,37000,0,0,0,49000,12000,37000,37000
065758,嘉澤元大9C購03  ,0,0,0,0,0,0,0,0,0,37000,0,0,0,115000,78000,37000,37000
08339P,上銀統一9C售04  ,0,0,0,0,0,0,0,0,0,36000,0,0,0,37000,1000,36000,36000
08615P,同欣電統一9C售02,0,0,0,0,0,0,0,0,0,36000,0,0,0,96000,60000,36000,36000
08680P,聯發科元大01售10,0,0,0,0,0,0,0,0,0,36000,0,0,0,136000,100000,36000,36000
07314P,T50正2元大9C售03,0,0,0,0,0,0,0,0,0,36000,0,0,0,36000,0,36000,36000
07698P,臺股指元大9A售51,0,0,0,0,0,0,0,0,0,36000,0,0,0,36000,0,36000,36000
08118P,嘉澤元富9B售02  ,0,0,0,0,0,0,0,0,0,36000,0,0,0,46000,10000,36000,36000
07085P,超眾元富9C售01  ,0,0,0,0,0,0,0,0,0,36000,0,0,0,186000,150000,36000,36000
00770,國泰北美科技    ,18000,0,18000,0,0,0,0,0,0,18000,0,0,0,31000,13000,18000,36000
053028,康控富邦98購01  ,0,0,0,0,0,0,0,0,0,36000,0,0,0,36000,0,36000,36000
046949,群創元大99購01  ,0,0,0,0,0,0,0,0,0,36000,0,0,0,351000,315000,36000,36000
055093,京鼎群益98購01  ,0,0,0,0,0,0,0,0,0,36000,0,0,0,40000,4000,36000,36000
055318,華通國票98購01  ,0,0,0,0,0,0,0,0,0,36000,0,0,0,97000,61000,36000,36000
055792,臺股指凱基97購15,0,0,0,0,0,0,0,0,0,36000,0,0,0,242000,206000,36000,36000
060040,康控國票99購04  ,0,0,0,0,0,0,0,0,0,36000,0,0,0,109000,73000,36000,36000
063172,廣達中信9C購01  ,0,0,0,0,0,0,0,0,0,36000,0,0,0,48000,12000,36000,36000
063034,致茂凱基9B購01  ,0,0,0,0,0,0,0,0,0,36000,0,0,0,36000,0,36000,36000
062337,台表科統一01購01,0,0,0,0,0,0,0,0,0,36000,0,0,0,50000,14000,36000,36000
065063,玉晶光群益02購04,0,0,0,0,0,0,0,0,0,36000,0,0,0,42000,6000,36000,36000
065021,貿聯富邦03購01  ,0,0,0,0,0,0,0,0,0,36000,0,0,0,36000,0,36000,36000
064976,景碩元大9C購01  ,0,0,0,0,0,0,0,0,0,36000,0,0,0,143000,107000,36000,36000
065230,義隆凱基02購01  ,0,0,0,0,0,0,0,0,0,36000,0,0,0,111000,75000,36000,36000
063327,燿華國票9C購02  ,0,0,0,0,0,0,0,0,0,36000,0,0,0,36000,0,36000,36000
063954,世芯元大01購02  ,0,0,0,0,0,0,0,0,0,36000,0,0,0,36000,0,36000,36000
2365,昆盈            ,82000,48000,34000,0,0,0,0,0,0,2000,2000,0,2000,0,0,0,36000
08037P,台表科群益9B售02,0,0,0,0,0,0,0,0,0,35000,0,0,0,102000,67000,35000,35000
08734P,創意康和01售02  ,0,0,0,0,0,0,0,0,0,35000,0,0,0,35000,0,35000,35000
056394,晶豪科永豐98購01,0,0,0,0,0,0,0,0,0,35000,0,0,0,35000,0,35000,35000
056058,建準元大97購02  ,0,0,0,0,0,0,0,0,0,35000,0,0,0,35000,0,35000,35000
055572,鴻海統一98購04  ,0,0,0,0,0,0,0,0,0,35000,0,0,0,50000,15000,35000,35000
056434,國巨凱基98購03  ,0,0,0,0,0,0,0,0,0,35000,0,0,0,45000,10000,35000,35000
03689C,T50反1元大02牛01,0,0,0,0,0,0,0,0,0,35000,0,0,0,125000,90000,35000,35000
058628,宏達電國票9A購01,0,0,0,0,0,0,0,0,0,35000,0,0,0,40000,5000,35000,35000
062113,瑞祺國票9B購01  ,0,0,0,0,0,0,0,0,0,35000,0,0,0,38000,3000,35000,35000
062253,燿華元大9B購02  ,0,0,0,0,0,0,0,0,0,35000,0,0,0,40000,5000,35000,35000
063030,華通凱基9B購03  ,0,0,0,0,0,0,0,0,0,35000,0,0,0,35000,0,35000,35000
063196,力成元富9B購01  ,0,0,0,0,0,0,0,0,0,35000,0,0,0,155000,120000,35000,35000
062871,大成鋼兆豐9B購01,0,0,0,0,0,0,0,0,0,35000,0,0,0,45000,10000,35000,35000
060421,華擎永豐9A購01  ,0,0,0,0,0,0,0,0,0,35000,0,0,0,98000,63000,35000,35000
063797,台積電凱基02購02,0,0,0,0,0,0,0,0,0,35000,0,0,0,106000,71000,35000,35000
063646,帆宣元大9B購02  ,0,0,0,0,0,0,0,0,0,35000,0,0,0,43000,8000,35000,35000
064055,台郡統一02購01  ,0,0,0,0,0,0,0,0,0,35000,0,0,0,36000,1000,35000,35000
064903,新唐群益9C購01  ,0,0,0,0,0,0,0,0,0,35000,0,0,0,42000,7000,35000,35000
065632,正崴國票01購01  ,0,0,0,0,0,0,0,0,0,35000,0,0,0,61000,26000,35000,35000
065420,中租國票01購01  ,0,0,0,0,0,0,0,0,0,35000,0,0,0,35000,0,35000,35000
2851,中再保          ,35000,0,35000,0,0,0,0,0,0,0,0,0,0,0,0,0,35000
1717,長興            ,1443000,1423561,19439,0,0,0,0,2000,-2000,17000,3000,0,3000,18000,4000,14000,34439
1439,中和            ,47000,13000,34000,0,0,0,0,0,0,0,0,0,0,0,0,0,34000
08211P,台表科元富9B售03,0,0,0,0,0,0,0,0,0,34000,0,0,0,125000,91000,34000,34000
057198,智伸科統一9B購01,0,0,0,0,0,0,0,0,0,34000,0,0,0,34000,0,34000,34000
058053,上銀統一9B購01  ,0,0,0,0,0,0,0,0,0,34000,0,0,0,285000,251000,34000,34000
057959,欣興元大98購14  ,0,0,0,0,0,0,0,0,0,34000,0,0,0,47000,13000,34000,34000
053084,國巨元大98購01  ,0,0,0,0,0,0,0,0,0,34000,0,0,0,34000,0,34000,34000
054744,晶相光凱基99購01,0,0,0,0,0,0,0,0,0,34000,0,0,0,72000,38000,34000,34000
056408,奇鋐國票99購01  ,0,0,0,0,0,0,0,0,0,34000,0,0,0,65000,31000,34000,34000
058776,台積電國票9A購03,0,0,0,0,0,0,0,0,0,34000,0,0,0,34000,0,34000,34000
060401,世紀鋼國票9B購01,0,0,0,0,0,0,0,0,0,34000,0,0,0,89000,55000,34000,34000
059072,元油2X元大9C購13,0,0,0,0,0,0,0,0,0,34000,0,0,0,35000,1000,34000,34000
061508,南六國泰9C購02  ,0,0,0,0,0,0,0,0,0,34000,0,0,0,59000,25000,34000,34000
059454,亞光永豐99購01  ,0,0,0,0,0,0,0,0,0,34000,0,0,0,34000,0,34000,34000
065665,鴻海凱基9C購04  ,0,0,0,0,0,0,0,0,0,34000,0,0,0,145000,111000,34000,34000
064806,微星元大01購01  ,0,0,0,0,0,0,0,0,0,34000,0,0,0,50000,16000,34000,34000
07310P,大立光凱基99售12,0,0,0,0,0,0,0,0,0,33000,0,0,0,33000,0,33000,33000
07333P,台灣50國票9B售03,0,0,0,0,0,0,0,0,0,33000,0,0,0,33000,0,33000,33000
066117,茂林兆豐02購01  ,0,0,0,0,0,0,0,0,0,33000,0,0,0,176000,143000,33000,33000
056655,旺宏元大99購02  ,0,0,0,0,0,0,0,0,0,33000,0,0,0,77000,44000,33000,33000
056671,台灣50元富9A購01,0,0,0,0,0,0,0,0,0,33000,0,0,0,43000,10000,33000,33000
061974,光寶科元大9B購01,0,0,0,0,0,0,0,0,0,33000,0,0,0,103000,70000,33000,33000
059251,大立光凱基9A購04,0,0,0,0,0,0,0,0,0,33000,0,0,0,34000,1000,33000,33000
060367,緯穎元富9A購02  ,0,0,0,0,0,0,0,0,0,33000,0,0,0,95000,62000,33000,33000
061127,美食永豐9A購01  ,0,0,0,0,0,0,0,0,0,33000,0,0,0,60000,27000,33000,33000
063024,祥碩元大9B購05  ,0,0,0,0,0,0,0,0,0,33000,0,0,0,33000,0,33000,33000
064385,台積電富邦03購02,0,0,0,0,0,0,0,0,0,33000,0,0,0,33000,0,33000,33000
063320,旭富群益9B購03  ,0,0,0,0,0,0,0,0,0,33000,0,0,0,33000,0,33000,33000
2415,錩新            ,42000,10000,32000,0,0,0,0,0,0,1000,1000,0,1000,0,0,0,33000
3311,閎暉            ,44000,11000,33000,0,0,0,0,0,0,0,0,0,0,0,0,0,33000
4755,三福化          ,47000,18000,29000,0,0,0,0,0,0,4000,4000,0,4000,0,0,0,33000
06840P,臺股指統一98售04,0,0,0,0,0,0,0,0,0,32000,0,0,0,32000,0,32000,32000
06926P,可成群益9A售04  ,0,0,0,0,0,0,0,0,0,32000,0,0,0,43000,11000,32000,32000
066498,康控國泰02購01  ,0,0,0,0,0,0,0,0,0,32000,0,0,0,157000,125000,32000,32000
08260P,大立光元大9C售08,0,0,0,0,0,0,0,0,0,32000,0,0,0,41000,9000,32000,32000
08220P,華邦電凱基9B售02,0,0,0,0,0,0,0,0,0,32000,0,0,0,32000,0,32000,32000
1220,台榮            ,56000,24000,32000,0,0,0,0,0,0,0,0,0,0,0,0,0,32000
08569P,玉晶光永豐9C售09,0,0,0,0,0,0,0,0,0,32000,0,0,0,77000,45000,32000,32000
08341P,國泰金台新9C售01,0,0,0,0,0,0,0,0,0,32000,0,0,0,32000,0,32000,32000
08346P,大立光元大9C售15,0,0,0,0,0,0,0,0,0,32000,0,0,0,44000,12000,32000,32000
056578,智易元大99購02  ,0,0,0,0,0,0,0,0,0,32000,0,0,0,55000,23000,32000,32000
062052,華通統一01購01  ,0,0,0,0,0,0,0,0,0,32000,0,0,0,95000,63000,32000,32000
062189,康控元大9B購02  ,0,0,0,0,0,0,0,0,0,32000,0,0,0,198000,166000,32000,32000
061853,晶技國票9B購02  ,0,0,0,0,0,0,0,0,0,32000,0,0,0,73000,41000,32000,32000
059880,世紀鋼凱基99購02,0,0,0,0,0,0,0,0,0,32000,0,0,0,32000,0,32000,32000
064013,創意國票01購01  ,0,0,0,0,0,0,0,0,0,32000,0,0,0,38000,6000,32000,32000
064649,同欣電凱基01購01,0,0,0,0,0,0,0,0,0,32000,0,0,0,42000,10000,32000,32000
064960,世紀鋼凱基03購01,0,0,0,0,0,0,0,0,0,32000,0,0,0,62000,30000,32000,32000
08345P,大立光元大9C售14,0,0,0,0,0,0,0,0,0,31000,0,0,0,40000,9000,31000,31000
07579P,聯茂元大9A售01  ,0,0,0,0,0,0,0,0,0,31000,0,0,0,31000,0,31000,31000
066516,智原永豐01購01  ,0,0,0,0,0,0,0,0,0,31000,0,0,0,72000,41000,31000,31000
06744P,嘉聯益永豐98售03,0,0,0,0,0,0,0,0,0,31000,0,0,0,101000,70000,31000,31000
066234,群光富邦04購01  ,0,0,0,0,0,0,0,0,0,31000,0,0,0,134000,103000,31000,31000
056651,聯茂凱基98購04  ,0,0,0,0,0,0,0,0,0,31000,0,0,0,31000,0,31000,31000
057926,帆宣凱基98購02  ,0,0,0,0,0,0,0,0,0,31000,0,0,0,31000,0,31000,31000
060611,同欣電凱基9A購02,0,0,0,0,0,0,0,0,0,31000,0,0,0,31000,0,31000,31000
062523,世紀鋼元大9C購03,0,0,0,0,0,0,0,0,0,31000,0,0,0,81000,50000,31000,31000
062234,廣達凱基9B購01  ,0,0,0,0,0,0,0,0,0,31000,0,0,0,38000,7000,31000,31000
061189,可成富邦9B購02  ,0,0,0,0,0,0,0,0,0,31000,0,0,0,31000,0,31000,31000
064962,台灣50元大9C購45,0,0,0,0,0,0,0,0,0,31000,0,0,0,35000,4000,31000,31000
065204,神隆國票01購01  ,0,0,0,0,0,0,0,0,0,31000,0,0,0,36000,5000,31000,31000
064708,帆宣永豐9C購01  ,0,0,0,0,0,0,0,0,0,31000,0,0,0,31000,0,31000,31000
065369,瑞昱元大9C購01  ,0,0,0,0,0,0,0,0,0,31000,0,0,0,41000,10000,31000,31000
065316,大成鋼凱基9C購01,0,0,0,0,0,0,0,0,0,31000,0,0,0,98000,67000,31000,31000
064019,上銀元大9C購05  ,0,0,0,0,0,0,0,0,0,31000,0,0,0,31000,0,31000,31000
063993,華通群益01購01  ,0,0,0,0,0,0,0,0,0,31000,0,0,0,31000,0,31000,31000
064419,鴻海兆豐9C購01  ,0,0,0,0,0,0,0,0,0,31000,0,0,0,33000,2000,31000,31000
064468,健策元富9C購02  ,0,0,0,0,0,0,0,0,0,31000,0,0,0,120000,89000,31000,31000
063879,台積電元富9C購01,0,0,0,0,0,0,0,0,0,31000,0,0,0,31000,0,31000,31000
06602P,國巨統一99售02  ,0,0,0,0,0,0,0,0,0,30000,0,0,0,30000,0,30000,30000
065960,道瓊反元大01購02,0,0,0,0,0,0,0,0,0,30000,0,0,0,30000,0,30000,30000
065876,牧德群益02購01  ,0,0,0,0,0,0,0,0,0,30000,0,0,0,30000,0,30000,30000
06682P,玉晶光元大99售08,0,0,0,0,0,0,0,0,0,30000,0,0,0,30000,0,30000,30000
066859,華擎國票02購01  ,0,0,0,0,0,0,0,0,0,30000,0,0,0,60000,30000,30000,30000
06855P,聯發科富邦9A售01,0,0,0,0,0,0,0,0,0,30000,0,0,0,30000,0,30000,30000
06859P,元金2X中信9C售01,0,0,0,0,0,0,0,0,0,30000,0,0,0,30000,0,30000,30000
07058P,台積電凱基9A售07,0,0,0,0,0,0,0,0,0,30000,0,0,0,30000,0,30000,30000
07050P,宏達電中信9B售01,0,0,0,0,0,0,0,0,0,30000,0,0,0,31000,1000,30000,30000
07031P,台灣50中信03售02,0,0,0,0,0,0,0,0,0,30000,0,0,0,30000,0,30000,30000
07011P,宏達電凱基99售02,0,0,0,0,0,0,0,0,0,30000,0,0,0,36000,6000,30000,30000
06988P,鴻海元富99售09  ,0,0,0,0,0,0,0,0,0,30000,0,0,0,30000,0,30000,30000
066578,臺股指元大01購07,0,0,0,0,0,0,0,0,0,30000,0,0,0,30000,0,30000,30000
066711,臺股指群益01購03,0,0,0,0,0,0,0,0,0,30000,0,0,0,30000,0,30000,30000
07614P,華新科群益9A售04,0,0,0,0,0,0,0,0,0,30000,0,0,0,30000,0,30000,30000
07808P,超眾永豐9A售04  ,0,0,0,0,0,0,0,0,0,30000,0,0,0,30000,0,30000,30000
07793P,同欣電元大9A售02,0,0,0,0,0,0,0,0,0,30000,0,0,0,30000,0,30000,30000
07343P,高鐵康和99售01  ,0,0,0,0,0,0,0,0,0,30000,0,0,0,30000,0,30000,30000
07243P,台灣50凱基9A售04,0,0,0,0,0,0,0,0,0,30000,0,0,0,30000,0,30000,30000
07260P,台灣50元大9A售01,0,0,0,0,0,0,0,0,0,30000,0,0,0,40000,10000,30000,30000
08213P,台光電統一9B售03,0,0,0,0,0,0,0,0,0,30000,0,0,0,95000,65000,30000,30000
08130P,義隆元大9B售05  ,0,0,0,0,0,0,0,0,0,30000,0,0,0,100000,70000,30000,30000
08161P,台表科元富9B售02,0,0,0,0,0,0,0,0,0,30000,0,0,0,106000,76000,30000,30000
07988P,台積電台新9C售03,0,0,0,0,0,0,0,0,0,30000,0,0,0,30000,0,30000,30000
07948P,大成鋼凱基9B售01,0,0,0,0,0,0,0,0,0,30000,0,0,0,110000,80000,30000,30000
07901P,臺股指凱基9B售04,0,0,0,0,0,0,0,0,0,30000,0,0,0,30000,0,30000,30000
07825P,健策國泰9B售04  ,0,0,0,0,0,0,0,0,0,30000,0,0,0,30000,0,30000,30000
08362P,國巨凱基02售01  ,0,0,0,0,0,0,0,0,0,30000,0,0,0,30000,0,30000,30000
08545P,南電國泰01售02  ,0,0,0,0,0,0,0,0,0,30000,0,0,0,35000,5000,30000,30000
08790P,聯發科元富01售01,0,0,0,0,0,0,0,0,0,30000,0,0,0,30000,0,30000,30000
08697P,臺股指麥證01售03,0,0,0,30000,0,30000,0,0,0,30000,0,0,0,30000,0,30000,30000
08703P,華碩凱基01售02  ,0,0,0,0,0,0,0,0,0,30000,0,0,0,30000,0,30000,30000
1457,宜進            ,43000,13000,30000,0,0,0,0,0,0,0,0,0,0,0,0,0,30000
057931,正崴群益98購02  ,0,0,0,0,0,0,0,0,0,30000,0,0,0,42000,12000,30000,30000
057905,臺股指永豐98購06,0,0,0,0,0,0,0,0,0,30000,0,0,0,30000,0,30000,30000
057175,美律元大98購03  ,0,0,0,0,0,0,0,0,0,30000,0,0,0,50000,20000,30000,30000
057368,微星元大98購02  ,0,0,0,0,0,0,0,0,0,30000,0,0,0,40000,10000,30000,30000
056969,智易永豐98購01  ,0,0,0,0,0,0,0,0,0,30000,0,0,0,40000,10000,30000,30000
058017,漢唐凱基99購01  ,0,0,0,0,0,0,0,0,0,30000,0,0,0,30000,0,30000,30000
058590,南電中信9A購02  ,0,0,0,0,0,0,0,0,0,30000,0,0,0,30000,0,30000,30000
058820,致茂國泰9B購01  ,0,0,0,0,0,0,0,0,0,30000,0,0,0,30000,0,30000,30000
058463,宏達電兆豐99購02,0,0,0,0,0,0,0,0,0,30000,0,0,0,30000,0,30000,30000
05750P,臺股指群益99售04,0,0,0,0,0,0,0,0,0,30000,0,0,0,80000,50000,30000,30000
046375,友達凱基98購01  ,0,0,0,0,0,0,0,0,0,30000,0,0,0,30000,0,30000,30000
056458,日月光凱基98購02,0,0,0,0,0,0,0,0,0,30000,0,0,0,40000,10000,30000,30000
052277,台達電凱基97購01,0,0,0,0,0,0,0,0,0,30000,0,0,0,30000,0,30000,30000
054026,台積電凱基97購08,0,0,0,0,0,0,0,0,0,30000,0,0,0,30000,0,30000,30000
058748,景碩凱基9A購01  ,0,0,0,0,0,0,0,0,0,30000,0,0,0,30000,0,30000,30000
057807,友訊元大98購02  ,0,0,0,0,0,0,0,0,0,30000,0,0,0,30000,0,30000,30000
057840,健策富邦99購01  ,0,0,0,0,0,0,0,0,0,30000,0,0,0,30000,0,30000,30000
057738,旺宏富邦9A購01  ,0,0,0,0,0,0,0,0,0,30000,0,0,0,30000,0,30000,30000
05582P,群創凱基98售06  ,0,0,0,0,0,0,0,0,0,30000,0,0,0,30000,0,30000,30000
055596,新光金元大9B購02,0,0,0,0,0,0,0,0,0,30000,0,0,0,40000,10000,30000,30000
061191,可成永豐9A購02  ,0,0,0,0,0,0,0,0,0,30000,0,0,0,31000,1000,30000,30000
061285,大立光統一9A購04,0,0,0,0,0,0,0,0,0,30000,0,0,0,30000,0,30000,30000
062881,緯創兆豐9C購01  ,0,0,0,0,0,0,0,0,0,30000,0,0,0,30000,0,30000,30000
062814,台光電兆豐9B購01,0,0,0,0,0,0,0,0,0,30000,0,0,0,50000,20000,30000,30000
062980,康控元富9B購01  ,0,0,0,0,0,0,0,0,0,30000,0,0,0,517000,487000,30000,30000
063211,道瓊銀國票9B購01,0,0,0,0,0,0,0,0,0,30000,0,0,0,30000,0,30000,30000
060410,台苯永豐9A購01  ,0,0,0,0,0,0,0,0,0,30000,0,0,0,30000,0,30000,30000
06028P,智邦台新97售01  ,0,0,0,0,0,0,0,0,0,30000,0,0,0,30000,0,30000,30000
059460,GIS永豐99購02   ,0,0,0,0,0,0,0,0,0,30000,0,0,0,30000,0,30000,30000
059565,國巨凱基99購16  ,0,0,0,0,0,0,0,0,0,30000,0,0,0,30000,0,30000,30000
062721,美律凱基9B購02  ,0,0,0,0,0,0,0,0,0,30000,0,0,0,30000,0,30000,30000
062281,奇鋐群益9B購01  ,0,0,0,0,0,0,0,0,0,30000,0,0,0,115000,85000,30000,30000
062425,可成統一01購01  ,0,0,0,0,0,0,0,0,0,30000,0,0,0,60000,30000,30000,30000
062164,禾伸堂國泰01購01,0,0,0,0,0,0,0,0,0,30000,0,0,0,30000,0,30000,30000
063644,祥碩元大9B購10  ,0,0,0,0,0,0,0,0,0,30000,0,0,0,30000,0,30000,30000
063751,祥碩國票9C購02  ,0,0,0,0,0,0,0,0,0,30000,0,0,0,30000,0,30000,30000
064517,國巨群益02購01  ,0,0,0,0,0,0,0,0,0,30000,0,0,0,30000,0,30000,30000
064430,鴻海凱基03購04  ,0,0,0,0,0,0,0,0,0,30000,0,0,0,45000,15000,30000,30000
064401,台達電凱基06購01,0,0,0,0,0,0,0,0,0,30000,0,0,0,65000,35000,30000,30000
063998,聯發科兆豐9C購02,0,0,0,0,0,0,0,0,0,30000,0,0,0,30000,0,30000,30000
064260,矽創富邦9C購01  ,0,0,0,0,0,0,0,0,0,30000,0,0,0,80000,50000,30000,30000
065622,鴻海中信06購01  ,0,0,0,0,0,0,0,0,0,30000,0,0,0,40000,10000,30000,30000
065741,聯發科麥證9C購06,0,0,0,31000,1000,30000,0,0,0,30000,0,0,0,31000,1000,30000,30000
065863,臺股指元大9C購37,0,0,0,0,0,0,0,0,0,30000,0,0,0,30000,0,30000,30000
06478P,臺股指日盛9A售01,0,0,0,0,0,0,0,0,0,30000,0,0,0,140000,110000,30000,30000
065163,香港反元大03購01,0,0,0,0,0,0,0,0,0,30000,0,0,0,30000,0,30000,30000
06500P,臺股指元大9A售05,0,0,0,0,0,0,0,0,0,30000,0,0,0,30000,0,30000,30000
07466P,亞德客元大9A售02,0,0,0,0,0,0,0,0,0,29000,0,0,0,80000,51000,29000,29000
06826P,臺股指國票98售02,0,0,0,0,0,0,0,0,0,29000,0,0,0,44000,15000,29000,29000
056378,欣興元富98購01  ,0,0,0,0,0,0,0,0,0,29000,0,0,0,29000,0,29000,29000
057835,華擎元富9B購01  ,0,0,0,0,0,0,0,0,0,29000,0,0,0,112000,83000,29000,29000
006203,元大MSCI台灣    ,0,0,0,0,0,0,0,0,0,29000,0,0,0,31000,2000,29000,29000
056532,技嘉凱基98購01  ,0,0,0,0,0,0,0,0,0,29000,0,0,0,29000,0,29000,29000
057318,台光電凱基9A購01,0,0,0,0,0,0,0,0,0,29000,0,0,0,49000,20000,29000,29000
058205,神達凱基9B購01  ,0,0,0,0,0,0,0,0,0,29000,0,0,0,29000,0,29000,29000
058218,緯穎群益99購01  ,0,0,0,0,0,0,0,0,0,29000,0,0,0,29000,0,29000,29000
060708,康友富邦9B購01  ,0,0,0,0,0,0,0,0,0,29000,0,0,0,30000,1000,29000,29000
059075,FBVIX元大99購01 ,0,0,0,0,0,0,0,0,0,29000,0,0,0,29000,0,29000,29000
060962,義隆凱基9B購01  ,0,0,0,0,0,0,0,0,0,29000,0,0,0,32000,3000,29000,29000
064685,裕隆群益9C購01  ,0,0,0,0,0,0,0,0,0,29000,0,0,0,133000,104000,29000,29000
064489,宏碁元大9C購01  ,0,0,0,0,0,0,0,0,0,29000,0,0,0,43000,14000,29000,29000
066489,京鼎元富04購01  ,0,0,0,0,0,0,0,0,0,28000,0,0,0,221000,193000,28000,28000
066027,華擎群益02購01  ,0,0,0,0,0,0,0,0,0,28000,0,0,0,28000,0,28000,28000
066054,創意元大01購02  ,0,0,0,0,0,0,0,0,0,28000,0,0,0,93000,65000,28000,28000
1524,耿鼎            ,46000,18000,28000,0,0,0,0,0,0,0,0,0,0,0,0,0,28000
1626,艾美特-KY       ,33000,5000,28000,0,0,0,0,0,0,0,0,0,0,0,0,0,28000
058231,技嘉元大99購02  ,0,0,0,0,0,0,0,0,0,28000,0,0,0,31000,3000,28000,28000
058738,FBVIX中信03購04 ,0,0,0,0,0,0,0,0,0,28000,0,0,0,29000,1000,28000,28000
063138,聯發科統一01購05,0,0,0,0,0,0,0,0,0,28000,0,0,0,70000,42000,28000,28000
059665,嘉聯益元大99購06,0,0,0,0,0,0,0,0,0,28000,0,0,0,30000,2000,28000,28000
061036,晶技永豐9A購03  ,0,0,0,0,0,0,0,0,0,28000,0,0,0,28000,0,28000,28000
060164,合勤控永豐9A購01,0,0,0,0,0,0,0,0,0,28000,0,0,0,51000,23000,28000,28000
061408,華新科國票9A購06,0,0,0,0,0,0,0,0,0,28000,0,0,0,28000,0,28000,28000
062746,致伸永豐9B購01  ,0,0,0,0,0,0,0,0,0,28000,0,0,0,58000,30000,28000,28000
064564,義隆群益9C購02  ,0,0,0,0,0,0,0,0,0,28000,0,0,0,33000,5000,28000,28000
064405,美食凱基01購02  ,0,0,0,0,0,0,0,0,0,28000,0,0,0,30000,2000,28000,28000
064204,瑞儀兆豐01購01  ,0,0,0,0,0,0,0,0,0,28000,0,0,0,58000,30000,28000,28000
063842,國巨元大9C購10  ,0,0,0,0,0,0,0,0,0,28000,0,0,0,30000,2000,28000,28000
063827,國巨國票02購01  ,0,0,0,0,0,0,0,0,0,28000,0,0,0,54000,26000,28000,28000
065663,凌華永豐9C購01  ,0,0,0,0,0,0,0,0,0,28000,0,0,0,105000,77000,28000,28000
065703,大毅群益9C購01  ,0,0,0,0,0,0,0,0,0,28000,0,0,0,128000,100000,28000,28000
065416,華通國票01購02  ,0,0,0,0,0,0,0,0,0,28000,0,0,0,29000,1000,28000,28000
065512,友訊群益01購01  ,0,0,0,0,0,0,0,0,0,28000,0,0,0,40000,12000,28000,28000
2228,劍麟            ,69000,42000,27000,0,0,0,0,0,0,1000,0,0,0,1000,0,1000,28000
9902,台火            ,59000,31000,28000,0,0,0,0,0,0,0,0,0,0,0,0,0,28000
1541,錩泰            ,137000,105000,32000,0,0,0,0,0,0,-5000,0,5000,-5000,0,0,0,27000
08730P,緯穎永豐01售02  ,0,0,0,0,0,0,0,0,0,27000,0,0,0,44000,17000,27000,27000
08693P,宏達電群益01售02,0,0,0,0,0,0,0,0,0,27000,0,0,0,27000,0,27000,27000
08552P,華新科群益9C售04,0,0,0,0,0,0,0,0,0,27000,0,0,0,39000,12000,27000,27000
08483P,金像電群益9C售02,0,0,0,0,0,0,0,0,0,27000,0,0,0,27000,0,27000,27000
07218P,臺股指凱基99售31,0,0,0,0,0,0,0,0,0,27000,0,0,0,147000,120000,27000,27000
07090P,台灣50凱基01售01,0,0,0,0,0,0,0,0,0,27000,0,0,0,38000,11000,27000,27000
066071,台光電凱基02購01,0,0,0,0,0,0,0,0,0,27000,0,0,0,80000,53000,27000,27000
065979,立積元大03購01  ,0,0,0,0,0,0,0,0,0,27000,0,0,0,126000,99000,27000,27000
066449,瀚宇博群益01購01,0,0,0,0,0,0,0,0,0,27000,0,0,0,229000,202000,27000,27000
066642,臺股指凱基04購01,0,0,0,0,0,0,0,0,0,27000,0,0,0,30000,3000,27000,27000
055652,聯詠元富01購01  ,0,0,0,0,0,0,0,0,0,27000,0,0,0,47000,20000,27000,27000
0054,元大台商50      ,0,0,0,0,0,0,0,0,0,27000,0,0,0,32000,5000,27000,27000
053411,深中小國票9B購01,0,0,0,0,0,0,0,0,0,27000,0,0,0,28000,1000,27000,27000
057154,易華電國泰99購01,0,0,0,0,0,0,0,0,0,27000,0,0,0,47000,20000,27000,27000
058074,欣興凱基99購01  ,0,0,0,0,0,0,0,0,0,27000,0,0,0,28000,1000,27000,27000
057392,福懋科永豐98購01,0,0,0,0,0,0,0,0,0,27000,0,0,0,27000,0,27000,27000
061663,南六永豐9A購05  ,0,0,0,0,0,0,0,0,0,27000,0,0,0,27000,0,27000,27000
061680,崇越元大9A購01  ,0,0,0,0,0,0,0,0,0,27000,0,0,0,32000,5000,27000,27000
05958P,聯發科國票97售04,0,0,0,0,0,0,0,0,0,27000,0,0,0,27000,0,27000,27000
060636,大毅永豐9A購02  ,0,0,0,0,0,0,0,0,0,27000,0,0,0,155000,128000,27000,27000
061186,牧德國泰9C購01  ,0,0,0,0,0,0,0,0,0,27000,0,0,0,75000,48000,27000,27000
065794,麗豐永豐9C購01  ,0,0,0,0,0,0,0,0,0,27000,0,0,0,27000,0,27000,27000
063938,上銀元大9C購03  ,0,0,0,0,0,0,0,0,0,27000,0,0,0,27000,0,27000,27000
063584,南六國泰01購01  ,0,0,0,0,0,0,0,0,0,27000,0,0,0,985000,958000,27000,27000
063276,和大元大9B購01  ,0,0,0,0,0,0,0,0,0,27000,0,0,0,27000,0,27000,27000
063434,和潤元富9B購01  ,0,0,0,0,0,0,0,0,0,27000,0,0,0,40000,13000,27000,27000
064064,義隆富邦03購01  ,0,0,0,0,0,0,0,0,0,27000,0,0,0,37000,10000,27000,27000
064333,義隆元大9C購02  ,0,0,0,0,0,0,0,0,0,27000,0,0,0,27000,0,27000,27000
064488,台達電元大9C購01,0,0,0,0,0,0,0,0,0,27000,0,0,0,33000,6000,27000,27000
06443P,台積電凱基99售01,0,0,0,0,0,0,0,0,0,27000,0,0,0,27000,0,27000,27000
2038,海光            ,44000,19000,25000,0,0,0,0,0,0,2000,2000,0,2000,0,0,0,27000
3055,蔚華科          ,45000,18000,27000,0,0,0,0,0,0,0,0,0,0,0,0,0,27000
066697,長興群益01購01  ,0,0,0,0,0,0,0,0,0,26000,0,0,0,26000,0,26000,26000
06613P,華新科富邦9A售03,0,0,0,0,0,0,0,0,0,26000,0,0,0,26000,0,26000,26000
07845P,南亞科元大9A售08,0,0,0,0,0,0,0,0,0,26000,0,0,0,40000,14000,26000,26000
08575P,長榮航凱基9C售02,0,0,0,0,0,0,0,0,0,26000,0,0,0,26000,0,26000,26000
1321,大洋            ,48000,23000,25000,0,0,0,0,0,0,1000,1000,0,1000,0,0,0,26000
061639,晶豪科元大9A購02,80000,0,80000,0,0,0,0,0,0,-54000,0,0,0,44000,98000,-54000,26000
058123,亞光國票9A購01  ,0,0,0,0,0,0,0,0,0,26000,0,0,0,26000,0,26000,26000
058174,台積電凱基9A購05,0,0,0,0,0,0,0,0,0,26000,0,0,0,26000,0,26000,26000
056375,玉晶光統一01購01,0,0,0,0,0,0,0,0,0,26000,0,0,0,123000,97000,26000,26000
055828,上銀元大97購05  ,0,0,0,0,0,0,0,0,0,26000,0,0,0,26000,0,26000,26000
059019,元石油統一9B購03,0,0,0,0,0,0,0,0,0,26000,0,0,0,26000,0,26000,26000
060174,T50反1元富04購01,0,0,0,0,0,0,0,0,0,26000,0,0,0,41000,15000,26000,26000
061812,臺指反群益9B購02,0,0,0,0,0,0,0,0,0,26000,0,0,0,26000,0,26000,26000
061398,力成中信9A購01  ,0,0,0,0,0,0,0,0,0,26000,0,0,0,203000,177000,26000,26000
062218,燿華統一01購01  ,0,0,0,0,0,0,0,0,0,26000,0,0,0,46000,20000,26000,26000
062483,致新國票9B購01  ,0,0,0,0,0,0,0,0,0,26000,0,0,0,40000,14000,26000,26000
062491,矽創永豐9B購01  ,0,0,0,0,0,0,0,0,0,26000,0,0,0,26000,0,26000,26000
063473,茂林元大9B購05  ,0,0,0,0,0,0,0,0,0,26000,0,0,0,150000,124000,26000,26000
064780,義隆群益9C購04  ,0,0,0,0,0,0,0,0,0,26000,0,0,0,36000,10000,26000,26000
065049,世芯凱基02購01  ,0,0,0,0,0,0,0,0,0,26000,0,0,0,513000,487000,26000,26000
2923,鼎固-KY         ,33000,7000,26000,0,0,0,0,0,0,0,0,0,0,0,0,0,26000
2006,東和鋼鐵        ,131000,264249,-133249,0,0,0,150000,1000,149000,10000,10000,0,10000,0,0,0,25751
08746P,鴻海元富07售06  ,0,0,0,0,0,0,0,0,0,25000,0,0,0,25000,0,25000,25000
08465P,玉晶光兆豐01售02,0,0,0,0,0,0,0,0,0,25000,0,0,0,130000,105000,25000,25000
07841P,臻鼎元大9A售04  ,0,0,0,0,0,0,0,0,0,25000,0,0,0,25000,0,25000,25000
07253P,台灣50凱基9A售05,0,0,0,0,0,0,0,0,0,25000,0,0,0,25000,0,25000,25000
07416P,台積電元大99售53,0,0,0,0,0,0,0,0,0,25000,0,0,0,30000,5000,25000,25000
07365P,超眾元大99售07  ,0,0,0,0,0,0,0,0,0,25000,0,0,0,25000,0,25000,25000
06591P,大立光元大98售14,0,0,0,0,0,0,0,0,0,25000,0,0,0,25000,0,25000,25000
066371,同欣電中信05購01,0,0,0,0,0,0,0,0,0,25000,0,0,0,97000,72000,25000,25000
066200,建準統一02購01  ,0,0,0,0,0,0,0,0,0,25000,0,0,0,60000,35000,25000,25000
066616,創意康和01購01  ,0,0,0,0,0,0,0,0,0,25000,0,0,0,28000,3000,25000,25000
054642,訊芯中信9A購01  ,0,0,0,0,0,0,0,0,0,25000,0,0,0,40000,15000,25000,25000
056092,亞德客元富97購02,0,0,0,0,0,0,0,0,0,25000,0,0,0,25000,0,25000,25000
056075,瀚宇博元大97購03,0,0,0,0,0,0,0,0,0,25000,0,0,0,55000,30000,25000,25000
052629,訊芯中信99購01  ,0,0,0,0,0,0,0,0,0,25000,0,0,0,65000,40000,25000,25000
05062P,大立光富邦98售03,0,0,0,0,0,0,0,0,0,25000,0,0,0,25000,0,25000,25000
058238,奇鋐元大99購02  ,0,0,0,0,0,0,0,0,0,25000,0,0,0,25000,0,25000,25000
056906,玉晶光元大9B購01,0,0,0,0,0,0,0,0,0,25000,0,0,0,53000,28000,25000,25000
058160,奇鋐元富99購01  ,0,0,0,0,0,0,0,0,0,25000,0,0,0,165000,140000,25000,25000
062405,泰鼎永豐9B購02  ,0,0,0,0,0,0,0,0,0,25000,0,0,0,41000,16000,25000,25000
059326,康友元大99購01  ,0,0,0,0,0,0,0,0,0,25000,0,0,0,84000,59000,25000,25000
06269P,群創凱基98售10  ,0,0,0,0,0,0,0,0,0,25000,0,0,0,40000,15000,25000,25000
059948,正文永豐99購01  ,0,0,0,0,0,0,0,0,0,25000,0,0,0,100000,75000,25000,25000
059932,世紀鋼富邦9A購02,0,0,0,0,0,0,0,0,0,25000,0,0,0,30000,5000,25000,25000
061429,南六元大9A購02  ,0,0,0,0,0,0,0,0,0,25000,0,0,0,41000,16000,25000,25000
059884,鴻海國票99購09  ,0,0,0,0,0,0,0,0,0,25000,0,0,0,31000,6000,25000,25000
058973,麗豐永豐99購01  ,0,0,0,0,0,0,0,0,0,25000,0,0,0,26000,1000,25000,25000
061230,臺指反元大01購04,0,0,0,0,0,0,0,0,0,25000,0,0,0,25000,0,25000,25000
061253,臺股指群益9A購04,0,0,0,0,0,0,0,0,0,25000,0,0,0,30000,5000,25000,25000
065053,南電凱基02購01  ,0,0,0,0,0,0,0,0,0,25000,0,0,0,30000,5000,25000,25000
064657,和大元大9C購02  ,0,0,0,0,0,0,0,0,0,25000,0,0,0,50000,25000,25000,25000
065595,鴻海元大9C購15  ,0,0,0,0,0,0,0,0,0,25000,0,0,0,31000,6000,25000,25000
06549P,大立光元大98售11,0,0,0,0,0,0,0,0,0,25000,0,0,0,25000,0,25000,25000
06547P,大立光元大98售09,0,0,0,0,0,0,0,0,0,25000,0,0,0,25000,0,25000,25000
06548P,大立光元大98售10,0,0,0,0,0,0,0,0,0,25000,0,0,0,25000,0,25000,25000
063590,華擎永豐9B購01  ,0,0,0,0,0,0,0,0,0,25000,0,0,0,35000,10000,25000,25000
063377,泰鼎永豐9B購03  ,0,0,0,0,0,0,0,0,0,25000,0,0,0,25000,0,25000,25000
06379P,群創統一97售05  ,0,0,0,0,0,0,0,0,0,25000,0,0,0,25000,0,25000,25000
064519,聯詠群益9C購01  ,0,0,0,0,0,0,0,0,0,25000,0,0,0,25000,0,25000,25000
064338,美食元大9C購01  ,0,0,0,0,0,0,0,0,0,25000,0,0,0,40000,15000,25000,25000
06429P,大立光元大97售15,0,0,0,0,0,0,0,0,0,25000,0,0,0,25000,0,25000,25000
064189,TPK永豐9C購01   ,0,0,0,0,0,0,0,0,0,25000,0,0,0,58000,33000,25000,25000
064155,大立光統一01購05,0,0,0,0,0,0,0,0,0,25000,0,0,0,30000,5000,25000,25000
064258,臻鼎國泰01購02  ,0,0,0,0,0,0,0,0,0,25000,0,0,0,25000,0,25000,25000
2465,麗臺            ,31000,6000,25000,0,0,0,0,0,0,0,0,0,0,0,0,0,25000
07051P,大立光中信99售02,0,0,0,0,0,0,0,0,0,24000,0,0,0,96000,72000,24000,24000
06627P,華新科元富99售01,0,0,0,0,0,0,0,0,0,24000,0,0,0,24000,0,24000,24000
07974P,上証2X元大9B售02,0,0,0,0,0,0,0,0,0,24000,0,0,0,244000,220000,24000,24000
08018P,牧德國票9B售04  ,0,0,0,0,0,0,0,0,0,24000,0,0,0,24000,0,24000,24000
08593P,聯發科凱基9C售13,0,0,0,0,0,0,0,0,0,24000,0,0,0,128000,104000,24000,24000
061943,上銀群益9B購02  ,0,0,0,0,0,0,0,0,0,24000,0,0,0,74000,50000,24000,24000
057479,致茂元大98購03  ,0,0,0,0,0,0,0,0,0,24000,0,0,0,24000,0,24000,24000
057599,技嘉群益9A購01  ,0,0,0,0,0,0,0,0,0,24000,0,0,0,36000,12000,24000,24000
058831,茂林永豐99購01  ,0,0,0,0,0,0,0,0,0,24000,0,0,0,68000,44000,24000,24000
056457,嘉澤凱基98購01  ,0,0,0,0,0,0,0,0,0,24000,0,0,0,24000,0,24000,24000
00663L,國泰臺灣加權正2 ,1000,0,1000,0,0,0,0,0,0,23000,0,0,0,36000,13000,23000,24000
057665,技嘉元大99購01  ,0,0,0,0,0,0,0,0,0,24000,0,0,0,56000,32000,24000,24000
059036,可成群益9B購03  ,0,0,0,0,0,0,0,0,0,24000,0,0,0,47000,23000,24000,24000
060477,和潤元大9A購01  ,0,0,0,0,0,0,0,0,0,24000,0,0,0,24000,0,24000,24000
061162,南電群益9A購02  ,0,0,0,0,0,0,0,0,0,24000,0,0,0,31000,7000,24000,24000
059921,大立光元大99購24,0,0,0,0,0,0,0,0,0,24000,0,0,0,31000,7000,24000,24000
062230,緯穎統一01購01  ,0,0,0,0,0,0,0,0,0,24000,0,0,0,69000,45000,24000,24000
062642,帆宣國票9B購01  ,0,0,0,0,0,0,0,0,0,24000,0,0,0,24000,0,24000,24000
06340P,鴻海統一98售06  ,0,0,0,0,0,0,0,0,0,24000,0,0,0,24000,0,24000,24000
065848,聯詠元大9C購03  ,0,1000,-1000,0,0,0,0,0,0,25000,0,0,0,117000,92000,25000,24000
064915,美律統一02購02  ,0,0,0,0,0,0,0,0,0,24000,0,0,0,270000,246000,24000,24000
08674P,嘉晶元富07售02  ,0,0,0,0,0,0,0,0,0,23000,0,0,0,23000,0,23000,23000
08738P,TPK凱基01售02   ,0,0,0,0,0,0,0,0,0,23000,0,0,0,23000,0,23000,23000
1466,聚隆            ,29000,6000,23000,0,0,0,0,0,0,0,0,0,0,0,0,0,23000
1522,堤維西          ,67000,44000,23000,0,0,0,0,0,0,0,0,0,0,0,0,0,23000
08169P,台光電群益9B售04,0,0,0,0,0,0,0,0,0,23000,0,0,0,99000,76000,23000,23000
07490P,大立光國票9A售03,0,0,0,0,0,0,0,0,0,23000,0,0,0,43000,20000,23000,23000
07054P,華新科兆豐99售04,0,0,0,0,0,0,0,0,0,23000,0,0,0,23000,0,23000,23000
06908P,健策國泰99售02  ,0,0,0,0,0,0,0,0,0,23000,0,0,0,23000,0,23000,23000
057700,新日興群益9A購01,0,0,0,0,0,0,0,0,0,23000,0,0,0,110000,87000,23000,23000
055866,臺股指元大97購03,0,0,0,0,0,0,0,0,0,23000,0,0,0,23000,0,23000,23000
055873,聚陽元富97購01  ,0,0,0,0,0,0,0,0,0,23000,0,0,0,23000,0,23000,23000
058828,大毅永豐99購01  ,0,0,0,0,0,0,0,0,0,23000,0,0,0,210000,187000,23000,23000
058598,T50反1元大99購04,0,0,0,0,0,0,0,0,0,23000,0,0,0,50000,27000,23000,23000
057389,玉晶光永豐98購06,0,0,0,0,0,0,0,0,0,23000,0,0,0,56000,33000,23000,23000
061546,大立光群益9A購05,0,0,0,0,0,0,0,0,0,23000,0,0,0,75000,52000,23000,23000
060601,技嘉凱基9A購02  ,0,0,0,0,0,0,0,0,0,23000,0,0,0,43000,20000,23000,23000
059005,嘉晶元大99購06  ,0,0,0,0,0,0,0,0,0,23000,0,0,0,24000,1000,23000,23000
063058,A50正2元富02購01,0,0,0,0,0,0,0,0,0,23000,0,0,0,48000,25000,23000,23000
064645,義隆凱基03購01  ,0,0,0,0,0,0,0,0,0,23000,0,0,0,44000,21000,23000,23000
064882,同欣電兆豐9C購01,0,0,0,0,0,0,0,0,0,23000,0,0,0,30000,7000,23000,23000
065373,聯發科元大01購03,0,0,0,0,0,0,0,0,0,23000,0,0,0,23000,0,23000,23000
063485,巨大元大9B購04  ,0,0,0,0,0,0,0,0,0,23000,0,0,0,108000,85000,23000,23000
063786,瑞昱中信06購01  ,0,0,0,0,0,0,0,0,0,23000,0,0,0,45000,22000,23000,23000
064351,中租元大9C購01  ,0,0,0,0,0,0,0,0,0,23000,0,0,0,60000,37000,23000,23000
2538,基泰            ,49000,26000,23000,0,0,0,0,0,0,0,0,0,0,0,0,0,23000
3622,洋華            ,116000,101000,15000,0,0,0,0,0,0,8000,8000,0,8000,0,0,0,23000
8404,百和興業-KY     ,31000,8000,23000,0,0,0,0,0,0,0,0,0,0,0,0,0,23000
06847P,奇力新元大98售05,0,0,0,0,0,0,0,0,0,22000,0,0,0,26000,4000,22000,22000
06807P,臺股指群益98售13,0,0,0,0,0,0,0,0,0,22000,0,0,0,28000,6000,22000,22000
06950P,鴻海統一9B售02  ,0,0,0,0,0,0,0,0,0,22000,0,0,0,22000,0,22000,22000
066594,聯詠群益01購01  ,0,0,0,0,0,0,0,0,0,22000,0,0,0,52000,30000,22000,22000
066549,京元電元大01購03,0,0,0,0,0,0,0,0,0,22000,0,0,0,459000,437000,22000,22000
07129P,華新科元大99售14,0,0,0,0,0,0,0,0,0,22000,0,0,0,84000,62000,22000,22000
08140P,祥碩元大9B售07  ,0,0,0,0,0,0,0,0,0,22000,0,0,0,1134000,1112000,22000,22000
08599P,台表科元大9C售11,0,0,0,0,0,0,0,0,0,22000,0,0,0,162000,140000,22000,22000
08622P,緯創群益9C售03  ,0,0,0,0,0,0,0,0,0,22000,0,0,0,22000,0,22000,22000
08611P,聯發科凱基01售08,0,0,0,0,0,0,0,0,0,22000,0,0,0,163000,141000,22000,22000
08468P,台郡統一9C售02  ,0,0,0,0,0,0,0,0,0,22000,0,0,0,22000,0,22000,22000
058079,鴻海群益98購08  ,0,0,0,0,0,0,0,0,0,22000,0,0,0,38000,16000,22000,22000
057181,亞光元大98購02  ,0,0,0,0,0,0,0,0,0,22000,0,0,0,222000,200000,22000,22000
05631P,國巨富邦9A售01  ,0,0,0,0,0,0,0,0,0,22000,0,0,0,72000,50000,22000,22000
00709,富邦歐洲        ,0,0,0,0,0,0,0,0,0,22000,0,0,0,104000,82000,22000,22000
052888,台表科中信9A購01,0,0,0,0,0,0,0,0,0,22000,0,0,0,22000,0,22000,22000
056658,美食元大98購01  ,0,0,0,0,0,0,0,0,0,22000,0,0,0,30000,8000,22000,22000
056665,上証2X國票99購02,0,0,0,0,0,0,0,0,0,22000,0,0,0,22000,0,22000,22000
060308,劍麟永豐9A購01  ,0,0,0,0,0,0,0,0,0,22000,0,0,0,22000,0,22000,22000
061462,國巨群益9A購11  ,0,0,0,0,0,0,0,0,0,22000,0,0,0,22000,0,22000,22000
061351,智伸科元大9A購01,0,0,0,0,0,0,0,0,0,22000,0,0,0,34000,12000,22000,22000
060661,台積電凱基9A購18,0,0,0,0,0,0,0,0,0,22000,0,0,0,22000,0,22000,22000
062173,世紀鋼永豐9B購01,0,0,0,0,0,0,0,0,0,22000,0,0,0,22000,0,22000,22000
058924,晶相光元富99購02,0,0,0,0,0,0,0,0,0,22000,0,0,0,42000,20000,22000,22000
063826,中興電國票01購01,0,0,0,0,0,0,0,0,0,22000,0,0,0,22000,0,22000,22000
065006,景碩國票01購01  ,0,0,0,0,0,0,0,0,0,22000,0,0,0,22000,0,22000,22000
9910,豐泰            ,488000,461744,26256,0,0,0,0,1000,-1000,-4000,0,0,0,0,4000,-4000,21256
08122P,晶技國票9C售01  ,0,0,0,0,0,0,0,0,0,21000,0,0,0,21000,0,21000,21000
07194P,聯發科元大99售25,0,0,0,0,0,0,0,0,0,21000,0,0,0,61000,40000,21000,21000
07782P,寶成凱基9A售02  ,0,0,0,0,0,0,0,0,0,21000,0,0,0,21000,0,21000,21000
0052,富邦科技        ,1000,18000,-17000,0,0,0,0,0,0,38000,0,0,0,151000,113000,38000,21000
056155,嘉晶凱基97購01  ,0,0,0,0,0,0,0,0,0,21000,0,0,0,22000,1000,21000,21000
055029,帆宣國泰99購01  ,0,0,0,0,0,0,0,0,0,21000,0,0,0,21000,0,21000,21000
058613,茂林元大99購03  ,0,0,0,0,0,0,0,0,0,21000,0,0,0,126000,105000,21000,21000
058468,聯茂中信99購02  ,0,0,0,0,0,0,0,0,0,21000,0,0,0,21000,0,21000,21000
059878,聯茂凱基99購07  ,0,0,0,0,0,0,0,0,0,21000,0,0,0,48000,27000,21000,21000
060625,華擎元大9A購01  ,0,0,0,0,0,0,0,0,0,21000,0,0,0,46000,25000,21000,21000
061906,統一中信9B購01  ,0,0,0,0,0,0,0,0,0,21000,0,0,0,21000,0,21000,21000
062557,台光電凱基9B購02,0,0,0,0,0,0,0,0,0,21000,0,0,0,71000,50000,21000,21000
062543,華通富邦9C購01  ,0,0,0,0,0,0,0,0,0,21000,0,0,0,23000,2000,21000,21000
061174,鴻海凱基9A購23  ,0,0,0,0,0,0,0,0,0,21000,0,0,0,45000,24000,21000,21000
06105P,國巨國票98售02  ,0,0,0,0,0,0,0,0,0,21000,0,0,0,31000,10000,21000,21000
065421,康友國票01購01  ,0,0,0,0,0,0,0,0,0,21000,0,0,0,38000,17000,21000,21000
065732,健策凱基9C購04  ,0,0,0,0,0,0,0,0,0,21000,0,0,0,39000,18000,21000,21000
065717,創意中信9C購02  ,0,0,0,0,0,0,0,0,0,21000,0,0,0,65000,44000,21000,21000
065690,台苯群益9C購01  ,0,0,0,0,0,0,0,0,0,21000,0,0,0,21000,0,21000,21000
063679,群創國泰01購01  ,0,0,0,0,0,0,0,0,0,21000,0,0,0,21000,0,21000,21000
063543,技嘉台新9B購02  ,0,0,0,0,0,0,0,0,0,21000,0,0,0,21000,0,21000,21000
06425P,TPK永豐97售02   ,0,0,0,0,0,0,0,0,0,21000,0,0,0,21000,0,21000,21000
2482,連宇            ,25000,5000,20000,0,0,0,0,0,0,1000,1000,0,1000,0,0,0,21000
2351,順德            ,59000,38000,21000,0,0,0,0,0,0,0,0,0,0,0,0,0,21000
07774P,台灣50群益9A售16,0,0,0,0,0,0,0,0,0,20000,0,0,0,50000,30000,20000,20000
07575P,瑞昱元大9A售02  ,0,0,0,0,0,0,0,0,0,20000,0,0,0,20000,0,20000,20000
07618P,大立光中信9A售06,0,0,0,0,0,0,0,0,0,20000,0,0,0,20000,0,20000,20000
07222P,台灣50元大01售04,0,0,0,0,0,0,0,0,0,20000,0,0,0,20000,0,20000,20000
07233P,台灣50元大99售04,0,0,0,0,0,0,0,0,0,20000,0,0,0,40000,20000,20000,20000
07092P,上銀凱基99售03  ,0,0,0,0,0,0,0,0,0,20000,0,0,0,20000,0,20000,20000
08083P,健策元大9C售05  ,0,0,0,0,0,0,0,0,0,20000,0,0,0,20000,0,20000,20000
08097P,嘉澤永豐9B售03  ,0,0,0,0,0,0,0,0,0,20000,0,0,0,20000,0,20000,20000
08193P,同欣電國票9C售02,0,0,0,0,0,0,0,0,0,20000,0,0,0,20000,0,20000,20000
08236P,國巨富邦03售01  ,0,0,0,0,0,0,0,0,0,20000,0,0,0,120000,100000,20000,20000
07970P,臺股指元大9B售28,0,0,0,0,0,0,0,0,0,20000,0,0,0,20000,0,20000,20000
08546P,可成中信9C售02  ,0,0,0,0,0,0,0,0,0,20000,0,0,0,20000,0,20000,20000
08618P,國巨群益9C售20  ,0,0,0,0,0,0,0,0,0,20000,0,0,0,20000,0,20000,20000
08619P,國巨群益9C售21  ,0,0,0,0,0,0,0,0,0,20000,0,0,0,20000,0,20000,20000
08594P,台積電群益01售05,0,0,0,0,0,0,0,0,0,20000,0,0,0,20000,0,20000,20000
08450P,台積電統一9C售14,0,0,0,0,0,0,0,0,0,20000,0,0,0,20000,0,20000,20000
08421P,台積電群益9C售10,0,0,0,0,0,0,0,0,0,20000,0,0,0,20000,0,20000,20000
08305P,茂林群益9C售01  ,0,0,0,0,0,0,0,0,0,20000,0,0,0,20000,0,20000,20000
08684P,禾伸堂凱基01售01,0,0,0,0,0,0,0,0,0,20000,0,0,0,20000,0,20000,20000
066742,健策元大02購03  ,0,0,0,0,0,0,0,0,0,20000,0,0,0,20000,0,20000,20000
06938P,南電元大98售03  ,0,0,0,0,0,0,0,0,0,20000,0,0,0,20000,0,20000,20000
06831P,臺股指國票98售07,0,0,0,0,0,0,0,0,0,20000,0,0,0,20000,0,20000,20000
066265,精元元大01購01  ,0,10000,-10000,0,0,0,0,0,0,30000,0,0,0,90000,60000,30000,20000
066310,長興永豐01購01  ,0,0,0,0,0,0,0,0,0,20000,0,0,0,81000,61000,20000,20000
066339,總太永豐01購01  ,0,0,0,0,0,0,0,0,0,20000,0,0,0,20000,0,20000,20000
065872,漢翔群益9C購01  ,0,0,0,0,0,0,0,0,0,20000,0,0,0,20000,0,20000,20000
066035,南電群益01購01  ,0,0,0,0,0,0,0,0,0,20000,0,0,0,20000,0,20000,20000
058373,晶技凱基99購02  ,0,0,0,0,0,0,0,0,0,20000,0,0,0,20000,0,20000,20000
058567,華新科凱基9A購02,0,0,0,0,0,0,0,0,0,20000,0,0,0,20000,0,20000,20000
057891,華新科統一9A購01,0,0,0,0,0,0,0,0,0,20000,0,0,0,20000,0,20000,20000
057942,可成國票99購02  ,0,0,0,0,0,0,0,0,0,20000,0,0,0,20000,0,20000,20000
056881,台灣50康和9A購01,0,0,0,0,0,0,0,0,0,20000,0,0,0,20000,0,20000,20000
056734,國巨凱基99購01  ,0,0,0,0,0,0,0,0,0,20000,0,0,0,20000,0,20000,20000
058077,超眾凱基98購02  ,0,0,0,0,0,0,0,0,0,20000,0,0,0,233000,213000,20000,20000
058104,國巨統一9A購04  ,0,0,0,0,0,0,0,0,0,20000,0,0,0,20000,0,20000,20000
058106,神達統一98購02  ,0,0,0,0,0,0,0,0,0,20000,0,0,0,230000,210000,20000,20000
056995,華新科日盛99購01,0,0,0,0,0,0,0,0,0,20000,0,0,0,20000,0,20000,20000
057444,台泥元富98購01  ,0,0,0,0,0,0,0,0,0,20000,0,0,0,70000,50000,20000,20000
061930,臺股指凱基9B購05,0,0,0,0,0,0,0,0,0,20000,0,0,0,20000,0,20000,20000
061606,景碩凱基9A購02  ,0,0,0,0,0,0,0,0,0,20000,0,0,0,21000,1000,20000,20000
061716,瑞儀凱基9B購01  ,0,0,0,0,0,0,0,0,0,20000,0,0,0,70000,50000,20000,20000
061737,南亞科凱基9B購01,0,0,0,0,0,0,0,0,0,20000,0,0,0,136000,116000,20000,20000
061787,華新科群益9C購01,0,0,0,0,0,0,0,0,0,20000,0,0,0,20000,0,20000,20000
055039,神達富邦99購01  ,0,0,0,0,0,0,0,0,0,20000,0,0,0,54000,34000,20000,20000
058804,T50反1統一9B購01,0,0,0,0,0,0,0,0,0,20000,0,0,0,20000,0,20000,20000
058693,旭富國票9A購01  ,0,0,0,0,0,0,0,0,0,20000,0,0,0,50000,30000,20000,20000
05610P,國巨群益98售01  ,0,0,0,0,0,0,0,0,0,20000,0,0,0,20000,0,20000,20000
056171,鴻海元富97購10  ,0,0,0,0,0,0,0,0,0,20000,0,0,0,20000,0,20000,20000
055964,正文元大97購02  ,0,0,0,0,0,0,0,0,0,20000,0,0,0,20000,0,20000,20000
055698,茂林國票98購03  ,0,0,0,0,0,0,0,0,0,20000,0,0,0,20000,0,20000,20000
056264,聯發科統一98購02,0,0,0,0,0,0,0,0,0,20000,0,0,0,20000,0,20000,20000
056414,國巨中信98購02  ,0,0,0,0,0,0,0,0,0,20000,0,0,0,20000,0,20000,20000
0053,元大電子        ,0,0,0,0,0,0,0,0,0,20000,0,0,0,26000,6000,20000,20000
052738,聯電元大98購02  ,0,0,0,0,0,0,0,0,0,20000,0,0,0,20000,0,20000,20000
054156,聯電亞東98購01  ,0,0,0,0,0,0,0,0,0,20000,0,0,0,20000,0,20000,20000
053378,台積電元大98購02,0,0,0,0,0,0,0,0,0,20000,0,0,0,106000,86000,20000,20000
053924,京鼎國票97購01  ,0,0,0,0,0,0,0,0,0,20000,0,0,0,20000,0,20000,20000
054461,台積電凱基97購09,0,0,0,0,0,0,0,0,0,20000,0,0,0,20000,0,20000,20000
054466,欣興凱基97購03  ,0,0,0,0,0,0,0,0,0,20000,0,0,0,20000,0,20000,20000
056515,燿華兆豐99購01  ,0,0,0,0,0,0,0,0,0,20000,0,0,0,20000,0,20000,20000
051431,群創元富99購02  ,0,0,0,0,0,0,0,0,0,20000,0,0,0,20000,0,20000,20000
051848,元金2X中信98購02,0,0,0,0,0,0,0,0,0,20000,0,0,0,20000,0,20000,20000
050754,元金2X元富9B購01,0,0,0,0,0,0,0,0,0,20000,0,0,0,20000,0,20000,20000
049593,群創元大9A購01  ,0,0,0,0,0,0,0,0,0,20000,0,0,0,20000,0,20000,20000
045873,元油2X元富98購04,0,0,0,0,0,0,0,0,0,20000,0,0,0,20000,0,20000,20000
046937,聯電元大99購01  ,0,0,0,0,0,0,0,0,0,20000,0,0,0,37000,17000,20000,20000
045517,元油2X元富98購01,0,0,0,0,0,0,0,0,0,20000,0,0,0,20000,0,20000,20000
04137P,元油反國票97售01,0,0,0,0,0,0,0,0,0,20000,0,0,0,20000,0,20000,20000
060466,玉山金元大9A購01,0,0,0,0,0,0,0,0,0,20000,0,0,0,20000,0,20000,20000
060544,國巨凱基9B購03  ,0,0,0,0,0,0,0,0,0,20000,0,0,0,102000,82000,20000,20000
060169,群電永豐9A購01  ,0,0,0,0,0,0,0,0,0,20000,0,0,0,29000,9000,20000,20000
060802,道瓊指中信9C購03,0,0,0,0,0,0,0,0,0,20000,0,0,0,21000,1000,20000,20000
060310,瑞昱永豐9A購01  ,0,0,0,0,0,0,0,0,0,20000,0,0,0,20000,0,20000,20000
060408,和潤國泰9C購01  ,0,0,0,0,0,0,0,0,0,20000,0,0,0,20000,0,20000,20000
060448,道瓊反元大9A購04,0,0,0,0,0,0,0,0,0,20000,0,0,0,20000,0,20000,20000
063071,華新科富邦02購01,0,0,0,0,0,0,0,0,0,20000,0,0,0,20000,0,20000,20000
06309P,光罩元富97售03  ,0,0,0,0,0,0,0,0,0,20000,0,0,0,20000,0,20000,20000
062941,大立光凱基9B購07,0,0,0,0,0,0,0,0,0,20000,0,0,0,20000,0,20000,20000
063137,瑞昱統一01購02  ,0,0,0,0,0,0,0,0,0,20000,0,0,0,20000,0,20000,20000
063170,智邦第一9B購01  ,0,0,0,0,0,0,0,0,0,20000,0,0,0,26000,6000,20000,20000
063204,高鐵統一9C購01  ,0,0,0,0,0,0,0,0,0,20000,0,0,0,22000,2000,20000,20000
060886,國巨統一01購03  ,0,0,0,0,0,0,0,0,0,20000,0,0,0,35000,15000,20000,20000
060887,台積電統一01購01,0,0,0,0,0,0,0,0,0,20000,0,0,0,20000,0,20000,20000
061305,帆宣永豐9A購01  ,0,0,0,0,0,0,0,0,0,20000,0,0,0,22000,2000,20000,20000
062884,康控兆豐9C購01  ,0,0,0,0,0,0,0,0,0,20000,0,0,0,20000,0,20000,20000
062219,燿華統一9B購01  ,0,0,0,0,0,0,0,0,0,20000,0,0,0,40000,20000,20000,20000
060757,台積電元大9A購18,0,0,0,0,0,0,0,0,0,20000,0,0,0,30000,10000,20000,20000
060640,京鼎永豐9A購01  ,0,0,0,0,0,0,0,0,0,20000,0,0,0,20000,0,20000,20000
060644,泰鼎永豐9A購02  ,0,0,0,0,0,0,0,0,0,20000,0,0,0,20000,0,20000,20000
061428,南六元大9A購01  ,0,0,0,0,0,0,0,0,0,20000,0,0,0,25000,5000,20000,20000
061441,大毅永豐9A購04  ,0,0,0,0,0,0,0,0,0,20000,0,0,0,20000,0,20000,20000
060673,旺宏元大9A購04  ,0,0,0,0,0,0,0,0,0,20000,0,0,0,20000,0,20000,20000
062698,台積電元大01購01,0,0,0,0,0,0,0,0,0,20000,0,0,0,30000,10000,20000,20000
062678,華通統一9C購04  ,0,0,0,0,0,0,0,0,0,20000,0,0,0,20000,0,20000,20000
062751,華擎中信9C購01  ,0,0,0,0,0,0,0,0,0,20000,0,0,0,110000,90000,20000,20000
062177,上銀元大9B購02  ,0,0,0,0,0,0,0,0,0,20000,0,0,0,20000,0,20000,20000
062178,上銀元大9B購03  ,0,0,0,0,0,0,0,0,0,20000,0,0,0,20000,0,20000,20000
062592,牧德統一01購01  ,0,0,0,0,0,0,0,0,0,20000,0,0,0,20000,0,20000,20000
06259P,臺股指群益97售12,0,0,0,0,0,0,0,0,0,20000,0,0,0,20000,0,20000,20000
062377,力成元大9B購01  ,0,0,0,0,0,0,0,0,0,20000,0,0,0,20000,0,20000,20000
062290,聯發科富邦9C購04,0,0,0,0,0,0,0,0,0,20000,0,0,0,20000,0,20000,20000
062117,燿華中信9B購01  ,0,0,0,0,0,0,0,0,0,20000,0,0,0,20000,0,20000,20000
062352,南六群益9B購02  ,0,0,0,0,0,0,0,0,0,20000,0,0,0,30000,10000,20000,20000
06418P,T50反1統一9A售02,0,0,0,0,0,0,0,0,0,20000,0,0,0,20000,0,20000,20000
064192,巨大中信9C購01  ,0,0,0,0,0,0,0,0,0,20000,0,0,0,145000,125000,20000,20000
064029,宏達電元大9C購01,0,0,0,0,0,0,0,0,0,20000,0,0,0,21000,1000,20000,20000
064353,力成元大9C購02  ,0,0,0,0,0,0,0,0,0,20000,0,0,0,104000,84000,20000,20000
064365,美食統一01購02  ,0,0,0,0,0,0,0,0,0,20000,0,0,0,20000,0,20000,20000
064537,健鼎國票01購02  ,0,0,0,0,0,0,0,0,0,20000,0,0,0,40000,20000,20000,20000
063552,晶技國票9B購03  ,0,0,0,0,0,0,0,0,0,20000,0,0,0,20000,0,20000,20000
063483,致新元大9B購03  ,0,0,0,0,0,0,0,0,0,20000,0,0,0,70000,50000,20000,20000
063376,神達永豐9B購01  ,0,0,0,0,0,0,0,0,0,20000,0,0,0,303000,283000,20000,20000
063321,泰鼎群益9B購03  ,0,0,0,0,0,0,0,0,0,20000,0,0,0,20000,0,20000,20000
065639,臺指反元大03購04,0,0,0,0,0,0,0,0,0,20000,0,0,0,20000,0,20000,20000
065661,智原永豐9C購01  ,0,0,0,0,0,0,0,0,0,20000,0,0,0,20000,0,20000,20000
065802,義隆群益9C購05  ,0,0,0,0,0,0,0,0,0,20000,0,0,0,30000,10000,20000,20000
065556,旭富凱基9C購02  ,0,0,0,0,0,0,0,0,0,20000,0,0,0,20000,0,20000,20000
06556P,臺股指元大99售08,0,0,0,0,0,0,0,0,0,20000,0,0,0,20000,0,20000,20000
065257,友訊元大01購01  ,0,0,0,0,0,0,0,0,0,20000,0,0,0,20000,0,20000,20000
064902,健策群益01購03  ,0,0,0,0,0,0,0,0,0,20000,0,0,0,93000,73000,20000,20000
064662,鴻海元大9C購10  ,0,0,0,0,0,0,0,0,0,20000,0,0,0,24000,4000,20000,20000
2233,宇隆            ,45000,25000,20000,0,0,0,0,0,0,0,0,0,0,0,0,0,20000
4999,鑫禾            ,26000,6000,20000,0,0,0,0,0,0,0,1000,1000,0,0,0,0,20000
8454,富邦媒          ,46000,30000,16000,0,0,0,3000,0,3000,1000,1000,0,1000,0,0,0,20000
2395,研華            ,527824,495071,32753,0,0,0,0,2000,-2000,-11000,4000,15000,-11000,0,0,0,19753
066182,康控凱基01購01  ,0,0,0,0,0,0,0,0,0,19000,0,0,0,108000,89000,19000,19000
06793P,臺股指凱基98售03,0,0,0,0,0,0,0,0,0,19000,0,0,0,30000,11000,19000,19000
06862P,大立光凱基98售16,0,0,0,0,0,0,0,0,0,19000,0,0,0,20000,1000,19000,19000
06953P,景碩統一9A售01  ,0,0,0,0,0,0,0,0,0,19000,0,0,0,19000,0,19000,19000
06959P,鴻海凱基9A售02  ,0,0,0,0,0,0,0,0,0,19000,0,0,0,70000,51000,19000,19000
06691P,臺股指群益9C售05,0,0,0,0,0,0,0,0,0,19000,0,0,0,20000,1000,19000,19000
066687,國巨元富07購05  ,0,0,0,0,0,0,0,0,0,19000,0,0,0,57000,38000,19000,19000
066660,群光凱基01購01  ,0,0,0,0,0,0,0,0,0,19000,0,0,0,40000,21000,19000,19000
066553,大立光元大01購09,0,0,0,0,0,0,0,0,0,19000,0,0,0,79000,60000,19000,19000
066514,盟立永豐01購01  ,0,0,0,0,0,0,0,0,0,19000,0,0,0,34000,15000,19000,19000
08683P,大立光凱基02售03,0,0,0,0,0,0,0,0,0,19000,0,0,0,69000,50000,19000,19000
08408P,臺股指元大9C售14,0,0,0,0,0,0,0,0,0,19000,0,0,0,19000,0,19000,19000
08613P,同欣電凱基9C售04,0,0,0,0,0,0,0,0,0,19000,0,0,0,19000,0,19000,19000
08178P,南亞科元大9B售01,0,0,0,0,0,0,0,0,0,19000,0,0,0,19000,0,19000,19000
051375,道瓊反群益9A購01,0,0,0,0,0,0,0,0,0,19000,0,0,0,19000,0,19000,19000
055874,中環元富9A購01  ,0,0,0,0,0,0,0,0,0,19000,0,0,0,79000,60000,19000,19000
054735,漢唐凱基98購01  ,0,0,0,0,0,0,0,0,0,19000,0,0,0,20000,1000,19000,19000
057706,臺股指群益98購06,0,0,0,0,0,0,0,0,0,19000,0,0,0,19000,0,19000,19000
062316,康控凱基9B購03  ,0,0,0,0,0,0,0,0,0,19000,0,0,0,102000,83000,19000,19000
062638,茂林國票9C購01  ,0,0,0,0,0,0,0,0,0,19000,0,0,0,34000,15000,19000,19000
062626,台積電國票9C購04,0,0,0,0,0,0,0,0,0,19000,0,0,0,28000,9000,19000,19000
05953P,台積電國票98售02,0,0,0,0,0,0,0,0,0,19000,0,0,0,135000,116000,19000,19000
061837,華新科凱基05購02,0,0,0,0,0,0,0,0,0,19000,0,0,0,19000,0,19000,19000
060952,滬深2X群益9C購05,0,0,0,0,0,0,0,0,0,19000,0,0,0,49000,30000,19000,19000
063089,巨大凱基9C購01  ,0,0,0,0,0,0,0,0,0,19000,0,0,0,29000,10000,19000,19000
059999,緯穎元富99購01  ,0,0,0,0,0,0,0,0,0,19000,0,0,0,21000,2000,19000,19000
061178,晶技凱基9B購01  ,0,0,0,0,0,0,0,0,0,19000,0,0,0,19000,0,19000,19000
064596,台表科統一01購03,0,0,0,0,0,0,0,0,0,19000,0,0,0,63000,44000,19000,19000
064891,台達電群益9C購01,0,0,0,0,0,0,0,0,0,19000,0,0,0,27000,8000,19000,19000
065267,聯鈞元大9C購02  ,0,0,0,0,0,0,0,0,0,19000,0,0,0,23000,4000,19000,19000
065809,同欣電群益9C購03,0,0,0,0,0,0,0,0,0,19000,0,0,0,19000,0,19000,19000
064518,華新科群益02購01,0,0,0,0,0,0,0,0,0,19000,0,0,0,19000,0,19000,19000
064572,同欣電群益9C購02,0,0,0,0,0,0,0,0,0,19000,0,0,0,19000,0,19000,19000
064457,禾伸堂統一01購02,0,0,0,0,0,0,0,0,0,19000,0,0,0,254000,235000,19000,19000
064307,聚陽群益9C購03  ,0,0,0,0,0,0,0,0,0,19000,0,0,0,143000,124000,19000,19000
064308,國巨群益9C購09  ,0,0,0,0,0,0,0,0,0,19000,0,0,0,19000,0,19000,19000
2459,敦吉            ,28000,9000,19000,0,0,0,0,0,0,0,0,0,0,0,0,0,19000
1731,美吾華          ,24000,5000,19000,0,0,0,0,0,0,0,0,0,0,0,0,0,19000
6191,精成科          ,1881000,1863000,18000,0,0,0,0,0,0,1000,1000,0,1000,0,0,0,19000
08264P,南電元大9C售02  ,0,0,0,0,0,0,0,0,0,18000,0,0,0,118000,100000,18000,18000
07851P,聯發科國票9A售05,0,0,0,0,0,0,0,0,0,18000,0,0,0,18000,0,18000,18000
07772P,華新科國票9A售05,0,0,0,0,0,0,0,0,0,18000,0,0,0,18000,0,18000,18000
08636P,華通國票01售03  ,0,0,0,0,0,0,0,0,0,18000,0,0,0,57000,39000,18000,18000
08775P,台灣50群益01售05,0,0,0,0,0,0,0,0,0,18000,0,0,0,34000,16000,18000,18000
1452,宏益            ,33000,15000,18000,0,0,0,0,0,0,0,0,0,0,0,0,0,18000
066669,華擎凱基02購02  ,0,0,0,0,0,0,0,0,0,18000,0,0,0,26000,8000,18000,18000
065936,聯發科群益02購01,0,0,0,0,0,0,0,0,0,18000,0,0,0,30000,12000,18000,18000
057690,美律凱基99購03  ,0,0,0,0,0,0,0,0,0,18000,0,0,0,18000,0,18000,18000
057771,鴻海群益99購01  ,0,0,0,0,0,0,0,0,0,18000,0,0,0,28000,10000,18000,18000
058660,樺漢中信9A購01  ,0,0,0,0,0,0,0,0,0,18000,0,0,0,18000,0,18000,18000
047969,台達電富邦97購01,0,0,0,0,0,0,0,0,0,18000,0,0,0,18000,0,18000,18000
056544,貿聯凱基98購03  ,0,0,0,0,0,0,0,0,0,18000,0,0,0,20000,2000,18000,18000
054059,欣興國票97購03  ,0,0,0,0,0,0,0,0,0,18000,0,0,0,18000,0,18000,18000
052328,台表科中信99購01,0,0,0,0,0,0,0,0,0,18000,0,0,0,33000,15000,18000,18000
061977,國巨元大9B購02  ,0,0,0,0,0,0,0,0,0,18000,0,0,0,19000,1000,18000,18000
057495,牧德元大99購04  ,0,0,0,0,0,0,0,0,0,18000,0,0,0,68000,50000,18000,18000
057646,玉山金元大98購01,0,0,0,0,0,0,0,0,0,18000,0,0,0,100000,82000,18000,18000
057138,亞德客兆豐98購01,0,0,0,0,0,0,0,0,0,18000,0,0,0,20000,2000,18000,18000
058323,泰鼎永豐9A購01  ,0,0,0,0,0,0,0,0,0,18000,0,0,0,18000,0,18000,18000
061031,神隆永豐9A購02  ,0,0,0,0,0,0,0,0,0,18000,0,0,0,80000,62000,18000,18000
060084,聯電元大99購02  ,0,0,0,0,0,0,0,0,0,18000,0,0,0,18000,0,18000,18000
063239,建準元大9B購01  ,0,0,0,0,0,0,0,0,0,18000,0,0,0,78000,60000,18000,18000
061231,聚陽元大9A購02  ,0,0,0,0,0,0,0,0,0,18000,0,0,0,28000,10000,18000,18000
061182,南六凱基9A購01  ,0,0,0,0,0,0,0,0,0,18000,0,0,0,18000,0,18000,18000
061360,智邦兆豐9B購02  ,0,0,0,0,0,0,0,0,0,18000,0,0,0,28000,10000,18000,18000
059596,大立光元大99購20,0,0,0,0,0,0,0,0,0,18000,0,0,0,20000,2000,18000,18000
062718,技嘉凱基9B購01  ,0,0,0,0,0,0,0,0,0,18000,0,0,0,97000,79000,18000,18000
062676,南六台新9B購01  ,0,0,0,0,0,0,0,0,0,18000,0,0,0,102000,84000,18000,18000
062699,台積電元大01購02,0,0,0,0,0,0,0,0,0,18000,0,0,0,18000,0,18000,18000
062168,大毅永豐9B購01  ,0,0,0,0,0,0,0,0,0,18000,0,0,0,22000,4000,18000,18000
062313,聯詠凱基9C購01  ,0,0,0,0,0,0,0,0,0,18000,0,0,0,57000,39000,18000,18000
062359,旺宏元大9C購02  ,0,0,0,0,0,0,0,0,0,18000,0,0,0,20000,2000,18000,18000
064238,玉晶光統一01購08,0,0,0,0,0,0,0,0,0,18000,0,0,0,33000,15000,18000,18000
06376P,上銀統一99售01  ,0,0,0,0,0,0,0,0,0,18000,0,0,0,23000,5000,18000,18000
065236,旭富凱基9C購01  ,0,0,0,0,0,0,0,0,0,18000,0,0,0,18000,0,18000,18000
8033,雷虎            ,45000,27000,18000,0,0,0,0,0,0,0,0,0,0,0,0,0,18000
4739,康普            ,156000,138000,18000,0,0,0,0,0,0,0,0,0,0,0,0,0,18000
066176,華擎凱基01購01  ,0,0,0,0,0,0,0,0,0,17000,0,0,0,37000,20000,17000,17000
066341,永信永豐01購01  ,0,0,0,0,0,0,0,0,0,17000,0,0,0,17000,0,17000,17000
06867P,訊芯元大98售08  ,0,0,0,0,0,0,0,0,0,17000,0,0,0,17000,0,17000,17000
1603,華電            ,31000,17000,14000,0,0,0,0,0,0,3000,3000,0,3000,0,0,0,17000
08358P,大立光元大9C售18,0,0,0,0,0,0,0,0,0,17000,0,0,0,56000,39000,17000,17000
07797P,大立光國票9A售08,0,0,0,0,0,0,0,0,0,17000,0,0,0,17000,0,17000,17000
07694P,超眾元大9A售05  ,0,0,0,0,0,0,0,0,0,17000,0,0,0,17000,0,17000,17000
07249P,T50正2富邦03售02,0,0,0,0,0,0,0,0,0,17000,0,0,0,17000,0,17000,17000
08253P,鴻海元大9C售06  ,0,0,0,0,0,0,0,0,0,17000,0,0,0,17000,0,17000,17000
08129P,聯發科元大9B售23,0,0,0,0,0,0,0,0,0,17000,0,0,0,117000,100000,17000,17000
057003,立積國票98購01  ,0,0,0,0,0,0,0,0,0,17000,0,0,0,17000,0,17000,17000
057546,台積電凱基02購01,0,0,0,0,0,0,0,0,0,17000,0,0,0,17000,0,17000,17000
0055,元大MSCI金融    ,0,0,0,0,0,0,0,0,0,17000,0,0,0,17000,0,17000,17000
056644,宏達電凱基98購04,0,0,0,0,0,0,0,0,0,17000,0,0,0,20000,3000,17000,17000
054353,世紀鋼國泰98購01,0,0,0,0,0,0,0,0,0,17000,0,0,0,142000,125000,17000,17000
054567,拓凱群益98購01  ,0,0,0,0,0,0,0,0,0,17000,0,0,0,19000,2000,17000,17000
052003,泰碩國泰97購02  ,0,0,0,0,0,0,0,0,0,17000,0,0,0,17000,0,17000,17000
057772,台積電群益99購01,0,0,0,0,0,0,0,0,0,17000,0,0,0,17000,0,17000,17000
054769,創意國票98購01  ,0,0,0,0,0,0,0,0,0,17000,0,0,0,17000,0,17000,17000
056376,玉晶光統一98購01,0,0,0,0,0,0,0,0,0,17000,0,0,0,17000,0,17000,17000
062378,台表科元大9C購01,0,0,0,0,0,0,0,0,0,17000,0,0,0,17000,0,17000,17000
062423,聯發科統一9C購07,0,0,0,0,0,0,0,0,0,17000,0,0,0,17000,0,17000,17000
062150,南六國票9B購01  ,0,0,0,0,0,0,0,0,0,17000,0,0,0,48000,31000,17000,17000
059292,華新科元富9B購02,0,0,0,0,0,0,0,0,0,17000,0,0,0,30000,13000,17000,17000
061405,亞德客國票9B購01,0,0,0,0,0,0,0,0,0,17000,0,0,0,86000,69000,17000,17000
060657,旺宏統一9B購05  ,0,0,0,0,0,0,0,0,0,17000,0,0,0,100000,83000,17000,17000
064938,華新科元富9C購01,0,0,0,0,0,0,0,0,0,17000,0,0,0,17000,0,17000,17000
064720,長榮航統一02購01,0,0,0,0,0,0,0,0,0,17000,0,0,0,166000,149000,17000,17000
065736,同欣電凱基9C購05,0,0,0,0,0,0,0,0,0,17000,0,0,0,100000,83000,17000,17000
065355,聯發科元富03購05,0,0,0,0,0,0,0,0,0,17000,0,0,0,17000,0,17000,17000
064125,聯發科元大02購01,0,0,0,0,0,0,0,0,0,17000,0,0,0,17000,0,17000,17000
3518,柏騰            ,74000,58000,16000,0,0,0,0,0,0,1000,1000,0,1000,0,0,0,17000
08084P,台表科元大9B售06,0,0,0,0,0,0,0,0,0,16000,0,0,0,116000,100000,16000,16000
08179P,華新科元大9B售13,0,0,0,0,0,0,0,0,0,16000,0,0,0,16000,0,16000,16000
07978P,茂林群益9B售02  ,0,0,0,0,0,0,0,0,0,16000,0,0,0,16000,0,16000,16000
1473,台南            ,23000,7000,16000,0,0,0,0,0,0,0,0,0,0,0,0,0,16000
066504,全新富邦03購01  ,0,0,0,0,0,0,0,0,0,16000,0,0,0,20000,4000,16000,16000
066002,健策國票02購01  ,0,0,0,0,0,0,0,0,0,16000,0,0,0,21000,5000,16000,16000
054806,台化元大9A購01  ,0,0,0,0,0,0,0,0,0,16000,0,0,0,21000,5000,16000,16000
055433,嘉聯益群益99購01,0,0,0,0,0,0,0,0,0,16000,0,0,0,16000,0,16000,16000
058807,和大統一9B購01  ,0,0,0,0,0,0,0,0,0,16000,0,0,0,141000,125000,16000,16000
056641,華通凱基98購03  ,0,0,0,0,0,0,0,0,0,16000,0,0,0,16000,0,16000,16000
053528,南電中信9A購01  ,0,0,0,0,0,0,0,0,0,16000,0,0,0,22000,6000,16000,16000
058222,玉晶光統一9B購01,0,0,0,0,0,0,0,0,0,16000,0,0,0,16000,0,16000,16000
056738,國巨凱基9A購02  ,0,0,0,0,0,0,0,0,0,16000,0,0,0,20000,4000,16000,16000
061466,創意群益9A購01  ,0,0,0,0,0,0,0,0,0,16000,0,0,0,23000,7000,16000,16000
06136P,華新科國泰99售02,0,0,0,0,0,0,0,0,0,16000,0,0,0,86000,70000,16000,16000
059940,微星永豐99購01  ,0,0,0,0,0,0,0,0,0,16000,0,0,0,66000,50000,16000,16000
06260P,臺股指群益97售13,0,0,0,0,0,0,0,0,0,16000,0,0,0,16000,0,16000,16000
06119P,大立光凱基98售04,0,0,0,0,0,0,0,0,0,16000,0,0,0,16000,0,16000,16000
062775,大成鋼元大9B購02,0,0,0,0,0,0,0,0,0,16000,0,0,0,195000,179000,16000,16000
063062,群創元富9B購01  ,0,0,0,0,0,0,0,0,0,16000,0,0,0,16000,0,16000,16000
063016,微星元大9C購02  ,0,0,0,0,0,0,0,0,0,16000,0,0,0,26000,10000,16000,16000
060236,精元元大9C購01  ,0,0,0,0,0,0,0,0,0,16000,0,0,0,16000,0,16000,16000
061124,微星永豐9A購02  ,0,0,0,0,0,0,0,0,0,16000,0,0,0,110000,94000,16000,16000
064007,嘉澤凱基02購01  ,0,0,0,0,0,0,0,0,0,16000,0,0,0,356000,340000,16000,16000
064396,創意永豐9C購01  ,0,0,0,0,0,0,0,0,0,16000,0,0,0,26000,10000,16000,16000
063332,矽格國票9B購01  ,0,0,0,0,0,0,0,0,0,16000,0,0,0,40000,24000,16000,16000
065262,義隆元大9C購06  ,0,0,0,0,0,0,0,0,0,16000,0,0,0,41000,25000,16000,16000
065587,亞德客永豐9C購02,0,0,0,0,0,0,0,0,0,16000,0,0,0,68000,52000,16000,16000
065582,景碩國泰01購01  ,0,0,0,0,0,0,0,0,0,16000,0,0,0,133000,117000,16000,16000
064908,世紀鋼群益01購02,0,0,0,0,0,0,0,0,0,16000,0,0,0,98000,82000,16000,16000
064803,智邦元大9C購05  ,0,0,0,0,0,0,0,0,0,16000,0,0,0,31000,15000,16000,16000
2836,高雄銀          ,56000,47000,9000,0,0,0,0,0,0,7000,7000,0,7000,0,0,0,16000
3305,昇貿            ,15000,5000,10000,0,0,0,0,0,0,6000,6000,0,6000,0,0,0,16000
1808,潤隆            ,71000,56000,15000,0,0,0,0,0,0,1000,1000,0,1000,0,0,0,16000
2023,燁輝            ,74000,64000,10000,0,0,0,0,0,0,6000,6000,0,6000,0,0,0,16000
9930,中聯資源        ,27000,11000,16000,0,0,0,0,0,0,0,0,0,0,0,0,0,16000
066090,泰鼎永豐01購01  ,0,0,0,0,0,0,0,0,0,15000,0,0,0,48000,33000,15000,15000
066352,晶碩永豐01購01  ,0,0,0,0,0,0,0,0,0,15000,0,0,0,212000,197000,15000,15000
066715,台灣50元大01購23,0,0,0,0,0,0,0,0,0,15000,0,0,0,15000,0,15000,15000
06825P,臺股指國票98售01,0,0,0,0,0,0,0,0,0,15000,0,0,0,15000,0,15000,15000
06735P,奇力新凱基98售07,0,0,0,0,0,0,0,0,0,15000,0,0,0,15000,0,15000,15000
1540,喬福            ,29000,14000,15000,0,0,0,0,0,0,0,0,0,0,0,0,0,15000
08296P,同欣電元大9C售04,0,0,0,0,0,0,0,0,0,15000,0,0,0,15000,0,15000,15000
08630P,臺股指麥證9C售05,0,0,0,25000,10000,15000,0,0,0,15000,0,0,0,25000,10000,15000,15000
08624P,力成群益9C售01  ,0,0,0,0,0,0,0,0,0,15000,0,0,0,20000,5000,15000,15000
08607P,聯發科富邦03售04,0,0,0,0,0,0,0,0,0,15000,0,0,0,124000,109000,15000,15000
08584P,立積群益9C售02  ,0,0,0,0,0,0,0,0,0,15000,0,0,0,15000,0,15000,15000
08567P,台勝科群益9C售01,0,0,0,0,0,0,0,0,0,15000,0,0,0,15000,0,15000,15000
08554P,玉晶光國票01售06,0,0,0,0,0,0,0,0,0,15000,0,0,0,281000,266000,15000,15000
07855P,旺宏凱基9A售09  ,0,0,0,0,0,0,0,0,0,15000,0,0,0,15000,0,15000,15000
07760P,力山永豐9A售03  ,0,0,0,0,0,0,0,0,0,15000,0,0,0,15000,0,15000,15000
08203P,同欣電永豐9B售04,0,0,0,0,0,0,0,0,0,15000,0,0,0,15000,0,15000,15000
07235P,T50正2元大9C售02,0,0,0,0,0,0,0,0,0,15000,0,0,0,35000,20000,15000,15000
07198P,臺股指元大99售14,0,0,0,0,0,0,0,0,0,15000,0,0,0,55000,40000,15000,15000
07474P,滬深2X群益9C售03,0,0,0,0,0,0,0,0,0,15000,0,0,0,30000,15000,15000,15000
07523P,台積電中信9C售05,0,0,0,0,0,0,0,0,0,15000,0,0,0,15000,0,15000,15000
07580P,緯穎元大9A售03  ,0,0,0,0,0,0,0,0,0,15000,0,0,0,20000,5000,15000,15000
058049,帆宣元大98購01  ,0,0,0,0,0,0,0,0,0,15000,0,0,0,25000,10000,15000,15000
056980,建準群益98購02  ,0,0,0,0,0,0,0,0,0,15000,0,0,0,25000,10000,15000,15000
058243,華擎元大99購01  ,0,0,0,0,0,0,0,0,0,15000,0,0,0,15000,0,15000,15000
058603,台積電元大99購12,0,0,0,0,0,0,0,0,0,15000,0,0,0,15000,0,15000,15000
058315,TPK富邦9C購01   ,0,0,0,0,0,0,0,0,0,15000,0,0,0,30000,15000,15000,15000
058502,鴻海元大99購13  ,0,0,0,0,0,0,0,0,0,15000,0,0,0,24000,9000,15000,15000
058521,日月光元大99購01,0,0,0,0,0,0,0,0,0,15000,0,0,0,25000,10000,15000,15000
058405,訊連元大99購02  ,0,0,0,0,0,0,0,0,0,15000,0,0,0,15000,0,15000,15000
057041,國巨元大99購04  ,0,0,0,0,0,0,0,0,0,15000,0,0,0,61000,46000,15000,15000
058154,泰碩統一9A購01  ,0,0,0,0,0,0,0,0,0,15000,0,0,0,15000,0,15000,15000
061609,華新科統一9C購01,0,0,0,0,0,0,0,0,0,15000,0,0,0,25000,10000,15000,15000
053904,漢唐凱基97購01  ,0,0,0,0,0,0,0,0,0,15000,0,0,0,15000,0,15000,15000
052764,景碩群益98購01  ,0,0,0,0,0,0,0,0,0,15000,0,0,0,15000,0,15000,15000
054477,聯發科中信9C購02,0,0,0,0,0,0,0,0,0,15000,0,0,0,15000,0,15000,15000
058720,旭富元富99購01  ,0,0,0,0,0,0,0,0,0,15000,0,0,0,15000,0,15000,15000
055256,日電貿統一99購01,0,0,0,0,0,0,0,0,0,15000,0,0,0,15000,0,15000,15000
055502,群創元大9C購03  ,0,0,0,0,0,0,0,0,0,15000,0,0,0,15000,0,15000,15000
055771,台積電日盛97購04,0,0,0,0,0,0,0,0,0,15000,0,0,0,15000,0,15000,15000
061069,嘉聯益凱基9A購01,0,0,0,0,0,0,0,0,0,15000,0,0,0,64000,49000,15000,15000
060531,大立光中信9A購04,0,0,0,0,0,0,0,0,0,15000,0,0,0,15000,0,15000,15000
060111,臻鼎元大99購04  ,0,0,0,0,0,0,0,0,0,15000,0,0,0,15000,0,15000,15000
060287,燿華元大9A購01  ,0,0,0,0,0,0,0,0,0,15000,0,0,0,15000,0,15000,15000
062993,華新科群益9B購05,0,0,0,0,0,0,0,0,0,15000,0,0,0,25000,10000,15000,15000
063190,聯茂凱基9B購01  ,0,0,0,0,0,0,0,0,0,15000,0,0,0,15000,0,15000,15000
062816,華新科兆豐9B購01,0,0,0,0,0,0,0,0,0,15000,0,0,0,15000,0,15000,15000
062830,玉晶光群益01購05,0,0,0,0,0,0,0,0,0,15000,0,0,0,15000,0,15000,15000
058999,台積電元大99購24,0,0,0,0,0,0,0,0,0,15000,0,0,0,15000,0,15000,15000
062580,華通統一9C購03  ,0,0,0,0,0,0,0,0,0,15000,0,0,0,15000,0,15000,15000
062647,南電國泰9C購02  ,0,0,0,0,0,0,0,0,0,15000,0,0,0,83000,68000,15000,15000
062127,台勝科統一01購02,0,0,0,0,0,0,0,0,0,15000,0,0,0,37000,22000,15000,15000
062386,京鼎國泰9C購01  ,0,0,0,0,0,0,0,0,0,15000,0,0,0,35000,20000,15000,15000
062277,廣達群益9B購01  ,0,0,0,0,0,0,0,0,0,15000,0,0,0,73000,58000,15000,15000
062293,麗豐永豐9B購01  ,0,0,0,0,0,0,0,0,0,15000,0,0,0,15000,0,15000,15000
062712,晶技麥證9B購02  ,0,0,0,15000,0,15000,0,0,0,15000,0,0,0,15000,0,15000,15000
058910,泰鼎元大99購03  ,0,0,0,0,0,0,0,0,0,15000,0,0,0,15000,0,15000,15000
060714,晶技永豐9A購02  ,0,0,0,0,0,0,0,0,0,15000,0,0,0,15000,0,15000,15000
062087,瑞祺元大9B購02  ,0,0,0,0,0,0,0,0,0,15000,0,0,0,17000,2000,15000,15000
059890,大立光國票99購03,0,0,0,0,0,0,0,0,0,15000,0,0,0,15000,0,15000,15000
061422,台積電元大9A購30,0,0,0,0,0,0,0,0,0,15000,0,0,0,20000,5000,15000,15000
060599,國巨凱基9C購01  ,0,0,0,0,0,0,0,0,0,15000,0,0,0,15000,0,15000,15000
059842,台積電富邦9C購05,0,0,0,0,0,0,0,0,0,15000,0,0,0,17000,2000,15000,15000
061892,亞德客永豐9B購01,0,0,0,0,0,0,0,0,0,15000,0,0,0,15000,0,15000,15000
064876,旺宏兆豐9C購01  ,0,0,0,0,0,0,0,0,0,15000,0,0,0,15000,0,15000,15000
065018,台達電富邦03購01,0,0,0,0,0,0,0,0,0,15000,0,0,0,59000,44000,15000,15000
065309,亞光國票01購01  ,0,0,0,0,0,0,0,0,0,15000,0,0,0,30000,15000,15000,15000
065475,聯發科元大01購04,0,0,0,0,0,0,0,0,0,15000,0,0,0,15000,0,15000,15000
063318,京鼎群益9C購02  ,0,0,0,0,0,0,0,0,0,15000,0,0,0,15000,0,15000,15000
063623,祥碩兆豐9B購02  ,0,0,0,0,0,0,0,0,0,15000,0,0,0,15000,0,15000,15000
063838,上銀元大9C購01  ,0,0,0,0,0,0,0,0,0,15000,0,0,0,15000,0,15000,15000
06454P,緯穎元大98售04  ,0,0,0,0,0,0,0,0,0,15000,0,0,0,15000,0,15000,15000
063988,華通永豐9C購01  ,0,0,0,0,0,0,0,0,0,15000,0,0,0,25000,10000,15000,15000
6189,豐藝            ,39000,25000,14000,0,0,0,0,0,0,1000,1000,0,1000,0,0,0,15000
6283,淳安            ,43000,29000,14000,0,0,0,0,0,0,1000,1000,0,1000,0,0,0,15000
2034,允強            ,150000,139000,11000,0,0,0,0,0,0,4000,4000,0,4000,0,0,0,15000
1760,寶齡富錦        ,389000,374000,15000,0,0,0,0,0,0,0,0,0,0,0,0,0,15000
2429,銘旺科          ,17000,2000,15000,0,0,0,0,0,0,0,0,0,0,0,0,0,15000
2707,晶華            ,27000,12000,15000,0,0,0,0,0,0,0,0,0,0,0,0,0,15000
2838A,聯邦銀甲特      ,5000,0,5000,0,0,0,0,0,0,10000,10000,0,10000,0,0,0,15000
2849,安泰銀          ,29000,14591,14409,0,0,0,0,0,0,0,0,0,0,0,0,0,14409
08256P,台積電元大9C售02,0,0,0,0,0,0,0,0,0,14000,0,0,0,74000,60000,14000,14000
07955P,大成鋼群益9B售02,0,0,0,0,0,0,0,0,0,14000,0,0,0,45000,31000,14000,14000
1339,昭輝            ,27000,13000,14000,0,0,0,0,0,0,0,0,0,0,0,0,0,14000
06844P,智邦元大98售13  ,0,0,0,0,0,0,0,0,0,14000,0,0,0,14000,0,14000,14000
066795,台積電凱基02購07,0,0,0,0,0,0,0,0,0,14000,0,0,0,15000,1000,14000,14000
066497,大立光國泰03購02,0,0,0,0,0,0,0,0,0,14000,0,0,0,34000,20000,14000,14000
066105,松翰國票01購01  ,0,0,0,0,0,0,0,0,0,14000,0,0,0,92000,78000,14000,14000
056214,義隆國票99購01  ,0,0,0,0,0,0,0,0,0,14000,0,0,0,20000,6000,14000,14000
050142,聯發科元富9A購01,0,0,0,0,0,0,0,0,0,14000,0,0,0,14000,0,14000,14000
052113,漢唐中信98購01  ,0,0,0,0,0,0,0,0,0,14000,0,0,0,194000,180000,14000,14000
00638R,元大滬深300反1  ,269000,31000,238000,0,0,0,0,0,0,-224000,0,0,0,1208000,1432000,-224000,14000
057616,聯電凱基99購01  ,0,0,0,0,0,0,0,0,0,14000,0,0,0,92000,78000,14000,14000
061463,智邦群益9A購02  ,0,0,0,0,0,0,0,0,0,14000,0,0,0,93000,79000,14000,14000
062725,大立光凱基9B購06,0,0,0,0,0,0,0,0,0,14000,0,0,0,20000,6000,14000,14000
062672,兆豐金中信03購01,0,0,0,0,0,0,0,0,0,14000,0,0,0,76000,62000,14000,14000
059262,致茂中信01購01  ,0,0,0,0,0,0,0,0,0,14000,0,0,0,24000,10000,14000,14000
062478,牧德國票9B購03  ,0,0,0,0,0,0,0,0,0,14000,0,0,0,38000,24000,14000,14000
061275,臺股指凱基9A購25,0,0,0,0,0,0,0,0,0,14000,0,0,0,54000,40000,14000,14000
063142,奇力新統一9C購04,0,0,0,0,0,0,0,0,0,14000,0,0,0,14000,0,14000,14000
063240,聯發科元大9B購17,0,0,0,0,0,0,0,0,0,14000,0,0,0,14000,0,14000,14000
062983,緯穎元富9B購01  ,0,0,0,0,0,0,0,0,0,14000,0,0,0,14000,0,14000,14000
064266,聯茂永豐9C購01  ,0,0,0,0,0,0,0,0,0,14000,0,0,0,29000,15000,14000,14000
063850,玉晶光元大9C購07,0,0,0,0,0,0,0,0,0,14000,0,0,0,14000,0,14000,14000
063864,健策富邦01購01  ,0,0,0,0,0,0,0,0,0,14000,0,0,0,14000,0,14000,14000
063680,寶成富邦9C購01  ,0,0,0,0,0,0,0,0,0,14000,0,0,0,30000,16000,14000,14000
063576,台表科元大9B購08,0,0,0,0,0,0,0,0,0,14000,0,0,0,87000,73000,14000,14000
065545,華通兆豐9C購03  ,0,0,0,0,0,0,0,0,0,14000,0,0,0,29000,15000,14000,14000
065254,大成鋼元大9C購01,0,0,0,0,0,0,0,0,0,14000,0,0,0,82000,68000,14000,14000
065603,聯發科元大9C購16,0,0,0,0,0,0,0,0,0,14000,0,0,0,14000,0,14000,14000
064901,牧德群益9C購01  ,0,0,0,0,0,0,0,0,0,14000,0,0,0,98000,84000,14000,14000
06461P,玉晶光國泰9A售01,0,0,0,0,0,0,0,0,0,14000,0,0,0,30000,16000,14000,14000
3679,新至陞          ,18000,4000,14000,0,0,0,0,0,0,0,0,0,0,0,0,0,14000
6243,迅杰            ,28000,14000,14000,0,0,0,0,0,0,0,0,0,0,0,0,0,14000
8070,長華*           ,20000,6000,14000,0,0,0,0,0,0,0,0,0,0,0,0,0,14000
8261,富鼎            ,63000,50000,13000,0,0,0,0,0,0,1000,1000,0,1000,0,0,0,14000
066003,台表科國票02購02,0,0,0,0,0,0,0,0,0,13000,0,0,0,26000,13000,13000,13000
065988,晶技永豐01購01  ,0,0,0,0,0,0,0,0,0,13000,0,0,0,25000,12000,13000,13000
066724,台達電元大01購01,0,0,0,0,0,0,0,0,0,13000,0,0,0,153000,140000,13000,13000
08233P,國泰金元富9B售01,0,0,0,0,0,0,0,0,0,13000,0,0,0,68000,55000,13000,13000
057074,立積永豐98購01  ,0,0,0,0,0,0,0,0,0,13000,0,0,0,20000,7000,13000,13000
061991,牧德元大9C購01  ,0,0,0,0,0,0,0,0,0,13000,0,0,0,13000,0,13000,13000
058506,台積電元大99購09,0,0,0,0,0,0,0,0,0,13000,0,0,0,13000,0,13000,13000
058847,國巨群益99購05  ,0,0,0,0,0,0,0,0,0,13000,0,0,0,23000,10000,13000,13000
057992,大立光日盛98購01,0,0,0,0,0,0,0,0,0,13000,0,0,0,13000,0,13000,13000
057946,晶相光國票99購01,0,0,0,0,0,0,0,0,0,13000,0,0,0,63000,50000,13000,13000
057876,隆達元大98購01  ,0,0,0,0,0,0,0,0,0,13000,0,0,0,20000,7000,13000,13000
054103,T50反1凱基99購04,0,0,0,0,0,0,0,0,0,13000,0,0,0,13000,0,13000,13000
042793,台積電台新9C購01,0,0,0,0,0,0,0,0,0,13000,0,0,0,14000,1000,13000,13000
056428,台達電凱基99購01,0,0,0,0,0,0,0,0,0,13000,0,0,0,13000,0,13000,13000
055689,台郡凱基99購01  ,0,0,0,0,0,0,0,0,0,13000,0,0,0,13000,0,13000,13000
056157,聯詠凱基97購03  ,0,0,0,0,0,0,0,0,0,13000,0,0,0,13000,0,13000,13000
054961,玉晶光元大99購01,0,0,0,0,0,0,0,0,0,13000,0,0,0,13000,0,13000,13000
057787,TPK國票99購01   ,0,0,0,0,0,0,0,0,0,13000,0,0,0,105000,92000,13000,13000
058801,致伸元大99購01  ,0,0,0,0,0,0,0,0,0,13000,0,0,0,14000,1000,13000,13000
063129,祥碩元大9C購03  ,0,0,0,0,0,0,0,0,0,13000,0,0,0,13000,0,13000,13000
061283,智邦統一9A購01  ,0,0,0,0,0,0,0,0,0,13000,0,0,0,15000,2000,13000,13000
060545,台積電凱基9B購02,0,0,0,0,0,0,0,0,0,13000,0,0,0,13000,0,13000,13000
061145,臻鼎中信9A購02  ,0,0,0,0,0,0,0,0,0,13000,0,0,0,31000,18000,13000,13000
061824,聯電麥證9B購01  ,0,0,0,13000,0,13000,0,0,0,13000,0,0,0,13000,0,13000,13000
060642,華擎永豐9A購02  ,0,0,0,0,0,0,0,0,0,13000,0,0,0,43000,30000,13000,13000
064689,台積電群益9C購09,0,0,0,0,0,0,0,0,0,13000,0,0,0,46000,33000,13000,13000
064896,華新科群益01購02,0,0,0,0,0,0,0,0,0,13000,0,0,0,70000,57000,13000,13000
065023,大毅永豐9C購01  ,0,0,0,0,0,0,0,0,0,13000,0,0,0,24000,11000,13000,13000
065263,國泰金元大9C購02,0,0,0,0,0,0,0,0,0,13000,0,0,0,63000,50000,13000,13000
065361,上銀元大9C購11  ,0,0,0,0,0,0,0,0,0,13000,0,0,0,68000,55000,13000,13000
065426,台積電凱基01購09,0,0,0,0,0,0,0,0,0,13000,0,0,0,188000,175000,13000,13000
063629,台積電元大9B購08,0,0,0,0,0,0,0,0,0,13000,0,0,0,13000,0,13000,13000
3031,佰鴻            ,87000,56000,31000,0,0,0,0,0,0,-18000,1000,19000,-18000,0,0,0,13000
6166,凌華            ,70642,73000,-2358,0,0,0,0,0,0,15000,3000,0,3000,12000,0,12000,12642
08670P,健策統一01售01  ,0,0,0,0,0,0,0,0,0,12000,0,0,0,63000,51000,12000,12000
08323P,華新科凱基9C售04,0,0,0,0,0,0,0,0,0,12000,0,0,0,18000,6000,12000,12000
08442P,臺股指麥證01售01,0,0,0,22000,10000,12000,0,0,0,12000,0,0,0,22000,10000,12000,12000
066731,瑞昱元大01購01  ,0,0,0,0,0,0,0,0,0,12000,0,0,0,19000,7000,12000,12000
06678P,大立光統一99售01,0,0,0,0,0,0,0,0,0,12000,0,0,0,12000,0,12000,12000
06891P,緯穎富邦99售03  ,0,0,0,0,0,0,0,0,0,12000,0,0,0,12000,0,12000,12000
06940P,旺宏永豐98售05  ,0,0,0,0,0,0,0,0,0,12000,0,0,0,12000,0,12000,12000
066308,中化永豐01購01  ,0,0,0,0,0,0,0,0,0,12000,0,0,0,15000,3000,12000,12000
056165,矽力凱基98購02  ,0,0,0,0,0,0,0,0,0,12000,0,0,0,12000,0,12000,12000
056156,禾伸堂凱基98購04,0,0,0,0,0,0,0,0,0,12000,0,0,0,22000,10000,12000,12000
055798,聯茂富邦98購01  ,0,0,0,0,0,0,0,0,0,12000,0,0,0,12000,0,12000,12000
054627,義隆凱基98購01  ,0,0,0,0,0,0,0,0,0,12000,0,0,0,12000,0,12000,12000
053559,台積電國泰98購01,0,0,0,0,0,0,0,0,0,12000,0,0,0,12000,0,12000,12000
057167,台積電元大99購03,0,0,0,0,0,0,0,0,0,12000,0,0,0,12000,0,12000,12000
058531,華通元富99購01  ,0,0,0,0,0,0,0,0,0,12000,0,0,0,12000,0,12000,12000
061592,義隆永豐9A購03  ,0,0,0,0,0,0,0,0,0,12000,0,0,0,12000,0,12000,12000
061912,台積電中信05購05,0,0,0,0,0,0,0,0,0,12000,0,0,0,12000,0,12000,12000
057043,台積電元大99購02,0,20000,-20000,0,0,0,0,0,0,32000,0,0,0,62000,30000,32000,12000
057448,致茂元富98購01  ,0,0,0,0,0,0,0,0,0,12000,0,0,0,12000,0,12000,12000
057449,華新科元富99購02,0,0,0,0,0,0,0,0,0,12000,0,0,0,12000,0,12000,12000
062073,國巨元大9B購06  ,0,0,0,0,0,0,0,0,0,12000,0,0,0,13000,1000,12000,12000
060730,台積電群益9A購03,0,0,0,0,0,0,0,0,0,12000,0,0,0,12000,0,12000,12000
060734,華通統一9C購01  ,0,0,0,0,0,0,0,0,0,12000,0,0,0,12000,0,12000,12000
062709,帆宣元大9B購01  ,0,0,0,0,0,0,0,0,0,12000,0,0,0,12000,0,12000,12000
059210,鴻海元大99購26  ,0,0,0,0,0,0,0,0,0,12000,0,0,0,12000,0,12000,12000
060187,華新科元富9A購02,0,0,0,0,0,0,0,0,0,12000,0,0,0,17000,5000,12000,12000
060298,鎧勝元大9C購01  ,0,0,0,0,0,0,0,0,0,12000,0,0,0,12000,0,12000,12000
059688,燿華永豐99購01  ,0,0,0,0,0,0,0,0,0,12000,0,0,0,12000,0,12000,12000
059039,致伸群益99購01  ,0,0,0,0,0,0,0,0,0,12000,0,0,0,98000,86000,12000,12000
06284P,台積電國票98售03,0,0,0,0,0,0,0,0,0,12000,0,0,0,182000,170000,12000,12000
062790,臺股指元大9B購33,0,0,0,0,0,0,0,0,0,12000,0,0,0,12000,0,12000,12000
060943,宏達電國票9B購02,0,0,0,0,0,0,0,0,0,12000,0,0,0,68000,56000,12000,12000
063527,美食凱基01購01  ,0,0,0,0,0,0,0,0,0,12000,0,0,0,12000,0,12000,12000
063464,廣達元大9B購02  ,0,0,0,0,0,0,0,0,0,12000,0,0,0,107000,95000,12000,12000
063314,美律群益9B購01  ,0,0,0,0,0,0,0,0,0,12000,0,0,0,71000,59000,12000,12000
063364,聯發科富邦01購02,0,0,0,0,0,0,0,0,0,12000,0,0,0,12000,0,12000,12000
063406,麗豐國票9C購01  ,0,0,0,0,0,0,0,0,0,12000,0,0,0,22000,10000,12000,12000
064576,世紀鋼群益01購01,0,0,0,0,0,0,0,0,0,12000,0,0,0,12000,0,12000,12000
065515,大立光群益02購01,0,0,0,0,0,0,0,0,0,12000,0,0,0,30000,18000,12000,12000
065380,緯穎元大9C購02  ,0,0,0,0,0,0,0,0,0,12000,0,0,0,12000,0,12000,12000
065046,玉晶光凱基01購03,0,0,0,0,0,0,0,0,0,12000,0,0,0,20000,8000,12000,12000
2419,仲琦            ,35000,25000,10000,0,0,0,0,0,0,2000,2000,0,2000,0,0,0,12000
066100,鎧勝中信05購01  ,0,0,0,0,0,0,0,0,0,11000,0,0,0,26000,15000,11000,11000
08404P,技嘉元大9C售02  ,0,0,0,0,0,0,0,0,0,11000,0,0,0,101000,90000,11000,11000
08712P,國巨元富07售03  ,0,0,0,0,0,0,0,0,0,11000,0,0,0,11000,0,11000,11000
1323,永裕            ,23000,12000,11000,0,0,0,0,0,0,0,0,0,0,0,0,0,11000
07690P,華新科元大9A售15,0,0,0,0,0,0,0,0,0,11000,0,0,0,11000,0,11000,11000
057494,玉晶光元大99購09,0,0,0,0,0,0,0,0,0,11000,0,0,0,28000,17000,11000,11000
061704,景碩國票9A購01  ,0,0,0,0,0,0,0,0,0,11000,0,0,0,11000,0,11000,11000
057367,技嘉元大98購02  ,0,0,0,0,0,0,0,0,0,11000,0,0,0,18000,7000,11000,11000
056537,冠德凱基98購01  ,0,0,0,0,0,0,0,0,0,11000,0,0,0,21000,10000,11000,11000
039212,台達電台新9A購01,0,0,0,0,0,0,0,0,0,11000,0,0,0,11000,0,11000,11000
056041,禾伸堂凱基98購03,0,0,0,0,0,0,0,0,0,11000,0,0,0,20000,9000,11000,11000
054756,世紀鋼凱基99購01,0,0,0,0,0,0,0,0,0,11000,0,0,0,11000,0,11000,11000
05875P,旺宏群益98售01  ,0,0,0,0,0,0,0,0,0,11000,0,0,0,11000,0,11000,11000
059027,神達台新99購02  ,0,0,0,0,0,0,0,0,0,11000,0,0,0,11000,0,11000,11000
061202,和大元大9A購02  ,0,0,0,0,0,0,0,0,0,11000,0,0,0,11000,0,11000,11000
060230,台積電元大9A購07,0,0,0,0,0,0,0,0,0,11000,0,0,0,11000,0,11000,11000
061150,國巨群益9A購09  ,0,0,0,0,0,0,0,0,0,11000,0,0,0,22000,11000,11000,11000
062766,台郡凱基9B購02  ,0,0,0,0,0,0,0,0,0,11000,0,0,0,11000,0,11000,11000
062688,華擎統一01購03  ,0,0,0,0,0,0,0,0,0,11000,0,0,0,147000,136000,11000,11000
059282,嘉聯益永豐99購01,0,0,0,0,0,0,0,0,0,11000,0,0,0,79000,68000,11000,11000
062306,華通凱基9B購01  ,0,0,0,0,0,0,0,0,0,11000,0,0,0,14000,3000,11000,11000
062231,台光電麥證9C購01,0,0,0,11000,0,11000,0,0,0,11000,0,0,0,11000,0,11000,11000
062500,國巨群益01購01  ,0,0,0,0,0,0,0,0,0,11000,0,0,0,19000,8000,11000,11000
060667,力成凱基9A購01  ,0,0,0,0,0,0,0,0,0,11000,0,0,0,66000,55000,11000,11000
065172,義隆元大9C購05  ,0,0,0,0,0,0,0,0,0,11000,0,0,0,11000,0,11000,11000
065181,南電元大01購01  ,0,0,0,0,0,0,0,0,0,11000,0,0,0,11000,0,11000,11000
065116,臺股指國票9C購13,0,0,0,0,0,0,0,0,0,11000,0,0,0,11000,0,11000,11000
064869,景碩永豐9C購01  ,0,0,0,0,0,0,0,0,0,11000,0,0,0,24000,13000,11000,11000
064850,智原元富9C購01  ,0,0,0,0,0,0,0,0,0,11000,0,0,0,11000,0,11000,11000
065676,臻鼎凱基9C購04  ,0,0,0,0,0,0,0,0,0,11000,0,0,0,11000,0,11000,11000
065797,臺指反群益9C購02,0,0,0,0,0,0,0,0,0,11000,0,0,0,14000,3000,11000,11000
064448,裕隆統一02購01  ,0,0,0,0,0,0,0,0,0,11000,0,0,0,361000,350000,11000,11000
064248,億光元富9C購01  ,0,0,0,0,0,0,0,0,0,11000,0,0,0,937000,926000,11000,11000
063439,正隆統一01購01  ,0,0,0,0,0,0,0,0,0,11000,0,0,0,589000,578000,11000,11000
063461,金像電元大9B購03,0,0,0,0,0,0,0,0,0,11000,0,0,0,206000,195000,11000,11000
063533,緯穎凱基9B購06  ,0,0,0,0,0,0,0,0,0,11000,0,0,0,11000,0,11000,11000
063847,聯發科元大9C購03,0,0,0,0,0,0,0,0,0,11000,0,0,0,11000,0,11000,11000
4545,銘鈺            ,20000,10000,10000,0,0,0,0,0,0,1000,1000,0,1000,0,0,0,11000
5484,慧友            ,24000,13000,11000,0,0,0,0,0,0,0,0,0,0,0,0,0,11000
8367,建新國際        ,9000,3000,6000,0,0,0,0,0,0,5000,5000,0,5000,0,0,0,11000
8462,柏文            ,34000,24000,10000,0,0,0,0,0,0,1000,0,0,0,1000,0,1000,11000
07683P,宏達電凱基9A售03,0,0,0,0,0,0,0,0,0,10000,0,0,0,10000,0,10000,10000
07664P,台灣50元大9C售30,0,0,0,0,0,0,0,0,0,10000,0,0,0,10000,0,10000,10000
07732P,台灣50台新9A售05,0,0,0,0,0,0,0,0,0,10000,0,0,0,10000,0,10000,10000
07785P,鴻海中信04售03  ,0,0,0,0,0,0,0,0,0,10000,0,0,0,10000,0,10000,10000
07775P,國巨群益9A售10  ,0,0,0,0,0,0,0,0,0,10000,0,0,0,10000,0,10000,10000
07747P,晶技凱基9A售04  ,0,0,0,0,0,0,0,0,0,10000,0,0,0,20000,10000,10000,10000
07630P,臺股指凱基9A售11,0,0,0,0,0,0,0,0,0,10000,0,0,0,264000,254000,10000,10000
07655P,台灣50凱基01售09,0,0,0,0,0,0,0,0,0,10000,0,0,0,10000,0,10000,10000
07471P,南亞科元大9A售01,0,0,0,0,0,0,0,0,0,10000,0,0,0,10000,0,10000,10000
07284P,大立光凱基99售10,0,0,0,0,0,0,0,0,0,10000,0,0,0,10000,0,10000,10000
07248P,可成凱基99售06  ,0,0,0,0,0,0,0,0,0,10000,0,0,0,10000,0,10000,10000
07125P,台積電元大99售22,0,0,0,0,0,0,0,0,0,10000,0,0,0,10000,0,10000,10000
07138P,台灣50群益9B售04,0,0,0,0,0,0,0,0,0,10000,0,0,0,10000,0,10000,10000
08067P,大立光凱基9B售08,0,0,0,0,0,0,0,0,0,10000,0,0,0,16000,6000,10000,10000
08170P,緯穎群益9B售03  ,0,0,0,0,0,0,0,0,0,10000,0,0,0,10000,0,10000,10000
07963P,智邦統一9B售01  ,0,0,0,0,0,0,0,0,0,10000,0,0,0,25000,15000,10000,10000
07979P,大立光凱基9B售05,0,0,0,0,0,0,0,0,0,10000,0,0,0,10000,0,10000,10000
07983P,茂林群益9B售03  ,0,0,0,0,0,0,0,0,0,10000,0,0,0,10000,0,10000,10000
08015P,可成凱基9B售05  ,0,0,0,0,0,0,0,0,0,10000,0,0,0,10000,0,10000,10000
08022P,臺股指凱基9B售08,0,0,0,0,0,0,0,0,0,10000,0,0,0,10000,0,10000,10000
07858P,旺宏永豐9A售03  ,0,0,0,0,0,0,0,0,0,10000,0,0,0,10000,0,10000,10000
07871P,台積電群益9C售02,0,0,0,0,0,0,0,0,0,10000,0,0,0,10000,0,10000,10000
08668P,燿華群益01售01  ,0,0,0,0,0,0,0,0,0,10000,0,0,0,10000,0,10000,10000
08664P,金像電凱基01售02,0,0,0,0,0,0,0,0,0,10000,0,0,0,10000,0,10000,10000
08675P,旺宏群益01售03  ,0,0,0,0,0,0,0,0,0,10000,0,0,0,10000,0,10000,10000
08676P,泰碩群益04售01  ,0,0,0,0,0,0,0,0,0,10000,0,0,0,10000,0,10000,10000
08778P,台積電群益01售09,0,0,0,0,0,0,0,0,0,10000,0,0,0,13000,3000,10000,10000
08419P,元金2X群益9C售01,0,0,0,0,0,0,0,0,0,10000,0,0,0,10000,0,10000,10000
08413P,臻鼎凱基9C售03  ,0,0,0,0,0,0,0,0,0,10000,0,0,0,10000,0,10000,10000
08460P,台灣50國票9C售05,0,0,0,0,0,0,0,0,0,10000,0,0,0,10000,0,10000,10000
08486P,富邦金群益9C售02,0,0,0,0,0,0,0,0,0,10000,0,0,0,10000,0,10000,10000
08495P,同欣電元大9C售08,0,0,0,0,0,0,0,0,0,10000,0,0,0,10000,0,10000,10000
08508P,臺股指國票9C售09,0,0,0,0,0,0,0,0,0,10000,0,0,0,35000,25000,10000,10000
08576P,嘉澤凱基9C售03  ,0,0,0,0,0,0,0,0,0,10000,0,0,0,20000,10000,10000,10000
066036,神隆元大02購01  ,0,0,0,0,0,0,0,0,0,10000,0,0,0,10000,0,10000,10000
066169,晶豪科凱基01購01,0,0,0,0,0,0,0,0,0,10000,0,0,0,20000,10000,10000,10000
06593P,欣興元大98售05  ,0,0,0,0,0,0,0,0,0,10000,0,0,0,10000,0,10000,10000
065934,智邦群益01購02  ,0,0,0,0,0,0,0,0,0,10000,0,0,0,13000,3000,10000,10000
065931,瑞祺國票02購01  ,0,0,0,0,0,0,0,0,0,10000,0,0,0,10000,0,10000,10000
066332,慧洋永豐01購01  ,0,0,0,0,0,0,0,0,0,10000,0,0,0,10000,0,10000,10000
06637P,大立光凱基98售15,0,0,0,0,0,0,0,0,0,10000,0,0,0,20000,10000,10000,10000
066451,台郡群益01購01  ,0,0,0,0,0,0,0,0,0,10000,0,0,0,20000,10000,10000,10000
066457,可成統一02購01  ,0,0,0,0,0,0,0,0,0,10000,0,0,0,10000,0,10000,10000
06998P,S&P正2中信9B售01,0,0,0,0,0,0,0,0,0,10000,0,0,0,10000,0,10000,10000
06879P,長榮航凱基98售02,0,0,0,0,0,0,0,0,0,10000,0,0,0,10000,0,10000,10000
06887P,華新科元大98售04,0,0,0,0,0,0,0,0,0,10000,0,0,0,10000,0,10000,10000
06856P,台灣50永豐99售03,0,0,0,0,0,0,0,0,0,10000,0,0,0,10000,0,10000,10000
06828P,臺股指國票98售04,0,0,0,0,0,0,0,0,0,10000,0,0,0,55000,45000,10000,10000
06752P,訊芯凱基98售05  ,0,0,0,0,0,0,0,0,0,10000,0,0,0,10000,0,10000,10000
066882,A50正2永豐01購01,0,0,0,0,0,0,0,0,0,10000,0,0,0,10000,0,10000,10000
066647,聯發科麥證01購04,0,0,0,10000,0,10000,0,0,0,10000,0,0,0,10000,0,10000,10000
066541,南電兆豐01購02  ,0,0,0,0,0,0,0,0,0,10000,0,0,0,10000,0,10000,10000
058739,喬山中信99購01  ,0,0,0,0,0,0,0,0,0,10000,0,0,0,10000,0,10000,10000
058825,同欣電富邦9A購01,0,0,0,0,0,0,0,0,0,10000,0,0,0,10000,0,10000,10000
055022,精元國泰99購01  ,0,0,0,0,0,0,0,0,0,10000,0,0,0,10000,0,10000,10000
054856,得力群益99購01  ,0,0,0,0,0,0,0,0,0,10000,0,0,0,10000,0,10000,10000
055177,宏達電統一99購01,0,0,0,0,0,0,0,0,0,10000,0,0,0,10000,0,10000,10000
057679,臺股指元大98購09,0,0,0,0,0,0,0,0,0,10000,0,0,0,10000,0,10000,10000
058659,力成中信99購01  ,0,0,0,0,0,0,0,0,0,10000,0,0,0,10000,0,10000,10000
057724,亞德客國泰99購01,0,0,0,0,0,0,0,0,0,10000,0,0,0,10000,0,10000,10000
057709,電子類群益98購01,0,0,0,0,0,0,0,0,0,10000,0,0,0,10000,0,10000,10000
054742,京鼎凱基99購01  ,0,0,0,0,0,0,0,0,0,10000,0,0,0,25000,15000,10000,10000
056034,華通凱基98購01  ,0,0,0,0,0,0,0,0,0,10000,0,0,0,10000,0,10000,10000
056142,超眾元大97購06  ,0,0,0,0,0,0,0,0,0,10000,0,0,0,10000,0,10000,10000
055695,大毅國票98購03  ,0,0,0,0,0,0,0,0,0,10000,0,0,0,10000,0,10000,10000
055525,國巨群益98購05  ,0,0,0,0,0,0,0,0,0,10000,0,0,0,10000,0,10000,10000
055527,旺宏群益99購03  ,0,0,0,0,0,0,0,0,0,10000,0,0,0,10000,0,10000,10000
055803,鎧勝永豐97購01  ,0,0,0,0,0,0,0,0,0,10000,0,0,0,10000,0,10000,10000
055787,聯茂凱基99購01  ,0,0,0,0,0,0,0,0,0,10000,0,0,0,10000,0,10000,10000
055879,神達元富97購01  ,0,0,0,0,0,0,0,0,0,10000,0,0,0,10000,0,10000,10000
056206,泰鼎永豐97購01  ,0,0,0,0,0,0,0,0,0,10000,0,0,0,10000,0,10000,10000
055942,臺股指群益9C購01,0,0,0,0,0,0,0,0,0,10000,0,0,0,10000,0,10000,10000
056271,嘉澤統一97購01  ,0,0,0,0,0,0,0,0,0,10000,0,0,0,10000,0,10000,10000
046903,友達凱基99購01  ,0,0,0,0,0,0,0,0,0,10000,0,0,0,10000,0,10000,10000
047547,友達凱基99購02  ,0,0,0,0,0,0,0,0,0,10000,0,0,0,10000,0,10000,10000
046061,中石化凱基98購01,0,0,0,0,0,0,0,0,0,10000,0,0,0,30000,20000,10000,10000
053280,群創元大9C購01  ,0,0,0,0,0,0,0,0,0,10000,0,0,0,10000,0,10000,10000
053217,群創凱基99購02  ,0,0,0,0,0,0,0,0,0,10000,0,0,0,10000,0,10000,10000
035276,南亞科台新97購01,0,0,0,0,0,0,0,0,0,10000,0,0,0,10000,0,10000,10000
050758,聯發科元富9B購01,0,0,0,0,0,0,0,0,0,10000,0,0,0,15000,5000,10000,10000
056461,樺漢凱基98購02  ,0,0,0,0,0,0,0,0,0,10000,0,0,0,10000,0,10000,10000
056541,智原凱基98購03  ,0,0,0,0,0,0,0,0,0,10000,0,0,0,20000,10000,10000,10000
056545,TPK凱基98購02   ,0,0,0,0,0,0,0,0,0,10000,0,0,0,10000,0,10000,10000
056547,臻鼎凱基99購01  ,0,0,0,0,0,0,0,0,0,10000,0,0,0,10000,0,10000,10000
056555,矽創凱基98購01  ,0,0,0,0,0,0,0,0,0,10000,0,0,0,20000,10000,10000,10000
056569,T50正2元大9B購02,0,0,0,0,0,0,0,0,0,10000,0,0,0,10000,0,10000,10000
056621,宏達電永豐98購01,0,0,0,0,0,0,0,0,0,10000,0,0,0,10000,0,10000,10000
054209,台積電國票97購08,0,0,0,0,0,0,0,0,0,10000,0,0,0,10000,0,10000,10000
054351,華新科國泰97購03,0,0,0,0,0,0,0,0,0,10000,0,0,0,10000,0,10000,10000
054309,禾伸堂凱基98購01,0,0,0,0,0,0,0,0,0,10000,0,0,0,30000,20000,10000,10000
053500,新日興兆豐97購01,0,0,0,0,0,0,0,0,0,10000,0,0,0,10000,0,10000,10000
053593,晶技元大98購01  ,0,0,0,0,0,0,0,0,0,10000,0,0,0,10000,0,10000,10000
053631,欣興兆豐97購01  ,0,0,0,0,0,0,0,0,0,10000,0,0,0,10000,0,10000,10000
053401,臺股指中信99購01,0,0,0,0,0,0,0,0,0,10000,0,0,0,10000,0,10000,10000
053366,樺漢國泰98購01  ,0,0,0,0,0,0,0,0,0,10000,0,0,0,10000,0,10000,10000
053890,華新科群益98購01,0,0,0,0,0,0,0,0,0,10000,0,0,0,10000,0,10000,10000
054069,亞光國泰98購01  ,0,0,0,0,0,0,0,0,0,10000,0,0,0,10000,0,10000,10000
054130,漢唐元大97購02  ,0,0,0,0,0,0,0,0,0,10000,0,0,0,10000,0,10000,10000
03033X,元展30          ,0,0,0,0,0,0,0,0,0,10000,0,0,0,10000,0,10000,10000
03419B,臺股指元富99熊03,0,0,0,0,0,0,0,0,0,10000,0,0,0,10000,0,10000,10000
00681R,元大美債20反1   ,0,0,0,0,0,0,0,0,0,10000,0,0,0,10000,0,10000,10000
00731,FH富時高息低波  ,1000,0,1000,0,0,0,0,0,0,9000,0,0,0,1012000,1003000,9000,10000
057208,上海銀元富98購01,0,0,0,0,0,0,0,0,0,10000,0,0,0,10000,0,10000,10000
057232,京元電凱基98購02,0,0,0,0,0,0,0,0,0,10000,0,0,0,10000,0,10000,10000
057145,上銀國票98購03  ,0,0,0,0,0,0,0,0,0,10000,0,0,0,10000,0,10000,10000
057980,聯詠永豐98購01  ,0,0,0,0,0,0,0,0,0,10000,0,0,0,10000,0,10000,10000
058040,FBVIX元大98購01 ,0,0,0,0,0,0,0,0,0,10000,0,0,0,10000,0,10000,10000
057923,晶豪科凱基98購02,0,0,0,0,0,0,0,0,0,10000,0,0,0,10000,0,10000,10000
056846,晶相光元富98購01,0,0,0,0,0,0,0,0,0,10000,0,0,0,10000,0,10000,10000
056885,元油2X元大99購03,0,0,0,0,0,0,0,0,0,10000,0,0,0,10000,0,10000,10000
056754,智易兆豐99購01  ,0,0,0,0,0,0,0,0,0,10000,0,0,0,10000,0,10000,10000
056735,國巨凱基99購02  ,0,0,0,0,0,0,0,0,0,10000,0,0,0,10000,0,10000,10000
056769,國產元大98購01  ,0,0,0,0,0,0,0,0,0,10000,0,0,0,10000,0,10000,10000
056820,欣興永豐98購02  ,0,0,0,0,0,0,0,0,0,10000,0,0,0,10000,0,10000,10000
058636,亞光兆豐9A購01  ,0,0,0,0,0,0,0,0,0,10000,0,0,0,10000,0,10000,10000
058856,新光金兆豐99購01,0,0,0,0,0,0,0,0,0,10000,0,0,0,10000,0,10000,10000
058658,瑞儀中信99購01  ,0,0,0,0,0,0,0,0,0,10000,0,0,0,20000,10000,10000,10000
058292,上銀凱基9A購01  ,0,0,0,0,0,0,0,0,0,10000,0,0,0,10000,0,10000,10000
058514,潤泰全元大99購01,0,0,0,0,0,0,0,0,0,10000,0,0,0,10000,0,10000,10000
058475,台積電凱基99購06,0,0,0,0,0,0,0,0,0,10000,0,0,0,10000,0,10000,10000
061729,祥碩麥證9A購02  ,0,0,0,10000,0,10000,0,0,0,10000,0,0,0,10000,0,10000,10000
058173,台積電凱基99購04,0,0,0,0,0,0,0,0,0,10000,0,0,0,10000,0,10000,10000
061959,鴻海統一9B購04  ,0,0,0,0,0,0,0,0,0,10000,0,0,0,175000,165000,10000,10000
061566,華通元大9A購10  ,0,0,0,0,0,0,0,0,0,10000,0,0,0,10000,0,10000,10000
061997,台郡元大9B購03  ,0,0,0,0,0,0,0,0,0,10000,0,0,0,10000,0,10000,10000
062034,同欣電群益9B購01,0,0,0,0,0,0,0,0,0,10000,0,0,0,10000,0,10000,10000
057503,世紀鋼群益98購02,0,0,0,0,0,0,0,0,0,10000,0,0,0,10000,0,10000,10000
057530,奇鋐元大99購01  ,0,0,0,0,0,0,0,0,0,10000,0,0,0,10000,0,10000,10000
057618,台光電凱基99購01,0,0,0,0,0,0,0,0,0,10000,0,0,0,30000,20000,10000,10000
057639,國巨元大99購07  ,0,0,0,0,0,0,0,0,0,10000,0,0,0,10000,0,10000,10000
057086,立積統一9C購01  ,0,0,0,0,0,0,0,0,0,10000,0,0,0,10000,0,10000,10000
057109,信邦群益98購01  ,0,0,0,0,0,0,0,0,0,10000,0,0,0,20000,10000,10000,10000
058134,信邦元大99購01  ,0,0,0,0,0,0,0,0,0,10000,0,0,0,10000,0,10000,10000
057258,中環兆豐98購01  ,0,0,0,0,0,0,0,0,0,10000,0,0,0,10000,0,10000,10000
060664,聯詠凱基9A購01  ,0,0,0,0,0,0,0,0,0,10000,0,0,0,10000,0,10000,10000
061349,嘉澤元大9A購02  ,0,0,0,0,0,0,0,0,0,10000,0,0,0,28000,18000,10000,10000
059871,義隆凱基99購03  ,0,0,0,0,0,0,0,0,0,10000,0,0,0,10000,0,10000,10000
061416,聯茂群益9A購01  ,0,0,0,0,0,0,0,0,0,10000,0,0,0,10000,0,10000,10000
059850,日電貿永豐99購01,0,0,0,0,0,0,0,0,0,10000,0,0,0,10000,0,10000,10000
059826,欣興凱基99購06  ,0,0,0,0,0,0,0,0,0,10000,0,0,0,10000,0,10000,10000
059830,台郡凱基99購05  ,0,0,0,0,0,0,0,0,0,10000,0,0,0,10000,0,10000,10000
061825,聯發科麥證9B購01,0,0,0,10000,0,10000,0,0,0,10000,0,0,0,10000,0,10000,10000
062509,SP黃豆國票9B購03,0,0,0,0,0,0,0,0,0,10000,0,0,0,10000,0,10000,10000
062532,聯詠統一9C購01  ,0,0,0,0,0,0,0,0,0,10000,0,0,0,10000,0,10000,10000
062551,緯穎永豐9B購02  ,0,0,0,0,0,0,0,0,0,10000,0,0,0,10000,0,10000,10000
062575,景碩群益9B購01  ,0,0,0,0,0,0,0,0,0,10000,0,0,0,12000,2000,10000,10000
062075,智邦元大9B購03  ,0,0,0,0,0,0,0,0,0,10000,0,0,0,10000,0,10000,10000
062093,台積電富邦9C購11,0,0,0,0,0,0,0,0,0,10000,0,0,0,10000,0,10000,10000
059939,技嘉永豐99購01  ,0,0,0,0,0,0,0,0,0,10000,0,0,0,10000,0,10000,10000
060695,同欣電麥證9A購01,0,0,0,10000,0,10000,0,0,0,10000,0,0,0,10000,0,10000,10000
061527,牧德凱基9A購02  ,0,0,0,0,0,0,0,0,0,10000,0,0,0,10000,0,10000,10000
060764,華擎元大9A購03  ,0,0,0,0,0,0,0,0,0,10000,0,0,0,10000,0,10000,10000
061481,嘉澤元大9A購03  ,0,0,0,0,0,0,0,0,0,10000,0,0,0,23000,13000,10000,10000
062275,燿華群益9B購01  ,0,0,0,0,0,0,0,0,0,10000,0,0,0,10000,0,10000,10000
062321,力成台新9B購01  ,0,0,0,0,0,0,0,0,0,10000,0,0,0,10000,0,10000,10000
062625,華通國票9B購02  ,0,0,0,0,0,0,0,0,0,10000,0,0,0,48000,38000,10000,10000
059253,康控凱基9B購02  ,0,0,0,0,0,0,0,0,0,10000,0,0,0,161000,151000,10000,10000
059387,華通凱基9A購03  ,0,0,0,0,0,0,0,0,0,10000,0,0,0,10000,0,10000,10000
059443,嘉聯益元大9B購01,0,0,0,0,0,0,0,0,0,10000,0,0,0,10000,0,10000,10000
059475,元石油群益99購02,0,0,0,0,0,0,0,0,0,10000,0,0,0,10000,0,10000,10000
062658,聯茂第一9B購01  ,0,0,0,0,0,0,0,0,0,10000,0,0,0,10000,0,10000,10000
061177,大立光凱基9A購10,0,0,0,0,0,0,0,0,0,10000,0,0,0,20000,10000,10000,10000
061111,台表科元大9A購02,0,0,0,0,0,0,0,0,0,10000,0,0,0,10000,0,10000,10000
061061,聯發科麥證9A購02,0,0,0,10000,0,10000,0,0,0,10000,0,0,0,10000,0,10000,10000
061053,國巨群益9A購08  ,0,0,0,0,0,0,0,0,0,10000,0,0,0,21000,11000,10000,10000
061008,群創兆豐9A購02  ,0,0,0,0,0,0,0,0,0,10000,0,0,0,10000,0,10000,10000
060979,國巨元大9A購14  ,0,0,0,0,0,0,0,0,0,10000,0,0,0,15000,5000,10000,10000
060975,滬深2X元大01購02,0,0,0,0,0,0,0,0,0,10000,0,0,0,20000,10000,10000,10000
060814,健策凱基9B購01  ,0,0,0,0,0,0,0,0,0,10000,0,0,0,10000,0,10000,10000
060789,禾伸堂富邦9B購02,0,0,0,0,0,0,0,0,0,10000,0,0,0,10000,0,10000,10000
06079P,燿華群益98售02  ,0,0,0,0,0,0,0,0,0,10000,0,0,0,10000,0,10000,10000
060566,聯詠富邦9C購01  ,0,0,0,0,0,0,0,0,0,10000,0,0,0,10000,0,10000,10000
060306,台肥永豐9A購01  ,0,0,0,0,0,0,0,0,0,10000,0,0,0,43000,33000,10000,10000
060454,葡萄王元大9A購01,0,0,0,0,0,0,0,0,0,10000,0,0,0,10000,0,10000,10000
060332,聯發科麥證9A購01,0,0,0,10000,0,10000,0,0,0,10000,0,0,0,10000,0,10000,10000
059693,智原永豐99購01  ,0,0,0,0,0,0,0,0,0,10000,0,0,0,10000,0,10000,10000
059683,康控富邦9C購01  ,0,0,0,0,0,0,0,0,0,10000,0,0,0,10000,0,10000,10000
059662,旭富元大9C購01  ,0,0,0,0,0,0,0,0,0,10000,0,0,0,10000,0,10000,10000
059643,日月光凱基99購02,0,0,0,0,0,0,0,0,0,10000,0,0,0,10000,0,10000,10000
059076,FBVIX元大99購04 ,0,0,0,0,0,0,0,0,0,10000,0,0,0,10000,0,10000,10000
059129,麗豐中信99購01  ,0,0,0,0,0,0,0,0,0,10000,0,0,0,10000,0,10000,10000
060048,元金2X凱基99購03,0,0,0,0,0,0,0,0,0,10000,0,0,0,10000,0,10000,10000
060195,旭富元富9A購02  ,0,0,0,0,0,0,0,0,0,10000,0,0,0,10000,0,10000,10000
061205,旺宏元大9A購11  ,0,0,0,0,0,0,0,0,0,10000,0,0,0,10000,0,10000,10000
059016,晶相光元富99購03,0,0,0,0,0,0,0,0,0,10000,0,0,0,10000,0,10000,10000
058995,台達電元大99購01,0,0,0,0,0,0,0,0,0,10000,0,0,0,10000,0,10000,10000
062794,鴻海統一9C購15  ,0,0,0,0,0,0,0,0,0,10000,0,0,0,39000,29000,10000,10000
062804,玉晶光統一9C購04,0,0,0,0,0,0,0,0,0,10000,0,0,0,10000,0,10000,10000
063273,緯穎兆豐9C購01  ,0,0,0,0,0,0,0,0,0,10000,0,0,0,10000,0,10000,10000
062917,旭富元大9C購03  ,0,0,0,0,0,0,0,0,0,10000,0,0,0,15000,5000,10000,10000
062919,聯茂元大9B購01  ,0,0,0,0,0,0,0,0,0,10000,0,0,0,10000,0,10000,10000
063039,大立光凱基9C購02,0,0,0,0,0,0,0,0,0,10000,0,0,0,20000,10000,10000,10000
063053,聯發科統一01購04,0,0,0,0,0,0,0,0,0,10000,0,0,0,24000,14000,10000,10000
063094,玉晶光國票01購03,0,0,0,0,0,0,0,0,0,10000,0,0,0,10000,0,10000,10000
063096,勤誠國票9B購02  ,0,0,0,0,0,0,0,0,0,10000,0,0,0,10000,0,10000,10000
063120,台光電元大9C購01,0,0,0,0,0,0,0,0,0,10000,0,0,0,54000,44000,10000,10000
063116,大立光麥證9C購01,0,0,0,10000,0,10000,0,0,0,10000,0,0,0,10000,0,10000,10000
063611,儒鴻群益9B購03  ,0,0,0,0,0,0,0,0,0,10000,0,0,0,10000,0,10000,10000
063615,瑞祺群益9B購03  ,0,0,0,0,0,0,0,0,0,10000,0,0,0,10000,0,10000,10000
063769,玉晶光國泰02購01,0,0,0,0,0,0,0,0,0,10000,0,0,0,10000,0,10000,10000
063743,道瓊反國票9C購02,0,0,0,0,0,0,0,0,0,10000,0,0,0,10000,0,10000,10000
063569,美食元大9B購03  ,0,0,0,0,0,0,0,0,0,10000,0,0,0,36000,26000,10000,10000
063599,智邦凱基9B購04  ,0,0,0,0,0,0,0,0,0,10000,0,0,0,10000,0,10000,10000
063454,瑞儀統一9B購01  ,0,0,0,0,0,0,0,0,0,10000,0,0,0,20000,10000,10000,10000
063468,聯詠元大9B購04  ,0,0,0,0,0,0,0,0,0,10000,0,0,0,10000,0,10000,10000
063487,國巨國泰01購02  ,0,0,0,0,0,0,0,0,0,10000,0,0,0,20000,10000,10000,10000
063415,台積電凱基03購01,0,0,0,0,0,0,0,0,0,10000,0,0,0,14000,4000,10000,10000
06333P,臺股指群益9C售02,0,0,0,0,0,0,0,0,0,10000,0,0,0,102000,92000,10000,10000
064156,大立光統一01購06,0,0,0,0,0,0,0,0,0,10000,0,0,0,10000,0,10000,10000
063979,健鼎兆豐9C購01  ,0,0,0,0,0,0,0,0,0,10000,0,0,0,11000,1000,10000,10000
064017,道瓊反元大9C購03,0,0,0,0,0,0,0,0,0,10000,0,0,0,10000,0,10000,10000
064114,南茂國票01購01  ,0,0,0,0,0,0,0,0,0,10000,0,0,0,10000,0,10000,10000
064060,同欣電麥證01購01,0,0,0,10000,0,10000,0,0,0,10000,0,0,0,10000,0,10000,10000
064496,聯發科元大9C購10,0,0,0,0,0,0,0,0,0,10000,0,0,0,10000,0,10000,10000
064552,巨大凱基01購01  ,0,0,0,0,0,0,0,0,0,10000,0,0,0,15000,5000,10000,10000
064434,微星凱基02購01  ,0,0,0,0,0,0,0,0,0,10000,0,0,0,149000,139000,10000,10000
065769,T50反1國票03購03,0,0,0,0,0,0,0,0,0,10000,0,0,0,10000,0,10000,10000
065691,國巨群益9C購16  ,0,0,0,0,0,0,0,0,0,10000,0,0,0,11000,1000,10000,10000
06551P,貿聯元大98售05  ,0,0,0,0,0,0,0,0,0,10000,0,0,0,10000,0,10000,10000
065562,同欣電麥證9C購04,0,0,0,10000,0,10000,0,0,0,10000,0,0,0,10000,0,10000,10000
065468,FBVIX元大9C購04 ,0,0,0,0,0,0,0,0,0,10000,0,0,0,10000,0,10000,10000
065483,聯茂元大9C購06  ,0,0,0,0,0,0,0,0,0,10000,0,0,0,10000,0,10000,10000
064859,南亞科富邦01購01,0,0,0,0,0,0,0,0,0,10000,0,0,0,10000,0,10000,10000
064879,健策兆豐01購01  ,0,0,0,0,0,0,0,0,0,10000,0,0,0,10000,0,10000,10000
064739,智邦國票01購01  ,0,0,0,0,0,0,0,0,0,10000,0,0,0,16000,6000,10000,10000
06517P,國巨凱基98售09  ,0,0,0,0,0,0,0,0,0,10000,0,0,0,10000,0,10000,10000
065203,FBVIX國票9C購01 ,0,0,0,0,0,0,0,0,0,10000,0,0,0,10000,0,10000,10000
065050,世芯凱基9C購01  ,0,0,0,0,0,0,0,0,0,10000,0,0,0,10000,0,10000,10000
064934,南電統一01購02  ,0,0,0,0,0,0,0,0,0,10000,0,0,0,10000,0,10000,10000
8480,泰昇-KY         ,26000,16000,10000,0,0,0,0,0,0,0,0,0,0,0,0,0,10000
912000,晨訊科-DR       ,10000,0,10000,0,0,0,0,0,0,0,0,0,0,0,0,0,10000
9943,好樂迪          ,66000,57000,9000,0,0,0,0,0,0,1000,1000,0,1000,0,0,0,10000
8104,錸寶            ,82000,63000,19000,0,0,0,0,0,0,-9000,0,9000,-9000,0,0,0,10000
4148,全宇生技-KY     ,31000,21000,10000,0,0,0,0,0,0,0,0,0,0,0,0,0,10000
3591,艾笛森          ,61000,51000,10000,0,0,0,0,0,0,0,0,0,0,0,0,0,10000
2488,漢平            ,20000,10000,10000,0,0,0,0,0,0,0,0,0,0,0,0,0,10000
066717,上証2X元大01購01,0,0,0,0,0,0,0,0,0,9000,0,0,0,10000,1000,9000,9000
066686,鴻海元富07購05  ,0,0,0,0,0,0,0,0,0,9000,0,0,0,22000,13000,9000,9000
07067P,旺宏台新99售02  ,0,0,0,0,0,0,0,0,0,9000,0,0,0,9000,0,9000,9000
066412,神隆元大01購01  ,0,0,0,0,0,0,0,0,0,9000,0,0,0,9000,0,9000,9000
066374,臺股指中信04購01,0,0,0,0,0,0,0,0,0,9000,0,0,0,27000,18000,9000,9000
08449P,華新科群益9C售03,0,0,0,0,0,0,0,0,0,9000,0,0,0,9000,0,9000,9000
08443P,臺股指麥證01售02,0,0,0,9000,0,9000,0,0,0,9000,0,0,0,9000,0,9000,9000
08369P,鴻海凱基01售04  ,0,0,0,0,0,0,0,0,0,9000,0,0,0,10000,1000,9000,9000
08744P,臺股指凱基02售05,0,0,0,0,0,0,0,0,0,9000,0,0,0,70000,61000,9000,9000
08701P,景碩康和01售02  ,0,0,0,0,0,0,0,0,0,9000,0,0,0,25000,16000,9000,9000
1535,中宇            ,9000,0,9000,0,0,0,0,0,0,0,0,0,0,0,0,0,9000
1587,吉茂            ,29000,20000,9000,0,0,0,0,0,0,0,0,0,0,0,0,0,9000
08078P,聯發科國票9B售04,0,0,0,0,0,0,0,0,0,9000,0,0,0,10000,1000,9000,9000
058483,道瓊指國票9A購01,0,0,0,0,0,0,0,0,0,9000,0,0,0,9000,0,9000,9000
058247,聯茂元大99購04  ,0,0,0,0,0,0,0,0,0,9000,0,0,0,10000,1000,9000,9000
056795,鴻海麥證98購01  ,0,0,0,10000,12000,-2000,0,0,0,9000,0,0,0,21000,12000,9000,9000
01001T,土銀富邦R1      ,11000,0,11000,0,0,0,0,0,0,-2000,0,2000,-2000,0,0,0,9000
054532,強茂國泰98購01  ,0,0,0,0,0,0,0,0,0,9000,0,0,0,11000,2000,9000,9000
056516,晶豪科兆豐98購01,0,0,0,0,0,0,0,0,0,9000,0,0,0,21000,12000,9000,9000
056331,聯鈞國票99購01  ,0,0,0,0,0,0,0,0,0,9000,0,0,0,78000,69000,9000,9000
055801,景碩永豐97購02  ,0,0,0,0,0,0,0,0,0,9000,0,0,0,10000,1000,9000,9000
054739,義隆凱基98購02  ,0,0,0,0,0,0,0,0,0,9000,0,0,0,27000,18000,9000,9000
055384,緯穎元大98購02  ,0,0,0,0,0,0,0,0,0,9000,0,0,0,10000,1000,9000,9000
055290,玉晶光元大98購08,0,0,0,0,0,0,0,0,0,9000,0,0,0,10000,1000,9000,9000
063092,聯發科中信9B購03,0,0,0,0,0,0,0,0,0,9000,0,0,0,20000,11000,9000,9000
062955,立積永豐9B購02  ,0,0,0,0,0,0,0,0,0,9000,0,0,0,9000,0,9000,9000
062996,致茂國票9C購01  ,0,0,0,0,0,0,0,0,0,9000,0,0,0,47000,38000,9000,9000
058988,大立光凱基9A購02,0,0,0,0,0,0,0,0,0,9000,0,0,0,15000,6000,9000,9000
060553,祥碩凱基9A購01  ,0,0,0,0,0,0,0,0,0,9000,0,0,0,10000,1000,9000,9000
061134,大成鋼統一9C購01,0,0,0,0,0,0,0,0,0,9000,0,0,0,10000,1000,9000,9000
058937,仁寶中信99購01  ,0,0,0,0,0,0,0,0,0,9000,0,0,0,30000,21000,9000,9000
059160,華通凱基99購03  ,0,0,0,0,0,0,0,0,0,9000,0,0,0,10000,1000,9000,9000
062409,巨大永豐9B購02  ,0,0,0,0,0,0,0,0,0,9000,0,0,0,90000,81000,9000,9000
065223,旺宏中信01購01  ,0,0,0,0,0,0,0,0,0,9000,0,0,0,20000,11000,9000,9000
065195,國巨元富06購01  ,0,0,0,0,0,0,0,0,0,9000,0,0,0,9000,0,9000,9000
065548,台達電凱基01購02,0,0,0,0,0,0,0,0,0,9000,0,0,0,11000,2000,9000,9000
065620,金融類元大9C購03,0,0,0,0,0,0,0,0,0,9000,0,0,0,20000,11000,9000,9000
064052,創意統一01購02  ,0,0,0,0,0,0,0,0,0,9000,0,0,0,21000,12000,9000,9000
064164,祥碩統一01購05  ,0,0,0,0,0,0,0,0,0,9000,0,0,0,20000,11000,9000,9000
063631,燿華元大9B購06  ,0,0,0,0,0,0,0,0,0,9000,0,0,0,20000,11000,9000,9000
2358,廷鑫            ,13000,8000,5000,0,0,0,0,0,0,4000,4000,0,4000,0,0,0,9000
6573,虹揚-KY         ,29000,20000,9000,0,0,0,0,0,0,0,0,0,0,0,0,0,9000
2880,華南金          ,4230000,4194743,35257,0,0,0,0,29000,-29000,2000,2000,0,2000,0,0,0,8257
07137P,大立光中信9B售01,0,0,0,0,0,0,0,0,0,8000,0,0,0,8000,0,8000,8000
07669P,華新科元大9A售14,0,0,0,0,0,0,0,0,0,8000,0,0,0,8000,0,8000,8000
07623P,大立光統一9B售05,0,0,0,0,0,0,0,0,0,8000,0,0,0,8000,0,8000,8000
08737P,聯詠凱基01售01  ,0,0,0,0,0,0,0,0,0,8000,0,0,0,53000,45000,8000,8000
08301P,台積電兆豐9C售02,0,0,0,0,0,0,0,0,0,8000,0,0,0,8000,0,8000,8000
08406P,緯穎元大9C售01  ,0,0,0,0,0,0,0,0,0,8000,0,0,0,25000,17000,8000,8000
066772,友達富邦03購01  ,0,0,0,0,0,0,0,0,0,8000,0,0,0,10000,2000,8000,8000
056685,光罩統一98購03  ,0,0,0,0,0,0,0,0,0,8000,0,0,0,10000,2000,8000,8000
055877,奇鋐元富97購01  ,0,0,0,0,0,0,0,0,0,8000,0,0,0,8000,0,8000,8000
056286,奇鋐永豐97購01  ,0,0,0,0,0,0,0,0,0,8000,0,0,0,21000,13000,8000,8000
056623,禾伸堂永豐98購01,0,0,0,0,0,0,0,0,0,8000,0,0,0,20000,12000,8000,8000
056581,超眾元大99購01  ,0,0,0,0,0,0,0,0,0,8000,0,0,0,8000,0,8000,8000
03448B,臺股指元大9C熊11,0,0,0,0,0,0,0,0,0,8000,0,0,0,309000,301000,8000,8000
053481,同欣電元大97購01,0,0,0,0,0,0,0,0,0,8000,0,0,0,8000,0,8000,8000
053537,玉晶光永豐98購02,0,0,0,0,0,0,0,0,0,8000,0,0,0,9000,1000,8000,8000
057953,聚陽元大98購01  ,0,0,0,0,0,0,0,0,0,8000,0,0,0,18000,10000,8000,8000
056941,台郡元富9B購01  ,0,0,0,0,0,0,0,0,0,8000,0,0,0,8000,0,8000,8000
058581,大立光群益99購05,0,0,0,0,0,0,0,0,0,8000,0,0,0,14000,6000,8000,8000
057638,上銀元大99購01  ,0,0,0,0,0,0,0,0,0,8000,0,0,0,44000,36000,8000,8000
057383,玉晶光富邦9A購01,0,0,0,0,0,0,0,0,0,8000,0,0,0,10000,2000,8000,8000
062028,晶技群益9B購01  ,0,0,0,0,0,0,0,0,0,8000,0,0,0,98000,90000,8000,8000
061747,南亞科統一01購01,0,0,0,0,0,0,0,0,0,8000,0,0,0,485000,477000,8000,8000
062594,祥碩統一01購02  ,0,0,0,0,0,0,0,0,0,8000,0,0,0,9000,1000,8000,8000
062499,鴻海群益01購01  ,0,0,0,0,0,0,0,0,0,8000,0,0,0,23000,15000,8000,8000
062146,大毅國票9B購01  ,0,0,0,0,0,0,0,0,0,8000,0,0,0,373000,365000,8000,8000
059157,元石油凱基9C購01,0,0,0,0,0,0,0,0,0,8000,0,0,0,8000,0,8000,8000
059426,鴻海元大99購31  ,0,0,0,0,0,0,0,0,0,8000,0,0,0,8000,0,8000,8000
059358,旺宏永豐99購02  ,0,0,0,0,0,0,0,0,0,8000,0,0,0,70000,62000,8000,8000
061520,健策中信9A購01  ,0,0,0,0,0,0,0,0,0,8000,0,0,0,8000,0,8000,8000
062097,台光電永豐9B購01,0,0,0,0,0,0,0,0,0,8000,0,0,0,13000,5000,8000,8000
062566,嘉晶中信9C購01  ,0,0,0,0,0,0,0,0,0,8000,0,0,0,8000,0,8000,8000
059827,晶技凱基99購03  ,0,0,0,0,0,0,0,0,0,8000,0,0,0,8000,0,8000,8000
059816,聯電凱基99購03  ,0,0,0,0,0,0,0,0,0,8000,0,0,0,131000,123000,8000,8000
061403,滬深2X國票9A購06,0,0,0,0,0,0,0,0,0,8000,0,0,0,10000,2000,8000,8000
061368,南六國票9A購01  ,0,0,0,0,0,0,0,0,0,8000,0,0,0,99000,91000,8000,8000
060633,玉晶光富邦02購01,0,0,0,0,0,0,0,0,0,8000,0,0,0,8000,0,8000,8000
061139,玉晶光統一9C購02,0,0,0,0,0,0,0,0,0,8000,0,0,0,10000,2000,8000,8000
060864,可成永豐9A購01  ,0,0,0,0,0,0,0,0,0,8000,0,0,0,8000,0,8000,8000
059976,道瓊銀元大99購01,0,0,0,0,0,0,0,0,0,8000,0,0,0,20000,12000,8000,8000
059988,大立光元大9A購02,0,0,0,0,0,0,0,0,0,8000,0,0,0,30000,22000,8000,8000
059626,台積電凱基01購01,0,0,0,0,0,0,0,0,0,8000,0,0,0,18000,10000,8000,8000
060463,台積電元大9A購10,0,0,0,0,0,0,0,0,0,8000,0,0,0,8000,0,8000,8000
060254,世紀鋼元大9A購01,0,0,0,0,0,0,0,0,0,8000,0,0,0,98000,90000,8000,8000
063185,聯發科凱基9C購03,0,0,0,0,0,0,0,0,0,8000,0,0,0,8000,0,8000,8000
063812,智邦群益9C購02  ,0,0,0,0,0,0,0,0,0,8000,0,0,0,98000,90000,8000,8000
063421,可成凱基9C購02  ,0,0,0,0,0,0,0,0,0,8000,0,0,0,19000,11000,8000,8000
064195,晶豪科群益9C購01,0,0,0,0,0,0,0,0,0,8000,0,0,0,8000,0,8000,8000
064063,健策國泰01購02  ,0,0,0,0,0,0,0,0,0,8000,0,0,0,14000,6000,8000,8000
064032,群創元大9C購06  ,0,0,0,0,0,0,0,0,0,8000,0,0,0,8000,0,8000,8000
064549,神基凱基9C購01  ,0,0,0,0,0,0,0,0,0,8000,0,0,0,8000,0,8000,8000
064516,華通群益02購01  ,0,0,0,0,0,0,0,0,0,8000,0,0,0,8000,0,8000,8000
065596,鴻海元大9C購16  ,0,0,0,0,0,0,0,0,0,8000,0,0,0,21000,13000,8000,8000
065626,華新科兆豐9C購02,0,0,0,0,0,0,0,0,0,8000,0,0,0,8000,0,8000,8000
065715,勤誠群益9C購01  ,0,0,0,0,0,0,0,0,0,8000,0,0,0,190000,182000,8000,8000
065576,泰鼎群益9C購02  ,0,0,0,0,0,0,0,0,0,8000,0,0,0,81000,73000,8000,8000
065177,旭富元大9C購05  ,0,0,0,0,0,0,0,0,0,8000,0,0,0,105000,97000,8000,8000
064875,國巨兆豐01購01  ,0,0,0,0,0,0,0,0,0,8000,0,0,0,8000,0,8000,8000
064900,景碩群益01購01  ,0,0,0,0,0,0,0,0,0,8000,0,0,0,36000,28000,8000,8000
064801,鴻海元大9C購13  ,0,0,0,0,0,0,0,0,0,8000,0,0,0,14000,6000,8000,8000
5283,禾聯碩          ,20000,13000,7000,0,0,0,0,0,0,1000,0,0,0,3000,2000,1000,8000
8374,羅昇            ,12000,6000,6000,0,0,0,0,0,0,2000,2000,0,2000,0,0,0,8000
8201,無敵            ,18000,10000,8000,0,0,0,0,0,0,0,0,0,0,0,0,0,8000
6235,華孚            ,517000,511000,6000,0,0,0,0,0,0,2000,2000,0,2000,0,0,0,8000
06838P,台積電統一99售05,0,0,0,0,0,0,0,0,0,7000,0,0,0,7000,0,7000,7000
065928,創意國票02購01  ,0,0,0,0,0,0,0,0,0,7000,0,0,0,66000,59000,7000,7000
08281P,國巨群益9C售08  ,0,0,0,0,0,0,0,0,0,7000,0,0,0,7000,0,7000,7000
08706P,台積電統一02售04,0,0,0,0,0,0,0,0,0,7000,0,0,0,7000,0,7000,7000
07660P,聯茂凱基9A售03  ,0,0,0,0,0,0,0,0,0,7000,0,0,0,7000,0,7000,7000
07389P,臺股指群益9C售08,0,0,0,0,0,0,0,0,0,7000,0,0,0,7000,0,7000,7000
061705,健策國票9A購06  ,0,0,0,0,0,0,0,0,0,7000,0,0,0,11000,4000,7000,7000
057447,智邦元富02購01  ,0,0,0,0,0,0,0,0,0,7000,0,0,0,10000,3000,7000,7000
057243,樺漢凱基99購01  ,0,0,0,0,0,0,0,0,0,7000,0,0,0,7000,0,7000,7000
058111,健鼎元富98購01  ,0,0,0,0,0,0,0,0,0,7000,0,0,0,7000,0,7000,7000
057029,緯穎凱基98購04  ,0,0,0,0,0,0,0,0,0,7000,0,0,0,7000,0,7000,7000
054066,緯穎國票97購03  ,0,0,0,0,0,0,0,0,0,7000,0,0,0,7000,0,7000,7000
052863,友達凱基98購02  ,0,0,0,0,0,0,0,0,0,7000,0,0,0,15000,8000,7000,7000
056642,旺宏凱基98購07  ,0,0,0,0,0,0,0,0,0,7000,0,0,0,7000,0,7000,7000
042953,鴻海台新01購01  ,0,0,0,0,0,0,0,0,0,7000,0,0,0,7000,0,7000,7000
045444,群創元富98購02  ,0,0,0,0,0,0,0,0,0,7000,0,0,0,7000,0,7000,7000
05589P,大立光中信9A售01,0,0,0,0,0,0,0,0,0,7000,0,0,0,7000,0,7000,7000
055842,建準元大98購01  ,0,0,0,0,0,0,0,0,0,7000,0,0,0,7000,0,7000,7000
054630,聯鈞凱基98購01  ,0,0,0,0,0,0,0,0,0,7000,0,0,0,20000,13000,7000,7000
056079,世紀鋼元大97購02,0,0,0,0,0,0,0,0,0,7000,0,0,0,7000,0,7000,7000
057691,健策凱基99購01  ,0,0,0,0,0,0,0,0,0,7000,0,0,0,47000,40000,7000,7000
063229,台表科群益9B購04,0,0,0,0,0,0,0,0,0,7000,0,0,0,202000,195000,7000,7000
060896,晶技凱基9A購02  ,0,0,0,0,0,0,0,0,0,7000,0,0,0,25000,18000,7000,7000
062870,亞德客兆豐9C購01,0,0,0,0,0,0,0,0,0,7000,0,0,0,15000,8000,7000,7000
060235,瑞昱元大9A購01  ,0,0,0,0,0,0,0,0,0,7000,0,0,0,8000,1000,7000,7000
060565,大立光富邦01購01,0,0,0,0,0,0,0,0,0,7000,0,0,0,10000,3000,7000,7000
060503,技嘉元大9A購01  ,0,0,0,0,0,0,0,0,0,7000,0,0,0,9000,2000,7000,7000
061307,和潤永豐9A購02  ,0,0,0,0,0,0,0,0,0,7000,0,0,0,7000,0,7000,7000
061447,鴻海中信04購02  ,0,0,0,0,0,0,0,0,0,7000,0,0,0,7000,0,7000,7000
059833,緯穎康和99購01  ,0,0,0,0,0,0,0,0,0,7000,0,0,0,11000,4000,7000,7000
061842,牧德凱基9C購01  ,0,0,0,0,0,0,0,0,0,7000,0,0,0,60000,53000,7000,7000
061491,嘉聯益兆豐9B購01,0,0,0,0,0,0,0,0,0,7000,0,0,0,44000,37000,7000,7000
064812,旭富元大9C購04  ,0,0,0,0,0,0,0,0,0,7000,0,0,0,75000,68000,7000,7000
064828,聯發科統一01購06,0,0,0,0,0,0,0,0,0,7000,0,0,0,20000,13000,7000,7000
064686,鴻海群益01購03  ,0,0,0,0,0,0,0,0,0,7000,0,0,0,23000,16000,7000,7000
065244,聯發科兆豐9C購05,0,0,0,0,0,0,0,0,0,7000,0,0,0,15000,8000,7000,7000
065113,南電國票01購02  ,0,0,0,0,0,0,0,0,0,7000,0,0,0,10000,3000,7000,7000
065575,神達群益01購01  ,0,0,0,0,0,0,0,0,0,7000,0,0,0,227000,220000,7000,7000
065293,玉晶光群益01購07,0,0,0,0,0,0,0,0,0,7000,0,0,0,12000,5000,7000,7000
064393,友訊永豐9C購01  ,0,0,0,0,0,0,0,0,0,7000,0,0,0,17000,10000,7000,7000
063995,健鼎群益9C購01  ,0,0,0,0,0,0,0,0,0,7000,0,0,0,21000,14000,7000,7000
064115,高股息元大9C購01,0,0,0,0,0,0,0,0,0,7000,0,0,0,7000,0,7000,7000
064091,台郡凱基01購01  ,0,0,0,0,0,0,0,0,0,7000,0,0,0,21000,14000,7000,7000
064208,智邦凱基02購01  ,0,0,0,0,0,0,0,0,0,7000,0,0,0,56000,49000,7000,7000
063300,華通凱基9B購05  ,0,0,0,0,0,0,0,0,0,7000,0,0,0,12000,5000,7000,7000
063471,泰鼎元大9C購01  ,0,0,0,0,0,0,0,0,0,7000,0,0,0,43000,36000,7000,7000
063804,華邦電兆豐01購01,0,0,0,0,0,0,0,0,0,7000,0,0,0,16000,9000,7000,7000
063839,華通元大9C購02  ,0,0,0,0,0,0,0,0,0,7000,0,0,0,10000,3000,7000,7000
063884,台表科元富03購01,0,0,0,0,0,0,0,0,0,7000,0,0,0,7000,0,7000,7000
6115,鎰勝            ,14000,13000,1000,0,0,0,0,0,0,6000,6000,0,6000,0,0,0,7000
2850,新產            ,19000,12000,7000,0,0,0,0,0,0,0,0,0,0,0,0,0,7000
1730,花仙子          ,39000,32000,7000,0,0,0,0,0,0,0,0,0,0,0,0,0,7000
1903,士紙            ,8000,1000,7000,0,0,0,0,0,0,0,0,0,0,0,0,0,7000
008201,BP上證50        ,0,0,0,0,0,0,0,0,0,6900,0,0,0,6900,0,6900,6900
07150P,和碩元大99售01  ,0,0,0,0,0,0,0,0,0,6000,0,0,0,6000,0,6000,6000
07257P,臺股指凱基99售37,0,0,0,0,0,0,0,0,0,6000,0,0,0,6000,0,6000,6000
08165P,台表科永豐9B售02,0,0,0,0,0,0,0,0,0,6000,0,0,0,6000,0,6000,6000
07966P,瑞祺群益9B售02  ,0,0,0,0,0,0,0,0,0,6000,0,0,0,6000,0,6000,6000
08708P,華通台新01售01  ,0,0,0,0,0,0,0,0,0,6000,0,0,0,11000,5000,6000,6000
08511P,電子類富邦9C售02,0,0,0,0,0,0,0,0,0,6000,0,0,0,50000,44000,6000,6000
065910,立積永豐9C購02  ,0,0,0,0,0,0,0,0,0,6000,0,0,0,6000,0,6000,6000
06777P,鴻海元大99售06  ,0,0,0,0,0,0,0,0,0,6000,0,0,0,26000,20000,6000,6000
07088P,訊芯永豐99售02  ,0,25000,-25000,0,0,0,0,0,0,31000,0,0,0,35000,4000,31000,6000
06941P,國巨統一98售07  ,0,0,0,0,0,0,0,0,0,6000,0,0,0,6000,0,6000,6000
066727,鴻海元大01購12  ,0,0,0,0,0,0,0,0,0,6000,0,0,0,16000,10000,6000,6000
00736,國泰新興市場    ,0,35000,-35000,0,0,0,0,0,0,41000,0,0,0,185000,144000,41000,6000
00685L,群益臺灣加權正2 ,0,0,0,0,0,0,0,0,0,6000,0,0,0,8000,2000,6000,6000
053744,台郡國票97購03  ,0,0,0,0,0,0,0,0,0,6000,0,0,0,6000,0,6000,6000
053377,台積電元大98購01,0,0,0,0,0,0,0,0,0,6000,0,0,0,51000,45000,6000,6000
056638,臺股指日盛98購01,0,0,0,0,0,0,0,0,0,6000,0,0,0,6000,0,6000,6000
054928,帆宣凱基98購01  ,0,0,0,0,0,0,0,0,0,6000,0,0,0,6000,0,6000,6000
054924,景碩凱基98購01  ,0,0,0,0,0,0,0,0,0,6000,0,0,0,6000,0,6000,6000
058702,國巨元大99購16  ,0,0,0,0,0,0,0,0,0,6000,0,0,0,6000,0,6000,6000
055891,鴻海統一9A購01  ,0,0,0,0,0,0,0,0,0,6000,0,0,0,6000,0,6000,6000
055924,深中小群益9B購01,0,0,0,0,0,0,0,0,0,6000,0,0,0,6000,0,6000,6000
056386,TPK國泰99購01   ,0,0,0,0,0,0,0,0,0,6000,0,0,0,63000,57000,6000,6000
057024,義隆凱基99購01  ,0,0,0,0,0,0,0,0,0,6000,0,0,0,6000,0,6000,6000
057442,玉晶光統一98購03,0,0,0,0,0,0,0,0,0,6000,0,0,0,6000,0,6000,6000
057623,友訊國泰99購01  ,0,0,0,0,0,0,0,0,0,6000,0,0,0,6000,0,6000,6000
057609,友訊元富98購01  ,0,0,0,0,0,0,0,0,0,6000,0,0,0,6000,0,6000,6000
058180,華新科國泰9A購01,0,0,0,0,0,0,0,0,0,6000,0,0,0,10000,4000,6000,6000
056926,日月光兆豐98購01,0,0,0,0,0,0,0,0,0,6000,0,0,0,6000,0,6000,6000
057913,健策日盛98購01  ,0,0,0,0,0,0,0,0,0,6000,0,0,0,6000,0,6000,6000
056770,國產元大98購02  ,0,0,0,0,0,0,0,0,0,6000,0,0,0,167000,161000,6000,6000
056771,嘉晶元大99購01  ,0,0,0,0,0,0,0,0,0,6000,0,0,0,13000,7000,6000,6000
057871,國巨元大99購09  ,0,0,0,0,0,0,0,0,0,6000,0,0,0,6000,0,6000,6000
061477,晶豪科元大9A購01,0,0,0,0,0,0,0,0,0,6000,0,0,0,50000,44000,6000,6000
059950,百和永豐99購02  ,0,0,0,0,0,0,0,0,0,6000,0,0,0,6000,0,6000,6000
062572,元金反群益9C購01,0,0,0,0,0,0,0,0,0,6000,0,0,0,6000,0,6000,6000
061353,康控元大9A購01  ,0,0,0,0,0,0,0,0,0,6000,0,0,0,6000,0,6000,6000
059286,S&P正2元富01購03,0,0,0,0,0,0,0,0,0,6000,0,0,0,6000,0,6000,6000
059607,台積電富邦9C購04,0,0,0,0,0,0,0,0,0,6000,0,0,0,6000,0,6000,6000
059172,台郡凱基99購03  ,0,0,0,0,0,0,0,0,0,6000,0,0,0,21000,15000,6000,6000
062727,華擎凱基9B購03  ,0,0,0,0,0,0,0,0,0,6000,0,0,0,14000,8000,6000,6000
062474,台表科凱基9C購01,0,0,0,0,0,0,0,0,0,6000,0,0,0,20000,14000,6000,6000
062623,元金2X國票01購01,0,0,0,0,0,0,0,0,0,6000,0,0,0,6000,0,6000,6000
062437,廣達元大9B購01  ,0,0,0,0,0,0,0,0,0,6000,0,0,0,21000,15000,6000,6000
062314,玉晶光凱基9B購06,0,0,0,0,0,0,0,0,0,6000,0,0,0,10000,4000,6000,6000
060155,友訊永豐9A購01  ,0,0,0,0,0,0,0,0,0,6000,0,0,0,6000,0,6000,6000
060315,易華電永豐9A購01,0,0,0,0,0,0,0,0,0,6000,0,0,0,82000,76000,6000,6000
060291,高鐵元大9A購01  ,0,0,0,0,0,0,0,0,0,6000,0,0,0,6000,0,6000,6000
059096,百和元大99購04  ,0,0,0,0,0,0,0,0,0,6000,0,0,0,6000,0,6000,6000
059051,和大凱基9A購01  ,0,0,0,0,0,0,0,0,0,6000,0,0,0,6000,0,6000,6000
059056,技嘉凱基99購02  ,0,0,0,0,0,0,0,0,0,6000,0,0,0,16000,10000,6000,6000
063887,香港2X中信02購01,0,0,0,0,0,0,0,0,0,6000,0,0,0,41000,35000,6000,6000
063617,鴻海兆豐01購01  ,0,0,0,0,0,0,0,0,0,6000,0,0,0,6000,0,6000,6000
063544,華新科台新9B購02,0,0,0,0,0,0,0,0,0,6000,0,0,0,6000,0,6000,6000
064062,創意國泰01購01  ,0,0,0,0,0,0,0,0,0,6000,0,0,0,6000,0,6000,6000
064090,祥碩凱基9C購03  ,0,0,0,0,0,0,0,0,0,6000,0,0,0,16000,10000,6000,6000
065098,致伸元大9C購02  ,0,0,0,0,0,0,0,0,0,6000,0,0,0,78000,72000,6000,6000
064886,燿華中信01購01  ,0,0,0,0,0,0,0,0,0,6000,0,0,0,6000,0,6000,6000
2302,麗正            ,17000,11000,6000,0,0,0,0,0,0,0,0,0,0,0,0,0,6000
3454,晶睿            ,22000,16000,6000,0,0,0,0,0,0,0,0,0,0,0,0,0,6000
4912,聯德控股-KY     ,8000,2000,6000,0,0,0,0,0,0,0,0,0,0,0,0,0,6000
6449,鈺邦            ,16000,10000,6000,0,0,0,0,0,0,0,0,0,0,0,0,0,6000
6581,鋼聯            ,10000,4000,6000,0,0,0,0,0,0,0,0,0,0,0,0,0,6000
066798,燿華凱基02購02  ,0,0,0,0,0,0,0,0,0,5000,0,0,0,37000,32000,5000,5000
066542,臺指反元大04購02,0,0,0,0,0,0,0,0,0,5000,0,0,0,5000,0,5000,5000
07080P,健策群益9A售01  ,0,0,0,0,0,0,0,0,0,5000,0,0,0,205000,200000,5000,5000
07030P,鈺齊群益99售01  ,0,0,0,0,0,0,0,0,0,5000,0,0,0,5000,0,5000,5000
06772P,國巨中信99售01  ,0,0,0,0,0,0,0,0,0,5000,0,0,0,5000,0,5000,5000
065917,全新凱基02購01  ,0,0,0,0,0,0,0,0,0,5000,0,0,0,57000,52000,5000,5000
066072,華新科凱基01購03,0,0,0,0,0,0,0,0,0,5000,0,0,0,5000,0,5000,5000
066362,瑞昱中信05購01  ,0,0,0,0,0,0,0,0,0,5000,0,0,0,5000,0,5000,5000
066304,聯華永豐01購01  ,0,0,0,0,0,0,0,0,0,5000,0,0,0,20000,15000,5000,5000
08549P,大立光元大9C售25,0,0,0,0,0,0,0,0,0,5000,0,0,0,31000,26000,5000,5000
08510P,大立光富邦03售04,0,0,0,0,0,0,0,0,0,5000,0,0,0,5000,0,5000,5000
08518P,世芯群益9C售03  ,0,0,0,0,0,0,0,0,0,5000,0,0,0,5000,0,5000,5000
08352P,大立光群益01售02,0,0,0,0,0,0,0,0,0,5000,0,0,0,42000,37000,5000,5000
08665P,鴻海國票02售01  ,0,0,0,0,0,0,0,0,0,5000,0,0,0,5000,0,5000,5000
08650P,臺股指元大9C售36,0,0,0,0,0,0,0,0,0,5000,0,0,0,10000,5000,5000,5000
08750P,台灣50群益01售04,0,0,0,0,0,0,0,0,0,5000,0,0,0,5000,0,5000,5000
1472,三洋紡          ,84000,79000,5000,0,0,0,0,0,0,0,0,0,0,0,0,0,5000
08047P,臺股指國票9B售12,0,0,0,0,0,0,0,0,0,5000,0,0,0,25000,20000,5000,5000
07935P,臺股指國票9B售07,0,0,0,0,0,0,0,0,0,5000,0,0,0,55000,50000,5000,5000
07220P,台灣50中信03售05,0,0,0,0,0,0,0,0,0,5000,0,0,0,5000,0,5000,5000
07160P,台灣50中信03售04,0,0,0,0,0,0,0,0,0,5000,0,0,0,5000,0,5000,5000
07424P,大立光元大9B售01,0,0,0,0,0,0,0,0,0,5000,0,0,0,20000,15000,5000,5000
07421P,國泰金元大99售01,0,0,0,0,0,0,0,0,0,5000,0,0,0,5000,0,5000,5000
07317P,T50正2凱基9B售02,0,0,0,0,0,0,0,0,0,5000,0,0,0,20000,15000,5000,5000
07740P,臺股指永豐9A售01,0,0,0,0,0,0,0,0,0,5000,0,0,0,5000,0,5000,5000
07674P,金融類元大9A售01,0,0,0,0,0,0,0,0,0,5000,0,0,0,5000,0,5000,5000
058876,南電國票9A購02  ,0,0,0,0,0,0,0,0,0,5000,0,0,0,13000,8000,5000,5000
057183,玉晶光元大99購07,0,0,0,0,0,0,0,0,0,5000,0,0,0,5000,0,5000,5000
057373,大立光元大98購17,0,0,0,0,0,0,0,0,0,5000,0,0,0,8000,3000,5000,5000
058390,樺漢國票9A購01  ,0,0,0,0,0,0,0,0,0,5000,0,0,0,19000,14000,5000,5000
058429,欣興元富99購01  ,0,0,0,0,0,0,0,0,0,5000,0,0,0,5000,0,5000,5000
058383,道瓊指中信9C購02,0,0,0,0,0,0,0,0,0,5000,0,0,0,5000,0,5000,5000
057611,技嘉元富98購02  ,0,0,0,0,0,0,0,0,0,5000,0,0,0,25000,20000,5000,5000
057585,鴻海國票99購05  ,0,0,0,0,0,0,0,0,0,5000,0,0,0,200000,195000,5000,5000
057562,奇鋐兆豐98購01  ,0,0,0,0,0,0,0,0,0,5000,0,0,0,15000,10000,5000,5000
057266,TPK兆豐98購02   ,0,0,0,0,0,0,0,0,0,5000,0,0,0,35000,30000,5000,5000
061666,友達中信01購01  ,0,0,0,0,0,0,0,0,0,5000,0,0,0,5000,0,5000,5000
061730,旺宏統一01購02  ,0,0,0,0,0,0,0,0,0,5000,0,0,0,5000,0,5000,5000
061741,新光金凱基9B購01,0,0,0,0,0,0,0,0,0,5000,0,0,0,5000,0,5000,5000
061723,嘉聯益永豐9A購03,0,0,0,0,0,0,0,0,0,5000,0,0,0,5000,0,5000,5000
058153,景碩統一9B購01  ,0,0,0,0,0,0,0,0,0,5000,0,0,0,5000,0,5000,5000
056339,聯發科凱基99購02,0,0,0,0,0,0,0,0,0,5000,0,0,0,5000,0,5000,5000
056241,緯創群益97購01  ,0,0,0,0,0,0,0,0,0,5000,0,0,0,5000,0,5000,5000
056121,勤誠群益97購01  ,0,0,0,0,0,0,0,0,0,5000,0,0,0,5000,0,5000,5000
054658,道瓊銀元大9A購01,0,0,0,0,0,0,0,0,0,5000,0,0,0,5000,0,5000,5000
058824,晶技富邦9A購01  ,0,0,0,0,0,0,0,0,0,5000,0,0,0,10000,5000,5000,5000
055106,台積電凱基98購05,0,0,0,0,0,0,0,0,0,5000,0,0,0,5000,0,5000,5000
055122,國巨兆豐98購01  ,0,0,0,0,0,0,0,0,0,5000,0,0,0,5000,0,5000,5000
057659,台表科兆豐98購01,0,0,0,0,0,0,0,0,0,5000,0,0,0,5000,0,5000,5000
056593,台積電元富98購02,0,0,0,0,0,0,0,0,0,5000,0,0,0,5000,0,5000,5000
056560,旺宏群益98購03  ,0,0,0,0,0,0,0,0,0,5000,0,0,0,5000,0,5000,5000
046385,群創凱基98購03  ,0,0,0,0,0,0,0,0,0,5000,0,0,0,5000,0,5000,5000
056485,同欣電元大98購01,0,0,0,0,0,0,0,0,0,5000,0,0,0,5000,0,5000,5000
050316,上証2X國票98購01,0,0,0,0,0,0,0,0,0,5000,0,0,0,5000,0,5000,5000
048847,A50群益98購01   ,0,0,0,0,0,0,0,0,0,5000,0,0,0,5000,0,5000,5000
049790,滬深2X元大97購04,0,0,0,0,0,0,0,0,0,5000,0,0,0,5000,0,5000,5000
053438,玉晶光麥證97購02,0,0,0,5000,0,5000,0,0,0,5000,0,0,0,5000,0,5000,5000
00645,富邦日本        ,0,0,0,0,0,0,0,0,0,5000,0,0,0,175000,170000,5000,5000
00700,富邦恒生國企    ,0,0,0,0,0,0,0,0,0,5000,0,0,0,108000,103000,5000,5000
00702,國泰標普低波高息,0,0,0,0,0,0,0,0,0,5000,0,0,0,5000,0,5000,5000
020002,元富新中國N     ,0,0,0,0,0,0,0,0,0,5000,0,0,0,5000,0,5000,5000
058964,群創兆豐99購01  ,0,0,0,0,0,0,0,0,0,5000,0,0,0,5000,0,5000,5000
061298,華新科富邦01購02,0,0,0,0,0,0,0,0,0,5000,0,0,0,5000,0,5000,5000
061281,台積電統一9C購05,0,0,0,0,0,0,0,0,0,5000,0,0,0,5000,0,5000,5000
061248,健策群益9A購03  ,0,0,0,0,0,0,0,0,0,5000,0,0,0,5000,0,5000,5000
062865,臺股指國票9B購22,0,0,0,0,0,0,0,0,0,5000,0,0,0,5000,0,5000,5000
063175,燿華兆豐9C購01  ,0,0,0,0,0,0,0,0,0,5000,0,0,0,16000,11000,5000,5000
062967,上銀元富9B購01  ,0,0,0,0,0,0,0,0,0,5000,0,0,0,5000,0,5000,5000
063125,華擎元大9C購02  ,0,0,0,0,0,0,0,0,0,5000,0,0,0,155000,150000,5000,5000
060324,台積電群益9B購02,0,0,0,0,0,0,0,0,0,5000,0,0,0,5000,0,5000,5000
060212,華航康和9A購01  ,0,0,0,0,0,0,0,0,0,5000,0,0,0,10000,5000,5000,5000
060099,宏達電元大99購09,0,0,0,0,0,0,0,0,0,5000,0,0,0,6000,1000,5000,5000
060857,旭富富邦9B購01  ,0,0,0,0,0,0,0,0,0,5000,0,0,0,10000,5000,5000,5000
061016,可成麥證9A購01  ,0,0,0,5000,0,5000,0,0,0,5000,0,0,0,5000,0,5000,5000
061153,奇力新群益9A購02,0,0,0,0,0,0,0,0,0,5000,0,0,0,152000,147000,5000,5000
062400,晶豪科永豐9B購02,0,0,0,0,0,0,0,0,0,5000,0,0,0,5000,0,5000,5000
062633,亞光國票9B購01  ,0,0,0,0,0,0,0,0,0,5000,0,0,0,5000,0,5000,5000
062635,創意國票9B購01  ,0,0,0,0,0,0,0,0,0,5000,0,0,0,35000,30000,5000,5000
059613,泰鼎永豐99購02  ,0,0,0,0,0,0,0,0,0,5000,0,0,0,5000,0,5000,5000
059604,臺股指元大9A購41,0,0,0,0,0,0,0,0,0,5000,0,0,0,5000,0,5000,5000
061336,國巨元大9A購20  ,0,0,0,0,0,0,0,0,0,5000,0,0,0,85000,80000,5000,5000
061876,明泰元大9B購01  ,0,0,0,0,0,0,0,0,0,5000,0,0,0,35000,30000,5000,5000
062221,奇力新統一01購01,0,0,0,0,0,0,0,0,0,5000,0,0,0,5000,0,5000,5000
062542,南電國泰9C購01  ,0,0,0,0,0,0,0,0,0,5000,0,0,0,5000,0,5000,5000
062090,南電元大9B購02  ,0,0,0,0,0,0,0,0,0,5000,0,0,0,5000,0,5000,5000
060744,鴻海國票9A購04  ,0,0,0,0,0,0,0,0,0,5000,0,0,0,33000,28000,5000,5000
061501,嘉澤國票9A購01  ,0,0,0,0,0,0,0,0,0,5000,0,0,0,35000,30000,5000,5000
061507,南電國票9A購05  ,0,0,0,0,0,0,0,0,0,5000,0,0,0,5000,0,5000,5000
064798,道瓊反元大9C購04,0,0,0,0,0,0,0,0,0,5000,0,0,0,5000,0,5000,5000
06473P,鴻海元大99售03  ,0,0,0,0,0,0,0,0,0,5000,0,0,0,5000,0,5000,5000
065175,大立光元大01購05,0,0,0,0,0,0,0,0,0,5000,0,0,0,15000,10000,5000,5000
065070,臺股指群益9C購18,0,0,0,0,0,0,0,0,0,5000,0,0,0,10000,5000,5000,5000
065007,群創國票01購01  ,0,0,0,0,0,0,0,0,0,5000,0,0,0,5000,0,5000,5000
065493,T50反1富邦03購01,0,0,0,0,0,0,0,0,0,5000,0,0,0,45000,40000,5000,5000
065714,矽創群益9C購02  ,0,0,0,0,0,0,0,0,0,5000,0,0,0,5000,0,5000,5000
065644,義隆元大9C購08  ,0,0,0,0,0,0,0,0,0,5000,0,0,0,5000,0,5000,5000
065801,瑞昱群益9C購04  ,0,0,0,0,0,0,0,0,0,5000,0,0,0,56000,51000,5000,5000
065804,大立光群益01購04,0,0,0,0,0,0,0,0,0,5000,0,0,0,57000,52000,5000,5000
064087,華新科凱基9C購03,0,0,0,0,0,0,0,0,0,5000,0,0,0,5000,0,5000,5000
064078,台積電中信06購04,0,0,0,0,0,0,0,0,0,5000,0,0,0,25000,20000,5000,5000
064126,聯發科元大9C購05,0,0,0,0,0,0,0,0,0,5000,0,0,0,5000,0,5000,5000
064183,聯茂富邦01購01  ,0,0,0,0,0,0,0,0,0,5000,0,0,0,26000,21000,5000,5000
064250,亞光元富9C購01  ,0,0,0,0,0,0,0,0,0,5000,0,0,0,113000,108000,5000,5000
064386,友達富邦01購01  ,0,0,0,0,0,0,0,0,0,5000,0,0,0,65000,60000,5000,5000
064391,亞德客永豐9C購01,0,0,0,0,0,0,0,0,0,5000,0,0,0,40000,35000,5000,5000
064358,台達電統一01購02,0,0,0,0,0,0,0,0,0,5000,0,0,0,57000,52000,5000,5000
063545,華通兆豐9B購03  ,0,0,0,0,0,0,0,0,0,5000,0,0,0,55000,50000,5000,5000
063492,台積電富邦02購02,0,0,0,0,0,0,0,0,0,5000,0,0,0,5000,0,5000,5000
6281,全國電          ,9000,5000,4000,0,0,0,0,0,0,1000,1000,0,1000,0,0,0,5000
3356,奇偶            ,60000,56000,4000,0,0,0,0,0,0,1000,1000,0,1000,0,0,0,5000
3312,弘憶股          ,52000,47000,5000,0,0,0,0,0,0,0,0,0,0,0,0,0,5000
3058,立德            ,13000,8000,5000,0,0,0,0,0,0,0,0,0,0,0,0,0,5000
2509,全坤建          ,5000,0,5000,0,0,0,0,0,0,0,0,0,0,0,0,0,5000
07677P,祥碩永豐9A售01  ,0,0,0,0,0,0,0,0,0,4000,0,0,0,4000,0,4000,4000
07719P,臺股指群益9A售08,0,0,0,0,0,0,0,0,0,4000,0,0,0,420000,416000,4000,4000
07328P,FBVIX國泰9B售01 ,0,0,0,0,0,0,0,0,0,4000,0,0,0,4000,0,4000,4000
07095P,台灣50元大9C售03,0,0,0,0,0,0,0,0,0,4000,0,0,0,4000,0,4000,4000
08035P,國巨群益9C售04  ,0,0,0,0,0,0,0,0,0,4000,0,0,0,4000,0,4000,4000
08250P,GIS群益9C售02   ,0,0,0,0,0,0,0,0,0,4000,0,0,0,10000,6000,4000,4000
066101,微星國票02購01  ,0,0,0,0,0,0,0,0,0,4000,0,0,0,35000,31000,4000,4000
06829P,臺股指國票98售05,0,0,0,0,0,0,0,0,0,4000,0,0,0,4000,0,4000,4000
07025P,玉晶光凱基99售01,0,0,0,0,0,0,0,0,0,4000,0,0,0,5000,1000,4000,4000
06652P,長榮航元大98售01,0,0,0,0,0,0,0,0,0,4000,0,0,0,4000,0,4000,4000
066593,奇鋐群益01購01  ,0,0,0,0,0,0,0,0,0,4000,0,0,0,297000,293000,4000,4000
01009T,王道圓滿R1      ,0,0,0,0,0,0,0,0,0,4000,4000,0,4000,0,0,0,4000
00703,台新MSCI中國    ,1000,1000,0,0,0,0,0,0,0,4000,0,0,0,298000,294000,4000,4000
00743,國泰中國A150    ,0,16000,-16000,0,0,0,0,0,0,20000,0,0,0,21000,1000,20000,4000
00690,兆豐藍籌30      ,0,0,0,0,0,0,0,0,0,4000,0,0,0,272000,268000,4000,4000
03091X,元展85          ,0,0,0,0,0,0,0,0,0,4000,0,0,0,4000,0,4000,4000
050014,國巨富邦98購01  ,0,0,0,0,0,0,0,0,0,4000,0,0,0,4000,0,4000,4000
054479,緯創中信98購01  ,0,0,0,0,0,0,0,0,0,4000,0,0,0,40000,36000,4000,4000
054344,景碩國票97購04  ,0,0,0,0,0,0,0,0,0,4000,0,0,0,4000,0,4000,4000
057708,臺股指群益98購08,0,0,0,0,0,0,0,0,0,4000,0,0,0,4000,0,4000,4000
057685,台灣50凱基9C購01,0,0,0,0,0,0,0,0,0,4000,0,0,0,4000,0,4000,4000
057721,華擎元富98購02  ,0,0,0,0,0,0,0,0,0,4000,0,0,0,4000,0,4000,4000
055160,玉晶光元大99購03,0,0,0,0,0,0,0,0,0,4000,0,0,0,4000,0,4000,4000
058703,台積電元大99購16,0,0,0,0,0,0,0,0,0,4000,0,0,0,5000,1000,4000,4000
057834,聯發科元富02購07,0,0,0,0,0,0,0,0,0,4000,0,0,0,4000,0,4000,4000
056164,聯茂凱基98購03  ,0,0,0,0,0,0,0,0,0,4000,0,0,0,4000,0,4000,4000
055532,中工群益98購01  ,0,0,0,0,0,0,0,0,0,4000,0,0,0,4000,0,4000,4000
055670,矽創群益98購02  ,0,0,0,0,0,0,0,0,0,4000,0,0,0,4000,0,4000,4000
056357,台積電元大9A購01,0,0,0,0,0,0,0,0,0,4000,0,0,0,73000,69000,4000,4000
055755,禾伸堂兆豐97購02,0,0,0,0,0,0,0,0,0,4000,0,0,0,4000,0,4000,4000
061963,台積電統一01購04,0,0,0,0,0,0,0,0,0,4000,0,0,0,107000,103000,4000,4000
061941,道瓊指群益9B購01,0,0,0,0,0,0,0,0,0,4000,0,0,0,10000,6000,4000,4000
057268,臻鼎兆豐99購01  ,0,0,0,0,0,0,0,0,0,4000,0,0,0,4000,0,4000,4000
058083,聯發科群益98購08,0,0,0,0,0,0,0,0,0,4000,0,0,0,4000,0,4000,4000
057425,臺股指凱基9C購02,0,0,0,0,0,0,0,0,0,4000,0,0,0,4000,0,4000,4000
058296,明泰凱基99購01  ,0,0,0,0,0,0,0,0,0,4000,0,0,0,4000,0,4000,4000
058516,健鼎元大99購02  ,0,0,0,0,0,0,0,0,0,4000,0,0,0,4000,0,4000,4000
058641,鴻海麥證99購02  ,0,0,0,36000,91000,-55000,0,0,0,4000,0,0,0,100000,96000,4000,4000
058609,玉山金元大99購01,0,0,0,0,0,0,0,0,0,4000,0,0,0,4000,0,4000,4000
056721,台灣50永昌9A購01,0,0,0,0,0,0,0,0,0,4000,0,0,0,4000,0,4000,4000
059515,牧德永豐99購01  ,0,0,0,0,0,0,0,0,0,4000,0,0,0,30000,26000,4000,4000
059265,美律中信01購01  ,0,0,0,0,0,0,0,0,0,4000,0,0,0,4000,0,4000,4000
059218,台積電元大99購31,0,0,0,0,0,0,0,0,0,4000,0,0,0,4000,0,4000,4000
062354,台達電元大9B購01,0,0,0,0,0,0,0,0,0,4000,0,0,0,7000,3000,4000,4000
062356,國巨元大9B購10  ,0,0,0,0,0,0,0,0,0,4000,0,0,0,4000,0,4000,4000
062331,大立光統一9B購10,0,0,0,0,0,0,0,0,0,4000,0,0,0,85000,81000,4000,4000
061037,嘉澤永豐9A購01  ,0,0,0,0,0,0,0,0,0,4000,0,0,0,153000,149000,4000,4000
059968,世紀鋼凱基99購03,0,0,0,0,0,0,0,0,0,4000,0,0,0,6000,2000,4000,4000
063018,聯發科元大9B購14,0,0,0,0,0,0,0,0,0,4000,0,0,0,14000,10000,4000,4000
063160,牧德富邦9C購02  ,0,0,0,0,0,0,0,0,0,4000,0,0,0,4000,0,4000,4000
060963,禾伸堂凱基9A購01,0,0,0,0,0,0,0,0,0,4000,0,0,0,35000,31000,4000,4000
059004,嘉晶元大99購05  ,0,0,0,0,0,0,0,0,0,4000,0,0,0,16000,12000,4000,4000
063507,奇鋐群益9B購02  ,0,0,0,0,0,0,0,0,0,4000,0,0,0,129000,125000,4000,4000
063489,新日興國泰01購01,0,0,0,0,0,0,0,0,0,4000,0,0,0,4000,0,4000,4000
063474,康控元大9B購04  ,0,0,0,0,0,0,0,0,0,4000,0,0,0,12000,8000,4000,4000
063425,台勝科凱基9B購02,0,0,0,0,0,0,0,0,0,4000,0,0,0,5000,1000,4000,4000
063389,大立光兆豐9C購02,0,0,0,0,0,0,0,0,0,4000,0,0,0,4000,0,4000,4000
063735,華新科元大9B購15,0,0,0,0,0,0,0,0,0,4000,0,0,0,9000,5000,4000,4000
063703,晶豪科群益9B購02,0,0,0,0,0,0,0,0,0,4000,0,0,0,42000,38000,4000,4000
063806,瀚宇博兆豐01購01,0,0,0,0,0,0,0,0,0,4000,0,0,0,99000,95000,4000,4000
06581P,南亞科凱基98售04,0,0,0,0,0,0,0,0,0,4000,0,0,0,4000,0,4000,4000
065670,華新科凱基01購02,0,0,0,0,0,0,0,0,0,4000,0,0,0,14000,10000,4000,4000
065249,聯發科麥證9C購04,0,0,0,10000,6000,4000,0,0,0,4000,0,0,0,10000,6000,4000,4000
065390,達新群益9C購02  ,0,0,0,0,0,0,0,0,0,4000,0,0,0,4000,0,4000,4000
065003,燿華國票01購01  ,0,0,0,0,0,0,0,0,0,4000,0,0,0,4000,0,4000,4000
064932,緯穎統一01購04  ,0,0,0,0,0,0,0,0,0,4000,0,0,0,4000,0,4000,4000
065171,燿華元大9C購04  ,0,0,0,0,0,0,0,0,0,4000,0,0,0,122000,118000,4000,4000
065140,國巨凱基01購02  ,0,0,0,0,0,0,0,0,0,4000,0,0,0,45000,41000,4000,4000
064797,道瓊反元大01購01,0,0,0,0,0,0,0,0,0,4000,0,0,0,4000,0,4000,4000
2706,第一店          ,11000,7000,4000,0,0,0,0,0,0,0,0,0,0,0,0,0,4000
2642,宅配通          ,47000,43000,4000,0,0,0,0,0,0,0,0,0,0,0,0,0,4000
3321,同泰            ,9000,5000,4000,0,0,0,0,0,0,0,0,0,0,0,0,0,4000
3060,銘異            ,381000,378000,3000,0,0,0,0,0,0,1000,1000,0,1000,0,0,0,4000
3416,融程電          ,7000,4000,3000,0,0,0,0,0,0,1000,1000,0,1000,0,0,0,4000
2910,統領            ,4000,0,4000,0,0,0,0,0,0,0,0,0,0,0,0,0,4000
5225,東科-KY         ,16000,14000,2000,0,0,0,0,0,0,2000,2000,0,2000,0,0,0,4000
5546,永固-KY         ,10000,6000,4000,0,0,0,0,0,0,0,0,0,0,0,0,0,4000
6277,宏正            ,9000,24000,-15000,0,0,0,0,0,0,19000,19000,0,19000,0,0,0,4000
6409,旭隼            ,41000,38000,3000,0,0,0,0,0,0,1000,1000,0,1000,0,0,0,4000
9941A,裕融甲特        ,0,0,0,0,0,0,0,0,0,4000,4000,0,4000,0,0,0,4000
06979P,台灣50永豐9A售02,0,0,0,0,0,0,0,0,0,3000,0,0,0,3000,0,3000,3000
07062P,台積電元大99售15,0,0,0,0,0,0,0,0,0,3000,0,0,0,3000,0,3000,3000
066826,聯發科群益02購03,0,0,0,0,0,0,0,0,0,3000,0,0,0,5000,2000,3000,3000
06701P,臺股指統一99售06,0,0,0,0,0,0,0,0,0,3000,0,0,0,3000,0,3000,3000
065909,大立光永豐9C購02,0,0,0,0,0,0,0,0,0,3000,0,0,0,11000,8000,3000,3000
066347,鎧勝永豐01購01  ,0,0,0,0,0,0,0,0,0,3000,0,0,0,204000,201000,3000,3000
066377,健策兆豐01購02  ,0,0,0,0,0,0,0,0,0,3000,0,0,0,5000,2000,3000,3000
08241P,微星中信06售01  ,0,0,0,0,0,0,0,0,0,3000,0,0,0,3000,0,3000,3000
08182P,金像電永豐9B售01,0,0,0,0,0,0,0,0,0,3000,0,0,0,13000,10000,3000,3000
07339P,滬深2X凱基9A售03,0,0,0,0,0,0,0,0,0,3000,0,0,0,3000,0,3000,3000
1583,程泰            ,4000,1000,3000,0,0,0,0,0,0,0,0,0,0,0,0,0,3000
1110,東泥            ,11000,8000,3000,0,0,0,0,0,0,0,0,0,0,0,0,0,3000
1256,鮮活果汁-KY     ,9000,8000,1000,0,0,0,0,0,0,2000,2000,0,2000,0,0,0,3000
08720P,台光電元大01售03,0,0,0,0,0,0,0,0,0,3000,0,0,0,3000,0,3000,3000
08357P,聯發科元大9C售09,0,0,0,0,0,0,0,0,0,3000,0,0,0,23000,20000,3000,3000
08462P,臻鼎國票9C售02  ,0,0,0,0,0,0,0,0,0,3000,0,0,0,28000,25000,3000,3000
08538P,聯發科國票01售01,0,0,0,0,0,0,0,0,0,3000,0,0,0,173000,170000,3000,3000
057199,台達電元富02購01,0,0,0,0,0,0,0,0,0,3000,0,0,0,3000,0,3000,3000
057150,貿聯國票99購02  ,0,0,0,0,0,0,0,0,0,3000,0,0,0,3000,0,3000,3000
058464,矽創兆豐9A購01  ,0,0,0,0,0,0,0,0,0,3000,0,0,0,3000,0,3000,3000
058290,南電國票9A購01  ,0,0,0,0,0,0,0,0,0,3000,0,0,0,3000,0,3000,3000
058354,台積電凱基9A購06,0,0,0,0,0,0,0,0,0,3000,0,0,0,3000,0,3000,3000
057480,技嘉元大98購03  ,0,0,0,0,0,0,0,0,0,3000,0,0,0,4000,1000,3000,3000
061929,嘉澤凱基9B購01  ,0,0,0,0,0,0,0,0,0,3000,0,0,0,13000,10000,3000,3000
058163,道瓊反凱基9B購01,0,0,0,0,0,0,0,0,0,3000,0,0,0,3000,0,3000,3000
062035,瑞祺群益9B購01  ,0,0,0,0,0,0,0,0,0,3000,0,0,0,4000,1000,3000,3000
061792,和大永豐9B購01  ,0,0,0,0,0,0,0,0,0,3000,0,0,0,36000,33000,3000,3000
061643,嘉澤元大9A購05  ,0,0,0,0,0,0,0,0,0,3000,0,0,0,24000,21000,3000,3000
055949,亞德客元大97購04,0,0,0,0,0,0,0,0,0,3000,0,0,0,3000,0,3000,3000
055956,瑞昱元大97購05  ,0,0,0,0,0,0,0,0,0,3000,0,0,0,3000,0,3000,3000
056395,玉晶光永豐9B購01,0,0,0,0,0,0,0,0,0,3000,0,0,0,13000,10000,3000,3000
055519,茂林中信99購01  ,0,0,0,0,0,0,0,0,0,3000,0,0,0,3000,0,3000,3000
054733,鴻海凱基98購04  ,0,0,0,0,0,0,0,0,0,3000,0,0,0,343000,340000,3000,3000
058819,華通國泰9B購01  ,0,0,0,0,0,0,0,0,0,3000,0,0,0,3000,0,3000,3000
055159,玉晶光元大98購05,0,0,0,0,0,0,0,0,0,3000,0,0,0,3000,0,3000,3000
055330,上銀兆豐98購02  ,0,0,0,0,0,0,0,0,0,3000,0,0,0,3000,0,3000,3000
054526,道瓊反統一98購01,0,0,0,0,0,0,0,0,0,3000,0,0,0,13000,10000,3000,3000
054370,台積電中信9A購01,0,0,0,0,0,0,0,0,0,3000,0,0,0,30000,27000,3000,3000
056534,京元電凱基98購01,0,0,0,0,0,0,0,0,0,3000,0,0,0,10000,7000,3000,3000
056612,台積電永豐98購01,0,0,0,0,0,0,0,0,0,3000,0,0,0,50000,47000,3000,3000
056479,玉晶光元大99購05,0,0,0,0,0,0,0,0,0,3000,0,0,0,19000,16000,3000,3000
051907,台積電元大97購05,0,0,0,0,0,0,0,0,0,3000,0,0,0,3000,0,3000,3000
052801,友達元大9A購01  ,0,0,0,0,0,0,0,0,0,3000,0,0,0,3000,0,3000,3000
053036,聯電凱基98購01  ,0,0,0,0,0,0,0,0,0,3000,0,0,0,10000,7000,3000,3000
006204,永豐臺灣加權    ,0,0,0,0,0,0,0,0,0,3000,0,0,0,5000,2000,3000,3000
00742,新光內需收益    ,0,0,0,0,0,0,0,0,0,3000,250000,250000,0,505000,502000,3000,3000
061233,國巨元大9A購17  ,0,0,0,0,0,0,0,0,0,3000,0,0,0,3000,0,3000,3000
063084,可成凱基9C購01  ,0,0,0,0,0,0,0,0,0,3000,0,0,0,17000,14000,3000,3000
063076,柏文永豐9B購02  ,0,0,0,0,0,0,0,0,0,3000,0,0,0,3000,0,3000,3000
059733,緯穎元大99購08  ,0,0,0,0,0,0,0,0,0,3000,0,0,0,6000,3000,3000,3000
060202,康友元富9A購01  ,0,0,0,0,0,0,0,0,0,3000,0,0,0,10000,7000,3000,3000
060049,華通凱基99購06  ,0,0,0,0,0,0,0,0,0,3000,0,0,0,3000,0,3000,3000
060213,牧德康和9A購01  ,0,0,0,0,0,0,0,0,0,3000,0,0,0,3000,0,3000,3000
060412,儒鴻永豐9A購01  ,0,0,0,0,0,0,0,0,0,3000,0,0,0,53000,50000,3000,3000
061159,同欣電群益9A購01,0,0,0,0,0,0,0,0,0,3000,0,0,0,3000,0,3000,3000
060596,元黃金凱基9A購02,0,0,0,0,0,0,0,0,0,3000,0,0,0,20000,17000,3000,3000
060104,新日興元大99購03,0,0,0,0,0,0,0,0,0,3000,0,0,0,23000,20000,3000,3000
062341,台表科麥證9C購01,0,0,0,3000,0,3000,0,0,0,3000,0,0,0,3000,0,3000,3000
059252,聯詠凱基99購03  ,0,0,0,0,0,0,0,0,0,3000,0,0,0,3000,0,3000,3000
059334,A50正2國票9A購02,0,0,0,0,0,0,0,0,0,3000,0,0,0,41000,38000,3000,3000
059489,上証2X國票9A購01,0,0,0,0,0,0,0,0,0,3000,0,0,0,3000,0,3000,3000
059153,臺股指國票99購16,0,0,0,0,0,0,0,0,0,3000,0,0,0,6000,3000,3000,3000
05892P,大立光中信98售03,0,0,0,0,0,0,0,0,0,3000,0,0,0,3000,0,3000,3000
061529,國巨台新9A購02  ,0,0,0,0,0,0,0,0,0,3000,0,0,0,3000,0,3000,3000
061808,聯發科統一01購02,0,0,0,0,0,0,0,0,0,3000,0,0,0,3000,0,3000,3000
061469,瑞祺群益9A購02  ,0,0,0,0,0,0,0,0,0,3000,0,0,0,5000,2000,3000,3000
061452,大成鋼凱基9A購01,0,0,0,0,0,0,0,0,0,3000,0,0,0,70000,67000,3000,3000
064823,台積電統一01購09,0,0,0,0,0,0,0,0,0,3000,0,0,0,5000,2000,3000,3000
065325,亞光凱基9C購01  ,0,0,0,0,0,0,0,0,0,3000,0,0,0,59000,56000,3000,3000
065462,聯發科中信03購02,0,0,0,0,0,0,0,0,0,3000,0,0,0,3000,0,3000,3000
063830,智伸科國票01購01,0,0,0,0,0,0,0,0,0,3000,0,0,0,3000,0,3000,3000
063711,高鐵凱基9B購01  ,0,0,0,0,0,0,0,0,0,3000,0,0,0,3000,0,3000,3000
063636,聯發科元大9B購26,0,0,0,0,0,0,0,0,0,3000,0,0,0,3000,0,3000,3000
063418,京元電凱基9B購03,0,0,0,0,0,0,0,0,0,3000,0,0,0,3000,0,3000,3000
064187,亞光永豐9C購01  ,0,0,0,0,0,0,0,0,0,3000,0,0,0,13000,10000,3000,3000
9941,裕融            ,28000,25000,3000,0,0,0,0,0,0,0,0,0,0,0,0,0,3000
9927,泰銘            ,21000,27000,-6000,0,0,0,0,0,0,9000,9000,0,9000,0,0,0,3000
9925,新保            ,17000,14000,3000,0,0,0,0,0,0,0,0,0,0,0,0,0,3000
6205,詮欣            ,37000,35000,2000,0,0,0,0,0,0,1000,1000,0,1000,0,0,0,3000
6108,競國            ,23000,20000,3000,0,0,0,0,0,0,0,0,0,0,0,0,0,3000
4566,時碩工業        ,16000,13000,3000,0,0,0,0,0,0,0,0,0,0,0,0,0,3000
4526,東台            ,21000,19000,2000,0,0,0,0,0,0,1000,1000,0,1000,0,0,0,3000
2936,客思達-KY       ,3000,0,3000,0,0,0,0,0,0,0,0,0,0,0,0,0,3000
2897A,王道銀甲特      ,0,0,0,0,0,0,0,0,0,3000,3000,0,3000,0,0,0,3000
2889,國票金          ,1926000,2568000,-642000,0,0,0,0,0,0,645000,645000,0,645000,0,0,0,3000
3257,虹冠電          ,163000,160000,3000,0,0,0,0,0,0,0,0,0,0,0,0,0,3000
2008,高興昌          ,4000,1000,3000,0,0,0,0,0,0,0,0,0,0,0,0,0,3000
08433P,臺股指凱基03售01,0,0,0,0,0,0,0,0,0,2000,0,0,0,2000,0,2000,2000
08425P,世紀鋼元富9C售03,0,0,0,0,0,0,0,0,0,2000,0,0,0,32000,30000,2000,2000
1231,聯華食          ,19000,18000,1000,0,0,0,0,0,0,1000,1000,0,1000,0,0,0,2000
1617,榮星            ,30000,28000,2000,0,0,0,0,0,0,0,0,0,0,0,0,0,2000
1441,大東            ,7000,5000,2000,0,0,0,0,0,0,0,0,0,0,0,0,0,2000
07390P,華新科康和99售02,0,0,0,0,0,0,0,0,0,2000,0,0,0,2000,0,2000,2000
07094P,華通國票9A售03  ,0,0,0,0,0,0,0,0,0,2000,0,0,0,2000,0,2000,2000
07730P,臺股指凱基9A售22,0,0,0,0,0,0,0,0,0,2000,0,0,0,2000,0,2000,2000
07744P,奇力新凱基9A售05,0,0,0,0,0,0,0,0,0,2000,0,0,0,2000,0,2000,2000
07544P,大立光凱基9A售09,0,0,0,0,0,0,0,0,0,2000,0,0,0,27000,25000,2000,2000
08245P,台灣50群益9C售05,0,0,0,0,0,0,0,0,0,2000,0,0,0,2000,0,2000,2000
066380,瑞昱康和01購02  ,0,0,0,0,0,0,0,0,0,2000,0,0,0,2000,0,2000,2000
066419,聯發科元大01購11,0,0,0,0,0,0,0,0,0,2000,0,0,0,20000,18000,2000,2000
066675,滬深2X兆豐03購01,0,0,0,0,0,0,0,0,0,2000,0,0,0,4000,2000,2000,2000
00735,國泰臺韓科技    ,0,0,0,0,0,0,0,0,0,2000,0,0,0,142000,140000,2000,2000
0057,富邦摩台        ,0,0,0,0,0,0,0,0,0,2000,0,0,0,845000,843000,2000,2000
052536,聯茂國泰97購01  ,0,0,0,0,0,0,0,0,0,2000,0,0,0,2000,0,2000,2000
03010X,元展10          ,0,0,0,0,0,0,0,0,0,2000,0,0,0,2000,0,2000,2000
03064X,元展59          ,0,0,0,0,0,0,0,0,0,2000,0,0,0,2000,0,2000,2000
054174,宏達電台新97購01,0,0,0,0,0,0,0,0,0,2000,0,0,0,2000,0,2000,2000
051776,上証2X群益99購01,0,0,0,0,0,0,0,0,0,2000,0,0,0,2000,0,2000,2000
056468,鴻海元大98購07  ,0,0,0,0,0,0,0,0,0,2000,0,0,0,2000,0,2000,2000
049759,元黃金富邦9A購01,0,0,0,0,0,0,0,0,0,2000,0,0,0,2000,0,2000,2000
048270,T50反1富邦99購01,0,0,0,0,0,0,0,0,0,2000,0,0,0,2000,0,2000,2000
053088,奇鋐元大98購01  ,0,0,0,0,0,0,0,0,0,2000,0,0,0,2000,0,2000,2000
035275,台積電台新97購01,0,0,0,0,0,0,0,0,0,2000,0,0,0,2000,0,2000,2000
056542,緯創凱基98購01  ,0,0,0,0,0,0,0,0,0,2000,0,0,0,2000,0,2000,2000
054811,裕隆元大9A購01  ,0,0,0,0,0,0,0,0,0,2000,0,0,0,2000,0,2000,2000
057831,聯發科元富02購04,0,0,0,0,0,0,0,0,0,2000,0,0,0,2000,0,2000,2000
058721,立積元富9C購01  ,0,0,0,0,0,0,0,0,0,2000,0,0,0,2000,0,2000,2000
058661,臺股指中信9C購01,0,0,0,0,0,0,0,0,0,2000,0,0,0,2000,0,2000,2000
056140,康控元大98購01  ,0,0,0,0,0,0,0,0,0,2000,0,0,0,2000,0,2000,2000
054785,建準群益98購01  ,0,0,0,0,0,0,0,0,0,2000,0,0,0,2000,0,2000,2000
055515,聚陽中信9A購01  ,0,0,0,0,0,0,0,0,0,2000,0,0,0,2000,0,2000,2000
055439,台表科國票98購02,0,0,0,0,0,0,0,0,0,2000,0,0,0,32000,30000,2000,2000
055726,台表科元大98購03,0,0,0,0,0,0,0,0,0,2000,0,0,0,2000,0,2000,2000
056252,聯發科兆豐97購03,0,0,0,0,0,0,0,0,0,2000,0,0,0,2000,0,2000,2000
056263,友訊統一99購01  ,0,0,0,0,0,0,0,0,0,2000,0,0,0,2000,0,2000,2000
055796,南電國泰98購01  ,0,0,0,0,0,0,0,0,0,2000,0,0,0,2000,0,2000,2000
061771,玉晶光元大9C購04,0,0,0,0,0,0,0,0,0,2000,0,0,0,2000,0,2000,2000
061743,祥碩凱基9B購02  ,0,0,0,0,0,0,0,0,0,2000,0,0,0,2000,0,2000,2000
062030,旭富群益9B購01  ,0,0,0,0,0,0,0,0,0,2000,0,0,0,91000,89000,2000,2000
057421,智原凱基98購04  ,0,0,0,0,0,0,0,0,0,2000,0,0,0,2000,0,2000,2000
057397,茂林中信9A購01  ,0,0,0,0,0,0,0,0,0,2000,0,0,0,2000,0,2000,2000
058082,美律群益98購05  ,0,0,0,0,0,0,0,0,0,2000,0,0,0,2000,0,2000,2000
058141,嘉聯益元大99購05,0,0,0,0,0,0,0,0,0,2000,0,0,0,2000,0,2000,2000
057353,玉晶光統一99購01,0,0,0,0,0,0,0,0,0,2000,0,0,0,2000,0,2000,2000
058325,昇陽半永豐99購01,0,0,0,0,0,0,0,0,0,2000,0,0,0,5000,3000,2000,2000
058347,玉晶光群益9B購01,0,0,0,0,0,0,0,0,0,2000,0,0,0,5000,3000,2000,2000
058512,宏達電元大99購04,0,0,0,0,0,0,0,0,0,2000,0,0,0,2000,0,2000,2000
058610,欣興元大99購05  ,0,0,0,0,0,0,0,0,0,2000,0,0,0,2000,0,2000,2000
058592,聯發科統一9C購01,0,0,0,0,0,0,0,0,0,2000,0,0,0,2000,0,2000,2000
058230,國巨元大99購11  ,0,0,0,0,0,0,0,0,0,2000,0,0,0,3000,1000,2000,2000
058878,旭富國泰9B購01  ,0,0,0,0,0,0,0,0,0,2000,0,0,0,4000,2000,2000,2000
058055,華擎統一9A購01  ,0,0,0,0,0,0,0,0,0,2000,0,0,0,2000,0,2000,2000
058037,台灣50元大9B購02,0,0,0,0,0,0,0,0,0,2000,0,0,0,432000,430000,2000,2000
058019,美律凱基99購04  ,0,0,0,0,0,0,0,0,0,2000,0,0,0,2000,0,2000,2000
056712,京鼎永豐98購01  ,0,0,0,0,0,0,0,0,0,2000,0,0,0,95000,93000,2000,2000
056772,欣興元大99購01  ,0,0,0,0,0,0,0,0,0,2000,0,0,0,16000,14000,2000,2000
061453,台達電凱基9B購01,0,0,0,0,0,0,0,0,0,2000,0,0,0,2000,0,2000,2000
061334,華通元大9A購09  ,0,0,0,0,0,0,0,0,0,2000,0,0,0,2000,0,2000,2000
060680,玉晶光元大9C購03,0,0,0,0,0,0,0,0,0,2000,0,0,0,2000,0,2000,2000
061363,儒鴻國票9B購01  ,0,0,0,0,0,0,0,0,0,2000,0,0,0,2000,0,2000,2000
060713,聯詠永豐9A購01  ,0,0,0,0,0,0,0,0,0,2000,0,0,0,2000,0,2000,2000
060758,台積電元大9A購19,0,0,0,0,0,0,0,0,0,2000,0,0,0,2000,0,2000,2000
060746,玉晶光國票9B購02,0,0,0,0,0,0,0,0,0,2000,0,0,0,2000,0,2000,2000
058898,台積電元大99購20,0,0,0,0,0,0,0,0,0,2000,0,0,0,2000,0,2000,2000
059317,台積電元大99購34,0,0,0,0,0,0,0,0,0,2000,0,0,0,52000,50000,2000,2000
062634,玉晶光國票9B購03,0,0,0,0,0,0,0,0,0,2000,0,0,0,2000,0,2000,2000
062621,緯穎元大9B購05  ,0,0,0,0,0,0,0,0,0,2000,0,0,0,70000,68000,2000,2000
062622,南電元大9B購03  ,0,0,0,0,0,0,0,0,0,2000,0,0,0,10000,8000,2000,2000
062186,晶技元大9B購05  ,0,0,0,0,0,0,0,0,0,2000,0,0,0,2000,0,2000,2000
062125,嘉晶統一9B購01  ,0,0,0,0,0,0,0,0,0,2000,0,0,0,2000,0,2000,2000
062126,創意統一9B購01  ,0,0,0,0,0,0,0,0,0,2000,0,0,0,7000,5000,2000,2000
062138,力成群益9B購01  ,0,0,0,0,0,0,0,0,0,2000,0,0,0,2000,0,2000,2000
060468,聯鈞元大9A購02  ,0,0,0,0,0,0,0,0,0,2000,0,0,0,2000,0,2000,2000
061040,康友永豐9A購01  ,0,0,0,0,0,0,0,0,0,2000,0,0,0,2000,0,2000,2000
060406,瑞祺國泰9B購01  ,0,0,0,0,0,0,0,0,0,2000,0,0,0,2000,0,2000,2000
060322,卜蜂群益9A購01  ,0,0,0,0,0,0,0,0,0,2000,0,0,0,2000,0,2000,2000
060301,國巨富邦9C購02  ,0,0,0,0,0,0,0,0,0,2000,0,0,0,2000,0,2000,2000
059990,健策元大9A購01  ,0,0,0,0,0,0,0,0,0,2000,0,0,0,6000,4000,2000,2000
059972,S&P正2元大99購03,0,0,0,0,0,0,0,0,0,2000,0,0,0,2000,0,2000,2000
059675,大立光元富99購08,0,0,0,0,0,0,0,0,0,2000,0,0,0,98000,96000,2000,2000
059677,大立光台新99購01,0,0,0,0,0,0,0,0,0,2000,0,0,0,2000,0,2000,2000
063074,創意永豐9B購02  ,0,0,0,0,0,0,0,0,0,2000,0,0,0,2000,0,2000,2000
063042,同欣電凱基9C購01,0,0,0,0,0,0,0,0,0,2000,0,0,0,2000,0,2000,2000
062990,台積電群益9B購06,0,0,0,0,0,0,0,0,0,2000,0,0,0,39000,37000,2000,2000
063210,百和統一9C購01  ,0,0,0,0,0,0,0,0,0,2000,0,0,0,2000,0,2000,2000
063216,元黃金群益9B購02,0,0,0,0,0,0,0,0,0,2000,0,0,0,101000,99000,2000,2000
061259,台積電凱基9A購21,0,0,0,0,0,0,0,0,0,2000,0,0,0,4000,2000,2000,2000
061471,台積電元大9A購31,0,0,0,0,0,0,0,0,0,2000,0,0,0,2000,0,2000,2000
062806,世芯統一02購01  ,0,0,0,0,0,0,0,0,0,2000,0,0,0,10000,8000,2000,2000
064096,台積電群益9C購07,0,0,0,0,0,0,0,0,0,2000,0,0,0,112000,110000,2000,2000
063448,聯發科統一9C購11,0,0,0,0,0,0,0,0,0,2000,0,0,0,5000,3000,2000,2000
063946,聯發科元大9C購04,0,0,0,0,0,0,0,0,0,2000,0,0,0,2000,0,2000,2000
065413,玉晶光永豐9C購10,0,0,0,0,0,0,0,0,0,2000,0,0,0,2000,0,2000,2000
065558,嘉聯益凱基9C購02,0,0,0,0,0,0,0,0,0,2000,0,0,0,2000,0,2000,2000
065286,瑞昱群益9C購03  ,0,0,0,0,0,0,0,0,0,2000,0,0,0,2000,0,2000,2000
065707,聯詠群益9C購02  ,0,0,0,0,0,0,0,0,0,2000,0,0,0,2000,0,2000,2000
065757,新日興元大9C購06,0,0,0,0,0,0,0,0,0,2000,0,0,0,435000,433000,2000,2000
064693,玉晶光群益01購06,0,0,0,0,0,0,0,0,0,2000,0,0,0,2000,0,2000,2000
065131,晶技兆豐01購01  ,0,0,0,0,0,0,0,0,0,2000,0,0,0,2000,0,2000,2000
065182,南電元大9C購05  ,0,0,0,0,0,0,0,0,0,2000,0,0,0,4000,2000,2000,2000
065241,南電凱基01購02  ,0,0,0,0,0,0,0,0,0,2000,0,0,0,35000,33000,2000,2000
065212,瑞儀國票01購01  ,0,0,0,0,0,0,0,0,0,2000,0,0,0,40000,38000,2000,2000
065217,世芯國泰02購01  ,0,0,0,0,0,0,0,0,0,2000,0,0,0,10000,8000,2000,2000
064977,玉晶光元大01購03,0,0,0,0,0,0,0,0,0,2000,0,0,0,89000,87000,2000,2000
065011,智邦國泰02購01  ,0,0,0,0,0,0,0,0,0,2000,0,0,0,32000,30000,2000,2000
065069,臺股指群益9C購17,0,0,0,0,0,0,0,0,0,2000,0,0,0,2000,0,2000,2000
2712,遠雄來          ,3000,2000,1000,0,0,0,0,0,0,1000,1000,0,1000,0,0,0,2000
2891B,中信金乙特      ,0,0,0,0,0,0,0,0,0,2000,2000,0,2000,0,0,0,2000
2891C,中信金丙特      ,0,0,0,0,0,0,0,0,0,2000,2000,0,2000,0,0,0,2000
4576,大銀微系統      ,18000,17000,1000,0,0,0,0,0,0,1000,1000,0,1000,0,0,0,2000
9926,新海            ,3000,1000,2000,0,0,0,0,0,0,0,0,0,0,0,0,0,2000
8482,商億-KY         ,2000,0,2000,0,0,0,0,0,0,0,0,0,0,0,0,0,2000
8442,威宏-KY         ,2000,0,2000,0,0,0,0,0,0,0,0,0,0,0,0,0,2000
8473,山林水          ,9000,11000,-2000,0,0,0,0,0,0,4000,4000,0,4000,0,0,0,2000
066483,瑞昱元富01購01  ,0,0,0,0,0,0,0,0,0,1000,0,0,0,6000,5000,1000,1000
06731P,聯茂元大98售05  ,0,0,0,0,0,0,0,0,0,1000,0,0,0,1000,0,1000,1000
06939P,國巨永豐98售09  ,0,0,0,0,0,0,0,0,0,1000,0,0,0,1000,0,1000,1000
066357,昇陽半永豐01購01,0,0,0,0,0,0,0,0,0,1000,0,0,0,1000,0,1000,1000
065878,麗豐群益02購01  ,0,0,0,0,0,0,0,0,0,1000,0,0,0,11000,10000,1000,1000
08043P,電子類群益9B售01,0,0,0,0,0,0,0,0,0,1000,0,0,0,1000,0,1000,1000
07938P,國巨統一9B售10  ,0,0,0,0,0,0,0,0,0,1000,0,0,0,1000,0,1000,1000
07863P,華新科凱基9B售07,0,0,0,0,0,0,0,0,0,1000,0,0,0,1000,0,1000,1000
07833P,大立光群益9B售02,0,0,0,0,0,0,0,0,0,1000,0,0,0,1000,0,1000,1000
07505P,台勝科元大9A售01,0,0,0,0,0,0,0,0,0,1000,0,0,0,17000,16000,1000,1000
07640P,國巨群益9A售07  ,0,0,0,0,0,0,0,0,0,1000,0,0,0,1000,0,1000,1000
07615P,華通中信02售02  ,0,0,0,0,0,0,0,0,0,1000,0,0,0,1000,0,1000,1000
07599P,台灣50凱基04售05,0,0,0,0,0,0,0,0,0,1000,0,0,0,1000,0,1000,1000
07728P,臺股指凱基9A售20,0,0,0,0,0,0,0,0,0,1000,0,0,0,1000,0,1000,1000
07234P,台灣50元大9B售04,0,0,0,0,0,0,0,0,0,1000,0,0,0,1000,0,1000,1000
07406P,大立光凱基99售18,0,0,0,0,0,0,0,0,0,1000,0,0,0,1000,0,1000,1000
1324,地球            ,3000,3000,0,0,0,0,0,0,0,1000,1000,0,1000,0,0,0,1000
1516,川飛            ,4000,3000,1000,0,0,0,0,0,0,0,0,0,0,0,0,0,1000
1533,車王電          ,5000,5000,0,0,0,0,0,0,0,1000,1000,0,1000,0,0,0,1000
1525,江申            ,4000,3000,1000,0,0,0,0,0,0,0,0,0,0,0,0,0,1000
08428P,GIS國票01售01   ,0,0,0,0,0,0,0,0,0,1000,0,0,0,61000,60000,1000,1000
08335P,香港2X中信03售01,0,0,0,0,0,0,0,0,0,1000,0,0,0,1000,0,1000,1000
08573P,台積電凱基9C售06,0,0,0,0,0,0,0,0,0,1000,0,0,0,11000,10000,1000,1000
056791,嘉聯益群益98購01,0,0,0,0,0,0,0,0,0,1000,0,0,0,11000,10000,1000,1000
057886,聯詠群益98購01  ,0,0,0,0,0,0,0,0,0,1000,0,0,0,11000,10000,1000,1000
056855,祥碩中信98購02  ,0,0,0,0,0,0,0,0,0,1000,0,0,0,1000,0,1000,1000
057991,健策統一9C購01  ,0,0,0,0,0,0,0,0,0,1000,0,0,0,1000,0,1000,1000
056943,華通統一99購01  ,0,0,0,0,0,0,0,0,0,1000,0,0,0,1000,0,1000,1000
057135,立積凱基98購01  ,0,0,0,0,0,0,0,0,0,1000,0,0,0,1000,0,1000,1000
057162,上銀元大98購03  ,0,0,0,0,0,0,0,0,0,1000,0,0,0,1000,0,1000,1000
058187,泰碩永豐99購01  ,0,0,0,0,0,0,0,0,0,1000,0,0,0,1000,0,1000,1000
058191,祥碩永豐99購01  ,0,0,0,0,0,0,0,0,0,1000,0,0,0,1000,0,1000,1000
058600,國巨元大99購15  ,0,0,0,0,0,0,0,0,0,1000,0,0,0,11000,10000,1000,1000
058601,台積電元大99購10,0,0,0,0,0,0,0,0,0,1000,0,0,0,1000,0,1000,1000
058639,南電兆豐99購01  ,0,0,0,0,0,0,0,0,0,1000,0,0,0,3000,2000,1000,1000
058367,大立光凱基9A購01,0,0,0,0,0,0,0,0,0,1000,0,0,0,1000,0,1000,1000
058848,台積電群益99購07,0,0,0,0,0,0,0,0,0,1000,0,0,0,1000,0,1000,1000
056997,台灣50康和9A購02,0,0,0,0,0,0,0,0,0,1000,0,0,0,1000,0,1000,1000
056987,南茂群益98購01  ,0,0,0,0,0,0,0,0,0,1000,0,0,0,1000,0,1000,1000
057270,遠東新元大98購01,0,0,0,0,0,0,0,0,0,1000,0,0,0,1000,0,1000,1000
057250,大立光統一98購08,0,0,0,0,0,0,0,0,0,1000,0,0,0,1000,0,1000,1000
058088,鴻海元大9A購01  ,0,0,0,0,0,0,0,0,0,1000,0,0,0,1000,0,1000,1000
057437,可成國票99購01  ,0,0,0,0,0,0,0,0,0,1000,0,0,0,170000,169000,1000,1000
057612,瑞昱元富02購01  ,0,0,0,0,0,0,0,0,0,1000,0,0,0,1000,0,1000,1000
057636,上銀元大98購06  ,0,0,0,0,0,0,0,0,0,1000,0,0,0,113000,112000,1000,1000
061976,國巨元大9B購01  ,0,0,0,0,0,0,0,0,0,1000,0,0,0,1000,0,1000,1000
061781,台積電群益9C購01,0,0,0,0,0,0,0,0,0,1000,0,0,0,1000,0,1000,1000
061786,義隆群益9B購01  ,0,0,0,0,0,0,0,0,0,1000,0,0,0,1000,0,1000,1000
055814,晶豪科國票97購02,0,0,0,0,0,0,0,0,0,1000,0,0,0,1000,0,1000,1000
054635,台達電中信98購01,0,0,0,0,0,0,0,0,0,1000,0,0,0,1000,0,1000,1000
056192,智邦富邦98購01  ,0,0,0,0,0,0,0,0,0,1000,0,0,0,1000,0,1000,1000
055700,緯穎國泰98購02  ,0,0,0,0,0,0,0,0,0,1000,0,0,0,1000,0,1000,1000
055569,聚陽統一98購01  ,0,0,0,0,0,0,0,0,0,1000,0,0,0,1000,0,1000,1000
056367,祥碩元大98購01  ,0,0,0,0,0,0,0,0,0,1000,0,0,0,1000,0,1000,1000
056419,欣興元富98購02  ,0,0,0,0,0,0,0,0,0,1000,0,0,0,1000,0,1000,1000
056444,南亞科凱基99購01,0,0,0,0,0,0,0,0,0,1000,0,0,0,11000,10000,1000,1000
056065,奇鋐元大97購01  ,0,0,0,0,0,0,0,0,0,1000,0,0,0,100000,99000,1000,1000
057832,聯發科元富02購05,0,0,0,0,0,0,0,0,0,1000,0,0,0,1000,0,1000,1000
057802,卜蜂元大98購01  ,0,0,0,0,0,0,0,0,0,1000,0,0,0,1000,0,1000,1000
058777,台光電國票9A購01,0,0,0,0,0,0,0,0,0,1000,0,0,0,1000,0,1000,1000
058757,道瓊銀群益9A購02,0,0,0,0,0,0,0,0,0,1000,0,0,0,1000,0,1000,1000
056694,欣興群益98購04  ,0,0,0,0,0,0,0,0,0,1000,0,0,0,1000,0,1000,1000
058731,貿聯永豐99購02  ,0,0,0,0,0,0,0,0,0,1000,0,0,0,2000,1000,1000,1000
054872,瀚宇博群益98購01,0,0,0,0,0,0,0,0,0,1000,0,0,0,21000,20000,1000,1000
054962,玉晶光元大99購02,0,0,0,0,0,0,0,0,0,1000,0,0,0,1000,0,1000,1000
055002,群創元富99購04  ,0,0,0,0,0,0,0,0,0,1000,0,0,0,1000,0,1000,1000
055380,智易元大98購02  ,0,0,0,0,0,0,0,0,0,1000,0,0,0,1000,0,1000,1000
057744,健策永豐98購02  ,0,0,0,0,0,0,0,0,0,1000,0,0,0,1000,0,1000,1000
055417,健策富邦98購02  ,0,0,0,0,0,0,0,0,0,1000,0,0,0,1000,0,1000,1000
056538,國泰金凱基98購01,0,0,0,0,0,0,0,0,0,1000,0,0,0,11000,10000,1000,1000
056610,鴻海永豐98購01  ,0,0,0,0,0,0,0,0,0,1000,0,0,0,3000,2000,1000,1000
056594,台積電元富98購03,0,0,0,0,0,0,0,0,0,1000,0,0,0,21000,20000,1000,1000
054547,鴻海凱基98購02  ,0,0,0,0,0,0,0,0,0,1000,0,0,0,1000,0,1000,1000
036630,玉山金台新99購01,0,0,0,0,0,0,0,0,0,1000,0,0,0,1000,0,1000,1000
03670C,元油2X元富99牛01,0,0,0,0,0,0,0,0,0,1000,0,0,0,1000,0,1000,1000
03674C,臺股指元富9C牛02,0,0,0,0,0,0,0,0,0,1000,0,0,0,1000,0,1000,1000
047211,華新科富邦99購01,0,0,0,0,0,0,0,0,0,1000,0,0,0,1000,0,1000,1000
03678C,臺股指凱基01牛02,0,0,0,0,0,0,0,0,0,1000,0,0,0,1000,0,1000,1000
048070,聯發科元富99購03,0,0,0,0,0,0,0,0,0,1000,0,0,0,6000,5000,1000,1000
03009X,元展09          ,0,0,0,0,0,0,0,0,0,1000,0,0,0,1000,0,1000,1000
054128,台積電元大97購10,0,0,0,0,0,0,0,0,0,1000,0,0,0,1000,0,1000,1000
053458,聯詠國泰97購01  ,0,0,0,0,0,0,0,0,0,1000,0,0,0,1000,0,1000,1000
053388,群創元大9C購02  ,0,0,0,0,0,0,0,0,0,1000,0,0,0,1000,0,1000,1000
053732,S&P反1中信9C購01,0,0,0,0,0,0,0,0,0,1000,0,0,0,1000,0,1000,1000
00661,元大日經225     ,0,0,0,0,0,0,0,0,0,1000,0,0,0,1000,0,1000,1000
020011,統一微波高息20N ,0,0,0,0,0,0,0,0,0,1000,0,0,0,22000,21000,1000,1000
053342,全新國票99購01  ,0,0,0,0,0,0,0,0,0,1000,0,0,0,1000,0,1000,1000
060946,世紀鋼國票9A購02,0,0,0,0,0,0,0,0,0,1000,0,0,0,58000,57000,1000,1000
062861,世芯國票9C購01  ,0,0,0,0,0,0,0,0,0,1000,0,0,0,2000,1000,1000,1000
061303,玉晶光永豐9B購03,0,0,0,0,0,0,0,0,0,1000,0,0,0,2000,1000,1000,1000
058982,台積電凱基99購08,0,0,0,0,0,0,0,0,0,1000,0,0,0,1000,0,1000,1000
061255,道瓊反凱基9C購01,0,0,0,0,0,0,0,0,0,1000,0,0,0,1000,0,1000,1000
061246,玉晶光群益9A購08,0,0,0,0,0,0,0,0,0,1000,0,0,0,1000,0,1000,1000
061282,台積電統一9C購06,0,0,0,0,0,0,0,0,0,1000,0,0,0,1000,0,1000,1000
061274,臺股指凱基9A購24,0,0,0,0,0,0,0,0,0,1000,0,0,0,1000,0,1000,1000
063019,聯發科元大9C購01,0,0,0,0,0,0,0,0,0,1000,0,0,0,1000,0,1000,1000
063007,儒鴻元大9B購01  ,0,0,0,0,0,0,0,0,0,1000,0,0,0,1000,0,1000,1000
063107,矽創群益9B購01  ,0,0,0,0,0,0,0,0,0,1000,0,0,0,98000,97000,1000,1000
059068,台虹國票9A購01  ,0,0,0,0,0,0,0,0,0,1000,0,0,0,56000,55000,1000,1000
059082,華通元大99購06  ,0,0,0,0,0,0,0,0,0,1000,0,0,0,1000,0,1000,1000
059084,鴻海元大99購24  ,0,0,0,0,0,0,0,0,0,1000,0,0,0,1000,0,1000,1000
059145,創意國票99購02  ,0,0,0,0,0,0,0,0,0,1000,0,0,0,3000,2000,1000,1000
059128,友達中信99購02  ,0,0,0,0,0,0,0,0,0,1000,0,0,0,1000,0,1000,1000
060051,台積電凱基9B購01,0,0,0,0,0,0,0,0,0,1000,0,0,0,1000,0,1000,1000
060042,台積電群益99購12,0,0,0,0,0,0,0,0,0,1000,0,0,0,1000,0,1000,1000
060077,台積電台新9B購01,0,0,0,0,0,0,0,0,0,1000,0,0,0,1000,0,1000,1000
060060,台積電兆豐99購05,0,0,0,0,0,0,0,0,0,1000,0,0,0,1000,0,1000,1000
060290,興富發元大9C購01,0,0,0,0,0,0,0,0,0,1000,0,0,0,51000,50000,1000,1000
061054,台積電群益9A購04,0,0,0,0,0,0,0,0,0,1000,0,0,0,1000,0,1000,1000
061157,聯鈞群益9A購02  ,0,0,0,0,0,0,0,0,0,1000,0,0,0,1000,0,1000,1000
061064,可成凱基9B購02  ,0,0,0,0,0,0,0,0,0,1000,0,0,0,3000,2000,1000,1000
060467,神基元大9A購01  ,0,0,0,0,0,0,0,0,0,1000,0,0,0,21000,20000,1000,1000
060485,華新科富邦9C購04,0,0,0,0,0,0,0,0,0,1000,0,0,0,1000,0,1000,1000
060101,大立光元大99購31,0,0,0,0,0,0,0,0,0,1000,0,0,0,1000,0,1000,1000
062613,臺指反元大02購10,0,0,0,0,0,0,0,0,0,1000,0,0,0,1000,0,1000,1000
062369,創意元大9B購01  ,0,0,0,0,0,0,0,0,0,1000,0,0,0,3000,2000,1000,1000
062439,聯發科元大9B購10,0,0,0,0,0,0,0,0,0,1000,0,0,0,1000,0,1000,1000
062448,健策元大9C購04  ,0,0,0,0,0,0,0,0,0,1000,0,0,0,13000,12000,1000,1000
059370,玉晶光元富99購02,0,0,0,0,0,0,0,0,0,1000,0,0,0,3000,2000,1000,1000
059415,台灣50元大9A購03,0,0,0,0,0,0,0,0,0,1000,0,0,0,5000,4000,1000,1000
058934,台灣50中信03購03,0,0,0,0,0,0,0,0,0,1000,0,0,0,1000,0,1000,1000
059176,臺股指凱基99購27,0,0,0,0,0,0,0,0,0,1000,0,0,0,2000,1000,1000,1000
062528,全新統一9C購01  ,0,0,0,0,0,0,0,0,0,1000,0,0,0,1000,0,1000,1000
062536,玉晶光麥證9B購01,0,0,0,1000,0,1000,0,0,0,1000,0,0,0,1000,0,1000,1000
062503,玉晶光群益01購03,0,0,0,0,0,0,0,0,0,1000,0,0,0,3000,2000,1000,1000
062222,華新科統一9B購04,0,0,0,0,0,0,0,0,0,1000,0,0,0,1000,0,1000,1000
061376,瑞昱永豐9A購02  ,0,0,0,0,0,0,0,0,0,1000,0,0,0,1000,0,1000,1000
061855,台郡國票9B購01  ,0,0,0,0,0,0,0,0,0,1000,0,0,0,1000,0,1000,1000
061898,茂林永豐9B購01  ,0,0,0,0,0,0,0,0,0,1000,0,0,0,1000,0,1000,1000
059771,台積電群益99購11,0,0,0,0,0,0,0,0,0,1000,0,0,0,1000,0,1000,1000
060624,玉晶光元大9C購02,0,0,0,0,0,0,0,0,0,1000,0,0,0,1000,0,1000,1000
060610,玉晶光凱基9B購02,0,0,0,0,0,0,0,0,0,1000,0,0,0,1000,0,1000,1000
064913,燿華統一02購01  ,0,0,0,0,0,0,0,0,0,1000,0,0,0,36000,35000,1000,1000
065222,玉晶光永豐9C購07,0,0,0,0,0,0,0,0,0,1000,0,0,0,6000,5000,1000,1000
065176,玉晶光元大01購04,0,0,0,0,0,0,0,0,0,1000,0,0,0,1000,0,1000,1000
06510P,燿華永豐98售03  ,0,0,0,0,0,0,0,0,0,1000,0,0,0,1000,0,1000,1000
065841,國巨元大9C購20  ,0,0,0,0,0,0,0,0,0,1000,0,0,0,1000,0,1000,1000
06527P,T50正2富邦9C售01,0,0,0,0,0,0,0,0,0,1000,0,0,0,1000,0,1000,1000
065324,聯發科凱基9C購10,0,0,0,0,0,0,0,0,0,1000,0,0,0,1000,0,1000,1000
065553,聯詠凱基9C購03  ,0,0,0,0,0,0,0,0,0,1000,0,0,0,54000,53000,1000,1000
065458,立積元富03購02  ,0,0,0,0,0,0,0,0,0,1000,0,0,0,1000,0,1000,1000
065480,旭富元大9C購06  ,0,0,0,0,0,0,0,0,0,1000,0,0,0,71000,70000,1000,1000
063782,致新永豐9B購02  ,0,0,0,0,0,0,0,0,0,1000,0,0,0,68000,67000,1000,1000
063601,金像電凱基01購01,0,0,0,0,0,0,0,0,0,1000,0,0,0,100000,99000,1000,1000
06363P,臺股指麥證97售02,0,0,0,1000,0,1000,0,0,0,1000,0,0,0,1000,0,1000,1000
063526,台光電凱基9B購04,0,0,0,0,0,0,0,0,0,1000,0,0,0,1000,0,1000,1000
063291,緯穎元大01購01  ,0,0,0,0,0,0,0,0,0,1000,0,0,0,1000,0,1000,1000
063349,台郡統一9C購01  ,0,0,0,0,0,0,0,0,0,1000,0,0,0,1000,0,1000,1000
063329,健策國票9C購01  ,0,0,0,0,0,0,0,0,0,1000,0,0,0,4000,3000,1000,1000
064039,亞德客統一02購01,0,0,0,0,0,0,0,0,0,1000,0,0,0,11000,10000,1000,1000
064341,聯詠元大9C購01  ,0,0,0,0,0,0,0,0,0,1000,0,0,0,61000,60000,1000,1000
064397,旭富永豐9C購01  ,0,0,0,0,0,0,0,0,0,1000,0,0,0,41000,40000,1000,1000
064364,高鐵統一9C購02  ,0,0,0,0,0,0,0,0,0,1000,0,0,0,2000,1000,1000,1000
064438,大立光凱基01購03,0,0,0,0,0,0,0,0,0,1000,0,0,0,1000,0,1000,1000
064459,創意統一02購01  ,0,0,0,0,0,0,0,0,0,1000,0,0,0,1000,0,1000,1000
064534,京元電國票01購01,0,0,0,0,0,0,0,0,0,1000,0,0,0,1000,0,1000,1000
911868,同方友友-DR     ,1000,0,1000,0,0,0,0,0,0,0,0,0,0,0,0,0,1000
9912,偉聯            ,4000,3000,1000,0,0,0,0,0,0,0,0,0,0,0,0,0,1000
3701,大眾控          ,1000,0,1000,0,0,0,0,0,0,0,0,0,0,0,0,0,1000
2881B,富邦金乙特      ,0,0,0,0,0,0,0,0,0,1000,1000,0,1000,0,0,0,1000
2882B,國泰金乙特      ,0,0,0,0,0,0,0,0,0,1000,1000,0,1000,0,0,0,1000
2852,第一保          ,0,0,0,0,0,0,0,0,0,1000,1000,0,1000,0,0,0,1000
2832,台產            ,6000,5000,1000,0,0,0,0,0,0,0,0,0,0,0,0,0,1000
2701,萬企            ,1000,0,1000,0,0,0,0,0,0,0,0,0,0,0,0,0,1000
2702,華園            ,8000,7000,1000,0,0,0,0,0,0,0,0,0,0,0,0,0,1000
2002A,中鋼特          ,0,0,0,0,0,0,0,0,0,1000,1000,0,1000,0,0,0,1000
2069,運錩            ,0,0,0,0,0,0,0,0,0,1000,1000,0,1000,0,0,0,1000
1776,展宇            ,4000,3000,1000,0,0,0,0,0,0,0,0,0,0,0,0,0,1000
1783,和康生          ,70000,70000,0,0,0,0,0,0,0,1000,1000,0,1000,0,0,0,1000
1725,元禎            ,2000,1000,1000,0,0,0,0,0,0,0,0,0,0,0,0,0,1000
08620P,聯發科群益9C售15,0,0,0,0,0,0,0,0,0,0,0,0,0,10000,10000,0,0
08507P,臺股指國票9C售08,0,0,0,0,0,0,0,0,0,0,0,0,0,60000,60000,0,0
1521,大億            ,1000,2000,-1000,0,0,0,0,0,0,1000,1000,0,1000,0,0,0,0
1233,天仁            ,1000,1000,0,0,0,0,0,0,0,0,0,0,0,0,0,0,0
07370P,南亞科凱基99售08,0,0,0,0,0,0,0,0,0,0,0,0,0,1000,1000,0,0
07122P,欣興凱基99售05  ,0,0,0,0,0,0,0,0,0,0,0,0,0,110000,110000,0,0
07151P,台灣50統一9B售04,0,0,0,0,0,0,0,0,0,0,0,0,0,1000,1000,0,0
07146P,瑞昱元大99售02  ,0,0,0,0,0,0,0,0,0,0,0,0,0,20000,20000,0,0
07678P,大立光群益9A售03,0,0,0,0,0,0,0,0,0,0,0,0,0,12000,12000,0,0
07792P,牧德元大9A售04  ,0,0,0,0,0,0,0,0,0,0,0,0,0,15000,15000,0,0
07611P,大立光國票9A售05,0,0,0,0,0,0,0,0,0,0,0,0,0,11000,11000,0,0
07587P,台灣50國票9A售11,0,0,0,0,0,0,0,0,0,0,0,0,0,80000,80000,0,0
07928P,國巨統一9B售09  ,0,0,0,0,0,0,0,0,0,0,0,0,0,10000,10000,0,0
07903P,台積電群益9B售03,0,0,0,0,0,0,0,0,0,0,0,0,0,56000,56000,0,0
08222P,南六凱基9B售05  ,0,0,0,0,0,0,0,0,0,0,0,0,0,100000,100000,0,0
08080P,祥碩國票9B售03  ,0,0,0,0,0,0,0,0,0,0,0,0,0,419000,419000,0,0
08114P,國巨凱基9B售11  ,0,0,0,0,0,0,0,0,0,0,0,0,0,20000,20000,0,0
065918,可成凱基01購01  ,0,0,0,0,0,0,0,0,0,0,0,0,0,1000,1000,0,0
065922,鴻海麥證01購01  ,0,0,0,0,27000,-27000,0,0,0,0,0,0,0,27000,27000,0,0
065929,TPK國票02購01   ,0,0,0,0,0,0,0,0,0,0,0,0,0,38000,38000,0,0
065963,鴻海元大01購05  ,0,0,0,0,0,0,0,0,0,0,0,0,0,7000,7000,0,0
065980,中租元大02購01  ,0,0,0,0,0,0,0,0,0,0,0,0,0,10000,10000,0,0
066075,景碩凱基02購01  ,0,0,0,0,0,0,0,0,0,0,0,0,0,24000,24000,0,0
066155,華碩康和01購01  ,0,0,0,0,0,0,0,0,0,0,0,0,0,55000,55000,0,0
066133,京元電群益01購01,0,0,0,0,0,0,0,0,0,0,0,0,0,15000,15000,0,0
066136,景碩群益01購02  ,0,0,0,0,0,0,0,0,0,0,0,0,0,2000,2000,0,0
066381,景碩康和01購01  ,0,0,0,0,0,0,0,0,0,0,0,0,0,2000,2000,0,0
066390,鴻海凱基02購03  ,0,0,0,0,0,0,0,0,0,0,0,0,0,25000,25000,0,0
066393,華碩凱基01購01  ,0,0,0,0,0,0,0,0,0,0,0,0,0,4000,4000,0,0
066420,宏達電元大02購01,0,0,0,0,0,0,0,0,0,0,0,0,0,11000,11000,0,0
066418,京元電元大01購02,0,0,0,0,0,0,0,0,0,0,0,0,0,24000,24000,0,0
066423,智原元大01購02  ,0,0,0,0,0,0,0,0,0,0,0,0,0,205000,205000,0,0
066442,華碩群益01購01  ,0,0,0,0,0,0,0,0,0,0,0,0,0,26000,26000,0,0
06631P,玉晶光群益9A售03,0,0,0,0,0,0,0,0,0,0,0,0,0,50000,50000,0,0
066268,宏達電元大01購02,0,0,0,0,0,0,0,0,0,0,0,0,0,1000,1000,0,0
06937P,GIS元大98售03   ,0,0,0,0,0,0,0,0,0,0,0,0,0,10000,10000,0,0
07013P,玉晶光群益9A售06,0,0,0,0,0,0,0,0,0,0,0,0,0,62000,62000,0,0
07078P,鴻海群益99售02  ,0,0,0,0,0,0,0,0,0,0,0,0,0,10000,10000,0,0
07037P,台積電台新99售03,0,0,0,0,0,0,0,0,0,0,0,0,0,10000,10000,0,0
06919P,臺股指日盛98售02,0,0,0,0,0,0,0,0,0,0,0,0,0,20000,20000,0,0
06741P,台積電富邦98售04,0,0,0,0,0,0,0,0,0,0,0,0,0,100000,100000,0,0
06758P,鴻海元大98售10  ,0,0,0,0,0,0,0,0,0,0,0,0,0,31000,31000,0,0
066982,嘉晶群益02購01  ,0,0,0,0,0,0,0,0,0,0,0,0,0,5000,5000,0,0
066845,亞光元大01購02  ,0,0,0,0,0,0,0,0,0,0,0,0,0,3000,3000,0,0
06687P,A50正2中信9A售01,0,0,0,0,0,0,0,0,0,0,0,0,0,30000,30000,0,0
06689P,鴻海中信9C售02  ,0,0,0,0,0,0,0,0,0,0,0,0,0,90000,90000,0,0
066479,國巨元富07購01  ,0,0,0,0,0,0,0,0,0,0,0,0,0,30000,30000,0,0
066546,鴻海元大01購10  ,0,0,0,0,0,0,0,0,0,0,0,0,0,4000,4000,0,0
066601,上証2X富邦02購01,0,0,0,0,0,0,0,0,0,0,0,0,0,10000,10000,0,0
066628,宏達電凱基03購01,0,0,0,0,0,0,0,0,0,0,0,0,0,1000,1000,0,0
066671,TPK凱基02購02   ,0,0,0,0,0,0,0,0,0,0,0,0,0,9000,9000,0,0
066650,宏達電康和01購01,0,0,0,0,0,0,0,0,0,0,0,0,0,11000,11000,0,0
066775,智原富邦03購01  ,0,0,0,0,0,0,0,0,0,0,0,0,0,10000,10000,0,0
066769,嘉基永豐01購02  ,0,0,0,0,0,0,0,0,0,0,0,0,0,31000,31000,0,0
066700,瑞昱群益01購01  ,0,0,0,0,0,0,0,0,0,0,0,0,0,5000,5000,0,0
00865B,國泰US短期公債  ,0,0,0,0,0,0,0,0,0,0,0,0,0,100000,100000,0,0
00775B,新光投等債15+   ,0,0,0,0,0,0,0,0,0,0,0,0,0,2000,2000,0,0
00774B,新光中國政金綠債,0,0,0,0,0,0,0,0,0,0,0,0,0,2000,2000,0,0
00732,國泰RMB短期報酬 ,0,0,0,0,0,0,0,0,0,0,0,0,0,100000,100000,0,0
00707R,元大S&P日圓反1  ,0,0,0,0,0,0,0,0,0,0,0,0,0,1000,1000,0,0
00657,國泰日經225     ,0,0,0,0,0,0,0,0,0,0,0,0,0,101000,101000,0,0
00657K,國泰日經225+U   ,0,0,0,0,0,0,0,0,0,0,0,0,0,100,100,0,0
00654R,富邦印度反1     ,0,0,0,0,0,0,0,0,0,0,0,0,0,5000,5000,0,0
00668K,國泰美國道瓊+U  ,0,0,0,0,0,0,0,0,0,0,0,0,0,100,100,0,0
00689R,國泰20年美債反1 ,0,0,0,0,0,0,0,0,0,0,0,0,0,100000,100000,0,0
00625K,富邦上証+R      ,0,0,0,0,0,0,0,0,0,0,0,0,0,50000,50000,0,0
00636K,國泰中國A50+U   ,0,0,0,0,0,0,0,0,0,0,0,0,0,100,100,0,0
053582,英業達元大97購01,0,0,0,0,0,0,0,0,0,0,0,0,0,3000,3000,0,0
053588,聯發科元大97購07,0,0,0,0,0,0,0,0,0,0,0,0,0,35000,35000,0,0
052681,T50反1元大98購02,0,0,0,0,0,0,0,0,0,0,0,0,0,10000,10000,0,0
052698,深中小國票99購01,0,0,0,0,0,0,0,0,0,0,0,0,0,1000,1000,0,0
050306,聯發科中信97購01,0,0,0,0,0,0,0,0,0,0,0,0,0,342000,342000,0,0
050714,深中小群益98購01,0,0,0,0,0,0,0,0,0,0,0,0,0,1000,1000,0,0
051047,深中小群益99購01,0,0,0,0,0,0,0,0,0,0,0,0,0,1000,1000,0,0
045054,聯發科元富98購02,0,0,0,0,0,0,0,0,0,0,0,0,0,200000,200000,0,0
045055,聯發科元富98購03,0,0,0,0,0,0,0,0,0,0,0,0,0,30000,30000,0,0
053291,旺宏中信9A購01  ,20000,0,20000,0,0,0,0,0,0,-20000,0,0,0,0,20000,-20000,0
054437,欣興台新97購02  ,0,0,0,0,0,0,0,0,0,0,0,0,0,21000,21000,0,0
054378,楠梓電群益98購01,0,0,0,0,0,0,0,0,0,0,0,0,0,10000,10000,0,0
054468,台郡凱基98購01  ,0,0,0,0,0,0,0,0,0,0,0,0,0,35000,35000,0,0
056681,鴻海統一98購09  ,0,0,0,0,0,0,0,0,0,0,0,0,0,15000,15000,0,0
054297,台郡元大98購01  ,0,0,0,0,0,0,0,0,0,0,0,0,0,11000,11000,0,0
056530,旺宏凱基98購06  ,0,0,0,0,0,0,0,0,0,0,0,0,0,50000,50000,0,0
056498,A50正2富邦9B購01,0,0,0,0,0,0,0,0,0,0,0,0,0,20000,20000,0,0
056505,聯發科永豐98購01,0,0,0,0,0,0,0,0,0,0,0,0,0,1000000,1000000,0,0
057670,欣興元大99購02  ,0,0,0,0,0,0,0,0,0,0,0,0,0,9000,9000,0,0
055382,台郡元大99購01  ,0,0,0,0,0,0,0,0,0,0,0,0,0,7000,7000,0,0
054923,晶技凱基98購01  ,0,0,0,0,0,0,0,0,0,0,0,0,0,8000,8000,0,0
056682,鴻海統一98購10  ,0,0,0,0,0,0,0,0,0,0,0,0,0,14000,14000,0,0
058792,鴻海元大99購18  ,0,0,0,0,0,0,0,0,0,0,0,0,0,10000,10000,0,0
057784,台積電國票9B購01,0,0,0,0,0,0,0,0,0,0,0,0,0,1000,1000,0,0
057758,鴻海凱基99購03  ,0,0,0,0,0,0,0,0,0,0,0,0,0,15000,15000,0,0
058685,TPK凱基99購01   ,0,0,0,0,0,0,0,0,0,0,0,0,0,9000,9000,0,0
058705,長榮航元大99購01,0,0,0,0,0,0,0,0,0,0,0,0,0,68000,68000,0,0
056124,華通國票98購02  ,0,0,0,0,0,0,0,0,0,0,0,0,0,27000,27000,0,0
056070,新日興元大97購04,0,0,0,0,0,0,0,0,0,0,0,0,0,20000,20000,0,0
056132,台光電元大97購03,0,0,0,0,0,0,0,0,0,0,0,0,0,7000,7000,0,0
056182,台光電統一97購03,0,0,0,0,0,0,0,0,0,0,0,0,0,10000,10000,0,0
054743,聯鈞凱基99購01  ,0,0,0,0,0,0,0,0,0,0,0,0,0,20000,20000,0,0
056435,台積電凱基98購09,0,0,0,0,0,0,0,0,0,0,0,0,0,1000,1000,0,0
056425,聯發科日盛9A購01,0,0,0,0,0,0,0,0,0,0,0,0,0,1000,1000,0,0
055624,聯發科富邦99購07,0,0,0,0,0,0,0,0,0,0,0,0,0,100000,100000,0,0
055994,聯發科國泰99購02,0,0,0,0,0,0,0,0,0,0,0,0,0,111000,111000,0,0
055919,景碩凱基98購02  ,0,0,0,0,0,0,0,0,0,0,0,0,0,1000,1000,0,0
055774,台光電凱基97購02,0,0,0,0,0,0,0,0,0,0,0,0,0,10000,10000,0,0
056298,億光元大97購02  ,0,0,0,0,0,0,0,0,0,0,0,0,0,71000,71000,0,0
056354,國巨元大98購10  ,0,0,0,0,0,0,0,0,0,0,0,0,0,1000,1000,0,0
056365,欣興元大98購01  ,0,0,0,0,0,0,0,0,0,0,0,0,0,1000,1000,0,0
061790,中租群益9B購01  ,0,0,0,0,0,0,0,0,0,0,0,0,0,20000,20000,0,0
061788,信邦群益9B購01  ,0,0,0,0,0,0,0,0,0,0,0,0,0,10000,10000,0,0
061764,旺宏元大9B購01  ,0,0,0,0,0,0,0,0,0,0,0,0,0,51000,51000,0,0
061657,智原國票9A購01  ,0,0,0,0,0,0,0,0,0,0,0,0,0,10000,10000,0,0
061633,統一元大9A購01  ,0,0,0,0,0,0,0,0,0,0,0,0,0,218000,218000,0,0
061710,國巨凱基9A購18  ,0,0,0,0,0,0,0,0,0,0,0,0,0,5000,5000,0,0
061711,台積電凱基9A購27,0,0,0,0,0,0,0,0,0,0,0,0,0,150000,150000,0,0
061946,鴻海群益9B購03  ,0,0,0,0,0,0,0,0,0,0,0,0,0,6000,6000,0,0
058166,鴻海凱基9A購01  ,0,0,0,0,0,0,0,0,0,0,0,0,0,10000,10000,0,0
061568,國巨元大9A購25  ,0,0,0,0,0,0,0,0,0,0,0,0,0,3000,3000,0,0
062040,玉晶光凱基01購01,0,0,0,0,0,0,0,0,0,0,0,0,0,1000,1000,0,0
057553,景碩凱基98購03  ,0,0,0,0,0,0,0,0,0,0,0,0,0,11000,11000,0,0
057532,智原元大98購03  ,0,0,0,0,0,0,0,0,0,0,0,0,0,2000,2000,0,0
058085,景碩群益9A購01  ,0,0,0,0,0,0,0,0,0,0,0,0,0,1000,1000,0,0
058069,美律凱基99購05  ,0,0,0,0,0,0,0,0,0,0,0,0,0,20000,20000,0,0
058144,聯茂元大99購02  ,0,0,0,0,0,0,0,0,0,0,0,0,0,68000,68000,0,0
057116,鴻海日盛9A購01  ,0,0,0,0,0,0,0,0,0,0,0,0,0,800000,800000,0,0
057259,台積電兆豐98購03,0,0,0,0,0,0,0,0,0,0,0,0,0,89000,89000,0,0
057273,智邦元大98購05  ,0,0,0,0,0,0,0,0,0,0,0,0,0,3000,3000,0,0
057320,玉晶光凱基98購01,0,0,0,0,0,0,0,0,0,0,0,0,0,2000,2000,0,0
056990,聯發科兆豐98購01,0,0,0,0,0,0,0,0,0,0,0,0,0,13000,13000,0,0
057013,聯發科麥證98購01,0,0,0,5000,0,5000,0,0,0,0,0,0,0,5000,5000,0,0
057349,聯發科統一98購04,0,0,0,0,0,0,0,0,0,0,0,0,0,327000,327000,0,0
057355,彩晶統一98購03  ,0,0,0,0,0,0,0,0,0,0,0,0,0,5000,5000,0,0
057342,玉晶光台新98購01,0,0,0,0,0,0,0,0,0,0,0,0,0,1700000,1700000,0,0
058839,瑞儀中信99購02  ,0,0,0,0,0,0,0,0,0,0,0,0,0,20000,20000,0,0
058310,大立光元大99購10,0,0,0,0,0,0,0,0,0,0,0,0,0,10000,10000,0,0
058343,台積電群益99購02,0,0,0,0,0,0,0,0,0,0,0,0,0,1000,1000,0,0
058353,國巨凱基99購09  ,0,0,0,0,0,0,0,0,0,0,0,0,0,10000,10000,0,0
058519,嘉澤元大99購01  ,0,0,0,0,0,0,0,0,0,0,0,0,0,9000,9000,0,0
058419,聯發科麥證99購02,0,0,0,314000,0,314000,0,0,0,0,0,0,0,314000,314000,0,0
058387,國巨國票9A購03  ,0,0,0,0,0,0,0,0,0,0,0,0,0,9000,9000,0,0
058408,華通兆豐99購02  ,0,0,0,0,0,0,0,0,0,0,0,0,0,10000,10000,0,0
058409,鴻海兆豐99購05  ,0,0,0,0,0,0,0,0,0,0,0,0,0,12000,12000,0,0
058411,技嘉兆豐99購01  ,0,0,0,0,0,0,0,0,0,0,0,0,0,4000,4000,0,0
058412,聯發科兆豐99購01,0,0,0,0,0,0,0,0,0,0,0,0,0,22000,22000,0,0
058416,鴻海麥證99購01  ,0,0,0,5000,10000,-5000,0,0,0,0,0,0,0,15000,15000,0,0
058630,日月光國票9A購01,0,0,0,0,0,0,0,0,0,0,0,0,0,450000,450000,0,0
058612,健策元大99購02  ,0,0,0,0,0,0,0,0,0,0,0,0,0,4000,4000,0,0
058539,聯發科台新99購01,0,0,0,0,0,0,0,0,0,0,0,0,0,900000,900000,0,0
058215,貿聯群益99購02  ,0,0,0,0,0,0,0,0,0,0,0,0,0,10000,10000,0,0
058216,TPK群益99購01   ,0,0,0,0,0,0,0,0,0,0,0,0,0,1000,1000,0,0
058186,聯發科永豐99購01,0,0,0,0,0,0,0,0,0,0,0,0,0,81000,81000,0,0
058654,鴻海中信03購01  ,0,0,0,0,0,0,0,0,0,0,0,0,0,14000,14000,0,0
058266,宏達電永豐99購01,0,0,0,0,0,0,0,0,0,0,0,0,0,4000,4000,0,0
058240,景碩元大99購04  ,0,0,0,0,0,0,0,0,0,0,0,0,0,2000,2000,0,0
057165,國巨元大99購05  ,0,0,0,0,0,0,0,0,0,0,0,0,0,5000,5000,0,0
057178,可成元大98購03  ,0,0,0,0,0,0,0,0,0,0,0,0,0,68000,68000,0,0
057133,京鼎凱基98購02  ,0,0,0,0,0,0,0,0,0,0,0,0,0,20000,20000,0,0
057363,華通元大99購02  ,0,0,0,0,0,0,0,0,0,0,0,0,0,1000,1000,0,0
057366,智邦元大98購08  ,0,0,0,0,0,0,0,0,0,0,0,0,0,2000,2000,0,0
056905,欣興元大98購03  ,0,0,0,0,0,0,0,0,0,0,0,0,0,1000,1000,0,0
058044,鴻海元大99購07  ,0,0,0,0,0,0,0,0,0,0,0,0,0,4000,4000,0,0
057978,聯發科永豐98購05,0,0,0,0,0,0,0,0,0,0,0,0,0,155000,155000,0,0
057994,技嘉中信98購01  ,0,0,0,0,0,0,0,0,0,0,0,0,0,10000,10000,0,0
057984,聯發科台新98購01,0,0,0,0,0,0,0,0,0,0,0,0,0,234000,234000,0,0
057954,宏碁元大99購01  ,0,0,0,0,0,0,0,0,0,0,0,0,0,170000,170000,0,0
056862,聯發科群益98購03,0,0,0,0,0,0,0,0,0,0,0,0,0,25000,25000,0,0
057927,勤誠凱基98購01  ,0,0,0,0,0,0,0,0,0,0,0,0,0,50000,50000,0,0
056763,國巨元大99購02  ,0,0,0,0,0,0,0,0,0,0,0,0,0,3000,3000,0,0
060621,玉晶光元大9A購05,0,0,0,0,0,0,0,0,0,0,0,0,0,6000,6000,0,0
060626,貿聯元大9A購04  ,0,0,0,0,0,0,0,0,0,0,0,0,0,1000,1000,0,0
060637,玉晶光永豐9A購03,0,0,0,0,0,0,0,0,0,0,0,0,0,1000,1000,0,0
059838,茂林國泰9B購01  ,0,0,0,0,0,0,0,0,0,0,0,0,0,2000,2000,0,0
059782,A50正2元大9C購04,0,0,0,0,0,0,0,0,0,0,0,0,0,1000,1000,0,0
059783,旺宏元大99購17  ,0,0,0,0,0,0,0,0,0,0,0,0,0,3000,3000,0,0
059784,台光電元大9A購01,0,0,0,0,0,0,0,0,0,0,0,0,0,27000,27000,0,0
059761,國巨永豐99購06  ,0,0,0,0,0,0,0,0,0,0,0,0,0,2000,2000,0,0
061871,瑞昱元大9B購01  ,0,0,0,0,0,0,0,0,0,0,0,0,0,2000,2000,0,0
061848,國巨國票9B購07  ,0,0,0,0,0,0,0,0,0,0,0,0,0,1000,1000,0,0
061849,國巨國票9B購08  ,0,0,0,0,0,0,0,0,0,0,0,0,0,1000,1000,0,0
061823,勤誠群益9B購01  ,0,0,0,0,0,0,0,0,0,0,0,0,0,58000,58000,0,0
061813,鴻海群益9B購02  ,0,0,0,0,0,0,0,0,0,0,0,0,0,12000,12000,0,0
061365,國巨國票9B購05  ,0,0,0,0,0,0,0,0,0,0,0,0,0,16000,16000,0,0
059879,GIS凱基99購03   ,0,0,0,0,0,0,0,0,0,0,0,0,0,3000,3000,0,0
059885,台積電國票99購12,0,0,0,0,0,0,0,0,0,0,0,0,0,2000,2000,0,0
061406,華通國票9A購06  ,0,0,0,0,0,0,0,0,0,0,0,0,0,30000,30000,0,0
061418,世紀鋼群益9A購02,0,0,0,0,0,0,0,0,0,0,0,0,0,305000,305000,0,0
062196,聯發科中信01購02,0,0,0,0,0,0,0,0,0,0,0,0,0,20000,20000,0,0
062338,鴻海麥證9B購01  ,0,0,0,5000,7000,-2000,0,0,0,0,0,0,0,12000,12000,0,0
062525,鴻海統一9C購10  ,0,0,0,0,0,0,0,0,0,0,0,0,0,8000,8000,0,0
062071,華通元大9B購02  ,0,0,0,0,0,0,0,0,0,0,0,0,0,7000,7000,0,0
062254,台光電元大9B購02,0,0,0,0,0,0,0,0,0,0,0,0,0,16000,16000,0,0
060729,國巨群益9A購05  ,0,0,0,0,0,0,0,0,0,0,0,0,0,1000,1000,0,0
060743,鴻海國票9A購03  ,0,0,0,0,0,0,0,0,0,0,0,0,0,17000,17000,0,0
060692,鴻海麥證9A購01  ,0,0,0,0,6000,-6000,0,0,0,0,0,0,0,6000,6000,0,0
059923,緯穎元大99購09  ,0,0,0,0,0,0,0,0,0,0,0,0,0,3000,3000,0,0
061539,國巨群益9B購03  ,0,0,0,0,0,0,0,0,0,0,0,0,0,3000,3000,0,0
061511,緯穎富邦9B購02  ,0,0,0,0,0,0,0,0,0,0,0,0,0,140000,140000,0,0
061490,茂林兆豐9B購01  ,0,0,0,0,0,0,0,0,0,0,0,0,0,10000,10000,0,0
059161,鴻海凱基9A購09  ,0,0,0,0,0,0,0,0,0,0,0,0,0,10000,10000,0,0
062758,國巨凱基9B購09  ,0,0,0,0,0,0,0,0,0,0,0,0,0,1000,1000,0,0
058931,玉晶光統一9C購01,0,0,0,0,0,0,0,0,0,0,0,0,0,1000,1000,0,0
059404,鴻海台新99購03  ,0,0,0,0,0,0,0,0,0,0,0,0,0,15000,15000,0,0
059427,國巨元大99購24  ,0,0,0,0,0,0,0,0,0,0,0,0,0,2000,2000,0,0
059469,智邦元大99購03  ,0,0,0,0,0,0,0,0,0,0,0,0,0,2000,2000,0,0
059507,鴻海永豐99購03  ,0,0,0,0,0,0,0,0,0,0,0,0,0,13000,13000,0,0
059588,鴻海元大99購32  ,0,0,0,0,0,0,0,0,0,0,0,0,0,6000,6000,0,0
059315,鴻海元大99購30  ,0,0,0,0,0,0,0,0,0,0,0,0,0,5000,5000,0,0
059349,台郡凱基99購04  ,0,0,0,0,0,0,0,0,0,0,0,0,0,10000,10000,0,0
059235,鴻海凱基99購08  ,0,0,0,0,0,0,0,0,0,0,0,0,0,1000,1000,0,0
059237,鴻海凱基9A購10  ,0,0,0,0,0,0,0,0,0,0,0,0,0,15000,15000,0,0
062435,國巨元大9B購13  ,0,0,0,0,0,0,0,0,0,0,0,0,0,1000,1000,0,0
062418,台積電統一01購06,0,0,0,0,0,0,0,0,0,0,0,0,0,6000,6000,0,0
062419,台積電統一9B購15,0,0,0,0,0,0,0,0,0,0,0,0,0,140000,140000,0,0
062421,台積電統一9C購09,0,0,0,0,0,0,0,0,0,0,0,0,0,40000,40000,0,0
062364,瑞昱元大9B購04  ,0,0,0,0,0,0,0,0,0,0,0,0,0,2000,2000,0,0
062368,聯詠元大9B購01  ,0,0,0,0,0,0,0,0,0,0,0,0,0,6000,6000,0,0
062105,國巨國票9C購03  ,0,0,0,0,0,0,0,0,0,0,0,0,0,5000,5000,0,0
062282,禾伸堂群益9B購01,0,0,0,0,0,0,0,0,0,0,0,0,0,10000,10000,0,0
062616,玉晶光元大9C購06,0,0,0,0,0,0,0,0,0,0,0,0,0,3000,3000,0,0
062630,全新國票9B購02  ,0,0,0,0,0,0,0,0,0,0,0,0,0,57000,57000,0,0
06213P,大立光元大98售07,0,0,0,0,0,0,0,0,0,0,0,0,0,40000,40000,0,0
062132,神隆群益9B購01  ,0,0,0,0,0,0,0,0,0,0,0,0,0,7000,7000,0,0
062159,聯詠凱基9B購01  ,0,0,0,0,0,0,0,0,0,0,0,0,0,15000,15000,0,0
062123,台積電統一9B購13,0,0,0,0,0,0,0,0,0,0,0,0,0,20000,20000,0,0
062490,聯茂永豐9B購01  ,0,0,0,0,0,0,0,0,0,0,0,0,0,1000,1000,0,0
062458,全新群益9B購03  ,0,0,0,0,0,0,0,0,0,0,0,0,0,50000,50000,0,0
062459,聯詠群益9B購01  ,0,0,0,0,0,0,0,0,0,0,0,0,0,16000,16000,0,0
062460,京鼎群益9C購01  ,0,0,0,0,0,0,0,0,0,0,0,0,0,15000,15000,0,0
062455,鴻海群益9C購01  ,0,0,0,0,0,0,0,0,0,0,0,0,0,14000,14000,0,0
060557,南電凱基9A購02  ,0,0,0,0,0,0,0,0,0,0,0,0,0,10000,10000,0,0
06057P,大立光凱基98售01,0,0,0,0,0,0,0,0,0,0,0,0,0,40000,40000,0,0
060122,亞德客永豐99購02,0,0,0,0,0,0,0,0,0,0,0,0,0,58000,58000,0,0
060813,高鐵凱基9A購01  ,0,0,0,0,0,0,0,0,0,0,0,0,0,10000,10000,0,0
061018,台積電國票9B購05,0,0,0,0,0,0,0,0,0,0,0,0,0,1000,1000,0,0
060859,鴻海永豐9A購01  ,0,0,0,0,0,0,0,0,0,0,0,0,0,12000,12000,0,0
060850,康友國票9A購03  ,0,0,0,0,0,0,0,0,0,0,0,0,0,38000,38000,0,0
060995,泰鼎元大9A購03  ,0,0,0,0,0,0,0,0,0,0,0,0,0,1000,1000,0,0
060234,凱美元大9C購01  ,0,0,0,0,0,0,0,0,0,0,0,0,0,12000,12000,0,0
060415,葡萄王永豐9A購01,0,0,0,0,0,0,0,0,0,0,0,0,0,68000,68000,0,0
060461,鴻海元大9A購09  ,0,0,0,0,0,0,0,0,0,0,0,0,0,15000,15000,0,0
060451,中石化元大9C購02,0,0,0,0,0,0,0,0,0,0,0,0,0,3000,3000,0,0
060369,滬深2X元富01購01,0,0,0,0,0,0,0,0,0,0,0,0,0,1000,1000,0,0
060375,葡萄王元富9A購01,0,0,0,0,0,0,0,0,0,0,0,0,0,100000,100000,0,0
060059,鴻海兆豐99購06  ,0,0,0,0,0,0,0,0,0,0,0,0,0,15000,15000,0,0
059125,台積電第一03購02,0,0,0,0,0,0,0,0,0,0,0,0,0,200000,200000,0,0
059120,致伸永豐99購01  ,0,0,0,0,0,0,0,0,0,0,0,0,0,68000,68000,0,0
059992,S&P正2元富9B購04,0,0,0,0,0,0,0,0,0,0,0,0,0,1000,1000,0,0
059085,鴻海元大99購25  ,0,0,0,0,0,0,0,0,0,0,0,0,0,5000,5000,0,0
059680,台積電國泰9A購03,0,0,0,0,0,0,0,0,0,0,0,0,0,1000,1000,0,0
059717,國巨元大99購21  ,0,0,0,0,0,0,0,0,0,0,0,0,0,5000,5000,0,0
059721,旺宏元大99購16  ,0,0,0,0,0,0,0,0,0,0,0,0,0,1000,1000,0,0
063043,台灣50兆豐9B購02,0,0,0,0,0,0,0,0,0,0,0,0,0,30000,30000,0,0
063033,台積電凱基9B購09,0,0,0,0,0,0,0,0,0,0,0,0,0,3000,3000,0,0
063064,台表科元富9B購01,0,0,0,0,0,0,0,0,0,0,0,0,0,71000,71000,0,0
062920,康友元大9B購01  ,0,0,0,0,0,0,0,0,0,0,0,0,0,22000,22000,0,0
063187,全新凱基9B購02  ,0,0,0,0,0,0,0,0,0,0,0,0,0,13000,13000,0,0
058998,鴻海元大99購22  ,0,0,0,0,0,0,0,0,0,0,0,0,0,1000,1000,0,0
058980,鴻海凱基99購06  ,0,0,0,0,0,0,0,0,0,0,0,0,0,17000,17000,0,0
058970,鴻海永豐99購02  ,0,0,0,0,0,0,0,0,0,0,0,0,0,13000,13000,0,0
061287,大立光統一9B購06,0,0,0,0,0,0,0,0,0,0,0,0,0,50000,50000,0,0
058961,台灣50兆豐9C購01,0,0,0,0,0,0,0,0,0,0,0,0,0,625000,625000,0,0
059059,宏達電凱基99購03,0,0,0,0,0,0,0,0,0,0,0,0,0,1000,1000,0,0
062868,葡萄王中信9B購01,0,0,0,0,0,0,0,0,0,0,0,0,0,48000,48000,0,0
062872,華通兆豐9C購01  ,0,0,0,0,0,0,0,0,0,0,0,0,0,60000,60000,0,0
062811,鴻海兆豐9B購01  ,0,0,0,0,0,0,0,0,0,0,0,0,0,12000,12000,0,0
062777,鴻海元大9C購03  ,0,0,0,0,0,0,0,0,0,0,0,0,0,9000,9000,0,0
064554,儒鴻群益9C購01  ,0,0,0,0,0,0,0,0,0,0,0,0,0,10000,10000,0,0
064547,宏達電凱基9C購01,0,0,0,0,0,0,0,0,0,0,0,0,0,1000,1000,0,0
06446P,大立光凱基98售10,0,0,0,0,0,0,0,0,0,0,0,0,0,10000,10000,0,0
064504,玉晶光元大01購02,0,0,0,0,0,0,0,0,0,0,0,0,0,2000,2000,0,0
064420,台積電兆豐9C購03,0,0,0,0,0,0,0,0,0,0,0,0,0,100000,100000,0,0
06438P,玉晶光國票99售02,0,0,0,0,0,0,0,0,0,0,0,0,0,10000,10000,0,0
064034,台表科元大9C購07,0,0,0,0,0,0,0,0,0,0,0,0,0,8000,8000,0,0
064120,鴻海元大9C購07  ,0,0,0,0,0,0,0,0,0,0,0,0,0,8000,8000,0,0
064082,緯創中信06購01  ,0,0,0,0,0,0,0,0,0,0,0,0,0,5000,5000,0,0
064167,緯穎統一01購03  ,0,0,0,0,0,0,0,0,0,0,0,0,0,21000,21000,0,0
064224,玉晶光國票01購04,0,0,0,0,0,0,0,0,0,0,0,0,0,3000,3000,0,0
064222,玉山金國票01購01,0,0,0,0,0,0,0,0,0,0,0,0,0,9000,9000,0,0
064271,鴻海元大9C購08  ,0,0,0,0,0,0,0,0,0,0,0,0,0,11000,11000,0,0
064272,鴻海元大9C購09  ,0,0,0,0,0,0,0,0,0,0,0,0,0,8000,8000,0,0
064278,高鐵元大9C購02  ,0,0,0,0,0,0,0,0,0,0,0,0,0,33000,33000,0,0
064275,台光電元大9C購03,0,0,0,0,0,0,0,0,0,0,0,0,0,108000,108000,0,0
063423,聯詠凱基9C購02  ,0,0,0,0,0,0,0,0,0,0,0,0,0,24000,24000,0,0
063416,台積電凱基9B購10,0,0,0,0,0,0,0,0,0,0,0,0,0,9000,9000,0,0
063591,麗豐永豐9B購02  ,0,0,0,0,0,0,0,0,0,0,0,0,0,1000,1000,0,0
063504,國巨群益9C購06  ,0,0,0,0,0,0,0,0,0,0,0,0,0,10000,10000,0,0
063666,京元電統一9C購01,0,0,0,0,0,0,0,0,0,0,0,0,0,19000,19000,0,0
063628,華通元大9B購09  ,0,0,0,0,0,0,0,0,0,0,0,0,0,25000,25000,0,0
063685,鴻海永豐9B購03  ,0,0,0,0,0,0,0,0,0,0,0,0,0,14000,14000,0,0
063725,聯電元大9C購03  ,0,0,0,0,0,0,0,0,0,0,0,0,0,26000,26000,0,0
063766,南茂元富9B購01  ,0,0,0,0,0,0,0,0,0,0,0,0,0,20000,20000,0,0
06380P,臺股指統一98售02,0,0,0,0,0,0,0,0,0,0,0,0,0,20000,20000,0,0
063840,鴻海元大01購01  ,0,0,0,0,0,0,0,0,0,0,0,0,0,15000,15000,0,0
063927,奇力新統一02購01,0,0,0,0,0,0,0,0,0,0,0,0,0,40000,40000,0,0
063930,高鐵統一02購02  ,0,0,0,0,0,0,0,0,0,0,0,0,0,100000,100000,0,0
063914,和碩凱基9C購01  ,0,0,0,0,0,0,0,0,0,0,0,0,0,16000,16000,0,0
063907,華通凱基9C購03  ,0,0,0,0,0,0,0,0,0,0,0,0,0,4000,4000,0,0
065484,康友元大9C購01  ,0,0,0,0,0,0,0,0,0,0,0,0,0,70000,70000,0,0
065497,台積電富邦03購03,1000,0,1000,0,0,0,0,0,0,-1000,0,0,0,0,1000,-1000,0
065464,健鼎中信9C購01  ,0,0,0,0,0,0,0,0,0,0,0,0,0,48000,48000,0,0
065473,鴻海元大9C購14  ,0,0,0,0,0,0,0,0,0,0,0,0,0,7000,7000,0,0
065440,台積電麥證9C購02,0,0,0,100000,100000,0,0,0,0,0,0,0,0,100000,100000,0,0
065434,台勝科凱基01購01,0,0,0,0,0,0,0,0,0,0,0,0,0,40000,40000,0,0
065555,旭富凱基01購02  ,0,0,0,0,0,0,0,0,0,0,0,0,0,50000,50000,0,0
065567,台積電群益01購03,0,0,0,0,0,0,0,0,0,0,0,0,0,1000,1000,0,0
06552P,茂林元大99售02  ,0,0,0,0,0,0,0,0,0,0,0,0,0,100000,100000,0,0
065538,健鼎統一9C購01  ,0,0,0,0,0,0,0,0,0,0,0,0,0,40000,40000,0,0
065383,南電元大01購02  ,1000,0,1000,0,0,0,0,0,0,-1000,0,0,0,55000,56000,-1000,0
065246,旭富兆豐01購01  ,0,0,0,0,0,0,0,0,0,0,0,0,0,123000,123000,0,0
065296,國巨統一01購10  ,0,0,0,0,0,0,0,0,0,0,0,0,0,7000,7000,0,0
065315,玉晶光中信03購02,0,0,0,0,0,0,0,0,0,0,0,0,0,376000,376000,0,0
065833,中租凱基02購01  ,0,0,0,0,0,0,0,0,0,0,0,0,0,10000,10000,0,0
065774,旭富國票01購01  ,0,0,0,0,0,0,0,0,0,0,0,0,0,40000,40000,0,0
065712,緯穎群益9C購03  ,0,0,0,0,0,0,0,0,0,0,0,0,0,20000,20000,0,0
065693,國巨群益9C購18  ,0,0,0,0,0,0,0,0,0,0,0,0,0,1000,1000,0,0
065633,聯發科國票01購02,0,0,0,0,0,0,0,0,0,0,0,0,0,5000,5000,0,0
065629,台積電國票01購04,0,0,0,0,0,0,0,0,0,0,0,0,0,1000,1000,0,0
065589,景碩永豐9C購02  ,0,0,0,0,0,0,0,0,0,0,0,0,0,2000,2000,0,0
065104,南茂元大9C購02  ,0,0,0,0,0,0,0,0,0,0,0,0,0,81000,81000,0,0
065077,鴻海元大01購03  ,0,0,0,0,0,0,0,0,0,0,0,0,0,9000,9000,0,0
065120,臺股指富邦9C購03,0,0,0,0,0,0,0,0,0,0,0,0,0,1000,1000,0,0
065191,南電統一01購03  ,0,0,0,0,0,0,0,0,0,0,0,0,0,12000,12000,0,0
065202,南電元富06購01  ,0,0,0,0,0,0,0,0,0,0,0,0,0,1000,1000,0,0
065233,TPK凱基01購01   ,0,0,0,0,0,0,0,0,0,0,0,0,0,9000,9000,0,0
064941,台積電台新9C購04,0,0,0,0,0,0,0,0,0,0,0,0,0,100000,100000,0,0
064964,T50反1元大9C購10,0,0,0,0,0,0,0,0,0,0,0,0,0,10000,10000,0,0
065038,上銀凱基9C購02  ,0,0,0,0,0,0,0,0,0,0,0,0,0,10000,10000,0,0
064687,國巨群益9C購10  ,0,0,0,0,0,0,0,0,0,0,0,0,0,25000,25000,0,0
064715,和大統一02購03  ,0,0,0,0,0,0,0,0,0,0,0,0,0,35000,35000,0,0
064663,鴻海元大9C購11  ,0,0,0,0,0,0,0,0,0,0,0,0,0,14000,14000,0,0
06465P,國巨統一98售04  ,0,0,0,0,0,0,0,0,0,0,0,0,0,10000,10000,0,0
064661,鴻海元大01購02  ,0,0,0,0,0,0,0,0,0,0,0,0,0,4000,4000,0,0
064682,嘉聯益兆豐01購01,0,0,0,0,0,0,0,0,0,0,0,0,0,35000,35000,0,0
064785,康友群益9C購01  ,0,0,0,0,0,0,0,0,0,0,0,0,0,5000,5000,0,0
064897,宏達電群益9C購02,0,0,0,0,0,0,0,0,0,0,0,0,0,6000,6000,0,0
06486P,麗豐元大98售02  ,0,0,0,0,0,0,0,0,0,0,0,0,0,30000,30000,0,0
1906,寶隆            ,12000,12000,0,0,0,0,0,0,0,0,0,0,0,0,0,0,0
2611,志信            ,3000,3000,0,0,0,0,0,0,0,0,0,0,0,0,0,0,0
2397,友通            ,10000,10000,0,0,0,0,0,0,0,0,0,0,0,0,0,0,0
3033,威健            ,64000,65000,-1000,0,0,0,0,0,0,1000,1000,0,1000,0,0,0,0
3040,遠見            ,62000,62000,0,0,0,0,0,0,0,0,0,0,0,0,0,0,0
4930,燦星網          ,3000,3000,0,0,0,0,0,0,0,0,0,0,0,0,0,0,0
5285,界霖            ,14000,14000,0,0,0,0,0,0,0,0,0,0,0,0,0,0,0
8467,波力-KY         ,2000,2000,0,0,0,0,0,0,0,0,0,0,0,0,0,0,0
8481,政伸            ,1000,1000,0,0,0,0,0,0,0,0,0,0,0,0,0,0,0
6172,互億            ,0,1000,-1000,0,0,0,0,0,0,1000,1000,0,1000,0,0,0,0
6183,關貿            ,28000,30000,-2000,0,0,0,0,0,0,2000,2000,0,2000,0,0,0,0
6464,台數科          ,8000,5000,3000,0,0,0,0,0,0,-3000,0,3000,-3000,0,0,0,0
8114,振樺電          ,2000,3000,-1000,0,0,0,0,0,0,1000,1000,0,1000,0,0,0,0
066716,高股息元大01購01,0,0,0,0,0,0,0,0,0,-1000,0,0,0,0,1000,-1000,-1000
066561,健策元大01購04  ,0,0,0,0,0,0,0,0,0,-1000,0,0,0,27000,28000,-1000,-1000
066888,長榮航中信07購01,0,0,0,0,0,0,0,0,0,-1000,0,0,0,0,1000,-1000,-1000
066883,聯發科永豐01購01,0,0,0,0,0,0,0,0,0,-1000,0,0,0,0,1000,-1000,-1000
066827,聯發科群益02購04,0,0,0,0,0,0,0,0,0,-1000,0,0,0,4000,5000,-1000,-1000
066828,聯發科群益02購05,0,0,0,0,0,0,0,0,0,-1000,0,0,0,0,1000,-1000,-1000
066978,國巨群益01購03  ,0,0,0,0,0,0,0,0,0,-1000,0,0,0,0,1000,-1000,-1000
066979,國巨群益01購04  ,0,0,0,0,0,0,0,0,0,-1000,0,0,0,0,1000,-1000,-1000
066966,國巨元富07購07  ,0,0,0,0,0,0,0,0,0,-1000,0,0,0,0,1000,-1000,-1000
066969,可成元富07購01  ,0,0,0,0,0,0,0,0,0,-1000,0,0,0,0,1000,-1000,-1000
066918,台積電麥證01購05,0,0,0,0,1000,-1000,0,0,0,-1000,0,0,0,0,1000,-1000,-1000
06900P,FBVIX國票12售01 ,0,0,0,0,0,0,0,0,0,-1000,0,0,0,0,1000,-1000,-1000
06805P,臺股指群益98售11,0,0,0,0,0,0,0,0,0,-1000,0,0,0,0,1000,-1000,-1000
07084P,S&P正2元富9B售02,0,0,0,0,0,0,0,0,0,-1000,0,0,0,0,1000,-1000,-1000
066365,富邦金中信03購01,0,0,0,0,0,0,0,0,0,-1000,0,0,0,104000,105000,-1000,-1000
066130,燿華群益01購03  ,0,0,0,0,0,0,0,0,0,-1000,0,0,0,0,1000,-1000,-1000
066114,瑞昱兆豐02購01  ,0,0,0,0,0,0,0,0,0,-1000,0,0,0,15000,16000,-1000,-1000
066066,鴻海凱基01購05  ,0,0,0,0,0,0,0,0,0,-1000,0,0,0,83000,84000,-1000,-1000
066094,元黃金中信03購01,0,0,0,0,0,0,0,0,0,-1000,0,0,0,0,1000,-1000,-1000
08075P,聯電群益9C售01  ,0,0,0,0,0,0,0,0,0,-1000,0,0,0,0,1000,-1000,-1000
08262P,茂林元大9C售01  ,0,0,0,0,0,0,0,0,0,-1000,0,0,0,107000,108000,-1000,-1000
07931P,國巨元大9B售03  ,0,0,0,0,0,0,0,0,0,-1000,0,0,0,0,1000,-1000,-1000
07494P,葡萄王元大9A售03,0,0,0,0,0,0,0,0,0,-1000,0,0,0,0,1000,-1000,-1000
07641P,上銀凱基9A售05  ,0,0,0,0,0,0,0,0,0,-1000,0,0,0,0,1000,-1000,-1000
07279P,台灣50台新99售02,0,0,0,0,0,0,0,0,0,-1000,0,0,0,0,1000,-1000,-1000
07318P,鴻海凱基01售02  ,0,0,0,0,0,0,0,0,0,-1000,0,0,0,0,1000,-1000,-1000
07315P,台積電台新99售06,0,0,0,0,0,0,0,0,0,-1000,0,0,0,0,1000,-1000,-1000
07382P,台積電群益9B售01,0,0,0,0,0,0,0,0,0,-1000,0,0,0,200000,201000,-1000,-1000
07478P,南電康和9A售02  ,0,0,0,0,0,0,0,0,0,-1000,0,0,0,0,1000,-1000,-1000
1312A,國喬特          ,0,0,0,0,0,0,0,0,0,-1000,4000,5000,-1000,0,0,0,-1000
08745P,臺股指凱基02售06,0,0,0,0,0,0,0,0,0,-1000,0,0,0,0,1000,-1000,-1000
08682P,鴻海凱基01售06  ,0,0,0,0,0,0,0,0,0,-1000,0,0,0,31000,32000,-1000,-1000
1443,立益            ,0,1000,-1000,0,0,0,0,0,0,0,0,0,0,0,0,0,-1000
1438,裕豐            ,0,0,0,0,0,0,0,0,0,-1000,0,1000,-1000,0,0,0,-1000
1436,華友聯          ,1000,3000,-2000,0,0,0,0,0,0,1000,1000,0,1000,0,0,0,-1000
1410,南染            ,0,1000,-1000,0,0,0,0,0,0,0,0,0,0,0,0,0,-1000
1615,大山            ,12000,19000,-7000,0,0,0,0,0,0,6000,6000,0,6000,0,0,0,-1000
1713,國化            ,0,1000,-1000,0,0,0,0,0,0,0,0,0,0,0,0,0,-1000
08374P,緯穎凱基9C售01  ,0,0,0,0,0,0,0,0,0,-1000,0,0,0,140000,141000,-1000,-1000
056783,國巨群益99購01  ,0,0,0,0,0,0,0,0,0,-1000,0,0,0,1000,2000,-1000,-1000
056827,元油2X富邦02購01,0,0,0,0,0,0,0,0,0,-1000,0,0,0,0,1000,-1000,-1000
056747,致新凱基99購01  ,0,0,0,0,0,0,0,0,0,-1000,0,0,0,9000,10000,-1000,-1000
05793P,臺股指中信99售08,0,0,0,0,0,0,0,0,0,-1000,0,0,0,0,1000,-1000,-1000
058185,國巨永豐99購01  ,0,0,0,0,0,0,0,0,0,-1000,0,0,0,0,1000,-1000,-1000
058453,可成永豐99購01  ,0,0,0,0,0,0,0,0,0,-1000,0,0,0,0,1000,-1000,-1000
058523,聯茂元大99購08  ,0,0,0,0,0,0,0,0,0,-1000,0,0,0,70000,71000,-1000,-1000
058835,元油2X中信9C購02,0,0,0,0,0,0,0,0,0,-1000,0,0,0,0,1000,-1000,-1000
058833,台表科永豐99購01,0,0,0,0,0,0,0,0,0,-1000,0,0,0,0,1000,-1000,-1000
057323,智邦群益98購01  ,0,0,0,0,0,0,0,0,0,-1000,0,0,0,0,1000,-1000,-1000
057023,美律凱基99購02  ,0,0,0,0,0,0,0,0,0,-1000,0,0,0,0,1000,-1000,-1000
058124,玉晶光國票9A購01,0,0,0,0,0,0,0,0,0,-1000,0,0,0,0,1000,-1000,-1000
058078,景碩國票99購01  ,0,0,0,0,0,0,0,0,0,-1000,0,0,0,28000,29000,-1000,-1000
057404,貿聯群益99購01  ,0,0,0,0,0,0,0,0,0,-1000,0,0,0,0,1000,-1000,-1000
057446,旺宏元富02購01  ,0,0,0,0,0,0,0,0,0,-1000,0,0,0,0,1000,-1000,-1000
057462,光磊永豐98購02  ,0,0,0,0,0,0,0,0,0,-1000,0,0,0,0,1000,-1000,-1000
056351,鴻海元大98購06  ,0,0,0,0,0,0,0,0,0,-1000,0,0,0,0,1000,-1000,-1000
055820,矽力國票98購02  ,0,0,0,0,0,0,0,0,0,-1000,0,0,0,0,1000,-1000,-1000
055832,台達電元大97購02,0,0,0,0,0,0,0,0,0,-1000,0,0,0,0,1000,-1000,-1000
055966,茂林元大99購01  ,0,0,0,0,0,0,0,0,0,-1000,0,0,0,50000,51000,-1000,-1000
058758,台積電群益99購05,0,0,0,0,0,0,0,0,0,-1000,0,0,0,0,1000,-1000,-1000
056691,元油2X群益9B購01,0,0,0,0,0,0,0,0,0,-1000,0,0,0,0,1000,-1000,-1000
058723,元石油國泰9A購01,0,0,0,0,0,0,0,0,0,-1000,0,0,0,0,1000,-1000,-1000
055104,台達電凱基98購01,0,0,0,0,0,0,0,0,0,-1000,0,0,0,39000,40000,-1000,-1000
055399,超眾統一99購01  ,0,0,0,0,0,0,0,0,0,-1000,0,0,0,0,1000,-1000,-1000
054542,台表科國票98購01,0,70000,-70000,0,0,0,0,0,0,69000,0,0,0,74000,5000,69000,-1000
03681C,台灣50凱基02牛02,0,0,0,0,0,0,0,0,0,-1000,0,0,0,0,1000,-1000,-1000
045443,群創元富98購01  ,0,0,0,0,0,0,0,0,0,-1000,0,0,0,1000,2000,-1000,-1000
052853,友達日盛99購01  ,0,0,0,0,0,0,0,0,0,-1000,0,0,0,0,1000,-1000,-1000
053069,同欣電群益98購01,0,0,0,0,0,0,0,0,0,-1000,0,0,0,0,1000,-1000,-1000
052695,台表科中信98購01,0,0,0,0,0,0,0,0,0,-1000,0,0,0,0,1000,-1000,-1000
03006X,元展06          ,0,0,0,0,0,0,0,0,0,-1000,0,0,0,0,1000,-1000,-1000
054080,微星中信98購01  ,0,0,0,0,0,0,0,0,0,-1000,0,0,0,20000,21000,-1000,-1000
00711B,FH彭博新興債    ,3000,1000,2000,0,0,0,0,0,0,-3000,0,0,0,109000,112000,-3000,-1000
062906,全新元大9B購03  ,0,0,0,0,0,0,0,0,0,-1000,0,0,0,17000,18000,-1000,-1000
058963,華新科兆豐99購05,0,0,0,0,0,0,0,0,0,-1000,0,0,0,0,1000,-1000,-1000
061215,健策元大9A購06  ,0,0,0,0,0,0,0,0,0,-1000,0,0,0,3000,4000,-1000,-1000
063169,台汽電永豐9B購01,0,0,0,0,0,0,0,0,0,-1000,0,0,0,10000,11000,-1000,-1000
063218,台塑群益9B購01  ,0,0,0,0,0,0,0,0,0,-1000,0,0,0,0,1000,-1000,-1000
063224,泰鼎群益9B購02  ,0,0,0,0,0,0,0,0,0,-1000,0,0,0,0,1000,-1000,-1000
062956,同欣電永豐9B購02,0,0,0,0,0,0,0,0,0,-1000,0,0,0,2000,3000,-1000,-1000
062970,智邦元富9B購01  ,0,0,0,0,0,0,0,0,0,-1000,0,0,0,5000,6000,-1000,-1000
062948,台積電富邦01購02,0,0,0,0,0,0,0,0,0,-1000,0,0,0,0,1000,-1000,-1000
063066,同欣電麥證9B購01,0,0,0,0,1000,-1000,0,0,0,-1000,0,0,0,0,1000,-1000,-1000
063104,大立光群益9C購02,0,0,0,0,0,0,0,0,0,-1000,0,0,0,0,1000,-1000,-1000
059114,華新科永豐99購05,0,0,0,0,0,0,0,0,0,-1000,0,0,0,0,1000,-1000,-1000
060073,台積電元富99購03,0,0,0,0,0,0,0,0,0,-1000,0,0,0,0,1000,-1000,-1000
060368,緯穎元富9A購03  ,0,0,0,0,0,0,0,0,0,-1000,0,0,0,0,1000,-1000,-1000
060383,葡萄王凱基9A購01,0,0,0,0,0,0,0,0,0,-1000,0,0,0,0,1000,-1000,-1000
060340,國巨統一01購02  ,0,0,0,0,0,0,0,0,0,-1000,0,0,0,0,1000,-1000,-1000
060355,元金2X元富9C購01,0,0,0,0,0,0,0,0,0,-1000,0,0,0,3000,4000,-1000,-1000
060464,台積電元大9A購11,0,0,0,0,0,0,0,0,0,-1000,0,0,0,0,1000,-1000,-1000
060219,聯發科凱基9A購09,0,0,0,0,0,0,0,0,0,-1000,0,0,0,0,1000,-1000,-1000
060222,貿聯凱基9A購02  ,0,0,0,0,0,0,0,0,0,-1000,0,0,0,0,1000,-1000,-1000
060279,SP黃豆元大9A購01,0,0,0,0,0,0,0,0,0,-1000,0,0,0,0,1000,-1000,-1000
060320,元金2X群益02購01,0,0,0,0,0,0,0,0,0,-1000,0,0,0,101000,102000,-1000,-1000
060980,台積電元大9A購21,0,0,0,0,0,0,0,0,0,-1000,0,0,0,0,1000,-1000,-1000
060879,華新科中信9A購02,0,0,0,0,0,0,0,0,0,-1000,0,0,0,0,1000,-1000,-1000
061047,大立光第一9A購01,0,0,0,0,0,0,0,0,0,-1000,0,0,0,40000,41000,-1000,-1000
061035,亞光永豐9A購01  ,0,0,0,0,0,0,0,0,0,-1000,0,0,0,0,1000,-1000,-1000
061092,可成統一9C購02  ,0,0,0,0,0,0,0,0,0,-1000,0,0,0,6000,7000,-1000,-1000
060812,智邦凱基9A購01  ,0,0,0,0,0,0,0,0,0,-1000,0,0,0,0,1000,-1000,-1000
060843,大立光國票9A購06,0,0,0,0,0,0,0,0,0,-1000,0,0,0,0,1000,-1000,-1000
060188,華新科元富9A購03,0,0,0,0,0,0,0,0,0,-1000,0,0,0,11000,12000,-1000,-1000
060163,健策永豐9B購01  ,0,0,0,0,0,0,0,0,0,-1000,0,0,0,0,1000,-1000,-1000
060526,台積電中信9A購02,0,0,0,0,0,0,0,0,0,-1000,0,0,0,0,1000,-1000,-1000
060533,臺股指中信9B購05,0,0,0,0,0,0,0,0,0,-1000,0,0,0,0,1000,-1000,-1000
062584,鴻海統一9C購13  ,0,0,0,0,0,0,0,0,0,-1000,0,0,0,0,1000,-1000,-1000
062307,華通凱基9C購01  ,0,0,0,0,0,0,0,0,0,-1000,0,0,0,0,1000,-1000,-1000
062327,燿華統一9B購02  ,0,0,0,0,0,0,0,0,0,-1000,0,0,0,460000,461000,-1000,-1000
062396,華通永豐9B購01  ,0,0,0,0,0,0,0,0,0,-1000,0,0,0,0,1000,-1000,-1000
062432,上銀元大9B購04  ,0,0,0,0,0,0,0,0,0,-1000,0,0,0,0,1000,-1000,-1000
062452,A50正2群益01購04,0,0,0,0,0,0,0,0,0,-1000,0,0,0,0,1000,-1000,-1000
059219,旺宏元大99購12  ,0,0,0,0,0,0,0,0,0,-1000,0,0,0,0,1000,-1000,-1000
059215,台積電元大99購28,0,0,0,0,0,0,0,0,0,-1000,0,0,0,0,1000,-1000,-1000
059365,T50反1台新99購01,0,0,0,0,0,0,0,0,0,-1000,0,0,0,0,1000,-1000,-1000
059325,超眾元大99購05  ,0,0,0,0,0,0,0,0,0,-1000,0,0,0,0,1000,-1000,-1000
059511,宏達電永豐99購02,0,0,0,0,0,0,0,0,0,-1000,0,0,0,8000,9000,-1000,-1000
059435,大立光元大99購17,0,0,0,0,0,0,0,0,0,-1000,0,0,0,0,1000,-1000,-1000
059198,華新科永豐99購06,0,0,0,0,0,0,0,0,0,-1000,0,0,0,0,1000,-1000,-1000
062683,可成統一9B購04  ,0,0,0,0,0,0,0,0,0,-1000,0,0,0,0,1000,-1000,-1000
061497,大立光國票9A購09,0,0,0,0,0,0,0,0,0,-1000,0,0,0,0,1000,-1000,-1000
061506,瑞祺國票9A購02  ,0,0,0,0,0,0,0,0,0,-1000,0,0,0,1000,2000,-1000,-1000
061542,旺宏群益9A購04  ,0,0,0,0,0,0,0,0,0,-1000,0,0,0,0,1000,-1000,-1000
060732,玉晶光群益9C購02,0,0,0,0,0,0,0,0,0,-1000,0,0,0,0,1000,-1000,-1000
062094,台積電富邦9C購12,0,0,0,0,0,0,0,0,0,-1000,0,0,0,0,1000,-1000,-1000
062548,智易永豐9B購01  ,0,0,0,0,0,0,0,0,0,-1000,0,0,0,0,1000,-1000,-1000
061402,矽創兆豐9B購01  ,0,0,0,0,0,0,0,0,0,-1000,0,0,0,0,1000,-1000,-1000
061457,TPK凱基9A購01   ,0,0,0,0,0,0,0,0,0,-1000,0,0,0,9000,10000,-1000,-1000
061383,高股息群益9A購01,0,0,0,0,0,0,0,0,0,-1000,0,0,0,0,1000,-1000,-1000
060685,康友元大9A購01  ,0,0,0,0,0,0,0,0,0,-1000,0,0,0,10000,11000,-1000,-1000
061810,S&P反1群益9B購02,0,0,0,0,0,0,0,0,0,-1000,0,0,0,0,1000,-1000,-1000
061839,華新科凱基05購04,0,0,0,0,0,0,0,0,0,-1000,0,0,0,0,1000,-1000,-1000
060659,鴻海凱基9B購03  ,0,0,0,0,0,0,0,0,0,-1000,0,0,0,15000,16000,-1000,-1000
064888,景碩中信9C購01  ,0,0,0,0,0,0,0,0,0,-1000,0,0,0,0,1000,-1000,-1000
064688,國巨群益9C購11  ,0,0,0,0,0,0,0,0,0,-1000,0,0,0,0,1000,-1000,-1000
064740,台光電國票01購01,0,0,0,0,0,0,0,0,0,-1000,0,0,0,0,1000,-1000,-1000
064754,漢唐凱基02購01  ,0,0,0,0,0,0,0,0,0,-1000,0,0,0,10000,11000,-1000,-1000
065056,臺股指凱基9C購20,0,0,0,0,0,0,0,0,0,-1000,0,0,0,1000,2000,-1000,-1000
064956,麗豐凱基9C購01  ,0,0,0,0,0,0,0,0,0,-1000,0,0,0,16000,17000,-1000,-1000
065192,臺股指統一9C購03,0,0,0,0,0,0,0,0,0,-1000,0,0,0,0,1000,-1000,-1000
065106,S&P反1國票9C購02,0,0,0,0,0,0,0,0,0,-1000,0,0,0,0,1000,-1000,-1000
065612,聯茂元大9C購07  ,0,0,0,0,0,0,0,0,0,-1000,0,0,0,48000,49000,-1000,-1000
065631,台積電國票9C購10,0,0,0,0,0,0,0,0,0,-1000,0,0,0,2000,3000,-1000,-1000
065716,道瓊反中信03購01,0,0,0,0,0,0,0,0,0,-1000,0,0,0,0,1000,-1000,-1000
065832,貿聯凱基02購03  ,0,0,0,0,0,0,0,0,0,-1000,0,0,0,40000,41000,-1000,-1000
065281,和大群益01購02  ,0,0,0,0,0,0,0,0,0,-1000,0,0,0,0,1000,-1000,-1000
065291,日電貿群益01購01,0,0,0,0,0,0,0,0,0,-1000,0,0,0,59000,60000,-1000,-1000
065389,聯茂兆豐9C購01  ,0,0,0,0,0,0,0,0,0,-1000,0,0,0,0,1000,-1000,-1000
065528,FBVIX中信04購01 ,0,0,0,0,0,0,0,0,0,-1000,0,0,0,10000,11000,-1000,-1000
065552,聯發科凱基9C購12,0,0,0,0,0,0,0,0,0,-1000,0,0,0,3000,4000,-1000,-1000
063870,健策永豐01購01  ,0,0,0,0,0,0,0,0,0,-1000,0,0,0,0,1000,-1000,-1000
063752,瑞祺國票9C購01  ,0,0,0,0,0,0,0,0,0,-1000,0,0,0,0,1000,-1000,-1000
063511,南電群益9B購02  ,0,0,0,0,0,0,0,0,0,-1000,0,0,0,0,1000,-1000,-1000
063537,華擎統一9C購03  ,0,0,0,0,0,0,0,0,0,-1000,0,0,0,0,1000,-1000,-1000
063546,國巨兆豐9C購03  ,0,0,0,0,0,0,0,0,0,-1000,0,0,0,0,1000,-1000,-1000
063281,京元電元大9B購01,0,0,0,0,0,0,0,0,0,-1000,0,0,0,12000,13000,-1000,-1000
063304,大立光凱基01購02,0,0,0,0,0,0,0,0,0,-1000,0,0,0,0,1000,-1000,-1000
064280,大立光元大9C購11,0,0,0,0,0,0,0,0,0,-1000,0,0,0,0,1000,-1000,-1000
064141,國巨統一01購08  ,0,0,0,0,0,0,0,0,0,-1000,0,0,0,0,1000,-1000,-1000
064003,台積電凱基01購03,0,0,0,0,0,0,0,0,0,-1000,0,0,0,0,1000,-1000,-1000
063980,智易兆豐9C購02  ,0,0,0,0,0,0,0,0,0,-1000,0,0,0,10000,11000,-1000,-1000
064315,創意群益9C購01  ,0,0,0,0,0,0,0,0,0,-1000,0,0,0,0,1000,-1000,-1000
064461,致伸統一01購01  ,0,0,0,0,0,0,0,0,0,-1000,0,0,0,21000,22000,-1000,-1000
064545,智邦凱基9C購02  ,0,0,0,0,0,0,0,0,0,-1000,0,0,0,0,1000,-1000,-1000
06458P,玉晶光統一9A售02,0,0,0,0,0,0,0,0,0,-1000,0,0,0,0,1000,-1000,-1000
8411,福貞-KY         ,8000,11000,-3000,0,0,0,0,0,0,2000,2000,0,2000,0,0,0,-1000
6641,基士德-KY       ,0,1000,-1000,0,0,0,0,0,0,0,0,0,0,0,0,0,-1000
6442,光聖            ,0,1000,-1000,0,0,0,0,0,0,0,0,0,0,0,0,0,-1000
6133,金橋            ,0,1000,-1000,0,0,0,0,0,0,0,0,0,0,0,0,0,-1000
6117,迎廣            ,3000,4000,-1000,0,0,0,0,0,0,0,0,0,0,0,0,0,-1000
8488,吉源-KY         ,0,1000,-1000,0,0,0,0,0,0,0,0,0,0,0,0,0,-1000
5284,jpp-KY          ,1000,2000,-1000,0,0,0,0,0,0,0,0,0,0,0,0,0,-1000
4807,日成-KY         ,1000,2000,-1000,0,0,0,0,0,0,0,0,0,0,0,0,0,-1000
4581,光隆精密-KY     ,0,1000,-1000,0,0,0,0,0,0,0,0,0,0,0,0,0,-1000
4438,廣越            ,5000,6000,-1000,0,0,0,0,0,0,0,0,0,0,0,0,0,-1000
4439,冠星-KY         ,0,1000,-1000,0,0,0,0,0,0,0,0,0,0,0,0,0,-1000
3528,安馳            ,6000,7000,-1000,0,0,0,0,0,0,0,0,0,0,0,0,0,-1000
3046,建碁            ,0,1000,-1000,0,0,0,0,0,0,0,0,0,0,0,0,0,-1000
3266,昇陽            ,0,1000,-1000,0,0,0,0,0,0,0,0,0,0,0,0,0,-1000
3296,勝德            ,0,1000,-1000,0,0,0,0,0,0,0,0,0,0,0,0,0,-1000
3130,一零四          ,0,1000,-1000,0,0,0,0,0,0,0,0,0,0,0,0,0,-1000
2887F,台新戊特二      ,0,0,0,0,0,0,0,0,0,-1000,0,1000,-1000,0,0,0,-1000
2424,隴華            ,0,1000,-1000,0,0,0,0,0,0,0,0,0,0,0,0,0,-1000
2462,良得電          ,5000,6000,-1000,0,0,0,0,0,0,0,0,0,0,0,0,0,-1000
2630,亞航            ,0,1000,-1000,0,0,0,0,0,0,0,0,0,0,0,0,0,-1000
1726,永記            ,3000,4000,-1000,0,0,0,0,0,0,0,0,0,0,0,0,0,-1000
2115,六暉-KY         ,0,1000,-1000,0,0,0,0,0,0,0,0,0,0,0,0,0,-1000
2243,宏旭-KY         ,0,1000,-1000,0,0,0,0,0,0,0,0,0,0,0,0,0,-1000
2373,震旦行          ,6000,7000,-1000,0,0,0,0,0,0,0,0,0,0,0,0,0,-1000
08445P,臺股指麥證9C售03,0,0,0,6000,8000,-2000,0,0,0,-2000,0,0,0,6000,8000,-2000,-2000
08451P,南六統一9C售06  ,0,0,0,0,0,0,0,0,0,-2000,0,0,0,8000,10000,-2000,-2000
08382P,國巨群益01售02  ,0,0,0,0,0,0,0,0,0,-2000,0,0,0,31000,33000,-2000,-2000
08547P,大立光中信9C售04,0,0,0,0,0,0,0,0,0,-2000,0,0,0,0,2000,-2000,-2000
08604P,金融類元大9C售01,0,0,0,0,0,0,0,0,0,-2000,0,0,0,2000,4000,-2000,-2000
1468,昶和            ,1000,3000,-2000,0,0,0,0,0,0,0,0,0,0,0,0,0,-2000
08669P,聯發科群益02售02,0,0,0,0,0,0,0,0,0,-2000,0,0,0,85000,87000,-2000,-2000
08787P,滬深2X元富01售06,0,0,0,0,0,0,0,0,0,-2000,0,0,0,0,2000,-2000,-2000
1235,興泰            ,6000,8000,-2000,0,0,0,0,0,0,0,0,0,0,0,0,0,-2000
1236,宏亞            ,0,5000,-5000,0,0,0,0,0,0,3000,3000,0,3000,0,0,0,-2000
07462P,臺股指元大9B售05,0,0,0,0,0,0,0,0,0,-2000,0,0,0,0,2000,-2000,-2000
07292P,臺股指凱基99售44,0,0,0,0,0,0,0,0,0,-2000,0,0,0,0,2000,-2000,-2000
07672P,南電元大9A售05  ,0,0,0,0,0,0,0,0,0,-2000,0,0,0,20000,22000,-2000,-2000
07892P,臺股指國票9B售02,0,0,0,0,0,0,0,0,0,-2000,0,0,0,0,2000,-2000,-2000
066037,華通元大01購03  ,0,0,0,0,0,0,0,0,0,-2000,0,0,0,10000,12000,-2000,-2000
066131,群光群益02購01  ,0,0,0,0,0,0,0,0,0,-2000,0,0,0,196000,198000,-2000,-2000
065908,聯發科永豐9C購04,0,0,0,0,0,0,0,0,0,-2000,0,0,0,0,2000,-2000,-2000
066181,泰鼎凱基01購01  ,0,0,0,0,0,0,0,0,0,-2000,0,0,0,1000,3000,-2000,-2000
07089P,臺指2X中信01售01,0,0,0,0,0,0,0,0,0,-2000,0,0,0,0,2000,-2000,-2000
07006P,旺宏統一9B售03  ,0,0,0,0,0,0,0,0,0,-2000,0,0,0,0,2000,-2000,-2000
06766P,玉晶光元大99售10,0,0,0,0,0,0,0,0,0,-2000,0,0,0,8000,10000,-2000,-2000
06841P,臺股指統一9A售02,0,0,0,0,0,0,0,0,0,-2000,0,0,0,0,2000,-2000,-2000
066897,京元電康和01購01,0,0,0,0,0,0,0,0,0,-2000,0,0,0,0,2000,-2000,-2000
066899,義隆康和01購01  ,0,0,0,0,0,0,0,0,0,-2000,0,0,0,0,2000,-2000,-2000
066910,華擎凱基01購03  ,0,0,0,0,0,0,0,0,0,-2000,0,0,0,0,2000,-2000,-2000
066915,訊芯凱基02購01  ,0,0,0,0,0,0,0,0,0,-2000,0,0,0,0,2000,-2000,-2000
066917,美利達凱基01購02,0,0,0,0,0,0,0,0,0,-2000,0,0,0,0,2000,-2000,-2000
066589,英業達群益01購01,0,0,0,0,0,0,0,0,0,-2000,0,0,0,0,2000,-2000,-2000
066670,貿聯凱基01購01  ,0,0,0,0,0,0,0,0,0,-2000,0,0,0,0,2000,-2000,-2000
066645,聯發科麥證01購02,0,0,0,10000,12000,-2000,0,0,0,-2000,0,0,0,10000,12000,-2000,-2000
066640,達麗凱基01購01  ,0,0,0,0,0,0,0,0,0,-2000,0,0,0,0,2000,-2000,-2000
054060,晶技國票97購02  ,0,0,0,0,0,0,0,0,0,-2000,0,0,0,18000,20000,-2000,-2000
053770,元金2X元大98購01,0,0,0,0,0,0,0,0,0,-2000,0,0,0,0,2000,-2000,-2000
03094X,大立光元大68展08,0,0,0,0,0,0,0,0,0,-2000,0,0,0,0,2000,-2000,-2000
047548,友達凱基99購03  ,0,0,0,0,0,0,0,0,0,-2000,0,0,0,0,2000,-2000,-2000
056588,聯發科統一9A購02,0,0,0,0,0,0,0,0,0,-2000,0,0,0,436000,438000,-2000,-2000
055164,矽創元大98購01  ,0,0,0,0,0,0,0,0,0,-2000,0,0,0,0,2000,-2000,-2000
055262,台虹國泰98購01  ,0,0,0,0,0,0,0,0,0,-2000,0,0,0,0,2000,-2000,-2000
058733,同欣電永豐99購02,0,0,0,0,0,0,0,0,0,-2000,0,0,0,172000,174000,-2000,-2000
054770,健策國票98購01  ,0,0,0,0,0,0,0,0,0,-2000,0,0,0,4000,6000,-2000,-2000
056398,南茂永豐98購01  ,0,0,0,0,0,0,0,0,0,-2000,0,0,0,28000,30000,-2000,-2000
056230,可成凱基98購03  ,0,0,0,0,0,0,0,0,0,-2000,0,0,0,0,2000,-2000,-2000
058108,台郡台新99購01  ,0,0,0,0,0,0,0,0,0,-2000,0,0,0,0,2000,-2000,-2000
062007,台光電國泰9C購01,0,0,0,0,0,0,0,0,0,-2000,0,0,0,20000,22000,-2000,-2000
061719,緯穎凱基9A購06  ,0,0,0,0,0,0,0,0,0,-2000,0,0,0,0,2000,-2000,-2000
061707,超眾國票9B購01  ,0,0,0,0,0,0,0,0,0,-2000,0,0,0,0,2000,-2000,-2000
061619,大立光群益9B購01,0,0,0,0,0,0,0,0,0,-2000,0,0,0,0,2000,-2000,-2000
061654,旺宏國票9A購02  ,0,0,0,0,0,0,0,0,0,-2000,0,0,0,30000,32000,-2000,-2000
061762,台塑元大9B購01  ,0,0,0,0,0,0,0,0,0,-2000,0,0,0,0,2000,-2000,-2000
058333,鴻海元富99購04  ,0,0,0,0,0,0,0,0,0,-2000,0,0,0,1000,3000,-2000,-2000
058376,貿聯凱基9A購01  ,0,0,0,0,0,0,0,0,0,-2000,0,0,0,8000,10000,-2000,-2000
058517,景碩元大99購06  ,0,0,0,0,0,0,0,0,0,-2000,0,0,0,5000,7000,-2000,-2000
058437,可成統一9B購01  ,0,0,0,0,0,0,0,0,0,-2000,0,0,0,71000,73000,-2000,-2000
058614,台郡元大9A購01  ,0,0,0,0,0,0,0,0,0,-2000,0,0,0,0,2000,-2000,-2000
056856,華通群益9A購01  ,0,0,0,0,0,0,0,0,0,-2000,0,0,0,0,2000,-2000,-2000
058890,元油2X元大9C購06,0,0,0,0,0,0,0,0,0,-2000,0,0,0,4000,6000,-2000,-2000
057862,智邦凱基99購01  ,0,0,0,0,0,0,0,0,0,-2000,0,0,0,5000,7000,-2000,-2000
056918,台積電兆豐98購01,0,0,0,0,0,0,0,0,0,-2000,0,0,0,8000,10000,-2000,-2000
059751,華通群益9B購03  ,0,0,0,0,0,0,0,0,0,-2000,0,0,0,0,2000,-2000,-2000
062545,嘉晶永豐9B購01  ,0,0,0,0,0,0,0,0,0,-2000,0,0,0,2000,4000,-2000,-2000
062061,台勝科統一01購01,0,0,0,0,0,0,0,0,0,-2000,0,0,0,0,2000,-2000,-2000
059177,臺股指凱基99購28,0,0,0,0,0,0,0,0,0,-2000,0,0,0,0,2000,-2000,-2000
05961P,鴻海群益97售01  ,0,0,0,0,0,0,0,0,0,-2000,0,0,0,0,2000,-2000,-2000
059540,新光金日盛99購01,0,0,0,0,0,0,0,0,0,-2000,0,0,0,0,2000,-2000,-2000
059381,TPK亞東99購01   ,0,0,0,0,0,0,0,0,0,-2000,0,0,0,0,2000,-2000,-2000
059324,智易元大99購04  ,0,0,0,0,0,0,0,0,0,-2000,0,0,0,0,2000,-2000,-2000
062603,台化凱基9B購01  ,0,0,0,0,0,0,0,0,0,-2000,0,0,0,3000,5000,-2000,-2000
062628,廣達國票9B購01  ,0,0,0,0,0,0,0,0,0,-2000,0,0,0,8000,10000,-2000,-2000
062155,國巨凱基9C購03  ,0,0,0,0,0,0,0,0,0,-2000,0,0,0,0,2000,-2000,-2000
062165,聯茂國泰01購01  ,0,0,0,0,0,0,0,0,0,-2000,0,0,0,1000,3000,-2000,-2000
060159,健和興永豐9A購01,0,0,0,0,0,0,0,0,0,-2000,0,0,0,0,2000,-2000,-2000
061057,華新科國票9A購04,0,0,0,0,0,0,0,0,0,-2000,0,0,0,26000,28000,-2000,-2000
061173,T50反1凱基04購01,0,0,0,0,0,0,0,0,0,-2000,0,0,0,4000,6000,-2000,-2000
060303,宏達電富邦9B購01,0,0,0,0,0,0,0,0,0,-2000,0,0,0,156000,158000,-2000,-2000
060090,台積電元大99購55,0,0,0,0,0,0,0,0,0,-2000,0,0,0,0,2000,-2000,-2000
060431,復盛永豐9A購01  ,0,0,0,0,0,0,0,0,0,-2000,0,0,0,0,2000,-2000,-2000
060335,明泰康和9A購01  ,0,0,0,0,0,0,0,0,0,-2000,0,0,0,0,2000,-2000,-2000
060011,臺股指群益9C購06,0,0,0,0,0,0,0,0,0,-2000,0,0,0,0,2000,-2000,-2000
059635,華新科凱基9A購06,0,0,0,0,0,0,0,0,0,-2000,0,0,0,0,2000,-2000,-2000
059066,道瓊指國票04購01,0,0,0,0,0,0,0,0,0,-2000,0,0,0,0,2000,-2000,-2000
062934,大成鋼凱基9B購02,0,0,0,0,0,0,0,0,0,-2000,0,0,0,30000,32000,-2000,-2000
063006,道瓊反元大9C購01,0,0,0,0,0,0,0,0,0,-2000,0,0,0,0,2000,-2000,-2000
061268,玉晶光凱基9B購04,0,0,0,0,0,0,0,0,0,-2000,0,0,0,1000,3000,-2000,-2000
061224,道瓊反中信01購01,0,0,0,0,0,0,0,0,0,-2000,0,0,0,0,2000,-2000,-2000
058989,茂林凱基99購02  ,0,0,0,0,0,0,0,0,0,-2000,0,0,0,3000,5000,-2000,-2000
062849,中興電永豐9B購02,0,0,0,0,0,0,0,0,0,-2000,0,0,0,63000,65000,-2000,-2000
062783,大立光元大9C購03,0,0,0,0,0,0,0,0,0,-2000,0,0,0,0,2000,-2000,-2000
064340,大立光元大9C購17,0,0,0,0,0,0,0,0,0,-2000,0,0,0,0,2000,-2000,-2000
064344,緯創元大9C購01  ,0,0,0,0,0,0,0,0,0,-2000,0,0,0,43000,45000,-2000,-2000
064439,大立光凱基03購02,0,0,0,0,0,0,0,0,0,-2000,0,0,0,2000,4000,-2000,-2000
064053,祥碩統一02購01  ,0,0,0,0,0,0,0,0,0,-2000,0,0,0,39000,41000,-2000,-2000
063386,國巨兆豐9B購04  ,0,0,0,0,0,0,0,0,0,-2000,0,0,0,0,2000,-2000,-2000
063549,國巨國票9C購05  ,0,0,0,0,0,0,0,0,0,-2000,0,0,0,6000,8000,-2000,-2000
063744,儒鴻國票9C購01  ,0,0,0,0,0,0,0,0,0,-2000,0,0,0,2000,4000,-2000,-2000
063633,金像電元大9B購05,0,0,0,0,0,0,0,0,0,-2000,0,0,0,106000,108000,-2000,-2000
063619,聯發科兆豐01購01,0,0,0,0,0,0,0,0,0,-2000,0,0,0,5000,7000,-2000,-2000
063828,台積電國票01購02,0,0,0,0,0,0,0,0,0,-2000,0,0,0,0,2000,-2000,-2000
065397,宏達電群益9C購03,0,0,0,0,0,0,0,0,0,-2000,0,0,0,58000,60000,-2000,-2000
065259,燿華元大9C購05  ,0,0,0,0,0,0,0,0,0,-2000,0,0,0,51000,53000,-2000,-2000
065299,燿華元富9C購02  ,0,0,0,0,0,0,0,0,0,-2000,0,0,0,10000,12000,-2000,-2000
065805,京鼎群益01購01  ,0,0,0,0,0,0,0,0,0,-2000,0,0,0,0,2000,-2000,-2000
065193,和大元富03購02  ,0,0,0,0,0,0,0,0,0,-2000,0,0,0,0,2000,-2000,-2000
064920,景碩統一01購02  ,0,0,0,0,0,0,0,0,0,-2000,0,0,0,22000,24000,-2000,-2000
065059,神隆群益9C購01  ,0,0,0,0,0,0,0,0,0,-2000,0,0,0,0,2000,-2000,-2000
064871,緯穎永豐9C購03  ,0,0,0,0,0,0,0,0,0,-2000,0,0,0,0,2000,-2000,-2000
064845,華通元富9C購02  ,0,0,0,0,0,0,0,0,0,-2000,0,0,0,5000,7000,-2000,-2000
2355,敬鵬            ,424000,451000,-27000,0,0,0,0,0,0,25000,27000,0,27000,5000,7000,-2000,-2000
2114,鑫永銓          ,5000,9000,-4000,0,0,0,0,0,0,2000,2000,0,2000,0,0,0,-2000
2032,新鋼            ,0,2000,-2000,0,0,0,0,0,0,0,0,0,0,0,0,0,-2000
2033,佳大            ,1000,3000,-2000,0,0,0,0,0,0,0,0,0,0,0,0,0,-2000
2460,建通            ,0,3000,-3000,0,0,0,0,0,0,1000,1000,0,1000,0,0,0,-2000
2440,太空梭          ,0,2000,-2000,0,0,0,0,0,0,0,0,0,0,0,0,0,-2000
3002,歐格            ,2000,4000,-2000,0,0,0,0,0,0,0,0,0,0,0,0,0,-2000
3229,晟鈦            ,0,2000,-2000,0,0,0,0,0,0,0,0,0,0,0,0,0,-2000
3593,力銘            ,0,2000,-2000,0,0,0,0,0,0,0,0,0,0,0,0,0,-2000
4555,氣立            ,1000,3000,-2000,0,0,0,0,0,0,0,0,0,0,0,0,0,-2000
4562,穎漢            ,1000,3000,-2000,0,0,0,0,0,0,0,0,0,0,0,0,0,-2000
4571,鈞興-KY         ,0,2000,-2000,0,0,0,0,0,0,0,0,0,0,0,0,0,-2000
9924,福興            ,9000,12000,-3000,0,0,0,0,0,0,1000,1000,0,1000,0,0,0,-2000
5538,東明-KY         ,0,2000,-2000,0,0,0,0,0,0,0,0,0,0,0,0,0,-2000
6201,亞弘電          ,0,2000,-2000,0,0,0,0,0,0,0,0,0,0,0,0,0,-2000
8222,寶一            ,8000,10000,-2000,0,0,0,0,0,0,0,0,0,0,0,0,0,-2000
6415,矽力-KY         ,232500,230523,1977,0,0,0,0,4000,-4000,0,0,0,0,0,0,0,-2023
066814,健鼎兆豐01購01  ,0,0,0,0,0,0,0,0,0,-3000,0,0,0,0,3000,-3000,-3000
066523,智原統一02購01  ,0,0,0,0,0,0,0,0,0,-3000,0,0,0,0,3000,-3000,-3000
066508,世紀鋼富邦03購01,0,0,0,0,0,0,0,0,0,-3000,0,0,0,0,3000,-3000,-3000
066895,台勝科兆豐01購01,0,0,0,0,0,0,0,0,0,-3000,0,0,0,0,3000,-3000,-3000
066919,台積電麥證01購06,0,0,0,0,3000,-3000,0,0,0,-3000,0,0,0,0,3000,-3000,-3000
066930,台積電國票02購01,0,0,0,0,0,0,0,0,0,-3000,0,0,0,0,3000,-3000,-3000
066954,聯詠元大01購04  ,1000,0,1000,0,0,0,0,0,0,-4000,0,0,0,8000,12000,-4000,-3000
07076P,鴻海凱基9A售08  ,0,0,0,0,0,0,0,0,0,-3000,0,0,0,15000,18000,-3000,-3000
066204,京鼎統一02購01  ,0,0,0,0,0,0,0,0,0,-3000,0,0,0,314000,317000,-3000,-3000
066053,創意元大01購01  ,0,0,0,0,0,0,0,0,0,-3000,0,0,0,0,3000,-3000,-3000
066067,台積電凱基02購05,0,0,0,0,0,0,0,0,0,-3000,0,0,0,17000,20000,-3000,-3000
07878P,智邦群益9C售01  ,0,0,0,0,0,0,0,0,0,-3000,0,0,0,7000,10000,-3000,-3000
07926P,上銀統一9B售02  ,0,0,0,0,0,0,0,0,0,-3000,0,0,0,2000,5000,-3000,-3000
07929P,旺宏統一9B售07  ,0,0,0,0,0,0,0,0,0,-3000,0,0,0,1000,4000,-3000,-3000
08060P,嘉澤元大9B售01  ,0,0,0,0,0,0,0,0,0,-3000,0,0,0,0,3000,-3000,-3000
08247P,台積電群益9C售06,0,0,0,0,0,0,0,0,0,-3000,0,0,0,97000,100000,-3000,-3000
07274P,上証2X群益01售01,0,0,0,0,0,0,0,0,0,-3000,0,0,0,52000,55000,-3000,-3000
07452P,國巨元大9A售05  ,0,0,0,0,0,0,0,0,0,-3000,0,0,0,0,3000,-3000,-3000
1225,福懋油          ,6000,9000,-3000,0,0,0,0,0,0,0,0,0,0,0,0,0,-3000
1341,富林-KY         ,0,3000,-3000,0,0,0,0,0,0,0,0,0,0,0,0,0,-3000
1539,巨庭            ,0,3000,-3000,0,0,0,0,0,0,0,0,0,0,0,0,0,-3000
1568,倉佑            ,2000,10000,-8000,0,0,0,0,0,0,5000,5000,0,5000,0,0,0,-3000
08581P,臺股指元大9C售29,0,0,0,0,0,0,0,0,0,-3000,0,0,0,12000,15000,-3000,-3000
058046,國巨元大9A購01  ,0,0,0,0,0,0,0,0,0,-3000,0,0,0,20000,23000,-3000,-3000
056762,亞德客元大98購01,0,0,0,0,0,0,0,0,0,-3000,0,0,0,0,3000,-3000,-3000
056869,國巨日盛99購03  ,0,0,0,0,0,0,0,0,0,-3000,0,0,0,0,3000,-3000,-3000
058449,台積電永豐99購01,0,0,0,0,0,0,0,0,0,-3000,0,0,0,3000,6000,-3000,-3000
058513,宏達電元大99購05,0,0,0,0,0,0,0,0,0,-3000,0,0,0,1000,4000,-3000,-3000
058510,全新元大9B購02  ,0,0,0,0,0,0,0,0,0,-3000,0,0,0,9000,12000,-3000,-3000
058485,智邦國票9A購01  ,0,0,0,0,0,0,0,0,0,-3000,0,0,0,0,3000,-3000,-3000
058488,華擎國票9A購01  ,0,0,0,0,0,0,0,0,0,-3000,0,0,0,12000,15000,-3000,-3000
061668,信邦中信9B購01  ,0,0,0,0,0,0,0,0,0,-3000,0,0,0,113000,116000,-3000,-3000
061614,亞德客群益9A購01,0,0,0,0,0,0,0,0,0,-3000,0,0,0,0,3000,-3000,-3000
061989,晶技元大9B購04  ,0,0,0,0,0,0,0,0,0,-3000,0,0,0,2000,5000,-3000,-3000
058133,華新科元大9A購02,0,0,0,0,0,0,0,0,0,-3000,0,0,0,0,3000,-3000,-3000
057501,超眾群益98購04  ,0,0,0,0,0,0,0,0,0,-3000,0,0,0,0,3000,-3000,-3000
057577,廣宇中信9A購01  ,0,0,0,0,0,0,0,0,0,-3000,0,0,0,100000,103000,-3000,-3000
056411,緯穎國票99購01  ,0,0,0,0,0,0,0,0,0,-3000,0,0,0,13000,16000,-3000,-3000
056431,鴻海凱基98購07  ,0,0,0,0,0,0,0,0,0,-3000,0,0,0,7000,10000,-3000,-3000
055486,國巨元大98購06  ,0,0,0,0,0,0,0,0,0,-3000,0,0,0,18000,21000,-3000,-3000
058704,台積電元大99購17,0,0,0,0,0,0,0,0,0,-3000,0,0,0,0,3000,-3000,-3000
057849,南茂永豐98購02  ,0,0,0,0,0,0,0,0,0,-3000,0,0,0,0,3000,-3000,-3000
055390,國巨統一98購03  ,0,0,0,0,0,0,0,0,0,-3000,0,0,0,0,3000,-3000,-3000
03682C,臺股指凱基9C牛07,0,0,0,0,0,0,0,0,0,-3000,0,0,0,10000,13000,-3000,-3000
048414,滬深2X統一98購01,0,0,0,0,0,0,0,0,0,-3000,0,0,0,15000,18000,-3000,-3000
056481,創意元大98購01  ,0,0,0,0,0,0,0,0,0,-3000,0,0,0,0,3000,-3000,-3000
053764,A50正2富邦99購01,0,0,0,0,0,0,0,0,0,-3000,0,0,0,54000,57000,-3000,-3000
060958,儒鴻凱基9A購02  ,0,0,0,0,0,0,0,0,0,-3000,0,0,0,33000,36000,-3000,-3000
062908,晶豪科元大9B購03,0,0,0,0,0,0,0,0,0,-3000,0,0,0,100000,103000,-3000,-3000
059014,SGBR2X元富03購01,0,0,0,0,0,0,0,0,0,-3000,0,0,0,0,3000,-3000,-3000
062987,祥碩中信01購01  ,0,0,0,0,0,0,0,0,0,-3000,0,0,0,30000,33000,-3000,-3000
063055,創意統一9B購02  ,0,0,0,0,0,0,0,0,0,-3000,0,0,0,0,3000,-3000,-3000
063212,聯發科國票9C購02,0,0,0,0,0,0,0,0,0,-3000,0,0,0,7000,10000,-3000,-3000
059143,國巨國票9A購04  ,0,0,0,0,0,0,0,0,0,-3000,0,0,0,48000,51000,-3000,-3000
060065,大立光兆豐9B購01,0,0,0,0,0,0,0,0,0,-3000,0,0,0,0,3000,-3000,-3000
060015,國巨康和99購03  ,0,0,0,0,0,0,0,0,0,-3000,0,0,0,8000,11000,-3000,-3000
060016,廣達康和99購01  ,0,0,0,0,0,0,0,0,0,-3000,0,0,0,38000,41000,-3000,-3000
060411,達新永豐9A購01  ,0,0,0,0,0,0,0,0,0,-3000,0,0,0,15000,18000,-3000,-3000
060260,京鼎凱基9C購01  ,0,0,0,0,0,0,0,0,0,-3000,0,0,0,3000,6000,-3000,-3000
060302,台積電富邦02購01,0,0,0,0,0,0,0,0,0,-3000,0,0,0,1000,4000,-3000,-3000
061100,SP黃豆元大9A購04,0,0,0,0,0,0,0,0,0,-3000,0,0,0,0,3000,-3000,-3000
061101,道瓊銀元大9A購02,0,0,0,0,0,0,0,0,0,-3000,0,0,0,28000,31000,-3000,-3000
061041,南電永豐9A購03  ,0,0,0,0,0,0,0,0,0,-3000,0,0,0,27000,30000,-3000,-3000
062128,祥碩統一01購01  ,0,0,0,0,0,0,0,0,0,-3000,0,0,0,27000,30000,-3000,-3000
062402,台勝科永豐9B購02,0,0,0,0,0,0,0,0,0,-3000,0,0,0,0,3000,-3000,-3000
059391,立積凱基9A購01  ,0,0,0,0,0,0,0,0,0,-3000,0,0,0,0,3000,-3000,-3000
059624,鴻海凱基01購01  ,0,0,0,0,0,0,0,0,0,-3000,0,0,0,0,3000,-3000,-3000
059492,國巨國票9A購06  ,0,0,0,0,0,0,0,0,0,-3000,0,0,0,0,3000,-3000,-3000
062728,健策凱基9B購04  ,0,0,0,0,0,0,0,0,0,-3000,0,0,0,5000,8000,-3000,-3000
060704,台積電富邦01購01,0,0,0,0,0,0,0,0,0,-3000,0,0,0,0,3000,-3000,-3000
059765,嘉聯益永豐99購02,0,0,0,0,0,0,0,0,0,-3000,0,0,0,0,3000,-3000,-3000
059848,智邦永豐99購01  ,0,0,0,0,0,0,0,0,0,-3000,0,0,0,0,3000,-3000,-3000
061394,FBVIX統一9B購01 ,0,0,0,0,0,0,0,0,0,-3000,0,0,0,8000,11000,-3000,-3000
061400,可成兆豐9B購02  ,0,0,0,0,0,0,0,0,0,-3000,0,0,0,6000,9000,-3000,-3000
061448,旺宏中信9A購02  ,0,0,0,0,0,0,0,0,0,-3000,0,0,0,0,3000,-3000,-3000
064834,大立光統一02購05,0,0,0,0,0,0,0,0,0,-3000,0,0,0,0,3000,-3000,-3000
064768,仁寶中信03購01  ,0,0,0,0,0,0,0,0,0,-3000,0,0,0,48000,51000,-3000,-3000
065231,宏達電凱基01購01,0,0,0,0,0,0,0,0,0,-3000,0,0,0,1000,4000,-3000,-3000
065755,日電貿元大9C購02,0,0,0,0,0,0,0,0,0,-3000,0,0,0,0,3000,-3000,-3000
065346,台光電統一02購01,0,0,0,0,0,0,0,0,0,-3000,0,0,0,0,3000,-3000,-3000
065460,嘉聯益台新9C購01,0,0,0,0,0,0,0,0,0,-3000,0,0,0,38000,41000,-3000,-3000
063825,道瓊銀國票01購01,0,0,0,0,0,0,0,0,0,-3000,0,0,0,0,3000,-3000,-3000
063622,健策兆豐9B購01  ,0,0,0,0,0,0,0,0,0,-3000,0,0,0,0,3000,-3000,-3000
063723,儒鴻元大9B購04  ,0,0,0,0,0,0,0,0,0,-3000,0,0,0,10000,13000,-3000,-3000
063727,鴻海元大9C購05  ,0,0,0,0,0,0,0,0,0,-3000,0,0,0,27000,30000,-3000,-3000
063682,達新永豐9B購01  ,0,0,0,0,0,0,0,0,0,-3000,0,0,0,0,3000,-3000,-3000
063411,和潤國票9C購01  ,0,0,0,0,0,0,0,0,0,-3000,0,0,0,0,3000,-3000,-3000
063285,華擎元大9B購03  ,0,0,0,0,0,0,0,0,0,-3000,0,0,0,148000,151000,-3000,-3000
064127,聯發科元大9C購06,0,0,0,0,0,0,0,0,0,-3000,0,0,0,20000,23000,-3000,-3000
064134,瑞祺元大9C購02  ,0,0,0,0,0,0,0,0,0,-3000,0,0,0,11000,14000,-3000,-3000
064182,臻鼎富邦01購01  ,0,0,0,0,0,0,0,0,0,-3000,0,0,0,1000,4000,-3000,-3000
064225,健策國票01購02  ,0,0,0,0,0,0,0,0,0,-3000,0,0,0,0,3000,-3000,-3000
064305,健鼎兆豐9C購02  ,0,0,0,0,0,0,0,0,0,-3000,0,0,0,0,3000,-3000,-3000
6405,悅城            ,0,3000,-3000,0,0,0,0,0,0,0,0,0,0,0,0,0,-3000
6605,帝寶            ,19000,22000,-3000,0,0,0,0,0,0,0,0,0,0,0,0,0,-3000
9918,欣天然          ,3000,1000,2000,0,0,0,0,0,0,-5000,0,5000,-5000,0,0,0,-3000
9937,全國            ,5000,8000,-3000,0,0,0,0,0,0,0,0,0,0,0,0,0,-3000
4764,雙鍵            ,0,4000,-4000,0,0,0,0,0,0,1000,1000,0,1000,0,0,0,-3000
5525,順天            ,0,3000,-3000,0,0,0,0,0,0,0,0,0,0,0,0,0,-3000
2904,匯僑            ,0,3000,-3000,0,0,0,0,0,0,0,0,0,0,0,0,0,-3000
2483,百容            ,2000,4000,-2000,0,0,0,0,0,0,-1000,0,1000,-1000,0,0,0,-3000
2433,互盛電          ,3000,6000,-3000,0,0,0,0,0,0,0,0,0,0,0,0,0,-3000
2477,美隆電          ,53000,56000,-3000,0,0,0,0,0,0,0,0,0,0,0,0,0,-3000
1724,台硝            ,1000,4000,-3000,0,0,0,0,0,0,0,0,0,0,0,0,0,-3000
08504P,臺股指國票9C售06,0,0,0,0,0,0,0,0,0,-4000,0,0,0,0,4000,-4000,-4000
08324P,大立光凱基9C售05,0,0,0,0,0,0,0,0,0,-4000,0,0,0,0,4000,-4000,-4000
1465,偉全            ,3000,7000,-4000,0,0,0,0,0,0,0,0,0,0,0,0,0,-4000
1456,怡華            ,0,4000,-4000,0,0,0,0,0,0,0,0,0,0,0,0,0,-4000
07849P,大立光群益9A售06,0,0,0,0,0,0,0,0,0,-4000,0,0,0,0,4000,-4000,-4000
066132,精元群益01購01  ,0,0,0,0,0,0,0,0,0,-4000,0,0,0,0,4000,-4000,-4000
066778,緯穎富邦03購01  ,0,0,0,0,0,0,0,0,0,-4000,0,0,0,0,4000,-4000,-4000
066729,台積電元大01購16,0,0,0,0,0,0,0,0,0,-4000,0,0,0,100000,104000,-4000,-4000
066614,貿聯麥證01購01  ,0,0,0,0,4000,-4000,0,0,0,-4000,0,0,0,0,4000,-4000,-4000
052692,滬深2X中信99購02,0,0,0,0,0,0,0,0,0,-4000,0,0,0,2000,6000,-4000,-4000
053328,滬深2X永豐99購01,0,0,0,0,0,0,0,0,0,-4000,0,0,0,0,4000,-4000,-4000
053293,聯發科中信9B購01,0,0,0,0,0,0,0,0,0,-4000,0,0,0,3000,7000,-4000,-4000
056519,創意國票99購01  ,0,0,0,0,0,0,0,0,0,-4000,0,0,0,0,4000,-4000,-4000
054555,欣興凱基98購01  ,0,0,0,0,0,0,0,0,0,-4000,0,0,0,0,4000,-4000,-4000
055521,S&P反1群益01購01,0,0,0,0,0,0,0,0,0,-4000,0,0,0,0,4000,-4000,-4000
056011,矽力中信99購01  ,0,0,0,0,0,0,0,0,0,-4000,0,0,0,0,4000,-4000,-4000
061574,大毅元大9B購01  ,0,0,0,0,0,0,0,0,0,-4000,0,0,0,100000,104000,-4000,-4000
061698,智邦國票9A購04  ,0,0,0,0,0,0,0,0,0,-4000,0,0,0,0,4000,-4000,-4000
058369,亞光凱基99購02  ,0,0,0,0,0,0,0,0,0,-4000,0,0,0,1000,5000,-4000,-4000
05887P,友達元富99售03  ,0,0,0,0,0,0,0,0,0,-4000,0,0,0,184000,188000,-4000,-4000
057892,上証2X元富02購01,0,0,0,0,0,0,0,0,0,-4000,0,0,0,0,4000,-4000,-4000
056743,貿聯凱基98購04  ,0,0,0,0,0,0,0,0,0,-4000,0,0,0,0,4000,-4000,-4000
057369,奇力新元大99購05,0,0,0,0,0,0,0,0,0,-4000,0,0,0,0,4000,-4000,-4000
060617,華新科元大9A購08,0,0,0,0,0,0,0,0,0,-4000,0,0,0,0,4000,-4000,-4000
062501,台積電群益9C購03,0,0,0,0,0,0,0,0,0,-4000,0,0,0,26000,30000,-4000,-4000
058920,SGBR2X元富99購06,0,0,0,0,0,0,0,0,0,-4000,0,0,0,0,4000,-4000,-4000
059268,鎧勝中信01購01  ,0,0,0,0,0,0,0,0,0,-4000,0,0,0,1000,5000,-4000,-4000
062372,旭富元大9B購01  ,0,0,0,0,0,0,0,0,0,-4000,0,0,0,64000,68000,-4000,-4000
062318,台郡凱基9B購01  ,0,0,0,0,0,0,0,0,0,-4000,0,0,0,30000,34000,-4000,-4000
062129,世紀鋼統一02購01,0,0,0,0,0,0,0,0,0,-4000,0,0,0,0,4000,-4000,-4000
061128,大立光永豐9A購02,0,0,0,0,0,0,0,0,0,-4000,0,0,0,21000,25000,-4000,-4000
060156,光磊永豐9A購01  ,0,0,0,0,0,0,0,0,0,-4000,0,0,0,30000,34000,-4000,-4000
060784,鴻海富邦9C購01  ,0,0,0,0,0,0,0,0,0,-4000,0,0,0,0,4000,-4000,-4000
060800,華新科第一9A購01,0,0,0,0,0,0,0,0,0,-4000,0,0,0,0,4000,-4000,-4000
060819,國巨統一9C購04  ,0,0,0,0,0,0,0,0,0,-4000,0,0,0,0,4000,-4000,-4000
060540,南亞凱基9A購01  ,0,0,0,0,0,0,0,0,0,-4000,0,0,0,25000,29000,-4000,-4000
060489,世紀鋼群益9A購01,0,0,0,0,0,0,0,0,0,-4000,0,0,0,21000,25000,-4000,-4000
060191,亞光元富9A購02  ,0,0,0,0,0,0,0,0,0,-4000,0,0,0,0,4000,-4000,-4000
063253,巨大元大9B購03  ,0,0,0,0,0,0,0,0,0,-4000,0,0,0,6000,10000,-4000,-4000
062813,台積電兆豐9B購01,0,0,0,0,0,0,0,0,0,-4000,0,0,0,110000,114000,-4000,-4000
062828,聯詠群益9B購02  ,0,0,0,0,0,0,0,0,0,-4000,0,0,0,40000,44000,-4000,-4000
064422,聯發科兆豐01購02,0,0,0,0,0,0,0,0,0,-4000,0,0,0,0,4000,-4000,-4000
064520,京鼎群益02購01  ,0,0,0,0,0,0,0,0,0,-4000,0,0,0,36000,40000,-4000,-4000
064169,南電統一9C購01  ,0,0,0,0,0,0,0,0,0,-4000,0,0,0,0,4000,-4000,-4000
064129,新日興元大9C購02,0,0,0,0,0,0,0,0,0,-4000,0,0,0,21000,25000,-4000,-4000
064057,緯穎統一02購01  ,0,0,0,0,0,0,0,0,0,-4000,0,0,0,6000,10000,-4000,-4000
063371,南亞科永豐9B購01,0,0,0,0,0,0,0,0,0,-4000,0,0,0,1000,5000,-4000,-4000
063355,超眾元富9B購01  ,0,0,0,0,0,0,0,0,0,-4000,0,0,0,0,4000,-4000,-4000
063562,國巨元大9C購06  ,0,0,0,0,0,0,0,0,0,-4000,0,0,0,2000,6000,-4000,-4000
063742,道瓊指國票9C購01,0,0,0,0,0,0,0,0,0,-4000,0,0,0,41000,45000,-4000,-4000
063607,中租凱基9B購02  ,0,0,0,0,0,0,0,0,0,-4000,0,0,0,10000,14000,-4000,-4000
063796,鴻海凱基9C購02  ,0,0,0,0,0,0,0,0,0,-4000,0,0,0,7000,11000,-4000,-4000
063877,鴻海元富9C購01  ,0,0,0,0,0,0,0,0,0,-4000,0,0,0,0,4000,-4000,-4000
065516,健鼎群益9C購02  ,0,0,0,0,0,0,0,0,0,-4000,0,0,0,1000,5000,-4000,-4000
065264,亞光元大9C購02  ,0,0,0,0,0,0,0,0,0,-4000,0,0,0,3000,7000,-4000,-4000
065128,大成鋼兆豐9C購01,0,0,0,0,0,0,0,0,0,-4000,0,0,0,0,4000,-4000,-4000
1805,寶徠            ,0,4000,-4000,0,0,0,0,0,0,0,0,0,0,0,0,0,-4000
2539,櫻花建          ,17000,21000,-4000,0,0,0,0,0,0,0,0,0,0,0,0,0,-4000
2540,愛山林          ,5000,9000,-4000,0,0,0,0,0,0,0,0,0,0,0,0,0,-4000
2901,欣欣            ,3000,7000,-4000,0,0,0,0,0,0,0,0,0,0,0,0,0,-4000
3308,聯德            ,1000,5000,-4000,0,0,0,0,0,0,0,0,0,0,0,0,0,-4000
3054,立萬利          ,1000,6000,-5000,0,0,0,0,0,0,1000,1000,0,1000,0,0,0,-4000
5288,豐祥-KY         ,22000,27000,-5000,0,0,0,0,0,0,1000,1000,0,1000,0,0,0,-4000
3550,聯穎            ,0,4000,-4000,0,0,0,0,0,0,0,0,0,0,0,0,0,-4000
8497,格威傳媒        ,0,4000,-4000,0,0,0,0,0,0,0,0,0,0,0,0,0,-4000
8443,阿瘦            ,2000,6000,-4000,0,0,0,0,0,0,0,0,0,0,0,0,0,-4000
6216,居易            ,2000,6000,-4000,0,0,0,0,0,0,0,0,0,0,0,0,0,-4000
3533,嘉澤            ,707293,1031000,-323707,0,0,0,475000,111000,364000,-45000,35000,48000,-13000,27000,59000,-32000,-4707
066525,創意統一03購01  ,0,0,0,0,0,0,0,0,0,-5000,0,0,0,5000,10000,-5000,-5000
066583,上証2X群益03購01,0,0,0,0,0,0,0,0,0,-5000,0,0,0,0,5000,-5000,-5000
067000,滬深2X永豐01購02,0,0,0,0,0,0,0,0,0,-5000,0,0,0,0,5000,-5000,-5000
06688P,鴻海中信02售01  ,0,0,0,0,0,0,0,0,0,-5000,0,0,0,5000,10000,-5000,-5000
066825,智邦群益01購03  ,0,0,0,0,0,0,0,0,0,-5000,0,0,0,0,5000,-5000,-5000
066823,國巨群益02購02  ,0,0,0,0,0,0,0,0,0,-5000,0,0,0,3000,8000,-5000,-5000
066850,鎧勝元大01購03  ,0,0,0,0,0,0,0,0,0,-5000,0,0,0,50000,55000,-5000,-5000
066854,樺漢元大01購02  ,0,0,0,0,0,0,0,0,0,-5000,0,0,0,0,5000,-5000,-5000
065939,創意群益01購01  ,0,0,0,0,0,0,0,0,0,-5000,0,0,0,12000,17000,-5000,-5000
066337,聯陽永豐01購02  ,0,0,0,0,0,0,0,0,0,-5000,0,0,0,1000,6000,-5000,-5000
066446,健策群益01購06  ,0,0,0,0,0,0,0,0,0,-5000,0,0,0,4000,9000,-5000,-5000
07830P,牧德凱基9A售03  ,0,0,0,0,0,0,0,0,0,-5000,0,0,0,0,5000,-5000,-5000
07939P,台積電統一9B售14,0,0,0,0,0,0,0,0,0,-5000,0,0,0,300000,305000,-5000,-5000
07468P,聯電元大9A售02  ,0,0,0,0,0,0,0,0,0,-5000,0,0,0,0,5000,-5000,-5000
07392P,台積電國泰02售01,0,0,0,0,0,0,0,0,0,-5000,0,0,0,0,5000,-5000,-5000
07358P,鴻海元大99售39  ,0,0,0,0,0,0,0,0,0,-5000,0,0,0,90000,95000,-5000,-5000
07132P,臺股指元大99售11,0,0,0,0,0,0,0,0,0,-5000,0,0,0,0,5000,-5000,-5000
07107P,臺股指統一99售07,0,0,0,0,0,0,0,0,0,-5000,0,0,0,0,5000,-5000,-5000
07265P,大立光元大99售16,0,0,0,0,0,0,0,0,0,-5000,0,0,0,0,5000,-5000,-5000
07716P,臺股指群益9A售05,0,0,0,0,0,0,0,0,0,-5000,0,0,0,0,5000,-5000,-5000
07748P,茂林凱基9A售04  ,0,0,0,0,0,0,0,0,0,-5000,0,0,0,0,5000,-5000,-5000
07517P,台積電元大9A售17,0,0,0,0,0,0,0,0,0,-5000,0,0,0,0,5000,-5000,-5000
1445,大宇            ,5000,10000,-5000,0,0,0,0,0,0,0,0,0,0,0,0,0,-5000
08764P,台灣50富邦03售03,0,0,0,0,0,0,0,0,0,-5000,0,0,0,0,5000,-5000,-5000
08733P,臺股指麥證01售05,0,0,0,0,5000,-5000,0,0,0,-5000,0,0,0,0,5000,-5000,-5000
08318P,台積電台新01售01,0,0,0,0,0,0,0,0,0,-5000,0,0,0,5000,10000,-5000,-5000
08394P,大立光群益9C售05,0,0,0,0,0,0,0,0,0,-5000,0,0,0,95000,100000,-5000,-5000
08429P,台達電凱基9C售01,0,0,0,0,0,0,0,0,0,-5000,0,0,0,46000,51000,-5000,-5000
08505P,臺股指國票9C售07,0,0,0,0,0,0,0,0,0,-5000,0,0,0,0,5000,-5000,-5000
08520P,和大元大9C售04  ,0,0,0,0,0,0,0,0,0,-5000,0,0,0,0,5000,-5000,-5000
057166,國巨元大99購06  ,0,0,0,0,0,0,0,0,0,-5000,0,0,0,0,5000,-5000,-5000
056910,超眾元大99購02  ,0,0,0,0,0,0,0,0,0,-5000,0,0,0,0,5000,-5000,-5000
058193,緯穎永豐99購01  ,0,0,0,0,0,0,0,0,0,-5000,0,0,0,10000,15000,-5000,-5000
058207,南茂凱基99購01  ,0,0,0,0,0,0,0,0,0,-5000,0,0,0,50000,55000,-5000,-5000
058591,台灣50統一9B購02,0,0,0,0,0,0,0,0,0,-5000,0,0,0,0,5000,-5000,-5000
061769,晶技元大9B購03  ,0,0,0,0,0,0,0,0,0,-5000,0,0,0,67000,72000,-5000,-5000
058151,台積電統一9A購04,0,0,0,0,0,0,0,0,0,-5000,0,0,0,0,5000,-5000,-5000
061916,元金2X凱基02購01,0,0,0,0,0,0,0,0,0,-5000,0,0,0,5000,10000,-5000,-5000
061948,美食群益9B購01  ,0,0,0,0,0,0,0,0,0,-5000,0,0,0,0,5000,-5000,-5000
061967,旺宏統一01購04  ,0,0,0,0,0,0,0,0,0,-5000,0,0,0,0,5000,-5000,-5000
057472,T50正2元大9B購03,0,0,0,0,0,0,0,0,0,-5000,0,0,0,0,5000,-5000,-5000
058127,FBVIX元大9C購01 ,0,0,0,0,0,0,0,0,0,-5000,0,0,0,5000,10000,-5000,-5000
057645,華新科元大99購11,0,0,0,0,0,0,0,0,0,-5000,0,0,0,0,5000,-5000,-5000
056060,宏達電元大99購01,0,0,0,0,0,0,0,0,0,-5000,0,0,0,0,5000,-5000,-5000
056104,義隆永豐97購01  ,0,0,0,0,0,0,0,0,0,-5000,0,0,0,0,5000,-5000,-5000
056429,華通凱基98購02  ,0,0,0,0,0,0,0,0,0,-5000,0,0,0,40000,45000,-5000,-5000
055682,智原凱基98購02  ,0,0,0,0,0,0,0,0,0,-5000,0,0,0,0,5000,-5000,-5000
055551,致茂凱基98購01  ,0,0,0,0,0,0,0,0,0,-5000,0,0,0,5000,10000,-5000,-5000
056417,欣興中信98購01  ,0,0,0,0,0,0,0,0,0,-5000,0,0,0,25000,30000,-5000,-5000
054563,泰碩群益99購01  ,0,0,0,0,0,0,0,0,0,-5000,0,0,0,45000,50000,-5000,-5000
057703,矽力群益98購01  ,0,0,0,0,0,0,0,0,0,-5000,0,0,0,0,5000,-5000,-5000
057718,旺宏元富02購02  ,0,0,0,0,0,0,0,0,0,-5000,0,0,0,5000,10000,-5000,-5000
055264,國巨永豐98購01  ,0,0,0,0,0,0,0,0,0,-5000,0,0,0,0,5000,-5000,-5000
058746,華通凱基9A購02  ,0,0,0,0,0,0,0,0,0,-5000,0,0,0,4000,9000,-5000,-5000
054272,華通中信98購01  ,0,0,0,0,0,0,0,0,0,-5000,0,0,0,0,5000,-5000,-5000
056668,光磊國票99購01  ,0,0,0,0,0,0,0,0,0,-5000,0,0,0,30000,35000,-5000,-5000
056603,嘉聯益國泰9A購01,0,0,0,0,0,0,0,0,0,-5000,0,0,0,0,5000,-5000,-5000
00688L,國泰20年美債正2 ,3000,0,3000,0,0,0,0,0,0,-8000,0,0,0,105000,113000,-8000,-5000
062843,臺股指群益9B購10,0,0,0,0,0,0,0,0,0,-5000,0,0,0,0,5000,-5000,-5000
060923,全新永豐9A購01  ,0,0,0,0,0,0,0,0,0,-5000,0,0,0,0,5000,-5000,-5000
061194,聯鈞永豐9A購02  ,0,0,0,0,0,0,0,0,0,-5000,0,0,0,0,5000,-5000,-5000
063164,聯發科永豐9B購03,0,0,0,0,0,0,0,0,0,-5000,0,0,0,10000,15000,-5000,-5000
062999,聯茂國票9C購01  ,0,0,0,0,0,0,0,0,0,-5000,0,0,0,0,5000,-5000,-5000
062953,大立光永豐9B購01,0,0,0,0,0,0,0,0,0,-5000,0,0,0,5000,10000,-5000,-5000
060344,聯發科統一01購01,0,0,0,0,0,0,0,0,0,-5000,0,0,0,0,5000,-5000,-5000
060379,T50反1凱基9A購07,0,0,0,0,0,0,0,0,0,-5000,0,0,0,0,5000,-5000,-5000
059073,元油2X元大9C購14,0,0,0,0,0,0,0,0,0,-5000,0,0,0,0,5000,-5000,-5000
059638,大立光凱基99購11,0,0,0,0,0,0,0,0,0,-5000,0,0,0,2000,7000,-5000,-5000
060190,國泰金元富9A購01,0,0,0,0,0,0,0,0,0,-5000,0,0,0,0,5000,-5000,-5000
060165,上緯控永豐9A購01,0,0,0,0,0,0,0,0,0,-5000,0,0,0,25000,30000,-5000,-5000
060998,華通兆豐9A購01  ,0,0,0,0,0,0,0,0,0,-5000,0,0,0,0,5000,-5000,-5000
062497,遠東新群益9B購01,0,0,0,0,0,0,0,0,0,-5000,0,0,0,7000,12000,-5000,-5000
062122,國巨統一02購01  ,0,0,0,0,0,0,0,0,0,-5000,0,0,0,0,5000,-5000,-5000
062280,大立光群益9C購01,0,0,0,0,0,0,0,0,0,-5000,0,0,0,15000,20000,-5000,-5000
062394,大立光富邦02購01,0,0,0,0,0,0,0,0,0,-5000,0,0,0,0,5000,-5000,-5000
062433,上銀元大9B購05  ,0,0,0,0,0,0,0,0,0,-5000,0,0,0,30000,35000,-5000,-5000
059371,聯鈞元富99購02  ,0,0,0,0,0,0,0,0,0,-5000,0,0,0,0,5000,-5000,-5000
059351,台虹凱基99購01  ,0,0,0,0,0,0,0,0,0,-5000,0,0,0,73000,78000,-5000,-5000
058933,FBVIX台新9B購01 ,0,0,0,0,0,0,0,0,0,-5000,0,0,0,0,5000,-5000,-5000
059188,京元電富邦9B購01,0,0,0,0,0,0,0,0,0,-5000,0,0,0,20000,25000,-5000,-5000
059147,矽創國票99購01  ,0,0,0,0,0,0,0,0,0,-5000,0,0,0,0,5000,-5000,-5000
062747,立積永豐9B購01  ,0,0,0,0,0,0,0,0,0,-5000,0,0,0,0,5000,-5000,-5000
062706,大立光元大9B購06,0,0,0,0,0,0,0,0,0,-5000,0,0,0,49000,54000,-5000,-5000
062050,亞德客統一9C購01,0,0,0,0,0,0,0,0,0,-5000,0,0,0,30000,35000,-5000,-5000
060696,道瓊反國泰9C購01,0,0,0,0,0,0,0,0,0,-5000,0,0,0,0,5000,-5000,-5000
059781,A50正2元大9C購03,0,0,0,0,0,0,0,0,0,-5000,0,0,0,0,5000,-5000,-5000
061875,華新科元大9B購03,0,0,0,0,0,0,0,0,0,-5000,0,0,0,68000,73000,-5000,-5000
061404,臺指反國票04購01,0,0,0,0,0,0,0,0,0,-5000,0,0,0,0,5000,-5000,-5000
061411,T50反1群益9A購05,0,0,0,0,0,0,0,0,0,-5000,0,0,0,0,5000,-5000,-5000
059908,元金2X元大99購01,0,0,0,0,0,0,0,0,0,-5000,0,0,0,10000,15000,-5000,-5000
061391,晶技群益9A購02  ,0,0,0,0,0,0,0,0,0,-5000,0,0,0,0,5000,-5000,-5000
061332,T50反1元大9A購16,0,0,0,0,0,0,0,0,0,-5000,0,0,0,0,5000,-5000,-5000
065030,亞光兆豐9C購01  ,0,0,0,0,0,0,0,0,0,-5000,0,0,0,0,5000,-5000,-5000
064765,緯穎凱基9C購02  ,0,0,0,0,0,0,0,0,0,-5000,0,0,0,21000,26000,-5000,-5000
064669,健策元大01購03  ,0,0,0,0,0,0,0,0,0,-5000,0,0,0,0,5000,-5000,-5000
064610,儒鴻元大9C購03  ,0,0,0,0,0,0,0,0,0,-5000,0,0,0,41000,46000,-5000,-5000
065487,臺股指元大9C購25,0,0,0,0,0,0,0,0,0,-5000,0,0,0,0,5000,-5000,-5000
065839,鴻海元大9C購17  ,0,0,0,0,0,0,0,0,0,-5000,0,0,0,58000,63000,-5000,-5000
065814,健策統一9C購08  ,0,0,0,0,0,0,0,0,0,-5000,0,0,0,0,5000,-5000,-5000
065637,台灣50元大9C購50,0,0,0,0,0,0,0,0,0,-5000,0,0,0,0,5000,-5000,-5000
063905,健策麥證02購01  ,0,0,0,0,5000,-5000,0,0,0,-5000,0,0,0,0,5000,-5000,-5000
063819,致新群益9C購01  ,0,0,0,0,0,0,0,0,0,-5000,0,0,0,0,5000,-5000,-5000
063865,旺宏永豐9C購01  ,0,0,0,0,0,0,0,0,0,-5000,0,0,0,0,5000,-5000,-5000
063655,華通元富9B購01  ,0,0,0,0,0,0,0,0,0,-5000,0,0,0,0,5000,-5000,-5000
063379,帆宣永豐9B購01  ,0,0,0,0,0,0,0,0,0,-5000,0,0,0,36000,41000,-5000,-5000
063312,台積電群益9B購07,0,0,0,0,0,0,0,0,0,-5000,0,0,0,6000,11000,-5000,-5000
063340,英業達統一9B購01,0,0,0,0,0,0,0,0,0,-5000,0,0,0,0,5000,-5000,-5000
064088,大立光凱基02購01,0,0,0,0,0,0,0,0,0,-5000,0,0,0,0,5000,-5000,-5000
06426P,T50正2元大9B售01,0,0,0,0,0,0,0,0,0,-5000,0,0,0,0,5000,-5000,-5000
064565,高鐵群益01購01  ,0,0,0,0,0,0,0,0,0,-5000,0,0,0,5000,10000,-5000,-5000
064546,燿華凱基02購01  ,0,0,0,0,0,0,0,0,0,-5000,0,0,0,55000,60000,-5000,-5000
064543,華通凱基02購02  ,0,0,0,0,0,0,0,0,0,-5000,0,0,0,5000,10000,-5000,-5000
064336,可成元大9C購06  ,0,0,0,0,0,0,0,0,0,-5000,0,0,0,20000,25000,-5000,-5000
064349,泰鼎元大9C購02  ,0,0,0,0,0,0,0,0,0,-5000,0,0,0,40000,45000,-5000,-5000
3686,達能            ,0,5000,-5000,0,0,0,0,0,0,0,0,0,0,0,0,0,-5000
3501,維熹            ,2000,8000,-6000,0,0,0,0,0,0,1000,1000,0,1000,0,0,0,-5000
2911,麗嬰房          ,0,6000,-6000,0,0,0,0,0,0,1000,1000,0,1000,0,0,0,-5000
2514,龍邦            ,8000,13000,-5000,0,0,0,0,0,0,0,0,0,0,0,0,0,-5000
2612,中航            ,1000,9000,-8000,0,0,0,0,0,0,3000,3000,0,3000,0,0,0,-5000
2029,盛餘            ,4000,10000,-6000,0,0,0,0,0,0,1000,1000,0,1000,0,0,0,-5000
2236,百達-KY         ,0,5000,-5000,0,0,0,0,0,0,0,0,0,0,0,0,0,-5000
6671,三能-KY         ,1000,6000,-5000,0,0,0,0,0,0,0,0,0,0,0,0,0,-5000
6666,羅麗芬-KY       ,0,5000,-5000,0,0,0,0,0,0,0,0,0,0,0,0,0,-5000
9942,茂順            ,10000,16000,-6000,0,0,0,0,0,0,1000,1000,0,1000,0,0,0,-5000
08588P,緯穎元富03售01  ,0,0,0,0,0,0,0,0,0,-6000,0,0,0,192000,198000,-6000,-6000
08380P,GIS元大9C售06   ,0,0,0,0,0,0,0,0,0,-6000,0,0,0,0,6000,-6000,-6000
08373P,大立光凱基01售05,0,0,0,0,0,0,0,0,0,-6000,0,0,0,6000,12000,-6000,-6000
1453,大將            ,2000,8000,-6000,0,0,0,0,0,0,0,0,0,0,0,0,0,-6000
1454,台富            ,9000,15000,-6000,0,0,0,0,0,0,0,0,0,0,0,0,0,-6000
1423,利華            ,17000,23000,-6000,0,0,0,0,0,0,0,0,0,0,0,0,0,-6000
07977P,華新科群益01售01,0,0,0,0,0,0,0,0,0,-6000,0,0,0,2000,8000,-6000,-6000
08081P,台灣50元大9B售20,0,0,0,0,0,0,0,0,0,-6000,0,0,0,14000,20000,-6000,-6000
066435,臺指反群益03購01,0,0,0,0,0,0,0,0,0,-6000,0,0,0,0,6000,-6000,-6000
066111,上銀兆豐02購01  ,0,0,0,0,0,0,0,0,0,-6000,0,0,0,0,6000,-6000,-6000
066838,致新群益02購02  ,0,0,0,0,0,0,0,0,0,-6000,0,0,0,0,6000,-6000,-6000
066928,台達電國票01購02,0,0,0,0,0,0,0,0,0,-6000,0,0,0,0,6000,-6000,-6000
066619,永光凱基01購01  ,0,0,0,0,0,0,0,0,0,-6000,0,0,0,40000,46000,-6000,-6000
00678,群益NBI生技     ,0,6000,-6000,0,0,0,0,0,0,0,0,0,0,300000,300000,0,-6000
00710B,FH彭博高收益債  ,0,0,0,0,0,0,0,0,0,-6000,0,0,0,124000,130000,-6000,-6000
056598,京元電元富98購01,0,0,0,0,0,0,0,0,0,-6000,0,0,0,20000,26000,-6000,-6000
048105,滬深2X群益99購02,0,0,0,0,0,0,0,0,0,-6000,0,0,0,0,6000,-6000,-6000
058687,聯茂凱基9A購01  ,0,0,0,0,0,0,0,0,0,-6000,0,0,0,38000,44000,-6000,-6000
055030,帆宣國泰99購02  ,0,0,0,0,0,0,0,0,0,-6000,0,0,0,0,6000,-6000,-6000
057743,華擎永豐98購03  ,0,0,0,0,0,0,0,0,0,-6000,0,0,0,14000,20000,-6000,-6000
055619,同欣電國票98購02,0,0,0,0,0,0,0,0,0,-6000,0,0,0,0,6000,-6000,-6000
057307,瀚宇博兆豐99購01,0,0,0,0,0,0,0,0,0,-6000,0,0,0,15000,21000,-6000,-6000
057604,鴻海統一9C購01  ,0,0,0,0,0,0,0,0,0,-6000,0,0,0,0,6000,-6000,-6000
058010,帆宣國票98購01  ,0,0,0,0,0,0,0,0,0,-6000,0,0,0,32000,38000,-6000,-6000
061370,晶技國泰9C購01  ,0,0,0,0,0,0,0,0,0,-6000,0,0,0,4000,10000,-6000,-6000
061456,玉晶光凱基9B購05,0,0,0,0,0,0,0,0,0,-6000,0,0,0,0,6000,-6000,-6000
061829,T50反1凱基9C購02,0,0,0,0,0,0,0,0,0,-6000,0,0,0,0,6000,-6000,-6000
059788,華新科元大9A購05,0,0,0,0,0,0,0,0,0,-6000,0,0,0,0,6000,-6000,-6000
059817,華通凱基99購05  ,0,0,0,0,0,0,0,0,0,-6000,0,0,0,10000,16000,-6000,-6000
061499,嘉晶國票9A購03  ,0,0,0,0,0,0,0,0,0,-6000,0,0,0,21000,27000,-6000,-6000
062517,滬深2X元大9B購05,0,0,0,0,0,0,0,0,0,-6000,0,0,0,0,6000,-6000,-6000
059214,國巨元大99購20  ,0,0,0,0,0,0,0,0,0,-6000,0,0,0,0,6000,-6000,-6000
059459,訊芯永豐99購04  ,0,0,0,0,0,0,0,0,0,-6000,0,0,0,0,6000,-6000,-6000
061048,國巨中信9A購05  ,0,0,0,0,0,0,0,0,0,-6000,0,0,0,16000,22000,-6000,-6000
061152,微星群益9A購01  ,0,0,0,0,0,0,0,0,0,-6000,0,0,0,10000,16000,-6000,-6000
060785,國巨富邦9B購04  ,0,0,0,0,0,0,0,0,0,-6000,0,0,0,40000,46000,-6000,-6000
059062,群創凱基99購05  ,0,0,0,0,0,0,0,0,0,-6000,0,0,0,17000,23000,-6000,-6000
060063,可成兆豐9B購01  ,0,0,0,0,0,0,0,0,0,-6000,0,0,0,4000,10000,-6000,-6000
062931,上証2X凱基01購01,0,0,0,0,0,0,0,0,0,-6000,0,0,0,0,6000,-6000,-6000
060940,國巨國票9B購03  ,0,0,0,0,0,0,0,0,0,-6000,0,0,0,11000,17000,-6000,-6000
062841,臺股指群益9B購08,0,0,0,0,0,0,0,0,0,-6000,0,0,0,0,6000,-6000,-6000
06289P,臺股指國票97售03,0,0,0,0,0,0,0,0,0,-6000,0,0,0,1000,7000,-6000,-6000
064350,茂林元大01購01  ,0,0,0,0,0,0,0,0,0,-6000,0,0,0,162000,168000,-6000,-6000
064128,國產元大9C購01  ,0,0,0,0,0,0,0,0,0,-6000,0,0,0,14000,20000,-6000,-6000
064111,國巨國票02購02  ,0,0,0,0,0,0,0,0,0,-6000,0,0,0,3000,9000,-6000,-6000
063967,華新科國票01購01,0,0,0,0,0,0,0,0,0,-6000,0,0,0,58000,64000,-6000,-6000
064008,日月光凱基9C購01,0,0,0,0,0,0,0,0,0,-6000,0,0,0,411000,417000,-6000,-6000
063280,燿華元大9B購05  ,0,0,0,0,0,0,0,0,0,-6000,0,0,0,0,6000,-6000,-6000
063463,瑞昱元大9B購05  ,0,0,0,0,0,0,0,0,0,-6000,0,0,0,5000,11000,-6000,-6000
065656,聯發科國泰03購01,0,0,0,0,0,0,0,0,0,-6000,0,0,0,82000,88000,-6000,-6000
065615,南電元大01購03  ,0,0,0,0,0,0,0,0,0,-6000,0,0,0,50000,56000,-6000,-6000
065370,瑞昱元大9C購02  ,0,0,0,0,0,0,0,0,0,-6000,0,0,0,0,6000,-6000,-6000
065381,緯穎元大9C購03  ,0,0,0,0,0,0,0,0,0,-6000,0,0,0,0,6000,-6000,-6000
064737,中石化國票01購01,0,0,0,0,0,0,0,0,0,-6000,0,0,0,32000,38000,-6000,-6000
064974,燿華元大9C購03  ,0,0,0,0,0,0,0,0,0,-6000,0,0,0,144000,150000,-6000,-6000
2012,春雨            ,1000,11000,-10000,0,0,0,0,0,0,4000,4000,0,4000,0,0,0,-6000
2062,橋椿            ,66000,72000,-6000,0,0,0,0,0,0,0,0,0,0,0,0,0,-6000
2491,吉祥全          ,31000,37000,-6000,0,0,0,0,0,0,0,0,0,0,0,0,0,-6000
2506,太設            ,18000,24000,-6000,0,0,0,0,0,0,0,0,0,0,0,0,0,-6000
3011,今皓            ,3000,9000,-6000,0,0,0,0,0,0,0,0,0,0,0,0,0,-6000
3432,台端            ,0,6000,-6000,0,0,0,0,0,0,0,0,0,0,0,0,0,-6000
4994,傳奇            ,17800,20000,-2200,0,0,0,0,0,0,-4000,1000,3000,-2000,0,2000,-2000,-6200
2105,正新            ,2098000,1443426,654574,0,0,0,339000,1005000,-666000,5000,5000,0,5000,0,0,0,-6426
066565,泰鼎元大01購01  ,0,0,0,0,0,0,0,0,0,-7000,0,0,0,1000,8000,-7000,-7000
066638,聚碩凱基01購01  ,0,0,0,0,0,0,0,0,0,-7000,0,0,0,33000,40000,-7000,-7000
066927,亞德客國票02購01,0,0,0,0,0,0,0,0,0,-7000,0,0,0,0,7000,-7000,-7000
066992,緯穎群益01購02  ,0,0,0,0,0,0,0,0,0,-7000,0,0,0,0,7000,-7000,-7000
066843,台達電元大01購02,0,0,0,0,0,0,0,0,0,-7000,0,0,0,57000,64000,-7000,-7000
06932P,大立光元大98售21,0,0,0,0,0,0,0,0,0,-7000,0,0,0,0,7000,-7000,-7000
066171,德律凱基01購01  ,0,0,0,0,0,0,0,0,0,-7000,0,0,0,3000,10000,-7000,-7000
065991,牧德永豐01購01  ,0,0,0,0,0,0,0,0,0,-7000,0,0,0,1000,8000,-7000,-7000
066343,佳醫永豐01購01  ,0,0,0,0,0,0,0,0,0,-7000,0,0,0,3000,10000,-7000,-7000
07788P,華新科群益9A售08,0,0,0,0,0,0,0,0,0,-7000,0,0,0,0,7000,-7000,-7000
1529,樂士            ,5000,12000,-7000,0,0,0,0,0,0,0,0,0,0,0,0,0,-7000
08742P,友達凱基01售02  ,0,0,0,0,0,0,0,0,0,-7000,0,0,0,7000,14000,-7000,-7000
1219,福壽            ,8000,15000,-7000,0,0,0,0,0,0,0,0,0,0,0,0,0,-7000
08553P,嘉澤群益9C售01  ,0,0,0,0,0,0,0,0,0,-7000,0,0,0,10000,17000,-7000,-7000
058045,鴻海元大99購08  ,0,0,0,0,0,0,0,0,0,-7000,0,0,0,0,7000,-7000,-7000
056909,嘉聯益元大99購03,0,0,0,0,0,0,0,0,0,-7000,0,0,0,0,7000,-7000,-7000
057894,華通元富02購02  ,0,0,0,0,0,0,0,0,0,-7000,0,0,0,8000,15000,-7000,-7000
058604,華邦電元大99購03,0,0,0,0,0,0,0,0,0,-7000,0,0,0,263000,270000,-7000,-7000
057411,臺股指群益99購05,0,0,0,0,0,0,0,0,0,-7000,0,0,0,0,7000,-7000,-7000
058068,旺宏凱基98購11  ,0,0,0,0,0,0,0,0,0,-7000,0,0,0,0,7000,-7000,-7000
062889,可成群益9C購01  ,0,0,0,0,0,0,0,0,0,-7000,0,0,0,4000,11000,-7000,-7000
062808,祥碩統一9C購01  ,0,0,0,0,0,0,0,0,0,-7000,0,0,0,3000,10000,-7000,-7000
062797,瑞昱統一9B購01  ,0,0,0,0,0,0,0,0,0,-7000,0,0,0,10000,17000,-7000,-7000
061272,超眾凱基9A購03  ,0,0,0,0,0,0,0,0,0,-7000,0,0,0,33000,40000,-7000,-7000
061286,大立光統一9A購05,0,0,0,0,0,0,0,0,0,-7000,0,0,0,5000,12000,-7000,-7000
062954,世芯永豐9B購03  ,0,0,0,0,0,0,0,0,0,-7000,0,0,0,3000,10000,-7000,-7000
063117,聯茂麥證9B購01  ,0,0,0,0,7000,-7000,0,0,0,-7000,0,0,0,0,7000,-7000,-7000
059112,上銀永豐99購01  ,0,0,0,0,0,0,0,0,0,-7000,0,0,0,22000,29000,-7000,-7000
059985,華新科元大99購22,0,0,0,0,0,0,0,0,0,-7000,0,0,0,0,7000,-7000,-7000
059304,華新科兆豐99購06,0,0,0,0,0,0,0,0,0,-7000,0,0,0,2000,9000,-7000,-7000
062434,華通元大9B購04  ,0,0,0,0,0,0,0,0,0,-7000,0,0,0,56000,63000,-7000,-7000
062480,茂林國票9B購01  ,0,0,0,0,0,0,0,0,0,-7000,0,0,0,38000,45000,-7000,-7000
061803,巨大永豐9B購01  ,0,0,0,0,0,0,0,0,0,-7000,0,0,0,3000,10000,-7000,-7000
061364,國巨國票9A購09  ,0,0,0,0,0,0,0,0,0,-7000,0,0,0,12000,19000,-7000,-7000
065036,世芯統一02購02  ,0,0,0,0,0,0,0,0,0,-7000,0,0,0,0,7000,-7000,-7000
065333,冠德國票01購01  ,0,0,0,0,0,0,0,0,0,-7000,0,0,0,0,7000,-7000,-7000
065486,臺股指元大9C購24,0,0,0,0,0,0,0,0,0,-7000,0,0,0,0,7000,-7000,-7000
065477,健鼎元大9C購03  ,0,0,0,0,0,0,0,0,0,-7000,0,0,0,68000,75000,-7000,-7000
063284,大立光元大9B購07,0,0,0,0,0,0,0,0,0,-7000,0,0,0,0,7000,-7000,-7000
063763,上銀元富9B購07  ,0,0,0,0,0,0,0,0,0,-7000,0,0,0,0,7000,-7000,-7000
063701,燿華群益9B購02  ,0,0,0,0,0,0,0,0,0,-7000,0,0,0,3000,10000,-7000,-7000
063845,旺宏元大9C購03  ,0,0,0,0,0,0,0,0,0,-7000,0,0,0,119000,126000,-7000,-7000
06433P,大立光群益99售01,0,0,0,0,0,0,0,0,0,-7000,0,0,0,1000,8000,-7000,-7000
2305,全友            ,18000,27000,-9000,0,0,0,0,0,0,2000,2000,0,2000,0,0,0,-7000
2028,威致            ,0,7000,-7000,0,0,0,0,0,0,0,0,0,0,0,0,0,-7000
2613,中櫃            ,0,7000,-7000,0,0,0,0,0,0,0,0,0,0,0,0,0,-7000
2430,燦坤            ,8000,19000,-11000,0,0,0,0,0,0,4000,4000,0,4000,0,0,0,-7000
4766,南寶            ,24000,31000,-7000,0,0,0,0,0,0,0,0,0,0,0,0,0,-7000
8940,新天地          ,0,7000,-7000,0,0,0,0,0,0,0,0,0,0,0,0,0,-7000
08550P,台灣50群益02售04,0,0,0,0,0,0,0,0,0,-8000,0,0,0,0,8000,-8000,-8000
08629P,緯創凱基9C售02  ,0,0,0,0,0,0,0,0,0,-8000,0,0,0,60000,68000,-8000,-8000
1232,大統益          ,3000,11000,-8000,0,0,0,0,0,0,0,0,0,0,0,0,0,-8000
08774P,華擎凱基01售02  ,0,0,0,0,0,0,0,0,0,-8000,0,0,0,0,8000,-8000,-8000
07673P,電子類元大9A售01,0,0,0,0,0,0,0,0,0,-8000,0,0,0,0,8000,-8000,-8000
07142P,台灣50元大01售01,0,0,0,0,0,0,0,0,0,-8000,0,0,0,14000,22000,-8000,-8000
08119P,南亞科統一9C售03,0,0,0,0,0,0,0,0,0,-8000,0,0,0,22000,30000,-8000,-8000
066459,智原統一01購01  ,0,0,0,0,0,0,0,0,0,-8000,0,0,0,92000,100000,-8000,-8000
066247,中化元大01購02  ,0,0,0,0,0,0,0,0,0,-8000,0,0,0,40000,48000,-8000,-8000
065935,金像電群益01購03,0,0,0,0,0,0,0,0,0,-8000,0,0,0,161000,169000,-8000,-8000
066976,台達電群益01購01,0,0,0,0,0,0,0,0,0,-8000,0,0,0,0,8000,-8000,-8000
06724P,台灣50國票98售01,0,0,0,0,0,0,0,0,0,-8000,0,0,0,0,8000,-8000,-8000
066693,T50反1群益02購03,0,0,0,0,0,0,0,0,0,-8000,0,0,0,0,8000,-8000,-8000
066735,智原元大01購03  ,0,0,0,0,0,0,0,0,0,-8000,0,0,0,61000,69000,-8000,-8000
066752,南電元大01購06  ,0,0,0,0,0,0,0,0,0,-8000,0,0,0,0,8000,-8000,-8000
066503,台積電富邦05購02,0,0,0,0,0,0,0,0,0,-8000,0,0,0,101000,109000,-8000,-8000
058139,臻鼎元大99購01  ,0,0,0,0,0,0,0,0,0,-8000,0,0,0,0,8000,-8000,-8000
057468,台郡永豐98購01  ,0,0,0,0,0,0,0,0,0,-8000,0,0,0,86000,94000,-8000,-8000
061563,群創國票9B購02  ,0,0,0,0,0,0,0,0,0,-8000,0,0,0,2000,10000,-8000,-8000
061607,台表科凱基9B購02,0,0,0,0,0,0,0,0,0,-8000,0,0,0,12000,20000,-8000,-8000
056845,揚明光元富98購01,0,0,0,0,0,0,0,0,0,-8000,0,0,0,2000,10000,-8000,-8000
058892,元油2X元大9C購08,0,0,0,0,0,0,0,0,0,-8000,0,0,0,0,8000,-8000,-8000
056683,台積電統一98購05,0,0,0,0,0,0,0,0,0,-8000,0,0,0,12000,20000,-8000,-8000
051597,T50反1中信99購02,0,0,0,0,0,0,0,0,0,-8000,0,0,0,0,8000,-8000,-8000
046942,友達元大99購01  ,0,0,0,0,0,0,0,0,0,-8000,0,0,0,0,8000,-8000,-8000
054270,寶滬深中信98購01,0,0,0,0,0,0,0,0,0,-8000,0,0,0,2000,10000,-8000,-8000
062203,燿華國票9C購01  ,0,0,0,0,0,0,0,0,0,-8000,0,0,0,0,8000,-8000,-8000
061524,華通凱基9A購07  ,0,0,0,0,0,0,0,0,0,-8000,0,0,0,2000,10000,-8000,-8000
059919,宏達電元大99購06,0,0,0,0,0,0,0,0,0,-8000,0,0,0,46000,54000,-8000,-8000
062151,世紀鋼國票01購01,0,0,0,0,0,0,0,0,0,-8000,0,0,0,30000,38000,-8000,-8000
062643,緯穎國票9B購01  ,0,0,0,0,0,0,0,0,0,-8000,0,0,0,2000,10000,-8000,-8000
058941,華新科中信99購03,0,0,0,0,0,0,0,0,0,-8000,0,0,0,52000,60000,-8000,-8000
062754,台勝科麥證9B購01,0,0,0,2000,10000,-8000,0,0,0,-8000,0,0,0,2000,10000,-8000,-8000
060166,佐登永豐9A購01  ,0,0,0,0,0,0,0,0,0,-8000,0,0,0,2000,10000,-8000,-8000
061095,台積電台新9B購03,0,0,0,0,0,0,0,0,0,-8000,0,0,0,2000,10000,-8000,-8000
061024,南電國泰9B購01  ,0,0,0,0,0,0,0,0,0,-8000,0,0,0,0,8000,-8000,-8000
060944,國泰金國票9A購01,0,0,0,0,0,0,0,0,0,-8000,0,0,0,0,8000,-8000,-8000
064327,金寶元大01購01  ,0,0,0,0,0,0,0,0,0,-8000,0,0,0,37000,45000,-8000,-8000
064544,國巨凱基9C購09  ,0,0,0,0,0,0,0,0,0,-8000,0,0,0,12000,20000,-8000,-8000
065521,貿聯群益9C購04  ,0,0,0,0,0,0,0,0,0,-8000,0,0,0,0,8000,-8000,-8000
065298,健策統一9C購06  ,0,0,0,0,0,0,0,0,0,-8000,0,0,0,0,8000,-8000,-8000
065706,奇鋐群益9C購02  ,0,0,0,0,0,0,0,0,0,-8000,0,0,0,159000,167000,-8000,-8000
064852,智邦台新9C購04  ,0,0,0,0,0,0,0,0,0,-8000,0,0,0,0,8000,-8000,-8000
8478,東哥遊艇        ,2000,10000,-8000,0,0,0,0,0,0,0,0,0,0,0,0,0,-8000
6698,旭暉應材        ,0,9000,-9000,0,0,0,0,0,0,1000,1000,0,1000,0,0,0,-8000
6579,研揚            ,10000,19000,-9000,0,0,0,0,0,0,1000,1000,0,1000,0,0,0,-8000
6431,光麗-KY         ,0,8000,-8000,0,0,0,0,0,0,0,0,0,0,0,0,0,-8000
4968,立積            ,289000,314000,-25000,0,0,0,0,0,0,17000,4000,0,4000,52000,39000,13000,-8000
3025,星通            ,8000,16000,-8000,0,0,0,0,0,0,0,0,0,0,0,0,0,-8000
2530,華建            ,32000,40000,-8000,0,0,0,0,0,0,0,0,0,0,0,0,0,-8000
2030,彰源            ,0,12000,-12000,0,0,0,0,0,0,4000,4000,0,4000,0,0,0,-8000
2024,志聯            ,1000,9000,-8000,0,0,0,0,0,0,0,0,0,0,0,0,0,-8000
2015,豐興            ,36000,44000,-8000,0,0,0,0,0,0,0,0,0,0,0,0,0,-8000
1806,冠軍            ,86000,94000,-8000,0,0,0,0,0,0,0,0,0,0,0,0,0,-8000
1786,科妍            ,16000,24000,-8000,0,0,0,0,0,0,0,1000,1000,0,0,0,0,-8000
066672,瑞祺凱基03購01  ,0,0,0,0,0,0,0,0,0,-9000,0,0,0,0,9000,-9000,-9000
066051,景碩元大01購01  ,0,0,0,0,0,0,0,0,0,-9000,0,0,0,9000,18000,-9000,-9000
066398,京鼎凱基01購02  ,0,0,0,0,0,0,0,0,0,-9000,0,0,0,108000,117000,-9000,-9000
08799P,台積電元大01售19,0,0,0,0,0,0,0,0,0,-9000,0,0,0,0,9000,-9000,-9000
08766P,臺股指中信03售03,0,0,0,0,0,0,0,0,0,-9000,0,0,0,0,9000,-9000,-9000
1203,味王            ,7000,16000,-9000,0,0,0,0,0,0,0,0,0,0,0,0,0,-9000
1413,宏洲            ,0,9000,-9000,0,0,0,0,0,0,0,0,0,0,0,0,0,-9000
1507,永大            ,7000,17000,-10000,0,0,0,0,0,0,1000,1000,0,1000,0,0,0,-9000
045053,聯發科元富98購01,0,0,0,0,0,0,0,0,0,-9000,0,0,0,271000,280000,-9000,-9000
03675C,臺股指元大04牛02,0,0,0,0,0,0,0,0,0,-9000,0,0,0,1000,10000,-9000,-9000
03425B,臺股指元大9A熊01,0,0,0,0,0,0,0,0,0,-9000,0,0,0,0,9000,-9000,-9000
055063,玉晶光永豐99購01,0,0,0,0,0,0,0,0,0,-9000,0,0,0,58000,67000,-9000,-9000
055597,禾伸堂元大98購02,0,0,0,0,0,0,0,0,0,-9000,0,0,0,25000,34000,-9000,-9000
056279,新日興富邦99購01,0,0,0,0,0,0,0,0,0,-9000,0,0,0,140000,149000,-9000,-9000
057865,富邦金凱基98購01,0,0,0,0,0,0,0,0,0,-9000,0,0,0,0,9000,-9000,-9000
056803,群創台新99購02  ,0,0,0,0,0,0,0,0,0,-9000,0,0,0,1000,10000,-9000,-9000
057955,技嘉元大98購07  ,0,0,0,0,0,0,0,0,0,-9000,0,0,0,22000,31000,-9000,-9000
058622,國巨國票99購07  ,0,0,0,0,0,0,0,0,0,-9000,0,0,0,4000,13000,-9000,-9000
058552,欣興永豐99購01  ,0,0,0,0,0,0,0,0,0,-9000,0,0,0,1000,10000,-9000,-9000
058875,台表科國票9A購02,0,0,0,0,0,0,0,0,0,-9000,0,0,0,3000,12000,-9000,-9000
058250,台虹元大99購01  ,0,0,0,0,0,0,0,0,0,-9000,0,0,0,0,9000,-9000,-9000
058371,智原凱基9A購01  ,0,0,0,0,0,0,0,0,0,-9000,0,0,0,5000,14000,-9000,-9000
061616,鴻海群益9A購07  ,0,0,0,0,0,0,0,0,0,-9000,0,0,0,16000,25000,-9000,-9000
061681,南電元大9A購08  ,0,0,0,0,0,0,0,0,0,-9000,0,0,0,69000,78000,-9000,-9000
057531,禾伸堂元大99購04,0,0,0,0,0,0,0,0,0,-9000,0,0,0,71000,80000,-9000,-9000
057529,嘉晶元大99購02  ,0,0,0,0,0,0,0,0,0,-9000,0,0,0,2000,11000,-9000,-9000
063163,京元電永豐9B購01,0,0,0,0,0,0,0,0,0,-9000,0,0,0,21000,30000,-9000,-9000
061123,燿華永豐9A購01  ,0,0,0,0,0,0,0,0,0,-9000,0,0,0,2000,11000,-9000,-9000
061142,南電統一9A購01  ,0,0,0,0,0,0,0,0,0,-9000,0,0,0,11000,20000,-9000,-9000
059107,南茂國泰9A購01  ,0,0,0,0,0,0,0,0,0,-9000,0,0,0,0,9000,-9000,-9000
059695,聯鈞永豐99購02  ,0,0,0,0,0,0,0,0,0,-9000,0,0,0,46000,55000,-9000,-9000
064638,儒鴻凱基9C購03  ,0,0,0,0,0,0,0,0,0,-9000,0,0,0,5000,14000,-9000,-9000
065167,華通元大02購01  ,0,0,0,0,0,0,0,0,0,-9000,0,0,0,0,9000,-9000,-9000
065082,台光電元大9C購04,0,0,0,0,0,0,0,0,0,-9000,0,0,0,30000,39000,-9000,-9000
065710,嘉聯益群益9C購02,0,0,0,0,0,0,0,0,0,-9000,0,0,0,1000,10000,-9000,-9000
065331,亞德客國票01購01,0,0,0,0,0,0,0,0,0,-9000,0,0,0,7000,16000,-9000,-9000
065362,華通元大9C購06  ,0,0,0,0,0,0,0,0,0,-9000,0,0,0,6000,15000,-9000,-9000
065408,華通永豐9C購02  ,0,0,0,0,0,0,0,0,0,-9000,0,0,0,1000,10000,-9000,-9000
064400,大成鋼凱基01購01,0,0,0,0,0,0,0,0,0,-9000,0,0,0,1000,10000,-9000,-9000
063851,健策元大01購01  ,0,0,0,0,0,0,0,0,0,-9000,0,0,0,84000,93000,-9000,-9000
1721,三晃            ,6000,15000,-9000,0,0,0,0,0,0,0,0,0,0,0,0,0,-9000
5007,三星            ,5000,16000,-11000,0,0,0,0,0,0,2000,2000,0,2000,0,0,0,-9000
5533,皇鼎            ,0,9000,-9000,0,0,0,0,0,0,0,0,0,0,0,0,0,-9000
6655,科定            ,3000,12000,-9000,0,0,0,0,0,0,0,0,0,0,0,0,0,-9000
1432,大魯閣          ,5000,15000,-10000,0,0,0,0,0,0,0,0,0,0,0,0,0,-10000
1530,亞崴            ,9000,18000,-9000,0,0,0,0,0,0,-1000,0,1000,-1000,0,0,0,-10000
08769P,上証2X凱基01售02,0,0,0,0,0,0,0,0,0,-10000,0,0,0,0,10000,-10000,-10000
08800P,台積電元大01售20,0,0,0,0,0,0,0,0,0,-10000,0,0,0,0,10000,-10000,-10000
08795P,聯發科凱基01售11,0,0,0,0,0,0,0,0,0,-10000,0,0,0,0,10000,-10000,-10000
08792P,聯發科中信02售02,0,0,0,0,0,0,0,0,0,-10000,0,0,0,0,10000,-10000,-10000
08785P,滬深2X元富01售04,0,0,0,0,0,0,0,0,0,-10000,0,0,0,0,10000,-10000,-10000
08709P,台積電台新01售02,0,0,0,0,0,0,0,0,0,-10000,0,0,0,0,10000,-10000,-10000
08666P,智邦國票02售01  ,0,0,0,0,0,0,0,0,0,-10000,0,0,0,0,10000,-10000,-10000
08600P,臺股指元大9C售32,0,0,0,0,0,0,0,0,0,-10000,0,0,0,0,10000,-10000,-10000
08531P,台積電統一9C售15,0,0,0,0,0,0,0,0,0,-10000,0,0,0,0,10000,-10000,-10000
08481P,臺股指凱基9C售19,0,0,0,0,0,0,0,0,0,-10000,0,0,0,0,10000,-10000,-10000
08311P,台積電國票9C售07,0,0,0,0,0,0,0,0,0,-10000,0,0,0,90000,100000,-10000,-10000
08115P,聯發科凱基9B售13,0,0,0,0,0,0,0,0,0,-10000,0,0,0,54000,64000,-10000,-10000
08088P,義隆凱基9B售03  ,0,0,0,0,0,0,0,0,0,-10000,0,0,0,0,10000,-10000,-10000
08138P,台灣50元大9B售25,0,0,0,0,0,0,0,0,0,-10000,0,0,0,0,10000,-10000,-10000
08127P,聯發科元大9B售21,0,0,0,0,0,0,0,0,0,-10000,0,0,0,0,10000,-10000,-10000
08249P,聯發科群益9C售06,0,0,0,0,0,0,0,0,0,-10000,0,0,0,0,10000,-10000,-10000
08252P,台積電國票9C售06,0,0,0,0,0,0,0,0,0,-10000,0,0,0,0,10000,-10000,-10000
08224P,臺股指凱基9B售19,0,0,0,0,0,0,0,0,0,-10000,0,0,0,90000,100000,-10000,-10000
08186P,泰碩永豐9B售03  ,0,0,0,0,0,0,0,0,0,-10000,0,0,0,0,10000,-10000,-10000
07996P,亞德客凱基9B售03,0,0,0,0,0,0,0,0,0,-10000,0,0,0,0,10000,-10000,-10000
07968P,國巨元大9B售09  ,0,0,0,0,0,0,0,0,0,-10000,0,0,0,0,10000,-10000,-10000
08038P,臺股指群益9B售11,0,0,0,0,0,0,0,0,0,-10000,0,0,0,0,10000,-10000,-10000
07905P,大立光群益9B售04,0,0,0,0,0,0,0,0,0,-10000,0,0,0,6000,16000,-10000,-10000
07882P,台灣50凱基01售12,0,0,0,0,0,0,0,0,0,-10000,0,0,0,0,10000,-10000,-10000
07127P,精元元大99售01  ,0,0,0,0,0,0,0,0,0,-10000,0,0,0,0,10000,-10000,-10000
07251P,台灣50元富01售04,0,0,0,0,0,0,0,0,0,-10000,0,0,0,0,10000,-10000,-10000
07225P,台積電元大99售33,0,0,0,0,0,0,0,0,0,-10000,0,0,0,0,10000,-10000,-10000
07369P,台積電凱基99售20,0,0,0,0,0,0,0,0,0,-10000,0,0,0,0,10000,-10000,-10000
07402P,瑞昱凱基99售02  ,0,0,0,0,0,0,0,0,0,-10000,0,0,0,0,10000,-10000,-10000
07391P,台灣50國泰02售01,0,0,0,0,0,0,0,0,0,-10000,0,0,0,0,10000,-10000,-10000
07431P,臺股指國票9A售03,0,0,0,0,0,0,0,0,0,-10000,0,0,0,0,10000,-10000,-10000
07717P,臺股指群益9A售06,0,0,0,0,0,0,0,0,0,-10000,0,0,0,0,10000,-10000,-10000
07707P,玉山金元大9A售03,0,0,0,0,0,0,0,0,0,-10000,0,0,0,0,10000,-10000,-10000
07794P,智邦國票9A售03  ,0,0,0,0,0,0,0,0,0,-10000,0,0,0,0,10000,-10000,-10000
07812P,大立光統一9A售06,0,0,0,0,0,0,0,0,0,-10000,0,0,0,0,10000,-10000,-10000
07814P,華通群益9A售06  ,0,0,0,0,0,0,0,0,0,-10000,0,0,0,0,10000,-10000,-10000
07777P,創意元大9A售03  ,0,0,0,0,0,0,0,0,0,-10000,0,0,0,440000,450000,-10000,-10000
07538P,玉晶光元富9A售05,0,0,0,0,0,0,0,0,0,-10000,0,0,0,0,10000,-10000,-10000
07524P,臺股指中信9B售06,0,0,0,0,0,0,0,0,0,-10000,0,0,0,0,10000,-10000,-10000
07651P,道瓊指中信01售01,0,0,0,0,0,0,0,0,0,-10000,0,0,0,0,10000,-10000,-10000
07585P,台灣50中信03售06,0,0,0,0,0,0,0,0,0,-10000,0,0,0,0,10000,-10000,-10000
066400,健策凱基02購02  ,0,0,0,0,0,0,0,0,0,-10000,0,0,0,0,10000,-10000,-10000
066397,智原凱基01購01  ,0,0,0,0,0,0,0,0,0,-10000,0,0,0,12000,22000,-10000,-10000
066351,關貿永豐01購01  ,0,0,0,0,0,0,0,0,0,-10000,0,0,0,0,10000,-10000,-10000
066394,建準凱基01購01  ,0,0,0,0,0,0,0,0,0,-10000,0,0,0,0,10000,-10000,-10000
066387,FBVIX凱基03購03 ,0,0,0,0,0,0,0,0,0,-10000,0,0,0,0,10000,-10000,-10000
066229,力山富邦04購01  ,0,0,0,0,0,0,0,0,0,-10000,0,0,0,0,10000,-10000,-10000
066208,聯鈞統一02購01  ,0,0,0,0,0,0,0,0,0,-10000,0,0,0,0,10000,-10000,-10000
066179,智伸科凱基01購01,0,0,0,0,0,0,0,0,0,-10000,0,0,0,10000,20000,-10000,-10000
066109,南電國票02購01  ,0,0,0,0,0,0,0,0,0,-10000,0,0,0,34000,44000,-10000,-10000
065887,巨大元富9C購01  ,0,0,0,0,0,0,0,0,0,-10000,0,0,0,0,10000,-10000,-10000
066023,燿華群益01購02  ,0,0,0,0,0,0,0,0,0,-10000,0,0,0,0,10000,-10000,-10000
066649,華新科麥證01購02,0,0,0,0,10000,-10000,0,0,0,-10000,0,0,0,0,10000,-10000,-10000
066634,泰碩凱基02購02  ,0,0,0,0,0,0,0,0,0,-10000,0,0,0,0,10000,-10000,-10000
066754,南電國泰02購01  ,0,0,0,0,0,0,0,0,0,-10000,0,0,0,0,10000,-10000,-10000
066815,華擎兆豐03購01  ,0,0,0,0,0,0,0,0,0,-10000,0,0,0,0,10000,-10000,-10000
066763,創意永豐01購02  ,0,0,0,0,0,0,0,0,0,-10000,0,0,0,0,10000,-10000,-10000
066490,創意元富07購01  ,0,0,0,0,0,0,0,0,0,-10000,0,0,0,0,10000,-10000,-10000
066528,南電統一02購01  ,0,0,0,0,0,0,0,0,0,-10000,0,0,0,0,10000,-10000,-10000
066544,鴻海元大01購08  ,0,0,0,0,0,0,0,0,0,-10000,0,0,0,0,10000,-10000,-10000
066608,國巨麥證01購03  ,0,0,0,0,10000,-10000,0,0,0,-10000,0,0,0,0,10000,-10000,-10000
067002,生達永豐01購02  ,0,0,0,0,0,0,0,0,0,-10000,0,0,0,0,10000,-10000,-10000
066943,FBVIX元大04購01 ,0,0,0,0,0,0,0,0,0,-10000,0,0,0,0,10000,-10000,-10000
066953,禾伸堂元大01購01,0,0,0,0,0,0,0,0,0,-10000,0,0,0,0,10000,-10000,-10000
066986,健策群益02購02  ,0,0,0,0,0,0,0,0,0,-10000,0,0,0,3000,13000,-10000,-10000
06698P,玉晶光國票99售05,0,0,0,0,0,0,0,0,0,-10000,0,0,0,0,10000,-10000,-10000
066824,旺宏群益02購01  ,0,0,0,0,0,0,0,0,0,-10000,0,0,0,0,10000,-10000,-10000
066912,盛群凱基01購01  ,0,0,0,0,0,0,0,0,0,-10000,0,0,0,0,10000,-10000,-10000
066873,健策國泰02購01  ,0,0,0,0,0,0,0,0,0,-10000,0,0,0,4000,14000,-10000,-10000
07056P,臺股指麥證99售02,0,0,0,0,10000,-10000,0,0,0,-10000,0,0,0,0,10000,-10000,-10000
07024P,臺股指永豐99售02,0,0,0,0,0,0,0,0,0,-10000,0,0,0,0,10000,-10000,-10000
06985P,華新科富邦9C售02,0,0,0,0,0,0,0,0,0,-10000,0,0,0,0,10000,-10000,-10000
057613,瑞昱元富02購02  ,0,0,0,0,0,0,0,0,0,-10000,0,0,0,0,10000,-10000,-10000
057526,智邦元大98購10  ,0,0,0,0,0,0,0,0,0,-10000,0,0,0,0,10000,-10000,-10000
057481,技嘉元大98購04  ,0,0,0,0,0,0,0,0,0,-10000,0,0,0,22000,32000,-10000,-10000
057483,微星元大98購04  ,0,0,0,0,0,0,0,0,0,-10000,0,0,0,0,10000,-10000,-10000
057485,友達元大9C購04  ,0,0,0,0,0,0,0,0,0,-10000,0,0,0,290000,300000,-10000,-10000
057499,奇鋐群益98購01  ,0,0,0,0,0,0,0,0,0,-10000,0,0,0,0,10000,-10000,-10000
057402,嘉晶群益98購02  ,0,0,0,0,0,0,0,0,0,-10000,0,0,0,0,10000,-10000,-10000
057438,禾伸堂國票99購01,0,0,0,0,0,0,0,0,0,-10000,0,0,0,0,10000,-10000,-10000
058128,FBVIX元大9C購02 ,0,0,0,0,0,0,0,0,0,-10000,0,0,0,0,10000,-10000,-10000
057093,臻鼎元富98購02  ,0,0,0,0,0,0,0,0,0,-10000,0,0,0,0,10000,-10000,-10000
057022,智邦凱基98購04  ,0,0,0,0,0,0,0,0,0,-10000,0,0,0,0,10000,-10000,-10000
057274,友達元大98購03  ,0,0,0,0,0,0,0,0,0,-10000,0,0,0,0,10000,-10000,-10000
057331,台積電國票99購04,0,0,0,0,0,0,0,0,0,-10000,0,0,0,52000,62000,-10000,-10000
061620,禾伸堂群益9A購02,0,0,0,0,0,0,0,0,0,-10000,0,0,0,0,10000,-10000,-10000
061625,聯茂群益9A購02  ,0,0,0,0,0,0,0,0,0,-10000,0,0,0,0,10000,-10000,-10000
061564,華擎國票9A購02  ,0,0,0,0,0,0,0,0,0,-10000,0,0,0,0,10000,-10000,-10000
061567,華通元大9A購11  ,0,0,0,0,0,0,0,0,0,-10000,0,0,0,25000,35000,-10000,-10000
062038,鴻海凱基9B購05  ,0,0,0,0,0,0,0,0,0,-10000,0,0,0,9000,19000,-10000,-10000
061604,台光電凱基9B購01,0,0,0,0,0,0,0,0,0,-10000,0,0,0,0,10000,-10000,-10000
061998,緯穎元大9B購03  ,0,0,0,0,0,0,0,0,0,-10000,0,0,0,1000,11000,-10000,-10000
061933,光寶科國票9B購01,0,0,0,0,0,0,0,0,0,-10000,0,0,0,0,10000,-10000,-10000
061920,台積電凱基9C購02,0,0,0,0,0,0,0,0,0,-10000,0,0,0,0,10000,-10000,-10000
058157,華通台新99購01  ,0,0,0,0,0,0,0,0,0,-10000,0,0,0,0,10000,-10000,-10000
060597,華通凱基9A購04  ,0,0,0,0,0,0,0,0,0,-10000,0,0,0,0,10000,-10000,-10000
058324,嘉聯益永豐9A購01,0,0,0,0,0,0,0,0,0,-10000,0,0,0,0,10000,-10000,-10000
058349,滬深2X日盛9A購01,0,0,0,0,0,0,0,0,0,-10000,0,0,0,0,10000,-10000,-10000
058402,欣興元大99購04  ,0,0,0,0,0,0,0,0,0,-10000,0,0,0,3000,13000,-10000,-10000
058417,國巨麥證99購01  ,0,0,0,3000,11000,-8000,0,0,0,-10000,0,0,0,4000,14000,-10000,-10000
058620,滬深2X國票9A購02,0,0,0,0,0,0,0,0,0,-10000,0,0,0,0,10000,-10000,-10000
056859,台積電群益98購02,0,0,0,0,0,0,0,0,0,-10000,0,0,0,30000,40000,-10000,-10000
056811,健策統一9B購01  ,0,0,0,0,0,0,0,0,0,-10000,0,0,0,0,10000,-10000,-10000
057866,玉山金凱基98購01,0,0,0,0,0,0,0,0,0,-10000,0,0,0,0,10000,-10000,-10000
056979,微星群益98購01  ,0,0,0,0,0,0,0,0,0,-10000,0,0,0,0,10000,-10000,-10000
058036,南電永豐98購01  ,0,0,0,0,0,0,0,0,0,-10000,0,0,0,0,10000,-10000,-10000
057128,台光電凱基98購03,0,0,0,0,0,0,0,0,0,-10000,0,0,0,0,10000,-10000,-10000
057376,新日興元大98購04,0,0,0,0,0,0,0,0,0,-10000,0,0,0,15000,25000,-10000,-10000
057242,台郡凱基98購05  ,0,0,0,0,0,0,0,0,0,-10000,0,0,0,0,10000,-10000,-10000
057240,茂林凱基9A購01  ,0,0,0,0,0,0,0,0,0,-10000,0,0,0,0,10000,-10000,-10000
057180,華新科元大99購08,0,0,0,0,0,0,0,0,0,-10000,0,0,0,0,10000,-10000,-10000
057235,亞光凱基98購04  ,0,0,0,0,0,0,0,0,0,-10000,0,0,0,0,10000,-10000,-10000
057226,上銀凱基98購06  ,0,0,0,0,0,0,0,0,0,-10000,0,0,0,0,10000,-10000,-10000
056222,台積電凱基9A購01,0,0,0,0,0,0,0,0,0,-10000,0,0,0,0,10000,-10000,-10000
056288,健鼎永豐97購01  ,0,0,0,0,0,0,0,0,0,-10000,0,0,0,0,10000,-10000,-10000
056335,微星凱基98購01  ,0,0,0,0,0,0,0,0,0,-10000,0,0,0,10000,20000,-10000,-10000
056325,群創兆豐9A購01  ,0,0,0,0,0,0,0,0,0,-10000,0,0,0,0,10000,-10000,-10000
056327,樺漢兆豐98購01  ,0,0,0,0,0,0,0,0,0,-10000,0,0,0,0,10000,-10000,-10000
055783,群創凱基99購03  ,0,0,0,0,0,0,0,0,0,-10000,0,0,0,0,10000,-10000,-10000
055811,國巨國票98購05  ,0,0,0,0,0,0,0,0,0,-10000,0,0,0,0,10000,-10000,-10000
055910,瑞昱凱基98購01  ,0,0,0,0,0,0,0,0,0,-10000,0,0,0,0,10000,-10000,-10000
055703,緯穎富邦98購01  ,0,0,0,0,0,0,0,0,0,-10000,0,0,0,0,10000,-10000,-10000
055735,宏達電元富98購01,0,0,0,0,0,0,0,0,0,-10000,0,0,0,0,10000,-10000,-10000
056430,鴻海凱基98購06  ,0,0,0,0,0,0,0,0,0,-10000,0,0,0,15000,25000,-10000,-10000
056432,鴻海凱基98購08  ,0,0,0,0,0,0,0,0,0,-10000,0,0,0,10000,20000,-10000,-10000
056433,鴻海凱基98購09  ,0,0,0,0,0,0,0,0,0,-10000,0,0,0,41000,51000,-10000,-10000
056448,全新凱基99購01  ,0,0,0,0,0,0,0,0,0,-10000,0,0,0,0,10000,-10000,-10000
055523,道瓊銀群益9A購01,0,0,0,0,0,0,0,0,0,-10000,0,0,0,0,10000,-10000,-10000
055541,聚陽凱基98購01  ,0,0,0,0,0,0,0,0,0,-10000,0,0,0,0,10000,-10000,-10000
056145,緯穎元大98購03  ,0,0,0,0,0,0,0,0,0,-10000,0,0,0,0,10000,-10000,-10000
056030,華通日盛97購01  ,0,0,0,0,0,0,0,0,0,-10000,0,0,0,0,10000,-10000,-10000
056177,嘉澤元富97購01  ,0,0,0,0,0,0,0,0,0,-10000,0,0,0,0,10000,-10000,-10000
054977,SP黃豆元富9B購01,0,0,0,0,0,0,0,0,0,-10000,0,0,0,0,10000,-10000,-10000
055312,台虹群益99購01  ,0,0,0,0,0,0,0,0,0,-10000,0,0,0,0,10000,-10000,-10000
055435,佳世達中信99購01,0,0,0,0,0,0,0,0,0,-10000,0,0,0,0,10000,-10000,-10000
058747,友達凱基9A購03  ,0,0,0,0,0,0,0,0,0,-10000,0,0,0,0,10000,-10000,-10000
058751,南茂凱基9A購01  ,0,0,0,0,0,0,0,0,0,-10000,0,0,0,50000,60000,-10000,-10000
058811,台積電統一9A購05,0,0,0,0,0,0,0,0,0,-10000,0,0,0,20000,30000,-10000,-10000
058775,台積電國票9A購02,0,0,0,0,0,0,0,0,0,-10000,0,0,0,1000,11000,-10000,-10000
058674,宏達電群益99購01,0,0,0,0,0,0,0,0,0,-10000,0,0,0,6000,16000,-10000,-10000
057774,台光電群益99購02,0,0,0,0,0,0,0,0,0,-10000,0,0,0,0,10000,-10000,-10000
057777,可成群益9A購03  ,0,0,0,0,0,0,0,0,0,-10000,0,0,0,0,10000,-10000,-10000
052697,滬深2X國票98購01,0,0,0,0,0,0,0,0,0,-10000,0,0,0,0,10000,-10000,-10000
03452B,臺股指凱基03熊05,0,0,0,0,0,0,0,0,0,-10000,0,0,0,0,10000,-10000,-10000
053708,道瓊反凱基98購01,0,0,0,0,0,0,0,0,0,-10000,0,0,0,0,10000,-10000,-10000
053485,矽創國票97購04  ,0,0,0,0,0,0,0,0,0,-10000,0,0,0,0,10000,-10000,-10000
053433,友達日盛99購06  ,0,0,0,0,0,0,0,0,0,-10000,0,0,0,0,10000,-10000,-10000
053292,美律中信98購01  ,0,0,0,0,0,0,0,0,0,-10000,0,0,0,0,10000,-10000,-10000
053358,晶技統一98購01  ,0,0,0,0,0,0,0,0,0,-10000,0,0,0,0,10000,-10000,-10000
053186,健策中信9C購01  ,0,0,0,0,0,0,0,0,0,-10000,0,0,0,0,10000,-10000,-10000
053212,友達凱基99購04  ,0,0,0,0,0,0,0,0,0,-10000,0,0,0,0,10000,-10000,-10000
051369,新光金富邦9A購01,0,0,0,0,0,0,0,0,0,-10000,0,0,0,0,10000,-10000,-10000
048505,滬深2X群益99購03,0,0,0,0,0,0,0,0,0,-10000,0,0,0,0,10000,-10000,-10000
049636,上証反凱基9A購01,0,0,0,0,0,0,0,0,0,-10000,0,0,0,0,10000,-10000,-10000
056463,台虹凱基98購02  ,0,0,0,0,0,0,0,0,0,-10000,0,0,0,15000,25000,-10000,-10000
054472,道瓊反中信9A購01,0,0,0,0,0,0,0,0,0,-10000,0,0,0,595000,605000,-10000,-10000
056595,台積電元富98購04,0,0,0,0,0,0,0,0,0,-10000,0,0,0,0,10000,-10000,-10000
056503,楠梓電永豐98購01,0,0,0,0,0,0,0,0,0,-10000,0,0,0,10000,20000,-10000,-10000
059699,華通凱基99購04  ,0,0,0,0,0,0,0,0,0,-10000,0,0,0,0,10000,-10000,-10000
059727,大立光元大9A購01,0,0,0,0,0,0,0,0,0,-10000,0,0,0,0,10000,-10000,-10000
059641,群創凱基99購06  ,0,0,0,0,0,0,0,0,0,-10000,0,0,0,0,10000,-10000,-10000
059060,大立光凱基9A購03,0,0,0,0,0,0,0,0,0,-10000,0,0,0,0,10000,-10000,-10000
059103,旭富元富99購03  ,0,0,0,0,0,0,0,0,0,-10000,0,0,0,0,10000,-10000,-10000
060013,S&P正2康和99購01,0,0,0,0,0,0,0,0,0,-10000,0,0,0,0,10000,-10000,-10000
060424,中租永豐9A購01  ,0,0,0,0,0,0,0,0,0,-10000,0,0,0,0,10000,-10000,-10000
060214,茂林康和9A購01  ,0,0,0,0,0,0,0,0,0,-10000,0,0,0,0,10000,-10000,-10000
060226,道瓊反元大9A購01,0,0,0,0,0,0,0,0,0,-10000,0,0,0,0,10000,-10000,-10000
060266,潤泰全國票9A購01,0,0,0,0,0,0,0,0,0,-10000,0,0,0,38000,48000,-10000,-10000
060275,元黃金元大9A購01,0,0,0,0,0,0,0,0,0,-10000,0,0,0,0,10000,-10000,-10000
060247,牧德元大9A購02  ,0,0,0,0,0,0,0,0,0,-10000,0,0,0,0,10000,-10000,-10000
060251,易華電元大9C購01,0,0,0,0,0,0,0,0,0,-10000,0,0,0,25000,35000,-10000,-10000
061181,牧德凱基9A購01  ,0,0,0,0,0,0,0,0,0,-10000,0,0,0,0,10000,-10000,-10000
061179,華擎凱基9A購01  ,0,0,0,0,0,0,0,0,0,-10000,0,0,0,0,10000,-10000,-10000
061074,儒鴻兆豐9B購01  ,0,0,0,0,0,0,0,0,0,-10000,0,0,0,5000,15000,-10000,-10000
061038,TPK永豐9A購01   ,0,0,0,0,0,0,0,0,0,-10000,0,0,0,15000,25000,-10000,-10000
060996,臻鼎元大9A購01  ,0,0,0,0,0,0,0,0,0,-10000,0,0,0,0,10000,-10000,-10000
06083P,華通統一98售02  ,0,0,0,0,0,0,0,0,0,-10000,0,0,0,52000,62000,-10000,-10000
060502,國巨元大9A購07  ,0,0,0,0,0,0,0,0,0,-10000,0,0,0,3000,13000,-10000,-10000
060511,群創元大9B購08  ,0,0,0,0,0,0,0,0,0,-10000,0,0,0,0,10000,-10000,-10000
060555,台表科凱基9A購03,0,0,0,0,0,0,0,0,0,-10000,0,0,0,0,10000,-10000,-10000
060548,友達凱基9B購03  ,0,0,0,0,0,0,0,0,0,-10000,0,0,0,0,10000,-10000,-10000
063178,聯發科兆豐9B購04,0,0,0,0,0,0,0,0,0,-10000,0,0,0,0,10000,-10000,-10000
063189,臻鼎凱基9B購01  ,0,0,0,0,0,0,0,0,0,-10000,0,0,0,10000,20000,-10000,-10000
063227,祥碩群益9B購06  ,0,0,0,0,0,0,0,0,0,-10000,0,0,0,0,10000,-10000,-10000
063109,T50反1兆豐9B購01,0,0,0,0,0,0,0,0,0,-10000,0,0,0,0,10000,-10000,-10000
063113,聯茂兆豐9B購01  ,0,0,0,0,0,0,0,0,0,-10000,0,0,0,0,10000,-10000,-10000
062944,茂林凱基9B購02  ,0,0,0,0,0,0,0,0,0,-10000,0,0,0,30000,40000,-10000,-10000
060948,可成第一9A購01  ,0,0,0,0,0,0,0,0,0,-10000,0,0,0,0,10000,-10000,-10000
060953,富邦金群益9A購01,0,0,0,0,0,0,0,0,0,-10000,0,0,0,0,10000,-10000,-10000
060928,明泰永豐9A購01  ,0,0,0,0,0,0,0,0,0,-10000,0,0,0,0,10000,-10000,-10000
060910,聯發科元大9A購05,0,0,0,0,0,0,0,0,0,-10000,0,0,0,0,10000,-10000,-10000
061266,國泰金凱基9B購01,0,0,0,0,0,0,0,0,0,-10000,0,0,0,0,10000,-10000,-10000
059030,奇力新兆豐99購03,0,0,0,0,0,0,0,0,0,-10000,0,0,0,0,10000,-10000,-10000
059054,國巨凱基99購11  ,0,0,0,0,0,0,0,0,0,-10000,0,0,0,0,10000,-10000,-10000
061288,大立光統一9C購01,0,0,0,0,0,0,0,0,0,-10000,0,0,0,0,10000,-10000,-10000
062674,百和中信03購01  ,0,0,0,0,0,0,0,0,0,-10000,0,0,0,0,10000,-10000,-10000
058938,台積電中信01購03,0,0,0,0,0,0,0,0,0,-10000,0,0,0,20000,30000,-10000,-10000
058939,台積電中信9B購01,0,0,0,0,0,0,0,0,0,-10000,0,0,0,30000,40000,-10000,-10000
062765,祥碩凱基9B購04  ,0,0,0,0,0,0,0,0,0,-10000,0,0,0,0,10000,-10000,-10000
059168,奇力新凱基99購05,0,0,0,0,0,0,0,0,0,-10000,0,0,0,0,10000,-10000,-10000
059359,精元永豐99購01  ,0,0,0,0,0,0,0,0,0,-10000,0,0,0,10000,20000,-10000,-10000
059236,鴻海凱基99購09  ,0,0,0,0,0,0,0,0,0,-10000,0,0,0,0,10000,-10000,-10000
059246,奇力新凱基9A購02,0,0,0,0,0,0,0,0,0,-10000,0,0,0,0,10000,-10000,-10000
059473,T50反1群益99購03,0,0,0,0,0,0,0,0,0,-10000,0,0,0,0,10000,-10000,-10000
059529,華新科凱基9A購04,0,0,0,0,0,0,0,0,0,-10000,0,0,0,0,10000,-10000,-10000
062160,南六凱基9B購01  ,0,0,0,0,0,0,0,0,0,-10000,0,0,0,91000,101000,-10000,-10000
062134,國巨群益9B購04  ,0,0,0,0,0,0,0,0,0,-10000,0,0,0,0,10000,-10000,-10000
062479,TPK國票9B購01   ,0,0,0,0,0,0,0,0,0,-10000,0,0,0,0,10000,-10000,-10000
062395,台表科富邦9C購01,0,0,0,0,0,0,0,0,0,-10000,0,0,0,23000,33000,-10000,-10000
062320,南電凱基9B購03  ,0,0,0,0,0,0,0,0,0,-10000,0,0,0,0,10000,-10000,-10000
062299,台積電第一9B購01,0,0,0,0,0,0,0,0,0,-10000,0,0,0,0,10000,-10000,-10000
062326,國巨統一9C購09  ,0,0,0,0,0,0,0,0,0,-10000,0,0,0,0,10000,-10000,-10000
062336,茂林統一01購02  ,0,0,0,0,0,0,0,0,0,-10000,0,0,0,0,10000,-10000,-10000
059928,道瓊銀富邦03購01,0,0,0,0,0,0,0,0,0,-10000,0,0,0,0,10000,-10000,-10000
061530,智邦台新9A購02  ,0,0,0,0,0,0,0,0,0,-10000,0,0,0,0,10000,-10000,-10000
061498,大立光國票9A購10,0,0,0,0,0,0,0,0,0,-10000,0,0,0,0,10000,-10000,-10000
061482,健策元大9C購01  ,0,0,0,0,0,0,0,0,0,-10000,0,0,0,0,10000,-10000,-10000
062206,緯創國票9B購01  ,0,0,0,0,0,0,0,0,0,-10000,0,0,0,0,10000,-10000,-10000
062524,鴻海統一9C購09  ,0,0,0,0,0,0,0,0,0,-10000,0,0,0,0,10000,-10000,-10000
062084,台郡元大9B購04  ,0,0,0,0,0,0,0,0,0,-10000,0,0,0,0,10000,-10000,-10000
062099,牧德永豐9B購01  ,0,0,0,0,0,0,0,0,0,-10000,0,0,0,0,10000,-10000,-10000
061343,大立光元大9A購04,0,0,0,0,0,0,0,0,0,-10000,0,0,0,0,10000,-10000,-10000
060687,GIS元大9A購01   ,0,0,0,0,0,0,0,0,0,-10000,0,0,0,0,10000,-10000,-10000
061327,台郡凱基9A購02  ,0,0,0,0,0,0,0,0,0,-10000,0,0,0,10000,20000,-10000,-10000
061316,台積電凱基9A購24,0,0,0,0,0,0,0,0,0,-10000,0,0,0,0,10000,-10000,-10000
061317,旺宏凱基9A購05  ,0,0,0,0,0,0,0,0,0,-10000,0,0,0,0,10000,-10000,-10000
061852,大立光國票9B購02,0,0,0,0,0,0,0,0,0,-10000,0,0,0,0,10000,-10000,-10000
061880,台郡元大9B購02  ,0,0,0,0,0,0,0,0,0,-10000,0,0,0,0,10000,-10000,-10000
060600,台積電凱基9C購01,0,0,0,0,0,0,0,0,0,-10000,0,0,0,0,10000,-10000,-10000
06381P,臺股指統一98售03,0,0,0,0,0,0,0,0,0,-10000,0,0,0,0,10000,-10000,-10000
063904,大立光麥證01購01,0,0,0,31000,41000,-10000,0,0,0,-10000,0,0,0,31000,41000,-10000,-10000
063949,大立光元大9C購10,0,0,0,0,0,0,0,0,0,-10000,0,0,0,0,10000,-10000,-10000
063710,光寶科凱基9C購01,0,0,0,0,0,0,0,0,0,-10000,0,0,0,0,10000,-10000,-10000
063608,力成凱基9B購03  ,0,0,0,0,0,0,0,0,0,-10000,0,0,0,0,10000,-10000,-10000
063610,儒鴻群益9B購02  ,0,0,0,0,0,0,0,0,0,-10000,0,0,0,0,10000,-10000,-10000
063306,聯茂凱基9C購01  ,0,0,0,0,0,0,0,0,0,-10000,0,0,0,0,10000,-10000,-10000
063351,億豐統一9B購01  ,0,0,0,0,0,0,0,0,0,-10000,0,0,0,10000,20000,-10000,-10000
063401,中租群益9B購03  ,0,0,0,0,0,0,0,0,0,-10000,0,0,0,19000,29000,-10000,-10000
063466,美食元大9B購02  ,0,0,0,0,0,0,0,0,0,-10000,0,0,0,0,10000,-10000,-10000
063502,南電永豐9B購02  ,0,0,0,0,0,0,0,0,0,-10000,0,0,0,0,10000,-10000,-10000
063571,TPK元大9B購03   ,0,0,0,0,0,0,0,0,0,-10000,0,0,0,6000,16000,-10000,-10000
063547,大立光兆豐9B購04,0,0,0,0,0,0,0,0,0,-10000,0,0,0,0,10000,-10000,-10000
063519,聚陽凱基9B購02  ,0,0,0,0,0,0,0,0,0,-10000,0,0,0,0,10000,-10000,-10000
064399,和大凱基02購01  ,0,0,0,0,0,0,0,0,0,-10000,0,0,0,30000,40000,-10000,-10000
064383,SP黃豆富邦01購01,0,0,0,0,0,0,0,0,0,-10000,0,0,0,0,10000,-10000,-10000
064417,創意中信9C購01  ,0,0,0,0,0,0,0,0,0,-10000,0,0,0,0,10000,-10000,-10000
064318,彩晶群益9C購01  ,0,0,0,0,0,0,0,0,0,-10000,0,0,0,0,10000,-10000,-10000
064342,晶技元大9C購01  ,0,0,0,0,0,0,0,0,0,-10000,0,0,0,3000,13000,-10000,-10000
064558,台積電群益9C購08,0,0,0,0,0,0,0,0,0,-10000,0,0,0,0,10000,-10000,-10000
064529,友達中信01購03  ,0,0,0,0,0,0,0,0,0,-10000,0,0,0,0,10000,-10000,-10000
064541,元黃金凱基01購02,0,0,0,0,0,0,0,0,0,-10000,0,0,0,0,10000,-10000,-10000
064562,友達群益9C購03  ,0,0,0,0,0,0,0,0,0,-10000,0,0,0,0,10000,-10000,-10000
064590,牧德永豐9C購01  ,0,0,0,0,0,0,0,0,0,-10000,0,0,0,60000,70000,-10000,-10000
064592,同欣電永豐9C購01,0,0,0,0,0,0,0,0,0,-10000,0,0,0,0,10000,-10000,-10000
06445P,大立光凱基98售09,0,0,0,0,0,0,0,0,0,-10000,0,0,0,20000,30000,-10000,-10000
063989,大立光永豐9C購01,0,0,0,0,0,0,0,0,0,-10000,0,0,0,0,10000,-10000,-10000
064036,矽創元大9C購01  ,0,0,0,0,0,0,0,0,0,-10000,0,0,0,1000,11000,-10000,-10000
064005,義隆凱基01購01  ,0,0,0,0,0,0,0,0,0,-10000,0,0,0,6000,16000,-10000,-10000
064104,TPK群益9C購02   ,0,0,0,0,0,0,0,0,0,-10000,0,0,0,1000,11000,-10000,-10000
064073,南電永豐9C購01  ,0,0,0,0,0,0,0,0,0,-10000,0,0,0,0,10000,-10000,-10000
064158,健鼎統一02購01  ,0,0,0,0,0,0,0,0,0,-10000,0,0,0,20000,30000,-10000,-10000
064179,上銀富邦01購01  ,0,0,0,0,0,0,0,0,0,-10000,0,0,0,5000,15000,-10000,-10000
065384,南電元大9C購07  ,0,0,0,0,0,0,0,0,0,-10000,0,0,0,43000,53000,-10000,-10000
065248,聯發科麥證9C購03,0,0,0,0,10000,-10000,0,0,0,-10000,0,0,0,0,10000,-10000,-10000
065667,台光電凱基01購01,0,0,0,0,0,0,0,0,0,-10000,0,0,0,50000,60000,-10000,-10000
065584,華通富邦01購01  ,0,0,0,0,0,0,0,0,0,-10000,0,0,0,0,10000,-10000,-10000
065830,景碩凱基9C購04  ,0,0,0,0,0,0,0,0,0,-10000,0,0,0,0,10000,-10000,-10000
065789,泰碩永豐9C購02  ,0,0,0,0,0,0,0,0,0,-10000,0,0,0,36000,46000,-10000,-10000
065157,世芯群益9C購02  ,0,0,0,0,0,0,0,0,0,-10000,0,0,0,0,10000,-10000,-10000
065143,聯發科凱基9C購07,0,0,0,0,0,0,0,0,0,-10000,0,0,0,40000,50000,-10000,-10000
065122,電子類富邦9C購01,0,0,0,0,0,0,0,0,0,-10000,0,0,0,0,10000,-10000,-10000
065127,世芯永豐9C購03  ,0,0,0,0,0,0,0,0,0,-10000,0,0,0,0,10000,-10000,-10000
065226,華通凱基01購01  ,0,0,0,0,0,0,0,0,0,-10000,0,0,0,10000,20000,-10000,-10000
065237,茂林凱基01購01  ,0,0,0,0,0,0,0,0,0,-10000,0,0,0,0,10000,-10000,-10000
065065,世芯群益01購01  ,0,0,0,0,0,0,0,0,0,-10000,0,0,0,0,10000,-10000,-10000
065017,和大富邦03購01  ,0,0,0,0,0,0,0,0,0,-10000,0,0,0,0,10000,-10000,-10000
064968,道瓊銀元大01購02,0,0,0,0,0,0,0,0,0,-10000,0,0,0,0,10000,-10000,-10000
064639,聚陽凱基02購01  ,0,0,0,0,0,0,0,0,0,-10000,0,0,0,40000,50000,-10000,-10000
064623,創意元大9C購04  ,0,0,0,0,0,0,0,0,0,-10000,0,0,0,0,10000,-10000,-10000
064660,華通元大9C購05  ,0,0,0,0,0,0,0,0,0,-10000,0,0,0,0,10000,-10000,-10000
064750,緯穎麥證9C購01  ,0,0,0,0,10000,-10000,0,0,0,-10000,0,0,0,0,10000,-10000,-10000
064784,祥碩群益9C購01  ,0,0,0,0,0,0,0,0,0,-10000,0,0,0,122000,132000,-10000,-10000
06479P,聯發科中信99售02,0,0,0,0,0,0,0,0,0,-10000,0,0,0,0,10000,-10000,-10000
064800,鴻海元大9C購12  ,0,0,0,0,0,0,0,0,0,-10000,0,0,0,9000,19000,-10000,-10000
5907,大洋-KY         ,22000,36000,-14000,0,0,0,0,0,0,4000,4000,0,4000,0,0,0,-10000
5305,敦南            ,13000,25000,-12000,0,0,0,0,0,0,2000,2000,0,2000,0,0,0,-10000
4737,華廣            ,4000,14000,-10000,0,0,0,0,0,0,0,0,0,0,0,0,0,-10000
4557,永新-KY         ,1000,11000,-10000,0,0,0,0,0,0,0,0,0,0,0,0,0,-10000
3018,同開            ,37000,47000,-10000,0,0,0,0,0,0,0,0,0,0,0,0,0,-10000
3021,鴻名            ,1000,11000,-10000,0,0,0,0,0,0,0,0,0,0,0,0,0,-10000
6669,緯穎            ,496500,478801,17699,0,0,0,207000,238000,-31000,3000,19000,24000,-5000,12000,4000,8000,-10301
066936,新日興國票02購01,0,0,0,0,0,0,0,0,0,-11000,0,0,0,1000,12000,-11000,-11000
066620,長興凱基01購01  ,0,0,0,0,0,0,0,0,0,-11000,0,0,0,10000,21000,-11000,-11000
066145,昇陽半群益01購01,0,0,0,0,0,0,0,0,0,-11000,0,0,0,0,11000,-11000,-11000
066192,嘉基凱基01購01  ,0,0,0,0,0,0,0,0,0,-11000,0,0,0,0,11000,-11000,-11000
066246,中化元大01購01  ,0,0,0,0,0,0,0,0,0,-11000,0,0,0,0,11000,-11000,-11000
066350,達麗永豐01購01  ,0,0,0,0,0,0,0,0,0,-11000,0,0,0,0,11000,-11000,-11000
066450,松翰群益01購01  ,0,0,0,0,0,0,0,0,0,-11000,0,0,0,21000,32000,-11000,-11000
08230P,台表科國票9C售03,0,0,0,0,0,0,0,0,0,-11000,0,0,0,0,11000,-11000,-11000
08246P,亞德客群益01售01,0,0,0,0,0,0,0,0,0,-11000,0,0,0,0,11000,-11000,-11000
08309P,GIS凱基9C售01   ,0,0,0,0,0,0,0,0,0,-11000,0,0,0,109000,120000,-11000,-11000
08492P,大立光元大9C售22,0,0,0,0,0,0,0,0,0,-11000,0,0,0,45000,56000,-11000,-11000
1592,英瑞-KY         ,32000,43000,-11000,0,0,0,0,0,0,0,0,0,0,0,0,0,-11000
1618,合機            ,0,11000,-11000,0,0,0,0,0,0,0,0,0,0,0,0,0,-11000
1446,宏和            ,6000,17000,-11000,0,0,0,0,0,0,0,0,0,0,0,0,0,-11000
1463,強盛            ,0,11000,-11000,0,0,0,0,0,0,0,0,0,0,0,0,0,-11000
056604,鴻海富邦9A購01  ,0,0,0,0,0,0,0,0,0,-11000,0,0,0,5000,16000,-11000,-11000
056608,力山永豐98購01  ,0,0,0,0,0,0,0,0,0,-11000,0,0,0,0,11000,-11000,-11000
051939,同欣電群益97購01,0,0,0,0,0,0,0,0,0,-11000,0,0,0,0,11000,-11000,-11000
00733,富邦臺灣中小    ,0,0,0,0,0,0,0,0,0,-11000,0,0,0,208000,219000,-11000,-11000
00683L,元大美元指數正2 ,0,0,0,0,0,0,0,0,0,-11000,0,0,0,30000,41000,-11000,-11000
0051,元大中型100     ,1000,1000,0,0,0,0,0,0,0,-11000,0,0,0,6000,17000,-11000,-11000
055033,漢唐富邦98購01  ,0,0,0,0,0,0,0,0,0,-11000,0,0,0,0,11000,-11000,-11000
057975,台積電永豐98購05,0,0,0,0,0,0,0,0,0,-11000,0,0,0,0,11000,-11000,-11000
056962,技嘉永豐98購01  ,0,0,0,0,0,0,0,0,0,-11000,0,0,0,91000,102000,-11000,-11000
058623,國巨國票99購08  ,0,0,0,0,0,0,0,0,0,-11000,0,0,0,60000,71000,-11000,-11000
061987,大立光元大9B購03,0,0,0,0,0,0,0,0,0,-11000,0,0,0,10000,21000,-11000,-11000
057321,台泥群益98購01  ,0,0,0,0,0,0,0,0,0,-11000,0,0,0,10000,21000,-11000,-11000
057279,國揚元大98購01  ,0,0,0,0,0,0,0,0,0,-11000,0,0,0,1000,12000,-11000,-11000
059847,喬山永豐99購01  ,0,0,0,0,0,0,0,0,0,-11000,0,0,0,58000,69000,-11000,-11000
061446,鴻海中信04購01  ,0,0,0,0,0,0,0,0,0,-11000,0,0,0,0,11000,-11000,-11000
059945,嘉澤永豐99購03  ,0,0,0,0,0,0,0,0,0,-11000,0,0,0,0,11000,-11000,-11000
062471,國泰金凱基9B購02,0,0,0,0,0,0,0,0,0,-11000,0,0,0,0,11000,-11000,-11000
059539,緯穎凱基99購03  ,0,0,0,0,0,0,0,0,0,-11000,0,0,0,0,11000,-11000,-11000
059396,T50反1元富99購04,0,0,0,0,0,0,0,0,0,-11000,0,0,0,0,11000,-11000,-11000
059148,百和國票9A購01  ,0,0,0,0,0,0,0,0,0,-11000,0,0,0,0,11000,-11000,-11000
061263,微星凱基9A購01  ,0,0,0,0,0,0,0,0,0,-11000,0,0,0,0,11000,-11000,-11000
062832,嘉澤群益9B購02  ,0,0,0,0,0,0,0,0,0,-11000,0,0,0,332000,343000,-11000,-11000
062883,智易兆豐9C購01  ,0,0,0,0,0,0,0,0,0,-11000,0,0,0,0,11000,-11000,-11000
061026,南電富邦9B購01  ,0,0,0,0,0,0,0,0,0,-11000,0,0,0,1000,12000,-11000,-11000
060329,鎧勝群益9B購01  ,0,0,0,0,0,0,0,0,0,-11000,0,0,0,0,11000,-11000,-11000
060030,晶相光永豐99購03,0,0,0,0,0,0,0,0,0,-11000,0,0,0,30000,41000,-11000,-11000
065843,瑞昱元大9C購03  ,0,0,0,0,0,0,0,0,0,-11000,0,0,0,146000,157000,-11000,-11000
064175,華通國泰02購01  ,0,0,0,0,0,0,0,0,0,-11000,0,0,0,0,11000,-11000,-11000
064255,泰碩國泰02購01  ,0,0,0,0,0,0,0,0,0,-11000,0,0,0,75000,86000,-11000,-11000
064227,和碩國票01購01  ,0,0,0,0,0,0,0,0,0,-11000,0,0,0,0,11000,-11000,-11000
064561,友達群益9C購02  ,0,0,0,0,0,0,0,0,0,-11000,0,0,0,0,11000,-11000,-11000
064536,富邦金國票01購01,0,0,0,0,0,0,0,0,0,-11000,0,0,0,43000,54000,-11000,-11000
064408,TPK凱基02購01   ,0,0,0,0,0,0,0,0,0,-11000,0,0,0,9000,20000,-11000,-11000
064402,宏碁凱基01購01  ,0,0,0,0,0,0,0,0,0,-11000,0,0,0,0,11000,-11000,-11000
063518,儒鴻凱基9B購02  ,0,0,0,0,0,0,0,0,0,-11000,0,0,0,10000,21000,-11000,-11000
063678,友達國泰9C購01  ,0,0,0,0,0,0,0,0,0,-11000,0,0,0,0,11000,-11000,-11000
063747,國巨國票9C購06  ,0,0,0,0,0,0,0,0,0,-11000,0,0,0,2000,13000,-11000,-11000
063734,可成元大9B購04  ,0,0,0,0,0,0,0,0,0,-11000,0,0,0,22000,33000,-11000,-11000
063785,華通中信06購02  ,0,0,0,0,0,0,0,0,0,-11000,0,0,0,10000,21000,-11000,-11000
063867,全新永豐9C購01  ,0,0,0,0,0,0,0,0,0,-11000,0,0,0,50000,61000,-11000,-11000
9908,大台北          ,28000,16000,12000,0,0,0,0,0,0,-23000,4000,27000,-23000,0,0,0,-11000
1727,中華化          ,0,11000,-11000,0,0,0,0,0,0,0,0,0,0,0,0,0,-11000
2616,山隆            ,9000,20000,-11000,0,0,0,0,0,0,0,0,0,0,0,0,0,-11000
07940P,國巨群益9B售06  ,0,0,0,0,0,0,0,0,0,-12000,0,0,0,0,12000,-12000,-12000
066250,大成鋼元大01購01,0,0,0,0,0,0,0,0,0,-12000,0,0,0,151000,163000,-12000,-12000
066254,南帝元大01購01  ,0,0,0,0,0,0,0,0,0,-12000,0,0,0,113000,125000,-12000,-12000
065906,瑞昱永豐9C購01  ,0,0,0,0,0,0,0,0,0,-12000,0,0,0,0,12000,-12000,-12000
066756,長興永豐01購02  ,0,0,0,0,0,0,0,0,0,-12000,0,0,0,0,12000,-12000,-12000
057085,立積統一9B購02  ,0,0,0,0,0,0,0,0,0,-12000,0,0,0,228000,240000,-12000,-12000
061922,瑞昱凱基9B購01  ,0,0,0,0,0,0,0,0,0,-12000,0,0,0,3000,15000,-12000,-12000
058239,景碩元大99購03  ,0,0,0,0,0,0,0,0,0,-12000,0,0,0,5000,17000,-12000,-12000
057965,臺股指元大98購14,0,0,0,0,0,0,0,0,0,-12000,0,0,0,5000,17000,-12000,-12000
057152,緯穎國票99購03  ,0,0,0,0,0,0,0,0,0,-12000,0,0,0,0,12000,-12000,-12000
058795,可成元大99購03  ,0,0,0,0,0,0,0,0,0,-12000,0,0,0,0,12000,-12000,-12000
056387,智伸科國泰99購01,0,0,0,0,0,0,0,0,0,-12000,0,0,0,0,12000,-12000,-12000
059732,超眾元大9A購01  ,0,0,0,0,0,0,0,0,0,-12000,0,0,0,0,12000,-12000,-12000
061017,國泰金麥證9A購01,0,0,0,0,12000,-12000,0,0,0,-12000,0,0,0,0,12000,-12000,-12000
061204,國巨元大9A購16  ,0,0,0,0,0,0,0,0,0,-12000,0,0,0,24000,36000,-12000,-12000
063245,富邦金元大9B購03,0,0,0,0,0,0,0,0,0,-12000,0,0,0,50000,62000,-12000,-12000
059195,國巨永豐99購04  ,0,0,0,0,0,0,0,0,0,-12000,0,0,0,3000,15000,-12000,-12000
062701,漢唐元大9B購01  ,0,0,0,0,0,0,0,0,0,-12000,0,0,0,83000,95000,-12000,-12000
062511,台光電國票9B購02,0,0,0,0,0,0,0,0,0,-12000,0,0,0,0,12000,-12000,-12000
059905,A50正2元大9C購06,0,0,0,0,0,0,0,0,0,-12000,0,0,0,3000,15000,-12000,-12000
061870,智邦元大9B購02  ,0,0,0,0,0,0,0,0,0,-12000,0,0,0,0,12000,-12000,-12000
063603,友達凱基9B購05  ,0,0,0,0,0,0,0,0,0,-12000,0,0,0,0,12000,-12000,-12000
063600,燿華凱基9B購04  ,0,0,0,0,0,0,0,0,0,-12000,0,0,0,0,12000,-12000,-12000
063586,燿華永豐9B購02  ,0,0,0,0,0,0,0,0,0,-12000,0,0,0,0,12000,-12000,-12000
064058,儒鴻麥證01購01  ,0,0,0,0,10000,-10000,0,0,0,-12000,0,0,0,0,12000,-12000,-12000
065275,台灣50群益02購02,0,0,0,0,0,0,0,0,0,-12000,0,0,0,0,12000,-12000,-12000
064814,祥碩元大9C購06  ,10000,0,10000,0,0,0,0,0,0,-22000,0,0,0,36000,58000,-22000,-12000
064744,創意國票01購02  ,0,0,0,0,0,0,0,0,0,-12000,0,0,0,13000,25000,-12000,-12000
065218,世芯國泰02購02  ,0,0,0,0,0,0,0,0,0,-12000,0,0,0,34000,46000,-12000,-12000
2722,夏都            ,0,12000,-12000,0,0,0,0,0,0,0,0,0,0,0,0,0,-12000
2748,雲品            ,1000,13000,-12000,0,0,0,0,0,0,0,0,0,0,0,0,0,-12000
2528,皇普            ,0,12000,-12000,0,0,0,0,0,0,0,0,0,0,0,0,0,-12000
2450,神腦            ,5000,17000,-12000,0,0,0,0,0,0,0,0,0,0,0,0,0,-12000
2007,燁興            ,0,12000,-12000,0,0,0,0,0,0,0,0,0,0,0,0,0,-12000
5607,遠雄港          ,46000,58000,-12000,0,0,0,0,0,0,0,0,0,0,0,0,0,-12000
6164,華興            ,1000,13000,-12000,0,0,0,0,0,0,0,0,0,0,0,0,0,-12000
066574,康友元大01購01  ,0,0,0,0,0,0,0,0,0,-13000,0,0,0,14000,27000,-13000,-13000
066543,大成鋼元大01購02,0,0,0,0,0,0,0,0,0,-13000,0,0,0,0,13000,-13000,-13000
065874,智原群益9C購01  ,0,0,0,0,0,0,0,0,0,-13000,0,0,0,66000,79000,-13000,-13000
066007,大立光統一02購06,0,0,0,0,0,0,0,0,0,-13000,0,0,0,0,13000,-13000,-13000
066364,可成中信03購01  ,0,0,0,0,0,0,0,0,0,-13000,0,0,0,4000,17000,-13000,-13000
07335P,臺股指國票99售20,0,2000,-2000,0,0,0,0,0,0,-11000,0,0,0,12000,23000,-11000,-13000
1459,聯發            ,1000,14000,-13000,0,0,0,0,0,0,0,0,0,0,0,0,0,-13000
1419,新紡            ,16000,29000,-13000,0,0,0,0,0,0,0,0,0,0,0,0,0,-13000
08702P,南電康和01售01  ,0,0,0,0,0,0,0,0,0,-13000,0,0,0,77000,90000,-13000,-13000
08577P,臺指2X中信03售01,0,0,0,0,0,0,0,0,0,-13000,0,0,0,0,13000,-13000,-13000
08326P,臺股指凱基9C售09,0,0,0,0,0,0,0,0,0,-13000,0,0,0,57000,70000,-13000,-13000
054799,超眾群益98購01  ,0,0,0,0,0,0,0,0,0,-13000,0,0,0,0,13000,-13000,-13000
058688,矽創凱基9A購01  ,0,0,0,0,0,0,0,0,0,-13000,0,0,0,55000,68000,-13000,-13000
055336,茂林兆豐98購01  ,0,0,0,0,0,0,0,0,0,-13000,0,0,0,0,13000,-13000,-13000
056894,佳世達元大99購01,0,0,0,0,0,0,0,0,0,-13000,0,0,0,0,13000,-13000,-13000
056903,大立光元大99購04,0,0,0,0,0,0,0,0,0,-13000,0,0,0,27000,40000,-13000,-13000
058504,台積電元大99購07,0,0,0,0,0,0,0,0,0,-13000,0,0,0,50000,63000,-13000,-13000
058344,旺宏群益99購05  ,0,0,0,0,0,0,0,0,0,-13000,0,0,0,82000,95000,-13000,-13000
057056,立積元大99購02  ,0,0,0,0,0,0,0,0,0,-13000,0,0,0,20000,33000,-13000,-13000
058091,欣興元大99購03  ,0,0,0,0,0,0,0,0,0,-13000,0,0,0,23000,36000,-13000,-13000
057417,國巨凱基9A購03  ,0,0,0,0,0,0,0,0,0,-13000,0,0,0,0,13000,-13000,-13000
062549,中租永豐9B購01  ,0,0,0,0,0,0,0,0,0,-13000,0,0,0,74000,87000,-13000,-13000
062550,啟碁永豐9B購01  ,0,0,0,0,0,0,0,0,0,-13000,0,0,0,0,13000,-13000,-13000
062044,健策凱基9B購02  ,0,0,0,0,0,0,0,0,0,-13000,0,0,0,0,13000,-13000,-13000
063177,友達兆豐9B購01  ,0,0,0,0,0,0,0,0,0,-13000,0,0,0,0,13000,-13000,-13000
061087,國巨統一01購04  ,0,0,0,0,0,0,0,0,0,-13000,0,0,0,7000,20000,-13000,-13000
059663,旭富元大9C購02  ,0,0,0,0,0,0,0,0,0,-13000,0,0,0,22000,35000,-13000,-13000
060061,旺宏兆豐99購02  ,0,0,0,0,0,0,0,0,0,-13000,0,0,0,0,13000,-13000,-13000
065185,和大統一02購05  ,0,0,0,0,0,0,0,0,0,-13000,0,0,0,35000,48000,-13000,-13000
064992,玉晶光兆豐01購01,0,0,0,0,0,0,0,0,0,-13000,0,0,0,0,13000,-13000,-13000
064849,大立光元富9C購06,0,0,0,0,0,0,0,0,0,-13000,0,0,0,20000,33000,-13000,-13000
064857,T50反1富邦01購02,0,0,0,0,0,0,0,0,0,-13000,0,0,0,5000,18000,-13000,-13000
065322,聯發科凱基01購05,0,0,0,0,0,0,0,0,0,-13000,0,0,0,36000,49000,-13000,-13000
065503,燿華永豐9C購04  ,0,0,0,0,0,0,0,0,0,-13000,0,0,0,0,13000,-13000,-13000
065817,聯發科元富03購08,0,0,0,0,0,0,0,0,0,-13000,0,0,0,61000,74000,-13000,-13000
065627,貿聯兆豐9C購02  ,0,0,0,0,0,0,0,0,0,-13000,0,0,0,0,13000,-13000,-13000
064171,燿華元富9C購01  ,0,0,0,0,0,0,0,0,0,-13000,0,0,0,0,13000,-13000,-13000
064465,台表科統一01購02,0,0,0,0,0,0,0,0,0,-13000,0,0,0,82000,95000,-13000,-13000
063388,台光電兆豐9C購01,0,0,0,0,0,0,0,0,0,-13000,0,0,0,17000,30000,-13000,-13000
063726,鴻海元大9B購04  ,0,0,0,0,0,0,0,0,0,-13000,0,0,0,15000,28000,-13000,-13000
063772,智邦富邦9B購02  ,0,0,0,0,0,0,0,0,0,-13000,0,0,0,220000,233000,-13000,-13000
6184,大豐電          ,9000,22000,-13000,0,0,0,0,0,0,0,0,0,0,0,0,0,-13000
4104,佳醫            ,63000,73000,-10000,0,0,0,0,0,0,-3000,0,3000,-3000,0,0,0,-13000
2731,雄獅            ,10000,23000,-13000,0,0,0,0,0,0,0,0,0,0,0,0,0,-13000
08751P,友達群益01售01  ,0,0,0,0,0,0,0,0,0,-14000,0,0,0,6000,20000,-14000,-14000
1234,黑松            ,30000,44000,-14000,0,0,0,0,0,0,0,0,0,0,0,0,0,-14000
1558,伸興            ,3000,17000,-14000,0,0,0,0,0,0,0,0,0,0,0,0,0,-14000
07652P,臺股指中信9A售07,0,0,0,0,0,0,0,0,0,-14000,0,0,0,24000,38000,-14000,-14000
07945P,上銀國票9B售02  ,0,0,0,0,0,0,0,0,0,-14000,0,0,0,0,14000,-14000,-14000
06638P,鴻海統一99售02  ,0,0,0,0,0,0,0,0,0,-14000,0,0,0,16000,30000,-14000,-14000
065999,燿華國票02購01  ,0,0,0,0,0,0,0,0,0,-14000,0,0,0,0,14000,-14000,-14000
066005,國巨統一03購01  ,0,0,0,0,0,0,0,0,0,-14000,0,0,0,3000,17000,-14000,-14000
065900,瑞祺國泰02購01  ,0,0,0,0,0,0,0,0,0,-14000,0,0,0,35000,49000,-14000,-14000
066164,精元凱基01購01  ,0,0,0,0,0,0,0,0,0,-14000,0,0,0,6000,20000,-14000,-14000
066045,聯發科元大01購08,0,0,0,0,0,0,0,0,0,-14000,0,0,0,9000,23000,-14000,-14000
066597,緯穎群益02購01  ,0,0,0,0,0,0,0,0,0,-14000,0,0,0,20000,34000,-14000,-14000
066761,聯陽永豐01購03  ,0,0,0,0,0,0,0,0,0,-14000,0,0,0,16000,30000,-14000,-14000
066768,瀚宇博永豐01購01,0,0,0,0,0,0,0,0,0,-14000,0,0,0,85000,99000,-14000,-14000
06757P,台灣50元大9B售01,0,0,0,0,0,0,0,0,0,-14000,0,0,0,0,14000,-14000,-14000
057296,智原永豐98購01  ,0,0,0,0,0,0,0,0,0,-14000,0,0,0,68000,82000,-14000,-14000
061772,健策元大9B購06  ,0,0,0,0,0,0,0,0,0,-14000,0,0,0,5000,19000,-14000,-14000
058740,T50反1日盛9B購02,0,0,0,0,0,0,0,0,0,-14000,0,0,0,0,14000,-14000,-14000
056366,玉晶光元大99購04,0,0,0,0,0,0,0,0,0,-14000,0,0,0,14000,28000,-14000,-14000
05620P,大立光富邦9B售01,0,0,0,0,0,0,0,0,0,-14000,0,0,0,0,14000,-14000,-14000
00666R,富邦恒生國企反1 ,0,0,0,0,0,0,0,0,0,-14000,0,0,0,2000,16000,-14000,-14000
053181,滬深2X元富99購02,0,0,0,0,0,0,0,0,0,-14000,0,0,0,6000,20000,-14000,-14000
062741,立積國票9B購02  ,0,0,0,0,0,0,0,0,0,-14000,0,0,0,0,14000,-14000,-14000
059623,聯電凱基99購02  ,0,0,0,0,0,0,0,0,0,-14000,0,0,0,113000,127000,-14000,-14000
062470,智邦凱基9C購01  ,0,0,0,0,0,0,0,0,0,-14000,0,0,0,0,14000,-14000,-14000
063293,億豐元大9B購01  ,0,0,0,0,0,0,0,0,0,-14000,0,0,0,171000,185000,-14000,-14000
063283,華新科元大9C購03,0,0,0,0,0,0,0,0,0,-14000,0,0,0,3000,17000,-14000,-14000
063317,大立光群益9B購06,0,0,0,0,0,0,0,0,0,-14000,0,0,0,0,14000,-14000,-14000
063500,嘉晶永豐9B購02  ,0,0,0,0,0,0,0,0,0,-14000,0,0,0,13000,27000,-14000,-14000
064077,台積電中信06購03,0,0,0,0,0,0,0,0,0,-14000,0,0,0,1000,15000,-14000,-14000
064877,可成兆豐9C購02  ,0,0,0,0,0,0,0,0,0,-14000,0,0,0,5000,19000,-14000,-14000
064994,南電兆豐01購01  ,0,0,0,0,0,0,0,0,0,-14000,0,0,0,19000,33000,-14000,-14000
1817,凱撒衛          ,0,15000,-15000,0,0,0,0,0,0,1000,1000,0,1000,0,0,0,-14000
8499,鼎炫-KY         ,27000,41000,-14000,0,0,0,0,0,0,0,0,0,0,0,0,0,-14000
066995,盟立國泰03購01  ,0,0,0,0,0,0,0,0,0,-15000,0,0,0,0,15000,-15000,-15000
06700P,臺股指統一99售05,0,0,0,0,0,0,0,0,0,-15000,0,0,0,0,15000,-15000,-15000
066926,聚陽國票02購01  ,0,0,0,0,0,0,0,0,0,-15000,0,0,0,0,15000,-15000,-15000
066863,上証2X元富07購01,0,0,0,0,0,0,0,0,0,-15000,0,0,0,0,15000,-15000,-15000
06931P,大立光元大98售20,0,0,0,0,0,0,0,0,0,-15000,0,0,0,0,15000,-15000,-15000
07059P,華通國票9A售02  ,0,0,0,0,0,0,0,0,0,-15000,0,0,0,15000,30000,-15000,-15000
06770P,台灣50第一9C售01,0,0,0,0,0,0,0,0,0,-15000,0,0,0,0,15000,-15000,-15000
066552,大立光元大01購08,0,0,0,0,0,0,0,0,0,-15000,0,0,0,0,15000,-15000,-15000
066173,泰碩凱基02購01  ,0,0,0,0,0,0,0,0,0,-15000,0,0,0,75000,90000,-15000,-15000
066106,台郡國票02購01  ,0,0,0,0,0,0,0,0,0,-15000,0,0,0,35000,50000,-15000,-15000
065903,聯發科富邦02購02,0,0,0,0,0,0,0,0,0,-15000,0,0,0,104000,119000,-15000,-15000
066407,昇陽半凱基01購01,0,0,0,0,0,0,0,0,0,-15000,0,0,0,40000,55000,-15000,-15000
07840P,康控元大9A售02  ,0,0,0,0,0,0,0,0,0,-15000,0,0,0,1000,16000,-15000,-15000
08143P,聯發科凱基9C售05,0,0,0,0,0,0,0,0,0,-15000,0,0,0,0,15000,-15000,-15000
07637P,國巨國票9A售08  ,0,0,0,0,0,0,0,0,0,-15000,0,0,0,0,15000,-15000,-15000
07531P,大立光國泰9B售03,0,0,0,0,0,0,0,0,0,-15000,0,0,0,111000,126000,-15000,-15000
08770P,上証2X凱基03售04,0,0,0,0,0,0,0,0,0,-15000,0,0,0,0,15000,-15000,-15000
08434P,臺股指凱基03售02,0,0,0,0,0,0,0,0,0,-15000,0,0,0,498000,513000,-15000,-15000
056388,勤誠國泰99購01  ,0,0,0,0,0,0,0,0,0,-15000,0,0,0,0,15000,-15000,-15000
055108,智邦凱基98購01  ,0,0,0,0,0,0,0,0,0,-15000,0,0,0,2000,17000,-15000,-15000
061953,台積電台新9B購04,0,0,0,0,0,0,0,0,0,-15000,0,0,0,5000,20000,-15000,-15000
058073,大立光凱基99購04,0,0,0,0,0,0,0,0,0,-15000,0,0,0,0,15000,-15000,-15000
057430,富邦金兆豐98購01,0,0,0,0,0,0,0,0,0,-15000,0,0,0,0,15000,-15000,-15000
058385,創意中信99購01  ,0,0,0,0,0,0,0,0,0,-15000,0,0,0,0,15000,-15000,-15000
058360,台光電凱基9A購02,0,0,0,0,0,0,0,0,0,-15000,0,0,0,0,15000,-15000,-15000
058865,群創凱基01購01  ,0,0,0,0,0,0,0,0,0,-15000,0,0,0,45000,60000,-15000,-15000
058882,晶相光永豐99購01,0,0,0,0,0,0,0,0,0,-15000,0,0,0,0,15000,-15000,-15000
056702,欣興國泰9A購01  ,0,0,0,0,0,0,0,0,0,-15000,0,0,0,0,15000,-15000,-15000
057222,鴻海國票99購04  ,0,0,0,0,0,0,0,0,0,-15000,0,0,0,15000,30000,-15000,-15000
057380,技嘉國泰9A購01  ,0,0,0,0,0,0,0,0,0,-15000,0,0,0,0,15000,-15000,-15000
057971,華新科富邦9B購02,0,0,0,0,0,0,0,0,0,-15000,0,0,0,0,15000,-15000,-15000
058018,南亞科凱基99購03,0,0,0,0,0,0,0,0,0,-15000,0,0,0,0,15000,-15000,-15000
062379,致新元大9B購01  ,0,0,0,0,0,0,0,0,0,-15000,0,0,0,11000,26000,-15000,-15000
062743,微星國泰01購01  ,0,0,0,0,0,0,0,0,0,-15000,0,0,0,0,15000,-15000,-15000
062681,全新統一01購01  ,0,0,0,0,0,0,0,0,0,-15000,0,0,0,0,15000,-15000,-15000
062047,緯穎凱基9B購01  ,0,0,0,0,0,0,0,0,0,-15000,0,0,0,11000,26000,-15000,-15000
061475,漢唐元大9A購01  ,0,0,0,0,0,0,0,0,0,-15000,0,0,0,0,15000,-15000,-15000
061308,元金2X中信9A購01,0,0,0,0,0,0,0,0,0,-15000,0,0,0,0,15000,-15000,-15000
061367,瑞祺國票9A購01  ,0,0,0,0,0,0,0,0,0,-15000,0,0,0,3000,18000,-15000,-15000
060457,中橡元大9A購02  ,0,0,0,0,0,0,0,0,0,-15000,0,0,0,50000,65000,-15000,-15000
061075,亞德客兆豐9A購01,0,0,0,0,0,0,0,0,0,-15000,0,0,0,95000,110000,-15000,-15000
061137,晶技統一9B購01  ,0,0,0,0,0,0,0,0,0,-15000,0,0,0,10000,25000,-15000,-15000
060877,華邦電中信02購01,0,0,0,0,0,0,0,0,0,-15000,0,0,0,6000,21000,-15000,-15000
063151,奇鋐元富9B購01  ,0,0,0,0,0,0,0,0,0,-15000,0,0,0,151000,166000,-15000,-15000
063067,緯穎麥證9B購01  ,0,0,0,0,15000,-15000,0,0,0,-15000,0,0,0,0,15000,-15000,-15000
061276,T50反1台新9A購03,0,0,0,0,0,0,0,0,0,-15000,0,0,0,0,15000,-15000,-15000
058950,國巨群益99購06  ,0,0,0,0,0,0,0,0,0,-15000,0,0,0,0,15000,-15000,-15000
064943,聚陽凱基9C購01  ,0,0,0,0,0,0,0,0,0,-15000,0,0,0,5000,20000,-15000,-15000
065225,神隆凱基01購01  ,0,0,0,0,0,0,0,0,0,-15000,0,0,0,0,15000,-15000,-15000
065232,健策凱基02購01  ,0,0,0,0,0,0,0,0,0,-15000,0,0,0,10000,25000,-15000,-15000
064636,臺股指元大9C購22,0,0,0,0,0,0,0,0,0,-15000,0,0,0,0,15000,-15000,-15000
065866,鴻海群益9C購07  ,0,0,0,0,0,0,0,0,0,-15000,0,0,0,7000,22000,-15000,-15000
065428,旺宏凱基03購01  ,0,0,0,0,0,0,0,0,0,-15000,0,0,0,0,15000,-15000,-15000
064571,帆宣群益9C購01  ,0,0,0,0,0,0,0,0,0,-15000,0,0,0,5000,20000,-15000,-15000
06437P,玉晶光國票99售01,0,0,0,0,0,0,0,0,0,-15000,0,0,0,11000,26000,-15000,-15000
063359,泰鼎國泰01購01  ,0,0,0,0,0,0,0,0,0,-15000,0,0,0,23000,38000,-15000,-15000
063802,南茂凱基9C購01  ,0,0,0,0,0,0,0,0,0,-15000,0,0,0,0,15000,-15000,-15000
2427,三商電          ,6000,21000,-15000,0,0,0,0,0,0,0,0,0,0,0,0,0,-15000
4141,龍燈-KY         ,10000,48000,-38000,0,0,0,0,0,0,23000,0,0,0,23000,0,23000,-15000
3703,欣陸            ,52000,75000,-23000,0,0,0,0,0,0,8000,8000,0,8000,0,0,0,-15000
2887E,台新戊特        ,0,0,0,0,0,0,0,16000,-16000,1000,1000,0,1000,0,0,0,-15000
08557P,臺股指中信01售09,0,0,0,0,0,0,0,0,0,-16000,0,0,0,60000,76000,-16000,-16000
08516P,技嘉群益01售02  ,0,0,0,0,0,0,0,0,0,-16000,0,0,0,25000,41000,-16000,-16000
07753P,台灣50元大9C售34,0,0,0,0,0,0,0,0,0,-16000,0,0,0,4000,20000,-16000,-16000
07758P,台積電國票9A售06,0,0,0,0,0,0,0,0,0,-16000,0,0,0,4000,20000,-16000,-16000
07106P,國巨統一9B售05  ,0,0,0,0,0,0,0,0,0,-16000,0,0,0,5000,21000,-16000,-16000
08066P,南亞科凱基9B售04,0,0,0,0,0,0,0,0,0,-16000,0,0,0,24000,40000,-16000,-16000
08095P,大立光元富9B售03,0,0,0,0,0,0,0,0,0,-16000,0,0,0,176000,192000,-16000,-16000
08029P,臺股指元大9B售36,0,0,0,0,0,0,0,0,0,-16000,0,0,0,0,16000,-16000,-16000
066294,嘉基元大01購01  ,0,0,0,0,0,0,0,0,0,-16000,0,0,0,110000,126000,-16000,-16000
057893,亞德客元富98購03,0,0,0,0,0,0,0,0,0,-16000,0,0,0,0,16000,-16000,-16000
058572,百和凱基9A購01  ,0,0,0,0,0,0,0,0,0,-16000,0,0,0,0,16000,-16000,-16000
057620,康控凱基99購01  ,0,0,0,0,0,0,0,0,0,-16000,0,0,0,50000,66000,-16000,-16000
058158,台積電台新99購01,0,0,0,0,0,0,0,0,0,-16000,0,0,0,189000,205000,-16000,-16000
057751,神達國票99購02  ,0,0,0,0,0,0,0,0,0,-16000,0,0,0,16000,32000,-16000,-16000
054470,緯穎國票97購04  ,0,0,0,0,0,0,0,0,0,-16000,0,0,0,0,16000,-16000,-16000
00682U,元大美元指數    ,0,0,0,0,0,0,0,0,0,-16000,0,0,0,0,16000,-16000,-16000
03450B,臺股指元大9C熊23,0,0,0,0,0,0,0,0,0,-16000,0,0,0,0,16000,-16000,-16000
063041,貿聯凱基9B購01  ,0,0,0,0,0,0,0,0,0,-16000,0,0,0,0,16000,-16000,-16000
063256,鴻海國泰01購02  ,0,0,0,0,0,0,0,0,0,-16000,0,0,0,30000,46000,-16000,-16000
059660,華新科元大9A購04,0,0,0,0,0,0,0,0,0,-16000,0,0,0,0,16000,-16000,-16000
060666,聯茂凱基9A購02  ,0,0,0,0,0,0,0,0,0,-16000,0,0,0,0,16000,-16000,-16000
059829,超眾凱基99購05  ,0,0,0,0,0,0,0,0,0,-16000,0,0,0,22000,38000,-16000,-16000
059954,華新科康和99購01,0,0,0,0,0,0,0,0,0,-16000,0,0,0,0,16000,-16000,-16000
058942,南茂中信99購01  ,0,0,0,0,0,0,0,0,0,-16000,0,0,0,0,16000,-16000,-16000
064382,台積電國泰01購01,0,0,0,0,0,0,0,0,0,-16000,0,0,0,25000,41000,-16000,-16000
064303,新光金兆豐01購01,0,0,0,0,0,0,0,0,0,-16000,0,0,0,0,16000,-16000,-16000
064462,致伸統一02購01  ,0,0,0,0,0,0,0,0,0,-16000,0,0,0,4000,20000,-16000,-16000
063972,緯創國票9C購01  ,0,0,0,0,0,0,0,0,0,-16000,0,0,0,38000,54000,-16000,-16000
064231,鴻海統一01購03  ,0,0,0,0,0,0,0,0,0,-16000,0,0,0,52000,68000,-16000,-16000
064232,鴻海統一01購04  ,0,0,0,0,0,0,0,0,0,-16000,0,0,0,25000,41000,-16000,-16000
065568,台積電群益01購04,0,0,0,0,0,0,0,0,0,-16000,0,0,0,145000,161000,-16000,-16000
065818,奇鋐元富9C購01  ,0,0,0,0,0,0,0,0,0,-16000,0,0,0,4000,20000,-16000,-16000
065721,中壽兆豐9C購01  ,0,0,0,0,0,0,0,0,0,-16000,0,0,0,0,16000,-16000,-16000
064635,臺股指元大9C購21,0,0,0,0,0,0,0,0,0,-16000,0,0,0,0,16000,-16000,-16000
064771,貿聯中信01購01  ,0,0,0,0,0,0,0,0,0,-16000,0,0,0,0,16000,-16000,-16000
065186,和大統一02購06  ,0,0,0,0,0,0,0,0,0,-16000,0,0,0,35000,51000,-16000,-16000
065108,建準國票01購01  ,0,0,0,0,0,0,0,0,0,-16000,0,0,0,0,16000,-16000,-16000
065072,和大元大9C購03  ,0,0,0,0,0,0,0,0,0,-16000,0,0,0,52000,68000,-16000,-16000
4989,榮科            ,20000,37000,-17000,0,0,0,0,0,0,1000,1000,0,1000,0,0,0,-16000
2597,潤弘            ,6000,26000,-20000,0,0,0,0,0,0,4000,4000,0,4000,0,0,0,-16000
6136,富爾特          ,3000,22000,-19000,0,0,0,0,0,0,3000,3000,0,3000,0,0,0,-16000
5706,鳳凰            ,1000,17000,-16000,0,0,0,0,0,0,0,0,0,0,0,0,0,-16000
065949,瑞昱統一01購06  ,0,0,0,0,0,0,0,0,0,-17000,0,0,0,655000,672000,-17000,-17000
07300P,臺股指元大9A售33,0,0,0,0,0,0,0,0,0,-17000,0,0,0,0,17000,-17000,-17000
08592P,聯發科凱基01售06,0,0,0,0,0,0,0,0,0,-17000,0,0,0,288000,305000,-17000,-17000
1104,環泥            ,124000,142000,-18000,0,0,0,0,0,0,1000,1000,0,1000,0,0,0,-17000
1528,恩德            ,7000,25000,-18000,0,0,0,0,0,0,1000,1000,0,1000,0,0,0,-17000
00771,元大US高息特別股,1000,1000,0,0,0,0,0,0,0,-17000,44000,0,44000,0,61000,-61000,-17000
057856,聯鈞國票99購03  ,0,0,0,0,0,0,0,0,0,-17000,0,0,0,0,17000,-17000,-17000
058722,台郡元富99購01  ,0,0,0,0,0,0,0,0,0,-17000,0,0,0,3000,20000,-17000,-17000
061935,台積電國票9B購07,0,0,0,0,0,0,0,0,0,-17000,0,0,0,20000,37000,-17000,-17000
062016,美食永豐9B購01  ,0,0,0,0,0,0,0,0,0,-17000,0,0,0,0,17000,-17000,-17000
061742,奇鋐凱基9B購01  ,0,0,0,0,0,0,0,0,0,-17000,0,0,0,148000,165000,-17000,-17000
058497,新日興群益9B購01,0,0,0,0,0,0,0,0,0,-17000,0,0,0,0,17000,-17000,-17000
058474,鴻海凱基9A購06  ,0,0,0,0,0,0,0,0,0,-17000,0,0,0,70000,87000,-17000,-17000
062700,台光電元大9B購05,0,0,0,0,0,0,0,0,0,-17000,0,0,0,26000,43000,-17000,-17000
062415,聯茂中信9C購01  ,0,0,0,0,0,0,0,0,0,-17000,0,0,0,3000,20000,-17000,-17000
062350,台表科群益9B購01,0,0,0,0,0,0,0,0,0,-17000,0,0,0,103000,120000,-17000,-17000
061851,智邦國票9B購01  ,0,0,0,0,0,0,0,0,0,-17000,0,0,0,6000,23000,-17000,-17000
060244,大立光元大9B購02,0,0,0,0,0,0,0,0,0,-17000,0,0,0,52000,69000,-17000,-17000
060871,台灣50中信01購03,0,0,0,0,0,0,0,0,0,-17000,0,0,0,2000,19000,-17000,-17000
060874,中鋼中信02購01  ,0,0,0,0,0,0,0,0,0,-17000,0,0,0,10000,27000,-17000,-17000
061125,億光永豐9A購01  ,0,0,0,0,0,0,0,0,0,-17000,0,0,0,85000,102000,-17000,-17000
060552,群創凱基9B購05  ,0,0,0,0,0,0,0,0,0,-17000,0,0,0,20000,37000,-17000,-17000
060105,牧德元大9B購01  ,0,0,0,0,0,0,0,0,0,-17000,0,0,0,23000,40000,-17000,-17000
063029,喬山凱基9B購01  ,0,0,0,0,0,0,0,0,0,-17000,0,0,0,50000,67000,-17000,-17000
064950,美律凱基02購01  ,0,0,0,0,0,0,0,0,0,-17000,0,0,0,0,17000,-17000,-17000
065187,聯發科統一02購02,0,0,0,0,0,0,0,0,0,-17000,0,0,0,0,17000,-17000,-17000
065840,國巨元大03購01  ,0,0,0,0,0,0,0,0,0,-17000,0,0,0,0,17000,-17000,-17000
065740,聯發科麥證9C購05,0,0,0,0,17000,-17000,0,0,0,-17000,0,0,0,0,17000,-17000,-17000
064256,玉晶光國泰02購02,0,0,0,0,0,0,0,0,0,-17000,0,0,0,100000,117000,-17000,-17000
064286,TPK元大9C購02   ,0,0,0,0,0,0,0,0,0,-17000,0,0,0,6000,23000,-17000,-17000
063936,道瓊反元大9C購02,0,0,0,0,0,0,0,0,0,-17000,0,0,0,0,17000,-17000,-17000
063942,台積電元大01購03,0,0,0,0,0,0,0,0,0,-17000,0,0,0,3000,20000,-17000,-17000
6152,百一            ,5000,22000,-17000,0,0,0,0,0,0,0,0,0,0,0,0,0,-17000
1718,中纖            ,213000,231000,-18000,0,0,0,0,0,0,1000,1000,0,1000,0,0,0,-17000
4540,全球傳動        ,9000,27000,-18000,0,0,0,0,0,0,1000,1000,0,1000,0,0,0,-17000
3167,大量            ,10000,27000,-17000,0,0,0,0,0,0,0,0,0,0,0,0,0,-17000
1531,高林股          ,0,21000,-21000,0,0,0,0,0,0,3000,3000,0,3000,0,0,0,-18000
1437,勤益控          ,3000,21000,-18000,0,0,0,0,0,0,0,0,0,0,0,0,0,-18000
08441P,同欣電元富9C售01,0,0,0,0,0,0,0,0,0,-18000,0,0,0,32000,50000,-18000,-18000
07818P,台積電國票9C售01,0,0,0,0,0,0,0,0,0,-18000,0,0,0,200000,218000,-18000,-18000
07899P,和大凱基9B售01  ,0,0,0,0,0,0,0,0,0,-18000,0,0,0,0,18000,-18000,-18000
08111P,臺股指中信01售06,0,0,0,0,0,0,0,0,0,-18000,0,0,0,59000,77000,-18000,-18000
065970,燿華元大02購01  ,0,0,0,0,0,0,0,0,0,-18000,0,0,0,50000,68000,-18000,-18000
066156,建準康和01購01  ,0,0,0,0,0,0,0,0,0,-18000,0,0,0,0,18000,-18000,-18000
066049,奇鋐元大02購01  ,0,0,0,0,0,0,0,0,0,-18000,0,0,0,283000,301000,-18000,-18000
066034,南六群益02購02  ,0,0,0,0,0,0,0,0,0,-18000,0,0,0,80000,98000,-18000,-18000
066256,華通元大02購02  ,0,0,0,0,0,0,0,0,0,-18000,0,0,0,0,18000,-18000,-18000
066433,南六元大02購01  ,0,0,0,0,0,0,0,0,0,-18000,0,0,0,146000,164000,-18000,-18000
066560,聯鈞元大01購04  ,0,0,0,0,0,0,0,0,0,-18000,0,0,0,4000,22000,-18000,-18000
07028P,大立光群益99售06,0,0,0,0,0,0,0,0,0,-18000,0,0,0,0,18000,-18000,-18000
066962,致新元大01購02  ,0,0,0,0,0,0,0,0,0,-18000,0,0,0,0,18000,-18000,-18000
066957,健策元大01購06  ,0,0,0,0,0,0,0,0,0,-18000,0,0,0,17000,35000,-18000,-18000
058515,健鼎元大99購01  ,0,0,0,0,0,0,0,0,0,-18000,0,0,0,2000,20000,-18000,-18000
057919,技嘉凱基98購03  ,0,0,0,0,0,0,0,0,0,-18000,0,0,0,32000,50000,-18000,-18000
061939,中租國票9B購01  ,0,0,0,0,0,0,0,0,0,-18000,0,0,0,0,18000,-18000,-18000
057445,華通元富02購01  ,0,0,0,0,0,0,0,0,0,-18000,0,0,0,25000,43000,-18000,-18000
057277,可成元大98購05  ,0,0,0,0,0,0,0,0,0,-18000,0,0,0,50000,68000,-18000,-18000
057767,緯穎凱基98購06  ,0,0,0,0,0,0,0,0,0,-18000,0,0,0,42000,60000,-18000,-18000
063015,微星元大9B購01  ,0,0,0,0,0,0,0,0,0,-18000,0,0,0,3000,21000,-18000,-18000
061213,群創元大9A購05  ,0,0,0,0,0,0,0,0,0,-18000,0,0,0,0,18000,-18000,-18000
060987,華新科元大9A購11,0,0,0,0,0,0,0,0,0,-18000,0,0,0,78000,96000,-18000,-18000
060981,旺宏元大9A購08  ,0,0,0,0,0,0,0,0,0,-18000,0,0,0,50000,68000,-18000,-18000
060305,得力永豐9A購01  ,0,0,0,0,0,0,0,0,0,-18000,0,0,0,10000,28000,-18000,-18000
059124,台積電第一03購01,0,0,0,0,0,0,0,0,0,-18000,0,0,0,0,18000,-18000,-18000
061868,旺宏元大9B購03  ,0,0,0,0,0,0,0,0,0,-18000,0,0,0,50000,68000,-18000,-18000
062530,大立光統一01購03,0,0,0,0,0,0,0,0,0,-18000,0,0,0,0,18000,-18000,-18000
059277,群創元大99購05  ,0,0,0,0,0,0,0,0,0,-18000,0,0,0,20000,38000,-18000,-18000
059283,康友永豐99購02  ,0,0,0,0,0,0,0,0,0,-18000,0,0,0,2000,20000,-18000,-18000
063641,泰鼎元大9B購04  ,0,0,0,0,0,0,0,0,0,-18000,0,0,0,14000,32000,-18000,-18000
063597,健策中信9B購02  ,0,0,0,0,0,0,0,0,0,-18000,0,0,0,0,18000,-18000,-18000
063574,茂林元大9B購07  ,0,0,0,0,0,0,0,0,0,-18000,0,0,0,82000,100000,-18000,-18000
064177,立積國泰01購01  ,0,0,0,0,0,0,0,0,0,-18000,0,0,0,1000,19000,-18000,-18000
064002,仁寶凱基9C購01  ,0,0,0,0,0,0,0,0,0,-18000,0,0,0,10000,28000,-18000,-18000
064566,大立光群益9C購04,0,0,0,0,0,0,0,0,0,-18000,0,0,0,0,18000,-18000,-18000
064550,南茂凱基01購01  ,0,0,0,0,0,0,0,0,0,-18000,0,0,0,0,18000,-18000,-18000
065766,南電元大9C購08  ,0,0,0,0,0,0,0,0,0,-18000,0,0,0,50000,68000,-18000,-18000
065647,健鼎元大9C購05  ,0,0,0,0,0,0,0,0,0,-18000,0,0,0,182000,200000,-18000,-18000
065598,微星元大01購02  ,0,0,0,0,0,0,0,0,0,-18000,0,0,0,79000,97000,-18000,-18000
065429,微星凱基02購02  ,0,0,0,0,0,0,0,0,0,-18000,0,0,0,0,18000,-18000,-18000
065432,景碩凱基9C購03  ,0,0,0,0,0,0,0,0,0,-18000,0,0,0,58000,76000,-18000,-18000
065303,國泰金元富9C購01,0,0,0,0,0,0,0,0,0,-18000,0,0,0,64000,82000,-18000,-18000
064782,健策群益9C購02  ,0,0,0,0,0,0,0,0,0,-18000,0,0,0,30000,48000,-18000,-18000
2328,廣宇            ,364000,386000,-22000,0,0,0,0,0,0,4000,4000,0,4000,0,0,0,-18000
8463,潤泰材          ,8000,28000,-20000,0,0,0,0,0,0,2000,2000,0,2000,0,0,0,-18000
066401,智伸科凱基01購02,0,0,0,0,0,0,0,0,0,-19000,0,0,0,0,19000,-19000,-19000
066116,宏達電兆豐01購01,0,0,0,0,0,0,0,0,0,-19000,0,0,0,0,19000,-19000,-19000
08371P,京元電凱基9C售01,0,0,0,0,0,0,0,0,0,-19000,0,0,0,82000,101000,-19000,-19000
08634P,大立光元大9C售26,0,0,0,0,0,0,0,0,0,-19000,0,0,0,31000,50000,-19000,-19000
08658P,聯發科統一9C售19,0,0,0,0,0,0,0,0,0,-19000,0,0,0,45000,64000,-19000,-19000
057669,嘉晶元大99購03  ,0,0,0,0,0,0,0,0,0,-19000,0,0,0,0,19000,-19000,-19000
00641R,富邦日本反1     ,3000,8000,-5000,0,0,0,0,0,0,-14000,0,0,0,169000,183000,-14000,-19000
056705,超眾國泰99購01  ,0,0,0,0,0,0,0,0,0,-19000,0,0,0,0,19000,-19000,-19000
058022,樺漢凱基99購02  ,0,0,0,0,0,0,0,0,0,-19000,0,0,0,1000,20000,-19000,-19000
062645,國巨國泰9B購08  ,0,0,0,0,0,0,0,0,0,-19000,0,0,0,84000,103000,-19000,-19000
059864,亞德客凱基99購01,0,0,0,0,0,0,0,0,0,-19000,0,0,0,2000,21000,-19000,-19000
060643,牧德永豐9A購03  ,0,0,0,0,0,0,0,0,0,-19000,0,0,0,0,19000,-19000,-19000
060014,中鋼康和99購01  ,0,0,0,0,0,0,0,0,0,-19000,0,0,0,0,19000,-19000,-19000
060028,國揚永豐99購01  ,0,0,0,0,0,0,0,0,0,-19000,0,0,0,104000,123000,-19000,-19000
059067,上銀國票9A購02  ,0,0,0,0,0,0,0,0,0,-19000,0,0,0,5000,24000,-19000,-19000
061077,國巨兆豐9B購01  ,0,0,0,0,0,0,0,0,0,-19000,0,0,0,1000,20000,-19000,-19000
060909,金像電元大9B購01,0,0,0,0,0,0,0,0,0,-19000,0,0,0,132000,151000,-19000,-19000
060926,宏達電永豐9A購01,0,0,0,0,0,0,0,0,0,-19000,0,0,0,11000,30000,-19000,-19000
063083,聯發科凱基01購02,0,0,0,0,0,0,0,0,0,-19000,0,0,0,24000,43000,-19000,-19000
065456,義隆元富9C購03  ,0,0,0,0,0,0,0,0,0,-19000,0,0,0,101000,120000,-19000,-19000
06448P,華通元大99售01  ,0,0,0,0,0,0,0,0,0,-19000,0,0,0,126000,145000,-19000,-19000
9946,三發地產        ,0,19000,-19000,0,0,0,0,0,0,0,0,0,0,0,0,0,-19000
2227,裕日車          ,8000,28000,-20000,0,0,0,0,0,0,1000,1000,0,1000,0,0,0,-19000
2362,藍天            ,84000,103000,-19000,0,0,0,0,0,0,0,0,0,0,0,0,0,-19000
2545,皇翔            ,13000,42000,-29000,0,0,0,0,0,0,10000,10000,0,10000,0,0,0,-19000
2467,志聖            ,44000,64000,-20000,0,0,0,0,0,0,1000,1000,0,1000,0,0,0,-19000
5243,乙盛-KY         ,102000,121000,-19000,0,0,0,0,0,0,0,0,0,0,0,0,0,-19000
08660P,台灣50麥證9C售02,0,0,0,0,20000,-20000,0,0,0,-20000,0,0,0,0,20000,-20000,-20000
08641P,台灣50群益9C售08,0,0,0,0,0,0,0,0,0,-20000,0,0,0,0,20000,-20000,-20000
08347P,大立光元大9C售16,0,0,0,0,0,0,0,0,0,-20000,0,0,0,6000,26000,-20000,-20000
08286P,大立光凱基9C售04,0,0,0,0,0,0,0,0,0,-20000,0,0,0,0,20000,-20000,-20000
08106P,聯發科統一9B售09,0,0,0,0,0,0,0,0,0,-20000,0,0,0,0,20000,-20000,-20000
08144P,臺股指凱基02售03,0,0,0,0,0,0,0,0,0,-20000,0,0,0,0,20000,-20000,-20000
08145P,台灣50群益9B售11,0,0,0,0,0,0,0,0,0,-20000,0,0,0,20000,40000,-20000,-20000
08240P,華通中信06售03  ,0,0,0,0,0,0,0,0,0,-20000,0,0,0,0,20000,-20000,-20000
08191P,鴻海台新9B售03  ,0,0,0,0,0,0,0,0,0,-20000,0,0,0,0,20000,-20000,-20000
08174P,國巨統一9B售17  ,0,0,0,0,0,0,0,0,0,-20000,0,0,0,0,20000,-20000,-20000
08007P,國泰金中信03售02,0,0,0,0,0,0,0,0,0,-20000,0,0,0,0,20000,-20000,-20000
08054P,臺股指國票9B售19,0,0,0,0,0,0,0,0,0,-20000,0,0,0,40000,60000,-20000,-20000
07303P,臺股指元大9A售36,0,0,0,0,0,0,0,0,0,-20000,0,0,0,150000,170000,-20000,-20000
07352P,台積電國票99售11,0,0,0,0,0,0,0,0,0,-20000,0,0,0,10000,30000,-20000,-20000
07414P,台積電元大99售51,0,0,0,0,0,0,0,0,0,-20000,0,0,0,1500000,1520000,-20000,-20000
07763P,嘉澤永豐9A售02  ,0,0,0,0,0,0,0,0,0,-20000,0,0,0,0,20000,-20000,-20000
07568P,鴻海凱基9A售22  ,0,0,0,0,0,0,0,0,0,-20000,0,0,0,0,20000,-20000,-20000
066170,聯陽凱基01購01  ,0,0,0,0,0,0,0,0,0,-20000,0,0,0,81000,101000,-20000,-20000
066152,大立光麥證01購03,0,0,0,0,20000,-20000,0,0,0,-20000,0,0,0,0,20000,-20000,-20000
066038,台積電元大01購07,0,0,0,0,0,0,0,0,0,-20000,0,0,0,0,20000,-20000,-20000
066052,景碩元大02購01  ,0,0,0,0,0,0,0,0,0,-20000,0,0,0,9000,29000,-20000,-20000
066062,同欣電元大01購02,0,0,0,0,0,0,0,0,0,-20000,0,0,0,20000,40000,-20000,-20000
066058,TPK元大01購02   ,0,0,0,0,0,0,0,0,0,-20000,0,0,0,51000,71000,-20000,-20000
065948,燿華統一01購02  ,0,0,0,0,0,0,0,0,0,-20000,0,0,0,40000,60000,-20000,-20000
066399,聯鈞凱基01購02  ,0,0,0,0,0,0,0,0,0,-20000,0,0,0,0,20000,-20000,-20000
066415,台積電元大01購11,0,0,0,0,0,0,0,0,0,-20000,0,0,0,0,20000,-20000,-20000
066257,台積電元大01購09,0,0,0,0,0,0,0,0,0,-20000,0,0,0,0,20000,-20000,-20000
066311,生達永豐01購01  ,0,0,0,0,0,0,0,0,0,-20000,0,0,0,0,20000,-20000,-20000
066864,上証2X元富07購02,0,0,0,0,0,0,0,0,0,-20000,0,0,0,0,20000,-20000,-20000
066860,健策國票02購02  ,0,0,0,0,0,0,0,0,0,-20000,0,0,0,0,20000,-20000,-20000
066821,臺指反群益01購03,0,0,0,0,0,0,0,0,0,-20000,0,0,0,0,20000,-20000,-20000
066537,全新兆豐01購01  ,0,0,0,0,0,0,0,0,0,-20000,0,0,0,0,20000,-20000,-20000
066797,台積電凱基02購09,0,0,0,0,0,0,0,0,0,-20000,0,0,0,0,20000,-20000,-20000
056947,國巨統一9A購01  ,0,0,0,0,0,0,0,0,0,-20000,0,0,0,1000,21000,-20000,-20000
056919,英業達兆豐98購01,0,0,0,0,0,0,0,0,0,-20000,0,0,0,0,20000,-20000,-20000
056917,國巨兆豐98購03  ,0,0,0,0,0,0,0,0,0,-20000,0,0,0,0,20000,-20000,-20000
056925,群創兆豐98購03  ,0,0,0,0,0,0,0,0,0,-20000,0,0,0,0,20000,-20000,-20000
057223,富邦金日盛99購01,0,0,0,0,0,0,0,0,0,-20000,0,0,0,0,20000,-20000,-20000
057196,茂林台新98購01  ,0,0,0,0,0,0,0,0,0,-20000,0,0,0,0,20000,-20000,-20000
056707,鴻海富邦99購03  ,0,0,0,0,0,0,0,0,0,-20000,0,0,0,0,20000,-20000,-20000
056739,美律凱基98購04  ,0,0,0,0,0,0,0,0,0,-20000,0,0,0,0,20000,-20000,-20000
057878,台郡元大99購04  ,0,0,0,0,0,0,0,0,0,-20000,0,0,0,17000,37000,-20000,-20000
058494,可成群益9B購01  ,0,0,0,0,0,0,0,0,0,-20000,0,0,0,11000,31000,-20000,-20000
058401,華航元大9A購01  ,0,0,0,0,0,0,0,0,0,-20000,0,0,0,10000,30000,-20000,-20000
058338,康友元富99購01  ,0,0,0,0,0,0,0,0,0,-20000,0,0,0,50000,70000,-20000,-20000
058342,鴻海群益9A購01  ,0,0,0,0,0,0,0,0,0,-20000,0,0,0,66000,86000,-20000,-20000
057284,新日興元大98購03,0,0,0,0,0,0,0,0,0,-20000,0,0,0,0,20000,-20000,-20000
057004,滬深反中信9A購01,0,0,0,0,0,0,0,0,0,-20000,0,0,0,0,20000,-20000,-20000
058080,台積電群益98購06,0,0,0,0,0,0,0,0,0,-20000,0,0,0,5000,25000,-20000,-20000
058075,貿聯凱基99購02  ,0,0,0,0,0,0,0,0,0,-20000,0,0,0,0,20000,-20000,-20000
057455,景碩國泰99購01  ,0,0,0,0,0,0,0,0,0,-20000,0,0,0,0,20000,-20000,-20000
057596,聯茂兆豐99購01  ,0,0,0,0,0,0,0,0,0,-20000,0,0,0,0,20000,-20000,-20000
057580,玉山金中信9A購01,0,0,0,0,0,0,0,0,0,-20000,0,0,0,20000,40000,-20000,-20000
061970,大立光統一9C購03,0,0,0,0,0,0,0,0,0,-20000,0,0,0,0,20000,-20000,-20000
061684,T50反1群益9A購06,0,0,0,0,0,0,0,0,0,-20000,0,0,0,0,20000,-20000,-20000
061715,牧德凱基9B購03  ,0,0,0,0,0,0,0,0,0,-20000,0,0,0,0,20000,-20000,-20000
054158,國巨日盛99購01  ,0,0,0,0,0,0,0,0,0,-20000,0,0,0,0,20000,-20000,-20000
052777,燿華國票98購01  ,0,0,0,0,0,0,0,0,0,-20000,0,0,0,0,20000,-20000,-20000
053868,群創元大99購02  ,0,0,0,0,0,0,0,0,0,-20000,0,0,0,0,20000,-20000,-20000
056649,智易凱基98購01  ,0,0,0,0,0,0,0,0,0,-20000,0,0,0,0,20000,-20000,-20000
054368,鴻海中信9A購02  ,0,0,0,0,0,0,0,0,0,-20000,0,0,0,0,20000,-20000,-20000
056618,京元電永豐98購01,0,0,0,0,0,0,0,0,0,-20000,0,0,0,0,20000,-20000,-20000
056523,光寶科中信98購01,0,0,0,0,0,0,0,0,0,-20000,0,0,0,0,20000,-20000,-20000
056526,力山凱基98購01  ,0,0,0,0,0,0,0,0,0,-20000,0,0,0,0,20000,-20000,-20000
056543,京鼎凱基98購01  ,0,0,0,0,0,0,0,0,0,-20000,0,0,0,30000,50000,-20000,-20000
056488,致新元大99購01  ,0,0,0,0,0,0,0,0,0,-20000,0,0,0,0,20000,-20000,-20000
057729,華新科國泰99購04,0,0,0,0,0,0,0,0,0,-20000,0,0,0,0,20000,-20000,-20000
057768,華新科中信9A購01,0,0,0,0,0,0,0,0,0,-20000,0,0,0,0,20000,-20000,-20000
057674,台郡元大99購03  ,0,0,0,0,0,0,0,0,0,-20000,0,0,0,0,20000,-20000,-20000
058681,大立光康和9B購01,0,0,0,0,0,0,0,0,0,-20000,0,0,0,0,20000,-20000,-20000
056326,TPK兆豐98購01   ,0,0,0,0,0,0,0,0,0,-20000,0,0,0,0,20000,-20000,-20000
056333,台積電日盛9B購01,0,0,0,0,0,0,0,0,0,-20000,0,0,0,67000,87000,-20000,-20000
05629P,聯發科永昌99售02,0,0,0,0,0,0,0,0,0,-20000,0,0,0,0,20000,-20000,-20000
056242,緯創群益9A購01  ,0,0,0,0,0,0,0,0,0,-20000,0,0,0,0,20000,-20000,-20000
055911,可成凱基98購02  ,0,0,0,0,0,0,0,0,0,-20000,0,0,0,0,20000,-20000,-20000
054634,FB上証中信99購01,0,0,0,0,0,0,0,0,0,-20000,0,0,0,0,20000,-20000,-20000
056020,義隆群益97購01  ,0,0,0,0,0,0,0,0,0,-20000,0,0,0,0,20000,-20000,-20000
055438,鴻海國票98購01  ,0,0,0,0,0,0,0,0,0,-20000,0,0,0,110000,130000,-20000,-20000
056450,可成凱基98購05  ,0,0,0,0,0,0,0,0,0,-20000,0,0,0,0,20000,-20000,-20000
056453,禾伸堂凱基99購02,0,0,0,0,0,0,0,0,0,-20000,0,0,0,0,20000,-20000,-20000
055570,華通統一98購03  ,0,0,0,0,0,0,0,0,0,-20000,0,0,0,4000,24000,-20000,-20000
063028,巨大元大9B購02  ,0,0,0,0,0,0,0,0,0,-20000,0,0,0,0,20000,-20000,-20000
063031,鴻海凱基9C購01  ,0,0,0,0,0,0,0,0,0,-20000,0,0,0,16000,36000,-20000,-20000
063248,創意元大9C購01  ,0,0,0,0,0,0,0,0,0,-20000,0,0,0,0,20000,-20000,-20000
060904,臺指反元大9C購07,0,0,0,0,0,0,0,0,0,-20000,0,0,0,0,20000,-20000,-20000
062793,鴻海統一9B購06  ,0,0,0,0,0,0,0,0,0,-20000,0,0,0,0,20000,-20000,-20000
062900,台積電元大9B購04,0,0,0,0,0,0,0,0,0,-20000,0,0,0,0,20000,-20000,-20000
062901,台積電元大9B購05,0,0,0,0,0,0,0,0,0,-20000,0,0,0,0,20000,-20000,-20000
062895,道瓊銀元大9C購01,0,0,0,0,0,0,0,0,0,-20000,0,0,0,0,20000,-20000,-20000
061223,T50反1中信01購01,0,0,0,0,0,0,0,0,0,-20000,0,0,0,0,20000,-20000,-20000
058983,旺宏凱基99購05  ,0,0,0,0,0,0,0,0,0,-20000,0,0,0,0,20000,-20000,-20000
058981,國巨凱基99購10  ,0,0,0,0,0,0,0,0,0,-20000,0,0,0,0,20000,-20000,-20000
059020,元油2X統一9B購02,0,0,0,0,0,0,0,0,0,-20000,0,0,0,0,20000,-20000,-20000
060966,台表科凱基9B購01,0,0,0,0,0,0,0,0,0,-20000,0,0,0,0,20000,-20000,-20000
060855,華新科富邦01購01,0,0,0,0,0,0,0,0,0,-20000,0,0,0,0,20000,-20000,-20000
060551,大立光凱基9B購02,0,0,0,0,0,0,0,0,0,-20000,0,0,0,0,20000,-20000,-20000
060504,技嘉元大9A購02  ,0,0,0,0,0,0,0,0,0,-20000,0,0,0,0,20000,-20000,-20000
060801,滬深2X中信01購01,0,0,0,0,0,0,0,0,0,-20000,0,0,0,0,20000,-20000,-20000
060145,牧德國票9A購02  ,0,0,0,0,0,0,0,0,0,-20000,0,0,0,1000,21000,-20000,-20000
059088,台積電元大99購27,0,0,0,0,0,0,0,0,0,-20000,0,0,0,1000,21000,-20000,-20000
059648,台表科凱基99購03,0,0,0,0,0,0,0,0,0,-20000,0,0,0,0,20000,-20000,-20000
059722,南亞科元大99購02,0,0,0,0,0,0,0,0,0,-20000,0,0,0,11000,31000,-20000,-20000
060039,大立光國票99購04,0,0,0,0,0,0,0,0,0,-20000,0,0,0,50000,70000,-20000,-20000
060281,卜蜂元大9C購01  ,0,0,0,0,0,0,0,0,0,-20000,0,0,0,0,20000,-20000,-20000
060402,神隆國泰9B購01  ,0,0,0,0,0,0,0,0,0,-20000,0,0,0,48000,68000,-20000,-20000
060604,宏達電凱基9B購01,0,0,0,0,0,0,0,0,0,-20000,0,0,0,81000,101000,-20000,-20000
059844,大立光富邦9C購04,0,0,0,0,0,0,0,0,0,-20000,0,0,0,10000,30000,-20000,-20000
059755,宏達電國泰9A購01,0,0,0,0,0,0,0,0,0,-20000,0,0,0,13000,33000,-20000,-20000
059756,奇力新富邦9C購01,0,0,0,0,0,0,0,0,0,-20000,0,0,0,0,20000,-20000,-20000
059901,滬深2X元大9C購07,0,0,0,0,0,0,0,0,0,-20000,0,0,0,0,20000,-20000,-20000
059869,友達凱基99購07  ,0,0,0,0,0,0,0,0,0,-20000,0,0,0,0,20000,-20000,-20000
062513,玉晶光國票9C購01,0,0,0,0,0,0,0,0,0,-20000,0,0,0,3000,23000,-20000,-20000
062200,臺指反國票03購01,0,0,0,0,0,0,0,0,0,-20000,0,0,0,0,20000,-20000,-20000
060697,鴻海國泰9C購01  ,0,0,0,0,0,0,0,0,0,-20000,0,0,0,14000,34000,-20000,-20000
061540,台積電群益9A購07,0,0,0,0,0,0,0,0,0,-20000,0,0,0,1000,21000,-20000,-20000
059284,緯穎永豐99購03  ,0,0,0,0,0,0,0,0,0,-20000,0,0,0,10000,30000,-20000,-20000
059293,宏達電元富9B購01,0,0,0,0,0,0,0,0,0,-20000,0,0,0,30000,50000,-20000,-20000
059254,台表科凱基9A購02,0,0,0,0,0,0,0,0,0,-20000,0,0,0,0,20000,-20000,-20000
059571,奇力新凱基99購06,0,0,0,0,0,0,0,0,0,-20000,0,0,0,0,20000,-20000,-20000
059535,玉山金凱基99購01,0,0,0,0,0,0,0,0,0,-20000,0,0,0,0,20000,-20000,-20000
059519,台郡永豐99購01  ,0,0,0,0,0,0,0,0,0,-20000,0,0,0,0,20000,-20000,-20000
062667,立積群益9B購01  ,0,0,0,0,0,0,0,0,0,-20000,0,0,0,20000,40000,-20000,-20000
062673,台新金中信03購01,0,0,0,0,0,0,0,0,0,-20000,0,0,0,0,20000,-20000,-20000
058911,茂林元大99購04  ,0,0,0,0,0,0,0,0,0,-20000,0,0,0,37000,57000,-20000,-20000
059166,友達凱基99購05  ,0,0,0,0,0,0,0,0,0,-20000,0,0,0,0,20000,-20000,-20000
064312,大立光群益01購01,0,0,0,0,0,0,0,0,0,-20000,0,0,0,0,20000,-20000,-20000
064339,大立光元大01購01,0,0,0,0,0,0,0,0,0,-20000,0,0,0,0,20000,-20000,-20000
064363,聯發科統一9C購14,0,0,0,0,0,0,0,0,0,-20000,0,0,0,35000,55000,-20000,-20000
064035,GIS元大9C購03   ,0,0,0,0,0,0,0,0,0,-20000,0,0,0,0,20000,-20000,-20000
063981,貿聯兆豐9C購01  ,0,0,0,0,0,0,0,0,0,-20000,0,0,0,0,20000,-20000,-20000
063992,大立光中信9C購03,0,0,0,0,0,0,0,0,0,-20000,0,0,0,70000,90000,-20000,-20000
064110,國巨國票01購01  ,0,0,0,0,0,0,0,0,0,-20000,0,0,0,8000,28000,-20000,-20000
064254,景碩台新9C購02  ,0,0,0,0,0,0,0,0,0,-20000,0,0,0,0,20000,-20000,-20000
064247,廣達元富9C購01  ,0,0,0,0,0,0,0,0,0,-20000,0,0,0,257000,277000,-20000,-20000
063523,微星凱基9B購03  ,0,0,0,0,0,0,0,0,0,-20000,0,0,0,10000,30000,-20000,-20000
063311,喬山群益9B購01  ,0,0,0,0,0,0,0,0,0,-20000,0,0,0,0,20000,-20000,-20000
063605,健策凱基9C購02  ,0,0,0,0,0,0,0,0,0,-20000,0,0,0,18000,38000,-20000,-20000
063699,國巨群益9B購07  ,0,0,0,0,0,0,0,0,0,-20000,0,0,0,0,20000,-20000,-20000
063719,T50反1元大9B購11,0,0,0,0,0,0,0,0,0,-20000,0,0,0,0,20000,-20000,-20000
063903,國巨麥證01購01  ,0,0,0,0,20000,-20000,0,0,0,-20000,0,0,0,0,20000,-20000,-20000
065572,泰碩群益01購01  ,0,0,0,0,0,0,0,0,0,-20000,0,0,0,18000,38000,-20000,-20000
065273,南電元大9C購06  ,0,0,0,0,0,0,0,0,0,-20000,0,0,0,0,20000,-20000,-20000
065409,鴻海永豐9C購01  ,0,0,0,0,0,0,0,0,0,-20000,0,0,0,9000,29000,-20000,-20000
065725,技嘉凱基9C購03  ,0,0,0,0,0,0,0,0,0,-20000,0,0,0,107000,127000,-20000,-20000
064702,百和群益01購01  ,0,0,0,0,0,0,0,0,0,-20000,0,0,0,0,20000,-20000,-20000
065200,健策元富9C購04  ,0,0,0,0,0,0,0,0,0,-20000,0,0,0,30000,50000,-20000,-20000
065089,大立光元大9C購23,0,0,0,0,0,0,0,0,0,-20000,0,0,0,0,20000,-20000,-20000
064923,牧德統一02購01  ,0,0,0,0,0,0,0,0,0,-20000,0,0,0,0,20000,-20000,-20000
2476,鉅祥            ,21000,41000,-20000,0,0,0,0,0,0,0,0,0,0,0,0,0,-20000
8422,可寧衛          ,48000,68000,-20000,0,0,0,0,0,0,0,0,0,0,0,0,0,-20000
066732,可成元大01購06  ,0,0,0,0,0,0,0,0,0,-21000,0,0,0,30000,51000,-21000,-21000
07045P,上銀國票9A售01  ,0,0,0,0,0,0,0,0,0,-21000,0,0,0,8000,29000,-21000,-21000
066186,台郡凱基02購01  ,0,0,0,0,0,0,0,0,0,-21000,0,0,0,48000,69000,-21000,-21000
065898,神基麥證9C購01  ,0,0,0,36000,47000,-11000,0,0,0,-21000,0,0,0,36000,57000,-21000,-21000
07617P,聯發科中信9C售04,0,0,0,0,0,0,0,0,0,-21000,0,0,0,0,21000,-21000,-21000
08132P,南六元大9B售05  ,0,0,0,0,0,0,0,0,0,-21000,0,0,0,115000,136000,-21000,-21000
08616P,聯發科元富9C售02,0,0,0,0,0,0,0,0,0,-21000,0,0,0,61000,82000,-21000,-21000
1514,亞力            ,151000,172000,-21000,0,0,0,0,0,0,0,0,0,0,0,0,0,-21000
1708,東鹼            ,116000,142000,-26000,0,0,0,0,0,0,5000,5000,0,5000,0,0,0,-21000
056413,上証反中信9A購01,0,0,0,0,0,0,0,0,0,-21000,0,0,0,0,21000,-21000,-21000
058783,臺股指國票99購02,0,0,0,0,0,0,0,0,0,-21000,0,0,0,19000,40000,-21000,-21000
057566,欣興富邦99購01  ,0,0,0,0,0,0,0,0,0,-21000,0,0,0,18000,39000,-21000,-21000
057069,台積電永豐98購02,0,0,0,0,0,0,0,0,0,-21000,0,0,0,80000,101000,-21000,-21000
058496,文曄群益99購01  ,0,0,0,0,0,0,0,0,0,-21000,0,0,0,0,21000,-21000,-21000
057239,貿聯凱基98購05  ,0,0,0,0,0,0,0,0,0,-21000,0,0,0,9000,30000,-21000,-21000
059169,可成凱基99購04  ,0,0,0,0,0,0,0,0,0,-21000,0,0,0,1000,22000,-21000,-21000
059513,揚明光永豐99購01,0,0,0,0,0,0,0,0,0,-21000,0,0,0,0,21000,-21000,-21000
062310,南亞科凱基9B購02,0,0,0,0,0,0,0,0,0,-21000,0,0,0,0,21000,-21000,-21000
062088,緯穎元大9B購04  ,0,0,0,0,0,0,0,0,0,-21000,0,0,0,19000,40000,-21000,-21000
060567,華擎富邦9C購01  ,0,0,0,0,0,0,0,0,0,-21000,0,0,0,40000,61000,-21000,-21000
059053,鴻海凱基99購07  ,0,0,0,0,0,0,0,0,0,-21000,0,0,0,15000,36000,-21000,-21000
064921,景碩統一02購01  ,0,0,0,0,0,0,0,0,0,-21000,0,0,0,0,21000,-21000,-21000
065660,晶豪科永豐9C購01,0,0,0,0,0,0,0,0,0,-21000,0,0,0,18000,39000,-21000,-21000
065846,華新科元大03購01,0,0,0,0,0,0,0,0,0,-21000,0,0,0,136000,157000,-21000,-21000
065504,宏達電永豐9C購01,0,0,0,0,0,0,0,0,0,-21000,0,0,0,1000,22000,-21000,-21000
063816,TPK群益9C購01   ,0,0,0,0,0,0,0,0,0,-21000,0,0,0,1000,22000,-21000,-21000
063694,貿聯永豐9B購01  ,0,0,0,0,0,0,0,0,0,-21000,0,0,0,37000,58000,-21000,-21000
063737,大立光元大9C購07,0,0,0,0,0,0,0,0,0,-21000,0,0,0,20000,41000,-21000,-21000
064205,台灣50凱基01購14,0,0,0,0,0,0,0,0,0,-21000,0,0,0,57000,78000,-21000,-21000
064433,金像電凱基02購01,0,0,0,0,0,0,0,0,0,-21000,0,0,0,121000,142000,-21000,-21000
1414,東和            ,6000,15000,-9000,0,0,0,0,0,0,-13000,0,13000,-13000,0,0,0,-22000
08372P,大立光凱基01售04,0,0,0,0,0,0,0,0,0,-22000,0,0,0,46000,68000,-22000,-22000
08423P,台積電統一9C售13,0,0,0,0,0,0,0,0,0,-22000,0,0,0,0,22000,-22000,-22000
08098P,大立光凱基9B售09,0,0,0,0,0,0,0,0,0,-22000,0,0,0,3000,25000,-22000,-22000
07374P,鴻海元大99售41  ,0,0,0,0,0,0,0,0,0,-22000,0,0,0,0,22000,-22000,-22000
065891,聯發科統一02購03,0,0,0,0,0,0,0,0,0,-22000,0,0,0,15000,37000,-22000,-22000
066856,致新元大01購01  ,0,0,0,0,0,0,0,0,0,-22000,0,0,0,0,22000,-22000,-22000
066933,可成國票02購01  ,0,0,0,0,0,0,0,0,0,-22000,0,0,0,0,22000,-22000,-22000
066794,鴻海凱基01購07  ,0,0,0,0,0,0,0,0,0,-22000,0,0,0,1034000,1056000,-22000,-22000
066654,上証2X凱基03購02,0,0,0,0,0,0,0,0,0,-22000,0,0,0,0,22000,-22000,-22000
056800,臺股指麥證98購01,0,0,0,0,22000,-22000,0,0,0,-22000,0,0,0,0,22000,-22000,-22000
058537,彩晶統一9B購01  ,0,0,0,0,0,0,0,0,0,-22000,0,0,0,0,22000,-22000,-22000
058625,旺宏國票9A購01  ,0,0,0,0,0,0,0,0,0,-22000,0,0,0,0,22000,-22000,-22000
058208,百和凱基99購01  ,0,0,0,0,0,0,0,0,0,-22000,0,0,0,0,22000,-22000,-22000
061708,同欣電國票9A購02,0,0,0,0,0,0,0,0,0,-22000,0,0,0,0,22000,-22000,-22000
056209,超眾永豐97購02  ,0,0,0,0,0,0,0,0,0,-22000,0,0,0,0,22000,-22000,-22000
00714,群益道瓊美國地產,2000,0,2000,0,0,0,0,0,0,-24000,0,0,0,0,24000,-24000,-22000
062942,嘉澤凱基9B購02  ,0,0,0,0,0,0,0,0,0,-22000,0,0,0,168000,190000,-22000,-22000
059142,道瓊指國票9B購02,0,0,0,0,0,0,0,0,0,-22000,0,0,0,13000,35000,-22000,-22000
059917,華新科元大99購19,0,0,0,0,0,0,0,0,0,-22000,0,0,0,55000,77000,-22000,-22000
062349,新日興群益9B購02,0,0,0,0,0,0,0,0,0,-22000,0,0,0,76000,98000,-22000,-22000
062149,牧德國票9B購01  ,0,0,0,0,0,0,0,0,0,-22000,0,0,0,2000,24000,-22000,-22000
059250,大立光凱基99購06,0,0,0,0,0,0,0,0,0,-22000,0,0,0,0,22000,-22000,-22000
064186,燿華永豐9C購01  ,0,0,0,0,0,0,0,0,0,-22000,0,0,0,17000,39000,-22000,-22000
064219,滬深2X國票03購01,0,0,0,0,0,0,0,0,0,-22000,0,0,0,3000,25000,-22000,-22000
064014,貿聯國票01購01  ,0,0,0,0,0,0,0,0,0,-22000,0,0,0,0,22000,-22000,-22000
063750,和鑫國票9B購01  ,0,0,0,0,0,0,0,0,0,-22000,0,0,0,58000,80000,-22000,-22000
063872,嘉聯益永豐9C購01,0,0,0,0,0,0,0,0,0,-22000,0,0,0,0,22000,-22000,-22000
065482,立積元大01購02  ,0,0,0,0,0,0,0,0,0,-22000,0,0,0,78000,100000,-22000,-22000
065311,TPK國票01購03   ,0,0,0,0,0,0,0,0,0,-22000,0,0,0,0,22000,-22000,-22000
064679,晶技兆豐9C購01  ,0,0,0,0,0,0,0,0,0,-22000,0,0,0,0,22000,-22000,-22000
064860,聯發科富邦03購01,0,0,0,0,0,0,0,0,0,-22000,0,0,0,1000,23000,-22000,-22000
9905,大華            ,17000,39000,-22000,0,0,0,0,0,0,0,0,0,0,0,0,0,-22000
2882A,國泰特          ,10000,0,10000,0,0,0,0,29000,-29000,-3000,1000,4000,-3000,0,0,0,-22000
07527P,台灣50凱基9B售02,0,0,0,0,0,0,0,0,0,-23000,0,0,0,0,23000,-23000,-23000
051971,元金2X凱基97購02,0,0,0,0,0,0,0,0,0,-23000,0,0,0,0,23000,-23000,-23000
056607,貿聯富邦99購02  ,0,0,0,0,0,0,0,0,0,-23000,0,0,0,0,23000,-23000,-23000
061971,力山元大9C購02  ,0,0,0,0,0,0,0,0,0,-23000,0,0,0,410000,433000,-23000,-23000
061945,華通群益9B購04  ,0,0,0,0,0,0,0,0,0,-23000,0,0,0,7000,30000,-23000,-23000
057299,立積永豐98購02  ,0,0,0,0,0,0,0,0,0,-23000,0,0,0,3000,26000,-23000,-23000
057595,健鼎兆豐98購01  ,0,0,0,0,0,0,0,0,0,-23000,0,0,0,12000,35000,-23000,-23000
058568,宏達電凱基9A購02,0,0,0,0,0,0,0,0,0,-23000,0,0,0,28000,51000,-23000,-23000
057973,神達富邦9A購01  ,0,0,0,0,0,0,0,0,0,-23000,0,0,0,730000,753000,-23000,-23000
062755,茂林麥證9B購01  ,0,0,0,10000,27000,-17000,0,0,0,-23000,0,0,0,10000,33000,-23000,-23000
062482,台表科國票9B購01,0,0,0,0,0,0,0,0,0,-23000,0,0,0,0,23000,-23000,-23000
062289,緯穎群益9B購01  ,0,0,0,0,0,0,0,0,0,-23000,0,0,0,0,23000,-23000,-23000
062085,同欣電元大9B購01,0,0,0,0,0,0,0,0,0,-23000,0,0,0,57000,80000,-23000,-23000
062191,台郡元大9B購05  ,0,0,0,0,0,0,0,0,0,-23000,0,0,0,0,23000,-23000,-23000
061395,健策統一9C購02  ,0,0,0,0,0,0,0,0,0,-23000,0,0,0,0,23000,-23000,-23000
059841,國巨富邦9C購01  ,0,0,0,0,0,0,0,0,0,-23000,0,0,0,0,23000,-23000,-23000
060346,華新科統一01購01,0,0,0,0,0,0,0,0,0,-23000,0,0,0,51000,74000,-23000,-23000
061030,喬山永豐9A購01  ,0,0,0,0,0,0,0,0,0,-23000,0,0,0,53000,76000,-23000,-23000
063195,訊連元富9B購01  ,0,0,0,0,0,0,0,0,0,-23000,0,0,0,314000,337000,-23000,-23000
061296,台積電國泰9C購01,0,0,0,0,0,0,0,0,0,-23000,0,0,0,0,23000,-23000,-23000
065008,TPK國票01購02   ,0,0,0,0,0,0,0,0,0,-23000,0,0,0,0,23000,-23000,-23000
065005,台光電國票01購02,0,0,0,0,0,0,0,0,0,-23000,0,0,0,0,23000,-23000,-23000
065404,玉晶光國泰02購03,0,0,0,0,0,0,0,0,0,-23000,0,0,0,276000,299000,-23000,-23000
063837,亞德客元大01購01,0,0,0,0,0,0,0,0,0,-23000,0,0,0,60000,83000,-23000,-23000
063637,聯發科元大9C購02,0,0,0,0,0,0,0,0,0,-23000,0,0,0,24000,47000,-23000,-23000
063288,泰鼎元大9B購02  ,0,0,0,0,0,0,0,0,0,-23000,0,0,0,2000,25000,-23000,-23000
063553,同欣電國票9B購03,0,0,0,0,0,0,0,0,0,-23000,0,0,0,6000,29000,-23000,-23000
064185,裕隆永豐9C購01  ,0,0,0,0,0,0,0,0,0,-23000,0,0,0,242000,265000,-23000,-23000
2524,京城            ,36000,59000,-23000,0,0,0,0,0,0,0,0,0,0,0,0,0,-23000
2527,宏璟            ,12000,35000,-23000,0,0,0,0,0,0,0,0,0,0,0,0,0,-23000
2497,怡利電          ,6000,29000,-23000,0,0,0,0,0,0,0,0,0,0,0,0,0,-23000
2374,佳能            ,18000,44000,-26000,0,0,0,0,0,0,3000,3000,0,3000,0,0,0,-23000
07802P,瑞昱永豐9A售03  ,0,0,0,0,0,0,0,0,0,-24000,0,0,0,100000,124000,-24000,-24000
08459P,聯發科兆豐9C售04,0,0,0,0,0,0,0,0,0,-24000,0,0,0,20000,44000,-24000,-24000
08711P,鴻海元富07售04  ,0,0,0,0,0,0,0,0,0,-24000,0,0,0,41000,65000,-24000,-24000
066758,智邦永豐01購01  ,0,0,0,0,0,0,0,0,0,-24000,0,0,0,10000,34000,-24000,-24000
07009P,臺股指中信9B售01,0,0,0,0,0,0,0,0,0,-24000,0,0,0,0,24000,-24000,-24000
06765P,欣興元大98售11  ,0,0,0,0,0,0,0,0,0,-24000,0,0,0,136000,160000,-24000,-24000
06761P,台積電元大99售05,0,0,0,0,0,0,0,0,0,-24000,0,0,0,20000,44000,-24000,-24000
065986,金像電永豐01購03,0,0,0,0,0,0,0,0,0,-24000,0,0,0,125000,149000,-24000,-24000
057969,緯穎國泰99購01  ,0,0,0,0,0,0,0,0,0,-24000,0,0,0,50000,74000,-24000,-24000
057962,超眾元大99購03  ,0,0,0,0,0,0,0,0,0,-24000,0,0,0,1000,25000,-24000,-24000
058574,台積電群益99購03,0,0,0,0,0,0,0,0,0,-24000,0,0,0,7000,31000,-24000,-24000
057574,中磊永豐98購01  ,0,0,0,0,0,0,0,0,0,-24000,0,0,0,52000,76000,-24000,-24000
056637,台光電日盛9A購01,0,0,0,0,0,0,0,0,0,-24000,0,0,0,0,24000,-24000,-24000
058826,台積電永豐99購02,0,0,0,0,0,0,0,0,0,-24000,0,0,0,0,24000,-24000,-24000
063174,臺股指中信01購04,0,0,0,0,0,0,0,0,0,-24000,0,0,0,8000,32000,-24000,-24000
063127,TPK元大9B購02   ,0,0,0,0,0,0,0,0,0,-24000,0,0,0,61000,85000,-24000,-24000
061080,華邦電兆豐9B購01,0,0,0,0,0,0,0,0,0,-24000,0,0,0,16000,40000,-24000,-24000
061130,牧德永豐9A購04  ,0,0,0,0,0,0,0,0,0,-24000,0,0,0,0,24000,-24000,-24000
060336,南電康和9A購01  ,0,0,0,0,0,0,0,0,0,-24000,0,0,0,7000,31000,-24000,-24000
060370,滬深2X元富04購01,0,0,0,0,0,0,0,0,0,-24000,0,0,0,30000,54000,-24000,-24000
060264,華新科國票9A購02,0,0,0,0,0,0,0,0,0,-24000,0,0,0,0,24000,-24000,-24000
059984,華新科元大99購21,0,0,0,0,0,0,0,0,0,-24000,0,0,0,0,24000,-24000,-24000
060064,華新科兆豐99購07,0,0,0,0,0,0,0,0,0,-24000,0,0,0,0,24000,-24000,-24000
059728,聯鈞元大99購01  ,0,0,0,0,0,0,0,0,0,-24000,0,0,0,0,24000,-24000,-24000
060705,台光電富邦9B購01,0,0,0,0,0,0,0,0,0,-24000,0,0,0,0,24000,-24000,-24000
062367,禾伸堂元大9B購02,0,0,0,0,0,0,0,0,0,-24000,0,0,0,0,24000,-24000,-24000
062450,臻鼎元大9B購02  ,0,0,0,0,0,0,0,0,0,-24000,0,0,0,0,24000,-24000,-24000
062639,臻鼎國票9C購01  ,0,0,0,0,0,0,0,0,0,-24000,0,0,0,0,24000,-24000,-24000
058943,元石油群益9C購01,0,0,0,0,0,0,0,0,0,-24000,0,0,0,311000,335000,-24000,-24000
059424,SGBR2X元大9A購01,0,0,0,0,0,0,0,0,0,-24000,0,0,0,0,24000,-24000,-24000
064507,臻鼎元大9C購02  ,0,0,0,0,0,0,0,0,0,-24000,0,0,0,50000,74000,-24000,-24000
064531,旭富兆豐9C購01  ,0,0,0,0,0,0,0,0,0,-24000,0,0,0,748000,772000,-24000,-24000
063853,同欣電元大9C購02,0,0,0,0,0,0,0,0,0,-24000,0,0,0,20000,44000,-24000,-24000
064910,臺股指麥證9C購04,0,0,0,25000,49000,-24000,0,0,0,-24000,0,0,0,25000,49000,-24000,-24000
064630,巨大元大9C購01  ,0,0,0,0,0,0,0,0,0,-24000,0,0,0,20000,44000,-24000,-24000
2109,華豐            ,26000,50000,-24000,0,0,0,0,0,0,0,0,0,0,0,0,0,-24000
2017,官田鋼          ,7000,31000,-24000,0,0,0,0,0,0,0,0,0,0,0,0,0,-24000
3346,麗清            ,39000,63000,-24000,0,0,0,0,0,0,0,0,0,0,0,0,0,-24000
5234,達興材料        ,17000,42000,-25000,0,0,0,0,0,0,1000,1000,0,1000,0,0,0,-24000
066073,奇鋐凱基01購01  ,0,0,0,0,0,0,0,0,0,-25000,0,0,0,151000,176000,-25000,-25000
066222,生達國泰02購01  ,0,0,0,0,0,0,0,0,0,-25000,0,0,0,2000,27000,-25000,-25000
066626,盟立凱基01購01  ,0,0,0,0,0,0,0,0,0,-25000,0,0,0,225000,250000,-25000,-25000
066646,聯發科麥證01購03,0,0,0,0,25000,-25000,0,0,0,-25000,0,0,0,0,25000,-25000,-25000
1313,聯成            ,111000,145000,-34000,0,0,0,0,0,0,9000,9000,0,9000,0,0,0,-25000
08762P,南六元大01售03  ,0,0,0,0,0,0,0,0,0,-25000,0,0,0,50000,75000,-25000,-25000
1707,葡萄王          ,35000,50000,-15000,0,0,0,0,0,0,-10000,0,8000,-8000,4000,6000,-2000,-25000
08304P,大立光中信02售01,0,0,0,0,0,0,0,0,0,-25000,0,0,0,5000,30000,-25000,-25000
07200P,臺股指元大99售16,0,0,0,0,0,0,0,0,0,-25000,0,0,0,0,25000,-25000,-25000
07183P,臺股指凱基99售25,0,0,0,0,0,0,0,0,0,-25000,0,0,0,15000,40000,-25000,-25000
08089P,嘉澤凱基9B售03  ,0,0,0,0,0,0,0,0,0,-25000,0,0,0,0,25000,-25000,-25000
08228P,華擎國票9C售01  ,0,0,0,0,0,0,0,0,0,-25000,0,0,0,0,25000,-25000,-25000
058773,和碩兆豐99購01  ,0,0,0,0,0,0,0,0,0,-25000,0,0,0,0,25000,-25000,-25000
058711,鴻海統一9A購02  ,0,0,0,0,0,0,0,0,0,-25000,0,0,0,0,25000,-25000,-25000
056309,合勤控元大97購01,0,0,0,0,0,0,0,0,0,-25000,0,0,0,97000,122000,-25000,-25000
054287,台積電元大97購11,0,0,0,0,0,0,0,0,0,-25000,0,0,0,0,25000,-25000,-25000
057563,旭富國泰9A購01  ,0,0,0,0,0,0,0,0,0,-25000,0,0,0,10000,35000,-25000,-25000
061964,台積電統一01購05,0,0,0,0,0,0,0,0,0,-25000,0,0,0,100000,125000,-25000,-25000
061682,南電元大9B購01  ,0,0,0,0,0,0,0,0,0,-25000,0,0,0,0,25000,-25000,-25000
061656,華新科國票9A購08,0,0,0,0,0,0,0,0,0,-25000,0,0,0,0,25000,-25000,-25000
057985,華通元富02購03  ,0,0,0,0,0,0,0,0,0,-25000,0,0,0,0,25000,-25000,-25000
059528,華新科凱基99購06,0,0,0,0,0,0,0,0,0,-25000,0,0,0,0,25000,-25000,-25000
059634,可成凱基99購07  ,0,0,0,0,0,0,0,0,0,-25000,0,0,0,1000,26000,-25000,-25000
059162,國巨凱基99購12  ,0,0,0,0,0,0,0,0,0,-25000,0,0,0,32000,57000,-25000,-25000
059203,勤誠永豐99購02  ,0,0,0,0,0,0,0,0,0,-25000,0,0,0,5000,30000,-25000,-25000
062705,美食元大9B購01  ,0,0,0,0,0,0,0,0,0,-25000,0,0,0,0,25000,-25000,-25000
062463,世紀鋼麥證9B購01,0,0,0,10000,35000,-25000,0,0,0,-25000,0,0,0,10000,35000,-25000,-25000
062285,台勝科群益9B購01,0,0,0,0,0,0,0,0,0,-25000,0,0,0,0,25000,-25000,-25000
062295,康友永豐9B購01  ,0,0,0,0,0,0,0,0,0,-25000,0,0,0,0,25000,-25000,-25000
062552,南電永豐9B購01  ,0,0,0,0,0,0,0,0,0,-25000,0,0,0,0,25000,-25000,-25000
060605,大立光凱基9C購01,0,0,0,0,0,0,0,0,0,-25000,0,0,0,0,25000,-25000,-25000
059778,上証2X元大9C購03,0,0,0,0,0,0,0,0,0,-25000,0,0,0,8000,33000,-25000,-25000
061436,上銀凱基9A購07  ,0,0,0,0,0,0,0,0,0,-25000,0,0,0,0,25000,-25000,-25000
060462,鴻海元大9A購10  ,0,0,0,0,0,0,0,0,0,-25000,0,0,0,14000,39000,-25000,-25000
061033,台光電永豐9A購01,0,0,0,0,0,0,0,0,0,-25000,0,0,0,58000,83000,-25000,-25000
061258,華通凱基9A購06  ,0,0,0,0,0,0,0,0,0,-25000,0,0,0,25000,50000,-25000,-25000
062897,上銀元大9B購06  ,0,0,0,0,0,0,0,0,0,-25000,0,0,0,0,25000,-25000,-25000
064773,FBVIX群益9C購05 ,0,0,0,0,0,0,0,0,0,-25000,0,0,0,0,25000,-25000,-25000
065009,勤誠國票01購01  ,0,0,0,0,0,0,0,0,0,-25000,0,0,0,13000,38000,-25000,-25000
065557,中磊凱基9C購01  ,0,0,0,0,0,0,0,0,0,-25000,0,0,0,66000,91000,-25000,-25000
063639,華擎元大9C購03  ,0,0,0,0,0,0,0,0,0,-25000,0,0,0,113000,138000,-25000,-25000
063707,儒鴻凱基9C購01  ,0,0,0,0,0,0,0,0,0,-25000,0,0,0,33000,58000,-25000,-25000
063440,上銀統一01購02  ,0,0,0,0,0,0,0,0,0,-25000,0,0,0,57000,82000,-25000,-25000
063407,泰鼎國票9C購01  ,0,0,0,0,0,0,0,0,0,-25000,0,0,0,0,25000,-25000,-25000
064527,裕隆中信01購01  ,0,0,0,0,0,0,0,0,0,-25000,0,0,0,100000,125000,-25000,-25000
064442,嘉聯益凱基9C購01,0,0,0,0,0,0,0,0,0,-25000,0,0,0,39000,64000,-25000,-25000
064352,嘉聯益元大9C購01,0,0,0,0,0,0,0,0,0,-25000,0,0,0,66000,91000,-25000,-25000
064080,宏達電中信06購01,0,0,0,0,0,0,0,0,0,-25000,0,0,0,1000,26000,-25000,-25000
3022,威強電          ,23000,48000,-25000,0,0,0,0,0,0,0,0,0,0,0,0,0,-25000
2014,中鴻            ,104000,132000,-28000,0,0,0,0,0,0,3000,3000,0,3000,0,0,0,-25000
6531,愛普            ,783000,630000,153000,0,0,0,0,0,0,-178000,135000,246000,-111000,19000,86000,-67000,-25000
08597P,聯發科元大9C售18,0,0,0,0,0,0,0,0,0,-26000,0,0,0,98000,124000,-26000,-26000
08773P,瑞昱凱基01售01  ,0,0,0,0,0,0,0,0,0,-26000,0,0,0,3000,29000,-26000,-26000
08671P,友訊國票01售01  ,0,0,0,0,0,0,0,0,0,-26000,0,0,0,0,26000,-26000,-26000
065992,立積永豐01購01  ,0,0,0,0,0,0,0,0,0,-26000,0,0,0,5000,31000,-26000,-26000
056462,訊芯凱基98購03  ,0,0,0,0,0,0,0,0,0,-26000,0,0,0,30000,56000,-26000,-26000
055080,正崴中信99購01  ,0,0,0,0,0,0,0,0,0,-26000,0,0,0,0,26000,-26000,-26000
060945,緯穎國票9A購02  ,0,0,0,0,0,0,0,0,0,-26000,0,0,0,15000,41000,-26000,-26000
061195,健策永豐9B購02  ,0,0,0,0,0,0,0,0,0,-26000,0,0,0,0,26000,-26000,-26000
062951,鴻海永豐9B購02  ,0,0,0,0,0,0,0,0,0,-26000,0,0,0,0,26000,-26000,-26000
061121,智邦永豐9A購02  ,0,0,0,0,0,0,0,0,0,-26000,0,0,0,150000,176000,-26000,-26000
060154,堤維西永豐9A購01,0,0,0,0,0,0,0,0,0,-26000,0,0,0,13000,39000,-26000,-26000
059714,A50正2元大9C購01,0,0,0,0,0,0,0,0,0,-26000,0,0,0,0,26000,-26000,-26000
059902,滬深2X元大9C購08,0,0,0,0,0,0,0,0,0,-26000,0,0,0,0,26000,-26000,-26000
061347,創意元大9A購02  ,0,0,0,0,0,0,0,0,0,-26000,0,0,0,14000,40000,-26000,-26000
059855,緯穎永豐99購04  ,0,0,0,0,0,0,0,0,0,-26000,0,0,0,0,26000,-26000,-26000
062617,京鼎元大9B購01  ,0,0,0,0,0,0,0,0,0,-26000,0,0,0,25000,51000,-26000,-26000
059346,新日興凱基99購03,0,0,0,0,0,0,0,0,0,-26000,0,0,0,0,26000,-26000,-26000
064274,燿華元大9C購01  ,0,0,0,0,0,0,0,0,0,-26000,0,0,0,0,26000,-26000,-26000
064283,奇鋐元大9C購02  ,0,0,0,0,0,0,0,0,0,-26000,0,0,0,451000,477000,-26000,-26000
063373,晶技永豐9B購02  ,0,0,0,0,0,0,0,0,0,-26000,0,0,0,1000,27000,-26000,-26000
063277,大成鋼元大9B購03,0,0,0,0,0,0,0,0,0,-26000,0,0,0,66000,92000,-26000,-26000
063449,全新統一9B購02  ,0,0,0,0,0,0,0,0,0,-26000,0,0,0,40000,66000,-26000,-26000
063496,儒鴻永豐9B購01  ,0,0,0,0,0,0,0,0,0,-26000,0,0,0,1000,27000,-26000,-26000
063813,瑞昱群益9C購02  ,0,0,0,0,0,0,0,0,0,-26000,0,0,0,10000,36000,-26000,-26000
065581,寶成群益9C購01  ,0,0,0,0,0,0,0,0,0,-26000,0,0,0,0,26000,-26000,-26000
065133,SP黃豆凱基02購01,0,0,0,0,0,0,0,0,0,-26000,0,0,0,19000,45000,-26000,-26000
065209,國泰金國票01購01,0,0,0,0,0,0,0,0,0,-26000,0,0,0,0,26000,-26000,-26000
6715,嘉基            ,57000,81000,-24000,0,0,0,0,0,0,-2000,1000,0,1000,1000,4000,-3000,-26000
2516,新建            ,0,26000,-26000,0,0,0,0,0,0,0,0,0,0,0,0,0,-26000
2903,遠百            ,86000,115000,-29000,0,0,0,0,0,0,3000,3000,0,3000,0,0,0,-26000
3583,辛耘            ,42000,69000,-27000,0,0,0,0,0,0,1000,1000,0,1000,0,0,0,-26000
066431,台郡元大02購01  ,0,0,0,0,0,0,0,0,0,-27000,0,0,0,172000,199000,-27000,-27000
08561P,台表科國票01售02,0,0,0,0,0,0,0,0,0,-27000,0,0,0,0,27000,-27000,-27000
08574P,聯發科凱基02售04,0,0,0,0,0,0,0,0,0,-27000,0,0,0,28000,55000,-27000,-27000
08509P,臺股指國票9C售10,0,0,0,0,0,0,0,0,0,-27000,0,0,0,65000,92000,-27000,-27000
07508P,華新科國票9A售03,0,0,0,0,0,0,0,0,0,-27000,0,0,0,29000,56000,-27000,-27000
058669,上銀群益99購01  ,0,0,0,0,0,0,0,0,0,-27000,0,0,0,0,27000,-27000,-27000
055535,緯創群益98購01  ,0,0,0,0,0,0,0,0,0,-27000,0,0,0,0,27000,-27000,-27000
03454B,臺股指元大04熊06,0,0,0,0,0,0,0,0,0,-27000,0,0,0,0,27000,-27000,-27000
056794,上銀麥證98購01  ,0,0,0,0,27000,-27000,0,0,0,-27000,0,0,0,0,27000,-27000,-27000
061913,宏碁中信9B購01  ,0,0,0,0,0,0,0,0,0,-27000,0,0,0,85000,112000,-27000,-27000
061042,致新永豐9A購02  ,0,0,0,0,0,0,0,0,0,-27000,0,0,0,17000,44000,-27000,-27000
065238,聯茂凱基02購01  ,0,0,0,0,0,0,0,0,0,-27000,0,0,0,0,27000,-27000,-27000
065808,力成群益9C購02  ,0,0,0,0,0,0,0,0,0,-27000,0,0,0,0,27000,-27000,-27000
065347,聯發科統一9C購15,0,0,0,0,0,0,0,0,0,-27000,0,0,0,0,27000,-27000,-27000
06532P,友達元富98售04  ,0,0,0,0,0,0,0,0,0,-27000,0,0,0,156000,183000,-27000,-27000
063614,美食群益9B購03  ,0,0,0,0,0,0,0,0,0,-27000,0,0,0,0,27000,-27000,-27000
063302,國巨凱基9C購05  ,0,0,0,0,0,0,0,0,0,-27000,0,0,0,2000,29000,-27000,-27000
063361,台表科國泰01購02,0,0,0,0,0,0,0,0,0,-27000,0,0,0,16000,43000,-27000,-27000
064330,燿華元大9C購02  ,0,0,0,0,0,0,0,0,0,-27000,0,0,0,10000,37000,-27000,-27000
4722,國精化          ,18000,45000,-27000,0,0,0,0,0,0,0,0,0,0,0,0,0,-27000
3164,景岳            ,1000,28000,-27000,0,0,0,0,0,0,0,0,0,0,0,0,0,-27000
2444,兆勁            ,6000,33000,-27000,0,0,0,0,0,0,0,0,0,0,0,0,0,-27000
9188,精熙-DR         ,8000,35000,-27000,0,0,0,0,0,0,0,0,0,0,0,0,0,-27000
9935,慶豐富          ,49000,76000,-27000,0,0,0,0,0,0,0,0,0,0,0,0,0,-27000
07610P,大立光國票9A售04,0,0,0,0,0,0,0,0,0,-28000,0,0,0,31000,59000,-28000,-28000
08365P,貿聯凱基9C售01  ,0,0,0,0,0,0,0,0,0,-28000,0,0,0,12000,40000,-28000,-28000
08458P,南電元大9C售04  ,0,0,0,0,0,0,0,0,0,-28000,0,0,0,89000,117000,-28000,-28000
066312,川湖永豐01購01  ,0,0,0,0,0,0,0,0,0,-28000,0,0,0,0,28000,-28000,-28000
066014,嘉晶元富07購01  ,0,0,0,0,0,0,0,0,0,-28000,0,0,0,85000,113000,-28000,-28000
066662,建準凱基02購01  ,0,0,0,0,0,0,0,0,0,-28000,0,0,0,0,28000,-28000,-28000
07014P,華通元大99售04  ,0,0,0,0,0,0,0,0,0,-28000,0,0,0,23000,51000,-28000,-28000
066832,健策群益01購08  ,0,0,0,0,0,0,0,0,0,-28000,0,0,0,2000,30000,-28000,-28000
061553,南電群益9A購03  ,0,0,0,0,0,0,0,0,0,-28000,0,0,0,5000,33000,-28000,-28000
057571,泰碩永豐98購01  ,0,0,0,0,0,0,0,0,0,-28000,0,0,0,2000,30000,-28000,-28000
057466,泰鼎永豐98購01  ,0,0,0,0,0,0,0,0,0,-28000,0,0,0,12000,40000,-28000,-28000
057263,可成兆豐99購01  ,0,0,0,0,0,0,0,0,0,-28000,0,0,0,0,28000,-28000,-28000
058070,華新科凱基98購07,0,0,0,0,0,0,0,0,0,-28000,0,0,0,20000,48000,-28000,-28000
056864,新日興群益99購01,0,0,0,0,0,0,0,0,0,-28000,0,0,0,94000,122000,-28000,-28000
058570,臻鼎凱基9A購01  ,0,0,0,0,0,0,0,0,0,-28000,0,0,0,2000,30000,-28000,-28000
058177,華新科凱基99購02,0,0,0,0,0,0,0,0,0,-28000,0,0,0,5000,33000,-28000,-28000
058438,大立光統一9B購01,0,0,0,0,0,0,0,0,0,-28000,0,0,0,17000,45000,-28000,-28000
00706L,元大S&P日圓正2  ,0,0,0,0,0,0,0,0,0,-28000,0,0,0,4000,32000,-28000,-28000
062925,建準國票9B購01  ,0,0,0,0,0,0,0,0,0,-28000,0,0,0,0,28000,-28000,-28000
063157,鴻海台新9B購02  ,0,0,0,0,0,0,0,0,0,-28000,0,0,0,19000,47000,-28000,-28000
062774,儒鴻元大9C購01  ,0,0,0,0,0,0,0,0,0,-28000,0,0,0,0,28000,-28000,-28000
059360,全新永豐99購02  ,0,0,0,0,0,0,0,0,0,-28000,0,0,0,22000,50000,-28000,-28000
062632,嘉晶國票9B購01  ,0,0,0,0,0,0,0,0,0,-28000,0,0,0,27000,55000,-28000,-28000
062292,旭富永豐9B購01  ,0,0,0,0,0,0,0,0,0,-28000,0,0,0,2000,30000,-28000,-28000
062538,台積電國泰9C購02,0,0,0,0,0,0,0,0,0,-28000,0,0,0,26000,54000,-28000,-28000
062102,T50反1國票9B購07,0,0,0,0,0,0,0,0,0,-28000,0,0,0,0,28000,-28000,-28000
062270,上銀群益9B購03  ,0,0,0,0,0,0,0,0,0,-28000,0,0,0,70000,98000,-28000,-28000
060752,上銀元大9A購04  ,0,0,0,0,0,0,0,0,0,-28000,0,0,0,0,28000,-28000,-28000
063638,華新科元大9B購14,0,0,0,0,0,0,0,0,0,-28000,0,0,0,40000,68000,-28000,-28000
063800,玉晶光凱基9C購02,0,0,0,0,0,0,0,0,0,-28000,0,0,0,2000,30000,-28000,-28000
063809,矽創兆豐01購01  ,0,0,0,0,0,0,0,0,0,-28000,0,0,0,30000,58000,-28000,-28000
065392,華通群益01購02  ,0,0,0,0,0,0,0,0,0,-28000,0,0,0,9000,37000,-28000,-28000
065511,台積電群益01購02,0,0,0,0,0,0,0,0,0,-28000,0,0,0,6000,34000,-28000,-28000
065635,智伸科國票01購02,0,0,0,0,0,0,0,0,0,-28000,0,0,0,0,28000,-28000,-28000
065681,聯發科統一9C購17,0,0,0,0,0,0,0,0,0,-28000,0,0,0,92000,120000,-28000,-28000
064671,聯茂元大9C購02  ,0,0,0,0,0,0,0,0,0,-28000,0,0,0,100000,128000,-28000,-28000
8163,達方            ,235000,348000,-113000,0,0,0,0,0,0,85000,22000,2000,20000,113000,48000,65000,-28000
2443,億麗            ,16000,44000,-28000,0,0,0,0,0,0,0,0,0,0,0,0,0,-28000
2468,華經            ,17000,46000,-29000,0,0,0,0,0,0,1000,1000,0,1000,0,0,0,-28000
2438,翔耀            ,22000,50000,-28000,0,0,0,0,0,0,0,0,0,0,0,0,0,-28000
2423,固緯            ,3000,31000,-28000,0,0,0,0,0,0,0,0,0,0,0,0,0,-28000
2010,春源            ,14000,42000,-28000,0,0,0,0,0,0,0,0,0,0,0,0,0,-28000
2331,精英            ,58000,89000,-31000,0,0,0,0,0,0,3000,3000,0,3000,0,0,0,-28000
3645,達邁            ,46000,101000,-55000,0,0,0,0,0,0,27000,27000,0,27000,0,0,0,-28000
066829,奇力新群益01購01,0,0,0,0,0,0,0,0,0,-29000,0,0,0,0,29000,-29000,-29000
066893,技嘉兆豐01購02  ,0,0,0,0,0,0,0,0,0,-29000,0,0,0,1000,30000,-29000,-29000
066996,拓凱國泰03購02  ,0,0,0,0,0,0,0,0,0,-29000,0,0,0,0,29000,-29000,-29000
06824P,台灣50國票99售02,0,0,0,0,0,0,0,0,0,-29000,0,0,0,0,29000,-29000,-29000
066609,國巨麥證01購04  ,0,0,0,2000,29000,-27000,0,0,0,-29000,0,0,0,2000,31000,-29000,-29000
066028,嘉澤群益01購01  ,0,0,0,0,0,0,0,0,0,-29000,0,0,0,201000,230000,-29000,-29000
08688P,台灣50中信04售02,0,0,0,0,0,0,0,0,0,-29000,0,0,0,0,29000,-29000,-29000
08123P,台表科國票9C售01,0,0,0,0,0,0,0,0,0,-29000,0,0,0,43000,72000,-29000,-29000
053916,漢唐國票97購04  ,0,0,0,0,0,0,0,0,0,-29000,0,0,0,1000,30000,-29000,-29000
052135,聯發科凱基9B購01,0,0,0,0,0,0,0,0,0,-29000,0,0,0,1000,30000,-29000,-29000
03427B,臺股指元大9A熊02,0,0,0,0,0,0,0,0,0,-29000,0,0,0,256000,285000,-29000,-29000
058700,鴻海元大99購15  ,0,0,0,0,0,0,0,0,0,-29000,0,0,0,25000,54000,-29000,-29000
058796,可成元大99購04  ,0,0,0,0,0,0,0,0,0,-29000,0,0,0,162000,191000,-29000,-29000
058293,光寶科凱基9A購01,0,0,0,0,0,0,0,0,0,-29000,0,0,0,11000,40000,-29000,-29000
056833,和大元富9B購01  ,0,0,0,0,0,0,0,0,0,-29000,0,0,0,0,29000,-29000,-29000
057335,技嘉國票99購01  ,0,0,0,0,0,0,0,0,0,-29000,0,0,0,281000,310000,-29000,-29000
058148,百和元大99購01  ,0,0,0,0,0,0,0,0,0,-29000,0,0,0,0,29000,-29000,-29000
060709,緯穎富邦9B購01  ,0,0,0,0,0,0,0,0,0,-29000,0,0,0,35000,64000,-29000,-29000
061381,台灣50群益9B購07,0,0,0,0,0,0,0,0,0,-29000,0,0,0,29000,58000,-29000,-29000
059882,臺股指凱基9C購06,0,0,0,0,0,0,0,0,0,-29000,0,0,0,17000,46000,-29000,-29000
062096,神隆永豐9B購01  ,0,0,0,0,0,0,0,0,0,-29000,0,0,0,109000,138000,-29000,-29000
062462,GIS群益9B購01   ,0,0,0,0,0,0,0,0,0,-29000,0,0,0,17000,46000,-29000,-29000
062148,奇鋐國票9B購01  ,0,0,0,0,0,0,0,0,0,-29000,0,0,0,63000,92000,-29000,-29000
059165,南亞科凱基99購04,0,0,0,0,0,0,0,0,0,-29000,0,0,0,47000,76000,-29000,-29000
062910,亞光元大9B購01  ,0,0,0,0,0,0,0,0,0,-29000,0,0,0,2000,31000,-29000,-29000
061261,台積電凱基9B購03,0,0,0,0,0,0,0,0,0,-29000,0,0,0,6000,35000,-29000,-29000
063049,上海銀兆豐9B購01,0,0,0,0,0,0,0,0,0,-29000,0,0,0,380000,409000,-29000,-29000
061021,聯電國泰9B購01  ,0,0,0,0,0,0,0,0,0,-29000,0,0,0,314000,343000,-29000,-29000
060845,欣興國票9A購01  ,0,0,0,0,0,0,0,0,0,-29000,0,0,0,9000,38000,-29000,-29000
059074,元油2X元大9C購15,0,0,0,0,0,0,0,0,0,-29000,0,0,0,0,29000,-29000,-29000
060285,聯電元大9C購01  ,0,0,0,0,0,0,0,0,0,-29000,0,0,0,18000,47000,-29000,-29000
065430,可成凱基02購03  ,0,0,0,0,0,0,0,0,0,-29000,0,0,0,30000,59000,-29000,-29000
065318,聯電凱基9C購03  ,0,0,0,0,0,0,0,0,0,-29000,0,0,0,124000,153000,-29000,-29000
064359,華通統一9C購05  ,0,0,0,0,0,0,0,0,0,-29000,0,0,0,41000,70000,-29000,-29000
064152,義隆統一02購02  ,0,0,0,0,0,0,0,0,0,-29000,0,0,0,1000,30000,-29000,-29000
07564P,臺股指中信01售01,0,0,0,0,0,0,0,0,0,-30000,0,0,0,0,30000,-30000,-30000
07588P,滬深2X國票9C售01,0,0,0,0,0,0,0,0,0,-30000,0,0,0,0,30000,-30000,-30000
07590P,玉晶光國票9A售03,0,0,0,0,0,0,0,0,0,-30000,0,0,0,30000,60000,-30000,-30000
07752P,台灣50元大9C售33,0,0,0,0,0,0,0,0,0,-30000,0,0,0,0,30000,-30000,-30000
07128P,大毅元大99售04  ,0,0,0,0,0,0,0,0,0,-30000,0,0,0,0,30000,-30000,-30000
07363P,大立光元大99售26,0,0,0,0,0,0,0,0,0,-30000,0,0,0,0,30000,-30000,-30000
07341P,台積電凱基99售18,0,0,0,0,0,0,0,0,0,-30000,0,0,0,0,30000,-30000,-30000
07305P,T50正2群益99售02,0,0,0,0,0,0,0,0,0,-30000,0,0,0,0,30000,-30000,-30000
07434P,臺股指國票9A售06,0,0,0,0,0,0,0,0,0,-30000,0,0,0,0,30000,-30000,-30000
08679P,台灣50元大01售15,0,0,0,0,0,0,0,0,0,-30000,0,0,0,0,30000,-30000,-30000
1608,華榮            ,105000,135000,-30000,0,0,0,0,0,0,0,0,0,0,0,0,0,-30000
066220,矽格台新01購01  ,0,0,0,0,0,0,0,0,0,-30000,0,0,0,0,30000,-30000,-30000
066209,聯鈞統一03購01  ,0,0,0,0,0,0,0,0,0,-30000,0,0,0,0,30000,-30000,-30000
066474,微星麥證01購01  ,0,0,0,45000,75000,-30000,0,0,0,-30000,0,0,0,45000,75000,-30000,-30000
066430,台郡元大01購01  ,0,0,0,0,0,0,0,0,0,-30000,0,0,0,74000,104000,-30000,-30000
066521,A50反1中信03購01,0,0,0,0,0,0,0,0,0,-30000,0,0,0,0,30000,-30000,-30000
066478,鴻海元富07購02  ,0,0,0,0,0,0,0,0,0,-30000,0,0,0,0,30000,-30000,-30000
066484,瑞昱元富07購01  ,0,0,0,0,0,0,0,0,0,-30000,0,0,0,0,30000,-30000,-30000
066707,揚明光群益01購02,0,0,0,0,0,0,0,0,0,-30000,0,0,0,0,30000,-30000,-30000
066802,亞光凱基02購01  ,0,0,0,0,0,0,0,0,0,-30000,0,0,0,0,30000,-30000,-30000
066786,聯發科麥證01購05,0,0,0,0,30000,-30000,0,0,0,-30000,0,0,0,0,30000,-30000,-30000
058150,中502X統一9B購01,0,0,0,0,0,0,0,0,0,-30000,0,0,0,0,30000,-30000,-30000
061966,旺宏統一01購03  ,0,0,0,0,0,0,0,0,0,-30000,0,0,0,0,30000,-30000,-30000
061557,台積電國票9C購02,0,0,0,0,0,0,0,0,0,-30000,0,0,0,0,30000,-30000,-30000
056988,聚陽兆豐98購01  ,0,0,0,0,0,0,0,0,0,-30000,0,0,0,0,30000,-30000,-30000
057028,台郡凱基99購02  ,0,0,0,0,0,0,0,0,0,-30000,0,0,0,0,30000,-30000,-30000
057031,滬深反元大9B購02,0,0,0,0,0,0,0,0,0,-30000,0,0,0,0,30000,-30000,-30000
057597,華通群益9A購02  ,0,0,0,0,0,0,0,0,0,-30000,0,0,0,0,30000,-30000,-30000
057928,鈺齊凱基98購02  ,0,0,0,0,0,0,0,0,0,-30000,0,0,0,0,30000,-30000,-30000
057872,旺宏元大99購06  ,0,0,0,0,0,0,0,0,0,-30000,0,0,0,10000,40000,-30000,-30000
057186,群創元大99購04  ,0,0,0,0,0,0,0,0,0,-30000,0,0,0,0,30000,-30000,-30000
058589,群創中信01購01  ,0,0,0,0,0,0,0,0,0,-30000,0,0,0,0,30000,-30000,-30000
057656,大成鋼兆豐98購01,0,0,0,0,0,0,0,0,0,-30000,0,0,0,0,30000,-30000,-30000
053394,鴻海中信9A購01  ,0,0,0,0,0,0,0,0,0,-30000,0,0,0,0,30000,-30000,-30000
053597,牧德元大99購01  ,0,0,0,0,0,0,0,0,0,-30000,0,0,0,0,30000,-30000,-30000
051603,深中小群益99購03,0,0,0,0,0,0,0,0,0,-30000,0,0,0,1000,31000,-30000,-30000
054572,國巨元大98購03  ,0,0,0,0,0,0,0,0,0,-30000,0,0,0,0,30000,-30000,-30000
060807,新光金群益9A購01,0,0,0,0,0,0,0,0,0,-30000,0,0,0,0,30000,-30000,-30000
060519,S&P500中信01購01,0,0,0,0,0,0,0,0,0,-30000,0,0,0,0,30000,-30000,-30000
061025,創意富邦9B購01  ,0,0,0,0,0,0,0,0,0,-30000,0,0,0,0,30000,-30000,-30000
061056,臺指反國票02購01,0,0,0,0,0,0,0,0,0,-30000,0,0,0,0,30000,-30000,-30000
063155,緯穎元富9B購03  ,0,0,0,0,0,0,0,0,0,-30000,0,0,0,0,30000,-30000,-30000
062156,美律凱基9B購01  ,0,0,0,0,0,0,0,0,0,-30000,0,0,0,0,30000,-30000,-30000
062600,可成台新9B購01  ,0,0,0,0,0,0,0,0,0,-30000,0,0,0,0,30000,-30000,-30000
059820,南亞科凱基99購07,0,0,0,0,0,0,0,0,0,-30000,0,0,0,0,30000,-30000,-30000
059913,台積電元大99購44,0,0,0,0,0,0,0,0,0,-30000,0,0,0,0,30000,-30000,-30000
059929,華新科富邦9C購03,0,0,0,0,0,0,0,0,0,-30000,0,0,0,0,30000,-30000,-30000
062095,旺宏富邦9C購03  ,0,0,0,0,0,0,0,0,0,-30000,0,0,0,0,30000,-30000,-30000
064102,宏達電群益9C購01,0,0,0,0,0,0,0,0,0,-30000,0,0,0,56000,86000,-30000,-30000
064404,奇力新凱基02購01,0,0,0,0,0,0,0,0,0,-30000,0,0,0,0,30000,-30000,-30000
063963,鴻海國票01購01  ,0,0,0,0,0,0,0,0,0,-30000,0,0,0,14000,44000,-30000,-30000
063510,台表科群益9C購01,0,0,0,0,0,0,0,0,0,-30000,0,0,0,0,30000,-30000,-30000
063452,創意統一01購01  ,0,0,0,0,0,0,0,0,0,-30000,0,0,0,0,30000,-30000,-30000
065692,國巨群益9C購17  ,0,0,0,0,0,0,0,0,0,-30000,0,0,0,2000,32000,-30000,-30000
065698,旺宏群益9C購08  ,0,0,0,0,0,0,0,0,0,-30000,0,0,0,25000,55000,-30000,-30000
065836,T50反1元大9C購11,0,0,0,0,0,0,0,0,0,-30000,0,0,0,70000,100000,-30000,-30000
065224,和大凱基02購02  ,0,0,0,0,0,0,0,0,0,-30000,0,0,0,0,30000,-30000,-30000
065090,大立光元大9C購24,0,0,0,0,0,0,0,0,0,-30000,0,0,0,0,30000,-30000,-30000
065058,東元群益9C購01  ,0,0,0,0,0,0,0,0,0,-30000,0,0,0,0,30000,-30000,-30000
065055,臺股指凱基02購04,0,0,0,0,0,0,0,0,0,-30000,0,0,0,494000,524000,-30000,-30000
064939,健策元富9C購03  ,0,0,0,0,0,0,0,0,0,-30000,0,0,0,30000,60000,-30000,-30000
4106,雃博            ,223000,253000,-30000,0,0,0,0,0,0,0,0,0,0,0,0,0,-30000
2439,美律            ,163000,302624,-139624,0,0,0,0,0,0,109000,93000,17000,76000,62000,29000,33000,-30624
066861,致新國票02購01  ,0,0,0,0,0,0,0,0,0,-31000,0,0,0,0,31000,-31000,-31000
066296,昇陽半元大01購02,0,0,0,0,0,0,0,0,0,-31000,0,0,0,0,31000,-31000,-31000
1442,名軒            ,3000,37000,-34000,0,0,0,0,0,0,3000,3000,0,3000,0,0,0,-31000
08788P,A50正2元富01售03,0,0,0,0,0,0,0,0,0,-31000,0,0,0,0,31000,-31000,-31000
057853,旺宏國票99購05  ,0,0,0,0,0,0,0,0,0,-31000,0,0,0,0,31000,-31000,-31000
057813,京元電元大98購03,0,0,0,0,0,0,0,0,0,-31000,0,0,0,59000,90000,-31000,-31000
058298,聯茂凱基99購05  ,0,0,0,0,0,0,0,0,0,-31000,0,0,0,0,31000,-31000,-31000
057388,奇鋐永豐98購02  ,0,0,0,0,0,0,0,0,0,-31000,0,0,0,42000,73000,-31000,-31000
060707,台郡富邦9A購01  ,0,0,0,0,0,0,0,0,0,-31000,0,0,0,10000,41000,-31000,-31000
062641,瀚宇博國票9B購01,0,0,0,0,0,0,0,0,0,-31000,0,0,0,52000,83000,-31000,-31000
063257,牧德國泰01購01  ,0,0,0,0,0,0,0,0,0,-31000,0,0,0,0,31000,-31000,-31000
062898,華通元大9B購05  ,0,0,0,0,0,0,0,0,0,-31000,0,0,0,0,31000,-31000,-31000
062902,智邦元大9B購07  ,0,0,0,0,0,0,0,0,0,-31000,0,0,0,5000,36000,-31000,-31000
062782,聯發科元大9B購12,0,0,0,0,0,0,0,0,0,-31000,0,0,0,9000,40000,-31000,-31000
065015,上証2X富邦01購01,0,0,0,0,0,0,0,0,0,-31000,0,0,0,30000,61000,-31000,-31000
065646,健鼎元大9C購04  ,0,0,0,0,0,0,0,0,0,-31000,0,0,0,0,31000,-31000,-31000
065274,南茂元大9C購03  ,0,0,0,0,0,0,0,0,0,-31000,0,0,0,100000,131000,-31000,-31000
063470,泰鼎元大9B購03  ,0,0,0,0,0,0,0,0,0,-31000,0,0,0,72000,103000,-31000,-31000
063687,金像電永豐9B購04,0,0,0,0,0,0,0,0,0,-31000,0,0,0,4000,35000,-31000,-31000
064300,英業達兆豐9C購01,0,0,0,0,0,0,0,0,0,-31000,0,0,0,13000,44000,-31000,-31000
064012,泰碩國票01購02  ,0,0,0,0,0,0,0,0,0,-31000,0,0,0,35000,66000,-31000,-31000
5203,訊連            ,23000,54000,-31000,0,0,0,0,0,0,0,1000,0,1000,0,1000,-1000,-31000
5388,中磊            ,221000,293000,-72000,0,0,0,0,0,0,41000,0,0,0,47000,6000,41000,-31000
3028,增你強          ,11000,42000,-31000,0,0,0,0,0,0,0,0,0,0,0,0,0,-31000
9940,信義            ,104000,143000,-39000,0,0,0,0,0,0,8000,8000,0,8000,0,0,0,-31000
08647P,鴻海凱基9C售06  ,0,0,0,0,0,0,0,0,0,-32000,0,0,0,44000,76000,-32000,-32000
066455,聯發科統一01購10,0,0,0,0,0,0,0,0,0,-32000,0,0,0,0,32000,-32000,-32000
065890,台積電統一03購01,0,0,0,0,0,0,0,0,0,-32000,0,0,0,5000,37000,-32000,-32000
065868,燿華群益02購01  ,0,0,0,0,0,0,0,0,0,-32000,0,0,0,49000,81000,-32000,-32000
066789,聯詠麥證01購01  ,0,0,0,0,32000,-32000,0,0,0,-32000,0,0,0,0,32000,-32000,-32000
066652,聯鈞康和01購01  ,0,0,0,0,0,0,0,0,0,-32000,0,0,0,0,32000,-32000,-32000
057371,可成元大98購08  ,0,0,0,0,0,0,0,0,0,-32000,0,0,0,0,32000,-32000,-32000
061655,微星國票9A購01  ,0,0,0,0,0,0,0,0,0,-32000,0,0,0,12000,44000,-32000,-32000
056118,聯詠群益97購03  ,0,0,0,0,0,0,0,0,0,-32000,0,0,0,10000,42000,-32000,-32000
056353,鴻海元大99購02  ,0,0,0,0,0,0,0,0,0,-32000,0,0,0,288000,320000,-32000,-32000
055780,禾伸堂凱基99購01,0,0,0,0,0,0,0,0,0,-32000,0,0,0,14000,46000,-32000,-32000
055760,新日興群益98購02,0,0,0,0,0,0,0,0,0,-32000,0,0,0,0,32000,-32000,-32000
060939,鴻海國票9A購06  ,0,0,0,0,0,0,0,0,0,-32000,0,0,0,10000,42000,-32000,-32000
063203,華新科統一9C購04,0,0,0,0,0,0,0,0,0,-32000,0,0,0,34000,66000,-32000,-32000
060558,億豐凱基9A購01  ,0,0,0,0,0,0,0,0,0,-32000,0,0,0,0,32000,-32000,-32000
062663,聯發科群益9B購07,0,0,0,0,0,0,0,0,0,-32000,0,0,0,0,32000,-32000,-32000
062449,臻鼎元大9B購01  ,0,0,0,0,0,0,0,0,0,-32000,0,0,0,50000,82000,-32000,-32000
059275,可成元大99購05  ,0,0,0,0,0,0,0,0,0,-32000,0,0,0,0,32000,-32000,-32000
062261,嘉晶元大9B購02  ,0,0,0,0,0,0,0,0,0,-32000,0,0,0,36000,68000,-32000,-32000
064343,健鼎元大9C購01  ,0,0,0,0,0,0,0,0,0,-32000,0,0,0,50000,82000,-32000,-32000
064586,緯創永豐9C購01  ,0,0,0,0,0,0,0,0,0,-32000,0,0,0,18000,50000,-32000,-32000
063592,瑞祺永豐9B購02  ,0,0,0,0,0,0,0,0,0,-32000,0,0,0,68000,100000,-32000,-32000
065518,聯鈞群益9C購02  ,0,0,0,0,0,0,0,0,0,-32000,0,0,0,0,32000,-32000,-32000
065602,聯發科元大9C購15,0,0,0,0,0,0,0,0,0,-32000,0,0,0,38000,70000,-32000,-32000
064722,大立光統一02購03,0,0,0,0,0,0,0,0,0,-32000,0,0,0,0,32000,-32000,-32000
2881A,富邦特          ,0,34000,-34000,0,0,0,0,0,0,2000,2000,0,2000,0,0,0,-32000
4976,佳凌            ,34000,67000,-33000,0,0,0,0,0,0,1000,1000,0,1000,0,0,0,-32000
066676,A50正2兆豐03購01,0,0,0,0,0,0,0,0,0,-33000,0,0,0,20000,53000,-33000,-33000
08473P,康控凱基9C售01  ,0,0,0,0,0,0,0,0,0,-33000,0,0,0,150000,183000,-33000,-33000
08794P,台積電兆豐01售03,0,0,0,0,0,0,0,0,0,-33000,0,0,0,0,33000,-33000,-33000
055579,健策統一9A購01  ,0,0,0,0,0,0,0,0,0,-33000,0,0,0,1000,34000,-33000,-33000
02001L,富邦蘋果正二N   ,0,0,0,0,0,0,0,0,0,-33000,0,0,0,4000,37000,-33000,-33000
059450,和大永豐99購01  ,0,0,0,0,0,0,0,0,0,-33000,0,0,0,0,33000,-33000,-33000
060573,力成永豐9A購01  ,0,0,0,0,0,0,0,0,0,-33000,0,0,0,42000,75000,-33000,-33000
060093,友達元大03購01  ,0,0,0,0,0,0,0,0,0,-33000,0,0,0,0,33000,-33000,-33000
063181,聚陽凱基9B購01  ,0,0,0,0,0,0,0,0,0,-33000,0,0,0,7000,40000,-33000,-33000
058990,GIS凱基99購02   ,0,0,0,0,0,0,0,0,0,-33000,0,0,0,30000,63000,-33000,-33000
064786,GIS群益9C購04   ,0,0,0,0,0,0,0,0,0,-33000,0,0,0,100000,133000,-33000,-33000
064878,大立光兆豐9C購03,0,0,0,0,0,0,0,0,0,-33000,0,0,0,0,33000,-33000,-33000
064983,力成元大9C購04  ,0,0,0,0,0,0,0,0,0,-33000,0,0,0,1000,34000,-33000,-33000
065619,金融類元大9C購02,0,0,0,0,0,0,0,0,0,-33000,0,0,0,0,33000,-33000,-33000
063928,可成統一01購02  ,0,0,0,0,0,0,0,0,0,-33000,0,0,0,87000,120000,-33000,-33000
063784,華通中信06購01  ,0,0,0,0,0,0,0,0,0,-33000,0,0,0,0,33000,-33000,-33000
064011,嘉晶國票9C購01  ,0,0,0,0,0,0,0,0,0,-33000,0,0,0,28000,61000,-33000,-33000
08628P,微星中信9C售01  ,0,0,0,0,0,0,0,0,0,-34000,0,0,0,146000,180000,-34000,-34000
08036P,嘉澤群益9B售03  ,0,0,0,0,0,0,0,0,0,-34000,0,0,0,20000,54000,-34000,-34000
066655,上証2X凱基03購03,0,0,0,0,0,0,0,0,0,-34000,0,0,0,10000,44000,-34000,-34000
066644,瑞昱麥證01購01  ,0,0,0,14000,48000,-34000,0,0,0,-34000,0,0,0,14000,48000,-34000,-34000
056520,鴻海日盛99購01  ,0,0,0,0,0,0,0,0,0,-34000,0,0,0,9000,43000,-34000,-34000
051218,聯發科元富9B購02,0,0,0,0,0,0,0,0,0,-34000,0,0,0,6000,40000,-34000,-34000
063214,康控國票9C購01  ,0,0,0,0,0,0,0,0,0,-34000,0,0,0,178000,212000,-34000,-34000
060471,台勝科元大9B購01,0,0,0,0,0,0,0,0,0,-34000,0,0,0,0,34000,-34000,-34000
060977,亞德客元大9A購04,0,0,0,0,0,0,0,0,0,-34000,0,0,0,1000,35000,-34000,-34000
059597,大立光元大99購21,0,0,0,0,0,0,0,0,0,-34000,0,0,0,0,34000,-34000,-34000
059536,新光金凱基99購05,0,0,0,0,0,0,0,0,0,-34000,0,0,0,0,34000,-34000,-34000
059343,宏達電凱基99購04,0,0,0,0,0,0,0,0,0,-34000,0,0,0,1000,35000,-34000,-34000
062417,鴻海統一9C購08  ,0,0,0,0,0,0,0,0,0,-34000,0,0,0,0,34000,-34000,-34000
062265,南茂元大9B購01  ,0,0,0,0,0,0,0,0,0,-34000,0,0,0,53000,87000,-34000,-34000
060718,中磊永豐9A購01  ,0,0,0,0,0,0,0,0,0,-34000,0,0,0,52000,86000,-34000,-34000
064523,聯茂群益9C購01  ,0,0,0,0,0,0,0,0,0,-34000,0,0,0,0,34000,-34000,-34000
063794,亞德客凱基9C購01,0,0,0,0,0,0,0,0,0,-34000,0,0,0,11000,45000,-34000,-34000
063876,華新元富9C購01  ,0,0,0,0,0,0,0,0,0,-34000,0,0,0,127000,161000,-34000,-34000
065524,康控群益01購01  ,0,0,0,0,0,0,0,0,0,-34000,0,0,0,263000,297000,-34000,-34000
065436,力成凱基02購01  ,0,0,0,0,0,0,0,0,0,-34000,0,0,0,0,34000,-34000,-34000
065256,上銀元大9C購10  ,0,0,0,0,0,0,0,0,0,-34000,0,0,0,33000,67000,-34000,-34000
065261,技嘉元大9C購03  ,0,0,0,0,0,0,0,0,0,-34000,0,0,0,356000,390000,-34000,-34000
065194,和大元富9C購01  ,0,0,0,0,0,0,0,0,0,-34000,0,0,0,0,34000,-34000,-34000
064781,嘉晶群益9C購04  ,0,0,0,0,0,0,0,0,0,-34000,0,0,0,56000,90000,-34000,-34000
064820,裕隆統一9C購01  ,0,0,0,0,0,0,0,0,0,-34000,0,0,0,208000,242000,-34000,-34000
6271,同欣電          ,1026000,926000,100000,0,0,0,30000,132000,-102000,-32000,33000,100000,-67000,61000,26000,35000,-34000
066885,牧德永豐01購02  ,0,0,0,0,0,0,0,0,0,-35000,0,0,0,0,35000,-35000,-35000
066935,奇鋐國票02購02  ,0,0,0,0,0,0,0,0,0,-35000,0,0,0,0,35000,-35000,-35000
07065P,臺股指元大9A售26,0,0,0,0,0,0,0,0,0,-35000,0,0,0,0,35000,-35000,-35000
065915,聯發科凱基01購09,0,0,0,0,0,0,0,0,0,-35000,0,0,0,0,35000,-35000,-35000
065923,臺指反國票02購03,0,0,0,0,0,0,0,0,0,-35000,0,0,0,0,35000,-35000,-35000
08275P,南亞科元富9C售01,0,0,0,0,0,0,0,0,0,-35000,0,0,0,25000,60000,-35000,-35000
07693P,群創元大9B售10  ,0,0,0,0,0,0,0,0,0,-35000,0,0,0,0,35000,-35000,-35000
08440P,玉晶光國票01售05,0,0,0,0,0,0,0,0,0,-35000,0,0,0,109000,144000,-35000,-35000
08328P,國巨國票9C售07  ,0,0,0,0,0,0,0,0,0,-35000,0,0,0,5000,40000,-35000,-35000
1616,億泰            ,1000,36000,-35000,0,0,0,0,0,0,0,0,0,0,0,0,0,-35000
051926,聯電中信97購01  ,0,0,0,0,0,0,0,0,0,-35000,0,0,0,15000,50000,-35000,-35000
03421B,臺股指元大99熊01,0,0,0,0,0,0,0,0,0,-35000,0,0,0,20000,55000,-35000,-35000
055425,聚陽群益99購01  ,0,0,0,0,0,0,0,0,0,-35000,0,0,0,0,35000,-35000,-35000
057745,泰鼎永豐99購01  ,0,0,0,0,0,0,0,0,0,-35000,0,0,0,52000,87000,-35000,-35000
061605,華新科凱基9A購14,0,0,0,0,0,0,0,0,0,-35000,0,0,0,0,35000,-35000,-35000
056994,緯穎兆豐98購02  ,0,0,0,0,0,0,0,0,0,-35000,0,0,0,20000,55000,-35000,-35000
058874,聯鈞國票9A購01  ,0,0,0,0,0,0,0,0,0,-35000,0,0,0,1000,36000,-35000,-35000
056726,友達日盛9A購01  ,0,0,0,0,0,0,0,0,0,-35000,0,0,0,0,35000,-35000,-35000
062049,亞德客統一01購01,0,0,0,0,0,0,0,0,0,-35000,0,0,0,0,35000,-35000,-35000
062197,聯發科中信01購03,0,0,0,0,0,0,0,0,0,-35000,0,0,0,10000,45000,-35000,-35000
059224,大立光元大99購15,0,0,0,0,0,0,0,0,0,-35000,0,0,0,0,35000,-35000,-35000
059534,國泰金凱基99購01,0,0,0,0,0,0,0,0,0,-35000,0,0,0,0,35000,-35000,-35000
062763,華擎凱基9C購02  ,0,0,0,0,0,0,0,0,0,-35000,0,0,0,117000,152000,-35000,-35000
062753,台積電麥證9B購01,0,0,0,110000,145000,-35000,0,0,0,-35000,0,0,0,110000,145000,-35000,-35000
059083,華通元大99購07  ,0,0,0,0,0,0,0,0,0,-35000,0,0,0,0,35000,-35000,-35000
063184,台光電凱基9B購03,0,0,0,0,0,0,0,0,0,-35000,0,0,0,0,35000,-35000,-35000
063233,國巨元大9B購19  ,0,0,0,0,0,0,0,0,0,-35000,0,0,0,23000,58000,-35000,-35000
063230,緯穎群益9B購02  ,0,0,0,0,0,0,0,0,0,-35000,0,0,0,0,35000,-35000,-35000
063008,華通元大9B購06  ,0,0,0,0,0,0,0,0,0,-35000,0,0,0,4000,39000,-35000,-35000
062998,泰碩國票01購01  ,0,0,0,0,0,0,0,0,0,-35000,0,0,0,0,35000,-35000,-35000
058979,上銀凱基99購04  ,0,0,0,0,0,0,0,0,0,-35000,0,0,0,0,35000,-35000,-35000
062854,日電貿永豐9B購01,0,0,0,0,0,0,0,0,0,-35000,0,0,0,0,35000,-35000,-35000
065285,宏碁群益01購01  ,0,0,0,0,0,0,0,0,0,-35000,0,0,0,50000,85000,-35000,-35000
065335,玉晶光台新9C購03,0,0,0,0,0,0,0,0,0,-35000,0,0,0,5000,40000,-35000,-35000
065444,燿華統一02購02  ,0,0,0,0,0,0,0,0,0,-35000,0,0,0,0,35000,-35000,-35000
063662,上銀統一01購03  ,0,0,0,0,0,0,0,0,0,-35000,0,0,0,0,35000,-35000,-35000
6128,上福            ,15000,50000,-35000,0,0,0,0,0,0,0,0,0,0,0,0,0,-35000
3383,新世紀          ,0,35000,-35000,0,0,0,0,0,0,0,0,0,0,0,0,0,-35000
2103,台橡            ,187000,218741,-31741,0,0,0,0,0,0,-4000,5000,0,5000,0,9000,-9000,-35741
08563P,金像電元富9C售03,0,0,0,0,0,0,0,0,0,-36000,0,0,0,169000,205000,-36000,-36000
07131P,緯穎元大99售06  ,0,0,0,0,0,0,0,0,0,-36000,0,0,0,0,36000,-36000,-36000
065914,智邦凱基02購03  ,0,0,0,0,0,0,0,0,0,-36000,0,0,0,34000,70000,-36000,-36000
065888,鴻海統一03購01  ,0,0,0,0,0,0,0,0,0,-36000,0,0,0,0,36000,-36000,-36000
065944,大成鋼統一02購01,0,0,0,0,0,0,0,0,0,-36000,0,0,0,40000,76000,-36000,-36000
066405,晶碩凱基01購01  ,0,0,0,0,0,0,0,0,0,-36000,0,0,0,119000,155000,-36000,-36000
066690,瑞昱台新01購01  ,0,0,0,0,0,0,0,0,0,-36000,0,0,0,2000,38000,-36000,-36000
066485,台光電元富01購01,0,0,0,0,0,0,0,0,0,-36000,0,0,0,85000,121000,-36000,-36000
066625,瑞昱凱基02購01  ,0,0,0,0,0,0,0,0,0,-36000,0,0,0,12000,48000,-36000,-36000
066590,華新科群益01購04,0,0,0,0,0,0,0,0,0,-36000,0,0,0,0,36000,-36000,-36000
057945,京鼎國票99購03  ,0,0,0,0,0,0,0,0,0,-36000,0,0,0,26000,62000,-36000,-36000
057977,台光電永豐98購02,0,0,0,0,0,0,0,0,0,-36000,0,0,0,0,36000,-36000,-36000
058033,景碩永豐98購02  ,0,0,0,0,0,0,0,0,0,-36000,0,0,0,2000,38000,-36000,-36000
057963,緯穎元大98購08  ,0,0,0,0,0,0,0,0,0,-36000,0,0,0,26000,62000,-36000,-36000
058576,南亞科群益99購01,0,0,0,0,0,0,0,0,0,-36000,0,0,0,0,36000,-36000,-36000
058396,力山元大99購01  ,0,0,0,0,0,0,0,0,0,-36000,0,0,0,0,36000,-36000,-36000
061586,智邦富邦9A購02  ,0,0,0,0,0,0,0,0,0,-36000,0,0,0,20000,56000,-36000,-36000
061559,南亞科國票9A購02,0,0,0,0,0,0,0,0,0,-36000,0,0,0,38000,74000,-36000,-36000
062037,華新凱基9B購01  ,0,0,0,0,0,0,0,0,0,-36000,0,0,0,0,36000,-36000,-36000
062835,瑞儀群益9B購01  ,0,0,0,0,0,0,0,0,0,-36000,0,0,0,2000,38000,-36000,-36000
059086,國巨元大99購18  ,0,0,0,0,0,0,0,0,0,-36000,0,0,0,28000,64000,-36000,-36000
060208,卜蜂康和9A購01  ,0,0,0,0,0,0,0,0,0,-36000,0,0,0,0,36000,-36000,-36000
059274,國巨元大99購22  ,0,0,0,0,0,0,0,0,0,-36000,0,0,0,0,36000,-36000,-36000
062381,上銀國泰9C購01  ,0,0,0,0,0,0,0,0,0,-36000,0,0,0,2000,38000,-36000,-36000
061526,宏達電凱基9A購04,0,0,0,0,0,0,0,0,0,-36000,0,0,0,90000,126000,-36000,-36000
059877,康控凱基99購05  ,0,0,0,0,0,0,0,0,0,-36000,0,0,0,4000,40000,-36000,-36000
061415,健策群益9A購04  ,0,0,0,0,0,0,0,0,0,-36000,0,0,0,5000,41000,-36000,-36000
063833,致新國票01購01  ,0,0,0,0,0,0,0,0,0,-36000,0,0,0,0,36000,-36000,-36000
065334,立積國票01購02  ,0,0,0,0,0,0,0,0,0,-36000,0,0,0,0,36000,-36000,-36000
065813,華擎統一03購01  ,0,0,0,0,0,0,0,0,0,-36000,0,0,0,263000,299000,-36000,-36000
065792,TPK永豐9C購02   ,0,0,0,0,0,0,0,0,0,-36000,0,0,0,5000,41000,-36000,-36000
064759,景碩凱基9C購01  ,0,0,0,0,0,0,0,0,0,-36000,0,0,0,36000,72000,-36000,-36000
064872,南電永豐9C購02  ,0,0,0,0,0,0,0,0,0,-36000,0,0,0,0,36000,-36000,-36000
064711,國喬統一02購01  ,0,0,0,0,0,0,0,0,0,-36000,0,0,0,30000,66000,-36000,-36000
2009,第一銅          ,30000,66000,-36000,0,0,0,0,0,0,0,0,0,0,0,0,0,-36000
4190,佐登-KY         ,9000,45000,-36000,0,0,0,0,0,0,0,0,0,0,0,0,0,-36000
3704,合勤控          ,332000,379000,-47000,0,0,0,0,0,0,11000,2000,0,2000,28000,19000,9000,-36000
066651,創意康和01購04  ,0,0,0,0,0,0,0,0,0,-37000,0,0,0,124000,161000,-37000,-37000
065956,緯創統一01購01  ,0,0,0,0,0,0,0,0,0,-37000,0,0,0,0,37000,-37000,-37000
08661P,台灣50麥證9C售03,0,0,0,50000,87000,-37000,0,0,0,-37000,0,0,0,50000,87000,-37000,-37000
057042,台積電元大98購10,0,0,0,0,0,0,0,0,0,-37000,0,0,0,107000,144000,-37000,-37000
058832,立積永豐99購01  ,0,0,0,0,0,0,0,0,0,-37000,0,0,0,26000,63000,-37000,-37000
058175,旺宏凱基99購03  ,0,0,0,0,0,0,0,0,0,-37000,0,0,0,10000,47000,-37000,-37000
054976,上証2X元富9A購01,0,0,0,0,0,0,0,0,0,-37000,0,0,0,10000,47000,-37000,-37000
058763,和碩群益99購01  ,0,0,0,0,0,0,0,0,0,-37000,0,0,0,23000,60000,-37000,-37000
056410,康控國票99購01  ,0,0,0,0,0,0,0,0,0,-37000,0,0,0,53000,90000,-37000,-37000
060736,旺宏統一01購01  ,0,0,0,0,0,0,0,0,0,-37000,0,0,0,30000,67000,-37000,-37000
062537,聯電國泰9C購01  ,0,0,0,0,0,0,0,0,0,-37000,0,0,0,544000,581000,-37000,-37000
062100,矽格永豐9B購01  ,0,0,0,0,0,0,0,0,0,-37000,0,0,0,0,37000,-37000,-37000
060399,康友國票9A購02  ,0,0,0,0,0,0,0,0,0,-37000,0,0,0,4000,41000,-37000,-37000
060333,金寶康和9A購01  ,0,0,0,0,0,0,0,0,0,-37000,0,0,0,375000,412000,-37000,-37000
059115,美食永豐99購01  ,0,0,0,0,0,0,0,0,0,-37000,0,0,0,6000,43000,-37000,-37000
061020,超眾國票9A購02  ,0,0,0,0,0,0,0,0,0,-37000,0,0,0,27000,64000,-37000,-37000
062776,鴻海元大9B購03  ,0,0,0,0,0,0,0,0,0,-37000,0,0,0,8000,45000,-37000,-37000
059037,宏達電群益99購02,0,0,0,0,0,0,0,0,0,-37000,0,0,0,99000,136000,-37000,-37000
064864,金像電永豐01購01,0,0,0,0,0,0,0,0,0,-37000,0,0,0,91000,128000,-37000,-37000
064865,美律永豐9C購02  ,0,0,0,0,0,0,0,0,0,-37000,0,0,0,78000,115000,-37000,-37000
065051,和碩凱基02購01  ,0,0,0,0,0,0,0,0,0,-37000,0,0,0,0,37000,-37000,-37000
065066,南電群益9C購02  ,0,0,0,0,0,0,0,0,0,-37000,0,0,0,10000,47000,-37000,-37000
065791,牧德永豐9C購03  ,0,0,0,0,0,0,0,0,0,-37000,0,0,0,50000,87000,-37000,-37000
063683,大成鋼永豐9B購01,0,0,0,0,0,0,0,0,0,-37000,0,0,0,0,37000,-37000,-37000
064041,國巨統一01購07  ,0,0,0,0,0,0,0,0,0,-37000,0,0,0,0,37000,-37000,-37000
064085,儒鴻凱基9C購02  ,0,0,0,0,0,0,0,0,0,-37000,0,0,0,33000,70000,-37000,-37000
4572,駐龍            ,13000,25000,-12000,0,0,0,0,0,0,-25000,0,25000,-25000,0,0,0,-37000
2605,新興            ,108000,145000,-37000,0,0,0,0,0,0,0,0,0,0,0,0,0,-37000
6525,捷敏-KY         ,24000,11000,13000,0,0,0,0,50000,-50000,0,0,0,0,0,0,0,-37000
065882,景碩台新9C購03  ,0,0,0,0,0,0,0,0,0,-38000,0,0,0,1000,39000,-38000,-38000
066285,松翰元大01購02  ,0,0,0,0,0,0,0,0,0,-38000,0,0,0,89000,127000,-38000,-38000
066221,康友台新01購01  ,0,0,0,0,0,0,0,0,0,-38000,0,0,0,20000,58000,-38000,-38000
066836,樺漢群益01購01  ,0,0,0,0,0,0,0,0,0,-38000,0,0,0,0,38000,-38000,-38000
055424,聚陽群益98購01  ,0,0,0,0,0,0,0,0,0,-38000,0,0,0,2000,40000,-38000,-38000
056518,美律國票99購01  ,0,0,0,0,0,0,0,0,0,-38000,0,0,0,0,38000,-38000,-38000
056548,瀚宇博凱基98購02,0,0,0,0,0,0,0,0,0,-38000,0,0,0,15000,53000,-38000,-38000
056552,台表科凱基99購01,0,0,0,0,0,0,0,0,0,-38000,0,0,0,3000,41000,-38000,-38000
058268,泰碩永豐9A購01  ,0,0,0,0,0,0,0,0,0,-38000,0,0,0,17000,55000,-38000,-38000
058611,欣興元大99購06  ,0,0,0,0,0,0,0,0,0,-38000,0,0,0,2000,40000,-38000,-38000
057957,嘉晶元大98購01  ,0,0,0,0,0,0,0,0,0,-38000,0,0,0,3000,41000,-38000,-38000
058105,旺宏統一9A購02  ,0,0,0,0,0,0,0,0,0,-38000,0,0,0,21000,59000,-38000,-38000
057332,旺宏國票99購03  ,0,0,0,0,0,0,0,0,0,-38000,0,0,0,0,38000,-38000,-38000
063250,同欣電元大9B購03,0,0,0,0,0,0,0,0,0,-38000,0,0,0,33000,71000,-38000,-38000
060594,國巨麥證9A購01  ,0,0,0,0,38000,-38000,0,0,0,-38000,0,0,0,0,38000,-38000,-38000
061532,和大統一9C購02  ,0,0,0,0,0,0,0,0,0,-38000,0,0,0,2000,40000,-38000,-38000
062577,泰鼎群益9B購01  ,0,0,0,0,0,0,0,0,0,-38000,0,0,0,2000,40000,-38000,-38000
064267,南六永豐9C購03  ,0,0,0,0,0,0,0,0,0,-38000,0,0,0,22000,60000,-38000,-38000
064226,TPK國票01購01   ,0,0,0,0,0,0,0,0,0,-38000,0,0,0,0,38000,-38000,-38000
065738,國巨麥證9C購04  ,0,0,0,0,38000,-38000,0,0,0,-38000,0,0,0,0,38000,-38000,-38000
065857,嘉聯益元大9C購03,0,0,0,0,0,0,0,0,0,-38000,0,0,0,65000,103000,-38000,-38000
065062,亞光群益9C購01  ,0,0,0,0,0,0,0,0,0,-38000,0,0,0,13000,51000,-38000,-38000
065032,TPK兆豐01購01   ,0,0,0,0,0,0,0,0,0,-38000,0,0,0,0,38000,-38000,-38000
064944,亞德客凱基9C購03,0,0,0,0,0,0,0,0,0,-38000,0,0,0,0,38000,-38000,-38000
065206,旺宏國票01購02  ,0,0,0,0,0,0,0,0,0,-38000,0,0,0,0,38000,-38000,-38000
064717,台積電統一01購08,0,0,0,0,0,0,0,0,0,-38000,0,0,0,0,38000,-38000,-38000
8011,台通            ,361000,401000,-40000,0,0,0,0,0,0,2000,2000,0,2000,0,0,0,-38000
6165,捷泰            ,22000,60000,-38000,0,0,0,0,0,0,0,0,0,0,0,0,0,-38000
066822,泰豐群益01購01  ,0,0,0,0,0,0,0,0,0,-39000,0,0,0,0,39000,-39000,-39000
066879,智伸科富邦03購01,0,0,0,0,0,0,0,0,0,-39000,0,0,0,0,39000,-39000,-39000
08069P,大立光國泰01售02,0,0,0,0,0,0,0,0,0,-39000,0,0,0,1000,40000,-39000,-39000
057557,聯茂凱基99購04  ,0,0,0,0,0,0,0,0,0,-39000,0,0,0,0,39000,-39000,-39000
061709,SP黃豆凱基01購02,0,0,0,0,0,0,0,0,0,-39000,0,0,0,0,39000,-39000,-39000
057925,貿聯凱基99購01  ,0,0,0,0,0,0,0,0,0,-39000,0,0,0,11000,50000,-39000,-39000
057968,可成國泰9A購01  ,0,0,0,0,0,0,0,0,0,-39000,0,0,0,0,39000,-39000,-39000
053901,T50反1凱基99購03,0,0,0,0,0,0,0,0,0,-39000,0,0,0,16000,55000,-39000,-39000
055817,京鼎國票99購01  ,0,0,0,0,0,0,0,0,0,-39000,0,0,0,2000,41000,-39000,-39000
062179,旺宏元大9B購05  ,0,0,0,0,0,0,0,0,0,-39000,0,0,0,1000,40000,-39000,-39000
062590,亞光統一9B購01  ,0,0,0,0,0,0,0,0,0,-39000,0,0,0,26000,65000,-39000,-39000
061203,國巨元大9A購15  ,0,0,0,0,0,0,0,0,0,-39000,0,0,0,11000,50000,-39000,-39000
065052,南六凱基02購02  ,0,0,0,0,0,0,0,0,0,-39000,0,0,0,21000,60000,-39000,-39000
065854,臻鼎元大9C購05  ,0,0,0,0,0,0,0,0,0,-39000,0,0,0,81000,120000,-39000,-39000
065696,旺宏群益9C購06  ,0,0,0,0,0,0,0,0,0,-39000,0,0,0,2000,41000,-39000,-39000
065694,國巨群益9C購19  ,0,0,0,0,0,0,0,0,0,-39000,0,0,0,2000,41000,-39000,-39000
065536,健鼎統一02購04  ,0,0,0,0,0,0,0,0,0,-39000,0,0,0,1000,40000,-39000,-39000
064591,臻鼎永豐9C購01  ,0,0,0,0,0,0,0,0,0,-39000,0,0,0,26000,65000,-39000,-39000
063524,瑞昱凱基9B購05  ,0,0,0,0,0,0,0,0,0,-39000,0,0,0,2000,41000,-39000,-39000
2480,敦陽科          ,60000,110000,-50000,0,0,0,0,0,0,11000,1000,0,1000,10000,0,10000,-39000
08121P,聯發科國票9B售05,0,0,0,0,0,0,0,0,0,-40000,0,0,0,10000,50000,-40000,-40000
066853,樺漢元大01購01  ,0,0,0,0,0,0,0,0,0,-40000,0,0,0,0,40000,-40000,-40000
066203,景碩統一03購01  ,0,0,0,0,0,0,0,0,0,-40000,0,0,0,10000,50000,-40000,-40000
066319,聯強永豐01購01  ,0,0,0,0,0,0,0,0,0,-40000,0,0,0,6000,46000,-40000,-40000
066396,可成凱基01購04  ,0,0,0,0,0,0,0,0,0,-40000,0,0,0,0,40000,-40000,-40000
066413,鴻海元大01購06  ,0,0,0,0,0,0,0,0,0,-40000,0,0,0,10000,50000,-40000,-40000
066392,聯強凱基01購01  ,0,0,0,0,0,0,0,0,0,-40000,0,0,0,0,40000,-40000,-40000
066008,大立光統一03購02,0,0,0,0,0,0,0,0,0,-40000,0,0,0,25000,65000,-40000,-40000
066076,台勝科凱基01購02,0,0,0,0,0,0,0,0,0,-40000,0,0,0,0,40000,-40000,-40000
056197,友訊永豐97購01  ,0,0,0,0,0,0,0,0,0,-40000,0,0,0,0,40000,-40000,-40000
058762,貿聯群益99購03  ,0,0,0,0,0,0,0,0,0,-40000,0,0,0,30000,70000,-40000,-40000
057783,台積電國票9A購01,0,0,0,0,0,0,0,0,0,-40000,0,0,0,21000,61000,-40000,-40000
00675L,富邦臺灣加權正2 ,92000,55000,37000,0,0,0,0,0,0,-77000,0,0,0,6000,83000,-77000,-40000
03650C,T50反1元大98牛05,0,0,0,0,0,0,0,0,0,-40000,0,0,0,370000,410000,-40000,-40000
056984,嘉晶群益98購01  ,0,0,0,0,0,0,0,0,0,-40000,0,0,0,0,40000,-40000,-40000
057990,美律統一99購02  ,0,0,0,0,0,0,0,0,0,-40000,0,0,0,0,40000,-40000,-40000
057212,台積電群益98購03,0,0,0,0,0,0,0,0,0,-40000,0,0,0,440000,480000,-40000,-40000
057882,華通群益9A購03  ,0,0,0,0,0,0,0,0,0,-40000,0,0,0,10000,50000,-40000,-40000
058586,鴻海中信01購02  ,0,0,0,0,0,0,0,0,0,-40000,0,0,0,0,40000,-40000,-40000
058864,欣興凱基99購04  ,0,0,0,0,0,0,0,0,0,-40000,0,0,0,0,40000,-40000,-40000
058841,深中小群益01購01,0,0,0,0,0,0,0,0,0,-40000,0,0,0,12000,52000,-40000,-40000
063057,祥碩統一03購01  ,0,0,0,0,0,0,0,0,0,-40000,0,0,0,1486000,1526000,-40000,-40000
061122,敬鵬永豐9A購01  ,0,0,0,0,0,0,0,0,0,-40000,0,0,0,60000,100000,-40000,-40000
060416,神隆永豐9A購01  ,0,0,0,0,0,0,0,0,0,-40000,0,0,0,36000,76000,-40000,-40000
060265,宏達電國票9A購02,0,0,0,0,0,0,0,0,0,-40000,0,0,0,5000,45000,-40000,-40000
062588,國巨統一9B購14  ,0,0,0,0,0,0,0,0,0,-40000,0,0,0,0,40000,-40000,-40000
062665,智易群益9B購01  ,0,0,0,0,0,0,0,0,0,-40000,0,0,0,0,40000,-40000,-40000
062620,台表科元大9B購04,0,0,0,0,0,0,0,0,0,-40000,0,0,0,27000,67000,-40000,-40000
062169,禾伸堂永豐9B購01,0,0,0,0,0,0,0,0,0,-40000,0,0,0,33000,73000,-40000,-40000
062358,國巨元大9B購12  ,0,0,0,0,0,0,0,0,0,-40000,0,0,0,11000,51000,-40000,-40000
062298,國巨第一9B購01  ,0,0,0,0,0,0,0,0,0,-40000,0,0,0,0,40000,-40000,-40000
062323,上銀統一9B購03  ,0,0,0,0,0,0,0,0,0,-40000,0,0,0,0,40000,-40000,-40000
059223,大立光元大99購14,0,0,0,0,0,0,0,0,0,-40000,0,0,0,0,40000,-40000,-40000
059247,可成凱基99購05  ,0,0,0,0,0,0,0,0,0,-40000,0,0,0,0,40000,-40000,-40000
059327,南茂元大99購01  ,0,0,0,0,0,0,0,0,0,-40000,0,0,0,0,40000,-40000,-40000
062726,華擎凱基9B購02  ,0,0,0,0,0,0,0,0,0,-40000,0,0,0,122000,162000,-40000,-40000
058906,晶相光元大99購01,0,0,0,0,0,0,0,0,0,-40000,0,0,0,0,40000,-40000,-40000
061515,泰碩永豐9A購03  ,0,0,0,0,0,0,0,0,0,-40000,0,0,0,60000,100000,-40000,-40000
062058,瑞昱統一01購01  ,0,0,0,0,0,0,0,0,0,-40000,0,0,0,10000,50000,-40000,-40000
062547,玉晶光永豐9B購05,0,0,0,0,0,0,0,0,0,-40000,0,0,0,2000,42000,-40000,-40000
062188,貿聯元大9B購02  ,0,0,0,0,0,0,0,0,0,-40000,0,0,0,0,40000,-40000,-40000
060682,牧德元大9A購03  ,0,0,0,0,0,0,0,0,0,-40000,0,0,0,20000,60000,-40000,-40000
061858,南電國票9B購02  ,0,0,0,0,0,0,0,0,0,-40000,0,0,0,0,40000,-40000,-40000
063613,全新群益9C購01  ,0,0,0,0,0,0,0,0,0,-40000,0,0,0,52000,92000,-40000,-40000
063841,國巨元大01購01  ,0,0,0,0,0,0,0,0,0,-40000,0,0,0,21000,61000,-40000,-40000
064588,玉晶光永豐9C購05,0,0,0,0,0,0,0,0,0,-40000,0,0,0,1000,41000,-40000,-40000
064559,旺宏群益01購02  ,0,0,0,0,0,0,0,0,0,-40000,0,0,0,0,40000,-40000,-40000
064521,群創群益02購01  ,0,0,0,0,0,0,0,0,0,-40000,0,0,0,0,40000,-40000,-40000
064123,台積電元大9C購09,0,0,0,0,0,0,0,0,0,-40000,0,0,0,0,40000,-40000,-40000
065688,緯創元富9C購02  ,0,0,0,0,0,0,0,0,0,-40000,0,0,0,167000,207000,-40000,-40000
064966,FBVIX元大9C購03 ,0,0,0,0,0,0,0,0,0,-40000,0,0,0,15000,55000,-40000,-40000
065196,技嘉元富06購01  ,0,0,0,0,0,0,0,0,0,-40000,0,0,0,86000,126000,-40000,-40000
065168,台積電元大02購02,0,0,0,0,0,0,0,0,0,-40000,0,0,0,0,40000,-40000,-40000
064868,嘉晶永豐9C購02  ,0,0,0,0,0,0,0,0,0,-40000,0,0,0,0,40000,-40000,-40000
2106,建大            ,304000,345000,-41000,0,0,0,0,0,0,1000,1000,0,1000,0,0,0,-40000
066168,強茂凱基01購02  ,0,0,0,0,0,0,0,0,0,-41000,0,0,0,29000,70000,-41000,-41000
066527,泰鼎統一03購01  ,0,0,0,0,0,0,0,0,0,-41000,0,0,0,0,41000,-41000,-41000
08090P,嘉澤統一9B售01  ,0,0,0,0,0,0,0,0,0,-41000,0,0,0,0,41000,-41000,-41000
052890,FB上証群益9B購01,0,0,0,0,0,0,0,0,0,-41000,0,0,0,0,41000,-41000,-41000
055933,欣興群益98購02  ,0,0,0,0,0,0,0,0,0,-41000,0,0,0,10000,51000,-41000,-41000
061531,奇鋐台新9A購01  ,0,0,0,0,0,0,0,0,0,-41000,0,0,0,19000,60000,-41000,-41000
061503,臻鼎國票9B購01  ,0,0,0,0,0,0,0,0,0,-41000,0,0,0,0,41000,-41000,-41000
062781,微星元大9C購01  ,0,0,0,0,0,0,0,0,0,-41000,0,0,0,44000,85000,-41000,-41000
065551,聯發科凱基9C購11,0,0,0,0,0,0,0,0,0,-41000,0,0,0,0,41000,-41000,-41000
065292,緯創群益9C購01  ,0,0,0,0,0,0,0,0,0,-41000,0,0,0,26000,67000,-41000,-41000
063911,大立光凱基9C購03,0,0,0,0,0,0,0,0,0,-41000,0,0,0,0,41000,-41000,-41000
063459,華通元大9B購08  ,0,0,0,0,0,0,0,0,0,-41000,0,0,0,0,41000,-41000,-41000
063509,超眾群益9B購03  ,0,0,0,0,0,0,0,0,0,-41000,0,0,0,9000,50000,-41000,-41000
3050,鈺德            ,26000,67000,-41000,0,0,0,0,0,0,0,0,0,0,0,0,0,-41000
066395,可成凱基01購03  ,0,0,0,0,0,0,0,0,0,-42000,0,0,0,3000,45000,-42000,-42000
053063,力山群益98購01  ,0,0,0,0,0,0,0,0,0,-42000,0,0,0,100000,142000,-42000,-42000
058540,嘉聯益國泰9A購02,0,0,0,0,0,0,0,0,0,-42000,0,0,0,0,42000,-42000,-42000
057924,健策凱基98購02  ,0,0,0,0,0,0,0,0,0,-42000,0,0,0,1000,43000,-42000,-42000
061936,旺宏國票9B購03  ,0,0,0,0,0,0,0,0,0,-42000,0,0,0,0,42000,-42000,-42000
062768,南電凱基9B購04  ,0,0,0,0,0,0,0,0,0,-42000,0,0,0,8000,50000,-42000,-42000
063118,中鋼元大9C購01  ,0,0,0,0,0,0,0,0,0,-42000,0,0,0,20000,62000,-42000,-42000
063251,同欣電元大9B購04,0,0,0,0,0,0,0,0,0,-42000,0,0,0,34000,76000,-42000,-42000
060027,元金2X永豐99購02,0,0,0,0,0,0,0,0,0,-42000,0,0,0,0,42000,-42000,-42000
061117,美律國泰9C購01  ,0,0,0,0,0,0,0,0,0,-42000,0,0,0,13000,55000,-42000,-42000
062226,臻鼎統一9B購01  ,0,0,0,0,0,0,0,0,0,-42000,0,0,0,48000,90000,-42000,-42000
062098,億光永豐9B購01  ,0,0,0,0,0,0,0,0,0,-42000,0,0,0,120000,162000,-42000,-42000
061373,華通富邦9A購02  ,0,0,0,0,0,0,0,0,0,-42000,0,0,0,90000,132000,-42000,-42000
059294,宏達電元富9B購02,0,0,0,0,0,0,0,0,0,-42000,0,0,0,10000,52000,-42000,-42000
059474,元石油群益99購01,0,0,0,0,0,0,0,0,0,-42000,0,0,0,0,42000,-42000,-42000
063412,寶成國票9C購01  ,0,0,0,0,0,0,0,0,0,-42000,0,0,0,38000,80000,-42000,-42000
063931,牧德統一01購02  ,0,0,0,0,0,0,0,0,0,-42000,0,0,0,0,42000,-42000,-42000
063924,致新元富9C購01  ,0,0,0,0,0,0,0,0,0,-42000,0,0,0,8000,50000,-42000,-42000
065252,玉晶光永豐9C購08,0,0,0,0,0,0,0,0,0,-42000,0,0,0,10000,52000,-42000,-42000
065860,南電元大02購01  ,0,0,0,0,0,0,0,0,0,-42000,0,0,0,0,42000,-42000,-42000
064899,大立光群益9C購06,0,0,0,0,0,0,0,0,0,-42000,0,0,0,10000,52000,-42000,-42000
065156,可成群益01購02  ,0,0,0,0,0,0,0,0,0,-42000,0,0,0,1000,43000,-42000,-42000
3057,喬鼎            ,21000,63000,-42000,0,0,0,0,0,0,0,0,0,0,0,0,0,-42000
3004,豐達科          ,11000,8000,3000,0,0,0,0,45000,-45000,0,0,0,0,0,0,0,-42000
2617,台航            ,10000,52000,-42000,0,0,0,0,0,0,0,0,0,0,0,0,0,-42000
08498P,大立光國票01售02,0,0,0,0,0,0,0,0,0,-43000,0,0,0,0,43000,-43000,-43000
061638,國泰金元大9A購03,0,0,0,0,0,0,0,0,0,-43000,0,0,0,0,43000,-43000,-43000
057937,神達群益98購02  ,0,0,0,0,0,0,0,0,0,-43000,0,0,0,128000,171000,-43000,-43000
058190,貿聯永豐99購01  ,0,0,0,0,0,0,0,0,0,-43000,0,0,0,0,43000,-43000,-43000
058299,同欣電凱基9A購01,0,0,0,0,0,0,0,0,0,-43000,0,0,0,34000,77000,-43000,-43000
056635,亞德客日盛99購01,0,0,0,0,0,0,0,0,0,-43000,0,0,0,0,43000,-43000,-43000
059164,旺宏凱基99購06  ,0,0,0,0,0,0,0,0,0,-43000,0,0,0,0,43000,-43000,-43000
062140,元金2X國票9B購03,0,0,0,0,0,0,0,0,0,-43000,0,0,0,0,43000,-43000,-43000
061512,國巨永豐9A購04  ,0,0,0,0,0,0,0,0,0,-43000,0,0,0,0,43000,-43000,-43000
061065,神基凱基9A購01  ,0,0,0,0,0,0,0,0,0,-43000,0,0,0,0,43000,-43000,-43000
062974,奇力新元富9B購01,0,0,0,0,0,0,0,0,0,-43000,0,0,0,16000,59000,-43000,-43000
065147,寶成凱基01購01  ,0,0,0,0,0,0,0,0,0,-43000,0,0,0,0,43000,-43000,-43000
065260,金像電元大9C購07,0,0,0,0,0,0,0,0,0,-43000,0,0,0,151000,194000,-43000,-43000
065412,金像電永豐9C購01,0,0,0,0,0,0,0,0,0,-43000,0,0,0,122000,165000,-43000,-43000
063868,嘉晶永豐9C購01  ,0,0,0,0,0,0,0,0,0,-43000,0,0,0,3000,46000,-43000,-43000
063686,國巨永豐9B購04  ,0,0,0,0,0,0,0,0,0,-43000,0,0,0,0,43000,-43000,-43000
064362,友達統一01購02  ,0,0,0,0,0,0,0,0,0,-43000,0,0,0,0,43000,-43000,-43000
2809,京城銀          ,359000,394000,-35000,0,0,0,0,1000,-1000,-7000,60000,0,60000,19000,86000,-67000,-43000
066833,正文群益01購01  ,0,0,0,0,0,0,0,0,0,-44000,0,0,0,0,44000,-44000,-44000
058495,元大金群益9B購01,0,0,0,0,0,0,0,0,0,-44000,0,0,0,48000,92000,-44000,-44000
057629,泰碩永豐98購02  ,0,0,0,0,0,0,0,0,0,-44000,0,0,0,0,44000,-44000,-44000
059064,緯穎凱基99購02  ,0,0,0,0,0,0,0,0,0,-44000,0,0,0,6000,50000,-44000,-44000
061439,寶成凱基9A購01  ,0,0,0,0,0,0,0,0,0,-44000,0,0,0,69000,113000,-44000,-44000
063971,健鼎國票01購01  ,0,0,0,0,0,0,0,0,0,-44000,0,0,0,0,44000,-44000,-44000
065393,旺宏群益9C購04  ,0,0,0,0,0,0,0,0,0,-44000,0,0,0,34000,78000,-44000,-44000
065304,台勝科元富03購01,0,0,0,0,0,0,0,0,0,-44000,0,0,0,98000,142000,-44000,-44000
065184,和大統一02購04  ,0,0,0,0,0,0,0,0,0,-44000,0,0,0,35000,79000,-44000,-44000
066354,緯穎永豐01購01  ,0,0,0,0,0,0,0,0,0,-45000,0,0,0,0,45000,-45000,-45000
066445,牧德群益01購01  ,0,0,0,0,0,0,0,0,0,-45000,0,0,0,0,45000,-45000,-45000
066262,華碩元大01購02  ,0,0,0,0,0,0,0,0,0,-45000,0,0,0,42000,87000,-45000,-45000
066019,T50反1群益01購03,0,0,0,0,0,0,0,0,0,-45000,0,0,0,0,45000,-45000,-45000
1611,中電            ,22000,67000,-45000,0,0,0,0,0,0,0,0,0,0,0,0,0,-45000
057454,上銀國泰99購02  ,0,0,0,0,0,0,0,0,0,-45000,0,0,0,0,45000,-45000,-45000
061617,微星群益9A購02  ,0,0,0,0,0,0,0,0,0,-45000,0,0,0,59000,104000,-45000,-45000
061972,華新元大9B購01  ,0,0,0,0,0,0,0,0,0,-45000,0,0,0,5000,50000,-45000,-45000
054223,大立光統一98購04,0,0,0,0,0,0,0,0,0,-45000,0,0,0,0,45000,-45000,-45000
056363,華新科元大99購04,0,0,0,0,0,0,0,0,0,-45000,0,0,0,10000,55000,-45000,-45000
056253,京鼎兆豐98購01  ,0,0,0,0,0,0,0,0,0,-45000,0,0,0,0,45000,-45000,-45000
057780,台郡群益98購02  ,0,0,0,0,0,0,0,0,0,-45000,0,0,0,0,45000,-45000,-45000
062598,華通台新9B購02  ,0,0,0,0,0,0,0,0,0,-45000,0,0,0,14000,59000,-45000,-45000
062436,國巨元大9B購14  ,0,0,0,0,0,0,0,0,0,-45000,0,0,0,5000,50000,-45000,-45000
059194,元金2X永豐99購01,0,0,0,0,0,0,0,0,0,-45000,0,0,0,5000,50000,-45000,-45000
062708,立積元大9B購01  ,0,0,0,0,0,0,0,0,0,-45000,0,0,0,45000,90000,-45000,-45000
062739,嘉晶國票9B購02  ,0,0,0,0,0,0,0,0,0,-45000,0,0,0,4000,49000,-45000,-45000
060304,大立光富邦9C購05,0,0,0,0,0,0,0,0,0,-45000,0,0,0,0,45000,-45000,-45000
063082,瑞昱凱基9B購04  ,0,0,0,0,0,0,0,0,0,-45000,0,0,0,30000,75000,-45000,-45000
063265,瑞祺永豐9B購01  ,0,0,0,0,0,0,0,0,0,-45000,0,0,0,214000,259000,-45000,-45000
058971,台積電永豐99購03,0,0,0,0,0,0,0,0,0,-45000,0,0,0,100000,145000,-45000,-45000
064914,友達統一02購03  ,0,0,0,0,0,0,0,0,0,-45000,0,0,0,231000,276000,-45000,-45000
065039,國巨凱基02購02  ,0,0,0,0,0,0,0,0,0,-45000,0,0,0,35000,80000,-45000,-45000
064838,旭富統一01購01  ,0,0,0,0,0,0,0,0,0,-45000,0,0,0,192000,237000,-45000,-45000
065864,光寶科群益9C購01,0,0,0,0,0,0,0,0,0,-45000,0,0,0,0,45000,-45000,-45000
063294,美律麥證9B購01  ,0,0,0,0,45000,-45000,0,0,0,-45000,0,0,0,0,45000,-45000,-45000
063579,GIS元大9C購01   ,0,0,0,0,0,0,0,0,0,-45000,0,0,0,0,45000,-45000,-45000
1101B,台泥乙特        ,0,0,0,0,0,0,0,0,0,-46000,4000,50000,-46000,0,0,0,-46000
065953,宏達電統一03購01,0,0,0,0,0,0,0,0,0,-46000,0,0,0,19000,65000,-46000,-46000
065921,GIS凱基01購02   ,0,0,0,0,0,0,0,0,0,-46000,0,0,0,13000,59000,-46000,-46000
066255,英利元大01購01  ,0,0,0,0,0,0,0,0,0,-46000,0,0,0,88000,134000,-46000,-46000
066767,敦泰永豐01購02  ,0,0,0,0,0,0,0,0,0,-46000,0,0,0,187000,233000,-46000,-46000
06673P,大立光群益98售01,0,0,0,0,0,0,0,0,0,-46000,0,0,0,72000,118000,-46000,-46000
057837,康控國泰99購02  ,0,0,0,0,0,0,0,0,0,-46000,0,0,0,117000,163000,-46000,-46000
057000,亞德客國票99購01,0,0,0,0,0,0,0,0,0,-46000,0,0,0,5000,51000,-46000,-46000
059267,群創中信01購02  ,0,0,0,0,0,0,0,0,0,-46000,0,0,0,3000,49000,-46000,-46000
064206,鴻海凱基03購02  ,0,0,0,0,0,0,0,0,0,-46000,0,0,0,19000,65000,-46000,-46000
065795,康友永豐9C購02  ,0,0,0,0,0,0,0,0,0,-46000,0,0,0,20000,66000,-46000,-46000
065645,嘉晶元大01購02  ,0,0,0,0,0,0,0,0,0,-46000,0,0,0,146000,192000,-46000,-46000
065022,同欣電富邦01購01,0,0,0,0,0,0,0,0,0,-46000,0,0,0,0,46000,-46000,-46000
065190,緯穎統一9C購02  ,0,0,0,0,0,0,0,0,0,-46000,0,0,0,75000,121000,-46000,-46000
4560,強信-KY         ,186000,232000,-46000,0,0,0,0,0,0,0,0,0,0,0,0,0,-46000
066819,樺漢兆豐01購01  ,0,0,0,0,0,0,0,0,0,-47000,0,0,0,0,47000,-47000,-47000
066274,景碩元大01購02  ,0,0,0,0,0,0,0,0,0,-47000,0,0,0,12000,59000,-47000,-47000
065940,立積群益02購01  ,0,0,0,0,0,0,0,0,0,-47000,0,0,0,13000,60000,-47000,-47000
08543P,世芯國票01售02  ,0,0,0,0,0,0,0,0,0,-47000,0,0,0,55000,102000,-47000,-47000
057071,華擎永豐98購02  ,0,0,0,0,0,0,0,0,0,-47000,0,0,0,0,47000,-47000,-47000
057964,緯穎元大99購03  ,0,0,0,0,0,0,0,0,0,-47000,0,0,0,10000,57000,-47000,-47000
053887,聯茂兆豐97購02  ,0,0,0,0,0,0,0,0,0,-47000,0,0,0,0,47000,-47000,-47000
062730,致伸凱基9B購01  ,0,0,0,0,0,0,0,0,0,-47000,0,0,0,3000,50000,-47000,-47000
061238,晶技元大9A購02  ,0,0,0,0,0,0,0,0,0,-47000,0,0,0,67000,114000,-47000,-47000
063982,TPK兆豐9C購01   ,0,0,0,0,0,0,0,0,0,-47000,0,0,0,0,47000,-47000,-47000
064297,台郡國票01購01  ,0,0,0,0,0,0,0,0,0,-47000,0,0,0,0,47000,-47000,-47000
063382,南茂永豐9B購01  ,0,0,0,0,0,0,0,0,0,-47000,0,0,0,30000,77000,-47000,-47000
063691,聯鈞永豐9B購01  ,0,0,0,0,0,0,0,0,0,-47000,0,0,0,30000,77000,-47000,-47000
063677,台光電國泰9C購02,0,0,0,0,0,0,0,0,0,-47000,0,0,0,10000,57000,-47000,-47000
6491,晶碩            ,47000,140000,-93000,0,0,0,10000,0,10000,36000,10000,0,10000,31000,5000,26000,-47000
08521P,台達電元大9C售03,0,0,0,0,0,0,0,0,0,-48000,0,0,0,11000,59000,-48000,-48000
07616P,瑞昱中信02售01  ,0,0,0,0,0,0,0,0,0,-48000,0,0,0,0,48000,-48000,-48000
066286,瑞祺元大01購01  ,0,0,0,0,0,0,0,0,0,-48000,0,0,0,43000,91000,-48000,-48000
066444,華擎群益01購03  ,0,0,0,0,0,0,0,0,0,-48000,0,0,0,20000,68000,-48000,-48000
066539,晶技兆豐01購02  ,0,0,0,0,0,0,0,0,0,-48000,0,0,0,12000,60000,-48000,-48000
056650,彩晶凱基9A購01  ,0,0,0,0,0,0,0,0,0,-48000,0,0,0,22000,70000,-48000,-48000
055337,超眾兆豐98購01  ,0,0,0,0,0,0,0,0,0,-48000,0,0,0,0,48000,-48000,-48000
058026,上銀富邦9A購01  ,0,0,0,0,0,0,0,0,0,-48000,0,0,0,0,48000,-48000,-48000
058236,大立光元大99購09,0,0,0,0,0,0,0,0,0,-48000,0,0,0,13000,61000,-48000,-48000
057589,超眾國票9A購01  ,0,0,0,0,0,0,0,0,0,-48000,0,0,0,29000,77000,-48000,-48000
061697,世紀鋼群益9A購03,0,0,0,0,0,0,0,0,0,-48000,0,0,0,0,48000,-48000,-48000
062874,微星兆豐9B購01  ,0,0,0,0,0,0,0,0,0,-48000,0,0,0,115000,163000,-48000,-48000
060018,國產康和99購01  ,0,0,0,0,0,0,0,0,0,-48000,0,0,0,0,48000,-48000,-48000
059278,群創元大9A購04  ,0,0,0,0,0,0,0,0,0,-48000,0,0,0,15000,63000,-48000,-48000
063604,群創凱基01購02  ,0,0,0,0,0,0,0,0,0,-48000,0,0,0,29000,77000,-48000,-48000
063358,華擎國泰01購01  ,0,0,0,0,0,0,0,0,0,-48000,0,0,0,8000,56000,-48000,-48000
063399,智原群益9B購01  ,0,0,0,0,0,0,0,0,0,-48000,0,0,0,15000,63000,-48000,-48000
064132,神達元大9C購02  ,0,0,0,0,0,0,0,0,0,-48000,0,0,0,448000,496000,-48000,-48000
064233,燿華統一9C購02  ,0,0,0,0,0,0,0,0,0,-48000,0,0,0,0,48000,-48000,-48000
065034,玉晶光統一01購11,0,0,0,0,0,0,0,0,0,-48000,0,0,0,0,48000,-48000,-48000
065777,正崴國泰03購01  ,0,0,0,0,0,0,0,0,0,-48000,0,0,0,0,48000,-48000,-48000
065306,泰鼎元富9C購02  ,0,0,0,0,0,0,0,0,0,-48000,0,0,0,12000,60000,-48000,-48000
065957,華擎統一03購02  ,0,0,0,0,0,0,0,0,0,-49000,0,0,0,421000,470000,-49000,-49000
066098,華碩中信02購01  ,0,0,0,0,0,0,0,0,0,-49000,0,0,0,20000,69000,-49000,-49000
08215P,旺宏群益9B售04  ,0,0,0,0,0,0,0,0,0,-49000,0,0,0,1000,50000,-49000,-49000
08411P,技嘉凱基9C售01  ,0,0,0,0,0,0,0,0,0,-49000,0,0,0,50000,99000,-49000,-49000
1527,鑽全            ,17000,71000,-54000,0,0,0,0,0,0,5000,5000,0,5000,0,0,0,-49000
058377,茂林凱基9A購03  ,0,0,0,0,0,0,0,0,0,-49000,0,0,0,23000,72000,-49000,-49000
056460,同欣電凱基99購01,0,0,0,0,0,0,0,0,0,-49000,0,0,0,1000,50000,-49000,-49000
01010T,京城樂富R1      ,0,0,0,0,0,0,0,0,0,-49000,0,49000,-49000,0,0,0,-49000
059456,智易永豐99購01  ,0,0,0,0,0,0,0,0,0,-49000,0,0,0,0,49000,-49000,-49000
062184,奇鋐元大9B購02  ,0,0,0,0,0,0,0,0,0,-49000,0,0,0,416000,465000,-49000,-49000
059865,國巨凱基01購01  ,0,0,0,0,0,0,0,0,0,-49000,0,0,0,111000,160000,-49000,-49000
061901,柏文永豐9B購01  ,0,0,0,0,0,0,0,0,0,-49000,0,0,0,0,49000,-49000,-49000
060774,南亞科凱基9A購01,0,0,0,0,0,0,0,0,0,-49000,0,0,0,0,49000,-49000,-49000
060867,智伸科永豐9A購01,0,0,0,0,0,0,0,0,0,-49000,0,0,0,10000,59000,-49000,-49000
060182,旺宏元富9A購01  ,0,0,0,0,0,0,0,0,0,-49000,0,0,0,0,49000,-49000,-49000
063271,中磊兆豐9C購01  ,0,0,0,0,0,0,0,0,0,-49000,0,0,0,0,49000,-49000,-49000
06570P,大立光永豐98售01,0,0,0,0,0,0,0,0,0,-49000,0,0,0,1000,50000,-49000,-49000
064731,台郡統一01購02  ,0,0,0,0,0,0,0,0,0,-49000,0,0,0,40000,89000,-49000,-49000
064615,智邦元大01購01  ,0,0,0,0,0,0,0,0,0,-49000,0,0,0,32000,81000,-49000,-49000
064148,瑞昱統一02購01  ,0,0,0,0,0,0,0,0,0,-49000,0,0,0,18000,67000,-49000,-49000
064451,技嘉統一01購02  ,0,0,0,0,0,0,0,0,0,-49000,0,0,0,1000,50000,-49000,-49000
06327P,台積電中信01售01,0,0,0,0,0,0,0,0,0,-49000,0,0,0,0,49000,-49000,-49000
063556,儒鴻元大9B購02  ,0,0,0,0,0,0,0,0,0,-49000,0,0,0,33000,82000,-49000,-49000
063469,牧德元大9C購02  ,0,0,0,0,0,0,0,0,0,-49000,0,0,0,1000,50000,-49000,-49000
8249,菱光            ,0,49000,-49000,0,0,0,0,0,0,0,0,0,0,0,0,0,-49000
08401P,玉晶光元富9C售04,0,0,0,0,0,0,0,0,0,-50000,0,0,0,115000,165000,-50000,-50000
08452P,智邦台新9C售05  ,0,0,0,0,0,0,0,0,0,-50000,0,0,0,0,50000,-50000,-50000
08307P,台積電凱基9C售03,0,0,0,0,0,0,0,0,0,-50000,0,0,0,0,50000,-50000,-50000
07839P,嘉澤元大9A售04  ,0,0,0,0,0,0,0,0,0,-50000,0,0,0,0,50000,-50000,-50000
07629P,臺股指凱基9A售10,0,0,0,0,0,0,0,0,0,-50000,0,0,0,0,50000,-50000,-50000
07546P,玉晶光凱基9A售09,0,0,0,0,0,0,0,0,0,-50000,0,0,0,30000,80000,-50000,-50000
07783P,聯發科富邦9C售03,0,0,0,0,0,0,0,0,0,-50000,0,0,0,0,50000,-50000,-50000
065913,光寶科凱基01購01,0,0,0,0,0,0,0,0,0,-50000,0,0,0,0,50000,-50000,-50000
065905,聯茂富邦02購01  ,0,0,0,0,0,0,0,0,0,-50000,0,0,0,0,50000,-50000,-50000
066261,華碩元大01購01  ,0,0,0,0,0,0,0,0,0,-50000,0,0,0,22000,72000,-50000,-50000
066547,台積電元大01購14,0,0,0,0,0,0,0,0,0,-50000,0,0,0,0,50000,-50000,-50000
066728,台積電元大01購15,0,0,0,0,0,0,0,0,0,-50000,0,0,0,0,50000,-50000,-50000
066770,上証2X富邦02購02,0,0,0,0,0,0,0,0,0,-50000,0,0,0,90000,140000,-50000,-50000
066659,燿華凱基03購01  ,0,0,0,0,0,0,0,0,0,-50000,0,0,0,0,50000,-50000,-50000
06801P,技嘉群益99售02  ,0,0,0,0,0,0,0,0,0,-50000,0,0,0,0,50000,-50000,-50000
06798P,臺股指凱基98售08,0,0,0,0,0,0,0,0,0,-50000,0,0,0,23000,73000,-50000,-50000
06933P,禾伸堂元大98售03,0,0,0,0,0,0,0,0,0,-50000,0,0,0,20000,70000,-50000,-50000
06929P,鴻海元大99售11  ,0,0,0,0,0,0,0,0,0,-50000,0,0,0,0,50000,-50000,-50000
06893P,致新元富98售02  ,0,0,0,0,0,0,0,0,0,-50000,0,0,0,50000,100000,-50000,-50000
053875,GIS元大97購01   ,0,0,0,0,0,0,0,0,0,-50000,0,0,0,0,50000,-50000,-50000
053095,台光電統一98購01,0,0,0,0,0,0,0,0,0,-50000,0,0,0,3000,53000,-50000,-50000
054218,S&P反1統一98購02,0,0,0,0,0,0,0,0,0,-50000,0,0,0,0,50000,-50000,-50000
057746,同欣電永豐98購02,0,0,0,0,0,0,0,0,0,-50000,0,0,0,50000,100000,-50000,-50000
057757,鴻海凱基98購13  ,0,0,0,0,0,0,0,0,0,-50000,0,0,0,15000,65000,-50000,-50000
056259,T50反1統一9A購01,0,0,0,0,0,0,0,0,0,-50000,0,0,0,50000,100000,-50000,-50000
056290,正文永豐98購01  ,0,0,0,0,0,0,0,0,0,-50000,0,0,0,0,50000,-50000,-50000
056344,嘉晶凱基98購02  ,0,0,0,0,0,0,0,0,0,-50000,0,0,0,16000,66000,-50000,-50000
055921,新唐凱基98購01  ,0,0,0,0,0,0,0,0,0,-50000,0,0,0,0,50000,-50000,-50000
058843,元油2X群益9C購02,0,0,0,0,0,0,0,0,0,-50000,0,0,0,0,50000,-50000,-50000
058410,國巨兆豐99購03  ,0,0,0,0,0,0,0,0,0,-50000,0,0,0,6000,56000,-50000,-50000
057176,全新元大99購02  ,0,0,0,0,0,0,0,0,0,-50000,0,0,0,12000,62000,-50000,-50000
058167,鴻海凱基9A購03  ,0,0,0,0,0,0,0,0,0,-50000,0,0,0,15000,65000,-50000,-50000
061917,亞德客凱基9B購02,0,0,0,0,0,0,0,0,0,-50000,0,0,0,0,50000,-50000,-50000
061565,滬深2X元大9A購08,0,0,0,0,0,0,0,0,0,-50000,0,0,0,0,50000,-50000,-50000
057579,長榮航中信9A購01,0,0,0,0,0,0,0,0,0,-50000,0,0,0,0,50000,-50000,-50000
057286,群創元大9B購05  ,0,0,0,0,0,0,0,0,0,-50000,0,0,0,0,50000,-50000,-50000
062921,GIS元大9B購01   ,0,0,0,0,0,0,0,0,0,-50000,0,0,0,0,50000,-50000,-50000
063009,國巨元大9B購18  ,0,0,0,0,0,0,0,0,0,-50000,0,0,0,50000,100000,-50000,-50000
062827,神基群益9B購01  ,0,0,0,0,0,0,0,0,0,-50000,0,0,0,0,50000,-50000,-50000
061270,彩晶凱基9A購02  ,0,0,0,0,0,0,0,0,0,-50000,0,0,0,10000,60000,-50000,-50000
061207,美律元大9A購04  ,0,0,0,0,0,0,0,0,0,-50000,0,0,0,0,50000,-50000,-50000
059003,中壽元大99購01  ,0,0,0,0,0,0,0,0,0,-50000,0,0,0,50000,100000,-50000,-50000
059052,為升凱基99購01  ,0,0,0,0,0,0,0,0,0,-50000,0,0,0,0,50000,-50000,-50000
060811,亞德客凱基9A購02,0,0,0,0,0,0,0,0,0,-50000,0,0,0,0,50000,-50000,-50000
060116,世紀鋼元大99購07,0,0,0,0,0,0,0,0,0,-50000,0,0,0,10000,60000,-50000,-50000
060543,鴻海凱基9B購02  ,0,0,0,0,0,0,0,0,0,-50000,0,0,0,12000,62000,-50000,-50000
061027,儒鴻永豐9A購02  ,0,0,0,0,0,0,0,0,0,-50000,0,0,0,30000,80000,-50000,-50000
061059,世芯國票9B購01  ,0,0,0,0,0,0,0,0,0,-50000,0,0,0,0,50000,-50000,-50000
061141,臻鼎統一9A購01  ,0,0,0,0,0,0,0,0,0,-50000,0,0,0,10000,60000,-50000,-50000
060055,宏達電凱基99購06,0,0,0,0,0,0,0,0,0,-50000,0,0,0,1000,51000,-50000,-50000
059654,T50反1元大99購09,0,0,0,0,0,0,0,0,0,-50000,0,0,0,0,50000,-50000,-50000
060286,佳世達元大9C購01,0,0,0,0,0,0,0,0,0,-50000,0,0,0,0,50000,-50000,-50000
060384,葡萄王凱基9B購01,0,0,0,0,0,0,0,0,0,-50000,0,0,0,0,50000,-50000,-50000
060756,鴻海元大9A購16  ,0,0,0,0,0,0,0,0,0,-50000,0,0,0,17000,67000,-50000,-50000
059952,旺宏康和99購01  ,0,0,0,0,0,0,0,0,0,-50000,0,0,0,0,50000,-50000,-50000
062076,美律元大9B購02  ,0,0,0,0,0,0,0,0,0,-50000,0,0,0,0,50000,-50000,-50000
059754,訊芯群益9A購01  ,0,0,0,0,0,0,0,0,0,-50000,0,0,0,0,50000,-50000,-50000
061833,華新科凱基02購01,0,0,0,0,0,0,0,0,0,-50000,0,0,0,10000,60000,-50000,-50000
061435,元金2X凱基9C購03,0,0,0,0,0,0,0,0,0,-50000,0,0,0,0,50000,-50000,-50000
061324,華新科凱基9C購01,0,0,0,0,0,0,0,0,0,-50000,0,0,0,3000,53000,-50000,-50000
062579,華通統一01購02  ,0,0,0,0,0,0,0,0,0,-50000,0,0,0,0,50000,-50000,-50000
062124,大立光統一9B購09,0,0,0,0,0,0,0,0,0,-50000,0,0,0,0,50000,-50000,-50000
062392,國巨富邦02購01  ,0,0,0,0,0,0,0,0,0,-50000,0,0,0,0,50000,-50000,-50000
059291,華新科元富9B購01,0,0,0,0,0,0,0,0,0,-50000,0,0,0,10000,60000,-50000,-50000
062757,華通凱基9B購02  ,0,0,0,0,0,0,0,0,0,-50000,0,0,0,0,50000,-50000,-50000
063472,茂林元大9B購04  ,0,0,0,0,0,0,0,0,0,-50000,0,0,0,0,50000,-50000,-50000
063499,金像電永豐9B購03,0,0,0,0,0,0,0,0,0,-50000,0,0,0,0,50000,-50000,-50000
063598,國巨凱基9B購14  ,0,0,0,0,0,0,0,0,0,-50000,0,0,0,1000,51000,-50000,-50000
063307,同欣電凱基9B購02,0,0,0,0,0,0,0,0,0,-50000,0,0,0,4000,54000,-50000,-50000
063385,可成中信9C購01  ,0,0,0,0,0,0,0,0,0,-50000,0,0,0,10000,60000,-50000,-50000
063832,矽創國票01購01  ,0,0,0,0,0,0,0,0,0,-50000,0,0,0,2000,52000,-50000,-50000
063888,TPK中信01購01   ,0,0,0,0,0,0,0,0,0,-50000,0,0,0,0,50000,-50000,-50000
064487,和大元大9C購01  ,0,0,0,0,0,0,0,0,0,-50000,0,0,0,0,50000,-50000,-50000
064427,喬山凱基01購01  ,0,0,0,0,0,0,0,0,0,-50000,0,0,0,66000,116000,-50000,-50000
064220,力山國票01購01  ,0,0,0,0,0,0,0,0,0,-50000,0,0,0,16000,66000,-50000,-50000
063957,臻鼎元大9C購01  ,0,0,0,0,0,0,0,0,0,-50000,0,0,0,0,50000,-50000,-50000
064667,大立光元大02購01,0,0,0,0,0,0,0,0,0,-50000,0,0,0,15000,65000,-50000,-50000
064904,茂林群益9C購02  ,0,0,0,0,0,0,0,0,0,-50000,0,0,0,52000,102000,-50000,-50000
064802,台積電元大01購04,0,0,0,0,0,0,0,0,0,-50000,0,0,0,0,50000,-50000,-50000
064958,GIS凱基02購03   ,0,0,0,0,0,0,0,0,0,-50000,0,0,0,0,50000,-50000,-50000
065107,道瓊反國票9C購03,0,0,0,0,0,0,0,0,0,-50000,0,0,0,0,50000,-50000,-50000
06568P,國巨永豐98售05  ,0,0,0,0,0,0,0,0,0,-50000,0,0,0,0,50000,-50000,-50000
065734,凌華凱基9C購01  ,0,0,0,0,0,0,0,0,0,-50000,0,0,0,0,50000,-50000,-50000
065859,GIS元大9C購10   ,0,0,0,0,0,0,0,0,0,-50000,0,0,0,183000,233000,-50000,-50000
06529P,貿聯富邦99售03  ,0,0,0,0,0,0,0,0,0,-50000,0,0,0,10000,60000,-50000,-50000
065317,上銀凱基9C購03  ,0,0,0,0,0,0,0,0,0,-50000,0,0,0,0,50000,-50000,-50000
065328,緯穎凱基9C購03  ,0,0,0,0,0,0,0,0,0,-50000,0,0,0,20000,70000,-50000,-50000
6112,聚碩            ,144000,218000,-74000,0,0,0,0,0,0,24000,1000,0,1000,23000,0,23000,-50000
8429,金麗-KY         ,109000,159782,-50782,0,0,0,0,0,0,0,0,0,0,0,0,0,-50782
06851P,鈺齊元大98售01  ,0,0,0,0,0,0,0,0,0,-51000,0,0,0,96000,147000,-51000,-51000
06999P,玉晶光國票9B售01,0,0,0,0,0,0,0,0,0,-51000,0,0,0,114000,165000,-51000,-51000
061914,台光電中信9B購01,0,0,0,0,0,0,0,0,0,-51000,0,0,0,0,51000,-51000,-51000
056312,茂林元大98購01  ,0,0,0,0,0,0,0,0,0,-51000,0,0,0,0,51000,-51000,-51000
054819,裕民元大9A購01  ,0,0,0,0,0,0,0,0,0,-51000,0,0,0,91000,142000,-51000,-51000
057782,台積電國票99購07,0,0,0,0,0,0,0,0,0,-51000,0,0,0,285000,336000,-51000,-51000
062361,智邦元大9B購06  ,0,0,0,0,0,0,0,0,0,-51000,0,0,0,0,51000,-51000,-51000
062332,大立光統一9B購11,0,0,0,0,0,0,0,0,0,-51000,0,0,0,0,51000,-51000,-51000
059836,大立光國泰9B購02,0,0,0,0,0,0,0,0,0,-51000,0,0,0,21000,72000,-51000,-51000
062235,億光凱基9B購01  ,0,0,0,0,0,0,0,0,0,-51000,0,0,0,223000,274000,-51000,-51000
060791,聯茂富邦9A購02  ,0,0,0,0,0,0,0,0,0,-51000,0,0,0,0,51000,-51000,-51000
065811,億豐群益9C購01  ,0,0,0,0,0,0,0,0,0,-51000,0,0,0,153000,204000,-51000,-51000
065742,宏達電麥證9C購01,0,0,0,0,51000,-51000,0,0,0,-51000,0,0,0,0,51000,-51000,-51000
065100,聯茂元大9C購04  ,0,0,0,0,0,0,0,0,0,-51000,0,0,0,68000,119000,-51000,-51000
064954,奇鋐凱基9C購01  ,100000,63000,37000,0,0,0,0,0,0,-88000,0,0,0,534000,622000,-88000,-51000
064112,宏碁國票01購01  ,0,0,0,0,0,0,0,0,0,-51000,0,0,0,37000,88000,-51000,-51000
064476,金像電國泰02購01,0,0,0,0,0,0,0,0,0,-51000,0,0,0,825000,876000,-51000,-51000
063301,鴻海凱基9B購08  ,0,0,0,0,0,0,0,0,0,-51000,0,0,0,21000,72000,-51000,-51000
066481,華碩元富01購01  ,0,0,0,0,0,0,0,0,0,-52000,0,0,0,8000,60000,-52000,-52000
066596,健策群益02購01  ,0,0,0,0,0,0,0,0,0,-52000,0,0,0,1000,53000,-52000,-52000
066322,群光永豐01購01  ,0,0,0,0,0,0,0,0,0,-52000,0,0,0,10000,62000,-52000,-52000
08623P,健策群益01售04  ,0,0,0,0,0,0,0,0,0,-52000,0,0,0,256000,308000,-52000,-52000
058780,牧德國票9A購01  ,0,0,0,0,0,0,0,0,0,-52000,0,0,0,7000,59000,-52000,-52000
062004,國巨國泰9C購03  ,0,0,0,0,0,0,0,0,0,-52000,0,0,0,0,52000,-52000,-52000
058476,旺宏凱基9A購01  ,0,0,0,0,0,0,0,0,0,-52000,0,0,0,0,52000,-52000,-52000
061138,晶技統一9C購01  ,0,0,0,0,0,0,0,0,0,-52000,0,0,0,0,52000,-52000,-52000
059706,嘉晶凱基99購01  ,0,0,0,0,0,0,0,0,0,-52000,0,0,0,20000,72000,-52000,-52000
063119,華通元大9B購07  ,0,0,0,0,0,0,0,0,0,-52000,0,0,0,0,52000,-52000,-52000
063148,建準元富9B購01  ,0,0,0,0,0,0,0,0,0,-52000,0,0,0,0,52000,-52000,-52000
062239,台汽電凱基9B購01,0,0,0,0,0,0,0,0,0,-52000,0,0,0,28000,80000,-52000,-52000
062272,鴻海群益9B購05  ,0,0,0,0,0,0,0,0,0,-52000,0,0,0,15000,67000,-52000,-52000
062388,旭富國泰01購01  ,0,0,0,0,0,0,0,0,0,-52000,0,0,0,102000,154000,-52000,-52000
059533,富邦金凱基99購01,0,0,0,0,0,0,0,0,0,-52000,0,0,0,24000,76000,-52000,-52000
063419,聯發科凱基03購01,0,0,0,0,0,0,0,0,0,-52000,0,0,0,1000,53000,-52000,-52000
063542,泰鼎元富9B購02  ,0,0,0,0,0,0,0,0,0,-52000,0,0,0,0,52000,-52000,-52000
063625,儒鴻元大9B購03  ,0,0,0,0,0,0,0,0,0,-52000,0,0,0,31000,83000,-52000,-52000
064048,大立光統一9C購07,0,0,0,0,0,0,0,0,0,-52000,0,0,0,164000,216000,-52000,-52000
064284,京鼎元大9C購01  ,0,0,0,0,0,0,0,0,0,-52000,0,0,0,107000,159000,-52000,-52000
064851,勤誠元富03購01  ,0,0,0,0,0,0,0,0,0,-52000,0,0,0,126000,178000,-52000,-52000
065744,華新元大9C購01  ,0,0,0,0,0,0,0,0,0,-52000,0,0,0,14000,66000,-52000,-52000
6672,騰輝電子-KY     ,12000,65000,-53000,0,0,0,0,0,0,1000,1000,0,1000,0,0,0,-52000
6024,群益期          ,18000,70000,-52000,0,0,0,0,0,0,0,0,0,0,0,0,0,-52000
4952,凌通            ,11000,63000,-52000,0,0,0,0,0,0,0,0,0,0,0,0,0,-52000
061793,上銀永豐9B購01  ,0,0,0,0,0,0,0,0,0,-53000,0,0,0,0,53000,-53000,-53000
058677,矽格群益99購01  ,0,0,0,0,0,0,0,0,0,-53000,0,0,0,200000,253000,-53000,-53000
055024,興勤國泰98購01  ,0,0,0,0,0,0,0,0,0,-53000,0,0,0,10000,63000,-53000,-53000
062136,南亞科群益9B購01,0,0,0,0,0,0,0,0,0,-53000,0,0,0,161000,214000,-53000,-53000
063213,智伸科國票9C購01,0,0,0,0,0,0,0,0,0,-53000,0,0,0,3000,56000,-53000,-53000
061293,聯茂統一9A購01  ,0,0,0,0,0,0,0,0,0,-53000,0,0,0,20000,73000,-53000,-53000
059673,玉山金元富99購01,0,0,0,0,0,0,0,0,0,-53000,0,0,0,0,53000,-53000,-53000
065623,瑞昱中信04購01  ,0,0,0,0,0,0,0,0,0,-53000,0,0,0,22000,75000,-53000,-53000
064242,TPK統一02購01   ,0,0,0,0,0,0,0,0,0,-53000,0,0,0,0,53000,-53000,-53000
064040,鴻海統一9C購18  ,0,0,0,0,0,0,0,0,0,-53000,0,0,0,18000,71000,-53000,-53000
063781,健策永豐9B購08  ,0,0,0,0,0,0,0,0,0,-53000,0,0,0,11000,64000,-53000,-53000
063521,國巨凱基03購01  ,0,0,0,0,0,0,0,0,0,-53000,0,0,0,0,53000,-53000,-53000
2380,虹光            ,75000,128000,-53000,0,0,0,0,0,0,0,0,0,0,0,0,0,-53000
08375P,聯電元富9C售02  ,0,0,0,0,0,0,0,0,0,-54000,0,0,0,131000,185000,-54000,-54000
066408,致新凱基01購02  ,0,0,0,0,0,0,0,0,0,-54000,0,0,0,2000,56000,-54000,-54000
066425,創意元大01購03  ,0,0,0,0,0,0,0,0,0,-54000,0,0,0,0,54000,-54000,-54000
066599,鴻海國泰03購02  ,0,0,0,0,0,0,0,0,0,-54000,0,0,0,11000,65000,-54000,-54000
057119,微星康和98購01  ,0,0,0,0,0,0,0,0,0,-54000,0,0,0,0,54000,-54000,-54000
058985,可成凱基99購03  ,0,0,0,0,0,0,0,0,0,-54000,0,0,0,51000,105000,-54000,-54000
062923,緯穎元大9B購06  ,0,0,0,0,0,0,0,0,0,-54000,0,0,0,68000,122000,-54000,-54000
062051,上銀統一9C購02  ,0,0,0,0,0,0,0,0,0,-54000,0,0,0,0,54000,-54000,-54000
061817,高鐵群益9B購01  ,0,0,0,0,0,0,0,0,0,-54000,0,0,0,5000,59000,-54000,-54000
063531,台表科凱基9B購04,0,0,0,0,0,0,0,0,0,-54000,0,0,0,0,54000,-54000,-54000
063333,同欣電國票9C購01,0,0,0,0,0,0,0,0,0,-54000,0,0,0,0,54000,-54000,-54000
063337,國巨統一02購02  ,0,0,0,0,0,0,0,0,0,-54000,0,0,0,0,54000,-54000,-54000
063943,台光電元大9C購02,0,0,0,0,0,0,0,0,0,-54000,0,0,0,57000,111000,-54000,-54000
065554,群創凱基02購02  ,0,0,0,0,0,0,0,0,0,-54000,0,0,0,97000,151000,-54000,-54000
4916,事欣科          ,16000,70000,-54000,0,0,0,0,0,0,0,0,0,0,0,0,0,-54000
3617,碩天            ,28000,34000,-6000,0,0,0,0,45000,-45000,-3000,0,0,0,0,3000,-3000,-54000
066712,台灣50元大01購20,0,0,0,0,0,0,0,0,0,-55000,0,0,0,5000,60000,-55000,-55000
06834P,訊芯群益99售02  ,0,0,0,0,0,0,0,0,0,-55000,0,0,0,55000,110000,-55000,-55000
066299,潤泰新元大01購01,0,2000,-2000,0,0,0,0,0,0,-53000,0,0,0,0,53000,-53000,-55000
065964,鴻海元大02購01  ,0,0,0,0,0,0,0,0,0,-55000,0,0,0,0,55000,-55000,-55000
08045P,健策國票9B售01  ,0,0,0,0,0,0,0,0,0,-55000,0,0,0,45000,100000,-55000,-55000
058008,禾伸堂國票99購02,0,0,0,0,0,0,0,0,0,-55000,0,0,0,0,55000,-55000,-55000
058016,智邦凱基98購06  ,0,0,0,0,0,0,0,0,0,-55000,0,0,0,0,55000,-55000,-55000
061768,晶技元大9B購02  ,0,0,0,0,0,0,0,0,0,-55000,0,0,0,0,55000,-55000,-55000
057764,台表科凱基9A購01,0,0,0,0,0,0,0,0,0,-55000,0,0,0,40000,95000,-55000,-55000
055816,新日興國票98購01,0,0,0,0,0,0,0,0,0,-55000,0,0,0,0,55000,-55000,-55000
054533,泰碩國泰98購01  ,0,0,0,0,0,0,0,0,0,-55000,0,0,0,45000,100000,-55000,-55000
059174,訊芯凱基99購01  ,0,0,0,0,0,0,0,0,0,-55000,0,0,0,20000,75000,-55000,-55000
063078,元金2X凱基02購03,0,0,0,0,0,0,0,0,0,-55000,0,0,0,0,55000,-55000,-55000
065523,茂林群益9C購03  ,0,0,0,0,0,0,0,0,0,-55000,0,0,0,11000,66000,-55000,-55000
065091,亞光元大9C購01  ,0,0,0,0,0,0,0,0,0,-55000,0,0,0,7000,62000,-55000,-55000
063836,台塑元大9C購01  ,0,0,0,0,0,0,0,0,0,-55000,0,0,0,0,55000,-55000,-55000
2867,三商壽          ,254000,322000,-68000,0,0,0,0,0,0,13000,13000,0,13000,0,0,0,-55000
07208P,台積電凱基99售14,0,0,0,0,0,0,0,0,0,-56000,0,0,0,0,56000,-56000,-56000
065927,智原國票02購01  ,0,0,0,0,0,0,0,0,0,-56000,0,0,0,178000,234000,-56000,-56000
066447,智伸科群益01購02,0,0,0,0,0,0,0,0,0,-56000,0,0,0,0,56000,-56000,-56000
061763,聯電元大9C購02  ,0,0,0,0,0,0,0,0,0,-56000,0,0,0,213000,269000,-56000,-56000
056963,建準永豐98購01  ,0,0,0,0,0,0,0,0,0,-56000,0,0,0,10000,66000,-56000,-56000
062936,鴻海凱基9B購07  ,0,0,0,0,0,0,0,0,0,-56000,0,0,0,40000,96000,-56000,-56000
058955,台積電國票9A購04,0,1000,-1000,0,0,0,0,0,0,-55000,0,0,0,61000,116000,-55000,-56000
060008,華邦電群益9A購01,0,0,0,0,0,0,0,0,0,-56000,0,0,0,0,56000,-56000,-56000
060849,力成國票9A購01  ,0,0,0,0,0,0,0,0,0,-56000,0,0,0,6000,62000,-56000,-56000
060575,大立光中信9B購02,0,0,0,0,0,0,0,0,0,-56000,0,0,0,0,56000,-56000,-56000
062107,台光電國票9B購01,0,0,0,0,0,0,0,0,0,-56000,0,0,0,14000,70000,-56000,-56000
061423,廣達元大9A購01  ,0,0,0,0,0,0,0,0,0,-56000,0,0,0,0,56000,-56000,-56000
063692,華擎永豐9B購02  ,0,0,0,0,0,0,0,0,0,-56000,0,0,0,11000,67000,-56000,-56000
063491,國巨富邦02購02  ,0,0,0,0,0,0,0,0,0,-56000,0,0,0,209000,265000,-56000,-56000
063446,台光電統一01購02,0,0,0,0,0,0,0,0,0,-56000,0,0,0,0,56000,-56000,-56000
063978,美食兆豐9C購01  ,0,0,0,0,0,0,0,0,0,-56000,0,0,0,0,56000,-56000,-56000
063996,貿聯群益9C購01  ,0,0,0,0,0,0,0,0,0,-56000,0,0,0,0,56000,-56000,-56000
064907,緯穎群益9C購02  ,0,0,0,0,0,0,0,0,0,-56000,0,0,0,0,56000,-56000,-56000
065951,聯發科統一01購08,0,0,0,0,0,0,0,0,0,-57000,0,0,0,240000,297000,-57000,-57000
066842,卜蜂元大01購01  ,0,0,0,0,0,0,0,0,0,-57000,0,0,0,52000,109000,-57000,-57000
066643,旺宏麥證01購01  ,0,0,0,0,57000,-57000,0,0,0,-57000,0,0,0,0,57000,-57000,-57000
066747,台郡元大01購03  ,0,0,0,0,0,0,0,0,0,-57000,0,0,0,6000,63000,-57000,-57000
066744,和碩元大01購02  ,0,0,0,0,0,0,0,0,0,-57000,0,0,0,15000,72000,-57000,-57000
08488P,臺股指群益9C售19,0,0,0,0,0,0,0,0,0,-57000,0,0,0,107000,164000,-57000,-57000
058368,奇鋐凱基9A購01  ,0,0,0,0,0,0,0,0,0,-57000,0,0,0,101000,158000,-57000,-57000
058652,SGBR2X中信01購01,0,0,0,0,0,0,0,0,0,-57000,0,0,0,0,57000,-57000,-57000
057257,台泥兆豐99購01  ,0,0,0,0,0,0,0,0,0,-57000,0,0,0,10000,67000,-57000,-57000
020016,統一MSCI美科技N ,0,0,0,0,0,0,0,0,0,-57000,0,0,0,79000,136000,-57000,-57000
054771,茂林國票98購02  ,0,0,0,0,0,0,0,0,0,-57000,0,0,0,2000,59000,-57000,-57000
057818,泰碩元大9A購01  ,0,0,0,0,0,0,0,0,0,-57000,0,0,0,25000,82000,-57000,-57000
059766,同欣電永豐99購03,0,0,0,0,0,0,0,0,0,-57000,0,0,0,0,57000,-57000,-57000
061489,高鐵兆豐9A購01  ,0,0,0,0,0,0,0,0,0,-57000,0,0,0,87000,144000,-57000,-57000
062610,啟碁凱基9B購01  ,0,0,0,0,0,0,0,0,0,-57000,0,0,0,93000,150000,-57000,-57000
063237,微星元大9B購02  ,0,0,0,0,0,0,0,0,0,-57000,0,0,0,76000,133000,-57000,-57000
064811,華擎元大01購01  ,0,0,0,0,0,0,0,0,0,-57000,0,0,0,69000,126000,-57000,-57000
065733,茂林凱基9C購03  ,0,0,0,0,0,0,0,0,0,-57000,0,0,0,33000,90000,-57000,-57000
063732,建準元大9B購02  ,0,0,0,0,0,0,0,0,0,-57000,0,0,0,95000,152000,-57000,-57000
1702,南僑            ,11000,72676,-61676,0,0,0,0,0,0,4000,4000,0,4000,0,0,0,-57676
07843P,緯穎元大9A售05  ,0,0,0,0,0,0,0,0,0,-58000,0,0,0,28000,86000,-58000,-58000
056404,嘉聯益群益9A購01,0,0,0,0,0,0,0,0,0,-58000,0,0,0,12000,70000,-58000,-58000
057624,新日興國泰99購01,0,0,0,0,0,0,0,0,0,-58000,0,0,0,0,58000,-58000,-58000
061782,智邦群益9B購01  ,0,0,0,0,0,0,0,0,0,-58000,0,0,0,10000,68000,-58000,-58000
061257,上銀凱基9A購06  ,0,0,0,0,0,0,0,0,0,-58000,0,0,0,10000,68000,-58000,-58000
060098,華新科元大99購24,0,0,0,0,0,0,0,0,0,-58000,0,0,0,0,58000,-58000,-58000
060851,國巨國泰9C購01  ,0,0,0,0,0,0,0,0,0,-58000,0,0,0,13000,71000,-58000,-58000
060019,彰銀康和99購01  ,0,0,0,0,0,0,0,0,0,-58000,0,0,0,10000,68000,-58000,-58000
062363,燿華元大9B購03  ,0,0,0,0,0,0,0,0,0,-58000,0,0,0,4000,62000,-58000,-58000
062442,華新科元大9C購02,0,0,0,0,0,0,0,0,0,-58000,0,0,0,10000,68000,-58000,-58000
061387,鴻海群益9A購05  ,0,0,0,0,0,0,0,0,0,-58000,0,0,0,23000,81000,-58000,-58000
063690,健鼎永豐9B購01  ,0,0,0,0,0,0,0,0,0,-58000,0,0,0,15000,73000,-58000,-58000
06371P,茂林國票98售04  ,0,0,0,0,0,0,0,0,0,-58000,0,0,0,20000,78000,-58000,-58000
064054,中租統一02購01  ,0,0,0,0,0,0,0,0,0,-58000,0,0,0,40000,98000,-58000,-58000
064241,貿聯統一02購02  ,0,0,0,0,0,0,0,0,0,-58000,0,0,0,6000,64000,-58000,-58000
064498,可成元大01購03  ,0,0,0,0,0,0,0,0,0,-58000,0,0,0,3000,61000,-58000,-58000
065514,建準群益9C購01  ,0,0,0,0,0,0,0,0,0,-58000,0,0,0,0,58000,-58000,-58000
065357,立積元富03購01  ,0,0,0,0,0,0,0,0,0,-58000,0,0,0,0,58000,-58000,-58000
065096,世芯元大9C購03  ,0,0,0,0,0,0,0,0,0,-58000,0,0,0,69000,127000,-58000,-58000
065158,和碩群益9C購01  ,0,0,0,0,0,0,0,0,0,-58000,0,0,0,16000,74000,-58000,-58000
064937,英業達元富9C購01,0,0,0,0,0,0,0,0,0,-58000,0,0,0,98000,156000,-58000,-58000
5434,崇越            ,227000,200000,27000,0,0,0,0,0,0,-85000,4000,86000,-82000,0,3000,-3000,-58000
2496,卓越            ,3000,61000,-58000,0,0,0,0,0,0,0,0,0,0,0,0,0,-58000
08009P,華擎統一9B售02  ,0,0,0,0,0,0,0,0,0,-59000,0,0,0,0,59000,-59000,-59000
07166P,台灣50兆豐03售01,0,0,0,0,0,0,0,0,0,-59000,0,0,0,0,59000,-59000,-59000
066386,宏全康和01購01  ,0,0,0,0,0,0,0,0,0,-59000,0,0,0,0,59000,-59000,-59000
061661,京鼎永豐9A購02  ,0,0,0,0,0,0,0,0,0,-59000,0,0,0,58000,117000,-59000,-59000
062003,國巨國泰01購01  ,0,0,0,0,0,0,0,0,0,-59000,0,0,0,1000,60000,-59000,-59000
062011,上銀富邦9C購01  ,0,0,0,0,0,0,0,0,0,-59000,0,0,0,0,59000,-59000,-59000
057440,台積電統一98購10,0,0,0,0,0,0,0,0,0,-59000,0,0,0,0,59000,-59000,-59000
057988,鈺齊元富98購02  ,0,0,0,0,0,0,0,0,0,-59000,0,0,0,17000,76000,-59000,-59000
056392,玉晶光富邦9C購01,0,0,0,0,0,0,0,0,0,-59000,0,0,0,85000,144000,-59000,-59000
062365,台光電元大9B購03,0,0,0,0,0,0,0,0,0,-59000,0,0,0,65000,124000,-59000,-59000
062644,中環國泰9C購01  ,0,0,0,0,0,0,0,0,0,-59000,0,0,0,323000,382000,-59000,-59000
060297,和碩元大9A購02  ,0,0,0,0,0,0,0,0,0,-59000,0,0,0,7000,66000,-59000,-59000
061070,超眾凱基9C購01  ,0,0,0,0,0,0,0,0,0,-59000,0,0,0,71000,130000,-59000,-59000
061265,富邦金凱基9B購01,0,0,0,0,0,0,0,0,0,-59000,0,0,0,0,59000,-59000,-59000
060911,大毅元大9A購01  ,0,0,0,0,0,0,0,0,0,-59000,0,0,0,60000,119000,-59000,-59000
062992,聯發科群益9B購09,0,0,0,0,0,0,0,0,0,-59000,0,0,0,65000,124000,-59000,-59000
064664,微星元大9C購04  ,0,0,0,0,0,0,0,0,0,-59000,0,0,0,71000,130000,-59000,-59000
064729,聯茂統一02購02  ,0,0,0,0,0,0,0,0,0,-59000,0,0,0,10000,69000,-59000,-59000
065588,聯發科永豐9C購02,0,0,0,0,0,0,0,0,0,-59000,0,0,0,10000,69000,-59000,-59000
065747,華通元大9C購07  ,0,0,0,0,0,0,0,0,0,-59000,0,0,0,9000,68000,-59000,-59000
063643,臻鼎元大9B購03  ,0,0,0,0,0,0,0,0,0,-59000,0,0,0,105000,164000,-59000,-59000
063356,台表科元富02購01,0,0,0,0,0,0,0,0,0,-59000,0,0,0,0,59000,-59000,-59000
5258,虹堡            ,19000,77000,-58000,0,0,0,0,0,0,-1000,1000,2000,-1000,0,0,0,-59000
066151,大立光麥證01購02,0,0,0,0,60000,-60000,0,0,0,-60000,0,0,0,0,60000,-60000,-60000
066639,彩晶凱基05購01  ,0,0,0,0,0,0,0,0,0,-60000,0,0,0,0,60000,-60000,-60000
066513,精元永豐01購02  ,0,0,0,0,0,0,0,0,0,-60000,0,0,0,0,60000,-60000,-60000
07164P,臺股指群益99售15,0,0,0,0,0,0,0,0,0,-60000,0,0,0,0,60000,-60000,-60000
07285P,上証2X群益01售02,0,0,0,0,0,0,0,0,0,-60000,0,0,0,0,60000,-60000,-60000
07376P,聯發科元大99售39,0,0,0,0,0,0,0,0,0,-60000,0,0,0,0,60000,-60000,-60000
07780P,美律凱基9A售02  ,0,0,0,0,0,0,0,0,0,-60000,0,0,0,0,60000,-60000,-60000
07888P,大立光國票9B售01,0,0,0,0,0,0,0,0,0,-60000,0,0,0,5000,65000,-60000,-60000
08617P,緯創元富9C售03  ,0,0,0,0,0,0,0,0,0,-60000,0,0,0,124000,184000,-60000,-60000
057789,上銀統一9A購01  ,0,0,0,0,0,0,0,0,0,-60000,0,0,0,0,60000,-60000,-60000
057791,可成統一99購01  ,0,0,0,0,0,0,0,0,0,-60000,0,0,0,20000,80000,-60000,-60000
057740,茂林富邦9A購01  ,0,0,0,0,0,0,0,0,0,-60000,0,0,0,0,60000,-60000,-60000
056599,臻鼎元富98購01  ,0,0,0,0,0,0,0,0,0,-60000,0,0,0,22000,82000,-60000,-60000
056907,群創元大9C購04  ,0,0,0,0,0,0,0,0,0,-60000,0,0,0,0,60000,-60000,-60000
058863,可成凱基99購02  ,0,0,0,0,0,0,0,0,0,-60000,0,0,0,0,60000,-60000,-60000
058448,滬深2X永豐9A購01,0,0,0,0,0,0,0,0,0,-60000,0,0,0,0,60000,-60000,-60000
057512,華邦電台新98購01,0,0,0,0,0,0,0,0,0,-60000,0,0,0,0,60000,-60000,-60000
057632,傳奇永豐98購01  ,0,0,0,0,0,0,0,0,0,-60000,0,0,0,0,60000,-60000,-60000
057328,京鼎群益99購02  ,0,0,0,0,0,0,0,0,0,-60000,0,0,0,6000,66000,-60000,-60000
061928,群創凱基9B購06  ,0,0,0,0,0,0,0,0,0,-60000,0,0,0,0,60000,-60000,-60000
060913,宏達電元大9A購03,0,0,0,0,0,0,0,0,0,-60000,0,0,0,15000,75000,-60000,-60000
061256,亞德客凱基9B購01,0,0,0,0,0,0,0,0,0,-60000,0,0,0,0,60000,-60000,-60000
061109,臻鼎元大9A購03  ,0,0,0,0,0,0,0,0,0,-60000,0,0,0,0,60000,-60000,-60000
060539,道瓊反凱基9A購01,0,0,0,0,0,0,0,0,0,-60000,0,0,0,0,60000,-60000,-60000
060036,上証2X國票99購03,0,0,0,0,0,0,0,0,0,-60000,0,0,0,0,60000,-60000,-60000
062311,奇力新凱基9B購01,0,0,0,0,0,0,0,0,0,-60000,0,0,0,10000,70000,-60000,-60000
059500,鴻海元富99購11  ,0,0,0,0,0,0,0,0,0,-60000,0,0,0,2000,62000,-60000,-60000
061451,南電中信9A購03  ,0,0,0,0,0,0,0,0,0,-60000,0,0,0,40000,100000,-60000,-60000
063354,茂林元富9B購02  ,0,0,0,0,0,0,0,0,0,-60000,0,0,0,43000,103000,-60000,-60000
063308,緯穎凱基9B購05  ,0,0,0,0,0,0,0,0,0,-60000,0,0,0,20000,80000,-60000,-60000
063566,台光電元大9B購08,0,0,0,0,0,0,0,0,0,-60000,0,0,0,102000,162000,-60000,-60000
063681,深中小永豐9B購01,0,0,0,0,0,0,0,0,0,-60000,0,0,0,0,60000,-60000,-60000
064409,彩晶凱基04購01  ,0,0,0,0,0,0,0,0,0,-60000,0,0,0,0,60000,-60000,-60000
064294,和大中信9C購01  ,0,0,0,0,0,0,0,0,0,-60000,0,0,0,0,60000,-60000,-60000
065697,旺宏群益9C購07  ,0,0,0,0,0,0,0,0,0,-60000,0,0,0,0,60000,-60000,-60000
065443,智邦統一9C購03  ,0,0,0,0,0,0,0,0,0,-60000,0,0,0,45000,105000,-60000,-60000
064696,群創群益9C購02  ,0,0,0,0,0,0,0,0,0,-60000,0,0,0,0,60000,-60000,-60000
064673,南茂元大9C購01  ,0,0,0,0,0,0,0,0,0,-60000,0,0,0,125000,185000,-60000,-60000
064846,旺宏元富03購01  ,0,0,0,0,0,0,0,0,0,-60000,0,0,0,0,60000,-60000,-60000
064952,國泰金凱基9C購01,0,0,0,0,0,0,0,0,0,-60000,0,0,0,0,60000,-60000,-60000
065125,奇力新永豐9C購01,0,0,0,0,0,0,0,0,0,-60000,0,0,0,8000,68000,-60000,-60000
2413,環科            ,44000,108000,-64000,0,0,0,0,0,0,4000,4000,0,4000,0,0,0,-60000
08532P,國巨元富06售02  ,0,0,0,0,0,0,0,0,0,-61000,0,0,0,20000,81000,-61000,-61000
066558,創意元大01購04  ,0,0,0,0,0,0,0,0,0,-61000,0,0,0,52000,113000,-61000,-61000
066808,牧德凱基01購01  ,0,0,0,0,0,0,0,0,0,-61000,0,0,0,0,61000,-61000,-61000
062002,鴻海國泰01購01  ,0,0,0,0,0,0,0,0,0,-61000,0,0,0,14000,75000,-61000,-61000
057601,中磊群益98購01  ,0,0,0,0,0,0,0,0,0,-61000,0,0,0,50000,111000,-61000,-61000
057241,超眾凱基99購02  ,0,0,0,0,0,0,0,0,0,-61000,0,0,0,0,61000,-61000,-61000
057857,牧德國票99購01  ,0,0,0,0,0,0,0,0,0,-61000,0,0,0,0,61000,-61000,-61000
061510,嘉澤富邦9C購01  ,0,0,0,0,0,0,0,0,0,-61000,0,0,0,6000,67000,-61000,-61000
062582,鴻海統一9C購11  ,0,0,0,0,0,0,0,0,0,-61000,0,0,0,43000,104000,-61000,-61000
060228,亞德客元大9A購01,0,0,0,0,0,0,0,0,0,-61000,0,0,0,5000,66000,-61000,-61000
060097,華新科元大99購23,0,0,0,0,0,0,0,0,0,-61000,0,0,0,0,61000,-61000,-61000
063232,裕隆元大9B購01  ,0,0,0,0,0,0,0,0,0,-61000,0,0,0,55000,116000,-61000,-61000
065446,宏達電統一9C購02,0,0,0,0,0,0,0,0,0,-61000,0,0,0,0,61000,-61000,-61000
064000,台郡兆豐9C購01  ,0,0,0,0,0,0,0,0,0,-61000,0,0,0,48000,109000,-61000,-61000
063705,臻鼎群益9B購03  ,0,0,0,0,0,0,0,0,0,-61000,0,0,0,75000,136000,-61000,-61000
063368,遠東新永豐9B購01,0,0,0,0,0,0,0,0,0,-61000,0,0,0,175000,236000,-61000,-61000
066668,揚明光凱基01購01,0,0,0,0,0,0,0,0,0,-62000,0,0,0,50000,112000,-62000,-62000
066699,台積電群益01購08,15000,0,15000,0,0,0,0,0,0,-77000,0,0,0,4000,81000,-77000,-62000
066816,泰鼎兆豐03購01  ,0,0,0,0,0,0,0,0,0,-62000,0,0,0,0,62000,-62000,-62000
065912,瑞祺永豐9C購02  ,0,0,0,0,0,0,0,0,0,-62000,0,0,0,7000,69000,-62000,-62000
065893,華新科統一02購02,0,0,0,0,0,0,0,0,0,-62000,0,0,0,27000,89000,-62000,-62000
08673P,友訊元富01售03  ,0,0,0,0,0,0,0,0,0,-62000,0,0,0,21000,83000,-62000,-62000
058732,矽格永豐99購01  ,0,0,0,0,0,0,0,0,0,-62000,0,0,0,125000,187000,-62000,-62000
054959,禾伸堂元大98購01,0,0,0,0,0,0,0,0,0,-62000,0,0,0,60000,122000,-62000,-62000
061118,GIS富邦9A購01   ,0,0,0,0,0,0,0,0,0,-62000,0,0,0,0,62000,-62000,-62000
062398,建準永豐9B購01  ,0,0,0,0,0,0,0,0,0,-62000,0,0,0,20000,82000,-62000,-62000
064311,新光金群益01購02,0,0,0,0,0,0,0,0,0,-62000,0,0,0,0,62000,-62000,-62000
064377,宏達電元富9C購01,0,0,0,0,0,0,0,0,0,-62000,0,0,0,40000,102000,-62000,-62000
064570,TPK群益9C購03   ,0,0,0,0,0,0,0,0,0,-62000,0,0,0,1000,63000,-62000,-62000
065417,嘉晶國票01購02  ,0,0,0,0,0,0,0,0,0,-62000,0,0,0,37000,99000,-62000,-62000
065599,台光電元大9C購05,0,0,0,0,0,0,0,0,0,-62000,0,0,0,93000,155000,-62000,-62000
065764,康友元大9C購02  ,0,0,0,0,0,0,0,0,0,-62000,0,0,0,6000,68000,-62000,-62000
064919,嘉晶統一02購02  ,0,0,0,0,0,0,0,0,0,-62000,0,0,0,167000,229000,-62000,-62000
2908,特力            ,56000,122000,-66000,0,0,0,0,0,0,4000,4000,0,4000,0,0,0,-62000
066862,台達電台新01購01,0,0,0,0,0,0,0,0,0,-63000,0,0,0,0,63000,-63000,-63000
058145,聯茂元大99購03  ,0,0,0,0,0,0,0,0,0,-63000,0,0,0,5000,68000,-63000,-63000
061575,華新科元大9A購20,0,0,0,0,0,0,0,0,0,-63000,0,0,0,0,63000,-63000,-63000
060817,華邦電台新9A購01,0,0,0,0,0,0,0,0,0,-63000,0,0,0,10000,73000,-63000,-63000
063132,台表科元大9C購02,0,0,0,0,0,0,0,0,0,-63000,0,0,0,52000,115000,-63000,-63000
064791,友達國票9C購01  ,0,0,0,0,0,0,0,0,0,-63000,0,0,0,0,63000,-63000,-63000
065709,瀚宇博群益9C購01,0,0,0,0,0,0,0,0,0,-63000,0,0,0,111000,174000,-63000,-63000
064583,光寶科永豐9C購01,0,0,0,0,0,0,0,0,0,-63000,0,0,0,0,63000,-63000,-63000
064381,道瓊銀國泰02購01,0,0,0,0,0,0,0,0,0,-63000,0,0,0,0,63000,-63000,-63000
064131,群創元大01購02  ,0,0,0,0,0,0,0,0,0,-63000,0,0,0,45000,108000,-63000,-63000
064193,華新群益9C購01  ,0,0,0,0,0,0,0,0,0,-63000,0,0,0,225000,288000,-63000,-63000
063357,聯發科國泰01購04,0,0,0,0,0,0,0,0,0,-63000,0,0,0,13000,76000,-63000,-63000
066487,聯詠元富01購03  ,0,0,0,0,0,0,0,0,0,-64000,0,0,0,1000,65000,-64000,-64000
066063,南電元大01購04  ,0,0,0,0,0,0,0,0,0,-64000,0,0,0,0,64000,-64000,-64000
066335,潤泰全永豐01購01,0,0,0,0,0,0,0,0,0,-64000,0,0,0,0,64000,-64000,-64000
08325P,臺股指凱基9C售08,0,0,0,0,0,0,0,0,0,-64000,0,0,0,488000,552000,-64000,-64000
061770,泰碩元大9B購02  ,0,0,0,0,0,0,0,0,0,-64000,0,0,0,19000,83000,-64000,-64000
057163,上銀元大98購04  ,0,0,0,0,0,0,0,0,0,-64000,0,0,0,27000,91000,-64000,-64000
046384,群創凱基98購02  ,0,0,0,0,0,0,0,0,0,-64000,0,0,0,80000,144000,-64000,-64000
060432,達方永豐9A購01  ,0,0,0,0,0,0,0,0,0,-64000,0,0,0,521000,585000,-64000,-64000
060203,緯穎元富9A購01  ,0,0,0,0,0,0,0,0,0,-64000,0,0,0,0,64000,-64000,-64000
059987,大立光元大99購28,0,0,0,0,0,0,0,0,0,-64000,0,0,0,21000,85000,-64000,-64000
059461,鈺齊永豐99購03  ,0,0,0,0,0,0,0,0,0,-64000,0,0,0,0,64000,-64000,-64000
058901,美律元大99購07  ,0,0,0,0,0,0,0,0,0,-64000,0,0,0,51000,115000,-64000,-64000
064228,同欣電國票01購01,0,0,0,0,0,0,0,0,0,-64000,0,0,0,10000,74000,-64000,-64000
064101,可成群益01購01  ,0,0,0,0,0,0,0,0,0,-64000,0,0,0,3000,67000,-64000,-64000
065664,矽格永豐9C購01  ,0,0,0,0,0,0,0,0,0,-64000,0,0,0,37000,101000,-64000,-64000
064747,彩晶國票01購01  ,0,0,0,0,0,0,0,0,0,-64000,0,0,0,0,64000,-64000,-64000
2466,冠西電          ,0,66000,-66000,0,0,0,0,0,0,2000,2000,0,2000,0,0,0,-64000
08542P,台勝科國票02售01,0,0,0,0,0,0,0,0,0,-65000,0,0,0,143000,208000,-65000,-65000
07685P,玉晶光凱基9B售03,0,0,0,0,0,0,0,0,0,-65000,0,0,0,50000,115000,-65000,-65000
06885P,國巨國票99售06  ,0,0,0,0,0,0,0,0,0,-65000,0,0,0,0,65000,-65000,-65000
057776,京元電群益98購02,0,0,0,0,0,0,0,0,0,-65000,0,0,0,142000,207000,-65000,-65000
062017,京鼎永豐9B購01  ,0,0,0,0,0,0,0,0,0,-65000,0,0,0,113000,178000,-65000,-65000
056986,超眾群益98購03  ,0,0,0,0,0,0,0,0,0,-65000,0,0,0,301000,366000,-65000,-65000
062464,T50反1凱基9C購03,0,0,0,0,0,0,0,0,0,-65000,0,0,0,0,65000,-65000,-65000
062569,南電中信01購01  ,0,0,0,0,0,0,0,0,0,-65000,0,0,0,0,65000,-65000,-65000
06139P,台積電中信99售02,0,0,0,0,0,0,0,0,0,-65000,0,0,0,0,65000,-65000,-65000
059886,可成國票99購04  ,0,0,0,0,0,0,0,0,0,-65000,0,0,0,27000,92000,-65000,-65000
059825,嘉晶凱基99購02  ,0,0,0,0,0,0,0,0,0,-65000,0,0,0,12000,77000,-65000,-65000
060307,南港永豐9A購01  ,0,0,0,0,0,0,0,0,0,-65000,0,0,0,163000,228000,-65000,-65000
060189,宏達電元富9B購03,0,0,0,0,0,0,0,0,0,-65000,0,0,0,0,65000,-65000,-65000
062916,智易元大9B購01  ,0,0,0,0,0,0,0,0,0,-65000,0,0,0,0,65000,-65000,-65000
064760,玉晶光凱基01購02,0,0,0,0,0,0,0,0,0,-65000,0,0,0,80000,145000,-65000,-65000
064935,寶成統一02購02  ,0,0,0,0,0,0,0,0,0,-65000,0,0,0,40000,105000,-65000,-65000
065591,道瓊反元大9C購05,0,0,0,0,0,0,0,0,0,-65000,0,0,0,0,65000,-65000,-65000
065550,聯發科凱基01購07,0,0,0,0,0,0,0,0,0,-65000,0,0,0,117000,182000,-65000,-65000
065398,國泰金群益9C購01,0,0,0,0,0,0,0,0,0,-65000,0,0,0,0,65000,-65000,-65000
063414,鴻海凱基03購01  ,0,0,0,0,0,0,0,0,0,-65000,0,0,0,15000,80000,-65000,-65000
3010,華立            ,32000,111000,-79000,0,0,0,0,0,0,14000,14000,0,14000,0,0,0,-65000
3563,牧德            ,70000,143000,-73000,0,0,0,0,0,0,8000,5000,2000,3000,11000,6000,5000,-65000
066878,牧德富邦03購01  ,0,0,0,0,0,0,0,0,0,-66000,0,0,0,0,66000,-66000,-66000
07578P,高鐵元大9A售02  ,0,0,0,0,0,0,0,0,0,-66000,0,0,0,412000,478000,-66000,-66000
057394,台積電中信9C購02,0,0,0,0,0,0,0,0,0,-66000,0,0,0,170000,236000,-66000,-66000
056944,鴻海統一98購11  ,0,0,0,0,0,0,0,0,0,-66000,0,0,0,13000,79000,-66000,-66000
056899,可成元大98購01  ,0,0,0,0,0,0,0,0,0,-66000,0,0,0,2000,68000,-66000,-66000
058573,鴻海群益9A購02  ,0,0,0,0,0,0,0,0,0,-66000,0,0,0,17000,83000,-66000,-66000
060957,SP黃豆凱基9A購04,0,0,0,0,0,0,0,0,0,-66000,0,0,0,27000,93000,-66000,-66000
063079,儒鴻凱基9B購01  ,0,0,0,0,0,0,0,0,0,-66000,0,0,0,0,66000,-66000,-66000
059661,大立光元大99購22,0,0,0,0,0,0,0,0,0,-66000,0,0,0,10000,76000,-66000,-66000
062604,東元凱基9B購01  ,0,0,0,0,0,0,0,0,0,-66000,0,0,0,27000,93000,-66000,-66000
063298,統一凱基9B購01  ,0,0,0,0,0,0,0,0,0,-66000,0,0,0,19000,85000,-66000,-66000
063541,華擎元富9B購02  ,0,0,0,0,0,0,0,0,0,-66000,0,0,0,107000,173000,-66000,-66000
063551,美食國票9B購02  ,0,0,0,0,0,0,0,0,0,-66000,0,0,0,0,66000,-66000,-66000
063909,旺宏凱基02購01  ,0,0,0,0,0,0,0,0,0,-66000,0,0,0,12000,78000,-66000,-66000
065418,緯創國票01購01  ,0,0,0,0,0,0,0,0,0,-66000,0,0,0,0,66000,-66000,-66000
065737,南茂凱基9C購02  ,0,0,0,0,0,0,0,0,0,-66000,0,0,0,31000,97000,-66000,-66000
065093,新日興元大9C購03,1000,0,1000,0,0,0,0,0,0,-67000,0,0,0,123000,190000,-67000,-66000
064881,聯茂兆豐01購02  ,0,0,0,0,0,0,0,0,0,-66000,0,0,0,85000,151000,-66000,-66000
4155,訊映            ,14000,80000,-66000,0,0,0,0,0,0,0,0,0,0,0,0,0,-66000
3149,正達            ,7000,73000,-66000,0,0,0,0,0,0,0,0,0,0,0,0,0,-66000
066336,聯陽永豐01購01  ,0,0,0,0,0,0,0,0,0,-67000,0,0,0,19000,86000,-67000,-67000
066466,晶碩統一02購01  ,0,0,0,0,0,0,0,0,0,-67000,0,0,0,88000,155000,-67000,-67000
058472,亞德客凱基9A購01,0,0,0,0,0,0,0,0,0,-67000,0,0,0,25000,92000,-67000,-67000
057297,新日興永豐98購01,0,0,0,0,0,0,0,0,0,-67000,0,0,0,198000,265000,-67000,-67000
061722,健策永豐9B購03  ,0,0,0,0,0,0,0,0,0,-67000,0,0,0,2000,69000,-67000,-67000
061634,遠東新元大9A購01,0,0,0,0,0,0,0,0,0,-67000,0,0,0,58000,125000,-67000,-67000
061847,力山國票9B購01  ,0,0,0,0,0,0,0,0,0,-67000,0,0,0,78000,145000,-67000,-67000
061488,奇力新兆豐9A購01,0,0,0,0,0,0,0,0,0,-67000,0,0,0,0,67000,-67000,-67000
063050,葡萄王統一01購01,0,0,0,0,0,0,0,0,0,-67000,0,0,0,0,67000,-67000,-67000
064933,矽創統一01購01  ,0,0,0,0,0,0,0,0,0,-67000,0,0,0,18000,85000,-67000,-67000
065745,裕隆元大9C購03  ,0,0,0,0,0,0,0,0,0,-67000,0,0,0,56000,123000,-67000,-67000
065445,台光電統一01購05,0,0,0,0,0,0,0,0,0,-67000,0,0,0,0,67000,-67000,-67000
065549,智邦凱基9C購03  ,0,0,0,0,0,0,0,0,0,-67000,0,0,0,0,67000,-67000,-67000
063920,大立光元富03購02,0,0,0,0,0,0,0,0,0,-67000,0,0,0,0,67000,-67000,-67000
063756,鴻海統一9B購09  ,0,0,0,0,0,0,0,0,0,-67000,0,0,0,10000,77000,-67000,-67000
064376,美律元富9C購01  ,0,0,0,0,0,0,0,0,0,-67000,0,0,0,35000,102000,-67000,-67000
066315,南帝永豐01購01  ,0,0,0,0,0,0,0,0,0,-68000,0,0,0,110000,178000,-68000,-68000
066020,東元群益01購01  ,0,0,0,0,0,0,0,0,0,-68000,0,0,0,143000,211000,-68000,-68000
066734,聯詠元大01購03  ,0,0,0,0,0,0,0,0,0,-68000,0,0,0,14000,82000,-68000,-68000
061637,華新科元大9A購22,0,0,0,0,0,0,0,0,0,-68000,0,0,0,0,68000,-68000,-68000
057524,旺宏元大99購04  ,0,0,0,0,0,0,0,0,0,-68000,0,0,0,1000,69000,-68000,-68000
056775,康控元大99購01  ,0,0,0,0,0,0,0,0,0,-68000,0,0,0,384000,452000,-68000,-68000
057788,嘉聯益國票99購01,0,0,0,0,0,0,0,0,0,-68000,0,0,0,36000,104000,-68000,-68000
057803,上銀元大98購08  ,0,0,0,0,0,0,0,0,0,-68000,0,0,0,0,68000,-68000,-68000
051266,國巨富邦99購01  ,0,0,0,0,0,0,0,0,0,-68000,0,0,0,0,68000,-68000,-68000
056573,華新科元大99購06,0,0,0,0,0,0,0,0,0,-68000,0,0,0,20000,88000,-68000,-68000
056511,超眾永豐98購01  ,0,0,0,0,0,0,0,0,0,-68000,0,0,0,0,68000,-68000,-68000
063021,大立光元大9C購05,0,0,0,0,0,0,0,0,0,-68000,0,0,0,20000,88000,-68000,-68000
060912,華新科元大9A購10,0,0,0,0,0,0,0,0,0,-68000,0,0,0,0,68000,-68000,-68000
060423,智易永豐9A購01  ,0,0,0,0,0,0,0,0,0,-68000,0,0,0,0,68000,-68000,-68000
061543,南亞科群益9A購01,0,0,0,0,0,0,0,0,0,-68000,0,0,0,36000,104000,-68000,-68000
062081,華新科元大9B購06,0,0,0,0,0,0,0,0,0,-68000,0,0,0,5000,73000,-68000,-68000
062167,燿華永豐9B購01  ,0,0,0,0,0,0,0,0,0,-68000,0,0,0,0,68000,-68000,-68000
062738,可成國票9B購02  ,0,0,0,0,0,0,0,0,0,-68000,0,0,0,2000,70000,-68000,-68000
064481,技嘉永豐9C購01  ,0,0,0,0,0,0,0,0,0,-68000,0,0,0,47000,115000,-68000,-68000
064033,茂林元大9C購02  ,0,0,0,0,0,0,0,0,0,-68000,0,0,0,0,68000,-68000,-68000
064030,泰碩元大01購01  ,0,0,0,0,0,0,0,0,0,-68000,0,0,0,50000,118000,-68000,-68000
063528,元大金凱基9B購01,0,0,0,0,0,0,0,0,0,-68000,0,0,0,0,68000,-68000,-68000
063482,緯穎元大9B購09  ,0,0,0,0,0,0,0,0,0,-68000,0,0,0,0,68000,-68000,-68000
065471,和大元大9C購05  ,0,0,0,0,0,0,0,0,0,-68000,0,0,0,0,68000,-68000,-68000
065387,台光電兆豐9C購02,0,0,0,0,0,0,0,0,0,-68000,0,0,0,14000,82000,-68000,-68000
065326,華擎凱基02購01  ,0,0,0,0,0,0,0,0,0,-68000,0,0,0,152000,220000,-68000,-68000
065601,聯發科元大01購05,0,0,0,0,0,0,0,0,0,-68000,0,0,0,12000,80000,-68000,-68000
1809,中釉            ,14000,83000,-69000,0,0,0,0,0,0,1000,1000,0,1000,0,0,0,-68000
065899,神基麥證9C購02  ,0,0,0,11000,80000,-69000,0,0,0,-69000,0,0,0,11000,80000,-69000,-69000
08349P,南六元大9C售03  ,0,0,0,0,0,0,0,0,0,-69000,0,0,0,76000,145000,-69000,-69000
057844,新日興永豐99購01,0,0,0,0,0,0,0,0,0,-69000,0,0,0,197000,266000,-69000,-69000
056304,創意元大97購03  ,0,0,0,0,0,0,0,0,0,-69000,0,0,0,0,69000,-69000,-69000
062742,技嘉國泰01購01  ,0,0,0,0,0,0,0,0,0,-69000,0,0,0,20000,89000,-69000,-69000
062104,上証2X國票9B購03,0,0,0,0,0,0,0,0,0,-69000,0,0,0,1000,70000,-69000,-69000
063128,智伸科元大9B購01,0,0,0,0,0,0,0,0,0,-69000,0,0,0,0,69000,-69000,-69000
063091,聯電中信9B購01  ,0,0,0,0,0,0,0,0,0,-69000,0,0,0,209000,278000,-69000,-69000
064841,彩晶統一02購02  ,0,0,0,0,0,0,0,0,0,-69000,0,0,0,0,69000,-69000,-69000
064617,台光電元大01購01,0,0,0,0,0,0,0,0,0,-69000,0,0,0,119000,188000,-69000,-69000
064709,瑞祺永豐9C購01  ,0,0,0,0,0,0,0,0,0,-69000,0,0,0,91000,160000,-69000,-69000
064215,康控凱基02購01  ,0,0,0,0,0,0,0,0,0,-69000,0,0,0,128000,197000,-69000,-69000
064491,金像電元大9C購03,0,0,0,0,0,0,0,0,0,-69000,0,0,0,199000,268000,-69000,-69000
08390P,旺宏凱基9C售02  ,0,0,0,0,0,0,0,0,0,-70000,0,0,0,0,70000,-70000,-70000
07557P,玉晶光元大9A售09,0,0,0,0,0,0,0,0,0,-70000,0,0,0,0,70000,-70000,-70000
066056,聯鈞元大01購02  ,0,0,0,0,0,0,0,0,0,-70000,0,0,0,67000,137000,-70000,-70000
066755,永光永豐01購02  ,0,0,0,0,0,0,0,0,0,-70000,0,0,0,1000,71000,-70000,-70000
066505,可成富邦03購01  ,0,0,0,0,0,0,0,0,0,-70000,0,0,0,0,70000,-70000,-70000
066532,力成元富07購01  ,0,0,0,0,0,0,0,0,0,-70000,0,0,0,203000,273000,-70000,-70000
055576,嘉晶統一98購01  ,0,0,0,0,0,0,0,0,0,-70000,0,0,0,0,70000,-70000,-70000
056677,智伸科元富98購01,0,0,0,0,0,0,0,0,0,-70000,0,0,0,1000,71000,-70000,-70000
04006P,滬深2X國票9B售01,0,0,0,0,0,0,0,0,0,-70000,0,0,0,0,70000,-70000,-70000
052950,超眾國票98購01  ,0,0,0,0,0,0,0,0,0,-70000,0,0,0,0,70000,-70000,-70000
057225,華新凱基98購01  ,0,0,0,0,0,0,0,0,0,-70000,0,0,0,0,70000,-70000,-70000
057633,緯穎永豐98購02  ,0,0,0,0,0,0,0,0,0,-70000,0,0,0,0,70000,-70000,-70000
060900,超眾凱基9B購01  ,0,0,0,0,0,0,0,0,0,-70000,0,0,0,0,70000,-70000,-70000
062812,國巨兆豐9B購03  ,0,0,0,0,0,0,0,0,0,-70000,0,0,0,10000,80000,-70000,-70000
061180,華擎凱基9B購01  ,0,0,0,0,0,0,0,0,0,-70000,0,0,0,0,70000,-70000,-70000
059949,啟碁永豐99購01  ,0,0,0,0,0,0,0,0,0,-70000,0,0,0,0,70000,-70000,-70000
059925,可成國泰9B購01  ,0,0,0,0,0,0,0,0,0,-70000,0,0,0,2000,72000,-70000,-70000
059516,TPK永豐99購01   ,0,0,0,0,0,0,0,0,0,-70000,0,0,0,16000,86000,-70000,-70000
059569,旺宏凱基99購09  ,0,0,0,0,0,0,0,0,0,-70000,0,0,0,0,70000,-70000,-70000
063465,友達元大9C購10  ,0,0,0,0,0,0,0,0,0,-70000,0,0,0,36000,106000,-70000,-70000
063563,國巨元大9C購07  ,0,0,0,0,0,0,0,0,0,-70000,0,0,0,10000,80000,-70000,-70000
064831,宏達電統一02購01,0,0,0,0,0,0,0,0,0,-70000,0,0,0,6000,76000,-70000,-70000
2104,國際中橡        ,182000,271000,-89000,0,0,0,0,0,0,19000,4000,0,4000,19000,4000,15000,-70000
066704,創意群益01購02  ,0,0,0,0,0,0,0,0,0,-71000,0,0,0,4000,75000,-71000,-71000
066161,力山凱基01購01  ,0,0,0,0,0,0,0,0,0,-71000,0,0,0,10000,81000,-71000,-71000
07190P,臺股指富邦9C售02,0,0,0,0,0,0,0,0,0,-71000,0,0,0,0,71000,-71000,-71000
08091P,A50正2元富9B售02,0,0,0,0,0,0,0,0,0,-71000,0,0,0,154000,225000,-71000,-71000
08648P,健策凱基9C售05  ,0,0,0,0,0,0,0,0,0,-71000,0,0,0,87000,158000,-71000,-71000
1109,信大            ,14000,85000,-71000,0,0,0,0,0,0,0,0,0,0,0,0,0,-71000
08804P,國巨元富07售08  ,0,0,0,0,0,0,0,0,0,-71000,0,0,0,0,71000,-71000,-71000
056718,GIS永豐98購01   ,0,0,0,0,0,0,0,0,0,-71000,0,0,0,10000,81000,-71000,-71000
059918,華新科元大99購20,0,0,0,0,0,0,0,0,0,-71000,0,0,0,3000,74000,-71000,-71000
060641,聯鈞永豐9A購01  ,0,0,0,0,0,0,0,0,0,-71000,0,0,0,0,71000,-71000,-71000
059912,國巨元大99購28  ,0,0,0,0,0,0,0,0,0,-71000,0,0,0,12000,83000,-71000,-71000
064794,牧德國票01購01  ,0,0,0,0,0,0,0,0,0,-71000,0,0,0,38000,109000,-71000,-71000
064957,台表科凱基02購02,0,0,0,0,0,0,0,0,0,-71000,0,0,0,88000,159000,-71000,-71000
065674,華擎凱基9C購03  ,0,0,0,0,0,0,0,0,0,-71000,0,0,0,103000,174000,-71000,-71000
065368,技嘉元大9C購04  ,0,0,0,0,0,0,0,0,0,-71000,0,0,0,291000,362000,-71000,-71000
063717,宏達電兆豐9B購02,0,0,0,0,0,0,0,0,0,-71000,0,0,0,0,71000,-71000,-71000
064406,健策凱基03購01  ,0,0,0,0,0,0,0,0,0,-71000,0,0,0,15000,86000,-71000,-71000
064018,儒鴻元大9C購02  ,0,0,0,0,0,0,0,0,0,-71000,0,0,0,22000,93000,-71000,-71000
066741,華擎元大01購03  ,0,0,0,0,0,0,0,0,0,-72000,0,0,0,88000,160000,-72000,-72000
057930,旺宏群益99購04  ,0,0,0,0,0,0,0,0,0,-72000,0,0,0,11000,83000,-72000,-72000
057556,智易凱基99購01  ,0,0,0,0,0,0,0,0,0,-72000,0,0,0,17000,89000,-72000,-72000
058752,鈺齊凱基9A購01  ,0,0,0,0,0,0,0,0,0,-72000,0,0,0,10000,82000,-72000,-72000
060341,國巨統一9C購02  ,0,0,0,0,0,0,0,0,0,-72000,0,0,0,2000,74000,-72000,-72000
062845,微星富邦01購01  ,0,0,0,0,0,0,0,0,0,-72000,0,0,0,66000,138000,-72000,-72000
058972,新日興永豐9A購01,0,0,0,0,0,0,0,0,0,-72000,0,0,0,56000,128000,-72000,-72000
063450,華新科統一02購01,0,0,0,0,0,0,0,0,0,-72000,0,0,0,18000,90000,-72000,-72000
063336,大成鋼統一9C購02,0,0,0,0,0,0,0,0,0,-72000,0,0,0,28000,100000,-72000,-72000
065350,華擎統一01購04  ,0,0,0,0,0,0,0,0,0,-72000,0,0,0,30000,102000,-72000,-72000
06499P,臺股指元大9A售04,0,0,0,0,0,0,0,0,0,-72000,0,0,0,0,72000,-72000,-72000
064718,友達統一02購01  ,0,0,0,0,0,0,0,0,0,-72000,0,0,0,200000,272000,-72000,-72000
6451,訊芯-KY         ,531000,880000,-349000,0,0,0,90000,0,90000,187000,92000,10000,82000,122000,17000,105000,-72000
06965P,台積電台新99售02,0,0,0,0,0,0,0,0,0,-73000,0,0,0,0,73000,-73000,-73000
066321,華碩永豐01購01  ,0,0,0,0,0,0,0,0,0,-73000,0,0,0,24000,97000,-73000,-73000
056317,華通群益99購02  ,0,0,0,0,0,0,0,0,0,-73000,0,0,0,7000,80000,-73000,-73000
057330,台積電國票99購03,0,0,0,0,0,0,0,0,0,-73000,0,0,0,12000,85000,-73000,-73000
061689,國巨群益9A購12  ,0,0,0,0,0,0,0,0,0,-73000,0,0,0,10000,83000,-73000,-73000
061925,禾伸堂凱基9C購01,0,0,0,0,0,0,0,0,0,-73000,0,0,0,81000,154000,-73000,-73000
061014,台積電麥證9A購04,0,0,0,0,73000,-73000,0,0,0,-73000,0,0,0,0,73000,-73000,-73000
061815,奇力新群益9B購02,0,0,0,0,0,0,0,0,0,-73000,0,0,0,0,73000,-73000,-73000
062170,健策永豐9B購04  ,0,0,0,0,0,0,0,0,0,-73000,0,0,0,2000,75000,-73000,-73000
064926,臻鼎統一02購01  ,0,0,0,0,0,0,0,0,0,-73000,0,0,0,155000,228000,-73000,-73000
065671,大立光凱基9C購07,0,0,0,0,0,0,0,0,0,-73000,0,0,0,0,73000,-73000,-73000
063858,鴻海國泰02購01  ,0,0,0,0,0,0,0,0,0,-73000,0,0,0,15000,88000,-73000,-73000
066210,瑞祺統一02購01  ,0,0,0,0,0,0,0,0,0,-74000,0,0,0,57000,131000,-74000,-74000
066356,嘉基永豐01購01  ,0,0,0,0,0,0,0,0,0,-74000,0,0,0,4000,78000,-74000,-74000
058248,聯茂元大99購05  ,0,0,0,0,0,0,0,0,0,-74000,0,0,0,120000,194000,-74000,-74000
054870,新日興群益98購01,0,0,0,0,0,0,0,0,0,-74000,0,0,0,0,74000,-74000,-74000
055265,玉晶光永豐98購03,0,0,0,0,0,0,0,0,0,-74000,0,0,0,327000,401000,-74000,-74000
053799,矽創中信9A購01  ,0,0,0,0,0,0,0,0,0,-74000,0,0,0,0,74000,-74000,-74000
061843,億豐凱基9C購01  ,0,0,0,0,0,0,0,0,0,-74000,0,0,0,56000,130000,-74000,-74000
062796,技嘉統一9C購01  ,0,0,0,0,0,0,0,0,0,-74000,0,0,0,26000,100000,-74000,-74000
064213,大立光凱基03購01,0,0,0,0,0,0,0,0,0,-74000,0,0,0,30000,104000,-74000,-74000
065351,中租統一02購02  ,0,0,0,0,0,0,0,0,0,-74000,0,0,0,67000,141000,-74000,-74000
065375,神基元大03購01  ,0,0,0,0,0,0,0,0,0,-74000,0,0,0,0,74000,-74000,-74000
065433,緯創凱基9C購01  ,0,0,0,0,0,0,0,0,0,-74000,0,0,0,48000,122000,-74000,-74000
064985,台表科元大9C購09,0,0,0,0,0,0,0,0,0,-74000,0,0,0,16000,90000,-74000,-74000
4306,炎洲            ,46000,115000,-69000,0,0,0,0,0,0,-5000,5000,10000,-5000,0,0,0,-74000
066202,大立光統一02購07,0,0,0,0,0,0,0,0,0,-75000,0,0,0,70000,145000,-75000,-75000
066147,美利達群益01購01,0,0,0,0,0,0,0,0,0,-75000,0,0,0,10000,85000,-75000,-75000
066077,健策凱基01購01  ,0,0,0,0,0,0,0,0,0,-75000,0,0,0,11000,86000,-75000,-75000
06725P,聯電元富98售01  ,0,0,0,0,0,0,0,0,0,-75000,0,0,0,196000,271000,-75000,-75000
066749,瑞祺元大01購03  ,0,0,0,0,0,0,0,0,0,-75000,0,0,0,27000,102000,-75000,-75000
066575,緯穎元大01購03  ,0,0,0,0,0,0,0,0,0,-75000,0,0,0,25000,100000,-75000,-75000
066602,滬深2X富邦03購01,0,0,0,0,0,0,0,0,0,-75000,0,0,0,5000,80000,-75000,-75000
08568P,臺股指富邦9C售05,0,0,0,0,0,0,0,0,0,-75000,0,0,0,0,75000,-75000,-75000
08291P,智邦台新9C售02  ,0,0,0,0,0,0,0,0,0,-75000,0,0,0,0,75000,-75000,-75000
054040,中石化元大9C購01,0,0,0,0,0,0,0,0,0,-75000,0,0,0,0,75000,-75000,-75000
056605,台積電富邦9B購02,0,0,0,0,0,0,0,0,0,-75000,0,0,0,92000,167000,-75000,-75000
058375,群創凱基9B購04  ,0,0,0,0,0,0,0,0,0,-75000,0,0,0,100000,175000,-75000,-75000
058015,旺宏凱基99購02  ,0,0,0,0,0,0,0,0,0,-75000,0,0,0,22000,97000,-75000,-75000
062995,聚陽國票9C購01  ,0,0,0,0,0,0,0,0,0,-75000,0,0,0,0,75000,-75000,-75000
061062,和大凱基9A購02  ,0,0,0,0,0,0,0,0,0,-75000,0,0,0,0,75000,-75000,-75000
061819,茂林群益9B購01  ,0,0,0,0,0,0,0,0,0,-75000,0,0,0,51000,126000,-75000,-75000
060651,瑞儀中信9B購01  ,0,0,0,0,0,0,0,0,0,-75000,0,0,0,10000,85000,-75000,-75000
065043,新光金凱基02購01,0,0,0,0,0,0,0,0,0,-75000,0,0,0,0,75000,-75000,-75000
065435,臻鼎凱基02購01  ,0,0,0,0,0,0,0,0,0,-75000,0,0,0,0,75000,-75000,-75000
065600,友達元大9C購11  ,0,0,0,0,0,0,0,0,0,-75000,0,0,0,0,75000,-75000,-75000
064122,國巨元大9C購17  ,0,0,0,0,0,0,0,0,0,-75000,0,0,0,34000,109000,-75000,-75000
058596,旺宏台新99購01  ,0,0,0,0,0,0,0,0,0,-76000,0,0,0,0,76000,-76000,-76000
03433B,臺股指元大9C熊01,0,0,0,0,0,0,0,0,0,-76000,0,0,0,0,76000,-76000,-76000
054164,強茂凱基98購01  ,0,0,0,0,0,0,0,0,0,-76000,0,0,0,25000,101000,-76000,-76000
055973,亞德客統一97購01,0,0,0,0,0,0,0,0,0,-76000,0,0,0,76000,152000,-76000,-76000
059920,宏達電元大99購07,0,0,0,0,0,0,0,0,0,-76000,0,0,0,84000,160000,-76000,-76000
061962,台積電統一01購03,0,0,0,0,0,0,0,0,0,-76000,0,0,0,4000,80000,-76000,-76000
063186,聯發科凱基9C購04,0,0,0,0,0,0,0,0,0,-76000,0,0,0,0,76000,-76000,-76000
064021,國巨元大9C購15  ,0,0,0,0,0,0,0,0,0,-76000,0,0,0,1000,77000,-76000,-76000
063915,祥碩凱基01購01  ,0,0,0,0,0,0,0,0,0,-76000,0,0,0,187000,263000,-76000,-76000
063494,金像電富邦9B購01,0,0,0,0,0,0,0,0,0,-76000,0,0,0,256000,332000,-76000,-76000
065255,上銀元大01購01  ,0,0,0,0,0,0,0,0,0,-76000,0,0,0,0,76000,-76000,-76000
066024,金像電群益01購04,0,0,0,0,0,0,0,0,0,-77000,0,0,0,118000,195000,-77000,-77000
057719,欣興元富02購01  ,0,0,0,0,0,0,0,0,0,-77000,0,0,0,243000,320000,-77000,-77000
042792,T50反1台新9C購01,0,0,0,0,0,0,0,0,0,-77000,0,0,0,0,77000,-77000,-77000
058546,玉晶光富邦9B購01,0,0,0,0,0,0,0,0,0,-77000,0,0,0,4000,81000,-77000,-77000
057195,南茂元大98購01  ,0,0,0,0,0,0,0,0,0,-77000,0,0,0,0,77000,-77000,-77000
057317,技嘉凱基98購02  ,0,0,0,0,0,0,0,0,0,-77000,0,0,0,78000,155000,-77000,-77000
061304,創意永豐9A購02  ,0,0,0,0,0,0,0,0,0,-77000,0,0,0,41000,118000,-77000,-77000
060546,旺宏凱基9A購02  ,0,0,0,0,0,0,0,0,0,-77000,0,0,0,0,77000,-77000,-77000
060710,上銀永豐9A購01  ,0,0,0,0,0,0,0,0,0,-77000,0,0,0,0,77000,-77000,-77000
059189,國泰金富邦9B購01,0,0,0,0,0,0,0,0,0,-77000,0,0,0,0,77000,-77000,-77000
065405,華新科富邦03購01,0,0,0,0,0,0,0,0,0,-77000,0,0,0,0,77000,-77000,-77000
065577,超眾群益9C購02  ,0,0,0,0,0,0,0,0,0,-77000,0,0,0,15000,92000,-77000,-77000
065735,矽格凱基01購02  ,0,0,0,0,0,0,0,0,0,-77000,0,0,0,14000,91000,-77000,-77000
065174,華新科元大02購02,0,0,0,0,0,0,0,0,0,-77000,0,0,0,80000,157000,-77000,-77000
066193,致新凱基01購01  ,0,0,0,0,0,0,0,0,0,-78000,0,0,0,0,78000,-78000,-78000
066269,宏達電元大01購03,0,0,0,0,0,0,0,0,0,-78000,0,0,0,1000,79000,-78000,-78000
066282,鎧勝元大01購01  ,0,0,0,0,0,0,0,0,0,-78000,0,0,0,336000,414000,-78000,-78000
066448,眾達群益01購01  ,0,0,0,0,0,0,0,0,0,-78000,0,0,0,298000,376000,-78000,-78000
066557,京鼎元大01購01  ,0,0,0,0,0,0,0,0,0,-78000,0,0,0,116000,194000,-78000,-78000
066766,嘉澤永豐01購01  ,0,0,0,0,0,0,0,0,0,-78000,0,0,0,114000,192000,-78000,-78000
03688C,T50反1凱基03牛02,0,0,0,0,0,0,0,0,0,-78000,0,0,0,110000,188000,-78000,-78000
055604,訊芯元大98購02  ,0,0,0,0,0,0,0,0,0,-78000,0,0,0,0,78000,-78000,-78000
056133,可成元大97購05  ,0,0,0,0,0,0,0,0,0,-78000,0,0,0,20000,98000,-78000,-78000
060630,國巨富邦9C購03  ,0,0,0,0,0,0,0,0,0,-78000,0,0,0,2000,80000,-78000,-78000
060671,亞德客元大9A購03,0,0,0,0,0,0,0,0,0,-78000,0,0,0,36000,114000,-78000,-78000
059996,美律元富99購01  ,0,0,0,0,0,0,0,0,0,-78000,0,0,0,25000,103000,-78000,-78000
060955,大立光群益9A購02,0,0,0,0,0,0,0,0,0,-78000,0,0,0,70000,148000,-78000,-78000
063162,國喬永豐9B購01  ,0,0,0,0,0,0,0,0,0,-78000,0,0,0,36000,114000,-78000,-78000
063001,巨大國票9B購01  ,0,0,0,0,0,0,0,0,0,-78000,0,0,0,3000,81000,-78000,-78000
062958,長榮航麥證9B購01,0,0,0,20000,98000,-78000,0,0,0,-78000,0,0,0,20000,98000,-78000,-78000
065149,遠東新群益9C購01,0,0,0,0,0,0,0,0,0,-78000,0,0,0,67000,145000,-78000,-78000
063392,聯電群益9B購02  ,0,0,0,0,0,0,0,0,0,-78000,0,0,0,30000,108000,-78000,-78000
064139,裕隆統一01購02  ,0,0,0,0,0,0,0,0,0,-78000,0,0,0,36000,114000,-78000,-78000
064432,台積電凱基9C購04,0,0,0,0,0,0,0,0,0,-78000,0,0,0,0,78000,-78000,-78000
3048,益登            ,15000,100000,-85000,0,0,0,0,0,0,7000,7000,0,7000,0,0,0,-78000
9938,百和            ,241000,150000,91000,0,0,0,0,200000,-200000,31000,21000,2000,19000,12000,0,12000,-78000
066790,健策麥證01購01  ,0,0,0,0,79000,-79000,0,0,0,-79000,0,0,0,0,79000,-79000,-79000
066847,群創元大01購03  ,0,0,0,0,0,0,0,0,0,-79000,0,0,0,0,79000,-79000,-79000
066216,南電統一03購01  ,0,0,0,0,0,0,0,0,0,-79000,0,0,0,15000,94000,-79000,-79000
066026,泰碩群益03購01  ,0,0,0,0,0,0,0,0,0,-79000,0,0,0,49000,128000,-79000,-79000
08714P,華碩元富01售03  ,0,0,0,0,0,0,0,0,0,-79000,0,0,0,40000,119000,-79000,-79000
056266,開發金統一9A購01,0,0,0,0,0,0,0,0,0,-79000,0,0,0,0,79000,-79000,-79000
054891,聯鈞統一99購02  ,0,0,0,0,0,0,0,0,0,-79000,0,0,0,0,79000,-79000,-79000
058314,欣興富邦9B購01  ,0,0,0,0,0,0,0,0,0,-79000,0,0,0,1000,80000,-79000,-79000
061188,大成鋼富邦9B購01,0,0,0,0,0,0,0,0,0,-79000,0,0,0,100000,179000,-79000,-79000
060770,宏達電麥證9A購01,0,0,0,2000,81000,-79000,0,0,0,-79000,0,0,0,2000,81000,-79000,-79000
060782,道瓊指富邦9C購01,0,0,0,0,0,0,0,0,0,-79000,0,0,0,30000,109000,-79000,-79000
059155,台表科日盛99購01,0,0,0,0,0,0,0,0,0,-79000,0,0,0,24000,103000,-79000,-79000
062767,GIS凱基9B購02   ,0,0,0,0,0,0,0,0,0,-79000,0,0,0,0,79000,-79000,-79000
059510,華新科永豐99購07,0,0,0,0,0,0,0,0,0,-79000,0,0,0,13000,92000,-79000,-79000
062406,臻鼎永豐9B購01  ,0,0,0,0,0,0,0,0,0,-79000,0,0,0,68000,147000,-79000,-79000
064394,全新永豐9C購02  ,0,0,0,0,0,0,0,0,0,-79000,0,0,0,21000,100000,-79000,-79000
063689,可成永豐9B購04  ,0,0,0,0,0,0,0,0,0,-79000,0,0,0,3000,82000,-79000,-79000
065683,嘉聯益統一03購01,0,0,0,0,0,0,0,0,0,-79000,0,0,0,35000,114000,-79000,-79000
3013,晟銘電          ,43000,63000,-20000,0,0,0,0,0,0,-59000,0,59000,-59000,0,0,0,-79000
4763,材料-KY         ,63000,103000,-40000,0,0,0,0,20000,-20000,-19000,0,19000,-19000,0,0,0,-79000
08754P,臺股指群益01售04,0,0,0,0,0,0,0,0,0,-80000,0,0,0,40000,120000,-80000,-80000
1340,勝悅-KY         ,3000,87000,-84000,0,0,0,0,0,0,4000,4000,0,4000,0,0,0,-80000
07102P,南電元大99售03  ,0,0,0,0,0,0,0,0,0,-80000,0,0,0,30000,110000,-80000,-80000
066074,文曄凱基01購01  ,0,0,0,0,0,0,0,0,0,-80000,0,0,0,40000,120000,-80000,-80000
066069,英業達凱基02購01,0,0,0,0,0,0,0,0,0,-80000,0,0,0,0,80000,-80000,-80000
066922,台表科麥證01購01,0,0,0,0,80000,-80000,0,0,0,-80000,0,0,0,0,80000,-80000,-80000
06763P,技嘉元大98售05  ,0,0,0,0,0,0,0,0,0,-80000,0,0,0,20000,100000,-80000,-80000
066776,創意富邦03購02  ,0,0,0,0,0,0,0,0,0,-80000,0,0,0,0,80000,-80000,-80000
066737,創意元大01購05  ,0,0,0,0,0,0,0,0,0,-80000,0,0,0,5000,85000,-80000,-80000
06671P,台積電群益98售04,0,0,0,0,0,0,0,0,0,-80000,0,0,0,0,80000,-80000,-80000
058484,元金2X國票04購01,0,0,0,0,0,0,0,0,0,-80000,0,0,0,0,80000,-80000,-80000
057045,美律元大99購04  ,0,0,0,0,0,0,0,0,0,-80000,0,0,0,50000,130000,-80000,-80000
058808,大成鋼統一9B購01,0,0,0,0,0,0,0,0,0,-80000,0,0,0,20000,100000,-80000,-80000
054628,可成凱基98購01  ,0,0,0,0,0,0,0,0,0,-80000,0,0,0,22000,102000,-80000,-80000
00715L,街口布蘭特油正2 ,0,0,0,0,0,0,0,0,0,-80000,0,0,0,0,80000,-80000,-80000
062137,華新科群益9B購04,0,0,0,0,0,0,0,0,0,-80000,0,0,0,20000,100000,-80000,-80000
059355,國巨富邦9B購03  ,0,0,0,0,0,0,0,0,0,-80000,0,0,0,0,80000,-80000,-80000
062759,旺宏凱基9B購07  ,0,0,0,0,0,0,0,0,0,-80000,0,0,0,13000,93000,-80000,-80000
062529,可成統一9C購03  ,0,0,0,0,0,0,0,0,0,-80000,0,0,0,0,80000,-80000,-80000
060655,國巨統一9B購06  ,0,0,0,0,0,0,0,0,0,-80000,0,0,0,0,80000,-80000,-80000
063182,國巨凱基9B購10  ,0,0,0,0,0,0,0,0,0,-80000,0,0,0,0,80000,-80000,-80000
063258,緯穎國泰9C購01  ,0,0,0,0,0,0,0,0,0,-80000,0,0,0,65000,145000,-80000,-80000
060833,道瓊反國票9A購01,0,0,0,0,0,0,0,0,0,-80000,0,0,0,0,80000,-80000,-80000
061088,國巨統一9C購05  ,0,0,0,0,0,0,0,0,0,-80000,0,0,0,0,80000,-80000,-80000
060878,奇力新中信9C購01,0,0,0,0,0,0,0,0,0,-80000,0,0,0,0,80000,-80000,-80000
065679,聯發科統一03購01,0,0,0,0,0,0,0,0,0,-80000,0,0,0,27000,107000,-80000,-80000
065396,微星群益01購01  ,0,0,0,0,0,0,0,0,0,-80000,0,0,0,138000,218000,-80000,-80000
065132,臻鼎兆豐01購01  ,0,0,0,0,0,0,0,0,0,-80000,0,0,0,20000,100000,-80000,-80000
063811,亞德客群益9C購01,0,0,0,0,0,0,0,0,0,-80000,0,0,0,0,80000,-80000,-80000
063467,大立光元大9C購06,0,0,0,0,0,0,0,0,0,-80000,0,0,0,25000,105000,-80000,-80000
063970,大立光國票01購01,0,0,0,0,0,0,0,0,0,-80000,0,0,0,16000,96000,-80000,-80000
6558,興能高          ,44000,124000,-80000,0,0,0,0,0,0,0,0,0,0,0,0,0,-80000
066298,美利達元大01購02,0,0,0,0,0,0,0,0,0,-81000,0,0,0,53000,134000,-81000,-81000
08513P,聯發科凱基9C售08,0,0,0,0,0,0,0,0,0,-81000,0,0,0,6000,87000,-81000,-81000
056330,玉晶光國票99購03,0,0,0,0,0,0,0,0,0,-81000,0,0,0,1000,82000,-81000,-81000
055976,台積電統一99購03,0,0,0,0,0,0,0,0,0,-81000,0,0,0,0,81000,-81000,-81000
062809,同欣電統一9C購01,0,0,0,0,0,0,0,0,0,-81000,0,0,0,85000,166000,-81000,-81000
062324,上銀統一9B購04  ,0,0,0,0,0,0,0,0,0,-81000,0,0,0,0,81000,-81000,-81000
064392,喬山永豐9C購01  ,0,0,0,0,0,0,0,0,0,-81000,0,0,0,0,81000,-81000,-81000
063495,台光電富邦9C購01,0,0,0,0,0,0,0,0,0,-81000,0,0,0,30000,111000,-81000,-81000
063922,大立光元富9C購04,0,0,0,0,0,0,0,0,0,-81000,0,0,0,0,81000,-81000,-81000
065666,旺宏凱基9C購03  ,0,0,0,0,0,0,0,0,0,-81000,0,0,0,3000,84000,-81000,-81000
065657,智邦富邦9C購01  ,0,0,0,0,0,0,0,0,0,-81000,0,0,0,70000,151000,-81000,-81000
08533P,技嘉元富06售02  ,0,0,0,0,0,0,0,0,0,-82000,0,0,0,0,82000,-82000,-82000
08363P,南亞科凱基01售01,0,0,0,0,0,0,0,0,0,-82000,0,0,0,39000,121000,-82000,-82000
08202P,台表科國泰01售04,0,0,0,0,0,0,0,0,0,-82000,0,0,0,306000,388000,-82000,-82000
066055,聯鈞元大01購01  ,0,0,0,0,0,0,0,0,0,-82000,0,0,0,67000,149000,-82000,-82000
056095,臻鼎元富9A購01  ,0,0,0,0,0,0,0,0,0,-82000,0,0,0,107000,189000,-82000,-82000
055305,旺宏群益99購01  ,0,0,0,0,0,0,0,0,0,-82000,0,0,0,0,82000,-82000,-82000
055331,國巨兆豐99購01  ,0,0,0,0,0,0,0,0,0,-82000,0,0,0,80000,162000,-82000,-82000
062015,喬山永豐9B購01  ,0,0,0,0,0,0,0,0,0,-82000,0,0,0,0,82000,-82000,-82000
061687,大成鋼群益9A購01,0,0,0,0,0,0,0,0,0,-82000,0,0,0,0,82000,-82000,-82000
062141,遠東新國票9B購01,0,0,0,0,0,0,0,0,0,-82000,0,0,0,0,82000,-82000,-82000
062559,嘉晶凱基9B購02  ,0,0,0,0,0,0,0,0,0,-82000,0,0,0,4000,86000,-82000,-82000
062826,奇力新群益9C購01,0,0,0,0,0,0,0,0,0,-82000,0,0,0,0,82000,-82000,-82000
063252,緯穎元大9B購07  ,0,0,0,0,0,0,0,0,0,-82000,0,0,0,0,82000,-82000,-82000
060238,強茂元大9C購01  ,0,0,0,0,0,0,0,0,0,-82000,0,0,0,21000,103000,-82000,-82000
065537,健鼎統一02購05  ,0,0,0,0,0,0,0,0,0,-82000,0,0,0,16000,98000,-82000,-82000
065092,健鼎元大9C購02  ,0,0,0,0,0,0,0,0,0,-82000,0,0,0,2000,84000,-82000,-82000
063567,漢唐元大9B購03  ,0,0,0,0,0,0,0,0,0,-82000,0,0,0,32000,114000,-82000,-82000
063587,漢唐永豐9B購02  ,0,0,0,0,0,0,0,0,0,-82000,0,0,0,10000,92000,-82000,-82000
063424,新日興凱基01購01,0,0,0,0,0,0,0,0,0,-82000,0,0,0,31000,113000,-82000,-82000
064107,友達兆豐01購01  ,0,0,0,0,0,0,0,0,0,-82000,0,0,0,0,82000,-82000,-82000
066031,力成群益01購01  ,0,0,0,0,0,0,0,0,0,-83000,0,0,0,0,83000,-83000,-83000
08147P,聯發科群益9B售10,0,0,0,0,0,0,0,0,0,-83000,0,0,0,67000,150000,-83000,-83000
08290P,高鐵統一01售01  ,0,0,0,0,0,0,0,0,0,-83000,0,0,0,297000,380000,-83000,-83000
00670L,富邦NASDAQ正2   ,0,223000,-223000,0,0,0,0,0,0,140000,0,0,0,343000,203000,140000,-83000
061355,康友元大9A購03  ,0,0,0,0,0,0,0,0,0,-83000,0,0,0,4000,87000,-83000,-83000
062176,元金2X元大9B購01,0,0,0,0,0,0,0,0,0,-83000,0,0,0,0,83000,-83000,-83000
063433,臻鼎元富9B購01  ,0,0,0,0,0,0,0,0,0,-83000,0,0,0,147000,230000,-83000,-83000
064620,大立光元大01購03,0,0,0,0,0,0,0,0,0,-83000,0,0,0,2000,85000,-83000,-83000
2634,漢翔            ,239000,315000,-76000,0,0,0,0,1000,-1000,-6000,1000,0,1000,0,7000,-7000,-83000
07319P,台積電凱基01售02,0,0,0,0,0,0,0,0,0,-84000,0,0,0,0,84000,-84000,-84000
061957,上銀統一01購01  ,0,0,0,0,0,0,0,0,0,-84000,0,0,0,0,84000,-84000,-84000
060100,新光金元大9C購01,0,0,0,0,0,0,0,0,0,-84000,0,0,0,0,84000,-84000,-84000
062907,可成元大9C購03  ,0,0,0,0,0,0,0,0,0,-84000,0,0,0,79000,163000,-84000,-84000
064678,嘉晶兆豐01購01  ,0,0,0,0,0,0,0,0,0,-84000,0,0,0,50000,134000,-84000,-84000
064971,裕隆元大01購01  ,0,0,0,0,0,0,0,0,0,-84000,0,0,0,116000,200000,-84000,-84000
065284,旺宏群益9C購03  ,0,0,0,0,0,0,0,0,0,-84000,0,0,0,12000,96000,-84000,-84000
065798,華通群益01購03  ,0,0,0,0,0,0,0,0,0,-84000,0,0,0,10000,94000,-84000,-84000
065825,鴻海凱基02購02  ,0,0,0,0,0,0,0,0,0,-84000,0,0,0,40000,124000,-84000,-84000
065842,技嘉元大9C購05  ,0,0,0,0,0,0,0,0,0,-84000,0,0,0,272000,356000,-84000,-84000
064263,貿聯永豐9C購01  ,0,0,0,0,0,0,0,0,0,-84000,0,0,0,0,84000,-84000,-84000
9934,成霖            ,1000,85000,-84000,0,0,0,0,0,0,0,0,0,0,0,0,0,-84000
00635U,元大S&P黃金     ,24100,0,24100,0,0,0,0,0,0,-109000,0,0,0,41000,150000,-109000,-84900
066462,智伸科統一04購02,0,0,0,0,0,0,0,0,0,-85000,0,0,0,0,85000,-85000,-85000
066764,聯鈞永豐01購01  ,0,0,0,0,0,0,0,0,0,-85000,0,0,0,0,85000,-85000,-85000
054751,GIS凱基98購01   ,0,0,0,0,0,0,0,0,0,-85000,0,0,0,0,85000,-85000,-85000
061732,智邦中信9B購01  ,0,0,0,0,0,0,0,0,0,-85000,0,0,0,15000,100000,-85000,-85000
056875,亞光凱基98購03  ,0,0,0,0,0,0,0,0,0,-85000,0,0,0,0,85000,-85000,-85000
063238,漢唐元大9B購02  ,0,0,0,0,0,0,0,0,0,-85000,0,0,0,40000,125000,-85000,-85000
060363,美律元富9A購01  ,0,0,0,0,0,0,0,0,0,-85000,0,0,0,0,85000,-85000,-85000
059090,台新金元大99購01,0,0,0,0,0,0,0,0,0,-85000,0,0,0,0,85000,-85000,-85000
062325,鴻海統一9B購05  ,0,0,0,0,0,0,0,0,0,-85000,0,0,0,0,85000,-85000,-85000
062412,道瓊指中信9C購05,0,0,0,0,0,0,0,0,0,-85000,0,0,0,0,85000,-85000,-85000
061896,景碩永豐9B購01  ,0,0,0,0,0,0,0,0,0,-85000,0,0,0,33000,118000,-85000,-85000
064292,南茂元大01購01  ,0,0,0,0,0,0,0,0,0,-85000,0,0,0,109000,194000,-85000,-85000
065823,臺指反中信03購01,0,0,0,0,0,0,0,0,0,-85000,0,0,0,0,85000,-85000,-85000
065806,貿聯群益9C購05  ,0,0,0,0,0,0,0,0,0,-85000,0,0,0,0,85000,-85000,-85000
065649,牧德元大03購01  ,0,0,0,0,0,0,0,0,0,-85000,0,0,0,15000,100000,-85000,-85000
064844,道瓊指元富9C購01,0,0,0,0,0,0,0,0,0,-85000,0,0,0,0,85000,-85000,-85000
066057,華擎元大02購01  ,0,0,0,0,0,0,0,0,0,-86000,0,0,0,132000,218000,-86000,-86000
065941,超眾群益02購01  ,0,0,0,0,0,0,0,0,0,-86000,0,0,0,26000,112000,-86000,-86000
08295P,長榮航元大9C售01,0,0,0,0,0,0,0,0,0,-86000,0,0,0,0,86000,-86000,-86000
057493,聯詠元大98購02  ,0,0,0,0,0,0,0,0,0,-86000,0,0,0,0,86000,-86000,-86000
060841,宏達電國票9B購01,0,0,0,0,0,0,0,0,0,-86000,0,0,0,8000,94000,-86000,-86000
060161,牧德永豐9A購02  ,0,0,0,0,0,0,0,0,0,-86000,0,0,0,0,86000,-86000,-86000
063197,遠東新統一9C購01,0,0,0,0,0,0,0,0,0,-86000,0,0,0,166000,252000,-86000,-86000
063106,台表科群益9B購03,0,0,0,0,0,0,0,0,0,-86000,0,0,0,0,86000,-86000,-86000
064668,大立光元大9C購21,0,0,0,0,0,0,0,0,0,-86000,0,0,0,0,86000,-86000,-86000
064982,新唐元大9C購01  ,0,0,0,0,0,0,0,0,0,-86000,0,0,0,436000,522000,-86000,-86000
065447,緯創統一02購02  ,0,0,0,0,0,0,0,0,0,-86000,0,0,0,20000,106000,-86000,-86000
064378,群創元富9C購01  ,0,0,0,0,0,0,0,0,0,-86000,0,0,0,50000,136000,-86000,-86000
064089,新日興凱基02購01,0,0,0,0,0,0,0,0,0,-86000,0,0,0,157000,243000,-86000,-86000
063667,全新統一01購02  ,0,0,0,0,0,0,0,0,0,-86000,0,0,0,42000,128000,-86000,-86000
066135,潤泰全群益02購01,0,0,0,0,0,0,0,0,0,-87000,0,0,0,0,87000,-87000,-87000
066300,潤泰新元大01購02,0,0,0,0,0,0,0,0,0,-87000,0,0,0,0,87000,-87000,-87000
066207,聯鈞統一01購02  ,0,0,0,0,0,0,0,0,0,-87000,0,0,0,35000,122000,-87000,-87000
052893,聯電群益98購01  ,0,0,0,0,0,0,0,0,0,-87000,0,0,0,0,87000,-87000,-87000
060550,可成凱基9A購02  ,0,0,0,0,0,0,0,0,0,-87000,0,0,0,0,87000,-87000,-87000
059100,元油2X統一9C購02,0,0,0,0,0,0,0,0,0,-87000,0,0,0,2000,89000,-87000,-87000
059780,滬深2X元大9C購06,0,0,0,0,0,0,0,0,0,-87000,0,0,0,18000,105000,-87000,-87000
063443,金像電統一01購02,0,0,0,0,0,0,0,0,0,-87000,0,0,0,0,87000,-87000,-87000
065711,矽格群益9C購02  ,0,0,0,0,0,0,0,0,0,-87000,0,0,0,93000,180000,-87000,-87000
065776,鴻海國泰03購01  ,0,0,0,0,0,0,0,0,0,-87000,0,0,0,10000,97000,-87000,-87000
066097,英業達中信02購01,0,0,0,0,0,0,0,0,0,-88000,0,0,0,27000,115000,-88000,-88000
065924,東元國票02購01  ,0,0,0,0,0,0,0,0,0,-88000,0,0,0,38000,126000,-88000,-88000
066016,台表科元富01購02,0,0,0,0,0,0,0,0,0,-88000,0,0,0,0,88000,-88000,-88000
08287P,茂林凱基9C售02  ,0,0,0,0,0,0,0,0,0,-88000,0,0,0,5000,93000,-88000,-88000
07975P,國巨元大9B售15  ,0,0,0,0,0,0,0,0,0,-88000,0,0,0,0,88000,-88000,-88000
062012,燿華富邦9C購01  ,0,0,0,0,0,0,0,0,0,-88000,0,0,0,50000,138000,-88000,-88000
056719,台虹永豐98購01  ,0,0,0,0,0,0,0,0,0,-88000,0,0,0,20000,108000,-88000,-88000
058352,鴻海凱基9A購05  ,0,0,0,0,0,0,0,0,0,-88000,0,0,0,19000,107000,-88000,-88000
061831,智邦凱基9B購02  ,0,0,0,0,0,0,0,0,0,-88000,0,0,0,3000,91000,-88000,-88000
061318,智邦凱基9B購01  ,0,0,0,0,0,0,0,0,0,-88000,0,0,0,10000,98000,-88000,-88000
061483,TPK元大9A購01   ,0,0,0,0,0,0,0,0,0,-88000,0,0,0,8000,96000,-88000,-88000
063225,茂林群益9B購04  ,0,0,0,0,0,0,0,0,0,-88000,0,0,0,10000,98000,-88000,-88000
065144,大立光凱基01購06,0,0,0,0,0,0,0,0,0,-88000,0,0,0,0,88000,-88000,-88000
3062,建漢            ,219000,308000,-89000,0,0,0,0,0,0,1000,1000,0,1000,0,0,0,-88000
08534P,玉晶光元富06售02,0,0,0,0,0,0,0,0,0,-89000,0,0,0,2000,91000,-89000,-89000
1315,達新            ,16000,107000,-91000,0,0,0,0,0,0,2000,2000,0,2000,0,0,0,-89000
1614,三洋電          ,64000,153000,-89000,0,0,0,0,0,0,0,0,0,0,0,0,0,-89000
065877,TPK群益9C購05   ,0,0,0,0,0,0,0,0,0,-89000,0,0,0,2000,91000,-89000,-89000
066050,亞光元大01購01  ,0,0,0,0,0,0,0,0,0,-89000,0,0,0,3000,92000,-89000,-89000
066496,大立光國泰03購01,0,0,0,0,0,0,0,0,0,-89000,0,0,0,0,89000,-89000,-89000
066875,臺指反富邦03購01,0,0,0,0,0,0,0,0,0,-89000,0,0,0,0,89000,-89000,-89000
056818,正崴永豐98購01  ,0,0,0,0,0,0,0,0,0,-89000,0,0,0,110000,199000,-89000,-89000
05692P,聯發科中信9A售02,0,0,0,0,0,0,0,0,0,-89000,0,0,0,0,89000,-89000,-89000
061593,智原永豐9A購01  ,0,0,0,0,0,0,0,0,0,-89000,0,0,0,90000,179000,-89000,-89000
061725,國巨麥證9A購05  ,0,0,0,0,89000,-89000,0,0,0,-89000,0,0,0,0,89000,-89000,-89000
059647,超眾凱基99購04  ,0,0,0,0,0,0,0,0,0,-89000,0,0,0,7000,96000,-89000,-89000
062115,臺股指國票9B購09,0,0,0,0,0,0,0,0,0,-89000,0,0,0,0,89000,-89000,-89000
065086,可成元大01購04  ,0,0,0,0,0,0,0,0,0,-89000,0,0,0,72000,161000,-89000,-89000
065323,聯發科凱基9C購09,0,0,0,0,0,0,0,0,0,-89000,0,0,0,15000,104000,-89000,-89000
063532,GIS凱基9B購03   ,0,0,0,0,0,0,0,0,0,-89000,0,0,0,0,89000,-89000,-89000
064170,儒鴻元富9C購01  ,0,0,0,0,0,0,0,0,0,-89000,0,0,0,6000,95000,-89000,-89000
06983P,台積電國泰9A售02,0,0,0,0,0,0,0,0,0,-90000,0,0,0,10000,100000,-90000,-90000
08782P,台積電元大01售17,0,0,0,0,0,0,0,0,0,-90000,0,0,0,1462000,1552000,-90000,-90000
08360P,國巨國泰02售01  ,0,0,0,0,0,0,0,0,0,-90000,0,0,0,456000,546000,-90000,-90000
08055P,臺股指國票9B售20,0,0,0,0,0,0,0,0,0,-90000,0,0,0,69000,159000,-90000,-90000
08092P,仁寶元富9B售02  ,0,0,0,0,0,0,0,0,0,-90000,0,0,0,5000,95000,-90000,-90000
061960,國巨統一01購05  ,0,0,0,0,0,0,0,0,0,-90000,0,0,0,0,90000,-90000,-90000
057040,國巨元大98購12  ,0,0,0,0,0,0,0,0,0,-90000,0,0,0,3000,93000,-90000,-90000
00672L,元大S&P原油正2  ,0,0,0,0,0,0,0,0,0,-90000,0,0,0,40000,130000,-90000,-90000
059594,奇力新元大9B購01,0,0,0,0,0,0,0,0,0,-90000,0,0,0,0,90000,-90000,-90000
061039,台表科永豐9A購03,0,0,0,0,0,0,0,0,0,-90000,0,0,0,0,90000,-90000,-90000
064216,矽格凱基01購01  ,0,0,0,0,0,0,0,0,0,-90000,0,0,0,65000,155000,-90000,-90000
063573,茂林元大9B購06  ,0,0,0,0,0,0,0,0,0,-90000,0,0,0,110000,200000,-90000,-90000
063602,金像電凱基9B購04,0,0,0,0,0,0,0,0,0,-90000,0,0,0,91000,181000,-90000,-90000
065102,同欣電元大9C購07,0,0,0,0,0,0,0,0,0,-90000,0,0,0,40000,130000,-90000,-90000
065161,矽格群益9C購01  ,0,0,0,0,0,0,0,0,0,-90000,0,0,0,24000,114000,-90000,-90000
066598,致新群益02購01  ,0,0,0,0,0,0,0,0,0,-91000,0,0,0,39000,130000,-91000,-91000
066260,聯強元大01購02  ,0,0,0,0,0,0,0,0,0,-91000,0,0,0,0,91000,-91000,-91000
055377,揚明光元大98購01,0,0,0,0,0,0,0,0,0,-91000,0,0,0,0,91000,-91000,-91000
058834,GIS永豐99購01   ,0,0,0,0,0,0,0,0,0,-91000,0,0,0,0,91000,-91000,-91000
060861,漢唐永豐9A購01  ,0,0,0,0,0,0,0,0,0,-91000,0,0,0,42000,133000,-91000,-91000
061414,牧德群益9B購02  ,0,0,0,0,0,0,0,0,0,-91000,0,0,0,0,91000,-91000,-91000
065013,矽創國泰02購01  ,0,0,0,0,0,0,0,0,0,-91000,0,0,0,9000,100000,-91000,-91000
2239,英利-KY         ,94000,36000,58000,0,0,0,0,150000,-150000,1000,1000,0,1000,0,0,0,-91000
6670,復盛應用        ,13000,105000,-92000,0,0,0,0,0,0,1000,1000,0,1000,0,0,0,-91000
066334,京城銀永豐01購01,0,0,0,0,0,0,0,0,0,-92000,0,0,0,62000,154000,-92000,-92000
08652P,鴻海群益9C售09  ,0,0,0,0,0,0,0,0,0,-92000,0,0,0,15000,107000,-92000,-92000
1316,上曜            ,114000,206000,-92000,0,0,0,0,0,0,0,0,0,0,0,0,0,-92000
058398,中環元大99購02  ,0,0,0,0,0,0,0,0,0,-92000,0,0,0,0,92000,-92000,-92000
058544,FBVIX富邦9B購01 ,0,0,0,0,0,0,0,0,0,-92000,0,0,0,23000,115000,-92000,-92000
061696,南茂群益9A購01  ,0,0,0,0,0,0,0,0,0,-92000,0,0,0,4000,96000,-92000,-92000
00686R,群益臺灣加權反1 ,0,0,0,0,0,0,0,0,0,-92000,0,0,0,35000,127000,-92000,-92000
054539,欣興國票98購01  ,0,0,0,0,0,0,0,0,0,-92000,0,0,0,0,92000,-92000,-92000
059480,美律群益9A購01  ,0,0,0,0,0,0,0,0,0,-92000,0,0,0,155000,247000,-92000,-92000
061067,貿聯凱基9A購03  ,0,0,0,0,0,0,0,0,0,-92000,0,0,0,16000,108000,-92000,-92000
060131,GIS永豐99購03   ,0,0,0,0,0,0,0,0,0,-92000,0,0,0,0,92000,-92000,-92000
063017,台光電元大9B購07,0,0,0,0,0,0,0,0,0,-92000,0,0,0,50000,142000,-92000,-92000
061187,瀚宇博國泰9C購01,0,0,0,0,0,0,0,0,0,-92000,0,0,0,0,92000,-92000,-92000
063640,貿聯元大9B購03  ,0,0,0,0,0,0,0,0,0,-92000,0,0,0,0,92000,-92000,-92000
064149,美律統一02購01  ,0,0,0,0,0,0,0,0,0,-92000,0,0,0,0,92000,-92000,-92000
064443,同欣電凱基03購01,0,0,0,0,0,0,0,0,0,-92000,0,0,0,41000,133000,-92000,-92000
1215,卜蜂            ,63000,161000,-98000,0,0,0,0,0,0,5000,0,0,0,5000,0,5000,-93000
061702,奇鋐國票9A購02  ,0,0,0,0,0,0,0,0,0,-93000,0,0,0,38000,131000,-93000,-93000
061942,亞德客群益9B購01,0,0,0,0,0,0,0,0,0,-93000,0,0,0,6000,99000,-93000,-93000
062677,儒鴻統一01購01  ,0,0,0,0,0,0,0,0,0,-93000,0,0,0,35000,128000,-93000,-93000
059823,奇力新凱基99購07,0,0,0,0,0,0,0,0,0,-93000,0,0,0,0,93000,-93000,-93000
063374,嘉澤永豐9B購04  ,0,0,0,0,0,0,0,0,0,-93000,0,0,0,100000,193000,-93000,-93000
065570,台光電群益01購01,0,0,0,0,0,0,0,0,0,-93000,0,0,0,5000,98000,-93000,-93000
065765,GIS元大9C購09   ,0,0,0,0,0,0,0,0,0,-93000,0,0,0,0,93000,-93000,-93000
066868,聯發科元富07購01,0,0,0,0,0,0,0,0,0,-94000,0,0,0,0,94000,-94000,-94000
056849,瀚宇博元富98購01,0,0,0,0,0,0,0,0,0,-94000,0,0,0,0,94000,-94000,-94000
062247,國巨元大9B購07  ,0,0,0,0,0,0,0,0,0,-94000,0,0,0,51000,145000,-94000,-94000
060960,金像電凱基9B購01,0,0,0,0,0,0,0,0,0,-94000,0,0,0,100000,194000,-94000,-94000
063085,嘉澤凱基9C購01  ,0,0,0,0,0,0,0,0,0,-94000,0,0,0,211000,305000,-94000,-94000
060978,國巨元大9A購13  ,0,0,0,0,0,0,0,0,0,-94000,0,0,0,61000,155000,-94000,-94000
064973,智邦元大9C購06  ,0,0,0,0,0,0,0,0,0,-94000,0,0,0,60000,154000,-94000,-94000
063292,致新元大9B購02  ,0,0,0,0,0,0,0,0,0,-94000,0,0,0,60000,154000,-94000,-94000
064099,億光群益9C購01  ,0,0,0,0,0,0,0,0,0,-94000,0,0,0,155000,249000,-94000,-94000
4137,麗豐-KY         ,18000,105000,-87000,0,0,0,0,0,0,-7000,0,0,0,1000,8000,-7000,-94000
066564,智伸科元大01購01,0,0,0,0,0,0,0,0,0,-95000,0,0,0,0,95000,-95000,-95000
066273,晶技元大01購02  ,0,0,0,0,0,0,0,0,0,-95000,0,0,0,5000,100000,-95000,-95000
065943,台表科元富01購01,0,0,0,0,0,0,0,0,0,-95000,0,0,0,3000,98000,-95000,-95000
08771P,滬深2X凱基01售02,0,0,0,0,0,0,0,0,0,-95000,0,0,0,17000,112000,-95000,-95000
058727,嘉晶富邦9A購01  ,0,0,0,0,0,0,0,0,0,-95000,0,0,0,10000,105000,-95000,-95000
060229,楠梓電元大9C購01,0,0,0,0,0,0,0,0,0,-95000,0,0,0,96000,191000,-95000,-95000
062947,國巨富邦01購01  ,0,0,0,0,0,0,0,0,0,-95000,0,0,0,10000,105000,-95000,-95000
063135,國巨統一9B購16  ,0,0,0,0,0,0,0,0,0,-95000,0,0,0,27000,122000,-95000,-95000
058994,道瓊指元大99購01,0,0,0,0,0,0,0,0,0,-95000,0,0,0,10000,105000,-95000,-95000
059197,可成永豐99購02  ,0,0,0,0,0,0,0,0,0,-95000,0,0,0,12000,107000,-95000,-95000
064004,全新凱基01購01  ,0,0,0,0,0,0,0,0,0,-95000,0,0,0,83000,178000,-95000,-95000
064335,可成元大9C購05  ,0,0,0,0,0,0,0,0,0,-95000,0,0,0,0,95000,-95000,-95000
063498,金像電永豐9B購02,0,0,0,0,0,0,0,0,0,-95000,0,0,0,0,95000,-95000,-95000
063738,奇鋐元大9B購03  ,0,0,0,0,0,0,0,0,0,-95000,0,0,0,331000,426000,-95000,-95000
065205,金寶國票01購01  ,0,0,0,0,0,0,0,0,0,-95000,0,0,0,38000,133000,-95000,-95000
065228,南亞科凱基01購03,0,0,0,0,0,0,0,0,0,-95000,0,0,0,15000,110000,-95000,-95000
065565,神隆群益01購01  ,0,0,0,0,0,0,0,0,0,-95000,0,0,0,16000,111000,-95000,-95000
2511,太子            ,34000,131000,-97000,0,0,0,0,0,0,2000,2000,0,2000,0,0,0,-95000
058798,大立光元大99購11,0,0,0,0,0,0,0,0,0,-96000,0,0,0,121000,217000,-96000,-96000
055907,台虹兆豐98購01  ,0,0,0,0,0,0,0,0,0,-96000,0,0,0,38000,134000,-96000,-96000
054301,楠梓電凱基98購01,0,0,0,0,0,0,0,0,0,-96000,0,0,0,12000,108000,-96000,-96000
058061,貿聯元富9B購01  ,0,0,0,0,0,0,0,0,0,-96000,0,0,0,6000,102000,-96000,-96000
062248,國巨元大9B購08  ,0,0,0,0,0,0,0,0,0,-96000,0,0,0,26000,122000,-96000,-96000
060314,元翎永豐9A購01  ,0,0,0,0,0,0,0,0,0,-96000,0,0,0,0,96000,-96000,-96000
064136,致新元大9C購01  ,0,0,0,0,0,0,0,0,0,-96000,0,0,0,4000,100000,-96000,-96000
08447P,緯穎永豐9C售02  ,0,0,0,0,0,0,0,0,0,-97000,0,0,0,73000,170000,-97000,-97000
057325,可成群益9A購01  ,0,0,0,0,0,0,0,0,0,-97000,0,0,0,19000,116000,-97000,-97000
061126,京元電永豐9A購02,0,0,0,0,0,0,0,0,0,-97000,0,0,0,179000,276000,-97000,-97000
063215,台表科國票9C購02,0,0,0,0,0,0,0,0,0,-97000,0,0,0,8000,105000,-97000,-97000
062968,仁寶元富9B購01  ,0,0,0,0,0,0,0,0,0,-97000,0,0,0,39000,136000,-97000,-97000
063111,TPK兆豐9B購01   ,0,0,0,0,0,0,0,0,0,-97000,0,0,0,0,97000,-97000,-97000
061816,長榮航群益9B購02,0,0,0,0,0,0,0,0,0,-97000,0,0,0,0,97000,-97000,-97000
064025,友達元大02購01  ,0,0,0,0,0,0,0,0,0,-97000,0,0,0,50000,147000,-97000,-97000
063645,瑞儀元大9B購02  ,0,0,0,0,0,0,0,0,0,-97000,0,0,0,0,97000,-97000,-97000
064824,台積電統一02購03,0,0,0,0,0,0,0,0,0,-97000,0,0,0,5000,102000,-97000,-97000
08494P,世芯元大9C售02  ,0,0,0,0,0,0,0,0,0,-98000,0,0,0,58000,156000,-98000,-98000
066653,矽格康和01購01  ,0,0,0,0,0,0,0,0,0,-98000,0,0,0,0,98000,-98000,-98000
057112,立積群益99購01  ,0,0,0,0,0,0,0,0,0,-98000,0,0,0,16000,114000,-98000,-98000
058406,聯茂元大99購06  ,0,0,0,0,0,0,0,0,0,-98000,0,0,0,0,98000,-98000,-98000
062271,華通群益9C購02  ,0,0,0,0,0,0,0,0,0,-98000,0,0,0,0,98000,-98000,-98000
063267,台表科中信01購02,0,0,0,0,0,0,0,0,0,-98000,0,0,0,14000,112000,-98000,-98000
058969,亞德客永豐99購01,0,0,0,0,0,0,0,0,0,-98000,0,0,0,0,98000,-98000,-98000
060954,國泰金群益9A購02,0,0,0,0,0,0,0,0,0,-98000,0,0,0,0,98000,-98000,-98000
062878,宏達電兆豐9B購01,0,0,0,0,0,0,0,0,0,-98000,0,0,0,0,98000,-98000,-98000
060809,康友群益9A購01  ,0,0,0,0,0,0,0,0,0,-98000,0,0,0,0,98000,-98000,-98000
060283,台肥元大9C購01  ,0,0,0,0,0,0,0,0,0,-98000,0,0,0,20000,118000,-98000,-98000
059063,康控凱基99購04  ,0,0,0,0,0,0,0,0,0,-98000,0,0,0,92000,190000,-98000,-98000
064691,友達群益9C購04  ,0,0,0,0,0,0,0,0,0,-98000,0,0,0,0,98000,-98000,-98000
06505P,康控國票99售02  ,0,0,0,0,0,0,0,0,0,-98000,0,0,0,58000,156000,-98000,-98000
065867,鴻海群益9C購08  ,0,0,0,0,0,0,0,0,0,-98000,0,0,0,10000,108000,-98000,-98000
063606,TPK凱基9C購01   ,0,0,0,0,0,0,0,0,0,-98000,0,0,0,4000,102000,-98000,-98000
063901,緯穎群益9C購01  ,0,0,0,0,0,0,0,0,0,-98000,0,0,0,10000,108000,-98000,-98000
2020,美亞            ,6000,107000,-101000,0,0,0,0,0,0,3000,3000,0,3000,0,0,0,-98000
1310,台苯            ,9000,106000,-97000,0,0,0,0,0,0,-2000,0,0,0,0,2000,-2000,-99000
056796,國巨麥證98購02  ,0,0,0,1000,100000,-99000,0,0,0,-99000,0,0,0,1000,100000,-99000,-99000
061931,力山國票9B購02  ,0,0,0,0,0,0,0,0,0,-99000,0,0,0,8000,107000,-99000,-99000
059403,T50反1台新03購03,0,0,0,0,0,0,0,0,0,-99000,0,0,0,0,99000,-99000,-99000
059791,超眾元大99購06  ,0,0,0,0,0,0,0,0,0,-99000,0,0,0,33000,132000,-99000,-99000
063693,智易永豐9B購02  ,0,0,0,0,0,0,0,0,0,-99000,0,0,0,0,99000,-99000,-99000
064508,力成元大9C購03  ,0,0,0,0,0,0,0,0,0,-99000,0,0,0,77000,176000,-99000,-99000
064701,巨大群益9C購02  ,0,0,0,0,0,0,0,0,0,-99000,0,0,0,10000,109000,-99000,-99000
064648,臻鼎凱基9C購02  ,0,0,0,0,0,0,0,0,0,-99000,0,0,0,0,99000,-99000,-99000
064608,滬深2X元大9C購11,0,0,0,0,0,0,0,0,0,-99000,0,0,0,0,99000,-99000,-99000
2601,益航            ,97000,201000,-104000,0,0,0,0,0,0,5000,5000,0,5000,0,0,0,-99000
08361P,玉晶光永豐9C售04,0,0,0,0,0,0,0,0,0,-100000,0,0,0,0,100000,-100000,-100000
08134P,臺股指元大9B售40,0,0,0,0,0,0,0,0,0,-100000,0,0,0,0,100000,-100000,-100000
08131P,立積元大9B售02  ,0,0,0,0,0,0,0,0,0,-100000,0,0,0,5000,105000,-100000,-100000
08061P,大毅國票9B售04  ,0,0,0,0,0,0,0,0,0,-100000,0,0,0,0,100000,-100000,-100000
07504P,聯詠元大9A售02  ,0,0,0,0,0,0,0,0,0,-100000,0,0,0,0,100000,-100000,-100000
07706P,長榮航元大9A售03,0,0,0,0,0,0,0,0,0,-100000,0,0,0,0,100000,-100000,-100000
07757P,國巨國票9B售04  ,0,0,0,0,0,0,0,0,0,-100000,0,0,0,0,100000,-100000,-100000
06656P,GIS元大98售02   ,0,0,0,0,0,0,0,0,0,-100000,0,0,0,0,100000,-100000,-100000
066572,台郡元大01購02  ,0,0,0,0,0,0,0,0,0,-100000,0,0,0,10000,110000,-100000,-100000
066492,台郡元富01購01  ,0,0,0,0,0,0,0,0,0,-100000,0,0,0,0,100000,-100000,-100000
066550,國泰金元大01購01,0,0,0,0,0,0,0,0,0,-100000,0,0,0,0,100000,-100000,-100000
066870,宏達電元富01購01,0,0,0,0,0,0,0,0,0,-100000,0,0,0,0,100000,-100000,-100000
066970,T50反1群益01購05,0,0,0,0,0,0,0,0,0,-100000,0,0,0,0,100000,-100000,-100000
067012,台虹永豐01購02  ,0,0,0,0,0,0,0,0,0,-100000,0,0,0,0,100000,-100000,-100000
06934P,聯鈞元大98售03  ,0,0,0,0,0,0,0,0,0,-100000,0,0,0,0,100000,-100000,-100000
066314,台橡永豐01購01  ,0,0,0,0,0,0,0,0,0,-100000,0,0,0,0,100000,-100000,-100000
061978,旺宏元大9C購01  ,0,0,0,0,0,0,0,0,0,-100000,0,0,0,0,100000,-100000,-100000
061983,華新科元大9B購04,0,0,0,0,0,0,0,0,0,-100000,0,0,0,0,100000,-100000,-100000
061677,泰碩元大9A購05  ,0,0,0,0,0,0,0,0,0,-100000,0,0,0,0,100000,-100000,-100000
057057,立積元大9A購01  ,0,0,0,0,0,0,0,0,0,-100000,0,0,0,4000,104000,-100000,-100000
057339,群創國票99購02  ,0,0,0,0,0,0,0,0,0,-100000,0,0,0,0,100000,-100000,-100000
057598,鴻海群益98購07  ,0,0,0,0,0,0,0,0,0,-100000,0,0,0,0,100000,-100000,-100000
057936,健策群益99購01  ,0,0,0,0,0,0,0,0,0,-100000,0,0,0,4000,104000,-100000,-100000
057161,亞德客元大98購02,0,0,0,0,0,0,0,0,0,-100000,0,0,0,132000,232000,-100000,-100000
058421,國泰金麥證01購01,0,0,0,0,100000,-100000,0,0,0,-100000,0,0,0,0,100000,-100000,-100000
056659,泰碩元大99購01  ,0,0,0,0,0,0,0,0,0,-100000,0,0,0,8000,108000,-100000,-100000
054455,楠梓電群益98購02,0,0,0,0,0,0,0,0,0,-100000,0,0,0,0,100000,-100000,-100000
053282,彩晶元大9C購01  ,0,0,0,0,0,0,0,0,0,-100000,0,0,0,0,100000,-100000,-100000
054638,國泰金中信99購01,0,0,0,0,0,0,0,0,0,-100000,0,0,0,0,100000,-100000,-100000
056696,茂林群益98購02  ,0,0,0,0,0,0,0,0,0,-100000,0,0,0,0,100000,-100000,-100000
058676,聯茂群益99購01  ,0,0,0,0,0,0,0,0,0,-100000,0,0,0,0,100000,-100000,-100000
06064P,台積電台新98售01,0,0,0,0,0,0,0,0,0,-100000,0,0,0,0,100000,-100000,-100000
061873,友達元大9C購07  ,0,0,0,0,0,0,0,0,0,-100000,0,0,0,10000,110000,-100000,-100000
061419,國巨元大9A購21  ,0,0,0,0,0,0,0,0,0,-100000,0,0,0,0,100000,-100000,-100000
061434,國巨麥證9A購04  ,0,0,0,0,100000,-100000,0,0,0,-100000,0,0,0,0,100000,-100000,-100000
061369,T50反1國泰9B購03,0,0,0,0,0,0,0,0,0,-100000,0,0,0,0,100000,-100000,-100000
062258,奇力新元大9B購03,0,0,0,0,0,0,0,0,0,-100000,0,0,0,0,100000,-100000,-100000
061472,台積電元大9A購32,0,0,0,0,0,0,0,0,0,-100000,0,0,0,0,100000,-100000,-100000
05957P,友達國票97售04  ,0,0,0,0,0,0,0,0,0,-100000,0,0,0,0,100000,-100000,-100000
059356,滬深2X永豐99購02,0,0,0,0,0,0,0,0,0,-100000,0,0,0,0,100000,-100000,-100000
058897,國巨元大99購17  ,0,0,0,0,0,0,0,0,0,-100000,0,0,0,56000,156000,-100000,-100000
062650,南電富邦01購01  ,0,0,0,0,0,0,0,0,0,-100000,0,0,0,2000,102000,-100000,-100000
062586,國巨統一01購06  ,0,0,0,0,0,0,0,0,0,-100000,0,0,0,0,100000,-100000,-100000
062461,智伸科群益9B購01,0,0,0,0,0,0,0,0,0,-100000,0,0,0,0,100000,-100000,-100000
059070,道瓊指元大99購02,0,0,0,0,0,0,0,0,0,-100000,0,0,0,0,100000,-100000,-100000
059079,SGBR2X元大99購01,0,0,0,0,0,0,0,0,0,-100000,0,0,0,0,100000,-100000,-100000
060209,喬山康和9A購01  ,0,0,0,0,0,0,0,0,0,-100000,0,0,0,0,100000,-100000,-100000
060385,台勝科凱基9A購01,0,0,0,0,0,0,0,0,0,-100000,0,0,0,55000,155000,-100000,-100000
060509,宏達電元大9A購02,0,0,0,0,0,0,0,0,0,-100000,0,0,0,69000,169000,-100000,-100000
060109,茂林元大99購05  ,0,0,0,0,0,0,0,0,0,-100000,0,0,0,54000,154000,-100000,-100000
060880,中壽中信9C購01  ,0,0,0,0,0,0,0,0,0,-100000,0,0,0,0,100000,-100000,-100000
062829,泰碩群益9B購01  ,0,0,0,0,0,0,0,0,0,-100000,0,0,0,0,100000,-100000,-100000
062778,國巨元大9B購17  ,0,0,0,0,0,0,0,0,0,-100000,0,0,0,1000,101000,-100000,-100000
061294,奇力新麥證9A購01,0,0,0,0,100000,-100000,0,0,0,-100000,0,0,0,0,100000,-100000,-100000
061279,鴻海統一9C購04  ,0,0,0,0,0,0,0,0,0,-100000,0,0,0,0,100000,-100000,-100000
063269,儒鴻兆豐9C購01  ,0,0,0,0,0,0,0,0,0,-100000,0,0,0,0,100000,-100000,-100000
064766,矽創凱基9C購01  ,0,0,0,0,0,0,0,0,0,-100000,0,0,0,0,100000,-100000,-100000
064767,宏全凱基9C購01  ,0,0,0,0,0,0,0,0,0,-100000,0,0,0,0,100000,-100000,-100000
06496P,台灣50日盛98售01,0,0,0,0,0,0,0,0,0,-100000,0,0,0,0,100000,-100000,-100000
065751,台光電元大9C購06,0,0,0,0,0,0,0,0,0,-100000,0,0,0,65000,165000,-100000,-100000
065759,TPK元大9C購05   ,0,0,0,0,0,0,0,0,0,-100000,0,0,0,1000,101000,-100000,-100000
065748,台積電元大01購05,0,0,0,0,0,0,0,0,0,-100000,0,0,0,0,100000,-100000,-100000
065270,TPK元大01購01   ,0,0,0,0,0,0,0,0,0,-100000,0,0,0,1000,101000,-100000,-100000
064510,GIS元大01購01   ,0,0,0,0,0,0,0,0,0,-100000,0,0,0,0,100000,-100000,-100000
064299,宏碁兆豐9C購01  ,0,0,0,0,0,0,0,0,0,-100000,0,0,0,85000,185000,-100000,-100000
064329,國巨元大01購03  ,0,0,0,0,0,0,0,0,0,-100000,0,0,0,0,100000,-100000,-100000
064135,復盛元大9C購01  ,0,0,0,0,0,0,0,0,0,-100000,0,0,0,0,100000,-100000,-100000
063700,台積電群益9B購09,0,0,0,0,0,0,0,0,0,-100000,0,0,0,6000,106000,-100000,-100000
063762,緯穎統一9C購01  ,0,0,0,0,0,0,0,0,0,-100000,0,0,0,0,100000,-100000,-100000
063768,華新科國泰9C購03,0,0,0,0,0,0,0,0,0,-100000,0,0,0,0,100000,-100000,-100000
063642,茂林元大9B購08  ,0,0,0,0,0,0,0,0,0,-100000,0,0,0,68000,168000,-100000,-100000
063893,微星群益9C購01  ,0,0,0,0,0,0,0,0,0,-100000,0,0,0,33000,133000,-100000,-100000
07712P,茂林元大9A售03  ,0,0,0,0,0,0,0,0,0,-101000,0,0,0,100000,201000,-101000,-101000
056765,友達元大9B購05  ,0,0,0,0,0,0,0,0,0,-101000,0,0,0,0,101000,-101000,-101000
061254,道瓊反凱基9A購02,0,0,0,0,0,0,0,0,0,-101000,0,0,0,0,101000,-101000,-101000
059363,超眾永豐99購02  ,0,0,0,0,0,0,0,0,0,-101000,0,0,0,0,101000,-101000,-101000
061536,華擎統一9C購02  ,0,0,0,0,0,0,0,0,0,-101000,0,0,0,235000,336000,-101000,-101000
059785,美律元大9A購03  ,0,0,0,0,0,0,0,0,0,-101000,0,0,0,0,101000,-101000,-101000
063577,台表科元大9C購04,0,0,0,0,0,0,0,0,0,-101000,0,0,0,47000,148000,-101000,-101000
064578,TPK國泰02購01   ,0,0,0,0,0,0,0,0,0,-101000,0,0,0,10000,111000,-101000,-101000
065044,大立光凱基9C購06,0,0,0,0,0,0,0,0,0,-101000,0,0,0,64000,165000,-101000,-101000
066441,聯強群益01購01  ,0,0,0,0,0,0,0,0,0,-102000,0,0,0,6000,108000,-102000,-102000
06935P,神達元大98售02  ,0,0,0,0,0,0,0,0,0,-102000,0,0,0,37000,139000,-102000,-102000
066855,樺漢元大01購03  ,0,0,0,0,0,0,0,0,0,-102000,0,0,0,0,102000,-102000,-102000
066801,奇鋐凱基01購02  ,0,0,0,0,0,0,0,0,0,-102000,0,0,0,12000,114000,-102000,-102000
058356,華邦電凱基99購01,0,0,0,0,0,0,0,0,0,-102000,0,0,0,68000,170000,-102000,-102000
057452,新日興元富98購01,0,0,0,0,0,0,0,0,0,-102000,0,0,0,0,102000,-102000,-102000
057347,國巨統一9A購03  ,0,0,0,0,0,0,0,0,0,-102000,0,0,0,20000,122000,-102000,-102000
057287,彩晶元大9C購03  ,0,0,0,0,0,0,0,0,0,-102000,0,0,0,0,102000,-102000,-102000
062036,致新群益9B購01  ,0,0,0,0,0,0,0,0,0,-102000,0,0,0,0,102000,-102000,-102000
055809,T50反1國票98購02,0,0,0,0,0,0,0,0,0,-102000,0,0,0,149000,251000,-102000,-102000
061262,智邦凱基9A購02  ,0,0,0,0,0,0,0,0,0,-102000,0,0,0,0,102000,-102000,-102000
065211,世芯國票01購03  ,0,0,0,0,0,0,0,0,0,-102000,0,0,0,0,102000,-102000,-102000
065754,健鼎元大9C購06  ,0,0,0,0,0,0,0,0,0,-102000,0,0,0,1000,103000,-102000,-102000
064285,貿聯元大9C購02  ,0,0,0,0,0,0,0,0,0,-102000,0,0,0,10000,112000,-102000,-102000
064081,國產中信06購01  ,0,0,0,0,0,0,0,0,0,-102000,0,0,0,21000,123000,-102000,-102000
063559,力山元大9B購04  ,0,0,0,0,0,0,0,0,0,-102000,0,0,0,521000,623000,-102000,-102000
063859,國巨國泰01購03  ,0,0,0,0,0,0,0,0,0,-102000,0,0,0,32000,134000,-102000,-102000
065968,國巨元大02購01  ,0,0,0,0,0,0,0,0,0,-103000,0,0,0,0,103000,-103000,-103000
00647L,元大S&P500正2   ,14000,16000,-2000,0,0,0,0,0,0,-101000,0,0,0,434000,535000,-101000,-103000
058507,美律元大9A購01  ,0,0,0,0,0,0,0,0,0,-103000,0,0,0,114000,217000,-103000,-103000
058952,南茂群益99購01  ,0,0,0,0,0,0,0,0,0,-103000,0,0,0,26000,129000,-103000,-103000
060920,超眾富邦9B購01  ,0,0,0,0,0,0,0,0,0,-103000,0,0,0,213000,316000,-103000,-103000
061344,禾伸堂元大9A購02,0,0,0,0,0,0,0,0,0,-103000,0,0,0,93000,196000,-103000,-103000
062212,臻鼎台新9B購01  ,0,0,0,0,0,0,0,0,0,-103000,0,0,0,4000,107000,-103000,-103000
063565,旺宏元大9B購08  ,0,0,0,0,0,0,0,0,0,-103000,0,0,0,11000,114000,-103000,-103000
064499,可成元大9C購07  ,0,0,0,0,0,0,0,0,0,-103000,0,0,0,102000,205000,-103000,-103000
065391,和大群益01購03  ,0,0,0,0,0,0,0,0,0,-103000,0,0,0,0,103000,-103000,-103000
065183,和大統一01購03  ,0,0,0,0,0,0,0,0,0,-103000,0,0,0,0,103000,-103000,-103000
065012,燿華國泰02購01  ,0,0,0,0,0,0,0,0,0,-103000,0,0,0,193000,296000,-103000,-103000
064840,彩晶統一02購01  ,0,0,0,0,0,0,0,0,0,-103000,0,0,0,0,103000,-103000,-103000
2314,台揚            ,72000,175000,-103000,0,0,0,0,0,0,0,0,0,0,0,0,0,-103000
066290,台塑化元大01購01,0,0,0,0,0,0,0,0,0,-104000,0,0,0,0,104000,-104000,-104000
067016,康控富邦04購01  ,0,0,0,0,0,0,0,0,0,-104000,0,0,0,82000,186000,-104000,-104000
058397,大成鋼元大99購02,0,0,0,0,0,0,0,0,0,-104000,0,0,0,10000,114000,-104000,-104000
058048,群創元大9B購07  ,0,0,0,0,0,0,0,0,0,-104000,0,0,0,0,104000,-104000,-104000
061306,瑞祺永豐9A購02  ,0,0,0,0,0,0,0,0,0,-104000,0,0,0,132000,236000,-104000,-104000
061717,力成凱基9B購01  ,0,0,0,0,0,0,0,0,0,-104000,0,0,0,13000,117000,-104000,-104000
055271,鴻海元大98購03  ,0,0,0,0,0,0,0,0,0,-104000,0,0,0,65000,169000,-104000,-104000
059375,道瓊反群益9C購02,0,0,0,0,0,0,0,0,0,-104000,0,0,0,7000,111000,-104000,-104000
060924,大毅永豐9A購03  ,0,0,0,0,0,0,0,0,0,-104000,0,0,0,15000,119000,-104000,-104000
063244,華新科元大9B購11,0,0,0,0,0,0,0,0,0,-104000,0,0,0,0,104000,-104000,-104000
064670,智伸科元大9C購01,0,0,0,0,0,0,0,0,0,-104000,0,0,0,0,104000,-104000,-104000
064925,和碩統一02購01  ,0,0,0,0,0,0,0,0,0,-104000,0,0,0,0,104000,-104000,-104000
065245,國泰金兆豐9C購01,0,0,0,0,0,0,0,0,0,-104000,0,0,0,55000,159000,-104000,-104000
065338,旺宏統一01購07  ,0,0,0,0,0,0,0,0,0,-104000,0,0,0,0,104000,-104000,-104000
064121,國巨元大9C購16  ,0,0,0,0,0,0,0,0,0,-104000,0,0,0,51000,155000,-104000,-104000
3036,文曄            ,155000,191000,-36000,0,0,0,0,0,0,-68000,10000,192000,-182000,114000,0,114000,-104000
066941,滬深2X元大03購01,0,0,0,0,0,0,0,0,0,-105000,0,0,0,0,105000,-105000,-105000
065962,鴻海元大01購04  ,0,0,0,0,0,0,0,0,0,-105000,0,0,0,0,105000,-105000,-105000
065954,大立光統一03購01,0,0,0,0,0,0,0,0,0,-105000,0,0,0,0,105000,-105000,-105000
065984,緯創富邦03購01  ,0,0,0,0,0,0,0,0,0,-105000,0,0,0,296000,401000,-105000,-105000
057823,神達元大98購01  ,0,0,0,0,0,0,0,0,0,-105000,0,0,0,300000,405000,-105000,-105000
056521,群創日盛98購01  ,0,0,0,0,0,0,0,0,0,-105000,0,0,0,0,105000,-105000,-105000
056746,超眾凱基99購01  ,0,0,0,0,0,0,0,0,0,-105000,0,0,0,10000,115000,-105000,-105000
058422,百和麥證99購01  ,0,0,0,0,105000,-105000,0,0,0,-105000,0,0,0,0,105000,-105000,-105000
058272,超眾永豐9A購01  ,0,0,0,0,0,0,0,0,0,-105000,0,0,0,10000,115000,-105000,-105000
060889,國泰金統一9C購01,0,0,0,0,0,0,0,0,0,-105000,0,0,0,3000,108000,-105000,-105000
060386,台勝科凱基9B購01,0,0,0,0,0,0,0,0,0,-105000,0,0,0,0,105000,-105000,-105000
059241,旺宏凱基99購07  ,0,0,0,0,0,0,0,0,0,-105000,0,0,0,0,105000,-105000,-105000
062694,遠東新元大9B購01,0,0,0,0,0,0,0,0,0,-105000,0,0,0,35000,140000,-105000,-105000
058944,元石油群益9C購02,0,0,0,0,0,0,0,0,0,-105000,0,0,0,6000,111000,-105000,-105000
062666,和碩群益9B購01  ,0,0,0,0,0,0,0,0,0,-105000,0,0,0,18000,123000,-105000,-105000
061478,奇鋐元大9A購01  ,0,0,0,0,0,0,0,0,0,-105000,0,0,0,188000,293000,-105000,-105000
6582,申豐            ,116000,251000,-135000,0,0,0,1000,0,1000,29000,0,0,0,31000,2000,29000,-105000
066438,南紡群益01購01  ,0,0,0,0,0,0,0,0,0,-106000,0,0,0,10000,116000,-106000,-106000
08471P,日月光凱基9C售02,0,0,0,0,0,0,0,0,0,-106000,0,0,0,0,106000,-106000,-106000
060656,國巨統一9C購03  ,0,0,0,0,0,0,0,0,0,-106000,0,0,0,0,106000,-106000,-106000
062340,力成麥證9B購01  ,0,0,0,0,106000,-106000,0,0,0,-106000,0,0,0,0,106000,-106000,-106000
060433,億豐永豐9A購01  ,0,0,0,0,0,0,0,0,0,-106000,0,0,0,0,106000,-106000,-106000
063955,TPK元大9C購01   ,0,0,0,0,0,0,0,0,0,-106000,0,0,0,8000,114000,-106000,-106000
063618,智邦兆豐9C購01  ,0,0,0,0,0,0,0,0,0,-106000,0,0,0,0,106000,-106000,-106000
065027,玉晶光中信03購01,0,0,0,0,0,0,0,0,0,-106000,0,0,0,32000,138000,-106000,-106000
08606P,聯發科國票9C售05,0,0,0,0,0,0,0,0,0,-107000,0,0,0,63000,170000,-107000,-107000
066452,晶碩群益01購01  ,0,0,0,0,0,0,0,0,0,-107000,0,0,0,14000,121000,-107000,-107000
065930,矽格國票02購01  ,0,0,0,0,0,0,0,0,0,-107000,0,0,0,8000,115000,-107000,-107000
066844,聯發科元大01購12,0,0,0,0,0,0,0,0,0,-107000,0,0,0,148000,255000,-107000,-107000
058631,鈺齊國票9A購01  ,0,0,0,0,0,0,0,0,0,-107000,0,0,0,5000,112000,-107000,-107000
00631L,元大台灣50正2   ,63000,60000,3000,0,0,0,0,0,0,-110000,5000,55000,-50000,2598000,2658000,-60000,-107000
060959,金像電凱基9A購01,0,0,0,0,0,0,0,0,0,-107000,0,0,0,76000,183000,-107000,-107000
062991,台光電群益9B購03,0,0,0,0,0,0,0,0,0,-107000,0,0,0,22000,129000,-107000,-107000
058900,旺宏元大99購11  ,0,0,0,0,0,0,0,0,0,-107000,0,0,0,0,107000,-107000,-107000
061348,聯鈞元大9A購05  ,0,0,0,0,0,0,0,0,0,-107000,0,0,0,226000,333000,-107000,-107000
062237,緯創凱基9B購01  ,0,0,0,0,0,0,0,0,0,-107000,0,0,0,50000,157000,-107000,-107000
065239,超眾凱基02購02  ,0,0,0,0,0,0,0,0,0,-107000,0,0,0,18000,125000,-107000,-107000
063522,技嘉凱基9B購03  ,0,0,0,0,0,0,0,0,0,-107000,0,0,0,91000,198000,-107000,-107000
064469,臻鼎元富9C購01  ,0,0,0,0,0,0,0,0,0,-107000,0,0,0,183000,290000,-107000,-107000
066044,京元電元大01購01,0,0,0,0,0,0,0,0,0,-108000,0,0,0,300000,408000,-108000,-108000
066032,矽格群益01購01  ,0,0,0,0,0,0,0,0,0,-108000,0,0,0,91000,199000,-108000,-108000
066065,東元凱基04購01  ,0,0,0,0,0,0,0,0,0,-108000,0,0,0,38000,146000,-108000,-108000
07879P,瑞昱群益9C售01  ,0,0,0,0,0,0,0,0,0,-108000,0,0,0,50000,158000,-108000,-108000
051887,上証2X元富98購01,0,0,0,0,0,0,0,0,0,-108000,0,0,0,0,108000,-108000,-108000
056767,大毅元大99購01  ,0,0,0,0,0,0,0,0,0,-108000,0,0,0,149000,257000,-108000,-108000
061206,旺宏元大9A購12  ,0,0,0,0,0,0,0,0,0,-108000,0,0,0,0,108000,-108000,-108000
063814,嘉晶群益9C購01  ,0,0,0,0,0,0,0,0,0,-108000,0,0,0,0,108000,-108000,-108000
064817,鈺齊元大9C購02  ,0,0,0,0,0,0,0,0,0,-108000,0,0,0,68000,176000,-108000,-108000
065403,健鼎國泰02購01  ,0,0,0,0,0,0,0,0,0,-108000,0,0,0,100000,208000,-108000,-108000
065474,旺宏元大9C購06  ,0,0,0,0,0,0,0,0,0,-108000,0,0,0,28000,136000,-108000,-108000
08590P,智邦凱基9C售04  ,0,0,0,0,0,0,0,0,0,-109000,0,0,0,2000,111000,-109000,-109000
066086,東元永豐01購01  ,0,0,0,0,0,0,0,0,0,-109000,0,0,0,151000,260000,-109000,-109000
066043,美律元大01購01  ,0,0,0,0,0,0,0,0,0,-109000,0,0,0,71000,180000,-109000,-109000
058896,中環元大99購03  ,0,0,0,0,0,0,0,0,0,-109000,0,0,0,1000,110000,-109000,-109000
058477,億光凱基9A購01  ,0,0,0,0,0,0,0,0,0,-109000,0,0,0,551000,660000,-109000,-109000
057102,亞光中信9A購01  ,0,0,0,0,0,0,0,0,0,-109000,0,0,0,43000,152000,-109000,-109000
063475,同欣電元大9C購01,0,0,0,0,0,0,0,0,0,-109000,0,0,0,97000,206000,-109000,-109000
065969,台積電元大01購06,0,0,0,0,0,0,0,0,0,-110000,0,0,0,300000,410000,-110000,-110000
066367,緯創中信05購01  ,0,0,0,0,0,0,0,0,0,-110000,0,0,0,0,110000,-110000,-110000
07086P,力成元富9C售01  ,0,0,0,0,0,0,0,0,0,-110000,0,0,0,50000,160000,-110000,-110000
08057P,京鼎群益9B售01  ,0,0,0,0,0,0,0,0,0,-110000,0,0,0,0,110000,-110000,-110000
061672,臺指反元大01購05,0,0,0,0,0,0,0,0,0,-110000,0,0,0,0,110000,-110000,-110000
057944,新日興國票99購02,0,0,0,0,0,0,0,0,0,-110000,0,0,0,11000,121000,-110000,-110000
056904,大立光元大99購05,0,0,0,0,0,0,0,0,0,-110000,0,0,0,110000,220000,-110000,-110000
058706,聯鈞元大9C購01  ,0,0,0,0,0,0,0,0,0,-110000,0,0,0,75000,185000,-110000,-110000
062834,立積群益9B購02  ,0,0,0,0,0,0,0,0,0,-110000,0,0,0,10000,120000,-110000,-110000
063069,道瓊銀富邦05購01,0,0,0,0,0,0,0,0,0,-110000,0,0,0,13000,123000,-110000,-110000
059094,臻鼎元大99購03  ,0,0,0,0,0,0,0,0,0,-110000,0,0,0,0,110000,-110000,-110000
060982,旺宏元大9A購09  ,0,0,0,0,0,0,0,0,0,-110000,0,0,0,1000,111000,-110000,-110000
062560,奇鋐凱基9B購02  ,0,0,0,0,0,0,0,0,0,-110000,0,0,0,272000,382000,-110000,-110000
059907,道瓊指元大99購03,0,0,0,0,0,0,0,0,0,-110000,0,0,0,7000,117000,-110000,-110000
059772,可成群益9A購05  ,0,0,0,0,0,0,0,0,0,-110000,0,0,0,0,110000,-110000,-110000
063422,奇鋐凱基9B購04  ,0,0,0,0,0,0,0,0,0,-110000,0,0,0,194000,304000,-110000,-110000
064644,台光電凱基9C購01,0,0,0,0,0,0,0,0,0,-110000,0,0,0,0,110000,-110000,-110000
065134,中石化凱基01購01,0,0,0,0,0,0,0,0,0,-110000,0,0,0,0,110000,-110000,-110000
9136,巨騰-DR         ,12000,122000,-110000,0,0,0,0,0,0,0,2000,2000,0,0,0,0,-110000
5264,鎧勝-KY         ,2316000,2318000,-2000,0,0,0,0,0,0,-108000,44000,26000,18000,79000,205000,-126000,-110000
1506,正道            ,14000,125000,-111000,0,0,0,0,0,0,0,0,0,0,0,0,0,-111000
066708,嘉澤群益02購01  ,0,0,0,0,0,0,0,0,0,-111000,0,0,0,102000,213000,-111000,-111000
066259,聯強元大01購01  ,0,0,0,0,0,0,0,0,0,-111000,0,0,0,0,111000,-111000,-111000
054556,世芯凱基99購01  ,0,0,0,0,0,0,0,0,0,-111000,0,0,0,4000,115000,-111000,-111000
054308,嘉晶凱基98購01  ,0,0,0,0,0,0,0,0,0,-111000,0,0,0,104000,215000,-111000,-111000
059931,緯穎富邦9A購01  ,0,0,0,0,0,0,0,0,0,-111000,0,0,0,6000,117000,-111000,-111000
060821,SP黃豆元大9A購02,0,0,0,0,0,0,0,0,0,-111000,0,0,0,131000,242000,-111000,-111000
065109,台勝科國票01購01,0,0,0,0,0,0,0,0,0,-111000,0,0,0,38000,149000,-111000,-111000
064725,緯創統一02購01  ,0,0,0,0,0,0,0,0,0,-111000,0,0,0,5000,116000,-111000,-111000
065527,巨大群益9C購03  ,0,0,0,0,0,0,0,0,0,-111000,0,0,0,0,111000,-111000,-111000
065700,京元電群益9C購01,0,0,0,0,0,0,0,0,0,-111000,0,0,0,32000,143000,-111000,-111000
063612,金像電群益9B購04,0,0,0,0,0,0,0,0,0,-111000,0,0,0,115000,226000,-111000,-111000
064569,群創群益9C購01  ,0,0,0,0,0,0,0,0,0,-111000,0,0,0,0,111000,-111000,-111000
2031,新光鋼          ,59000,166000,-107000,0,0,0,0,0,0,-4000,4000,8000,-4000,0,0,0,-111000
1773,勝一            ,68000,175000,-107000,0,0,0,0,0,0,-4000,1000,5000,-4000,0,0,0,-111000
066162,泰豐凱基01購01  ,0,0,0,0,0,0,0,0,0,-112000,0,0,0,0,112000,-112000,-112000
08497P,華新科國票01售02,0,0,0,0,0,0,0,0,0,-112000,0,0,0,0,112000,-112000,-112000
08010P,大成鋼元大9B售01,0,0,0,0,0,0,0,0,0,-112000,0,0,0,58000,170000,-112000,-112000
07991P,鴻海群益9C售02  ,0,0,0,0,0,0,0,0,0,-112000,0,0,0,164000,276000,-112000,-112000
057793,群創統一99購02  ,0,0,0,0,0,0,0,0,0,-112000,0,0,0,17000,129000,-112000,-112000
060570,南亞科永豐9A購01,0,0,0,0,0,0,0,0,0,-112000,0,0,0,10000,122000,-112000,-112000
060906,旺宏元大9A購07  ,0,0,0,0,0,0,0,0,0,-112000,0,0,0,0,112000,-112000,-112000
060931,GIS永豐9A購01   ,0,0,0,0,0,0,0,0,0,-112000,0,0,0,5000,117000,-112000,-112000
062716,鴻海凱基9B購06  ,0,0,0,0,0,0,0,0,0,-112000,0,0,0,17000,129000,-112000,-112000
064194,燿華群益9C購01  ,0,0,0,0,0,0,0,0,0,-112000,0,0,0,46000,158000,-112000,-112000
063706,台虹群益9B購01  ,0,0,0,0,0,0,0,0,0,-112000,0,0,0,33000,145000,-112000,-112000
065815,微星元富9C購01  ,0,0,0,0,0,0,0,0,0,-112000,0,0,0,16000,128000,-112000,-112000
064651,GIS凱基9C購02   ,0,0,0,0,0,0,0,0,0,-112000,0,0,0,20000,132000,-112000,-112000
059187,國巨富邦9B購02  ,0,0,0,0,0,0,0,0,0,-113000,0,0,0,0,113000,-113000,-113000
062413,台光電中信9B購02,0,0,0,0,0,0,0,0,0,-113000,0,0,0,0,113000,-113000,-113000
062408,致新永豐9B購01  ,0,0,0,0,0,0,0,0,0,-113000,0,0,0,21000,134000,-113000,-113000
060967,鈺齊凱基9A購02  ,0,0,0,0,0,0,0,0,0,-113000,0,0,0,95000,208000,-113000,-113000
060249,正文元大9C購01  ,0,0,0,0,0,0,0,0,0,-113000,0,0,0,1000,114000,-113000,-113000
064501,大立光元大01購02,0,0,0,0,0,0,0,0,0,-113000,0,0,0,8000,121000,-113000,-113000
3515,華擎            ,662000,927000,-265000,0,0,0,30000,0,30000,122000,121000,37000,84000,88000,50000,38000,-113000
066157,晶碩康和01購01  ,0,0,0,0,0,0,0,0,0,-114000,0,0,0,70000,184000,-114000,-114000
066126,南港群益01購01  ,0,0,0,0,0,0,0,0,0,-114000,0,0,0,12000,126000,-114000,-114000
066029,神達群益02購01  ,0,0,0,0,0,0,0,0,0,-114000,0,0,0,323000,437000,-114000,-114000
065955,健鼎統一01購03  ,0,0,0,0,0,0,0,0,0,-114000,0,0,0,40000,154000,-114000,-114000
066869,聯發科元富07購02,0,0,0,0,0,0,0,0,0,-114000,0,0,0,0,114000,-114000,-114000
058769,友達兆豐99購01  ,0,0,0,0,0,0,0,0,0,-114000,0,0,0,371000,485000,-114000,-114000
060296,和碩元大9A購01  ,0,0,0,0,0,0,0,0,0,-114000,0,0,0,19000,133000,-114000,-114000
062805,台勝科統一9C購01,0,0,0,0,0,0,0,0,0,-114000,0,0,0,0,114000,-114000,-114000
062744,超眾國泰9C購01  ,0,0,0,0,0,0,0,0,0,-114000,0,0,0,0,114000,-114000,-114000
060700,華新科國泰9C購01,0,0,0,0,0,0,0,0,0,-114000,0,0,0,11000,125000,-114000,-114000
064574,達方群益01購01  ,0,0,0,0,0,0,0,0,0,-114000,0,0,0,40000,154000,-114000,-114000
064585,中壽永豐9C購01  ,0,0,0,0,0,0,0,0,0,-114000,0,0,0,0,114000,-114000,-114000
064429,鴻海凱基03購03  ,0,0,0,0,0,0,0,0,0,-114000,0,0,0,39000,153000,-114000,-114000
065439,台積電麥證9C購01,0,0,0,1000,115000,-114000,0,0,0,-114000,0,0,0,1000,115000,-114000,-114000
2451,創見            ,42000,129000,-87000,0,0,0,0,0,0,-27000,6000,0,6000,0,33000,-33000,-114000
06896P,信邦中信98售01  ,0,0,0,0,0,0,0,0,0,-115000,0,0,0,0,115000,-115000,-115000
065989,泰碩永豐01購01  ,0,0,0,0,0,0,0,0,0,-115000,0,0,0,0,115000,-115000,-115000
066467,晶碩統一03購01  ,0,0,0,0,0,0,0,0,0,-115000,0,0,0,132000,247000,-115000,-115000
08200P,祥碩元大9B售08  ,0,0,0,0,0,0,0,0,0,-115000,0,0,0,103000,218000,-115000,-115000
053220,瀚宇博凱基98購01,0,0,0,0,0,0,0,0,0,-115000,0,0,0,15000,130000,-115000,-115000
058047,可成元大98購11  ,0,0,0,0,0,0,0,0,0,-115000,0,0,0,3000,118000,-115000,-115000
059044,聯電日盛99購02  ,0,0,0,0,0,0,0,0,0,-115000,0,0,0,0,115000,-115000,-115000
065730,新日興凱基9C購01,0,0,0,0,0,0,0,0,0,-115000,0,0,0,374000,489000,-115000,-115000
063715,鈺齊凱基9C購01  ,0,0,0,0,0,0,0,0,0,-115000,0,0,0,0,115000,-115000,-115000
1513,中興電          ,158000,221000,-63000,0,0,0,0,0,0,-53000,15000,19000,-4000,12000,61000,-49000,-116000
1435,中福            ,200000,316000,-116000,0,0,0,0,0,0,0,0,0,0,0,0,0,-116000
066138,健策群益01購05  ,0,0,0,0,0,0,0,0,0,-116000,0,0,0,0,116000,-116000,-116000
056810,群創統一9A購01  ,0,0,0,0,0,0,0,0,0,-116000,0,0,0,0,116000,-116000,-116000
058768,南港兆豐99購01  ,0,0,0,0,0,0,0,0,0,-116000,0,0,0,0,116000,-116000,-116000
063126,TPK元大9B購01   ,0,0,0,0,0,0,0,0,0,-116000,0,0,0,12000,128000,-116000,-116000
061454,國巨凱基9A購16  ,0,0,0,0,0,0,0,0,0,-116000,0,0,0,9000,125000,-116000,-116000
063890,正隆群益9C購01  ,0,0,0,0,0,0,0,0,0,-116000,0,0,0,6000,122000,-116000,-116000
064522,華擎群益01購01  ,0,0,0,0,0,0,0,0,0,-116000,0,0,0,16000,132000,-116000,-116000
065145,貿聯凱基9C購02  ,0,0,0,0,0,0,0,0,0,-116000,0,0,0,0,116000,-116000,-116000
2606,裕民            ,115000,236000,-121000,0,0,0,0,1000,-1000,6000,6000,0,6000,0,0,0,-116000
066263,華碩元大02購01  ,0,0,0,0,0,0,0,0,0,-117000,0,0,0,26000,143000,-117000,-117000
066577,巨大元大01購02  ,0,0,0,0,0,0,0,0,0,-117000,0,0,0,74000,191000,-117000,-117000
057534,旭富元大98購01  ,0,0,0,0,0,0,0,0,0,-117000,0,0,0,78000,195000,-117000,-117000
062426,大立光統一02購02,0,0,0,0,0,0,0,0,0,-117000,0,0,0,120000,237000,-117000,-117000
061244,和碩兆豐9A購01  ,0,0,0,0,0,0,0,0,0,-117000,0,0,0,0,117000,-117000,-117000
060144,全新國票9B購01  ,0,0,0,0,0,0,0,0,0,-117000,0,0,0,9000,126000,-117000,-117000
064789,和大國票01購01  ,0,0,0,0,0,0,0,0,0,-117000,0,0,0,14000,131000,-117000,-117000
065718,健策中信9C購02  ,0,0,0,0,0,0,0,0,0,-117000,0,0,0,122000,239000,-117000,-117000
065583,超眾國泰02購01  ,0,0,0,0,0,0,0,0,0,-117000,0,0,0,0,117000,-117000,-117000
065253,和大元大01購02  ,0,0,0,0,0,0,0,0,0,-117000,0,0,0,168000,285000,-117000,-117000
064485,儒鴻元大01購01  ,0,0,0,0,0,0,0,0,0,-117000,0,0,0,15000,132000,-117000,-117000
064464,台郡統一01購01  ,0,0,0,0,0,0,0,0,0,-117000,0,0,0,69000,186000,-117000,-117000
064557,鴻海群益9C購04  ,0,0,0,0,0,0,0,0,0,-117000,0,0,0,25000,142000,-117000,-117000
063497,東元永豐9B購01  ,0,0,0,0,0,0,0,0,0,-117000,0,0,0,0,117000,-117000,-117000
063575,矽格元大9B購02  ,0,0,0,0,0,0,0,0,0,-117000,0,0,0,21000,138000,-117000,-117000
066529,巨大統一03購01  ,0,0,0,0,0,0,0,0,0,-118000,0,0,0,26000,144000,-118000,-118000
066302,卜蜂永豐01購01  ,0,0,0,0,0,0,0,0,0,-118000,0,0,0,0,118000,-118000,-118000
066437,台泥群益02購01  ,0,0,0,0,0,0,0,0,0,-118000,0,0,0,0,118000,-118000,-118000
066434,台虹元大01購01  ,1000,0,1000,0,0,0,0,0,0,-119000,0,0,0,378000,497000,-119000,-118000
07998P,聯電凱基9C售01  ,0,0,0,0,0,0,0,0,0,-118000,0,0,0,3000,121000,-118000,-118000
057902,嘉晶永豐98購02  ,0,0,0,0,0,0,0,0,0,-118000,0,0,0,13000,131000,-118000,-118000
062441,華新科元大9C購01,0,0,0,0,0,0,0,0,0,-118000,0,0,0,0,118000,-118000,-118000
060712,建準永豐9A購01  ,0,0,0,0,0,0,0,0,0,-118000,0,0,0,0,118000,-118000,-118000
063366,台表科富邦9C購02,0,0,0,0,0,0,0,0,0,-118000,0,0,0,0,118000,-118000,-118000
063897,神達群益9C購01  ,0,0,0,0,0,0,0,0,0,-118000,0,0,0,247000,365000,-118000,-118000
063798,台積電凱基02購03,0,0,0,0,0,0,0,0,0,-118000,0,0,0,13000,131000,-118000,-118000
065080,燿華元大01購01  ,0,0,0,0,0,0,0,0,0,-118000,0,0,0,64000,182000,-118000,-118000
064949,南亞科凱基9C購01,0,0,0,0,0,0,0,0,0,-118000,0,0,0,0,118000,-118000,-118000
08556P,臺股指中信01售08,0,0,0,0,0,0,0,0,0,-119000,0,0,0,31000,150000,-119000,-119000
066453,嘉基群益01購01  ,0,0,0,0,0,0,0,0,0,-119000,0,0,0,4000,123000,-119000,-119000
066378,超眾兆豐03購01  ,0,0,0,0,0,0,0,0,0,-119000,0,0,0,14000,133000,-119000,-119000
058766,力山兆豐99購01  ,0,0,0,0,0,0,0,0,0,-119000,0,0,0,113000,232000,-119000,-119000
065746,光寶科元大9C購01,0,0,0,0,0,0,0,0,0,-119000,0,0,0,27000,146000,-119000,-119000
063420,奇力新凱基9B購03,0,0,0,0,0,0,0,0,0,-119000,0,0,0,0,119000,-119000,-119000
063442,金像電統一01購01,0,0,0,0,0,0,0,0,0,-119000,0,0,0,140000,259000,-119000,-119000
08388P,台灣50中信03售09,0,0,0,0,0,0,0,0,0,-120000,0,0,0,0,120000,-120000,-120000
08801P,聯發科元大01售13,0,0,0,0,0,0,0,0,0,-120000,0,0,0,0,120000,-120000,-120000
055023,億光國泰98購01  ,0,0,0,0,0,0,0,0,0,-120000,0,0,0,4000,124000,-120000,-120000
056455,群創凱基9A購01  ,0,0,0,0,0,0,0,0,0,-120000,0,0,0,30000,150000,-120000,-120000
057874,可成元大99購02  ,0,0,0,0,0,0,0,0,0,-120000,0,0,0,126000,246000,-120000,-120000
057249,華邦電統一9A購01,0,0,0,0,0,0,0,0,0,-120000,0,0,0,40000,160000,-120000,-120000
061572,奇力新元大9A購04,0,0,0,0,0,0,0,0,0,-120000,0,0,0,0,120000,-120000,-120000
061569,旺宏元大9A購14  ,0,0,0,0,0,0,0,0,0,-120000,0,0,0,0,120000,-120000,-120000
061818,富邦金群益9C購01,0,0,0,0,0,0,0,0,0,-120000,0,0,0,30000,150000,-120000,-120000
059202,禾聯碩永豐99購01,0,0,0,0,0,0,0,0,0,-120000,0,0,0,0,120000,-120000,-120000
063222,群創群益9B購03  ,0,0,0,0,0,0,0,0,0,-120000,0,0,0,0,120000,-120000,-120000
063716,旺宏兆豐9B購01  ,0,0,0,0,0,0,0,0,0,-120000,0,0,0,0,120000,-120000,-120000
065605,義隆元大01購02  ,0,0,0,0,0,0,0,0,0,-120000,0,0,0,238000,358000,-120000,-120000
065014,南電國泰01購01  ,0,0,0,0,0,0,0,0,0,-120000,0,0,0,52000,172000,-120000,-120000
065170,智邦元大9C購07  ,0,0,0,0,0,0,0,0,0,-120000,0,0,0,30000,150000,-120000,-120000
064772,FBVIX群益9C購04 ,0,0,0,0,0,0,0,0,0,-120000,0,0,0,10000,130000,-120000,-120000
064672,同欣電元大01購01,0,0,0,0,0,0,0,0,0,-120000,0,0,0,86000,206000,-120000,-120000
066771,滬深2X富邦02購01,0,0,0,0,0,0,0,0,0,-121000,0,0,0,3000,124000,-121000,-121000
057393,台積電中信02購01,0,0,0,0,0,0,0,0,0,-121000,0,0,0,874000,995000,-121000,-121000
062904,台光電元大9B購06,0,0,0,0,0,0,0,0,0,-121000,0,0,0,190000,311000,-121000,-121000
064370,聯茂統一02購01  ,0,0,0,0,0,0,0,0,0,-121000,0,0,0,13000,134000,-121000,-121000
2059,川湖            ,35000,154000,-119000,0,0,0,0,1000,-1000,-1000,0,2000,-2000,1000,0,1000,-121000
066739,揚明光元大01購01,0,0,0,0,0,0,0,0,0,-122000,0,0,0,0,122000,-122000,-122000
066515,強茂永豐01購02  ,0,0,0,0,0,0,0,0,0,-122000,0,0,0,0,122000,-122000,-122000
065965,國巨元大01購05  ,0,0,0,0,0,0,0,0,0,-122000,0,0,0,28000,150000,-122000,-122000
08053P,臺股指國票9B售18,0,0,0,0,0,0,0,0,0,-122000,0,0,0,30000,152000,-122000,-122000
08172P,台積電凱基03售02,0,0,0,0,0,0,0,0,0,-122000,0,0,0,0,122000,-122000,-122000
058650,台虹永豐9A購01  ,0,0,0,0,0,0,0,0,0,-122000,0,0,0,107000,229000,-122000,-122000
03662C,FBVIX凱基03牛01 ,0,0,0,0,0,0,0,0,0,-122000,0,0,0,101000,223000,-122000,-122000
057660,訊芯兆豐98購02  ,0,0,0,0,0,0,0,0,0,-122000,0,0,0,0,122000,-122000,-122000
063166,超眾永豐9B購01  ,0,0,0,0,0,0,0,0,0,-122000,0,0,0,0,122000,-122000,-122000
060029,嘉晶永豐99購03  ,0,0,0,0,0,0,0,0,0,-122000,0,0,0,19000,141000,-122000,-122000
064407,貿聯凱基02購02  ,0,0,0,0,0,0,0,0,0,-122000,0,0,0,6000,128000,-122000,-122000
064348,TPK元大9C購03   ,0,0,0,0,0,0,0,0,0,-122000,0,0,0,6000,128000,-122000,-122000
064023,智邦元大9C購02  ,0,0,0,0,0,0,0,0,0,-122000,0,0,0,29000,151000,-122000,-122000
063801,GIS凱基01購01   ,0,0,0,0,0,0,0,0,0,-122000,0,0,0,34000,156000,-122000,-122000
063892,旺宏群益01購01  ,0,0,0,0,0,0,0,0,0,-122000,0,0,0,0,122000,-122000,-122000
063460,智邦元大9B購08  ,0,0,0,0,0,0,0,0,0,-122000,0,0,0,16000,138000,-122000,-122000
065731,群創凱基03購02  ,0,0,0,0,0,0,0,0,0,-122000,0,0,0,33000,155000,-122000,-122000
065559,超眾凱基9C購03  ,0,0,0,0,0,0,0,0,0,-122000,0,0,0,18000,140000,-122000,-122000
056852,矽格元富98購01  ,0,0,0,0,0,0,0,0,0,-123000,0,0,0,45000,168000,-123000,-123000
061789,群創群益9B購01  ,0,0,0,0,0,0,0,0,0,-123000,0,0,0,0,123000,-123000,-123000
060916,金像電國泰9C購01,0,0,0,0,0,0,0,0,0,-123000,0,0,0,211000,334000,-123000,-123000
061878,茂林元大9B購01  ,0,0,0,0,0,0,0,0,0,-123000,0,0,0,27000,150000,-123000,-123000
065265,景碩元大9C購02  ,0,0,0,0,0,0,0,0,0,-123000,0,0,0,36000,159000,-123000,-123000
063322,台郡群益9B購02  ,0,0,0,0,0,0,0,0,0,-123000,0,0,0,137000,260000,-123000,-123000
063799,華邦電凱基9C購02,0,0,0,0,0,0,0,0,0,-123000,0,0,0,12000,135000,-123000,-123000
1732,毛寶            ,21000,146000,-125000,0,0,0,0,0,0,2000,2000,0,2000,0,0,0,-123000
08160P,茂林元富9B售03  ,0,0,0,0,0,0,0,0,0,-124000,0,0,0,384000,508000,-124000,-124000
065995,台虹永豐01購01  ,0,0,0,0,0,0,0,0,0,-124000,0,0,0,57000,181000,-124000,-124000
066402,泰鼎凱基01購02  ,0,0,0,0,0,0,0,0,0,-124000,0,0,0,10000,134000,-124000,-124000
066264,金像電元大01購01,0,0,0,0,0,0,0,0,0,-124000,0,0,0,250000,374000,-124000,-124000
066636,健策凱基01購02  ,0,0,0,0,0,0,0,0,0,-124000,0,0,0,0,124000,-124000,-124000
061550,聯鈞群益9A購03  ,0,0,0,0,0,0,0,0,0,-124000,0,0,0,30000,154000,-124000,-124000
061995,超眾元大01購01  ,0,0,0,0,0,0,0,0,0,-124000,0,0,0,26000,150000,-124000,-124000
059867,華邦電凱基99購02,0,0,0,0,0,0,0,0,0,-124000,0,0,0,0,124000,-124000,-124000
063077,巨大永豐9B購03  ,0,0,0,0,0,0,0,0,0,-124000,0,0,0,0,124000,-124000,-124000
060434,台汽電永豐9A購01,0,0,0,0,0,0,0,0,0,-124000,0,0,0,11000,135000,-124000,-124000
063913,貿聯凱基02購01  ,0,0,0,0,0,0,0,0,0,-124000,0,0,0,6000,130000,-124000,-124000
063965,漢唐國票01購01  ,0,0,0,0,0,0,0,0,0,-124000,0,0,0,0,124000,-124000,-124000
065339,旺宏統一01購08  ,0,0,0,0,0,0,0,0,0,-124000,0,0,0,0,124000,-124000,-124000
065073,亞德客元大01購02,0,0,0,0,0,0,0,0,0,-124000,0,0,0,85000,209000,-124000,-124000
3014,聯陽            ,387000,490000,-103000,0,0,0,0,0,0,-21000,0,0,0,3000,24000,-21000,-124000
061944,聯電群益9B購01  ,0,0,0,0,0,0,0,0,0,-125000,0,0,0,38000,163000,-125000,-125000
057354,聯鈞統一99購03  ,0,0,0,0,0,0,0,0,0,-125000,0,0,0,166000,291000,-125000,-125000
058434,旺宏統一9B購01  ,0,0,0,0,0,0,0,0,0,-125000,0,0,0,0,125000,-125000,-125000
062926,嘉澤國票9B購01  ,0,0,0,0,0,0,0,0,0,-125000,0,0,0,38000,163000,-125000,-125000
062846,國泰金富邦9C購01,0,0,0,0,0,0,0,0,0,-125000,0,0,0,98000,223000,-125000,-125000
062060,奇鋐統一9C購01  ,0,0,0,0,0,0,0,0,0,-125000,0,0,0,515000,640000,-125000,-125000
062636,聯鈞國票9B購01  ,0,0,0,0,0,0,0,0,0,-125000,0,0,0,39000,164000,-125000,-125000
065229,友達凱基02購03  ,0,0,0,0,0,0,0,0,0,-125000,0,0,0,15000,140000,-125000,-125000
065365,國巨元大9C購19  ,0,0,0,0,0,0,0,0,0,-125000,0,0,0,75000,200000,-125000,-125000
065288,華新科群益02購02,0,0,0,0,0,0,0,0,0,-125000,0,0,0,27000,152000,-125000,-125000
065547,同欣電兆豐01購01,0,0,0,0,0,0,0,0,0,-125000,0,0,0,0,125000,-125000,-125000
065520,台勝科群益9C購03,0,0,0,0,0,0,0,0,0,-125000,0,0,0,0,125000,-125000,-125000
065479,新日興元大9C購05,0,0,0,0,0,0,0,0,0,-125000,0,0,0,46000,171000,-125000,-125000
063669,宏達電統一9C購01,0,0,0,0,0,0,0,0,0,-125000,0,0,0,0,125000,-125000,-125000
064449,金寶統一01購02  ,0,0,0,0,0,0,0,0,0,-125000,0,0,0,0,125000,-125000,-125000
066533,南茂元富01購01  ,0,0,0,0,0,0,0,0,0,-126000,0,0,0,0,126000,-126000,-126000
066370,帆宣中信01購01  ,0,0,0,0,0,0,0,0,0,-126000,0,0,0,444000,570000,-126000,-126000
058534,友達統一9B購01  ,0,0,0,0,0,0,0,0,0,-126000,0,0,0,0,126000,-126000,-126000
056268,新日興統一97購01,0,0,0,0,0,0,0,0,0,-126000,0,0,0,60000,186000,-126000,-126000
064542,聯電凱基02購01  ,0,0,0,0,0,0,0,0,0,-126000,0,0,0,68000,194000,-126000,-126000
063436,儒鴻統一01購03  ,0,0,0,0,0,0,0,0,0,-126000,0,0,0,40000,166000,-126000,-126000
065173,可成元大9C購10  ,0,0,0,0,0,0,0,0,0,-126000,0,0,0,9000,135000,-126000,-126000
2637,慧洋-KY         ,25000,142000,-117000,0,0,0,0,0,0,-9000,0,0,0,0,9000,-9000,-126000
066349,聚碩永豐01購01  ,0,0,0,0,0,0,0,0,0,-127000,0,0,0,4000,131000,-127000,-127000
066938,敦泰國票02購01  ,0,0,0,0,0,0,0,0,0,-127000,0,0,0,0,127000,-127000,-127000
07799P,南電國票9A售04  ,0,0,0,0,0,0,0,0,0,-127000,0,0,0,115000,242000,-127000,-127000
056483,TPK元大98購01   ,0,0,0,0,0,0,0,0,0,-127000,0,0,0,0,127000,-127000,-127000
056703,群創國泰9A購01  ,0,0,0,0,0,0,0,0,0,-127000,0,0,0,4000,131000,-127000,-127000
062606,聯電凱基9C購02  ,0,0,0,0,0,0,0,0,0,-127000,0,0,0,33000,160000,-127000,-127000
064776,金像電群益01購01,0,0,0,0,0,0,0,0,0,-127000,0,0,0,143000,270000,-127000,-127000
065411,旺宏永豐9C購02  ,0,0,0,0,0,0,0,0,0,-127000,0,0,0,0,127000,-127000,-127000
063783,儒鴻中信9C購01  ,0,0,0,0,0,0,0,0,0,-127000,0,0,0,0,127000,-127000,-127000
058624,台積電國票99購09,0,0,0,0,0,0,0,0,0,-128000,0,0,0,37000,165000,-128000,-128000
057548,微星凱基99購01  ,0,0,0,0,0,0,0,0,0,-128000,0,0,0,20000,148000,-128000,-128000
057675,同欣電元大98購02,0,0,0,0,0,0,0,0,0,-128000,0,0,0,30000,158000,-128000,-128000
060152,上証2X永豐9A購02,0,0,0,0,0,0,0,0,0,-128000,0,0,0,0,128000,-128000,-128000
061094,彩晶統一9B購02  ,0,0,0,0,0,0,0,0,0,-128000,0,0,0,0,128000,-128000,-128000
065289,冠德群益9C購01  ,0,0,0,0,0,0,0,0,0,-128000,0,0,0,53000,181000,-128000,-128000
065828,大立光凱基06購01,0,0,0,0,0,0,0,0,0,-128000,0,0,0,5000,133000,-128000,-128000
064858,鴻海富邦01購01  ,0,0,0,0,0,0,0,0,0,-128000,0,0,0,49000,177000,-128000,-128000
2485,兆赫            ,128000,267000,-139000,0,0,0,0,0,0,11000,12000,1000,11000,0,0,0,-128000
08329P,台達電統一9C售02,0,0,0,0,0,0,0,0,0,-129000,0,0,0,94000,223000,-129000,-129000
066603,台達電富邦05購01,0,0,0,0,0,0,0,0,0,-129000,0,0,0,326000,455000,-129000,-129000
055578,群創統一98購03  ,0,0,0,0,0,0,0,0,0,-129000,0,0,0,0,129000,-129000,-129000
057346,鴻海統一98購13  ,0,0,0,0,0,0,0,0,0,-129000,0,0,0,14000,143000,-129000,-129000
061646,力成元大9A購02  ,0,0,0,0,0,0,0,0,0,-129000,0,0,0,118000,247000,-129000,-129000
062522,同欣電元大9B購02,0,0,0,0,0,0,0,0,0,-129000,0,0,0,20000,149000,-129000,-129000
063807,超眾兆豐01購01  ,0,0,0,0,0,0,0,0,0,-129000,0,0,0,0,129000,-129000,-129000
063548,同欣電兆豐9B購01,0,0,0,0,0,0,0,0,0,-129000,0,0,0,123000,252000,-129000,-129000
064147,瑞昱統一01購04  ,0,0,0,0,0,0,0,0,0,-129000,0,0,0,111000,240000,-129000,-129000
2383,台光電          ,677000,865000,-188000,0,0,0,163000,67000,96000,-37000,19000,107000,-88000,75000,24000,51000,-129000
066587,台船群益01購01  ,0,0,0,0,0,0,0,0,0,-130000,0,0,0,0,130000,-130000,-130000
066531,智伸科元富01購01,0,0,0,0,0,0,0,0,0,-130000,0,0,0,0,130000,-130000,-130000
066180,正文凱基01購01  ,0,0,0,0,0,0,0,0,0,-130000,0,0,0,0,130000,-130000,-130000
08065P,瑞昱凱基9B售03  ,0,0,0,0,0,0,0,0,0,-130000,0,0,0,0,130000,-130000,-130000
057681,T50反1日盛9C購01,0,0,0,0,0,0,0,0,0,-130000,0,0,0,70000,200000,-130000,-130000
059937,旺宏永豐99購03  ,0,0,0,0,0,0,0,0,0,-130000,0,0,0,0,130000,-130000,-130000
061479,泰碩元大9A購02  ,0,0,0,0,0,0,0,0,0,-130000,0,0,0,0,130000,-130000,-130000
059249,大立光凱基99購05,0,0,0,0,0,0,0,0,0,-130000,0,0,0,0,130000,-130000,-130000
060835,亞德客國票9A購01,0,0,0,0,0,0,0,0,0,-130000,0,0,0,53000,183000,-130000,-130000
060450,南亞元大9A購02  ,0,0,0,0,0,0,0,0,0,-130000,0,0,0,0,130000,-130000,-130000
059061,晶技凱基9A購01  ,0,0,0,0,0,0,0,0,0,-130000,0,0,0,0,130000,-130000,-130000
059639,大立光凱基9A購06,0,0,0,0,0,0,0,0,0,-130000,0,0,0,0,130000,-130000,-130000
062824,國巨群益9C購03  ,0,0,0,0,0,0,0,0,0,-130000,0,0,0,0,130000,-130000,-130000
061271,聯茂凱基9A購04  ,0,0,0,0,0,0,0,0,0,-130000,0,0,0,0,130000,-130000,-130000
064010,GIS凱基02購01   ,0,0,0,0,0,0,0,0,0,-130000,0,0,0,0,130000,-130000,-130000
063944,建準元大9C購01  ,0,0,0,0,0,0,0,0,0,-130000,0,0,0,0,130000,-130000,-130000
066137,智易群益01購01  ,0,0,0,0,0,0,0,0,0,-131000,0,0,0,18000,149000,-131000,-131000
057582,亞光中信9A購02  ,0,0,0,0,0,0,0,0,0,-131000,0,0,0,10000,141000,-131000,-131000
059986,宏達電元大99購08,0,0,0,0,0,0,0,0,0,-131000,0,0,0,1000,132000,-131000,-131000
062637,智易國票9B購01  ,0,0,0,0,0,0,0,0,0,-131000,0,0,0,38000,169000,-131000,-131000
062496,矽創中信9B購01  ,0,0,0,0,0,0,0,0,0,-131000,0,0,0,486000,617000,-131000,-131000
062111,台勝科國票9B購01,0,0,0,0,0,0,0,0,0,-131000,0,0,0,0,131000,-131000,-131000
063660,儒鴻統一9C購01  ,0,0,0,0,0,0,0,0,0,-131000,0,0,0,59000,190000,-131000,-131000
065178,和碩元大9C購01  ,0,0,0,0,0,0,0,0,0,-131000,0,0,0,35000,166000,-131000,-131000
065708,中磊群益9C購01  ,0,0,0,0,0,0,0,0,0,-131000,0,0,0,62000,193000,-131000,-131000
07473P,祥碩元大9A售01  ,0,0,0,0,0,0,0,0,0,-132000,0,0,0,6000,138000,-132000,-132000
056136,京鼎元大98購01  ,0,0,0,0,0,0,0,0,0,-132000,0,0,0,130000,262000,-132000,-132000
059637,大立光凱基01購01,0,0,0,0,0,0,0,0,0,-132000,0,0,0,0,132000,-132000,-132000
064727,群創統一02購03  ,0,0,0,0,0,0,0,0,0,-132000,0,0,0,0,132000,-132000,-132000
064749,巨大國票01購01  ,0,0,0,0,0,0,0,0,0,-132000,0,0,0,0,132000,-132000,-132000
063287,嘉澤元大9B購05  ,0,0,0,0,0,0,0,0,0,-132000,0,0,0,513000,645000,-132000,-132000
2464,盟立            ,75000,199000,-124000,0,0,0,0,0,0,-8000,3000,0,3000,4000,15000,-11000,-132000
054471,T50反1中信9C購01,0,0,0,0,0,0,0,0,0,-133000,0,0,0,528000,661000,-133000,-133000
057020,台積電凱基99購02,0,0,0,0,0,0,0,0,0,-133000,0,0,0,4000,137000,-133000,-133000
058170,國巨凱基9A購06  ,0,0,0,0,0,0,0,0,0,-133000,0,0,0,100000,233000,-133000,-133000
6192,巨路            ,13000,130540,-117540,0,0,0,0,0,0,-16000,4000,20000,-16000,0,0,0,-133540
058202,鴻海凱基9A購04  ,0,0,0,0,0,0,0,0,0,-134000,0,0,0,55000,189000,-134000,-134000
057147,新日興國票99購01,0,0,0,0,0,0,0,0,0,-134000,0,0,0,0,134000,-134000,-134000
057798,貿聯兆豐99購01  ,0,0,0,0,0,0,0,0,0,-134000,0,0,0,101000,235000,-134000,-134000
061066,嘉晶凱基9B購01  ,0,0,0,0,0,0,0,0,0,-134000,0,0,0,26000,160000,-134000,-134000
058928,國巨統一9C購01  ,0,0,0,0,0,0,0,0,0,-134000,0,0,0,870000,1004000,-134000,-134000
061528,超眾凱基9A購04  ,0,0,0,0,0,0,0,0,0,-134000,0,0,0,0,134000,-134000,-134000
063881,嘉晶元富9C購01  ,0,0,0,0,0,0,0,0,0,-134000,0,0,0,288000,422000,-134000,-134000
064692,嘉晶群益9C購03  ,0,0,0,0,0,0,0,0,0,-134000,0,0,0,0,134000,-134000,-134000
3530,晶相光          ,182000,289000,-107000,0,0,0,0,0,0,-27000,0,0,0,0,27000,-27000,-134000
6213,聯茂            ,922000,543163,378837,0,0,0,0,404000,-404000,-109000,5000,112000,-107000,20000,22000,-2000,-134163
066328,國揚永豐01購01  ,0,0,0,0,0,0,0,0,0,-135000,0,0,0,15000,150000,-135000,-135000
063648,台表科元大9C購05,0,0,0,0,0,0,0,0,0,-135000,0,0,0,21000,156000,-135000,-135000
063432,金寶元富9B購01  ,0,0,0,0,0,0,0,0,0,-135000,0,0,0,256000,391000,-135000,-135000
064410,超眾凱基02購01  ,0,0,0,0,0,0,0,0,0,-135000,0,0,0,48000,183000,-135000,-135000
066177,上緯控凱基01購01,0,0,0,0,0,0,0,0,0,-136000,0,0,0,166000,302000,-136000,-136000
066551,大立光元大01購07,0,0,0,0,0,0,0,0,0,-136000,0,0,0,30000,166000,-136000,-136000
057734,訊芯國泰9A購01  ,0,0,0,0,0,0,0,0,0,-136000,0,0,0,200000,336000,-136000,-136000
055006,晶相光元富9A購01,0,0,0,0,0,0,0,0,0,-136000,0,0,0,0,136000,-136000,-136000
053569,漢唐統一98購01  ,0,0,0,0,0,0,0,0,0,-136000,0,0,0,108000,244000,-136000,-136000
057182,禾伸堂元大99購02,0,0,0,0,0,0,0,0,0,-136000,0,0,0,199000,335000,-136000,-136000
062937,旺宏凱基9B購08  ,0,0,0,0,0,0,0,0,0,-136000,0,0,0,13000,149000,-136000,-136000
064500,國泰金元大9C購01,0,0,0,0,0,0,0,0,0,-136000,0,0,0,91000,227000,-136000,-136000
065112,台表科國票02購01,0,0,0,0,0,0,0,0,0,-136000,0,0,0,57000,193000,-136000,-136000
058101,台積電富邦9C購01,0,0,0,0,0,0,0,0,0,-137000,0,0,0,125000,262000,-137000,-137000
056497,GIS國泰99購01   ,0,0,0,0,0,0,0,0,0,-137000,0,0,0,0,137000,-137000,-137000
062057,華邦電統一01購01,0,0,0,0,0,0,0,0,0,-137000,0,0,0,63000,200000,-137000,-137000
064742,奇鋐國票01購02  ,0,0,0,0,0,0,0,0,0,-137000,0,0,0,169000,306000,-137000,-137000
2536,宏普            ,30000,168000,-138000,0,0,0,0,0,0,1000,1000,0,1000,0,0,0,-137000
07920P,大立光中信01售01,0,0,0,0,0,0,0,0,0,-138000,0,0,0,176000,314000,-138000,-138000
056592,台積電元富98購01,0,0,0,0,0,0,0,0,0,-138000,0,0,0,2000,140000,-138000,-138000
061938,大立光國票9B購03,0,0,0,0,0,0,0,0,0,-138000,0,0,0,32000,170000,-138000,-138000
062262,茂林元大9B購02  ,0,0,0,0,0,0,0,0,0,-138000,0,0,0,22000,160000,-138000,-138000
061339,京元電元大9A購05,0,0,0,0,0,0,0,0,0,-138000,0,0,0,35000,173000,-138000,-138000
059787,奇力新元大9A購02,0,0,0,0,0,0,0,0,0,-138000,0,0,0,0,138000,-138000,-138000
059832,超眾康和99購01  ,0,0,0,0,0,0,0,0,0,-138000,0,0,0,0,138000,-138000,-138000
062736,漢唐國票9B購01  ,0,0,0,0,0,0,0,0,0,-138000,0,0,0,10000,148000,-138000,-138000
064778,美律群益9C購01  ,0,0,0,0,0,0,0,0,0,-138000,0,0,0,0,138000,-138000,-138000
065399,新日興群益01購01,0,0,0,0,0,0,0,0,0,-138000,0,0,0,1000,139000,-138000,-138000
065461,台光電中信9C購01,0,0,0,0,0,0,0,0,0,-138000,0,0,0,57000,195000,-138000,-138000
058287,國巨國票9A購02  ,0,0,0,0,0,0,0,0,0,-139000,0,0,0,19000,158000,-139000,-139000
058728,SP黃豆永豐99購01,0,0,0,0,0,0,0,0,0,-139000,0,0,0,2000,141000,-139000,-139000
059043,聯電日盛99購01  ,0,0,0,0,0,0,0,0,0,-139000,0,0,0,94000,233000,-139000,-139000
060058,牧德凱基9B購01  ,0,0,0,0,0,0,0,0,0,-139000,0,0,0,0,139000,-139000,-139000
064357,中橡統一9C購01  ,0,0,0,0,0,0,0,0,0,-139000,0,0,0,20000,159000,-139000,-139000
064009,超眾凱基01購01  ,0,0,0,0,0,0,0,0,0,-139000,0,0,0,3000,142000,-139000,-139000
063731,台積電元大9B購10,0,0,0,0,0,0,0,0,0,-139000,0,0,0,11000,150000,-139000,-139000
063871,瀚宇博永豐9C購01,0,0,0,0,0,0,0,0,0,-139000,0,0,0,43000,182000,-139000,-139000
00717,富邦美國特別股  ,0,0,0,0,0,0,0,0,0,-139039,0,0,0,392000,531039,-139039,-139039
066519,達方永豐01購01  ,0,0,0,0,0,0,0,0,0,-140000,0,0,0,1000,141000,-140000,-140000
066746,聯茂元大01購01  ,0,0,0,0,0,0,0,0,0,-140000,0,0,0,0,140000,-140000,-140000
07068P,欣興台新99售01  ,0,0,0,0,0,0,0,0,0,-140000,0,0,0,845000,985000,-140000,-140000
056158,新日興凱基98購02,0,0,0,0,0,0,0,0,0,-140000,0,0,0,107000,247000,-140000,-140000
055736,宏達電元富99購01,0,0,0,0,0,0,0,0,0,-140000,0,0,0,0,140000,-140000,-140000
062867,東元中信9B購01  ,0,0,0,0,0,0,0,0,0,-140000,0,0,0,48000,188000,-140000,-140000
065332,漢唐國票01購02  ,0,0,0,0,0,0,0,0,0,-140000,0,0,0,38000,178000,-140000,-140000
066375,南亞科兆豐01購01,0,0,0,0,0,0,0,0,0,-141000,0,0,0,113000,254000,-141000,-141000
058273,同欣電永豐99購01,0,0,0,0,0,0,0,0,0,-141000,0,0,0,0,141000,-141000,-141000
056710,漢唐永豐98購01  ,0,0,0,0,0,0,0,0,0,-141000,0,0,0,33000,174000,-141000,-141000
059297,大立光元富9C購01,0,0,0,0,0,0,0,0,0,-141000,0,0,0,84000,225000,-141000,-141000
061509,SP黃豆富邦9C購01,0,0,0,0,0,0,0,0,0,-141000,0,0,0,10000,151000,-141000,-141000
060722,矽格永豐9A購01  ,0,0,0,0,0,0,0,0,0,-141000,0,0,0,27000,168000,-141000,-141000
065727,冠德凱基9C購01  ,0,0,0,0,0,0,0,0,0,-141000,0,0,0,7000,148000,-141000,-141000
065838,鴻海元大03購01  ,0,0,0,0,0,0,0,0,0,-141000,0,0,0,50000,191000,-141000,-141000
063788,矽創統一02購01  ,0,0,0,0,0,0,0,0,0,-141000,0,0,0,246000,387000,-141000,-141000
066030,超眾群益01購01  ,0,0,0,0,0,0,0,0,0,-142000,0,0,0,35000,177000,-142000,-142000
057357,超眾統一98購01  ,0,0,0,0,0,0,0,0,0,-142000,0,0,0,0,142000,-142000,-142000
058261,大立光富邦03購01,0,0,0,0,0,0,0,0,0,-142000,0,0,0,0,142000,-142000,-142000
061626,超眾群益9A購02  ,0,0,0,0,0,0,0,0,0,-142000,0,0,0,15000,157000,-142000,-142000
058694,鈺齊國票9A購02  ,0,0,0,0,0,0,0,0,0,-142000,0,0,0,0,142000,-142000,-142000
052572,群創凱基99購01  ,0,0,0,0,0,0,0,0,0,-142000,0,0,0,74000,216000,-142000,-142000
061352,茂林元大9A購04  ,0,0,0,0,0,0,0,0,0,-142000,0,0,0,8000,150000,-142000,-142000
065111,瀚宇博國票01購01,0,0,0,0,0,0,0,0,0,-142000,0,0,0,104000,246000,-142000,-142000
066102,國揚國票02購01  ,0,0,0,0,0,0,0,0,0,-143000,0,0,0,32000,175000,-143000,-143000
066198,華碩統一03購01  ,0,0,0,0,0,0,0,0,0,-143000,0,0,0,35000,178000,-143000,-143000
08389P,技嘉國票9C售01  ,0,0,0,0,0,0,0,0,0,-143000,0,0,0,20000,163000,-143000,-143000
057733,嘉聯益國泰99購01,0,0,0,0,0,0,0,0,0,-143000,0,0,0,0,143000,-143000,-143000
060653,全新群益9A購02  ,0,0,0,0,0,0,0,0,0,-143000,0,0,0,0,143000,-143000,-143000
062259,可成元大9B購03  ,0,0,0,0,0,0,0,0,0,-143000,0,0,0,1000,144000,-143000,-143000
062858,微星國票9B購01  ,0,0,0,0,0,0,0,0,0,-143000,0,0,0,0,143000,-143000,-143000
065722,緯創兆豐9C購02  ,0,0,0,0,0,0,0,0,0,-143000,0,0,0,140000,283000,-143000,-143000
066363,美律中信05購01  ,0,0,0,0,0,0,0,0,0,-144000,0,0,0,0,144000,-144000,-144000
065892,聯發科統一02購04,0,0,0,0,0,0,0,0,0,-144000,0,0,0,207000,351000,-144000,-144000
066568,聚碩元大01購01  ,0,0,0,0,0,0,0,0,0,-144000,0,0,0,81000,225000,-144000,-144000
061879,超眾元大9C購01  ,0,0,0,0,0,0,0,0,0,-144000,0,0,0,46000,190000,-144000,-144000
061877,貿聯元大9B購01  ,0,0,0,0,0,0,0,0,0,-144000,0,0,0,5000,149000,-144000,-144000
062171,中磊永豐9B購01  ,0,0,0,0,0,0,0,0,0,-144000,0,0,0,103000,247000,-144000,-144000
065750,智邦元大9C購09  ,0,0,0,0,0,0,0,0,0,-144000,0,0,0,92000,236000,-144000,-144000
064755,南亞科凱基01購02,0,0,0,0,0,0,0,0,0,-144000,0,0,0,0,144000,-144000,-144000
1723,中碳            ,61000,206000,-145000,0,0,0,0,0,0,1000,1000,0,1000,0,0,0,-144000
066426,台勝科元大01購02,0,0,0,0,0,0,0,0,0,-145000,0,0,0,50000,195000,-145000,-145000
08559P,瑞昱國票9C售01  ,0,0,0,0,0,0,0,0,0,-145000,0,0,0,34000,179000,-145000,-145000
062680,微星統一01購01  ,0,0,0,0,0,0,0,0,0,-145000,0,0,0,434000,579000,-145000,-145000
062080,奇力新元大9B購02,0,0,0,0,0,0,0,0,0,-145000,0,0,0,0,145000,-145000,-145000
062984,致新元富9B購01  ,0,0,0,0,0,0,0,0,0,-145000,0,0,0,23000,168000,-145000,-145000
065088,可成元大9C購09  ,0,0,0,0,0,0,0,0,0,-145000,0,0,0,3000,148000,-145000,-145000
066611,台積電麥證01購03,0,0,0,0,146000,-146000,0,0,0,-146000,0,0,0,0,146000,-146000,-146000
066740,揚明光元大01購02,0,0,0,0,0,0,0,0,0,-146000,0,0,0,0,146000,-146000,-146000
061577,泰碩元大9A購03  ,0,0,0,0,0,0,0,0,0,-146000,0,0,0,16000,162000,-146000,-146000
061485,鴻海兆豐9A購01  ,0,0,0,0,0,0,0,0,0,-146000,0,0,0,11000,157000,-146000,-146000
062346,智邦群益9B購02  ,0,0,0,0,0,0,0,0,0,-146000,0,0,0,0,146000,-146000,-146000
065179,同欣電元大02購01,0,0,0,0,0,0,0,0,0,-146000,0,0,0,70000,216000,-146000,-146000
065000,和大國票02購01  ,0,0,0,0,0,0,0,0,0,-146000,0,0,0,2000,148000,-146000,-146000
063295,京元電麥證9B購01,0,0,0,6000,152000,-146000,0,0,0,-146000,0,0,0,6000,152000,-146000,-146000
064277,可成元大9C購04  ,0,0,0,0,0,0,0,0,0,-146000,0,0,0,16000,162000,-146000,-146000
066211,瑞祺統一04購01  ,0,0,0,0,0,0,0,0,0,-147000,0,0,0,49000,196000,-147000,-147000
065945,鴻海統一02購01  ,0,0,0,0,0,0,0,0,0,-147000,0,0,0,2005000,2152000,-147000,-147000
059742,富邦金元富99購01,0,0,0,0,0,0,0,0,0,-147000,0,0,0,30000,177000,-147000,-147000
058435,旺宏統一9B購02  ,0,0,0,0,0,0,0,0,0,-147000,0,0,0,0,147000,-147000,-147000
056421,鴻海統一98購08  ,0,0,0,0,0,0,0,0,0,-147000,0,0,0,10000,157000,-147000,-147000
064603,和碩元富9C購01  ,0,0,0,0,0,0,0,0,0,-147000,0,0,0,98000,245000,-147000,-147000
08705P,臺股指群益01售02,0,0,0,0,0,0,0,0,0,-148000,0,0,0,25000,173000,-148000,-148000
060681,華擎元大9A購02  ,0,0,0,0,0,0,0,0,0,-148000,0,0,0,3000,151000,-148000,-148000
065377,群創元大02購02  ,0,0,0,0,0,0,0,0,0,-148000,0,0,0,63000,211000,-148000,-148000
064497,可成元大01購02  ,0,0,0,0,0,0,0,0,0,-148000,0,0,0,83000,231000,-148000,-148000
063341,燿華統一9C購01  ,0,0,0,0,0,0,0,0,0,-148000,0,0,0,36000,184000,-148000,-148000
1909,榮成            ,455000,633000,-178000,0,0,0,0,0,0,30000,21000,6000,15000,15000,0,15000,-148000
3705,永信            ,165000,313000,-148000,0,0,0,0,0,0,0,1000,0,1000,0,1000,-1000,-148000
07703P,玉晶光中信9B售03,0,0,0,0,0,0,0,0,0,-149000,0,0,0,271000,420000,-149000,-149000
066041,台光電元大01購02,0,0,0,0,0,0,0,0,0,-149000,0,0,0,52000,201000,-149000,-149000
055707,聯鈞永豐98購01  ,0,0,0,0,0,0,0,0,0,-149000,0,0,0,0,149000,-149000,-149000
062305,遠東新凱基9B購01,0,0,0,0,0,0,0,0,0,-149000,0,0,0,119000,268000,-149000,-149000
062717,華邦電凱基9C購01,0,30000,-30000,0,0,0,0,0,0,-119000,0,0,0,30000,149000,-119000,-149000
061154,可成群益9B購04  ,0,0,0,0,0,0,0,0,0,-149000,0,0,0,80000,229000,-149000,-149000
063676,上銀國泰9C購02  ,0,0,0,0,0,0,0,0,0,-149000,0,0,0,5000,154000,-149000,-149000
065610,牧德元大02購01  ,0,0,0,0,0,0,0,0,0,-149000,0,0,0,7000,156000,-149000,-149000
6196,帆宣            ,435000,549000,-114000,0,0,0,0,0,0,-35000,0,8000,-8000,22000,49000,-27000,-149000
065967,國巨元大01購07  ,0,0,0,0,0,0,0,0,0,-150000,0,0,0,0,150000,-150000,-150000
066607,台郡永豐01購01  ,0,0,0,0,0,0,0,0,0,-150000,0,0,0,0,150000,-150000,-150000
07701P,玉晶光第一9A售02,0,0,0,0,0,0,0,0,0,-150000,0,0,0,0,150000,-150000,-150000
07407P,欣興凱基99售07  ,0,0,0,0,0,0,0,0,0,-150000,0,0,0,140000,290000,-150000,-150000
08381P,台灣50群益9C售06,0,0,0,0,0,0,0,0,0,-150000,0,0,0,272000,422000,-150000,-150000
056426,上証2X凱基9A購01,0,0,0,0,0,0,0,0,0,-150000,0,0,0,0,150000,-150000,-150000
058678,南亞科日盛99購01,0,0,0,0,0,0,0,0,0,-150000,0,0,0,100000,250000,-150000,-150000
060110,茂林元大99購06  ,0,0,0,0,0,0,0,0,0,-150000,0,0,0,0,150000,-150000,-150000
060470,台勝科元大9A購03,0,0,0,0,0,0,0,0,0,-150000,0,0,0,0,150000,-150000,-150000
060047,道瓊反凱基99購01,0,0,0,0,0,0,0,0,0,-150000,0,0,0,0,150000,-150000,-150000
060350,元黃金元富9B購01,0,0,0,0,0,0,0,0,0,-150000,0,0,0,0,150000,-150000,-150000
062438,台光電元大9B購04,0,0,0,0,0,0,0,0,0,-150000,0,0,0,65000,215000,-150000,-150000
060735,鴻海統一9C購03  ,0,0,0,0,0,0,0,0,0,-150000,0,0,0,0,150000,-150000,-150000
065684,超眾統一03購01  ,0,0,0,0,0,0,0,0,0,-150000,0,0,0,0,150000,-150000,-150000
064707,群創富邦9C購02  ,0,0,0,0,0,0,0,0,0,-150000,0,0,0,0,150000,-150000,-150000
065219,緯穎國泰01購01  ,0,0,0,0,0,0,0,0,0,-150000,0,0,0,42000,192000,-150000,-150000
08571P,台積電兆豐9C售06,0,0,0,0,0,0,0,0,0,-151000,0,0,0,0,151000,-151000,-151000
061658,聯茂富邦9A購03  ,0,0,0,0,0,0,0,0,0,-151000,0,0,0,0,151000,-151000,-151000
060469,台勝科元大9A購02,0,0,0,0,0,0,0,0,0,-151000,0,0,0,0,151000,-151000,-151000
062932,滬深2X凱基01購01,0,0,0,0,0,0,0,0,0,-151000,0,0,0,0,151000,-151000,-151000
065216,群創國泰01購02  ,0,0,0,0,0,0,0,0,0,-151000,0,0,0,0,151000,-151000,-151000
063714,超眾凱基9B購03  ,0,0,0,0,0,0,0,0,0,-151000,0,0,0,6000,157000,-151000,-151000
064347,貿聯元大9C購03  ,0,0,0,0,0,0,0,0,0,-151000,0,0,0,0,151000,-151000,-151000
3380,明泰            ,703000,639000,64000,0,0,0,0,0,0,-215000,4000,204000,-200000,1000,16000,-15000,-151000
061600,聯電凱基9B購01  ,0,0,0,0,0,0,0,0,0,-152000,0,0,0,118000,270000,-152000,-152000
058147,鈺齊元大99購01  ,0,0,0,0,0,0,0,0,0,-152000,0,0,0,85000,237000,-152000,-152000
061212,聯鈞元大9A購04  ,0,0,0,0,0,0,0,0,0,-152000,0,0,0,0,152000,-152000,-152000
061005,可成兆豐9A購01  ,0,0,0,0,0,0,0,0,0,-152000,0,0,0,43000,195000,-152000,-152000
060693,台積電麥證9A購02,0,0,0,2000,154000,-152000,0,0,0,-152000,0,0,0,2000,154000,-152000,-152000
064411,台表科凱基02購01,0,0,0,0,0,0,0,0,0,-152000,0,0,0,81000,233000,-152000,-152000
063517,遠東新凱基01購01,0,0,0,0,0,0,0,0,0,-152000,0,0,0,42000,194000,-152000,-152000
057555,玉晶光凱基9A購02,0,0,0,0,0,0,0,0,0,-153000,0,0,0,155000,308000,-153000,-153000
063236,旺宏元大9B購07  ,0,0,0,0,0,0,0,0,0,-153000,0,0,0,130000,283000,-153000,-153000
064103,大立光群益9C購03,0,0,0,0,0,0,0,0,0,-153000,0,0,0,50000,203000,-153000,-153000
065579,南茂群益9C購02  ,0,0,0,0,0,0,0,0,0,-153000,0,0,0,34000,187000,-153000,-153000
9955,佳龍            ,173000,326000,-153000,0,0,0,0,0,0,0,0,0,0,0,0,0,-153000
066385,巨大康和01購01  ,0,0,0,0,0,0,0,0,0,-154000,0,0,0,1000,155000,-154000,-154000
062033,瀚宇博群益9B購01,0,0,0,0,0,0,0,0,0,-154000,0,0,0,88000,242000,-154000,-154000
057713,美律統一99購01  ,0,0,0,0,0,0,0,0,0,-154000,0,0,0,40000,194000,-154000,-154000
065861,台汽電元大9C購01,0,0,0,0,0,0,0,0,0,-154000,0,0,0,128000,282000,-154000,-154000
064775,和大群益01購01  ,0,0,0,0,0,0,0,0,0,-154000,0,0,0,0,154000,-154000,-154000
064065,大立光富邦02購02,0,0,0,0,0,0,0,0,0,-154000,0,0,0,0,154000,-154000,-154000
066128,台積電群益02購01,0,0,0,0,0,0,0,0,0,-155000,0,0,0,129000,284000,-155000,-155000
08263P,台表科元大9C售06,0,0,0,0,0,0,0,0,0,-155000,0,0,0,563000,718000,-155000,-155000
057694,臺股指凱基98購12,0,0,0,0,0,0,0,0,0,-155000,0,0,0,395000,550000,-155000,-155000
00648R,元大S&P500反1   ,0,0,0,0,0,0,0,0,0,-155000,0,0,0,224000,379000,-155000,-155000
060984,南亞科元大9A購07,0,0,0,0,0,0,0,0,0,-155000,0,0,0,0,155000,-155000,-155000
061335,國巨元大9A購19  ,0,0,0,0,0,0,0,0,0,-155000,0,0,0,0,155000,-155000,-155000
062374,茂林元大9B購03  ,0,0,0,0,0,0,0,0,0,-155000,0,0,0,50000,205000,-155000,-155000
062353,亞德客元大9B購01,0,0,0,0,0,0,0,0,0,-155000,0,0,0,64000,219000,-155000,-155000
064084,群創中信06購02  ,0,0,0,0,0,0,0,0,0,-155000,0,0,0,5000,160000,-155000,-155000
064416,南亞科中信01購01,0,0,0,0,0,0,0,0,0,-155000,0,0,0,76000,231000,-155000,-155000
064302,美律兆豐01購01  ,0,0,0,0,0,0,0,0,0,-155000,0,0,0,4000,159000,-155000,-155000
065668,南亞科凱基9C購02,0,0,0,0,0,0,0,0,0,-155000,0,0,0,7000,162000,-155000,-155000
3661,世芯-KY         ,281000,435000,-154000,0,0,0,0,0,0,-1000,1000,11000,-10000,11000,2000,9000,-155000
07502P,美食元大9A售01  ,0,0,0,0,0,0,0,0,0,-156000,0,0,0,115000,271000,-156000,-156000
057510,泰碩統一98購02  ,0,0,0,0,0,0,0,0,0,-156000,0,0,0,57000,213000,-156000,-156000
062422,億光統一01購01  ,0,0,0,0,0,0,0,0,0,-156000,0,0,0,11000,167000,-156000,-156000
062731,力成凱基9B購02  ,0,0,0,0,0,0,0,0,0,-156000,0,0,0,14000,170000,-156000,-156000
062565,漢唐中信9C購01  ,0,0,0,0,0,0,0,0,0,-156000,0,0,0,280000,436000,-156000,-156000
059689,南亞科永豐99購02,0,0,0,0,0,0,0,0,0,-156000,0,0,0,21000,177000,-156000,-156000
08659P,聯發科統一9C售20,0,0,0,0,0,0,0,0,0,-157000,0,0,0,50000,207000,-157000,-157000
00665L,富邦恒生國企正2 ,0,0,0,0,0,0,0,0,0,-157000,0,0,0,60000,217000,-157000,-157000
060487,盛群富邦9B購01  ,0,0,0,0,0,0,0,0,0,-157000,0,0,0,95000,252000,-157000,-157000
062382,燿華國泰9C購01  ,0,0,0,0,0,0,0,0,0,-157000,0,0,0,290000,447000,-157000,-157000
6269,台郡            ,556000,744000,-188000,0,0,0,138000,171000,-33000,64000,94000,59000,35000,35000,6000,29000,-157000
066070,金像電凱基01購03,0,0,0,0,0,0,0,0,0,-158000,0,0,0,85000,243000,-158000,-158000
065976,牧德元大02購02  ,0,0,0,0,0,0,0,0,0,-158000,0,0,0,0,158000,-158000,-158000
065895,台勝科統一02購01,0,0,0,0,0,0,0,0,0,-158000,0,0,0,102000,260000,-158000,-158000
062703,可成元大9C購02  ,0,0,0,0,0,0,0,0,0,-158000,0,0,0,119000,277000,-158000,-158000
060153,A50正2永豐9A購01,0,0,0,0,0,0,0,0,0,-158000,0,0,0,26000,184000,-158000,-158000
065713,緯穎群益9C購04  ,0,0,0,0,0,0,0,0,0,-158000,0,0,0,15000,173000,-158000,-158000
064388,緯穎富邦9C購01  ,0,0,0,0,0,0,0,0,0,-158000,0,0,0,75000,233000,-158000,-158000
064079,英業達中信9C購01,0,0,0,0,0,0,0,0,0,-158000,0,0,0,28000,186000,-158000,-158000
2367,燿華            ,1184000,1370000,-186000,0,0,0,0,0,0,28000,12000,0,12000,297000,281000,16000,-158000
061958,鴻海統一01購01  ,0,0,0,0,0,0,0,0,0,-159000,0,0,0,14000,173000,-159000,-159000
061744,超眾凱基9B購02  ,0,0,0,0,0,0,0,0,0,-159000,0,0,0,0,159000,-159000,-159000
059453,奇力新永豐99購01,0,0,0,0,0,0,0,0,0,-159000,0,0,0,0,159000,-159000,-159000
066048,奇鋐元大01購01  ,0,0,0,0,0,0,0,0,0,-160000,0,0,0,739000,899000,-160000,-160000
066368,聯鈞中信01購01  ,0,0,0,0,0,0,0,0,0,-160000,0,0,0,0,160000,-160000,-160000
066612,台積電麥證01購04,0,0,0,70000,230000,-160000,0,0,0,-160000,0,0,0,70000,230000,-160000,-160000
1710,東聯            ,239000,311000,-72000,0,0,0,0,0,0,-88000,1000,89000,-88000,0,0,0,-160000
07553P,嘉晶元大9A售02  ,0,0,0,0,0,0,0,0,0,-160000,0,0,0,0,160000,-160000,-160000
058418,台積電麥證99購01,0,0,0,0,160000,-160000,0,0,0,-160000,0,0,0,0,160000,-160000,-160000
054406,旺宏國票98購01  ,0,0,0,0,0,0,0,0,0,-160000,0,0,0,0,160000,-160000,-160000
062194,遠東新中信9C購01,0,0,0,0,0,0,0,0,0,-160000,0,0,0,63000,223000,-160000,-160000
060983,南亞科元大9A購06,0,0,0,0,0,0,0,0,0,-160000,0,0,0,40000,200000,-160000,-160000
063270,喬山兆豐9C購01  ,0,0,0,0,0,0,0,0,0,-160000,0,0,0,0,160000,-160000,-160000
062780,旺宏元大01購01  ,0,0,0,0,0,0,0,0,0,-160000,0,0,0,138000,298000,-160000,-160000
063390,嘉晶兆豐9B購01  ,0,0,0,0,0,0,0,0,0,-160000,0,0,0,43000,203000,-160000,-160000
063663,台光電統一9C購01,0,0,0,0,0,0,0,0,0,-160000,0,0,0,8000,168000,-160000,-160000
063653,儒鴻元富9B購01  ,0,0,0,0,0,0,0,0,0,-160000,0,0,0,25000,185000,-160000,-160000
064751,亞德客凱基9C購02,0,0,0,0,0,0,0,0,0,-160000,0,0,0,11000,171000,-160000,-160000
064646,群創凱基02購01  ,0,0,0,0,0,0,0,0,0,-160000,0,0,0,38000,198000,-160000,-160000
6541,泰福-KY         ,37000,198000,-161000,0,0,0,0,0,0,1000,1000,0,1000,0,0,0,-160000
1337,再生-KY         ,88000,249000,-161000,0,0,0,0,0,0,0,0,0,0,0,0,0,-161000
063168,台表科永豐9B購01,0,0,0,0,0,0,0,0,0,-161000,0,0,0,211000,372000,-161000,-161000
05952P,台積電國票97售06,0,0,0,0,0,0,0,0,0,-161000,0,0,0,0,161000,-161000,-161000
064825,英業達統一9C購01,0,0,0,0,0,0,0,0,0,-161000,0,0,0,0,161000,-161000,-161000
063344,臺企銀統一9C購01,0,0,0,0,0,0,0,0,0,-161000,0,0,0,40000,201000,-161000,-161000
063346,TPK統一9C購01   ,0,0,0,0,0,0,0,0,0,-161000,0,0,0,0,161000,-161000,-161000
06705P,臻鼎元富98售03  ,0,0,0,0,0,0,0,0,0,-162000,0,0,0,24000,186000,-162000,-162000
060425,凌華永豐9A購01  ,0,0,0,0,0,0,0,0,0,-162000,0,0,0,67000,229000,-162000,-162000
064279,新光金元大01購01,0,0,0,0,0,0,0,0,0,-162000,0,0,0,0,162000,-162000,-162000
065816,聯發科元富03購07,0,0,0,0,0,0,0,0,0,-162000,0,0,0,19000,181000,-162000,-162000
065539,瑞儀統一01購01  ,0,0,0,0,0,0,0,0,0,-162000,0,0,0,105000,267000,-162000,-162000
2231,為升            ,73000,181000,-108000,0,0,0,0,0,0,-54000,5000,6000,-1000,0,53000,-53000,-162000
066159,寶成康和01購01  ,0,0,0,0,0,0,0,0,0,-163000,0,0,0,0,163000,-163000,-163000
07906P,中租群益9B售02  ,0,0,0,0,0,0,0,0,0,-163000,0,0,0,0,163000,-163000,-163000
061660,禾伸堂永豐9A購01,0,0,0,0,0,0,0,0,0,-163000,0,0,0,119000,282000,-163000,-163000
062020,智伸科永豐9B購01,0,0,0,0,0,0,0,0,0,-163000,0,0,0,22000,185000,-163000,-163000
060934,台汽電永豐9A購02,0,0,0,0,0,0,0,0,0,-163000,0,0,0,10000,173000,-163000,-163000
063926,南亞科統一03購01,0,0,0,0,0,0,0,0,0,-163000,0,0,0,44000,207000,-163000,-163000
066233,華碩富邦02購01  ,0,0,0,0,0,0,0,0,0,-164000,0,0,0,59000,223000,-164000,-164000
062444,大立光元大9C購01,0,0,0,0,0,0,0,0,0,-164000,0,0,0,0,164000,-164000,-164000
064113,新日興國票01購01,0,0,0,0,0,0,0,0,0,-164000,0,0,0,36000,200000,-164000,-164000
08515P,鴻海群益9C售06  ,0,0,0,0,0,0,0,0,0,-165000,0,0,0,0,165000,-165000,-165000
062031,臻鼎群益9B購01  ,0,0,0,0,0,0,0,0,0,-165000,0,0,0,41000,206000,-165000,-165000
058577,南亞科群益99購02,0,0,0,0,0,0,0,0,0,-165000,0,0,0,50000,215000,-165000,-165000
063860,旺宏國泰02購01  ,0,0,0,0,0,0,0,0,0,-165000,0,0,0,0,165000,-165000,-165000
065880,訊芯群益9C購01  ,0,0,0,0,0,0,0,0,0,-166000,0,0,0,152000,318000,-166000,-166000
066000,奇鋐國票02購01  ,0,0,0,0,0,0,0,0,0,-166000,0,0,0,119000,285000,-166000,-166000
062453,聚陽群益9C購01  ,0,0,0,0,0,0,0,0,0,-166000,0,0,0,0,166000,-166000,-166000
2841,台開            ,315000,482000,-167000,0,0,0,0,0,0,1000,1000,0,1000,0,0,0,-166000
065911,超眾永豐9C購01  ,0,0,0,0,0,0,0,0,0,-167000,0,0,0,0,167000,-167000,-167000
057875,京鼎元大98購03  ,0,0,0,0,0,0,0,0,0,-167000,0,0,0,141000,308000,-167000,-167000
057712,南亞科統一9A購01,0,0,0,0,0,0,0,0,0,-167000,0,0,0,0,167000,-167000,-167000
063973,緯穎國票9C購01  ,0,0,0,0,0,0,0,0,0,-167000,0,0,0,48000,215000,-167000,-167000
064887,嘉晶中信9C購02  ,0,0,0,0,0,0,0,0,0,-167000,0,0,0,48000,215000,-167000,-167000
064690,台光電群益9C購02,0,0,0,0,0,0,0,0,0,-167000,0,0,0,36000,203000,-167000,-167000
066060,超眾元大01購03  ,0,0,0,0,0,0,0,0,0,-168000,0,0,0,15000,183000,-168000,-168000
066664,嘉晶凱基02購01  ,0,0,0,0,0,0,0,0,0,-168000,0,0,0,0,168000,-168000,-168000
058616,台虹元大9A購01  ,0,0,0,0,0,0,0,0,0,-168000,0,0,0,210000,378000,-168000,-168000
064719,聯發科統一02購01,0,0,0,0,0,0,0,0,0,-168000,0,0,0,211000,379000,-168000,-168000
064895,奇力新群益9C購02,0,0,0,0,0,0,0,0,0,-168000,0,0,0,54000,222000,-168000,-168000
065566,裕隆群益9C購02  ,0,0,0,0,0,0,0,0,0,-168000,0,0,0,263000,431000,-168000,-168000
063790,南亞科台新9C購01,0,0,0,0,0,0,0,0,0,-168000,0,0,0,38000,206000,-168000,-168000
063632,金像電元大9B購04,0,0,0,0,0,0,0,0,0,-168000,0,0,0,100000,268000,-168000,-168000
2375,凱美            ,60000,193000,-133000,0,0,0,0,0,0,-35000,0,35000,-35000,0,0,0,-168000
08752P,長榮航群益01售01,0,0,0,0,0,0,0,0,0,-169000,0,0,0,17000,186000,-169000,-169000
058526,鈺齊元大99購02  ,0,0,0,0,0,0,0,0,0,-169000,0,0,0,100000,269000,-169000,-169000
056715,瀚宇博永豐98購01,0,0,0,0,0,0,0,0,0,-169000,0,0,0,88000,257000,-169000,-169000
058012,鈺齊國票99購01  ,0,0,0,0,0,0,0,0,0,-169000,0,0,0,40000,209000,-169000,-169000
061357,寶成元大9A購01  ,0,0,0,0,0,0,0,0,0,-169000,0,0,0,0,169000,-169000,-169000
063282,奇力新元大9B購06,0,0,0,0,0,0,0,0,0,-169000,0,0,0,5000,174000,-169000,-169000
064650,台表科凱基03購01,0,0,0,0,0,0,0,0,0,-169000,0,0,0,89000,258000,-169000,-169000
08221P,台表科凱基9B售05,0,0,0,0,0,0,0,0,0,-170000,0,0,0,0,170000,-170000,-170000
06759P,台積電元大98售17,0,0,0,0,0,0,0,0,0,-170000,0,0,0,0,170000,-170000,-170000
066410,潤泰新凱基01購01,0,0,0,0,0,0,0,0,0,-170000,0,0,0,6000,176000,-170000,-170000
058197,國巨中信99購02  ,0,0,0,0,0,0,0,0,0,-170000,0,0,0,0,170000,-170000,-170000
057451,大立光元富9B購01,0,0,0,0,0,0,0,0,0,-170000,0,0,0,121000,291000,-170000,-170000
058670,鴻海群益9A購03  ,0,0,0,0,0,0,0,0,0,-170000,0,0,0,0,170000,-170000,-170000
062072,國巨元大9B購05  ,0,0,0,0,0,0,0,0,0,-170000,0,0,0,1000,171000,-170000,-170000
063102,旺宏群益9B購03  ,0,0,0,0,0,0,0,0,0,-170000,0,0,0,30000,200000,-170000,-170000
065855,瀚宇博元大9C購03,0,0,0,0,0,0,0,0,0,-170000,0,0,0,500000,670000,-170000,-170000
065779,台勝科國泰01購02,0,0,0,0,0,0,0,0,0,-170000,0,0,0,58000,228000,-170000,-170000
065726,京元電凱基9C購02,0,0,0,0,0,0,0,0,0,-170000,0,0,0,35000,205000,-170000,-170000
063558,聚陽元大9B購02  ,0,0,0,0,0,0,0,0,0,-170000,0,0,0,0,170000,-170000,-170000
066677,台泥兆豐03購01  ,0,0,0,0,0,0,0,0,0,-171000,0,0,0,16000,187000,-171000,-171000
054890,聯鈞統一99購01  ,0,0,0,0,0,0,0,0,0,-171000,0,0,0,0,171000,-171000,-171000
059807,大立光元富99購09,0,0,0,0,0,0,0,0,0,-171000,0,0,0,151000,322000,-171000,-171000
065513,旺宏群益9C購05  ,0,0,0,0,0,0,0,0,0,-171000,0,0,0,4000,175000,-171000,-171000
00673R,元大S&P原油反1  ,0,0,0,0,0,0,0,0,0,-172000,0,0,0,42000,214000,-172000,-172000
062246,力山元大9B購02  ,0,0,0,0,0,0,0,0,0,-172000,0,0,0,48000,220000,-172000,-172000
064681,牧德兆豐01購01  ,0,0,0,0,0,0,0,0,0,-172000,0,0,0,34000,206000,-172000,-172000
063477,訊芯元大9B購01  ,0,0,0,0,0,0,0,0,0,-172000,0,0,0,46000,218000,-172000,-172000
063647,超眾元大9B購02  ,0,0,0,0,0,0,0,0,0,-172000,0,0,0,41000,213000,-172000,-172000
064463,聯茂統一01購02  ,0,0,0,0,0,0,0,0,0,-172000,0,0,0,0,172000,-172000,-172000
066567,臻鼎元大01購01  ,0,0,0,0,0,0,0,0,0,-173000,0,0,0,27000,200000,-173000,-173000
057819,新日興元大99購01,0,0,0,0,0,0,0,0,0,-173000,0,0,0,0,173000,-173000,-173000
057021,台積電凱基9A購02,0,0,0,0,0,0,0,0,0,-173000,0,0,0,0,173000,-173000,-173000
066326,敦陽科永豐01購01,0,0,0,0,0,0,0,0,0,-174000,0,0,0,0,174000,-174000,-174000
1503,士電            ,104000,278000,-174000,0,0,0,0,0,0,0,0,0,0,0,0,0,-174000
054079,鴻海中信98購02  ,0,0,0,0,0,0,0,0,0,-174000,0,0,0,2936000,3110000,-174000,-174000
059853,超眾永豐99購03  ,0,0,0,0,0,0,0,0,0,-174000,0,0,0,0,174000,-174000,-174000
063272,GIS兆豐9C購01   ,0,0,0,0,0,0,0,0,0,-174000,0,0,0,20000,194000,-174000,-174000
062891,台汽電群益9B購01,0,0,0,0,0,0,0,0,0,-174000,0,0,0,94000,268000,-174000,-174000
060862,美律永豐9A購01  ,0,0,0,0,0,0,0,0,0,-174000,0,0,0,0,174000,-174000,-174000
066080,台光電國泰03購01,0,0,0,0,0,0,0,0,0,-175000,0,0,0,0,175000,-175000,-175000
062787,超眾元大9C購02  ,0,0,0,0,0,0,0,0,0,-175000,0,0,0,34000,209000,-175000,-175000
063395,金像電群益9B購02,0,0,0,0,0,0,0,0,0,-175000,0,0,0,97000,272000,-175000,-175000
065569,智邦群益01購01  ,0,0,0,0,0,0,0,0,0,-175000,0,0,0,30000,205000,-175000,-175000
065611,嘉聯益元大9C購02,0,0,0,0,0,0,0,0,0,-175000,0,0,0,65000,240000,-175000,-175000
061869,智邦元大9B購01  ,0,0,0,0,0,0,0,0,0,-176000,0,0,0,18000,194000,-176000,-176000
061900,志超永豐9B購01  ,0,0,0,0,0,0,0,0,0,-176000,0,0,0,0,176000,-176000,-176000
063739,台勝科元大9B購03,0,0,0,0,0,0,0,0,0,-176000,0,0,0,142000,318000,-176000,-176000
064577,大立光國泰02購01,0,0,0,0,0,0,0,0,0,-176000,0,0,0,0,176000,-176000,-176000
064197,智伸科群益9C購01,0,0,0,0,0,0,0,0,0,-176000,0,0,0,0,176000,-176000,-176000
066240,泰鼎富邦03購01  ,0,0,0,0,0,0,0,0,0,-177000,0,0,0,3000,180000,-177000,-177000
061955,FANG+統一9B購01 ,0,0,0,0,0,0,0,0,0,-177000,0,0,0,1000,178000,-177000,-177000
062994,祥碩群益9B購05  ,0,0,0,0,0,0,0,0,0,-177000,0,0,0,94000,271000,-177000,-177000
064568,聯鈞群益9C購01  ,0,0,0,0,0,0,0,0,0,-177000,0,0,0,10000,187000,-177000,-177000
08399P,技嘉元富9C售02  ,0,0,0,0,0,0,0,0,0,-178000,0,0,0,0,178000,-178000,-178000
08062P,華擎國票9B售03  ,0,0,0,0,0,0,0,0,0,-178000,0,0,0,40000,218000,-178000,-178000
056716,康舒永豐98購01  ,0,0,0,0,0,0,0,0,0,-178000,0,0,0,30000,208000,-178000,-178000
060437,宏全永豐9A購01  ,0,0,0,0,0,0,0,0,0,-178000,0,0,0,81000,259000,-178000,-178000
063729,國巨元大9C購08  ,0,0,0,0,0,0,0,0,0,-178000,0,0,0,11000,189000,-178000,-178000
064600,技嘉元富9C購01  ,0,0,0,0,0,0,0,0,0,-178000,0,0,0,56000,234000,-178000,-178000
2349,錸德            ,477000,655000,-178000,0,0,0,0,0,0,0,0,0,0,0,0,0,-178000
060510,大立光元大9A購03,0,0,0,0,0,0,0,0,0,-179000,0,0,0,0,179000,-179000,-179000
064836,群創統一9C購04  ,0,0,0,0,0,0,0,0,0,-179000,0,0,0,0,179000,-179000,-179000
063313,南亞科群益9B購02,0,0,0,0,0,0,0,0,0,-179000,0,0,0,15000,194000,-179000,-179000
064535,國產國票01購01  ,0,0,0,0,0,0,0,0,0,-179000,0,0,0,7000,186000,-179000,-179000
6552,易華電          ,78000,254000,-176000,0,0,0,0,0,0,-3000,1000,0,1000,1000,5000,-4000,-179000
07133P,臺股指元大9A售27,0,0,0,0,0,0,0,0,0,-180000,0,0,0,0,180000,-180000,-180000
08278P,玉晶光元富9C售02,0,0,0,0,0,0,0,0,0,-180000,0,0,0,0,180000,-180000,-180000
066303,泰山永豐01購01  ,0,0,0,0,0,0,0,0,0,-180000,0,0,0,58000,238000,-180000,-180000
066305,華夏永豐01購01  ,0,0,0,0,0,0,0,0,0,-180000,0,0,0,0,180000,-180000,-180000
061985,富邦金元大9B購01,0,0,0,0,0,0,0,0,0,-180000,0,0,0,11000,191000,-180000,-180000
056076,超眾元大97購05  ,0,0,0,0,0,0,0,0,0,-180000,0,0,0,0,180000,-180000,-180000
061110,超眾元大9A購03  ,0,0,0,0,0,0,0,0,0,-180000,0,0,0,63000,243000,-180000,-180000
063140,聯發科統一9B購08,0,0,0,0,0,0,0,0,0,-180000,0,0,0,77000,257000,-180000,-180000
059872,華新科凱基01購01,0,0,0,0,0,0,0,0,0,-180000,0,0,0,0,180000,-180000,-180000
062074,旺宏元大9B購04  ,0,0,0,0,0,0,0,0,0,-180000,0,0,0,0,180000,-180000,-180000
059503,大立光富邦9B購04,0,0,0,0,0,0,0,0,0,-180000,0,0,0,25000,205000,-180000,-180000
065541,GIS統一01購05   ,0,0,0,0,0,0,0,0,0,-180000,0,0,0,59000,239000,-180000,-180000
065363,國巨元大01購04  ,0,0,0,0,0,0,0,0,0,-180000,0,0,0,0,180000,-180000,-180000
3557,嘉威            ,80000,260000,-180000,0,0,0,0,0,0,0,0,0,0,0,0,0,-180000
066679,微星兆豐01購01  ,0,0,0,0,0,0,0,0,0,-181000,0,0,0,10000,191000,-181000,-181000
055782,新日興凱基99購01,0,0,0,0,0,0,0,0,0,-181000,0,0,0,2000,183000,-181000,-181000
064991,友達兆豐9C購01  ,0,0,0,0,0,0,0,0,0,-181000,0,0,0,0,181000,-181000,-181000
064042,國巨統一9C購12  ,0,0,0,0,0,0,0,0,0,-181000,0,0,0,10000,191000,-181000,-181000
065897,凌華統一03購01  ,0,0,0,0,0,0,0,0,0,-182000,0,0,0,10000,192000,-182000,-182000
058813,旺宏統一9B購04  ,0,0,0,0,0,0,0,0,0,-182000,0,0,0,0,182000,-182000,-182000
061676,新光金元大9A購03,0,0,0,0,0,0,0,0,0,-182000,0,0,0,0,182000,-182000,-182000
057403,亞光群益98購04  ,0,0,0,0,0,0,0,0,0,-182000,0,0,0,98000,280000,-182000,-182000
060158,廣達永豐9A購01  ,0,0,0,0,0,0,0,0,0,-182000,0,0,0,250000,432000,-182000,-182000
063396,金像電群益9C購01,0,0,0,0,0,0,0,0,0,-182000,0,0,0,36000,218000,-182000,-182000
6288,聯嘉            ,139000,321000,-182000,0,0,0,0,0,0,0,6000,6000,0,0,0,0,-182000
061164,燿華兆豐9B購01  ,0,0,0,0,0,0,0,0,0,-183000,0,0,0,0,183000,-183000,-183000
060760,南亞科元大9A購04,0,0,0,0,0,0,0,0,0,-183000,0,0,0,27000,210000,-183000,-183000
065455,金寶元富9C購01  ,0,0,0,0,0,0,0,0,0,-183000,0,0,0,50000,233000,-183000,-183000
07904P,聯發科群益9B售05,0,0,0,0,0,0,0,0,0,-184000,0,0,0,20000,204000,-184000,-184000
063147,東元元富9B購01  ,0,0,0,0,0,0,0,0,0,-184000,0,0,0,127000,311000,-184000,-184000
060892,超眾統一9C購01  ,0,0,0,0,0,0,0,0,0,-184000,0,0,0,0,184000,-184000,-184000
064217,GIS凱基02購02   ,0,0,0,0,0,0,0,0,0,-184000,0,0,0,30000,214000,-184000,-184000
056768,宏達電元大99購03,0,0,0,0,0,0,0,0,0,-185000,0,0,0,171000,356000,-185000,-185000
058967,可成麥證99購01  ,0,0,0,0,185000,-185000,0,0,0,-185000,0,0,0,0,185000,-185000,-185000
064026,建準元大9C購02  ,0,0,0,0,0,0,0,0,0,-185000,0,0,0,0,185000,-185000,-185000
064086,旺宏凱基9C購01  ,0,0,0,0,0,0,0,0,0,-185000,0,0,0,9000,194000,-185000,-185000
056892,旺宏元大9A購02  ,0,0,0,0,0,0,0,0,0,-186000,0,0,0,10000,196000,-186000,-186000
057961,茂林元大9A購01  ,0,0,0,0,0,0,0,0,0,-186000,0,0,0,44000,230000,-186000,-186000
065534,台光電統一9C購02,0,0,0,0,0,0,0,0,0,-186000,0,0,0,16000,202000,-186000,-186000
08763P,健策永豐01售02  ,0,0,0,0,0,0,0,0,0,-187000,0,0,0,0,187000,-187000,-187000
066818,力成兆豐01購01  ,0,0,0,0,0,0,0,0,0,-187000,0,0,0,0,187000,-187000,-187000
061718,GIS凱基9B購01   ,0,0,0,0,0,0,0,0,0,-187000,0,0,0,27000,214000,-187000,-187000
061547,禾伸堂群益9A購01,0,0,0,0,0,0,0,0,0,-187000,0,0,0,100000,287000,-187000,-187000
065164,和大元大01購01  ,0,0,0,0,0,0,0,0,0,-187000,0,0,0,0,187000,-187000,-187000
064380,超眾元富9C購03  ,0,0,0,0,0,0,0,0,0,-187000,0,0,0,0,187000,-187000,-187000
2360,致茂            ,212000,368000,-156000,0,0,0,0,4000,-4000,-27000,5000,6000,-1000,1000,27000,-26000,-187000
066812,志超凱基01購01  ,0,0,0,0,0,0,0,0,0,-188000,0,0,0,0,188000,-188000,-188000
066142,超眾群益01購03  ,0,0,0,0,0,0,0,0,0,-188000,0,0,0,5000,193000,-188000,-188000
061535,群創統一9C購01  ,0,0,0,0,0,0,0,0,0,-188000,0,0,0,0,188000,-188000,-188000
060990,新光金元大9B購03,0,0,0,0,0,0,0,0,0,-188000,0,0,0,0,188000,-188000,-188000
059140,大立光兆豐9A購02,0,0,0,0,0,0,0,0,0,-188000,0,0,0,35000,223000,-188000,-188000
064361,旺宏統一01購06  ,0,0,0,0,0,0,0,0,0,-188000,0,0,0,0,188000,-188000,-188000
065105,巨大元大01購01  ,0,0,0,0,0,0,0,0,0,-188000,0,0,0,19000,207000,-188000,-188000
065723,新日興兆豐01購01,0,0,0,0,0,0,0,0,0,-188000,0,0,0,35000,223000,-188000,-188000
066112,智邦兆豐02購01  ,0,0,0,0,0,0,0,0,0,-189000,0,0,0,27000,216000,-189000,-189000
058771,神達兆豐99購01  ,0,0,0,0,0,0,0,0,0,-189000,0,0,0,56000,245000,-189000,-189000
057671,群創元大9B購06  ,0,0,0,0,0,0,0,0,0,-189000,0,0,0,61000,250000,-189000,-189000
060364,奇力新元富9A購01,0,0,0,0,0,0,0,0,0,-189000,0,0,0,14000,203000,-189000,-189000
062046,矽格凱基9B購01  ,0,0,0,0,0,0,0,0,0,-189000,0,0,0,17000,206000,-189000,-189000
065251,宏達電國泰02購01,0,0,0,0,0,0,0,0,0,-189000,0,0,0,26000,215000,-189000,-189000
064761,神達凱基9C購01  ,0,0,0,0,0,0,0,0,0,-189000,0,0,0,168000,357000,-189000,-189000
066245,道瓊反元大02購01,0,0,0,0,0,0,0,0,0,-190000,0,0,0,25000,215000,-190000,-190000
054794,貿聯群益98購01  ,0,0,0,0,0,0,0,0,0,-190000,0,0,0,0,190000,-190000,-190000
056646,奇鋐凱基99購02  ,0,0,0,0,0,0,0,0,0,-190000,0,0,0,120000,310000,-190000,-190000
051911,大立光元大98購02,0,0,0,0,0,0,0,0,0,-190000,0,0,0,0,190000,-190000,-190000
057244,鈺齊凱基99購01  ,0,0,0,0,0,0,0,0,0,-190000,0,0,0,70000,260000,-190000,-190000
057972,群創富邦9C購01  ,0,0,0,0,0,0,0,0,0,-190000,0,0,0,0,190000,-190000,-190000
058276,道瓊指中信9C購01,0,0,0,0,0,0,0,0,0,-190000,0,0,0,10000,200000,-190000,-190000
06334P,臺股指群益9C售03,0,0,0,0,0,0,0,0,0,-190000,0,0,0,174000,364000,-190000,-190000
055916,奇鋐凱基99購01  ,0,0,0,0,0,0,0,0,0,-191000,0,0,0,84000,275000,-191000,-191000
059298,大立光元富9C購02,0,0,0,0,0,0,0,0,0,-191000,0,0,0,66000,257000,-191000,-191000
060347,大立光統一02購01,0,0,0,0,0,0,0,0,0,-191000,0,0,0,45000,236000,-191000,-191000
062888,漢唐群益9B購01  ,0,0,0,0,0,0,0,0,0,-191000,0,0,0,22000,213000,-191000,-191000
062971,英業達元富9B購01,0,0,0,0,0,0,0,0,0,-191000,0,0,0,46000,237000,-191000,-191000
064180,國巨富邦02購03  ,0,0,0,0,0,0,0,0,0,-191000,0,0,0,154000,345000,-191000,-191000
065485,巨大元大9C購02  ,0,0,0,0,0,0,0,0,0,-191000,0,0,0,103000,294000,-191000,-191000
4164,承業醫          ,80000,132000,-52000,0,0,0,0,0,0,-139000,7000,146000,-139000,0,0,0,-191000
08298P,大立光國票9C售01,0,0,0,0,0,0,0,0,0,-192000,0,0,0,0,192000,-192000,-192000
08337P,台灣50凱基01售15,0,0,0,0,0,0,0,0,0,-192000,0,0,0,1126000,1318000,-192000,-192000
08633P,聯發科元大9C售20,0,0,0,0,0,0,0,0,0,-192000,0,0,0,299000,491000,-192000,-192000
057750,神達國票99購01  ,0,0,0,0,0,0,0,0,0,-192000,0,0,0,6000,198000,-192000,-192000
065705,嘉晶群益9C購05  ,0,0,0,0,0,0,0,0,0,-192000,0,0,0,74000,266000,-192000,-192000
065788,緯創永豐9C購02  ,0,0,0,0,0,0,0,0,0,-192000,0,0,0,0,192000,-192000,-192000
065020,友達富邦01購02  ,0,0,0,0,0,0,0,0,0,-192000,0,0,0,2000,194000,-192000,-192000
063596,嘉澤中信9B購01  ,0,0,0,0,0,0,0,0,0,-192000,0,0,0,342000,534000,-192000,-192000
067008,康舒永豐01購01  ,0,0,0,0,0,0,0,0,0,-193000,0,0,0,0,193000,-193000,-193000
060881,玉山金中信02購01,0,0,0,0,0,0,0,0,0,-193000,0,0,0,131000,324000,-193000,-193000
062297,億豐永豐9B購01  ,0,0,0,0,0,0,0,0,0,-193000,0,0,0,169000,362000,-193000,-193000
059956,玉山金康和99購01,0,0,0,0,0,0,0,0,0,-193000,0,0,0,61000,254000,-193000,-193000
065087,可成元大9C購08  ,0,0,0,0,0,0,0,0,0,-193000,0,0,0,10000,203000,-193000,-193000
064816,訊芯元大9C購01  ,0,0,0,0,0,0,0,0,0,-193000,0,0,0,216000,409000,-193000,-193000
064746,貿聯國票01購02  ,0,0,0,0,0,0,0,0,0,-193000,0,0,0,0,193000,-193000,-193000
066781,滬深2X中信04購01,0,0,0,0,0,0,0,0,0,-194000,0,0,0,6000,200000,-194000,-194000
060698,旺宏國泰9C購01  ,0,0,0,0,0,0,0,0,0,-194000,0,0,0,20000,214000,-194000,-194000
061190,力山永豐9A購02  ,0,0,0,0,0,0,0,0,0,-194000,0,0,0,10000,204000,-194000,-194000
063246,嘉晶元大9C購01  ,0,0,0,0,0,0,0,0,0,-194000,0,0,0,107000,301000,-194000,-194000
2609,陽明            ,228000,422000,-194000,0,0,0,0,0,0,0,0,0,0,0,0,0,-194000
066750,緯穎元大01購04  ,0,0,0,0,0,0,0,0,0,-195000,0,0,0,25000,220000,-195000,-195000
056554,GIS凱基99購01   ,0,0,0,0,0,0,0,0,0,-195000,0,0,0,20000,215000,-195000,-195000
060422,台勝科永豐9A購01,0,0,0,0,0,0,0,0,0,-195000,0,0,0,0,195000,-195000,-195000
062238,臻鼎凱基9C購01  ,0,0,0,0,0,0,0,0,0,-195000,0,0,0,15000,210000,-195000,-195000
059242,南亞科凱基99購06,0,0,0,0,0,0,0,0,0,-195000,0,0,0,21000,216000,-195000,-195000
065305,泰鼎元富9C購01  ,0,0,0,0,0,0,0,0,0,-195000,0,0,0,0,195000,-195000,-195000
065348,中壽統一9C購02  ,0,0,0,0,0,0,0,0,0,-195000,0,0,0,0,195000,-195000,-195000
064174,致新元富9C購02  ,0,0,0,0,0,0,0,0,0,-195000,0,0,0,96000,291000,-195000,-195000
08229P,祥碩國票9B售04  ,0,0,0,0,0,0,0,0,0,-196000,0,0,0,3000,199000,-196000,-196000
058245,訊連元大99購01  ,0,0,0,0,0,0,0,0,0,-196000,0,0,0,17000,213000,-196000,-196000
065636,台表科國票01購03,0,0,0,0,0,0,0,0,0,-196000,0,0,0,0,196000,-196000,-196000
066887,聯發科中信02購01,0,0,0,0,0,0,0,0,0,-197000,0,0,0,0,197000,-197000,-197000
061234,國巨元大9A購18  ,0,0,0,0,0,0,0,0,0,-197000,0,0,0,40000,237000,-197000,-197000
062823,台表科兆豐9B購01,0,0,0,0,0,0,0,0,0,-197000,0,0,0,0,197000,-197000,-197000
064699,臻鼎群益9C購01  ,0,0,0,0,0,0,0,0,0,-197000,0,0,0,0,197000,-197000,-197000
063956,神達元大9C購01  ,0,0,0,0,0,0,0,0,0,-197000,0,0,0,294000,491000,-197000,-197000
065907,南亞科永豐9C購01,0,0,0,0,0,0,0,0,0,-198000,0,0,0,7000,205000,-198000,-198000
062976,嘉澤元富9B購01  ,0,0,0,0,0,0,0,0,0,-198000,0,0,0,357000,555000,-198000,-198000
064210,台光電凱基03購01,0,0,0,0,0,0,0,0,0,-198000,0,0,0,53000,251000,-198000,-198000
065658,聯發科富邦03購03,0,0,0,0,0,0,0,0,0,-198000,0,0,0,353000,551000,-198000,-198000
066454,金像電統一01購03,0,0,0,0,0,0,0,0,0,-199000,0,0,0,472000,671000,-199000,-199000
07005P,台積電統一9B售05,0,0,0,0,0,0,0,0,0,-199000,0,0,0,0,199000,-199000,-199000
066709,聚碩群益01購01  ,0,0,0,0,0,0,0,0,0,-199000,0,0,0,0,199000,-199000,-199000
061753,南亞科台新9B購01,0,0,0,0,0,0,0,0,0,-199000,0,0,0,38000,237000,-199000,-199000
054418,茂林元大97購01  ,0,0,0,0,0,0,0,0,0,-199000,0,0,0,0,199000,-199000,-199000
056676,國產元富98購01  ,0,0,0,0,0,0,0,0,0,-199000,0,0,0,24000,223000,-199000,-199000
063231,台泥元大9B購01  ,0,0,0,0,0,0,0,0,0,-199000,0,0,0,123000,322000,-199000,-199000
062220,台光電統一01購01,0,0,0,0,0,0,0,0,0,-199000,0,0,0,31000,230000,-199000,-199000
065641,台積電元大9C購12,0,0,0,0,0,0,0,0,0,-199000,0,0,0,1961000,2160000,-199000,-199000
065507,亞德客群益01購02,0,0,0,0,0,0,0,0,0,-199000,0,0,0,10000,209000,-199000,-199000
063820,華邦電麥證01購01,0,0,0,20000,219000,-199000,0,0,0,-199000,0,0,0,20000,219000,-199000,-199000
063829,晶技國票01購01  ,0,0,0,0,0,0,0,0,0,-199000,0,0,0,1000,200000,-199000,-199000
2537,聯上發          ,3000,202000,-199000,0,0,0,0,0,0,0,0,0,0,0,0,0,-199000
066586,道瓊反群益01購02,0,0,0,0,0,0,0,0,0,-200000,0,0,0,0,200000,-200000,-200000
07032P,聯發科統一9C售02,0,0,0,0,0,0,0,0,0,-200000,0,0,0,0,200000,-200000,-200000
066167,強茂凱基01購01  ,0,0,0,0,0,0,0,0,0,-200000,0,0,0,25000,225000,-200000,-200000
07410P,鴻海元大99售44  ,0,0,0,0,0,0,0,0,0,-200000,0,0,0,0,200000,-200000,-200000
07432P,臺股指國票9A售04,0,0,0,0,0,0,0,0,0,-200000,0,0,0,0,200000,-200000,-200000
054592,美律永昌9A購01  ,0,0,0,0,0,0,0,0,0,-200000,0,0,0,0,200000,-200000,-200000
03669C,滬深2X元富09牛01,0,0,0,0,0,0,0,0,0,-200000,0,0,0,0,200000,-200000,-200000
056364,亞光元大99購02  ,0,0,0,0,0,0,0,0,0,-200000,0,0,0,0,200000,-200000,-200000
058549,藍天永豐99購01  ,0,0,0,0,0,0,0,0,0,-200000,0,0,0,0,200000,-200000,-200000
057179,可成元大98購04  ,0,0,0,0,0,0,0,0,0,-200000,0,0,0,0,200000,-200000,-200000
056755,聯茂兆豐98購01  ,0,0,0,0,0,0,0,0,0,-200000,0,0,0,0,200000,-200000,-200000
062216,國巨統一9B購11  ,0,0,0,0,0,0,0,0,0,-200000,0,0,0,0,200000,-200000,-200000
062187,台勝科元大9B購02,0,0,0,0,0,0,0,0,0,-200000,0,0,0,68000,268000,-200000,-200000
060826,牧德元大9B購02  ,0,0,0,0,0,0,0,0,0,-200000,0,0,0,0,200000,-200000,-200000
063299,金寶凱基9B購01  ,0,0,0,0,0,0,0,0,0,-200000,0,0,0,0,200000,-200000,-200000
064460,健策統一9C購03  ,0,0,0,0,0,0,0,0,0,-200000,0,0,0,30000,230000,-200000,-200000
065329,億豐凱基9C購02  ,0,0,0,0,0,0,0,0,0,-200000,0,0,0,50000,250000,-200000,-200000
066559,聯鈞元大01購03  ,0,0,0,0,0,0,0,0,0,-201000,0,0,0,0,201000,-201000,-201000
064095,鴻海群益01購02  ,0,0,0,0,0,0,0,0,0,-201000,0,0,0,15000,216000,-201000,-201000
061694,玉山金群益9A購01,0,0,0,0,0,0,0,0,0,-202000,0,0,0,90000,292000,-202000,-202000
063167,同欣電永豐9B購03,0,0,0,0,0,0,0,0,0,-202000,0,0,0,0,202000,-202000,-202000
062729,神達凱基9B購02  ,0,0,0,0,0,0,0,0,0,-202000,0,0,0,702000,904000,-202000,-202000
063777,儒鴻永豐9B購02  ,0,0,0,0,0,0,0,0,0,-202000,0,0,0,10000,212000,-202000,-202000
057060,緯穎元大98購05  ,0,0,0,0,0,0,0,0,0,-203000,0,0,0,34000,237000,-203000,-203000
062982,同欣電元富9B購01,0,0,0,0,0,0,0,0,0,-203000,0,0,0,85000,288000,-203000,-203000
064551,鈺齊凱基9C購02  ,0,0,0,0,0,0,0,0,0,-203000,0,0,0,0,203000,-203000,-203000
064805,金像電元大9C購04,0,0,0,0,0,0,0,0,0,-203000,0,0,0,143000,346000,-203000,-203000
060009,南亞科群益99購03,0,0,0,0,0,0,0,0,0,-204000,0,0,0,98000,302000,-204000,-204000
064581,葡萄王永豐9C購01,0,0,0,0,0,0,0,0,0,-204000,0,0,0,25000,229000,-204000,-204000
066968,技嘉元富07購01  ,0,0,0,0,0,0,0,0,0,-205000,0,0,0,0,205000,-205000,-205000
1451,年興            ,74000,282000,-208000,0,0,0,0,0,0,3000,3000,0,3000,0,0,0,-205000
057899,台積電永豐98購04,0,0,0,0,0,0,0,0,0,-205000,0,0,0,206000,411000,-205000,-205000
058554,瀚宇博永豐99購01,0,0,0,0,0,0,0,0,0,-205000,0,0,0,172000,377000,-205000,-205000
053723,奇鋐凱基98購01  ,0,0,0,0,0,0,0,0,0,-205000,0,0,0,11000,216000,-205000,-205000
065533,台光電統一02購03,0,0,0,0,0,0,0,0,0,-205000,0,0,0,102000,307000,-205000,-205000
2406,國碩            ,77000,83000,-6000,0,0,0,0,0,0,-199000,1000,200000,-199000,0,0,0,-205000
065074,亞德客元大9C購03,0,0,0,0,0,0,0,0,0,-206000,0,0,0,72000,278000,-206000,-206000
064929,台表科統一02購03,0,0,0,0,0,0,0,0,0,-207000,0,0,0,54000,261000,-207000,-207000
064196,健策群益01購01  ,0,0,0,0,0,0,0,0,0,-207000,0,0,0,32000,239000,-207000,-207000
063902,志超群益9C購01  ,0,0,0,0,0,0,0,0,0,-207000,0,0,0,7000,214000,-207000,-207000
066148,美利達群益01購02,0,0,0,0,0,0,0,0,0,-208000,0,0,0,10000,218000,-208000,-208000
055114,新日興凱基98購01,0,0,0,0,0,0,0,0,0,-208000,0,0,0,53000,261000,-208000,-208000
056871,新日興日盛99購01,0,0,0,0,0,0,0,0,0,-208000,0,0,0,11000,219000,-208000,-208000
060130,瀚宇博永豐99購02,0,0,0,0,0,0,0,0,0,-208000,0,0,0,0,208000,-208000,-208000
063207,聯茂統一01購01  ,0,0,0,0,0,0,0,0,0,-208000,0,0,0,20000,228000,-208000,-208000
062615,亞德客元大9B購02,0,0,0,0,0,0,0,0,0,-208000,0,0,0,1000,209000,-208000,-208000
064325,亞德客元大9C購01,0,0,0,0,0,0,0,0,0,-208000,0,0,0,17000,225000,-208000,-208000
066710,彩晶群益03購01  ,0,0,0,0,0,0,0,0,0,-209000,0,0,0,0,209000,-209000,-209000
054214,京鼎國票97購02  ,0,0,0,0,0,0,0,0,0,-209000,0,0,0,0,209000,-209000,-209000
061132,志超永豐9A購01  ,0,0,0,0,0,0,0,0,0,-209000,0,0,0,22000,231000,-209000,-209000
061081,宏碁兆豐9A購01  ,0,0,0,0,0,0,0,0,0,-209000,0,0,0,285000,494000,-209000,-209000
064071,台郡永豐9C購01  ,0,0,0,0,0,0,0,0,0,-209000,0,0,0,3000,212000,-209000,-209000
064024,漢唐元大9C購01  ,0,0,0,0,0,0,0,0,0,-209000,0,0,0,10000,219000,-209000,-209000
063635,漢唐元大9B購04  ,0,0,0,0,0,0,0,0,0,-209000,0,0,0,28000,237000,-209000,-209000
06936P,瑞儀元大98售01  ,0,0,0,0,0,0,0,0,0,-210000,0,0,0,10000,220000,-210000,-210000
065902,燿華富邦02購01  ,0,0,0,0,0,0,0,0,0,-210000,0,0,0,40000,250000,-210000,-210000
07593P,臺股指凱基9A售08,0,0,0,0,0,0,0,0,0,-210000,0,0,0,0,210000,-210000,-210000
054279,揚明光群益98購01,0,0,0,0,0,0,0,0,0,-210000,0,0,0,0,210000,-210000,-210000
055032,億光富邦99購01  ,0,0,0,0,0,0,0,0,0,-210000,0,0,0,360000,570000,-210000,-210000
057914,日月光日盛9A購01,0,0,0,0,0,0,0,0,0,-210000,0,0,0,0,210000,-210000,-210000
061480,泰碩元大9B購01  ,0,0,0,0,0,0,0,0,0,-210000,0,0,0,0,210000,-210000,-210000
063324,道瓊反國票9B購03,0,0,0,0,0,0,0,0,0,-210000,0,0,0,26000,236000,-210000,-210000
064486,聚陽元大9C購01  ,0,0,0,0,0,0,0,0,0,-210000,0,0,0,38000,248000,-210000,-210000
064774,聚陽群益9C購04  ,0,0,0,0,0,0,0,0,0,-210000,0,0,0,142000,352000,-210000,-210000
065330,億豐凱基9C購03  ,0,0,0,0,0,0,0,0,0,-210000,0,0,0,50000,260000,-210000,-210000
2820,華票            ,108000,329000,-221000,0,0,0,0,0,0,11000,11000,0,11000,0,0,0,-210000
062005,旺宏國泰01購01  ,0,0,0,0,0,0,0,0,0,-211000,0,0,0,0,211000,-211000,-211000
3708,上緯投控        ,122000,375000,-253000,0,0,0,0,0,0,42000,0,0,0,62000,20000,42000,-211000
08006P,長榮航中信03售01,0,0,0,0,0,0,0,0,0,-212000,0,0,0,315000,527000,-212000,-212000
056673,中石化元富9B購01,0,0,0,0,0,0,0,0,0,-212000,0,0,0,5000,217000,-212000,-212000
061170,南茂兆豐9B購01  ,0,0,0,0,0,0,0,0,0,-212000,0,0,0,40000,252000,-212000,-212000
063115,台積電麥證9B購02,0,0,0,30000,242000,-212000,0,0,0,-212000,0,0,0,30000,242000,-212000,-212000
064595,超眾統一02購01  ,0,0,0,0,0,0,0,0,0,-212000,0,0,0,0,212000,-212000,-212000
064137,台泥統一02購01  ,0,0,0,0,0,0,0,0,0,-212000,0,0,0,30000,242000,-212000,-212000
063319,神達群益9B購01  ,0,0,0,0,0,0,0,0,0,-212000,0,0,0,284000,496000,-212000,-212000
063821,南亞科麥證9C購01,0,0,0,0,239000,-239000,0,0,0,-212000,0,0,0,27000,239000,-212000,-212000
066967,台積電元富07購03,0,0,0,0,0,0,0,0,0,-213000,0,0,0,0,213000,-213000,-213000
00680L,元大美債20正2   ,0,86000,-86000,0,0,0,0,0,0,-127000,0,0,0,15000,142000,-127000,-213000
00662,富邦NASDAQ      ,0,10000,-10000,0,0,0,0,0,0,-203000,0,0,0,89000,292000,-203000,-213000
062190,瀚宇博元大9B購01,0,0,0,0,0,0,0,0,0,-213000,0,0,0,111000,324000,-213000,-213000
064251,緯創元富9C購01  ,0,0,0,0,0,0,0,0,0,-213000,0,0,0,35000,248000,-213000,-213000
065834,億豐凱基03購01  ,0,0,0,0,0,0,0,0,0,-213000,0,0,0,60000,273000,-213000,-213000
066149,潤泰新群益01購01,0,0,0,0,0,0,0,0,0,-214000,0,0,0,0,214000,-214000,-214000
058011,台虹國票99購01  ,0,0,0,0,0,0,0,0,0,-214000,0,0,0,0,214000,-214000,-214000
064713,和大統一02購01  ,0,0,0,0,0,0,0,0,0,-214000,0,0,0,104000,318000,-214000,-214000
064513,T50反1群益9C購01,0,0,0,0,0,0,0,0,0,-214000,0,0,0,5000,219000,-214000,-214000
066562,上緯控元大01購01,0,0,0,0,0,0,0,0,0,-215000,0,0,0,541000,756000,-215000,-215000
061990,台勝科元大9C購01,0,0,0,0,0,0,0,0,0,-215000,0,0,0,178000,393000,-215000,-215000
6452,康友-KY         ,221000,417000,-196000,0,0,0,0,0,0,-19000,0,0,0,14000,33000,-19000,-215000
066251,川湖元大01購01  ,0,0,0,0,0,0,0,0,0,-216000,0,0,0,4000,220000,-216000,-216000
066284,松翰元大01購01  ,0,0,0,0,0,0,0,0,0,-216000,0,0,0,42000,258000,-216000,-216000
058456,京鼎永豐99購01  ,0,0,0,0,0,0,0,0,0,-216000,0,0,0,0,216000,-216000,-216000
062720,南亞科凱基9B購03,0,0,0,0,0,0,0,0,0,-216000,0,0,0,15000,231000,-216000,-216000
058930,華新科統一9B購01,0,0,0,0,0,0,0,0,0,-216000,0,0,0,0,216000,-216000,-216000
065402,漢唐國泰02購01  ,0,0,0,0,0,0,0,0,0,-216000,0,0,0,0,216000,-216000,-216000
063362,台表科國泰01購03,0,0,0,0,0,0,0,0,0,-217000,0,0,0,56000,273000,-217000,-217000
061645,超眾元大9A購06  ,0,0,0,0,0,0,0,0,0,-218000,0,0,0,117000,335000,-218000,-218000
060493,美律元富01購01  ,0,0,0,0,0,0,0,0,0,-218000,0,0,0,0,218000,-218000,-218000
065652,超眾元大01購02  ,0,0,0,0,0,0,0,0,0,-218000,0,0,0,59000,277000,-218000,-218000
066422,嘉晶元大02購01  ,0,0,0,0,0,0,0,0,0,-219000,0,0,0,107000,326000,-219000,-219000
08158P,嘉澤元富9B售03  ,0,0,0,0,0,0,0,0,0,-219000,0,0,0,101000,320000,-219000,-219000
064826,南亞科統一01購03,0,0,0,0,0,0,0,0,0,-219000,0,0,0,0,219000,-219000,-219000
063342,台光電統一9B購02,0,0,0,0,0,0,0,0,0,-219000,0,0,0,57000,276000,-219000,-219000
064214,群創凱基03購01  ,0,0,0,0,0,0,0,0,0,-219000,0,0,0,68000,287000,-219000,-219000
064212,可成凱基03購01  ,0,0,0,0,0,0,0,0,0,-219000,0,0,0,142000,361000,-219000,-219000
08761P,聯詠元大01售02  ,0,0,0,0,0,0,0,0,0,-220000,0,0,0,2000,222000,-220000,-220000
08691P,鎧勝中信05售02  ,0,0,0,0,0,0,0,0,0,-220000,0,0,0,5000,225000,-220000,-220000
062544,信錦永豐9B購01  ,0,0,0,0,0,0,0,0,0,-220000,0,0,0,0,220000,-220000,-220000
1532,勤美            ,63000,286000,-223000,0,0,0,0,0,0,2000,2000,0,2000,0,0,0,-221000
061713,華邦電凱基9A購01,0,0,0,0,0,0,0,0,0,-221000,0,0,0,62000,283000,-221000,-221000
058656,燿華中信99購01  ,0,0,0,0,0,0,0,0,0,-221000,0,0,0,50000,271000,-221000,-221000
061492,超眾兆豐9B購01  ,0,0,0,0,0,0,0,0,0,-221000,0,0,0,0,221000,-221000,-221000
064509,台表科元大9C購08,0,0,0,0,0,0,0,0,0,-221000,0,0,0,66000,287000,-221000,-221000
063916,瀚宇博凱基01購01,0,0,0,0,0,0,0,0,0,-221000,0,0,0,113000,334000,-221000,-221000
065004,瑞昱國票01購02  ,0,0,0,0,0,0,0,0,0,-222000,0,0,0,8000,230000,-222000,-222000
065385,億豐元大03購01  ,0,0,0,0,0,0,0,0,0,-222000,0,0,0,51000,273000,-222000,-222000
065340,旺宏統一9C購04  ,0,0,0,0,0,0,0,0,0,-222000,0,0,0,0,222000,-222000,-222000
066678,台達電兆豐03購01,0,0,0,0,0,0,0,0,0,-223000,0,0,0,96000,319000,-223000,-223000
058192,訊芯永豐99購01  ,0,0,0,0,0,0,0,0,0,-223000,0,0,0,0,223000,-223000,-223000
058790,楠梓電元大99購03,0,0,0,0,0,0,0,0,0,-223000,0,0,0,65000,288000,-223000,-223000
063347,祥碩統一01購03  ,0,0,0,0,0,0,0,0,0,-223000,0,0,0,466000,689000,-223000,-223000
063490,儒鴻富邦9C購01  ,0,0,0,0,0,0,0,0,0,-223000,0,0,0,20000,243000,-223000,-223000
066691,京元電台新01購01,0,0,0,0,0,0,0,0,0,-224000,0,0,0,0,224000,-224000,-224000
065938,文曄群益01購01  ,0,0,0,0,0,0,0,0,0,-224000,0,0,0,89000,313000,-224000,-224000
063054,健鼎統一01購01  ,0,0,0,0,0,0,0,0,0,-224000,0,0,0,175000,399000,-224000,-224000
063145,台表科統一02購01,0,0,0,0,0,0,0,0,0,-224000,0,0,0,48000,272000,-224000,-224000
062909,大立光元大9C購04,0,0,0,0,0,0,0,0,0,-224000,0,0,0,0,224000,-224000,-224000
063651,金像電台新9B購01,0,0,0,0,0,0,0,0,0,-224000,0,0,0,169000,393000,-224000,-224000
8016,矽創            ,56000,279000,-223000,0,0,0,0,0,0,-1000,12000,0,12000,8000,21000,-13000,-224000
066061,超眾元大01購04  ,0,0,0,0,0,0,0,0,0,-225000,0,0,0,0,225000,-225000,-225000
061006,新光金兆豐9A購01,0,0,0,0,0,0,0,0,0,-225000,0,0,0,95000,320000,-225000,-225000
065685,同欣電統一01購04,0,0,0,0,0,0,0,0,0,-225000,0,0,0,50000,275000,-225000,-225000
1536,和大            ,464000,715000,-251000,0,0,0,0,0,0,25000,0,5000,-5000,35000,5000,30000,-226000
063274,鈺齊兆豐9B購01  ,0,0,0,0,0,0,0,0,0,-226000,0,0,0,30000,256000,-226000,-226000
058536,群創統一9B購01  ,0,0,0,0,0,0,0,0,0,-227000,0,0,0,12000,239000,-227000,-227000
057544,鴻海凱基02購01  ,0,0,0,0,0,0,0,0,0,-227000,0,0,0,309000,536000,-227000,-227000
063417,金像電凱基9B購03,0,0,0,0,0,0,0,0,0,-227000,0,0,0,200000,427000,-227000,-227000
1467,南緯            ,228000,456000,-228000,0,0,0,0,0,0,0,0,0,0,0,0,0,-228000
08467P,長榮航統一9C售01,0,0,0,0,0,0,0,0,0,-228000,0,0,0,40000,268000,-228000,-228000
066657,滬深2X凱基04購01,0,0,0,0,0,0,0,0,0,-228000,0,0,0,4000,232000,-228000,-228000
062502,旺宏群益9C購01  ,0,0,0,0,0,0,0,0,0,-228000,0,0,0,0,228000,-228000,-228000
063722,遠東新元大9B購02,0,0,0,0,0,0,0,0,0,-228000,0,0,0,73000,301000,-228000,-228000
064184,矽格富邦02購01  ,0,0,0,0,0,0,0,0,0,-228000,0,0,0,0,228000,-228000,-228000
065831,緯創凱基9C購03  ,0,0,0,0,0,0,0,0,0,-228000,0,0,0,33000,261000,-228000,-228000
8271,宇瞻            ,279000,512000,-233000,0,0,0,0,0,0,5000,5000,0,5000,0,0,0,-228000
08225P,臺股指凱基9B售20,0,0,0,0,0,0,0,0,0,-229000,0,0,0,41000,270000,-229000,-229000
063740,矽格元大9B購03  ,0,0,0,0,0,0,0,0,0,-229000,0,0,0,10000,239000,-229000,-229000
08453P,玉晶光台新9C售02,0,0,0,0,0,0,0,0,0,-230000,0,0,0,283000,513000,-230000,-230000
066194,美利達凱基01購01,0,0,0,0,0,0,0,0,0,-230000,0,0,0,44000,274000,-230000,-230000
058810,國巨統一9B購04  ,0,0,0,0,0,0,0,0,0,-230000,0,0,0,0,230000,-230000,-230000
064074,南茂永豐9C購01  ,0,0,0,0,0,0,0,0,0,-230000,0,0,0,0,230000,-230000,-230000
065662,台勝科永豐9C購01,0,0,0,0,0,0,0,0,0,-231000,0,0,0,0,231000,-231000,-231000
064953,嘉晶凱基9C購02  ,0,0,0,0,0,0,0,0,0,-231000,0,0,0,1000,232000,-231000,-231000
2520,冠德            ,470000,737323,-267323,0,0,0,0,0,0,36000,41000,0,41000,0,5000,-5000,-231323
066901,台虹康和01購01  ,0,0,0,0,0,0,0,0,0,-232000,0,0,0,0,232000,-232000,-232000
08235P,南電國泰9C售03  ,0,0,0,0,0,0,0,0,0,-232000,0,0,0,0,232000,-232000,-232000
054827,宏全元大9A購01  ,0,0,0,0,0,0,0,0,0,-232000,0,0,0,236000,468000,-232000,-232000
063846,智邦元大9C購01  ,0,0,0,0,0,0,0,0,0,-232000,0,0,0,173000,405000,-232000,-232000
062268,力山群益9B購01  ,0,0,0,0,0,0,0,0,0,-233000,0,0,0,39000,272000,-233000,-233000
063656,台光電元富03購01,0,0,0,0,0,0,0,0,0,-233000,0,0,0,95000,328000,-233000,-233000
063445,金像電統一9B購01,0,0,0,0,0,0,0,0,0,-233000,0,0,0,393000,626000,-233000,-233000
064978,群創元大9C購07  ,0,0,0,0,0,0,0,0,0,-233000,0,0,0,234000,467000,-233000,-233000
1464,得力            ,47000,292000,-245000,0,0,0,0,0,0,11000,9000,0,9000,5000,3000,2000,-234000
066683,和碩兆豐01購01  ,0,0,0,0,0,0,0,0,0,-234000,0,0,0,0,234000,-234000,-234000
054808,東元元大9A購01  ,0,0,0,0,0,0,0,0,0,-234000,0,0,0,25000,259000,-234000,-234000
065094,新日興元大9C購04,0,0,0,0,0,0,0,0,0,-234000,0,0,0,80000,314000,-234000,-234000
062252,華邦電元大9C購01,0,0,0,0,0,0,0,0,0,-235000,0,0,0,23000,258000,-235000,-235000
059295,大立光元富99購05,0,0,0,0,0,0,0,0,0,-235000,0,0,0,36000,271000,-235000,-235000
065491,華新科國泰02購01,0,0,0,0,0,0,0,0,0,-235000,0,0,0,119000,354000,-235000,-235000
2493,揚博            ,126000,375000,-249000,0,0,0,0,0,0,14000,14000,0,14000,0,0,0,-235000
065926,金像電國票02購01,0,0,0,0,0,0,0,0,0,-236000,0,0,0,24000,260000,-236000,-236000
065142,華邦電凱基01購01,0,0,0,0,0,0,0,0,0,-236000,0,0,0,68000,304000,-236000,-236000
064611,亞德客元大9C購02,0,0,0,0,0,0,0,0,0,-236000,0,0,0,0,236000,-236000,-236000
066804,緯創凱基01購01  ,0,0,0,0,0,0,0,0,0,-237000,0,0,0,50000,287000,-237000,-237000
08760P,瑞昱元大01售02  ,0,0,0,0,0,0,0,0,0,-238000,0,0,0,0,238000,-238000,-238000
08582P,臺股指元大9C售30,0,0,0,0,0,0,0,0,0,-238000,0,0,0,62000,300000,-238000,-238000
060747,聯鈞國票9A購02  ,0,0,0,0,0,0,0,0,0,-238000,0,0,0,38000,276000,-238000,-238000
065354,金像電元富03購01,0,0,0,0,0,0,0,0,0,-238000,0,0,0,105000,343000,-238000,-238000
064334,可成元大01購01  ,0,0,0,0,0,0,0,0,0,-238000,0,0,0,106000,344000,-238000,-238000
6504,南六            ,218000,318000,-100000,0,0,0,20000,42000,-22000,-116000,7000,5000,2000,80000,198000,-118000,-238000
066278,健策元大02購01  ,0,0,0,0,0,0,0,0,0,-239000,0,0,0,0,239000,-239000,-239000
057836,南亞科國泰9A購01,0,0,0,0,0,0,0,0,0,-239000,0,0,0,0,239000,-239000,-239000
056211,南港國票98購01  ,0,0,0,0,0,0,0,0,0,-239000,0,0,0,116000,355000,-239000,-239000
062086,瑞祺元大9B購01  ,0,0,0,0,0,0,0,0,0,-239000,0,0,0,13000,252000,-239000,-239000
3047,訊舟            ,461000,701000,-240000,0,0,0,0,0,0,1000,1000,0,1000,0,0,0,-239000
065978,臻鼎元大02購01  ,0,0,0,0,0,0,0,0,0,-240000,0,0,0,199000,439000,-240000,-240000
066115,美律兆豐02購01  ,0,0,0,0,0,0,0,0,0,-240000,0,0,0,0,240000,-240000,-240000
056466,臺股指凱基99購08,0,0,0,0,0,0,0,0,0,-240000,0,0,0,0,240000,-240000,-240000
057016,中石化凱基9B購01,0,0,0,0,0,0,0,0,0,-240000,0,0,0,20000,260000,-240000,-240000
061905,上証反中信03購01,0,0,0,0,0,0,0,0,0,-240000,0,0,0,90000,330000,-240000,-240000
064264,智伸科永豐9C購01,0,0,0,0,0,0,0,0,0,-240000,0,0,0,0,240000,-240000,-240000
063384,巨大永豐9B購04  ,0,0,0,0,0,0,0,0,0,-240000,0,0,0,5000,245000,-240000,-240000
066536,漢唐兆豐03購01  ,0,0,0,0,0,0,0,0,0,-241000,0,0,0,50000,291000,-241000,-241000
07209P,台積電凱基9A售10,0,0,0,0,0,0,0,0,0,-241000,0,0,0,75000,316000,-241000,-241000
054803,味全元大9A購01  ,0,0,0,0,0,0,0,0,0,-242000,0,0,0,202000,444000,-242000,-242000
065597,旺宏元大01購03  ,0,0,0,0,0,0,0,0,0,-242000,0,0,0,117000,359000,-242000,-242000
064618,南亞科元大9C購04,0,0,0,0,0,0,0,0,0,-242000,0,0,0,45000,287000,-242000,-242000
057533,晶相光元大98購02,0,0,0,0,0,0,0,0,0,-243000,0,0,0,77000,320000,-243000,-243000
064700,致新群益9C購02  ,0,0,0,0,0,0,0,0,0,-243000,0,0,0,0,243000,-243000,-243000
065126,世芯永豐9C購02  ,0,0,0,0,0,0,0,0,0,-243000,0,0,0,5000,248000,-243000,-243000
063367,GIS富邦9B購01   ,0,0,0,0,0,0,0,0,0,-243000,0,0,0,0,243000,-243000,-243000
064162,貿聯統一02購01  ,0,0,0,0,0,0,0,0,0,-243000,0,0,0,1000,244000,-243000,-243000
064575,鈺齊群益9C購01  ,0,0,0,0,0,0,0,0,0,-243000,0,0,0,10000,253000,-243000,-243000
066955,新日興元大01購01,0,0,0,0,0,0,0,0,0,-244000,0,0,0,1000,245000,-244000,-244000
066205,京鼎統一03購01  ,0,0,0,0,0,0,0,0,0,-244000,0,0,0,140000,384000,-244000,-244000
061891,力山永豐9B購01  ,0,0,0,0,0,0,0,0,0,-244000,0,0,0,5000,249000,-244000,-244000
060738,矽格統一9C購01  ,0,0,0,0,0,0,0,0,0,-244000,0,0,0,103000,347000,-244000,-244000
064677,金像電兆豐9C購01,0,0,0,0,0,0,0,0,0,-244000,0,0,0,11000,255000,-244000,-244000
065478,緯創元大9C購03  ,0,0,0,0,0,0,0,0,0,-244000,0,0,0,189000,433000,-244000,-244000
3338,泰碩            ,851000,876000,-25000,0,0,0,0,248000,-248000,29000,2000,2000,0,43000,14000,29000,-244000
3669,圓展            ,1563000,1659000,-96000,0,0,0,0,150000,-150000,2000,2000,0,2000,0,0,0,-244000
047885,元金2X富邦99購01,0,0,0,0,0,0,0,0,0,-245000,0,0,0,0,245000,-245000,-245000
063173,矽格中信9B購01  ,0,0,0,0,0,0,0,0,0,-245000,0,0,0,20000,265000,-245000,-245000
07821P,臺股指國票9A售12,0,0,0,0,0,0,0,0,0,-246000,0,0,0,104000,350000,-246000,-246000
061470,鈺齊群益9A購02  ,0,0,0,0,0,0,0,0,0,-246000,0,0,0,98000,344000,-246000,-246000
063557,聚陽元大9B購01  ,0,0,0,0,0,0,0,0,0,-246000,0,0,0,15000,261000,-246000,-246000
056945,鴻海統一98購12  ,0,0,0,0,0,0,0,0,0,-247000,0,0,0,54000,301000,-247000,-247000
056835,聯電元富99購01  ,0,0,0,0,0,0,0,0,0,-247000,0,0,0,232000,479000,-247000,-247000
059849,興勤永豐99購01  ,0,0,0,0,0,0,0,0,0,-247000,0,0,0,66000,313000,-247000,-247000
060706,群創富邦9A購01  ,0,0,0,0,0,0,0,0,0,-247000,0,0,0,0,247000,-247000,-247000
065785,奇力新永豐9C購02,0,0,0,0,0,0,0,0,0,-247000,0,0,0,0,247000,-247000,-247000
065041,金像電凱基02購02,0,0,0,0,0,0,0,0,0,-247000,0,0,0,182000,429000,-247000,-247000
066241,瑞祺富邦03購01  ,0,0,0,0,0,0,0,0,0,-248000,0,0,0,40000,288000,-248000,-248000
066150,國巨麥證01購02  ,0,0,0,3000,251000,-248000,0,0,0,-248000,0,0,0,3000,251000,-248000,-248000
064626,聯茂元大9C購01  ,0,0,0,0,0,0,0,0,0,-248000,0,0,0,1000,249000,-248000,-248000
3535,晶彩科          ,203000,451000,-248000,0,0,0,0,0,0,0,0,0,0,0,0,0,-248000
06853P,華擎元富98售03  ,0,0,0,0,0,0,0,0,0,-249000,0,0,0,0,249000,-249000,-249000
066554,嘉晶元大01購05  ,0,0,0,0,0,0,0,0,0,-249000,0,0,0,5000,254000,-249000,-249000
063263,高鐵永豐9B購01  ,0,0,0,0,0,0,0,0,0,-249000,0,0,0,0,249000,-249000,-249000
061165,美律兆豐9A購01  ,0,0,0,0,0,0,0,0,0,-249000,0,0,0,0,249000,-249000,-249000
064799,裕隆元大9C購02  ,0,0,0,0,0,0,0,0,0,-249000,0,0,0,136000,385000,-249000,-249000
066718,滬深2X元大01購05,0,0,0,0,0,0,0,0,0,-250000,0,0,0,0,250000,-250000,-250000
054152,漢唐國泰98購02  ,0,0,0,0,0,0,0,0,0,-250000,0,0,0,5000,255000,-250000,-250000
059815,SP黃豆凱基9A購03,0,0,0,0,0,0,0,0,0,-250000,0,0,0,50000,300000,-250000,-250000
062106,華邦電國票9B購02,0,0,0,0,0,0,0,0,0,-250000,0,0,0,0,250000,-250000,-250000
064261,力山永豐9C購01  ,0,0,0,0,0,0,0,0,0,-250000,0,0,0,10000,260000,-250000,-250000
056619,強茂永豐98購01  ,0,0,0,0,0,0,0,0,0,-251000,0,0,0,2000,253000,-251000,-251000
056352,鴻海元大99購01  ,0,0,0,0,0,0,0,0,0,-251000,0,0,0,13000,264000,-251000,-251000
060284,南港元大01購01  ,0,0,0,0,0,0,0,0,0,-251000,0,0,0,127000,378000,-251000,-251000
063808,台表科兆豐9C購01,0,0,0,0,0,0,0,0,0,-251000,0,0,0,11000,262000,-251000,-251000
065083,南亞科元大01購01,0,0,0,0,0,0,0,0,0,-251000,0,0,0,91000,342000,-251000,-251000
3044,健鼎            ,1342000,1073966,268034,0,0,0,0,525000,-525000,5000,33000,4000,29000,19000,43000,-24000,-251966
065869,微星群益02購01  ,0,0,0,0,0,0,0,0,0,-252000,0,0,0,1000,253000,-252000,-252000
065180,台表科元大9C購10,0,0,0,0,0,0,0,0,0,-252000,0,0,0,66000,318000,-252000,-252000
065952,聯發科統一03購02,0,0,0,0,0,0,0,0,0,-253000,0,0,0,104000,357000,-253000,-253000
058399,美律元大99購05  ,0,0,0,0,0,0,0,0,0,-253000,0,0,0,85000,338000,-253000,-253000
064735,群創元富9C購02  ,0,0,0,0,0,0,0,0,0,-253000,0,0,0,0,253000,-253000,-253000
065728,嘉晶凱基9C購04  ,0,0,0,0,0,0,0,0,0,-253000,0,0,0,23000,276000,-253000,-253000
063852,瀚宇博元大9C購01,0,0,0,0,0,0,0,0,0,-253000,0,0,0,144000,397000,-253000,-253000
064555,力山群益01購01  ,0,0,0,0,0,0,0,0,0,-253000,0,0,0,105000,358000,-253000,-253000
057689,南亞科凱基99購02,0,0,0,0,0,0,0,0,0,-254000,0,0,0,1000,255000,-254000,-254000
053361,友達元富99購01  ,0,0,0,0,0,0,0,0,0,-254000,0,0,0,10000,264000,-254000,-254000
061235,台積電元大9A購23,0,0,0,0,0,0,0,0,0,-255000,0,0,0,104000,359000,-255000,-255000
064083,群創中信06購01  ,0,0,0,0,0,0,0,0,0,-255000,0,0,0,14000,269000,-255000,-255000
063394,金像電群益9B購01,0,0,0,0,0,0,0,0,0,-255000,0,0,0,70000,325000,-255000,-255000
07366P,國巨康和99售02  ,0,0,0,0,0,0,0,0,0,-256000,0,0,0,50000,306000,-256000,-256000
058837,SGBR2X中信9C購01,0,0,0,0,0,0,0,0,0,-256000,0,0,0,6000,262000,-256000,-256000
064593,鈺齊永豐9C購01  ,0,0,0,0,0,0,0,0,0,-256000,0,0,0,5000,261000,-256000,-256000
065481,臻鼎元大9C購04  ,0,0,0,0,0,0,0,0,0,-256000,0,0,0,230000,486000,-256000,-256000
064790,金像電國票01購01,0,0,0,0,0,0,0,0,0,-256000,0,0,0,130000,386000,-256000,-256000
065042,國產凱基02購01  ,0,0,0,0,0,0,0,0,0,-256000,0,0,0,6000,262000,-256000,-256000
066757,南港永豐01購01  ,0,0,0,0,0,0,0,0,0,-257000,0,0,0,58000,315000,-257000,-257000
056472,美律元大99購03  ,0,0,0,0,0,0,0,0,0,-257000,0,0,0,85000,342000,-257000,-257000
058909,神達元大99購03  ,0,0,0,0,0,0,0,0,0,-257000,0,0,0,166000,423000,-257000,-257000
064835,嘉晶統一02購01  ,0,0,0,0,0,0,0,0,0,-257000,0,0,0,14000,271000,-257000,-257000
064867,華新科永豐9C購03,0,0,0,0,0,0,0,0,0,-257000,0,0,0,13000,270000,-257000,-257000
066092,億豐永豐01購01  ,0,0,0,0,0,0,0,0,0,-258000,0,0,0,14000,272000,-258000,-258000
059760,楠梓電永豐99購01,0,0,0,0,0,0,0,0,0,-258000,0,0,0,132000,390000,-258000,-258000
061518,達方永豐9A購02  ,0,0,0,0,0,0,0,0,0,-258000,0,0,0,0,258000,-258000,-258000
066723,聯電元大02購01  ,0,0,0,0,0,0,0,0,0,-259000,0,0,0,42000,301000,-259000,-259000
06845P,億光元大98售02  ,0,0,0,0,0,0,0,0,0,-260000,0,0,0,0,260000,-260000,-260000
064830,可成統一9C購04  ,0,0,0,0,0,0,0,0,0,-260000,0,0,0,40000,300000,-260000,-260000
064833,新光金統一02購01,0,0,0,0,0,0,0,0,0,-260000,0,0,0,0,260000,-260000,-260000
064942,道瓊反凱基02購01,0,0,0,0,0,0,0,0,0,-260000,0,0,0,0,260000,-260000,-260000
065563,T50反1群益9C購04,0,0,0,0,0,0,0,0,0,-260000,0,0,0,180000,440000,-260000,-260000
066289,晶碩元大02購01  ,0,0,0,0,0,0,0,0,0,-261000,0,0,0,160000,421000,-261000,-261000
063554,GIS國票9C購03   ,0,0,0,0,0,0,0,0,0,-261000,0,0,0,2000,263000,-261000,-261000
066316,台船永豐01購01  ,0,0,0,0,0,0,0,0,0,-262000,0,0,0,0,262000,-262000,-262000
066635,敦泰凱基01購01  ,0,0,0,0,0,0,0,0,0,-262000,0,0,0,165000,427000,-262000,-262000
065327,台表科凱基9C購02,0,0,0,0,0,0,0,0,0,-262000,0,0,0,37000,299000,-262000,-262000
065845,友達元大9C購12  ,0,0,0,0,0,0,0,0,0,-262000,0,0,0,0,262000,-262000,-262000
056219,T50反1日盛02購01,0,0,0,0,0,0,0,0,0,-263000,0,0,0,0,263000,-263000,-263000
057527,億光元大98購01  ,0,0,0,0,0,0,0,0,0,-263000,0,0,0,784000,1047000,-263000,-263000
062185,禾伸堂元大9B購01,0,0,0,0,0,0,0,0,0,-263000,0,0,0,213000,476000,-263000,-263000
063100,聚陽群益9C購02  ,0,0,0,0,0,0,0,0,0,-263000,0,0,0,1000,264000,-263000,-263000
065760,和碩元大9C購02  ,0,0,0,0,0,0,0,0,0,-263000,0,0,0,0,263000,-263000,-263000
064367,貿聯統一01購02  ,0,0,0,0,0,0,0,0,0,-263000,0,0,0,0,263000,-263000,-263000
066765,揚明光永豐01購01,0,0,0,0,0,0,0,0,0,-264000,0,0,0,0,264000,-264000,-264000
057486,美律元大98購04  ,0,0,0,0,0,0,0,0,0,-264000,0,0,0,68000,332000,-264000,-264000
065966,國巨元大01購06  ,0,0,0,0,0,0,0,0,0,-265000,0,0,0,50000,315000,-265000,-265000
054640,健策中信9B購01  ,0,0,0,0,0,0,0,0,0,-265000,0,0,0,15000,280000,-265000,-265000
057796,鴻海兆豐99購03  ,0,0,0,0,0,0,0,0,0,-265000,0,0,0,0,265000,-265000,-265000
060387,盛群凱基9A購01  ,0,0,0,0,0,0,0,0,0,-265000,0,0,0,2000,267000,-265000,-265000
064624,群創元大02購01  ,0,0,0,0,0,0,0,0,0,-265000,0,0,0,0,265000,-265000,-265000
9939,宏全            ,239000,537000,-298000,0,0,0,0,0,0,33000,14000,5000,9000,24000,0,24000,-265000
5534,長虹            ,196000,484723,-288723,0,0,0,0,0,0,23000,23000,0,23000,0,0,0,-265723
060240,富邦金元大9A購01,0,0,0,0,0,0,0,0,0,-266000,0,0,0,3000,269000,-266000,-266000
064480,聚陽永豐9C購01  ,0,0,0,0,0,0,0,0,0,-267000,0,0,0,78000,345000,-267000,-267000
6177,達麗            ,15000,282000,-267000,0,0,0,0,0,0,0,0,0,0,0,0,0,-267000
08694P,大立光群益01售05,0,0,0,0,0,0,0,0,0,-268000,0,0,0,46000,314000,-268000,-268000
056470,旺宏元大99購01  ,0,0,0,0,0,0,0,0,0,-268000,0,0,0,0,268000,-268000,-268000
063144,超眾統一9C購02  ,0,0,0,0,0,0,0,0,0,-268000,0,0,0,40000,308000,-268000,-268000
062702,可成元大9C購01  ,0,0,0,0,0,0,0,0,0,-268000,0,0,0,0,268000,-268000,-268000
063191,台表科凱基9B購03,0,0,0,0,0,0,0,0,0,-269000,0,0,0,19000,288000,-269000,-269000
063634,台光電元大9B購09,0,0,0,0,0,0,0,0,0,-269000,0,0,0,102000,371000,-269000,-269000
065360,和大元大01購03  ,0,0,0,0,0,0,0,0,0,-269000,0,0,0,68000,337000,-269000,-269000
3545,敦泰            ,2526000,3152000,-626000,0,0,0,0,0,0,357000,1000,20000,-19000,447000,71000,376000,-269000
3059,華晶科          ,116000,387000,-271000,0,0,0,0,0,0,2000,2000,0,2000,0,0,0,-269000
066340,敦泰永豐01購01  ,0,0,0,0,0,0,0,0,0,-270000,0,0,0,117000,387000,-270000,-270000
058235,大立光元大99購08,0,0,0,0,0,0,0,0,0,-270000,0,0,0,0,270000,-270000,-270000
07861P,台灣50中信03售08,0,0,0,0,0,0,0,0,0,-271000,0,0,0,9000,280000,-271000,-271000
057641,旺宏元大98購10  ,0,0,0,0,0,0,0,0,0,-271000,0,0,0,20000,291000,-271000,-271000
049973,T50反1日盛9A購01,0,0,0,0,0,0,0,0,0,-271000,0,0,0,0,271000,-271000,-271000
065852,創意元大9C購06  ,0,0,0,0,0,0,0,0,0,-272000,0,0,0,44000,316000,-272000,-272000
058651,FBVIX中信9C購01 ,0,0,0,0,0,0,0,0,0,-273000,0,0,0,0,273000,-273000,-273000
061136,可成統一9A購01  ,0,0,0,0,0,0,0,0,0,-273000,0,0,0,0,273000,-273000,-273000
065047,群創凱基9C購01  ,0,0,0,0,0,0,0,0,0,-273000,0,0,0,10000,283000,-273000,-273000
08333P,大立光富邦02售03,0,0,0,0,0,0,0,0,0,-274000,0,0,0,36000,310000,-274000,-274000
059087,台積電元大99購26,0,0,0,0,0,0,0,0,0,-274000,0,0,0,2000,276000,-274000,-274000
066252,南港元大01購02  ,0,0,0,0,0,0,0,0,0,-275000,0,0,0,62000,337000,-275000,-275000
066857,大立光國票02購02,0,0,0,0,0,0,0,0,0,-275000,0,0,0,0,275000,-275000,-275000
056113,新日興兆豐98購01,0,0,0,0,0,0,0,0,0,-275000,0,0,0,94000,369000,-275000,-275000
065495,上銀富邦01購02  ,0,0,0,0,0,0,0,0,0,-275000,0,0,0,76000,351000,-275000,-275000
058781,康友國票9A購01  ,0,0,0,0,0,0,0,0,0,-276000,0,0,0,205000,481000,-276000,-276000
061571,奇力新元大9A購03,0,0,0,0,0,0,0,0,0,-276000,0,0,0,0,276000,-276000,-276000
065227,金像電凱基9C購01,0,0,0,0,0,0,0,0,0,-276000,0,0,0,35000,311000,-276000,-276000
063724,亞德客元大9B購03,0,0,0,0,0,0,0,0,0,-276000,0,0,0,5000,281000,-276000,-276000
3037,欣興            ,8337000,7546829,790171,0,0,0,103000,1167000,-1064000,-3000,114000,54000,60000,32000,95000,-63000,-276829
057699,可成群益9A購02  ,0,0,0,0,0,0,0,0,0,-277000,0,0,0,1000,278000,-277000,-277000
063741,GIS元大9B購04   ,0,0,0,0,0,0,0,0,0,-277000,0,0,0,27000,304000,-277000,-277000
064753,英業達凱基9C購01,0,0,0,0,0,0,0,0,0,-277000,0,0,0,0,277000,-277000,-277000
059095,訊芯元大99購01  ,0,0,0,0,0,0,0,0,0,-278000,0,0,0,278000,556000,-278000,-278000
062986,T50反1中信02購01,0,0,0,0,0,0,0,0,0,-278000,0,0,0,998000,1276000,-278000,-278000
065673,嘉晶凱基01購02  ,0,0,0,0,0,0,0,0,0,-279000,0,0,0,6000,285000,-279000,-279000
067017,樺漢富邦04購01  ,0,0,0,0,0,0,0,0,0,-280000,0,0,0,0,280000,-280000,-280000
1604,聲寶            ,594000,889000,-295000,0,0,0,0,0,0,15000,15000,0,15000,0,0,0,-280000
058735,南茂永豐99購01  ,0,0,0,0,0,0,0,0,0,-280000,0,0,0,0,280000,-280000,-280000
062056,國巨統一9C購08  ,0,0,0,0,0,0,0,0,0,-280000,0,0,0,0,280000,-280000,-280000
064716,國巨統一9C購14  ,0,0,0,0,0,0,0,0,0,-280000,0,0,0,0,280000,-280000,-280000
064906,台表科群益9C購02,0,0,0,0,0,0,0,0,0,-280000,0,0,0,85000,365000,-280000,-280000
063484,達方元大9B購01  ,0,0,0,0,0,0,0,0,0,-280000,0,0,0,157000,437000,-280000,-280000
1409,新纖            ,654000,936996,-282996,0,0,0,0,0,0,2000,2000,0,2000,0,0,0,-280996
052542,友達元富98購01  ,0,0,0,0,0,0,0,0,0,-281000,0,0,0,108000,389000,-281000,-281000
058929,可成統一9C購01  ,0,0,0,0,0,0,0,0,0,-281000,0,0,0,1000,282000,-281000,-281000
066199,金像電統一02購01,0,0,0,0,0,0,0,0,0,-282000,0,0,0,192000,474000,-282000,-282000
066175,聯鈞凱基01購01  ,0,0,0,0,0,0,0,0,0,-282000,0,0,0,0,282000,-282000,-282000
056937,智原元富98購01  ,0,0,0,0,0,0,0,0,0,-282000,0,0,0,20000,302000,-282000,-282000
062578,超眾群益9B購01  ,0,0,0,0,0,0,0,0,0,-282000,0,0,0,0,282000,-282000,-282000
065756,緯創元大9C購05  ,0,0,0,0,0,0,0,0,0,-282000,0,0,0,336000,618000,-282000,-282000
4532,瑞智            ,100000,389000,-289000,0,0,0,0,0,0,7000,7000,0,7000,0,0,0,-282000
062761,嘉晶凱基9C購01  ,0,0,0,0,0,0,0,0,0,-283000,0,0,0,15000,298000,-283000,-283000
064346,貿聯元大01購01  ,0,0,0,0,0,0,0,0,0,-283000,0,0,0,44000,327000,-283000,-283000
07670P,茂林元大9A售02  ,0,0,0,0,0,0,0,0,0,-284000,0,0,0,0,284000,-284000,-284000
064440,大立光凱基03購03,0,0,0,0,0,0,0,0,0,-285000,0,0,0,0,285000,-285000,-285000
8131,福懋科          ,36000,227000,-191000,0,0,0,0,0,0,-94000,42000,129000,-87000,0,7000,-7000,-285000
058366,元大金凱基99購01,0,0,0,0,0,0,0,0,0,-286000,0,0,0,39000,325000,-286000,-286000
062407,同欣電永豐9B購01,0,0,0,0,0,0,0,0,0,-286000,0,0,0,37000,323000,-286000,-286000
061865,力山元大9B購01  ,0,0,0,0,0,0,0,0,0,-286000,0,0,0,160000,446000,-286000,-286000
064144,智邦統一01購02  ,0,0,0,0,0,0,0,0,0,-286000,0,0,0,77000,363000,-286000,-286000
065821,億豐元富03購01  ,0,0,0,0,0,0,0,0,0,-286000,0,0,0,13000,299000,-286000,-286000
064837,TPK統一9C購02   ,0,0,0,0,0,0,0,0,0,-286000,0,0,0,10000,296000,-286000,-286000
053798,台積電中信98購02,0,0,0,0,0,0,0,0,0,-287000,0,0,0,20000,307000,-287000,-287000
057667,可成元大99購01  ,0,0,0,0,0,0,0,0,0,-287000,0,0,0,119000,406000,-287000,-287000
063020,奇力新元大9B購04,0,0,0,0,0,0,0,0,0,-287000,0,0,0,0,287000,-287000,-287000
065829,嘉晶凱基9C購05  ,0,0,0,0,0,0,0,0,0,-287000,0,0,0,15000,302000,-287000,-287000
064273,華邦電元大9C購02,0,0,0,0,0,0,0,0,0,-287000,0,0,0,10000,297000,-287000,-287000
060686,康友元大9A購02  ,0,0,0,0,0,0,0,0,0,-288000,0,0,0,102000,390000,-288000,-288000
064379,TPK元富9C購01   ,0,0,0,0,0,0,0,0,0,-288000,0,0,0,10000,298000,-288000,-288000
064674,鈺齊元大9C購01  ,0,0,0,0,0,0,0,0,0,-288000,0,0,0,163000,451000,-288000,-288000
066306,亞聚永豐01購01  ,0,0,0,0,0,0,0,0,0,-289000,0,0,0,0,289000,-289000,-289000
066792,T50反1凱基01購03,0,0,0,0,0,0,0,0,0,-289000,0,0,0,0,289000,-289000,-289000
066494,旺宏國泰03購01  ,0,0,0,0,0,0,0,0,0,-289000,0,0,0,200000,489000,-289000,-289000
057792,群創統一99購01  ,0,0,0,0,0,0,0,0,0,-289000,0,0,0,10000,299000,-289000,-289000
060699,華新科國泰9B購03,0,0,0,0,0,0,0,0,0,-289000,0,0,0,0,289000,-289000,-289000
063289,台表科元大9B購07,0,0,0,0,0,0,0,0,0,-289000,0,0,0,22000,311000,-289000,-289000
07087P,聯發科台新99售02,0,0,0,0,0,0,0,0,0,-290000,0,0,0,0,290000,-290000,-290000
066185,松翰凱基01購01  ,0,0,0,0,0,0,0,0,0,-290000,0,0,0,147000,437000,-290000,-290000
08019P,緯穎國票9B售02  ,0,0,0,0,0,0,0,0,0,-290000,0,0,0,44000,334000,-290000,-290000
053449,超眾凱基98購01  ,0,0,0,0,0,0,0,0,0,-290000,0,0,0,10000,300000,-290000,-290000
062026,華邦電群益9B購01,0,0,0,0,0,0,0,0,0,-290000,0,0,0,31000,321000,-290000,-290000
061267,玉山金凱基9B購01,0,0,0,0,0,0,0,0,0,-290000,0,0,0,0,290000,-290000,-290000
063968,新光金國票01購01,0,0,0,0,0,0,0,0,0,-290000,0,0,0,0,290000,-290000,-290000
063205,貿聯統一9C購01  ,0,0,0,0,0,0,0,0,0,-291000,0,0,0,6000,297000,-291000,-291000
064619,南亞科元大9C購05,0,0,0,0,0,0,0,0,0,-291000,0,0,0,38000,329000,-291000,-291000
064490,金像電元大9C購02,0,0,0,0,0,0,0,0,0,-292000,0,0,0,150000,442000,-292000,-292000
066113,金像電兆豐01購01,0,0,0,0,0,0,0,0,0,-293000,0,0,0,331000,624000,-293000,-293000
063570,嘉晶元大9C購02  ,0,0,0,0,0,0,0,0,0,-294000,0,0,0,36000,330000,-294000,-294000
046629,群創統一98購01  ,0,0,0,0,0,0,0,0,0,-295000,0,0,0,162000,457000,-295000,-295000
064398,聚陽凱基01購01  ,0,0,0,0,0,0,0,0,0,-295000,0,0,0,146000,441000,-295000,-295000
065214,友達國泰01購01  ,0,0,0,0,0,0,0,0,0,-295000,0,0,0,0,295000,-295000,-295000
065659,華新科永豐9C購04,0,0,0,0,0,0,0,0,0,-295000,0,0,0,12000,307000,-295000,-295000
059814,SP黃豆凱基9A購02,0,0,0,0,0,0,0,0,0,-296000,0,0,0,0,296000,-296000,-296000
064763,祥碩凱基02購01  ,0,0,0,0,0,0,0,0,0,-296000,0,0,0,279000,575000,-296000,-296000
065844,南亞科元大9C購09,0,0,0,0,0,0,0,0,0,-297000,0,0,0,99000,396000,-297000,-297000
065349,玉晶光統一9C購05,0,0,0,0,0,0,0,0,0,-297000,0,0,0,288000,585000,-297000,-297000
6416,瑞祺電通        ,184000,666000,-482000,0,0,0,290000,0,290000,-105000,22000,105000,-83000,15000,37000,-22000,-297000
053117,大立光中信9A購02,0,0,0,0,0,0,0,0,0,-298000,0,0,0,0,298000,-298000,-298000
00757,統一FANG+       ,3000,0,3000,0,0,0,0,0,0,-301000,0,0,0,221000,522000,-301000,-298000
058067,台積電第一9C購01,0,0,0,0,0,0,0,0,0,-298000,0,0,0,153000,451000,-298000,-298000
060869,超眾永豐9A購02  ,0,0,0,0,0,0,0,0,0,-298000,0,0,0,0,298000,-298000,-298000
066629,國揚凱基01購01  ,0,0,0,0,0,0,0,0,0,-299000,0,0,0,0,299000,-299000,-299000
066745,瀚宇博元大01購01,0,0,0,0,0,0,0,0,0,-299000,0,0,0,50000,349000,-299000,-299000
058244,神達元大99購02  ,0,0,0,0,0,0,0,0,0,-299000,0,0,0,391000,690000,-299000,-299000
066506,宏達電富邦03購01,0,0,0,0,0,0,0,0,0,-300000,0,0,0,0,300000,-300000,-300000
057051,群創元大9B購03  ,0,0,0,0,0,0,0,0,0,-300000,0,0,0,0,300000,-300000,-300000
054527,國巨統一97購03  ,0,0,0,0,0,0,0,0,0,-300000,0,0,0,0,300000,-300000,-300000
064474,華新科麥證01購01,0,0,0,0,300000,-300000,0,0,0,-300000,0,0,0,0,300000,-300000,-300000
063940,國巨元大01購02  ,0,0,0,0,0,0,0,0,0,-300000,0,0,0,44000,344000,-300000,-300000
07889P,旭富國票9B售01  ,0,0,0,0,0,0,0,0,0,-301000,0,0,0,284000,585000,-301000,-301000
058640,台灣50麥證9A購01,0,0,0,23000,324000,-301000,0,0,0,-301000,0,0,0,23000,324000,-301000,-301000
07145P,為升元大99售03  ,0,0,0,0,0,0,0,0,0,-302000,0,0,0,163000,465000,-302000,-302000
058267,奇鋐永豐99購01  ,0,0,0,0,0,0,0,0,0,-302000,0,0,0,232000,534000,-302000,-302000
03840P,台積電統一99售02,0,0,0,0,0,0,0,0,0,-302000,0,0,0,0,302000,-302000,-302000
060313,淘帝永豐9A購01  ,0,0,0,0,0,0,0,0,0,-302000,0,0,0,0,302000,-302000,-302000
064371,矽格統一9C購02  ,0,0,0,0,0,0,0,0,0,-302000,0,0,0,21000,323000,-302000,-302000
065307,矽格元富9C購01  ,0,0,0,0,0,0,0,0,0,-302000,0,0,0,56000,358000,-302000,-302000
063262,南六富邦9C購01  ,0,0,0,0,0,0,0,0,0,-303000,0,0,0,191000,494000,-303000,-303000
6197,佳必琪          ,148015,452000,-303985,0,0,0,0,0,0,0,0,0,0,0,0,0,-303985
064553,臺指反群益9C購01,0,0,0,0,0,0,0,0,0,-304000,0,0,0,7000,311000,-304000,-304000
064198,超眾群益9C購01  ,0,0,0,0,0,0,0,0,0,-304000,0,0,0,16000,320000,-304000,-304000
063025,超眾元大9B購01  ,0,0,0,0,0,0,0,0,0,-305000,0,0,0,20000,325000,-305000,-305000
064059,新日興麥證01購01,0,0,0,0,305000,-305000,0,0,0,-305000,0,0,0,0,305000,-305000,-305000
064788,台汽電群益9C購01,0,0,0,0,0,0,0,0,0,-305000,0,0,0,40000,345000,-305000,-305000
8028,昇陽半導體      ,65000,136000,-71000,0,0,0,0,216000,-216000,-18000,1000,0,1000,0,19000,-19000,-305000
2414,精技            ,61000,366000,-305000,0,0,0,0,0,0,0,0,0,0,0,0,0,-305000
066081,文曄國泰03購01  ,0,0,0,0,0,0,0,0,0,-307000,0,0,0,4000,311000,-307000,-307000
063093,國產國票9B購01  ,0,0,0,0,0,0,0,0,0,-307000,0,0,0,66000,373000,-307000,-307000
064105,南茂群益9C購01  ,0,0,0,0,0,0,0,0,0,-307000,0,0,0,2000,309000,-307000,-307000
1905,華紙            ,171000,484000,-313000,0,0,0,0,0,0,6000,6000,0,6000,0,0,0,-307000
066047,嘉晶元大01購04  ,0,0,0,0,0,0,0,0,0,-308000,0,0,0,48000,356000,-308000,-308000
066637,瀚宇博凱基01購02,0,0,0,0,0,0,0,0,0,-308000,0,0,0,0,308000,-308000,-308000
057576,南亞科第一9C購01,0,0,0,0,0,0,0,0,0,-308000,0,0,0,0,308000,-308000,-308000
060124,奇力新永豐99購03,0,0,0,0,0,0,0,0,0,-308000,0,0,0,0,308000,-308000,-308000
065033,和碩兆豐9C購01  ,0,0,0,0,0,0,0,0,0,-308000,0,0,0,0,308000,-308000,-308000
066118,台郡兆豐01購01  ,0,0,0,0,0,0,0,0,0,-309000,0,0,0,0,309000,-309000,-309000
057716,神達統一98購01  ,0,0,0,0,0,0,0,0,0,-309000,0,0,0,185000,494000,-309000,-309000
060956,超眾群益9A購01  ,0,0,0,0,0,0,0,0,0,-309000,0,0,0,16000,325000,-309000,-309000
066160,美利達康和01購01,0,0,0,0,0,0,0,0,0,-310000,0,0,0,160000,470000,-310000,-310000
066556,和鑫元大01購01  ,0,0,0,0,0,0,0,0,0,-310000,0,0,0,0,310000,-310000,-310000
07708P,玉晶光元大9A售13,0,0,0,0,0,0,0,0,0,-311000,0,0,0,50000,361000,-311000,-311000
060243,潤泰全元大9C購02,0,0,0,0,0,0,0,0,0,-311000,0,0,0,0,311000,-311000,-311000
064706,嘉晶富邦01購01  ,0,0,0,0,0,0,0,0,0,-311000,0,0,0,1000,312000,-311000,-311000
066238,聯鈞富邦03購01  ,0,0,0,0,0,0,0,0,0,-312000,0,0,0,10000,322000,-312000,-312000
061610,力成統一9C購01  ,0,0,0,0,0,0,0,0,0,-312000,0,0,0,282000,594000,-312000,-312000
063673,GIS統一9C購02   ,0,0,0,0,0,0,0,0,0,-312000,0,0,0,0,312000,-312000,-312000
2855,統一證          ,139000,451000,-312000,0,0,0,0,0,0,0,0,0,0,0,0,0,-312000
066297,美利達元大01購01,0,0,0,0,0,0,0,0,0,-313000,0,0,0,173000,486000,-313000,-313000
061587,美律富邦9A購02  ,0,0,0,0,0,0,0,0,0,-313000,0,0,0,106000,419000,-313000,-313000
062416,和大統一01購02  ,0,0,0,0,0,0,0,0,0,-314000,0,0,0,177000,491000,-314000,-314000
065437,台表科凱基9C購03,0,0,0,0,0,0,0,0,0,-314000,0,0,0,0,314000,-314000,-314000
6209,今國光          ,344000,660000,-316000,0,0,0,0,0,0,2000,2000,0,2000,0,0,0,-314000
066743,和碩元大01購01  ,0,0,0,0,0,0,0,0,0,-315000,0,0,0,0,315000,-315000,-315000
062360,華邦電元大9B購01,0,0,0,0,0,0,0,0,0,-315000,0,0,0,191000,506000,-315000,-315000
066384,訊芯康和01購01  ,0,0,0,0,0,0,0,0,0,-316000,0,0,0,1000,317000,-316000,-316000
2369,菱生            ,241000,560000,-319000,0,0,0,0,0,0,3000,3000,0,3000,0,0,0,-316000
066389,南港凱基01購01  ,0,0,0,0,0,0,0,0,0,-317000,0,0,0,46000,363000,-317000,-317000
061184,大立光國泰9C購01,0,0,0,0,0,0,0,0,0,-317000,0,0,0,6000,323000,-317000,-317000
064911,光寶科統一02購01,0,0,0,0,0,0,0,0,0,-318000,0,0,0,6000,324000,-318000,-318000
060761,南亞科元大9A購05,0,0,0,0,0,0,0,0,0,-319000,0,0,0,2000,321000,-319000,-319000
065847,嘉晶元大9C購03  ,0,0,0,0,0,0,0,0,0,-319000,0,0,0,32000,351000,-319000,-319000
08463P,台灣50國泰02售02,0,0,0,0,0,0,0,0,0,-320000,0,0,0,0,320000,-320000,-320000
060632,可成富邦9B購01  ,0,0,0,0,0,0,0,0,0,-321000,0,0,0,135000,456000,-321000,-321000
065159,臻鼎群益9C購02  ,0,0,0,0,0,0,0,0,0,-321000,0,0,0,140000,461000,-321000,-321000
065141,國巨凱基9C購10  ,0,0,0,0,0,0,0,0,0,-322000,0,0,0,55000,377000,-322000,-322000
065849,景碩元大9C購03  ,0,0,0,0,0,0,0,0,0,-322000,0,0,0,71000,393000,-322000,-322000
065364,國巨元大9C購18  ,0,0,0,0,0,0,0,0,0,-322000,0,0,0,76000,398000,-322000,-322000
066584,滬深2X群益03購01,0,0,0,0,0,0,0,0,0,-323000,0,0,0,2000,325000,-323000,-323000
060134,鈺齊群益9A購01  ,0,0,0,0,0,0,0,0,0,-323000,0,0,0,0,323000,-323000,-323000
058794,旺宏元大99購09  ,0,0,0,0,0,0,0,0,0,-324000,0,0,0,69000,393000,-324000,-324000
064354,同欣電元大9C購05,0,0,0,0,0,0,0,0,0,-324000,0,0,0,103000,427000,-324000,-324000
064493,南亞科元大9C購01,0,0,0,0,0,0,0,0,0,-325000,0,0,0,37000,362000,-325000,-325000
08261P,玉晶光元大9C售08,0,0,0,0,0,0,0,0,0,-326000,0,0,0,0,326000,-326000,-326000
066288,晶碩元大01購01  ,0,0,0,0,0,0,0,0,0,-327000,0,0,0,228000,555000,-327000,-327000
065677,南亞科統一03購02,5000,0,5000,0,0,0,0,0,0,-332000,0,0,0,315000,647000,-332000,-327000
064627,矽格元大9C購01  ,0,0,0,0,0,0,0,0,0,-327000,0,0,0,195000,522000,-327000,-327000
08726P,台積電群益01售07,10000,0,10000,0,0,0,0,0,0,-338000,0,0,0,40000,378000,-338000,-328000
065450,同欣電統一01購03,0,0,0,0,0,0,0,0,0,-328000,0,0,0,149000,477000,-328000,-328000
065613,GIS元大9C購08   ,0,0,0,0,0,0,0,0,0,-329000,0,0,0,18000,347000,-329000,-329000
065207,奇力新國票9C購02,0,0,0,0,0,0,0,0,0,-329000,0,0,0,6000,335000,-329000,-329000
064323,滬深2X元大9C購09,0,0,0,0,0,0,0,0,0,-329000,0,0,0,94000,423000,-329000,-329000
08234P,華擎元富9B售03  ,0,0,0,0,0,0,0,0,0,-330000,0,0,0,0,330000,-330000,-330000
066345,正文永豐01購01  ,0,0,0,0,0,0,0,0,0,-330000,0,0,0,5000,335000,-330000,-330000
062939,奇力新凱基9B購02,0,0,0,0,0,0,0,0,0,-331000,0,0,0,6000,337000,-331000,-331000
064467,南亞科元富9C購02,0,0,0,0,0,0,0,0,0,-331000,0,0,0,44000,375000,-331000,-331000
064243,TPK統一02購02   ,0,0,0,0,0,0,0,0,0,-333000,0,0,0,0,333000,-333000,-333000
4960,誠美材          ,1050000,1386000,-336000,0,0,0,0,0,0,3000,3000,0,3000,0,0,0,-333000
059288,旺宏元富99購03  ,0,0,0,0,0,0,0,0,0,-334000,0,0,0,0,334000,-334000,-334000
1227,佳格            ,302000,640000,-338000,0,0,0,0,0,0,3000,3000,0,3000,0,0,0,-335000
054569,GIS群益98購01   ,0,0,0,0,0,0,0,0,0,-335000,0,0,0,0,335000,-335000,-335000
03449B,臺股指元大01熊01,0,0,0,0,0,0,0,0,0,-335000,0,0,0,15000,350000,-335000,-335000
064809,冠德元大9C購01  ,0,0,0,0,0,0,0,0,0,-335000,0,0,0,99000,434000,-335000,-335000
058004,大立光群益98購03,0,0,0,0,0,0,0,0,0,-336000,0,0,0,61000,397000,-336000,-336000
066738,聯鈞元大01購05  ,0,0,0,0,0,0,0,0,0,-337000,0,0,0,0,337000,-337000,-337000
065719,T50反1兆豐9C購01,0,0,0,0,0,0,0,0,0,-338000,0,0,0,70000,408000,-338000,-338000
066570,力成元大02購01  ,0,0,0,0,0,0,0,0,0,-340000,0,0,0,0,340000,-340000,-340000
066388,力山凱基01購02  ,0,0,0,0,0,0,0,0,0,-340000,0,0,0,1000,341000,-340000,-340000
062651,世紀鋼富邦9C購01,0,0,0,0,0,0,0,0,0,-340000,0,0,0,0,340000,-340000,-340000
063027,台汽電元大9B購01,0,0,0,0,0,0,0,0,0,-340000,0,0,0,17000,357000,-340000,-340000
062018,台勝科永豐9B購01,0,0,0,0,0,0,0,0,0,-341000,0,0,0,0,341000,-341000,-341000
06721P,臺股指中信9A售03,0,0,0,0,0,0,0,0,0,-342000,0,0,0,166000,508000,-342000,-342000
065850,緯創元大9C購06  ,0,0,0,0,0,0,0,0,0,-343000,0,0,0,277000,620000,-343000,-343000
6206,飛捷            ,10000,353000,-343000,0,0,0,0,0,0,0,0,0,0,0,0,0,-343000
1314,中石化          ,705000,1042000,-337000,0,0,0,0,3000,-3000,-4000,5000,36000,-31000,28000,1000,27000,-344000
064605,GIS元富9C購01   ,0,0,0,0,0,0,0,0,0,-344000,0,0,0,0,344000,-344000,-344000
064253,貿聯元富9C購01  ,0,0,0,0,0,0,0,0,0,-344000,0,0,0,30000,374000,-344000,-344000
064538,鈺齊國票01購01  ,0,0,0,0,0,0,0,0,0,-344000,0,0,0,35000,379000,-344000,-344000
08410P,臺股指元大9C售16,0,0,0,0,0,0,0,0,0,-345000,0,0,0,115000,460000,-345000,-345000
059922,大立光元大99購25,0,0,0,0,0,0,0,0,0,-345000,0,0,0,18000,363000,-345000,-345000
064159,新日興統一01購02,0,0,0,0,0,0,0,0,0,-345000,0,0,0,150000,495000,-345000,-345000
066810,瀚宇博凱基02購01,0,0,0,0,0,0,0,0,0,-347000,0,0,0,25000,372000,-347000,-347000
065996,T50反1第一01購01,0,0,0,0,0,0,0,0,0,-347000,0,0,0,40000,387000,-347000,-347000
063380,台表科永豐9B購03,0,0,0,0,0,0,0,0,0,-347000,0,0,0,71000,418000,-347000,-347000
064848,金像電元富9C購02,0,0,0,0,0,0,0,0,0,-347000,0,0,0,256000,603000,-347000,-347000
066089,文曄永豐01購01  ,0,0,0,0,0,0,0,0,0,-348000,0,0,0,0,348000,-348000,-348000
2501,國建            ,121000,475000,-354000,0,0,0,0,0,0,5000,5000,0,5000,0,0,0,-349000
3029,零壹            ,171000,521000,-350000,0,0,0,0,0,0,-1000,1000,2000,-1000,0,0,0,-351000
066796,台積電凱基02購08,0,0,0,0,0,0,0,0,0,-352000,0,0,0,0,352000,-352000,-352000
063984,華邦電國泰02購01,0,0,0,0,0,0,0,0,0,-352000,0,0,0,158000,510000,-352000,-352000
062228,南六統一02購01  ,0,0,0,0,0,0,0,0,0,-353000,0,0,0,60000,413000,-353000,-353000
060413,東元永豐9A購01  ,0,0,0,0,0,0,0,0,0,-354000,0,0,0,151000,505000,-354000,-354000
064138,亞德客統一01購02,0,0,0,0,0,0,0,0,0,-354000,0,0,0,112000,466000,-354000,-354000
064893,金像電群益01購02,0,0,0,0,0,0,0,0,0,-354000,0,0,0,224000,578000,-354000,-354000
05995P,T50正2中信9C售01,0,0,0,0,0,0,0,0,0,-355000,0,0,0,20000,375000,-355000,-355000
066141,盛群群益01購01  ,0,0,0,0,0,0,0,0,0,-356000,0,0,0,10000,366000,-356000,-356000
2049,上銀            ,655000,1027000,-372000,0,0,0,0,0,0,16000,19000,6000,13000,14000,11000,3000,-356000
066817,瀚宇博兆豐03購01,0,0,0,0,0,0,0,0,0,-358000,0,0,0,0,358000,-358000,-358000
03414B,臺股指凱基99熊01,70000,0,70000,0,0,0,0,0,0,-428000,0,0,0,1451000,1879000,-428000,-358000
046383,群創凱基98購01  ,0,0,0,0,0,0,0,0,0,-358000,0,0,0,0,358000,-358000,-358000
065343,智邦統一01購03  ,0,0,0,0,0,0,0,0,0,-358000,0,0,0,69000,427000,-358000,-358000
065336,華新統一02購01  ,0,0,0,0,0,0,0,0,0,-359000,0,0,0,40000,399000,-359000,-359000
063994,台光電群益9C購01,0,0,0,0,0,0,0,0,0,-359000,0,0,0,10000,369000,-359000,-359000
054318,台虹凱基98購01  ,0,0,0,0,0,0,0,0,0,-360000,0,0,0,10000,370000,-360000,-360000
052847,漢唐統一99購01  ,0,0,0,0,0,0,0,0,0,-360000,0,0,0,12000,372000,-360000,-360000
062143,大成鋼國票9B購01,0,0,0,0,0,0,0,0,0,-361000,0,0,0,17000,378000,-361000,-361000
065763,台表科元大9C購14,0,0,0,0,0,0,0,0,0,-361000,0,0,0,29000,390000,-361000,-361000
5471,松翰            ,947000,1294000,-347000,0,0,0,0,0,0,-14000,0,0,0,18000,32000,-14000,-361000
5522,遠雄            ,116000,401000,-285000,0,0,0,0,78000,-78000,1000,1000,0,1000,0,0,0,-362000
065463,大立光中信01購02,0,0,0,0,0,0,0,0,0,-363000,0,0,0,371000,734000,-363000,-363000
065904,群創富邦02購01  ,0,0,0,0,0,0,0,0,0,-364000,0,0,0,20000,384000,-364000,-364000
062207,牧德國票9B購02  ,0,0,0,0,0,0,0,0,0,-364000,0,0,0,75000,439000,-364000,-364000
064612,聯電元大01購01  ,0,0,0,0,0,0,0,0,0,-364000,0,0,0,370000,734000,-364000,-364000
5876,上海商銀        ,2106028,2474377,-368349,0,0,0,0,0,0,3000,2000,5000,-3000,74000,68000,6000,-365349
1720,生達            ,184000,540000,-356000,0,0,0,0,0,0,-10000,0,0,0,2000,12000,-10000,-366000
066291,惠特元大01購01  ,0,0,0,0,0,0,0,0,0,-367000,0,0,0,416000,783000,-367000,-367000
065672,嘉晶凱基01購01  ,0,0,0,0,0,0,0,0,0,-369000,0,0,0,3000,372000,-369000,-369000
063488,金像電國泰01購01,0,0,0,0,0,0,0,0,0,-369000,0,0,0,876000,1245000,-369000,-369000
063849,奇鋐元大9C購01  ,0,0,0,0,0,0,0,0,0,-369000,0,0,0,179000,548000,-369000,-369000
058284,滬深反群益01購01,0,0,0,0,0,0,0,0,0,-370000,0,0,0,0,370000,-370000,-370000
5521,工信            ,410000,780000,-370000,0,0,0,0,0,0,0,0,0,0,0,0,0,-370000
065871,南亞科群益9C購03,0,0,0,0,0,0,0,0,0,-371000,0,0,0,90000,461000,-371000,-371000
059509,奇力新永豐99購02,0,0,0,0,0,0,0,0,0,-371000,0,0,0,30000,401000,-371000,-371000
061032,金像電永豐9A購03,0,0,0,0,0,0,0,0,0,-371000,0,0,0,115000,486000,-371000,-371000
063022,嘉晶元大9B購04  ,0,0,0,0,0,0,0,0,0,-371000,0,0,0,18000,389000,-371000,-371000
066501,鴻海富邦03購01  ,0,0,0,0,0,0,0,0,0,-372000,0,0,0,250000,622000,-372000,-372000
061374,力山永豐9A購04  ,0,0,0,0,0,0,0,0,0,-372000,0,0,0,0,372000,-372000,-372000
064684,巨大兆豐9C購01  ,0,0,0,0,0,0,0,0,0,-372000,0,0,0,98000,470000,-372000,-372000
064894,漢唐群益9C購02  ,0,0,0,0,0,0,0,0,0,-373000,0,0,0,45000,418000,-373000,-373000
064975,南亞科元大9C購07,0,0,0,0,0,0,0,0,0,-373000,0,0,0,0,373000,-373000,-373000
066429,矽格元大01購01  ,0,0,0,0,0,0,0,0,0,-374000,0,0,0,79000,453000,-374000,-374000
064037,寶成元大9C購02  ,0,0,0,0,0,0,0,0,0,-374000,0,0,0,0,374000,-374000,-374000
066359,潤泰新永豐01購01,0,0,0,0,0,0,0,0,0,-375000,0,0,0,0,375000,-375000,-375000
061468,神達群益9A購01  ,0,0,0,0,0,0,0,0,0,-375000,0,0,0,137000,512000,-375000,-375000
062561,瀚宇博凱基9B購01,0,0,0,0,0,0,0,0,0,-376000,0,0,0,280000,656000,-376000,-376000
062383,大立光國泰01購01,0,0,0,0,0,0,0,0,0,-376000,0,0,0,20000,396000,-376000,-376000
064909,華擎麥證9C購01  ,0,0,0,105000,376000,-271000,0,0,0,-376000,0,0,0,105000,481000,-376000,-376000
3443,創意            ,755000,1228000,-473000,0,0,0,53000,0,53000,44000,122000,101000,21000,34000,11000,23000,-376000
066327,強茂永豐01購01  ,0,0,0,0,0,0,0,0,0,-377000,0,0,0,0,377000,-377000,-377000
066486,台光電元富01購02,0,0,0,0,0,0,0,0,0,-377000,0,0,0,0,377000,-377000,-377000
064374,旺宏元富9C購01  ,0,0,0,0,0,0,0,0,0,-377000,0,0,0,0,377000,-377000,-377000
066469,申豐統一02購02  ,0,0,0,0,0,0,0,0,0,-378000,0,0,0,70000,448000,-378000,-378000
063409,GIS國票9C購02   ,0,0,0,0,0,0,0,0,0,-378000,0,0,0,0,378000,-378000,-378000
065371,漢唐元大01購01  ,0,0,0,0,0,0,0,0,0,-378000,0,0,0,183000,561000,-378000,-378000
1609,大亞            ,138000,516000,-378000,0,0,0,0,1000,-1000,0,0,0,0,0,0,0,-379000
064970,東元元大9C購01  ,0,0,0,0,0,0,0,0,0,-379000,0,0,0,121000,500000,-379000,-379000
063933,TPK統一01購01   ,0,0,0,0,0,0,0,0,0,-379000,0,0,0,20000,399000,-379000,-379000
061549,泰碩群益9A購01  ,0,0,0,0,0,0,0,0,0,-380000,0,0,0,58000,438000,-380000,-380000
062393,智邦富邦9B購01  ,0,0,0,0,0,0,0,0,0,-380000,0,0,0,21000,401000,-380000,-380000
060259,潤泰全凱基9C購01,0,0,0,0,0,0,0,0,0,-380000,0,0,0,110000,490000,-380000,-380000
063568,高鐵元大9B購01  ,0,0,0,0,0,0,0,0,0,-380000,0,0,0,3000,383000,-380000,-380000
064375,智邦元富03購01  ,0,0,0,0,0,0,0,0,0,-380000,0,0,0,98000,478000,-380000,-380000
061996,矽格元大9B購01  ,0,0,0,0,0,0,0,0,0,-382000,0,0,0,26000,408000,-382000,-382000
6176,瑞儀            ,668000,639571,28429,0,0,0,0,361000,-361000,-50000,59000,66000,-7000,1000,44000,-43000,-382571
060759,南亞科元大9A購03,0,0,0,0,0,0,0,0,0,-384000,0,0,0,0,384000,-384000,-384000
064421,技嘉兆豐01購01  ,0,0,0,0,0,0,0,0,0,-384000,0,0,0,380000,764000,-384000,-384000
065169,華邦電元大9C購03,0,0,0,0,0,0,0,0,0,-387000,0,0,0,156000,543000,-387000,-387000
6139,亞翔            ,488000,876000,-388000,0,0,0,0,0,0,1000,1000,0,1000,0,0,0,-387000
08299P,玉晶光國票02售01,0,0,0,0,0,0,0,0,0,-388000,0,0,0,0,388000,-388000,-388000
060788,嘉晶富邦9B購01  ,0,0,0,0,0,0,0,0,0,-389000,0,0,0,0,389000,-389000,-389000
064842,南六統一9C購04  ,0,0,0,0,0,0,0,0,0,-389000,0,0,0,844000,1233000,-389000,-389000
3008,大立光          ,272922,614122,-341200,0,0,0,0,62000,-62000,14000,5000,8000,-3000,18000,1000,17000,-389200
058634,可成兆豐99購03  ,0,0,0,0,0,0,0,0,0,-390000,0,0,0,250000,640000,-390000,-390000
062344,力山群益9B購02  ,0,0,0,0,0,0,0,0,0,-390000,0,0,0,0,390000,-390000,-390000
064916,玉山金統一02購01,0,0,0,0,0,0,0,0,0,-391000,0,0,0,79000,470000,-391000,-391000
07048P,台積電中信03售01,0,0,0,0,0,0,0,0,0,-394000,0,0,0,47000,441000,-394000,-394000
054098,嘉晶國票97購04  ,0,0,0,0,0,0,0,0,0,-394000,0,0,0,0,394000,-394000,-394000
1733,五鼎            ,43000,444000,-401000,0,0,0,0,0,0,7000,12000,5000,7000,0,0,0,-394000
057385,光罩永豐99購01  ,0,0,0,0,0,0,0,0,0,-395000,0,0,0,2000,397000,-395000,-395000
062817,富邦金兆豐9B購01,0,0,0,0,0,0,0,0,0,-395000,0,0,0,208000,603000,-395000,-395000
065258,華邦電元大01購01,0,0,0,0,0,0,0,0,0,-395000,0,0,0,200000,595000,-395000,-395000
064366,群創統一01購01  ,0,0,0,0,0,0,0,0,0,-395000,0,0,0,6000,401000,-395000,-395000
063476,台表科元大9C購03,0,0,0,0,0,0,0,0,0,-395000,0,0,0,102000,497000,-395000,-395000
062722,京元電凱基9B購02,0,0,0,0,0,0,0,0,0,-398000,0,0,0,52000,450000,-398000,-398000
065526,台表科群益9C購03,0,0,0,0,0,0,0,0,0,-398000,0,0,0,277000,675000,-398000,-398000
066571,矽格元大01購02  ,0,0,0,0,0,0,0,0,0,-402000,0,0,0,14000,416000,-402000,-402000
066630,東森凱基01購01  ,0,0,0,0,0,0,0,0,0,-402000,0,0,0,0,402000,-402000,-402000
063124,奇力新元大9B購05,0,0,0,0,0,0,0,0,0,-402000,0,0,0,0,402000,-402000,-402000
055205,京鼎中信99購01  ,0,0,0,0,0,0,0,0,0,-403000,0,0,0,149000,552000,-403000,-403000
055449,超眾統一9A購01  ,0,0,0,0,0,0,0,0,0,-404000,0,0,0,0,404000,-404000,-404000
050077,臺股指凱基99購02,0,0,0,0,0,0,0,0,0,-405000,0,0,0,688000,1093000,-405000,-405000
059261,華邦電中信01購01,0,0,0,0,0,0,0,0,0,-405000,0,0,0,39000,444000,-405000,-405000
063330,神達國票9C購01  ,0,0,0,0,0,0,0,0,0,-406000,0,0,0,87000,493000,-406000,-406000
3698,隆達            ,409000,951000,-542000,0,0,0,0,0,0,136000,141000,4000,137000,0,1000,-1000,-406000
07634P,金像電元大9A售01,0,0,0,0,0,0,0,0,0,-407000,0,0,0,173000,580000,-407000,-407000
058184,鴻海永豐99購01  ,0,0,0,0,0,0,0,0,0,-407000,0,0,0,30000,437000,-407000,-407000
064597,鴻海元富9C購03  ,0,0,0,0,0,0,0,0,0,-407000,0,0,0,998000,1405000,-407000,-407000
064705,新光金富邦01購01,0,0,0,0,0,0,0,0,0,-408000,0,0,0,0,408000,-408000,-408000
08748P,台積電元富07售02,0,0,0,0,0,0,0,0,0,-409000,0,0,0,100000,509000,-409000,-409000
066421,國產元大01購01  ,0,0,0,0,0,0,0,0,0,-409000,0,0,0,81000,490000,-409000,-409000
066281,眾達元大02購01  ,0,0,0,0,0,0,0,0,0,-410000,0,0,0,374000,784000,-410000,-410000
061421,台積電元大9A購29,10000,0,10000,0,0,0,0,0,0,-420000,0,0,0,0,420000,-420000,-410000
066232,聯強富邦03購01  ,0,0,0,0,0,0,0,0,0,-411000,0,0,0,11000,422000,-411000,-411000
061796,興勤永豐9B購01  ,0,0,0,0,0,0,0,0,0,-411000,0,0,0,76000,487000,-411000,-411000
066507,和碩富邦03購01  ,0,0,0,0,0,0,0,0,0,-412000,0,0,0,37000,449000,-412000,-412000
062539,可成國泰01購01  ,0,0,0,0,0,0,0,0,0,-412000,0,0,0,116000,528000,-412000,-412000
065540,台表科統一02購05,0,0,0,0,0,0,0,0,0,-412000,0,0,0,5000,417000,-412000,-412000
2801,彰銀            ,2508000,2880832,-372832,0,0,0,0,22000,-22000,-21000,1000,22000,-21000,0,0,0,-415832
057502,訊芯群益98購02  ,0,0,0,0,0,0,0,0,0,-416000,0,0,0,90000,506000,-416000,-416000
062008,南亞科國泰9C購01,0,0,0,0,0,0,0,0,0,-417000,0,0,0,384000,801000,-417000,-417000
063817,GIS群益9C購01   ,0,0,0,0,0,0,0,0,0,-417000,0,0,0,1000,418000,-417000,-417000
065981,超眾元大02購01  ,0,0,0,0,0,0,0,0,0,-418000,0,0,0,27000,445000,-418000,-418000
058699,楠梓電元大99購02,0,0,0,0,0,0,0,0,0,-418000,0,0,0,25000,443000,-418000,-418000
056146,台虹元大98購01  ,0,0,0,0,0,0,0,0,0,-419000,0,0,0,32000,451000,-419000,-419000
064466,聯電元富9C購01  ,0,0,0,0,0,0,0,0,0,-419000,0,0,0,447000,866000,-419000,-419000
065778,南亞科國泰01購01,0,0,0,0,0,0,0,0,0,-419000,0,0,0,0,419000,-419000,-419000
065210,健策國票01購03  ,0,0,0,0,0,0,0,0,0,-419000,0,0,0,30000,449000,-419000,-419000
2412,中華電          ,2469000,3025662,-556662,0,0,0,99000,14000,85000,52000,53000,0,53000,0,1000,-1000,-419662
060562,旺宏富邦9C購02  ,0,0,0,0,0,0,0,0,0,-420000,0,0,0,14000,434000,-420000,-420000
065472,華新元大01購01  ,0,0,0,0,0,0,0,0,0,-421000,0,0,0,20000,441000,-421000,-421000
058899,旺宏元大99購10  ,0,0,0,0,0,0,0,0,0,-423000,0,0,0,167000,590000,-423000,-423000
065608,緯創元大9C購04  ,0,0,0,0,0,0,0,0,0,-423000,0,0,0,105000,528000,-423000,-423000
066292,惠特元大01購02  ,0,0,0,0,0,0,0,0,0,-425000,0,0,0,209000,634000,-425000,-425000
064145,宏碁統一02購01  ,0,0,0,0,0,0,0,0,0,-427000,0,0,0,35000,462000,-427000,-427000
063290,GIS元大9B購02   ,0,0,0,0,0,0,0,0,0,-427000,0,0,0,5000,432000,-427000,-427000
2548,華固            ,82000,509000,-427000,0,0,0,0,0,0,0,0,0,0,0,0,0,-427000
063593,GIS永豐9B購01   ,0,0,0,0,0,0,0,0,0,-428000,0,0,0,0,428000,-428000,-428000
064665,南亞科元大9C購06,0,0,0,0,0,0,0,0,0,-428000,0,0,0,5000,433000,-428000,-428000
063874,志超永豐9C購01  ,0,0,0,0,0,0,0,0,0,-429000,0,0,0,0,429000,-429000,-429000
07943P,瑞昱元大9B售02  ,0,0,0,0,0,0,0,0,0,-430000,0,0,0,0,430000,-430000,-430000
064456,禾伸堂統一01購01,0,0,0,0,0,0,0,0,0,-430000,0,0,0,73000,503000,-430000,-430000
066694,深中小群益03購01,0,0,0,0,0,0,0,0,0,-431000,0,0,0,10000,441000,-431000,-431000
08110P,臺股指中信01售05,0,0,0,0,0,0,0,0,0,-434000,0,0,0,305000,739000,-434000,-434000
060123,光罩永豐99購02  ,0,0,0,0,0,0,0,0,0,-434000,0,0,0,0,434000,-434000,-434000
065448,緯創統一9C購01  ,0,0,0,0,0,0,0,0,0,-434000,0,0,0,95000,529000,-434000,-434000
066595,敦泰群益01購01  ,0,0,0,0,0,0,0,0,0,-435000,0,0,0,80000,515000,-435000,-435000
063895,新光金群益01購01,0,0,0,0,0,0,0,0,0,-437000,0,0,0,0,437000,-437000,-437000
066475,新光金麥證01購01,0,0,0,0,438000,-438000,0,0,0,-438000,0,0,0,0,438000,-438000,-438000
060783,亞德客富邦9B購01,0,0,0,0,0,0,0,0,0,-438000,0,0,0,245000,683000,-438000,-438000
064495,南亞科元大9C購03,0,0,0,0,0,0,0,0,0,-439000,0,0,0,20000,459000,-439000,-439000
058692,華邦電國票9B購01,0,0,0,0,0,0,0,0,0,-440000,0,0,0,20000,460000,-440000,-440000
064804,英業達元大9C購01,0,0,0,0,0,0,0,0,0,-440000,0,0,0,212000,652000,-440000,-440000
08214P,南六統一9B售03  ,0,0,0,0,0,0,0,0,0,-442000,0,0,0,58000,500000,-442000,-442000
060675,南亞科元大9A購02,0,0,0,0,0,0,0,0,0,-443000,0,0,0,20000,463000,-443000,-443000
065975,緯創元大02購01  ,0,0,0,0,0,0,0,0,0,-444000,0,0,0,157000,601000,-444000,-444000
065858,台表科元大03購01,0,0,0,0,0,0,0,0,0,-444000,0,0,0,134000,578000,-444000,-444000
1734,杏輝            ,32000,450000,-418000,0,0,0,0,0,0,-26000,4000,30000,-26000,0,0,0,-444000
03432B,臺股指凱基98熊13,0,0,0,0,0,0,0,0,0,-445000,0,0,0,307000,752000,-445000,-445000
060435,鈺齊永豐9A購01  ,0,0,0,0,0,0,0,0,0,-445000,0,0,0,30000,475000,-445000,-445000
4919,新唐            ,198000,615000,-417000,0,0,0,0,1000,-1000,-28000,8000,3000,5000,9000,42000,-33000,-446000
063671,GIS統一01購01   ,0,0,0,0,0,0,0,0,0,-447000,0,0,0,500000,947000,-447000,-447000
8112,至上            ,308000,756000,-448000,0,0,0,0,0,0,1000,1000,0,1000,0,0,0,-447000
2534,宏盛            ,26000,478200,-452200,0,0,0,0,0,0,5000,5000,0,5000,0,0,0,-447200
066465,同欣電統一01購05,0,0,0,0,0,0,0,0,0,-448000,0,0,0,21000,469000,-448000,-448000
3019,亞光            ,368000,821000,-453000,0,0,0,0,0,0,5000,42000,14000,28000,12000,35000,-23000,-448000
063345,嘉晶統一9C購02  ,0,0,0,0,0,0,0,0,0,-449000,0,0,0,6000,455000,-449000,-449000
057581,元大金中信9A購01,0,0,0,0,0,0,0,0,0,-454000,0,0,0,308000,762000,-454000,-454000
060183,南亞科元富9A購01,0,0,0,0,0,0,0,0,0,-455000,0,0,0,112000,567000,-455000,-455000
061903,宏全永豐9B購01  ,0,0,0,0,0,0,0,0,0,-455000,0,0,0,0,455000,-455000,-455000
063339,智邦統一01購01  ,0,0,0,0,0,0,0,0,0,-455000,0,0,0,55000,510000,-455000,-455000
3035,智原            ,680000,1124000,-444000,0,0,0,0,0,0,-11000,21000,65000,-44000,49000,16000,33000,-455000
06836P,玉晶光國票99售06,0,0,0,0,0,0,0,0,0,-456000,0,0,0,665000,1121000,-456000,-456000
066439,信錦群益02購01  ,0,0,0,0,0,0,0,0,0,-457000,0,0,0,0,457000,-457000,-457000
066206,聯鈞統一01購01  ,0,0,0,0,0,0,0,0,0,-457000,0,0,0,110000,567000,-457000,-457000
064810,嘉晶元大01購01  ,0,0,0,0,0,0,0,0,0,-457000,0,0,0,71000,528000,-457000,-457000
066084,國巨富邦05購01  ,0,0,0,0,0,0,0,0,0,-459000,0,0,0,0,459000,-459000,-459000
061969,大立光統一01購02,0,0,0,0,0,0,0,0,0,-459000,0,0,0,135000,594000,-459000,-459000
065580,鈺齊群益01購01  ,0,0,0,0,0,0,0,0,0,-459000,0,0,0,85000,544000,-459000,-459000
3049,和鑫            ,2090000,2566000,-476000,0,0,0,0,0,0,17000,4000,0,4000,13000,0,13000,-459000
065606,可成元大01購05  ,20000,0,20000,0,0,0,0,0,0,-483000,0,0,0,338000,821000,-483000,-463000
062807,和碩統一9B購01  ,0,0,0,0,0,0,0,0,0,-464000,0,0,0,1000,465000,-464000,-464000
066604,台郡富邦04購01  ,0,0,0,0,0,0,0,0,0,-465000,0,0,0,14000,479000,-465000,-465000
058714,美律統一9B購01  ,0,0,0,0,0,0,0,0,0,-466000,0,0,0,85000,551000,-466000,-466000
065682,健策統一9C購07  ,0,0,0,0,0,0,0,0,0,-469000,0,0,0,0,469000,-469000,-469000
066600,瀚宇博國泰03購01,0,0,0,0,0,0,0,0,0,-470000,0,0,0,33000,503000,-470000,-470000
057727,華邦電國泰9A購01,0,0,0,0,0,0,0,0,0,-471000,0,0,0,87000,558000,-471000,-471000
064153,中壽統一9C購01  ,0,0,0,0,0,0,0,0,0,-471000,0,0,0,35000,506000,-471000,-471000
064494,南亞科元大9C購02,0,0,0,0,0,0,0,0,0,-472000,0,0,0,25000,497000,-472000,-472000
058585,S&P正2中信9B購02,0,0,0,0,0,0,0,0,0,-474000,0,0,0,0,474000,-474000,-474000
064173,國產元富9C購01  ,0,0,0,0,0,0,0,0,0,-474000,0,0,0,105000,579000,-474000,-474000
065470,聚陽元大01購01  ,0,0,0,0,0,0,0,0,0,-474000,0,0,0,151000,625000,-474000,-474000
061673,仁寶元大9B購01  ,0,0,0,0,0,0,0,0,0,-475000,0,0,0,72000,547000,-475000,-475000
061003,南亞科兆豐9A購01,0,0,0,0,0,0,0,0,0,-476000,0,0,0,426000,902000,-476000,-476000
059123,訊芯永豐99購03  ,0,0,0,0,0,0,0,0,0,-477000,0,0,0,0,477000,-477000,-477000
066188,訊芯凱基01購01  ,0,0,0,0,0,0,0,0,0,-478000,0,0,0,22000,500000,-478000,-478000
066346,眾達永豐01購01  ,0,0,0,0,0,0,0,0,0,-478000,0,0,0,380000,858000,-478000,-478000
064730,超眾統一02購02  ,0,0,0,0,0,0,0,0,0,-478000,0,0,0,68000,546000,-478000,-478000
056096,超眾元富9A購01  ,0,0,0,0,0,0,0,0,0,-479000,0,0,0,13000,492000,-479000,-479000
00656R,國泰中國A50反1  ,0,197000,-197000,0,0,0,0,0,0,-282000,0,0,0,215000,497000,-282000,-479000
065279,T50反1群益9C購03,0,0,0,0,0,0,0,0,0,-479000,0,0,0,1018000,1497000,-479000,-479000
065973,嘉晶元大01購03  ,0,0,0,0,0,0,0,0,0,-481000,0,0,0,98000,579000,-481000,-481000
066237,京鼎富邦04購01  ,254000,20000,234000,0,0,0,0,0,0,-716000,0,0,0,57000,773000,-716000,-482000
057730,聯鈞國泰9A購01  ,0,0,0,0,0,0,0,0,0,-483000,0,0,0,93000,576000,-483000,-483000
065081,金像電元大9C購05,0,0,0,0,0,0,0,0,0,-483000,0,0,0,420000,903000,-483000,-483000
063202,南亞科統一9C購02,0,0,0,0,0,0,0,0,0,-484000,0,0,0,100000,584000,-484000,-484000
065084,南亞科元大9C購08,0,0,0,0,0,0,0,0,0,-485000,0,0,0,31000,516000,-485000,-485000
064236,奇力新統一01購04,0,0,0,0,0,0,0,0,0,-492000,0,0,0,0,492000,-492000,-492000
064239,群創統一02購01  ,0,0,0,0,0,0,0,0,0,-493000,0,0,0,40000,533000,-493000,-493000
063198,仁寶統一01購02  ,0,0,0,0,0,0,0,0,0,-494000,0,0,0,0,494000,-494000,-494000
066276,敦泰元大01購01  ,0,0,0,0,0,0,0,0,0,-496000,0,0,0,697000,1193000,-496000,-496000
057877,神達元大99購01  ,0,0,0,0,0,0,0,0,0,-499000,0,0,0,340000,839000,-499000,-499000
064447,喬山統一02購01  ,0,0,0,0,0,0,0,0,0,-499000,0,0,0,0,499000,-499000,-499000
063176,南亞科兆豐9B購01,0,0,0,0,0,0,0,0,0,-500000,0,0,0,86000,586000,-500000,-500000
066301,大成永豐01購01  ,0,0,0,0,0,0,0,0,0,-501000,0,0,0,140000,641000,-501000,-501000
063402,GIS群益9B購02   ,0,0,0,0,0,0,0,0,0,-501000,0,0,0,20000,521000,-501000,-501000
00774C,新光中政金綠債+R,0,0,0,0,0,0,0,0,0,-502000,0,0,0,0,502000,-502000,-502000
060242,潤泰全元大9C購01,0,0,0,0,0,0,0,0,0,-503000,0,0,0,0,503000,-503000,-503000
066358,美利達永豐01購01,0,0,0,0,0,0,0,0,0,-504000,0,0,0,9000,513000,-504000,-504000
06328P,台積電中信01售02,0,0,0,0,0,0,0,0,0,-505000,0,0,0,0,505000,-505000,-505000
064861,緯創富邦9C購01  ,0,0,0,0,0,0,0,0,0,-505000,0,0,0,0,505000,-505000,-505000
066509,南亞永豐01購01  ,0,0,0,0,0,0,0,0,0,-513000,0,0,0,0,513000,-513000,-513000
060792,信錦永豐9A購01  ,0,0,0,0,0,0,0,0,0,-513000,0,0,0,0,513000,-513000,-513000
065701,聯發科群益9C購13,0,0,0,0,0,0,0,0,0,-513000,0,0,0,0,513000,-513000,-513000
066107,惠特國票02購01  ,0,0,0,0,0,0,0,0,0,-515000,0,0,0,120000,635000,-515000,-515000
2313,華通            ,5758000,3036000,2722000,0,0,0,500000,3748000,-3248000,11000,326000,384000,-58000,249000,180000,69000,-515000
08781P,台灣50元大01售25,0,0,0,0,0,0,0,0,0,-516000,0,0,0,0,516000,-516000,-516000
059995,南亞科元富99購01,0,0,0,0,0,0,0,0,0,-516000,0,0,0,80000,596000,-516000,-516000
1589,永冠-KY         ,436000,904000,-468000,0,0,0,0,0,0,-51000,3000,56000,-53000,2000,0,2000,-519000
057187,群創元大9B購04  ,0,0,0,0,0,0,0,0,0,-520000,0,0,0,0,520000,-520000,-520000
08316P,祥碩元大9C售04  ,0,0,0,0,0,0,0,0,0,-521000,0,0,0,401000,922000,-521000,-521000
063369,聚陽永豐9B購01  ,0,0,0,0,0,0,0,0,0,-521000,0,0,0,70000,591000,-521000,-521000
1598,岱宇            ,504000,1062000,-558000,0,0,0,0,0,0,36000,85000,49000,36000,0,0,0,-522000
066280,眾達元大01購01  ,0,0,0,0,0,0,0,0,0,-522000,0,0,0,229000,751000,-522000,-522000
064301,漢唐兆豐01購01  ,0,0,0,0,0,0,0,0,0,-524000,0,0,0,405000,929000,-524000,-524000
064245,GIS統一02購02   ,0,0,0,0,0,0,0,0,0,-525000,0,0,0,0,525000,-525000,-525000
066196,南港統一03購01  ,0,0,0,0,0,0,0,0,0,-526000,0,0,0,45000,571000,-526000,-526000
065061,聯發科群益9C購08,0,0,0,0,0,0,0,0,0,-527000,0,0,0,36000,563000,-527000,-527000
065762,台表科元大9C購13,0,0,0,0,0,0,0,0,0,-530000,0,0,0,11000,541000,-530000,-530000
062410,台積電第一9B購02,0,0,0,0,0,0,0,0,0,-531000,0,0,0,0,531000,-531000,-531000
064815,台表科元大01購01,0,0,0,0,0,0,0,0,0,-531000,0,0,0,104000,635000,-531000,-531000
063268,GIS中信9B購01   ,0,0,0,0,0,0,0,0,0,-533000,0,0,0,99000,632000,-533000,-533000
064732,GIS統一01購03   ,0,0,0,0,0,0,0,0,0,-536000,0,0,0,2000,538000,-536000,-536000
3090,日電貿          ,268000,783000,-515000,0,0,0,0,0,0,-21000,1000,0,1000,0,22000,-22000,-536000
063779,華邦電永豐9B購01,0,0,0,0,0,0,0,0,0,-538000,0,0,0,0,538000,-538000,-538000
5215,科嘉-KY         ,359000,825000,-466000,0,0,0,0,12000,-12000,-61000,0,61000,-61000,0,0,0,-539000
059008,鈺齊元大99購03  ,0,0,0,0,0,0,0,0,0,-541000,0,0,0,99000,640000,-541000,-541000
2388,威盛            ,210000,751000,-541000,0,0,0,0,0,0,0,0,0,0,0,0,0,-541000
063894,漢唐群益9C購01  ,0,0,0,0,0,0,0,0,0,-543000,0,0,0,37000,580000,-543000,-543000
064777,南亞科群益9C購01,0,0,0,0,0,0,0,0,0,-543000,0,0,0,92000,635000,-543000,-543000
061028,聚陽永豐9A購01  ,0,0,0,0,0,0,0,0,0,-544000,0,0,0,109000,653000,-544000,-544000
2723,美食-KY         ,197000,729000,-532000,0,0,0,0,0,0,-15000,1000,0,1000,0,16000,-16000,-547000
064736,超眾元富9C購04  ,0,0,0,0,0,0,0,0,0,-548000,0,0,0,7000,555000,-548000,-548000
062969,旺宏元富9B購01  ,0,0,0,0,0,0,0,0,0,-549000,0,0,0,70000,619000,-549000,-549000
060763,聯鈞元大9A購03  ,0,0,0,0,0,0,0,0,0,-549000,0,0,0,75000,624000,-549000,-549000
066275,台勝科元大01購01,0,0,0,0,0,0,0,0,0,-550000,0,0,0,77000,627000,-550000,-550000
057883,中環群益98購01  ,0,0,0,0,0,0,0,0,0,-550000,0,0,0,250000,800000,-550000,-550000
053082,聯電元大98購03  ,0,0,0,0,0,0,0,0,0,-550000,0,0,0,0,550000,-550000,-550000
061866,力山元大9C購01  ,0,0,0,0,0,0,0,0,0,-551000,0,0,0,25000,576000,-551000,-551000
064387,GIS富邦9C購01   ,0,0,0,0,0,0,0,0,0,-552000,0,0,0,0,552000,-552000,-552000
063728,國巨元大9B購21  ,0,0,0,0,0,0,0,0,0,-558000,0,0,0,1000,559000,-558000,-558000
063630,智邦元大9B購09  ,0,0,0,0,0,0,0,0,0,-560000,0,0,0,102000,662000,-560000,-560000
062687,華擎統一01購02  ,0,0,0,0,0,0,0,0,0,-562000,0,0,0,256000,818000,-562000,-562000
064601,嘉晶元富9C購03  ,0,0,0,0,0,0,0,0,0,-562000,0,0,0,0,562000,-562000,-562000
064928,同欣電統一01購02,0,0,0,0,0,0,0,0,0,-562000,0,0,0,5000,567000,-562000,-562000
066573,瑞祺元大01購02  ,0,0,0,0,0,0,0,0,0,-563000,0,0,0,54000,617000,-563000,-563000
063883,超眾元富9C購02  ,0,0,0,0,0,0,0,0,0,-563000,0,0,0,13000,576000,-563000,-563000
063444,金像電統一03購01,0,0,0,0,0,0,0,0,0,-565000,0,0,0,309000,874000,-565000,-565000
065654,台表科元大9C購12,0,0,0,0,0,0,0,0,0,-568000,0,0,0,4000,572000,-568000,-568000
061956,和大統一01購01  ,0,0,0,0,0,0,0,0,0,-569000,0,0,0,12000,581000,-569000,-569000
056356,台積電元大99購01,0,0,0,0,0,0,0,0,0,-570000,0,0,0,114000,684000,-570000,-570000
066876,大立光富邦05購01,0,0,0,0,0,0,0,0,0,-571000,0,0,0,1000,572000,-571000,-571000
056195,群創富邦98購01  ,0,0,0,0,0,0,0,0,0,-572000,0,0,0,0,572000,-572000,-572000
061915,T50反1凱基02購02,0,0,0,0,0,0,0,0,0,-572000,0,0,0,115000,687000,-572000,-572000
063664,漢唐統一9C購01  ,0,0,0,0,0,0,0,0,0,-572000,0,0,0,36000,608000,-572000,-572000
053827,漢唐麥證9A購01  ,0,0,0,53000,876000,-823000,0,0,0,-573000,0,0,0,303000,876000,-573000,-573000
063051,仁寶統一01購01  ,0,0,0,0,0,0,0,0,0,-574000,0,0,0,40000,614000,-574000,-574000
063581,同欣電國泰9C購01,0,0,0,0,0,0,0,0,0,-578000,0,0,0,0,578000,-578000,-578000
065780,國巨富邦03購02  ,0,0,0,0,0,0,0,0,0,-581000,0,0,0,25000,606000,-581000,-581000
066472,美利達統一02購01,0,0,0,0,0,0,0,0,0,-582000,0,0,0,176000,758000,-582000,-582000
066325,可成永豐01購01  ,0,0,0,0,0,0,0,0,0,-584000,0,0,0,0,584000,-584000,-584000
08431P,景碩凱基9C售02  ,0,0,0,0,0,0,0,0,0,-584000,0,0,0,7000,591000,-584000,-584000
2371,大同            ,662000,1155427,-493427,0,0,0,0,0,0,-91000,101000,192000,-91000,0,0,0,-584427
3450,聯鈞            ,509000,1535000,-1026000,0,0,0,5000,0,5000,436000,133000,0,133000,339000,36000,303000,-585000
066253,泰豐元大01購01  ,0,0,0,0,0,0,0,0,0,-586000,0,0,0,301000,887000,-586000,-586000
065372,漢唐元大9C購02  ,0,15000,-15000,0,0,0,0,0,0,-571000,0,0,0,376000,947000,-571000,-586000
064426,群創兆豐9C購01  ,0,0,0,0,0,0,0,0,0,-589000,0,0,0,10000,599000,-589000,-589000
057741,超眾富邦98購01  ,0,0,0,0,0,0,0,0,0,-592000,0,0,0,0,592000,-592000,-592000
064972,台積電元大9C購11,0,0,0,0,0,0,0,0,0,-592000,0,0,0,3112000,3704000,-592000,-592000
064745,聯鈞國票01購01  ,0,0,0,0,0,0,0,0,0,-593000,0,0,0,62000,655000,-593000,-593000
064478,聚陽富邦01購01  ,0,0,0,0,0,0,0,0,0,-593000,0,0,0,3000,596000,-593000,-593000
057941,聯電國票99購01  ,0,0,0,0,0,0,0,0,0,-594000,0,0,0,39000,633000,-594000,-594000
066369,瀚宇博中信01購01,0,0,0,0,0,0,0,0,0,-595000,0,0,0,90000,685000,-595000,-595000
057370,可成元大98購07  ,0,0,0,0,0,0,0,0,0,-599000,0,0,0,0,599000,-599000,-599000
3042,晶技            ,747000,1528000,-781000,0,0,0,534000,270000,264000,-82000,116000,173000,-57000,10000,35000,-25000,-599000
063296,可成麥證9B購01  ,0,0,0,1000,600000,-599000,0,0,0,-600000,0,0,0,1000,601000,-600000,-600000
063900,GIS群益9C購03   ,0,0,0,0,0,0,0,0,0,-600000,0,0,0,2000,602000,-600000,-600000
066287,訊芯元大01購01  ,0,0,0,0,0,0,0,0,0,-603000,0,0,0,210000,813000,-603000,-603000
064847,金像電元富9C購01,0,0,0,0,0,0,0,0,0,-603000,0,0,0,528000,1131000,-603000,-603000
066218,美利達統一03購02,0,0,0,0,0,0,0,0,0,-607000,0,0,0,301000,908000,-607000,-607000
063403,鈺齊群益9B購01  ,0,0,0,0,0,0,0,0,0,-607000,0,0,0,8000,615000,-607000,-607000
065689,群創元富9C購04  ,0,0,0,0,0,0,0,0,0,-609000,0,0,0,0,609000,-609000,-609000
065531,聯電統一01購01  ,0,0,0,0,0,0,0,0,0,-610000,0,0,0,247000,857000,-610000,-610000
4935,茂林-KY         ,95000,189000,-94000,0,0,0,0,486000,-486000,-30000,0,0,0,6000,36000,-30000,-610000
061724,訊芯永豐9A購01  ,0,0,0,0,0,0,0,0,0,-613000,0,0,0,8000,621000,-613000,-613000
066293,惠特元大02購01  ,0,0,0,0,0,0,0,0,0,-614000,0,0,0,229000,843000,-614000,-614000
066373,美利達中信01購01,0,0,0,0,0,0,0,0,0,-614000,0,0,0,144000,758000,-614000,-614000
4943,康控-KY         ,366050,853000,-486950,0,0,0,0,0,0,-129000,17000,45000,-28000,80000,181000,-101000,-615950
063773,可成富邦9C購01  ,0,0,0,0,0,0,0,0,0,-617000,0,0,0,486000,1103000,-617000,-617000
2455,全新            ,240000,857000,-617000,0,0,0,0,0,0,-1000,6000,6000,0,5000,6000,-1000,-618000
066871,台表科元富07購01,0,0,0,0,0,0,0,0,0,-621000,0,0,0,0,621000,-621000,-621000
061210,玉山金元大9A購02,0,0,0,0,0,0,0,0,0,-621000,0,0,0,113000,734000,-621000,-621000
066877,奇鋐富邦03購01  ,0,0,0,0,0,0,0,0,0,-623000,0,0,0,0,623000,-623000,-623000
065983,亞德客國泰03購01,0,0,0,0,0,0,0,0,0,-626000,0,0,0,306000,932000,-626000,-626000
056699,光罩國泰99購01  ,0,0,0,0,0,0,0,0,0,-627000,0,0,0,141000,768000,-627000,-627000
056584,鴻海統一9B購01  ,0,0,0,0,0,0,0,0,0,-627000,0,0,0,2082000,2709000,-627000,-627000
063583,GIS國泰01購01   ,0,0,0,0,0,0,0,0,0,-627000,0,0,0,147000,774000,-627000,-627000
064579,大立光富邦03購02,0,0,0,0,0,0,0,0,0,-627000,0,0,0,40000,667000,-627000,-627000
065118,國巨富邦01購02  ,0,0,0,0,0,0,0,0,0,-631000,0,0,0,55000,686000,-631000,-631000
053396,漢唐中信9A購01  ,0,0,0,0,0,0,0,0,0,-632000,0,0,0,164000,796000,-632000,-632000
6214,精誠            ,1148000,1127921,20079,0,0,0,0,0,0,-653000,10000,363000,-353000,0,300000,-300000,-632921
1102,亞泥            ,3094082,4555000,-1460918,0,0,0,0,9000,-9000,835000,1027000,75000,952000,109000,226000,-117000,-634918
9919,康那香          ,1784000,2419000,-635000,0,0,0,0,0,0,0,0,0,0,0,0,0,-635000
3023,信邦            ,494000,929380,-435380,0,0,0,0,122000,-122000,-81000,3000,0,3000,15000,99000,-84000,-638380
043442,大立光台新01購01,0,0,0,0,0,0,0,0,0,-640000,0,0,0,0,640000,-640000,-640000
063624,GIS兆豐9B購01   ,0,0,0,0,0,0,0,0,0,-640000,0,0,0,20000,660000,-640000,-640000
064986,GIS元大9C購07   ,0,0,0,0,0,0,0,0,0,-641000,0,0,0,225000,866000,-641000,-641000
064721,國泰金統一02購01,0,0,0,0,0,0,0,0,0,-644000,0,0,0,0,644000,-644000,-644000
065366,英業達元大9C購02,0,0,0,0,0,0,0,0,0,-644000,0,0,0,10000,654000,-644000,-644000
059023,可成統一9B購02  ,0,0,0,0,0,0,0,0,0,-647000,0,0,0,22000,669000,-647000,-647000
061129,文曄永豐9A購01  ,0,0,0,0,0,0,0,0,0,-648000,0,0,0,0,648000,-648000,-648000
063133,喬山統一01購01  ,0,0,0,0,0,0,0,0,0,-649000,0,0,0,250000,899000,-649000,-649000
046628,大立光統一98購01,0,0,0,0,0,0,0,0,0,-652000,0,0,0,15000,667000,-652000,-652000
065342,華邦電統一02購01,0,0,0,0,0,0,0,0,0,-652000,0,0,0,12000,664000,-652000,-652000
6282,康舒            ,106000,817315,-711315,0,0,0,0,0,0,58000,31000,24000,7000,54000,3000,51000,-653315
058809,國巨統一9B購03  ,0,0,0,0,0,0,0,0,0,-657000,0,0,0,50000,707000,-657000,-657000
060583,南亞科元富9A購05,0,0,0,0,0,0,0,0,0,-657000,0,0,0,48000,705000,-657000,-657000
066134,強茂群益01購01  ,0,0,0,0,0,0,0,0,0,-658000,0,0,0,0,658000,-658000,-658000
060361,南亞科元富9A購03,0,0,0,0,0,0,0,0,0,-659000,0,0,0,76000,735000,-659000,-659000
061192,奇鋐永豐9A購01  ,0,0,0,0,0,0,0,0,0,-659000,0,0,0,164000,823000,-659000,-659000
064927,瀚宇博統一02購01,0,0,0,0,0,0,0,0,0,-665000,0,0,0,66000,731000,-665000,-665000
2471,資通            ,57000,723000,-666000,0,0,0,0,0,0,1000,1000,0,1000,0,0,0,-665000
055701,亞德客富邦99購01,0,0,0,0,0,0,0,0,0,-668000,0,0,0,7000,675000,-668000,-668000
065803,大立光群益01購03,0,0,0,0,0,0,0,0,0,-668000,0,0,0,5000,673000,-668000,-668000
064704,嘉晶國泰01購01  ,0,0,0,0,0,0,0,0,0,-669000,0,0,0,177000,846000,-669000,-669000
066851,瀚宇博元大01購02,0,0,0,0,0,0,0,0,0,-670000,0,0,0,0,670000,-670000,-670000
065961,東元元大04購01  ,0,0,0,0,0,0,0,0,0,-671000,0,0,0,175000,846000,-671000,-671000
065097,貿聯元大9C購04  ,0,0,0,0,0,0,0,0,0,-671000,0,0,0,76000,747000,-671000,-671000
063350,台表科統一02購02,0,0,0,0,0,0,0,0,0,-672000,0,0,0,66000,738000,-672000,-672000
063941,國巨元大9C購12  ,0,0,0,0,0,0,0,0,0,-677000,0,0,0,3000,680000,-677000,-677000
062803,嘉晶統一9B購02  ,0,0,0,0,0,0,0,0,0,-686000,0,0,0,67000,753000,-686000,-686000
6153,嘉聯益          ,807000,1000000,-193000,0,0,0,0,450000,-450000,-43000,107000,122000,-15000,22000,50000,-28000,-686000
066471,致新統一02購01  ,0,0,0,0,0,0,0,0,0,-690000,0,0,0,90000,780000,-690000,-690000
065341,華邦電統一01購02,0,0,0,0,0,0,0,0,0,-693000,0,0,0,11000,704000,-693000,-693000
057278,可成元大98購06  ,0,0,0,0,0,0,0,0,0,-696000,0,0,0,72000,768000,-696000,-696000
062145,億光國票9B購01  ,0,0,0,0,0,0,0,0,0,-696000,0,0,0,282000,978000,-696000,-696000
2515,中工            ,371000,1556000,-1185000,0,0,0,0,0,0,484000,3000,0,3000,489000,8000,481000,-701000
066960,盛群元大01購01  ,0,0,0,0,0,0,0,0,0,-710000,0,0,0,0,710000,-710000,-710000
066313,泰豐永豐01購01  ,0,0,0,0,0,0,0,0,0,-716000,0,0,0,75000,791000,-716000,-716000
064295,聚陽國票01購01  ,0,0,0,0,0,0,0,0,0,-716000,0,0,0,35000,751000,-716000,-716000
066849,神達元大01購01  ,0,0,0,0,0,0,0,0,0,-718000,0,0,0,341000,1059000,-718000,-718000
066648,可成麥證01購01  ,0,0,0,1000,718000,-717000,0,0,0,-718000,0,0,0,1000,719000,-718000,-718000
063661,聚陽統一9C購02  ,0,0,0,0,0,0,0,0,0,-720000,0,0,0,20000,740000,-720000,-720000
9945,潤泰新          ,884000,1811277,-927277,0,0,0,0,50000,-50000,256000,184000,57000,127000,129000,0,129000,-721277
066064,T50反1凱基03購03,0,0,0,0,0,0,0,0,0,-725000,0,0,0,280000,1005000,-725000,-725000
064235,美律統一9C購02  ,0,0,0,0,0,0,0,0,0,-728000,0,0,0,0,728000,-728000,-728000
063003,滬深2X元大9B購06,0,0,0,0,0,0,0,0,0,-729000,0,0,0,0,729000,-729000,-729000
1711,永光            ,238000,969000,-731000,0,0,0,0,0,0,1000,1000,0,1000,0,0,0,-730000
065269,貿聯元大9C購05  ,0,0,0,0,0,0,0,0,0,-733000,0,0,0,57000,790000,-733000,-733000
064940,智伸科元富9C購01,0,0,0,0,0,0,0,0,0,-734000,0,0,0,0,734000,-734000,-734000
066236,潤泰全富邦01購01,0,0,0,0,0,0,0,0,0,-740000,0,0,0,0,740000,-740000,-740000
065431,大立光凱基02購02,0,0,0,0,0,0,0,0,0,-740000,0,0,0,0,740000,-740000,-740000
064856,GIS國泰02購01   ,0,0,0,0,0,0,0,0,0,-746000,0,0,0,248000,994000,-746000,-746000
062215,華通統一9B購01  ,0,0,0,0,0,0,0,0,0,-753000,0,0,0,71000,824000,-753000,-753000
06503P,臺股指中信9A售02,0,0,0,0,0,0,0,0,0,-757000,0,0,0,535000,1292000,-757000,-757000
052313,聯電元大98購01  ,0,0,0,0,0,0,0,0,0,-759000,0,0,0,119000,878000,-759000,-759000
057475,聯電元大9A購01  ,0,0,0,0,0,0,0,0,0,-762000,0,0,0,518000,1280000,-762000,-762000
066998,訊芯國泰03購01  ,0,0,0,0,0,0,0,0,0,-767000,0,0,0,0,767000,-767000,-767000
063626,聚陽元大9B購03  ,0,0,0,0,0,0,0,0,0,-768000,0,0,0,108000,876000,-768000,-768000
064524,GIS群益02購01   ,0,0,0,0,0,0,0,0,0,-772000,0,0,0,98000,870000,-772000,-772000
065699,南亞科群益9C購02,0,0,0,0,0,0,0,0,0,-777000,0,0,0,205000,982000,-777000,-777000
066266,強茂元大01購01  ,0,0,0,0,0,0,0,0,0,-779000,0,0,0,260000,1039000,-779000,-779000
063486,聚陽國泰9C購01  ,0,0,0,0,0,0,0,0,0,-779000,0,0,0,192000,971000,-779000,-779000
07649P,金像電永豐9A售02,0,0,0,0,0,0,0,0,0,-780000,0,0,0,21000,801000,-780000,-780000
062062,貿聯統一01購01  ,0,0,0,0,0,0,0,0,0,-783000,0,0,0,110000,893000,-783000,-783000
064240,群創統一02購02  ,0,0,0,0,0,0,0,0,0,-783000,0,0,0,7000,790000,-783000,-783000
061581,貿聯元大9A購05  ,0,0,0,0,0,0,0,0,0,-784000,0,0,0,43000,827000,-784000,-784000
058093,神達元大9A購01  ,0,0,0,0,0,0,0,0,0,-789000,0,0,0,577000,1366000,-789000,-789000
066493,美利達元富01購01,0,0,0,0,0,0,0,0,0,-792000,0,0,0,20000,812000,-792000,-792000
060426,盛群永豐9A購01  ,0,0,0,0,0,0,0,0,0,-795000,0,0,0,258000,1053000,-795000,-795000
064917,元大金統一02購01,0,0,0,0,0,0,0,0,0,-795000,0,0,0,41000,836000,-795000,-795000
064045,南亞科統一9C購04,0,0,0,0,0,0,0,0,0,-803000,0,0,0,61000,864000,-803000,-803000
064160,新日興統一01購03,0,0,0,0,0,0,0,0,0,-811000,0,0,0,165000,976000,-811000,-811000
058112,神達元富98購01  ,0,0,0,0,0,0,0,0,0,-815000,0,0,0,80000,895000,-815000,-815000
061297,台積電富邦9C購09,0,0,0,0,0,0,0,0,0,-815000,0,0,0,0,815000,-815000,-815000
6224,聚鼎            ,309050,1049000,-739950,0,0,0,0,0,0,-83000,13000,96000,-83000,0,0,0,-822950
056066,奇鋐元大98購02  ,0,0,0,0,0,0,0,0,0,-830000,0,0,0,100000,930000,-830000,-830000
063179,群創兆豐9B購01  ,0,0,0,0,0,0,0,0,0,-836000,0,0,0,179000,1015000,-836000,-836000
063665,南亞科統一01購02,0,0,0,0,0,0,0,0,0,-837000,0,0,0,144000,981000,-837000,-837000
065651,中磊元大9C購01  ,0,0,0,0,0,0,0,0,0,-849000,0,0,0,140000,989000,-849000,-849000
056790,彩晶群益98購03  ,0,0,0,0,0,0,0,0,0,-850000,0,0,0,0,850000,-850000,-850000
1519,華城            ,319000,1155000,-836000,0,0,0,0,0,0,-15000,3000,0,3000,2000,20000,-18000,-851000
3005,神基            ,233000,1017000,-784000,0,0,0,0,0,0,-68000,7000,0,7000,0,75000,-75000,-852000
060121,新光金富邦99購01,0,0,0,0,0,0,0,0,0,-853000,0,0,0,0,853000,-853000,-853000
062428,超眾統一9B購01  ,0,0,0,0,0,0,0,0,0,-860000,0,0,0,55000,915000,-860000,-860000
2390,云辰            ,3515000,4379000,-864000,0,0,0,0,0,0,2000,2000,0,2000,0,0,0,-862000
063208,鈺齊統一9C購01  ,0,0,0,0,0,0,0,0,0,-864000,0,0,0,51000,915000,-864000,-864000
065640,聯電元大01購02  ,0,0,0,0,0,0,0,0,0,-864000,0,0,0,176000,1040000,-864000,-864000
065353,GIS統一02購03   ,0,0,0,0,0,0,0,0,0,-866000,0,0,0,8000,874000,-866000,-866000
064445,聚陽統一02購01  ,0,0,0,0,0,0,0,0,0,-867000,0,0,0,25000,892000,-867000,-867000
064712,聚陽統一02購03  ,0,0,0,0,0,0,0,0,0,-872000,0,0,0,224000,1096000,-872000,-872000
065496,裕隆富邦9C購01  ,0,0,0,0,0,0,0,0,0,-873000,0,0,0,112000,985000,-873000,-873000
066009,創意統一02購02  ,0,0,0,0,0,0,0,0,0,-874000,0,0,0,212000,1086000,-874000,-874000
064655,聚陽元大9C購02  ,0,0,0,0,0,0,0,0,0,-877000,0,0,0,225000,1102000,-877000,-877000
3006,晶豪科          ,490000,1105000,-615000,0,0,0,0,250000,-250000,-14000,10000,8000,2000,1000,17000,-16000,-879000
064482,微星永豐9C購01  ,0,0,0,0,0,0,0,0,0,-880000,0,0,0,20000,900000,-880000,-880000
06799P,臺股指凱基98售09,0,0,0,0,0,0,0,0,0,-882000,0,0,0,9000,891000,-882000,-882000
1326,台化            ,2109000,2977551,-868551,0,0,0,0,12000,-12000,-4000,1000,0,1000,0,5000,-5000,-884551
066271,東森元大01購01  ,0,0,0,0,0,0,0,0,0,-885000,0,0,0,55000,940000,-885000,-885000
062546,新日興永豐9B購01,0,0,0,0,0,0,0,0,0,-886000,0,0,0,337000,1223000,-886000,-886000
066468,申豐統一02購01  ,0,0,0,0,0,0,0,0,0,-887000,0,0,0,28000,915000,-887000,-887000
062710,盛群元大9B購01  ,0,0,0,0,0,0,0,0,0,-890000,0,0,0,248000,1138000,-890000,-890000
2823,中壽            ,3560000,4457975,-897975,0,0,0,0,9000,-9000,16000,1000,0,1000,100000,85000,15000,-890975
063861,南亞科國泰02購01,0,0,0,0,0,0,0,0,0,-901000,0,0,0,7000,908000,-901000,-901000
066217,美利達統一03購01,0,0,0,0,0,0,0,0,0,-903000,0,0,0,184000,1087000,-903000,-903000
063383,億豐永豐9B購02  ,0,0,0,0,0,0,0,0,0,-909000,0,0,0,0,909000,-909000,-909000
064843,巨大統一02購01  ,0,0,0,0,0,0,0,0,0,-909000,0,0,0,176000,1085000,-909000,-909000
2436,偉詮電          ,356000,1272000,-916000,0,0,0,0,0,0,2000,2000,0,2000,0,0,0,-914000
064880,神達兆豐9C購01  ,0,0,0,0,0,0,0,0,0,-918000,0,0,0,163000,1081000,-918000,-918000
3406,玉晶光          ,675000,1795000,-1120000,0,0,0,134000,4000,130000,70000,156000,137000,19000,73000,22000,51000,-920000
056269,新日興統一98購01,0,0,0,0,0,0,0,0,0,-923000,0,0,0,515000,1438000,-923000,-923000
2387,精元            ,460000,1407000,-947000,0,0,0,0,0,0,23000,56000,45000,11000,20000,8000,12000,-924000
061555,聯電國票9B購01  ,0,0,0,0,0,0,0,0,0,-930000,0,0,0,37000,967000,-930000,-930000
1714,和桐            ,1131000,2061000,-930000,0,0,0,0,0,0,0,0,0,0,0,0,0,-930000
066411,南紡元大01購01  ,0,0,0,0,0,0,0,0,0,-934000,0,0,0,17000,951000,-934000,-934000
066331,東森永豐01購01  ,0,0,0,0,0,0,0,0,0,-935000,0,0,0,0,935000,-935000,-935000
3413,京鼎            ,835000,1677000,-842000,0,0,0,0,50000,-50000,-50000,57000,108000,-51000,53000,52000,1000,-942000
05755P,臺股指中信99售04,0,0,0,0,0,0,0,0,0,-945000,0,0,0,236000,1181000,-945000,-945000
056138,群創元大9B購01  ,0,0,0,0,0,0,0,0,0,-949000,0,0,0,0,949000,-949000,-949000
065490,國巨國泰02購02  ,0,0,0,0,0,0,0,0,0,-973000,0,0,0,54000,1027000,-973000,-973000
058443,T50正2富邦01購01,0,0,0,0,0,0,0,0,0,-974000,0,0,0,12000,986000,-974000,-974000
2458,義隆            ,881000,1766000,-885000,0,0,0,15000,20000,-5000,-89000,38000,76000,-38000,22000,73000,-51000,-979000
064244,GIS統一02購01   ,0,0,0,0,0,0,0,0,0,-981000,0,0,0,2000,983000,-981000,-981000
065466,台表科中信01購03,0,0,0,0,0,0,0,0,0,-983000,0,0,0,246000,1229000,-983000,-983000
03875P,滬深2X國票05售01,0,0,0,0,0,0,0,0,0,-990000,0,0,0,40000,1030000,-990000,-990000
058270,上緯控永豐99購01,0,1000,-1000,0,0,0,0,0,0,-1002000,0,0,0,65000,1067000,-1002000,-1003000
065530,亞德客統一9C購02,0,0,0,0,0,0,0,0,0,-1007000,0,0,0,94000,1101000,-1007000,-1007000
00693U,街口S&P黃豆     ,25000,307000,-282000,0,0,0,0,0,0,-731000,0,0,0,75000,806000,-731000,-1013000
066277,敦泰元大01購02  ,0,0,0,0,0,0,0,0,0,-1015000,0,0,0,323000,1338000,-1015000,-1015000
062819,奇鋐兆豐9B購01  ,0,0,0,0,0,0,0,0,0,-1017000,0,0,0,333000,1350000,-1017000,-1017000
1504,東元            ,1593000,2916000,-1323000,0,0,0,0,6000,-6000,305000,3000,0,3000,302000,0,302000,-1024000
00712,FH富時不動產    ,75000,4000,71000,0,0,0,0,0,0,-1095000,0,0,0,40000,1135000,-1095000,-1024000
057079,台積電統一9A購02,0,0,0,0,0,0,0,0,0,-1032000,0,0,0,54000,1086000,-1032000,-1032000
060890,大立光統一01購01,0,0,0,0,0,0,0,0,0,-1038000,0,0,0,25000,1063000,-1038000,-1038000
03649C,T50反1凱基99牛05,0,0,0,0,0,0,0,0,0,-1063000,0,0,0,396000,1459000,-1063000,-1063000
065451,台表科統一02購04,0,0,0,0,0,0,0,0,0,-1081000,0,0,0,118000,1199000,-1081000,-1081000
064511,GIS元大9C購05   ,0,0,0,0,0,0,0,0,0,-1082000,0,0,0,217000,1299000,-1082000,-1082000
063437,聚陽統一01購01  ,0,0,0,0,0,0,0,0,0,-1082000,0,0,0,74000,1156000,-1082000,-1082000
058156,超眾統一9A購02  ,0,0,0,0,0,0,0,0,0,-1086000,0,0,0,1000,1087000,-1086000,-1086000
063259,廣達富邦9C購01  ,0,0,0,0,0,0,0,0,0,-1087000,0,0,0,62000,1149000,-1087000,-1087000
061379,鈺齊永豐9A購02  ,0,0,0,0,0,0,0,0,0,-1105000,0,0,0,17000,1122000,-1105000,-1105000
062655,漢唐永豐9B購01  ,0,0,0,0,0,0,0,0,0,-1114000,0,0,0,90000,1204000,-1114000,-1114000
060360,南亞科元富9A購02,0,0,0,0,0,0,0,0,0,-1114000,0,0,0,46000,1160000,-1114000,-1114000
055036,中工富邦9B購01  ,0,0,0,0,0,0,0,0,0,-1128000,0,0,0,20000,1148000,-1128000,-1128000
065782,健策富邦01購02  ,0,0,0,0,0,0,0,0,0,-1129000,0,0,0,148000,1277000,-1129000,-1129000
2915,潤泰全          ,721000,1868373,-1147373,0,0,0,0,0,0,-5000,2000,4000,-2000,41000,44000,-3000,-1152373
05830P,滬深2X元富99售03,0,0,0,0,0,0,0,0,0,-1166000,0,0,0,449000,1615000,-1166000,-1166000
065529,聯發科中信01購04,0,0,0,0,0,0,0,0,0,-1175000,0,0,0,580000,1755000,-1175000,-1175000
4934,太極            ,405000,1592000,-1187000,0,0,0,0,0,0,0,0,0,0,0,0,0,-1187000
00664R,國泰臺灣加權反1 ,56000,135000,-79000,0,0,0,0,0,0,-1119000,0,0,0,263000,1382000,-1119000,-1198000
066610,台積電麥證01購02,0,0,0,0,1500000,-1500000,0,0,0,-1200000,0,0,0,300000,1500000,-1200000,-1200000
8046,南電            ,5518000,3553000,1965000,0,0,0,72000,2602000,-2530000,-644000,112000,761000,-649000,45000,40000,5000,-1209000
053805,奇鋐凱基98購02  ,0,0,0,0,0,0,0,0,0,-1212000,0,0,0,15000,1227000,-1212000,-1212000
2312,金寶            ,1854000,3087000,-1233000,0,0,0,0,0,0,1000,4000,0,4000,78000,81000,-3000,-1232000
066267,強茂元大01購02  ,0,0,0,0,0,0,0,0,0,-1245000,0,0,0,100000,1345000,-1245000,-1245000
4746,台耀            ,836000,2090000,-1254000,0,0,0,0,0,0,2000,4000,2000,2000,0,0,0,-1252000
2332,友訊            ,1125000,2309000,-1184000,0,0,0,0,0,0,-88000,3000,8000,-5000,23000,106000,-83000,-1272000
4119,旭富            ,143000,1282040,-1139040,0,0,0,0,89000,-89000,-61000,2000,34000,-32000,19000,48000,-29000,-1289040
3056,總太            ,55000,1349000,-1294000,0,0,0,0,0,0,4000,8000,4000,4000,0,0,0,-1290000
066243,潤泰新富邦03購01,0,0,0,0,0,0,0,0,0,-1291000,0,0,0,0,1291000,-1291000,-1291000
03683C,T50反1元大9C牛04,0,0,0,0,0,0,0,0,0,-1291000,0,0,0,100000,1391000,-1291000,-1291000
065415,台積電兆豐9C購05,0,0,0,0,0,0,0,0,0,-1309000,0,0,0,220000,1529000,-1309000,-1309000
062328,南亞科統一9C購01,0,0,0,0,0,0,0,0,0,-1334000,0,0,0,91000,1425000,-1334000,-1334000
047564,滬深2X國票99購01,0,0,0,0,0,0,0,0,0,-1335000,0,0,0,415000,1750000,-1335000,-1335000
056829,台積電富邦9A購01,0,0,0,0,0,0,0,0,0,-1342000,0,0,0,231000,1573000,-1342000,-1342000
062927,同欣電國票9B購02,0,0,0,0,0,0,0,0,0,-1347000,0,0,0,10000,1357000,-1347000,-1347000
2002,中鋼            ,5846050,7213835,-1367785,0,0,0,0,38000,-38000,4000,4000,0,4000,0,0,0,-1401785
064056,GIS統一01購02   ,0,0,0,0,0,0,0,0,0,-1410000,0,0,0,200000,1610000,-1410000,-1410000
1301,台塑            ,1887001,3318265,-1431264,0,0,0,0,5000,-5000,-21000,1000,14000,-13000,0,8000,-8000,-1457264
065885,神達元富9C購01  ,0,0,0,0,0,0,0,0,0,-1462000,0,0,0,273000,1735000,-1462000,-1462000
063672,GIS統一9C購01   ,0,0,0,0,0,0,0,0,0,-1463000,0,0,0,101000,1564000,-1463000,-1463000
2886,兆豐金          ,4882040,7245075,-2363035,0,0,0,1237000,366000,871000,8000,102000,0,102000,0,94000,-94000,-1484035
059397,T50反1元富99購05,0,0,0,0,0,0,0,0,0,-1497000,0,0,0,0,1497000,-1497000,-1497000
062597,世紀鋼統一01購01,0,0,0,0,0,0,0,0,0,-1525000,0,0,0,41000,1566000,-1525000,-1525000
061886,力山國泰01購01  ,0,0,0,0,0,0,0,0,0,-1537000,0,0,0,78000,1615000,-1537000,-1537000
066852,矽格元大01購03  ,0,0,0,0,0,0,0,0,0,-1551000,0,0,0,11000,1562000,-1551000,-1551000
065019,華邦電富邦9C購01,0,0,0,0,0,0,0,0,0,-1558000,0,0,0,0,1558000,-1558000,-1558000
063438,聚陽統一9C購01  ,0,0,0,0,0,0,0,0,0,-1571000,0,0,0,12000,1583000,-1571000,-1571000
00634R,富邦上証反1     ,166000,569000,-403000,0,0,0,0,0,0,-1181000,0,0,0,562000,1743000,-1181000,-1584000
064444,聚陽統一01購02  ,0,0,0,0,0,0,0,0,0,-1615000,0,0,0,40000,1655000,-1615000,-1615000
1216,統一            ,7107000,8708203,-1601203,0,0,0,0,15000,-15000,-4000,0,2000,-2000,26000,28000,-2000,-1620203
2409,友達            ,20286000,25270000,-4984000,0,0,0,1600000,1303000,297000,3046000,2747000,197000,2550000,968000,472000,496000,-1641000
3437,榮創            ,557000,2203000,-1646000,0,0,0,0,0,0,0,0,0,0,0,0,0,-1646000
066535,台積電兆豐01購01,0,0,0,0,0,0,0,0,0,-1654000,0,0,0,118000,1772000,-1654000,-1654000
057282,大立光元大99購06,0,0,0,0,0,0,0,0,0,-1664000,0,0,0,463000,2127000,-1664000,-1664000
064988,志超元大9C購01  ,0,0,0,0,0,0,0,0,0,-1735000,0,0,0,0,1735000,-1735000,-1735000
2542,興富發          ,407000,2192201,-1785201,0,0,0,0,0,0,7000,7000,0,7000,0,0,0,-1778201
064883,GIS兆豐01購01   ,0,0,0,0,0,0,0,0,0,-1779000,0,0,0,0,1779000,-1779000,-1779000
063674,力山國泰01購02  ,0,0,0,0,0,0,0,0,0,-1791000,0,0,0,236000,2027000,-1791000,-1791000
064741,南亞科國票01購01,0,0,0,0,0,0,0,0,0,-1799000,0,0,0,14000,1813000,-1799000,-1799000
4927,泰鼎-KY         ,896000,2719000,-1823000,0,0,0,0,35000,-35000,33000,81000,55000,26000,23000,16000,7000,-1825000
063774,GIS富邦9B購02   ,0,0,0,0,0,0,0,0,0,-1865000,0,0,0,6000,1871000,-1865000,-1865000
2633,台灣高鐵        ,1560000,3765000,-2205000,0,0,0,0,7000,-7000,343000,339000,0,339000,65000,61000,4000,-1869000
2340,光磊            ,291000,2173000,-1882000,0,0,0,0,0,0,3000,9000,0,9000,0,6000,-6000,-1879000
064446,聚陽統一02購02  ,0,0,0,0,0,0,0,0,0,-1910000,0,0,0,133000,2043000,-1910000,-1910000
3653,健策            ,591000,897000,-306000,0,0,0,18000,1574000,-1556000,-74000,29000,86000,-57000,18000,35000,-17000,-1936000
9958,世紀鋼          ,287000,1262000,-975000,0,0,0,0,500000,-500000,-467000,20000,11000,9000,98000,574000,-476000,-1942000
1416,廣豐            ,307000,2256000,-1949000,0,0,0,0,0,0,1000,1000,0,1000,0,0,0,-1948000
2912,統一超          ,748000,2840969,-2092969,0,0,0,0,1000,-1000,71000,71000,0,71000,0,0,0,-2022969
065119,大立光富邦03購03,0,0,0,0,0,0,0,0,0,-2023000,0,0,0,19000,2042000,-2023000,-2023000
064656,聚陽元大9C購03  ,0,0,0,0,0,0,0,0,0,-2128000,0,0,0,626000,2754000,-2128000,-2128000
065642,台積電元大9C購13,0,0,0,0,0,0,0,0,0,-2150000,0,0,0,1778000,3928000,-2150000,-2150000
057078,國巨統一9A購02  ,0,0,0,0,0,0,0,0,0,-2153000,0,0,0,0,2153000,-2153000,-2153000
059024,大立光統一9B購04,0,0,0,0,0,0,0,0,0,-2166000,0,0,0,264000,2430000,-2166000,-2166000
00708L,元大S&P黃金正2  ,7000,540000,-533000,0,0,0,0,0,0,-1639000,0,0,0,553000,2192000,-1639000,-2172000
00671R,富邦NASDAQ反1   ,27000,27000,0,0,0,0,0,0,0,-2195000,0,0,0,146000,2341000,-2195000,-2195000
065352,GIS統一01購04   ,0,0,0,0,0,0,0,0,0,-2200000,0,0,0,65000,2265000,-2200000,-2200000
2892,第一金          ,5412000,8337750,-2925750,0,0,0,539000,32000,507000,169000,169000,0,169000,0,0,0,-2249750
4142,國光生          ,1181000,3433000,-2252000,0,0,0,0,0,0,2000,2000,0,2000,0,0,0,-2250000
064676,聚陽兆豐9C購01  ,0,0,0,0,0,0,0,0,0,-2314000,0,0,0,0,2314000,-2314000,-2314000
07486P,上証2X國票9B售02,0,0,0,0,0,0,0,0,0,-2341000,0,0,0,0,2341000,-2341000,-2341000
2505,國揚            ,1002000,3375000,-2373000,0,0,0,0,0,0,-7000,1000,40000,-39000,91000,59000,32000,-2380000
2102,泰豐            ,874000,3393000,-2519000,0,0,0,0,0,0,115000,0,133000,-133000,262000,14000,248000,-2404000
2393,億光            ,609000,3397000,-2788000,0,0,0,0,0,0,362000,126000,22000,104000,329000,71000,258000,-2426000
2417,圓剛            ,2329000,5181000,-2852000,0,0,0,312000,0,312000,0,25000,25000,0,0,0,0,-2540000
2027,大成鋼          ,903000,3559660,-2656660,0,0,0,0,0,0,-16000,74000,6000,68000,11000,95000,-84000,-2672660
00676R,富邦臺灣加權反1 ,0,4000,-4000,0,0,0,0,0,0,-2686000,0,0,0,200000,2886000,-2686000,-2690000
064613,聯電元大9C購05  ,0,0,0,0,0,0,0,0,0,-2805000,0,0,0,242000,3047000,-2805000,-2805000
2618,長榮航          ,1256300,4062009,-2805709,0,0,0,0,8000,-8000,-38000,6000,0,6000,50000,94000,-44000,-2851709
06696P,台灣50國票99售01,0,0,0,0,0,0,0,0,0,-2891000,0,0,0,55000,2946000,-2891000,-2891000
066688,台積電元富07購01,0,0,0,0,0,0,0,0,0,-2932000,0,0,0,5000,2937000,-2932000,-2932000
064821,聯電統一02購01  ,0,0,0,0,0,0,0,0,0,-3003000,0,0,0,315000,3318000,-3003000,-3003000
06771P,台灣50中信02售01,0,0,0,0,0,0,0,0,0,-3082000,0,0,0,120000,3202000,-3082000,-3082000
2376,技嘉            ,2652000,5976000,-3324000,0,0,0,550000,443000,107000,126000,520000,220000,300000,233000,407000,-174000,-3091000
4915,致伸            ,1369000,4838000,-3469000,0,0,0,125000,0,125000,-14000,2000,0,2000,3000,19000,-16000,-3358000
2610,華航            ,1781000,6251452,-4470452,0,0,0,0,4000,-4000,25000,25000,0,25000,0,0,0,-4449452
2448,晶電            ,1965000,7918000,-5953000,0,0,0,116000,0,116000,440000,508000,76000,432000,8000,0,8000,-5397000
2603,長榮            ,1679062,3138000,-1458938,0,0,0,0,4569000,-4569000,308000,613000,306000,307000,1000,0,1000,-5719938
2449,京元電子        ,3193000,15382000,-12189000,0,0,0,0,11000,-11000,-1271000,7000,890000,-883000,61000,449000,-388000,-13471000
00632R,元大台灣50反1   ,531000,4397000,-3866000,0,0,0,0,0,0,-15484000,680000,450000,230000,6515000,22229000,-15714000,-19350000
00677U,富邦VIX         ,9694000,70334000,-60640000,0,0,0,0,0,0,-32263000,1398000,0,1398000,164000,33825000,-33661000,-92903000
