證券代號,證券名稱,外陸資買進股數(不含外資自營商),外陸資賣出股數(不含外資自營商),外陸資買賣超股數(不含外資自營商),外資自營商買進股數,外資自營商賣出股數,外資自營商買賣超股數,投信買進股數,投信賣出股數,投信買賣超股數,自營商買賣超股數,自營商買進股數(自行買賣),自營商賣出股數(自行買賣),自營商買賣超股數(自行買賣),自營商買進股數(避險),自營商賣出股數(避險),自營商買賣超股數(避險),三大法人買賣超股數
1605,華新            ,23006000,6194000,16812000,0,0,0,0,31000,-31000,629000,510000,421000,89000,1069000,529000,540000,17410000
00677U,富邦VIX         ,73331000,57223000,16108000,0,0,0,0,0,0,-2432000,5989000,800000,5189000,23938000,31559000,-7621000,13676000
2313,華通            ,13065000,3803000,9262000,0,0,0,2458000,2000,2456000,896000,997000,1164000,-167000,1185000,122000,1063000,12614000
2882,國泰金          ,11400046,3938659,7461387,0,0,0,3711000,0,3711000,-449000,280000,831000,-551000,326000,224000,102000,10723387
00852L,國泰美國道瓊正2 ,2647000,0,2647000,0,0,0,0,0,0,7361000,100000,0,100000,15110000,7849000,7261000,10008000
3231,緯創            ,9394082,4179607,5214475,0,0,0,4517000,0,4517000,89000,251000,375000,-124000,354000,141000,213000,9820475
2885,元大金          ,27058579,20732852,6325727,0,0,0,55000,148000,-93000,2065000,1894000,1000,1893000,172000,0,172000,8297727
2801,彰銀            ,3022746,3783678,-760932,0,0,0,0,0,0,7998000,3465000,633000,2832000,5166000,0,5166000,7237068
2312,金寶            ,7940000,723000,7217000,0,0,0,0,0,0,-194000,0,1000,-1000,233000,426000,-193000,7023000
0056,元大高股息      ,18105,13000,5105,0,0,0,40000,0,40000,5225000,0,0,0,5493000,268000,5225000,5270105
1434,福懋            ,5569100,661856,4907244,0,0,0,0,225000,-225000,-148000,75000,223000,-148000,0,0,0,4534244
2330,台積電          ,18306830,13191763,5115067,0,0,0,37000,55000,-18000,-666000,786000,1685000,-899000,554000,321000,233000,4431067
2108,南帝            ,4074000,1993000,2081000,0,0,0,2053000,0,2053000,48000,131000,83000,48000,0,0,0,4182000
2327,國巨            ,6468432,2123670,4344762,0,0,0,86000,0,86000,-406000,176000,248000,-72000,160000,494000,-334000,4024762
6116,彩晶            ,4990000,1922000,3068000,0,0,0,0,0,0,749000,82000,81000,1000,873000,125000,748000,3817000
00861,元大全球未來通訊,239000,23000,216000,0,0,0,0,0,0,3601000,0,0,0,3817000,216000,3601000,3817000
2308,台達電          ,5928281,2650775,3277506,0,0,0,275000,0,275000,-66000,139000,228000,-89000,59000,36000,23000,3486506
2809,京城銀          ,3591000,2070000,1521000,0,0,0,231000,0,231000,1554000,1554000,0,1554000,0,0,0,3306000
2323,中環            ,4405000,640000,3765000,0,0,0,0,0,0,-629000,36000,478000,-442000,1000,188000,-187000,3136000
2387,精元            ,1964000,1505000,459000,0,0,0,2446000,0,2446000,149000,111000,22000,89000,66000,6000,60000,3054000
2324,仁寶            ,5721023,2853906,2867117,0,0,0,522000,42000,480000,-329000,85000,201000,-116000,1000,214000,-213000,3018117
2515,中工            ,2645000,191000,2454000,0,0,0,0,0,0,9000,22000,0,22000,36000,49000,-13000,2463000
3711,日月光投控      ,5315201,2579329,2735872,0,0,0,2000,5000,-3000,-519000,25000,392000,-367000,8000,160000,-152000,2213872
2382,廣達            ,3921384,2056587,1864797,0,0,0,239000,4000,235000,60000,365000,248000,117000,15000,72000,-57000,2159797
064153,中壽統一9C購01  ,0,0,0,0,0,0,0,0,0,2128000,0,0,0,2184000,56000,2128000,2128000
2347,聯強            ,4384259,1997442,2386817,0,0,0,1000,126000,-125000,-148000,131000,161000,-30000,0,118000,-118000,2113817
058546,玉晶光富邦9B購01,0,0,0,0,0,0,0,0,0,2091000,0,0,0,2289000,198000,2091000,2091000
2356,英業達          ,3150303,2180849,969454,0,0,0,1486000,31000,1455000,-428000,233000,425000,-192000,47000,283000,-236000,1996454
063490,儒鴻富邦9C購01  ,0,0,0,0,0,0,0,0,0,1991000,0,0,0,2187000,196000,1991000,1991000
2449,京元電子        ,4518000,2918000,1600000,0,0,0,494000,0,494000,-130000,382000,137000,245000,213000,588000,-375000,1964000
053799,矽創中信9A購01  ,0,0,0,0,0,0,0,0,0,1905000,0,0,0,1905000,0,1905000,1905000
058380,臺股指凱基99購15,0,0,0,0,0,0,0,0,0,1873000,0,0,0,2025000,152000,1873000,1873000
1477,聚陽            ,2007150,470000,1537150,0,0,0,211000,0,211000,108000,141000,40000,101000,62000,55000,7000,1856150
1402,遠東新          ,3785328,1744209,2041119,0,0,0,57000,0,57000,-257000,34000,507000,-473000,238000,22000,216000,1841119
1701,中化            ,2527000,809000,1718000,0,0,0,0,0,0,0,0,0,0,0,0,0,1718000
3698,隆達            ,4320000,2690000,1630000,0,0,0,0,0,0,23000,98000,99000,-1000,39000,15000,24000,1653000
2367,燿華            ,5584000,4434000,1150000,0,0,0,0,0,0,488000,791000,666000,125000,721000,358000,363000,1638000
2881,富邦金          ,10053762,7391747,2662015,0,0,0,0,220000,-220000,-842000,3000,663000,-660000,65000,247000,-182000,1600015
052113,漢唐中信98購01  ,0,0,0,0,0,0,0,0,0,1547000,0,0,0,1699000,152000,1547000,1547000
2353,宏碁            ,3844783,2140021,1704762,0,0,0,2000,29000,-27000,-159000,85000,384000,-299000,220000,80000,140000,1518762
1904,正隆            ,1323000,862000,461000,0,0,0,1314000,300000,1014000,16000,119000,68000,51000,15000,50000,-35000,1491000
2614,東森            ,1777000,315000,1462000,0,0,0,0,0,0,0,0,0,0,0,0,0,1462000
3042,晶技            ,2175000,1348000,827000,0,0,0,866000,0,866000,-237000,30000,78000,-48000,109000,298000,-189000,1456000
8046,南電            ,2808000,2675000,133000,0,0,0,1478000,282000,1196000,118000,149000,176000,-27000,294000,149000,145000,1447000
2880,華南金          ,4709875,2606092,2103783,0,0,0,0,0,0,-658000,109000,767000,-658000,0,0,0,1445783
3682,亞太電          ,2767000,1325000,1442000,0,0,0,0,0,0,-2000,0,2000,-2000,0,0,0,1440000
2379,瑞昱            ,1657888,1237252,420636,0,0,0,735000,0,735000,263000,226000,90000,136000,171000,44000,127000,1418636
2332,友訊            ,3738000,2938000,800000,0,0,0,0,0,0,608000,44000,116000,-72000,854000,174000,680000,1408000
050400,臻鼎中信97購01  ,0,0,0,0,0,0,0,0,0,1400000,0,0,0,1400000,0,1400000,1400000
6452,康友-KY         ,1699000,525795,1173205,0,0,0,0,0,0,171000,0,20000,-20000,223000,32000,191000,1344205
3029,零壹            ,1660000,336000,1324000,0,0,0,0,0,0,2000,2000,0,2000,0,0,0,1326000
07478P,南電康和9A售02  ,0,0,0,0,0,0,0,0,0,1313000,0,0,0,1638000,325000,1313000,1313000
061021,聯電國泰9B購01  ,0,0,0,0,0,0,0,0,0,1222000,0,0,0,1222000,0,1222000,1222000
063567,漢唐元大9B購03  ,0,0,0,0,0,0,0,0,0,1212000,0,0,0,1476000,264000,1212000,1212000
3189,景碩            ,3683000,1625000,2058000,0,0,0,0,544000,-544000,-337000,89000,433000,-344000,148000,141000,7000,1177000
1217,愛之味          ,1391000,214000,1177000,0,0,0,0,0,0,0,0,0,0,0,0,0,1177000
1718,中纖            ,1513000,371000,1142000,0,0,0,0,0,0,12000,14000,2000,12000,0,0,0,1154000
062816,華新科兆豐9B購01,0,0,0,0,0,0,0,0,0,1154000,0,0,0,1164000,10000,1154000,1154000
1722,台肥            ,488000,531000,-43000,0,0,0,1319000,7000,1312000,-148000,0,154000,-154000,6000,0,6000,1121000
2448,晶電            ,2774000,1895000,879000,0,0,0,1000,0,1000,225000,302000,341000,-39000,264000,0,264000,1105000
2606,裕民            ,1565000,115000,1450000,0,0,0,0,447000,-447000,101000,100000,74000,26000,75000,0,75000,1104000
063203,華新科統一9C購04,0,0,0,0,0,0,0,0,0,1072000,0,0,0,1072000,0,1072000,1072000
062537,聯電國泰9C購01  ,0,0,0,0,0,0,0,0,0,1069000,0,0,0,1074000,5000,1069000,1069000
9938,百和            ,798000,182000,616000,0,0,0,390000,0,390000,52000,14000,45000,-31000,102000,19000,83000,1058000
064809,冠德元大9C購01  ,0,0,0,0,0,0,0,0,0,1051000,0,0,0,1225000,174000,1051000,1051000
052847,漢唐統一99購01  ,0,0,0,0,0,0,0,0,0,1015000,0,0,0,1015000,0,1015000,1015000
2511,太子            ,1037000,37600,999400,0,0,0,0,0,0,7000,7000,0,7000,0,0,0,1006400
6271,同欣電          ,768000,483000,285000,0,0,0,719000,60000,659000,51000,37000,29000,8000,74000,31000,43000,995000
2887,台新金          ,5000081,3290910,1709171,0,0,0,0,0,0,-715000,108000,672000,-564000,0,151000,-151000,994171
4119,旭富            ,1408000,807000,601000,0,0,0,0,0,0,388000,0,17000,-17000,429000,24000,405000,989000
056292,統一元大97購01  ,0,0,0,0,0,0,0,0,0,977000,0,0,0,1053000,76000,977000,977000
064176,京元電國泰01購01,0,0,0,0,0,0,0,0,0,956000,0,0,0,966000,10000,956000,956000
2337,旺宏            ,11903200,8693000,3210200,0,0,0,1000,614000,-613000,-1647000,398000,310000,88000,390000,2125000,-1735000,950200
3705,永信            ,957000,32000,925000,0,0,0,0,0,0,0,0,0,0,0,0,0,925000
062655,漢唐永豐9B購01  ,0,0,0,0,0,0,0,0,0,921000,0,0,0,922000,1000,921000,921000
2888,新光金          ,14479426,10341774,4137652,0,0,0,0,0,0,-3217000,263000,3432000,-3169000,183000,231000,-48000,920652
2820,華票            ,309000,967000,-658000,0,0,0,1649000,0,1649000,-79000,59000,138000,-79000,0,0,0,912000
00752,中信中國50      ,5000,5000,0,0,0,0,0,0,0,905000,0,0,0,1189000,284000,905000,905000
1717,長興            ,1395000,449000,946000,0,0,0,0,0,0,-48000,100000,148000,-48000,0,0,0,898000
4142,國光生          ,8158000,7263000,895000,0,0,0,0,0,0,0,0,0,0,0,0,0,895000
1789,神隆            ,3148000,2450000,698000,0,0,0,0,0,0,191000,0,1000,-1000,316000,124000,192000,889000
07793P,同欣電元大9A售02,0,0,0,0,0,0,0,0,0,887000,0,0,0,940000,53000,887000,887000
058605,華邦電元大99購04,0,0,0,0,0,0,0,0,0,881000,0,0,0,901000,20000,881000,881000
058137,玉晶光元大99購11,0,0,0,0,0,0,0,0,0,880000,0,0,0,981000,101000,880000,880000
064250,亞光元富9C購01  ,0,0,0,0,0,0,0,0,0,880000,0,0,0,1234000,354000,880000,880000
2314,台揚            ,1267000,396000,871000,0,0,0,0,0,0,0,0,0,0,0,0,0,871000
2489,瑞軒            ,1030000,65000,965000,0,0,0,0,0,0,-103000,8000,111000,-103000,0,0,0,862000
063664,漢唐統一9C購01  ,0,0,0,0,0,0,0,0,0,862000,0,0,0,862000,0,862000,862000
064273,華邦電元大9C購02,0,0,0,0,0,0,0,0,0,853000,0,0,0,853000,0,853000,853000
061625,聯茂群益9A購02  ,0,0,0,0,0,0,0,0,0,849000,0,0,0,951000,102000,849000,849000
08277P,嘉晶元富9C售02  ,0,0,0,0,0,0,0,0,0,846000,0,0,0,883000,37000,846000,846000
062360,華邦電元大9B購01,0,0,0,0,0,0,0,0,0,838000,0,0,0,962000,124000,838000,838000
8215,明基材          ,1212000,386000,826000,0,0,0,0,0,0,0,0,0,0,0,0,0,826000
061080,華邦電兆豐9B購01,0,0,0,0,0,0,0,0,0,824000,0,0,0,829000,5000,824000,824000
058447,玉晶光富邦9A購02,0,0,0,0,0,0,0,0,0,815000,0,0,0,815000,0,815000,815000
063804,華邦電兆豐01購01,0,0,0,0,0,0,0,0,0,809000,0,0,0,819000,10000,809000,809000
059851,晶相光永豐99購02,0,0,0,0,0,0,0,0,0,807000,0,0,0,807000,0,807000,807000
1714,和桐            ,970000,165000,805000,0,0,0,0,0,0,0,0,0,0,0,0,0,805000
064463,聯茂統一01購02  ,0,0,0,0,0,0,0,0,0,805000,0,0,0,805000,0,805000,805000
062863,聯茂國票9B購01  ,0,0,0,0,0,0,0,0,0,803000,0,0,0,827000,24000,803000,803000
064599,台積電元富9C購03,0,0,0,0,0,0,0,0,0,798000,0,0,0,905000,107000,798000,798000
064388,緯穎富邦9C購01  ,0,0,0,0,0,0,0,0,0,788000,0,0,0,873000,85000,788000,788000
2002,中鋼            ,6340141,4473754,1866387,0,0,0,0,0,0,-1079000,0,1062000,-1062000,0,17000,-17000,787387
058854,樺漢群益9B購01  ,0,0,0,0,0,0,0,0,0,786000,0,0,0,806000,20000,786000,786000
00738U,元大道瓊白銀    ,406000,15000,391000,0,0,0,0,0,0,391000,0,0,0,674000,283000,391000,782000
057442,玉晶光統一98購03,0,0,0,0,0,0,0,0,0,780000,0,0,0,826000,46000,780000,780000
3413,京鼎            ,747000,184000,563000,0,0,0,172000,0,172000,40000,0,10000,-10000,106000,56000,50000,775000
060671,亞德客元大9A購03,0,0,0,0,0,0,0,0,0,773000,0,0,0,969000,196000,773000,773000
2605,新興            ,775000,45000,730000,0,0,0,0,0,0,40000,40000,0,40000,0,0,0,770000
057727,華邦電國泰9A購01,0,0,0,0,0,0,0,0,0,769000,0,0,0,769000,0,769000,769000
064177,立積國泰01購01  ,0,0,0,0,0,0,0,0,0,767000,0,0,0,813000,46000,767000,767000
1312,國喬            ,1790000,1072000,718000,0,0,0,0,0,0,47000,20000,21000,-1000,48000,0,48000,765000
063063,泰鼎元富9B購01  ,0,0,0,0,0,0,0,0,0,758000,0,0,0,818000,60000,758000,758000
063680,寶成富邦9C購01  ,0,0,0,0,0,0,0,0,0,755000,0,0,0,760000,5000,755000,755000
057347,國巨統一9A購03  ,0,0,0,0,0,0,0,0,0,751000,0,0,0,911000,160000,751000,751000
9914,美利達          ,1242000,732900,509100,0,0,0,238000,10000,228000,5000,39000,34000,5000,0,0,0,742100
060307,南港永豐9A購01  ,0,0,0,0,0,0,0,0,0,738000,0,0,0,751000,13000,738000,738000
063769,玉晶光國泰02購01,0,0,0,0,0,0,0,0,0,735000,0,0,0,843000,108000,735000,735000
062385,玉晶光國泰01購01,0,0,0,0,0,0,0,0,0,732000,0,0,0,780000,48000,732000,732000
055421,玉晶光永豐98購04,0,0,0,0,0,0,0,0,0,725000,0,0,0,1264000,539000,725000,725000
04786P,鴻海永昌96售01  ,0,0,0,0,0,0,0,0,0,723000,0,0,0,723000,0,723000,723000
4746,台耀            ,2864000,2146000,718000,0,0,0,0,0,0,0,11000,11000,0,0,0,0,718000
064449,金寶統一01購02  ,0,0,0,0,0,0,0,0,0,718000,0,0,0,770000,52000,718000,718000
060030,晶相光永豐99購03,0,0,0,0,0,0,0,0,0,714000,0,0,0,714000,0,714000,714000
062955,立積永豐9B購02  ,0,0,0,0,0,0,0,0,0,710000,0,0,0,710000,0,710000,710000
060426,盛群永豐9A購01  ,0,0,0,0,0,0,0,0,0,706000,0,0,0,706000,0,706000,706000
064045,南亞科統一9C購04,0,0,0,0,0,0,0,0,0,704000,0,0,0,704000,0,704000,704000
057383,玉晶光富邦9A購01,0,0,0,0,0,0,0,0,0,701000,0,0,0,701000,0,701000,701000
062699,台積電元大01購02,0,0,0,0,0,0,0,0,0,701000,0,0,0,760000,59000,701000,701000
061306,瑞祺永豐9A購02  ,0,0,0,0,0,0,0,0,0,697000,0,0,0,697000,0,697000,697000
063071,華新科富邦02購01,0,0,0,0,0,0,0,0,0,697000,0,0,0,701000,4000,697000,697000
2104,國際中橡        ,1188000,529000,659000,0,0,0,0,0,0,22000,50000,85000,-35000,90000,33000,57000,681000
1762,中化生          ,2870000,2255000,615000,0,0,0,66000,0,66000,0,50000,50000,0,0,0,0,681000
064054,中租統一02購01  ,0,0,0,0,0,0,0,0,0,679000,0,0,0,1048000,369000,679000,679000
2485,兆赫            ,846000,269000,577000,0,0,0,0,0,0,101000,150000,49000,101000,0,0,0,678000
1216,統一            ,4567690,3272164,1295526,0,0,0,0,26000,-26000,-592000,0,448000,-448000,27000,171000,-144000,677526
4414,如興            ,4865000,4189000,676000,0,0,0,0,0,0,0,0,0,0,0,0,0,676000
062057,華邦電統一01購01,0,0,0,0,0,0,0,0,0,675000,0,0,0,745000,70000,675000,675000
060817,華邦電台新9A購01,0,0,0,0,0,0,0,0,0,664000,0,0,0,684000,20000,664000,664000
059355,國巨富邦9B購03  ,0,0,0,0,0,0,0,0,0,663000,0,0,0,667000,4000,663000,663000
063107,矽創群益9B購01  ,0,0,0,0,0,0,0,0,0,662000,0,0,0,672000,10000,662000,662000
058776,台積電國票9A購03,0,0,0,0,0,0,0,0,0,656000,0,0,0,927000,271000,656000,656000
063894,漢唐群益9C購01  ,0,0,0,0,0,0,0,0,0,651000,0,0,0,957000,306000,651000,651000
062969,旺宏元富9B購01  ,0,0,0,0,0,0,0,0,0,649000,0,0,0,649000,0,649000,649000
055331,國巨兆豐99購01  ,0,0,0,0,0,0,0,0,0,647000,0,0,0,820000,173000,647000,647000
054640,健策中信9B購01  ,0,0,0,0,0,0,0,0,0,647000,0,0,0,818000,171000,647000,647000
03414B,臺股指凱基99熊01,23000,50000,-27000,0,0,0,0,0,0,669000,0,0,0,1964000,1295000,669000,642000
062889,可成群益9C購01  ,0,0,0,0,0,0,0,0,0,640000,0,0,0,653000,13000,640000,640000
060861,漢唐永豐9A購01  ,0,0,0,0,0,0,0,0,0,635000,0,0,0,650000,15000,635000,635000
064095,鴻海群益01購02  ,0,0,0,0,0,0,0,0,0,635000,0,0,0,838000,203000,635000,635000
063265,瑞祺永豐9B購01  ,0,0,0,0,0,0,0,0,0,623000,0,0,0,623000,0,623000,623000
060790,日月光富邦9A購01,0,0,0,0,0,0,0,0,0,622000,0,0,0,638000,16000,622000,622000
060428,瑞祺永豐9A購01  ,0,0,0,0,0,0,0,0,0,621000,0,0,0,751000,130000,621000,621000
064471,國巨麥證9C購02  ,0,0,0,620000,0,620000,0,0,0,620000,0,0,0,620000,0,620000,620000
061610,力成統一9C購01  ,0,0,0,0,0,0,0,0,0,618000,0,0,0,728000,110000,618000,618000
059261,華邦電中信01購01,0,0,0,0,0,0,0,0,0,615000,0,0,0,793000,178000,615000,615000
061212,聯鈞元大9A購04  ,0,0,0,0,0,0,0,0,0,612000,0,0,0,719000,107000,612000,612000
062462,GIS群益9B購01   ,0,0,0,0,0,0,0,0,0,611000,0,0,0,708000,97000,611000,611000
062817,富邦金兆豐9B購01,0,0,0,0,0,0,0,0,0,604000,0,0,0,703000,99000,604000,604000
07218P,臺股指凱基99售31,0,0,0,0,0,0,0,0,0,601000,0,0,0,697000,96000,601000,601000
060289,京元電元大9A購01,0,0,0,0,0,0,0,0,0,601000,0,0,0,876000,275000,601000,601000
063903,國巨麥證01購01  ,0,0,0,600000,0,600000,0,0,0,600000,0,0,0,600000,0,600000,600000
2481,強茂            ,1322000,697000,625000,0,0,0,0,0,0,-27000,0,29000,-29000,10000,8000,2000,598000
056638,臺股指日盛98購01,10000,0,10000,0,0,0,0,0,0,586000,0,0,0,1295000,709000,586000,596000
9921,巨大            ,1700673,1168235,532438,0,0,0,48000,0,48000,14000,15000,49000,-34000,48000,0,48000,594438
1795,美時            ,814000,225000,589000,0,0,0,0,0,0,4000,4000,0,4000,0,0,0,593000
3037,欣興            ,5570100,6073000,-502900,0,0,0,533000,26000,507000,588000,799000,425000,374000,563000,349000,214000,592100
2601,益航            ,930000,242000,688000,0,0,0,0,0,0,-96000,0,96000,-96000,0,0,0,592000
063542,泰鼎元富9B購02  ,0,0,0,0,0,0,0,0,0,591000,0,0,0,651000,60000,591000,591000
060763,聯鈞元大9A購03  ,0,0,0,0,0,0,0,0,0,589000,0,0,0,672000,83000,589000,589000
2363,矽統            ,1216000,629000,587000,0,0,0,0,0,0,0,0,0,0,0,0,0,587000
06822P,上銀富邦99售03  ,0,0,0,0,0,0,0,0,0,587000,0,0,0,657000,70000,587000,587000
061348,聯鈞元大9A購05  ,0,0,0,0,0,0,0,0,0,581000,0,0,0,674000,93000,581000,581000
057971,華新科富邦9B購02,0,0,0,0,0,0,0,0,0,578000,0,0,0,595000,17000,578000,578000
062496,矽創中信9B購01  ,0,0,0,0,0,0,0,0,0,577000,0,0,0,829000,252000,577000,577000
1598,岱宇            ,1141000,546000,595000,0,0,0,0,0,0,-21000,3000,24000,-21000,0,0,0,574000
058822,樺漢國泰9B購01  ,0,0,0,0,0,0,0,0,0,574000,0,0,0,574000,0,574000,574000
08663P,台灣50元大96售01,0,0,0,0,0,0,0,0,0,573000,0,0,0,573000,0,573000,573000
07677P,祥碩永豐9A售01  ,0,0,0,0,0,0,0,0,0,572000,0,0,0,572000,0,572000,572000
8150,南茂            ,2258000,1923000,335000,0,0,0,482000,6000,476000,-241000,60000,69000,-9000,174000,406000,-232000,570000
058604,華邦電元大99購03,0,0,0,0,0,0,0,0,0,569000,0,0,0,569000,0,569000,569000
060769,國巨麥證9A購02  ,0,0,0,568000,0,568000,0,0,0,568000,0,0,0,568000,0,568000,568000
062577,泰鼎群益9B購01  ,0,0,0,0,0,0,0,0,0,567000,0,0,0,762000,195000,567000,567000
062351,瑞祺群益9C購01  ,0,0,0,0,0,0,0,0,0,562000,0,0,0,705000,143000,562000,562000
063354,茂林元富9B購02  ,0,0,0,0,0,0,0,0,0,562000,0,0,0,570000,8000,562000,562000
062697,國巨元大9C購01  ,0,0,0,0,0,0,0,0,0,557000,0,0,0,567000,10000,557000,557000
056848,泰鼎元富98購01  ,0,0,0,0,0,0,0,0,0,556000,0,0,0,646000,90000,556000,556000
00647L,元大S&P500正2   ,45000,50000,-5000,0,0,0,0,0,0,558000,0,0,0,646000,88000,558000,553000
061796,興勤永豐9B購01  ,0,0,0,0,0,0,0,0,0,553000,0,0,0,553000,0,553000,553000
2105,正新            ,2977203,2074245,902958,0,0,0,0,0,0,-350000,11000,402000,-391000,41000,0,41000,552958
2401,凌陽            ,810000,225000,585000,0,0,0,0,0,0,-35000,22000,57000,-35000,0,0,0,550000
054494,訊芯台新96購01  ,0,0,0,0,0,0,0,0,0,550000,0,0,0,550000,0,550000,550000
061012,國巨麥證9A購03  ,0,0,0,550000,0,550000,0,0,0,550000,0,0,0,550000,0,550000,550000
2329,華泰            ,1212000,611000,601000,0,0,0,0,0,0,-52000,0,52000,-52000,0,0,0,549000
057730,聯鈞國泰9A購01  ,0,0,0,0,0,0,0,0,0,549000,0,0,0,611000,62000,549000,549000
060562,旺宏富邦9C購02  ,0,0,0,0,0,0,0,0,0,549000,0,0,0,559000,10000,549000,549000
064472,國巨麥證9C購03  ,0,0,0,546000,0,546000,0,0,0,546000,0,0,0,546000,0,546000,546000
063546,國巨兆豐9C購03  ,0,0,0,0,0,0,0,0,0,541000,0,0,0,553000,12000,541000,541000
062696,國巨元大9B購16  ,0,0,0,0,0,0,0,0,0,541000,0,0,0,561000,20000,541000,541000
063663,台光電統一9C購01,0,0,0,0,0,0,0,0,0,540000,0,0,0,549000,9000,540000,540000
057104,康友中信99購01  ,0,0,0,0,0,0,0,0,0,539000,0,0,0,559000,20000,539000,539000
06576P,台光電群益98售03,0,0,0,0,0,0,0,0,0,538000,0,0,0,538000,0,538000,538000
058005,茂林群益98購04  ,0,0,0,0,0,0,0,0,0,536000,0,0,0,617000,81000,536000,536000
063061,華新科元富9B購04,0,0,0,0,0,0,0,0,0,533000,0,0,0,533000,0,533000,533000
059581,日月光元富99購02,0,0,0,0,0,0,0,0,0,532000,0,0,0,776000,244000,532000,532000
059849,興勤永豐99購01  ,0,0,0,0,0,0,0,0,0,530000,0,0,0,530000,0,530000,530000
063207,聯茂統一01購01  ,0,0,0,0,0,0,0,0,0,527000,0,0,0,652000,125000,527000,527000
8016,矽創            ,1126000,534000,592000,0,0,0,0,0,0,-65000,0,11000,-11000,48000,102000,-54000,527000
3545,敦泰            ,1258000,733000,525000,0,0,0,0,0,0,0,0,0,0,0,0,0,525000
058113,百和元富98購01  ,0,0,0,0,0,0,0,0,0,525000,0,0,0,661000,136000,525000,525000
061512,國巨永豐9A購04  ,0,0,0,0,0,0,0,0,0,522000,0,0,0,522000,0,522000,522000
062950,貿聯富邦01購01  ,0,0,0,0,0,0,0,0,0,522000,0,0,0,542000,20000,522000,522000
062644,中環國泰9C購01  ,0,0,0,0,0,0,0,0,0,522000,0,0,0,633000,111000,522000,522000
063348,祥碩統一01購04  ,0,0,0,0,0,0,0,0,0,522000,0,0,0,542000,20000,522000,522000
2390,云辰            ,1431000,912000,519000,0,0,0,0,0,0,1000,2000,1000,1000,0,0,0,520000
060633,玉晶光富邦02購01,0,0,0,0,0,0,0,0,0,517000,0,0,0,589000,72000,517000,517000
064750,緯穎麥證9C購01  ,0,0,0,515000,0,515000,0,0,0,515000,0,0,0,515000,0,515000,515000
064603,和碩元富9C購01  ,0,0,0,0,0,0,0,0,0,512000,0,0,0,515000,3000,512000,512000
061193,玉晶光永豐9B購02,0,0,0,0,0,0,0,0,0,511000,0,0,0,516000,5000,511000,511000
063656,台光電元富03購01,0,0,0,0,0,0,0,0,0,510000,0,0,0,787000,277000,510000,510000
058209,臺股指凱基01購01,0,0,0,0,0,0,0,0,0,509000,0,0,0,1447000,938000,509000,509000
060120,聯電富邦9B購01  ,0,0,0,0,0,0,0,0,0,509000,0,0,0,509000,0,509000,509000
07774P,台灣50群益9A售16,0,0,0,0,0,0,0,0,0,506000,0,0,0,936000,430000,506000,506000
1590,亞德客-KY       ,950134,374143,575991,0,0,0,0,23000,-23000,-47000,0,18000,-18000,13000,42000,-29000,505991
064180,國巨富邦02購03  ,0,0,0,0,0,0,0,0,0,505000,0,0,0,1520000,1015000,505000,505000
063060,華新科元富9B購03,0,0,0,0,0,0,0,0,0,504000,0,0,0,536000,32000,504000,504000
064555,力山群益01購01  ,0,0,0,0,0,0,0,0,0,502000,0,0,0,504000,2000,502000,502000
4906,正文            ,853000,406000,447000,0,0,0,0,0,0,54000,0,0,0,114000,60000,54000,501000
057085,立積統一9B購02  ,10000,0,10000,0,0,0,0,0,0,491000,0,0,0,582000,91000,491000,501000
063064,台表科元富9B購01,0,0,0,0,0,0,0,0,0,501000,0,0,0,532000,31000,501000,501000
062218,燿華統一01購01  ,0,0,0,0,0,0,0,0,0,501000,0,0,0,678000,177000,501000,501000
08637P,台灣50中信96售03,0,0,0,0,0,0,0,0,0,499000,0,0,0,499000,0,499000,499000
07469P,台達電元大9A售01,0,0,0,0,0,0,0,0,0,499000,0,0,0,499000,0,499000,499000
05626P,景碩國票97售03  ,0,0,0,0,0,0,0,0,0,499000,0,0,0,499000,0,499000,499000
057539,南茂元大98購02  ,0,0,0,0,0,0,0,0,0,499000,0,0,0,604000,105000,499000,499000
062502,旺宏群益9C購01  ,0,0,0,0,0,0,0,0,0,499000,0,0,0,499000,0,499000,499000
064395,華新科永豐9C購02,0,0,0,0,0,0,0,0,0,499000,0,0,0,502000,3000,499000,499000
061725,國巨麥證9A購05  ,0,0,0,497000,0,497000,0,0,0,497000,0,0,0,497000,0,497000,497000
056352,鴻海元大99購01  ,0,0,0,0,0,0,0,0,0,496000,0,0,0,497000,1000,496000,496000
061594,玉晶光永豐9A購08,0,0,0,0,0,0,0,0,0,496000,0,0,0,508000,12000,496000,496000
1455,集盛            ,934000,440000,494000,0,0,0,0,0,0,0,0,0,0,0,0,0,494000
057450,國泰金元富98購01,0,0,0,0,0,0,0,0,0,493000,0,0,0,670000,177000,493000,493000
062026,華邦電群益9B購01,0,0,0,0,0,0,0,0,0,493000,0,0,0,527000,34000,493000,493000
057969,緯穎國泰99購01  ,0,0,0,0,0,0,0,0,0,491000,0,0,0,528000,37000,491000,491000
058614,台郡元大9A購01  ,0,0,0,0,0,0,0,0,0,491000,0,0,0,501000,10000,491000,491000
058841,深中小群益01購01,0,0,0,0,0,0,0,0,0,491000,0,0,0,648000,157000,491000,491000
057684,聯茂日盛99購01  ,0,0,0,0,0,0,0,0,0,490000,0,0,0,490000,0,490000,490000
061916,元金2X凱基02購01,0,0,0,0,0,0,0,0,0,490000,0,0,0,510000,20000,490000,490000
063278,國巨元大9C購04  ,0,0,0,0,0,0,0,0,0,487000,0,0,0,497000,10000,487000,487000
057206,立積元富98購01  ,0,0,0,0,0,0,0,0,0,484000,0,0,0,539000,55000,484000,484000
00875,國泰網路資安    ,588000,0,588000,0,0,0,0,0,0,-104000,0,0,0,275000,379000,-104000,484000
057514,華新科元富99購03,0,0,0,0,0,0,0,0,0,483000,0,0,0,515000,32000,483000,483000
063453,創意統一9C購01  ,0,0,0,0,0,0,0,0,0,483000,0,0,0,483000,0,483000,483000
061087,國巨統一01購04  ,0,0,0,0,0,0,0,0,0,482000,0,0,0,558000,76000,482000,482000
060641,聯鈞永豐9A購01  ,0,0,0,0,0,0,0,0,0,482000,0,0,0,482000,0,482000,482000
058666,上証反群益01購01,0,0,0,0,0,0,0,0,0,480000,0,0,0,495000,15000,480000,480000
053095,台光電統一98購01,0,0,0,0,0,0,0,0,0,476000,0,0,0,484000,8000,476000,476000
062698,台積電元大01購01,0,0,0,0,0,0,0,0,0,476000,0,0,0,500000,24000,476000,476000
055670,矽創群益98購02  ,0,0,0,0,0,0,0,0,0,473000,0,0,0,675000,202000,473000,473000
062667,立積群益9B購01  ,0,0,0,0,0,0,0,0,0,469000,0,0,0,469000,0,469000,469000
062979,茂林元富9B購01  ,0,0,0,0,0,0,0,0,0,469000,0,0,0,515000,46000,469000,469000
064238,玉晶光統一01購08,0,0,0,0,0,0,0,0,0,469000,0,0,0,529000,60000,469000,469000
1710,東聯            ,775000,202000,573000,0,0,0,0,0,0,-106000,0,106000,-106000,0,0,0,467000
2637,慧洋-KY         ,569000,39000,530000,0,0,0,0,0,0,-63000,0,63000,-63000,0,0,0,467000
064350,茂林元大01購01  ,0,0,0,0,0,0,0,0,0,464000,0,0,0,610000,146000,464000,464000
063432,金寶元富9B購01  ,0,0,0,0,0,0,0,0,0,464000,0,0,0,1231000,767000,464000,464000
8021,尖點            ,619000,144000,475000,0,0,0,0,0,0,-11000,0,11000,-11000,0,0,0,464000
3017,奇鋐            ,976000,814000,162000,0,0,0,436000,0,436000,-135000,7000,0,7000,76000,218000,-142000,463000
063538,神達統一9C購01  ,0,0,0,0,0,0,0,0,0,463000,0,0,0,473000,10000,463000,463000
061168,力成兆豐9A購01  ,0,0,0,0,0,0,0,0,0,457000,0,0,0,644000,187000,457000,457000
05493P,華新科富邦99售02,0,0,0,0,0,0,0,0,0,456000,0,0,0,456000,0,456000,456000
059730,晶相光元大9C購02,0,0,0,0,0,0,0,0,0,456000,0,0,0,471000,15000,456000,456000
064539,玉晶光麥證01購01,0,0,0,760000,305000,455000,0,0,0,455000,0,0,0,760000,305000,455000,455000
063984,華邦電國泰02購01,0,0,0,0,0,0,0,0,0,455000,0,0,0,460000,5000,455000,455000
2102,泰豐            ,919000,513000,406000,0,0,0,0,0,0,47000,47000,0,47000,0,0,0,453000
064563,全新群益02購01  ,0,0,0,0,0,0,0,0,0,450000,0,0,0,450000,0,450000,450000
062814,台光電兆豐9B購01,0,0,0,0,0,0,0,0,0,450000,0,0,0,539000,89000,450000,450000
07025P,玉晶光凱基99售01,0,0,0,0,0,0,0,0,0,448000,0,0,0,687000,239000,448000,448000
060008,華邦電群益9A購01,0,0,0,0,0,0,0,0,0,448000,0,0,0,533000,85000,448000,448000
063635,漢唐元大9B購04  ,0,0,0,0,0,0,0,0,0,448000,0,0,0,549000,101000,448000,448000
055902,同欣電中信99購01,0,0,0,0,0,0,0,0,0,447000,0,0,0,1297000,850000,447000,447000
062265,南茂元大9B購01  ,0,0,0,0,0,0,0,0,0,446000,0,0,0,619000,173000,446000,446000
057190,立積元大9A購02  ,0,0,0,0,0,0,0,0,0,443000,0,0,0,534000,91000,443000,443000
060503,技嘉元大9A購01  ,0,0,0,0,0,0,0,0,0,443000,0,0,0,571000,128000,443000,443000
2867,三商壽          ,1183000,498000,685000,0,0,0,0,0,0,-243000,0,243000,-243000,0,0,0,442000
020012,富邦行動通訊N   ,0,0,0,0,0,0,0,0,0,442000,0,0,0,444000,2000,442000,442000
060714,晶技永豐9A購02  ,0,0,0,0,0,0,0,0,0,442000,0,0,0,558000,116000,442000,442000
2845,遠東銀          ,741000,300000,441000,0,0,0,0,0,0,0,0,0,0,0,0,0,441000
1529,樂士            ,14000,1000,13000,0,0,0,0,0,0,428000,428000,0,428000,0,0,0,441000
062539,可成國泰01購01  ,0,0,0,0,0,0,0,0,0,441000,0,0,0,449000,8000,441000,441000
053593,晶技元大98購01  ,0,0,0,0,0,0,0,0,0,440000,0,0,0,472000,32000,440000,440000
062786,立積元大9C購03  ,0,0,0,0,0,0,0,0,0,440000,0,0,0,776000,336000,440000,440000
064024,漢唐元大9C購01  ,0,0,0,0,0,0,0,0,0,440000,0,0,0,616000,176000,440000,440000
6592,和潤企業        ,627000,80000,547000,0,0,0,0,0,0,-108000,0,104000,-104000,25000,29000,-4000,439000
058017,漢唐凱基99購01  ,0,30000,-30000,0,0,0,0,0,0,468000,0,0,0,492000,24000,468000,438000
064476,金像電國泰02購01,0,0,0,0,0,0,0,0,0,437000,0,0,0,437000,0,437000,437000
064598,國巨元富9C購03  ,0,0,0,0,0,0,0,0,0,436000,0,0,0,526000,90000,436000,436000
064385,台積電富邦03購02,0,0,0,0,0,0,0,0,0,436000,0,0,0,470000,34000,436000,436000
062220,台光電統一01購01,10000,0,10000,0,0,0,0,0,0,426000,0,0,0,513000,87000,426000,436000
063359,泰鼎國泰01購01  ,0,0,0,0,0,0,0,0,0,435000,0,0,0,611000,176000,435000,435000
061819,茂林群益9B購01  ,0,0,0,0,0,0,0,0,0,434000,0,0,0,599000,165000,434000,434000
061942,亞德客群益9B購01,0,0,0,0,0,0,0,0,0,433000,0,0,0,499000,66000,433000,433000
058154,泰碩統一9A購01  ,0,0,0,0,0,0,0,0,0,431000,0,0,0,481000,50000,431000,431000
063861,南亞科國泰02購01,0,0,0,0,0,0,0,0,0,429000,0,0,0,429000,0,429000,429000
063562,國巨元大9C購06  ,0,0,0,0,0,0,0,0,0,428000,0,0,0,493000,65000,428000,428000
063580,立積國泰9C購01  ,0,0,0,0,0,0,0,0,0,428000,0,0,0,451000,23000,428000,428000
061283,智邦統一9A購01  ,0,10000,-10000,0,0,0,0,0,0,437000,0,0,0,771000,334000,437000,427000
057626,技嘉富邦9A購01  ,0,0,0,0,0,0,0,0,0,426000,0,0,0,606000,180000,426000,426000
055842,建準元大98購01  ,0,0,0,0,0,0,0,0,0,425000,0,0,0,448000,23000,425000,425000
055006,晶相光元富9A購01,0,0,0,0,0,0,0,0,0,424000,0,0,0,439000,15000,424000,424000
062760,漢唐凱基9B購01  ,0,0,0,0,0,0,0,0,0,424000,0,0,0,504000,80000,424000,424000
062819,奇鋐兆豐9B購01  ,0,0,0,0,0,0,0,0,0,424000,0,0,0,726000,302000,424000,424000
050749,道瓊銀統一96購03,0,0,0,0,0,0,0,0,0,423000,0,0,0,423000,0,423000,423000
054377,臺股指中信99購09,0,0,0,0,0,0,0,0,0,423000,0,0,0,423000,0,423000,423000
060188,華新科元富9A購03,0,0,0,0,0,0,0,0,0,423000,0,0,0,423000,0,423000,423000
062356,國巨元大9B購10  ,0,0,0,0,0,0,0,0,0,422000,0,0,0,422000,0,422000,422000
064367,貿聯統一01購02  ,0,0,0,0,0,0,0,0,0,421000,0,0,0,421000,0,421000,421000
064080,宏達電中信06購01,0,0,0,0,0,0,0,0,0,421000,0,0,0,421000,0,421000,421000
061463,智邦群益9A購02  ,0,0,0,0,0,0,0,0,0,420000,0,0,0,422000,2000,420000,420000
060064,華新科兆豐99購07,0,0,0,0,0,0,0,0,0,420000,0,0,0,420000,0,420000,420000
060390,聯鈞群益9A購01  ,0,0,0,0,0,0,0,0,0,419000,0,0,0,439000,20000,419000,419000
059290,全新元富99購01  ,0,0,0,0,0,0,0,0,0,419000,0,0,0,479000,60000,419000,419000
060303,宏達電富邦9B購01,0,0,0,0,0,0,0,0,0,419000,0,0,0,563000,144000,419000,419000
056475,宏達電元大99購02,0,0,0,0,0,0,0,0,0,416000,0,0,0,476000,60000,416000,416000
064150,全新統一01購03  ,0,0,0,0,0,0,0,0,0,415000,0,0,0,435000,20000,415000,415000
059695,聯鈞永豐99購02  ,0,0,0,0,0,0,0,0,0,414000,0,0,0,528000,114000,414000,414000
063613,全新群益9C購01  ,0,0,0,0,0,0,0,0,0,413000,0,0,0,520000,107000,413000,413000
061154,可成群益9B購04  ,0,0,0,0,0,0,0,0,0,411000,0,0,0,411000,0,411000,411000
064360,台積電統一9C購12,0,0,0,0,0,0,0,0,0,411000,0,0,0,519000,108000,411000,411000
057449,華新科元富99購02,0,0,0,0,0,0,0,0,0,410000,0,0,0,410000,0,410000,410000
058229,為升元大99購02  ,0,0,0,0,0,0,0,0,0,410000,0,0,0,420000,10000,410000,410000
060629,鴻海富邦9B購01  ,0,0,0,0,0,0,0,0,0,410000,0,0,0,410000,0,410000,410000
054771,茂林國票98購02  ,0,0,0,0,0,0,0,0,0,409000,0,0,0,421000,12000,409000,409000
057603,樺漢群益98購02  ,0,0,0,0,0,0,0,0,0,405000,0,0,0,405000,0,405000,405000
061818,富邦金群益9C購01,0,0,0,0,0,0,0,0,0,404000,0,0,0,694000,290000,404000,404000
062980,康控元富9B購01  ,0,0,0,0,0,0,0,0,0,404000,0,0,0,626000,222000,404000,404000
1731,美吾華          ,710000,307000,403000,0,0,0,0,0,0,0,0,0,0,0,0,0,403000
060182,旺宏元富9A購01  ,0,0,0,0,0,0,0,0,0,403000,0,0,0,407000,4000,403000,403000
051530,鴻海國票97購01  ,0,0,0,0,0,0,0,0,0,402000,0,0,0,402000,0,402000,402000
052313,聯電元大98購01  ,0,0,0,0,0,0,0,0,0,401000,0,0,0,493000,92000,401000,401000
061315,滬深2X凱基9C購06,0,0,0,0,0,0,0,0,0,401000,0,0,0,401000,0,401000,401000
063146,南六統一9B購02  ,0,0,0,0,0,0,0,0,0,401000,0,0,0,570000,169000,401000,401000
056473,奇力新元大99購02,0,0,0,0,0,0,0,0,0,400000,0,0,0,400000,0,400000,400000
061434,國巨麥證9A購04  ,0,0,0,400000,0,400000,0,0,0,400000,0,0,0,400000,0,400000,400000
064349,泰鼎元大9C購02  ,0,0,0,0,0,0,0,0,0,400000,0,0,0,413000,13000,400000,400000
5264,鎧勝-KY         ,2379000,2274000,105000,0,0,0,214000,0,214000,80000,101000,105000,-4000,121000,37000,84000,399000
060699,華新科國泰9B購03,0,0,0,0,0,0,0,0,0,399000,0,0,0,447000,48000,399000,399000
060653,全新群益9A購02  ,0,0,0,0,0,0,0,0,0,399000,0,0,0,497000,98000,399000,399000
060297,和碩元大9A購02  ,0,0,0,0,0,0,0,0,0,398000,0,0,0,446000,48000,398000,398000
03648C,T50反1元大96牛07,0,0,0,0,0,0,0,0,0,397000,0,0,0,399000,2000,397000,397000
063401,中租群益9B購03  ,0,0,0,0,0,0,0,0,0,395000,0,0,0,412000,17000,395000,395000
00643,群益深証中小    ,325000,123000,202000,0,0,0,0,0,0,192000,0,10000,-10000,364000,162000,202000,394000
060916,金像電國泰9C購01,0,0,0,0,0,0,0,0,0,392000,0,0,0,795000,403000,392000,392000
062164,禾伸堂國泰01購01,0,0,0,0,0,0,0,0,0,392000,0,0,0,618000,226000,392000,392000
053276,友達元大9C購01  ,0,0,0,0,0,0,0,0,0,390000,0,0,0,450000,60000,390000,390000
054198,台積電永昌96購08,0,0,0,0,0,0,0,0,0,388000,0,0,0,388000,0,388000,388000
063819,致新群益9C購01  ,0,0,0,0,0,0,0,0,0,388000,0,0,0,444000,56000,388000,388000
058660,樺漢中信9A購01  ,0,0,0,0,0,0,0,0,0,387000,0,0,0,462000,75000,387000,387000
063117,聯茂麥證9B購01  ,0,0,0,385000,2000,383000,0,0,0,385000,0,0,0,387000,2000,385000,385000
057307,瀚宇博兆豐99購01,0,0,0,0,0,0,0,0,0,383000,0,0,0,415000,32000,383000,383000
057311,玉晶光日盛9A購01,0,0,0,0,0,0,0,0,0,383000,0,0,0,383000,0,383000,383000
064374,旺宏元富9C購01  ,0,0,0,0,0,0,0,0,0,383000,0,0,0,388000,5000,383000,383000
063279,國巨元大9C購05  ,0,0,0,0,0,0,0,0,0,382000,0,0,0,392000,10000,382000,382000
064492,技嘉元大9C購01  ,0,0,0,0,0,0,0,0,0,380000,0,0,0,616000,236000,380000,380000
059841,國巨富邦9C購01  ,0,0,0,0,0,0,0,0,0,379000,0,0,0,594000,215000,379000,379000
060732,玉晶光群益9C購02,0,0,0,0,0,0,0,0,0,379000,0,0,0,393000,14000,379000,379000
059937,旺宏永豐99購03  ,0,0,0,0,0,0,0,0,0,379000,0,0,0,379000,0,379000,379000
06836P,玉晶光國票99售06,0,0,0,0,0,0,0,0,0,377000,0,0,0,683000,306000,377000,377000
063895,新光金群益01購01,0,0,0,0,0,0,0,0,0,377000,0,0,0,519000,142000,377000,377000
057946,晶相光國票99購01,0,0,0,0,0,0,0,0,0,373000,0,0,0,373000,0,373000,373000
056084,漢唐統一97購03  ,0,0,0,0,0,0,0,0,0,372000,0,0,0,423000,51000,372000,372000
054803,味全元大9A購01  ,0,0,0,0,0,0,0,0,0,372000,0,0,0,406000,34000,372000,372000
057175,美律元大98購03  ,0,0,0,0,0,0,0,0,0,370000,0,0,0,372000,2000,370000,370000
3605,宏致            ,772000,390000,382000,0,0,0,0,0,0,-13000,0,13000,-13000,0,0,0,369000
062252,華邦電元大9C購01,0,0,0,0,0,0,0,0,0,368000,0,0,0,383000,15000,368000,368000
07494P,葡萄王元大9A售03,0,0,0,0,0,0,0,0,0,367000,0,0,0,377000,10000,367000,367000
063694,貿聯永豐9B購01  ,0,0,0,0,0,0,0,0,0,367000,0,0,0,367000,0,367000,367000
064207,國巨凱基03購02  ,0,0,0,0,0,0,0,0,0,367000,0,0,0,543000,176000,367000,367000
056206,泰鼎永豐97購01  ,0,0,0,0,0,0,0,0,0,366000,0,0,0,376000,10000,366000,366000
062027,國泰金群益9B購01,0,0,0,0,0,0,0,0,0,366000,0,0,0,366000,0,366000,366000
061517,瑞祺永豐9A購03  ,0,0,0,0,0,0,0,0,0,365000,0,0,0,365000,0,365000,365000
063666,京元電統一9C購01,0,0,0,0,0,0,0,0,0,365000,0,0,0,365000,0,365000,365000
064370,聯茂統一02購01  ,0,0,0,0,0,0,0,0,0,363000,0,0,0,366000,3000,363000,363000
054980,國巨元富97購01  ,0,0,0,0,0,0,0,0,0,362000,0,0,0,362000,0,362000,362000
063482,緯穎元大9B購09  ,0,0,0,0,0,0,0,0,0,362000,0,0,0,372000,10000,362000,362000
057197,立積台新98購01  ,0,0,0,0,0,0,0,0,0,361000,0,0,0,376000,15000,361000,361000
058766,力山兆豐99購01  ,0,0,0,0,0,0,0,0,0,361000,0,0,0,361000,0,361000,361000
062016,美食永豐9B購01  ,0,0,0,0,0,0,0,0,0,361000,0,0,0,601000,240000,361000,361000
2454,聯發科          ,3656277,3539025,117252,0,0,0,284000,2000,282000,-41000,83000,130000,-47000,113000,107000,6000,358252
062884,康控兆豐9C購01  ,0,0,0,0,0,0,0,0,0,358000,0,0,0,358000,0,358000,358000
056577,玉晶光元大99購06,0,0,0,0,0,0,0,0,0,357000,0,0,0,597000,240000,357000,357000
057782,台積電國票99購07,0,0,0,0,0,0,0,0,0,357000,0,0,0,499000,142000,357000,357000
063809,矽創兆豐01購01  ,0,0,0,0,0,0,0,0,0,357000,0,0,0,607000,250000,357000,357000
064316,貿聯群益9C購02  ,0,0,0,0,0,0,0,0,0,357000,0,0,0,357000,0,357000,357000
064729,聯茂統一02購02  ,0,0,0,0,0,0,0,0,0,356000,0,0,0,401000,45000,356000,356000
063986,聯發科富邦02購01,0,0,0,0,0,0,0,0,0,355000,0,0,0,484000,129000,355000,355000
064255,泰碩國泰02購01  ,0,0,0,0,0,0,0,0,0,354000,0,0,0,410000,56000,354000,354000
060187,華新科元富9A購02,0,0,0,0,0,0,0,0,0,353000,0,0,0,371000,18000,353000,353000
2458,義隆            ,1413000,637000,776000,0,0,0,0,392000,-392000,-32000,101000,175000,-74000,91000,49000,42000,352000
052066,華邦電兆豐96購01,0,0,0,0,0,0,0,0,0,352000,0,0,0,352000,0,352000,352000
061417,力成群益9A購01  ,0,0,0,0,0,0,0,0,0,352000,0,0,0,415000,63000,352000,352000
059198,華新科永豐99購06,0,0,0,0,0,0,0,0,0,351000,0,0,0,355000,4000,351000,351000
063850,玉晶光元大9C購07,0,0,0,0,0,0,0,0,0,350000,0,0,0,465000,115000,350000,350000
063575,矽格元大9B購02  ,0,0,0,0,0,0,0,0,0,350000,0,0,0,371000,21000,350000,350000
054167,揚明光凱基98購01,0,0,0,0,0,0,0,0,0,349000,0,0,0,359000,10000,349000,349000
057658,玉晶光兆豐99購02,0,0,0,0,0,0,0,0,0,349000,0,0,0,369000,20000,349000,349000
1313,聯成            ,612000,264000,348000,0,0,0,0,0,0,0,0,0,0,0,0,0,348000
056635,亞德客日盛99購01,0,0,0,0,0,0,0,0,0,348000,0,0,0,522000,174000,348000,348000
056796,國巨麥證98購02  ,0,0,0,348000,0,348000,0,0,0,348000,0,0,0,348000,0,348000,348000
00639,富邦深100       ,4000,29000,-25000,0,0,0,0,0,0,370000,10000,110000,-100000,1477000,1007000,470000,345000
063657,茂林元富9B購04  ,0,0,0,0,0,0,0,0,0,342000,0,0,0,527000,185000,342000,342000
063225,茂林群益9B購04  ,0,0,0,0,0,0,0,0,0,342000,0,0,0,485000,143000,342000,342000
061769,晶技元大9B購03  ,0,0,0,0,0,0,0,0,0,342000,0,0,0,418000,76000,342000,342000
060288,群光元大9C購01  ,0,0,0,0,0,0,0,0,0,340000,0,0,0,350000,10000,340000,340000
063621,華新科兆豐9B購02,0,0,0,0,0,0,0,0,0,340000,0,0,0,340000,0,340000,340000
060361,南亞科元富9A購03,0,0,0,0,0,0,0,0,0,338000,0,0,0,338000,0,338000,338000
063497,東元永豐9B購01  ,0,0,0,0,0,0,0,0,0,338000,0,0,0,338000,0,338000,338000
055973,亞德客統一97購01,0,0,0,0,0,0,0,0,0,337000,0,0,0,337000,0,337000,337000
062062,貿聯統一01購01  ,0,20000,-20000,0,0,0,0,0,0,357000,0,0,0,477000,120000,357000,337000
08169P,台光電群益9B售04,0,0,0,0,0,0,0,0,0,336000,0,0,0,339000,3000,336000,336000
056707,鴻海富邦99購03  ,0,0,0,0,0,0,0,0,0,336000,0,0,0,337000,1000,336000,336000
053573,臺股指統一99購01,0,0,0,0,0,0,0,0,0,336000,0,0,0,336000,0,336000,336000
053728,茂林凱基97購01  ,0,0,0,0,0,0,0,0,0,336000,0,0,0,336000,0,336000,336000
062622,南電元大9B購03  ,0,0,0,0,0,0,0,0,0,336000,0,0,0,349000,13000,336000,336000
062991,台光電群益9B購03,0,0,0,0,0,0,0,0,0,336000,0,0,0,469000,133000,336000,336000
061240,華新科兆豐9A購01,0,0,0,0,0,0,0,0,0,335000,0,0,0,346000,11000,335000,335000
063339,智邦統一01購01  ,0,0,0,0,0,0,0,0,0,335000,0,0,0,360000,25000,335000,335000
057504,技嘉麥證98購01  ,0,0,0,340000,6000,334000,0,0,0,334000,0,0,0,340000,6000,334000,334000
064474,華新科麥證01購01,0,0,0,333000,0,333000,0,0,0,333000,0,0,0,333000,0,333000,333000
064069,華新科永豐9C購01,0,0,0,0,0,0,0,0,0,333000,0,0,0,336000,3000,333000,333000
056517,茂林兆豐99購01  ,0,0,0,0,0,0,0,0,0,332000,0,0,0,332000,0,332000,332000
062442,華新科元大9C購02,0,0,0,0,0,0,0,0,0,332000,0,0,0,333000,1000,332000,332000
058577,南亞科群益99購02,0,0,0,0,0,0,0,0,0,330000,0,0,0,330000,0,330000,330000
2504,國產            ,484000,90000,394000,0,0,0,0,0,0,-65000,0,1000,-1000,25000,89000,-64000,329000
064700,致新群益9C購02  ,0,0,0,0,0,0,0,0,0,329000,0,0,0,329000,0,329000,329000
056835,聯電元富99購01  ,0,0,0,0,0,0,0,0,0,329000,0,0,0,484000,155000,329000,329000
062060,奇鋐統一9C購01  ,0,0,0,0,0,0,0,0,0,329000,0,0,0,423000,94000,329000,329000
056461,樺漢凱基98購02  ,0,0,0,0,0,0,0,0,0,328000,0,0,0,328000,0,328000,328000
063483,致新元大9B購03  ,0,0,0,0,0,0,0,0,0,328000,0,0,0,328000,0,328000,328000
057112,立積群益99購01  ,0,0,0,0,0,0,0,0,0,327000,0,0,0,340000,13000,327000,327000
057837,康控國泰99購02  ,0,0,0,0,0,0,0,0,0,327000,0,0,0,357000,30000,327000,327000
063176,南亞科兆豐9B購01,0,0,0,0,0,0,0,0,0,327000,0,0,0,330000,3000,327000,327000
3376,新日興          ,445000,688396,-243396,0,0,0,361000,0,361000,209000,124000,47000,77000,165000,33000,132000,326604
053651,台光電凱基98購01,0,0,0,0,0,0,0,0,0,326000,0,0,0,358000,32000,326000,326000
051277,聯發科中信9A購01,0,0,0,0,0,0,0,0,0,326000,0,0,0,326000,0,326000,326000
063230,緯穎群益9B購02  ,0,0,0,0,0,0,0,0,0,326000,0,0,0,451000,125000,326000,326000
064425,華新科兆豐9C購01,0,0,0,0,0,0,0,0,0,326000,0,0,0,326000,0,326000,326000
055137,GIS富邦98購01   ,0,0,0,0,0,0,0,0,0,325000,0,0,0,325000,0,325000,325000
059454,亞光永豐99購01  ,0,0,0,0,0,0,0,0,0,325000,0,0,0,358000,33000,325000,325000
063227,祥碩群益9B購06  ,0,0,0,0,0,0,0,0,0,325000,0,0,0,347000,22000,325000,325000
062565,漢唐中信9C購01  ,0,0,0,0,0,0,0,0,0,324000,0,0,0,326000,2000,324000,324000
053569,漢唐統一98購01  ,0,0,0,0,0,0,0,0,0,323000,0,0,0,330000,7000,323000,323000
059188,京元電富邦9B購01,0,0,0,0,0,0,0,0,0,323000,0,0,0,835000,512000,323000,323000
058190,貿聯永豐99購01  ,0,0,0,0,0,0,0,0,0,322000,0,0,0,322000,0,322000,322000
063321,泰鼎群益9B購03  ,0,0,0,0,0,0,0,0,0,322000,0,0,0,335000,13000,322000,322000
060308,劍麟永豐9A購01  ,0,0,0,0,0,0,0,0,0,321000,0,0,0,321000,0,321000,321000
058900,旺宏元大99購11  ,0,0,0,0,0,0,0,0,0,321000,0,0,0,339000,18000,321000,321000
054808,東元元大9A購01  ,0,0,0,0,0,0,0,0,0,320000,0,0,0,339000,19000,320000,320000
053254,群創國泰98購02  ,0,0,0,0,0,0,0,0,0,320000,0,0,0,320000,0,320000,320000
059187,國巨富邦9B購02  ,0,0,0,0,0,0,0,0,0,320000,0,0,0,520000,200000,320000,320000
1103,嘉泥            ,369000,49000,320000,0,0,0,0,0,0,-1000,0,1000,-1000,0,0,0,319000
3041,揚智            ,451000,133000,318000,0,0,0,0,0,0,0,0,0,0,0,0,0,318000
062906,全新元大9B購03  ,0,0,0,0,0,0,0,0,0,318000,0,0,0,380000,62000,318000,318000
8464,億豐            ,630539,253115,377424,0,0,0,0,60000,-60000,0,0,29000,-29000,37000,8000,29000,317424
060191,亞光元富9A購02  ,0,0,0,0,0,0,0,0,0,317000,0,0,0,487000,170000,317000,317000
063238,漢唐元大9B購02  ,0,0,0,0,0,0,0,0,0,317000,0,0,0,351000,34000,317000,317000
055295,瀚宇博元大97購02,0,0,0,0,0,0,0,0,0,316000,0,0,0,316000,0,316000,316000
063863,儒鴻富邦02購01  ,0,0,0,0,0,0,0,0,0,315000,0,0,0,600000,285000,315000,315000
064301,漢唐兆豐01購01  ,0,0,0,0,0,0,0,0,0,315000,0,0,0,415000,100000,315000,315000
064058,儒鴻麥證01購01  ,0,0,0,315000,0,315000,0,0,0,315000,0,0,0,315000,0,315000,315000
064308,國巨群益9C購09  ,0,0,0,0,0,0,0,0,0,314000,0,0,0,319000,5000,314000,314000
07644P,南電凱基9A售03  ,0,0,0,0,0,0,0,0,0,313000,0,0,0,323000,10000,313000,313000
063878,國巨元富9C購01  ,0,0,0,0,0,0,0,0,0,313000,0,0,0,610000,297000,313000,313000
4426,利勤            ,498000,212000,286000,0,0,0,0,0,0,25000,0,0,0,48000,23000,25000,311000
1608,華榮            ,406000,95000,311000,0,0,0,0,0,0,0,0,0,0,0,0,0,311000
058343,台積電群益99購02,0,0,0,0,0,0,0,0,0,311000,0,0,0,312000,1000,311000,311000
058820,致茂國泰9B購01  ,0,0,0,0,0,0,0,0,0,311000,0,0,0,615000,304000,311000,311000
1464,得力            ,332000,88000,244000,0,0,0,0,0,0,66000,0,0,0,66000,0,66000,310000
061787,華新科群益9C購01,0,0,0,0,0,0,0,0,0,310000,0,0,0,342000,32000,310000,310000
062239,台汽電凱基9B購01,0,0,0,0,0,0,0,0,0,310000,0,0,0,400000,90000,310000,310000
059862,全新群益99購04  ,0,0,0,0,0,0,0,0,0,309000,0,0,0,523000,214000,309000,309000
060638,玉晶光永豐9A購04,0,0,0,0,0,0,0,0,0,308000,0,0,0,315000,7000,308000,308000
062547,玉晶光永豐9B購05,0,0,0,0,0,0,0,0,0,308000,0,0,0,325000,17000,308000,308000
063805,技嘉兆豐9C購01  ,0,0,0,0,0,0,0,0,0,308000,0,0,0,316000,8000,308000,308000
060700,華新科國泰9C購01,0,0,0,0,0,0,0,0,0,307000,0,0,0,428000,121000,307000,307000
063773,可成富邦9C購01  ,0,0,0,0,0,0,0,0,0,306000,0,0,0,346000,40000,306000,306000
064384,聯電富邦01購01  ,0,0,0,0,0,0,0,0,0,306000,0,0,0,360000,54000,306000,306000
062008,南亞科國泰9C購01,0,0,0,0,0,0,0,0,0,306000,0,0,0,496000,190000,306000,306000
054735,漢唐凱基98購01  ,0,0,0,0,0,0,0,0,0,305000,0,0,0,315000,10000,305000,305000
061642,創意元大9A購04  ,0,0,0,0,0,0,0,0,0,305000,0,0,0,395000,90000,305000,305000
059288,旺宏元富99購03  ,0,0,0,0,0,0,0,0,0,303000,0,0,0,315000,12000,303000,303000
063665,南亞科統一01購02,0,0,0,0,0,0,0,0,0,303000,0,0,0,334000,31000,303000,303000
064234,正崴統一01購01  ,0,0,0,0,0,0,0,0,0,302000,0,0,0,530000,228000,302000,302000
054089,台積電群益96購11,0,0,0,0,0,0,0,0,0,301000,0,0,0,301000,0,301000,301000
057055,立積元大99購01  ,0,0,0,0,0,0,0,0,0,301000,0,0,0,319000,18000,301000,301000
057960,聯鈞元大98購02  ,0,0,0,0,0,0,0,0,0,301000,0,0,0,311000,10000,301000,301000
060346,華新科統一01購01,0,0,0,0,0,0,0,0,0,301000,0,0,0,308000,7000,301000,301000
062569,南電中信01購01  ,0,0,0,0,0,0,0,0,0,301000,0,0,0,421000,120000,301000,301000
8105,凌巨            ,536000,206000,330000,0,0,0,0,0,0,-29000,6000,35000,-29000,0,0,0,301000
2023,燁輝            ,389000,87900,301100,0,0,0,0,0,0,-1000,0,1000,-1000,0,0,0,300100
055007,晶相光元富9A購02,0,0,0,0,0,0,0,0,0,300000,0,0,0,300000,0,300000,300000
062552,南電永豐9B購01  ,0,0,0,0,0,0,0,0,0,300000,0,0,0,300000,0,300000,300000
063067,緯穎麥證9B購01  ,0,0,0,300000,0,300000,0,0,0,300000,0,0,0,300000,0,300000,300000
063315,京元電群益9B購03,0,0,0,0,0,0,0,0,0,300000,0,0,0,398000,98000,300000,300000
9105,泰金寶-DR       ,358000,58000,300000,0,0,0,0,0,0,0,0,0,0,0,0,0,300000
064758,可成凱基02購02  ,0,0,0,0,0,0,0,0,0,299000,0,0,0,299000,0,299000,299000
061633,統一元大9A購01  ,0,0,0,0,0,0,0,0,0,299000,0,0,0,310000,11000,299000,299000
057938,台表科群益98購02,0,0,0,0,0,0,0,0,0,299000,0,0,0,299000,0,299000,299000
058540,嘉聯益國泰9A購02,0,0,0,0,0,0,0,0,0,299000,0,0,0,299000,0,299000,299000
062528,全新統一9C購01  ,0,0,0,0,0,0,0,0,0,299000,0,0,0,299000,0,299000,299000
064859,南亞科富邦01購01,0,0,0,0,0,0,0,0,0,298000,0,0,0,328000,30000,298000,298000
06779P,智邦元大98售12  ,0,0,0,0,0,0,0,0,0,298000,0,0,0,308000,10000,298000,298000
059453,奇力新永豐99購01,0,0,0,0,0,0,0,0,0,298000,0,0,0,298000,0,298000,298000
1476,儒鴻            ,1106701,760303,346398,0,0,0,33000,0,33000,-82000,93000,150000,-57000,16000,41000,-25000,297398
063871,瀚宇博永豐9C購01,0,0,0,0,0,0,0,0,0,296000,0,0,0,296000,0,296000,296000
064042,國巨統一9C購12  ,0,0,0,0,0,0,0,0,0,296000,0,0,0,468000,172000,296000,296000
06438P,玉晶光國票99售02,0,0,0,0,0,0,0,0,0,296000,0,0,0,481000,185000,296000,296000
057183,玉晶光元大99購07,0,0,0,0,0,0,0,0,0,294000,0,0,0,354000,60000,294000,294000
056657,華邦電元大99購01,0,0,0,0,0,0,0,0,0,294000,0,0,0,294000,0,294000,294000
060246,晶相光元大9C購03,0,0,0,0,0,0,0,0,0,294000,0,0,0,294000,0,294000,294000
063996,貿聯群益9C購01  ,0,0,0,0,0,0,0,0,0,294000,0,0,0,294000,0,294000,294000
061256,亞德客凱基9B購01,0,0,0,0,0,0,0,0,0,293000,0,0,0,400000,107000,293000,293000
058047,可成元大98購11  ,0,0,0,0,0,0,0,0,0,293000,0,0,0,296000,3000,293000,293000
062879,美食兆豐9B購01  ,0,0,0,0,0,0,0,0,0,293000,0,0,0,378000,85000,293000,293000
059865,國巨凱基01購01  ,0,0,0,0,0,0,0,0,0,292000,0,0,0,425000,133000,292000,292000
058721,立積元富9C購01  ,0,0,0,0,0,0,0,0,0,292000,0,0,0,478000,186000,292000,292000
055744,茂林元富97購02  ,0,0,0,0,0,0,0,0,0,291000,0,0,0,296000,5000,291000,291000
00830,國泰費城半導體  ,99000,14000,85000,0,0,0,0,0,0,206000,72000,0,72000,301000,167000,134000,291000
060791,聯茂富邦9A購02  ,0,0,0,0,0,0,0,0,0,291000,0,0,0,291000,0,291000,291000
060720,嘉聯益永豐9A購02,0,0,0,0,0,0,0,0,0,291000,0,0,0,291000,0,291000,291000
064361,旺宏統一01購06  ,0,0,0,0,0,0,0,0,0,291000,0,0,0,301000,10000,291000,291000
064356,矽創元大01購01  ,0,0,0,0,0,0,0,0,0,290000,0,0,0,406000,116000,290000,290000
07259P,滬深2X國票01售01,0,0,0,0,0,0,0,0,0,289000,0,0,0,299000,10000,289000,289000
053082,聯電元大98購03  ,0,0,0,0,0,0,0,0,0,289000,0,0,0,339000,50000,289000,289000
061130,牧德永豐9A購04  ,0,0,0,0,0,0,0,0,0,289000,0,0,0,290000,1000,289000,289000
061511,緯穎富邦9B購02  ,5000,0,5000,0,0,0,0,0,0,284000,0,0,0,503000,219000,284000,289000
060880,中壽中信9C購01  ,0,0,0,0,0,0,0,0,0,288000,0,0,0,342000,54000,288000,288000
056198,台光電永豐97購02,0,0,0,0,0,0,0,0,0,288000,0,0,0,328000,40000,288000,288000
063973,緯穎國票9C購01  ,0,0,0,0,0,0,0,0,0,288000,0,0,0,491000,203000,288000,288000
9907,統一實          ,338000,50000,288000,0,0,0,0,0,0,0,0,0,0,0,0,0,288000
054673,京鼎國泰98購01  ,0,0,0,0,0,0,0,0,0,287000,0,0,0,287000,0,287000,287000
2436,偉詮電          ,539000,251000,288000,0,0,0,0,0,0,-3000,14000,17000,-3000,0,0,0,285000
060637,玉晶光永豐9A購03,0,0,0,0,0,0,0,0,0,285000,0,0,0,298000,13000,285000,285000
060034,立積永豐99購04  ,0,0,0,0,0,0,0,0,0,285000,0,0,0,285000,0,285000,285000
062343,中石化群益9B購01,0,0,0,0,0,0,0,0,0,285000,0,0,0,556000,271000,285000,285000
6005,群益證          ,1133000,330000,803000,0,0,0,0,519000,-519000,0,0,0,0,0,0,0,284000
061159,同欣電群益9A購01,0,0,0,0,0,0,0,0,0,284000,0,0,0,284000,0,284000,284000
062798,台光電統一9B購01,0,0,0,0,0,0,0,0,0,283000,0,0,0,441000,158000,283000,283000
0061,元大寶滬深      ,563000,29000,534000,0,0,0,0,0,0,-252000,50000,200000,-150000,131000,233000,-102000,282000
056075,瀚宇博元大97購03,0,0,0,0,0,0,0,0,0,282000,0,0,0,374000,92000,282000,282000
062747,立積永豐9B購01  ,0,0,0,0,0,0,0,0,0,282000,0,0,0,287000,5000,282000,282000
063221,京元電群益9B購02,0,0,0,0,0,0,0,0,0,282000,0,0,0,319000,37000,282000,282000
064143,旺宏統一01購05  ,0,0,0,0,0,0,0,0,0,282000,0,0,0,327000,45000,282000,282000
064461,致伸統一01購01  ,0,0,0,0,0,0,0,0,0,282000,0,0,0,284000,2000,282000,282000
064671,聯茂元大9C購02  ,0,0,0,0,0,0,0,0,0,281000,0,0,0,291000,10000,281000,281000
060698,旺宏國泰9C購01  ,0,0,0,0,0,0,0,0,0,281000,0,0,0,319000,38000,281000,281000
056266,開發金統一9A購01,0,0,0,0,0,0,0,0,0,280000,0,0,0,280000,0,280000,280000
057063,立積國泰9A購01  ,0,0,0,0,0,0,0,0,0,280000,0,0,0,281000,1000,280000,280000
07647P,健策國票9A售04  ,0,0,0,0,0,0,0,0,0,279000,0,0,0,404000,125000,279000,279000
064504,玉晶光元大01購02,0,0,0,0,0,0,0,0,0,279000,0,0,0,352000,73000,279000,279000
060954,國泰金群益9A購02,0,0,0,0,0,0,0,0,0,277000,0,0,0,553000,276000,277000,277000
057836,南亞科國泰9A購01,0,0,0,0,0,0,0,0,0,276000,0,0,0,276000,0,276000,276000
059023,可成統一9B購02  ,0,0,0,0,0,0,0,0,0,276000,0,0,0,345000,69000,276000,276000
060889,國泰金統一9C購01,0,0,0,0,0,0,0,0,0,275000,0,0,0,661000,386000,275000,275000
056395,玉晶光永豐9B購01,0,0,0,0,0,0,0,0,0,275000,0,0,0,296000,21000,275000,275000
060582,玉晶光群益9C購01,0,0,0,0,0,0,0,0,0,275000,0,0,0,286000,11000,275000,275000
062480,茂林國票9B購01  ,0,0,0,0,0,0,0,0,0,275000,0,0,0,275000,0,275000,275000
060540,南亞凱基9A購01  ,0,0,0,0,0,0,0,0,0,274000,0,0,0,274000,0,274000,274000
059999,緯穎元富99購01  ,0,0,0,0,0,0,0,0,0,274000,0,0,0,274000,0,274000,274000
064462,致伸統一02購01  ,0,0,0,0,0,0,0,0,0,273000,0,0,0,298000,25000,273000,273000
064220,力山國票01購01  ,0,0,0,0,0,0,0,0,0,273000,0,0,0,290000,17000,273000,273000
064746,貿聯國票01購02  ,0,0,0,0,0,0,0,0,0,272000,0,0,0,272000,0,272000,272000
064780,義隆群益9C購04  ,0,0,0,0,0,0,0,0,0,272000,0,0,0,479000,207000,272000,272000
058923,華新科元富99購06,0,0,0,0,0,0,0,0,0,272000,0,0,0,272000,0,272000,272000
062910,亞光元大9B購01  ,0,0,0,0,0,0,0,0,0,272000,0,0,0,303000,31000,272000,272000
056710,漢唐永豐98購01  ,0,0,0,0,0,0,0,0,0,271000,0,0,0,273000,2000,271000,271000
062919,聯茂元大9B購01  ,0,0,0,0,0,0,0,0,0,271000,0,0,0,302000,31000,271000,271000
063051,仁寶統一01購01  ,0,0,0,0,0,0,0,0,0,271000,0,0,0,516000,245000,271000,271000
057082,玉晶光統一9A購04,0,0,0,0,0,0,0,0,0,270000,0,0,0,1388000,1118000,270000,270000
064826,南亞科統一01購03,0,0,0,0,0,0,0,0,0,269000,0,0,0,269000,0,269000,269000
063923,世芯元富9C購01  ,0,0,0,0,0,0,0,0,0,269000,0,0,0,325000,56000,269000,269000
056537,冠德凱基98購01  ,0,0,0,0,0,0,0,0,0,268000,0,0,0,269000,1000,268000,268000
055026,健和興國泰98購01,0,0,0,0,0,0,0,0,0,268000,0,0,0,317000,49000,268000,268000
063934,寶成統一02購01  ,0,0,0,0,0,0,0,0,0,268000,0,0,0,268000,0,268000,268000
062708,立積元大9B購01  ,0,0,0,0,0,0,0,0,0,268000,0,0,0,268000,0,268000,268000
061800,泰鼎永豐9B購01  ,0,0,0,0,0,0,0,0,0,268000,0,0,0,278000,10000,268000,268000
062457,京元電群益9B購01,0,0,0,0,0,0,0,0,0,267000,0,0,0,506000,239000,267000,267000
08336P,聯發科中信9C售05,0,0,0,0,0,0,0,0,0,266000,0,0,0,326000,60000,266000,266000
056813,聯茂統一99購01  ,0,0,0,0,0,0,0,0,0,266000,0,0,0,266000,0,266000,266000
061521,亞光兆豐9A購02  ,0,0,0,0,0,0,0,0,0,266000,0,0,0,348000,82000,266000,266000
6504,南六            ,417000,350000,67000,0,0,0,120000,0,120000,79000,115000,50000,65000,27000,13000,14000,266000
064431,台積電凱基01購05,0,0,0,0,0,0,0,0,0,265000,0,0,0,420000,155000,265000,265000
061191,可成永豐9A購02  ,0,0,0,0,0,0,0,0,0,264000,0,0,0,264000,0,264000,264000
064233,燿華統一9C購02  ,0,0,0,0,0,0,0,0,0,264000,0,0,0,553000,289000,264000,264000
062106,華邦電國票9B購02,0,0,0,0,0,0,0,0,0,264000,0,0,0,264000,0,264000,264000
061906,統一中信9B購01  ,0,0,0,0,0,0,0,0,0,263000,0,0,0,263000,0,263000,263000
062904,台光電元大9B購06,0,0,0,0,0,0,0,0,0,263000,0,0,0,313000,50000,263000,263000
063821,南亞科麥證9C購01,0,0,0,263000,0,263000,0,0,0,263000,0,0,0,263000,0,263000,263000
056459,茂林凱基99購01  ,0,0,0,0,0,0,0,0,0,262000,0,0,0,275000,13000,262000,262000
058813,旺宏統一9B購04  ,0,0,0,0,0,0,0,0,0,262000,0,0,0,262000,0,262000,262000
058434,旺宏統一9B購01  ,0,0,0,0,0,0,0,0,0,262000,0,0,0,262000,0,262000,262000
058324,嘉聯益永豐9A購01,0,0,0,0,0,0,0,0,0,262000,0,0,0,298000,36000,262000,262000
063829,晶技國票01購01  ,0,0,0,0,0,0,0,0,0,262000,0,0,0,540000,278000,262000,262000
064241,貿聯統一02購02  ,0,0,0,0,0,0,0,0,0,262000,0,0,0,262000,0,262000,262000
062070,金寶元大9B購01  ,0,0,0,0,0,0,0,0,0,262000,0,0,0,414000,152000,262000,262000
064694,玉晶光群益02購02,0,0,0,0,0,0,0,0,0,261000,0,0,0,291000,30000,261000,261000
064626,聯茂元大9C購01  ,0,0,0,0,0,0,0,0,0,261000,0,0,0,409000,148000,261000,261000
058730,玉晶光永豐9A購01,0,0,0,0,0,0,0,0,0,261000,0,0,0,293000,32000,261000,261000
057683,技嘉日盛98購01  ,0,0,0,0,0,0,0,0,0,260000,0,0,0,263000,3000,260000,260000
055376,群創元大01購01  ,0,0,0,0,0,0,0,0,0,260000,0,0,0,260000,0,260000,260000
060420,神基永豐9A購01  ,0,0,0,0,0,0,0,0,0,260000,0,0,0,260000,0,260000,260000
064851,勤誠元富03購01  ,0,0,0,0,0,0,0,0,0,259000,0,0,0,259000,0,259000,259000
07145P,為升元大99售03  ,0,0,0,0,0,0,0,0,0,259000,0,0,0,308000,49000,259000,259000
056417,欣興中信98購01  ,0,0,0,0,0,0,0,0,0,259000,0,0,0,294000,35000,259000,259000
058338,康友元富99購01  ,0,0,0,0,0,0,0,0,0,259000,0,0,0,520000,261000,259000,259000
058494,可成群益9B購01  ,0,0,0,0,0,0,0,0,0,259000,0,0,0,259000,0,259000,259000
064149,美律統一02購01  ,0,0,0,0,0,0,0,0,0,259000,0,0,0,333000,74000,259000,259000
063980,智易兆豐9C購02  ,0,0,0,0,0,0,0,0,0,259000,0,0,0,282000,23000,259000,259000
063932,世芯統一01購01  ,0,0,0,0,0,0,0,0,0,259000,0,0,0,625000,366000,259000,259000
061121,智邦永豐9A購02  ,0,0,0,0,0,0,0,0,0,258000,0,0,0,373000,115000,258000,258000
064580,統一永豐9C購01  ,0,0,0,0,0,0,0,0,0,257000,0,0,0,257000,0,257000,257000
060634,矽創富邦9B購01  ,0,0,0,0,0,0,0,0,0,256000,0,0,0,256000,0,256000,256000
064037,寶成元大9C購02  ,0,0,0,0,0,0,0,0,0,256000,0,0,0,256000,0,256000,256000
064825,英業達統一9C購01,0,0,0,0,0,0,0,0,0,255000,0,0,0,255000,0,255000,255000
060364,奇力新元富9A購01,0,0,0,0,0,0,0,0,0,255000,0,0,0,371000,116000,255000,255000
064314,信邦群益9C購01  ,0,0,0,0,0,0,0,0,0,254000,0,0,0,254000,0,254000,254000
063811,亞德客群益9C購01,0,0,0,0,0,0,0,0,0,254000,0,0,0,254000,0,254000,254000
064832,長榮航統一01購01,0,0,0,0,0,0,0,0,0,253000,0,0,0,253000,0,253000,253000
3669,圓展            ,459000,206000,253000,0,0,0,0,0,0,0,0,0,0,0,0,0,253000
058068,旺宏凱基98購11  ,0,0,0,0,0,0,0,0,0,253000,0,0,0,257000,4000,253000,253000
061795,智邦永豐9B購01  ,0,0,0,0,0,0,0,0,0,253000,0,0,0,253000,0,253000,253000
1536,和大            ,429000,145000,284000,0,0,0,4000,40000,-36000,4000,2000,24000,-22000,63000,37000,26000,252000
057403,亞光群益98購04  ,0,0,0,0,0,0,0,0,0,252000,0,0,0,300000,48000,252000,252000
062503,玉晶光群益01購03,0,0,0,0,0,0,0,0,0,252000,0,0,0,256000,4000,252000,252000
054805,台苯元大9A購01  ,0,0,0,0,0,0,0,0,0,251000,0,0,0,251000,0,251000,251000
059931,緯穎富邦9A購01  ,0,0,0,0,0,0,0,0,0,251000,0,0,0,351000,100000,251000,251000
063884,台表科元富03購01,0,0,0,0,0,0,0,0,0,251000,0,0,0,498000,247000,251000,251000
06684P,緯穎元大98售06  ,0,0,0,0,0,0,0,0,0,250000,0,0,0,250000,0,250000,250000
07502P,美食元大9A售01  ,0,0,0,0,0,0,0,0,0,250000,0,0,0,310000,60000,250000,250000
062710,盛群元大9B購01  ,0,0,0,0,0,0,0,0,0,250000,0,0,0,300000,50000,250000,250000
063363,鴻海富邦9B購02  ,0,0,0,0,0,0,0,0,0,249000,0,0,0,249000,0,249000,249000
057053,立積元大98購02  ,0,0,0,0,0,0,0,0,0,248000,0,0,0,250000,2000,248000,248000
058762,貿聯群益99購03  ,0,0,0,0,0,0,0,0,0,248000,0,0,0,248000,0,248000,248000
061133,玉晶光第一9A購01,0,0,0,0,0,0,0,0,0,247000,0,0,0,287000,40000,247000,247000
055626,力山永豐97購01  ,0,0,0,0,0,0,0,0,0,247000,0,0,0,250000,3000,247000,247000
058941,華新科中信99購03,0,0,0,0,0,0,0,0,0,247000,0,0,0,250000,3000,247000,247000
058613,茂林元大99購03  ,0,0,0,0,0,0,0,0,0,246000,0,0,0,276000,30000,246000,246000
061604,台光電凱基9B購01,0,0,0,0,0,0,0,0,0,246000,0,0,0,316000,70000,246000,246000
063470,泰鼎元大9B購03  ,0,0,0,0,0,0,0,0,0,246000,0,0,0,313000,67000,246000,246000
3044,健鼎            ,1701000,1531250,169750,0,0,0,0,0,0,75000,62000,66000,-4000,85000,6000,79000,244750
054426,國泰金富邦97購02,0,0,0,0,0,0,0,0,0,244000,0,0,0,260000,16000,244000,244000
056211,南港國票98購01  ,0,0,0,0,0,0,0,0,0,244000,0,0,0,244000,0,244000,244000
058180,華新科國泰9A購01,0,0,0,0,0,0,0,0,0,244000,0,0,0,338000,94000,244000,244000
064161,世芯統一01購02  ,0,0,0,0,0,0,0,0,0,244000,0,0,0,363000,119000,244000,244000
00670L,富邦NASDAQ正2   ,36000,0,36000,0,0,0,0,0,0,207000,93000,0,93000,518000,404000,114000,243000
058363,全新凱基9A購02  ,0,0,0,0,0,0,0,0,0,243000,0,0,0,243000,0,243000,243000
060387,盛群凱基9A購01  ,0,0,0,0,0,0,0,0,0,243000,0,0,0,283000,40000,243000,243000
060907,金像電元大9A購02,0,0,0,0,0,0,0,0,0,242000,0,0,0,268000,26000,242000,242000
063852,瀚宇博元大9C購01,0,0,0,0,0,0,0,0,0,242000,0,0,0,249000,7000,242000,242000
062888,漢唐群益9B購01  ,0,0,0,0,0,0,0,0,0,242000,0,0,0,432000,190000,242000,242000
063103,技嘉群益9B購01  ,0,0,0,0,0,0,0,0,0,242000,0,0,0,306000,64000,242000,242000
057207,立積元富98購02  ,0,0,0,0,0,0,0,0,0,241000,0,0,0,271000,30000,241000,241000
060583,南亞科元富9A購05,0,0,0,0,0,0,0,0,0,241000,0,0,0,252000,11000,241000,241000
060799,茂林永豐9A購01  ,0,0,0,0,0,0,0,0,0,241000,0,0,0,241000,0,241000,241000
062717,華邦電凱基9C購01,0,0,0,0,0,0,0,0,0,241000,0,0,0,251000,10000,241000,241000
062328,南亞科統一9C購01,0,0,0,0,0,0,0,0,0,241000,0,0,0,241000,0,241000,241000
5876,上海商銀        ,2561970,2033640,528330,0,0,0,0,0,0,-288000,15000,282000,-267000,10000,31000,-21000,240330
064673,南茂元大9C購01  ,0,0,0,0,0,0,0,0,0,240000,0,0,0,422000,182000,240000,240000
055268,和大元大97購01  ,0,0,0,0,0,0,0,0,0,240000,0,0,0,240000,0,240000,240000
055258,玉晶光統一97購03,0,350000,-350000,0,0,0,0,0,0,590000,0,0,0,591000,1000,590000,240000
060239,國揚元大9C購01  ,0,0,0,0,0,0,0,0,0,240000,0,0,0,260000,20000,240000,240000
059277,群創元大99購05  ,0,0,0,0,0,0,0,0,0,240000,0,0,0,240000,0,240000,240000
062002,鴻海國泰01購01  ,0,0,0,0,0,0,0,0,0,240000,0,0,0,240000,0,240000,240000
063292,致新元大9B購02  ,0,0,0,0,0,0,0,0,0,240000,0,0,0,240000,0,240000,240000
063298,統一凱基9B購01  ,0,0,0,0,0,0,0,0,0,240000,0,0,0,348000,108000,240000,240000
057195,南茂元大98購01  ,0,0,0,0,0,0,0,0,0,239000,0,0,0,367000,128000,239000,239000
055527,旺宏群益99購03  ,0,0,0,0,0,0,0,0,0,239000,0,0,0,239000,0,239000,239000
060183,南亞科元富9A購01,0,0,0,0,0,0,0,0,0,239000,0,0,0,302000,63000,239000,239000
062088,緯穎元大9B購04  ,0,0,0,0,0,0,0,0,0,239000,0,0,0,369000,130000,239000,239000
06452P,大立光元大98售08,0,0,0,0,0,0,0,0,0,239000,0,0,0,244000,5000,239000,239000
1604,聲寶            ,268000,30000,238000,0,0,0,0,0,0,0,0,0,0,0,0,0,238000
047564,滬深2X國票99購01,0,0,0,0,0,0,0,0,0,237000,0,0,0,237000,0,237000,237000
051484,玉晶光凱基97購01,0,0,0,0,0,0,0,0,0,237000,0,0,0,310000,73000,237000,237000
061023,茂林國泰9B購02  ,0,0,0,0,0,0,0,0,0,237000,0,0,0,237000,0,237000,237000
061210,玉山金元大9A購02,0,0,0,0,0,0,0,0,0,237000,0,0,0,259000,22000,237000,237000
060682,牧德元大9A購03  ,0,0,0,0,0,0,0,0,0,237000,0,0,0,247000,10000,237000,237000
064342,晶技元大9C購01  ,0,0,0,0,0,0,0,0,0,237000,0,0,0,366000,129000,237000,237000
057446,旺宏元富02購01  ,0,0,0,0,0,0,0,0,0,236000,0,0,0,237000,1000,236000,236000
056732,國巨凱基98購07  ,0,0,0,0,0,0,0,0,0,236000,0,0,0,236000,0,236000,236000
061550,聯鈞群益9A購03  ,0,0,0,0,0,0,0,0,0,236000,0,0,0,1035000,799000,236000,236000
064583,光寶科永豐9C購01,0,0,0,0,0,0,0,0,0,235000,0,0,0,309000,74000,235000,235000
064585,中壽永豐9C購01  ,0,0,0,0,0,0,0,0,0,235000,0,0,0,235000,0,235000,235000
056250,瑞昱兆豐97購02  ,0,0,0,0,0,0,0,0,0,235000,0,0,0,400000,165000,235000,235000
061194,聯鈞永豐9A購02  ,0,0,0,0,0,0,0,0,0,235000,0,0,0,235000,0,235000,235000
059003,中壽元大99購01  ,0,0,0,0,0,0,0,0,0,235000,0,0,0,254000,19000,235000,235000
063261,康控富邦03購01  ,0,0,0,0,0,0,0,0,0,235000,0,0,0,240000,5000,235000,235000
00783,富邦中証500     ,222000,10000,212000,0,0,0,0,0,0,22069,0,0,0,1038069,1016000,22069,234069
057057,立積元大9A購01  ,0,0,0,0,0,0,0,0,0,234000,0,0,0,236000,2000,234000,234000
058377,茂林凱基9A購03  ,0,0,0,0,0,0,0,0,0,234000,0,0,0,244000,10000,234000,234000
064087,華新科凱基9C購03,0,0,0,0,0,0,0,0,0,234000,0,0,0,270000,36000,234000,234000
063462,金像電元大9C購01,0,0,0,0,0,0,0,0,0,234000,0,0,0,254000,20000,234000,234000
2439,美律            ,306000,580000,-274000,0,0,0,0,0,0,507000,438000,29000,409000,175000,77000,98000,233000
056922,全新兆豐99購01  ,0,0,0,0,0,0,0,0,0,233000,0,0,0,271000,38000,233000,233000
064858,鴻海富邦01購01  ,0,0,0,0,0,0,0,0,0,232000,0,0,0,293000,61000,232000,232000
00737,國泰AI+Robo     ,219000,0,219000,0,0,0,0,0,0,13000,0,0,0,215000,202000,13000,232000
058468,聯茂中信99購02  ,0,0,0,0,0,0,0,0,0,232000,0,0,0,232000,0,232000,232000
061205,旺宏元大9A購11  ,0,0,0,0,0,0,0,0,0,232000,0,0,0,233000,1000,232000,232000
1709,和益            ,245000,14000,231000,0,0,0,0,0,0,0,0,0,0,0,0,0,231000
056716,康舒永豐98購01  ,0,0,0,0,0,0,0,0,0,231000,0,0,0,261000,30000,231000,231000
061293,聯茂統一9A購01  ,0,0,0,0,0,0,0,0,0,231000,0,0,0,241000,10000,231000,231000
064210,台光電凱基03購01,0,0,0,0,0,0,0,0,0,231000,0,0,0,316000,85000,231000,231000
062211,玉晶光台新9B購01,0,0,0,0,0,0,0,0,0,231000,0,0,0,231000,0,231000,231000
056515,燿華兆豐99購01  ,0,0,0,0,0,0,0,0,0,230000,0,0,0,230000,0,230000,230000
054740,強茂凱基99購01  ,0,0,0,0,0,0,0,0,0,230000,0,0,0,233000,3000,230000,230000
059678,鴻海國泰9A購03  ,0,0,0,0,0,0,0,0,0,230000,0,0,0,231000,1000,230000,230000
061658,聯茂富邦9A購03  ,0,0,0,0,0,0,0,0,0,230000,0,0,0,240000,10000,230000,230000
06050P,玉晶光國票98售01,0,0,0,0,0,0,0,0,0,230000,0,0,0,647000,417000,230000,230000
062158,禾伸堂凱基9B購01,0,0,0,0,0,0,0,0,0,230000,0,0,0,230000,0,230000,230000
054533,泰碩國泰98購01  ,0,0,0,0,0,0,0,0,0,229000,0,0,0,239000,10000,229000,229000
061673,仁寶元大9B購01  ,0,0,0,0,0,0,0,0,0,229000,0,0,0,393000,164000,229000,229000
058520,智易元大99購03  ,0,0,0,0,0,0,0,0,0,229000,0,0,0,236000,7000,229000,229000
063271,中磊兆豐9C購01  ,0,0,0,0,0,0,0,0,0,229000,0,0,0,339000,110000,229000,229000
064041,國巨統一01購07  ,0,0,0,0,0,0,0,0,0,229000,0,0,0,252000,23000,229000,229000
8104,錸寶            ,253000,24000,229000,0,0,0,0,0,0,0,0,0,0,0,0,0,229000
063288,泰鼎元大9B購02  ,0,0,0,0,0,0,0,0,0,228000,0,0,0,246000,18000,228000,228000
062451,瀚宇博元大9B購02,0,0,0,0,0,0,0,0,0,228000,0,0,0,239000,11000,228000,228000
055707,聯鈞永豐98購01  ,0,0,0,0,0,0,0,0,0,227000,0,0,0,227000,0,227000,227000
063140,聯發科統一9B購08,0,0,0,0,0,0,0,0,0,227000,0,0,0,238000,11000,227000,227000
3596,智易            ,682000,409000,273000,0,0,0,0,0,0,-48000,6000,27000,-21000,4000,31000,-27000,225000
07635P,世芯永豐9A售05  ,0,0,0,0,0,0,0,0,0,225000,0,0,0,445000,220000,225000,225000
059128,友達中信99購02  ,0,0,0,0,0,0,0,0,0,225000,0,0,0,225000,0,225000,225000
061771,玉晶光元大9C購04,0,0,0,0,0,0,0,0,0,225000,0,0,0,257000,32000,225000,225000
08427P,義隆國票9C售01  ,0,0,0,0,0,0,0,0,0,224000,0,0,0,244000,20000,224000,224000
057357,超眾統一98購01  ,0,0,0,0,0,0,0,0,0,224000,0,0,0,244000,20000,224000,224000
061164,燿華兆豐9B購01  ,0,0,0,0,0,0,0,0,0,224000,0,0,0,227000,3000,224000,224000
062201,臺指反國票9B購05,0,0,0,0,0,0,0,0,0,224000,0,0,0,254000,30000,224000,224000
063481,緯穎元大9B購08  ,0,0,0,0,0,0,0,0,0,223000,0,0,0,237000,14000,223000,223000
1439,中和            ,265000,43000,222000,0,0,0,0,0,0,0,0,0,0,0,0,0,222000
055814,晶豪科國票97購02,0,0,0,0,0,0,0,0,0,222000,0,0,0,223000,1000,222000,222000
061160,瑞祺群益9A購01  ,0,0,0,0,0,0,0,0,0,222000,0,0,0,344000,122000,222000,222000
060203,緯穎元富9A購01  ,0,0,0,0,0,0,0,0,0,222000,0,0,0,292000,70000,222000,222000
057956,全新元大99購04  ,0,0,0,0,0,0,0,0,0,222000,0,0,0,222000,0,222000,222000
060130,瀚宇博永豐99購02,0,0,0,0,0,0,0,0,0,222000,0,0,0,222000,0,222000,222000
063999,日月光兆豐9C購01,0,0,0,0,0,0,0,0,0,222000,0,0,0,335000,113000,222000,222000
064012,泰碩國票01購02  ,0,0,0,0,0,0,0,0,0,222000,0,0,0,267000,45000,222000,222000
063049,上海銀兆豐9B購01,0,0,0,0,0,0,0,0,0,222000,0,0,0,324000,102000,222000,222000
058768,南港兆豐99購01  ,0,0,0,0,0,0,0,0,0,221000,0,0,0,221000,0,221000,221000
061228,聯茂中信9A購01  ,0,0,0,0,0,0,0,0,0,221000,0,0,0,221000,0,221000,221000
063118,中鋼元大9C購01  ,0,0,0,0,0,0,0,0,0,221000,0,0,0,226000,5000,221000,221000
064266,聯茂永豐9C購01  ,0,0,0,0,0,0,0,0,0,221000,0,0,0,263000,42000,221000,221000
4133,亞諾法          ,221000,1000,220000,0,0,0,0,0,0,0,0,0,0,0,0,0,220000
059510,華新科永豐99購07,0,0,0,0,0,0,0,0,0,220000,0,0,0,224000,4000,220000,220000
063619,聯發科兆豐01購01,0,0,0,0,0,0,0,0,0,220000,0,0,0,225000,5000,220000,220000
2106,建大            ,492000,630000,-138000,0,0,0,433000,0,433000,-76000,0,76000,-76000,0,0,0,219000
051485,玉晶光凱基97購02,0,0,0,0,0,0,0,0,0,219000,0,0,0,311000,92000,219000,219000
059761,國巨永豐99購06  ,0,0,0,0,0,0,0,0,0,218000,0,0,0,238000,20000,218000,218000
061956,和大統一01購01  ,0,0,0,0,0,0,0,0,0,218000,0,0,0,279000,61000,218000,218000
063383,億豐永豐9B購02  ,0,0,0,0,0,0,0,0,0,218000,0,0,0,284000,66000,218000,218000
061696,南茂群益9A購01  ,0,0,0,0,0,0,0,0,0,217000,0,0,0,339000,122000,217000,217000
060114,緯穎元大99購10  ,0,0,0,0,0,0,0,0,0,217000,0,0,0,227000,10000,217000,217000
055232,泰碩國票98購01  ,0,0,0,0,0,0,0,0,0,216000,0,0,0,251000,35000,216000,216000
056139,貿聯元大97購04  ,0,0,0,0,0,0,0,0,0,216000,0,0,0,216000,0,216000,216000
060632,可成富邦9B購01  ,0,0,0,0,0,0,0,0,0,216000,0,0,0,228000,12000,216000,216000
064000,台郡兆豐9C購01  ,0,0,0,0,0,0,0,0,0,216000,0,0,0,302000,86000,216000,216000
3576,聯合再生        ,286000,69000,217000,0,0,0,0,0,0,-2000,0,2000,-2000,0,0,0,215000
056849,瀚宇博元富98購01,0,0,0,0,0,0,0,0,0,215000,0,0,0,215000,0,215000,215000
057745,泰鼎永豐99購01  ,0,0,0,0,0,0,0,0,0,215000,0,0,0,284000,69000,215000,215000
060028,國揚永豐99購01  ,0,0,0,0,0,0,0,0,0,215000,0,0,0,215000,0,215000,215000
062251,旺宏元大9B購06  ,0,0,0,0,0,0,0,0,0,215000,0,0,0,216000,1000,215000,215000
061985,富邦金元大9B購01,0,0,0,0,0,0,0,0,0,215000,0,0,0,289000,74000,215000,215000
1304,台聚            ,627000,419000,208000,0,0,0,0,0,0,6000,6000,0,6000,0,0,0,214000
053842,聯發科統一96購08,0,0,0,0,0,0,0,0,0,214000,0,0,0,614000,400000,214000,214000
054916,聯發科凱基98購04,0,0,0,0,0,0,0,0,0,214000,0,0,0,250000,36000,214000,214000
059786,全新元大99購06  ,0,0,0,0,0,0,0,0,0,214000,0,0,0,313000,99000,214000,214000
062289,緯穎群益9B購01  ,0,0,0,0,0,0,0,0,0,214000,0,0,0,223000,9000,214000,214000
062939,奇力新凱基9B購02,0,0,0,0,0,0,0,0,0,214000,0,0,0,229000,15000,214000,214000
056800,臺股指麥證98購01,0,0,0,254000,41000,213000,0,0,0,213000,0,0,0,254000,41000,213000,213000
059195,國巨永豐99購04  ,0,0,0,0,0,0,0,0,0,213000,0,0,0,216000,3000,213000,213000
063257,牧德國泰01購01  ,0,0,0,0,0,0,0,0,0,213000,0,0,0,256000,43000,213000,213000
062594,祥碩統一01購02  ,0,0,0,0,0,0,0,0,0,213000,0,0,0,253000,40000,213000,213000
064518,華新科群益02購01,0,0,0,0,0,0,0,0,0,213000,0,0,0,229000,16000,213000,213000
064452,微星統一01購02  ,0,0,0,0,0,0,0,0,0,213000,0,0,0,248000,35000,213000,213000
056478,晶技元大99購01  ,0,0,0,0,0,0,0,0,0,212000,0,0,0,221000,9000,212000,212000
055787,聯茂凱基99購01  ,0,0,0,0,0,0,0,0,0,212000,0,0,0,346000,134000,212000,212000
058153,景碩統一9B購01  ,0,0,0,0,0,0,0,0,0,212000,0,0,0,237000,25000,212000,212000
058013,SP黃豆凱基9A購01,0,0,0,0,0,0,0,0,0,212000,0,0,0,212000,0,212000,212000
061900,志超永豐9B購01  ,0,0,0,0,0,0,0,0,0,212000,0,0,0,212000,0,212000,212000
058105,旺宏統一9A購02  ,0,0,0,0,0,0,0,0,0,212000,0,0,0,248000,36000,212000,212000
064068,義隆永豐9C購01  ,0,0,0,0,0,0,0,0,0,212000,0,0,0,231000,19000,212000,212000
062005,旺宏國泰01購01  ,0,0,0,0,0,0,0,0,0,212000,0,0,0,239000,27000,212000,212000
061113,南電元大9A購03  ,0,0,0,0,0,0,0,0,0,211000,0,0,0,286000,75000,211000,211000
060450,南亞元大9A購02  ,0,0,0,0,0,0,0,0,0,211000,0,0,0,211000,0,211000,211000
062165,聯茂國泰01購01  ,0,0,0,0,0,0,0,0,0,211000,0,0,0,211000,0,211000,211000
064187,亞光永豐9C購01  ,0,0,0,0,0,0,0,0,0,211000,0,0,0,240000,29000,211000,211000
063623,祥碩兆豐9B購02  ,0,0,0,0,0,0,0,0,0,211000,0,0,0,216000,5000,211000,211000
058215,貿聯群益99購02  ,0,0,0,0,0,0,0,0,0,210000,0,0,0,264000,54000,210000,210000
063902,志超群益9C購01  ,0,0,0,0,0,0,0,0,0,210000,0,0,0,210000,0,210000,210000
063914,和碩凱基9C購01  ,0,0,0,0,0,0,0,0,0,210000,0,0,0,238000,28000,210000,210000
063347,祥碩統一01購03  ,0,0,0,0,0,0,0,0,0,210000,0,0,0,210000,0,210000,210000
062780,旺宏元大01購01  ,0,0,0,0,0,0,0,0,0,210000,0,0,0,260000,50000,210000,210000
057641,旺宏元大98購10  ,0,0,0,0,0,0,0,0,0,209000,0,0,0,211000,2000,209000,209000
055891,鴻海統一9A購01  ,0,0,0,0,0,0,0,0,0,209000,0,0,0,325000,116000,209000,209000
058676,聯茂群益99購01  ,0,0,0,0,0,0,0,0,0,209000,0,0,0,209000,0,209000,209000
4306,炎洲            ,222000,10000,212000,0,0,0,0,0,0,-4000,0,4000,-4000,0,0,0,208000
056891,國巨元大99購03  ,0,0,0,0,0,0,0,0,0,208000,0,0,0,218000,10000,208000,208000
059947,貿聯永豐99購03  ,0,0,0,0,0,0,0,0,0,208000,0,0,0,208000,0,208000,208000
058771,神達兆豐99購01  ,0,0,0,0,0,0,0,0,0,208000,0,0,0,208000,0,208000,208000
061678,玉晶光元大9B購04,0,0,0,0,0,0,0,0,0,208000,0,0,0,248000,40000,208000,208000
063860,旺宏國泰02購01  ,0,0,0,0,0,0,0,0,0,208000,0,0,0,224000,16000,208000,208000
063994,台光電群益9C購01,0,0,0,0,0,0,0,0,0,208000,0,0,0,208000,0,208000,208000
5521,工信            ,328000,121000,207000,0,0,0,0,0,0,0,0,0,0,0,0,0,207000
063672,GIS統一9C購01   ,0,0,0,0,0,0,0,0,0,207000,0,0,0,288000,81000,207000,207000
062796,技嘉統一9C購01  ,0,0,0,0,0,0,0,0,0,207000,0,0,0,226000,19000,207000,207000
056418,台光電元富98購01,0,0,0,0,0,0,0,0,0,206000,0,0,0,206000,0,206000,206000
061877,貿聯元大9B購01  ,0,0,0,0,0,0,0,0,0,206000,0,0,0,206000,0,206000,206000
061960,國巨統一01購05  ,0,0,0,0,0,0,0,0,0,206000,0,0,0,219000,13000,206000,206000
059954,華新科康和99購01,0,0,0,0,0,0,0,0,0,206000,0,0,0,411000,205000,206000,206000
3661,世芯-KY         ,1184000,1059720,124280,0,0,0,64000,1000,63000,18000,58000,19000,39000,21000,42000,-21000,205280
054354,技嘉富邦97購01  ,0,0,0,0,0,0,0,0,0,205000,0,0,0,222000,17000,205000,205000
054237,茂林群益97購01  ,0,0,0,0,0,0,0,0,0,205000,0,0,0,210000,5000,205000,205000
060127,牧德永豐99購02  ,0,0,0,0,0,0,0,0,0,205000,0,0,0,205000,0,205000,205000
061451,南電中信9A購03  ,0,0,0,0,0,0,0,0,0,205000,0,0,0,260000,55000,205000,205000
07382P,台積電群益9B售01,0,0,0,0,0,0,0,0,0,204000,0,0,0,219000,15000,204000,204000
064475,台積電國泰02購03,0,0,0,0,0,0,0,0,0,204000,0,0,0,261000,57000,204000,204000
057056,立積元大99購02  ,0,0,0,0,0,0,0,0,0,203000,0,0,0,203000,0,203000,203000
059995,南亞科元富99購01,0,0,0,0,0,0,0,0,0,203000,0,0,0,323000,120000,203000,203000
058559,華新科日盛99購02,0,0,0,0,0,0,0,0,0,203000,0,0,0,218000,15000,203000,203000
063658,瑞祺元富9B購01  ,0,0,0,0,0,0,0,0,0,203000,0,0,0,567000,364000,203000,203000
057096,緯穎元富98購01  ,0,0,0,0,0,0,0,0,0,202000,0,0,0,308000,106000,202000,202000
054407,美律國票97購02  ,0,0,0,0,0,0,0,0,0,202000,0,0,0,202000,0,202000,202000
05639P,欣興統一97售01  ,0,0,0,0,0,0,0,0,0,202000,0,0,0,302000,100000,202000,202000
051486,玉晶光凱基97購03,0,0,0,0,0,0,0,0,0,202000,0,0,0,235000,33000,202000,202000
061405,亞德客國票9B購01,0,0,0,0,0,0,0,0,0,202000,0,0,0,202000,0,202000,202000
063451,漢翔統一9C購01  ,0,0,0,0,0,0,0,0,0,202000,0,0,0,202000,0,202000,202000
064317,日月光群益9C購01,0,0,0,0,0,0,0,0,0,202000,0,0,0,210000,8000,202000,202000
064003,台積電凱基01購03,0,0,0,0,0,0,0,0,0,202000,0,0,0,306000,104000,202000,202000
057054,立積元大98購03  ,0,0,0,0,0,0,0,0,0,201000,0,0,0,201000,0,201000,201000
063050,葡萄王統一01購01,0,0,0,0,0,0,0,0,0,201000,0,0,0,312000,111000,201000,201000
062408,致新永豐9B購01  ,0,0,0,0,0,0,0,0,0,201000,0,0,0,201000,0,201000,201000
9944,新麗            ,238000,37000,201000,0,0,0,0,0,0,0,0,0,0,0,0,0,201000
064544,國巨凱基9C購09  ,0,0,0,0,0,0,0,0,0,200000,0,0,0,205000,5000,200000,200000
056999,元油2X國票98購02,0,0,0,0,0,0,0,0,0,200000,0,0,0,200000,0,200000,200000
057106,美律群益98購03  ,0,0,0,0,0,0,0,0,0,200000,0,0,0,200000,0,200000,200000
052203,T50反1中信99購03,0,0,0,0,0,0,0,0,0,200000,0,0,0,200000,0,200000,200000
052738,聯電元大98購02  ,0,0,0,0,0,0,0,0,0,200000,0,0,0,459000,259000,200000,200000
055034,建準富邦99購01  ,0,0,0,0,0,0,0,0,0,200000,0,0,0,200000,0,200000,200000
042317,台灣50永豐96購01,0,0,0,0,0,0,0,0,0,200000,0,0,0,200000,0,200000,200000
051003,中環中信97購01  ,0,0,0,0,0,0,0,0,0,200000,0,0,0,200000,0,200000,200000
055584,國巨元大97購11  ,0,0,0,0,0,0,0,0,0,200000,0,0,0,200000,0,200000,200000
05722P,玉晶光國票97售03,0,0,0,0,0,0,0,0,0,200000,0,0,0,200000,0,200000,200000
054600,中壽台新97購01  ,0,0,0,0,0,0,0,0,0,200000,0,0,0,200000,0,200000,200000
061422,台積電元大9A購30,0,0,0,0,0,0,0,0,0,200000,0,0,0,200000,0,200000,200000
063220,建準群益9B購01  ,0,0,0,0,0,0,0,0,0,200000,0,0,0,251000,51000,200000,200000
062750,可成中信9B購01  ,0,0,0,0,0,0,0,0,0,200000,0,0,0,200000,0,200000,200000
064116,T50反1元大9C購03,0,0,0,0,0,0,0,0,0,200000,0,0,0,200000,0,200000,200000
058295,欣興凱基99購02  ,0,0,0,0,0,0,0,0,0,199000,0,0,0,354000,155000,199000,199000
061545,華新科群益9A購09,0,0,0,0,0,0,0,0,0,199000,0,0,0,256000,57000,199000,199000
3419,譁裕            ,242000,44000,198000,0,0,0,0,0,0,0,0,0,0,0,0,0,198000
052704,TPK國票97購01   ,0,0,0,0,0,0,0,0,0,198000,0,0,0,198000,0,198000,198000
057813,京元電元大98購03,0,0,0,0,0,0,0,0,0,198000,0,0,0,520000,322000,198000,198000
061661,京鼎永豐9A購02  ,0,0,0,0,0,0,0,0,0,198000,0,0,0,391000,193000,198000,198000
057903,聯鈞永豐99購01  ,0,0,0,0,0,0,0,0,0,198000,0,0,0,310000,112000,198000,198000
059509,奇力新永豐99購02,0,0,0,0,0,0,0,0,0,198000,0,0,0,198000,0,198000,198000
064101,可成群益01購01  ,0,0,0,0,0,0,0,0,0,198000,0,0,0,202000,4000,198000,198000
063952,玉晶光元大01購01,0,0,0,0,0,0,0,0,0,198000,0,0,0,203000,5000,198000,198000
064396,創意永豐9C購01  ,0,0,0,0,0,0,0,0,0,198000,0,0,0,198000,0,198000,198000
062701,漢唐元大9B購01  ,0,0,0,0,0,0,0,0,0,198000,0,0,0,239000,41000,198000,198000
064731,台郡統一01購02  ,0,0,0,0,0,0,0,0,0,197000,0,0,0,197000,0,197000,197000
060451,中石化元大9C購02,0,0,0,0,0,0,0,0,0,197000,0,0,0,317000,120000,197000,197000
062703,可成元大9C購02  ,0,0,0,0,0,0,0,0,0,197000,0,0,0,226000,29000,197000,197000
063038,富邦金凱基9B購02,0,0,0,0,0,0,0,0,0,197000,0,0,0,215000,18000,197000,197000
062036,致新群益9B購01  ,0,0,0,0,0,0,0,0,0,197000,0,0,0,252000,55000,197000,197000
063246,嘉晶元大9C購01  ,0,0,0,0,0,0,0,0,0,196000,0,0,0,201000,5000,196000,196000
063471,泰鼎元大9C購01  ,0,0,0,0,0,0,0,0,0,196000,0,0,0,408000,212000,196000,196000
063686,國巨永豐9B購04  ,0,0,0,0,0,0,0,0,0,196000,0,0,0,345000,149000,196000,196000
063827,國巨國票02購01  ,0,0,0,0,0,0,0,0,0,196000,0,0,0,205000,9000,196000,196000
064695,京鼎群益02購02  ,0,0,0,0,0,0,0,0,0,195000,0,0,0,460000,265000,195000,195000
07530P,聯發科凱基9A售11,0,0,0,0,0,0,0,0,0,195000,0,0,0,200000,5000,195000,195000
2547,日勝生          ,368000,173000,195000,0,0,0,0,0,0,0,0,0,0,0,0,0,195000
00762,元大全球AI      ,0,0,0,0,0,0,0,0,0,195000,0,0,0,217000,22000,195000,195000
055838,致茂元大97購03  ,0,0,0,0,0,0,0,0,0,195000,0,0,0,296000,101000,195000,195000
061690,旺宏群益9A購05  ,0,0,0,0,0,0,0,0,0,195000,0,0,0,234000,39000,195000,195000
061420,國巨元大9A購22  ,0,0,0,0,0,0,0,0,0,195000,0,0,0,230000,35000,195000,195000
063908,國巨凱基9C購06  ,0,0,0,0,0,0,0,0,0,195000,0,0,0,244000,49000,195000,195000
064046,聯發科統一9C購12,0,0,0,0,0,0,0,0,0,195000,0,0,0,213000,18000,195000,195000
07933P,大立光富邦9C售06,0,0,0,0,0,0,0,0,0,194000,0,0,0,200000,6000,194000,194000
064867,華新科永豐9C購03,0,0,0,0,0,0,0,0,0,194000,0,0,0,195000,1000,194000,194000
064304,信邦兆豐01購01  ,0,0,0,0,0,0,0,0,0,194000,0,0,0,204000,10000,194000,194000
063318,京鼎群益9C購02  ,0,0,0,0,0,0,0,0,0,194000,0,0,0,318000,124000,194000,194000
1733,五鼎            ,396000,203000,193000,0,0,0,0,0,0,0,0,0,0,0,0,0,193000
00692,富邦公司治理    ,5000,0,5000,0,0,0,0,0,0,188000,0,0,0,1708000,1520000,188000,193000
058926,勤誠元富99購01  ,0,0,0,0,0,0,0,0,0,193000,0,0,0,199000,6000,193000,193000
063874,志超永豐9C購01  ,0,0,0,0,0,0,0,0,0,193000,0,0,0,193000,0,193000,193000
2467,志聖            ,648000,440000,208000,0,0,0,0,0,0,-16000,0,16000,-16000,0,0,0,192000
4104,佳醫            ,195000,3000,192000,0,0,0,0,0,0,0,0,0,0,0,0,0,192000
058443,T50正2富邦01購01,0,0,0,0,0,0,0,0,0,192000,0,0,0,192000,0,192000,192000
060360,南亞科元富9A購02,0,0,0,0,0,0,0,0,0,192000,0,0,0,259000,67000,192000,192000
064665,南亞科元大9C購06,0,0,0,0,0,0,0,0,0,191000,0,0,0,191000,0,191000,191000
054841,亞德客兆豐97購01,0,0,0,0,0,0,0,0,0,191000,0,0,0,191000,0,191000,191000
060909,金像電元大9B購01,0,0,0,0,0,0,0,0,0,191000,0,0,0,211000,20000,191000,191000
3518,柏騰            ,250000,60000,190000,0,0,0,0,0,0,0,0,0,0,0,0,0,190000
2451,創見            ,121000,247000,-126000,0,0,0,433000,2000,431000,-115000,0,63000,-63000,0,52000,-52000,190000
060959,金像電凱基9A購01,0,0,0,0,0,0,0,0,0,190000,0,0,0,289000,99000,190000,190000
061092,可成統一9C購02  ,0,0,0,0,0,0,0,0,0,190000,0,0,0,190000,0,190000,190000
058772,茂林兆豐9A購01  ,0,0,0,0,0,0,0,0,0,190000,0,0,0,340000,150000,190000,190000
2461,光群雷          ,237000,48000,189000,0,0,0,0,0,0,0,0,0,0,0,0,0,189000
2636,台驊投控        ,407000,218000,189000,0,0,0,0,0,0,0,0,0,0,0,0,0,189000
2723,美食-KY         ,608000,360000,248000,0,0,0,0,0,0,-59000,0,30000,-30000,9000,38000,-29000,189000
3062,建漢            ,414000,191000,223000,0,0,0,0,0,0,-34000,0,34000,-34000,0,0,0,189000
1315,達新            ,390000,491000,-101000,0,0,0,0,0,0,290000,0,0,0,297000,7000,290000,189000
061136,可成統一9A購01  ,0,0,0,0,0,0,0,0,0,189000,0,0,0,190000,1000,189000,189000
056678,力成元富98購01  ,0,0,0,0,0,0,0,0,0,189000,0,0,0,189000,0,189000,189000
063998,聯發科兆豐9C購02,0,0,0,0,0,0,0,0,0,189000,0,0,0,221000,32000,189000,189000
4106,雃博            ,1268000,1066000,202000,0,0,0,0,0,0,-14000,0,14000,-14000,0,0,0,188000
06902P,聯電凱基98售02  ,0,0,0,0,0,0,0,0,0,188000,0,0,0,495000,307000,188000,188000
061488,奇力新兆豐9A購01,0,0,0,0,0,0,0,0,0,188000,0,0,0,188000,0,188000,188000
058181,華新科國泰9B購01,0,0,0,0,0,0,0,0,0,188000,0,0,0,192000,4000,188000,188000
064433,金像電凱基02購01,0,0,0,0,0,0,0,0,0,188000,0,0,0,188000,0,188000,188000
6416,瑞祺電通        ,514000,406000,108000,0,0,0,125000,0,125000,-45000,32000,17000,15000,20000,80000,-60000,188000
4155,訊映            ,235000,48000,187000,0,0,0,0,0,0,0,0,0,0,0,0,0,187000
060159,健和興永豐9A購01,0,0,0,0,0,0,0,0,0,187000,0,0,0,192000,5000,187000,187000
059867,華邦電凱基99購02,0,0,0,0,0,0,0,0,0,187000,0,0,0,217000,30000,187000,187000
063458,正隆元大9B購01  ,0,0,0,0,0,0,0,0,0,187000,0,0,0,254000,67000,187000,187000
061490,茂林兆豐9B購01  ,0,0,0,0,0,0,0,0,0,186000,0,0,0,186000,0,186000,186000
061370,晶技國泰9C購01  ,0,0,0,0,0,0,0,0,0,186000,0,0,0,556000,370000,186000,186000
063420,奇力新凱基9B購03,0,0,0,0,0,0,0,0,0,186000,0,0,0,186000,0,186000,186000
064162,貿聯統一02購01  ,0,0,0,0,0,0,0,0,0,186000,0,0,0,186000,0,186000,186000
3060,銘異            ,317000,132000,185000,0,0,0,0,0,0,0,0,0,0,0,0,0,185000
056155,嘉晶凱基97購01  ,0,0,0,0,0,0,0,0,0,185000,0,0,0,224000,39000,185000,185000
060901,臺股指凱基9A購13,0,0,0,0,0,0,0,0,0,185000,0,0,0,198000,13000,185000,185000
060539,道瓊反凱基9A購01,0,0,0,0,0,0,0,0,0,185000,0,0,0,200000,15000,185000,185000
060123,光罩永豐99購02  ,0,0,0,0,0,0,0,0,0,185000,0,0,0,185000,0,185000,185000
064490,金像電元大9C購02,0,0,0,0,0,0,0,0,0,185000,0,0,0,200000,15000,185000,185000
061144,玉晶光中信9B購02,0,0,0,0,0,0,0,0,0,184000,0,0,0,438000,254000,184000,184000
062806,世芯統一02購01  ,0,0,0,0,0,0,0,0,0,184000,0,0,0,304000,120000,184000,184000
08210P,健策元富9B售02  ,0,0,0,0,0,0,0,0,0,183000,0,0,0,245000,62000,183000,183000
061693,華新科群益9B購02,0,0,0,0,0,0,0,0,0,183000,0,0,0,238000,55000,183000,183000
062907,可成元大9C購03  ,0,0,0,0,0,0,0,0,0,183000,0,0,0,194000,11000,183000,183000
057340,玉晶光元富98購04,0,0,0,0,0,0,0,0,0,182000,0,0,0,182000,0,182000,182000
060585,玉晶光元富9A購02,0,0,0,0,0,0,0,0,0,182000,0,0,0,182000,0,182000,182000
060284,南港元大01購01  ,0,0,0,0,0,0,0,0,0,182000,0,0,0,631000,449000,182000,182000
064772,FBVIX群益9C購04 ,0,0,0,0,0,0,0,0,0,181000,0,0,0,186000,5000,181000,181000
057824,日月光元大98購01,0,0,0,0,0,0,0,0,0,181000,0,0,0,416000,235000,181000,181000
053449,超眾凱基98購01  ,0,0,0,0,0,0,0,0,0,181000,0,0,0,222000,41000,181000,181000
058522,聯茂元大99購07  ,0,0,0,0,0,0,0,0,0,181000,0,0,0,298000,117000,181000,181000
061485,鴻海兆豐9A購01  ,0,0,0,0,0,0,0,0,0,181000,0,0,0,181000,0,181000,181000
062947,國巨富邦01購01  ,0,0,0,0,0,0,0,0,0,181000,0,0,0,211000,30000,181000,181000
062886,中興電群益9B購01,0,0,0,0,0,0,0,0,0,181000,0,0,0,181000,0,181000,181000
063859,國巨國泰01購03  ,0,0,0,0,0,0,0,0,0,181000,0,0,0,330000,149000,181000,181000
2107,厚生            ,226000,46000,180000,0,0,0,0,0,0,0,0,0,0,0,0,0,180000
2535,達欣工          ,307000,87000,220000,0,0,0,0,0,0,-40000,0,40000,-40000,0,0,0,180000
057804,為升元大98購01  ,0,0,0,0,0,0,0,0,0,180000,0,0,0,217000,37000,180000,180000
058440,玉晶光統一99購02,0,0,0,0,0,0,0,0,0,180000,0,0,0,190000,10000,180000,180000
063842,國巨元大9C購10  ,0,0,0,0,0,0,0,0,0,180000,0,0,0,181000,1000,180000,180000
064713,和大統一02購01  ,0,0,0,0,0,0,0,0,0,179000,0,0,0,281000,102000,179000,179000
064548,漢翔凱基9C購01  ,0,0,0,0,0,0,0,0,0,179000,0,0,0,179000,0,179000,179000
056659,泰碩元大99購01  ,0,0,0,0,0,0,0,0,0,179000,0,0,0,287000,108000,179000,179000
057234,宏達電凱基98購05,0,0,0,0,0,0,0,0,0,179000,0,0,0,179000,0,179000,179000
063602,金像電凱基9B購04,0,0,0,0,0,0,0,0,0,179000,0,0,0,199000,20000,179000,179000
064253,貿聯元富9C購01  ,0,0,0,0,0,0,0,0,0,179000,0,0,0,231000,52000,179000,179000
055390,國巨統一98購03  ,0,0,0,0,0,0,0,0,0,178000,0,0,0,178000,0,178000,178000
056189,樺漢統一97購02  ,0,0,0,0,0,0,0,0,0,178000,0,0,0,266000,88000,178000,178000
057324,億光群益98購01  ,0,0,0,0,0,0,0,0,0,178000,0,0,0,257000,79000,178000,178000
056507,創意永豐98購02  ,0,0,0,0,0,0,0,0,0,178000,0,0,0,179000,1000,178000,178000
057721,華擎元富98購02  ,0,0,0,0,0,0,0,0,0,178000,0,0,0,185000,7000,178000,178000
063944,建準元大9C購01  ,0,0,0,0,0,0,0,0,0,178000,0,0,0,231000,53000,178000,178000
063788,矽創統一02購01  ,0,0,0,0,0,0,0,0,0,178000,0,0,0,531000,353000,178000,178000
062621,緯穎元大9B購05  ,0,0,0,0,0,0,0,0,0,178000,0,0,0,178000,0,178000,178000
062540,茂林國泰9C購01  ,0,0,0,0,0,0,0,0,0,178000,0,0,0,180000,2000,178000,178000
058356,華邦電凱基99購01,0,0,0,0,0,0,0,0,0,177000,0,0,0,177000,0,177000,177000
063259,廣達富邦9C購01  ,0,0,0,0,0,0,0,0,0,177000,0,0,0,207000,30000,177000,177000
063218,台塑群益9B購01  ,0,0,0,0,0,0,0,0,0,177000,0,0,0,483000,306000,177000,177000
064141,國巨統一01購08  ,0,0,0,0,0,0,0,0,0,177000,0,0,0,312000,135000,177000,177000
064229,台表科國票01購01,0,0,0,0,0,0,0,0,0,177000,0,0,0,239000,62000,177000,177000
056136,京鼎元大98購01  ,0,0,0,0,0,0,0,0,0,176000,0,0,0,245000,69000,176000,176000
056346,聯茂凱基99購02  ,0,0,0,0,0,0,0,0,0,176000,0,0,0,236000,60000,176000,176000
058797,大毅元大99購03  ,0,0,0,0,0,0,0,0,0,176000,0,0,0,197000,21000,176000,176000
063691,聯鈞永豐9B購01  ,0,0,0,0,0,0,0,0,0,176000,0,0,0,291000,115000,176000,176000
063529,聯茂凱基9B購02  ,0,0,0,0,0,0,0,0,0,176000,0,0,0,181000,5000,176000,176000
062184,奇鋐元大9B購02  ,0,0,0,0,0,0,0,0,0,176000,0,0,0,180000,4000,176000,176000
060424,中租永豐9A購01  ,0,0,0,0,0,0,0,0,0,175000,0,0,0,256000,81000,175000,175000
060056,大立光凱基9B購01,0,0,0,0,0,0,0,0,0,175000,0,0,0,175000,0,175000,175000
059086,國巨元大99購18  ,0,0,0,0,0,0,0,0,0,175000,0,0,0,237000,62000,175000,175000
063281,京元電元大9B購01,0,10000,-10000,0,0,0,0,0,0,185000,0,0,0,457000,272000,185000,175000
062944,茂林凱基9B購02  ,0,0,0,0,0,0,0,0,0,175000,0,0,0,205000,30000,175000,175000
062647,南電國泰9C購02  ,0,0,0,0,0,0,0,0,0,175000,0,0,0,452000,277000,175000,175000
056883,美食康和98購01  ,0,0,0,0,0,0,0,0,0,174000,0,0,0,174000,0,174000,174000
060189,宏達電元富9B購03,0,0,0,0,0,0,0,0,0,174000,0,0,0,326000,152000,174000,174000
061991,牧德元大9C購01  ,0,0,0,0,0,0,0,0,0,174000,0,0,0,197000,23000,174000,174000
064613,聯電元大9C購05  ,0,0,0,0,0,0,0,0,0,173000,0,0,0,193000,20000,173000,173000
2020,美亞            ,406000,233000,173000,0,0,0,0,0,0,0,0,0,0,0,0,0,173000
08453P,玉晶光台新9C售02,0,0,0,0,0,0,0,0,0,173000,0,0,0,220000,47000,173000,173000
4536,拓凱            ,109000,67000,42000,0,0,0,30000,0,30000,100000,100000,0,100000,0,0,0,172000
059350,樺漢凱基9A購01  ,0,0,0,0,0,0,0,0,0,172000,0,0,0,172000,0,172000,172000
058521,日月光元大99購01,0,0,0,0,0,0,0,0,0,172000,0,0,0,176000,4000,172000,172000
058931,玉晶光統一9C購01,0,0,0,0,0,0,0,0,0,172000,0,0,0,199000,27000,172000,172000
059005,嘉晶元大99購06  ,0,0,0,0,0,0,0,0,0,172000,0,0,0,172000,0,172000,172000
062179,旺宏元大9B購05  ,0,0,0,0,0,0,0,0,0,172000,0,0,0,173000,1000,172000,172000
063615,瑞祺群益9B購03  ,0,0,0,0,0,0,0,0,0,172000,0,0,0,189000,17000,172000,172000
064499,可成元大9C購07  ,0,0,0,0,0,0,0,0,0,172000,0,0,0,195000,23000,172000,172000
2402,毅嘉            ,207000,35300,171700,0,0,0,0,0,0,0,0,0,0,0,0,0,171700
08250P,GIS群益9C售02   ,0,0,0,0,0,0,0,0,0,171000,0,0,0,270000,99000,171000,171000
057798,貿聯兆豐99購01  ,0,0,0,0,0,0,0,0,0,171000,0,0,0,171000,0,171000,171000
057176,全新元大99購02  ,0,0,0,0,0,0,0,0,0,171000,0,0,0,171000,0,171000,171000
060367,緯穎元富9A購02  ,0,0,0,0,0,0,0,0,0,171000,0,0,0,410000,239000,171000,171000
062932,滬深2X凱基01購01,0,0,0,0,0,0,0,0,0,171000,0,0,0,201000,30000,171000,171000
08113P,台灣50凱基02售04,0,0,0,0,0,0,0,0,0,170000,0,0,0,200000,30000,170000,170000
3437,榮創            ,302000,132000,170000,0,0,0,0,0,0,0,0,0,0,0,0,0,170000
054317,昇陽半凱基98購01,0,0,0,0,0,0,0,0,0,170000,0,0,0,200000,30000,170000,170000
048414,滬深2X統一98購01,0,0,0,0,0,0,0,0,0,170000,0,0,0,170000,0,170000,170000
060958,儒鴻凱基9A購02  ,0,0,0,0,0,0,0,0,0,170000,0,0,0,170000,0,170000,170000
059944,欣興永豐99購03  ,0,0,0,0,0,0,0,0,0,170000,0,0,0,268000,98000,170000,170000
061950,日月光群益9B購01,0,0,0,0,0,0,0,0,0,170000,0,0,0,172000,2000,170000,170000
064079,英業達中信9C購01,0,0,0,0,0,0,0,0,0,170000,0,0,0,300000,130000,170000,170000
056502,A50正2永豐98購01,0,0,0,0,0,0,0,0,0,169000,0,0,0,169000,0,169000,169000
061600,聯電凱基9B購01  ,0,0,0,0,0,0,0,0,0,169000,0,0,0,175000,6000,169000,169000
061515,泰碩永豐9A購03  ,0,0,0,0,0,0,0,0,0,169000,0,0,0,169000,0,169000,169000
057770,亞德客群益98購01,0,0,0,0,0,0,0,0,0,168000,0,0,0,168000,0,168000,168000
060599,國巨凱基9C購01  ,0,0,0,0,0,0,0,0,0,168000,0,0,0,224000,56000,168000,168000
059480,美律群益9A購01  ,0,0,0,0,0,0,0,0,0,168000,0,0,0,168000,0,168000,168000
064407,貿聯凱基02購02  ,0,0,0,0,0,0,0,0,0,168000,0,0,0,238000,70000,168000,168000
063388,台光電兆豐9C購01,0,0,0,0,0,0,0,0,0,168000,0,0,0,255000,87000,168000,168000
063815,玉晶光群益02購01,0,0,0,0,0,0,0,0,0,168000,0,0,0,233000,65000,168000,168000
8011,台通            ,475000,307000,168000,0,0,0,0,0,0,0,0,0,0,0,0,0,168000
4564,元翎            ,199000,32000,167000,0,0,0,0,0,0,0,0,0,0,0,0,0,167000
061244,和碩兆豐9A購01  ,0,0,0,0,0,0,0,0,0,167000,0,0,0,170000,3000,167000,167000
063573,茂林元大9B購06  ,0,0,0,0,0,0,0,0,0,167000,0,0,0,247000,80000,167000,167000
064283,奇鋐元大9C購02  ,0,0,0,0,0,0,0,0,0,167000,0,0,0,171000,4000,167000,167000
064754,漢唐凱基02購01  ,0,0,0,0,0,0,0,0,0,166000,0,0,0,168000,2000,166000,166000
064327,金寶元大01購01  ,0,0,0,0,0,0,0,0,0,166000,0,0,0,275000,109000,166000,166000
064466,聯電元富9C購01  ,0,0,0,0,0,0,0,0,0,166000,0,0,0,486000,320000,166000,166000
064144,智邦統一01購02  ,0,0,0,0,0,0,0,0,0,166000,0,0,0,167000,1000,166000,166000
063728,國巨元大9B購21  ,0,30000,-30000,0,0,0,0,0,0,196000,0,0,0,276000,80000,196000,166000
062804,玉晶光統一9C購04,0,0,0,0,0,0,0,0,0,166000,0,0,0,224000,58000,166000,166000
062405,泰鼎永豐9B購02  ,0,0,0,0,0,0,0,0,0,166000,0,0,0,171000,5000,166000,166000
062415,聯茂中信9C購01  ,0,0,0,0,0,0,0,0,0,166000,0,0,0,171000,5000,166000,166000
058298,聯茂凱基99購05  ,0,0,0,0,0,0,0,0,0,165000,0,0,0,204000,39000,165000,165000
061468,神達群益9A購01  ,0,0,0,0,0,0,0,0,0,165000,0,0,0,165000,0,165000,165000
058763,和碩群益99購01  ,0,0,0,0,0,0,0,0,0,165000,0,0,0,224000,59000,165000,165000
063724,亞德客元大9B購03,0,0,0,0,0,0,0,0,0,165000,0,0,0,305000,140000,165000,165000
063473,茂林元大9B購05  ,0,0,0,0,0,0,0,0,0,165000,0,0,0,165000,0,165000,165000
064338,美食元大9C購01  ,0,0,0,0,0,0,0,0,0,165000,0,0,0,217000,52000,165000,165000
057278,可成元大98購06  ,0,0,0,0,0,0,0,0,0,164000,0,0,0,191000,27000,164000,164000
055063,玉晶光永豐99購01,0,0,0,0,0,0,0,0,0,164000,0,0,0,305000,141000,164000,164000
054540,泰鼎國票99購01  ,0,0,0,0,0,0,0,0,0,164000,0,0,0,164000,0,164000,164000
054695,世芯永豐98購01  ,0,0,0,0,0,0,0,0,0,164000,0,0,0,235000,71000,164000,164000
061303,玉晶光永豐9B購03,0,0,0,0,0,0,0,0,0,164000,0,0,0,184000,20000,164000,164000
063245,富邦金元大9B購03,0,0,0,0,0,0,0,0,0,164000,0,0,0,240000,76000,164000,164000
055653,聯詠元富01購02  ,0,0,0,0,0,0,0,0,0,163000,0,0,0,348000,185000,163000,163000
00674R,元大S&P黃金反1  ,0,0,0,0,0,0,0,0,0,163000,0,0,0,205000,42000,163000,163000
061186,牧德國泰9C購01  ,0,0,0,0,0,0,0,0,0,163000,0,0,0,201000,38000,163000,163000
063224,泰鼎群益9B購02  ,0,0,0,0,0,0,0,0,0,163000,0,0,0,275000,112000,163000,163000
064167,緯穎統一01購03  ,0,0,0,0,0,0,0,0,0,163000,0,0,0,179000,16000,163000,163000
064837,TPK統一9C購02   ,0,0,0,0,0,0,0,0,0,162000,0,0,0,162000,0,162000,162000
064616,智邦元大9C購04  ,0,0,0,0,0,0,0,0,0,162000,0,0,0,211000,49000,162000,162000
061033,台光電永豐9A購01,0,0,0,0,0,0,0,0,0,162000,0,0,0,258000,96000,162000,162000
063496,儒鴻永豐9B購01  ,0,0,0,0,0,0,0,0,0,162000,0,0,0,187000,25000,162000,162000
062801,宏達電統一01購01,0,0,0,0,0,0,0,0,0,162000,0,0,0,432000,270000,162000,162000
064830,可成統一9C購04  ,0,0,0,0,0,0,0,0,0,161000,0,0,0,207000,46000,161000,161000
1316,上曜            ,181000,20000,161000,0,0,0,0,0,0,0,0,0,0,0,0,0,161000
062665,智易群益9B購01  ,0,0,0,0,0,0,0,0,0,161000,0,0,0,188000,27000,161000,161000
057706,臺股指群益98購06,0,0,0,0,0,0,0,0,0,160000,0,0,0,160000,0,160000,160000
054527,國巨統一97購03  ,0,0,0,0,0,0,0,0,0,160000,0,0,0,210000,50000,160000,160000
058625,旺宏國票9A購01  ,0,0,0,0,0,0,0,0,0,160000,0,0,0,160000,0,160000,160000
058248,聯茂元大99購05  ,0,0,0,0,0,0,0,0,0,160000,0,0,0,160000,0,160000,160000
063598,國巨凱基9B購14  ,0,0,0,0,0,0,0,0,0,160000,0,0,0,213000,53000,160000,160000
064030,泰碩元大01購01  ,0,0,0,0,0,0,0,0,0,160000,0,0,0,206000,46000,160000,160000
2338,光罩            ,416000,261000,155000,0,0,0,0,0,0,4000,0,0,0,55000,51000,4000,159000
056670,樺漢國票99購01  ,0,0,0,0,0,0,0,0,0,159000,0,0,0,174000,15000,159000,159000
062974,奇力新元富9B購01,0,0,0,0,0,0,0,0,0,159000,0,0,0,159000,0,159000,159000
062549,中租永豐9B購01  ,0,0,0,0,0,0,0,0,0,159000,0,0,0,358000,199000,159000,159000
062282,禾伸堂群益9B購01,0,0,0,0,0,0,0,0,0,159000,0,0,0,183000,24000,159000,159000
062081,華新科元大9B購06,0,0,0,0,0,0,0,0,0,159000,0,0,0,171000,12000,159000,159000
2014,中鴻            ,298000,140000,158000,0,0,0,0,0,0,0,0,0,0,0,0,0,158000
07416P,台積電元大99售53,0,0,0,0,0,0,0,0,0,158000,0,0,0,169000,11000,158000,158000
056811,健策統一9B購01  ,0,0,0,0,0,0,0,0,0,158000,0,0,0,158000,0,158000,158000
058318,致茂永豐9A購01  ,0,0,0,0,0,0,0,0,0,158000,0,0,0,224000,66000,158000,158000
059942,全新永豐99購04  ,0,0,0,0,0,0,0,0,0,158000,0,0,0,158000,0,158000,158000
062658,聯茂第一9B購01  ,0,0,0,0,0,0,0,0,0,158000,0,0,0,168000,10000,158000,158000
063233,國巨元大9B購19  ,0,0,0,0,0,0,0,0,0,158000,0,0,0,163000,5000,158000,158000
062978,世芯元富9B購01  ,0,0,0,0,0,0,0,0,0,158000,0,0,0,181000,23000,158000,158000
064268,緯穎永豐9C購01  ,0,0,0,0,0,0,0,0,0,158000,0,0,0,158000,0,158000,158000
061649,緯穎元大9A購06  ,0,0,0,0,0,0,0,0,0,157000,0,0,0,167000,10000,157000,157000
059814,SP黃豆凱基9A購02,0,0,0,0,0,0,0,0,0,157000,0,0,0,157000,0,157000,157000
062937,旺宏凱基9B購08  ,0,0,0,0,0,0,0,0,0,157000,0,0,0,170000,13000,157000,157000
4919,新唐            ,242000,105000,137000,0,0,0,0,0,0,19000,2000,3000,-1000,20000,0,20000,156000
056702,欣興國泰9A購01  ,0,0,0,0,0,0,0,0,0,156000,0,0,0,158000,2000,156000,156000
057306,玉晶光兆豐99購01,0,0,0,0,0,0,0,0,0,156000,0,0,0,176000,20000,156000,156000
059241,旺宏凱基99購07  ,0,0,0,0,0,0,0,0,0,156000,0,0,0,228000,72000,156000,156000
063608,力成凱基9B購03  ,0,0,0,0,0,0,0,0,0,156000,0,0,0,215000,59000,156000,156000
063446,台光電統一01購02,0,0,0,0,0,0,0,0,0,156000,0,0,0,450000,294000,156000,156000
057111,立積群益98購02  ,0,0,0,0,0,0,0,0,0,155000,0,0,0,168000,13000,155000,155000
054539,欣興國票98購01  ,0,0,0,0,0,0,0,0,0,155000,0,0,0,155000,0,155000,155000
054134,強茂元大96購01  ,0,0,0,0,0,0,0,0,0,155000,0,0,0,155000,0,155000,155000
054947,興勤元大97購01  ,0,0,0,0,0,0,0,0,0,155000,0,0,0,196000,41000,155000,155000
062923,緯穎元大9B購06  ,0,0,0,0,0,0,0,0,0,155000,0,0,0,165000,10000,155000,155000
3026,禾伸堂          ,307000,367000,-60000,0,0,0,243000,0,243000,-29000,0,17000,-17000,23000,35000,-12000,154000
052434,茂林國泰97購01  ,0,0,0,0,0,0,0,0,0,154000,0,0,0,154000,0,154000,154000
058247,聯茂元大99購04  ,0,0,0,0,0,0,0,0,0,154000,0,0,0,241000,87000,154000,154000
061350,牧德元大9B購03  ,0,0,0,0,0,0,0,0,0,154000,0,0,0,157000,3000,154000,154000
063601,金像電凱基01購01,0,0,0,0,0,0,0,0,0,154000,0,0,0,162000,8000,154000,154000
063563,國巨元大9C購07  ,0,0,0,0,0,0,0,0,0,154000,0,0,0,155000,1000,154000,154000
053609,華新中信9A購01  ,0,0,0,0,0,0,0,0,0,153000,0,0,0,169000,16000,153000,153000
061027,儒鴻永豐9A購02  ,0,0,0,0,0,0,0,0,0,153000,0,0,0,198000,45000,153000,153000
059907,道瓊指元大99購03,0,0,0,0,0,0,0,0,0,153000,0,0,0,175000,22000,153000,153000
060050,鴻海凱基9B購01  ,0,0,0,0,0,0,0,0,0,153000,0,0,0,190000,37000,153000,153000
057940,和大國票99購01  ,0,0,0,0,0,0,0,0,0,153000,0,0,0,153000,0,153000,153000
063426,茂林凱基9B購03  ,0,0,0,0,0,0,0,0,0,153000,0,0,0,156000,3000,153000,153000
064300,英業達兆豐9C購01,0,0,0,0,0,0,0,0,0,153000,0,0,0,170000,17000,153000,153000
063306,聯茂凱基9C購01  ,0,0,0,0,0,0,0,0,0,153000,0,0,0,188000,35000,153000,153000
3014,聯陽            ,253000,91000,162000,0,0,0,0,0,0,-10000,9000,15000,-6000,0,4000,-4000,152000
1325,恆大            ,255000,137000,118000,0,0,0,20000,0,20000,14000,4000,1000,3000,11000,0,11000,152000
060913,宏達電元大9A購03,0,0,0,0,0,0,0,0,0,152000,0,0,0,169000,17000,152000,152000
057136,立積凱基98購02  ,0,0,0,0,0,0,0,0,0,152000,0,0,0,190000,38000,152000,152000
058495,元大金群益9B購01,0,0,0,0,0,0,0,0,0,152000,0,0,0,480000,328000,152000,152000
063055,創意統一9B購02  ,0,0,0,0,0,0,0,0,0,152000,0,0,0,193000,41000,152000,152000
062759,旺宏凱基9B購07  ,0,0,0,0,0,0,0,0,0,152000,0,0,0,192000,40000,152000,152000
063733,聯發科元大9B購27,0,0,0,0,0,0,0,0,0,152000,0,0,0,340000,188000,152000,152000
07634P,金像電元大9A售01,0,0,0,0,0,0,0,0,0,151000,0,0,0,434000,283000,151000,151000
062682,全新統一9B購01  ,0,0,0,0,0,0,0,0,0,151000,0,0,0,214000,63000,151000,151000
6582,申豐            ,215000,72000,143000,0,0,0,0,0,0,8000,13000,5000,8000,0,0,0,151000
2049,上銀            ,619863,403263,216600,0,0,0,7000,21000,-14000,-52000,6000,40000,-34000,9000,27000,-18000,150600
07801P,上銀永豐9A售02  ,0,0,0,0,0,0,0,0,0,150000,0,0,0,150000,0,150000,150000
07291P,臺股指凱基99售43,0,0,0,0,0,0,0,0,0,150000,0,0,0,150000,0,150000,150000
057266,TPK兆豐98購02   ,0,0,0,0,0,0,0,0,0,150000,0,0,0,440000,290000,150000,150000
056448,全新凱基99購01  ,0,0,0,0,0,0,0,0,0,150000,0,0,0,150000,0,150000,150000
061357,寶成元大9A購01  ,0,0,0,0,0,0,0,0,0,150000,0,0,0,151000,1000,150000,150000
063045,國巨兆豐9C購02  ,0,0,0,0,0,0,0,0,0,150000,0,0,0,155000,5000,150000,150000
063141,聯發科統一9C購10,0,0,0,0,0,0,0,0,0,150000,0,0,0,154000,4000,150000,150000
063928,可成統一01購02  ,0,0,0,0,0,0,0,0,0,150000,0,0,0,150000,0,150000,150000
059358,旺宏永豐99購02  ,0,0,0,0,0,0,0,0,0,149000,0,0,0,149000,0,149000,149000
064198,超眾群益9C購01  ,0,0,0,0,0,0,0,0,0,149000,0,0,0,163000,14000,149000,149000
062311,奇力新凱基9B購01,0,0,0,0,0,0,0,0,0,149000,0,0,0,149000,0,149000,149000
3653,健策            ,711000,433939,277061,0,0,0,101000,305000,-204000,75000,54000,10000,44000,75000,44000,31000,148061
07719P,臺股指群益9A售08,0,0,0,0,0,0,0,0,0,148000,0,0,0,333000,185000,148000,148000
06465P,國巨統一98售04  ,0,0,0,0,0,0,0,0,0,148000,0,0,0,251000,103000,148000,148000
056567,瀚宇博群益98購02,0,0,0,0,0,0,0,0,0,148000,0,0,0,159000,11000,148000,148000
055380,智易元大98購02  ,0,0,0,0,0,0,0,0,0,148000,0,0,0,159000,11000,148000,148000
061886,力山國泰01購01  ,0,0,0,0,0,0,0,0,0,148000,0,0,0,163000,15000,148000,148000
061462,國巨群益9A購11  ,0,0,0,0,0,0,0,0,0,148000,0,0,0,148000,0,148000,148000
062134,國巨群益9B購04  ,0,0,0,0,0,0,0,0,0,148000,0,0,0,148000,0,148000,148000
062868,葡萄王中信9B購01,0,0,0,0,0,0,0,0,0,148000,0,0,0,253000,105000,148000,148000
053294,聯發科中信9C購01,0,0,0,0,0,0,0,0,0,147000,0,0,0,180000,33000,147000,147000
061124,微星永豐9A購02  ,0,0,0,0,0,0,0,0,0,147000,0,0,0,153000,6000,147000,147000
058297,茂林凱基9A購02  ,0,0,0,0,0,0,0,0,0,147000,0,0,0,147000,0,147000,147000
062949,聯發科富邦01購01,0,0,0,0,0,0,0,0,0,147000,0,0,0,262000,115000,147000,147000
063806,瀚宇博兆豐01購01,0,0,0,0,0,0,0,0,0,147000,0,0,0,172000,25000,147000,147000
063449,全新統一9B購02  ,0,0,0,0,0,0,0,0,0,147000,0,0,0,473000,326000,147000,147000
063417,金像電凱基9B購03,0,0,0,0,0,0,0,0,0,147000,0,0,0,149000,2000,147000,147000
063574,茂林元大9B購07  ,0,0,0,0,0,0,0,0,0,147000,0,0,0,147000,0,147000,147000
063495,台光電富邦9C購01,0,0,0,0,0,0,0,0,0,147000,0,0,0,170000,23000,147000,147000
1736,喬山            ,239000,79000,160000,0,0,0,0,0,0,-14000,0,2000,-2000,1000,13000,-12000,146000
08065P,瑞昱凱基9B售03  ,0,0,0,0,0,0,0,0,0,146000,0,0,0,270000,124000,146000,146000
056954,聯詠富邦9A購01  ,0,0,0,0,0,0,0,0,0,146000,0,0,0,153000,7000,146000,146000
056738,國巨凱基9A購02  ,0,0,0,0,0,0,0,0,0,146000,0,0,0,169000,23000,146000,146000
054169,上緯控凱基98購01,0,0,0,0,0,0,0,0,0,146000,0,0,0,146000,0,146000,146000
058929,可成統一9C購01  ,0,0,0,0,0,0,0,0,0,146000,0,0,0,155000,9000,146000,146000
058963,華新科兆豐99購05,0,0,0,0,0,0,0,0,0,146000,0,0,0,146000,0,146000,146000
062080,奇力新元大9B購02,0,0,0,0,0,0,0,0,0,146000,0,0,0,146000,0,146000,146000
6120,達運            ,346000,147000,199000,0,0,0,0,0,0,-54000,0,54000,-54000,0,0,0,145000
054623,華新科第一97購01,0,0,0,0,0,0,0,0,0,145000,0,0,0,145000,0,145000,145000
054758,南亞國票9A購01  ,0,0,0,0,0,0,0,0,0,145000,0,0,0,145000,0,145000,145000
060995,泰鼎元大9A購03  ,0,0,0,0,0,0,0,0,0,145000,0,0,0,163000,18000,145000,145000
058736,鈺齊永豐99購02  ,0,0,0,0,0,0,0,0,0,145000,0,0,0,150000,5000,145000,145000
060248,日月光元大9A購01,0,0,0,0,0,0,0,0,0,145000,0,0,0,170000,25000,145000,145000
058518,玉晶光元大99購13,0,0,0,0,0,0,0,0,0,145000,0,0,0,195000,50000,145000,145000
060214,茂林康和9A購01  ,0,0,0,0,0,0,0,0,0,145000,0,0,0,145000,0,145000,145000
058022,樺漢凱基99購02  ,0,0,0,0,0,0,0,0,0,145000,0,0,0,146000,1000,145000,145000
060060,台積電兆豐99購05,0,0,0,0,0,0,0,0,0,145000,0,0,0,150000,5000,145000,145000
063187,全新凱基9B購02  ,0,0,0,0,0,0,0,0,0,145000,0,0,0,209000,64000,145000,145000
063536,美食統一01購01  ,0,0,0,0,0,0,0,0,0,145000,0,0,0,145000,0,145000,145000
063620,奇力新兆豐9B購01,0,0,0,0,0,0,0,0,0,145000,0,0,0,145000,0,145000,145000
063892,旺宏群益01購01  ,0,0,0,0,0,0,0,0,0,145000,0,0,0,145000,0,145000,145000
064122,國巨元大9C購17  ,0,0,0,0,0,0,0,0,0,145000,0,0,0,170000,25000,145000,145000
064464,台郡統一01購01  ,0,0,0,0,0,0,0,0,0,145000,0,0,0,190000,45000,145000,145000
060020,康控康和99購01  ,0,0,0,0,0,0,0,0,0,144000,0,0,0,234000,90000,144000,144000
061866,力山元大9C購01  ,0,0,0,0,0,0,0,0,0,144000,0,0,0,170000,26000,144000,144000
059139,全新兆豐9A購01  ,0,0,0,0,0,0,0,0,0,144000,0,0,0,161000,17000,144000,144000
064002,仁寶凱基9C購01  ,0,0,0,0,0,0,0,0,0,144000,0,0,0,144000,0,144000,144000
063244,華新科元大9B購11,0,0,0,0,0,0,0,0,0,144000,0,0,0,151000,7000,144000,144000
062541,臻鼎國泰01購01  ,0,0,0,0,0,0,0,0,0,144000,0,0,0,145000,1000,144000,144000
4960,誠美材          ,507000,364000,143000,0,0,0,0,0,0,0,0,0,0,0,0,0,143000
057585,鴻海國票99購05  ,0,0,0,0,0,0,0,0,0,143000,0,0,0,243000,100000,143000,143000
061227,日月光中信9B購01,0,0,0,0,0,0,0,0,0,143000,0,0,0,329000,186000,143000,143000
060513,緯穎元大9B購01  ,0,0,0,0,0,0,0,0,0,143000,0,0,0,181000,38000,143000,143000
060468,聯鈞元大9A購02  ,0,0,0,0,0,0,0,0,0,143000,0,0,0,276000,133000,143000,143000
062224,玉晶光統一9C購03,0,0,0,0,0,0,0,0,0,143000,0,0,0,146000,3000,143000,143000
064517,國巨群益02購01  ,0,20000,-20000,0,0,0,0,0,0,163000,0,0,0,340000,177000,163000,143000
064500,國泰金元大9C購01,0,0,0,0,0,0,0,0,0,143000,0,0,0,360000,217000,143000,143000
063845,旺宏元大9C購03  ,0,0,0,0,0,0,0,0,0,143000,0,0,0,186000,43000,143000,143000
057602,聯茂群益98購02  ,0,0,0,0,0,0,0,0,0,142000,0,0,0,142000,0,142000,142000
053865,欣興元大97購02  ,0,0,0,0,0,0,0,0,0,142000,0,0,0,273000,131000,142000,142000
063924,致新元富9C購01  ,0,0,0,0,0,0,0,0,0,142000,0,0,0,227000,85000,142000,142000
1526,日馳            ,297000,156000,141000,0,0,0,0,0,0,0,0,0,0,0,0,0,141000
064704,嘉晶國泰01購01  ,0,0,0,0,0,0,0,0,0,141000,0,0,0,188000,47000,141000,141000
056731,國巨凱基98購04  ,0,0,0,0,0,0,0,0,0,141000,0,0,0,141000,0,141000,141000
057389,玉晶光永豐98購06,0,0,0,0,0,0,0,0,0,141000,0,0,0,141000,0,141000,141000
061875,華新科元大9B購03,0,0,0,0,0,0,0,0,0,141000,0,0,0,204000,63000,141000,141000
061713,華邦電凱基9A購01,0,0,0,0,0,0,0,0,0,141000,0,0,0,141000,0,141000,141000
061187,瀚宇博國泰9C購01,0,0,0,0,0,0,0,0,0,141000,0,0,0,156000,15000,141000,141000
063450,華新科統一02購01,0,0,0,0,0,0,0,0,0,141000,0,0,0,154000,13000,141000,141000
064527,裕隆中信01購01  ,0,0,0,0,0,0,0,0,0,141000,0,0,0,177000,36000,141000,141000
062392,國巨富邦02購01  ,0,0,0,0,0,0,0,0,0,141000,0,0,0,641000,500000,141000,141000
063112,祥碩兆豐9B購01  ,0,0,0,0,0,0,0,0,0,141000,0,0,0,141000,0,141000,141000
064552,巨大凱基01購01  ,0,0,0,0,0,0,0,0,0,140000,0,0,0,193000,53000,140000,140000
06491P,台積電富邦99售02,0,0,0,0,0,0,0,0,0,140000,0,0,0,160000,20000,140000,140000
06891P,緯穎富邦99售03  ,0,0,0,0,0,0,0,0,0,140000,0,0,0,150000,10000,140000,140000
1732,毛寶            ,256000,119000,137000,0,0,0,0,0,0,3000,3000,0,3000,0,0,0,140000
056538,國泰金凱基98購01,0,0,0,0,0,0,0,0,0,140000,0,0,0,291000,151000,140000,140000
055698,茂林國票98購03  ,0,0,0,0,0,0,0,0,0,140000,0,0,0,140000,0,140000,140000
061943,上銀群益9B購02  ,0,0,0,0,0,0,0,0,0,140000,0,0,0,140000,0,140000,140000
059873,華新科凱基99購09,0,0,0,0,0,0,0,0,0,140000,0,0,0,140000,0,140000,140000
062702,可成元大9C購01  ,0,0,0,0,0,0,0,0,0,140000,0,0,0,225000,85000,140000,140000
063343,美律統一9C購01  ,0,0,0,0,0,0,0,0,0,140000,0,0,0,208000,68000,140000,140000
1473,台南            ,164000,25000,139000,0,0,0,0,0,0,0,0,0,0,0,0,0,139000
4526,東台            ,152000,13000,139000,0,0,0,0,0,0,0,0,0,0,0,0,0,139000
054406,旺宏國票98購01  ,0,0,0,0,0,0,0,0,0,139000,0,0,0,190000,51000,139000,139000
056917,國巨兆豐98購03  ,0,0,0,0,0,0,0,0,0,139000,0,0,0,200000,61000,139000,139000
057964,緯穎元大99購03  ,0,0,0,0,0,0,0,0,0,139000,0,0,0,142000,3000,139000,139000
059278,群創元大9A購04  ,0,0,0,0,0,0,0,0,0,139000,0,0,0,139000,0,139000,139000
060816,世紀鋼凱基9C購02,0,0,0,0,0,0,0,0,0,139000,0,0,0,139000,0,139000,139000
059425,SGBR2X元大9A購02,0,0,0,0,0,0,0,0,0,139000,0,0,0,455000,316000,139000,139000
059760,楠梓電永豐99購01,0,0,0,0,0,0,0,0,0,139000,0,0,0,190000,51000,139000,139000
062025,台達電群益9B購01,0,0,0,0,0,0,0,0,0,139000,0,0,0,310000,171000,139000,139000
4552,力達-KY         ,116000,174000,-58000,0,0,0,196000,0,196000,0,0,0,0,0,0,0,138000
056469,國巨元大99購01  ,0,0,0,0,0,0,0,0,0,138000,0,0,0,235000,97000,138000,138000
056392,玉晶光富邦9C購01,0,0,0,0,0,0,0,0,0,138000,0,0,0,523000,385000,138000,138000
062050,亞德客統一9C購01,0,0,0,0,0,0,0,0,0,138000,0,0,0,152000,14000,138000,138000
5519,隆大            ,157000,20000,137000,0,0,0,0,0,0,0,0,0,0,0,0,0,137000
06706P,智原台新98售02  ,0,0,0,0,0,0,0,0,0,137000,0,0,0,142000,5000,137000,137000
057317,技嘉凱基98購02  ,0,0,0,0,0,0,0,0,0,137000,0,0,0,195000,58000,137000,137000
057691,健策凱基99購01  ,0,0,0,0,0,0,0,0,0,137000,0,0,0,183000,46000,137000,137000
057524,旺宏元大99購04  ,0,0,0,0,0,0,0,0,0,137000,0,0,0,138000,1000,137000,137000
059855,緯穎永豐99購04  ,0,0,0,0,0,0,0,0,0,137000,0,0,0,147000,10000,137000,137000
057916,國巨凱基98購13  ,0,0,0,0,0,0,0,0,0,137000,0,0,0,137000,0,137000,137000
061389,華新科群益9B購01,0,0,0,0,0,0,0,0,0,137000,0,0,0,156000,19000,137000,137000
060089,台積電元大99購54,0,0,0,0,0,0,0,0,0,137000,0,0,0,157000,20000,137000,137000
062281,奇鋐群益9B購01  ,0,0,0,0,0,0,0,0,0,137000,0,0,0,184000,47000,137000,137000
062113,瑞祺國票9B購01  ,0,0,0,0,0,0,0,0,0,137000,0,0,0,167000,30000,137000,137000
062822,力成兆豐9B購01  ,0,0,0,0,0,0,0,0,0,137000,0,0,0,137000,0,137000,137000
064334,可成元大01購01  ,0,0,0,0,0,0,0,0,0,137000,0,0,0,159000,22000,137000,137000
064615,智邦元大01購01  ,0,0,0,0,0,0,0,0,0,136000,0,0,0,166000,30000,136000,136000
07101P,台郡元大99售06  ,0,0,0,0,0,0,0,0,0,136000,0,0,0,136000,0,136000,136000
1307,三芳            ,179000,43000,136000,0,0,0,0,0,0,0,0,0,0,0,0,0,136000
059956,玉山金康和99購01,0,0,0,0,0,0,0,0,0,136000,0,0,0,139000,3000,136000,136000
060363,美律元富9A購01  ,0,0,0,0,0,0,0,0,0,136000,0,0,0,224000,88000,136000,136000
058212,華新科群益9A購01,0,0,0,0,0,0,0,0,0,136000,0,0,0,141000,5000,136000,136000
064329,國巨元大01購03  ,0,0,0,0,0,0,0,0,0,136000,0,0,0,138000,2000,136000,136000
062653,正隆永豐9B購01  ,0,0,0,0,0,0,0,0,0,136000,0,0,0,190000,54000,136000,136000
063214,康控國票9C購01  ,0,0,0,0,0,0,0,0,0,136000,0,0,0,219000,83000,136000,136000
061731,旺宏統一9B購06  ,0,0,0,0,0,0,0,0,0,136000,0,0,0,136000,0,136000,136000
2103,台橡            ,502000,366000,136000,0,0,0,0,0,0,-1000,0,1000,-1000,0,0,0,135000
060953,富邦金群益9A購01,0,0,0,0,0,0,0,0,0,135000,0,0,0,139000,4000,135000,135000
053337,聯電國票97購01  ,0,0,0,0,0,0,0,0,0,135000,0,0,0,135000,0,135000,135000
054455,楠梓電群益98購02,0,0,0,0,0,0,0,0,0,135000,0,0,0,303000,168000,135000,135000
051266,國巨富邦99購01  ,0,0,0,0,0,0,0,0,0,135000,0,0,0,146000,11000,135000,135000
058225,旺宏元富99購01  ,0,0,0,0,0,0,0,0,0,135000,0,0,0,135000,0,135000,135000
060709,緯穎富邦9B購01  ,0,0,0,0,0,0,0,0,0,135000,0,0,0,202000,67000,135000,135000
058129,國巨元大99購10  ,0,0,0,0,0,0,0,0,0,135000,0,0,0,162000,27000,135000,135000
063142,奇力新統一9C購04,0,0,0,0,0,0,0,0,0,135000,0,0,0,141000,6000,135000,135000
063558,聚陽元大9B購02  ,0,0,0,0,0,0,0,0,0,135000,0,0,0,261000,126000,135000,135000
049700,瀚宇博元大97購01,0,0,0,0,0,0,0,0,0,134000,0,0,0,226000,92000,134000,134000
054058,晶豪科國票98購01,0,0,0,0,0,0,0,0,0,134000,0,0,0,134000,0,134000,134000
057675,同欣電元大98購02,0,0,0,0,0,0,0,0,0,134000,0,0,0,262000,128000,134000,134000
056307,貿聯元大97購05  ,0,0,0,0,0,0,0,0,0,134000,0,0,0,134000,0,134000,134000
057353,玉晶光統一99購01,0,0,0,0,0,0,0,0,0,134000,0,0,0,186000,52000,134000,134000
060456,正隆元大9A購01  ,0,0,0,0,0,0,0,0,0,134000,0,0,0,178000,44000,134000,134000
061773,和潤元大9B購01  ,0,0,0,0,0,0,0,0,0,134000,0,0,0,149000,15000,134000,134000
07035P,大立光元富99售04,0,0,0,0,0,0,0,0,0,133000,0,0,0,139000,6000,133000,133000
056088,台郡統一97購02  ,0,0,0,0,0,0,0,0,0,133000,0,0,0,163000,30000,133000,133000
055449,超眾統一9A購01  ,0,0,0,0,0,0,0,0,0,133000,0,0,0,133000,0,133000,133000
055777,冠德凱基97購01  ,0,0,0,0,0,0,0,0,0,133000,0,0,0,153000,20000,133000,133000
020000,富邦特選蘋果N   ,0,0,0,0,0,0,0,0,0,133000,0,0,0,136000,3000,133000,133000
059923,緯穎元大99購09  ,0,0,0,0,0,0,0,0,0,133000,0,0,0,183000,50000,133000,133000
058739,喬山中信99購01  ,0,0,0,0,0,0,0,0,0,133000,0,0,0,153000,20000,133000,133000
061737,南亞科凱基9B購01,0,0,0,0,0,0,0,0,0,133000,0,0,0,133000,0,133000,133000
06323P,台郡統一97售01  ,0,0,0,0,0,0,0,0,0,133000,0,0,0,133000,0,133000,133000
063499,金像電永豐9B購03,0,0,0,0,0,0,0,0,0,133000,0,0,0,133000,0,133000,133000
063849,奇鋐元大9C購01  ,0,0,0,0,0,0,0,0,0,133000,0,0,0,140000,7000,133000,133000
064345,創意元大9C購03  ,0,0,0,0,0,0,0,0,0,133000,0,0,0,133000,0,133000,133000
064163,康控統一01購01  ,0,0,0,0,0,0,0,0,0,133000,0,0,0,133000,0,133000,133000
064870,中租永豐9C購01  ,0,0,0,0,0,0,0,0,0,132000,0,0,0,218000,86000,132000,132000
3052,夆典            ,263000,131000,132000,0,0,0,0,0,0,0,0,0,0,0,0,0,132000
053582,英業達元大97購01,0,0,0,0,0,0,0,0,0,132000,0,0,0,136000,4000,132000,132000
055858,聯茂元大97購03  ,0,0,0,0,0,0,0,0,0,132000,0,0,0,152000,20000,132000,132000
056600,聯茂元富98購01  ,0,0,0,0,0,0,0,0,0,132000,0,0,0,152000,20000,132000,132000
058244,神達元大99購02  ,0,0,0,0,0,0,0,0,0,132000,0,0,0,132000,0,132000,132000
060242,潤泰全元大9C購01,0,0,0,0,0,0,0,0,0,132000,0,0,0,200000,68000,132000,132000
060311,盟立永豐9A購01  ,0,0,0,0,0,0,0,0,0,132000,0,0,0,132000,0,132000,132000
059253,康控凱基9B購02  ,0,0,0,0,0,0,0,0,0,132000,0,0,0,158000,26000,132000,132000
063344,臺企銀統一9C購01,0,0,0,0,0,0,0,0,0,132000,0,0,0,152000,20000,132000,132000
063025,超眾元大9B購01  ,0,0,0,0,0,0,0,0,0,132000,0,0,0,242000,110000,132000,132000
062373,泰鼎元大9B購01  ,0,0,0,0,0,0,0,0,0,132000,0,0,0,154000,22000,132000,132000
056939,康控元富98購01  ,0,0,0,0,0,0,0,0,0,131000,0,0,0,231000,100000,131000,131000
060249,正文元大9C購01  ,0,0,0,0,0,0,0,0,0,131000,0,0,0,241000,110000,131000,131000
059036,可成群益9B購03  ,0,0,0,0,0,0,0,0,0,131000,0,0,0,272000,141000,131000,131000
062666,和碩群益9B購01  ,0,0,0,0,0,0,0,0,0,131000,0,0,0,250000,119000,131000,131000
063461,金像電元大9B購03,0,0,0,0,0,0,0,0,0,131000,0,0,0,143000,12000,131000,131000
06949P,台表科元大99售01,0,0,0,0,0,0,0,0,0,130000,0,0,0,230000,100000,130000,130000
06982P,義隆凱基99售02  ,0,0,0,0,0,0,0,0,0,130000,0,0,0,670000,540000,130000,130000
06935P,神達元大98售02  ,0,0,0,0,0,0,0,0,0,130000,0,0,0,200000,70000,130000,130000
056689,玉晶光統一9A購03,0,0,0,0,0,0,0,0,0,130000,0,0,0,172000,42000,130000,130000
055118,嘉聯益凱基98購02,0,0,0,0,0,0,0,0,0,130000,0,0,0,130000,0,130000,130000
059276,可成元大99購06  ,0,0,0,0,0,0,0,0,0,130000,0,0,0,134000,4000,130000,130000
058100,聯茂國泰99購02  ,0,0,0,0,0,0,0,0,0,130000,0,0,0,130000,0,130000,130000
059872,華新科凱基01購01,0,0,0,0,0,0,0,0,0,130000,0,0,0,144000,14000,130000,130000
060705,台光電富邦9B購01,0,0,0,0,0,0,0,0,0,130000,0,0,0,140000,10000,130000,130000
064075,台積電中信06購01,16000,0,16000,0,0,0,0,0,0,114000,0,0,0,174000,60000,114000,130000
062231,台光電麥證9C購01,0,0,0,145000,15000,130000,0,0,0,130000,0,0,0,145000,15000,130000,130000
3047,訊舟            ,174000,45000,129000,0,0,0,0,0,0,0,0,0,0,0,0,0,129000
3708,上緯投控        ,171000,38000,133000,0,0,0,0,0,0,-4000,0,11000,-11000,7000,0,7000,129000
2239,英利-KY         ,147000,147000,0,0,0,0,129000,0,129000,0,0,0,0,0,0,0,129000
055795,茂林國泰98購01  ,0,0,0,0,0,0,0,0,0,129000,0,0,0,129000,0,129000,129000
061492,超眾兆豐9B購01  ,0,0,0,0,0,0,0,0,0,129000,0,0,0,129000,0,129000,129000
059524,FBVIX凱基9A購02 ,0,0,0,0,0,0,0,0,0,129000,0,0,0,129000,0,129000,129000
061157,聯鈞群益9A購02  ,0,0,0,0,0,0,0,0,0,129000,0,0,0,161000,32000,129000,129000
059061,晶技凱基9A購01  ,0,0,0,0,0,0,0,0,0,129000,0,0,0,184000,55000,129000,129000
061792,和大永豐9B購01  ,0,0,0,0,0,0,0,0,0,129000,0,0,0,130000,1000,129000,129000
062435,國巨元大9B購13  ,0,0,0,0,0,0,0,0,0,129000,0,0,0,129000,0,129000,129000
062488,台光電永豐9B購02,0,0,0,0,0,0,0,0,0,129000,0,0,0,129000,0,129000,129000
063036,聯發科凱基9B購11,0,0,0,0,0,0,0,0,0,129000,0,0,0,133000,4000,129000,129000
063236,旺宏元大9B購07  ,0,0,0,0,0,0,0,0,0,129000,0,0,0,159000,30000,129000,129000
064757,義隆凱基01購02  ,0,0,0,0,0,0,0,0,0,128000,0,0,0,128000,0,128000,128000
061003,南亞科兆豐9A購01,0,0,0,0,0,0,0,0,0,128000,0,0,0,128000,0,128000,128000
059197,可成永豐99購02  ,0,0,0,0,0,0,0,0,0,128000,0,0,0,128000,0,128000,128000
059274,國巨元大99購22  ,0,0,0,0,0,0,0,0,0,128000,0,0,0,128000,0,128000,128000
064023,智邦元大9C購02  ,0,0,0,0,0,0,0,0,0,128000,0,0,0,202000,74000,128000,128000
064036,矽創元大9C購01  ,0,0,0,0,0,0,0,0,0,128000,0,0,0,384000,256000,128000,128000
061266,國泰金凱基9B購01,0,0,0,0,0,0,0,0,0,127000,0,0,0,207000,80000,127000,127000
056818,正崴永豐98購01  ,0,0,0,0,0,0,0,0,0,127000,0,0,0,176000,49000,127000,127000
056486,樺漢元大98購04  ,0,0,0,0,0,0,0,0,0,127000,0,0,0,127000,0,127000,127000
055408,力成國泰98購01  ,0,0,0,0,0,0,0,0,0,127000,0,0,0,127000,0,127000,127000
058431,國巨統一9B購01  ,0,0,0,0,0,0,0,0,0,127000,0,0,0,351000,224000,127000,127000
058315,TPK富邦9C購01   ,0,0,0,0,0,0,0,0,0,127000,0,0,0,127000,0,127000,127000
059079,SGBR2X元大99購01,0,0,0,0,0,0,0,0,0,127000,0,0,0,187000,60000,127000,127000
061549,泰碩群益9A購01  ,0,0,0,0,0,0,0,0,0,127000,0,0,0,226000,99000,127000,127000
061824,聯電麥證9B購01  ,0,0,0,525000,398000,127000,0,0,0,127000,0,0,0,525000,398000,127000,127000
061840,長榮航凱基9C購01,0,0,0,0,0,0,0,0,0,127000,0,0,0,133000,6000,127000,127000
063909,旺宏凱基02購01  ,0,0,0,0,0,0,0,0,0,127000,0,0,0,187000,60000,127000,127000
062638,茂林國票9C購01  ,0,0,0,0,0,0,0,0,0,127000,0,0,0,127000,0,127000,127000
062469,旺宏凱基9B購05  ,0,0,0,0,0,0,0,0,0,127000,0,0,0,127000,0,127000,127000
2538,基泰            ,135000,8400,126600,0,0,0,0,0,0,0,0,0,0,0,0,0,126600
064559,旺宏群益01購02  ,0,0,0,0,0,0,0,0,0,126000,0,0,0,126000,0,126000,126000
060881,玉山金中信02購01,0,0,0,0,0,0,0,0,0,126000,0,0,0,133000,7000,126000,126000
061638,國泰金元大9A購03,0,0,0,0,0,0,0,0,0,126000,0,0,0,227000,101000,126000,126000
058831,茂林永豐99購01  ,0,0,0,0,0,0,0,0,0,126000,0,0,0,126000,0,126000,126000
058145,聯茂元大99購03  ,0,0,0,0,0,0,0,0,0,126000,0,0,0,138000,12000,126000,126000
063800,玉晶光凱基9C購02,0,0,0,0,0,0,0,0,0,126000,0,0,0,224000,98000,126000,126000
064165,同欣電統一01購01,0,0,0,0,0,0,0,0,0,126000,0,0,0,557000,431000,126000,126000
064236,奇力新統一01購04,0,0,0,0,0,0,0,0,0,126000,0,0,0,126000,0,126000,126000
064677,金像電兆豐9C購01,0,10000,-10000,0,0,0,0,0,0,135000,0,0,0,316000,181000,135000,125000
07835P,台表科群益9A售02,0,0,0,0,0,0,0,0,0,125000,0,0,0,171000,46000,125000,125000
08256P,台積電元大9C售02,0,0,0,0,0,0,0,0,0,125000,0,0,0,125000,0,125000,125000
056252,聯發科兆豐97購03,0,0,0,0,0,0,0,0,0,125000,0,0,0,130000,5000,125000,125000
055824,臺股指國票97購11,0,0,0,0,0,0,0,0,0,125000,0,0,0,125000,0,125000,125000
050890,南電富邦99購01  ,0,0,0,0,0,0,0,0,0,125000,0,0,0,175000,50000,125000,125000
058532,禾伸堂元富99購01,0,0,0,0,0,0,0,0,0,125000,0,0,0,130000,5000,125000,125000
060865,創意永豐9A購01  ,0,0,0,0,0,0,0,0,0,125000,0,0,0,125000,0,125000,125000
059728,聯鈞元大99購01  ,0,0,0,0,0,0,0,0,0,125000,0,0,0,137000,12000,125000,125000
060406,瑞祺國泰9B購01  ,0,0,0,0,0,0,0,0,0,125000,0,0,0,169000,44000,125000,125000
064131,群創元大01購02  ,0,0,0,0,0,0,0,0,0,125000,0,0,0,130000,5000,125000,125000
063901,緯穎群益9C購01  ,0,0,0,0,0,0,0,0,0,125000,0,0,0,131000,6000,125000,125000
063587,漢唐永豐9B購02  ,0,0,0,0,0,0,0,0,0,125000,0,0,0,126000,1000,125000,125000
07059P,華通國票9A售02  ,0,0,0,0,0,0,0,0,0,124000,0,0,0,164000,40000,124000,124000
054164,強茂凱基98購01  ,0,0,0,0,0,0,0,0,0,124000,0,0,0,213000,89000,124000,124000
057318,台光電凱基9A購01,0,0,0,0,0,0,0,0,0,124000,0,0,0,157000,33000,124000,124000
060926,宏達電永豐9A購01,0,0,0,0,0,0,0,0,0,124000,0,0,0,197000,73000,124000,124000
061571,奇力新元大9A購03,0,0,0,0,0,0,0,0,0,124000,0,0,0,124000,0,124000,124000
063612,金像電群益9B購04,0,0,0,0,0,0,0,0,0,124000,0,0,0,125000,1000,124000,124000
063910,漢唐凱基9C購01  ,0,0,0,0,0,0,0,0,0,124000,0,0,0,124000,0,124000,124000
064285,貿聯元大9C購02  ,0,0,0,0,0,0,0,0,0,124000,0,0,0,124000,0,124000,124000
062308,旺宏凱基9B購04  ,0,0,0,0,0,0,0,0,0,124000,0,0,0,124000,0,124000,124000
2836,高雄銀          ,129000,5200,123800,0,0,0,0,0,0,0,0,0,0,0,0,0,123800
2426,鼎元            ,361000,213000,148000,0,0,0,0,0,0,-25000,0,25000,-25000,0,0,0,123000
064715,和大統一02購03  ,0,0,0,0,0,0,0,0,0,123000,0,0,0,158000,35000,123000,123000
061707,超眾國票9B購01  ,0,0,0,0,0,0,0,0,0,123000,0,0,0,136000,13000,123000,123000
060602,京元電凱基9A購01,0,0,0,0,0,0,0,0,0,123000,0,0,0,244000,121000,123000,123000
060868,致伸永豐9A購01  ,0,0,0,0,0,0,0,0,0,123000,0,0,0,123000,0,123000,123000
060800,華新科第一9A購01,0,0,0,0,0,0,0,0,0,123000,0,0,0,123000,0,123000,123000
062049,亞德客統一01購01,0,0,0,0,0,0,0,0,0,123000,0,0,0,123000,0,123000,123000
062807,和碩統一9B購01  ,0,0,0,0,0,0,0,0,0,123000,0,0,0,129000,6000,123000,123000
062967,上銀元富9B購01  ,0,0,0,0,0,0,0,0,0,123000,0,0,0,170000,47000,123000,123000
064098,正崴群益9C購01  ,0,0,0,0,0,0,0,0,0,123000,0,0,0,143000,20000,123000,123000
063634,台光電元大9B購09,0,0,0,0,0,0,0,0,0,123000,0,0,0,213000,90000,123000,123000
064560,技嘉群益01購01  ,0,0,0,0,0,0,0,0,0,122000,0,0,0,190000,68000,122000,122000
057619,玉晶光凱基98購02,0,0,0,0,0,0,0,0,0,122000,0,0,0,154000,32000,122000,122000
057751,神達國票99購02  ,0,0,0,0,0,0,0,0,0,122000,0,0,0,122000,0,122000,122000
056649,智易凱基98購01  ,0,0,0,0,0,0,0,0,0,122000,0,0,0,172000,50000,122000,122000
055244,國巨統一98購01  ,0,0,0,0,0,0,0,0,0,122000,0,0,0,201000,79000,122000,122000
060851,國巨國泰9C購01  ,0,0,0,0,0,0,0,0,0,122000,0,0,0,577000,455000,122000,122000
063618,智邦兆豐9C購01  ,0,0,0,0,0,0,0,0,0,122000,0,0,0,122000,0,122000,122000
064287,日月光元大9C購01,0,0,0,0,0,0,0,0,0,122000,0,0,0,196000,74000,122000,122000
062660,神隆群益9B購02  ,0,0,0,0,0,0,0,0,0,122000,0,0,0,1005000,883000,122000,122000
057196,茂林台新98購01  ,0,0,0,0,0,0,0,0,0,121000,0,0,0,121000,0,121000,121000
060982,旺宏元大9A購09  ,0,0,0,0,0,0,0,0,0,121000,0,0,0,130000,9000,121000,121000
058327,大毅統一9B購01  ,0,0,0,0,0,0,0,0,0,121000,0,0,0,173000,52000,121000,121000
059957,中信金康和99購01,0,0,0,0,0,0,0,0,0,121000,0,0,0,131000,10000,121000,121000
064437,可成凱基02購01  ,0,0,0,0,0,0,0,0,0,121000,0,0,0,124000,3000,121000,121000
060984,南亞科元大9A購07,0,0,0,0,0,0,0,0,0,120000,0,0,0,134000,14000,120000,120000
061064,可成凱基9B購02  ,0,0,0,0,0,0,0,0,0,120000,0,0,0,123000,3000,120000,120000
056430,鴻海凱基98購06  ,0,0,0,0,0,0,0,0,0,120000,0,0,0,120000,0,120000,120000
054547,鴻海凱基98購02  ,0,0,0,0,0,0,0,0,0,120000,0,0,0,120000,0,120000,120000
047482,新光金凱基99購03,0,0,0,0,0,0,0,0,0,120000,0,0,0,220000,100000,120000,120000
059972,S&P正2元大99購03,0,0,0,0,0,0,0,0,0,120000,0,0,0,120000,0,120000,120000
060514,南電元大9A購02  ,0,0,0,0,0,0,0,0,0,120000,0,0,0,152000,32000,120000,120000
061335,國巨元大9A購19  ,0,0,0,0,0,0,0,0,0,120000,0,0,0,126000,6000,120000,120000
061869,智邦元大9B購01  ,0,0,0,0,0,0,0,0,0,120000,0,0,0,129000,9000,120000,120000
061870,智邦元大9B購02  ,0,0,0,0,0,0,0,0,0,120000,0,0,0,136000,16000,120000,120000
060811,亞德客凱基9A購02,0,0,0,0,0,0,0,0,0,120000,0,0,0,460000,340000,120000,120000
059823,奇力新凱基99購07,0,0,0,0,0,0,0,0,0,120000,0,0,0,120000,0,120000,120000
058683,可成凱基9A購01  ,0,0,0,0,0,0,0,0,0,120000,0,0,0,121000,1000,120000,120000
063740,矽格元大9B購03  ,0,0,0,0,0,0,0,0,0,120000,0,0,0,120000,0,120000,120000
062971,英業達元富9B購01,0,0,0,0,0,0,0,0,0,120000,0,0,0,222000,102000,120000,120000
062880,大立光兆豐9B購02,0,0,0,0,0,0,0,0,0,120000,0,0,0,120000,0,120000,120000
063097,台灣50群益01購01,0,0,0,0,0,0,0,0,0,120000,0,0,0,120000,0,120000,120000
062601,富邦金台新9B購01,0,0,0,0,0,0,0,0,0,120000,0,0,0,189000,69000,120000,120000
064850,智原元富9C購01  ,0,0,0,0,0,0,0,0,0,119000,0,0,0,119000,0,119000,119000
055606,矽創元大97購01  ,0,0,0,0,0,0,0,0,0,119000,0,0,0,119000,0,119000,119000
060290,興富發元大9C購01,0,0,0,0,0,0,0,0,0,119000,0,0,0,119000,0,119000,119000
059248,華新科凱基99購04,0,0,0,0,0,0,0,0,0,119000,0,0,0,120000,1000,119000,119000
058506,台積電元大99購09,0,0,0,0,0,0,0,0,0,119000,0,0,0,134000,15000,119000,119000
061838,華新科凱基05購03,0,0,0,0,0,0,0,0,0,119000,0,0,0,132000,13000,119000,119000
061595,智易永豐9A購02  ,0,0,0,0,0,0,0,0,0,119000,0,0,0,119000,0,119000,119000
062314,玉晶光凱基9B購06,0,0,0,0,0,0,0,0,0,119000,0,0,0,125000,6000,119000,119000
063557,聚陽元大9B購01  ,0,0,0,0,0,0,0,0,0,119000,0,0,0,169000,50000,119000,119000
063515,香港2X凱基01購01,0,0,0,0,0,0,0,0,0,119000,0,0,0,139000,20000,119000,119000
064086,旺宏凱基9C購01  ,0,0,0,0,0,0,0,0,0,119000,0,0,0,181000,62000,119000,119000
06970P,旺宏元大99售08  ,0,0,0,0,0,0,0,0,0,118000,0,0,0,151000,33000,118000,118000
2349,錸德            ,312000,193000,119000,0,0,0,0,0,0,-1000,0,1000,-1000,0,0,0,118000
08125P,聯茂群益9B售02  ,0,0,0,0,0,0,0,0,0,118000,0,0,0,227000,109000,118000,118000
054563,泰碩群益99購01  ,0,0,0,0,0,0,0,0,0,118000,0,0,0,118000,0,118000,118000
055874,中環元富9A購01  ,0,0,0,0,0,0,0,0,0,118000,0,0,0,219000,101000,118000,118000
060546,旺宏凱基9A購02  ,0,0,0,0,0,0,0,0,0,118000,0,0,0,143000,25000,118000,118000
060644,泰鼎永豐9A購02  ,0,0,0,0,0,0,0,0,0,118000,0,0,0,148000,30000,118000,118000
058989,茂林凱基99購02  ,0,0,0,0,0,0,0,0,0,118000,0,0,0,178000,60000,118000,118000
064467,南亞科元富9C購02,0,0,0,0,0,0,0,0,0,118000,0,0,0,180000,62000,118000,118000
064532,聯茂兆豐01購01  ,0,0,0,0,0,0,0,0,0,118000,0,0,0,138000,20000,118000,118000
063607,中租凱基9B購02  ,0,0,0,0,0,0,0,0,0,118000,0,0,0,195000,77000,118000,118000
063896,世芯群益9C購01  ,0,0,0,0,0,0,0,0,0,118000,0,0,0,224000,106000,118000,118000
062350,台表科群益9B購01,0,0,0,0,0,0,0,0,0,118000,0,0,0,232000,114000,118000,118000
062561,瀚宇博凱基9B購01,0,0,0,0,0,0,0,0,0,118000,0,0,0,161000,43000,118000,118000
062755,茂林麥證9B購01  ,0,0,0,126000,8000,118000,0,0,0,118000,0,0,0,126000,8000,118000,118000
064547,宏達電凱基9C購01,0,0,0,0,0,0,0,0,0,117000,0,0,0,123000,6000,117000,117000
064627,矽格元大9C購01  ,0,0,0,0,0,0,0,0,0,117000,0,0,0,143000,26000,117000,117000
054263,聯茂元大96購02  ,0,0,0,0,0,0,0,0,0,117000,0,0,0,117000,0,117000,117000
060204,矽創元富9A購01  ,0,0,0,0,0,0,0,0,0,117000,0,0,0,118000,1000,117000,117000
060643,牧德永豐9A購03  ,0,0,0,0,0,0,0,0,0,117000,0,0,0,117000,0,117000,117000
061347,創意元大9A購02  ,0,0,0,0,0,0,0,0,0,117000,0,0,0,117000,0,117000,117000
063124,奇力新元大9B購05,0,0,0,0,0,0,0,0,0,117000,0,0,0,117000,0,117000,117000
063068,聯發科國泰01購03,0,0,0,0,0,0,0,0,0,117000,0,0,0,117000,0,117000,117000
4164,承業醫          ,212000,52000,160000,0,0,0,0,0,0,-44000,7000,51000,-44000,0,0,0,116000
059546,FBVIX群益99購03 ,0,0,0,0,0,0,0,0,0,116000,0,0,0,180000,64000,116000,116000
063184,台光電凱基9B購03,0,0,0,0,0,0,0,0,0,116000,0,0,0,176000,60000,116000,116000
063846,智邦元大9C購01  ,0,0,0,0,0,0,0,0,0,116000,0,0,0,150000,34000,116000,116000
9919,康那香          ,1357000,1241000,116000,0,0,0,0,20000,-20000,20000,0,0,0,20000,0,20000,116000
4108,懷特            ,252000,137000,115000,0,0,0,0,0,0,0,0,0,0,0,0,0,115000
060987,華新科元大9A購11,0,0,0,0,0,0,0,0,0,115000,0,0,0,237000,122000,115000,115000
061547,禾伸堂群益9A購01,0,0,0,0,0,0,0,0,0,115000,0,0,0,200000,85000,115000,115000
061711,台積電凱基9A購27,10000,0,10000,0,0,0,0,0,0,105000,0,0,0,225000,120000,105000,115000
060524,國巨中信9A購03  ,0,0,0,0,0,0,0,0,0,115000,0,0,0,127000,12000,115000,115000
063155,緯穎元富9B購03  ,0,0,0,0,0,0,0,0,0,115000,0,0,0,165000,50000,115000,115000
062302,聯詠中信05購02  ,0,0,0,0,0,0,0,0,0,115000,0,0,0,144000,29000,115000,115000
9103,美德醫療-DR     ,147000,32000,115000,0,0,0,0,0,0,0,0,0,0,0,0,0,115000
054308,嘉晶凱基98購01  ,0,0,0,0,0,0,0,0,0,114000,0,0,0,215000,101000,114000,114000
053347,茂林國票98購01  ,0,0,0,0,0,0,0,0,0,114000,0,0,0,114000,0,114000,114000
03682C,臺股指凱基9C牛07,0,0,0,0,0,0,0,0,0,114000,0,0,0,241000,127000,114000,114000
061346,玉晶光元大9B購03,0,0,0,0,0,0,0,0,0,114000,0,0,0,147000,33000,114000,114000
060826,牧德元大9B購02  ,0,0,0,0,0,0,0,0,0,114000,0,0,0,124000,10000,114000,114000
059856,昇陽半永豐99購03,0,0,0,0,0,0,0,0,0,114000,0,0,0,160000,46000,114000,114000
064491,金像電元大9C購03,0,0,0,0,0,0,0,0,0,114000,0,0,0,164000,50000,114000,114000
064004,全新凱基01購01  ,0,0,0,0,0,0,0,0,0,114000,0,0,0,121000,7000,114000,114000
6226,光鼎            ,127000,13000,114000,0,0,0,0,0,0,0,0,0,0,0,0,0,114000
3557,嘉威            ,351000,238000,113000,0,0,0,0,0,0,0,0,0,0,0,0,0,113000
1708,東鹼            ,149000,36000,113000,0,0,0,0,0,0,0,0,0,0,0,0,0,113000
058645,康控富邦01購01  ,0,0,0,0,0,0,0,0,0,113000,0,0,0,270000,157000,113000,113000
060392,華擎群益9C購02  ,0,0,0,0,0,0,0,0,0,113000,0,0,0,143000,30000,113000,113000
061568,國巨元大9A購25  ,0,0,0,0,0,0,0,0,0,113000,0,0,0,163000,50000,113000,113000
063941,國巨元大9C購12  ,0,0,0,0,0,0,0,0,0,113000,0,0,0,290000,177000,113000,113000
064055,台郡統一02購01  ,0,0,0,0,0,0,0,0,0,113000,0,0,0,197000,84000,113000,113000
064375,智邦元富03購01  ,0,0,0,0,0,0,0,0,0,113000,0,0,0,174000,61000,113000,113000
063570,嘉晶元大9C購02  ,0,0,0,0,0,0,0,0,0,113000,0,0,0,117000,4000,113000,113000
063392,聯電群益9B購02  ,0,0,0,0,0,0,0,0,0,113000,0,0,0,143000,30000,113000,113000
2360,致茂            ,451000,297234,153766,0,0,0,0,2000,-2000,-39000,39000,69000,-30000,47000,56000,-9000,112766
055657,超眾元富97購02  ,0,0,0,0,0,0,0,0,0,112000,0,0,0,112000,0,112000,112000
060911,大毅元大9A購01  ,0,0,0,0,0,0,0,0,0,112000,0,0,0,113000,1000,112000,112000
057580,玉山金中信9A購01,0,0,0,0,0,0,0,0,0,112000,0,0,0,129000,17000,112000,112000
056611,國巨永豐98購03  ,0,0,0,0,0,0,0,0,0,112000,0,0,0,114000,2000,112000,112000
061841,晶技凱基9C購01  ,0,0,0,0,0,0,0,0,0,112000,0,0,0,152000,40000,112000,112000
061681,南電元大9A購08  ,0,0,0,0,0,0,0,0,0,112000,0,0,0,113000,1000,112000,112000
060327,美律群益9A購02  ,0,0,0,0,0,0,0,0,0,112000,0,0,0,115000,3000,112000,112000
061356,南電元大9A購06  ,0,0,0,0,0,0,0,0,0,112000,0,0,0,163000,51000,112000,112000
058374,玉晶光凱基9A購03,0,0,0,0,0,0,0,0,0,112000,0,0,0,112000,0,112000,112000
058207,南茂凱基99購01  ,0,0,0,0,0,0,0,0,0,112000,0,0,0,273000,161000,112000,112000
059043,聯電日盛99購01  ,0,0,0,0,0,0,0,0,0,112000,0,0,0,120000,8000,112000,112000
058877,T50反1國泰9B購01,0,0,0,0,0,0,0,0,0,112000,0,0,0,120000,8000,112000,112000
064912,國巨統一01購09  ,0,0,0,0,0,0,0,0,0,111000,0,0,0,164000,53000,111000,111000
056860,正崴群益98購01  ,0,0,0,0,0,0,0,0,0,111000,0,0,0,131000,20000,111000,111000
061017,國泰金麥證9A購01,0,0,0,111000,0,111000,0,0,0,111000,0,0,0,111000,0,111000,111000
055136,聯發科富邦99購06,0,0,0,0,0,0,0,0,0,111000,0,0,0,126000,15000,111000,111000
063454,瑞儀統一9B購01  ,0,0,0,0,0,0,0,0,0,111000,0,0,0,364000,253000,111000,111000
064418,鴻海兆豐01購02  ,0,0,0,0,0,0,0,0,0,111000,0,0,0,111000,0,111000,111000
062458,全新群益9B購03  ,0,0,0,0,0,0,0,0,0,111000,0,0,0,111000,0,111000,111000
062983,緯穎元富9B購01  ,0,0,0,0,0,0,0,0,0,111000,0,0,0,161000,50000,111000,111000
064542,聯電凱基02購01  ,0,0,0,0,0,0,0,0,0,110000,0,0,0,110000,0,110000,110000
07368P,國巨凱基99售19  ,0,0,0,0,0,0,0,0,0,110000,0,0,0,110000,0,110000,110000
07459P,緯穎元大9A售01  ,0,0,0,0,0,0,0,0,0,110000,0,0,0,220000,110000,110000,110000
055710,亞德客元大97購03,0,0,0,0,0,0,0,0,0,110000,0,0,0,110000,0,110000,110000
061000,旺宏兆豐9A購02  ,0,0,0,0,0,0,0,0,0,110000,0,0,0,215000,105000,110000,110000
060296,和碩元大9A購01  ,0,0,0,0,0,0,0,0,0,110000,0,0,0,177000,67000,110000,110000
058172,國巨凱基9B購02  ,0,0,0,0,0,0,0,0,0,110000,0,0,0,160000,50000,110000,110000
061213,群創元大9A購05  ,0,0,0,0,0,0,0,0,0,110000,0,0,0,110000,0,110000,110000
061336,國巨元大9A購20  ,0,0,0,0,0,0,0,0,0,110000,0,0,0,119000,9000,110000,110000
060506,京元電元大9A購02,0,0,0,0,0,0,0,0,0,110000,0,0,0,389000,279000,110000,110000
063120,台光電元大9C購01,0,0,0,0,0,0,0,0,0,110000,0,0,0,279000,169000,110000,110000
063130,聯茂元大9B購02  ,0,0,0,0,0,0,0,0,0,110000,0,0,0,132000,22000,110000,110000
063072,裕隆永豐9B購01  ,0,0,0,0,0,0,0,0,0,110000,0,0,0,305000,195000,110000,110000
062514,玉晶光國票9C購02,0,0,0,0,0,0,0,0,0,110000,0,0,0,275000,165000,110000,110000
064494,南亞科元大9C購02,0,0,0,0,0,0,0,0,0,110000,0,0,0,110000,0,110000,110000
064530,康控中信9C購01  ,0,0,0,0,0,0,0,0,0,110000,0,0,0,110000,0,110000,110000
063472,茂林元大9B購04  ,0,0,0,0,0,0,0,0,0,110000,0,0,0,110000,0,110000,110000
1451,年興            ,127000,18000,109000,0,0,0,0,0,0,0,0,0,0,0,0,0,109000
061005,可成兆豐9A購01  ,0,0,0,0,0,0,0,0,0,109000,0,0,0,109000,0,109000,109000
061242,玉晶光兆豐9B購02,0,0,0,0,0,0,0,0,0,109000,0,0,0,109000,0,109000,109000
057818,泰碩元大9A購01  ,0,0,0,0,0,0,0,0,0,109000,0,0,0,138000,29000,109000,109000
057135,立積凱基98購01  ,0,0,0,0,0,0,0,0,0,109000,0,0,0,205000,96000,109000,109000
059952,旺宏康和99購01  ,0,0,0,0,0,0,0,0,0,109000,0,0,0,109000,0,109000,109000
064021,國巨元大9C購15  ,0,0,0,0,0,0,0,0,0,109000,0,0,0,135000,26000,109000,109000
2913,農林            ,173000,41000,132000,0,0,0,0,0,0,-24000,0,24000,-24000,0,0,0,108000
057062,立積國泰99購01  ,0,0,0,0,0,0,0,0,0,108000,0,0,0,225000,117000,108000,108000
055336,茂林兆豐98購01  ,0,0,0,0,0,0,0,0,0,108000,0,0,0,108000,0,108000,108000
061836,華新科凱基05購01,0,0,0,0,0,0,0,0,0,108000,0,0,0,113000,5000,108000,108000
061974,光寶科元大9B購01,0,0,0,0,0,0,0,0,0,108000,0,0,0,208000,100000,108000,108000
061553,南電群益9A購03  ,0,0,0,0,0,0,0,0,0,108000,0,0,0,407000,299000,108000,108000
063591,麗豐永豐9B購02  ,0,0,0,0,0,0,0,0,0,108000,0,0,0,136000,28000,108000,108000
061996,矽格元大9B購01  ,0,0,0,0,0,0,0,0,0,108000,0,0,0,197000,89000,108000,108000
062902,智邦元大9B購07  ,0,0,0,0,0,0,0,0,0,108000,0,0,0,117000,9000,108000,108000
062829,泰碩群益9B購01  ,0,0,0,0,0,0,0,0,0,108000,0,0,0,206000,98000,108000,108000
2359,所羅門          ,126000,4000,122000,0,0,0,0,0,0,-15000,0,15000,-15000,0,0,0,107000
064655,聚陽元大9C購02  ,0,0,0,0,0,0,0,0,0,107000,0,0,0,299000,192000,107000,107000
05692P,聯發科中信9A售02,0,0,0,0,0,0,0,0,0,107000,0,0,0,137000,30000,107000,107000
062758,國巨凱基9B購09  ,0,0,0,0,0,0,0,0,0,107000,0,0,0,153000,46000,107000,107000
063880,可成元富9C購01  ,0,0,0,0,0,0,0,0,0,107000,0,0,0,107000,0,107000,107000
063640,貿聯元大9B購03  ,0,0,0,0,0,0,0,0,0,107000,0,0,0,107000,0,107000,107000
064618,南亞科元大9C購04,0,0,0,0,0,0,0,0,0,106000,0,0,0,106000,0,106000,106000
1786,科妍            ,119000,12000,107000,0,0,0,0,0,0,-1000,0,1000,-1000,0,0,0,106000
061659,信邦永豐9A購01  ,0,0,0,0,0,0,0,0,0,106000,0,0,0,106000,0,106000,106000
059292,華新科元富9B購02,0,0,0,0,0,0,0,0,0,106000,0,0,0,106000,0,106000,106000
061419,國巨元大9A購21  ,0,0,0,0,0,0,0,0,0,106000,0,0,0,130000,24000,106000,106000
058533,玉晶光元富99購01,0,0,0,0,0,0,0,0,0,106000,0,0,0,106000,0,106000,106000
058986,華新科凱基9A購03,0,0,0,0,0,0,0,0,0,106000,0,0,0,110000,4000,106000,106000
063752,瑞祺國票9C購01  ,0,0,0,0,0,0,0,0,0,106000,0,0,0,117000,11000,106000,106000
063559,力山元大9B購04  ,0,0,0,0,0,0,0,0,0,106000,0,0,0,173000,67000,106000,106000
064173,國產元富9C購01  ,0,0,0,0,0,0,0,0,0,106000,0,0,0,223000,117000,106000,106000
064174,致新元富9C購02  ,0,0,0,0,0,0,0,0,0,106000,0,0,0,156000,50000,106000,106000
062705,美食元大9B購01  ,0,0,0,0,0,0,0,0,0,106000,0,0,0,110000,4000,106000,106000
062968,仁寶元富9B購01  ,0,0,0,0,0,0,0,0,0,106000,0,0,0,181000,75000,106000,106000
062398,建準永豐9B購01  ,0,0,0,0,0,0,0,0,0,106000,0,0,0,110000,4000,106000,106000
062353,亞德客元大9B購01,0,0,0,0,0,0,0,0,0,106000,0,0,0,155000,49000,106000,106000
08115P,聯發科凱基9B售13,0,0,0,0,0,0,0,0,0,105000,0,0,0,105000,0,105000,105000
4989,榮科            ,148000,43000,105000,0,0,0,0,0,0,0,0,0,0,0,0,0,105000
064860,聯發科富邦03購01,0,0,0,0,0,0,0,0,0,105000,0,0,0,114000,9000,105000,105000
057016,中石化凱基9B購01,0,0,0,0,0,0,0,0,0,105000,0,0,0,109000,4000,105000,105000
054569,GIS群益98購01   ,0,0,0,0,0,0,0,0,0,105000,0,0,0,136000,31000,105000,105000
053396,漢唐中信9A購01  ,0,0,0,0,0,0,0,0,0,105000,0,0,0,106000,1000,105000,105000
061555,聯電國票9B購01  ,0,0,0,0,0,0,0,0,0,105000,0,0,0,178000,73000,105000,105000
061541,旺宏群益9A購03  ,0,0,0,0,0,0,0,0,0,105000,0,0,0,106000,1000,105000,105000
060144,全新國票9B購01  ,0,0,0,0,0,0,0,0,0,105000,0,0,0,133000,28000,105000,105000
062511,台光電國票9B購02,0,0,0,0,0,0,0,0,0,105000,0,0,0,108000,3000,105000,105000
062865,臺股指國票9B購22,0,0,0,0,0,0,0,0,0,105000,0,0,0,117000,12000,105000,105000
063293,億豐元大9B購01  ,0,0,0,0,0,0,0,0,0,105000,0,0,0,257000,152000,105000,105000
064186,燿華永豐9C購01  ,0,0,0,0,0,0,0,0,0,105000,0,0,0,243000,138000,105000,105000
064352,嘉聯益元大9C購01,0,0,0,0,0,0,0,0,0,105000,0,0,0,379000,274000,105000,105000
063582,瑞祺國泰9C購01  ,0,0,0,0,0,0,0,0,0,105000,0,0,0,154000,49000,105000,105000
08152P,祥碩統一9B售02  ,0,0,0,0,0,0,0,0,0,104000,0,0,0,205000,101000,104000,104000
055058,大毅永豐97購01  ,0,0,0,0,0,0,0,0,0,104000,0,0,0,136000,32000,104000,104000
056736,國巨凱基99購03  ,0,0,0,0,0,0,0,0,0,104000,0,0,0,124000,20000,104000,104000
060477,和潤元大9A購01  ,0,0,0,0,0,0,0,0,0,104000,0,0,0,192000,88000,104000,104000
060105,牧德元大9B購01  ,0,0,0,0,0,0,0,0,0,104000,0,0,0,115000,11000,104000,104000
060747,聯鈞國票9A購02  ,0,0,0,0,0,0,0,0,0,104000,0,0,0,195000,91000,104000,104000
058355,旺宏凱基99購04  ,0,0,0,0,0,0,0,0,0,104000,0,0,0,104000,0,104000,104000
063408,茂林國票9C購02  ,0,0,0,0,0,0,0,0,0,104000,0,0,0,104000,0,104000,104000
063110,牧德兆豐9B購01  ,0,0,0,0,0,0,0,0,0,104000,0,0,0,104000,0,104000,104000
062688,華擎統一01購03  ,0,0,0,0,0,0,0,0,0,104000,0,0,0,185000,81000,104000,104000
2385,群光            ,1463508,1065609,397899,0,0,0,100000,305000,-205000,-89000,13000,38000,-25000,0,64000,-64000,103899
2546,根基            ,118000,11000,107000,0,0,0,0,0,0,-4000,0,4000,-4000,0,0,0,103000
2031,新光鋼          ,197000,88000,109000,0,0,0,0,0,0,-6000,0,6000,-6000,0,0,0,103000
064611,亞德客元大9C購02,0,0,0,0,0,0,0,0,0,103000,0,0,0,145000,42000,103000,103000
058535,玉晶光統一9A購06,0,3000,-3000,0,0,0,0,0,0,106000,0,0,0,106000,0,106000,103000
058590,南電中信9A購02  ,0,0,0,0,0,0,0,0,0,103000,0,0,0,212000,109000,103000,103000
061574,大毅元大9B購01  ,0,0,0,0,0,0,0,0,0,103000,0,0,0,107000,4000,103000,103000
061478,奇鋐元大9A購01  ,0,0,0,0,0,0,0,0,0,103000,0,0,0,156000,53000,103000,103000
063012,技嘉元大9B購01  ,0,0,0,0,0,0,0,0,0,103000,0,0,0,159000,56000,103000,103000
063196,力成元富9B購01  ,0,0,0,0,0,0,0,0,0,103000,0,0,0,116000,13000,103000,103000
062225,華擎統一01購01  ,0,0,0,0,0,0,0,0,0,103000,0,0,0,103000,0,103000,103000
064533,技嘉國票01購01  ,0,0,0,0,0,0,0,0,0,103000,0,0,0,108000,5000,103000,103000
064705,新光金富邦01購01,0,0,0,0,0,0,0,0,0,102000,0,0,0,176000,74000,102000,102000
056745,聯茂凱基99購03  ,0,0,0,0,0,0,0,0,0,102000,0,0,0,108000,6000,102000,102000
055153,台光電元大98購02,0,0,0,0,0,0,0,0,0,102000,0,0,0,166000,64000,102000,102000
060427,聯茂永豐9A購01  ,0,0,0,0,0,0,0,0,0,102000,0,0,0,102000,0,102000,102000
058390,樺漢國票9A購01  ,0,0,0,0,0,0,0,0,0,102000,0,0,0,106000,4000,102000,102000
063787,玉晶光統一01購07,0,0,0,0,0,0,0,0,0,102000,0,0,0,102000,0,102000,102000
062993,華新科群益9B購05,0,0,0,0,0,0,0,0,0,102000,0,0,0,113000,11000,102000,102000
064855,聯發科國泰02購01,0,0,0,0,0,0,0,0,0,101000,0,0,0,101000,0,101000,101000
064804,英業達元大9C購01,0,0,0,0,0,0,0,0,0,101000,0,0,0,168000,67000,101000,101000
064604,聯茂元富9C購01  ,0,0,0,0,0,0,0,0,0,101000,0,0,0,101000,0,101000,101000
06750P,聯發科元富02售03,0,0,0,0,0,0,0,0,0,101000,0,0,0,113000,12000,101000,101000
055265,玉晶光永豐98購03,0,0,0,0,0,0,0,0,0,101000,0,0,0,142000,41000,101000,101000
055586,旺宏元大98購06  ,0,0,0,0,0,0,0,0,0,101000,0,0,0,101000,0,101000,101000
054777,昇陽半國票98購01,0,0,0,0,0,0,0,0,0,101000,0,0,0,101000,0,101000,101000
057774,台光電群益99購02,0,0,0,0,0,0,0,0,0,101000,0,0,0,101000,0,101000,101000
060979,國巨元大9A購14  ,0,0,0,0,0,0,0,0,0,101000,0,0,0,104000,3000,101000,101000
058567,華新科凱基9A購02,0,0,0,0,0,0,0,0,0,101000,0,0,0,112000,11000,101000,101000
058911,茂林元大99購04  ,0,0,0,0,0,0,0,0,0,101000,0,0,0,146000,45000,101000,101000
059531,華新科凱基9B購02,0,0,0,0,0,0,0,0,0,101000,0,0,0,103000,2000,101000,101000
062466,FBVIX凱基9B購01 ,0,0,0,0,0,0,0,0,0,101000,0,0,0,462000,361000,101000,101000
063551,美食國票9B購02  ,0,0,0,0,0,0,0,0,0,101000,0,0,0,218000,117000,101000,101000
063526,台光電凱基9B購04,0,0,0,0,0,0,0,0,0,101000,0,0,0,107000,6000,101000,101000
064978,群創元大9C購07  ,0,0,0,0,0,0,0,0,0,100000,0,0,0,100000,0,100000,100000
064567,晶技群益01購01  ,0,0,0,0,0,0,0,0,0,100000,0,0,0,198000,98000,100000,100000
064624,群創元大02購01  ,0,0,0,0,0,0,0,0,0,100000,0,0,0,100000,0,100000,100000
064880,神達兆豐9C購01  ,0,0,0,0,0,0,0,0,0,100000,0,0,0,100000,0,100000,100000
064764,聯茂凱基01購01  ,0,0,0,0,0,0,0,0,0,100000,0,0,0,103000,3000,100000,100000
07623P,大立光統一9B售05,0,0,0,0,0,0,0,0,0,100000,0,0,0,100000,0,100000,100000
07250P,台灣50永豐99售07,0,0,0,0,0,0,0,0,0,100000,0,0,0,100000,0,100000,100000
07126P,台積電元大99售23,0,0,0,0,0,0,0,0,0,100000,0,0,0,100000,0,100000,100000
07150P,和碩元大99售01  ,0,0,0,0,0,0,0,0,0,100000,0,0,0,100000,0,100000,100000
06996P,臺股指凱基99售17,0,0,0,0,0,0,0,0,0,100000,0,0,0,100000,0,100000,100000
06905P,上証2X國泰99售02,0,0,0,0,0,0,0,0,0,100000,0,0,0,100000,0,100000,100000
06845P,億光元大98售02  ,0,0,0,0,0,0,0,0,0,100000,0,0,0,150000,50000,100000,100000
1472,三洋紡          ,114000,14000,100000,0,0,0,0,0,0,0,0,0,0,0,0,0,100000
08179P,華新科元大9B售13,0,0,0,0,0,0,0,0,0,100000,0,0,0,140000,40000,100000,100000
08181P,華新科國泰9C售02,0,0,0,0,0,0,0,0,0,100000,0,0,0,145000,45000,100000,100000
3046,建碁            ,107000,7000,100000,0,0,0,0,0,0,0,0,0,0,0,0,0,100000
061070,超眾凱基9C購01  ,0,0,0,0,0,0,0,0,0,100000,0,0,0,150000,50000,100000,100000
061114,南電元大9A購04  ,0,0,0,0,0,0,0,0,0,100000,0,0,0,101000,1000,100000,100000
060894,奇力新凱基9A購03,0,0,0,0,0,0,0,0,0,100000,0,0,0,100000,0,100000,100000
061290,玉晶光統一01購04,0,0,0,0,0,0,0,0,0,100000,0,0,0,177000,77000,100000,100000
057663,國巨元大99購08  ,0,0,0,0,0,0,0,0,0,100000,0,0,0,100000,0,100000,100000
057404,貿聯群益99購01  ,0,0,0,0,0,0,0,0,0,100000,0,0,0,100000,0,100000,100000
057486,美律元大98購04  ,0,0,0,0,0,0,0,0,0,100000,0,0,0,100000,0,100000,100000
057370,可成元大98購07  ,0,0,0,0,0,0,0,0,0,100000,0,0,0,100000,0,100000,100000
057110,立積群益98購01  ,0,0,0,0,0,0,0,0,0,100000,0,0,0,100000,0,100000,100000
056617,美律永豐98購01  ,0,0,0,0,0,0,0,0,0,100000,0,0,0,100000,0,100000,100000
055701,亞德客富邦99購01,0,0,0,0,0,0,0,0,0,100000,0,0,0,100000,0,100000,100000
053911,臺股指凱基96購31,0,0,0,0,0,0,0,0,0,100000,0,0,0,100000,0,100000,100000
053932,華新科統一96購03,0,0,0,0,0,0,0,0,0,100000,0,0,0,100000,0,100000,100000
043538,元石油國票97購01,0,0,0,0,0,0,0,0,0,100000,0,0,0,100000,0,100000,100000
050220,台積電元富96購01,0,0,0,0,0,0,0,0,0,100000,0,0,0,100000,0,100000,100000
052700,奇鋐國票97購02  ,0,0,0,0,0,0,0,0,0,100000,0,0,0,100000,0,100000,100000
061939,中租國票9B購01  ,0,0,0,0,0,0,0,0,0,100000,0,0,0,150000,50000,100000,100000
061320,奇力新凱基9A購04,0,0,0,0,0,0,0,0,0,100000,0,0,0,100000,0,100000,100000
057973,神達富邦9A購01  ,0,0,0,0,0,0,0,0,0,100000,0,0,0,105000,5000,100000,100000
061369,T50反1國泰9B購03,0,0,0,0,0,0,0,0,0,100000,0,0,0,100000,0,100000,100000
058048,群創元大9B購07  ,0,0,0,0,0,0,0,0,0,100000,0,0,0,100000,0,100000,100000
058924,晶相光元富99購02,0,0,0,0,0,0,0,0,0,100000,0,0,0,100000,0,100000,100000
059016,晶相光元富99購03,0,0,0,0,0,0,0,0,0,100000,0,0,0,100000,0,100000,100000
058729,國巨永豐99購03  ,0,0,0,0,0,0,0,0,0,100000,0,0,0,100000,0,100000,100000
059168,奇力新凱基99購05,0,0,0,0,0,0,0,0,0,100000,0,0,0,100000,0,100000,100000
059469,智邦元大99購03  ,0,0,0,0,0,0,0,0,0,100000,0,0,0,118000,18000,100000,100000
058503,鴻海元大99購14  ,0,0,0,0,0,0,0,0,0,100000,0,0,0,100000,0,100000,100000
058278,FBVIX中信03購02 ,0,0,0,0,0,0,0,0,0,100000,0,0,0,101000,1000,100000,100000
060180,上証2X元富9A購02,0,0,0,0,0,0,0,0,0,100000,0,0,0,100000,0,100000,100000
063867,全新永豐9C購01  ,0,0,0,0,0,0,0,0,0,100000,0,0,0,113000,13000,100000,100000
063630,智邦元大9B購09  ,0,0,0,0,0,0,0,0,0,100000,0,0,0,149000,49000,100000,100000
064166,和潤統一02購01  ,0,0,0,0,0,0,0,0,0,100000,0,0,0,100000,0,100000,100000
063982,TPK兆豐9C購01   ,0,0,0,0,0,0,0,0,0,100000,0,0,0,100000,0,100000,100000
062438,台光電元大9B購04,0,0,0,0,0,0,0,0,0,100000,0,0,0,137000,37000,100000,100000
062532,聯詠統一9C購01  ,0,0,0,0,0,0,0,0,0,100000,0,0,0,106000,6000,100000,100000
061766,華新科元大9B購02,0,0,0,0,0,0,0,0,0,100000,0,0,0,100000,0,100000,100000
063228,聯茂群益9B購01  ,0,0,0,0,0,0,0,0,0,100000,0,0,0,100000,0,100000,100000
062872,華通兆豐9C購01  ,0,0,0,0,0,0,0,0,0,100000,0,0,0,120000,20000,100000,100000
5607,遠雄港          ,144000,45000,99000,0,0,0,0,0,0,0,0,0,0,0,0,0,99000
055022,精元國泰99購01  ,0,0,0,0,0,0,0,0,0,99000,0,0,0,100000,1000,99000,99000
056413,上証反中信9A購01,0,0,0,0,0,0,0,0,0,99000,0,0,0,100000,1000,99000,99000
056465,臺股指凱基99購07,0,0,0,0,0,0,0,0,0,99000,0,0,0,412000,313000,99000,99000
056674,華邦電元富98購01,0,0,0,0,0,0,0,0,0,99000,0,0,0,231000,132000,99000,99000
060960,金像電凱基9B購01,0,0,0,0,0,0,0,0,0,99000,0,0,0,99000,0,99000,99000
058477,億光凱基9A購01  ,0,0,0,0,0,0,0,0,0,99000,0,0,0,100000,1000,99000,99000
059787,奇力新元大9A購02,0,0,0,0,0,0,0,0,0,99000,0,0,0,147000,48000,99000,99000
058688,矽創凱基9A購01  ,0,0,0,0,0,0,0,0,0,99000,0,0,0,211000,112000,99000,99000
060618,玉晶光元大9A購02,0,0,0,0,0,0,0,0,0,99000,0,0,0,165000,66000,99000,99000
062017,京鼎永豐9B購01  ,0,0,0,0,0,0,0,0,0,99000,0,0,0,199000,100000,99000,99000
062379,致新元大9B購01  ,0,0,0,0,0,0,0,0,0,99000,0,0,0,101000,2000,99000,99000
063688,建準永豐9B購03  ,0,0,0,0,0,0,0,0,0,99000,0,0,0,99000,0,99000,99000
063702,聯發科群益9C購04,0,0,0,0,0,0,0,0,0,99000,0,0,0,105000,6000,99000,99000
063510,台表科群益9C購01,0,0,0,0,0,0,0,0,0,99000,0,0,0,115000,16000,99000,99000
063465,友達元大9C購10  ,0,0,0,0,0,0,0,0,0,99000,0,0,0,99000,0,99000,99000
8429,金麗-KY         ,107208,9000,98208,0,0,0,0,0,0,0,0,0,0,0,0,0,98208
1734,杏輝            ,1518000,1420000,98000,0,0,0,0,0,0,0,0,0,0,0,0,0,98000
07170P,臺股指國票99售07,0,0,0,0,0,0,0,0,0,98000,0,0,0,273000,175000,98000,98000
064681,牧德兆豐01購01  ,0,0,0,0,0,0,0,0,0,98000,0,0,0,140000,42000,98000,98000
057671,群創元大9B購06  ,0,0,0,0,0,0,0,0,0,98000,0,0,0,101000,3000,98000,98000
056114,台達電群益97購02,0,0,0,0,0,0,0,0,0,98000,0,0,0,98000,0,98000,98000
055305,旺宏群益99購01  ,0,0,0,0,0,0,0,0,0,98000,0,0,0,98000,0,98000,98000
061626,超眾群益9A購02  ,0,0,0,0,0,0,0,0,0,98000,0,0,0,98000,0,98000,98000
058061,貿聯元富9B購01  ,0,0,0,0,0,0,0,0,0,98000,0,0,0,108000,10000,98000,98000
058112,神達元富98購01  ,0,0,0,0,0,0,0,0,0,98000,0,0,0,98000,0,98000,98000
057955,技嘉元大98購07  ,0,0,0,0,0,0,0,0,0,98000,0,0,0,191000,93000,98000,98000
058615,矽創元大99購01  ,0,0,0,0,0,0,0,0,0,98000,0,0,0,501000,403000,98000,98000
063332,矽格國票9B購01  ,0,0,0,0,0,0,0,0,0,98000,0,0,0,98000,0,98000,98000
064306,和潤兆豐01購01  ,0,0,0,0,0,0,0,0,0,98000,0,0,0,283000,185000,98000,98000
064261,力山永豐9C購01  ,0,0,0,0,0,0,0,0,0,98000,0,0,0,123000,25000,98000,98000
061998,緯穎元大9B購03  ,0,0,0,0,0,0,0,0,0,98000,0,0,0,153000,55000,98000,98000
062153,智邦麥證9B購01  ,0,0,0,98000,0,98000,0,0,0,98000,0,0,0,98000,0,98000,98000
062704,大毅元大9C購01  ,0,0,0,0,0,0,0,0,0,98000,0,0,0,98000,0,98000,98000
063131,聯茂元大9B購03  ,0,0,0,0,0,0,0,0,0,98000,0,0,0,149000,51000,98000,98000
057087,台郡統一99購01  ,0,0,0,0,0,0,0,0,0,97000,0,0,0,97000,0,97000,97000
057712,南亞科統一9A購01,0,0,0,0,0,0,0,0,0,97000,0,0,0,107000,10000,97000,97000
058081,技嘉群益9A購03  ,0,0,0,0,0,0,0,0,0,97000,0,0,0,97000,0,97000,97000
061587,美律富邦9A購02  ,0,0,0,0,0,0,0,0,0,97000,0,0,0,98000,1000,97000,97000
061868,旺宏元大9B購03  ,0,0,0,0,0,0,0,0,0,97000,0,0,0,99000,2000,97000,97000
060472,中租元大9A購02  ,0,0,0,0,0,0,0,0,0,97000,0,0,0,104000,7000,97000,97000
059928,道瓊銀富邦03購01,0,0,0,0,0,0,0,0,0,97000,0,0,0,107000,10000,97000,97000
063151,奇鋐元富9B購01  ,0,0,0,0,0,0,0,0,0,97000,0,0,0,238000,141000,97000,97000
062501,台積電群益9C購03,0,0,0,0,0,0,0,0,0,97000,0,0,0,190000,93000,97000,97000
057737,國巨富邦99購02  ,0,0,0,0,0,0,0,0,0,96000,0,0,0,103000,7000,96000,96000
060948,可成第一9A購01  ,0,0,0,0,0,0,0,0,0,96000,0,0,0,96000,0,96000,96000
061105,宏達電元大9A購04,0,0,0,0,0,0,0,0,0,96000,0,0,0,114000,18000,96000,96000
057134,茂林凱基98購02  ,0,0,0,0,0,0,0,0,0,96000,0,0,0,96000,0,96000,96000
054210,台光電國票97購03,0,0,0,0,0,0,0,0,0,96000,0,0,0,96000,0,96000,96000
060374,儒鴻元富9A購01  ,0,0,0,0,0,0,0,0,0,96000,0,0,0,197000,101000,96000,96000
060667,力成凱基9A購01  ,0,0,0,0,0,0,0,0,0,96000,0,0,0,156000,60000,96000,96000
061360,智邦兆豐9B購02  ,0,0,0,0,0,0,0,0,0,96000,0,0,0,109000,13000,96000,96000
060835,亞德客國票9A購01,0,0,0,0,0,0,0,0,0,96000,0,0,0,174000,78000,96000,96000
061384,T50反1群益9A購04,0,0,0,0,0,0,0,0,0,96000,0,0,0,96000,0,96000,96000
058379,臺股指凱基99購14,0,0,0,0,0,0,0,0,0,96000,0,0,0,207000,111000,96000,96000
058369,亞光凱基99購02  ,0,0,0,0,0,0,0,0,0,96000,0,0,0,96000,0,96000,96000
057961,茂林元大9A購01  ,0,0,0,0,0,0,0,0,0,96000,0,0,0,251000,155000,96000,96000
063638,華新科元大9B購14,0,0,0,0,0,0,0,0,0,96000,0,0,0,100000,4000,96000,96000
8404,百和興業-KY     ,100000,19000,81000,0,0,0,0,0,0,15000,15000,0,15000,0,0,0,96000
07363P,大立光元大99售26,0,0,0,0,0,0,0,0,0,95000,0,0,0,105000,10000,95000,95000
3024,憶聲            ,198000,103000,95000,0,0,0,0,0,0,0,0,0,0,0,0,0,95000
055389,國巨統一98購02  ,0,0,0,0,0,0,0,0,0,95000,0,0,0,95000,0,95000,95000
055690,矽力凱基97購02  ,0,0,0,0,0,0,0,0,0,95000,0,0,0,99000,4000,95000,95000
053889,致茂群益97購01  ,0,0,0,0,0,0,0,0,0,95000,0,0,0,95000,0,95000,95000
053584,友達元大9B購02  ,0,0,0,0,0,0,0,0,0,95000,0,0,0,100000,5000,95000,95000
00654R,富邦印度反1     ,79000,0,79000,0,0,0,0,0,0,16000,0,0,0,35000,19000,16000,95000
059039,致伸群益99購01  ,0,0,0,0,0,0,0,0,0,95000,0,0,0,124000,29000,95000,95000
059120,致伸永豐99購01  ,0,0,0,0,0,0,0,0,0,95000,0,0,0,95000,0,95000,95000
060014,中鋼康和99購01  ,0,0,0,0,0,0,0,0,0,95000,0,0,0,157000,62000,95000,95000
061835,華新科凱基02購03,0,0,0,0,0,0,0,0,0,95000,0,0,0,145000,50000,95000,95000
063324,道瓊反國票9B購03,0,0,0,0,0,0,0,0,0,95000,0,0,0,297000,202000,95000,95000
063404,金像電國票9B購01,0,0,0,0,0,0,0,0,0,95000,0,0,0,103000,8000,95000,95000
064365,美食統一01購02  ,0,0,0,0,0,0,0,0,0,95000,0,0,0,174000,79000,95000,95000
062782,聯發科元大9B購12,0,0,0,0,0,0,0,0,0,95000,0,0,0,105000,10000,95000,95000
6235,華孚            ,183000,88000,95000,0,0,0,0,0,0,0,0,0,0,0,0,0,95000
08106P,聯發科統一9B售09,0,0,0,0,0,0,0,0,0,94000,0,0,0,281000,187000,94000,94000
055755,禾伸堂兆豐97購02,0,0,0,0,0,0,0,0,0,94000,0,0,0,94000,0,94000,94000
056177,嘉澤元富97購01  ,0,0,0,0,0,0,0,0,0,94000,0,0,0,94000,0,94000,94000
057665,技嘉元大99購01  ,0,0,0,0,0,0,0,0,0,94000,0,0,0,105000,11000,94000,94000
057510,泰碩統一98購02  ,0,0,0,0,0,0,0,0,0,94000,0,0,0,245000,151000,94000,94000
061155,華新科群益9A購06,0,0,0,0,0,0,0,0,0,94000,0,0,0,98000,4000,94000,94000
063302,國巨凱基9C購05  ,0,0,0,0,0,0,0,0,0,94000,0,0,0,105000,11000,94000,94000
064346,貿聯元大01購01  ,0,0,0,0,0,0,0,0,0,94000,0,0,0,104000,10000,94000,94000
063997,泰鼎群益9C購01  ,0,0,0,0,0,0,0,0,0,94000,0,0,0,119000,25000,94000,94000
064033,茂林元大9C購02  ,0,0,0,0,0,0,0,0,0,94000,0,0,0,94000,0,94000,94000
063814,嘉晶群益9C購01  ,0,0,0,0,0,0,0,0,0,94000,0,0,0,238000,144000,94000,94000
07557P,玉晶光元大9A售09,0,0,0,0,0,0,0,0,0,93000,0,0,0,140000,47000,93000,93000
056213,建準國票98購02  ,0,0,0,0,0,0,0,0,0,93000,0,0,0,93000,0,93000,93000
053438,玉晶光麥證97購02,0,0,0,93000,0,93000,0,0,0,93000,0,0,0,93000,0,93000,93000
060624,玉晶光元大9C購02,0,0,0,0,0,0,0,0,0,93000,0,0,0,98000,5000,93000,93000
063927,奇力新統一02購01,0,0,0,0,0,0,0,0,0,93000,0,0,0,100000,7000,93000,93000
063394,金像電群益9B購01,0,0,0,0,0,0,0,0,0,93000,0,0,0,153000,60000,93000,93000
062132,神隆群益9B購01  ,0,0,0,0,0,0,0,0,0,93000,0,0,0,840000,747000,93000,93000
2354,鴻準            ,1111422,640955,470467,0,0,0,0,247000,-247000,-131000,22000,153000,-131000,0,0,0,92467
054101,茂林國票97購04  ,0,0,0,0,0,0,0,0,0,92000,0,0,0,120000,28000,92000,92000
060620,玉晶光元大9A購04,0,0,0,0,0,0,0,0,0,92000,0,0,0,92000,0,92000,92000
059943,信邦永豐99購01  ,0,0,0,0,0,0,0,0,0,92000,0,0,0,97000,5000,92000,92000
061646,力成元大9A購02  ,0,0,0,0,0,0,0,0,0,92000,0,0,0,145000,53000,92000,92000
060824,旺宏元大9A購06  ,0,0,0,0,0,0,0,0,0,92000,0,0,0,134000,42000,92000,92000
058323,泰鼎永豐9A購01  ,0,0,0,0,0,0,0,0,0,92000,0,0,0,276000,184000,92000,92000
059816,聯電凱基99購03  ,0,0,0,0,0,0,0,0,0,92000,0,0,0,120000,28000,92000,92000
062587,國巨統一9B購13  ,0,0,0,0,0,0,0,0,0,92000,0,0,0,92000,0,92000,92000
063504,國巨群益9C購06  ,0,0,0,0,0,0,0,0,0,92000,0,0,0,134000,42000,92000,92000
063738,奇鋐元大9B購03  ,0,0,0,0,0,0,0,0,0,92000,0,0,0,232000,140000,92000,92000
6239,力成            ,885994,933049,-47055,0,0,0,201000,12000,189000,-50000,26000,96000,-70000,68000,48000,20000,91945
2399,映泰            ,122000,31000,91000,0,0,0,0,0,0,0,0,0,0,0,0,0,91000
064800,鴻海元大9C購12  ,0,0,0,0,0,0,0,0,0,91000,0,0,0,91000,0,91000,91000
060240,富邦金元大9A購01,0,0,0,0,0,0,0,0,0,91000,0,0,0,185000,94000,91000,91000
060161,牧德永豐9A購02  ,0,0,0,0,0,0,0,0,0,91000,0,0,0,91000,0,91000,91000
059344,長榮航凱基99購01,0,0,0,0,0,0,0,0,0,91000,0,0,0,100000,9000,91000,91000
063346,TPK統一9C購01   ,0,0,0,0,0,0,0,0,0,91000,0,0,0,91000,0,91000,91000
063981,貿聯兆豐9C購01  ,0,0,0,0,0,0,0,0,0,91000,0,0,0,91000,0,91000,91000
062536,玉晶光麥證9B購01,0,0,0,91000,0,91000,0,0,0,91000,0,0,0,91000,0,91000,91000
062374,茂林元大9B購03  ,0,0,0,0,0,0,0,0,0,91000,0,0,0,91000,0,91000,91000
062262,茂林元大9B購02  ,0,0,0,0,0,0,0,0,0,91000,0,0,0,111000,20000,91000,91000
063074,創意永豐9B購02  ,0,0,0,0,0,0,0,0,0,91000,0,0,0,91000,0,91000,91000
064801,鴻海元大9C購13  ,0,0,0,0,0,0,0,0,0,90000,0,0,0,90000,0,90000,90000
06837P,上銀統一9A售02  ,0,0,0,0,0,0,0,0,0,90000,0,0,0,90000,0,90000,90000
054751,GIS凱基98購01   ,0,0,0,0,0,0,0,0,0,90000,0,0,0,100000,10000,90000,90000
055763,鎧勝群益97購01  ,0,0,0,0,0,0,0,0,0,90000,0,0,0,155000,65000,90000,90000
051047,深中小群益99購01,0,0,0,0,0,0,0,0,0,90000,0,0,0,90000,0,90000,90000
056301,開發金元大9A購01,0,0,0,0,0,0,0,0,0,90000,0,0,0,100000,10000,90000,90000
057051,群創元大9B購03  ,0,0,0,0,0,0,0,0,0,90000,0,0,0,90000,0,90000,90000
057823,神達元大98購01  ,0,0,0,0,0,0,0,0,0,90000,0,0,0,90000,0,90000,90000
059084,鴻海元大99購24  ,0,0,0,0,0,0,0,0,0,90000,0,0,0,154000,64000,90000,90000
058987,華新科凱基9B購01,0,0,0,0,0,0,0,0,0,90000,0,0,0,90000,0,90000,90000
061650,南電元大9A購07  ,0,0,0,0,0,0,0,0,0,90000,0,0,0,100000,10000,90000,90000
061881,緯穎元大9B購02  ,0,0,0,0,0,0,0,0,0,90000,0,0,0,100000,10000,90000,90000
061527,牧德凱基9A購02  ,0,0,0,0,0,0,0,0,0,90000,0,0,0,90000,0,90000,90000
063009,國巨元大9B購18  ,0,0,0,0,0,0,0,0,0,90000,0,0,0,90000,0,90000,90000
063091,聯電中信9B購01  ,0,0,0,0,0,0,0,0,0,90000,0,0,0,315000,225000,90000,90000
063248,創意元大9C購01  ,0,0,0,0,0,0,0,0,0,90000,0,0,0,100000,10000,90000,90000
062035,瑞祺群益9B購01  ,0,0,0,0,0,0,0,0,0,90000,0,0,0,767000,677000,90000,90000
062358,國巨元大9B購12  ,0,0,0,0,0,0,0,0,0,90000,0,0,0,90000,0,90000,90000
064028,大毅元大01購01  ,0,0,0,0,0,0,0,0,0,90000,0,0,0,90000,0,90000,90000
064205,台灣50凱基01購14,0,0,0,0,0,0,0,0,0,90000,0,0,0,100000,10000,90000,90000
063808,台表科兆豐9C購01,0,0,0,0,0,0,0,0,0,90000,0,0,0,185000,95000,90000,90000
064629,和潤元大9C購01  ,0,0,0,0,0,0,0,0,0,89000,0,0,0,123000,34000,89000,89000
2607,榮運            ,144000,55000,89000,0,0,0,0,0,0,0,0,0,0,0,0,0,89000
2838,聯邦銀          ,476000,91000,385000,0,0,0,0,0,0,-296000,0,296000,-296000,0,0,0,89000
059985,華新科元大99購22,0,0,0,0,0,0,0,0,0,89000,0,0,0,113000,24000,89000,89000
058673,華新科群益9A購02,0,0,0,0,0,0,0,0,0,89000,0,0,0,97000,8000,89000,89000
063340,英業達統一9B購01,0,0,0,0,0,0,0,0,0,89000,0,0,0,292000,203000,89000,89000
061989,晶技元大9B購04  ,0,0,0,0,0,0,0,0,0,89000,0,0,0,176000,87000,89000,89000
063208,鈺齊統一9C購01  ,0,0,0,0,0,0,0,0,0,89000,0,0,0,163000,74000,89000,89000
062811,鴻海兆豐9B購01  ,0,0,0,0,0,0,0,0,0,89000,0,0,0,89000,0,89000,89000
062729,神達凱基9B購02  ,0,0,0,0,0,0,0,0,0,89000,0,0,0,96000,7000,89000,89000
07892P,臺股指國票9B售02,0,0,0,0,0,0,0,0,0,88000,0,0,0,100000,12000,88000,88000
061139,玉晶光統一9C購02,0,0,0,0,0,0,0,0,0,88000,0,0,0,120000,32000,88000,88000
05268P,玉晶光元大98售01,0,0,0,0,0,0,0,0,0,88000,0,0,0,138000,50000,88000,88000
055801,景碩永豐97購02  ,0,0,0,0,0,0,0,0,0,88000,0,0,0,88000,0,88000,88000
058677,矽格群益99購01  ,0,0,0,0,0,0,0,0,0,88000,0,0,0,98000,10000,88000,88000
060065,大立光兆豐9B購01,0,0,0,0,0,0,0,0,0,88000,0,0,0,90000,2000,88000,88000
060329,鎧勝群益9B購01  ,0,0,0,0,0,0,0,0,0,88000,0,0,0,158000,70000,88000,88000
060717,康控永豐9A購01  ,0,0,0,0,0,0,0,0,0,88000,0,0,0,88000,0,88000,88000
062913,創意元大9B購02  ,0,0,0,0,0,0,0,0,0,88000,0,0,0,153000,65000,88000,88000
063260,信邦富邦9B購01  ,0,0,0,0,0,0,0,0,0,88000,0,0,0,100000,12000,88000,88000
062021,康控永豐9B購01  ,0,0,0,0,0,0,0,0,0,88000,0,0,0,88000,0,88000,88000
062382,燿華國泰9C購01  ,0,0,0,0,0,0,0,0,0,88000,0,0,0,305000,217000,88000,88000
062494,中石化中信9C購01,0,0,0,0,0,0,0,0,0,88000,0,0,0,88000,0,88000,88000
063576,台表科元大9B購08,0,0,0,0,0,0,0,0,0,88000,0,0,0,88000,0,88000,88000
064782,健策群益9C購02  ,0,0,0,0,0,0,0,0,0,87000,0,0,0,112000,25000,87000,87000
051503,玉晶光統一97購01,0,0,0,0,0,0,0,0,0,87000,0,0,0,90000,3000,87000,87000
00633L,富邦上証正2     ,60000,116000,-56000,0,0,0,0,0,0,143000,0,0,0,1808000,1665000,143000,87000
056535,全新凱基99購02  ,0,0,0,0,0,0,0,0,0,87000,0,0,0,132000,45000,87000,87000
056651,聯茂凱基98購04  ,0,0,0,0,0,0,0,0,0,87000,0,0,0,88000,1000,87000,87000
056496,康控國泰99購01  ,0,0,0,0,0,0,0,0,0,87000,0,0,0,87000,0,87000,87000
060619,玉晶光元大9A購03,0,0,0,0,0,0,0,0,0,87000,0,0,0,89000,2000,87000,87000
061570,瑞昱元大9A購05  ,0,0,0,0,0,0,0,0,0,87000,0,0,0,87000,0,87000,87000
061898,茂林永豐9B購01  ,0,0,0,0,0,0,0,0,0,87000,0,0,0,87000,0,87000,87000
059164,旺宏凱基99購06  ,0,0,0,0,0,0,0,0,0,87000,0,0,0,140000,53000,87000,87000
059213,國巨元大99購19  ,0,0,0,0,0,0,0,0,0,87000,0,0,0,113000,26000,87000,87000
060854,台積電富邦9C購08,0,0,0,0,0,0,0,0,0,87000,0,0,0,204000,117000,87000,87000
058410,國巨兆豐99購03  ,0,0,0,0,0,0,0,0,0,87000,0,0,0,212000,125000,87000,87000
063376,神達永豐9B購01  ,0,0,0,0,0,0,0,0,0,87000,0,0,0,96000,9000,87000,87000
064307,聚陽群益9C購03  ,0,30000,-30000,0,0,0,0,0,0,117000,0,0,0,117000,0,117000,87000
062188,貿聯元大9B購02  ,0,0,0,0,0,0,0,0,0,87000,0,0,0,87000,0,87000,87000
064550,南茂凱基01購01  ,0,0,0,0,0,0,0,0,0,86000,0,0,0,197000,111000,86000,86000
064590,牧德永豐9C購01  ,0,0,0,0,0,0,0,0,0,86000,0,0,0,86000,0,86000,86000
07695P,台郡元大9A售02  ,0,0,0,0,0,0,0,0,0,86000,0,0,0,100000,14000,86000,86000
057334,技嘉國票98購02  ,0,0,0,0,0,0,0,0,0,86000,0,0,0,90000,4000,86000,86000
057618,台光電凱基99購01,0,0,0,0,0,0,0,0,0,86000,0,0,0,217000,131000,86000,86000
057549,台光電凱基98購05,0,0,0,0,0,0,0,0,0,86000,0,0,0,86000,0,86000,86000
055877,奇鋐元富97購01  ,0,0,0,0,0,0,0,0,0,86000,0,0,0,164000,78000,86000,86000
060151,旺宏富邦9A購02  ,0,0,0,0,0,0,0,0,0,86000,0,0,0,86000,0,86000,86000
058707,泰鼎元大99購02  ,0,0,0,0,0,0,0,0,0,86000,0,0,0,163000,77000,86000,86000
061944,聯電群益9B購01  ,0,0,0,0,0,0,0,0,0,86000,0,0,0,98000,12000,86000,86000
061614,亞德客群益9A購01,0,0,0,0,0,0,0,0,0,86000,0,0,0,205000,119000,86000,86000
060630,國巨富邦9C購03  ,0,0,0,0,0,0,0,0,0,86000,0,0,0,128000,42000,86000,86000
060100,新光金元大9C購01,0,0,0,0,0,0,0,0,0,86000,0,0,0,91000,5000,86000,86000
062075,智邦元大9B購03  ,0,0,0,0,0,0,0,0,0,86000,0,0,0,94000,8000,86000,86000
063234,國巨元大9C購03  ,0,0,0,0,0,0,0,0,0,86000,0,0,0,99000,13000,86000,86000
063048,聯詠兆豐9B購01  ,0,0,0,0,0,0,0,0,0,86000,0,0,0,136000,50000,86000,86000
062940,華新科凱基9C購02,0,0,0,0,0,0,0,0,0,86000,0,0,0,91000,5000,86000,86000
062693,中石化元大02購01,0,0,0,0,0,0,0,0,0,86000,0,0,0,186000,100000,86000,86000
064013,創意國票01購01  ,0,0,0,0,0,0,0,0,0,86000,0,0,0,86000,0,86000,86000
063731,台積電元大9B購10,0,0,0,0,0,0,0,0,0,86000,0,0,0,86000,0,86000,86000
07163P,臺股指群益99售14,0,0,0,0,0,0,0,0,0,85000,0,0,0,90000,5000,85000,85000
3703,欣陸            ,70000,84000,-14000,0,0,0,0,0,0,99000,100000,1000,99000,0,0,0,85000
4961,天鈺            ,122000,37000,85000,0,0,0,0,0,0,0,0,0,0,0,0,0,85000
053063,力山群益98購01  ,0,0,0,0,0,0,0,0,0,85000,0,0,0,275000,190000,85000,85000
054154,智易國泰97購01  ,0,0,0,0,0,0,0,0,0,85000,0,0,0,85000,0,85000,85000
052764,景碩群益98購01  ,0,0,0,0,0,0,0,0,0,85000,0,0,0,140000,55000,85000,85000
057411,臺股指群益99購05,0,0,0,0,0,0,0,0,0,85000,0,0,0,90000,5000,85000,85000
060879,華新科中信9A購02,0,0,0,0,0,0,0,0,0,85000,0,0,0,85000,0,85000,85000
061689,國巨群益9A購12  ,0,0,0,0,0,0,0,0,0,85000,0,0,0,184000,99000,85000,85000
061872,友達元大9C購06  ,0,0,0,0,0,0,0,0,0,85000,0,0,0,105000,20000,85000,85000
059570,全新凱基99購04  ,0,0,0,0,0,0,0,0,0,85000,0,0,0,85000,0,85000,85000
057963,緯穎元大98購08  ,0,0,0,0,0,0,0,0,0,85000,0,0,0,85000,0,85000,85000
057909,台光電兆豐98購01,0,0,0,0,0,0,0,0,0,85000,0,0,0,85000,0,85000,85000
059671,滬深2X元富99購05,0,0,0,0,0,0,0,0,0,85000,0,0,0,265000,180000,85000,85000
060162,碩天永豐9A購01  ,0,0,0,0,0,0,0,0,0,85000,0,0,0,85000,0,85000,85000
058421,國泰金麥證01購01,0,0,0,92000,7000,85000,0,0,0,85000,0,0,0,92000,7000,85000,85000
063725,聯電元大9C購03  ,0,0,0,0,0,0,0,0,0,85000,0,0,0,148000,63000,85000,85000
063741,GIS元大9B購04   ,0,0,0,0,0,0,0,0,0,85000,0,0,0,85000,0,85000,85000
063371,南亞科永豐9B購01,0,0,0,0,0,0,0,0,0,85000,0,0,0,87000,2000,85000,85000
063544,華新科台新9B購02,0,0,0,0,0,0,0,0,0,85000,0,0,0,86000,1000,85000,85000
064419,鴻海兆豐9C購01  ,0,0,0,0,0,0,0,0,0,85000,0,0,0,85000,0,85000,85000
063282,奇力新元大9B購06,0,0,0,0,0,0,0,0,0,85000,0,0,0,94000,9000,85000,85000
056981,全新群益99購03  ,0,0,0,0,0,0,0,0,0,84000,0,0,0,100000,16000,84000,84000
056054,亞德客元大97購05,0,0,0,0,0,0,0,0,0,84000,0,0,0,98000,14000,84000,84000
059470,華新科元大99購16,0,0,0,0,0,0,0,0,0,84000,0,0,0,84000,0,84000,84000
058908,貿聯元大99購03  ,0,0,0,0,0,0,0,0,0,84000,0,0,0,188000,104000,84000,84000
060061,旺宏兆豐99購02  ,0,0,0,0,0,0,0,0,0,84000,0,0,0,179000,95000,84000,84000
062020,智伸科永豐9B購01,0,0,0,0,0,0,0,0,0,84000,0,0,0,152000,68000,84000,84000
062007,台光電國泰9C購01,0,0,0,0,0,0,0,0,0,84000,0,0,0,86000,2000,84000,84000
062573,大毅群益9B購03  ,0,0,0,0,0,0,0,0,0,84000,0,0,0,114000,30000,84000,84000
062453,聚陽群益9C購01  ,0,0,0,0,0,0,0,0,0,84000,0,0,0,94000,10000,84000,84000
064459,創意統一02購01  ,0,0,0,0,0,0,0,0,0,84000,0,0,0,104000,20000,84000,84000
2484,希華            ,145000,62000,83000,0,0,0,0,0,0,0,0,0,0,0,0,0,83000
07673P,電子類元大9A售01,0,0,0,0,0,0,0,0,0,83000,0,0,0,150000,67000,83000,83000
07836P,大成鋼元大9A售01,0,0,0,0,0,0,0,0,0,83000,0,0,0,193000,110000,83000,83000
055971,矽力元大97購05  ,0,0,0,0,0,0,0,0,0,83000,0,0,0,83000,0,83000,83000
056379,玉晶光元富98購01,0,0,0,0,0,0,0,0,0,83000,0,0,0,143000,60000,83000,83000
058782,臺股指國票99購01,0,0,0,0,0,0,0,0,0,83000,0,0,0,83000,0,83000,83000
061832,聯發科凱基9B購06,0,0,0,0,0,0,0,0,0,83000,0,0,0,93000,10000,83000,83000
060841,宏達電國票9B購01,0,0,0,0,0,0,0,0,0,83000,0,0,0,120000,37000,83000,83000
061770,泰碩元大9B購02  ,0,0,0,0,0,0,0,0,0,83000,0,0,0,127000,44000,83000,83000
062207,牧德國票9B購02  ,0,0,0,0,0,0,0,0,0,83000,0,0,0,88000,5000,83000,83000
063113,聯茂兆豐9B購01  ,0,0,0,0,0,0,0,0,0,83000,0,0,0,123000,40000,83000,83000
062943,世芯凱基9B購03  ,1000,0,1000,0,0,0,0,0,0,82000,0,0,0,247000,165000,82000,83000
054872,瀚宇博群益98購01,0,0,0,0,0,0,0,0,0,82000,0,0,0,98000,16000,82000,82000
056723,國巨中信9A購01  ,0,0,0,0,0,0,0,0,0,82000,0,0,0,82000,0,82000,82000
057828,緯穎元大99購02  ,0,0,0,0,0,0,0,0,0,82000,0,0,0,102000,20000,82000,82000
060815,茂林凱基9B購01  ,0,0,0,0,0,0,0,0,0,82000,0,0,0,100000,18000,82000,82000
059360,全新永豐99購02  ,0,0,0,0,0,0,0,0,0,82000,0,0,0,95000,13000,82000,82000
058874,聯鈞國票9A購01  ,0,0,0,0,0,0,0,0,0,82000,0,0,0,82000,0,82000,82000
060677,京元電元大9A購04,0,0,0,0,0,0,0,0,0,82000,0,0,0,405000,323000,82000,82000
061732,智邦中信9B購01  ,0,0,0,0,0,0,0,0,0,82000,0,0,0,122000,40000,82000,82000
062500,國巨群益01購01  ,0,0,0,0,0,0,0,0,0,82000,0,0,0,178000,96000,82000,82000
063703,晶豪科群益9B購02,0,0,0,0,0,0,0,0,0,82000,0,0,0,82000,0,82000,82000
063784,華通中信06購01  ,0,0,0,0,0,0,0,0,0,82000,0,0,0,200000,118000,82000,82000
2617,台航            ,122000,41000,81000,0,0,0,0,0,0,0,0,0,0,0,0,0,81000
061234,國巨元大9A購18  ,0,0,0,0,0,0,0,0,0,81000,0,0,0,103000,22000,81000,81000
056658,美食元大98購01  ,0,0,0,0,0,0,0,0,0,81000,0,0,0,101000,20000,81000,81000
056488,致新元大99購01  ,0,0,0,0,0,0,0,0,0,81000,0,0,0,86000,5000,81000,81000
057327,玉晶光群益9A購04,0,0,0,0,0,0,0,0,0,81000,0,0,0,120000,39000,81000,81000
053293,聯發科中信9B購01,0,0,0,0,0,0,0,0,0,81000,0,0,0,145000,64000,81000,81000
061481,嘉澤元大9A購03  ,0,0,0,0,0,0,0,0,0,81000,0,0,0,153000,72000,81000,81000
063820,華邦電麥證01購01,0,0,0,98000,17000,81000,0,0,0,81000,0,0,0,98000,17000,81000,81000
063395,金像電群益9B購02,0,0,0,0,0,0,0,0,0,81000,0,0,0,131000,50000,81000,81000
063121,友達元大9C購09  ,0,0,0,0,0,0,0,0,0,81000,0,0,0,81000,0,81000,81000
08058P,華新科元大9B售10,0,0,0,0,0,0,0,0,0,80000,0,0,0,120000,40000,80000,80000
1527,鑽全            ,96000,16000,80000,0,0,0,0,0,0,0,0,0,0,0,0,0,80000
07109P,聯發科中信9B售02,0,0,0,0,0,0,0,0,0,80000,0,0,0,80000,0,80000,80000
07081P,南電群益9A售01  ,0,0,0,0,0,0,0,0,0,80000,0,0,0,90000,10000,80000,80000
06780P,義隆元大98售02  ,0,0,0,0,0,0,0,0,0,80000,0,0,0,100000,20000,80000,80000
053331,玉晶光永豐97購02,0,0,0,0,0,0,0,0,0,80000,0,0,0,80000,0,80000,80000
055583,國巨元大97購10  ,0,0,0,0,0,0,0,0,0,80000,0,0,0,100000,20000,80000,80000
057240,茂林凱基9A購01  ,0,0,0,0,0,0,0,0,0,80000,0,0,0,100000,20000,80000,80000
054215,創意國票97購02  ,0,0,0,0,0,0,0,0,0,80000,0,0,0,80000,0,80000,80000
053887,聯茂兆豐97購02  ,0,0,0,0,0,0,0,0,0,80000,0,0,0,80000,0,80000,80000
054932,台肥元大97購01  ,0,0,0,0,0,0,0,0,0,80000,0,0,0,80000,0,80000,80000
052061,樺漢國票96購01  ,0,0,0,0,0,0,0,0,0,80000,0,0,0,80000,0,80000,80000
057120,茂林康和98購01  ,0,0,0,0,0,0,0,0,0,80000,0,0,0,103000,23000,80000,80000
061233,國巨元大9A購17  ,0,0,0,0,0,0,0,0,0,80000,0,0,0,97000,17000,80000,80000
061106,群創元大9B購09  ,0,0,0,0,0,0,0,0,0,80000,0,0,0,80000,0,80000,80000
060978,國巨元大9A購13  ,0,0,0,0,0,0,0,0,0,80000,0,0,0,122000,42000,80000,80000
057401,晶豪科群益99購01,0,0,0,0,0,0,0,0,0,80000,0,0,0,90000,10000,80000,80000
060657,旺宏統一9B購05  ,0,0,0,0,0,0,0,0,0,80000,0,0,0,80000,0,80000,80000
060660,國巨凱基9B購04  ,0,0,0,0,0,0,0,0,0,80000,0,0,0,81000,1000,80000,80000
058951,南電群益99購01  ,0,0,0,0,0,0,0,0,0,80000,0,0,0,80000,0,80000,80000
058476,旺宏凱基9A購01  ,0,0,0,0,0,0,0,0,0,80000,0,0,0,80000,0,80000,80000
058238,奇鋐元大99購02  ,0,0,0,0,0,0,0,0,0,80000,0,0,0,86000,6000,80000,80000
058185,國巨永豐99購01  ,0,0,0,0,0,0,0,0,0,80000,0,0,0,100000,20000,80000,80000
063032,國巨凱基9C購04  ,0,0,0,0,0,0,0,0,0,80000,0,0,0,80000,0,80000,80000
062970,智邦元富9B購01  ,0,0,0,0,0,0,0,0,0,80000,0,0,0,95000,15000,80000,80000
062856,世芯永豐9B購02  ,0,0,0,0,0,0,0,0,0,80000,0,0,0,189000,109000,80000,80000
062809,同欣電統一9C購01,0,0,0,0,0,0,0,0,0,80000,0,0,0,357000,277000,80000,80000
062810,華通兆豐9B購02  ,0,0,0,0,0,0,0,0,0,80000,0,0,0,100000,20000,80000,80000
062802,宏達電統一9B購01,0,0,0,0,0,0,0,0,0,80000,0,0,0,316000,236000,80000,80000
062316,康控凱基9B購03  ,0,0,0,0,0,0,0,0,0,80000,0,0,0,80000,0,80000,80000
063830,智伸科國票01購01,0,0,0,0,0,0,0,0,0,80000,0,0,0,80000,0,80000,80000
063916,瀚宇博凱基01購01,0,0,0,0,0,0,0,0,0,80000,0,0,0,145000,65000,80000,80000
063677,台光電國泰9C購02,0,0,0,0,0,0,0,0,0,80000,0,0,0,160000,80000,80000,80000
064106,國巨兆豐9C購04  ,0,0,0,0,0,0,0,0,0,80000,0,0,0,96000,16000,80000,80000
1903,士紙            ,203000,124000,79000,0,0,0,0,0,0,0,0,0,0,0,0,0,79000
060977,亞德客元大9A購04,0,0,0,0,0,0,0,0,0,79000,0,0,0,147000,68000,79000,79000
057364,國巨元大98購18  ,0,0,0,0,0,0,0,0,0,79000,0,0,0,81000,2000,79000,79000
056962,技嘉永豐98購01  ,0,0,0,0,0,0,0,0,0,79000,0,0,0,81000,2000,79000,79000
057017,和大凱基98購01  ,0,0,0,0,0,0,0,0,0,79000,0,0,0,84000,5000,79000,79000
053761,健策國泰98購01  ,0,0,0,0,0,0,0,0,0,79000,0,0,0,89000,10000,79000,79000
060171,宏達電台新9A購01,0,0,0,0,0,0,0,0,0,79000,0,0,0,81000,2000,79000,79000
058584,百和群益9A購01  ,0,0,0,0,0,0,0,0,0,79000,0,0,0,129000,50000,79000,79000
060713,聯詠永豐9A購01  ,0,0,0,0,0,0,0,0,0,79000,0,0,0,94000,15000,79000,79000
060017,全新康和99購01  ,0,0,0,0,0,0,0,0,0,79000,0,0,0,79000,0,79000,79000
063967,華新科國票01購01,0,0,0,0,0,0,0,0,0,79000,0,0,0,88000,9000,79000,79000
062428,超眾統一9B購01  ,0,0,0,0,0,0,0,0,0,79000,0,0,0,79000,0,79000,79000
062109,聯詠國票9C購01  ,0,0,0,0,0,0,0,0,0,79000,0,0,0,79000,0,79000,79000
062126,創意統一9B購01  ,0,0,0,0,0,0,0,0,0,79000,0,0,0,134000,55000,79000,79000
6706,惠特            ,64000,228000,-164000,0,0,0,245000,0,245000,-2000,0,2000,-2000,0,0,0,79000
2034,允強            ,115000,72500,42500,0,0,0,0,0,0,36000,36000,0,36000,0,0,0,78500
2534,宏盛            ,110000,32000,78000,0,0,0,0,0,0,0,0,0,0,0,0,0,78000
2206,三陽工業        ,220000,162000,58000,0,0,0,0,0,0,20000,20000,0,20000,0,0,0,78000
07943P,瑞昱元大9B售02  ,0,0,0,0,0,0,0,0,0,78000,0,0,0,88000,10000,78000,78000
056899,可成元大98購01  ,0,0,0,0,0,0,0,0,0,78000,0,0,0,78000,0,78000,78000
056470,旺宏元大99購01  ,0,0,0,0,0,0,0,0,0,78000,0,0,0,79000,1000,78000,78000
060896,晶技凱基9A購02  ,0,0,0,0,0,0,0,0,0,78000,0,0,0,111000,33000,78000,78000
059929,華新科富邦9C購03,0,0,0,0,0,0,0,0,0,78000,0,0,0,79000,1000,78000,78000
058144,聯茂元大99購02  ,0,0,0,0,0,0,0,0,0,78000,0,0,0,78000,0,78000,78000
058796,可成元大99購04  ,0,0,0,0,0,0,0,0,0,78000,0,0,0,78000,0,78000,78000
058774,台郡兆豐9A購01  ,0,0,0,0,0,0,0,0,0,78000,0,0,0,78000,0,78000,78000
059293,宏達電元富9B購01,0,0,0,0,0,0,0,0,0,78000,0,0,0,213000,135000,78000,78000
060859,鴻海永豐9A購01  ,0,0,0,0,0,0,0,0,0,78000,0,0,0,78000,0,78000,78000
062003,國巨國泰01購01  ,0,0,0,0,0,0,0,0,0,78000,0,0,0,115000,37000,78000,78000
061783,友達群益9B購01  ,0,0,0,0,0,0,0,0,0,78000,0,0,0,110000,32000,78000,78000
062471,國泰金凱基9B購02,0,0,0,0,0,0,0,0,0,78000,0,0,0,98000,20000,78000,78000
062481,同欣電國票9B購01,0,0,0,0,0,0,0,0,0,78000,0,0,0,136000,58000,78000,78000
063017,台光電元大9B購07,0,0,0,0,0,0,0,0,0,78000,0,0,0,150000,72000,78000,78000
063969,晶豪科國票01購01,0,0,0,0,0,0,0,0,0,78000,0,0,0,78000,0,78000,78000
063641,泰鼎元大9B購04  ,0,0,0,0,0,0,0,0,0,78000,0,0,0,257000,179000,78000,78000
8454,富邦媒          ,149255,180150,-30895,0,0,0,130000,0,130000,-22000,4000,26000,-22000,0,0,0,77105
07247P,聯發科凱基9A售06,0,0,0,0,0,0,0,0,0,77000,0,0,0,277000,200000,77000,77000
060920,超眾富邦9B購01  ,0,0,0,0,0,0,0,0,0,77000,0,0,0,197000,120000,77000,77000
058389,聯茂國票9A購01  ,0,0,0,0,0,0,0,0,0,77000,0,0,0,77000,0,77000,77000
058124,玉晶光國票9A購01,0,0,0,0,0,0,0,0,0,77000,0,0,0,116000,39000,77000,77000
061865,力山元大9B購01  ,0,0,0,0,0,0,0,0,0,77000,0,0,0,98000,21000,77000,77000
063947,大毅元大9C購02  ,0,0,0,0,0,0,0,0,0,77000,0,0,0,163000,86000,77000,77000
064288,瀚宇博元大9C購02,0,0,0,0,0,0,0,0,0,77000,0,0,0,158000,81000,77000,77000
063183,國巨凱基9B購12  ,0,0,0,0,0,0,0,0,0,77000,0,0,0,134000,57000,77000,77000
062073,國巨元大9B購06  ,0,0,0,0,0,0,0,0,0,77000,0,0,0,79000,2000,77000,77000
07963P,智邦統一9B售01  ,0,0,0,0,0,0,0,0,0,76000,0,0,0,90000,14000,76000,76000
064787,和潤群益9C購01  ,0,0,0,0,0,0,0,0,0,76000,0,0,0,126000,50000,76000,76000
056578,智易元大99購02  ,0,0,0,0,0,0,0,0,0,76000,0,0,0,90000,14000,76000,76000
061001,智邦兆豐9B購01  ,0,0,0,0,0,0,0,0,0,76000,0,0,0,131000,55000,76000,76000
056735,國巨凱基99購02  ,0,0,0,0,0,0,0,0,0,76000,0,0,0,76000,0,76000,76000
057119,微星康和98購01  ,0,0,0,0,0,0,0,0,0,76000,0,0,0,76000,0,76000,76000
055652,聯詠元富01購01  ,0,0,0,0,0,0,0,0,0,76000,0,0,0,126000,50000,76000,76000
060777,茂林凱基9C購01  ,0,0,0,0,0,0,0,0,0,76000,0,0,0,86000,10000,76000,76000
062557,台光電凱基9B購02,0,0,0,0,0,0,0,0,0,76000,0,0,0,235000,159000,76000,76000
063940,國巨元大01購02  ,0,0,0,0,0,0,0,0,0,76000,0,0,0,227000,151000,76000,76000
064164,祥碩統一01購05  ,0,0,0,0,0,0,0,0,0,76000,0,0,0,138000,62000,76000,76000
063765,上銀元富9B購09  ,0,0,0,0,0,0,0,0,0,76000,0,0,0,106000,30000,76000,76000
063412,寶成國票9C購01  ,0,0,0,0,0,0,0,0,0,76000,0,0,0,76000,0,76000,76000
063322,台郡群益9B購02  ,0,0,0,0,0,0,0,0,0,76000,0,0,0,193000,117000,76000,76000
5531,鄉林            ,115000,38100,76900,0,0,0,0,0,0,-1000,0,1000,-1000,0,0,0,75900
08440P,玉晶光國票01售05,0,0,0,0,0,0,0,0,0,75000,0,0,0,110000,35000,75000,75000
064623,創意元大9C購04  ,0,0,0,0,0,0,0,0,0,75000,0,0,0,75000,0,75000,75000
056843,冠德元富98購01  ,0,0,0,0,0,0,0,0,0,75000,0,0,0,97000,22000,75000,75000
057257,台泥兆豐99購01  ,0,0,0,0,0,0,0,0,0,75000,0,0,0,75000,0,75000,75000
060609,玉晶光凱基9B購01,0,0,0,0,0,0,0,0,0,75000,0,0,0,83000,8000,75000,75000
061879,超眾元大9C購01  ,0,0,0,0,0,0,0,0,0,75000,0,0,0,123000,48000,75000,75000
061978,旺宏元大9C購01  ,0,0,0,0,0,0,0,0,0,75000,0,0,0,91000,16000,75000,75000
061581,貿聯元大9A購05  ,0,0,0,0,0,0,0,0,0,75000,0,0,0,94000,19000,75000,75000
058767,亞德客兆豐99購01,0,0,0,0,0,0,0,0,0,75000,0,0,0,75000,0,75000,75000
058093,神達元大9A購01  ,0,0,0,0,0,0,0,0,0,75000,0,0,0,75000,0,75000,75000
058471,台積電日盛9C購01,0,0,0,0,0,0,0,0,0,75000,0,0,0,81000,6000,75000,75000
058930,華新科統一9B購01,0,0,0,0,0,0,0,0,0,75000,0,0,0,75000,0,75000,75000
060287,燿華元大9A購01  ,0,0,0,0,0,0,0,0,0,75000,0,0,0,160000,85000,75000,75000
059836,大立光國泰9B購02,0,0,0,0,0,0,0,0,0,75000,0,0,0,120000,45000,75000,75000
064216,矽格凱基01購01  ,0,0,0,0,0,0,0,0,0,75000,0,0,0,75000,0,75000,75000
064027,義隆元大9C購01  ,0,0,0,0,0,0,0,0,0,75000,0,0,0,182000,107000,75000,75000
064411,台表科凱基02購01,0,0,0,0,0,0,0,0,0,75000,0,0,0,80000,5000,75000,75000
062047,緯穎凱基9B購01  ,0,0,0,0,0,0,0,0,0,75000,0,0,0,132000,57000,75000,75000
062259,可成元大9B購03  ,0,0,0,0,0,0,0,0,0,75000,0,0,0,110000,35000,75000,75000
063173,矽格中信9B購01  ,0,0,0,0,0,0,0,0,0,75000,0,0,0,225000,150000,75000,75000
062813,台積電兆豐9B購01,0,0,0,0,0,0,0,0,0,75000,0,0,0,75000,0,75000,75000
6278,台表科          ,1199000,741000,458000,0,0,0,0,350000,-350000,-33000,80000,90000,-10000,11000,34000,-23000,75000
1809,中釉            ,96000,22000,74000,0,0,0,0,0,0,0,0,0,0,0,0,0,74000
057243,樺漢凱基99購01  ,0,0,0,0,0,0,0,0,0,74000,0,0,0,74000,0,74000,74000
056255,華新科元富97購05,0,0,0,0,0,0,0,0,0,74000,0,0,0,75000,1000,74000,74000
046937,聯電元大99購01  ,0,0,0,0,0,0,0,0,0,74000,0,0,0,101000,27000,74000,74000
059507,鴻海永豐99購03  ,0,0,0,0,0,0,0,0,0,74000,0,0,0,84000,10000,74000,74000
058156,超眾統一9A購02  ,0,0,0,0,0,0,0,0,0,74000,0,0,0,84000,10000,74000,74000
058312,大毅國泰9B購01  ,0,0,0,0,0,0,0,0,0,74000,0,0,0,120000,46000,74000,74000
060722,矽格永豐9A購01  ,0,0,0,0,0,0,0,0,0,74000,0,0,0,74000,0,74000,74000
059917,華新科元大99購19,0,0,0,0,0,0,0,0,0,74000,0,0,0,90000,16000,74000,74000
060466,玉山金元大9A購01,0,0,0,0,0,0,0,0,0,74000,0,0,0,78000,4000,74000,74000
060511,群創元大9B購08  ,0,0,0,0,0,0,0,0,0,74000,0,0,0,74000,0,74000,74000
062916,智易元大9B購01  ,0,0,0,0,0,0,0,0,0,74000,0,0,0,85000,11000,74000,74000
062527,美律統一01購01  ,0,0,0,0,0,0,0,0,0,74000,0,0,0,75000,1000,74000,74000
062336,茂林統一01購02  ,0,0,0,0,0,0,0,0,0,74000,0,0,0,84000,10000,74000,74000
064081,國產中信06購01  ,0,0,0,0,0,0,0,0,0,74000,0,0,0,79000,5000,74000,74000
064113,新日興國票01購01,0,0,0,0,0,0,0,0,0,74000,0,0,0,193000,119000,74000,74000
063642,茂林元大9B購08  ,0,0,0,0,0,0,0,0,0,74000,0,0,0,178000,104000,74000,74000
063799,華邦電凱基9C購02,0,0,0,0,0,0,0,0,0,74000,0,0,0,146000,72000,74000,74000
2923,鼎固-KY         ,73000,0,73000,0,0,0,0,0,0,0,0,0,0,0,0,0,73000
2897,王道銀行        ,336000,26000,310000,0,0,0,0,0,0,-237000,0,237000,-237000,0,0,0,73000
064540,神達麥證01購01  ,0,0,0,73000,0,73000,0,0,0,73000,0,0,0,73000,0,73000,73000
064848,金像電元富9C購02,0,0,0,0,0,0,0,0,0,73000,0,0,0,129000,56000,73000,73000
057048,新日興元大98購01,0,0,0,0,0,0,0,0,0,73000,0,0,0,100000,27000,73000,73000
061353,康控元大9A購01  ,0,0,0,0,0,0,0,0,0,73000,0,0,0,95000,22000,73000,73000
059613,泰鼎永豐99購02  ,0,0,0,0,0,0,0,0,0,73000,0,0,0,89000,16000,73000,73000
061914,台光電中信9B購01,0,0,0,0,0,0,0,0,0,73000,0,0,0,86000,13000,73000,73000
058309,大毅元大99購02  ,0,0,0,0,0,0,0,0,0,73000,0,0,0,76000,3000,73000,73000
061203,國巨元大9A購15  ,0,0,0,0,0,0,0,0,0,73000,0,0,0,74000,1000,73000,73000
059790,立積元大9C購02  ,0,0,0,0,0,0,0,0,0,73000,0,0,0,84000,11000,73000,73000
057919,技嘉凱基98購03  ,0,0,0,0,0,0,0,0,0,73000,0,0,0,121000,48000,73000,73000
063586,燿華永豐9B購02  ,0,0,0,0,0,0,0,0,0,73000,0,0,0,141000,68000,73000,73000
064102,宏達電群益9C購01,0,0,0,0,0,0,0,0,0,73000,0,0,0,178000,105000,73000,73000
064029,宏達電元大9C購01,0,0,0,0,0,0,0,0,0,73000,0,0,0,123000,50000,73000,73000
062521,玉晶光元大9C購05,0,0,0,0,0,0,0,0,0,73000,0,0,0,174000,101000,73000,73000
062228,南六統一02購01  ,0,0,0,0,0,0,0,0,0,73000,0,0,0,77000,4000,73000,73000
062097,台光電永豐9B購01,0,0,0,0,0,0,0,0,0,73000,0,0,0,123000,50000,73000,73000
062853,大毅永豐9B購03  ,0,0,0,0,0,0,0,0,0,73000,0,0,0,73000,0,73000,73000
062896,中興電元大9B購01,0,0,0,0,0,0,0,0,0,73000,0,0,0,73000,0,73000,73000
062761,嘉晶凱基9C購01  ,0,0,0,0,0,0,0,0,0,73000,0,0,0,182000,109000,73000,73000
2362,藍天            ,170000,25000,145000,0,0,0,0,0,0,-73000,0,77000,-77000,4000,0,4000,72000
2013,中鋼構          ,84000,12000,72000,0,0,0,0,0,0,0,0,0,0,0,0,0,72000
056734,國巨凱基99購01  ,0,0,0,0,0,0,0,0,0,72000,0,0,0,97000,25000,72000,72000
061110,超眾元大9A購03  ,0,0,0,0,0,0,0,0,0,72000,0,0,0,118000,46000,72000,72000
061104,華新科元大9A購13,0,0,0,0,0,0,0,0,0,72000,0,0,0,72000,0,72000,72000
061132,志超永豐9A購01  ,0,0,0,0,0,0,0,0,0,72000,0,0,0,72000,0,72000,72000
057810,技嘉元大98購06  ,0,0,0,0,0,0,0,0,0,72000,0,0,0,152000,80000,72000,72000
061184,大立光國泰9C購01,0,0,0,0,0,0,0,0,0,72000,0,0,0,86000,14000,72000,72000
059646,聯茂凱基99購06  ,0,0,0,0,0,0,0,0,0,72000,0,0,0,172000,100000,72000,72000
060606,玉晶光凱基9A購05,0,0,0,0,0,0,0,0,0,72000,0,0,0,79000,7000,72000,72000
060398,立積國票9B購01  ,0,0,0,0,0,0,0,0,0,72000,0,0,0,72000,0,72000,72000
062013,奇鋐富邦9B購01  ,0,0,0,0,0,0,0,0,0,72000,0,0,0,72000,0,72000,72000
062260,華新科元大9B購09,0,0,0,0,0,0,0,0,0,72000,0,0,0,72000,0,72000,72000
062310,南亞科凱基9B購02,0,0,0,0,0,0,0,0,0,72000,0,0,0,86000,14000,72000,72000
063565,旺宏元大9B購08  ,0,0,0,0,0,0,0,0,0,72000,0,0,0,98000,26000,72000,72000
063428,矽創凱基9B購02  ,0,0,0,0,0,0,0,0,0,72000,0,0,0,116000,44000,72000,72000
063734,可成元大9B購04  ,0,0,0,0,0,0,0,0,0,72000,0,0,0,81000,9000,72000,72000
00739,元大MSCI A股    ,0,0,0,0,0,0,0,0,0,71233,0,0,0,199233,128000,71233,71233
1618,合機            ,87000,16000,71000,0,0,0,0,0,0,0,0,0,0,0,0,0,71000
3090,日電貿          ,192000,109000,83000,0,0,0,0,0,0,-12000,0,19000,-19000,7000,0,7000,71000
06454P,緯穎元大98售04  ,0,0,0,0,0,0,0,0,0,71000,0,0,0,71000,0,71000,71000
057548,微星凱基99購01  ,0,0,0,0,0,0,0,0,0,71000,0,0,0,230000,159000,71000,71000
060944,國泰金國票9A購01,0,0,0,0,0,0,0,0,0,71000,0,0,0,71000,0,71000,71000
055963,欣興元大97購04  ,0,0,0,0,0,0,0,0,0,71000,0,0,0,126000,55000,71000,71000
061307,和潤永豐9A購02  ,0,0,0,0,0,0,0,0,0,71000,0,0,0,136000,65000,71000,71000
058770,貿聯兆豐9A購01  ,0,0,0,0,0,0,0,0,0,71000,0,0,0,71000,0,71000,71000
061425,華新科元大9A購19,0,0,0,0,0,0,0,0,0,71000,0,0,0,75000,4000,71000,71000
058687,聯茂凱基9A購01  ,0,0,0,0,0,0,0,0,0,71000,0,0,0,111000,40000,71000,71000
059853,超眾永豐99購03  ,0,0,0,0,0,0,0,0,0,71000,0,0,0,71000,0,71000,71000
063708,上銀凱基9B購06  ,0,0,0,0,0,0,0,0,0,71000,0,0,0,71000,0,71000,71000
062138,力成群益9B購01  ,0,0,0,0,0,0,0,0,0,71000,0,0,0,217000,146000,71000,71000
062004,國巨國泰9C購03  ,0,0,0,0,0,0,0,0,0,71000,0,0,0,108000,37000,71000,71000
061747,南亞科統一01購01,0,0,0,0,0,0,0,0,0,71000,0,0,0,181000,110000,71000,71000
062828,聯詠群益9B購02  ,0,0,0,0,0,0,0,0,0,71000,0,0,0,71000,0,71000,71000
063168,台表科永豐9B購01,0,0,0,0,0,0,0,0,0,71000,0,0,0,89000,18000,71000,71000
063202,南亞科統一9C購02,0,0,0,0,0,0,0,0,0,71000,0,0,0,74000,3000,71000,71000
063206,貿聯統一9C購02  ,0,0,0,0,0,0,0,0,0,71000,0,0,0,91000,20000,71000,71000
06813P,友訊元富98售03  ,0,0,0,0,0,0,0,0,0,70000,0,0,0,183000,113000,70000,70000
07954P,台表科元大9B售02,0,0,0,0,0,0,0,0,0,70000,0,0,0,80000,10000,70000,70000
07648P,祥碩國票9B售01  ,0,0,0,0,0,0,0,0,0,70000,0,0,0,90000,20000,70000,70000
07421P,國泰金元大99售01,0,0,0,0,0,0,0,0,0,70000,0,0,0,70000,0,70000,70000
08441P,同欣電元富9C售01,0,0,0,0,0,0,0,0,0,70000,0,0,0,110000,40000,70000,70000
08090P,嘉澤統一9B售01  ,0,0,0,0,0,0,0,0,0,70000,0,0,0,70000,0,70000,70000
055911,可成凱基98購02  ,0,0,0,0,0,0,0,0,0,70000,0,0,0,70000,0,70000,70000
055916,奇鋐凱基99購01  ,0,0,0,0,0,0,0,0,0,70000,0,0,0,70000,0,70000,70000
056132,台光電元大97購03,0,0,0,0,0,0,0,0,0,70000,0,0,0,87000,17000,70000,70000
056153,華新科凱基97購02,0,0,0,0,0,0,0,0,0,70000,0,0,0,70000,0,70000,70000
056323,旺宏兆豐98購01  ,0,0,0,0,0,0,0,0,0,70000,0,0,0,70000,0,70000,70000
060943,宏達電國票9B購02,0,0,0,0,0,0,0,0,0,70000,0,0,0,120000,50000,70000,70000
060906,旺宏元大9A購07  ,0,0,0,0,0,0,0,0,0,70000,0,0,0,81000,11000,70000,70000
052989,麗豐元大98購01  ,0,0,0,0,0,0,0,0,0,70000,0,0,0,70000,0,70000,70000
052906,緯創國票97購01  ,0,0,0,0,0,0,0,0,0,70000,0,0,0,70000,0,70000,70000
052919,鈺齊富邦98購01  ,0,0,0,0,0,0,0,0,0,70000,0,0,0,70000,0,70000,70000
045517,元油2X元富98購01,0,0,0,0,0,0,0,0,0,70000,0,0,0,70000,0,70000,70000
054873,帆宣群益99購01  ,0,0,0,0,0,0,0,0,0,70000,0,0,0,70000,0,70000,70000
055675,亞德客凱基97購02,0,0,0,0,0,0,0,0,0,70000,0,0,0,70000,0,70000,70000
054710,東元元富97購01  ,0,0,0,0,0,0,0,0,0,70000,0,0,0,109000,39000,70000,70000
057888,貿聯群益98購02  ,0,0,0,0,0,0,0,0,0,70000,0,0,0,70000,0,70000,70000
059063,康控凱基99購04  ,0,0,0,0,0,0,0,0,0,70000,0,0,0,70000,0,70000,70000
058288,南亞科國票9A購01,0,0,0,0,0,0,0,0,0,70000,0,0,0,70000,0,70000,70000
059291,華新科元富9B購01,0,0,0,0,0,0,0,0,0,70000,0,0,0,72000,2000,70000,70000
059327,南茂元大99購01  ,0,0,0,0,0,0,0,0,0,70000,0,0,0,70000,0,70000,70000
059532,華新科凱基9B購03,0,0,0,0,0,0,0,0,0,70000,0,0,0,71000,1000,70000,70000
060566,聯詠富邦9C購01  ,0,0,0,0,0,0,0,0,0,70000,0,0,0,70000,0,70000,70000
060704,台積電富邦01購01,0,0,0,0,0,0,0,0,0,70000,0,0,0,75000,5000,70000,70000
060381,元黃金凱基9A購01,0,0,0,0,0,0,0,0,0,70000,0,0,0,100000,30000,70000,70000
063149,聯發科元富05購02,0,0,0,0,0,0,0,0,0,70000,0,0,0,74000,4000,70000,70000
062778,國巨元大9B購17  ,0,0,0,0,0,0,0,0,0,70000,0,0,0,82000,12000,70000,70000
062148,奇鋐國票9B購01  ,0,0,0,0,0,0,0,0,0,70000,0,0,0,86000,16000,70000,70000
062248,國巨元大9B購08  ,0,0,0,0,0,0,0,0,0,70000,0,0,0,71000,1000,70000,70000
062335,茂林統一01購01  ,0,0,0,0,0,0,0,0,0,70000,0,0,0,70000,0,70000,70000
062357,國巨元大9B購11  ,0,0,0,0,0,0,0,0,0,70000,0,0,0,70000,0,70000,70000
063693,智易永豐9B購02  ,0,0,0,0,0,0,0,0,0,70000,0,0,0,100000,30000,70000,70000
063373,晶技永豐9B購02  ,0,0,0,0,0,0,0,0,0,70000,0,0,0,70000,0,70000,70000
063599,智邦凱基9B購04  ,0,0,0,0,0,0,0,0,0,70000,0,0,0,70000,0,70000,70000
063617,鴻海兆豐01購01  ,0,0,0,0,0,0,0,0,0,70000,0,0,0,85000,15000,70000,70000
064215,康控凱基02購01  ,0,0,0,0,0,0,0,0,0,70000,0,0,0,80000,10000,70000,70000
1612,宏泰            ,91000,22000,69000,0,0,0,0,0,0,0,0,0,0,0,0,0,69000
1457,宜進            ,109000,40000,69000,0,0,0,0,0,0,0,0,0,0,0,0,0,69000
054772,康控國票98購02  ,0,0,0,0,0,0,0,0,0,69000,0,0,0,69000,0,69000,69000
054923,晶技凱基98購01  ,0,0,0,0,0,0,0,0,0,69000,0,0,0,85000,16000,69000,69000
00668,國泰美國道瓊    ,53000,5000,48000,0,0,0,0,0,0,21000,0,0,0,165000,144000,21000,69000
056309,合勤控元大97購01,0,0,0,0,0,0,0,0,0,69000,0,0,0,69000,0,69000,69000
056743,貿聯凱基98購04  ,0,0,0,0,0,0,0,0,0,69000,0,0,0,69000,0,69000,69000
056642,旺宏凱基98購07  ,0,0,0,0,0,0,0,0,0,69000,0,0,0,70000,1000,69000,69000
060721,瑞儀永豐9A購01  ,0,0,0,0,0,0,0,0,0,69000,0,0,0,154000,85000,69000,69000
060665,康控凱基9A購01  ,0,0,0,0,0,0,0,0,0,69000,0,0,0,120000,51000,69000,69000
060654,大毅群益9B購01  ,0,0,0,0,0,0,0,0,0,69000,0,0,0,251000,182000,69000,69000
059569,旺宏凱基99購09  ,0,0,0,0,0,0,0,0,0,69000,0,0,0,69000,0,69000,69000
061572,奇力新元大9A購04,0,0,0,0,0,0,0,0,0,69000,0,0,0,73000,4000,69000,69000
058498,世紀鋼群益99購01,0,0,0,0,0,0,0,0,0,69000,0,0,0,107000,38000,69000,69000
063460,智邦元大9B購08  ,0,0,0,0,0,0,0,0,0,69000,0,0,0,126000,57000,69000,69000
063422,奇鋐凱基9B購04  ,0,0,0,0,0,0,0,0,0,69000,0,0,0,70000,1000,69000,69000
062247,國巨元大9B購07  ,0,0,0,0,0,0,0,0,0,69000,0,0,0,71000,2000,69000,69000
062294,盛群永豐9B購01  ,0,0,0,0,0,0,0,0,0,69000,0,0,0,69000,0,69000,69000
057045,美律元大99購04  ,0,0,0,0,0,0,0,0,0,68000,0,0,0,68000,0,68000,68000
056288,健鼎永豐97購01  ,0,0,0,0,0,0,0,0,0,68000,0,0,0,68000,0,68000,68000
056150,台光電凱基98購02,0,0,0,0,0,0,0,0,0,68000,0,0,0,89000,21000,68000,68000
061074,儒鴻兆豐9B購01  ,0,0,0,0,0,0,0,0,0,68000,0,0,0,70000,2000,68000,68000
057536,康控元大99購03  ,0,0,0,0,0,0,0,0,0,68000,0,0,0,68000,0,68000,68000
057537,聯茂元大98購04  ,0,0,0,0,0,0,0,0,0,68000,0,0,0,68000,0,68000,68000
054528,台光電統一96購02,0,0,0,0,0,0,0,0,0,68000,0,0,0,125000,57000,68000,68000
056361,美律元大99購02  ,0,0,0,0,0,0,0,0,0,68000,0,0,0,68000,0,68000,68000
061413,台勝科群益9A購01,0,0,0,0,0,0,0,0,0,68000,0,0,0,88000,20000,68000,68000
058635,華新科兆豐99購03,0,0,0,0,0,0,0,0,0,68000,0,0,0,68000,0,68000,68000
061211,玉晶光元大9A購12,0,0,0,0,0,0,0,0,0,68000,0,0,0,130000,62000,68000,68000
059055,旺宏凱基9B購02  ,0,0,0,0,0,0,0,0,0,68000,0,0,0,68000,0,68000,68000
061526,宏達電凱基9A購04,0,0,0,0,0,0,0,0,0,68000,0,0,0,120000,52000,68000,68000
059619,台積電日盛9A購04,0,0,0,0,0,0,0,0,0,68000,0,0,0,74000,6000,68000,68000
060640,京鼎永豐9A購01  ,0,0,0,0,0,0,0,0,0,68000,0,0,0,163000,95000,68000,68000
060413,東元永豐9A購01  ,0,0,0,0,0,0,0,0,0,68000,0,0,0,68000,0,68000,68000
062293,麗豐永豐9B購01  ,0,0,0,0,0,0,0,0,0,68000,0,0,0,68000,0,68000,68000
062169,禾伸堂永豐9B購01,0,0,0,0,0,0,0,0,0,68000,0,0,0,68000,0,68000,68000
062672,兆豐金中信03購01,0,0,0,0,0,0,0,0,0,68000,0,0,0,81000,13000,68000,68000
062881,緯創兆豐9C購01  ,0,0,0,0,0,0,0,0,0,68000,0,0,0,73000,5000,68000,68000
063075,祥碩永豐9B購04  ,0,0,0,0,0,0,0,0,0,68000,0,0,0,68000,0,68000,68000
063372,漢翔永豐9B購01  ,0,0,0,0,0,0,0,0,0,68000,0,0,0,68000,0,68000,68000
063330,神達國票9C購01  ,0,0,0,0,0,0,0,0,0,68000,0,0,0,68000,0,68000,68000
064142,國巨統一9C購13  ,0,0,0,0,0,0,0,0,0,68000,0,0,0,239000,171000,68000,68000
064067,美律永豐9C購01  ,0,0,0,0,0,0,0,0,0,68000,0,0,0,68000,0,68000,68000
064070,祥碩永豐9C購01  ,0,0,0,0,0,0,0,0,0,68000,0,0,0,68000,0,68000,68000
064071,台郡永豐9C購01  ,0,0,0,0,0,0,0,0,0,68000,0,0,0,68000,0,68000,68000
064389,台泥永豐9C購01  ,0,0,0,0,0,0,0,0,0,68000,0,0,0,68000,0,68000,68000
064391,亞德客永豐9C購01,0,0,0,0,0,0,0,0,0,68000,0,0,0,68000,0,68000,68000
2342,茂矽            ,1129000,1062000,67000,0,0,0,0,0,0,0,0,0,0,0,0,0,67000
2468,華經            ,147000,80000,67000,0,0,0,0,0,0,0,0,0,0,0,0,0,67000
07334P,臺股指國票99售19,0,0,0,0,0,0,0,0,0,67000,0,0,0,120000,53000,67000,67000
055463,國喬凱基97購01  ,0,0,0,0,0,0,0,0,0,67000,0,0,0,67000,0,67000,67000
057523,大成鋼元大99購01,0,0,0,0,0,0,0,0,0,67000,0,0,0,147000,80000,67000,67000
057506,聯鈞國票99購02  ,0,0,0,0,0,0,0,0,0,67000,0,0,0,116000,49000,67000,67000
057477,智邦元大98購09  ,0,0,0,0,0,0,0,0,0,67000,0,0,0,68000,1000,67000,67000
056133,可成元大97購05  ,0,0,0,0,0,0,0,0,0,67000,0,0,0,68000,1000,67000,67000
056320,京鼎群益99購01  ,0,0,0,0,0,0,0,0,0,67000,0,0,0,321000,254000,67000,67000
061823,勤誠群益9B購01  ,0,0,0,0,0,0,0,0,0,67000,0,0,0,98000,31000,67000,67000
060849,力成國票9A購01  ,0,0,0,0,0,0,0,0,0,67000,0,0,0,105000,38000,67000,67000
064465,台表科統一01購02,0,0,0,0,0,0,0,0,0,67000,0,0,0,173000,106000,67000,67000
063956,神達元大9C購01  ,0,0,0,0,0,0,0,0,0,67000,0,0,0,154000,87000,67000,67000
063541,華擎元富9B購02  ,0,0,0,0,0,0,0,0,0,67000,0,0,0,162000,95000,67000,67000
061781,台積電群益9C購01,0,0,0,0,0,0,0,0,0,67000,0,0,0,91000,24000,67000,67000
2331,精英            ,168000,73284,94716,0,0,0,0,0,0,-28000,0,28000,-28000,0,0,0,66716
2207,和泰車          ,329673,239179,90494,0,0,0,0,0,0,-24000,1000,25000,-24000,0,0,0,66494
07843P,緯穎元大9A售05  ,0,0,0,0,0,0,0,0,0,66000,0,0,0,103000,37000,66000,66000
064724,健鼎統一02購02  ,0,0,0,0,0,0,0,0,0,66000,0,0,0,244000,178000,66000,66000
05631P,國巨富邦9A售01  ,0,0,0,0,0,0,0,0,0,66000,0,0,0,80000,14000,66000,66000
057508,康控國票99購03  ,0,0,0,0,0,0,0,0,0,66000,0,0,0,67000,1000,66000,66000
057646,玉山金元大98購01,0,0,0,0,0,0,0,0,0,66000,0,0,0,68000,2000,66000,66000
061241,晶技兆豐9A購01  ,0,0,0,0,0,0,0,0,0,66000,0,0,0,393000,327000,66000,66000
059343,宏達電凱基99購04,0,0,0,0,0,0,0,0,0,66000,0,0,0,70000,4000,66000,66000
061408,華新科國票9A購06,0,0,0,0,0,0,0,0,0,66000,0,0,0,78000,12000,66000,66000
057930,旺宏群益99購04  ,0,0,0,0,0,0,0,0,0,66000,0,0,0,160000,94000,66000,66000
061456,玉晶光凱基9B購05,0,0,0,0,0,0,0,0,0,66000,0,0,0,66000,0,66000,66000
060760,南亞科元大9A購04,0,0,0,0,0,0,0,0,0,66000,0,0,0,66000,0,66000,66000
061774,T50反1國票9B購06,0,0,0,0,0,0,0,0,0,66000,0,0,0,71000,5000,66000,66000
063192,技嘉台新9B購01  ,0,0,0,0,0,0,0,0,0,66000,0,0,0,111000,45000,66000,66000
063764,上銀元富9B購08  ,0,0,0,0,0,0,0,0,0,66000,0,0,0,94000,28000,66000,66000
063779,華邦電永豐9B購01,0,0,0,0,0,0,0,0,0,66000,0,0,0,66000,0,66000,66000
064014,貿聯國票01購01  ,0,0,0,0,0,0,0,0,0,66000,0,0,0,66000,0,66000,66000
064588,玉晶光永豐9C購05,0,0,0,0,0,0,0,0,0,65000,0,0,0,65000,0,65000,65000
07099P,台積電元大99售19,0,0,0,0,0,0,0,0,0,65000,0,0,0,65000,0,65000,65000
3607,谷崧            ,68000,3000,65000,0,0,0,0,0,0,0,0,0,0,0,0,0,65000
060922,金像電永豐9A購01,0,0,0,0,0,0,0,0,0,65000,0,0,0,90000,25000,65000,65000
057713,美律統一99購01  ,0,0,0,0,0,0,0,0,0,65000,0,0,0,67000,2000,65000,65000
05729P,臺股指凱基97售02,0,0,0,0,0,0,0,0,0,65000,0,0,0,85000,20000,65000,65000
055958,台光電元大97購02,0,0,0,0,0,0,0,0,0,65000,0,0,0,68000,3000,65000,65000
054239,台郡群益96購02  ,0,0,0,0,0,0,0,0,0,65000,0,0,0,65000,0,65000,65000
053758,華新科國泰97購02,0,0,0,0,0,0,0,0,0,65000,0,0,0,75000,10000,65000,65000
050515,聯電元大96購01  ,0,0,0,0,0,0,0,0,0,65000,0,0,0,65000,0,65000,65000
057989,旺宏統一99購04  ,0,0,0,0,0,0,0,0,0,65000,0,0,0,65000,0,65000,65000
060607,玉晶光凱基9A購06,0,0,0,0,0,0,0,0,0,65000,0,0,0,89000,24000,65000,65000
060625,華擎元大9A購01  ,0,0,0,0,0,0,0,0,0,65000,0,0,0,165000,100000,65000,65000
061964,台積電統一01購05,0,0,0,0,0,0,0,0,0,65000,0,0,0,76000,11000,65000,65000
064133,力成元大9C購01  ,0,0,0,0,0,0,0,0,0,65000,0,0,0,70000,5000,65000,65000
063890,正隆群益9C購01  ,0,0,0,0,0,0,0,0,0,65000,0,0,0,125000,60000,65000,65000
063767,義隆國泰02購01  ,0,0,0,0,0,0,0,0,0,65000,0,0,0,77000,12000,65000,65000
063727,鴻海元大9C購05  ,0,0,0,0,0,0,0,0,0,65000,0,0,0,68000,3000,65000,65000
063326,正隆國票9B購01  ,0,0,0,0,0,0,0,0,0,65000,0,0,0,119000,54000,65000,65000
063379,帆宣永豐9B購01  ,0,0,0,0,0,0,0,0,0,65000,0,0,0,65000,0,65000,65000
061983,華新科元大9B購04,0,0,0,0,0,0,0,0,0,65000,0,0,0,75000,10000,65000,65000
062221,奇力新統一01購01,0,0,0,0,0,0,0,0,0,65000,0,0,0,65000,0,65000,65000
062422,億光統一01購01  ,0,0,0,0,0,0,0,0,0,65000,0,0,0,100000,35000,65000,65000
6525,捷敏-KY         ,148000,33000,115000,0,0,0,0,50000,-50000,0,0,0,0,0,0,0,65000
064726,創意統一01購03  ,0,0,0,0,0,0,0,0,0,64000,0,0,0,78000,14000,64000,64000
057697,國巨群益98購09  ,0,0,0,0,0,0,0,0,0,64000,0,0,0,64000,0,64000,64000
061019,大毅國票9A購01  ,0,0,0,0,0,0,0,0,0,64000,0,0,0,109000,45000,64000,64000
061628,緯穎群益9A購04  ,0,0,0,0,0,0,0,0,0,64000,0,0,0,74000,10000,64000,64000
058116,正崴中信99購02  ,0,0,0,0,0,0,0,0,0,64000,0,0,0,64000,0,64000,64000
060735,鴻海統一9C購03  ,0,0,0,0,0,0,0,0,0,64000,0,0,0,64000,0,64000,64000
060504,技嘉元大9A購02  ,0,0,0,0,0,0,0,0,0,64000,0,0,0,145000,81000,64000,64000
060328,可成群益9A購06  ,0,0,0,0,0,0,0,0,0,64000,0,0,0,172000,108000,64000,64000
060009,南亞科群益99購03,0,0,0,0,0,0,0,0,0,64000,0,0,0,64000,0,64000,64000
061775,臺指反國票9B購04,0,0,0,0,0,0,0,0,0,64000,0,0,0,499000,435000,64000,64000
062040,玉晶光凱基01購01,0,0,0,0,0,0,0,0,0,64000,0,0,0,135000,71000,64000,64000
062107,台光電國票9B購01,0,0,0,0,0,0,0,0,0,64000,0,0,0,64000,0,64000,64000
062938,聯發科凱基9B購10,0,0,0,0,0,0,0,0,0,64000,0,0,0,80000,16000,64000,64000
063528,元大金凱基9B購01,0,0,0,0,0,0,0,0,0,64000,0,0,0,294000,230000,64000,64000
063854,南電元大9C購01  ,0,0,0,0,0,0,0,0,0,64000,0,0,0,74000,10000,64000,64000
064130,創意元大9C購02  ,0,0,0,0,0,0,0,0,0,64000,0,0,0,164000,100000,64000,64000
064277,可成元大9C購04  ,0,0,0,0,0,0,0,0,0,64000,0,0,0,118000,54000,64000,64000
064753,英業達凱基9C購01,0,0,0,0,0,0,0,0,0,63000,0,0,0,63000,0,63000,63000
08136P,祥碩國泰01售01  ,0,0,0,0,0,0,0,0,0,63000,0,0,0,445000,382000,63000,63000
060908,金像電元大9A購03,0,0,0,0,0,0,0,0,0,63000,0,0,0,115000,52000,63000,63000
057516,和鑫元富98購01  ,0,0,0,0,0,0,0,0,0,63000,0,0,0,163000,100000,63000,63000
057366,智邦元大98購08  ,0,0,0,0,0,0,0,0,0,63000,0,0,0,99000,36000,63000,63000
056673,中石化元富9B購01,0,0,0,0,0,0,0,0,0,63000,0,0,0,263000,200000,63000,63000
057166,國巨元大99購06  ,0,0,0,0,0,0,0,0,0,63000,0,0,0,139000,76000,63000,63000
060052,宏碁凱基99購01  ,0,0,0,0,0,0,0,0,0,63000,0,0,0,79000,16000,63000,63000
061714,華新科凱基9A購15,0,0,0,0,0,0,0,0,0,63000,0,0,0,100000,37000,63000,63000
061977,國巨元大9B購02  ,0,0,0,0,0,0,0,0,0,63000,0,0,0,88000,25000,63000,63000
059513,揚明光永豐99購01,0,0,0,0,0,0,0,0,0,63000,0,0,0,75000,12000,63000,63000
059143,國巨國票9A購04  ,0,0,0,0,0,0,0,0,0,63000,0,0,0,106000,43000,63000,63000
058424,滬深2X元富99購04,0,0,0,0,0,0,0,0,0,63000,0,0,0,75000,12000,63000,63000
059348,日月光凱基99購01,0,0,0,0,0,0,0,0,0,63000,0,0,0,66000,3000,63000,63000
064043,台積電統一9C購10,0,0,0,0,0,0,0,0,0,63000,0,0,0,79000,16000,63000,63000
063577,台表科元大9C購04,0,0,0,0,0,0,0,0,0,63000,0,0,0,88000,25000,63000,63000
08037P,台表科群益9B售02,0,0,0,0,0,0,0,0,0,62000,0,0,0,62000,0,62000,62000
056385,創意國泰99購01  ,0,0,0,0,0,0,0,0,0,62000,0,0,0,77000,15000,62000,62000
054757,南亞國票98購01  ,0,0,0,0,0,0,0,0,0,62000,0,0,0,62000,0,62000,62000
054807,台化元大9A購02  ,0,0,0,0,0,0,0,0,0,62000,0,0,0,168000,106000,62000,62000
00728,第一金工業30    ,0,0,0,0,0,0,0,0,0,62000,0,0,0,262000,200000,62000,62000
057044,旺宏元大98購08  ,0,0,0,0,0,0,0,0,0,62000,0,0,0,82000,20000,62000,62000
056277,上銀富邦99購02  ,0,0,0,0,0,0,0,0,0,62000,0,0,0,89000,27000,62000,62000
057388,奇鋐永豐98購02  ,0,0,0,0,0,0,0,0,0,62000,0,0,0,71000,9000,62000,62000
057773,技嘉群益9A購02  ,0,0,0,0,0,0,0,0,0,62000,0,0,0,142000,80000,62000,62000
061238,晶技元大9A購02  ,0,0,0,0,0,0,0,0,0,62000,0,0,0,64000,2000,62000,62000
061196,世芯永豐9A購06  ,0,0,0,0,0,0,0,0,0,62000,0,0,0,155000,93000,62000,62000
058428,大立光元富99購02,0,0,0,0,0,0,0,0,0,62000,0,0,0,62000,0,62000,62000
058146,勤誠元大99購01  ,0,0,0,0,0,0,0,0,0,62000,0,0,0,62000,0,62000,62000
060252,緯穎元大9A購02  ,0,0,0,0,0,0,0,0,0,62000,0,0,0,129000,67000,62000,62000
058957,貿聯國票9A購01  ,0,0,0,0,0,0,0,0,0,62000,0,0,0,62000,0,62000,62000
058134,信邦元大99購01  ,0,0,0,0,0,0,0,0,0,62000,0,0,0,62000,0,62000,62000
060409,味全永豐9A購01  ,0,0,0,0,0,0,0,0,0,62000,0,0,0,62000,0,62000,62000
063368,遠東新永豐9B購01,0,0,0,0,0,0,0,0,0,62000,0,0,0,62000,0,62000,62000
064026,建準元大9C購02  ,0,0,0,0,0,0,0,0,0,62000,0,0,0,62000,0,62000,62000
063305,亞光凱基9B購01  ,0,0,0,0,0,0,0,0,0,62000,0,0,0,182000,120000,62000,62000
08428P,GIS國票01售01   ,0,0,0,0,0,0,0,0,0,61000,0,0,0,100000,39000,61000,61000
3356,奇偶            ,79000,18000,61000,0,0,0,0,0,0,0,0,0,0,0,0,0,61000
064584,英業達永豐9C購01,0,0,0,0,0,0,0,0,0,61000,0,0,0,77000,16000,61000,61000
064577,大立光國泰02購01,0,0,0,0,0,0,0,0,0,61000,0,0,0,61000,0,61000,61000
056573,華新科元大99購06,0,0,0,0,0,0,0,0,0,61000,0,0,0,101000,40000,61000,61000
057526,智邦元大98購10  ,0,0,0,0,0,0,0,0,0,61000,0,0,0,71000,10000,61000,61000
055923,矽力凱基98購01  ,0,0,0,0,0,0,0,0,0,61000,0,0,0,127000,66000,61000,61000
056964,聯發科永豐98購03,0,0,0,0,0,0,0,0,0,61000,0,0,0,61000,0,61000,61000
061856,台郡國票9B購02  ,0,0,0,0,0,0,0,0,0,61000,0,0,0,61000,0,61000,61000
061837,華新科凱基05購02,0,0,0,0,0,0,0,0,0,61000,0,0,0,69000,8000,61000,61000
058671,旺宏群益9A購01  ,0,0,0,0,0,0,0,0,0,61000,0,0,0,61000,0,61000,61000
058333,鴻海元富99購04  ,0,0,0,0,0,0,0,0,0,61000,0,0,0,61000,0,61000,61000
061156,玉晶光群益9A購07,0,0,0,0,0,0,0,0,0,61000,0,0,0,61000,0,61000,61000
063201,廣達統一01購01  ,0,0,0,0,0,0,0,0,0,61000,0,0,0,62000,1000,61000,61000
064044,台光電統一01購03,0,0,0,0,0,0,0,0,0,61000,0,0,0,61000,0,61000,61000
064117,中興電元大9C購01,0,0,0,0,0,0,0,0,0,61000,0,0,0,71000,10000,61000,61000
063925,祥碩元富9C購01  ,0,0,0,0,0,0,0,0,0,61000,0,0,0,81000,20000,61000,61000
6541,泰福-KY         ,83000,22000,61000,0,0,0,0,0,0,0,0,0,0,0,0,0,61000
064594,奇力新統一01購05,0,0,0,0,0,0,0,0,0,60000,0,0,0,60000,0,60000,60000
07140P,台灣50日盛99售01,0,0,0,0,0,0,0,0,0,60000,0,0,0,610000,550000,60000,60000
07280P,FBVIX凱基99售01 ,0,0,0,0,0,0,0,0,0,60000,0,0,0,60000,0,60000,60000
4943,康控-KY         ,250000,164000,86000,0,0,0,0,0,0,-26000,0,15000,-15000,18000,29000,-11000,60000
057009,信邦中信99購01  ,0,0,0,0,0,0,0,0,0,60000,0,0,0,200000,140000,60000,60000
056212,台光電國票98購03,0,0,0,0,0,0,0,0,0,60000,0,0,0,60000,0,60000,60000
057552,禾伸堂凱基98購05,0,0,0,0,0,0,0,0,0,60000,0,0,0,72000,12000,60000,60000
056574,亞光元大99購03  ,0,0,0,0,0,0,0,0,0,60000,0,0,0,160000,100000,60000,60000
056586,光罩統一98購02  ,0,0,0,0,0,0,0,0,0,60000,0,0,0,80000,20000,60000,60000
061237,晶技元大9A購01  ,0,0,0,0,0,0,0,0,0,60000,0,0,0,78000,18000,60000,60000
060963,禾伸堂凱基9A購01,0,0,0,0,0,0,0,0,0,60000,0,0,0,85000,25000,60000,60000
054824,同欣電元大97購04,0,0,0,0,0,0,0,0,0,60000,0,0,0,60000,0,60000,60000
053585,友達元大9C購03  ,0,0,0,0,0,0,0,0,0,60000,0,0,0,60000,0,60000,60000
054301,楠梓電凱基98購01,0,0,0,0,0,0,0,0,0,60000,0,0,0,60000,0,60000,60000
054056,華新科國票96購02,0,0,0,0,0,0,0,0,0,60000,0,0,0,60000,0,60000,60000
054309,禾伸堂凱基98購01,0,0,0,0,0,0,0,0,0,60000,0,0,0,80000,20000,60000,60000
055594,華新科元大98購02,0,0,0,0,0,0,0,0,0,60000,0,0,0,60000,0,60000,60000
055519,茂林中信99購01  ,0,0,0,0,0,0,0,0,0,60000,0,0,0,70000,10000,60000,60000
058444,國巨富邦9B購01  ,0,0,0,0,0,0,0,0,0,60000,0,0,0,60000,0,60000,60000
058450,旺宏永豐99購01  ,0,0,0,0,0,0,0,0,0,60000,0,0,0,60000,0,60000,60000
058364,奇力新凱基99購04,0,0,0,0,0,0,0,0,0,60000,0,0,0,60000,0,60000,60000
058875,台表科國票9A購02,0,0,0,0,0,0,0,0,0,60000,0,0,0,60000,0,60000,60000
058977,SGBR2X凱基03購01,0,0,0,0,0,0,0,0,0,60000,0,0,0,60000,0,60000,60000
059007,南電元大99購05  ,0,0,0,0,0,0,0,0,0,60000,0,0,0,65000,5000,60000,60000
059020,元油2X統一9B購02,0,0,0,0,0,0,0,0,0,60000,0,0,0,60000,0,60000,60000
059030,奇力新兆豐99購03,0,0,0,0,0,0,0,0,0,60000,0,0,0,60000,0,60000,60000
059215,台積電元大99購28,0,0,0,0,0,0,0,0,0,60000,0,0,0,60000,0,60000,60000
059246,奇力新凱基9A購02,0,0,0,0,0,0,0,0,0,60000,0,0,0,60000,0,60000,60000
059379,聯電亞東99購02  ,0,0,0,0,0,0,0,0,0,60000,0,0,0,60000,0,60000,60000
061715,牧德凱基9B購03  ,0,0,0,0,0,0,0,0,0,60000,0,0,0,60000,0,60000,60000
061717,力成凱基9B購01  ,0,0,0,0,0,0,0,0,0,60000,0,0,0,110000,50000,60000,60000
061438,牧德凱基9B購02  ,0,0,0,0,0,0,0,0,0,60000,0,0,0,60000,0,60000,60000
061496,華新科國票9A購07,0,0,0,0,0,0,0,0,0,60000,0,0,0,68000,8000,60000,60000
060650,奇力新中信9A購01,0,0,0,0,0,0,0,0,0,60000,0,0,0,60000,0,60000,60000
060110,茂林元大99購06  ,0,0,0,0,0,0,0,0,0,60000,0,0,0,60000,0,60000,60000
059870,全新凱基99購05  ,0,0,0,0,0,0,0,0,0,60000,0,0,0,60000,0,60000,60000
060133,牧德群益9B購01  ,0,0,0,0,0,0,0,0,0,60000,0,0,0,148000,88000,60000,60000
060509,宏達電元大9A購02,0,0,0,0,0,0,0,0,0,60000,0,0,0,100000,40000,60000,60000
06047P,聯發科富邦99售04,0,0,0,0,0,0,0,0,0,60000,0,0,0,60000,0,60000,60000
063668,奇力新統一01購03,0,0,0,0,0,0,0,0,0,60000,0,0,0,60000,0,60000,60000
063361,台表科國泰01購02,0,0,0,0,0,0,0,0,0,60000,0,0,0,60000,0,60000,60000
063313,南亞科群益9B購02,0,0,0,0,0,0,0,0,0,60000,0,0,0,111000,51000,60000,60000
063397,廣達群益9B購02  ,0,0,0,0,0,0,0,0,0,60000,0,0,0,75000,15000,60000,60000
064267,南六永豐9C購03  ,0,0,0,0,0,0,0,0,0,60000,0,0,0,60000,0,60000,60000
064377,宏達電元富9C購01,0,0,0,0,0,0,0,0,0,60000,0,0,0,170000,110000,60000,60000
064410,超眾凱基02購01  ,0,0,0,0,0,0,0,0,0,60000,0,0,0,83000,23000,60000,60000
062999,聯茂國票9C購01  ,0,0,0,0,0,0,0,0,0,60000,0,0,0,60000,0,60000,60000
062849,中興電永豐9B購02,0,0,0,0,0,0,0,0,0,60000,0,0,0,60000,0,60000,60000
062114,GIS國票9C購01   ,0,0,0,0,0,0,0,0,0,60000,0,0,0,160000,100000,60000,60000
062607,美食凱基9B購01  ,0,0,0,0,0,0,0,0,0,60000,0,0,0,111000,51000,60000,60000
006205,富邦上証        ,7000,75000,-68000,0,0,0,0,0,0,127035,30000,320000,-290000,2113035,1696000,417035,59035
3321,同泰            ,76000,17000,59000,0,0,0,0,0,0,0,0,0,0,0,0,0,59000
1474,弘裕            ,292000,233000,59000,0,0,0,0,0,0,0,0,0,0,0,0,0,59000
064693,玉晶光群益01購06,0,0,0,0,0,0,0,0,0,59000,0,0,0,61000,2000,59000,59000
064874,和大兆豐9C購01  ,0,0,0,0,0,0,0,0,0,59000,0,0,0,144000,85000,59000,59000
06824P,台灣50國票99售02,0,0,0,0,0,0,0,0,0,59000,0,0,0,119000,60000,59000,59000
056166,微星台新97購01  ,0,0,0,0,0,0,0,0,0,59000,0,0,0,94000,35000,59000,59000
056977,國巨群益9A購01  ,0,0,0,0,0,0,0,0,0,59000,0,0,0,59000,0,59000,59000
060355,元金2X元富9C購01,0,0,0,0,0,0,0,0,0,59000,0,0,0,69000,10000,59000,59000
059878,聯茂凱基99購07  ,0,0,0,0,0,0,0,0,0,59000,0,0,0,124000,65000,59000,59000
060058,牧德凱基9B購01  ,0,0,0,0,0,0,0,0,0,59000,0,0,0,80000,21000,59000,59000
061966,旺宏統一01購03  ,0,0,0,0,0,0,0,0,0,59000,0,0,0,59000,0,59000,59000
059742,富邦金元富99購01,0,0,0,0,0,0,0,0,0,59000,0,0,0,97000,38000,59000,59000
057883,中環群益98購01  ,0,0,0,0,0,0,0,0,0,59000,0,0,0,59000,0,59000,59000
058342,鴻海群益9A購01  ,0,0,0,0,0,0,0,0,0,59000,0,0,0,60000,1000,59000,59000
058646,聯茂富邦9A購01  ,0,0,0,0,0,0,0,0,0,59000,0,0,0,166000,107000,59000,59000
058647,華新科永豐99購03,0,0,0,0,0,0,0,0,0,59000,0,0,0,59000,0,59000,59000
061741,新光金凱基9B購01,0,0,0,0,0,0,0,0,0,59000,0,0,0,68000,9000,59000,59000
064421,技嘉兆豐01購01  ,0,0,0,0,0,0,0,0,0,59000,0,0,0,144000,85000,59000,59000
063445,金像電統一9B購01,0,0,0,0,0,0,0,0,0,59000,0,0,0,222000,163000,59000,59000
07342P,大立光凱基99售14,0,0,0,0,0,0,0,0,0,58000,0,0,0,58000,0,58000,58000
2478,大毅            ,632000,526000,106000,0,0,0,0,0,0,-48000,0,15000,-15000,11000,44000,-33000,58000
2405,浩鑫            ,61000,3000,58000,0,0,0,0,0,0,0,0,0,0,0,0,0,58000
056291,聯茂永豐97購03  ,0,0,0,0,0,0,0,0,0,58000,0,0,0,58000,0,58000,58000
057490,可成元大98購10  ,0,0,0,0,0,0,0,0,0,58000,0,0,0,108000,50000,58000,58000
00703,台新MSCI中國    ,4000,4000,0,0,0,0,0,0,0,58000,0,0,0,146000,88000,58000,58000
052937,國巨兆豐97購01  ,0,0,0,0,0,0,0,0,0,58000,0,0,0,58000,0,58000,58000
056375,玉晶光統一01購01,0,0,0,0,0,0,0,0,0,58000,0,0,0,146000,88000,58000,58000
055745,臻鼎元富97購01  ,0,0,0,0,0,0,0,0,0,58000,0,0,0,100000,42000,58000,58000
054750,聯茂凱基98購02  ,0,0,0,0,0,0,0,0,0,58000,0,0,0,60000,2000,58000,58000
060154,堤維西永豐9A購01,0,0,0,0,0,0,0,0,0,58000,0,0,0,58000,0,58000,58000
058481,玉晶光凱基9A購04,0,0,0,0,0,0,0,0,0,58000,0,0,0,128000,70000,58000,58000
059424,SGBR2X元大9A購01,0,0,0,0,0,0,0,0,0,58000,0,0,0,185000,127000,58000,58000
058050,台郡元大99購05  ,0,0,0,0,0,0,0,0,0,58000,0,0,0,58000,0,58000,58000
060430,和潤永豐9A購01  ,0,0,0,0,0,0,0,0,0,58000,0,0,0,85000,27000,58000,58000
061327,台郡凱基9A購02  ,0,0,0,0,0,0,0,0,0,58000,0,0,0,58000,0,58000,58000
063841,國巨元大01購01  ,0,0,0,0,0,0,0,0,0,58000,0,0,0,211000,153000,58000,58000
064487,和大元大9C購01  ,0,0,0,0,0,0,0,0,0,58000,0,0,0,127000,69000,58000,58000
064368,日月光統一01購01,0,0,0,0,0,0,0,0,0,58000,0,0,0,126000,68000,58000,58000
061738,聯發科凱基9B購04,0,0,0,0,0,0,0,0,0,58000,0,0,0,58000,0,58000,58000
3543,州巧            ,64000,7000,57000,0,0,0,0,0,0,0,0,0,0,0,0,0,57000
1337,再生-KY         ,61000,4000,57000,0,0,0,0,0,0,0,0,0,0,0,0,0,57000
054811,裕隆元大9A購01  ,0,0,0,0,0,0,0,0,0,57000,0,0,0,57000,0,57000,57000
057556,智易凱基99購01  ,0,0,0,0,0,0,0,0,0,57000,0,0,0,57000,0,57000,57000
060983,南亞科元大9A購06,0,0,0,0,0,0,0,0,0,57000,0,0,0,59000,2000,57000,57000
060988,華新科元大9A購12,0,0,0,0,0,0,0,0,0,57000,0,0,0,67000,10000,57000,57000
061020,超眾國票9A購02  ,0,0,0,0,0,0,0,0,0,57000,0,0,0,70000,13000,57000,57000
061032,金像電永豐9A購03,0,0,0,0,0,0,0,0,0,57000,0,0,0,197000,140000,57000,57000
060423,智易永豐9A購01  ,0,0,0,0,0,0,0,0,0,57000,0,0,0,107000,50000,57000,57000
058504,台積電元大99購07,0,0,0,0,0,0,0,0,0,57000,0,0,0,62000,5000,57000,57000
058630,日月光國票9A購01,0,0,0,0,0,0,0,0,0,57000,0,0,0,57000,0,57000,57000
062186,晶技元大9B購05  ,0,0,0,0,0,0,0,0,0,57000,0,0,0,126000,69000,57000,57000
062226,臻鼎統一9B購01  ,0,0,0,0,0,0,0,0,0,57000,0,0,0,187000,130000,57000,57000
063037,聯發科凱基9C購02,0,0,0,0,0,0,0,0,0,57000,0,0,0,62000,5000,57000,57000
063132,台表科元大9C購02,0,0,0,0,0,0,0,0,0,57000,0,0,0,100000,43000,57000,57000
063231,台泥元大9B購01  ,0,0,0,0,0,0,0,0,0,57000,0,0,0,160000,103000,57000,57000
064376,美律元富9C購01  ,0,0,0,0,0,0,0,0,0,57000,0,0,0,204000,147000,57000,57000
064077,台積電中信06購03,0,0,0,0,0,0,0,0,0,57000,0,0,0,70000,13000,57000,57000
063714,超眾凱基9B購03  ,0,0,0,0,0,0,0,0,0,57000,0,0,0,67000,10000,57000,57000
9911,櫻花            ,84000,44000,40000,0,0,0,0,0,0,17000,18000,1000,17000,0,0,0,57000
1773,勝一            ,105000,50000,55000,0,0,0,0,0,0,1000,1000,0,1000,0,0,0,56000
060967,鈺齊凱基9A購02  ,0,0,0,0,0,0,0,0,0,56000,0,0,0,66000,10000,56000,56000
057465,智易永豐98購02  ,0,0,0,0,0,0,0,0,0,56000,0,0,0,67000,11000,56000,56000
050758,聯發科元富9B購01,0,0,0,0,0,0,0,0,0,56000,0,0,0,56000,0,56000,56000
058514,潤泰全元大99購01,0,0,0,0,0,0,0,0,0,56000,0,0,0,101000,45000,56000,56000
058544,FBVIX富邦9B購01 ,0,0,0,0,0,0,0,0,0,56000,0,0,0,100000,44000,56000,56000
058249,緯穎元大99購04  ,0,0,0,0,0,0,0,0,0,56000,0,0,0,92000,36000,56000,56000
059214,國巨元大99購20  ,0,0,0,0,0,0,0,0,0,56000,0,0,0,82000,26000,56000,56000
058709,臺股指元大9A購22,0,0,0,0,0,0,0,0,0,56000,0,0,0,94000,38000,56000,56000
059006,樺漢元大99購01  ,0,0,0,0,0,0,0,0,0,56000,0,0,0,206000,150000,56000,56000
058955,台積電國票9A購04,0,0,0,0,0,0,0,0,0,56000,0,0,0,93000,37000,56000,56000
060617,華新科元大9A購08,0,0,0,0,0,0,0,0,0,56000,0,0,0,58000,2000,56000,56000
060608,玉晶光凱基9A購08,0,0,0,0,0,0,0,0,0,56000,0,0,0,72000,16000,56000,56000
061867,旺宏元大9B購02  ,0,0,0,0,0,0,0,0,0,56000,0,0,0,63000,7000,56000,56000
063897,神達群益9C購01  ,0,0,0,0,0,0,0,0,0,56000,0,0,0,56000,0,56000,56000
063569,美食元大9B購03  ,0,0,0,0,0,0,0,0,0,56000,0,0,0,141000,85000,56000,56000
063550,可成國票9C購01  ,0,0,0,0,0,0,0,0,0,56000,0,0,0,98000,42000,56000,56000
06434P,超眾群益98售02  ,0,0,0,0,0,0,0,0,0,56000,0,0,0,56000,0,56000,56000
063258,緯穎國泰9C購01  ,0,0,0,0,0,0,0,0,0,56000,0,0,0,137000,81000,56000,56000
063150,聯發科元富05購03,0,0,0,0,0,0,0,0,0,56000,0,0,0,63000,7000,56000,56000
062685,華新科統一9C購03,0,0,0,0,0,0,0,0,0,56000,0,0,0,69000,13000,56000,56000
062648,聯茂富邦9B購01  ,0,0,0,0,0,0,0,0,0,56000,0,0,0,61000,5000,56000,56000
061762,台塑元大9B購01  ,0,0,0,0,0,0,0,0,0,56000,0,0,0,110000,54000,56000,56000
061764,旺宏元大9B購01  ,0,0,0,0,0,0,0,0,0,56000,0,0,0,122000,66000,56000,56000
062646,聯發科國泰01購02,0,0,0,0,0,0,0,0,0,56000,0,0,0,56000,0,56000,56000
8110,華東            ,171000,115000,56000,0,0,0,0,0,0,0,0,0,0,0,0,0,56000
2006,東和鋼鐵        ,445000,227000,218000,0,0,0,0,0,0,-163000,0,163000,-163000,0,0,0,55000
08042P,臺股指群益9B售15,0,0,0,0,0,0,0,0,0,55000,0,0,0,75000,20000,55000,55000
2415,錩新            ,78000,23000,55000,0,0,0,0,0,0,0,0,0,0,0,0,0,55000
06617P,智邦元大98售03  ,0,0,0,0,0,0,0,0,0,55000,0,0,0,155000,100000,55000,55000
064718,友達統一02購01  ,0,0,0,0,0,0,0,0,0,55000,0,0,0,55000,0,55000,55000
054170,泰鼎凱基98購01  ,0,0,0,0,0,0,0,0,0,55000,0,0,0,55000,0,55000,55000
055672,國巨日盛97購02  ,0,0,0,0,0,0,0,0,0,55000,0,0,0,55000,0,55000,55000
061034,晶豪科永豐9A購01,0,0,0,0,0,0,0,0,0,55000,0,0,0,55000,0,55000,55000
061067,貿聯凱基9A購03  ,0,0,0,0,0,0,0,0,0,55000,0,0,0,106000,51000,55000,55000
056755,聯茂兆豐98購01  ,0,0,0,0,0,0,0,0,0,55000,0,0,0,71000,16000,55000,55000
059452,全新永豐99購03  ,0,0,0,0,0,0,0,0,0,55000,0,0,0,88000,33000,55000,55000
059476,道瓊指群益9C購01,0,0,0,0,0,0,0,0,0,55000,0,0,0,55000,0,55000,55000
058218,緯穎群益99購01  ,0,0,0,0,0,0,0,0,0,55000,0,0,0,55000,0,55000,55000
058187,泰碩永豐99購01  ,0,0,0,0,0,0,0,0,0,55000,0,0,0,68000,13000,55000,55000
058194,勤誠永豐99購01  ,0,0,0,0,0,0,0,0,0,55000,0,0,0,55000,0,55000,55000
060812,智邦凱基9A購01  ,0,0,0,0,0,0,0,0,0,55000,0,0,0,61000,6000,55000,55000
062361,智邦元大9B購06  ,0,0,0,0,0,0,0,0,0,55000,0,0,0,55000,0,55000,55000
062034,同欣電群益9B購01,0,4000,-4000,0,0,0,0,0,0,59000,0,0,0,100000,41000,59000,55000
063310,和大群益9B購02  ,0,0,0,0,0,0,0,0,0,55000,0,0,0,100000,45000,55000,55000
064121,國巨元大9C購16  ,0,0,0,0,0,0,0,0,0,55000,0,0,0,90000,35000,55000,55000
063360,茂林國泰9C購02  ,0,0,0,0,0,0,0,0,0,55000,0,0,0,81000,26000,55000,55000
063933,TPK統一01購01   ,0,0,0,0,0,0,0,0,0,55000,0,0,0,55000,0,55000,55000
5469,瀚宇博          ,369037,233000,136037,0,0,0,0,0,0,-82000,0,0,0,26000,108000,-82000,54037
064638,儒鴻凱基9C購03  ,0,0,0,0,0,0,0,0,0,54000,0,0,0,100000,46000,54000,54000
056599,臻鼎元富98購01  ,0,0,0,0,0,0,0,0,0,54000,0,0,0,54000,0,54000,54000
05579P,友達凱基98售03  ,0,0,0,0,0,0,0,0,0,54000,0,0,0,60000,6000,54000,54000
054088,華新群益98購02  ,0,0,0,0,0,0,0,0,0,54000,0,0,0,360000,306000,54000,54000
060806,華新科群益9A購03,0,0,0,0,0,0,0,0,0,54000,0,0,0,156000,102000,54000,54000
061645,超眾元大9A購06  ,0,0,0,0,0,0,0,0,0,54000,0,0,0,108000,54000,54000,54000
059623,聯電凱基99購02  ,0,0,0,0,0,0,0,0,0,54000,0,0,0,75000,21000,54000,54000
063755,上銀統一9C購03  ,0,0,0,0,0,0,0,0,0,54000,0,0,0,54000,0,54000,54000
063352,上銀元富9B購02  ,0,0,0,0,0,0,0,0,0,54000,0,0,0,67000,13000,54000,54000
062376,中租元大9B購02  ,0,0,0,0,0,0,0,0,0,54000,0,0,0,94000,40000,54000,54000
062369,創意元大9B購01  ,0,0,0,0,0,0,0,0,0,54000,0,0,0,54000,0,54000,54000
064683,台表科兆豐9C購02,0,0,0,0,0,0,0,0,0,53000,0,0,0,85000,32000,53000,53000
4532,瑞智            ,66000,13000,53000,0,0,0,0,0,0,0,0,0,0,0,0,0,53000
1305,華夏            ,213000,160000,53000,0,0,0,0,0,0,0,0,0,0,0,0,0,53000
054196,台光電國泰97購02,0,0,0,0,0,0,0,0,0,53000,0,0,0,53000,0,53000,53000
054589,聯鈞國泰99購01  ,0,0,0,0,0,0,0,0,0,53000,0,0,0,53000,0,53000,53000
055839,瑞昱元大97購04  ,0,0,0,0,0,0,0,0,0,53000,0,0,0,54000,1000,53000,53000
049842,道瓊反中信98購01,0,0,0,0,0,0,0,0,0,53000,0,0,0,64000,11000,53000,53000
056676,國產元富98購01  ,0,0,0,0,0,0,0,0,0,53000,0,0,0,128000,75000,53000,53000
056823,智伸科永豐98購01,0,0,0,0,0,0,0,0,0,53000,0,0,0,124000,71000,53000,53000
057614,華新科元富99購04,0,0,0,0,0,0,0,0,0,53000,0,0,0,53000,0,53000,53000
057604,鴻海統一9C購01  ,0,0,0,0,0,0,0,0,0,53000,0,0,0,53000,0,53000,53000
061506,瑞祺國票9A購02  ,0,0,0,0,0,0,0,0,0,53000,0,0,0,53000,0,53000,53000
060043,全新群益9B購02  ,0,0,0,0,0,0,0,0,0,53000,0,0,0,57000,4000,53000,53000
061204,國巨元大9A購16  ,0,0,0,0,0,0,0,0,0,53000,0,0,0,92000,39000,53000,53000
059434,全新元大99購05  ,0,0,0,0,0,0,0,0,0,53000,0,0,0,53000,0,53000,53000
059665,嘉聯益元大99購06,0,0,0,0,0,0,0,0,0,53000,0,0,0,103000,50000,53000,53000
062163,大毅國泰01購01  ,0,0,0,0,0,0,0,0,0,53000,0,0,0,247000,194000,53000,53000
063492,台積電富邦02購02,0,0,0,0,0,0,0,0,0,53000,0,0,0,75000,22000,53000,53000
063899,同欣電群益9C購01,0,0,0,0,0,0,0,0,0,53000,0,0,0,90000,37000,53000,53000
063826,中興電國票01購01,0,0,0,0,0,0,0,0,0,53000,0,0,0,81000,28000,53000,53000
8033,雷虎            ,90000,37000,53000,0,0,0,0,0,0,0,0,0,0,0,0,0,53000
08431P,景碩凱基9C售02  ,0,0,0,0,0,0,0,0,0,52000,0,0,0,72000,20000,52000,52000
3149,正達            ,61000,9000,52000,0,0,0,0,0,0,0,0,0,0,0,0,0,52000
057601,中磊群益98購01  ,0,0,0,0,0,0,0,0,0,52000,0,0,0,176000,124000,52000,52000
057567,嘉聯益富邦9A購01,0,0,0,0,0,0,0,0,0,52000,0,0,0,186000,134000,52000,52000
056746,超眾凱基99購01  ,0,0,0,0,0,0,0,0,0,52000,0,0,0,62000,10000,52000,52000
056724,臻鼎中信9A購01  ,0,0,0,0,0,0,0,0,0,52000,0,0,0,318000,266000,52000,52000
056637,台光電日盛9A購01,0,0,0,0,0,0,0,0,0,52000,0,0,0,52000,0,52000,52000
056160,智易凱基97購03  ,0,0,0,0,0,0,0,0,0,52000,0,0,0,52000,0,52000,52000
055228,聯發科國票98購03,0,0,0,0,0,0,0,0,0,52000,0,0,0,52000,0,52000,52000
055030,帆宣國泰99購02  ,0,0,0,0,0,0,0,0,0,52000,0,0,0,57000,5000,52000,52000
054057,晶豪科國票97購01,0,0,0,0,0,0,0,0,0,52000,0,0,0,52000,0,52000,52000
053970,聯發科元大97購08,0,0,0,0,0,0,0,0,0,52000,0,0,0,52000,0,52000,52000
058699,楠梓電元大99購02,0,0,0,0,0,0,0,0,0,52000,0,0,0,72000,20000,52000,52000
059320,華新科元大99購15,0,0,0,0,0,0,0,0,0,52000,0,0,0,52000,0,52000,52000
058479,亞光凱基9A購01  ,0,0,0,0,0,0,0,0,0,52000,0,0,0,102000,50000,52000,52000
060611,同欣電凱基9A購02,0,0,0,0,0,0,0,0,0,52000,0,0,0,57000,5000,52000,52000
060570,南亞科永豐9A購01,0,0,0,0,0,0,0,0,0,52000,0,0,0,52000,0,52000,52000
060573,力成永豐9A購01  ,0,0,0,0,0,0,0,0,0,52000,0,0,0,75000,23000,52000,52000
060675,南亞科元大9A購02,0,0,0,0,0,0,0,0,0,52000,0,0,0,52000,0,52000,52000
061344,禾伸堂元大9A購02,0,0,0,0,0,0,0,0,0,52000,0,0,0,103000,51000,52000,52000
063913,貿聯凱基02購01  ,0,0,0,0,0,0,0,0,0,52000,0,0,0,95000,43000,52000,52000
063864,健策富邦01購01  ,0,0,0,0,0,0,0,0,0,52000,0,0,0,52000,0,52000,52000
064188,玉晶光永豐9C購02,0,0,0,0,0,0,0,0,0,52000,0,0,0,52000,0,52000,52000
064493,南亞科元大9C購01,0,0,0,0,0,0,0,0,0,52000,0,0,0,202000,150000,52000,52000
062222,華新科統一9B購04,0,0,0,0,0,0,0,0,0,52000,0,0,0,68000,16000,52000,52000
062332,大立光統一9B購11,0,0,0,0,0,0,0,0,0,52000,0,0,0,60000,8000,52000,52000
062869,帆宣中信9B購01  ,0,0,0,0,0,0,0,0,0,52000,0,0,0,52000,0,52000,52000
062984,致新元富9B購01  ,0,0,0,0,0,0,0,0,0,52000,0,0,0,137000,85000,52000,52000
2442,新美齊          ,127000,46000,81000,0,0,0,0,0,0,-30000,0,30000,-30000,0,0,0,51000
2208,台船            ,166000,115000,51000,0,0,0,0,0,0,0,0,0,0,0,0,0,51000
08435P,台積電群益9C售11,0,0,0,0,0,0,0,0,0,51000,0,0,0,51000,0,51000,51000
1454,台富            ,83000,32000,51000,0,0,0,0,0,0,0,0,0,0,0,0,0,51000
06604P,聯發科元富02售02,0,0,0,0,0,0,0,0,0,51000,0,0,0,370000,319000,51000,51000
07467P,上銀元大9A售03  ,0,0,0,0,0,0,0,0,0,51000,0,0,0,51000,0,51000,51000
055154,聯發科元大98購01,0,0,0,0,0,0,0,0,0,51000,0,0,0,51000,0,51000,51000
00641R,富邦日本反1     ,14000,44000,-30000,0,0,0,0,0,0,81000,0,0,0,224000,143000,81000,51000
057617,國巨凱基99購06  ,0,0,0,0,0,0,0,0,0,51000,0,0,0,51000,0,51000,51000
057650,力成元大98購04  ,0,0,0,0,0,0,0,0,0,51000,0,0,0,64000,13000,51000,51000
057746,同欣電永豐98購02,0,0,0,0,0,0,0,0,0,51000,0,0,0,51000,0,51000,51000
060550,可成凱基9A購02  ,0,0,0,0,0,0,0,0,0,51000,0,0,0,51000,0,51000,51000
061694,玉山金群益9A購01,0,0,0,0,0,0,0,0,0,51000,0,0,0,51000,0,51000,51000
058622,國巨國票99購07  ,0,0,0,0,0,0,0,0,0,51000,0,0,0,57000,6000,51000,51000
059450,和大永豐99購01  ,0,0,0,0,0,0,0,0,0,51000,0,0,0,61000,10000,51000,51000
059431,旺宏元大99購14  ,0,0,0,0,0,0,0,0,0,51000,0,0,0,89000,38000,51000,51000
062992,聯發科群益9B購09,0,0,0,0,0,0,0,0,0,51000,0,0,0,75000,24000,51000,51000
062472,大立光凱基9B購04,0,0,0,0,0,0,0,0,0,51000,0,0,0,51000,0,51000,51000
062459,聯詠群益9B購01  ,0,0,0,0,0,0,0,0,0,51000,0,0,0,63000,12000,51000,51000
064006,晶技凱基9C購02  ,0,0,0,0,0,0,0,0,0,51000,0,0,0,219000,168000,51000,51000
063836,台塑元大9C購01  ,0,0,0,0,0,0,0,0,0,51000,0,0,0,145000,94000,51000,51000
07577P,華新科元大9A售09,0,0,0,0,0,0,0,0,0,50000,0,0,0,90000,40000,50000,50000
07608P,台灣50國票9C售03,0,0,0,0,0,0,0,0,0,50000,0,0,0,50000,0,50000,50000
07783P,聯發科富邦9C售03,0,0,0,0,0,0,0,0,0,50000,0,0,0,150000,100000,50000,50000
07133P,臺股指元大9A售27,0,0,0,0,0,0,0,0,0,50000,0,0,0,90000,40000,50000,50000
06994P,台光電凱基99售02,0,0,0,0,0,0,0,0,0,50000,0,0,0,50000,0,50000,50000
06646P,國巨元大98售16  ,0,0,0,0,0,0,0,0,0,50000,0,0,0,50000,0,50000,50000
064666,華新科元大02購01,0,0,0,0,0,0,0,0,0,50000,0,0,0,50000,0,50000,50000
08149P,祥碩群益9B售07  ,0,0,0,0,0,0,0,0,0,50000,0,0,0,50000,0,50000,50000
057777,可成群益9A購03  ,0,0,0,0,0,0,0,0,0,50000,0,0,0,50000,0,50000,50000
057768,華新科中信9A購01,0,0,0,0,0,0,0,0,0,50000,0,0,0,60000,10000,50000,50000
057699,可成群益9A購02  ,0,0,0,0,0,0,0,0,0,50000,0,0,0,70000,20000,50000,50000
056510,正文永豐98購02  ,0,0,0,0,0,0,0,0,0,50000,0,0,0,50000,0,50000,50000
057397,茂林中信9A購01  ,0,0,0,0,0,0,0,0,0,50000,0,0,0,50000,0,50000,50000
057420,美食凱基98購01  ,0,0,0,0,0,0,0,0,0,50000,0,0,0,50000,0,50000,50000
060981,旺宏元大9A購08  ,0,0,0,0,0,0,0,0,0,50000,0,0,0,101000,51000,50000,50000
061015,旺宏麥證9A購03  ,0,0,0,50000,0,50000,0,0,0,50000,0,0,0,50000,0,50000,50000
061267,玉山金凱基9B購01,0,0,0,0,0,0,0,0,0,50000,0,0,0,50000,0,50000,50000
061271,聯茂凱基9A購04  ,0,0,0,0,0,0,0,0,0,50000,0,0,0,60000,10000,50000,50000
061274,臺股指凱基9A購24,0,0,0,0,0,0,0,0,0,50000,0,0,0,50000,0,50000,50000
056598,京元電元富98購01,0,0,0,0,0,0,0,0,0,50000,0,0,0,50000,0,50000,50000
056196,聯茂富邦98購02  ,0,0,0,0,0,0,0,0,0,50000,0,0,0,50000,0,50000,50000
056021,興富發群益97購01,0,0,0,0,0,0,0,0,0,50000,0,0,0,50000,0,50000,50000
056023,晶豪科群益97購01,0,0,0,0,0,0,0,0,0,50000,0,0,0,50000,0,50000,50000
056317,華通群益99購02  ,0,0,0,0,0,0,0,0,0,50000,0,0,0,69000,19000,50000,50000
056438,旺宏凱基98購05  ,0,0,0,0,0,0,0,0,0,50000,0,0,0,50000,0,50000,50000
056677,智伸科元富98購01,0,0,0,0,0,0,0,0,0,50000,0,0,0,100000,50000,50000,50000
057132,華新科凱基98購05,0,0,0,0,0,0,0,0,0,50000,0,0,0,50000,0,50000,50000
00681R,元大美債20反1   ,103000,0,103000,0,0,0,0,0,0,-53000,0,0,0,0,53000,-53000,50000
03020X,元展20          ,0,0,0,0,0,0,0,0,0,50000,0,0,0,50000,0,50000,50000
052942,聯發科中信97購04,0,0,0,0,0,0,0,0,0,50000,0,0,0,50000,0,50000,50000
052468,超眾統一96購02  ,0,0,0,0,0,0,0,0,0,50000,0,0,0,50000,0,50000,50000
052119,漢唐國票96購01  ,0,0,0,0,0,0,0,0,0,50000,0,0,0,50000,0,50000,50000
055036,中工富邦9B購01  ,0,0,0,0,0,0,0,0,0,50000,0,0,0,90000,40000,50000,50000
053957,瑞昱永豐96購01  ,0,0,0,0,0,0,0,0,0,50000,0,0,0,50000,0,50000,50000
054889,京鼎統一99購01  ,0,0,0,0,0,0,0,0,0,50000,0,0,0,50000,0,50000,50000
046191,新光金凱基98購01,0,0,0,0,0,0,0,0,0,50000,0,0,0,50000,0,50000,50000
054040,中石化元大9C購01,0,0,0,0,0,0,0,0,0,50000,0,0,0,50000,0,50000,50000
054258,牧德元大97購01  ,0,0,0,0,0,0,0,0,0,50000,0,0,0,50000,0,50000,50000
054378,楠梓電群益98購01,0,0,0,0,0,0,0,0,0,50000,0,0,0,82000,32000,50000,50000
054530,台光電國泰97購03,0,0,0,0,0,0,0,0,0,50000,0,0,0,50000,0,50000,50000
054558,劍麟群益99購01  ,0,0,0,0,0,0,0,0,0,50000,0,0,0,50000,0,50000,50000
054788,華新科群益98購02,0,0,0,0,0,0,0,0,0,50000,0,0,0,50000,0,50000,50000
055365,華通元大97購03  ,0,0,0,0,0,0,0,0,0,50000,0,0,0,100000,50000,50000,50000
055736,宏達電元富99購01,0,0,0,0,0,0,0,0,0,50000,0,0,0,50000,0,50000,50000
055619,同欣電國票98購02,0,0,0,0,0,0,0,0,0,50000,0,0,0,100000,50000,50000,50000
057164,國巨元大98購14  ,0,0,0,0,0,0,0,0,0,50000,0,0,0,89000,39000,50000,50000
057165,國巨元大99購05  ,0,0,0,0,0,0,0,0,0,50000,0,0,0,74000,24000,50000,50000
058847,國巨群益99購05  ,0,0,0,0,0,0,0,0,0,50000,0,0,0,141000,91000,50000,50000
058586,鴻海中信01購02  ,0,0,0,0,0,0,0,0,0,50000,0,0,0,80000,30000,50000,50000
057878,台郡元大99購04  ,0,0,0,0,0,0,0,0,0,50000,0,0,0,50000,0,50000,50000
058177,華新科凱基99購02,0,0,0,0,0,0,0,0,0,50000,0,0,0,52000,2000,50000,50000
061430,致新元大9A購01  ,0,0,0,0,0,0,0,0,0,50000,0,0,0,50000,0,50000,50000
058284,滬深反群益01購01,0,0,0,0,0,0,0,0,0,50000,0,0,0,50000,0,50000,50000
061842,牧德凱基9C購01  ,0,0,0,0,0,0,0,0,0,50000,0,0,0,50000,0,50000,50000
061675,華新科元大9A購23,0,0,0,0,0,0,0,0,0,50000,0,0,0,50000,0,50000,50000
060535,群創麥證9A購01  ,0,0,0,50000,0,50000,0,0,0,50000,0,0,0,50000,0,50000,50000
060604,宏達電凱基9B購01,0,0,0,0,0,0,0,0,0,50000,0,0,0,150000,100000,50000,50000
060664,聯詠凱基9A購01  ,0,0,0,0,0,0,0,0,0,50000,0,0,0,50000,0,50000,50000
061342,華新科元大9A購17,0,0,0,0,0,0,0,0,0,50000,0,0,0,50000,0,50000,50000
058042,鴻海元大98購12  ,0,0,0,0,0,0,0,0,0,50000,0,0,0,50000,0,50000,50000
058043,鴻海元大98購13  ,0,0,0,0,0,0,0,0,0,50000,0,0,0,50000,0,50000,50000
058019,美律凱基99購04  ,0,0,0,0,0,0,0,0,0,50000,0,0,0,52000,2000,50000,50000
059996,美律元富99購01  ,0,0,0,0,0,0,0,0,0,50000,0,0,0,50000,0,50000,50000
059925,可成國泰9B購01  ,0,0,0,0,0,0,0,0,0,50000,0,0,0,50000,0,50000,50000
060462,鴻海元大9A購10  ,0,0,0,0,0,0,0,0,0,50000,0,0,0,52000,2000,50000,50000
060498,華通元大9A購03  ,0,0,0,0,0,0,0,0,0,50000,0,0,0,50000,0,50000,50000
060341,國巨統一9C購02  ,0,0,0,0,0,0,0,0,0,50000,0,0,0,51000,1000,50000,50000
063834,滬深2X元大01購03,0,0,0,0,0,0,0,0,0,50000,0,0,0,50000,0,50000,50000
063533,緯穎凱基9B購06  ,0,0,0,0,0,0,0,0,0,50000,0,0,0,50000,0,50000,50000
063579,GIS元大9C購01   ,0,0,0,0,0,0,0,0,0,50000,0,0,0,50000,0,50000,50000
063452,創意統一01購01  ,0,0,0,0,0,0,0,0,0,50000,0,0,0,50000,0,50000,50000
064034,台表科元大9C購07,0,0,0,0,0,0,0,0,0,50000,0,0,0,131000,81000,50000,50000
064025,友達元大02購01  ,0,0,0,0,0,0,0,0,0,50000,0,0,0,100000,50000,50000,50000
064222,玉山金國票01購01,0,0,0,0,0,0,0,0,0,50000,0,0,0,50000,0,50000,50000
064092,世紀鋼凱基9C購03,0,0,0,0,0,0,0,0,0,50000,0,0,0,60000,10000,50000,50000
064489,宏碁元大9C購01  ,0,0,0,0,0,0,0,0,0,50000,0,0,0,55000,5000,50000,50000
062615,亞德客元大9B購02,0,0,0,0,0,0,0,0,0,50000,0,0,0,75000,25000,50000,50000
062235,億光凱基9B購01  ,0,0,0,0,0,0,0,0,0,50000,0,0,0,50000,0,50000,50000
062098,億光永豐9B購01  ,0,0,0,0,0,0,0,0,0,50000,0,0,0,50000,0,50000,50000
061793,上銀永豐9B購01  ,0,0,0,0,0,0,0,0,0,50000,0,0,0,50000,0,50000,50000
063276,和大元大9B購01  ,0,0,0,0,0,0,0,0,0,50000,0,0,0,86000,36000,50000,50000
062951,鴻海永豐9B購02  ,0,0,0,0,0,0,0,0,0,50000,0,0,0,50000,0,50000,50000
062724,可成凱基9B購04  ,0,0,0,0,0,0,0,0,0,50000,0,0,0,50000,0,50000,50000
062779,台積電元大9B購03,0,0,0,0,0,0,0,0,0,50000,0,0,0,50000,0,50000,50000
062766,台郡凱基9B購02  ,0,0,0,0,0,0,0,0,0,50000,0,0,0,55000,5000,50000,50000
062736,漢唐國票9B購01  ,0,0,0,0,0,0,0,0,0,50000,0,0,0,50000,0,50000,50000
6668,中揚光          ,86000,36000,50000,0,0,0,0,0,0,0,0,0,0,0,0,0,50000
08057P,京鼎群益9B售01  ,0,0,0,0,0,0,0,0,0,49000,0,0,0,50000,1000,49000,49000
1528,恩德            ,68000,19000,49000,0,0,0,0,0,0,0,0,0,0,0,0,0,49000
3018,同開            ,54000,5000,49000,0,0,0,0,0,0,0,0,0,0,0,0,0,49000
064794,牧德國票01購01  ,0,0,0,0,0,0,0,0,0,49000,0,0,0,49000,0,49000,49000
064820,裕隆統一9C購01  ,0,0,0,0,0,0,0,0,0,49000,0,0,0,462000,413000,49000,49000
07889P,旭富國票9B售01  ,0,0,0,0,0,0,0,0,0,49000,0,0,0,214000,165000,49000,49000
07899P,和大凱基9B售01  ,0,0,0,0,0,0,0,0,0,49000,0,0,0,50000,1000,49000,49000
07630P,臺股指凱基9A售11,0,0,0,0,0,0,0,0,0,49000,0,0,0,73000,24000,49000,49000
055446,奇力新統一9A購01,0,0,0,0,0,0,0,0,0,49000,0,0,0,50000,1000,49000,49000
055989,矽力元富9A購01  ,0,0,0,0,0,0,0,0,0,49000,0,0,0,60000,11000,49000,49000
060912,華新科元大9A購10,0,0,0,0,0,0,0,0,0,49000,0,0,0,53000,4000,49000,49000
060924,大毅永豐9A購03  ,0,0,0,0,0,0,0,0,0,49000,0,0,0,106000,57000,49000,49000
057690,美律凱基99購03  ,0,0,0,0,0,0,0,0,0,49000,0,0,0,49000,0,49000,49000
060097,華新科元大99購23,0,0,0,0,0,0,0,0,0,49000,0,0,0,56000,7000,49000,49000
061676,新光金元大9A購03,0,0,0,0,0,0,0,0,0,49000,0,0,0,49000,0,49000,49000
061682,南電元大9B購01  ,0,0,0,0,0,0,0,0,0,49000,0,0,0,120000,71000,49000,49000
058107,全新台新99購01  ,0,0,0,0,0,0,0,0,0,49000,0,0,0,49000,0,49000,49000
061302,晶技永豐9A購04  ,0,0,0,0,0,0,0,0,0,49000,0,0,0,49000,0,49000,49000
060796,世芯永豐9A購03  ,0,0,0,0,0,0,0,0,0,49000,0,0,0,76000,27000,49000,49000
060267,上緯控國票9C購01,0,0,0,0,0,0,0,0,0,49000,0,0,0,49000,0,49000,49000
063301,鴻海凱基9B購08  ,0,0,0,0,0,0,0,0,0,49000,0,0,0,50000,1000,49000,49000
063111,TPK兆豐9B購01   ,0,0,0,0,0,0,0,0,0,49000,0,0,0,54000,5000,49000,49000
061742,奇鋐凱基9B購01  ,0,0,0,0,0,0,0,0,0,49000,0,0,0,124000,75000,49000,49000
064214,群創凱基03購01  ,0,0,0,0,0,0,0,0,0,49000,0,0,0,50000,1000,49000,49000
063957,臻鼎元大9C購01  ,0,0,0,0,0,0,0,0,0,49000,0,0,0,50000,1000,49000,49000
063378,茂林永豐9B購02  ,0,0,0,0,0,0,0,0,0,49000,0,0,0,49000,0,49000,49000
063760,聯詠統一9C購02  ,0,0,0,0,0,0,0,0,0,49000,0,0,0,108000,59000,49000,49000
9934,成霖            ,64000,15000,49000,0,0,0,0,0,0,0,0,0,0,0,0,0,49000
06690P,玉晶光群益9A售05,0,0,0,0,0,0,0,0,0,48000,0,0,0,48000,0,48000,48000
2524,京城            ,58000,10000,48000,0,0,0,0,0,0,0,0,0,0,0,0,0,48000
1614,三洋電          ,89000,41000,48000,0,0,0,0,0,0,0,0,0,0,0,0,0,48000
057367,技嘉元大98購02  ,0,0,0,0,0,0,0,0,0,48000,0,0,0,52000,4000,48000,48000
055700,緯穎國泰98購02  ,0,0,0,0,0,0,0,0,0,48000,0,0,0,55000,7000,48000,48000
054628,可成凱基98購01  ,0,0,0,0,0,0,0,0,0,48000,0,0,0,48000,0,48000,48000
060286,佳世達元大9C購01,0,0,0,0,0,0,0,0,0,48000,0,0,0,48000,0,48000,48000
059296,大立光元富99購06,0,0,0,0,0,0,0,0,0,48000,0,0,0,48000,0,48000,48000
059938,凱美永豐99購01  ,0,0,0,0,0,0,0,0,0,48000,0,0,0,70000,22000,48000,48000
060712,建準永豐9A購01  ,0,0,0,0,0,0,0,0,0,48000,0,0,0,58000,10000,48000,48000
060556,緯穎凱基9A購04  ,0,0,0,0,0,0,0,0,0,48000,0,0,0,155000,107000,48000,48000
063692,華擎永豐9B購02  ,0,0,0,0,0,0,0,0,0,48000,0,0,0,69000,21000,48000,48000
063645,瑞儀元大9B購02  ,0,0,0,0,0,0,0,0,0,48000,0,0,0,52000,4000,48000,48000
063566,台光電元大9B購08,0,0,0,0,0,0,0,0,0,48000,0,0,0,126000,78000,48000,48000
064399,和大凱基02購01  ,0,0,0,0,0,0,0,0,0,48000,0,0,0,53000,5000,48000,48000
063191,台表科凱基9B購03,0,0,0,0,0,0,0,0,0,48000,0,0,0,48000,0,48000,48000
9917,中保科          ,185000,373610,-188610,0,0,0,281000,2000,279000,-43000,0,43000,-43000,0,0,0,47390
1589,永冠-KY         ,49000,2000,47000,0,0,0,0,0,0,0,0,0,0,0,0,0,47000
1506,正道            ,64000,17000,47000,0,0,0,0,0,0,0,0,0,0,0,0,0,47000
2010,春源            ,93000,46000,47000,0,0,0,0,0,0,0,0,0,0,0,0,0,47000
1730,花仙子          ,58000,11000,47000,0,0,0,0,0,0,0,0,0,0,0,0,0,47000
054652,裕隆麥證97購01  ,0,0,0,47000,0,47000,0,0,0,47000,0,0,0,47000,0,47000,47000
042752,台灣50元大96購03,0,0,0,0,0,0,0,0,0,47000,0,0,0,108000,61000,47000,47000
052076,可成元富98購01  ,0,0,0,0,0,0,0,0,0,47000,0,0,0,48000,1000,47000,47000
057368,微星元大98購02  ,0,0,0,0,0,0,0,0,0,47000,0,0,0,97000,50000,47000,47000
060961,台光電凱基9A購03,0,0,0,0,0,0,0,0,0,47000,0,0,0,103000,56000,47000,47000
061937,聯發科國票9B購02,0,0,0,0,0,0,0,0,0,47000,0,0,0,63000,16000,47000,47000
060190,國泰金元富9A購01,0,0,0,0,0,0,0,0,0,47000,0,0,0,58000,11000,47000,47000
062636,聯鈞國票9B購01  ,0,0,0,0,0,0,0,0,0,47000,0,0,0,47000,0,47000,47000
064292,南茂元大01購01  ,0,0,0,0,0,0,0,0,0,47000,0,0,0,306000,259000,47000,47000
2939,凱羿-KY         ,75000,22000,53000,0,0,0,0,0,0,-7000,0,7000,-7000,0,0,0,46000
07545P,玉晶光凱基9A售07,0,0,0,0,0,0,0,0,0,46000,0,0,0,51000,5000,46000,46000
07442P,華航康和9A售02  ,0,0,0,0,0,0,0,0,0,46000,0,0,0,56000,10000,46000,46000
056419,欣興元富98購02  ,0,0,0,0,0,0,0,0,0,46000,0,0,0,57000,11000,46000,46000
051560,玉晶光國泰97購03,0,0,0,0,0,0,0,0,0,46000,0,0,0,47000,1000,46000,46000
046942,友達元大99購01  ,0,0,0,0,0,0,0,0,0,46000,0,0,0,147000,101000,46000,46000
054768,泰碩國票99購02  ,0,0,0,0,0,0,0,0,0,46000,0,0,0,112000,66000,46000,46000
055525,國巨群益98購05  ,0,0,0,0,0,0,0,0,0,46000,0,0,0,99000,53000,46000,46000
058368,奇鋐凱基9A購01  ,0,0,0,0,0,0,0,0,0,46000,0,0,0,76000,30000,46000,46000
059866,國巨凱基99購18  ,0,0,0,0,0,0,0,0,0,46000,0,0,0,47000,1000,46000,46000
061979,友達元大9C購08  ,0,0,0,0,0,0,0,0,0,46000,0,0,0,76000,30000,46000,46000
058096,南電元大98購04  ,0,0,0,0,0,0,0,0,0,46000,0,0,0,63000,17000,46000,46000
059912,國巨元大99購28  ,0,0,0,0,0,0,0,0,0,46000,0,0,0,46000,0,46000,46000
064403,正崴凱基01購01  ,0,0,0,0,0,0,0,0,0,46000,0,0,0,106000,60000,46000,46000
063735,華新科元大9B購15,0,0,0,0,0,0,0,0,0,46000,0,0,0,52000,6000,46000,46000
063084,可成凱基9C購01  ,0,0,0,0,0,0,0,0,0,46000,0,0,0,87000,41000,46000,46000
062877,可成兆豐9C購01  ,0,0,0,0,0,0,0,0,0,46000,0,0,0,77000,31000,46000,46000
062834,立積群益9B購02  ,0,0,0,0,0,0,0,0,0,46000,0,0,0,118000,72000,46000,46000
6443,元晶            ,54000,8000,46000,0,0,0,0,0,0,0,0,0,0,0,0,0,46000
07208P,台積電凱基99售14,0,0,0,0,0,0,0,0,0,45000,0,0,0,45000,0,45000,45000
064790,金像電國票01購01,0,0,0,0,0,0,0,0,0,45000,0,0,0,47000,2000,45000,45000
064796,緯穎國票01購01  ,0,0,0,0,0,0,0,0,0,45000,0,0,0,58000,13000,45000,45000
1432,大魯閣          ,45000,0,45000,0,0,0,0,0,0,0,0,0,0,0,0,0,45000
056394,晶豪科永豐98購01,0,0,0,0,0,0,0,0,0,45000,0,0,0,45000,0,45000,45000
055851,智原元大98購01  ,0,0,0,0,0,0,0,0,0,45000,0,0,0,45000,0,45000,45000
055848,大立光元大97購11,0,0,0,0,0,0,0,0,0,45000,0,0,0,45000,0,45000,45000
054477,聯發科中信9C購02,0,0,0,0,0,0,0,0,0,45000,0,0,0,45000,0,45000,45000
05361P,聯發科富邦97售01,0,0,0,0,0,0,0,0,0,45000,0,0,0,45000,0,45000,45000
052806,玉晶光元大98購04,0,0,0,0,0,0,0,0,0,45000,0,0,0,45000,0,45000,45000
056944,鴻海統一98購11  ,0,0,0,0,0,0,0,0,0,45000,0,0,0,45000,0,45000,45000
056774,和鑫元大98購01  ,0,0,0,0,0,0,0,0,0,45000,0,0,0,45000,0,45000,45000
056895,技嘉元大98購01  ,0,0,0,0,0,0,0,0,0,45000,0,0,0,52000,7000,45000,45000
056910,超眾元大99購02  ,0,0,0,0,0,0,0,0,0,45000,0,0,0,83000,38000,45000,45000
057430,富邦金兆豐98購01,0,0,0,0,0,0,0,0,0,45000,0,0,0,45000,0,45000,45000
057568,友訊永豐99購01  ,0,0,0,0,0,0,0,0,0,45000,0,0,0,132000,87000,45000,45000
060478,南電元大9A購01  ,0,0,0,0,0,0,0,0,0,45000,0,0,0,57000,12000,45000,45000
060628,和大富邦9B購01  ,0,0,0,0,0,0,0,0,0,45000,0,0,0,45000,0,45000,45000
058139,臻鼎元大99購01  ,0,0,0,0,0,0,0,0,0,45000,0,0,0,100000,55000,45000,45000
061612,南六統一9A購01  ,0,0,0,0,0,0,0,0,0,45000,0,0,0,52000,7000,45000,45000
058365,奇力新凱基9A購01,0,0,0,0,0,0,0,0,0,45000,0,0,0,45000,0,45000,45000
061387,鴻海群益9A購05  ,0,0,0,0,0,0,0,0,0,45000,0,0,0,53000,8000,45000,45000
061202,和大元大9A購02  ,0,0,0,0,0,0,0,0,0,45000,0,0,0,65000,20000,45000,45000
062914,嘉澤元大9B購02  ,0,0,0,0,0,0,0,0,0,45000,0,0,0,157000,112000,45000,45000
062487,中興電永豐9B購01,0,0,0,0,0,0,0,0,0,45000,0,0,0,45000,0,45000,45000
062436,國巨元大9B購14  ,0,0,0,0,0,0,0,0,0,45000,0,0,0,70000,25000,45000,45000
062072,國巨元大9B購05  ,0,0,0,0,0,0,0,0,0,45000,0,0,0,71000,26000,45000,45000
063578,瑞祺元大9B購03  ,0,0,0,0,0,0,0,0,0,45000,0,0,0,143000,98000,45000,45000
1810,和成            ,44000,0,44000,0,0,0,0,0,0,0,0,0,0,0,0,0,44000
3094,聯傑            ,64000,20000,44000,0,0,0,0,0,0,0,0,0,0,0,0,0,44000
4148,全宇生技-KY     ,123000,79000,44000,0,0,0,0,0,0,0,0,0,0,0,0,0,44000
5534,長虹            ,206000,351000,-145000,0,0,0,355000,109000,246000,-57000,1000,46000,-45000,0,12000,-12000,44000
055974,上銀統一97購05  ,0,0,0,0,0,0,0,0,0,44000,0,0,0,44000,0,44000,44000
054432,台積電台新96購05,0,0,0,0,0,0,0,0,0,44000,0,0,0,44000,0,44000,44000
054278,晶技群益97購02  ,0,0,0,0,0,0,0,0,0,44000,0,0,0,44000,0,44000,44000
059281,創意永豐99購02  ,0,0,0,0,0,0,0,0,0,44000,0,0,0,97000,53000,44000,44000
058289,奇鋐國票9A購01  ,0,0,0,0,0,0,0,0,0,44000,0,0,0,44000,0,44000,44000
058200,世芯康和99購01  ,0,0,0,0,0,0,0,0,0,44000,0,0,0,323000,279000,44000,44000
058213,欣興群益99購01  ,0,0,0,0,0,0,0,0,0,44000,0,0,0,76000,32000,44000,44000
059848,智邦永豐99購01  ,0,0,0,0,0,0,0,0,0,44000,0,0,0,44000,0,44000,44000
060109,茂林元大99購05  ,0,0,0,0,0,0,0,0,0,44000,0,0,0,76000,32000,44000,44000
060059,鴻海兆豐99購06  ,0,0,0,0,0,0,0,0,0,44000,0,0,0,44000,0,44000,44000
063409,GIS國票9C購02   ,0,0,0,0,0,0,0,0,0,44000,0,0,0,55000,11000,44000,44000
064263,貿聯永豐9C購01  ,0,0,0,0,0,0,0,0,0,44000,0,0,0,44000,0,44000,44000
063987,台灣50永豐9C購01,0,0,0,0,0,0,0,0,0,44000,0,0,0,44000,0,44000,44000
062630,全新國票9B購02  ,0,0,0,0,0,0,0,0,0,44000,0,0,0,51000,7000,44000,44000
062671,國泰金中信03購01,0,0,0,0,0,0,0,0,0,44000,0,0,0,46000,2000,44000,44000
062700,台光電元大9B購05,0,0,0,0,0,0,0,0,0,44000,0,0,0,76000,32000,44000,44000
9930,中聯資源        ,48000,4000,44000,0,0,0,0,0,0,0,0,0,0,0,0,0,44000
2482,連宇            ,70000,27000,43000,0,0,0,0,0,0,0,0,0,0,0,0,0,43000
1463,強盛            ,64000,21000,43000,0,0,0,0,0,0,0,0,0,0,0,0,0,43000
06731P,聯茂元大98售05  ,0,0,0,0,0,0,0,0,0,43000,0,0,0,93000,50000,43000,43000
07055P,景碩群益9A售02  ,0,0,0,0,0,0,0,0,0,43000,0,0,0,235000,192000,43000,43000
057466,泰鼎永豐98購01  ,0,0,0,0,0,0,0,0,0,43000,0,0,0,46000,3000,43000,43000
057803,上銀元大98購08  ,0,0,0,0,0,0,0,0,0,43000,0,0,0,43000,0,43000,43000
059911,國巨元大99購27  ,0,0,0,0,0,0,0,0,0,43000,0,0,0,150000,107000,43000,43000
059535,玉山金凱基99購01,0,0,0,0,0,0,0,0,0,43000,0,0,0,53000,10000,43000,43000
059694,創意永豐99購03  ,0,0,0,0,0,0,0,0,0,43000,0,0,0,43000,0,43000,43000
059511,宏達電永豐99購02,0,0,0,0,0,0,0,0,0,43000,0,0,0,53000,10000,43000,43000
060247,牧德元大9A購02  ,0,0,0,0,0,0,0,0,0,43000,0,0,0,43000,0,43000,43000
058455,玉晶光永豐99購03,0,0,0,0,0,0,0,0,0,43000,0,0,0,51000,8000,43000,43000
063081,技嘉凱基9B購02  ,0,0,0,0,0,0,0,0,0,43000,0,0,0,45000,2000,43000,43000
063269,儒鴻兆豐9C購01  ,0,0,0,0,0,0,0,0,0,43000,0,0,0,82000,39000,43000,43000
064243,TPK統一02購02   ,0,0,0,0,0,0,0,0,0,43000,0,0,0,53000,10000,43000,43000
063362,台表科國泰01購03,0,0,0,0,0,0,0,0,0,43000,0,0,0,43000,0,43000,43000
063660,儒鴻統一9C購01  ,0,0,0,0,0,0,0,0,0,43000,0,0,0,50000,7000,43000,43000
06954P,大立光元富99售01,0,0,0,0,0,0,0,0,0,42000,0,0,0,42000,0,42000,42000
07771P,義隆國票9A售01  ,0,0,0,0,0,0,0,0,0,42000,0,0,0,72000,30000,42000,42000
07840P,康控元大9A售02  ,0,0,0,0,0,0,0,0,0,42000,0,0,0,142000,100000,42000,42000
06696P,台灣50國票99售01,0,0,0,0,0,0,0,0,0,42000,0,0,0,170000,128000,42000,42000
08117P,聯發科元富9B售04,0,0,0,0,0,0,0,0,0,42000,0,0,0,69000,27000,42000,42000
057557,聯茂凱基99購04  ,0,0,0,0,0,0,0,0,0,42000,0,0,0,46000,4000,42000,42000
057128,台光電凱基98購03,0,0,0,0,0,0,0,0,0,42000,0,0,0,43000,1000,42000,42000
054516,國巨元大97購02  ,0,0,0,0,0,0,0,0,0,42000,0,0,0,42000,0,42000,42000
058523,聯茂元大99購08  ,0,0,0,0,0,0,0,0,0,42000,0,0,0,52000,10000,42000,42000
059054,國巨凱基99購11  ,0,0,0,0,0,0,0,0,0,42000,0,0,0,62000,20000,42000,42000
057856,聯鈞國票99購03  ,0,0,0,0,0,0,0,0,0,42000,0,0,0,42000,0,42000,42000
058078,景碩國票99購01  ,0,0,0,0,0,0,0,0,0,42000,0,0,0,45000,3000,42000,42000
061569,旺宏元大9A購14  ,0,0,0,0,0,0,0,0,0,42000,0,0,0,43000,1000,42000,42000
060040,康控國票99購04  ,0,0,0,0,0,0,0,0,0,42000,0,0,0,44000,2000,42000,42000
060463,台積電元大9A購10,0,0,0,0,0,0,0,0,0,42000,0,0,0,52000,10000,42000,42000
063650,矽創元大9B購03  ,0,0,0,0,0,0,0,0,0,42000,0,0,0,328000,286000,42000,42000
063165,泰碩永豐9B購02  ,0,0,0,0,0,0,0,0,0,42000,0,0,0,42000,0,42000,42000
9955,佳龍            ,45000,3000,42000,0,0,0,0,0,0,0,0,0,0,0,0,0,42000
6277,宏正            ,70000,14000,56000,0,0,0,0,0,0,-14000,0,14000,-14000,0,0,0,42000
6288,聯嘉            ,144000,102000,42000,0,0,0,0,0,0,0,2000,2000,0,0,0,0,42000
2642,宅配通          ,107000,66000,41000,0,0,0,0,0,0,0,0,0,0,0,0,0,41000
2375,凱美            ,189000,163000,26000,0,0,0,0,0,0,15000,0,21000,-21000,40000,4000,36000,41000
5225,東科-KY         ,54000,13000,41000,0,0,0,0,0,0,0,0,0,0,0,0,0,41000
064644,台光電凱基9C購01,0,0,0,0,0,0,0,0,0,41000,0,0,0,146000,105000,41000,41000
064622,晶技元大01購01  ,0,0,0,0,0,0,0,0,0,41000,0,0,0,65000,24000,41000,41000
054060,晶技國票97購02  ,0,0,0,0,0,0,0,0,0,41000,0,0,0,42000,1000,41000,41000
05545P,台表科國泰98售01,0,0,0,0,0,0,0,0,0,41000,0,0,0,121000,80000,41000,41000
055926,國巨群益98購06  ,0,0,0,0,0,0,0,0,0,41000,0,0,0,42000,1000,41000,41000
057779,禾伸堂群益98購02,0,0,0,0,0,0,0,0,0,41000,0,0,0,41000,0,41000,41000
057757,鴻海凱基98購13  ,0,0,0,0,0,0,0,0,0,41000,0,0,0,51000,10000,41000,41000
060925,華新科永豐9A購01,0,0,0,0,0,0,0,0,0,41000,0,0,0,41000,0,41000,41000
058025,聯茂國泰99購01  ,0,0,0,0,0,0,0,0,0,41000,0,0,0,41000,0,41000,41000
057997,旺宏第一9C購01  ,0,0,0,0,0,0,0,0,0,41000,0,0,0,41000,0,41000,41000
060736,旺宏統一01購01  ,0,0,0,0,0,0,0,0,0,41000,0,0,0,81000,40000,41000,41000
061573,義隆元大9A購02  ,0,0,0,0,0,0,0,0,0,41000,0,0,0,132000,91000,41000,41000
057865,富邦金凱基98購01,0,0,0,0,0,0,0,0,0,41000,0,0,0,241000,200000,41000,41000
061847,力山國票9B購01  ,0,0,0,0,0,0,0,0,0,41000,0,0,0,42000,1000,41000,41000
059041,南茂群益99購02  ,0,0,0,0,0,0,0,0,0,41000,0,0,0,135000,94000,41000,41000
059375,道瓊反群益9C購02,0,0,0,0,0,0,0,0,0,41000,0,0,0,80000,39000,41000,41000
060264,華新科國票9A購02,0,0,0,0,0,0,0,0,0,41000,0,0,0,42000,1000,41000,41000
063166,超眾永豐9B購01  ,0,0,0,0,0,0,0,0,0,41000,0,0,0,41000,0,41000,41000
063024,祥碩元大9B購05  ,0,0,0,0,0,0,0,0,0,41000,0,0,0,41000,0,41000,41000
061799,奇鋐永豐9B購01  ,0,0,0,0,0,0,0,0,0,41000,0,0,0,41000,0,41000,41000
063405,聯發科國票9C購03,0,0,0,0,0,0,0,0,0,41000,0,0,0,44000,3000,41000,41000
063990,世芯永豐01購01  ,0,0,0,0,0,0,0,0,0,41000,0,0,0,134000,93000,41000,41000
064435,聯發科凱基02購03,0,0,0,0,0,0,0,0,0,41000,0,0,0,53000,12000,41000,41000
064656,聚陽元大9C購03  ,0,0,0,0,0,0,0,0,0,40000,0,0,0,175000,135000,40000,40000
064587,泰碩永豐9C購01  ,0,0,0,0,0,0,0,0,0,40000,0,0,0,40000,0,40000,40000
07873P,華新科群益9B售03,0,0,0,0,0,0,0,0,0,40000,0,0,0,60000,20000,40000,40000
07452P,國巨元大9A售05  ,0,0,0,0,0,0,0,0,0,40000,0,0,0,50000,10000,40000,40000
07562P,台灣50第一9A售01,0,0,0,0,0,0,0,0,0,40000,0,0,0,40000,0,40000,40000
06876P,台灣50兆豐9B售01,0,0,0,0,0,0,0,0,0,40000,0,0,0,51000,11000,40000,40000
07203P,T50正2凱基9C售02,0,0,0,0,0,0,0,0,0,40000,0,0,0,40000,0,40000,40000
07098P,台積電元大99售18,0,0,0,0,0,0,0,0,0,40000,0,0,0,340000,300000,40000,40000
07375P,台積電元大99售48,0,0,0,0,0,0,0,0,0,40000,0,0,0,40000,0,40000,40000
061292,玉晶光統一01購06,0,0,0,0,0,0,0,0,0,40000,0,0,0,52000,12000,40000,40000
057593,聯發科兆豐98購03,0,0,0,0,0,0,0,0,0,40000,0,0,0,40000,0,40000,40000
057406,茂林群益98購03  ,0,0,0,0,0,0,0,0,0,40000,0,0,0,40000,0,40000,40000
056004,南電永豐97購02  ,0,0,0,0,0,0,0,0,0,40000,0,0,0,40000,0,40000,40000
056156,禾伸堂凱基98購04,0,0,0,0,0,0,0,0,0,40000,0,0,0,40000,0,40000,40000
056504,國巨永豐98購02  ,0,0,0,0,0,0,0,0,0,40000,0,0,0,42000,2000,40000,40000
056665,上証2X國票99購02,0,0,0,0,0,0,0,0,0,40000,0,0,0,40000,0,40000,40000
056696,茂林群益98購02  ,0,0,0,0,0,0,0,0,0,40000,0,0,0,40000,0,40000,40000
056737,國巨凱基9A購01  ,0,0,0,0,0,0,0,0,0,40000,0,0,0,75000,35000,40000,40000
055767,臺股指群益97購05,0,0,0,0,0,0,0,0,0,40000,0,0,0,40000,0,40000,40000
057181,亞光元大98購02  ,0,0,0,0,0,0,0,0,0,40000,0,0,0,140000,100000,40000,40000
055635,緯穎永豐97購01  ,0,0,0,0,0,0,0,0,0,40000,0,0,0,40000,0,40000,40000
054111,緯穎凱基97購01  ,0,0,0,0,0,0,0,0,0,40000,0,0,0,56000,16000,40000,40000
054420,緯穎元大96購08  ,0,0,0,0,0,0,0,0,0,40000,0,0,0,60000,20000,40000,40000
054664,台表科元大97購04,0,0,0,0,0,0,0,0,0,40000,0,0,0,40000,0,40000,40000
05306P,泰碩國泰97售01  ,0,0,0,0,0,0,0,0,0,40000,0,0,0,40000,0,40000,40000
052699,友達國票97購01  ,0,0,0,0,0,0,0,0,0,40000,0,0,0,40000,0,40000,40000
052152,創意富邦98購01  ,0,0,0,0,0,0,0,0,0,40000,0,0,0,40000,0,40000,40000
052331,漢唐亞東97購01  ,0,0,0,0,0,0,0,0,0,40000,0,0,0,40000,0,40000,40000
059683,康控富邦9C購01  ,0,0,0,0,0,0,0,0,0,40000,0,0,0,40000,0,40000,40000
058906,晶相光元大99購01,0,0,0,0,0,0,0,0,0,40000,0,0,0,40000,0,40000,40000
057944,新日興國票99購02,0,0,0,0,0,0,0,0,0,40000,0,0,0,40000,0,40000,40000
061833,華新科凱基02購01,0,0,0,0,0,0,0,0,0,40000,0,0,0,100000,60000,40000,40000
057853,旺宏國票99購05  ,0,0,0,0,0,0,0,0,0,40000,0,0,0,40000,0,40000,40000
059647,超眾凱基99購04  ,0,0,0,0,0,0,0,0,0,40000,0,0,0,40000,0,40000,40000
059530,華新科凱基9A購05,0,0,0,0,0,0,0,0,0,40000,0,0,0,171000,131000,40000,40000
058055,華擎統一9A購01  ,0,0,0,0,0,0,0,0,0,40000,0,0,0,60000,20000,40000,40000
058773,和碩兆豐99購01  ,0,0,0,0,0,0,0,0,0,40000,0,0,0,50000,10000,40000,40000
060577,玉晶光中信9A購02,0,0,0,0,0,0,0,0,0,40000,0,0,0,41000,1000,40000,40000
060452,儒鴻元大9A購01  ,0,0,0,0,0,0,0,0,0,40000,0,0,0,49000,9000,40000,40000
060419,漢翔永豐9A購01  ,0,0,0,0,0,0,0,0,0,40000,0,0,0,61000,21000,40000,40000
059876,智易凱基99購02  ,0,0,0,0,0,0,0,0,0,40000,0,0,0,50000,10000,40000,40000
064415,群創麥證9C購01  ,0,0,0,40000,0,40000,0,0,0,40000,0,0,0,40000,0,40000,40000
06395P,台積電元大97售29,0,0,0,0,0,0,0,0,0,40000,0,0,0,40000,0,40000,40000
062236,信邦凱基9B購01  ,0,0,0,0,0,0,0,0,0,40000,0,0,0,40000,0,40000,40000
062276,瑞昱群益9B購01  ,0,0,0,0,0,0,0,0,0,40000,0,0,0,94000,54000,40000,40000
062560,奇鋐凱基9B購02  ,0,0,0,0,0,0,0,0,0,40000,0,0,0,64000,24000,40000,40000
062563,緯穎凱基9B購03  ,0,0,0,0,0,0,0,0,0,40000,0,0,0,50000,10000,40000,40000
062548,智易永豐9B購01  ,0,0,0,0,0,0,0,0,0,40000,0,0,0,40000,0,40000,40000
063020,奇力新元大9B購04,0,0,0,0,0,0,0,0,0,40000,0,0,0,93000,53000,40000,40000
063035,燿華凱基9B購02  ,0,0,0,0,0,0,0,0,0,40000,0,0,0,60000,20000,40000,40000
063283,華新科元大9C購03,0,0,0,0,0,0,0,0,0,40000,0,0,0,50000,10000,40000,40000
062964,FBVIX元富9B購01 ,0,0,0,0,0,0,0,0,0,40000,0,0,0,40000,0,40000,40000
062867,東元中信9B購01  ,0,0,0,0,0,0,0,0,0,40000,0,0,0,50000,10000,40000,40000
3164,景岳            ,49000,10000,39000,0,0,0,0,0,0,0,0,0,0,0,0,0,39000
08233P,國泰金元富9B售01,0,0,0,0,0,0,0,0,0,39000,0,0,0,52000,13000,39000,39000
1219,福壽            ,46000,10000,36000,0,0,0,0,0,0,3000,3000,0,3000,0,0,0,39000
055119,力成凱基98購01  ,0,0,0,0,0,0,0,0,0,39000,0,0,0,59000,20000,39000,39000
055112,晶豪科凱基98購01,0,0,0,0,0,0,0,0,0,39000,0,0,0,39000,0,39000,39000
03662C,FBVIX凱基03牛01 ,0,0,0,0,0,0,0,0,0,39000,0,0,0,56000,17000,39000,39000
055577,晶技統一97購02  ,0,0,0,0,0,0,0,0,0,39000,0,0,0,39000,0,39000,39000
056646,奇鋐凱基99購02  ,0,0,0,0,0,0,0,0,0,39000,0,0,0,39000,0,39000,39000
056433,鴻海凱基98購09  ,0,0,0,0,0,0,0,0,0,39000,0,0,0,100000,61000,39000,39000
057399,滬深反群益9C購01,0,0,0,0,0,0,0,0,0,39000,0,0,0,50000,11000,39000,39000
059941,聯發科永豐99購04,0,0,0,0,0,0,0,0,0,39000,0,0,0,39000,0,39000,39000
059539,緯穎凱基99購03  ,0,0,0,0,0,0,0,0,0,39000,0,0,0,39000,0,39000,39000
058143,瑞儀元大99購02  ,0,0,0,0,0,0,0,0,0,39000,0,0,0,43000,4000,39000,39000
06192P,高股息中信98售01,0,0,0,0,0,0,0,0,0,39000,0,0,0,142000,103000,39000,39000
062741,立積國票9B購02  ,0,0,0,0,0,0,0,0,0,39000,0,0,0,39000,0,39000,39000
063041,貿聯凱基9B購01  ,0,0,0,0,0,0,0,0,0,39000,0,0,0,42000,3000,39000,39000
063079,儒鴻凱基9B購01  ,0,0,0,0,0,0,0,0,0,39000,0,0,0,53000,14000,39000,39000
064064,義隆富邦03購01  ,0,0,0,0,0,0,0,0,0,39000,0,0,0,78000,39000,39000,39000
064057,緯穎統一02購01  ,0,0,0,0,0,0,0,0,0,39000,0,0,0,155000,116000,39000,39000
064416,南亞科中信01購01,0,0,0,0,0,0,0,0,0,39000,0,0,0,39000,0,39000,39000
064436,聯發科凱基03購02,0,0,0,0,0,0,0,0,0,39000,0,0,0,39000,0,39000,39000
064454,華新科統一01購03,0,0,0,0,0,0,0,0,0,39000,0,0,0,39000,0,39000,39000
064496,聯發科元大9C購10,0,0,0,0,0,0,0,0,0,39000,0,0,0,284000,245000,39000,39000
064265,嘉聯益永豐9C購02,0,0,0,0,0,0,0,0,0,39000,0,0,0,98000,59000,39000,39000
1414,東和            ,124000,86000,38000,0,0,0,0,0,0,0,0,0,0,0,0,0,38000
1338,廣華-KY         ,44000,6000,38000,0,0,0,0,0,0,0,0,0,0,0,0,0,38000
1517,利奇            ,71000,33000,38000,0,0,0,0,0,0,0,0,0,0,0,0,0,38000
3535,晶彩科          ,117000,79000,38000,0,0,0,0,0,0,0,0,0,0,0,0,0,38000
2539,櫻花建          ,45000,7000,38000,0,0,0,0,0,0,0,0,0,0,0,0,0,38000
061063,國巨凱基9A購14  ,0,0,0,0,0,0,0,0,0,38000,0,0,0,46000,8000,38000,38000
057289,力成元大98購03  ,0,0,0,0,0,0,0,0,0,38000,0,0,0,68000,30000,38000,38000
057279,國揚元大98購01  ,0,0,0,0,0,0,0,0,0,38000,0,0,0,38000,0,38000,38000
057371,可成元大98購08  ,0,0,0,0,0,0,0,0,0,38000,0,0,0,56000,18000,38000,38000
057000,亞德客國票99購01,0,0,0,0,0,0,0,0,0,38000,0,0,0,38000,0,38000,38000
055333,晶豪科兆豐97購01,0,0,0,0,0,0,0,0,0,38000,0,0,0,38000,0,38000,38000
055323,貿聯國票98購01  ,0,0,0,0,0,0,0,0,0,38000,0,0,0,38000,0,38000,38000
00770,國泰北美科技    ,0,5000,-5000,0,0,0,0,0,0,43000,0,0,0,66000,23000,43000,38000
061927,玉晶光凱基9C購01,0,0,0,0,0,0,0,0,0,38000,0,0,0,43000,5000,38000,38000
061935,台積電國票9B購07,0,0,0,0,0,0,0,0,0,38000,0,0,0,38000,0,38000,38000
057859,神達康和98購01  ,0,0,0,0,0,0,0,0,0,38000,0,0,0,54000,16000,38000,38000
060636,大毅永豐9A購02  ,0,0,0,0,0,0,0,0,0,38000,0,0,0,38000,0,38000,38000
059689,南亞科永豐99購02,0,0,0,0,0,0,0,0,0,38000,0,0,0,38000,0,38000,38000
058385,創意中信99購01  ,0,0,0,0,0,0,0,0,0,38000,0,0,0,98000,60000,38000,38000
059363,超眾永豐99購02  ,0,0,0,0,0,0,0,0,0,38000,0,0,0,38000,0,38000,38000
060164,合勤控永豐9A購01,0,0,0,0,0,0,0,0,0,38000,0,0,0,38000,0,38000,38000
064272,鴻海元大9C購09  ,0,0,0,0,0,0,0,0,0,38000,0,0,0,93000,55000,38000,38000
064293,勤誠元大9C購01  ,0,0,0,0,0,0,0,0,0,38000,0,0,0,40000,2000,38000,38000
063407,泰鼎國票9C購01  ,0,0,0,0,0,0,0,0,0,38000,0,0,0,38000,0,38000,38000
063592,瑞祺永豐9B購02  ,0,0,0,0,0,0,0,0,0,38000,0,0,0,130000,92000,38000,38000
062990,台積電群益9B購06,0,0,0,0,0,0,0,0,0,38000,0,0,0,102000,64000,38000,38000
2527,宏璟            ,42000,5000,37000,0,0,0,0,0,0,0,0,0,0,0,0,0,37000
07579P,聯茂元大9A售01  ,0,0,0,0,0,0,0,0,0,37000,0,0,0,130000,93000,37000,37000
064564,義隆群益9C購02  ,0,0,0,0,0,0,0,0,0,37000,0,0,0,372000,335000,37000,37000
056904,大立光元大99購05,0,0,0,0,0,0,0,0,0,37000,0,0,0,52000,15000,37000,37000
057672,茂林元大98購02  ,0,0,0,0,0,0,0,0,0,37000,0,0,0,37000,0,37000,37000
057843,晶技永豐98購02  ,0,0,0,0,0,0,0,0,0,37000,0,0,0,77000,40000,37000,37000
058661,臺股指中信9C購01,0,0,0,0,0,0,0,0,0,37000,0,0,0,40000,3000,37000,37000
060621,玉晶光元大9A購05,0,0,0,0,0,0,0,0,0,37000,0,0,0,69000,32000,37000,37000
061305,帆宣永豐9A購01  ,0,0,0,0,0,0,0,0,0,37000,0,0,0,42000,5000,37000,37000
058036,南電永豐98購01  ,0,0,0,0,0,0,0,0,0,37000,0,0,0,49000,12000,37000,37000
060126,創意永豐99購04  ,0,0,0,0,0,0,0,0,0,37000,0,0,0,64000,27000,37000,37000
061442,玉晶光永豐9A購07,0,0,0,0,0,0,0,0,0,37000,0,0,0,161000,124000,37000,37000
058115,台光電中信99購01,0,0,0,0,0,0,0,0,0,37000,0,0,0,37000,0,37000,37000
061584,勤誠元大9A購01  ,0,0,0,0,0,0,0,0,0,37000,0,0,0,52000,15000,37000,37000
061668,信邦中信9B購01  ,0,0,0,0,0,0,0,0,0,37000,0,0,0,162000,125000,37000,37000
062550,啟碁永豐9B購01  ,0,0,0,0,0,0,0,0,0,37000,0,0,0,37000,0,37000,37000
063768,華新科國泰9C購03,0,0,0,0,0,0,0,0,0,37000,0,0,0,211000,174000,37000,37000
063818,矽創群益9C購01  ,0,0,0,0,0,0,0,0,0,37000,0,0,0,326000,289000,37000,37000
064486,聚陽元大9C購01  ,0,0,0,0,0,0,0,0,0,37000,0,0,0,150000,113000,37000,37000
2395,研華            ,456516,470494,-13978,0,0,0,52000,1000,51000,-1000,0,1000,-1000,0,0,0,36022
06653P,美食元大98售02  ,0,0,0,0,0,0,0,0,0,36000,0,0,0,153000,117000,36000,36000
057408,台郡群益98購01  ,0,0,0,0,0,0,0,0,0,36000,0,0,0,36000,0,36000,36000
057418,台光電凱基98購04,0,0,0,0,0,0,0,0,0,36000,0,0,0,36000,0,36000,36000
061042,致新永豐9A購02  ,0,0,0,0,0,0,0,0,0,36000,0,0,0,39000,3000,36000,36000
061268,玉晶光凱基9B購04,0,0,0,0,0,0,0,0,0,36000,0,0,0,96000,60000,36000,36000
053186,健策中信9C購01  ,0,0,0,0,0,0,0,0,0,36000,0,0,0,57000,21000,36000,36000
061607,台表科凱基9B購02,0,0,0,0,0,0,0,0,0,36000,0,0,0,57000,21000,36000,36000
061533,友達統一9C購02  ,0,0,0,0,0,0,0,0,0,36000,0,0,0,36000,0,36000,36000
061531,奇鋐台新9A購01  ,0,0,0,0,0,0,0,0,0,36000,0,0,0,41000,5000,36000,36000
058909,神達元大99購03  ,0,0,0,0,0,0,0,0,0,36000,0,0,0,36000,0,36000,36000
058507,美律元大9A購01  ,0,0,0,0,0,0,0,0,0,36000,0,0,0,36000,0,36000,36000
058322,玉晶光永豐99購02,0,0,0,0,0,0,0,0,0,36000,0,0,0,39000,3000,36000,36000
062534,力成統一01購01  ,0,0,0,0,0,0,0,0,0,36000,0,0,0,36000,0,36000,36000
062033,瀚宇博群益9B購01,0,0,0,0,0,0,0,0,0,36000,0,0,0,43000,7000,36000,36000
062998,泰碩國票01購01  ,0,0,0,0,0,0,0,0,0,36000,0,0,0,36000,0,36000,36000
063057,祥碩統一03購01  ,10000,0,10000,0,0,0,0,0,0,26000,0,0,0,221000,195000,26000,36000
062799,聯發科統一9C購09,0,0,0,0,0,0,0,0,0,36000,0,0,0,36000,0,36000,36000
06652P,長榮航元大98售01,0,0,0,0,0,0,0,0,0,35000,0,0,0,35000,0,35000,35000
06701P,臺股指統一99售06,0,0,0,0,0,0,0,0,0,35000,0,0,0,45000,10000,35000,35000
06517P,國巨凱基98售09  ,0,0,0,0,0,0,0,0,0,35000,0,0,0,40000,5000,35000,35000
064783,貿聯群益9C購03  ,0,0,0,0,0,0,0,0,0,35000,0,0,0,35000,0,35000,35000
064716,國巨統一9C購14  ,0,0,0,0,0,0,0,0,0,35000,0,0,0,50000,15000,35000,35000
064740,台光電國票01購01,0,0,0,0,0,0,0,0,0,35000,0,0,0,75000,40000,35000,35000
064846,旺宏元富03購01  ,0,0,0,0,0,0,0,0,0,35000,0,0,0,35000,0,35000,35000
07646P,世芯元大9A售04  ,0,0,0,0,0,0,0,0,0,35000,0,0,0,242000,207000,35000,35000
07105P,大毅元富99售02  ,0,0,0,0,0,0,0,0,0,35000,0,0,0,35000,0,35000,35000
07088P,訊芯永豐99售02  ,0,0,0,0,0,0,0,0,0,35000,0,0,0,35000,0,35000,35000
5608,四維航          ,508000,473000,35000,0,0,0,0,0,0,0,0,0,0,0,0,0,35000
6184,大豐電          ,37000,2000,35000,0,0,0,0,0,0,0,0,0,0,0,0,0,35000
1712,興農            ,56000,20000,36000,0,0,0,0,0,0,-1000,49000,50000,-1000,0,0,0,35000
08312P,旺宏國票01售01  ,0,0,0,0,0,0,0,0,0,35000,0,0,0,35000,0,35000,35000
052080,康友元富98購02  ,0,0,0,0,0,0,0,0,0,35000,0,0,0,75000,40000,35000,35000
051756,台積電元大97購04,0,0,0,0,0,0,0,0,0,35000,0,0,0,35000,0,35000,35000
052948,景碩國票97購02  ,0,0,0,0,0,0,0,0,0,35000,0,0,0,35000,0,35000,35000
050915,健策中信98購01  ,0,0,0,0,0,0,0,0,0,35000,0,0,0,65000,30000,35000,35000
053904,漢唐凱基97購01  ,0,0,0,0,0,0,0,0,0,35000,0,0,0,45000,10000,35000,35000
061245,晶技群益9A購01  ,0,0,0,0,0,0,0,0,0,35000,0,0,0,35000,0,35000,35000
060942,智邦國票9A購02  ,0,0,0,0,0,0,0,0,0,35000,0,0,0,44000,9000,35000,35000
057789,上銀統一9A購01  ,0,0,0,0,0,0,0,0,0,35000,0,0,0,35000,0,35000,35000
057802,卜蜂元大98購01  ,0,0,0,0,0,0,0,0,0,35000,0,0,0,55000,20000,35000,35000
056178,嘉澤元富97購02  ,0,0,0,0,0,0,0,0,0,35000,0,0,0,100000,65000,35000,35000
060828,高股息國票9A購01,0,0,0,0,0,0,0,0,0,35000,0,0,0,35000,0,35000,35000
059821,美律凱基99購08  ,0,0,0,0,0,0,0,0,0,35000,0,0,0,35000,0,35000,35000
061577,泰碩元大9A購03  ,0,0,0,0,0,0,0,0,0,35000,0,0,0,83000,48000,35000,35000
061878,茂林元大9B購01  ,0,0,0,0,0,0,0,0,0,35000,0,0,0,35000,0,35000,35000
060098,華新科元大99購24,0,0,0,0,0,0,0,0,0,35000,0,0,0,73000,38000,35000,35000
061352,茂林元大9A購04  ,0,0,0,0,0,0,0,0,0,35000,0,0,0,73000,38000,35000,35000
060572,景碩永豐9A購01  ,0,0,0,0,0,0,0,0,0,35000,0,0,0,35000,0,35000,35000
060666,聯茂凱基9A購02  ,0,0,0,0,0,0,0,0,0,35000,0,0,0,96000,61000,35000,35000
062986,T50反1中信02購01,0,0,0,0,0,0,0,0,0,35000,0,0,0,35000,0,35000,35000
062181,義隆元大9B購03  ,0,0,0,0,0,0,0,0,0,35000,0,0,0,57000,22000,35000,35000
062145,億光國票9B購01  ,0,0,0,0,0,0,0,0,0,35000,0,0,0,35000,0,35000,35000
062524,鴻海統一9C購09  ,0,0,0,0,0,0,0,0,0,35000,0,0,0,35000,0,35000,35000
062520,晶豪科元大9B購02,0,0,0,0,0,0,0,0,0,35000,0,0,0,35000,0,35000,35000
062603,台化凱基9B購01  ,0,0,0,0,0,0,0,0,0,35000,0,0,0,37000,2000,35000,35000
062414,臻鼎中信01購01  ,0,0,0,0,0,0,0,0,0,35000,0,0,0,35000,0,35000,35000
064412,緯穎凱基01購01  ,0,0,0,0,0,0,0,0,0,35000,0,0,0,42000,7000,35000,35000
063766,南茂元富9B購01  ,0,0,0,0,0,0,0,0,0,35000,0,0,0,208000,173000,35000,35000
063750,和鑫國票9B購01  ,0,0,0,0,0,0,0,0,0,35000,0,0,0,73000,38000,35000,35000
063632,金像電元大9B購04,0,0,0,0,0,0,0,0,0,35000,0,0,0,35000,0,35000,35000
063535,聯發科統一9B購13,0,0,0,0,0,0,0,0,0,35000,0,0,0,188000,153000,35000,35000
08221P,台表科凱基9B售05,0,0,0,0,0,0,0,0,0,34000,0,0,0,34000,0,34000,34000
2007,燁興            ,44000,10000,34000,0,0,0,0,0,0,0,0,0,0,0,0,0,34000
2457,飛宏            ,234000,200000,34000,0,0,0,0,0,0,0,0,0,0,0,0,0,34000
2612,中航            ,35000,1000,34000,0,0,0,0,0,0,0,0,0,0,0,0,0,34000
3011,今皓            ,42000,8000,34000,0,0,0,0,0,0,0,0,0,0,0,0,0,34000
06903P,技嘉凱基98售04  ,0,0,0,0,0,0,0,0,0,34000,0,0,0,34000,0,34000,34000
055949,亞德客元大97購04,0,0,0,0,0,0,0,0,0,34000,0,0,0,34000,0,34000,34000
056622,高鐵永豐98購01  ,0,0,0,0,0,0,0,0,0,34000,0,0,0,34000,0,34000,34000
056941,台郡元富9B購01  ,0,0,0,0,0,0,0,0,0,34000,0,0,0,131000,97000,34000,34000
056844,欣興元富98購03  ,0,0,0,0,0,0,0,0,0,34000,0,0,0,74000,40000,34000,34000
057074,立積永豐98購01  ,0,0,0,0,0,0,0,0,0,34000,0,0,0,59000,25000,34000,34000
00717,富邦美國特別股  ,0,0,0,0,0,0,0,0,0,34000,0,0,0,534000,500000,34000,34000
057241,超眾凱基99購02  ,0,0,0,0,0,0,0,0,0,34000,0,0,0,34000,0,34000,34000
060432,達方永豐9A購01  ,0,0,0,0,0,0,0,0,0,34000,0,0,0,213000,179000,34000,34000
061976,國巨元大9B購01  ,0,0,0,0,0,0,0,0,0,34000,0,0,0,34000,0,34000,34000
061597,南六永豐9A購04  ,0,0,0,0,0,0,0,0,0,34000,0,0,0,55000,21000,34000,34000
058994,道瓊指元大99購01,0,0,0,0,0,0,0,0,0,34000,0,0,0,34000,0,34000,34000
059318,旺宏元大99購13  ,0,0,0,0,0,0,0,0,0,34000,0,0,0,49000,15000,34000,34000
063527,美食凱基01購01  ,0,0,0,0,0,0,0,0,0,34000,0,0,0,80000,46000,34000,34000
063758,聯發科統一9B購14,0,0,0,0,0,0,0,0,0,34000,0,0,0,99000,65000,34000,34000
063872,嘉聯益永豐9C購01,0,0,0,0,0,0,0,0,0,34000,0,0,0,165000,131000,34000,34000
064469,臻鼎元富9C購01  ,0,0,0,0,0,0,0,0,0,34000,0,0,0,120000,86000,34000,34000
062628,廣達國票9B購01  ,0,0,0,0,0,0,0,0,0,34000,0,0,0,34000,0,34000,34000
062833,世芯群益9B購01  ,0,0,0,0,0,0,0,0,0,34000,0,0,0,34000,0,34000,34000
063102,旺宏群益9B購03  ,0,0,0,0,0,0,0,0,0,34000,0,0,0,34000,0,34000,34000
2882A,國泰特          ,0,0,0,0,0,0,0,0,0,33000,33000,0,33000,0,0,0,33000
2706,第一店          ,46000,13000,33000,0,0,0,0,0,0,0,0,0,0,0,0,0,33000
057365,智邦元大98購07  ,0,0,0,0,0,0,0,0,0,33000,0,0,0,34000,1000,33000,33000
056434,國巨凱基98購03  ,0,0,0,0,0,0,0,0,0,33000,0,0,0,270000,237000,33000,33000
059390,華新科凱基99購05,0,0,0,0,0,0,0,0,0,33000,0,0,0,36000,3000,33000,33000
059147,矽創國票99購01  ,0,0,0,0,0,0,0,0,0,33000,0,0,0,33000,0,33000,33000
061454,國巨凱基9A購16  ,0,0,0,0,0,0,0,0,0,33000,0,0,0,59000,26000,33000,33000
058748,景碩凱基9A購01  ,0,0,0,0,0,0,0,0,0,33000,0,0,0,88000,55000,33000,33000
062069,喬山元大9B購01  ,0,0,0,0,0,0,0,0,0,33000,0,0,0,33000,0,33000,33000
064495,南亞科元大9C購03,0,0,0,0,0,0,0,0,0,33000,0,0,0,101000,68000,33000,33000
063435,儒鴻統一01購02  ,0,0,0,0,0,0,0,0,0,33000,0,0,0,273000,240000,33000,33000
2486,一詮            ,35000,3000,32000,0,0,0,0,0,0,0,0,0,0,0,0,0,32000
2488,漢平            ,40000,8000,32000,0,0,0,0,0,0,0,0,0,0,0,0,0,32000
2906,高林            ,40000,8000,32000,0,0,0,0,0,0,0,0,0,0,0,0,0,32000
2233,宇隆            ,45000,13000,32000,0,0,0,0,0,0,0,0,0,0,0,0,0,32000
4952,凌通            ,38000,6000,32000,0,0,0,0,0,0,0,0,0,0,0,0,0,32000
3311,閎暉            ,39000,7000,32000,0,0,0,0,0,0,0,0,0,0,0,0,0,32000
07373P,A50正2元大99售01,0,0,0,0,0,0,0,0,0,32000,0,0,0,32000,0,32000,32000
07546P,玉晶光凱基9A售09,0,0,0,0,0,0,0,0,0,32000,0,0,0,72000,40000,32000,32000
057118,欣興日盛9A購01  ,0,0,0,0,0,0,0,0,0,32000,0,0,0,38000,6000,32000,32000
057841,茂林富邦9A購02  ,0,0,0,0,0,0,0,0,0,32000,0,0,0,131000,99000,32000,32000
057629,泰碩永豐98購02  ,0,0,0,0,0,0,0,0,0,32000,0,0,0,32000,0,32000,32000
057242,台郡凱基98購05  ,0,0,0,0,0,0,0,0,0,32000,0,0,0,62000,30000,32000,32000
050283,T50反1凱基9A購01,0,0,0,0,0,0,0,0,0,32000,0,0,0,42000,10000,32000,32000
057872,旺宏元大99購06  ,0,0,0,0,0,0,0,0,0,32000,0,0,0,33000,1000,32000,32000
059594,奇力新元大9B購01,0,0,0,0,0,0,0,0,0,32000,0,0,0,32000,0,32000,32000
059595,華新科元大9A購03,0,0,0,0,0,0,0,0,0,32000,0,0,0,47000,15000,32000,32000
061834,華新科凱基02購02,0,0,0,0,0,0,0,0,0,32000,0,0,0,32000,0,32000,32000
060394,欣興麥證9A購01  ,0,0,0,32000,0,32000,0,0,0,32000,0,0,0,32000,0,32000,32000
057977,台光電永豐98購02,0,0,0,0,0,0,0,0,0,32000,0,0,0,38000,6000,32000,32000
059827,晶技凱基99購03  ,0,0,0,0,0,0,0,0,0,32000,0,0,0,32000,0,32000,32000
060299,友訊國泰9B購01  ,0,0,0,0,0,0,0,0,0,32000,0,0,0,32000,0,32000,32000
059118,晶技永豐9A購01  ,0,0,0,0,0,0,0,0,0,32000,0,0,0,123000,91000,32000,32000
060241,國泰金元大9A購01,0,0,0,0,0,0,0,0,0,32000,0,0,0,96000,64000,32000,32000
060840,可成國票9B購01  ,0,0,0,0,0,0,0,0,0,32000,0,0,0,32000,0,32000,32000
058406,聯茂元大99購06  ,0,0,0,0,0,0,0,0,0,32000,0,0,0,101000,69000,32000,32000
063518,儒鴻凱基9B購02  ,0,0,0,0,0,0,0,0,0,32000,0,0,0,50000,18000,32000,32000
063477,訊芯元大9B購01  ,0,0,0,0,0,0,0,0,0,32000,0,0,0,80000,48000,32000,32000
063794,亞德客凱基9C購01,0,0,0,0,0,0,0,0,0,32000,0,0,0,198000,166000,32000,32000
064536,富邦金國票01購01,0,0,0,0,0,0,0,0,0,32000,0,0,0,40000,8000,32000,32000
064414,臺股指凱基9C購10,0,0,0,0,0,0,0,0,0,32000,0,0,0,45000,13000,32000,32000
062108,晶豪科國票9B購01,0,0,0,0,0,0,0,0,0,32000,0,0,0,32000,0,32000,32000
062182,華新科元大9B購07,0,0,0,0,0,0,0,0,0,32000,0,0,0,33000,1000,32000,32000
063144,超眾統一9C購02  ,0,0,0,0,0,0,0,0,0,32000,0,0,0,185000,153000,32000,32000
063215,台表科國票9C購02,0,0,0,0,0,0,0,0,0,32000,0,0,0,42000,10000,32000,32000
062945,世芯國泰01購01  ,0,0,0,0,0,0,0,0,0,32000,0,0,0,43000,11000,32000,32000
062744,超眾國泰9C購01  ,0,0,0,0,0,0,0,0,0,32000,0,0,0,32000,0,32000,32000
6672,騰輝電子-KY     ,64000,32000,32000,0,0,0,0,0,0,0,0,0,0,0,0,0,32000
3617,碩天            ,44000,5000,39000,0,0,0,0,0,0,-8000,0,6000,-6000,0,2000,-2000,31000
08160P,茂林元富9B售03  ,0,0,0,0,0,0,0,0,0,31000,0,0,0,41000,10000,31000,31000
057451,大立光元富9B購01,0,0,0,0,0,0,0,0,0,31000,0,0,0,50000,19000,31000,31000
060900,超眾凱基9B購01  ,0,0,0,0,0,0,0,0,0,31000,0,0,0,31000,0,31000,31000
058216,TPK群益99購01   ,0,0,0,0,0,0,0,0,0,31000,0,0,0,64000,33000,31000,31000
057886,聯詠群益98購01  ,0,0,0,0,0,0,0,0,0,31000,0,0,0,63000,32000,31000,31000
059788,華新科元大9A購05,0,0,0,0,0,0,0,0,0,31000,0,0,0,34000,3000,31000,31000
059889,華新科國票99購04,0,0,0,0,0,0,0,0,0,31000,0,0,0,32000,1000,31000,31000
059635,華新科凱基9A購06,0,0,0,0,0,0,0,0,0,31000,0,0,0,34000,3000,31000,31000
058070,華新科凱基98購07,0,0,0,0,0,0,0,0,0,31000,0,0,0,70000,39000,31000,31000
061480,泰碩元大9B購01  ,0,0,0,0,0,0,0,0,0,31000,0,0,0,58000,27000,31000,31000
062668,國巨中信9B購04  ,0,0,0,0,0,0,0,0,0,31000,0,0,0,31000,0,31000,31000
064242,TPK統一02購01   ,0,0,0,0,0,0,0,0,0,31000,0,0,0,31000,0,31000,31000
063877,鴻海元富9C購01  ,0,0,0,0,0,0,0,0,0,31000,0,0,0,33000,2000,31000,31000
063700,台積電群益9B購09,0,0,0,0,0,0,0,0,0,31000,0,0,0,76000,45000,31000,31000
063594,上銀中信9C購01  ,0,0,0,0,0,0,0,0,0,31000,0,0,0,31000,0,31000,31000
08153P,台表科統一9B售01,0,0,0,0,0,0,0,0,0,30000,0,0,0,30000,0,30000,30000
1104,環泥            ,38000,7000,31000,0,0,0,0,0,0,-1000,0,1000,-1000,0,0,0,30000
2413,環科            ,34000,4000,30000,0,0,0,0,0,0,0,0,0,0,0,0,0,30000
2897A,王道銀甲特      ,0,0,0,0,0,0,0,0,0,30000,30000,0,30000,0,0,0,30000
07558P,玉晶光元大9A售10,0,0,0,0,0,0,0,0,0,30000,0,0,0,30000,0,30000,30000
07587P,台灣50國票9A售11,0,0,0,0,0,0,0,0,0,30000,0,0,0,30000,0,30000,30000
07918P,玉晶光永豐9B售04,0,0,0,0,0,0,0,0,0,30000,0,0,0,30000,0,30000,30000
07819P,旺宏國票9B售01  ,0,0,0,0,0,0,0,0,0,30000,0,0,0,105000,75000,30000,30000
07359P,台積電元大99售45,0,0,0,0,0,0,0,0,0,30000,0,0,0,50000,20000,30000,30000
06929P,鴻海元大99售11  ,0,0,0,0,0,0,0,0,0,30000,0,0,0,140000,110000,30000,30000
06921P,台光電凱基98售06,0,0,0,0,0,0,0,0,0,30000,0,0,0,30000,0,30000,30000
060895,華新科凱基9B購05,0,0,0,0,0,0,0,0,0,30000,0,0,0,40000,10000,30000,30000
061263,微星凱基9A購01  ,0,0,0,0,0,0,0,0,0,30000,0,0,0,30000,0,30000,30000
056560,旺宏群益98購03  ,0,0,0,0,0,0,0,0,0,30000,0,0,0,30000,0,30000,30000
061062,和大凱基9A購02  ,0,0,0,0,0,0,0,0,0,30000,0,0,0,30000,0,30000,30000
057463,華邦電永豐98購01,0,0,0,0,0,0,0,0,0,30000,0,0,0,30000,0,30000,30000
057681,T50反1日盛9C購01,0,0,0,0,0,0,0,0,0,30000,0,0,0,30000,0,30000,30000
057734,訊芯國泰9A購01  ,0,0,0,0,0,0,0,0,0,30000,0,0,0,30000,0,30000,30000
057346,鴻海統一98購13  ,10000,0,10000,0,0,0,0,0,0,20000,0,0,0,30000,10000,20000,30000
056988,聚陽兆豐98購01  ,0,0,0,0,0,0,0,0,0,30000,0,0,0,30000,0,30000,30000
056996,矽力日盛99購01  ,0,0,0,0,0,0,0,0,0,30000,0,0,0,89000,59000,30000,30000
057007,奇力新中信98購04,0,0,0,0,0,0,0,0,0,30000,0,0,0,30000,0,30000,30000
056682,鴻海統一98購10  ,0,0,0,0,0,0,0,0,0,30000,0,0,0,30000,0,30000,30000
056712,京鼎永豐98購01  ,0,0,0,0,0,0,0,0,0,30000,0,0,0,30000,0,30000,30000
05593P,鴻海國票97售03  ,0,0,0,0,0,0,0,0,0,30000,0,0,0,30000,0,30000,30000
050256,臺指反元大98購03,0,0,0,0,0,0,0,0,0,30000,0,0,0,30000,0,30000,30000
053916,漢唐國票97購04  ,0,0,0,0,0,0,0,0,0,30000,0,0,0,30000,0,30000,30000
055124,建準兆豐97購01  ,0,0,0,0,0,0,0,0,0,30000,0,0,0,30000,0,30000,30000
055053,瑞昱永豐97購01  ,0,0,0,0,0,0,0,0,0,30000,0,0,0,30000,0,30000,30000
055085,大毅國票97購01  ,0,0,0,0,0,0,0,0,0,30000,0,0,0,30000,0,30000,30000
052092,貿聯元大96購02  ,0,0,0,0,0,0,0,0,0,30000,0,0,0,30000,0,30000,30000
00651R,FH香港反1       ,89000,14000,75000,0,0,0,0,0,0,-45000,0,0,0,330000,375000,-45000,30000
006207,FH滬深          ,105000,0,105000,0,0,0,0,0,0,-75000,180000,80000,100000,124000,299000,-175000,30000
051375,道瓊反群益9A購01,0,0,0,0,0,0,0,0,0,30000,0,0,0,30000,0,30000,30000
057219,群創群益98購10  ,0,0,0,0,0,0,0,0,0,30000,0,0,0,30000,0,30000,30000
057189,康控元大98購02  ,0,0,0,0,0,0,0,0,0,30000,0,0,0,30000,0,30000,30000
057172,南亞科元大98購03,0,0,0,0,0,0,0,0,0,30000,0,0,0,30000,0,30000,30000
056405,聯茂群益98購01  ,0,0,0,0,0,0,0,0,0,30000,0,0,0,30000,0,30000,30000
056374,聯發科統一9B購01,0,0,0,0,0,0,0,0,0,30000,0,0,0,30000,0,30000,30000
055473,禾伸堂凱基97購01,0,0,0,0,0,0,0,0,0,30000,0,0,0,30000,0,30000,30000
053387,緯創元大97購01  ,0,0,0,0,0,0,0,0,0,30000,0,0,0,30000,0,30000,30000
053481,同欣電元大97購01,0,0,0,0,0,0,0,0,0,30000,0,0,0,35000,5000,30000,30000
055351,聯發科凱基97購03,0,0,0,0,0,0,0,0,0,30000,0,0,0,30000,0,30000,30000
055357,欣興凱基97購04  ,0,0,0,0,0,0,0,0,0,30000,0,0,0,30000,0,30000,30000
054684,裕隆永豐97購01  ,0,0,0,0,0,0,0,0,0,30000,0,0,0,30000,0,30000,30000
054532,強茂國泰98購01  ,0,0,0,0,0,0,0,0,0,30000,0,0,0,50000,20000,30000,30000
054535,旺宏富邦97購02  ,0,0,0,0,0,0,0,0,0,30000,0,0,0,30000,0,30000,30000
061508,南六國泰9C購02  ,0,0,0,0,0,0,0,0,0,30000,0,0,0,30000,0,30000,30000
061482,健策元大9C購01  ,0,0,0,0,0,0,0,0,0,30000,0,0,0,39000,9000,30000,30000
061475,漢唐元大9A購01  ,0,0,0,0,0,0,0,0,0,30000,0,0,0,30000,0,30000,30000
058123,亞光國票9A購01  ,0,0,0,0,0,0,0,0,0,30000,0,0,0,30000,0,30000,30000
058743,可成康和99購01  ,0,0,0,0,0,0,0,0,0,30000,0,0,0,36000,6000,30000,30000
061699,燿華國票9A購01  ,0,0,0,0,0,0,0,0,0,30000,0,0,0,71000,41000,30000,30000
061902,百和永豐9B購01  ,0,0,0,0,0,0,0,0,0,30000,0,0,0,30000,0,30000,30000
061345,玉晶光元大9A購14,0,0,0,0,0,0,0,0,0,30000,0,0,0,30000,0,30000,30000
060561,台積電富邦04購01,0,0,0,0,0,0,0,0,0,30000,0,0,0,34000,4000,30000,30000
059722,南亞科元大99購02,0,0,0,0,0,0,0,0,0,30000,0,0,0,30000,0,30000,30000
059252,聯詠凱基99購03  ,0,0,0,0,0,0,0,0,0,30000,0,0,0,30000,0,30000,30000
061426,玉晶光元大9A購15,0,0,0,0,0,0,0,0,0,30000,0,0,0,37000,7000,30000,30000
060821,SP黃豆元大9A購02,0,0,0,0,0,0,0,0,0,30000,0,0,0,37000,7000,30000,30000
059324,智易元大99購04  ,0,0,0,0,0,0,0,0,0,30000,0,0,0,36000,6000,30000,30000
058655,鴻海中信03購02  ,0,0,0,0,0,0,0,0,0,30000,0,0,0,30000,0,30000,30000
058642,旺宏麥證9A購01  ,0,0,0,50000,20000,30000,0,0,0,30000,0,0,0,50000,20000,30000,30000
058608,華新科元大99購13,0,0,0,0,0,0,0,0,0,30000,0,0,0,35000,5000,30000,30000
063385,可成中信9C購01  ,0,0,0,0,0,0,0,0,0,30000,0,0,0,35000,5000,30000,30000
063349,台郡統一9C購01  ,0,0,0,0,0,0,0,0,0,30000,0,0,0,322000,292000,30000,30000
063770,台灣50富邦03購01,0,0,0,0,0,0,0,0,0,30000,0,0,0,30000,0,30000,30000
063783,儒鴻中信9C購01  ,0,0,0,0,0,0,0,0,0,30000,0,0,0,90000,60000,30000,30000
063847,聯發科元大9C購03,0,0,0,0,0,0,0,0,0,30000,0,0,0,91000,61000,30000,30000
064136,致新元大9C購01  ,0,0,0,0,0,0,0,0,0,30000,0,0,0,36000,6000,30000,30000
063171,光寶科中信9B購01,0,0,0,0,0,0,0,0,0,30000,0,0,0,123000,93000,30000,30000
063005,道瓊反元大9B購02,0,0,0,0,0,0,0,0,0,30000,0,0,0,30000,0,30000,30000
062213,和大統一9B購02  ,0,0,0,0,0,0,0,0,0,30000,0,0,0,30000,0,30000,30000
061804,國巨中信9B購02  ,0,0,0,0,0,0,0,0,0,30000,0,0,0,30000,0,30000,30000
06256P,臺股指群益97售09,0,0,0,0,0,0,0,0,0,30000,0,0,0,30000,0,30000,30000
062441,華新科元大9C購01,0,0,0,0,0,0,0,0,0,30000,0,0,0,80000,50000,30000,30000
8499,鼎炫-KY         ,35000,5000,30000,0,0,0,0,0,0,0,0,0,0,0,0,0,30000
07942P,健策凱基9B售03  ,0,0,0,0,0,0,0,0,0,29000,0,0,0,29000,0,29000,29000
064597,鴻海元富9C購03  ,0,0,0,0,0,0,0,0,0,29000,0,0,0,29000,0,29000,29000
2888A,新光金甲特      ,29000,0,29000,0,0,0,0,0,0,0,0,0,0,0,0,0,29000
2431,聯昌            ,30000,1000,29000,0,0,0,0,0,0,0,0,0,0,0,0,0,29000
3022,威強電          ,66000,17000,49000,0,0,0,0,0,0,-20000,0,20000,-20000,0,0,0,29000
054112,台積電麥證96購02,0,0,0,29000,0,29000,0,0,0,29000,0,0,0,29000,0,29000,29000
053340,建準國票97購01  ,0,0,0,0,0,0,0,0,0,29000,0,0,0,29000,0,29000,29000
057226,上銀凱基98購06  ,0,0,0,0,0,0,0,0,0,29000,0,0,0,29000,0,29000,29000
056065,奇鋐元大97購01  ,0,0,0,0,0,0,0,0,0,29000,0,0,0,29000,0,29000,29000
059673,玉山金元富99購01,0,0,0,0,0,0,0,0,0,29000,0,0,0,29000,0,29000,29000
060021,立積康和99購01  ,0,0,0,0,0,0,0,0,0,29000,0,0,0,29000,0,29000,29000
060404,台勝科國泰9B購01,0,0,0,0,0,0,0,0,0,29000,0,0,0,29000,0,29000,29000
058104,國巨統一9A購04  ,0,0,0,0,0,0,0,0,0,29000,0,0,0,62000,33000,29000,29000
062417,鴻海統一9C購08  ,0,0,0,0,0,0,0,0,0,29000,0,0,0,29000,0,29000,29000
062578,超眾群益9B購01  ,0,0,0,0,0,0,0,0,0,29000,0,0,0,30000,1000,29000,29000
063240,聯發科元大9B購17,0,0,0,0,0,0,0,0,0,29000,0,0,0,29000,0,29000,29000
062674,百和中信03購01  ,0,0,0,0,0,0,0,0,0,29000,0,0,0,54000,25000,29000,29000
062763,華擎凱基9C購02  ,0,0,0,0,0,0,0,0,0,29000,0,0,0,29000,0,29000,29000
063945,京元電元大9C購01,0,0,0,0,0,0,0,0,0,29000,0,0,0,369000,340000,29000,29000
06447P,上銀元大98售01  ,0,0,0,0,0,0,0,0,0,29000,0,0,0,29000,0,29000,29000
063772,智邦富邦9B購02  ,0,0,0,0,0,0,0,0,0,29000,0,0,0,29000,0,29000,29000
063652,國泰金台新9B購01,0,0,0,0,0,0,0,0,0,29000,0,0,0,57000,28000,29000,29000
5434,崇越            ,279000,183000,96000,0,0,0,0,66000,-66000,-2000,12000,14000,-2000,0,0,0,28000
2849,安泰銀          ,46000,18000,28000,0,0,0,0,0,0,0,0,0,0,0,0,0,28000
08406P,緯穎元大9C售01  ,0,0,0,0,0,0,0,0,0,28000,0,0,0,74000,46000,28000,28000
1453,大將            ,59000,31000,28000,0,0,0,0,0,0,0,0,0,0,0,0,0,28000
06783P,亞光元大98售03  ,0,0,0,0,0,0,0,0,0,28000,0,0,0,34000,6000,28000,28000
06592P,欣興元大98售04  ,0,0,0,0,0,0,0,0,0,28000,0,0,0,50000,22000,28000,28000
07739P,緯穎永豐9A售01  ,0,0,0,0,0,0,0,0,0,28000,0,0,0,31000,3000,28000,28000
07418P,聯發科元大99售45,0,0,0,0,0,0,0,0,0,28000,0,0,0,30000,2000,28000,28000
056164,聯茂凱基98購03  ,0,0,0,0,0,0,0,0,0,28000,0,0,0,28000,0,28000,28000
056481,創意元大98購01  ,0,0,0,0,0,0,0,0,0,28000,0,0,0,96000,68000,28000,28000
057480,技嘉元大98購03  ,0,0,0,0,0,0,0,0,0,28000,0,0,0,32000,4000,28000,28000
057507,貿聯國票98購02  ,0,0,0,0,0,0,0,0,0,28000,0,0,0,28000,0,28000,28000
057447,智邦元富02購01  ,0,0,0,0,0,0,0,0,0,28000,0,0,0,34000,6000,28000,28000
054291,高鐵元大97購01  ,0,0,0,0,0,0,0,0,0,28000,0,0,0,131000,103000,28000,28000
00757,統一FANG+       ,0,1000,-1000,0,0,0,0,0,0,29000,0,0,0,242000,213000,29000,28000
061544,大毅群益9B購02  ,0,0,0,0,0,0,0,0,0,28000,0,0,0,60000,32000,28000,28000
061873,友達元大9C購07  ,0,0,0,0,0,0,0,0,0,28000,0,0,0,50000,22000,28000,28000
060019,彰銀康和99購01  ,0,0,0,0,0,0,0,0,0,28000,0,0,0,114000,86000,28000,28000
060088,國巨元大99購30  ,0,0,0,0,0,0,0,0,0,28000,0,0,0,35000,7000,28000,28000
059177,臺股指凱基99購28,0,0,0,0,0,0,0,0,0,28000,0,0,0,29000,1000,28000,28000
057927,勤誠凱基98購01  ,0,0,0,0,0,0,0,0,0,28000,0,0,0,33000,5000,28000,28000
058334,鴻海元富99購05  ,0,0,0,0,0,0,0,0,0,28000,0,0,0,28000,0,28000,28000
064520,京鼎群益02購01  ,0,0,0,0,0,0,0,0,0,28000,0,0,0,299000,271000,28000,28000
063962,台達電國票01購01,0,0,0,0,0,0,0,0,0,28000,0,0,0,74000,46000,28000,28000
062751,華擎中信9C購01  ,0,0,0,0,0,0,0,0,0,28000,0,0,0,50000,22000,28000,28000
063139,聯發科統一9B購07,0,0,0,0,0,0,0,0,0,28000,0,0,0,28000,0,28000,28000
063076,柏文永豐9B購02  ,0,0,0,0,0,0,0,0,0,28000,0,0,0,28000,0,28000,28000
063086,祥碩凱基9C購01  ,0,0,0,0,0,0,0,0,0,28000,0,0,0,65000,37000,28000,28000
062478,牧德國票9B購03  ,0,0,0,0,0,0,0,0,0,28000,0,0,0,47000,19000,28000,28000
062485,華通國泰01購01  ,0,0,0,0,0,0,0,0,0,28000,0,0,0,61000,33000,28000,28000
062325,鴻海統一9B購05  ,0,0,0,0,0,0,0,0,0,28000,0,0,0,28000,0,28000,28000
06826P,臺股指國票98售02,0,0,0,0,0,0,0,0,0,27000,0,0,0,40000,13000,27000,27000
06658P,台灣50富邦9C售01,0,0,0,0,0,0,0,0,0,27000,0,0,0,33000,6000,27000,27000
064606,南電元富9C購03  ,0,0,0,0,0,0,0,0,0,27000,0,0,0,105000,78000,27000,27000
064686,鴻海群益01購03  ,0,0,0,0,0,0,0,0,0,27000,0,0,0,27000,0,27000,27000
1110,東泥            ,27000,0,27000,0,0,0,0,0,0,0,0,0,0,0,0,0,27000
055075,南電永豐97購01  ,0,0,0,0,0,0,0,0,0,27000,0,0,0,27000,0,27000,27000
054755,世紀鋼凱基98購01,0,0,0,0,0,0,0,0,0,27000,0,0,0,39000,12000,27000,27000
054785,建準群益98購01  ,0,0,0,0,0,0,0,0,0,27000,0,0,0,47000,20000,27000,27000
055896,南電統一97購02  ,0,0,0,0,0,0,0,0,0,27000,0,0,0,27000,0,27000,27000
056360,智邦元大98購01  ,0,0,0,0,0,0,0,0,0,27000,0,0,0,33000,6000,27000,27000
056378,欣興元富98購01  ,0,0,0,0,0,0,0,0,0,27000,0,0,0,98000,71000,27000,27000
057596,聯茂兆豐99購01  ,0,0,0,0,0,0,0,0,0,27000,0,0,0,27000,0,27000,27000
057530,奇鋐元大99購01  ,0,0,0,0,0,0,0,0,0,27000,0,0,0,50000,23000,27000,27000
056511,超眾永豐98購01  ,0,0,0,0,0,0,0,0,0,27000,0,0,0,27000,0,27000,27000
061028,聚陽永豐9A購01  ,0,0,0,0,0,0,0,0,0,27000,0,0,0,77000,50000,27000,27000
061135,聯發科統一9C購03,0,0,0,0,0,0,0,0,0,27000,0,0,0,27000,0,27000,27000
056295,國巨元大97購16  ,0,0,0,0,0,0,0,0,0,27000,0,0,0,43000,16000,27000,27000
057029,緯穎凱基98購04  ,0,0,0,0,0,0,0,0,0,27000,0,0,0,38000,11000,27000,27000
061169,GIS兆豐9A購01   ,0,0,0,0,0,0,0,0,0,27000,0,0,0,28000,1000,27000,27000
060848,聯茂國票9A購02  ,0,0,0,0,0,0,0,0,0,27000,0,0,0,80000,53000,27000,27000
060541,正隆凱基9A購01  ,0,0,0,0,0,0,0,0,0,27000,0,0,0,108000,81000,27000,27000
061624,中租群益9A購01  ,0,0,0,0,0,0,0,0,0,27000,0,0,0,27000,0,27000,27000
062490,聯茂永豐9B購01  ,0,0,0,0,0,0,0,0,0,27000,0,0,0,27000,0,27000,27000
062230,緯穎統一01購01  ,0,0,0,0,0,0,0,0,0,27000,0,0,0,132000,105000,27000,27000
063943,台光電元大9C購02,0,0,0,0,0,0,0,0,0,27000,0,0,0,86000,59000,27000,27000
063796,鴻海凱基9C購02  ,0,0,0,0,0,0,0,0,0,27000,0,0,0,87000,60000,27000,27000
4560,強信-KY         ,134000,108000,26000,0,0,0,0,0,0,0,0,0,0,0,0,0,26000
3346,麗清            ,28000,3000,25000,0,0,0,0,0,0,1000,1000,0,1000,0,0,0,26000
064734,大立光元富9C購05,0,0,0,0,0,0,0,0,0,26000,0,0,0,33000,7000,26000,26000
06600P,貿聯永豐98售01  ,0,0,0,0,0,0,0,0,0,26000,0,0,0,40000,14000,26000,26000
07642P,華通凱基9A售05  ,0,0,0,0,0,0,0,0,0,26000,0,0,0,29000,3000,26000,26000
056170,鴻海元富97購09  ,0,0,0,0,0,0,0,0,0,26000,0,0,0,26000,0,26000,26000
061072,南電凱基9B購01  ,0,0,0,0,0,0,0,0,0,26000,0,0,0,26000,0,26000,26000
055681,奇鋐凱基98購03  ,0,0,0,0,0,0,0,0,0,26000,0,0,0,64000,38000,26000,26000
055437,禾伸堂中信99購01,0,0,0,0,0,0,0,0,0,26000,0,0,0,103000,77000,26000,26000
054481,鎧勝中信96購01  ,0,0,0,0,0,0,0,0,0,26000,0,0,0,96000,70000,26000,26000
050797,聯發科中信99購01,0,0,0,0,0,0,0,0,0,26000,0,0,0,26000,0,26000,26000
00675L,富邦臺灣加權正2 ,46000,70000,-24000,0,0,0,0,0,0,50000,0,0,0,50000,0,50000,26000
052476,台光電群益98購01,0,0,0,0,0,0,0,0,0,26000,0,0,0,26000,0,26000,26000
061720,智邦國泰9C購01  ,0,0,0,0,0,0,0,0,0,26000,0,0,0,126000,100000,26000,26000
061848,國巨國票9B購07  ,0,0,0,0,0,0,0,0,0,26000,0,0,0,29000,3000,26000,26000
061871,瑞昱元大9B購01  ,0,0,0,0,0,0,0,0,0,26000,0,0,0,68000,42000,26000,26000
061362,台塑國票9B購01  ,0,0,0,0,0,0,0,0,0,26000,0,0,0,26000,0,26000,26000
059939,技嘉永豐99購01  ,0,0,0,0,0,0,0,0,0,26000,0,0,0,30000,4000,26000,26000
060376,瑞祺元富9A購01  ,0,0,0,0,0,0,0,0,0,26000,0,0,0,254000,228000,26000,26000
058617,南電元大99購01  ,0,0,0,0,0,0,0,0,0,26000,0,0,0,42000,16000,26000,26000
057953,聚陽元大98購01  ,0,0,0,0,0,0,0,0,0,26000,0,0,0,26000,0,26000,26000
059471,華新科元大99購17,0,0,0,0,0,0,0,0,0,26000,0,0,0,32000,6000,26000,26000
063791,玉晶光台新9C購01,0,0,0,0,0,0,0,0,0,26000,0,0,0,86000,60000,26000,26000
062272,鴻海群益9B購05  ,0,0,0,0,0,0,0,0,0,26000,0,0,0,31000,5000,26000,26000
061802,勤誠永豐9B購01  ,0,0,0,0,0,0,0,0,0,26000,0,0,0,77000,51000,26000,26000
062654,技嘉永豐9B購01  ,0,0,0,0,0,0,0,0,0,26000,0,0,0,29000,3000,26000,26000
8422,可寧衛          ,41000,22000,19000,0,0,0,0,0,0,7000,17000,10000,7000,0,0,0,26000
07649P,金像電永豐9A售02,0,0,0,0,0,0,0,0,0,25000,0,0,0,253000,228000,25000,25000
07518P,臺股指元大9B售09,0,0,0,0,0,0,0,0,0,25000,0,0,0,35000,10000,25000,25000
064742,奇鋐國票01購02  ,0,0,0,0,0,0,0,0,0,25000,0,0,0,25000,0,25000,25000
4722,國精化          ,27000,2000,25000,0,0,0,0,0,0,0,0,0,0,0,0,0,25000
6164,華興            ,28000,3000,25000,0,0,0,0,0,0,0,0,0,0,0,0,0,25000
1321,大洋            ,35000,10000,25000,0,0,0,0,0,0,0,0,0,0,0,0,0,25000
1416,廣豐            ,35000,10000,25000,0,0,0,0,0,0,0,0,0,0,0,0,0,25000
2038,海光            ,50000,25000,25000,0,0,0,0,0,0,0,0,0,0,0,0,0,25000
08134P,臺股指元大9B售40,0,0,0,0,0,0,0,0,0,25000,0,0,0,40000,15000,25000,25000
052235,聯發科國票96購02,0,0,0,0,0,0,0,0,0,25000,0,0,0,25000,0,25000,25000
051382,玉晶光群益98購02,0,0,0,0,0,0,0,0,0,25000,0,0,0,107000,82000,25000,25000
050142,聯發科元富9A購01,0,0,0,0,0,0,0,0,0,25000,0,0,0,25000,0,25000,25000
048070,聯發科元富99購03,0,0,0,0,0,0,0,0,0,25000,0,0,0,25000,0,25000,25000
04768P,大立光國泰96售03,0,0,0,0,0,0,0,0,0,25000,0,0,0,25000,0,25000,25000
054445,技嘉兆豐96購01  ,0,0,0,0,0,0,0,0,0,25000,0,0,0,25000,0,25000,25000
057223,富邦金日盛99購01,0,0,0,0,0,0,0,0,0,25000,0,0,0,25000,0,25000,25000
055459,建準永豐97購03  ,0,0,0,0,0,0,0,0,0,25000,0,0,0,35000,10000,25000,25000
061259,台積電凱基9A購21,0,0,0,0,0,0,0,0,0,25000,0,0,0,26000,1000,25000,25000
057809,英業達元大98購01,0,0,0,0,0,0,0,0,0,25000,0,0,0,75000,50000,25000,25000
057579,長榮航中信9A購01,0,0,0,0,0,0,0,0,0,25000,0,0,0,60000,35000,25000,25000
057494,玉晶光元大99購09,0,0,0,0,0,0,0,0,0,25000,0,0,0,76000,51000,25000,25000
056151,建準凱基97購01  ,0,0,0,0,0,0,0,0,0,25000,0,0,0,70000,45000,25000,25000
056141,聯茂元大97購05  ,0,0,0,0,0,0,0,0,0,25000,0,0,0,31000,6000,25000,25000
059166,友達凱基99購05  ,0,0,0,0,0,0,0,0,0,25000,0,0,0,25000,0,25000,25000
060306,台肥永豐9A購01  ,0,0,0,0,0,0,0,0,0,25000,0,0,0,95000,70000,25000,25000
058639,南電兆豐99購01  ,0,0,0,0,0,0,0,0,0,25000,0,0,0,30000,5000,25000,25000
059313,元石油元大99購06,0,0,0,0,0,0,0,0,0,25000,0,0,0,25000,0,25000,25000
058587,台積電中信9C購03,0,0,0,0,0,0,0,0,0,25000,0,0,0,110000,85000,25000,25000
060847,康控國票9A購01  ,0,0,0,0,0,0,0,0,0,25000,0,0,0,60000,35000,25000,25000
060802,道瓊指中信9C購03,0,0,0,0,0,0,0,0,0,25000,0,0,0,25000,0,25000,25000
058459,南電永豐99購01  ,0,0,0,0,0,0,0,0,0,25000,0,0,0,25000,0,25000,25000
058448,滬深2X永豐9A購01,0,0,0,0,0,0,0,0,0,25000,0,0,0,25000,0,25000,25000
058361,美律凱基99購06  ,0,0,0,0,0,0,0,0,0,25000,0,0,0,40000,15000,25000,25000
060401,世紀鋼國票9B購01,0,0,0,0,0,0,0,0,0,25000,0,0,0,229000,204000,25000,25000
060548,友達凱基9B購03  ,0,0,0,0,0,0,0,0,0,25000,0,0,0,25000,0,25000,25000
060694,旺宏麥證9A購02  ,0,0,0,26000,1000,25000,0,0,0,25000,0,0,0,26000,1000,25000,25000
062883,智易兆豐9C購01  ,0,0,0,0,0,0,0,0,0,25000,0,0,0,79000,54000,25000,25000
06320P,上銀統一97售04  ,0,0,0,0,0,0,0,0,0,25000,0,0,0,35000,10000,25000,25000
06222P,致茂元富97售02  ,0,0,0,0,0,0,0,0,0,25000,0,0,0,25000,0,25000,25000
062641,瀚宇博國票9B購01,0,0,0,0,0,0,0,0,0,25000,0,0,0,67000,42000,25000,25000
063887,香港2X中信02購01,0,0,0,0,0,0,0,0,0,25000,0,0,0,25000,0,25000,25000
063447,聯發科統一9B購12,0,0,0,0,0,0,0,0,0,25000,0,0,0,53000,28000,25000,25000
063522,技嘉凱基9B購03  ,0,0,0,0,0,0,0,0,0,25000,0,0,0,77000,52000,25000,25000
063506,嘉晶群益9B購01  ,0,0,0,0,0,0,0,0,0,25000,0,0,0,75000,50000,25000,25000
063537,華擎統一9C購03  ,0,0,0,0,0,0,0,0,0,25000,0,0,0,35000,10000,25000,25000
064226,TPK國票01購01   ,0,0,0,0,0,0,0,0,0,25000,0,0,0,25000,0,25000,25000
9905,大華            ,25000,0,25000,0,0,0,0,0,0,0,0,0,0,0,0,0,25000
1626,艾美特-KY       ,26000,2000,24000,0,0,0,0,0,0,0,0,0,0,0,0,0,24000
1446,宏和            ,34000,10000,24000,0,0,0,0,0,0,0,0,0,0,0,0,0,24000
06686P,麗豐永豐98售02  ,0,0,0,0,0,0,0,0,0,24000,0,0,0,24000,0,24000,24000
07715P,台灣50群益9A售14,0,0,0,0,0,0,0,0,0,24000,0,0,0,24000,0,24000,24000
06864P,健策凱基98售01  ,0,0,0,0,0,0,0,0,0,24000,0,0,0,30000,6000,24000,24000
057558,致新凱基98購01  ,0,0,0,0,0,0,0,0,0,24000,0,0,0,24000,0,24000,24000
057847,聯茂永豐98購01  ,0,0,0,0,0,0,0,0,0,24000,0,0,0,24000,0,24000,24000
056576,晶技元大99購02  ,0,0,0,0,0,0,0,0,0,24000,0,0,0,24000,0,24000,24000
061082,台光電兆豐9A購01,0,0,0,0,0,0,0,0,0,24000,0,0,0,24000,0,24000,24000
057149,京鼎國票99購02  ,0,0,0,0,0,0,0,0,0,24000,0,0,0,324000,300000,24000,24000
054363,世芯凱基97購01  ,0,0,0,0,0,0,0,0,0,24000,0,0,0,24000,0,24000,24000
060730,台積電群益9A購03,0,0,0,0,0,0,0,0,0,24000,0,0,0,27000,3000,24000,24000
060334,群光康和9A購01  ,0,0,0,0,0,0,0,0,0,24000,0,0,0,24000,0,24000,24000
059536,新光金凱基99購05,0,0,0,0,0,0,0,0,0,24000,0,0,0,45000,21000,24000,24000
061406,華通國票9A購06  ,0,0,0,0,0,0,0,0,0,24000,0,0,0,130000,106000,24000,24000
061392,泰鼎群益9A購02  ,0,0,0,0,0,0,0,0,0,24000,0,0,0,34000,10000,24000,24000
058861,國巨凱基9A購08  ,0,0,0,0,0,0,0,0,0,24000,0,0,0,43000,19000,24000,24000
059000,台積電元大99購25,0,0,0,0,0,0,0,0,0,24000,0,0,0,34000,10000,24000,24000
058927,勤誠元富99購02  ,0,0,0,0,0,0,0,0,0,24000,0,0,0,24000,0,24000,24000
064076,台積電中信06購02,0,0,0,0,0,0,0,0,0,24000,0,0,0,24000,0,24000,24000
063798,台積電凱基02購03,0,0,0,0,0,0,0,0,0,24000,0,0,0,191000,167000,24000,24000
063636,聯發科元大9B購26,0,0,0,0,0,0,0,0,0,24000,0,0,0,24000,0,24000,24000
062439,聯發科元大9B購10,0,0,0,0,0,0,0,0,0,24000,0,0,0,24000,0,24000,24000
062280,大立光群益9C購01,0,0,0,0,0,0,0,0,0,24000,0,0,0,24000,0,24000,24000
063164,聯發科永豐9B購03,0,0,0,0,0,0,0,0,0,24000,0,0,0,24000,0,24000,24000
062689,華擎統一02購01  ,0,0,0,0,0,0,0,0,0,24000,0,0,0,83000,59000,24000,24000
062765,祥碩凱基9B購04  ,0,0,0,0,0,0,0,0,0,24000,0,0,0,48000,24000,24000,24000
1452,宏益            ,37000,14000,23000,0,0,0,0,0,0,0,0,0,0,0,0,0,23000
1560,中砂            ,27000,18000,9000,0,0,0,0,0,0,14000,14000,0,14000,0,0,0,23000
2062,橋椿            ,40000,17000,23000,0,0,0,0,0,0,0,0,0,0,0,0,0,23000
6108,競國            ,54000,14000,40000,0,0,0,0,0,0,-17000,0,17000,-17000,0,0,0,23000
00753L,中信中國50正2   ,315000,692000,-377000,0,0,0,0,0,0,400000,0,0,0,1075000,675000,400000,23000
057718,旺宏元富02購02  ,0,0,0,0,0,0,0,0,0,23000,0,0,0,43000,20000,23000,23000
057633,緯穎永豐98購02  ,0,0,0,0,0,0,0,0,0,23000,0,0,0,76000,53000,23000,23000
056264,聯發科統一98購02,0,0,0,0,0,0,0,0,0,23000,0,0,0,27000,4000,23000,23000
057325,可成群益9A購01  ,0,0,0,0,0,0,0,0,0,23000,0,0,0,23000,0,23000,23000
059058,可成凱基9B購01  ,0,0,0,0,0,0,0,0,0,23000,0,0,0,23000,0,23000,23000
058910,泰鼎元大99購03  ,0,0,0,0,0,0,0,0,0,23000,0,0,0,23000,0,23000,23000
059660,華新科元大9A購04,0,0,0,0,0,0,0,0,0,23000,0,0,0,44000,21000,23000,23000
059219,旺宏元大99購12  ,0,0,0,0,0,0,0,0,0,23000,0,0,0,24000,1000,23000,23000
061439,寶成凱基9A購01  ,0,0,0,0,0,0,0,0,0,23000,0,0,0,93000,70000,23000,23000
061680,崇越元大9A購01  ,0,0,0,0,0,0,0,0,0,23000,0,0,0,23000,0,23000,23000
060417,正隆永豐9A購01  ,0,0,0,0,0,0,0,0,0,23000,0,0,0,171000,148000,23000,23000
060484,聯發科富邦9C購02,0,0,0,0,0,0,0,0,0,23000,0,0,0,28000,5000,23000,23000
060651,瑞儀中信9B購01  ,0,0,0,0,0,0,0,0,0,23000,0,0,0,87000,64000,23000,23000
062728,健策凱基9B購04  ,0,0,0,0,0,0,0,0,0,23000,0,0,0,79000,56000,23000,23000
062735,和大國票9B購01  ,0,0,0,0,0,0,0,0,0,23000,0,0,0,23000,0,23000,23000
062279,晶豪科群益9B購01,0,0,0,0,0,0,0,0,0,23000,0,0,0,23000,0,23000,23000
062474,台表科凱基9C購01,0,0,0,0,0,0,0,0,0,23000,0,0,0,27000,4000,23000,23000
062321,力成台新9B購01  ,0,0,0,0,0,0,0,0,0,23000,0,0,0,34000,11000,23000,23000
063710,光寶科凱基9C購01,0,0,0,0,0,0,0,0,0,23000,0,0,0,42000,19000,23000,23000
063729,國巨元大9C購08  ,0,0,0,0,0,0,0,0,0,23000,0,0,0,176000,153000,23000,23000
064347,貿聯元大9C購03  ,0,0,0,0,0,0,0,0,0,23000,0,0,0,73000,50000,23000,23000
6605,帝寶            ,39000,16000,23000,0,0,0,0,0,0,0,0,0,0,0,0,0,23000
4994,傳奇            ,40564,8000,32564,0,0,0,0,0,0,-10000,0,10000,-10000,0,0,0,22564
2374,佳能            ,69000,47000,22000,0,0,0,0,0,0,0,0,0,0,0,0,0,22000
08000P,奇鋐凱基9B售03  ,0,0,0,0,0,0,0,0,0,22000,0,0,0,22000,0,22000,22000
08009P,華擎統一9B售02  ,0,0,0,0,0,0,0,0,0,22000,0,0,0,22000,0,22000,22000
08230P,台表科國票9C售03,0,0,0,0,0,0,0,0,0,22000,0,0,0,64000,42000,22000,22000
08340P,聯發科元富9C售01,0,0,0,0,0,0,0,0,0,22000,0,0,0,46000,24000,22000,22000
056614,智邦永豐98購01  ,0,0,0,0,0,0,0,0,0,22000,0,0,0,23000,1000,22000,22000
057018,亞德客凱基98購01,0,0,0,0,0,0,0,0,0,22000,0,0,0,22000,0,22000,22000
00662,富邦NASDAQ      ,0,2000,-2000,0,0,0,0,0,0,24000,20000,0,20000,175000,171000,4000,22000
053945,國巨富邦98購02  ,0,0,0,0,0,0,0,0,0,22000,0,0,0,22000,0,22000,22000
055713,國巨元大98購09  ,0,0,0,0,0,0,0,0,0,22000,0,0,0,46000,24000,22000,22000
060673,旺宏元大9A購04  ,0,0,0,0,0,0,0,0,0,22000,0,0,0,23000,1000,22000,22000
059663,旭富元大9C購02  ,0,0,0,0,0,0,0,0,0,22000,0,0,0,84000,62000,22000,22000
059732,超眾元大9A購01  ,0,0,0,0,0,0,0,0,0,22000,0,0,0,22000,0,22000,22000
059868,台光電凱基99購03,0,0,0,0,0,0,0,0,0,22000,0,0,0,22000,0,22000,22000
059083,華通元大99購07  ,0,0,0,0,0,0,0,0,0,22000,0,0,0,72000,50000,22000,22000
059004,嘉晶元大99購05  ,0,0,0,0,0,0,0,0,0,22000,0,0,0,30000,8000,22000,22000
064380,超眾元富9C購03  ,0,0,0,0,0,0,0,0,0,22000,0,0,0,22000,0,22000,22000
064382,台積電國泰01購01,0,0,0,0,0,0,0,0,0,22000,0,0,0,28000,6000,22000,22000
064497,可成元大01購02  ,0,0,0,0,0,0,0,0,0,22000,0,0,0,22000,0,22000,22000
064053,祥碩統一02購01  ,0,0,0,0,0,0,0,0,0,22000,0,0,0,314000,292000,22000,22000
063673,GIS統一9C購02   ,0,0,0,0,0,0,0,0,0,22000,0,0,0,48000,26000,22000,22000
063802,南茂凱基9C購01  ,0,0,0,0,0,0,0,0,0,22000,0,0,0,251000,229000,22000,22000
063881,嘉晶元富9C購01  ,0,0,0,0,0,0,0,0,0,22000,0,0,0,27000,5000,22000,22000
063869,玉晶光永豐9C購01,0,0,0,0,0,0,0,0,0,22000,0,0,0,22000,0,22000,22000
063411,和潤國票9C購01  ,0,0,0,0,0,0,0,0,0,22000,0,0,0,22000,0,22000,22000
062506,巨大群益9C購01  ,0,0,0,0,0,0,0,0,0,22000,0,0,0,89000,67000,22000,22000
062147,大毅國票9B購02  ,0,0,0,0,0,0,0,0,0,22000,0,0,0,22000,0,22000,22000
062930,旺宏統一9C購02  ,0,0,0,0,0,0,0,0,0,22000,0,0,0,22000,0,22000,22000
9924,福興            ,65000,64000,1000,0,0,0,0,0,0,21000,21000,0,21000,0,0,0,22000
2305,全友            ,22000,1000,21000,0,0,0,0,0,0,0,0,0,0,0,0,0,21000
07023P,南電永豐99售02  ,0,0,0,0,0,0,0,0,0,21000,0,0,0,31000,10000,21000,21000
07765P,台積電群益9A售06,0,0,0,0,0,0,0,0,0,21000,0,0,0,21000,0,21000,21000
064744,創意國票01購02  ,0,0,0,0,0,0,0,0,0,21000,0,0,0,121000,100000,21000,21000
064647,致伸凱基9C購01  ,0,0,0,0,0,0,0,0,0,21000,0,0,0,21000,0,21000,21000
057202,TPK元富98購02   ,0,0,0,0,0,0,0,0,0,21000,0,0,0,21000,0,21000,21000
055448,健策統一97購02  ,0,0,0,0,0,0,0,0,0,21000,0,0,0,139000,118000,21000,21000
054931,緯穎凱基98購01  ,0,0,0,0,0,0,0,0,0,21000,0,0,0,25000,4000,21000,21000
056767,大毅元大99購01  ,0,0,0,0,0,0,0,0,0,21000,0,0,0,170000,149000,21000,21000
057637,上銀元大98購07  ,0,0,0,0,0,0,0,0,0,21000,0,0,0,23000,2000,21000,21000
061026,南電富邦9B購01  ,0,0,0,0,0,0,0,0,0,21000,0,0,0,21000,0,21000,21000
058596,旺宏台新99購01  ,0,0,0,0,0,0,0,0,0,21000,0,0,0,21000,0,21000,21000
061317,旺宏凱基9A購05  ,0,0,0,0,0,0,0,0,0,21000,0,0,0,21000,0,21000,21000
061368,南六國票9A購01  ,0,0,0,0,0,0,0,0,0,21000,0,0,0,136000,115000,21000,21000
061808,聯發科統一01購02,0,0,0,0,0,0,0,0,0,21000,0,0,0,111000,90000,21000,21000
061913,宏碁中信9B購01  ,0,0,0,0,0,0,0,0,0,21000,0,0,0,100000,79000,21000,21000
061530,智邦台新9A購02  ,0,0,0,0,0,0,0,0,0,21000,0,0,0,21000,0,21000,21000
062720,南亞科凱基9B購03,0,0,0,0,0,0,0,0,0,21000,0,0,0,21000,0,21000,21000
062513,玉晶光國票9C購01,0,13000,-13000,0,0,0,0,0,0,34000,0,0,0,112000,78000,34000,21000
063429,南電凱基01購01  ,0,0,0,0,0,0,0,0,0,21000,0,0,0,21000,0,21000,21000
063675,亞德客國泰01購01,0,0,0,0,0,0,0,0,0,21000,0,0,0,447000,426000,21000,21000
063647,超眾元大9B購02  ,0,0,0,0,0,0,0,0,0,21000,0,0,0,21000,0,21000,21000
063716,旺宏兆豐9B購01  ,0,0,0,0,0,0,0,0,0,21000,0,0,0,21000,0,21000,21000
06376P,上銀統一99售01  ,0,0,0,0,0,0,0,0,0,21000,0,0,0,64000,43000,21000,21000
064062,創意國泰01購01  ,0,0,0,0,0,0,0,0,0,21000,0,0,0,62000,41000,21000,21000
064009,超眾凱基01購01  ,0,0,0,0,0,0,0,0,0,21000,0,0,0,31000,10000,21000,21000
064201,新光金兆豐9C購01,0,0,0,0,0,0,0,0,0,21000,0,0,0,21000,0,21000,21000
064632,臺股指元大9C購18,0,0,0,0,0,0,0,0,0,20000,0,0,0,20000,0,20000,20000
064719,聯發科統一02購01,0,0,0,0,0,0,0,0,0,20000,0,0,0,20000,0,20000,20000
064805,金像電元大9C購04,0,0,0,0,0,0,0,0,0,20000,0,0,0,20000,0,20000,20000
06616P,國巨元大98售15  ,0,0,0,0,0,0,0,0,0,20000,0,0,0,22000,2000,20000,20000
06636P,可成凱基98售08  ,0,0,0,0,0,0,0,0,0,20000,0,0,0,20000,0,20000,20000
06490P,鴻海富邦99售02  ,0,0,0,0,0,0,0,0,0,20000,0,0,0,20000,0,20000,20000
07722P,玉晶光凱基9A售10,0,0,0,0,0,0,0,0,0,20000,0,0,0,70000,50000,20000,20000
07794P,智邦國票9A售03  ,0,0,0,0,0,0,0,0,0,20000,0,0,0,20000,0,20000,20000
07953P,健策元大9B售07  ,0,0,0,0,0,0,0,0,0,20000,0,0,0,30000,10000,20000,20000
07627P,超眾凱基9A售02  ,0,0,0,0,0,0,0,0,0,20000,0,0,0,20000,0,20000,20000
06870P,台灣50群益9A售03,0,0,0,0,0,0,0,0,0,20000,0,0,0,20000,0,20000,20000
07358P,鴻海元大99售39  ,0,0,0,0,0,0,0,0,0,20000,0,0,0,30000,10000,20000,20000
07284P,大立光凱基99售10,0,0,0,0,0,0,0,0,0,20000,0,0,0,20000,0,20000,20000
08327P,聯發科兆豐9C售03,0,0,0,0,0,0,0,0,0,20000,0,0,0,20000,0,20000,20000
08332P,智邦台新9C售03  ,0,0,0,0,0,0,0,0,0,20000,0,0,0,20000,0,20000,20000
08202P,台表科國泰01售04,0,0,0,0,0,0,0,0,0,20000,0,0,0,20000,0,20000,20000
08242P,聯發科凱基9C售06,0,0,0,0,0,0,0,0,0,20000,0,0,0,20000,0,20000,20000
08278P,玉晶光元富9C售02,0,0,0,0,0,0,0,0,0,20000,0,0,0,30000,10000,20000,20000
08264P,南電元大9C售02  ,0,0,0,0,0,0,0,0,0,20000,0,0,0,80000,60000,20000,20000
08078P,聯發科國票9B售04,0,0,0,0,0,0,0,0,0,20000,0,0,0,20000,0,20000,20000
1441,大東            ,33000,13000,20000,0,0,0,0,0,0,0,0,0,0,0,0,0,20000
08458P,南電元大9C售04  ,0,0,0,0,0,0,0,0,0,20000,0,0,0,20000,0,20000,20000
060998,華通兆豐9A購01  ,0,0,0,0,0,0,0,0,0,20000,0,0,0,113000,93000,20000,20000
057877,神達元大99購01  ,0,0,0,0,0,0,0,0,0,20000,0,0,0,20000,0,20000,20000
058576,南亞科群益99購01,0,0,0,0,0,0,0,0,0,20000,0,0,0,20000,0,20000,20000
061231,聚陽元大9A購02  ,0,0,0,0,0,0,0,0,0,20000,0,0,0,47000,27000,20000,20000
057605,旺宏統一99購03  ,0,0,0,0,0,0,0,0,0,20000,0,0,0,20000,0,20000,20000
057571,泰碩永豐98購01  ,0,0,0,0,0,0,0,0,0,20000,0,0,0,20000,0,20000,20000
057402,嘉晶群益98購02  ,0,0,0,0,0,0,0,0,0,20000,0,0,0,20000,0,20000,20000
056548,瀚宇博凱基98購02,0,0,0,0,0,0,0,0,0,20000,0,0,0,65000,45000,20000,20000
057784,台積電國票9B購01,0,0,0,0,0,0,0,0,0,20000,0,0,0,20000,0,20000,20000
057040,國巨元大98購12  ,0,0,0,0,0,0,0,0,0,20000,0,0,0,53000,33000,20000,20000
057108,潤泰全群益98購01,0,0,0,0,0,0,0,0,0,20000,0,0,0,20000,0,20000,20000
057283,欣興元大98購07  ,0,0,0,0,0,0,0,0,0,20000,0,0,0,20000,0,20000,20000
056092,亞德客元富97購02,0,0,0,0,0,0,0,0,0,20000,0,0,0,20000,0,20000,20000
055957,瑞昱元大97購06  ,0,0,0,0,0,0,0,0,0,20000,0,0,0,20000,0,20000,20000
055933,欣興群益98購02  ,0,0,0,0,0,0,0,0,0,20000,0,0,0,20000,0,20000,20000
054962,玉晶光元大99購02,0,0,0,0,0,0,0,0,0,20000,0,0,0,20000,0,20000,20000
054895,南電統一97購01  ,0,0,0,0,0,0,0,0,0,20000,0,0,0,20000,0,20000,20000
053749,揚明光永豐97購01,0,0,0,0,0,0,0,0,0,20000,0,0,0,20000,0,20000,20000
055235,金寶台新98購01  ,0,0,0,0,0,0,0,0,0,20000,0,0,0,20000,0,20000,20000
045055,聯發科元富98購03,0,0,0,0,0,0,0,0,0,20000,0,0,0,841000,821000,20000,20000
00690,兆豐藍籌30      ,0,0,0,0,0,0,0,0,0,20000,0,0,0,534000,514000,20000,20000
051926,聯電中信97購01  ,0,0,0,0,0,0,0,0,0,20000,0,0,0,20000,0,20000,20000
052354,健策群益96購02  ,0,0,0,0,0,0,0,0,0,20000,0,0,0,20000,0,20000,20000
053413,台積電國票99購01,0,0,0,0,0,0,0,0,0,20000,0,0,0,20000,0,20000,20000
056384,玉晶光國泰9A購02,0,0,0,0,0,0,0,0,0,20000,0,0,0,20000,0,20000,20000
055796,南電國泰98購01  ,0,0,0,0,0,0,0,0,0,20000,0,0,0,20000,0,20000,20000
054330,世芯永豐96購02  ,0,0,0,0,0,0,0,0,0,20000,0,0,0,30000,10000,20000,20000
054538,台光電國票98購01,0,0,0,0,0,0,0,0,0,20000,0,0,0,20000,0,20000,20000
054285,國巨元大98購02  ,0,0,0,0,0,0,0,0,0,20000,0,0,0,20000,0,20000,20000
055358,臻鼎凱基97購01  ,0,0,0,0,0,0,0,0,0,20000,0,0,0,20000,0,20000,20000
054774,同欣電國票98購01,0,0,0,0,0,0,0,0,0,20000,0,0,0,20000,0,20000,20000
061563,群創國票9B購02  ,0,0,0,0,0,0,0,0,0,20000,0,0,0,50000,30000,20000,20000
061542,旺宏群益9A購04  ,0,0,0,0,0,0,0,0,0,20000,0,0,0,20000,0,20000,20000
058106,神達統一98購02  ,0,0,0,0,0,0,0,0,0,20000,0,0,0,20000,0,20000,20000
05880P,創意康和96售01  ,0,0,0,0,0,0,0,0,0,20000,0,0,0,20000,0,20000,20000
058780,牧德國票9A購01  ,0,0,0,0,0,0,0,0,0,20000,0,0,0,20000,0,20000,20000
058785,臺股指國票99購04,0,0,0,0,0,0,0,0,0,20000,0,0,0,20000,0,20000,20000
058063,旺宏中信98購04  ,0,0,0,0,0,0,0,0,0,20000,0,0,0,20000,0,20000,20000
057855,晶技國票99購01  ,0,0,0,0,0,0,0,0,0,20000,0,0,0,20000,0,20000,20000
05958P,聯發科國票97售04,0,0,0,0,0,0,0,0,0,20000,0,0,0,20000,0,20000,20000
06185P,台表科元大97售05,0,0,0,0,0,0,0,0,0,20000,0,0,0,20000,0,20000,20000
061809,聯發科統一9C購05,0,0,0,0,0,0,0,0,0,20000,0,0,0,20000,0,20000,20000
061728,華新科麥證9A購02,0,0,0,20000,0,20000,0,0,0,20000,0,0,0,20000,0,20000,20000
061592,義隆永豐9A購03  ,0,0,0,0,0,0,0,0,0,20000,0,0,0,100000,80000,20000,20000
061602,旺宏凱基9A購06  ,0,0,0,0,0,0,0,0,0,20000,0,0,0,20000,0,20000,20000
060774,南亞科凱基9A購01,0,0,0,0,0,0,0,0,0,20000,0,0,0,20000,0,20000,20000
060659,鴻海凱基9B購03  ,0,0,0,0,0,0,0,0,0,20000,0,0,0,20000,0,20000,20000
060552,群創凱基9B購05  ,0,0,0,0,0,0,0,0,0,20000,0,0,0,20000,0,20000,20000
060544,國巨凱基9B購03  ,0,0,0,0,0,0,0,0,0,20000,0,0,0,20000,0,20000,20000
060565,大立光富邦01購01,0,0,0,0,0,0,0,0,0,20000,0,0,0,20000,0,20000,20000
060473,中租元大9A購03  ,0,0,0,0,0,0,0,0,0,20000,0,0,0,20000,0,20000,20000
059885,台積電國票99購12,0,0,0,0,0,0,0,0,0,20000,0,0,0,24000,4000,20000,20000
061216,世芯元大9A購06  ,0,0,0,0,0,0,0,0,0,20000,0,0,0,29000,9000,20000,20000
061180,華擎凱基9B購01  ,0,0,0,0,0,0,0,0,0,20000,0,0,0,20000,0,20000,20000
061390,大立光群益9A購04,0,0,0,0,0,0,0,0,0,20000,0,0,0,44000,24000,20000,20000
059334,A50正2國票9A購02,0,0,0,0,0,0,0,0,0,20000,0,0,0,25000,5000,20000,20000
058178,國巨國泰9A購02  ,0,0,0,0,0,0,0,0,0,20000,0,0,0,20000,0,20000,20000
058283,世紀鋼中信99購01,0,0,0,0,0,0,0,0,0,20000,0,0,0,20000,0,20000,20000
058259,訊連國泰9B購01  ,0,0,0,0,0,0,0,0,0,20000,0,0,0,20000,0,20000,20000
058268,泰碩永豐9A購01  ,0,0,0,0,0,0,0,0,0,20000,0,0,0,20000,0,20000,20000
058358,技嘉凱基9A購01  ,0,0,0,0,0,0,0,0,0,20000,0,0,0,59000,39000,20000,20000
058464,矽創兆豐9A購01  ,0,0,0,0,0,0,0,0,0,20000,0,0,0,20000,0,20000,20000
058437,可成統一9B購01  ,0,0,0,0,0,0,0,0,0,20000,0,0,0,50000,30000,20000,20000
058433,台積電統一9B購04,0,0,0,0,0,0,0,0,0,20000,0,0,0,20000,0,20000,20000
058983,旺宏凱基99購05  ,0,0,0,0,0,0,0,0,0,20000,0,0,0,20000,0,20000,20000
058984,全新凱基9A購03  ,0,0,0,0,0,0,0,0,0,20000,0,0,0,50000,30000,20000,20000
059107,南茂國泰9A購01  ,0,0,0,0,0,0,0,0,0,20000,0,0,0,101000,81000,20000,20000
059114,華新科永豐99購05,0,0,0,0,0,0,0,0,0,20000,0,0,0,36000,16000,20000,20000
057897,華通富邦99購01  ,0,0,0,0,0,0,0,0,0,20000,0,0,0,20000,0,20000,20000
057914,日月光日盛9A購01,0,0,0,0,0,0,0,0,0,20000,0,0,0,20000,0,20000,20000
059791,超眾元大99購06  ,0,0,0,0,0,0,0,0,0,20000,0,0,0,46000,26000,20000,20000
060259,潤泰全凱基9C購01,0,0,0,0,0,0,0,0,0,20000,0,0,0,26000,6000,20000,20000
059153,臺股指國票99購16,0,0,0,0,0,0,0,0,0,20000,0,0,0,20000,0,20000,20000
05915P,聯發科元大96售19,0,0,0,0,0,0,0,0,0,20000,0,0,0,20000,0,20000,20000
064212,可成凱基03購01  ,0,0,0,0,0,0,0,0,0,20000,0,0,0,34000,14000,20000,20000
064040,鴻海統一9C購18  ,0,0,0,0,0,0,0,0,0,20000,0,0,0,46000,26000,20000,20000
064498,可成元大01購03  ,0,0,0,0,0,0,0,0,0,20000,0,0,0,20000,0,20000,20000
064458,玉晶光統一01購09,0,0,0,0,0,0,0,0,0,20000,0,0,0,45000,25000,20000,20000
064424,華新科兆豐01購01,0,0,0,0,0,0,0,0,0,20000,0,0,0,20000,0,20000,20000
06436P,台光電國票98售04,0,0,0,0,0,0,0,0,0,20000,0,0,0,20000,0,20000,20000
063626,聚陽元大9B購03  ,0,0,0,0,0,0,0,0,0,20000,0,0,0,293000,273000,20000,20000
063865,旺宏永豐9C購01  ,0,0,0,0,0,0,0,0,0,20000,0,0,0,20000,0,20000,20000
063904,大立光麥證01購01,0,0,0,20000,0,20000,0,0,0,20000,0,0,0,20000,0,20000,20000
063421,可成凱基9C購02  ,0,0,0,0,0,0,0,0,0,20000,0,0,0,20000,0,20000,20000
063380,台表科永豐9B購03,0,0,0,0,0,0,0,0,0,20000,0,0,0,30000,10000,20000,20000
06262P,國巨凱基97售07  ,0,0,0,0,0,0,0,0,0,20000,0,0,0,20000,0,20000,20000
062586,國巨統一01購06  ,0,0,0,0,0,0,0,0,0,20000,0,0,0,20000,0,20000,20000
062338,鴻海麥證9B購01  ,0,0,0,20000,0,20000,0,0,0,20000,0,0,0,20000,0,20000,20000
062365,台光電元大9B購03,0,0,0,0,0,0,0,0,0,20000,0,0,0,112000,92000,20000,20000
062406,臻鼎永豐9B購01  ,0,0,0,0,0,0,0,0,0,20000,0,0,0,20000,0,20000,20000
062160,南六凱基9B購01  ,0,0,0,0,0,0,0,0,0,20000,0,0,0,26000,6000,20000,20000
062116,元金2X第一9B購01,0,0,0,0,0,0,0,0,0,20000,0,0,0,20000,0,20000,20000
061794,國巨永豐9B購01  ,0,0,0,0,0,0,0,0,0,20000,0,0,0,20000,0,20000,20000
061753,南亞科台新9B購01,0,0,0,0,0,0,0,0,0,20000,0,0,0,20000,0,20000,20000
061984,華新科元大9B購05,0,0,0,0,0,0,0,0,0,20000,0,0,0,20000,0,20000,20000
062734,臺指反國票9C購03,0,0,0,0,0,0,0,0,0,20000,0,0,0,50000,30000,20000,20000
062745,聯詠永豐9B購01  ,0,0,0,0,0,0,0,0,0,20000,0,0,0,20000,0,20000,20000
062784,世芯元大9B購01  ,0,0,0,0,0,0,0,0,0,20000,0,0,0,141000,121000,20000,20000
06293P,臺股指國票97售07,0,0,0,0,0,0,0,0,0,20000,0,0,0,20000,0,20000,20000
063194,華新科台新9B購01,0,0,0,0,0,0,0,0,0,20000,0,0,0,20000,0,20000,20000
063273,緯穎兆豐9C購01  ,0,0,0,0,0,0,0,0,0,20000,0,0,0,40000,20000,20000,20000
062994,祥碩群益9B購05  ,0,0,0,0,0,0,0,0,0,20000,0,0,0,20000,0,20000,20000
9927,泰銘            ,30000,10000,20000,0,0,0,0,0,0,0,0,0,0,0,0,0,20000
1435,中福            ,20000,1000,19000,0,0,0,0,0,0,0,0,0,0,0,0,0,19000
08147P,聯發科群益9B售10,0,0,0,0,0,0,0,0,0,19000,0,0,0,159000,140000,19000,19000
08209P,上銀元富9B售06  ,0,0,0,0,0,0,0,0,0,19000,0,0,0,59000,40000,19000,19000
2701,萬企            ,19000,0,19000,0,0,0,0,0,0,0,0,0,0,0,0,0,19000
07757P,國巨國票9B售04  ,0,0,0,0,0,0,0,0,0,19000,0,0,0,20000,1000,19000,19000
06510P,燿華永豐98售03  ,0,0,0,0,0,0,0,0,0,19000,0,0,0,25000,6000,19000,19000
054799,超眾群益98購01  ,0,0,0,0,0,0,0,0,0,19000,0,0,0,19000,0,19000,19000
055417,健策富邦98購02  ,0,0,0,0,0,0,0,0,0,19000,0,0,0,717000,698000,19000,19000
054256,創意元大96購07  ,0,0,0,0,0,0,0,0,0,19000,0,0,0,19000,0,19000,19000
053059,聯發科永昌99購01,0,0,0,0,0,0,0,0,0,19000,0,0,0,20000,1000,19000,19000
0051,元大中型100     ,2000,3000,-1000,0,0,0,0,0,0,20000,0,0,0,21000,1000,20000,19000
055176,大毅統一98購02  ,0,0,0,0,0,0,0,0,0,19000,0,0,0,52000,33000,19000,19000
056290,正文永豐98購01  ,0,0,0,0,0,0,0,0,0,19000,0,0,0,19000,0,19000,19000
057817,景碩元大98購01  ,0,0,0,0,0,0,0,0,0,19000,0,0,0,65000,46000,19000,19000
059693,智原永豐99購01  ,0,0,0,0,0,0,0,0,0,19000,0,0,0,32000,13000,19000,19000
059762,禾伸堂永豐99購02,0,0,0,0,0,0,0,0,0,19000,0,0,0,36000,17000,19000,19000
059721,旺宏元大99購16  ,0,0,0,0,0,0,0,0,0,19000,0,0,0,33000,14000,19000,19000
058669,上銀群益99購01  ,0,0,0,0,0,0,0,0,0,19000,0,0,0,19000,0,19000,19000
058360,台光電凱基9A購02,0,0,0,0,0,0,0,0,0,19000,0,0,0,19000,0,19000,19000
061395,健策統一9C購02  ,0,0,0,0,0,0,0,0,0,19000,0,0,0,53000,34000,19000,19000
059275,可成元大99購05  ,0,0,0,0,0,0,0,0,0,19000,0,0,0,19000,0,19000,19000
061941,道瓊指群益9B購01,0,0,0,0,0,0,0,0,0,19000,0,0,0,26000,7000,19000,19000
058775,台積電國票9A購02,0,0,0,0,0,0,0,0,0,19000,0,0,0,27000,8000,19000,19000
063093,國產國票9B購01  ,0,0,0,0,0,0,0,0,0,19000,0,0,0,19000,0,19000,19000
063188,TPK凱基9B購01   ,0,0,0,0,0,0,0,0,0,19000,0,0,0,230000,211000,19000,19000
062898,華通元大9B購05  ,0,0,0,0,0,0,0,0,0,19000,0,0,0,63000,44000,19000,19000
062679,技嘉統一01購01  ,0,0,0,0,0,0,0,0,0,19000,0,0,0,324000,305000,19000,19000
062425,可成統一01購01  ,0,0,0,0,0,0,0,0,0,19000,0,0,0,50000,31000,19000,19000
064276,聯發科元大9C購07,0,0,0,0,0,0,0,0,0,19000,0,0,0,100000,81000,19000,19000
063946,聯發科元大9C購04,0,0,0,0,0,0,0,0,0,19000,0,0,0,19000,0,19000,19000
064183,聯茂富邦01購01  ,0,0,0,0,0,0,0,0,0,19000,0,0,0,179000,160000,19000,19000
6558,興能高          ,174000,148000,26000,0,0,0,0,0,0,-7000,0,7000,-7000,0,0,0,19000
1447,力鵬            ,341000,322760,18240,0,0,0,0,0,0,0,0,0,0,0,0,0,18240
08403P,上銀元大9C售07  ,0,0,0,0,0,0,0,0,0,18000,0,0,0,18000,0,18000,18000
1465,偉全            ,50000,32000,18000,0,0,0,0,0,0,0,0,0,0,0,0,0,18000
08320P,智邦統一9C售02  ,0,0,0,0,0,0,0,0,0,18000,0,0,0,50000,32000,18000,18000
08070P,晶技國泰9C售02  ,0,0,0,0,0,0,0,0,0,18000,0,0,0,18000,0,18000,18000
4438,廣越            ,19000,1000,18000,0,0,0,0,0,0,0,0,0,0,0,0,0,18000
4190,佐登-KY         ,20000,3000,17000,0,0,0,0,0,0,1000,0,0,0,1000,0,1000,18000
06788P,臺股指元大98售05,0,0,0,0,0,0,0,0,0,18000,0,0,0,108000,90000,18000,18000
057437,可成國票99購01  ,0,0,0,0,0,0,0,0,0,18000,0,0,0,42000,24000,18000,18000
056103,聯發科永豐97購03,0,0,0,0,0,0,0,0,0,18000,0,0,0,18000,0,18000,18000
057103,禾伸堂中信9A購01,0,0,0,0,0,0,0,0,0,18000,0,0,0,38000,20000,18000,18000
057143,台郡兆豐98購01  ,0,0,0,0,0,0,0,0,0,18000,0,0,0,18000,0,18000,18000
057341,技嘉台新98購01  ,0,0,0,0,0,0,0,0,0,18000,0,0,0,18000,0,18000,18000
057003,立積國票98購01  ,0,0,0,0,0,0,0,0,0,18000,0,0,0,18000,0,18000,18000
055221,矽創凱基97購02  ,0,0,0,0,0,0,0,0,0,18000,0,0,0,20000,2000,18000,18000
055196,致新元富97購01  ,0,0,0,0,0,0,0,0,0,18000,0,0,0,55000,37000,18000,18000
053854,聯茂國泰97購02  ,0,0,0,0,0,0,0,0,0,18000,0,0,0,26000,8000,18000,18000
00660,元大歐洲50      ,1000,0,1000,0,0,0,0,0,0,17000,0,0,0,28000,11000,17000,18000
051269,康友富邦97購01  ,0,0,0,0,0,0,0,0,0,18000,0,0,0,18000,0,18000,18000
052536,聯茂國泰97購01  ,0,0,0,0,0,0,0,0,0,18000,0,0,0,18000,0,18000,18000
055433,嘉聯益群益99購01,0,0,0,0,0,0,0,0,0,18000,0,0,0,98000,80000,18000,18000
055695,大毅國票98購03  ,0,0,0,0,0,0,0,0,0,18000,0,0,0,18000,0,18000,18000
058761,欣興群益99購02  ,0,0,0,0,0,0,0,0,0,18000,0,0,0,18000,0,18000,18000
061505,力成國票9A購03  ,0,0,0,0,0,0,0,0,0,18000,0,0,0,18000,0,18000,18000
061962,台積電統一01購03,0,0,0,0,0,0,0,0,0,18000,0,0,0,55000,37000,18000,18000
061912,台積電中信05購05,0,0,0,0,0,0,0,0,0,18000,0,0,0,19000,1000,18000,18000
060412,儒鴻永豐9A購01  ,0,0,0,0,0,0,0,0,0,18000,0,0,0,71000,53000,18000,18000
060435,鈺齊永豐9A購01  ,0,0,0,0,0,0,0,0,0,18000,0,0,0,72000,54000,18000,18000
058015,旺宏凱基99購02  ,0,0,0,0,0,0,0,0,0,18000,0,0,0,18000,0,18000,18000
059335,台灣50凱基03購02,0,0,0,0,0,0,0,0,0,18000,0,0,0,18000,0,18000,18000
060227,和大元大9A購01  ,0,0,0,0,0,0,0,0,0,18000,0,0,0,26000,8000,18000,18000
060229,楠梓電元大9C購01,0,0,0,0,0,0,0,0,0,18000,0,0,0,25000,7000,18000,18000
058524,超眾元大99購04  ,0,0,0,0,0,0,0,0,0,18000,0,0,0,18000,0,18000,18000
058517,景碩元大99購06  ,0,0,0,0,0,0,0,0,0,18000,0,0,0,30000,12000,18000,18000
057935,晶技群益98購02  ,0,0,0,0,0,0,0,0,0,18000,0,0,0,18000,0,18000,18000
058897,國巨元大99購17  ,0,0,0,0,0,0,0,0,0,18000,0,0,0,131000,113000,18000,18000
058700,鴻海元大99購15  ,0,0,0,0,0,0,0,0,0,18000,0,0,0,20000,2000,18000,18000
058996,台達電元大99購02,0,0,0,0,0,0,0,0,0,18000,0,0,0,18000,0,18000,18000
058937,仁寶中信99購01  ,0,0,0,0,0,0,0,0,0,18000,0,0,0,28000,10000,18000,18000
059238,台積電凱基99購11,0,0,0,0,0,0,0,0,0,18000,0,0,0,33000,15000,18000,18000
059435,大立光元大99購17,0,0,0,0,0,0,0,0,0,18000,0,0,0,20000,2000,18000,18000
063966,大毅國票01購01  ,0,0,0,0,0,0,0,0,0,18000,0,0,0,39000,21000,18000,18000
064332,聯發科元大01購01,0,0,0,0,0,0,0,0,0,18000,0,0,0,275000,257000,18000,18000
063364,聯發科富邦01購02,0,0,0,0,0,0,0,0,0,18000,0,0,0,274000,256000,18000,18000
063331,瑞儀國票9C購01  ,0,0,0,0,0,0,0,0,0,18000,0,0,0,18000,0,18000,18000
063469,牧德元大9C購02  ,0,0,0,0,0,0,0,0,0,18000,0,0,0,18000,0,18000,18000
063614,美食群益9B購03  ,0,0,0,0,0,0,0,0,0,18000,0,0,0,105000,87000,18000,18000
062545,嘉晶永豐9B購01  ,0,0,0,0,0,0,0,0,0,18000,0,0,0,18000,0,18000,18000
061735,上銀凱基9B購01  ,0,0,0,0,0,0,0,0,0,18000,0,0,0,18000,0,18000,18000
062212,臻鼎台新9B購01  ,0,0,0,0,0,0,0,0,0,18000,0,0,0,19000,1000,18000,18000
062656,全新永豐9B購01  ,0,0,0,0,0,0,0,0,0,18000,0,0,0,18000,0,18000,18000
063133,喬山統一01購01  ,0,0,0,0,0,0,0,0,0,18000,0,0,0,28000,10000,18000,18000
064619,南亞科元大9C購05,0,0,0,0,0,0,0,0,0,17000,0,0,0,170000,153000,17000,17000
07890P,南電國票9B售01  ,0,0,0,0,0,0,0,0,0,17000,0,0,0,48000,31000,17000,17000
06890P,金融類元大98售02,0,0,0,0,0,0,0,0,0,17000,0,0,0,17000,0,17000,17000
4763,材料-KY         ,31000,10000,21000,0,0,0,0,0,0,-4000,0,4000,-4000,0,0,0,17000
5907,大洋-KY         ,32000,15000,17000,0,0,0,0,0,0,0,0,0,0,0,0,0,17000
1456,怡華            ,17000,0,17000,0,0,0,0,0,0,0,0,0,0,0,0,0,17000
1702,南僑            ,80000,49000,31000,0,0,0,0,0,0,-14000,0,14000,-14000,0,0,0,17000
057150,貿聯國票99購02  ,0,0,0,0,0,0,0,0,0,17000,0,0,0,17000,0,17000,17000
053122,美律凱基98購01  ,0,0,0,0,0,0,0,0,0,17000,0,0,0,17000,0,17000,17000
055312,台虹群益99購01  ,0,0,0,0,0,0,0,0,0,17000,0,0,0,57000,40000,17000,17000
054665,華通元富97購02  ,0,0,0,0,0,0,0,0,0,17000,0,0,0,20000,3000,17000,17000
00688L,國泰20年美債正2 ,50000,0,50000,0,0,0,0,0,0,-33000,0,0,0,100000,133000,-33000,17000
00683L,元大美元指數正2 ,0,0,0,0,0,0,0,0,0,17000,0,0,0,25000,8000,17000,17000
057093,臻鼎元富98購02  ,0,0,0,0,0,0,0,0,0,17000,0,0,0,17000,0,17000,17000
057481,技嘉元大98購04  ,0,0,0,0,0,0,0,0,0,17000,0,0,0,67000,50000,17000,17000
057563,旭富國泰9A購01  ,0,0,0,0,0,0,0,0,0,17000,0,0,0,17000,0,17000,17000
057550,聯發科凱基02購01,0,0,0,0,0,0,0,0,0,17000,0,0,0,17000,0,17000,17000
057743,華擎永豐98購03  ,0,0,0,0,0,0,0,0,0,17000,0,0,0,54000,37000,17000,17000
060878,奇力新中信9C購01,0,0,0,0,0,0,0,0,0,17000,0,0,0,17000,0,17000,17000
060921,中橡永豐9A購02  ,0,0,0,0,0,0,0,0,0,17000,0,0,0,17000,0,17000,17000
059029,旺宏兆豐99購01  ,0,0,0,0,0,0,0,0,0,17000,0,0,0,27000,10000,17000,17000
061150,國巨群益9A購09  ,0,0,0,0,0,0,0,0,0,17000,0,0,0,19000,2000,17000,17000
060326,群光群益9A購01  ,0,0,0,0,0,0,0,0,0,17000,0,0,0,17000,0,17000,17000
061882,矽創元大9B購01  ,0,0,0,0,0,0,0,0,0,17000,0,0,0,246000,229000,17000,17000
061457,TPK凱基9A購01   ,0,0,0,0,0,0,0,0,0,17000,0,0,0,19000,2000,17000,17000
063138,聯發科統一01購05,0,0,0,0,0,0,0,0,0,17000,0,0,0,20000,3000,17000,17000
062826,奇力新群益9C購01,0,0,0,0,0,0,0,0,0,17000,0,0,0,17000,0,17000,17000
062197,聯發科中信01購03,0,0,0,0,0,0,0,0,0,17000,0,0,0,22000,5000,17000,17000
061986,晶豪科元大9B購01,0,0,0,0,0,0,0,0,0,17000,0,0,0,52000,35000,17000,17000
062588,國巨統一9B購14  ,0,0,0,0,0,0,0,0,0,17000,0,0,0,20000,3000,17000,17000
062301,聯詠中信05購01  ,0,0,0,0,0,0,0,0,0,17000,0,0,0,103000,86000,17000,17000
063839,華通元大9C購02  ,0,0,0,0,0,0,0,0,0,17000,0,0,0,79000,62000,17000,17000
1108,幸福            ,469000,482000,-13000,0,0,0,0,0,0,29000,29000,0,29000,0,0,0,16000
07999P,台達電凱基9B售02,0,0,0,0,0,0,0,0,0,16000,0,0,0,18000,2000,16000,16000
08299P,玉晶光國票02售01,0,0,0,0,0,0,0,0,0,16000,0,0,0,25000,9000,16000,16000
3583,辛耘            ,36000,20000,16000,0,0,0,0,0,0,0,0,0,0,0,0,0,16000
06912P,台光電元大99售02,0,0,0,0,0,0,0,0,0,16000,0,0,0,60000,44000,16000,16000
07045P,上銀國票9A售01  ,0,0,0,0,0,0,0,0,0,16000,0,0,0,16000,0,16000,16000
07814P,華通群益9A售06  ,0,0,0,0,0,0,0,0,0,16000,0,0,0,52000,36000,16000,16000
064852,智邦台新9C購04  ,0,0,0,0,0,0,0,0,0,16000,0,0,0,16000,0,16000,16000
06691P,臺股指群益9C售05,0,0,0,0,0,0,0,0,0,16000,0,0,0,25000,9000,16000,16000
061278,和大統一9A購01  ,0,0,0,0,0,0,0,0,0,16000,0,0,0,16000,0,16000,16000
060965,中租凱基9B購01  ,0,0,0,0,0,0,0,0,0,16000,0,0,0,399000,383000,16000,16000
056763,國巨元大99購02  ,0,0,0,0,0,0,0,0,0,16000,0,0,0,38000,22000,16000,16000
056903,大立光元大99購04,0,0,0,0,0,0,0,0,0,16000,0,0,0,16000,0,16000,16000
056233,超眾凱基97購02  ,0,0,0,0,0,0,0,0,0,16000,0,0,0,86000,70000,16000,16000
00702,國泰標普低波高息,0,4000,-4000,0,0,0,0,0,0,20000,0,0,0,22000,2000,20000,16000
052961,國巨凱基97購02  ,0,0,0,0,0,0,0,0,0,16000,0,0,0,16000,0,16000,16000
053654,聯發科凱基98購01,0,0,0,0,0,0,0,0,0,16000,0,0,0,16000,0,16000,16000
055469,台光電凱基97購01,0,0,0,0,0,0,0,0,0,16000,0,0,0,16000,0,16000,16000
055497,開發金元大97購01,0,0,0,0,0,0,0,0,0,16000,0,0,0,16000,0,16000,16000
061450,嘉晶中信9A購01  ,0,0,0,0,0,0,0,0,0,16000,0,0,0,36000,20000,16000,16000
058777,台光電國票9A購01,0,0,0,0,0,0,0,0,0,16000,0,0,0,16000,0,16000,16000
058769,友達兆豐99購01  ,0,0,0,0,0,0,0,0,0,16000,0,0,0,18000,2000,16000,16000
061654,旺宏國票9A購02  ,0,0,0,0,0,0,0,0,0,16000,0,0,0,16000,0,16000,16000
059934,華通永豐99購02  ,0,0,0,0,0,0,0,0,0,16000,0,0,0,17000,1000,16000,16000
060063,可成兆豐9B購01  ,0,0,0,0,0,0,0,0,0,16000,0,0,0,26000,10000,16000,16000
060554,中租凱基9A購01  ,0,0,0,0,0,0,0,0,0,16000,0,0,0,26000,10000,16000,16000
059284,緯穎永豐99購03  ,0,0,0,0,0,0,0,0,0,16000,0,0,0,36000,20000,16000,16000
058680,國巨麥證99購02  ,0,0,0,16000,0,16000,0,0,0,16000,0,0,0,16000,0,16000,16000
05912P,和大元大96售01  ,0,0,0,0,0,0,0,0,0,16000,0,0,0,16000,0,16000,16000
063707,儒鴻凱基9C購01  ,0,0,0,0,0,0,0,0,0,16000,0,0,0,85000,69000,16000,16000
063609,南電凱基9B購05  ,0,0,0,0,0,0,0,0,0,16000,0,0,0,16000,0,16000,16000
063531,台表科凱基9B購04,0,0,0,0,0,0,0,0,0,16000,0,0,0,16000,0,16000,16000
063398,信邦群益9B購02  ,0,0,0,0,0,0,0,0,0,16000,0,0,0,26000,10000,16000,16000
063466,美食元大9B購02  ,0,0,0,0,0,0,0,0,0,16000,0,0,0,98000,82000,16000,16000
064303,新光金兆豐01購01,0,0,0,0,0,0,0,0,0,16000,0,0,0,16000,0,16000,16000
064203,康控兆豐9C購02  ,0,0,0,0,0,0,0,0,0,16000,0,0,0,20000,4000,16000,16000
062590,亞光統一9B購01  ,0,0,0,0,0,0,0,0,0,16000,0,0,0,31000,15000,16000,16000
062268,力山群益9B購01  ,0,0,0,0,0,0,0,0,0,16000,0,0,0,45000,29000,16000,16000
062874,微星兆豐9B購01  ,0,0,0,0,0,0,0,0,0,16000,0,0,0,30000,14000,16000,16000
062677,儒鴻統一01購01  ,0,0,0,0,0,0,0,0,0,16000,0,0,0,30000,14000,16000,16000
063123,聯發科元大9B購16,0,0,0,0,0,0,0,0,0,16000,0,0,0,30000,14000,16000,16000
6591,動力-KY         ,27000,11000,16000,0,0,0,0,0,0,0,0,0,0,0,0,0,16000
9943,好樂迪          ,28000,12000,16000,0,0,0,0,0,0,0,0,0,0,0,0,0,16000
06515P,國巨凱基98售06  ,0,0,0,0,0,0,0,0,0,15000,0,0,0,15000,0,15000,15000
064771,貿聯中信01購01  ,0,0,0,0,0,0,0,0,0,15000,0,0,0,15000,0,15000,15000
07903P,台積電群益9B售03,0,0,0,0,0,0,0,0,0,15000,0,0,0,20000,5000,15000,15000
07400P,國巨凱基99售20  ,0,0,0,0,0,0,0,0,0,15000,0,0,0,20000,5000,15000,15000
3704,合勤控          ,104000,86000,18000,0,0,0,0,0,0,-3000,0,0,0,0,3000,-3000,15000
3312,弘憶股          ,73000,49000,24000,0,0,0,0,0,0,-9000,0,9000,-9000,0,0,0,15000
3033,威健            ,23000,7000,16000,0,0,0,0,0,0,-1000,0,1000,-1000,0,0,0,15000
2838A,聯邦銀甲特      ,2000,0,2000,0,0,0,0,0,0,13000,23000,10000,13000,0,0,0,15000
08330P,聯發科統一9C售13,0,0,0,0,0,0,0,0,0,15000,0,0,0,20000,5000,15000,15000
07992P,玉晶光群益01售04,0,0,0,0,0,0,0,0,0,15000,0,0,0,15000,0,15000,15000
08145P,台灣50群益9B售11,0,0,0,0,0,0,0,0,0,15000,0,0,0,93000,78000,15000,15000
1220,台榮            ,36000,21000,15000,0,0,0,0,0,0,0,0,0,0,0,0,0,15000
1806,冠軍            ,25000,10000,15000,0,0,0,0,0,0,0,0,0,0,0,0,0,15000
055505,新唐元大97購02  ,0,0,0,0,0,0,0,0,0,15000,0,0,0,15000,0,15000,15000
056410,康控國票99購01  ,0,0,0,0,0,0,0,0,0,15000,0,0,0,20000,5000,15000,15000
056366,玉晶光元大99購04,0,0,0,0,0,0,0,0,0,15000,0,0,0,92000,77000,15000,15000
055797,華通富邦98購01  ,0,0,0,0,0,0,0,0,0,15000,0,0,0,15000,0,15000,15000
055353,華新科凱基98購03,0,0,0,0,0,0,0,0,0,15000,0,0,0,79000,64000,15000,15000
053226,國巨台新97購02  ,0,0,0,0,0,0,0,0,0,15000,0,0,0,16000,1000,15000,15000
054564,玉晶光群益99購01,0,0,0,0,0,0,0,0,0,15000,0,0,0,16000,1000,15000,15000
054376,聯茂中信97購01  ,0,0,0,0,0,0,0,0,0,15000,0,0,0,18000,3000,15000,15000
053579,華通元大97購01  ,0,0,0,0,0,0,0,0,0,15000,0,0,0,15000,0,15000,15000
053771,華新元大97購01  ,0,0,0,0,0,0,0,0,0,15000,0,0,0,15000,0,15000,15000
054938,國巨元大97購04  ,0,0,0,0,0,0,0,0,0,15000,0,0,0,15000,0,15000,15000
052514,嘉澤凱基96購01  ,0,0,0,0,0,0,0,0,0,15000,0,0,0,15000,0,15000,15000
052945,嘉晶國票97購01  ,0,0,0,0,0,0,0,0,0,15000,0,0,0,15000,0,15000,15000
056321,創意群益98購02  ,0,0,0,0,0,0,0,0,0,15000,0,0,0,15000,0,15000,15000
056427,上銀凱基98購03  ,0,0,0,0,0,0,0,0,0,15000,0,0,0,15000,0,15000,15000
056471,台光電元大99購01,0,0,0,0,0,0,0,0,0,15000,0,0,0,19000,4000,15000,15000
056501,貿聯富邦99購01  ,0,0,0,0,0,0,0,0,0,15000,0,0,0,15000,0,15000,15000
05730P,臺股指凱基97售03,0,0,0,0,0,0,0,0,0,15000,0,0,0,15000,0,15000,15000
056769,國產元大98購01  ,0,0,0,0,0,0,0,0,0,15000,0,0,0,15000,0,15000,15000
056644,宏達電凱基98購04,0,0,0,0,0,0,0,0,0,15000,0,0,0,91000,76000,15000,15000
057343,道瓊反統一9A購01,0,0,0,0,0,0,0,0,0,15000,0,0,0,15000,0,15000,15000
057338,群創國票99購01  ,0,0,0,0,0,0,0,0,0,15000,0,0,0,15000,0,15000,15000
056978,技嘉群益99購01  ,0,0,0,0,0,0,0,0,0,15000,0,0,0,30000,15000,15000,15000
060989,國泰金元大9A購02,0,0,0,0,0,0,0,0,0,15000,0,0,0,15000,0,15000,15000
061006,新光金兆豐9A購01,0,0,0,0,0,0,0,0,0,15000,0,0,0,35000,20000,15000,15000
061246,玉晶光群益9A購08,0,0,0,0,0,0,0,0,0,15000,0,0,0,21000,6000,15000,15000
060956,超眾群益9A購01  ,0,0,0,0,0,0,0,0,0,15000,0,0,0,15000,0,15000,15000
060886,國巨統一01購03  ,0,0,0,0,0,0,0,0,0,15000,0,0,0,51000,36000,15000,15000
057638,上銀元大99購01  ,0,0,0,0,0,0,0,0,0,15000,0,0,0,25000,10000,15000,15000
059443,嘉聯益元大9B購01,0,0,0,0,0,0,0,0,0,15000,0,0,0,38000,23000,15000,15000
059726,華新科元大99購18,0,0,0,0,0,0,0,0,0,15000,0,0,0,16000,1000,15000,15000
059113,群光永豐99購01  ,0,0,0,0,0,0,0,0,0,15000,0,0,0,15000,0,15000,15000
058487,晶技國票9A購01  ,0,0,0,0,0,0,0,0,0,15000,0,0,0,15000,0,15000,15000
058413,義隆兆豐99購01  ,0,0,0,0,0,0,0,0,0,15000,0,0,0,15000,0,15000,15000
058257,聯陽國泰9B購01  ,0,0,0,0,0,0,0,0,0,15000,0,0,0,15000,0,15000,15000
060768,鴻海麥證9A購02  ,0,0,0,16000,1000,15000,0,0,0,15000,0,0,0,16000,1000,15000,15000
060731,奇力新群益9A購01,0,0,0,0,0,0,0,0,0,15000,0,0,0,15000,0,15000,15000
061815,奇力新群益9B購02,0,0,0,0,0,0,0,0,0,15000,0,0,0,15000,0,15000,15000
061948,美食群益9B購01  ,0,0,0,0,0,0,0,0,0,15000,0,0,0,15000,0,15000,15000
058749,康控凱基99購03  ,0,0,0,0,0,0,0,0,0,15000,0,0,0,15000,0,15000,15000
061466,創意群益9A購01  ,0,0,0,0,0,0,0,0,0,15000,0,0,0,25000,10000,15000,15000
061501,嘉澤國票9A購01  ,0,0,0,0,0,0,0,0,0,15000,0,0,0,15000,0,15000,15000
063147,東元元富9B購01  ,0,0,0,0,0,0,0,0,0,15000,0,0,0,15000,0,15000,15000
063007,儒鴻元大9B購01  ,0,0,0,0,0,0,0,0,0,15000,0,0,0,32000,17000,15000,15000
063204,高鐵統一9C購01  ,0,0,0,0,0,0,0,0,0,15000,0,0,0,36000,21000,15000,15000
063291,緯穎元大01購01  ,0,0,0,0,0,0,0,0,0,15000,0,0,0,35000,20000,15000,15000
062635,創意國票9B購01  ,0,0,0,0,0,0,0,0,0,15000,0,0,0,63000,48000,15000,15000
062346,智邦群益9B購02  ,0,0,0,0,0,0,0,0,0,15000,0,0,0,48000,33000,15000,15000
06234P,亞德客元大97售02,0,0,0,0,0,0,0,0,0,15000,0,0,0,15000,0,15000,15000
062404,新唐永豐9B購01  ,0,0,0,0,0,0,0,0,0,15000,0,0,0,30000,15000,15000,15000
062446,聯詠元大9B購02  ,0,0,0,0,0,0,0,0,0,15000,0,0,0,30000,15000,15000,15000
063978,美食兆豐9C購01  ,0,0,0,0,0,0,0,0,0,15000,0,0,0,15000,0,15000,15000
063353,上銀元富9B購03  ,0,0,0,0,0,0,0,0,0,15000,0,0,0,53000,38000,15000,15000
063633,金像電元大9B購05,0,0,0,0,0,0,0,0,0,15000,0,0,0,40000,25000,15000,15000
1225,福懋油          ,16000,2000,14000,0,0,0,0,0,0,0,0,0,0,0,0,0,14000
3027,盛達            ,20000,6000,14000,0,0,0,0,0,0,0,0,0,0,0,0,0,14000
6128,上福            ,15000,1000,14000,0,0,0,0,0,0,0,0,0,0,0,0,0,14000
07013P,玉晶光群益9A售06,0,0,0,0,0,0,0,0,0,14000,0,0,0,24000,10000,14000,14000
07617P,聯發科中信9C售04,0,0,0,0,0,0,0,0,0,14000,0,0,0,98000,84000,14000,14000
064877,可成兆豐9C購02  ,0,0,0,0,0,0,0,0,0,14000,0,0,0,14000,0,14000,14000
064835,嘉晶統一02購01  ,0,0,0,0,0,0,0,0,0,14000,0,0,0,48000,34000,14000,14000
06755P,大立光永豐98售03,0,0,0,0,0,0,0,0,0,14000,0,0,0,21000,7000,14000,14000
056639,國產康和98購01  ,0,0,0,0,0,0,0,0,0,14000,0,0,0,24000,10000,14000,14000
00851,台新全球AI      ,0,0,0,0,0,0,0,0,0,14000,0,0,0,38000,24000,14000,14000
055182,京鼎統一98購01  ,0,0,0,0,0,0,0,0,0,14000,0,0,0,14000,0,14000,14000
057233,聯發科凱基98購14,0,0,0,0,0,0,0,0,0,14000,0,0,0,15000,1000,14000,14000
061341,華新科元大9A購16,0,0,0,0,0,0,0,0,0,14000,0,0,0,14000,0,14000,14000
060601,技嘉凱基9A購02  ,0,0,0,0,0,0,0,0,0,14000,0,0,0,16000,2000,14000,14000
060702,玉晶光國泰9C購02,0,0,0,0,0,0,0,0,0,14000,0,0,0,19000,5000,14000,14000
060680,玉晶光元大9C購03,0,0,0,0,0,0,0,0,0,14000,0,0,0,30000,16000,14000,14000
059919,宏達電元大99購06,0,0,0,0,0,0,0,0,0,14000,0,0,0,67000,53000,14000,14000
060480,億豐元大9A購02  ,0,0,0,0,0,0,0,0,0,14000,0,0,0,24000,10000,14000,14000
058335,鴻海元富99購06  ,0,0,0,0,0,0,0,0,0,14000,0,0,0,14000,0,14000,14000
058457,創意永豐99購01  ,0,0,0,0,0,0,0,0,0,14000,0,0,0,34000,20000,14000,14000
061178,晶技凱基9B購01  ,0,0,0,0,0,0,0,0,0,14000,0,0,0,14000,0,14000,14000
059359,精元永豐99購01  ,0,0,0,0,0,0,0,0,0,14000,0,0,0,78000,64000,14000,14000
058967,可成麥證99購01  ,0,0,0,28000,14000,14000,0,0,0,14000,0,0,0,28000,14000,14000,14000
057904,矽力永豐98購01  ,0,0,0,0,0,0,0,0,0,14000,0,0,0,15000,1000,14000,14000
063919,大立光元富03購01,0,0,0,0,0,0,0,0,0,14000,0,0,0,30000,16000,14000,14000
063879,台積電元富9C購01,0,0,0,0,0,0,0,0,0,14000,0,0,0,14000,0,14000,14000
063507,奇鋐群益9B購02  ,0,0,0,0,0,0,0,0,0,14000,0,0,0,19000,5000,14000,14000
064394,全新永豐9C購02  ,0,0,0,0,0,0,0,0,0,14000,0,0,0,14000,0,14000,14000
062074,旺宏元大9B購04  ,0,0,0,0,0,0,0,0,0,14000,0,0,0,15000,1000,14000,14000
063213,智伸科國票9C購01,0,0,0,0,0,0,0,0,0,14000,0,0,0,14000,0,14000,14000
063182,國巨凱基9B購10  ,0,0,0,0,0,0,0,0,0,14000,0,0,0,60000,46000,14000,14000
062996,致茂國票9C購01  ,0,0,0,0,0,0,0,0,0,14000,0,0,0,89000,75000,14000,14000
062752,世芯中信9B購01  ,0,0,0,0,0,0,0,0,0,14000,0,0,0,24000,10000,14000,14000
910861,神州-DR         ,14000,0,14000,0,0,0,0,0,0,0,0,0,0,0,0,0,14000
3550,聯穎            ,15000,2000,13000,0,0,0,0,0,0,0,0,0,0,0,0,0,13000
2936,客思達-KY       ,13000,0,13000,0,0,0,0,0,0,0,0,0,0,0,0,0,13000
1760,寶齡富錦        ,1056000,1084000,-28000,0,0,0,40000,0,40000,1000,1000,0,1000,0,0,0,13000
055779,國泰金凱基97購02,0,0,0,0,0,0,0,0,0,13000,0,0,0,20000,7000,13000,13000
055160,玉晶光元大99購03,0,0,0,0,0,0,0,0,0,13000,0,0,0,13000,0,13000,13000
054929,群電凱基97購01  ,0,0,0,0,0,0,0,0,0,13000,0,0,0,13000,0,13000,13000
00645,富邦日本        ,0,0,0,0,0,0,0,0,0,13000,0,0,0,171000,158000,13000,13000
056915,上銀兆豐99購01  ,0,0,0,0,0,0,0,0,0,13000,0,0,0,23000,10000,13000,13000
056852,矽格元富98購01  ,0,0,0,0,0,0,0,0,0,13000,0,0,0,118000,105000,13000,13000
056856,華通群益9A購01  ,0,0,0,0,0,0,0,0,0,13000,0,0,0,47000,34000,13000,13000
057043,台積電元大99購02,0,0,0,0,0,0,0,0,0,13000,0,0,0,252000,239000,13000,13000
056464,臺股指凱基99購06,0,0,0,0,0,0,0,0,0,13000,0,0,0,23000,10000,13000,13000
055996,矽力國泰99購01  ,0,0,0,0,0,0,0,0,0,13000,0,0,0,13000,0,13000,13000
056011,矽力中信99購01  ,0,0,0,0,0,0,0,0,0,13000,0,0,0,15000,2000,13000,13000
06105P,國巨國票98售02  ,0,0,0,0,0,0,0,0,0,13000,0,0,0,95000,82000,13000,13000
059065,南電凱基9A購01  ,0,0,0,0,0,0,0,0,0,13000,0,0,0,77000,64000,13000,13000
061294,奇力新麥證9A購01,0,0,0,13000,0,13000,0,0,0,13000,0,0,0,13000,0,13000,13000
060557,南電凱基9A購02  ,0,0,0,0,0,0,0,0,0,13000,0,0,0,16000,3000,13000,13000
060784,鴻海富邦9C購01  ,0,0,0,0,0,0,0,0,0,13000,0,0,0,13000,0,13000,13000
061926,晶技凱基9B購02  ,0,0,0,0,0,0,0,0,0,13000,0,0,0,26000,13000,13000,13000
062727,華擎凱基9B購03  ,0,0,0,0,0,0,0,0,0,13000,0,0,0,26000,13000,13000,13000
062348,聯發科群益9B購06,0,0,0,0,0,0,0,0,0,13000,0,0,0,47000,34000,13000,13000
062608,智易凱基9B購01  ,0,0,0,0,0,0,0,0,0,13000,0,0,0,33000,20000,13000,13000
064132,神達元大9C購02  ,0,0,0,0,0,0,0,0,0,13000,0,0,0,63000,50000,13000,13000
063502,南電永豐9B購02  ,0,0,0,0,0,0,0,0,0,13000,0,0,0,40000,27000,13000,13000
063505,奇力新群益9B購03,0,0,0,0,0,0,0,0,0,13000,0,0,0,13000,0,13000,13000
063500,嘉晶永豐9B購02  ,0,0,0,0,0,0,0,0,0,13000,0,0,0,13000,0,13000,13000
063419,聯發科凱基03購01,0,0,0,0,0,0,0,0,0,13000,0,0,0,23000,10000,13000,13000
063782,致新永豐9B購02  ,0,0,0,0,0,0,0,0,0,13000,0,0,0,13000,0,13000,13000
9902,台火            ,28000,19000,9000,0,0,0,0,0,0,4000,4000,0,4000,0,0,0,13000
9942,茂順            ,15000,2000,13000,0,0,0,0,0,0,0,0,0,0,0,0,0,13000
9941,裕融            ,75000,33000,42000,0,0,0,0,0,0,-29000,0,29000,-29000,0,0,0,13000
2450,神腦            ,52000,13000,39000,0,0,0,0,0,0,-27000,0,27000,-27000,0,0,0,12000
3622,洋華            ,19000,7000,12000,0,0,0,0,0,0,0,0,0,0,0,0,0,12000
064596,台表科統一01購03,0,0,0,0,0,0,0,0,0,12000,0,0,0,12000,0,12000,12000
07709P,創意元大9A售01  ,0,0,0,0,0,0,0,0,0,12000,0,0,0,21000,9000,12000,12000
07462P,臺股指元大9B售05,0,0,0,0,0,0,0,0,0,12000,0,0,0,12000,0,12000,12000
07062P,台積電元大99售15,0,0,0,0,0,0,0,0,0,12000,0,0,0,12000,0,12000,12000
056581,超眾元大99購01  ,0,0,0,0,0,0,0,0,0,12000,0,0,0,12000,0,12000,12000
057533,晶相光元大98購02,0,0,0,0,0,0,0,0,0,12000,0,0,0,12000,0,12000,12000
056130,新日興麥證97購01,0,0,0,62000,50000,12000,0,0,0,12000,0,0,0,62000,50000,12000,12000
057126,台積電凱基99購03,0,0,0,0,0,0,0,0,0,12000,0,0,0,12000,0,12000,12000
056715,瀚宇博永豐98購01,0,0,0,0,0,0,0,0,0,12000,0,0,0,31000,19000,12000,12000
047211,華新科富邦99購01,0,0,0,0,0,0,0,0,0,12000,0,0,0,22000,10000,12000,12000
054821,貿聯元大9A購01  ,0,0,0,0,0,0,0,0,0,12000,0,0,0,12000,0,12000,12000
055854,群創元大98購04  ,0,0,0,0,0,0,0,0,0,12000,0,0,0,12000,0,12000,12000
055569,聚陽統一98購01  ,0,0,0,0,0,0,0,0,0,12000,0,0,0,12000,0,12000,12000
055468,智邦凱基97購04  ,0,0,0,0,0,0,0,0,0,12000,0,0,0,12000,0,12000,12000
053174,同欣電群益98購02,0,0,0,0,0,0,0,0,0,12000,0,0,0,12000,0,12000,12000
061677,泰碩元大9A購05  ,0,0,0,0,0,0,0,0,0,12000,0,0,0,12000,0,12000,12000
059528,華新科凱基99購06,0,0,0,0,0,0,0,0,0,12000,0,0,0,46000,34000,12000,12000
059643,日月光凱基99購02,0,0,0,0,0,0,0,0,0,12000,0,0,0,12000,0,12000,12000
061318,智邦凱基9B購01  ,0,0,0,0,0,0,0,0,0,12000,0,0,0,103000,91000,12000,12000
059264,台光電中信99購02,0,0,0,0,0,0,0,0,0,12000,0,0,0,24000,12000,12000,12000
059467,旺宏元大99購15  ,0,0,0,0,0,0,0,0,0,12000,0,0,0,32000,20000,12000,12000
059203,勤誠永豐99購02  ,0,0,0,0,0,0,0,0,0,12000,0,0,0,40000,28000,12000,12000
058969,亞德客永豐99購01,0,0,0,0,0,0,0,0,0,12000,0,0,0,52000,40000,12000,12000
057923,晶豪科凱基98購02,0,0,0,0,0,0,0,0,0,12000,0,0,0,22000,10000,12000,12000
060209,喬山康和9A購01  ,0,0,0,0,0,0,0,0,0,12000,0,0,0,12000,0,12000,12000
058242,玉晶光元大9A購01,0,0,0,0,0,0,0,0,0,12000,0,0,0,89000,77000,12000,12000
063807,超眾兆豐01購01  ,0,0,0,0,0,0,0,0,0,12000,0,0,0,12000,0,12000,12000
063833,致新國票01購01  ,0,0,0,0,0,0,0,0,0,12000,0,0,0,47000,35000,12000,12000
063468,聯詠元大9B購04  ,0,0,0,0,0,0,0,0,0,12000,0,0,0,32000,20000,12000,12000
064208,智邦凱基02購01  ,0,0,0,0,0,0,0,0,0,12000,0,0,0,163000,151000,12000,12000
063974,南電國票01購01  ,0,0,0,0,0,0,0,0,0,12000,0,0,0,17000,5000,12000,12000
062028,晶技群益9B購01  ,0,0,0,0,0,0,0,0,0,12000,0,0,0,12000,0,12000,12000
061776,晶技國票9B購01  ,0,0,0,0,0,0,0,0,0,12000,0,0,0,84000,72000,12000,12000
062196,聯發科中信01購02,0,0,0,0,0,0,0,0,0,12000,0,0,0,12000,0,12000,12000
062258,奇力新元大9B購03,0,0,0,0,0,0,0,0,0,12000,0,0,0,12000,0,12000,12000
063018,聯發科元大9B購14,0,0,0,0,0,0,0,0,0,12000,0,0,0,16000,4000,12000,12000
06958P,FBVIX凱基9C售02 ,0,0,0,0,0,0,0,0,0,11000,0,0,0,11000,0,11000,11000
07090P,台灣50凱基01售01,0,0,0,0,0,0,0,0,0,11000,0,0,0,11000,0,11000,11000
06602P,國巨統一99售02  ,0,0,0,0,0,0,0,0,0,11000,0,0,0,65000,54000,11000,11000
06559P,玉晶光元富98售02,0,0,0,0,0,0,0,0,0,11000,0,0,0,11000,0,11000,11000
064980,牧德元大01購01  ,0,0,0,0,0,0,0,0,0,11000,0,0,0,11000,0,11000,11000
3686,達能            ,13000,2000,11000,0,0,0,0,0,0,0,0,0,0,0,0,0,11000
6189,豐藝            ,15000,2000,13000,0,0,0,0,0,0,-2000,0,2000,-2000,0,0,0,11000
4766,南寶            ,29000,18000,11000,0,0,0,0,0,0,0,0,0,0,0,0,0,11000
4916,事欣科          ,18000,7000,11000,0,0,0,0,0,0,0,0,0,0,0,0,0,11000
2414,精技            ,57000,48000,9000,0,0,0,0,0,0,2000,2000,0,2000,0,0,0,11000
08157P,大立光元富9B售06,0,0,0,0,0,0,0,0,0,11000,0,0,0,45000,34000,11000,11000
08123P,台表科國票9C售01,0,0,0,0,0,0,0,0,0,11000,0,0,0,46000,35000,11000,11000
08002P,大毅國票9B售03  ,0,0,0,0,0,0,0,0,0,11000,0,0,0,11000,0,11000,11000
08287P,茂林凱基9C售02  ,0,0,0,0,0,0,0,0,0,11000,0,0,0,11000,0,11000,11000
053152,大立光元大99購01,0,0,0,0,0,0,0,0,0,11000,0,0,0,11000,0,11000,11000
054074,健策富邦98購01  ,0,0,0,0,0,0,0,0,0,11000,0,0,0,21000,10000,11000,11000
052053,泰鼎凱基96購01  ,0,0,0,0,0,0,0,0,0,11000,0,0,0,11000,0,11000,11000
055205,京鼎中信99購01  ,0,0,0,0,0,0,0,0,0,11000,0,0,0,11000,0,11000,11000
053817,華新科群益97購02,0,0,0,0,0,0,0,0,0,11000,0,0,0,50000,39000,11000,11000
055230,大毅國票98購01  ,0,0,0,0,0,0,0,0,0,11000,0,0,0,20000,9000,11000,11000
052986,聯發科元大97購05,0,0,0,0,0,0,0,0,0,11000,0,0,0,17000,6000,11000,11000
057369,奇力新元大99購05,0,0,0,0,0,0,0,0,0,11000,0,0,0,11000,0,11000,11000
057374,禾伸堂元大99購03,0,0,0,0,0,0,0,0,0,11000,0,0,0,16000,5000,11000,11000
057386,聯發科永豐98購04,0,0,0,0,0,0,0,0,0,11000,0,0,0,11000,0,11000,11000
057072,日月光永豐98購01,0,0,0,0,0,0,0,0,0,11000,0,0,0,41000,30000,11000,11000
056122,勤誠群益97購02  ,0,0,0,0,0,0,0,0,0,11000,0,0,0,11000,0,11000,11000
057288,聯茂元大98購03  ,0,0,0,0,0,0,0,0,0,11000,0,0,0,16000,5000,11000,11000
056518,美律國票99購01  ,0,0,0,0,0,0,0,0,0,11000,0,0,0,84000,73000,11000,11000
061052,和大群益9A購01  ,0,0,0,0,0,0,0,0,0,11000,0,0,0,11000,0,11000,11000
060165,上緯控永豐9A購01,0,0,0,0,0,0,0,0,0,11000,0,0,0,33000,22000,11000,11000
060169,群電永豐9A購01  ,0,0,0,0,0,0,0,0,0,11000,0,0,0,11000,0,11000,11000
061197,矽創永豐9A購02  ,0,0,0,0,0,0,0,0,0,11000,0,0,0,335000,324000,11000,11000
057933,聯發科群益98購06,0,0,0,0,0,0,0,0,0,11000,0,0,0,11000,0,11000,11000
057915,台泥凱基98購01  ,0,0,0,0,0,0,0,0,0,11000,0,0,0,11000,0,11000,11000
059210,鴻海元大99購26  ,0,0,0,0,0,0,0,0,0,11000,0,0,0,55000,44000,11000,11000
061319,聯發科凱基9A購16,0,0,0,0,0,0,0,0,0,11000,0,0,0,11000,0,11000,11000
060586,玉晶光元富9A購03,0,0,0,0,0,0,0,0,0,11000,0,0,0,11000,0,11000,11000
058799,晶技元大99購04  ,0,0,0,0,0,0,0,0,0,11000,0,0,0,21000,10000,11000,11000
061559,南亞科國票9A購02,0,0,0,0,0,0,0,0,0,11000,0,0,0,11000,0,11000,11000
061476,大毅元大9A購02  ,0,0,0,0,0,0,0,0,0,11000,0,0,0,21000,10000,11000,11000
058077,超眾凱基98購02  ,0,0,0,0,0,0,0,0,0,11000,0,0,0,34000,23000,11000,11000
061615,鴻海群益9A購06  ,0,0,0,0,0,0,0,0,0,11000,0,0,0,13000,2000,11000,11000
063252,緯穎元大9B購07  ,0,0,0,0,0,0,0,0,0,11000,0,0,0,400000,389000,11000,11000
062789,臺股指元大9B購32,0,0,0,0,0,0,0,0,0,11000,0,0,0,11000,0,11000,11000
062830,玉晶光群益01購05,0,0,0,0,0,0,0,0,0,11000,0,0,0,12000,1000,11000,11000
062128,祥碩統一01購01  ,0,0,0,0,0,0,0,0,0,11000,0,0,0,24000,13000,11000,11000
064052,創意統一01購02  ,0,0,0,0,0,0,0,0,0,11000,0,0,0,11000,0,11000,11000
063441,台達電統一9C購01,0,0,0,0,0,0,0,0,0,11000,0,0,0,446000,435000,11000,11000
063396,金像電群益9C購01,0,0,0,0,0,0,0,0,0,11000,0,0,0,26000,15000,11000,11000
8101,華冠            ,11000,0,11000,0,0,0,0,0,0,0,0,0,0,0,0,0,11000
6283,淳安            ,28000,17000,11000,0,0,0,0,0,0,0,0,0,0,0,0,0,11000
08259P,華新科元大9C售04,0,0,0,0,0,0,0,0,0,10000,0,0,0,50000,40000,10000,10000
08251P,臺股指群益9C售09,0,0,0,0,0,0,0,0,0,10000,0,0,0,10000,0,10000,10000
08196P,上銀元大9B售07  ,0,0,0,0,0,0,0,0,0,10000,0,0,0,10000,0,10000,10000
08220P,華邦電凱基9B售02,0,0,0,0,0,0,0,0,0,10000,0,0,0,10000,0,10000,10000
08222P,南六凱基9B售05  ,0,0,0,0,0,0,0,0,0,10000,0,0,0,20000,10000,10000,10000
08323P,華新科凱基9C售04,0,0,0,0,0,0,0,0,0,10000,0,0,0,50000,40000,10000,10000
08292P,華新科台新9C售01,0,0,0,0,0,0,0,0,0,10000,0,0,0,30000,20000,10000,10000
08304P,大立光中信02售01,0,0,0,0,0,0,0,0,0,10000,0,0,0,10000,0,10000,10000
08339P,上銀統一9C售04  ,0,0,0,0,0,0,0,0,0,10000,0,0,0,10000,0,10000,10000
07969P,臺股指元大9B售27,0,0,0,0,0,0,0,0,0,10000,0,0,0,10000,0,10000,10000
07988P,台積電台新9C售03,0,0,0,0,0,0,0,0,0,10000,0,0,0,10000,0,10000,10000
08116P,臺股指凱基9B售17,0,0,0,0,0,0,0,0,0,10000,0,0,0,10000,0,10000,10000
08155P,聯發科元富9B售05,0,0,0,0,0,0,0,0,0,10000,0,0,0,20000,10000,10000,10000
08172P,台積電凱基03售02,0,0,0,0,0,0,0,0,0,10000,0,0,0,10000,0,10000,10000
2032,新鋼            ,10000,0,10000,0,0,0,0,0,0,0,0,0,0,0,0,0,10000
1459,聯發            ,30000,20000,10000,0,0,0,0,0,0,0,0,0,0,0,0,0,10000
1419,新紡            ,11000,1000,10000,0,0,0,0,0,0,0,0,0,0,0,0,0,10000
2397,友通            ,13000,3000,10000,0,0,0,0,0,0,0,0,0,0,0,0,0,10000
2444,兆勁            ,11000,1000,10000,0,0,0,0,0,0,0,0,0,0,0,0,0,10000
2881A,富邦特          ,0,0,0,0,0,0,0,0,0,10000,10000,0,10000,0,0,0,10000
5243,乙盛-KY         ,20000,10000,10000,0,0,0,0,0,0,0,0,0,0,0,0,0,10000
3645,達邁            ,73000,49000,24000,0,0,0,0,0,0,-14000,0,14000,-14000,0,0,0,10000
064904,茂林群益9C購02  ,0,0,0,0,0,0,0,0,0,10000,0,0,0,20000,10000,10000,10000
064893,金像電群益01購02,0,0,0,0,0,0,0,0,0,10000,0,0,0,10000,0,10000,10000
06492P,上銀永豐98售01  ,0,0,0,0,0,0,0,0,0,10000,0,0,0,10000,0,10000,10000
06773P,台灣50兆豐9A售01,0,0,0,0,0,0,0,0,0,10000,0,0,0,40000,30000,10000,10000
06667P,鴻海凱基98售11  ,0,0,0,0,0,0,0,0,0,10000,0,0,0,53000,43000,10000,10000
064620,大立光元大01購03,0,0,0,0,0,0,0,0,0,10000,0,0,0,10000,0,10000,10000
064864,金像電永豐01購01,0,0,0,0,0,0,0,0,0,10000,0,0,0,84000,74000,10000,10000
064775,和大群益01購01  ,0,0,0,0,0,0,0,0,0,10000,0,0,0,60000,50000,10000,10000
07276P,臺股指群益99售19,0,0,0,0,0,0,0,0,0,10000,0,0,0,10000,0,10000,10000
06992P,玉晶光日盛9B售01,0,0,0,0,0,0,0,0,0,10000,0,0,0,10000,0,10000,10000
07027P,台積電群益99售04,0,0,0,0,0,0,0,0,0,10000,0,0,0,10000,0,10000,10000
07437P,臺股指麥證9A售04,0,0,0,10000,0,10000,0,0,0,10000,0,0,0,10000,0,10000,10000
07481P,大立光台新9A售01,0,0,0,0,0,0,0,0,0,10000,0,0,0,10000,0,10000,10000
07538P,玉晶光元富9A售05,0,0,0,0,0,0,0,0,0,10000,0,0,0,14000,4000,10000,10000
07664P,台灣50元大9C售30,0,0,0,0,0,0,0,0,0,10000,0,0,0,10000,0,10000,10000
07929P,旺宏統一9B售07  ,0,0,0,0,0,0,0,0,0,10000,0,0,0,20000,10000,10000,10000
07877P,晶技永豐9B售01  ,0,0,0,0,0,0,0,0,0,10000,0,0,0,10000,0,10000,10000
07853P,國巨凱基9A售19  ,0,0,0,0,0,0,0,0,0,10000,0,0,0,10000,0,10000,10000
07805P,義隆永豐9A售02  ,0,0,0,0,0,0,0,0,0,10000,0,0,0,10000,0,10000,10000
061039,台表科永豐9A購03,0,0,0,0,0,0,0,0,0,10000,0,0,0,10000,0,10000,10000
061007,聯詠兆豐9A購01  ,0,0,0,0,0,0,0,0,0,10000,0,0,0,10000,0,10000,10000
060986,聯發科元大9A購07,0,0,0,0,0,0,0,0,0,10000,0,0,0,10000,0,10000,10000
061002,瑞昱兆豐9B購01  ,0,0,0,0,0,0,0,0,0,10000,0,0,0,10000,0,10000,10000
061078,台積電兆豐9A購01,0,0,0,0,0,0,0,0,0,10000,0,0,0,10000,0,10000,10000
061134,大成鋼統一9C購01,0,0,0,0,0,0,0,0,0,10000,0,0,0,67000,57000,10000,10000
060789,禾伸堂富邦9B購02,0,0,0,0,0,0,0,0,0,10000,0,0,0,10000,0,10000,10000
060887,台積電統一01購01,0,0,0,0,0,0,0,0,0,10000,0,0,0,10000,0,10000,10000
060899,超眾凱基9A購01  ,0,0,0,0,0,0,0,0,0,10000,0,0,0,10000,0,10000,10000
060955,大立光群益9A購02,0,0,0,0,0,0,0,0,0,10000,0,0,0,10000,0,10000,10000
060933,南電永豐9A購02  ,0,0,0,0,0,0,0,0,0,10000,0,0,0,30000,20000,10000,10000
057846,神達永豐98購01  ,0,0,0,0,0,0,0,0,0,10000,0,0,0,10000,0,10000,10000
056516,晶豪科兆豐98購01,0,0,0,0,0,0,0,0,0,10000,0,0,0,10000,0,10000,10000
057747,致新永豐98購01  ,0,0,0,0,0,0,0,0,0,10000,0,0,0,10000,0,10000,10000
057509,聯發科統一9A購03,0,0,0,0,0,0,0,0,0,10000,0,0,0,10000,0,10000,10000
057415,和碩日盛98購01  ,0,0,0,0,0,0,0,0,0,10000,0,0,0,11000,1000,10000,10000
057286,群創元大9B購05  ,0,0,0,0,0,0,0,0,0,10000,0,0,0,10000,0,10000,10000
057277,可成元大98購05  ,0,0,0,0,0,0,0,0,0,10000,0,0,0,10000,0,10000,10000
057272,台積電元大98購14,0,0,0,0,0,0,0,0,0,10000,0,0,0,10000,0,10000,10000
057273,智邦元大98購05  ,0,0,0,0,0,0,0,0,0,10000,0,0,0,17000,7000,10000,10000
057268,臻鼎兆豐99購01  ,0,0,0,0,0,0,0,0,0,10000,0,0,0,10000,0,10000,10000
057260,微星兆豐98購01  ,0,0,0,0,0,0,0,0,0,10000,0,0,0,30000,20000,10000,10000
057303,喬山兆豐99購01  ,0,0,0,0,0,0,0,0,0,10000,0,0,0,10000,0,10000,10000
057312,美律麥證98購01  ,0,0,0,10000,0,10000,0,0,0,10000,0,0,0,10000,0,10000,10000
056497,GIS國泰99購01   ,0,0,0,0,0,0,0,0,0,10000,0,0,0,10000,0,10000,10000
056451,可成凱基99購01  ,0,0,0,0,0,0,0,0,0,10000,0,0,0,10000,0,10000,10000
056280,上証2X永豐98購01,0,0,0,0,0,0,0,0,0,10000,0,0,0,10000,0,10000,10000
056104,義隆永豐97購01  ,0,0,0,0,0,0,0,0,0,10000,0,0,0,10000,0,10000,10000
056015,華通群益99購01  ,0,0,0,0,0,0,0,0,0,10000,0,0,0,10000,0,10000,10000
056006,義隆亞東97購01  ,0,0,0,0,0,0,0,0,0,10000,0,0,0,10000,0,10000,10000
055934,景碩群益98購03  ,0,0,0,0,0,0,0,0,0,10000,0,0,0,10000,0,10000,10000
056207,茂林永豐97購03  ,0,0,0,0,0,0,0,0,0,10000,0,0,0,10000,0,10000,10000
057022,智邦凱基98購04  ,0,0,0,0,0,0,0,0,0,10000,0,0,0,10000,0,10000,10000
056970,TPK永豐98購01   ,0,0,0,0,0,0,0,0,0,10000,0,0,0,10000,0,10000,10000
056945,鴻海統一98購12  ,0,0,0,0,0,0,0,0,0,10000,0,0,0,10000,0,10000,10000
056701,國產國泰9A購01  ,0,0,0,0,0,0,0,0,0,10000,0,0,0,10000,0,10000,10000
056801,國巨台新98購01  ,0,0,0,0,0,0,0,0,0,10000,0,0,0,10000,0,10000,10000
056919,英業達兆豐98購01,0,0,0,0,0,0,0,0,0,10000,0,0,0,10000,0,10000,10000
056878,元油2X國票99購02,0,0,0,0,0,0,0,0,0,10000,0,0,0,10000,0,10000,10000
053058,台光電永昌99購01,0,0,0,0,0,0,0,0,0,10000,0,0,0,10000,0,10000,10000
051471,國巨凱基97購01  ,0,0,0,0,0,0,0,0,0,10000,0,0,0,10000,0,10000,10000
051286,國巨統一97購01  ,0,0,0,0,0,0,0,0,0,10000,0,0,0,10000,0,10000,10000
051562,玉晶光國泰97購05,0,0,0,0,0,0,0,0,0,10000,0,0,0,10000,0,10000,10000
052885,高鐵兆豐98購01  ,0,0,0,0,0,0,0,0,0,10000,0,0,0,20000,10000,10000,10000
052836,旺宏國泰98購01  ,0,0,0,0,0,0,0,0,0,10000,0,0,0,10000,0,10000,10000
052698,深中小國票99購01,0,0,0,0,0,0,0,0,0,10000,0,0,0,10000,0,10000,10000
052624,微星亞東97購01  ,0,0,0,0,0,0,0,0,0,10000,0,0,0,10000,0,10000,10000
052533,聯發科國泰96購03,0,0,0,0,0,0,0,0,0,10000,0,0,0,73000,63000,10000,10000
052317,台積電元大96購11,0,0,0,0,0,0,0,0,0,10000,0,0,0,10000,0,10000,10000
052137,台表科凱基96購02,0,0,0,0,0,0,0,0,0,10000,0,0,0,10000,0,10000,10000
052104,英業達兆豐96購01,0,0,0,0,0,0,0,0,0,10000,0,0,0,10000,0,10000,10000
055226,聯發科國票97購05,0,0,0,0,0,0,0,0,0,10000,0,0,0,10000,0,10000,10000
03861P,群創元富99售01  ,0,0,0,0,0,0,0,0,0,10000,0,0,0,10000,0,10000,10000
039212,台達電台新9A購01,0,0,0,0,0,0,0,0,0,10000,0,0,0,10000,0,10000,10000
046881,智原富邦99購01  ,0,0,0,0,0,0,0,0,0,10000,0,0,0,10000,0,10000,10000
046903,友達凱基99購01  ,0,0,0,0,0,0,0,0,0,10000,0,0,0,10000,0,10000,10000
054861,智邦群益97購01  ,0,0,0,0,0,0,0,0,0,10000,0,0,0,10000,0,10000,10000
048379,台郡元富96購01  ,0,0,0,0,0,0,0,0,0,10000,0,0,0,10000,0,10000,10000
050049,華通群益96購01  ,0,0,0,0,0,0,0,0,0,10000,0,0,0,10000,0,10000,10000
053977,新日興元大96購03,0,0,0,0,0,0,0,0,0,10000,0,0,0,50000,40000,10000,10000
054090,瑞昱群益97購01  ,0,0,0,0,0,0,0,0,0,10000,0,0,0,10000,0,10000,10000
054188,欣興永豐96購03  ,0,0,0,0,0,0,0,0,0,10000,0,0,0,10000,0,10000,10000
054192,國巨中信98購01  ,0,0,0,0,0,0,0,0,0,10000,0,0,0,10000,0,10000,10000
054140,智易元大97購03  ,0,0,0,0,0,0,0,0,0,10000,0,0,0,10000,0,10000,10000
054130,漢唐元大97購02  ,0,0,0,0,0,0,0,0,0,10000,0,0,0,10000,0,10000,10000
054559,台光電群益99購01,0,0,0,0,0,0,0,0,0,10000,0,0,0,20000,10000,10000,10000
055436,晶豪科中信99購01,0,0,0,0,0,0,0,0,0,10000,0,0,0,10000,0,10000,10000
055360,台表科凱基97購02,0,0,0,0,0,0,0,0,0,10000,0,0,0,10000,0,10000,10000
054627,義隆凱基98購01  ,0,0,0,0,0,0,0,0,0,10000,0,0,0,20000,10000,10000,10000
054622,漢唐第一97購01  ,0,0,0,0,0,0,0,0,0,10000,0,0,0,10000,0,10000,10000
054697,凌華永豐97購01  ,0,0,0,0,0,0,0,0,0,10000,0,0,0,10000,0,10000,10000
054791,泰碩群益99購02  ,0,0,0,0,0,0,0,0,0,10000,0,0,0,30000,20000,10000,10000
054761,台光電國票98購02,0,0,0,0,0,0,0,0,0,10000,0,0,0,10000,0,10000,10000
055562,欣興凱基97購06  ,0,0,0,0,0,0,0,0,0,10000,0,0,0,10000,0,10000,10000
055566,台表科凱基97購03,0,0,0,0,0,0,0,0,0,10000,0,0,0,10000,0,10000,10000
055837,致茂元大97購02  ,0,0,0,0,0,0,0,0,0,10000,0,0,0,10000,0,10000,10000
055722,聯鈞元大97購03  ,0,0,0,0,0,0,0,0,0,10000,0,0,0,10000,0,10000,10000
057171,台光電元大9B購01,0,0,0,0,0,0,0,0,0,10000,0,0,0,23000,13000,10000,10000
061825,聯發科麥證9B購01,0,0,0,10000,0,10000,0,0,0,10000,0,0,0,10000,0,10000,10000
061839,華新科凱基05購04,0,0,0,0,0,0,0,0,0,10000,0,0,0,20000,10000,10000,10000
061710,國巨凱基9A購18  ,0,0,0,0,0,0,0,0,0,10000,0,0,0,12000,2000,10000,10000
061918,上銀凱基9B購02  ,0,0,0,0,0,0,0,0,0,10000,0,0,0,10000,0,10000,10000
058111,健鼎元富98購01  ,0,0,0,0,0,0,0,0,0,10000,0,0,0,10000,0,10000,10000
061469,瑞祺群益9A購02  ,0,0,0,0,0,0,0,0,0,10000,0,0,0,132000,122000,10000,10000
058810,國巨統一9B購04  ,0,0,0,0,0,0,0,0,0,10000,0,0,0,10000,0,10000,10000
059637,大立光凱基01購01,0,0,0,0,0,0,0,0,0,10000,0,0,0,10000,0,10000,10000
059634,可成凱基99購07  ,0,0,0,0,0,0,0,0,0,10000,0,0,0,11000,1000,10000,10000
059631,京元電凱基99購02,0,0,0,0,0,0,0,0,0,10000,0,0,0,10000,0,10000,10000
05960P,欣興統一96售01  ,0,0,0,0,0,0,0,0,0,10000,0,0,0,10000,0,10000,10000
059571,奇力新凱基99購06,0,0,0,0,0,0,0,0,0,10000,0,0,0,10000,0,10000,10000
05953P,台積電國票98售02,0,0,0,0,0,0,0,0,0,10000,0,0,0,10000,0,10000,10000
060584,玉晶光元富9A購01,0,0,0,0,0,0,0,0,0,10000,0,0,0,10000,0,10000,10000
060538,S&P反1凱基9A購01,0,0,0,0,0,0,0,0,0,10000,0,0,0,10000,0,10000,10000
060692,鴻海麥證9A購01  ,0,0,0,10000,0,10000,0,0,0,10000,0,0,0,10000,0,10000,10000
060707,台郡富邦9A購01  ,0,0,0,0,0,0,0,0,0,10000,0,0,0,30000,20000,10000,10000
060655,國巨統一9B購06  ,0,0,0,0,0,0,0,0,0,10000,0,0,0,22000,12000,10000,10000
060645,台表科永豐9A購02,0,0,0,0,0,0,0,0,0,10000,0,0,0,20000,10000,10000,10000
060776,世芯凱基9B購01  ,0,0,0,0,0,0,0,0,0,10000,0,0,0,10000,0,10000,10000
060786,聯發科富邦9B購06,0,0,0,0,0,0,0,0,0,10000,0,0,0,10000,0,10000,10000
060767,世紀鋼元大9A購02,0,0,0,0,0,0,0,0,0,10000,0,0,0,10000,0,10000,10000
057998,玉晶光麥證9A購01,0,0,0,44000,10000,34000,0,0,0,10000,0,0,0,44000,34000,10000,10000
060482,東元富邦9A購01  ,0,0,0,0,0,0,0,0,0,10000,0,0,0,10000,0,10000,10000
060436,巨大永豐9A購01  ,0,0,0,0,0,0,0,0,0,10000,0,0,0,10000,0,10000,10000
060421,華擎永豐9A購01  ,0,0,0,0,0,0,0,0,0,10000,0,0,0,10000,0,10000,10000
059987,大立光元大99購28,0,0,0,0,0,0,0,0,0,10000,0,0,0,10000,0,10000,10000
060108,泰鼎元大99購04  ,0,0,0,0,0,0,0,0,0,10000,0,0,0,13000,3000,10000,10000
060048,元金2X凱基99購03,0,0,0,0,0,0,0,0,0,10000,0,0,0,40000,30000,10000,10000
059194,元金2X永豐99購01,0,0,0,0,0,0,0,0,0,10000,0,0,0,10000,0,10000,10000
059256,臺股指凱基99購34,0,0,0,0,0,0,0,0,0,10000,0,0,0,10000,0,10000,10000
059516,TPK永豐99購01   ,0,0,0,0,0,0,0,0,0,10000,0,0,0,10000,0,10000,10000
060243,潤泰全元大9C購02,0,0,0,0,0,0,0,0,0,10000,0,0,0,10000,0,10000,10000
059461,鈺齊永豐99購03  ,0,0,0,0,0,0,0,0,0,10000,0,0,0,10000,0,10000,10000
059438,群創元大99購06  ,0,0,0,0,0,0,0,0,0,10000,0,0,0,10000,0,10000,10000
059400,滬深2X元富9C購04,0,0,0,0,0,0,0,0,0,10000,0,0,0,30000,20000,10000,10000
059707,健策凱基9A購03  ,0,0,0,0,0,0,0,0,0,10000,0,0,0,10000,0,10000,10000
059852,康控永豐99購02  ,0,0,0,0,0,0,0,0,0,10000,0,0,0,90000,80000,10000,10000
059797,大立光國票99購01,0,0,0,0,0,0,0,0,0,10000,0,0,0,10000,0,10000,10000
059680,台積電國泰9A購03,0,0,0,0,0,0,0,0,0,10000,0,0,0,27000,17000,10000,10000
059682,可成富邦9A購01  ,0,0,0,0,0,0,0,0,0,10000,0,0,0,10000,0,10000,10000
059650,緯穎凱基99購04  ,0,0,0,0,0,0,0,0,0,10000,0,0,0,10000,0,10000,10000
060281,卜蜂元大9C購01  ,0,0,0,0,0,0,0,0,0,10000,0,0,0,14000,4000,10000,10000
057931,正崴群益98購02  ,0,0,0,0,0,0,0,0,0,10000,0,0,0,10000,0,10000,10000
058881,全新永豐99購01  ,0,0,0,0,0,0,0,0,0,10000,0,0,0,10000,0,10000,10000
058940,聯發科中信9A購03,0,0,0,0,0,0,0,0,0,10000,0,0,0,10000,0,10000,10000
058947,SGBR2X群益9B購02,0,0,0,0,0,0,0,0,0,10000,0,0,0,40000,30000,10000,10000
05894P,友達群益98售02  ,0,0,0,0,0,0,0,0,0,10000,0,0,0,10000,0,10000,10000
058932,FBVIX台新99購01 ,0,0,0,0,0,0,0,0,0,10000,0,0,0,10000,0,10000,10000
058920,SGBR2X元富99購06,0,0,0,0,0,0,0,0,0,10000,0,0,0,10000,0,10000,10000
058990,GIS凱基99購02   ,0,0,0,0,0,0,0,0,0,10000,0,0,0,10000,0,10000,10000
058978,SGBR2X凱基9A購03,0,0,0,0,0,0,0,0,0,10000,0,0,0,10000,0,10000,10000
059019,元石油統一9B購03,0,0,0,0,0,0,0,0,0,10000,0,0,0,10000,0,10000,10000
059076,FBVIX元大99購04 ,0,0,0,0,0,0,0,0,0,10000,0,0,0,10000,0,10000,10000
061146,台表科中信9A購02,0,0,0,0,0,0,0,0,0,10000,0,0,0,30000,20000,10000,10000
059294,宏達電元富9B購02,0,0,0,0,0,0,0,0,0,10000,0,0,0,10000,0,10000,10000
058595,T50正2元富99購01,0,0,0,0,0,0,0,0,0,10000,0,0,0,10000,0,10000,10000
058623,國巨國票99購08  ,0,0,0,0,0,0,0,0,0,10000,0,0,0,32000,22000,10000,10000
061400,可成兆豐9B購02  ,0,0,0,0,0,0,0,0,0,10000,0,0,0,10000,0,10000,10000
061377,聯發科永豐9A購04,0,0,0,0,0,0,0,0,0,10000,0,0,0,10000,0,10000,10000
060798,旭富永豐9A購01  ,0,0,0,0,0,0,0,0,0,10000,0,0,0,10000,0,10000,10000
060814,健策凱基9B購01  ,0,0,0,0,0,0,0,0,0,10000,0,0,0,10000,0,10000,10000
058193,緯穎永豐99購01  ,0,0,0,0,0,0,0,0,0,10000,0,0,0,20000,10000,10000,10000
058525,台虹元大99購02  ,0,0,0,0,0,0,0,0,0,10000,0,0,0,10000,0,10000,10000
059370,玉晶光元富99購02,0,0,0,0,0,0,0,0,0,10000,0,0,0,10000,0,10000,10000
058382,S&P500中信99購01,0,0,0,0,0,0,0,0,0,10000,0,0,0,10000,0,10000,10000
063391,南電兆豐9C購01  ,0,0,0,0,0,0,0,0,0,10000,0,0,0,10000,0,10000,10000
063514,南電麥證9C購01  ,0,0,0,35000,27000,8000,0,0,0,10000,0,0,0,37000,27000,10000,10000
063589,美食永豐9B購02  ,0,0,0,0,0,0,0,0,0,10000,0,0,0,10000,0,10000,10000
063855,臺股指元大9C購08,0,0,0,0,0,0,0,0,0,10000,0,0,0,10000,0,10000,10000
063882,玉晶光元富9C購01,0,0,0,0,0,0,0,0,0,10000,0,0,0,10000,0,10000,10000
063912,信邦凱基01購01  ,0,0,0,0,0,0,0,0,0,10000,0,0,0,10000,0,10000,10000
063653,儒鴻元富9B購01  ,0,0,0,0,0,0,0,0,0,10000,0,0,0,251000,241000,10000,10000
063736,大立光元大9B購08,0,0,0,0,0,0,0,0,0,10000,0,0,0,10000,0,10000,10000
064047,義隆統一02購01  ,0,0,0,0,0,0,0,0,0,10000,0,0,0,10000,0,10000,10000
064056,GIS統一01購02   ,0,0,0,0,0,0,0,0,0,10000,0,0,0,60000,50000,10000,10000
063931,牧德統一01購02  ,0,0,0,0,0,0,0,0,0,10000,0,0,0,10000,0,10000,10000
064202,景碩兆豐9C購01  ,0,0,0,0,0,0,0,0,0,10000,0,0,0,57000,47000,10000,10000
064195,晶豪科群益9C購01,0,0,0,0,0,0,0,0,0,10000,0,0,0,37000,27000,10000,10000
064227,和碩國票01購01  ,0,0,0,0,0,0,0,0,0,10000,0,0,0,10000,0,10000,10000
064127,聯發科元大9C購06,0,0,0,0,0,0,0,0,0,10000,0,0,0,25000,15000,10000,10000
064282,大立光元大9C購13,0,0,0,0,0,0,0,0,0,10000,0,0,0,20000,10000,10000,10000
064501,大立光元大01購02,0,0,0,0,0,0,0,0,0,10000,0,0,0,128000,118000,10000,10000
062105,國巨國票9C購03  ,0,0,0,0,0,0,0,0,0,10000,0,0,0,11000,1000,10000,10000
062283,玉晶光群益01購01,0,0,0,0,0,0,0,0,0,10000,0,0,0,15000,5000,10000,10000
061733,聯發科中信01購01,0,0,0,0,0,0,0,0,0,10000,0,0,0,10000,0,10000,10000
062045,崇越凱基9B購01  ,0,0,0,0,0,0,0,0,0,10000,0,0,0,86000,76000,10000,10000
062633,亞光國票9B購01  ,0,0,0,0,0,0,0,0,0,10000,0,0,0,108000,98000,10000,10000
062467,國巨凱基9B購08  ,0,0,0,0,0,0,0,0,0,10000,0,0,0,45000,35000,10000,10000
062412,道瓊指中信9C購05,0,0,0,0,0,0,0,0,0,10000,0,0,0,10000,0,10000,10000
062409,巨大永豐9B購02  ,0,0,0,0,0,0,0,0,0,10000,0,0,0,53000,43000,10000,10000
062812,國巨兆豐9B購03  ,0,0,0,0,0,0,0,0,0,10000,0,0,0,10000,0,10000,10000
062768,南電凱基9B購04  ,0,0,0,0,0,0,0,0,0,10000,0,0,0,10000,0,10000,10000
062725,大立光凱基9B購06,0,0,0,0,0,0,0,0,0,10000,0,0,0,10000,0,10000,10000
06271P,彩晶凱基97售01  ,0,0,0,0,0,0,0,0,0,10000,0,0,0,10000,0,10000,10000
06327P,台積電中信01售01,0,0,0,0,0,0,0,0,0,10000,0,0,0,10000,0,10000,10000
063179,群創兆豐9B購01  ,0,0,0,0,0,0,0,0,0,10000,0,0,0,10000,0,10000,10000
063222,群創群益9B購03  ,0,0,0,0,0,0,0,0,0,10000,0,0,0,10000,0,10000,10000
063001,巨大國票9B購01  ,0,0,0,0,0,0,0,0,0,10000,0,0,0,26000,16000,10000,10000
063058,A50正2元富02購01,0,0,0,0,0,0,0,0,0,10000,0,0,0,10000,0,10000,10000
063122,聯發科元大9B購15,0,0,0,0,0,0,0,0,0,10000,0,0,0,14000,4000,10000,10000
2495,普安            ,86000,76900,9100,0,0,0,0,0,0,0,0,0,0,0,0,0,9100
2528,皇普            ,15000,6000,9000,0,0,0,0,0,0,0,0,0,0,0,0,0,9000
2423,固緯            ,9000,0,9000,0,0,0,0,0,0,0,0,0,0,0,0,0,9000
2114,鑫永銓          ,9000,0,9000,0,0,0,0,0,0,0,0,0,0,0,0,0,9000
3040,遠見            ,140000,131000,9000,0,0,0,0,0,0,0,0,0,0,0,0,0,9000
6141,柏承            ,108000,85000,23000,0,0,0,0,0,0,-14000,0,14000,-14000,0,0,0,9000
08017P,華新科國票9B售01,0,0,0,0,0,0,0,0,0,9000,0,0,0,9000,0,9000,9000
08331P,義隆元富9C售02  ,0,0,0,0,0,0,0,0,0,9000,0,0,0,85000,76000,9000,9000
07867P,晶技元大9B售01  ,0,0,0,0,0,0,0,0,0,9000,0,0,0,9000,0,9000,9000
07931P,國巨元大9B售03  ,0,0,0,0,0,0,0,0,0,9000,0,0,0,15000,6000,9000,9000
06478P,臺股指日盛9A售01,0,0,0,0,0,0,0,0,0,9000,0,0,0,20000,11000,9000,9000
06767P,台積電永昌99售03,0,0,0,0,0,0,0,0,0,9000,0,0,0,9000,0,9000,9000
06736P,新日興凱基98售03,0,0,0,0,0,0,0,0,0,9000,0,0,0,10000,1000,9000,9000
064896,華新科群益01購02,0,0,0,0,0,0,0,0,0,9000,0,0,0,20000,11000,9000,9000
057198,智伸科統一9B購01,0,0,0,0,0,0,0,0,0,9000,0,0,0,20000,11000,9000,9000
057182,禾伸堂元大99購02,0,0,0,0,0,0,0,0,0,9000,0,0,0,9000,0,9000,9000
055844,大毅元大98購01  ,0,0,0,0,0,0,0,0,0,9000,0,0,0,9000,0,9000,9000
055589,台光電元大98購04,0,0,0,0,0,0,0,0,0,9000,0,0,0,13000,4000,9000,9000
056340,可成凱基98購04  ,0,0,0,0,0,0,0,0,0,9000,0,0,0,10000,1000,9000,9000
056330,玉晶光國票99購03,0,0,0,0,0,0,0,0,0,9000,0,0,0,60000,51000,9000,9000
056362,聯發科元大99購01,0,0,0,0,0,0,0,0,0,9000,0,0,0,14000,5000,9000,9000
00706L,元大S&P日圓正2  ,0,0,0,0,0,0,0,0,0,9000,0,0,0,20000,11000,9000,9000
00689R,國泰20年美債反1 ,4000,0,4000,0,0,0,0,0,0,5000,0,0,0,105000,100000,5000,9000
00656R,國泰中國A50反1  ,0,0,0,0,0,0,0,0,0,9000,0,0,0,21000,12000,9000,9000
052470,華新科亞東97購01,0,0,0,0,0,0,0,0,0,9000,0,0,0,9000,0,9000,9000
052744,聯詠元大97購01  ,0,0,0,0,0,0,0,0,0,9000,0,0,0,9000,0,9000,9000
051897,台光電國泰97購01,0,0,0,0,0,0,0,0,0,9000,0,0,0,9000,0,9000,9000
056447,聯發科凱基98購09,0,0,0,0,0,0,0,0,0,9000,0,0,0,9000,0,9000,9000
058150,中502X統一9B購01,0,0,0,0,0,0,0,0,0,9000,0,0,0,9000,0,9000,9000
058265,奇力新永豐9A購01,0,0,0,0,0,0,0,0,0,9000,0,0,0,9000,0,9000,9000
057962,超眾元大99購03  ,0,0,0,0,0,0,0,0,0,9000,0,0,0,13000,4000,9000,9000
059783,旺宏元大99購17  ,0,0,0,0,0,0,0,0,0,9000,0,0,0,18000,9000,9000,9000
059209,華通元大99購08  ,0,0,0,0,0,0,0,0,0,9000,0,0,0,21000,12000,9000,9000
060121,新光金富邦99購01,0,0,0,0,0,0,0,0,0,9000,0,0,0,183000,174000,9000,9000
058014,上銀凱基99購02  ,0,0,0,0,0,0,0,0,0,9000,0,0,0,14000,5000,9000,9000
058007,南電群益98購02  ,0,0,0,0,0,0,0,0,0,9000,0,0,0,52000,43000,9000,9000
061367,瑞祺國票9A購01  ,0,0,0,0,0,0,0,0,0,9000,0,0,0,19000,10000,9000,9000
060778,臺股指凱基9A購06,0,0,0,0,0,0,0,0,0,9000,0,0,0,10000,1000,9000,9000
060639,玉晶光永豐9A購05,0,0,0,0,0,0,0,0,0,9000,0,0,0,9000,0,9000,9000
058765,緯穎群益99購03  ,0,0,0,0,0,0,0,0,0,9000,0,0,0,9000,0,9000,9000
061477,晶豪科元大9A購01,0,0,0,0,0,0,0,0,0,9000,0,0,0,61000,52000,9000,9000
061435,元金2X凱基9C購03,0,0,0,0,0,0,0,0,0,9000,0,0,0,9000,0,9000,9000
061716,瑞儀凱基9B購01  ,0,0,0,0,0,0,0,0,0,9000,0,0,0,28000,19000,9000,9000
061831,智邦凱基9B購02  ,0,0,0,0,0,0,0,0,0,9000,0,0,0,10000,1000,9000,9000
062934,大成鋼凱基9B購02,0,0,0,0,0,0,0,0,0,9000,0,0,0,88000,79000,9000,9000
062461,智伸科群益9B購01,0,0,0,0,0,0,0,0,0,9000,0,0,0,9000,0,9000,9000
06259P,臺股指群益97售12,0,0,0,0,0,0,0,0,0,9000,0,0,0,9000,0,9000,9000
062498,華通群益9C購04  ,0,0,0,0,0,0,0,0,0,9000,0,0,0,92000,83000,9000,9000
064477,南六國泰02購01  ,0,0,0,0,0,0,0,0,0,9000,0,0,0,10000,1000,9000,9000
064262,玉晶光永豐9C購03,0,0,0,0,0,0,0,0,0,9000,0,0,0,40000,31000,9000,9000
064110,國巨國票01購01  ,0,0,0,0,0,0,0,0,0,9000,0,0,0,19000,10000,9000,9000
063950,信邦元大9C購01  ,0,0,0,0,0,0,0,0,0,9000,0,0,0,9000,0,9000,9000
063685,鴻海永豐9B購03  ,0,0,0,0,0,0,0,0,0,9000,0,0,0,9000,0,9000,9000
063543,技嘉台新9B購02  ,0,0,0,0,0,0,0,0,0,9000,0,0,0,9000,0,9000,9000
063329,健策國票9C購01  ,0,0,0,0,0,0,0,0,0,9000,0,0,0,22000,13000,9000,9000
8411,福貞-KY         ,12000,3000,9000,0,0,0,0,0,0,0,0,0,0,0,0,0,9000
064739,智邦國票01購01  ,0,0,0,0,0,0,0,0,0,8000,0,0,0,8000,0,8000,8000
07513P,台積電元大9A售13,0,0,0,0,0,0,0,0,0,8000,0,0,0,8000,0,8000,8000
08156P,大立光元富9B售05,0,0,0,0,0,0,0,0,0,8000,0,0,0,40000,32000,8000,8000
08108P,聯發科元富9B售03,0,0,0,0,0,0,0,0,0,8000,0,0,0,20000,12000,8000,8000
1231,聯華食          ,17000,6000,11000,0,0,0,0,0,0,-3000,0,3000,-3000,0,0,0,8000
5007,三星            ,19000,11000,8000,0,0,0,0,0,0,0,0,0,0,0,0,0,8000
4557,永新-KY         ,8000,0,8000,0,0,0,0,0,0,0,0,0,0,0,0,0,8000
3055,蔚華科          ,8000,0,8000,0,0,0,0,0,0,0,0,0,0,0,0,0,8000
4545,銘鈺            ,17000,9000,8000,0,0,0,0,0,0,0,0,0,0,0,0,0,8000
2722,夏都            ,8000,0,8000,0,0,0,0,0,0,0,0,0,0,0,0,0,8000
056494,緯創國泰99購01  ,0,0,0,0,0,0,0,0,0,8000,0,0,0,8000,0,8000,8000
056279,新日興富邦99購01,0,0,0,0,0,0,0,0,0,8000,0,0,0,31000,23000,8000,8000
056544,貿聯凱基98購03  ,0,0,0,0,0,0,0,0,0,8000,0,0,0,8000,0,8000,8000
056559,華通群益98購02  ,0,0,0,0,0,0,0,0,0,8000,0,0,0,13000,5000,8000,8000
061038,TPK永豐9A購01   ,0,0,0,0,0,0,0,0,0,8000,0,0,0,17000,9000,8000,8000
051744,嘉聯益國票97購01,0,0,0,0,0,0,0,0,0,8000,0,0,0,8000,0,8000,8000
03658C,T50反1元大9A牛02,0,0,0,0,0,0,0,0,0,8000,0,0,0,32000,24000,8000,8000
054930,群電凱基98購01  ,0,0,0,0,0,0,0,0,0,8000,0,0,0,8000,0,8000,8000
055849,聯詠元大97購05  ,0,0,0,0,0,0,0,0,0,8000,0,0,0,8000,0,8000,8000
055834,國巨元大97購13  ,0,0,0,0,0,0,0,0,0,8000,0,0,0,49000,41000,8000,8000
055723,康控元大97購04  ,0,0,0,0,0,0,0,0,0,8000,0,0,0,8000,0,8000,8000
055661,亞德客中信98購01,0,0,0,0,0,0,0,0,0,8000,0,0,0,8000,0,8000,8000
061697,世紀鋼群益9A購03,0,0,0,0,0,0,0,0,0,8000,0,0,0,10000,2000,8000,8000
061897,泰碩永豐9B購01  ,0,0,0,0,0,0,0,0,0,8000,0,0,0,30000,22000,8000,8000
061543,南亞科群益9A購01,0,0,0,0,0,0,0,0,0,8000,0,0,0,18000,10000,8000,8000
059597,大立光元大99購21,0,0,0,0,0,0,0,0,0,8000,0,0,0,8000,0,8000,8000
058075,貿聯凱基99購02  ,0,0,0,0,0,0,0,0,0,8000,0,0,0,83000,75000,8000,8000
060785,國巨富邦9B購04  ,0,0,0,0,0,0,0,0,0,8000,0,0,0,73000,65000,8000,8000
060499,鴻海元大9A購11  ,0,0,0,0,0,0,0,0,0,8000,0,0,0,9000,1000,8000,8000
060529,聯發科中信9A購04,0,0,0,0,0,0,0,0,0,8000,0,0,0,8000,0,8000,8000
059171,祥碩凱基99購04  ,0,0,0,0,0,0,0,0,0,8000,0,0,0,8000,0,8000,8000
059427,國巨元大99購24  ,0,0,0,0,0,0,0,0,0,8000,0,0,0,22000,14000,8000,8000
060295,貿聯元大9A購03  ,0,0,0,0,0,0,0,0,0,8000,0,0,0,89000,81000,8000,8000
061424,華新科元大9A購18,0,0,0,0,0,0,0,0,0,8000,0,0,0,8000,0,8000,8000
058422,百和麥證99購01  ,0,0,0,8000,0,8000,0,0,0,8000,0,0,0,8000,0,8000,8000
063316,聯發科群益9C購03,0,0,0,0,0,0,0,0,0,8000,0,0,0,10000,2000,8000,8000
063520,上銀凱基9B購05  ,0,0,0,0,0,0,0,0,0,8000,0,0,0,8000,0,8000,8000
06368P,台積電凱基97售15,0,0,0,0,0,0,0,0,0,8000,0,0,0,12000,4000,8000,8000
063762,緯穎統一9C購01  ,0,0,0,0,0,0,0,0,0,8000,0,0,0,8000,0,8000,8000
063975,台積電兆豐9C購01,0,0,0,0,0,0,0,0,0,8000,0,0,0,105000,97000,8000,8000
064031,玉晶光元大02購01,0,0,0,0,0,0,0,0,0,8000,0,0,0,190000,182000,8000,8000
064125,聯發科元大02購01,0,0,0,0,0,0,0,0,0,8000,0,0,0,152000,144000,8000,8000
064271,鴻海元大9C購08  ,0,0,0,0,0,0,0,0,0,8000,0,0,0,9000,1000,8000,8000
064325,亞德客元大9C購01,0,0,0,0,0,0,0,0,0,8000,0,0,0,252000,244000,8000,8000
062495,友達中信01購02  ,0,0,0,0,0,0,0,0,0,8000,0,0,0,8000,0,8000,8000
062571,臺指反群益9B購04,0,0,0,0,0,0,0,0,0,8000,0,0,0,8000,0,8000,8000
062039,聯發科凱基9B購07,0,0,0,0,0,0,0,0,0,8000,0,0,0,8000,0,8000,8000
062238,臻鼎凱基9C購01  ,0,0,0,0,0,0,0,0,0,8000,0,0,0,33000,25000,8000,8000
062722,京元電凱基9B購02,0,0,0,0,0,0,0,0,0,8000,0,0,0,346000,338000,8000,8000
063212,聯發科國票9C購02,0,0,0,0,0,0,0,0,0,8000,0,0,0,8000,0,8000,8000
063243,聯發科元大9B購20,0,0,0,0,0,0,0,0,0,8000,0,0,0,13000,5000,8000,8000
3004,豐達科          ,96000,71000,25000,0,0,0,0,18000,-18000,0,0,0,0,0,0,0,7000
2302,麗正            ,7000,0,7000,0,0,0,0,0,0,0,0,0,0,0,0,0,7000
3591,艾笛森          ,9000,2000,7000,0,0,0,0,0,0,0,0,0,0,0,0,0,7000
3432,台端            ,7000,0,7000,0,0,0,0,0,0,0,0,0,0,0,0,0,7000
3167,大量            ,16000,1000,15000,0,0,0,0,0,0,-8000,0,8000,-8000,0,0,0,7000
4572,駐龍            ,14000,7000,7000,0,0,0,0,0,0,0,0,0,0,0,0,0,7000
1323,永裕            ,7000,0,7000,0,0,0,0,0,0,0,0,0,0,0,0,0,7000
08424P,群創元富9C售03  ,0,0,0,0,0,0,0,0,0,7000,0,0,0,40000,33000,7000,7000
1603,華電            ,21000,14000,7000,0,0,0,0,0,0,0,0,0,0,0,0,0,7000
08081P,台灣50元大9B售20,0,0,0,0,0,0,0,0,0,7000,0,0,0,7000,0,7000,7000
08056P,華通群益9B售06  ,0,0,0,0,0,0,0,0,0,7000,0,0,0,10000,3000,7000,7000
07500P,微星元大9A售01  ,0,0,0,0,0,0,0,0,0,7000,0,0,0,31000,24000,7000,7000
06962P,華新科永豐99售01,0,0,0,0,0,0,0,0,0,7000,0,0,0,23000,16000,7000,7000
064698,致伸群益9C購01  ,0,0,0,0,0,0,0,0,0,7000,0,0,0,7000,0,7000,7000
064663,鴻海元大9C購11  ,0,0,0,0,0,0,0,0,0,7000,0,0,0,7000,0,7000,7000
057152,緯穎國票99購03  ,0,0,0,0,0,0,0,0,0,7000,0,0,0,7000,0,7000,7000
053391,嘉聯益元大99購01,0,0,0,0,0,0,0,0,0,7000,0,0,0,7000,0,7000,7000
054756,世紀鋼凱基99購01,0,0,0,0,0,0,0,0,0,7000,0,0,0,7000,0,7000,7000
055297,啟碁元大97購01  ,0,0,0,0,0,0,0,0,0,7000,0,0,0,7000,0,7000,7000
055276,台積電元大97購20,0,0,0,0,0,0,0,0,0,7000,0,0,0,7000,0,7000,7000
054418,茂林元大97購01  ,0,0,0,0,0,0,0,0,0,7000,0,0,0,7000,0,7000,7000
054208,台積電國票97購07,0,0,0,0,0,0,0,0,0,7000,0,0,0,142000,135000,7000,7000
04437P,滬深2X群益98售03,0,0,0,0,0,0,0,0,0,7000,0,0,0,7000,0,7000,7000
00866,新光Shiller CAPE,0,0,0,0,0,0,0,0,0,7000,0,0,0,33000,26000,7000,7000
061126,京元電永豐9A購02,0,0,0,0,0,0,0,0,0,7000,0,0,0,8000,1000,7000,7000
060923,全新永豐9A購01  ,0,0,0,0,0,0,0,0,0,7000,0,0,0,19000,12000,7000,7000
057011,日月光中信99購01,0,0,0,0,0,0,0,0,0,7000,0,0,0,15000,8000,7000,7000
057138,亞德客兆豐98購01,0,0,0,0,0,0,0,0,0,7000,0,0,0,162000,155000,7000,7000
058488,華擎國票9A購01  ,0,0,0,0,0,0,0,0,0,7000,0,0,0,7000,0,7000,7000
058654,鴻海中信03購01  ,0,0,0,0,0,0,0,0,0,7000,0,0,0,8000,1000,7000,7000
059149,臺股指國票99購12,0,0,0,0,0,0,0,0,0,7000,0,0,0,7000,0,7000,7000
059027,神達台新99購02  ,0,0,0,0,0,0,0,0,0,7000,0,0,0,7000,0,7000,7000
060339,國巨統一01購01  ,0,0,0,0,0,0,0,0,0,7000,0,0,0,29000,22000,7000,7000
059877,康控凱基99購05  ,0,0,0,0,0,0,0,0,0,7000,0,0,0,10000,3000,7000,7000
059887,華新科國票99購02,0,0,0,0,0,0,0,0,0,7000,0,0,0,7000,0,7000,7000
058741,欣興日盛99購01  ,0,0,0,0,0,0,0,0,0,7000,0,0,0,7000,0,7000,7000
061479,泰碩元大9A購02  ,0,0,0,0,0,0,0,0,0,7000,0,0,0,8000,1000,7000,7000
061859,勤誠國票9B購01  ,0,0,0,0,0,0,0,0,0,7000,0,0,0,7000,0,7000,7000
061619,大立光群益9B購01,0,0,0,0,0,0,0,0,0,7000,0,0,0,7000,0,7000,7000
061576,華新科元大9A購21,0,0,0,0,0,0,0,0,0,7000,0,0,0,8000,1000,7000,7000
062712,晶技麥證9B購02  ,0,0,0,74000,67000,7000,0,0,0,7000,0,0,0,74000,67000,7000,7000
06294P,臺股指國票97售08,0,0,0,0,0,0,0,0,0,7000,0,0,0,45000,38000,7000,7000
062954,世芯永豐9B購03  ,0,0,0,0,0,0,0,0,0,7000,0,0,0,109000,102000,7000,7000
062977,健策元富9B購01  ,0,0,0,0,0,0,0,0,0,7000,0,0,0,7000,0,7000,7000
062156,美律凱基9B購01  ,0,0,0,0,0,0,0,0,0,7000,0,0,0,40000,33000,7000,7000
062189,康控元大9B購02  ,0,0,0,0,0,0,0,0,0,7000,0,0,0,18000,11000,7000,7000
061994,瑞儀元大9B購01  ,0,0,0,0,0,0,0,0,0,7000,0,0,0,12000,5000,7000,7000
062006,瑞昱國泰9C購01  ,0,0,0,0,0,0,0,0,0,7000,0,0,0,20000,13000,7000,7000
062643,緯穎國票9B購01  ,0,0,0,0,0,0,0,0,0,7000,0,0,0,15000,8000,7000,7000
062363,燿華元大9B購03  ,0,0,0,0,0,0,0,0,0,7000,0,0,0,85000,78000,7000,7000
06431P,新日興元大97售05,0,0,0,0,0,0,0,0,0,7000,0,0,0,17000,10000,7000,7000
064294,和大中信9C購01  ,0,0,0,0,0,0,0,0,0,7000,0,0,0,173000,166000,7000,7000
064099,億光群益9C購01  ,0,0,0,0,0,0,0,0,0,7000,0,0,0,38000,31000,7000,7000
063883,超眾元富9C購02  ,0,0,0,0,0,0,0,0,0,7000,0,0,0,52000,45000,7000,7000
063519,聚陽凱基9B購02  ,0,0,0,0,0,0,0,0,0,7000,0,0,0,51000,44000,7000,7000
063516,香港反凱基03購01,0,0,0,0,0,0,0,0,0,7000,0,0,0,10000,3000,7000,7000
06355P,聯茂永豐97售02  ,0,0,0,0,0,0,0,0,0,7000,0,0,0,7000,0,7000,7000
8201,無敵            ,7000,0,7000,0,0,0,0,0,0,0,0,0,0,0,0,0,7000
6415,矽力-KY         ,285486,280660,4826,0,0,0,10000,0,10000,-8000,2000,7000,-5000,0,3000,-3000,6826
00636,國泰中國A50     ,154000,20000,134000,0,0,0,0,0,0,-127787,30000,60000,-30000,797213,895000,-97787,6213
064706,嘉晶富邦01購01  ,0,0,0,0,0,0,0,0,0,6000,0,0,0,8000,2000,6000,6000
064808,國產元大9C購02  ,0,0,0,0,0,0,0,0,0,6000,0,0,0,6000,0,6000,6000
065009,勤誠國票01購01  ,0,0,0,0,0,0,0,0,0,6000,0,0,0,6000,0,6000,6000
06811P,聯發科統一98售06,0,0,0,0,0,0,0,0,0,6000,0,0,0,6000,0,6000,6000
06645P,上銀元大98售05  ,0,0,0,0,0,0,0,0,0,6000,0,0,0,6000,0,6000,6000
07051P,大立光中信99售02,0,0,0,0,0,0,0,0,0,6000,0,0,0,6000,0,6000,6000
07409P,台積電台新99售07,0,0,0,0,0,0,0,0,0,6000,0,0,0,11000,5000,6000,6000
07576P,可成元大9A售01  ,0,0,0,0,0,0,0,0,0,6000,0,0,0,90000,84000,6000,6000
07590P,玉晶光國票9A售03,0,0,0,0,0,0,0,0,0,6000,0,0,0,22000,16000,6000,6000
08140P,祥碩元大9B售07  ,0,0,0,0,0,0,0,0,0,6000,0,0,0,350000,344000,6000,6000
08305P,茂林群益9C售01  ,0,0,0,0,0,0,0,0,0,6000,0,0,0,11000,5000,6000,6000
1443,立益            ,6000,0,6000,0,0,0,0,0,0,0,0,0,0,0,0,0,6000
1203,味王            ,6000,0,6000,0,0,0,0,0,0,0,0,0,0,0,0,0,6000
4739,康普            ,55000,49000,6000,0,0,0,0,0,0,0,0,0,0,0,0,0,6000
5258,虹堡            ,26000,10000,16000,0,0,0,0,0,0,-10000,0,10000,-10000,0,0,0,6000
5533,皇鼎            ,13000,7000,6000,0,0,0,0,0,0,0,0,0,0,0,0,0,6000
5288,豐祥-KY         ,29000,23000,6000,0,0,0,0,0,0,0,0,0,0,0,0,0,6000
6183,關貿            ,71000,66000,5000,0,0,0,0,0,0,1000,1000,0,1000,0,0,0,6000
3032,偉訓            ,7000,1000,6000,0,0,0,0,0,0,0,0,0,0,0,0,0,6000
2460,建通            ,4000,0,4000,0,0,0,0,0,0,2000,2000,0,2000,0,0,0,6000
2850,新產            ,54000,48000,6000,0,0,0,0,0,0,0,0,0,0,0,0,0,6000
2540,愛山林          ,7000,1000,6000,0,0,0,0,0,0,0,0,0,0,0,0,0,6000
2597,潤弘            ,7000,1000,6000,0,0,0,0,0,0,0,0,0,0,0,0,0,6000
2545,皇翔            ,30000,24000,6000,0,0,0,0,0,0,0,0,0,0,0,0,0,6000
00682U,元大美元指數    ,0,0,0,0,0,0,0,0,0,6000,0,0,0,7000,1000,6000,6000
052003,泰碩國泰97購02  ,0,0,0,0,0,0,0,0,0,6000,0,0,0,15000,9000,6000,6000
03047X,元展44          ,0,0,0,0,0,0,0,0,0,6000,0,0,0,6000,0,6000,6000
054720,禾伸堂永豐97購01,0,0,0,0,0,0,0,0,0,6000,0,0,0,6000,0,6000,6000
053298,SP黃豆凱基99購01,0,0,0,0,0,0,0,0,0,6000,0,0,0,16000,10000,6000,6000
056376,玉晶光統一98購01,0,0,0,0,0,0,0,0,0,6000,0,0,0,46000,40000,6000,6000
056333,台積電日盛9B購01,0,0,0,0,0,0,0,0,0,6000,0,0,0,6000,0,6000,6000
057222,鴻海國票99購04  ,0,0,0,0,0,0,0,0,0,6000,0,0,0,6000,0,6000,6000
055717,聯發科元大97購19,0,0,0,0,0,0,0,0,0,6000,0,0,0,16000,10000,6000,6000
057088,上銀元富98購01  ,0,0,0,0,0,0,0,0,0,6000,0,0,0,10000,4000,6000,6000
056969,智易永豐98購01  ,0,0,0,0,0,0,0,0,0,6000,0,0,0,16000,10000,6000,6000
056256,聯茂元富97購03  ,0,0,0,0,0,0,0,0,0,6000,0,0,0,6000,0,6000,6000
056623,禾伸堂永豐98購01,0,0,0,0,0,0,0,0,0,6000,0,0,0,10000,4000,6000,6000
060962,義隆凱基9B購01  ,0,0,0,0,0,0,0,0,0,6000,0,0,0,38000,32000,6000,6000
061143,道瓊指中信9C購04,0,0,0,0,0,0,0,0,0,6000,0,0,0,20000,14000,6000,6000
057833,聯發科元富02購06,0,0,0,0,0,0,0,0,0,6000,0,0,0,6000,0,6000,6000
057422,欣興凱基98購04  ,0,0,0,0,0,0,0,0,0,6000,0,0,0,6000,0,6000,6000
061820,康控群益9B購02  ,0,0,0,0,0,0,0,0,0,6000,0,0,0,134000,128000,6000,6000
061860,臺股指國票9B購04,0,0,0,0,0,0,0,0,0,6000,0,0,0,6000,0,6000,6000
061532,和大統一9C購02  ,0,0,0,0,0,0,0,0,0,6000,0,0,0,6000,0,6000,6000
059529,華新科凱基9A購04,0,0,0,0,0,0,0,0,0,6000,0,0,0,12000,6000,6000,6000
059632,聯發科凱基01購01,0,0,0,0,0,0,0,0,0,6000,0,0,0,6000,0,6000,6000
060104,新日興元大99購03,0,0,0,0,0,0,0,0,0,6000,0,0,0,59000,53000,6000,6000
060119,上銀富邦9B購03  ,0,0,0,0,0,0,0,0,0,6000,0,0,0,6000,0,6000,6000
060479,億豐元大9A購01  ,0,0,0,0,0,0,0,0,0,6000,0,0,0,30000,24000,6000,6000
060475,瑞祺元大9A購01  ,0,0,0,0,0,0,0,0,0,6000,0,0,0,61000,55000,6000,6000
060610,玉晶光凱基9B購02,0,0,0,0,0,0,0,0,0,6000,0,0,0,11000,5000,6000,6000
057902,嘉晶永豐98購02  ,0,0,0,0,0,0,0,0,0,6000,0,0,0,126000,120000,6000,6000
059176,臺股指凱基99購27,0,0,0,0,0,0,0,0,0,6000,0,0,0,19000,13000,6000,6000
059515,牧德永豐99購01  ,0,0,0,0,0,0,0,0,0,6000,0,0,0,26000,20000,6000,6000
059833,緯穎康和99購01  ,0,0,0,0,0,0,0,0,0,6000,0,0,0,6000,0,6000,6000
059282,嘉聯益永豐99購01,0,0,0,0,0,0,0,0,0,6000,0,0,0,45000,39000,6000,6000
063377,泰鼎永豐9B購03  ,0,0,0,0,0,0,0,0,0,6000,0,0,0,128000,122000,6000,6000
063759,義隆統一9C購01  ,0,0,0,0,0,0,0,0,0,6000,0,0,0,6000,0,6000,6000
063622,健策兆豐9B購01  ,0,0,0,0,0,0,0,0,0,6000,0,0,0,7000,1000,6000,6000
064120,鴻海元大9C購07  ,0,0,0,0,0,0,0,0,0,6000,0,0,0,6000,0,6000,6000
064170,儒鴻元富9C購01  ,0,0,0,0,0,0,0,0,0,6000,0,0,0,122000,116000,6000,6000
064278,高鐵元大9C購02  ,0,0,0,0,0,0,0,0,0,6000,0,0,0,21000,15000,6000,6000
064451,技嘉統一01購02  ,0,0,0,0,0,0,0,0,0,6000,0,0,0,81000,75000,6000,6000
064505,康控元大9C購01  ,0,0,0,0,0,0,0,0,0,6000,0,0,0,6000,0,6000,6000
06240P,奇力新元富97售03,0,0,0,0,0,0,0,0,0,6000,0,0,0,6000,0,6000,6000
06257P,臺股指群益97售10,0,0,0,0,0,0,0,0,0,6000,0,0,0,6000,0,6000,6000
062562,瑞儀凱基9B購02  ,0,0,0,0,0,0,0,0,0,6000,0,0,0,36000,30000,6000,6000
061997,台郡元大9B購03  ,0,0,0,0,0,0,0,0,0,6000,0,0,0,66000,60000,6000,6000
062820,禾伸堂兆豐9B購01,0,0,0,0,0,0,0,0,0,6000,0,0,0,16000,10000,6000,6000
062864,臺股指國票9B購21,0,0,0,0,0,0,0,0,0,6000,0,0,0,20000,14000,6000,6000
062871,大成鋼兆豐9B購01,0,0,0,0,0,0,0,0,0,6000,0,0,0,16000,10000,6000,6000
06264P,友達凱基98售06  ,0,0,0,0,0,0,0,0,0,6000,0,0,0,6000,0,6000,6000
062764,世芯凱基9B購02  ,0,0,0,0,0,0,0,0,0,6000,0,0,0,13000,7000,6000,6000
063088,緯穎凱基9B購04  ,0,0,0,0,0,0,0,0,0,6000,0,0,0,16000,10000,6000,6000
6698,旭暉應材        ,13000,7000,6000,0,0,0,0,0,0,0,0,0,0,0,0,0,6000
9937,全國            ,6000,0,6000,0,0,0,0,0,0,0,0,0,0,0,0,0,6000
3013,晟銘電          ,8000,2000,6000,0,0,0,0,0,0,-1000,0,1000,-1000,0,0,0,5000
2904,匯僑            ,9000,4000,5000,0,0,0,0,0,0,0,0,0,0,0,0,0,5000
2328,廣宇            ,349000,325000,24000,0,0,0,0,0,0,-19000,2000,59000,-57000,38000,0,38000,5000
2030,彰源            ,5000,0,5000,0,0,0,0,0,0,0,0,0,0,0,0,0,5000
3031,佰鴻            ,31000,26000,5000,0,0,0,0,0,0,0,0,0,0,0,0,0,5000
3266,昇陽            ,9000,4000,5000,0,0,0,0,0,0,0,0,0,0,0,0,0,5000
3593,力銘            ,7000,2000,5000,0,0,0,0,0,0,0,0,0,0,0,0,0,5000
3501,維熹            ,20000,2000,18000,0,0,0,0,0,0,-13000,0,13000,-13000,0,0,0,5000
5906,台南-KY         ,5000,0,5000,0,0,0,0,0,0,0,0,0,0,0,0,0,5000
5538,東明-KY         ,5000,0,5000,0,0,0,0,0,0,0,0,0,0,0,0,0,5000
4725,信昌化          ,8000,3000,5000,0,0,0,0,0,0,0,0,0,0,0,0,0,5000
2012,春雨            ,5000,0,5000,0,0,0,0,0,0,0,0,0,0,0,0,0,5000
1817,凱撒衛          ,6000,1000,5000,0,0,0,0,0,0,0,0,0,0,0,0,0,5000
08249P,聯發科群益9C售06,0,0,0,0,0,0,0,0,0,5000,0,0,0,15000,10000,5000,5000
08128P,聯發科元大9B售22,0,0,0,0,0,0,0,0,0,5000,0,0,0,11000,6000,5000,5000
08063P,立積國票9B售03  ,0,0,0,0,0,0,0,0,0,5000,0,0,0,5000,0,5000,5000
07981P,上銀群益9B售04  ,0,0,0,0,0,0,0,0,0,5000,0,0,0,5000,0,5000,5000
07626P,台灣50凱基04售07,0,0,0,0,0,0,0,0,0,5000,0,0,0,5000,0,5000,5000
07638P,長榮航國票9A售01,0,0,0,0,0,0,0,0,0,5000,0,0,0,20000,15000,5000,5000
07509P,牧德國票9A售03  ,0,0,0,0,0,0,0,0,0,5000,0,0,0,5000,0,5000,5000
07830P,牧德凱基9A售03  ,0,0,0,0,0,0,0,0,0,5000,0,0,0,5000,0,5000,5000
07776P,國巨群益9B售02  ,0,0,0,0,0,0,0,0,0,5000,0,0,0,5000,0,5000,5000
07238P,台灣50國票99售07,0,0,0,0,0,0,0,0,0,5000,0,0,0,5000,0,5000,5000
07317P,T50正2凱基9B售02,0,0,0,0,0,0,0,0,0,5000,0,0,0,5000,0,5000,5000
07196P,大立光元大99售13,0,0,0,0,0,0,0,0,0,5000,0,0,0,5000,0,5000,5000
07217P,大立光凱基9A售05,0,0,0,0,0,0,0,0,0,5000,0,0,0,5000,0,5000,5000
07058P,台積電凱基9A售07,0,0,0,0,0,0,0,0,0,5000,0,0,0,5000,0,5000,5000
06892P,聯鈞元富98售01  ,0,0,0,0,0,0,0,0,0,5000,0,0,0,5000,0,5000,5000
06560P,台積電統一98售07,0,0,0,0,0,0,0,0,0,5000,0,0,0,5000,0,5000,5000
06570P,大立光永豐98售01,0,0,0,0,0,0,0,0,0,5000,0,0,0,9000,4000,5000,5000
06673P,大立光群益98售01,0,0,0,0,0,0,0,0,0,5000,0,0,0,5000,0,5000,5000
06497P,大立光凱基98售11,0,0,0,0,0,0,0,0,0,5000,0,0,0,5000,0,5000,5000
064814,祥碩元大9C購06  ,0,0,0,0,0,0,0,0,0,5000,0,0,0,5000,0,5000,5000
06487P,聯發科統一99售02,0,0,0,0,0,0,0,0,0,5000,0,0,0,15000,10000,5000,5000
064651,GIS凱基9C購02   ,0,0,0,0,0,0,0,0,0,5000,0,0,0,5000,0,5000,5000
064678,嘉晶兆豐01購01  ,0,0,0,0,0,0,0,0,0,5000,0,0,0,5000,0,5000,5000
064637,元金2X凱基01購02,0,0,0,0,0,0,0,0,0,5000,0,0,0,5000,0,5000,5000
064621,大立光元大9C購20,0,0,0,0,0,0,0,0,0,5000,0,0,0,10000,5000,5000,5000
064609,滬深2X元大9C購12,0,0,0,0,0,0,0,0,0,5000,0,0,0,10000,5000,5000,5000
057511,健策統一98購02  ,0,0,0,0,0,0,0,0,0,5000,0,0,0,5000,0,5000,5000
057545,國巨凱基99購05  ,0,0,0,0,0,0,0,0,0,5000,0,0,0,5000,0,5000,5000
057639,國巨元大99購07  ,0,0,0,0,0,0,0,0,0,5000,0,0,0,19000,14000,5000,5000
057640,台積電元大98購16,0,0,0,0,0,0,0,0,0,5000,0,0,0,5000,0,5000,5000
057838,台郡國泰99購01  ,0,0,0,0,0,0,0,0,0,5000,0,0,0,7000,2000,5000,5000
061122,敬鵬永豐9A購01  ,0,0,0,0,0,0,0,0,0,5000,0,0,0,145000,140000,5000,5000
060957,SP黃豆凱基9A購04,0,0,0,0,0,0,0,0,0,5000,0,0,0,15000,10000,5000,5000
060931,GIS永豐9A購01   ,0,0,0,0,0,0,0,0,0,5000,0,0,0,5000,0,5000,5000
060871,台灣50中信01購03,0,0,0,0,0,0,0,0,0,5000,0,0,0,5000,0,5000,5000
056555,矽創凱基98購01  ,0,0,0,0,0,0,0,0,0,5000,0,0,0,243000,238000,5000,5000
056588,聯發科統一9A購02,0,0,0,0,0,0,0,0,0,5000,0,0,0,5000,0,5000,5000
057322,旺宏群益98購04  ,0,0,0,0,0,0,0,0,0,5000,0,0,0,5000,0,5000,5000
057269,鈺齊兆豐98購01  ,0,0,0,0,0,0,0,0,0,5000,0,0,0,15000,10000,5000,5000
055993,致茂國泰99購01  ,0,0,0,0,0,0,0,0,0,5000,0,0,0,5000,0,5000,5000
055988,矽力元富97購01  ,0,0,0,0,0,0,0,0,0,5000,0,0,0,5000,0,5000,5000
057010,景碩中信98購01  ,0,0,0,0,0,0,0,0,0,5000,0,0,0,11000,6000,5000,5000
056997,台灣50康和9A購02,0,0,0,0,0,0,0,0,0,5000,0,0,0,5000,0,5000,5000
056836,國巨元富98購01  ,0,0,0,0,0,0,0,0,0,5000,0,0,0,5000,0,5000,5000
056621,宏達電永豐98購01,0,0,0,0,0,0,0,0,0,5000,0,0,0,60000,55000,5000,5000
056411,緯穎國票99購01  ,0,0,0,0,0,0,0,0,0,5000,0,0,0,51000,46000,5000,5000
053306,晶技凱基97購01  ,0,0,0,0,0,0,0,0,0,5000,0,0,0,5000,0,5000,5000
055480,元上證元大97購02,0,0,0,0,0,0,0,0,0,5000,0,0,0,5000,0,5000,5000
054784,順德群益9A購01  ,0,0,0,0,0,0,0,0,0,5000,0,0,0,10000,5000,5000,5000
054311,世芯凱基96購02  ,0,0,0,0,0,0,0,0,0,5000,0,0,0,5000,0,5000,5000
054480,和碩中信98購01  ,0,0,0,0,0,0,0,0,0,5000,0,0,0,30000,25000,5000,5000
051466,玉晶光富邦97購01,0,0,0,0,0,0,0,0,0,5000,0,0,0,8000,3000,5000,5000
051078,力山富邦97購01  ,0,0,0,0,0,0,0,0,0,5000,0,0,0,5000,0,5000,5000
052747,京鼎元大97購01  ,0,0,0,0,0,0,0,0,0,5000,0,0,0,5000,0,5000,5000
052596,群創群益98購05  ,0,0,0,0,0,0,0,0,0,5000,0,0,0,5000,0,5000,5000
052621,台郡富邦97購01  ,0,0,0,0,0,0,0,0,0,5000,0,0,0,5000,0,5000,5000
03035X,元展32          ,0,0,0,0,0,0,0,0,0,5000,0,0,0,5000,0,5000,5000
052095,彩晶元大97購01  ,0,0,0,0,0,0,0,0,0,5000,0,0,0,5000,0,5000,5000
045053,聯發科元富98購01,0,0,0,0,0,0,0,0,0,5000,0,0,0,5000,0,5000,5000
046999,康控富邦99購01  ,0,0,0,0,0,0,0,0,0,5000,0,0,0,5000,0,5000,5000
046383,群創凱基98購01  ,0,0,0,0,0,0,0,0,0,5000,0,0,0,5000,0,5000,5000
03675C,臺股指元大04牛02,0,0,0,0,0,0,0,0,0,5000,0,0,0,5000,0,5000,5000
03680C,臺股指凱基9A牛26,0,0,0,0,0,0,0,0,0,5000,0,0,0,52000,47000,5000,5000
054967,神達元大97購01  ,0,0,0,0,0,0,0,0,0,5000,0,0,0,5000,0,5000,5000
055108,智邦凱基98購01  ,0,0,0,0,0,0,0,0,0,5000,0,0,0,7000,2000,5000,5000
053821,群創群益98購08  ,0,0,0,0,0,0,0,0,0,5000,0,0,0,5000,0,5000,5000
058568,宏達電凱基9A購02,0,0,0,0,0,0,0,0,0,5000,0,0,0,11000,6000,5000,5000
058442,玉晶光台新99購01,0,0,0,0,0,0,0,0,0,5000,0,0,0,5000,0,5000,5000
058344,旺宏群益99購05  ,0,0,0,0,0,0,0,0,0,5000,0,0,0,60000,55000,5000,5000
058203,信邦凱基99購01  ,0,0,0,0,0,0,0,0,0,5000,0,0,0,55000,50000,5000,5000
058246,帆宣元大99購01  ,0,0,0,0,0,0,0,0,0,5000,0,0,0,5000,0,5000,5000
059705,華新科凱基9A購07,0,0,0,0,0,0,0,0,0,5000,0,0,0,14000,9000,5000,5000
059489,上証2X國票9A購01,0,0,0,0,0,0,0,0,0,5000,0,0,0,5000,0,5000,5000
059475,元石油群益99購02,0,0,0,0,0,0,0,0,0,5000,0,0,0,5000,0,5000,5000
05917P,宏達電元大96售02,0,0,0,0,0,0,0,0,0,5000,0,0,0,5000,0,5000,5000
059216,台積電元大99購29,0,0,0,0,0,0,0,0,0,5000,0,0,0,9000,4000,5000,5000
058697,亞德客元大99購01,0,0,0,0,0,0,0,0,0,5000,0,0,0,10000,5000,5000,5000
058713,國巨統一9B購02  ,0,0,0,0,0,0,0,0,0,5000,0,0,0,5000,0,5000,5000
058725,美律富邦9A購01  ,0,0,0,0,0,0,0,0,0,5000,0,0,0,10000,5000,5000,5000
059044,聯電日盛99購02  ,0,0,0,0,0,0,0,0,0,5000,0,0,0,5000,0,5000,5000
058946,SGBR2X群益9B購01,0,0,0,0,0,0,0,0,0,5000,0,0,0,15000,10000,5000,5000
060569,台積電永豐9A購01,0,0,0,0,0,0,0,0,0,5000,0,0,0,6000,1000,5000,5000
058008,禾伸堂國票99購02,0,0,0,0,0,0,0,0,0,5000,0,0,0,5000,0,5000,5000
060340,國巨統一01購02  ,0,0,0,0,0,0,0,0,0,5000,0,0,0,15000,10000,5000,5000
060330,台灣50麥證9A購03,0,0,0,5000,0,5000,0,0,0,5000,0,0,0,5000,0,5000,5000
060365,京鼎元富9A購01  ,0,0,0,0,0,0,0,0,0,5000,0,0,0,7000,2000,5000,5000
060013,S&P正2康和99購01,0,0,0,0,0,0,0,0,0,5000,0,0,0,5000,0,5000,5000
059991,超眾元大9A購02  ,0,0,0,0,0,0,0,0,0,5000,0,0,0,7000,2000,5000,5000
059611,台積電永豐99購05,0,0,0,0,0,0,0,0,0,5000,0,0,0,16000,11000,5000,5000
059572,華新科凱基99購08,0,0,0,0,0,0,0,0,0,5000,0,0,0,14000,9000,5000,5000
059540,新光金日盛99購01,0,0,0,0,0,0,0,0,0,5000,0,0,0,10000,5000,5000,5000
062790,臺股指元大9B購33,0,0,0,0,0,0,0,0,0,5000,0,0,0,5000,0,5000,5000
062721,美律凱基9B購02  ,0,0,0,0,0,0,0,0,0,5000,0,0,0,17000,12000,5000,5000
062885,臻鼎兆豐9C購01  ,0,0,0,0,0,0,0,0,0,5000,0,0,0,149000,144000,5000,5000
062859,玉晶光國票01購02,0,0,0,0,0,0,0,0,0,5000,0,0,0,75000,70000,5000,5000
062048,義隆台新9B購01  ,0,0,0,0,0,0,0,0,0,5000,0,0,0,15000,10000,5000,5000
062166,致新國泰01購01  ,0,0,0,0,0,0,0,0,0,5000,0,0,0,5000,0,5000,5000
062263,康控元大9B購03  ,0,0,0,0,0,0,0,0,0,5000,0,0,0,22000,17000,5000,5000
062479,TPK國票9B購01   ,0,0,0,0,0,0,0,0,0,5000,0,0,0,5000,0,5000,5000
062437,廣達元大9B購01  ,0,0,0,0,0,0,0,0,0,5000,0,0,0,5000,0,5000,5000
062341,台表科麥證9C購01,0,0,0,14000,9000,5000,0,0,0,5000,0,0,0,14000,9000,5000,5000
064286,TPK元大9C購02   ,0,0,0,0,0,0,0,0,0,5000,0,0,0,6000,1000,5000,5000
064274,燿華元大9C購01  ,0,0,0,0,0,0,0,0,0,5000,0,0,0,57000,52000,5000,5000
063948,高鐵元大9C購01  ,0,0,0,0,0,0,0,0,0,5000,0,0,0,19000,14000,5000,5000
063843,台積電元大9C購03,0,0,0,0,0,0,0,0,0,5000,0,0,0,5000,0,5000,5000
063596,嘉澤中信9B購01  ,0,0,0,0,0,0,0,0,0,5000,0,0,0,5000,0,5000,5000
9908,大台北          ,23000,6000,17000,0,0,0,0,0,0,-12000,0,12000,-12000,0,0,0,5000
07060P,台表科國票9A售01,0,0,0,0,0,0,0,0,0,4000,0,0,0,74000,70000,4000,4000
07417P,聯發科元大99售44,0,0,0,0,0,0,0,0,0,4000,0,0,0,4000,0,4000,4000
08245P,台灣50群益9C售05,0,0,0,0,0,0,0,0,0,4000,0,0,0,4000,0,4000,4000
08219P,上銀凱基9B售08  ,0,0,0,0,0,0,0,0,0,4000,0,0,0,4000,0,4000,4000
08301P,台積電兆豐9C售02,0,0,0,0,0,0,0,0,0,4000,0,0,0,5000,1000,4000,4000
2033,佳大            ,4000,0,4000,0,0,0,0,0,0,0,1000,1000,0,0,0,0,4000
1413,宏洲            ,12000,8000,4000,0,0,0,0,0,0,0,0,0,0,0,0,0,4000
4566,時碩工業        ,12000,8000,4000,0,0,0,0,0,0,0,0,0,0,0,0,0,4000
5284,jpp-KY          ,4000,0,4000,0,0,0,0,0,0,0,0,0,0,0,0,0,4000
6136,富爾特          ,4000,0,4000,0,0,0,0,0,0,0,0,0,0,0,0,0,4000
3380,明泰            ,972000,255000,717000,0,0,0,0,0,0,-713000,34000,109000,-75000,248000,886000,-638000,4000
2358,廷鑫            ,5000,1000,4000,0,0,0,0,0,0,0,0,0,0,0,0,0,4000
2429,銘旺科          ,5000,1000,4000,0,0,0,0,0,0,0,0,0,0,0,0,0,4000
2852,第一保          ,10000,6000,4000,0,0,0,0,0,0,0,0,0,0,0,0,0,4000
2881B,富邦金乙特      ,0,0,0,0,0,0,0,0,0,4000,4000,0,4000,0,0,0,4000
2516,新建            ,9000,5000,4000,0,0,0,0,0,0,0,0,0,0,0,0,0,4000
054893,帆宣統一99購01  ,0,0,0,0,0,0,0,0,0,4000,0,0,0,9000,5000,4000,4000
054917,聯發科凱基98購05,0,0,0,0,0,0,0,0,0,4000,0,0,0,4000,0,4000,4000
03669C,滬深2X元富09牛01,0,0,0,0,0,0,0,0,0,4000,0,0,0,4000,0,4000,4000
03448B,臺股指元大9C熊11,0,0,0,0,0,0,0,0,0,4000,0,0,0,6000,2000,4000,4000
050492,漢唐國泰96購01  ,0,0,0,0,0,0,0,0,0,4000,0,0,0,4000,0,4000,4000
050570,聯發科中信97購02,0,0,0,0,0,0,0,0,0,4000,0,0,0,4000,0,4000,4000
052090,聯發科元大97購03,0,0,0,0,0,0,0,0,0,4000,0,0,0,4000,0,4000,4000
00766L,台新MSCI中國正2 ,0,0,0,0,0,0,0,0,0,4000,0,0,0,120000,116000,4000,4000
020004,兆豐電菁英30N   ,0,0,0,0,0,0,0,0,0,4000,0,0,0,4000,0,4000,4000
020008,元大特股高息N   ,0,0,0,0,0,0,0,0,0,4000,0,0,0,5000,1000,4000,4000
0054,元大台商50      ,0,0,0,0,0,0,0,0,0,4000,0,0,0,8000,4000,4000,4000
054578,世芯元大99購01  ,0,0,0,0,0,0,0,0,0,4000,0,0,0,156000,152000,4000,4000
054347,上緯控國票96購02,0,0,0,0,0,0,0,0,0,4000,0,0,0,4000,0,4000,4000
055311,健策群益98購02  ,0,0,0,0,0,0,0,0,0,4000,0,0,0,5000,1000,4000,4000
055515,聚陽中信9A購01  ,0,0,0,0,0,0,0,0,0,4000,0,0,0,20000,16000,4000,4000
053310,彩晶凱基98購02  ,0,0,0,0,0,0,0,0,0,4000,0,0,0,4000,0,4000,4000
055597,禾伸堂元大98購02,0,0,0,0,0,0,0,0,0,4000,0,0,0,4000,0,4000,4000
056209,超眾永豐97購02  ,0,0,0,0,0,0,0,0,0,4000,0,0,0,6000,2000,4000,4000
060892,超眾統一9C購01  ,0,0,0,0,0,0,0,0,0,4000,0,0,0,4000,0,4000,4000
061137,晶技統一9B購01  ,0,0,0,0,0,0,0,0,0,4000,0,0,0,35000,31000,4000,4000
057815,信邦元大98購01  ,0,0,0,0,0,0,0,0,0,4000,0,0,0,4000,0,4000,4000
060115,南電元大99購06  ,0,0,0,0,0,0,0,0,0,4000,0,0,0,4000,0,4000,4000
059903,S&P正2元大99購02,0,0,0,0,0,0,0,0,0,4000,0,0,0,4000,0,4000,4000
060493,美律元富01購01  ,0,0,0,0,0,0,0,0,0,4000,0,0,0,137000,133000,4000,4000
060495,台灣50元大01購13,0,0,0,0,0,0,0,0,0,4000,0,0,0,4000,0,4000,4000
058010,帆宣國票98購01  ,0,0,0,0,0,0,0,0,0,4000,0,0,0,4000,0,4000,4000
060762,長榮航元大9A購02,0,0,0,0,0,0,0,0,0,4000,0,0,0,4000,0,4000,4000
059795,鴻海國票99購07  ,0,0,0,0,0,0,0,0,0,4000,0,0,0,4000,0,4000,4000
059830,台郡凱基99購05  ,0,0,0,0,0,0,0,0,0,4000,0,0,0,4000,0,4000,4000
059831,聯詠康和99購01  ,0,0,0,0,0,0,0,0,0,4000,0,0,0,4000,0,4000,4000
059817,華通凱基99購05  ,0,0,0,0,0,0,0,0,0,4000,0,0,0,10000,6000,4000,4000
058275,S&P500中信9B購01,0,0,0,0,0,0,0,0,0,4000,0,0,0,4000,0,4000,4000
061192,奇鋐永豐9A購01  ,0,0,0,0,0,0,0,0,0,4000,0,0,0,14000,10000,4000,4000
060221,大立光凱基9A購07,0,0,0,0,0,0,0,0,0,4000,0,0,0,4000,0,4000,4000
060213,牧德康和9A購01  ,0,0,0,0,0,0,0,0,0,4000,0,0,0,4000,0,4000,4000
063603,友達凱基9B購05  ,0,0,0,0,0,0,0,0,0,4000,0,0,0,4000,0,4000,4000
06378P,國巨統一97售08  ,0,0,0,0,0,0,0,0,0,4000,0,0,0,50000,46000,4000,4000
063915,祥碩凱基01購01  ,0,0,0,0,0,0,0,0,0,4000,0,0,0,4000,0,4000,4000
063977,義隆兆豐9C購01  ,0,0,0,0,0,0,0,0,0,4000,0,0,0,4000,0,4000,4000
064509,台表科元大9C購08,0,0,0,0,0,0,0,0,0,4000,0,0,0,4000,0,4000,4000
062326,國巨統一9C購09  ,0,0,0,0,0,0,0,0,0,4000,0,0,0,5000,1000,4000,4000
062110,華擎國票9B購01  ,0,0,0,0,0,0,0,0,0,4000,0,0,0,4000,0,4000,4000
062921,GIS元大9B購01   ,0,0,0,0,0,0,0,0,0,4000,0,0,0,84000,80000,4000,4000
063185,聯發科凱基9C購03,0,0,0,0,0,0,0,0,0,4000,0,0,0,32000,28000,4000,4000
8070,長華*           ,5000,1000,4000,0,0,0,0,0,0,0,5000,5000,0,0,0,0,4000
8072,陞泰            ,6000,2000,4000,0,0,0,0,0,0,0,0,0,0,0,0,0,4000
8374,羅昇            ,8000,5000,3000,0,0,0,0,0,0,1000,1000,0,1000,0,0,0,4000
4958,臻鼎-KY         ,1125885,1374363,-248478,0,0,0,98000,11000,87000,165000,249000,69000,180000,24000,39000,-15000,3522
5285,界霖            ,21000,9000,12000,0,0,0,0,0,0,-9000,0,9000,-9000,0,0,0,3000
6155,鈞寶            ,72000,69000,3000,0,0,0,0,0,0,0,0,0,0,0,0,0,3000
5546,永固-KY         ,15000,12000,3000,0,0,0,0,0,0,0,0,0,0,0,0,0,3000
6117,迎廣            ,12000,9000,3000,0,0,0,0,0,0,0,0,0,0,0,0,0,3000
3305,昇貿            ,4000,1000,3000,0,0,0,0,0,0,0,0,0,0,0,0,0,3000
3028,增你強          ,5000,1000,4000,0,0,0,0,0,0,-1000,0,1000,-1000,0,0,0,3000
2506,太設            ,11000,8000,3000,0,0,0,0,0,0,0,0,0,0,0,0,0,3000
2608,嘉里大榮        ,118000,11000,107000,0,0,0,0,63000,-63000,-41000,0,41000,-41000,0,0,0,3000
2427,三商電          ,5000,6000,-1000,0,0,0,0,0,0,4000,4000,0,4000,0,0,0,3000
1438,裕豐            ,3000,0,3000,0,0,0,0,0,0,0,0,0,0,0,0,0,3000
1232,大統益          ,5000,2000,3000,0,0,0,0,0,0,0,0,0,0,0,0,0,3000
1234,黑松            ,28000,25000,3000,0,0,0,0,0,0,0,0,0,0,0,0,0,3000
1101B,台泥乙特        ,0,0,0,0,0,0,0,0,0,3000,3000,0,3000,0,0,0,3000
2029,盛餘            ,10000,7000,3000,0,0,0,0,0,0,0,0,0,0,0,0,0,3000
1724,台硝            ,5000,2000,3000,0,0,0,0,0,0,0,0,0,0,0,0,0,3000
1540,喬福            ,5000,2000,3000,0,0,0,0,0,0,0,0,0,0,0,0,0,3000
1617,榮星            ,3000,0,3000,0,0,0,0,0,0,0,0,0,0,0,0,0,3000
1524,耿鼎            ,5000,5000,0,0,0,0,0,0,0,3000,3000,0,3000,0,0,0,3000
08244P,同欣電凱基9C售03,0,0,0,0,0,0,0,0,0,3000,0,0,0,10000,7000,3000,3000
07256P,臺股指凱基99售36,0,0,0,0,0,0,0,0,0,3000,0,0,0,3000,0,3000,3000
07595P,台灣50中信03售07,0,0,0,0,0,0,0,0,0,3000,0,0,0,3000,0,3000,3000
064952,國泰金凱基9C購01,0,0,0,0,0,0,0,0,0,3000,0,0,0,3000,0,3000,3000
06699P,台積電統一98售11,0,0,0,0,0,0,0,0,0,3000,0,0,0,43000,40000,3000,3000
06795P,臺股指凱基98售05,0,0,0,0,0,0,0,0,0,3000,0,0,0,3000,0,3000,3000
057826,祥碩元大98購08  ,0,0,0,0,0,0,0,0,0,3000,0,0,0,3000,0,3000,3000
057547,技嘉凱基99購01  ,0,0,0,0,0,0,0,0,0,3000,0,0,0,24000,21000,3000,3000
057462,光磊永豐98購02  ,0,0,0,0,0,0,0,0,0,3000,0,0,0,3000,0,3000,3000
061013,台積電麥證9A購03,0,0,0,3000,0,3000,0,0,0,3000,0,0,0,3000,0,3000,3000
060932,南六永豐9A購02  ,0,0,0,0,0,0,0,0,0,3000,0,0,0,3000,0,3000,3000
060940,國巨國票9B購03  ,0,0,0,0,0,0,0,0,0,3000,0,0,0,14000,11000,3000,3000
056575,禾伸堂元大99購01,0,0,0,0,0,0,0,0,0,3000,0,0,0,3000,0,3000,3000
056484,聯茂元大98購02  ,0,0,0,0,0,0,0,0,0,3000,0,0,0,7000,4000,3000,3000
056479,玉晶光元大99購05,0,0,0,0,0,0,0,0,0,3000,0,0,0,49000,46000,3000,3000
056420,台表科元富98購01,0,0,0,0,0,0,0,0,0,3000,0,0,0,158000,155000,3000,3000
056934,國巨元富98購04  ,0,0,0,0,0,0,0,0,0,3000,0,0,0,3000,0,3000,3000
057024,義隆凱基99購01  ,0,0,0,0,0,0,0,0,0,3000,0,0,0,74000,71000,3000,3000
057086,立積統一9C購01  ,0,0,0,0,0,0,0,0,0,3000,0,0,0,3000,0,3000,3000
057100,國巨中信9A購02  ,0,0,0,0,0,0,0,0,0,3000,0,0,0,3000,0,3000,3000
053378,台積電元大98購02,0,0,0,0,0,0,0,0,0,3000,0,0,0,3000,0,3000,3000
053466,華通元大98購01  ,0,0,0,0,0,0,0,0,0,3000,0,0,0,3000,0,3000,3000
056416,華新科中信98購01,0,0,0,0,0,0,0,0,0,3000,0,0,0,3000,0,3000,3000
054678,麗豐台新98購02  ,0,0,0,0,0,0,0,0,0,3000,0,0,0,3000,0,3000,3000
00733,富邦臺灣中小    ,0,0,0,0,0,0,0,0,0,3000,0,0,0,207000,204000,3000,3000
00736,國泰新興市場    ,0,42000,-42000,0,0,0,0,0,0,45000,0,0,0,146000,101000,45000,3000
052135,聯發科凱基9B購01,0,0,0,0,0,0,0,0,0,3000,0,0,0,3000,0,3000,3000
051939,同欣電群益97購01,0,0,0,0,0,0,0,0,0,3000,0,0,0,3000,0,3000,3000
050100,台積電永昌96購02,0,0,0,0,0,0,0,0,0,3000,0,0,0,3000,0,3000,3000
054891,聯鈞統一99購02  ,0,0,0,0,0,0,0,0,0,3000,0,0,0,3000,0,3000,3000
036628,統一台新99購01  ,0,0,0,0,0,0,0,0,0,3000,0,0,0,3000,0,3000,3000
03684C,臺股指元大06牛01,0,0,0,0,0,0,0,0,0,3000,0,0,0,3000,0,3000,3000
03685C,臺股指元大9B牛43,0,0,0,0,0,0,0,0,0,3000,0,0,0,3000,0,3000,3000
046793,聯發科元富99購01,0,0,0,0,0,0,0,0,0,3000,0,0,0,3000,0,3000,3000
054894,GIS統一97購01   ,0,0,0,0,0,0,0,0,0,3000,0,0,0,6000,3000,3000,3000
054961,玉晶光元大99購01,0,0,0,0,0,0,0,0,0,3000,0,0,0,3000,0,3000,3000
055032,億光富邦99購01  ,0,0,0,0,0,0,0,0,0,3000,0,0,0,13000,10000,3000,3000
055008,隆達元富97購01  ,0,0,0,0,0,0,0,0,0,3000,0,0,0,4000,1000,3000,3000
060233,宏碁元大9A購01  ,0,0,0,0,0,0,0,0,0,3000,0,0,0,18000,15000,3000,3000
060200,同欣電元富9A購01,0,0,0,0,0,0,0,0,0,3000,0,0,0,3000,0,3000,3000
059299,欣興元富99購03  ,0,0,0,0,0,0,0,0,0,3000,0,0,0,3000,0,3000,3000
058620,滬深2X國票9A購02,0,0,0,0,0,0,0,0,0,3000,0,0,0,3000,0,3000,3000
058603,台積電元大99購12,0,0,0,0,0,0,0,0,0,3000,0,0,0,10000,7000,3000,3000
058574,台積電群益99購03,0,0,0,0,0,0,0,0,0,3000,0,0,0,9000,6000,3000,3000
060283,台肥元大9C購01  ,0,0,0,0,0,0,0,0,0,3000,0,0,0,91000,88000,3000,3000
059199,欣興永豐99購02  ,0,0,0,0,0,0,0,0,0,3000,0,0,0,3000,0,3000,3000
059163,台積電凱基99購10,0,0,0,0,0,0,0,0,0,3000,0,0,0,9000,6000,3000,3000
059458,鎧勝永豐99購01  ,0,0,0,0,0,0,0,0,0,3000,0,0,0,3000,0,3000,3000
059389,國巨凱基99購14  ,0,0,0,0,0,0,0,0,0,3000,0,0,0,3000,0,3000,3000
059090,台新金元大99購01,0,0,0,0,0,0,0,0,0,3000,0,0,0,127000,124000,3000,3000
058731,貿聯永豐99購02  ,0,0,0,0,0,0,0,0,0,3000,0,0,0,32000,29000,3000,3000
058719,智邦元富99購01  ,0,0,0,0,0,0,0,0,0,3000,0,0,0,3000,0,3000,3000
060746,玉晶光國票9B購02,0,0,0,0,0,0,0,0,0,3000,0,0,0,3000,0,3000,3000
061295,台積電國泰9B購02,0,0,0,0,0,0,0,0,0,3000,0,0,0,4000,1000,3000,3000
059591,台積電元大9A購04,0,0,0,0,0,0,0,0,0,3000,0,0,0,5000,2000,3000,3000
058069,美律凱基99購05  ,0,0,0,0,0,0,0,0,0,3000,0,0,0,3000,0,3000,3000
058094,祥碩元大98購09  ,0,0,0,0,0,0,0,0,0,3000,0,0,0,3000,0,3000,3000
058108,台郡台新99購01  ,0,0,0,0,0,0,0,0,0,3000,0,0,0,3000,0,3000,3000
061947,旺宏群益9B購02  ,0,0,0,0,0,0,0,0,0,3000,0,0,0,101000,98000,3000,3000
061826,台郡麥證9B購01  ,0,0,0,3000,0,3000,0,0,0,3000,0,0,0,3000,0,3000,3000
061583,矽創元大9A購01  ,0,0,0,0,0,0,0,0,0,3000,0,0,0,266000,263000,3000,3000
061605,華新科凱基9A購14,0,0,0,0,0,0,0,0,0,3000,0,0,0,43000,40000,3000,3000
063199,台積電統一01購07,0,0,0,0,0,0,0,0,0,3000,0,0,0,3000,0,3000,3000
063029,喬山凱基9B購01  ,0,0,0,0,0,0,0,0,0,3000,0,0,0,3000,0,3000,3000
062911,聯詠元大9B購03  ,0,0,0,0,0,0,0,0,0,3000,0,0,0,69000,66000,3000,3000
06284P,台積電國票98售03,0,0,0,0,0,0,0,0,0,3000,0,0,0,10000,7000,3000,3000
062890,祥碩群益9B購04  ,0,0,0,0,0,0,0,0,0,3000,0,0,0,8000,5000,3000,3000
061777,臺指反群益9B購01,0,0,0,0,0,0,0,0,0,3000,0,0,0,3000,0,3000,3000
062312,大立光凱基9B購03,0,0,0,0,0,0,0,0,0,3000,0,0,0,3000,0,3000,3000
062368,聯詠元大9B購01  ,0,0,0,0,0,0,0,0,0,3000,0,0,0,20000,17000,3000,3000
062380,巨大元大9B購01  ,0,0,0,0,0,0,0,0,0,3000,0,0,0,18000,15000,3000,3000
062554,台積電凱基9B購08,0,0,0,0,0,0,0,0,0,3000,0,0,0,7000,4000,3000,3000
062632,嘉晶國票9B購01  ,0,0,0,0,0,0,0,0,0,3000,0,0,0,5000,2000,3000,3000
064408,TPK凱基02購01   ,0,0,0,0,0,0,0,0,0,3000,0,0,0,3000,0,3000,3000
064379,TPK元富9C購01   ,0,0,0,0,0,0,0,0,0,3000,0,0,0,3000,0,3000,3000
064341,聯詠元大9C購01  ,0,0,0,0,0,0,0,0,0,3000,0,0,0,9000,6000,3000,3000
064118,喬山元大01購01  ,0,0,0,0,0,0,0,0,0,3000,0,0,0,9000,6000,3000,3000
064247,廣達元富9C購01  ,0,0,0,0,0,0,0,0,0,3000,0,0,0,101000,98000,3000,3000
063637,聯發科元大9C購02,0,0,0,0,0,0,0,0,0,3000,0,0,0,318000,315000,3000,3000
063717,宏達電兆豐9B購02,0,0,0,0,0,0,0,0,0,3000,0,0,0,3000,0,3000,3000
063433,臻鼎元富9B購01  ,0,0,0,0,0,0,0,0,0,3000,0,0,0,164000,161000,3000,3000
8488,吉源-KY         ,3000,0,3000,0,0,0,0,0,0,0,0,0,0,0,0,0,3000
6579,研揚            ,3000,0,3000,0,0,0,0,0,0,0,0,0,0,0,0,0,3000
6666,羅麗芬-KY       ,3000,0,3000,0,0,0,0,0,0,0,0,0,0,0,0,0,3000
6442,光聖            ,3000,0,3000,0,0,0,0,0,0,0,0,0,0,0,0,0,3000
06621P,欣興元大98售06  ,0,0,0,0,0,0,0,0,0,2000,0,0,0,2000,0,2000,2000
064907,緯穎群益9C購02  ,0,0,0,0,0,0,0,0,0,2000,0,0,0,4000,2000,2000,2000
064545,智邦凱基9C購02  ,0,0,0,0,0,0,0,0,0,2000,0,0,0,7000,5000,2000,2000
064648,臻鼎凱基9C購02  ,0,0,0,0,0,0,0,0,0,2000,0,0,0,2000,0,2000,2000
064745,聯鈞國票01購01  ,0,0,0,0,0,0,0,0,0,2000,0,0,0,22000,20000,2000,2000
07445P,大立光凱基9A售08,0,0,0,0,0,0,0,0,0,2000,0,0,0,2000,0,2000,2000
07758P,台積電國票9A售06,0,0,0,0,0,0,0,0,0,2000,0,0,0,2000,0,2000,2000
07749P,台郡凱基9A售01  ,0,0,0,0,0,0,0,0,0,2000,0,0,0,15000,13000,2000,2000
07844P,可成國票9A售01  ,0,0,0,0,0,0,0,0,0,2000,0,0,0,87000,85000,2000,2000
07122P,欣興凱基99售05  ,0,0,0,0,0,0,0,0,0,2000,0,0,0,42000,40000,2000,2000
07056P,臺股指麥證99售02,0,0,0,5000,3000,2000,0,0,0,2000,0,0,0,5000,3000,2000,2000
06977P,臺股指元大9A售15,0,0,0,0,0,0,0,0,0,2000,0,0,0,2000,0,2000,2000
06919P,臺股指日盛98售02,0,0,0,0,0,0,0,0,0,2000,0,0,0,2000,0,2000,2000
06878P,台灣50日盛9B售01,0,0,0,0,0,0,0,0,0,2000,0,0,0,52000,50000,2000,2000
08040P,臺股指群益9B售13,0,0,0,0,0,0,0,0,0,2000,0,0,0,3000,1000,2000,2000
1568,倉佑            ,2000,0,2000,0,0,0,0,0,0,0,0,0,0,0,0,0,2000
1725,元禎            ,2000,0,2000,0,0,0,0,0,0,0,0,0,0,0,0,0,2000
2069,運錩            ,4000,0,4000,0,0,0,0,0,0,-2000,0,2000,-2000,0,0,0,2000
2002A,中鋼特          ,0,0,0,0,0,0,0,0,0,2000,2000,0,2000,0,0,0,2000
1256,鮮活果汁-KY     ,2000,0,2000,0,0,0,0,0,0,0,0,0,0,0,0,0,2000
1233,天仁            ,2000,0,2000,0,0,0,0,0,0,0,0,0,0,0,0,0,2000
2613,中櫃            ,2000,0,2000,0,0,0,0,0,0,0,0,0,0,0,0,0,2000
2901,欣欣            ,3000,1000,2000,0,0,0,0,0,0,0,0,0,0,0,0,0,2000
3048,益登            ,34000,32000,2000,0,0,0,0,0,0,0,0,0,0,0,0,0,2000
3296,勝德            ,2000,0,2000,0,0,0,0,0,0,0,0,0,0,0,0,0,2000
3528,安馳            ,3000,1000,2000,0,0,0,0,0,0,0,0,0,0,0,0,0,2000
3494,誠研            ,4000,2000,2000,0,0,0,0,0,0,0,0,0,0,0,0,0,2000
3701,大眾控          ,3000,1000,2000,0,0,0,0,0,0,0,0,0,0,0,0,0,2000
3679,新至陞          ,4000,2000,2000,0,0,0,0,0,0,0,0,0,0,0,0,0,2000
4571,鈞興-KY         ,3000,1000,2000,0,0,0,0,0,0,0,0,0,0,0,0,0,2000
4755,三福化          ,2000,0,2000,0,0,0,0,0,0,0,0,0,0,0,0,0,2000
4807,日成-KY         ,2000,0,2000,0,0,0,0,0,0,0,0,0,0,0,0,0,2000
055133,致新康和97購01  ,0,0,0,0,0,0,0,0,0,2000,0,0,0,2000,0,2000,2000
055207,致新中信99購01  ,0,0,0,0,0,0,0,0,0,2000,0,0,0,3000,1000,2000,2000
03677C,臺股指元大05牛02,0,0,0,0,0,0,0,0,0,2000,0,0,0,2000,0,2000,2000
03427B,臺股指元大9A熊02,0,0,0,0,0,0,0,0,0,2000,0,0,0,4000,2000,2000,2000
054882,台光電統一97購02,0,0,0,0,0,0,0,0,0,2000,0,0,0,23000,21000,2000,2000
047885,元金2X富邦99購01,0,0,0,0,0,0,0,0,0,2000,0,0,0,2000,0,2000,2000
051931,美律國票96購02  ,0,0,0,0,0,0,0,0,0,2000,0,0,0,2000,0,2000,2000
052968,燿華群益98購01  ,0,0,0,0,0,0,0,0,0,2000,0,0,0,2000,0,2000,2000
052417,聯發科兆豐9B購01,0,0,0,0,0,0,0,0,0,2000,0,0,0,2000,0,2000,2000
00865B,國泰US短期公債  ,0,0,0,0,0,0,0,0,0,2000,0,0,0,102000,100000,2000,2000
055403,泰鼎元富97購01  ,0,0,0,0,0,0,0,0,0,2000,0,0,0,2000,0,2000,2000
053168,晶技群益98購01  ,0,0,0,0,0,0,0,0,0,2000,0,0,0,2000,0,2000,2000
054238,聯茂群益96購04  ,0,0,0,0,0,0,0,0,0,2000,0,0,0,3000,1000,2000,2000
054299,南電元大96購03  ,0,0,0,0,0,0,0,0,0,2000,0,0,0,2000,0,2000,2000
053979,健策元大98購01  ,0,0,0,0,0,0,0,0,0,2000,0,0,0,2000,0,2000,2000
057239,貿聯凱基98購05  ,0,0,0,0,0,0,0,0,0,2000,0,0,0,2000,0,2000,2000
053443,智邦凱基97購01  ,0,0,0,0,0,0,0,0,0,2000,0,0,0,2000,0,2000,2000
055479,GIS凱基97購04   ,0,0,0,0,0,0,0,0,0,2000,0,0,0,2000,0,2000,2000
056776,聯茂元大99購01  ,0,0,0,0,0,0,0,0,0,2000,0,0,0,2000,0,2000,2000
056152,可成凱基97購02  ,0,0,0,0,0,0,0,0,0,2000,0,0,0,2000,0,2000,2000
056224,聯發科凱基97購08,0,0,0,0,0,0,0,0,0,2000,0,0,0,2000,0,2000,2000
056226,聯發科凱基97購10,0,0,0,0,0,0,0,0,0,2000,0,0,0,2000,0,2000,2000
056041,禾伸堂凱基98購03,0,0,0,0,0,0,0,0,0,2000,0,0,0,3000,1000,2000,2000
055919,景碩凱基98購02  ,0,0,0,0,0,0,0,0,0,2000,0,0,0,4000,2000,2000,2000
061252,臺股指群益9A購03,0,0,0,0,0,0,0,0,0,2000,0,0,0,2000,0,2000,2000
061059,世芯國票9B購01  ,0,0,0,0,0,0,0,0,0,2000,0,0,0,2000,0,2000,2000
061071,復盛凱基9A購01  ,0,0,0,0,0,0,0,0,0,2000,0,0,0,2000,0,2000,2000
061111,台表科元大9A購02,0,0,0,0,0,0,0,0,0,2000,0,0,0,2000,0,2000,2000
057427,華通兆豐99購01  ,0,0,0,0,0,0,0,0,0,2000,0,0,0,2000,0,2000,2000
057741,超眾富邦98購01  ,0,0,0,0,0,0,0,0,0,2000,0,0,0,2000,0,2000,2000
061611,南六統一01購01  ,0,0,0,0,0,0,0,0,0,2000,0,0,0,2000,0,2000,2000
061631,SP黃豆元大9A購05,0,0,0,0,0,0,0,0,0,2000,0,0,0,2000,0,2000,2000
061967,旺宏統一01購04  ,0,0,0,0,0,0,0,0,0,2000,0,0,0,3000,1000,2000,2000
061980,聯發科元大9B購01,0,0,0,0,0,0,0,0,0,2000,0,0,0,2000,0,2000,2000
059617,A50正2群益01購02,0,0,0,0,0,0,0,0,0,2000,0,0,0,2000,0,2000,2000
058795,可成元大99購03  ,0,0,0,0,0,0,0,0,0,2000,0,0,0,60000,58000,2000,2000
060352,滬深2X元富9A購02,0,0,0,0,0,0,0,0,0,2000,0,0,0,7000,5000,2000,2000
060530,聯發科中信9C購03,0,0,0,0,0,0,0,0,0,2000,0,0,0,10000,8000,2000,2000
059899,上証2X元大9C購04,0,0,0,0,0,0,0,0,0,2000,0,0,0,2000,0,2000,2000
059975,元金2X元大99購02,0,0,0,0,0,0,0,0,0,2000,0,0,0,37000,35000,2000,2000
059958,鎧勝康和99購01  ,0,0,0,0,0,0,0,0,0,2000,0,0,0,2000,0,2000,2000
060102,禾伸堂元大99購06,0,0,0,0,0,0,0,0,0,2000,0,0,0,2000,0,2000,2000
060066,欣興兆豐9B購01  ,0,0,0,0,0,0,0,0,0,2000,0,0,0,2000,0,2000,2000
060594,國巨麥證9A購01  ,0,0,0,9000,1000,8000,0,0,0,2000,0,0,0,9000,7000,2000,2000
060649,國巨第一9A購01  ,0,0,0,0,0,0,0,0,0,2000,0,0,0,21000,19000,2000,2000
058830,健策永豐99購02  ,0,0,0,0,0,0,0,0,0,2000,0,0,0,3000,1000,2000,2000
058884,世紀鋼永豐99購02,0,0,0,0,0,0,0,0,0,2000,0,0,0,2000,0,2000,2000
057908,國泰金亞東99購01,0,0,0,0,0,0,0,0,0,2000,0,0,0,2000,0,2000,2000
059035,旺宏群益99購06  ,0,0,0,0,0,0,0,0,0,2000,0,0,0,2000,0,2000,2000
059378,台光電群益9B購01,0,0,0,0,0,0,0,0,0,2000,0,0,0,2000,0,2000,2000
059429,台積電元大99購35,0,0,0,0,0,0,0,0,0,2000,0,0,0,5000,3000,2000,2000
059426,鴻海元大99購31  ,0,0,0,0,0,0,0,0,0,2000,0,0,0,2000,0,2000,2000
059500,鴻海元富99購11  ,0,0,0,0,0,0,0,0,0,2000,0,0,0,5000,3000,2000,2000
059151,臺股指國票99購14,0,0,0,0,0,0,0,0,0,2000,0,0,0,5000,3000,2000,2000
059811,高股息凱基99購02,0,0,0,0,0,0,0,0,0,2000,0,0,0,12000,10000,2000,2000
058570,臻鼎凱基9A購01  ,0,0,0,0,0,0,0,0,0,2000,0,0,0,2000,0,2000,2000
058483,道瓊指國票9A購01,0,0,0,0,0,0,0,0,0,2000,0,0,0,2000,0,2000,2000
058505,台積電元大99購08,0,0,0,0,0,0,0,0,0,2000,0,0,0,6000,4000,2000,2000
058349,滬深2X日盛9A購01,0,0,0,0,0,0,0,0,0,2000,0,0,0,2000,0,2000,2000
058420,聯發科麥證99購03,0,0,0,2000,1000,1000,0,0,0,2000,0,0,0,3000,1000,2000,2000
058435,旺宏統一9B購02  ,0,0,0,0,0,0,0,0,0,2000,0,0,0,22000,20000,2000,2000
058456,京鼎永豐99購01  ,0,0,0,0,0,0,0,0,0,2000,0,0,0,22000,20000,2000,2000
06117P,臺股指日盛97售02,0,0,0,0,0,0,0,0,0,2000,0,0,0,2000,0,2000,2000
059319,台光電元大99購04,0,0,0,0,0,0,0,0,0,2000,0,0,0,7000,5000,2000,2000
061402,矽創兆豐9B購01  ,0,0,0,0,0,0,0,0,0,2000,0,0,0,2000,0,2000,2000
064363,聯發科統一9C購14,0,0,0,0,0,0,0,0,0,2000,0,0,0,2000,0,2000,2000
06425P,TPK永豐97售02   ,0,0,0,0,0,0,0,0,0,2000,0,0,0,2000,0,2000,2000
064524,GIS群益02購01   ,0,0,0,0,0,0,0,0,0,2000,0,0,0,2000,0,2000,2000
062629,聯發科國票9C購01,0,0,0,0,0,0,0,0,0,2000,0,0,0,2000,0,2000,2000
062564,矽創凱基9B購01  ,0,0,0,0,0,0,0,0,0,2000,0,0,0,267000,265000,2000,2000
062384,聯詠國泰9C購01  ,0,0,0,0,0,0,0,0,0,2000,0,0,0,2000,0,2000,2000
062657,華新科第一9B購01,0,0,0,0,0,0,0,0,0,2000,0,0,0,2000,0,2000,2000
063105,健策群益9C購01  ,0,0,0,0,0,0,0,0,0,2000,0,0,0,3000,1000,2000,2000
063189,臻鼎凱基9B購01  ,0,0,0,0,0,0,0,0,0,2000,0,0,0,2000,0,2000,2000
6205,詮欣            ,85000,83000,2000,0,0,0,0,0,0,0,0,0,0,0,0,0,2000
6674,鋐寶科技        ,2000,0,2000,0,0,0,0,0,0,0,0,0,0,0,0,0,2000
8478,東哥遊艇        ,2000,0,2000,0,0,0,0,0,0,0,0,0,0,0,0,0,2000
8367,建新國際        ,2000,0,2000,0,0,0,0,0,0,0,0,0,0,0,0,0,2000
9912,偉聯            ,2000,0,2000,0,0,0,0,0,0,0,0,0,0,0,0,0,2000
6409,旭隼            ,50000,41431,8569,0,0,0,0,0,0,-7000,0,7000,-7000,0,0,0,1569
8114,振樺電          ,2000,600,1400,0,0,0,0,0,0,0,0,0,0,0,0,0,1400
4581,光隆精密-KY     ,2000,1000,1000,0,0,0,0,0,0,0,0,0,0,0,0,0,1000
4942,嘉彰            ,50000,37000,13000,0,0,0,0,0,0,-12000,0,12000,-12000,0,0,0,1000
6165,捷泰            ,30000,29000,1000,0,0,0,0,0,0,0,0,0,0,0,0,0,1000
6133,金橋            ,1000,0,1000,0,0,0,0,0,0,0,0,0,0,0,0,0,1000
6201,亞弘電          ,1000,0,1000,0,0,0,0,0,0,0,0,0,0,0,0,0,1000
3209,全科            ,23000,22000,1000,0,0,0,0,0,0,0,0,0,0,0,0,0,1000
3050,鈺德            ,16000,15000,1000,0,0,0,0,0,0,0,0,0,0,0,0,0,1000
3383,新世紀          ,1000,0,1000,0,0,0,0,0,0,0,0,0,0,0,0,0,1000
3054,立萬利          ,1000,0,1000,0,0,0,0,0,0,0,0,0,0,0,0,0,1000
3025,星通            ,1000,0,1000,0,0,0,0,0,0,0,0,0,0,0,0,0,1000
3015,全漢            ,23000,22000,1000,0,0,0,0,0,0,0,0,0,0,0,0,0,1000
2891C,中信金丙特      ,0,0,0,0,0,0,0,0,0,1000,1000,0,1000,0,0,0,1000
2882B,國泰金乙特      ,0,0,0,0,0,0,0,0,0,1000,1000,0,1000,0,0,0,1000
2748,雲品            ,5000,4000,1000,0,0,0,0,0,0,0,0,0,0,0,0,0,1000
2543,皇昌            ,1000,0,1000,0,0,0,0,0,0,0,0,0,0,0,0,0,1000
2630,亞航            ,1000,0,1000,0,0,0,0,0,0,0,0,0,0,0,0,0,1000
2497,怡利電          ,1000,0,1000,0,0,0,0,0,0,0,0,0,0,0,0,0,1000
2424,隴華            ,1000,0,1000,0,0,0,0,0,0,0,0,0,0,0,0,0,1000
2462,良得電          ,3000,2000,1000,0,0,0,0,0,0,0,0,0,0,0,0,0,1000
2443,億麗            ,2000,1000,1000,0,0,0,0,0,0,0,0,0,0,0,0,0,1000
2243,宏旭-KY         ,2000,1000,1000,0,0,0,0,0,0,0,0,0,0,0,0,0,1000
1236,宏亞            ,1000,0,1000,0,0,0,0,0,0,0,0,0,0,0,0,0,1000
1436,華友聯          ,2000,1000,1000,0,0,0,0,0,0,0,0,0,0,0,0,0,1000
1341,富林-KY         ,1000,0,1000,0,0,0,0,0,0,0,0,0,0,0,0,0,1000
1805,寶徠            ,1000,0,1000,0,0,0,0,0,0,0,0,0,0,0,0,0,1000
2008,高興昌          ,1000,0,1000,0,0,0,0,0,0,0,0,0,0,0,0,0,1000
2028,威致            ,2000,1000,1000,0,0,0,0,0,0,0,0,0,0,0,0,0,1000
2024,志聯            ,1000,0,1000,0,0,0,0,0,0,0,0,0,0,0,0,0,1000
1535,中宇            ,1000,0,1000,0,0,0,0,0,0,0,0,0,0,0,0,0,1000
1587,吉茂            ,1000,0,1000,0,0,0,0,0,0,0,0,0,0,0,0,0,1000
1468,昶和            ,1000,0,1000,0,0,0,0,0,0,0,0,0,0,0,0,0,1000
1470,大統新創        ,1000,0,1000,0,0,0,0,0,0,0,0,0,0,0,0,0,1000
07967P,力山元大9B售03  ,0,0,0,0,0,0,0,0,0,1000,0,0,0,15000,14000,1000,1000
08162P,台灣50台新9C售06,0,0,0,0,0,0,0,0,0,1000,0,0,0,1000,0,1000,1000
06914P,南茂元大98售03  ,0,0,0,0,0,0,0,0,0,1000,0,0,0,11000,10000,1000,1000
07146P,瑞昱元大99售02  ,0,0,0,0,0,0,0,0,0,1000,0,0,0,131000,130000,1000,1000
07102P,南電元大99售03  ,0,0,0,0,0,0,0,0,0,1000,0,0,0,55000,54000,1000,1000
07656P,國巨凱基9A售15  ,0,0,0,0,0,0,0,0,0,1000,0,0,0,1000,0,1000,1000
064829,義隆統一01購02  ,0,0,0,0,0,0,0,0,0,1000,0,0,0,100000,99000,1000,1000
064574,達方群益01購01  ,0,0,0,0,0,0,0,0,0,1000,0,0,0,51000,50000,1000,1000
064973,智邦元大9C購06  ,0,0,0,0,0,0,0,0,0,1000,0,0,0,89000,88000,1000,1000
06735P,奇力新凱基98售07,0,0,0,0,0,0,0,0,0,1000,0,0,0,7000,6000,1000,1000
057748,華通國票98購04  ,0,0,0,0,0,0,0,0,0,1000,0,0,0,1000,0,1000,1000
057764,台表科凱基9A購01,0,0,0,0,0,0,0,0,0,1000,0,0,0,1000,0,1000,1000
057831,聯發科元富02購04,0,0,0,0,0,0,0,0,0,1000,0,0,0,1000,0,1000,1000
057473,T50反1元大98購08,0,0,0,0,0,0,0,0,0,1000,0,0,0,1000,0,1000,1000
061095,台積電台新9B購03,0,0,0,0,0,0,0,0,0,1000,0,0,0,1000,0,1000,1000
061251,臺股指群益9A購02,0,0,0,0,0,0,0,0,0,1000,0,0,0,1000,0,1000,1000
060874,中鋼中信02購01  ,0,0,0,0,0,0,0,0,0,1000,0,0,0,30000,29000,1000,1000
056242,緯創群益9A購01  ,0,0,0,0,0,0,0,0,0,1000,0,0,0,1000,0,1000,1000
056142,超眾元大97購06  ,0,0,0,0,0,0,0,0,0,1000,0,0,0,1000,0,1000,1000
056314,力成元大97購01  ,0,0,0,0,0,0,0,0,0,1000,0,0,0,1000,0,1000,1000
057270,遠東新元大98購01,0,0,0,0,0,0,0,0,0,1000,0,0,0,1000,0,1000,1000
057271,國巨元大98購17  ,0,0,0,0,0,0,0,0,0,1000,0,0,0,1000,0,1000,1000
056777,矽力元大98購02  ,0,0,0,0,0,0,0,0,0,1000,0,0,0,1000,0,1000,1000
05678P,群創群益97售01  ,0,0,0,0,0,0,0,0,0,1000,0,0,0,1000,0,1000,1000
056819,奇力新永豐98購01,0,0,0,0,0,0,0,0,0,1000,0,0,0,1000,0,1000,1000
056704,健策國泰99購01  ,0,0,0,0,0,0,0,0,0,1000,0,0,0,1000,0,1000,1000
053506,南茂兆豐97購01  ,0,0,0,0,0,0,0,0,0,1000,0,0,0,1000,0,1000,1000
055603,超眾元大97購04  ,0,0,0,0,0,0,0,0,0,1000,0,0,0,1000,0,1000,1000
056335,微星凱基98購01  ,0,0,0,0,0,0,0,0,0,1000,0,0,0,1000,0,1000,1000
057159,晶技永豐98購01  ,0,0,0,0,0,0,0,0,0,1000,0,0,0,1000,0,1000,1000
055826,中石化元大97購01,0,0,0,0,0,0,0,0,0,1000,0,0,0,1000,0,1000,1000
054197,台積電永昌96購07,0,0,0,0,0,0,0,0,0,1000,0,0,0,1000,0,1000,1000
055388,華通統一97購03  ,0,0,0,0,0,0,0,0,0,1000,0,0,0,1000,0,1000,1000
055398,超眾統一97購03  ,0,0,0,0,0,0,0,0,0,1000,0,0,0,1000,0,1000,1000
055304,瑞昱第一98購01  ,0,0,0,0,0,0,0,0,0,1000,0,0,0,1000,0,1000,1000
055272,國巨元大98購04  ,0,0,0,0,0,0,0,0,0,1000,0,0,0,1000,0,1000,1000
0052,富邦科技        ,0,0,0,0,0,0,0,0,0,1000,0,0,0,106000,105000,1000,1000
006203,元大MSCI台灣    ,0,0,0,0,0,0,0,0,0,1000,0,0,0,1000,0,1000,1000
00657,國泰日經225     ,0,26000,-26000,0,0,0,0,0,0,27000,0,0,0,70000,43000,27000,1000
052505,友達日盛9B購02  ,0,0,0,0,0,0,0,0,0,1000,0,0,0,1000,0,1000,1000
052734,台表科國泰98購02,0,0,0,0,0,0,0,0,0,1000,0,0,0,1000,0,1000,1000
052890,FB上証群益9B購01,0,0,0,0,0,0,0,0,0,1000,0,0,0,1000,0,1000,1000
051087,國巨元大97購01  ,0,0,0,0,0,0,0,0,0,1000,0,0,0,1000,0,1000,1000
053056,同欣電國票97購01,0,0,0,0,0,0,0,0,0,1000,0,0,0,1000,0,1000,1000
051544,T50反1康和98購01,0,0,0,0,0,0,0,0,0,1000,0,0,0,1000,0,1000,1000
051576,台積電元大97購02,0,0,0,0,0,0,0,0,0,1000,0,0,0,1000,0,1000,1000
050099,台積電永昌96購01,0,0,0,0,0,0,0,0,0,1000,0,0,0,1000,0,1000,1000
03432B,臺股指凱基98熊13,0,0,0,0,0,0,0,0,0,1000,0,0,0,1000,0,1000,1000
03681C,台灣50凱基02牛02,0,0,0,0,0,0,0,0,0,1000,0,0,0,1000,0,1000,1000
055091,微星群益97購01  ,0,0,0,0,0,0,0,0,0,1000,0,0,0,1000,0,1000,1000
054965,健策元大98購04  ,0,0,0,0,0,0,0,0,0,1000,0,0,0,1000,0,1000,1000
053627,宏碁兆豐97購01  ,0,0,0,0,0,0,0,0,0,1000,0,0,0,1000,0,1000,1000
061380,巨大永豐9A購02  ,0,0,0,0,0,0,0,0,0,1000,0,0,0,1000,0,1000,1000
060805,國巨群益9A購06  ,0,0,0,0,0,0,0,0,0,1000,0,0,0,2000,1000,1000,1000
06114P,台積電統一97售03,0,0,0,0,0,0,0,0,0,1000,0,0,0,1000,0,1000,1000
058631,鈺齊國票9A購01  ,0,0,0,0,0,0,0,0,0,1000,0,0,0,1000,0,1000,1000
058628,宏達電國票9A購01,0,0,0,0,0,0,0,0,0,1000,0,0,0,1000,0,1000,1000
059286,S&P正2元富01購03,0,0,0,0,0,0,0,0,0,1000,0,0,0,1000,0,1000,1000
058438,大立光統一9B購01,0,0,0,0,0,0,0,0,0,1000,0,0,0,1000,0,1000,1000
058439,玉晶光統一01購02,0,0,0,0,0,0,0,0,0,1000,0,0,0,38000,37000,1000,1000
058396,力山元大99購01  ,0,0,0,0,0,0,0,0,0,1000,0,0,0,1000,0,1000,1000
058470,台灣50日盛9B購02,0,0,0,0,0,0,0,0,0,1000,0,0,0,3000,2000,1000,1000
058276,道瓊指中信9C購01,0,0,0,0,0,0,0,0,0,1000,0,0,0,1000,0,1000,1000
058320,華新科永豐99購02,0,0,0,0,0,0,0,0,0,1000,0,0,0,51000,50000,1000,1000
061432,世紀鋼元大9A購05,0,0,0,0,0,0,0,0,0,1000,0,0,0,1000,0,1000,1000
059822,聯發科凱基99購19,0,0,0,0,0,0,0,0,0,1000,0,0,0,1000,0,1000,1000
060260,京鼎凱基9C購01  ,0,0,0,0,0,0,0,0,0,1000,0,0,0,31000,30000,1000,1000
060301,國巨富邦9C購02  ,0,0,0,0,0,0,0,0,0,1000,0,0,0,1000,0,1000,1000
059704,聯發科凱基9A購08,0,0,0,0,0,0,0,0,0,1000,0,0,0,1000,0,1000,1000
059257,臺股指凱基99購35,0,0,0,0,0,0,0,0,0,1000,0,0,0,1000,0,1000,1000
059493,國巨國票9B購01  ,0,0,0,0,0,0,0,0,0,1000,0,0,0,3000,2000,1000,1000
058912,祥碩元大99購01  ,0,0,0,0,0,0,0,0,0,1000,0,0,0,1000,0,1000,1000
057934,華新科群益98購07,0,0,0,0,0,0,0,0,0,1000,0,0,0,4000,3000,1000,1000
058674,宏達電群益99購01,0,0,0,0,0,0,0,0,0,1000,0,0,0,309000,308000,1000,1000
058659,力成中信99購01  ,0,0,0,0,0,0,0,0,0,1000,0,0,0,1000,0,1000,1000
05888P,友達元大97售01  ,0,0,0,0,0,0,0,0,0,1000,0,0,0,2000,1000,1000,1000
058892,元油2X元大9C購08,0,0,0,0,0,0,0,0,0,1000,0,0,0,1000,0,1000,1000
058855,台積電兆豐99購02,0,0,0,0,0,0,0,0,0,1000,0,0,0,93000,92000,1000,1000
060578,臺股指中信9C購03,0,0,0,0,0,0,0,0,0,1000,0,0,0,1000,0,1000,1000
060733,和大統一9C購01  ,0,0,0,0,0,0,0,0,0,1000,0,0,0,23000,22000,1000,1000
058011,台虹國票99購01  ,0,0,0,0,0,0,0,0,0,1000,0,0,0,1000,0,1000,1000
057976,旺宏永豐98購03  ,0,0,0,0,0,0,0,0,0,1000,0,0,0,1000,0,1000,1000
060071,國巨元富99購03  ,0,0,0,0,0,0,0,0,0,1000,0,0,0,1000,0,1000,1000
060405,中租國泰9C購01  ,0,0,0,0,0,0,0,0,0,1000,0,0,0,1000,0,1000,1000
059639,大立光凱基9A購06,0,0,0,0,0,0,0,0,0,1000,0,0,0,1000,0,1000,1000
058131,義隆元大99購02  ,0,0,0,0,0,0,0,0,0,1000,0,0,0,1000,0,1000,1000
058127,FBVIX元大9C購01 ,0,0,0,0,0,0,0,0,0,1000,0,0,0,1000,0,1000,1000
061452,大成鋼凱基9A購01,0,0,0,0,0,0,0,0,0,1000,0,0,0,45000,44000,1000,1000
061447,鴻海中信04購02  ,0,0,0,0,0,0,0,0,0,1000,0,0,0,1000,0,1000,1000
061525,華新科凱基9A購13,0,0,0,0,0,0,0,0,0,1000,0,0,0,37000,36000,1000,1000
061502,嘉澤國票9A購02  ,0,0,0,0,0,0,0,0,0,1000,0,0,0,1000,0,1000,1000
061907,裕隆中信9B購01  ,0,0,0,0,0,0,0,0,0,1000,0,0,0,22000,21000,1000,1000
061931,力山國票9B購02  ,0,0,0,0,0,0,0,0,0,1000,0,0,0,1000,0,1000,1000
061662,瑞儀永豐9A購02  ,0,0,0,0,0,0,0,0,0,1000,0,0,0,51000,50000,1000,1000
06184P,大立光元大97售06,0,0,0,0,0,0,0,0,0,1000,0,0,0,1000,0,1000,1000
061721,道瓊反富邦9B購01,0,0,0,0,0,0,0,0,0,1000,0,0,0,1000,0,1000,1000
063190,聯茂凱基9B購01  ,0,0,0,0,0,0,0,0,0,1000,0,0,0,33000,32000,1000,1000
063193,聯發科台新9B購02,0,0,0,0,0,0,0,0,0,1000,0,0,0,1000,0,1000,1000
063219,友達群益9B購03  ,0,0,0,0,0,0,0,0,0,1000,0,0,0,1000,0,1000,1000
063255,臺股指元大9B購42,0,0,0,0,0,0,0,0,0,1000,0,0,0,1000,0,1000,1000
062600,可成台新9B購01  ,0,0,0,0,0,0,0,0,0,1000,0,0,0,1000,0,1000,1000
062567,祥碩中信9C購01  ,0,0,0,0,0,0,0,0,0,1000,0,0,0,21000,20000,1000,1000
062609,帆宣凱基9B購01  ,0,0,0,0,0,0,0,0,0,1000,0,0,0,54000,53000,1000,1000
062597,世紀鋼統一01購01,0,0,0,0,0,0,0,0,0,1000,0,0,0,5000,4000,1000,1000
061798,晶豪科永豐9B購01,0,0,0,0,0,0,0,0,0,1000,0,0,0,1000,0,1000,1000
062037,華新凱基9B購01  ,0,0,0,0,0,0,0,0,0,1000,0,0,0,225000,224000,1000,1000
062256,聯發科元大9B購08,0,0,0,0,0,0,0,0,0,1000,0,0,0,1000,0,1000,1000
062208,旭富國票9C購01  ,0,0,0,0,0,0,0,0,0,1000,0,0,0,1000,0,1000,1000
062203,燿華國票9C購01  ,0,0,0,0,0,0,0,0,0,1000,0,0,0,73000,72000,1000,1000
062137,華新科群益9B購04,0,0,0,0,0,0,0,0,0,1000,0,0,0,2000,1000,1000,1000
062142,喬山國票9B購01  ,0,0,0,0,0,0,0,0,0,1000,0,0,0,1000,0,1000,1000
064181,景碩富邦9C購01  ,0,0,0,0,0,0,0,0,0,1000,0,0,0,1000,0,1000,1000
063463,瑞昱元大9B購05  ,0,0,0,0,0,0,0,0,0,1000,0,0,0,63000,62000,1000,1000
063338,國巨統一9C購11  ,0,0,0,0,0,0,0,0,0,1000,0,0,0,25000,24000,1000,1000
063662,上銀統一01購03  ,0,0,0,0,0,0,0,0,0,1000,0,0,0,1000,0,1000,1000
8497,格威傳媒        ,1000,0,1000,0,0,0,0,0,0,0,0,0,0,0,0,0,1000
8481,政伸            ,1000,0,1000,0,0,0,0,0,0,0,0,0,0,0,0,0,1000
8482,商億-KY         ,3000,2000,1000,0,0,0,0,0,0,0,0,0,0,0,0,0,1000
6405,悅城            ,1000,0,1000,0,0,0,0,0,0,0,0,0,0,0,0,0,1000
6216,居易            ,1000,0,1000,0,0,0,0,0,0,0,0,0,0,0,0,0,1000
6671,三能-KY         ,4000,3000,1000,0,0,0,0,0,0,0,0,0,0,0,0,0,1000
6491,晶碩            ,82000,73000,9000,0,0,0,0,10000,-10000,2000,2000,0,2000,0,0,0,1000
6464,台數科          ,6000,5000,1000,0,0,0,0,0,0,0,0,0,0,0,0,0,1000
9941A,裕融甲特        ,0,0,0,0,0,0,0,0,0,1000,1000,0,1000,0,0,0,1000
5269,祥碩            ,134000,120899,13101,0,0,0,11000,26000,-15000,2000,8000,12000,-4000,8000,2000,6000,101
4764,雙鍵            ,2000,2000,0,0,0,0,0,0,0,0,0,0,0,0,0,0,0
4930,燦星網          ,4000,4000,0,0,0,0,0,0,0,0,0,0,0,0,0,0,0
6172,互億            ,3000,0,3000,0,0,0,0,0,0,-3000,0,3000,-3000,0,0,0,0
2440,太空梭          ,2000,2000,0,0,0,0,0,0,0,0,0,0,0,0,0,0,0
2471,資通            ,37000,37000,0,0,0,0,0,0,0,0,0,0,0,0,0,0,0
2483,百容            ,1000,1000,0,0,0,0,0,0,0,0,0,0,0,0,0,0,0
2712,遠雄來          ,1000,1000,0,0,0,0,0,0,0,0,0,0,0,0,0,0,0
08223P,臺股指凱基9B售18,0,0,0,0,0,0,0,0,0,0,0,0,0,60000,60000,0,0
08185P,華新科永豐9B售01,0,0,0,0,0,0,0,0,0,0,0,0,0,40000,40000,0,0
08205P,智邦凱基9B售03  ,0,0,0,0,0,0,0,0,0,0,0,0,0,20000,20000,0,0
1583,程泰            ,6000,6000,0,0,0,0,0,0,0,0,0,0,0,0,0,0,0
1539,巨庭            ,2000,2000,0,0,0,0,0,0,0,0,0,0,0,0,0,0,0
1319,東陽            ,286000,164000,122000,0,0,0,0,0,0,-122000,0,94000,-94000,0,28000,-28000,0
08422P,玉晶光群益02售03,0,0,0,0,0,0,0,0,0,0,0,0,0,44000,44000,0,0
06759P,台積電元大98售17,0,0,0,0,0,0,0,0,0,0,0,0,0,10000,10000,0,0
06776P,鴻海元大99售05  ,0,0,0,0,0,0,0,0,0,0,0,0,0,1000,1000,0,0
06778P,台積電元大99售06,0,0,0,0,0,0,0,0,0,0,0,0,0,250000,250000,0,0
06613P,華新科富邦9A售03,0,0,0,0,0,0,0,0,0,0,0,0,0,16000,16000,0,0
06637P,大立光凱基98售15,0,0,0,0,0,0,0,0,0,0,0,0,0,20000,20000,0,0
06654P,欣興元大98售08  ,0,0,0,0,0,0,0,0,0,0,0,0,0,100000,100000,0,0
06589P,台積電元大98售12,0,0,0,0,0,0,0,0,0,0,0,0,0,460000,460000,0,0
064944,亞德客凱基9C購03,0,0,0,0,0,0,0,0,0,0,0,0,0,1000,1000,0,0
064987,勤誠元大9C購02  ,0,0,0,0,0,0,0,0,0,0,0,0,0,100000,100000,0,0
064985,台表科元大9C購09,0,0,0,0,0,0,0,0,0,0,0,0,0,22000,22000,0,0
064897,宏達電群益9C購02,0,0,0,0,0,0,0,0,0,0,0,0,0,30000,30000,0,0
064898,國產群益9C購01  ,0,0,0,0,0,0,0,0,0,0,0,0,0,79000,79000,0,0
064902,健策群益01購03  ,0,0,0,0,0,0,0,0,0,0,0,0,0,2000,2000,0,0
064921,景碩統一02購01  ,1000,0,1000,0,0,0,0,0,0,-1000,0,0,0,0,1000,-1000,0
065006,景碩國票01購01  ,5000,0,5000,0,0,0,0,0,0,-5000,0,0,0,0,5000,-5000,0
064994,南電兆豐01購01  ,0,0,0,0,0,0,0,0,0,0,0,0,0,1000,1000,0,0
065012,燿華國泰02購01  ,0,0,0,0,0,0,0,0,0,0,0,0,0,1000,1000,0,0
065040,燿華凱基9C購01  ,0,0,0,0,0,0,0,0,0,0,0,0,0,5000,5000,0,0
065042,國產凱基02購01  ,0,0,0,0,0,0,0,0,0,0,0,0,0,60000,60000,0,0
065048,世芯凱基01購01  ,0,0,0,0,0,0,0,0,0,0,0,0,0,1000,1000,0,0
065053,南電凱基02購01  ,0,0,0,0,0,0,0,0,0,0,0,0,0,1000,1000,0,0
065063,玉晶光群益02購04,0,0,0,0,0,0,0,0,0,0,0,0,0,1000,1000,0,0
065065,世芯群益01購01  ,0,0,0,0,0,0,0,0,0,0,0,0,0,1000,1000,0,0
06534P,聯發科群益98售04,0,0,0,0,0,0,0,0,0,0,0,0,0,20000,20000,0,0
065127,世芯永豐9C購03  ,0,0,0,0,0,0,0,0,0,0,0,0,0,1000,1000,0,0
065075,葡萄王元大01購01,0,0,0,0,0,0,0,0,0,0,0,0,0,100000,100000,0,0
064667,大立光元大02購01,0,0,0,0,0,0,0,0,0,0,0,0,0,324000,324000,0,0
064668,大立光元大9C購21,0,0,0,0,0,0,0,0,0,0,0,0,0,55000,55000,0,0
06468P,華新科統一98售02,0,0,0,0,0,0,0,0,0,0,0,0,0,6000,6000,0,0
064856,GIS國泰02購01   ,0,0,0,0,0,0,0,0,0,0,0,0,0,20000,20000,0,0
064736,超眾元富9C購04  ,0,0,0,0,0,0,0,0,0,0,0,0,0,33000,33000,0,0
064778,美律群益9C購01  ,0,0,0,0,0,0,0,0,0,0,0,0,0,85000,85000,0,0
07669P,華新科元大9A售14,0,0,0,0,0,0,0,0,0,0,0,0,0,40000,40000,0,0
07676P,華新科永豐9A售02,0,0,0,0,0,0,0,0,0,0,0,0,0,40000,40000,0,0
07678P,大立光群益9A售03,0,0,0,0,0,0,0,0,0,0,0,0,0,10000,10000,0,0
07690P,華新科元大9A售15,0,0,0,0,0,0,0,0,0,0,0,0,0,40000,40000,0,0
07593P,臺股指凱基9A售08,0,0,0,0,0,0,0,0,0,0,0,0,0,20000,20000,0,0
07614P,華新科群益9A售04,0,0,0,0,0,0,0,0,0,0,0,0,0,40000,40000,0,0
07456P,華新科元大9A售06,0,0,0,0,0,0,0,0,0,0,0,0,0,40000,40000,0,0
07501P,華新科元大9A售07,0,0,0,0,0,0,0,0,0,0,0,0,0,40000,40000,0,0
07559P,祥碩元大9A售03  ,0,0,0,0,0,0,0,0,0,0,0,0,0,15000,15000,0,0
07517P,台積電元大9A售17,0,0,0,0,0,0,0,0,0,0,0,0,0,3000,3000,0,0
07851P,聯發科國票9A售05,0,0,0,0,0,0,0,0,0,0,0,0,0,50000,50000,0,0
07863P,華新科凱基9B售07,0,0,0,0,0,0,0,0,0,0,0,0,0,25000,25000,0,0
07884P,華新科凱基9B售08,0,0,0,0,0,0,0,0,0,0,0,0,0,20000,20000,0,0
07904P,聯發科群益9B售05,0,0,0,0,0,0,0,0,0,0,0,0,0,4000,4000,0,0
07745P,華新科凱基9A售10,0,0,0,0,0,0,0,0,0,0,0,0,0,40000,40000,0,0
07746P,華新科凱基9A售11,0,0,0,0,0,0,0,0,0,0,0,0,0,40000,40000,0,0
07717P,臺股指群益9A售06,0,0,0,0,0,0,0,0,0,0,0,0,0,10000,10000,0,0
07788P,華新科群益9A售08,0,0,0,0,0,0,0,0,0,0,0,0,0,40000,40000,0,0
07106P,國巨統一9B售05  ,0,0,0,0,0,0,0,0,0,0,0,0,0,12000,12000,0,0
07110P,台灣50群益9B售03,0,0,0,0,0,0,0,0,0,0,0,0,0,38000,38000,0,0
07125P,台積電元大99售22,0,0,0,0,0,0,0,0,0,0,0,0,0,1000,1000,0,0
07129P,華新科元大99售14,0,0,0,0,0,0,0,0,0,0,0,0,0,120000,120000,0,0
07229P,T50正2群益9A售01,0,0,0,0,0,0,0,0,0,0,0,0,0,20000,20000,0,0
07197P,臺股指元大99售13,0,0,0,0,0,0,0,0,0,0,0,0,0,18000,18000,0,0
07194P,聯發科元大99售25,0,0,0,0,0,0,0,0,0,0,0,0,0,115000,115000,0,0
07177P,臺股指凱基99售19,0,0,0,0,0,0,0,0,0,0,0,0,0,4000,4000,0,0
07266P,大立光元大99售19,0,0,0,0,0,0,0,0,0,0,0,0,0,112000,112000,0,0
07390P,華新科康和99售02,0,0,0,0,0,0,0,0,0,0,0,0,0,40000,40000,0,0
06899P,嘉澤群益98售01  ,0,0,0,0,0,0,0,0,0,0,0,0,0,40000,40000,0,0
06877P,台積電兆豐98售04,0,0,0,0,0,0,0,0,0,0,0,0,0,100000,100000,0,0
06985P,華新科富邦9C售02,0,0,0,0,0,0,0,0,0,0,0,0,0,10000,10000,0,0
07005P,台積電統一9B售05,0,0,0,0,0,0,0,0,0,0,0,0,0,10000,10000,0,0
055247,聯發科統一98購01,0,0,0,0,0,0,0,0,0,0,0,0,0,10000,10000,0,0
053848,聯發科元富96購03,0,0,0,0,0,0,0,0,0,0,0,0,0,57000,57000,0,0
053805,奇鋐凱基98購02  ,0,0,0,0,0,0,0,0,0,0,0,0,0,10000,10000,0,0
053811,國巨群益98購02  ,0,0,0,0,0,0,0,0,0,0,0,0,0,20000,20000,0,0
053815,聯發科群益96購01,0,0,0,0,0,0,0,0,0,0,0,0,0,139000,139000,0,0
054918,華新科凱基98購02,0,0,0,0,0,0,0,0,0,0,0,0,0,81000,81000,0,0
054948,聯發科元大97購14,0,0,0,0,0,0,0,0,0,0,0,0,0,40000,40000,0,0
055087,瑞昱亞東97購01  ,0,0,0,0,0,0,0,0,0,0,0,0,0,200000,200000,0,0
04427P,滬深2X元大97售02,0,0,0,0,0,0,0,0,0,0,0,0,0,100000,100000,0,0
04787P,台積電永昌96售04,0,0,0,0,0,0,0,0,0,0,0,0,0,92000,92000,0,0
050493,聯發科永昌96購01,0,0,0,0,0,0,0,0,0,0,0,0,0,76000,76000,0,0
050347,上証2X群益98購01,0,0,0,0,0,0,0,0,0,0,0,0,0,20000,20000,0,0
054838,京鼎第一97購01  ,0,0,0,0,0,0,0,0,0,0,0,0,0,20000,20000,0,0
054816,聯發科元大97購12,0,0,0,0,0,0,0,0,0,0,0,0,0,2000,2000,0,0
051739,奇力新國票97購01,0,0,0,0,0,0,0,0,0,0,0,0,0,29000,29000,0,0
051776,上証2X群益99購01,0,0,0,0,0,0,0,0,0,0,0,0,0,16000,16000,0,0
051838,國巨國泰97購01  ,0,0,0,0,0,0,0,0,0,0,0,0,0,270000,270000,0,0
052038,國巨永昌96購01  ,0,0,0,0,0,0,0,0,0,0,0,0,0,1570000,1570000,0,0
052765,新日興群益97購01,0,0,0,0,0,0,0,0,0,0,0,0,0,30000,30000,0,0
052754,上証2X群益9A購01,0,0,0,0,0,0,0,0,0,0,0,0,0,240000,240000,0,0
052729,國巨國泰97購03  ,0,0,0,0,0,0,0,0,0,0,0,0,0,245000,245000,0,0
052730,華新科國泰98購01,0,0,0,0,0,0,0,0,0,0,0,0,0,10000,10000,0,0
052696,玉晶光麥證97購01,0,0,0,3000,0,3000,0,0,0,0,0,0,0,3000,3000,0,0
052531,台積電國泰96購06,0,0,0,0,0,0,0,0,0,0,0,0,0,215000,215000,0,0
052556,聯發科國票97購01,0,0,0,0,0,0,0,0,0,0,0,0,0,180000,180000,0,0
052572,群創凱基99購01  ,0,0,0,0,0,0,0,0,0,0,0,0,0,27000,27000,0,0
052426,國巨台新96購01  ,0,0,0,0,0,0,0,0,0,0,0,0,0,1300000,1300000,0,0
052322,力成元大96購01  ,0,0,0,0,0,0,0,0,0,0,0,0,0,10000,10000,0,0
00657K,國泰日經225+U   ,0,0,0,0,0,0,0,0,0,0,0,0,0,100,100,0,0
00668K,國泰美國道瓊+U  ,0,0,0,0,0,0,0,0,0,0,0,0,0,100,100,0,0
006204,永豐臺灣加權    ,0,0,0,0,0,0,0,0,0,0,0,0,0,2000,2000,0,0
00625K,富邦上証+R      ,0,0,0,0,0,0,0,0,0,0,0,0,0,50000,50000,0,0
00636K,國泰中國A50+U   ,0,0,0,0,0,0,0,0,0,0,0,0,0,100,100,0,0
00775B,新光投等債15+   ,0,0,0,0,0,0,0,0,0,0,0,0,0,2000,2000,0,0
00732,國泰RMB短期報酬 ,0,0,0,0,0,0,0,0,0,0,0,0,0,100000,100000,0,0
00742,新光內需收益    ,0,0,0,0,0,0,0,0,0,0,50000,50000,0,180000,180000,0,0
00707R,元大S&P日圓反1  ,0,0,0,0,0,0,0,0,0,0,0,0,0,1000,1000,0,0
05479P,華新科台新96售01,0,0,0,0,0,0,0,0,0,0,0,0,0,2359000,2359000,0,0
05468P,鴻海元大96售14  ,0,0,0,0,0,0,0,0,0,0,0,0,0,100000,100000,0,0
054707,聯茂亞東97購01  ,0,0,0,0,0,0,0,0,0,0,0,0,0,100000,100000,0,0
054631,台郡凱基98購02  ,0,0,0,0,0,0,0,0,0,0,0,0,0,20000,20000,0,0
054632,緯穎凱基9A購01  ,0,0,0,0,0,0,0,0,0,0,0,0,0,77000,77000,0,0
055394,健策統一97購01  ,0,0,0,0,0,0,0,0,0,0,0,0,0,5000,5000,0,0
055362,GIS凱基97購03   ,0,0,0,0,0,0,0,0,0,0,0,0,0,10000,10000,0,0
053092,台表科元大97購02,0,0,0,0,0,0,0,0,0,0,0,0,0,11000,11000,0,0
053181,滬深2X元富99購02,0,0,0,0,0,0,0,0,0,0,0,0,0,100000,100000,0,0
053258,上証2X群益9A購03,0,0,0,0,0,0,0,0,0,0,0,0,0,210000,210000,0,0
055418,華通永豐97購01  ,0,0,0,0,0,0,0,0,0,0,0,0,0,68000,68000,0,0
054201,聯詠富邦97購02  ,0,0,0,0,0,0,0,0,0,0,0,0,0,10000,10000,0,0
054217,台表科國票97購05,0,0,0,0,0,0,0,0,0,0,0,0,0,1000,1000,0,0
05421P,鴻海元大96售12  ,0,0,0,0,0,0,0,0,0,0,0,0,0,2000,2000,0,0
054233,聯發科群益96購04,0,0,0,0,0,0,0,0,0,0,0,0,0,110000,110000,0,0
054251,聯發科元大96購21,0,0,0,0,0,0,0,0,0,0,0,0,0,7000,7000,0,0
053997,健策群益97購02  ,0,0,0,0,0,0,0,0,0,0,0,0,0,1000,1000,0,0
054080,微星中信98購01  ,0,0,0,0,0,0,0,0,0,0,0,0,0,48000,48000,0,0
054069,亞光國泰98購01  ,0,0,0,0,0,0,0,0,0,0,0,0,0,5000,5000,0,0
054143,茂林元大96購04  ,0,0,0,0,0,0,0,0,0,0,0,0,0,20000,20000,0,0
054357,可成兆豐97購02  ,0,0,0,0,0,0,0,0,0,0,0,0,0,30000,30000,0,0
054359,南亞科日盛96購02,0,0,0,0,0,0,0,0,0,0,0,0,0,350000,350000,0,0
054404,新日興康和96購01,0,0,0,0,0,0,0,0,0,0,0,0,0,160000,160000,0,0
05442P,鴻海元大96售13  ,0,0,0,0,0,0,0,0,0,0,0,0,0,1000,1000,0,0
054579,聯茂元大97購01  ,0,0,0,0,0,0,0,0,0,0,0,0,0,3000,3000,0,0
054464,奇力新凱基98購02,0,0,0,0,0,0,0,0,0,0,0,0,0,5000,5000,0,0
055904,貿聯亞東99購01  ,0,0,0,0,0,0,0,0,0,0,0,0,0,204000,204000,0,0
055774,台光電凱基97購02,0,0,0,0,0,0,0,0,0,0,0,0,0,10000,10000,0,0
055776,宏達電凱基98購02,0,0,0,0,0,0,0,0,0,0,0,0,0,40000,40000,0,0
056399,上証2X群益9C購01,0,0,0,0,0,0,0,0,0,0,0,0,0,160000,160000,0,0
05717P,鴻海元大97售07  ,0,0,0,0,0,0,0,0,0,0,0,0,0,1000,1000,0,0
057194,南電元大98購01  ,0,0,0,0,0,0,0,0,0,0,0,0,0,1000,1000,0,0
057224,和碩日盛9A購01  ,0,0,0,0,0,0,0,0,0,0,0,0,0,24000,24000,0,0
057201,華擎元富98購01  ,0,0,0,0,0,0,0,0,0,0,0,0,0,10000,10000,0,0
057214,瑞昱群益98購01  ,0,0,0,0,0,0,0,0,0,0,0,0,0,10000,10000,0,0
055665,亞德客群益97購01,0,0,0,0,0,0,0,0,0,0,0,0,0,20000,20000,0,0
055667,致茂群益98購01  ,0,0,0,0,0,0,0,0,0,0,0,0,0,90000,90000,0,0
055646,漢唐元富97購01  ,0,0,0,0,0,0,0,0,0,0,0,0,0,10000,10000,0,0
055623,貿聯國泰99購01  ,0,0,0,0,0,0,0,0,0,0,0,0,0,2000,2000,0,0
056327,樺漢兆豐98購01  ,0,0,0,0,0,0,0,0,0,0,0,0,0,80000,80000,0,0
056334,台積電凱基98購06,0,0,0,0,0,0,0,0,0,0,0,0,0,1000,1000,0,0
056331,聯鈞國票99購01  ,0,0,0,0,0,0,0,0,0,0,0,0,0,60000,60000,0,0
055596,新光金元大9B購02,0,0,0,0,0,0,0,0,0,0,0,0,0,10000,10000,0,0
055572,鴻海統一98購04  ,0,0,0,0,0,0,0,0,0,0,0,0,0,2000,2000,0,0
055500,京鼎元大97購04  ,0,0,0,0,0,0,0,0,0,0,0,0,0,68000,68000,0,0
053400,緯穎中信9A購01  ,0,0,0,0,0,0,0,0,0,0,0,0,0,5000,5000,0,0
05347P,滬深2X元富9B售02,0,0,0,0,0,0,0,0,0,0,0,0,0,20000,20000,0,0
056694,欣興群益98購04  ,0,0,0,0,0,0,0,0,0,0,0,0,0,9000,9000,0,0
056675,聯發科元富02購01,0,0,0,0,0,0,0,0,0,0,0,0,0,237000,237000,0,0
056923,奇力新兆豐99購02,0,0,0,0,0,0,0,0,0,0,0,0,0,10000,10000,0,0
056869,國巨日盛99購03  ,0,0,0,0,0,0,0,0,0,0,0,0,0,310000,310000,0,0
056870,全新日盛9A購01  ,0,0,0,0,0,0,0,0,0,0,0,0,0,10000,10000,0,0
057091,華新科元富9A購01,0,0,0,0,0,0,0,0,0,0,0,0,0,10000,10000,0,0
057042,台積電元大98購10,0,0,0,0,0,0,0,0,0,0,0,0,0,102000,102000,0,0
056987,南茂群益98購01  ,0,0,0,0,0,0,0,0,0,0,0,0,0,4000,4000,0,0
057280,大立光元大98購15,0,0,0,0,0,0,0,0,0,0,0,0,0,1000,1000,0,0
057295,可成永豐98購02  ,0,0,0,0,0,0,0,0,0,0,0,0,0,1000,1000,0,0
056297,台光電元大97購04,0,0,0,0,0,0,0,0,0,0,0,0,0,25000,25000,0,0
056326,TPK兆豐98購01   ,0,0,0,0,0,0,0,0,0,0,0,0,0,10000,10000,0,0
056435,台積電凱基98購09,0,0,0,0,0,0,0,0,0,0,0,0,0,7000,7000,0,0
056449,義隆凱基98購03  ,0,0,0,0,0,0,0,0,0,0,0,0,0,4000,4000,0,0
056472,美律元大99購03  ,0,0,0,0,0,0,0,0,0,0,0,0,0,68000,68000,0,0
056246,祥碩群益97購01  ,0,0,0,0,0,0,0,0,0,0,0,0,0,80000,80000,0,0
056273,祥碩統一97購02  ,0,0,0,0,0,0,0,0,0,0,0,0,0,10000,10000,0,0
055966,茂林元大99購01  ,0,0,0,0,0,0,0,0,0,0,0,0,0,80000,80000,0,0
056002,嘉晶永豐97購01  ,0,0,0,0,0,0,0,0,0,0,0,0,0,10000,10000,0,0
05601P,鴻海元大97售04  ,0,0,0,0,0,0,0,0,0,0,0,0,0,1000,1000,0,0
056048,同欣電兆豐97購01,0,0,0,0,0,0,0,0,0,0,0,0,0,20000,20000,0,0
056028,GIS群益97購02   ,0,0,0,0,0,0,0,0,0,0,0,0,0,30000,30000,0,0
056129,義隆麥證97購01  ,0,0,0,0,1000,-1000,0,0,0,0,0,0,0,1000,1000,0,0
060890,大立光統一01購01,0,0,0,0,0,0,0,0,0,0,0,0,0,10000,10000,0,0
060914,健策元大9A購03  ,0,0,0,0,0,0,0,0,0,0,0,0,0,9000,9000,0,0
060905,台積電元大9A購20,0,0,0,0,0,0,0,0,0,0,0,0,0,1000,1000,0,0
060939,鴻海國票9A購06  ,0,0,0,0,0,0,0,0,0,0,0,0,0,1000,1000,0,0
061248,健策群益9A購03  ,0,0,0,0,0,0,0,0,0,0,0,0,0,7000,7000,0,0
061280,國巨統一9C購06  ,0,0,0,0,0,0,0,0,0,0,0,0,0,1000,1000,0,0
06123P,玉晶光元大97售04,0,0,0,0,0,0,0,0,0,0,0,0,0,400000,400000,0,0
061101,道瓊銀元大9A購02,0,0,0,0,0,0,0,0,0,0,0,0,0,40000,40000,0,0
061091,奇力新統一9C購02,0,0,0,0,0,0,0,0,0,0,0,0,0,10000,10000,0,0
06101P,聯發科日盛97售03,0,0,0,0,0,0,0,0,0,0,0,0,0,33000,33000,0,0
061018,台積電國票9B購05,0,0,0,0,0,0,0,0,0,0,0,0,0,4000,4000,0,0
060966,台表科凱基9B購01,0,0,0,0,0,0,0,0,0,0,0,0,0,27000,27000,0,0
060980,台積電元大9A購21,0,0,0,0,0,0,0,0,0,0,0,0,0,3000,3000,0,0
057444,台泥元富98購01  ,0,0,0,0,0,0,0,0,0,0,0,0,0,98000,98000,0,0
057788,嘉聯益國票99購01,0,0,0,0,0,0,0,0,0,0,0,0,0,40000,40000,0,0
056530,旺宏凱基98購06  ,0,0,0,0,0,0,0,0,0,0,0,0,0,20000,20000,0,0
056532,技嘉凱基98購01  ,0,0,0,0,0,0,0,0,0,0,0,0,0,4000,4000,0,0
056539,新光金凱基9A購01,0,0,0,0,0,0,0,0,0,0,0,0,0,10000,10000,0,0
057749,華新科國票99購01,0,0,0,0,0,0,0,0,0,0,0,0,0,33000,33000,0,0
057667,可成元大99購01  ,0,0,0,0,0,0,0,0,0,0,0,0,0,68000,68000,0,0
061849,國巨國票9B購08  ,0,0,0,0,0,0,0,0,0,0,0,0,0,3000,3000,0,0
061928,群創凱基9B購06  ,0,0,0,0,0,0,0,0,0,0,0,0,0,25000,25000,0,0
061981,聯發科元大9B購02,0,0,0,0,0,0,0,0,0,0,0,0,0,5000,5000,0,0
061946,鴻海群益9B購03  ,0,0,0,0,0,0,0,0,0,0,0,0,0,3000,3000,0,0
061959,鴻海統一9B購04  ,0,0,0,0,0,0,0,0,0,0,0,0,0,104000,104000,0,0
061507,南電國票9A購05  ,0,0,0,0,0,0,0,0,0,0,0,0,0,3000,3000,0,0
061436,上銀凱基9A購07  ,0,0,0,0,0,0,0,0,0,0,0,0,0,25000,25000,0,0
059543,可成亞東99購02  ,0,0,0,0,0,0,0,0,0,0,0,0,0,30000,30000,0,0
058066,可成亞東99購01  ,0,0,0,0,0,0,0,0,0,0,0,0,0,40000,40000,0,0
058811,台積電統一9A購05,0,0,0,0,0,0,0,0,0,0,0,0,0,1000,1000,0,0
058060,貿聯元富98購01  ,0,0,0,0,0,0,0,0,0,0,0,0,0,365000,365000,0,0
060368,緯穎元富9A購03  ,0,0,0,0,0,0,0,0,0,0,0,0,0,1000,1000,0,0
061296,台積電國泰9C購01,0,0,0,0,0,0,0,0,0,0,0,0,0,1000,1000,0,0
060502,國巨元大9A購07  ,0,0,0,0,0,0,0,0,0,0,0,0,0,19000,19000,0,0
060453,儒鴻元大9A購02  ,0,0,0,0,0,0,0,0,0,0,0,0,0,6000,6000,0,0
060464,台積電元大9A購11,0,0,0,0,0,0,0,0,0,0,0,0,0,3000,3000,0,0
060090,台積電元大99購55,0,0,0,0,0,0,0,0,0,0,0,0,0,10000,10000,0,0
060087,鴻海元大99購43  ,0,0,0,0,0,0,0,0,0,0,0,0,0,65000,65000,0,0
059886,可成國票99購04  ,0,0,0,0,0,0,0,0,0,0,0,0,0,3000,3000,0,0
059882,臺股指凱基9C購06,0,0,0,0,0,0,0,0,0,0,0,0,0,30000,30000,0,0
057975,台積電永豐98購05,0,0,0,0,0,0,0,0,0,0,0,0,0,1000,1000,0,0
058004,大立光群益98購03,0,0,0,0,0,0,0,0,0,0,0,0,0,2000,2000,0,0
057992,大立光日盛98購01,0,0,0,0,0,0,0,0,0,0,0,0,0,1970000,1970000,0,0
058040,FBVIX元大98購01 ,0,0,0,0,0,0,0,0,0,0,0,0,0,10000,10000,0,0
058044,鴻海元大99購07  ,0,0,0,0,0,0,0,0,0,0,0,0,0,1000,1000,0,0
060744,鴻海國票9A購04  ,0,0,0,0,0,0,0,0,0,0,0,0,0,10000,10000,0,0
06076P,大立光凱基98售03,0,0,0,0,0,0,0,0,0,0,0,0,0,20000,20000,0,0
061340,義隆元大9A購01  ,0,0,0,0,0,0,0,0,0,0,0,0,0,21000,21000,0,0
061333,華通元大9A購08  ,0,0,0,0,0,0,0,0,0,0,0,0,0,15000,15000,0,0
060522,鴻海中信9A購03  ,0,0,0,0,0,0,0,0,0,0,0,0,0,50000,50000,0,0
060729,國巨群益9A購05  ,0,0,0,0,0,0,0,0,0,0,0,0,0,1000,1000,0,0
060697,鴻海國泰9C購01  ,0,0,0,0,0,0,0,0,0,0,0,0,0,1000,1000,0,0
058845,元油2X群益9C購04,0,0,0,0,0,0,0,0,0,0,0,0,0,10000,10000,0,0
058864,欣興凱基99購04  ,0,0,0,0,0,0,0,0,0,0,0,0,0,3000,3000,0,0
058833,台表科永豐99購01,0,0,0,0,0,0,0,0,0,0,0,0,0,3000,3000,0,0
058727,嘉晶富邦9A購01  ,0,0,0,0,0,0,0,0,0,0,0,0,0,139000,139000,0,0
058703,台積電元大99購16,0,0,0,0,0,0,0,0,0,0,0,0,0,10000,10000,0,0
058658,瑞儀中信99購01  ,0,0,0,0,0,0,0,0,0,0,0,0,0,20000,20000,0,0
057925,貿聯凱基99購01  ,0,0,0,0,0,0,0,0,0,0,0,0,0,10000,10000,0,0
057948,嘉聯益國票99購02,0,0,0,0,0,0,0,0,0,0,0,0,0,2000,2000,0,0
058573,鴻海群益9A購02  ,0,0,0,0,0,0,0,0,0,0,0,0,0,4000,4000,0,0
058956,健策國票9A購02  ,0,0,0,0,0,0,0,0,0,0,0,0,0,10000,10000,0,0
058980,鴻海凱基99購06  ,0,0,0,0,0,0,0,0,0,0,0,0,0,10000,10000,0,0
058981,國巨凱基99購10  ,0,0,0,0,0,0,0,0,0,0,0,0,0,23000,23000,0,0
058998,鴻海元大99購22  ,0,0,0,0,0,0,0,0,0,0,0,0,0,1000,1000,0,0
059059,宏達電凱基99購03,0,0,0,0,0,0,0,0,0,0,0,0,0,6000,6000,0,0
059085,鴻海元大99購25  ,0,0,0,0,0,0,0,0,0,0,0,0,0,1000,1000,0,0
059087,台積電元大99購26,0,0,0,0,0,0,0,0,0,0,0,0,0,4000,4000,0,0
059088,台積電元大99購27,0,0,0,0,0,0,0,0,0,0,0,0,0,3000,3000,0,0
05908P,大立光元富96售05,0,0,0,0,0,0,0,0,0,0,0,0,0,299000,299000,0,0
060245,聯陽元大9C購01  ,0,0,0,0,0,0,0,0,0,0,0,0,0,5000,5000,0,0
059440,康控元大9B購01  ,0,0,0,0,0,0,0,0,0,0,0,0,0,10000,10000,0,0
060866,世芯永豐9B購01  ,0,0,0,0,0,0,0,0,0,0,0,0,0,1000,1000,0,0
059240,台積電凱基9A購09,0,0,0,0,0,0,0,0,0,0,0,0,0,8000,8000,0,0
059217,台積電元大99購30,0,0,0,0,0,0,0,0,0,0,0,0,0,3000,3000,0,0
059211,鴻海元大99購27  ,0,0,0,0,0,0,0,0,0,0,0,0,0,8000,8000,0,0
059161,鴻海凱基9A購09  ,0,0,0,0,0,0,0,0,0,0,0,0,0,4000,4000,0,0
059669,台灣50元富9B購05,0,0,0,0,0,0,0,0,0,0,0,0,0,40000,40000,0,0
059864,亞德客凱基99購01,0,0,0,0,0,0,0,0,0,0,0,0,0,10000,10000,0,0
059796,台積電國票99購10,0,0,0,0,0,0,0,0,0,0,0,0,0,3000,3000,0,0
059785,美律元大9A購03  ,0,0,0,0,0,0,0,0,0,0,0,0,0,14000,14000,0,0
059709,上証2X元大9C購01,0,0,0,0,0,0,0,0,0,0,0,0,0,10000,10000,0,0
059716,鴻海元大99購35  ,0,0,0,0,0,0,0,0,0,0,0,0,0,5000,5000,0,0
061410,緯穎國票9A購03  ,0,0,0,0,0,0,0,0,0,0,0,0,0,5000,5000,0,0
058159,健策台新9A購01  ,0,0,0,0,0,0,0,0,0,0,0,0,0,1000,1000,0,0
058282,聯茂中信99購01  ,0,0,0,0,0,0,0,0,0,0,0,0,0,20000,20000,0,0
058266,宏達電永豐99購01,0,0,0,0,0,0,0,0,0,0,0,0,0,4000,4000,0,0
058474,鴻海凱基9A購06  ,0,0,0,0,0,0,0,0,0,0,0,0,0,11000,11000,0,0
058569,健策凱基9A購01  ,0,0,0,0,0,0,0,0,0,0,0,0,0,11000,11000,0,0
058398,中環元大99購02  ,0,0,0,0,0,0,0,0,0,0,0,0,0,100000,100000,0,0
058378,南電凱基99購01  ,0,0,0,0,0,0,0,0,0,0,0,0,0,2000,2000,0,0
058351,上銀凱基9A購02  ,0,0,0,0,0,0,0,0,0,0,0,0,0,20000,20000,0,0
058425,S&P正2元富01購02,0,0,0,0,0,0,0,0,0,0,0,0,0,27000,27000,0,0
058417,國巨麥證99購01  ,0,0,0,1090000,0,1090000,0,0,0,0,0,0,0,1090000,1090000,0,0
059301,華新科群益99購04,0,0,0,0,0,0,0,0,0,0,0,0,0,2000,2000,0,0
059315,鴻海元大99購30  ,0,0,0,0,0,0,0,0,0,0,0,0,0,32000,32000,0,0
058643,T50正2富邦03購01,0,0,0,0,0,0,0,0,0,0,0,0,0,10000,10000,0,0
058619,台灣50國票99購04,0,0,0,0,0,0,0,0,0,0,0,0,0,50000,50000,0,0
058602,台積電元大99購11,0,0,0,0,0,0,0,0,0,0,0,0,0,4000,4000,0,0
061175,台積電凱基9A購19,0,0,0,0,0,0,0,0,0,0,0,0,0,3000,3000,0,0
061206,旺宏元大9A購12  ,0,0,0,0,0,0,0,0,0,0,0,0,0,1000,1000,0,0
060797,世芯永豐9A購04  ,0,0,0,0,0,0,0,0,0,0,0,0,0,1000,1000,0,0
059340,鴻海凱基9A購12  ,0,0,0,0,0,0,0,0,0,0,0,0,0,48000,48000,0,0
060222,貿聯凱基9A購02  ,0,0,0,0,0,0,0,0,0,0,0,0,0,10000,10000,0,0
063726,鴻海元大9B購04  ,0,0,0,0,0,0,0,0,0,0,0,0,0,2000,2000,0,0
063757,鴻海統一9C購16  ,0,0,0,0,0,0,0,0,0,0,0,0,0,1000,1000,0,0
063748,台積電國票9C購05,0,0,0,0,0,0,0,0,0,0,0,0,0,5000,5000,0,0
063763,上銀元富9B購07  ,0,0,0,0,0,0,0,0,0,0,0,0,0,20000,20000,0,0
063921,大立光元富9C購03,0,0,0,0,0,0,0,0,0,0,0,0,0,17000,17000,0,0
063840,鴻海元大01購01  ,0,0,0,0,0,0,0,0,0,0,0,0,0,2000,2000,0,0
063823,T50反1國票01購02,0,0,0,0,0,0,0,0,0,0,0,0,0,65000,65000,0,0
063835,滬深2X元大01購04,0,0,0,0,0,0,0,0,0,0,0,0,0,10000,10000,0,0
063312,台積電群益9B購07,0,0,0,0,0,0,0,0,0,0,0,0,0,4000,4000,0,0
06336P,鴻海元大98售05  ,0,0,0,0,0,0,0,0,0,0,0,0,0,1000,1000,0,0
063416,台積電凱基9B購10,0,0,0,0,0,0,0,0,0,0,0,0,0,7000,7000,0,0
063424,新日興凱基01購01,0,0,0,0,0,0,0,0,0,0,0,0,0,30000,30000,0,0
063554,GIS國票9C購03   ,0,0,0,0,0,0,0,0,0,0,0,0,0,35000,35000,0,0
063513,聯發科麥證9B購03,0,0,0,1000,1000,0,0,0,0,0,0,0,0,1000,1000,0,0
063476,台表科元大9C購03,0,0,0,0,0,0,0,0,0,0,0,0,0,205000,205000,0,0
063474,康控元大9B購04  ,0,0,0,0,0,0,0,0,0,0,0,0,0,68000,68000,0,0
06417P,台積電兆豐97售03,0,0,0,0,0,0,0,0,0,0,0,0,0,20000,20000,0,0
064232,鴻海統一01購04  ,0,0,0,0,0,0,0,0,0,0,0,0,0,7000,7000,0,0
064168,南電統一01購01  ,0,0,0,0,0,0,0,0,0,0,0,0,0,4000,4000,0,0
064005,義隆凱基01購01  ,0,0,0,0,0,0,0,0,0,0,0,0,0,73000,73000,0,0
06449P,台積電元大98售09,0,0,0,0,0,0,0,0,0,0,0,0,0,60000,60000,0,0
064535,國產國票01購01  ,0,0,0,0,0,0,0,0,0,0,0,0,0,35000,35000,0,0
064413,世紀鋼凱基02購01,0,0,0,0,0,0,0,0,0,0,0,0,0,60000,60000,0,0
064281,大立光元大9C購12,0,0,0,0,0,0,0,0,0,0,0,0,0,16000,16000,0,0
064309,聯發科群益9C購07,10000,0,10000,0,0,0,0,0,0,-10000,0,0,0,0,10000,-10000,0
062202,國巨國票9C購04  ,0,0,0,0,0,0,0,0,0,0,0,0,0,2000,2000,0,0
062255,聯發科元大9B購07,0,0,0,0,0,0,0,0,0,0,0,0,0,5000,5000,0,0
062250,台積電元大9B購02,0,0,0,0,0,0,0,0,0,0,0,0,0,3000,3000,0,0
062038,鴻海凱基9B購05  ,0,0,0,0,0,0,0,0,0,0,0,0,0,35000,35000,0,0
062010,台灣50富邦9B購03,0,0,0,0,0,0,0,0,0,0,0,0,0,3000,3000,0,0
06177P,玉晶光元大98售07,0,0,0,0,0,0,0,0,0,0,0,0,0,117000,117000,0,0
061754,晶技麥證9B購01  ,0,0,0,20000,20000,0,0,0,0,0,0,0,0,20000,20000,0,0
062592,牧德統一01購01  ,0,0,0,0,0,0,0,0,0,0,0,0,0,10000,10000,0,0
062604,東元凱基9B購01  ,0,0,0,0,0,0,0,0,0,0,0,0,0,10000,10000,0,0
062619,台表科元大9B購03,0,0,0,0,0,0,0,0,0,0,0,0,0,23000,23000,0,0
062553,台積電凱基9B購07,0,0,0,0,0,0,0,0,0,0,0,0,0,6000,6000,0,0
062378,台表科元大9C購01,0,0,0,0,0,0,0,0,0,0,0,0,0,35000,35000,0,0
062419,台積電統一9B購15,0,0,0,0,0,0,0,0,0,0,0,0,0,1000,1000,0,0
06236P,台積電元大97售25,0,0,0,0,0,0,0,0,0,0,0,0,0,200000,200000,0,0
062317,祥碩凱基9B購03  ,0,0,0,0,0,0,0,0,0,0,0,0,0,10000,10000,0,0
062303,台表科中信01購01,0,0,0,0,0,0,0,0,0,0,0,0,0,20000,20000,0,0
063256,鴻海國泰01購02  ,0,0,0,0,0,0,0,0,0,0,0,0,0,13000,13000,0,0
063223,牧德群益9B購04  ,0,0,0,0,0,0,0,0,0,0,0,0,0,5000,5000,0,0
063178,聯發科兆豐9B購04,0,0,0,0,0,0,0,0,0,0,0,0,0,9000,9000,0,0
063096,勤誠國票9B購02  ,0,0,0,0,0,0,0,0,0,0,0,0,0,6000,6000,0,0
063125,華擎元大9C購02  ,0,0,0,0,0,0,0,0,0,0,0,0,0,50000,50000,0,0
063019,聯發科元大9C購01,0,0,0,0,0,0,0,0,0,0,0,0,0,26000,26000,0,0
063014,技嘉元大9B購03  ,0,0,0,0,0,0,0,0,0,0,0,0,0,136000,136000,0,0
063010,國巨元大9C購02  ,0,0,0,0,0,0,0,0,0,0,0,0,0,10000,10000,0,0
063033,台積電凱基9B購09,0,0,0,0,0,0,0,0,0,0,0,0,0,4000,4000,0,0
063052,國巨統一9C購10  ,0,0,0,0,0,0,0,0,0,0,0,0,0,2000,2000,0,0
062673,台新金中信03購01,0,0,0,0,0,0,0,0,0,0,0,0,0,30000,30000,0,0
062719,微星凱基9B購01  ,0,0,0,0,0,0,0,0,0,0,0,0,0,48000,48000,0,0
062775,大成鋼元大9B購02,0,0,0,0,0,0,0,0,0,0,0,0,0,96000,96000,0,0
062900,台積電元大9B購04,0,0,0,0,0,0,0,0,0,0,0,0,0,3000,3000,0,0
062835,瑞儀群益9B購01  ,0,0,0,0,0,0,0,0,0,0,0,0,0,133000,133000,0,0
062946,祥碩國泰9C購02  ,0,0,0,0,0,0,0,0,0,0,0,0,0,40000,40000,0,0
9918,欣天然          ,1000,1000,0,0,0,0,0,0,0,0,0,0,0,0,0,0,0
8463,潤泰材          ,24000,24000,0,0,0,0,0,0,0,0,0,0,0,0,0,0,0
8427,基勝-KY         ,1000,1000,0,0,0,0,0,0,0,0,0,0,0,0,0,0,0
8442,威宏-KY         ,1000,0,1000,0,0,0,0,0,0,-1000,0,1000,-1000,0,0,0,0
8443,阿瘦            ,1000,1000,0,0,0,0,0,0,0,0,0,0,0,0,0,0,0
07077P,緯穎凱基99售01  ,0,0,0,0,0,0,0,0,0,-1000,0,0,0,0,1000,-1000,-1000
07033P,大立光統一9B售03,0,0,0,0,0,0,0,0,0,-1000,0,0,0,25000,26000,-1000,-1000
07010P,T50正2凱基9C售01,0,0,0,0,0,0,0,0,0,-1000,0,0,0,1000,2000,-1000,-1000
06856P,台灣50永豐99售03,0,0,0,0,0,0,0,0,0,-1000,0,0,0,0,1000,-1000,-1000
06939P,國巨永豐98售09  ,0,0,0,0,0,0,0,0,0,-1000,0,0,0,0,1000,-1000,-1000
07206P,鴻海凱基9A售11  ,0,0,0,0,0,0,0,0,0,-1000,0,0,0,14000,15000,-1000,-1000
07117P,SGBR2X凱基9C售01,0,0,0,0,0,0,0,0,0,-1000,0,0,0,0,1000,-1000,-1000
07808P,超眾永豐9A售04  ,0,0,0,0,0,0,0,0,0,-1000,0,0,0,0,1000,-1000,-1000
07737P,華通永豐9A售01  ,0,0,0,0,0,0,0,0,0,-1000,0,0,0,3000,4000,-1000,-1000
07775P,國巨群益9A售10  ,0,0,0,0,0,0,0,0,0,-1000,0,0,0,0,1000,-1000,-1000
07609P,台灣50國票9C售04,0,0,0,0,0,0,0,0,0,-1000,0,0,0,0,1000,-1000,-1000
07674P,金融類元大9A售01,0,0,0,0,0,0,0,0,0,-1000,0,0,0,2000,3000,-1000,-1000
06470P,臺股指凱基99售10,0,0,0,0,0,0,0,0,0,-1000,0,0,0,0,1000,-1000,-1000
065123,台灣50永豐9C購02,0,0,0,0,0,0,0,0,0,-1000,0,0,0,0,1000,-1000,-1000
065126,世芯永豐9C購02  ,0,0,0,0,0,0,0,0,0,-1000,0,0,0,1000,2000,-1000,-1000
064926,臻鼎統一02購01  ,0,0,0,0,0,0,0,0,0,-1000,0,0,0,0,1000,-1000,-1000
06734P,智邦凱基98售05  ,0,0,0,0,0,0,0,0,0,-1000,0,0,0,0,1000,-1000,-1000
08401P,玉晶光元富9C售04,0,0,0,0,0,0,0,0,0,-1000,0,0,0,0,1000,-1000,-1000
1437,勤益控          ,44000,45000,-1000,0,0,0,0,0,0,0,0,0,0,0,0,0,-1000
1466,聚隆            ,0,1000,-1000,0,0,0,0,0,0,0,0,0,0,0,0,0,-1000
1530,亞崴            ,0,1000,-1000,0,0,0,0,0,0,0,0,0,0,0,0,0,-1000
1727,中華化          ,0,1000,-1000,0,0,0,0,0,0,0,0,0,0,0,0,0,-1000
1721,三晃            ,1000,2000,-1000,0,0,0,0,0,0,0,0,0,0,0,0,0,-1000
1735,日勝化          ,1000,2000,-1000,0,0,0,0,0,0,0,0,0,0,0,0,0,-1000
08232P,聯發科元富9B售06,0,0,0,0,0,0,0,0,0,-1000,0,0,0,0,1000,-1000,-1000
08269P,臺股指元大9C售07,0,0,0,0,0,0,0,0,0,-1000,0,0,0,0,1000,-1000,-1000
2739,寒舍            ,6000,7000,-1000,0,0,0,0,0,0,0,0,0,0,0,0,0,-1000
3002,歐格            ,3000,4000,-1000,0,0,0,0,0,0,0,0,0,0,0,0,0,-1000
5706,鳳凰            ,5000,6000,-1000,0,0,0,0,0,0,0,0,0,0,0,0,0,-1000
6192,巨路            ,6000,7000,-1000,0,0,0,0,0,0,0,0,0,0,0,0,0,-1000
4912,聯德控股-KY     ,5000,6000,-1000,0,0,0,0,0,0,0,0,0,0,0,0,0,-1000
4737,華廣            ,5000,6000,-1000,0,0,0,0,0,0,0,0,0,0,0,0,0,-1000
4562,穎漢            ,1000,2000,-1000,0,0,0,0,0,0,0,0,0,0,0,0,0,-1000
4439,冠星-KY         ,1000,2000,-1000,0,0,0,0,0,0,0,0,0,0,0,0,0,-1000
057651,矽力元大98購03  ,0,0,0,0,0,0,0,0,0,-1000,0,0,0,2000,3000,-1000,-1000
061118,GIS富邦9A購01   ,0,0,0,0,0,0,0,0,0,-1000,0,0,0,0,1000,-1000,-1000
060891,世芯統一9A購01  ,0,0,0,0,0,0,0,0,0,-1000,0,0,0,2000,3000,-1000,-1000
056094,大立光元富97購03,0,0,0,0,0,0,0,0,0,-1000,0,0,0,0,1000,-1000,-1000
055917,禾伸堂凱基98購02,0,0,0,0,0,0,0,0,0,-1000,0,0,0,0,1000,-1000,-1000
056272,嘉澤統一99購01  ,0,0,0,0,0,0,0,0,0,-1000,0,0,0,0,1000,-1000,-1000
056193,聯發科富邦99購08,0,0,0,0,0,0,0,0,0,-1000,0,0,0,0,1000,-1000,-1000
056169,鴻海元富97購08  ,0,0,0,0,0,0,0,0,0,-1000,0,0,0,0,1000,-1000,-1000
05728P,滬深2X凱基98售03,0,0,0,0,0,0,0,0,0,-1000,0,0,0,0,1000,-1000,-1000
056959,鴻海永豐98購03  ,0,0,0,0,0,0,0,0,0,-1000,0,0,0,0,1000,-1000,-1000
057080,華新科統一99購02,0,0,0,0,0,0,0,0,0,-1000,0,0,0,0,1000,-1000,-1000
057098,新光金台新98購01,0,0,0,0,0,0,0,0,0,-1000,0,0,0,0,1000,-1000,-1000
056902,大立光元大98購12,0,0,0,0,0,0,0,0,0,-1000,0,0,0,0,1000,-1000,-1000
056681,鴻海統一98購09  ,0,0,0,0,0,0,0,0,0,-1000,0,0,0,0,1000,-1000,-1000
056727,滬深反凱基9B購01,0,0,0,0,0,0,0,0,0,-1000,0,0,0,0,1000,-1000,-1000
056765,友達元大9B購05  ,0,0,0,0,0,0,0,0,0,-1000,0,0,0,0,1000,-1000,-1000
053316,友達群益9A購01  ,0,0,0,0,0,0,0,0,0,-1000,0,0,0,0,1000,-1000,-1000
056343,高鐵凱基98購02  ,0,0,0,0,0,0,0,0,0,-1000,0,0,0,0,1000,-1000,-1000
056354,國巨元大98購10  ,0,0,0,0,0,0,0,0,0,-1000,0,0,0,57000,58000,-1000,-1000
055645,技嘉元富97購01  ,0,0,0,0,0,0,0,0,0,-1000,0,0,0,1000,2000,-1000,-1000
054509,上証反元大99購01,0,0,0,0,0,0,0,0,0,-1000,0,0,0,0,1000,-1000,-1000
054696,嘉聯益永豐97購01,0,0,0,0,0,0,0,0,0,-1000,0,0,0,0,1000,-1000,-1000
02001L,富邦蘋果正二N   ,0,0,0,0,0,0,0,0,0,-1000,0,0,0,1000,2000,-1000,-1000
0055,元大MSCI金融    ,0,0,0,0,0,0,0,0,0,-1000,0,0,0,8000,9000,-1000,-1000
00684R,元大美元指數反1 ,0,0,0,0,0,0,0,0,0,-1000,0,0,0,0,1000,-1000,-1000
052835,滬深2X國泰98購01,0,0,0,0,0,0,0,0,0,-1000,0,0,0,49000,50000,-1000,-1000
03421B,臺股指元大99熊01,0,0,0,0,0,0,0,0,0,-1000,0,0,0,0,1000,-1000,-1000
050992,台積電元大97購01,0,0,0,0,0,0,0,0,0,-1000,0,0,0,0,1000,-1000,-1000
049636,上証反凱基9A購01,0,0,0,0,0,0,0,0,0,-1000,0,0,0,0,1000,-1000,-1000
048192,華通元大96購01  ,0,0,0,0,0,0,0,0,0,-1000,0,0,0,1000,2000,-1000,-1000
048422,瑞昱元富96購02  ,0,0,0,0,0,0,0,0,0,-1000,0,0,0,0,1000,-1000,-1000
048583,智原富邦98購01  ,0,0,0,0,0,0,0,0,0,-1000,0,0,0,0,1000,-1000,-1000
03433B,臺股指元大9C熊01,0,0,0,0,0,0,0,0,0,-1000,0,0,0,30000,31000,-1000,-1000
03430B,臺股指元大9B熊01,0,0,0,0,0,0,0,0,0,-1000,0,0,0,0,1000,-1000,-1000
055039,神達富邦99購01  ,0,0,0,0,0,0,0,0,0,-1000,0,0,0,0,1000,-1000,-1000
054977,SP黃豆元富9B購01,0,0,0,0,0,0,0,0,0,-1000,0,0,0,0,1000,-1000,-1000
053662,矽力凱基97購01  ,0,0,0,0,0,0,0,0,0,-1000,0,0,0,0,1000,-1000,-1000
059349,台郡凱基99購04  ,0,0,0,0,0,0,0,0,0,-1000,0,0,0,0,1000,-1000,-1000
061298,華新科富邦01購02,0,0,0,0,0,0,0,0,0,-1000,0,0,0,0,1000,-1000,-1000
058601,台積電元大99購10,0,0,0,0,0,0,0,0,0,-1000,0,0,0,1000,2000,-1000,-1000
058449,台積電永豐99購01,0,0,0,0,0,0,0,0,0,-1000,0,0,0,0,1000,-1000,-1000
058347,玉晶光群益9B購01,0,0,0,0,0,0,0,0,0,-1000,0,0,0,18000,19000,-1000,-1000
058370,聯詠凱基99購01  ,0,0,0,0,0,0,0,0,0,-1000,0,0,0,0,1000,-1000,-1000
05855P,滬深2X中信9C售01,0,0,0,0,0,0,0,0,0,-1000,0,0,0,0,1000,-1000,-1000
059717,國巨元大99購21  ,0,0,0,0,0,0,0,0,0,-1000,0,0,0,9000,10000,-1000,-1000
059733,緯穎元大99購08  ,0,0,0,0,0,0,0,0,0,-1000,0,0,0,0,1000,-1000,-1000
059766,同欣電永豐99購03,0,0,0,0,0,0,0,0,0,-1000,0,0,0,78000,79000,-1000,-1000
059812,上証2X凱基9A購04,0,0,0,0,0,0,0,0,0,-1000,0,0,0,0,1000,-1000,-1000
060262,臺股指凱基9B購02,0,0,0,0,0,0,0,0,0,-1000,0,0,0,1000,2000,-1000,-1000
059169,可成凱基99購04  ,0,0,0,0,0,0,0,0,0,-1000,0,0,0,78000,79000,-1000,-1000
059132,臺股指群益99購07,0,0,0,0,0,0,0,0,0,-1000,0,0,0,0,1000,-1000,-1000
059377,台積電群益99購09,0,0,0,0,0,0,0,0,0,-1000,0,0,0,0,1000,-1000,-1000
059078,FBVIX元大99購06 ,0,0,0,0,0,0,0,0,0,-1000,0,0,0,9000,10000,-1000,-1000
059072,元油2X元大9C購13,0,0,0,0,0,0,0,0,0,-1000,0,0,0,0,1000,-1000,-1000
058938,台積電中信01購03,0,0,0,0,0,0,0,0,0,-1000,0,0,0,20000,21000,-1000,-1000
057899,台積電永豐98購04,0,0,0,0,0,0,0,0,0,-1000,0,0,0,0,1000,-1000,-1000
057893,亞德客元富98購03,0,0,0,0,0,0,0,0,0,-1000,0,0,0,3000,4000,-1000,-1000
058734,康友永豐99購01  ,0,0,0,0,0,0,0,0,0,-1000,0,0,0,0,1000,-1000,-1000
060642,華擎永豐9A購02  ,0,0,0,0,0,0,0,0,0,-1000,0,0,0,0,1000,-1000,-1000
060536,祥碩麥證9A購01  ,0,0,0,0,1000,-1000,0,0,0,-1000,0,0,0,0,1000,-1000,-1000
060576,欣興中信9B購01  ,0,0,0,0,0,0,0,0,0,-1000,0,0,0,0,1000,-1000,-1000
060560,欣興國泰9C購01  ,0,0,0,0,0,0,0,0,0,-1000,0,0,0,0,1000,-1000,-1000
061313,滬深2X凱基9B購05,0,0,0,0,0,0,0,0,0,-1000,0,0,0,0,1000,-1000,-1000
061321,華新科凱基9A購09,0,0,0,0,0,0,0,0,0,-1000,0,0,0,0,1000,-1000,-1000
058041,FBVIX元大98購02 ,0,0,0,0,0,0,0,0,0,-1000,0,0,0,0,1000,-1000,-1000
058020,大立光凱基99購03,0,0,0,0,0,0,0,0,0,-1000,0,0,0,0,1000,-1000,-1000
059968,世紀鋼凱基99購03,0,0,0,0,0,0,0,0,0,-1000,0,0,0,0,1000,-1000,-1000
059992,S&P正2元富9B購04,0,0,0,0,0,0,0,0,0,-1000,0,0,0,0,1000,-1000,-1000
060400,南電國票9A購03  ,0,0,0,0,0,0,0,0,0,-1000,0,0,0,4000,5000,-1000,-1000
060350,元黃金元富9B購01,0,0,0,0,0,0,0,0,0,-1000,0,0,0,0,1000,-1000,-1000
058072,大立光凱基98購20,0,0,0,0,0,0,0,0,0,-1000,0,0,0,0,1000,-1000,-1000
058133,華新科元大9A購02,0,0,0,0,0,0,0,0,0,-1000,0,0,0,0,1000,-1000,-1000
061448,旺宏中信9A購02  ,0,0,0,0,0,0,0,0,0,-1000,0,0,0,0,1000,-1000,-1000
061498,大立光國票9A購10,0,0,0,0,0,0,0,0,0,-1000,0,0,0,1000,2000,-1000,-1000
061539,國巨群益9B購03  ,0,0,0,0,0,0,0,0,0,-1000,0,0,0,6000,7000,-1000,-1000
061968,聯發科統一01購03,0,0,0,0,0,0,0,0,0,-1000,0,0,0,0,1000,-1000,-1000
061651,世紀鋼元大9C購02,0,0,0,0,0,0,0,0,0,-1000,0,0,0,53000,54000,-1000,-1000
062952,台積電永豐9B購02,0,0,0,0,0,0,0,0,0,-1000,0,0,0,0,1000,-1000,-1000
062840,臺股指群益9B購07,0,0,0,0,0,0,0,0,0,-1000,0,0,0,0,1000,-1000,-1000
06277P,臺股指凱基97售09,0,0,0,0,0,0,0,0,0,-1000,0,0,0,2000,3000,-1000,-1000
062769,臺股指凱基9B購13,0,0,0,0,0,0,0,0,0,-1000,0,0,0,0,1000,-1000,-1000
062749,元金2X中信9B購01,0,0,0,0,0,0,0,0,0,-1000,0,0,0,0,1000,-1000,-1000
063143,嘉澤統一9B購02  ,0,0,0,0,0,0,0,0,0,-1000,0,0,0,67000,68000,-1000,-1000
063090,道瓊反中信9C購02,0,0,0,0,0,0,0,0,0,-1000,0,0,0,0,1000,-1000,-1000
063094,玉晶光國票01購03,0,0,0,0,0,0,0,0,0,-1000,0,0,0,3000,4000,-1000,-1000
062367,禾伸堂元大9B購02,0,0,0,0,0,0,0,0,0,-1000,0,0,0,5000,6000,-1000,-1000
062381,上銀國泰9C購01  ,0,0,0,0,0,0,0,0,0,-1000,0,0,0,15000,16000,-1000,-1000
062420,台積電統一9C購08,0,0,0,0,0,0,0,0,0,-1000,0,0,0,1000,2000,-1000,-1000
062477,聯詠國票9B購01  ,0,0,0,0,0,0,0,0,0,-1000,0,0,0,11000,12000,-1000,-1000
062468,台積電凱基9B購06,0,0,0,0,0,0,0,0,0,-1000,0,0,0,4000,5000,-1000,-1000
062507,臺股指群益9B購02,0,0,0,0,0,0,0,0,0,-1000,0,0,0,0,1000,-1000,-1000
062508,臺股指群益9B購03,0,0,0,0,0,0,0,0,0,-1000,0,0,0,0,1000,-1000,-1000
062642,帆宣國票9B購01  ,0,0,0,0,0,0,0,0,0,-1000,0,0,0,0,1000,-1000,-1000
061743,祥碩凱基9B購02  ,0,0,0,0,0,0,0,0,0,-1000,0,0,0,1000,2000,-1000,-1000
061784,聯發科群益9B購02,0,0,0,0,0,0,0,0,0,-1000,0,0,0,0,1000,-1000,-1000
062024,臺股指中信9C購05,0,0,0,0,0,0,0,0,0,-1000,0,0,0,0,1000,-1000,-1000
062041,華擎凱基9C購01  ,0,0,0,0,0,0,0,0,0,-1000,0,0,0,0,1000,-1000,-1000
062168,大毅永豐9B購01  ,0,0,0,0,0,0,0,0,0,-1000,0,0,0,41000,42000,-1000,-1000
062124,大立光統一9B購09,0,0,0,0,0,0,0,0,0,-1000,0,0,0,0,1000,-1000,-1000
064340,大立光元大9C購17,0,0,0,0,0,0,0,0,0,-1000,0,0,0,12000,13000,-1000,-1000
064482,微星永豐9C購01  ,0,0,0,0,0,0,0,0,0,-1000,0,0,0,0,1000,-1000,-1000
064039,亞德客統一02購01,0,0,0,0,0,0,0,0,0,-1000,0,0,0,27000,28000,-1000,-1000
064105,南茂群益9C購01  ,0,0,0,0,0,0,0,0,0,-1000,0,0,0,158000,159000,-1000,-1000
063583,GIS國泰01購01   ,0,0,0,0,0,0,0,0,0,-1000,0,0,0,39000,40000,-1000,-1000
063801,GIS凱基01購01   ,0,0,0,0,0,0,0,0,0,-1000,0,0,0,82000,83000,-1000,-1000
063922,大立光元富9C購04,0,0,0,0,0,0,0,0,0,-1000,0,0,0,33000,34000,-1000,-1000
06362P,臺股指麥證97售01,0,0,0,0,1000,-1000,0,0,0,-1000,0,0,0,0,1000,-1000,-1000
8480,泰昇-KY         ,1000,2000,-1000,0,0,0,0,0,0,0,0,0,0,0,0,0,-1000
8467,波力-KY         ,0,0,0,0,0,0,0,0,0,-1000,0,1000,-1000,0,0,0,-1000
8473,山林水          ,13000,14000,-1000,0,0,0,0,0,0,0,0,0,0,0,0,0,-1000
910322,康師傅-DR       ,0,1000,-1000,0,0,0,0,0,0,0,0,0,0,0,0,0,-1000
6581,鋼聯            ,2000,3000,-1000,0,0,0,0,0,0,0,0,0,0,0,0,0,-1000
6655,科定            ,0,1000,-1000,0,0,0,0,0,0,0,0,0,0,0,0,0,-1000
4999,鑫禾            ,10000,4000,6000,0,0,0,0,0,0,-8000,0,8000,-8000,0,0,0,-2000
2611,志信            ,11000,13000,-2000,0,0,0,0,0,0,0,0,0,0,0,0,0,-2000
2115,六暉-KY         ,0,2000,-2000,0,0,0,0,0,0,0,0,0,0,0,0,0,-2000
08265P,臺股指元大9C售03,0,0,0,0,0,0,0,0,0,-2000,0,0,0,0,2000,-2000,-2000
1460,宏遠            ,0,2000,-2000,0,0,0,0,0,0,0,0,0,0,0,0,0,-2000
08445P,臺股指麥證9C售03,0,0,0,0,2000,-2000,0,0,0,-2000,0,0,0,0,2000,-2000,-2000
06682P,玉晶光元大99售08,0,0,0,0,0,0,0,0,0,-2000,0,0,0,24000,26000,-2000,-2000
06793P,臺股指凱基98售03,0,0,0,0,0,0,0,0,0,-2000,0,0,0,0,2000,-2000,-2000
06558P,旺宏元富98售02  ,0,0,0,0,0,0,0,0,0,-2000,0,0,0,15000,17000,-2000,-2000
06537P,華通凱基98售04  ,0,0,0,0,0,0,0,0,0,-2000,0,0,0,0,2000,-2000,-2000
06650P,聯發科元大98售09,0,0,0,0,0,0,0,0,0,-2000,0,0,0,0,2000,-2000,-2000
064891,台達電群益9C購01,0,0,0,0,0,0,0,0,0,-2000,0,0,0,0,2000,-2000,-2000
065116,臺股指國票9C購13,0,0,0,0,0,0,0,0,0,-2000,0,0,0,0,2000,-2000,-2000
065067,億豐群益01購01  ,0,0,0,0,0,0,0,0,0,-2000,0,0,0,0,2000,-2000,-2000
064797,道瓊反元大01購01,0,0,0,0,0,0,0,0,0,-2000,0,0,0,0,2000,-2000,-2000
064765,緯穎凱基9C購02  ,0,0,0,0,0,0,0,0,0,-2000,0,0,0,11000,13000,-2000,-2000
06484P,聯發科凱基98售11,0,0,0,0,0,0,0,0,0,-2000,0,0,0,0,2000,-2000,-2000
064608,滬深2X元大9C購11,0,0,0,0,0,0,0,0,0,-2000,0,0,0,0,2000,-2000,-2000
07702P,台積電中信9A售06,0,0,0,0,0,0,0,0,0,-2000,0,0,0,0,2000,-2000,-2000
07920P,大立光中信01售01,0,0,0,0,0,0,0,0,0,-2000,0,0,0,0,2000,-2000,-2000
07888P,大立光國票9B售01,0,0,0,0,0,0,0,0,0,-2000,0,0,0,0,2000,-2000,-2000
07868P,健策元大9B售05  ,0,0,0,0,0,0,0,0,0,-2000,0,0,0,20000,22000,-2000,-2000
07141P,台灣50國票9A售03,0,0,0,0,0,0,0,0,0,-2000,0,0,0,0,2000,-2000,-2000
06861P,台積電國票99售08,0,0,0,0,0,0,0,0,0,-2000,0,0,0,13000,15000,-2000,-2000
06948P,FBVIX元大01售02 ,0,0,0,0,0,0,0,0,0,-2000,0,0,0,0,2000,-2000,-2000
053732,S&P反1中信9C購01,0,0,0,0,0,0,0,0,0,-2000,0,0,0,1000,3000,-2000,-2000
053969,瑞昱元大97購01  ,0,0,0,0,0,0,0,0,0,-2000,0,0,0,0,2000,-2000,-2000
052132,旺宏凱基9B購01  ,0,0,0,0,0,0,0,0,0,-2000,0,0,0,0,2000,-2000,-2000
0057,富邦摩台        ,0,0,0,0,0,0,0,0,0,-2000,0,0,0,21000,23000,-2000,-2000
03017X,元展17          ,0,0,0,0,0,0,0,0,0,-2000,0,0,0,0,2000,-2000,-2000
03033X,元展30          ,0,0,0,0,0,0,0,0,0,-2000,0,0,0,1000,3000,-2000,-2000
00735,國泰臺韓科技    ,0,0,0,0,0,0,0,0,0,-2000,0,0,0,257000,259000,-2000,-2000
00763U,街口道瓊銅      ,0,0,0,0,0,0,0,0,0,-2000,0,0,0,2000,4000,-2000,-2000
053136,彩晶國票97購01  ,0,0,0,0,0,0,0,0,0,-2000,0,0,0,0,2000,-2000,-2000
055338,GIS兆豐97購01   ,0,0,0,0,0,0,0,0,0,-2000,0,0,0,0,2000,-2000,-2000
055335,健策兆豐98購01  ,0,0,0,0,0,0,0,0,0,-2000,0,0,0,0,2000,-2000,-2000
054511,香港反元大98購01,0,0,0,0,0,0,0,0,0,-2000,0,0,0,10000,12000,-2000,-2000
055726,台表科元大98購03,0,0,0,0,0,0,0,0,0,-2000,0,0,0,3000,5000,-2000,-2000
056401,國巨群益98購07  ,0,0,0,0,0,0,0,0,0,-2000,0,0,0,0,2000,-2000,-2000
056744,麗豐凱基9A購01  ,0,0,0,0,0,0,0,0,0,-2000,0,0,0,75000,77000,-2000,-2000
057060,緯穎元大98購05  ,0,0,0,0,0,0,0,0,0,-2000,0,0,0,0,2000,-2000,-2000
056963,建準永豐98購01  ,0,0,0,0,0,0,0,0,0,-2000,0,0,0,48000,50000,-2000,-2000
057326,景碩群益99購02  ,0,0,0,0,0,0,0,0,0,-2000,0,0,0,0,2000,-2000,-2000
056225,聯發科凱基97購09,0,0,0,0,0,0,0,0,0,-2000,0,0,0,0,2000,-2000,-2000
055986,祥碩元富97購01  ,0,0,0,0,0,0,0,0,0,-2000,0,0,0,0,2000,-2000,-2000
060903,臺指反元大9A購01,0,0,0,0,0,0,0,0,0,-2000,0,0,0,0,2000,-2000,-2000
056590,樺漢統一9A購01  ,0,0,0,0,0,0,0,0,0,-2000,0,0,0,0,2000,-2000,-2000
061261,台積電凱基9B購03,0,0,0,0,0,0,0,0,0,-2000,0,0,0,0,2000,-2000,-2000
057707,臺股指群益98購07,0,0,0,0,0,0,0,0,0,-2000,0,0,0,0,2000,-2000,-2000
057772,台積電群益99購01,0,0,0,0,0,0,0,0,0,-2000,0,0,0,0,2000,-2000,-2000
057796,鴻海兆豐99購03  ,0,0,0,0,0,0,0,0,0,-2000,0,0,0,0,2000,-2000,-2000
057423,台郡凱基98購06  ,0,0,0,0,0,0,0,0,0,-2000,0,0,0,0,2000,-2000,-2000
057570,技嘉永豐98購02  ,0,0,0,0,0,0,0,0,0,-2000,0,0,0,3000,5000,-2000,-2000
061957,上銀統一01購01  ,0,0,0,0,0,0,0,0,0,-2000,0,0,0,18000,20000,-2000,-2000
061958,鴻海統一01購01  ,0,0,0,0,0,0,0,0,0,-2000,0,0,0,1000,3000,-2000,-2000
061909,台積電中信05購02,0,0,0,0,0,0,0,0,0,-2000,0,0,0,0,2000,-2000,-2000
061852,大立光國票9B購02,0,0,0,0,0,0,0,0,0,-2000,0,0,0,0,2000,-2000,-2000
061540,台積電群益9A購07,0,0,0,0,0,0,0,0,0,-2000,0,0,0,3000,5000,-2000,-2000
061535,群創統一9C購01  ,0,0,0,0,0,0,0,0,0,-2000,0,0,0,0,2000,-2000,-2000
058079,鴻海群益98購08  ,0,0,0,0,0,0,0,0,0,-2000,0,0,0,17000,19000,-2000,-2000
059612,奇鋐永豐99購02  ,0,0,0,0,0,0,0,0,0,-2000,0,0,0,8000,10000,-2000,-2000
058744,FBVIX凱基9C購03 ,0,0,0,0,0,0,0,0,0,-2000,0,0,0,0,2000,-2000,-2000
059520,台表科永豐99購02,0,0,0,0,0,0,0,0,0,-2000,0,0,0,0,2000,-2000,-2000
058802,矽創元大99購02  ,0,0,0,0,0,0,0,0,0,-2000,0,0,0,166000,168000,-2000,-2000
060520,臺指2X中信01購02,0,0,0,0,0,0,0,0,0,-2000,0,0,0,0,2000,-2000,-2000
060077,台積電台新9B購01,0,0,0,0,0,0,0,0,0,-2000,0,0,0,0,2000,-2000,-2000
059973,A50正2元大99購02,0,0,0,0,0,0,0,0,0,-2000,0,0,0,0,2000,-2000,-2000
059940,微星永豐99購01  ,0,0,0,0,0,0,0,0,0,-2000,0,0,0,30000,32000,-2000,-2000
058737,鴻海第一01購01  ,0,0,0,0,0,0,0,0,0,-2000,0,0,0,0,2000,-2000,-2000
060779,臺股指凱基9A購07,0,0,0,0,0,0,0,0,0,-2000,0,0,0,19000,21000,-2000,-2000
06054P,臺股指中信9A售01,0,0,0,0,0,0,0,0,0,-2000,0,0,0,0,2000,-2000,-2000
058944,元石油群益9C購02,0,0,0,0,0,0,0,0,0,-2000,0,0,0,0,2000,-2000,-2000
059056,技嘉凱基99購02  ,0,0,0,0,0,0,0,0,0,-2000,0,0,0,12000,14000,-2000,-2000
059064,緯穎凱基99購02  ,0,0,0,0,0,0,0,0,0,-2000,0,0,0,13000,15000,-2000,-2000
059047,元油2X凱基9A購10,0,0,0,0,0,0,0,0,0,-2000,0,0,0,0,2000,-2000,-2000
059263,瑞昱中信01購01  ,0,0,0,0,0,0,0,0,0,-2000,0,0,0,22000,24000,-2000,-2000
05950P,台積電國票97售04,0,0,0,0,0,0,0,0,0,-2000,0,0,0,0,2000,-2000,-2000
059116,晶豪科永豐99購01,0,0,0,0,0,0,0,0,0,-2000,0,0,0,0,2000,-2000,-2000
060309,佳世達永豐9A購01,0,0,0,0,0,0,0,0,0,-2000,0,0,0,0,2000,-2000,-2000
059675,大立光元富99購08,0,0,0,0,0,0,0,0,0,-2000,0,0,0,0,2000,-2000,-2000
060314,元翎永豐9A購01  ,0,0,0,0,0,0,0,0,0,-2000,0,0,0,0,2000,-2000,-2000
059860,台積電群益9A購02,0,0,0,0,0,0,0,0,0,-2000,0,0,0,89000,91000,-2000,-2000
058558,鴻海日盛9A購02  ,0,0,0,0,0,0,0,0,0,-2000,0,0,0,12000,14000,-2000,-2000
058536,群創統一9B購01  ,0,0,0,0,0,0,0,0,0,-2000,0,0,0,0,2000,-2000,-2000
058387,國巨國票9A購03  ,0,0,0,0,0,0,0,0,0,-2000,0,0,0,28000,30000,-2000,-2000
061209,聯發科元大9A購10,0,0,0,0,0,0,0,0,0,-2000,0,0,0,0,2000,-2000,-2000
061148,道瓊反群益9A購02,0,0,0,0,0,0,0,0,0,-2000,0,0,0,0,2000,-2000,-2000
060833,道瓊反國票9A購01,0,0,0,0,0,0,0,0,0,-2000,0,0,0,0,2000,-2000,-2000
063654,上銀元富9B購05  ,0,0,0,0,0,0,0,0,0,-2000,0,0,0,0,2000,-2000,-2000
063742,道瓊指國票9C購01,0,0,0,0,0,0,0,0,0,-2000,0,0,0,0,2000,-2000,-2000
063698,上銀群益9B購05  ,0,0,0,0,0,0,0,0,0,-2000,0,0,0,20000,22000,-2000,-2000
063381,和潤永豐9B購01  ,0,0,0,0,0,0,0,0,0,-2000,0,0,0,64000,66000,-2000,-2000
064245,GIS統一02購02   ,0,0,0,0,0,0,0,0,0,-2000,0,0,0,0,2000,-2000,-2000
064217,GIS凱基02購02   ,0,0,0,0,0,0,0,0,0,-2000,0,0,0,30000,32000,-2000,-2000
064182,臻鼎富邦01購01  ,0,0,0,0,0,0,0,0,0,-2000,0,0,0,0,2000,-2000,-2000
064197,智伸科群益9C購01,0,0,0,0,0,0,0,0,0,-2000,0,0,0,8000,10000,-2000,-2000
064065,大立光富邦02購02,0,0,0,0,0,0,0,0,0,-2000,0,0,0,0,2000,-2000,-2000
064422,聯發科兆豐01購02,0,0,0,0,0,0,0,0,0,-2000,0,0,0,0,2000,-2000,-2000
06441P,台積電凱基98售08,0,0,0,0,0,0,0,0,0,-2000,0,0,0,0,2000,-2000,-2000
064525,臺股指群益9C購10,0,0,0,0,0,0,0,0,0,-2000,0,0,0,0,2000,-2000,-2000
062115,臺股指國票9B購09,0,0,0,0,0,0,0,0,0,-2000,0,0,0,0,2000,-2000,-2000
062149,牧德國票9B購01  ,0,0,0,0,0,0,0,0,0,-2000,0,0,0,0,2000,-2000,-2000
06214P,國巨國票98售04  ,0,0,0,0,0,0,0,0,0,-2000,0,0,0,10000,12000,-2000,-2000
062190,瀚宇博元大9B購01,0,0,0,0,0,0,0,0,0,-2000,0,0,0,110000,112000,-2000,-2000
061995,超眾元大01購01  ,0,0,0,0,0,0,0,0,0,-2000,0,0,0,0,2000,-2000,-2000
062559,嘉晶凱基9B購02  ,0,0,0,0,0,0,0,0,0,-2000,0,0,0,0,2000,-2000,-2000
062470,智邦凱基9C購01  ,0,0,0,0,0,0,0,0,0,-2000,0,0,0,1000,3000,-2000,-2000
062649,緯穎富邦9B購03  ,0,0,0,0,0,0,0,0,0,-2000,0,0,0,0,2000,-2000,-2000
062845,微星富邦01購01  ,0,0,0,0,0,0,0,0,0,-2000,0,0,0,0,2000,-2000,-2000
06296P,燿華元大98售01  ,0,0,0,0,0,0,0,0,0,-2000,0,0,0,0,2000,-2000,-2000
8103,瀚荃            ,16000,28000,-12000,0,0,0,0,0,0,10000,10000,0,10000,0,0,0,-2000
06886P,旺宏元大99售07  ,0,0,0,0,0,0,0,0,0,-3000,0,0,0,1000,4000,-3000,-3000
07181P,臺股指凱基99售23,0,0,0,0,0,0,0,0,0,-3000,0,0,0,4000,7000,-3000,-3000
07267P,臺股指元大99售23,0,0,0,0,0,0,0,0,0,-3000,0,0,0,0,3000,-3000,-3000
07799P,南電國票9A售04  ,0,0,0,0,0,0,0,0,0,-3000,0,0,0,0,3000,-3000,-3000
07520P,臺股指元大9B售11,0,0,0,0,0,0,0,0,0,-3000,0,0,0,0,3000,-3000,-3000
07512P,國巨元大9A售08  ,0,0,0,0,0,0,0,0,0,-3000,0,0,0,7000,10000,-3000,-3000
064766,矽創凱基9C購01  ,0,0,0,0,0,0,0,0,0,-3000,0,0,0,204000,207000,-3000,-3000
064776,金像電群益01購01,0,0,0,0,0,0,0,0,0,-3000,0,0,0,0,3000,-3000,-3000
065083,南亞科元大01購01,0,0,0,0,0,0,0,0,0,-3000,0,0,0,0,3000,-3000,-3000
065085,聯發科元大01購02,0,0,0,0,0,0,0,0,0,-3000,0,0,0,0,3000,-3000,-3000
065104,南茂元大9C購02  ,0,0,0,0,0,0,0,0,0,-3000,0,0,0,38000,41000,-3000,-3000
065099,聯茂元大9C購03  ,0,0,0,0,0,0,0,0,0,-3000,0,0,0,0,3000,-3000,-3000
065125,奇力新永豐9C購01,0,0,0,0,0,0,0,0,0,-3000,0,0,0,0,3000,-3000,-3000
065066,南電群益9C購02  ,0,0,0,0,0,0,0,0,0,-3000,0,0,0,0,3000,-3000,-3000
064913,燿華統一02購01  ,0,0,0,0,0,0,0,0,0,-3000,0,0,0,0,3000,-3000,-3000
064997,T50反1國票01購04,0,0,0,0,0,0,0,0,0,-3000,0,0,0,0,3000,-3000,-3000
06496P,台灣50日盛98售01,0,0,0,0,0,0,0,0,0,-3000,0,0,0,0,3000,-3000,-3000
06590P,大立光元大98售13,0,0,0,0,0,0,0,0,0,-3000,0,0,0,5000,8000,-3000,-3000
06751P,旺宏凱基98售10  ,0,0,0,0,0,0,0,0,0,-3000,0,0,0,0,3000,-3000,-3000
08408P,臺股指元大9C售14,0,0,0,0,0,0,0,0,0,-3000,0,0,0,0,3000,-3000,-3000
08382P,國巨群益01售02  ,0,0,0,0,0,0,0,0,0,-3000,0,0,0,0,3000,-3000,-3000
08392P,上銀群益9C售01  ,0,0,0,0,0,0,0,0,0,-3000,0,0,0,0,3000,-3000,-3000
08215P,旺宏群益9B售04  ,0,0,0,0,0,0,0,0,0,-3000,0,0,0,0,3000,-3000,-3000
08324P,大立光凱基9C售05,0,0,0,0,0,0,0,0,0,-3000,0,0,0,0,3000,-3000,-3000
08315P,台積電元大9C售08,0,0,0,0,0,0,0,0,0,-3000,0,0,0,45000,48000,-3000,-3000
08126P,臺指反元大02售15,0,0,0,0,0,0,0,0,0,-3000,0,0,0,0,3000,-3000,-3000
5234,達興材料        ,6000,1000,5000,0,0,0,0,0,0,-8000,0,8000,-8000,0,0,0,-3000
5515,建國            ,5000,8000,-3000,0,0,0,0,0,0,0,0,0,0,0,0,0,-3000
6024,群益期          ,13000,16000,-3000,0,0,0,0,0,0,0,0,0,0,0,0,0,-3000
3229,晟鈦            ,28000,31000,-3000,0,0,0,0,0,0,0,0,0,0,0,0,0,-3000
057479,致茂元大98購03  ,0,0,0,0,0,0,0,0,0,-3000,0,0,0,165000,168000,-3000,-3000
057812,友達元大9A購05  ,0,0,0,0,0,0,0,0,0,-3000,0,0,0,0,3000,-3000,-3000
057703,矽力群益98購01  ,0,0,0,0,0,0,0,0,0,-3000,0,0,0,0,3000,-3000,-3000
057716,神達統一98購01  ,0,0,0,0,0,0,0,0,0,-3000,0,0,0,0,3000,-3000,-3000
061272,超眾凱基9A購03  ,0,0,0,0,0,0,0,0,0,-3000,0,0,0,50000,53000,-3000,-3000
061125,億光永豐9A購01  ,0,0,0,0,0,0,0,0,0,-3000,0,0,0,32000,35000,-3000,-3000
061055,康控群益9A購01  ,0,0,0,0,0,0,0,0,0,-3000,0,0,0,111000,114000,-3000,-3000
056020,義隆群益97購01  ,0,0,0,0,0,0,0,0,0,-3000,0,0,0,49000,52000,-3000,-3000
056971,麗豐永豐98購01  ,0,0,0,0,0,0,0,0,0,-3000,0,0,0,45000,48000,-3000,-3000
056403,茂林群益98購01  ,0,0,0,0,0,0,0,0,0,-3000,0,0,0,122000,125000,-3000,-3000
056383,上銀國泰99購01  ,0,0,0,0,0,0,0,0,0,-3000,0,0,0,0,3000,-3000,-3000
053381,友達元大9A購02  ,0,0,0,0,0,0,0,0,0,-3000,0,0,0,0,3000,-3000,-3000
053560,漢唐國泰98購01  ,0,0,0,0,0,0,0,0,0,-3000,0,0,0,40000,43000,-3000,-3000
054421,臺股指元大99購03,0,0,0,0,0,0,0,0,0,-3000,0,0,0,0,3000,-3000,-3000
055377,揚明光元大98購01,0,0,0,0,0,0,0,0,0,-3000,0,0,0,101000,104000,-3000,-3000
00771,元大US高息特別股,0,0,0,0,0,0,0,0,0,-3000,0,0,0,13000,16000,-3000,-3000
00774B,新光中國政金綠債,0,0,0,0,0,0,0,0,0,-3000,0,0,0,0,3000,-3000,-3000
00731,FH富時高息低波  ,0,0,0,0,0,0,0,0,0,-3000,0,0,0,1113000,1116000,-3000,-3000
03022X,富展01          ,0,0,0,0,0,0,0,0,0,-3000,0,0,0,0,3000,-3000,-3000
03052X,元展49          ,0,0,0,0,0,0,0,0,0,-3000,0,0,0,0,3000,-3000,-3000
053055,聯詠國票97購01  ,0,0,0,0,0,0,0,0,0,-3000,0,0,0,0,3000,-3000,-3000
060813,高鐵凱基9A購01  ,0,0,0,0,0,0,0,0,0,-3000,0,0,0,43000,46000,-3000,-3000
061229,緯穎中信9B購01  ,0,0,0,0,0,0,0,0,0,-3000,0,0,0,2000,5000,-3000,-3000
059297,大立光元富9C購01,0,0,0,0,0,0,0,0,0,-3000,0,0,0,54000,57000,-3000,-3000
058375,群創凱基9B購04  ,0,0,0,0,0,0,0,0,0,-3000,0,0,0,0,3000,-3000,-3000
059038,健策群益9A購02  ,0,0,0,0,0,0,0,0,0,-3000,0,0,0,0,3000,-3000,-3000
059073,元油2X元大9C購14,0,0,0,0,0,0,0,0,0,-3000,0,0,0,0,3000,-3000,-3000
058939,台積電中信9B購01,0,0,0,0,0,0,0,0,0,-3000,0,0,0,75000,78000,-3000,-3000
059021,台積電統一9B購07,0,0,0,0,0,0,0,0,0,-3000,0,0,0,0,3000,-3000,-3000
05793P,臺股指中信99售08,0,0,0,0,0,0,0,0,0,-3000,0,0,0,0,3000,-3000,-3000
061363,儒鴻國票9B購01  ,0,0,0,0,0,0,0,0,0,-3000,0,0,0,1000,4000,-3000,-3000
059960,健策國票99購01  ,0,0,0,0,0,0,0,0,0,-3000,0,0,0,0,3000,-3000,-3000
060011,臺股指群益9C購06,0,0,0,0,0,0,0,0,0,-3000,0,0,0,1000,4000,-3000,-3000
060491,台灣50元富04購01,0,0,0,0,0,0,0,0,0,-3000,0,0,0,0,3000,-3000,-3000
059526,鴻海凱基99購12  ,0,0,0,0,0,0,0,0,0,-3000,0,0,0,0,3000,-3000,-3000
061504,祥碩國票9A購02  ,0,0,0,0,0,0,0,0,0,-3000,0,0,0,0,3000,-3000,-3000
061510,嘉澤富邦9C購01  ,0,0,0,0,0,0,0,0,0,-3000,0,0,0,0,3000,-3000,-3000
062918,祥碩元大9C購02  ,0,0,0,0,0,0,0,0,0,-3000,0,0,0,10000,13000,-3000,-3000
062942,嘉澤凱基9B購02  ,0,0,0,0,0,0,0,0,0,-3000,0,0,0,17000,20000,-3000,-3000
062663,聯發科群益9B購07,0,0,0,0,0,0,0,0,0,-3000,0,0,0,7000,10000,-3000,-3000
063180,台塑凱基9B購01  ,0,0,0,0,0,0,0,0,0,-3000,0,0,0,50000,53000,-3000,-3000
06330P,南亞科群益97售03,0,0,0,0,0,0,0,0,0,-3000,0,0,0,0,3000,-3000,-3000
062432,上銀元大9B購04  ,0,0,0,0,0,0,0,0,0,-3000,0,0,0,0,3000,-3000,-3000
062290,聯發科富邦9C購04,0,0,0,0,0,0,0,0,0,-3000,0,0,0,145000,148000,-3000,-3000
064331,微星元大9C購03  ,0,0,0,0,0,0,0,0,0,-3000,0,0,0,68000,71000,-3000,-3000
064016,南六國票01購01  ,0,0,0,0,0,0,0,0,0,-3000,0,0,0,0,3000,-3000,-3000
06333P,臺股指群益9C售02,0,0,0,0,0,0,0,0,0,-3000,0,0,0,51000,54000,-3000,-3000
063561,上銀元大9B購08  ,0,0,0,0,0,0,0,0,0,-3000,0,0,0,0,3000,-3000,-3000
063893,微星群益9C購01  ,0,0,0,0,0,0,0,0,0,-3000,0,0,0,21000,24000,-3000,-3000
8466,美吉吉-KY       ,0,3000,-3000,0,0,0,0,0,0,0,0,0,0,0,0,0,-3000
6281,全國電          ,9000,4000,5000,0,0,0,0,0,0,-8000,0,8000,-8000,0,0,0,-3000
2509,全坤建          ,5000,9000,-4000,0,0,0,0,0,0,0,0,0,0,0,0,0,-4000
07995P,臺股指麥證9C售01,0,0,0,6000,10000,-4000,0,0,0,-4000,0,0,0,6000,10000,-4000,-4000
08035P,國巨群益9C售04  ,0,0,0,0,0,0,0,0,0,-4000,0,0,0,0,4000,-4000,-4000
08062P,華擎國票9B售03  ,0,0,0,0,0,0,0,0,0,-4000,0,0,0,58000,62000,-4000,-4000
08335P,香港2X中信03售01,0,0,0,0,0,0,0,0,0,-4000,0,0,0,1000,5000,-4000,-4000
1532,勤美            ,23000,27000,-4000,0,0,0,0,0,0,0,0,0,0,0,0,0,-4000
1533,車王電          ,12000,16000,-4000,0,0,0,0,0,0,0,0,0,0,0,0,0,-4000
06752P,訊芯凱基98售05  ,0,0,0,0,0,0,0,0,0,-4000,0,0,0,6000,10000,-4000,-4000
06548P,大立光元大98售10,0,0,0,0,0,0,0,0,0,-4000,0,0,0,0,4000,-4000,-4000
064906,台表科群益9C購02,0,0,0,0,0,0,0,0,0,-4000,0,0,0,0,4000,-4000,-4000
06505P,康控國票99售02  ,0,0,0,0,0,0,0,0,0,-4000,0,0,0,0,4000,-4000,-4000
065031,世芯兆豐9C購01  ,0,0,0,0,0,0,0,0,0,-4000,0,0,0,0,4000,-4000,-4000
06469P,臺股指凱基99售09,0,0,0,0,0,0,0,0,0,-4000,0,0,0,12000,16000,-4000,-4000
07653P,華新科群益9A售05,0,0,0,0,0,0,0,0,0,-4000,0,0,0,54000,58000,-4000,-4000
07779P,鴻海凱基9B售04  ,0,0,0,0,0,0,0,0,0,-4000,0,0,0,0,4000,-4000,-4000
07730P,臺股指凱基9A售22,0,0,0,0,0,0,0,0,0,-4000,0,0,0,0,4000,-4000,-4000
07312P,台灣50元大99售10,0,0,0,0,0,0,0,0,0,-4000,0,0,0,0,4000,-4000,-4000
07389P,臺股指群益9C售08,0,0,0,0,0,0,0,0,0,-4000,0,0,0,2000,6000,-4000,-4000
07212P,聯發科凱基99售14,0,0,0,0,0,0,0,0,0,-4000,0,0,0,0,4000,-4000,-4000
06849P,欣興元大98售12  ,0,0,0,0,0,0,0,0,0,-4000,0,0,0,50000,54000,-4000,-4000
06988P,鴻海元富99售09  ,0,0,0,0,0,0,0,0,0,-4000,0,0,0,0,4000,-4000,-4000
051423,GIS國票97購01   ,0,0,0,0,0,0,0,0,0,-4000,0,0,0,4000,8000,-4000,-4000
051614,元金2X凱基97購01,0,0,0,0,0,0,0,0,0,-4000,0,0,0,0,4000,-4000,-4000
052681,T50反1元大98購02,0,0,0,0,0,0,0,0,0,-4000,0,0,0,22000,26000,-4000,-4000
01002T,土銀國泰R1      ,0,4000,-4000,0,0,0,0,0,0,0,0,0,0,0,0,0,-4000
00713,元大台灣高息低波,0,0,0,0,0,0,0,0,0,-4000,0,0,0,14000,18000,-4000,-4000
0053,元大電子        ,0,0,0,0,0,0,0,0,0,-4000,0,0,0,1000,5000,-4000,-4000
00700,富邦恒生國企    ,0,0,0,0,0,0,0,0,0,-4000,0,0,0,101000,105000,-4000,-4000
053930,S&P反1統一98購01,0,0,0,0,0,0,0,0,0,-4000,0,0,0,0,4000,-4000,-4000
03674C,臺股指元富9C牛02,0,0,0,0,0,0,0,0,0,-4000,0,0,0,2000,6000,-4000,-4000
056412,上証2X中信9A購02,0,0,0,0,0,0,0,0,0,-4000,0,0,0,0,4000,-4000,-4000
057162,上銀元大98購03  ,0,0,0,0,0,0,0,0,0,-4000,0,0,0,0,4000,-4000,-4000
057331,台積電國票99購04,0,0,0,0,0,0,0,0,0,-4000,0,0,0,24000,28000,-4000,-4000
056700,華新科國泰99購03,0,0,0,0,0,0,0,0,0,-4000,0,0,0,0,4000,-4000,-4000
056204,嘉澤永豐97購01  ,0,0,0,0,0,0,0,0,0,-4000,0,0,0,0,4000,-4000,-4000
057708,臺股指群益98購08,0,0,0,0,0,0,0,0,0,-4000,0,0,0,0,4000,-4000,-4000
057458,TPK富邦9A購01   ,0,0,0,0,0,0,0,0,0,-4000,0,0,0,6000,10000,-4000,-4000
061520,健策中信9A購01  ,0,0,0,0,0,0,0,0,0,-4000,0,0,0,0,4000,-4000,-4000
06156P,大立光統一97售05,0,0,0,0,0,0,0,0,0,-4000,0,0,0,0,4000,-4000,-4000
061880,台郡元大9B購02  ,0,0,0,0,0,0,0,0,0,-4000,0,0,0,0,4000,-4000,-4000
061952,臺股指群益9B購01,0,0,0,0,0,0,0,0,0,-4000,0,0,0,4000,8000,-4000,-4000
061953,台積電台新9B購04,0,0,0,0,0,0,0,0,0,-4000,0,0,0,0,4000,-4000,-4000
061629,FBVIX元大9A購01 ,0,0,0,0,0,0,0,0,0,-4000,0,0,0,0,4000,-4000,-4000
061709,SP黃豆凱基01購02,0,0,0,0,0,0,0,0,0,-4000,0,0,0,1000,5000,-4000,-4000
060505,友達元大9C購05  ,0,0,0,0,0,0,0,0,0,-4000,0,0,0,61000,65000,-4000,-4000
059922,大立光元大99購25,0,0,0,0,0,0,0,0,0,-4000,0,0,0,0,4000,-4000,-4000
060734,華通統一9C購01  ,0,0,0,0,0,0,0,0,0,-4000,0,0,0,20000,24000,-4000,-4000
060551,大立光凱基9B購02,0,0,0,0,0,0,0,0,0,-4000,0,0,0,0,4000,-4000,-4000
060695,同欣電麥證9A購01,0,0,0,145000,149000,-4000,0,0,0,-4000,0,0,0,145000,149000,-4000,-4000
059042,世紀鋼群益99購02,0,0,0,0,0,0,0,0,0,-4000,0,0,0,98000,102000,-4000,-4000
059731,康控元大99購04  ,0,0,0,0,0,0,0,0,0,-4000,0,0,0,38000,42000,-4000,-4000
059212,鴻海元大99購28  ,0,0,0,0,0,0,0,0,0,-4000,0,0,0,29000,33000,-4000,-4000
059260,國巨中信99購05  ,0,0,0,0,0,0,0,0,0,-4000,0,0,0,36000,40000,-4000,-4000
059477,FBVIX群益99購01 ,0,0,0,0,0,0,0,0,0,-4000,0,0,0,0,4000,-4000,-4000
058557,健策第一01購01  ,0,0,0,0,0,0,0,0,0,-4000,0,0,0,11000,15000,-4000,-4000
058311,緯穎元大99購05  ,0,0,0,0,0,0,0,0,0,-4000,0,0,0,0,4000,-4000,-4000
059317,台積電元大99購34,0,0,0,0,0,0,0,0,0,-4000,0,0,0,4000,8000,-4000,-4000
058591,台灣50統一9B購02,0,0,0,0,0,0,0,0,0,-4000,0,0,0,0,4000,-4000,-4000
06083P,華通統一98售02  ,0,0,0,0,0,0,0,0,0,-4000,0,0,0,0,4000,-4000,-4000
063761,嘉澤統一02購01  ,0,0,0,0,0,0,0,0,0,-4000,0,0,0,6000,10000,-4000,-4000
063584,南六國泰01購01  ,0,0,0,0,0,0,0,0,0,-4000,0,0,0,0,4000,-4000,-4000
063606,TPK凱基9C購01   ,0,0,0,0,0,0,0,0,0,-4000,0,0,0,0,4000,-4000,-4000
063960,南電元大9C購03  ,0,0,0,0,0,0,0,0,0,-4000,0,0,0,139000,143000,-4000,-4000
062278,聯發科群益9C購01,0,0,0,0,0,0,0,0,0,-4000,0,0,0,0,4000,-4000,-4000
063129,祥碩元大9C購03  ,0,0,0,0,0,0,0,0,0,-4000,0,0,0,2000,6000,-4000,-4000
063023,華擎元大9B購02  ,0,0,0,0,0,0,0,0,0,-4000,0,0,0,0,4000,-4000,-4000
062795,國巨統一9B購15  ,0,0,0,0,0,0,0,0,0,-4000,0,0,0,24000,28000,-4000,-4000
6209,今國光          ,0,4000,-4000,0,0,0,0,0,0,0,0,0,0,0,0,0,-4000
07057P,大立光康和9B售02,0,0,0,0,0,0,0,0,0,-5000,0,0,0,40000,45000,-5000,-5000
06931P,大立光元大98售20,0,0,0,0,0,0,0,0,0,-5000,0,0,0,0,5000,-5000,-5000
06933P,禾伸堂元大98售03,0,0,0,0,0,0,0,0,0,-5000,0,0,0,0,5000,-5000,-5000
07147P,高鐵元大99售01  ,0,0,0,0,0,0,0,0,0,-5000,0,0,0,0,5000,-5000,-5000
07092P,上銀凱基99售03  ,0,0,0,0,0,0,0,0,0,-5000,0,0,0,20000,25000,-5000,-5000
07410P,鴻海元大99售44  ,0,0,0,0,0,0,0,0,0,-5000,0,0,0,5000,10000,-5000,-5000
07270P,台灣50元大01售09,0,0,0,0,0,0,0,0,0,-5000,0,0,0,5000,10000,-5000,-5000
07245P,台積電凱基99售16,0,0,0,0,0,0,0,0,0,-5000,0,0,0,0,5000,-5000,-5000
07839P,嘉澤元大9A售04  ,0,0,0,0,0,0,0,0,0,-5000,0,0,0,120000,125000,-5000,-5000
07932P,國巨元大9B售04  ,0,0,0,0,0,0,0,0,0,-5000,0,0,0,5000,10000,-5000,-5000
07431P,臺股指國票9A售03,0,0,0,0,0,0,0,0,0,-5000,0,0,0,0,5000,-5000,-5000
064789,和大國票01購01  ,0,0,0,0,0,0,0,0,0,-5000,0,0,0,5000,10000,-5000,-5000
06482P,台積電凱基98售13,0,0,0,0,0,0,0,0,0,-5000,0,0,0,0,5000,-5000,-5000
064605,GIS元富9C購01   ,0,0,0,0,0,0,0,0,0,-5000,0,0,0,85000,90000,-5000,-5000
064920,景碩統一01購02  ,0,0,0,0,0,0,0,0,0,-5000,0,0,0,0,5000,-5000,-5000
064935,寶成統一02購02  ,0,0,0,0,0,0,0,0,0,-5000,0,0,0,0,5000,-5000,-5000
06597P,國巨富邦9A售05  ,0,0,0,0,0,0,0,0,0,-5000,0,0,0,63000,68000,-5000,-5000
06741P,台積電富邦98售04,0,0,0,0,0,0,0,0,0,-5000,0,0,0,610000,615000,-5000,-5000
06702P,智邦元富98售01  ,0,0,0,0,0,0,0,0,0,-5000,0,0,0,0,5000,-5000,-5000
1616,億泰            ,4000,9000,-5000,0,0,0,0,0,0,0,0,0,0,0,0,0,-5000
08410P,臺股指元大9C售16,0,0,0,0,0,0,0,0,0,-5000,0,0,0,0,5000,-5000,-5000
08493P,嘉澤元大9C售01  ,0,0,0,0,0,0,0,0,0,-5000,0,0,0,0,5000,-5000,-5000
08494P,世芯元大9C售02  ,0,0,0,0,0,0,0,0,0,-5000,0,0,0,0,5000,-5000,-5000
08308P,聯發科凱基01售03,0,0,0,0,0,0,0,0,0,-5000,0,0,0,15000,20000,-5000,-5000
08364P,聯發科凱基02售02,0,0,0,0,0,0,0,0,0,-5000,0,0,0,0,5000,-5000,-5000
08366P,祥碩凱基9C售04  ,0,0,0,0,0,0,0,0,0,-5000,0,0,0,20000,25000,-5000,-5000
08235P,南電國泰9C售03  ,0,0,0,0,0,0,0,0,0,-5000,0,0,0,0,5000,-5000,-5000
08006P,長榮航中信03售01,0,0,0,0,0,0,0,0,0,-5000,0,0,0,25000,30000,-5000,-5000
07980P,臺股指凱基02售01,0,0,0,0,0,0,0,0,0,-5000,0,0,0,0,5000,-5000,-5000
08127P,聯發科元大9B售21,0,0,0,0,0,0,0,0,0,-5000,0,0,0,0,5000,-5000,-5000
08174P,國巨統一9B售17  ,0,0,0,0,0,0,0,0,0,-5000,0,0,0,0,5000,-5000,-5000
3416,融程電          ,2000,34000,-32000,0,0,0,0,0,0,27000,0,0,0,36000,9000,27000,-5000
5283,禾聯碩          ,2000,7000,-5000,0,0,0,0,0,0,0,0,0,0,0,0,0,-5000
4555,氣立            ,15000,20000,-5000,0,0,0,0,0,0,0,0,0,0,0,0,0,-5000
057478,智邦元大99購01  ,0,0,0,0,0,0,0,0,0,-5000,0,0,0,0,5000,-5000,-5000
057488,聯發科元大99購02,0,0,0,0,0,0,0,0,0,-5000,0,0,0,0,5000,-5000,-5000
057544,鴻海凱基02購01  ,0,0,0,0,0,0,0,0,0,-5000,0,0,0,15000,20000,-5000,-5000
056552,台表科凱基99購01,0,0,0,0,0,0,0,0,0,-5000,0,0,0,0,5000,-5000,-5000
056061,國泰金元大97購02,0,0,0,0,0,0,0,0,0,-5000,0,0,0,309000,314000,-5000,-5000
056422,全新統一98購02  ,0,0,0,0,0,0,0,0,0,-5000,0,0,0,0,5000,-5000,-5000
057064,華新科富邦9B購01,0,0,0,0,0,0,0,0,0,-5000,0,0,0,0,5000,-5000,-5000
055910,瑞昱凱基98購01  ,0,0,0,0,0,0,0,0,0,-5000,0,0,0,0,5000,-5000,-5000
055570,華通統一98購03  ,0,0,0,0,0,0,0,0,0,-5000,0,0,0,0,5000,-5000,-5000
055490,台光電元大97購01,0,0,0,0,0,0,0,0,0,-5000,0,0,0,0,5000,-5000,-5000
054573,漢唐元大98購01  ,0,0,0,0,0,0,0,0,0,-5000,0,0,0,5000,10000,-5000,-5000
054451,上銀亞東98購01  ,0,0,0,0,0,0,0,0,0,-5000,0,0,0,60000,65000,-5000,-5000
054065,樺漢國票97購01  ,0,0,0,0,0,0,0,0,0,-5000,0,0,0,38000,43000,-5000,-5000
054246,國巨元大96購12  ,0,0,0,0,0,0,0,0,0,-5000,0,0,0,3000,8000,-5000,-5000
035276,南亞科台新97購01,0,0,0,0,0,0,0,0,0,-5000,0,0,0,15000,20000,-5000,-5000
049200,元黃金群益98購01,0,0,0,0,0,0,0,0,0,-5000,0,0,0,0,5000,-5000,-5000
049463,華新科富邦97購01,0,0,0,0,0,0,0,0,0,-5000,0,0,0,0,5000,-5000,-5000
050170,臺指反元大97購02,0,0,0,0,0,0,0,0,0,-5000,0,0,0,0,5000,-5000,-5000
055145,T50反1元大97購04,0,0,0,0,0,0,0,0,0,-5000,0,0,0,0,5000,-5000,-5000
00685L,群益臺灣加權正2 ,0,0,0,0,0,0,0,0,0,-5000,0,0,0,9000,14000,-5000,-5000
00743,國泰中國A150    ,30000,0,30000,0,0,0,0,0,0,-35000,0,0,0,13000,48000,-35000,-5000
05207P,高股息中信97售03,0,0,0,0,0,0,0,0,0,-5000,0,0,0,5000,10000,-5000,-5000
03425B,臺股指元大9A熊01,0,0,0,0,0,0,0,0,0,-5000,0,0,0,0,5000,-5000,-5000
061224,道瓊反中信01購01,0,0,0,0,0,0,0,0,0,-5000,0,0,0,0,5000,-5000,-5000
061152,微星群益9A購01  ,0,0,0,0,0,0,0,0,0,-5000,0,0,0,0,5000,-5000,-5000
061153,奇力新群益9A購02,0,0,0,0,0,0,0,0,0,-5000,0,0,0,0,5000,-5000,-5000
061189,可成富邦9B購02  ,0,0,0,0,0,0,0,0,0,-5000,0,0,0,0,5000,-5000,-5000
061190,力山永豐9A購02  ,0,0,0,0,0,0,0,0,0,-5000,0,0,0,32000,37000,-5000,-5000
058196,台塑中信99購01  ,0,0,0,0,0,0,0,0,0,-5000,0,0,0,30000,35000,-5000,-5000
058572,百和凱基9A購01  ,0,0,0,0,0,0,0,0,0,-5000,0,0,0,0,5000,-5000,-5000
058441,T50反1台新03購01,0,0,0,0,0,0,0,0,0,-5000,0,0,0,0,5000,-5000,-5000
059506,滬深2X永豐99購04,0,0,0,0,0,0,0,0,0,-5000,0,0,0,0,5000,-5000,-5000
059239,台積電凱基99購12,0,0,0,0,0,0,0,0,0,-5000,0,0,0,0,5000,-5000,-5000
059247,可成凱基99購05  ,0,0,0,0,0,0,0,0,0,-5000,0,0,0,7000,12000,-5000,-5000
05974P,國巨富邦97售03  ,0,0,0,0,0,0,0,0,0,-5000,0,0,0,600000,605000,-5000,-5000
059069,臺指反元大9C購01,0,0,0,0,0,0,0,0,0,-5000,0,0,0,0,5000,-5000,-5000
059015,華通元富99購02  ,0,0,0,0,0,0,0,0,0,-5000,0,0,0,0,5000,-5000,-5000
059100,元油2X統一9C購02,0,0,0,0,0,0,0,0,0,-5000,0,0,0,46000,51000,-5000,-5000
05911P,南亞科永豐96售03,0,0,0,0,0,0,0,0,0,-5000,0,0,0,0,5000,-5000,-5000
058722,台郡元富99購01  ,0,0,0,0,0,0,0,0,0,-5000,0,0,0,178000,183000,-5000,-5000
058849,奇力新群益99購02,0,0,0,0,0,0,0,0,0,-5000,0,0,0,0,5000,-5000,-5000
060658,台灣50凱基01購04,0,0,0,0,0,0,0,0,0,-5000,0,0,0,0,5000,-5000,-5000
060676,京元電元大9A購03,0,0,0,0,0,0,0,0,0,-5000,0,0,0,214000,219000,-5000,-5000
060408,和潤國泰9C購01  ,0,0,0,0,0,0,0,0,0,-5000,0,0,0,0,5000,-5000,-5000
060437,宏全永豐9A購01  ,0,0,0,0,0,0,0,0,0,-5000,0,0,0,0,5000,-5000,-5000
06037P,超眾國票98售02  ,0,0,0,0,0,0,0,0,0,-5000,0,0,0,5000,10000,-5000,-5000
061601,台積電凱基9A購26,0,0,0,0,0,0,0,0,0,-5000,0,0,0,0,5000,-5000,-5000
061593,智原永豐9A購01  ,0,0,0,0,0,0,0,0,0,-5000,0,0,0,0,5000,-5000,-5000
061656,華新科國票9A購08,0,0,0,0,0,0,0,0,0,-5000,0,0,0,0,5000,-5000,-5000
061955,FANG+統一9B購01 ,0,0,0,0,0,0,0,0,0,-5000,0,0,0,0,5000,-5000,-5000
061546,大立光群益9A購05,0,0,0,0,0,0,0,0,0,-5000,0,0,0,0,5000,-5000,-5000
061486,國巨兆豐9B購02  ,0,0,0,0,0,0,0,0,0,-5000,0,0,0,81000,86000,-5000,-5000
058119,華新亞東99購01  ,0,0,0,0,0,0,0,0,0,-5000,0,0,0,5000,10000,-5000,-5000
058121,國巨國票9A購01  ,0,0,0,0,0,0,0,0,0,-5000,0,0,0,0,5000,-5000,-5000
05959P,聯發科國票98售01,0,0,0,0,0,0,0,0,0,-5000,0,0,0,5000,10000,-5000,-5000
06274P,臺股指凱基97售06,0,0,0,0,0,0,0,0,0,-5000,0,0,0,0,5000,-5000,-5000
062707,致伸元大9B購01  ,0,0,0,0,0,0,0,0,0,-5000,0,0,0,99000,104000,-5000,-5000
063114,南電兆豐9B購01  ,0,0,0,0,0,0,0,0,0,-5000,0,0,0,1000,6000,-5000,-5000
063303,聯發科凱基9B購14,0,0,0,0,0,0,0,0,0,-5000,0,0,0,0,5000,-5000,-5000
062254,台光電元大9B購02,0,0,0,0,0,0,0,0,0,-5000,0,0,0,6000,11000,-5000,-5000
062249,台積電元大9B購01,0,0,0,0,0,0,0,0,0,-5000,0,0,0,1000,6000,-5000,-5000
062413,台光電中信9B購02,0,0,0,0,0,0,0,0,0,-5000,0,0,0,139000,144000,-5000,-5000
062551,緯穎永豐9B購02  ,0,0,0,0,0,0,0,0,0,-5000,0,0,0,0,5000,-5000,-5000
062499,鴻海群益01購01  ,0,0,0,0,0,0,0,0,0,-5000,0,0,0,5000,10000,-5000,-5000
064155,大立光統一01購05,0,0,0,0,0,0,0,0,0,-5000,0,0,0,0,5000,-5000,-5000
064339,大立光元大01購01,0,0,0,0,0,0,0,0,0,-5000,0,0,0,0,5000,-5000,-5000
064402,宏碁凱基01購01  ,0,0,0,0,0,0,0,0,0,-5000,0,0,0,110000,115000,-5000,-5000
063484,達方元大9B購01  ,0,0,0,0,0,0,0,0,0,-5000,0,0,0,110000,115000,-5000,-5000
063448,聯發科統一9C購11,0,0,0,0,0,0,0,0,0,-5000,0,0,0,254000,259000,-5000,-5000
063442,金像電統一01購01,0,0,0,0,0,0,0,0,0,-5000,0,0,0,0,5000,-5000,-5000
063775,上証2X永豐9B購02,0,0,0,0,0,0,0,0,0,-5000,0,0,0,0,5000,-5000,-5000
063905,健策麥證02購01  ,0,0,0,36000,41000,-5000,0,0,0,-5000,0,0,0,36000,41000,-5000,-5000
063780,高鐵永豐9B購02  ,0,0,0,0,0,0,0,0,0,-5000,0,0,0,0,5000,-5000,-5000
6449,鈺邦            ,11000,16000,-5000,0,0,0,0,0,0,0,1000,1000,0,0,0,0,-5000
8249,菱光            ,17000,22000,-5000,0,0,0,0,0,0,0,0,0,0,0,0,0,-5000
08258P,旺宏元大9C售04  ,0,0,0,0,0,0,0,0,0,-6000,0,0,0,10000,16000,-6000,-6000
08348P,貿聯元大9C售01  ,0,0,0,0,0,0,0,0,0,-6000,0,0,0,0,6000,-6000,-6000
08297P,寶成元大9C售01  ,0,0,0,0,0,0,0,0,0,-6000,0,0,0,0,6000,-6000,-6000
08451P,南六統一9C售06  ,0,0,0,0,0,0,0,0,0,-6000,0,0,0,4000,10000,-6000,-6000
1109,信大            ,4000,10000,-6000,0,0,0,0,0,0,0,0,0,0,0,0,0,-6000
2009,第一銅          ,6000,12000,-6000,0,0,0,0,0,0,0,0,0,0,0,0,0,-6000
06771P,台灣50中信02售01,0,0,0,0,0,0,0,0,0,-6000,0,0,0,2000,8000,-6000,-6000
06804P,臺股指群益98售10,0,0,0,0,0,0,0,0,0,-6000,0,0,0,0,6000,-6000,-6000
06806P,臺股指群益98售12,0,0,0,0,0,0,0,0,0,-6000,0,0,0,20000,26000,-6000,-6000
06547P,大立光元大98售09,0,0,0,0,0,0,0,0,0,-6000,0,0,0,0,6000,-6000,-6000
07251P,台灣50元富01售04,0,0,0,0,0,0,0,0,0,-6000,0,0,0,0,6000,-6000,-6000
07107P,臺股指統一99售07,0,0,0,0,0,0,0,0,0,-6000,0,0,0,0,6000,-6000,-6000
06925P,致茂群益9A售02  ,0,0,0,0,0,0,0,0,0,-6000,0,0,0,0,6000,-6000,-6000
06884P,台郡群益98售03  ,0,0,0,0,0,0,0,0,0,-6000,0,0,0,0,6000,-6000,-6000
07014P,華通元大99售04  ,0,0,0,0,0,0,0,0,0,-6000,0,0,0,35000,41000,-6000,-6000
07039P,南電台新99售01  ,0,0,0,0,0,0,0,0,0,-6000,0,0,0,0,6000,-6000,-6000
03094X,大立光元大68展08,0,0,0,0,0,0,0,0,0,-6000,0,0,0,0,6000,-6000,-6000
00711B,FH彭博新興債    ,0,0,0,0,0,0,0,0,0,-6000,0,0,0,106000,112000,-6000,-6000
05088P,大立光富邦99售01,0,0,0,0,0,0,0,0,0,-6000,0,0,0,0,6000,-6000,-6000
035275,台積電台新97購01,0,0,0,0,0,0,0,0,0,-6000,0,0,0,4000,10000,-6000,-6000
03446B,臺股指元大9B熊26,0,0,0,0,0,0,0,0,0,-6000,0,0,0,108000,114000,-6000,-6000
053561,玉晶光國泰98購01,0,0,0,0,0,0,0,0,0,-6000,0,0,0,8000,14000,-6000,-6000
057148,玉晶光國票99購04,0,0,0,0,0,0,0,0,0,-6000,0,0,0,7000,13000,-6000,-6000
057342,玉晶光台新98購01,0,0,0,0,0,0,0,0,0,-6000,0,0,0,4000,10000,-6000,-6000
057320,玉晶光凱基98購01,0,0,0,0,0,0,0,0,0,-6000,0,0,0,131000,137000,-6000,-6000
060947,台積電統一9C購03,0,0,0,0,0,0,0,0,0,-6000,0,0,0,0,6000,-6000,-6000
061045,儒鴻第一9A購01  ,0,0,0,0,0,0,0,0,0,-6000,0,0,0,0,6000,-6000,-6000
057805,華通元大98購06  ,0,0,0,0,0,0,0,0,0,-6000,0,0,0,86000,92000,-6000,-6000
061445,道瓊指中信9A購01,0,0,0,0,0,0,0,0,0,-6000,0,0,0,0,6000,-6000,-6000
061685,道瓊反群益9A購03,0,0,0,0,0,0,0,0,0,-6000,0,0,0,0,6000,-6000,-6000
061813,鴻海群益9B購02  ,0,0,0,0,0,0,0,0,0,-6000,0,0,0,0,6000,-6000,-6000
060337,FBVIX統一9A購01 ,0,0,0,0,0,0,0,0,0,-6000,0,0,0,31000,37000,-6000,-6000
060023,T50反1國泰9A購03,0,0,0,0,0,0,0,0,0,-6000,0,0,0,0,6000,-6000,-6000
060049,華通凱基99購06  ,0,0,0,0,0,0,0,0,0,-6000,0,0,0,0,6000,-6000,-6000
061334,華通元大9A購09  ,0,0,0,0,0,0,0,0,0,-6000,0,0,0,18000,24000,-6000,-6000
059699,華通凱基99購04  ,0,0,0,0,0,0,0,0,0,-6000,0,0,0,0,6000,-6000,-6000
060292,聯詠元大9A購01  ,0,0,0,0,0,0,0,0,0,-6000,0,0,0,0,6000,-6000,-6000
059165,南亞科凱基99購04,0,0,0,0,0,0,0,0,0,-6000,0,0,0,14000,20000,-6000,-6000
058189,嘉澤永豐99購01  ,0,0,0,0,0,0,0,0,0,-6000,0,0,0,31000,37000,-6000,-6000
060818,上銀統一9C購01  ,0,0,0,0,0,0,0,0,0,-6000,0,0,0,0,6000,-6000,-6000
060235,瑞昱元大9A購01  ,0,0,0,0,0,0,0,0,0,-6000,0,0,0,44000,50000,-6000,-6000
063886,南電元富9C購01  ,0,0,0,0,0,0,0,0,0,-6000,0,0,0,0,6000,-6000,-6000
063930,高鐵統一02購02  ,0,0,0,0,0,0,0,0,0,-6000,0,0,0,0,6000,-6000,-6000
063410,南六國票9C購01  ,0,0,0,0,0,0,0,0,0,-6000,0,0,0,0,6000,-6000,-6000
063399,智原群益9B購01  ,0,0,0,0,0,0,0,0,0,-6000,0,0,0,81000,87000,-6000,-6000
06437P,玉晶光國票99售01,0,0,0,0,0,0,0,0,0,-6000,0,0,0,3000,9000,-6000,-6000
064169,南電統一9C購01  ,0,0,0,0,0,0,0,0,0,-6000,0,0,0,92000,98000,-6000,-6000
064119,上銀元大9C購06  ,0,0,0,0,0,0,0,0,0,-6000,0,0,0,0,6000,-6000,-6000
062618,祥碩元大9B購04  ,0,0,0,0,0,0,0,0,0,-6000,0,0,0,0,6000,-6000,-6000
062574,美食群益9B購02  ,0,0,0,0,0,0,0,0,0,-6000,0,0,0,62000,68000,-6000,-6000
063311,喬山群益9B購01  ,0,0,0,0,0,0,0,0,0,-6000,0,0,0,4000,10000,-6000,-6000
9906,欣巴巴          ,2000,8000,-6000,0,0,0,0,0,0,0,0,0,0,0,0,0,-6000
06888P,日月光元大98售02,0,0,0,0,0,0,0,0,0,-7000,0,0,0,0,7000,-7000,-7000
07246P,旺宏凱基99售08  ,0,0,0,0,0,0,0,0,0,-7000,0,0,0,0,7000,-7000,-7000
06712P,臺股指台新99售09,0,0,0,0,0,0,0,0,0,-7000,0,0,0,0,7000,-7000,-7000
06698P,玉晶光國票99售05,0,0,0,0,0,0,0,0,0,-7000,0,0,0,63000,70000,-7000,-7000
065093,新日興元大9C購03,0,0,0,0,0,0,0,0,0,-7000,0,0,0,0,7000,-7000,-7000
064881,聯茂兆豐01購02  ,0,0,0,0,0,0,0,0,0,-7000,0,0,0,104000,111000,-7000,-7000
064883,GIS兆豐01購01   ,0,0,0,0,0,0,0,0,0,-7000,0,0,0,90000,97000,-7000,-7000
08098P,大立光凱基9B售09,0,0,0,0,0,0,0,0,0,-7000,0,0,0,0,7000,-7000,-7000
5525,順天            ,2000,9000,-7000,0,0,0,0,0,0,0,0,0,0,0,0,0,-7000
6152,百一            ,1000,8000,-7000,0,0,0,0,0,0,0,0,0,0,0,0,0,-7000
3058,立德            ,6000,13000,-7000,0,0,0,0,0,0,0,0,0,0,0,0,0,-7000
2465,麗臺            ,3000,10000,-7000,0,0,0,0,0,0,0,0,0,0,0,0,0,-7000
061145,臻鼎中信9A購02  ,0,0,0,0,0,0,0,0,0,-7000,0,0,0,13000,20000,-7000,-7000
061247,玉晶光群益9A購09,0,0,0,0,0,0,0,0,0,-7000,0,0,0,103000,110000,-7000,-7000
056185,全新統一98購01  ,0,0,0,0,0,0,0,0,0,-7000,0,0,0,0,7000,-7000,-7000
057390,台表科永豐98購01,0,0,0,0,0,0,0,0,0,-7000,0,0,0,14000,21000,-7000,-7000
054220,國巨統一97購02  ,0,0,0,0,0,0,0,0,0,-7000,0,0,0,3000,10000,-7000,-7000
055429,華新科群益99購01,0,0,0,0,0,0,0,0,0,-7000,0,0,0,0,7000,-7000,-7000
055229,大毅國票97購02  ,0,0,0,0,0,0,0,0,0,-7000,0,0,0,15000,22000,-7000,-7000
058934,台灣50中信03購03,0,0,0,0,0,0,0,0,0,-7000,0,0,0,66000,73000,-7000,-7000
059920,宏達電元大99購07,0,0,0,0,0,0,0,0,0,-7000,0,0,0,117000,124000,-7000,-7000
061437,燿華凱基9A購01  ,0,0,0,0,0,0,0,0,0,-7000,0,0,0,62000,69000,-7000,-7000
058101,台積電富邦9C購01,0,0,0,0,0,0,0,0,0,-7000,0,0,0,100000,107000,-7000,-7000
063280,燿華元大9B購05  ,0,0,0,0,0,0,0,0,0,-7000,0,0,0,61000,68000,-7000,-7000
063145,台表科統一02購01,0,0,0,0,0,0,0,0,0,-7000,0,0,0,64000,71000,-7000,-7000
062711,台表科元大9B購05,0,0,0,0,0,0,0,0,0,-7000,0,0,0,78000,85000,-7000,-7000
062662,友達群益9B購02  ,0,0,0,0,0,0,0,0,0,-7000,0,0,0,0,7000,-7000,-7000
062743,微星國泰01購01  ,0,0,0,0,0,0,0,0,0,-7000,0,0,0,249000,256000,-7000,-7000
062475,道瓊反國票9B購02,0,0,0,0,0,0,0,0,0,-7000,0,0,0,0,7000,-7000,-7000
062383,大立光國泰01購01,0,0,0,0,0,0,0,0,0,-7000,0,0,0,48000,55000,-7000,-7000
062285,台勝科群益9B購01,0,0,0,0,0,0,0,0,0,-7000,0,0,0,3000,10000,-7000,-7000
061990,台勝科元大9C購01,0,0,0,0,0,0,0,0,0,-7000,0,0,0,3000,10000,-7000,-7000
064104,TPK群益9C購02   ,0,0,0,0,0,0,0,0,0,-7000,0,0,0,0,7000,-7000,-7000
064230,上銀統一01購04  ,0,0,0,0,0,0,0,0,0,-7000,0,0,0,0,7000,-7000,-7000
064050,景碩統一01購01  ,0,0,0,0,0,0,0,0,0,-7000,0,0,0,30000,37000,-7000,-7000
064354,同欣電元大9C購05,0,0,0,0,0,0,0,0,0,-7000,0,0,0,360000,367000,-7000,-7000
064506,康控元大9C購02  ,0,0,0,0,0,0,0,0,0,-7000,0,0,0,0,7000,-7000,-7000
064488,台達電元大9C購01,0,0,0,0,0,0,0,0,0,-7000,0,0,0,146000,153000,-7000,-7000
063512,聯發科麥證9B購02,0,0,0,0,7000,-7000,0,0,0,-7000,0,0,0,0,7000,-7000,-7000
063824,S&P反1國票9C購01,0,0,0,0,0,0,0,0,0,-7000,0,0,0,0,7000,-7000,-7000
063651,金像電台新9B購01,0,0,0,0,0,0,0,0,0,-7000,0,0,0,12000,19000,-7000,-7000
3308,聯德            ,1000,9000,-8000,0,0,0,0,0,0,0,0,0,0,0,0,0,-8000
08085P,華通凱基9B售04  ,0,0,0,0,0,0,0,0,0,-8000,0,0,0,12000,20000,-8000,-8000
08060P,嘉澤元大9B售01  ,0,0,0,0,0,0,0,0,0,-8000,0,0,0,32000,40000,-8000,-8000
08261P,玉晶光元大9C售08,0,0,0,0,0,0,0,0,0,-8000,0,0,0,100000,108000,-8000,-8000
08426P,奇力新國票01售01,0,0,0,0,0,0,0,0,0,-8000,0,0,0,2000,10000,-8000,-8000
08378P,世紀鋼元富9C售02,0,0,0,0,0,0,0,0,0,-8000,0,0,0,14000,22000,-8000,-8000
1423,利華            ,0,8000,-8000,0,0,0,0,0,0,0,0,0,0,0,0,0,-8000
1312A,國喬特          ,0,0,0,0,0,0,0,0,0,-8000,0,8000,-8000,0,0,0,-8000
064699,臻鼎群益9C購01  ,0,0,0,0,0,0,0,0,0,-8000,0,0,0,0,8000,-8000,-8000
064701,巨大群益9C購02  ,0,0,0,0,0,0,0,0,0,-8000,0,0,0,94000,102000,-8000,-8000
065026,世紀鋼永豐9C購02,0,0,0,0,0,0,0,0,0,-8000,0,0,0,0,8000,-8000,-8000
06743P,創意永豐98售03  ,0,0,0,0,0,0,0,0,0,-8000,0,0,0,19000,27000,-8000,-8000
06633P,國巨國票99售01  ,0,0,0,0,0,0,0,0,0,-8000,0,0,0,2000,10000,-8000,-8000
07303P,臺股指元大9A售36,0,0,0,0,0,0,0,0,0,-8000,0,0,0,2000,10000,-8000,-8000
07353P,大立光國票99售02,0,0,0,0,0,0,0,0,0,-8000,0,0,0,0,8000,-8000,-8000
07080P,健策群益9A售01  ,0,0,0,0,0,0,0,0,0,-8000,0,0,0,67000,75000,-8000,-8000
06990P,康友元富99售03  ,0,0,0,0,0,0,0,0,0,-8000,0,0,0,2000,10000,-8000,-8000
07917P,可成永豐9B售01  ,0,0,0,0,0,0,0,0,0,-8000,0,0,0,10000,18000,-8000,-8000
055029,帆宣國泰99購01  ,0,0,0,0,0,0,0,0,0,-8000,0,0,0,45000,53000,-8000,-8000
055502,群創元大9C購03  ,0,0,0,0,0,0,0,0,0,-8000,0,0,0,0,8000,-8000,-8000
056381,台虹元富98購01  ,0,0,0,0,0,0,0,0,0,-8000,0,0,0,0,8000,-8000,-8000
056365,欣興元大98購01  ,0,0,0,0,0,0,0,0,0,-8000,0,0,0,99000,107000,-8000,-8000
061499,嘉晶國票9A購03  ,0,0,0,0,0,0,0,0,0,-8000,0,0,0,0,8000,-8000,-8000
059984,華新科元大99購21,0,0,0,0,0,0,0,0,0,-8000,0,0,0,60000,68000,-8000,-8000
060723,致新永豐9A購01  ,0,0,0,0,0,0,0,0,0,-8000,0,0,0,2000,10000,-8000,-8000
059031,元石油中信03購01,0,0,0,0,0,0,0,0,0,-8000,0,0,0,2000,10000,-8000,-8000
058705,長榮航元大99購01,0,0,0,0,0,0,0,0,0,-8000,0,0,0,128000,136000,-8000,-8000
058684,健策凱基99購02  ,0,0,0,0,0,0,0,0,0,-8000,0,0,0,7000,15000,-8000,-8000
059702,台積電凱基9A購14,0,0,0,0,0,0,0,0,0,-8000,0,0,0,2000,10000,-8000,-8000
058600,國巨元大99購15  ,0,0,0,0,0,0,0,0,0,-8000,0,0,0,140000,148000,-8000,-8000
063751,祥碩國票9C購02  ,0,0,0,0,0,0,0,0,0,-8000,0,0,0,12000,20000,-8000,-8000
063712,高鐵凱基9C購01  ,0,0,0,0,0,0,0,0,0,-8000,0,0,0,60000,68000,-8000,-8000
063588,華新科永豐9B購02,0,0,0,0,0,0,0,0,0,-8000,0,0,0,7000,15000,-8000,-8000
063597,健策中信9B購02  ,0,0,0,0,0,0,0,0,0,-8000,0,0,0,65000,73000,-8000,-8000
063314,美律群益9B購01  ,0,0,0,0,0,0,0,0,0,-8000,0,0,0,60000,68000,-8000,-8000
064393,友訊永豐9C購01  ,0,0,0,0,0,0,0,0,0,-8000,0,0,0,62000,70000,-8000,-8000
064085,儒鴻凱基9C購02  ,0,0,0,0,0,0,0,0,0,-8000,0,0,0,104000,112000,-8000,-8000
063942,台積電元大01購03,0,0,0,0,0,0,0,0,0,-8000,0,0,0,2000,10000,-8000,-8000
061767,信邦元大9B購01  ,0,0,0,0,0,0,0,0,0,-8000,0,0,0,57000,65000,-8000,-8000
062227,南六統一01購02  ,0,0,0,0,0,0,0,0,0,-8000,0,0,0,40000,48000,-8000,-8000
062366,義隆元大9B購04  ,0,0,0,0,0,0,0,0,0,-8000,0,0,0,68000,76000,-8000,-8000
062371,健策元大9B購08  ,0,0,0,0,0,0,0,0,0,-8000,0,0,0,49000,57000,-8000,-8000
062426,大立光統一02購02,0,0,0,0,0,0,0,0,0,-8000,0,0,0,2000,10000,-8000,-8000
062566,嘉晶中信9C購01  ,0,0,0,0,0,0,0,0,0,-8000,0,0,0,5000,13000,-8000,-8000
062909,大立光元大9C購04,0,0,0,0,0,0,0,0,0,-8000,0,0,0,15000,23000,-8000,-8000
6573,虹揚-KY         ,5000,13000,-8000,0,0,0,0,0,0,0,0,0,0,0,0,0,-8000
07759P,臺股指富邦9A售04,0,0,0,0,0,0,0,0,0,-9000,0,0,0,1000,10000,-9000,-9000
06847P,奇力新元大98售05,0,0,0,0,0,0,0,0,0,-9000,0,0,0,0,9000,-9000,-9000
06599P,宏達電永豐98售02,0,0,0,0,0,0,0,0,0,-9000,0,0,0,3000,12000,-9000,-9000
06591P,大立光元大98售14,0,0,0,0,0,0,0,0,0,-9000,0,0,0,0,9000,-9000,-9000
06685P,鴻海國泰9A售01  ,0,0,0,0,0,0,0,0,0,-9000,0,0,0,11000,20000,-9000,-9000
065092,健鼎元大9C購02  ,0,0,0,0,0,0,0,0,0,-9000,0,0,0,0,9000,-9000,-9000
1808,潤隆            ,72000,32000,40000,0,0,0,0,0,0,-49000,0,49000,-49000,0,0,0,-9000
08225P,臺股指凱基9B售20,0,0,0,0,0,0,0,0,0,-9000,0,0,0,46000,55000,-9000,-9000
08075P,聯電群益9C售01  ,0,0,0,0,0,0,0,0,0,-9000,0,0,0,85000,94000,-9000,-9000
2464,盟立            ,55000,51000,4000,0,0,0,0,0,0,-13000,0,0,0,0,13000,-13000,-9000
2433,互盛電          ,3000,1000,2000,0,0,0,0,0,0,-11000,0,11000,-11000,0,0,0,-9000
2109,華豐            ,94000,103000,-9000,0,0,0,0,0,0,0,0,0,0,0,0,0,-9000
055486,國巨元大98購06  ,0,0,0,0,0,0,0,0,0,-9000,0,0,0,0,9000,-9000,-9000
055727,矽力元大97購02  ,0,0,0,0,0,0,0,0,0,-9000,0,0,0,0,9000,-9000,-9000
054152,漢唐國泰98購02  ,0,0,0,0,0,0,0,0,0,-9000,0,0,0,0,9000,-9000,-9000
054137,聯詠元大97購02  ,0,0,0,0,0,0,0,0,0,-9000,0,0,0,2000,11000,-9000,-9000
00709,富邦歐洲        ,0,0,0,0,0,0,0,0,0,-9000,0,0,0,103000,112000,-9000,-9000
052766,玉晶光群益9A購01,0,0,0,0,0,0,0,0,0,-9000,0,0,0,6000,15000,-9000,-9000
057084,立積統一9B購01  ,0,0,0,0,0,0,0,0,0,-9000,0,0,0,9000,18000,-9000,-9000
056890,國巨元大98購11  ,0,0,0,0,0,0,0,0,0,-9000,0,0,0,39000,48000,-9000,-9000
057267,康控兆豐99購01  ,0,0,0,0,0,0,0,0,0,-9000,0,0,0,20000,29000,-9000,-9000
060872,高股息中信02購01,0,0,0,0,0,0,0,0,0,-9000,0,0,0,1000,10000,-9000,-9000
05749P,臺股指群益99售03,0,0,0,0,0,0,0,0,0,-9000,0,0,0,0,9000,-9000,-9000
061162,南電群益9A購02  ,0,0,0,0,0,0,0,0,0,-9000,0,0,0,1000,10000,-9000,-9000
059807,大立光元富99購09,0,15000,-15000,0,0,0,0,0,0,6000,0,0,0,25000,19000,6000,-9000
057949,南電國票99購01  ,0,0,0,0,0,0,0,0,0,-9000,0,0,0,2000,11000,-9000,-9000
058790,楠梓電元大99購03,0,0,0,0,0,0,0,0,0,-9000,0,0,0,27000,36000,-9000,-9000
061620,禾伸堂群益9A購02,0,0,0,0,0,0,0,0,0,-9000,0,0,0,187000,196000,-9000,-9000
06188P,大立光元富97售01,0,0,0,0,0,0,0,0,0,-9000,0,0,0,1000,10000,-9000,-9000
061924,聯發科凱基9C購01,0,0,0,0,0,0,0,0,0,-9000,0,0,0,41000,50000,-9000,-9000
063186,聯發科凱基9C購04,0,0,0,0,0,0,0,0,0,-9000,0,0,0,0,9000,-9000,-9000
062315,健策凱基9C購01  ,0,0,0,0,0,0,0,0,0,-9000,0,0,0,6000,15000,-9000,-9000
064179,上銀富邦01購01  ,0,0,0,0,0,0,0,0,0,-9000,0,0,0,148000,157000,-9000,-9000
064296,奇鋐國票01購01  ,0,0,0,0,0,0,0,0,0,-9000,0,0,0,0,9000,-9000,-9000
064502,大立光元大9C購19,0,0,0,0,0,0,0,0,0,-9000,0,0,0,1000,10000,-9000,-9000
063697,香港反群益9C購01,0,0,0,0,0,0,0,0,0,-9000,0,0,0,70000,79000,-9000,-9000
063739,台勝科元大9B購03,0,0,0,0,0,0,0,0,0,-9000,0,0,0,0,9000,-9000,-9000
063911,大立光凱基9C購03,0,0,0,0,0,0,0,0,0,-9000,0,0,0,12000,21000,-9000,-9000
063891,國巨群益9C購07  ,0,0,0,0,0,0,0,0,0,-9000,0,0,0,250000,259000,-9000,-9000
8940,新天地          ,6000,15000,-9000,0,0,0,0,0,0,0,0,0,0,0,0,0,-9000
8222,寶一            ,19000,28000,-9000,0,0,0,0,0,0,0,0,0,0,0,0,0,-9000
6598,ABC-KY          ,0,9757,-9757,0,0,0,0,0,0,0,0,0,0,0,0,0,-9757
08027P,嘉晶元大9B售03  ,0,0,0,0,0,0,0,0,0,-10000,0,0,0,20000,30000,-10000,-10000
08029P,臺股指元大9B售36,0,0,0,0,0,0,0,0,0,-10000,0,0,0,0,10000,-10000,-10000
07978P,茂林群益9B售02  ,0,0,0,0,0,0,0,0,0,-10000,0,0,0,0,10000,-10000,-10000
07974P,上証2X元大9B售02,0,0,0,0,0,0,0,0,0,-10000,0,0,0,0,10000,-10000,-10000
08003P,國巨國泰9B售07  ,0,0,0,0,0,0,0,0,0,-10000,0,0,0,20000,30000,-10000,-10000
08010P,大成鋼元大9B售01,0,0,0,0,0,0,0,0,0,-10000,0,0,0,0,10000,-10000,-10000
08088P,義隆凱基9B售03  ,0,0,0,0,0,0,0,0,0,-10000,0,0,0,10000,20000,-10000,-10000
08121P,聯發科國票9B售05,0,0,0,0,0,0,0,0,0,-10000,0,0,0,50000,60000,-10000,-10000
08329P,台達電統一9C售02,0,0,0,0,0,0,0,0,0,-10000,0,0,0,10000,20000,-10000,-10000
08350P,臺股指中信9C售06,0,0,0,0,0,0,0,0,0,-10000,0,0,0,15000,25000,-10000,-10000
08395P,燿華永豐9C售02  ,0,0,0,0,0,0,0,0,0,-10000,0,0,0,0,10000,-10000,-10000
08421P,台積電群益9C售10,0,0,0,0,0,0,0,0,0,-10000,0,0,0,0,10000,-10000,-10000
08442P,臺股指麥證01售01,0,0,0,0,10000,-10000,0,0,0,-10000,0,0,0,0,10000,-10000,-10000
065091,亞光元大9C購01  ,0,0,0,0,0,0,0,0,0,-10000,0,0,0,20000,30000,-10000,-10000
065024,華擎永豐9C購01  ,0,0,0,0,0,0,0,0,0,-10000,0,0,0,0,10000,-10000,-10000
064919,嘉晶統一02購02  ,0,0,0,0,0,0,0,0,0,-10000,0,0,0,0,10000,-10000,-10000
064965,臺指反元大03購02,0,0,0,0,0,0,0,0,0,-10000,0,0,0,0,10000,-10000,-10000
064942,道瓊反凱基02購01,0,0,0,0,0,0,0,0,0,-10000,0,0,0,0,10000,-10000,-10000
06723P,台灣50麥證99售01,0,0,0,0,10000,-10000,0,0,0,-10000,0,0,0,0,10000,-10000,-10000
06761P,台積電元大99售05,0,0,0,0,0,0,0,0,0,-10000,0,0,0,0,10000,-10000,-10000
06789P,鴻海凱基98售12  ,0,0,0,0,0,0,0,0,0,-10000,0,0,0,18000,28000,-10000,-10000
06587P,國巨元大98售13  ,0,0,0,0,0,0,0,0,0,-10000,0,0,0,0,10000,-10000,-10000
06644P,亞德客元大98售03,0,0,0,0,0,0,0,0,0,-10000,0,0,0,10000,20000,-10000,-10000
06627P,華新科元富99售01,0,0,0,0,0,0,0,0,0,-10000,0,0,0,6000,16000,-10000,-10000
064675,A50正2兆豐01購01,0,0,0,0,0,0,0,0,0,-10000,0,0,0,0,10000,-10000,-10000
064657,和大元大9C購02  ,0,0,0,0,0,0,0,0,0,-10000,0,0,0,8000,18000,-10000,-10000
064561,友達群益9C購02  ,0,0,0,0,0,0,0,0,0,-10000,0,0,0,0,10000,-10000,-10000
06472P,道瓊銀元大98售03,0,0,0,0,0,0,0,0,0,-10000,0,0,0,0,10000,-10000,-10000
06900P,FBVIX國票12售01 ,0,0,0,0,0,0,0,0,0,-10000,0,0,0,10000,20000,-10000,-10000
06897P,FBVIX群益01售01 ,0,0,0,0,0,0,0,0,0,-10000,0,0,0,0,10000,-10000,-10000
06906P,國巨國泰99售01  ,0,0,0,0,0,0,0,0,0,-10000,0,0,0,0,10000,-10000,-10000
07001P,國巨元大99售12  ,0,0,0,0,0,0,0,0,0,-10000,0,0,0,0,10000,-10000,-10000
06971P,台光電元大99售03,0,0,0,0,0,0,0,0,0,-10000,0,0,0,0,10000,-10000,-10000
07370P,南亞科凱基99售08,0,0,0,0,0,0,0,0,0,-10000,0,0,0,0,10000,-10000,-10000
07426P,上証2X國票9B售01,0,0,0,0,0,0,0,0,0,-10000,0,0,0,300000,310000,-10000,-10000
07258P,台灣50台新9A售01,0,0,0,0,0,0,0,0,0,-10000,0,0,0,0,10000,-10000,-10000
07166P,台灣50兆豐03售01,0,0,0,0,0,0,0,0,0,-10000,0,0,0,0,10000,-10000,-10000
07169P,臺股指國票99售06,0,0,0,0,0,0,0,0,0,-10000,0,0,0,0,10000,-10000,-10000
07761P,智邦永豐9A售03  ,0,0,0,0,0,0,0,0,0,-10000,0,0,0,0,10000,-10000,-10000
07740P,臺股指永豐9A售01,0,0,0,0,0,0,0,0,0,-10000,0,0,0,0,10000,-10000,-10000
07833P,大立光群益9B售02,0,0,0,0,0,0,0,0,0,-10000,0,0,0,21000,31000,-10000,-10000
07921P,鴻海群益9B售04  ,0,0,0,0,0,0,0,0,0,-10000,0,0,0,0,10000,-10000,-10000
07926P,上銀統一9B售02  ,0,0,0,0,0,0,0,0,0,-10000,0,0,0,0,10000,-10000,-10000
07927P,國巨統一9B售08  ,0,0,0,0,0,0,0,0,0,-10000,0,0,0,0,10000,-10000,-10000
07870P,鴻海群益9B售01  ,0,0,0,0,0,0,0,0,0,-10000,0,0,0,0,10000,-10000,-10000
07435P,台積電富邦9C售07,0,0,0,0,0,0,0,0,0,-10000,0,0,0,0,10000,-10000,-10000
07448P,台灣50元大9A售08,0,0,0,0,0,0,0,0,0,-10000,0,0,0,0,10000,-10000,-10000
07503P,禾伸堂元大9A售01,0,0,0,0,0,0,0,0,0,-10000,0,0,0,0,10000,-10000,-10000
07479P,A50正2元富9A售03,0,0,0,0,0,0,0,0,0,-10000,0,0,0,0,10000,-10000,-10000
07514P,台積電元大9A售14,0,0,0,0,0,0,0,0,0,-10000,0,0,0,0,10000,-10000,-10000
07544P,大立光凱基9A售09,0,0,0,0,0,0,0,0,0,-10000,0,0,0,0,10000,-10000,-10000
07564P,臺股指中信01售01,0,0,0,0,0,0,0,0,0,-10000,0,0,0,0,10000,-10000,-10000
07619P,鴻海統一9A售03  ,0,0,0,0,0,0,0,0,0,-10000,0,0,0,0,10000,-10000,-10000
07612P,國巨國泰9B售06  ,0,0,0,0,0,0,0,0,0,-10000,0,0,0,10000,20000,-10000,-10000
057464,大立光永豐98購02,0,0,0,0,0,0,0,0,0,-10000,0,0,0,0,10000,-10000,-10000
057395,旺宏中信98購03  ,0,0,0,0,0,0,0,0,0,-10000,0,0,0,0,10000,-10000,-10000
057396,健鼎中信99購01  ,0,0,0,0,0,0,0,0,0,-10000,0,0,0,10000,20000,-10000,-10000
057569,光磊永豐98購03  ,0,0,0,0,0,0,0,0,0,-10000,0,0,0,0,10000,-10000,-10000
057554,新日興凱基99購02,0,0,0,0,0,0,0,0,0,-10000,0,0,0,77000,87000,-10000,-10000
057636,上銀元大98購06  ,0,0,0,0,0,0,0,0,0,-10000,0,0,0,10000,20000,-10000,-10000
057591,鴻海兆豐99購01  ,0,0,0,0,0,0,0,0,0,-10000,0,0,0,0,10000,-10000,-10000
057790,台積電統一99購04,0,0,0,0,0,0,0,0,0,-10000,0,0,0,1000,11000,-10000,-10000
057624,新日興國泰99購01,0,0,0,0,0,0,0,0,0,-10000,0,0,0,46000,56000,-10000,-10000
056569,T50正2元大9B購02,0,0,0,0,0,0,0,0,0,-10000,0,0,0,0,10000,-10000,-10000
061232,和大元大9A購03  ,0,0,0,0,0,0,0,0,0,-10000,0,0,0,0,10000,-10000,-10000
061138,晶技統一9C購01  ,0,0,0,0,0,0,0,0,0,-10000,0,0,0,0,10000,-10000,-10000
061066,嘉晶凱基9B購01  ,0,0,0,0,0,0,0,0,0,-10000,0,0,0,40000,50000,-10000,-10000
061057,華新科國票9A購04,0,0,0,0,0,0,0,0,0,-10000,0,0,0,0,10000,-10000,-10000
057284,新日興元大98購03,0,0,0,0,0,0,0,0,0,-10000,0,0,0,0,10000,-10000,-10000
056602,嘉澤國泰99購01  ,0,0,0,0,0,0,0,0,0,-10000,0,0,0,0,10000,-10000,-10000
056457,嘉澤凱基98購01  ,0,0,0,0,0,0,0,0,0,-10000,0,0,0,10000,20000,-10000,-10000
05620P,大立光富邦9B售01,0,0,0,0,0,0,0,0,0,-10000,0,0,0,0,10000,-10000,-10000
056219,T50反1日盛02購01,0,0,0,0,0,0,0,0,0,-10000,0,0,0,0,10000,-10000,-10000
056026,智易群益97購01  ,0,0,0,0,0,0,0,0,0,-10000,0,0,0,0,10000,-10000,-10000
056834,華新元富99購01  ,0,0,0,0,0,0,0,0,0,-10000,0,0,0,0,10000,-10000,-10000
056810,群創統一9A購01  ,0,0,0,0,0,0,0,0,0,-10000,0,0,0,0,10000,-10000,-10000
057081,大立光統一98購07,0,0,0,0,0,0,0,0,0,-10000,0,0,0,0,10000,-10000,-10000
057078,國巨統一9A購02  ,0,0,0,0,0,0,0,0,0,-10000,0,0,0,0,10000,-10000,-10000
057035,元油2X元大9B購03,0,0,0,0,0,0,0,0,0,-10000,0,0,0,0,10000,-10000,-10000
057023,美律凱基99購02  ,0,0,0,0,0,0,0,0,0,-10000,0,0,0,50000,60000,-10000,-10000
052694,開發金中信98購01,0,0,0,0,0,0,0,0,0,-10000,0,0,0,0,10000,-10000,-10000
052004,泰碩國泰97購03  ,0,0,0,0,0,0,0,0,0,-10000,0,0,0,0,10000,-10000,-10000
05304P,國巨國泰97售02  ,0,0,0,0,0,0,0,0,0,-10000,0,0,0,282000,292000,-10000,-10000
052077,可成元富98購02  ,0,0,0,0,0,0,0,0,0,-10000,0,0,0,0,10000,-10000,-10000
03012X,元展12          ,0,0,0,0,0,0,0,0,0,-10000,0,0,0,0,10000,-10000,-10000
054928,帆宣凱基98購01  ,0,0,0,0,0,0,0,0,0,-10000,0,0,0,0,10000,-10000,-10000
05362P,可成富邦97售02  ,0,0,0,0,0,0,0,0,0,-10000,0,0,0,0,10000,-10000,-10000
053630,奇鋐兆豐97購01  ,0,0,0,0,0,0,0,0,0,-10000,0,0,0,0,10000,-10000,-10000
053591,大立光元大99購03,0,0,0,0,0,0,0,0,0,-10000,0,0,0,0,10000,-10000,-10000
053965,聯電元大98購04  ,0,0,0,0,0,0,0,0,0,-10000,0,0,0,10000,20000,-10000,-10000
03429B,臺股指元富97熊07,0,0,0,0,0,0,0,0,0,-10000,0,0,0,0,10000,-10000,-10000
045189,大立光元富98購01,0,0,0,0,0,0,0,0,0,-10000,0,0,0,0,10000,-10000,-10000
054864,聯發科群益97購02,0,0,0,0,0,0,0,0,0,-10000,0,0,0,0,10000,-10000,-10000
054874,帆宣群益99購02  ,0,0,0,0,0,0,0,0,0,-10000,0,0,0,0,10000,-10000,-10000
054806,台化元大9A購01  ,0,0,0,0,0,0,0,0,0,-10000,0,0,0,0,10000,-10000,-10000
048010,嘉聯益富邦97購01,0,0,0,0,0,0,0,0,0,-10000,0,0,0,0,10000,-10000,-10000
054478,可成中信97購01  ,0,0,0,0,0,0,0,0,0,-10000,0,0,0,0,10000,-10000,-10000
055607,華通康和97購01  ,0,0,0,0,0,0,0,0,0,-10000,0,0,0,0,10000,-10000,-10000
055615,宏達電國票99購02,0,0,0,0,0,0,0,0,0,-10000,0,0,0,10000,20000,-10000,-10000
053274,旺宏元大98購03  ,0,0,0,0,0,0,0,0,0,-10000,0,0,0,0,10000,-10000,-10000
053114,聯茂兆豐97購01  ,0,0,0,0,0,0,0,0,0,-10000,0,0,0,0,10000,-10000,-10000
055363,緯穎凱基98購03  ,0,0,0,0,0,0,0,0,0,-10000,0,0,0,0,10000,-10000,-10000
055359,超眾凱基97購01  ,0,0,0,0,0,0,0,0,0,-10000,0,0,0,0,10000,-10000,-10000
055334,禾伸堂兆豐97購01,0,0,0,0,0,0,0,0,0,-10000,0,0,0,0,10000,-10000,-10000
054717,亞德客永豐97購01,0,0,0,0,0,0,0,0,0,-10000,0,0,0,0,10000,-10000,-10000
055288,日電貿元大97購02,0,0,0,0,0,0,0,0,0,-10000,0,0,0,0,10000,-10000,-10000
054778,世紀鋼國票99購01,0,0,0,0,0,0,0,0,0,-10000,0,0,0,0,10000,-10000,-10000
055781,聯詠凱基98購01  ,0,0,0,0,0,0,0,0,0,-10000,0,0,0,0,10000,-10000,-10000
055693,南茂凱基97購01  ,0,0,0,0,0,0,0,0,0,-10000,0,0,0,0,10000,-10000,-10000
055892,國巨統一99購01  ,0,0,0,0,0,0,0,0,0,-10000,0,0,0,0,10000,-10000,-10000
055625,亞光富邦98購01  ,0,0,0,0,0,0,0,0,0,-10000,0,0,0,0,10000,-10000,-10000
055668,欣興群益97購01  ,0,0,0,0,0,0,0,0,0,-10000,0,0,0,0,10000,-10000,-10000
055474,欣興凱基97購05  ,0,0,0,0,0,0,0,0,0,-10000,0,0,0,0,10000,-10000,-10000
053500,新日興兆豐97購01,0,0,0,0,0,0,0,0,0,-10000,0,0,0,0,10000,-10000,-10000
053361,友達元富99購01  ,0,0,0,0,0,0,0,0,0,-10000,0,0,0,0,10000,-10000,-10000
053377,台積電元大98購01,0,0,0,0,0,0,0,0,0,-10000,0,0,0,0,10000,-10000,-10000
061930,臺股指凱基9B購05,0,0,0,0,0,0,0,0,0,-10000,0,0,0,0,10000,-10000,-10000
061688,華通群益9A購07  ,0,0,0,0,0,0,0,0,0,-10000,0,0,0,0,10000,-10000,-10000
061807,元金2X統一9B購01,0,0,0,0,0,0,0,0,0,-10000,0,0,0,0,10000,-10000,-10000
061704,景碩國票9A購01  ,0,0,0,0,0,0,0,0,0,-10000,0,0,0,90000,100000,-10000,-10000
06168P,台表科國票97售06,0,0,0,0,0,0,0,0,0,-10000,0,0,0,10000,20000,-10000,-10000
061503,臻鼎國票9B購01  ,0,0,0,0,0,0,0,0,0,-10000,0,0,0,0,10000,-10000,-10000
061548,聯詠群益9A購02  ,0,0,0,0,0,0,0,0,0,-10000,0,0,0,0,10000,-10000,-10000
060693,台積電麥證9A購02,0,0,0,0,10000,-10000,0,0,0,-10000,0,0,0,0,10000,-10000,-10000
060782,道瓊指富邦9C購01,0,0,0,0,0,0,0,0,0,-10000,0,0,0,0,10000,-10000,-10000
060775,世芯凱基9A購02  ,0,0,0,0,0,0,0,0,0,-10000,0,0,0,0,10000,-10000,-10000
059871,義隆凱基99購03  ,0,0,0,0,0,0,0,0,0,-10000,0,0,0,4000,14000,-10000,-10000
060033,臻鼎永豐99購01  ,0,0,0,0,0,0,0,0,0,-10000,0,0,0,0,10000,-10000,-10000
060320,元金2X群益02購01,0,0,0,0,0,0,0,0,0,-10000,0,0,0,0,10000,-10000,-10000
060425,凌華永豐9A購01  ,0,0,0,0,0,0,0,0,0,-10000,0,0,0,0,10000,-10000,-10000
060485,華新科富邦9C購04,0,0,0,0,0,0,0,0,0,-10000,0,0,0,3000,13000,-10000,-10000
057922,華新科凱基99購01,0,0,0,0,0,0,0,0,0,-10000,0,0,0,30000,40000,-10000,-10000
058835,元油2X中信9C購02,0,0,0,0,0,0,0,0,0,-10000,0,0,0,0,10000,-10000,-10000
058828,大毅永豐99購01  ,0,0,0,0,0,0,0,0,0,-10000,0,0,0,0,10000,-10000,-10000
058904,晶技元大99購05  ,0,0,0,0,0,0,0,0,0,-10000,0,0,0,10000,20000,-10000,-10000
059032,元石油群益9C購03,0,0,0,0,0,0,0,0,0,-10000,0,0,0,0,10000,-10000,-10000
059034,華通群益9B購02  ,0,0,0,0,0,0,0,0,0,-10000,0,0,0,25000,35000,-10000,-10000
059062,群創凱基99購05  ,0,0,0,0,0,0,0,0,0,-10000,0,0,0,0,10000,-10000,-10000
058982,台積電凱基99購08,0,0,0,0,0,0,0,0,0,-10000,0,0,0,2000,12000,-10000,-10000
059784,台光電元大9A購01,0,0,0,0,0,0,0,0,0,-10000,0,0,0,12000,22000,-10000,-10000
059691,大立光永豐99購02,0,0,0,0,0,0,0,0,0,-10000,0,0,0,10000,20000,-10000,-10000
059129,麗豐中信99購01  ,0,0,0,0,0,0,0,0,0,-10000,0,0,0,20000,30000,-10000,-10000
059137,電子類群益99購01,0,0,0,0,0,0,0,0,0,-10000,0,0,0,0,10000,-10000,-10000
061198,世紀鋼永豐9A購03,0,0,0,0,0,0,0,0,0,-10000,0,0,0,0,10000,-10000,-10000
058616,台虹元大9A購01  ,0,0,0,0,0,0,0,0,0,-10000,0,0,0,0,10000,-10000,-10000
058648,聯陽永豐99購01  ,0,0,0,0,0,0,0,0,0,-10000,0,0,0,0,10000,-10000,-10000
059347,京鼎凱基99購02  ,0,0,0,0,0,0,0,0,0,-10000,0,0,0,0,10000,-10000,-10000
060823,旺宏元大9A購05  ,0,0,0,0,0,0,0,0,0,-10000,0,0,0,40000,50000,-10000,-10000
060846,欣興國票9A購02  ,0,0,0,0,0,0,0,0,0,-10000,0,0,0,0,10000,-10000,-10000
060852,京鼎國泰9B購01  ,0,0,0,0,0,0,0,0,0,-10000,0,0,0,0,10000,-10000,-10000
061407,鴻海國票9A購07  ,0,0,0,0,0,0,0,0,0,-10000,0,0,0,0,10000,-10000,-10000
061421,台積電元大9A購29,0,0,0,0,0,0,0,0,0,-10000,0,0,0,20000,30000,-10000,-10000
058290,南電國票9A購01  ,0,0,0,0,0,0,0,0,0,-10000,0,0,0,1000,11000,-10000,-10000
058267,奇鋐永豐99購01  ,0,0,0,0,0,0,0,0,0,-10000,0,0,0,12000,22000,-10000,-10000
058230,國巨元大99購11  ,0,0,0,0,0,0,0,0,0,-10000,0,0,0,15000,25000,-10000,-10000
058502,鴻海元大99購13  ,0,0,0,0,0,0,0,0,0,-10000,0,0,0,0,10000,-10000,-10000
058519,嘉澤元大99購01  ,0,0,0,0,0,0,0,0,0,-10000,0,0,0,16000,26000,-10000,-10000
063681,深中小永豐9B購01,0,0,0,0,0,0,0,0,0,-10000,0,0,0,0,10000,-10000,-10000
06339P,上銀統一97售06  ,0,0,0,0,0,0,0,0,0,-10000,0,0,0,0,10000,-10000,-10000
064483,瑞儀永豐9C購01  ,0,0,0,0,0,0,0,0,0,-10000,0,0,0,0,10000,-10000,-10000
064429,鴻海凱基03購03  ,0,0,0,0,0,0,0,0,0,-10000,0,0,0,69000,79000,-10000,-10000
064320,台灣50元大9C購39,0,0,0,0,0,0,0,0,0,-10000,0,0,0,0,10000,-10000,-10000
064337,大毅元大01購02  ,0,0,0,0,0,0,0,0,0,-10000,0,0,0,45000,55000,-10000,-10000
064240,群創統一02購02  ,0,0,0,0,0,0,0,0,0,-10000,0,0,0,0,10000,-10000,-10000
064007,嘉澤凱基02購01  ,0,0,0,0,0,0,0,0,0,-10000,0,0,0,0,10000,-10000,-10000
063991,南六永豐9C購02  ,0,0,0,0,0,0,0,0,0,-10000,0,0,0,0,10000,-10000,-10000
064083,群創中信06購01  ,0,0,0,0,0,0,0,0,0,-10000,0,0,0,0,10000,-10000,-10000
062389,台表科國泰01購01,0,0,0,0,0,0,0,0,0,-10000,0,0,0,0,10000,-10000,-10000
062390,元黃金富邦9C購01,0,0,0,0,0,0,0,0,0,-10000,0,0,0,0,10000,-10000,-10000
062463,世紀鋼麥證9B購01,0,0,0,0,10000,-10000,0,0,0,-10000,0,0,0,0,10000,-10000,-10000
062579,華通統一01購02  ,0,0,0,0,0,0,0,0,0,-10000,0,0,0,4000,14000,-10000,-10000
062610,啟碁凱基9B購01  ,0,0,0,0,0,0,0,0,0,-10000,0,0,0,40000,50000,-10000,-10000
062483,致新國票9B購01  ,0,0,0,0,0,0,0,0,0,-10000,0,0,0,10000,20000,-10000,-10000
062284,華擎群益9C購03  ,0,0,0,0,0,0,0,0,0,-10000,0,0,0,0,10000,-10000,-10000
062068,滬深2X元大9B購02,0,0,0,0,0,0,0,0,0,-10000,0,0,0,0,10000,-10000,-10000
063297,臺指反凱基02購01,0,0,0,0,0,0,0,0,0,-10000,0,0,0,0,10000,-10000,-10000
063128,智伸科元大9B購01,0,0,0,0,0,0,0,0,0,-10000,0,0,0,50000,60000,-10000,-10000
063083,聯發科凱基01購02,0,0,0,0,0,0,0,0,0,-10000,0,0,0,0,10000,-10000,-10000
062929,SP黃豆統一9B購01,0,0,0,0,0,0,0,0,0,-10000,0,0,0,0,10000,-10000,-10000
062738,可成國票9B購02  ,0,0,0,0,0,0,0,0,0,-10000,0,0,0,0,10000,-10000,-10000
062739,嘉晶國票9B購02  ,0,0,0,0,0,0,0,0,0,-10000,0,0,0,0,10000,-10000,-10000
062783,大立光元大9C購03,0,0,0,0,0,0,0,0,0,-10000,0,0,0,0,10000,-10000,-10000
6215,和椿            ,9000,19000,-10000,0,0,0,0,0,0,0,0,0,0,0,0,0,-10000
9188,精熙-DR         ,0,10000,-10000,0,0,0,0,0,0,0,0,0,0,0,0,0,-10000
07891P,臺股指國票9B售01,0,0,0,0,0,0,0,0,0,-11000,0,0,0,9000,20000,-11000,-11000
07103P,南電元大99售04  ,0,0,0,0,0,0,0,0,0,-11000,0,0,0,25000,36000,-11000,-11000
06991P,矽創群益99售01  ,0,0,0,0,0,0,0,0,0,-11000,0,0,0,19000,30000,-11000,-11000
06984P,上銀富邦9B售01  ,0,0,0,0,0,0,0,0,0,-11000,0,0,0,57000,68000,-11000,-11000
064927,瀚宇博統一02購01,0,0,0,0,0,0,0,0,0,-11000,0,0,0,0,11000,-11000,-11000
06527P,T50正2富邦9C售01,0,0,0,0,0,0,0,0,0,-11000,0,0,0,0,11000,-11000,-11000
1442,名軒            ,18000,29000,-11000,0,0,0,0,0,0,0,0,0,0,0,0,0,-11000
1444,力麗            ,713000,723000,-10000,0,0,0,0,0,0,-1000,0,1000,-1000,0,0,0,-11000
07968P,國巨元大9B售09  ,0,0,0,0,0,0,0,0,0,-11000,0,0,0,0,11000,-11000,-11000
07982P,全新群益9B售04  ,0,0,0,0,0,0,0,0,0,-11000,0,0,0,0,11000,-11000,-11000
2420,新巨            ,49000,44000,5000,0,0,0,0,0,0,-16000,0,16000,-16000,0,0,0,-11000
2816,旺旺保          ,14000,25000,-11000,0,0,0,0,0,0,0,0,0,0,0,0,0,-11000
6115,鎰勝            ,9000,0,9000,0,0,0,0,0,0,-20000,0,20000,-20000,0,0,0,-11000
4720,德淵            ,126000,137000,-11000,0,0,0,0,0,0,0,0,0,0,0,0,0,-11000
054770,健策國票98購01  ,0,0,0,0,0,0,0,0,0,-11000,0,0,0,105000,116000,-11000,-11000
054061,晶技國票97購03  ,0,0,0,0,0,0,0,0,0,-11000,0,0,0,0,11000,-11000,-11000
050485,國巨統一96購01  ,0,0,0,0,0,0,0,0,0,-11000,0,0,0,440000,451000,-11000,-11000
05670P,台積電國票98售01,0,0,0,0,0,0,0,0,0,-11000,0,0,0,0,11000,-11000,-11000
057705,臺股指群益98購05,0,0,0,0,0,0,0,0,0,-11000,0,0,0,5000,16000,-11000,-11000
056542,緯創凱基98購01  ,0,0,0,0,0,0,0,0,0,-11000,0,0,0,10000,21000,-11000,-11000
058371,智原凱基9A購01  ,0,0,0,0,0,0,0,0,0,-11000,0,0,0,36000,47000,-11000,-11000
061378,南六永豐9A購03  ,0,0,0,0,0,0,0,0,0,-11000,0,0,0,61000,72000,-11000,-11000
060220,華新科凱基9A購08,0,0,0,0,0,0,0,0,0,-11000,0,0,0,6000,17000,-11000,-11000
060759,南亞科元大9A購03,0,0,0,0,0,0,0,0,0,-11000,0,0,0,10000,21000,-11000,-11000
060574,高股息中信9C購01,0,0,0,0,0,0,0,0,0,-11000,0,0,0,0,11000,-11000,-11000
061536,華擎統一9C購02  ,0,0,0,0,0,0,0,0,0,-11000,0,0,0,55000,66000,-11000,-11000
059560,T50反1凱基99購08,0,0,0,0,0,0,0,0,0,-11000,0,0,0,0,11000,-11000,-11000
061648,緯穎元大9A購04  ,0,0,0,0,0,0,0,0,0,-11000,0,0,0,0,11000,-11000,-11000
061925,禾伸堂凱基9C購01,0,0,0,0,0,0,0,0,0,-11000,0,0,0,108000,119000,-11000,-11000
062854,日電貿永豐9B購01,0,0,0,0,0,0,0,0,0,-11000,0,0,0,0,11000,-11000,-11000
062411,玉晶光第一9B購01,0,0,0,0,0,0,0,0,0,-11000,0,0,0,304000,315000,-11000,-11000
064048,大立光統一9C購07,0,0,0,0,0,0,0,0,0,-11000,0,0,0,13000,24000,-11000,-11000
06416P,大立光群益97售06,0,0,0,0,0,0,0,0,0,-11000,0,0,0,0,11000,-11000,-11000
064348,TPK元大9C購03   ,0,0,0,0,0,0,0,0,0,-11000,0,0,0,40000,51000,-11000,-11000
064353,力成元大9C購02  ,0,0,0,0,0,0,0,0,0,-11000,0,0,0,42000,53000,-11000,-11000
063743,道瓊反國票9C購02,0,0,0,0,0,0,0,0,0,-11000,0,0,0,0,11000,-11000,-11000
912000,晨訊科-DR       ,0,11000,-11000,0,0,0,0,0,0,0,0,0,0,0,0,0,-11000
6477,安集            ,3000,6000,-3000,0,0,0,0,0,0,-8000,0,8000,-8000,0,0,0,-11000
08083P,健策元大9C售05  ,0,0,0,0,0,0,0,0,0,-12000,0,0,0,18000,30000,-12000,-12000
08086P,燿華凱基9B售03  ,0,0,0,0,0,0,0,0,0,-12000,0,0,0,0,12000,-12000,-12000
08341P,國泰金台新9C售01,0,0,0,0,0,0,0,0,0,-12000,0,0,0,68000,80000,-12000,-12000
08449P,華新科群益9C售03,0,0,0,0,0,0,0,0,0,-12000,0,0,0,40000,52000,-12000,-12000
06500P,臺股指元大9A售05,0,0,0,0,0,0,0,0,0,-12000,0,0,0,0,12000,-12000,-12000
06825P,臺股指國票98售01,0,0,0,0,0,0,0,0,0,-12000,0,0,0,0,12000,-12000,-12000
06880P,鈺齊凱基98售03  ,0,0,0,0,0,0,0,0,0,-12000,0,0,0,0,12000,-12000,-12000
07786P,南電中信9C售01  ,0,0,0,0,0,0,0,0,0,-12000,0,0,0,0,12000,-12000,-12000
07754P,日月光元大9A售02,0,0,0,0,0,0,0,0,0,-12000,0,0,0,0,12000,-12000,-12000
07780P,美律凱基9A售02  ,0,0,0,0,0,0,0,0,0,-12000,0,0,0,18000,30000,-12000,-12000
057456,道瓊銀富邦9C購01,0,0,0,0,0,0,0,0,0,-12000,0,0,0,25000,37000,-12000,-12000
060999,國巨兆豐9A購01  ,0,0,0,0,0,0,0,0,0,-12000,0,0,0,29000,41000,-12000,-12000
060945,緯穎國票9A購02  ,0,0,0,0,0,0,0,0,0,-12000,0,0,0,9000,21000,-12000,-12000
057363,華通元大99購02  ,0,0,0,0,0,0,0,0,0,-12000,0,0,0,1000,13000,-12000,-12000
056271,嘉澤統一97購01  ,0,0,0,0,0,0,0,0,0,-12000,0,0,0,16000,28000,-12000,-12000
006206,元大上證50      ,30000,207000,-177000,0,0,0,0,0,0,165000,210000,70000,140000,151000,126000,25000,-12000
054296,世芯元大97購01  ,0,0,0,0,0,0,0,0,0,-12000,0,0,0,1000,13000,-12000,-12000
055384,緯穎元大98購02  ,0,0,0,0,0,0,0,0,0,-12000,0,0,0,10000,22000,-12000,-12000
055489,瑞昱元大97購02  ,0,0,0,0,0,0,0,0,0,-12000,0,0,0,0,12000,-12000,-12000
061858,南電國票9B購02  ,0,0,0,0,0,0,0,0,0,-12000,0,0,0,4000,16000,-12000,-12000
057874,可成元大99購02  ,0,0,0,0,0,0,0,0,0,-12000,0,0,0,76000,88000,-12000,-12000
060679,聯詠元大9A購04  ,0,0,0,0,0,0,0,0,0,-12000,0,0,0,3000,15000,-12000,-12000
061373,華通富邦9A購02  ,0,0,0,0,0,0,0,0,0,-12000,0,0,0,277000,289000,-12000,-12000
060251,易華電元大9C購01,0,0,0,0,0,0,0,0,0,-12000,0,0,0,9000,21000,-12000,-12000
057941,聯電國票99購01  ,0,0,0,0,0,0,0,0,0,-12000,0,0,0,18000,30000,-12000,-12000
063920,大立光元富03購02,0,0,0,0,0,0,0,0,0,-12000,0,0,0,5000,17000,-12000,-12000
063781,健策永豐9B購08  ,0,0,0,0,0,0,0,0,0,-12000,0,0,0,0,12000,-12000,-12000
064470,世紀鋼元富03購01,0,0,0,0,0,0,0,0,0,-12000,0,0,0,0,12000,-12000,-12000
064225,健策國票01購02  ,0,0,0,0,0,0,0,0,0,-12000,0,0,0,0,12000,-12000,-12000
064060,同欣電麥證01購01,0,0,0,64000,76000,-12000,0,0,0,-12000,0,0,0,64000,76000,-12000,-12000
062261,嘉晶元大9B購02  ,0,0,0,0,0,0,0,0,0,-12000,0,0,0,0,12000,-12000,-12000
062150,南六國票9B購01  ,0,0,0,0,0,0,0,0,0,-12000,0,0,0,2000,14000,-12000,-12000
062903,燿華元大9B購04  ,0,0,0,0,0,0,0,0,0,-12000,0,0,0,125000,137000,-12000,-12000
062989,鴻海群益9B購07  ,0,0,0,0,0,0,0,0,0,-12000,0,0,0,0,12000,-12000,-12000
063062,群創元富9B購01  ,0,0,0,0,0,0,0,0,0,-12000,0,0,0,42000,54000,-12000,-12000
063286,嘉澤元大9B購04  ,0,0,0,0,0,0,0,0,0,-12000,0,0,0,50000,62000,-12000,-12000
6552,易華電          ,38000,50000,-12000,0,0,0,0,0,0,0,0,0,0,0,0,0,-12000
07818P,台積電國票9C售01,0,0,0,0,0,0,0,0,0,-13000,0,0,0,68000,81000,-13000,-13000
07871P,台積電群益9C售02,0,0,0,0,0,0,0,0,0,-13000,0,0,0,20000,33000,-13000,-13000
06956P,國巨日盛99售04  ,0,0,0,0,0,0,0,0,0,-13000,0,0,0,32000,45000,-13000,-13000
06725P,聯電元富98售01  ,0,0,0,0,0,0,0,0,0,-13000,0,0,0,114000,127000,-13000,-13000
1440,南紡            ,36000,49000,-13000,0,0,0,0,0,0,0,0,0,0,0,0,0,-13000
08095P,大立光元富9B售03,0,0,0,0,0,0,0,0,0,-13000,0,0,0,41000,54000,-13000,-13000
08182P,金像電永豐9B售01,0,0,0,0,0,0,0,0,0,-13000,0,0,0,0,13000,-13000,-13000
08014P,微星凱基9B售02  ,0,0,0,0,0,0,0,0,0,-13000,0,0,0,67000,80000,-13000,-13000
054556,世芯凱基99購01  ,0,0,0,0,0,0,0,0,0,-13000,0,0,0,375000,388000,-13000,-13000
055114,新日興凱基98購01,0,0,0,0,0,0,0,0,0,-13000,0,0,0,47000,60000,-13000,-13000
056044,同欣電凱基97購03,0,0,0,0,0,0,0,0,0,-13000,0,0,0,50000,63000,-13000,-13000
060929,健策永豐9A購01  ,0,0,0,0,0,0,0,0,0,-13000,0,0,0,0,13000,-13000,-13000
059266,緯創中信01購01  ,0,0,0,0,0,0,0,0,0,-13000,0,0,0,0,13000,-13000,-13000
061103,聯發科元大9A購08,0,0,0,0,0,0,0,0,0,-13000,0,0,0,0,13000,-13000,-13000
05750P,臺股指群益99售04,0,0,0,0,0,0,0,0,0,-13000,0,0,0,17000,30000,-13000,-13000
057582,亞光中信9A購02  ,0,0,0,0,0,0,0,0,0,-13000,0,0,0,0,13000,-13000,-13000
057928,鈺齊凱基98購02  ,0,0,0,0,0,0,0,0,0,-13000,0,0,0,47000,60000,-13000,-13000
059068,台虹國票9A購01  ,0,0,0,0,0,0,0,0,0,-13000,0,0,0,19000,32000,-13000,-13000
059456,智易永豐99購01  ,0,0,0,0,0,0,0,0,0,-13000,0,0,0,9000,22000,-13000,-13000
061394,FBVIX統一9B購01 ,0,0,0,0,0,0,0,0,0,-13000,0,0,0,12000,25000,-13000,-13000
058632,世紀鋼國票9A購01,0,0,0,0,0,0,0,0,0,-13000,0,0,0,1000,14000,-13000,-13000
058376,貿聯凱基9A購01  ,0,0,0,0,0,0,0,0,0,-13000,0,0,0,155000,168000,-13000,-13000
061412,儒鴻群益9A購01  ,0,0,0,0,0,0,0,0,0,-13000,0,0,0,1000,14000,-13000,-13000
05954P,旺宏國票97售03  ,0,0,0,0,0,0,0,0,0,-13000,0,0,0,0,13000,-13000,-13000
061465,聯詠群益9A購01  ,0,0,0,0,0,0,0,0,0,-13000,0,0,0,0,13000,-13000,-13000
06269P,群創凱基98售10  ,0,0,0,0,0,0,0,0,0,-13000,0,0,0,0,13000,-13000,-13000
062121,奇鋐台新9B購01  ,0,0,0,0,0,0,0,0,0,-13000,0,0,0,2000,15000,-13000,-13000
062232,聯詠麥證9C購01  ,0,0,0,11000,24000,-13000,0,0,0,-13000,0,0,0,11000,24000,-13000,-13000
062084,台郡元大9B購04  ,0,0,0,0,0,0,0,0,0,-13000,0,0,0,85000,98000,-13000,-13000
064078,台積電中信06購04,0,0,0,0,0,0,0,0,0,-13000,0,0,0,7000,20000,-13000,-13000
08096P,大立光元富9B售04,0,0,0,0,0,0,0,0,0,-14000,0,0,0,57000,71000,-14000,-14000
08131P,立積元大9B售02  ,0,0,0,0,0,0,0,0,0,-14000,0,0,0,6000,20000,-14000,-14000
08373P,大立光凱基01售05,0,0,0,0,0,0,0,0,0,-14000,0,0,0,1000,15000,-14000,-14000
08309P,GIS凱基9C售01   ,0,0,0,0,0,0,0,0,0,-14000,0,0,0,21000,35000,-14000,-14000
08246P,亞德客群益01售01,0,0,0,0,0,0,0,0,0,-14000,0,0,0,5000,19000,-14000,-14000
065050,世芯凱基9C購01  ,0,0,0,0,0,0,0,0,0,-14000,0,0,0,1000,15000,-14000,-14000
06471P,臺股指凱基99售11,0,0,0,0,0,0,0,0,0,-14000,0,0,0,1000,15000,-14000,-14000
064674,鈺齊元大9C購01  ,0,0,0,0,0,0,0,0,0,-14000,0,0,0,4000,18000,-14000,-14000
06862P,大立光凱基98售16,0,0,0,0,0,0,0,0,0,-14000,0,0,0,0,14000,-14000,-14000
07137P,大立光中信9B售01,0,0,0,0,0,0,0,0,0,-14000,0,0,0,0,14000,-14000,-14000
07956P,鴻海群益9B售06  ,0,0,0,0,0,0,0,0,0,-14000,0,0,0,0,14000,-14000,-14000
056519,創意國票99購01  ,0,0,0,0,0,0,0,0,0,-14000,0,0,0,24000,38000,-14000,-14000
057647,欣興元大98購10  ,0,0,0,0,0,0,0,0,0,-14000,0,0,0,80000,94000,-14000,-14000
056079,世紀鋼元大97購02,0,0,0,0,0,0,0,0,0,-14000,0,0,0,1000,15000,-14000,-14000
056980,建準群益98購02  ,0,0,0,0,0,0,0,0,0,-14000,0,0,0,11000,25000,-14000,-14000
048186,元黃金元大96購01,0,0,0,0,0,0,0,0,0,-14000,0,0,0,0,14000,-14000,-14000
049024,玉晶光群益97購01,0,0,0,0,0,0,0,0,0,-14000,0,0,0,3000,17000,-14000,-14000
051292,牧德統一97購01  ,0,0,0,0,0,0,0,0,0,-14000,0,0,0,46000,60000,-14000,-14000
054259,健策元大97購03  ,0,0,0,0,0,0,0,0,0,-14000,0,0,0,0,14000,-14000,-14000
058136,景碩元大99購02  ,0,0,0,0,0,0,0,0,0,-14000,0,0,0,60000,74000,-14000,-14000
058088,鴻海元大9A購01  ,0,0,0,0,0,0,0,0,0,-14000,0,0,0,0,14000,-14000,-14000
058051,同欣電元大98購03,0,0,0,0,0,0,0,0,0,-14000,0,0,0,78000,92000,-14000,-14000
061663,南六永豐9A購05  ,0,0,0,0,0,0,0,0,0,-14000,0,0,0,54000,68000,-14000,-14000
060467,神基元大9A購01  ,0,0,0,0,0,0,0,0,0,-14000,0,0,0,86000,100000,-14000,-14000
06139P,台積電中信99售02,0,0,0,0,0,0,0,0,0,-14000,0,0,0,1000,15000,-14000,-14000
058160,奇鋐元富99購01  ,0,0,0,0,0,0,0,0,0,-14000,0,0,0,65000,79000,-14000,-14000
058272,超眾永豐9A購01  ,0,0,0,0,0,0,0,0,0,-14000,0,0,0,41000,55000,-14000,-14000
059095,訊芯元大99購01  ,0,0,0,0,0,0,0,0,0,-14000,0,0,0,0,14000,-14000,-14000
058702,國巨元大99購16  ,0,0,0,0,0,0,0,0,0,-14000,0,0,0,56000,70000,-14000,-14000
063955,TPK元大9C購01   ,0,0,0,0,0,0,0,0,0,-14000,0,0,0,3000,17000,-14000,-14000
6243,迅杰            ,3000,17000,-14000,0,0,0,0,0,0,0,0,0,0,0,0,0,-14000
1558,伸興            ,35000,55500,-20500,0,0,0,0,0,0,6000,6000,0,6000,0,0,0,-14500
08461P,長榮航國票9C售01,0,0,0,0,0,0,0,0,0,-15000,0,0,0,70000,85000,-15000,-15000
08412P,群創凱基01售03  ,0,0,0,0,0,0,0,0,0,-15000,0,0,0,0,15000,-15000,-15000
08207P,金像電群益9B售05,0,0,0,0,0,0,0,0,0,-15000,0,0,0,182000,197000,-15000,-15000
08193P,同欣電國票9C售02,0,0,0,0,0,0,0,0,0,-15000,0,0,0,5000,20000,-15000,-15000
08028P,臺股指元大9B售30,0,0,0,0,0,0,0,0,0,-15000,0,0,0,5000,20000,-15000,-15000
4137,麗豐-KY         ,108000,76000,32000,0,0,0,0,63000,-63000,16000,0,0,0,20000,4000,16000,-15000
2908,特力            ,37000,52000,-15000,0,0,0,0,0,0,0,0,0,0,0,0,0,-15000
2459,敦吉            ,17000,24000,-7000,0,0,0,0,0,0,-8000,0,8000,-8000,0,0,0,-15000
2477,美隆電          ,3000,1000,2000,0,0,0,0,0,0,-17000,0,17000,-17000,0,0,0,-15000
07875P,祥碩群益9B售01  ,0,0,0,0,0,0,0,0,0,-15000,0,0,0,0,15000,-15000,-15000
07878P,智邦群益9C售01  ,0,0,0,0,0,0,0,0,0,-15000,0,0,0,0,15000,-15000,-15000
07637P,國巨國票9A售08  ,0,0,0,0,0,0,0,0,0,-15000,0,0,0,0,15000,-15000,-15000
07084P,S&P正2元富9B售02,10000,0,10000,0,0,0,0,0,0,-25000,0,0,0,20000,45000,-25000,-15000
07264P,台積電元大99售38,0,0,0,0,0,0,0,0,0,-15000,0,0,0,5000,20000,-15000,-15000
06863P,欣興凱基98售05  ,0,0,0,0,0,0,0,0,0,-15000,0,0,0,0,15000,-15000,-15000
06827P,臺股指國票98售03,0,0,0,0,0,0,0,0,0,-15000,0,0,0,6000,21000,-15000,-15000
06885P,國巨國票99售06  ,0,0,0,0,0,0,0,0,0,-15000,0,0,0,30000,45000,-15000,-15000
06887P,華新科元大98售04,0,0,0,0,0,0,0,0,0,-15000,0,0,0,0,15000,-15000,-15000
064556,華通群益02購02  ,0,0,0,0,0,0,0,0,0,-15000,0,0,0,39000,54000,-15000,-15000
064940,智伸科元富9C購01,0,0,0,0,0,0,0,0,0,-15000,0,0,0,0,15000,-15000,-15000
055443,台虹國票98購01  ,0,0,0,0,0,0,0,0,0,-15000,0,0,0,0,15000,-15000,-15000
05582P,群創凱基98售06  ,0,0,0,0,0,0,0,0,0,-15000,0,0,0,0,15000,-15000,-15000
052695,台表科中信98購01,0,0,0,0,0,0,0,0,0,-15000,0,0,0,0,15000,-15000,-15000
00680L,元大美債20正2   ,5000,0,5000,0,0,0,0,0,0,-20000,0,0,0,2000,22000,-20000,-15000
03686C,臺股指元大04牛05,0,0,0,0,0,0,0,0,0,-15000,0,0,0,1000,16000,-15000,-15000
055173,瑞昱統一97購01  ,0,0,0,0,0,0,0,0,0,-15000,0,0,0,0,15000,-15000,-15000
057030,滬深反元大9B購01,0,0,0,0,0,0,0,0,0,-15000,0,0,0,0,15000,-15000,-15000
056691,元油2X群益9B購01,0,0,0,0,0,0,0,0,0,-15000,0,0,0,0,15000,-15000,-15000
056789,和碩群益98購01  ,0,0,0,0,0,0,0,0,0,-15000,0,0,0,0,15000,-15000,-15000
057304,為升兆豐99購02  ,0,0,0,0,0,0,0,0,0,-15000,0,0,0,0,15000,-15000,-15000
057664,台積電元大9A購03,0,0,0,0,0,0,0,0,0,-15000,0,0,0,0,15000,-15000,-15000
057724,亞德客國泰99購01,0,0,0,0,0,0,0,0,0,-15000,0,0,0,18000,33000,-15000,-15000
057738,旺宏富邦9A購01  ,0,0,0,0,0,0,0,0,0,-15000,0,0,0,20000,35000,-15000,-15000
057595,健鼎兆豐98購01  ,0,0,0,0,0,0,0,0,0,-15000,0,0,0,111000,126000,-15000,-15000
061288,大立光統一9C購01,0,0,0,0,0,0,0,0,0,-15000,0,0,0,0,15000,-15000,-15000
058718,台灣50元富03購01,0,0,0,0,0,0,0,0,0,-15000,0,0,0,0,15000,-15000,-15000
058710,臺股指元大9A購23,0,0,0,0,0,0,0,0,0,-15000,0,0,0,0,15000,-15000,-15000
05889P,群創元大98售02  ,0,0,0,0,0,0,0,0,0,-15000,0,0,0,10000,25000,-15000,-15000
059140,大立光兆豐9A購02,0,0,0,0,0,0,0,0,0,-15000,0,0,0,0,15000,-15000,-15000
059250,大立光凱基99購06,0,0,0,0,0,0,0,0,0,-15000,0,0,0,1000,16000,-15000,-15000
060313,淘帝永豐9A購01  ,0,0,0,0,0,0,0,0,0,-15000,0,0,0,5000,20000,-15000,-15000
059719,台積電元大99購42,0,0,0,0,0,0,0,0,0,-15000,0,0,0,4000,19000,-15000,-15000
058296,明泰凱基99購01  ,0,0,0,0,0,0,0,0,0,-15000,0,0,0,0,15000,-15000,-15000
061409,力成國票9A購02  ,0,0,0,0,0,0,0,0,0,-15000,0,0,0,9000,24000,-15000,-15000
058373,晶技凱基99購02  ,0,0,0,0,0,0,0,0,0,-15000,0,0,0,39000,54000,-15000,-15000
058402,欣興元大99購04  ,0,0,0,0,0,0,0,0,0,-15000,0,0,0,47000,62000,-15000,-15000
060528,友達中信9C購01  ,0,0,0,0,0,0,0,0,0,-15000,0,0,0,0,15000,-15000,-15000
061606,景碩凱基9A購02  ,0,0,0,0,0,0,0,0,0,-15000,0,0,0,200000,215000,-15000,-15000
061817,高鐵群益9B購01  ,0,0,0,0,0,0,0,0,0,-15000,0,0,0,19000,34000,-15000,-15000
058080,台積電群益98購06,0,0,0,0,0,0,0,0,0,-15000,0,0,0,57000,72000,-15000,-15000
057862,智邦凱基99購01  ,0,0,0,0,0,0,0,0,0,-15000,0,0,0,26000,41000,-15000,-15000
058135,景碩元大99購01  ,0,0,0,0,0,0,0,0,0,-15000,0,0,0,0,15000,-15000,-15000
064178,台郡國泰01購01  ,0,0,0,0,0,0,0,0,0,-15000,0,0,0,1000,16000,-15000,-15000
06448P,華通元大99售01  ,0,0,0,0,0,0,0,0,0,-15000,0,0,0,12000,27000,-15000,-15000
063439,正隆統一01購01  ,0,0,0,0,0,0,0,0,0,-15000,0,0,0,70000,85000,-15000,-15000
062191,台郡元大9B購05  ,0,0,0,0,0,0,0,0,0,-15000,0,0,0,0,15000,-15000,-15000
06239P,奇力新元大97售08,0,0,0,0,0,0,0,0,0,-15000,0,0,0,0,15000,-15000,-15000
062416,和大統一01購02  ,0,0,0,0,0,0,0,0,0,-15000,0,0,0,253000,268000,-15000,-15000
063039,大立光凱基9C購02,0,0,0,0,0,0,0,0,0,-15000,0,0,0,82000,97000,-15000,-15000
063126,TPK元大9B購01   ,0,0,0,0,0,0,0,0,0,-15000,0,0,0,0,15000,-15000,-15000
06549P,大立光元大98售11,0,0,0,0,0,0,0,0,0,-16000,0,0,0,0,16000,-16000,-16000
06952P,大立光統一9A售03,0,0,0,0,0,0,0,0,0,-16000,0,0,0,0,16000,-16000,-16000
07392P,台積電國泰02售01,0,0,0,0,0,0,0,0,0,-16000,0,0,0,5000,21000,-16000,-16000
07402P,瑞昱凱基99售02  ,0,0,0,0,0,0,0,0,0,-16000,0,0,0,0,16000,-16000,-16000
2438,翔耀            ,5000,21000,-16000,0,0,0,0,0,0,0,0,0,0,0,0,0,-16000
2201,裕隆            ,2441000,2649000,-208000,0,0,0,0,0,0,192000,285000,364000,-79000,531000,260000,271000,-16000
3454,晶睿            ,22000,31000,-9000,0,0,0,0,0,0,-7000,0,7000,-7000,0,0,0,-16000
08365P,貿聯凱基9C售01  ,0,0,0,0,0,0,0,0,0,-16000,0,0,0,0,16000,-16000,-16000
08425P,世紀鋼元富9C售03,0,0,0,0,0,0,0,0,0,-16000,0,0,0,0,16000,-16000,-16000
060990,新光金元大9B購03,0,0,0,0,0,0,0,0,0,-16000,0,0,0,91000,107000,-16000,-16000
056619,強茂永豐98購01  ,0,0,0,0,0,0,0,0,0,-16000,0,0,0,0,16000,-16000,-16000
054846,瑞昱兆豐97購01  ,0,0,0,0,0,0,0,0,0,-16000,0,0,0,0,16000,-16000,-16000
061471,台積電元大9A購31,0,0,0,0,0,0,0,0,0,-16000,0,0,0,3000,19000,-16000,-16000
061472,台積電元大9A購32,0,0,0,0,0,0,0,0,0,-16000,0,0,0,54000,70000,-16000,-16000
058779,大立光國票9A購02,0,0,0,0,0,0,0,0,0,-16000,0,0,0,0,16000,-16000,-16000
061822,和潤群益9B購01  ,0,0,0,0,0,0,0,0,0,-16000,0,0,0,248000,264000,-16000,-16000
061700,瑞昱國票9A購02  ,0,0,0,0,0,0,0,0,0,-16000,0,0,0,120000,136000,-16000,-16000
060125,強茂永豐99購01  ,0,0,0,0,0,0,0,0,0,-16000,0,0,0,0,16000,-16000,-16000
060099,宏達電元大99購09,0,0,0,0,0,0,0,0,0,-16000,0,0,0,64000,80000,-16000,-16000
060684,同欣電元大9A購01,0,0,0,0,0,0,0,0,0,-16000,0,0,0,144000,160000,-16000,-16000
059351,台虹凱基99購01  ,0,0,0,0,0,0,0,0,0,-16000,0,0,0,0,16000,-16000,-16000
058895,鴻海元大99購20  ,0,0,0,0,0,0,0,0,0,-16000,0,0,0,0,16000,-16000,-16000
063065,聯發科麥證9C購01,0,0,0,5000,21000,-16000,0,0,0,-16000,0,0,0,5000,21000,-16000,-16000
062676,南六台新9B購01  ,0,0,0,0,0,0,0,0,0,-16000,0,0,0,0,16000,-16000,-16000
063403,鈺齊群益9B購01  ,0,0,0,0,0,0,0,0,0,-16000,0,0,0,6000,22000,-16000,-16000
064128,國產元大9C購01  ,0,0,0,0,0,0,0,0,0,-16000,0,0,0,54000,70000,-16000,-16000
8039,台虹            ,218000,206000,12000,0,0,0,0,0,0,-28000,16000,42000,-26000,0,2000,-2000,-16000
08353P,聯電元大9C售04  ,0,0,0,0,0,0,0,0,0,-17000,0,0,0,0,17000,-17000,-17000
08307P,台積電凱基9C售03,0,0,0,0,0,0,0,0,0,-17000,0,0,0,0,17000,-17000,-17000
08019P,緯穎國票9B售02  ,0,0,0,0,0,0,0,0,0,-17000,0,0,0,0,17000,-17000,-17000
07385P,緯穎群益99售04  ,0,0,0,0,0,0,0,0,0,-17000,0,0,0,0,17000,-17000,-17000
07190P,臺股指富邦9C售02,0,0,0,0,0,0,0,0,0,-17000,0,0,0,0,17000,-17000,-17000
07944P,華新科元大9B售08,0,0,0,0,0,0,0,0,0,-17000,0,0,0,41000,58000,-17000,-17000
065074,亞德客元大9C購03,0,0,0,0,0,0,0,0,0,-17000,0,0,0,0,17000,-17000,-17000
053901,T50反1凱基99購03,0,0,0,0,0,0,0,0,0,-17000,0,0,0,21000,38000,-17000,-17000
020015,統一MSCI美低波N ,0,0,0,0,0,0,0,0,0,-17000,0,0,0,137000,154000,-17000,-17000
057495,牧德元大99購04  ,0,0,0,0,0,0,0,0,0,-17000,0,0,0,4000,21000,-17000,-17000
057758,鴻海凱基99購03  ,0,0,0,0,0,0,0,0,0,-17000,0,0,0,34000,51000,-17000,-17000
057704,台虹群益98購03  ,0,0,0,0,0,0,0,0,0,-17000,0,0,0,0,17000,-17000,-17000
058942,南茂中信99購01  ,0,0,0,0,0,0,0,0,0,-17000,0,0,0,16000,33000,-17000,-17000
060293,緯創元大9A購01  ,0,0,0,0,0,0,0,0,0,-17000,0,0,0,108000,125000,-17000,-17000
058588,致茂中信9B購01  ,0,0,0,0,0,0,0,0,0,-17000,0,0,0,192000,209000,-17000,-17000
058293,光寶科凱基9A購01,0,0,0,0,0,0,0,0,0,-17000,0,0,0,84000,101000,-17000,-17000
060591,富邦金台新9A購01,0,0,0,0,0,0,0,0,0,-17000,0,0,0,0,17000,-17000,-17000
060755,鴻海元大9A購15  ,0,0,0,0,0,0,0,0,0,-17000,0,0,0,13000,30000,-17000,-17000
058801,致伸元大99購01  ,0,0,0,0,0,0,0,0,0,-17000,0,0,0,200000,217000,-17000,-17000
063568,高鐵元大9B購01  ,0,0,0,0,0,0,0,0,0,-17000,0,0,0,21000,38000,-17000,-17000
063885,南六元富9C購01  ,0,0,0,0,0,0,0,0,0,-17000,0,0,0,18000,35000,-17000,-17000
063053,聯發科統一01購04,0,0,0,0,0,0,0,0,0,-17000,0,0,0,0,17000,-17000,-17000
062086,瑞祺元大9B購01  ,0,0,0,0,0,0,0,0,0,-17000,0,0,0,111000,128000,-17000,-17000
061790,中租群益9B購01  ,0,0,0,0,0,0,0,0,0,-17000,0,0,0,188000,205000,-17000,-17000
6139,亞翔            ,35000,52952,-17952,0,0,0,0,0,0,0,0,0,0,0,0,0,-17952
2530,華建            ,106000,127000,-21000,0,0,0,0,0,0,3000,3000,0,3000,0,0,0,-18000
06688P,鴻海中信02售01  ,0,0,0,0,0,0,0,0,0,-18000,0,0,0,20000,38000,-18000,-18000
06453P,群創元大9B售02  ,0,0,0,0,0,0,0,0,0,-18000,0,0,0,5000,23000,-18000,-18000
064815,台表科元大01購01,0,0,0,0,0,0,0,0,0,-18000,0,0,0,56000,74000,-18000,-18000
07134P,臺股指元大9A售28,0,0,0,0,0,0,0,0,0,-18000,0,0,0,10000,28000,-18000,-18000
061048,國巨中信9A購05  ,0,0,0,0,0,0,0,0,0,-18000,0,0,0,0,18000,-18000,-18000
056428,台達電凱基99購01,0,0,0,0,0,0,0,0,0,-18000,0,0,0,7000,25000,-18000,-18000
052437,聯發科富邦99購02,0,0,0,0,0,0,0,0,0,-18000,0,0,0,27000,45000,-18000,-18000
055780,禾伸堂凱基99購01,0,0,0,0,0,0,0,0,0,-18000,0,0,0,2000,20000,-18000,-18000
055466,台達電凱基97購03,0,0,0,0,0,0,0,0,0,-18000,0,0,0,2000,20000,-18000,-18000
053568,智伸科富邦98購01,0,0,0,0,0,0,0,0,0,-18000,0,0,0,82000,100000,-18000,-18000
058791,鴻海元大99購17  ,0,0,0,0,0,0,0,0,0,-18000,0,0,0,0,18000,-18000,-18000
061365,國巨國票9B購05  ,0,0,0,0,0,0,0,0,0,-18000,0,0,0,8000,26000,-18000,-18000
06120P,大立光凱基98售05,0,0,0,0,0,0,0,0,0,-18000,0,0,0,20000,38000,-18000,-18000
059365,T50反1台新99購01,0,0,0,0,0,0,0,0,0,-18000,0,0,0,0,18000,-18000,-18000
060294,嘉澤元大9A購01  ,0,0,0,0,0,0,0,0,0,-18000,0,0,0,0,18000,-18000,-18000
059782,A50正2元大9C購04,0,0,0,0,0,0,0,0,0,-18000,0,0,0,12000,30000,-18000,-18000
059262,致茂中信01購01  ,0,0,0,0,0,0,0,0,0,-18000,0,0,0,40000,58000,-18000,-18000
059092,聯陽元大99購01  ,0,0,0,0,0,0,0,0,0,-18000,0,0,0,2000,20000,-18000,-18000
058698,華通元大99購05  ,0,0,0,0,0,0,0,0,0,-18000,0,0,0,7000,25000,-18000,-18000
06326P,鴻海中信01售01  ,0,0,0,0,0,0,0,0,0,-18000,0,0,0,57000,75000,-18000,-18000
063747,國巨國票9C購06  ,0,0,0,0,0,0,0,0,0,-18000,0,0,0,10000,28000,-18000,-18000
063434,和潤元富9B購01  ,0,0,0,0,0,0,0,0,0,-18000,0,0,0,276000,294000,-18000,-18000
064252,嘉澤元富9C購01  ,0,0,0,0,0,0,0,0,0,-18000,0,0,0,0,18000,-18000,-18000
06926P,可成群益9A售04  ,0,0,0,0,0,0,0,0,0,-19000,0,0,0,0,19000,-19000,-19000
07660P,聯茂凱基9A售03  ,0,0,0,0,0,0,0,0,0,-19000,0,0,0,50000,69000,-19000,-19000
06705P,臻鼎元富98售03  ,0,0,0,0,0,0,0,0,0,-19000,0,0,0,554000,573000,-19000,-19000
2707,晶華            ,19000,17000,2000,0,0,0,0,0,0,-21000,0,21000,-21000,0,0,0,-19000
5305,敦南            ,53000,72000,-19000,0,0,0,0,0,0,0,0,0,0,0,0,0,-19000
08094P,華新科元富9B售05,0,0,0,0,0,0,0,0,0,-19000,0,0,0,20000,39000,-19000,-19000
08180P,聯發科國泰01售05,0,0,0,0,0,0,0,0,0,-19000,0,0,0,20000,39000,-19000,-19000
08362P,國巨凱基02售01  ,0,0,0,0,0,0,0,0,0,-19000,0,0,0,0,19000,-19000,-19000
08369P,鴻海凱基01售04  ,0,0,0,0,0,0,0,0,0,-19000,0,0,0,0,19000,-19000,-19000
08384P,臺股指群益9C售12,0,0,0,0,0,0,0,0,0,-19000,0,0,0,85000,104000,-19000,-19000
053458,聯詠國泰97購01  ,0,0,0,0,0,0,0,0,0,-19000,0,0,0,0,19000,-19000,-19000
056408,奇鋐國票99購01  ,0,0,0,0,0,0,0,0,0,-19000,0,0,0,14000,33000,-19000,-19000
056397,彩晶永豐99購01  ,0,0,0,0,0,0,0,0,0,-19000,0,0,0,0,19000,-19000,-19000
055820,矽力國票98購02  ,0,0,0,0,0,0,0,0,0,-19000,0,0,0,62000,81000,-19000,-19000
055291,京鼎元大97購02  ,0,0,0,0,0,0,0,0,0,-19000,0,0,0,100000,119000,-19000,-19000
054588,玉晶光國泰99購02,0,0,0,0,0,0,0,0,0,-19000,0,0,0,0,19000,-19000,-19000
03428B,臺股指凱基97熊18,0,0,0,0,0,0,0,0,0,-19000,0,0,0,1000,20000,-19000,-19000
056506,晶豪科永豐98購02,0,0,0,0,0,0,0,0,0,-19000,0,0,0,31000,50000,-19000,-19000
061037,嘉澤永豐9A購01  ,0,0,0,0,0,0,0,0,0,-19000,0,0,0,27000,46000,-19000,-19000
057835,華擎元富9B購01  ,0,0,0,0,0,0,0,0,0,-19000,0,0,0,124000,143000,-19000,-19000
059115,美食永豐99購01  ,0,0,0,0,0,0,0,0,0,-19000,0,0,0,14000,33000,-19000,-19000
059466,國巨元大99購26  ,0,0,0,0,0,0,0,0,0,-19000,0,0,0,16000,35000,-19000,-19000
059842,台積電富邦9C購05,0,0,0,0,0,0,0,0,0,-19000,0,0,0,0,19000,-19000,-19000
060228,亞德客元大9A購01,0,0,0,0,0,0,0,0,0,-19000,0,0,0,41000,60000,-19000,-19000
061230,臺指反元大01購04,0,0,0,0,0,0,0,0,0,-19000,0,0,0,0,19000,-19000,-19000
05851P,力山群益97售01  ,0,0,0,0,0,0,0,0,0,-19000,0,0,0,1000,20000,-19000,-19000
060757,台積電元大9A購18,0,0,0,0,0,0,0,0,0,-19000,0,0,0,0,19000,-19000,-19000
059979,台積電元大99購49,0,0,0,0,0,0,0,0,0,-19000,0,0,0,1000,20000,-19000,-19000
058750,緯穎凱基9A購03  ,0,0,0,0,0,0,0,0,0,-19000,0,0,0,68000,87000,-19000,-19000
057849,南茂永豐98購02  ,0,0,0,0,0,0,0,0,0,-19000,0,0,0,0,19000,-19000,-19000
061473,台積電元大9A購33,0,0,0,0,0,0,0,0,0,-19000,0,0,0,0,19000,-19000,-19000
063777,儒鴻永豐9B購02  ,0,0,0,0,0,0,0,0,0,-19000,0,0,0,0,19000,-19000,-19000
062726,華擎凱基9B購02  ,0,0,0,0,0,0,0,0,0,-19000,0,0,0,0,19000,-19000,-19000
062141,遠東新國票9B購01,0,0,0,0,0,0,0,0,0,-19000,0,0,0,0,19000,-19000,-19000
062286,台郡群益9B購01  ,0,0,0,0,0,0,0,0,0,-19000,0,0,0,79000,98000,-19000,-19000
062327,燿華統一9B購02  ,0,0,0,0,0,0,0,0,0,-19000,0,0,0,1000,20000,-19000,-19000
062639,臻鼎國票9C購01  ,0,0,0,0,0,0,0,0,0,-19000,0,0,0,15000,34000,-19000,-19000
1340,勝悅-KY         ,34000,53077,-19077,0,0,0,0,0,0,0,0,0,0,0,0,0,-19077
08385P,臺股指群益9C售13,0,0,0,0,0,0,0,0,0,-20000,0,0,0,4000,24000,-20000,-20000
08420P,國巨群益9C售12  ,0,0,0,0,0,0,0,0,0,-20000,0,0,0,0,20000,-20000,-20000
08328P,國巨國票9C售07  ,0,0,0,0,0,0,0,0,0,-20000,0,0,0,10000,30000,-20000,-20000
08252P,台積電國票9C售06,0,0,0,0,0,0,0,0,0,-20000,0,0,0,0,20000,-20000,-20000
08282P,南六群益9C售01  ,0,0,0,0,0,0,0,0,0,-20000,0,0,0,300000,320000,-20000,-20000
08154P,上銀元富9B售04  ,0,0,0,0,0,0,0,0,0,-20000,0,0,0,20000,40000,-20000,-20000
6196,帆宣            ,158000,173000,-15000,0,0,0,0,0,0,-5000,0,0,0,0,5000,-5000,-20000
2702,華園            ,31000,51000,-20000,0,0,0,0,0,0,0,0,0,0,0,0,0,-20000
06737P,台郡凱基98售07  ,0,0,0,0,0,0,0,0,0,-20000,0,0,0,0,20000,-20000,-20000
06554P,臺股指元大99售06,0,0,0,0,0,0,0,0,0,-20000,0,0,0,0,20000,-20000,-20000
06610P,台積電凱基9A售03,0,0,0,0,0,0,0,0,0,-20000,0,0,0,0,20000,-20000,-20000
06655P,TPK元大98售02   ,0,0,0,0,0,0,0,0,0,-20000,0,0,0,0,20000,-20000,-20000
06513P,鴻海凱基98售10  ,0,0,0,0,0,0,0,0,0,-20000,0,0,0,0,20000,-20000,-20000
064922,玉晶光統一01購10,0,0,0,0,0,0,0,0,0,-20000,0,0,0,0,20000,-20000,-20000
064916,玉山金統一02購01,0,0,0,0,0,0,0,0,0,-20000,0,0,0,0,20000,-20000,-20000
064934,南電統一01購02  ,0,0,0,0,0,0,0,0,0,-20000,0,0,0,20000,40000,-20000,-20000
064802,台積電元大01購04,0,0,0,0,0,0,0,0,0,-20000,0,0,0,0,20000,-20000,-20000
064570,TPK群益9C購03   ,0,0,0,0,0,0,0,0,0,-20000,0,0,0,0,20000,-20000,-20000
07655P,台灣50凱基01售09,0,0,0,0,0,0,0,0,0,-20000,0,0,0,0,20000,-20000,-20000
07632P,臺股指凱基9A售14,0,0,0,0,0,0,0,0,0,-20000,0,0,0,0,20000,-20000,-20000
07620P,國巨統一9B售07  ,0,0,0,0,0,0,0,0,0,-20000,0,0,0,0,20000,-20000,-20000
07553P,嘉晶元大9A售02  ,0,0,0,0,0,0,0,0,0,-20000,0,0,0,0,20000,-20000,-20000
07532P,台灣50中信01售02,0,0,0,0,0,0,0,0,0,-20000,0,0,0,0,20000,-20000,-20000
07525P,臺股指中信9B售07,0,0,0,0,0,0,0,0,0,-20000,0,0,0,0,20000,-20000,-20000
07489P,國巨國票9A售07  ,0,0,0,0,0,0,0,0,0,-20000,0,0,0,0,20000,-20000,-20000
07491P,臺股指國票9A售09,0,0,0,0,0,0,0,0,0,-20000,0,0,0,35000,55000,-20000,-20000
07962P,聯詠中信05售03  ,0,0,0,0,0,0,0,0,0,-20000,0,0,0,0,20000,-20000,-20000
07782P,寶成凱基9A售02  ,0,0,0,0,0,0,0,0,0,-20000,0,0,0,0,20000,-20000,-20000
07800P,華新科國泰9B售04,0,0,0,0,0,0,0,0,0,-20000,0,0,0,40000,60000,-20000,-20000
07796P,聯發科國票9A售03,0,0,0,0,0,0,0,0,0,-20000,0,0,0,0,20000,-20000,-20000
06854P,鴻海富邦99售05  ,0,0,0,0,0,0,0,0,0,-20000,0,0,0,0,20000,-20000,-20000
07009P,臺股指中信9B售01,0,0,0,0,0,0,0,0,0,-20000,0,0,0,0,20000,-20000,-20000
056512,易華電永豐98購01,0,0,0,0,0,0,0,0,0,-20000,0,0,0,0,20000,-20000,-20000
056527,大成鋼凱基98購03,0,0,0,0,0,0,0,0,0,-20000,0,0,0,0,20000,-20000,-20000
057744,健策永豐98購02  ,0,0,0,0,0,0,0,0,0,-20000,0,0,0,0,20000,-20000,-20000
057438,禾伸堂國票99購01,0,0,0,0,0,0,0,0,0,-20000,0,0,0,26000,46000,-20000,-20000
057616,聯電凱基99購01  ,0,0,0,0,0,0,0,0,0,-20000,0,0,0,135000,155000,-20000,-20000
056557,世紀鋼凱基98購02,0,0,0,0,0,0,0,0,0,-20000,0,0,0,0,20000,-20000,-20000
056585,台積電統一9A購01,0,0,0,0,0,0,0,0,0,-20000,0,0,0,0,20000,-20000,-20000
057282,大立光元大99購06,0,0,0,0,0,0,0,0,0,-20000,0,0,0,20000,40000,-20000,-20000
057291,國巨國泰9A購01  ,0,0,0,0,0,0,0,0,0,-20000,0,0,0,15000,35000,-20000,-20000
057276,全新元大99購03  ,0,0,0,0,0,0,0,0,0,-20000,0,0,0,0,20000,-20000,-20000
056098,矽創元富97購02  ,0,0,0,0,0,0,0,0,0,-20000,0,0,0,100000,120000,-20000,-20000
056872,旺宏凱基98購08  ,0,0,0,0,0,0,0,0,0,-20000,0,0,0,0,20000,-20000,-20000
03687C,臺股指凱基9C牛22,0,0,0,0,0,0,0,0,0,-20000,0,0,0,0,20000,-20000,-20000
052367,聯茂國票96購02  ,0,0,0,0,0,0,0,0,0,-20000,0,0,0,0,20000,-20000,-20000
051424,緯穎國票97購01  ,0,0,0,0,0,0,0,0,0,-20000,0,0,0,0,20000,-20000,-20000
051432,群創元富99購03  ,0,0,0,0,0,0,0,0,0,-20000,0,0,0,0,20000,-20000,-20000
051510,新光金中信97購01,0,0,0,0,0,0,0,0,0,-20000,0,0,0,0,20000,-20000,-20000
03050X,元展47          ,0,0,0,0,0,0,0,0,0,-20000,0,0,0,10000,30000,-20000,-20000
051577,台積電元大97購03,0,0,0,0,0,0,0,0,0,-20000,0,0,0,19000,39000,-20000,-20000
054739,義隆凱基98購02  ,0,0,0,0,0,0,0,0,0,-20000,0,0,0,0,20000,-20000,-20000
055337,超眾兆豐98購01  ,0,0,0,0,0,0,0,0,0,-20000,0,0,0,0,20000,-20000,-20000
055341,台達電凱基97購02,0,0,0,0,0,0,0,0,0,-20000,0,0,0,10000,30000,-20000,-20000
053190,聯發科統一99購01,0,0,0,0,0,0,0,0,0,-20000,0,0,0,0,20000,-20000,-20000
055430,宏達電群益97購01,0,0,0,0,0,0,0,0,0,-20000,0,0,0,0,20000,-20000,-20000
054266,緯穎元大96購07  ,0,0,0,0,0,0,0,0,0,-20000,0,0,0,0,20000,-20000,-20000
054297,台郡元大98購01  ,0,0,0,0,0,0,0,0,0,-20000,0,0,0,0,20000,-20000,-20000
054121,奇鋐永豐96購02  ,0,0,0,0,0,0,0,0,0,-20000,0,0,0,0,20000,-20000,-20000
054353,世紀鋼國泰98購01,0,0,0,0,0,0,0,0,0,-20000,0,0,0,0,20000,-20000,-20000
055899,群創中信99購01  ,0,0,0,0,0,0,0,0,0,-20000,0,0,0,0,20000,-20000,-20000
056398,南茂永豐98購01  ,0,0,0,0,0,0,0,0,0,-20000,0,0,0,324000,344000,-20000,-20000
055599,TPK元大97購01   ,0,0,0,0,0,0,0,0,0,-20000,0,0,0,95000,115000,-20000,-20000
053537,玉晶光永豐98購02,0,0,0,0,0,0,0,0,0,-20000,0,0,0,234000,254000,-20000,-20000
058099,鴻海國泰9A購02  ,0,0,0,0,0,0,0,0,0,-20000,0,0,0,0,20000,-20000,-20000
061552,南六群益9A購02  ,0,0,0,0,0,0,0,0,0,-20000,0,0,0,0,20000,-20000,-20000
058800,健策元大99購03  ,0,0,0,0,0,0,0,0,0,-20000,0,0,0,5000,25000,-20000,-20000
061657,智原國票9A購01  ,0,0,0,0,0,0,0,0,0,-20000,0,0,0,0,20000,-20000,-20000
061940,世紀鋼國票9C購01,0,0,0,0,0,0,0,0,0,-20000,0,0,0,0,20000,-20000,-20000
061949,大立光群益9B購03,0,0,0,0,0,0,0,0,0,-20000,0,0,0,0,20000,-20000,-20000
059951,台塑康和99購01  ,0,0,0,0,0,0,0,0,0,-20000,0,0,0,106000,126000,-20000,-20000
060111,臻鼎元大99購04  ,0,0,0,0,0,0,0,0,0,-20000,0,0,0,0,20000,-20000,-20000
060128,健策永豐99購06  ,0,0,0,0,0,0,0,0,0,-20000,0,0,0,6000,26000,-20000,-20000
060379,T50反1凱基9A購07,0,0,0,0,0,0,0,0,0,-20000,0,0,0,0,20000,-20000,-20000
060471,台勝科元大9B購01,0,0,0,0,0,0,0,0,0,-20000,0,0,0,0,20000,-20000,-20000
060597,華通凱基9A購04  ,0,0,0,0,0,0,0,0,0,-20000,0,0,0,0,20000,-20000,-20000
060687,GIS元大9A購01   ,0,0,0,0,0,0,0,0,0,-20000,0,0,0,0,20000,-20000,-20000
058512,宏達電元大99購04,0,0,0,0,0,0,0,0,0,-20000,0,0,0,0,20000,-20000,-20000
057882,華通群益9A購03  ,0,0,0,0,0,0,0,0,0,-20000,0,0,0,18000,38000,-20000,-20000
061429,南六元大9A購02  ,0,0,0,0,0,0,0,0,0,-20000,0,0,0,1000,21000,-20000,-20000
061200,道瓊反元大9A購06,0,0,0,0,0,0,0,0,0,-20000,0,0,0,0,20000,-20000,-20000
061149,華通群益9A購05  ,0,0,0,0,0,0,0,0,0,-20000,0,0,0,14000,34000,-20000,-20000
059346,新日興凱基99購03,0,0,0,0,0,0,0,0,0,-20000,0,0,0,0,20000,-20000,-20000
059713,滬深2X元大9C購04,0,0,0,0,0,0,0,0,0,-20000,0,0,0,0,20000,-20000,-20000
060300,佐登國泰9B購01  ,0,0,0,0,0,0,0,0,0,-20000,0,0,0,0,20000,-20000,-20000
060253,昇陽半元大9C購01,0,0,0,0,0,0,0,0,0,-20000,0,0,0,89000,109000,-20000,-20000
059692,聯詠永豐99購01  ,0,0,0,0,0,0,0,0,0,-20000,0,0,0,0,20000,-20000,-20000
059127,國巨中信99購04  ,0,0,0,0,0,0,0,0,0,-20000,0,0,0,0,20000,-20000,-20000
059123,訊芯永豐99購03  ,0,0,0,0,0,0,0,0,0,-20000,0,0,0,0,20000,-20000,-20000
058948,道瓊銀群益9C購01,0,0,0,0,0,0,0,0,0,-20000,0,0,0,0,20000,-20000,-20000
059024,大立光統一9B購04,0,0,0,0,0,0,0,0,0,-20000,0,0,0,0,20000,-20000,-20000
058999,台積電元大99購24,0,0,0,0,0,0,0,0,0,-20000,0,0,0,5000,25000,-20000,-20000
058839,瑞儀中信99購02  ,0,0,0,0,0,0,0,0,0,-20000,0,0,0,0,20000,-20000,-20000
06263P,燿華凱基97售04  ,0,0,0,0,0,0,0,0,0,-20000,0,0,0,0,20000,-20000,-20000
062403,健策永豐9B購06  ,0,0,0,0,0,0,0,0,0,-20000,0,0,0,0,20000,-20000,-20000
062434,華通元大9B購04  ,0,0,0,0,0,0,0,0,0,-20000,0,0,0,50000,70000,-20000,-20000
06243P,亞光元富97售01  ,0,0,0,0,0,0,0,0,0,-20000,0,0,0,0,20000,-20000,-20000
062200,臺指反國票03購01,0,0,0,0,0,0,0,0,0,-20000,0,0,0,0,20000,-20000,-20000
061797,聯發科永豐9B購01,0,0,0,0,0,0,0,0,0,-20000,0,0,0,0,20000,-20000,-20000
062059,聯發科統一9C購06,0,0,0,0,0,0,0,0,0,-20000,0,0,0,20000,40000,-20000,-20000
062055,鴻海統一9C購07  ,0,0,0,0,0,0,0,0,0,-20000,0,0,0,0,20000,-20000,-20000
062022,緯穎永豐9B購01  ,0,0,0,0,0,0,0,0,0,-20000,0,0,0,0,20000,-20000,-20000
062733,巨大凱基9B購01  ,0,0,0,0,0,0,0,0,0,-20000,0,0,0,0,20000,-20000,-20000
062842,臺股指群益9B購09,0,0,0,0,0,0,0,0,0,-20000,0,0,0,0,20000,-20000,-20000
062837,復盛群益9B購01  ,0,0,0,0,0,0,0,0,0,-20000,0,0,0,0,20000,-20000,-20000
06328P,台積電中信01售02,0,0,0,0,0,0,0,0,0,-20000,0,0,0,0,20000,-20000,-20000
063152,健策元富9C購01  ,0,0,0,0,0,0,0,0,0,-20000,0,0,0,10000,30000,-20000,-20000
063649,南六元大9C購02  ,0,0,0,0,0,0,0,0,0,-20000,0,0,0,83000,103000,-20000,-20000
063917,南六凱基02購01  ,0,0,0,0,0,0,0,0,0,-20000,0,0,0,10000,30000,-20000,-20000
06377P,華通統一97售04  ,0,0,0,0,0,0,0,0,0,-20000,0,0,0,0,20000,-20000,-20000
063350,台表科統一02購02,0,0,0,0,0,0,0,0,0,-20000,0,0,0,15000,35000,-20000,-20000
064305,健鼎兆豐9C購02  ,0,0,0,0,0,0,0,0,0,-20000,0,0,0,7000,27000,-20000,-20000
064381,道瓊銀國泰02購01,0,0,0,0,0,0,0,0,0,-20000,0,0,0,0,20000,-20000,-20000
064473,技嘉麥證9C購01  ,0,0,0,76000,96000,-20000,0,0,0,-20000,0,0,0,76000,96000,-20000,-20000
063992,大立光中信9C購03,0,0,0,0,0,0,0,0,0,-20000,0,0,0,0,20000,-20000,-20000
06405P,億光元富97售02  ,0,0,0,0,0,0,0,0,0,-20000,0,0,0,0,20000,-20000,-20000
064074,南茂永豐9C購01  ,0,0,0,0,0,0,0,0,0,-20000,0,0,0,0,20000,-20000,-20000
07798P,同欣電國票9A售01,0,0,0,0,0,0,0,0,0,-21000,0,0,0,0,21000,-21000,-21000
07777P,創意元大9A售03  ,0,0,0,0,0,0,0,0,0,-21000,0,0,0,20000,41000,-21000,-21000
064799,裕隆元大9C購02  ,0,0,0,0,0,0,0,0,0,-21000,0,0,0,146000,167000,-21000,-21000
065124,燿華永豐9C購03  ,0,0,0,0,0,0,0,0,0,-21000,0,0,0,0,21000,-21000,-21000
4141,龍燈-KY         ,201000,222000,-21000,0,0,0,0,0,0,0,0,0,0,0,0,0,-21000
08229P,祥碩國票9B售04  ,0,0,0,0,0,0,0,0,0,-21000,0,0,0,0,21000,-21000,-21000
054386,鴻海統一98購03  ,0,0,0,0,0,0,0,0,0,-21000,0,0,0,0,21000,-21000,-21000
056921,京元電兆豐98購01,0,0,0,0,0,0,0,0,0,-21000,0,0,0,20000,41000,-21000,-21000
061174,鴻海凱基9A購23  ,0,0,0,0,0,0,0,0,0,-21000,0,0,0,0,21000,-21000,-21000
058321,大立光永豐99購01,0,0,0,0,0,0,0,0,0,-21000,0,0,0,0,21000,-21000,-21000
061358,世紀鋼元大9A購04,0,0,0,0,0,0,0,0,0,-21000,0,0,0,102000,123000,-21000,-21000
061910,台積電中信05購03,0,0,0,0,0,0,0,0,0,-21000,0,0,0,0,21000,-21000,-21000
061853,晶技國票9B購02  ,0,0,0,0,0,0,0,0,0,-21000,0,0,0,48000,69000,-21000,-21000
061617,微星群益9A購02  ,0,0,0,0,0,0,0,0,0,-21000,0,0,0,107000,128000,-21000,-21000
063936,道瓊反元大9C購02,0,0,0,0,0,0,0,0,0,-21000,0,0,0,0,21000,-21000,-21000
063087,南六凱基9C購02  ,0,0,0,0,0,0,0,0,0,-21000,0,0,0,4000,25000,-21000,-21000
063046,聯發科兆豐9C購01,0,0,0,0,0,0,0,0,0,-21000,0,0,0,0,21000,-21000,-21000
062862,瑞儀國票9B購01  ,0,0,0,0,0,0,0,0,0,-21000,0,0,0,0,21000,-21000,-21000
062981,祥碩元富9B購01  ,0,0,0,0,0,0,0,0,0,-21000,0,0,0,0,21000,-21000,-21000
062061,台勝科統一01購01,0,0,0,0,0,0,0,0,0,-21000,0,0,0,35000,56000,-21000,-21000
062089,矽創元大9B購02  ,0,0,0,0,0,0,0,0,0,-21000,0,0,0,246000,267000,-21000,-21000
061987,大立光元大9B購03,0,0,0,0,0,0,0,0,0,-21000,0,0,0,0,21000,-21000,-21000
06248P,國巨統一97售07  ,0,0,0,0,0,0,0,0,0,-21000,0,0,0,339000,360000,-21000,-21000
08271P,華通元富9C售01  ,0,0,0,0,0,0,0,0,0,-22000,0,0,0,0,22000,-22000,-22000
08368P,台積電兆豐9C售04,0,0,0,0,0,0,0,0,0,-22000,0,0,0,0,22000,-22000,-22000
08511P,電子類富邦9C售02,0,0,0,0,0,0,0,0,0,-22000,0,0,0,0,22000,-22000,-22000
1339,昭輝            ,42000,64000,-22000,0,0,0,0,0,0,0,0,0,0,0,0,0,-22000
1503,士電            ,37000,15000,22000,0,0,0,0,0,0,-44000,0,44000,-44000,0,0,0,-22000
2022,聚亨            ,20000,15000,5000,0,0,0,0,0,0,-27000,0,27000,-27000,0,0,0,-22000
2731,雄獅            ,26000,48000,-22000,0,0,0,0,0,0,0,0,0,0,0,0,0,-22000
06733P,鴻海凱基99售02  ,0,0,0,0,0,0,0,0,0,-22000,0,0,0,0,22000,-22000,-22000
064866,義隆永豐9C購02  ,0,0,0,0,0,0,0,0,0,-22000,0,0,0,48000,70000,-22000,-22000
07728P,臺股指凱基9A售20,0,0,0,0,0,0,0,0,0,-22000,0,0,0,0,22000,-22000,-22000
06932P,大立光元大98售21,0,0,0,0,0,0,0,0,0,-22000,0,0,0,4000,26000,-22000,-22000
06940P,旺宏永豐98售05  ,0,0,0,0,0,0,0,0,0,-22000,0,0,0,0,22000,-22000,-22000
056454,欣興凱基98購02  ,0,0,0,0,0,0,0,0,0,-22000,0,0,0,32000,54000,-22000,-22000
054526,道瓊反統一98購01,0,0,0,0,0,0,0,0,0,-22000,0,0,0,0,22000,-22000,-22000
055552,瑞昱凱基97購02  ,0,0,0,0,0,0,0,0,0,-22000,0,0,0,15000,37000,-22000,-22000
055696,華新科國票98購01,0,0,0,0,0,0,0,0,0,-22000,0,0,0,0,22000,-22000,-22000
059618,台積電日盛99購01,0,0,0,0,0,0,0,0,0,-22000,0,0,0,109000,131000,-22000,-22000
057985,華通元富02購03  ,0,0,0,0,0,0,0,0,0,-22000,0,0,0,72000,94000,-22000,-22000
059008,鈺齊元大99購03  ,0,0,0,0,0,0,0,0,0,-22000,0,0,0,92000,114000,-22000,-22000
059049,元油2X凱基9A購12,0,0,0,0,0,0,0,0,0,-22000,0,0,0,0,22000,-22000,-22000
062558,義隆凱基9B購02  ,0,0,0,0,0,0,0,0,0,-22000,0,0,0,62000,84000,-22000,-22000
062634,玉晶光國票9B購03,0,0,0,0,0,0,0,0,0,-22000,0,0,0,0,22000,-22000,-22000
062941,大立光凱基9B購07,0,0,0,0,0,0,0,0,0,-22000,0,0,0,0,22000,-22000,-22000
064059,新日興麥證01購01,0,0,0,44000,66000,-22000,0,0,0,-22000,0,0,0,44000,66000,-22000,-22000
064420,台積電兆豐9C購03,0,0,0,0,0,0,0,0,0,-22000,0,0,0,75000,97000,-22000,-22000
064260,矽創富邦9C購01  ,0,0,0,0,0,0,0,0,0,-22000,0,0,0,0,22000,-22000,-22000
063674,力山國泰01購02  ,0,0,0,0,0,0,0,0,0,-22000,0,0,0,33000,55000,-22000,-22000
2231,為升            ,65071,79000,-13929,0,0,0,0,0,0,-9000,1000,10000,-9000,5000,5000,0,-22929
2017,官田鋼          ,133000,159000,-26000,0,0,0,0,0,0,3000,3000,0,3000,0,0,0,-23000
1531,高林股          ,5000,32000,-27000,0,0,0,0,0,0,4000,4000,0,4000,0,0,0,-23000
1541,錩泰            ,24000,21000,3000,0,0,0,0,0,0,-26000,0,26000,-26000,0,0,0,-23000
06879P,長榮航凱基98售02,0,0,0,0,0,0,0,0,0,-23000,0,0,0,12000,35000,-23000,-23000
07789P,緯穎群益9A售03  ,0,0,0,0,0,0,0,0,0,-23000,0,0,0,0,23000,-23000,-23000
07804P,美律永豐9A售02  ,0,0,0,0,0,0,0,0,0,-23000,0,0,0,0,23000,-23000,-23000
07536P,華新科元富9A售04,0,0,0,0,0,0,0,0,0,-23000,0,0,0,20000,43000,-23000,-23000
065079,致茂元大9C購01  ,0,0,0,0,0,0,0,0,0,-23000,0,0,0,0,23000,-23000,-23000
054468,台郡凱基98購01  ,0,0,0,0,0,0,0,0,0,-23000,0,0,0,2000,25000,-23000,-23000
061123,燿華永豐9A購01  ,0,0,0,0,0,0,0,0,0,-23000,0,0,0,117000,140000,-23000,-23000
057839,台積電富邦9A購02,0,0,0,0,0,0,0,0,0,-23000,0,0,0,100000,123000,-23000,-23000
058901,美律元大99購07  ,0,0,0,0,0,0,0,0,0,-23000,0,0,0,14000,37000,-23000,-23000
059503,大立光富邦9B購04,0,0,0,0,0,0,0,0,0,-23000,0,0,0,123000,146000,-23000,-23000
061428,南六元大9A購01  ,0,0,0,0,0,0,0,0,0,-23000,0,0,0,2000,25000,-23000,-23000
058175,旺宏凱基99購03  ,0,0,0,0,0,0,0,0,0,-23000,0,0,0,20000,43000,-23000,-23000
058032,大立光永豐98購05,0,0,0,0,0,0,0,0,0,-23000,0,0,0,0,23000,-23000,-23000
060616,宏碁元大9A購02  ,0,0,0,0,0,0,0,0,0,-23000,0,0,0,55000,78000,-23000,-23000
060476,瑞祺元大9A購02  ,0,0,0,0,0,0,0,0,0,-23000,0,0,0,48000,71000,-23000,-23000
058798,大立光元大99購11,0,0,0,0,0,0,0,0,0,-23000,0,0,0,22000,45000,-23000,-23000
061703,信邦國票9A購01  ,0,0,0,0,0,0,0,0,0,-23000,0,0,0,12000,35000,-23000,-23000
063778,亞德客永豐9B購02,0,0,0,0,0,0,0,0,0,-23000,0,0,0,0,23000,-23000,-23000
063715,鈺齊凱基9C購01  ,0,0,0,0,0,0,0,0,0,-23000,0,0,0,20000,43000,-23000,-23000
063868,嘉晶永豐9C購01  ,0,0,0,0,0,0,0,0,0,-23000,0,0,0,0,23000,-23000,-23000
064082,緯創中信06購01  ,0,0,0,0,0,0,0,0,0,-23000,0,0,0,52000,75000,-23000,-23000
064010,GIS凱基02購01   ,0,0,0,0,0,0,0,0,0,-23000,0,0,0,63000,86000,-23000,-23000
062861,世芯國票9C購01  ,0,0,0,0,0,0,0,0,0,-23000,0,0,0,76000,99000,-23000,-23000
061757,T50反1元大9B購01,0,0,0,0,0,0,0,0,0,-23000,0,0,0,0,23000,-23000,-23000
062083,健策元大9C購03  ,0,0,0,0,0,0,0,0,0,-23000,0,0,0,10000,33000,-23000,-23000
062120,國巨台新9B購01  ,0,0,0,0,0,0,0,0,0,-23000,0,0,0,0,23000,-23000,-23000
064989,鈺齊元大01購01  ,0,0,0,0,0,0,0,0,0,-24000,0,0,0,0,24000,-24000,-24000
064853,亞德客麥證9C購01,0,0,0,68000,92000,-24000,0,0,0,-24000,0,0,0,68000,92000,-24000,-24000
07575P,瑞昱元大9A售02  ,0,0,0,0,0,0,0,0,0,-24000,0,0,0,111000,135000,-24000,-24000
07508P,華新科國票9A售03,0,0,0,0,0,0,0,0,0,-24000,0,0,0,0,24000,-24000,-24000
08390P,旺宏凱基9C售02  ,0,0,0,0,0,0,0,0,0,-24000,0,0,0,0,24000,-24000,-24000
08284P,鴻海凱基01售03  ,0,0,0,0,0,0,0,0,0,-24000,0,0,0,21000,45000,-24000,-24000
07976P,聯發科群益9C售02,0,0,0,0,0,0,0,0,0,-24000,0,0,0,10000,34000,-24000,-24000
057735,台灣50富邦9C購02,0,0,0,0,0,0,0,0,0,-24000,0,0,0,24000,48000,-24000,-24000
061036,晶技永豐9A購03  ,0,0,0,0,0,0,0,0,0,-24000,0,0,0,0,24000,-24000,-24000
056960,光罩永豐98購01  ,0,0,0,0,0,0,0,0,0,-24000,0,0,0,0,24000,-24000,-24000
057376,新日興元大98購04,0,0,0,0,0,0,0,0,0,-24000,0,0,0,68000,92000,-24000,-24000
057092,健策元富98購01  ,0,0,0,0,0,0,0,0,0,-24000,0,0,0,25000,49000,-24000,-24000
056829,台積電富邦9A購01,0,0,0,0,0,0,0,0,0,-24000,0,0,0,0,24000,-24000,-24000
055692,緯穎凱基97購03  ,0,0,0,0,0,0,0,0,0,-24000,0,0,0,11000,35000,-24000,-24000
055259,玉晶光統一9A購01,0,0,0,0,0,0,0,0,0,-24000,0,0,0,257000,281000,-24000,-24000
055271,鴻海元大98購03  ,0,0,0,0,0,0,0,0,0,-24000,0,0,0,0,24000,-24000,-24000
061719,緯穎凱基9A購06  ,0,0,0,0,0,0,0,0,0,-24000,0,0,0,34000,58000,-24000,-24000
058928,國巨統一9C購01  ,0,0,0,0,0,0,0,0,0,-24000,0,0,0,638000,662000,-24000,-24000
06260P,臺股指群益97售13,0,0,0,0,0,0,0,0,0,-24000,0,0,0,0,24000,-24000,-24000
06242P,大立光元富9A售02,0,0,0,0,0,0,0,0,0,-24000,0,0,0,23000,47000,-24000,-24000
062827,神基群益9B購01  ,0,0,0,0,0,0,0,0,0,-24000,0,0,0,0,24000,-24000,-24000
063170,智邦第一9B購01  ,0,0,0,0,0,0,0,0,0,-24000,0,0,0,1000,25000,-24000,-24000
063961,世紀鋼元大9C購05,0,0,0,0,0,0,0,0,0,-24000,0,0,0,1000,25000,-24000,-24000
063972,緯創國票9C購01  ,25000,0,25000,0,0,0,0,0,0,-49000,0,0,0,0,49000,-49000,-24000
064534,京元電國票01購01,0,0,0,0,0,0,0,0,0,-24000,0,0,0,16000,40000,-24000,-24000
08015P,可成凱基9B售05  ,0,0,0,0,0,0,0,0,0,-25000,0,0,0,40000,65000,-25000,-25000
08352P,大立光群益01售02,0,0,0,0,0,0,0,0,0,-25000,0,0,0,0,25000,-25000,-25000
08394P,大立光群益9C售05,0,0,0,0,0,0,0,0,0,-25000,0,0,0,0,25000,-25000,-25000
08507P,臺股指國票9C售08,0,0,0,0,0,0,0,0,0,-25000,0,0,0,0,25000,-25000,-25000
07551P,國巨元大9A售10  ,0,0,0,0,0,0,0,0,0,-25000,0,0,0,0,25000,-25000,-25000
07856P,力成凱基9A售02  ,0,0,0,0,0,0,0,0,0,-25000,0,0,0,0,25000,-25000,-25000
06839P,玉晶光統一9A售05,0,0,0,0,0,0,0,0,0,-25000,0,0,0,57000,82000,-25000,-25000
07114P,旺宏兆豐9A售01  ,0,0,0,0,0,0,0,0,0,-25000,0,0,0,0,25000,-25000,-25000
07423P,大立光元大99售33,0,0,0,0,0,0,0,0,0,-25000,0,0,0,0,25000,-25000,-25000
064696,群創群益9C購02  ,0,0,0,0,0,0,0,0,0,-25000,0,0,0,0,25000,-25000,-25000
06728P,全新元大98售03  ,0,0,0,0,0,0,0,0,0,-25000,0,0,0,55000,80000,-25000,-25000
06763P,技嘉元大98售05  ,0,0,0,0,0,0,0,0,0,-25000,0,0,0,21000,46000,-25000,-25000
054955,宏達電元大98購01,0,0,0,0,0,0,0,0,0,-25000,0,0,0,0,25000,-25000,-25000
05174P,元金2X富邦9B售01,0,0,0,0,0,0,0,0,0,-25000,0,0,0,0,25000,-25000,-25000
054231,國巨群益98購03  ,0,0,0,0,0,0,0,0,0,-25000,0,0,0,0,25000,-25000,-25000
057258,中環兆豐98購01  ,0,0,0,0,0,0,0,0,0,-25000,0,0,0,0,25000,-25000,-25000
056127,致新國票98購02  ,0,0,0,0,0,0,0,0,0,-25000,0,0,0,8000,33000,-25000,-25000
060993,健策元大9B購03  ,0,0,0,0,0,0,0,0,0,-25000,0,0,0,19000,44000,-25000,-25000
060946,世紀鋼國票9A購02,0,0,0,0,0,0,0,0,0,-25000,0,0,0,8000,33000,-25000,-25000
056534,京元電凱基98購01,0,0,0,0,0,0,0,0,0,-25000,0,0,0,99000,124000,-25000,-25000
058701,鴻海元大99購16  ,0,0,0,0,0,0,0,0,0,-25000,0,0,0,5000,30000,-25000,-25000
057887,智原群益98購04  ,0,0,0,0,0,0,0,0,0,-25000,0,0,0,79000,104000,-25000,-25000
061969,大立光統一01購02,0,0,0,0,0,0,0,0,0,-25000,0,0,0,0,25000,-25000,-25000
060362,建準元富9A購02  ,0,0,0,0,0,0,0,0,0,-25000,0,0,0,0,25000,-25000,-25000
060022,勤誠康和99購01  ,0,0,0,0,0,0,0,0,0,-25000,0,0,0,31000,56000,-25000,-25000
064196,健策群益01購01  ,0,0,0,0,0,0,0,0,0,-25000,0,0,0,1000,26000,-25000,-25000
063593,GIS永豐9B購01   ,0,0,0,0,0,0,0,0,0,-25000,0,0,0,2000,27000,-25000,-25000
062887,台積電群益9C購05,0,0,0,0,0,0,0,0,0,-25000,0,0,0,27000,52000,-25000,-25000
062659,台灣50群益9B購10,0,0,0,0,0,0,0,0,0,-25000,0,0,0,25000,50000,-25000,-25000
062318,台郡凱基9B購01  ,0,0,0,0,0,0,0,0,0,-25000,0,0,0,0,25000,-25000,-25000
062512,美食國票9B購01  ,0,0,0,0,0,0,0,0,0,-25000,0,0,0,32000,57000,-25000,-25000
062151,世紀鋼國票01購01,0,0,0,0,0,0,0,0,0,-25000,0,0,0,0,25000,-25000,-25000
07030P,鈺齊群益99售01  ,0,0,0,0,0,0,0,0,0,-26000,0,0,0,0,26000,-26000,-26000
07913P,友達元大01售01  ,0,0,0,0,0,0,0,0,0,-26000,0,0,0,4000,30000,-26000,-26000
07610P,大立光國票9A售04,0,0,0,0,0,0,0,0,0,-26000,0,0,0,30000,56000,-26000,-26000
07689P,旺宏元大9A售13  ,0,0,0,0,0,0,0,0,0,-26000,0,0,0,0,26000,-26000,-26000
08316P,祥碩元大9C售04  ,0,0,0,0,0,0,0,0,0,-26000,0,0,0,16000,42000,-26000,-26000
4144,康聯-KY         ,47000,73000,-26000,0,0,0,0,0,0,0,0,0,0,0,0,0,-26000
057778,大立光群益98購02,0,0,0,0,0,0,0,0,0,-26000,0,0,0,10000,36000,-26000,-26000
061109,臻鼎元大9A購03  ,0,0,0,0,0,0,0,0,0,-26000,0,0,0,24000,50000,-26000,-26000
056458,日月光凱基98購02,0,0,0,0,0,0,0,0,0,-26000,0,0,0,86000,112000,-26000,-26000
020011,統一微波高息20N ,0,0,0,0,0,0,0,0,0,-26000,0,0,0,0,26000,-26000,-26000
059950,百和永豐99購02  ,0,0,0,0,0,0,0,0,0,-26000,0,0,0,141000,167000,-26000,-26000
059533,富邦金凱基99購01,0,0,0,0,0,0,0,0,0,-26000,0,0,0,84000,110000,-26000,-26000
058359,瑞昱凱基99購01  ,0,0,0,0,0,0,0,0,0,-26000,0,0,0,0,26000,-26000,-26000
058652,SGBR2X中信01購01,0,0,0,0,0,0,0,0,0,-26000,0,0,0,0,26000,-26000,-26000
059307,T50反1元大99購06,0,0,0,0,0,0,0,0,0,-26000,0,0,0,79000,105000,-26000,-26000
062127,台勝科統一01購02,0,0,0,0,0,0,0,0,0,-26000,0,0,0,0,26000,-26000,-26000
061751,華通台新9B購01  ,0,0,0,0,0,0,0,0,0,-26000,0,0,0,0,26000,-26000,-26000
061803,巨大永豐9B購01  ,0,0,0,0,0,0,0,0,0,-26000,0,0,0,10000,36000,-26000,-26000
062718,技嘉凱基9B購01  ,0,0,0,0,0,0,0,0,0,-26000,0,0,0,117000,143000,-26000,-26000
062925,建準國票9B購01  ,0,0,0,0,0,0,0,0,0,-26000,0,0,0,24000,50000,-26000,-26000
063181,聚陽凱基9B購01  ,0,0,0,0,0,0,0,0,0,-26000,0,0,0,0,26000,-26000,-26000
063511,南電群益9B購02  ,0,0,0,0,0,0,0,0,0,-26000,0,0,0,39000,65000,-26000,-26000
2380,虹光            ,3000,29000,-26000,0,0,0,0,0,0,-1000,0,1000,-1000,0,0,0,-27000
07996P,亞德客凱基9B售03,0,0,0,0,0,0,0,0,0,-27000,0,0,0,0,27000,-27000,-27000
07998P,聯電凱基9C售01  ,0,20000,-20000,0,0,0,0,0,0,-7000,0,0,0,40000,47000,-7000,-27000
1445,大宇            ,34000,61000,-27000,0,0,0,0,0,0,0,0,0,0,0,0,0,-27000
07744P,奇力新凱基9A售05,0,0,0,0,0,0,0,0,0,-27000,0,0,0,23000,50000,-27000,-27000
07008P,台郡中信99售02  ,0,0,0,0,0,0,0,0,0,-27000,0,0,0,0,27000,-27000,-27000
06726P,欣興元富98售04  ,0,0,0,0,0,0,0,0,0,-27000,0,0,0,0,27000,-27000,-27000
06569P,可成永豐98售01  ,0,0,0,0,0,0,0,0,0,-27000,0,0,0,0,27000,-27000,-27000
06525P,上証2X國泰99售01,0,0,0,0,0,0,0,0,0,-27000,0,0,0,8000,35000,-27000,-27000
054708,華通統一97購02  ,0,0,0,0,0,0,0,0,0,-27000,0,0,0,50000,77000,-27000,-27000
054638,國泰金中信99購01,0,0,0,0,0,0,0,0,0,-27000,0,0,0,3000,30000,-27000,-27000
056905,欣興元大98購03  ,0,0,0,0,0,0,0,0,0,-27000,0,0,0,59000,86000,-27000,-27000
056683,台積電統一98購05,0,0,0,0,0,0,0,0,0,-27000,0,0,0,0,27000,-27000,-27000
057958,禾伸堂元大99購05,0,0,0,0,0,0,0,0,0,-27000,0,0,0,23000,50000,-27000,-27000
061973,上銀元大9B購01  ,0,0,0,0,0,0,0,0,0,-27000,0,0,0,3000,30000,-27000,-27000
060342,台積電統一02購01,0,0,0,0,0,0,0,0,0,-27000,0,0,0,0,27000,-27000,-27000
063494,金像電富邦9B購01,0,0,0,0,0,0,0,0,0,-27000,0,0,0,33000,60000,-27000,-27000
063667,全新統一01購02  ,0,0,0,0,0,0,0,0,0,-27000,0,0,0,97000,124000,-27000,-27000
064442,嘉聯益凱基9C購01,0,0,0,0,0,0,0,0,0,-27000,0,0,0,80000,107000,-27000,-27000
063308,緯穎凱基9B購05  ,0,0,0,0,0,0,0,0,0,-27000,0,0,0,0,27000,-27000,-27000
062678,華通統一9C購04  ,0,0,0,0,0,0,0,0,0,-27000,0,0,0,13000,40000,-27000,-27000
8996,高力            ,445000,487000,-42000,0,0,0,0,0,0,15000,15000,0,15000,0,0,0,-27000
06581P,南亞科凱基98售04,0,0,0,0,0,0,0,0,0,-28000,0,0,0,0,28000,-28000,-28000
06582P,可成凱基98售06  ,0,0,0,0,0,0,0,0,0,-28000,0,0,0,20000,48000,-28000,-28000
064759,景碩凱基9C購01  ,0,0,0,0,0,0,0,0,0,-28000,0,0,0,0,28000,-28000,-28000
1507,永大            ,66000,54000,12000,0,0,0,0,0,0,-40000,0,40000,-40000,0,0,0,-28000
2059,川湖            ,39000,61000,-22000,0,0,0,0,0,0,-6000,4000,10000,-6000,0,0,0,-28000
08150P,立積國票9C售01  ,0,0,0,0,0,0,0,0,0,-28000,0,0,0,20000,48000,-28000,-28000
3694,海華            ,8000,36000,-28000,0,0,0,0,0,0,0,0,0,0,0,0,0,-28000
057006,國巨中信98購03  ,0,0,0,0,0,0,0,0,0,-28000,0,0,0,0,28000,-28000,-28000
057330,台積電國票99購03,0,0,0,0,0,0,0,0,0,-28000,0,0,0,9000,37000,-28000,-28000
050842,旺宏國票97購01  ,0,0,0,0,0,0,0,0,0,-28000,0,0,0,2000,30000,-28000,-28000
060015,國巨康和99購03  ,0,0,0,0,0,0,0,0,0,-28000,0,0,0,42000,70000,-28000,-28000
060547,瑞昱凱基9A購01  ,0,0,0,0,0,0,0,0,0,-28000,0,0,0,10000,38000,-28000,-28000
059037,宏達電群益99購02,0,0,0,0,0,0,0,0,0,-28000,0,0,0,41000,69000,-28000,-28000
059125,台積電第一03購02,0,0,0,0,0,0,0,0,0,-28000,0,0,0,1000,29000,-28000,-28000
061195,健策永豐9B購02  ,0,0,0,0,0,0,0,0,0,-28000,0,0,0,0,28000,-28000,-28000
058167,鴻海凱基9A購03  ,0,0,0,0,0,0,0,0,0,-28000,0,0,0,0,28000,-28000,-28000
058261,大立光富邦03購01,0,0,0,0,0,0,0,0,0,-28000,0,0,0,134000,162000,-28000,-28000
062716,鴻海凱基9B購06  ,0,0,0,0,0,0,0,0,0,-28000,0,0,0,67000,95000,-28000,-28000
063042,同欣電凱基9C購01,0,0,0,0,0,0,0,0,0,-28000,0,0,0,109000,137000,-28000,-28000
064523,聯茂群益9C購01  ,0,0,0,0,0,0,0,0,0,-28000,0,0,0,79000,107000,-28000,-28000
064111,國巨國票02購02  ,0,0,0,0,0,0,0,0,0,-28000,0,0,0,527000,555000,-28000,-28000
063793,和大凱基9C購01  ,0,0,0,0,0,0,0,0,0,-28000,0,0,0,12000,40000,-28000,-28000
063560,力山元大9B購05  ,0,0,0,0,0,0,0,0,0,-28000,0,0,0,99000,127000,-28000,-28000
2373,震旦行          ,8000,28000,-20000,0,0,0,0,0,0,-9000,0,9000,-9000,0,0,0,-29000
2536,宏普            ,52000,31000,21000,0,0,0,0,50000,-50000,0,0,0,0,0,0,0,-29000
064714,和大統一02購02  ,0,0,0,0,0,0,0,0,0,-29000,0,0,0,86000,115000,-29000,-29000
06535P,可成群益99售02  ,0,0,0,0,0,0,0,0,0,-29000,0,0,0,7000,36000,-29000,-29000
06980P,緯穎永豐99售02  ,0,0,0,0,0,0,0,0,0,-29000,0,0,0,5000,34000,-29000,-29000
07069P,欣興元富99售02  ,0,0,0,0,0,0,0,0,0,-29000,0,0,0,0,29000,-29000,-29000
06867P,訊芯元大98售08  ,0,0,0,0,0,0,0,0,0,-29000,0,0,0,27000,56000,-29000,-29000
07255P,國巨凱基99售15  ,0,0,0,0,0,0,0,0,0,-29000,0,0,0,0,29000,-29000,-29000
07837P,華邦電元大9A售01,0,0,0,0,0,0,0,0,0,-29000,0,0,0,0,29000,-29000,-29000
055245,凱美統一99購01  ,0,0,0,0,0,0,0,0,0,-29000,0,0,0,1000,30000,-29000,-29000
052130,國巨凱基9B購01  ,0,0,0,0,0,0,0,0,0,-29000,0,0,0,36000,65000,-29000,-29000
057249,華邦電統一9A購01,0,0,0,0,0,0,0,0,0,-29000,0,0,0,76000,105000,-29000,-29000
061433,華通麥證9A購03  ,0,0,0,1000,30000,-29000,0,0,0,-29000,0,0,0,1000,30000,-29000,-29000
05859P,台表科國票97售04,0,0,0,0,0,0,0,0,0,-29000,0,0,0,11000,40000,-29000,-29000
058610,欣興元大99購05  ,0,0,0,0,0,0,0,0,0,-29000,0,0,0,49000,78000,-29000,-29000
060845,欣興國票9A購01  ,0,0,0,0,0,0,0,0,0,-29000,0,0,0,24000,53000,-29000,-29000
059200,京鼎永豐99購02  ,0,0,0,0,0,0,0,0,0,-29000,0,0,0,108000,137000,-29000,-29000
060752,上銀元大9A購04  ,0,0,0,0,0,0,0,0,0,-29000,0,0,0,0,29000,-29000,-29000
061892,亞德客永豐9B購01,0,0,0,0,0,0,0,0,0,-29000,0,0,0,5000,34000,-29000,-29000
063386,國巨兆豐9B購04  ,0,0,0,0,0,0,0,0,0,-29000,0,0,0,1000,30000,-29000,-29000
063387,台積電兆豐9B購03,0,0,0,0,0,0,0,0,0,-29000,0,0,0,79000,108000,-29000,-29000
063427,南六凱基9B購04  ,0,0,0,0,0,0,0,0,0,-29000,0,0,0,0,29000,-29000,-29000
064011,嘉晶國票9C購01  ,0,0,0,0,0,0,0,0,0,-29000,0,0,0,9000,38000,-29000,-29000
064448,裕隆統一02購01  ,0,0,0,0,0,0,0,0,0,-29000,0,0,0,438000,467000,-29000,-29000
064390,台塑永豐9C購01  ,0,0,0,0,0,0,0,0,0,-29000,0,0,0,12000,41000,-29000,-29000
06285P,台積電國票98售04,0,0,0,0,0,0,0,0,0,-29000,0,0,0,0,29000,-29000,-29000
062391,台達電富邦9C購01,0,0,0,0,0,0,0,0,0,-29000,0,0,0,21000,50000,-29000,-29000
07854P,台積電凱基9A售28,0,0,0,0,0,0,0,0,0,-30000,0,0,0,0,30000,-30000,-30000
07687P,上銀元大9A售06  ,0,0,0,0,0,0,0,0,0,-30000,0,0,0,0,30000,-30000,-30000
07705P,台積電元大9A售26,0,0,0,0,0,0,0,0,0,-30000,0,0,0,0,30000,-30000,-30000
07682P,聯發科凱基9A售15,0,0,0,0,0,0,0,0,0,-30000,0,0,0,0,30000,-30000,-30000
07570P,旺宏凱基9A售04  ,0,0,0,0,0,0,0,0,0,-30000,0,0,0,0,30000,-30000,-30000
07574P,國巨元大9A售12  ,0,0,0,0,0,0,0,0,0,-30000,0,0,0,0,30000,-30000,-30000
07148P,富邦金元大99售01,0,0,0,0,0,0,0,0,0,-30000,0,0,0,51000,81000,-30000,-30000
07178P,臺股指凱基99售20,0,0,0,0,0,0,0,0,0,-30000,0,0,0,0,30000,-30000,-30000
07040P,台灣50元大9C售02,0,0,0,0,0,0,0,0,0,-30000,0,0,0,0,30000,-30000,-30000
065025,健策永豐9C購02  ,0,0,0,0,0,0,0,0,0,-30000,0,0,0,1000,31000,-30000,-30000
064954,奇鋐凱基9C購01  ,0,0,0,0,0,0,0,0,0,-30000,0,0,0,0,30000,-30000,-30000
06579P,臺股指麥證98售03,0,0,0,0,30000,-30000,0,0,0,-30000,0,0,0,0,30000,-30000,-30000
06724P,台灣50國票98售01,0,0,0,0,0,0,0,0,0,-30000,0,0,0,0,30000,-30000,-30000
064817,鈺齊元大9C購02  ,0,0,0,0,0,0,0,0,0,-30000,0,0,0,0,30000,-30000,-30000
08137P,台灣50元大9B售24,0,0,0,0,0,0,0,0,0,-30000,0,0,0,0,30000,-30000,-30000
07994P,臺股指群益9B售04,0,0,0,0,0,0,0,0,0,-30000,0,0,0,0,30000,-30000,-30000
08025P,臺股指凱基9B售11,0,0,0,0,0,0,0,0,0,-30000,0,0,0,0,30000,-30000,-30000
08303P,聯發科富邦9C售05,0,0,0,0,0,0,0,0,0,-30000,0,0,0,0,30000,-30000,-30000
08224P,臺股指凱基9B售19,0,0,0,0,0,0,0,0,0,-30000,0,0,0,0,30000,-30000,-30000
08429P,台達電凱基9C售01,0,0,0,0,0,0,0,0,0,-30000,0,0,0,0,30000,-30000,-30000
08380P,GIS元大9C售06   ,0,0,0,0,0,0,0,0,0,-30000,0,0,0,0,30000,-30000,-30000
056456,群創凱基9B購01  ,0,0,0,0,0,0,0,0,0,-30000,0,0,0,0,30000,-30000,-30000
056281,深中小永豐97購01,0,0,0,0,0,0,0,0,0,-30000,0,0,0,0,30000,-30000,-30000
056080,世紀鋼元大97購03,0,0,0,0,0,0,0,0,0,-30000,0,0,0,0,30000,-30000,-30000
056709,華通永豐98購01  ,0,0,0,0,0,0,0,0,0,-30000,0,0,0,0,30000,-30000,-30000
056725,鴻海國票99購03  ,0,0,0,0,0,0,0,0,0,-30000,0,0,0,0,30000,-30000,-30000
061047,大立光第一9A購01,0,0,0,0,0,0,0,0,0,-30000,0,0,0,0,30000,-30000,-30000
056592,台積電元富98購01,0,0,0,0,0,0,0,0,0,-30000,0,0,0,10000,40000,-30000,-30000
056547,臻鼎凱基99購01  ,0,0,0,0,0,0,0,0,0,-30000,0,0,0,0,30000,-30000,-30000
052542,友達元富98購01  ,0,0,0,0,0,0,0,0,0,-30000,0,0,0,0,30000,-30000,-30000
03679C,臺股指元大04牛04,0,0,0,0,0,0,0,0,0,-30000,0,0,0,10000,40000,-30000,-30000
055399,超眾統一99購01  ,0,0,0,0,0,0,0,0,0,-30000,0,0,0,20000,50000,-30000,-30000
055741,健策元富97購01  ,0,0,0,0,0,0,0,0,0,-30000,0,0,0,0,30000,-30000,-30000
056345,嘉聯益凱基99購01,0,0,0,0,0,0,0,0,0,-30000,0,0,0,0,30000,-30000,-30000
056382,道瓊反國泰9A購01,0,0,0,0,0,0,0,0,0,-30000,0,0,0,0,30000,-30000,-30000
053350,台表科國票97購02,0,0,0,0,0,0,0,0,0,-30000,0,0,0,0,30000,-30000,-30000
058803,世紀鋼元大99購03,0,0,0,0,0,0,0,0,0,-30000,0,0,0,82000,112000,-30000,-30000
060761,南亞科元大9A購05,0,0,0,0,0,0,0,0,0,-30000,0,0,0,0,30000,-30000,-30000
060656,國巨統一9C購03  ,0,0,0,0,0,0,0,0,0,-30000,0,0,0,32000,62000,-30000,-30000
059945,嘉澤永豐99購03  ,0,0,0,0,0,0,0,0,0,-30000,0,0,0,30000,60000,-30000,-30000
059829,超眾凱基99購05  ,0,0,0,0,0,0,0,0,0,-30000,0,0,0,0,30000,-30000,-30000
059820,南亞科凱基99購07,0,0,0,0,0,0,0,0,0,-30000,0,0,0,10000,40000,-30000,-30000
058936,國喬中信99購01  ,0,0,0,0,0,0,0,0,0,-30000,0,0,0,38000,68000,-30000,-30000
061199,道瓊反元大9A購05,0,0,0,0,0,0,0,0,0,-30000,0,0,0,0,30000,-30000,-30000
058274,世紀鋼永豐99購01,0,0,0,0,0,0,0,0,0,-30000,0,0,0,0,30000,-30000,-30000
058211,國巨群益9A購02  ,0,0,0,0,0,0,0,0,0,-30000,0,0,0,0,30000,-30000,-30000
062340,力成麥證9B購01  ,0,0,0,37000,67000,-30000,0,0,0,-30000,0,0,0,37000,67000,-30000,-30000
062509,SP黃豆國票9B購03,0,0,0,0,0,0,0,0,0,-30000,0,0,0,10000,40000,-30000,-30000
062523,世紀鋼元大9C購03,0,0,0,0,0,0,0,0,0,-30000,0,0,0,40000,70000,-30000,-30000
062611,台灣50元大9B購18,0,0,0,0,0,0,0,0,0,-30000,0,0,0,0,30000,-30000,-30000
062161,南六凱基9C購01  ,0,0,0,0,0,0,0,0,0,-30000,0,0,0,20000,50000,-30000,-30000
062684,華新科統一01購02,0,0,0,0,0,0,0,0,0,-30000,0,0,0,74000,104000,-30000,-30000
062746,致伸永豐9B購01  ,0,0,0,0,0,0,0,0,0,-30000,0,0,0,0,30000,-30000,-30000
062762,聯詠凱基9B購02  ,0,0,0,0,0,0,0,0,0,-30000,0,0,0,0,30000,-30000,-30000
062805,台勝科統一9C購01,0,0,0,0,0,0,0,0,0,-30000,0,0,0,0,30000,-30000,-30000
064219,滬深2X國票03購01,0,0,0,0,0,0,0,0,0,-30000,0,0,0,0,30000,-30000,-30000
063382,南茂永豐9B購01  ,0,0,0,0,0,0,0,0,0,-30000,0,0,0,14000,44000,-30000,-30000
063797,台積電凱基02購02,0,0,0,0,0,0,0,0,0,-30000,0,0,0,3000,33000,-30000,-30000
063631,燿華元大9B購06  ,0,0,0,0,0,0,0,0,0,-30000,0,0,0,53000,83000,-30000,-30000
2514,龍邦            ,38000,30000,8000,0,0,0,0,0,0,-39000,0,39000,-39000,0,0,0,-31000
064885,T50反1中信04購01,0,0,0,0,0,0,0,0,0,-31000,0,0,0,0,31000,-31000,-31000
064784,祥碩群益9C購01  ,0,0,0,0,0,0,0,0,0,-31000,0,0,0,0,31000,-31000,-31000
064546,燿華凱基02購01  ,0,0,0,0,0,0,0,0,0,-31000,0,0,0,82000,113000,-31000,-31000
06553P,訊芯元大98售05  ,0,0,0,0,0,0,0,0,0,-31000,0,0,0,19000,50000,-31000,-31000
07076P,鴻海凱基9A售08  ,0,0,0,0,0,0,0,0,0,-31000,0,0,0,23000,54000,-31000,-31000
07202P,台灣50凱基9C售04,0,0,0,0,0,0,0,0,0,-31000,0,0,0,60000,91000,-31000,-31000
07864P,可成元大9B售01  ,0,0,0,0,0,0,0,0,0,-31000,0,0,0,20000,51000,-31000,-31000
056894,佳世達元大99購01,0,0,0,0,0,0,0,0,0,-31000,0,0,0,0,31000,-31000,-31000
058735,南茂永豐99購01  ,0,0,0,0,0,0,0,0,0,-31000,0,0,0,189000,220000,-31000,-31000
060278,道瓊反元大9A購03,0,0,0,0,0,0,0,0,0,-31000,0,0,0,39000,70000,-31000,-31000
059926,世紀鋼國泰9B購01,0,0,0,0,0,0,0,0,0,-31000,0,0,0,39000,70000,-31000,-31000
057980,聯詠永豐98購01  ,0,0,0,0,0,0,0,0,0,-31000,0,0,0,12000,43000,-31000,-31000
063683,大成鋼永豐9B購01,0,0,0,0,0,0,0,0,0,-31000,0,0,0,41000,72000,-31000,-31000
063342,台光電統一9B購02,0,0,0,0,0,0,0,0,0,-31000,0,0,0,70000,101000,-31000,-31000
064134,瑞祺元大9C購02  ,0,0,0,0,0,0,0,0,0,-31000,0,0,0,52000,83000,-31000,-31000
062593,健策統一9B購03  ,0,0,0,0,0,0,0,0,0,-31000,0,0,0,22000,53000,-31000,-31000
1537,廣隆            ,5000,36600,-31600,0,0,0,0,0,0,0,0,0,0,0,0,0,-31600
2616,山隆            ,12000,44000,-32000,0,0,0,0,0,0,0,0,0,0,0,0,0,-32000
07760P,力山永豐9A售03  ,0,0,0,0,0,0,0,0,0,-32000,0,0,0,0,32000,-32000,-32000
07657P,技嘉凱基9A售03  ,0,0,0,0,0,0,0,0,0,-32000,0,0,0,18000,50000,-32000,-32000
07384P,大立光群益9A售01,0,0,0,0,0,0,0,0,0,-32000,0,0,0,0,32000,-32000,-32000
06850P,聯茂元大98售06  ,0,0,0,0,0,0,0,0,0,-32000,0,0,0,0,32000,-32000,-32000
06936P,瑞儀元大98售01  ,0,0,0,0,0,0,0,0,0,-32000,0,0,0,0,32000,-32000,-32000
06564P,國巨富邦9A售04  ,0,0,0,0,0,0,0,0,0,-32000,0,0,0,40000,72000,-32000,-32000
06585P,鴻海元大99售04  ,0,0,0,0,0,0,0,0,0,-32000,0,0,0,0,32000,-32000,-32000
065082,台光電元大9C購04,0,0,0,0,0,0,0,0,0,-32000,0,0,0,15000,47000,-32000,-32000
064589,聯鈞永豐9C購01  ,0,0,0,0,0,0,0,0,0,-32000,0,0,0,0,32000,-32000,-32000
06466P,台積電統一9B售01,0,0,0,0,0,0,0,0,0,-32000,0,0,0,20000,52000,-32000,-32000
064650,台表科凱基03購01,0,0,0,0,0,0,0,0,0,-32000,0,0,0,28000,60000,-32000,-32000
056940,嘉聯益元富98購01,0,0,0,0,0,0,0,0,0,-32000,0,0,0,0,32000,-32000,-32000
057299,立積永豐98購02  ,0,0,0,0,0,0,0,0,0,-32000,0,0,0,3000,35000,-32000,-32000
03875P,滬深2X國票05售01,0,0,0,0,0,0,0,0,0,-32000,0,0,0,0,32000,-32000,-32000
057981,臻鼎永豐98購01  ,0,0,0,0,0,0,0,0,0,-32000,0,0,0,2000,34000,-32000,-32000
059772,可成群益9A購05  ,0,0,0,0,0,0,0,0,0,-32000,0,0,0,39000,71000,-32000,-32000
059162,國巨凱基99購12  ,0,0,0,0,0,0,0,0,0,-32000,0,0,0,70000,102000,-32000,-32000
058583,臻鼎群益99購01  ,0,0,0,0,0,0,0,0,0,-32000,0,0,0,0,32000,-32000,-32000
061379,鈺齊永豐9A購02  ,0,0,0,0,0,0,0,0,0,-32000,0,0,0,0,32000,-32000,-32000
062019,嘉澤永豐9B購01  ,0,0,0,0,0,0,0,0,0,-32000,0,0,0,0,32000,-32000,-32000
062785,世芯元大9C購01  ,0,0,0,0,0,0,0,0,0,-32000,0,0,0,218000,250000,-32000,-32000
062777,鴻海元大9C購03  ,0,0,0,0,0,0,0,0,0,-32000,0,0,0,10000,42000,-32000,-32000
064109,上銀國票01購01  ,0,0,0,0,0,0,0,0,0,-32000,0,0,0,0,32000,-32000,-32000
064373,和大元富03購01  ,0,0,0,0,0,0,0,0,0,-32000,0,0,0,242000,274000,-32000,-32000
6505,台塑化          ,1813505,1833340,-19835,0,0,0,627000,0,627000,-640000,80000,720000,-640000,0,0,0,-32835
07020P,玉晶光台新99售02,0,0,0,0,0,0,0,0,0,-33000,0,0,0,360000,393000,-33000,-33000
07341P,台積電凱基99售18,0,0,0,0,0,0,0,0,0,-33000,0,0,0,0,33000,-33000,-33000
2634,漢翔            ,287000,143000,144000,0,0,0,0,0,0,-177000,0,143000,-143000,0,34000,-34000,-33000
2705,六福            ,19000,52000,-33000,0,0,0,0,0,0,0,0,0,0,0,0,0,-33000
08208P,臺股指群益9B售16,0,0,0,0,0,0,0,0,0,-33000,0,0,0,0,33000,-33000,-33000
08191P,鴻海台新9B售03  ,0,0,0,0,0,0,0,0,0,-33000,0,0,0,0,33000,-33000,-33000
08101P,超眾群益9B售02  ,0,0,0,0,0,0,0,0,0,-33000,0,0,0,0,33000,-33000,-33000
043442,大立光台新01購01,0,0,0,0,0,0,0,0,0,-33000,0,0,0,181000,214000,-33000,-33000
053818,富邦金群益98購01,0,0,0,0,0,0,0,0,0,-33000,0,0,0,17000,50000,-33000,-33000
05537P,群創中信98售01  ,0,0,0,0,0,0,0,0,0,-33000,0,0,0,0,33000,-33000,-33000
056463,台虹凱基98購02  ,0,0,0,0,0,0,0,0,0,-33000,0,0,0,0,33000,-33000,-33000
058445,旺宏富邦9C購01  ,0,0,0,0,0,0,0,0,0,-33000,0,0,0,37000,70000,-33000,-33000
060244,大立光元大9B購02,0,0,0,0,0,0,0,0,0,-33000,0,0,0,5000,38000,-33000,-33000
061364,國巨國票9A購09  ,0,0,0,0,0,0,0,0,0,-33000,0,0,0,18000,51000,-33000,-33000
060738,矽格統一9C購01  ,0,0,0,0,0,0,0,0,0,-33000,0,0,0,9000,42000,-33000,-33000
061516,力成永豐9A購02  ,0,0,0,0,0,0,0,0,0,-33000,0,0,0,100000,133000,-33000,-33000
064228,同欣電國票01購01,0,0,0,0,0,0,0,0,0,-33000,0,0,0,64000,97000,-33000,-33000
063951,新日興元大9C購01,0,0,0,0,0,0,0,0,0,-33000,0,0,0,160000,193000,-33000,-33000
063317,大立光群益9B購06,0,0,0,0,0,0,0,0,0,-33000,0,0,0,0,33000,-33000,-33000
063851,健策元大01購01  ,0,0,0,0,0,0,0,0,0,-33000,0,0,0,149000,182000,-33000,-33000
062988,儒鴻群益9B購01  ,0,0,0,0,0,0,0,0,0,-33000,0,0,0,0,33000,-33000,-33000
063106,台表科群益9B購03,0,0,0,0,0,0,0,0,0,-33000,0,0,0,79000,112000,-33000,-33000
062043,牧德凱基9B購04  ,0,0,0,0,0,0,0,0,0,-33000,0,0,0,100000,133000,-33000,-33000
07972P,大立光統一9C售05,0,0,0,0,0,0,0,0,0,-34000,0,0,0,36000,70000,-34000,-34000
08054P,臺股指國票9B售19,0,0,0,0,0,0,0,0,0,-34000,0,0,0,15000,49000,-34000,-34000
2466,冠西電          ,20000,54000,-34000,0,0,0,0,0,0,0,0,0,0,0,0,0,-34000
06661P,玉晶光永豐98售05,0,0,0,0,0,0,0,0,0,-34000,0,0,0,20000,54000,-34000,-34000
056267,文曄統一97購02  ,0,0,0,0,0,0,0,0,0,-34000,0,0,0,62000,96000,-34000,-34000
057377,康控元大99購02  ,0,0,0,0,0,0,0,0,0,-34000,0,0,0,10000,44000,-34000,-34000
057767,緯穎凱基98購06  ,0,60000,-60000,0,0,0,0,0,0,26000,0,0,0,76000,50000,26000,-34000
057493,聯詠元大98購02  ,0,0,0,0,0,0,0,0,0,-34000,0,0,0,0,34000,-34000,-34000
054151,瑞昱國泰97購01  ,0,0,0,0,0,0,0,0,0,-34000,0,0,0,0,34000,-34000,-34000
058110,光寶科元富98購01,0,0,0,0,0,0,0,0,0,-34000,0,0,0,20000,54000,-34000,-34000
061896,景碩永豐9B購01  ,0,0,0,0,0,0,0,0,0,-34000,0,0,0,99000,133000,-34000,-34000
060016,廣達康和99購01  ,0,0,0,0,0,0,0,0,0,-34000,0,0,0,77000,111000,-34000,-34000
060333,金寶康和9A購01  ,0,0,0,0,0,0,0,0,0,-34000,0,0,0,16000,50000,-34000,-34000
060431,復盛永豐9A購01  ,0,0,0,0,0,0,0,0,0,-34000,0,0,0,0,34000,-34000,-34000
062102,T50反1國票9B購07,0,0,0,0,0,0,0,0,0,-34000,0,0,0,20000,54000,-34000,-34000
062427,嘉澤統一01購01  ,0,0,0,0,0,0,0,0,0,-34000,0,0,0,47000,81000,-34000,-34000
063300,華通凱基9B購05  ,0,0,0,0,0,0,0,0,0,-34000,0,0,0,11000,45000,-34000,-34000
062731,力成凱基9B購02  ,0,0,0,0,0,0,0,0,0,-34000,0,0,0,26000,60000,-34000,-34000
063719,T50反1元大9B購11,0,0,0,0,0,0,0,0,0,-34000,0,0,0,70000,104000,-34000,-34000
064061,GIS麥證01購01   ,0,0,0,1000,35000,-34000,0,0,0,-34000,0,0,0,1000,35000,-34000,-34000
064126,聯發科元大9C購05,0,0,0,0,0,0,0,0,0,-34000,0,0,0,21000,55000,-34000,-34000
064508,力成元大9C購03  ,0,0,0,0,0,0,0,0,0,-34000,0,0,0,14000,48000,-34000,-34000
06801P,技嘉群益99售02  ,0,0,0,0,0,0,0,0,0,-35000,0,0,0,16000,51000,-35000,-35000
065000,和大國票02購01  ,0,0,0,0,0,0,0,0,0,-35000,0,0,0,0,35000,-35000,-35000
064748,力成國票01購01  ,0,0,0,0,0,0,0,0,0,-35000,0,0,0,0,35000,-35000,-35000
064723,大立光統一02購04,0,0,0,0,0,0,0,0,0,-35000,0,0,0,0,35000,-35000,-35000
064847,金像電元富9C購01,0,0,0,0,0,0,0,0,0,-35000,0,0,0,50000,85000,-35000,-35000
07172P,臺股指國票99售09,0,0,0,0,0,0,0,0,0,-35000,0,0,0,0,35000,-35000,-35000
06828P,臺股指國票98售04,0,0,0,0,0,0,0,0,0,-35000,0,0,0,0,35000,-35000,-35000
07975P,國巨元大9B售15  ,0,0,0,0,0,0,0,0,0,-35000,0,0,0,15000,50000,-35000,-35000
08092P,仁寶元富9B售02  ,0,0,0,0,0,0,0,0,0,-35000,0,0,0,0,35000,-35000,-35000
08171P,嘉澤國票9C售01  ,0,0,0,0,0,0,0,0,0,-35000,0,0,0,0,35000,-35000,-35000
1615,大山            ,7000,42000,-35000,0,0,0,0,0,0,0,0,0,0,0,0,0,-35000
054510,S&P反1元大98購01,0,0,0,0,0,0,0,0,0,-35000,0,0,0,0,35000,-35000,-35000
055521,S&P反1群益01購01,0,0,0,0,0,0,0,0,0,-35000,0,0,0,15000,50000,-35000,-35000
054959,禾伸堂元大98購01,0,0,0,0,0,0,0,0,0,-35000,0,0,0,22000,57000,-35000,-35000
057531,禾伸堂元大99購04,0,0,0,0,0,0,0,0,0,-35000,0,0,0,44000,79000,-35000,-35000
057527,億光元大98購01  ,0,0,0,0,0,0,0,0,0,-35000,0,0,0,0,35000,-35000,-35000
057670,欣興元大99購02  ,0,0,0,0,0,0,0,0,0,-35000,0,0,0,32000,67000,-35000,-35000
056550,瑞儀凱基99購01  ,0,0,0,0,0,0,0,0,0,-35000,0,0,0,85000,120000,-35000,-35000
057792,群創統一99購01  ,0,0,0,0,0,0,0,0,0,-35000,0,0,0,5000,40000,-35000,-35000
056772,欣興元大99購01  ,0,0,0,0,0,0,0,0,0,-35000,0,0,0,51000,86000,-35000,-35000
056182,台光電統一97購03,0,0,0,0,0,0,0,0,0,-35000,0,0,0,35000,70000,-35000,-35000
056076,超眾元大97購05  ,0,0,0,0,0,0,0,0,0,-35000,0,0,0,10000,45000,-35000,-35000
056468,鴻海元大98購07  ,0,0,0,0,0,0,0,0,0,-35000,0,0,0,56000,91000,-35000,-35000
060756,鴻海元大9A購16  ,0,0,0,0,0,0,0,0,0,-35000,0,0,0,0,35000,-35000,-35000
061366,台勝科國票9A購01,0,0,0,0,0,0,0,0,0,-35000,0,0,0,0,35000,-35000,-35000
060678,聯詠元大9A購03  ,0,0,0,0,0,0,0,0,0,-35000,0,0,0,14000,49000,-35000,-35000
061564,華擎國票9A購02  ,0,0,0,0,0,0,0,0,0,-35000,0,0,0,0,35000,-35000,-35000
059121,瑞儀永豐99購01  ,0,0,0,0,0,0,0,0,0,-35000,0,0,0,17000,52000,-35000,-35000
060226,道瓊反元大9A購01,0,0,0,0,0,0,0,0,0,-35000,0,0,0,20000,55000,-35000,-35000
061223,T50反1中信01購01,0,0,0,0,0,0,0,0,0,-35000,0,0,0,0,35000,-35000,-35000
064526,臺股指群益9C購11,0,0,0,0,0,0,0,0,0,-35000,0,0,0,0,35000,-35000,-35000
064453,微星統一02購01  ,0,0,0,0,0,0,0,0,0,-35000,0,0,0,0,35000,-35000,-35000
064248,億光元富9C購01  ,0,0,0,0,0,0,0,0,0,-35000,0,0,0,100000,135000,-35000,-35000
063900,GIS群益9C購03   ,0,0,0,0,0,0,0,0,0,-35000,0,0,0,0,35000,-35000,-35000
063334,復盛國票9B購01  ,0,0,0,0,0,0,0,0,0,-35000,0,0,0,0,35000,-35000,-35000
063479,南六元大9B購06  ,0,0,0,0,0,0,0,0,0,-35000,0,0,0,57000,92000,-35000,-35000
062958,長榮航麥證9B購01,0,0,0,0,35000,-35000,0,0,0,-35000,0,0,0,0,35000,-35000,-35000
063268,GIS中信9B購01   ,0,0,0,0,0,0,0,0,0,-35000,0,0,0,130000,165000,-35000,-35000
062111,台勝科國票9B購01,0,0,0,0,0,0,0,0,0,-35000,0,0,0,0,35000,-35000,-35000
062063,世紀鋼統一9C購01,0,0,0,0,0,0,0,0,0,-35000,0,0,0,65000,100000,-35000,-35000
3665,貿聯-KY         ,178000,159758,18242,0,0,0,0,5000,-5000,-49000,41000,11000,30000,9000,88000,-79000,-35758
08186P,泰碩永豐9B售03  ,0,0,0,0,0,0,0,0,0,-36000,0,0,0,0,36000,-36000,-36000
06843P,鴻海元大98售11  ,0,0,0,0,0,0,0,0,0,-36000,0,0,0,0,36000,-36000,-36000
06938P,南電元大98售03  ,0,0,0,0,0,0,0,0,0,-36000,0,0,0,0,36000,-36000,-36000
07227P,聯發科元富99售05,0,0,0,0,0,0,0,0,0,-36000,0,0,0,165000,201000,-36000,-36000
07639P,緯穎國票9A售01  ,0,0,0,0,0,0,0,0,0,-36000,0,0,0,0,36000,-36000,-36000
07898P,國巨國泰9C售02  ,0,0,0,0,0,0,0,0,0,-36000,0,0,0,15000,51000,-36000,-36000
057019,台積電凱基98購14,0,0,0,0,0,0,0,0,0,-36000,0,0,0,0,36000,-36000,-36000
061069,嘉聯益凱基9A購01,0,0,0,0,0,0,0,0,0,-36000,0,0,0,70000,106000,-36000,-36000
060230,台積電元大9A購07,0,0,0,0,0,0,0,0,0,-36000,0,0,0,4000,40000,-36000,-36000
058241,景碩元大99購05  ,3000,0,3000,0,0,0,0,0,0,-39000,0,0,0,0,39000,-39000,-36000
057869,大立光凱基99購01,0,0,0,0,0,0,0,0,0,-36000,0,0,0,0,36000,-36000,-36000
061917,亞德客凱基9B購02,0,0,0,0,0,0,0,0,0,-36000,0,0,0,170000,206000,-36000,-36000
058049,帆宣元大98購01  ,0,0,0,0,0,0,0,0,0,-36000,0,0,0,10000,46000,-36000,-36000
061768,晶技元大9B購02  ,0,0,0,0,0,0,0,0,0,-36000,0,0,0,68000,104000,-36000,-36000
062170,健策永豐9B購04  ,0,0,0,0,0,0,0,0,0,-36000,0,0,0,67000,103000,-36000,-36000
062538,台積電國泰9C購02,0,0,0,0,0,0,0,0,0,-36000,0,0,0,10000,46000,-36000,-36000
063241,聯發科元大9B購18,0,0,0,0,0,0,0,0,0,-36000,0,0,0,20000,56000,-36000,-36000
062928,富邦金台新9B購02,0,0,0,0,0,0,0,0,0,-36000,0,0,0,133000,169000,-36000,-36000
063785,華通中信06購02  ,0,0,0,0,0,0,0,0,0,-36000,0,0,0,10000,46000,-36000,-36000
063953,世芯元大01購01  ,0,0,0,0,0,0,0,0,0,-36000,0,0,0,95000,131000,-36000,-36000
064008,日月光凱基9C購01,0,0,0,0,0,0,0,0,0,-36000,0,0,0,58000,94000,-36000,-36000
07667P,亞德客元大9A售05,0,0,0,0,0,0,0,0,0,-37000,0,0,0,23000,60000,-37000,-37000
06983P,台積電國泰9A售02,0,0,0,0,0,0,0,0,0,-37000,0,0,0,10000,47000,-37000,-37000
07050P,宏達電中信9B售01,0,0,0,0,0,0,0,0,0,-37000,0,0,0,0,37000,-37000,-37000
06509P,鴻海群益98售03  ,0,0,0,0,0,0,0,0,0,-37000,0,0,0,0,37000,-37000,-37000
08084P,台表科元大9B售06,0,0,0,0,0,0,0,0,0,-37000,0,0,0,18000,55000,-37000,-37000
2453,凌群            ,212000,240000,-28000,0,0,0,0,0,0,-9000,0,9000,-9000,0,0,0,-37000
2704,國賓            ,15000,52000,-37000,0,0,0,0,0,0,0,0,0,0,0,0,0,-37000
057740,茂林富邦9A購01  ,0,0,0,0,0,0,0,0,0,-37000,0,0,0,133000,170000,-37000,-37000
056191,世紀鋼統一97購01,0,0,0,0,0,0,0,0,0,-37000,0,0,0,22000,59000,-37000,-37000
051055,友達群益98購01  ,0,0,0,0,0,0,0,0,0,-37000,0,0,0,3000,40000,-37000,-37000
057231,美律凱基98購05  ,0,0,0,0,0,0,0,0,0,-37000,0,0,0,23000,60000,-37000,-37000
060770,宏達電麥證9A購01,0,0,0,0,37000,-37000,0,0,0,-37000,0,0,0,0,37000,-37000,-37000
061669,崇越中信9A購01  ,0,0,0,0,0,0,0,0,0,-37000,0,0,0,48000,85000,-37000,-37000
058074,欣興凱基99購01  ,0,0,0,0,0,0,0,0,0,-37000,0,0,0,3000,40000,-37000,-37000
05830P,滬深2X元富99售03,0,0,0,0,0,0,0,0,0,-37000,0,0,0,0,37000,-37000,-37000
058147,鈺齊元大99購01  ,0,0,0,0,0,0,0,0,0,-37000,0,0,0,0,37000,-37000,-37000
058580,華新科群益99購02,0,0,0,0,0,0,0,0,0,-37000,0,0,0,9000,46000,-37000,-37000
060275,元黃金元大9A購01,0,0,0,0,0,0,0,0,0,-37000,0,0,0,0,37000,-37000,-37000
064400,大成鋼凱基01購01,0,0,0,0,0,0,0,0,0,-37000,0,0,0,50000,87000,-37000,-37000
064315,創意群益9C購01  ,0,0,0,0,0,0,0,0,0,-37000,0,0,0,50000,87000,-37000,-37000
06386P,欣興永豐97售03  ,0,0,0,0,0,0,0,0,0,-37000,0,0,0,0,37000,-37000,-37000
2832,台產            ,7000,45000,-38000,0,0,0,0,0,0,0,0,0,0,0,0,0,-38000
3049,和鑫            ,217000,258000,-41000,0,0,0,0,0,0,3000,0,1000,-1000,4000,0,4000,-38000
08119P,南亞科統一9C售03,0,0,0,0,0,0,0,0,0,-38000,0,0,0,0,38000,-38000,-38000
06623P,立積元大98售04  ,0,0,0,0,0,0,0,0,0,-38000,0,0,0,0,38000,-38000,-38000
06586P,鴻海元大9C售01  ,0,0,0,0,0,0,0,0,0,-38000,0,0,0,0,38000,-38000,-38000
06485P,玉晶光群益9A售02,0,0,0,0,0,0,0,0,0,-38000,0,0,0,19000,57000,-38000,-38000
07636P,鴻海國票9A售05  ,0,0,0,0,0,0,0,0,0,-38000,0,0,0,0,38000,-38000,-38000
07880P,可成群益9B售05  ,0,0,0,0,0,0,0,0,0,-38000,0,0,0,0,38000,-38000,-38000
057221,華通國票98購03  ,0,0,0,0,0,0,0,0,0,-38000,0,0,0,0,38000,-38000,-38000
053297,鎧勝中信98購01  ,0,0,0,0,0,0,0,0,0,-38000,0,0,0,296000,334000,-38000,-38000
054767,日電貿國票98購01,0,0,0,0,0,0,0,0,0,-38000,0,0,0,0,38000,-38000,-38000
060964,日月光凱基9A購01,0,0,0,0,0,0,0,0,0,-38000,0,0,0,60000,98000,-38000,-38000
058085,景碩群益9A購01  ,0,0,0,0,0,0,0,0,0,-38000,0,0,0,18000,56000,-38000,-38000
061338,台積電元大9A購28,0,0,0,0,0,0,0,0,0,-38000,0,0,0,0,38000,-38000,-38000
060093,友達元大03購01  ,0,0,0,0,0,0,0,0,0,-38000,0,0,0,67000,105000,-38000,-38000
064311,新光金群益01購02,0,0,0,0,0,0,0,0,0,-38000,0,0,0,10000,48000,-38000,-38000
062803,嘉晶統一9B購02  ,0,0,0,0,0,0,0,0,0,-38000,0,0,0,117000,155000,-38000,-38000
062337,台表科統一01購01,0,0,0,0,0,0,0,0,0,-38000,0,0,0,65000,103000,-38000,-38000
07034P,大立光元富99售03,0,0,0,0,0,0,0,0,0,-39000,0,0,0,20000,59000,-39000,-39000
06959P,鴻海凱基9A售02  ,0,0,0,0,0,0,0,0,0,-39000,0,0,0,0,39000,-39000,-39000
064592,同欣電永豐9C購01,0,0,0,0,0,0,0,0,0,-39000,0,0,0,14000,53000,-39000,-39000
06666P,台積電日盛9A售02,0,0,0,0,0,0,0,0,0,-39000,0,0,0,2000,41000,-39000,-39000
065011,智邦國泰02購01  ,0,0,0,0,0,0,0,0,0,-39000,0,0,0,2000,41000,-39000,-39000
064984,同欣電元大9C購06,0,0,0,0,0,0,0,0,0,-39000,0,0,0,100000,139000,-39000,-39000
08045P,健策國票9B售01  ,0,0,0,0,0,0,0,0,0,-39000,0,0,0,20000,59000,-39000,-39000
08344P,旺宏元大01售02  ,0,0,0,0,0,0,0,0,0,-39000,0,0,0,0,39000,-39000,-39000
057840,健策富邦99購01  ,0,0,0,0,0,0,0,0,0,-39000,0,0,0,21000,60000,-39000,-39000
052888,台表科中信9A購01,0,0,0,0,0,0,0,0,0,-39000,0,0,0,1000,40000,-39000,-39000
059990,健策元大9A購01  ,0,0,0,0,0,0,0,0,0,-39000,0,0,0,12000,51000,-39000,-39000
059664,立積元大9C購01  ,0,0,0,0,0,0,0,0,0,-39000,0,0,0,2000,41000,-39000,-39000
058706,聯鈞元大9C購01  ,0,0,0,0,0,0,0,0,0,-39000,0,0,0,15000,54000,-39000,-39000
062948,台積電富邦01購02,0,0,0,0,0,0,0,0,0,-39000,0,0,0,0,39000,-39000,-39000
063295,京元電麥證9B購01,0,0,0,467000,506000,-39000,0,0,0,-39000,0,0,0,467000,506000,-39000,-39000
063013,技嘉元大9B購02  ,0,0,0,0,0,0,0,0,0,-39000,0,0,0,196000,235000,-39000,-39000
064441,嘉澤凱基9C購02  ,0,0,0,0,0,0,0,0,0,-39000,0,0,0,26000,65000,-39000,-39000
063828,台積電國票01購02,0,0,0,0,0,0,0,0,0,-39000,0,0,0,6000,45000,-39000,-39000
08318P,台積電台新01售01,0,0,0,0,0,0,0,0,0,-40000,0,0,0,0,40000,-40000,-40000
2496,卓越            ,0,40000,-40000,0,0,0,0,0,0,0,0,0,0,0,0,0,-40000
06961P,台積電凱基99售05,0,0,0,0,0,0,0,0,0,-40000,0,0,0,0,40000,-40000,-40000
06993P,鴻海凱基99售05  ,0,0,0,0,0,0,0,0,0,-40000,0,0,0,0,40000,-40000,-40000
07032P,聯發科統一9C售02,0,0,0,0,0,0,0,0,0,-40000,0,0,0,100000,140000,-40000,-40000
06911P,鴻海元大99售09  ,0,0,0,0,0,0,0,0,0,-40000,0,0,0,0,40000,-40000,-40000
07945P,上銀國票9B售02  ,0,0,0,0,0,0,0,0,0,-40000,0,0,0,20000,60000,-40000,-40000
052659,上証2X國票99購01,0,0,0,0,0,0,0,0,0,-40000,0,0,0,0,40000,-40000,-40000
052952,矽創國票97購02  ,0,0,0,0,0,0,0,0,0,-40000,0,0,0,0,40000,-40000,-40000
05305P,華新科國泰97售01,0,0,0,0,0,0,0,0,0,-40000,0,0,0,0,40000,-40000,-40000
00642U,元大S&P石油     ,1000,0,1000,0,0,0,0,0,0,-41000,0,0,0,211000,252000,-41000,-40000
03647C,T50反1元富99牛02,0,0,0,0,0,0,0,0,0,-40000,0,0,0,0,40000,-40000,-40000
053768,S&P反1元大99購01,0,0,0,0,0,0,0,0,0,-40000,0,0,0,0,40000,-40000,-40000
054749,聯茂凱基98購01  ,0,0,0,0,0,0,0,0,0,-40000,0,0,0,0,40000,-40000,-40000
055532,中工群益98購01  ,0,0,0,0,0,0,0,0,0,-40000,0,0,0,0,40000,-40000,-40000
057780,台郡群益98購02  ,0,0,0,0,0,0,0,0,0,-40000,0,0,0,0,40000,-40000,-40000
057461,國巨永豐98購07  ,0,0,0,0,0,0,0,0,0,-40000,0,0,0,60000,100000,-40000,-40000
057483,微星元大98購04  ,0,0,0,0,0,0,0,0,0,-40000,0,0,0,50000,90000,-40000,-40000
061025,創意富邦9B購01  ,0,0,0,0,0,0,0,0,0,-40000,0,0,0,0,40000,-40000,-40000
05606P,TPK國票97售02   ,0,0,0,0,0,0,0,0,0,-40000,0,0,0,0,40000,-40000,-40000
057391,樺漢永豐98購01  ,0,0,0,0,0,0,0,0,0,-40000,0,0,0,0,40000,-40000,-40000
057133,京鼎凱基98購02  ,0,0,0,0,0,0,0,0,0,-40000,0,0,0,0,40000,-40000,-40000
058876,南電國票9A購02  ,0,0,0,0,0,0,0,0,0,-40000,0,0,0,21000,61000,-40000,-40000
059160,華通凱基99購03  ,0,0,0,0,0,0,0,0,0,-40000,0,0,0,0,40000,-40000,-40000
060238,強茂元大9C購01  ,0,0,0,0,0,0,0,0,0,-40000,0,0,0,15000,55000,-40000,-40000
060170,世紀鋼永豐9A購01,0,0,0,0,0,0,0,0,0,-40000,0,0,0,10000,50000,-40000,-40000
058292,上銀凱基9A購01  ,0,0,0,0,0,0,0,0,0,-40000,0,0,0,0,40000,-40000,-40000
058239,景碩元大99購03  ,0,0,0,0,0,0,0,0,0,-40000,0,0,0,0,40000,-40000,-40000
058403,玉晶光元大99購12,0,0,0,0,0,0,0,0,0,-40000,0,0,0,39000,79000,-40000,-40000
060683,泰鼎元大9A購02  ,0,0,0,0,0,0,0,0,0,-40000,0,0,0,2000,42000,-40000,-40000
057852,國巨國票99購05  ,0,0,0,0,0,0,0,0,0,-40000,0,0,0,112000,152000,-40000,-40000
061598,南電永豐9A購04  ,0,0,0,0,0,0,0,0,0,-40000,0,0,0,0,40000,-40000,-40000
063812,智邦群益9C購02  ,0,0,0,0,0,0,0,0,0,-40000,0,0,0,10000,50000,-40000,-40000
063478,GIS元大9B購03   ,0,0,0,0,0,0,0,0,0,-40000,0,0,0,0,40000,-40000,-40000
063415,台積電凱基03購01,0,0,0,0,0,0,0,0,0,-40000,0,0,0,0,40000,-40000,-40000
064328,華通元大9C購04  ,0,0,0,0,0,0,0,0,0,-40000,0,0,0,0,40000,-40000,-40000
06424P,大成鋼永豐97售01,0,0,0,0,0,0,0,0,0,-40000,0,0,0,0,40000,-40000,-40000
063136,智邦統一9B購02  ,0,0,0,0,0,0,0,0,0,-40000,0,0,0,154000,194000,-40000,-40000
063307,同欣電凱基9B購02,0,0,0,0,0,0,0,0,0,-40000,0,0,0,173000,213000,-40000,-40000
063249,祥碩元大9B購06  ,0,0,0,0,0,0,0,0,0,-40000,0,0,0,109000,149000,-40000,-40000
062926,嘉澤國票9B購01  ,0,0,0,0,0,0,0,0,0,-40000,0,0,0,41000,81000,-40000,-40000
062897,上銀元大9B購06  ,0,0,0,0,0,0,0,0,0,-40000,0,0,0,1000,41000,-40000,-40000
062320,南電凱基9B購03  ,0,0,0,0,0,0,0,0,0,-40000,0,0,0,34000,74000,-40000,-40000
062091,世紀鋼元大9B購01,0,0,0,0,0,0,0,0,0,-40000,0,0,0,18000,58000,-40000,-40000
8462,柏文            ,30000,70000,-40000,0,0,0,0,0,0,0,0,0,0,0,0,0,-40000
06834P,訊芯群益99售02  ,0,0,0,0,0,0,0,0,0,-41000,0,0,0,9000,50000,-41000,-41000
07228P,台灣50群益9B售06,0,0,0,0,0,0,0,0,0,-41000,0,0,0,0,41000,-41000,-41000
07333P,台灣50國票9B售03,0,0,0,0,0,0,0,0,0,-41000,0,0,0,20000,61000,-41000,-41000
06583P,可成凱基98售07  ,0,0,0,0,0,0,0,0,0,-41000,0,0,0,0,41000,-41000,-41000
6166,凌華            ,25000,41000,-16000,0,0,0,0,0,0,-25000,0,25000,-25000,0,0,0,-41000
061639,晶豪科元大9A購02,0,0,0,0,0,0,0,0,0,-41000,0,0,0,30000,71000,-41000,-41000
059959,訊芯康和99購01  ,0,0,0,0,0,0,0,0,0,-41000,0,0,0,0,41000,-41000,-41000
058273,同欣電永豐99購01,0,0,0,0,0,0,0,0,0,-41000,0,0,0,0,41000,-41000,-41000
059189,國泰金富邦9B購01,0,0,0,0,0,0,0,0,0,-41000,0,0,0,77000,118000,-41000,-41000
059080,亞泥元大99購01  ,0,0,0,0,0,0,0,0,0,-41000,0,0,0,21000,62000,-41000,-41000
059053,鴻海凱基99購07  ,0,0,0,0,0,0,0,0,0,-41000,0,0,0,22000,63000,-41000,-41000
062858,微星國票9B購01  ,0,0,0,0,0,0,0,0,0,-41000,0,0,0,2000,43000,-41000,-41000
063290,GIS元大9B購02   ,0,0,0,0,0,0,0,0,0,-41000,0,0,0,35000,76000,-41000,-41000
06445P,大立光凱基98售09,0,0,0,0,0,0,0,0,0,-41000,0,0,0,11000,52000,-41000,-41000
064206,鴻海凱基03購02  ,0,0,0,0,0,0,0,0,0,-41000,0,0,0,20000,61000,-41000,-41000
063444,金像電統一03購01,0,0,0,0,0,0,0,0,0,-41000,0,0,0,6000,47000,-41000,-41000
07235P,T50正2元大9C售02,0,0,0,0,0,0,0,0,0,-42000,0,0,0,3000,45000,-42000,-42000
056068,欣興元大97購05  ,0,0,0,0,0,0,0,0,0,-42000,0,0,0,38000,80000,-42000,-42000
057448,致茂元富98購01  ,0,0,0,0,0,0,0,0,0,-42000,0,0,0,20000,62000,-42000,-42000
057599,技嘉群益9A購01  ,0,0,0,0,0,0,0,0,0,-42000,0,0,0,37000,79000,-42000,-42000
057725,台達電國泰9A購01,0,0,0,0,0,0,0,0,0,-42000,0,0,0,0,42000,-42000,-42000
058973,麗豐永豐99購01  ,0,0,0,0,0,0,0,0,0,-42000,0,0,0,96000,138000,-42000,-42000
058429,欣興元富99購01  ,0,0,0,0,0,0,0,0,0,-42000,0,0,0,21000,63000,-42000,-42000
060072,國巨元富99購04  ,0,0,0,0,0,0,0,0,0,-42000,0,0,0,80000,122000,-42000,-42000
063436,儒鴻統一01購03  ,0,0,0,0,0,0,0,0,0,-42000,0,0,0,153000,195000,-42000,-42000
063857,臺股指元大9C購10,0,0,0,0,0,0,0,0,0,-42000,0,0,0,40000,82000,-42000,-42000
064158,健鼎統一02購01  ,0,0,0,0,0,0,0,0,0,-42000,0,0,0,40000,82000,-42000,-42000
064485,儒鴻元大01購01  ,0,0,0,0,0,0,0,0,0,-42000,0,0,0,105000,147000,-42000,-42000
062029,牧德群益9B購03  ,0,0,0,0,0,0,0,0,0,-42000,0,0,0,56000,98000,-42000,-42000
062323,上銀統一9B購03  ,0,0,0,0,0,0,0,0,0,-42000,0,0,0,35000,77000,-42000,-42000
062362,致茂元大9B購01  ,0,0,0,0,0,0,0,0,0,-42000,0,0,0,163000,205000,-42000,-42000
07085P,超眾元富9C售01  ,0,0,0,0,0,0,0,0,0,-43000,0,0,0,0,43000,-43000,-43000
07838P,泰碩元大9A售04  ,0,0,0,0,0,0,0,0,0,-43000,0,0,0,19000,62000,-43000,-43000
064831,宏達電統一02購01,0,0,0,0,0,0,0,0,0,-43000,0,0,0,121000,164000,-43000,-43000
08201P,祥碩元大9B售09  ,0,0,0,0,0,0,0,0,0,-43000,0,0,0,35000,78000,-43000,-43000
055551,致茂凱基98購01  ,0,0,0,0,0,0,0,0,0,-43000,0,0,0,0,43000,-43000,-43000
055816,新日興國票98購01,0,0,0,0,0,0,0,0,0,-43000,0,0,0,0,43000,-43000,-43000
052775,滬深2X國票99購02,0,0,0,0,0,0,0,0,0,-43000,0,0,0,17000,60000,-43000,-43000
060385,台勝科凱基9A購01,0,0,0,0,0,0,0,0,0,-43000,0,0,0,10000,53000,-43000,-43000
061679,健策元大9B購04  ,0,0,0,0,0,0,0,0,0,-43000,0,0,0,72000,115000,-43000,-43000
061613,南六統一9C購01  ,0,0,0,0,0,0,0,0,0,-43000,0,0,0,111000,154000,-43000,-43000
061961,台積電統一01購02,0,0,0,0,0,0,0,0,0,-43000,0,0,0,2000,45000,-43000,-43000
058240,景碩元大99購04  ,0,0,0,0,0,0,0,0,0,-43000,0,0,0,0,43000,-43000,-43000
060855,華新科富邦01購01,0,0,0,0,0,0,0,0,0,-43000,0,0,0,28000,71000,-43000,-43000
058952,南茂群益99購01  ,0,0,0,0,0,0,0,0,0,-43000,0,0,0,73000,116000,-43000,-43000
063294,美律麥證9B購01  ,0,0,0,0,43000,-43000,0,0,0,-43000,0,0,0,0,43000,-43000,-43000
062787,超眾元大9C購02  ,0,0,0,0,0,0,0,0,0,-43000,0,0,0,24000,67000,-43000,-43000
054316,矽創凱基97購01  ,0,0,0,0,0,0,0,0,0,-44000,0,0,0,0,44000,-44000,-44000
060163,健策永豐9B購01  ,0,0,0,0,0,0,0,0,0,-44000,0,0,0,0,44000,-44000,-44000
061509,SP黃豆富邦9C購01,0,0,0,0,0,0,0,0,0,-44000,0,0,0,100000,144000,-44000,-44000
062821,華擎兆豐9C購01  ,0,0,0,0,0,0,0,0,0,-44000,0,0,0,85000,129000,-44000,-44000
062576,華擎群益9B購02  ,0,0,0,0,0,0,0,0,0,-44000,0,0,0,112000,156000,-44000,-44000
062271,華通群益9C購02  ,0,0,0,0,0,0,0,0,0,-44000,0,0,0,51000,95000,-44000,-44000
063938,上銀元大9C購03  ,0,0,0,0,0,0,0,0,0,-44000,0,0,0,1000,45000,-44000,-44000
063355,超眾元富9B購01  ,0,0,0,0,0,0,0,0,0,-44000,0,0,0,76000,120000,-44000,-44000
8341,日友            ,424000,467000,-43000,0,0,0,0,0,0,-1000,0,1000,-1000,0,0,0,-44000
064751,亞德客凱基9C購02,0,0,0,0,0,0,0,0,0,-45000,0,0,0,50000,95000,-45000,-45000
064593,鈺齊永豐9C購01  ,0,0,0,0,0,0,0,0,0,-45000,0,0,0,5000,50000,-45000,-45000
06657P,寶成元大98售01  ,0,0,0,0,0,0,0,0,0,-45000,0,0,0,5000,50000,-45000,-45000
07767P,華新科群益9A售07,0,0,0,0,0,0,0,0,0,-45000,0,0,0,40000,85000,-45000,-45000
07858P,旺宏永豐9A售03  ,0,0,0,0,0,0,0,0,0,-45000,0,0,0,0,45000,-45000,-45000
07130P,台郡元大9B售01  ,0,0,0,0,0,0,0,0,0,-45000,0,0,0,110000,155000,-45000,-45000
06953P,景碩統一9A售01  ,0,0,0,0,0,0,0,0,0,-45000,0,0,0,5000,50000,-45000,-45000
057169,微星元大98購01  ,0,0,0,0,0,0,0,0,0,-45000,0,0,0,0,45000,-45000,-45000
057147,新日興國票99購01,0,0,0,0,0,0,0,0,0,-45000,0,0,0,0,45000,-45000,-45000
04373P,滬深2X元大97售01,0,0,0,0,0,0,0,0,0,-45000,0,0,0,305000,350000,-45000,-45000
063440,上銀統一01購02  ,0,0,0,0,0,0,0,0,0,-45000,0,0,0,2000,47000,-45000,-45000
063406,麗豐國票9C購01  ,0,0,0,0,0,0,0,0,0,-45000,0,0,0,0,45000,-45000,-45000
064018,儒鴻元大9C購02  ,0,0,0,0,0,0,0,0,0,-45000,0,0,0,22000,67000,-45000,-45000
062626,台積電國票9C購04,0,0,0,0,0,0,0,0,0,-45000,0,0,0,3000,48000,-45000,-45000
062695,華通元大9C購01  ,0,0,0,0,0,0,0,0,0,-45000,0,0,0,41000,86000,-45000,-45000
063242,聯發科元大9B購19,0,0,0,0,0,0,0,0,0,-45000,0,0,0,30000,75000,-45000,-45000
07825P,健策國泰9B售04  ,0,0,0,0,0,0,0,0,0,-46000,0,0,0,54000,100000,-46000,-46000
064833,新光金統一02購01,0,0,0,0,0,0,0,0,0,-46000,0,0,0,12000,58000,-46000,-46000
2851,中再保          ,57000,103000,-46000,0,0,0,0,0,0,0,0,0,0,0,0,0,-46000
054585,禾伸堂國泰99購01,0,0,0,0,0,0,0,0,0,-46000,0,0,0,0,46000,-46000,-46000
061814,聯發科群益9B購04,0,0,0,0,0,0,0,0,0,-46000,0,0,0,0,46000,-46000,-46000
058611,欣興元大99購06  ,0,0,0,0,0,0,0,0,0,-46000,0,0,0,60000,106000,-46000,-46000
059097,世紀鋼元大99購05,0,0,0,0,0,0,0,0,0,-46000,0,0,0,57000,103000,-46000,-46000
058898,台積電元大99購20,0,0,0,0,0,0,0,0,0,-46000,0,0,0,0,46000,-46000,-46000
059181,世紀鋼元富9C購01,0,0,0,0,0,0,0,0,0,-46000,0,0,0,21000,67000,-46000,-46000
059700,鴻海凱基9A購16  ,0,0,0,0,0,0,0,0,0,-46000,0,0,0,4000,50000,-46000,-46000
059832,超眾康和99購01  ,0,0,0,0,0,0,0,0,0,-46000,0,0,0,27000,73000,-46000,-46000
063011,台積電元大9C購01,0,0,0,0,0,0,0,0,0,-46000,0,0,0,0,46000,-46000,-46000
064200,華通兆豐01購01  ,0,0,0,0,0,0,0,0,0,-46000,0,0,0,115000,161000,-46000,-46000
5203,訊連            ,191000,169000,22000,0,0,0,0,60000,-60000,-9000,0,8000,-8000,0,1000,-1000,-47000
3712,永崴投控        ,0,47000,-47000,0,0,0,0,0,0,0,0,0,0,0,0,0,-47000
064600,技嘉元富9C購01  ,0,0,0,0,0,0,0,0,0,-47000,0,0,0,169000,216000,-47000,-47000
061235,台積電元大9A購23,0,0,0,0,0,0,0,0,0,-47000,0,0,0,10000,57000,-47000,-47000
060876,國巨中信9A購04  ,0,0,0,0,0,0,0,0,0,-47000,0,0,0,45000,92000,-47000,-47000
059009,世紀鋼元大99購04,0,0,0,0,0,0,0,0,0,-47000,0,0,0,147000,194000,-47000,-47000
061901,柏文永豐9B購01  ,0,0,0,0,0,0,0,0,0,-47000,0,0,0,0,47000,-47000,-47000
060384,葡萄王凱基9B購01,0,0,0,0,0,0,0,0,0,-47000,0,0,0,3000,50000,-47000,-47000
063832,矽創國票01購01  ,0,0,0,0,0,0,0,0,0,-47000,0,0,0,74000,121000,-47000,-47000
063670,美食統一9C購01  ,0,0,0,0,0,0,0,0,0,-47000,0,0,0,7000,54000,-47000,-47000
063232,裕隆元大9B購01  ,0,0,0,0,0,0,0,0,0,-47000,0,0,0,61000,108000,-47000,-47000
062927,同欣電國票9B購02,0,0,0,0,0,0,0,0,0,-47000,0,0,0,10000,57000,-47000,-47000
062987,祥碩中信01購01  ,0,0,0,0,0,0,0,0,0,-47000,0,0,0,10000,57000,-47000,-47000
062046,矽格凱基9B購01  ,0,0,0,0,0,0,0,0,0,-47000,0,0,0,40000,87000,-47000,-47000
6206,飛捷            ,27000,58000,-31000,0,0,0,0,0,0,-16000,0,16000,-16000,0,0,0,-47000
9925,新保            ,27000,74000,-47000,0,0,0,0,0,0,0,0,0,0,0,0,0,-47000
064749,巨大國票01購01  ,0,0,0,0,0,0,0,0,0,-48000,0,0,0,10000,58000,-48000,-48000
064936,世紀鋼統一9C購02,0,0,0,0,0,0,0,0,0,-48000,0,0,0,0,48000,-48000,-48000
064903,新唐群益9C購01  ,0,0,0,0,0,0,0,0,0,-48000,0,0,0,0,48000,-48000,-48000
07820P,臺股指國票9A售11,0,0,0,0,0,0,0,0,0,-48000,0,0,0,0,48000,-48000,-48000
07506P,中租元大9A售01  ,0,0,0,0,0,0,0,0,0,-48000,0,0,0,0,48000,-48000,-48000
08325P,臺股指凱基9C售08,0,0,0,0,0,0,0,0,0,-48000,0,0,0,37000,85000,-48000,-48000
08120P,南亞科國票9C售01,0,0,0,0,0,0,0,0,0,-48000,0,0,0,0,48000,-48000,-48000
1592,英瑞-KY         ,148000,196000,-48000,0,0,0,0,0,0,0,0,0,0,0,0,0,-48000
08405P,聯發科元大9C售11,0,0,0,0,0,0,0,0,0,-48000,0,0,0,20000,68000,-48000,-48000
056523,光寶科中信98購01,0,0,0,0,0,0,0,0,0,-48000,0,0,0,0,48000,-48000,-48000
056265,國泰金統一97購01,0,0,0,0,0,0,0,0,0,-48000,0,0,0,59000,107000,-48000,-48000
060370,滬深2X元富04購01,0,0,0,0,0,0,0,0,0,-48000,0,0,0,52000,100000,-48000,-48000
058141,嘉聯益元大99購05,0,0,0,0,0,0,0,0,0,-48000,0,0,0,0,48000,-48000,-48000
061453,台達電凱基9B購01,0,0,0,0,0,0,0,0,0,-48000,0,0,0,12000,60000,-48000,-48000
058950,國巨群益99購06  ,0,0,0,0,0,0,0,0,0,-48000,0,0,0,15000,63000,-48000,-48000
059765,嘉聯益永豐99購02,0,0,0,0,0,0,0,0,0,-48000,0,0,0,44000,92000,-48000,-48000
062669,微星中信03購01  ,0,0,0,0,0,0,0,0,0,-48000,0,0,0,85000,133000,-48000,-48000
063627,上銀元大9B購09  ,0,0,0,0,0,0,0,0,0,-48000,0,0,0,20000,68000,-48000,-48000
064503,日電貿元大9C購01,0,0,0,0,0,0,0,0,0,-48000,0,0,0,0,48000,-48000,-48000
08333P,大立光富邦02售03,0,0,0,0,0,0,0,0,0,-49000,0,0,0,0,49000,-49000,-49000
06567P,鴻海永豐98售02  ,0,0,0,0,0,0,0,0,0,-49000,0,0,0,0,49000,-49000,-49000
064642,裕隆凱基9C購01  ,0,0,0,0,0,0,0,0,0,-49000,0,0,0,101000,150000,-49000,-49000
061275,臺股指凱基9A購25,0,0,0,0,0,0,0,0,0,-49000,0,0,0,128000,177000,-49000,-49000
058598,T50反1元大99購04,0,0,0,0,0,0,0,0,0,-49000,0,0,0,14000,63000,-49000,-49000
060626,貿聯元大9A購04  ,0,0,0,0,0,0,0,0,0,-49000,0,0,0,23000,72000,-49000,-49000
063682,達新永豐9B購01  ,0,0,0,0,0,0,0,0,0,-49000,0,0,0,87000,136000,-49000,-49000
063414,鴻海凱基03購01  ,0,0,0,0,0,0,0,0,0,-49000,0,0,0,0,49000,-49000,-49000
062031,臻鼎群益9B購01  ,0,0,0,0,0,0,0,0,0,-49000,0,0,0,86000,135000,-49000,-49000
062159,聯詠凱基9B購01  ,0,0,0,0,0,0,0,0,0,-49000,0,0,0,0,49000,-49000,-49000
064798,道瓊反元大9C購04,0,0,0,0,0,0,0,0,0,-50000,0,0,0,0,50000,-50000,-50000
06718P,聯詠元大98售01  ,0,0,0,0,0,0,0,0,0,-50000,0,0,0,0,50000,-50000,-50000
07492P,臺股指國票9A售10,0,0,0,0,0,0,0,0,0,-50000,0,0,0,50000,100000,-50000,-50000
07473P,祥碩元大9A售01  ,0,0,0,0,0,0,0,0,0,-50000,0,0,0,89000,139000,-50000,-50000
07714P,世紀鋼元大9A售03,0,0,0,0,0,0,0,0,0,-50000,0,0,0,0,50000,-50000,-50000
07747P,晶技凱基9A售04  ,0,0,0,0,0,0,0,0,0,-50000,0,0,0,0,50000,-50000,-50000
07859P,台灣50麥證9A售04,0,0,0,0,50000,-50000,0,0,0,-50000,0,0,0,0,50000,-50000,-50000
06995P,臺股指凱基99售16,0,0,0,0,0,0,0,0,0,-50000,0,0,0,0,50000,-50000,-50000
07016P,聯發科元大99售10,0,0,0,0,0,0,0,0,0,-50000,0,0,0,0,50000,-50000,-50000
06857P,超眾永豐98售02  ,0,0,0,0,0,0,0,0,0,-50000,0,0,0,0,50000,-50000,-50000
07354P,臺股指國票99售22,0,0,0,0,0,0,0,0,0,-50000,0,0,0,0,50000,-50000,-50000
07391P,台灣50國泰02售01,0,0,0,0,0,0,0,0,0,-50000,0,0,0,50000,100000,-50000,-50000
08237P,台積電富邦03售01,0,0,0,0,0,0,0,0,0,-50000,0,0,0,0,50000,-50000,-50000
08240P,華通中信06售03  ,0,0,0,0,0,0,0,0,0,-50000,0,0,0,0,50000,-50000,-50000
07987P,大立光統一9B售13,0,0,0,0,0,0,0,0,0,-50000,0,0,0,0,50000,-50000,-50000
056558,台達電群益98購01,0,0,0,0,0,0,0,0,0,-50000,0,0,0,0,50000,-50000,-50000
061112,台表科元大9A購03,0,0,0,0,0,0,0,0,0,-50000,0,0,0,25000,75000,-50000,-50000
057765,康舒凱基98購01  ,0,0,0,0,0,0,0,0,0,-50000,0,0,0,0,50000,-50000,-50000
057674,台郡元大99購03  ,0,0,0,0,0,0,0,0,0,-50000,0,0,0,57000,107000,-50000,-50000
057474,T50反1元大98購09,0,0,0,0,0,0,0,0,0,-50000,0,0,0,0,50000,-50000,-50000
056144,GIS元大98購01   ,0,0,0,0,0,0,0,0,0,-50000,0,0,0,26000,76000,-50000,-50000
055912,宏達電凱基98購03,0,0,0,0,0,0,0,0,0,-50000,0,0,0,10000,60000,-50000,-50000
055955,微星元大97購01  ,0,0,0,0,0,0,0,0,0,-50000,0,0,0,0,50000,-50000,-50000
057059,易華電元大99購01,0,0,0,0,0,0,0,0,0,-50000,0,0,0,0,50000,-50000,-50000
056749,滬深2X兆豐99購01,0,0,0,0,0,0,0,0,0,-50000,0,0,0,0,50000,-50000,-50000
056688,聯詠統一98購01  ,0,0,0,0,0,0,0,0,0,-50000,0,0,0,0,50000,-50000,-50000
056928,旺宏台新98購01  ,0,0,0,0,0,0,0,0,0,-50000,0,0,0,0,50000,-50000,-50000
056936,禾伸堂元富98購01,0,0,0,0,0,0,0,0,0,-50000,0,0,0,10000,60000,-50000,-50000
056858,國巨群益99購03  ,0,0,0,0,0,0,0,0,0,-50000,0,0,0,20000,70000,-50000,-50000
054343,世紀鋼元富96購02,0,0,0,0,0,0,0,0,0,-50000,0,0,0,0,50000,-50000,-50000
054037,T50反1元大96購09,0,0,0,0,0,0,0,0,0,-50000,0,0,0,0,50000,-50000,-50000
053107,旺宏兆豐97購01  ,0,0,0,0,0,0,0,0,0,-50000,0,0,0,0,50000,-50000,-50000
053132,國巨國票97購02  ,0,0,0,0,0,0,0,0,0,-50000,0,0,0,0,50000,-50000,-50000
055782,新日興凱基99購01,0,0,0,0,0,0,0,0,0,-50000,0,0,0,0,50000,-50000,-50000
047004,台積電統一99購01,0,0,0,0,0,0,0,0,0,-50000,0,0,0,3000,53000,-50000,-50000
03450B,臺股指元大9C熊23,0,0,0,0,0,0,0,0,0,-50000,0,0,0,0,50000,-50000,-50000
00663L,國泰臺灣加權正2 ,0,0,0,0,0,0,0,0,0,-50000,0,0,0,43000,93000,-50000,-50000
060688,世紀鋼元大9C購01,0,0,0,0,0,0,0,0,0,-50000,0,0,0,0,50000,-50000,-50000
061324,華新科凱基9C購01,0,0,0,0,0,0,0,0,0,-50000,0,0,0,0,50000,-50000,-50000
057988,鈺齊元富98購02  ,0,0,0,0,0,0,0,0,0,-50000,0,0,0,10000,60000,-50000,-50000
060388,世紀鋼凱基9B購01,0,0,0,0,0,0,0,0,0,-50000,0,0,0,0,50000,-50000,-50000
059901,滬深2X元大9C購07,0,0,0,0,0,0,0,0,0,-50000,0,0,0,0,50000,-50000,-50000
059909,鴻海元大99購36  ,0,0,0,0,0,0,0,0,0,-50000,0,0,0,0,50000,-50000,-50000
058597,瑞昱台新99購01  ,0,0,0,0,0,0,0,0,0,-50000,0,0,0,10000,60000,-50000,-50000
060830,T50反1國票9A購07,0,0,0,0,0,0,0,0,0,-50000,0,0,0,0,50000,-50000,-50000
058166,鴻海凱基9A購01  ,0,0,0,0,0,0,0,0,0,-50000,0,0,0,0,50000,-50000,-50000
058183,國巨富邦9A購06  ,0,0,0,0,0,0,0,0,0,-50000,0,0,0,0,50000,-50000,-50000
058217,新唐群益99購01  ,0,0,0,0,0,0,0,0,0,-50000,0,0,0,0,50000,-50000,-50000
058511,華新科元大9B購01,0,0,0,0,0,0,0,0,0,-50000,0,0,0,0,50000,-50000,-50000
059170,康控凱基9B購01  ,0,0,0,0,0,0,0,0,0,-50000,0,0,0,10000,60000,-50000,-50000
059397,T50反1元富99購05,0,0,0,0,0,0,0,0,0,-50000,0,0,0,0,50000,-50000,-50000
059082,華通元大99購06  ,0,0,0,0,0,0,0,0,0,-50000,0,0,0,0,50000,-50000,-50000
059070,道瓊指元大99購02,0,0,0,0,0,0,0,0,0,-50000,0,0,0,0,50000,-50000,-50000
062117,燿華中信9B購01  ,0,0,0,0,0,0,0,0,0,-50000,0,0,0,17000,67000,-50000,-50000
062204,京元電國票9C購01,0,0,0,0,0,0,0,0,0,-50000,0,0,0,43000,93000,-50000,-50000
061763,聯電元大9C購02  ,0,0,0,0,0,0,0,0,0,-50000,0,0,0,160000,210000,-50000,-50000
061782,智邦群益9B購01  ,0,0,0,0,0,0,0,0,0,-50000,0,0,0,10000,60000,-50000,-50000
062732,南六凱基9B購03  ,0,0,0,0,0,0,0,0,0,-50000,0,0,0,1000,51000,-50000,-50000
062933,滬深2X凱基9B購07,0,0,0,0,0,0,0,0,0,-50000,0,0,0,0,50000,-50000,-50000
063021,大立光元大9C購05,0,0,0,0,0,0,0,0,0,-50000,0,0,0,0,50000,-50000,-50000
063548,同欣電兆豐9B購01,0,0,0,0,0,0,0,0,0,-50000,0,0,0,0,50000,-50000,-50000
063646,帆宣元大9B購02  ,0,0,0,0,0,0,0,0,0,-50000,0,0,0,0,50000,-50000,-50000
064455,美食統一01購03  ,0,0,0,0,0,0,0,0,0,-50000,0,0,0,0,50000,-50000,-50000
064405,美食凱基01購02  ,0,0,0,0,0,0,0,0,0,-50000,0,0,0,110000,160000,-50000,-50000
064386,友達富邦01購01  ,0,0,0,0,0,0,0,0,0,-50000,0,0,0,0,50000,-50000,-50000
064249,聯發科元富06購01,0,0,0,0,0,0,0,0,0,-50000,0,0,0,0,50000,-50000,-50000
064244,GIS統一02購01   ,0,0,0,0,0,0,0,0,0,-50000,0,0,0,20000,70000,-50000,-50000
064019,上銀元大9C購05  ,0,0,0,0,0,0,0,0,0,-50000,0,0,0,0,50000,-50000,-50000
6414,樺漢            ,64000,85000,-21000,0,0,0,0,0,0,-29000,2000,4000,-2000,1000,28000,-27000,-50000
3045,台灣大          ,1175322,998354,176968,0,0,0,0,16000,-16000,-211000,25000,236000,-211000,0,0,0,-50032
08400P,美律元富9C售02  ,0,0,0,0,0,0,0,0,0,-51000,0,0,0,42000,93000,-51000,-51000
08404P,技嘉元大9C售02  ,0,0,0,0,0,0,0,0,0,-51000,0,0,0,0,51000,-51000,-51000
06678P,大立光統一99售01,0,0,0,0,0,0,0,0,0,-51000,0,0,0,20000,71000,-51000,-51000
064977,玉晶光元大01購03,0,0,0,0,0,0,0,0,0,-51000,0,0,0,39000,90000,-51000,-51000
065037,緯穎統一02購02  ,0,0,0,0,0,0,0,0,0,-51000,0,0,0,0,51000,-51000,-51000
00666R,富邦恒生國企反1 ,10000,10000,0,0,0,0,0,0,0,-51000,0,0,0,144000,195000,-51000,-51000
049973,T50反1日盛9A購01,0,0,0,0,0,0,0,0,0,-51000,0,0,0,1000,52000,-51000,-51000
057959,欣興元大98購14  ,0,0,0,0,0,0,0,0,0,-51000,0,0,0,51000,102000,-51000,-51000
058409,鴻海兆豐99購05  ,0,0,0,0,0,0,0,0,0,-51000,0,0,0,0,51000,-51000,-51000
058738,FBVIX中信03購04 ,0,0,0,0,0,0,0,0,0,-51000,0,0,0,10000,61000,-51000,-51000
06411P,晶相光永豐97售03,0,0,0,0,0,0,0,0,0,-51000,0,0,0,0,51000,-51000,-51000
07675P,全新永豐9A售02  ,0,0,0,0,0,0,0,0,0,-52000,0,0,0,0,52000,-52000,-52000
2227,裕日車          ,18000,10000,8000,0,0,0,0,61000,-61000,1000,1000,0,1000,0,0,0,-52000
03857P,聯發科元富99售02,0,0,0,0,0,0,0,0,0,-52000,0,0,0,0,52000,-52000,-52000
056202,國揚永豐97購01  ,0,0,0,0,0,0,0,0,0,-52000,0,0,0,15000,67000,-52000,-52000
061643,嘉澤元大9A購05  ,0,0,0,0,0,0,0,0,0,-52000,0,0,0,8000,60000,-52000,-52000
060825,聯詠元大9A購05  ,0,0,0,0,0,0,0,0,0,-52000,0,0,0,8000,60000,-52000,-52000
060158,廣達永豐9A購01  ,0,0,0,0,0,0,0,0,0,-52000,0,0,0,5000,57000,-52000,-52000
058843,元油2X群益9C購02,0,0,0,0,0,0,0,0,0,-52000,0,0,0,0,52000,-52000,-52000
063553,同欣電國票9B購03,0,0,0,0,0,0,0,0,0,-52000,0,0,0,10000,62000,-52000,-52000
063487,國巨國泰01購02  ,0,0,0,0,0,0,0,0,0,-52000,0,0,0,119000,171000,-52000,-52000
063134,裕隆統一01購01  ,0,0,0,0,0,0,0,0,0,-52000,0,0,0,1508000,1560000,-52000,-52000
08053P,臺股指國票9B售18,0,0,0,0,0,0,0,0,0,-53000,0,0,0,48000,101000,-53000,-53000
064931,南六統一9C購05  ,0,0,0,0,0,0,0,0,0,-53000,0,0,0,0,53000,-53000,-53000
064816,訊芯元大9C購01  ,0,0,0,0,0,0,0,0,0,-53000,0,0,0,0,53000,-53000,-53000
056851,瑞儀元富98購01  ,0,0,0,0,0,0,0,0,0,-53000,0,0,0,0,53000,-53000,-53000
061273,臺股指凱基9A購23,0,0,0,0,0,0,0,0,0,-53000,0,0,0,4000,57000,-53000,-53000
061253,臺股指群益9A購04,0,0,0,0,0,0,0,0,0,-53000,0,0,0,47000,100000,-53000,-53000
00665L,富邦恒生國企正2 ,400000,34000,366000,0,0,0,0,0,0,-419000,0,0,0,110000,529000,-419000,-53000
055894,欣興統一97購03  ,0,0,0,0,0,0,0,0,0,-53000,0,0,0,50000,103000,-53000,-53000
061431,鈺齊元大9A購01  ,0,0,0,0,0,0,0,0,0,-53000,0,0,0,3000,56000,-53000,-53000
064371,矽格統一9C購02  ,0,0,0,0,0,0,0,0,0,-53000,0,0,0,20000,73000,-53000,-53000
8028,昇陽半導體      ,205000,346000,-141000,0,0,0,65000,0,65000,23000,0,0,0,32000,9000,23000,-53000
065049,世芯凱基02購01  ,0,0,0,0,0,0,0,0,0,-54000,0,0,0,1000,55000,-54000,-54000
06615P,鴻海元大9C售02  ,0,0,0,0,0,0,0,0,0,-54000,0,0,0,0,54000,-54000,-54000
07841P,臻鼎元大9A售04  ,0,0,0,0,0,0,0,0,0,-54000,0,0,0,0,54000,-54000,-54000
06950P,鴻海統一9B售02  ,0,0,0,0,0,0,0,0,0,-54000,0,0,0,23000,77000,-54000,-54000
07977P,華新科群益01售01,0,0,0,0,0,0,0,0,0,-54000,0,0,0,40000,94000,-54000,-54000
08018P,牧德國票9B售04  ,0,0,0,0,0,0,0,0,0,-54000,0,0,0,0,54000,-54000,-54000
08093P,英業達元富9B售02,0,0,0,0,0,0,0,0,0,-54000,0,0,0,0,54000,-54000,-54000
1201,味全            ,149000,198000,-49000,0,0,0,0,0,0,-5000,0,0,0,0,5000,-5000,-54000
061258,華通凱基9A購06  ,0,0,0,0,0,0,0,0,0,-54000,0,0,0,40000,94000,-54000,-54000
061140,華擎統一9C購01  ,0,0,0,0,0,0,0,0,0,-54000,0,0,0,0,54000,-54000,-54000
056880,緯穎國票98購02  ,0,0,0,0,0,0,0,0,0,-54000,0,0,0,159000,213000,-54000,-54000
056135,緯創元大98購01  ,0,0,0,0,0,0,0,0,0,-54000,0,0,0,29000,83000,-54000,-54000
061381,台灣50群益9B購07,0,0,0,0,0,0,0,0,0,-54000,0,0,0,61000,115000,-54000,-54000
058851,大立光群益99購07,0,0,0,0,0,0,0,0,0,-54000,0,0,0,0,54000,-54000,-54000
059155,台表科日盛99購01,0,0,0,0,0,0,0,0,0,-54000,0,0,0,10000,64000,-54000,-54000
062995,聚陽國票9C購01  ,0,0,0,0,0,0,0,0,0,-54000,0,0,0,4000,58000,-54000,-54000
062172,南六永豐9B購01  ,0,0,0,0,0,0,0,0,0,-54000,0,0,0,0,54000,-54000,-54000
062345,和大群益9B購01  ,0,0,0,0,0,0,0,0,0,-54000,0,0,0,6000,60000,-54000,-54000
08262P,茂林元大9C售01  ,0,0,0,0,0,0,0,0,0,-55000,0,0,0,1000,56000,-55000,-55000
07164P,臺股指群益99售15,0,0,0,0,0,0,0,0,0,-55000,0,0,0,24000,79000,-55000,-55000
07802P,瑞昱永豐9A售03  ,0,0,0,0,0,0,0,0,0,-55000,0,0,0,0,55000,-55000,-55000
07886P,國巨國票9B售06  ,0,0,0,0,0,0,0,0,0,-55000,0,0,0,0,55000,-55000,-55000
07616P,瑞昱中信02售01  ,0,0,0,0,0,0,0,0,0,-55000,0,0,0,0,55000,-55000,-55000
07472P,和碩元大9A售03  ,0,0,0,0,0,0,0,0,0,-55000,0,0,0,50000,105000,-55000,-55000
06552P,茂林元大99售02  ,0,0,0,0,0,0,0,0,0,-55000,0,0,0,0,55000,-55000,-55000
064865,美律永豐9C購02  ,0,0,0,0,0,0,0,0,0,-55000,0,0,0,138000,193000,-55000,-55000
064685,裕隆群益9C購01  ,0,0,0,0,0,0,0,0,0,-55000,0,0,0,425000,480000,-55000,-55000
056263,友訊統一99購01  ,0,0,0,0,0,0,0,0,0,-55000,0,0,0,0,55000,-55000,-55000
060150,華通富邦9B購01  ,0,0,0,0,0,0,0,0,0,-55000,0,0,0,0,55000,-55000,-55000
055467,國巨凱基97購05  ,0,0,0,0,0,0,0,0,0,-55000,0,0,0,12000,67000,-55000,-55000
03603P,群創凱基98售04  ,0,0,0,0,0,0,0,0,0,-55000,0,0,0,0,55000,-55000,-55000
048652,巨大元大96購01  ,90000,0,90000,0,0,0,0,0,0,-145000,0,0,0,10000,155000,-145000,-55000
060302,台積電富邦02購01,0,0,0,0,0,0,0,0,0,-55000,0,0,0,35000,90000,-55000,-55000
06186P,鴻海統一97售02  ,0,0,0,0,0,0,0,0,0,-55000,0,0,0,0,55000,-55000,-55000
060383,葡萄王凱基9A購01,0,0,0,0,0,0,0,0,0,-55000,0,0,0,5000,60000,-55000,-55000
063995,健鼎群益9C購01  ,0,0,0,0,0,0,0,0,0,-55000,0,0,0,66000,121000,-55000,-55000
063803,世紀鋼凱基01購01,0,0,0,0,0,0,0,0,0,-55000,0,0,0,10000,65000,-55000,-55000
08189P,超眾群益9B售04  ,0,0,0,0,0,0,0,0,0,-56000,0,0,0,0,56000,-56000,-56000
08216P,聯發科群益9C售05,0,0,0,0,0,0,0,0,0,-56000,0,0,0,10000,66000,-56000,-56000
08231P,上銀元富9B售10  ,0,0,0,0,0,0,0,0,0,-56000,0,0,0,34000,90000,-56000,-56000
2887F,台新戊特二      ,0,0,0,0,0,0,0,0,0,-56000,0,56000,-56000,0,0,0,-56000
3588,通嘉            ,104000,160000,-56000,0,0,0,0,0,0,0,0,0,0,0,0,0,-56000
00678,群益NBI生技     ,0,12000,-12000,0,0,0,0,0,0,-44000,0,0,0,600000,644000,-44000,-56000
052893,聯電群益98購01  ,0,0,0,0,0,0,0,0,0,-56000,0,0,0,49000,105000,-56000,-56000
056998,麗豐康和98購01  ,0,0,0,0,0,0,0,0,0,-56000,0,0,0,300000,356000,-56000,-56000
059949,啟碁永豐99購01  ,0,0,0,0,0,0,0,0,0,-56000,0,0,0,43000,99000,-56000,-56000
061376,瑞昱永豐9A購02  ,0,0,0,0,0,0,0,0,0,-56000,0,0,0,38000,94000,-56000,-56000
060596,元黃金凱基9A購02,0,0,0,0,0,0,0,0,0,-56000,0,0,0,0,56000,-56000,-56000
061850,國巨國票9C購02  ,0,0,0,0,0,0,0,0,0,-56000,0,0,0,116000,172000,-56000,-56000
058122,美律國票9A購01  ,0,0,0,0,0,0,0,0,0,-56000,0,0,0,35000,91000,-56000,-56000
058208,百和凱基99購01  ,0,0,0,0,0,0,0,0,0,-56000,0,0,0,30000,86000,-56000,-56000
058198,瑞昱亞東99購01  ,0,0,0,0,0,0,0,0,0,-56000,0,0,0,0,56000,-56000,-56000
064209,燿華凱基01購01  ,0,0,0,0,0,0,0,0,0,-56000,0,0,0,2000,58000,-56000,-56000
064258,臻鼎國泰01購02  ,0,0,0,0,0,0,0,0,0,-56000,0,0,0,56000,112000,-56000,-56000
063175,燿華兆豐9C購01  ,0,0,0,0,0,0,0,0,0,-56000,0,0,0,0,56000,-56000,-56000
062878,宏達電兆豐9B購01,0,0,0,0,0,0,0,0,0,-56000,0,0,0,55000,111000,-56000,-56000
2204,中華            ,395999,262000,133999,0,0,0,0,0,0,-190000,0,190000,-190000,0,0,0,-56001
08170P,緯穎群益9B售03  ,0,0,0,0,0,0,0,0,0,-57000,0,0,0,0,57000,-57000,-57000
08175P,金像電統一9B售02,0,0,0,0,0,0,0,0,0,-57000,0,0,0,83000,140000,-57000,-57000
064937,英業達元富9C購01,0,0,0,0,0,0,0,0,0,-57000,0,0,0,0,57000,-57000,-57000
056058,建準元大97購02  ,0,0,0,0,0,0,0,0,0,-57000,0,0,0,96000,153000,-57000,-57000
051536,玉晶光國票97購01,0,0,0,0,0,0,0,0,0,-57000,0,0,0,309000,366000,-57000,-57000
052328,台表科中信99購01,0,0,0,0,0,0,0,0,0,-57000,0,0,0,174000,231000,-57000,-57000
006208,富邦台50        ,3000,2000,1000,0,0,0,0,0,0,-58000,0,0,0,490000,548000,-58000,-57000
057211,鴻海群益98購05  ,0,0,0,0,0,0,0,0,0,-57000,0,0,0,1000,58000,-57000,-57000
060804,T50反1群益9A購02,0,0,0,0,0,0,0,0,0,-57000,0,0,0,0,57000,-57000,-57000
060322,卜蜂群益9A購01  ,0,0,0,0,0,0,0,0,0,-57000,0,0,0,0,57000,-57000,-57000
060134,鈺齊群益9A購01  ,0,0,0,0,0,0,0,0,0,-57000,0,0,0,0,57000,-57000,-57000
064256,玉晶光國泰02購02,0,0,0,0,0,0,0,0,0,-57000,0,0,0,1608000,1665000,-57000,-57000
6533,晶心科          ,40000,107000,-67000,0,0,0,0,0,0,10000,14000,4000,10000,0,0,0,-57000
07685P,玉晶光凱基9B售03,0,0,0,0,0,0,0,0,0,-58000,0,0,0,0,58000,-58000,-58000
07865P,可成元大9B售02  ,0,0,0,0,0,0,0,0,0,-58000,0,0,0,0,58000,-58000,-58000
06928P,鴻海元大99售10  ,0,0,0,0,0,0,0,0,0,-58000,0,0,0,0,58000,-58000,-58000
3010,華立            ,59000,117000,-58000,0,0,0,0,0,0,0,0,0,0,0,0,0,-58000
061257,上銀凱基9A購06  ,0,0,0,0,0,0,0,0,0,-58000,0,0,0,0,58000,-58000,-58000
061102,台積電元大9A購22,0,0,0,0,0,0,0,0,0,-58000,0,0,0,0,58000,-58000,-58000
057453,矽創元富98購01  ,0,0,0,0,0,0,0,0,0,-58000,0,0,0,365000,423000,-58000,-58000
060397,群創國票9A購01  ,0,0,0,0,0,0,0,0,0,-58000,0,0,0,0,58000,-58000,-58000
060079,台郡台新99購03  ,0,0,0,0,0,0,0,0,0,-58000,0,0,0,0,58000,-58000,-58000
060025,台積電富邦9C購06,0,0,0,0,0,0,0,0,0,-58000,0,0,0,0,58000,-58000,-58000
060047,道瓊反凱基99購01,0,0,0,0,0,0,0,0,0,-58000,0,0,0,469000,527000,-58000,-58000
061326,新日興凱基9B購01,0,0,0,0,0,0,0,0,0,-58000,0,0,0,83000,141000,-58000,-58000
061722,健策永豐9B購03  ,0,0,0,0,0,0,0,0,0,-58000,0,0,0,0,58000,-58000,-58000
061616,鴻海群益9A購07  ,0,0,0,0,0,0,0,0,0,-58000,0,0,0,1000,59000,-58000,-58000
058243,華擎元大99購01  ,0,0,0,0,0,0,0,0,0,-58000,0,0,0,0,58000,-58000,-58000
059459,訊芯永豐99購04  ,0,0,0,0,0,0,0,0,0,-58000,0,0,0,12000,70000,-58000,-58000
064073,南電永豐9C購01  ,0,0,0,0,0,0,0,0,0,-58000,0,0,0,10000,68000,-58000,-58000
063564,台積電元大9B購07,0,0,0,0,0,0,0,0,0,-58000,0,0,0,5000,63000,-58000,-58000
062187,台勝科元大9B購02,0,0,0,0,0,0,0,0,0,-58000,0,0,0,0,58000,-58000,-58000
062143,大成鋼國票9B購01,0,0,0,0,0,0,0,0,0,-58000,0,0,0,100000,158000,-58000,-58000
062274,台積電群益9B購04,0,0,0,0,0,0,0,0,0,-58000,0,0,0,10000,68000,-58000,-58000
9802,鈺齊-KY         ,234000,597000,-363000,0,0,0,289000,0,289000,16000,19000,7000,12000,12000,8000,4000,-58000
9940,信義            ,39000,60000,-21000,0,0,0,0,0,0,-37000,35000,72000,-37000,0,0,0,-58000
2929,淘帝-KY         ,103000,161658,-58658,0,0,0,0,0,0,0,0,0,0,0,0,0,-58658
064890,聯電群益9C購02  ,0,0,0,0,0,0,0,0,0,-59000,0,0,0,26000,85000,-59000,-59000
065004,瑞昱國票01購02  ,0,0,0,0,0,0,0,0,0,-59000,0,0,0,0,59000,-59000,-59000
06622P,牧德元大98售01  ,0,0,0,0,0,0,0,0,0,-59000,0,0,0,0,59000,-59000,-59000
057573,京鼎永豐98購02  ,0,0,0,0,0,0,0,0,0,-59000,0,0,0,0,59000,-59000,-59000
061695,群創群益9A購01  ,0,0,0,0,0,0,0,0,0,-59000,0,0,0,3000,62000,-59000,-59000
061566,華通元大9A購10  ,0,0,0,0,0,0,0,0,0,-59000,0,0,0,46000,105000,-59000,-59000
059626,台積電凱基01購01,0,0,0,0,0,0,0,0,0,-59000,0,0,0,0,59000,-59000,-59000
062135,國巨群益9B購05  ,0,0,0,0,0,0,0,0,0,-59000,0,0,0,61000,120000,-59000,-59000
062625,華通國票9B購02  ,0,0,0,0,0,0,0,0,0,-59000,0,0,0,96000,155000,-59000,-59000
062598,華通台新9B購02  ,0,0,0,0,0,0,0,0,0,-59000,0,0,0,66000,125000,-59000,-59000
063277,大成鋼元大9B購03,0,0,0,0,0,0,0,0,0,-59000,0,0,0,133000,192000,-59000,-59000
063374,嘉澤永豐9B購04  ,0,0,0,0,0,0,0,0,0,-59000,0,0,0,1000,60000,-59000,-59000
063333,同欣電國票9C購01,0,0,0,0,0,0,0,0,0,-59000,0,0,0,43000,102000,-59000,-59000
06539P,聯發科凱基98售12,0,0,0,0,0,0,0,0,0,-60000,0,0,0,0,60000,-60000,-60000
064966,FBVIX元大9C購03 ,0,0,0,0,0,0,0,0,0,-60000,0,0,0,0,60000,-60000,-60000
064960,世紀鋼凱基03購01,0,0,0,0,0,0,0,0,0,-60000,0,0,0,0,60000,-60000,-60000
07205P,鴻海凱基99售11  ,0,0,0,0,0,0,0,0,0,-60000,0,0,0,0,60000,-60000,-60000
07521P,台積電中信01售05,0,0,0,0,0,0,0,0,0,-60000,0,0,0,0,60000,-60000,-60000
6168,宏齊            ,81000,124000,-43000,0,0,0,0,0,0,-17000,0,17000,-17000,0,0,0,-60000
08178P,南亞科元大9B售01,0,0,0,0,0,0,0,0,0,-60000,0,0,0,10000,70000,-60000,-60000
057505,健策麥證98購01  ,0,0,0,0,60000,-60000,0,0,0,-60000,0,0,0,0,60000,-60000,-60000
061269,嘉澤凱基9A購01  ,0,0,0,0,0,0,0,0,0,-60000,0,0,0,0,60000,-60000,-60000
056101,光磊永豐98購01  ,0,0,0,0,0,0,0,0,0,-60000,0,0,0,0,60000,-60000,-60000
056012,勤誠中信99購01  ,0,0,0,0,0,0,0,0,0,-60000,0,0,0,0,60000,-60000,-60000
055679,華通凱基99購01  ,0,0,0,0,0,0,0,0,0,-60000,0,0,0,174000,234000,-60000,-60000
05348P,美律元富98售01  ,0,0,0,0,0,0,0,0,0,-60000,0,0,0,40000,100000,-60000,-60000
054742,京鼎凱基99購01  ,0,0,0,0,0,0,0,0,0,-60000,0,0,0,75000,135000,-60000,-60000
054704,玉晶光第一97購01,0,0,0,0,0,0,0,0,0,-60000,0,0,0,0,60000,-60000,-60000
035274,華新台新97購01  ,0,0,0,0,0,0,0,0,0,-60000,0,0,0,0,60000,-60000,-60000
053782,京元電元大98購02,0,0,0,0,0,0,0,0,0,-60000,0,0,0,0,60000,-60000,-60000
059577,旺宏元富99購04  ,0,0,0,0,0,0,0,0,0,-60000,0,0,0,0,60000,-60000,-60000
061640,智原元大9A購01  ,0,0,0,0,0,0,0,0,0,-60000,0,0,0,0,60000,-60000,-60000
060670,臺指反元大01購03,0,0,0,0,0,0,0,0,0,-60000,0,0,0,0,60000,-60000,-60000
060002,T50反1群益9A購01,0,0,0,0,0,0,0,0,0,-60000,0,0,0,0,60000,-60000,-60000
06024P,台郡國票97售05  ,0,0,0,0,0,0,0,0,0,-60000,0,0,0,0,60000,-60000,-60000
059075,FBVIX元大99購01 ,0,0,0,0,0,0,0,0,0,-60000,0,0,0,5000,65000,-60000,-60000
058649,健策永豐99購01  ,0,0,0,0,0,0,0,0,0,-60000,0,0,0,0,60000,-60000,-60000
063983,麗豐兆豐9C購01  ,0,0,0,0,0,0,0,0,0,-60000,0,0,0,44000,104000,-60000,-60000
064246,南六統一9C購02  ,0,0,0,0,0,0,0,0,0,-60000,0,0,0,0,60000,-60000,-60000
064450,致茂統一01購01  ,0,0,0,0,0,0,0,0,0,-60000,0,0,0,800000,860000,-60000,-60000
063272,GIS兆豐9C購01   ,0,0,0,0,0,0,0,0,0,-60000,0,0,0,28000,88000,-60000,-60000
063174,臺股指中信01購04,0,0,0,0,0,0,0,0,0,-60000,0,0,0,40000,100000,-60000,-60000
063027,台汽電元大9B購01,0,0,0,0,0,0,0,0,0,-60000,0,0,0,87000,147000,-60000,-60000
062730,致伸凱基9B購01  ,0,0,0,0,0,0,0,0,0,-60000,0,0,0,115000,175000,-60000,-60000
062183,奇鋐元大9B購01  ,0,0,0,0,0,0,0,0,0,-60000,0,0,0,30000,90000,-60000,-60000
08374P,緯穎凱基9C售01  ,0,0,0,0,0,0,0,0,0,-61000,0,0,0,0,61000,-61000,-61000
08130P,義隆元大9B售05  ,0,0,0,0,0,0,0,0,0,-61000,0,0,0,52000,113000,-61000,-61000
08055P,臺股指國票9B售20,0,0,0,0,0,0,0,0,0,-61000,0,0,0,21000,82000,-61000,-61000
4576,大銀微系統      ,26000,87000,-61000,0,0,0,0,0,0,0,0,0,0,0,0,0,-61000
056603,嘉聯益國泰9A購01,0,0,0,0,0,0,0,0,0,-61000,0,0,0,77000,138000,-61000,-61000
06116P,臺股指日盛97售01,0,0,0,0,0,0,0,0,0,-61000,0,0,0,17000,78000,-61000,-61000
058408,華通兆豐99購02  ,0,0,0,0,0,0,0,0,0,-61000,0,0,0,10000,71000,-61000,-61000
058391,T50反1元大99購02,0,0,0,0,0,0,0,0,0,-61000,0,0,0,0,61000,-61000,-61000
058670,鴻海群益9A購03  ,0,0,0,0,0,0,0,0,0,-61000,0,0,0,0,61000,-61000,-61000
061827,台灣50凱基02購01,0,0,0,0,0,0,0,0,0,-61000,0,0,0,0,61000,-61000,-61000
062185,禾伸堂元大9B購01,0,0,0,0,0,0,0,0,0,-61000,0,0,0,0,61000,-61000,-61000
062454,華通群益9C購03  ,0,0,0,0,0,0,0,0,0,-61000,0,0,0,91000,152000,-61000,-61000
062935,華通凱基9C購02  ,0,0,0,0,0,0,0,0,0,-61000,0,0,0,0,61000,-61000,-61000
063581,同欣電國泰9C購01,0,0,0,0,0,0,0,0,0,-61000,0,0,0,679000,740000,-61000,-61000
063744,儒鴻國票9C購01  ,0,0,0,0,0,0,0,0,0,-61000,0,0,0,0,61000,-61000,-61000
3056,總太            ,93000,122000,-29000,0,0,0,0,0,0,-33000,0,33000,-33000,0,0,0,-62000
08263P,台表科元大9C售06,0,0,0,0,0,0,0,0,0,-62000,0,0,0,36000,98000,-62000,-62000
057075,嘉聯益永豐98購01,0,0,0,0,0,0,0,0,0,-62000,0,0,0,0,62000,-62000,-62000
053088,奇鋐元大98購01  ,0,0,0,0,0,0,0,0,0,-62000,0,0,0,0,62000,-62000,-62000
055850,聯詠元大97購06  ,0,0,0,0,0,0,0,0,0,-62000,0,0,0,36000,98000,-62000,-62000
060474,中租元大9B購01  ,0,0,0,0,0,0,0,0,0,-62000,0,0,0,46000,108000,-62000,-62000
058222,玉晶光統一9B購01,0,0,0,0,0,0,0,0,0,-62000,0,0,0,117000,179000,-62000,-62000
064326,裕隆元大9C購01  ,0,0,0,0,0,0,0,0,0,-62000,0,0,0,60000,122000,-62000,-62000
063964,瑞昱國票01購01  ,0,0,0,0,0,0,0,0,0,-62000,0,0,0,61000,123000,-62000,-62000
062808,祥碩統一9C購01  ,0,0,0,0,0,0,0,0,0,-62000,0,0,0,30000,92000,-62000,-62000
062195,聚陽中信9C購01  ,0,0,0,0,0,0,0,0,0,-62000,0,0,0,95000,157000,-62000,-62000
08105P,景碩元大9B售01  ,0,0,0,0,0,0,0,0,0,-63000,0,0,0,109000,172000,-63000,-63000
08464P,牧德永豐9C售02  ,0,0,0,0,0,0,0,0,0,-63000,0,0,0,0,63000,-63000,-63000
2355,敬鵬            ,163000,142000,21000,0,0,0,0,0,0,-84000,40000,124000,-84000,4000,4000,0,-63000
2476,鉅祥            ,41000,105000,-64000,0,0,0,0,0,0,1000,1000,0,1000,0,0,0,-63000
065095,玉晶光元大02購02,0,0,0,0,0,0,0,0,0,-63000,0,0,0,0,63000,-63000,-63000
060254,世紀鋼元大9A購01,0,0,0,0,0,0,0,0,0,-63000,0,0,0,0,63000,-63000,-63000
059913,台積電元大99購44,0,0,0,0,0,0,0,0,0,-63000,0,0,0,0,63000,-63000,-63000
060696,道瓊反國泰9C購01,0,0,0,0,0,0,0,0,0,-63000,0,0,0,0,63000,-63000,-63000
061945,華通群益9B購04  ,0,0,0,0,0,0,0,0,0,-63000,0,0,0,0,63000,-63000,-63000
062423,聯發科統一9C購07,0,0,0,0,0,0,0,0,0,-63000,0,0,0,230000,293000,-63000,-63000
063034,致茂凱基9B購01  ,0,0,0,0,0,0,0,0,0,-63000,0,0,0,140000,203000,-63000,-63000
063530,同欣電凱基9C購02,0,0,0,0,0,0,0,0,0,-63000,0,0,0,27000,90000,-63000,-63000
2441,超豐            ,44000,56000,-12000,0,0,0,0,0,0,-52000,0,52000,-52000,0,0,0,-64000
2727,王品            ,21000,72000,-51000,0,0,0,0,0,0,-13000,0,13000,-13000,0,0,0,-64000
5471,松翰            ,760000,829000,-69000,0,0,0,0,0,0,5000,5000,0,5000,0,0,0,-64000
08423P,台積電統一9C售13,0,0,0,0,0,0,0,0,0,-64000,0,0,0,0,64000,-64000,-64000
1514,亞力            ,97000,161000,-64000,0,0,0,0,0,0,0,0,0,0,0,0,0,-64000
054059,欣興國票97購03  ,0,0,0,0,0,0,0,0,0,-64000,0,0,0,38000,102000,-64000,-64000
063676,上銀國泰9C購02  ,0,0,0,0,0,0,0,0,0,-64000,0,0,0,4000,68000,-64000,-64000
063671,GIS統一01購01   ,0,0,0,0,0,0,0,0,0,-64000,0,0,0,1019000,1083000,-64000,-64000
063837,亞德客元大01購01,0,0,0,0,0,0,0,0,0,-64000,0,0,0,16000,80000,-64000,-64000
062690,華擎統一9B購01  ,0,0,0,0,0,0,0,0,0,-64000,0,0,0,8000,72000,-64000,-64000
062580,華通統一9C購03  ,0,0,0,0,0,0,0,0,0,-64000,0,0,0,0,64000,-64000,-64000
9933,中鼎            ,984000,1083000,-99000,0,0,0,0,6000,-6000,41000,125000,84000,41000,0,0,0,-64000
054567,拓凱群益98購01  ,0,0,0,0,0,0,0,0,0,-65000,0,0,0,252000,317000,-65000,-65000
053677,同欣電國泰97購01,0,0,0,0,0,0,0,0,0,-65000,0,0,0,24000,89000,-65000,-65000
042792,T50反1台新9C購01,0,0,0,0,0,0,0,0,0,-65000,0,0,0,0,65000,-65000,-65000
061030,喬山永豐9A購01  ,0,0,0,0,0,0,0,0,0,-65000,0,0,0,6000,71000,-65000,-65000
059259,FBVIX中信03購06 ,0,0,0,0,0,0,0,0,0,-65000,0,0,0,10000,75000,-65000,-65000
058530,為升元富99購01  ,0,0,0,0,0,0,0,0,0,-65000,0,0,0,0,65000,-65000,-65000
062364,瑞昱元大9B購04  ,0,0,0,0,0,0,0,0,0,-65000,0,0,0,54000,119000,-65000,-65000
064297,台郡國票01購01  ,0,0,0,0,0,0,0,0,0,-65000,0,0,0,35000,100000,-65000,-65000
6197,佳必琪          ,22000,88000,-66000,0,0,0,0,0,0,0,0,0,0,0,0,0,-66000
064900,景碩群益01購01  ,0,0,0,0,0,0,0,0,0,-66000,0,0,0,3000,69000,-66000,-66000
07855P,旺宏凱基9A售09  ,0,0,0,0,0,0,0,0,0,-66000,0,0,0,18000,84000,-66000,-66000
07762P,聯發科永豐9A售03,0,0,0,0,0,0,0,0,0,-66000,0,0,0,0,66000,-66000,-66000
07300P,臺股指元大9A售33,0,0,0,0,0,0,0,0,0,-66000,0,0,0,0,66000,-66000,-66000
057375,欣興元大98購09  ,0,0,0,0,0,0,0,0,0,-66000,0,0,0,33000,99000,-66000,-66000
056165,矽力凱基98購02  ,0,0,0,0,0,0,0,0,0,-66000,0,0,0,11000,77000,-66000,-66000
058337,日月光元富99購01,0,0,0,0,0,0,0,0,0,-66000,0,0,0,100000,166000,-66000,-66000
058581,大立光群益99購05,0,0,0,0,0,0,0,0,0,-66000,0,0,0,0,66000,-66000,-66000
057924,健策凱基98購02  ,0,0,0,0,0,0,0,0,0,-66000,0,0,0,1000,67000,-66000,-66000
058863,可成凱基99購02  ,0,0,0,0,0,0,0,0,0,-66000,0,0,0,22000,88000,-66000,-66000
061644,健策元大9C購02  ,0,0,0,0,0,0,0,0,0,-66000,0,0,0,102000,168000,-66000,-66000
061483,TPK元大9A購01   ,0,0,0,0,0,0,0,0,0,-66000,0,0,0,0,66000,-66000,-66000
060399,康友國票9A購02  ,0,0,0,0,0,0,0,0,0,-66000,0,0,0,0,66000,-66000,-66000
064112,宏碁國票01購01  ,0,0,0,0,0,0,0,0,0,-66000,0,0,0,0,66000,-66000,-66000
063706,台虹群益9B購01  ,0,0,0,0,0,0,0,0,0,-66000,0,0,0,0,66000,-66000,-66000
063400,華擎群益9B購03  ,0,0,0,0,0,0,0,0,0,-66000,0,0,0,20000,86000,-66000,-66000
062192,南六元大9B購01  ,0,0,0,0,0,0,0,0,0,-66000,0,0,0,29000,95000,-66000,-66000
062661,華通群益9B購05  ,0,0,0,0,0,0,0,0,0,-66000,0,0,0,0,66000,-66000,-66000
064645,義隆凱基03購01  ,0,0,0,0,0,0,0,0,0,-67000,0,0,0,86000,153000,-67000,-67000
08447P,緯穎永豐9C售02  ,0,0,0,0,0,0,0,0,0,-67000,0,0,0,0,67000,-67000,-67000
055962,晶豪科元大97購02,0,0,0,0,0,0,0,0,0,-67000,0,0,0,9000,76000,-67000,-67000
056441,燿華凱基98購01  ,0,0,0,0,0,0,0,0,0,-67000,0,0,0,10000,77000,-67000,-67000
057373,大立光元大98購17,0,0,0,0,0,0,0,0,0,-67000,0,0,0,1000,68000,-67000,-67000
056655,旺宏元大99購02  ,0,0,0,0,0,0,0,0,0,-67000,0,0,0,7000,74000,-67000,-67000
060600,台積電凱基9C購01,0,0,0,0,0,0,0,0,0,-67000,0,0,0,1000,68000,-67000,-67000
061706,旭富國票9A購02  ,0,0,0,0,0,0,0,0,0,-67000,0,0,0,27000,94000,-67000,-67000
061908,台積電中信05購01,0,0,0,0,0,0,0,0,0,-67000,0,0,0,0,67000,-67000,-67000
058985,可成凱基99購03  ,0,0,0,0,0,0,0,0,0,-67000,0,0,0,116000,183000,-67000,-67000
058547,世紀鋼富邦9A購01,0,0,0,0,0,0,0,0,0,-67000,0,0,0,4000,71000,-67000,-67000
062767,GIS凱基9B購02   ,0,0,0,0,0,0,0,0,0,-67000,0,0,0,4000,71000,-67000,-67000
063611,儒鴻群益9B購03  ,0,0,0,0,0,0,0,0,0,-67000,0,0,0,0,67000,-67000,-67000
063968,新光金國票01購01,0,0,0,0,0,0,0,0,0,-67000,0,0,0,10000,77000,-67000,-67000
08372P,大立光凱基01售04,0,0,0,0,0,0,0,0,0,-68000,0,0,0,20000,88000,-68000,-68000
064640,和大凱基03購01  ,0,0,0,0,0,0,0,0,0,-68000,0,0,0,7000,75000,-68000,-68000
064911,光寶科統一02購01,0,0,0,0,0,0,0,0,0,-68000,0,0,0,0,68000,-68000,-68000
06584P,欣興凱基98售03  ,0,0,0,0,0,0,0,0,0,-68000,0,0,0,0,68000,-68000,-68000
07048P,台積電中信03售01,0,0,0,0,0,0,0,0,0,-68000,0,0,0,20000,88000,-68000,-68000
056816,華通永豐98購02  ,0,0,0,0,0,0,0,0,0,-68000,0,0,0,0,68000,-68000,-68000
056239,宏達電群益98購01,0,0,0,0,0,0,0,0,0,-68000,0,0,0,33000,101000,-68000,-68000
055536,嘉聯益群益99購02,0,0,0,0,0,0,0,0,0,-68000,0,0,0,2000,70000,-68000,-68000
061207,美律元大9A購04  ,0,0,0,0,0,0,0,0,0,-68000,0,0,0,0,68000,-68000,-68000
060867,智伸科永豐9A購01,0,0,0,0,0,0,0,0,0,-68000,0,0,0,42000,110000,-68000,-68000
061375,華通永豐9A購02  ,0,0,0,0,0,0,0,0,0,-68000,0,0,0,0,68000,-68000,-68000
063418,京元電凱基9B購03,0,0,0,0,0,0,0,0,0,-68000,0,0,0,190000,258000,-68000,-68000
063319,神達群益9B購01  ,0,0,0,0,0,0,0,0,0,-68000,0,0,0,150000,218000,-68000,-68000
063838,上銀元大9C購01  ,0,0,0,0,0,0,0,0,0,-68000,0,0,0,0,68000,-68000,-68000
062180,瑞昱元大9B購03  ,0,0,0,0,0,0,0,0,0,-68000,0,0,0,90000,158000,-68000,-68000
065103,南六元大9C購06  ,0,0,0,0,0,0,0,0,0,-69000,0,0,0,7000,76000,-69000,-69000
08371P,京元電凱基9C售01,0,0,0,0,0,0,0,0,0,-69000,0,0,0,0,69000,-69000,-69000
1522,堤維西          ,24000,89000,-65000,0,0,0,0,0,0,-4000,0,0,0,0,4000,-4000,-69000
057335,技嘉國票99購01  ,0,0,0,0,0,0,0,0,0,-69000,0,0,0,115000,184000,-69000,-69000
060414,中興電永豐9A購01,0,0,0,0,0,0,0,0,0,-69000,0,0,0,105000,174000,-69000,-69000
058062,上銀中信98購01  ,0,0,0,0,0,0,0,0,0,-69000,0,0,0,31000,100000,-69000,-69000
063137,瑞昱統一01購02  ,0,0,0,0,0,0,0,0,0,-69000,0,0,0,155000,224000,-69000,-69000
063853,同欣電元大9C購02,0,0,0,0,0,0,0,0,0,-69000,0,0,0,64000,133000,-69000,-69000
4934,太極            ,139000,209000,-70000,0,0,0,0,0,0,0,0,0,0,0,0,0,-70000
06532P,友達元富98售04  ,0,0,0,0,0,0,0,0,0,-70000,0,0,0,0,70000,-70000,-70000
07292P,臺股指凱基99售44,0,0,0,0,0,0,0,0,0,-70000,0,0,0,0,70000,-70000,-70000
07211P,南亞科凱基99售05,0,0,0,0,0,0,0,0,0,-70000,0,0,0,0,70000,-70000,-70000
07885P,長榮航凱基9B售01,0,0,0,0,0,0,0,0,0,-70000,0,0,0,0,70000,-70000,-70000
056947,國巨統一9A購01  ,0,0,0,0,0,0,0,0,0,-70000,0,0,0,131000,201000,-70000,-70000
061083,京元電兆豐9A購01,0,0,0,0,0,0,0,0,0,-70000,0,0,0,45000,115000,-70000,-70000
057431,京鼎兆豐98購02  ,0,0,0,0,0,0,0,0,0,-70000,0,0,0,0,70000,-70000,-70000
057598,鴻海群益98購07  ,0,0,0,0,0,0,0,0,0,-70000,0,0,0,0,70000,-70000,-70000
053721,國泰金凱基97購01,0,0,0,0,0,0,0,0,0,-70000,0,0,0,0,70000,-70000,-70000
058746,華通凱基9A購02  ,0,0,0,0,0,0,0,0,0,-70000,0,0,0,25000,95000,-70000,-70000
061609,華新科統一9C購01,0,0,0,0,0,0,0,0,0,-70000,0,0,0,0,70000,-70000,-70000
061218,臺股指元大9A購55,0,0,0,0,0,0,0,0,0,-70000,0,0,0,0,70000,-70000,-70000
058264,瑞昱永豐99購01  ,0,0,0,0,0,0,0,0,0,-70000,0,0,0,10000,80000,-70000,-70000
058694,鈺齊國票9A購02  ,0,0,0,0,0,0,0,0,0,-70000,0,0,0,38000,108000,-70000,-70000
057945,京鼎國票99購03  ,0,0,0,0,0,0,0,0,0,-70000,0,0,0,94000,164000,-70000,-70000
059148,百和國票9A購01  ,0,0,0,0,0,0,0,0,0,-70000,0,0,0,16000,86000,-70000,-70000
059174,訊芯凱基99購01  ,0,0,0,0,0,0,0,0,0,-70000,0,0,0,52000,122000,-70000,-70000
064089,新日興凱基02購01,0,0,0,0,0,0,0,0,0,-70000,0,0,0,50000,120000,-70000,-70000
064114,南茂國票01購01  ,0,0,0,0,0,0,0,0,0,-70000,0,0,0,38000,108000,-70000,-70000
064213,大立光凱基03購01,0,0,0,0,0,0,0,0,0,-70000,0,0,0,0,70000,-70000,-70000
064438,大立光凱基01購03,0,0,0,0,0,0,0,0,0,-70000,0,0,0,0,70000,-70000,-70000
064528,國巨中信02購01  ,0,0,0,0,0,0,0,0,0,-70000,0,0,0,82000,152000,-70000,-70000
06278P,臺股指凱基97售10,0,0,0,0,0,0,0,0,0,-70000,0,0,0,0,70000,-70000,-70000
062620,台表科元大9B購04,0,0,0,0,0,0,0,0,0,-70000,0,0,0,10000,80000,-70000,-70000
07319P,台積電凱基01售02,0,0,0,0,0,0,0,0,0,-71000,0,0,0,0,71000,-71000,-71000
1713,國化            ,4000,75000,-71000,0,0,0,0,0,0,0,0,0,0,0,0,0,-71000
056268,新日興統一97購01,0,0,0,0,0,0,0,0,0,-71000,0,0,0,124000,195000,-71000,-71000
058328,世紀鋼統一9B購01,0,0,0,0,0,0,0,0,0,-71000,0,0,0,75000,146000,-71000,-71000
059364,昇陽半永豐99購02,0,0,0,0,0,0,0,0,0,-71000,0,0,0,13000,84000,-71000,-71000
059918,華新科元大99購20,0,0,0,0,0,0,0,0,0,-71000,0,0,0,55000,126000,-71000,-71000
062857,SP黃豆國票9C購01,0,0,0,0,0,0,0,0,0,-71000,0,0,0,0,71000,-71000,-71000
08383P,智邦群益9C售03  ,0,0,0,0,0,0,0,0,0,-72000,0,0,0,0,72000,-72000,-72000
08260P,大立光元大9C售08,0,0,0,0,0,0,0,0,0,-72000,0,0,0,6000,78000,-72000,-72000
08139P,華新科元大9B售12,0,0,0,0,0,0,0,0,0,-72000,0,0,0,40000,112000,-72000,-72000
3443,創意            ,121000,125000,-4000,0,0,0,1000,0,1000,-69000,4000,42000,-38000,4000,35000,-31000,-72000
2609,陽明            ,76000,148000,-72000,0,0,0,0,0,0,0,0,0,0,0,0,0,-72000
064617,台光電元大01購01,0,0,0,0,0,0,0,0,0,-72000,0,0,0,169000,241000,-72000,-72000
054318,台虹凱基98購01  ,0,0,0,0,0,0,0,0,0,-72000,0,0,0,0,72000,-72000,-72000
060674,瑞昱元大9A購03  ,0,0,0,0,0,0,0,0,0,-72000,0,0,0,92000,164000,-72000,-72000
061857,康友國票9B購01  ,0,0,0,0,0,0,0,0,0,-72000,0,0,0,23000,95000,-72000,-72000
058527,世紀鋼元大99購01,0,0,0,0,0,0,0,0,0,-72000,0,0,0,56000,128000,-72000,-72000
06467P,旺宏統一98售01  ,0,0,0,0,0,0,0,0,0,-73000,0,0,0,20000,93000,-73000,-73000
07951P,智邦元大9B售05  ,0,0,0,0,0,0,0,0,0,-73000,0,0,0,29000,102000,-73000,-73000
07795P,美律國票9A售03  ,0,0,0,0,0,0,0,0,0,-73000,0,0,0,20000,93000,-73000,-73000
07457P,宏達電元大9A售01,0,0,0,0,0,0,0,0,0,-73000,0,0,0,22000,95000,-73000,-73000
08077P,亞德客國票9B售02,0,0,0,0,0,0,0,0,0,-73000,0,0,0,72000,145000,-73000,-73000
08253P,鴻海元大9C售06  ,0,0,0,0,0,0,0,0,0,-73000,0,0,0,0,73000,-73000,-73000
057409,台虹群益98購02  ,0,0,0,0,0,0,0,0,0,-73000,0,0,0,0,73000,-73000,-73000
058838,國巨中信99購03  ,0,0,0,0,0,0,0,0,0,-73000,0,0,0,200000,273000,-73000,-73000
058118,瑞昱群益99購01  ,0,0,0,0,0,0,0,0,0,-73000,0,0,0,48000,121000,-73000,-73000
063016,微星元大9C購02  ,0,0,0,0,0,0,0,0,0,-73000,0,0,0,50000,123000,-73000,-73000
064020,華通元大01購01  ,0,0,0,0,0,0,0,0,0,-73000,0,0,0,0,73000,-73000,-73000
064035,GIS元大9C購03   ,0,0,0,0,0,0,0,0,0,-73000,0,0,0,0,73000,-73000,-73000
08409P,臺股指元大9C售15,0,0,0,0,0,0,0,0,0,-74000,0,0,0,32000,106000,-74000,-74000
1737,臺鹽            ,16000,90000,-74000,0,0,0,0,0,0,0,0,0,0,0,0,0,-74000
2911,麗嬰房          ,13000,87000,-74000,0,0,0,0,0,0,0,0,0,0,0,0,0,-74000
07121P,華新科凱基99售03,0,0,0,0,0,0,0,0,0,-74000,0,0,0,30000,104000,-74000,-74000
064690,台光電群益9C購02,0,30000,-30000,0,0,0,0,0,0,-44000,0,0,0,164000,208000,-44000,-74000
064554,儒鴻群益9C購01  ,0,0,0,0,0,0,0,0,0,-74000,0,0,0,0,74000,-74000,-74000
064572,同欣電群益9C購02,0,0,0,0,0,0,0,0,0,-74000,0,0,0,103000,177000,-74000,-74000
06742P,可成富邦99售02  ,0,0,0,0,0,0,0,0,0,-74000,0,0,0,0,74000,-74000,-74000
057543,華通凱基99購02  ,0,0,0,0,0,0,0,0,0,-74000,0,0,0,18000,92000,-74000,-74000
060888,金像電統一9C購01,0,0,0,0,0,0,0,0,0,-74000,0,0,0,231000,305000,-74000,-74000
054463,瑞昱凱基97購01  ,0,0,0,0,0,0,0,0,0,-74000,0,0,0,0,74000,-74000,-74000
062264,南六元大9B購02  ,0,0,0,0,0,0,0,0,0,-74000,0,0,0,25000,99000,-74000,-74000
9958,世紀鋼          ,195000,329000,-134000,0,0,0,0,0,0,60000,5000,5000,0,126000,66000,60000,-74000
06595P,祥碩元大98售03  ,0,0,0,0,0,0,0,0,0,-75000,0,0,0,125000,200000,-75000,-75000
065055,臺股指凱基02購04,0,0,0,0,0,0,0,0,0,-75000,0,0,0,0,75000,-75000,-75000
064612,聯電元大01購01  ,0,0,0,0,0,0,0,0,0,-75000,0,0,0,110000,185000,-75000,-75000
07067P,旺宏台新99售02  ,0,0,0,0,0,0,0,0,0,-75000,0,0,0,81000,156000,-75000,-75000
06999P,玉晶光國票9B售01,0,0,0,0,0,0,0,0,0,-75000,0,0,0,0,75000,-75000,-75000
07671P,超眾元大9A售04  ,0,0,0,0,0,0,0,0,0,-75000,0,0,0,0,75000,-75000,-75000
3563,牧德            ,58000,95000,-37000,0,0,0,20000,40000,-20000,-18000,0,0,0,2000,20000,-18000,-75000
055381,茂林元大97購02  ,0,0,0,0,0,0,0,0,0,-75000,0,0,0,0,75000,-75000,-75000
061142,南電統一9A購01  ,0,0,0,0,0,0,0,0,0,-75000,0,0,0,25000,100000,-75000,-75000
056287,亞光永豐97購02  ,0,0,0,0,0,0,0,0,0,-75000,0,0,0,0,75000,-75000,-75000
057393,台積電中信02購01,0,0,0,0,0,0,0,0,0,-75000,0,0,0,10000,85000,-75000,-75000
060143,台積電國票9B購03,0,0,0,0,0,0,0,0,0,-75000,0,0,0,3000,78000,-75000,-75000
060347,大立光統一02購01,0,0,0,0,0,0,0,0,0,-75000,0,0,0,0,75000,-75000,-75000
059051,和大凱基9A購01  ,0,0,0,0,0,0,0,0,0,-75000,0,0,0,30000,105000,-75000,-75000
058571,緯穎凱基9A購02  ,0,0,0,0,0,0,0,0,0,-75000,0,0,0,40000,115000,-75000,-75000
058205,神達凱基9B購01  ,0,0,0,0,0,0,0,0,0,-75000,0,0,0,25000,100000,-75000,-75000
061772,健策元大9B購06  ,0,0,0,0,0,0,0,0,0,-75000,0,0,0,131000,206000,-75000,-75000
063026,南六元大9B購04  ,0,0,0,0,0,0,0,0,0,-75000,0,0,0,51000,126000,-75000,-75000
063274,鈺齊兆豐9B購01  ,0,0,0,0,0,0,0,0,0,-75000,0,0,0,53000,128000,-75000,-75000
063648,台表科元大9C購05,0,0,0,0,0,0,0,0,0,-75000,0,0,0,105000,180000,-75000,-75000
063325,SP黃豆國票9C購02,0,0,0,0,0,0,0,0,0,-75000,0,0,0,0,75000,-75000,-75000
6670,復盛應用        ,29000,177000,-148000,0,0,0,85000,0,85000,-12000,2000,14000,-12000,0,0,0,-75000
2228,劍麟            ,101000,162000,-61000,0,0,0,0,0,0,-15000,0,0,0,0,15000,-15000,-76000
08288P,鴻海統一9C售17  ,0,0,0,0,0,0,0,0,0,-76000,0,0,0,0,76000,-76000,-76000
08026P,臺股指凱基9B售12,0,0,0,0,0,0,0,0,0,-76000,0,0,0,4000,80000,-76000,-76000
064928,同欣電統一01購02,0,0,0,0,0,0,0,0,0,-76000,0,0,0,0,76000,-76000,-76000
064945,中橡凱基9C購01  ,0,0,0,0,0,0,0,0,0,-76000,0,0,0,0,76000,-76000,-76000
060918,康友國泰9C購01  ,0,0,0,0,0,0,0,0,0,-76000,0,0,0,429000,505000,-76000,-76000
060298,鎧勝元大9C購01  ,0,0,0,0,0,0,0,0,0,-76000,0,0,0,12000,88000,-76000,-76000
063639,華擎元大9C購03  ,0,0,0,0,0,0,0,0,0,-76000,0,0,0,0,76000,-76000,-76000
064511,GIS元大9C購05   ,0,0,0,0,0,0,0,0,0,-76000,0,0,0,4000,80000,-76000,-76000
06765P,欣興元大98售11  ,0,0,0,0,0,0,0,0,0,-77000,0,0,0,0,77000,-77000,-77000
07842P,力成元大9A售01  ,0,0,0,0,0,0,0,0,0,-77000,0,0,0,0,77000,-77000,-77000
061075,亞德客兆豐9A購01,0,0,0,0,0,0,0,0,0,-77000,0,0,0,221000,298000,-77000,-77000
056845,揚明光元富98購01,0,0,0,0,0,0,0,0,0,-77000,0,0,0,219000,296000,-77000,-77000
055579,健策統一9A購01  ,0,0,0,0,0,0,0,0,0,-77000,0,0,0,109000,186000,-77000,-77000
059224,大立光元大99購15,0,0,0,0,0,0,0,0,0,-77000,0,0,0,3000,80000,-77000,-77000
059914,台積電元大99購47,0,0,0,0,0,0,0,0,0,-77000,0,0,0,1000,78000,-77000,-77000
059966,台積電凱基99購19,0,0,0,0,0,0,0,0,0,-77000,0,0,0,0,77000,-77000,-77000
059980,台積電元大99購50,0,0,0,0,0,0,0,0,0,-77000,0,0,0,0,77000,-77000,-77000
060073,台積電元富99購03,0,0,0,0,0,0,0,0,0,-77000,0,0,0,0,77000,-77000,-77000
060075,台積電元富99購05,0,0,0,0,0,0,0,0,0,-77000,0,0,0,0,77000,-77000,-77000
061585,台積電富邦9B購06,0,0,0,0,0,0,0,0,0,-77000,0,0,0,0,77000,-77000,-77000
064446,聚陽統一02購02  ,0,0,0,0,0,0,0,0,0,-77000,0,0,0,112000,189000,-77000,-77000
064310,華新科群益9C購02,0,0,0,0,0,0,0,0,0,-77000,0,0,0,21000,98000,-77000,-77000
062094,台積電富邦9C購12,0,0,0,0,0,0,0,0,0,-77000,0,0,0,0,77000,-77000,-77000
062460,京鼎群益9C購01  ,0,0,0,0,0,0,0,0,0,-77000,0,0,0,575000,652000,-77000,-77000
07365P,超眾元大99售07  ,0,0,0,0,0,0,0,0,0,-78000,0,0,0,0,78000,-78000,-78000
08067P,大立光凱基9B售08,0,0,0,0,0,0,0,0,0,-78000,0,0,0,0,78000,-78000,-78000
061474,瑞昱元大9A購04  ,0,0,0,0,0,0,0,0,0,-78000,0,0,0,62000,140000,-78000,-78000
061596,健策永豐9A購03  ,0,0,0,0,0,0,0,0,0,-78000,0,0,0,1000,79000,-78000,-78000
062491,矽創永豐9B購01  ,0,0,0,0,0,0,0,0,0,-78000,0,0,0,494000,572000,-78000,-78000
062136,南亞科群益9B購01,0,0,0,0,0,0,0,0,0,-78000,0,0,0,20000,98000,-78000,-78000
062912,新日興元大9B購01,0,0,0,0,0,0,0,0,0,-78000,0,0,0,181000,259000,-78000,-78000
063661,聚陽統一9C購02  ,0,0,0,0,0,0,0,0,0,-78000,0,0,0,265000,343000,-78000,-78000
6230,超眾            ,44000,102000,-58000,0,0,0,0,0,0,-20000,0,10000,-10000,5000,15000,-10000,-78000
2905,三商            ,164000,127000,37000,0,0,0,0,0,0,-116000,0,116000,-116000,0,0,0,-79000
07026P,超眾凱基99售03  ,0,0,0,0,0,0,0,0,0,-79000,0,0,0,203000,282000,-79000,-79000
07713P,台郡元大9A售03  ,0,0,0,0,0,0,0,0,0,-79000,0,0,0,100000,179000,-79000,-79000
064915,美律統一02購02  ,0,0,0,0,0,0,0,0,0,-79000,0,0,0,0,79000,-79000,-79000
055256,日電貿統一99購01,0,0,0,0,0,0,0,0,0,-79000,0,0,0,0,79000,-79000,-79000
056786,亞光群益98購03  ,0,0,0,0,0,0,0,0,0,-79000,0,0,0,0,79000,-79000,-79000
058026,上銀富邦9A購01  ,0,0,0,0,0,0,0,0,0,-79000,0,0,0,10000,89000,-79000,-79000
064428,裕隆凱基02購01  ,0,0,0,0,0,0,0,0,0,-79000,0,0,0,54000,133000,-79000,-79000
062875,瑞昱兆豐9C購01  ,0,0,0,0,0,0,0,0,0,-79000,0,0,0,370000,449000,-79000,-79000
064976,景碩元大9C購01  ,0,0,0,0,0,0,0,0,0,-80000,0,0,0,430000,510000,-80000,-80000
065001,中橡國票9C購01  ,0,0,0,0,0,0,0,0,0,-80000,0,0,0,0,80000,-80000,-80000
06689P,鴻海中信9C售02  ,0,0,0,0,0,0,0,0,0,-80000,0,0,0,23000,103000,-80000,-80000
06717P,可成元大98售09  ,0,0,0,0,0,0,0,0,0,-80000,0,0,0,0,80000,-80000,-80000
064871,緯穎永豐9C購03  ,0,0,0,0,0,0,0,0,0,-80000,0,0,0,0,80000,-80000,-80000
06479P,聯發科中信99售02,0,0,0,0,0,0,0,0,0,-80000,0,0,0,0,80000,-80000,-80000
07895P,美律元大9B售01  ,0,0,0,0,0,0,0,0,0,-80000,0,0,0,30000,110000,-80000,-80000
06832P,玉晶光凱基98售03,0,0,0,0,0,0,0,0,0,-80000,0,0,0,70000,150000,-80000,-80000
08132P,南六元大9B售05  ,0,0,0,0,0,0,0,0,0,-80000,0,0,0,95000,175000,-80000,-80000
1707,葡萄王          ,266000,236000,30000,0,0,0,0,108000,-108000,-2000,12000,31000,-19000,19000,2000,17000,-80000
08433P,臺股指凱基03售01,0,0,0,0,0,0,0,0,0,-80000,0,0,0,0,80000,-80000,-80000
061260,台積電凱基9A購23,0,0,0,0,0,0,0,0,0,-80000,0,0,0,0,80000,-80000,-80000
056529,中環凱基98購01  ,0,0,0,0,0,0,0,0,0,-80000,0,0,0,0,80000,-80000,-80000
053644,台表科國票97購03,0,0,0,0,0,0,0,0,0,-80000,0,0,0,0,80000,-80000,-80000
056380,麗豐元富98購01  ,0,0,0,0,0,0,0,0,0,-80000,0,0,0,0,80000,-80000,-80000
055501,創意元大97購01  ,0,0,0,0,0,0,0,0,0,-80000,0,0,0,20000,100000,-80000,-80000
055458,燿華永豐98購01  ,0,0,0,0,0,0,0,0,0,-80000,0,0,0,0,80000,-80000,-80000
055373,聯詠元大97購03  ,0,0,0,0,0,0,0,0,0,-80000,0,0,0,20000,100000,-80000,-80000
058023,南電凱基98購02  ,0,0,0,0,0,0,0,0,0,-80000,0,0,0,42000,122000,-80000,-80000
060754,華通元大9A購04  ,0,0,0,0,0,0,0,0,0,-80000,0,0,0,1000,81000,-80000,-80000
059329,台灣50國票99購09,0,0,0,0,0,0,0,0,0,-80000,0,0,0,0,80000,-80000,-80000
063888,TPK中信01購01   ,0,0,0,0,0,0,0,0,0,-80000,0,0,0,0,80000,-80000,-80000
4976,佳凌            ,102000,173000,-71000,0,0,0,0,0,0,-10000,0,10000,-10000,0,0,0,-81000
07070P,晶相光元富99售01,0,0,0,0,0,0,0,0,0,-81000,0,0,0,2000,83000,-81000,-81000
07952P,富邦金元大9B售02,0,0,0,0,0,0,0,0,0,-81000,0,0,0,40000,121000,-81000,-81000
07965P,玉晶光群益01售02,0,0,0,0,0,0,0,0,0,-81000,0,0,0,0,81000,-81000,-81000
054789,高鐵群益98購01  ,0,0,0,0,0,0,0,0,0,-81000,0,0,0,50000,131000,-81000,-81000
053827,漢唐麥證9A購01  ,0,0,0,70000,121000,-51000,0,0,0,-81000,0,0,0,70000,151000,-81000,-81000
060646,南電永豐9A購01  ,0,0,0,0,0,0,0,0,0,-81000,0,0,0,10000,91000,-81000,-81000
061816,長榮航群益9B購02,0,0,0,0,0,0,0,0,0,-81000,0,0,0,98000,179000,-81000,-81000
061441,大毅永豐9A購04  ,0,0,0,0,0,0,0,0,0,-81000,0,0,0,0,81000,-81000,-81000
063659,世紀鋼元富9B購01,0,0,0,0,0,0,0,0,0,-81000,0,0,0,39000,120000,-81000,-81000
063085,嘉澤凱基9C購01  ,0,0,0,0,0,0,0,0,0,-81000,0,0,0,0,81000,-81000,-81000
062568,緯穎中信9C購01  ,0,0,0,0,0,0,0,0,0,-81000,0,0,0,0,81000,-81000,-81000
062393,智邦富邦9B購01  ,0,0,0,0,0,0,0,0,0,-81000,0,0,0,176000,257000,-81000,-81000
07641P,上銀凱基9A售05  ,0,0,0,0,0,0,0,0,0,-82000,0,0,0,20000,102000,-82000,-82000
07531P,大立光國泰9B售03,0,0,0,0,0,0,0,0,0,-82000,0,0,0,0,82000,-82000,-82000
08310P,南電凱基9C售01  ,0,0,0,0,0,0,0,0,0,-82000,0,0,0,8000,90000,-82000,-82000
057178,可成元大98購03  ,0,0,0,0,0,0,0,0,0,-82000,0,0,0,78000,160000,-82000,-82000
057321,台泥群益98購01  ,0,0,0,0,0,0,0,0,0,-82000,0,0,0,0,82000,-82000,-82000
059534,國泰金凱基99購01,0,0,0,0,0,0,0,0,0,-82000,0,0,0,6000,88000,-82000,-82000
05887P,友達元富99售03  ,0,0,0,0,0,0,0,0,0,-82000,0,0,0,0,82000,-82000,-82000
062377,力成元大9B購01  ,0,0,0,0,0,0,0,0,0,-82000,0,0,0,20000,102000,-82000,-82000
063008,華通元大9B購06  ,0,0,0,0,0,0,0,0,0,-82000,0,0,0,14000,96000,-82000,-82000
063077,巨大永豐9B購03  ,0,0,0,0,0,0,0,0,0,-82000,0,0,0,0,82000,-82000,-82000
063341,燿華統一9C購01  ,0,0,0,0,0,0,0,0,0,-82000,0,0,0,30000,112000,-82000,-82000
08326P,臺股指凱基9C售09,0,0,0,0,0,0,0,0,0,-83000,0,0,0,100000,183000,-83000,-83000
08367P,臺股指凱基9C售11,0,0,0,0,0,0,0,0,0,-83000,0,0,0,30000,113000,-83000,-83000
07000P,T50反1元大99售03,0,0,0,0,0,0,0,0,0,-83000,0,0,0,2000,85000,-83000,-83000
07316P,長榮航康和99售01,0,0,0,0,0,0,0,0,0,-83000,0,0,0,0,83000,-83000,-83000
064679,晶技兆豐9C購01  ,0,0,0,0,0,0,0,0,0,-83000,0,0,0,56000,139000,-83000,-83000
064986,GIS元大9C購07   ,0,0,0,0,0,0,0,0,0,-83000,0,0,0,5000,88000,-83000,-83000
057329,緯穎群益98購02  ,0,0,0,0,0,0,0,0,0,-83000,0,0,0,67000,150000,-83000,-83000
061044,世紀鋼永豐9A購02,0,0,0,0,0,0,0,0,0,-83000,0,0,0,0,83000,-83000,-83000
054898,台肥康和97購01  ,0,0,0,0,0,0,0,0,0,-83000,0,0,0,0,83000,-83000,-83000
060055,宏達電凱基99購06,0,0,0,0,0,0,0,0,0,-83000,0,0,0,26000,109000,-83000,-83000
063356,台表科元富02購01,0,0,0,0,0,0,0,0,0,-83000,0,0,0,100000,183000,-83000,-83000
063643,臻鼎元大9B購03  ,0,0,0,0,0,0,0,0,0,-83000,0,0,0,78000,161000,-83000,-83000
062277,廣達群益9B購01  ,0,0,0,0,0,0,0,0,0,-83000,0,0,0,13000,96000,-83000,-83000
06656P,GIS元大98售02   ,0,0,0,0,0,0,0,0,0,-84000,0,0,0,19000,103000,-84000,-84000
08359P,緯創元大9C售02  ,0,0,0,0,0,0,0,0,0,-84000,0,0,0,0,84000,-84000,-84000
1905,華紙            ,663000,747000,-84000,0,0,0,0,0,0,0,0,0,0,0,0,0,-84000
055803,鎧勝永豐97購01  ,0,0,0,0,0,0,0,0,0,-84000,0,0,0,299000,383000,-84000,-84000
056095,臻鼎元富9A購01  ,0,0,0,0,0,0,0,0,0,-84000,0,0,0,1000,85000,-84000,-84000
062616,玉晶光元大9C購06,0,0,0,0,0,0,0,0,0,-84000,0,0,0,225000,309000,-84000,-84000
063722,遠東新元大9B購02,0,0,0,0,0,0,0,0,0,-84000,0,0,0,50000,134000,-84000,-84000
063571,TPK元大9B購03   ,0,0,0,0,0,0,0,0,0,-84000,0,0,0,5000,89000,-84000,-84000
6224,聚鼎            ,17000,109000,-92000,0,0,0,0,0,0,8000,8000,0,8000,0,0,0,-84000
1229,聯華            ,383000,20000,363000,0,0,0,0,306000,-306000,-142000,0,142000,-142000,0,0,0,-85000
08363P,南亞科凱基01售01,0,0,0,0,0,0,0,0,0,-85000,0,0,0,0,85000,-85000,-85000
064993,嘉澤兆豐9C購01  ,0,0,0,0,0,0,0,0,0,-85000,0,0,0,0,85000,-85000,-85000
064680,創意兆豐01購01  ,0,0,0,0,0,0,0,0,0,-85000,0,0,0,0,85000,-85000,-85000
064806,微星元大01購01  ,0,0,0,0,0,0,0,0,0,-85000,0,0,0,50000,135000,-85000,-85000
064888,景碩中信9C購01  ,0,0,0,0,0,0,0,0,0,-85000,0,0,0,0,85000,-85000,-85000
07694P,超眾元大9A售05  ,0,0,0,0,0,0,0,0,0,-85000,0,0,0,45000,130000,-85000,-85000
055876,美食元富9A購01  ,0,0,0,0,0,0,0,0,0,-85000,0,0,0,50000,135000,-85000,-85000
056386,TPK國泰99購01   ,0,0,0,0,0,0,0,0,0,-85000,0,0,0,50000,135000,-85000,-85000
052049,緯創凱基97購01  ,0,0,0,0,0,0,0,0,0,-85000,0,0,0,30000,115000,-85000,-85000
061718,GIS凱基9B購01   ,0,0,0,0,0,0,0,0,0,-85000,0,0,0,54000,139000,-85000,-85000
059656,T50反1元大99購11,0,0,0,0,0,0,0,0,0,-85000,0,0,0,0,85000,-85000,-85000
058197,國巨中信99購02  ,0,0,0,0,0,0,0,0,0,-85000,0,0,0,0,85000,-85000,-85000
063389,大立光兆豐9C購02,0,0,0,0,0,0,0,0,0,-85000,0,0,0,0,85000,-85000,-85000
063713,麗豐凱基9B購01  ,0,0,0,0,0,0,0,0,0,-85000,0,0,0,50000,135000,-85000,-85000
064417,創意中信9C購01  ,0,0,0,0,0,0,0,0,0,-85000,0,0,0,0,85000,-85000,-85000
064516,華通群益02購01  ,0,0,0,0,0,0,0,0,0,-85000,0,0,0,0,85000,-85000,-85000
064148,瑞昱統一02購01  ,0,0,0,0,0,0,0,0,0,-85000,0,0,0,129000,214000,-85000,-85000
062352,南六群益9B購02  ,0,0,0,0,0,0,0,0,0,-85000,0,0,0,98000,183000,-85000,-85000
062206,緯創國票9B購01  ,0,0,0,0,0,0,0,0,0,-85000,0,0,0,14000,99000,-85000,-85000
063289,台表科元大9B購07,0,0,0,0,0,0,0,0,0,-85000,0,0,0,77000,162000,-85000,-85000
062870,亞德客兆豐9C購01,0,0,0,0,0,0,0,0,0,-85000,0,0,0,47000,132000,-85000,-85000
07894P,燿華元大9B售01  ,0,0,0,0,0,0,0,0,0,-86000,0,0,0,10000,96000,-86000,-86000
08247P,台積電群益9C售06,0,0,0,0,0,0,0,0,0,-86000,0,0,0,199000,285000,-86000,-86000
08110P,臺股指中信01售05,0,0,0,0,0,0,0,0,0,-86000,0,0,0,0,86000,-86000,-86000
08168P,金像電群益9B售03,0,0,0,0,0,0,0,0,0,-86000,0,0,0,50000,136000,-86000,-86000
056358,友訊元大99購01  ,0,0,0,0,0,0,0,0,0,-86000,0,0,0,15000,101000,-86000,-86000
054760,台化國票9A購01  ,0,0,0,0,0,0,0,0,0,-86000,0,0,0,0,86000,-86000,-86000
056900,可成元大98購02  ,0,0,0,0,0,0,0,0,0,-86000,0,0,0,10000,96000,-86000,-86000
061215,健策元大9A購06  ,0,0,0,0,0,0,0,0,0,-86000,0,0,0,56000,142000,-86000,-86000
058651,FBVIX中信9C購01 ,0,0,0,0,0,0,0,0,0,-86000,0,0,0,71000,157000,-86000,-86000
057912,美律日盛99購01  ,0,0,0,0,0,0,0,0,0,-86000,0,0,0,0,86000,-86000,-86000
062449,臻鼎元大9B購01  ,0,0,0,0,0,0,0,0,0,-86000,0,0,0,0,86000,-86000,-86000
064404,奇力新凱基02購01,0,0,0,0,0,0,0,0,0,-86000,0,0,0,143000,229000,-86000,-86000
064357,中橡統一9C購01  ,0,0,0,0,0,0,0,0,0,-86000,0,0,0,264000,350000,-86000,-86000
063628,華通元大9B購09  ,0,0,0,0,0,0,0,0,0,-86000,0,0,0,41000,127000,-86000,-86000
08184P,可成永豐9B售03  ,0,0,0,0,0,0,0,0,0,-87000,0,0,0,20000,107000,-87000,-87000
064712,聚陽統一02購03  ,0,0,0,0,0,0,0,0,0,-87000,0,0,0,106000,193000,-87000,-87000
057102,亞光中信9A購01  ,0,0,0,0,0,0,0,0,0,-87000,0,0,0,0,87000,-87000,-87000
057328,京鼎群益99購02  ,0,0,0,0,0,0,0,0,0,-87000,0,0,0,307000,394000,-87000,-87000
061388,台積電群益9A購05,0,0,0,0,0,0,0,0,0,-87000,0,0,0,4000,91000,-87000,-87000
060336,南電康和9A購01  ,0,0,0,0,0,0,0,0,0,-87000,0,0,0,17000,104000,-87000,-87000
062319,南六凱基9B購02  ,0,0,0,0,0,0,0,0,0,-87000,0,0,0,1000,88000,-87000,-87000
064959,巨大凱基9C購02  ,0,0,0,0,0,0,0,0,0,-88000,0,0,0,0,88000,-88000,-88000
1783,和康生          ,368000,456000,-88000,0,0,0,0,0,0,0,0,0,0,0,0,0,-88000
3019,亞光            ,588000,562000,26000,0,0,0,0,0,0,-114000,68000,123000,-55000,22000,81000,-59000,-88000
056994,緯穎兆豐98購02  ,0,0,0,0,0,0,0,0,0,-88000,0,0,0,262000,350000,-88000,-88000
057720,日電貿元富98購01,0,0,0,0,0,0,0,0,0,-88000,0,0,0,0,88000,-88000,-88000
058263,大成鋼永豐99購01,0,0,0,0,0,0,0,0,0,-88000,0,0,0,0,88000,-88000,-88000
062307,華通凱基9C購01  ,0,0,0,0,0,0,0,0,0,-88000,0,0,0,0,88000,-88000,-88000
063366,台表科富邦9C購02,0,0,0,0,0,0,0,0,0,-88000,0,0,0,10000,98000,-88000,-88000
08080P,祥碩國票9B售03  ,0,0,0,0,0,0,0,0,0,-89000,0,0,0,11000,100000,-89000,-89000
065005,台光電國票01購02,0,0,0,0,0,0,0,0,0,-89000,0,0,0,6000,95000,-89000,-89000
06594P,立積元大98售01  ,0,0,0,0,0,0,0,0,0,-89000,0,0,0,60000,149000,-89000,-89000
055716,致茂元大97購01  ,0,0,0,0,0,0,0,0,0,-89000,0,0,0,22000,111000,-89000,-89000
058472,亞德客凱基9A購01,0,0,0,0,0,0,0,0,0,-89000,0,0,0,91000,180000,-89000,-89000
063605,健策凱基9C購02  ,0,0,0,0,0,0,0,0,0,-89000,0,0,0,0,89000,-89000,-89000
064270,華通元大9C購03  ,0,0,0,0,0,0,0,0,0,-89000,0,0,0,0,89000,-89000,-89000
9935,慶豐富          ,75000,164000,-89000,0,0,0,0,0,0,0,0,0,0,0,0,0,-89000
07189P,聯發科富邦9B售03,0,0,0,0,0,0,0,0,0,-90000,0,0,0,0,90000,-90000,-90000
08321P,世芯永豐9C售01  ,0,0,0,0,0,0,0,0,0,-90000,0,0,0,11000,101000,-90000,-90000
08396P,鴻海元富9C售04  ,0,0,0,0,0,0,0,0,0,-90000,0,0,0,21000,111000,-90000,-90000
00635U,元大S&P黃金     ,0,0,0,0,0,0,0,0,0,-90000,0,0,0,317000,407000,-90000,-90000
054935,華通元大98購03  ,0,0,0,0,0,0,0,0,0,-90000,0,0,0,63000,153000,-90000,-90000
03678C,臺股指凱基01牛02,5000,0,5000,0,0,0,0,0,0,-95000,0,0,0,20000,115000,-95000,-90000
06125P,楠梓電元富99售01,0,0,0,0,0,0,0,0,0,-90000,0,0,0,0,90000,-90000,-90000
060445,S&P反1元大9A購04,0,0,0,0,0,0,0,0,0,-90000,0,0,0,0,90000,-90000,-90000
061876,明泰元大9B購01  ,0,0,0,0,0,0,0,0,0,-90000,0,0,0,151000,241000,-90000,-90000
064185,裕隆永豐9C購01  ,0,0,0,0,0,0,0,0,0,-90000,0,0,0,206000,296000,-90000,-90000
063689,可成永豐9B購04  ,0,0,0,0,0,0,0,0,0,-90000,0,0,0,12000,102000,-90000,-90000
08438P,鴻海國票01售02  ,0,0,0,0,0,0,0,0,0,-91000,0,0,0,0,91000,-91000,-91000
08111P,臺股指中信01售06,0,0,0,0,0,0,0,0,0,-91000,0,0,0,20000,111000,-91000,-91000
055217,緯創凱基97購02  ,0,0,0,0,0,0,0,0,0,-91000,0,0,0,18000,109000,-91000,-91000
060545,台積電凱基9B購02,0,0,0,0,0,0,0,0,0,-91000,0,0,0,0,91000,-91000,-91000
058012,鈺齊國票99購01  ,0,0,0,0,0,0,0,0,0,-91000,0,0,0,10000,101000,-91000,-91000
064097,友訊群益9C購01  ,0,0,0,0,0,0,0,0,0,-91000,0,0,0,78000,169000,-91000,-91000
6531,愛普            ,9000,100000,-91000,0,0,0,0,0,0,0,0,0,0,0,0,0,-91000
08159P,日月光元富9B售01,0,0,0,0,0,0,0,0,0,-92000,0,0,0,35000,127000,-92000,-92000
3257,虹冠電          ,114000,226000,-112000,0,0,0,0,0,0,20000,20000,0,20000,0,0,0,-92000
4551,智伸科          ,100000,162000,-62000,0,0,0,21000,49000,-28000,-2000,2000,3000,-1000,2000,3000,-1000,-92000
065018,台達電富邦03購01,0,0,0,0,0,0,0,0,0,-92000,0,0,0,0,92000,-92000,-92000
057020,台積電凱基99購02,0,0,0,0,0,0,0,0,0,-92000,0,0,0,0,92000,-92000,-92000
060783,亞德客富邦9B購01,0,0,0,0,0,0,0,0,0,-92000,0,0,0,653000,745000,-92000,-92000
061151,友訊群益9A購01  ,0,0,0,0,0,0,0,0,0,-92000,0,0,0,0,92000,-92000,-92000
064291,南六元大9C購04  ,0,0,0,0,0,0,0,0,0,-92000,0,0,0,69000,161000,-92000,-92000
062288,南六群益9B購01  ,0,0,0,0,0,0,0,0,0,-92000,0,0,0,0,92000,-92000,-92000
064747,彩晶國票01購01  ,0,0,0,0,0,0,0,0,0,-93000,0,0,0,49000,142000,-93000,-93000
07183P,臺股指凱基99售25,0,0,0,0,0,0,0,0,0,-93000,0,0,0,0,93000,-93000,-93000
2428,興勤            ,25000,71000,-46000,0,0,0,0,0,0,-47000,9000,14000,-5000,0,42000,-42000,-93000
060877,華邦電中信02購01,0,0,0,0,0,0,0,0,0,-93000,0,0,0,17000,110000,-93000,-93000
061415,健策群益9A購04  ,0,0,0,0,0,0,0,0,0,-93000,0,0,0,90000,183000,-93000,-93000
059662,旭富元大9C購01  ,0,0,0,0,0,0,0,0,0,-93000,0,0,0,45000,138000,-93000,-93000
060054,華新科凱基9B購04,0,0,0,0,0,0,0,0,0,-93000,0,0,0,20000,113000,-93000,-93000
061647,南六元大9A購03  ,0,0,0,0,0,0,0,0,0,-93000,0,0,0,24000,117000,-93000,-93000
058752,鈺齊凱基9A購01  ,0,0,0,0,0,0,0,0,0,-93000,0,0,0,54000,147000,-93000,-93000
2351,順德            ,100000,127000,-27000,0,0,0,0,50000,-50000,-17000,0,17000,-17000,0,0,0,-94000
08211P,台表科元富9B售03,0,0,0,0,0,0,0,0,0,-94000,0,0,0,117000,211000,-94000,-94000
064939,健策元富9C購03  ,0,0,0,0,0,0,0,0,0,-94000,0,0,0,0,94000,-94000,-94000
057876,隆達元大98購01  ,0,0,0,0,0,0,0,0,0,-94000,0,0,0,8000,102000,-94000,-94000
061339,京元電元大9A購05,0,0,0,0,0,0,0,0,0,-94000,0,0,0,218000,312000,-94000,-94000
062344,力山群益9B購02  ,0,0,0,0,0,0,0,0,0,-94000,0,0,0,31000,125000,-94000,-94000
06338P,亞德客統一97售02,0,0,0,0,0,0,0,0,0,-94000,0,0,0,40000,134000,-94000,-94000
06934P,聯鈞元大98售03  ,0,0,0,0,0,0,0,0,0,-95000,0,0,0,0,95000,-95000,-95000
07946P,華通統一9B售02  ,0,0,0,0,0,0,0,0,0,-95000,0,0,0,0,95000,-95000,-95000
057385,光罩永豐99購01  ,0,0,0,0,0,0,0,0,0,-95000,0,0,0,0,95000,-95000,-95000
060276,S&P反1元大9A購03,0,0,0,0,0,0,0,0,0,-95000,0,0,0,0,95000,-95000,-95000
063705,臻鼎群益9B購03  ,0,0,0,0,0,0,0,0,0,-95000,0,0,0,13000,108000,-95000,-95000
064063,健策國泰01購02  ,0,0,0,0,0,0,0,0,0,-95000,0,0,0,33000,128000,-95000,-95000
08346P,大立光元大9C售15,0,0,0,0,0,0,0,0,0,-96000,0,0,0,5000,101000,-96000,-96000
056909,嘉聯益元大99購03,0,0,0,0,0,0,0,0,0,-96000,0,0,0,270000,366000,-96000,-96000
057261,瑞昱兆豐98購01  ,0,0,0,0,0,0,0,0,0,-96000,0,0,0,126000,222000,-96000,-96000
056442,瑞昱凱基98購02  ,0,0,0,0,0,0,0,0,0,-96000,0,0,0,15000,111000,-96000,-96000
057739,新日興富邦9B購01,0,0,0,0,0,0,0,0,0,-96000,0,0,0,10000,106000,-96000,-96000
059755,宏達電國泰9A購01,0,0,0,0,0,0,0,0,0,-96000,0,0,0,64000,160000,-96000,-96000
060208,卜蜂康和9A購01  ,0,0,0,0,0,0,0,0,0,-96000,0,0,0,0,96000,-96000,-96000
062032,崇越群益9B購01  ,0,0,0,0,0,0,0,0,0,-96000,0,0,0,60000,156000,-96000,-96000
08334P,智邦永豐9C售01  ,0,0,0,0,0,0,0,0,0,-97000,0,0,0,0,97000,-97000,-97000
2015,豐興            ,33000,48000,-15000,0,0,0,0,0,0,-82000,0,82000,-82000,0,0,0,-97000
07174P,臺股指國票99售11,0,0,0,0,0,0,0,0,0,-97000,0,0,0,328000,425000,-97000,-97000
064956,麗豐凱基9C購01  ,0,0,0,0,0,0,0,0,0,-97000,0,0,0,0,97000,-97000,-97000
056444,南亞科凱基99購01,0,0,0,0,0,0,0,0,0,-97000,0,0,0,63000,160000,-97000,-97000
059771,台積電群益99購11,0,0,0,0,0,0,0,0,0,-97000,0,0,0,0,97000,-97000,-97000
061361,世紀鋼兆豐9A購01,0,0,0,0,0,0,0,0,0,-97000,0,0,0,0,97000,-97000,-97000
062071,華通元大9B購02  ,0,0,0,0,0,0,0,0,0,-97000,0,0,0,60000,157000,-97000,-97000
6257,矽格            ,208000,517000,-309000,0,0,0,394000,0,394000,-182000,33000,275000,-242000,75000,15000,60000,-97000
06631P,玉晶光群益9A售03,0,0,0,0,0,0,0,0,0,-98000,0,0,0,10000,108000,-98000,-98000
08418P,大立光元大01售04,0,0,0,0,0,0,0,0,0,-98000,0,0,0,0,98000,-98000,-98000
057077,國巨統一98購06  ,0,0,0,0,0,0,0,0,0,-98000,0,0,0,102000,200000,-98000,-98000
057701,嘉聯益群益98購02,0,0,0,0,0,0,0,0,0,-98000,0,0,0,0,98000,-98000,-98000
03444B,臺股指元大9C熊02,0,0,0,0,0,0,0,0,0,-98000,0,0,0,2000,100000,-98000,-98000
054265,GIS元大96購03   ,0,0,0,0,0,0,0,0,0,-98000,0,0,0,0,98000,-98000,-98000
059559,T50反1凱基99購07,0,0,0,0,0,0,0,0,0,-98000,0,0,0,2000,100000,-98000,-98000
061975,華通元大9B購01  ,0,0,0,0,0,0,0,0,0,-98000,0,0,0,68000,166000,-98000,-98000
06025P,臺股指元大99售02,0,0,0,0,0,0,0,0,0,-98000,0,0,0,34000,132000,-98000,-98000
058513,宏達電元大99購05,0,0,0,0,0,0,0,0,0,-98000,0,0,0,74000,172000,-98000,-98000
062296,南六永豐9B購02  ,0,0,0,0,0,0,0,0,0,-98000,0,0,0,10000,108000,-98000,-98000
062270,上銀群益9B購03  ,0,0,0,0,0,0,0,0,0,-98000,0,0,0,0,98000,-98000,-98000
062781,微星元大9C購01  ,0,0,0,0,0,0,0,0,0,-98000,0,0,0,60000,158000,-98000,-98000
064295,聚陽國票01購01  ,0,0,0,0,0,0,0,0,0,-98000,0,0,0,86000,184000,-98000,-98000
064398,聚陽凱基01購01  ,0,0,0,0,0,0,0,0,0,-98000,0,0,0,97000,195000,-98000,-98000
063813,瑞昱群益9C購02  ,0,0,0,0,0,0,0,0,0,-98000,0,0,0,146000,244000,-98000,-98000
08386P,臺股指群益9C售14,0,0,0,0,0,0,0,0,0,-99000,0,0,0,1000,100000,-99000,-99000
08165P,台表科永豐9B售02,0,0,0,0,0,0,0,0,0,-99000,0,0,0,0,99000,-99000,-99000
065108,建準國票01購01  ,0,0,0,0,0,0,0,0,0,-99000,0,0,0,0,99000,-99000,-99000
07407P,欣興凱基99售07  ,0,0,0,0,0,0,0,0,0,-99000,0,0,0,61000,160000,-99000,-99000
07922P,大立光群益9B售05,0,0,0,0,0,0,0,0,0,-99000,0,0,0,0,99000,-99000,-99000
056805,元石油統一9B購01,0,0,0,0,0,0,0,0,0,-99000,0,0,0,0,99000,-99000,-99000
063336,大成鋼統一9C購02,0,0,0,0,0,0,0,0,0,-99000,0,0,0,93000,192000,-99000,-99000
063959,GIS元大9C購02   ,0,0,0,0,0,0,0,0,0,-99000,0,0,0,10000,109000,-99000,-99000
062771,臺股指凱基9B購15,0,0,0,0,0,0,0,0,0,-99000,0,0,0,1000,100000,-99000,-99000
062645,國巨國泰9B購08  ,0,0,0,0,0,0,0,0,0,-99000,0,0,0,40000,139000,-99000,-99000
07811P,華新科統一9A售02,0,0,0,0,0,0,0,0,0,-100000,0,0,0,0,100000,-100000,-100000
07792P,牧德元大9A售04  ,0,0,0,0,0,0,0,0,0,-100000,0,0,0,0,100000,-100000,-100000
07766P,美律群益9A售03  ,0,0,0,0,0,0,0,0,0,-100000,0,0,0,0,100000,-100000,-100000
07756P,台灣50國票04售01,0,0,0,0,0,0,0,0,0,-100000,0,0,0,0,100000,-100000,-100000
07691P,宏達電元大9A售05,0,0,0,0,0,0,0,0,0,-100000,0,0,0,0,100000,-100000,-100000
07692P,玉晶光元大9A售11,0,0,0,0,0,0,0,0,0,-100000,0,0,0,0,100000,-100000,-100000
07693P,群創元大9B售10  ,0,0,0,0,0,0,0,0,0,-100000,0,0,0,0,100000,-100000,-100000
07555P,玉晶光元大9A售07,0,0,0,0,0,0,0,0,0,-100000,0,0,0,0,100000,-100000,-100000
07305P,T50正2群益99售02,0,0,0,0,0,0,0,0,0,-100000,0,0,0,20000,120000,-100000,-100000
07224P,鴻海元大9A售02  ,0,0,0,0,0,0,0,0,0,-100000,0,0,0,0,100000,-100000,-100000
06889P,臺股指元大98售13,0,0,0,0,0,0,0,0,0,-100000,0,0,0,0,100000,-100000,-100000
064990,世紀鋼元大01購01,0,0,0,0,0,0,0,0,0,-100000,0,0,0,0,100000,-100000,-100000
06683P,訊芯元大98售07  ,0,0,0,0,0,0,0,0,0,-100000,0,0,0,0,100000,-100000,-100000
06748P,智邦台新98售02  ,0,0,0,0,0,0,0,0,0,-100000,0,0,0,0,100000,-100000,-100000
064803,智邦元大9C購05  ,0,0,0,0,0,0,0,0,0,-100000,0,0,0,32000,132000,-100000,-100000
064664,微星元大9C購04  ,0,0,0,0,0,0,0,0,0,-100000,0,0,0,0,100000,-100000,-100000
064581,葡萄王永豐9C購01,0,0,0,0,0,0,0,0,0,-100000,0,0,0,0,100000,-100000,-100000
08118P,嘉澤元富9B售02  ,0,0,0,0,0,0,0,0,0,-100000,0,0,0,107000,207000,-100000,-100000
08074P,緯穎元富9B售02  ,0,0,0,0,0,0,0,0,0,-100000,0,0,0,20000,120000,-100000,-100000
08031P,臺股指元大9B售38,0,0,0,0,0,0,0,0,0,-100000,0,0,0,0,100000,-100000,-100000
08356P,聯發科元大9C售08,0,0,0,0,0,0,0,0,0,-100000,0,0,0,0,100000,-100000,-100000
08272P,鴻海元富9C售02  ,0,0,0,0,0,0,0,0,0,-100000,0,0,0,46000,146000,-100000,-100000
08393P,鴻海群益9C售05  ,0,0,0,0,0,0,0,0,0,-100000,0,0,0,3388000,3488000,-100000,-100000
08674P,嘉晶元富07售02  ,0,0,0,0,0,0,0,0,0,-100000,0,0,0,0,100000,-100000,-100000
1720,生達            ,1138000,1238000,-100000,0,0,0,0,0,0,0,0,0,0,0,0,0,-100000
057114,台虹群益98購01  ,0,0,0,0,0,0,0,0,0,-100000,0,0,0,0,100000,-100000,-100000
056308,TPK元大97購02   ,0,0,0,0,0,0,0,0,0,-100000,0,0,0,0,100000,-100000,-100000
056450,可成凱基98購05  ,0,0,0,0,0,0,0,0,0,-100000,0,0,0,110000,210000,-100000,-100000
057820,華擎元大98購02  ,0,0,0,0,0,0,0,0,0,-100000,0,0,0,0,100000,-100000,-100000
060934,台汽電永豐9A購02,0,0,0,0,0,0,0,0,0,-100000,0,0,0,0,100000,-100000,-100000
056579,麗豐元大99購01  ,0,0,0,0,0,0,0,0,0,-100000,0,0,0,437000,537000,-100000,-100000
054272,華通中信98購01  ,0,0,0,0,0,0,0,0,0,-100000,0,0,0,0,100000,-100000,-100000
054335,緯穎永豐96購02  ,0,0,0,0,0,0,0,0,0,-100000,0,0,0,10000,110000,-100000,-100000
053134,南亞科國票97購01,0,0,0,0,0,0,0,0,0,-100000,0,0,0,0,100000,-100000,-100000
057163,上銀元大98購04  ,0,0,0,0,0,0,0,0,0,-100000,0,0,0,0,100000,-100000,-100000
056364,亞光元大99購02  ,0,0,0,0,0,0,0,0,0,-100000,0,0,0,0,100000,-100000,-100000
056348,S&P反1元大9A購01,0,0,0,0,0,0,0,0,0,-100000,0,0,0,10000,110000,-100000,-100000
050508,上証2X元大97購01,0,0,0,0,0,0,0,0,0,-100000,0,0,0,0,100000,-100000,-100000
060850,康友國票9A購03  ,0,0,0,0,0,0,0,0,0,-100000,0,0,0,10000,110000,-100000,-100000
058723,元石油國泰9A購01,0,0,0,0,0,0,0,0,0,-100000,0,0,0,0,100000,-100000,-100000
057861,台積電凱基98購16,0,0,0,0,0,0,0,0,0,-100000,0,0,0,0,100000,-100000,-100000
058764,康友群益99購01  ,0,0,0,0,0,0,0,0,0,-100000,0,0,0,0,100000,-100000,-100000
06059P,泰碩元大97售02  ,0,0,0,0,0,0,0,0,0,-100000,0,0,0,0,100000,-100000,-100000
060037,鴻海國票99購10  ,0,0,0,0,0,0,0,0,0,-100000,0,0,0,0,100000,-100000,-100000
061780,國巨群益9C購01  ,0,0,0,0,0,0,0,0,0,-100000,0,0,0,0,100000,-100000,-100000
062757,華通凱基9B購02  ,0,0,0,0,0,0,0,0,0,-100000,0,0,0,0,100000,-100000,-100000
3504,揚明光          ,490000,586000,-96000,0,0,0,0,0,0,-5000,0,8000,-8000,5000,2000,3000,-101000
056809,旺宏統一98購03  ,0,0,0,0,0,0,0,0,0,-101000,0,0,0,0,101000,-101000,-101000
056906,玉晶光元大9B購01,0,0,0,0,0,0,0,0,0,-101000,0,0,0,355000,456000,-101000,-101000
056699,光罩國泰99購01  ,0,0,0,0,0,0,0,0,0,-101000,0,0,0,249000,350000,-101000,-101000
060758,台積電元大9A購19,0,0,0,0,0,0,0,0,0,-101000,0,0,0,16000,117000,-101000,-101000
061708,同欣電國票9A購02,0,0,0,0,0,0,0,0,0,-101000,0,0,0,67000,168000,-101000,-101000
059295,大立光元富99購05,0,0,0,0,0,0,0,0,0,-101000,0,0,0,10000,111000,-101000,-101000
064313,嘉晶群益9C購02  ,0,0,0,0,0,0,0,0,0,-101000,0,0,0,155000,256000,-101000,-101000
063402,GIS群益9B購02   ,0,0,0,0,0,0,0,0,0,-101000,0,0,0,56000,157000,-101000,-101000
063459,華通元大9B購08  ,0,0,0,0,0,0,0,0,0,-101000,0,0,0,0,101000,-101000,-101000
6214,精誠            ,105000,235000,-130000,0,0,0,0,0,0,29000,29000,0,29000,0,0,0,-101000
2393,億光            ,321000,380000,-59000,0,0,0,0,0,0,-43000,2000,42000,-40000,1000,4000,-3000,-102000
064669,健策元大01購03  ,0,0,0,0,0,0,0,0,0,-102000,0,0,0,41000,143000,-102000,-102000
06693P,臺股指凱基98售01,0,0,0,0,0,0,0,0,0,-102000,0,0,0,16000,118000,-102000,-102000
06908P,健策國泰99售02  ,0,0,0,0,0,0,0,0,0,-102000,0,0,0,11000,113000,-102000,-102000
055972,GIS元大97購04   ,0,0,0,0,0,0,0,0,0,-102000,0,0,0,0,102000,-102000,-102000
057776,京元電群益98購02,0,0,0,0,0,0,0,0,0,-102000,0,0,0,272000,374000,-102000,-102000
057232,京元電凱基98購02,0,0,0,0,0,0,0,0,0,-102000,0,0,0,50000,152000,-102000,-102000
054161,友訊凱基98購01  ,0,0,0,0,0,0,0,0,0,-102000,0,0,0,3000,105000,-102000,-102000
058515,健鼎元大99購01  ,0,0,0,0,0,0,0,0,0,-102000,0,0,0,61000,163000,-102000,-102000
064049,信邦統一01購01  ,0,0,0,0,0,0,0,0,0,-103000,0,0,0,12000,115000,-103000,-103000
062832,嘉澤群益9B購02  ,0,0,0,0,0,0,0,0,0,-103000,0,0,0,0,103000,-103000,-103000
062922,南六元大9B購03  ,0,0,0,0,0,0,0,0,0,-103000,0,0,0,33000,136000,-103000,-103000
06322P,超眾統一97售04  ,0,0,0,0,0,0,0,0,0,-103000,0,0,0,0,103000,-103000,-103000
062085,同欣電元大9B購01,0,0,0,0,0,0,0,0,0,-103000,0,0,0,104000,207000,-103000,-103000
062354,台達電元大9B購01,0,0,0,0,0,0,0,0,0,-103000,0,0,0,31000,134000,-103000,-103000
07708P,玉晶光元大9A售13,0,0,0,0,0,0,0,0,0,-104000,0,0,0,24000,128000,-104000,-104000
08314P,國巨元大9C售14  ,0,0,0,0,0,0,0,0,0,-104000,0,0,0,0,104000,-104000,-104000
08097P,嘉澤永豐9B售03  ,0,0,0,0,0,0,0,0,0,-104000,0,0,0,10000,114000,-104000,-104000
061752,瑞昱台新9B購01  ,0,0,0,0,0,0,0,0,0,-104000,0,0,0,31000,135000,-104000,-104000
063438,聚陽統一9C購01  ,0,0,0,0,0,0,0,0,0,-104000,0,0,0,21000,125000,-104000,-104000
06679P,旺宏元大98售09  ,0,0,0,0,0,0,0,0,0,-105000,0,0,0,87000,192000,-105000,-105000
056828,國巨富邦9A購03  ,0,0,0,0,0,0,0,0,0,-105000,0,0,0,250000,355000,-105000,-105000
058325,昇陽半永豐99購01,0,0,0,0,0,0,0,0,0,-105000,0,0,0,20000,125000,-105000,-105000
057917,台積電凱基98購17,0,0,0,0,0,0,0,0,0,-105000,0,0,0,38000,143000,-105000,-105000
063369,聚陽永豐9B購01  ,0,0,0,0,0,0,0,0,0,-105000,0,0,0,50000,155000,-105000,-105000
064335,可成元大9C購05  ,0,0,0,0,0,0,0,0,0,-105000,0,0,0,76000,181000,-105000,-105000
062876,全新兆豐9B購01  ,0,0,0,0,0,0,0,0,0,-105000,0,0,0,0,105000,-105000,-105000
065019,華邦電富邦9C購01,0,0,0,0,0,0,0,0,0,-106000,0,0,0,0,106000,-106000,-106000
07031P,台灣50中信03售02,0,0,0,0,0,0,0,0,0,-106000,0,0,0,0,106000,-106000,-106000
08177P,金像電元大9B售02,0,0,0,0,0,0,0,0,0,-106000,0,0,0,10000,116000,-106000,-106000
08049P,臺股指國票9B售14,0,0,0,0,0,0,0,0,0,-106000,0,0,0,0,106000,-106000,-106000
055817,京鼎國票99購01  ,0,0,0,0,0,0,0,0,0,-106000,0,0,0,0,106000,-106000,-106000
062309,燿華凱基9B購01  ,0,0,0,0,0,0,0,0,0,-106000,0,0,0,19000,125000,-106000,-106000
064001,華通凱基02購01  ,0,0,0,0,0,0,0,0,0,-106000,0,0,0,19000,125000,-106000,-106000
064129,新日興元大9C購02,0,0,0,0,0,0,0,0,0,-106000,0,0,0,165000,271000,-106000,-106000
08349P,南六元大9C售03  ,0,0,0,0,0,0,0,0,0,-107000,0,0,0,106000,213000,-107000,-107000
064538,鈺齊國票01購01  ,0,0,0,0,0,0,0,0,0,-107000,0,0,0,67000,174000,-107000,-107000
057405,麗豐群益98購01  ,0,0,0,0,0,0,0,0,0,-107000,0,0,0,0,107000,-107000,-107000
059819,台積電凱基99購17,0,0,0,0,0,0,0,0,0,-107000,0,0,0,0,107000,-107000,-107000
058201,華通凱基9A購01  ,0,0,0,0,0,0,0,0,0,-107000,0,0,0,0,107000,-107000,-107000
063524,瑞昱凱基9B購05  ,0,0,0,0,0,0,0,0,0,-107000,0,0,0,9000,116000,-107000,-107000
062355,華通元大9B購03  ,0,0,0,0,0,0,0,0,0,-107000,0,0,0,53000,160000,-107000,-107000
063153,南六元富9B購01  ,0,0,0,0,0,0,0,0,0,-107000,0,0,0,23000,130000,-107000,-107000
08347P,大立光元大9C售16,0,0,0,0,0,0,0,0,0,-108000,0,0,0,50000,158000,-108000,-108000
08411P,技嘉凱基9C售01  ,0,0,0,0,0,0,0,0,0,-108000,0,0,0,0,108000,-108000,-108000
3702A,大聯大甲特      ,2000,0,2000,0,0,0,0,0,0,-110000,0,110000,-110000,0,0,0,-108000
057553,景碩凱基98購03  ,0,0,0,0,0,0,0,0,0,-108000,0,0,0,3000,111000,-108000,-108000
056197,友訊永豐97購01  ,0,0,0,0,0,0,0,0,0,-108000,0,0,0,3000,111000,-108000,-108000
059924,世紀鋼元大99購06,0,0,0,0,0,0,0,0,0,-108000,0,0,0,10000,118000,-108000,-108000
063517,遠東新凱基01購01,0,0,0,0,0,0,0,0,0,-108000,0,0,0,0,108000,-108000,-108000
3008,大立光          ,156314,188905,-32591,0,0,0,0,59000,-59000,-17000,3000,9000,-6000,1000,12000,-11000,-108591
1449,佳和            ,30000,139000,-109000,0,0,0,0,0,0,0,0,0,0,0,0,0,-109000
08228P,華擎國票9C售01  ,0,0,0,0,0,0,0,0,0,-109000,0,0,0,0,109000,-109000,-109000
06721P,臺股指中信9A售03,0,0,0,0,0,0,0,0,0,-109000,0,0,0,152000,261000,-109000,-109000
06846P,美律元大98售05  ,0,0,0,0,0,0,0,0,0,-109000,0,0,0,0,109000,-109000,-109000
057475,聯電元大9A購01  ,0,0,0,0,0,0,0,0,0,-109000,0,0,0,425000,534000,-109000,-109000
055320,建準國票98購01  ,0,0,0,0,0,0,0,0,0,-109000,0,0,0,91000,200000,-109000,-109000
00710B,FH彭博高收益債  ,0,0,0,0,0,0,0,0,0,-109000,0,0,0,63000,172000,-109000,-109000
060718,中磊永豐9A購01  ,0,0,0,0,0,0,0,0,0,-109000,0,0,0,59000,168000,-109000,-109000
063135,國巨統一9B購16  ,0,0,0,0,0,0,0,0,0,-109000,0,0,0,161000,270000,-109000,-109000
063119,華通元大9B購07  ,0,0,0,0,0,0,0,0,0,-109000,0,0,0,51000,160000,-109000,-109000
063159,嘉澤國泰01購01  ,0,0,0,0,0,0,0,0,0,-109000,0,0,0,0,109000,-109000,-109000
07504P,聯詠元大9A售02  ,0,0,0,0,0,0,0,0,0,-110000,0,0,0,0,110000,-110000,-110000
07845P,南亞科元大9A售08,0,0,0,0,0,0,0,0,0,-110000,0,0,0,0,110000,-110000,-110000
064971,裕隆元大01購01  ,0,0,0,0,0,0,0,0,0,-110000,0,0,0,69000,179000,-110000,-110000
055688,力成凱基98購02  ,0,0,0,0,0,0,0,0,0,-110000,0,0,0,30000,140000,-110000,-110000
061081,宏碁兆豐9A購01  ,0,0,0,0,0,0,0,0,0,-110000,0,0,0,160000,270000,-110000,-110000
058997,鴻海元大99購21  ,0,0,0,0,0,0,0,0,0,-110000,0,0,0,100000,210000,-110000,-110000
063267,台表科中信01購02,0,0,0,0,0,0,0,0,0,-110000,0,0,0,0,110000,-110000,-110000
062774,儒鴻元大9C購01  ,0,0,0,0,0,0,0,0,0,-110000,0,0,0,30000,140000,-110000,-110000
063489,新日興國泰01購01,0,0,0,0,0,0,0,0,0,-110000,0,0,0,0,110000,-110000,-110000
064218,南六凱基01購01  ,0,0,0,0,0,0,0,0,0,-110000,0,0,0,26000,136000,-110000,-110000
064639,聚陽凱基02購01  ,0,0,0,0,0,0,0,0,0,-111000,0,0,0,27000,138000,-111000,-111000
07428P,華新科國票9A售01,0,0,0,0,0,0,0,0,0,-111000,0,0,0,0,111000,-111000,-111000
07991P,鴻海群益9C售02  ,0,0,0,0,0,0,0,0,0,-111000,0,0,0,54000,165000,-111000,-111000
061054,台積電群益9A購04,0,0,0,0,0,0,0,0,0,-111000,0,0,0,31000,142000,-111000,-111000
057407,超眾群益99購01  ,0,0,0,0,0,0,0,0,0,-111000,0,0,0,0,111000,-111000,-111000
055931,冠德群益97購02  ,0,0,0,0,0,0,0,0,0,-111000,0,0,0,39000,150000,-111000,-111000
058751,南茂凱基9A購01  ,0,0,0,0,0,0,0,0,0,-111000,0,0,0,102000,213000,-111000,-111000
06421P,嘉澤統一97售02  ,0,0,0,0,0,0,0,0,0,-111000,0,0,0,99000,210000,-111000,-111000
064284,京鼎元大9C購01  ,0,0,0,0,0,0,0,0,0,-111000,0,0,0,601000,712000,-111000,-111000
063600,燿華凱基9B購04  ,0,0,0,0,0,0,0,0,0,-111000,0,0,0,49000,160000,-111000,-111000
063786,瑞昱中信06購01  ,0,0,0,0,0,0,0,0,0,-111000,0,0,0,100000,211000,-111000,-111000
063148,建準元富9B購01  ,0,0,0,0,0,0,0,0,0,-111000,0,0,0,336000,447000,-111000,-111000
063030,華通凱基9B購03  ,0,0,0,0,0,0,0,0,0,-111000,0,0,0,20000,131000,-111000,-111000
062237,緯創凱基9B購01  ,0,0,0,0,0,0,0,0,0,-111000,0,0,0,235000,346000,-111000,-111000
08391P,智邦凱基02售02  ,0,0,0,0,0,0,0,0,0,-112000,0,0,0,0,112000,-112000,-112000
2365,昆盈            ,22000,134000,-112000,0,0,0,0,0,0,0,0,0,0,0,0,0,-112000
064625,健策元大01購02  ,0,0,0,0,0,0,0,0,0,-112000,0,0,0,11000,123000,-112000,-112000
064628,南六元大9C購05  ,0,0,0,0,0,0,0,0,0,-112000,0,0,0,3000,115000,-112000,-112000
054827,宏全元大9A購01  ,0,0,0,0,0,0,0,0,0,-112000,0,0,0,0,112000,-112000,-112000
061567,華通元大9A購11  ,0,0,0,0,0,0,0,0,0,-112000,0,0,0,0,112000,-112000,-112000
060324,台積電群益9B購02,0,0,0,0,0,0,0,0,0,-112000,0,0,0,0,112000,-112000,-112000
08089P,嘉澤凱基9B售03  ,0,0,0,0,0,0,0,0,0,-113000,0,0,0,110000,223000,-113000,-113000
060457,中橡元大9A購02  ,0,0,0,0,0,0,0,0,0,-113000,0,0,0,35000,148000,-113000,-113000
08234P,華擎元富9B售03  ,0,0,0,0,0,0,0,0,0,-114000,0,0,0,0,114000,-114000,-114000
2472,立隆電          ,59000,165000,-106000,0,0,0,0,0,0,-8000,6000,14000,-8000,0,0,0,-114000
06458P,玉晶光統一9A售02,0,0,0,0,0,0,0,0,0,-114000,0,0,0,25000,139000,-114000,-114000
055598,欣興元大97購03  ,0,0,0,0,0,0,0,0,0,-114000,0,0,0,2000,116000,-114000,-114000
056247,台郡群益97購01  ,0,0,0,0,0,0,0,0,0,-114000,0,0,0,1000,115000,-114000,-114000
061085,聯茂兆豐9A購01  ,0,0,0,0,0,0,0,0,0,-114000,0,0,0,232000,346000,-114000,-114000
057954,宏碁元大99購01  ,0,0,0,0,0,0,0,0,0,-114000,0,0,0,28000,142000,-114000,-114000
07257P,臺股指凱基99售37,0,0,0,0,0,0,0,0,0,-115000,0,0,0,0,115000,-115000,-115000
06937P,GIS元大98售03   ,0,0,0,0,0,0,0,0,0,-115000,0,0,0,39000,154000,-115000,-115000
07466P,亞德客元大9A售02,0,0,0,0,0,0,0,0,0,-115000,0,0,0,0,115000,-115000,-115000
057105,致茂群益9A購01  ,0,0,0,0,0,0,0,0,0,-115000,0,0,0,577000,692000,-115000,-115000
055038,華航富邦99購01  ,0,0,0,0,0,0,0,0,0,-115000,0,0,0,0,115000,-115000,-115000
057987,大立光元富98購02,0,0,0,0,0,0,0,0,0,-115000,0,0,0,13000,128000,-115000,-115000
5215,科嘉-KY         ,256415,362000,-105585,0,0,0,0,0,0,-10000,0,10000,-10000,0,0,0,-115585
07950P,智邦元大9B售04  ,0,0,0,0,0,0,0,0,0,-116000,0,0,0,0,116000,-116000,-116000
064697,健策群益01購02  ,0,0,0,0,0,0,0,0,0,-116000,0,0,0,38000,154000,-116000,-116000
064905,嘉聯益群益9C購01,0,0,0,0,0,0,0,0,0,-116000,0,0,0,2000,118000,-116000,-116000
056850,彩晶元富99購01  ,0,0,0,0,0,0,0,0,0,-116000,0,0,0,0,116000,-116000,-116000
061724,訊芯永豐9A購01  ,0,0,0,0,0,0,0,0,0,-116000,0,0,0,20000,136000,-116000,-116000
06082P,華通統一98售01  ,0,0,0,0,0,0,0,0,0,-116000,0,0,0,22000,138000,-116000,-116000
062522,同欣電元大9B購02,0,0,0,0,0,0,0,0,0,-116000,0,0,0,22000,138000,-116000,-116000
063701,燿華群益9B購02  ,0,0,0,0,0,0,0,0,0,-116000,0,0,0,127000,243000,-116000,-116000
064917,元大金統一02購01,0,0,0,0,0,0,0,0,0,-117000,0,0,0,135000,252000,-117000,-117000
6142,友勁            ,217000,148000,69000,0,0,0,0,0,0,-186000,0,186000,-186000,0,0,0,-117000
07990P,緯穎凱基9B售02  ,0,0,0,0,0,0,0,0,0,-117000,0,0,0,0,117000,-117000,-117000
061084,京元電兆豐9A購02,0,0,0,0,0,0,0,0,0,-117000,0,0,0,68000,185000,-117000,-117000
056508,揚明光永豐98購01,0,0,0,0,0,0,0,0,0,-117000,0,0,0,0,117000,-117000,-117000
046628,大立光統一98購01,0,0,0,0,0,0,0,0,0,-117000,0,0,0,93000,210000,-117000,-117000
2501,國建            ,157000,89500,67500,0,0,0,0,0,0,-185000,0,185000,-185000,0,0,0,-117500
054371,台積電中信9C購01,10000,0,10000,0,0,0,0,0,0,-128000,0,0,0,0,128000,-128000,-118000
057572,明泰永豐98購01  ,0,0,0,0,0,0,0,0,0,-118000,0,0,0,0,118000,-118000,-118000
057394,台積電中信9C購02,0,0,0,0,0,0,0,0,0,-118000,0,0,0,10000,128000,-118000,-118000
062464,T50反1凱基9C購03,0,0,0,0,0,0,0,0,0,-118000,0,0,0,0,118000,-118000,-118000
06730P,祥碩元大98售07  ,0,0,0,0,0,0,0,0,0,-119000,0,0,0,0,119000,-119000,-119000
062687,華擎統一01購02  ,0,0,0,0,0,0,0,0,0,-119000,0,0,0,207000,326000,-119000,-119000
063907,華通凱基9C購03  ,0,0,0,0,0,0,0,0,0,-119000,0,0,0,20000,139000,-119000,-119000
6715,嘉基            ,6000,125000,-119000,0,0,0,0,0,0,0,0,0,0,0,0,0,-119000
07529P,國巨凱基9A售11  ,0,0,0,0,0,0,0,0,0,-120000,0,0,0,0,120000,-120000,-120000
06851P,鈺齊元大98售01  ,0,0,0,0,0,0,0,0,0,-120000,0,0,0,0,120000,-120000,-120000
08387P,臺股指群益9C售15,0,0,0,0,0,0,0,0,0,-120000,0,0,0,1000,121000,-120000,-120000
056138,群創元大9B購01  ,0,0,0,0,0,0,0,0,0,-120000,0,0,0,0,120000,-120000,-120000
056589,康控統一98購01  ,0,0,0,0,0,0,0,0,0,-120000,0,0,0,40000,160000,-120000,-120000
060212,華航康和9A購01  ,0,0,0,0,0,0,0,0,0,-120000,0,0,0,0,120000,-120000,-120000
060084,聯電元大99購02  ,0,0,0,0,0,0,0,0,0,-120000,0,0,0,55000,175000,-120000,-120000
063556,儒鴻元大9B購02  ,0,0,0,0,0,0,0,0,0,-120000,0,0,0,11000,131000,-120000,-120000
064199,南六群益01購01  ,0,0,0,0,0,0,0,0,0,-120000,0,0,0,0,120000,-120000,-120000
062229,南六統一9B購01  ,0,0,0,0,0,0,0,0,0,-120000,0,0,0,0,120000,-120000,-120000
056855,祥碩中信98購02  ,0,0,0,0,0,0,0,0,0,-121000,0,0,0,20000,141000,-121000,-121000
055318,華通國票98購01  ,0,0,0,0,0,0,0,0,0,-121000,0,0,0,2000,123000,-121000,-121000
060106,旭富元大99購02  ,0,0,0,0,0,0,0,0,0,-121000,0,0,0,135000,256000,-121000,-121000
058692,華邦電國票9B購01,0,0,0,0,0,0,0,0,0,-121000,0,0,0,10000,131000,-121000,-121000
063089,巨大凱基9C購01  ,0,0,0,0,0,0,0,0,0,-121000,0,0,0,74000,195000,-121000,-121000
064191,聯發科中信03購01,0,0,0,0,0,0,0,0,0,-121000,0,0,0,289000,410000,-121000,-121000
07071P,立積元富99售01  ,0,0,0,0,0,0,0,0,0,-122000,0,0,0,30000,152000,-122000,-122000
07768P,緯穎群益9A售02  ,0,0,0,0,0,0,0,0,0,-122000,0,0,0,10000,132000,-122000,-122000
064575,鈺齊群益9C購01  ,0,0,0,0,0,0,0,0,0,-122000,0,0,0,4000,126000,-122000,-122000
056768,宏達電元大99購03,0,0,0,0,0,0,0,0,0,-122000,0,0,0,56000,178000,-122000,-122000
064406,健策凱基03購01  ,0,0,0,0,0,0,0,0,0,-122000,0,0,0,45000,167000,-122000,-122000
064641,神隆凱基9C購01  ,0,0,0,0,0,0,0,0,0,-123000,0,0,0,259000,382000,-123000,-123000
1417,嘉裕            ,83000,206000,-123000,0,0,0,0,0,0,0,0,0,0,0,0,0,-123000
08345P,大立光元大9C售14,0,0,0,0,0,0,0,0,0,-123000,0,0,0,5000,128000,-123000,-123000
058995,台達電元大99購01,0,0,0,0,0,0,0,0,0,-123000,0,0,0,51000,174000,-123000,-123000
062387,健策國泰01購01  ,0,0,0,0,0,0,0,0,0,-123000,0,0,0,22000,145000,-123000,-123000
9136,巨騰-DR         ,0,126000,-126000,0,0,0,0,0,0,3000,3000,0,3000,0,0,0,-123000
07578P,高鐵元大9A售02  ,0,0,0,0,0,0,0,0,0,-124000,0,0,0,0,124000,-124000,-124000
058528,世紀鋼元大99購02,0,0,0,0,0,0,0,0,0,-124000,0,0,0,0,124000,-124000,-124000
061971,力山元大9C購02  ,0,0,0,0,0,0,0,0,0,-124000,0,0,0,81000,205000,-124000,-124000
058053,上銀統一9B購01  ,0,0,0,0,0,0,0,0,0,-124000,0,0,0,306000,430000,-124000,-124000
07420P,可成元大99售07  ,0,0,0,0,0,0,0,0,0,-125000,0,0,0,0,125000,-125000,-125000
064752,台達電凱基01購01,0,0,0,0,0,0,0,0,0,-125000,0,0,0,10000,135000,-125000,-125000
061265,富邦金凱基9B購01,0,0,0,0,0,0,0,0,0,-125000,0,0,0,165000,290000,-125000,-125000
057936,健策群益99購01  ,0,0,0,0,0,0,0,0,0,-125000,0,0,0,1000,126000,-125000,-125000
063028,巨大元大9B購02  ,0,0,0,0,0,0,0,0,0,-125000,0,0,0,50000,175000,-125000,-125000
056540,聯詠凱基98購02  ,0,0,0,0,0,0,0,0,0,-126000,0,0,0,0,126000,-126000,-126000
057894,華通元富02購02  ,0,0,0,0,0,0,0,0,0,-126000,0,0,0,5000,131000,-126000,-126000
058516,健鼎元大99購02  ,0,0,0,0,0,0,0,0,0,-126000,0,0,0,11000,137000,-126000,-126000
061951,南電群益9B購01  ,0,0,0,0,0,0,0,0,0,-126000,0,0,0,110000,236000,-126000,-126000
065119,大立光富邦03購03,0,0,0,0,0,0,0,0,0,-127000,0,0,0,0,127000,-127000,-127000
063200,瑞昱統一9C購01  ,0,0,0,0,0,0,0,0,0,-127000,0,0,0,168000,295000,-127000,-127000
062982,同欣電元富9B購01,0,0,0,0,0,0,0,0,0,-127000,0,0,0,145000,272000,-127000,-127000
063723,儒鴻元大9B購04  ,0,0,0,0,0,0,0,0,0,-127000,0,0,0,86000,213000,-127000,-127000
07279P,台灣50台新99售02,0,0,0,0,0,0,0,0,0,-128000,0,0,0,0,128000,-128000,-128000
2493,揚博            ,43000,172000,-129000,0,0,0,0,0,0,1000,1000,0,1000,0,0,0,-128000
057161,亞德客元大98購02,0,0,0,0,0,0,0,0,0,-128000,0,0,0,336000,464000,-128000,-128000
063753,矽創國票9C購01  ,0,0,0,0,0,0,0,0,0,-128000,0,0,0,14000,142000,-128000,-128000
063066,同欣電麥證9B購01,0,0,0,32000,160000,-128000,0,0,0,-128000,0,0,0,32000,160000,-128000,-128000
062093,台積電富邦9C購11,0,0,0,0,0,0,0,0,0,-128000,0,0,0,0,128000,-128000,-128000
08300P,世芯國票01售01  ,0,0,0,0,0,0,0,0,0,-129000,0,0,0,3000,132000,-129000,-129000
064711,國喬統一02購01  ,0,0,0,0,0,0,0,0,0,-129000,0,0,0,0,129000,-129000,-129000
061398,力成中信9A購01  ,0,0,0,0,0,0,0,0,0,-129000,0,0,0,145000,274000,-129000,-129000
058836,FBVIX中信03購05 ,0,0,0,0,0,0,0,0,0,-129000,0,0,0,112000,241000,-129000,-129000
064882,同欣電兆豐9C購01,0,0,0,0,0,0,0,0,0,-130000,0,0,0,0,130000,-130000,-130000
08069P,大立光國泰01售02,0,0,0,0,0,0,0,0,0,-130000,0,0,0,20000,150000,-130000,-130000
055093,京鼎群益98購01  ,0,0,0,0,0,0,0,0,0,-130000,0,0,0,69000,199000,-130000,-130000
00672L,元大S&P原油正2  ,0,0,0,0,0,0,0,0,0,-130000,0,0,0,75000,205000,-130000,-130000
058896,中環元大99購03  ,0,0,0,0,0,0,0,0,0,-130000,0,0,0,45000,175000,-130000,-130000
059298,大立光元富9C購02,0,0,0,0,0,0,0,0,0,-130000,0,0,0,45000,175000,-130000,-130000
058637,晶技兆豐99購01  ,0,0,0,0,0,0,0,0,0,-130000,0,0,0,93000,223000,-130000,-130000
058549,藍天永豐99購01  ,0,0,0,0,0,0,0,0,0,-130000,0,0,0,60000,190000,-130000,-130000
059644,茂林凱基99購03  ,0,0,0,0,0,0,0,0,0,-130000,0,0,0,10000,140000,-130000,-130000
060448,道瓊反元大9A購04,0,0,0,0,0,0,0,0,0,-130000,0,0,0,0,130000,-130000,-130000
06608P,立積群益99售02  ,0,0,0,0,0,0,0,0,0,-131000,0,0,0,29000,160000,-131000,-131000
00686R,群益臺灣加權反1 ,0,0,0,0,0,0,0,0,0,-131000,0,0,0,28000,159000,-131000,-131000
053860,台積電元大98購03,0,0,0,0,0,0,0,0,0,-131000,0,0,0,0,131000,-131000,-131000
057356,彩晶統一98購04  ,0,0,0,0,0,0,0,0,0,-131000,0,0,0,0,131000,-131000,-131000
062333,嘉晶統一9C購01  ,0,0,0,0,0,0,0,0,0,-131000,0,0,0,116000,247000,-131000,-131000
063625,儒鴻元大9B購03  ,0,0,0,0,0,0,0,0,0,-131000,0,0,0,119000,250000,-131000,-131000
063817,GIS群益9C購01   ,0,0,0,0,0,0,0,0,0,-131000,0,0,0,122000,253000,-131000,-131000
06538P,國巨凱基98售11  ,0,0,0,0,0,0,0,0,0,-132000,0,0,0,100000,232000,-132000,-132000
064107,友達兆豐01購01  ,0,0,0,0,0,0,0,0,0,-132000,0,0,0,3000,135000,-132000,-132000
062831,嘉澤群益9B購01  ,0,0,0,0,0,0,0,0,0,-132000,0,0,0,0,132000,-132000,-132000
07527P,台灣50凱基9B售02,0,0,0,0,0,0,0,0,0,-133000,0,0,0,0,133000,-133000,-133000
056641,華通凱基98購03  ,0,0,0,0,0,0,0,0,0,-133000,0,0,0,49000,182000,-133000,-133000
053221,彩晶凱基98購01  ,0,0,0,0,0,0,0,0,0,-133000,0,0,0,0,133000,-133000,-133000
061788,信邦群益9B購01  ,0,0,0,0,0,0,0,0,0,-133000,0,0,0,0,133000,-133000,-133000
07149P,健鼎元大99售03  ,0,0,0,0,0,0,0,0,0,-134000,0,0,0,0,134000,-134000,-134000
065014,南電國泰01購01  ,0,0,0,0,0,0,0,0,0,-134000,0,0,0,2000,136000,-134000,-134000
8271,宇瞻            ,91000,225000,-134000,0,0,0,0,0,0,0,0,0,0,0,0,0,-134000
065046,玉晶光凱基01購03,0,0,0,0,0,0,0,0,0,-135000,0,0,0,0,135000,-135000,-135000
07263P,台積電元大99售37,0,0,0,0,0,0,0,0,0,-135000,0,0,0,20000,155000,-135000,-135000
07021P,台積電富邦9C售02,0,0,0,0,0,0,0,0,0,-135000,0,0,0,0,135000,-135000,-135000
056089,同欣電統一98購01,0,0,0,0,0,0,0,0,0,-135000,0,0,0,75000,210000,-135000,-135000
057728,瑞昱國泰99購01  ,0,0,0,0,0,0,0,0,0,-135000,0,0,0,3000,138000,-135000,-135000
061582,麗豐元大9A購01  ,0,0,0,0,0,0,0,0,0,-135000,0,0,0,5000,140000,-135000,-135000
061929,嘉澤凱基9B購01  ,0,0,0,0,0,0,0,0,0,-135000,0,0,0,0,135000,-135000,-135000
064845,華通元富9C購02  ,0,0,0,0,0,0,0,0,0,-136000,0,0,0,7000,143000,-136000,-136000
061349,嘉澤元大9A購02  ,0,0,0,0,0,0,0,0,0,-136000,0,0,0,8000,144000,-136000,-136000
059688,燿華永豐99購01  ,0,0,0,0,0,0,0,0,0,-136000,0,0,0,17000,153000,-136000,-136000
064194,燿華群益9C購01  ,0,0,0,0,0,0,0,0,0,-136000,0,0,0,29000,165000,-136000,-136000
6177,達麗            ,86000,223000,-137000,0,0,0,0,0,0,0,0,0,0,0,0,0,-137000
061094,彩晶統一9B購02  ,0,0,0,0,0,0,0,0,0,-137000,0,0,0,70000,207000,-137000,-137000
055104,台達電凱基98購01,0,0,0,0,0,0,0,0,0,-137000,0,0,0,16000,153000,-137000,-137000
061316,台積電凱基9A購24,0,0,0,0,0,0,0,0,0,-137000,0,0,0,0,137000,-137000,-137000
064351,中租元大9C購01  ,0,0,0,0,0,0,0,0,0,-137000,0,0,0,248000,385000,-137000,-137000
063480,南六元大9C購01  ,0,0,0,0,0,0,0,0,0,-137000,0,0,0,1000,138000,-137000,-137000
062770,臺股指凱基9B購14,0,0,0,0,0,0,0,0,0,-137000,0,0,0,5000,142000,-137000,-137000
063101,華通群益9B購07  ,0,0,0,0,0,0,0,0,0,-137000,0,0,0,32000,169000,-137000,-137000
060991,京鼎元大9A購01  ,0,0,0,0,0,0,0,0,0,-138000,0,0,0,156000,294000,-138000,-138000
058809,國巨統一9B購03  ,0,0,0,0,0,0,0,0,0,-138000,0,0,0,571000,709000,-138000,-138000
058173,台積電凱基99購04,0,0,0,0,0,0,0,0,0,-138000,0,0,0,43000,181000,-138000,-138000
062011,上銀富邦9C購01  ,0,0,0,0,0,0,0,0,0,-138000,0,0,0,0,138000,-138000,-138000
3005,神基            ,406000,384000,22000,0,0,0,0,3000,-3000,-158000,10000,66000,-56000,0,102000,-102000,-139000
064792,美律國票9C購01  ,0,0,0,0,0,0,0,0,0,-139000,0,0,0,35000,174000,-139000,-139000
056946,國巨統一98購05  ,0,0,0,0,0,0,0,0,0,-139000,0,0,0,1033000,1172000,-139000,-139000
060434,台汽電永豐9A購01,0,0,0,0,0,0,0,0,0,-139000,0,0,0,0,139000,-139000,-139000
063154,南六元富9B購02  ,0,0,0,0,0,0,0,0,0,-139000,0,0,0,5000,144000,-139000,-139000
064672,同欣電元大01購01,0,0,0,0,0,0,0,0,0,-140000,0,0,0,184000,324000,-140000,-140000
08376P,南亞科元富9C售03,0,0,0,0,0,0,0,0,0,-140000,0,0,0,0,140000,-140000,-140000
062194,遠東新中信9C購01,0,0,0,0,0,0,0,0,0,-140000,0,0,0,74000,214000,-140000,-140000
063873,南六永豐9C購01  ,0,0,0,0,0,0,0,0,0,-140000,0,0,0,0,140000,-140000,-140000
2348,海悅            ,127000,267608,-140608,0,0,0,0,0,0,0,0,0,0,0,0,0,-140608
2430,燦坤            ,8000,149000,-141000,0,0,0,0,0,0,0,0,0,0,0,0,0,-141000
064974,燿華元大9C購03  ,0,0,0,0,0,0,0,0,0,-141000,0,0,0,5000,146000,-141000,-141000
07883P,可成凱基9B售03  ,0,0,0,0,0,0,0,0,0,-141000,0,0,0,27000,168000,-141000,-141000
046061,中石化凱基98購01,0,0,0,0,0,0,0,0,0,-141000,0,0,0,10000,151000,-141000,-141000
060764,華擎元大9A購03  ,0,0,0,0,0,0,0,0,0,-141000,0,0,0,10000,151000,-141000,-141000
062119,世紀鋼中信9B購01,0,0,0,0,0,0,0,0,0,-141000,0,0,0,0,141000,-141000,-141000
064610,儒鴻元大9C購03  ,0,0,0,0,0,0,0,0,0,-142000,0,0,0,34000,176000,-142000,-142000
06461P,玉晶光國泰9A售01,0,0,0,0,0,0,0,0,0,-142000,0,0,0,0,142000,-142000,-142000
1723,中碳            ,32000,150000,-118000,0,0,0,0,0,0,-24000,4000,28000,-24000,0,0,0,-142000
057807,友訊元大98購02  ,0,0,0,0,0,0,0,0,0,-142000,0,0,0,37000,179000,-142000,-142000
05995P,T50正2中信9C售01,0,0,0,0,0,0,0,0,0,-142000,0,0,0,35000,177000,-142000,-142000
061455,京元電凱基9B購01,0,0,0,0,0,0,0,0,0,-142000,0,0,0,2000,144000,-142000,-142000
064175,華通國泰02購01  ,0,0,0,0,0,0,0,0,0,-142000,0,0,0,39000,181000,-142000,-142000
064586,緯創永豐9C購01  ,0,0,0,0,0,0,0,0,0,-143000,0,0,0,14000,157000,-143000,-143000
07515P,台積電元大9A售15,0,0,0,0,0,0,0,0,0,-143000,0,0,0,0,143000,-143000,-143000
064480,聚陽永豐9C購01  ,0,0,0,0,0,0,0,0,0,-143000,0,0,0,17000,160000,-143000,-143000
063704,麗豐群益9B購01  ,0,0,0,0,0,0,0,0,0,-143000,0,0,0,11000,154000,-143000,-143000
063127,TPK元大9B購02   ,0,0,0,0,0,0,0,0,0,-143000,0,0,0,47000,190000,-143000,-143000
08361P,玉晶光永豐9C售04,0,0,0,0,0,0,0,0,0,-144000,0,0,0,0,144000,-144000,-144000
08355P,智邦元大9C售03  ,0,0,0,0,0,0,0,0,0,-144000,0,0,0,44000,188000,-144000,-144000
057517,矽創元富98購02  ,0,0,0,0,0,0,0,0,0,-144000,0,0,0,115000,259000,-144000,-144000
063226,康控群益9B購03  ,0,0,0,0,0,0,0,0,0,-144000,0,0,0,55000,199000,-144000,-144000
062650,南電富邦01購01  ,0,0,0,0,0,0,0,0,0,-144000,0,0,0,154000,298000,-144000,-144000
064543,華通凱基02購02  ,0,0,0,0,0,0,0,0,0,-145000,0,0,0,0,145000,-145000,-145000
064649,同欣電凱基01購01,0,0,0,0,0,0,0,0,0,-145000,0,0,0,32000,177000,-145000,-145000
064786,GIS群益9C購04   ,0,0,0,0,0,0,0,0,0,-145000,0,0,0,2000,147000,-145000,-145000
057656,大成鋼兆豐98購01,0,0,0,0,0,0,0,0,0,-145000,0,0,0,20000,165000,-145000,-145000
063437,聚陽統一01購01  ,0,0,0,0,0,0,0,0,0,-145000,0,0,0,410000,555000,-145000,-145000
064456,禾伸堂統一01購01,0,0,0,0,0,0,0,0,0,-145000,0,0,0,402000,547000,-145000,-145000
054307,高鐵凱基98購01  ,0,0,0,0,0,0,0,0,0,-146000,0,0,0,10000,156000,-146000,-146000
057606,健策統一98購03  ,0,0,0,0,0,0,0,0,0,-147000,0,0,0,0,147000,-147000,-147000
062670,瑞昱中信03購01  ,0,0,0,0,0,0,0,0,0,-147000,0,0,0,35000,182000,-147000,-147000
08375P,聯電元富9C售02  ,0,0,0,0,0,0,0,0,0,-148000,0,0,0,85000,233000,-148000,-148000
048270,T50反1富邦99購01,0,0,0,0,0,0,0,0,0,-148000,0,0,0,1000,149000,-148000,-148000
063488,金像電國泰01購01,0,0,0,0,0,0,0,0,0,-148000,0,0,0,297000,445000,-148000,-148000
065017,和大富邦03購01  ,0,0,0,0,0,0,0,0,0,-149000,0,0,0,15000,164000,-149000,-149000
07966P,瑞祺群益9B售02  ,0,0,0,0,0,0,0,0,0,-149000,0,0,0,1000,150000,-149000,-149000
056911,緯穎元大99購01  ,0,0,0,0,0,0,0,0,0,-149000,0,0,0,50000,199000,-149000,-149000
057301,嘉聯益永豐98購02,0,0,0,0,0,0,0,0,0,-149000,0,0,0,0,149000,-149000,-149000
058693,旭富國票9A購01  ,0,0,0,0,0,0,0,0,0,-149000,0,0,0,5000,154000,-149000,-149000
062044,健策凱基9B購02  ,0,0,0,0,0,0,0,0,0,-149000,0,0,0,1000,150000,-149000,-149000
064774,聚陽群益9C購04  ,0,0,0,0,0,0,0,0,0,-150000,0,0,0,46000,196000,-150000,-150000
064807,義隆元大9C購03  ,80000,0,80000,0,0,0,0,0,0,-230000,0,0,0,47000,277000,-230000,-150000
057416,T50反1凱基9C購01,0,0,0,0,0,0,0,0,0,-150000,0,0,0,0,150000,-150000,-150000
051847,香港反中信99購01,0,0,0,0,0,0,0,0,0,-150000,0,0,0,0,150000,-150000,-150000
058054,台積電統一9C購01,0,0,0,0,0,0,0,0,0,-150000,0,0,0,734000,884000,-150000,-150000
059517,茂林永豐99購02  ,0,0,0,0,0,0,0,0,0,-150000,0,0,0,0,150000,-150000,-150000
062052,華通統一01購01  ,0,0,0,0,0,0,0,0,0,-150000,0,0,0,39000,189000,-150000,-150000
063508,緯創群益9B購01  ,0,0,0,0,0,0,0,0,0,-150000,0,0,0,80000,230000,-150000,-150000
06432P,上銀群益98售01  ,0,0,0,0,0,0,0,0,0,-150000,0,0,0,0,150000,-150000,-150000
065096,世芯元大9C購03  ,0,0,0,0,0,0,0,0,0,-151000,0,0,0,1000,152000,-151000,-151000
08173P,金像電凱基9B售02,0,0,0,0,0,0,0,0,0,-151000,0,0,0,85000,236000,-151000,-151000
063958,瑞祺元大9C購01  ,0,0,0,0,0,0,0,0,0,-151000,0,0,0,58000,209000,-151000,-151000
062306,華通凱基9B購01  ,0,0,0,0,0,0,0,0,0,-151000,0,0,0,0,151000,-151000,-151000
2371,大同            ,1733010,1453615,279395,0,0,0,1000,0,1000,-432000,0,432000,-432000,0,0,0,-151605
065034,玉晶光統一01購11,0,0,0,0,0,0,0,0,0,-153000,0,0,0,0,153000,-153000,-153000
054479,緯創中信98購01  ,0,0,0,0,0,0,0,0,0,-153000,0,0,0,5000,158000,-153000,-153000
063539,世紀鋼統一9B購02,0,0,0,0,0,0,0,0,0,-153000,0,0,0,0,153000,-153000,-153000
054370,台積電中信9A購01,0,0,0,0,0,0,0,0,0,-154000,0,0,0,10000,164000,-154000,-154000
064275,台光電元大9C購03,0,0,0,0,0,0,0,0,0,-154000,0,0,0,149000,303000,-154000,-154000
064257,台勝科國泰01購01,0,0,0,0,0,0,0,0,0,-154000,0,0,0,5000,159000,-154000,-154000
06692P,瑞昱凱基98售03  ,0,0,0,0,0,0,0,0,0,-155000,0,0,0,0,155000,-155000,-155000
058732,矽格永豐99購01  ,0,0,0,0,0,0,0,0,0,-155000,0,0,0,0,155000,-155000,-155000
062504,旭富群益9B購02  ,0,0,0,0,0,0,0,0,0,-155000,0,0,0,37000,192000,-155000,-155000
062556,瑞昱凱基9B購02  ,0,0,0,0,0,0,0,0,0,-155000,0,0,0,58000,213000,-155000,-155000
062193,瑞昱第一9B購01  ,0,0,0,0,0,0,0,0,0,-155000,0,0,0,5000,160000,-155000,-155000
06747P,大立光群益99售04,0,0,0,0,0,0,0,0,0,-156000,0,0,0,0,156000,-156000,-156000
055810,T50反1國票99購01,0,0,0,0,0,0,0,0,0,-156000,0,0,0,149000,305000,-156000,-156000
058691,友訊國票9A購01  ,0,0,0,0,0,0,0,0,0,-156000,0,0,0,28000,184000,-156000,-156000
060870,旭富群益9A購01  ,0,0,0,0,0,0,0,0,0,-156000,0,0,0,13000,169000,-156000,-156000
064537,健鼎國票01購02  ,0,0,0,0,0,0,0,0,0,-157000,0,0,0,7000,164000,-157000,-157000
056460,同欣電凱基99購01,0,0,0,0,0,0,0,0,0,-157000,0,0,0,0,157000,-157000,-157000
062473,同欣電凱基9B購01,0,0,0,0,0,0,0,0,0,-157000,0,0,0,91000,248000,-157000,-157000
9910,豐泰            ,317997,448261,-130264,0,0,0,0,0,0,-27000,20000,47000,-27000,0,0,0,-157264
064982,新唐元大9C購01  ,0,0,0,0,0,0,0,0,0,-158000,0,0,0,0,158000,-158000,-158000
07344P,鴻海富邦9A售03  ,0,0,0,0,0,0,0,0,0,-158000,0,0,0,5000,163000,-158000,-158000
1906,寶隆            ,49000,207000,-158000,0,0,0,0,0,0,0,0,0,0,0,0,0,-158000
056124,華通國票98購02  ,0,0,0,0,0,0,0,0,0,-158000,0,0,0,0,158000,-158000,-158000
061423,廣達元大9A購01  ,0,0,0,0,0,0,0,0,0,-158000,0,0,0,15000,173000,-158000,-158000
058299,同欣電凱基9A購01,0,0,0,0,0,0,0,0,0,-158000,0,0,0,196000,354000,-158000,-158000
063195,訊連元富9B購01  ,0,0,0,0,0,0,0,0,0,-158000,0,0,0,0,158000,-158000,-158000
08214P,南六統一9B售03  ,0,0,0,0,0,0,0,0,0,-159000,0,0,0,485000,644000,-159000,-159000
057170,瑞昱元大98購01  ,0,0,0,0,0,0,0,0,0,-159000,0,0,0,53000,212000,-159000,-159000
063774,GIS富邦9B購02   ,0,0,0,0,0,0,0,0,0,-159000,0,0,0,86000,245000,-159000,-159000
07949P,滬深2X元大9B售04,0,0,0,0,0,0,0,0,0,-160000,0,0,0,30000,190000,-160000,-160000
06067P,華新科康和97售01,0,0,0,0,0,0,0,0,0,-160000,0,0,0,150000,310000,-160000,-160000
063979,健鼎兆豐9C購01  ,0,0,0,0,0,0,0,0,0,-160000,0,0,0,214000,374000,-160000,-160000
064643,瑞昱凱基04購01  ,0,0,0,0,0,0,0,0,0,-161000,0,0,0,50000,211000,-161000,-161000
2316,楠梓電          ,199000,312000,-113000,0,0,0,0,0,0,-48000,0,22000,-22000,0,26000,-26000,-161000
3533,嘉澤            ,345000,473000,-128000,0,0,0,60000,76000,-16000,-17000,13000,40000,-27000,16000,6000,10000,-161000
057609,友訊元富98購01  ,0,0,0,0,0,0,0,0,0,-161000,0,0,0,337000,498000,-161000,-161000
058270,上緯控永豐99購01,0,0,0,0,0,0,0,0,0,-161000,0,0,0,98000,259000,-161000,-161000
062694,遠東新元大9B購01,0,0,0,0,0,0,0,0,0,-161000,0,0,0,50000,211000,-161000,-161000
08011P,玉晶光元大9B售05,0,0,0,0,0,0,0,0,0,-162000,0,0,0,39000,201000,-162000,-162000
053403,彩晶群益98購01  ,0,0,0,0,0,0,0,0,0,-162000,0,0,0,0,162000,-162000,-162000
064254,景碩台新9C購02  ,0,0,0,0,0,0,0,0,0,-162000,0,0,0,5000,167000,-162000,-162000
2537,聯上發          ,33000,196000,-163000,0,0,0,0,0,0,0,0,0,0,0,0,0,-163000
061050,康友中信9A購01  ,0,0,0,0,0,0,0,0,0,-163000,0,0,0,0,163000,-163000,-163000
058664,百和兆豐99購01  ,0,0,0,0,0,0,0,0,0,-163000,0,0,0,13000,176000,-163000,-163000
059403,T50反1台新03購03,0,0,0,0,0,0,0,0,0,-163000,0,0,0,200000,363000,-163000,-163000
059932,世紀鋼富邦9A購02,0,0,0,0,0,0,0,0,0,-163000,0,0,0,117000,280000,-163000,-163000
08470P,世芯凱基9C售02  ,0,0,0,0,0,0,0,0,0,-164000,0,0,0,0,164000,-164000,-164000
053800,華通凱基97購03  ,0,0,0,0,0,0,0,0,0,-164000,0,0,0,0,164000,-164000,-164000
052604,建準元大97購01  ,0,0,0,0,0,0,0,0,0,-165000,0,0,0,0,165000,-165000,-165000
061043,百和永豐9A購01  ,0,0,0,0,0,0,0,0,0,-165000,0,0,0,166000,331000,-165000,-165000
061920,台積電凱基9C購02,0,0,0,0,0,0,0,0,0,-165000,0,0,0,0,165000,-165000,-165000
061687,大成鋼群益9A購01,0,0,0,0,0,0,0,0,0,-165000,0,0,0,30000,195000,-165000,-165000
061524,華通凱基9A購07  ,0,0,0,0,0,0,0,0,0,-166000,0,0,0,0,166000,-166000,-166000
062448,健策元大9C購04  ,0,0,0,0,0,0,0,0,0,-166000,0,0,0,69000,235000,-166000,-166000
062295,康友永豐9B購01  ,0,0,0,0,0,0,0,0,0,-166000,0,0,0,25000,191000,-166000,-166000
6176,瑞儀            ,633000,855241,-222241,0,0,0,144000,149000,-5000,61000,164000,84000,80000,31000,50000,-19000,-166241
08158P,嘉澤元富9B售03  ,0,0,0,0,0,0,0,0,0,-167000,0,0,0,201000,368000,-167000,-167000
8163,達方            ,126000,283000,-157000,0,0,0,0,0,0,-10000,8000,48000,-40000,49000,19000,30000,-167000
064551,鈺齊凱基9C購02  ,0,0,0,0,0,0,0,0,0,-168000,0,0,0,23000,191000,-168000,-168000
06855P,聯發科富邦9A售01,0,0,0,0,0,0,0,0,0,-168000,0,0,0,40000,208000,-168000,-168000
061634,遠東新元大9A購01,0,0,0,0,0,0,0,0,0,-168000,0,0,0,75000,243000,-168000,-168000
062266,世紀鋼元大9B購02,0,0,0,0,0,0,0,0,0,-168000,0,0,0,0,168000,-168000,-168000
063158,瑞昱台新9B購02  ,0,0,0,0,0,0,0,0,0,-168000,0,0,0,70000,238000,-168000,-168000
8261,富鼎            ,71000,239000,-168000,0,0,0,0,0,0,0,0,0,0,0,0,0,-168000
6451,訊芯-KY         ,114000,293000,-179000,0,0,0,0,0,0,11000,1000,0,1000,12000,2000,10000,-168000
065027,玉晶光中信03購01,0,0,0,0,0,0,0,0,0,-169000,0,0,0,0,169000,-169000,-169000
00730,富邦臺灣優質高息,0,0,0,0,0,0,0,0,0,-169000,0,0,0,419000,588000,-169000,-169000
060232,友訊元大9C購01  ,0,0,0,0,0,0,0,0,0,-169000,0,0,0,215000,384000,-169000,-169000
062305,遠東新凱基9B購01,0,0,0,0,0,0,0,0,0,-169000,0,0,0,50000,219000,-169000,-169000
06529P,貿聯富邦99售03  ,0,0,0,0,0,0,0,0,0,-170000,0,0,0,0,170000,-170000,-170000
052622,貿聯兆豐97購01  ,0,0,0,0,0,0,0,0,0,-170000,0,0,0,0,170000,-170000,-170000
07919P,創意永豐9B售01  ,0,0,0,0,0,0,0,0,0,-171000,0,0,0,45000,216000,-171000,-171000
08144P,臺股指凱基02售03,0,0,0,0,0,0,0,0,0,-171000,0,0,0,0,171000,-171000,-171000
054349,同欣電國票97購02,0,0,0,0,0,0,0,0,0,-171000,0,0,0,32000,203000,-171000,-171000
062275,燿華群益9B購01  ,0,0,0,0,0,0,0,0,0,-171000,0,0,0,39000,210000,-171000,-171000
062891,台汽電群益9B購01,0,0,0,0,0,0,0,0,0,-171000,0,0,0,40000,211000,-171000,-171000
063486,聚陽國泰9C購01  ,0,0,0,0,0,0,0,0,0,-171000,0,0,0,0,171000,-171000,-171000
057298,旭富永豐98購01  ,0,0,0,0,0,0,0,0,0,-172000,0,0,0,504000,676000,-172000,-172000
062915,嘉澤元大9B購03  ,0,0,0,0,0,0,0,0,0,-172000,0,0,0,9000,181000,-172000,-172000
062214,金寶統一01購01  ,0,0,0,0,0,0,0,0,0,-172000,0,0,0,270000,442000,-172000,-172000
4956,光鋐            ,122000,295000,-173000,0,0,0,0,0,0,0,0,0,0,0,0,0,-173000
064876,旺宏兆豐9C購01  ,0,0,0,0,0,0,0,0,0,-173000,0,0,0,27000,200000,-173000,-173000
064738,裕隆國票01購01  ,0,0,0,0,0,0,0,0,0,-174000,0,0,0,525000,699000,-174000,-174000
059607,台積電富邦9C購04,0,0,0,0,0,0,0,0,0,-174000,0,0,0,90000,264000,-174000,-174000
063711,高鐵凱基9B購01  ,0,0,0,0,0,0,0,0,0,-174000,0,0,0,0,174000,-174000,-174000
065102,同欣電元大9C購07,0,0,0,0,0,0,0,0,0,-175000,0,0,0,0,175000,-175000,-175000
06624P,訊芯元大98售06  ,0,0,0,0,0,0,0,0,0,-175000,0,0,0,0,175000,-175000,-175000
07672P,南電元大9A售05  ,0,0,0,0,0,0,0,0,0,-175000,0,0,0,20000,195000,-175000,-175000
07588P,滬深2X國票9C售01,0,0,0,0,0,0,0,0,0,-176000,0,0,0,0,176000,-176000,-176000
064682,嘉聯益兆豐01購01,0,0,0,0,0,0,0,0,0,-176000,0,0,0,244000,420000,-176000,-176000
060415,葡萄王永豐9A購01,0,0,0,0,0,0,0,0,0,-176000,0,0,0,0,176000,-176000,-176000
064369,彩晶統一01購01  ,0,0,0,0,0,0,0,0,0,-176000,0,0,0,0,176000,-176000,-176000
064733,南六統一9C購03  ,0,0,0,0,0,0,0,0,0,-177000,0,0,0,70000,247000,-177000,-177000
059101,康控統一9A購01  ,0,0,0,0,0,0,0,0,0,-177000,0,0,0,160000,337000,-177000,-177000
062617,京鼎元大9B購01  ,0,0,0,0,0,0,0,0,0,-177000,0,0,0,484000,661000,-177000,-177000
057141,嘉聯益兆豐99購01,0,0,0,0,0,0,0,0,0,-178000,0,0,0,0,178000,-178000,-178000
063022,嘉晶元大9B購04  ,0,0,0,0,0,0,0,0,0,-178000,0,0,0,37000,215000,-178000,-178000
2812,台中銀          ,764000,942712,-178712,0,0,0,0,0,0,0,0,0,0,0,0,0,-178712
1513,中興電          ,75000,246000,-171000,0,0,0,0,0,0,-8000,0,0,0,0,8000,-8000,-179000
058714,美律統一9B購01  ,0,0,0,0,0,0,0,0,0,-179000,0,0,0,0,179000,-179000,-179000
064842,南六統一9C購04  ,0,0,0,0,0,0,0,0,0,-180000,0,0,0,0,180000,-180000,-180000
07315P,台積電台新99售06,0,0,0,0,0,0,0,0,0,-180000,0,0,0,0,180000,-180000,-180000
020016,統一MSCI美科技N ,0,0,0,0,0,0,0,0,0,-180000,0,0,0,146000,326000,-180000,-180000
064322,T50反1元大9C購06,0,0,0,0,0,0,0,0,0,-180000,0,0,0,0,180000,-180000,-180000
063532,GIS凱基9B購03   ,0,0,0,0,0,0,0,0,0,-180000,0,0,0,35000,215000,-180000,-180000
1303,南亞            ,3372824,2840592,532232,0,0,0,0,230000,-230000,-483000,20000,501000,-481000,0,2000,-2000,-180768
08036P,嘉澤群益9B售03  ,0,0,0,0,0,0,0,0,0,-181000,0,0,0,199000,380000,-181000,-181000
061915,T50反1凱基02購02,0,0,0,0,0,0,0,0,0,-182000,0,0,0,36000,218000,-182000,-182000
062146,大毅國票9B購01  ,0,0,0,0,0,0,0,0,0,-182000,0,0,0,64000,246000,-182000,-182000
3003,健和興          ,96000,221000,-125000,0,0,0,0,0,0,-58000,0,17000,-17000,0,41000,-41000,-183000
07560P,台積電國泰9B售01,0,0,0,0,0,0,0,0,0,-183000,0,0,0,116000,299000,-183000,-183000
055541,聚陽凱基98購01  ,0,0,0,0,0,0,0,0,0,-183000,0,0,0,95000,278000,-183000,-183000
058353,國巨凱基99購09  ,0,0,0,0,0,0,0,0,0,-183000,0,0,0,40000,223000,-183000,-183000
064513,T50反1群益9C購01,0,0,0,0,0,0,0,0,0,-183000,0,0,0,22000,205000,-183000,-183000
063552,晶技國票9B購03  ,0,0,0,0,0,0,0,0,0,-184000,0,0,0,137000,321000,-184000,-184000
061579,京鼎元大9A購02  ,0,0,0,0,0,0,0,0,0,-185000,0,0,0,208000,393000,-185000,-185000
063595,燿華中信9B購02  ,0,0,0,0,0,0,0,0,0,-185000,0,0,0,15000,200000,-185000,-185000
061127,美食永豐9A購01  ,0,0,0,0,0,0,0,0,0,-186000,0,0,0,27000,213000,-186000,-186000
07011P,宏達電凱基99售02,0,0,0,0,0,0,0,0,0,-187000,0,0,0,24000,211000,-187000,-187000
06766P,玉晶光元大99售10,0,0,0,0,0,0,0,0,0,-187000,0,0,0,403000,590000,-187000,-187000
057428,正崴兆豐98購01  ,0,0,0,0,0,0,0,0,0,-187000,0,0,0,230000,417000,-187000,-187000
062171,中磊永豐9B購01  ,0,0,0,0,0,0,0,0,0,-187000,0,0,0,13000,200000,-187000,-187000
07022P,嘉晶永豐99售02  ,0,0,0,0,0,0,0,0,0,-188000,0,0,0,0,188000,-188000,-188000
2419,仲琦            ,177000,366000,-189000,0,0,0,0,0,0,1000,1000,0,1000,0,0,0,-188000
063358,華擎國泰01購01  ,0,0,0,0,0,0,0,0,0,-188000,0,0,0,212000,400000,-188000,-188000
064924,健策統一9C購05  ,0,0,0,0,0,0,0,0,0,-189000,0,0,0,0,189000,-189000,-189000
053913,華新國票97購01  ,0,0,0,0,0,0,0,0,0,-189000,0,0,0,120000,309000,-189000,-189000
061589,世紀鋼富邦9B購01,0,0,0,0,0,0,0,0,0,-189000,0,0,0,80000,269000,-189000,-189000
058556,百和永豐99購01  ,0,0,0,0,0,0,0,0,0,-189000,0,0,0,107000,296000,-189000,-189000
064192,巨大中信9C購01  ,0,0,0,0,0,0,0,0,0,-189000,0,0,0,0,189000,-189000,-189000
064515,中橡群益9C購01  ,0,0,0,0,0,0,0,0,0,-190000,0,0,0,0,190000,-190000,-190000
058399,美律元大99購05  ,0,0,0,0,0,0,0,0,0,-191000,0,0,0,0,191000,-191000,-191000
063237,微星元大9B購02  ,0,0,0,0,0,0,0,0,0,-191000,0,0,0,100000,291000,-191000,-191000
08190P,宏達電元富9B售04,0,0,0,0,0,0,0,0,0,-192000,0,0,0,21000,213000,-192000,-192000
060155,友訊永豐9A購01  ,0,0,0,0,0,0,0,0,0,-193000,0,0,0,162000,355000,-193000,-193000
057991,健策統一9C購01  ,0,0,0,0,0,0,0,0,0,-193000,0,0,0,0,193000,-193000,-193000
063287,嘉澤元大9B購05  ,0,0,0,0,0,0,0,0,0,-193000,0,0,0,2000,195000,-193000,-193000
062372,旭富元大9B購01  ,0,0,0,0,0,0,0,0,0,-193000,0,0,0,148000,341000,-193000,-193000
064444,聚陽統一01購02  ,0,0,0,0,0,0,0,0,0,-193000,0,0,0,183000,376000,-193000,-193000
064779,義隆群益9C購03  ,0,0,0,0,0,0,0,0,0,-194000,0,0,0,338000,532000,-194000,-194000
057783,台積電國票9A購01,0,0,0,0,0,0,0,0,0,-194000,0,0,0,10000,204000,-194000,-194000
058905,京鼎元大99購01  ,0,0,0,0,0,0,0,0,0,-194000,0,0,0,137000,331000,-194000,-194000
064015,立積國票01購01  ,0,0,0,0,0,0,0,0,0,-194000,0,0,0,225000,419000,-194000,-194000
06848P,聯詠元大98售04  ,0,0,0,0,0,0,0,0,0,-195000,0,0,0,0,195000,-195000,-195000
08434P,臺股指凱基03售02,0,0,0,0,0,0,0,0,0,-195000,0,0,0,10000,205000,-195000,-195000
03650C,T50反1元大98牛05,0,0,0,0,0,0,0,0,0,-195000,0,0,0,0,195000,-195000,-195000
060422,台勝科永豐9A購01,0,0,0,0,0,0,0,0,0,-195000,0,0,0,0,195000,-195000,-195000
4540,全球傳動        ,42000,239000,-197000,0,0,0,0,0,0,0,0,0,0,0,0,0,-197000
03840P,台積電統一99售02,0,0,0,0,0,0,0,0,0,-197000,0,0,0,0,197000,-197000,-197000
3030,德律            ,21000,200000,-179000,0,0,0,0,0,0,-19000,0,19000,-19000,0,0,0,-198000
064841,彩晶統一02購02  ,0,0,0,0,0,0,0,0,0,-198000,0,0,0,50000,248000,-198000,-198000
058401,華航元大9A購01  ,0,0,0,0,0,0,0,0,0,-198000,0,0,0,0,198000,-198000,-198000
057649,嘉聯益元大99購04,0,0,0,0,0,0,0,0,0,-199000,0,0,0,68000,267000,-199000,-199000
064688,國巨群益9C購11  ,0,0,0,0,0,0,0,0,0,-200000,0,0,0,0,200000,-200000,-200000
065022,同欣電富邦01購01,0,0,0,0,0,0,0,0,0,-200000,0,0,0,0,200000,-200000,-200000
07265P,大立光元大99售16,0,0,0,0,0,0,0,0,0,-200000,0,0,0,0,200000,-200000,-200000
07710P,華擎元大9A售05  ,0,0,0,0,0,0,0,0,0,-200000,0,0,0,0,200000,-200000,-200000
057525,光磊元大99購01  ,0,0,0,0,0,0,0,0,0,-200000,0,0,0,0,200000,-200000,-200000
061089,台積電統一9C購04,0,0,0,0,0,0,0,0,0,-200000,0,0,0,0,200000,-200000,-200000
04006P,滬深2X國票9B售01,0,0,0,0,0,0,0,0,0,-200000,0,0,0,0,200000,-200000,-200000
051840,康友國泰97購02  ,0,0,0,0,0,0,0,0,0,-200000,0,0,0,0,200000,-200000,-200000
055496,高鐵元大97購02  ,0,0,0,0,0,0,0,0,0,-200000,0,0,0,0,200000,-200000,-200000
055415,禾伸堂富邦9B購01,0,0,0,0,0,0,0,0,0,-200000,0,0,0,138000,338000,-200000,-200000
06195P,台積電元富97售06,0,0,0,0,0,0,0,0,0,-200000,0,0,0,0,200000,-200000,-200000
064299,宏碁兆豐9C購01  ,0,0,0,0,0,0,0,0,0,-200000,0,0,0,135000,335000,-200000,-200000
059312,元石油元大99購05,0,0,0,0,0,0,0,0,0,-201000,0,0,0,0,201000,-201000,-201000
06457P,玉晶光統一98售02,0,0,0,0,0,0,0,0,0,-202000,0,0,0,30000,232000,-202000,-202000
08313P,健策國票01售01  ,0,0,0,0,0,0,0,0,0,-202000,0,0,0,84000,286000,-202000,-202000
00708L,元大S&P黃金正2  ,21000,21000,0,0,0,0,0,0,0,-202000,0,0,0,384000,586000,-202000,-202000
058091,欣興元大99購03  ,0,0,0,0,0,0,0,0,0,-202000,0,0,0,89000,291000,-202000,-202000
07652P,臺股指中信9A售07,0,0,0,0,0,0,0,0,0,-203000,0,0,0,0,203000,-203000,-203000
07580P,緯穎元大9A售03  ,0,0,0,0,0,0,0,0,0,-204000,0,0,0,5000,209000,-204000,-204000
05755P,臺股指中信99售04,0,0,0,0,0,0,0,0,0,-204000,0,0,0,15000,219000,-204000,-204000
061372,世紀鋼國泰9C購01,0,0,0,0,0,0,0,0,0,-204000,0,0,0,53000,257000,-204000,-204000
061418,世紀鋼群益9A購02,0,0,0,0,0,0,0,0,0,-204000,0,0,0,100000,304000,-204000,-204000
064151,義隆統一01購01  ,0,0,0,0,0,0,0,0,0,-204000,0,0,0,180000,384000,-204000,-204000
058480,新日興凱基9A購01,0,0,0,0,0,0,0,0,0,-205000,0,0,0,50000,255000,-205000,-205000
061470,鈺齊群益9A購02  ,0,0,0,0,0,0,0,0,0,-205000,0,0,0,0,205000,-205000,-205000
062680,微星統一01購01  ,0,0,0,0,0,0,0,0,0,-205000,0,0,0,194000,399000,-205000,-205000
062651,世紀鋼富邦9C購01,0,0,0,0,0,0,0,0,0,-205000,0,0,0,0,205000,-205000,-205000
057816,欣興元大98購13  ,0,0,0,0,0,0,0,0,0,-206000,0,0,0,42000,248000,-206000,-206000
063253,巨大元大9B購03  ,0,0,0,0,0,0,0,0,0,-206000,0,0,0,48000,254000,-206000,-206000
063870,健策永豐01購01  ,0,0,0,0,0,0,0,0,0,-206000,0,0,0,8000,214000,-206000,-206000
060772,FBVIX凱基9A購03 ,0,0,0,0,0,0,0,0,0,-207000,0,0,0,20000,227000,-207000,-207000
064344,緯創元大9C購01  ,0,0,0,0,0,0,0,0,0,-207000,0,0,0,257000,464000,-207000,-207000
2388,威盛            ,48000,256000,-208000,0,0,0,0,0,0,0,0,0,0,0,0,0,-208000
2406,國碩            ,392000,600000,-208000,0,0,0,0,0,0,-1000,0,1000,-1000,0,0,0,-209000
08112P,臺股指中信01售07,0,0,0,0,0,0,0,0,0,-209000,0,0,0,55000,264000,-209000,-209000
08276P,可成元富9C售02  ,0,0,0,0,0,0,0,0,0,-210000,0,0,0,17000,227000,-210000,-210000
08295P,長榮航元大9C售01,0,0,0,0,0,0,0,0,0,-210000,0,0,0,0,210000,-210000,-210000
6112,聚碩            ,730000,836000,-106000,0,0,0,0,0,0,-104000,0,104000,-104000,0,0,0,-210000
07874P,長榮航群益9B售01,0,0,0,0,0,0,0,0,0,-210000,0,0,0,15000,225000,-210000,-210000
07729P,臺股指凱基9A售21,0,0,0,0,0,0,0,0,0,-210000,0,0,0,0,210000,-210000,-210000
07131P,緯穎元大99售06  ,0,0,0,0,0,0,0,0,0,-210000,0,0,0,0,210000,-210000,-210000
065010,國巨國泰01購04  ,0,0,0,0,0,0,0,0,0,-210000,0,0,0,50000,260000,-210000,-210000
05624P,同欣電中信98售01,0,0,0,0,0,0,0,0,0,-210000,0,0,0,0,210000,-210000,-210000
060032,利勤永豐99購01  ,0,0,0,0,0,0,0,0,0,-210000,0,0,0,243000,453000,-210000,-210000
058245,訊連元大99購01  ,0,0,0,0,0,0,0,0,0,-210000,0,0,0,35000,245000,-210000,-210000
063624,GIS兆豐9B購01   ,0,0,0,0,0,0,0,0,0,-210000,0,0,0,10000,220000,-210000,-210000
064822,台達電統一01購03,0,0,0,0,0,0,0,0,0,-211000,0,0,0,134000,345000,-211000,-211000
056791,嘉聯益群益98購01,0,0,0,0,0,0,0,0,0,-211000,0,0,0,99000,310000,-211000,-211000
062407,同欣電永豐9B購01,0,0,0,0,0,0,0,0,0,-211000,0,0,0,150000,361000,-211000,-211000
062053,華通統一9C購02  ,0,0,0,0,0,0,0,0,0,-211000,0,0,0,73000,284000,-211000,-211000
063545,華通兆豐9B購03  ,0,0,0,0,0,0,0,0,0,-213000,0,0,0,13000,226000,-213000,-213000
08270P,鴻海富邦9C售02  ,0,0,0,0,0,0,0,0,0,-214000,0,0,0,19000,233000,-214000,-214000
056867,華通麥證98購01  ,0,0,0,0,214000,-214000,0,0,0,-214000,0,0,0,0,214000,-214000,-214000
059096,百和元大99購04  ,0,0,0,0,0,0,0,0,0,-214000,0,0,0,227000,441000,-214000,-214000
064630,巨大元大9C購01  ,0,0,0,0,0,0,0,0,0,-215000,0,0,0,25000,240000,-215000,-215000
07781P,高鐵凱基9A售02  ,0,0,0,0,0,0,0,0,0,-215000,0,0,0,0,215000,-215000,-215000
056543,京鼎凱基98購01  ,0,0,0,0,0,0,0,0,0,-215000,0,0,0,200000,415000,-215000,-215000
055025,華新科國泰98購02,0,0,0,0,0,0,0,0,0,-215000,0,0,0,30000,245000,-215000,-215000
058526,鈺齊元大99購02  ,0,0,0,0,0,0,0,0,0,-215000,0,0,0,35000,250000,-215000,-215000
060202,康友元富9A購01  ,0,0,0,0,0,0,0,0,0,-215000,0,0,0,0,215000,-215000,-215000
062090,南電元大9B購02  ,0,0,0,0,0,0,0,0,0,-215000,0,0,0,88000,303000,-215000,-215000
060375,葡萄王元富9A購01,0,15000,-15000,0,0,0,0,0,0,-201000,0,0,0,744000,945000,-201000,-216000
08381P,台灣50群益9C售06,0,0,0,0,0,0,0,0,0,-217000,0,0,0,55000,272000,-217000,-217000
059986,宏達電元大99購08,0,0,0,0,0,0,0,0,0,-217000,0,0,0,12000,229000,-217000,-217000
063610,儒鴻群益9B購02  ,0,0,0,0,0,0,0,0,0,-217000,0,0,0,10000,227000,-217000,-217000
063357,聯發科國泰01購04,0,0,0,0,0,0,0,0,0,-217000,0,0,0,0,217000,-217000,-217000
056762,亞德客元大98購01,0,0,0,0,0,0,0,0,0,-219000,0,0,0,47000,266000,-219000,-219000
060716,新唐永豐9A購01  ,0,0,0,0,0,0,0,0,0,-219000,0,0,0,10000,229000,-219000,-219000
060661,台積電凱基9A購18,0,0,0,0,0,0,0,0,0,-219000,0,0,0,10000,229000,-219000,-219000
063655,華通元富9B購01  ,0,0,0,0,0,0,0,0,0,-219000,0,0,0,31000,250000,-219000,-219000
07683P,宏達電凱基9A售03,0,0,0,0,0,0,0,0,0,-220000,0,0,0,0,220000,-220000,-220000
06729P,聯詠元大98售03  ,0,0,0,0,0,0,0,0,0,-220000,0,0,0,0,220000,-220000,-220000
056650,彩晶凱基9A購01  ,0,0,0,0,0,0,0,0,0,-220000,0,0,0,10000,230000,-220000,-220000
053111,緯創兆豐97購01  ,0,0,0,0,0,0,0,0,0,-220000,0,0,0,2000,222000,-220000,-220000
063669,宏達電統一9C購01,0,0,0,0,0,0,0,0,0,-220000,0,0,0,40000,260000,-220000,-220000
07706P,長榮航元大9A售03,0,0,0,0,0,0,0,0,0,-222000,0,0,0,0,222000,-222000,-222000
07089P,臺指2X中信01售01,0,0,0,0,0,0,0,0,0,-222000,0,0,0,30000,252000,-222000,-222000
064355,南六元大01購01  ,0,0,0,0,0,0,0,0,0,-222000,0,0,0,78000,300000,-222000,-222000
06603P,立積統一99售01  ,0,0,0,0,0,0,0,0,0,-223000,0,0,0,6000,229000,-223000,-223000
00714,群益道瓊美國地產,0,0,0,0,0,0,0,0,0,-223000,0,0,0,141000,364000,-223000,-223000
060031,旭富永豐99購02  ,0,0,0,0,0,0,0,0,0,-223000,0,0,0,11000,234000,-223000,-223000
064721,國泰金統一02購01,0,0,0,0,0,0,0,0,0,-224000,0,0,0,303000,527000,-224000,-224000
064995,世紀鋼兆豐9C購01,0,0,0,0,0,0,0,0,0,-225000,0,0,0,0,225000,-225000,-225000
060454,葡萄王元大9A購01,0,0,0,0,0,0,0,0,0,-225000,0,0,0,87000,312000,-225000,-225000
063250,同欣電元大9B購03,0,0,0,0,0,0,0,0,0,-225000,0,0,0,251000,476000,-225000,-225000
9946,三發地產        ,9000,234000,-225000,0,0,0,0,0,0,0,0,0,0,0,0,0,-225000
4967,十銓            ,82000,308000,-226000,0,0,0,0,0,0,0,0,0,0,0,0,0,-226000
062269,葡萄王群益9B購01,0,0,0,0,0,0,0,0,0,-226000,0,0,0,0,226000,-226000,-226000
08188P,群創群益9B售04  ,0,0,0,0,0,0,0,0,0,-227000,0,0,0,0,227000,-227000,-227000
060236,精元元大9C購01  ,0,0,0,0,0,0,0,0,0,-227000,0,0,0,192000,419000,-227000,-227000
059040,訊芯群益99購03  ,0,0,0,0,0,0,0,0,0,-227000,0,0,0,10000,237000,-227000,-227000
064330,燿華元大9C購02  ,0,0,0,0,0,0,0,0,0,-227000,0,0,0,179000,406000,-227000,-227000
063993,華通群益01購01  ,0,0,0,0,0,0,0,0,0,-228000,0,0,0,13000,241000,-228000,-228000
07711P,世芯元大9A售07  ,0,0,0,0,0,0,0,0,0,-230000,0,0,0,91000,321000,-230000,-230000
07731P,臺股指凱基9A售28,0,0,0,0,0,0,0,0,0,-230000,0,0,0,20000,250000,-230000,-230000
056241,緯創群益97購01  ,0,0,0,0,0,0,0,0,0,-230000,0,0,0,30000,260000,-230000,-230000
055725,嘉聯益元大98購03,0,0,0,0,0,0,0,0,0,-231000,0,0,0,0,231000,-231000,-231000
05473P,聯詠統一97售02  ,0,0,0,0,0,0,0,0,0,-232000,0,0,0,0,232000,-232000,-232000
057555,玉晶光凱基9A購02,0,0,0,0,0,0,0,0,0,-232000,0,0,0,104000,336000,-232000,-232000
064172,義隆元富9C購01  ,0,0,0,0,0,0,0,0,0,-232000,0,0,0,550000,782000,-232000,-232000
064443,同欣電凱基03購01,0,0,0,0,0,0,0,0,0,-232000,0,0,0,216000,448000,-232000,-232000
062421,台積電統一9C購09,0,0,0,0,0,0,0,0,0,-232000,0,0,0,124000,356000,-232000,-232000
063251,同欣電元大9B購04,0,0,0,0,0,0,0,0,0,-232000,0,0,0,69000,301000,-232000,-232000
063572,麗豐元大9B購01  ,0,0,0,0,0,0,0,0,0,-233000,0,0,0,13000,246000,-233000,-233000
6282,康舒            ,472000,657000,-185000,0,0,0,0,0,0,-48000,2000,59000,-57000,31000,22000,9000,-233000
056369,彩晶元大01購01  ,0,0,0,0,0,0,0,0,0,-234000,0,0,0,0,234000,-234000,-234000
063485,巨大元大9B購04  ,0,0,0,0,0,0,0,0,0,-234000,0,0,0,155000,389000,-234000,-234000
064423,義隆兆豐9C購02  ,0,0,0,0,0,0,0,0,0,-234000,0,0,0,20000,254000,-234000,-234000
063080,裕隆凱基9B購01  ,0,0,0,0,0,0,0,0,0,-234000,0,0,0,195000,429000,-234000,-234000
061972,華新元大9B購01  ,0,0,0,0,0,0,0,0,0,-236000,0,0,0,350000,586000,-236000,-236000
061603,瑞昱凱基9A購02  ,0,0,0,0,0,0,0,0,0,-236000,0,0,0,22000,258000,-236000,-236000
062339,瑞昱麥證9C購01  ,0,0,0,121000,342000,-221000,0,0,0,-236000,0,0,0,126000,362000,-236000,-236000
064918,中信金統一02購01,0,0,0,0,0,0,0,0,0,-237000,0,0,0,0,237000,-237000,-237000
08302P,長榮航國泰02售01,0,0,0,0,0,0,0,0,0,-237000,0,0,0,0,237000,-237000,-237000
062972,京元電元富9B購01,0,0,0,0,0,0,0,0,0,-237000,0,0,0,480000,717000,-237000,-237000
1582,信錦            ,44000,301000,-257000,0,0,0,0,0,0,19000,18000,13000,5000,14000,0,14000,-238000
060402,神隆國泰9B購01  ,0,0,0,0,0,0,0,0,0,-238000,0,0,0,223000,461000,-238000,-238000
057225,華新凱基98購01  ,0,0,0,0,0,0,0,0,0,-239000,0,0,0,104000,343000,-239000,-239000
058878,旭富國泰9B購01  ,0,0,0,0,0,0,0,0,0,-239000,0,0,0,10000,249000,-239000,-239000
063475,同欣電元大9C購01,0,0,0,0,0,0,0,0,0,-239000,0,0,0,173000,412000,-239000,-239000
06744P,嘉聯益永豐98售03,0,0,0,0,0,0,0,0,0,-240000,0,0,0,102000,342000,-240000,-240000
07162P,臺股指群益99售13,0,0,0,0,0,0,0,0,0,-240000,0,0,0,144000,384000,-240000,-240000
061300,臺股指富邦9A購02,0,0,0,0,0,0,0,0,0,-240000,0,0,0,0,240000,-240000,-240000
058497,新日興群益9B購01,0,0,0,0,0,0,0,0,0,-241000,0,0,0,58000,299000,-241000,-241000
07821P,臺股指國票9A售12,0,0,0,0,0,0,0,0,0,-245000,0,0,0,174000,419000,-245000,-245000
062836,同欣電群益9B購02,0,0,0,0,0,0,0,0,0,-246000,0,0,0,285000,531000,-246000,-246000
4977,眾達-KY         ,169000,375000,-206000,0,0,0,189000,229000,-40000,-1000,0,0,0,0,1000,-1000,-247000
051728,道瓊反國票97購01,0,0,0,0,0,0,0,0,0,-247000,0,0,0,20000,267000,-247000,-247000
057534,旭富元大98購01  ,0,0,0,0,0,0,0,0,0,-247000,0,0,0,132000,379000,-247000,-247000
060571,京元電永豐9A購01,0,0,0,0,0,0,0,0,0,-247000,0,0,0,106000,353000,-247000,-247000
06893P,致新元富98售02  ,0,0,0,0,0,0,0,0,0,-248000,0,0,0,0,248000,-248000,-248000
056034,華通凱基98購01  ,0,0,0,0,0,0,0,0,0,-248000,0,0,0,2000,250000,-248000,-248000
060156,光磊永豐9A購01  ,0,0,0,0,0,0,0,0,0,-248000,0,0,0,3000,251000,-248000,-248000
059074,元油2X元大9C購15,0,0,0,0,0,0,0,0,0,-248000,0,0,0,15000,263000,-248000,-248000
060455,葡萄王元大9A購02,0,0,0,0,0,0,0,0,0,-249000,0,0,0,150000,399000,-249000,-249000
062606,聯電凱基9C購02  ,0,0,0,0,0,0,0,0,0,-249000,0,0,0,24000,273000,-249000,-249000
07082P,美律元大99售06  ,0,0,0,0,0,0,0,0,0,-250000,0,0,0,56000,306000,-250000,-250000
4935,茂林-KY         ,146000,208000,-62000,0,0,0,0,0,0,-188000,0,11000,-11000,9000,186000,-177000,-250000
052863,友達凱基98購02  ,0,0,0,0,0,0,0,0,0,-250000,0,0,0,0,250000,-250000,-250000
061891,力山永豐9B購01  ,0,0,0,0,0,0,0,0,0,-250000,0,0,0,25000,275000,-250000,-250000
058095,昇陽半元大98購03,0,0,0,0,0,0,0,0,0,-250000,0,0,0,145000,395000,-250000,-250000
063299,金寶凱基9B購01  ,0,0,0,0,0,0,0,0,0,-250000,0,0,0,120000,370000,-250000,-250000
061922,瑞昱凱基9B購01  ,0,0,0,0,0,0,0,0,0,-251000,0,0,0,0,251000,-251000,-251000
062533,嘉澤統一9C購01  ,0,0,0,0,0,0,0,0,0,-251000,0,0,0,60000,311000,-251000,-251000
6251,定穎            ,777241,996000,-218759,0,0,0,0,0,0,-33000,0,33000,-33000,0,0,0,-251759
056269,新日興統一98購01,0,0,0,0,0,0,0,0,0,-252000,0,0,0,196000,448000,-252000,-252000
058397,大成鋼元大99購02,0,0,0,0,0,0,0,0,0,-252000,0,0,0,98000,350000,-252000,-252000
062349,新日興群益9B購02,0,0,0,0,0,0,0,0,0,-252000,0,0,0,0,252000,-252000,-252000
07366P,國巨康和99售02  ,0,0,0,0,0,0,0,0,0,-253000,0,0,0,530000,783000,-253000,-253000
060631,微星富邦9B購01  ,0,0,0,0,0,0,0,0,0,-254000,0,0,0,0,254000,-254000,-254000
063167,同欣電永豐9B購03,0,0,0,0,0,0,0,0,0,-254000,0,0,0,125000,379000,-254000,-254000
2915,潤泰全          ,745000,964600,-219600,0,0,0,0,4000,-4000,-31000,16000,73000,-57000,94000,68000,26000,-254600
1467,南緯            ,1000,256000,-255000,0,0,0,0,0,0,0,0,0,0,0,0,0,-255000
00650L,FH香港正2       ,24000,18000,6000,0,0,0,0,0,0,-261000,0,0,0,300000,561000,-261000,-255000
06342P,世芯統一98售01  ,0,0,0,0,0,0,0,0,0,-255000,0,0,0,0,255000,-255000,-255000
064145,宏碁統一02購01  ,0,0,0,0,0,0,0,0,0,-255000,0,0,0,192000,447000,-255000,-255000
07902P,玉晶光國票01售01,0,0,0,0,0,0,0,0,0,-256000,0,0,0,50000,306000,-256000,-256000
064785,康友群益9C購01  ,0,0,0,0,0,0,0,0,0,-256000,0,0,0,58000,314000,-256000,-256000
063926,南亞科統一03購01,0,0,0,0,0,0,0,0,0,-257000,0,0,0,3000,260000,-257000,-257000
6412,群電            ,334000,559000,-225000,0,0,0,0,0,0,-32000,9000,41000,-32000,0,0,0,-257000
07807P,聯茂永豐9A售02  ,0,0,0,0,0,0,0,0,0,-259000,0,0,0,0,259000,-259000,-259000
058758,台積電群益99購05,0,0,0,0,0,0,0,0,0,-259000,0,0,0,0,259000,-259000,-259000
08432P,台勝科凱基9C售02,0,0,0,0,0,0,0,0,0,-260000,0,0,0,0,260000,-260000,-260000
06154P,超眾元大98售01  ,0,0,0,0,0,0,0,0,0,-260000,0,0,0,0,260000,-260000,-260000
058971,台積電永豐99購03,0,0,0,0,0,0,0,0,0,-260000,0,0,0,0,260000,-260000,-260000
061024,南電國泰9B購01  ,0,0,0,0,0,0,0,0,0,-261000,0,0,0,198000,459000,-261000,-261000
062575,景碩群益9B購01  ,0,0,0,0,0,0,0,0,0,-264000,0,0,0,79000,343000,-264000,-264000
07879P,瑞昱群益9C售01  ,0,0,0,0,0,0,0,0,0,-265000,0,0,0,55000,320000,-265000,-265000
056429,華通凱基98購02  ,0,0,0,0,0,0,0,0,0,-266000,0,0,0,26000,292000,-266000,-266000
057445,華通元富02購01  ,0,0,0,0,0,0,0,0,0,-268000,0,0,0,56000,324000,-268000,-268000
063162,國喬永豐9B購01  ,0,0,0,0,0,0,0,0,0,-268000,0,0,0,0,268000,-268000,-268000
056742,玉晶光凱基9A購01,0,0,0,0,0,0,0,0,0,-269000,0,0,0,95000,364000,-269000,-269000
062215,華通統一9B購01  ,0,0,0,0,0,0,0,0,0,-269000,0,0,0,75000,344000,-269000,-269000
063976,正崴兆豐9C購01  ,0,0,0,0,0,0,0,0,0,-269000,0,0,0,232000,501000,-269000,-269000
064728,健策統一9C購04  ,0,0,0,0,0,0,0,0,0,-270000,0,0,0,0,270000,-270000,-270000
054586,健鼎國泰99購01  ,0,0,0,0,0,0,0,0,0,-270000,0,0,0,0,270000,-270000,-270000
059685,T50正2永豐99購02,0,0,0,0,0,0,0,0,0,-270000,0,0,0,0,270000,-270000,-270000
057581,元大金中信9A購01,0,0,0,0,0,0,0,0,0,-271000,0,0,0,610000,881000,-271000,-271000
058808,大成鋼統一9B購01,0,0,0,0,0,0,0,0,0,-271000,0,0,0,10000,281000,-271000,-271000
062273,國巨群益9C購02  ,0,0,0,0,0,0,0,0,0,-271000,0,0,0,38000,309000,-271000,-271000
062456,台積電群益9B購05,0,0,0,0,0,0,0,0,0,-271000,0,0,0,122000,393000,-271000,-271000
064659,台達電元大9C購02,0,0,0,0,0,0,0,0,0,-272000,0,0,0,0,272000,-272000,-272000
060915,旭富元大9A購01  ,0,0,0,0,0,0,0,0,0,-272000,0,0,0,13000,285000,-272000,-272000
064401,台達電凱基06購01,0,0,0,0,0,0,0,0,0,-272000,0,0,0,7000,279000,-272000,-272000
8213,志超            ,253000,477000,-224000,0,0,0,0,0,0,-49000,0,0,0,0,49000,-49000,-273000
063209,巨大統一01購01  ,0,0,0,0,0,0,0,0,0,-274000,0,0,0,451000,725000,-274000,-274000
062846,國泰金富邦9C購01,0,0,0,0,0,0,0,0,0,-274000,0,0,0,0,274000,-274000,-274000
00673R,元大S&P原油反1  ,0,0,0,0,0,0,0,0,0,-276000,0,0,0,105000,381000,-276000,-276000
058733,同欣電永豐99購02,0,0,0,0,0,0,0,0,0,-277000,0,0,0,109000,386000,-277000,-277000
059754,訊芯群益9A購01  ,0,0,0,0,0,0,0,0,0,-278000,0,0,0,0,278000,-278000,-278000
064676,聚陽兆豐9C購01  ,0,0,0,0,0,0,0,0,0,-279000,0,0,0,19000,298000,-279000,-279000
065059,神隆群益9C購01  ,0,0,0,0,0,0,0,0,0,-280000,0,0,0,141000,421000,-280000,-280000
07482P,南亞科元富9A售04,0,0,0,0,0,0,0,0,0,-280000,0,0,0,0,280000,-280000,-280000
062543,華通富邦9C購01  ,0,0,0,0,0,0,0,0,0,-280000,0,0,0,87000,367000,-280000,-280000
6202,盛群            ,115000,342000,-227000,0,0,0,0,0,0,-53000,0,21000,-21000,0,32000,-32000,-280000
064568,聯鈞群益9C購01  ,0,0,0,0,0,0,0,0,0,-282000,0,0,0,416000,698000,-282000,-282000
064171,燿華元富9C購01  ,0,0,0,0,0,0,0,0,0,-282000,0,0,0,10000,292000,-282000,-282000
07086P,力成元富9C售01  ,0,0,0,0,0,0,0,0,0,-284000,0,0,0,85000,369000,-284000,-284000
064051,新日興統一01購01,0,0,0,0,0,0,0,0,0,-284000,0,0,0,65000,349000,-284000,-284000
063296,可成麥證9B購01  ,0,0,0,19000,303000,-284000,0,0,0,-284000,0,0,0,19000,303000,-284000,-284000
8081,致新            ,52000,314000,-262000,0,0,0,0,0,0,-22000,0,8000,-8000,2000,16000,-14000,-284000
03657C,T50反1元大99牛01,0,0,0,0,0,0,0,0,0,-285000,0,0,0,0,285000,-285000,-285000
063328,京元電國票9C購02,0,0,0,0,0,0,0,0,0,-285000,0,0,0,52000,337000,-285000,-285000
2456,奇力新          ,247000,413000,-166000,0,0,0,0,24000,-24000,-97000,4000,27000,-23000,0,74000,-74000,-287000
2369,菱生            ,132000,384000,-252000,0,0,0,0,0,0,-35000,0,35000,-35000,0,0,0,-287000
3057,喬鼎            ,203000,491000,-288000,0,0,0,0,0,0,0,0,0,0,0,0,0,-288000
056113,新日興兆豐98購01,0,0,0,0,0,0,0,0,0,-288000,0,0,0,19000,307000,-288000,-288000
07707P,玉山金元大9A售03,0,0,0,0,0,0,0,0,0,-289000,0,0,0,0,289000,-289000,-289000
07471P,南亞科元大9A售01,0,0,0,0,0,0,0,0,0,-290000,0,0,0,0,290000,-290000,-290000
062882,新日興兆豐9C購01,0,0,0,0,0,0,0,0,0,-290000,0,0,0,20000,310000,-290000,-290000
3530,晶相光          ,85000,292000,-207000,0,0,0,0,0,0,-84000,0,0,0,0,84000,-84000,-291000
2417,圓剛            ,6000,417000,-411000,0,0,0,0,0,0,120000,100000,0,100000,20000,0,20000,-291000
058531,華通元富99購01  ,0,0,0,0,0,0,0,0,0,-291000,0,0,0,1000,292000,-291000,-291000
064224,玉晶光國票01購04,0,0,0,0,0,0,0,0,0,-292000,0,0,0,82000,374000,-292000,-292000
3035,智原            ,797000,1057000,-260000,0,0,0,0,0,0,-34000,8000,17000,-9000,8000,33000,-25000,-294000
056783,國巨群益99購01  ,0,0,0,0,0,0,0,0,0,-294000,0,0,0,137000,431000,-294000,-294000
064840,彩晶統一02購01  ,0,0,0,0,0,0,0,0,0,-296000,0,0,0,61000,357000,-296000,-296000
059948,正文永豐99購01  ,0,0,0,0,0,0,0,0,0,-296000,0,0,0,444000,740000,-296000,-296000
06629P,台灣50第一98售01,0,0,0,0,0,0,0,0,0,-297000,0,0,0,40000,337000,-297000,-297000
061243,麗豐兆豐9A購01  ,0,0,0,0,0,0,0,0,0,-298000,0,0,0,48000,346000,-298000,-298000
053797,台積電中信98購01,0,0,0,0,0,0,0,0,0,-298000,0,0,0,20000,318000,-298000,-298000
062546,新日興永豐9B購01,0,0,0,0,0,0,0,0,0,-298000,0,0,0,68000,366000,-298000,-298000
1711,永光            ,549000,716000,-167000,0,0,0,0,0,0,-133000,0,133000,-133000,0,0,0,-300000
049255,旺宏元大97購02  ,0,0,0,0,0,0,0,0,0,-300000,0,0,0,0,300000,-300000,-300000
00693U,街口S&P黃豆     ,23000,112000,-89000,0,0,0,0,0,0,-211000,0,0,0,31000,242000,-211000,-300000
056920,友達兆豐98購02  ,0,0,0,0,0,0,0,0,0,-300000,0,0,0,0,300000,-300000,-300000
060122,亞德客永豐99購02,0,0,0,0,0,0,0,0,0,-300000,0,0,0,337000,637000,-300000,-300000
064137,台泥統一02購01  ,0,0,0,0,0,0,0,0,0,-300000,0,0,0,0,300000,-300000,-300000
064948,致茂凱基01購01  ,0,0,0,0,0,0,0,0,0,-301000,0,0,0,10000,311000,-301000,-301000
00701,國泰股利精選30  ,0,117000,-117000,0,0,0,0,0,0,-185000,0,0,0,233000,418000,-185000,-302000
4904,遠傳            ,1063527,1166397,-102870,0,0,0,0,0,0,-200000,21000,218000,-197000,0,3000,-3000,-302870
065013,矽創國泰02購01  ,0,0,0,0,0,0,0,0,0,-304000,0,0,0,35000,339000,-304000,-304000
061119,國巨永豐9A購03  ,0,0,0,0,0,0,0,0,0,-305000,0,0,0,2000,307000,-305000,-305000
064359,華通統一9C購05  ,0,0,0,0,0,0,0,0,0,-305000,0,0,0,29000,334000,-305000,-305000
064684,巨大兆豐9C購01  ,0,0,0,0,0,0,0,0,0,-306000,0,0,0,95000,401000,-306000,-306000
08213P,台光電統一9B售03,0,0,0,0,0,0,0,0,0,-308000,0,0,0,307000,615000,-308000,-308000
063210,百和統一9C購01  ,0,0,0,0,0,0,0,0,0,-308000,0,0,0,0,308000,-308000,-308000
064235,美律統一9C購02  ,0,0,0,0,0,0,0,0,0,-309000,0,0,0,48000,357000,-309000,-309000
08124P,臻鼎群益9B售02  ,0,0,0,0,0,0,0,0,0,-310000,0,0,0,78000,388000,-310000,-310000
054471,T50反1中信9C購01,0,0,0,0,0,0,0,0,0,-310000,0,0,0,30000,340000,-310000,-310000
2548,華固            ,367000,632000,-265000,0,0,0,0,0,0,-46000,0,46000,-46000,0,0,0,-311000
052777,燿華國票98購01  ,0,0,0,0,0,0,0,0,0,-311000,0,0,0,208000,519000,-311000,-311000
058148,百和元大99購01  ,0,0,0,0,0,0,0,0,0,-313000,0,0,0,39000,352000,-313000,-313000
058925,旭富元富99購02  ,0,0,0,0,0,0,0,0,0,-314000,0,0,0,108000,422000,-314000,-314000
061518,達方永豐9A購02  ,0,0,0,0,0,0,0,0,0,-314000,0,0,0,38000,352000,-314000,-314000
2505,國揚            ,187000,285000,-98000,0,0,0,0,0,0,-217000,0,111000,-111000,0,106000,-106000,-315000
065002,致茂國票01購01  ,0,0,0,0,0,0,0,0,0,-316000,0,0,0,29000,345000,-316000,-316000
05131P,聯詠統一97售01  ,0,0,0,0,0,0,0,0,0,-317000,0,0,0,0,317000,-317000,-317000
060051,台積電凱基9B購01,0,0,0,0,0,0,0,0,0,-317000,0,0,0,20000,337000,-317000,-317000
062253,燿華元大9B購02  ,0,0,0,0,0,0,0,0,0,-317000,0,0,0,59000,376000,-317000,-317000
058555,矽創永豐9A購01  ,0,0,0,0,0,0,0,0,0,-320000,0,0,0,77000,397000,-320000,-320000
3006,晶豪科          ,294000,527000,-233000,0,0,0,0,0,0,-88000,18000,33000,-15000,0,73000,-73000,-321000
064100,義隆群益9C購01  ,0,0,0,0,0,0,0,0,0,-321000,0,0,0,83000,404000,-321000,-321000
2425,承啟            ,215000,537000,-322000,0,0,0,0,0,0,0,0,0,0,0,0,0,-322000
057049,新日興元大98購02,0,0,0,0,0,0,0,0,0,-324000,0,0,0,69000,393000,-324000,-324000
060305,得力永豐9A購01  ,0,0,0,0,0,0,0,0,0,-324000,0,0,0,0,324000,-324000,-324000
00646,元大S&P500      ,0,1000,-1000,0,0,0,0,0,0,-324000,0,0,0,239000,563000,-324000,-325000
057875,京鼎元大98購03  ,0,0,0,0,0,0,0,0,0,-325000,0,0,0,259000,584000,-325000,-325000
048383,元金2X國票99購01,0,0,0,0,0,0,0,0,0,-326000,0,0,0,90000,416000,-326000,-326000
3673,TPK-KY          ,351000,594000,-243000,0,0,0,0,0,0,-84000,2000,35000,-33000,30000,81000,-51000,-327000
057719,欣興元富02購01  ,0,0,0,0,0,0,0,0,0,-327000,0,0,0,504000,831000,-327000,-327000
8131,福懋科          ,53000,81000,-28000,0,0,0,0,258000,-258000,-41000,0,41000,-41000,0,0,0,-327000
051849,旺宏中信98購01  ,0,0,0,0,0,0,0,0,0,-328000,0,0,0,632000,960000,-328000,-328000
058251,百和元大99購03  ,0,0,0,0,0,0,0,0,0,-328000,0,0,0,80000,408000,-328000,-328000
060809,康友群益9A購01  ,0,0,0,0,0,0,0,0,0,-328000,0,0,0,142000,470000,-328000,-328000
06853P,華擎元富98售03  ,0,0,0,0,0,0,0,0,0,-329000,0,0,0,110000,439000,-329000,-329000
058035,旭富永豐98購02  ,0,0,0,0,0,0,0,0,0,-329000,0,0,0,183000,512000,-329000,-329000
03447B,臺股指凱基9B熊16,0,0,0,0,0,0,0,0,0,-330000,0,0,0,337000,667000,-330000,-330000
054590,嘉聯益國泰98購01,0,0,0,0,0,0,0,0,0,-330000,0,0,0,0,330000,-330000,-330000
062233,神隆凱基9B購01  ,0,0,0,0,0,0,0,0,0,-330000,0,0,0,62000,392000,-330000,-330000
057287,彩晶元大9C購03  ,0,0,0,0,0,0,0,0,0,-333000,0,0,0,0,333000,-333000,-333000
063521,國巨凱基03購01  ,0,0,0,0,0,0,0,0,0,-333000,0,0,0,70000,403000,-333000,-333000
06503P,臺股指中信9A售02,0,0,0,0,0,0,0,0,0,-334000,0,0,0,309000,643000,-334000,-334000
065105,巨大元大01購01  ,0,0,0,0,0,0,0,0,0,-334000,0,0,0,0,334000,-334000,-334000
061934,台積電國票9B購06,0,0,0,0,0,0,0,0,0,-335000,0,0,0,286000,621000,-335000,-335000
063108,世紀鋼群益9C購01,0,0,0,0,0,0,0,0,0,-335000,0,0,0,0,335000,-335000,-335000
061723,嘉聯益永豐9A購03,0,0,0,0,0,0,0,0,0,-336000,0,0,0,0,336000,-336000,-336000
061031,神隆永豐9A購02  ,0,0,0,0,0,0,0,0,0,-339000,0,0,0,213000,552000,-339000,-339000
061270,彩晶凱基9A購02  ,0,0,0,0,0,0,0,0,0,-340000,0,0,0,0,340000,-340000,-340000
063898,旭富群益9C購01  ,0,0,0,0,0,0,0,0,0,-340000,0,0,0,5000,345000,-340000,-340000
057990,美律統一99購02  ,0,0,0,0,0,0,0,0,0,-341000,0,0,0,161000,502000,-341000,-341000
08377P,臻鼎元富9C售02  ,0,0,0,0,0,0,0,0,0,-342000,0,0,0,0,342000,-342000,-342000
062596,緯穎統一01購02  ,0,0,0,0,0,0,0,0,0,-342000,0,0,0,207000,549000,-342000,-342000
057696,聯電群益9A購01  ,0,0,0,0,0,0,0,0,0,-345000,0,0,0,0,345000,-345000,-345000
056276,同欣電國泰98購01,0,0,0,0,0,0,0,0,0,-345000,0,0,0,65000,410000,-345000,-345000
063073,瑞昱永豐9B購01  ,0,0,0,0,0,0,0,0,0,-345000,0,0,0,5000,350000,-345000,-345000
064409,彩晶凱基04購01  ,0,0,0,0,0,0,0,0,0,-345000,0,0,0,158000,503000,-345000,-345000
059103,旭富元富99購03  ,0,0,0,0,0,0,0,0,0,-347000,0,0,0,108000,455000,-347000,-347000
07468P,聯電元大9A售02  ,0,0,0,0,0,0,0,0,0,-348000,0,0,0,0,348000,-348000,-348000
057729,華新科國泰99購04,0,0,0,0,0,0,0,0,0,-348000,0,0,0,105000,453000,-348000,-348000
060285,聯電元大9C購01  ,0,0,0,0,0,0,0,0,0,-348000,0,0,0,95000,443000,-348000,-348000
064933,矽創統一01購01  ,0,0,0,0,0,0,0,0,0,-349000,0,0,0,12000,361000,-349000,-349000
056147,鴻海日盛97購05  ,0,0,0,0,0,0,0,0,0,-350000,0,0,0,648000,998000,-350000,-350000
064147,瑞昱統一01購04  ,0,0,0,0,0,0,0,0,0,-350000,0,0,0,115000,465000,-350000,-350000
064460,健策統一9C購03  ,0,0,0,0,0,0,0,0,0,-351000,0,0,0,19000,370000,-351000,-351000
064204,瑞儀兆豐01購01  ,0,0,0,0,0,0,0,0,0,-352000,0,0,0,123000,475000,-352000,-352000
062497,遠東新群益9B購01,0,0,0,0,0,0,0,0,0,-352000,0,0,0,44000,396000,-352000,-352000
062920,康友元大9B購01  ,0,0,0,0,0,0,0,0,0,-354000,0,0,0,50000,404000,-354000,-354000
2542,興富發          ,323966,480744,-156778,0,0,0,0,8000,-8000,-190000,14000,203000,-189000,0,1000,-1000,-354778
060265,宏達電國票9A購02,0,0,0,0,0,0,0,0,0,-356000,0,0,0,22000,378000,-356000,-356000
08338P,台灣50凱基9C售11,0,0,0,0,0,0,0,0,0,-357000,0,0,0,45000,402000,-357000,-357000
057354,聯鈞統一99購03  ,0,0,0,0,0,0,0,0,0,-357000,0,0,0,24000,381000,-357000,-357000
056943,華通統一99購01  ,0,0,0,0,0,0,0,0,0,-358000,0,0,0,54000,412000,-358000,-358000
064072,康友永豐9C購01  ,0,0,0,0,0,0,0,0,0,-358000,0,0,0,186000,544000,-358000,-358000
1215,卜蜂            ,180000,503000,-323000,0,0,0,0,30000,-30000,-6000,40000,50000,-10000,10000,6000,4000,-359000
060194,旭富元富9A購01  ,0,0,0,0,0,0,0,0,0,-359000,0,0,0,17000,376000,-359000,-359000
063262,南六富邦9C購01  ,0,0,0,0,0,0,0,0,0,-359000,0,0,0,15000,374000,-359000,-359000
058781,康友國票9A購01  ,0,0,0,0,0,0,0,0,0,-360000,0,0,0,0,360000,-360000,-360000
1227,佳格            ,490131,750421,-260290,0,0,0,0,0,0,-100000,16000,116000,-100000,0,0,0,-360290
063393,華通群益9C購05  ,0,0,0,0,0,0,0,0,0,-363000,0,0,0,18000,381000,-363000,-363000
062917,旭富元大9C購03  ,0,0,0,0,0,0,0,0,0,-364000,0,0,0,183000,547000,-364000,-364000
2392,正崴            ,160000,500000,-340000,0,0,0,0,0,0,-25000,18000,61000,-43000,105000,87000,18000,-365000
064549,神基凱基9C購01  ,0,0,0,0,0,0,0,0,0,-365000,0,0,0,25000,390000,-365000,-365000
060234,凱美元大9C購01  ,0,0,0,0,0,0,0,0,0,-367000,0,0,0,37000,404000,-367000,-367000
061491,嘉聯益兆豐9B購01,0,0,0,0,0,0,0,0,0,-368000,0,0,0,311000,679000,-368000,-368000
056583,昇陽半元大98購02,0,0,0,0,0,0,0,0,0,-369000,0,0,0,66000,435000,-369000,-369000
6191,精成科          ,87000,457000,-370000,0,0,0,0,0,0,0,0,0,0,0,0,0,-370000
061464,瑞昱群益9A購01  ,0,0,0,0,0,0,0,0,0,-370000,0,0,0,77000,447000,-370000,-370000
056356,台積電元大99購01,0,0,0,0,0,0,0,0,0,-371000,0,0,0,60000,431000,-371000,-371000
00655L,國泰中國A50正2  ,150000,6000,144000,0,0,0,0,0,0,-517000,0,0,0,1187000,1704000,-517000,-373000
063082,瑞昱凱基9B購04  ,0,0,0,0,0,0,0,0,0,-373000,0,0,0,132000,505000,-373000,-373000
063549,國巨國票9C購05  ,0,0,0,0,0,0,0,0,0,-374000,0,0,0,568000,942000,-374000,-374000
07834P,聯詠群益9A售03  ,0,0,0,0,0,0,0,0,0,-375000,0,0,0,0,375000,-375000,-375000
054205,華新國票97購02  ,0,0,0,0,0,0,0,0,0,-375000,0,0,0,305000,680000,-375000,-375000
058972,新日興永豐9A購01,0,0,0,0,0,0,0,0,0,-375000,0,0,0,142000,517000,-375000,-375000
064843,巨大統一02購01  ,0,0,0,0,0,0,0,0,0,-376000,0,0,0,74000,450000,-376000,-376000
062012,燿華富邦9C購01  ,0,0,0,0,0,0,0,0,0,-377000,0,0,0,125000,502000,-377000,-377000
064279,新光金元大01購01,0,0,0,0,0,0,0,0,0,-378000,0,0,0,70000,448000,-378000,-378000
060418,中橡永豐9A購01  ,0,0,0,0,0,0,0,0,0,-379000,0,0,0,88000,467000,-379000,-379000
060416,神隆永豐9A購01  ,0,0,0,0,0,0,0,0,0,-380000,0,0,0,601000,981000,-380000,-380000
058313,台積電富邦9B購04,0,0,0,0,0,0,0,0,0,-382000,0,0,0,0,382000,-382000,-382000
058188,華擎永豐99購01  ,0,0,0,0,0,0,0,0,0,-382000,0,0,0,1000,383000,-382000,-382000
064582,裕隆永豐9C購02  ,0,0,0,0,0,0,0,0,0,-385000,0,0,0,68000,453000,-385000,-385000
00715L,街口布蘭特油正2 ,0,1000,-1000,0,0,0,0,0,0,-386000,0,0,0,0,386000,-386000,-387000
061963,台積電統一01購04,0,0,0,0,0,0,0,0,0,-387000,0,0,0,78000,465000,-387000,-387000
056571,燿華元大98購02  ,0,0,0,0,0,0,0,0,0,-388000,0,0,0,164000,552000,-388000,-388000
2480,敦陽科          ,234000,642200,-408200,0,0,0,0,0,0,20000,97000,77000,20000,0,0,0,-388200
056158,新日興凱基98購02,0,0,0,0,0,0,0,0,0,-389000,0,0,0,60000,449000,-389000,-389000
063384,巨大永豐9B購04  ,0,0,0,0,0,0,0,0,0,-389000,0,0,0,18000,407000,-389000,-389000
064397,旭富永豐9C購01  ,0,0,0,0,0,0,0,0,0,-390000,0,0,0,90000,480000,-390000,-390000
03445B,臺股指元大02熊01,0,0,0,0,0,0,0,0,0,-391000,0,0,0,464000,855000,-391000,-391000
058883,旭富永豐99購01  ,0,0,0,0,0,0,0,0,0,-391000,0,0,0,5000,396000,-391000,-391000
064157,健鼎統一01購02  ,0,0,0,0,0,0,0,0,0,-393000,0,0,0,0,393000,-393000,-393000
061843,億豐凱基9C購01  ,0,0,0,0,0,0,0,0,0,-395000,0,0,0,98000,493000,-395000,-395000
064445,聚陽統一02購01  ,0,0,0,0,0,0,0,0,0,-395000,0,0,0,109000,504000,-395000,-395000
062219,燿華統一9B購01  ,0,0,0,0,0,0,0,0,0,-395000,0,0,0,425000,820000,-395000,-395000
064717,台積電統一01購08,0,0,0,0,0,0,0,0,0,-397000,0,0,0,0,397000,-397000,-397000
063198,仁寶統一01購02  ,0,0,0,0,0,0,0,0,0,-398000,0,0,0,52000,450000,-398000,-398000
064468,健策元富9C購02  ,0,0,0,0,0,0,0,0,0,-398000,0,0,0,0,398000,-398000,-398000
060225,S&P反1元大9A購02,0,0,0,0,0,0,0,0,0,-400000,0,0,0,0,400000,-400000,-400000
064319,南電群益9C購01  ,0,0,0,0,0,0,0,0,0,-401000,0,0,0,53000,454000,-401000,-401000
2301,光寶科          ,3015820,4278231,-1262411,0,0,0,0,51000,-51000,912000,1000000,2000,998000,10000,96000,-86000,-401411
1310,台苯            ,266000,554000,-288000,0,0,0,0,0,0,-115000,0,115000,-115000,0,0,0,-403000
058287,國巨國票9A購02  ,0,0,0,0,0,0,0,0,0,-404000,0,0,0,114000,518000,-404000,-404000
08275P,南亞科元富9C售01,0,0,0,0,0,0,0,0,0,-409000,0,0,0,40000,449000,-409000,-409000
064333,義隆元大9C購02  ,0,0,0,0,0,0,0,0,0,-409000,0,0,0,83000,492000,-409000,-409000
053083,中環元大99購01  ,0,0,0,0,0,0,0,0,0,-410000,0,0,0,100000,510000,-410000,-410000
053291,旺宏中信9A購01  ,0,0,0,0,0,0,0,0,0,-410000,0,0,0,0,410000,-410000,-410000
06374P,台表科元大97售06,0,0,0,0,0,0,0,0,0,-410000,0,0,0,0,410000,-410000,-410000
060310,瑞昱永豐9A購01  ,0,0,0,0,0,0,0,0,0,-411000,0,0,0,9000,420000,-411000,-411000
08379P,台積電國泰02售02,0,0,0,0,0,0,0,0,0,-413000,0,0,0,2733000,3146000,-413000,-413000
060792,信錦永豐9A購01  ,0,0,0,0,0,0,0,0,0,-415000,0,0,0,17000,432000,-415000,-415000
060411,達新永豐9A購01  ,0,0,0,0,0,0,0,0,0,-415000,0,0,0,211000,626000,-415000,-415000
063337,國巨統一02購02  ,0,0,0,0,0,0,0,0,0,-415000,0,0,0,0,415000,-415000,-415000
061077,國巨兆豐9B購01  ,0,0,0,0,0,0,0,0,0,-417000,0,0,0,100000,517000,-417000,-417000
053117,大立光中信9A購02,0,0,0,0,0,0,0,0,0,-418000,0,0,0,0,418000,-418000,-418000
063100,聚陽群益9C購02  ,0,0,0,0,0,0,0,0,0,-419000,0,0,0,90000,509000,-419000,-419000
062087,瑞祺元大9B購02  ,0,0,0,0,0,0,0,0,0,-419000,0,0,0,75000,494000,-419000,-419000
047483,新光金凱基99購04,0,0,0,0,0,0,0,0,0,-420000,0,0,0,0,420000,-420000,-420000
058537,彩晶統一9B購01  ,0,0,0,0,0,0,0,0,0,-420000,0,0,0,125000,545000,-420000,-420000
2498,宏達電          ,2080000,2314822,-234822,0,0,0,0,0,0,-188000,67000,191000,-124000,94000,158000,-64000,-422822
07861P,台灣50中信03售08,0,0,0,0,0,0,0,0,0,-424000,0,0,0,26000,450000,-424000,-424000
064760,玉晶光凱基01購02,0,0,0,0,0,0,0,0,0,-425000,0,0,0,25000,450000,-425000,-425000
5388,中磊            ,81000,491000,-410000,0,0,0,0,0,0,-16000,7000,26000,-19000,18000,15000,3000,-426000
062975,京鼎元富9B購01  ,0,0,0,0,0,0,0,0,0,-429000,0,0,0,370000,799000,-429000,-429000
064702,百和群益01購01  ,0,0,0,0,0,0,0,0,0,-431000,0,0,0,241000,672000,-431000,-431000
00648R,元大S&P500反1   ,0,0,0,0,0,0,0,0,0,-431000,0,0,0,719000,1150000,-431000,-431000
053118,大立光中信9C購01,0,0,0,0,0,0,0,0,0,-434000,0,0,0,35000,469000,-434000,-434000
064992,玉晶光兆豐01購01,0,0,0,0,0,0,0,0,0,-435000,0,0,0,0,435000,-435000,-435000
4915,致伸            ,840000,1405000,-565000,0,0,0,191000,0,191000,-61000,18000,48000,-30000,19000,50000,-31000,-435000
056404,嘉聯益群益9A購01,0,0,0,0,0,0,0,0,0,-435000,0,0,0,98000,533000,-435000,-435000
057199,台達電元富02購01,0,0,0,0,0,0,0,0,0,-435000,0,0,0,225000,660000,-435000,-435000
1611,中電            ,33000,469000,-436000,0,0,0,0,0,0,0,0,0,0,0,0,0,-436000
5871,中租-KY         ,872449,1330412,-457963,0,0,0,127000,30000,97000,-79000,16000,93000,-77000,26000,28000,-2000,-439963
059242,南亞科凱基99購06,0,0,0,0,0,0,0,0,0,-442000,0,0,0,106000,548000,-442000,-442000
08066P,南亞科凱基9B售04,0,0,0,0,0,0,0,0,0,-443000,0,0,0,0,443000,-443000,-443000
060685,康友元大9A購01  ,0,0,0,0,0,0,0,0,0,-444000,0,0,0,10000,454000,-444000,-444000
055943,瑞昱麥證97購01  ,0,0,0,11000,456000,-445000,0,0,0,-445000,0,0,0,11000,456000,-445000,-445000
060829,T50反1國票9A購06,0,0,0,0,0,0,0,0,0,-450000,0,0,0,0,450000,-450000,-450000
063690,健鼎永豐9B購01  ,0,0,0,0,0,0,0,0,0,-450000,0,0,0,124000,574000,-450000,-450000
063988,華通永豐9C購01  ,0,0,0,0,0,0,0,0,0,-451000,0,0,0,74000,525000,-451000,-451000
2912,統一超          ,681698,1028258,-346560,0,0,0,0,40000,-40000,-65000,2000,67000,-65000,0,0,0,-451560
08068P,宏達電國泰9C售01,0,0,0,0,0,0,0,0,0,-452000,0,0,0,0,452000,-452000,-452000
063501,旭富永豐9B購02  ,0,0,0,0,0,0,0,0,0,-452000,0,0,0,53000,505000,-452000,-452000
060819,國巨統一9C購04  ,0,0,0,0,0,0,0,0,0,-454000,0,0,0,45000,499000,-454000,-454000
059396,T50反1元富99購04,0,0,0,0,0,0,0,0,0,-455000,0,0,0,0,455000,-455000,-455000
064146,瑞昱統一01購03  ,0,0,0,0,0,0,0,0,0,-455000,0,0,0,106000,561000,-455000,-455000
064709,瑞祺永豐9C購01  ,0,0,0,0,0,0,0,0,0,-457000,0,0,0,34000,491000,-457000,-457000
06844P,智邦元大98售13  ,0,0,0,0,0,0,0,0,0,-458000,0,0,0,0,458000,-458000,-458000
3023,信邦            ,157000,208000,-51000,0,0,0,0,232000,-232000,-175000,7000,179000,-172000,2000,5000,-3000,-458000
08161P,台表科元富9B售02,0,0,0,0,0,0,0,0,0,-459000,0,0,0,176000,635000,-459000,-459000
058149,百和元大99購02  ,0,0,0,0,0,0,0,0,0,-459000,0,0,0,10000,469000,-459000,-459000
064193,華新群益9C購01  ,0,0,0,0,0,0,0,0,0,-459000,0,0,0,356000,815000,-459000,-459000
056393,精元永豐98購01  ,0,0,0,0,0,0,0,0,0,-460000,0,0,0,0,460000,-460000,-460000
061170,南茂兆豐9B購01  ,0,0,0,0,0,0,0,0,0,-460000,0,0,0,47000,507000,-460000,-460000
2615,萬海            ,214000,486000,-272000,0,0,0,0,0,0,-193000,0,193000,-193000,0,0,0,-465000
060046,S&P反1凱基99購02,0,0,0,0,0,0,0,0,0,-470000,0,0,0,0,470000,-470000,-470000
062956,同欣電永豐9B購02,0,0,0,0,0,0,0,0,0,-472000,0,0,0,26000,498000,-472000,-472000
062030,旭富群益9B購01  ,0,0,0,0,0,0,0,0,0,-477000,0,0,0,6000,483000,-477000,-477000
00638R,元大滬深300反1  ,0,12000,-12000,0,0,0,0,0,0,-467000,120000,0,120000,55000,642000,-587000,-479000
061188,大成鋼富邦9B購01,0,0,0,0,0,0,0,0,0,-479000,0,0,0,184000,663000,-479000,-479000
056161,康控凱基98購02  ,0,0,0,0,0,0,0,0,0,-480000,0,0,0,0,480000,-480000,-480000
00652,富邦印度        ,4000,7000,-3000,0,0,0,0,0,0,-478000,0,0,0,41000,519000,-478000,-481000
056607,貿聯富邦99購02  ,0,0,0,0,0,0,0,0,0,-482000,0,0,0,20000,502000,-482000,-482000
2603,長榮            ,3387353,1896558,1490795,0,0,0,0,0,0,-1973000,373000,2346000,-1973000,0,0,0,-482205
07446P,台灣50元大9A售06,0,0,0,0,0,0,0,0,0,-487000,0,0,0,0,487000,-487000,-487000
064569,群創群益9C購01  ,0,0,0,0,0,0,0,0,0,-489000,0,0,0,100000,589000,-489000,-489000
059283,康友永豐99購02  ,0,0,0,0,0,0,0,0,0,-491000,0,0,0,0,491000,-491000,-491000
057613,瑞昱元富02購02  ,0,0,0,0,0,0,0,0,0,-494000,0,0,0,12000,506000,-494000,-494000
064812,旭富元大9C購04  ,0,0,0,0,0,0,0,0,0,-496000,0,0,0,123000,619000,-496000,-496000
07948P,大成鋼凱基9B售01,0,0,0,0,0,0,0,0,0,-496000,0,0,0,24000,520000,-496000,-496000
060157,致茂永豐9A購02  ,0,0,0,0,0,0,0,0,0,-497000,0,0,0,461000,958000,-497000,-497000
063163,京元電永豐9B購01,0,0,0,0,0,0,0,0,0,-497000,0,0,0,319000,816000,-497000,-497000
6285,啟碁            ,436000,688000,-252000,0,0,0,0,201000,-201000,-44000,0,40000,-40000,0,4000,-4000,-497000
056487,康友元大98購01  ,0,0,0,0,0,0,0,0,0,-500000,0,0,0,0,500000,-500000,-500000
063493,金像電富邦01購01,15000,0,15000,0,0,0,0,0,0,-515000,0,0,0,271000,786000,-515000,-500000
057203,麗豐元富98購02  ,0,0,0,0,0,0,0,0,0,-501000,0,0,0,5000,506000,-501000,-501000
060862,美律永豐9A購01  ,0,0,0,0,0,0,0,0,0,-501000,0,0,0,36000,537000,-501000,-501000
060708,康友富邦9B購01  ,0,0,0,0,0,0,0,0,0,-501000,0,0,0,0,501000,-501000,-501000
056480,京鼎元大98購02  ,0,0,0,0,0,0,0,0,0,-505000,0,0,0,303000,808000,-505000,-505000
07651P,道瓊指中信01售01,0,0,0,0,0,0,0,0,0,-509000,0,0,0,0,509000,-509000,-509000
063054,健鼎統一01購01  ,0,0,0,0,0,0,0,0,0,-509000,0,0,0,345000,854000,-509000,-509000
062640,訊連國票9C購01  ,0,0,0,0,0,0,0,0,0,-509000,0,0,0,0,509000,-509000,-509000
063323,同欣電群益9B購03,0,0,0,0,0,0,0,0,0,-510000,0,0,0,165000,675000,-510000,-510000
064140,台達電統一01購01,0,0,0,0,0,0,0,0,0,-510000,0,0,0,147000,657000,-510000,-510000
6269,台郡            ,986000,1192000,-206000,0,0,0,30000,319000,-289000,-18000,25000,38000,-13000,17000,22000,-5000,-513000
8210,勤誠            ,61000,377000,-316000,0,0,0,0,200000,-200000,-1000,6000,0,6000,2000,9000,-7000,-517000
07100P,華航元大99售01  ,0,0,0,0,0,0,0,0,0,-518000,0,0,0,59000,577000,-518000,-518000
2345,智邦            ,1386807,1815037,-428230,0,0,0,0,0,0,-90000,49000,150000,-101000,71000,60000,11000,-518230
06901P,亞德客凱基98售02,0,0,0,0,0,0,0,0,0,-519000,0,0,0,10000,529000,-519000,-519000
2903,遠百            ,194000,564000,-370000,0,0,0,0,0,0,-154000,21000,175000,-154000,0,0,0,-524000
060107,旭富元大99購03  ,0,0,0,0,0,0,0,0,0,-528000,0,0,0,95000,623000,-528000,-528000
1210,大成            ,223000,471000,-248000,0,0,0,86000,236000,-150000,-131000,0,117000,-117000,0,14000,-14000,-529000
063732,建準元大9B購02  ,0,0,0,0,0,0,0,0,0,-529000,0,0,0,195000,724000,-529000,-529000
063954,世芯元大01購02  ,0,0,0,0,0,0,0,0,0,-530000,0,0,0,176000,706000,-530000,-530000
064251,緯創元富9C購01  ,0,0,0,0,0,0,0,0,0,-531000,0,0,0,140000,671000,-531000,-531000
2455,全新            ,469000,835000,-366000,0,0,0,20000,0,20000,-187000,68000,79000,-11000,26000,202000,-176000,-533000
9939,宏全            ,77000,221000,-144000,0,0,0,0,473000,-473000,78000,84000,28000,56000,23000,1000,22000,-539000
061427,旭富元大9A購02  ,0,0,0,0,0,0,0,0,0,-542000,0,0,0,138000,680000,-542000,-542000
06680P,智邦元大98售06  ,0,0,0,0,0,0,0,0,0,-543000,0,0,0,0,543000,-543000,-543000
1504,東元            ,366000,625000,-259000,0,0,0,0,0,0,-288000,0,192000,-192000,0,96000,-96000,-547000
07986P,大成鋼統一9B售02,0,0,0,0,0,0,0,0,0,-549000,0,0,0,0,549000,-549000,-549000
061411,T50反1群益9A購05,0,0,0,0,0,0,0,0,0,-550000,0,0,0,0,550000,-550000,-550000
057612,瑞昱元富02購01  ,0,0,0,0,0,0,0,0,0,-554000,0,0,0,91000,645000,-554000,-554000
064139,裕隆統一01購02  ,0,0,0,0,0,0,0,0,0,-554000,0,0,0,400000,954000,-554000,-554000
064160,新日興統一01購03,0,0,0,0,0,0,0,0,0,-555000,0,0,0,72000,627000,-555000,-555000
064725,緯創統一02購01  ,0,0,0,0,0,0,0,0,0,-556000,0,0,0,169000,725000,-556000,-556000
062850,友訊永豐9B購01  ,0,0,0,0,0,0,0,0,0,-557000,0,0,0,71000,628000,-557000,-557000
00640L,富邦日本正2     ,0,100000,-100000,0,0,0,0,0,0,-459000,0,0,0,532000,991000,-459000,-559000
058832,立積永豐99購01  ,0,0,0,0,0,0,0,0,0,-559000,0,0,0,5000,564000,-559000,-559000
063327,燿華國票9C購02  ,0,0,0,0,0,0,0,0,0,-561000,0,0,0,129000,690000,-561000,-561000
063491,國巨富邦02購02  ,0,0,0,0,0,0,0,0,0,-564000,0,0,0,5000,569000,-564000,-564000
063351,億豐統一9B購01  ,0,0,0,0,0,0,0,0,0,-566000,0,0,0,379000,945000,-566000,-566000
064138,亞德客統一01購02,0,0,0,0,0,0,0,0,0,-567000,0,0,0,120000,687000,-567000,-567000
2492,華新科          ,1509997,1718022,-208025,0,0,0,0,0,0,-367000,60000,88000,-28000,89000,428000,-339000,-575025
2377,微星            ,2933103,2151883,781220,0,0,0,1000,1288000,-1287000,-72000,112000,137000,-25000,39000,86000,-47000,-577780
063862,世紀鋼國泰02購01,0,0,0,0,0,0,0,0,0,-582000,0,0,0,47000,629000,-582000,-582000
063239,建準元大9B購01  ,0,0,0,0,0,0,0,0,0,-582000,0,0,0,203000,785000,-582000,-582000
064614,友訊元大9C購02  ,0,0,0,0,0,0,0,0,0,-586000,0,0,0,167000,753000,-586000,-586000
062096,神隆永豐9B購01  ,0,0,0,0,0,0,0,0,0,-595000,0,0,0,615000,1210000,-595000,-595000
064066,達新永豐9C購01  ,0,0,0,0,0,0,0,0,0,-595000,0,0,0,0,595000,-595000,-595000
2889,國票金          ,100000,533000,-433000,0,0,0,0,163000,-163000,0,0,0,0,0,0,0,-596000
059183,T50反1台新03購02,0,0,0,0,0,0,0,0,0,-600000,0,0,0,0,600000,-600000,-600000
059900,上証反元大99購03,0,0,0,0,0,0,0,0,0,-601000,0,0,0,0,601000,-601000,-601000
08148P,長榮航群益9B售03,0,0,0,0,0,0,0,0,0,-604000,0,0,0,0,604000,-604000,-604000
08289P,智邦統一9C售01  ,0,0,0,0,0,0,0,0,0,-604000,0,0,0,20000,624000,-604000,-604000
057819,新日興元大99購01,0,0,0,0,0,0,0,0,0,-605000,0,0,0,0,605000,-605000,-605000
2412,中華電          ,1623877,1922911,-299034,0,0,0,0,0,0,-310000,104000,492000,-388000,78000,0,78000,-609034
062742,技嘉國泰01購01  ,0,0,0,0,0,0,0,0,0,-610000,0,0,0,302000,912000,-610000,-610000
061040,康友永豐9A購01  ,0,0,0,0,0,0,0,0,0,-615000,0,0,0,0,615000,-615000,-615000
07958P,華擎群益9B售01  ,0,0,0,0,0,0,0,0,0,-616000,0,0,0,15000,631000,-616000,-616000
2101,南港            ,697000,1038000,-341000,0,0,0,0,0,0,-278000,0,72000,-72000,49000,255000,-206000,-619000
058720,旭富元富99購01  ,0,0,0,0,0,0,0,0,0,-619000,0,0,0,0,619000,-619000,-619000
064096,台積電群益9C購07,0,0,0,0,0,0,0,0,0,-624000,0,0,0,86000,710000,-624000,-624000
1907,永豐餘          ,482000,821000,-339000,0,0,0,0,144000,-144000,-148000,0,148000,-148000,0,0,0,-631000
060433,億豐永豐9A購01  ,0,0,0,0,0,0,0,0,0,-639000,0,0,0,22000,661000,-639000,-639000
062058,瑞昱統一01購01  ,0,0,0,0,0,0,0,0,0,-640000,0,0,0,71000,711000,-640000,-640000
1218,泰山            ,225000,868000,-643000,0,0,0,0,0,0,0,0,0,0,0,0,0,-643000
061791,康友群益9B購01  ,0,0,0,0,0,0,0,0,0,-644000,0,0,0,10000,654000,-644000,-644000
057700,新日興群益9A購01,0,0,0,0,0,0,0,0,0,-648000,0,0,0,0,648000,-648000,-648000
062386,京鼎國泰9C購01  ,0,0,0,0,0,0,0,0,0,-648000,0,0,0,104000,752000,-648000,-648000
064478,聚陽富邦01購01  ,0,0,0,0,0,0,0,0,0,-650000,0,0,0,1000,651000,-650000,-650000
07408P,台積電兆豐99售06,0,0,0,0,0,0,0,0,0,-651000,0,0,0,0,651000,-651000,-651000
3338,泰碩            ,236000,260000,-24000,0,0,0,48000,605000,-557000,-72000,1000,0,1000,19000,92000,-73000,-653000
08135P,玉晶光國泰01售02,0,0,0,0,0,0,0,0,0,-655000,0,0,0,178000,833000,-655000,-655000
1519,華城            ,289000,946000,-657000,0,0,0,0,0,0,0,0,0,0,0,0,0,-657000
063197,遠東新統一9C購01,0,0,0,0,0,0,0,0,0,-663000,0,0,0,161000,824000,-663000,-663000
062824,國巨群益9C購03  ,0,0,0,0,0,0,0,0,0,-668000,0,0,0,37000,705000,-668000,-668000
057717,友訊元富98購02  ,0,0,0,0,0,0,0,0,0,-669000,0,0,0,211000,880000,-669000,-669000
0050,元大台灣50      ,6612000,3590000,3022000,0,0,0,0,0,0,-3700000,328000,410000,-82000,1393000,5011000,-3618000,-678000
6669,緯穎            ,288567,1144273,-855706,0,0,0,196000,0,196000,-19000,37000,12000,25000,6000,50000,-44000,-678706
062476,神隆國票9B購01  ,0,0,0,0,0,0,0,0,0,-679000,0,0,0,49000,728000,-679000,-679000
9945,潤泰新          ,857508,1080576,-223068,0,0,0,0,368000,-368000,-97000,2000,99000,-97000,0,0,0,-688068
065113,南電國票01購02  ,0,0,0,0,0,0,0,0,0,-693000,0,0,0,0,693000,-693000,-693000
058210,臺股指凱基9C購04,0,0,0,0,0,0,0,0,0,-694000,0,0,0,165000,859000,-694000,-694000
062844,T50反1國泰9C購01,0,0,0,0,0,0,0,0,0,-701000,0,0,0,142000,843000,-701000,-701000
062388,旭富國泰01購01  ,0,0,0,0,0,0,0,0,0,-702000,0,0,0,95000,797000,-702000,-702000
064221,華通國票01購01  ,0,0,0,0,0,0,0,0,0,-708000,0,0,0,0,708000,-708000,-708000
07955P,大成鋼群益9B售02,0,0,0,0,0,0,0,0,0,-717000,0,0,0,0,717000,-717000,-717000
062297,億豐永豐9B購01  ,0,0,0,0,0,0,0,0,0,-717000,0,0,0,25000,742000,-717000,-717000
2474,可成            ,1465508,2175907,-710399,0,0,0,145000,0,145000,-152000,1000,64000,-63000,1000,90000,-89000,-717399
8112,至上            ,198000,892000,-694000,0,0,0,0,0,0,-29000,0,29000,-29000,0,0,0,-723000
8926,台汽電          ,216000,254000,-38000,0,0,0,0,589000,-589000,-99000,0,124000,-124000,28000,3000,25000,-726000
08290P,高鐵統一01售01  ,0,0,0,0,0,0,0,0,0,-730000,0,0,0,3000,733000,-730000,-730000
3532,台勝科          ,156000,255000,-99000,0,0,0,0,551000,-551000,-92000,0,41000,-41000,2000,53000,-51000,-742000
064318,彩晶群益9C購01  ,0,0,0,0,0,0,0,0,0,-750000,0,0,0,0,750000,-750000,-750000
060807,新光金群益9A購01,0,0,0,0,0,0,0,0,0,-769000,0,0,0,31000,800000,-769000,-769000
059326,康友元大99購01  ,0,0,0,0,0,0,0,0,0,-769000,0,0,0,210000,979000,-769000,-769000
063971,健鼎國票01購01  ,0,0,0,0,0,0,0,0,0,-771000,0,0,0,76000,847000,-771000,-771000
064159,新日興統一01購02,0,0,0,0,0,0,0,0,0,-777000,0,0,0,409000,1186000,-777000,-777000
3515,華擎            ,128000,343286,-215286,0,0,0,0,542000,-542000,-22000,13000,25000,-12000,28000,38000,-10000,-779286
2855,統一證          ,350000,519000,-169000,0,0,0,0,612000,-612000,0,0,0,0,0,0,0,-781000
07505P,台勝科元大9A售01,21000,0,21000,0,0,0,0,0,0,-806000,0,0,0,67000,873000,-806000,-785000
3038,全台            ,168000,817000,-649000,0,0,0,0,301000,-301000,150000,180000,30000,150000,0,0,0,-800000
1515,力山            ,371000,1097000,-726000,0,0,0,0,20000,-20000,-69000,6000,0,6000,12000,87000,-75000,-815000
063320,旭富群益9B購03  ,0,0,0,0,0,0,0,0,0,-835000,0,0,0,100000,935000,-835000,-835000
055809,T50反1國票98購02,0,0,0,0,0,0,0,0,0,-837000,0,0,0,12000,849000,-837000,-837000
060857,旭富富邦9B購01  ,0,0,0,0,0,0,0,0,0,-840000,0,0,0,50000,890000,-840000,-840000
062591,新日興統一9C購01,0,0,0,0,0,0,0,0,0,-849000,0,0,0,312000,1161000,-849000,-849000
1802,台玻            ,578000,1193000,-615000,0,0,0,0,0,0,-238000,0,238000,-238000,0,0,0,-853000
00664R,國泰臺灣加權反1 ,0,0,0,0,0,0,0,0,0,-865000,0,0,0,458000,1323000,-865000,-865000
062486,瑞昱富邦9B購01  ,0,0,0,0,0,0,0,0,0,-866000,0,0,0,583000,1449000,-866000,-866000
06619P,聯發科元大98售06,0,0,0,0,0,0,0,0,0,-872000,0,0,0,45000,917000,-872000,-872000
061355,康友元大9A購03  ,0,0,0,0,0,0,0,0,0,-877000,0,0,0,55000,932000,-877000,-877000
064861,緯創富邦9C購01  ,0,0,0,0,0,0,0,0,0,-881000,0,0,0,420000,1301000,-881000,-881000
3036,文曄            ,122000,195000,-73000,0,0,0,0,615000,-615000,-210000,8000,311000,-303000,100000,7000,93000,-898000
060195,旭富元富9A購02  ,0,0,0,0,0,0,0,0,0,-911000,0,0,0,43000,954000,-911000,-911000
2890,永豐金          ,11228558,11282090,-53532,0,0,0,0,108000,-108000,-753000,22000,757000,-735000,0,18000,-18000,-914532
6213,聯茂            ,577000,1404844,-827844,0,0,0,176000,90000,86000,-173000,224000,173000,51000,10000,234000,-224000,-914844
00676R,富邦臺灣加權反1 ,0,0,0,0,0,0,0,0,0,-921000,0,0,0,915000,1836000,-921000,-921000
058656,燿華中信99購01  ,0,0,0,0,0,0,0,0,0,-924000,0,0,0,327000,1251000,-924000,-924000
064660,華通元大9C購05  ,0,0,0,0,0,0,0,0,0,-940000,0,0,0,15000,955000,-940000,-940000
062542,南電國泰9C購01  ,0,0,0,0,0,0,0,0,0,-944000,0,0,0,101000,1045000,-944000,-944000
5522,遠雄            ,146000,474000,-328000,0,0,0,0,450000,-450000,-177000,0,177000,-177000,0,0,0,-955000
05644P,大立光中信9A售03,0,0,0,0,0,0,0,0,0,-958000,0,0,0,175000,1133000,-958000,-958000
2421,建準            ,762000,1750000,-988000,0,0,0,0,0,0,10000,0,27000,-27000,81000,44000,37000,-978000
064838,旭富統一01購01  ,0,0,0,0,0,0,0,0,0,-981000,0,0,0,74000,1055000,-981000,-981000
062287,康友群益9B購02  ,0,0,0,0,0,0,0,0,0,-993000,0,0,0,23000,1016000,-993000,-993000
057578,可成中信99購01  ,0,0,0,0,0,0,0,0,0,-996000,0,0,0,10000,1006000,-996000,-996000
063431,神隆元富9B購01  ,0,0,0,0,0,0,0,0,0,-997000,0,0,0,410000,1407000,-997000,-997000
062292,旭富永豐9B購01  ,0,0,0,0,0,0,0,0,0,-999000,0,0,0,2000,1001000,-999000,-999000
5880,合庫金          ,4149707,4358194,-208487,0,0,0,0,0,0,-792000,24000,816000,-792000,0,0,0,-1000487
061844,T50反1國票9C購02,0,0,0,0,0,0,0,0,0,-1001000,0,0,0,195000,1196000,-1001000,-1001000
3034,聯詠            ,2057941,3283866,-1225925,0,0,0,109000,95000,14000,202000,286000,57000,229000,5000,32000,-27000,-1009925
064839,旭富統一9C購01  ,0,0,0,0,0,0,0,0,0,-1026000,0,0,0,54000,1080000,-1026000,-1026000
056605,台積電富邦9B購02,0,0,0,0,0,0,0,0,0,-1028000,0,0,0,148000,1176000,-1028000,-1028000
063876,華新元富9C購01  ,0,0,0,0,0,0,0,0,0,-1052000,0,0,0,706000,1758000,-1052000,-1052000
2352,佳世達          ,524000,237000,287000,0,0,0,1000,1130000,-1129000,-253000,51000,285000,-234000,0,19000,-19000,-1095000
2027,大成鋼          ,488000,1248000,-760000,0,0,0,0,0,0,-337000,0,201000,-201000,25000,161000,-136000,-1097000
064819,華新統一01購02  ,0,0,0,0,0,0,0,0,0,-1099000,0,0,0,176000,1275000,-1099000,-1099000
064343,健鼎元大9C購01  ,0,0,0,0,0,0,0,0,0,-1100000,0,0,0,6000,1106000,-1100000,-1100000
1101,台泥            ,5511341,6178535,-667194,0,0,0,329000,656000,-327000,-139000,367000,436000,-69000,55000,125000,-70000,-1133194
4938,和碩            ,3216605,3706937,-490332,0,0,0,176000,452000,-276000,-374000,79000,331000,-252000,1000,123000,-122000,-1140332
06852P,臺股指元大98售11,0,0,0,0,0,0,0,0,0,-1151000,0,0,0,110000,1261000,-1151000,-1151000
054819,裕民元大9A購01  ,0,0,0,0,0,0,0,0,0,-1152000,0,0,0,85000,1237000,-1152000,-1152000
3702,大聯大          ,829418,904580,-75162,0,0,0,1000,896000,-895000,-202000,66000,147000,-81000,0,121000,-121000,-1172162
2357,華碩            ,1462997,2976270,-1513273,0,0,0,412000,7000,405000,-68000,0,54000,-54000,0,14000,-14000,-1176273
3406,玉晶光          ,584653,1744913,-1160260,0,0,0,78000,0,78000,-100000,155000,96000,59000,113000,272000,-159000,-1182260
2383,台光電          ,900000,2466500,-1566500,0,0,0,888000,0,888000,-511000,69000,449000,-380000,28000,159000,-131000,-1189500
1314,中石化          ,1835000,2908000,-1073000,0,0,0,0,0,0,-117000,1000,15000,-14000,0,103000,-103000,-1190000
1308,亞聚            ,111000,870000,-759000,0,0,0,0,0,0,-433000,0,433000,-433000,0,0,0,-1192000
064818,華新統一01購01  ,0,0,0,0,0,0,0,0,0,-1198000,0,0,0,106000,1304000,-1198000,-1198000
064358,台達電統一01購02,0,0,0,0,0,0,0,0,0,-1223000,0,0,0,162000,1385000,-1223000,-1223000
064094,達新群益9C購01  ,0,0,0,0,0,0,0,0,0,-1240000,0,0,0,280000,1520000,-1240000,-1240000
1309,台達化          ,259000,1505620,-1246620,0,0,0,0,0,0,0,0,0,0,0,0,0,-1246620
064152,義隆統一02購02  ,0,0,0,0,0,0,0,0,0,-1257000,0,0,0,426000,1683000,-1257000,-1257000
00631L,元大台灣50正2   ,673000,524000,149000,0,0,0,0,0,0,-1424000,503000,0,503000,745000,2672000,-1927000,-1275000
00634R,富邦上証反1     ,2000,195000,-193000,0,0,0,0,0,0,-1085157,0,0,0,13000,1098157,-1085157,-1278157
060686,康友元大9A購02  ,0,0,0,0,0,0,0,0,0,-1282000,0,0,0,35000,1317000,-1282000,-1282000
051369,新光金富邦9A購01,0,0,0,0,0,0,0,0,0,-1290000,0,0,0,0,1290000,-1290000,-1290000
1609,大亞            ,831000,1494000,-663000,0,0,0,0,0,0,-628000,0,628000,-628000,0,0,0,-1291000
059093,旭富元大99購01  ,0,0,0,0,0,0,0,0,0,-1304000,0,0,0,316000,1620000,-1304000,-1304000
3016,嘉晶            ,279000,1582000,-1303000,0,0,0,0,0,0,-6000,26000,1000,25000,27000,58000,-31000,-1309000
2340,光磊            ,1041000,2352000,-1311000,0,0,0,0,0,0,-19000,2000,34000,-32000,16000,3000,13000,-1330000
1409,新纖            ,2024000,2440000,-416000,0,0,0,0,719000,-719000,-214000,0,214000,-214000,0,0,0,-1349000
4968,立積            ,188000,1567000,-1379000,0,0,0,197000,0,197000,-174000,21000,23000,-2000,5000,177000,-172000,-1356000
6456,GIS-KY          ,1961000,610000,1351000,0,0,0,0,2663000,-2663000,-46000,20000,53000,-33000,27000,40000,-13000,-1358000
060937,T50反1國票9A購10,0,0,0,0,0,0,0,0,0,-1370000,0,0,0,30000,1400000,-1370000,-1370000
00712,FH富時不動產    ,56000,45000,11000,0,0,0,0,0,0,-1408000,0,0,0,63000,1471000,-1408000,-1397000
2404,漢唐            ,2171000,2562000,-391000,0,0,0,0,0,0,-1061000,7000,309000,-302000,3000,762000,-759000,-1452000
062797,瑞昱統一9B購01  ,1000,0,1000,0,0,0,0,0,0,-1457000,0,0,0,355000,1812000,-1457000,-1456000
3059,華晶科          ,1150000,2605000,-1455000,0,0,0,0,0,0,-6000,39000,45000,-6000,0,0,0,-1461000
054472,道瓊反中信9A購01,0,0,0,0,0,0,0,0,0,-1462000,0,0,0,450000,1912000,-1462000,-1462000
056584,鴻海統一9B購01  ,0,0,0,0,0,0,0,0,0,-1522000,0,0,0,466000,1988000,-1522000,-1522000
059395,T50反1元富99購03,0,0,0,0,0,0,0,0,0,-1533000,0,0,0,54000,1587000,-1533000,-1533000
064531,旭富兆豐9C購01  ,0,0,0,0,0,0,0,0,0,-1548000,0,0,0,333000,1881000,-1548000,-1548000
058807,和大統一9B購01  ,0,0,0,0,0,0,0,0,0,-1565000,0,0,0,1213000,2778000,-1565000,-1565000
6153,嘉聯益          ,2890000,4526000,-1636000,0,0,0,0,0,0,64000,74000,156000,-82000,411000,265000,146000,-1572000
1326,台化            ,2212107,3475429,-1263322,0,0,0,0,224000,-224000,-261000,220000,443000,-223000,0,38000,-38000,-1748322
07597P,臺股指中信01售02,0,0,0,0,0,0,0,0,0,-1749000,0,0,0,970000,2719000,-1749000,-1749000
054546,玉晶光中信9B購01,0,0,0,0,0,0,0,0,0,-1759000,0,0,0,2992000,4751000,-1759000,-1759000
4927,泰鼎-KY         ,469000,1900000,-1431000,0,0,0,0,0,0,-385000,145000,20000,125000,18000,528000,-510000,-1816000
2520,冠德            ,1246000,2950000,-1704000,0,0,0,0,0,0,-181000,218000,204000,14000,26000,221000,-195000,-1885000
3450,聯鈞            ,779000,2378000,-1599000,0,0,0,0,0,0,-324000,0,97000,-97000,45000,272000,-227000,-1923000
2317,鴻海            ,7523062,8054983,-531921,0,0,0,68000,248000,-180000,-1256000,13000,884000,-871000,511000,896000,-385000,-1967921
2886,兆豐金          ,6639723,6280687,359036,0,0,0,890000,2475000,-1585000,-958000,0,951000,-951000,112000,119000,-7000,-2183964
9904,寶成            ,2485898,3759215,-1273317,0,0,0,0,805000,-805000,-222000,201000,304000,-103000,0,119000,-119000,-2300317
3481,群創            ,20896249,20831420,64829,0,0,0,5000,0,5000,-2398000,123000,1691000,-1568000,20000,850000,-830000,-2328171
06662P,玉晶光中信9A售01,0,0,0,0,0,0,0,0,0,-2435000,0,0,0,428000,2863000,-2435000,-2435000
2376,技嘉            ,1107000,2751000,-1644000,0,0,0,25000,673000,-648000,-189000,133000,107000,26000,207000,422000,-215000,-2481000
2841,台開            ,751000,3237000,-2486000,0,0,0,0,0,0,0,0,0,0,0,0,0,-2486000
2834,臺企銀          ,3980752,5484016,-1503264,0,0,0,0,0,0,-1006000,20000,734000,-714000,8000,300000,-292000,-2509264
1301,台塑            ,4096889,6345139,-2248250,0,0,0,500000,453000,47000,-335000,72000,402000,-330000,8000,13000,-5000,-2536250
2883,開發金          ,7012649,10448440,-3435791,0,0,0,1635000,0,1635000,-927000,138000,943000,-805000,0,122000,-122000,-2727791
3706,神達            ,346000,1580000,-1234000,0,0,0,1000,1080000,-1079000,-476000,0,396000,-396000,20000,100000,-80000,-2789000
1102,亞泥            ,4859549,6932633,-2073084,0,0,0,321000,968000,-647000,-161000,164000,328000,-164000,109000,106000,3000,-2881084
2823,中壽            ,4283141,6383754,-2100613,0,0,0,0,0,0,-785000,2000,458000,-456000,92000,421000,-329000,-2885613
056664,上証反中信9B購01,0,0,0,0,0,0,0,0,0,-2893000,0,0,0,0,2893000,-2893000,-2893000
2618,長榮航          ,4137225,6954532,-2817307,0,0,0,0,0,0,-106000,631000,546000,85000,0,191000,-191000,-2923307
064969,達新元大9C購01  ,0,0,0,0,0,0,0,0,0,-2941000,0,0,0,0,2941000,-2941000,-2941000
00669R,國泰美國道瓊反1 ,100000,11000,89000,0,0,0,0,0,0,-3148000,0,0,0,4071000,7219000,-3148000,-3059000
2610,華航            ,5277063,5710450,-433387,0,0,0,0,2679000,-2679000,31000,0,3000,-3000,70000,36000,34000,-3081387
2892,第一金          ,7286240,5868325,1417915,0,0,0,0,4176000,-4176000,-382000,404000,788000,-384000,4000,2000,2000,-3140085
2891,中信金          ,18084349,19896834,-1812485,0,0,0,694000,1013000,-319000,-1105000,120000,1230000,-1110000,42000,37000,5000,-3236485
2633,台灣高鐵        ,3591042,6119069,-2528027,0,0,0,0,505000,-505000,-331000,10000,241000,-231000,1000,101000,-100000,-3364027
00850,元大臺灣ESG永續 ,7000,0,7000,0,0,0,0,0,0,-3958000,0,0,0,546000,4504000,-3958000,-3951000
00671R,富邦NASDAQ反1   ,0,0,0,0,0,0,0,0,0,-4731000,0,0,0,365000,5096000,-4731000,-4731000
2409,友達            ,8727062,10160007,-1432945,0,0,0,6000,796000,-790000,-2962000,152000,2487000,-2335000,91000,718000,-627000,-5184945
2408,南亞科          ,1916813,5472282,-3555469,0,0,0,0,1199000,-1199000,-612000,114000,373000,-259000,15000,368000,-353000,-5366469
1909,榮成            ,2330000,10387000,-8057000,0,0,0,1596000,0,1596000,899000,1100000,161000,939000,0,40000,-40000,-5562000
00637L,元大滬深300正2  ,983000,9148000,-8165000,0,0,0,0,0,0,2021000,0,0,0,14098000,12077000,2021000,-6144000
00653L,富邦印度正2     ,1790000,1404000,386000,0,0,0,0,0,0,-6551800,0,0,0,4501200,11053000,-6551800,-6165800
2344,華邦電          ,3740529,10980623,-7240094,0,0,0,1000,0,1000,-2599000,0,1371000,-1371000,297000,1525000,-1228000,-9838094
2884,玉山金          ,9282452,18802158,-9519706,0,0,0,0,0,0,-701000,0,738000,-738000,80000,43000,37000,-10220706
2368,金像電          ,6089000,15720000,-9631000,0,0,0,0,1700000,-1700000,375000,1055000,514000,541000,180000,346000,-166000,-10956000
00632R,元大台灣50反1   ,34102000,7858000,26244000,0,0,0,0,0,0,-37205000,951000,233000,718000,7347000,45270000,-37923000,-10961000
2303,聯電            ,19632775,51155385,-31522610,0,0,0,7000,16000,-9000,-2442001,857000,1003001,-146001,193000,2489000,-2296000,-33973611
