證券代號,證券名稱,外陸資買進股數(不含外資自營商),外陸資賣出股數(不含外資自營商),外陸資買賣超股數(不含外資自營商),外資自營商買進股數,外資自營商賣出股數,外資自營商買賣超股數,投信買進股數,投信賣出股數,投信買賣超股數,自營商買賣超股數,自營商買進股數(自行買賣),自營商賣出股數(自行買賣),自營商買賣超股數(自行買賣),自營商買進股數(避險),自營商賣出股數(避險),自營商買賣超股數(避險),三大法人買賣超股數
00637L,元大滬深300正2  ,24603000,1216000,23387000,0,0,0,0,0,0,17803000,20000,0,20000,27543000,9760000,17783000,41190000
2409,友達            ,58553930,59685982,-1132052,0,0,0,14184000,5000,14179000,2844000,2694000,1981000,713000,3946000,1815000,2131000,15890948
0056,元大高股息      ,623200,123000,500200,0,0,0,0,0,0,8888000,0,726000,-726000,10080000,466000,9614000,9388200
2308,台達電          ,12326652,5821585,6505067,0,0,0,866000,213000,653000,698000,831000,177000,654000,72000,28000,44000,7856067
3231,緯創            ,22638532,21266905,1371627,0,0,0,6783000,48000,6735000,-276000,275000,51000,224000,297000,797000,-500000,7830627
00653L,富邦印度正2     ,3995000,658000,3337000,0,0,0,0,0,0,4328750,0,0,0,8252000,3923250,4328750,7665750
2511,太子            ,5599000,314000,5285000,0,0,0,0,0,0,-146000,0,146000,-146000,0,0,0,5139000
2363,矽統            ,6184000,1063000,5121000,0,0,0,0,0,0,-6000,0,6000,-6000,0,0,0,5115000
4927,泰鼎-KY         ,4002000,568000,3434000,0,0,0,788000,0,788000,867000,475000,40000,435000,507000,75000,432000,5089000
1434,福懋            ,4268600,10691324,-6422724,0,0,0,11085000,3000,11082000,10000,190000,180000,10000,0,0,0,4669276
2809,京城銀          ,3152159,7816000,-4663841,0,0,0,9123000,1000,9122000,11000,356000,345000,11000,0,0,0,4469159
2449,京元電子        ,6671192,5597000,1074192,0,0,0,2981000,1000,2980000,-9000,141000,0,141000,105000,255000,-150000,4045192
00633L,富邦上証正2     ,1994000,473000,1521000,0,0,0,0,0,0,1877000,0,0,0,2745000,868000,1877000,3398000
00861,元大全球未來通訊,14000,21400,-7400,0,0,0,0,0,0,3293000,0,0,0,3326000,33000,3293000,3285600
1409,新纖            ,4718000,1486000,3232000,0,0,0,0,0,0,0,0,0,0,0,0,0,3232000
2454,聯發科          ,8708489,6964773,1743716,0,0,0,764000,104000,660000,744000,603000,91000,512000,590000,358000,232000,3147716
064969,達新元大9C購01  ,0,0,0,0,0,0,0,0,0,2820000,0,0,0,2835000,15000,2820000,2820000
020012,富邦行動通訊N   ,0,0,0,0,0,0,0,0,0,2745000,0,0,0,2748000,3000,2745000,2745000
3034,聯詠            ,6844366,5206632,1637734,0,0,0,864000,47000,817000,141000,83000,95000,-12000,214000,61000,153000,2595734
6116,彩晶            ,6310000,4104000,2206000,0,0,0,0,0,0,344765,26000,0,26000,1280000,961235,318765,2550765
2345,智邦            ,4868282,2775010,2093272,0,0,0,49000,46000,3000,327000,221000,167000,54000,297000,24000,273000,2423272
3673,TPK-KY          ,2779434,273000,2506434,0,0,0,0,157000,-157000,-68000,0,23000,-23000,53000,98000,-45000,2281434
6153,嘉聯益          ,5594000,3617000,1977000,0,0,0,116000,0,116000,179000,118000,68000,50000,983000,854000,129000,2272000
2337,旺宏            ,13178000,11107078,2070922,0,0,0,1000,47000,-46000,162000,40000,200000,-160000,379000,57000,322000,2186922
2102,泰豐            ,2541000,431000,2110000,0,0,0,0,0,0,23000,35000,12000,23000,0,0,0,2133000
1103,嘉泥            ,2950000,877000,2073000,0,0,0,0,0,0,-32000,0,32000,-32000,0,0,0,2041000
3189,景碩            ,5220000,5069000,151000,0,0,0,1995000,0,1995000,-126000,366000,240000,126000,315000,567000,-252000,2020000
054546,玉晶光中信9B購01,0,0,0,0,0,0,0,0,0,2011000,0,0,0,5821000,3810000,2011000,2011000
064094,達新群益9C購01  ,0,0,0,0,0,0,0,0,0,1976000,0,0,0,2039000,63000,1976000,1976000
2458,義隆            ,2300995,3057169,-756174,0,0,0,2840000,1000,2839000,-152000,189000,244000,-55000,77000,174000,-97000,1930826
8046,南電            ,3420000,1195000,2225000,0,0,0,75000,389000,-314000,12000,290000,90000,200000,5000,193000,-188000,1923000
4133,亞諾法          ,3907000,1996000,1911000,0,0,0,0,0,0,-2000,0,2000,-2000,0,0,0,1909000
051732,華通國票97購01  ,0,0,0,0,0,0,0,0,0,1901000,0,0,0,1901000,0,1901000,1901000
058153,景碩統一9B購01  ,0,0,0,0,0,0,0,0,0,1836000,0,0,0,2368000,532000,1836000,1836000
2515,中工            ,2500000,709000,1791000,0,0,0,0,0,0,36000,28000,0,28000,8000,0,8000,1827000
5471,松翰            ,2883000,1169000,1714000,0,0,0,0,0,0,110000,110000,0,110000,0,0,0,1824000
2882,國泰金          ,15097398,13754952,1342446,0,0,0,20000,111000,-91000,445000,500000,0,500000,4000,59000,-55000,1696446
2889,國票金          ,2599262,601000,1998262,0,0,0,0,2000,-2000,-323000,0,323000,-323000,0,0,0,1673262
2369,菱生            ,1903000,295000,1608000,0,0,0,0,0,0,0,0,0,0,0,0,0,1608000
057578,可成中信99購01  ,0,0,0,0,0,0,0,0,0,1593000,0,0,0,1645000,52000,1593000,1593000
3545,敦泰            ,2536000,950000,1586000,0,0,0,0,0,0,0,0,0,0,0,0,0,1586000
047564,滬深2X國票99購01,0,0,0,0,0,0,0,0,0,1533000,0,0,0,1698000,165000,1533000,1533000
00655L,國泰中國A50正2  ,32000,13000,19000,0,0,0,0,0,0,1496050,26000,0,26000,2311050,841000,1470050,1515050
058734,康友永豐99購01  ,0,0,0,0,0,0,0,0,0,1496000,0,0,0,1516000,20000,1496000,1496000
4906,正文            ,5875000,4568000,1307000,0,0,0,0,0,0,81000,0,4000,-4000,85000,0,85000,1388000
060046,S&P反1凱基99購02,0,0,0,0,0,0,0,0,0,1273000,0,0,0,1281000,8000,1273000,1273000
063583,GIS國泰01購01   ,0,0,0,0,0,0,0,0,0,1271000,0,0,0,1388000,117000,1271000,1271000
064450,致茂統一01購01  ,0,0,0,0,0,0,0,0,0,1254000,0,0,0,1349000,95000,1254000,1254000
2327,國巨            ,5077122,3966572,1110550,0,0,0,452000,722000,-270000,404000,370000,154000,216000,261000,73000,188000,1244550
064152,義隆統一02購02  ,0,0,0,0,0,0,0,0,0,1238000,0,0,0,2417000,1179000,1238000,1238000
2347,聯強            ,8265666,5753553,2512113,0,0,0,1000,1209000,-1208000,-68000,169000,2000,167000,0,235000,-235000,1236113
051277,聯發科中信9A購01,0,0,0,0,0,0,0,0,0,1227000,0,0,0,1335000,108000,1227000,1227000
2607,榮運            ,1535000,342000,1193000,0,0,0,0,0,0,0,0,0,0,0,0,0,1193000
00631L,元大台灣50正2   ,538000,535000,3000,0,0,0,0,0,0,1163000,75000,0,75000,2118000,1030000,1088000,1166000
8926,台汽電          ,1702000,489380,1212620,0,0,0,0,0,0,-51000,10000,92000,-82000,32000,1000,31000,1161620
064056,GIS統一01購02   ,0,0,0,0,0,0,0,0,0,1155000,0,0,0,1227000,72000,1155000,1155000
1447,力鵬            ,2880000,1749000,1131000,0,0,0,0,0,0,0,0,0,0,0,0,0,1131000
058209,臺股指凱基01購01,0,0,0,0,0,0,0,0,0,1115000,0,0,0,2105000,990000,1115000,1115000
6257,矽格            ,1410000,1066000,344000,0,0,0,500000,0,500000,265000,368000,150000,218000,103000,56000,47000,1109000
064779,義隆群益9C購03  ,0,0,0,0,0,0,0,0,0,1107000,0,0,0,1579000,472000,1107000,1107000
5876,上海商銀        ,7564294,6457243,1107051,0,0,0,0,31000,-31000,26000,37000,0,37000,6000,17000,-11000,1102051
058547,世紀鋼富邦9A購01,0,0,0,0,0,0,0,0,0,1087000,0,0,0,1140000,53000,1087000,1087000
6412,群電            ,1332000,250000,1082000,0,0,0,0,0,0,4000,4000,3000,1000,3000,0,3000,1086000
06503P,臺股指中信9A售02,0,0,0,0,0,0,0,0,0,1072000,0,0,0,1545000,473000,1072000,1072000
063454,瑞儀統一9B購01  ,0,0,0,0,0,0,0,0,0,1030000,0,0,0,1418000,388000,1030000,1030000
064861,緯創富邦9C購01  ,0,0,0,0,0,0,0,0,0,1026000,0,0,0,1136000,110000,1026000,1026000
064051,新日興統一01購01,0,0,0,0,0,0,0,0,0,1025000,0,0,0,1072000,47000,1025000,1025000
060157,致茂永豐9A購02  ,0,0,0,0,0,0,0,0,0,1023000,0,0,0,1076000,53000,1023000,1023000
062219,燿華統一9B購01  ,0,0,0,0,0,0,0,0,0,1020000,0,0,0,1168000,148000,1020000,1020000
052911,友達統一97購02  ,0,0,0,0,0,0,0,0,0,995000,0,0,0,995000,0,995000,995000
07123P,鴻海元大99售23  ,0,0,0,0,0,0,0,0,0,990000,0,0,0,1000000,10000,990000,990000
063674,力山國泰01購02  ,0,0,0,0,0,0,0,0,0,989000,0,0,0,1003000,14000,989000,989000
054819,裕民元大9A購01  ,0,0,0,0,0,0,0,0,0,982000,0,0,0,1228000,246000,982000,982000
064157,健鼎統一01購02  ,0,0,0,0,0,0,0,0,0,965000,0,0,0,1566000,601000,965000,965000
062416,和大統一01購02  ,0,0,0,0,0,0,0,0,0,960000,0,0,0,1045000,85000,960000,960000
063774,GIS富邦9B購02   ,0,0,0,0,0,0,0,0,0,958000,0,0,0,964000,6000,958000,958000
064856,GIS國泰02購01   ,0,0,0,0,0,0,0,0,0,952000,0,0,0,965000,13000,952000,952000
5469,瀚宇博          ,1440000,370000,1070000,0,0,0,0,0,0,-132000,0,315000,-315000,238000,55000,183000,938000
08213P,台光電統一9B售03,0,0,0,0,0,0,0,0,0,916000,0,0,0,1115000,199000,916000,916000
055348,旺宏凱基97購01  ,0,0,0,0,0,0,0,0,0,890000,0,0,0,890000,0,890000,890000
2392,正崴            ,1042000,626000,416000,0,0,0,150000,0,150000,317000,22000,0,22000,345000,50000,295000,883000
057347,國巨統一9A購03  ,0,0,0,0,0,0,0,0,0,883000,0,0,0,1069000,186000,883000,883000
06852P,臺股指元大98售11,0,0,0,0,0,0,0,0,0,875000,0,0,0,878000,3000,875000,875000
8081,致新            ,720000,253000,467000,0,0,0,298000,0,298000,95000,32000,1000,31000,72000,8000,64000,860000
05722P,玉晶光國票97售03,0,0,0,0,0,0,0,0,0,852000,0,0,0,1012000,160000,852000,852000
060225,S&P反1元大9A購02,0,0,0,0,0,0,0,0,0,852000,0,0,0,852000,0,852000,852000
063816,TPK群益9C購01   ,0,0,0,0,0,0,0,0,0,847000,0,0,0,885000,38000,847000,847000
055979,聯鈞統一97購03  ,0,0,0,0,0,0,0,0,0,846000,0,0,0,998000,152000,846000,846000
1598,岱宇            ,1146000,309000,837000,0,0,0,0,0,0,-1000,65000,66000,-1000,0,0,0,836000
064053,祥碩統一02購01  ,0,0,0,0,0,0,0,0,0,836000,0,0,0,1116000,280000,836000,836000
08084P,台表科元大9B售06,0,0,0,0,0,0,0,0,0,825000,0,0,0,897000,72000,825000,825000
00752,中信中國50      ,19000,19000,0,0,0,0,0,0,0,821000,0,0,0,1227000,406000,821000,821000
056288,健鼎永豐97購01  ,0,0,0,0,0,0,0,0,0,813000,0,0,0,963000,150000,813000,813000
6166,凌華            ,972427,172000,800427,0,0,0,0,0,0,7000,0,10000,-10000,17000,0,17000,807427
060807,新光金群益9A購01,0,0,0,0,0,0,0,0,0,801000,0,0,0,801000,0,801000,801000
064883,GIS兆豐01購01   ,0,0,0,0,0,0,0,0,0,800000,0,0,0,806000,6000,800000,800000
052722,群創統一97購02  ,0,0,0,0,0,0,0,0,0,799000,0,0,0,799000,0,799000,799000
057817,景碩元大98購01  ,0,0,0,0,0,0,0,0,0,799000,0,0,0,873000,74000,799000,799000
062337,台表科統一01購01,0,0,0,0,0,0,0,0,0,796000,0,0,0,931000,135000,796000,796000
061306,瑞祺永豐9A購02  ,0,0,0,0,0,0,0,0,0,792000,0,0,0,814000,22000,792000,792000
07162P,臺股指群益99售13,0,0,0,0,0,0,0,0,0,790000,0,0,0,1188000,398000,790000,790000
063672,GIS統一9C購01   ,0,0,0,0,0,0,0,0,0,788000,0,0,0,813000,25000,788000,788000
062286,台郡群益9B購01  ,0,0,0,0,0,0,0,0,0,787000,0,0,0,824000,37000,787000,787000
061517,瑞祺永豐9A購03  ,0,0,0,0,0,0,0,0,0,783000,0,0,0,895000,112000,783000,783000
3380,明泰            ,1859000,593000,1266000,0,0,0,0,273438,-273438,-214000,0,30000,-30000,20000,204000,-184000,778562
07089P,臺指2X中信01售01,0,0,0,0,0,0,0,0,0,774000,0,0,0,885000,111000,774000,774000
063342,台光電統一9B購02,0,0,0,0,0,0,0,0,0,774000,0,0,0,1027000,253000,774000,774000
061613,南六統一9C購01  ,0,0,0,0,0,0,0,0,0,769000,0,0,0,858000,89000,769000,769000
058972,新日興永豐9A購01,0,0,0,0,0,0,0,0,0,769000,0,0,0,789000,20000,769000,769000
064171,燿華元富9C購01  ,0,0,0,0,0,0,0,0,0,767000,0,0,0,951000,184000,767000,767000
07505P,台勝科元大9A售01,0,0,0,0,0,0,0,0,0,760000,0,0,0,760000,0,760000,760000
059685,T50正2永豐99購02,0,0,0,0,0,0,0,0,0,760000,0,0,0,760000,0,760000,760000
056571,燿華元大98購02  ,0,0,0,0,0,0,0,0,0,757000,0,0,0,895000,138000,757000,757000
2495,普安            ,828000,66000,762000,0,0,0,0,0,0,-6000,0,6000,-6000,0,0,0,756000
062980,康控元富9B購01  ,0,0,0,0,0,0,0,0,0,752000,0,0,0,1181000,429000,752000,752000
2338,光罩            ,784000,67000,717000,0,0,0,0,0,0,30000,6000,0,6000,40000,16000,24000,747000
3576,聯合再生        ,2297000,1552000,745000,0,0,0,0,0,0,0,0,0,0,0,0,0,745000
062591,新日興統一9C購01,0,0,0,0,0,0,0,0,0,732000,0,0,0,1036000,304000,732000,732000
064815,台表科元大01購01,0,0,0,0,0,0,0,0,0,725000,0,0,0,1279000,554000,725000,725000
064387,GIS富邦9C購01   ,0,0,0,0,0,0,0,0,0,725000,0,0,0,725000,0,725000,725000
063265,瑞祺永豐9B購01  ,0,0,0,0,0,0,0,0,0,724000,0,0,0,813000,89000,724000,724000
064248,億光元富9C購01  ,0,0,0,0,0,0,0,0,0,717000,0,0,0,1004000,287000,717000,717000
3712,永崴投控        ,1286000,593000,693000,0,0,0,0,0,0,0,0,0,0,0,0,0,693000
065152,燿華群益9C購02  ,0,0,0,0,0,0,0,0,0,680000,0,0,0,735000,55000,680000,680000
2836,高雄銀          ,1613000,912000,701000,0,0,0,0,0,0,-26000,0,26000,-26000,0,0,0,675000
07597P,臺股指中信01售02,0,0,0,0,0,0,0,0,0,672000,0,0,0,1945000,1273000,672000,672000
057396,健鼎中信99購01  ,0,0,0,0,0,0,0,0,0,670000,0,0,0,670000,0,670000,670000
1423,利華            ,834000,177000,657000,0,0,0,0,0,0,0,0,0,0,0,0,0,657000
048270,T50反1富邦99購01,0,0,0,0,0,0,0,0,0,655000,0,0,0,681000,26000,655000,655000
060416,神隆永豐9A購01  ,0,0,0,0,0,0,0,0,0,654000,0,0,0,970000,316000,654000,654000
061243,麗豐兆豐9A購01  ,0,0,0,0,0,0,0,0,0,648000,0,0,0,744000,96000,648000,648000
052328,台表科中信99購01,0,0,0,0,0,0,0,0,0,646000,0,0,0,1350000,704000,646000,646000
06982P,義隆凱基99售02  ,0,0,0,0,0,0,0,0,0,642000,0,0,0,652000,10000,642000,642000
06595P,祥碩元大98售03  ,0,0,0,0,0,0,0,0,0,641000,0,0,0,641000,0,641000,641000
060428,瑞祺永豐9A購01  ,0,0,0,0,0,0,0,0,0,634000,0,0,0,1016000,382000,634000,634000
6269,台郡            ,1606000,894157,711843,0,0,0,10000,99000,-89000,10000,133000,99000,34000,108000,132000,-24000,632843
061170,南茂兆豐9B購01  ,0,0,0,0,0,0,0,0,0,632000,0,0,0,632000,0,632000,632000
4536,拓凱            ,675000,204000,471000,0,0,0,161000,0,161000,0,0,0,0,0,0,0,632000
054588,玉晶光國泰99購02,0,0,0,0,0,0,0,0,0,629000,0,0,0,635000,6000,629000,629000
053276,友達元大9C購01  ,0,0,0,0,0,0,0,0,0,622000,0,0,0,743000,121000,622000,622000
0050,元大台灣50      ,15055,247000,-231945,0,0,0,0,30000,-30000,878000,13000,0,13000,1128000,263000,865000,616055
060708,康友富邦9B購01  ,0,0,0,0,0,0,0,0,0,616000,0,0,0,751000,135000,616000,616000
063979,健鼎兆豐9C購01  ,0,0,0,0,0,0,0,0,0,612000,0,0,0,664000,52000,612000,612000
057475,聯電元大9A購01  ,0,0,0,0,0,0,0,0,0,608000,0,0,0,608000,0,608000,608000
062395,台表科富邦9C購01,0,0,0,0,0,0,0,0,0,607000,0,0,0,871000,264000,607000,607000
00639,富邦深100       ,1405000,3000,1402000,0,0,0,0,0,0,-797499,0,0,0,836501,1634000,-797499,604501
062220,台光電統一01購01,0,25000,-25000,0,0,0,0,0,0,626000,0,0,0,646000,20000,626000,601000
059880,世紀鋼凱基99購02,0,0,0,0,0,0,0,0,0,599000,0,0,0,599000,0,599000,599000
064554,儒鴻群益9C購01  ,0,0,0,0,0,0,0,0,0,592000,0,0,0,600000,8000,592000,592000
055063,玉晶光永豐99購01,0,0,0,0,0,0,0,0,0,586000,0,0,0,900000,314000,586000,586000
046793,聯發科元富99購01,0,0,0,0,0,0,0,0,0,586000,0,0,0,638000,52000,586000,586000
063671,GIS統一01購01   ,0,0,0,0,0,0,0,0,0,585000,0,0,0,651000,66000,585000,585000
063611,儒鴻群益9B購03  ,0,0,0,0,0,0,0,0,0,585000,0,0,0,600000,15000,585000,585000
2812,台中銀          ,1654000,1074550,579450,0,0,0,5000,1000,4000,0,0,0,0,0,0,0,583450
063348,祥碩統一01購04  ,0,0,0,0,0,0,0,0,0,580000,0,0,0,906000,326000,580000,580000
062647,南電國泰9C購02  ,0,0,0,0,0,0,0,0,0,570000,0,0,0,677000,107000,570000,570000
06705P,臻鼎元富98售03  ,0,0,0,0,0,0,0,0,0,566000,0,0,0,592000,26000,566000,566000
057149,京鼎國票99購02  ,0,0,0,0,0,0,0,0,0,566000,0,0,0,566000,0,566000,566000
9914,美利達          ,765000,265329,499671,0,0,0,98000,0,98000,-32000,2000,33000,-31000,0,1000,-1000,565671
063327,燿華國票9C購02  ,0,0,0,0,0,0,0,0,0,562000,0,0,0,636000,74000,562000,562000
064151,義隆統一01購01  ,0,0,0,0,0,0,0,0,0,557000,0,0,0,801000,244000,557000,557000
9911,櫻花            ,1100000,482000,618000,0,0,0,0,0,0,-63000,0,63000,-63000,0,0,0,555000
1905,華紙            ,1181000,621411,559589,0,0,0,0,0,0,-7000,0,7000,-7000,0,0,0,552589
062350,台表科群益9B購01,0,0,0,0,0,0,0,0,0,551000,0,0,0,623000,72000,551000,551000
06491P,台積電富邦99售02,0,0,0,0,0,0,0,0,0,545000,0,0,0,545000,0,545000,545000
063383,億豐永豐9B購02  ,0,0,0,0,0,0,0,0,0,544000,0,0,0,544000,0,544000,544000
064575,鈺齊群益9C購01  ,0,0,0,0,0,0,0,0,0,543000,0,0,0,544000,1000,543000,543000
2385,群光            ,2975576,3243907,-268331,0,0,0,1253000,351000,902000,-91000,46000,17000,29000,0,120000,-120000,542669
052941,康控兆豐97購01  ,0,0,0,0,0,0,0,0,0,542000,0,0,0,542000,0,542000,542000
061373,華通富邦9A購02  ,0,0,0,0,0,0,0,0,0,540000,0,0,0,578000,38000,540000,540000
07100P,華航元大99售01  ,0,0,0,0,0,0,0,0,0,539000,0,0,0,569000,30000,539000,539000
00739,元大MSCI A股    ,83000,0,83000,0,0,0,0,0,0,456000,0,0,0,683000,227000,456000,539000
07433P,臺股指國票9A售05,0,0,0,0,0,0,0,0,0,537000,0,0,0,537000,0,537000,537000
058050,台郡元大99購05  ,0,0,0,0,0,0,0,0,0,533000,0,0,0,595000,62000,533000,533000
055614,華新科國票97購02,0,0,0,0,0,0,0,0,0,530000,0,0,0,530000,0,530000,530000
062466,FBVIX凱基9B購01 ,0,0,0,0,0,0,0,0,0,529000,0,0,0,616000,87000,529000,529000
055457,聚陽永豐97購01  ,0,0,0,0,0,0,0,0,0,526000,0,0,0,527000,1000,526000,526000
2455,全新            ,757000,331000,426000,0,0,0,30000,0,30000,69000,98000,10000,88000,89000,108000,-19000,525000
056109,彩晶永豐98購01  ,0,0,0,0,0,0,0,0,0,524000,0,0,0,524000,0,524000,524000
1717,長興            ,2350000,2041000,309000,0,0,0,0,6000,-6000,220000,220000,0,220000,0,0,0,523000
061119,國巨永豐9A購03  ,0,0,0,0,0,0,0,0,0,523000,0,0,0,607000,84000,523000,523000
053025,燿華富邦98購02  ,0,0,0,0,0,0,0,0,0,520000,0,0,0,520000,0,520000,520000
063983,麗豐兆豐9C購01  ,0,0,0,0,0,0,0,0,0,519000,0,0,0,583000,64000,519000,519000
07035P,大立光元富99售04,0,0,0,0,0,0,0,0,0,514000,0,0,0,608000,94000,514000,514000
057595,健鼎兆豐98購01  ,0,0,0,0,0,0,0,0,0,514000,0,0,0,623000,109000,514000,514000
062025,台達電群益9B購01,0,0,0,0,0,0,0,0,0,507000,0,0,0,598000,91000,507000,507000
057527,億光元大98購01  ,0,0,0,0,0,0,0,0,0,502000,0,0,0,571000,69000,502000,502000
060276,S&P反1元大9A購03,0,0,0,0,0,0,0,0,0,502000,0,0,0,502000,0,502000,502000
051530,鴻海國票97購01  ,0,0,0,0,0,0,0,0,0,500000,0,0,0,500000,0,500000,500000
061844,T50反1國票9C購02,0,0,0,0,0,0,0,0,0,500000,0,0,0,795000,295000,500000,500000
064279,新光金元大01購01,0,0,0,0,0,0,0,0,0,500000,0,0,0,500000,0,500000,500000
06661P,玉晶光永豐98售05,0,0,0,0,0,0,0,0,0,499000,0,0,0,499000,0,499000,499000
053354,康控兆豐97購02  ,0,0,0,0,0,0,0,0,0,499000,0,0,0,499000,0,499000,499000
052296,TPK國票96購01   ,0,0,0,0,0,0,0,0,0,499000,0,0,0,499000,0,499000,499000
055699,康控國票97購04  ,0,0,0,0,0,0,0,0,0,499000,0,0,0,499000,0,499000,499000
054498,燿華永豐96購06  ,0,0,0,0,0,0,0,0,0,498000,0,0,0,498000,0,498000,498000
2547,日勝生          ,1309000,652440,656560,0,0,0,0,0,0,-162000,0,162000,-162000,0,0,0,494560
064161,世芯統一01購02  ,0,0,0,0,0,0,0,0,0,492000,0,0,0,497000,5000,492000,492000
060809,康友群益9A購01  ,0,0,0,0,0,0,0,0,0,491000,0,0,0,491000,0,491000,491000
07227P,聯發科元富99售05,0,0,0,0,0,0,0,0,0,490000,0,0,0,490000,0,490000,490000
07651P,道瓊指中信01售01,0,0,0,0,0,0,0,0,0,489000,0,0,0,509000,20000,489000,489000
3017,奇鋐            ,1496000,1340000,156000,0,0,0,122000,0,122000,211000,50000,0,50000,267000,106000,161000,489000
058143,瑞儀元大99購02  ,0,0,0,0,0,0,0,0,0,487000,0,0,0,487000,0,487000,487000
064343,健鼎元大9C購01  ,0,0,0,0,0,0,0,0,0,484000,0,0,0,684000,200000,484000,484000
063323,同欣電群益9B購03,0,0,0,0,0,0,0,0,0,479000,0,0,0,499000,20000,479000,479000
063366,台表科富邦9C購02,0,0,0,0,0,0,0,0,0,476000,0,0,0,628000,152000,476000,476000
06050P,玉晶光國票98售01,0,0,0,0,0,0,0,0,0,475000,0,0,0,597000,122000,475000,475000
063572,麗豐元大9B購01  ,0,0,0,0,0,0,0,0,0,475000,0,0,0,487000,12000,475000,475000
064150,全新統一01購03  ,0,0,0,0,0,0,0,0,0,475000,0,0,0,625000,150000,475000,475000
2905,三商            ,744000,271000,473000,0,0,0,0,0,0,0,0,0,0,0,0,0,473000
053768,S&P反1元大99購01,0,0,0,0,0,0,0,0,0,472000,0,0,0,472000,0,472000,472000
056392,玉晶光富邦9C購01,0,0,0,0,0,0,0,0,0,470000,0,0,0,668000,198000,470000,470000
056393,精元永豐98購01  ,0,0,0,0,0,0,0,0,0,470000,0,0,0,470000,0,470000,470000
3044,健鼎            ,1117000,5088642,-3971642,0,0,0,4557000,45000,4512000,-72000,111000,77000,34000,49000,155000,-106000,468358
064606,南電元富9C購03  ,0,0,0,0,0,0,0,0,0,467000,0,0,0,535000,68000,467000,467000
2609,陽明            ,936000,470000,466000,0,0,0,0,0,0,0,0,0,0,0,0,0,466000
08637P,台灣50中信96售03,0,0,0,0,0,0,0,0,0,465000,0,0,0,465000,0,465000,465000
059581,日月光元富99購02,0,0,0,0,0,0,0,0,0,465000,0,0,0,608000,143000,465000,465000
064423,義隆兆豐9C購02  ,0,0,0,0,0,0,0,0,0,465000,0,0,0,528000,63000,465000,465000
05644P,大立光中信9A售03,0,0,0,0,0,0,0,0,0,459000,0,0,0,532000,73000,459000,459000
064010,GIS凱基02購01   ,0,0,0,0,0,0,0,0,0,457000,0,0,0,483000,26000,457000,457000
063322,台郡群益9B購02  ,0,0,0,0,0,0,0,0,0,457000,0,0,0,570000,113000,457000,457000
07841P,臻鼎元大9A售04  ,0,0,0,0,0,0,0,0,0,455000,0,0,0,575000,120000,455000,455000
059311,元石油元大99購04,0,0,0,0,0,0,0,0,0,455000,0,0,0,455000,0,455000,455000
063226,康控群益9B購03  ,0,0,0,0,0,0,0,0,0,455000,0,0,0,545000,90000,455000,455000
063644,祥碩元大9B購10  ,0,0,0,0,0,0,0,0,0,454000,0,0,0,467000,13000,454000,454000
1201,味全            ,855000,402000,453000,0,0,0,0,0,0,0,0,0,0,0,0,0,453000
057203,麗豐元富98購02  ,0,0,0,0,0,0,0,0,0,451000,0,0,0,784000,333000,451000,451000
07322P,鴻海元大99售33  ,0,0,0,0,0,0,0,0,0,450000,0,0,0,450000,0,450000,450000
056917,國巨兆豐98購03  ,0,0,0,0,0,0,0,0,0,450000,0,0,0,450000,0,450000,450000
064233,燿華統一9C購02  ,0,0,0,0,0,0,0,0,0,449000,0,0,0,582000,133000,449000,449000
07864P,可成元大9B售01  ,0,0,0,0,0,0,0,0,0,448000,0,0,0,450000,2000,448000,448000
060649,國巨第一9A購01  ,0,0,0,0,0,0,0,0,0,445000,0,0,0,445000,0,445000,445000
061437,燿華凱基9A購01  ,0,0,0,0,0,0,0,0,0,445000,0,0,0,462000,17000,445000,445000
063491,國巨富邦02購02  ,0,0,0,0,0,0,0,0,0,441000,0,0,0,571000,130000,441000,441000
054708,華通統一97購02  ,0,0,0,0,0,0,0,0,0,440000,0,0,0,440000,0,440000,440000
061394,FBVIX統一9B購01 ,0,0,0,0,0,0,0,0,0,440000,0,0,0,450000,10000,440000,440000
064111,國巨國票02購02  ,0,0,0,0,0,0,0,0,0,439000,0,0,0,462000,23000,439000,439000
060851,國巨國泰9C購01  ,0,0,0,0,0,0,0,0,0,438000,0,0,0,829000,391000,438000,438000
063268,GIS中信9B購01   ,0,0,0,0,0,0,0,0,0,438000,0,0,0,558000,120000,438000,438000
3605,宏致            ,785000,1046000,-261000,0,0,0,700000,0,700000,-2000,27000,29000,-2000,0,0,0,437000
059931,緯穎富邦9A購01  ,0,0,0,0,0,0,0,0,0,436000,0,0,0,527000,91000,436000,436000
062462,GIS群益9B購01   ,0,0,0,0,0,0,0,0,0,435000,0,0,0,443000,8000,435000,435000
064325,亞德客元大9C購01,0,0,0,0,0,0,0,0,0,431000,0,0,0,521000,90000,431000,431000
064163,康控統一01購01  ,0,0,0,0,0,0,0,0,0,429000,0,0,0,439000,10000,429000,429000
061050,康友中信9A購01  ,0,0,0,0,0,0,0,0,0,428000,0,0,0,428000,0,428000,428000
055312,台虹群益99購01  ,0,0,0,0,0,0,0,0,0,427000,0,0,0,601000,174000,427000,427000
056497,GIS國泰99購01   ,0,0,0,0,0,0,0,0,0,426000,0,0,0,426000,0,426000,426000
064292,南茂元大01購01  ,0,0,0,0,0,0,0,0,0,426000,0,0,0,443000,17000,426000,426000
062344,力山群益9B購02  ,0,0,0,0,0,0,0,0,0,426000,0,0,0,458000,32000,426000,426000
052080,康友元富98購02  ,0,0,0,0,0,0,0,0,0,425000,0,0,0,425000,0,425000,425000
058515,健鼎元大99購01  ,0,0,0,0,0,0,0,0,0,425000,0,0,0,586000,161000,425000,425000
063267,台表科中信01購02,0,0,0,0,0,0,0,0,0,425000,0,0,0,544000,119000,425000,425000
064229,台表科國票01購01,0,0,0,0,0,0,0,0,0,422000,0,0,0,440000,18000,422000,422000
054246,國巨元大96購12  ,0,0,0,0,0,0,0,0,0,420000,0,0,0,420000,0,420000,420000
08031P,臺股指元大9B售38,0,0,0,0,0,0,0,0,0,419000,0,0,0,449000,30000,419000,419000
056404,嘉聯益群益9A購01,0,0,0,0,0,0,0,0,0,416000,0,0,0,874000,458000,416000,416000
058240,景碩元大99購04  ,0,0,0,0,0,0,0,0,0,415000,0,0,0,476000,61000,415000,415000
063884,台表科元富03購01,0,0,0,0,0,0,0,0,0,414000,0,0,0,796000,382000,414000,414000
063510,台表科群益9C購01,0,0,0,0,0,0,0,0,0,412000,0,0,0,450000,38000,412000,412000
063145,台表科統一02購01,0,0,0,0,0,0,0,0,0,412000,0,0,0,739000,327000,412000,412000
064483,瑞儀永豐9C購01  ,0,0,0,0,0,0,0,0,0,411000,0,0,0,500000,89000,411000,411000
058646,聯茂富邦9A購01  ,0,0,0,0,0,0,0,0,0,410000,0,0,0,420000,10000,410000,410000
062230,緯穎統一01購01  ,0,0,0,0,0,0,0,0,0,408000,0,0,0,509000,101000,408000,408000
054567,拓凱群益98購01  ,0,0,0,0,0,0,0,0,0,405000,0,0,0,685000,280000,405000,405000
063270,喬山兆豐9C購01  ,0,0,0,0,0,0,0,0,0,403000,0,0,0,475000,72000,403000,403000
062297,億豐永豐9B購01  ,0,0,0,0,0,0,0,0,0,401000,0,0,0,401000,0,401000,401000
060670,臺指反元大01購03,0,0,0,0,0,0,0,0,0,400000,0,0,0,400000,0,400000,400000
063133,喬山統一01購01  ,0,0,0,0,0,0,0,0,0,399000,0,0,0,448000,49000,399000,399000
062822,力成兆豐9B購01  ,0,0,0,0,0,0,0,0,0,399000,0,0,0,399000,0,399000,399000
054542,台表科國票98購01,0,0,0,0,0,0,0,0,0,396000,0,0,0,478000,82000,396000,396000
054999,玉晶光元富97購03,0,0,0,0,0,0,0,0,0,395000,0,0,0,415000,20000,395000,395000
057837,康控國泰99購02  ,0,0,0,0,0,0,0,0,0,395000,0,0,0,395000,0,395000,395000
057788,嘉聯益國票99購01,0,0,0,0,0,0,0,0,0,395000,0,0,0,397000,2000,395000,395000
056668,光磊國票99購01  ,0,0,0,0,0,0,0,0,0,394000,0,0,0,394000,0,394000,394000
2104,國際中橡        ,1868000,1521492,346508,0,0,0,0,72802,-72802,120000,35000,0,35000,85000,0,85000,393706
062575,景碩群益9B購01  ,0,0,0,0,0,0,0,0,0,391000,0,0,0,782000,391000,391000,391000
064350,茂林元大01購01  ,0,0,0,0,0,0,0,0,0,391000,0,0,0,421000,30000,391000,391000
063990,世芯永豐01購01  ,0,0,0,0,0,0,0,0,0,391000,0,0,0,411000,20000,391000,391000
064974,燿華元大9C購03  ,0,0,0,0,0,0,0,0,0,389000,0,0,0,505000,116000,389000,389000
07793P,同欣電元大9A售02,0,0,0,0,0,0,0,0,0,388000,0,0,0,388000,0,388000,388000
063613,全新群益9C購01  ,0,0,0,0,0,0,0,0,0,388000,0,0,0,428000,40000,388000,388000
056791,嘉聯益群益98購01,0,0,0,0,0,0,0,0,0,387000,0,0,0,552000,165000,387000,387000
057082,玉晶光統一9A購04,0,0,0,0,0,0,0,0,0,386000,0,0,0,1060000,674000,386000,386000
063713,麗豐凱基9B購01  ,0,0,0,0,0,0,0,0,0,386000,0,0,0,427000,41000,386000,386000
05052P,友達群益97售01  ,0,0,0,0,0,0,0,0,0,385000,0,0,0,385000,0,385000,385000
063338,國巨統一9C購11  ,0,0,0,0,0,0,0,0,0,385000,0,0,0,424000,39000,385000,385000
062142,喬山國票9B購01  ,0,0,0,0,0,0,0,0,0,383000,0,0,0,453000,70000,383000,383000
1304,台聚            ,1017000,551000,466000,0,0,0,0,0,0,-85000,0,85000,-85000,0,0,0,381000
063653,儒鴻元富9B購01  ,0,0,0,0,0,0,0,0,0,377000,0,0,0,421000,44000,377000,377000
052699,友達國票97購01  ,300000,0,300000,0,0,0,0,0,0,75000,0,0,0,430000,355000,75000,375000
056770,國產元大98購02  ,0,0,0,0,0,0,0,0,0,375000,0,0,0,399000,24000,375000,375000
063925,祥碩元富9C購01  ,0,0,0,0,0,0,0,0,0,375000,0,0,0,487000,112000,375000,375000
044864,道瓊反國票96購01,0,0,0,0,0,0,0,0,0,372000,0,0,0,372000,0,372000,372000
063252,緯穎元大9B購07  ,0,0,0,0,0,0,0,0,0,372000,0,0,0,435000,63000,372000,372000
2412,中華電          ,6783097,8258817,-1475720,0,0,0,10000,205000,-195000,2042000,2055000,0,2055000,0,13000,-13000,371280
054938,國巨元大97購04  ,0,0,0,0,0,0,0,0,0,370000,0,0,0,370000,0,370000,370000
064297,台郡國票01購01  ,0,0,0,0,0,0,0,0,0,370000,0,0,0,415000,45000,370000,370000
020015,統一MSCI美低波N ,0,0,0,0,0,0,0,0,0,369000,0,0,0,542000,173000,369000,369000
060411,達新永豐9A購01  ,0,0,0,0,0,0,0,0,0,369000,0,0,0,496000,127000,369000,369000
064057,緯穎統一02購01  ,0,0,0,0,0,0,0,0,0,369000,0,0,0,779000,410000,369000,369000
063817,GIS群益9C購01   ,0,0,0,0,0,0,0,0,0,369000,0,0,0,473000,104000,369000,369000
050196,嘉聯益元大97購01,0,0,0,0,0,0,0,0,0,367000,0,0,0,367000,0,367000,367000
062680,微星統一01購01  ,0,0,0,0,0,0,0,0,0,367000,0,0,0,417000,50000,367000,367000
063229,台表科群益9B購04,0,0,0,0,0,0,0,0,0,366000,0,0,0,366000,0,366000,366000
062327,燿華統一9B購02  ,0,0,0,0,0,0,0,0,0,366000,0,0,0,369000,3000,366000,366000
2537,聯上發          ,476000,111000,365000,0,0,0,0,0,0,0,0,0,0,0,0,0,365000
064564,義隆群益9C購02  ,0,0,0,0,0,0,0,0,0,365000,0,0,0,373000,8000,365000,365000
062660,神隆群益9B購02  ,0,0,0,0,0,0,0,0,0,365000,0,0,0,734000,369000,365000,365000
07844P,可成國票9A售01  ,0,0,0,0,0,0,0,0,0,364000,0,0,0,518000,154000,364000,364000
064449,金寶統一01購02  ,0,0,0,0,0,0,0,0,0,364000,0,0,0,439000,75000,364000,364000
063029,喬山凱基9B購01  ,0,0,0,0,0,0,0,0,0,363000,0,0,0,363000,0,363000,363000
054586,健鼎國泰99購01  ,0,0,0,0,0,0,0,0,0,362000,0,0,0,362000,0,362000,362000
07214P,聯發科凱基9A售04,0,0,0,0,0,0,0,0,0,360000,0,0,0,360000,0,360000,360000
6605,帝寶            ,511000,151000,360000,0,0,0,0,0,0,0,0,0,0,0,0,0,360000
063347,祥碩統一01購03  ,0,0,0,0,0,0,0,0,0,359000,0,0,0,359000,0,359000,359000
2430,燦坤            ,380000,22000,358000,0,0,0,0,0,0,0,0,0,0,0,0,0,358000
020016,統一MSCI美科技N ,0,0,0,0,0,0,0,0,0,358000,0,0,0,455000,97000,358000,358000
063944,建準元大9C購01  ,0,0,0,0,0,0,0,0,0,357000,0,0,0,365000,8000,357000,357000
062836,同欣電群益9B購02,0,0,0,0,0,0,0,0,0,357000,0,0,0,362000,5000,357000,357000
064165,同欣電統一01購01,0,0,0,0,0,0,0,0,0,355000,0,0,0,591000,236000,355000,355000
6443,元晶            ,557000,203000,354000,0,0,0,0,0,0,0,0,0,0,0,0,0,354000
052937,國巨兆豐97購01  ,0,0,0,0,0,0,0,0,0,353000,0,0,0,403000,50000,353000,353000
8422,可寧衛          ,291000,251000,40000,0,0,0,312000,0,312000,0,0,0,0,0,0,0,352000
046942,友達元大99購01  ,0,6000,-6000,0,0,0,0,0,0,355000,0,0,0,588000,233000,355000,349000
6230,超眾            ,393000,430000,-37000,0,0,0,0,0,0,386000,114000,7000,107000,293000,14000,279000,349000
4934,太極            ,619000,270000,349000,0,0,0,0,0,0,0,0,0,0,0,0,0,349000
064928,同欣電統一01購02,0,0,0,0,0,0,0,0,0,348000,0,0,0,373000,25000,348000,348000
064884,台表科第一9C購01,0,0,0,0,0,0,0,0,0,347000,0,0,0,522000,175000,347000,347000
057445,華通元富02購01  ,0,0,0,0,0,0,0,0,0,346000,0,0,0,346000,0,346000,346000
056922,全新兆豐99購01  ,0,0,0,0,0,0,0,0,0,343000,0,0,0,343000,0,343000,343000
05634P,玉晶光台新97售01,0,0,0,0,0,0,0,0,0,342000,0,0,0,342000,0,342000,342000
063701,燿華群益9B購02  ,0,0,0,0,0,0,0,0,0,342000,0,0,0,363000,21000,342000,342000
063054,健鼎統一01購01  ,0,0,0,0,0,0,0,0,0,342000,0,0,0,1368000,1026000,342000,342000
062228,南六統一02購01  ,0,0,0,0,0,0,0,0,0,342000,0,0,0,352000,10000,342000,342000
063850,玉晶光元大9C購07,0,0,0,0,0,0,0,0,0,341000,0,0,0,470000,129000,341000,341000
058526,鈺齊元大99購02  ,0,0,0,0,0,0,0,0,0,339000,0,0,0,574000,235000,339000,339000
6558,興能高          ,432000,93000,339000,0,0,0,0,0,0,0,0,0,0,0,0,0,339000
058764,康友群益99購01  ,0,0,0,0,0,0,0,0,0,338000,0,0,0,466000,128000,338000,338000
061212,聯鈞元大9A購04  ,0,0,0,0,0,0,0,0,0,338000,0,0,0,427000,89000,338000,338000
062215,華通統一9B購01  ,0,0,0,0,0,0,0,0,0,338000,0,0,0,907000,569000,338000,338000
062486,瑞昱富邦9B購01  ,0,0,0,0,0,0,0,0,0,337000,0,0,0,369000,32000,337000,337000
5531,鄉林            ,616000,279786,336214,0,0,0,0,0,0,-2000,0,2000,-2000,0,0,0,334214
057647,欣興元大98購10  ,0,0,0,0,0,0,0,0,0,334000,0,0,0,354000,20000,334000,334000
064464,台郡統一01購01  ,0,0,0,0,0,0,0,0,0,334000,0,0,0,605000,271000,334000,334000
07174P,臺股指國票99售11,0,0,0,0,0,0,0,0,0,332000,0,0,0,497000,165000,332000,332000
056593,台積電元富98購02,0,0,0,0,0,0,0,0,0,331000,0,0,0,331000,0,331000,331000
062012,燿華富邦9C購01  ,0,0,0,0,0,0,0,0,0,331000,0,0,0,416000,85000,331000,331000
053896,麗豐群益97購01  ,0,0,0,0,0,0,0,0,0,330000,0,0,0,330000,0,330000,330000
061696,南茂群益9A購01  ,40000,0,40000,0,0,0,0,0,0,290000,0,0,0,393000,103000,290000,330000
063801,GIS凱基01購01   ,0,0,0,0,0,0,0,0,0,330000,0,0,0,333000,3000,330000,330000
057409,台虹群益98購02  ,0,0,0,0,0,0,0,0,0,329000,0,0,0,336000,7000,329000,329000
058588,致茂中信9B購01  ,0,0,0,0,0,0,0,0,0,329000,0,0,0,337000,8000,329000,329000
063439,正隆統一01購01  ,0,0,0,0,0,0,0,0,0,328000,0,0,0,492000,164000,328000,328000
057928,鈺齊凱基98購02  ,0,0,0,0,0,0,0,0,0,327000,0,0,0,327000,0,327000,327000
060686,康友元大9A購02  ,0,0,0,0,0,0,0,0,0,327000,0,0,0,426000,99000,327000,327000
063532,GIS凱基9B購03   ,0,0,0,0,0,0,0,0,0,327000,0,0,0,375000,48000,327000,327000
060433,億豐永豐9A購01  ,0,0,0,0,0,0,0,0,0,326000,0,0,0,326000,0,326000,326000
00708L,元大S&P黃金正2  ,0,0,0,0,0,0,0,0,0,325000,0,0,0,424000,99000,325000,325000
058952,南茂群益99購01  ,0,0,0,0,0,0,0,0,0,325000,0,0,0,329000,4000,325000,325000
061363,儒鴻國票9B購01  ,0,0,0,0,0,0,0,0,0,324000,0,0,0,328000,4000,324000,324000
062684,華新科統一01購02,0,0,0,0,0,0,0,0,0,324000,0,0,0,333000,9000,324000,324000
063034,致茂凱基9B購01  ,0,0,0,0,0,0,0,0,0,323000,0,0,0,392000,69000,323000,323000
063841,國巨元大01購01  ,0,0,0,0,0,0,0,0,0,323000,0,0,0,382000,59000,323000,323000
064456,禾伸堂統一01購01,0,0,0,0,0,0,0,0,0,322000,0,0,0,326000,4000,322000,322000
063075,祥碩永豐9B購04  ,0,0,0,0,0,0,0,0,0,322000,0,0,0,440000,118000,322000,322000
057051,群創元大9B購03  ,0,0,0,0,0,0,0,0,0,321000,0,0,0,341000,20000,321000,321000
058850,華新科群益99購03,0,0,0,0,0,0,0,0,0,317000,0,0,0,317000,0,317000,317000
062542,南電國泰9C購01  ,0,0,0,0,0,0,0,0,0,317000,0,0,0,341000,24000,317000,317000
063488,金像電國泰01購01,0,0,0,0,0,0,0,0,0,317000,0,0,0,367000,50000,317000,317000
064882,同欣電兆豐9C購01,0,0,0,0,0,0,0,0,0,315000,0,0,0,323000,8000,315000,315000
059278,群創元大9A購04  ,0,0,0,0,0,0,0,0,0,315000,0,0,0,485000,170000,315000,315000
064000,台郡兆豐9C購01  ,0,0,0,0,0,0,0,0,0,315000,0,0,0,494000,179000,315000,315000
064070,祥碩永豐9C購01  ,0,0,0,0,0,0,0,0,0,315000,0,0,0,390000,75000,315000,315000
064986,GIS元大9C購07   ,0,0,0,0,0,0,0,0,0,313000,0,0,0,431000,118000,313000,313000
06766P,玉晶光元大99售10,0,0,0,0,0,0,0,0,0,313000,0,0,0,476000,163000,313000,313000
3413,京鼎            ,630000,185000,445000,0,0,0,33000,109000,-76000,-57000,2000,50000,-48000,15000,24000,-9000,312000
061398,力成中信9A購01  ,0,0,0,0,0,0,0,0,0,312000,0,0,0,437000,125000,312000,312000
062942,嘉澤凱基9B購02  ,0,0,0,0,0,0,0,0,0,312000,0,0,0,312000,0,312000,312000
058832,立積永豐99購01  ,0,0,0,0,0,0,0,0,0,310000,0,0,0,310000,0,310000,310000
058353,國巨凱基99購09  ,25000,0,25000,0,0,0,0,0,0,284000,0,0,0,360000,76000,284000,309000
064463,聯茂統一01購02  ,0,0,0,0,0,0,0,0,0,309000,0,0,0,363000,54000,309000,309000
064732,GIS統一01購03   ,0,0,0,0,0,0,0,0,0,308000,0,0,0,309000,1000,308000,308000
053095,台光電統一98購01,0,0,0,0,0,0,0,0,0,308000,0,0,0,313000,5000,308000,308000
060695,同欣電麥證9A購01,0,0,0,308000,0,308000,0,0,0,308000,0,0,0,308000,0,308000,308000
061077,國巨兆豐9B購01  ,0,0,0,0,0,0,0,0,0,308000,0,0,0,331000,23000,308000,308000
062835,瑞儀群益9B購01  ,0,0,0,0,0,0,0,0,0,308000,0,0,0,321000,13000,308000,308000
063239,建準元大9B購01  ,0,0,0,0,0,0,0,0,0,308000,0,0,0,427000,119000,308000,308000
064644,台光電凱基9C購01,0,0,0,0,0,0,0,0,0,307000,0,0,0,326000,19000,307000,307000
00850,元大臺灣ESG永續 ,1000,180000,-179000,0,0,0,0,0,0,486000,0,0,0,1095000,609000,486000,307000
054771,茂林國票98購02  ,0,0,0,0,0,0,0,0,0,307000,0,0,0,307000,0,307000,307000
061814,聯發科群益9B購04,0,0,0,0,0,0,0,0,0,307000,0,0,0,307000,0,307000,307000
057704,台虹群益98購03  ,0,0,0,0,0,0,0,0,0,305000,0,0,0,305000,0,305000,305000
062117,燿華中信9B購01  ,0,0,0,0,0,0,0,0,0,305000,0,0,0,315000,10000,305000,305000
064186,燿華永豐9C購01  ,0,0,0,0,0,0,0,0,0,305000,0,0,0,325000,20000,305000,305000
064841,彩晶統一02購02  ,0,0,0,0,0,0,0,0,0,304000,0,0,0,559000,255000,304000,304000
064858,鴻海富邦01購01  ,0,0,0,0,0,0,0,0,0,303000,0,0,0,303000,0,303000,303000
058299,同欣電凱基9A購01,0,0,0,0,0,0,0,0,0,302000,0,0,0,373000,71000,302000,302000
064330,燿華元大9C購02  ,0,0,0,0,0,0,0,0,0,302000,0,0,0,414000,112000,302000,302000
064388,緯穎富邦9C購01  ,0,0,0,0,0,0,0,0,0,302000,0,0,0,818000,516000,302000,302000
056724,臻鼎中信9A購01  ,0,0,0,0,0,0,0,0,0,301000,0,0,0,420000,119000,301000,301000
07676P,華新科永豐9A售02,0,0,0,0,0,0,0,0,0,300000,0,0,0,300000,0,300000,300000
07986P,大成鋼統一9B售02,0,0,0,0,0,0,0,0,0,300000,0,0,0,300000,0,300000,300000
055397,超眾統一97購02  ,0,0,0,0,0,0,0,0,0,300000,0,0,0,300000,0,300000,300000
053107,旺宏兆豐97購01  ,0,0,0,0,0,0,0,0,0,300000,0,0,0,350000,50000,300000,300000
060990,新光金元大9B購03,0,0,0,0,0,0,0,0,0,300000,0,0,0,300000,0,300000,300000
057899,台積電永豐98購04,0,0,0,0,0,0,0,0,0,300000,0,0,0,300000,0,300000,300000
061799,奇鋐永豐9B購01  ,0,0,0,0,0,0,0,0,0,300000,0,0,0,300000,0,300000,300000
061085,聯茂兆豐9A購01  ,0,0,0,0,0,0,0,0,0,299000,0,0,0,342000,43000,299000,299000
063600,燿華凱基9B購04  ,0,0,0,0,0,0,0,0,0,299000,0,0,0,300000,1000,299000,299000
061971,力山元大9C購02  ,0,0,0,0,0,0,0,0,0,299000,0,0,0,305000,6000,299000,299000
056939,康控元富98購01  ,0,0,0,0,0,0,0,0,0,298000,0,0,0,580000,282000,298000,298000
08438P,鴻海國票01售02  ,0,0,0,0,0,0,0,0,0,296000,0,0,0,296000,0,296000,296000
064979,華擎元大9C購04  ,0,0,0,0,0,0,0,0,0,296000,0,0,0,379000,83000,296000,296000
059277,群創元大99購05  ,0,0,0,0,0,0,0,0,0,296000,0,0,0,328000,32000,296000,296000
061024,南電國泰9B購01  ,0,0,0,0,0,0,0,0,0,294000,0,0,0,516000,222000,294000,294000
2228,劍麟            ,152000,133000,19000,0,0,0,265000,0,265000,8000,0,0,0,8000,0,8000,292000
2360,致茂            ,872197,566275,305922,0,0,0,42000,1000,41000,-55000,4000,22000,-18000,3000,40000,-37000,291922
062533,嘉澤統一9C購01  ,0,0,0,0,0,0,0,0,0,291000,0,0,0,374000,83000,291000,291000
062954,世芯永豐9B購03  ,0,0,0,0,0,0,0,0,0,291000,0,0,0,360000,69000,291000,291000
057737,國巨富邦99購02  ,0,0,0,0,0,0,0,0,0,290000,0,0,0,420000,130000,290000,290000
062087,瑞祺元大9B購02  ,0,0,0,0,0,0,0,0,0,290000,0,0,0,700000,410000,290000,290000
062097,台光電永豐9B購01,0,0,0,0,0,0,0,0,0,290000,0,0,0,293000,3000,290000,290000
064244,GIS統一02購01   ,0,0,0,0,0,0,0,0,0,290000,0,0,0,290000,0,290000,290000
056954,聯詠富邦9A購01  ,0,0,0,0,0,0,0,0,0,289000,0,0,0,484000,195000,289000,289000
056198,台光電永豐97購02,0,0,0,0,0,0,0,0,0,289000,0,0,0,338000,49000,289000,289000
064523,聯茂群益9C購01  ,0,0,0,0,0,0,0,0,0,289000,0,0,0,291000,2000,289000,289000
062345,和大群益9B購01  ,0,0,0,0,0,0,0,0,0,289000,0,0,0,299000,10000,289000,289000
2006,東和鋼鐵        ,1469000,1181000,288000,0,0,0,0,0,0,0,0,0,0,0,0,0,288000
2498,宏達電          ,13768000,13442000,326000,0,0,0,1000,0,1000,-39000,25000,6000,19000,56000,114000,-58000,288000
062427,嘉澤統一01購01  ,0,0,0,0,0,0,0,0,0,288000,0,0,0,313000,25000,288000,288000
063741,GIS元大9B購04   ,0,0,0,0,0,0,0,0,0,286000,0,0,0,496000,210000,286000,286000
064626,聯茂元大9C購01  ,0,0,0,0,0,0,0,0,0,285000,0,0,0,398000,113000,285000,285000
060821,SP黃豆元大9A購02,0,0,0,0,0,0,0,0,0,285000,0,0,0,315000,30000,285000,285000
006205,富邦上証        ,686000,2000,684000,0,0,0,0,0,0,-400565,0,40000,-40000,1227435,1588000,-360565,283435
08290P,高鐵統一01售01  ,0,0,0,0,0,0,0,0,0,283000,0,0,0,298000,15000,283000,283000
1229,聯華            ,1580060,1285000,295060,0,0,0,0,1000,-1000,-12000,0,12000,-12000,0,0,0,282060
2637,慧洋-KY         ,1752000,1350000,402000,0,0,0,0,0,0,-121000,0,121000,-121000,0,0,0,281000
057287,彩晶元大9C購03  ,0,0,0,0,0,0,0,0,0,281000,0,0,0,297000,16000,281000,281000
062731,力成凱基9B購02  ,0,0,0,0,0,0,0,0,0,281000,0,0,0,281000,0,281000,281000
063062,群創元富9B購01  ,0,0,0,0,0,0,0,0,0,280000,0,0,0,355000,75000,280000,280000
1439,中和            ,345000,66000,279000,0,0,0,0,0,0,0,0,0,0,0,0,0,279000
055579,健策統一9A購01  ,0,0,0,0,0,0,0,0,0,279000,0,0,0,342000,63000,279000,279000
059326,康友元大99購01  ,0,0,0,0,0,0,0,0,0,279000,0,0,0,490000,211000,279000,279000
1477,聚陽            ,1676000,1342339,333661,0,0,0,0,0,0,-55000,54000,106000,-52000,10000,13000,-3000,278661
056515,燿華兆豐99購01  ,0,0,0,0,0,0,0,0,0,278000,0,0,0,278000,0,278000,278000
063171,光寶科中信9B購01,0,0,0,0,0,0,0,0,0,278000,0,0,0,591000,313000,278000,278000
061866,力山元大9C購01  ,0,0,0,0,0,0,0,0,0,276000,0,0,0,302000,26000,276000,276000
061153,奇力新群益9A購02,0,0,0,0,0,0,0,0,0,275000,0,0,0,275000,0,275000,275000
063337,國巨統一02購02  ,0,0,0,0,0,0,0,0,0,275000,0,0,0,320000,45000,275000,275000
064786,GIS群益9C購04   ,0,0,0,0,0,0,0,0,0,274000,0,0,0,274000,0,274000,274000
056907,群創元大9C購04  ,0,0,0,0,0,0,0,0,0,274000,0,0,0,274000,0,274000,274000
061087,國巨統一01購04  ,0,0,0,0,0,0,0,0,0,274000,0,0,0,323000,49000,274000,274000
061662,瑞儀永豐9A購02  ,0,0,0,0,0,0,0,0,0,274000,0,0,0,372000,98000,274000,274000
057840,健策富邦99購01  ,0,0,0,0,0,0,0,0,0,274000,0,0,0,275000,1000,274000,274000
063971,健鼎國票01購01  ,0,0,0,0,0,0,0,0,0,274000,0,0,0,601000,327000,274000,274000
064807,義隆元大9C購03  ,70000,0,70000,0,0,0,0,0,0,201000,0,0,0,501000,300000,201000,271000
06653P,美食元大98售02  ,0,0,0,0,0,0,0,0,0,271000,0,0,0,291000,20000,271000,271000
057269,鈺齊兆豐98購01  ,0,0,0,0,0,0,0,0,0,271000,0,0,0,346000,75000,271000,271000
07081P,南電群益9A售01  ,0,0,0,0,0,0,0,0,0,270000,0,0,0,300000,30000,270000,270000
057461,國巨永豐98購07  ,0,0,0,0,0,0,0,0,0,270000,0,0,0,300000,30000,270000,270000
060721,瑞儀永豐9A購01  ,0,0,0,0,0,0,0,0,0,270000,0,0,0,293000,23000,270000,270000
062747,立積永豐9B購01  ,0,0,0,0,0,0,0,0,0,270000,0,0,0,276000,6000,270000,270000
3090,日電貿          ,848000,482330,365670,0,0,0,0,0,0,-96000,0,32000,-32000,12000,76000,-64000,269670
061374,力山永豐9A購04  ,0,0,0,0,0,0,0,0,0,269000,0,0,0,269000,0,269000,269000
062975,京鼎元富9B購01  ,0,0,0,0,0,0,0,0,0,269000,0,0,0,640000,371000,269000,269000
064796,緯穎國票01購01  ,0,0,0,0,0,0,0,0,0,268000,0,0,0,307000,39000,268000,268000
064829,義隆統一01購02  ,0,0,0,0,0,0,0,0,0,267000,0,0,0,644000,377000,267000,267000
07837P,華邦電元大9A售01,0,0,0,0,0,0,0,0,0,267000,0,0,0,268000,1000,267000,267000
058788,喬山元大99購01  ,0,0,0,0,0,0,0,0,0,267000,0,0,0,267000,0,267000,267000
0061,元大寶滬深      ,0,0,0,0,0,0,0,0,0,266000,40000,0,40000,226000,0,226000,266000
063159,嘉澤國泰01購01  ,0,0,0,0,0,0,0,0,0,266000,0,0,0,266000,0,266000,266000
061896,景碩永豐9B購01  ,0,0,0,0,0,0,0,0,0,266000,0,0,0,604000,338000,266000,266000
064026,建準元大9C購02  ,0,0,0,0,0,0,0,0,0,266000,0,0,0,268000,2000,266000,266000
056742,玉晶光凱基9A購01,0,0,0,0,0,0,0,0,0,265000,0,0,0,343000,78000,265000,265000
057664,台積電元大9A購03,0,0,0,0,0,0,0,0,0,265000,0,0,0,309000,44000,265000,265000
063655,華通元富9B購01  ,0,0,0,0,0,0,0,0,0,265000,0,0,0,270000,5000,265000,265000
063766,南茂元富9B購01  ,0,0,0,0,0,0,0,0,0,265000,0,0,0,392000,127000,265000,265000
4526,東台            ,395000,127000,268000,0,0,0,0,0,0,-3000,0,3000,-3000,0,0,0,265000
07719P,臺股指群益9A售08,0,0,0,0,0,0,0,0,0,264000,0,0,0,370000,106000,264000,264000
06679P,旺宏元大98售09  ,0,0,0,0,0,0,0,0,0,262000,0,0,0,308000,46000,262000,262000
064441,嘉澤凱基9C購02  ,0,0,0,0,0,0,0,0,0,262000,0,0,0,267000,5000,262000,262000
057405,麗豐群益98購01  ,0,0,0,0,0,0,0,0,0,261000,0,0,0,261000,0,261000,261000
061553,南電群益9A購03  ,0,0,0,0,0,0,0,0,0,261000,0,0,0,355000,94000,261000,261000
064546,燿華凱基02購01  ,0,0,0,0,0,0,0,0,0,261000,0,0,0,334000,73000,261000,261000
063581,同欣電國泰9C購01,0,0,0,0,0,0,0,0,0,261000,0,0,0,290000,29000,261000,261000
054864,聯發科群益97購02,0,0,0,0,0,0,0,0,0,260000,0,0,0,260000,0,260000,260000
054378,楠梓電群益98購01,0,0,0,0,0,0,0,0,0,260000,0,0,0,260000,0,260000,260000
053568,智伸科富邦98購01,0,0,0,0,0,0,0,0,0,260000,0,0,0,300000,40000,260000,260000
065017,和大富邦03購01  ,0,0,0,0,0,0,0,0,0,259000,0,0,0,259000,0,259000,259000
3481,群創            ,76171574,63717296,12454278,0,0,0,0,11239838,-11239838,-956000,1090000,1399000,-309000,1984000,2631000,-647000,258440
07482P,南亞科元富9A售04,0,0,0,0,0,0,0,0,0,257000,0,0,0,277000,20000,257000,257000
063923,世芯元富9C購01  ,0,0,0,0,0,0,0,0,0,257000,0,0,0,357000,100000,257000,257000
064105,南茂群益9C購01  ,0,0,0,0,0,0,0,0,0,257000,0,0,0,285000,28000,257000,257000
060156,光磊永豐9A購01  ,0,0,0,0,0,0,0,0,0,256000,0,0,0,256000,0,256000,256000
6552,易華電          ,412000,204000,208000,0,0,0,0,0,0,48000,5000,0,5000,58000,15000,43000,256000
08275P,南亞科元富9C售01,0,0,0,0,0,0,0,0,0,255000,0,0,0,315000,60000,255000,255000
056943,華通統一99購01  ,0,0,0,0,0,0,0,0,0,255000,0,0,0,305000,50000,255000,255000
063669,宏達電統一9C購01,0,0,0,0,0,0,0,0,0,255000,0,0,0,263000,8000,255000,255000
00830,國泰費城半導體  ,0,0,0,0,0,0,0,0,0,254000,0,0,0,291000,37000,254000,254000
060718,中磊永豐9A購01  ,0,0,0,0,0,0,0,0,0,253000,0,0,0,318000,65000,253000,253000
063400,華擎群益9B購03  ,0,0,0,0,0,0,0,0,0,252000,0,0,0,265000,13000,252000,252000
056809,旺宏統一98購03  ,0,0,0,0,0,0,0,0,0,251000,0,0,0,251000,0,251000,251000
060915,旭富元大9A購01  ,0,0,0,0,0,0,0,0,0,251000,0,0,0,282000,31000,251000,251000
052344,台表科凱基98購01,0,0,0,0,0,0,0,0,0,250000,0,0,0,250000,0,250000,250000
056463,台虹凱基98購02  ,0,0,0,0,0,0,0,0,0,249000,0,0,0,249000,0,249000,249000
056579,麗豐元大99購01  ,0,0,0,0,0,0,0,0,0,249000,0,0,0,770000,521000,249000,249000
061367,瑞祺國票9A購01  ,0,0,0,0,0,0,0,0,0,249000,0,0,0,314000,65000,249000,249000
064538,鈺齊國票01購01  ,0,0,0,0,0,0,0,0,0,249000,0,0,0,249000,0,249000,249000
058183,國巨富邦9A購06  ,0,0,0,0,0,0,0,0,0,248000,0,0,0,278000,30000,248000,248000
00642U,元大S&P石油     ,1000,3000,-2000,0,0,0,0,0,0,250000,0,0,0,250000,0,250000,248000
059351,台虹凱基99購01  ,0,0,0,0,0,0,0,0,0,248000,0,0,0,361000,113000,248000,248000
063988,華通永豐9C購01  ,0,0,0,0,0,0,0,0,0,248000,0,0,0,286000,38000,248000,248000
063940,國巨元大01購02  ,0,0,0,0,0,0,0,0,0,247000,0,0,0,277000,30000,247000,247000
054556,世芯凱基99購01  ,0,0,0,0,0,0,0,0,0,244000,0,0,0,378000,134000,244000,244000
063382,南茂永豐9B購01  ,0,0,0,0,0,0,0,0,0,244000,0,0,0,245000,1000,244000,244000
063175,燿華兆豐9C購01  ,0,0,0,0,0,0,0,0,0,244000,0,0,0,294000,50000,244000,244000
6706,惠特            ,151000,356000,-205000,0,0,0,480000,0,480000,-31000,33000,64000,-31000,0,0,0,244000
065002,致茂國票01購01  ,0,0,0,0,0,0,0,0,0,243000,0,0,0,243000,0,243000,243000
062653,正隆永豐9B購01  ,0,0,0,0,0,0,0,0,0,243000,0,0,0,253000,10000,243000,243000
062485,華通國泰01購01  ,0,0,0,0,0,0,0,0,0,243000,0,0,0,260000,17000,243000,243000
2103,台橡            ,781000,539000,242000,0,0,0,0,0,0,0,0,0,0,0,0,0,242000
053743,康控國票97購02  ,0,0,0,0,0,0,0,0,0,242000,0,0,0,242000,0,242000,242000
057195,南茂元大98購01  ,0,0,0,0,0,0,0,0,0,242000,0,0,0,419000,177000,242000,242000
062341,台表科麥證9C購01,0,0,0,374000,132000,242000,0,0,0,242000,0,0,0,374000,132000,242000,242000
064290,GIS元大9C購04   ,0,0,0,0,0,0,0,0,0,242000,0,0,0,320000,78000,242000,242000
060406,瑞祺國泰9B購01  ,0,0,0,0,0,0,0,0,0,241000,0,0,0,299000,58000,241000,241000
058180,華新科國泰9A購01,0,0,0,0,0,0,0,0,0,240000,0,0,0,246000,6000,240000,240000
057969,緯穎國泰99購01  ,0,0,0,0,0,0,0,0,0,240000,0,0,0,245000,5000,240000,240000
059949,啟碁永豐99購01  ,0,0,0,0,0,0,0,0,0,239000,0,0,0,239000,0,239000,239000
064072,康友永豐9C購01  ,0,0,0,0,0,0,0,0,0,239000,0,0,0,369000,130000,239000,239000
060435,鈺齊永豐9A購01  ,0,0,0,0,0,0,0,0,0,238000,0,0,0,266000,28000,238000,238000
057675,同欣電元大98購02,0,0,0,0,0,0,0,0,0,238000,0,0,0,265000,27000,238000,238000
064993,嘉澤兆豐9C購01  ,0,0,0,0,0,0,0,0,0,237000,0,0,0,254000,17000,237000,237000
056676,國產元富98購01  ,0,0,0,0,0,0,0,0,0,237000,0,0,0,237000,0,237000,237000
057574,中磊永豐98購01  ,0,0,0,0,0,0,0,0,0,237000,0,0,0,307000,70000,237000,237000
053882,聯發科中信98購02,0,0,0,0,0,0,0,0,0,237000,0,0,0,577000,340000,237000,237000
05348P,美律元富98售01  ,0,0,0,0,0,0,0,0,0,237000,0,0,0,257000,20000,237000,237000
053644,台表科國票97購03,0,0,0,0,0,0,0,0,0,237000,0,0,0,292000,55000,237000,237000
063293,億豐元大9B購01  ,0,0,0,0,0,0,0,0,0,237000,0,0,0,288000,51000,237000,237000
07103P,南電元大99售04  ,0,0,0,0,0,0,0,0,0,236000,0,0,0,236000,0,236000,236000
064160,新日興統一01購03,0,0,0,0,0,0,0,0,0,236000,0,0,0,281000,45000,236000,236000
062557,台光電凱基9B購02,0,0,0,0,0,0,0,0,0,236000,0,0,0,273000,37000,236000,236000
06929P,鴻海元大99售11  ,0,0,0,0,0,0,0,0,0,235000,0,0,0,235000,0,235000,235000
060475,瑞祺元大9A購01  ,0,0,0,0,0,0,0,0,0,235000,0,0,0,260000,25000,235000,235000
061547,禾伸堂群益9A購01,0,0,0,0,0,0,0,0,0,235000,0,0,0,338000,103000,235000,235000
064886,燿華中信01購01  ,0,0,0,0,0,0,0,0,0,234000,0,0,0,244000,10000,234000,234000
061607,台表科凱基9B購02,0,0,0,0,0,0,0,0,0,234000,0,0,0,312000,78000,234000,234000
058660,樺漢中信9A購01  ,0,0,0,0,0,0,0,0,0,234000,0,0,0,234000,0,234000,234000
064506,康控元大9C購02  ,0,0,0,0,0,0,0,0,0,234000,0,0,0,251000,17000,234000,234000
061370,晶技國泰9C購01  ,0,0,0,0,0,0,0,0,0,233000,0,0,0,257000,24000,233000,233000
061701,友達國票9B購02  ,0,0,0,0,0,0,0,0,0,231000,0,0,0,240000,9000,231000,231000
063648,台表科元大9C購05,0,0,0,0,0,0,0,0,0,231000,0,0,0,345000,114000,231000,231000
063729,國巨元大9C購08  ,0,0,0,0,0,0,0,0,0,231000,0,0,0,231000,0,231000,231000
063900,GIS群益9C購03   ,0,0,0,0,0,0,0,0,0,231000,0,0,0,349000,118000,231000,231000
057552,禾伸堂凱基98購05,0,0,0,0,0,0,0,0,0,230000,0,0,0,305000,75000,230000,230000
07948P,大成鋼凱基9B售01,0,0,0,0,0,0,0,0,0,229000,0,0,0,501000,272000,229000,229000
08135P,玉晶光國泰01售02,0,0,0,0,0,0,0,0,0,228000,0,0,0,474000,246000,228000,228000
056650,彩晶凱基9A購01  ,0,0,0,0,0,0,0,0,0,228000,0,0,0,233000,5000,228000,228000
064089,新日興凱基02購01,0,0,0,0,0,0,0,0,0,228000,0,0,0,286000,58000,228000,228000
063271,中磊兆豐9C購01  ,0,0,0,0,0,0,0,0,0,227000,0,0,0,591000,364000,227000,227000
062987,祥碩中信01購01  ,0,0,0,0,0,0,0,0,0,227000,0,0,0,248000,21000,227000,227000
057977,台光電永豐98購02,0,0,0,0,0,0,0,0,0,226000,0,0,0,228000,2000,226000,226000
058135,景碩元大99購01  ,0,0,0,0,0,0,0,0,0,226000,0,0,0,313000,87000,226000,226000
00643,群益深証中小    ,197000,8000,189000,0,0,0,0,0,0,36000,0,0,0,79000,43000,36000,225000
059008,鈺齊元大99購03  ,0,0,0,0,0,0,0,0,0,225000,0,0,0,304000,79000,225000,225000
062831,嘉澤群益9B購01  ,0,0,0,0,0,0,0,0,0,225000,0,0,0,225000,0,225000,225000
063402,GIS群益9B購02   ,0,0,0,0,0,0,0,0,0,225000,0,0,0,342000,117000,225000,225000
065022,同欣電富邦01購01,0,0,0,0,0,0,0,0,0,224000,0,0,0,230000,6000,224000,224000
061612,南六統一9A購01  ,0,0,0,0,0,0,0,0,0,224000,0,0,0,224000,0,224000,224000
065014,南電國泰01購01  ,0,0,0,0,0,0,0,0,0,223000,0,0,0,245000,22000,223000,223000
064359,華通統一9C購05  ,0,0,0,0,0,0,0,0,0,223000,0,0,0,226000,3000,223000,223000
063274,鈺齊兆豐9B購01  ,0,0,0,0,0,0,0,0,0,223000,0,0,0,356000,133000,223000,223000
2323,中環            ,1013000,831542,181458,0,0,0,0,26000,-26000,67000,68000,4000,64000,3000,0,3000,222458
055331,國巨兆豐99購01  ,0,0,0,0,0,0,0,0,0,222000,0,0,0,540000,318000,222000,222000
062594,祥碩統一01購02  ,0,0,0,0,0,0,0,0,0,222000,0,0,0,262000,40000,222000,222000
2331,精英            ,414000,211000,203000,0,0,0,0,0,0,18000,20000,2000,18000,0,0,0,221000
056241,緯創群益97購01  ,0,0,0,0,0,0,0,0,0,221000,0,0,0,256000,35000,221000,221000
08175P,金像電統一9B售02,0,0,0,0,0,0,0,0,0,220000,0,0,0,220000,0,220000,220000
06822P,上銀富邦99售03  ,0,0,0,0,0,0,0,0,0,220000,0,0,0,220000,0,220000,220000
07706P,長榮航元大9A售03,0,0,0,0,0,0,0,0,0,220000,0,0,0,220000,0,220000,220000
056177,嘉澤元富97購01  ,0,0,0,0,0,0,0,0,0,220000,0,0,0,323000,103000,220000,220000
054072,台積電富邦98購02,0,0,0,0,0,0,0,0,0,220000,0,0,0,220000,0,220000,220000
062528,全新統一9C購01  ,0,0,0,0,0,0,0,0,0,220000,0,0,0,310000,90000,220000,220000
2201,裕隆            ,2240000,1837295,402705,0,0,0,0,201000,-201000,18000,0,160000,-160000,290000,112000,178000,219705
055137,GIS富邦98購01   ,0,0,0,0,0,0,0,0,0,219000,0,0,0,219000,0,219000,219000
061055,康控群益9A購01  ,0,0,0,0,0,0,0,0,0,219000,0,0,0,310000,91000,219000,219000
08066P,南亞科凱基9B售04,0,0,0,0,0,0,0,0,0,218000,0,0,0,218000,0,218000,218000
056994,緯穎兆豐98購02  ,0,0,0,0,0,0,0,0,0,218000,0,0,0,223000,5000,218000,218000
058732,矽格永豐99購01  ,0,0,0,0,0,0,0,0,0,218000,0,0,0,218000,0,218000,218000
06844P,智邦元大98售13  ,0,0,0,0,0,0,0,0,0,217000,0,0,0,530000,313000,217000,217000
064775,和大群益01購01  ,0,0,0,0,0,0,0,0,0,217000,0,0,0,217000,0,217000,217000
062457,京元電群益9B購01,0,0,0,0,0,0,0,0,0,217000,0,0,0,217000,0,217000,217000
055842,建準元大98購01  ,0,0,0,0,0,0,0,0,0,216000,0,0,0,216000,0,216000,216000
056150,台光電凱基98購02,0,0,0,0,0,0,0,0,0,215000,0,0,0,215000,0,215000,215000
03050X,元展47          ,0,0,0,0,0,0,0,0,0,215000,0,0,0,215000,0,215000,215000
06067P,華新科康和97售01,0,0,0,0,0,0,0,0,0,215000,0,0,0,320000,105000,215000,215000
061716,瑞儀凱基9B購01  ,0,0,0,0,0,0,0,0,0,215000,0,0,0,375000,160000,215000,215000
061491,嘉聯益兆豐9B購01,0,0,0,0,0,0,0,0,0,215000,0,0,0,575000,360000,215000,215000
061081,宏碁兆豐9A購01  ,0,0,0,0,0,0,0,0,0,215000,0,0,0,225000,10000,215000,215000
064404,奇力新凱基02購01,0,0,0,0,0,0,0,0,0,215000,0,0,0,215000,0,215000,215000
056420,台表科元富98購01,0,0,0,0,0,0,0,0,0,214000,0,0,0,626000,412000,214000,214000
061379,鈺齊永豐9A購02  ,0,0,0,0,0,0,0,0,0,214000,0,0,0,214000,0,214000,214000
057078,國巨統一9A購02  ,0,0,0,0,0,0,0,0,0,213000,0,0,0,227000,14000,213000,213000
064461,致伸統一01購01  ,0,0,0,0,0,0,0,0,0,213000,0,0,0,265000,52000,213000,213000
058480,新日興凱基9A購01,0,0,0,0,0,0,0,0,0,212000,0,0,0,324000,112000,212000,212000
063610,儒鴻群益9B購02  ,0,0,0,0,0,0,0,0,0,212000,0,0,0,212000,0,212000,212000
07173P,臺股指國票99售10,0,0,0,0,0,0,0,0,0,211000,0,0,0,211000,0,211000,211000
061125,億光永豐9A購01  ,0,0,0,0,0,0,0,0,0,211000,0,0,0,342000,131000,211000,211000
063195,訊連元富9B購01  ,0,0,0,0,0,0,0,0,0,211000,0,0,0,261000,50000,211000,211000
07257P,臺股指凱基99售37,0,0,0,0,0,0,0,0,0,210000,0,0,0,235000,25000,210000,210000
064690,台光電群益9C購02,0,0,0,0,0,0,0,0,0,210000,0,0,0,244000,34000,210000,210000
08295P,長榮航元大9C售01,0,0,0,0,0,0,0,0,0,210000,0,0,0,210000,0,210000,210000
05624P,同欣電中信98售01,0,0,0,0,0,0,0,0,0,210000,0,0,0,270000,60000,210000,210000
055218,彩晶凱基99購01  ,0,0,0,0,0,0,0,0,0,210000,0,0,0,210000,0,210000,210000
055820,矽力國票98購02  ,0,0,0,0,0,0,0,0,0,209000,0,0,0,210000,1000,209000,209000
057670,欣興元大99購02  ,0,0,0,0,0,0,0,0,0,209000,0,0,0,209000,0,209000,209000
061033,台光電永豐9A購01,0,0,0,0,0,0,0,0,0,209000,0,0,0,258000,49000,209000,209000
064172,義隆元富9C購01  ,0,0,0,0,0,0,0,0,0,209000,0,0,0,572000,363000,209000,209000
064204,瑞儀兆豐01購01  ,0,0,0,0,0,0,0,0,0,209000,0,0,0,655000,446000,209000,209000
064649,同欣電凱基01購01,0,0,0,0,0,0,0,0,0,208000,0,0,0,209000,1000,208000,208000
065080,燿華元大01購01  ,0,0,0,0,0,0,0,0,0,208000,0,0,0,247000,39000,208000,208000
056411,緯穎國票99購01  ,0,0,0,0,0,0,0,0,0,208000,0,0,0,225000,17000,208000,208000
058318,致茂永豐9A購01  ,0,0,0,0,0,0,0,0,0,208000,0,0,0,220000,12000,208000,208000
062856,世芯永豐9B購02  ,0,0,0,0,0,0,0,0,0,208000,0,0,0,268000,60000,208000,208000
8021,尖點            ,292000,84100,207900,0,0,0,0,0,0,0,0,0,0,0,0,0,207900
064658,喬山元大9C購01  ,0,0,0,0,0,0,0,0,0,207000,0,0,0,227000,20000,207000,207000
052734,台表科國泰98購02,0,0,0,0,0,0,0,0,0,207000,0,0,0,208000,1000,207000,207000
063802,南茂凱基9C購01  ,0,0,0,0,0,0,0,0,0,207000,0,0,0,281000,74000,207000,207000
064647,致伸凱基9C購01  ,0,0,0,0,0,0,0,0,0,206000,0,0,0,206000,0,206000,206000
064958,GIS凱基02購03   ,0,0,0,0,0,0,0,0,0,206000,0,0,0,206000,0,206000,206000
051536,玉晶光國票97購01,0,0,0,0,0,0,0,0,0,206000,0,0,0,211000,5000,206000,206000
058273,同欣電永豐99購01,0,0,0,0,0,0,0,0,0,206000,0,0,0,206000,0,206000,206000
08331P,義隆元富9C售02  ,0,0,0,0,0,0,0,0,0,205000,0,0,0,238000,33000,205000,205000
053052,旺宏國票97購02  ,0,0,0,0,0,0,0,0,0,205000,0,0,0,205000,0,205000,205000
055536,嘉聯益群益99購02,0,0,0,0,0,0,0,0,0,205000,0,0,0,303000,98000,205000,205000
056680,華通統一98購04  ,0,0,0,0,0,0,0,0,0,205000,0,0,0,209000,4000,205000,205000
063745,喬山國票9C購01  ,0,0,0,0,0,0,0,0,0,205000,0,0,0,272000,67000,205000,205000
08215P,旺宏群益9B售04  ,0,0,0,0,0,0,0,0,0,204000,0,0,0,204000,0,204000,204000
065099,聯茂元大9C購03  ,0,0,0,0,0,0,0,0,0,204000,0,0,0,214000,10000,204000,204000
056088,台郡統一97購02  ,0,0,0,0,0,0,0,0,0,204000,0,0,0,298000,94000,204000,204000
061915,T50反1凱基02購02,0,0,0,0,0,0,0,0,0,204000,0,0,0,315000,111000,204000,204000
058201,華通凱基9A購01  ,0,0,0,0,0,0,0,0,0,203000,0,0,0,205000,2000,203000,203000
063966,大毅國票01購01  ,0,0,0,0,0,0,0,0,0,203000,0,0,0,222000,19000,203000,203000
6197,佳必琪          ,251000,46000,205000,0,0,0,0,0,0,-2000,0,2000,-2000,0,0,0,203000
058807,和大統一9B購01  ,0,0,0,0,0,0,0,0,0,202000,0,0,0,658000,456000,202000,202000
064532,聯茂兆豐01購01  ,0,0,0,0,0,0,0,0,0,202000,0,0,0,221000,19000,202000,202000
062189,康控元大9B購02  ,0,0,0,0,0,0,0,0,0,202000,0,0,0,257000,55000,202000,202000
07384P,大立光群益9A售01,0,0,0,0,0,0,0,0,0,200000,0,0,0,200000,0,200000,200000
07405P,大立光凱基99售17,0,0,0,0,0,0,0,0,0,200000,0,0,0,200000,0,200000,200000
07031P,台灣50中信03售02,0,0,0,0,0,0,0,0,0,200000,0,0,0,200000,0,200000,200000
07817P,同欣電群益9A售02,0,0,0,0,0,0,0,0,0,200000,0,0,0,200000,0,200000,200000
059735,T50反1元富99購06,0,0,0,0,0,0,0,0,0,200000,0,0,0,200000,0,200000,200000
056991,牧德兆豐98購01  ,0,0,0,0,0,0,0,0,0,200000,0,0,0,400000,200000,200000,200000
058111,健鼎元富98購01  ,0,0,0,0,0,0,0,0,0,200000,0,0,0,240000,40000,200000,200000
062335,茂林統一01購01  ,0,0,0,0,0,0,0,0,0,200000,0,0,0,200000,0,200000,200000
06382P,大毅元富97售02  ,0,0,0,0,0,0,0,0,0,200000,0,0,0,200000,0,200000,200000
1701,中化            ,2808000,2609000,199000,0,0,0,0,0,0,0,0,0,0,0,0,0,199000
064948,致茂凱基01購01  ,0,0,0,0,0,0,0,0,0,199000,0,0,0,201000,2000,199000,199000
064816,訊芯元大9C購01  ,0,0,0,0,0,0,0,0,0,199000,0,0,0,279000,80000,199000,199000
056725,鴻海國票99購03  ,0,0,0,0,0,0,0,0,0,199000,0,0,0,199000,0,199000,199000
054695,世芯永豐98購01  ,0,0,0,0,0,0,0,0,0,199000,0,0,0,215000,16000,199000,199000
058004,大立光群益98購03,0,0,0,0,0,0,0,0,0,199000,0,0,0,210000,11000,199000,199000
060020,康控康和99購01  ,0,0,0,0,0,0,0,0,0,199000,0,0,0,306000,107000,199000,199000
064283,奇鋐元大9C購02  ,0,0,0,0,0,0,0,0,0,199000,0,0,0,298000,99000,199000,199000
064210,台光電凱基03購01,0,0,0,0,0,0,0,0,0,199000,0,0,0,313000,114000,199000,199000
062658,聯茂第一9B購01  ,0,0,0,0,0,0,0,0,0,199000,0,0,0,199000,0,199000,199000
058637,晶技兆豐99購01  ,0,0,0,0,0,0,0,0,0,198000,0,0,0,213000,15000,198000,198000
062956,同欣電永豐9B購02,0,0,0,0,0,0,0,0,0,198000,0,0,0,198000,0,198000,198000
062316,康控凱基9B購03  ,0,0,0,0,0,0,0,0,0,198000,0,0,0,206000,8000,198000,198000
061891,力山永豐9B購01  ,0,0,0,0,0,0,0,0,0,198000,0,0,0,225000,27000,198000,198000
063121,友達元大9C購09  ,0,0,0,0,0,0,0,0,0,197000,0,0,0,300000,103000,197000,197000
063586,燿華永豐9B購02  ,0,0,0,0,0,0,0,0,0,197000,0,0,0,255000,58000,197000,197000
060705,台光電富邦9B購01,0,0,0,0,0,0,0,0,0,196000,0,0,0,198000,2000,196000,196000
063367,GIS富邦9B購01   ,0,0,0,0,0,0,0,0,0,196000,0,0,0,196000,0,196000,196000
062991,台光電群益9B購03,0,0,0,0,0,0,0,0,0,196000,0,0,0,204000,8000,196000,196000
064956,麗豐凱基9C購01  ,0,0,0,0,0,0,0,0,0,195000,0,0,0,250000,55000,195000,195000
3019,亞光            ,6248000,6217000,31000,0,0,0,0,0,0,164000,51000,50000,1000,183000,20000,163000,195000
046383,群創凱基98購01  ,0,0,0,0,0,0,0,0,0,195000,0,0,0,311000,116000,195000,195000
062060,奇鋐統一9C購01  ,0,0,0,0,0,0,0,0,0,194000,0,0,0,345000,151000,194000,194000
062069,喬山元大9B購01  ,0,0,0,0,0,0,0,0,0,194000,0,0,0,194000,0,194000,194000
06689P,鴻海中信9C售02  ,0,0,0,0,0,0,0,0,0,193000,0,0,0,216000,23000,193000,193000
056498,A50正2富邦9B購01,0,0,0,0,0,0,0,0,0,193000,0,0,0,200000,7000,193000,193000
060601,技嘉凱基9A購02  ,0,0,0,0,0,0,0,0,0,193000,0,0,0,200000,7000,193000,193000
057603,樺漢群益98購02  ,0,0,0,0,0,0,0,0,0,193000,0,0,0,234000,41000,193000,193000
064173,國產元富9C購01  ,0,0,0,0,0,0,0,0,0,193000,0,0,0,278000,85000,193000,193000
064118,喬山元大01購01  ,0,0,0,0,0,0,0,0,0,193000,0,0,0,203000,10000,193000,193000
064066,達新永豐9C購01  ,0,0,0,0,0,0,0,0,0,192000,0,0,0,192000,0,192000,192000
064551,鈺齊凱基9C購02  ,0,0,0,0,0,0,0,0,0,192000,0,0,0,295000,103000,192000,192000
2545,皇翔            ,309000,116000,193000,0,0,0,0,0,0,-2000,0,2000,-2000,0,0,0,191000
055987,台表科元富97購01,0,0,0,0,0,0,0,0,0,191000,0,0,0,582000,391000,191000,191000
057407,超眾群益99購01  ,0,0,0,0,0,0,0,0,0,191000,0,0,0,211000,20000,191000,191000
063409,GIS國票9C購02   ,0,0,0,0,0,0,0,0,0,191000,0,0,0,246000,55000,191000,191000
063203,華新科統一9C購04,0,0,0,0,0,0,0,0,0,191000,0,0,0,201000,10000,191000,191000
063261,康控富邦03購01  ,0,0,0,0,0,0,0,0,0,191000,0,0,0,549000,358000,191000,191000
053181,滬深2X元富99購02,0,0,0,0,0,0,0,0,0,190000,0,0,0,210000,20000,190000,190000
062682,全新統一9B購01  ,0,0,0,0,0,0,0,0,0,190000,0,0,0,352000,162000,190000,190000
062543,華通富邦9C購01  ,0,0,0,0,0,0,0,0,0,190000,0,0,0,265000,75000,190000,190000
061293,聯茂統一9A購01  ,0,0,0,0,0,0,0,0,0,189000,0,0,0,275000,86000,189000,189000
062309,燿華凱基9B購01  ,0,0,0,0,0,0,0,0,0,189000,0,0,0,211000,22000,189000,189000
063691,聯鈞永豐9B購01  ,0,0,0,0,0,0,0,0,0,189000,0,0,0,396000,207000,189000,189000
064555,力山群益01購01  ,0,0,0,0,0,0,0,0,0,189000,0,0,0,199000,10000,189000,189000
064319,南電群益9C購01  ,0,0,0,0,0,0,0,0,0,189000,0,0,0,193000,4000,189000,189000
07171P,臺股指國票99售08,0,0,0,0,0,0,0,0,0,188000,0,0,0,208000,20000,188000,188000
07731P,臺股指凱基9A售28,0,0,0,0,0,0,0,0,0,188000,0,0,0,419000,231000,188000,188000
060632,可成富邦9B購01  ,0,0,0,0,0,0,0,0,0,188000,0,0,0,359000,171000,188000,188000
060336,南電康和9A購01  ,0,0,0,0,0,0,0,0,0,188000,0,0,0,204000,16000,188000,188000
064159,新日興統一01購02,0,0,0,0,0,0,0,0,0,188000,0,0,0,239000,51000,188000,188000
062265,南茂元大9B購01  ,0,0,0,0,0,0,0,0,0,188000,0,0,0,212000,24000,188000,188000
059688,燿華永豐99購01  ,0,0,0,0,0,0,0,0,0,187000,0,0,0,187000,0,187000,187000
064925,和碩統一02購01  ,0,0,0,0,0,0,0,0,0,186000,0,0,0,278000,92000,186000,186000
056113,新日興兆豐98購01,0,0,0,0,0,0,0,0,0,186000,0,0,0,286000,100000,186000,186000
058048,群創元大9B購07  ,0,0,0,0,0,0,0,0,0,186000,0,0,0,186000,0,186000,186000
060717,康控永豐9A購01  ,0,0,0,0,0,0,0,0,0,186000,0,0,0,247000,61000,186000,186000
064099,億光群益9C購01  ,0,0,0,0,0,0,0,0,0,186000,0,0,0,290000,104000,186000,186000
055703,緯穎富邦98購01  ,0,0,0,0,0,0,0,0,0,185000,0,0,0,185000,0,185000,185000
057563,旭富國泰9A購01  ,0,0,0,0,0,0,0,0,0,185000,0,0,0,190000,5000,185000,185000
061106,群創元大9B購09  ,0,0,0,0,0,0,0,0,0,185000,0,0,0,199000,14000,185000,185000
063645,瑞儀元大9B購02  ,0,0,0,0,0,0,0,0,0,185000,0,0,0,229000,44000,185000,185000
062340,力成麥證9B購01  ,0,0,0,195000,10000,185000,0,0,0,185000,0,0,0,195000,10000,185000,185000
062798,台光電統一9B購01,0,0,0,0,0,0,0,0,0,185000,0,0,0,407000,222000,185000,185000
062269,葡萄王群益9B購01,0,0,0,0,0,0,0,0,0,184000,0,0,0,195000,11000,184000,184000
064906,台表科群益9C購02,0,0,0,0,0,0,0,0,0,183000,0,0,0,256000,73000,183000,183000
056496,康控國泰99購01  ,0,0,0,0,0,0,0,0,0,183000,0,0,0,183000,0,183000,183000
058104,國巨統一9A購04  ,0,0,0,0,0,0,0,0,0,183000,0,0,0,278000,95000,183000,183000
061872,友達元大9C購06  ,0,0,0,0,0,0,0,0,0,183000,0,0,0,262000,79000,183000,183000
063179,群創兆豐9B購01  ,0,0,0,0,0,0,0,0,0,183000,0,0,0,200000,17000,183000,183000
064954,奇鋐凱基9C購01  ,0,0,0,0,0,0,0,0,0,182000,0,0,0,354000,172000,182000,182000
2444,兆勁            ,184000,2000,182000,0,0,0,0,0,0,0,0,0,0,0,0,0,182000
052695,台表科中信98購01,0,0,0,0,0,0,0,0,0,182000,0,0,0,182000,0,182000,182000
062480,茂林國票9B購01  ,0,0,0,0,0,0,0,0,0,182000,0,0,0,182000,0,182000,182000
063624,GIS兆豐9B購01   ,0,0,0,0,0,0,0,0,0,182000,0,0,0,182000,0,182000,182000
064978,群創元大9C購07  ,0,0,0,0,0,0,0,0,0,181000,0,0,0,200000,19000,181000,181000
056577,玉晶光元大99購06,0,0,0,0,0,0,0,0,0,181000,0,0,0,231000,50000,181000,181000
056673,中石化元富9B購01,0,0,0,0,0,0,0,0,0,181000,0,0,0,270000,89000,181000,181000
058614,台郡元大9A購01  ,0,0,0,0,0,0,0,0,0,181000,0,0,0,386000,205000,181000,181000
060946,世紀鋼國票9A購02,0,0,0,0,0,0,0,0,0,181000,0,0,0,191000,10000,181000,181000
059683,康控富邦9C購01  ,0,0,0,0,0,0,0,0,0,180000,0,0,0,180000,0,180000,180000
056982,華新科群益98購05,0,0,0,0,0,0,0,0,0,180000,0,0,0,180000,0,180000,180000
00852L,國泰美國道瓊正2 ,0,5000,-5000,0,0,0,0,0,0,185000,0,50000,-50000,5419000,5184000,235000,180000
061030,喬山永豐9A購01  ,0,0,0,0,0,0,0,0,0,180000,0,0,0,230000,50000,180000,180000
061717,力成凱基9B購01  ,0,0,0,0,0,0,0,0,0,180000,0,0,0,190000,10000,180000,180000
064085,儒鴻凱基9C購02  ,0,0,0,0,0,0,0,0,0,180000,0,0,0,201000,21000,180000,180000
064344,緯創元大9C購01  ,0,0,0,0,0,0,0,0,0,180000,0,0,0,539000,359000,180000,180000
063173,矽格中信9B購01  ,0,0,0,0,0,0,0,0,0,180000,0,0,0,198000,18000,180000,180000
055365,華通元大97購03  ,0,0,0,0,0,0,0,0,0,179000,0,0,0,319000,140000,179000,179000
058722,台郡元富99購01  ,0,0,0,0,0,0,0,0,0,179000,0,0,0,502000,323000,179000,179000
059283,康友永豐99購02  ,0,0,0,0,0,0,0,0,0,179000,0,0,0,257000,78000,179000,179000
064217,GIS凱基02購02   ,0,0,0,0,0,0,0,0,0,179000,0,0,0,275000,96000,179000,179000
064904,茂林群益9C購02  ,0,0,0,0,0,0,0,0,0,178000,0,0,0,282000,104000,178000,178000
063446,台光電統一01購02,0,0,0,0,0,0,0,0,0,178000,0,0,0,222000,44000,178000,178000
063285,華擎元大9B購03  ,0,0,0,0,0,0,0,0,0,178000,0,0,0,178000,0,178000,178000
062882,新日興兆豐9C購01,0,0,0,0,0,0,0,0,0,178000,0,0,0,178000,0,178000,178000
062655,漢唐永豐9B購01  ,0,0,0,0,0,0,0,0,0,178000,0,0,0,193000,15000,178000,178000
07830P,牧德凱基9A售03  ,0,0,0,0,0,0,0,0,0,177000,0,0,0,195000,18000,177000,177000
00692,富邦公司治理    ,0,0,0,0,0,0,0,0,0,177000,0,0,0,1622000,1445000,177000,177000
063661,聚陽統一9C購02  ,0,0,0,0,0,0,0,0,0,177000,0,0,0,217000,40000,177000,177000
063954,世芯元大01購02  ,0,0,0,0,0,0,0,0,0,177000,0,0,0,405000,228000,177000,177000
00683L,元大美元指數正2 ,0,0,0,0,0,0,0,0,0,176000,0,0,0,296000,120000,176000,176000
054455,楠梓電群益98購02,0,0,0,0,0,0,0,0,0,176000,0,0,0,245000,69000,176000,176000
057092,健策元富98購01  ,0,0,0,0,0,0,0,0,0,176000,0,0,0,176000,0,176000,176000
9105,泰金寶-DR       ,254000,78000,176000,0,0,0,0,0,0,0,0,0,0,0,0,0,176000
064934,南電統一01購02  ,0,0,0,0,0,0,0,0,0,175000,0,0,0,175000,0,175000,175000
07263P,台積電元大99售37,0,0,0,0,0,0,0,0,0,175000,0,0,0,185000,10000,175000,175000
058727,嘉晶富邦9A購01  ,0,0,0,0,0,0,0,0,0,175000,0,0,0,190000,15000,175000,175000
060916,金像電國泰9C購01,0,0,0,0,0,0,0,0,0,175000,0,0,0,337000,162000,175000,175000
060763,聯鈞元大9A購03  ,0,0,0,0,0,0,0,0,0,175000,0,0,0,413000,238000,175000,175000
06893P,致新元富98售02  ,0,0,0,0,0,0,0,0,0,174000,0,0,0,190000,16000,174000,174000
08095P,大立光元富9B售03,0,0,0,0,0,0,0,0,0,174000,0,0,0,240000,66000,174000,174000
055380,智易元大98購02  ,0,0,0,0,0,0,0,0,0,174000,0,0,0,178000,4000,174000,174000
056787,健鼎群益98購01  ,0,0,0,0,0,0,0,0,0,174000,0,0,0,192000,18000,174000,174000
058287,國巨國票9A購02  ,0,0,0,0,0,0,0,0,0,174000,0,0,0,636000,462000,174000,174000
057894,華通元富02購02  ,0,0,0,0,0,0,0,0,0,174000,0,0,0,174000,0,174000,174000
057720,日電貿元富98購01,0,0,0,0,0,0,0,0,0,174000,0,0,0,230000,56000,174000,174000
062881,緯創兆豐9C購01  ,0,0,0,0,0,0,0,0,0,174000,0,0,0,182000,8000,174000,174000
062854,日電貿永豐9B購01,0,0,0,0,0,0,0,0,0,174000,0,0,0,184000,10000,174000,174000
062113,瑞祺國票9B購01  ,0,0,0,0,0,0,0,0,0,174000,0,0,0,220000,46000,174000,174000
064821,聯電統一02購01  ,0,0,0,0,0,0,0,0,0,173000,0,0,0,256000,83000,173000,173000
056269,新日興統一98購01,0,0,0,0,0,0,0,0,0,173000,0,0,0,273000,100000,173000,173000
058774,台郡兆豐9A購01  ,0,0,0,0,0,0,0,0,0,173000,0,0,0,206000,33000,173000,173000
062098,億光永豐9B購01  ,0,0,0,0,0,0,0,0,0,173000,0,0,0,380000,207000,173000,173000
062034,同欣電群益9B購01,0,0,0,0,0,0,0,0,0,173000,0,0,0,191000,18000,173000,173000
06725P,聯電元富98售01  ,0,0,0,0,0,0,0,0,0,172000,0,0,0,212000,40000,172000,172000
064245,GIS統一02購02   ,0,0,0,0,0,0,0,0,0,172000,0,0,0,173000,1000,172000,172000
063705,臻鼎群益9B購03  ,0,0,0,0,0,0,0,0,0,172000,0,0,0,296000,124000,172000,172000
3036,文曄            ,1376000,992000,384000,0,0,0,0,0,0,-213000,62000,323000,-261000,59000,11000,48000,171000
006206,元大上證50      ,286000,9000,277000,0,0,0,0,0,0,-106000,0,190000,-190000,367000,283000,84000,171000
058772,茂林兆豐9A購01  ,0,0,0,0,0,0,0,0,0,171000,0,0,0,210000,39000,171000,171000
061582,麗豐元大9A購01  ,0,0,0,0,0,0,0,0,0,171000,0,0,0,206000,35000,171000,171000
063593,GIS永豐9B購01   ,0,0,0,0,0,0,0,0,0,171000,0,0,0,186000,15000,171000,171000
064651,GIS凱基9C購02   ,0,0,0,0,0,0,0,0,0,170000,0,0,0,171000,1000,170000,170000
054034,景碩中信96購01  ,0,0,0,0,0,0,0,0,0,170000,0,0,0,170000,0,170000,170000
054212,聯詠國票97購03  ,0,0,0,0,0,0,0,0,0,170000,0,0,0,300000,130000,170000,170000
054301,楠梓電凱基98購01,0,0,0,0,0,0,0,0,0,170000,0,0,0,170000,0,170000,170000
058182,日電貿國泰9A購01,0,0,0,0,0,0,0,0,0,170000,0,0,0,200000,30000,170000,170000
064209,燿華凱基01購01  ,0,0,0,0,0,0,0,0,0,170000,0,0,0,197000,27000,170000,170000
064113,新日興國票01購01,0,0,0,0,0,0,0,0,0,170000,0,0,0,201000,31000,170000,170000
062549,中租永豐9B購01  ,0,0,0,0,0,0,0,0,0,170000,0,0,0,398000,228000,170000,170000
064677,金像電兆豐9C購01,0,0,0,0,0,0,0,0,0,169000,0,0,0,190000,21000,169000,169000
064583,光寶科永豐9C購01,0,0,0,0,0,0,0,0,0,169000,0,0,0,208000,39000,169000,169000
055763,鎧勝群益97購01  ,0,0,0,0,0,0,0,0,0,169000,0,0,0,169000,0,169000,169000
061039,台表科永豐9A購03,0,0,0,0,0,0,0,0,0,169000,0,0,0,302000,133000,169000,169000
060847,康控國票9A購01  ,0,0,0,0,0,0,0,0,0,169000,0,0,0,169000,0,169000,169000
06239P,奇力新元大97售08,0,0,0,0,0,0,0,0,0,169000,0,0,0,209000,40000,169000,169000
063167,同欣電永豐9B購03,0,0,0,0,0,0,0,0,0,169000,0,0,0,170000,1000,169000,169000
063377,泰鼎永豐9B購03  ,0,0,0,0,0,0,0,0,0,169000,0,0,0,176000,7000,169000,169000
060375,葡萄王元富9A購01,0,0,0,0,0,0,0,0,0,168000,0,0,0,313000,145000,168000,168000
061722,健策永豐9B購03  ,0,0,0,0,0,0,0,0,0,168000,0,0,0,168000,0,168000,168000
060467,神基元大9A購01  ,0,0,0,0,0,0,0,0,0,168000,0,0,0,313000,145000,168000,168000
064466,聯電元富9C購01  ,0,0,0,0,0,0,0,0,0,168000,0,0,0,314000,146000,168000,168000
062943,世芯凱基9B購03  ,0,0,0,0,0,0,0,0,0,168000,0,0,0,213000,45000,168000,168000
062321,力成台新9B購01  ,0,0,0,0,0,0,0,0,0,168000,0,0,0,202000,34000,168000,168000
3557,嘉威            ,508000,342000,166000,0,0,0,0,0,0,1000,1000,0,1000,0,0,0,167000
056645,大立光凱基98購12,0,0,0,0,0,0,0,0,0,167000,0,0,0,220000,53000,167000,167000
057591,鴻海兆豐99購01  ,0,0,0,0,0,0,0,0,0,167000,0,0,0,167000,0,167000,167000
065027,玉晶光中信03購01,0,0,0,0,0,0,0,0,0,166000,0,0,0,434000,268000,166000,166000
056441,燿華凱基98購01  ,0,0,0,0,0,0,0,0,0,166000,0,0,0,179000,13000,166000,166000
055907,台虹兆豐98購01  ,0,0,0,0,0,0,0,0,0,166000,0,0,0,166000,0,166000,166000
059039,致伸群益99購01  ,0,0,0,0,0,0,0,0,0,166000,0,0,0,258000,92000,166000,166000
059063,康控凱基99購04  ,0,0,0,0,0,0,0,0,0,166000,0,0,0,174000,8000,166000,166000
064266,聯茂永豐9C購01  ,0,0,0,0,0,0,0,0,0,166000,0,0,0,233000,67000,166000,166000
064087,華新科凱基9C購03,0,0,0,0,0,0,0,0,0,166000,0,0,0,167000,1000,166000,166000
8011,台通            ,549000,383000,166000,0,0,0,0,0,0,0,0,0,0,0,0,0,166000
061606,景碩凱基9A購02  ,0,0,0,0,0,0,0,0,0,165000,0,0,0,673000,508000,165000,165000
061164,燿華兆豐9B購01  ,0,0,0,0,0,0,0,0,0,164000,0,0,0,164000,0,164000,164000
060857,旭富富邦9B購01  ,0,0,0,0,0,0,0,0,0,164000,0,0,0,235000,71000,164000,164000
062287,康友群益9B購02  ,0,0,0,0,0,0,0,0,0,164000,0,0,0,197000,33000,164000,164000
063286,嘉澤元大9B購04  ,0,0,0,0,0,0,0,0,0,164000,0,0,0,204000,40000,164000,164000
07806P,健策永豐9A售02  ,0,0,0,0,0,0,0,0,0,163000,0,0,0,169000,6000,163000,163000
060685,康友元大9A購01  ,0,0,0,0,0,0,0,0,0,163000,0,0,0,215000,52000,163000,163000
058429,欣興元富99購01  ,0,0,0,0,0,0,0,0,0,163000,0,0,0,188000,25000,163000,163000
063148,建準元富9B購01  ,0,0,0,0,0,0,0,0,0,163000,0,0,0,242000,79000,163000,163000
062803,嘉晶統一9B購02  ,0,0,0,0,0,0,0,0,0,163000,0,0,0,273000,110000,163000,163000
061956,和大統一01購01  ,0,0,0,0,0,0,0,0,0,163000,0,0,0,290000,127000,163000,163000
4108,懷特            ,363000,200000,163000,0,0,0,0,0,0,0,0,0,0,0,0,0,163000
064581,葡萄王永豐9C購01,0,0,0,0,0,0,0,0,0,162000,0,0,0,162000,0,162000,162000
064671,聯茂元大9C購02  ,0,0,0,0,0,0,0,0,0,162000,0,0,0,245000,83000,162000,162000
057556,智易凱基99購01  ,0,0,0,0,0,0,0,0,0,162000,0,0,0,353000,191000,162000,162000
056855,祥碩中信98購02  ,0,0,0,0,0,0,0,0,0,162000,0,0,0,236000,74000,162000,162000
00651R,FH香港反1       ,8000,0,8000,0,0,0,0,0,0,154000,0,300000,-300000,526000,72000,454000,162000
00762,元大全球AI      ,0,0,0,0,0,0,0,0,0,162000,0,0,0,233000,71000,162000,162000
062203,燿華國票9C購01  ,0,0,0,0,0,0,0,0,0,162000,0,0,0,241000,79000,162000,162000
063715,鈺齊凱基9C購01  ,0,0,0,0,0,0,0,0,0,162000,0,0,0,189000,27000,162000,162000
057244,鈺齊凱基99購01  ,0,0,0,0,0,0,0,0,0,161000,0,0,0,161000,0,161000,161000
058229,為升元大99購02  ,0,0,0,0,0,0,0,0,0,161000,0,0,0,166000,5000,161000,161000
058324,嘉聯益永豐9A購01,0,0,0,0,0,0,0,0,0,161000,0,0,0,325000,164000,161000,161000
061718,GIS凱基9B購01   ,0,0,0,0,0,0,0,0,0,161000,0,0,0,377000,216000,161000,161000
063642,茂林元大9B購08  ,0,0,0,0,0,0,0,0,0,161000,0,0,0,181000,20000,161000,161000
062821,華擎兆豐9C購01  ,0,0,0,0,0,0,0,0,0,161000,0,0,0,252000,91000,161000,161000
06654P,欣興元大98售08  ,0,0,0,0,0,0,0,0,0,160000,0,0,0,160000,0,160000,160000
07587P,台灣50國票9A售11,0,0,0,0,0,0,0,0,0,160000,0,0,0,160000,0,160000,160000
08360P,國巨國泰02售01  ,0,0,0,0,0,0,0,0,0,160000,0,0,0,160000,0,160000,160000
053865,欣興元大97購02  ,0,0,0,0,0,0,0,0,0,160000,0,0,0,180000,20000,160000,160000
061157,聯鈞群益9A購02  ,0,0,0,0,0,0,0,0,0,160000,0,0,0,233000,73000,160000,160000
058795,可成元大99購03  ,0,0,0,0,0,0,0,0,0,160000,0,0,0,462000,302000,160000,160000
060134,鈺齊群益9A購01  ,0,0,0,0,0,0,0,0,0,160000,0,0,0,161000,1000,160000,160000
062904,台光電元大9B購06,0,0,0,0,0,0,0,0,0,160000,0,0,0,234000,74000,160000,160000
063434,和潤元富9B購01  ,0,0,0,0,0,0,0,0,0,160000,0,0,0,211000,51000,160000,160000
056138,群創元大9B購01  ,0,0,0,0,0,0,0,0,0,159000,0,0,0,282000,123000,159000,159000
058531,華通元富99購01  ,0,0,0,0,0,0,0,0,0,159000,0,0,0,159000,0,159000,159000
061269,嘉澤凱基9A購01  ,0,0,0,0,0,0,0,0,0,159000,0,0,0,159000,0,159000,159000
061865,力山元大9B購01  ,0,0,0,0,0,0,0,0,0,159000,0,0,0,184000,25000,159000,159000
061593,智原永豐9A購01  ,0,0,0,0,0,0,0,0,0,159000,0,0,0,200000,41000,159000,159000
064175,華通國泰02購01  ,0,0,0,0,0,0,0,0,0,159000,0,0,0,166000,7000,159000,159000
064034,台表科元大9C購07,0,0,0,0,0,0,0,0,0,159000,0,0,0,230000,71000,159000,159000
064294,和大中信9C購01  ,0,0,0,0,0,0,0,0,0,159000,0,0,0,194000,35000,159000,159000
00728,第一金工業30    ,0,1000,-1000,0,0,0,0,0,0,159000,0,0,0,276000,117000,159000,158000
061160,瑞祺群益9A購01  ,0,0,0,0,0,0,0,0,0,158000,0,0,0,163000,5000,158000,158000
059911,國巨元大99購27  ,0,0,0,0,0,0,0,0,0,158000,0,0,0,240000,82000,158000,158000
062707,致伸元大9B購01  ,0,0,0,0,0,0,0,0,0,158000,0,0,0,218000,60000,158000,158000
063112,祥碩兆豐9B購01  ,0,0,0,0,0,0,0,0,0,158000,0,0,0,272000,114000,158000,158000
052764,景碩群益98購01  ,0,0,0,0,0,0,0,0,0,157000,0,0,0,326000,169000,157000,157000
057355,彩晶統一98購03  ,0,0,0,0,0,0,0,0,0,157000,0,0,0,162000,5000,157000,157000
057617,國巨凱基99購06  ,0,0,0,0,0,0,0,0,0,156000,0,0,0,179000,23000,156000,156000
064306,和潤兆豐01購01  ,0,0,0,0,0,0,0,0,0,156000,0,0,0,194000,38000,156000,156000
063554,GIS國票9C購03   ,0,0,0,0,0,0,0,0,0,155000,0,0,0,155000,0,155000,155000
3048,益登            ,200000,46000,154000,0,0,0,0,0,0,0,0,0,0,0,0,0,154000
054751,GIS凱基98購01   ,0,0,0,0,0,0,0,0,0,154000,0,0,0,154000,0,154000,154000
054640,健策中信9B購01  ,0,0,0,0,0,0,0,0,0,154000,0,0,0,315000,161000,154000,154000
052113,漢唐中信98購01  ,0,0,0,0,0,0,0,0,0,154000,0,0,0,177000,23000,154000,154000
057054,立積元大98購03  ,0,0,0,0,0,0,0,0,0,154000,0,0,0,154000,0,154000,154000
057671,群創元大9B購06  ,0,0,0,0,0,0,0,0,0,154000,0,0,0,214000,60000,154000,154000
060720,嘉聯益永豐9A購02,0,0,0,0,0,0,0,0,0,154000,0,0,0,319000,165000,154000,154000
058820,致茂國泰9B購01  ,0,0,0,0,0,0,0,0,0,154000,0,0,0,154000,0,154000,154000
060209,喬山康和9A購01  ,0,0,0,0,0,0,0,0,0,154000,0,0,0,154000,0,154000,154000
063623,祥碩兆豐9B購02  ,0,0,0,0,0,0,0,0,0,154000,0,0,0,345000,191000,154000,154000
063272,GIS兆豐9C購01   ,0,0,0,0,0,0,0,0,0,154000,0,0,0,240000,86000,154000,154000
057328,京鼎群益99購02  ,0,0,0,0,0,0,0,0,0,153000,0,0,0,155000,2000,153000,153000
058910,泰鼎元大99購03  ,0,0,0,0,0,0,0,0,0,153000,0,0,0,173000,20000,153000,153000
064240,群創統一02購02  ,0,0,0,0,0,0,0,0,0,153000,0,0,0,300000,147000,153000,153000
06684P,緯穎元大98售06  ,0,0,0,0,0,0,0,0,0,152000,0,0,0,637000,485000,152000,152000
052234,GIS凱基97購01   ,0,0,0,0,0,0,0,0,0,152000,0,0,0,172000,20000,152000,152000
056492,全新國泰9A購01  ,0,0,0,0,0,0,0,0,0,152000,0,0,0,302000,150000,152000,152000
058527,世紀鋼元大99購01,0,0,0,0,0,0,0,0,0,152000,0,0,0,200000,48000,152000,152000
060651,瑞儀中信9B購01  ,0,0,0,0,0,0,0,0,0,152000,0,0,0,282000,130000,152000,152000
064258,臻鼎國泰01購02  ,0,0,0,0,0,0,0,0,0,152000,0,0,0,262000,110000,152000,152000
07672P,南電元大9A售05  ,0,0,0,0,0,0,0,0,0,151000,0,0,0,152000,1000,151000,151000
055153,台光電元大98購02,0,0,0,0,0,0,0,0,0,151000,0,0,0,161000,10000,151000,151000
058298,聯茂凱基99購05  ,0,0,0,0,0,0,0,0,0,151000,0,0,0,152000,1000,151000,151000
061378,南六永豐9A購03  ,0,0,0,0,0,0,0,0,0,151000,0,0,0,193000,42000,151000,151000
062916,智易元大9B購01  ,0,0,0,0,0,0,0,0,0,151000,0,0,0,161000,10000,151000,151000
07677P,祥碩永豐9A售01  ,0,0,0,0,0,0,0,0,0,150000,0,0,0,150000,0,150000,150000
064784,祥碩群益9C購01  ,0,0,0,0,0,0,0,0,0,150000,0,0,0,199000,49000,150000,150000
08302P,長榮航國泰02售01,0,0,0,0,0,0,0,0,0,150000,0,0,0,150000,0,150000,150000
056800,臺股指麥證98購01,0,0,0,210000,60000,150000,0,0,0,150000,0,0,0,210000,60000,150000,150000
05639P,欣興統一97售01  ,0,0,0,0,0,0,0,0,0,150000,0,0,0,150000,0,150000,150000
055739,健鼎元富97購01  ,0,0,0,0,0,0,0,0,0,150000,0,0,0,150000,0,150000,150000
060064,華新科兆豐99購07,0,0,0,0,0,0,0,0,0,150000,0,0,0,160000,10000,150000,150000
061326,新日興凱基9B購01,0,0,0,0,0,0,0,0,0,150000,0,0,0,171000,21000,150000,150000
057765,康舒凱基98購01  ,0,0,0,0,0,0,0,0,0,150000,0,0,0,200000,50000,150000,150000
057886,聯詠群益98購01  ,0,0,0,0,0,0,0,0,0,150000,0,0,0,353000,203000,150000,150000
058664,百和兆豐99購01  ,0,0,0,0,0,0,0,0,0,150000,0,0,0,287000,137000,150000,150000
062253,燿華元大9B購02  ,0,0,0,0,0,0,0,0,0,150000,0,0,0,166000,16000,150000,150000
06444P,大立光凱基98售08,0,0,0,0,0,0,0,0,0,150000,0,0,0,150000,0,150000,150000
064121,國巨元大9C購16  ,0,0,0,0,0,0,0,0,0,150000,0,0,0,150000,0,150000,150000
056607,貿聯富邦99購02  ,0,0,0,0,0,0,0,0,0,149000,0,0,0,552000,403000,149000,149000
057742,喬山永豐98購02  ,0,0,0,0,0,0,0,0,0,149000,0,0,0,149000,0,149000,149000
059174,訊芯凱基99購01  ,0,0,0,0,0,0,0,0,0,149000,0,0,0,229000,80000,149000,149000
059242,南亞科凱基99購06,0,0,0,0,0,0,0,0,0,149000,0,0,0,159000,10000,149000,149000
061037,嘉澤永豐9A購01  ,0,0,0,0,0,0,0,0,0,149000,0,0,0,170000,21000,149000,149000
063673,GIS統一9C購02   ,0,0,0,0,0,0,0,0,0,149000,0,0,0,150000,1000,149000,149000
062687,華擎統一01購02  ,0,0,0,0,0,0,0,0,0,149000,0,0,0,209000,60000,149000,149000
08313P,健策國票01售01  ,0,0,0,0,0,0,0,0,0,148000,0,0,0,148000,0,148000,148000
056422,全新統一98購02  ,0,0,0,0,0,0,0,0,0,148000,0,0,0,212000,64000,148000,148000
055093,京鼎群益98購01  ,0,0,0,0,0,0,0,0,0,148000,0,0,0,148000,0,148000,148000
053111,緯創兆豐97購01  ,0,0,0,0,0,0,0,0,0,148000,0,0,0,244000,96000,148000,148000
059253,康控凱基9B購02  ,0,0,0,0,0,0,0,0,0,148000,0,0,0,238000,90000,148000,148000
062293,麗豐永豐9B購01  ,0,0,0,0,0,0,0,0,0,148000,0,0,0,148000,0,148000,148000
063656,台光電元富03購01,0,0,0,0,0,0,0,0,0,148000,0,0,0,563000,415000,148000,148000
064215,康控凱基02購01  ,0,0,0,0,0,0,0,0,0,148000,0,0,0,222000,74000,148000,148000
064370,聯茂統一02購01  ,0,0,0,0,0,0,0,0,0,148000,0,0,0,232000,84000,148000,148000
4551,智伸科          ,107000,118000,-11000,0,0,0,47000,0,47000,112000,85000,8000,77000,35000,0,35000,148000
051382,玉晶光群益98購02,0,0,0,0,0,0,0,0,0,147000,0,0,0,206000,59000,147000,147000
060711,旺宏永豐9A購01  ,0,0,0,0,0,0,0,0,0,147000,0,0,0,147000,0,147000,147000
057674,台郡元大99購03  ,0,0,0,0,0,0,0,0,0,147000,0,0,0,322000,175000,147000,147000
063704,麗豐群益9B購01  ,0,0,0,0,0,0,0,0,0,147000,0,0,0,148000,1000,147000,147000
063403,鈺齊群益9B購01  ,0,0,0,0,0,0,0,0,0,147000,0,0,0,160000,13000,147000,147000
062982,同欣電元富9B購01,0,0,0,0,0,0,0,0,0,147000,0,0,0,328000,181000,147000,147000
055174,精元統一97購01  ,0,0,0,0,0,0,0,0,0,146000,0,0,0,414000,268000,146000,146000
061604,台光電凱基9B購01,0,0,0,0,0,0,0,0,0,146000,0,0,0,149000,3000,146000,146000
060665,康控凱基9A購01  ,0,0,0,0,0,0,0,0,0,145000,0,0,0,225000,80000,145000,145000
057954,宏碁元大99購01  ,0,0,0,0,0,0,0,0,0,145000,0,0,0,145000,0,145000,145000
063035,燿華凱基9B購02  ,0,0,0,0,0,0,0,0,0,145000,0,0,0,198000,53000,145000,145000
062233,神隆凱基9B購01  ,0,0,0,0,0,0,0,0,0,145000,0,0,0,244000,99000,145000,145000
062032,崇越群益9B購01  ,0,0,0,0,0,0,0,0,0,145000,0,0,0,145000,0,145000,145000
063538,神達統一9C購01  ,0,0,0,0,0,0,0,0,0,145000,0,0,0,145000,0,145000,145000
051432,群創元富99購03  ,0,0,0,0,0,0,0,0,0,144000,0,0,0,144000,0,144000,144000
054472,道瓊反中信9A購01,0,0,0,0,0,0,0,0,0,144000,0,0,0,366000,222000,144000,144000
060311,盟立永豐9A購01  ,0,0,0,0,0,0,0,0,0,144000,0,0,0,155000,11000,144000,144000
060641,聯鈞永豐9A購01  ,0,0,0,0,0,0,0,0,0,144000,0,0,0,357000,213000,144000,144000
061704,景碩國票9A購01  ,0,0,0,0,0,0,0,0,0,144000,0,0,0,186000,42000,144000,144000
060752,上銀元大9A購04  ,0,0,0,0,0,0,0,0,0,144000,0,0,0,144000,0,144000,144000
063406,麗豐國票9C購01  ,0,0,0,0,0,0,0,0,0,144000,0,0,0,144000,0,144000,144000
064059,新日興麥證01購01,0,0,0,144000,0,144000,0,0,0,144000,0,0,0,144000,0,144000,144000
062277,廣達群益9B購01  ,0,0,0,0,0,0,0,0,0,144000,0,0,0,200000,56000,144000,144000
08069P,大立光國泰01售02,0,0,0,0,0,0,0,0,0,143000,0,0,0,166000,23000,143000,143000
2399,映泰            ,227000,80000,147000,0,0,0,0,0,0,-4000,0,4000,-4000,0,0,0,143000
057549,台光電凱基98購05,0,0,0,0,0,0,0,0,0,143000,0,0,0,143000,0,143000,143000
061469,瑞祺群益9A購02  ,0,0,0,0,0,0,0,0,0,143000,0,0,0,358000,215000,143000,143000
060714,晶技永豐9A購02  ,0,0,0,0,0,0,0,0,0,143000,0,0,0,153000,10000,143000,143000
058270,上緯控永豐99購01,0,0,0,0,0,0,0,0,0,143000,0,0,0,143000,0,143000,143000
061901,柏文永豐9B購01  ,0,0,0,0,0,0,0,0,0,143000,0,0,0,143000,0,143000,143000
063580,立積國泰9C購01  ,0,0,0,0,0,0,0,0,0,143000,0,0,0,163000,20000,143000,143000
057539,南茂元大98購02  ,0,0,0,0,0,0,0,0,0,142000,0,0,0,297000,155000,142000,142000
057267,康控兆豐99購01  ,0,0,0,0,0,0,0,0,0,142000,0,0,0,180000,38000,142000,142000
058651,FBVIX中信9C購01 ,0,0,0,0,0,0,0,0,0,142000,0,0,0,144000,2000,142000,142000
061749,群創統一9C購02  ,0,0,0,0,0,0,0,0,0,142000,0,0,0,313000,171000,142000,142000
062616,玉晶光元大9C購06,0,0,0,0,0,0,0,0,0,142000,0,0,0,267000,125000,142000,142000
07193P,聯發科元大99售24,0,0,0,0,0,0,0,0,0,141000,0,0,0,142000,1000,141000,141000
056429,華通凱基98購02  ,0,0,0,0,0,0,0,0,0,141000,0,0,0,225000,84000,141000,141000
061616,鴻海群益9A購07  ,0,0,0,0,0,0,0,0,0,141000,0,0,0,141000,0,141000,141000
06188P,大立光元富97售01,0,0,0,0,0,0,0,0,0,141000,0,0,0,141000,0,141000,141000
064075,台積電中信06購01,0,0,0,0,0,0,0,0,0,141000,0,0,0,170000,29000,141000,141000
064605,GIS元富9C購01   ,0,0,0,0,0,0,0,0,0,140000,0,0,0,221000,81000,140000,140000
07895P,美律元大9B售01  ,0,0,0,0,0,0,0,0,0,140000,0,0,0,140000,0,140000,140000
056469,國巨元大99購01  ,0,0,0,0,0,0,0,0,0,140000,0,0,0,328000,188000,140000,140000
054319,世紀鋼凱基96購02,0,0,0,0,0,0,0,0,0,140000,0,0,0,140000,0,140000,140000
058136,景碩元大99購02  ,0,0,0,0,0,0,0,0,0,140000,0,0,0,329000,189000,140000,140000
064427,喬山凱基01購01  ,0,0,0,0,0,0,0,0,0,140000,0,0,0,144000,4000,140000,140000
06209P,旺宏統一97售07  ,0,0,0,0,0,0,0,0,0,140000,0,0,0,140000,0,140000,140000
062306,華通凱基9B購01  ,0,0,0,0,0,0,0,0,0,140000,0,0,0,140000,0,140000,140000
064640,和大凱基03購01  ,0,0,0,0,0,0,0,0,0,139000,0,0,0,185000,46000,139000,139000
058985,可成凱基99購03  ,0,0,0,0,0,0,0,0,0,139000,0,0,0,192000,53000,139000,139000
063196,力成元富9B購01  ,0,0,0,0,0,0,0,0,0,139000,0,0,0,139000,0,139000,139000
064419,鴻海兆豐9C購01  ,0,0,0,0,0,0,0,0,0,139000,0,0,0,140000,1000,139000,139000
064360,台積電統一9C購12,0,0,0,0,0,0,0,0,0,139000,0,0,0,139000,0,139000,139000
064867,華新科永豐9C購03,0,0,0,0,0,0,0,0,0,138000,0,0,0,159000,21000,138000,138000
08352P,大立光群益01售02,0,0,0,0,0,0,0,0,0,138000,0,0,0,138000,0,138000,138000
056940,嘉聯益元富98購01,0,0,0,0,0,0,0,0,0,138000,0,0,0,325000,187000,138000,138000
061820,康控群益9B購02  ,0,0,0,0,0,0,0,0,0,138000,0,0,0,138000,0,138000,138000
061850,國巨國票9C購02  ,0,0,0,0,0,0,0,0,0,138000,0,0,0,168000,30000,138000,138000
058144,聯茂元大99購02  ,0,0,0,0,0,0,0,0,0,138000,0,0,0,138000,0,138000,138000
07082P,美律元大99售06  ,0,0,0,0,0,0,0,0,0,137000,0,0,0,206000,69000,137000,137000
057063,立積國泰9A購01  ,0,0,0,0,0,0,0,0,0,137000,0,0,0,142000,5000,137000,137000
054559,台光電群益99購01,0,0,0,0,0,0,0,0,0,137000,0,0,0,137000,0,137000,137000
061590,金寶永豐9A購01  ,0,0,0,0,0,0,0,0,0,137000,0,0,0,137000,0,137000,137000
064505,康控元大9C購01  ,0,0,0,0,0,0,0,0,0,137000,0,0,0,213000,76000,137000,137000
063980,智易兆豐9C購02  ,0,0,0,0,0,0,0,0,0,137000,0,0,0,147000,10000,137000,137000
064924,健策統一9C購05  ,0,0,0,0,0,0,0,0,0,136000,0,0,0,136000,0,136000,136000
065079,致茂元大9C購01  ,0,0,0,0,0,0,0,0,0,136000,0,0,0,142000,6000,136000,136000
052095,彩晶元大97購01  ,0,0,0,0,0,0,0,0,0,136000,0,0,0,146000,10000,136000,136000
055782,新日興凱基99購01,0,0,0,0,0,0,0,0,0,136000,0,0,0,162000,26000,136000,136000
061535,群創統一9C購01  ,0,0,0,0,0,0,0,0,0,136000,0,0,0,136000,0,136000,136000
061196,世芯永豐9A購06  ,0,0,0,0,0,0,0,0,0,136000,0,0,0,139000,3000,136000,136000
057938,台表科群益98購02,0,0,0,0,0,0,0,0,0,136000,0,0,0,162000,26000,136000,136000
060202,康友元富9A購01  ,0,0,0,0,0,0,0,0,0,136000,0,0,0,162000,26000,136000,136000
060019,彰銀康和99購01  ,0,0,0,0,0,0,0,0,0,136000,0,0,0,136000,0,136000,136000
063476,台表科元大9C購03,0,0,0,0,0,0,0,0,0,136000,0,0,0,218000,82000,136000,136000
062167,燿華永豐9B購01  ,0,0,0,0,0,0,0,0,0,136000,0,0,0,236000,100000,136000,136000
03678C,臺股指凱基01牛02,0,0,0,0,0,0,0,0,0,135000,0,0,0,159000,24000,135000,135000
060421,華擎永豐9A購01  ,0,0,0,0,0,0,0,0,0,135000,0,0,0,176000,41000,135000,135000
060390,聯鈞群益9A購01  ,0,0,0,0,0,0,0,0,0,135000,0,0,0,205000,70000,135000,135000
061040,康友永豐9A購01  ,0,0,0,0,0,0,0,0,0,135000,0,0,0,261000,126000,135000,135000
062030,旭富群益9B購01  ,0,0,0,0,0,0,0,0,0,135000,0,0,0,138000,3000,135000,135000
062438,台光電元大9B購04,0,0,0,0,0,0,0,0,0,135000,0,0,0,194000,59000,135000,135000
063208,鈺齊統一9C購01  ,0,0,0,0,0,0,0,0,0,135000,0,0,0,207000,72000,135000,135000
063374,嘉澤永豐9B購04  ,0,0,0,0,0,0,0,0,0,135000,0,0,0,135000,0,135000,135000
063621,華新科兆豐9B購02,0,0,0,0,0,0,0,0,0,135000,0,0,0,135000,0,135000,135000
061524,華通凱基9A購07  ,0,0,0,0,0,0,0,0,0,134000,0,0,0,153000,19000,134000,134000
062382,燿華國泰9C購01  ,0,0,0,0,0,0,0,0,0,134000,0,0,0,137000,3000,134000,134000
064939,健策元富9C購03  ,0,0,0,0,0,0,0,0,0,133000,0,0,0,133000,0,133000,133000
065018,台達電富邦03購01,110000,0,110000,0,0,0,0,0,0,23000,0,0,0,510000,487000,23000,133000
064673,南茂元大9C購01  ,0,0,0,0,0,0,0,0,0,133000,0,0,0,450000,317000,133000,133000
03414B,臺股指凱基99熊01,23000,0,23000,0,0,0,0,0,0,110000,0,0,0,1129000,1019000,110000,133000
055908,GIS日盛97購01   ,0,0,0,0,0,0,0,0,0,133000,0,0,0,133000,0,133000,133000
056710,漢唐永豐98購01  ,0,0,0,0,0,0,0,0,0,133000,0,0,0,133000,0,133000,133000
059695,聯鈞永豐99購02  ,0,0,0,0,0,0,0,0,0,133000,0,0,0,394000,261000,133000,133000
061668,信邦中信9B購01  ,0,0,0,0,0,0,0,0,0,133000,0,0,0,133000,0,133000,133000
058536,群創統一9B購01  ,0,0,0,0,0,0,0,0,0,133000,0,0,0,148000,15000,133000,133000
062442,華新科元大9C購02,0,0,0,0,0,0,0,0,0,133000,0,0,0,133000,0,133000,133000
062222,華新科統一9B購04,0,0,0,0,0,0,0,0,0,133000,0,0,0,173000,40000,133000,133000
063244,華新科元大9B購11,0,0,0,0,0,0,0,0,0,133000,0,0,0,134000,1000,133000,133000
063311,喬山群益9B購01  ,0,0,0,0,0,0,0,0,0,133000,0,0,0,133000,0,133000,133000
064301,漢唐兆豐01購01  ,0,0,0,0,0,0,0,0,0,133000,0,0,0,134000,1000,133000,133000
064845,華通元富9C購02  ,0,0,0,0,0,0,0,0,0,132000,0,0,0,132000,0,132000,132000
06864P,健策凱基98售01  ,0,0,0,0,0,0,0,0,0,132000,0,0,0,138000,6000,132000,132000
057618,台光電凱基99購01,0,0,0,0,0,0,0,0,0,132000,0,0,0,211000,79000,132000,132000
058739,喬山中信99購01  ,0,0,0,0,0,0,0,0,0,132000,0,0,0,230000,98000,132000,132000
064530,康控中信9C購01  ,0,0,0,0,0,0,0,0,0,132000,0,0,0,180000,48000,132000,132000
062828,聯詠群益9B購02  ,0,0,0,0,0,0,0,0,0,132000,0,0,0,132000,0,132000,132000
057096,緯穎元富98購01  ,0,0,0,0,0,0,0,0,0,131000,0,0,0,131000,0,131000,131000
061229,緯穎中信9B購01  ,0,0,0,0,0,0,0,0,0,131000,0,0,0,131000,0,131000,131000
059944,欣興永豐99購03  ,0,0,0,0,0,0,0,0,0,131000,0,0,0,183000,52000,131000,131000
059121,瑞儀永豐99購01  ,0,0,0,0,0,0,0,0,0,131000,0,0,0,144000,13000,131000,131000
060228,亞德客元大9A購01,0,0,0,0,0,0,0,0,0,131000,0,0,0,135000,4000,131000,131000
8110,華東            ,249000,118000,131000,0,0,0,0,0,0,0,8000,8000,0,0,0,0,131000
07208P,台積電凱基99售14,0,0,0,0,0,0,0,0,0,130000,0,0,0,130000,0,130000,130000
064714,和大統一02購02  ,0,0,0,0,0,0,0,0,0,130000,0,0,0,180000,50000,130000,130000
08220P,華邦電凱基9B售02,0,0,0,0,0,0,0,0,0,130000,0,0,0,130000,0,130000,130000
056423,奇鋐統一98購01  ,0,0,0,0,0,0,0,0,0,130000,0,0,0,130000,0,130000,130000
055963,欣興元大97購04  ,0,0,0,0,0,0,0,0,0,130000,0,0,0,131000,1000,130000,130000
055817,京鼎國票99購01  ,0,0,0,0,0,0,0,0,0,130000,0,0,0,130000,0,130000,130000
055894,欣興統一97購03  ,0,0,0,0,0,0,0,0,0,130000,0,0,0,130000,0,130000,130000
054739,義隆凱基98購02  ,0,0,0,0,0,0,0,0,0,130000,0,0,0,260000,130000,130000,130000
058694,鈺齊國票9A購02  ,0,0,0,0,0,0,0,0,0,130000,0,0,0,160000,30000,130000,130000
061391,晶技群益9A購02  ,0,0,0,0,0,0,0,0,0,130000,0,0,0,130000,0,130000,130000
063042,同欣電凱基9C購01,0,0,0,0,0,0,0,0,0,130000,0,0,0,131000,1000,130000,130000
6141,柏承            ,312000,182000,130000,0,0,0,0,0,0,0,0,0,0,0,0,0,130000
064648,臻鼎凱基9C購02  ,0,0,0,0,0,0,0,0,0,129000,0,0,0,180000,51000,129000,129000
053569,漢唐統一98購01  ,0,0,0,0,0,0,0,0,0,129000,0,0,0,129000,0,129000,129000
057971,華新科富邦9B購02,0,0,0,0,0,0,0,0,0,129000,0,0,0,153000,24000,129000,129000
057985,華通元富02購03  ,0,0,0,0,0,0,0,0,0,129000,0,0,0,129000,0,129000,129000
062681,全新統一01購01  ,0,0,0,0,0,0,0,0,0,129000,0,0,0,129000,0,129000,129000
064061,GIS麥證01購01   ,0,0,0,179000,50000,129000,0,0,0,129000,0,0,0,179000,50000,129000,129000
063362,台表科國泰01購03,0,0,0,0,0,0,0,0,0,129000,0,0,0,129000,0,129000,129000
063553,同欣電國票9B購03,0,0,0,0,0,0,0,0,0,129000,0,0,0,154000,25000,129000,129000
07833P,大立光群益9B售02,0,0,0,0,0,0,0,0,0,128000,0,0,0,131000,3000,128000,128000
057543,華通凱基99購02  ,0,0,0,0,0,0,0,0,0,128000,0,0,0,172000,44000,128000,128000
057988,鈺齊元富98購02  ,0,0,0,0,0,0,0,0,0,128000,0,0,0,156000,28000,128000,128000
057958,禾伸堂元大99購05,0,0,0,0,0,0,0,0,0,128000,0,0,0,129000,1000,128000,128000
058408,華通兆豐99購02  ,0,0,0,0,0,0,0,0,0,128000,0,0,0,128000,0,128000,128000
060823,旺宏元大9A購05  ,0,0,0,0,0,0,0,0,0,128000,0,0,0,138000,10000,128000,128000
063495,台光電富邦9C購01,0,0,0,0,0,0,0,0,0,128000,0,0,0,138000,10000,128000,128000
063891,國巨群益9C購07  ,0,0,0,0,0,0,0,0,0,128000,0,0,0,168000,40000,128000,128000
064131,群創元大01購02  ,0,0,0,0,0,0,0,0,0,128000,0,0,0,188000,60000,128000,128000
064251,緯創元富9C購01  ,0,0,0,0,0,0,0,0,0,128000,0,0,0,634000,506000,128000,128000
062650,南電富邦01購01  ,0,0,0,0,0,0,0,0,0,128000,0,0,0,169000,41000,128000,128000
062834,立積群益9B購02  ,0,0,0,0,0,0,0,0,0,128000,0,0,0,128000,0,128000,128000
1608,華榮            ,193000,66000,127000,0,0,0,0,0,0,0,0,0,0,0,0,0,127000
054318,台虹凱基98購01  ,0,0,0,0,0,0,0,0,0,127000,0,0,0,127000,0,127000,127000
054059,欣興國票97購03  ,0,0,0,0,0,0,0,0,0,127000,0,0,0,127000,0,127000,127000
061327,台郡凱基9A購02  ,0,0,0,0,0,0,0,0,0,127000,0,0,0,239000,112000,127000,127000
060476,瑞祺元大9A購02  ,0,0,0,0,0,0,0,0,0,127000,0,0,0,148000,21000,127000,127000
062711,台表科元大9B購05,0,0,0,0,0,0,0,0,0,127000,0,0,0,142000,15000,127000,127000
062363,燿華元大9B購03  ,0,0,0,0,0,0,0,0,0,127000,0,0,0,228000,101000,127000,127000
063477,訊芯元大9B購01  ,0,0,0,0,0,0,0,0,0,127000,0,0,0,151000,24000,127000,127000
1609,大亞            ,632000,506000,126000,0,0,0,0,0,0,0,0,0,0,0,0,0,126000
08461P,長榮航國票9C售01,0,0,0,0,0,0,0,0,0,126000,0,0,0,126000,0,126000,126000
054943,群光元大97購01  ,0,0,0,0,0,0,0,0,0,126000,0,0,0,126000,0,126000,126000
00646,元大S&P500      ,0,3000,-3000,0,0,0,0,0,0,129000,0,0,0,208000,79000,129000,126000
059051,和大凱基9A購01  ,0,0,0,0,0,0,0,0,0,126000,0,0,0,269000,143000,126000,126000
057718,旺宏元富02購02  ,0,0,0,0,0,0,0,0,0,126000,0,0,0,150000,24000,126000,126000
060232,友訊元大9C購01  ,0,0,0,0,0,0,0,0,0,126000,0,0,0,201000,75000,126000,126000
058495,元大金群益9B購01,0,0,0,0,0,0,0,0,0,126000,0,0,0,155000,29000,126000,126000
063631,燿華元大9B購06  ,0,0,0,0,0,0,0,0,0,126000,0,0,0,131000,5000,126000,126000
063706,台虹群益9B購01  ,0,0,0,0,0,0,0,0,0,126000,0,0,0,138000,12000,126000,126000
064220,力山國票01購01  ,0,0,0,0,0,0,0,0,0,126000,0,0,0,158000,32000,126000,126000
064001,華通凱基02購01  ,0,0,0,0,0,0,0,0,0,126000,0,0,0,179000,53000,126000,126000
062246,力山元大9B購02  ,0,0,0,0,0,0,0,0,0,126000,0,0,0,126000,0,126000,126000
059748,聯發科台新99購03,0,0,0,0,0,0,0,0,0,125000,0,0,0,125000,0,125000,125000
057105,致茂群益9A購01  ,0,0,0,0,0,0,0,0,0,125000,0,0,0,292000,167000,125000,125000
055032,億光富邦99購01  ,0,0,0,0,0,0,0,0,0,125000,0,0,0,160000,35000,125000,125000
055256,日電貿統一99購01,0,0,0,0,0,0,0,0,0,125000,0,0,0,223000,98000,125000,125000
057984,聯發科台新98購01,0,0,0,0,0,0,0,0,0,125000,0,0,0,125000,0,125000,125000
060988,華新科元大9A購12,0,0,0,0,0,0,0,0,0,125000,0,0,0,180000,55000,125000,125000
063214,康控國票9C購01  ,0,0,0,0,0,0,0,0,0,125000,0,0,0,133000,8000,125000,125000
2379,瑞昱            ,2331288,2609979,-278691,0,0,0,395000,1000,394000,9000,45000,85000,-40000,67000,18000,49000,124309
061660,禾伸堂永豐9A購01,0,0,0,0,0,0,0,0,0,124000,0,0,0,240000,116000,124000,124000
3376,新日興          ,373000,378000,-5000,0,0,0,0,0,0,128000,205000,40000,165000,9000,46000,-37000,123000
2493,揚博            ,195000,70000,125000,0,0,0,0,0,0,-2000,0,2000,-2000,0,0,0,123000
08381P,台灣50群益9C售06,0,0,0,0,0,0,0,0,0,123000,0,0,0,133000,10000,123000,123000
08089P,嘉澤凱基9B售03  ,0,0,0,0,0,0,0,0,0,123000,0,0,0,242000,119000,123000,123000
06744P,嘉聯益永豐98售03,0,0,0,0,0,0,0,0,0,123000,0,0,0,217000,94000,123000,123000
054808,東元元大9A購01  ,0,0,0,0,0,0,0,0,0,123000,0,0,0,128000,5000,123000,123000
061213,群創元大9A購05  ,0,0,0,0,0,0,0,0,0,123000,0,0,0,127000,4000,123000,123000
058847,國巨群益99購05  ,0,0,0,0,0,0,0,0,0,123000,0,0,0,206000,83000,123000,123000
063013,技嘉元大9B購02  ,0,0,0,0,0,0,0,0,0,123000,0,0,0,172000,49000,123000,123000
063724,亞德客元大9B購03,0,0,0,0,0,0,0,0,0,123000,0,0,0,133000,10000,123000,123000
055114,新日興凱基98購01,0,0,0,0,0,0,0,0,0,122000,0,0,0,152000,30000,122000,122000
061142,南電統一9A購01  ,0,0,0,0,0,0,0,0,0,122000,0,0,0,144000,22000,122000,122000
061856,台郡國票9B購02  ,0,0,0,0,0,0,0,0,0,122000,0,0,0,203000,81000,122000,122000
064270,華通元大9C購03  ,0,0,0,0,0,0,0,0,0,122000,0,0,0,122000,0,122000,122000
063106,台表科群益9B購03,0,0,0,0,0,0,0,0,0,122000,0,0,0,175000,53000,122000,122000
058741,欣興日盛99購01  ,0,0,0,0,0,0,0,0,0,121000,0,0,0,121000,0,121000,121000
058768,南港兆豐99購01  ,0,0,0,0,0,0,0,0,0,121000,0,0,0,177000,56000,121000,121000
062981,祥碩元富9B購01  ,0,0,0,0,0,0,0,0,0,121000,0,0,0,141000,20000,121000,121000
062730,致伸凱基9B購01  ,0,0,0,0,0,0,0,0,0,121000,0,0,0,268000,147000,121000,121000
064265,嘉聯益永豐9C購02,0,0,0,0,0,0,0,0,0,121000,0,0,0,339000,218000,121000,121000
064371,矽格統一9C購02  ,0,0,0,0,0,0,0,0,0,121000,0,0,0,361000,240000,121000,121000
063560,力山元大9B購05  ,0,0,0,0,0,0,0,0,0,121000,0,0,0,142000,21000,121000,121000
063307,同欣電凱基9B購02,0,0,0,0,0,0,0,0,0,121000,0,0,0,186000,65000,121000,121000
6155,鈞寶            ,137000,16000,121000,0,0,0,0,0,0,0,0,0,0,0,0,0,121000
06748P,智邦台新98售02  ,0,0,0,0,0,0,0,0,0,120000,0,0,0,120000,0,120000,120000
06899P,嘉澤群益98售01  ,0,0,0,0,0,0,0,0,0,120000,0,0,0,120000,0,120000,120000
07471P,南亞科元大9A售01,0,0,0,0,0,0,0,0,0,120000,0,0,0,120000,0,120000,120000
065000,和大國票02購01  ,0,0,0,0,0,0,0,0,0,120000,0,0,0,120000,0,120000,120000
07875P,祥碩群益9B售01  ,0,0,0,0,0,0,0,0,0,120000,0,0,0,120000,0,120000,120000
056753,群創兆豐98購02  ,0,0,0,0,0,0,0,0,0,120000,0,0,0,120000,0,120000,120000
054651,台化麥證97購01  ,0,0,0,120000,0,120000,0,0,0,120000,0,0,0,120000,0,120000,120000
058188,華擎永豐99購01  ,0,0,0,0,0,0,0,0,0,120000,0,0,0,296000,176000,120000,120000
05631P,國巨富邦9A售01  ,0,0,0,0,0,0,0,0,0,120000,0,0,0,190000,70000,120000,120000
058997,鴻海元大99購21  ,0,0,0,0,0,0,0,0,0,120000,0,0,0,170000,50000,120000,120000
060616,宏碁元大9A購02  ,0,0,0,0,0,0,0,0,0,120000,0,0,0,125000,5000,120000,120000
057867,大立光凱基98購17,0,0,0,0,0,0,0,0,0,120000,0,0,0,120000,0,120000,120000
063321,泰鼎群益9B購03  ,0,0,0,0,0,0,0,0,0,120000,0,0,0,141000,21000,120000,120000
064203,康控兆豐9C購02  ,0,0,0,0,0,0,0,0,0,120000,0,0,0,120000,0,120000,120000
064143,旺宏統一01購05  ,0,0,0,0,0,0,0,0,0,120000,0,0,0,121000,1000,120000,120000
063113,聯茂兆豐9B購01  ,0,0,0,0,0,0,0,0,0,120000,0,0,0,134000,14000,120000,120000
062275,燿華群益9B購01  ,0,0,0,0,0,0,0,0,0,120000,0,0,0,125000,5000,120000,120000
059006,樺漢元大99購01  ,0,0,0,0,0,0,0,0,0,119000,0,0,0,297000,178000,119000,119000
058942,南茂中信99購01  ,0,0,0,0,0,0,0,0,0,119000,0,0,0,129000,10000,119000,119000
063191,台表科凱基9B購03,0,0,0,0,0,0,0,0,0,119000,0,0,0,206000,87000,119000,119000
3533,嘉澤            ,708677,489000,219677,0,0,0,93000,188000,-95000,-6000,39000,31000,8000,10000,24000,-14000,118677
060032,利勤永豐99購01  ,0,0,0,0,0,0,0,0,0,118000,0,0,0,118000,0,118000,118000
057466,泰鼎永豐98購01  ,0,0,0,0,0,0,0,0,0,118000,0,0,0,237000,119000,118000,118000
061372,世紀鋼國泰9C購01,0,0,0,0,0,0,0,0,0,118000,0,0,0,160000,42000,118000,118000
062996,致茂國票9C購01  ,0,0,0,0,0,0,0,0,0,118000,0,0,0,141000,23000,118000,118000
062015,喬山永豐9B購01  ,0,0,0,0,0,0,0,0,0,118000,0,0,0,118000,0,118000,118000
064378,群創元富9C購01  ,0,0,0,0,0,0,0,0,0,118000,0,0,0,126000,8000,118000,118000
065098,致伸元大9C購02  ,0,0,0,0,0,0,0,0,0,117000,0,0,0,156000,39000,117000,117000
064672,同欣電元大01購01,0,0,0,0,0,0,0,0,0,117000,0,0,0,118000,1000,117000,117000
064630,巨大元大9C購01  ,0,0,0,0,0,0,0,0,0,117000,0,0,0,117000,0,117000,117000
058687,聯茂凱基9A購01  ,0,0,0,0,0,0,0,0,0,117000,0,0,0,190000,73000,117000,117000
064503,日電貿元大9C購01,0,0,0,0,0,0,0,0,0,117000,0,0,0,136000,19000,117000,117000
062806,世芯統一02購01  ,0,0,0,0,0,0,0,0,0,117000,0,0,0,217000,100000,117000,117000
4142,國光生          ,3943000,3826000,117000,0,0,0,0,0,0,0,0,0,0,0,0,0,117000
4976,佳凌            ,233000,116000,117000,0,0,0,0,0,0,0,0,0,0,0,0,0,117000
07754P,日月光元大9A售02,0,0,0,0,0,0,0,0,0,116000,0,0,0,116000,0,116000,116000
08297P,寶成元大9C售01  ,0,0,0,0,0,0,0,0,0,116000,0,0,0,124000,8000,116000,116000
058147,鈺齊元大99購01  ,0,0,0,0,0,0,0,0,0,116000,0,0,0,116000,0,116000,116000
055781,聯詠凱基98購01  ,0,0,0,0,0,0,0,0,0,116000,0,0,0,150000,34000,116000,116000
056119,欣興群益97購02  ,0,0,0,0,0,0,0,0,0,116000,0,0,0,498000,382000,116000,116000
051843,聯發科富邦99購01,0,0,0,0,0,0,0,0,0,116000,0,0,0,203000,87000,116000,116000
064214,群創凱基03購01  ,0,0,0,0,0,0,0,0,0,116000,0,0,0,116000,0,116000,116000
063682,達新永豐9B購01  ,0,0,0,0,0,0,0,0,0,116000,0,0,0,126000,10000,116000,116000
063634,台光電元大9B購09,0,0,0,0,0,0,0,0,0,116000,0,0,0,149000,33000,116000,116000
063896,世芯群益9C購01  ,0,0,0,0,0,0,0,0,0,116000,0,0,0,146000,30000,116000,116000
2208,台船            ,209000,94000,115000,0,0,0,0,0,0,0,0,0,0,0,0,0,115000
064709,瑞祺永豐9C購01  ,0,0,0,0,0,0,0,0,0,115000,0,0,0,346000,231000,115000,115000
053904,漢唐凱基97購01  ,0,0,0,0,0,0,0,0,0,115000,0,0,0,115000,0,115000,115000
056649,智易凱基98購01  ,0,0,0,0,0,0,0,0,0,115000,0,0,0,159000,44000,115000,115000
057861,台積電凱基98購16,0,0,0,0,0,0,0,0,0,115000,0,0,0,115000,0,115000,115000
057658,玉晶光兆豐99購02,0,0,0,0,0,0,0,0,0,115000,0,0,0,118000,3000,115000,115000
064399,和大凱基02購01  ,0,0,0,0,0,0,0,0,0,115000,0,0,0,143000,28000,115000,115000
064356,矽創元大01購01  ,0,0,0,0,0,0,0,0,0,115000,0,0,0,145000,30000,115000,115000
062978,世芯元富9B購01  ,0,0,0,0,0,0,0,0,0,115000,0,0,0,121000,6000,115000,115000
064713,和大統一02購01  ,0,0,0,0,0,0,0,0,0,114000,0,0,0,187000,73000,114000,114000
056068,欣興元大97購05  ,0,0,0,0,0,0,0,0,0,114000,0,0,0,123000,9000,114000,114000
060629,鴻海富邦9B購01  ,0,0,0,0,0,0,0,0,0,114000,0,0,0,114000,0,114000,114000
063242,聯發科元大9B購19,0,0,0,0,0,0,0,0,0,114000,0,0,0,204000,90000,114000,114000
062946,祥碩國泰9C購02  ,0,0,0,0,0,0,0,0,0,114000,0,0,0,184000,70000,114000,114000
062877,可成兆豐9C購01  ,0,0,0,0,0,0,0,0,0,114000,0,0,0,135000,21000,114000,114000
064543,華通凱基02購02  ,0,0,0,0,0,0,0,0,0,114000,0,0,0,114000,0,114000,114000
063576,台表科元大9B購08,0,0,0,0,0,0,0,0,0,114000,0,0,0,309000,195000,114000,114000
07048P,台積電中信03售01,0,0,0,0,0,0,0,0,0,113000,0,0,0,140000,27000,113000,113000
08379P,台積電國泰02售02,0,0,0,0,0,0,0,0,0,113000,0,0,0,3269000,3156000,113000,113000
056247,台郡群益97購01  ,0,0,0,0,0,0,0,0,0,113000,0,0,0,113000,0,113000,113000
060061,旺宏兆豐99購02  ,0,0,0,0,0,0,0,0,0,113000,0,0,0,160000,47000,113000,113000
056641,華通凱基98購03  ,0,0,0,0,0,0,0,0,0,113000,0,0,0,113000,0,113000,113000
057075,嘉聯益永豐98購01,0,0,0,0,0,0,0,0,0,113000,0,0,0,221000,108000,113000,113000
055381,茂林元大97購02  ,0,0,0,0,0,0,0,0,0,113000,0,0,0,123000,10000,113000,113000
058973,麗豐永豐99購01  ,0,0,0,0,0,0,0,0,0,113000,0,0,0,181000,68000,113000,113000
08112P,臺股指中信01售07,0,0,0,0,0,0,0,0,0,112000,0,0,0,216000,104000,112000,112000
06902P,聯電凱基98售02  ,0,0,0,0,0,0,0,0,0,112000,0,0,0,125000,13000,112000,112000
053651,台光電凱基98購01,0,0,0,0,0,0,0,0,0,112000,0,0,0,157000,45000,112000,112000
053381,友達元大9A購02  ,0,0,0,0,0,0,0,0,0,112000,0,0,0,182000,70000,112000,112000
059170,康控凱基9B購01  ,0,0,0,0,0,0,0,0,0,112000,0,0,0,128000,16000,112000,112000
057816,欣興元大98購13  ,0,0,0,0,0,0,0,0,0,112000,0,0,0,137000,25000,112000,112000
064511,GIS元大9C購05   ,0,0,0,0,0,0,0,0,0,112000,0,0,0,230000,118000,112000,112000
064418,鴻海兆豐01購02  ,0,0,0,0,0,0,0,0,0,112000,0,0,0,112000,0,112000,112000
062413,台光電中信9B購02,0,0,0,0,0,0,0,0,0,112000,0,0,0,135000,23000,112000,112000
1417,嘉裕            ,169000,58000,111000,0,0,0,0,0,0,0,0,0,0,0,0,0,111000
058189,嘉澤永豐99購01  ,0,0,0,0,0,0,0,0,0,111000,0,0,0,151000,40000,111000,111000
062955,立積永豐9B購02  ,0,0,0,0,0,0,0,0,0,111000,0,0,0,117000,6000,111000,111000
063693,智易永豐9B購02  ,0,0,0,0,0,0,0,0,0,111000,0,0,0,146000,35000,111000,111000
063751,祥碩國票9C購02  ,0,0,0,0,0,0,0,0,0,111000,0,0,0,156000,45000,111000,111000
07575P,瑞昱元大9A售02  ,0,0,0,0,0,0,0,0,0,110000,0,0,0,145000,35000,110000,110000
057118,欣興日盛9A購01  ,0,0,0,0,0,0,0,0,0,110000,0,0,0,122000,12000,110000,110000
00647L,元大S&P500正2   ,17000,17000,0,0,0,0,0,0,0,110000,0,0,0,268000,158000,110000,110000
03604P,群創凱基98售05  ,0,0,0,0,0,0,0,0,0,110000,0,0,0,110000,0,110000,110000
055389,國巨統一98購02  ,0,0,0,0,0,0,0,0,0,110000,0,0,0,300000,190000,110000,110000
057838,台郡國泰99購01  ,0,0,0,0,0,0,0,0,0,110000,0,0,0,170000,60000,110000,110000
057773,技嘉群益9A購02  ,0,0,0,0,0,0,0,0,0,110000,0,0,0,112000,2000,110000,110000
060660,國巨凱基9B購04  ,0,0,0,0,0,0,0,0,0,110000,0,0,0,112000,2000,110000,110000
061192,奇鋐永豐9A購01  ,0,0,0,0,0,0,0,0,0,110000,0,0,0,160000,50000,110000,110000
063651,金像電台新9B購01,0,0,0,0,0,0,0,0,0,110000,0,0,0,110000,0,110000,110000
063578,瑞祺元大9B購03  ,0,0,0,0,0,0,0,0,0,110000,0,0,0,206000,96000,110000,110000
063376,神達永豐9B購01  ,0,0,0,0,0,0,0,0,0,110000,0,0,0,110000,0,110000,110000
064081,國產中信06購01  ,0,0,0,0,0,0,0,0,0,110000,0,0,0,120000,10000,110000,110000
064813,祥碩元大9C購05  ,0,0,0,0,0,0,0,0,0,109000,0,0,0,190000,81000,109000,109000
065012,燿華國泰02購01  ,0,0,0,0,0,0,0,0,0,109000,0,0,0,126000,17000,109000,109000
056356,台積電元大99購01,0,0,0,0,0,0,0,0,0,109000,0,0,0,129000,20000,109000,109000
052766,玉晶光群益9A購01,0,0,0,0,0,0,0,0,0,109000,0,0,0,112000,3000,109000,109000
056709,華通永豐98購01  ,0,0,0,0,0,0,0,0,0,109000,0,0,0,119000,10000,109000,109000
058005,茂林群益98購04  ,0,0,0,0,0,0,0,0,0,109000,0,0,0,207000,98000,109000,109000
062983,緯穎元富9B購01  ,0,0,0,0,0,0,0,0,0,109000,0,0,0,116000,7000,109000,109000
064902,健策群益01購03  ,0,0,0,0,0,0,0,0,0,108000,0,0,0,110000,2000,108000,108000
07576P,可成元大9A售01  ,0,0,0,0,0,0,0,0,0,108000,0,0,0,108000,0,108000,108000
056020,義隆群益97購01  ,0,0,0,0,0,0,0,0,0,108000,0,0,0,108000,0,108000,108000
056639,國產康和98購01  ,0,0,0,0,0,0,0,0,0,108000,0,0,0,108000,0,108000,108000
054767,日電貿國票98購01,0,0,0,0,0,0,0,0,0,108000,0,0,0,108000,0,108000,108000
058014,上銀凱基99購02  ,0,0,0,0,0,0,0,0,0,108000,0,0,0,108000,0,108000,108000
059224,大立光元大99購15,0,0,0,0,0,0,0,0,0,108000,0,0,0,154000,46000,108000,108000
060962,義隆凱基9B購01  ,0,0,0,0,0,0,0,0,0,108000,0,0,0,158000,50000,108000,108000
059510,華新科永豐99購07,0,0,0,0,0,0,0,0,0,108000,0,0,0,148000,40000,108000,108000
062213,和大統一9B購02  ,0,0,0,0,0,0,0,0,0,108000,0,0,0,108000,0,108000,108000
064550,南茂凱基01購01  ,0,0,0,0,0,0,0,0,0,108000,0,0,0,116000,8000,108000,108000
063508,緯創群益9B購01  ,0,0,0,0,0,0,0,0,0,108000,0,0,0,198000,90000,108000,108000
063907,華通凱基9C購03  ,0,0,0,0,0,0,0,0,0,108000,0,0,0,120000,12000,108000,108000
064754,漢唐凱基02購01  ,0,0,0,0,0,0,0,0,0,107000,0,0,0,120000,13000,107000,107000
08158P,嘉澤元富9B售03  ,0,0,0,0,0,0,0,0,0,107000,0,0,0,197000,90000,107000,107000
060933,南電永豐9A購02  ,0,0,0,0,0,0,0,0,0,107000,0,0,0,110000,3000,107000,107000
064318,彩晶群益9C購01  ,0,0,0,0,0,0,0,0,0,107000,0,0,0,129000,22000,107000,107000
062086,瑞祺元大9B購01  ,0,0,0,0,0,0,0,0,0,107000,0,0,0,235000,128000,107000,107000
063209,巨大統一01購01  ,0,0,0,0,0,0,0,0,0,107000,0,0,0,316000,209000,107000,107000
063134,裕隆統一01購01  ,0,0,0,0,0,0,0,0,0,107000,0,0,0,924000,817000,107000,107000
064674,鈺齊元大9C購01  ,0,0,0,0,0,0,0,0,0,106000,0,0,0,204000,98000,106000,106000
055477,同欣電凱基98購01,0,0,0,0,0,0,0,0,0,106000,0,0,0,106000,0,106000,106000
056494,緯創國泰99購01  ,0,0,0,0,0,0,0,0,0,106000,0,0,0,118000,12000,106000,106000
058522,聯茂元大99購07  ,0,0,0,0,0,0,0,0,0,106000,0,0,0,285000,179000,106000,106000
058881,全新永豐99購01  ,0,0,0,0,0,0,0,0,0,106000,0,0,0,154000,48000,106000,106000
058736,鈺齊永豐99購02  ,0,0,0,0,0,0,0,0,0,106000,0,0,0,136000,30000,106000,106000
062389,台表科國泰01購01,0,0,0,0,0,0,0,0,0,106000,0,0,0,137000,31000,106000,106000
064358,台達電統一01購02,0,0,0,0,0,0,0,0,0,106000,0,0,0,269000,163000,106000,106000
06437P,玉晶光國票99售01,0,0,0,0,0,0,0,0,0,106000,0,0,0,106000,0,106000,106000
064593,鈺齊永豐9C購01  ,0,0,0,0,0,0,0,0,0,105000,0,0,0,239000,134000,105000,105000
2464,盟立            ,274000,152000,122000,0,0,0,0,0,0,-17000,0,0,0,0,17000,-17000,105000
056325,群創兆豐9A購01  ,0,0,0,0,0,0,0,0,0,105000,0,0,0,105000,0,105000,105000
059096,百和元大99購04  ,0,0,0,0,0,0,0,0,0,105000,0,0,0,105000,0,105000,105000
056813,聯茂統一99購01  ,0,0,0,0,0,0,0,0,0,105000,0,0,0,119000,14000,105000,105000
061123,燿華永豐9A購01  ,0,0,0,0,0,0,0,0,0,105000,0,0,0,210000,105000,105000,105000
063482,緯穎元大9B購09  ,0,0,0,0,0,0,0,0,0,105000,0,0,0,161000,56000,105000,105000
3024,憶聲            ,366000,262000,104000,0,0,0,0,0,0,0,0,0,0,0,0,0,104000
08118P,嘉澤元富9B售02  ,0,0,0,0,0,0,0,0,0,104000,0,0,0,167000,63000,104000,104000
064888,景碩中信9C購01  ,0,0,0,0,0,0,0,0,0,104000,0,0,0,416000,312000,104000,104000
07579P,聯茂元大9A售01  ,0,0,0,0,0,0,0,0,0,104000,0,0,0,264000,160000,104000,104000
054426,國泰金富邦97購02,0,0,0,0,0,0,0,0,0,104000,0,0,0,104000,0,104000,104000
00678,群益NBI生技     ,14000,0,14000,0,0,0,0,0,0,90000,0,0,0,90000,0,90000,104000
059036,可成群益9B購03  ,0,0,0,0,0,0,0,0,0,104000,0,0,0,134000,30000,104000,104000
056578,智易元大99購02  ,0,0,0,0,0,0,0,0,0,104000,0,0,0,152000,48000,104000,104000
059865,國巨凱基01購01  ,0,0,0,0,0,0,0,0,0,104000,0,0,0,794000,690000,104000,104000
063591,麗豐永豐9B購02  ,0,0,0,0,0,0,0,0,0,104000,0,0,0,162000,58000,104000,104000
064100,義隆群益9C購01  ,0,0,0,0,0,0,0,0,0,104000,0,0,0,272000,168000,104000,104000
064096,台積電群益9C購07,0,0,0,0,0,0,0,0,0,104000,0,0,0,114000,10000,104000,104000
062138,力成群益9B購01  ,0,0,0,0,0,0,0,0,0,104000,0,0,0,148000,44000,104000,104000
062994,祥碩群益9B購05  ,0,0,0,0,0,0,0,0,0,104000,0,0,0,185000,81000,104000,104000
062807,和碩統一9B購01  ,0,0,0,0,0,0,0,0,0,104000,0,0,0,626000,522000,104000,104000
07634P,金像電元大9A售01,0,0,0,0,0,0,0,0,0,103000,0,0,0,105000,2000,103000,103000
07703P,玉晶光中信9B售03,0,0,0,0,0,0,0,0,0,103000,0,0,0,143000,40000,103000,103000
064894,漢唐群益9C購02  ,0,0,0,0,0,0,0,0,0,103000,0,0,0,108000,5000,103000,103000
065102,同欣電元大9C購07,0,0,0,0,0,0,0,0,0,103000,0,0,0,118000,15000,103000,103000
064592,同欣電永豐9C購01,0,0,0,0,0,0,0,0,0,103000,0,0,0,103000,0,103000,103000
064814,祥碩元大9C購06  ,0,0,0,0,0,0,0,0,0,103000,0,0,0,395000,292000,103000,103000
056461,樺漢凱基98購02  ,0,0,0,0,0,0,0,0,0,103000,0,0,0,103000,0,103000,103000
055787,聯茂凱基99購01  ,0,0,0,0,0,0,0,0,0,103000,0,0,0,123000,20000,103000,103000
055317,金寶國票98購01  ,0,0,0,0,0,0,0,0,0,103000,0,0,0,103000,0,103000,103000
061390,大立光群益9A購04,0,0,0,0,0,0,0,0,0,103000,0,0,0,123000,20000,103000,103000
061788,信邦群益9B購01  ,0,0,0,0,0,0,0,0,0,103000,0,0,0,128000,25000,103000,103000
05887P,友達元富99售03  ,0,0,0,0,0,0,0,0,0,103000,0,0,0,172000,69000,103000,103000
063024,祥碩元大9B購05  ,0,0,0,0,0,0,0,0,0,103000,0,0,0,196000,93000,103000,103000
063143,嘉澤統一9B購02  ,0,0,0,0,0,0,0,0,0,103000,0,0,0,133000,30000,103000,103000
063225,茂林群益9B購04  ,0,0,0,0,0,0,0,0,0,103000,0,0,0,114000,11000,103000,103000
064031,玉晶光元大02購01,0,0,0,0,0,0,0,0,0,103000,0,0,0,205000,102000,103000,103000
063393,華通群益9C購05  ,0,0,0,0,0,0,0,0,0,103000,0,0,0,154000,51000,103000,103000
063732,建準元大9B購02  ,0,0,0,0,0,0,0,0,0,103000,0,0,0,140000,37000,103000,103000
06800P,台灣50群益9A售02,0,0,0,0,0,0,0,0,0,102000,0,0,0,102000,0,102000,102000
1515,力山            ,997000,809000,188000,0,0,0,0,0,0,-86000,0,0,0,7000,93000,-86000,102000
058990,GIS凱基99購02   ,0,0,0,0,0,0,0,0,0,102000,0,0,0,102000,0,102000,102000
058528,世紀鋼元大99購02,0,0,0,0,0,0,0,0,0,102000,0,0,0,102000,0,102000,102000
058661,臺股指中信9C購01,0,0,0,0,0,0,0,0,0,102000,0,0,0,102000,0,102000,102000
063680,寶成富邦9C購01  ,0,0,0,0,0,0,0,0,0,102000,0,0,0,130000,28000,102000,102000
063388,台光電兆豐9C購01,0,0,0,0,0,0,0,0,0,102000,0,0,0,147000,45000,102000,102000
064032,群創元大9C購06  ,0,0,0,0,0,0,0,0,0,102000,0,0,0,179000,77000,102000,102000
063972,緯創國票9C購01  ,0,20000,-20000,0,0,0,0,0,0,122000,0,0,0,263000,141000,122000,102000
062883,智易兆豐9C購01  ,0,0,0,0,0,0,0,0,0,102000,0,0,0,128000,26000,102000,102000
062921,GIS元大9B購01   ,0,0,0,0,0,0,0,0,0,102000,0,0,0,102000,0,102000,102000
062597,世紀鋼統一01購01,0,0,0,0,0,0,0,0,0,102000,0,0,0,102000,0,102000,102000
060289,京元電元大9A購01,0,0,0,0,0,0,0,0,0,101000,0,0,0,180000,79000,101000,101000
060850,康友國票9A購03  ,0,0,0,0,0,0,0,0,0,101000,0,0,0,124000,23000,101000,101000
060872,高股息中信02購01,0,0,0,0,0,0,0,0,0,101000,0,0,0,101000,0,101000,101000
061418,世紀鋼群益9A購02,0,0,0,0,0,0,0,0,0,101000,0,0,0,101000,0,101000,101000
061368,南六國票9A購01  ,0,0,0,0,0,0,0,0,0,101000,0,0,0,101000,0,101000,101000
063445,金像電統一9B購01,0,0,0,0,0,0,0,0,0,101000,0,0,0,101000,0,101000,101000
08136P,祥碩國泰01售01  ,0,0,0,0,0,0,0,0,0,100000,0,0,0,509000,409000,100000,100000
08146P,台積電群益9B售08,0,0,0,0,0,0,0,0,0,100000,0,0,0,100000,0,100000,100000
08148P,長榮航群益9B售03,0,0,0,0,0,0,0,0,0,100000,0,0,0,100000,0,100000,100000
07850P,健策群益9A售06  ,0,0,0,0,0,0,0,0,0,100000,0,0,0,100000,0,100000,100000
06896P,信邦中信98售01  ,0,0,0,0,0,0,0,0,0,100000,0,0,0,100000,0,100000,100000
07044P,台積電元大99售13,0,0,0,0,0,0,0,0,0,100000,0,0,0,390000,290000,100000,100000
07652P,臺股指中信9A售07,0,0,0,0,0,0,0,0,0,100000,0,0,0,100000,0,100000,100000
07325P,台積電元大99售41,0,0,0,0,0,0,0,0,0,100000,0,0,0,100000,0,100000,100000
06483P,聯發科凱基98售10,0,0,0,0,0,0,0,0,0,100000,0,0,0,100000,0,100000,100000
053734,友達中信98購02  ,0,0,0,0,0,0,0,0,0,100000,0,0,0,100000,0,100000,100000
054307,高鐵凱基98購01  ,0,0,0,0,0,0,0,0,0,100000,0,0,0,101000,1000,100000,100000
054253,宏達電元大97購03,0,0,0,0,0,0,0,0,0,100000,0,0,0,100000,0,100000,100000
054765,亞光國票98購02  ,0,0,0,0,0,0,0,0,0,100000,0,0,0,100000,0,100000,100000
052744,聯詠元大97購01  ,0,0,0,0,0,0,0,0,0,100000,0,0,0,100000,0,100000,100000
052367,聯茂國票96購02  ,0,0,0,0,0,0,0,0,0,100000,0,0,0,100000,0,100000,100000
053364,友達國泰98購01  ,0,0,0,0,0,0,0,0,0,100000,0,0,0,100000,0,100000,100000
053342,全新國票99購01  ,0,0,0,0,0,0,0,0,0,100000,0,0,0,100000,0,100000,100000
05519P,上証2X凱基98售01,0,0,0,0,0,0,0,0,0,100000,0,0,0,100000,0,100000,100000
055901,超眾中信97購01  ,0,0,0,0,0,0,0,0,0,100000,0,0,0,120000,20000,100000,100000
056732,國巨凱基98購07  ,0,0,0,0,0,0,0,0,0,100000,0,0,0,100000,0,100000,100000
056205,貿聯永豐97購01  ,0,0,0,0,0,0,0,0,0,100000,0,0,0,100000,0,100000,100000
059054,國巨凱基99購11  ,0,0,0,0,0,0,0,0,0,100000,0,0,0,112000,12000,100000,100000
058170,國巨凱基9A購06  ,0,0,0,0,0,0,0,0,0,100000,0,0,0,100000,0,100000,100000
059763,華擎永豐99購03  ,0,0,0,0,0,0,0,0,0,100000,0,0,0,127000,27000,100000,100000
056452,亞光凱基98購02  ,0,0,0,0,0,0,0,0,0,100000,0,0,0,100000,0,100000,100000
056542,緯創凱基98購01  ,0,0,0,0,0,0,0,0,0,100000,0,0,0,308000,208000,100000,100000
057523,大成鋼元大99購01,0,0,0,0,0,0,0,0,0,100000,0,0,0,262000,162000,100000,100000
057103,禾伸堂中信9A購01,0,0,0,0,0,0,0,0,0,100000,0,0,0,120000,20000,100000,100000
057505,健策麥證98購01  ,0,0,0,590000,10000,580000,0,0,0,100000,0,0,0,590000,490000,100000,100000
057197,立積台新98購01  ,0,0,0,0,0,0,0,0,0,100000,0,0,0,102000,2000,100000,100000
057217,奇力新群益99購01,0,0,0,0,0,0,0,0,0,100000,0,0,0,100000,0,100000,100000
057114,台虹群益98購01  ,0,0,0,0,0,0,0,0,0,100000,0,0,0,100000,0,100000,100000
061346,玉晶光元大9B購03,0,0,0,0,0,0,0,0,0,100000,0,0,0,111000,11000,100000,100000
061271,聯茂凱基9A購04  ,0,0,0,0,0,0,0,0,0,100000,0,0,0,150000,50000,100000,100000
061228,聯茂中信9A購01  ,0,0,0,0,0,0,0,0,0,100000,0,0,0,100000,0,100000,100000
061237,晶技元大9A購01  ,0,0,0,0,0,0,0,0,0,100000,0,0,0,100000,0,100000,100000
059972,S&P正2元大99購03,0,0,0,0,0,0,0,0,0,100000,0,0,0,100000,0,100000,100000
058692,華邦電國票9B購01,0,0,0,0,0,0,0,0,0,100000,0,0,0,100000,0,100000,100000
058007,南電群益98購02  ,0,0,0,0,0,0,0,0,0,100000,0,0,0,100000,0,100000,100000
058113,百和元富98購01  ,0,0,0,0,0,0,0,0,0,100000,0,0,0,100000,0,100000,100000
063799,華邦電凱基9C購02,0,0,0,0,0,0,0,0,0,100000,0,0,0,102000,2000,100000,100000
064228,同欣電國票01購01,0,0,0,0,0,0,0,0,0,100000,0,0,0,100000,0,100000,100000
06431P,新日興元大97售05,0,0,0,0,0,0,0,0,0,100000,0,0,0,100000,0,100000,100000
062441,華新科元大9C購01,0,0,0,0,0,0,0,0,0,100000,0,0,0,100000,0,100000,100000
062814,台光電兆豐9B購01,0,0,0,0,0,0,0,0,0,100000,0,0,0,119000,19000,100000,100000
062759,旺宏凱基9B購07  ,0,0,0,0,0,0,0,0,0,100000,0,0,0,100000,0,100000,100000
6504,南六            ,355041,271000,84041,0,0,0,10000,10000,0,15000,45000,20000,25000,12000,22000,-10000,99041
06870P,台灣50群益9A售03,0,0,0,0,0,0,0,0,0,99000,0,0,0,99000,0,99000,99000
2450,神腦            ,130000,31000,99000,0,0,0,0,0,0,0,0,0,0,0,0,0,99000
055619,同欣電國票98購02,0,0,0,0,0,0,0,0,0,99000,0,0,0,99000,0,99000,99000
052847,漢唐統一99購01  ,0,0,0,0,0,0,0,0,0,99000,0,0,0,99000,0,99000,99000
054562,亞光群益98購01  ,0,0,0,0,0,0,0,0,0,99000,0,0,0,99000,0,99000,99000
055244,國巨統一98購01  ,0,0,0,0,0,0,0,0,0,99000,0,0,0,135000,36000,99000,99000
060236,精元元大9C購01  ,0,0,0,0,0,0,0,0,0,99000,0,0,0,180000,81000,99000,99000
060886,國巨統一01購03  ,0,0,0,0,0,0,0,0,0,99000,0,0,0,99000,0,99000,99000
060677,京元電元大9A購04,0,0,0,0,0,0,0,0,0,99000,0,0,0,181000,82000,99000,99000
059005,嘉晶元大99購06  ,0,0,0,0,0,0,0,0,0,99000,0,0,0,102000,3000,99000,99000
063089,巨大凱基9C購01  ,0,0,0,0,0,0,0,0,0,99000,0,0,0,105000,6000,99000,99000
061994,瑞儀元大9B購01  ,0,0,0,0,0,0,0,0,0,99000,0,0,0,151000,52000,99000,99000
063354,茂林元富9B購02  ,0,0,0,0,0,0,0,0,0,99000,0,0,0,204000,105000,99000,99000
064795,致伸國票01購01  ,0,0,0,0,0,0,0,0,0,98000,0,0,0,98000,0,98000,98000
054371,台積電中信9C購01,0,0,0,0,0,0,0,0,0,98000,0,0,0,165000,67000,98000,98000
059040,訊芯群益99購03  ,0,0,0,0,0,0,0,0,0,98000,0,0,0,98000,0,98000,98000
057636,上銀元大98購06  ,0,0,0,0,0,0,0,0,0,98000,0,0,0,98000,0,98000,98000
058078,景碩國票99購01  ,0,0,0,0,0,0,0,0,0,98000,0,0,0,106000,8000,98000,98000
058006,台郡群益98購04  ,0,0,0,0,0,0,0,0,0,98000,0,0,0,98000,0,98000,98000
063459,華通元大9B購08  ,0,0,0,0,0,0,0,0,0,98000,0,0,0,117000,19000,98000,98000
064299,宏碁兆豐9C購01  ,0,0,0,0,0,0,0,0,0,98000,0,0,0,183000,85000,98000,98000
056133,可成元大97購05  ,0,0,0,0,0,0,0,0,0,97000,0,0,0,97000,0,97000,97000
056851,瑞儀元富98購01  ,0,0,0,0,0,0,0,0,0,97000,0,0,0,147000,50000,97000,97000
055287,日電貿元大97購01,0,0,0,0,0,0,0,0,0,97000,0,0,0,97000,0,97000,97000
056836,國巨元富98購01  ,0,0,0,0,0,0,0,0,0,97000,0,0,0,97000,0,97000,97000
060715,日電貿永豐9A購01,0,0,0,0,0,0,0,0,0,97000,0,0,0,197000,100000,97000,97000
060195,旭富元富9A購02  ,0,0,0,0,0,0,0,0,0,97000,0,0,0,98000,1000,97000,97000
059877,康控凱基99購05  ,0,0,0,0,0,0,0,0,0,97000,0,0,0,189000,92000,97000,97000
061159,同欣電群益9A購01,0,0,0,0,0,0,0,0,0,97000,0,0,0,107000,10000,97000,97000
062407,同欣電永豐9B購01,0,0,0,0,0,0,0,0,0,97000,0,0,0,108000,11000,97000,97000
063086,祥碩凱基9C購01  ,0,0,0,0,0,0,0,0,0,97000,0,0,0,162000,65000,97000,97000
08282P,南六群益9C售01  ,0,0,0,0,0,0,0,0,0,96000,0,0,0,357000,261000,96000,96000
056602,嘉澤國泰99購01  ,0,0,0,0,0,0,0,0,0,96000,0,0,0,96000,0,96000,96000
056271,嘉澤統一97購01  ,0,0,0,0,0,0,0,0,0,96000,0,0,0,121000,25000,96000,96000
060072,國巨元富99購04  ,0,0,0,0,0,0,0,0,0,96000,0,0,0,140000,44000,96000,96000
062891,台汽電群益9B購01,0,0,0,0,0,0,0,0,0,96000,0,0,0,196000,100000,96000,96000
064020,華通元大01購01  ,0,0,0,0,0,0,0,0,0,96000,0,0,0,96000,0,96000,96000
4958,臻鼎-KY         ,4872360,5315606,-443246,0,0,0,328000,0,328000,211000,174000,54000,120000,138000,47000,91000,95754
064835,嘉晶統一02購01  ,0,0,0,0,0,0,0,0,0,95000,0,0,0,234000,139000,95000,95000
064985,台表科元大9C購09,0,0,0,0,0,0,0,0,0,95000,0,0,0,159000,64000,95000,95000
07117P,SGBR2X凱基9C售01,0,0,0,0,0,0,0,0,0,95000,0,0,0,95000,0,95000,95000
055575,華新科統一98購01,0,0,0,0,0,0,0,0,0,95000,0,0,0,95000,0,95000,95000
057043,台積電元大99購02,0,0,0,0,0,0,0,0,0,95000,0,0,0,216000,121000,95000,95000
057460,楠梓電永豐98購03,0,0,0,0,0,0,0,0,0,95000,0,0,0,95000,0,95000,95000
052779,欣興國票97購01  ,0,0,0,0,0,0,0,0,0,95000,0,0,0,95000,0,95000,95000
05306P,泰碩國泰97售01  ,0,0,0,0,0,0,0,0,0,95000,0,0,0,100000,5000,95000,95000
061838,華新科凱基05購03,0,0,0,0,0,0,0,0,0,95000,0,0,0,97000,2000,95000,95000
057662,上銀元大9A購01  ,0,0,0,0,0,0,0,0,0,95000,0,0,0,110000,15000,95000,95000
060879,華新科中信9A購02,0,0,0,0,0,0,0,0,0,95000,0,0,0,95000,0,95000,95000
061006,新光金兆豐9A購01,0,0,0,0,0,0,0,0,0,95000,0,0,0,95000,0,95000,95000
057959,欣興元大98購14  ,0,0,0,0,0,0,0,0,0,95000,0,0,0,116000,21000,95000,95000
057849,南茂永豐98購02  ,0,0,0,0,0,0,0,0,0,95000,0,0,0,174000,79000,95000,95000
064169,南電統一9C購01  ,0,0,0,0,0,0,0,0,0,95000,0,0,0,114000,19000,95000,95000
064516,華通群益02購01  ,0,0,0,0,0,0,0,0,0,95000,0,0,0,100000,5000,95000,95000
063528,元大金凱基9B購01,0,0,0,0,0,0,0,0,0,95000,0,0,0,220000,125000,95000,95000
062688,華擎統一01購03  ,0,0,0,0,0,0,0,0,0,95000,0,0,0,95000,0,95000,95000
062576,華擎群益9B購02  ,0,0,0,0,0,0,0,0,0,95000,0,0,0,240000,145000,95000,95000
062145,億光國票9B購01  ,0,0,0,0,0,0,0,0,0,95000,0,0,0,130000,35000,95000,95000
07610P,大立光國票9A售04,0,0,0,0,0,0,0,0,0,94000,0,0,0,94000,0,94000,94000
064984,同欣電元大9C購06,0,0,0,0,0,0,0,0,0,94000,0,0,0,104000,10000,94000,94000
064586,緯創永豐9C購01  ,0,0,0,0,0,0,0,0,0,94000,0,0,0,146000,52000,94000,94000
00641R,富邦日本反1     ,20000,2000,18000,0,0,0,0,0,0,76000,0,0,0,213000,137000,76000,94000
055603,超眾元大97購04  ,0,0,0,0,0,0,0,0,0,94000,0,0,0,104000,10000,94000,94000
056166,微星台新97購01  ,0,0,0,0,0,0,0,0,0,94000,0,0,0,94000,0,94000,94000
060129,祥碩永豐99購03  ,0,0,0,0,0,0,0,0,0,94000,0,0,0,95000,1000,94000,94000
060633,玉晶光富邦02購01,0,0,0,0,0,0,0,0,0,94000,0,0,0,98000,4000,94000,94000
060785,國巨富邦9B購04  ,0,0,0,0,0,0,0,0,0,94000,0,0,0,99000,5000,94000,94000
058822,樺漢國泰9B購01  ,0,0,0,0,0,0,0,0,0,94000,0,0,0,226000,132000,94000,94000
061743,祥碩凱基9B購02  ,0,0,0,0,0,0,0,0,0,94000,0,0,0,110000,16000,94000,94000
063363,鴻海富邦9B購02  ,0,0,0,0,0,0,0,0,0,94000,0,0,0,134000,40000,94000,94000
063898,旭富群益9C購01  ,0,0,0,0,0,0,0,0,0,94000,0,0,0,94000,0,94000,94000
064164,祥碩統一01購05  ,0,0,0,0,0,0,0,0,0,94000,0,0,0,854000,760000,94000,94000
07747P,晶技凱基9A售04  ,0,0,0,0,0,0,0,0,0,93000,0,0,0,93000,0,93000,93000
06813P,友訊元富98售03  ,0,0,0,0,0,0,0,0,0,93000,0,0,0,181000,88000,93000,93000
08047P,臺股指國票9B售12,0,0,0,0,0,0,0,0,0,93000,0,0,0,93000,0,93000,93000
055916,奇鋐凱基99購01  ,0,0,0,0,0,0,0,0,0,93000,0,0,0,103000,10000,93000,93000
00664R,國泰臺灣加權反1 ,0,0,0,0,0,0,0,0,0,93000,0,0,0,502000,409000,93000,93000
00693U,街口S&P黃豆     ,5000,5000,0,0,0,0,0,0,0,93000,0,0,0,119000,26000,93000,93000
061573,義隆元大9A購02  ,0,0,0,0,0,0,0,0,0,93000,0,0,0,158000,65000,93000,93000
059850,日電貿永豐99購01,0,0,0,0,0,0,0,0,0,93000,0,0,0,93000,0,93000,93000
064006,晶技凱基9C購02  ,0,0,0,0,0,0,0,0,0,93000,0,0,0,103000,10000,93000,93000
063349,台郡統一9C購01  ,0,0,0,0,0,0,0,0,0,93000,0,0,0,517000,424000,93000,93000
062172,南六永豐9B購01  ,0,0,0,0,0,0,0,0,0,93000,0,0,0,108000,15000,93000,93000
06186P,鴻海統一97售02  ,0,0,0,0,0,0,0,0,0,93000,0,0,0,93000,0,93000,93000
063050,葡萄王統一01購01,0,0,0,0,0,0,0,0,0,93000,0,0,0,233000,140000,93000,93000
08490P,上銀元大9C售08  ,0,0,0,0,0,0,0,0,0,92000,0,0,0,92000,0,92000,92000
060040,康控國票99購04  ,0,0,0,0,0,0,0,0,0,92000,0,0,0,92000,0,92000,92000
055667,致茂群益98購01  ,0,0,0,0,0,0,0,0,0,92000,0,0,0,92000,0,92000,92000
056419,欣興元富98購02  ,0,0,0,0,0,0,0,0,0,92000,0,0,0,107000,15000,92000,92000
057450,國泰金元富98購01,0,0,0,0,0,0,0,0,0,92000,0,0,0,92000,0,92000,92000
057060,緯穎元大98購05  ,0,0,0,0,0,0,0,0,0,92000,0,0,0,136000,44000,92000,92000
059951,台塑康和99購01  ,0,0,0,0,0,0,0,0,0,92000,0,0,0,98000,6000,92000,92000
060712,建準永豐9A購01  ,0,0,0,0,0,0,0,0,0,92000,0,0,0,99000,7000,92000,92000
058520,智易元大99購03  ,0,0,0,0,0,0,0,0,0,92000,0,0,0,211000,119000,92000,92000
062679,技嘉統一01購01  ,0,0,0,0,0,0,0,0,0,92000,0,0,0,158000,66000,92000,92000
063530,同欣電凱基9C購02,0,0,0,0,0,0,0,0,0,92000,0,0,0,98000,6000,92000,92000
064411,台表科凱基02購01,0,0,0,0,0,0,0,0,0,92000,0,0,0,230000,138000,92000,92000
06984P,上銀富邦9B售01  ,0,0,0,0,0,0,0,0,0,91000,0,0,0,91000,0,91000,91000
07711P,世芯元大9A售07  ,0,0,0,0,0,0,0,0,0,91000,0,0,0,91000,0,91000,91000
056605,台積電富邦9B購02,0,0,0,0,0,0,0,0,0,91000,0,0,0,101000,10000,91000,91000
059041,南茂群益99購02  ,0,40000,-40000,0,0,0,0,0,0,131000,0,0,0,160000,29000,131000,91000
056144,GIS元大98購01   ,0,0,0,0,0,0,0,0,0,91000,0,0,0,107000,16000,91000,91000
055160,玉晶光元大99購03,0,0,0,0,0,0,0,0,0,91000,0,0,0,94000,3000,91000,91000
061791,康友群益9B購01  ,0,0,0,0,0,0,0,0,0,91000,0,0,0,191000,100000,91000,91000
060573,力成永豐9A購01  ,0,0,0,0,0,0,0,0,0,91000,0,0,0,91000,0,91000,91000
057721,華擎元富98購02  ,0,0,0,0,0,0,0,0,0,91000,0,0,0,190000,99000,91000,91000
058631,鈺齊國票9A購01  ,0,0,0,0,0,0,0,0,0,91000,0,0,0,96000,5000,91000,91000
064221,華通國票01購01  ,20000,10000,10000,0,0,0,0,0,0,81000,0,0,0,146000,65000,81000,91000
063526,台光電凱基9B購04,0,0,0,0,0,0,0,0,0,91000,0,0,0,91000,0,91000,91000
062811,鴻海兆豐9B購01  ,0,0,0,0,0,0,0,0,0,91000,0,0,0,91000,0,91000,91000
063103,技嘉群益9B購01  ,0,0,0,0,0,0,0,0,0,91000,0,0,0,113000,22000,91000,91000
07750P,台表科凱基9A售04,0,0,0,0,0,0,0,0,0,90000,0,0,0,90000,0,90000,90000
07446P,台灣50元大9A售06,0,0,0,0,0,0,0,0,0,90000,0,0,0,110000,20000,90000,90000
07124P,台積電元大99售21,0,0,0,0,0,0,0,0,0,90000,0,0,0,100000,10000,90000,90000
064981,致伸元大9C購01  ,0,0,0,0,0,0,0,0,0,90000,0,0,0,110000,20000,90000,90000
055198,奇力新第一97購01,0,0,0,0,0,0,0,0,0,90000,0,0,0,90000,0,90000,90000
051861,鴻海凱基98購01  ,0,0,0,0,0,0,0,0,0,90000,0,0,0,90000,0,90000,90000
00662,富邦NASDAQ      ,0,45000,-45000,0,0,0,0,0,0,135000,0,0,0,238000,103000,135000,90000
056769,國產元大98購01  ,0,0,0,0,0,0,0,0,0,90000,0,0,0,90000,0,90000,90000
057377,康控元大99購02  ,0,0,0,0,0,0,0,0,0,90000,0,0,0,160000,70000,90000,90000
056950,亞光統一99購01  ,0,0,0,0,0,0,0,0,0,90000,0,0,0,90000,0,90000,90000
057196,茂林台新98購01  ,0,0,0,0,0,0,0,0,0,90000,0,0,0,100000,10000,90000,90000
057930,旺宏群益99購04  ,0,0,0,0,0,0,0,0,0,90000,0,0,0,90000,0,90000,90000
061136,可成統一9A購01  ,0,0,0,0,0,0,0,0,0,90000,0,0,0,90000,0,90000,90000
057606,健策統一98購03  ,0,0,0,0,0,0,0,0,0,90000,0,0,0,90000,0,90000,90000
060456,正隆元大9A購01  ,0,0,0,0,0,0,0,0,0,90000,0,0,0,125000,35000,90000,90000
062677,儒鴻統一01購01  ,0,0,0,0,0,0,0,0,0,90000,0,0,0,100000,10000,90000,90000
063894,漢唐群益9C購01  ,0,0,0,0,0,0,0,0,0,90000,0,0,0,95000,5000,90000,90000
064145,宏碁統一02購01  ,0,0,0,0,0,0,0,0,0,90000,0,0,0,107000,17000,90000,90000
064520,京鼎群益02購01  ,0,0,0,0,0,0,0,0,0,90000,0,0,0,90000,0,90000,90000
064905,嘉聯益群益9C購01,0,0,0,0,0,0,0,0,0,89000,0,0,0,248000,159000,89000,89000
065126,世芯永豐9C購02  ,0,0,0,0,0,0,0,0,0,89000,0,0,0,98000,9000,89000,89000
064573,復盛群益9C購01  ,0,0,0,0,0,0,0,0,0,89000,0,0,0,89000,0,89000,89000
064765,緯穎凱基9C購02  ,0,0,0,0,0,0,0,0,0,89000,0,0,0,195000,106000,89000,89000
057045,美律元大99購04  ,0,0,0,0,0,0,0,0,0,89000,0,0,0,90000,1000,89000,89000
055698,茂林國票98購03  ,0,0,0,0,0,0,0,0,0,89000,0,0,0,89000,0,89000,89000
058075,貿聯凱基99購02  ,0,0,0,0,0,0,0,0,0,89000,0,0,0,292000,203000,89000,89000
060164,合勤控永豐9A購01,0,0,0,0,0,0,0,0,0,89000,0,0,0,154000,65000,89000,89000
063605,健策凱基9C購02  ,0,0,0,0,0,0,0,0,0,89000,0,0,0,89000,0,89000,89000
063545,華通兆豐9B購03  ,0,0,0,0,0,0,0,0,0,89000,0,0,0,99000,10000,89000,89000
062544,信錦永豐9B購01  ,0,0,0,0,0,0,0,0,0,89000,0,0,0,89000,0,89000,89000
062482,台表科國票9B購01,0,0,0,0,0,0,0,0,0,89000,0,0,0,114000,25000,89000,89000
062396,華通永豐9B購01  ,0,0,0,0,0,0,0,0,0,89000,0,0,0,97000,8000,89000,89000
057077,國巨統一98購06  ,0,0,0,0,0,0,0,0,0,88000,0,0,0,88000,0,88000,88000
057506,聯鈞國票99購02  ,0,0,0,0,0,0,0,0,0,88000,0,0,0,339000,251000,88000,88000
057554,新日興凱基99購02,0,0,0,0,0,0,0,0,0,88000,0,0,0,108000,20000,88000,88000
059959,訊芯康和99購01  ,0,0,0,0,0,0,0,0,0,88000,0,0,0,156000,68000,88000,88000
059852,康控永豐99購02  ,0,0,0,0,0,0,0,0,0,88000,0,0,0,180000,92000,88000,88000
061028,聚陽永豐9A購01  ,0,0,0,0,0,0,0,0,0,88000,0,0,0,134000,46000,88000,88000
060876,國巨中信9A購04  ,0,0,0,0,0,0,0,0,0,88000,0,0,0,88000,0,88000,88000
060931,GIS永豐9A購01   ,0,0,0,0,0,0,0,0,0,88000,0,0,0,91000,3000,88000,88000
060376,瑞祺元富9A購01  ,0,0,0,0,0,0,0,0,0,88000,0,0,0,637000,549000,88000,88000
061536,華擎統一9C購02  ,0,0,0,0,0,0,0,0,0,88000,0,0,0,229000,141000,88000,88000
063259,廣達富邦9C購01  ,3000,0,3000,0,0,0,0,0,0,85000,0,0,0,314000,229000,85000,88000
063635,漢唐元大9B購04  ,0,0,0,0,0,0,0,0,0,88000,0,0,0,161000,73000,88000,88000
064881,聯茂兆豐01購02  ,0,0,0,0,0,0,0,0,0,87000,0,0,0,186000,99000,87000,87000
064591,臻鼎永豐9C購01  ,0,0,0,0,0,0,0,0,0,87000,0,0,0,87000,0,87000,87000
064696,群創群益9C購02  ,0,0,0,0,0,0,0,0,0,87000,0,0,0,87000,0,87000,87000
064898,國產群益9C購01  ,0,0,0,0,0,0,0,0,0,87000,0,0,0,87000,0,87000,87000
055551,致茂凱基98購01  ,0,0,0,0,0,0,0,0,0,87000,0,0,0,136000,49000,87000,87000
054064,台郡國票97購04  ,0,0,0,0,0,0,0,0,0,87000,0,0,0,87000,0,87000,87000
054201,聯詠富邦97購02  ,0,0,0,0,0,0,0,0,0,87000,0,0,0,88000,1000,87000,87000
052572,群創凱基99購01  ,0,0,0,0,0,0,0,0,0,87000,0,0,0,101000,14000,87000,87000
042116,元油2X國票97購01,0,0,0,0,0,0,0,0,0,87000,0,0,0,87000,0,87000,87000
061707,超眾國票9B購01  ,0,0,0,0,0,0,0,0,0,87000,0,0,0,109000,22000,87000,87000
061395,健策統一9C購02  ,0,0,0,0,0,0,0,0,0,87000,0,0,0,98000,11000,87000,87000
058851,大立光群益99購07,0,0,0,0,0,0,0,0,0,87000,0,0,0,88000,1000,87000,87000
063821,南亞科麥證9C購01,0,0,0,105000,18000,87000,0,0,0,87000,0,0,0,105000,18000,87000,87000
064354,同欣電元大9C購05,0,0,0,0,0,0,0,0,0,87000,0,0,0,183000,96000,87000,87000
062914,嘉澤元大9B購02  ,0,0,0,0,0,0,0,0,0,87000,0,0,0,173000,86000,87000,87000
064660,華通元大9C購05  ,0,0,0,0,0,0,0,0,0,86000,0,0,0,95000,9000,86000,86000
064610,儒鴻元大9C購03  ,0,0,0,0,0,0,0,0,0,86000,0,0,0,117000,31000,86000,86000
08400P,美律元富9C售02  ,0,0,0,0,0,0,0,0,0,86000,0,0,0,151000,65000,86000,86000
07777P,創意元大9A售03  ,0,0,0,0,0,0,0,0,0,86000,0,0,0,186000,100000,86000,86000
3607,谷崧            ,100000,13000,87000,0,0,0,0,0,0,-1000,0,1000,-1000,0,0,0,86000
054882,台光電統一97購02,0,0,0,0,0,0,0,0,0,86000,0,0,0,87000,1000,86000,86000
056454,欣興凱基98購02  ,0,0,0,0,0,0,0,0,0,86000,0,0,0,86000,0,86000,86000
057207,立積元富98購02  ,0,0,0,0,0,0,0,0,0,86000,0,0,0,87000,1000,86000,86000
060123,光罩永豐99購02  ,0,0,0,0,0,0,0,0,0,86000,0,0,0,202000,116000,86000,86000
061545,華新科群益9A購09,0,0,0,0,0,0,0,0,0,86000,0,0,0,87000,1000,86000,86000
058702,國巨元大99購16  ,0,0,0,0,0,0,0,0,0,86000,0,0,0,131000,45000,86000,86000
059938,凱美永豐99購01  ,0,0,0,0,0,0,0,0,0,86000,0,0,0,226000,140000,86000,86000
063657,茂林元富9B購04  ,0,0,0,0,0,0,0,0,0,86000,0,0,0,86000,0,86000,86000
1337,再生-KY         ,166000,81000,85000,0,0,0,0,0,0,0,0,0,0,0,0,0,85000
08049P,臺股指國票9B售14,0,0,0,0,0,0,0,0,0,85000,0,0,0,125000,40000,85000,85000
08427P,義隆國票9C售01  ,0,0,0,0,0,0,0,0,0,85000,0,0,0,95000,10000,85000,85000
064874,和大兆豐9C購01  ,0,0,0,0,0,0,0,0,0,85000,0,0,0,85000,0,85000,85000
058207,南茂凱基99購01  ,0,0,0,0,0,0,0,0,0,85000,0,0,0,188000,103000,85000,85000
055726,台表科元大98購03,0,0,0,0,0,0,0,0,0,85000,0,0,0,128000,43000,85000,85000
056120,聯茂群益97購02  ,0,0,0,0,0,0,0,0,0,85000,0,0,0,98000,13000,85000,85000
056178,嘉澤元富97購02  ,0,0,0,0,0,0,0,0,0,85000,0,0,0,105000,20000,85000,85000
054349,同欣電國票97購02,0,0,0,0,0,0,0,0,0,85000,0,0,0,159000,74000,85000,85000
052777,燿華國票98購01  ,0,0,0,0,0,0,0,0,0,85000,0,0,0,85000,0,85000,85000
051484,玉晶光凱基97購01,0,0,0,0,0,0,0,0,0,85000,0,0,0,174000,89000,85000,85000
058377,茂林凱基9A購03  ,0,0,0,0,0,0,0,0,0,85000,0,0,0,89000,4000,85000,85000
058518,玉晶光元大99購13,0,0,0,0,0,0,0,0,0,85000,0,0,0,108000,23000,85000,85000
058106,神達統一98購02  ,0,0,0,0,0,0,0,0,0,85000,0,0,0,95000,10000,85000,85000
058401,華航元大9A購01  ,0,0,0,0,0,0,0,0,0,85000,0,0,0,85000,0,85000,85000
061595,智易永豐9A購02  ,0,0,0,0,0,0,0,0,0,85000,0,0,0,85000,0,85000,85000
06322P,超眾統一97售04  ,0,0,0,0,0,0,0,0,0,85000,0,0,0,100000,15000,85000,85000
062282,禾伸堂群益9B購01,0,0,0,0,0,0,0,0,0,85000,0,0,0,85000,0,85000,85000
3518,柏騰            ,130000,45000,85000,0,0,0,0,0,0,-1000,0,1000,-1000,0,0,0,84000
056921,京元電兆豐98購01,0,0,0,0,0,0,0,0,0,84000,0,0,0,104000,20000,84000,84000
061339,京元電元大9A購05,0,0,0,0,0,0,0,0,0,84000,0,0,0,184000,100000,84000,84000
061416,聯茂群益9A購01  ,0,0,0,0,0,0,0,0,0,84000,0,0,0,87000,3000,84000,84000
060798,旭富永豐9A購01  ,0,0,0,0,0,0,0,0,0,84000,0,0,0,85000,1000,84000,84000
059307,T50反1元大99購06,0,0,0,0,0,0,0,0,0,84000,0,0,0,85000,1000,84000,84000
060599,國巨凱基9C購01  ,0,0,0,0,0,0,0,0,0,84000,0,0,0,264000,180000,84000,84000
062235,億光凱基9B購01  ,0,0,0,0,0,0,0,0,0,84000,0,0,0,92000,8000,84000,84000
062122,國巨統一02購01  ,0,0,0,0,0,0,0,0,0,84000,0,0,0,94000,10000,84000,84000
063045,國巨兆豐9C購02  ,0,0,0,0,0,0,0,0,0,84000,0,0,0,86000,2000,84000,84000
063628,華通元大9B購09  ,0,0,0,0,0,0,0,0,0,84000,0,0,0,184000,100000,84000,84000
063890,正隆群益9C購01  ,0,0,0,0,0,0,0,0,0,84000,0,0,0,90000,6000,84000,84000
063435,儒鴻統一01購02  ,0,0,0,0,0,0,0,0,0,84000,0,0,0,212000,128000,84000,84000
064625,健策元大01購02  ,0,0,0,0,0,0,0,0,0,83000,0,0,0,97000,14000,83000,83000
06592P,欣興元大98售04  ,0,0,0,0,0,0,0,0,0,83000,0,0,0,130000,47000,83000,83000
050890,南電富邦99購01  ,0,0,0,0,0,0,0,0,0,83000,0,0,0,166000,83000,83000,83000
043538,元石油國票97購01,0,0,0,0,0,0,0,0,0,83000,0,0,0,83000,0,83000,83000
054898,台肥康和97購01  ,0,0,0,0,0,0,0,0,0,83000,0,0,0,83000,0,83000,83000
058375,群創凱基9B購04  ,0,0,0,0,0,0,0,0,0,83000,0,0,0,85000,2000,83000,83000
060861,漢唐永豐9A購01  ,0,0,0,0,0,0,0,0,0,83000,0,0,0,101000,18000,83000,83000
060506,京元電元大9A購02,0,0,0,0,0,0,0,0,0,83000,0,0,0,219000,136000,83000,83000
061307,和潤永豐9A購02  ,0,0,0,0,0,0,0,0,0,83000,0,0,0,83000,0,83000,83000
061726,台積電麥證9A購05,0,0,0,83000,0,83000,0,0,0,83000,0,0,0,83000,0,83000,83000
061801,祥碩永豐9B購01  ,0,0,0,0,0,0,0,0,0,83000,0,0,0,84000,1000,83000,83000
063433,臻鼎元富9B購01  ,0,0,0,0,0,0,0,0,0,83000,0,0,0,393000,310000,83000,83000
064552,巨大凱基01購01  ,0,0,0,0,0,0,0,0,0,83000,0,0,0,157000,74000,83000,83000
062084,台郡元大9B購04  ,0,0,0,0,0,0,0,0,0,83000,0,0,0,220000,137000,83000,83000
06862P,大立光凱基98售16,0,0,0,0,0,0,0,0,0,82000,0,0,0,131000,49000,82000,82000
064702,百和群益01購01  ,0,0,0,0,0,0,0,0,0,82000,0,0,0,82000,0,82000,82000
064854,祥碩麥證9C購01  ,0,0,0,121000,39000,82000,0,0,0,82000,0,0,0,121000,39000,82000,82000
064957,台表科凱基02購02,0,0,0,0,0,0,0,0,0,82000,0,0,0,243000,161000,82000,82000
056971,麗豐永豐98購01  ,0,0,0,0,0,0,0,0,0,82000,0,0,0,170000,88000,82000,82000
056905,欣興元大98購03  ,0,0,0,0,0,0,0,0,0,82000,0,0,0,142000,60000,82000,82000
057479,致茂元大98購03  ,0,0,0,0,0,0,0,0,0,82000,0,0,0,82000,0,82000,82000
061516,力成永豐9A購02  ,0,0,0,0,0,0,0,0,0,82000,0,0,0,259000,177000,82000,82000
059165,南亞科凱基99購04,0,0,0,0,0,0,0,0,0,82000,0,0,0,82000,0,82000,82000
057813,京元電元大98購03,0,0,0,0,0,0,0,0,0,82000,0,0,0,678000,596000,82000,82000
058108,台郡台新99購01  ,0,0,0,0,0,0,0,0,0,82000,0,0,0,215000,133000,82000,82000
062133,大成鋼群益9B購01,0,0,0,0,0,0,0,0,0,82000,0,0,0,82000,0,82000,82000
062029,牧德群益9B購03  ,0,0,0,0,0,0,0,0,0,82000,0,0,0,82000,0,82000,82000
064451,技嘉統一01購02  ,0,0,0,0,0,0,0,0,0,82000,0,0,0,82000,0,82000,82000
9935,慶豐富          ,313000,231000,82000,0,0,0,0,0,0,0,0,0,0,0,0,0,82000
07033P,大立光統一9B售03,0,0,0,0,0,0,0,0,0,81000,0,0,0,82000,1000,81000,81000
07051P,大立光中信99售02,0,0,0,0,0,0,0,0,0,81000,0,0,0,81000,0,81000,81000
07531P,大立光國泰9B售03,0,0,0,0,0,0,0,0,0,81000,0,0,0,81000,0,81000,81000
3406,玉晶光          ,2115000,2355000,-240000,0,0,0,310000,0,310000,11000,97000,187000,-90000,210000,109000,101000,81000
08092P,仁寶元富9B售02  ,0,0,0,0,0,0,0,0,0,81000,0,0,0,85000,4000,81000,81000
057137,鈺齊凱基98購01  ,0,0,0,0,0,0,0,0,0,81000,0,0,0,81000,0,81000,81000
056810,群創統一9A購01  ,0,0,0,0,0,0,0,0,0,81000,0,0,0,209000,128000,81000,81000
053677,同欣電國泰97購01,0,0,0,0,0,0,0,0,0,81000,0,0,0,84000,3000,81000,81000
058421,國泰金麥證01購01,0,0,0,81000,0,81000,0,0,0,81000,0,0,0,81000,0,81000,81000
058674,宏達電群益99購01,0,0,0,0,0,0,0,0,0,81000,0,0,0,168000,87000,81000,81000
060841,宏達電國票9B購01,0,0,0,0,0,0,0,0,0,81000,0,0,0,101000,20000,81000,81000
064522,華擎群益01購01  ,0,0,0,0,0,0,0,0,0,81000,0,0,0,81000,0,81000,81000
063943,台光電元大9C購02,0,0,0,0,0,0,0,0,0,81000,0,0,0,98000,17000,81000,81000
4961,天鈺            ,234000,153000,81000,0,0,0,0,0,0,0,0,0,0,0,0,0,81000
07773P,台灣50群益9A售15,0,0,0,0,0,0,0,0,0,80000,0,0,0,80000,0,80000,80000
07462P,臺股指元大9B售05,0,0,0,0,0,0,0,0,0,80000,0,0,0,90000,10000,80000,80000
07337P,台灣50凱基99售09,0,0,0,0,0,0,0,0,0,80000,0,0,0,80000,0,80000,80000
07305P,T50正2群益99售02,0,0,0,0,0,0,0,0,0,80000,0,0,0,160000,80000,80000,80000
065196,技嘉元富06購01  ,0,0,0,0,0,0,0,0,0,80000,0,0,0,80000,0,80000,80000
054674,台光電台新97購01,0,0,0,0,0,0,0,0,0,80000,0,0,0,80000,0,80000,80000
057388,奇鋐永豐98購02  ,0,0,0,0,0,0,0,0,0,80000,0,0,0,90000,10000,80000,80000
054805,台苯元大9A購01  ,0,0,0,0,0,0,0,0,0,80000,0,0,0,80000,0,80000,80000
057271,國巨元大98購17  ,0,0,0,0,0,0,0,0,0,80000,0,0,0,100000,20000,80000,80000
052126,群創國票97購01  ,0,0,0,0,0,0,0,0,0,80000,0,0,0,80000,0,80000,80000
057474,T50反1元大98購09,0,0,0,0,0,0,0,0,0,80000,0,0,0,80000,0,80000,80000
05749P,臺股指群益99售03,0,0,0,0,0,0,0,0,0,80000,0,0,0,100000,20000,80000,80000
056981,全新群益99購03  ,0,0,0,0,0,0,0,0,0,80000,0,0,0,80000,0,80000,80000
057100,國巨中信9A購02  ,0,0,0,0,0,0,0,0,0,80000,0,0,0,80000,0,80000,80000
055626,力山永豐97購01  ,0,0,0,0,0,0,0,0,0,80000,0,0,0,80000,0,80000,80000
055849,聯詠元大97購05  ,0,0,0,0,0,0,0,0,0,80000,0,0,0,80000,0,80000,80000
058733,同欣電永豐99購02,0,0,0,0,0,0,0,0,0,80000,0,0,0,90000,10000,80000,80000
060287,燿華元大9A購01  ,0,0,0,0,0,0,0,0,0,80000,0,0,0,132000,52000,80000,80000
058477,億光凱基9A購01  ,0,0,0,0,0,0,0,0,0,80000,0,0,0,302000,222000,80000,80000
057780,台郡群益98購02  ,0,0,0,0,0,0,0,0,0,80000,0,0,0,80000,0,80000,80000
058017,漢唐凱基99購01  ,0,0,0,0,0,0,0,0,0,80000,0,0,0,110000,30000,80000,80000
061369,T50反1國泰9B購03,0,0,0,0,0,0,0,0,0,80000,0,0,0,100000,20000,80000,80000
061278,和大統一9A購01  ,0,0,0,0,0,0,0,0,0,80000,0,0,0,80000,0,80000,80000
060513,緯穎元大9B購01  ,0,0,0,0,0,0,0,0,0,80000,0,0,0,163000,83000,80000,80000
058892,元油2X元大9C購08,0,0,0,0,0,0,0,0,0,80000,0,0,0,80000,0,80000,80000
060454,葡萄王元大9A購01,0,0,0,0,0,0,0,0,0,80000,0,0,0,92000,12000,80000,80000
064409,彩晶凱基04購01  ,0,0,0,0,0,0,0,0,0,80000,0,0,0,172000,92000,80000,80000
062492,牧德第一9B購01  ,0,0,0,0,0,0,0,0,0,80000,0,0,0,90000,10000,80000,80000
063120,台光電元大9C購01,0,0,0,0,0,0,0,0,0,80000,0,0,0,97000,17000,80000,80000
062765,祥碩凱基9B購04  ,0,0,0,0,0,0,0,0,0,80000,0,0,0,80000,0,80000,80000
065096,世芯元大9C購03  ,0,0,0,0,0,0,0,0,0,79000,0,0,0,185000,106000,79000,79000
064733,南六統一9C購03  ,0,0,0,0,0,0,0,0,0,79000,0,0,0,139000,60000,79000,79000
08098P,大立光凱基9B售09,0,0,0,0,0,0,0,0,0,79000,0,0,0,79000,0,79000,79000
056460,同欣電凱基99購01,0,0,0,0,0,0,0,0,0,79000,0,0,0,189000,110000,79000,79000
056998,麗豐康和98購01  ,0,0,0,0,0,0,0,0,0,79000,0,0,0,418000,339000,79000,79000
052308,大立光國泰97購02,0,0,0,0,0,0,0,0,0,79000,0,0,0,79000,0,79000,79000
057375,欣興元大98購09  ,0,0,0,0,0,0,0,0,0,79000,0,0,0,79000,0,79000,79000
060229,楠梓電元大9C購01,0,0,0,0,0,0,0,0,0,79000,0,0,0,110000,31000,79000,79000
060674,瑞昱元大9A購03  ,0,0,0,0,0,0,0,0,0,79000,0,0,0,104000,25000,79000,79000
062862,瑞儀國票9B購01  ,0,0,0,0,0,0,0,0,0,79000,0,0,0,91000,12000,79000,79000
062036,致新群益9B購01  ,0,0,0,0,0,0,0,0,0,79000,0,0,0,157000,78000,79000,79000
8454,富邦媒          ,298780,220740,78040,0,0,0,8000,2000,6000,-6000,2000,8000,-6000,0,0,0,78040
2820,華票            ,17000,376000,-359000,0,0,0,438000,0,438000,-1000,0,1000,-1000,0,0,0,78000
064976,景碩元大9C購01  ,0,0,0,0,0,0,0,0,0,78000,0,0,0,930000,852000,78000,78000
07211P,南亞科凱基99售05,0,0,0,0,0,0,0,0,0,78000,0,0,0,78000,0,78000,78000
052888,台表科中信9A購01,0,0,0,0,0,0,0,0,0,78000,0,0,0,78000,0,78000,78000
056320,京鼎群益99購01  ,0,0,0,0,0,0,0,0,0,78000,0,0,0,168000,90000,78000,78000
059176,臺股指凱基99購27,0,0,0,0,0,0,0,0,0,78000,0,0,0,80000,2000,78000,78000
059918,華新科元大99購20,0,0,0,0,0,0,0,0,0,78000,0,0,0,109000,31000,78000,78000
060967,鈺齊凱基9A購02  ,0,0,0,0,0,0,0,0,0,78000,0,0,0,138000,60000,78000,78000
060556,緯穎凱基9A購04  ,0,0,0,0,0,0,0,0,0,78000,0,0,0,234000,156000,78000,78000
060784,鴻海富邦9C購01  ,0,0,0,0,0,0,0,0,0,78000,0,0,0,78000,0,78000,78000
061620,禾伸堂群益9A購02,0,0,0,0,0,0,0,0,0,78000,0,0,0,178000,100000,78000,78000
062490,聯茂永豐9B購01  ,0,0,0,0,0,0,0,0,0,78000,0,0,0,78000,0,78000,78000
063102,旺宏群益9B購03  ,0,0,0,0,0,0,0,0,0,78000,0,0,0,78000,0,78000,78000
06657P,寶成元大98售01  ,0,0,0,0,0,0,0,0,0,77000,0,0,0,87000,10000,77000,77000
065087,可成元大9C購08  ,0,0,0,0,0,0,0,0,0,77000,0,0,0,77000,0,77000,77000
1786,科妍            ,95000,18000,77000,0,0,0,0,0,0,0,2000,2000,0,0,0,0,77000
058212,華新科群益9A購01,0,0,0,0,0,0,0,0,0,77000,0,0,0,77000,0,77000,77000
059037,宏達電群益99購02,0,0,0,0,0,0,0,0,0,77000,0,0,0,77000,0,77000,77000
055569,聚陽統一98購01  ,0,0,0,0,0,0,0,0,0,77000,0,0,0,77000,0,77000,77000
020000,富邦特選蘋果N   ,0,0,0,0,0,0,0,0,0,77000,0,0,0,77000,0,77000,77000
057378,康友元大98購02  ,0,0,0,0,0,0,0,0,0,77000,0,0,0,99000,22000,77000,77000
060484,聯發科富邦9C購02,0,0,0,0,0,0,0,0,0,77000,0,0,0,77000,0,77000,77000
058559,華新科日盛99購02,0,0,0,0,0,0,0,0,0,77000,0,0,0,77000,0,77000,77000
060996,臻鼎元大9A購01  ,0,0,0,0,0,0,0,0,0,77000,0,0,0,77000,0,77000,77000
059282,嘉聯益永豐99購01,0,0,0,0,0,0,0,0,0,77000,0,0,0,300000,223000,77000,77000
062262,茂林元大9B購02  ,0,0,0,0,0,0,0,0,0,77000,0,0,0,102000,25000,77000,77000
062137,華新科群益9B購04,0,0,0,0,0,0,0,0,0,77000,0,0,0,87000,10000,77000,77000
056828,國巨富邦9A購03  ,0,0,0,0,0,0,0,0,0,76000,0,0,0,379000,303000,76000,76000
053866,景碩元大97購02  ,0,0,0,0,0,0,0,0,0,76000,0,0,0,116000,40000,76000,76000
057534,旭富元大98購01  ,0,0,0,0,0,0,0,0,0,76000,0,0,0,76000,0,76000,76000
056899,可成元大98購01  ,0,0,0,0,0,0,0,0,0,76000,0,0,0,76000,0,76000,76000
057206,立積元富98購01  ,0,0,0,0,0,0,0,0,0,76000,0,0,0,128000,52000,76000,76000
058181,華新科國泰9B購01,0,0,0,0,0,0,0,0,0,76000,0,0,0,94000,18000,76000,76000
056693,國產群益98購01  ,0,0,0,0,0,0,0,0,0,76000,0,0,0,76000,0,76000,76000
060131,GIS永豐99購03   ,0,0,0,0,0,0,0,0,0,76000,0,0,0,76000,0,76000,76000
060611,同欣電凱基9A購02,0,0,0,0,0,0,0,0,0,76000,0,0,0,78000,2000,76000,76000
059359,精元永豐99購01  ,0,20000,-20000,0,0,0,0,0,0,96000,0,0,0,230000,134000,96000,76000
058813,旺宏統一9B購04  ,0,0,0,0,0,0,0,0,0,76000,0,0,0,95000,19000,76000,76000
061693,華新科群益9B購02,0,0,0,0,0,0,0,0,0,76000,0,0,0,164000,88000,76000,76000
061211,玉晶光元大9A購12,0,0,0,0,0,0,0,0,0,76000,0,0,0,150000,74000,76000,76000
062555,旺宏凱基9B購06  ,0,0,0,0,0,0,0,0,0,76000,0,0,0,76000,0,76000,76000
063162,國喬永豐9B購01  ,0,0,0,0,0,0,0,0,0,76000,0,0,0,104000,28000,76000,76000
062808,祥碩統一9C購01  ,0,0,0,0,0,0,0,0,0,76000,0,0,0,102000,26000,76000,76000
062926,嘉澤國票9B購01  ,0,0,0,0,0,0,0,0,0,76000,0,0,0,77000,1000,76000,76000
064274,燿華元大9C購01  ,0,0,0,0,0,0,0,0,0,76000,0,0,0,88000,12000,76000,76000
063351,億豐統一9B購01  ,0,0,0,0,0,0,0,0,0,76000,0,0,0,111000,35000,76000,76000
063577,台表科元大9C購04,0,0,0,0,0,0,0,0,0,76000,0,0,0,121000,45000,76000,76000
063819,致新群益9C購01  ,0,0,0,0,0,0,0,0,0,76000,0,0,0,76000,0,76000,76000
064729,聯茂統一02購02  ,0,0,0,0,0,0,0,0,0,75000,0,0,0,169000,94000,75000,75000
06952P,大立光統一9A售03,0,0,0,0,0,0,0,0,0,75000,0,0,0,78000,3000,75000,75000
056995,華新科日盛99購01,0,0,0,0,0,0,0,0,0,75000,0,0,0,196000,121000,75000,75000
057275,友達元大9A購04  ,0,0,0,0,0,0,0,0,0,75000,0,0,0,100000,25000,75000,75000
052968,燿華群益98購01  ,0,0,0,0,0,0,0,0,0,75000,0,0,0,110000,35000,75000,75000
061451,南電中信9A購03  ,0,0,0,0,0,0,0,0,0,75000,0,0,0,75000,0,75000,75000
061835,華新科凱基02購03,0,0,0,0,0,0,0,0,0,75000,0,0,0,76000,1000,75000,75000
058782,臺股指國票99購01,0,0,0,0,0,0,0,0,0,75000,0,0,0,75000,0,75000,75000
058590,南電中信9A購02  ,0,0,0,0,0,0,0,0,0,75000,0,0,0,111000,36000,75000,75000
063522,技嘉凱基9B購03  ,0,0,0,0,0,0,0,0,0,75000,0,0,0,75000,0,75000,75000
063953,世芯元大01購01  ,0,0,0,0,0,0,0,0,0,75000,0,0,0,84000,9000,75000,75000
062878,宏達電兆豐9B購01,0,0,0,0,0,0,0,0,0,75000,0,0,0,92000,17000,75000,75000
062766,台郡凱基9B購02  ,0,0,0,0,0,0,0,0,0,75000,0,0,0,192000,117000,75000,75000
062534,力成統一01購01  ,0,0,0,0,0,0,0,0,0,75000,0,0,0,75000,0,75000,75000
062448,健策元大9C購04  ,0,0,0,0,0,0,0,0,0,75000,0,0,0,81000,6000,75000,75000
5608,四維航          ,268000,193000,75000,0,0,0,0,0,0,0,0,0,0,0,0,0,75000
08383P,智邦群益9C售03  ,0,0,0,0,0,0,0,0,0,74000,0,0,0,74000,0,74000,74000
052585,友達永豐97購01  ,0,0,0,0,0,0,0,0,0,74000,0,0,0,74000,0,74000,74000
057324,億光群益98購01  ,0,0,0,0,0,0,0,0,0,74000,0,0,0,74000,0,74000,74000
057109,信邦群益98購01  ,0,0,0,0,0,0,0,0,0,74000,0,0,0,74000,0,74000,74000
057010,景碩中信98購01  ,0,0,0,0,0,0,0,0,0,74000,0,0,0,77000,3000,74000,74000
061430,致新元大9A購01  ,0,0,0,0,0,0,0,0,0,74000,0,0,0,74000,0,74000,74000
060954,國泰金群益9A購02,0,0,0,0,0,0,0,0,0,74000,0,0,0,74000,0,74000,74000
061998,緯穎元大9B購03  ,0,0,0,0,0,0,0,0,0,74000,0,0,0,145000,71000,74000,74000
062884,康控兆豐9C購01  ,0,0,0,0,0,0,0,0,0,74000,0,0,0,395000,321000,74000,74000
064310,華新科群益9C購02,0,0,0,0,0,0,0,0,0,74000,0,0,0,98000,24000,74000,74000
064334,可成元大01購01  ,0,0,0,0,0,0,0,0,0,74000,0,0,0,74000,0,74000,74000
056124,華通國票98購02  ,0,0,0,0,0,0,0,0,0,73000,0,0,0,175000,102000,73000,73000
052203,T50反1中信99購03,0,0,0,0,0,0,0,0,0,73000,0,0,0,113000,40000,73000,73000
064398,聚陽凱基01購01  ,0,0,0,0,0,0,0,0,0,73000,0,0,0,105000,32000,73000,73000
063960,南電元大9C購03  ,0,0,0,0,0,0,0,0,0,73000,0,0,0,111000,38000,73000,73000
064047,義隆統一02購01  ,0,0,0,0,0,0,0,0,0,73000,0,0,0,101000,28000,73000,73000
062861,世芯國票9C購01  ,0,0,0,0,0,0,0,0,0,73000,0,0,0,79000,6000,73000,73000
062722,京元電凱基9B購02,0,0,0,0,0,0,0,0,0,73000,0,0,0,115000,42000,73000,73000
063023,華擎元大9B購02  ,0,0,0,0,0,0,0,0,0,73000,0,0,0,322000,249000,73000,73000
08036P,嘉澤群益9B售03  ,0,0,0,0,0,0,0,0,0,72000,0,0,0,183000,111000,72000,72000
3026,禾伸堂          ,404000,618000,-214000,0,0,0,300000,0,300000,-14000,0,0,0,8000,22000,-14000,72000
07202P,台灣50凱基9C售04,0,0,0,0,0,0,0,0,0,72000,0,0,0,104000,32000,72000,72000
065075,葡萄王元大01購01,0,0,0,0,0,0,0,0,0,72000,0,0,0,120000,48000,72000,72000
056842,全新元富98購01  ,0,0,0,0,0,0,0,0,0,72000,0,0,0,138000,66000,72000,72000
056369,彩晶元大01購01  ,0,0,0,0,0,0,0,0,0,72000,0,0,0,116000,44000,72000,72000
053800,華通凱基97購03  ,0,0,0,0,0,0,0,0,0,72000,0,0,0,100000,28000,72000,72000
058613,茂林元大99購03  ,0,0,0,0,0,0,0,0,0,72000,0,0,0,102000,30000,72000,72000
059370,玉晶光元富99購02,0,0,0,0,0,0,0,0,0,72000,0,0,0,72000,0,72000,72000
059461,鈺齊永豐99購03  ,0,0,0,0,0,0,0,0,0,72000,0,0,0,72000,0,72000,72000
063677,台光電國泰9C購02,0,0,0,0,0,0,0,0,0,72000,0,0,0,72000,0,72000,72000
055265,玉晶光永豐98購03,0,0,0,0,0,0,0,0,0,71000,0,0,0,343000,272000,71000,71000
054961,玉晶光元大99購01,0,0,0,0,0,0,0,0,0,71000,0,0,0,80000,9000,71000,71000
054827,宏全元大9A購01  ,0,0,0,0,0,0,0,0,0,71000,0,0,0,141000,70000,71000,71000
057104,康友中信99購01  ,0,0,0,0,0,0,0,0,0,71000,0,0,0,71000,0,71000,71000
059456,智易永豐99購01  ,0,0,0,0,0,0,0,0,0,71000,0,0,0,88000,17000,71000,71000
058963,華新科兆豐99購05,0,0,0,0,0,0,0,0,0,71000,0,0,0,71000,0,71000,71000
061423,廣達元大9A購01  ,0,0,0,0,0,0,0,0,0,71000,0,0,0,257000,186000,71000,71000
058402,欣興元大99購04  ,0,0,0,0,0,0,0,0,0,71000,0,0,0,85000,14000,71000,71000
060963,禾伸堂凱基9A購01,0,0,0,0,0,0,0,0,0,71000,0,0,0,71000,0,71000,71000
060995,泰鼎元大9A購03  ,0,0,0,0,0,0,0,0,0,71000,0,0,0,100000,29000,71000,71000
059219,旺宏元大99購12  ,0,0,0,0,0,0,0,0,0,71000,0,0,0,71000,0,71000,71000
063049,上海銀兆豐9B購01,0,0,0,0,0,0,0,0,0,71000,0,0,0,105000,34000,71000,71000
062748,祥碩永豐9B購02  ,0,0,0,0,0,0,0,0,0,71000,0,0,0,71000,0,71000,71000
062897,上銀元大9B購06  ,0,0,0,0,0,0,0,0,0,71000,0,0,0,72000,1000,71000,71000
061979,友達元大9C購08  ,0,0,0,0,0,0,0,0,0,71000,0,0,0,197000,126000,71000,71000
062501,台積電群益9C購03,0,0,0,0,0,0,0,0,0,71000,0,0,0,77000,6000,71000,71000
065054,百和凱基02購01  ,0,0,0,0,0,0,0,0,0,70000,0,0,0,70000,0,70000,70000
064871,緯穎永豐9C購03  ,0,0,0,0,0,0,0,0,0,70000,0,0,0,70000,0,70000,70000
064622,晶技元大01購01  ,0,0,0,0,0,0,0,0,0,70000,0,0,0,104000,34000,70000,70000
064624,群創元大02購01  ,0,0,0,0,0,0,0,0,0,70000,0,0,0,150000,80000,70000,70000
07133P,臺股指元大9A售27,0,0,0,0,0,0,0,0,0,70000,0,0,0,80000,10000,70000,70000
07300P,臺股指元大9A售33,0,0,0,0,0,0,0,0,0,70000,0,0,0,80000,10000,70000,70000
07814P,華通群益9A售06  ,0,0,0,0,0,0,0,0,0,70000,0,0,0,70000,0,70000,70000
08236P,國巨富邦03售01  ,0,0,0,0,0,0,0,0,0,70000,0,0,0,190000,120000,70000,70000
08393P,鴻海群益9C售05  ,0,0,0,0,0,0,0,0,0,70000,0,0,0,70000,0,70000,70000
057266,TPK兆豐98購02   ,0,0,0,0,0,0,0,0,0,70000,0,0,0,205000,135000,70000,70000
055310,聯詠群益97購02  ,0,0,0,0,0,0,0,0,0,70000,0,0,0,70000,0,70000,70000
054471,T50反1中信9C購01,0,0,0,0,0,0,0,0,0,70000,0,0,0,120000,50000,70000,70000
03679C,臺股指元大04牛04,0,0,0,0,0,0,0,0,0,70000,0,0,0,70000,0,70000,70000
051266,國巨富邦99購01  ,0,15000,-15000,0,0,0,0,0,0,85000,0,0,0,90000,5000,85000,70000
053035,台表科兆豐97購01,0,0,0,0,0,0,0,0,0,70000,0,0,0,90000,20000,70000,70000
060596,元黃金凱基9A購02,0,0,0,0,0,0,0,0,0,70000,0,0,0,70000,0,70000,70000
057779,禾伸堂群益98購02,0,0,0,0,0,0,0,0,0,70000,0,0,0,72000,2000,70000,70000
057876,隆達元大98購01  ,0,0,0,0,0,0,0,0,0,70000,0,0,0,178000,108000,70000,70000
061650,南電元大9A購07  ,0,0,0,0,0,0,0,0,0,70000,0,0,0,74000,4000,70000,70000
058751,南茂凱基9A購01  ,0,0,0,0,0,0,0,0,0,70000,0,0,0,133000,63000,70000,70000
06047P,聯發科富邦99售04,0,0,0,0,0,0,0,0,0,70000,0,0,0,70000,0,70000,70000
05957P,友達國票97售04  ,0,0,0,0,0,0,0,0,0,70000,0,0,0,70000,0,70000,70000
062221,奇力新統一01購01,0,0,0,0,0,0,0,0,0,70000,0,0,0,100000,30000,70000,70000
063566,台光電元大9B購08,0,0,0,0,0,0,0,0,0,70000,0,0,0,164000,94000,70000,70000
063290,GIS元大9B購02   ,0,0,0,0,0,0,0,0,0,70000,0,0,0,125000,55000,70000,70000
063353,上銀元富9B購03  ,6000,0,6000,0,0,0,0,0,0,64000,0,0,0,146000,82000,64000,70000
064134,瑞祺元大9C購02  ,0,0,0,0,0,0,0,0,0,70000,0,0,0,133000,63000,70000,70000
08387P,臺股指群益9C售15,0,0,0,0,0,0,0,0,0,69000,0,0,0,180000,111000,69000,69000
2108,南帝            ,1666000,3353000,-1687000,0,0,0,1651000,0,1651000,105000,130000,25000,105000,0,0,0,69000
07639P,緯穎國票9A售01  ,0,0,0,0,0,0,0,0,0,69000,0,0,0,103000,34000,69000,69000
07034P,大立光元富99售03,0,0,0,0,0,0,0,0,0,69000,0,0,0,69000,0,69000,69000
053316,友達群益9A購01  ,0,0,0,0,0,0,0,0,0,69000,0,0,0,100000,31000,69000,69000
054202,樺漢富邦97購01  ,0,0,0,0,0,0,0,0,0,69000,0,0,0,69000,0,69000,69000
061643,嘉澤元大9A購05  ,0,0,0,0,0,0,0,0,0,69000,0,0,0,142000,73000,69000,69000
061121,智邦永豐9A購02  ,0,0,0,0,0,0,0,0,0,69000,0,0,0,224000,155000,69000,69000
059295,大立光元富99購05,0,0,0,0,0,0,0,0,0,69000,0,0,0,113000,44000,69000,69000
058345,台光電群益99購03,0,0,0,0,0,0,0,0,0,69000,0,0,0,80000,11000,69000,69000
06412P,南亞科日盛97售01,0,0,0,0,0,0,0,0,0,69000,0,0,0,104000,35000,69000,69000
063667,全新統一01購02  ,0,0,0,0,0,0,0,0,0,69000,0,0,0,370000,301000,69000,69000
06846P,美律元大98售05  ,0,0,0,0,0,0,0,0,0,68000,0,0,0,68000,0,68000,68000
07644P,南電凱基9A售03  ,0,0,0,0,0,0,0,0,0,68000,0,0,0,70000,2000,68000,68000
064920,景碩統一01購02  ,0,0,0,0,0,0,0,0,0,68000,0,0,0,242000,174000,68000,68000
2316,楠梓電          ,613000,533000,80000,0,0,0,0,0,0,-12000,0,0,0,14000,26000,-12000,68000
3454,晶睿            ,88000,20000,68000,0,0,0,0,0,0,0,0,0,0,0,0,0,68000
054196,台光電國泰97購02,0,0,0,0,0,0,0,0,0,68000,0,0,0,68000,0,68000,68000
053875,GIS元大97購01   ,0,0,0,0,0,0,0,0,0,68000,0,0,0,91000,23000,68000,68000
056352,鴻海元大99購01  ,0,0,0,0,0,0,0,0,0,68000,0,0,0,68000,0,68000,68000
056823,智伸科永豐98購01,0,0,0,0,0,0,0,0,0,68000,0,0,0,170000,102000,68000,68000
057366,智邦元大98購08  ,0,0,0,0,0,0,0,0,0,68000,0,0,0,180000,112000,68000,68000
056655,旺宏元大99購02  ,0,0,0,0,0,0,0,0,0,68000,0,0,0,68000,0,68000,68000
055848,大立光元大97購11,0,0,0,0,0,0,0,0,0,68000,0,0,0,68000,0,68000,68000
056314,力成元大97購01  ,0,0,0,0,0,0,0,0,0,68000,0,0,0,68000,0,68000,68000
058701,鴻海元大99購16  ,0,0,0,0,0,0,0,0,0,68000,0,0,0,68000,0,68000,68000
061146,台表科中信9A購02,0,0,0,0,0,0,0,0,0,68000,0,0,0,123000,55000,68000,68000
060777,茂林凱基9C購01  ,0,0,0,0,0,0,0,0,0,68000,0,0,0,74000,6000,68000,68000
060760,南亞科元大9A購04,0,0,0,0,0,0,0,0,0,68000,0,0,0,68000,0,68000,68000
058796,可成元大99購04  ,0,0,0,0,0,0,0,0,0,68000,0,0,0,68000,0,68000,68000
059424,SGBR2X元大9A購01,0,0,0,0,0,0,0,0,0,68000,0,0,0,88000,20000,68000,68000
063692,華擎永豐9B購02  ,0,0,0,0,0,0,0,0,0,68000,0,0,0,68000,0,68000,68000
063723,儒鴻元大9B購04  ,0,0,0,0,0,0,0,0,0,68000,0,0,0,95000,27000,68000,68000
063384,巨大永豐9B購04  ,0,0,0,0,0,0,0,0,0,68000,0,0,0,68000,0,68000,68000
063414,鴻海凱基03購01  ,0,0,0,0,0,0,0,0,0,68000,0,0,0,68000,0,68000,68000
063590,華擎永豐9B購01  ,0,0,0,0,0,0,0,0,0,68000,0,0,0,68000,0,68000,68000
063541,華擎元富9B購02  ,0,0,0,0,0,0,0,0,0,68000,0,0,0,153000,85000,68000,68000
063467,大立光元大9C購06,0,0,0,0,0,0,0,0,0,68000,0,0,0,68000,0,68000,68000
063501,旭富永豐9B購02  ,0,0,0,0,0,0,0,0,0,68000,0,0,0,68000,0,68000,68000
064495,南亞科元大9C購03,0,0,0,0,0,0,0,0,0,68000,0,0,0,68000,0,68000,68000
062237,緯創凱基9B購01  ,0,0,0,0,0,0,0,0,0,68000,0,0,0,306000,238000,68000,68000
062170,健策永豐9B購04  ,0,0,0,0,0,0,0,0,0,68000,0,0,0,69000,1000,68000,68000
062063,世紀鋼統一9C購01,0,0,0,0,0,0,0,0,0,68000,0,0,0,128000,60000,68000,68000
062401,信邦永豐9B購01  ,0,0,0,0,0,0,0,0,0,68000,0,0,0,68000,0,68000,68000
062935,華通凱基9C購02  ,0,0,0,0,0,0,0,0,0,68000,0,0,0,69000,1000,68000,68000
065067,億豐群益01購01  ,0,0,0,0,0,0,0,0,0,67000,0,0,0,77000,10000,67000,67000
056626,同欣電永豐98購01,0,0,0,0,0,0,0,0,0,67000,0,0,0,68000,1000,67000,67000
057059,易華電元大99購01,0,0,0,0,0,0,0,0,0,67000,0,0,0,131000,64000,67000,67000
056845,揚明光元富98購01,0,0,0,0,0,0,0,0,0,67000,0,0,0,185000,118000,67000,67000
050797,聯發科中信99購01,0,0,0,0,0,0,0,0,0,67000,0,0,0,83000,16000,67000,67000
061316,台積電凱基9A購24,0,0,0,0,0,0,0,0,0,67000,0,0,0,68000,1000,67000,67000
061615,鴻海群益9A購06  ,0,0,0,0,0,0,0,0,0,67000,0,0,0,67000,0,67000,67000
058699,楠梓電元大99購02,0,0,0,0,0,0,0,0,0,67000,0,0,0,79000,12000,67000,67000
058676,聯茂群益99購01  ,0,0,0,0,0,0,0,0,0,67000,0,0,0,67000,0,67000,67000
058622,國巨國票99購07  ,0,0,0,0,0,0,0,0,0,67000,0,0,0,98000,31000,67000,67000
057739,新日興富邦9B購01,0,0,0,0,0,0,0,0,0,67000,0,0,0,68000,1000,67000,67000
059128,友達中信99購02  ,0,0,0,0,0,0,0,0,0,67000,0,0,0,108000,41000,67000,67000
063124,奇力新元大9B購05,0,0,0,0,0,0,0,0,0,67000,0,0,0,67000,0,67000,67000
062128,祥碩統一01購01  ,0,0,0,0,0,0,0,0,0,67000,0,0,0,144000,77000,67000,67000
064488,台達電元大9C購01,0,0,0,0,0,0,0,0,0,67000,0,0,0,74000,7000,67000,67000
06755P,大立光永豐98售03,0,0,0,0,0,0,0,0,0,66000,0,0,0,104000,38000,66000,66000
2882A,國泰特          ,0,0,0,0,0,0,0,0,0,66000,86000,20000,66000,0,0,0,66000
08358P,大立光元大9C售18,0,0,0,0,0,0,0,0,0,66000,0,0,0,81000,15000,66000,66000
08241P,微星中信06售01  ,0,0,0,0,0,0,0,0,0,66000,0,0,0,66000,0,66000,66000
07883P,可成凱基9B售03  ,0,0,0,0,0,0,0,0,0,66000,0,0,0,124000,58000,66000,66000
08156P,大立光元富9B售05,0,0,0,0,0,0,0,0,0,66000,0,0,0,91000,25000,66000,66000
054735,漢唐凱基98購01  ,0,0,0,0,0,0,0,0,0,66000,0,0,0,79000,13000,66000,66000
054530,台光電國泰97購03,0,0,0,0,0,0,0,0,0,66000,0,0,0,70000,4000,66000,66000
056891,國巨元大99購03  ,0,0,0,0,0,0,0,0,0,66000,0,0,0,66000,0,66000,66000
056101,光磊永豐98購01  ,0,0,0,0,0,0,0,0,0,66000,0,0,0,66000,0,66000,66000
059162,國巨凱基99購12  ,0,0,0,0,0,0,0,0,0,66000,0,0,0,128000,62000,66000,66000
06116P,臺股指日盛97售01,0,0,0,0,0,0,0,0,0,66000,0,0,0,66000,0,66000,66000
058905,京鼎元大99購01  ,0,0,0,0,0,0,0,0,0,66000,0,0,0,81000,15000,66000,66000
057612,瑞昱元富02購01  ,0,0,0,0,0,0,0,0,0,66000,0,0,0,117000,51000,66000,66000
064392,喬山永豐9C購01  ,0,0,0,0,0,0,0,0,0,66000,0,0,0,66000,0,66000,66000
063405,聯發科國票9C購03,0,0,0,0,0,0,0,0,0,66000,0,0,0,95000,29000,66000,66000
063773,可成富邦9C購01  ,0,0,0,0,0,0,0,0,0,66000,0,0,0,166000,100000,66000,66000
061975,華通元大9B購01  ,0,0,0,0,0,0,0,0,0,66000,0,0,0,102000,36000,66000,66000
063110,牧德兆豐9B購01  ,0,0,0,0,0,0,0,0,0,66000,0,0,0,74000,8000,66000,66000
063201,廣達統一01購01  ,0,0,0,0,0,0,0,0,0,66000,0,0,0,133000,67000,66000,66000
08209P,上銀元富9B售06  ,0,0,0,0,0,0,0,0,0,65000,0,0,0,65000,0,65000,65000
2530,華建            ,120000,47000,73000,0,0,0,0,0,0,-8000,0,8000,-8000,0,0,0,65000
064913,燿華統一02購01  ,0,0,0,0,0,0,0,0,0,65000,0,0,0,230000,165000,65000,65000
056026,智易群益97購01  ,0,0,0,0,0,0,0,0,0,65000,0,0,0,95000,30000,65000,65000
056702,欣興國泰9A購01  ,0,0,0,0,0,0,0,0,0,65000,0,0,0,207000,142000,65000,65000
057232,京元電凱基98購02,0,0,0,0,0,0,0,0,0,65000,0,0,0,165000,100000,65000,65000
054555,欣興凱基98購01  ,0,0,0,0,0,0,0,0,0,65000,0,0,0,80000,15000,65000,65000
054193,鴻海麥證96購02  ,0,0,0,65000,0,65000,0,0,0,65000,0,0,0,65000,0,65000,65000
057318,台光電凱基9A購01,0,0,0,0,0,0,0,0,0,65000,0,0,0,152000,87000,65000,65000
061340,義隆元大9A購01  ,0,0,0,0,0,0,0,0,0,65000,0,0,0,65000,0,65000,65000
061699,燿華國票9A購01  ,0,0,0,0,0,0,0,0,0,65000,0,0,0,65000,0,65000,65000
061772,健策元大9B購06  ,0,0,0,0,0,0,0,0,0,65000,0,0,0,150000,85000,65000,65000
063017,台光電元大9B購07,0,0,0,0,0,0,0,0,0,65000,0,0,0,100000,35000,65000,65000
062920,康友元大9B購01  ,0,0,0,0,0,0,0,0,0,65000,0,0,0,140000,75000,65000,65000
062226,臻鼎統一9B購01  ,0,0,0,0,0,0,0,0,0,65000,0,0,0,240000,175000,65000,65000
062506,巨大群益9C購01  ,0,0,0,0,0,0,0,0,0,65000,0,0,0,65000,0,65000,65000
063920,大立光元富03購02,0,0,0,0,0,0,0,0,0,65000,0,0,0,66000,1000,65000,65000
063649,南六元大9C購02  ,0,0,0,0,0,0,0,0,0,65000,0,0,0,85000,20000,65000,65000
064760,玉晶光凱基01購02,0,0,0,0,0,0,0,0,0,64000,0,0,0,241000,177000,64000,64000
07026P,超眾凱基99售03  ,0,0,0,0,0,0,0,0,0,64000,0,0,0,75000,11000,64000,64000
1410,南染            ,78000,14000,64000,0,0,0,0,0,0,0,0,0,0,0,0,0,64000
05361P,聯發科富邦97售01,0,0,0,0,0,0,0,0,0,64000,0,0,0,64000,0,64000,64000
056486,樺漢元大98購04  ,0,0,0,0,0,0,0,0,0,64000,0,0,0,153000,89000,64000,64000
055966,茂林元大99購01  ,0,0,0,0,0,0,0,0,0,64000,0,0,0,158000,94000,64000,64000
061402,矽創兆豐9B購01  ,0,0,0,0,0,0,0,0,0,64000,0,0,0,65000,1000,64000,64000
063945,京元電元大9C購01,0,0,0,0,0,0,0,0,0,64000,0,0,0,143000,79000,64000,64000
064002,仁寶凱基9C購01  ,0,0,0,0,0,0,0,0,0,64000,0,0,0,65000,1000,64000,64000
062646,聯發科國泰01購02,0,0,0,0,0,0,0,0,0,64000,0,0,0,64000,0,64000,64000
064584,英業達永豐9C購01,0,0,0,0,0,0,0,0,0,63000,0,0,0,68000,5000,63000,63000
064572,同欣電群益9C購02,0,0,0,0,0,0,0,0,0,63000,0,0,0,161000,98000,63000,63000
064569,群創群益9C購01  ,0,0,0,0,0,0,0,0,0,63000,0,0,0,824000,761000,63000,63000
056292,統一元大97購01  ,0,0,0,0,0,0,0,0,0,63000,0,0,0,256000,193000,63000,63000
061431,鈺齊元大9A購01  ,0,0,0,0,0,0,0,0,0,63000,0,0,0,96000,33000,63000,63000
060868,致伸永豐9A購01  ,0,0,0,0,0,0,0,0,0,63000,0,0,0,144000,81000,63000,63000
059882,臺股指凱基9C購06,1000,0,1000,0,0,0,0,0,0,62000,0,0,0,72000,10000,62000,63000
064216,矽格凱基01購01  ,0,0,0,0,0,0,0,0,0,63000,0,0,0,146000,83000,63000,63000
063352,上銀元富9B購02  ,0,0,0,0,0,0,0,0,0,63000,0,0,0,75000,12000,63000,63000
063350,台表科統一02購02,0,0,0,0,0,0,0,0,0,63000,0,0,0,157000,94000,63000,63000
064806,微星元大01購01  ,0,0,0,0,0,0,0,0,0,62000,0,0,0,110000,48000,62000,62000
064915,美律統一02購02  ,0,0,0,0,0,0,0,0,0,62000,0,0,0,75000,13000,62000,62000
07678P,大立光群益9A售03,0,0,0,0,0,0,0,0,0,62000,0,0,0,62000,0,62000,62000
1592,英瑞-KY         ,415000,352000,63000,0,0,0,0,0,0,-1000,0,1000,-1000,0,0,0,62000
07890P,南電國票9B售01  ,0,0,0,0,0,0,0,0,0,62000,0,0,0,62000,0,62000,62000
07906P,中租群益9B售02  ,0,0,0,0,0,0,0,0,0,62000,0,0,0,90000,28000,62000,62000
056603,嘉聯益國泰9A購01,0,0,0,0,0,0,0,0,0,62000,0,0,0,295000,233000,62000,62000
057024,義隆凱基99購01  ,0,0,0,0,0,0,0,0,0,62000,0,0,0,95000,33000,62000,62000
057422,欣興凱基98購04  ,0,0,0,0,0,0,0,0,0,62000,0,0,0,62000,0,62000,62000
060781,台郡國泰9B購01  ,0,0,0,0,0,0,0,0,0,62000,0,0,0,68000,6000,62000,62000
063490,儒鴻富邦9C購01  ,0,0,0,0,0,0,0,0,0,62000,0,0,0,88000,26000,62000,62000
063246,嘉晶元大9C購01  ,0,0,0,0,0,0,0,0,0,62000,0,0,0,229000,167000,62000,62000
063277,大成鋼元大9B購03,0,0,0,0,0,0,0,0,0,62000,0,0,0,254000,192000,62000,62000
054166,日電貿凱基98購01,0,0,0,0,0,0,0,0,0,61000,0,0,0,61000,0,61000,61000
053293,聯發科中信9B購01,0,0,0,0,0,0,0,0,0,61000,0,0,0,168000,107000,61000,61000
046384,群創凱基98購02  ,0,0,0,0,0,0,0,0,0,61000,0,0,0,61000,0,61000,61000
052775,滬深2X國票99購02,0,0,0,0,0,0,0,0,0,61000,0,0,0,116000,55000,61000,61000
00663L,國泰臺灣加權正2 ,66000,51000,15000,0,0,0,0,0,0,46000,0,0,0,66000,20000,46000,61000
00650L,FH香港正2       ,34000,34000,0,0,0,0,0,0,0,61000,0,0,0,308000,247000,61000,61000
055679,華通凱基99購01  ,0,0,0,0,0,0,0,0,0,61000,0,0,0,61000,0,61000,61000
061195,健策永豐9B購02  ,0,0,0,0,0,0,0,0,0,61000,0,0,0,61000,0,61000,61000
061197,矽創永豐9A購02  ,0,0,0,0,0,0,0,0,0,61000,0,0,0,71000,10000,61000,61000
061184,大立光國泰9C購01,0,0,0,0,0,0,0,0,0,61000,0,0,0,76000,15000,61000,61000
060293,緯創元大9A購01  ,0,0,0,0,0,0,0,0,0,61000,0,0,0,89000,28000,61000,61000
062927,同欣電國票9B購02,0,0,0,0,0,0,0,0,0,61000,0,0,0,72000,11000,61000,61000
062414,臻鼎中信01購01  ,0,0,0,0,0,0,0,0,0,61000,0,0,0,101000,40000,61000,61000
061997,台郡元大9B購03  ,0,0,0,0,0,0,0,0,0,61000,0,0,0,218000,157000,61000,61000
00783,富邦中証500     ,77000,0,77000,0,0,0,0,0,0,-16200,0,0,0,835800,852000,-16200,60800
1795,美時            ,504000,349000,155000,0,0,0,0,100000,-100000,5000,5000,0,5000,0,0,0,60000
1808,潤隆            ,150000,88000,62000,0,0,0,0,0,0,-2000,0,2000,-2000,0,0,0,60000
07105P,大毅元富99售02  ,0,0,0,0,0,0,0,0,0,60000,0,0,0,60000,0,60000,60000
064836,群創統一9C購04  ,0,0,0,0,0,0,0,0,0,60000,0,0,0,60000,0,60000,60000
064781,嘉晶群益9C購04  ,0,0,0,0,0,0,0,0,0,60000,0,0,0,118000,58000,60000,60000
064589,聯鈞永豐9C購01  ,0,0,0,0,0,0,0,0,0,60000,0,0,0,70000,10000,60000,60000
00753L,中信中國50正2   ,57000,0,57000,0,0,0,0,0,0,3000,0,0,0,291000,288000,3000,60000
052003,泰碩國泰97購02  ,0,0,0,0,0,0,0,0,0,60000,0,0,0,60000,0,60000,60000
055026,健和興國泰98購01,0,0,0,0,0,0,0,0,0,60000,0,0,0,60000,0,60000,60000
051218,聯發科元富9B購02,0,0,0,0,0,0,0,0,0,60000,0,0,0,61000,1000,60000,60000
050984,大立光國泰97購01,0,0,0,0,0,0,0,0,0,60000,0,0,0,60000,0,60000,60000
053994,微星群益96購01  ,0,0,0,0,0,0,0,0,0,60000,0,0,0,60000,0,60000,60000
054208,台積電國票97購07,0,0,0,0,0,0,0,0,0,60000,0,0,0,60000,0,60000,60000
054413,台光電元大96購03,0,0,0,0,0,0,0,0,0,60000,0,0,0,60000,0,60000,60000
054558,劍麟群益99購01  ,0,0,0,0,0,0,0,0,0,60000,0,0,0,110000,50000,60000,60000
055522,道瓊反群益01購01,0,0,0,0,0,0,0,0,0,60000,0,0,0,60000,0,60000,60000
056893,智邦元大98購02  ,0,0,0,0,0,0,0,0,0,60000,0,0,0,60000,0,60000,60000
055898,訊芯第一97購01  ,0,0,0,0,0,0,0,0,0,60000,0,0,0,60000,0,60000,60000
058196,台塑中信99購01  ,0,0,0,0,0,0,0,0,0,60000,0,0,0,60000,0,60000,60000
059762,禾伸堂永豐99購02,0,0,0,0,0,0,0,0,0,60000,0,0,0,60000,0,60000,60000
058036,南電永豐98購01  ,0,0,0,0,0,0,0,0,0,60000,0,0,0,60000,0,60000,60000
059636,宏達電凱基99購05,0,0,0,0,0,0,0,0,0,60000,0,0,0,60000,0,60000,60000
058964,群創兆豐99購01  ,0,0,0,0,0,0,0,0,0,60000,0,0,0,60000,0,60000,60000
062009,聯發科國泰01購01,0,0,0,0,0,0,0,0,0,60000,0,0,0,60000,0,60000,60000
06190P,玉晶光永豐97售05,0,0,0,0,0,0,0,0,0,60000,0,0,0,60000,0,60000,60000
061908,台積電中信05購01,0,0,0,0,0,0,0,0,0,60000,0,0,0,80000,20000,60000,60000
062876,全新兆豐9B購01  ,0,0,0,0,0,0,0,0,0,60000,0,0,0,147000,87000,60000,60000
063030,華通凱基9B購03  ,0,0,0,0,0,0,0,0,0,60000,0,0,0,71000,11000,60000,60000
063531,台表科凱基9B購04,0,0,0,0,0,0,0,0,0,60000,0,0,0,188000,128000,60000,60000
063289,台表科元大9B購07,0,0,0,0,0,0,0,0,0,60000,0,0,0,138000,78000,60000,60000
064037,寶成元大9C購02  ,0,0,0,0,0,0,0,0,0,60000,0,0,0,68000,8000,60000,60000
3311,閎暉            ,97000,37000,60000,0,0,0,0,0,0,-1000,0,1000,-1000,0,0,0,59000
07771P,義隆國票9A售01  ,0,0,0,0,0,0,0,0,0,59000,0,0,0,59000,0,59000,59000
08219P,上銀凱基9B售08  ,0,0,0,0,0,0,0,0,0,59000,0,0,0,59000,0,59000,59000
056065,奇鋐元大97購01  ,0,0,0,0,0,0,0,0,0,59000,0,0,0,59000,0,59000,59000
057017,和大凱基98購01  ,0,0,0,0,0,0,0,0,0,59000,0,0,0,109000,50000,59000,59000
053887,聯茂兆豐97購02  ,0,0,0,0,0,0,0,0,0,59000,0,0,0,59000,0,59000,59000
054817,聯發科元大97購13,0,0,0,0,0,0,0,0,0,59000,0,0,0,60000,1000,59000,59000
051431,群創元富99購02  ,0,0,0,0,0,0,0,0,0,59000,0,0,0,59000,0,59000,59000
058792,鴻海元大99購18  ,0,0,0,0,0,0,0,0,0,59000,0,0,0,59000,0,59000,59000
061622,臻鼎群益9A購01  ,0,0,0,0,0,0,0,0,0,59000,0,0,0,59000,0,59000,59000
057862,智邦凱基99購01  ,0,0,0,0,0,0,0,0,0,59000,0,0,0,88000,29000,59000,59000
059919,宏達電元大99購06,0,0,0,0,0,0,0,0,0,59000,0,0,0,71000,12000,59000,59000
060848,聯茂國票9A購02  ,0,0,0,0,0,0,0,0,0,59000,0,0,0,91000,32000,59000,59000
060813,高鐵凱基9A購01  ,0,0,0,0,0,0,0,0,0,59000,0,0,0,59000,0,59000,59000
063910,漢唐凱基9C購01  ,0,0,0,0,0,0,0,0,0,59000,0,0,0,59000,0,59000,59000
063176,南亞科兆豐9B購01,0,0,0,0,0,0,0,0,0,59000,0,0,0,64000,5000,59000,59000
063184,台光電凱基9B購03,0,0,0,0,0,0,0,0,0,59000,0,0,0,70000,11000,59000,59000
062521,玉晶光元大9C購05,0,0,0,0,0,0,0,0,0,59000,0,0,0,83000,24000,59000,59000
07795P,美律國票9A售03  ,0,0,0,0,0,0,0,0,0,58000,0,0,0,78000,20000,58000,58000
07964P,大立光統一9B售12,0,0,0,0,0,0,0,0,0,58000,0,0,0,58000,0,58000,58000
08067P,大立光凱基9B售08,0,0,0,0,0,0,0,0,0,58000,0,0,0,98000,40000,58000,58000
2539,櫻花建          ,60000,2000,58000,0,0,0,0,0,0,0,0,0,0,0,0,0,58000
07099P,台積電元大99售19,0,0,0,0,0,0,0,0,0,58000,0,0,0,58000,0,58000,58000
056409,麗豐國票99購01  ,0,0,0,0,0,0,0,0,0,58000,0,0,0,130000,72000,58000,58000
054425,聯發科富邦99購03,0,0,0,0,0,0,0,0,0,58000,0,0,0,58000,0,58000,58000
056023,晶豪科群益97購01,0,0,0,0,0,0,0,0,0,58000,0,0,0,58000,0,58000,58000
059693,智原永豐99購01  ,0,0,0,0,0,0,0,0,0,58000,0,0,0,85000,27000,58000,58000
060907,金像電元大9A購02,0,0,0,0,0,0,0,0,0,58000,0,0,0,76000,18000,58000,58000
061026,南電富邦9B購01  ,0,0,0,0,0,0,0,0,0,58000,0,0,0,68000,10000,58000,58000
057805,華通元大98購06  ,0,0,0,0,0,0,0,0,0,58000,0,0,0,93000,35000,58000,58000
061673,仁寶元大9B購01  ,0,0,0,0,0,0,0,0,0,58000,0,0,0,421000,363000,58000,58000
061113,南電元大9A購03  ,0,0,0,0,0,0,0,0,0,58000,0,0,0,61000,3000,58000,58000
061481,嘉澤元大9A購03  ,0,0,0,0,0,0,0,0,0,58000,0,0,0,113000,55000,58000,58000
059612,奇鋐永豐99購02  ,0,0,0,0,0,0,0,0,0,58000,0,0,0,58000,0,58000,58000
060503,技嘉元大9A購01  ,0,0,0,0,0,0,0,0,0,58000,0,0,0,69000,11000,58000,58000
062491,矽創永豐9B購01  ,0,0,0,0,0,0,0,0,0,58000,0,0,0,71000,13000,58000,58000
061878,茂林元大9B購01  ,0,0,0,0,0,0,0,0,0,58000,0,0,0,68000,10000,58000,58000
061989,晶技元大9B購04  ,0,0,0,0,0,0,0,0,0,58000,0,0,0,58000,0,58000,58000
062863,聯茂國票9B購01  ,0,0,0,0,0,0,0,0,0,58000,0,0,0,163000,105000,58000,58000
062604,東元凱基9B購01  ,0,0,0,0,0,0,0,0,0,58000,0,0,0,91000,33000,58000,58000
063381,和潤永豐9B購01  ,0,0,0,0,0,0,0,0,0,58000,0,0,0,58000,0,58000,58000
063529,聯茂凱基9B購02  ,0,0,0,0,0,0,0,0,0,58000,0,0,0,63000,5000,58000,58000
063548,同欣電兆豐9B購01,0,0,0,0,0,0,0,0,0,58000,0,0,0,73000,15000,58000,58000
064027,義隆元大9C購01  ,0,0,0,0,0,0,0,0,0,58000,0,0,0,134000,76000,58000,58000
6491,晶碩            ,125000,34000,91000,0,0,0,0,32000,-32000,-1000,0,1000,-1000,0,0,0,58000
07141P,台灣50國票9A售03,0,0,0,0,0,0,0,0,0,57000,0,0,0,77000,20000,57000,57000
07217P,大立光凱基9A售05,0,0,0,0,0,0,0,0,0,57000,0,0,0,60000,3000,57000,57000
06993P,鴻海凱基99售05  ,0,0,0,0,0,0,0,0,0,57000,0,0,0,67000,10000,57000,57000
065003,燿華國票01購01  ,0,0,0,0,0,0,0,0,0,57000,0,0,0,92000,35000,57000,57000
08354P,旺宏元大9C售05  ,0,0,0,0,0,0,0,0,0,57000,0,0,0,60000,3000,57000,57000
054258,牧德元大97購01  ,0,0,0,0,0,0,0,0,0,57000,0,0,0,59000,2000,57000,57000
048186,元黃金元大96購01,0,0,0,0,0,0,0,0,0,57000,0,0,0,57000,0,57000,57000
057624,新日興國泰99購01,0,0,0,0,0,0,0,0,0,57000,0,0,0,57000,0,57000,57000
061356,南電元大9A購06  ,0,0,0,0,0,0,0,0,0,57000,0,0,0,71000,14000,57000,57000
058405,訊連元大99購02  ,0,0,0,0,0,0,0,0,0,57000,0,0,0,57000,0,57000,57000
059327,南茂元大99購01  ,0,0,0,0,0,0,0,0,0,57000,0,0,0,64000,7000,57000,57000
059830,台郡凱基99購05  ,0,0,0,0,0,0,0,0,0,57000,0,0,0,84000,27000,57000,57000
058245,訊連元大99購01  ,0,0,0,0,0,0,0,0,0,57000,0,0,0,57000,0,57000,57000
064199,南六群益01購01  ,0,0,0,0,0,0,0,0,0,57000,0,0,0,152000,95000,57000,57000
063880,可成元富9C購01  ,0,0,0,0,0,0,0,0,0,57000,0,0,0,70000,13000,57000,57000
062726,華擎凱基9B購02  ,0,0,0,0,0,0,0,0,0,57000,0,0,0,57000,0,57000,57000
063125,華擎元大9C購02  ,0,0,0,0,0,0,0,0,0,57000,0,0,0,57000,0,57000,57000
07889P,旭富國票9B售01  ,0,0,0,0,0,0,0,0,0,56000,0,0,0,56000,0,56000,56000
065025,健策永豐9C購02  ,0,0,0,0,0,0,0,0,0,56000,0,0,0,57000,1000,56000,56000
064773,FBVIX群益9C購05 ,0,0,0,0,0,0,0,0,0,56000,0,0,0,56000,0,56000,56000
06959P,鴻海凱基9A售02  ,0,0,0,0,0,0,0,0,0,56000,0,0,0,56000,0,56000,56000
052437,聯發科富邦99購02,0,0,0,0,0,0,0,0,0,56000,0,0,0,696000,640000,56000,56000
054578,世芯元大99購01  ,0,0,0,0,0,0,0,0,0,56000,0,0,0,63000,7000,56000,56000
056796,國巨麥證98購02  ,0,0,0,57000,0,57000,0,0,0,56000,0,0,0,57000,1000,56000,56000
05729P,臺股指凱基97售02,0,0,0,0,0,0,0,0,0,56000,0,0,0,56000,0,56000,56000
055439,台表科國票98購02,0,0,0,0,0,0,0,0,0,56000,0,0,0,194000,138000,56000,56000
055670,矽創群益98購02  ,0,0,0,0,0,0,0,0,0,56000,0,0,0,56000,0,56000,56000
056582,易華電元大98購01,0,0,0,0,0,0,0,0,0,56000,0,0,0,220000,164000,56000,56000
060926,宏達電永豐9A購01,0,0,0,0,0,0,0,0,0,56000,0,0,0,69000,13000,56000,56000
058139,臻鼎元大99購01  ,0,0,0,0,0,0,0,0,0,56000,0,0,0,219000,163000,56000,56000
061442,玉晶光永豐9A購07,0,0,0,0,0,0,0,0,0,56000,0,0,0,109000,53000,56000,56000
061617,微星群益9A購02  ,0,0,0,0,0,0,0,0,0,56000,0,0,0,92000,36000,56000,56000
058864,欣興凱基99購04  ,0,0,0,0,0,0,0,0,0,56000,0,0,0,56000,0,56000,56000
062761,嘉晶凱基9C購01  ,0,0,0,0,0,0,0,0,0,56000,0,0,0,480000,424000,56000,56000
062021,康控永豐9B購01  ,0,0,0,0,0,0,0,0,0,56000,0,0,0,56000,0,56000,56000
062409,巨大永豐9B購02  ,0,0,0,0,0,0,0,0,0,56000,0,0,0,56000,0,56000,56000
063471,泰鼎元大9C購01  ,0,0,0,0,0,0,0,0,0,56000,0,0,0,496000,440000,56000,56000
07172P,臺股指國票99售09,0,0,0,0,0,0,0,0,0,55000,0,0,0,58000,3000,55000,55000
064879,健策兆豐01購01  ,0,0,0,0,0,0,0,0,0,55000,0,0,0,55000,0,55000,55000
08124P,臻鼎群益9B售02  ,0,0,0,0,0,0,0,0,0,55000,0,0,0,84000,29000,55000,55000
056934,國巨元富98購04  ,0,0,0,0,0,0,0,0,0,55000,0,0,0,55000,0,55000,55000
052551,台積電國票97購03,0,0,0,0,0,0,0,0,0,55000,0,0,0,55000,0,55000,55000
060412,儒鴻永豐9A購01  ,0,0,0,0,0,0,0,0,0,55000,0,0,0,66000,11000,55000,55000
061414,牧德群益9B購02  ,0,0,0,0,0,0,0,0,0,55000,0,0,0,55000,0,55000,55000
058403,玉晶光元大99購12,0,0,0,0,0,0,0,0,0,55000,0,0,0,64000,9000,55000,55000
058516,健鼎元大99購02  ,0,0,0,0,0,0,0,0,0,55000,0,0,0,207000,152000,55000,55000
060671,亞德客元大9A購03,0,0,0,0,0,0,0,0,0,55000,0,0,0,59000,4000,55000,55000
063854,南電元大9C購01  ,0,0,0,0,0,0,0,0,0,55000,0,0,0,67000,12000,55000,55000
062771,臺股指凱基9B購15,0,0,0,0,0,0,0,0,0,55000,0,0,0,56000,1000,55000,55000
062625,華通國票9B購02  ,0,0,0,0,0,0,0,0,0,55000,0,0,0,70000,15000,55000,55000
063012,技嘉元大9B購01  ,0,0,0,0,0,0,0,0,0,55000,0,0,0,87000,32000,55000,55000
6183,關貿            ,128000,72000,56000,0,0,0,0,0,0,-1000,0,1000,-1000,0,0,0,55000
2013,中鋼構          ,77000,150000,-73000,0,0,0,127000,0,127000,0,0,0,0,0,0,0,54000
064740,台光電國票01購01,0,0,0,0,0,0,0,0,0,54000,0,0,0,63000,9000,54000,54000
00766L,台新MSCI中國正2 ,0,0,0,0,0,0,0,0,0,54000,0,0,0,137000,83000,54000,54000
057261,瑞昱兆豐98購01  ,0,0,0,0,0,0,0,0,0,54000,0,0,0,54000,0,54000,54000
054569,GIS群益98購01   ,0,0,0,0,0,0,0,0,0,54000,0,0,0,66000,12000,54000,54000
056996,矽力日盛99購01  ,0,0,0,0,0,0,0,0,0,54000,0,0,0,54000,0,54000,54000
060106,旭富元大99購02  ,0,0,0,0,0,0,0,0,0,54000,0,0,0,54000,0,54000,54000
056028,GIS群益97購02   ,0,0,0,0,0,0,0,0,0,54000,0,0,0,54000,0,54000,54000
056107,智易永豐97購02  ,0,0,0,0,0,0,0,0,0,54000,0,0,0,54000,0,54000,54000
060891,世芯統一9A購01  ,0,0,0,0,0,0,0,0,0,54000,0,0,0,54000,0,54000,54000
058107,全新台新99購01  ,0,0,0,0,0,0,0,0,0,54000,0,0,0,101000,47000,54000,54000
061247,玉晶光群益9A購09,0,0,0,0,0,0,0,0,0,54000,0,0,0,161000,107000,54000,54000
062820,禾伸堂兆豐9B購01,0,0,0,0,0,0,0,0,0,54000,0,0,0,64000,10000,54000,54000
063915,祥碩凱基01購01  ,0,0,0,0,0,0,0,0,0,54000,0,0,0,127000,73000,54000,54000
063922,大立光元富9C購04,0,0,0,0,0,0,0,0,0,54000,0,0,0,80000,26000,54000,54000
064537,健鼎國票01購02  ,0,0,0,0,0,0,0,0,0,54000,0,0,0,527000,473000,54000,54000
064547,宏達電凱基9C購01,0,0,0,0,0,0,0,0,0,54000,0,0,0,70000,16000,54000,54000
06626P,大立光統一9A售01,0,0,0,0,0,0,0,0,0,53000,0,0,0,53000,0,53000,53000
3060,銘異            ,241000,206000,35000,0,0,0,0,0,0,18000,20000,2000,18000,0,0,0,53000
08045P,健策國票9B售01  ,0,0,0,0,0,0,0,0,0,53000,0,0,0,59000,6000,53000,53000
07899P,和大凱基9B售01  ,0,0,0,0,0,0,0,0,0,53000,0,0,0,53000,0,53000,53000
058190,貿聯永豐99購01  ,0,0,0,0,0,0,0,0,0,53000,0,0,0,53000,0,53000,53000
058200,世芯康和99購01  ,0,0,0,0,0,0,0,0,0,53000,0,0,0,133000,80000,53000,53000
053132,國巨國票97購02  ,0,0,0,0,0,0,0,0,0,53000,0,0,0,53000,0,53000,53000
053366,樺漢國泰98購01  ,0,0,0,0,0,0,0,0,0,53000,0,0,0,53000,0,53000,53000
057625,泰鼎國泰9A購01  ,0,0,0,0,0,0,0,0,0,53000,0,0,0,53000,0,53000,53000
057614,華新科元富99購04,0,0,0,0,0,0,0,0,0,53000,0,0,0,53000,0,53000,53000
057767,緯穎凱基98購06  ,0,30000,-30000,0,0,0,0,0,0,83000,0,0,0,83000,0,83000,53000
060602,京元電凱基9A購01,0,0,0,0,0,0,0,0,0,53000,0,0,0,124000,71000,53000,53000
060675,南亞科元大9A購02,0,0,0,0,0,0,0,0,0,53000,0,0,0,73000,20000,53000,53000
063937,上銀元大9C購02  ,0,0,0,0,0,0,0,0,0,53000,0,0,0,73000,20000,53000,53000
062622,南電元大9B購03  ,0,0,0,0,0,0,0,0,0,53000,0,0,0,57000,4000,53000,53000
062760,漢唐凱基9B購01  ,0,0,0,0,0,0,0,0,0,53000,0,0,0,56000,3000,53000,53000
062701,漢唐元大9B購01  ,0,0,0,0,0,0,0,0,0,53000,0,0,0,100000,47000,53000,53000
063063,泰鼎元富9B購01  ,0,0,0,0,0,0,0,0,0,53000,0,0,0,547000,494000,53000,53000
07761P,智邦永豐9A售03  ,0,0,0,0,0,0,0,0,0,52000,0,0,0,52000,0,52000,52000
08454P,台灣50凱基9C售12,0,0,0,0,0,0,0,0,0,52000,0,0,0,72000,20000,52000,52000
2009,第一銅          ,54000,2000,52000,0,0,0,0,0,0,0,0,0,0,0,0,0,52000
00668,國泰美國道瓊    ,0,21000,-21000,0,0,0,0,0,0,73000,0,0,0,142000,69000,73000,52000
054217,台表科國票97購05,0,0,0,0,0,0,0,0,0,52000,0,0,0,122000,70000,52000,52000
058195,鈺齊永豐99購01  ,0,0,0,0,0,0,0,0,0,52000,0,0,0,152000,100000,52000,52000
057028,台郡凱基99購02  ,0,0,0,0,0,0,0,0,0,52000,0,0,0,64000,12000,52000,52000
056535,全新凱基99購02  ,0,0,0,0,0,0,0,0,0,52000,0,0,0,112000,60000,52000,52000
060991,京鼎元大9A購01  ,0,0,0,0,0,0,0,0,0,52000,0,0,0,66000,14000,52000,52000
060735,鴻海統一9C購03  ,0,0,0,0,0,0,0,0,0,52000,0,0,0,53000,1000,52000,52000
059400,滬深2X元富9C購04,0,0,0,0,0,0,0,0,0,52000,0,0,0,57000,5000,52000,52000
058923,華新科元富99購06,0,0,0,0,0,0,0,0,0,52000,0,0,0,54000,2000,52000,52000
062757,華通凱基9B購02  ,0,0,0,0,0,0,0,0,0,52000,0,0,0,52000,0,52000,52000
062460,京鼎群益9C購01  ,0,0,0,0,0,0,0,0,0,52000,0,0,0,64000,12000,52000,52000
063994,台光電群益9C購01,0,0,0,0,0,0,0,0,0,52000,0,0,0,128000,76000,52000,52000
064218,南六凱基01購01  ,0,0,0,0,0,0,0,0,0,52000,0,0,0,52000,0,52000,52000
064237,奇鋐統一01購01  ,0,0,0,0,0,0,0,0,0,52000,0,0,0,112000,60000,52000,52000
063805,技嘉兆豐9C購01  ,0,0,0,0,0,0,0,0,0,52000,0,0,0,118000,66000,52000,52000
063608,力成凱基9B購03  ,0,0,0,0,0,0,0,0,0,52000,0,0,0,92000,40000,52000,52000
063512,聯發科麥證9B購02,0,0,0,52000,0,52000,0,0,0,52000,0,0,0,52000,0,52000,52000
063573,茂林元大9B購06  ,0,0,0,0,0,0,0,0,0,52000,0,0,0,67000,15000,52000,52000
07782P,寶成凱基9A售02  ,0,0,0,0,0,0,0,0,0,51000,0,0,0,115000,64000,51000,51000
07957P,晶技群益9B售02  ,0,0,0,0,0,0,0,0,0,51000,0,0,0,134000,83000,51000,51000
056457,嘉澤凱基98購01  ,0,0,0,0,0,0,0,0,0,51000,0,0,0,61000,10000,51000,51000
059052,為升凱基99購01  ,0,0,0,0,0,0,0,0,0,51000,0,0,0,127000,76000,51000,51000
059107,南茂國泰9A購01  ,0,0,0,0,0,0,0,0,0,51000,0,0,0,106000,55000,51000,51000
059731,康控元大99購04  ,0,0,0,0,0,0,0,0,0,51000,0,0,0,138000,87000,51000,51000
054285,國巨元大98購02  ,0,0,0,0,0,0,0,0,0,51000,0,0,0,51000,0,51000,51000
055335,健策兆豐98購01  ,0,0,0,0,0,0,0,0,0,51000,0,0,0,51000,0,51000,51000
056772,欣興元大99購01  ,0,0,0,0,0,0,0,0,0,51000,0,0,0,80000,29000,51000,51000
00737,國泰AI+Robo     ,0,0,0,0,0,0,0,0,0,51000,0,0,0,109000,58000,51000,51000
053349,台郡國票97購02  ,0,0,0,0,0,0,0,0,0,51000,0,0,0,51000,0,51000,51000
047571,滬深2X群益99購01,0,0,0,0,0,0,0,0,0,51000,0,0,0,51000,0,51000,51000
061114,南電元大9A購04  ,0,0,0,0,0,0,0,0,0,51000,0,0,0,54000,3000,51000,51000
058241,景碩元大99購05  ,0,0,0,0,0,0,0,0,0,51000,0,0,0,64000,13000,51000,51000
063469,牧德元大9C購02  ,0,0,0,0,0,0,0,0,0,51000,0,0,0,51000,0,51000,51000
063436,儒鴻統一01購03  ,0,0,0,0,0,0,0,0,0,51000,0,0,0,71000,20000,51000,51000
063331,瑞儀國票9C購01  ,0,0,0,0,0,0,0,0,0,51000,0,0,0,51000,0,51000,51000
064500,國泰金元大9C購01,0,0,0,0,0,0,0,0,0,51000,0,0,0,65000,14000,51000,51000
064406,健策凱基03購01  ,0,0,0,0,0,0,0,0,0,51000,0,0,0,59000,8000,51000,51000
064025,友達元大02購01  ,0,0,0,0,0,0,0,0,0,51000,0,0,0,232000,181000,51000,51000
062476,神隆國票9B購01  ,0,0,0,0,0,0,0,0,0,51000,0,0,0,202000,151000,51000,51000
6283,淳安            ,66000,15000,51000,0,0,0,0,0,0,0,0,0,0,0,0,0,51000
07258P,台灣50台新9A售01,0,0,0,0,0,0,0,0,0,50000,0,0,0,60000,10000,50000,50000
07722P,玉晶光凱基9A售10,0,0,0,0,0,0,0,0,0,50000,0,0,0,50000,0,50000,50000
07455P,聯發科元大9A售01,0,0,0,0,0,0,0,0,0,50000,0,0,0,50000,0,50000,50000
064843,巨大統一02購01  ,0,0,0,0,0,0,0,0,0,50000,0,0,0,69000,19000,50000,50000
064659,台達電元大9C購02,0,0,0,0,0,0,0,0,0,50000,0,0,0,175000,125000,50000,50000
047885,元金2X富邦99購01,0,0,0,0,0,0,0,0,0,50000,0,0,0,50000,0,50000,50000
051055,友達群益98購01  ,0,0,0,0,0,0,0,0,0,50000,0,0,0,50000,0,50000,50000
00680L,元大美債20正2   ,43000,6000,37000,0,0,0,0,0,0,13000,0,0,0,21000,8000,13000,50000
042752,台灣50元大96購03,0,0,0,0,0,0,0,0,0,50000,0,0,0,50000,0,50000,50000
054795,合勤控群益98購01,0,0,0,0,0,0,0,0,0,50000,0,0,0,50000,0,50000,50000
054192,國巨中信98購01  ,0,0,0,0,0,0,0,0,0,50000,0,0,0,50000,0,50000,50000
054322,國巨台新96購02  ,0,0,0,0,0,0,0,0,0,50000,0,0,0,50000,0,50000,50000
054250,漢唐元大96購04  ,0,0,0,0,0,0,0,0,0,50000,0,0,0,50000,0,50000,50000
054410,國巨元大96購14  ,0,0,0,0,0,0,0,0,0,50000,0,0,0,50000,0,50000,50000
054655,貿聯麥證98購01  ,0,0,0,50000,0,50000,0,0,0,50000,0,0,0,50000,0,50000,50000
058210,臺股指凱基9C購04,0,0,0,0,0,0,0,0,0,50000,0,0,0,820000,770000,50000,50000
058173,台積電凱基99購04,0,0,0,0,0,0,0,0,0,50000,0,0,0,50000,0,50000,50000
056151,建準凱基97購01  ,0,0,0,0,0,0,0,0,0,50000,0,0,0,115000,65000,50000,50000
056311,泰鼎元大98購01  ,0,0,0,0,0,0,0,0,0,50000,0,0,0,50000,0,50000,50000
055911,可成凱基98購02  ,0,0,0,0,0,0,0,0,0,50000,0,0,0,51000,1000,50000,50000
055462,華邦電日盛97購01,0,0,0,0,0,0,0,0,0,50000,0,0,0,50000,0,50000,50000
056554,GIS凱基99購01   ,0,0,0,0,0,0,0,0,0,50000,0,0,0,252000,202000,50000,50000
055553,聯發科凱基97購05,0,0,0,0,0,0,0,0,0,50000,0,0,0,500000,450000,50000,50000
056580,泰鼎元大9A購01  ,0,0,0,0,0,0,0,0,0,50000,0,0,0,50000,0,50000,50000
056611,國巨永豐98購03  ,0,0,0,0,0,0,0,0,0,50000,0,0,0,51000,1000,50000,50000
057535,泰鼎元大99購01  ,0,0,0,0,0,0,0,0,0,50000,0,0,0,50000,0,50000,50000
057071,華擎永豐98購02  ,0,0,0,0,0,0,0,0,0,50000,0,0,0,50000,0,50000,50000
057124,為升凱基98購02  ,0,0,0,0,0,0,0,0,0,50000,0,0,0,50000,0,50000,50000
057134,茂林凱基98購02  ,0,0,0,0,0,0,0,0,0,50000,0,0,0,50000,0,50000,50000
060145,牧德國票9A購02  ,0,0,0,0,0,0,0,0,0,50000,0,0,0,50000,0,50000,50000
060655,國巨統一9B購06  ,0,0,0,0,0,0,0,0,0,50000,0,0,0,60000,10000,50000,50000
060944,國泰金國票9A購01,0,0,0,0,0,0,0,0,0,50000,0,0,0,50000,0,50000,50000
059924,世紀鋼元大99購06,0,0,0,0,0,0,0,0,0,50000,0,0,0,50000,0,50000,50000
060815,茂林凱基9B購01  ,0,0,0,0,0,0,0,0,0,50000,0,0,0,50000,0,50000,50000
060265,宏達電國票9A購02,0,0,0,0,0,0,0,0,0,50000,0,0,0,63000,13000,50000,50000
060242,潤泰全元大9C購01,0,0,0,0,0,0,0,0,0,50000,0,0,0,50000,0,50000,50000
061105,宏達電元大9A購04,0,0,0,0,0,0,0,0,0,50000,0,0,0,130000,80000,50000,50000
06154P,超眾元大98售01  ,0,0,0,0,0,0,0,0,0,50000,0,0,0,50000,0,50000,50000
061745,南電凱基9B購02  ,0,0,0,0,0,0,0,0,0,50000,0,0,0,50000,0,50000,50000
058968,T50正2永豐99購01,0,0,0,0,0,0,0,0,0,50000,0,0,0,80000,30000,50000,50000
060772,FBVIX凱基9A購03 ,0,0,0,0,0,0,0,0,0,50000,0,0,0,70000,20000,50000,50000
058587,台積電中信9C購03,0,0,0,0,0,0,0,0,0,50000,0,0,0,105000,55000,50000,50000
061955,FANG+統一9B購01 ,0,0,0,0,0,0,0,0,0,50000,0,0,0,50000,0,50000,50000
062796,技嘉統一9C購01  ,0,0,0,0,0,0,0,0,0,50000,0,0,0,82000,32000,50000,50000
062933,滬深2X凱基9B購07,0,0,0,0,0,0,0,0,0,50000,0,0,0,50000,0,50000,50000
063210,百和統一9C購01  ,0,0,0,0,0,0,0,0,0,50000,0,0,0,62000,12000,50000,50000
063280,燿華元大9B購05  ,0,0,0,0,0,0,0,0,0,50000,0,0,0,62000,12000,50000,50000
063992,大立光中信9C購03,0,0,0,0,0,0,0,0,0,50000,0,0,0,50000,0,50000,50000
064213,大立光凱基03購01,0,0,0,0,0,0,0,0,0,50000,0,0,0,50000,0,50000,50000
064434,微星凱基02購01  ,0,0,0,0,0,0,0,0,0,50000,0,0,0,50000,0,50000,50000
6477,安集            ,63000,13000,50000,0,0,0,0,0,0,0,0,0,0,0,0,0,50000
07473P,祥碩元大9A售01  ,0,0,0,0,0,0,0,0,0,49000,0,0,0,219000,170000,49000,49000
06970P,旺宏元大99售08  ,0,0,0,0,0,0,0,0,0,49000,0,0,0,61000,12000,49000,49000
07919P,創意永豐9B售01  ,0,0,0,0,0,0,0,0,0,49000,0,0,0,49000,0,49000,49000
2419,仲琦            ,248000,199000,49000,0,0,0,0,0,0,0,0,0,0,0,0,0,49000
3694,海華            ,87000,35000,52000,0,0,0,0,0,0,-3000,0,3000,-3000,0,0,0,49000
056941,台郡元富9B購01  ,0,0,0,0,0,0,0,0,0,49000,0,0,0,498000,449000,49000,49000
056458,日月光凱基98購02,0,0,0,0,0,0,0,0,0,49000,0,0,0,49000,0,49000,49000
061773,和潤元大9B購01  ,0,0,0,0,0,0,0,0,0,49000,0,0,0,69000,20000,49000,49000
061501,嘉澤國票9A購01  ,0,0,0,0,0,0,0,0,0,49000,0,0,0,61000,12000,49000,49000
061355,康友元大9A購03  ,0,0,0,0,0,0,0,0,0,49000,0,0,0,211000,162000,49000,49000
060252,緯穎元大9A購02  ,0,0,0,0,0,0,0,0,0,49000,0,0,0,105000,56000,49000,49000
058604,華邦電元大99購03,0,0,0,0,0,0,0,0,0,49000,0,0,0,49000,0,49000,49000
059984,華新科元大99購21,0,0,0,0,0,0,0,0,0,49000,0,0,0,57000,8000,49000,49000
060645,台表科永豐9A購02,0,0,0,0,0,0,0,0,0,49000,0,0,0,121000,72000,49000,49000
064521,群創群益02購01  ,0,0,0,0,0,0,0,0,0,49000,0,0,0,184000,135000,49000,49000
064133,力成元大9C購01  ,0,0,0,0,0,0,0,0,0,49000,0,0,0,51000,2000,49000,49000
063849,奇鋐元大9C購01  ,0,0,0,0,0,0,0,0,0,49000,0,0,0,155000,106000,49000,49000
063163,京元電永豐9B購01,0,0,0,0,0,0,0,0,0,49000,0,0,0,206000,157000,49000,49000
063028,巨大元大9B購02  ,0,0,0,0,0,0,0,0,0,49000,0,0,0,49000,0,49000,49000
062617,京鼎元大9B購01  ,0,0,0,0,0,0,0,0,0,49000,0,0,0,102000,53000,49000,49000
062540,茂林國泰9C購01  ,0,0,0,0,0,0,0,0,0,49000,0,0,0,77000,28000,49000,49000
07416P,台積電元大99售53,0,0,0,0,0,0,0,0,0,48000,0,0,0,123000,75000,48000,48000
055458,燿華永豐98購01  ,0,0,0,0,0,0,0,0,0,48000,0,0,0,63000,15000,48000,48000
056547,臻鼎凱基99購01  ,0,0,0,0,0,0,0,0,0,48000,0,0,0,110000,62000,48000,48000
056719,台虹永豐98購01  ,0,0,0,0,0,0,0,0,0,48000,0,0,0,48000,0,48000,48000
054309,禾伸堂凱基98購01,0,0,0,0,0,0,0,0,0,48000,0,0,0,48000,0,48000,48000
061669,崇越中信9A購01  ,0,0,0,0,0,0,0,0,0,48000,0,0,0,48000,0,48000,48000
060719,瀚宇博永豐9A購01,0,0,0,0,0,0,0,0,0,48000,0,0,0,48000,0,48000,48000
062903,燿華元大9B購04  ,0,0,0,0,0,0,0,0,0,48000,0,0,0,52000,4000,48000,48000
063189,臻鼎凱基9B購01  ,0,0,0,0,0,0,0,0,0,48000,0,0,0,92000,44000,48000,48000
063537,華擎統一9C購03  ,0,0,0,0,0,0,0,0,0,48000,0,0,0,88000,40000,48000,48000
064415,群創麥證9C購01  ,0,0,0,48000,0,48000,0,0,0,48000,0,0,0,48000,0,48000,48000
9919,康那香          ,1306000,1208000,98000,0,0,0,0,0,0,-50000,20000,50000,-30000,0,20000,-20000,48000
065035,世芯統一01購03  ,0,0,0,0,0,0,0,0,0,47000,0,0,0,76000,29000,47000,47000
08065P,瑞昱凱基9B售03  ,0,0,0,0,0,0,0,0,0,47000,0,0,0,97000,50000,47000,47000
1321,大洋            ,64000,17000,47000,0,0,0,0,0,0,0,0,0,0,0,0,0,47000
08247P,台積電群益9C售06,0,0,0,0,0,0,0,0,0,47000,0,0,0,357000,310000,47000,47000
054773,台郡國票98購01  ,0,0,0,0,0,0,0,0,0,47000,0,0,0,47000,0,47000,47000
056378,欣興元富98購01  ,0,0,0,0,0,0,0,0,0,47000,0,0,0,103000,56000,47000,47000
056844,欣興元富98購03  ,0,0,0,0,0,0,0,0,0,47000,0,0,0,47000,0,47000,47000
056290,正文永豐98購01  ,0,0,0,0,0,0,0,0,0,47000,0,0,0,47000,0,47000,47000
060128,健策永豐99購06  ,0,0,0,0,0,0,0,0,0,47000,0,0,0,74000,27000,47000,47000
055523,道瓊銀群益9A購01,0,0,0,0,0,0,0,0,0,47000,0,0,0,47000,0,47000,47000
057616,聯電凱基99購01  ,0,0,0,0,0,0,0,0,0,47000,0,0,0,67000,20000,47000,47000
061735,上銀凱基9B購01  ,0,0,0,0,0,0,0,0,0,47000,0,0,0,57000,10000,47000,47000
058322,玉晶光永豐99購02,0,0,0,0,0,0,0,0,0,47000,0,0,0,47000,0,47000,47000
060923,全新永豐9A購01  ,0,0,0,0,0,0,0,0,0,47000,0,0,0,47000,0,47000,47000
060243,潤泰全元大9C購02,0,0,0,0,0,0,0,0,0,47000,0,0,0,98000,51000,47000,47000
060240,富邦金元大9A購01,0,0,0,0,0,0,0,0,0,47000,0,0,0,107000,60000,47000,47000
064170,儒鴻元富9C購01  ,0,0,0,0,0,0,0,0,0,47000,0,0,0,71000,24000,47000,47000
063550,可成國票9C購01  ,0,0,0,0,0,0,0,0,0,47000,0,0,0,98000,51000,47000,47000
063892,旺宏群益01購01  ,0,0,0,0,0,0,0,0,0,47000,0,0,0,47000,0,47000,47000
063130,聯茂元大9B購02  ,0,0,0,0,0,0,0,0,0,47000,0,0,0,72000,25000,47000,47000
063119,華通元大9B購07  ,0,0,0,0,0,0,0,0,0,47000,0,0,0,63000,16000,47000,47000
062678,華通統一9C購04  ,0,0,0,0,0,0,0,0,0,47000,0,0,0,61000,14000,47000,47000
062579,華通統一01購02  ,0,0,0,0,0,0,0,0,0,47000,0,0,0,73000,26000,47000,47000
08228P,華擎國票9C售01  ,0,0,0,0,0,0,0,0,0,46000,0,0,0,46000,0,46000,46000
3530,晶相光          ,112000,62000,50000,0,0,0,0,0,0,-4000,0,0,0,0,4000,-4000,46000
2413,環科            ,59000,13000,46000,0,0,0,0,0,0,0,0,0,0,0,0,0,46000
065082,台光電元大9C購04,0,0,0,0,0,0,0,0,0,46000,0,0,0,179000,133000,46000,46000
06956P,國巨日盛99售04  ,0,0,0,0,0,0,0,0,0,46000,0,0,0,50000,4000,46000,46000
056900,可成元大98購02  ,0,0,0,0,0,0,0,0,0,46000,0,0,0,46000,0,46000,46000
058178,國巨國泰9A購02  ,0,0,0,0,0,0,0,0,0,46000,0,0,0,71000,25000,46000,46000
059101,康控統一9A購01  ,0,0,0,0,0,0,0,0,0,46000,0,0,0,235000,189000,46000,46000
055774,台光電凱基97購02,0,0,0,0,0,0,0,0,0,46000,0,0,0,49000,3000,46000,46000
045054,聯發科元富98購02,0,0,0,0,0,0,0,0,0,46000,0,0,0,46000,0,46000,46000
060874,中鋼中信02購01  ,0,0,0,0,0,0,0,0,0,46000,0,0,0,58000,12000,46000,46000
06185P,台表科元大97售05,0,0,0,0,0,0,0,0,0,46000,0,0,0,46000,0,46000,46000
061438,牧德凱基9B購02  ,0,0,0,0,0,0,0,0,0,46000,0,0,0,46000,0,46000,46000
058570,臻鼎凱基9A購01  ,0,0,0,0,0,0,0,0,0,46000,0,0,0,51000,5000,46000,46000
058749,康控凱基99購03  ,0,0,0,0,0,0,0,0,0,46000,0,0,0,96000,50000,46000,46000
062273,國巨群益9C購02  ,0,0,0,0,0,0,0,0,0,46000,0,0,0,101000,55000,46000,46000
062303,台表科中信01購01,0,0,0,0,0,0,0,0,0,46000,0,0,0,57000,11000,46000,46000
064148,瑞昱統一02購01  ,0,0,0,0,0,0,0,0,0,46000,0,0,0,56000,10000,46000,46000
064518,華新科群益02購01,0,0,0,0,0,0,0,0,0,46000,0,0,0,47000,1000,46000,46000
6533,晶心科          ,116000,77000,39000,0,0,0,0,0,0,7000,7000,0,7000,0,0,0,46000
06514P,國巨凱基98售05  ,0,0,0,0,0,0,0,0,0,45000,0,0,0,45000,0,45000,45000
2739,寒舍            ,54000,9000,45000,0,0,0,0,0,0,0,0,0,0,0,0,0,45000
08205P,智邦凱基9B售03  ,0,0,0,0,0,0,0,0,0,45000,0,0,0,45000,0,45000,45000
052006,康友富邦98購01  ,0,0,0,0,0,0,0,0,0,45000,0,0,0,45000,0,45000,45000
056835,聯電元富99購01  ,0,0,0,0,0,0,0,0,0,45000,0,0,0,145000,100000,45000,45000
056333,台積電日盛9B購01,0,0,0,0,0,0,0,0,0,45000,0,0,0,350000,305000,45000,45000
054377,臺股指中信99購09,0,0,0,0,0,0,0,0,0,45000,0,0,0,45000,0,45000,45000
054589,聯鈞國泰99購01  ,0,0,0,0,0,0,0,0,0,45000,0,0,0,177000,132000,45000,45000
054554,大立光凱基98購02,0,0,0,0,0,0,0,0,0,45000,0,0,0,45000,0,45000,45000
055814,晶豪科國票97購02,0,0,0,0,0,0,0,0,0,45000,0,0,0,45000,0,45000,45000
055958,台光電元大97購02,0,0,0,0,0,0,0,0,0,45000,0,0,0,45000,0,45000,45000
056230,可成凱基98購03  ,0,0,0,0,0,0,0,0,0,45000,0,0,0,48000,3000,45000,45000
057182,禾伸堂元大99購02,0,0,0,0,0,0,0,0,0,45000,0,0,0,108000,63000,45000,45000
05750P,臺股指群益99售04,0,0,0,0,0,0,0,0,0,45000,0,0,0,54000,9000,45000,45000
060736,旺宏統一01購01  ,0,0,0,0,0,0,0,0,0,45000,0,0,0,45000,0,45000,45000
060468,聯鈞元大9A購02  ,0,0,0,0,0,0,0,0,0,45000,0,0,0,228000,183000,45000,45000
059509,奇力新永豐99購02,0,0,0,0,0,0,0,0,0,45000,0,0,0,55000,10000,45000,45000
059169,可成凱基99購04  ,0,0,0,0,0,0,0,0,0,45000,0,0,0,96000,51000,45000,45000
060340,國巨統一01購02  ,0,0,0,0,0,0,0,0,0,45000,0,0,0,50000,5000,45000,45000
063781,健策永豐9B購08  ,0,0,0,0,0,0,0,0,0,45000,0,0,0,45000,0,45000,45000
063458,正隆元大9B購01  ,0,0,0,0,0,0,0,0,0,45000,0,0,0,97000,52000,45000,45000
063426,茂林凱基9B購03  ,0,0,0,0,0,0,0,0,0,45000,0,0,0,70000,25000,45000,45000
061925,禾伸堂凱基9C購01,0,0,0,0,0,0,0,0,0,45000,0,0,0,65000,20000,45000,45000
062667,立積群益9B購01  ,0,0,0,0,0,0,0,0,0,45000,0,0,0,50000,5000,45000,45000
063065,聯發科麥證9C購01,0,0,0,45000,0,45000,0,0,0,45000,0,0,0,45000,0,45000,45000
4916,事欣科          ,58000,13000,45000,0,0,0,0,0,0,0,0,0,0,0,0,0,45000
5215,科嘉-KY         ,431079,375000,56079,0,0,0,0,0,0,-12000,0,12000,-12000,0,0,0,44079
08365P,貿聯凱基9C售01  ,0,0,0,0,0,0,0,0,0,44000,0,0,0,64000,20000,44000,44000
08471P,日月光凱基9C售02,0,0,0,0,0,0,0,0,0,44000,0,0,0,44000,0,44000,44000
3321,同泰            ,47000,3000,44000,0,0,0,0,0,0,0,0,0,0,0,0,0,44000
2340,光磊            ,1126000,1096000,30000,0,0,0,0,0,0,14000,36000,0,36000,0,22000,-22000,44000
07568P,鴻海凱基9A售22  ,0,0,0,0,0,0,0,0,0,44000,0,0,0,44000,0,44000,44000
056213,建準國票98購02  ,0,0,0,0,0,0,0,0,0,44000,0,0,0,44000,0,44000,44000
056272,嘉澤統一99購01  ,0,0,0,0,0,0,0,0,0,44000,0,0,0,44000,0,44000,44000
056135,緯創元大98購01  ,0,0,0,0,0,0,0,0,0,44000,0,0,0,59000,15000,44000,44000
056141,聯茂元大97購05  ,0,0,0,0,0,0,0,0,0,44000,0,0,0,74000,30000,44000,44000
056058,建準元大97購02  ,0,0,0,0,0,0,0,0,0,44000,0,0,0,49000,5000,44000,44000
056340,可成凱基98購04  ,0,0,0,0,0,0,0,0,0,44000,0,0,0,49000,5000,44000,44000
060199,台郡元富9A購01  ,0,0,0,0,0,0,0,0,0,44000,0,0,0,44000,0,44000,44000
060747,聯鈞國票9A購02  ,0,0,0,0,0,0,0,0,0,44000,0,0,0,111000,67000,44000,44000
061715,牧德凱基9B購03  ,0,0,0,0,0,0,0,0,0,44000,0,0,0,44000,0,44000,44000
061792,和大永豐9B購01  ,0,0,0,0,0,0,0,0,0,44000,0,0,0,74000,30000,44000,44000
062619,台表科元大9B購03,0,0,0,0,0,0,0,0,0,44000,0,0,0,110000,66000,44000,44000
062708,立積元大9B購01  ,0,0,0,0,0,0,0,0,0,44000,0,0,0,44000,0,44000,44000
06282P,聯鈞永豐97售02  ,0,0,0,0,0,0,0,0,0,44000,0,0,0,44000,0,44000,44000
062532,聯詠統一9C購01  ,0,0,0,0,0,0,0,0,0,44000,0,0,0,339000,295000,44000,44000
063464,廣達元大9B購02  ,0,0,0,0,0,0,0,0,0,44000,0,0,0,138000,94000,44000,44000
063587,漢唐永豐9B購02  ,0,0,0,0,0,0,0,0,0,44000,0,0,0,44000,0,44000,44000
064267,南六永豐9C購03  ,0,0,0,0,0,0,0,0,0,44000,0,0,0,44000,0,44000,44000
064276,聯發科元大9C購07,0,0,0,0,0,0,0,0,0,44000,0,0,0,268000,224000,44000,44000
064339,大立光元大01購01,0,0,0,0,0,0,0,0,0,44000,0,0,0,44000,0,44000,44000
9902,台火            ,45000,1000,44000,0,0,0,0,0,0,0,0,0,0,0,0,0,44000
06853P,華擎元富98售03  ,0,0,0,0,0,0,0,0,0,43000,0,0,0,111000,68000,43000,43000
08394P,大立光群益9C售05,0,0,0,0,0,0,0,0,0,43000,0,0,0,171000,128000,43000,43000
08120P,南亞科國票9C售01,0,0,0,0,0,0,0,0,0,43000,0,0,0,43000,0,43000,43000
054789,高鐵群益98購01  ,0,0,0,0,0,0,0,0,0,43000,0,0,0,55000,12000,43000,43000
055258,玉晶光統一97購03,0,0,0,0,0,0,0,0,0,43000,0,0,0,43000,0,43000,43000
00635U,元大S&P黃金     ,0,2000,-2000,0,0,0,0,0,0,45000,0,0,0,80000,35000,45000,43000
056034,華通凱基98購01  ,0,0,0,0,0,0,0,0,0,43000,0,0,0,43000,0,43000,43000
055926,國巨群益98購06  ,0,0,0,0,0,0,0,0,0,43000,0,0,0,45000,2000,43000,43000
059675,大立光元富99購08,0,0,0,0,0,0,0,0,0,43000,0,0,0,68000,25000,43000,43000
057006,國巨中信98購03  ,0,0,0,0,0,0,0,0,0,43000,0,0,0,63000,20000,43000,43000
060451,中石化元大9C購02,0,0,0,0,0,0,0,0,0,43000,0,0,0,111000,68000,43000,43000
057827,康友元大98購03  ,0,0,0,0,0,0,0,0,0,43000,0,0,0,43000,0,43000,43000
063958,瑞祺元大9C購01  ,0,0,0,0,0,0,0,0,0,43000,0,0,0,187000,144000,43000,43000
063319,神達群益9B購01  ,0,0,0,0,0,0,0,0,0,43000,0,0,0,166000,123000,43000,43000
063822,聯發科麥證01購01,0,0,0,53000,10000,43000,0,0,0,43000,0,0,0,53000,10000,43000,43000
063832,矽創國票01購01  ,0,0,0,0,0,0,0,0,0,43000,0,0,0,43000,0,43000,43000
062781,微星元大9C購01  ,0,0,0,0,0,0,0,0,0,43000,0,0,0,43000,0,43000,43000
062919,聯茂元大9B購01  ,0,0,0,0,0,0,0,0,0,43000,0,0,0,63000,20000,43000,43000
062690,華擎統一9B購01  ,0,0,0,0,0,0,0,0,0,43000,0,0,0,107000,64000,43000,43000
062774,儒鴻元大9C購01  ,0,0,0,0,0,0,0,0,0,43000,0,0,0,86000,43000,43000,43000
07840P,康控元大9A售02  ,0,0,0,0,0,0,0,0,0,42000,0,0,0,206000,164000,42000,42000
08373P,大立光凱基01售05,0,0,0,0,0,0,0,0,0,42000,0,0,0,160000,118000,42000,42000
2017,官田鋼          ,59000,20000,39000,0,0,0,0,0,0,3000,3000,0,3000,0,0,0,42000
07529P,國巨凱基9A售11  ,0,0,0,0,0,0,0,0,0,42000,0,0,0,52000,10000,42000,42000
07312P,台灣50元大99售10,0,0,0,0,0,0,0,0,0,42000,0,0,0,44000,2000,42000,42000
065092,健鼎元大9C購02  ,0,0,0,0,0,0,0,0,0,42000,0,0,0,175000,133000,42000,42000
064897,宏達電群益9C購02,0,0,0,0,0,0,0,0,0,42000,0,0,0,45000,3000,42000,42000
064603,和碩元富9C購01  ,0,0,0,0,0,0,0,0,0,42000,0,0,0,307000,265000,42000,42000
057436,義隆國票99購02  ,0,0,0,0,0,0,0,0,0,42000,0,0,0,57000,15000,42000,42000
060099,宏達電元大99購09,0,0,0,0,0,0,0,0,0,42000,0,0,0,72000,30000,42000,42000
057878,台郡元大99購04  ,0,0,0,0,0,0,0,0,0,42000,0,0,0,52000,10000,42000,42000
057974,上銀永豐98購02  ,0,0,0,0,0,0,0,0,0,42000,0,0,0,42000,0,42000,42000
058295,欣興凱基99購02  ,0,0,0,0,0,0,0,0,0,42000,0,0,0,272000,230000,42000,42000
058339,康友元富99購02  ,0,0,0,0,0,0,0,0,0,42000,0,0,0,42000,0,42000,42000
058994,道瓊指元大99購01,0,0,0,0,0,0,0,0,0,42000,0,0,0,50000,8000,42000,42000
060535,群創麥證9A購01  ,0,0,0,42000,0,42000,0,0,0,42000,0,0,0,42000,0,42000,42000
061503,臻鼎國票9B購01  ,0,0,0,0,0,0,0,0,0,42000,0,0,0,78000,36000,42000,42000
061375,華通永豐9A購02  ,0,0,0,0,0,0,0,0,0,42000,0,0,0,47000,5000,42000,42000
062925,建準國票9B購01  ,0,0,0,0,0,0,0,0,0,42000,0,0,0,80000,38000,42000,42000
063236,旺宏元大9B購07  ,0,0,0,0,0,0,0,0,0,42000,0,0,0,110000,68000,42000,42000
06374P,台表科元大97售06,0,0,0,0,0,0,0,0,0,42000,0,0,0,45000,3000,42000,42000
063567,漢唐元大9B購03  ,0,0,0,0,0,0,0,0,0,42000,0,0,0,217000,175000,42000,42000
064498,可成元大01購03  ,0,0,0,0,0,0,0,0,0,42000,0,0,0,43000,1000,42000,42000
07228P,台灣50群益9B售06,0,0,0,0,0,0,0,0,0,41000,0,0,0,41000,0,41000,41000
07694P,超眾元大9A售05  ,0,0,0,0,0,0,0,0,0,41000,0,0,0,70000,29000,41000,41000
2527,宏璟            ,68000,27000,41000,0,0,0,0,0,0,0,0,0,0,0,0,0,41000
2472,立隆電          ,183000,142000,41000,0,0,0,0,0,0,0,0,0,0,0,0,0,41000
07845P,南亞科元大9A售08,0,0,0,0,0,0,0,0,0,41000,0,0,0,41000,0,41000,41000
059766,同欣電永豐99購03,0,0,0,0,0,0,0,0,0,41000,0,0,0,41000,0,41000,41000
059822,聯發科凱基99購19,0,0,0,0,0,0,0,0,0,41000,0,0,0,41000,0,41000,41000
056734,國巨凱基99購01  ,0,0,0,0,0,0,0,0,0,41000,0,0,0,41000,0,41000,41000
057181,亞光元大98購02  ,0,0,0,0,0,0,0,0,0,41000,0,0,0,114000,73000,41000,41000
057189,康控元大98購02  ,0,0,0,0,0,0,0,0,0,41000,0,0,0,42000,1000,41000,41000
03810P,大立光富邦98售01,0,0,0,0,0,0,0,0,0,41000,0,0,0,41000,0,41000,41000
054366,和大中信98購01  ,0,0,0,0,0,0,0,0,0,41000,0,0,0,41000,0,41000,41000
054796,康普群益98購01  ,0,0,0,0,0,0,0,0,0,41000,0,0,0,41000,0,41000,41000
056403,茂林群益98購01  ,0,0,0,0,0,0,0,0,0,41000,0,0,0,91000,50000,41000,41000
057416,T50反1凱基9C購01,0,0,0,0,0,0,0,0,0,41000,0,0,0,50000,9000,41000,41000
061550,聯鈞群益9A購03  ,0,0,0,0,0,0,0,0,0,41000,0,0,0,923000,882000,41000,41000
061710,國巨凱基9A購18  ,0,0,0,0,0,0,0,0,0,41000,0,0,0,63000,22000,41000,41000
060774,南亞科凱基9A購01,0,0,0,0,0,0,0,0,0,41000,0,0,0,41000,0,41000,41000
060776,世芯凱基9B購01  ,0,0,0,0,0,0,0,0,0,41000,0,0,0,41000,0,41000,41000
060423,智易永豐9A購01  ,0,0,0,0,0,0,0,0,0,41000,0,0,0,106000,65000,41000,41000
058743,可成康和99購01  ,0,0,0,0,0,0,0,0,0,41000,0,0,0,42000,1000,41000,41000
058875,台表科國票9A購02,0,0,0,0,0,0,0,0,0,41000,0,0,0,84000,43000,41000,41000
060646,南電永豐9A購01  ,0,0,0,0,0,0,0,0,0,41000,0,0,0,41000,0,41000,41000
060806,華新科群益9A購03,0,0,0,0,0,0,0,0,0,41000,0,0,0,42000,1000,41000,41000
058023,南電凱基98購02  ,0,0,0,0,0,0,0,0,0,41000,0,0,0,55000,14000,41000,41000
063574,茂林元大9B購07  ,0,0,0,0,0,0,0,0,0,41000,0,0,0,41000,0,41000,41000
063283,華新科元大9C購03,0,0,0,0,0,0,0,0,0,41000,0,0,0,129000,88000,41000,41000
063333,同欣電國票9C購01,0,0,0,0,0,0,0,0,0,41000,0,0,0,52000,11000,41000,41000
063392,聯電群益9B購02  ,0,0,0,0,0,0,0,0,0,41000,0,0,0,161000,120000,41000,41000
063660,儒鴻統一9C購01  ,0,0,0,0,0,0,0,0,0,41000,0,0,0,61000,20000,41000,41000
063840,鴻海元大01購01  ,0,0,0,0,0,0,0,0,0,41000,0,0,0,41000,0,41000,41000
063020,奇力新元大9B購04,0,0,0,0,0,0,0,0,0,41000,0,0,0,41000,0,41000,41000
062868,葡萄王中信9B購01,0,0,0,0,0,0,0,0,0,41000,0,0,0,48000,7000,41000,41000
08157P,大立光元富9B售06,0,0,0,0,0,0,0,0,0,40000,0,0,0,89000,49000,40000,40000
08384P,臺股指群益9C售12,0,0,0,0,0,0,0,0,0,40000,0,0,0,46000,6000,40000,40000
08243P,祥碩凱基9C售02  ,0,0,0,0,0,0,0,0,0,40000,0,0,0,60000,20000,40000,40000
2471,資通            ,180000,127000,53000,0,0,0,0,0,0,-13000,0,13000,-13000,0,0,0,40000
07612P,國巨國泰9B售06  ,0,0,0,0,0,0,0,0,0,40000,0,0,0,340000,300000,40000,40000
07544P,大立光凱基9A售09,0,0,0,0,0,0,0,0,0,40000,0,0,0,40000,0,40000,40000
07558P,玉晶光元大9A售10,0,0,0,0,0,0,0,0,0,40000,0,0,0,50000,10000,40000,40000
064748,力成國票01購01  ,0,0,0,0,0,0,0,0,0,40000,0,0,0,135000,95000,40000,40000
057423,台郡凱基98購06  ,0,0,0,0,0,0,0,0,0,40000,0,0,0,137000,97000,40000,40000
057309,南茂兆豐99購01  ,0,0,0,0,0,0,0,0,0,40000,0,0,0,40000,0,40000,40000
056341,宏達電凱基9A購01,0,0,0,0,0,0,0,0,0,40000,0,0,0,40000,0,40000,40000
054697,凌華永豐97購01  ,0,0,0,0,0,0,0,0,0,40000,0,0,0,40000,0,40000,40000
054535,旺宏富邦97購02  ,0,0,0,0,0,0,0,0,0,40000,0,0,0,40000,0,40000,40000
051728,道瓊反國票97購01,0,0,0,0,0,0,0,0,0,40000,0,0,0,40000,0,40000,40000
047504,滬深2X國票9A購01,0,0,0,0,0,0,0,0,0,40000,0,0,0,40000,0,40000,40000
053284,樺漢元大97購01  ,0,0,0,0,0,0,0,0,0,40000,0,0,0,40000,0,40000,40000
055166,台積電統一97購05,0,0,0,0,0,0,0,0,0,40000,0,0,0,40000,0,40000,40000
057219,群創群益98購10  ,0,0,0,0,0,0,0,0,0,40000,0,0,0,40000,0,40000,40000
056867,華通麥證98購01  ,0,0,0,40000,0,40000,0,0,0,40000,0,0,0,40000,0,40000,40000
055624,聯發科富邦99購07,0,0,0,0,0,0,0,0,0,40000,0,0,0,40000,0,40000,40000
056317,華通群益99購02  ,0,0,0,0,0,0,0,0,0,40000,0,0,0,54000,14000,40000,40000
056323,旺宏兆豐98購01  ,0,0,0,0,0,0,0,0,0,40000,0,0,0,40000,0,40000,40000
056233,超眾凱基97購02  ,0,0,0,0,0,0,0,0,0,40000,0,0,0,51000,11000,40000,40000
060055,宏達電凱基99購06,0,0,0,0,0,0,0,0,0,40000,0,0,0,50000,10000,40000,40000
060292,聯詠元大9A購01  ,0,0,0,0,0,0,0,0,0,40000,0,0,0,40000,0,40000,40000
060993,健策元大9B購03  ,0,0,0,0,0,0,0,0,0,40000,0,0,0,49000,9000,40000,40000
060683,泰鼎元大9A購02  ,0,0,0,0,0,0,0,0,0,40000,0,0,0,82000,42000,40000,40000
060698,旺宏國泰9C購01  ,0,0,0,0,0,0,0,0,0,40000,0,0,0,99000,59000,40000,40000
058289,奇鋐國票9A購01  ,0,0,0,0,0,0,0,0,0,40000,0,0,0,50000,10000,40000,40000
060465,聯發科元大9A購02,0,0,0,0,0,0,0,0,0,40000,0,0,0,40000,0,40000,40000
058995,台達電元大99購01,0,0,0,0,0,0,0,0,0,40000,0,0,0,46000,6000,40000,40000
059443,嘉聯益元大9B購01,0,0,0,0,0,0,0,0,0,40000,0,0,0,41000,1000,40000,40000
061789,群創群益9B購01  ,0,0,0,0,0,0,0,0,0,40000,0,0,0,40000,0,40000,40000
061842,牧德凱基9C購01  ,0,0,0,0,0,0,0,0,0,40000,0,0,0,50000,10000,40000,40000
062871,大成鋼兆豐9B購01,0,0,0,0,0,0,0,0,0,40000,0,0,0,50000,10000,40000,40000
062768,南電凱基9B購04  ,0,0,0,0,0,0,0,0,0,40000,0,0,0,44000,4000,40000,40000
062452,A50正2群益01購04,0,0,0,0,0,0,0,0,0,40000,0,0,0,40000,0,40000,40000
062355,華通元大9B購03  ,0,0,0,0,0,0,0,0,0,40000,0,0,0,55000,15000,40000,40000
061973,上銀元大9B購01  ,0,0,0,0,0,0,0,0,0,40000,0,0,0,52000,12000,40000,40000
063864,健策富邦01購01  ,0,0,0,0,0,0,0,0,0,40000,0,0,0,40000,0,40000,40000
063670,美食統一9C購01  ,0,0,0,0,0,0,0,0,0,40000,0,0,0,40000,0,40000,40000
063514,南電麥證9C購01  ,0,0,0,52000,8000,44000,0,0,0,40000,0,0,0,52000,12000,40000,40000
064424,華新科兆豐01購01,0,0,0,0,0,0,0,0,0,40000,0,0,0,40000,0,40000,40000
064440,大立光凱基03購03,0,0,0,0,0,0,0,0,0,40000,0,0,0,50000,10000,40000,40000
064445,聚陽統一02購01  ,0,0,0,0,0,0,0,0,0,40000,0,0,0,60000,20000,40000,40000
064401,台達電凱基06購01,0,0,0,0,0,0,0,0,0,40000,0,0,0,160000,120000,40000,40000
064179,上銀富邦01購01  ,0,0,0,0,0,0,0,0,0,40000,0,0,0,186000,146000,40000,40000
07402P,瑞昱凱基99售02  ,0,0,0,0,0,0,0,0,0,39000,0,0,0,43000,4000,39000,39000
1465,偉全            ,52000,9000,43000,0,0,0,0,0,0,-4000,0,4000,-4000,0,0,0,39000
08369P,鴻海凱基01售04  ,0,0,0,0,0,0,0,0,0,39000,0,0,0,68000,29000,39000,39000
07878P,智邦群益9C售01  ,0,0,0,0,0,0,0,0,0,39000,0,0,0,39000,0,39000,39000
056286,奇鋐永豐97購01  ,0,0,0,0,0,0,0,0,0,39000,0,0,0,50000,11000,39000,39000
054408,義隆國票98購01  ,0,0,0,0,0,0,0,0,0,39000,0,0,0,39000,0,39000,39000
055254,聯詠統一97購03  ,0,0,0,0,0,0,0,0,0,39000,0,0,0,39000,0,39000,39000
054803,味全元大9A購01  ,0,0,0,0,0,0,0,0,0,39000,0,0,0,147000,108000,39000,39000
061847,力山國票9B購01  ,0,0,0,0,0,0,0,0,0,39000,0,0,0,39000,0,39000,39000
060392,華擎群益9C購02  ,0,0,0,0,0,0,0,0,0,39000,0,0,0,39000,0,39000,39000
060504,技嘉元大9A購02  ,0,0,0,0,0,0,0,0,0,39000,0,0,0,67000,28000,39000,39000
060707,台郡富邦9A購01  ,0,0,0,0,0,0,0,0,0,39000,0,0,0,160000,121000,39000,39000
057935,晶技群益98購02  ,0,0,0,0,0,0,0,0,0,39000,0,0,0,39000,0,39000,39000
057764,台表科凱基9A購01,0,0,0,0,0,0,0,0,0,39000,0,0,0,272000,233000,39000,39000
06266P,大立光凱基97售11,0,0,0,0,0,0,0,0,0,39000,0,0,0,39000,0,39000,39000
4106,雃博            ,425000,386000,39000,0,0,0,0,0,0,0,0,0,0,0,0,0,39000
07894P,燿華元大9B售01  ,0,0,0,0,0,0,0,0,0,38000,0,0,0,80000,42000,38000,38000
2516,新建            ,49000,11000,38000,0,0,0,0,0,0,0,0,0,0,0,0,0,38000
056379,玉晶光元富98購01,0,0,0,0,0,0,0,0,0,38000,0,0,0,60000,22000,38000,38000
055318,華通國票98購01  ,0,0,0,0,0,0,0,0,0,38000,0,0,0,148000,110000,38000,38000
054278,晶技群益97購02  ,0,0,0,0,0,0,0,0,0,38000,0,0,0,38000,0,38000,38000
057161,亞德客元大98購02,0,0,0,0,0,0,0,0,0,38000,0,0,0,138000,100000,38000,38000
057705,臺股指群益98購05,0,0,0,0,0,0,0,0,0,38000,0,0,0,638000,600000,38000,38000
057834,聯發科元富02購07,0,0,0,0,0,0,0,0,0,38000,0,0,0,40000,2000,38000,38000
058012,鈺齊國票99購01  ,0,0,0,0,0,0,0,0,0,38000,0,0,0,38000,0,38000,38000
058673,華新科群益9A購02,0,0,0,0,0,0,0,0,0,38000,0,0,0,40000,2000,38000,38000
058242,玉晶光元大9A購01,0,0,0,0,0,0,0,0,0,38000,0,0,0,175000,137000,38000,38000
060998,華通兆豐9A購01  ,0,0,0,0,0,0,0,0,0,38000,0,0,0,38000,0,38000,38000
059956,玉山金康和99購01,0,0,0,0,0,0,0,0,0,38000,0,0,0,73000,35000,38000,38000
059932,世紀鋼富邦9A購02,0,0,0,0,0,0,0,0,0,38000,0,0,0,48000,10000,38000,38000
060733,和大統一9C購01  ,0,0,0,0,0,0,0,0,0,38000,0,0,0,77000,39000,38000,38000
060387,盛群凱基9A購01  ,0,0,0,0,0,0,0,0,0,38000,0,0,0,109000,71000,38000,38000
062972,京元電元富9B購01,0,0,0,0,0,0,0,0,0,38000,0,0,0,241000,203000,38000,38000
063238,漢唐元大9B購02  ,0,0,0,0,0,0,0,0,0,38000,0,0,0,55000,17000,38000,38000
061929,嘉澤凱基9B購01  ,0,0,0,0,0,0,0,0,0,38000,0,0,0,63000,25000,38000,38000
062194,遠東新中信9C購01,0,0,0,0,0,0,0,0,0,38000,0,0,0,38000,0,38000,38000
062406,臻鼎永豐9B購01  ,0,0,0,0,0,0,0,0,0,38000,0,0,0,258000,220000,38000,38000
062339,瑞昱麥證9C購01  ,0,0,0,71000,36000,35000,0,0,0,38000,0,0,0,79000,41000,38000,38000
064005,義隆凱基01購01  ,0,0,0,0,0,0,0,0,0,38000,0,0,0,97000,59000,38000,38000
064336,可成元大9C購06  ,0,0,0,0,0,0,0,0,0,38000,0,0,0,65000,27000,38000,38000
064275,台光電元大9C購03,0,0,0,0,0,0,0,0,0,38000,0,0,0,178000,140000,38000,38000
064454,華新科統一01購03,0,0,0,0,0,0,0,0,0,38000,0,0,0,38000,0,38000,38000
063437,聚陽統一01購01  ,0,0,0,0,0,0,0,0,0,38000,0,0,0,100000,62000,38000,38000
063785,華通中信06購02  ,0,0,0,0,0,0,0,0,0,38000,0,0,0,40000,2000,38000,38000
4994,傳奇            ,64000,26000,38000,0,0,0,0,0,0,0,0,0,0,0,0,0,38000
07255P,國巨凱基99售15  ,0,0,0,0,0,0,0,0,0,37000,0,0,0,62000,25000,37000,37000
064669,健策元大01購03  ,0,0,0,0,0,0,0,0,0,37000,0,0,0,91000,54000,37000,37000
057135,立積凱基98購01  ,0,0,0,0,0,0,0,0,0,37000,0,0,0,50000,13000,37000,37000
057491,美食元大98購03  ,0,0,0,0,0,0,0,0,0,37000,0,0,0,130000,93000,37000,37000
056416,華新科中信98購01,0,0,0,0,0,0,0,0,0,37000,0,0,0,37000,0,37000,37000
057510,泰碩統一98購02  ,0,0,0,0,0,0,0,0,0,37000,0,0,0,66000,29000,37000,37000
056538,國泰金凱基98購01,0,0,0,0,0,0,0,0,0,37000,0,0,0,37000,0,37000,37000
055437,禾伸堂中信99購01,0,0,0,0,0,0,0,0,0,37000,0,0,0,103000,66000,37000,37000
055373,聯詠元大97購03  ,0,0,0,0,0,0,0,0,0,37000,0,0,0,50000,13000,37000,37000
054785,建準群益98購01  ,0,0,0,0,0,0,0,0,0,37000,0,0,0,60000,23000,37000,37000
057381,微星國泰9A購01  ,0,0,0,0,0,0,0,0,0,37000,0,0,0,37000,0,37000,37000
057397,茂林中信9A購01  ,0,0,0,0,0,0,0,0,0,37000,0,0,0,42000,5000,37000,37000
060400,南電國票9A購03  ,0,0,0,0,0,0,0,0,0,37000,0,0,0,44000,7000,37000,37000
059950,百和永豐99購02  ,0,0,0,0,0,0,0,0,0,37000,0,0,0,123000,86000,37000,37000
063888,TPK中信01購01   ,0,0,0,0,0,0,0,0,0,37000,0,0,0,60000,23000,37000,37000
063749,聯發科國票9C購04,0,0,0,0,0,0,0,0,0,37000,0,0,0,40000,3000,37000,37000
063752,瑞祺國票9C購01  ,0,0,0,0,0,0,0,0,0,37000,0,0,0,204000,167000,37000,37000
064162,貿聯統一02購01  ,0,0,0,0,0,0,0,0,0,37000,0,0,0,172000,135000,37000,37000
064137,台泥統一02購01  ,0,0,0,0,0,0,0,0,0,37000,0,0,0,84000,47000,37000,37000
062393,智邦富邦9B購01  ,0,0,0,0,0,0,0,0,0,37000,0,0,0,166000,129000,37000,37000
062398,建準永豐9B購01  ,0,0,0,0,0,0,0,0,0,37000,0,0,0,82000,45000,37000,37000
062369,創意元大9B購01  ,0,0,0,0,0,0,0,0,0,37000,0,0,0,350000,313000,37000,37000
062432,上銀元大9B購04  ,0,0,0,0,0,0,0,0,0,37000,0,0,0,50000,13000,37000,37000
062558,義隆凱基9B購02  ,0,0,0,0,0,0,0,0,0,37000,0,0,0,49000,12000,37000,37000
062043,牧德凱基9B購04  ,0,0,0,0,0,0,0,0,0,37000,0,0,0,37000,0,37000,37000
063132,台表科元大9C購02,0,0,0,0,0,0,0,0,0,37000,0,0,0,148000,111000,37000,37000
062601,富邦金台新9B購01,0,0,0,0,0,0,0,0,0,37000,0,0,0,55000,18000,37000,37000
062770,臺股指凱基9B購14,0,0,0,0,0,0,0,0,0,37000,0,0,0,142000,105000,37000,37000
064679,晶技兆豐9C購01  ,0,0,0,0,0,0,0,0,0,36000,0,0,0,36000,0,36000,36000
064590,牧德永豐9C購01  ,0,0,0,0,0,0,0,0,0,36000,0,0,0,47000,11000,36000,36000
065006,景碩國票01購01  ,0,0,0,0,0,0,0,0,0,36000,0,0,0,99000,63000,36000,36000
07560P,台積電國泰9B售01,0,0,0,0,0,0,0,0,0,36000,0,0,0,168000,132000,36000,36000
07693P,群創元大9B售10  ,0,0,0,0,0,0,0,0,0,36000,0,0,0,60000,24000,36000,36000
3040,遠見            ,131000,95000,36000,0,0,0,0,0,0,0,0,0,0,0,0,0,36000
1519,華城            ,152000,116000,36000,0,0,0,0,0,0,0,0,0,0,0,0,0,36000
08260P,大立光元大9C售08,0,0,0,0,0,0,0,0,0,36000,0,0,0,36000,0,36000,36000
047505,元金2X國票9B購01,0,0,0,0,0,0,0,0,0,36000,0,0,0,36000,0,36000,36000
049842,道瓊反中信98購01,0,0,0,0,0,0,0,0,0,36000,0,0,0,68000,32000,36000,36000
057524,旺宏元大99購04  ,0,0,0,0,0,0,0,0,0,36000,0,0,0,45000,9000,36000,36000
056584,鴻海統一9B購01  ,0,0,0,0,0,0,0,0,0,36000,0,0,0,1038000,1002000,36000,36000
057176,全新元大99購02  ,0,0,0,0,0,0,0,0,0,36000,0,0,0,100000,64000,36000,36000
058166,鴻海凱基9A購01  ,0,0,0,0,0,0,0,0,0,36000,0,0,0,36000,0,36000,36000
060133,牧德群益9B購01  ,0,0,0,0,0,0,0,0,0,36000,0,0,0,50000,14000,36000,36000
059160,華通凱基99購03  ,0,0,0,0,0,0,0,0,0,36000,0,0,0,36000,0,36000,36000
060295,貿聯元大9A購03  ,0,0,0,0,0,0,0,0,0,36000,0,0,0,115000,79000,36000,36000
057863,美律凱基9A購01  ,0,0,0,0,0,0,0,0,0,36000,0,0,0,36000,0,36000,36000
057843,晶技永豐98購02  ,0,0,0,0,0,0,0,0,0,36000,0,0,0,50000,14000,36000,36000
057895,全新元富9B購01  ,0,0,0,0,0,0,0,0,0,36000,0,0,0,58000,22000,36000,36000
061525,華新科凱基9A購13,0,0,0,0,0,0,0,0,0,36000,0,0,0,36000,0,36000,36000
061303,玉晶光永豐9B購03,0,0,0,0,0,0,0,0,0,36000,0,0,0,124000,88000,36000,36000
062454,華通群益9C購03  ,0,0,0,0,0,0,0,0,0,36000,0,0,0,77000,41000,36000,36000
062367,禾伸堂元大9B購02,0,0,0,0,0,0,0,0,0,36000,0,0,0,41000,5000,36000,36000
064509,台表科元大9C購08,0,0,0,0,0,0,0,0,0,36000,0,0,0,106000,70000,36000,36000
064382,台積電國泰01購01,0,0,0,0,0,0,0,0,0,36000,0,0,0,36000,0,36000,36000
063886,南電元富9C購01  ,0,0,0,0,0,0,0,0,0,36000,0,0,0,36000,0,36000,36000
08371P,京元電凱基9C售01,0,0,0,0,0,0,0,0,0,35000,0,0,0,35000,0,35000,35000
08470P,世芯凱基9C售02  ,0,0,0,0,0,0,0,0,0,35000,0,0,0,55000,20000,35000,35000
07877P,晶技永豐9B售01  ,0,0,0,0,0,0,0,0,0,35000,0,0,0,81000,46000,35000,35000
08042P,臺股指群益9B售15,0,0,0,0,0,0,0,0,0,35000,0,0,0,105000,70000,35000,35000
2642,宅配通          ,61000,26000,35000,0,0,0,0,0,0,0,0,0,0,0,0,0,35000
07187P,臺股指台新99售10,0,0,0,0,0,0,0,0,0,35000,0,0,0,35000,0,35000,35000
06937P,GIS元大98售03   ,0,0,0,0,0,0,0,0,0,35000,0,0,0,45000,10000,35000,35000
064989,鈺齊元大01購01  ,0,0,0,0,0,0,0,0,0,35000,0,0,0,36000,1000,35000,35000
065108,建準國票01購01  ,0,0,0,0,0,0,0,0,0,35000,0,0,0,35000,0,35000,35000
055989,矽力元富9A購01  ,0,0,0,0,0,0,0,0,0,35000,0,0,0,37000,2000,35000,35000
055732,全新元富9A購01  ,0,0,0,0,0,0,0,0,0,35000,0,0,0,60000,25000,35000,35000
056455,群創凱基9A購01  ,0,0,0,0,0,0,0,0,0,35000,0,0,0,35000,0,35000,35000
055574,美律統一97購01  ,0,0,0,0,0,0,0,0,0,35000,0,0,0,35000,0,35000,35000
055145,T50反1元大97購04,0,0,0,0,0,0,0,0,0,35000,0,0,0,35000,0,35000,35000
053561,玉晶光國泰98購01,0,0,0,0,0,0,0,0,0,35000,0,0,0,35000,0,35000,35000
054178,中磊台新97購01  ,0,0,0,0,0,0,0,0,0,35000,0,0,0,45000,10000,35000,35000
054614,玉晶光永豐97購03,0,0,0,0,0,0,0,0,0,35000,0,0,0,55000,20000,35000,35000
054627,義隆凱基98購01  ,0,0,0,0,0,0,0,0,0,35000,0,0,0,50000,15000,35000,35000
061427,旭富元大9A購02  ,0,0,0,0,0,0,0,0,0,35000,0,0,0,36000,1000,35000,35000
061533,友達統一9C購02  ,0,0,0,0,0,0,0,0,0,35000,0,0,0,35000,0,35000,35000
061579,京鼎元大9A購02  ,0,0,0,0,0,0,0,0,0,35000,0,0,0,69000,34000,35000,35000
059440,康控元大9B購01  ,0,0,0,0,0,0,0,0,0,35000,0,0,0,47000,12000,35000,35000
059431,旺宏元大99購14  ,0,0,0,0,0,0,0,0,0,35000,0,0,0,36000,1000,35000,35000
058839,瑞儀中信99購02  ,0,0,0,0,0,0,0,0,0,35000,0,0,0,55000,20000,35000,35000
060754,華通元大9A購04  ,0,0,0,0,0,0,0,0,0,35000,0,0,0,36000,1000,35000,35000
059569,旺宏凱基99購09  ,0,0,0,0,0,0,0,0,0,35000,0,0,0,35000,0,35000,35000
059537,大立光凱基99購09,0,0,0,0,0,0,0,0,0,35000,0,0,0,35000,0,35000,35000
061003,南亞科兆豐9A購01,0,0,0,0,0,0,0,0,0,35000,0,0,0,38000,3000,35000,35000
061017,國泰金麥證9A購01,0,0,0,35000,0,35000,0,0,0,35000,0,0,0,35000,0,35000,35000
060885,世紀鋼中信9A購01,0,0,0,0,0,0,0,0,0,35000,0,0,0,35000,0,35000,35000
060906,旺宏元大9A購07  ,0,0,0,0,0,0,0,0,0,35000,0,0,0,76000,41000,35000,35000
063905,健策麥證02購01  ,0,0,0,35000,0,35000,0,0,0,35000,0,0,0,35000,0,35000,35000
063918,復盛凱基9C購01  ,0,0,0,0,0,0,0,0,0,35000,0,0,0,50000,15000,35000,35000
063328,京元電國票9C購02,0,0,0,0,0,0,0,0,0,35000,0,0,0,103000,68000,35000,35000
064180,國巨富邦02購03  ,0,0,0,0,0,0,0,0,0,35000,0,0,0,654000,619000,35000,35000
064225,健策國票01購02  ,0,0,0,0,0,0,0,0,0,35000,0,0,0,35000,0,35000,35000
063970,大立光國票01購01,0,0,0,0,0,0,0,0,0,35000,0,0,0,35000,0,35000,35000
062366,義隆元大9B購04  ,0,0,0,0,0,0,0,0,0,35000,0,0,0,49000,14000,35000,35000
062288,南六群益9B購01  ,0,0,0,0,0,0,0,0,0,35000,0,0,0,46000,11000,35000,35000
062473,同欣電凱基9B購01,0,0,0,0,0,0,0,0,0,35000,0,0,0,51000,16000,35000,35000
062085,同欣電元大9B購01,0,0,0,0,0,0,0,0,0,35000,0,0,0,35000,0,35000,35000
062785,世芯元大9C購01  ,0,0,0,0,0,0,0,0,0,35000,0,0,0,139000,104000,35000,35000
062802,宏達電統一9B購01,0,0,0,0,0,0,0,0,0,35000,0,0,0,85000,50000,35000,35000
063249,祥碩元大9B購06  ,0,0,0,0,0,0,0,0,0,35000,0,0,0,484000,449000,35000,35000
5225,東科-KY         ,51000,16000,35000,0,0,0,0,0,0,0,0,0,0,0,0,0,35000
06505P,康控國票99售02  ,0,0,0,0,0,0,0,0,0,34000,0,0,0,34000,0,34000,34000
06678P,大立光統一99售01,0,0,0,0,0,0,0,0,0,34000,0,0,0,34000,0,34000,34000
07424P,大立光元大9B售01,0,0,0,0,0,0,0,0,0,34000,0,0,0,41000,7000,34000,34000
07490P,大立光國票9A售03,0,0,0,0,0,0,0,0,0,34000,0,0,0,34000,0,34000,34000
1730,花仙子          ,67000,33000,34000,0,0,0,0,0,0,0,0,0,0,0,0,0,34000
08080P,祥碩國票9B售03  ,0,0,0,0,0,0,0,0,0,34000,0,0,0,54000,20000,34000,34000
08088P,義隆凱基9B售03  ,0,0,0,0,0,0,0,0,0,34000,0,0,0,43000,9000,34000,34000
08272P,鴻海元富9C售02  ,0,0,0,0,0,0,0,0,0,34000,0,0,0,49000,15000,34000,34000
053947,義隆富邦97購01  ,0,0,0,0,0,0,0,0,0,34000,0,0,0,34000,0,34000,34000
053063,力山群益98購01  ,0,0,0,0,0,0,0,0,0,34000,0,0,0,134000,100000,34000,34000
052806,玉晶光元大98購04,0,0,0,0,0,0,0,0,0,34000,0,0,0,34000,0,34000,34000
00674R,元大S&P黃金反1  ,0,0,0,0,0,0,0,0,0,34000,0,0,0,34000,0,34000,34000
056484,聯茂元大98購02  ,0,0,0,0,0,0,0,0,0,34000,0,0,0,34000,0,34000,34000
057504,技嘉麥證98購01  ,0,0,0,35000,1000,34000,0,0,0,34000,0,0,0,35000,1000,34000,34000
059889,華新科國票99購04,0,0,0,0,0,0,0,0,0,34000,0,0,0,57000,23000,34000,34000
059148,百和國票9A購01  ,0,0,0,0,0,0,0,0,0,34000,0,0,0,51000,17000,34000,34000
060653,全新群益9A購02  ,0,0,0,0,0,0,0,0,0,34000,0,0,0,89000,55000,34000,34000
059292,華新科元富9B購02,0,0,0,0,0,0,0,0,0,34000,0,0,0,34000,0,34000,34000
059029,旺宏兆豐99購01  ,0,0,0,0,0,0,0,0,0,34000,0,0,0,90000,56000,34000,34000
059460,GIS永豐99購02   ,0,0,0,0,0,0,0,0,0,34000,0,0,0,44000,10000,34000,34000
061489,高鐵兆豐9A購01  ,0,0,0,0,0,0,0,0,0,34000,0,0,0,94000,60000,34000,34000
063129,祥碩元大9C購03  ,0,0,0,0,0,0,0,0,0,34000,0,0,0,65000,31000,34000,34000
063066,同欣電麥證9B購01,0,0,0,35000,1000,34000,0,0,0,34000,0,0,0,35000,1000,34000,34000
062815,聯發科兆豐9B購03,0,0,0,0,0,0,0,0,0,34000,0,0,0,34000,0,34000,34000
062354,台達電元大9B購01,0,0,0,0,0,0,0,0,0,34000,0,0,0,44000,10000,34000,34000
064024,漢唐元大9C購01  ,0,0,0,0,0,0,0,0,0,34000,0,0,0,54000,20000,34000,34000
063570,嘉晶元大9C購02  ,0,0,0,0,0,0,0,0,0,34000,0,0,0,161000,127000,34000,34000
063814,嘉晶群益9C購01  ,0,0,0,0,0,0,0,0,0,34000,0,0,0,123000,89000,34000,34000
9136,巨騰-DR         ,34000,12000,22000,0,0,0,0,0,0,12000,12000,0,12000,0,0,0,34000
07093P,台積電凱基99售07,0,0,0,0,0,0,0,0,0,33000,0,0,0,33000,0,33000,33000
06594P,立積元大98售01  ,0,0,0,0,0,0,0,0,0,33000,0,0,0,33000,0,33000,33000
06569P,可成永豐98售01  ,0,0,0,0,0,0,0,0,0,33000,0,0,0,33000,0,33000,33000
06788P,臺股指元大98售05,0,0,0,0,0,0,0,0,0,33000,0,0,0,113000,80000,33000,33000
06876P,台灣50兆豐9B售01,0,0,0,0,0,0,0,0,0,33000,0,0,0,33000,0,33000,33000
064970,東元元大9C購01  ,0,0,0,0,0,0,0,0,0,33000,0,0,0,66000,33000,33000,33000
064604,聯茂元富9C購01  ,0,0,0,0,0,0,0,0,0,33000,0,0,0,37000,4000,33000,33000
064621,大立光元大9C購20,0,0,0,0,0,0,0,0,0,33000,0,0,0,33000,0,33000,33000
064757,義隆凱基01購02  ,0,0,0,0,0,0,0,0,0,33000,0,0,0,50000,17000,33000,33000
060054,華新科凱基9B購04,0,0,0,0,0,0,0,0,0,33000,0,0,0,143000,110000,33000,33000
00682U,元大美元指數    ,0,0,0,0,0,0,0,0,0,33000,0,0,0,37000,4000,33000,33000
03686P,大立光統一98售02,0,0,0,0,0,0,0,0,0,33000,0,0,0,33000,0,33000,33000
053433,友達日盛99購06  ,0,0,0,0,0,0,0,0,0,33000,0,0,0,33000,0,33000,33000
061344,禾伸堂元大9A購02,0,0,0,0,0,0,0,0,0,33000,0,0,0,59000,26000,33000,33000
058900,旺宏元大99購11  ,0,0,0,0,0,0,0,0,0,33000,0,0,0,77000,44000,33000,33000
059262,致茂中信01購01  ,0,0,0,0,0,0,0,0,0,33000,0,0,0,40000,7000,33000,33000
060346,華新科統一01購01,0,0,0,0,0,0,0,0,0,33000,0,0,0,53000,20000,33000,33000
058096,南電元大98購04  ,0,0,0,0,0,0,0,0,0,33000,0,0,0,41000,8000,33000,33000
063595,燿華中信9B購02  ,0,0,0,0,0,0,0,0,0,33000,0,0,0,33000,0,33000,33000
064033,茂林元大9C購02  ,0,0,0,0,0,0,0,0,0,33000,0,0,0,68000,35000,33000,33000
064192,巨大中信9C購01  ,0,0,0,0,0,0,0,0,0,33000,0,0,0,48000,15000,33000,33000
064158,健鼎統一02購01  ,0,0,0,0,0,0,0,0,0,33000,0,0,0,344000,311000,33000,33000
064090,祥碩凱基9C購03  ,0,0,0,0,0,0,0,0,0,33000,0,0,0,76000,43000,33000,33000
062263,康控元大9B購03  ,0,0,0,0,0,0,0,0,0,33000,0,0,0,159000,126000,33000,33000
062276,瑞昱群益9B購01  ,0,0,0,0,0,0,0,0,0,33000,0,0,0,83000,50000,33000,33000
062855,嘉澤永豐9B購02  ,0,0,0,0,0,0,0,0,0,33000,0,0,0,33000,0,33000,33000
062621,緯穎元大9B購05  ,0,0,0,0,0,0,0,0,0,33000,0,0,0,54000,21000,33000,33000
062716,鴻海凱基9B購06  ,0,0,0,0,0,0,0,0,0,33000,0,0,0,64000,31000,33000,33000
063221,京元電群益9B購02,0,0,0,0,0,0,0,0,0,33000,0,0,0,33000,0,33000,33000
07992P,玉晶光群益01售04,0,0,0,0,0,0,0,0,0,32000,0,0,0,114000,82000,32000,32000
08154P,上銀元富9B售04  ,0,0,0,0,0,0,0,0,0,32000,0,0,0,32000,0,32000,32000
2062,橋椿            ,108000,76000,32000,0,0,0,0,0,0,0,0,0,0,0,0,0,32000
047004,台積電統一99購01,0,0,0,0,0,0,0,0,0,32000,0,0,0,36000,4000,32000,32000
00675L,富邦臺灣加權正2 ,144000,158000,-14000,0,0,0,0,0,0,46000,0,0,0,46000,0,46000,32000
056354,國巨元大98購10  ,0,0,0,0,0,0,0,0,0,32000,0,0,0,36000,4000,32000,32000
058145,聯茂元大99購03  ,0,0,0,0,0,0,0,0,0,32000,0,0,0,100000,68000,32000,32000
055745,臻鼎元富97購01  ,0,0,0,0,0,0,0,0,0,32000,0,0,0,250000,218000,32000,32000
055877,奇鋐元富97購01  ,0,0,0,0,0,0,0,0,0,32000,0,0,0,109000,77000,32000,32000
056126,台郡國票98購02  ,0,0,0,0,0,0,0,0,0,32000,0,0,0,52000,20000,32000,32000
057453,矽創元富98購01  ,0,0,0,0,0,0,0,0,0,32000,0,0,0,43000,11000,32000,32000
056478,晶技元大99購01  ,0,0,0,0,0,0,0,0,0,32000,0,0,0,32000,0,32000,32000
056503,楠梓電永豐98購01,0,0,0,0,0,0,0,0,0,32000,0,0,0,32000,0,32000,32000
056586,光罩統一98購02  ,0,0,0,0,0,0,0,0,0,32000,0,0,0,199000,167000,32000,32000
057716,神達統一98購01  ,0,0,0,0,0,0,0,0,0,32000,0,0,0,50000,18000,32000,32000
057730,聯鈞國泰9A購01  ,0,0,0,0,0,0,0,0,0,32000,0,0,0,265000,233000,32000,32000
060212,華航康和9A購01  ,0,0,0,0,0,0,0,0,0,32000,0,0,0,32000,0,32000,32000
059840,鴻海富邦9A購02  ,0,0,0,0,0,0,0,0,0,32000,0,0,0,32000,0,32000,32000
058957,貿聯國票9A購01  ,0,0,0,0,0,0,0,0,0,32000,0,0,0,32000,0,32000,32000
061470,鈺齊群益9A購02  ,0,0,0,0,0,0,0,0,0,32000,0,0,0,76000,44000,32000,32000
062374,茂林元大9B購03  ,0,0,0,0,0,0,0,0,0,32000,0,0,0,69000,37000,32000,32000
062377,力成元大9B購01  ,0,0,0,0,0,0,0,0,0,32000,0,0,0,65000,33000,32000,32000
062580,華通統一9C購03  ,0,0,0,0,0,0,0,0,0,32000,0,0,0,61000,29000,32000,32000
8114,振樺電          ,45000,11000,34000,0,0,0,0,0,0,-2000,0,2000,-2000,0,0,0,32000
1460,宏遠            ,31000,0,31000,0,0,0,0,0,0,0,0,0,0,0,0,0,31000
1413,宏洲            ,41000,10000,31000,0,0,0,0,0,0,0,0,0,0,0,0,0,31000
3032,偉訓            ,36000,5000,31000,0,0,0,0,0,0,0,0,0,0,0,0,0,31000
2906,高林            ,36000,5000,31000,0,0,0,0,0,0,0,0,0,0,0,0,0,31000
08087P,聯發科凱基9B售12,0,0,0,0,0,0,0,0,0,31000,0,0,0,41000,10000,31000,31000
08270P,鴻海富邦9C售02  ,0,0,0,0,0,0,0,0,0,31000,0,0,0,93000,62000,31000,31000
08330P,聯發科統一9C售13,0,0,0,0,0,0,0,0,0,31000,0,0,0,32000,1000,31000,31000
064571,帆宣群益9C購01  ,0,0,0,0,0,0,0,0,0,31000,0,0,0,57000,26000,31000,31000
064721,國泰金統一02購01,0,0,0,0,0,0,0,0,0,31000,0,0,0,31000,0,31000,31000
06928P,鴻海元大99售10  ,0,0,0,0,0,0,0,0,0,31000,0,0,0,51000,20000,31000,31000
057254,友達麥證98購01  ,0,0,0,31000,0,31000,0,0,0,31000,0,0,0,31000,0,31000,31000
055834,國巨元大97購13  ,0,0,0,0,0,0,0,0,0,31000,0,0,0,31000,0,31000,31000
054959,禾伸堂元大98購01,0,0,0,0,0,0,0,0,0,31000,0,0,0,50000,19000,31000,31000
054632,緯穎凱基9A購01  ,0,0,0,0,0,0,0,0,0,31000,0,0,0,92000,61000,31000,31000
048422,瑞昱元富96購02  ,0,0,0,0,0,0,0,0,0,31000,0,0,0,31000,0,31000,31000
053341,聯發科國票97購03,0,0,0,0,0,0,0,0,0,31000,0,0,0,31000,0,31000,31000
061387,鴻海群益9A購05  ,0,0,0,0,0,0,0,0,0,31000,0,0,0,105000,74000,31000,31000
058586,鴻海中信01購02  ,0,0,0,0,0,0,0,0,0,31000,0,0,0,53000,22000,31000,31000
057627,和大永豐98購01  ,0,0,0,0,0,0,0,0,0,31000,0,0,0,31000,0,31000,31000
059862,全新群益99購04  ,0,0,0,0,0,0,0,0,0,31000,0,0,0,71000,40000,31000,31000
058112,神達元富98購01  ,0,0,0,0,0,0,0,0,0,31000,0,0,0,31000,0,31000,31000
058605,華邦電元大99購04,0,0,0,0,0,0,0,0,0,31000,0,0,0,40000,9000,31000,31000
059324,智易元大99購04  ,0,0,0,0,0,0,0,0,0,31000,0,0,0,31000,0,31000,31000
062488,台光電永豐9B購02,0,0,0,0,0,0,0,0,0,31000,0,0,0,99000,68000,31000,31000
061974,光寶科元大9B購01,0,0,0,0,0,0,0,0,0,31000,0,0,0,313000,282000,31000,31000
064556,華通群益02購02  ,0,0,0,0,0,0,0,0,0,31000,0,0,0,34000,3000,31000,31000
063625,儒鴻元大9B購03  ,0,0,0,0,0,0,0,0,0,31000,0,0,0,109000,78000,31000,31000
06847P,奇力新元大98售05,0,0,0,0,0,0,0,0,0,30000,0,0,0,30000,0,30000,30000
06529P,貿聯富邦99售03  ,0,0,0,0,0,0,0,0,0,30000,0,0,0,65000,35000,30000,30000
06741P,台積電富邦98售04,0,0,0,0,0,0,0,0,0,30000,0,0,0,521000,491000,30000,30000
06730P,祥碩元大98售07  ,0,0,0,0,0,0,0,0,0,30000,0,0,0,134000,104000,30000,30000
07368P,國巨凱基99售19  ,0,0,0,0,0,0,0,0,0,30000,0,0,0,35000,5000,30000,30000
06467P,旺宏統一98售01  ,0,0,0,0,0,0,0,0,0,30000,0,0,0,50000,20000,30000,30000
064734,大立光元富9C購05,0,0,0,0,0,0,0,0,0,30000,0,0,0,30000,0,30000,30000
064762,致伸凱基9C購02  ,0,0,0,0,0,0,0,0,0,30000,0,0,0,50000,20000,30000,30000
065105,巨大元大01購01  ,0,0,0,0,0,0,0,0,0,30000,0,0,0,30000,0,30000,30000
08240P,華通中信06售03  ,0,0,0,0,0,0,0,0,0,30000,0,0,0,70000,40000,30000,30000
08119P,南亞科統一9C售03,0,0,0,0,0,0,0,0,0,30000,0,0,0,30000,0,30000,30000
055119,力成凱基98購01  ,0,0,0,0,0,0,0,0,0,30000,0,0,0,30000,0,30000,30000
055025,華新科國泰98購02,0,0,0,0,0,0,0,0,0,30000,0,0,0,30000,0,30000,30000
052077,可成元富98購02  ,0,0,0,0,0,0,0,0,0,30000,0,0,0,30000,0,30000,30000
035276,南亞科台新97購01,0,0,0,0,0,0,0,0,0,30000,0,0,0,50000,20000,30000,30000
052951,GIS國票97購02   ,0,0,0,0,0,0,0,0,0,30000,0,0,0,30000,0,30000,30000
052871,群創凱基98購07  ,0,0,0,0,0,0,0,0,0,30000,0,0,0,30000,0,30000,30000
052522,聯發科元大96購05,0,0,0,0,0,0,0,0,0,30000,0,0,0,40000,10000,30000,30000
054585,禾伸堂國泰99購01,0,0,0,0,0,0,0,0,0,30000,0,0,0,30000,0,30000,30000
054623,華新科第一97購01,0,0,0,0,0,0,0,0,0,30000,0,0,0,30000,0,30000,30000
054478,可成中信97購01  ,0,0,0,0,0,0,0,0,0,30000,0,0,0,30000,0,30000,30000
054040,中石化元大9C購01,0,0,0,0,0,0,0,0,0,30000,0,0,0,40000,10000,30000,30000
054121,奇鋐永豐96購02  ,0,0,0,0,0,0,0,0,0,30000,0,0,0,30000,0,30000,30000
056355,台積電元大98購08,0,0,0,0,0,0,0,0,0,30000,0,0,0,30000,0,30000,30000
054976,上証2X元富9A購01,0,0,0,0,0,0,0,0,0,30000,0,0,0,35000,5000,30000,30000
054717,亞德客永豐97購01,0,0,0,0,0,0,0,0,0,30000,0,0,0,30000,0,30000,30000
055896,南電統一97購02  ,0,0,0,0,0,0,0,0,0,30000,0,0,0,60000,30000,30000,30000
055736,宏達電元富99購01,0,0,0,0,0,0,0,0,0,30000,0,0,0,50000,20000,30000,30000
055690,矽力凱基97購02  ,0,0,0,0,0,0,0,0,0,30000,0,0,0,30000,0,30000,30000
058211,國巨群益9A購02  ,0,0,0,0,0,0,0,0,0,30000,0,0,0,30000,0,30000,30000
059721,旺宏元大99購16  ,0,0,0,0,0,0,0,0,0,30000,0,0,0,32000,2000,30000,30000
057434,國巨國票99購03  ,0,0,0,0,0,0,0,0,0,30000,0,0,0,30000,0,30000,30000
057242,台郡凱基98購05  ,0,0,0,0,0,0,0,0,0,30000,0,0,0,86000,56000,30000,30000
057211,鴻海群益98購05  ,0,0,0,0,0,0,0,0,0,30000,0,0,0,138000,108000,30000,30000
057448,致茂元富98購01  ,0,0,0,0,0,0,0,0,0,30000,0,0,0,30000,0,30000,30000
056969,智易永豐98購01  ,0,0,0,0,0,0,0,0,0,30000,0,0,0,30000,0,30000,30000
057525,光磊元大99購01  ,0,0,0,0,0,0,0,0,0,30000,0,0,0,130000,100000,30000,30000
057529,嘉晶元大99購02  ,0,0,0,0,0,0,0,0,0,30000,0,0,0,30000,0,30000,30000
057548,微星凱基99購01  ,0,0,0,0,0,0,0,0,0,30000,0,0,0,230000,200000,30000,30000
056480,京鼎元大98購02  ,0,0,0,0,0,0,0,0,0,30000,0,0,0,34000,4000,30000,30000
060315,易華電永豐9A購01,0,0,0,0,0,0,0,0,0,30000,0,0,0,336000,306000,30000,30000
058095,昇陽半元大98購03,0,0,0,0,0,0,0,0,0,30000,0,0,0,139000,109000,30000,30000
057924,健策凱基98購02  ,0,0,0,0,0,0,0,0,0,30000,0,0,0,31000,1000,30000,30000
057875,京鼎元大98購03  ,0,0,0,0,0,0,0,0,0,30000,0,0,0,30000,0,30000,30000
057909,台光電兆豐98購01,0,0,0,0,0,0,0,0,0,30000,0,0,0,30000,0,30000,30000
057922,華新科凱基99購01,0,0,0,0,0,0,0,0,0,30000,0,0,0,80000,50000,30000,30000
059947,貿聯永豐99購03  ,0,0,0,0,0,0,0,0,0,30000,0,0,0,76000,46000,30000,30000
059212,鴻海元大99購28  ,0,0,0,0,0,0,0,0,0,30000,0,0,0,30000,0,30000,30000
060700,華新科國泰9C購01,0,0,0,0,0,0,0,0,0,30000,0,0,0,46000,16000,30000,30000
057651,矽力元大98購03  ,0,0,0,0,0,0,0,0,0,30000,0,0,0,30000,0,30000,30000
059570,全新凱基99購04  ,0,0,0,0,0,0,0,0,0,30000,0,0,0,30000,0,30000,30000
060775,世芯凱基9A購02  ,0,0,0,0,0,0,0,0,0,30000,0,0,0,30000,0,30000,30000
060748,臻鼎國票9A購01  ,0,0,0,0,0,0,0,0,0,30000,0,0,0,30000,0,30000,30000
058883,旭富永豐99購01  ,0,0,0,0,0,0,0,0,0,30000,0,0,0,30000,0,30000,30000
059015,華通元富99購02  ,0,0,0,0,0,0,0,0,0,30000,0,0,0,30000,0,30000,30000
059438,群創元大99購06  ,0,0,0,0,0,0,0,0,0,30000,0,0,0,50000,20000,30000,30000
061628,緯穎群益9A購04  ,0,0,0,0,0,0,0,0,0,30000,0,0,0,30000,0,30000,30000
061841,晶技凱基9C購01  ,0,0,0,0,0,0,0,0,0,30000,0,0,0,30000,0,30000,30000
061836,華新科凱基05購01,0,0,0,0,0,0,0,0,0,30000,0,0,0,31000,1000,30000,30000
063299,金寶凱基9B購01  ,0,0,0,0,0,0,0,0,0,30000,0,0,0,30000,0,30000,30000
063421,可成凱基9C購02  ,0,0,0,0,0,0,0,0,0,30000,0,0,0,32000,2000,30000,30000
063424,新日興凱基01購01,0,0,0,0,0,0,0,0,0,30000,0,0,0,46000,16000,30000,30000
064524,GIS群益02購01   ,0,0,0,0,0,0,0,0,0,30000,0,0,0,46000,16000,30000,30000
064478,聚陽富邦01購01  ,0,0,0,0,0,0,0,0,0,30000,0,0,0,30000,0,30000,30000
064259,矽格富邦9C購01  ,0,0,0,0,0,0,0,0,0,30000,0,0,0,30000,0,30000,30000
064103,大立光群益9C購03,0,0,0,0,0,0,0,0,0,30000,0,0,0,30000,0,30000,30000
064041,國巨統一01購07  ,0,0,0,0,0,0,0,0,0,30000,0,0,0,42000,12000,30000,30000
064045,南亞科統一9C購04,0,0,0,0,0,0,0,0,0,30000,0,0,0,30000,0,30000,30000
061934,台積電國票9B購06,0,0,0,0,0,0,0,0,0,30000,0,0,0,30000,0,30000,30000
062059,聯發科統一9C購06,0,0,0,0,0,0,0,0,0,30000,0,0,0,30000,0,30000,30000
062256,聯發科元大9B購08,0,0,0,0,0,0,0,0,0,30000,0,0,0,40000,10000,30000,30000
062294,盛群永豐9B購01  ,0,0,0,0,0,0,0,0,0,30000,0,0,0,72000,42000,30000,30000
062764,世芯凱基9B購02  ,0,0,0,0,0,0,0,0,0,30000,0,0,0,30000,0,30000,30000
062740,致伸國票9B購01  ,0,0,0,0,0,0,0,0,0,30000,0,0,0,30000,0,30000,30000
062668,國巨中信9B購04  ,0,0,0,0,0,0,0,0,0,30000,0,0,0,30000,0,30000,30000
062823,台表科兆豐9B購01,0,0,0,0,0,0,0,0,0,30000,0,0,0,352000,322000,30000,30000
062944,茂林凱基9B購02  ,0,0,0,0,0,0,0,0,0,30000,0,0,0,30000,0,30000,30000
08177P,金像電元大9B售02,0,0,0,0,0,0,0,0,0,29000,0,0,0,53000,24000,29000,29000
08178P,南亞科元大9B售01,0,0,0,0,0,0,0,0,0,29000,0,0,0,49000,20000,29000,29000
3312,弘憶股          ,134000,105000,29000,0,0,0,0,0,0,0,0,0,0,0,0,0,29000
1612,宏泰            ,43000,14000,29000,0,0,0,0,0,0,0,0,0,0,0,0,0,29000
07131P,緯穎元大99售06  ,0,0,0,0,0,0,0,0,0,29000,0,0,0,29000,0,29000,29000
07545P,玉晶光凱基9A售07,0,0,0,0,0,0,0,0,0,29000,0,0,0,39000,10000,29000,29000
06733P,鴻海凱基99售02  ,0,0,0,0,0,0,0,0,0,29000,0,0,0,79000,50000,29000,29000
05545P,台表科國泰98售01,0,0,0,0,0,0,0,0,0,29000,0,0,0,29000,0,29000,29000
056427,上銀凱基98購03  ,0,0,0,0,0,0,0,0,0,29000,0,0,0,30000,1000,29000,29000
059699,華通凱基99購04  ,0,0,0,0,0,0,0,0,0,29000,0,0,0,29000,0,29000,29000
053818,富邦金群益98購01,0,0,0,0,0,0,0,0,0,29000,0,0,0,117000,88000,29000,29000
00770,國泰北美科技    ,0,0,0,0,0,0,0,0,0,29000,0,0,0,31000,2000,29000,29000
059164,旺宏凱基99購06  ,0,0,0,0,0,0,0,0,0,29000,0,0,0,29000,0,29000,29000
059172,台郡凱基99購03  ,0,0,0,0,0,0,0,0,0,29000,0,0,0,101000,72000,29000,29000
057748,華通國票98購04  ,0,0,0,0,0,0,0,0,0,29000,0,0,0,30000,1000,29000,29000
060324,台積電群益9B購02,0,0,0,0,0,0,0,0,0,29000,0,0,0,29000,0,29000,29000
062819,奇鋐兆豐9B購01  ,0,0,0,0,0,0,0,0,0,29000,0,0,0,182000,153000,29000,29000
062780,旺宏元大01購01  ,0,0,0,0,0,0,0,0,0,29000,0,0,0,58000,29000,29000,29000
062767,GIS凱基9B購02   ,0,0,0,0,0,0,0,0,0,29000,0,0,0,33000,4000,29000,29000
063155,緯穎元富9B購03  ,0,0,0,0,0,0,0,0,0,29000,0,0,0,61000,32000,29000,29000
062513,玉晶光國票9C購01,0,0,0,0,0,0,0,0,0,29000,0,0,0,51000,22000,29000,29000
062192,南六元大9B購01  ,0,0,0,0,0,0,0,0,0,29000,0,0,0,66000,37000,29000,29000
061939,中租國票9B購01  ,0,0,0,0,0,0,0,0,0,29000,0,0,0,29000,0,29000,29000
064485,儒鴻元大01購01  ,0,0,0,0,0,0,0,0,0,29000,0,0,0,100000,71000,29000,29000
064444,聚陽統一01購02  ,0,0,0,0,0,0,0,0,0,29000,0,0,0,79000,50000,29000,29000
064414,臺股指凱基9C購10,0,0,0,0,0,0,0,0,0,29000,0,0,0,34000,5000,29000,29000
063851,健策元大01購01  ,0,0,0,0,0,0,0,0,0,29000,0,0,0,123000,94000,29000,29000
063870,健策永豐01購01  ,0,0,0,0,0,0,0,0,0,29000,0,0,0,38000,9000,29000,29000
06765P,欣興元大98售11  ,0,0,0,0,0,0,0,0,0,28000,0,0,0,37000,9000,28000,28000
064785,康友群益9C購01  ,0,0,0,0,0,0,0,0,0,28000,0,0,0,38000,10000,28000,28000
064840,彩晶統一02購01  ,0,0,0,0,0,0,0,0,0,28000,0,0,0,265000,237000,28000,28000
07764P,世紀鋼永豐9A售04,0,0,0,0,0,0,0,0,0,28000,0,0,0,28000,0,28000,28000
08324P,大立光凱基9C售05,0,0,0,0,0,0,0,0,0,28000,0,0,0,28000,0,28000,28000
055131,茂林康和97購01  ,0,0,0,0,0,0,0,0,0,28000,0,0,0,128000,100000,28000,28000
056332,台郡國票99購01  ,0,0,0,0,0,0,0,0,0,28000,0,0,0,35000,7000,28000,28000
056127,致新國票98購02  ,0,0,0,0,0,0,0,0,0,28000,0,0,0,61000,33000,28000,28000
05709P,大立光國票97售01,0,0,0,0,0,0,0,0,0,28000,0,0,0,28000,0,28000,28000
060313,淘帝永豐9A購01  ,0,0,0,0,0,0,0,0,0,28000,0,0,0,28000,0,28000,28000
060679,聯詠元大9A購04  ,0,0,0,0,0,0,0,0,0,28000,0,0,0,263000,235000,28000,28000
061646,力成元大9A購02  ,0,0,0,0,0,0,0,0,0,28000,0,0,0,95000,67000,28000,28000
061458,臻鼎凱基9A購02  ,0,0,0,0,0,0,0,0,0,28000,0,0,0,28000,0,28000,28000
059387,華通凱基9A購03  ,0,0,0,0,0,0,0,0,0,28000,0,0,0,28000,0,28000,28000
063753,矽創國票9C購01  ,0,0,0,0,0,0,0,0,0,28000,0,0,0,38000,10000,28000,28000
063556,儒鴻元大9B購02  ,0,0,0,0,0,0,0,0,0,28000,0,0,0,83000,55000,28000,28000
064058,儒鴻麥證01購01  ,0,0,0,28000,0,28000,0,0,0,28000,0,0,0,28000,0,28000,28000
062082,嘉晶元大9B購01  ,0,0,0,0,0,0,0,0,0,28000,0,0,0,36000,8000,28000,28000
062471,國泰金凱基9B購02,0,0,0,0,0,0,0,0,0,28000,0,0,0,28000,0,28000,28000
062511,台光電國票9B購02,0,0,0,0,0,0,0,0,0,28000,0,0,0,28000,0,28000,28000
062307,華通凱基9C購01  ,0,0,0,0,0,0,0,0,0,28000,0,0,0,35000,7000,28000,28000
06296P,燿華元大98售01  ,0,0,0,0,0,0,0,0,0,28000,0,0,0,30000,2000,28000,28000
062608,智易凱基9B購01  ,0,0,0,0,0,0,0,0,0,28000,0,0,0,28000,0,28000,28000
062620,台表科元大9B購04,0,0,0,0,0,0,0,0,0,28000,0,0,0,116000,88000,28000,28000
4952,凌通            ,45000,17000,28000,0,0,0,0,0,0,0,0,0,0,0,0,0,28000
08210P,健策元富9B售02  ,0,0,0,0,0,0,0,0,0,27000,0,0,0,89000,62000,27000,27000
07955P,大成鋼群益9B售02,0,0,0,0,0,0,0,0,0,27000,0,0,0,48000,21000,27000,27000
08096P,大立光元富9B售04,0,0,0,0,0,0,0,0,0,27000,0,0,0,84000,57000,27000,27000
2007,燁興            ,43000,16000,27000,0,0,0,0,0,0,0,0,0,0,0,0,0,27000
065157,世芯群益9C購02  ,0,0,0,0,0,0,0,0,0,27000,0,0,0,99000,72000,27000,27000
057499,奇鋐群益98購01  ,0,0,0,0,0,0,0,0,0,27000,0,0,0,27000,0,27000,27000
057437,可成國票99購01  ,0,0,0,0,0,0,0,0,0,27000,0,0,0,57000,30000,27000,27000
056563,華新科群益98購04,0,0,0,0,0,0,0,0,0,27000,0,0,0,29000,2000,27000,27000
056856,華通群益9A購01  ,0,0,0,0,0,0,0,0,0,27000,0,0,0,28000,1000,27000,27000
055142,健策永豐98購01  ,0,0,0,0,0,0,0,0,0,27000,0,0,0,44000,17000,27000,27000
053378,台積電元大98購02,0,0,0,0,0,0,0,0,0,27000,0,0,0,27000,0,27000,27000
050801,元金2X群益98購01,0,0,0,0,0,0,0,0,0,27000,0,0,0,27000,0,27000,27000
00851,台新全球AI      ,0,0,0,0,0,0,0,0,0,27000,0,0,0,64000,37000,27000,27000
020008,元大特股高息N   ,0,0,0,0,0,0,0,0,0,27000,0,0,0,29000,2000,27000,27000
058834,GIS永豐99購01   ,0,0,0,0,0,0,0,0,0,27000,0,0,0,67000,40000,27000,27000
05959P,聯發科國票98售01,0,0,0,0,0,0,0,0,0,27000,0,0,0,48000,21000,27000,27000
061047,大立光第一9A購01,0,0,0,0,0,0,0,0,0,27000,0,0,0,27000,0,27000,27000
061263,微星凱基9A購01  ,0,0,0,0,0,0,0,0,0,27000,0,0,0,27000,0,27000,27000
060697,鴻海國泰9C購01  ,0,0,0,0,0,0,0,0,0,27000,0,0,0,35000,8000,27000,27000
058246,帆宣元大99購01  ,0,0,0,0,0,0,0,0,0,27000,0,0,0,27000,0,27000,27000
059986,宏達電元大99購08,0,0,0,0,0,0,0,0,0,27000,0,0,0,27000,0,27000,27000
057736,鴻海富邦99購04  ,0,0,0,0,0,0,0,0,0,27000,0,0,0,27000,0,27000,27000
062923,緯穎元大9B購06  ,0,0,0,0,0,0,0,0,0,27000,0,0,0,108000,81000,27000,27000
063081,技嘉凱基9B購02  ,0,0,0,0,0,0,0,0,0,27000,0,0,0,27000,0,27000,27000
062356,國巨元大9B購10  ,0,0,0,0,0,0,0,0,0,27000,0,0,0,27000,0,27000,27000
062357,國巨元大9B購11  ,0,0,0,0,0,0,0,0,0,27000,0,0,0,27000,0,27000,27000
062052,華通統一01購01  ,0,0,0,0,0,0,0,0,0,27000,0,0,0,208000,181000,27000,27000
064468,健策元富9C購02  ,0,0,0,0,0,0,0,0,0,27000,0,0,0,27000,0,27000,27000
063291,緯穎元大01購01  ,0,0,0,0,0,0,0,0,0,27000,0,0,0,161000,134000,27000,27000
063837,亞德客元大01購01,0,0,0,0,0,0,0,0,0,27000,0,0,0,27000,0,27000,27000
4141,龍燈-KY         ,221000,209000,12000,0,0,0,0,0,0,15000,15000,0,15000,0,0,0,27000
6152,百一            ,32000,5000,27000,0,0,0,0,0,0,0,0,0,0,0,0,0,27000
6243,迅杰            ,35000,8000,27000,0,0,0,0,0,0,0,0,0,0,0,0,0,27000
064764,聯茂凱基01購01  ,0,0,0,0,0,0,0,0,0,26000,0,0,0,107000,81000,26000,26000
06597P,國巨富邦9A售05  ,0,0,0,0,0,0,0,0,0,26000,0,0,0,86000,60000,26000,26000
07102P,南電元大99售03  ,0,0,0,0,0,0,0,0,0,26000,0,0,0,46000,20000,26000,26000
08235P,南電國泰9C售03  ,0,0,0,0,0,0,0,0,0,26000,0,0,0,26000,0,26000,26000
00866,新光Shiller CAPE,0,0,0,0,0,0,0,0,0,26000,0,0,0,52000,26000,26000,26000
057280,大立光元大98購15,0,0,0,0,0,0,0,0,0,26000,0,0,0,26000,0,26000,26000
054133,奇力新元大97購04,0,0,0,0,0,0,0,0,0,26000,0,0,0,26000,0,26000,26000
056471,台光電元大99購01,0,0,0,0,0,0,0,0,0,26000,0,0,0,31000,5000,26000,26000
059095,訊芯元大99購01  ,0,0,0,0,0,0,0,0,0,26000,0,0,0,63000,37000,26000,26000
058612,健策元大99購02  ,0,0,0,0,0,0,0,0,0,26000,0,0,0,26000,0,26000,26000
060233,宏碁元大9A購01  ,0,0,0,0,0,0,0,0,0,26000,0,0,0,26000,0,26000,26000
060898,世芯凱基9A購03  ,0,0,0,0,0,0,0,0,0,26000,0,0,0,26000,0,26000,26000
060197,臻鼎元富9A購02  ,0,0,0,0,0,0,0,0,0,26000,0,0,0,30000,4000,26000,26000
061296,台積電國泰9C購01,0,0,0,0,0,0,0,0,0,26000,0,0,0,26000,0,26000,26000
057638,上銀元大99購01  ,0,0,0,0,0,0,0,0,0,26000,0,0,0,30000,4000,26000,26000
059349,台郡凱基99購04  ,0,0,0,0,0,0,0,0,0,26000,0,0,0,38000,12000,26000,26000
060409,味全永豐9A購01  ,0,0,0,0,0,0,0,0,0,26000,0,0,0,49000,23000,26000,26000
060391,華擎群益9C購01  ,0,0,0,0,0,0,0,0,0,26000,0,0,0,26000,0,26000,26000
063734,可成元大9B購04  ,0,0,0,0,0,0,0,0,0,26000,0,0,0,26000,0,26000,26000
063694,貿聯永豐9B購01  ,0,0,0,0,0,0,0,0,0,26000,0,0,0,76000,50000,26000,26000
062181,義隆元大9B購03  ,0,0,0,0,0,0,0,0,0,26000,0,0,0,51000,25000,26000,26000
062318,台郡凱基9B購01  ,0,0,0,0,0,0,0,0,0,26000,0,0,0,98000,72000,26000,26000
063071,華新科富邦02購01,0,0,0,0,0,0,0,0,0,26000,0,0,0,30000,4000,26000,26000
062669,微星中信03購01  ,0,0,0,0,0,0,0,0,0,26000,0,0,0,121000,95000,26000,26000
062743,微星國泰01購01  ,0,0,0,0,0,0,0,0,0,26000,0,0,0,470000,444000,26000,26000
6165,捷泰            ,78000,52000,26000,0,0,0,0,0,0,0,0,0,0,0,0,0,26000
08326P,臺股指凱基9C售09,0,0,0,0,0,0,0,0,0,25000,0,0,0,40000,15000,25000,25000
08075P,聯電群益9C售01  ,0,0,0,0,0,0,0,0,0,25000,0,0,0,30000,5000,25000,25000
08061P,大毅國票9B售04  ,0,0,0,0,0,0,0,0,0,25000,0,0,0,25000,0,25000,25000
08159P,日月光元富9B售01,0,0,0,0,0,0,0,0,0,25000,0,0,0,25000,0,25000,25000
08201P,祥碩元大9B售09  ,0,0,0,0,0,0,0,0,0,25000,0,0,0,50000,25000,25000,25000
06667P,鴻海凱基98售11  ,0,0,0,0,0,0,0,0,0,25000,0,0,0,25000,0,25000,25000
06861P,台積電國票99售08,0,0,0,0,0,0,0,0,0,25000,0,0,0,25000,0,25000,25000
064808,國產元大9C購02  ,0,0,0,0,0,0,0,0,0,25000,0,0,0,33000,8000,25000,25000
064562,友達群益9C購03  ,0,0,0,0,0,0,0,0,0,25000,0,0,0,80000,55000,25000,25000
064955,健策凱基9C購03  ,0,0,0,0,0,0,0,0,0,25000,0,0,0,35000,10000,25000,25000
060127,牧德永豐99購02  ,0,0,0,0,0,0,0,0,0,25000,0,0,0,114000,89000,25000,25000
059742,富邦金元富99購01,0,0,0,0,0,0,0,0,0,25000,0,0,0,45000,20000,25000,25000
057553,景碩凱基98購03  ,0,0,0,0,0,0,0,0,0,25000,0,0,0,449000,424000,25000,25000
057545,國巨凱基99購05  ,0,0,0,0,0,0,0,0,0,25000,0,0,0,25000,0,25000,25000
057257,台泥兆豐99購01  ,0,0,0,0,0,0,0,0,0,25000,0,0,0,36000,11000,25000,25000
057190,立積元大9A購02  ,0,0,0,0,0,0,0,0,0,25000,0,0,0,215000,190000,25000,25000
056936,禾伸堂元富98購01,0,0,0,0,0,0,0,0,0,25000,0,0,0,25000,0,25000,25000
053997,健策群益97購02  ,0,0,0,0,0,0,0,0,0,25000,0,0,0,26000,1000,25000,25000
057373,大立光元大98購17,0,0,0,0,0,0,0,0,0,25000,0,0,0,25000,0,25000,25000
054925,神達凱基97購01  ,0,0,0,0,0,0,0,0,0,25000,0,0,0,25000,0,25000,25000
052622,貿聯兆豐97購01  ,0,0,0,0,0,0,0,0,0,25000,0,0,0,25000,0,25000,25000
050220,台積電元富96購01,0,0,0,0,0,0,0,0,0,25000,0,0,0,25000,0,25000,25000
050915,健策中信98購01  ,0,0,0,0,0,0,0,0,0,25000,0,0,0,45000,20000,25000,25000
055217,緯創凱基97購02  ,0,0,0,0,0,0,0,0,0,25000,0,0,0,25000,0,25000,25000
058981,國巨凱基99購10  ,0,0,0,0,0,0,0,0,0,25000,0,0,0,25000,0,25000,25000
059634,可成凱基99購07  ,0,0,0,0,0,0,0,0,0,25000,0,0,0,25000,0,25000,25000
059533,富邦金凱基99購01,0,0,0,0,0,0,0,0,0,25000,0,0,0,33000,8000,25000,25000
061187,瀚宇博國泰9C購01,0,0,0,0,0,0,0,0,0,25000,0,0,0,140000,115000,25000,25000
061201,FBVIX元大01購03 ,0,0,0,0,0,0,0,0,0,25000,0,0,0,25000,0,25000,25000
061705,健策國票9A購06  ,0,0,0,0,0,0,0,0,0,25000,0,0,0,25000,0,25000,25000
059166,友達凱基99購05  ,0,0,0,0,0,0,0,0,0,25000,0,0,0,31000,6000,25000,25000
059200,京鼎永豐99購02  ,0,0,0,0,0,0,0,0,0,25000,0,0,0,25000,0,25000,25000
060981,旺宏元大9A購08  ,0,0,0,0,0,0,0,0,0,25000,0,0,0,50000,25000,25000,25000
060227,和大元大9A購01  ,0,0,0,0,0,0,0,0,0,25000,0,0,0,41000,16000,25000,25000
060370,滬深2X元富04購01,0,0,0,0,0,0,0,0,0,25000,0,0,0,50000,25000,25000,25000
058720,旭富元富99購01  ,0,0,0,0,0,0,0,0,0,25000,0,0,0,25000,0,25000,25000
057877,神達元大99購01  ,0,0,0,0,0,0,0,0,0,25000,0,0,0,25000,0,25000,25000
058137,玉晶光元大99購11,0,0,0,0,0,0,0,0,0,25000,0,0,0,93000,68000,25000,25000
062888,漢唐群益9B購01  ,0,0,0,0,0,0,0,0,0,25000,0,0,0,90000,65000,25000,25000
063276,和大元大9B購01  ,0,0,0,0,0,0,0,0,0,25000,0,0,0,30000,5000,25000,25000
062596,緯穎統一01購02  ,0,0,0,0,0,0,0,0,0,25000,0,0,0,30000,5000,25000,25000
062193,瑞昱第一9B購01  ,0,0,0,0,0,0,0,0,0,25000,0,0,0,45000,20000,25000,25000
062218,燿華統一01購01  ,0,0,0,0,0,0,0,0,0,25000,0,0,0,225000,200000,25000,25000
063622,健策兆豐9B購01  ,0,0,0,0,0,0,0,0,0,25000,0,0,0,36000,11000,25000,25000
063879,台積電元富9C購01,0,0,0,0,0,0,0,0,0,25000,0,0,0,25000,0,25000,25000
063310,和大群益9B購02  ,0,0,0,0,0,0,0,0,0,25000,0,0,0,25000,0,25000,25000
063551,美食國票9B購02  ,0,0,0,0,0,0,0,0,0,25000,0,0,0,35000,10000,25000,25000
063486,聚陽國泰9C購01  ,0,0,0,0,0,0,0,0,0,25000,0,0,0,25000,0,25000,25000
064513,T50反1群益9C購01,0,0,0,0,0,0,0,0,0,25000,0,0,0,25000,0,25000,25000
064079,英業達中信9C購01,0,0,0,0,0,0,0,0,0,25000,0,0,0,186000,161000,25000,25000
064073,南電永豐9C購01  ,0,0,0,0,0,0,0,0,0,25000,0,0,0,29000,4000,25000,25000
06411P,晶相光永豐97售03,0,0,0,0,0,0,0,0,0,25000,0,0,0,25000,0,25000,25000
064129,新日興元大9C購02,0,0,0,0,0,0,0,0,0,25000,0,0,0,97000,72000,25000,25000
065026,世紀鋼永豐9C購02,0,0,0,0,0,0,0,0,0,24000,0,0,0,24000,0,24000,24000
064646,群創凱基02購01  ,0,0,0,0,0,0,0,0,0,24000,0,0,0,34000,10000,24000,24000
07578P,高鐵元大9A售02  ,0,0,0,0,0,0,0,0,0,24000,0,0,0,24000,0,24000,24000
08334P,智邦永豐9C售01  ,0,0,0,0,0,0,0,0,0,24000,0,0,0,24000,0,24000,24000
08376P,南亞科元富9C售03,0,0,0,0,0,0,0,0,0,24000,0,0,0,96000,72000,24000,24000
08543P,世芯國票01售02  ,0,0,0,0,0,0,0,0,0,24000,0,0,0,24000,0,24000,24000
3229,晟鈦            ,3000,11000,-8000,0,0,0,0,0,0,32000,32000,0,32000,0,0,0,24000
053347,茂林國票98購01  ,0,0,0,0,0,0,0,0,0,24000,0,0,0,34000,10000,24000,24000
00763U,街口道瓊銅      ,0,0,0,0,0,0,0,0,0,24000,0,0,0,33000,9000,24000,24000
00743,國泰中國A150    ,62000,0,62000,0,0,0,0,0,0,-38000,0,0,0,1000,39000,-38000,24000
056365,欣興元大98購01  ,0,0,0,0,0,0,0,0,0,24000,0,0,0,86000,62000,24000,24000
053969,瑞昱元大97購01  ,0,0,0,0,0,0,0,0,0,24000,0,0,0,34000,10000,24000,24000
054580,樺漢元大98購01  ,0,0,0,0,0,0,0,0,0,24000,0,0,0,24000,0,24000,24000
057483,微星元大98購04  ,0,0,0,0,0,0,0,0,0,24000,0,0,0,84000,60000,24000,24000
058438,大立光統一9B購01,0,0,0,0,0,0,0,0,0,24000,0,0,0,24000,0,24000,24000
057991,健策統一9C購01  ,0,0,0,0,0,0,0,0,0,24000,0,0,0,24000,0,24000,24000
058390,樺漢國票9A購01  ,0,0,0,0,0,0,0,0,0,24000,0,0,0,98000,74000,24000,24000
058686,祥碩凱基99購03  ,0,0,0,0,0,0,0,0,0,24000,0,0,0,25000,1000,24000,24000
060929,健策永豐9A購01  ,0,0,0,0,0,0,0,0,0,24000,0,0,0,91000,67000,24000,24000
059214,國巨元大99購20  ,0,0,0,0,0,0,0,0,0,24000,0,0,0,24000,0,24000,24000
060168,台表科永豐9A購01,0,0,0,0,0,0,0,0,0,24000,0,0,0,38000,14000,24000,24000
060619,玉晶光元大9A購03,0,0,0,0,0,0,0,0,0,24000,0,0,0,61000,37000,24000,24000
061853,晶技國票9B購02  ,0,0,0,0,0,0,0,0,0,24000,0,0,0,24000,0,24000,24000
057663,國巨元大99購08  ,0,0,0,0,0,0,0,0,0,24000,0,0,0,24000,0,24000,24000
058967,可成麥證99購01  ,0,0,0,25000,0,25000,0,0,0,24000,0,0,0,25000,1000,24000,24000
06413P,聯發科凱基97售11,0,0,0,0,0,0,0,0,0,24000,0,0,0,24000,0,24000,24000
064514,喬山群益9C購01  ,0,0,0,0,0,0,0,0,0,24000,0,0,0,82000,58000,24000,24000
064402,宏碁凱基01購01  ,0,0,0,0,0,0,0,0,0,24000,0,0,0,33000,9000,24000,24000
063901,緯穎群益9C購01  ,0,0,0,0,0,0,0,0,0,24000,0,0,0,35000,11000,24000,24000
062028,晶技群益9B購01  ,0,0,0,0,0,0,0,0,0,24000,0,0,0,98000,74000,24000,24000
062565,漢唐中信9C購01  ,0,0,0,0,0,0,0,0,0,24000,0,0,0,44000,20000,24000,24000
062289,緯穎群益9B購01  ,0,0,0,0,0,0,0,0,0,24000,0,0,0,46000,22000,24000,24000
062912,新日興元大9B購01,0,0,0,0,0,0,0,0,0,24000,0,0,0,84000,60000,24000,24000
062784,世芯元大9B購01  ,0,0,0,0,0,0,0,0,0,24000,0,0,0,45000,21000,24000,24000
07758P,台積電國票9A售06,0,0,0,0,0,0,0,0,0,23000,0,0,0,23000,0,23000,23000
07760P,力山永豐9A售03  ,0,0,0,0,0,0,0,0,0,23000,0,0,0,25000,2000,23000,23000
07344P,鴻海富邦9A售03  ,0,0,0,0,0,0,0,0,0,23000,0,0,0,73000,50000,23000,23000
06673P,大立光群益98售01,0,0,0,0,0,0,0,0,0,23000,0,0,0,23000,0,23000,23000
057199,台達電元富02購01,0,0,0,0,0,0,0,0,0,23000,0,0,0,134000,111000,23000,23000
056459,茂林凱基99購01  ,0,0,0,0,0,0,0,0,0,23000,0,0,0,50000,27000,23000,23000
059640,聯詠凱基99購04  ,0,0,0,0,0,0,0,0,0,23000,0,0,0,49000,26000,23000,23000
053901,T50反1凱基99購03,0,0,0,0,0,0,0,0,0,23000,0,0,0,63000,40000,23000,23000
053790,嘉聯益元大99購02,0,0,0,0,0,0,0,0,0,23000,0,0,0,23000,0,23000,23000
057299,立積永豐98購02  ,0,0,0,0,0,0,0,0,0,23000,0,0,0,25000,2000,23000,23000
060426,盛群永豐9A購01  ,0,0,0,0,0,0,0,0,0,23000,0,0,0,66000,43000,23000,23000
061139,玉晶光統一9C購02,0,0,0,0,0,0,0,0,0,23000,0,0,0,23000,0,23000,23000
061454,國巨凱基9A購16  ,0,0,0,0,0,0,0,0,0,23000,0,0,0,34000,11000,23000,23000
059187,國巨富邦9B購02  ,0,0,0,0,0,0,0,0,0,23000,0,0,0,33000,10000,23000,23000
060816,世紀鋼凱基9C購02,0,0,0,0,0,0,0,0,0,23000,0,0,0,23000,0,23000,23000
060264,華新科國票9A購02,0,0,0,0,0,0,0,0,0,23000,0,0,0,30000,7000,23000,23000
057701,嘉聯益群益98購02,0,0,0,0,0,0,0,0,0,23000,0,0,0,124000,101000,23000,23000
057835,華擎元富9B購01  ,0,0,0,0,0,0,0,0,0,23000,0,0,0,153000,130000,23000,23000
062752,世芯中信9B購01  ,0,0,0,0,0,0,0,0,0,23000,0,0,0,30000,7000,23000,23000
062347,台光電群益9B購02,0,0,0,0,0,0,0,0,0,23000,0,0,0,23000,0,23000,23000
062468,台積電凱基9B購06,0,0,0,0,0,0,0,0,0,23000,0,0,0,24000,1000,23000,23000
062048,義隆台新9B購01  ,0,0,0,0,0,0,0,0,0,23000,0,0,0,33000,10000,23000,23000
061945,華通群益9B購04  ,0,0,0,0,0,0,0,0,0,23000,0,0,0,23000,0,23000,23000
063728,國巨元大9B購21  ,0,0,0,0,0,0,0,0,0,23000,0,0,0,74000,51000,23000,23000
063481,緯穎元大9B購08  ,0,0,0,0,0,0,0,0,0,23000,0,0,0,128000,105000,23000,23000
063394,金像電群益9B購01,0,0,0,0,0,0,0,0,0,23000,0,0,0,38000,15000,23000,23000
063369,聚陽永豐9B購01  ,0,0,0,0,0,0,0,0,0,23000,0,0,0,34000,11000,23000,23000
8463,潤泰材          ,25000,2000,23000,0,0,0,0,0,0,0,0,0,0,0,0,0,23000
06901P,亞德客凱基98售02,0,0,0,0,0,0,0,0,0,22000,0,0,0,35000,13000,22000,22000
07389P,臺股指群益9C售08,0,0,0,0,0,0,0,0,0,22000,0,0,0,22000,0,22000,22000
07667P,亞德客元大9A售05,0,0,0,0,0,0,0,0,0,22000,0,0,0,22000,0,22000,22000
064789,和大國票01購01  ,0,0,0,0,0,0,0,0,0,22000,0,0,0,22000,0,22000,22000
08203P,同欣電永豐9B售04,0,0,0,0,0,0,0,0,0,22000,0,0,0,22000,0,22000,22000
08078P,聯發科國票9B售04,0,0,0,0,0,0,0,0,0,22000,0,0,0,22000,0,22000,22000
08418P,大立光元大01售04,0,0,0,0,0,0,0,0,0,22000,0,0,0,47000,25000,22000,22000
08377P,臻鼎元富9C售02  ,0,0,0,0,0,0,0,0,0,22000,0,0,0,41000,19000,22000,22000
3419,譁裕            ,75000,53000,22000,0,0,0,0,0,0,0,0,0,0,0,0,0,22000
2425,承啟            ,125000,103000,22000,0,0,0,0,0,0,0,0,0,0,0,0,0,22000
006207,FH滬深          ,578000,0,578000,0,0,0,0,0,0,-556000,1000,191000,-190000,207000,573000,-366000,22000
053487,台泥兆豐97購01  ,0,0,0,0,0,0,0,0,0,22000,0,0,0,22000,0,22000,22000
053275,燿華元大97購01  ,0,0,0,0,0,0,0,0,0,22000,0,0,0,22000,0,22000,22000
05131P,聯詠統一97售01  ,0,0,0,0,0,0,0,0,0,22000,0,0,0,22000,0,22000,22000
046629,群創統一98購01  ,0,0,0,0,0,0,0,0,0,22000,0,0,0,143000,121000,22000,22000
059817,華通凱基99購05  ,0,0,0,0,0,0,0,0,0,22000,0,0,0,22000,0,22000,22000
056543,京鼎凱基98購01  ,0,0,0,0,0,0,0,0,0,22000,0,0,0,144000,122000,22000,22000
055597,禾伸堂元大98購02,0,0,0,0,0,0,0,0,0,22000,0,0,0,22000,0,22000,22000
057136,立積凱基98購02  ,0,0,0,0,0,0,0,0,0,22000,0,0,0,27000,5000,22000,22000
057057,立積元大9A購01  ,0,0,0,0,0,0,0,0,0,22000,0,0,0,25000,3000,22000,22000
057774,台光電群益99購02,0,0,0,0,0,0,0,0,0,22000,0,0,0,22000,0,22000,22000
060871,台灣50中信01購03,0,0,0,0,0,0,0,0,0,22000,0,0,0,22000,0,22000,22000
061090,奇力新統一9C購01,0,0,0,0,0,0,0,0,0,22000,0,0,0,22000,0,22000,22000
061275,臺股指凱基9A購25,0,0,0,0,0,0,0,0,0,22000,0,0,0,124000,102000,22000,22000
061518,達方永豐9A購02  ,0,0,0,0,0,0,0,0,0,22000,0,0,0,94000,72000,22000,22000
057683,技嘉日盛98購01  ,0,0,0,0,0,0,0,0,0,22000,0,0,0,23000,1000,22000,22000
061876,明泰元大9B購01  ,0,0,0,0,0,0,0,0,0,22000,0,0,0,80000,58000,22000,22000
062392,國巨富邦02購01  ,0,0,0,0,0,0,0,0,0,22000,0,0,0,225000,203000,22000,22000
062872,華通兆豐9C購01  ,0,0,0,0,0,0,0,0,0,22000,0,0,0,22000,0,22000,22000
08170P,緯穎群益9B售03  ,0,0,0,0,0,0,0,0,0,21000,0,0,0,32000,11000,21000,21000
07967P,力山元大9B售03  ,0,0,0,0,0,0,0,0,0,21000,0,0,0,21000,0,21000,21000
056214,義隆國票99購01  ,0,0,0,0,0,0,0,0,0,21000,0,0,0,41000,20000,21000,21000
050992,台積電元大97購01,0,0,0,0,0,0,0,0,0,21000,0,0,0,21000,0,21000,21000
058554,瀚宇博永豐99購01,0,0,0,0,0,0,0,0,0,21000,0,0,0,41000,20000,21000,21000
060534,友達麥證9A購01  ,0,0,0,66000,45000,21000,0,0,0,21000,0,0,0,66000,45000,21000,21000
061649,緯穎元大9A購06  ,0,0,0,0,0,0,0,0,0,21000,0,0,0,68000,47000,21000,21000
060394,欣興麥證9A購01  ,0,0,0,21000,0,21000,0,0,0,21000,0,0,0,21000,0,21000,21000
058338,康友元富99購01  ,0,0,0,0,0,0,0,0,0,21000,0,0,0,91000,70000,21000,21000
057882,華通群益9A購03  ,0,0,0,0,0,0,0,0,0,21000,0,0,0,26000,5000,21000,21000
058439,玉晶光統一01購02,0,0,0,0,0,0,0,0,0,21000,0,0,0,31000,10000,21000,21000
058051,同欣電元大98購03,0,0,0,0,0,0,0,0,0,21000,0,0,0,21000,0,21000,21000
062906,全新元大9B購03  ,0,0,0,0,0,0,0,0,0,21000,0,0,0,128000,107000,21000,21000
062947,國巨富邦01購01  ,0,0,0,0,0,0,0,0,0,21000,0,0,0,51000,30000,21000,21000
06248P,國巨統一97售07  ,0,0,0,0,0,0,0,0,0,21000,0,0,0,121000,100000,21000,21000
062002,鴻海國泰01購01  ,0,0,0,0,0,0,0,0,0,21000,0,0,0,41000,20000,21000,21000
063448,聯發科統一9C購11,0,0,0,0,0,0,0,0,0,21000,0,0,0,427000,406000,21000,21000
064183,聯茂富邦01購01  ,0,0,0,0,0,0,0,0,0,21000,0,0,0,21000,0,21000,21000
07940P,國巨群益9B售06  ,0,0,0,0,0,0,0,0,0,20000,0,0,0,20000,0,20000,20000
07839P,嘉澤元大9A售04  ,0,0,0,0,0,0,0,0,0,20000,0,0,0,120000,100000,20000,20000
08123P,台表科國票9C售01,0,0,0,0,0,0,0,0,0,20000,0,0,0,20000,0,20000,20000
08333P,大立光富邦02售03,0,0,0,0,0,0,0,0,0,20000,0,0,0,50000,30000,20000,20000
08226P,台灣50元大9B售26,0,0,0,0,0,0,0,0,0,20000,0,0,0,20000,0,20000,20000
08422P,玉晶光群益02售03,0,0,0,0,0,0,0,0,0,20000,0,0,0,40000,20000,20000,20000
08426P,奇力新國票01售01,0,0,0,0,0,0,0,0,0,20000,0,0,0,20000,0,20000,20000
08431P,景碩凱基9C售02  ,0,0,0,0,0,0,0,0,0,20000,0,0,0,70000,50000,20000,20000
08410P,臺股指元大9C售16,0,0,0,0,0,0,0,0,0,20000,0,0,0,20000,0,20000,20000
08473P,康控凱基9C售01  ,0,0,0,0,0,0,0,0,0,20000,0,0,0,20000,0,20000,20000
08442P,臺股指麥證01售01,0,0,0,20000,0,20000,0,0,0,20000,0,0,0,20000,0,20000,20000
1626,艾美特-KY       ,28000,8000,20000,0,0,0,0,0,0,0,0,0,0,0,0,0,20000
06478P,臺股指日盛9A售01,0,0,0,0,0,0,0,0,0,20000,0,0,0,20000,0,20000,20000
064645,義隆凱基03購01  ,0,0,0,0,0,0,0,0,0,20000,0,0,0,471000,451000,20000,20000
06471P,臺股指凱基99售11,0,0,0,0,0,0,0,0,0,20000,0,0,0,20000,0,20000,20000
06458P,玉晶光統一9A售02,0,0,0,0,0,0,0,0,0,20000,0,0,0,20000,0,20000,20000
065050,世芯凱基9C購01  ,0,0,0,0,0,0,0,0,0,20000,0,0,0,47000,27000,20000,20000
064936,世紀鋼統一9C購02,0,0,0,0,0,0,0,0,0,20000,0,0,0,20000,0,20000,20000
07489P,國巨國票9A售07  ,0,0,0,0,0,0,0,0,0,20000,0,0,0,40000,20000,20000,20000
07426P,上証2X國票9B售01,0,0,0,0,0,0,0,0,0,20000,0,0,0,330000,310000,20000,20000
07354P,臺股指國票99售22,0,0,0,0,0,0,0,0,0,20000,0,0,0,60000,40000,20000,20000
07275P,FBVIX群益99售02 ,0,0,0,0,0,0,0,0,0,20000,0,0,0,20000,0,20000,20000
06900P,FBVIX國票12售01 ,0,0,0,0,0,0,0,0,0,20000,0,0,0,20000,0,20000,20000
07021P,台積電富邦9C售02,0,0,0,0,0,0,0,0,0,20000,0,0,0,220000,200000,20000,20000
06645P,上銀元大98售05  ,0,0,0,0,0,0,0,0,0,20000,0,0,0,20000,0,20000,20000
06666P,台積電日盛9A售02,0,0,0,0,0,0,0,0,0,20000,0,0,0,39000,19000,20000,20000
06688P,鴻海中信02售01  ,0,0,0,0,0,0,0,0,0,20000,0,0,0,30000,10000,20000,20000
06699P,台積電統一98售11,0,0,0,0,0,0,0,0,0,20000,0,0,0,40000,20000,20000,20000
06630P,國巨群益98售08  ,0,0,0,0,0,0,0,0,0,20000,0,0,0,20000,0,20000,20000
06610P,台積電凱基9A售03,0,0,0,0,0,0,0,0,0,20000,0,0,0,20000,0,20000,20000
045055,聯發科元富98購03,0,0,0,0,0,0,0,0,0,20000,0,0,0,20000,0,20000,20000
045836,群創群益98購01  ,0,0,0,0,0,0,0,0,0,20000,0,0,0,20000,0,20000,20000
045873,元油2X元富98購04,0,0,0,0,0,0,0,0,0,20000,0,0,0,20000,0,20000,20000
046061,中石化凱基98購01,0,0,0,0,0,0,0,0,0,20000,0,0,0,20000,0,20000,20000
050508,上証2X元大97購01,0,0,0,0,0,0,0,0,0,20000,0,0,0,20000,0,20000,20000
053331,玉晶光永豐97購02,0,0,0,0,0,0,0,0,0,20000,0,0,0,20000,0,20000,20000
053438,玉晶光麥證97購02,0,0,0,30000,10000,20000,0,0,0,20000,0,0,0,30000,10000,20000,20000
052669,群創群益98購06  ,0,0,0,0,0,0,0,0,0,20000,0,0,0,20000,0,20000,20000
052215,樺漢元大96購02  ,0,0,0,0,0,0,0,0,0,20000,0,0,0,20000,0,20000,20000
057308,同欣電兆豐99購01,0,0,0,0,0,0,0,0,0,20000,0,0,0,20000,0,20000,20000
056755,聯茂兆豐98購01  ,0,0,0,0,0,0,0,0,0,20000,0,0,0,30000,10000,20000,20000
056359,旺宏元大9A購01  ,0,0,0,0,0,0,0,0,0,20000,0,0,0,20000,0,20000,20000
054981,國巨元富97購02  ,0,0,0,0,0,0,0,0,0,20000,0,0,0,20000,0,20000,20000
054774,同欣電國票98購01,0,0,0,0,0,0,0,0,0,20000,0,0,0,20000,0,20000,20000
053761,健策國泰98購01  ,0,0,0,0,0,0,0,0,0,20000,0,0,0,20000,0,20000,20000
055361,樺漢凱基97購01  ,0,0,0,0,0,0,0,0,0,20000,0,0,0,20000,0,20000,20000
053728,茂林凱基97購01  ,0,0,0,0,0,0,0,0,0,20000,0,0,0,20000,0,20000,20000
055320,建準國票98購01  ,0,0,0,0,0,0,0,0,0,20000,0,0,0,20000,0,20000,20000
055432,臻鼎群益97購02  ,0,0,0,0,0,0,0,0,0,20000,0,0,0,20000,0,20000,20000
056276,同欣電國泰98購01,0,0,0,0,0,0,0,0,0,20000,0,0,0,20000,0,20000,20000
056004,南電永豐97購02  ,0,0,0,0,0,0,0,0,0,20000,0,0,0,50000,30000,20000,20000
055957,瑞昱元大97購06  ,0,0,0,0,0,0,0,0,0,20000,0,0,0,20000,0,20000,20000
055964,正文元大97購02  ,0,0,0,0,0,0,0,0,0,20000,0,0,0,20000,0,20000,20000
055741,健策元富97購01  ,0,0,0,0,0,0,0,0,0,20000,0,0,0,20000,0,20000,20000
059755,宏達電國泰9A購01,0,0,0,0,0,0,0,0,0,20000,0,0,0,84000,64000,20000,20000
060087,鴻海元大99購43  ,0,0,0,0,0,0,0,0,0,20000,0,0,0,22000,2000,20000,20000
059103,旭富元富99購03  ,0,0,0,0,0,0,0,0,0,20000,0,0,0,30000,10000,20000,20000
059080,亞泥元大99購01  ,0,0,0,0,0,0,0,0,0,20000,0,0,0,72000,52000,20000,20000
058159,健策台新9A購01  ,0,0,0,0,0,0,0,0,0,20000,0,0,0,20000,0,20000,20000
057221,華通國票98購03  ,0,0,0,0,0,0,0,0,0,20000,0,0,0,20000,0,20000,20000
056435,台積電凱基98購09,0,0,0,0,0,0,0,0,0,20000,0,0,0,21000,1000,20000,20000
056414,國巨中信98購02  ,0,0,0,0,0,0,0,0,0,20000,0,0,0,20000,0,20000,20000
055607,華通康和97購01  ,0,0,0,0,0,0,0,0,0,20000,0,0,0,20000,0,20000,20000
055618,麗豐國票98購01  ,0,0,0,0,0,0,0,0,0,20000,0,0,0,80000,60000,20000,20000
055665,亞德客群益97購01,0,0,0,0,0,0,0,0,0,20000,0,0,0,20000,0,20000,20000
056505,聯發科永豐98購01,0,0,0,0,0,0,0,0,0,20000,0,0,0,20000,0,20000,20000
056520,鴻海日盛99購01  ,0,0,0,0,0,0,0,0,0,20000,0,0,0,20000,0,20000,20000
055564,茂林凱基98購01  ,0,0,0,0,0,0,0,0,0,20000,0,0,0,40000,20000,20000,20000
055515,聚陽中信9A購01  ,0,0,0,0,0,0,0,0,0,20000,0,0,0,22000,2000,20000,20000
058085,景碩群益9A購01  ,0,0,0,0,0,0,0,0,0,20000,0,0,0,86000,66000,20000,20000
057905,臺股指永豐98購06,0,0,0,0,0,0,0,0,0,20000,0,0,0,20000,0,20000,20000
057839,台積電富邦9A購02,0,0,0,0,0,0,0,0,0,20000,0,0,0,20000,0,20000,20000
057693,臺股指凱基98購11,0,0,0,0,0,0,0,0,0,20000,0,0,0,20000,0,20000,20000
057707,臺股指群益98購07,0,0,0,0,0,0,0,0,0,20000,0,0,0,20000,0,20000,20000
06024P,台郡國票97售05  ,0,0,0,0,0,0,0,0,0,20000,0,0,0,20000,0,20000,20000
058448,滬深2X永豐9A購01,0,0,0,0,0,0,0,0,0,20000,0,0,0,20000,0,20000,20000
060338,鴻海統一9C購02  ,0,0,0,0,0,0,0,0,0,20000,0,0,0,20000,0,20000,20000
060298,鎧勝元大9C購01  ,0,0,0,0,0,0,0,0,0,20000,0,0,0,20000,0,20000,20000
060701,玉晶光國泰9C購01,0,0,0,0,0,0,0,0,0,20000,0,0,0,20000,0,20000,20000
060581,玉晶光群益9B購02,0,0,0,0,0,0,0,0,0,20000,0,0,0,20000,0,20000,20000
060170,世紀鋼永豐9A購01,0,0,0,0,0,0,0,0,0,20000,0,0,0,20000,0,20000,20000
060208,卜蜂康和9A購01  ,0,0,0,0,0,0,0,0,0,20000,0,0,0,41000,21000,20000,20000
06012P,世芯國票96售01  ,0,0,0,0,0,0,0,0,0,20000,0,0,0,20000,0,20000,20000
060838,華通國票9A購05  ,0,0,0,0,0,0,0,0,0,20000,0,0,0,20000,0,20000,20000
061568,國巨元大9A購25  ,0,0,0,0,0,0,0,0,0,20000,0,0,0,41000,21000,20000,20000
061198,世紀鋼永豐9A購03,0,0,0,0,0,0,0,0,0,20000,0,0,0,20000,0,20000,20000
060552,群創凱基9B購05  ,0,0,0,0,0,0,0,0,0,20000,0,0,0,20000,0,20000,20000
060554,中租凱基9A購01  ,0,0,0,0,0,0,0,0,0,20000,0,0,0,20000,0,20000,20000
060509,宏達電元大9A購02,0,0,0,0,0,0,0,0,0,20000,0,0,0,138000,118000,20000,20000
060796,世芯永豐9A購03  ,0,0,0,0,0,0,0,0,0,20000,0,0,0,24000,4000,20000,20000
057688,國巨凱基99購07  ,0,0,0,0,0,0,0,0,0,20000,0,0,0,20000,0,20000,20000
059494,國巨國票9C購01  ,0,0,0,0,0,0,0,0,0,20000,0,0,0,20000,0,20000,20000
06417P,台積電兆豐97售03,0,0,0,0,0,0,0,0,0,20000,0,0,0,20000,0,20000,20000
064128,國產元大9C購01  ,0,0,0,0,0,0,0,0,0,20000,0,0,0,26000,6000,20000,20000
063952,玉晶光元大01購01,0,0,0,0,0,0,0,0,0,20000,0,0,0,22000,2000,20000,20000
06392P,T50反1元大9A售01,0,0,0,0,0,0,0,0,0,20000,0,0,0,20000,0,20000,20000
064501,大立光元大01購02,0,0,0,0,0,0,0,0,0,20000,0,0,0,20000,0,20000,20000
063504,國巨群益9C購06  ,0,0,0,0,0,0,0,0,0,20000,0,0,0,118000,98000,20000,20000
063300,華通凱基9B購05  ,0,0,0,0,0,0,0,0,0,20000,0,0,0,34000,14000,20000,20000
063678,友達國泰9C購01  ,0,0,0,0,0,0,0,0,0,20000,0,0,0,20000,0,20000,20000
063679,群創國泰01購01  ,0,0,0,0,0,0,0,0,0,20000,0,0,0,40000,20000,20000,20000
063882,玉晶光元富9C購01,0,0,0,0,0,0,0,0,0,20000,0,0,0,20000,0,20000,20000
063787,玉晶光統一01購07,0,0,0,0,0,0,0,0,0,20000,0,0,0,20000,0,20000,20000
062071,華通元大9B購02  ,0,0,0,0,0,0,0,0,0,20000,0,0,0,90000,70000,20000,20000
062114,GIS國票9C購01   ,0,0,0,0,0,0,0,0,0,20000,0,0,0,20000,0,20000,20000
062135,國巨群益9B購05  ,0,0,0,0,0,0,0,0,0,20000,0,0,0,31000,11000,20000,20000
062403,健策永豐9B購06  ,0,0,0,0,0,0,0,0,0,20000,0,0,0,20000,0,20000,20000
062317,祥碩凱基9B購03  ,0,0,0,0,0,0,0,0,0,20000,0,0,0,20000,0,20000,20000
062801,宏達電統一01購01,0,0,0,0,0,0,0,0,0,20000,0,0,0,227000,207000,20000,20000
062719,微星凱基9B購01  ,0,0,0,0,0,0,0,0,0,20000,0,0,0,30000,10000,20000,20000
062639,臻鼎國票9C購01  ,0,0,0,0,0,0,0,0,0,20000,0,0,0,23000,3000,20000,20000
06326P,鴻海中信01售01  ,0,0,0,0,0,0,0,0,0,20000,0,0,0,22000,2000,20000,20000
063084,可成凱基9C購01  ,0,0,0,0,0,0,0,0,0,20000,0,0,0,20000,0,20000,20000
063011,台積電元大9C購01,0,0,0,0,0,0,0,0,0,20000,0,0,0,20000,0,20000,20000
5533,皇鼎            ,73000,53000,20000,0,0,0,0,0,0,0,0,0,0,0,0,0,20000
6414,樺漢            ,699000,1377046,-678046,0,0,0,654000,0,654000,44000,12000,34000,-22000,86000,20000,66000,19954
06746P,聯發科群益99售02,0,0,0,0,0,0,0,0,0,19000,0,0,0,19000,0,19000,19000
06698P,玉晶光國票99售05,0,0,0,0,0,0,0,0,0,19000,0,0,0,42000,23000,19000,19000
07468P,聯電元大9A售02  ,0,0,0,0,0,0,0,0,0,19000,0,0,0,20000,1000,19000,19000
064932,緯穎統一01購04  ,0,0,0,0,0,0,0,0,0,19000,0,0,0,64000,45000,19000,19000
06510P,燿華永豐98售03  ,0,0,0,0,0,0,0,0,0,19000,0,0,0,54000,35000,19000,19000
064787,和潤群益9C購01  ,0,0,0,0,0,0,0,0,0,19000,0,0,0,19000,0,19000,19000
06484P,聯發科凱基98售11,0,0,0,0,0,0,0,0,0,19000,0,0,0,19000,0,19000,19000
08346P,大立光元大9C售15,0,0,0,0,0,0,0,0,0,19000,0,0,0,34000,15000,19000,19000
07951P,智邦元大9B售05  ,0,0,0,0,0,0,0,0,0,19000,0,0,0,114000,95000,19000,19000
059093,旭富元大99購01  ,0,0,0,0,0,0,0,0,0,19000,0,0,0,74000,55000,19000,19000
059820,南亞科凱基99購07,0,0,0,0,0,0,0,0,0,19000,0,0,0,22000,3000,19000,19000
059665,嘉聯益元大99購06,0,0,0,0,0,0,0,0,0,19000,0,0,0,46000,27000,19000,19000
055876,美食元富9A購01  ,0,0,0,0,0,0,0,0,0,19000,0,0,0,79000,60000,19000,19000
054587,玉晶光國泰99購01,0,0,0,0,0,0,0,0,0,19000,0,0,0,19000,0,19000,19000
056389,鴻海富邦99購01  ,0,0,0,0,0,0,0,0,0,19000,0,0,0,19000,0,19000,19000
03430B,臺股指元大9B熊01,0,0,0,0,0,0,0,0,0,19000,0,0,0,19000,0,19000,19000
00690,兆豐藍籌30      ,0,0,0,0,0,0,0,0,0,19000,0,0,0,179000,160000,19000,19000
061082,台光電兆豐9A購01,0,0,0,0,0,0,0,0,0,19000,0,0,0,20000,1000,19000,19000
061408,華新科國票9A購06,0,0,0,0,0,0,0,0,0,19000,0,0,0,19000,0,19000,19000
061855,台郡國票9B購01  ,0,0,0,0,0,0,0,0,0,19000,0,0,0,48000,29000,19000,19000
058358,技嘉凱基9A購01  ,0,0,0,0,0,0,0,0,0,19000,0,0,0,34000,15000,19000,19000
059294,宏達電元富9B購02,0,0,0,0,0,0,0,0,0,19000,0,0,0,139000,120000,19000,19000
063154,南六元富9B購02  ,0,0,0,0,0,0,0,0,0,19000,0,0,0,96000,77000,19000,19000
06242P,大立光元富9A售02,0,0,0,0,0,0,0,0,0,19000,0,0,0,43000,24000,19000,19000
062109,聯詠國票9C購01  ,0,0,0,0,0,0,0,0,0,19000,0,0,0,77000,58000,19000,19000
063767,義隆國泰02購01  ,0,0,0,0,0,0,0,0,0,19000,0,0,0,19000,0,19000,19000
063921,大立光元富9C購03,0,0,0,0,0,0,0,0,0,19000,0,0,0,115000,96000,19000,19000
063315,京元電群益9B購03,0,0,0,0,0,0,0,0,0,19000,0,0,0,82000,63000,19000,19000
064475,台積電國泰02購03,0,0,0,0,0,0,0,0,0,19000,0,0,0,19000,0,19000,19000
5288,豐祥-KY         ,83000,64000,19000,0,0,0,0,0,0,0,0,0,0,0,0,0,19000
08194P,同欣電國票9C售03,0,0,0,0,0,0,0,0,0,18000,0,0,0,18000,0,18000,18000
08206P,鴻海群益9C售03  ,0,0,0,0,0,0,0,0,0,18000,0,0,0,18000,0,18000,18000
064880,神達兆豐9C購01  ,0,0,0,0,0,0,0,0,0,18000,0,0,0,18000,0,18000,18000
064817,鈺齊元大9C購02  ,0,0,0,0,0,0,0,0,0,18000,0,0,0,68000,50000,18000,18000
06466P,台積電統一9B售01,0,0,0,0,0,0,0,0,0,18000,0,0,0,20000,2000,18000,18000
064909,華擎麥證9C購01  ,0,0,0,18000,0,18000,0,0,0,18000,0,0,0,18000,0,18000,18000
07729P,臺股指凱基9A售21,0,0,0,0,0,0,0,0,0,18000,0,0,0,118000,100000,18000,18000
06716P,台積電元大9A售02,0,0,0,0,0,0,0,0,0,18000,0,0,0,48000,30000,18000,18000
06615P,鴻海元大9C售02  ,0,0,0,0,0,0,0,0,0,18000,0,0,0,25000,7000,18000,18000
046375,友達凱基98購01  ,0,0,0,0,0,0,0,0,0,18000,0,0,0,35000,17000,18000,18000
057374,禾伸堂元大99購03,0,0,0,0,0,0,0,0,0,18000,0,0,0,18000,0,18000,18000
054210,台光電國票97購03,0,0,0,0,0,0,0,0,0,18000,0,0,0,18000,0,18000,18000
059113,群光永豐99購01  ,0,0,0,0,0,0,0,0,0,18000,0,0,0,33000,15000,18000,18000
060049,華通凱基99購06  ,0,0,0,0,0,0,0,0,0,18000,0,0,0,18000,0,18000,18000
058218,緯穎群益99購01  ,0,0,0,0,0,0,0,0,0,18000,0,0,0,18000,0,18000,18000
056646,奇鋐凱基99購02  ,0,0,0,0,0,0,0,0,0,18000,0,0,0,60000,42000,18000,18000
058424,滬深2X元富99購04,0,0,0,0,0,0,0,0,0,18000,0,0,0,115000,97000,18000,18000
057733,嘉聯益國泰99購01,0,0,0,0,0,0,0,0,0,18000,0,0,0,241000,223000,18000,18000
060582,玉晶光群益9C購01,0,0,0,0,0,0,0,0,0,18000,0,0,0,20000,2000,18000,18000
060597,華通凱基9A購04  ,0,0,0,0,0,0,0,0,0,18000,0,0,0,18000,0,18000,18000
059194,元金2X永豐99購01,0,0,0,0,0,0,0,0,0,18000,0,0,0,18000,0,18000,18000
059913,台積電元大99購44,0,0,0,0,0,0,0,0,0,18000,0,0,0,18000,0,18000,18000
061843,億豐凱基9C購01  ,0,0,0,0,0,0,0,0,0,18000,0,0,0,48000,30000,18000,18000
061781,台積電群益9C購01,0,0,0,0,0,0,0,0,0,18000,0,0,0,36000,18000,18000,18000
061258,華通凱基9A購06  ,0,0,0,0,0,0,0,0,0,18000,0,0,0,19000,1000,18000,18000
064469,臻鼎元富9C購01  ,0,0,0,0,0,0,0,0,0,18000,0,0,0,443000,425000,18000,18000
064491,金像電元大9C購03,0,0,0,0,0,0,0,0,0,18000,0,0,0,68000,50000,18000,18000
063500,嘉晶永豐9B購02  ,0,0,0,0,0,0,0,0,0,18000,0,0,0,18000,0,18000,18000
063719,T50反1元大9B購11,0,0,0,0,0,0,0,0,0,18000,0,0,0,20000,2000,18000,18000
063234,國巨元大9C購03  ,0,0,0,0,0,0,0,0,0,18000,0,0,0,18000,0,18000,18000
063105,健策群益9C購01  ,0,0,0,0,0,0,0,0,0,18000,0,0,0,19000,1000,18000,18000
062661,華通群益9B購05  ,0,0,0,0,0,0,0,0,0,18000,0,0,0,20000,2000,18000,18000
062712,晶技麥證9B購02  ,0,0,0,68000,50000,18000,0,0,0,18000,0,0,0,68000,50000,18000,18000
4766,南寶            ,90000,34000,56000,0,0,0,0,35000,-35000,-3000,0,3000,-3000,0,0,0,18000
8499,鼎炫-KY         ,27000,11000,16000,0,0,0,0,0,0,2000,2000,0,2000,0,0,0,18000
06793P,臺股指凱基98售03,0,0,0,0,0,0,0,0,0,17000,0,0,0,17000,0,17000,17000
07459P,緯穎元大9A售01  ,0,0,0,0,0,0,0,0,0,17000,0,0,0,17000,0,17000,17000
065078,台積電元大02購01,0,0,0,0,0,0,0,0,0,17000,0,0,0,17000,0,17000,17000
08037P,台表科群益9B售02,0,0,0,0,0,0,0,0,0,17000,0,0,0,62000,45000,17000,17000
1537,廣隆            ,198000,180000,18000,0,0,0,0,0,0,-1000,0,1000,-1000,0,0,0,17000
056445,聯發科凱基98購07,0,0,0,0,0,0,0,0,0,17000,0,0,0,17000,0,17000,17000
059078,FBVIX元大99購06 ,0,0,0,0,0,0,0,0,0,17000,0,0,0,17000,0,17000,17000
059061,晶技凱基9A購01  ,0,0,0,0,0,0,0,0,0,17000,0,0,0,37000,20000,17000,17000
055717,聯發科元大97購19,0,0,0,0,0,0,0,0,0,17000,0,0,0,17000,0,17000,17000
056279,新日興富邦99購01,0,0,0,0,0,0,0,0,0,17000,0,0,0,20000,3000,17000,17000
056694,欣興群益98購04  ,0,0,0,0,0,0,0,0,0,17000,0,0,0,25000,8000,17000,17000
057284,新日興元大98購03,0,0,0,0,0,0,0,0,0,17000,0,0,0,17000,0,17000,17000
00681R,元大美債20反1   ,0,0,0,0,0,0,0,0,0,17000,0,0,0,17000,0,17000,17000
061246,玉晶光群益9A購08,0,0,0,0,0,0,0,0,0,17000,0,0,0,31000,14000,17000,17000
061215,健策元大9A購06  ,0,1000,-1000,0,0,0,0,0,0,18000,0,0,0,65000,47000,18000,17000
061464,瑞昱群益9A購01  ,0,0,0,0,0,0,0,0,0,17000,0,0,0,121000,104000,17000,17000
060430,和潤永豐9A購01  ,0,0,0,0,0,0,0,0,0,17000,0,0,0,69000,52000,17000,17000
058799,晶技元大99購04  ,0,0,0,0,0,0,0,0,0,17000,0,0,0,17000,0,17000,17000
059920,宏達電元大99購07,0,0,0,0,0,0,0,0,0,17000,0,0,0,67000,50000,17000,17000
059921,大立光元大99購24,0,0,0,0,0,0,0,0,0,17000,0,0,0,17000,0,17000,17000
057874,可成元大99購02  ,0,0,0,0,0,0,0,0,0,17000,0,0,0,85000,68000,17000,17000
058472,亞德客凱基9A購01,0,0,0,0,0,0,0,0,0,17000,0,0,0,20000,3000,17000,17000
058634,可成兆豐99購03  ,0,0,0,0,0,0,0,0,0,17000,0,0,0,105000,88000,17000,17000
062046,矽格凱基9B購01  ,0,0,0,0,0,0,0,0,0,17000,0,0,0,37000,20000,17000,17000
062478,牧德國票9B購03  ,0,0,0,0,0,0,0,0,0,17000,0,0,0,44000,27000,17000,17000
062261,嘉晶元大9B購02  ,0,0,0,0,0,0,0,0,0,17000,0,0,0,38000,21000,17000,17000
063809,矽創兆豐01購01  ,0,0,0,0,0,0,0,0,0,17000,0,0,0,42000,25000,17000,17000
064261,力山永豐9C購01  ,0,0,0,0,0,0,0,0,0,17000,0,0,0,40000,23000,17000,17000
064091,台郡凱基01購01  ,0,0,0,0,0,0,0,0,0,17000,0,0,0,136000,119000,17000,17000
064193,華新群益9C購01  ,0,0,0,0,0,0,0,0,0,17000,0,0,0,460000,443000,17000,17000
064167,緯穎統一01購03  ,0,0,0,0,0,0,0,0,0,17000,0,0,0,59000,42000,17000,17000
9940,信義            ,339000,322000,17000,0,0,0,0,0,0,0,0,0,0,0,0,0,17000
2908,特力            ,217000,195000,22000,0,0,0,0,0,0,-6000,0,6000,-6000,0,0,0,16000
07932P,國巨元大9B售04  ,0,0,0,0,0,0,0,0,0,16000,0,0,0,16000,0,16000,16000
08374P,緯穎凱基9C售01  ,0,0,0,0,0,0,0,0,0,16000,0,0,0,94000,78000,16000,16000
064741,南亞科國票01購01,0,0,0,0,0,0,0,0,0,16000,0,0,0,44000,28000,16000,16000
03446B,臺股指元大9B熊26,0,0,0,0,0,0,0,0,0,16000,0,0,0,124000,108000,16000,16000
052928,美律元大98購01  ,0,0,0,0,0,0,0,0,0,16000,0,0,0,16000,0,16000,16000
052986,聯發科元大97購05,0,0,0,0,0,0,0,0,0,16000,0,0,0,16000,0,16000,16000
050142,聯發科元富9A購01,0,0,0,0,0,0,0,0,0,16000,0,0,0,28000,12000,16000,16000
057317,技嘉凱基98購02  ,0,0,0,0,0,0,0,0,0,16000,0,0,0,18000,2000,16000,16000
056820,欣興永豐98購02  ,0,0,0,0,0,0,0,0,0,16000,0,0,0,18000,2000,16000,16000
056156,禾伸堂凱基98購04,0,0,0,0,0,0,0,0,0,16000,0,0,0,40000,24000,16000,16000
059060,大立光凱基9A購03,0,0,0,0,0,0,0,0,0,16000,0,0,0,16000,0,16000,16000
055507,樺漢元大98購02  ,0,0,0,0,0,0,0,0,0,16000,0,0,0,16000,0,16000,16000
057481,技嘉元大98購04  ,0,0,0,0,0,0,0,0,0,16000,0,0,0,31000,15000,16000,16000
057462,光磊永豐98購02  ,0,0,0,0,0,0,0,0,0,16000,0,0,0,16000,0,16000,16000
060344,聯發科統一01購01,0,0,0,0,0,0,0,0,0,16000,0,0,0,30000,14000,16000,16000
059263,瑞昱中信01購01  ,0,0,0,0,0,0,0,0,0,16000,0,0,0,16000,0,16000,16000
060275,元黃金元大9A購01,0,0,0,0,0,0,0,0,0,16000,0,0,0,16000,0,16000,16000
058413,義隆兆豐99購01  ,0,0,0,0,0,0,0,0,0,16000,0,0,0,16000,0,16000,16000
057700,新日興群益9A購01,0,0,0,0,0,0,0,0,0,16000,0,0,0,56000,40000,16000,16000
057957,嘉晶元大98購01  ,0,0,0,0,0,0,0,0,0,16000,0,0,0,39000,23000,16000,16000
059879,GIS凱基99購03   ,0,0,0,0,0,0,0,0,0,16000,0,0,0,19000,3000,16000,16000
059860,台積電群益9A購02,0,0,0,0,0,0,0,0,0,16000,0,0,0,97000,81000,16000,16000
060183,南亞科元富9A購01,0,0,0,0,0,0,0,0,0,16000,0,0,0,28000,12000,16000,16000
06057P,大立光凱基98售01,0,0,0,0,0,0,0,0,0,16000,0,0,0,17000,1000,16000,16000
061062,和大凱基9A購02  ,0,0,0,0,0,0,0,0,0,16000,0,0,0,61000,45000,16000,16000
060734,華通統一9C購01  ,0,0,0,0,0,0,0,0,0,16000,0,0,0,16000,0,16000,16000
061190,力山永豐9A購02  ,0,0,0,0,0,0,0,0,0,16000,0,0,0,74000,58000,16000,16000
061103,聯發科元大9A購08,0,0,0,0,0,0,0,0,0,16000,0,0,0,16000,0,16000,16000
064223,日電貿國票01購01,0,0,0,0,0,0,0,0,0,16000,0,0,0,55000,39000,16000,16000
063306,聯茂凱基9C購01  ,0,0,0,0,0,0,0,0,0,16000,0,0,0,170000,154000,16000,16000
061902,百和永豐9B購01  ,0,0,0,0,0,0,0,0,0,16000,0,0,0,16000,0,16000,16000
062810,華通兆豐9B購02  ,0,0,0,0,0,0,0,0,0,16000,0,0,0,16000,0,16000,16000
064599,台積電元富9C購03,0,0,0,0,0,0,0,0,0,15000,0,0,0,15000,0,15000,15000
07467P,上銀元大9A售03  ,0,0,0,0,0,0,0,0,0,15000,0,0,0,75000,60000,15000,15000
07638P,長榮航國票9A售01,0,0,0,0,0,0,0,0,0,15000,0,0,0,15000,0,15000,15000
07216P,大立光凱基99售08,0,0,0,0,0,0,0,0,0,15000,0,0,0,15000,0,15000,15000
07382P,台積電群益9B售01,0,0,0,0,0,0,0,0,0,15000,0,0,0,15000,0,15000,15000
07134P,臺股指元大9A售28,0,0,0,0,0,0,0,0,0,15000,0,0,0,15000,0,15000,15000
08372P,大立光凱基01售04,0,0,0,0,0,0,0,0,0,15000,0,0,0,83000,68000,15000,15000
07797P,大立光國票9A售08,0,0,0,0,0,0,0,0,0,15000,0,0,0,15000,0,15000,15000
1339,昭輝            ,121000,106000,15000,0,0,0,0,0,0,0,0,0,0,0,0,0,15000
056477,欣興元大98購02  ,0,0,0,0,0,0,0,0,0,15000,0,0,0,15000,0,15000,15000
056517,茂林兆豐99購01  ,0,0,0,0,0,0,0,0,0,15000,0,0,0,72000,57000,15000,15000
060098,華新科元大99購24,0,0,0,0,0,0,0,0,0,15000,0,0,0,16000,1000,15000,15000
056238,聯發科群益98購02,0,0,0,0,0,0,0,0,0,15000,0,0,0,15000,0,15000,15000
056696,茂林群益98購02  ,0,0,0,0,0,0,0,0,0,15000,0,0,0,15000,0,15000,15000
055980,祥碩統一98購01  ,0,0,0,0,0,0,0,0,0,15000,0,0,0,15000,0,15000,15000
057296,智原永豐98購01  ,0,0,0,0,0,0,0,0,0,15000,0,0,0,85000,70000,15000,15000
056376,玉晶光統一98購01,0,0,0,0,0,0,0,0,0,15000,0,0,0,25000,10000,15000,15000
054962,玉晶光元大99購02,0,0,0,0,0,0,0,0,0,15000,0,0,0,15000,0,15000,15000
054311,世芯凱基96購02  ,0,0,0,0,0,0,0,0,0,15000,0,0,0,15000,0,15000,15000
054573,漢唐元大98購01  ,0,0,0,0,0,0,0,0,0,15000,0,0,0,15000,0,15000,15000
050492,漢唐國泰96購01  ,0,0,0,0,0,0,0,0,0,15000,0,0,0,15000,0,15000,15000
053221,彩晶凱基98購01  ,0,0,0,0,0,0,0,0,0,15000,0,0,0,15000,0,15000,15000
052942,聯發科中信97購04,0,0,0,0,0,0,0,0,0,15000,0,0,0,15000,0,15000,15000
03427B,臺股指元大9A熊02,0,0,0,0,0,0,0,0,0,15000,0,0,0,65000,50000,15000,15000
052152,創意富邦98購01  ,0,0,0,0,0,0,0,0,0,15000,0,0,0,15000,0,15000,15000
061100,SP黃豆元大9A購04,0,0,0,0,0,0,0,0,0,15000,0,0,0,15000,0,15000,15000
06157P,聯鈞統一97售02  ,0,0,0,0,0,0,0,0,0,15000,0,0,0,15000,0,15000,15000
061655,微星國票9A購01  ,0,0,0,0,0,0,0,0,0,15000,0,0,0,15000,0,15000,15000
061614,亞德客群益9A購01,0,0,0,0,0,0,0,0,0,15000,0,0,0,25000,10000,15000,15000
060738,矽格統一9C購01  ,0,0,0,0,0,0,0,0,0,15000,0,0,0,232000,217000,15000,15000
058909,神達元大99購03  ,0,0,0,0,0,0,0,0,0,15000,0,0,0,28000,13000,15000,15000
058856,新光金兆豐99購01,0,0,0,0,0,0,0,0,0,15000,0,0,0,15000,0,15000,15000
060443,滬深2X元大9A購03,0,0,0,0,0,0,0,0,0,15000,0,0,0,15000,0,15000,15000
060219,聯發科凱基9A購09,0,0,0,0,0,0,0,0,0,15000,0,0,0,15000,0,15000,15000
060634,矽創富邦9B購01  ,0,0,0,0,0,0,0,0,0,15000,0,0,0,15000,0,15000,15000
060165,上緯控永豐9A購01,0,0,0,0,0,0,0,0,0,15000,0,0,0,20000,5000,15000,15000
059120,致伸永豐99購01  ,0,0,0,0,0,0,0,0,0,15000,0,0,0,15000,0,15000,15000
060960,金像電凱基9B購01,0,0,0,0,0,0,0,0,0,15000,0,0,0,15000,0,15000,15000
060966,台表科凱基9B購01,0,0,0,0,0,0,0,0,0,15000,0,0,0,136000,121000,15000,15000
060943,宏達電國票9B購02,0,0,0,0,0,0,0,0,0,15000,0,0,0,65000,50000,15000,15000
058133,華新科元大9A購02,0,0,0,0,0,0,0,0,0,15000,0,0,0,15000,0,15000,15000
062700,台光電元大9B購05,0,0,0,0,0,0,0,0,0,15000,0,0,0,41000,26000,15000,15000
062705,美食元大9B購01  ,0,0,0,0,0,0,0,0,0,15000,0,0,0,25000,10000,15000,15000
062649,緯穎富邦9B購03  ,0,0,0,0,0,0,0,0,0,15000,0,0,0,15000,0,15000,15000
063039,大立光凱基9C購02,0,0,0,0,0,0,0,0,0,15000,0,0,0,20000,5000,15000,15000
061924,聯發科凱基9C購01,0,0,0,0,0,0,0,0,0,15000,0,0,0,96000,81000,15000,15000
062266,世紀鋼元大9B購02,0,0,0,0,0,0,0,0,0,15000,0,0,0,30000,15000,15000,15000
06246P,茂林元富97售03  ,0,0,0,0,0,0,0,0,0,15000,0,0,0,15000,0,15000,15000
062516,台灣50元大9B購16,0,0,0,0,0,0,0,0,0,15000,0,0,0,15000,0,15000,15000
063478,GIS元大9B購03   ,0,0,0,0,0,0,0,0,0,15000,0,0,0,15000,0,15000,15000
063823,T50反1國票01購02,0,0,0,0,0,0,0,0,0,15000,0,0,0,80000,65000,15000,15000
064211,友達凱基02購01  ,0,0,0,0,0,0,0,0,0,15000,0,0,0,51000,36000,15000,15000
063938,上銀元大9C購03  ,0,0,0,0,0,0,0,0,0,15000,0,0,0,15000,0,15000,15000
064082,緯創中信06購01  ,0,0,0,0,0,0,0,0,0,15000,0,0,0,79000,64000,15000,15000
064284,京鼎元大9C購01  ,0,0,0,0,0,0,0,0,0,15000,0,0,0,108000,93000,15000,15000
064508,力成元大9C購03  ,0,0,0,0,0,0,0,0,0,15000,0,0,0,25000,10000,15000,15000
064443,同欣電凱基03購01,0,0,0,0,0,0,0,0,0,15000,0,0,0,103000,88000,15000,15000
2405,浩鑫            ,47000,33000,14000,0,0,0,0,0,0,0,0,0,0,0,0,0,14000
2608,嘉里大榮        ,38000,24000,14000,0,0,0,0,0,0,0,0,0,0,0,0,0,14000
07879P,瑞昱群益9C售01  ,0,0,0,0,0,0,0,0,0,14000,0,0,0,32000,18000,14000,14000
08264P,南電元大9C售02  ,0,0,0,0,0,0,0,0,0,14000,0,0,0,14000,0,14000,14000
06807P,臺股指群益98售13,0,0,0,0,0,0,0,0,0,14000,0,0,0,14000,0,14000,14000
07002P,鴻海兆豐99售04  ,0,0,0,0,0,0,0,0,0,14000,0,0,0,14000,0,14000,14000
064827,友達統一02購02  ,0,0,0,0,0,0,0,0,0,14000,0,0,0,57000,43000,14000,14000
047969,台達電富邦97購01,0,0,0,0,0,0,0,0,0,14000,0,0,0,15000,1000,14000,14000
054354,技嘉富邦97購01  ,0,0,0,0,0,0,0,0,0,14000,0,0,0,65000,51000,14000,14000
055417,健策富邦98購02  ,0,0,0,0,0,0,0,0,0,14000,0,0,0,14000,0,14000,14000
055535,緯創群益98購01  ,0,0,0,0,0,0,0,0,0,14000,0,0,0,20000,6000,14000,14000
055583,國巨元大97購10  ,0,0,0,0,0,0,0,0,0,14000,0,0,0,14000,0,14000,14000
057488,聯發科元大99購02,0,0,0,0,0,0,0,0,0,14000,0,0,0,14000,0,14000,14000
056984,嘉晶群益98購01  ,0,0,0,0,0,0,0,0,0,14000,0,0,0,15000,1000,14000,14000
056944,鴻海統一98購11  ,0,0,0,0,0,0,0,0,0,14000,0,0,0,15000,1000,14000,14000
060230,台積電元大9A購07,0,0,0,0,0,0,0,0,0,14000,0,0,0,14000,0,14000,14000
059886,可成國票99購04  ,0,0,0,0,0,0,0,0,0,14000,0,0,0,17000,3000,14000,14000
058251,百和元大99購03  ,0,0,0,0,0,0,0,0,0,14000,0,0,0,41000,27000,14000,14000
060185,聯發科元富04購01,0,0,0,0,0,0,0,0,0,14000,0,0,0,14000,0,14000,14000
059197,可成永豐99購02  ,0,0,0,0,0,0,0,0,0,14000,0,0,0,24000,10000,14000,14000
060529,聯發科中信9A購04,0,0,0,0,0,0,0,0,0,14000,0,0,0,14000,0,14000,14000
059515,牧德永豐99購01  ,0,0,0,0,0,0,0,0,0,14000,0,0,0,34000,20000,14000,14000
061290,玉晶光統一01購04,0,0,0,0,0,0,0,0,0,14000,0,0,0,132000,118000,14000,14000
061352,茂林元大9A購04  ,0,0,0,0,0,0,0,0,0,14000,0,0,0,14000,0,14000,14000
063872,嘉聯益永豐9C購01,0,0,0,0,0,0,0,0,0,14000,0,0,0,237000,223000,14000,14000
063411,和潤國票9C購01  ,0,0,0,0,0,0,0,0,0,14000,0,0,0,35000,21000,14000,14000
062007,台光電國泰9C購01,0,0,0,0,0,0,0,0,0,14000,0,0,0,16000,2000,14000,14000
6431,光麗-KY         ,14000,0,14000,0,0,0,0,0,0,0,0,0,0,0,0,0,14000
6573,虹揚-KY         ,20000,5000,15000,0,0,0,0,0,0,-1000,0,1000,-1000,0,0,0,14000
6672,騰輝電子-KY     ,68000,54000,14000,0,0,0,0,0,0,0,0,0,0,0,0,0,14000
4555,氣立            ,63000,49000,14000,0,0,0,0,0,0,0,0,0,0,0,0,0,14000
064619,南亞科元大9C購05,0,0,0,0,0,0,0,0,0,13000,0,0,0,13000,0,13000,13000
064629,和潤元大9C購01  ,0,0,0,0,0,0,0,0,0,13000,0,0,0,51000,38000,13000,13000
064693,玉晶光群益01購06,0,0,0,0,0,0,0,0,0,13000,0,0,0,135000,122000,13000,13000
06938P,南電元大98售03  ,0,0,0,0,0,0,0,0,0,13000,0,0,0,13000,0,13000,13000
06783P,亞光元大98售03  ,0,0,0,0,0,0,0,0,0,13000,0,0,0,13000,0,13000,13000
06538P,國巨凱基98售11  ,0,0,0,0,0,0,0,0,0,13000,0,0,0,173000,160000,13000,13000
08233P,國泰金元富9B售01,0,0,0,0,0,0,0,0,0,13000,0,0,0,21000,8000,13000,13000
08305P,茂林群益9C售01  ,0,0,0,0,0,0,0,0,0,13000,0,0,0,26000,13000,13000,13000
1109,信大            ,21000,8000,13000,0,0,0,0,0,0,0,0,0,0,0,0,0,13000
3209,全科            ,102000,89000,13000,0,0,0,0,0,0,0,0,0,0,0,0,0,13000
056738,國巨凱基9A購02  ,0,0,0,0,0,0,0,0,0,13000,0,0,0,14000,1000,13000,13000
056182,台光電統一97購03,0,0,0,0,0,0,0,0,0,13000,0,0,0,74000,61000,13000,13000
059034,華通群益9B購02  ,0,0,0,0,0,0,0,0,0,13000,0,0,0,26000,13000,13000,13000
054363,世芯凱基97購01  ,0,0,0,0,0,0,0,0,0,13000,0,0,0,20000,7000,13000,13000
03425B,臺股指元大9A熊01,0,0,0,0,0,0,0,0,0,13000,0,0,0,13000,0,13000,13000
00706L,元大S&P日圓正2  ,0,0,0,0,0,0,0,0,0,13000,0,0,0,19000,6000,13000,13000
061572,奇力新元大9A購04,0,0,0,0,0,0,0,0,0,13000,0,0,0,63000,50000,13000,13000
061043,百和永豐9A購01  ,0,0,0,0,0,0,0,0,0,13000,0,0,0,13000,0,13000,13000
058581,大立光群益99購05,0,0,0,0,0,0,0,0,0,13000,0,0,0,26000,13000,13000,13000
059425,SGBR2X元大9A購02,0,0,0,0,0,0,0,0,0,13000,0,0,0,265000,252000,13000,13000
058865,群創凱基01購01  ,0,0,0,0,0,0,0,0,0,13000,0,0,0,141000,128000,13000,13000
058877,T50反1國泰9B購01,0,0,0,0,0,0,0,0,0,13000,0,0,0,150000,137000,13000,13000
058955,台積電國票9A購04,0,0,0,0,0,0,0,0,0,13000,0,0,0,19000,6000,13000,13000
059246,奇力新凱基9A購02,0,0,0,0,0,0,0,0,0,13000,0,0,0,13000,0,13000,13000
059954,華新科康和99購01,0,0,0,0,0,0,0,0,0,13000,0,0,0,15000,2000,13000,13000
059975,元金2X元大99購02,0,0,0,0,0,0,0,0,0,13000,0,0,0,28000,15000,13000,13000
059291,華新科元富9B購01,0,0,0,0,0,0,0,0,0,13000,0,0,0,13000,0,13000,13000
058488,華擎國票9A購01  ,0,0,0,0,0,0,0,0,0,13000,0,0,0,13000,0,13000,13000
060303,宏達電富邦9B購01,0,0,0,0,0,0,0,0,0,13000,0,0,0,203000,190000,13000,13000
058658,瑞儀中信99購01  ,0,0,0,0,0,0,0,0,0,13000,0,0,0,33000,20000,13000,13000
061927,玉晶光凱基9C購01,0,0,0,0,0,0,0,0,0,13000,0,0,0,59000,46000,13000,13000
062546,新日興永豐9B購01,0,0,0,0,0,0,0,0,0,13000,0,0,0,24000,11000,13000,13000
062455,鴻海群益9C購01  ,0,0,0,0,0,0,0,0,0,13000,0,0,0,13000,0,13000,13000
063228,聯茂群益9B購01  ,0,0,0,0,0,0,0,0,0,13000,0,0,0,13000,0,13000,13000
063518,儒鴻凱基9B購02  ,0,0,0,0,0,0,0,0,0,13000,0,0,0,28000,15000,13000,13000
06445P,大立光凱基98售09,0,0,0,0,0,0,0,0,0,13000,0,0,0,39000,26000,13000,13000
063930,高鐵統一02購02  ,0,0,0,0,0,0,0,0,0,13000,0,0,0,29000,16000,13000,13000
1435,中福            ,38000,26000,12000,0,0,0,0,0,0,0,0,0,0,0,0,0,12000
08401P,玉晶光元富9C售04,0,0,0,0,0,0,0,0,0,12000,0,0,0,15000,3000,12000,12000
08246P,亞德客群益01售01,0,0,0,0,0,0,0,0,0,12000,0,0,0,25000,13000,12000,12000
07618P,大立光中信9A售06,0,0,0,0,0,0,0,0,0,12000,0,0,0,12000,0,12000,12000
07552P,技嘉元大9A售03  ,0,0,0,0,0,0,0,0,0,12000,0,0,0,50000,38000,12000,12000
065074,亞德客元大9C購03,0,0,0,0,0,0,0,0,0,12000,0,0,0,12000,0,12000,12000
00702,國泰標普低波高息,0,0,0,0,0,0,0,0,0,12000,0,0,0,21000,9000,12000,12000
052130,國巨凱基9B購01  ,0,0,0,0,0,0,0,0,0,12000,0,0,0,75000,63000,12000,12000
052546,友達中信98購01  ,0,0,0,0,0,0,0,0,0,12000,0,0,0,12000,0,12000,12000
051466,玉晶光富邦97購01,0,0,0,0,0,0,0,0,0,12000,0,0,0,12000,0,12000,12000
055029,帆宣國泰99購01  ,0,0,0,0,0,0,0,0,0,12000,0,0,0,12000,0,12000,12000
053415,聯茂國票97購01  ,0,0,0,0,0,0,0,0,0,12000,0,0,0,12000,0,12000,12000
054213,欣興國票97購04  ,0,0,0,0,0,0,0,0,0,12000,0,0,0,12000,0,12000,12000
054514,道瓊銀元大98購01,0,0,0,0,0,0,0,0,0,12000,0,0,0,12000,0,12000,12000
057371,可成元大98購08  ,0,0,0,0,0,0,0,0,0,12000,0,0,0,22000,10000,12000,12000
056816,華通永豐98購02  ,0,0,0,0,0,0,0,0,0,12000,0,0,0,12000,0,12000,12000
059092,聯陽元大99購01  ,0,0,0,0,0,0,0,0,0,12000,0,0,0,12000,0,12000,12000
056104,義隆永豐97購01  ,0,0,0,0,0,0,0,0,0,12000,0,0,0,22000,10000,12000,12000
057128,台光電凱基98購03,0,0,0,0,0,0,0,0,0,12000,0,0,0,12000,0,12000,12000
057158,義隆永豐99購01  ,0,0,0,0,0,0,0,0,0,12000,0,0,0,12000,0,12000,12000
056533,友達凱基9A購02  ,0,0,0,0,0,0,0,0,0,12000,0,0,0,12000,0,12000,12000
055466,台達電凱基97購03,0,0,0,0,0,0,0,0,0,12000,0,0,0,25000,13000,12000,12000
058731,貿聯永豐99購02  ,0,0,0,0,0,0,0,0,0,12000,0,0,0,27000,15000,12000,12000
058611,欣興元大99購06  ,0,0,0,0,0,0,0,0,0,12000,0,0,0,92000,80000,12000,12000
059315,鴻海元大99購30  ,0,0,0,0,0,0,0,0,0,12000,0,0,0,12000,0,12000,12000
057717,友訊元富98購02  ,0,0,0,0,0,0,0,0,0,12000,0,0,0,270000,258000,12000,12000
057778,大立光群益98購02,0,0,0,0,0,0,0,0,0,12000,0,0,0,98000,86000,12000,12000
060824,旺宏元大9A購06  ,0,0,0,0,0,0,0,0,0,12000,0,0,0,12000,0,12000,12000
060706,群創富邦9A購01  ,0,0,0,0,0,0,0,0,0,12000,0,0,0,12000,0,12000,12000
060621,玉晶光元大9A購05,0,0,0,0,0,0,0,0,0,12000,0,0,0,47000,35000,12000,12000
05894P,友達群益98售02  ,0,0,0,0,0,0,0,0,0,12000,0,0,0,62000,50000,12000,12000
058873,美律國票9A購02  ,0,0,0,0,0,0,0,0,0,12000,0,0,0,12000,0,12000,12000
058781,康友國票9A購01  ,0,0,0,0,0,0,0,0,0,12000,0,0,0,239000,227000,12000,12000
058998,鴻海元大99購22  ,0,0,0,0,0,0,0,0,0,12000,0,0,0,12000,0,12000,12000
060410,台苯永豐9A購01  ,0,0,0,0,0,0,0,0,0,12000,0,0,0,12000,0,12000,12000
057601,中磊群益98購01  ,0,0,0,0,0,0,0,0,0,12000,0,0,0,352000,340000,12000,12000
061583,矽創元大9A購01  ,0,0,0,0,0,0,0,0,0,12000,0,0,0,19000,7000,12000,12000
061349,嘉澤元大9A購02  ,0,0,0,0,0,0,0,0,0,12000,0,0,0,114000,102000,12000,12000
061336,國巨元大9A購20  ,0,0,0,0,0,0,0,0,0,12000,0,0,0,13000,1000,12000,12000
063941,國巨元大9C購12  ,0,0,0,0,0,0,0,0,0,12000,0,0,0,62000,50000,12000,12000
064474,華新科麥證01購01,0,0,0,12000,0,12000,0,0,0,12000,0,0,0,12000,0,12000,12000
06447P,上銀元大98售01  ,0,0,0,0,0,0,0,0,0,12000,0,0,0,12000,0,12000,12000
063318,京鼎群益9C購02  ,0,0,0,0,0,0,0,0,0,12000,0,0,0,50000,38000,12000,12000
063665,南亞科統一01購02,0,0,0,0,0,0,0,0,0,12000,0,0,0,70000,58000,12000,12000
062941,大立光凱基9B購07,0,0,0,0,0,0,0,0,0,12000,0,0,0,62000,50000,12000,12000
062638,茂林國票9C購01  ,0,0,0,0,0,0,0,0,0,12000,0,0,0,41000,29000,12000,12000
062683,可成統一9B購04  ,0,0,0,0,0,0,0,0,0,12000,0,0,0,55000,43000,12000,12000
062791,臺股指元大9B購34,0,0,0,0,0,0,0,0,0,12000,0,0,0,12000,0,12000,12000
062550,啟碁永豐9B購01  ,0,0,0,0,0,0,0,0,0,12000,0,0,0,12000,0,12000,12000
062567,祥碩中信9C購01  ,0,0,0,0,0,0,0,0,0,12000,0,0,0,32000,20000,12000,12000
062070,金寶元大9B購01  ,0,0,0,0,0,0,0,0,0,12000,0,0,0,14000,2000,12000,12000
064601,嘉晶元富9C購03  ,0,0,0,0,0,0,0,0,0,11000,0,0,0,40000,29000,11000,11000
06797P,臺股指凱基98售07,0,0,0,0,0,0,0,0,0,11000,0,0,0,11000,0,11000,11000
08345P,大立光元大9C售14,0,0,0,0,0,0,0,0,0,11000,0,0,0,36000,25000,11000,11000
07943P,瑞昱元大9B售02  ,0,0,0,0,0,0,0,0,0,11000,0,0,0,16000,5000,11000,11000
07998P,聯電凱基9C售01  ,0,0,0,0,0,0,0,0,0,11000,0,0,0,24000,13000,11000,11000
08099P,聯發科中信9B售04,0,0,0,0,0,0,0,0,0,11000,0,0,0,15000,4000,11000,11000
08173P,金像電凱基9B售02,0,0,0,0,0,0,0,0,0,11000,0,0,0,33000,22000,11000,11000
2528,皇普            ,15000,4000,11000,0,0,0,0,0,0,0,0,0,0,0,0,0,11000
2460,建通            ,14000,3000,11000,0,0,0,0,0,0,0,0,0,0,0,0,0,11000
056468,鴻海元大98購07  ,0,0,0,0,0,0,0,0,0,11000,0,0,0,79000,68000,11000,11000
055639,上銀元富97購02  ,0,0,0,0,0,0,0,0,0,11000,0,0,0,11000,0,11000,11000
056160,智易凱基97購03  ,0,0,0,0,0,0,0,0,0,11000,0,0,0,11000,0,11000,11000
054710,東元元富97購01  ,0,0,0,0,0,0,0,0,0,11000,0,0,0,11000,0,11000,11000
054564,玉晶光群益99購01,0,0,0,0,0,0,0,0,0,11000,0,0,0,11000,0,11000,11000
054101,茂林國票97購04  ,0,0,0,0,0,0,0,0,0,11000,0,0,0,11000,0,11000,11000
053945,國巨富邦98購02  ,0,0,0,0,0,0,0,0,0,11000,0,0,0,11000,0,11000,11000
055183,聯鈞統一97購01  ,0,0,0,0,0,0,0,0,0,11000,0,0,0,11000,0,11000,11000
054996,聯陽元富97購01  ,0,0,0,0,0,0,0,0,0,11000,0,0,0,11000,0,11000,11000
052076,可成元富98購01  ,0,0,0,0,0,0,0,0,0,11000,0,0,0,11000,0,11000,11000
051486,玉晶光凱基97購03,0,0,0,0,0,0,0,0,0,11000,0,0,0,37000,26000,11000,11000
052961,國巨凱基97購02  ,0,0,0,0,0,0,0,0,0,11000,0,0,0,11000,0,11000,11000
061232,和大元大9A購03  ,0,0,0,0,0,0,0,0,0,11000,0,0,0,29000,18000,11000,11000
061832,聯發科凱基9B購06,0,0,0,0,0,0,0,0,0,11000,0,0,0,11000,0,11000,11000
057659,台表科兆豐98購01,0,0,0,0,0,0,0,0,0,11000,0,0,0,11000,0,11000,11000
059863,和大凱基99購01  ,0,0,0,0,0,0,0,0,0,11000,0,0,0,11000,0,11000,11000
060920,超眾富邦9B購01  ,0,0,0,0,0,0,0,0,0,11000,0,0,0,377000,366000,11000,11000
060901,臺股指凱基9A購13,0,0,0,0,0,0,0,0,0,11000,0,0,0,11000,0,11000,11000
059296,大立光元富99購06,0,0,0,0,0,0,0,0,0,11000,0,0,0,11000,0,11000,11000
062111,台勝科國票9B購01,0,0,0,0,0,0,0,0,0,11000,0,0,0,104000,93000,11000,11000
062132,神隆群益9B購01  ,0,0,0,0,0,0,0,0,0,11000,0,0,0,37000,26000,11000,11000
062169,禾伸堂永豐9B購01,0,0,0,0,0,0,0,0,0,11000,0,0,0,11000,0,11000,11000
061898,茂林永豐9B購01  ,0,0,0,0,0,0,0,0,0,11000,0,0,0,11000,0,11000,11000
062566,嘉晶中信9C購01  ,0,0,0,0,0,0,0,0,0,11000,0,0,0,23000,12000,11000,11000
062554,台積電凱基9B購08,0,0,0,0,0,0,0,0,0,11000,0,0,0,12000,1000,11000,11000
062918,祥碩元大9C購02  ,0,0,0,0,0,0,0,0,0,11000,0,0,0,51000,40000,11000,11000
062898,華通元大9B購05  ,0,0,0,0,0,0,0,0,0,11000,0,0,0,16000,5000,11000,11000
062873,國巨兆豐9C購01  ,0,0,0,0,0,0,0,0,0,11000,0,0,0,11000,0,11000,11000
063127,TPK元大9B購02   ,0,0,0,0,0,0,0,0,0,11000,0,0,0,80000,69000,11000,11000
063085,嘉澤凱基9C購01  ,0,0,0,0,0,0,0,0,0,11000,0,0,0,20000,9000,11000,11000
063828,台積電國票01購02,0,0,0,0,0,0,0,0,0,11000,0,0,0,15000,4000,11000,11000
064528,國巨中信02購01  ,0,0,0,0,0,0,0,0,0,11000,0,0,0,11000,0,11000,11000
064016,南六國票01購01  ,0,0,0,0,0,0,0,0,0,11000,0,0,0,11000,0,11000,11000
2358,廷鑫            ,11000,1000,10000,0,0,0,0,0,0,0,0,0,0,0,0,0,10000
2010,春源            ,24000,14000,10000,0,0,0,0,0,0,0,0,0,0,0,0,0,10000
2038,海光            ,12000,2000,10000,0,0,0,0,0,0,0,0,0,0,0,0,0,10000
08191P,鴻海台新9B售03  ,0,0,0,0,0,0,0,0,0,10000,0,0,0,20000,10000,10000,10000
08107P,聯發科統一9B售10,0,0,0,0,0,0,0,0,0,10000,0,0,0,10000,0,10000,10000
08033P,台灣50兆豐9C售03,0,0,0,0,0,0,0,0,0,10000,0,0,0,10000,0,10000,10000
07950P,智邦元大9B售04  ,0,0,0,0,0,0,0,0,0,10000,0,0,0,10000,0,10000,10000
07946P,華通統一9B售02  ,0,0,0,0,0,0,0,0,0,10000,0,0,0,10000,0,10000,10000
07929P,旺宏統一9B售07  ,0,0,0,0,0,0,0,0,0,10000,0,0,0,10000,0,10000,10000
07752P,台灣50元大9C售33,0,0,0,0,0,0,0,0,0,10000,0,0,0,30000,20000,10000,10000
08328P,國巨國票9C售07  ,0,0,0,0,0,0,0,0,0,10000,0,0,0,10000,0,10000,10000
08309P,GIS凱基9C售01   ,0,0,0,0,0,0,0,0,0,10000,0,0,0,39000,29000,10000,10000
08318P,台積電台新01售01,0,0,0,0,0,0,0,0,0,10000,0,0,0,10000,0,10000,10000
08320P,智邦統一9C售02  ,0,0,0,0,0,0,0,0,0,10000,0,0,0,11000,1000,10000,10000
08356P,聯發科元大9C售08,0,0,0,0,0,0,0,0,0,10000,0,0,0,10000,0,10000,10000
08421P,台積電群益9C售10,0,0,0,0,0,0,0,0,0,10000,0,0,0,10000,0,10000,10000
08443P,臺股指麥證01售02,0,0,0,10000,0,10000,0,0,0,10000,0,0,0,10000,0,10000,10000
08460P,台灣50國票9C售05,0,0,0,0,0,0,0,0,0,10000,0,0,0,10000,0,10000,10000
06848P,聯詠元大98售04  ,0,0,0,0,0,0,0,0,0,10000,0,0,0,110000,100000,10000,10000
06872P,亞德客元富98售04,0,0,0,0,0,0,0,0,0,10000,0,0,0,10000,0,10000,10000
06890P,金融類元大98售02,0,0,0,0,0,0,0,0,0,10000,0,0,0,10000,0,10000,10000
07075P,FBVIX凱基9C售04 ,0,0,0,0,0,0,0,0,0,10000,0,0,0,10000,0,10000,10000
06616P,國巨元大98售15  ,0,0,0,0,0,0,0,0,0,10000,0,0,0,10000,0,10000,10000
07593P,臺股指凱基9A售08,0,0,0,0,0,0,0,0,0,10000,0,0,0,10000,0,10000,10000
07532P,台灣50中信01售02,0,0,0,0,0,0,0,0,0,10000,0,0,0,15000,5000,10000,10000
07514P,台積電元大9A售14,0,0,0,0,0,0,0,0,0,10000,0,0,0,10000,0,10000,10000
07503P,禾伸堂元大9A售01,0,0,0,0,0,0,0,0,0,10000,0,0,0,20000,10000,10000,10000
07637P,國巨國票9A售08  ,0,0,0,0,0,0,0,0,0,10000,0,0,0,20000,10000,10000,10000
07691P,宏達電元大9A售05,0,0,0,0,0,0,0,0,0,10000,0,0,0,10000,0,10000,10000
07129P,華新科元大99售14,0,0,0,0,0,0,0,0,0,10000,0,0,0,60000,50000,10000,10000
07108P,FBVIX台新99售02 ,0,0,0,0,0,0,0,0,0,10000,0,0,0,10000,0,10000,10000
07088P,訊芯永豐99售02  ,0,0,0,0,0,0,0,0,0,10000,0,0,0,20000,10000,10000,10000
07078P,鴻海群益99售02  ,0,0,0,0,0,0,0,0,0,10000,0,0,0,10000,0,10000,10000
07080P,健策群益9A售01  ,0,0,0,0,0,0,0,0,0,10000,0,0,0,30000,20000,10000,10000
07383P,聯發科群益99售06,0,0,0,0,0,0,0,0,0,10000,0,0,0,10000,0,10000,10000
07381P,鴻海群益99售05  ,0,0,0,0,0,0,0,0,0,10000,0,0,0,10000,0,10000,10000
07392P,台積電國泰02售01,0,0,0,0,0,0,0,0,0,10000,0,0,0,10000,0,10000,10000
07241P,台灣50國票9A售05,0,0,0,0,0,0,0,0,0,10000,0,0,0,10000,0,10000,10000
07259P,滬深2X國票01售01,0,0,0,0,0,0,0,0,0,10000,0,0,0,20000,10000,10000,10000
07291P,臺股指凱基99售43,0,0,0,0,0,0,0,0,0,10000,0,0,0,10000,0,10000,10000
064716,國巨統一9C購14  ,0,0,0,0,0,0,0,0,0,10000,0,0,0,10000,0,10000,10000
064675,A50正2兆豐01購01,0,0,0,0,0,0,0,0,0,10000,0,0,0,10000,0,10000,10000
065042,國產凱基02購01  ,0,0,0,0,0,0,0,0,0,10000,0,0,0,10000,0,10000,10000
065033,和碩兆豐9C購01  ,0,0,0,0,0,0,0,0,0,10000,0,0,0,48000,38000,10000,10000
052949,智易國票97購02  ,0,0,0,0,0,0,0,0,0,10000,0,0,0,10000,0,10000,10000
052927,友達元大98購02  ,0,0,0,0,0,0,0,0,0,10000,0,0,0,10000,0,10000,10000
052668,聯發科群益97購01,0,0,0,0,0,0,0,0,0,10000,0,0,0,10000,0,10000,10000
00733,富邦臺灣中小    ,0,0,0,0,0,0,0,0,0,10000,0,0,0,215000,205000,10000,10000
00672L,元大S&P原油正2  ,0,0,0,0,0,0,0,0,0,10000,0,0,0,85000,75000,10000,10000
051911,大立光元大98購02,0,0,0,0,0,0,0,0,0,10000,0,0,0,10000,0,10000,10000
053024,國巨富邦97購02  ,0,0,0,0,0,0,0,0,0,10000,0,0,0,10000,0,10000,10000
051087,國巨元大97購01  ,0,0,0,0,0,0,0,0,0,10000,0,0,0,10000,0,10000,10000
051286,國巨統一97購01  ,0,0,0,0,0,0,0,0,0,10000,0,0,0,10000,0,10000,10000
047547,友達凱基99購02  ,0,0,0,0,0,0,0,0,0,10000,0,0,0,10000,0,10000,10000
047420,全新富邦97購01  ,0,0,0,0,0,0,0,0,0,10000,0,0,0,10000,0,10000,10000
046903,友達凱基99購01  ,0,0,0,0,0,0,0,0,0,10000,0,0,0,10000,0,10000,10000
045837,群創群益98購02  ,0,0,0,0,0,0,0,0,0,10000,0,0,0,10000,0,10000,10000
050228,中磊中信96購01  ,0,0,0,0,0,0,0,0,0,10000,0,0,0,10000,0,10000,10000
050633,義隆群益96購02  ,0,0,0,0,0,0,0,0,0,10000,0,0,0,20000,10000,10000,10000
048892,台郡元富97購01  ,0,0,0,0,0,0,0,0,0,10000,0,0,0,10000,0,10000,10000
053114,聯茂兆豐97購01  ,0,0,0,0,0,0,0,0,0,10000,0,0,0,10000,0,10000,10000
053194,緯穎統一99購01  ,0,0,0,0,0,0,0,0,0,10000,0,0,0,10000,0,10000,10000
055095,啟碁群益98購01  ,0,0,0,0,0,0,0,0,0,10000,0,0,0,10000,0,10000,10000
055085,大毅國票97購01  ,0,0,0,0,0,0,0,0,0,10000,0,0,0,10000,0,10000,10000
053396,漢唐中信9A購01  ,0,0,0,0,0,0,0,0,0,10000,0,0,0,10000,0,10000,10000
053355,超眾兆豐97購01  ,0,0,0,0,0,0,0,0,0,10000,0,0,0,10000,0,10000,10000
053503,臻鼎兆豐97購01  ,0,0,0,0,0,0,0,0,0,10000,0,0,0,10000,0,10000,10000
053522,臺股指群益99購01,0,0,0,0,0,0,0,0,0,10000,0,0,0,10000,0,10000,10000
053528,南電中信9A購01  ,0,0,0,0,0,0,0,0,0,10000,0,0,0,56000,46000,10000,10000
055219,啟碁凱基98購01  ,0,0,0,0,0,0,0,0,0,10000,0,0,0,10000,0,10000,10000
055225,華邦電國票99購01,0,0,0,0,0,0,0,0,0,10000,0,0,0,10000,0,10000,10000
055416,欣興富邦98購01  ,0,0,0,0,0,0,0,0,0,10000,0,0,0,10000,0,10000,10000
055425,聚陽群益99購01  ,0,0,0,0,0,0,0,0,0,10000,0,0,0,10000,0,10000,10000
054197,台積電永昌96購07,0,0,0,0,0,0,0,0,0,10000,0,0,0,10000,0,10000,10000
054152,漢唐國泰98購02  ,0,0,0,0,0,0,0,0,0,10000,0,0,0,10000,0,10000,10000
055341,台達電凱基97購02,0,0,0,0,0,0,0,0,0,10000,0,0,0,10000,0,10000,10000
055311,健策群益98購02  ,0,0,0,0,0,0,0,0,0,10000,0,0,0,11000,1000,10000,10000
055275,台積電元大97購19,0,0,0,0,0,0,0,0,0,10000,0,0,0,10000,0,10000,10000
053813,友達群益9A購03  ,0,0,0,0,0,0,0,0,0,10000,0,0,0,10000,0,10000,10000
054577,世芯元大98購01  ,0,0,0,0,0,0,0,0,0,10000,0,0,0,10000,0,10000,10000
054684,裕隆永豐97購01  ,0,0,0,0,0,0,0,0,0,10000,0,0,0,10000,0,10000,10000
054265,GIS元大96購03   ,0,0,0,0,0,0,0,0,0,10000,0,0,0,35000,25000,10000,10000
054266,緯穎元大96購07  ,0,0,0,0,0,0,0,0,0,10000,0,0,0,50000,40000,10000,10000
054282,泰鼎群益98購02  ,0,0,0,0,0,0,0,0,0,10000,0,0,0,10000,0,10000,10000
054335,緯穎永豐96購02  ,0,0,0,0,0,0,0,0,0,10000,0,0,0,10000,0,10000,10000
054383,傳奇群益97購01  ,0,0,0,0,0,0,0,0,0,10000,0,0,0,10000,0,10000,10000
054894,GIS統一97購01   ,0,0,0,0,0,0,0,0,0,10000,0,0,0,10000,0,10000,10000
054895,南電統一97購01  ,0,0,0,0,0,0,0,0,0,10000,0,0,0,10000,0,10000,10000
054848,群創兆豐98購01  ,0,0,0,0,0,0,0,0,0,10000,0,0,0,10000,0,10000,10000
054932,台肥元大97購01  ,0,0,0,0,0,0,0,0,0,10000,0,0,0,10000,0,10000,10000
056362,聯發科元大99購01,0,0,0,0,0,0,0,0,0,10000,0,0,0,10000,0,10000,10000
056381,台虹元富98購01  ,0,0,0,0,0,0,0,0,0,10000,0,0,0,10000,0,10000,10000
056846,晶相光元富98購01,0,0,0,0,0,0,0,0,0,10000,0,0,0,10000,0,10000,10000
057418,台光電凱基98購04,0,0,0,0,0,0,0,0,0,10000,0,0,0,10000,0,10000,10000
057402,嘉晶群益98購02  ,0,0,0,0,0,0,0,0,0,10000,0,0,0,10000,0,10000,10000
057292,國巨國泰9B購01  ,0,0,0,0,0,0,0,0,0,10000,0,0,0,20000,10000,10000,10000
05730P,臺股指凱基97售03,0,0,0,0,0,0,0,0,0,10000,0,0,0,10000,0,10000,10000
056136,京鼎元大98購01  ,0,0,0,0,0,0,0,0,0,10000,0,0,0,10000,0,10000,10000
056231,嘉聯益凱基97購02,0,0,0,0,0,0,0,0,0,10000,0,0,0,40000,30000,10000,10000
056275,國巨國泰98購04  ,0,0,0,0,0,0,0,0,0,10000,0,0,0,10000,0,10000,10000
056733,國巨凱基98購10  ,0,0,0,0,0,0,0,0,0,10000,0,0,0,10000,0,10000,10000
056675,聯發科元富02購01,0,0,0,0,0,0,0,0,0,10000,0,0,0,10000,0,10000,10000
056718,GIS永豐98購01   ,0,0,0,0,0,0,0,0,0,10000,0,0,0,10000,0,10000,10000
056703,群創國泰9A購01  ,0,0,0,0,0,0,0,0,0,10000,0,0,0,10000,0,10000,10000
056683,台積電統一98購05,0,0,0,0,0,0,0,0,0,10000,0,0,0,10000,0,10000,10000
055960,義隆元大97購01  ,0,0,0,0,0,0,0,0,0,10000,0,0,0,10000,0,10000,10000
055929,聯發科群益97購05,0,0,0,0,0,0,0,0,0,10000,0,0,0,10000,0,10000,10000
056006,義隆亞東97購01  ,0,0,0,0,0,0,0,0,0,10000,0,0,0,10000,0,10000,10000
056033,T50正2凱基99購02,0,0,0,0,0,0,0,0,0,10000,0,0,0,10000,0,10000,10000
056061,國泰金元大97購02,0,0,0,0,0,0,0,0,0,10000,0,0,0,10000,0,10000,10000
055758,旺宏群益97購01  ,0,0,0,0,0,0,0,0,0,10000,0,0,0,10000,0,10000,10000
055892,國巨統一99購01  ,0,0,0,0,0,0,0,0,0,10000,0,0,0,10000,0,10000,10000
055883,樺漢元富97購01  ,0,0,0,0,0,0,0,0,0,10000,0,0,0,10000,0,10000,10000
055832,台達電元大97購02,0,0,0,0,0,0,0,0,0,10000,0,0,0,10000,0,10000,10000
059115,美食永豐99購01  ,0,0,0,0,0,0,0,0,0,10000,0,0,0,10000,0,10000,10000
058204,世芯凱基9A購01  ,0,0,0,0,0,0,0,0,0,10000,0,0,0,10000,0,10000,10000
060075,台積電元富99購05,0,0,0,0,0,0,0,0,0,10000,0,0,0,10000,0,10000,10000
060060,台積電兆豐99購05,0,0,0,0,0,0,0,0,0,10000,0,0,0,10000,0,10000,10000
060051,台積電凱基9B購01,0,0,0,0,0,0,0,0,0,10000,0,0,0,10000,0,10000,10000
059641,群創凱基99購06  ,0,0,0,0,0,0,0,0,0,10000,0,0,0,10000,0,10000,10000
060115,南電元大99購06  ,0,0,0,0,0,0,0,0,0,10000,0,0,0,10000,0,10000,10000
059709,上証2X元大9C購01,0,0,0,0,0,0,0,0,0,10000,0,0,0,10000,0,10000,10000
059729,群創元大9C購05  ,0,0,0,0,0,0,0,0,0,10000,0,0,0,10000,0,10000,10000
059811,高股息凱基99購02,0,0,0,0,0,0,0,0,0,10000,0,0,0,10000,0,10000,10000
059773,康控群益99購01  ,0,0,0,0,0,0,0,0,0,10000,0,0,0,20000,10000,10000,10000
059782,A50正2元大9C購04,0,0,0,0,0,0,0,0,0,10000,0,0,0,10000,0,10000,10000
055599,TPK元大97購01   ,0,0,0,0,0,0,0,0,0,10000,0,0,0,90000,80000,10000,10000
056568,台表科群益98購01,0,0,0,0,0,0,0,0,0,10000,0,0,0,10000,0,10000,10000
056623,禾伸堂永豐98購01,0,0,0,0,0,0,0,0,0,10000,0,0,0,30000,20000,10000,10000
056665,上証2X國票99購02,0,0,0,0,0,0,0,0,0,10000,0,0,0,10000,0,10000,10000
055668,欣興群益97購01  ,0,0,0,0,0,0,0,0,0,10000,0,0,0,10000,0,10000,10000
055476,台郡凱基97購02  ,0,0,0,0,0,0,0,0,0,10000,0,0,0,10000,0,10000,10000
055469,台光電凱基97購01,0,0,0,0,0,0,0,0,0,10000,0,0,0,10000,0,10000,10000
055470,南亞科凱基97購01,0,0,0,0,0,0,0,0,0,10000,0,0,0,10000,0,10000,10000
055473,禾伸堂凱基97購01,0,0,0,0,0,0,0,0,0,10000,0,0,0,10000,0,10000,10000
056562,奇力新群益98購01,0,0,0,0,0,0,0,0,0,10000,0,0,0,10000,0,10000,10000
056566,臻鼎群益98購01  ,0,0,0,0,0,0,0,0,0,10000,0,0,0,10000,0,10000,10000
057163,上銀元大98購04  ,0,0,0,0,0,0,0,0,0,10000,0,0,0,31000,21000,10000,10000
057193,力成元大98購02  ,0,0,0,0,0,0,0,0,0,10000,0,0,0,10000,0,10000,10000
057201,華擎元富98購01  ,0,0,0,0,0,0,0,0,0,10000,0,0,0,10000,0,10000,10000
057230,建準凱基98購02  ,0,0,0,0,0,0,0,0,0,10000,0,0,0,10000,0,10000,10000
057245,福懋科台新98購01,0,0,0,0,0,0,0,0,0,10000,0,0,0,10000,0,10000,10000
057467,祥碩永豐98購04  ,0,0,0,0,0,0,0,0,0,10000,0,0,0,10000,0,10000,10000
057111,立積群益98購02  ,0,0,0,0,0,0,0,0,0,10000,0,0,0,10000,0,10000,10000
057073,康控永豐98購01  ,0,0,0,0,0,0,0,0,0,10000,0,0,0,10000,0,10000,10000
056920,友達兆豐98購02  ,0,0,0,0,0,0,0,0,0,10000,0,0,0,10000,0,10000,10000
059304,華新科兆豐99購06,0,0,0,0,0,0,0,0,0,10000,0,0,0,10000,0,10000,10000
059318,旺宏元大99購13  ,0,0,0,0,0,0,0,0,0,10000,0,0,0,10000,0,10000,10000
059334,A50正2國票9A購02,0,0,0,0,0,0,0,0,0,10000,0,0,0,10000,0,10000,10000
060246,晶相光元大9C購03,0,0,0,0,0,0,0,0,0,10000,0,0,0,12000,2000,10000,10000
058502,鴻海元大99購13  ,0,0,0,0,0,0,0,0,0,10000,0,0,0,10000,0,10000,10000
058468,聯茂中信99購02  ,0,0,0,0,0,0,0,0,0,10000,0,0,0,10000,0,10000,10000
060381,元黃金凱基9A購01,0,0,0,0,0,0,0,0,0,10000,0,0,0,10000,0,10000,10000
060320,元金2X群益02購01,0,0,0,0,0,0,0,0,0,10000,0,0,0,20000,10000,10000,10000
060347,大立光統一02購01,0,0,0,0,0,0,0,0,0,10000,0,0,0,100000,90000,10000,10000
060355,元金2X元富9C購01,0,0,0,0,0,0,0,0,0,10000,0,0,0,20000,10000,10000,10000
060328,可成群益9A購06  ,0,0,0,0,0,0,0,0,0,10000,0,0,0,10000,0,10000,10000
058711,鴻海統一9A購02  ,0,0,0,0,0,0,0,0,0,10000,0,0,0,10000,0,10000,10000
058650,台虹永豐9A購01  ,0,0,0,0,0,0,0,0,0,10000,0,0,0,10000,0,10000,10000
058618,南電元大99購02  ,0,0,0,0,0,0,0,0,0,10000,0,0,0,15000,5000,10000,10000
057777,可成群益9A購03  ,0,0,0,0,0,0,0,0,0,10000,0,0,0,10000,0,10000,10000
057919,技嘉凱基98購03  ,0,0,0,0,0,0,0,0,0,10000,0,0,0,48000,38000,10000,10000
057887,智原群益98購04  ,0,0,0,0,0,0,0,0,0,10000,0,0,0,114000,104000,10000,10000
057842,緯穎富邦99購02  ,0,0,0,0,0,0,0,0,0,10000,0,0,0,10000,0,10000,10000
057819,新日興元大99購01,0,0,0,0,0,0,0,0,0,10000,0,0,0,10000,0,10000,10000
058070,華新科凱基98購07,0,0,0,0,0,0,0,0,0,10000,0,0,0,10000,0,10000,10000
057970,國巨富邦99購03  ,0,0,0,0,0,0,0,0,0,10000,0,0,0,10000,0,10000,10000
057944,新日興國票99購02,0,0,0,0,0,0,0,0,0,10000,0,0,0,10000,0,10000,10000
058035,旭富永豐98購02  ,0,0,0,0,0,0,0,0,0,10000,0,0,0,67000,57000,10000,10000
058028,國巨富邦99購04  ,0,0,0,0,0,0,0,0,0,10000,0,0,0,10000,0,10000,10000
060852,京鼎國泰9B購01  ,0,0,0,0,0,0,0,0,0,10000,0,0,0,10000,0,10000,10000
060977,亞德客元大9A購04,0,0,0,0,0,0,0,0,0,10000,0,0,0,10000,0,10000,10000
061023,茂林國泰9B購02  ,0,0,0,0,0,0,0,0,0,10000,0,0,0,14000,4000,10000,10000
059907,道瓊指元大99購03,0,0,0,0,0,0,0,0,0,10000,0,0,0,10000,0,10000,10000
059926,世紀鋼國泰9B購01,0,0,0,0,0,0,0,0,0,10000,0,0,0,10000,0,10000,10000
059997,華航元富99購01  ,0,0,0,0,0,0,0,0,0,10000,0,0,0,10000,0,10000,10000
060598,鴻海凱基9A購20  ,0,0,0,0,0,0,0,0,0,10000,0,0,0,10000,0,10000,10000
058372,欣興凱基99購03  ,0,0,0,0,0,0,0,0,0,10000,0,0,0,10000,0,10000,10000
058364,奇力新凱基99購04,0,0,0,0,0,0,0,0,0,10000,0,0,0,10000,0,10000,10000
058368,奇鋐凱基9A購01  ,0,0,0,0,0,0,0,0,0,10000,0,0,0,22000,12000,10000,10000
059206,元石油元大99購02,0,0,0,0,0,0,0,0,0,10000,0,0,0,10000,0,10000,10000
059147,矽創國票99購01  ,0,0,0,0,0,0,0,0,0,10000,0,0,0,10000,0,10000,10000
060214,茂林康和9A購01  ,0,0,0,0,0,0,0,0,0,10000,0,0,0,10000,0,10000,10000
058523,聯茂元大99購08  ,0,0,0,0,0,0,0,0,0,10000,0,0,0,20000,10000,10000,10000
058552,欣興永豐99購01  ,0,0,0,0,0,0,0,0,0,10000,0,0,0,10000,0,10000,10000
058568,宏達電凱基9A購02,0,0,0,0,0,0,0,0,0,10000,0,0,0,10000,0,10000,10000
061064,可成凱基9B購02  ,0,0,0,0,0,0,0,0,0,10000,0,0,0,10000,0,10000,10000
059568,台積電凱基9A購13,0,0,0,0,0,0,0,0,0,10000,0,0,0,10000,0,10000,10000
060524,國巨中信9A購03  ,0,0,0,0,0,0,0,0,0,10000,0,0,0,17000,7000,10000,10000
060528,友達中信9C購01  ,0,0,0,0,0,0,0,0,0,10000,0,0,0,50000,40000,10000,10000
059506,滬深2X永豐99購04,0,0,0,0,0,0,0,0,0,10000,0,0,0,10000,0,10000,10000
060436,巨大永豐9A購01  ,0,0,0,0,0,0,0,0,0,10000,0,0,0,10000,0,10000,10000
058971,台積電永豐99購03,0,0,0,0,0,0,0,0,0,10000,0,0,0,10000,0,10000,10000
059003,中壽元大99購01  ,0,0,0,0,0,0,0,0,0,10000,0,0,0,10000,0,10000,10000
058784,臺股指國票99購03,0,0,0,0,0,0,0,0,0,10000,0,0,0,10000,0,10000,10000
058785,臺股指國票99購04,0,0,0,0,0,0,0,0,0,10000,0,0,0,10000,0,10000,10000
058904,晶技元大99購05  ,0,0,0,0,0,0,0,0,0,10000,0,0,0,10000,0,10000,10000
061819,茂林群益9B購01  ,0,0,0,0,0,0,0,0,0,10000,0,0,0,204000,194000,10000,10000
061830,元金2X凱基01購01,0,0,0,0,0,0,0,0,0,10000,0,0,0,10000,0,10000,10000
061780,國巨群益9C購01  ,0,0,0,0,0,0,0,0,0,10000,0,0,0,10000,0,10000,10000
06169P,華新科元富97售02,0,0,0,0,0,0,0,0,0,10000,0,0,0,10000,0,10000,10000
061576,華新科元大9A購21,0,0,0,0,0,0,0,0,0,10000,0,0,0,10000,0,10000,10000
061520,健策中信9A購01  ,0,0,0,0,0,0,0,0,0,10000,0,0,0,12000,2000,10000,10000
061502,嘉澤國票9A購02  ,0,0,0,0,0,0,0,0,0,10000,0,0,0,15000,5000,10000,10000
061680,崇越元大9A購01  ,0,0,0,0,0,0,0,0,0,10000,0,0,0,10000,0,10000,10000
061233,國巨元大9A購17  ,0,0,0,0,0,0,0,0,0,10000,0,0,0,10000,0,10000,10000
061214,華擎元大9A購04  ,0,0,0,0,0,0,0,0,0,10000,0,0,0,10000,0,10000,10000
061240,華新科兆豐9A購01,0,0,0,0,0,0,0,0,0,10000,0,0,0,10000,0,10000,10000
061149,華通群益9A購05  ,0,0,0,0,0,0,0,0,0,10000,0,0,0,10000,0,10000,10000
061289,玉晶光統一01購03,0,0,0,0,0,0,0,0,0,10000,0,0,0,10000,0,10000,10000
061302,晶技永豐9A購04  ,0,0,0,0,0,0,0,0,0,10000,0,0,0,10000,0,10000,10000
061420,國巨元大9A購22  ,0,0,0,0,0,0,0,0,0,10000,0,0,0,10000,0,10000,10000
063978,美食兆豐9C購01  ,0,0,0,0,0,0,0,0,0,10000,0,0,0,10000,0,10000,10000
064277,可成元大9C購04  ,0,0,0,0,0,0,0,0,0,10000,0,0,0,47000,37000,10000,10000
064384,聯電富邦01購01  ,0,0,0,0,0,0,0,0,0,10000,0,0,0,10000,0,10000,10000
06380P,臺股指統一98售02,0,0,0,0,0,0,0,0,0,10000,0,0,0,10000,0,10000,10000
063743,道瓊反國票9C購02,0,0,0,0,0,0,0,0,0,10000,0,0,0,10000,0,10000,10000
062995,聚陽國票9C購01  ,0,0,0,0,0,0,0,0,0,10000,0,0,0,10000,0,10000,10000
063010,國巨元大9C購02  ,0,0,0,0,0,0,0,0,0,10000,0,0,0,10000,0,10000,10000
063245,富邦金元大9B購03,0,0,0,0,0,0,0,0,0,10000,0,0,0,10000,0,10000,10000
063256,鴻海國泰01購02  ,0,0,0,0,0,0,0,0,0,10000,0,0,0,14000,4000,10000,10000
063152,健策元富9C購01  ,0,0,0,0,0,0,0,0,0,10000,0,0,0,10000,0,10000,10000
063181,聚陽凱基9B購01  ,0,0,0,0,0,0,0,0,0,10000,0,0,0,10000,0,10000,10000
06285P,台積電國票98售04,0,0,0,0,0,0,0,0,0,10000,0,0,0,10000,0,10000,10000
062718,技嘉凱基9B購01  ,0,0,0,0,0,0,0,0,0,10000,0,0,0,80000,70000,10000,10000
062769,臺股指凱基9B購13,0,0,0,0,0,0,0,0,0,10000,0,0,0,10000,0,10000,10000
062671,國泰金中信03購01,0,0,0,0,0,0,0,0,0,10000,0,0,0,10000,0,10000,10000
062574,美食群益9B購02  ,0,0,0,0,0,0,0,0,0,10000,0,0,0,10000,0,10000,10000
062292,旭富永豐9B購01  ,0,0,0,0,0,0,0,0,0,10000,0,0,0,30000,20000,10000,10000
062424,聯發科統一9C購08,0,0,0,0,0,0,0,0,0,10000,0,0,0,10000,0,10000,10000
062378,台表科元大9C購01,0,0,0,0,0,0,0,0,0,10000,0,0,0,70000,60000,10000,10000
06204P,鴻海群益97售04  ,0,0,0,0,0,0,0,0,0,10000,0,0,0,10000,0,10000,10000
062182,華新科元大9B購07,0,0,0,0,0,0,0,0,0,10000,0,0,0,10000,0,10000,10000
062202,國巨國票9C購04  ,0,0,0,0,0,0,0,0,0,10000,0,0,0,13000,3000,10000,10000
062121,奇鋐台新9B購01  ,0,0,0,0,0,0,0,0,0,10000,0,0,0,10000,0,10000,10000
062100,矽格永豐9B購01  ,0,0,0,0,0,0,0,0,0,10000,0,0,0,69000,59000,10000,10000
4576,大銀微系統      ,17000,7000,10000,0,0,0,0,0,0,0,0,0,0,0,0,0,10000
065116,臺股指國票9C購13,0,0,0,0,0,0,0,0,0,9000,0,0,0,20000,11000,9000,9000
064688,國巨群益9C購11  ,0,0,0,0,0,0,0,0,0,9000,0,0,0,12000,3000,9000,9000
07641P,上銀凱基9A售05  ,0,0,0,0,0,0,0,0,0,9000,0,0,0,10000,1000,9000,9000
06706P,智原台新98售02  ,0,0,0,0,0,0,0,0,0,9000,0,0,0,9000,0,9000,9000
06712P,臺股指台新99售09,0,0,0,0,0,0,0,0,0,9000,0,0,0,11000,2000,9000,9000
08495P,同欣電元大9C售08,0,0,0,0,0,0,0,0,0,9000,0,0,0,20000,11000,9000,9000
08222P,南六凱基9B售05  ,0,0,0,0,0,0,0,0,0,9000,0,0,0,130000,121000,9000,9000
07805P,義隆永豐9A售02  ,0,0,0,0,0,0,0,0,0,9000,0,0,0,10000,1000,9000,9000
08196P,上銀元大9B售07  ,0,0,0,0,0,0,0,0,0,9000,0,0,0,9000,0,9000,9000
1419,新紡            ,29000,20000,9000,0,0,0,0,0,0,0,0,0,0,0,0,0,9000
1614,三洋電          ,46000,37000,9000,0,0,0,0,0,0,0,0,0,0,0,0,0,9000
056890,國巨元大98購11  ,0,0,0,0,0,0,0,0,0,9000,0,0,0,12000,3000,9000,9000
057188,佐登元大98購01  ,0,0,0,0,0,0,0,0,0,9000,0,0,0,9000,0,9000,9000
059704,聯發科凱基9A購08,0,0,0,0,0,0,0,0,0,9000,0,0,0,9000,0,9000,9000
055692,緯穎凱基97購03  ,0,0,0,0,0,0,0,0,0,9000,0,0,0,29000,20000,9000,9000
056089,同欣電統一98購01,0,0,0,0,0,0,0,0,0,9000,0,0,0,10000,1000,9000,9000
057398,台郡中信99購01  ,0,0,0,0,0,0,0,0,0,9000,0,0,0,9000,0,9000,9000
05414P,台表科國票96售02,0,0,0,0,0,0,0,0,0,9000,0,0,0,9000,0,9000,9000
051078,力山富邦97購01  ,0,0,0,0,0,0,0,0,0,9000,0,0,0,9000,0,9000,9000
051897,台光電國泰97購01,0,0,0,0,0,0,0,0,0,9000,0,0,0,9000,0,9000,9000
061409,力成國票9A購02  ,0,0,0,0,0,0,0,0,0,9000,0,0,0,9000,0,9000,9000
061364,國巨國票9A購09  ,0,0,0,0,0,0,0,0,0,9000,0,0,0,9000,0,9000,9000
061112,台表科元大9A購03,0,0,0,0,0,0,0,0,0,9000,0,0,0,10000,1000,9000,9000
061266,國泰金凱基9B購01,0,0,0,0,0,0,0,0,0,9000,0,0,0,10000,1000,9000,9000
061596,健策永豐9A購03  ,0,0,0,0,0,0,0,0,0,9000,0,0,0,67000,58000,9000,9000
058936,國喬中信99購01  ,0,0,0,0,0,0,0,0,0,9000,0,0,0,59000,50000,9000,9000
058766,力山兆豐99購01  ,0,0,0,0,0,0,0,0,0,9000,0,0,0,59000,50000,9000,9000
060489,世紀鋼群益9A購01,0,0,0,0,0,0,0,0,0,9000,0,0,0,9000,0,9000,9000
060732,玉晶光群益9C購02,0,0,0,0,0,0,0,0,0,9000,0,0,0,43000,34000,9000,9000
058574,台積電群益99購03,0,0,0,0,0,0,0,0,0,9000,0,0,0,10000,1000,9000,9000
057684,聯茂日盛99購01  ,0,0,0,0,0,0,0,0,0,9000,0,0,0,9000,0,9000,9000
059146,貿聯國票9A購02  ,0,0,0,0,0,0,0,0,0,9000,0,0,0,24000,15000,9000,9000
059157,元石油凱基9C購01,0,0,0,0,0,0,0,0,0,9000,0,0,0,9000,0,9000,9000
060608,玉晶光凱基9A購08,0,0,0,0,0,0,0,0,0,9000,0,0,0,22000,13000,9000,9000
060635,義隆永豐9A購01  ,0,0,0,0,0,0,0,0,0,9000,0,0,0,9000,0,9000,9000
060888,金像電統一9C購01,0,0,0,0,0,0,0,0,0,9000,0,0,0,10000,1000,9000,9000
057940,和大國票99購01  ,0,0,0,0,0,0,0,0,0,9000,0,0,0,10000,1000,9000,9000
057927,勤誠凱基98購01  ,0,0,0,0,0,0,0,0,0,9000,0,0,0,15000,6000,9000,9000
058730,玉晶光永豐9A購01,0,0,0,0,0,0,0,0,0,9000,0,0,0,11000,2000,9000,9000
060299,友訊國泰9B購01  ,0,0,0,0,0,0,0,0,0,9000,0,0,0,25000,16000,9000,9000
060350,元黃金元富9B購01,0,0,0,0,0,0,0,0,0,9000,0,0,0,10000,1000,9000,9000
058483,道瓊指國票9A購01,0,0,0,0,0,0,0,0,0,9000,0,0,0,10000,1000,9000,9000
062200,臺指反國票03購01,0,0,0,0,0,0,0,0,0,9000,0,0,0,20000,11000,9000,9000
062298,國巨第一9B購01  ,0,0,0,0,0,0,0,0,0,9000,0,0,0,9000,0,9000,9000
062260,華新科元大9B購09,0,0,0,0,0,0,0,0,0,9000,0,0,0,9000,0,9000,9000
062338,鴻海麥證9B購01  ,0,0,0,9000,0,9000,0,0,0,9000,0,0,0,9000,0,9000,9000
062618,祥碩元大9B購04  ,0,0,0,0,0,0,0,0,0,9000,0,0,0,10000,1000,9000,9000
062846,國泰金富邦9C購01,0,0,0,0,0,0,0,0,0,9000,0,0,0,9000,0,9000,9000
062804,玉晶光統一9C購04,0,0,0,0,0,0,0,0,0,9000,0,0,0,235000,226000,9000,9000
062813,台積電兆豐9B購01,0,0,0,0,0,0,0,0,0,9000,0,0,0,9000,0,9000,9000
062948,台積電富邦01購02,0,0,0,0,0,0,0,0,0,9000,0,0,0,10000,1000,9000,9000
063117,聯茂麥證9B購01  ,0,0,0,29000,19000,10000,0,0,0,9000,0,0,0,29000,20000,9000,9000
063853,同欣電元大9C購02,0,0,0,0,0,0,0,0,0,9000,0,0,0,9000,0,9000,9000
063398,信邦群益9B購02  ,0,0,0,0,0,0,0,0,0,9000,0,0,0,100000,91000,9000,9000
063475,同欣電元大9C購01,0,0,0,0,0,0,0,0,0,9000,0,0,0,208000,199000,9000,9000
063450,華新科統一02購01,0,0,0,0,0,0,0,0,0,9000,0,0,0,60000,51000,9000,9000
6172,互億            ,9000,0,9000,0,0,0,0,0,0,0,0,0,0,0,0,0,9000
1466,聚隆            ,3000,0,3000,0,0,0,0,0,0,5000,5000,0,5000,0,0,0,8000
3543,州巧            ,14000,6000,8000,0,0,0,0,0,0,0,0,0,0,0,0,0,8000
2881B,富邦金乙特      ,0,0,0,0,0,0,0,0,0,8000,8000,0,8000,0,0,0,8000
08053P,臺股指國票9B售18,0,0,0,0,0,0,0,0,0,8000,0,0,0,53000,45000,8000,8000
08097P,嘉澤永豐9B售03  ,0,0,0,0,0,0,0,0,0,8000,0,0,0,8000,0,8000,8000
07855P,旺宏凱基9A售09  ,0,0,0,0,0,0,0,0,0,8000,0,0,0,15000,7000,8000,8000
08403P,上銀元大9C售07  ,0,0,0,0,0,0,0,0,0,8000,0,0,0,8000,0,8000,8000
07050P,宏達電中信9B售01,0,0,0,0,0,0,0,0,0,8000,0,0,0,30000,22000,8000,8000
07045P,上銀國票9A售01  ,0,0,0,0,0,0,0,0,0,8000,0,0,0,8000,0,8000,8000
06843P,鴻海元大98售11  ,0,0,0,0,0,0,0,0,0,8000,0,0,0,8000,0,8000,8000
07358P,鴻海元大99售39  ,0,0,0,0,0,0,0,0,0,8000,0,0,0,28000,20000,8000,8000
064694,玉晶光群益02購02,0,0,0,0,0,0,0,0,0,8000,0,0,0,25000,17000,8000,8000
064631,臺股指元大9C購17,0,0,0,0,0,0,0,0,0,8000,0,0,0,10000,2000,8000,8000
064567,晶技群益01購01  ,0,0,0,0,0,0,0,0,0,8000,0,0,0,60000,52000,8000,8000
065073,亞德客元大01購02,0,0,0,0,0,0,0,0,0,8000,0,0,0,8000,0,8000,8000
065101,力成元大9C購05  ,0,0,0,0,0,0,0,0,0,8000,0,0,0,60000,52000,8000,8000
051744,嘉聯益國票97購01,0,0,0,0,0,0,0,0,0,8000,0,0,0,8000,0,8000,8000
052505,友達日盛9B購02  ,0,0,0,0,0,0,0,0,0,8000,0,0,0,8000,0,8000,8000
054158,國巨日盛99購01  ,0,0,0,0,0,0,0,0,0,8000,0,0,0,45000,37000,8000,8000
054297,台郡元大98購01  ,0,0,0,0,0,0,0,0,0,8000,0,0,0,20000,12000,8000,8000
054891,聯鈞統一99購02  ,0,0,0,0,0,0,0,0,0,8000,0,0,0,8000,0,8000,8000
056723,國巨中信9A購01  ,0,0,0,0,0,0,0,0,0,8000,0,0,0,8000,0,8000,8000
059765,嘉聯益永豐99購02,0,0,0,0,0,0,0,0,0,8000,0,0,0,175000,167000,8000,8000
059807,大立光元富99購09,0,17000,-17000,0,0,0,0,0,0,25000,0,0,0,43000,18000,25000,8000
060083,和大元大99購02  ,0,0,0,0,0,0,0,0,0,8000,0,0,0,19000,11000,8000,8000
058198,瑞昱亞東99購01  ,0,0,0,0,0,0,0,0,0,8000,0,0,0,12000,4000,8000,8000
05712P,友達統一97售03  ,0,0,0,0,0,0,0,0,0,8000,0,0,0,18000,10000,8000,8000
056467,上証2X元大98購02,0,0,0,0,0,0,0,0,0,8000,0,0,0,8000,0,8000,8000
057571,泰碩永豐98購01  ,0,0,0,0,0,0,0,0,0,8000,0,0,0,10000,2000,8000,8000
057530,奇鋐元大99購01  ,0,0,0,0,0,0,0,0,0,8000,0,0,0,50000,42000,8000,8000
057795,鴻海兆豐99購02  ,0,0,0,0,0,0,0,0,0,8000,0,0,0,8000,0,8000,8000
060659,鴻海凱基9B購03  ,0,0,0,0,0,0,0,0,0,8000,0,0,0,8000,0,8000,8000
058348,台表科群益99購01,0,0,0,0,0,0,0,0,0,8000,0,0,0,8000,0,8000,8000
058344,旺宏群益99購05  ,0,0,0,0,0,0,0,0,0,8000,0,0,0,10000,2000,8000,8000
060746,玉晶光國票9B購02,0,0,0,0,0,0,0,0,0,8000,0,0,0,8000,0,8000,8000
060759,南亞科元大9A購03,0,0,0,0,0,0,0,0,0,8000,0,0,0,10000,2000,8000,8000
061689,國巨群益9A購12  ,0,0,0,0,0,0,0,0,0,8000,0,0,0,24000,16000,8000,8000
061720,智邦國泰9C購01  ,0,0,0,0,0,0,0,0,0,8000,0,0,0,178000,170000,8000,8000
061273,臺股指凱基9A購23,0,0,0,0,0,0,0,0,0,8000,0,0,0,10000,2000,8000,8000
061357,寶成元大9A購01  ,0,0,0,0,0,0,0,0,0,8000,0,0,0,46000,38000,8000,8000
061446,鴻海中信04購01  ,0,0,0,0,0,0,0,0,0,8000,0,0,0,20000,12000,8000,8000
061433,華通麥證9A購03  ,0,0,0,8000,0,8000,0,0,0,8000,0,0,0,8000,0,8000,8000
061426,玉晶光元大9A購15,0,0,0,0,0,0,0,0,0,8000,0,0,0,8000,0,8000,8000
063559,力山元大9B購04  ,0,0,0,0,0,0,0,0,0,8000,0,0,0,67000,59000,8000,8000
063708,上銀凱基9B購06  ,0,0,0,0,0,0,0,0,0,8000,0,0,0,8000,0,8000,8000
063685,鴻海永豐9B購03  ,0,0,0,0,0,0,0,0,0,8000,0,0,0,8000,0,8000,8000
064486,聚陽元大9C購01  ,0,0,0,0,0,0,0,0,0,8000,0,0,0,8000,0,8000,8000
063965,漢唐國票01購01  ,0,0,0,0,0,0,0,0,0,8000,0,0,0,8000,0,8000,8000
064181,景碩富邦9C購01  ,0,0,0,0,0,0,0,0,0,8000,0,0,0,8000,0,8000,8000
064119,上銀元大9C購06  ,0,0,0,0,0,0,0,0,0,8000,0,0,0,44000,36000,8000,8000
063192,技嘉台新9B購01  ,0,0,0,0,0,0,0,0,0,8000,0,0,0,17000,9000,8000,8000
062842,臺股指群益9B購09,0,0,0,0,0,0,0,0,0,8000,0,0,0,15000,7000,8000,8000
062741,立積國票9B購02  ,0,0,0,0,0,0,0,0,0,8000,0,0,0,8000,0,8000,8000
062349,新日興群益9B購02,0,0,0,0,0,0,0,0,0,8000,0,0,0,50000,42000,8000,8000
5434,崇越            ,289000,460000,-171000,0,0,0,174000,0,174000,5000,5000,0,5000,0,0,0,8000
5546,永固-KY         ,10000,2000,8000,0,0,0,0,0,0,0,0,0,0,0,0,0,8000
064602,玉晶光元富9C購03,0,0,0,0,0,0,0,0,0,7000,0,0,0,7000,0,7000,7000
064701,巨大群益9C購02  ,0,0,0,0,0,0,0,0,0,7000,0,0,0,7000,0,7000,7000
07077P,緯穎凱基99售01  ,0,0,0,0,0,0,0,0,0,7000,0,0,0,7000,0,7000,7000
07198P,臺股指元大99售14,0,0,0,0,0,0,0,0,0,7000,0,0,0,44000,37000,7000,7000
07059P,華通國票9A售02  ,0,0,0,0,0,0,0,0,0,7000,0,0,0,59000,52000,7000,7000
06971P,台光電元大99售03,0,0,0,0,0,0,0,0,0,7000,0,0,0,7000,0,7000,7000
06581P,南亞科凱基98售04,0,0,0,0,0,0,0,0,0,7000,0,0,0,17000,10000,7000,7000
08366P,祥碩凱基9C售04  ,0,0,0,0,0,0,0,0,0,7000,0,0,0,75000,68000,7000,7000
2704,國賓            ,19000,12000,7000,0,0,0,0,0,0,0,0,0,0,0,0,0,7000
1506,正道            ,19000,12000,7000,0,0,0,0,0,0,0,0,0,0,0,0,0,7000
055589,台光電元大98購04,0,0,0,0,0,0,0,0,0,7000,0,0,0,11000,4000,7000,7000
057239,貿聯凱基98購05  ,0,0,0,0,0,0,0,0,0,7000,0,0,0,37000,30000,7000,7000
058215,貿聯群益99購02  ,0,0,0,0,0,0,0,0,0,7000,0,0,0,7000,0,7000,7000
060034,立積永豐99購04  ,0,0,0,0,0,0,0,0,0,7000,0,0,0,56000,49000,7000,7000
055824,臺股指國票97購11,0,0,0,0,0,0,0,0,0,7000,0,0,0,7000,0,7000,7000
056843,冠德元富98購01  ,0,0,0,0,0,0,0,0,0,7000,0,0,0,7000,0,7000,7000
056783,國巨群益99購01  ,0,0,0,0,0,0,0,0,0,7000,0,0,0,428000,421000,7000,7000
057300,訊連永豐98購01  ,0,0,0,0,0,0,0,0,0,7000,0,0,0,7000,0,7000,7000
03421B,臺股指元大99熊01,0,0,0,0,0,0,0,0,0,7000,0,0,0,8000,1000,7000,7000
03675C,臺股指元大04牛02,0,0,0,0,0,0,0,0,0,7000,0,0,0,7000,0,7000,7000
00684R,元大美元指數反1 ,0,0,0,0,0,0,0,0,0,7000,0,0,0,27000,20000,7000,7000
061452,大成鋼凱基9A購01,0,0,0,0,0,0,0,0,0,7000,0,0,0,7000,0,7000,7000
061439,寶成凱基9A購01  ,0,0,0,0,0,0,0,0,0,7000,0,0,0,15000,8000,7000,7000
061786,義隆群益9B購01  ,0,0,0,0,0,0,0,0,0,7000,0,0,0,7000,0,7000,7000
061852,大立光國票9B購02,0,0,0,0,0,0,0,0,0,7000,0,0,0,11000,4000,7000,7000
061048,國巨中信9A購05  ,0,0,0,0,0,0,0,0,0,7000,0,0,0,7000,0,7000,7000
058746,華通凱基9A購02  ,0,0,0,0,0,0,0,0,0,7000,0,0,0,7000,0,7000,7000
058956,健策國票9A購02  ,0,0,0,0,0,0,0,0,0,7000,0,0,0,7000,0,7000,7000
058360,台光電凱基9A購02,0,0,0,0,0,0,0,0,0,7000,0,0,0,7000,0,7000,7000
060676,京元電元大9A購03,0,0,0,0,0,0,0,0,0,7000,0,0,0,47000,40000,7000,7000
058296,明泰凱基99購01  ,0,0,0,0,0,0,0,0,0,7000,0,0,0,7000,0,7000,7000
059213,國巨元大99購19  ,0,0,0,0,0,0,0,0,0,7000,0,0,0,19000,12000,7000,7000
061007,聯詠兆豐9A購01  ,0,0,0,0,0,0,0,0,0,7000,0,0,0,17000,10000,7000,7000
060010,義隆群益99購02  ,0,0,0,0,0,0,0,0,0,7000,0,0,0,7000,0,7000,7000
059985,華新科元大99購22,0,0,0,0,0,0,0,0,0,7000,0,0,0,8000,1000,7000,7000
059914,台積電元大99購47,0,0,0,0,0,0,0,0,0,7000,0,0,0,8000,1000,7000,7000
058080,台積電群益98購06,0,0,0,0,0,0,0,0,0,7000,0,0,0,8000,1000,7000,7000
058512,宏達電元大99購04,0,0,0,0,0,0,0,0,0,7000,0,0,0,95000,88000,7000,7000
059288,旺宏元富99購03  ,0,0,0,0,0,0,0,0,0,7000,0,0,0,32000,25000,7000,7000
058649,健策永豐99購01  ,0,0,0,0,0,0,0,0,0,7000,0,0,0,7000,0,7000,7000
062499,鴻海群益01購01  ,0,0,0,0,0,0,0,0,0,7000,0,0,0,9000,2000,7000,7000
062252,華邦電元大9C購01,0,0,0,0,0,0,0,0,0,7000,0,0,0,57000,50000,7000,7000
061881,緯穎元大9B購02  ,0,0,0,0,0,0,0,0,0,7000,0,0,0,75000,68000,7000,7000
062736,漢唐國票9B購01  ,0,0,0,0,0,0,0,0,0,7000,0,0,0,7000,0,7000,7000
062609,帆宣凱基9B購01  ,0,0,0,0,0,0,0,0,0,7000,0,0,0,7000,0,7000,7000
062940,華新科凱基9C購02,0,0,0,0,0,0,0,0,0,7000,0,0,0,10000,3000,7000,7000
063135,國巨統一9B購16  ,0,0,0,0,0,0,0,0,0,7000,0,0,0,136000,129000,7000,7000
064541,元黃金凱基01購02,0,0,0,0,0,0,0,0,0,7000,0,0,0,7000,0,7000,7000
064254,景碩台新9C購02  ,0,0,0,0,0,0,0,0,0,7000,0,0,0,153000,146000,7000,7000
063702,聯發科群益9C購04,0,0,0,0,0,0,0,0,0,7000,0,0,0,8000,1000,7000,7000
063484,達方元大9B購01  ,0,0,0,0,0,0,0,0,0,7000,0,0,0,215000,208000,7000,7000
063511,南電群益9B購02  ,0,0,0,0,0,0,0,0,0,7000,0,0,0,13000,6000,7000,7000
06328P,台積電中信01售02,0,0,0,0,0,0,0,0,0,7000,0,0,0,27000,20000,7000,7000
1539,巨庭            ,6000,0,6000,0,0,0,0,0,0,0,0,0,0,0,0,0,6000
08314P,國巨元大9C售14  ,0,0,0,0,0,0,0,0,0,6000,0,0,0,6000,0,6000,6000
08293P,國巨元大9C售13  ,0,0,0,0,0,0,0,0,0,6000,0,0,0,6000,0,6000,6000
07798P,同欣電國票9A售01,0,0,0,0,0,0,0,0,0,6000,0,0,0,6000,0,6000,6000
08110P,臺股指中信01售05,0,0,0,0,0,0,0,0,0,6000,0,0,0,106000,100000,6000,6000
06633P,國巨國票99售01  ,0,0,0,0,0,0,0,0,0,6000,0,0,0,6000,0,6000,6000
06988P,鴻海元富99售09  ,0,0,0,0,0,0,0,0,0,6000,0,0,0,10000,4000,6000,6000
06826P,臺股指國票98售02,0,0,0,0,0,0,0,0,0,6000,0,0,0,16000,10000,6000,6000
07363P,大立光元大99售26,0,0,0,0,0,0,0,0,0,6000,0,0,0,6000,0,6000,6000
07730P,臺股指凱基9A售22,0,0,0,0,0,0,0,0,0,6000,0,0,0,6000,0,6000,6000
064600,技嘉元富9C購01  ,0,0,0,0,0,0,0,0,0,6000,0,0,0,6000,0,6000,6000
064839,旭富統一9C購01  ,0,0,0,0,0,0,0,0,0,6000,0,0,0,14000,8000,6000,6000
065123,台灣50永豐9C購02,0,0,0,0,0,0,0,0,0,6000,0,0,0,6000,0,6000,6000
065173,可成元大9C購10  ,0,0,0,0,0,0,0,0,0,6000,0,0,0,7000,1000,6000,6000
06517P,國巨凱基98售09  ,0,0,0,0,0,0,0,0,0,6000,0,0,0,6000,0,6000,6000
065055,臺股指凱基02購04,0,0,0,0,0,0,0,0,0,6000,0,0,0,25000,19000,6000,6000
064944,亞德客凱基9C購03,0,0,0,0,0,0,0,0,0,6000,0,0,0,6000,0,6000,6000
053058,台光電永昌99購01,0,0,0,0,0,0,0,0,0,6000,0,0,0,6000,0,6000,6000
049024,玉晶光群益97購01,0,0,0,0,0,0,0,0,0,6000,0,0,0,10000,4000,6000,6000
047689,瑞昱富邦97購01  ,0,0,0,0,0,0,0,0,0,6000,0,0,0,6000,0,6000,6000
053461,台郡永昌99購01  ,0,0,0,0,0,0,0,0,0,6000,0,0,0,12000,6000,6000,6000
053474,聯發科元大97購06,0,0,0,0,0,0,0,0,0,6000,0,0,0,6000,0,6000,6000
054872,瀚宇博群益98購01,0,0,0,0,0,0,0,0,0,6000,0,0,0,106000,100000,6000,6000
054743,聯鈞凱基99購01  ,0,0,0,0,0,0,0,0,0,6000,0,0,0,10000,4000,6000,6000
054269,台光電亞東98購01,0,0,0,0,0,0,0,0,0,6000,0,0,0,6000,0,6000,6000
054516,國巨元大97購02  ,0,0,0,0,0,0,0,0,0,6000,0,0,0,6000,0,6000,6000
053913,華新國票97購01  ,0,0,0,0,0,0,0,0,0,6000,0,0,0,51000,45000,6000,6000
054066,緯穎國票97購03  ,0,0,0,0,0,0,0,0,0,6000,0,0,0,6000,0,6000,6000
056720,世紀鋼永豐98購01,0,0,0,0,0,0,0,0,0,6000,0,0,0,6000,0,6000,6000
056295,國巨元大97購16  ,0,0,0,0,0,0,0,0,0,6000,0,0,0,6000,0,6000,6000
056165,矽力凱基98購02  ,0,0,0,0,0,0,0,0,0,6000,0,0,0,6000,0,6000,6000
059044,聯電日盛99購02  ,0,0,0,0,0,0,0,0,0,6000,0,0,0,6000,0,6000,6000
059795,鴻海國票99購07  ,0,0,0,0,0,0,0,0,0,6000,0,0,0,8000,2000,6000,6000
059790,立積元大9C購02  ,0,0,0,0,0,0,0,0,0,6000,0,0,0,6000,0,6000,6000
059760,楠梓電永豐99購01,0,0,0,0,0,0,0,0,0,6000,0,0,0,79000,73000,6000,6000
057438,禾伸堂國票99購01,0,0,0,0,0,0,0,0,0,6000,0,0,0,42000,36000,6000,6000
058697,亞德客元大99購01,0,0,0,0,0,0,0,0,0,6000,0,0,0,8000,2000,6000,6000
058698,華通元大99購05  ,0,0,0,0,0,0,0,0,0,6000,0,0,0,6000,0,6000,6000
060351,滬深2X元富9A購01,0,0,0,0,0,0,0,0,0,6000,0,0,0,23000,17000,6000,6000
060259,潤泰全凱基9C購01,0,0,0,0,0,0,0,0,0,6000,0,0,0,10000,4000,6000,6000
059868,台光電凱基99購03,0,0,0,0,0,0,0,0,0,6000,0,0,0,6000,0,6000,6000
060819,國巨統一9C購04  ,0,0,0,0,0,0,0,0,0,6000,0,0,0,6000,0,6000,6000
060840,可成國票9B購01  ,0,0,0,0,0,0,0,0,0,6000,0,0,0,6000,0,6000,6000
059129,麗豐中信99購01  ,0,0,0,0,0,0,0,0,0,6000,0,0,0,26000,20000,6000,6000
060182,旺宏元富9A購01  ,0,0,0,0,0,0,0,0,0,6000,0,0,0,33000,27000,6000,6000
058777,台光電國票9A購01,0,0,0,0,0,0,0,0,0,6000,0,0,0,6000,0,6000,6000
058849,奇力新群益99購02,0,0,0,0,0,0,0,0,0,6000,0,0,0,6000,0,6000,6000
060398,立積國票9B購01  ,0,0,0,0,0,0,0,0,0,6000,0,0,0,6000,0,6000,6000
058558,鴻海日盛9A購02  ,0,0,0,0,0,0,0,0,0,6000,0,0,0,22000,16000,6000,6000
060758,台積電元大9A購19,0,0,0,0,0,0,0,0,0,6000,0,0,0,16000,10000,6000,6000
061644,健策元大9C購02  ,0,0,0,0,0,0,0,0,0,6000,0,0,0,82000,76000,6000,6000
061601,台積電凱基9A購26,0,0,0,0,0,0,0,0,0,6000,0,0,0,6000,0,6000,6000
061571,奇力新元大9A購03,0,0,0,0,0,0,0,0,0,6000,0,0,0,16000,10000,6000,6000
061548,聯詠群益9A購02  ,0,0,0,0,0,0,0,0,0,6000,0,0,0,10000,4000,6000,6000
061447,鴻海中信04購02  ,0,0,0,0,0,0,0,0,0,6000,0,0,0,6000,0,6000,6000
061468,神達群益9A購01  ,0,0,0,0,0,0,0,0,0,6000,0,0,0,6000,0,6000,6000
061496,華新科國票9A購07,0,0,0,0,0,0,0,0,0,6000,0,0,0,26000,20000,6000,6000
061287,大立光統一9B購06,0,0,0,0,0,0,0,0,0,6000,0,0,0,6000,0,6000,6000
061083,京元電兆豐9A購01,0,0,0,0,0,0,0,0,0,6000,0,0,0,6000,0,6000,6000
063329,健策國票9C購01  ,0,0,0,0,0,0,0,0,0,6000,0,0,0,6000,0,6000,6000
063413,台積電麥證01購01,0,0,0,81000,75000,6000,0,0,0,6000,0,0,0,81000,75000,6000,6000
06366P,鴻海凱基97售10  ,0,0,0,0,0,0,0,0,0,6000,0,0,0,6000,0,6000,6000
063777,儒鴻永豐9B購02  ,0,0,0,0,0,0,0,0,0,6000,0,0,0,6000,0,6000,6000
064153,中壽統一9C購01  ,0,0,0,0,0,0,0,0,0,6000,0,0,0,6000,0,6000,6000
063927,奇力新統一02購01,0,0,0,0,0,0,0,0,0,6000,0,0,0,6000,0,6000,6000
063951,新日興元大9C購01,0,0,0,0,0,0,0,0,0,6000,0,0,0,142000,136000,6000,6000
063233,國巨元大9B購19  ,0,0,0,0,0,0,0,0,0,6000,0,0,0,56000,50000,6000,6000
06260P,臺股指群益97售13,0,0,0,0,0,0,0,0,0,6000,0,0,0,26000,20000,6000,6000
062763,華擎凱基9C購02  ,0,0,0,0,0,0,0,0,0,6000,0,0,0,6000,0,6000,6000
062003,國巨國泰01購01  ,0,0,0,0,0,0,0,0,0,6000,0,0,0,21000,15000,6000,6000
062197,聯發科中信01購03,0,0,0,0,0,0,0,0,0,6000,0,0,0,16000,10000,6000,6000
062057,華邦電統一01購01,0,0,0,0,0,0,0,0,0,6000,0,0,0,108000,102000,6000,6000
062068,滬深2X元大9B購02,0,0,0,0,0,0,0,0,0,6000,0,0,0,6000,0,6000,6000
062572,元金反群益9C購01,0,0,0,0,0,0,0,0,0,6000,0,0,0,6000,0,6000,6000
062264,南六元大9B購02  ,0,0,0,0,0,0,0,0,0,6000,0,0,0,78000,72000,6000,6000
4571,鈞興-KY         ,8000,2000,6000,0,0,0,0,0,0,0,0,0,0,0,0,0,6000
6464,台數科          ,3000,0,3000,0,0,0,0,0,0,3000,3000,0,3000,0,0,0,6000
9906,欣巴巴          ,11000,5000,6000,0,0,0,0,0,0,0,0,0,0,0,0,0,6000
8367,建新國際        ,7000,1000,6000,0,0,0,0,0,0,0,0,0,0,0,0,0,6000
8103,瀚荃            ,73000,67000,6000,0,0,0,0,0,0,0,0,0,0,0,0,0,6000
6541,泰福-KY         ,64478,59000,5478,0,0,0,0,0,0,0,0,0,0,0,0,0,5478
064942,道瓊反凱基02購01,0,0,0,0,0,0,0,0,0,5000,0,0,0,5000,0,5000,5000
064975,南亞科元大9C購07,0,0,0,0,0,0,0,0,0,5000,0,0,0,5000,0,5000,5000
065066,南電群益9C購02  ,0,0,0,0,0,0,0,0,0,5000,0,0,0,11000,6000,5000,5000
064812,旭富元大9C購04  ,0,0,0,0,0,0,0,0,0,5000,0,0,0,17000,12000,5000,5000
064609,滬深2X元大9C購12,0,0,0,0,0,0,0,0,0,5000,0,0,0,5000,0,5000,5000
07318P,鴻海凱基01售02  ,0,0,0,0,0,0,0,0,0,5000,0,0,0,5000,0,5000,5000
07251P,台灣50元富01售04,0,0,0,0,0,0,0,0,0,5000,0,0,0,5000,0,5000,5000
07196P,大立光元大99售13,0,0,0,0,0,0,0,0,0,5000,0,0,0,5000,0,5000,5000
06898P,FBVIX群益9C售03 ,0,0,0,0,0,0,0,0,0,5000,0,0,0,5000,0,5000,5000
07046P,大立光富邦9C售03,0,0,0,0,0,0,0,0,0,5000,0,0,0,5000,0,5000,5000
06692P,瑞昱凱基98售03  ,0,0,0,0,0,0,0,0,0,5000,0,0,0,5000,0,5000,5000
06752P,訊芯凱基98售05  ,0,0,0,0,0,0,0,0,0,5000,0,0,0,5000,0,5000,5000
06591P,大立光元大98售14,0,0,0,0,0,0,0,0,0,5000,0,0,0,5000,0,5000,5000
06624P,訊芯元大98售06  ,0,0,0,0,0,0,0,0,0,5000,0,0,0,5000,0,5000,5000
06549P,大立光元大98售11,0,0,0,0,0,0,0,0,0,5000,0,0,0,5000,0,5000,5000
06527P,T50正2富邦9C售01,0,0,0,0,0,0,0,0,0,5000,0,0,0,10000,5000,5000,5000
08055P,臺股指國票9B售20,0,0,0,0,0,0,0,0,0,5000,0,0,0,10000,5000,5000,5000
07832P,台積電群益9A售08,0,0,0,0,0,0,0,0,0,5000,0,0,0,5000,0,5000,5000
1721,三晃            ,9000,4000,5000,0,0,0,0,0,0,0,0,0,0,0,0,0,5000
1732,毛寶            ,77000,70000,7000,0,0,0,0,0,0,-2000,0,2000,-2000,0,0,0,5000
1806,冠軍            ,27000,22000,5000,0,0,0,0,0,0,0,0,0,0,0,0,0,5000
1414,東和            ,113000,108000,5000,0,0,0,0,0,0,0,0,0,0,0,0,0,5000
2887E,台新戊特        ,0,0,0,0,0,0,0,0,0,5000,5000,0,5000,0,0,0,5000
3058,立德            ,10000,5000,5000,0,0,0,0,0,0,0,0,0,0,0,0,0,5000
3686,達能            ,7000,2000,5000,0,0,0,0,0,0,0,0,0,0,0,0,0,5000
3617,碩天            ,33000,28000,5000,0,0,0,0,0,0,0,0,0,0,0,0,0,5000
057478,智邦元大99購01  ,0,0,0,0,0,0,0,0,0,5000,0,0,0,5000,0,5000,5000
056426,上証2X凱基9A購01,0,0,0,0,0,0,0,0,0,5000,0,0,0,5000,0,5000,5000
05711P,茂林國票97售03  ,0,0,0,0,0,0,0,0,0,5000,0,0,0,5000,0,5000,5000
056904,大立光元大99購05,0,0,0,0,0,0,0,0,0,5000,0,0,0,5000,0,5000,5000
056945,鴻海統一98購12  ,0,0,0,0,0,0,0,0,0,5000,0,0,0,6000,1000,5000,5000
055611,燿華國票98購02  ,0,0,0,0,0,0,0,0,0,5000,0,0,0,5000,0,5000,5000
055443,台虹國票98購01  ,0,0,0,0,0,0,0,0,0,5000,0,0,0,5000,0,5000,5000
056456,群創凱基9B購01  ,0,0,0,0,0,0,0,0,0,5000,0,0,0,330000,325000,5000,5000
056560,旺宏群益98購03  ,0,0,0,0,0,0,0,0,0,5000,0,0,0,5000,0,5000,5000
056524,欣興中信98購02  ,0,0,0,0,0,0,0,0,0,5000,0,0,0,5000,0,5000,5000
059788,華新科元大9A購05,0,0,0,0,0,0,0,0,0,5000,0,0,0,12000,7000,5000,5000
059643,日月光凱基99購02,0,0,0,0,0,0,0,0,0,5000,0,0,0,30000,25000,5000,5000
058185,國巨永豐99購01  ,0,0,0,0,0,0,0,0,0,5000,0,0,0,20000,15000,5000,5000
055935,創意群益97購02  ,0,0,0,0,0,0,0,0,0,5000,0,0,0,5000,0,5000,5000
055359,超眾凱基97購01  ,0,0,0,0,0,0,0,0,0,5000,0,0,0,5000,0,5000,5000
054664,台表科元大97購04,0,0,0,0,0,0,0,0,0,5000,0,0,0,15000,10000,5000,5000
054593,滬深2X永昌9A購01,0,0,0,0,0,0,0,0,0,5000,0,0,0,5000,0,5000,5000
054896,聯茂日盛97購01  ,0,0,0,0,0,0,0,0,0,5000,0,0,0,5000,0,5000,5000
056350,上銀元大98購02  ,0,0,0,0,0,0,0,0,0,5000,0,0,0,5000,0,5000,5000
056331,聯鈞國票99購01  ,0,0,0,0,0,0,0,0,0,5000,0,0,0,5000,0,5000,5000
057411,臺股指群益99購05,0,0,0,0,0,0,0,0,0,5000,0,0,0,5000,0,5000,5000
053236,群創永豐97購02  ,0,0,0,0,0,0,0,0,0,5000,0,0,0,5000,0,5000,5000
045053,聯發科元富98購01,0,0,0,0,0,0,0,0,0,5000,0,0,0,5000,0,5000,5000
050786,健策國泰96購01  ,0,0,0,0,0,0,0,0,0,5000,0,0,0,5000,0,5000,5000
051269,康友富邦97購01  ,0,0,0,0,0,0,0,0,0,5000,0,0,0,5000,0,5000,5000
03687C,臺股指凱基9C牛22,100000,0,100000,0,0,0,0,0,0,-95000,0,0,0,14000,109000,-95000,5000
052990,超眾元大97購01  ,0,0,0,0,0,0,0,0,0,5000,0,0,0,5000,0,5000,5000
052475,滬深2X群益99購06,0,0,0,0,0,0,0,0,0,5000,0,0,0,5000,0,5000,5000
052640,台表科凱基97購01,0,0,0,0,0,0,0,0,0,5000,0,0,0,5000,0,5000,5000
052659,上証2X國票99購01,0,0,0,0,0,0,0,0,0,5000,0,0,0,5000,0,5000,5000
052606,聯發科元大97購04,0,0,0,0,0,0,0,0,0,5000,0,0,0,5000,0,5000,5000
061118,GIS富邦9A購01   ,0,0,0,0,0,0,0,0,0,5000,0,0,0,5000,0,5000,5000
06114P,台積電統一97售03,0,0,0,0,0,0,0,0,0,5000,0,0,0,5000,0,5000,5000
061135,聯發科統一9C購03,0,0,0,0,0,0,0,0,0,5000,0,0,0,5000,0,5000,5000
061274,臺股指凱基9A購24,0,0,0,0,0,0,0,0,0,5000,0,0,0,5000,0,5000,5000
061264,全新凱基9B購01  ,0,0,0,0,0,0,0,0,0,5000,0,0,0,5000,0,5000,5000
061256,亞德客凱基9B購01,0,0,0,0,0,0,0,0,0,5000,0,0,0,10000,5000,5000,5000
061206,旺宏元大9A購12  ,0,0,0,0,0,0,0,0,0,5000,0,0,0,5000,0,5000,5000
061175,台積電凱基9A購19,0,0,0,0,0,0,0,0,0,5000,0,0,0,24000,19000,5000,5000
061178,晶技凱基9B購01  ,0,0,0,0,0,0,0,0,0,5000,0,0,0,5000,0,5000,5000
06143P,鴻海永豐97售02  ,0,0,0,0,0,0,0,0,0,5000,0,0,0,5000,0,5000,5000
061555,聯電國票9B購01  ,0,0,0,0,0,0,0,0,0,5000,0,0,0,35000,30000,5000,5000
061638,國泰金元大9A購03,0,0,0,0,0,0,0,0,0,5000,0,0,0,5000,0,5000,5000
061858,南電國票9B購02  ,0,0,0,0,0,0,0,0,0,5000,0,0,0,34000,29000,5000,5000
061822,和潤群益9B購01  ,0,0,0,0,0,0,0,0,0,5000,0,0,0,5000,0,5000,5000
061797,聯發科永豐9B購01,0,0,0,0,0,0,0,0,0,5000,0,0,0,10000,5000,5000,5000
061765,義隆元大9B購01  ,0,0,0,0,0,0,0,0,0,5000,0,0,0,5000,0,5000,5000
061068,祥碩凱基9B購01  ,0,0,0,0,0,0,0,0,0,5000,0,0,0,6000,1000,5000,5000
058601,台積電元大99購10,0,0,0,0,0,0,0,0,0,5000,0,0,0,5000,0,5000,5000
05859P,台表科國票97售04,0,0,0,0,0,0,0,0,0,5000,0,0,0,5000,0,5000,5000
059500,鴻海元富99購11  ,0,0,0,0,0,0,0,0,0,5000,0,0,0,5000,0,5000,5000
059369,滬深2X元富9C購01,0,0,0,0,0,0,0,0,0,5000,0,0,0,5000,0,5000,5000
058844,元油2X群益9C購03,0,0,0,0,0,0,0,0,0,5000,0,0,0,5000,0,5000,5000
058752,鈺齊凱基9A購01  ,0,0,0,0,0,0,0,0,0,5000,0,0,0,124000,119000,5000,5000
058911,茂林元大99購04  ,0,0,0,0,0,0,0,0,0,5000,0,0,0,85000,80000,5000,5000
058884,世紀鋼永豐99購02,0,0,0,0,0,0,0,0,0,5000,0,0,0,5000,0,5000,5000
059161,鴻海凱基9A購09  ,0,0,0,0,0,0,0,0,0,5000,0,0,0,7000,2000,5000,5000
059198,華新科永豐99購06,0,0,0,0,0,0,0,0,0,5000,0,0,0,5000,0,5000,5000
060594,國巨麥證9A購01  ,0,0,0,6000,0,6000,0,0,0,5000,0,0,0,6000,1000,5000,5000
060397,群創國票9A購01  ,0,0,0,0,0,0,0,0,0,5000,0,0,0,5000,0,5000,5000
060864,可成永豐9A購01  ,0,0,0,0,0,0,0,0,0,5000,0,0,0,5000,0,5000,5000
06083P,華通統一98售02  ,0,0,0,0,0,0,0,0,0,5000,0,0,0,5000,0,5000,5000
060222,貿聯凱基9A購02  ,0,0,0,0,0,0,0,0,0,5000,0,0,0,15000,10000,5000,5000
059995,南亞科元富99購01,0,0,0,0,0,0,0,0,0,5000,0,0,0,15000,10000,5000,5000
059867,華邦電凱基99購02,0,0,0,0,0,0,0,0,0,5000,0,0,0,30000,25000,5000,5000
059917,華新科元大99購19,0,0,0,0,0,0,0,0,0,5000,0,0,0,7000,2000,5000,5000
059329,台灣50國票99購09,0,0,0,0,0,0,0,0,0,5000,0,0,0,5000,0,5000,5000
059250,大立光凱基99購06,0,0,0,0,0,0,0,0,0,5000,0,0,0,5000,0,5000,5000
059267,群創中信01購02  ,0,0,0,0,0,0,0,0,0,5000,0,0,0,5000,0,5000,5000
058442,玉晶光台新99購01,0,0,0,0,0,0,0,0,0,5000,0,0,0,5000,0,5000,5000
058436,聯發科統一9B購03,0,0,0,0,0,0,0,0,0,5000,0,0,0,15000,10000,5000,5000
060352,滬深2X元富9A購02,0,0,0,0,0,0,0,0,0,5000,0,0,0,5000,0,5000,5000
058663,瑞儀兆豐9A購01  ,0,0,0,0,0,0,0,0,0,5000,0,0,0,5000,0,5000,5000
057948,嘉聯益國票99購02,0,0,0,0,0,0,0,0,0,5000,0,0,0,145000,140000,5000,5000
057820,華擎元大98購02  ,0,0,0,0,0,0,0,0,0,5000,0,0,0,5000,0,5000,5000
057869,大立光凱基99購01,0,0,0,0,0,0,0,0,0,5000,0,0,0,8000,3000,5000,5000
057871,國巨元大99購09  ,0,0,0,0,0,0,0,0,0,5000,0,0,0,5000,0,5000,5000
057783,台積電國票9A購01,0,0,0,0,0,0,0,0,0,5000,0,0,0,6000,1000,5000,5000
062259,可成元大9B購03  ,0,0,0,0,0,0,0,0,0,5000,0,0,0,5000,0,5000,5000
062568,緯穎中信9C購01  ,0,0,0,0,0,0,0,0,0,5000,0,0,0,10000,5000,5000,5000
062474,台表科凱基9C購01,0,0,0,0,0,0,0,0,0,5000,0,0,0,94000,89000,5000,5000
062437,廣達元大9B購01  ,0,0,0,0,0,0,0,0,0,5000,0,0,0,87000,82000,5000,5000
062186,晶技元大9B購05  ,0,0,0,0,0,0,0,0,0,5000,0,0,0,5000,0,5000,5000
062050,亞德客統一9C購01,0,0,0,0,0,0,0,0,0,5000,0,0,0,5000,0,5000,5000
061947,旺宏群益9B購02  ,0,0,0,0,0,0,0,0,0,5000,0,0,0,5000,0,5000,5000
062837,復盛群益9B購01  ,0,0,0,0,0,0,0,0,0,5000,0,0,0,5000,0,5000,5000
062864,臺股指國票9B購21,0,0,0,0,0,0,0,0,0,5000,0,0,0,26000,21000,5000,5000
063202,南亞科統一9C購02,0,0,0,0,0,0,0,0,0,5000,0,0,0,5000,0,5000,5000
063114,南電兆豐9B購01  ,0,0,0,0,0,0,0,0,0,5000,0,0,0,140000,135000,5000,5000
064155,大立光統一01購05,0,0,0,0,0,0,0,0,0,5000,0,0,0,5000,0,5000,5000
064226,TPK國票01購01   ,0,0,0,0,0,0,0,0,0,5000,0,0,0,5000,0,5000,5000
06448P,華通元大99售01  ,0,0,0,0,0,0,0,0,0,5000,0,0,0,10000,5000,5000,5000
064499,可成元大9C購07  ,0,0,0,0,0,0,0,0,0,5000,0,0,0,5000,0,5000,5000
063775,上証2X永豐9B購02,0,0,0,0,0,0,0,0,0,5000,0,0,0,5000,0,5000,5000
063899,同欣電群益9C購01,0,0,0,0,0,0,0,0,0,5000,0,0,0,18000,13000,5000,5000
063744,儒鴻國票9C購01  ,0,0,0,0,0,0,0,0,0,5000,0,0,0,5000,0,5000,5000
06353P,電子類富邦99售02,0,0,0,0,0,0,0,0,0,5000,0,0,0,15000,10000,5000,5000
6668,中揚光          ,57000,56000,1000,0,0,0,0,0,0,4000,4000,0,4000,0,0,0,5000
4725,信昌化          ,5000,0,5000,0,0,0,0,0,0,0,0,0,0,0,0,0,5000
3167,大量            ,13000,9000,4000,0,0,0,0,0,0,0,0,0,0,0,0,0,4000
2613,中櫃            ,4000,0,4000,0,0,0,0,0,0,0,0,0,0,0,0,0,4000
1805,寶徠            ,9000,5000,4000,0,0,0,0,0,0,0,0,0,0,0,0,0,4000
2002A,中鋼特          ,0,0,0,0,0,0,0,0,0,4000,4000,0,4000,0,0,0,4000
1618,合機            ,10000,6000,4000,0,0,0,0,0,0,0,0,0,0,0,0,0,4000
07975P,國巨元大9B售15  ,0,0,0,0,0,0,0,0,0,4000,0,0,0,14000,10000,4000,4000
08027P,嘉晶元大9B售03  ,0,0,0,0,0,0,0,0,0,4000,0,0,0,29000,25000,4000,4000
06590P,大立光元大98售13,0,0,0,0,0,0,0,0,0,4000,0,0,0,4000,0,4000,4000
06925P,致茂群益9A售02  ,0,0,0,0,0,0,0,0,0,4000,0,0,0,100000,96000,4000,4000
06886P,旺宏元大99售07  ,0,0,0,0,0,0,0,0,0,4000,0,0,0,25000,21000,4000,4000
07359P,台積電元大99售45,0,0,0,0,0,0,0,0,0,4000,0,0,0,35000,31000,4000,4000
07553P,嘉晶元大9A售02  ,0,0,0,0,0,0,0,0,0,4000,0,0,0,4000,0,4000,4000
06481P,台積電凱基98售12,0,0,0,0,0,0,0,0,0,4000,0,0,0,5000,1000,4000,4000
065084,南亞科元大9C購08,0,0,0,0,0,0,0,0,0,4000,0,0,0,4000,0,4000,4000
065137,中鋼凱基01購01  ,0,0,0,0,0,0,0,0,0,4000,0,0,0,4000,0,4000,4000
06497P,大立光凱基98售11,0,0,0,0,0,0,0,0,0,4000,0,0,0,4000,0,4000,4000
052476,台光電群益98購01,0,0,0,0,0,0,0,0,0,4000,0,0,0,4000,0,4000,4000
052388,旺宏群益96購05  ,0,0,0,0,0,0,0,0,0,4000,0,0,0,4000,0,4000,4000
03448B,臺股指元大9C熊11,0,0,0,0,0,0,0,0,0,4000,0,0,0,5000,1000,4000,4000
050895,聯發科元大97購01,0,0,0,0,0,0,0,0,0,4000,0,0,0,4000,0,4000,4000
051381,玉晶光群益98購01,0,0,0,0,0,0,0,0,0,4000,0,0,0,4000,0,4000,4000
05508P,華通統一97售01  ,0,0,0,0,0,0,0,0,0,4000,0,0,0,4000,0,4000,4000
057268,臻鼎兆豐99購01  ,0,0,0,0,0,0,0,0,0,4000,0,0,0,4000,0,4000,4000
054517,高鐵元大96購01  ,0,0,0,0,0,0,0,0,0,4000,0,0,0,4000,0,4000,4000
054264,超眾元大97購02  ,0,0,0,0,0,0,0,0,0,4000,0,0,0,4000,0,4000,4000
054467,隆達凱基97購01  ,0,0,0,0,0,0,0,0,0,4000,0,0,0,34000,30000,4000,4000
05593P,鴻海國票97售03  ,0,0,0,0,0,0,0,0,0,4000,0,0,0,4000,0,4000,4000
055934,景碩群益98購03  ,0,0,0,0,0,0,0,0,0,4000,0,0,0,4000,0,4000,4000
055983,全新元富9A購02  ,0,0,0,0,0,0,0,0,0,4000,0,0,0,63000,59000,4000,4000
055996,矽力國泰99購01  ,0,0,0,0,0,0,0,0,0,4000,0,0,0,4000,0,4000,4000
056192,智邦富邦98購01  ,0,0,0,0,0,0,0,0,0,4000,0,0,0,4000,0,4000,4000
059649,矽力凱基99購02  ,0,0,0,0,0,0,0,0,0,4000,0,0,0,10000,6000,4000,4000
056488,致新元大99購01  ,0,0,0,0,0,0,0,0,0,4000,0,0,0,136000,132000,4000,4000
055647,義隆元富97購01  ,0,0,0,0,0,0,0,0,0,4000,0,0,0,4000,0,4000,4000
057531,禾伸堂元大99購04,0,0,0,0,0,0,0,0,0,4000,0,0,0,9000,5000,4000,4000
057568,友訊永豐99購01  ,0,0,0,0,0,0,0,0,0,4000,0,0,0,72000,68000,4000,4000
056962,技嘉永豐98購01  ,0,0,0,0,0,0,0,0,0,4000,0,0,0,83000,79000,4000,4000
057062,立積國泰99購01  ,0,0,0,0,0,0,0,0,0,4000,0,0,0,4000,0,4000,4000
056412,上証2X中信9A購02,0,0,0,0,0,0,0,0,0,4000,0,0,0,4000,0,4000,4000
057237,群創凱基9B購02  ,0,0,0,0,0,0,0,0,0,4000,0,0,0,4000,0,4000,4000
057165,國巨元大99購05  ,0,0,0,0,0,0,0,0,0,4000,0,0,0,7000,3000,4000,4000
057902,嘉晶永豐98購02  ,0,0,0,0,0,0,0,0,0,4000,0,0,0,10000,6000,4000,4000
057810,技嘉元大98購06  ,0,0,0,0,0,0,0,0,0,4000,0,0,0,5000,1000,4000,4000
058142,瑞儀元大99購01  ,0,0,0,0,0,0,0,0,0,4000,0,0,0,17000,13000,4000,4000
058110,光寶科元富98購01,0,0,0,0,0,0,0,0,0,4000,0,0,0,185000,181000,4000,4000
058680,國巨麥證99購02  ,0,0,0,4000,0,4000,0,0,0,4000,0,0,0,4000,0,4000,4000
060260,京鼎凱基9C購01  ,0,0,0,0,0,0,0,0,0,4000,0,0,0,10000,6000,4000,4000
059876,智易凱基99購02  ,0,0,0,0,0,0,0,0,0,4000,0,0,0,54000,50000,4000,4000
059990,健策元大9A購01  ,0,0,0,0,0,0,0,0,0,4000,0,0,0,11000,7000,4000,4000
060221,大立光凱基9A購07,0,0,0,0,0,0,0,0,0,4000,0,0,0,4000,0,4000,4000
060021,立積康和99購01  ,0,0,0,0,0,0,0,0,0,4000,0,0,0,4000,0,4000,4000
061027,儒鴻永豐9A購02  ,0,0,0,0,0,0,0,0,0,4000,0,0,0,5000,1000,4000,4000
060143,台積電國票9B購03,0,0,0,0,0,0,0,0,0,4000,0,0,0,4000,0,4000,4000
060702,玉晶光國泰9C購02,0,0,0,0,0,0,0,0,0,4000,0,0,0,4000,0,4000,4000
058959,南茂國票9A購01  ,0,0,0,0,0,0,0,0,0,4000,0,0,0,4000,0,4000,4000
060405,中租國泰9C購01  ,0,0,0,0,0,0,0,0,0,4000,0,0,0,4000,0,4000,4000
060730,台積電群益9A購03,0,0,0,0,0,0,0,0,0,4000,0,0,0,4000,0,4000,4000
059526,鴻海凱基99購12  ,0,0,0,0,0,0,0,0,0,4000,0,0,0,4000,0,4000,4000
059532,華新科凱基9B購03,0,0,0,0,0,0,0,0,0,4000,0,0,0,7000,3000,4000,4000
061688,華通群益9A購07  ,0,0,0,0,0,0,0,0,0,4000,0,0,0,14000,10000,4000,4000
061498,大立光國票9A購10,0,0,0,0,0,0,0,0,0,4000,0,0,0,32000,28000,4000,4000
061338,台積電元大9A購28,0,0,0,0,0,0,0,0,0,4000,0,0,0,4000,0,4000,4000
063650,矽創元大9B購03  ,0,0,0,0,0,0,0,0,0,4000,0,0,0,4000,0,4000,4000
063839,華通元大9C購02  ,0,0,0,0,0,0,0,0,0,4000,0,0,0,7000,3000,4000,4000
064510,GIS元大01購01   ,0,0,0,0,0,0,0,0,0,4000,0,0,0,16000,12000,4000,4000
064196,健策群益01購01  ,0,0,0,0,0,0,0,0,0,4000,0,0,0,85000,81000,4000,4000
064011,嘉晶國票9C購01  ,0,0,0,0,0,0,0,0,0,4000,0,0,0,52000,48000,4000,4000
063116,大立光麥證9C購01,0,0,0,4000,0,4000,0,0,0,4000,0,0,0,4000,0,4000,4000
063019,聯發科元大9C購01,0,0,0,0,0,0,0,0,0,4000,0,0,0,50000,46000,4000,4000
063182,國巨凱基9B購10  ,0,0,0,0,0,0,0,0,0,4000,0,0,0,4000,0,4000,4000
062670,瑞昱中信03購01  ,0,0,0,0,0,0,0,0,0,4000,0,0,0,21000,17000,4000,4000
061942,亞德客群益9B購01,0,0,0,0,0,0,0,0,0,4000,0,0,0,4000,0,4000,4000
062498,華通群益9C購04  ,0,0,0,0,0,0,0,0,0,4000,0,0,0,20000,16000,4000,4000
4930,燦星網          ,4000,0,4000,0,0,0,0,0,0,0,0,0,0,0,0,0,4000
5234,達興材料        ,18000,14000,4000,0,0,0,0,0,0,0,0,0,0,0,0,0,4000
07520P,臺股指元大9B售11,0,0,0,0,0,0,0,0,0,3000,0,0,0,3000,0,3000,3000
07551P,國巨元大9A售10  ,0,0,0,0,0,0,0,0,0,3000,0,0,0,13000,10000,3000,3000
07420P,可成元大99售07  ,0,0,0,0,0,0,0,0,0,3000,0,0,0,3000,0,3000,3000
07627P,超眾凱基9A售02  ,0,0,0,0,0,0,0,0,0,3000,0,0,0,3000,0,3000,3000
07328P,FBVIX國泰9B售01 ,0,0,0,0,0,0,0,0,0,3000,0,0,0,3000,0,3000,3000
07220P,台灣50中信03售05,0,0,0,0,0,0,0,0,0,3000,0,0,0,3000,0,3000,3000
06958P,FBVIX凱基9C售02 ,0,0,0,0,0,0,0,0,0,3000,0,0,0,3000,0,3000,3000
07991P,鴻海群益9C售02  ,0,0,0,0,0,0,0,0,0,3000,0,0,0,77000,74000,3000,3000
07789P,緯穎群益9A售03  ,0,0,0,0,0,0,0,0,0,3000,0,0,0,19000,16000,3000,3000
1760,寶齡富錦        ,562000,559000,3000,0,0,0,0,0,0,0,0,0,0,0,0,0,3000
1725,元禎            ,8000,5000,3000,0,0,0,0,0,0,0,0,0,0,0,0,0,3000
1432,大魯閣          ,3000,0,3000,0,0,0,0,0,0,0,0,0,0,0,0,0,3000
1443,立益            ,3000,0,3000,0,0,0,0,0,0,0,0,0,0,0,0,0,3000
2012,春雨            ,9000,6000,3000,0,0,0,0,0,0,0,0,0,0,0,0,0,3000
2415,錩新            ,16000,13000,3000,0,0,0,0,0,0,0,0,0,0,0,0,0,3000
2701,萬企            ,3000,0,3000,0,0,0,0,0,0,0,0,0,0,0,0,0,3000
2881A,富邦特          ,0,0,0,0,0,0,0,0,0,3000,3000,0,3000,0,0,0,3000
2497,怡利電          ,3000,0,3000,0,0,0,0,0,0,0,0,0,0,0,0,0,3000
2506,太設            ,3000,0,3000,0,0,0,0,0,0,0,0,0,0,0,0,0,3000
057444,台泥元富98購01  ,0,0,0,0,0,0,0,0,0,3000,0,0,0,27000,24000,3000,3000
056942,昇陽半元富98購01,0,0,0,0,0,0,0,0,0,3000,0,0,0,3000,0,3000,3000
056972,祥碩永豐98購02  ,0,0,0,0,0,0,0,0,0,3000,0,0,0,3000,0,3000,3000
056978,技嘉群益99購01  ,0,0,0,0,0,0,0,0,0,3000,0,0,0,26000,23000,3000,3000
056916,台達電兆豐98購02,0,0,0,0,0,0,0,0,0,3000,0,0,0,3000,0,3000,3000
057517,矽創元富98購02  ,0,0,0,0,0,0,0,0,0,3000,0,0,0,101000,98000,3000,3000
055584,國巨元大97購11  ,0,0,0,0,0,0,0,0,0,3000,0,0,0,3000,0,3000,3000
055448,健策統一97購02  ,0,0,0,0,0,0,0,0,0,3000,0,0,0,226000,223000,3000,3000
059658,國巨元大9A購03  ,0,0,0,0,0,0,0,0,0,3000,0,0,0,3000,0,3000,3000
060125,強茂永豐99購01  ,0,0,0,0,0,0,0,0,0,3000,0,0,0,21000,18000,3000,3000
059803,S&P正2元富9B購03,0,0,0,0,0,0,0,0,0,3000,0,0,0,3000,0,3000,3000
059767,矽力永豐99購01  ,0,0,0,0,0,0,0,0,0,3000,0,0,0,3000,0,3000,3000
058223,世芯統一9B購01  ,0,0,0,0,0,0,0,0,0,3000,0,0,0,3000,0,3000,3000
060088,國巨元大99購30  ,0,0,0,0,0,0,0,0,0,3000,0,0,0,14000,11000,3000,3000
056191,世紀鋼統一97購01,0,0,0,0,0,0,0,0,0,3000,0,0,0,3000,0,3000,3000
056228,可成凱基97購03  ,0,0,0,0,0,0,0,0,0,3000,0,0,0,3000,0,3000,3000
056212,台光電國票98購03,0,0,0,0,0,0,0,0,0,3000,0,0,0,6000,3000,3000,3000
055854,群創元大98購04  ,0,0,0,0,0,0,0,0,0,3000,0,0,0,23000,20000,3000,3000
054652,裕隆麥證97購01  ,0,0,0,3000,0,3000,0,0,0,3000,0,0,0,3000,0,3000,3000
054017,茂林永豐96購02  ,0,0,0,0,0,0,0,0,0,3000,0,0,0,3000,0,3000,3000
057270,遠東新元大98購01,0,0,0,0,0,0,0,0,0,3000,0,0,0,3000,0,3000,3000
057283,欣興元大98購07  ,0,0,0,0,0,0,0,0,0,3000,0,0,0,3000,0,3000,3000
057323,智邦群益98購01  ,0,0,0,0,0,0,0,0,0,3000,0,0,0,23000,20000,3000,3000
055229,大毅國票97購02  ,0,0,0,0,0,0,0,0,0,3000,0,0,0,9000,6000,3000,3000
053648,台積電凱基97購04,0,0,0,0,0,0,0,0,0,3000,0,0,0,3000,0,3000,3000
053358,晶技統一98購01  ,0,0,0,0,0,0,0,0,0,3000,0,0,0,3000,0,3000,3000
053391,嘉聯益元大99購01,0,0,0,0,0,0,0,0,0,3000,0,0,0,3000,0,3000,3000
053383,京元電元大97購01,0,0,0,0,0,0,0,0,0,3000,0,0,0,3000,0,3000,3000
053056,同欣電國票97購01,0,0,0,0,0,0,0,0,0,3000,0,0,0,3000,0,3000,3000
051503,玉晶光統一97購01,0,0,0,0,0,0,0,0,0,3000,0,0,0,3000,0,3000,3000
047418,智邦富邦97購01  ,0,0,0,0,0,0,0,0,0,3000,0,0,0,3000,0,3000,3000
052893,聯電群益98購01  ,0,0,0,0,0,0,0,0,0,3000,0,0,0,33000,30000,3000,3000
052587,景碩永豐97購01  ,0,0,0,0,0,0,0,0,0,3000,0,0,0,3000,0,3000,3000
052658,友達元富9C購01  ,0,0,0,0,0,0,0,0,0,3000,0,0,0,3000,0,3000,3000
061313,滬深2X凱基9B購05,0,0,0,0,0,0,0,0,0,3000,0,0,0,3000,0,3000,3000
061354,瑞儀元大9A購01  ,0,0,0,0,0,0,0,0,0,3000,0,0,0,3000,0,3000,3000
061381,台灣50群益9B購07,0,0,0,0,0,0,0,0,0,3000,0,0,0,43000,40000,3000,3000
061071,復盛凱基9A購01  ,0,0,0,0,0,0,0,0,0,3000,0,0,0,5000,2000,3000,3000
059614,致新永豐99購01  ,0,0,0,0,0,0,0,0,0,3000,0,0,0,3000,0,3000,3000
060463,台積電元大9A購10,0,0,0,0,0,0,0,0,0,3000,0,0,0,8000,5000,3000,3000
059474,元石油群益99購01,0,0,0,0,0,0,0,0,0,3000,0,0,0,3000,0,3000,3000
059021,台積電統一9B購07,0,0,0,0,0,0,0,0,0,3000,0,0,0,3000,0,3000,3000
058996,台達電元大99購02,0,0,0,0,0,0,0,0,0,3000,0,0,0,3000,0,3000,3000
060663,聯發科凱基9A購13,0,0,0,0,0,0,0,0,0,3000,0,0,0,3000,0,3000,3000
060631,微星富邦9B購01  ,0,0,0,0,0,0,0,0,0,3000,0,0,0,40000,37000,3000,3000
059199,欣興永豐99購02  ,0,0,0,0,0,0,0,0,0,3000,0,0,0,3000,0,3000,3000
060961,台光電凱基9A購03,0,0,0,0,0,0,0,0,0,3000,0,0,0,6000,3000,3000,3000
059925,可成國泰9B購01  ,0,0,0,0,0,0,0,0,0,3000,0,0,0,9000,6000,3000,3000
06023P,超眾國票96售03  ,0,0,0,0,0,0,0,0,0,3000,0,0,0,3000,0,3000,3000
059266,緯創中信01購01  ,0,0,0,0,0,0,0,0,0,3000,0,0,0,3000,0,3000,3000
059275,可成元大99購05  ,0,0,0,0,0,0,0,0,0,3000,0,0,0,5000,2000,3000,3000
058090,聯發科元大98購16,0,0,0,0,0,0,0,0,0,3000,0,0,0,3000,0,3000,3000
058063,旺宏中信98購04  ,0,0,0,0,0,0,0,0,0,3000,0,0,0,3000,0,3000,3000
057744,健策永豐98購02  ,0,0,0,0,0,0,0,0,0,3000,0,0,0,11000,8000,3000,3000
057703,矽力群益98購01  ,0,0,0,0,0,0,0,0,0,3000,0,0,0,3000,0,3000,3000
062467,國巨凱基9B購08  ,0,0,0,0,0,0,0,0,0,3000,0,0,0,5000,2000,3000,3000
062305,遠東新凱基9B購01,0,0,0,0,0,0,0,0,0,3000,0,0,0,3000,0,3000,3000
061992,祥碩元大9B購02  ,0,0,0,0,0,0,0,0,0,3000,0,0,0,3000,0,3000,3000
06214P,國巨國票98售04  ,0,0,0,0,0,0,0,0,0,3000,0,0,0,3000,0,3000,3000
062654,技嘉永豐9B購01  ,0,0,0,0,0,0,0,0,0,3000,0,0,0,11000,8000,3000,3000
063273,緯穎兆豐9C購01  ,0,0,0,0,0,0,0,0,0,3000,0,0,0,3000,0,3000,3000
064078,台積電中信06購04,0,0,0,0,0,0,0,0,0,3000,0,0,0,3000,0,3000,3000
063967,華新科國票01購01,0,0,0,0,0,0,0,0,0,3000,0,0,0,3000,0,3000,3000
064003,台積電凱基01購03,0,0,0,0,0,0,0,0,0,3000,0,0,0,4000,1000,3000,3000
063845,旺宏元大9C購03  ,0,0,0,0,0,0,0,0,0,3000,0,0,0,80000,77000,3000,3000
063919,大立光元富03購01,0,0,0,0,0,0,0,0,0,3000,0,0,0,3000,0,3000,3000
06387P,緯穎永豐97售02  ,0,0,0,0,0,0,0,0,0,3000,0,0,0,3000,0,3000,3000
063466,美食元大9B購02  ,0,0,0,0,0,0,0,0,0,3000,0,0,0,13000,10000,3000,3000
063415,台積電凱基03購01,0,0,0,0,0,0,0,0,0,3000,0,0,0,5000,2000,3000,3000
6581,鋼聯            ,3000,0,3000,0,0,0,0,0,0,0,0,0,0,0,0,0,3000
6215,和椿            ,11000,8000,3000,0,0,0,0,0,0,0,0,0,0,0,0,0,3000
9942,茂順            ,21000,18000,3000,0,0,0,0,0,0,0,0,0,0,0,0,0,3000
2712,遠雄來          ,2000,1000,1000,0,0,0,0,0,0,1000,1000,0,1000,0,0,0,2000
2923,鼎固-KY         ,0,0,0,0,0,0,0,0,0,2000,2000,0,2000,0,0,0,2000
2910,統領            ,2000,0,2000,0,0,0,0,0,0,0,0,0,0,0,0,0,2000
2428,興勤            ,35000,32000,3000,0,0,0,0,0,0,-1000,0,0,0,0,1000,-1000,2000
2429,銘旺科          ,2000,0,2000,0,0,0,0,0,0,0,0,0,0,0,0,0,2000
2373,震旦行          ,2000,0,2000,0,0,0,0,0,0,0,0,0,0,0,0,0,2000
1341,富林-KY         ,2000,0,2000,0,0,0,0,0,0,0,0,0,0,0,0,0,2000
1568,倉佑            ,4000,2000,2000,0,0,0,0,0,0,0,0,0,0,0,0,0,2000
08081P,台灣50元大9B售20,0,0,0,0,0,0,0,0,0,2000,0,0,0,2000,0,2000,2000
08161P,台表科元富9B售02,0,0,0,0,0,0,0,0,0,2000,0,0,0,40000,38000,2000,2000
08232P,聯發科元富9B售06,0,0,0,0,0,0,0,0,0,2000,0,0,0,2000,0,2000,2000
08339P,上銀統一9C售04  ,0,0,0,0,0,0,0,0,0,2000,0,0,0,3000,1000,2000,2000
08671P,友訊國票01售01  ,0,0,0,0,0,0,0,0,0,2000,0,0,0,2000,0,2000,2000
07013P,玉晶光群益9A售06,0,0,0,0,0,0,0,0,0,2000,0,0,0,37000,35000,2000,2000
07056P,臺股指麥證99售02,0,0,0,2000,0,2000,0,0,0,2000,0,0,0,2000,0,2000,2000
06879P,長榮航凱基98售02,0,0,0,0,0,0,0,0,0,2000,0,0,0,3000,1000,2000,2000
07744P,奇力新凱基9A售05,0,0,0,0,0,0,0,0,0,2000,0,0,0,2000,0,2000,2000
07675P,全新永豐9A售02  ,0,0,0,0,0,0,0,0,0,2000,0,0,0,2000,0,2000,2000
07423P,大立光元大99售33,0,0,0,0,0,0,0,0,0,2000,0,0,0,2000,0,2000,2000
07466P,亞德客元大9A售02,0,0,0,0,0,0,0,0,0,2000,0,0,0,21000,19000,2000,2000
064953,嘉晶凱基9C購02  ,0,0,0,0,0,0,0,0,0,2000,0,0,0,74000,72000,2000,2000
06515P,國巨凱基98售06  ,0,0,0,0,0,0,0,0,0,2000,0,0,0,2000,0,2000,2000
06463P,大立光富邦9A售01,0,0,0,0,0,0,0,0,0,2000,0,0,0,2000,0,2000,2000
052791,友達兆豐97購01  ,0,0,0,0,0,0,0,0,0,2000,0,0,0,2000,0,2000,2000
052318,友達元大98購01  ,0,0,0,0,0,0,0,0,0,2000,0,0,0,2000,0,2000,2000
042793,台積電台新9C購01,0,0,0,0,0,0,0,0,0,2000,0,0,0,2000,0,2000,2000
0054,元大台商50      ,0,0,0,0,0,0,0,0,0,2000,0,0,0,6000,4000,2000,2000
00736,國泰新興市場    ,0,0,0,0,0,0,0,0,0,2000,0,0,0,107000,105000,2000,2000
051560,玉晶光國泰97購03,0,0,0,0,0,0,0,0,0,2000,0,0,0,2000,0,2000,2000
053458,聯詠國泰97購01  ,0,0,0,0,0,0,0,0,0,2000,0,0,0,2000,0,2000,2000
055091,微星群益97購01  ,0,0,0,0,0,0,0,0,0,2000,0,0,0,2000,0,2000,2000
053088,奇鋐元大98購01  ,0,0,0,0,0,0,0,0,0,2000,0,0,0,30000,28000,2000,2000
056776,聯茂元大99購01  ,0,0,0,0,0,0,0,0,0,2000,0,0,0,2000,0,2000,2000
054826,復盛元大9A購01  ,0,0,0,0,0,0,0,0,0,2000,0,0,0,2000,0,2000,2000
054750,聯茂凱基98購02  ,0,0,0,0,0,0,0,0,0,2000,0,0,0,2000,0,2000,2000
054053,聯茂元大96購01  ,0,0,0,0,0,0,0,0,0,2000,0,0,0,2000,0,2000,2000
055336,茂林兆豐98購01  ,0,0,0,0,0,0,0,0,0,2000,0,0,0,2000,0,2000,2000
055304,瑞昱第一98購01  ,0,0,0,0,0,0,0,0,0,2000,0,0,0,2000,0,2000,2000
055281,台光電元大98購03,0,0,0,0,0,0,0,0,0,2000,0,0,0,2000,0,2000,2000
053760,牧德國泰98購01  ,0,0,0,0,0,0,0,0,0,2000,0,0,0,2000,0,2000,2000
055363,緯穎凱基98購03  ,0,0,0,0,0,0,0,0,0,2000,0,0,0,10000,8000,2000,2000
055374,明泰元大97購01  ,0,0,0,0,0,0,0,0,0,2000,0,0,0,2000,0,2000,2000
056697,緯穎群益98購01  ,0,0,0,0,0,0,0,0,0,2000,0,0,0,2000,0,2000,2000
056740,大立光凱基98購13,0,0,0,0,0,0,0,0,0,2000,0,0,0,38000,36000,2000,2000
059797,大立光國票99購01,0,0,0,0,0,0,0,0,0,2000,0,0,0,2000,0,2000,2000
059787,奇力新元大9A購02,0,0,0,0,0,0,0,0,0,2000,0,0,0,2000,0,2000,2000
055572,鴻海統一98購04  ,0,0,0,0,0,0,0,0,0,2000,0,0,0,2000,0,2000,2000
057455,景碩國泰99購01  ,0,0,0,0,0,0,0,0,0,2000,0,0,0,2000,0,2000,2000
057148,玉晶光國票99購04,0,0,0,0,0,0,0,0,0,2000,0,0,0,7000,5000,2000,2000
057793,群創統一99購02  ,0,0,0,0,0,0,0,0,0,2000,0,0,0,42000,40000,2000,2000
06037P,超眾國票98售02  ,0,0,0,0,0,0,0,0,0,2000,0,0,0,2000,0,2000,2000
059901,滬深2X元大9C購07,0,0,0,0,0,0,0,0,0,2000,0,0,0,2000,0,2000,2000
059945,嘉澤永豐99購03  ,0,0,0,0,0,0,0,0,0,2000,0,0,0,12000,10000,2000,2000
059939,技嘉永豐99購01  ,0,0,0,0,0,0,0,0,0,2000,0,0,0,3000,1000,2000,2000
059973,A50正2元大99購02,0,0,0,0,0,0,0,0,0,2000,0,0,0,2000,0,2000,2000
060940,國巨國票9B購03  ,0,0,0,0,0,0,0,0,0,2000,0,0,0,6000,4000,2000,2000
059181,世紀鋼元富9C購01,0,0,0,0,0,0,0,0,0,2000,0,0,0,2000,0,2000,2000
059163,台積電凱基99購10,0,0,0,0,0,0,0,0,0,2000,0,0,0,3000,1000,2000,2000
060188,華新科元富9A購03,0,0,0,0,0,0,0,0,0,2000,0,0,0,11000,9000,2000,2000
060171,宏達電台新9A購01,0,0,0,0,0,0,0,0,0,2000,0,0,0,2000,0,2000,2000
058275,S&P500中信9B購01,0,0,0,0,0,0,0,0,0,2000,0,0,0,2000,0,2000,2000
060639,玉晶光永豐9A購05,0,0,0,0,0,0,0,0,0,2000,0,0,0,2000,0,2000,2000
058349,滬深2X日盛9A購01,0,0,0,0,0,0,0,0,0,2000,0,0,0,2000,0,2000,2000
060220,華新科凱基9A購08,0,0,0,0,0,0,0,0,0,2000,0,0,0,2000,0,2000,2000
059493,國巨國票9B購01  ,0,0,0,0,0,0,0,0,0,2000,0,0,0,2000,0,2000,2000
060415,葡萄王永豐9A購01,0,0,0,0,0,0,0,0,0,2000,0,0,0,2000,0,2000,2000
060442,滬深2X元大9A購02,0,0,0,0,0,0,0,0,0,2000,0,0,0,2000,0,2000,2000
058960,臺股指國票99購05,0,0,0,0,0,0,0,0,0,2000,0,0,0,2000,0,2000,2000
058950,國巨群益99購06  ,0,0,0,0,0,0,0,0,0,2000,0,0,0,44000,42000,2000,2000
058773,和碩兆豐99購01  ,0,0,0,0,0,0,0,0,0,2000,0,0,0,43000,41000,2000,2000
058551,義隆永豐99購03  ,0,0,0,0,0,0,0,0,0,2000,0,0,0,2000,0,2000,2000
05958P,聯發科國票97售04,0,0,0,0,0,0,0,0,0,2000,0,0,0,32000,30000,2000,2000
060791,聯茂富邦9A購02  ,0,0,0,0,0,0,0,0,0,2000,0,0,0,2000,0,2000,2000
061148,道瓊反群益9A購02,0,0,0,0,0,0,0,0,0,2000,0,0,0,2000,0,2000,2000
061189,可成富邦9B購02  ,0,0,0,0,0,0,0,0,0,2000,0,0,0,10000,8000,2000,2000
061365,國巨國票9B購05  ,0,0,0,0,0,0,0,0,0,2000,0,0,0,37000,35000,2000,2000
061681,南電元大9A購08  ,0,0,0,0,0,0,0,0,0,2000,0,0,0,5000,3000,2000,2000
061566,華通元大9A購10  ,0,0,0,0,0,0,0,0,0,2000,0,0,0,4000,2000,2000,2000
061777,臺指反群益9B購01,0,0,0,0,0,0,0,0,0,2000,0,0,0,2000,0,2000,2000
061700,瑞昱國票9A購02  ,0,0,0,0,0,0,0,0,0,2000,0,0,0,20000,18000,2000,2000
063520,上銀凱基9B購05  ,0,0,0,0,0,0,0,0,0,2000,0,0,0,2000,0,2000,2000
063597,健策中信9B購02  ,0,0,0,0,0,0,0,0,0,2000,0,0,0,4000,2000,2000,2000
063797,台積電凱基02購02,0,0,0,0,0,0,0,0,0,2000,0,0,0,3000,1000,2000,2000
063747,國巨國票9C購06  ,40000,0,40000,0,0,0,0,0,0,-38000,0,0,0,5000,43000,-38000,2000
063975,台積電兆豐9C購01,0,0,0,0,0,0,0,0,0,2000,0,0,0,85000,83000,2000,2000
063942,台積電元大01購03,0,0,0,0,0,0,0,0,0,2000,0,0,0,2000,0,2000,2000
064040,鴻海統一9C購18  ,0,0,0,0,0,0,0,0,0,2000,0,0,0,21000,19000,2000,2000
064154,大立光統一01購04,0,0,0,0,0,0,0,0,0,2000,0,0,0,2000,0,2000,2000
064139,裕隆統一01購02  ,0,0,0,0,0,0,0,0,0,2000,0,0,0,262000,260000,2000,2000
064101,可成群益01購01  ,0,0,0,0,0,0,0,0,0,2000,0,0,0,36000,34000,2000,2000
062632,嘉晶國票9B購01  ,0,0,0,0,0,0,0,0,0,2000,0,0,0,10000,8000,2000,2000
062634,玉晶光國票9B購03,0,0,0,0,0,0,0,0,0,2000,0,0,0,5000,3000,2000,2000
062129,世紀鋼統一02購01,0,0,0,0,0,0,0,0,0,2000,0,0,0,2000,0,2000,2000
062089,矽創元大9B購02  ,0,0,0,0,0,0,0,0,0,2000,0,0,0,12000,10000,2000,2000
061977,國巨元大9B購02  ,0,0,0,0,0,0,0,0,0,2000,0,0,0,108000,106000,2000,2000
062049,亞德客統一01購01,0,0,0,0,0,0,0,0,0,2000,0,0,0,42000,40000,2000,2000
062039,聯發科凱基9B購07,0,0,0,0,0,0,0,0,0,2000,0,0,0,2000,0,2000,2000
061914,台光電中信9B購01,0,0,0,0,0,0,0,0,0,2000,0,0,0,22000,20000,2000,2000
062456,台積電群益9B購05,0,0,0,0,0,0,0,0,0,2000,0,0,0,78000,76000,2000,2000
9937,全國            ,3000,1000,2000,0,0,0,0,0,0,0,0,0,0,0,0,0,2000
9918,欣天然          ,4000,2000,2000,0,0,0,0,0,0,0,0,0,0,0,0,0,2000
5484,慧友            ,4000,2000,2000,0,0,0,0,0,0,0,0,0,0,0,0,0,2000
065180,台表科元大9C購10,0,0,0,0,0,0,0,0,0,1000,0,0,0,188000,187000,1000,1000
065202,南電元富06購01  ,0,0,0,0,0,0,0,0,0,1000,0,0,0,1000,0,1000,1000
065145,貿聯凱基9C購02  ,0,0,0,0,0,0,0,0,0,1000,0,0,0,1000,0,1000,1000
06494P,鴻海永昌98售03  ,0,0,0,0,0,0,0,0,0,1000,0,0,0,1000,0,1000,1000
07569P,國巨凱基9A售13  ,0,0,0,0,0,0,0,0,0,1000,0,0,0,1000,0,1000,1000
07252P,台灣50凱基99售01,0,0,0,0,0,0,0,0,0,1000,0,0,0,1000,0,1000,1000
07242P,台灣50凱基9A售03,0,0,0,0,0,0,0,0,0,1000,0,0,0,1000,0,1000,1000
07309P,聯發科凱基99售18,0,0,0,0,0,0,0,0,0,1000,0,0,0,1000,0,1000,1000
07352P,台積電國票99售11,0,0,0,0,0,0,0,0,0,1000,0,0,0,1000,0,1000,1000
07094P,華通國票9A售03  ,0,0,0,0,0,0,0,0,0,1000,0,0,0,1000,0,1000,1000
06859P,元金2X中信9C售01,0,0,0,0,0,0,0,0,0,1000,0,0,0,1000,0,1000,1000
06961P,台積電凱基99售05,0,0,0,0,0,0,0,0,0,1000,0,0,0,1000,0,1000,1000
06548P,大立光元大98售10,0,0,0,0,0,0,0,0,0,1000,0,0,0,1000,0,1000,1000
08441P,同欣電元富9C售01,0,0,0,0,0,0,0,0,0,1000,0,0,0,65000,64000,1000,1000
08344P,旺宏元大01售02  ,0,0,0,0,0,0,0,0,0,1000,0,0,0,9000,8000,1000,1000
08315P,台積電元大9C售08,2000,0,2000,0,0,0,0,0,0,-1000,0,0,0,24000,25000,-1000,1000
08353P,聯電元大9C售04  ,0,0,0,0,0,0,0,0,0,1000,0,0,0,1000,0,1000,1000
07952P,富邦金元大9B售02,0,0,0,0,0,0,0,0,0,1000,0,0,0,38000,37000,1000,1000
1541,錩泰            ,2000,1000,1000,0,0,0,0,0,0,0,0,0,0,0,0,0,1000
1583,程泰            ,1000,0,1000,0,0,0,0,0,0,0,0,0,0,0,0,0,1000
1809,中釉            ,16000,15000,1000,0,0,0,0,0,0,0,0,0,0,0,0,0,1000
1453,大將            ,4000,4000,0,0,0,0,0,0,0,1000,1000,0,1000,0,0,0,1000
1530,亞崴            ,2000,1000,1000,0,0,0,0,0,0,0,0,0,0,0,0,0,1000
1535,中宇            ,2000,1000,1000,0,0,0,0,0,0,0,0,0,0,0,0,0,1000
2033,佳大            ,1000,0,1000,0,0,0,0,0,0,0,0,0,0,0,0,0,1000
3018,同開            ,18000,17000,1000,0,0,0,0,0,0,0,0,0,0,0,0,0,1000
2936,客思達-KY       ,1000,0,1000,0,0,0,0,0,0,0,0,0,0,0,0,0,1000
3050,鈺德            ,9000,8000,1000,0,0,0,0,0,0,0,0,0,0,0,0,0,1000
3046,建碁            ,22000,21000,1000,0,0,0,0,0,0,0,0,0,0,0,0,0,1000
3025,星通            ,2000,1000,1000,0,0,0,0,0,0,0,0,0,0,0,0,0,1000
3027,盛達            ,9000,8000,1000,0,0,0,0,0,0,0,0,0,0,0,0,0,1000
3021,鴻名            ,0,0,0,0,0,0,0,0,0,1000,1000,0,1000,0,0,0,1000
3701,大眾控          ,1000,0,1000,0,0,0,0,0,0,0,0,0,0,0,0,0,1000
2496,卓越            ,1000,0,1000,0,0,0,0,0,0,0,0,0,0,0,0,0,1000
2438,翔耀            ,1000,0,1000,0,0,0,0,0,0,0,0,0,0,0,0,0,1000
057457,華邦電富邦98購01,0,0,0,0,0,0,0,0,0,1000,0,0,0,1000,0,1000,1000
057449,華新科元富99購02,0,0,0,0,0,0,0,0,0,1000,0,0,0,1000,0,1000,1000
056870,全新日盛9A購01  ,0,0,0,0,0,0,0,0,0,1000,0,0,0,1000,0,1000,1000
056959,鴻海永豐98購03  ,0,0,0,0,0,0,0,0,0,1000,0,0,0,1000,0,1000,1000
057027,祥碩凱基98購01  ,0,0,0,0,0,0,0,0,0,1000,0,0,0,1000,0,1000,1000
055500,京鼎元大97購04  ,0,0,0,0,0,0,0,0,0,1000,0,0,0,1000,0,1000,1000
055645,技嘉元富97購01  ,0,0,0,0,0,0,0,0,0,1000,0,0,0,1000,0,1000,1000
059812,上証2X凱基9A購04,0,0,0,0,0,0,0,0,0,1000,0,0,0,1000,0,1000,1000
060121,新光金富邦99購01,0,0,0,0,0,0,0,0,0,1000,0,0,0,1000,0,1000,1000
059646,聯茂凱基99購06  ,0,0,0,0,0,0,0,0,0,1000,0,0,0,51000,50000,1000,1000
059689,南亞科永豐99購02,0,0,0,0,0,0,0,0,0,1000,0,0,0,1000,0,1000,1000
059703,旺宏凱基99購11  ,0,0,0,0,0,0,0,0,0,1000,0,0,0,1000,0,1000,1000
059717,國巨元大99購21  ,0,0,0,0,0,0,0,0,0,1000,0,0,0,1000,0,1000,1000
059066,道瓊指國票04購01,0,0,0,0,0,0,0,0,0,1000,0,0,0,1000,0,1000,1000
058225,旺宏元富99購01  ,0,0,0,0,0,0,0,0,0,1000,0,0,0,11000,10000,1000,1000
056736,國巨凱基99購03  ,0,0,0,0,0,0,0,0,0,1000,0,0,0,9000,8000,1000,1000
056681,鴻海統一98購09  ,0,0,0,0,0,0,0,0,0,1000,0,0,0,1000,0,1000,1000
056193,聯發科富邦99購08,0,0,0,0,0,0,0,0,0,1000,0,0,0,1000,0,1000,1000
056169,鴻海元富97購08  ,0,0,0,0,0,0,0,0,0,1000,0,0,0,2000,1000,1000,1000
056079,世紀鋼元大97購02,0,0,0,0,0,0,0,0,0,1000,0,0,0,6000,5000,1000,1000
055886,上銀統一97購02  ,0,0,0,0,0,0,0,0,0,1000,0,0,0,1000,0,1000,1000
055821,勤誠國票98購01  ,0,0,0,0,0,0,0,0,0,1000,0,0,0,1000,0,1000,1000
055713,國巨元大98購09  ,0,0,0,0,0,0,0,0,0,1000,0,0,0,10000,9000,1000,1000
053662,矽力凱基97購01  ,0,0,0,0,0,0,0,0,0,1000,0,0,0,1000,0,1000,1000
053732,S&P反1中信9C購01,0,0,0,0,0,0,0,0,0,1000,0,0,0,1000,0,1000,1000
054046,義隆元大96購02  ,0,0,0,0,0,0,0,0,0,1000,0,0,0,1000,0,1000,1000
054111,緯穎凱基97購01  ,0,0,0,0,0,0,0,0,0,1000,0,0,0,60000,59000,1000,1000
054520,健鼎元大96購02  ,0,0,0,0,0,0,0,0,0,1000,0,0,0,1000,0,1000,1000
054576,健策元大98購03  ,0,0,0,0,0,0,0,0,0,1000,0,0,0,1000,0,1000,1000
054427,潤泰全富邦97購01,0,0,0,0,0,0,0,0,0,1000,0,0,0,63000,62000,1000,1000
054351,華新科國泰97購03,0,0,0,0,0,0,0,0,0,1000,0,0,0,1000,0,1000,1000
054291,高鐵元大97購01  ,0,0,0,0,0,0,0,0,0,1000,0,0,0,101000,100000,1000,1000
054259,健策元大97購03  ,0,0,0,0,0,0,0,0,0,1000,0,0,0,1000,0,1000,1000
054883,億光統一97購01  ,0,0,0,0,0,0,0,0,0,1000,0,0,0,1000,0,1000,1000
056343,高鐵凱基98購02  ,0,0,0,0,0,0,0,0,0,1000,0,0,0,1000,0,1000,1000
056811,健策統一9B購01  ,0,0,0,0,0,0,0,0,0,1000,0,0,0,1000,0,1000,1000
057297,新日興永豐98購01,0,0,0,0,0,0,0,0,0,1000,0,0,0,1000,0,1000,1000
057370,可成元大98購07  ,0,0,0,0,0,0,0,0,0,1000,0,0,0,1000,0,1000,1000
055084,國巨第一97購01  ,0,0,0,0,0,0,0,0,0,1000,0,0,0,1000,0,1000,1000
055049,智邦永豐97購01  ,0,0,0,0,0,0,0,0,0,1000,0,0,0,15000,14000,1000,1000
053361,友達元富99購01  ,0,0,0,0,0,0,0,0,0,1000,0,0,0,150000,149000,1000,1000
053382,友達元大9C購02  ,0,0,0,0,0,0,0,0,0,1000,0,0,0,1000,0,1000,1000
053585,友達元大9C購03  ,0,0,0,0,0,0,0,0,0,1000,0,0,0,1000,0,1000,1000
051570,和碩富邦97購01  ,0,0,0,0,0,0,0,0,0,1000,0,0,0,1000,0,1000,1000
051268,創意富邦97購01  ,0,0,0,0,0,0,0,0,0,1000,0,0,0,1000,0,1000,1000
053027,玉晶光富邦98購01,0,0,0,0,0,0,0,0,0,1000,0,0,0,1000,0,1000,1000
055002,群創元富99購04  ,0,0,0,0,0,0,0,0,0,1000,0,0,0,1000,0,1000,1000
053055,聯詠國票97購01  ,0,0,0,0,0,0,0,0,0,1000,0,0,0,3000,2000,1000,1000
045443,群創元富98購01  ,0,0,0,0,0,0,0,0,0,1000,0,0,0,1000,0,1000,1000
050493,聯發科永昌96購01,0,0,0,0,0,0,0,0,0,1000,0,0,0,1000,0,1000,1000
048273,南電富邦97購01  ,0,0,0,0,0,0,0,0,0,1000,0,0,0,1000,0,1000,1000
048383,元金2X國票99購01,0,0,0,0,0,0,0,0,0,1000,0,0,0,39000,38000,1000,1000
00700,富邦恒生國企    ,0,0,0,0,0,0,0,0,0,1000,0,0,0,102000,101000,1000,1000
0051,元大中型100     ,0,0,0,0,0,0,0,0,0,1000,0,0,0,5000,4000,1000,1000
00657,國泰日經225     ,0,30000,-30000,0,0,0,0,0,0,31000,0,0,0,154000,123000,31000,1000
03681C,台灣50凱基02牛02,0,0,0,0,0,0,0,0,0,1000,0,0,0,1000,0,1000,1000
03669C,滬深2X元富09牛01,0,0,0,0,0,0,0,0,0,1000,0,0,0,6000,5000,1000,1000
052090,聯發科元大97購03,0,0,0,0,0,0,0,0,0,1000,0,0,0,81000,80000,1000,1000
052836,旺宏國泰98購01  ,0,0,0,0,0,0,0,0,0,1000,0,0,0,1000,0,1000,1000
052681,T50反1元大98購02,0,0,0,0,0,0,0,0,0,1000,0,0,0,29000,28000,1000,1000
061708,同欣電國票9A購02,0,0,0,0,0,0,0,0,0,1000,0,0,0,55000,54000,1000,1000
061730,旺宏統一01購02  ,0,0,0,0,0,0,0,0,0,1000,0,0,0,1000,0,1000,1000
061724,訊芯永豐9A購01  ,0,0,0,0,0,0,0,0,0,1000,0,0,0,1000,0,1000,1000
061539,國巨群益9B購03  ,0,0,0,0,0,0,0,0,0,1000,0,0,0,1000,0,1000,1000
061625,聯茂群益9A購02  ,0,0,0,0,0,0,0,0,0,1000,0,0,0,21000,20000,1000,1000
061301,華新科永豐9A購03,0,0,0,0,0,0,0,0,0,1000,0,0,0,1000,0,1000,1000
061319,聯發科凱基9A購16,0,0,0,0,0,0,0,0,0,1000,0,0,0,1000,0,1000,1000
061412,儒鴻群益9A購01  ,0,0,0,0,0,0,0,0,0,1000,0,0,0,1000,0,1000,1000
061104,華新科元大9A購13,0,0,0,0,0,0,0,0,0,1000,0,0,0,1000,0,1000,1000
060536,祥碩麥證9A購01  ,0,0,0,1000,0,1000,0,0,0,1000,0,0,0,1000,0,1000,1000
058578,聯發科群益99購03,0,0,0,0,0,0,0,0,0,1000,0,0,0,1000,0,1000,1000
058762,貿聯群益99購03  ,0,0,0,0,0,0,0,0,0,1000,0,0,0,1000,0,1000,1000
058738,FBVIX中信03購04 ,0,0,0,0,0,0,0,0,0,1000,0,0,0,1000,0,1000,1000
058915,SGBR2X元富99購01,0,0,0,0,0,0,0,0,0,1000,0,0,0,1000,0,1000,1000
05888P,友達元大97售01  ,0,0,0,0,0,0,0,0,0,1000,0,0,0,1000,0,1000,1000
058861,國巨凱基9A購08  ,0,0,0,0,0,0,0,0,0,1000,0,0,0,12000,11000,1000,1000
059373,滬深2X群益01購03,0,0,0,0,0,0,0,0,0,1000,0,0,0,1000,0,1000,1000
058970,鴻海永豐99購02  ,0,0,0,0,0,0,0,0,0,1000,0,0,0,1000,0,1000,1000
060680,玉晶光元大9C購03,0,0,0,0,0,0,0,0,0,1000,0,0,0,18000,17000,1000,1000
060560,欣興國泰9C購01  ,0,0,0,0,0,0,0,0,0,1000,0,0,0,1000,0,1000,1000
060576,欣興中信9B購01  ,0,0,0,0,0,0,0,0,0,1000,0,0,0,1000,0,1000,1000
058262,大立光富邦9C購02,0,0,0,0,0,0,0,0,0,1000,0,0,0,1000,0,1000,1000
059177,臺股指凱基99購28,0,0,0,0,0,0,0,0,0,1000,0,0,0,1000,0,1000,1000
059155,台表科日盛99購01,0,0,0,0,0,0,0,0,0,1000,0,0,0,201000,200000,1000,1000
059143,國巨國票9A購04  ,0,0,0,0,0,0,0,0,0,1000,0,0,0,25000,24000,1000,1000
061002,瑞昱兆豐9B購01  ,0,0,0,0,0,0,0,0,0,1000,0,0,0,1000,0,1000,1000
059998,華航元富99購02  ,0,0,0,0,0,0,0,0,0,1000,0,0,0,1000,0,1000,1000
060029,嘉晶永豐99購03  ,0,0,0,0,0,0,0,0,0,1000,0,0,0,1000,0,1000,1000
059885,台積電國票99購12,0,0,0,0,0,0,0,0,0,1000,0,0,0,2000,1000,1000,1000
060368,緯穎元富9A購03  ,0,0,0,0,0,0,0,0,0,1000,0,0,0,1000,0,1000,1000
060301,國巨富邦9C購02  ,0,0,0,0,0,0,0,0,0,1000,0,0,0,1000,0,1000,1000
060326,群光群益9A購01  ,0,0,0,0,0,0,0,0,0,1000,0,0,0,43000,42000,1000,1000
060317,台灣50群益02購01,0,0,0,0,0,0,0,0,0,1000,0,0,0,1000,0,1000,1000
058681,大立光康和9B購01,0,0,0,0,0,0,0,0,0,1000,0,0,0,1000,0,1000,1000
058638,矽力兆豐99購01  ,0,0,0,0,0,0,0,0,0,1000,0,0,0,1000,0,1000,1000
059264,台光電中信99購02,0,0,0,0,0,0,0,0,0,1000,0,0,0,21000,20000,1000,1000
058450,旺宏永豐99購01  ,0,0,0,0,0,0,0,0,0,1000,0,0,0,1000,0,1000,1000
058453,可成永豐99購01  ,0,0,0,0,0,0,0,0,0,1000,0,0,0,1000,0,1000,1000
058471,台積電日盛9C購01,0,0,0,0,0,0,0,0,0,1000,0,0,0,2000,1000,1000,1000
060262,臺股指凱基9B購02,0,0,0,0,0,0,0,0,0,1000,0,0,0,1000,0,1000,1000
057724,亞德客國泰99購01,0,0,0,0,0,0,0,0,0,1000,0,0,0,1000,0,1000,1000
058409,鴻海兆豐99購05  ,0,0,0,0,0,0,0,0,0,1000,0,0,0,1000,0,1000,1000
058428,大立光元富99購02,0,0,0,0,0,0,0,0,0,1000,0,0,0,1000,0,1000,1000
057719,欣興元富02購01  ,0,0,0,0,0,0,0,0,0,1000,0,0,0,588000,587000,1000,1000
058055,華擎統一9A購01  ,0,0,0,0,0,0,0,0,0,1000,0,0,0,93000,92000,1000,1000
060217,國巨凱基9A購10  ,0,0,0,0,0,0,0,0,0,1000,0,0,0,1000,0,1000,1000
057943,可成國票99購03  ,0,0,0,0,0,0,0,0,0,1000,0,0,0,1000,0,1000,1000
057973,神達富邦9A購01  ,0,0,0,0,0,0,0,0,0,1000,0,0,0,51000,50000,1000,1000
06232P,智易永豐97售01  ,0,0,0,0,0,0,0,0,0,1000,0,0,0,1000,0,1000,1000
062323,上銀統一9B購03  ,0,0,0,0,0,0,0,0,0,1000,0,0,0,1000,0,1000,1000
062324,上銀統一9B購04  ,0,0,0,0,0,0,0,0,0,1000,0,0,0,1000,0,1000,1000
062391,台達電富邦9C購01,0,0,0,0,0,0,0,0,0,1000,0,0,0,81000,80000,1000,1000
062387,健策國泰01購01  ,0,0,0,0,0,0,0,0,0,1000,0,0,0,21000,20000,1000,1000
061874,義隆元大9B購02  ,0,0,0,0,0,0,0,0,0,1000,0,0,0,1000,0,1000,1000
061913,宏碁中信9B購01  ,0,0,0,0,0,0,0,0,0,1000,0,0,0,1000,0,1000,1000
061967,旺宏統一01購04  ,0,0,0,0,0,0,0,0,0,1000,0,0,0,1000,0,1000,1000
061986,晶豪科元大9B購01,0,0,0,0,0,0,0,0,0,1000,0,0,0,10000,9000,1000,1000
062004,國巨國泰9C購03  ,0,0,0,0,0,0,0,0,0,1000,0,0,0,2000,1000,1000,1000
062005,旺宏國泰01購01  ,0,0,0,0,0,0,0,0,0,1000,0,0,0,46000,45000,1000,1000
062147,大毅國票9B購02  ,0,0,0,0,0,0,0,0,0,1000,0,0,0,17000,16000,1000,1000
062234,廣達凱基9B購01  ,0,0,0,0,0,0,0,0,0,1000,0,0,0,1000,0,1000,1000
062225,華擎統一01購01  ,0,0,0,0,0,0,0,0,0,1000,0,0,0,14000,13000,1000,1000
062689,華擎統一02購01  ,0,0,0,0,0,0,0,0,0,1000,0,0,0,1000,0,1000,1000
062887,台積電群益9C購05,0,0,0,0,0,0,0,0,0,1000,0,0,0,1000,0,1000,1000
062979,茂林元富9B購01  ,0,0,0,0,0,0,0,0,0,1000,0,0,0,1000,0,1000,1000
064156,大立光統一01購06,0,0,0,0,0,0,0,0,0,1000,0,0,0,1000,0,1000,1000
064182,臻鼎富邦01購01  ,0,0,0,0,0,0,0,0,0,1000,0,0,0,1000,0,1000,1000
064453,微星統一02購01  ,0,0,0,0,0,0,0,0,0,1000,0,0,0,1000,0,1000,1000
063906,T50反1凱基02購03,0,0,0,0,0,0,0,0,0,1000,0,0,0,1000,0,1000,1000
063887,香港2X中信02購01,0,0,0,0,0,0,0,0,0,1000,0,0,0,1000,0,1000,1000
063360,茂林國泰9C購02  ,0,0,0,0,0,0,0,0,0,1000,0,0,0,1000,0,1000,1000
063301,鴻海凱基9B購08  ,0,0,0,0,0,0,0,0,0,1000,0,0,0,8000,7000,1000,1000
5607,遠雄港          ,16000,15000,1000,0,0,0,0,0,0,0,0,0,0,0,0,0,1000
5243,乙盛-KY         ,37000,36000,1000,0,0,0,0,0,0,0,0,0,0,0,0,0,1000
4999,鑫禾            ,10000,9000,1000,0,0,0,0,0,0,0,0,0,0,0,0,0,1000
5203,訊連            ,89000,88000,1000,0,0,0,0,0,0,0,0,0,0,0,0,0,1000
6142,友勁            ,26000,75000,-49000,0,0,0,0,0,0,50000,50000,0,50000,0,0,0,1000
4807,日成-KY         ,2000,1000,1000,0,0,0,0,0,0,0,0,0,0,0,0,0,1000
4439,冠星-KY         ,1000,0,1000,0,0,0,0,0,0,0,0,0,0,0,0,0,1000
9912,偉聯            ,1000,0,1000,0,0,0,0,0,0,0,0,0,0,0,0,0,1000
8478,東哥遊艇        ,1000,0,1000,0,0,0,0,0,0,0,0,0,0,0,0,0,1000
8940,新天地          ,4000,3000,1000,0,0,0,0,0,0,0,0,0,0,0,0,0,1000
8442,威宏-KY         ,1000,0,1000,0,0,0,0,0,0,0,0,0,0,0,0,0,1000
6442,光聖            ,1000,0,1000,0,0,0,0,0,0,0,0,0,0,0,0,0,1000
6625,必應            ,1000,0,1000,0,0,0,0,0,0,0,0,0,0,0,0,0,1000
9941A,裕融甲特        ,0,0,0,0,0,0,0,0,0,1000,1000,0,1000,0,0,0,1000
008201,BP上證50        ,0,0,0,0,0,0,0,0,0,500,0,0,0,500,0,500,500
4919,新唐            ,108000,156000,-48000,0,0,0,0,0,0,48321,3000,4000,-1000,50000,679,49321,321
2491,吉祥全          ,0,0,0,0,0,0,0,0,0,0,1000,1000,0,0,0,0,0
2543,皇昌            ,1000,1000,0,0,0,0,0,0,0,0,0,0,0,0,0,0,0
3055,蔚華科          ,3000,3000,0,0,0,0,0,0,0,0,0,0,0,0,0,0,0
2115,六暉-KY         ,1000,1000,0,0,0,0,0,0,0,0,0,0,0,0,0,0,0
1525,江申            ,1000,1000,0,0,0,0,0,0,0,0,0,0,0,0,0,0,0
1470,大統新創        ,1000,1000,0,0,0,0,0,0,0,0,0,0,0,0,0,0,0
1454,台富            ,8000,8000,0,0,0,0,0,0,0,0,0,0,0,0,0,0,0
1903,士紙            ,139000,139000,0,0,0,0,0,0,0,0,0,0,0,0,0,0,0
1617,榮星            ,2000,2000,0,0,0,0,0,0,0,0,0,0,0,0,0,0,0
07972P,大立光統一9C售05,0,0,0,0,0,0,0,0,0,0,0,0,0,30000,30000,0,0
07965P,玉晶光群益01售02,0,0,0,0,0,0,0,0,0,0,0,0,0,30000,30000,0,0
07962P,聯詠中信05售03  ,0,0,0,0,0,0,0,0,0,0,0,0,0,30000,30000,0,0
07920P,大立光中信01售01,0,0,0,0,0,0,0,0,0,0,0,0,0,30000,30000,0,0
07905P,大立光群益9B售04,0,0,0,0,0,0,0,0,0,0,0,0,0,40000,40000,0,0
07891P,臺股指國票9B售01,0,0,0,0,0,0,0,0,0,0,0,0,0,20000,20000,0,0
07884P,華新科凱基9B售08,0,0,0,0,0,0,0,0,0,0,0,0,0,12000,12000,0,0
07818P,台積電國票9C售01,0,0,0,0,0,0,0,0,0,0,0,0,0,11000,11000,0,0
07819P,旺宏國票9B售01  ,0,0,0,0,0,0,0,0,0,0,0,0,0,70000,70000,0,0
08176P,國巨元大9B售20  ,0,0,0,0,0,0,0,0,0,0,0,0,0,2000,2000,0,0
08012P,台灣50凱基01售13,0,0,0,0,0,0,0,0,0,0,0,0,0,20000,20000,0,0
08208P,臺股指群益9B售16,0,0,0,0,0,0,0,0,0,0,0,0,0,3000,3000,0,0
08292P,華新科台新9C售01,0,0,0,0,0,0,0,0,0,0,0,0,0,20000,20000,0,0
08256P,台積電元大9C售02,0,0,0,0,0,0,0,0,0,0,0,0,0,200000,200000,0,0
08257P,台積電元大9C售04,0,0,0,0,0,0,0,0,0,0,0,0,0,50000,50000,0,0
08440P,玉晶光國票01售05,0,0,0,0,0,0,0,0,0,0,0,0,0,10000,10000,0,0
08663P,台灣50元大96售01,0,0,0,0,0,0,0,0,0,0,0,0,0,241000,241000,0,0
08515P,鴻海群益9C售06  ,0,0,0,0,0,0,0,0,0,0,0,0,0,5000,5000,0,0
1235,興泰            ,1000,1000,0,0,0,0,0,0,0,0,0,0,0,0,0,0,0
06543P,鴻海元大98售08  ,0,0,0,0,0,0,0,0,0,0,0,0,0,5000,5000,0,0
065270,TPK元大01購01   ,0,0,0,0,0,0,0,0,0,0,0,0,0,6000,6000,0,0
065273,南電元大9C購06  ,0,0,0,0,0,0,0,0,0,0,0,0,0,1000,1000,0,0
065274,南茂元大9C購03  ,0,0,0,0,0,0,0,0,0,0,0,0,0,1000,1000,0,0
065293,玉晶光群益01購07,0,0,0,0,0,0,0,0,0,0,0,0,0,9000,9000,0,0
06589P,台積電元大98售12,0,0,0,0,0,0,0,0,0,0,0,0,0,450000,450000,0,0
06631P,玉晶光群益9A售03,0,0,0,0,0,0,0,0,0,0,0,0,0,30000,30000,0,0
06613P,華新科富邦9A售03,0,0,0,0,0,0,0,0,0,0,0,0,0,6000,6000,0,0
06771P,台灣50中信02售01,0,0,0,0,0,0,0,0,0,0,0,0,0,5000,5000,0,0
06778P,台積電元大99售06,0,0,0,0,0,0,0,0,0,0,0,0,0,600000,600000,0,0
06714P,台積電元大98售15,0,0,0,0,0,0,0,0,0,0,0,0,0,30000,30000,0,0
06640P,國巨兆豐99售02  ,0,0,0,0,0,0,0,0,0,0,0,0,0,284000,284000,0,0
07005P,台積電統一9B售05,0,0,0,0,0,0,0,0,0,0,0,0,0,10000,10000,0,0
07061P,台積電元大99售14,0,0,0,0,0,0,0,0,0,0,0,0,0,30000,30000,0,0
07009P,臺股指中信9B售01,0,0,0,0,0,0,0,0,0,0,0,0,0,60000,60000,0,0
06804P,臺股指群益98售10,0,0,0,0,0,0,0,0,0,0,0,0,0,5000,5000,0,0
06806P,臺股指群益98售12,0,0,0,0,0,0,0,0,0,0,0,0,0,25000,25000,0,0
06789P,鴻海凱基98售12  ,0,0,0,0,0,0,0,0,0,0,0,0,0,2000,2000,0,0
06877P,台積電兆豐98售04,0,0,0,0,0,0,0,0,0,0,0,0,0,1585000,1585000,0,0
06867P,訊芯元大98售08  ,0,0,0,0,0,0,0,0,0,0,0,0,0,4000,4000,0,0
06930P,台積電元大98售19,0,0,0,0,0,0,0,0,0,0,0,0,0,50000,50000,0,0
07083P,台積電統一9A售06,0,0,0,0,0,0,0,0,0,0,0,0,0,10000,10000,0,0
07191P,台積電元大99售32,0,0,0,0,0,0,0,0,0,0,0,0,0,50000,50000,0,0
07164P,臺股指群益99售15,0,0,0,0,0,0,0,0,0,0,0,0,0,30000,30000,0,0
07288P,台灣50凱基99售06,0,0,0,0,0,0,0,0,0,0,0,0,0,1000,1000,0,0
07245P,台積電凱基99售16,0,0,0,0,0,0,0,0,0,0,0,0,0,4000,4000,0,0
07431P,臺股指國票9A售03,0,0,0,0,0,0,0,0,0,0,0,0,0,10000,10000,0,0
07704P,台積電元大9A售25,0,0,0,0,0,0,0,0,0,0,0,0,0,250000,250000,0,0
07648P,祥碩國票9B售01  ,0,0,0,0,0,0,0,0,0,0,0,0,0,10000,10000,0,0
07653P,華新科群益9A售05,0,0,0,0,0,0,0,0,0,0,0,0,0,16000,16000,0,0
064971,裕隆元大01購01  ,0,0,0,0,0,0,0,0,0,0,0,0,0,123000,123000,0,0
064896,華新科群益01購02,0,0,0,0,0,0,0,0,0,0,0,0,0,2000,2000,0,0
06488P,台積電元富98售05,0,0,0,0,0,0,0,0,0,0,0,0,0,397000,397000,0,0
064994,南電兆豐01購01  ,0,0,0,0,0,0,0,0,0,0,0,0,0,3000,3000,0,0
065053,南電凱基02購01  ,0,0,0,0,0,0,0,0,0,0,0,0,0,3000,3000,0,0
065141,國巨凱基9C購10  ,0,0,0,0,0,0,0,0,0,0,0,0,0,21000,21000,0,0
065086,可成元大01購04  ,0,0,0,0,0,0,0,0,0,0,0,0,0,69000,69000,0,0
065191,南電統一01購03  ,0,0,0,0,0,0,0,0,0,0,0,0,0,8000,8000,0,0
065188,玉晶光統一02購01,0,0,0,0,0,0,0,0,0,0,0,0,0,5000,5000,0,0
065171,燿華元大9C購04  ,0,0,0,0,0,0,0,0,0,0,0,0,0,52000,52000,0,0
065231,宏達電凱基01購01,0,0,0,0,0,0,0,0,0,0,0,0,0,2000,2000,0,0
065233,TPK凱基01購01   ,0,0,0,0,0,0,0,0,0,0,0,0,0,3000,3000,0,0
065239,超眾凱基02購02  ,0,0,0,0,0,0,0,0,0,0,0,0,0,13000,13000,0,0
065251,宏達電國泰02購01,0,0,0,0,0,0,0,0,0,0,0,0,0,2000,2000,0,0
065252,玉晶光永豐9C購08,0,0,0,0,0,0,0,0,0,0,0,0,0,10000,10000,0,0
065254,大成鋼元大9C購01,0,0,0,0,0,0,0,0,0,0,0,0,0,100000,100000,0,0
064613,聯電元大9C購05  ,0,0,0,0,0,0,0,0,0,0,0,0,0,68000,68000,0,0
064597,鴻海元富9C購03  ,0,0,0,0,0,0,0,0,0,0,0,0,0,10000,10000,0,0
064872,南電永豐9C購02  ,0,0,0,0,0,0,0,0,0,0,0,0,0,4000,4000,0,0
06486P,麗豐元大98售02  ,0,0,0,0,0,0,0,0,0,0,0,0,0,300000,300000,0,0
064735,群創元富9C購02  ,0,0,0,0,0,0,0,0,0,0,0,0,0,98000,98000,0,0
064782,健策群益9C購02  ,0,0,0,0,0,0,0,0,0,0,0,0,0,2000,2000,0,0
00774B,新光中國政金綠債,0,0,0,0,0,0,0,0,0,0,0,0,0,2000,2000,0,0
00775B,新光投等債15+   ,0,0,0,0,0,0,0,0,0,0,0,0,0,2000,2000,0,0
00865B,國泰US短期公債  ,0,0,0,0,0,0,0,0,0,0,0,0,0,104000,104000,0,0
02001L,富邦蘋果正二N   ,0,0,0,0,0,0,0,0,0,0,0,0,0,1000,1000,0,0
00707R,元大S&P日圓反1  ,0,0,0,0,0,0,0,0,0,0,0,0,0,1000,1000,0,0
00711B,FH彭博新興債    ,0,0,0,0,0,0,0,0,0,0,0,0,0,100000,100000,0,0
00742,新光內需收益    ,0,0,0,0,0,0,0,0,0,0,50000,50000,0,180000,180000,0,0
00732,國泰RMB短期報酬 ,0,0,0,0,0,0,0,0,0,0,0,0,0,100000,100000,0,0
00657K,國泰日經225+U   ,0,0,0,0,0,0,0,0,0,0,0,0,0,100,100,0,0
00668K,國泰美國道瓊+U  ,0,0,0,0,0,0,0,0,0,0,0,0,0,100,100,0,0
00688L,國泰20年美債正2 ,0,0,0,0,0,0,0,0,0,0,0,0,0,100000,100000,0,0
00689R,國泰20年美債反1 ,0,0,0,0,0,0,0,0,0,0,0,0,0,100000,100000,0,0
006203,元大MSCI台灣    ,1000,0,1000,0,0,0,0,0,0,-1000,0,0,0,0,1000,-1000,0
006204,永豐臺灣加權    ,0,0,0,0,0,0,0,0,0,0,0,0,0,1000,1000,0,0
0053,元大電子        ,0,0,0,0,0,0,0,0,0,0,0,0,0,7000,7000,0,0
00625K,富邦上証+R      ,0,0,0,0,0,0,0,0,0,0,0,0,0,51000,51000,0,0
00636K,國泰中國A50+U   ,0,0,0,0,0,0,0,0,0,0,0,0,0,100,100,0,0
052662,華新科國票97購01,0,0,0,0,0,0,0,0,0,0,0,0,0,100000,100000,0,0
042692,台灣50凱基96購09,0,0,0,0,0,0,0,0,0,0,0,0,0,51000,51000,0,0
03047X,元展44          ,0,0,0,0,0,0,0,0,0,0,0,0,0,5000,5000,0,0
048192,華通元大96購01  ,0,0,0,0,0,0,0,0,0,0,0,0,0,10000,10000,0,0
050347,上証2X群益98購01,0,0,0,0,0,0,0,0,0,0,0,0,0,109000,109000,0,0
053630,奇鋐兆豐97購01  ,0,0,0,0,0,0,0,0,0,0,0,0,0,6000,6000,0,0
055087,瑞昱亞東97購01  ,0,0,0,0,0,0,0,0,0,0,0,0,0,200000,200000,0,0
055141,牧德永豐98購02  ,0,0,0,0,0,0,0,0,0,0,0,0,0,20000,20000,0,0
055135,聯發科富邦99購05,0,0,0,0,0,0,0,0,0,0,0,0,0,930000,930000,0,0
053190,聯發科統一99購01,0,0,0,0,0,0,0,0,0,0,0,0,0,200000,200000,0,0
053229,南電台新97購01  ,0,0,0,0,0,0,0,0,0,0,0,0,0,53000,53000,0,0
053174,同欣電群益98購02,0,0,0,0,0,0,0,0,0,0,0,0,0,3000,3000,0,0
057367,技嘉元大98購02  ,0,0,0,0,0,0,0,0,0,0,0,0,0,1000,1000,0,0
057363,華通元大99購02  ,0,0,0,0,0,0,0,0,0,0,0,0,0,2000,2000,0,0
057349,聯發科統一98購04,0,0,0,0,0,0,0,0,0,0,0,0,0,29000,29000,0,0
057289,力成元大98購03  ,0,0,0,0,0,0,0,0,0,0,0,0,0,68000,68000,0,0
057291,國巨國泰9A購01  ,0,0,0,0,0,0,0,0,0,0,0,0,0,55000,55000,0,0
056847,佐登元富98購01  ,0,0,0,0,0,0,0,0,0,0,0,0,0,10000,10000,0,0
056771,嘉晶元大99購01  ,0,0,0,0,0,0,0,0,0,0,0,0,0,1000,1000,0,0
056765,友達元大9B購05  ,0,0,0,0,0,0,0,0,0,0,0,0,0,1000,1000,0,0
057427,華通兆豐99購01  ,0,0,0,0,0,0,0,0,0,0,0,0,0,100000,100000,0,0
056763,國巨元大99購02  ,0,0,0,0,0,0,0,0,0,0,0,0,0,5000,5000,0,0
056334,台積電凱基98購06,0,0,0,0,0,0,0,0,0,0,0,0,0,1000,1000,0,0
057273,智邦元大98購05  ,0,0,0,0,0,0,0,0,0,0,0,0,0,14000,14000,0,0
056386,TPK國泰99購01   ,0,0,0,0,0,0,0,0,0,0,0,0,0,30000,30000,0,0
056390,台積電富邦9B購01,0,0,0,0,0,0,0,0,0,0,0,0,0,92000,92000,0,0
054791,泰碩群益99購02  ,0,0,0,0,0,0,0,0,0,0,0,0,0,20000,20000,0,0
05480P,滬深2X凱基96售05,0,0,0,0,0,0,0,0,0,0,0,0,0,8000,8000,0,0
054233,聯發科群益96購04,0,0,0,0,0,0,0,0,0,0,0,0,0,40000,40000,0,0
054406,旺宏國票98購01  ,0,0,0,0,0,0,0,0,0,0,0,0,0,40000,40000,0,0
054432,台積電台新96購05,0,0,0,0,0,0,0,0,0,0,0,0,0,122000,122000,0,0
054479,緯創中信98購01  ,0,0,0,0,0,0,0,0,0,0,0,0,0,170000,170000,0,0
054610,聯發科永豐97購01,0,0,0,0,0,0,0,0,0,0,0,0,0,60000,60000,0,0
054615,牧德永豐98購01  ,0,0,0,0,0,0,0,0,0,0,0,0,0,160000,160000,0,0
054621,華新科兆豐98購01,0,0,0,0,0,0,0,0,0,0,0,0,0,100000,100000,0,0
054098,嘉晶國票97購04  ,0,0,0,0,0,0,0,0,0,0,0,0,0,2000,2000,0,0
055426,旺宏群益99購02  ,0,0,0,0,0,0,0,0,0,0,0,0,0,30000,30000,0,0
054080,微星中信98購01  ,0,0,0,0,0,0,0,0,0,0,0,0,0,20000,20000,0,0
055394,健策統一97購01  ,0,0,0,0,0,0,0,0,0,0,0,0,0,55000,55000,0,0
055353,華新科凱基98購03,0,0,0,0,0,0,0,0,0,0,0,0,0,50000,50000,0,0
055714,智邦元大97購03  ,0,0,0,0,0,0,0,0,0,0,0,0,0,8000,8000,0,0
055773,瑞昱凱基97購03  ,0,0,0,0,0,0,0,0,0,0,0,0,0,10000,10000,0,0
055776,宏達電凱基98購02,0,0,0,0,0,0,0,0,0,0,0,0,0,40000,40000,0,0
055777,冠德凱基97購01  ,0,0,0,0,0,0,0,0,0,0,0,0,0,30000,30000,0,0
055788,緯穎凱基97購04  ,0,0,0,0,0,0,0,0,0,0,0,0,0,10000,10000,0,0
056129,義隆麥證97購01  ,0,0,0,10000,10000,0,0,0,0,0,0,0,0,10000,10000,0,0
056251,聯發科兆豐97購02,0,0,0,0,0,0,0,0,0,0,0,0,0,100000,100000,0,0
056259,T50反1統一9A購01,0,0,0,0,0,0,0,0,0,0,0,0,0,35000,35000,0,0
056262,台積電統一98購04,0,0,0,0,0,0,0,0,0,0,0,0,0,11000,11000,0,0
056298,億光元大97購02  ,0,0,0,0,0,0,0,0,0,0,0,0,0,11000,11000,0,0
056307,貿聯元大97購05  ,0,0,0,0,0,0,0,0,0,0,0,0,0,68000,68000,0,0
056737,國巨凱基9A購01  ,0,0,0,0,0,0,0,0,0,0,0,0,0,5000,5000,0,0
058216,TPK群益99購01   ,0,0,0,0,0,0,0,0,0,0,0,0,0,2000,2000,0,0
056747,致新凱基99購01  ,0,0,0,0,0,0,0,0,0,0,0,0,0,10000,10000,0,0
05905P,晶技統一97售01  ,0,0,0,0,0,0,0,0,0,0,0,0,0,10000,10000,0,0
059062,群創凱基99購05  ,0,0,0,0,0,0,0,0,0,0,0,0,0,15000,15000,0,0
059077,FBVIX元大99購05 ,0,0,0,0,0,0,0,0,0,0,0,0,0,7000,7000,0,0
059087,台積電元大99購26,0,0,0,0,0,0,0,0,0,0,0,0,0,1000,1000,0,0
060097,華新科元大99購23,0,0,0,0,0,0,0,0,0,0,0,0,0,1000,1000,0,0
060085,華通元大99購10  ,0,0,0,0,0,0,0,0,0,0,0,0,0,1000,1000,0,0
060050,鴻海凱基9B購01  ,0,0,0,0,0,0,0,0,0,0,0,0,0,15000,15000,0,0
060043,全新群益9B購02  ,0,0,0,0,0,0,0,0,0,0,0,0,0,49000,49000,0,0
059716,鴻海元大99購35  ,0,0,0,0,0,0,0,0,0,0,0,0,0,1000,1000,0,0
059726,華新科元大99購18,0,0,0,0,0,0,0,0,0,0,0,0,0,2000,2000,0,0
05969P,台積電台新96售04,0,0,0,0,0,0,0,0,0,0,0,0,0,1040000,1040000,0,0
059645,祥碩凱基99購05  ,0,0,0,0,0,0,0,0,0,0,0,0,0,1000,1000,0,0
059660,華新科元大9A購04,0,0,0,0,0,0,0,0,0,0,0,0,0,1000,1000,0,0
059772,可成群益9A購05  ,0,0,0,0,0,0,0,0,0,0,0,0,0,1000,1000,0,0
05974P,國巨富邦97售03  ,0,0,0,0,0,0,0,0,0,0,0,0,0,10000,10000,0,0
056637,台光電日盛9A購01,0,0,0,0,0,0,0,0,0,0,0,0,0,8000,8000,0,0
056609,楠梓電永豐98購02,0,0,0,0,0,0,0,0,0,0,0,0,0,7000,7000,0,0
057513,智邦台新98購01  ,0,0,0,0,0,0,0,0,0,0,0,0,0,61000,61000,0,0
056651,聯茂凱基98購04  ,0,0,0,0,0,0,0,0,0,0,0,0,0,9000,9000,0,0
057547,技嘉凱基99購01  ,0,0,0,0,0,0,0,0,0,0,0,0,0,1000,1000,0,0
056487,康友元大98購01  ,0,0,0,0,0,0,0,0,0,0,0,0,0,400000,400000,0,0
055482,聚陽元大97購02  ,0,0,0,0,0,0,0,0,0,0,0,0,0,2000,2000,0,0
055467,國巨凱基97購05  ,0,0,0,0,0,0,0,0,0,0,0,0,0,20000,20000,0,0
055460,華擎永豐97購01  ,0,0,0,0,0,0,0,0,0,0,0,0,0,10000,10000,0,0
056446,聯發科凱基98購08,0,0,0,0,0,0,0,0,0,0,0,0,0,475000,475000,0,0
055561,奇鋐凱基97購01  ,0,0,0,0,0,0,0,0,0,0,0,0,0,30000,30000,0,0
056531,佳世達凱基98購01,0,0,0,0,0,0,0,0,0,0,0,0,0,50000,50000,0,0
056552,台表科凱基99購01,0,0,0,0,0,0,0,0,0,0,0,0,0,85000,85000,0,0
056539,新光金凱基9A購01,0,0,0,0,0,0,0,0,0,0,0,0,0,10000,10000,0,0
057040,國巨元大98購12  ,0,0,0,0,0,0,0,0,0,0,0,0,0,3000,3000,0,0
057093,臻鼎元富98購02  ,0,0,0,0,0,0,0,0,0,0,0,0,0,20000,20000,0,0
056869,國巨日盛99購03  ,0,0,0,0,0,0,0,0,0,0,0,0,0,1000,1000,0,0
056935,華新科元富98購02,0,0,0,0,0,0,0,0,0,0,0,0,0,457000,457000,0,0
057482,微星元大98購03  ,0,0,0,0,0,0,0,0,0,0,0,0,0,10000,10000,0,0
057465,智易永豐98購02  ,0,0,0,0,0,0,0,0,0,0,0,0,0,68000,68000,0,0
057490,可成元大98購10  ,0,0,0,0,0,0,0,0,0,0,0,0,0,30000,30000,0,0
056417,欣興中信98購01  ,0,0,0,0,0,0,0,0,0,0,0,0,0,40000,40000,0,0
057171,台光電元大9B購01,0,0,0,0,0,0,0,0,0,0,0,0,0,4000,4000,0,0
057194,南電元大98購01  ,0,0,0,0,0,0,0,0,0,0,0,0,0,2000,2000,0,0
057243,樺漢凱基99購01  ,0,0,0,0,0,0,0,0,0,0,0,0,0,10000,10000,0,0
057429,華新科兆豐98購03,0,0,0,0,0,0,0,0,0,0,0,0,0,100000,100000,0,0
058040,FBVIX元大98購01 ,0,0,0,0,0,0,0,0,0,0,0,0,0,10000,10000,0,0
057934,華新科群益98購07,0,0,0,0,0,0,0,0,0,0,0,0,0,99000,99000,0,0
058103,台積電永豐98購06,0,0,0,0,0,0,0,0,0,0,0,0,0,21000,21000,0,0
057749,華新科國票99購01,0,0,0,0,0,0,0,0,0,0,0,0,0,100000,100000,0,0
057826,祥碩元大98購08  ,0,0,0,0,0,0,0,0,0,0,0,0,0,12000,12000,0,0
060254,世紀鋼元大9A購01,0,0,0,0,0,0,0,0,0,0,0,0,0,3000,3000,0,0
059312,元石油元大99購05,0,0,0,0,0,0,0,0,0,0,0,0,0,1000,1000,0,0
059340,鴻海凱基9A購12  ,0,0,0,0,0,0,0,0,0,0,0,0,0,27000,27000,0,0
058459,南電永豐99購01  ,0,0,0,0,0,0,0,0,0,0,0,0,0,10000,10000,0,0
058494,可成群益9B購01  ,0,0,0,0,0,0,0,0,0,0,0,0,0,1000,1000,0,0
059260,國巨中信99購05  ,0,0,0,0,0,0,0,0,0,0,0,0,0,1000,1000,0,0
059247,可成凱基99購05  ,0,0,0,0,0,0,0,0,0,0,0,0,0,3000,3000,0,0
058617,南電元大99購01  ,0,0,0,0,0,0,0,0,0,0,0,0,0,5000,5000,0,0
058683,可成凱基9A購01  ,0,0,0,0,0,0,0,0,0,0,0,0,0,2000,2000,0,0
058729,國巨永豐99購03  ,0,0,0,0,0,0,0,0,0,0,0,0,0,2000,2000,0,0
060286,佳世達元大9C購01,0,0,0,0,0,0,0,0,0,0,0,0,0,33000,33000,0,0
058608,華新科元大99購13,0,0,0,0,0,0,0,0,0,0,0,0,0,1000,1000,0,0
060341,國巨統一9C購02  ,0,0,0,0,0,0,0,0,0,0,0,0,0,1000,1000,0,0
059844,大立光富邦9C購04,0,0,0,0,0,0,0,0,0,0,0,0,0,4000,4000,0,0
059825,嘉晶凱基99購02  ,0,0,0,0,0,0,0,0,0,0,0,0,0,1000,1000,0,0
059940,微星永豐99購01  ,0,0,0,0,0,0,0,0,0,0,0,0,0,30000,30000,0,0
059934,華通永豐99購02  ,0,0,0,0,0,0,0,0,0,0,0,0,0,26000,26000,0,0
059912,國巨元大99購28  ,0,0,0,0,0,0,0,0,0,0,0,0,0,1000,1000,0,0
060958,儒鴻凱基9A購02  ,0,0,0,0,0,0,0,0,0,0,0,0,0,21000,21000,0,0
061018,台積電國票9B購05,0,0,0,0,0,0,0,0,0,0,0,0,0,1000,1000,0,0
060939,鴻海國票9A購06  ,0,0,0,0,0,0,0,0,0,0,0,0,0,2000,2000,0,0
060921,中橡永豐9A購02  ,0,0,0,0,0,0,0,0,0,0,0,0,0,150000,150000,0,0
060914,健策元大9A購03  ,0,0,0,0,0,0,0,0,0,0,0,0,0,9000,9000,0,0
060910,聯發科元大9A購05,0,0,0,0,0,0,0,0,0,0,0,0,0,4000,4000,0,0
060866,世芯永豐9B購01  ,0,0,0,0,0,0,0,0,0,0,0,0,0,4000,4000,0,0
060856,健策富邦9B購02  ,0,0,0,0,0,0,0,0,0,0,0,0,0,10000,10000,0,0
060860,國巨永豐9A購02  ,0,0,0,0,0,0,0,0,0,0,0,0,0,4000,4000,0,0
060881,玉山金中信02購01,0,0,0,0,0,0,0,0,0,0,0,0,0,5000,5000,0,0
059210,鴻海元大99購26  ,0,0,0,0,0,0,0,0,0,0,0,0,0,4000,4000,0,0
058266,宏達電永豐99購01,0,0,0,0,0,0,0,0,0,0,0,0,0,1000,1000,0,0
058290,南電國票9A購01  ,0,0,0,0,0,0,0,0,0,0,0,0,0,5000,5000,0,0
058247,聯茂元大99購04  ,0,0,0,0,0,0,0,0,0,0,0,0,0,100000,100000,0,0
060610,玉晶光凱基9B購02,0,0,0,0,0,0,0,0,0,0,0,0,0,14000,14000,0,0
060624,玉晶光元大9C購02,0,0,0,0,0,0,0,0,0,0,0,0,0,13000,13000,0,0
060710,上銀永豐9A購01  ,0,0,0,0,0,0,0,0,0,0,0,0,0,10000,10000,0,0
058351,上銀凱基9A購02  ,0,0,0,0,0,0,0,0,0,0,0,0,0,11000,11000,0,0
058352,鴻海凱基9A購05  ,0,0,0,0,0,0,0,0,0,0,0,0,0,9000,9000,0,0
058980,鴻海凱基99購06  ,0,0,0,0,0,0,0,0,0,0,0,0,0,5000,5000,0,0
058999,台積電元大99購24,0,0,0,0,0,0,0,0,0,0,0,0,0,10000,10000,0,0
058989,茂林凱基99購02  ,0,0,0,0,0,0,0,0,0,0,0,0,0,25000,25000,0,0
059350,樺漢凱基9A購01  ,0,0,0,0,0,0,0,0,0,0,0,0,0,41000,41000,0,0
059450,和大永豐99購01  ,0,0,0,0,0,0,0,0,0,0,0,0,0,25000,25000,0,0
060452,儒鴻元大9A購01  ,0,0,0,0,0,0,0,0,0,0,0,0,0,11000,11000,0,0
060453,儒鴻元大9A購02  ,0,0,0,0,0,0,0,0,0,0,0,0,0,16000,16000,0,0
059470,華新科元大99購16,0,0,0,0,0,0,0,0,0,0,0,0,0,2000,2000,0,0
058855,台積電兆豐99購02,0,0,0,0,0,0,0,0,0,0,0,0,0,99000,99000,0,0
058937,仁寶中信99購01  ,0,0,0,0,0,0,0,0,0,0,0,0,0,27000,27000,0,0
058938,台積電中信01購03,0,0,0,0,0,0,0,0,0,0,0,0,0,38000,38000,0,0
058800,健策元大99購03  ,0,0,0,0,0,0,0,0,0,0,0,0,0,5000,5000,0,0
058824,晶技富邦9A購01  ,0,0,0,0,0,0,0,0,0,0,0,0,0,8000,8000,0,0
06106P,國巨群益97售02  ,0,0,0,0,0,0,0,0,0,0,0,0,0,10000,10000,0,0
061063,國巨凱基9A購14  ,0,0,0,0,0,0,0,0,0,0,0,0,0,5000,5000,0,0
058569,健策凱基9A購01  ,0,0,0,0,0,0,0,0,0,0,0,0,0,11000,11000,0,0
058573,鴻海群益9A購02  ,0,0,0,0,0,0,0,0,0,0,0,0,0,3000,3000,0,0
058575,智邦群益99購01  ,0,0,0,0,0,0,0,0,0,0,0,0,0,1000,1000,0,0
058577,南亞科群益99購02,0,0,0,0,0,0,0,0,0,0,0,0,0,10000,10000,0,0
059619,台積電日盛9A購04,0,0,0,0,0,0,0,0,0,0,0,0,0,1000,1000,0,0
057602,聯茂群益98購02  ,0,0,0,0,0,0,0,0,0,0,0,0,0,52000,52000,0,0
057646,玉山金元大98購01,0,0,0,0,0,0,0,0,0,0,0,0,0,1000,1000,0,0
060729,國巨群益9A購05  ,0,0,0,0,0,0,0,0,0,0,0,0,0,2000,2000,0,0
060737,瑞儀統一9C購01  ,0,0,0,0,0,0,0,0,0,0,0,0,0,22000,22000,0,0
060546,旺宏凱基9A購02  ,0,0,0,0,0,0,0,0,0,0,0,0,0,10000,10000,0,0
060557,南電凱基9A購02  ,0,0,0,0,0,0,0,0,0,0,0,0,0,10000,10000,0,0
060797,世芯永豐9A購04  ,0,0,0,0,0,0,0,0,0,0,0,0,0,4000,4000,0,0
059511,宏達電永豐99購02,0,0,0,0,0,0,0,0,0,0,0,0,0,3000,3000,0,0
057584,國巨亞東99購01  ,0,0,0,0,0,0,0,0,0,0,0,0,0,190000,190000,0,0
060795,世芯永豐9A購02  ,0,0,0,0,0,0,0,0,0,0,0,0,0,3000,3000,0,0
059595,華新科元大9A購03,0,0,0,0,0,0,0,0,0,0,0,0,0,2000,2000,0,0
059531,華新科凱基9B購02,0,0,0,0,0,0,0,0,0,0,0,0,0,1000,1000,0,0
059522,上証2X凱基9B購02,0,0,0,0,0,0,0,0,0,0,0,0,0,1000,1000,0,0
06110P,國巨國泰98售02  ,0,0,0,0,0,0,0,0,0,0,0,0,0,300000,300000,0,0
061122,敬鵬永豐9A購01  ,0,0,0,0,0,0,0,0,0,0,0,0,0,5000,5000,0,0
061092,可成統一9C購02  ,0,0,0,0,0,0,0,0,0,0,0,0,0,68000,68000,0,0
061193,玉晶光永豐9B購02,0,0,0,0,0,0,0,0,0,0,0,0,0,2000,2000,0,0
061216,世芯元大9A購06  ,0,0,0,0,0,0,0,0,0,0,0,0,0,1000,1000,0,0
061248,健策群益9A購03  ,0,0,0,0,0,0,0,0,0,0,0,0,0,7000,7000,0,0
061265,富邦金凱基9B購01,0,0,0,0,0,0,0,0,0,0,0,0,0,2000,2000,0,0
06139P,台積電中信99售02,0,0,0,0,0,0,0,0,0,0,0,0,0,392000,392000,0,0
061425,華新科元大9A購19,0,0,0,0,0,0,0,0,0,0,0,0,0,1000,1000,0,0
061499,嘉晶國票9A購03  ,0,0,0,0,0,0,0,0,0,0,0,0,0,9000,9000,0,0
061482,健策元大9C購01  ,0,0,0,0,0,0,0,0,0,0,0,0,0,9000,9000,0,0
061298,華新科富邦01購02,0,0,0,0,0,0,0,0,0,0,0,0,0,5000,5000,0,0
061315,滬深2X凱基9C購06,0,0,0,0,0,0,0,0,0,0,0,0,0,100000,100000,0,0
061679,健策元大9B購04  ,0,0,0,0,0,0,0,0,0,0,0,0,0,42000,42000,0,0
061526,宏達電凱基9A購04,0,0,0,0,0,0,0,0,0,0,0,0,0,27000,27000,0,0
061564,華擎國票9A購02  ,0,0,0,0,0,0,0,0,0,0,0,0,0,35000,35000,0,0
061556,台積電國票9A購08,0,0,0,0,0,0,0,0,0,0,0,0,0,20000,20000,0,0
061580,華擎元大9A購06  ,0,0,0,0,0,0,0,0,0,0,0,0,0,65000,65000,0,0
061734,全新中信9B購02  ,0,0,0,0,0,0,0,0,0,0,0,0,0,100000,100000,0,0
061813,鴻海群益9B購02  ,0,0,0,0,0,0,0,0,0,0,0,0,0,98000,98000,0,0
061849,國巨國票9B購08  ,0,0,0,0,0,0,0,0,0,0,0,0,0,4000,4000,0,0
063312,台積電群益9B購07,0,0,0,0,0,0,0,0,0,0,0,0,0,1000,1000,0,0
06336P,鴻海元大98售05  ,0,0,0,0,0,0,0,0,0,0,0,0,0,20000,20000,0,0
063385,可成中信9C購01  ,0,0,0,0,0,0,0,0,0,0,0,0,0,1000,1000,0,0
063416,台積電凱基9B購10,0,0,0,0,0,0,0,0,0,0,0,0,0,1000,1000,0,0
063429,南電凱基01購01  ,0,0,0,0,0,0,0,0,0,0,0,0,0,14000,14000,0,0
063584,南六國泰01購01  ,0,0,0,0,0,0,0,0,0,0,0,0,0,10000,10000,0,0
063461,金像電元大9B購03,0,0,0,0,0,0,0,0,0,0,0,0,0,13000,13000,0,0
063869,玉晶光永豐9C購01,0,0,0,0,0,0,0,0,0,0,0,0,0,2000,2000,0,0
063796,鴻海凱基9C購02  ,0,0,0,0,0,0,0,0,0,0,0,0,0,39000,39000,0,0
063842,國巨元大9C購10  ,0,0,0,0,0,0,0,0,0,0,0,0,0,50000,50000,0,0
063727,鴻海元大9C購05  ,0,0,0,0,0,0,0,0,0,0,0,0,0,3000,3000,0,0
063731,台積電元大9B購10,0,0,0,0,0,0,0,0,0,0,0,0,0,133000,133000,0,0
063735,華新科元大9B購15,0,0,0,0,0,0,0,0,0,0,0,0,0,32000,32000,0,0
063703,晶豪科群益9B購02,0,0,0,0,0,0,0,0,0,0,0,0,0,27000,27000,0,0
06371P,茂林國票98售04  ,0,0,0,0,0,0,0,0,0,0,0,0,0,10000,10000,0,0
063627,上銀元大9B購09  ,0,0,0,0,0,0,0,0,0,0,0,0,0,10000,10000,0,0
063604,群創凱基01購02  ,0,0,0,0,0,0,0,0,0,0,0,0,0,3000,3000,0,0
064429,鴻海凱基03購03  ,0,0,0,0,0,0,0,0,0,0,0,0,0,10000,10000,0,0
064430,鴻海凱基03購04  ,0,0,0,0,0,0,0,0,0,0,0,0,0,10000,10000,0,0
06449P,台積電元大98售09,0,0,0,0,0,0,0,0,0,0,0,0,0,300000,300000,0,0
064389,台泥永豐9C購01  ,0,0,0,0,0,0,0,0,0,0,0,0,0,76000,76000,0,0
064342,晶技元大9C購01  ,0,0,0,0,0,0,0,0,0,0,0,0,0,70000,70000,0,0
064231,鴻海統一01購03  ,0,0,0,0,0,0,0,0,0,0,0,0,0,18000,18000,0,0
064232,鴻海統一01購04  ,0,0,0,0,0,0,0,0,0,0,0,0,0,18000,18000,0,0
064102,宏達電群益9C購01,0,0,0,0,0,0,0,0,0,0,0,0,0,7000,7000,0,0
064063,健策國泰01購02  ,0,0,0,0,0,0,0,0,0,0,0,0,0,20000,20000,0,0
063981,貿聯兆豐9C購01  ,0,0,0,0,0,0,0,0,0,0,0,0,0,10000,10000,0,0
063982,TPK兆豐9C購01   ,0,0,0,0,0,0,0,0,0,0,0,0,0,11000,11000,0,0
062999,聯茂國票9C購01  ,0,0,0,0,0,0,0,0,0,0,0,0,0,4000,4000,0,0
063033,台積電凱基9B購09,0,0,0,0,0,0,0,0,0,0,0,0,0,1000,1000,0,0
063227,祥碩群益9B購06  ,0,0,0,0,0,0,0,0,0,0,0,0,0,274000,274000,0,0
062890,祥碩群益9B購04  ,0,0,0,0,0,0,0,0,0,0,0,0,0,6000,6000,0,0
062908,晶豪科元大9B購03,0,0,0,0,0,0,0,0,0,0,0,0,0,75000,75000,0,0
062945,世芯國泰01購01  ,0,0,0,0,0,0,0,0,0,0,0,0,0,21000,21000,0,0
062932,滬深2X凱基01購01,0,0,0,0,0,0,0,0,0,0,0,0,0,100000,100000,0,0
062799,聯發科統一9C購09,0,0,0,0,0,0,0,0,0,0,0,0,0,3000,3000,0,0
06267P,大立光凱基97售12,0,0,0,0,0,0,0,0,0,0,0,0,0,10000,10000,0,0
062778,國巨元大9B購17  ,0,0,0,0,0,0,0,0,0,0,0,0,0,52000,52000,0,0
06277P,臺股指凱基97售09,0,0,0,0,0,0,0,0,0,0,0,0,0,3000,3000,0,0
062693,中石化元大02購01,0,0,0,0,0,0,0,0,0,0,0,0,0,40000,40000,0,0
062139,臺指反國票9C購02,0,0,0,0,0,0,0,0,0,0,0,0,0,50000,50000,0,0
062072,國巨元大9B購05  ,0,0,0,0,0,0,0,0,0,0,0,0,0,55000,55000,0,0
061912,台積電中信05購05,0,0,0,0,0,0,0,0,0,0,0,0,0,1000,1000,0,0
061867,旺宏元大9B購02  ,0,0,0,0,0,0,0,0,0,0,0,0,0,10000,10000,0,0
061918,上銀凱基9B購02  ,0,0,0,0,0,0,0,0,0,0,0,0,0,50000,50000,0,0
062383,大立光國泰01購01,0,0,0,0,0,0,0,0,0,0,0,0,0,40000,40000,0,0
062336,茂林統一01購02  ,0,0,0,0,0,0,0,0,0,0,0,0,0,10000,10000,0,0
062283,玉晶光群益01購01,0,0,0,0,0,0,0,0,0,0,0,0,0,8000,8000,0,0
062500,國巨群益01購01  ,0,0,0,0,0,0,0,0,0,0,0,0,0,12000,12000,0,0
062509,SP黃豆國票9B購03,0,0,0,0,0,0,0,0,0,0,0,0,0,10000,10000,0,0
06257P,臺股指群益97售10,0,0,0,0,0,0,0,0,0,0,0,0,0,199000,199000,0,0
06259P,臺股指群益97售12,0,0,0,0,0,0,0,0,0,0,0,0,0,12000,12000,0,0
062553,台積電凱基9B購07,0,0,0,0,0,0,0,0,0,0,0,0,0,1000,1000,0,0
6655,科定            ,1000,1000,0,0,0,0,0,0,0,0,0,0,0,0,0,0,0
6591,動力-KY         ,25000,25000,0,0,0,0,0,0,0,0,1000,1000,0,0,0,0,0
9926,新海            ,1000,1000,0,0,0,0,0,0,0,0,0,0,0,0,0,0,0
9931,欣高            ,1000,1000,0,0,0,0,0,0,0,0,0,0,0,0,0,0,0
064751,亞德客凱基9C購02,0,0,0,0,0,0,0,0,0,-1000,0,0,0,0,1000,-1000,-1000
064747,彩晶國票01購01  ,0,0,0,0,0,0,0,0,0,-1000,0,0,0,43000,44000,-1000,-1000
064848,金像電元富9C購02,0,0,0,0,0,0,0,0,0,-1000,0,0,0,10000,11000,-1000,-1000
06485P,玉晶光群益9A售02,0,0,0,0,0,0,0,0,0,-1000,0,0,0,9000,10000,-1000,-1000
064706,嘉晶富邦01購01  ,0,0,0,0,0,0,0,0,0,-1000,0,0,0,45000,46000,-1000,-1000
064687,國巨群益9C購10  ,0,0,0,0,0,0,0,0,0,-1000,0,0,0,0,1000,-1000,-1000
06525P,上証2X國泰99售01,0,0,0,0,0,0,0,0,0,-1000,0,0,0,0,1000,-1000,-1000
065265,景碩元大9C購02  ,0,0,0,0,0,0,0,0,0,-1000,0,0,0,0,1000,-1000,-1000
065229,友達凱基02購03  ,0,0,0,0,0,0,0,0,0,-1000,0,0,0,0,1000,-1000,-1000
065213,南六國票01購03  ,0,0,0,0,0,0,0,0,0,-1000,0,0,0,0,1000,-1000,-1000
064930,南六統一02購02  ,0,0,0,0,0,0,0,0,0,-1000,0,0,0,3000,4000,-1000,-1000
07279P,台灣50台新99售02,0,0,0,0,0,0,0,0,0,-1000,0,0,0,0,1000,-1000,-1000
06875P,台灣50永昌9A售02,0,0,0,0,0,0,0,0,0,-1000,0,0,0,0,1000,-1000,-1000
07073P,臺股指中信9B售02,0,0,0,0,0,0,0,0,0,-1000,0,0,0,0,1000,-1000,-1000
06932P,大立光元大98售21,0,0,0,0,0,0,0,0,0,-1000,0,0,0,4000,5000,-1000,-1000
06634P,欣興國票98售02  ,0,0,0,0,0,0,0,0,0,-1000,0,0,0,0,1000,-1000,-1000
06625P,華新科統一98售03,0,0,0,0,0,0,0,0,0,-1000,0,0,0,0,1000,-1000,-1000
1236,宏亞            ,0,1000,-1000,0,0,0,0,0,0,0,0,0,0,0,0,0,-1000
1324,地球            ,0,1000,-1000,0,0,0,0,0,0,0,0,0,0,0,0,0,-1000
08522P,智邦元大9C售08  ,0,0,0,0,0,0,0,0,0,-1000,0,0,0,0,1000,-1000,-1000
08485P,聯發科群益9C售09,0,0,0,0,0,0,0,0,0,-1000,0,0,0,0,1000,-1000,-1000
08250P,GIS群益9C售02   ,0,0,0,0,0,0,0,0,0,-1000,0,0,0,5000,6000,-1000,-1000
08296P,同欣電元大9C售04,0,0,0,0,0,0,0,0,0,-1000,0,0,0,14000,15000,-1000,-1000
08310P,南電凱基9C售01  ,0,0,0,0,0,0,0,0,0,-1000,0,0,0,5000,6000,-1000,-1000
08301P,台積電兆豐9C售02,0,0,0,0,0,0,0,0,0,-1000,0,0,0,0,1000,-1000,-1000
07983P,茂林群益9B售03  ,0,0,0,0,0,0,0,0,0,-1000,0,0,0,5000,6000,-1000,-1000
07808P,超眾永豐9A售04  ,0,0,0,0,0,0,0,0,0,-1000,0,0,0,0,1000,-1000,-1000
07928P,國巨統一9B售09  ,0,0,0,0,0,0,0,0,0,-1000,0,0,0,0,1000,-1000,-1000
1587,吉茂            ,0,1000,-1000,0,0,0,0,0,0,0,0,0,0,0,0,0,-1000
1521,大億            ,0,1000,-1000,0,0,0,0,0,0,0,0,0,0,0,0,0,-1000
1516,川飛            ,1000,2000,-1000,0,0,0,0,0,0,0,0,0,0,0,0,0,-1000
2427,三商電          ,1000,0,1000,0,0,0,0,0,0,-2000,0,2000,-2000,0,0,0,-1000
3550,聯穎            ,0,1000,-1000,0,0,0,0,0,0,0,0,0,0,0,0,0,-1000
2630,亞航            ,1000,2000,-1000,0,0,0,0,0,0,0,0,0,0,0,0,0,-1000
2731,雄獅            ,28000,29000,-1000,0,0,0,0,0,0,0,0,0,0,0,0,0,-1000
057480,技嘉元大98購03  ,0,0,0,0,0,0,0,0,0,-1000,0,0,0,4000,5000,-1000,-1000
056895,技嘉元大98購01  ,0,0,0,0,0,0,0,0,0,-1000,0,0,0,5000,6000,-1000,-1000
057121,立積康和98購01  ,0,0,0,0,0,0,0,0,0,-1000,0,0,0,0,1000,-1000,-1000
057026,長榮航凱基98購01,0,0,0,0,0,0,0,0,0,-1000,0,0,0,6000,7000,-1000,-1000
056559,華通群益98購02  ,0,0,0,0,0,0,0,0,0,-1000,0,0,0,0,1000,-1000,-1000
055586,旺宏元大98購06  ,0,0,0,0,0,0,0,0,0,-1000,0,0,0,1000,2000,-1000,-1000
059761,國巨永豐99購06  ,0,0,0,0,0,0,0,0,0,-1000,0,0,0,16000,17000,-1000,-1000
059770,A50正2群益9C購01,0,0,0,0,0,0,0,0,0,-1000,0,0,0,0,1000,-1000,-1000
059681,華新科國泰9B購02,0,0,0,0,0,0,0,0,0,-1000,0,0,0,0,1000,-1000,-1000
060031,旭富永豐99購02  ,0,0,0,0,0,0,0,0,0,-1000,0,0,0,0,1000,-1000,-1000
060079,台郡台新99購03  ,0,0,0,0,0,0,0,0,0,-1000,0,0,0,35000,36000,-1000,-1000
060071,國巨元富99購03  ,0,0,0,0,0,0,0,0,0,-1000,0,0,0,1000,2000,-1000,-1000
059035,旺宏群益99購06  ,0,0,0,0,0,0,0,0,0,-1000,0,0,0,0,1000,-1000,-1000
059031,元石油中信03購01,0,0,0,0,0,0,0,0,0,-1000,0,0,0,0,1000,-1000,-1000
056027,樺漢群益97購02  ,0,0,0,0,0,0,0,0,0,-1000,0,0,0,0,1000,-1000,-1000
053744,台郡國票97購03  ,0,0,0,0,0,0,0,0,0,-1000,0,0,0,0,1000,-1000,-1000
054069,亞光國泰98購01  ,0,0,0,0,0,0,0,0,0,-1000,0,0,0,0,1000,-1000,-1000
054060,晶技國票97購02  ,0,0,0,0,0,0,0,0,0,-1000,0,0,0,1000,2000,-1000,-1000
054871,明泰群益98購01  ,0,0,0,0,0,0,0,0,0,-1000,0,0,0,0,1000,-1000,-1000
056330,玉晶光國票99購03,0,0,0,0,0,0,0,0,0,-1000,0,0,0,57000,58000,-1000,-1000
056782,鴻海群益98購04  ,0,0,0,0,0,0,0,0,0,-1000,0,0,0,0,1000,-1000,-1000
056789,和碩群益98購01  ,0,0,0,0,0,0,0,0,0,-1000,0,0,0,0,1000,-1000,-1000
056795,鴻海麥證98購01  ,0,0,0,1000,2000,-1000,0,0,0,-1000,0,0,0,1000,2000,-1000,-1000
057327,玉晶光群益9A購04,0,0,0,0,0,0,0,0,0,-1000,0,0,0,13000,14000,-1000,-1000
053377,台積電元大98購01,0,0,0,0,0,0,0,0,0,-1000,0,0,0,0,1000,-1000,-1000
050854,世紀鋼國票97購01,0,0,0,0,0,0,0,0,0,-1000,0,0,0,0,1000,-1000,-1000
03683C,T50反1元大9C牛04,0,0,0,0,0,0,0,0,0,-1000,0,0,0,0,1000,-1000,-1000
052676,聯發科永昌98購01,0,0,0,0,0,0,0,0,0,-1000,0,0,0,0,1000,-1000,-1000
00645,富邦日本        ,0,0,0,0,0,0,0,0,0,-1000,0,0,0,101000,102000,-1000,-1000
0052,富邦科技        ,1000,1000,0,0,0,0,0,0,0,-1000,0,0,0,103000,104000,-1000,-1000
00691R,兆豐藍籌30反1   ,0,0,0,0,0,0,0,0,0,-1000,0,0,0,0,1000,-1000,-1000
061493,T50反1國票9B購04,0,0,0,0,0,0,0,0,0,-1000,0,0,0,0,1000,-1000,-1000
061304,創意永豐9A購02  ,0,0,0,0,0,0,0,0,0,-1000,0,0,0,0,1000,-1000,-1000
061448,旺宏中信9A購02  ,0,0,0,0,0,0,0,0,0,-1000,0,0,0,0,1000,-1000,-1000
061280,國巨統一9C購06  ,0,0,0,0,0,0,0,0,0,-1000,0,0,0,2000,3000,-1000,-1000
061241,晶技兆豐9A購01  ,0,0,0,0,0,0,0,0,0,-1000,0,0,0,24000,25000,-1000,-1000
061181,牧德凱基9A購01  ,0,0,0,0,0,0,0,0,0,-1000,0,0,0,2000,3000,-1000,-1000
059605,臺股指元大9A購42,0,0,0,0,0,0,0,0,0,-1000,0,0,0,0,1000,-1000,-1000
059637,大立光凱基01購01,0,0,0,0,0,0,0,0,0,-1000,0,0,0,0,1000,-1000,-1000
058593,大立光統一9B購02,0,0,0,0,0,0,0,0,0,-1000,0,0,0,0,1000,-1000,-1000
058893,元油2X元大9C購10,0,0,0,0,0,0,0,0,0,-1000,0,0,0,0,1000,-1000,-1000
059397,T50反1元富99購05,0,0,0,0,0,0,0,0,0,-1000,0,0,0,2000,3000,-1000,-1000
058389,聯茂國票9A購01  ,0,0,0,0,0,0,0,0,0,-1000,0,0,0,10000,11000,-1000,-1000
060656,國巨統一9C購03  ,0,0,0,0,0,0,0,0,0,-1000,0,0,0,30000,31000,-1000,-1000
058286,道瓊指國票9B購01,0,0,0,0,0,0,0,0,0,-1000,0,0,0,0,1000,-1000,-1000
060030,晶相光永豐99購03,0,0,0,0,0,0,0,0,0,-1000,0,0,0,4000,5000,-1000,-1000
060025,台積電富邦9C購06,0,0,0,0,0,0,0,0,0,-1000,0,0,0,0,1000,-1000,-1000
059248,華新科凱基99購04,0,0,0,0,0,0,0,0,0,-1000,0,0,0,2000,3000,-1000,-1000
058519,嘉澤元大99購01  ,0,0,0,0,0,0,0,0,0,-1000,0,0,0,27000,28000,-1000,-1000
059339,上銀凱基99購06  ,0,0,0,0,0,0,0,0,0,-1000,0,0,0,0,1000,-1000,-1000
057812,友達元大9A購05  ,0,0,0,0,0,0,0,0,0,-1000,0,0,0,106000,107000,-1000,-1000
057873,義隆元大98購03  ,0,0,0,0,0,0,0,0,0,-1000,0,0,0,1000,2000,-1000,-1000
057751,神達國票99購02  ,0,0,0,0,0,0,0,0,0,-1000,0,0,0,4000,5000,-1000,-1000
057757,鴻海凱基98購13  ,0,0,0,0,0,0,0,0,0,-1000,0,0,0,1000,2000,-1000,-1000
057699,可成群益9A購02  ,0,0,0,0,0,0,0,0,0,-1000,0,0,0,0,1000,-1000,-1000
058089,聯發科元大98購15,0,0,0,0,0,0,0,0,0,-1000,0,0,0,0,1000,-1000,-1000
057945,京鼎國票99購03  ,0,50000,-50000,0,0,0,0,0,0,49000,0,0,0,51000,2000,49000,-1000
06258P,臺股指群益97售11,0,0,0,0,0,0,0,0,0,-1000,0,0,0,0,1000,-1000,-1000
062365,台光電元大9B購03,0,0,0,0,0,0,0,0,0,-1000,0,0,0,60000,61000,-1000,-1000
061938,大立光國票9B購03,0,0,0,0,0,0,0,0,0,-1000,0,0,0,0,1000,-1000,-1000
061976,國巨元大9B購01  ,0,0,0,0,0,0,0,0,0,-1000,0,0,0,18000,19000,-1000,-1000
062083,健策元大9C購03  ,0,0,0,0,0,0,0,0,0,-1000,0,0,0,14000,15000,-1000,-1000
062672,兆豐金中信03購01,0,0,0,0,0,0,0,0,0,-1000,0,0,0,0,1000,-1000,-1000
063001,巨大國票9B購01  ,0,0,0,0,0,0,0,0,0,-1000,0,0,0,0,1000,-1000,-1000
063007,儒鴻元大9B購01  ,0,0,0,0,0,0,0,0,0,-1000,0,0,0,28000,29000,-1000,-1000
063056,嘉澤統一9C購02  ,0,0,0,0,0,0,0,0,0,-1000,0,0,0,4000,5000,-1000,-1000
063928,可成統一01購02  ,0,0,0,0,0,0,0,0,0,-1000,0,0,0,0,1000,-1000,-1000
064110,國巨國票01購01  ,0,0,0,0,0,0,0,0,0,-1000,0,0,0,13000,14000,-1000,-1000
064327,金寶元大01購01  ,0,0,0,0,0,0,0,0,0,-1000,0,0,0,19000,20000,-1000,-1000
064457,禾伸堂統一01購02,0,0,0,0,0,0,0,0,0,-1000,0,0,0,0,1000,-1000,-1000
063711,高鐵凱基9B購01  ,0,0,0,0,0,0,0,0,0,-1000,0,0,0,0,1000,-1000,-1000
063861,南亞科國泰02購01,0,0,0,0,0,0,0,0,0,-1000,0,0,0,0,1000,-1000,-1000
063877,鴻海元富9C購01  ,0,0,0,0,0,0,0,0,0,-1000,0,0,0,5000,6000,-1000,-1000
063911,大立光凱基9C購03,0,0,0,0,0,0,0,0,0,-1000,0,0,0,1000,2000,-1000,-1000
063480,南六元大9C購01  ,0,0,0,0,0,0,0,0,0,-1000,0,0,0,31000,32000,-1000,-1000
063432,金寶元富9B購01  ,0,0,0,0,0,0,0,0,0,-1000,0,0,0,202000,203000,-1000,-1000
063391,南電兆豐9C購01  ,0,0,0,0,0,0,0,0,0,-1000,0,0,0,0,1000,-1000,-1000
06327P,台積電中信01售01,0,0,0,0,0,0,0,0,0,-1000,0,0,0,1000,2000,-1000,-1000
063284,大立光元大9B購07,0,0,0,0,0,0,0,0,0,-1000,0,0,0,0,1000,-1000,-1000
6674,鋐寶科技        ,1000,2000,-1000,0,0,0,0,0,0,0,0,0,0,0,0,0,-1000
6698,旭暉應材        ,19000,20000,-1000,0,0,0,0,0,0,0,0,0,0,0,0,0,-1000
8466,美吉吉-KY       ,0,1000,-1000,0,0,0,0,0,0,0,0,0,0,0,0,0,-1000
8467,波力-KY         ,0,1000,-1000,0,0,0,0,0,0,0,0,0,0,0,0,0,-1000
8473,山林水          ,4000,5000,-1000,0,0,0,0,0,0,0,0,0,0,0,0,0,-1000
8482,商億-KY         ,1000,2000,-1000,0,0,0,0,0,0,0,0,0,0,0,0,0,-1000
4755,三福化          ,4000,5000,-1000,0,0,0,0,0,0,0,0,0,0,0,0,0,-1000
5538,東明-KY         ,0,1000,-1000,0,0,0,0,0,0,0,0,0,0,0,0,0,-1000
6128,上福            ,1000,2000,-1000,0,0,0,0,0,0,0,0,0,0,0,0,0,-1000
2540,愛山林          ,4000,6000,-2000,0,0,0,0,0,0,0,0,0,0,0,0,0,-2000
2440,太空梭          ,0,2000,-2000,0,0,0,0,0,0,0,0,0,0,0,0,0,-2000
2477,美隆電          ,4000,6000,-2000,0,0,0,0,0,0,0,0,0,0,0,0,0,-2000
2424,隴華            ,0,2000,-2000,0,0,0,0,0,0,0,0,0,0,0,0,0,-2000
2243,宏旭-KY         ,0,2000,-2000,0,0,0,0,0,0,0,0,0,0,0,0,0,-2000
1726,永記            ,0,2000,-2000,0,0,0,0,0,0,0,0,0,0,0,0,0,-2000
07933P,大立光富邦9C售06,0,0,0,0,0,0,0,0,0,-2000,0,0,0,0,2000,-2000,-2000
07873P,華新科群益9B售03,0,0,0,0,0,0,0,0,0,-2000,0,0,0,0,2000,-2000,-2000
07903P,台積電群益9B售03,0,0,0,0,0,0,0,0,0,-2000,0,0,0,0,2000,-2000,-2000
07757P,國巨國票9B售04  ,0,0,0,0,0,0,0,0,0,-2000,0,0,0,0,2000,-2000,-2000
08048P,臺股指國票9B售13,0,0,0,0,0,0,0,0,0,-2000,0,0,0,0,2000,-2000,-2000
08091P,A50正2元富9B售02,0,0,0,0,0,0,0,0,0,-2000,0,0,0,0,2000,-2000,-2000
08430P,友達凱基01售01  ,0,0,0,0,0,0,0,0,0,-2000,0,0,0,0,2000,-2000,-2000
08396P,鴻海元富9C售04  ,0,0,0,0,0,0,0,0,0,-2000,0,0,0,33000,35000,-2000,-2000
1108,幸福            ,20000,22000,-2000,0,0,0,0,0,0,0,0,0,0,0,0,0,-2000
1256,鮮活果汁-KY     ,1000,3000,-2000,0,0,0,0,0,0,0,0,0,0,0,0,0,-2000
065288,華新科群益02購02,0,0,0,0,0,0,0,0,0,-2000,0,0,0,2000,4000,-2000,-2000
06656P,GIS元大98售02   ,0,0,0,0,0,0,0,0,0,-2000,0,0,0,30000,32000,-2000,-2000
06693P,臺股指凱基98售01,0,0,0,0,0,0,0,0,0,-2000,0,0,0,8000,10000,-2000,-2000
06722P,臺股指中信9A售04,0,0,0,0,0,0,0,0,0,-2000,0,0,0,0,2000,-2000,-2000
07292P,臺股指凱基99售44,0,0,0,0,0,0,0,0,0,-2000,0,0,0,3000,5000,-2000,-2000
07276P,臺股指群益99售19,0,0,0,0,0,0,0,0,0,-2000,0,0,0,0,2000,-2000,-2000
07160P,台灣50中信03售04,0,0,0,0,0,0,0,0,0,-2000,0,0,0,0,2000,-2000,-2000
07195P,大立光元大99售12,0,0,0,0,0,0,0,0,0,-2000,0,0,0,5000,7000,-2000,-2000
07086P,力成元富9C售01  ,0,0,0,0,0,0,0,0,0,-2000,0,0,0,147000,149000,-2000,-2000
07574P,國巨元大9A售12  ,0,0,0,0,0,0,0,0,0,-2000,0,0,0,48000,50000,-2000,-2000
07522P,台積電中信9A售03,0,0,0,0,0,0,0,0,0,-2000,0,0,0,0,2000,-2000,-2000
06457P,玉晶光統一98售02,0,0,0,0,0,0,0,0,0,-2000,0,0,0,53000,55000,-2000,-2000
064766,矽創凱基9C購01  ,0,0,0,0,0,0,0,0,0,-2000,0,0,0,0,2000,-2000,-2000
00666R,富邦恒生國企反1 ,0,0,0,0,0,0,0,0,0,-2000,0,0,0,87000,89000,-2000,-2000
00757,統一FANG+       ,0,0,0,0,0,0,0,0,0,-2000,0,0,0,201000,203000,-2000,-2000
052890,FB上証群益9B購01,0,0,0,0,0,0,0,0,0,-2000,0,0,0,3000,5000,-2000,-2000
03450B,臺股指元大9C熊23,0,0,0,0,0,0,0,0,0,-2000,0,0,0,0,2000,-2000,-2000
051946,健策統一98購01  ,0,0,0,0,0,0,0,0,0,-2000,0,0,0,0,2000,-2000,-2000
053400,緯穎中信9A購01  ,0,0,0,0,0,0,0,0,0,-2000,0,0,0,2000,4000,-2000,-2000
053560,漢唐國泰98購01  ,0,0,0,0,0,0,0,0,0,-2000,0,0,0,0,2000,-2000,-2000
055104,台達電凱基98購01,0,0,0,0,0,0,0,0,0,-2000,0,0,0,115000,117000,-2000,-2000
057337,聯發科國票99購02,0,0,0,0,0,0,0,0,0,-2000,0,0,0,30000,32000,-2000,-2000
057288,聯茂元大98購03  ,0,0,0,0,0,0,0,0,0,-2000,0,0,0,3000,5000,-2000,-2000
056821,日電貿永豐98購01,0,0,0,0,0,0,0,0,0,-2000,0,0,0,18000,20000,-2000,-2000
056829,台積電富邦9A購01,0,0,0,0,0,0,0,0,0,-2000,0,0,0,0,2000,-2000,-2000
056338,聯發科凱基99購01,0,0,0,0,0,0,0,0,0,-2000,0,0,0,0,2000,-2000,-2000
056394,晶豪科永豐98購01,0,0,0,0,0,0,0,0,0,-2000,0,0,0,13000,15000,-2000,-2000
054776,矽創國票98購01  ,0,0,0,0,0,0,0,0,0,-2000,0,0,0,0,2000,-2000,-2000
055383,GIS元大97購02   ,0,0,0,0,0,0,0,0,0,-2000,0,0,0,0,2000,-2000,-2000
055806,致新永豐97購02  ,0,0,0,0,0,0,0,0,0,-2000,0,0,0,0,2000,-2000,-2000
056255,華新科元富97購05,0,0,0,0,0,0,0,0,0,-2000,0,0,0,0,2000,-2000,-2000
056222,台積電凱基9A購01,0,0,0,0,0,0,0,0,0,-2000,0,0,0,0,2000,-2000,-2000
056225,聯發科凱基97購09,0,0,0,0,0,0,0,0,0,-2000,0,0,0,0,2000,-2000,-2000
056184,南亞科統一97購03,0,0,0,0,0,0,0,0,0,-2000,0,0,0,0,2000,-2000,-2000
056185,全新統一98購01  ,0,0,0,0,0,0,0,0,0,-2000,0,0,0,2000,4000,-2000,-2000
058230,國巨元大99購11  ,0,0,0,0,0,0,0,0,0,-2000,0,0,0,2000,4000,-2000,-2000
059049,元油2X凱基9A購12,0,0,0,0,0,0,0,0,0,-2000,0,0,0,0,2000,-2000,-2000
056745,聯茂凱基99購03  ,0,0,0,0,0,0,0,0,0,-2000,0,0,0,4000,6000,-2000,-2000
059728,聯鈞元大99購01  ,0,0,0,0,0,0,0,0,0,-2000,0,0,0,31000,33000,-2000,-2000
060103,聯詠元大99購01  ,0,0,0,0,0,0,0,0,0,-2000,0,0,0,0,2000,-2000,-2000
059823,奇力新凱基99購07,0,0,0,0,0,0,0,0,0,-2000,0,0,0,2000,4000,-2000,-2000
056565,欣興群益98購03  ,0,0,0,0,0,0,0,0,0,-2000,0,0,0,0,2000,-2000,-2000
055576,嘉晶統一98購01  ,0,0,0,0,0,0,0,0,0,-2000,0,0,0,2000,4000,-2000,-2000
056915,上銀兆豐99購01  ,0,0,0,0,0,0,0,0,0,-2000,0,0,0,0,2000,-2000,-2000
056415,聯發科中信98購04,0,0,0,0,0,0,0,0,0,-2000,0,0,0,8000,10000,-2000,-2000
057222,鴻海國票99購04  ,0,0,0,0,0,0,0,0,0,-2000,0,0,0,0,2000,-2000,-2000
058037,台灣50元大9B購02,0,0,0,0,0,0,0,0,0,-2000,0,0,0,0,2000,-2000,-2000
059256,臺股指凱基99購34,0,0,0,0,0,0,0,0,0,-2000,0,0,0,0,2000,-2000,-2000
058643,T50正2富邦03購01,0,0,0,0,0,0,0,0,0,-2000,0,0,0,0,2000,-2000,-2000
058669,上銀群益99購01  ,0,0,0,0,0,0,0,0,0,-2000,0,0,0,0,2000,-2000,-2000
060844,大立光國票9A購07,0,0,0,0,0,0,0,0,0,-2000,0,0,0,0,2000,-2000,-2000
060006,華通群益9A購04  ,0,0,0,0,0,0,0,0,0,-2000,0,0,0,0,2000,-2000,-2000
059937,旺宏永豐99購03  ,0,0,0,0,0,0,0,0,0,-2000,0,0,0,0,2000,-2000,-2000
060870,旭富群益9A購01  ,0,0,0,0,0,0,0,0,0,-2000,0,0,0,98000,100000,-2000,-2000
058277,FBVIX中信03購01 ,0,0,0,0,0,0,0,0,0,-2000,0,0,0,0,2000,-2000,-2000
058250,台虹元大99購01  ,0,0,0,0,0,0,0,0,0,-2000,0,0,0,0,2000,-2000,-2000
059239,台積電凱基99購12,0,0,0,0,0,0,0,0,0,-2000,0,0,0,0,2000,-2000,-2000
059123,訊芯永豐99購03  ,0,0,0,0,0,0,0,0,0,-2000,0,0,0,8000,10000,-2000,-2000
059415,台灣50元大9A購03,0,0,0,0,0,0,0,0,0,-2000,0,0,0,0,2000,-2000,-2000
059467,旺宏元大99購15  ,0,0,0,0,0,0,0,0,0,-2000,0,0,0,0,2000,-2000,-2000
058912,祥碩元大99購01  ,0,0,0,0,0,0,0,0,0,-2000,0,0,0,3000,5000,-2000,-2000
058926,勤誠元富99購01  ,0,0,0,0,0,0,0,0,0,-2000,0,0,0,0,2000,-2000,-2000
057665,技嘉元大99購01  ,0,0,0,0,0,0,0,0,0,-2000,0,0,0,4000,6000,-2000,-2000
057667,可成元大99購01  ,0,0,0,0,0,0,0,0,0,-2000,0,0,0,68000,70000,-2000,-2000
061255,道瓊反凱基9C購01,0,0,0,0,0,0,0,0,0,-2000,0,0,0,0,2000,-2000,-2000
061683,台灣50群益9B購09,0,0,0,0,0,0,0,0,0,-2000,0,0,0,0,2000,-2000,-2000
061802,勤誠永豐9B購01  ,0,0,0,0,0,0,0,0,0,-2000,0,0,0,0,2000,-2000,-2000
063320,旭富群益9B購03  ,0,0,0,0,0,0,0,0,0,-2000,0,0,0,170000,172000,-2000,-2000
063589,美食永豐9B購02  ,0,0,0,0,0,0,0,0,0,-2000,0,0,0,0,2000,-2000,-2000
063547,大立光兆豐9B購04,0,0,0,0,0,0,0,0,0,-2000,0,0,0,0,2000,-2000,-2000
063926,南亞科統一03購01,0,0,0,0,0,0,0,0,0,-2000,0,0,0,0,2000,-2000,-2000
063829,晶技國票01購01  ,0,0,0,0,0,0,0,0,0,-2000,0,0,0,0,2000,-2000,-2000
063820,華邦電麥證01購01,0,0,0,33000,35000,-2000,0,0,0,-2000,0,0,0,33000,35000,-2000,-2000
063632,金像電元大9B購04,0,0,0,0,0,0,0,0,0,-2000,0,0,0,0,2000,-2000,-2000
063666,京元電統一9C購01,0,0,0,0,0,0,0,0,0,-2000,0,0,0,98000,100000,-2000,-2000
064504,玉晶光元大01購02,0,0,0,0,0,0,0,0,0,-2000,0,0,0,148000,150000,-2000,-2000
064044,台光電統一01購03,0,0,0,0,0,0,0,0,0,-2000,0,0,0,0,2000,-2000,-2000
063083,聯發科凱基01購02,0,0,0,0,0,0,0,0,0,-2000,0,0,0,0,2000,-2000,-2000
063131,聯茂元大9B購03  ,0,0,0,0,0,0,0,0,0,-2000,0,0,0,56000,58000,-2000,-2000
062993,華新科群益9B購05,0,0,0,0,0,0,0,0,0,-2000,0,0,0,51000,53000,-2000,-2000
062989,鴻海群益9B購07  ,0,0,0,0,0,0,0,0,0,-2000,0,0,0,0,2000,-2000,-2000
063260,信邦富邦9B購01  ,0,0,0,0,0,0,0,0,0,-2000,0,0,0,20000,22000,-2000,-2000
063211,道瓊銀國票9B購01,0,0,0,0,0,0,0,0,0,-2000,0,0,0,0,2000,-2000,-2000
062602,華通麥證9C購01  ,0,0,0,0,2000,-2000,0,0,0,-2000,0,0,0,0,2000,-2000,-2000
06294P,臺股指國票97售08,0,0,0,0,0,0,0,0,0,-2000,0,0,0,33000,35000,-2000,-2000
062208,旭富國票9C購01  ,0,0,0,0,0,0,0,0,0,-2000,0,0,0,0,2000,-2000,-2000
061909,台積電中信05購02,0,0,0,0,0,0,0,0,0,-2000,0,0,0,0,2000,-2000,-2000
062399,神基永豐9B購01  ,0,0,0,0,0,0,0,0,0,-2000,0,0,0,0,2000,-2000,-2000
062529,可成統一9C購03  ,0,0,0,0,0,0,0,0,0,-2000,0,0,0,0,2000,-2000,-2000
6184,大豐電          ,6000,8000,-2000,0,0,0,0,0,0,0,0,0,0,0,0,0,-2000
5283,禾聯碩          ,3000,6000,-3000,0,0,0,0,0,0,1000,0,0,0,1000,0,1000,-2000
8481,政伸            ,0,2000,-2000,0,0,0,0,0,0,0,0,0,0,0,0,0,-2000
9188,精熙-DR         ,1000,3000,-2000,0,0,0,0,0,0,0,0,0,0,0,0,0,-2000
8443,阿瘦            ,0,2000,-2000,0,0,0,0,0,0,0,0,0,0,0,0,0,-2000
8411,福貞-KY         ,3000,9000,-6000,0,0,0,0,0,0,4000,4000,0,4000,0,0,0,-2000
6671,三能-KY         ,0,2000,-2000,0,0,0,0,0,0,0,0,0,0,0,0,0,-2000
6579,研揚            ,0,1000,-1000,0,0,0,0,0,0,-1000,0,1000,-1000,0,0,0,-2000
9927,泰銘            ,10000,12000,-2000,0,0,0,0,0,0,0,0,0,0,0,0,0,-2000
9943,好樂迪          ,38000,40000,-2000,0,0,0,0,0,0,0,0,0,0,0,0,0,-2000
064598,國巨元富9C購03  ,0,0,0,0,0,0,0,0,0,-3000,0,0,0,17000,20000,-3000,-3000
06468P,華新科統一98售02,0,0,0,0,0,0,0,0,0,-3000,0,0,0,3000,6000,-3000,-3000
065256,上銀元大9C購10  ,0,0,0,0,0,0,0,0,0,-3000,0,0,0,0,3000,-3000,-3000
07415P,台積電元大99售52,0,0,0,0,0,0,0,0,0,-3000,0,0,0,3000,6000,-3000,-3000
07603P,台積電統一9B售08,0,0,0,0,0,0,0,0,0,-3000,0,0,0,0,3000,-3000,-3000
07267P,臺股指元大99售23,0,0,0,0,0,0,0,0,0,-3000,0,0,0,0,3000,-3000,-3000
06695P,群創兆豐98售04  ,0,0,0,0,0,0,0,0,0,-3000,0,0,0,0,3000,-3000,-3000
06985P,華新科富邦9C售02,0,0,0,0,0,0,0,0,0,-3000,0,0,0,0,3000,-3000,-3000
07058P,台積電凱基9A售07,0,0,0,0,0,0,0,0,0,-3000,0,0,0,2000,5000,-3000,-3000
07067P,旺宏台新99售02  ,0,0,0,0,0,0,0,0,0,-3000,0,0,0,1000,4000,-3000,-3000
1232,大統益          ,0,3000,-3000,0,0,0,0,0,0,0,0,0,0,0,0,0,-3000
1312A,國喬特          ,0,0,0,0,0,0,0,0,0,-3000,0,3000,-3000,0,0,0,-3000
08424P,群創元富9C售03  ,0,0,0,0,0,0,0,0,0,-3000,0,0,0,10000,13000,-3000,-3000
08465P,玉晶光兆豐01售02,0,0,0,0,0,0,0,0,0,-3000,0,0,0,0,3000,-3000,-3000
07954P,台表科元大9B售02,0,0,0,0,0,0,0,0,0,-3000,0,0,0,20000,23000,-3000,-3000
1463,強盛            ,7000,10000,-3000,0,0,0,0,0,0,0,0,0,0,0,0,0,-3000
1436,華友聯          ,1000,3000,-2000,0,0,0,0,0,0,-1000,0,1000,-1000,0,0,0,-3000
2236,百達-KY         ,5000,8000,-3000,0,0,0,0,0,0,0,0,0,0,0,0,0,-3000
2032,新鋼            ,2000,5000,-3000,0,0,0,0,0,0,0,0,0,0,0,0,0,-3000
2397,友通            ,3000,6000,-3000,0,0,0,0,0,0,0,0,0,0,0,0,0,-3000
2524,京城            ,26000,29000,-3000,0,0,0,0,0,0,0,0,0,0,0,0,0,-3000
2486,一詮            ,84000,87000,-3000,0,0,0,0,0,0,0,0,0,0,0,0,0,-3000
3501,維熹            ,9000,12000,-3000,0,0,0,0,0,0,0,0,0,0,0,0,0,-3000
3346,麗清            ,9000,12000,-3000,0,0,0,0,0,0,0,0,0,0,0,0,0,-3000
057119,微星康和98購01  ,0,0,0,0,0,0,0,0,0,-3000,0,0,0,65000,68000,-3000,-3000
057516,和鑫元富98購01  ,0,0,0,0,0,0,0,0,0,-3000,0,0,0,50000,53000,-3000,-3000
058148,百和元大99購01  ,0,0,0,0,0,0,0,0,0,-3000,0,0,0,7000,10000,-3000,-3000
056173,廣達元富97購01  ,0,0,0,0,0,0,0,0,0,-3000,0,0,0,0,3000,-3000,-3000
056204,嘉澤永豐97購01  ,0,0,0,0,0,0,0,0,0,-3000,0,0,0,0,3000,-3000,-3000
056263,友訊統一99購01  ,0,0,0,0,0,0,0,0,0,-3000,0,0,0,0,3000,-3000,-3000
056695,景碩群益99購01  ,0,0,0,0,0,0,0,0,0,-3000,0,0,0,0,3000,-3000,-3000
054532,強茂國泰98購01  ,0,0,0,0,0,0,0,0,0,-3000,0,0,0,28000,31000,-3000,-3000
057331,台積電國票99購04,0,0,0,0,0,0,0,0,0,-3000,0,0,0,2000,5000,-3000,-3000
053162,緯穎元大97購01  ,0,0,0,0,0,0,0,0,0,-3000,0,0,0,27000,30000,-3000,-3000
05088P,大立光富邦99售01,0,0,0,0,0,0,0,0,0,-3000,0,0,0,0,3000,-3000,-3000
05268P,玉晶光元大98售01,0,0,0,0,0,0,0,0,0,-3000,0,0,0,170000,173000,-3000,-3000
061857,康友國票9B購01  ,0,0,0,0,0,0,0,0,0,-3000,0,0,0,18000,21000,-3000,-3000
061776,晶技國票9B購01  ,0,0,0,0,0,0,0,0,0,-3000,0,0,0,46000,49000,-3000,-3000
061532,和大統一9C購02  ,0,0,0,0,0,0,0,0,0,-3000,0,0,0,0,3000,-3000,-3000
061234,國巨元大9A購18  ,0,0,0,0,0,0,0,0,0,-3000,0,0,0,2000,5000,-3000,-3000
061134,大成鋼統一9C購01,0,0,0,0,0,0,0,0,0,-3000,0,0,0,10000,13000,-3000,-3000
061127,美食永豐9A購01  ,0,0,0,0,0,0,0,0,0,-3000,0,0,0,20000,23000,-3000,-3000
061366,台勝科國票9A購01,0,0,0,0,0,0,0,0,0,-3000,0,0,0,40000,43000,-3000,-3000
057681,T50反1日盛9C購01,0,0,0,0,0,0,0,0,0,-3000,0,0,0,1013000,1016000,-3000,-3000
059632,聯發科凱基01購01,0,0,0,0,0,0,0,0,0,-3000,0,0,0,10000,13000,-3000,-3000
058533,玉晶光元富99購01,0,0,0,0,0,0,0,0,0,-3000,0,0,0,0,3000,-3000,-3000
060782,道瓊指富邦9C購01,0,0,0,0,0,0,0,0,0,-3000,0,0,0,0,3000,-3000,-3000
060510,大立光元大9A購03,0,0,0,0,0,0,0,0,0,-3000,0,0,0,12000,15000,-3000,-3000
058308,全新元大9B購01  ,0,0,0,0,0,0,0,0,0,-3000,0,0,0,0,3000,-3000,-3000
058314,欣興富邦9B購01  ,0,0,0,0,0,0,0,0,0,-3000,0,0,0,0,3000,-3000,-3000
058268,泰碩永豐9A購01  ,0,0,0,0,0,0,0,0,0,-3000,0,0,0,0,3000,-3000,-3000
058239,景碩元大99購03  ,0,0,0,0,0,0,0,0,0,-3000,0,0,0,231000,234000,-3000,-3000
060699,華新科國泰9B購03,0,0,0,0,0,0,0,0,0,-3000,0,0,0,96000,99000,-3000,-3000
058639,南電兆豐99購01  ,0,0,0,0,0,0,0,0,0,-3000,0,0,0,4000,7000,-3000,-3000
058514,潤泰全元大99購01,0,0,0,0,0,0,0,0,0,-3000,0,0,0,0,3000,-3000,-3000
057936,健策群益99購01  ,0,0,0,0,0,0,0,0,0,-3000,0,0,0,112000,115000,-3000,-3000
058101,台積電富邦9C購01,0,0,0,0,0,0,0,0,0,-3000,0,0,0,0,3000,-3000,-3000
058440,玉晶光統一99購02,0,0,0,0,0,0,0,0,0,-3000,0,0,0,26000,29000,-3000,-3000
05781P,臺股指統一99售02,0,0,0,0,0,0,0,0,0,-3000,0,0,0,0,3000,-3000,-3000
062461,智伸科群益9B購01,0,0,0,0,0,0,0,0,0,-3000,0,0,0,69000,72000,-3000,-3000
061984,華新科元大9B購05,0,0,0,0,0,0,0,0,0,-3000,0,0,0,0,3000,-3000,-3000
062105,國巨國票9C購03  ,0,0,0,0,0,0,0,0,0,-3000,0,0,0,1000,4000,-3000,-3000
062624,大成鋼國票9B購02,0,0,0,0,0,0,0,0,0,-3000,0,0,0,35000,38000,-3000,-3000
06269P,群創凱基98售10  ,0,0,0,0,0,0,0,0,0,-3000,0,0,0,10000,13000,-3000,-3000
063257,牧德國泰01購01  ,0,0,0,0,0,0,0,0,0,-3000,0,0,0,11000,14000,-3000,-3000
063223,牧德群益9B購04  ,0,0,0,0,0,0,0,0,0,-3000,0,0,0,10000,13000,-3000,-3000
063100,聚陽群益9C購02  ,0,0,0,0,0,0,0,0,0,-3000,0,0,0,32000,35000,-3000,-3000
063950,信邦元大9C購01  ,0,0,0,0,0,0,0,0,0,-3000,0,0,0,55000,58000,-3000,-3000
064377,宏達電元富9C購01,0,0,0,0,0,0,0,0,0,-3000,0,0,0,6000,9000,-3000,-3000
063686,國巨永豐9B購04  ,0,0,0,0,0,0,0,0,0,-3000,0,0,0,1000,4000,-3000,-3000
063748,台積電國票9C購05,0,0,0,0,0,0,0,0,0,-3000,0,0,0,31000,34000,-3000,-3000
063848,大立光元大9C購09,0,0,0,0,0,0,0,0,0,-3000,0,0,0,0,3000,-3000,-3000
063908,國巨凱基9C購06  ,0,0,0,0,0,0,0,0,0,-3000,0,0,0,22000,25000,-3000,-3000
063479,南六元大9B購06  ,0,0,0,0,0,0,0,0,0,-3000,0,0,0,21000,24000,-3000,-3000
6666,羅麗芬-KY       ,3000,6000,-3000,0,0,0,0,0,0,0,0,0,0,0,0,0,-3000
8131,福懋科          ,114000,120000,-6000,0,0,0,0,0,0,3000,4000,0,4000,0,1000,-1000,-3000
8488,吉源-KY         ,1000,4000,-3000,0,0,0,0,0,0,0,0,0,0,0,0,0,-3000
4764,雙鍵            ,0,3000,-3000,0,0,0,0,0,0,0,0,0,0,0,0,0,-3000
6133,金橋            ,0,3000,-3000,0,0,0,0,0,0,0,0,0,0,0,0,0,-3000
9930,中聯資源        ,4000,7100,-3100,0,0,0,0,0,0,0,0,0,0,0,0,0,-3100
6409,旭隼            ,125690,129000,-3310,0,0,0,0,0,0,0,0,0,0,0,0,0,-3310
3266,昇陽            ,4000,8000,-4000,0,0,0,0,0,0,0,0,0,0,0,0,0,-4000
2069,運錩            ,3000,6000,-3000,0,0,0,0,0,0,-1000,0,1000,-1000,0,0,0,-4000
2024,志聯            ,1000,5000,-4000,0,0,0,0,0,0,0,0,0,0,0,0,0,-4000
2028,威致            ,3000,7000,-4000,0,0,0,0,0,0,0,0,0,0,0,0,0,-4000
2302,麗正            ,1000,5000,-4000,0,0,0,0,0,0,0,0,0,0,0,0,0,-4000
2305,全友            ,15000,19000,-4000,0,0,0,0,0,0,0,0,0,0,0,0,0,-4000
1438,裕豐            ,0,4000,-4000,0,0,0,0,0,0,0,0,0,0,0,0,0,-4000
1456,怡華            ,65000,69000,-4000,0,0,0,0,0,0,0,0,0,0,0,0,0,-4000
1473,台南            ,65000,69000,-4000,0,0,0,0,0,0,0,0,0,0,0,0,0,-4000
1611,中電            ,204000,204000,0,0,0,0,0,0,0,-4000,0,4000,-4000,0,0,0,-4000
07968P,國巨元大9B售09  ,0,0,0,0,0,0,0,0,0,-4000,0,0,0,12000,16000,-4000,-4000
07874P,長榮航群益9B售01,0,0,0,0,0,0,0,0,0,-4000,0,0,0,0,4000,-4000,-4000
07772P,華新科國票9A售05,0,0,0,0,0,0,0,0,0,-4000,0,0,0,0,4000,-4000,-4000
07858P,旺宏永豐9A售03  ,0,0,0,0,0,0,0,0,0,-4000,0,0,0,0,4000,-4000,-4000
08017P,華新科國票9B售01,0,0,0,0,0,0,0,0,0,-4000,0,0,0,0,4000,-4000,-4000
08189P,超眾群益9B售04  ,0,0,0,0,0,0,0,0,0,-4000,0,0,0,0,4000,-4000,-4000
08486P,富邦金群益9C售02,0,0,0,0,0,0,0,0,0,-4000,0,0,0,21000,25000,-4000,-4000
08332P,智邦台新9C售03  ,0,0,0,0,0,0,0,0,0,-4000,0,0,0,1000,5000,-4000,-4000
08385P,臺股指群益9C售13,0,0,0,0,0,0,0,0,0,-4000,0,0,0,0,4000,-4000,-4000
08380P,GIS元大9C售06   ,0,0,0,0,0,0,0,0,0,-4000,0,0,0,0,4000,-4000,-4000
08277P,嘉晶元富9C售02  ,0,0,0,0,0,0,0,0,0,-4000,0,0,0,6000,10000,-4000,-4000
07069P,欣興元富99售02  ,0,0,0,0,0,0,0,0,0,-4000,0,0,0,5000,9000,-4000,-4000
06717P,可成元大98售09  ,0,0,0,0,0,0,0,0,0,-4000,0,0,0,1000,5000,-4000,-4000
07235P,T50正2元大9C售02,0,0,0,0,0,0,0,0,0,-4000,0,0,0,0,4000,-4000,-4000
07388P,臺股指群益9C售07,0,0,0,0,0,0,0,0,0,-4000,0,0,0,0,4000,-4000,-4000
07178P,臺股指凱基99售20,0,0,0,0,0,0,0,0,0,-4000,0,0,0,0,4000,-4000,-4000
065168,台積電元大02購02,0,0,0,0,0,0,0,0,0,-4000,0,0,0,0,4000,-4000,-4000
06516P,國巨凱基98售08  ,0,0,0,0,0,0,0,0,0,-4000,0,0,0,0,4000,-4000,-4000
064611,亞德客元大9C購02,0,0,0,0,0,0,0,0,0,-4000,0,0,0,0,4000,-4000,-4000
06456P,聯發科統一98售03,0,4000,-4000,0,0,0,0,0,0,0,0,0,0,0,0,0,-4000
064756,友達凱基02購02  ,0,0,0,0,0,0,0,0,0,-4000,0,0,0,0,4000,-4000,-4000
00731,FH富時高息低波  ,0,0,0,0,0,0,0,0,0,-4000,0,0,0,1110000,1114000,-4000,-4000
053481,同欣電元大97購01,0,0,0,0,0,0,0,0,0,-4000,0,0,0,1000,5000,-4000,-4000
057329,緯穎群益98購02  ,0,0,0,0,0,0,0,0,0,-4000,0,0,0,7000,11000,-4000,-4000
055271,鴻海元大98購03  ,0,0,0,0,0,0,0,0,0,-4000,0,0,0,2000,6000,-4000,-4000
056250,瑞昱兆豐97購02  ,0,0,0,0,0,0,0,0,0,-4000,0,0,0,36000,40000,-4000,-4000
055810,T50反1國票99購01,0,0,0,0,0,0,0,0,0,-4000,0,0,0,96000,100000,-4000,-4000
055839,瑞昱元大97購04  ,0,0,0,0,0,0,0,0,0,-4000,0,0,0,4000,8000,-4000,-4000
055940,致新群益98購01  ,0,0,0,0,0,0,0,0,0,-4000,0,0,0,0,4000,-4000,-4000
059727,大立光元大9A購01,0,0,0,0,0,0,0,0,0,-4000,0,0,0,0,4000,-4000,-4000
056544,貿聯凱基98購03  ,0,0,0,0,0,0,0,0,0,-4000,0,0,0,50000,54000,-4000,-4000
058020,大立光凱基99購03,0,0,0,0,0,0,0,0,0,-4000,0,0,0,0,4000,-4000,-4000
059257,臺股指凱基99購35,0,0,0,0,0,0,0,0,0,-4000,0,0,0,1000,5000,-4000,-4000
059286,S&P正2元富01購03,0,0,0,0,0,0,0,0,0,-4000,0,0,0,0,4000,-4000,-4000
060235,瑞昱元大9A購01  ,0,0,0,0,0,0,0,0,0,-4000,0,0,0,2000,6000,-4000,-4000
058672,可成群益9B購02  ,0,0,0,0,0,0,0,0,0,-4000,0,0,0,94000,98000,-4000,-4000
058693,旭富國票9A購01  ,0,0,0,0,0,0,0,0,0,-4000,0,0,0,20000,24000,-4000,-4000
060159,健和興永豐9A購01,0,0,0,0,0,0,0,0,0,-4000,0,0,0,7000,11000,-4000,-4000
061010,上銀麥證9A購02  ,0,0,0,0,4000,-4000,0,0,0,-4000,0,0,0,0,4000,-4000,-4000
060723,致新永豐9A購01  ,0,0,0,0,0,0,0,0,0,-4000,0,0,0,21000,25000,-4000,-4000
061053,國巨群益9A購08  ,0,0,0,0,0,0,0,0,0,-4000,0,0,0,2000,6000,-4000,-4000
058747,友達凱基9A購03  ,0,0,0,0,0,0,0,0,0,-4000,0,0,0,0,4000,-4000,-4000
059466,國巨元大99購26  ,0,0,0,0,0,0,0,0,0,-4000,0,0,0,2000,6000,-4000,-4000
059377,台積電群益99購09,0,0,0,0,0,0,0,0,0,-4000,0,0,0,0,4000,-4000,-4000
058978,SGBR2X凱基9A購03,0,0,0,0,0,0,0,0,0,-4000,0,0,0,0,4000,-4000,-4000
061450,嘉晶中信9A購01  ,0,0,0,0,0,0,0,0,0,-4000,0,0,0,16000,20000,-4000,-4000
061150,國巨群益9A購09  ,0,0,0,0,0,0,0,0,0,-4000,0,0,0,2000,6000,-4000,-4000
061544,大毅群益9B購02  ,0,0,0,0,0,0,0,0,0,-4000,0,0,0,98000,102000,-4000,-4000
06152P,玉晶光元大98售06,0,0,0,0,0,0,0,0,0,-4000,0,0,0,6000,10000,-4000,-4000
063496,儒鴻永豐9B購01  ,0,0,0,0,0,0,0,0,0,-4000,0,0,0,0,4000,-4000,-4000
063395,金像電群益9B購02,0,0,0,0,0,0,0,0,0,-4000,0,0,0,16000,20000,-4000,-4000
063790,南亞科台新9C購01,0,0,0,0,0,0,0,0,0,-4000,0,0,0,6000,10000,-4000,-4000
064243,TPK統一02購02   ,0,0,0,0,0,0,0,0,0,-4000,0,0,0,59000,63000,-4000,-4000
06293P,臺股指國票97售07,0,0,0,0,0,0,0,0,0,-4000,0,0,0,1000,5000,-4000,-4000
062238,臻鼎凱基9C購01  ,0,0,0,0,0,0,0,0,0,-4000,0,0,0,222000,226000,-4000,-4000
061959,鴻海統一9B購04  ,0,0,0,0,0,0,0,0,0,-4000,0,0,0,96000,100000,-4000,-4000
062371,健策元大9B購08  ,0,0,0,0,0,0,0,0,0,-4000,0,0,0,5000,9000,-4000,-4000
062352,南六群益9B購02  ,0,0,0,0,0,0,0,0,0,-4000,0,0,0,94000,98000,-4000,-4000
8480,泰昇-KY         ,1000,5000,-4000,0,0,0,0,0,0,0,0,0,0,0,0,0,-4000
6115,鎰勝            ,0,4000,-4000,0,0,0,0,0,0,0,0,0,0,0,0,0,-4000
5284,jpp-KY          ,1000,5000,-4000,0,0,0,0,0,0,0,0,0,0,0,0,0,-4000
4562,穎漢            ,3000,7000,-4000,0,0,0,0,0,0,0,0,0,0,0,0,0,-4000
6415,矽力-KY         ,702222,708686,-6464,0,0,0,13000,5627,7373,-5000,6000,10000,-4000,0,1000,-1000,-4091
064737,中石化國票01購01,0,0,0,0,0,0,0,0,0,-5000,0,0,0,0,5000,-5000,-5000
064830,可成統一9C購04  ,0,0,0,0,0,0,0,0,0,-5000,0,0,0,4000,9000,-5000,-5000
065259,燿華元大9C購05  ,0,0,0,0,0,0,0,0,0,-5000,0,0,0,0,5000,-5000,-5000
065128,大成鋼兆豐9C購01,0,0,0,0,0,0,0,0,0,-5000,0,0,0,0,5000,-5000,-5000
065131,晶技兆豐01購01  ,0,0,0,0,0,0,0,0,0,-5000,0,0,0,0,5000,-5000,-5000
065004,瑞昱國票01購02  ,0,0,0,0,0,0,0,0,0,-5000,0,0,0,52000,57000,-5000,-5000
064987,勤誠元大9C購02  ,0,0,0,0,0,0,0,0,0,-5000,0,0,0,0,5000,-5000,-5000
07163P,臺股指群益99售14,0,0,0,0,0,0,0,0,0,-5000,0,0,0,10000,15000,-5000,-5000
07270P,台灣50元大01售09,0,0,0,0,0,0,0,0,0,-5000,0,0,0,10000,15000,-5000,-5000
07698P,臺股指元大9A售51,0,0,0,0,0,0,0,0,0,-5000,0,0,0,0,5000,-5000,-5000
07751P,世紀鋼凱基9A售02,0,0,0,0,0,0,0,0,0,-5000,0,0,0,0,5000,-5000,-5000
07472P,和碩元大9A售03  ,0,0,0,0,0,0,0,0,0,-5000,0,0,0,15000,20000,-5000,-5000
06723P,台灣50麥證99售01,0,0,0,0,5000,-5000,0,0,0,-5000,0,0,0,0,5000,-5000,-5000
06735P,奇力新凱基98售07,0,0,0,0,0,0,0,0,0,-5000,0,0,0,0,5000,-5000,-5000
06686P,麗豐永豐98售02  ,0,0,0,0,0,0,0,0,0,-5000,0,0,0,5000,10000,-5000,-5000
065282,國巨群益9C購14  ,0,0,0,0,0,0,0,0,0,-5000,0,0,0,0,5000,-5000,-5000
06931P,大立光元大98售20,0,0,0,0,0,0,0,0,0,-5000,0,0,0,0,5000,-5000,-5000
08307P,台積電凱基9C售03,0,0,0,0,0,0,0,0,0,-5000,0,0,0,0,5000,-5000,-5000
07980P,臺股指凱基02售01,0,0,0,0,0,0,0,0,0,-5000,0,0,0,0,5000,-5000,-5000
08006P,長榮航中信03售01,0,0,0,0,0,0,0,0,0,-5000,0,0,0,0,5000,-5000,-5000
07826P,台積電富邦9B售07,0,0,0,0,0,0,0,0,0,-5000,0,0,0,0,5000,-5000,-5000
07765P,台積電群益9A售06,0,0,0,0,0,0,0,0,0,-5000,0,0,0,0,5000,-5000,-5000
07863P,華新科凱基9B售07,0,0,0,0,0,0,0,0,0,-5000,0,0,0,0,5000,-5000,-5000
07923P,元金2X凱基02售02,0,0,0,0,0,0,0,0,0,-5000,0,0,0,0,5000,-5000,-5000
07931P,國巨元大9B售03  ,0,0,0,0,0,0,0,0,0,-5000,0,0,0,0,5000,-5000,-5000
1441,大東            ,6000,11000,-5000,0,0,0,0,0,0,0,0,0,0,0,0,0,-5000
1446,宏和            ,5000,10000,-5000,0,0,0,0,0,0,0,0,0,0,0,0,0,-5000
2433,互盛電          ,1000,6000,-5000,0,0,0,0,0,0,0,0,0,0,0,0,0,-5000
2380,虹光            ,2000,7000,-5000,0,0,0,0,0,0,0,0,0,0,0,0,0,-5000
3494,誠研            ,2000,7000,-5000,0,0,0,0,0,0,0,0,0,0,0,0,0,-5000
3593,力銘            ,7000,12000,-5000,0,0,0,0,0,0,0,0,0,0,0,0,0,-5000
3011,今皓            ,2000,7000,-5000,0,0,0,0,0,0,0,0,0,0,0,0,0,-5000
2465,麗臺            ,0,5000,-5000,0,0,0,0,0,0,0,0,0,0,0,0,0,-5000
056576,晶技元大99購02  ,0,0,0,0,0,0,0,0,0,-5000,0,0,0,0,5000,-5000,-5000
057236,聯詠凱基98購03  ,0,0,0,0,0,0,0,0,0,-5000,0,0,0,49000,54000,-5000,-5000
057178,可成元大98購03  ,0,0,0,0,0,0,0,0,0,-5000,0,0,0,68000,73000,-5000,-5000
056433,鴻海凱基98購09  ,0,0,0,0,0,0,0,0,0,-5000,0,0,0,6000,11000,-5000,-5000
057494,玉晶光元大99購09,0,0,0,0,0,0,0,0,0,-5000,0,0,0,34000,39000,-5000,-5000
060101,大立光元大99購31,0,0,0,0,0,0,0,0,0,-5000,0,0,0,1000,6000,-5000,-5000
060063,可成兆豐9B購01  ,0,0,0,0,0,0,0,0,0,-5000,0,0,0,0,5000,-5000,-5000
059094,臻鼎元大99購03  ,0,0,0,0,0,0,0,0,0,-5000,0,0,0,73000,78000,-5000,-5000
056727,滬深反凱基9B購01,0,0,0,0,0,0,0,0,0,-5000,0,0,0,0,5000,-5000,-5000
053827,漢唐麥證9A購01  ,0,0,0,0,5000,-5000,0,0,0,-5000,0,0,0,0,5000,-5000,-5000
053971,聯發科元大97購09,0,0,0,0,0,0,0,0,0,-5000,0,0,0,20000,25000,-5000,-5000
054661,嘉聯益元大97購03,0,0,0,0,0,0,0,0,0,-5000,0,0,0,0,5000,-5000,-5000
054451,上銀亞東98購01  ,0,0,0,0,0,0,0,0,0,-5000,0,0,0,0,5000,-5000,-5000
054357,可成兆豐97購02  ,0,0,0,0,0,0,0,0,0,-5000,0,0,0,40000,45000,-5000,-5000
054924,景碩凱基98購01  ,0,0,0,0,0,0,0,0,0,-5000,0,0,0,5000,10000,-5000,-5000
055021,亞德客國泰98購01,0,0,0,0,0,0,0,0,0,-5000,0,0,0,0,5000,-5000,-5000
00735,國泰臺韓科技    ,0,6000,-6000,0,0,0,0,0,0,1000,0,0,0,100000,99000,1000,-5000
00709,富邦歐洲        ,0,0,0,0,0,0,0,0,0,-5000,0,0,0,101000,106000,-5000,-5000
0057,富邦摩台        ,0,0,0,0,0,0,0,0,0,-5000,0,0,0,40000,45000,-5000,-5000
052698,深中小國票99購01,0,0,0,0,0,0,0,0,0,-5000,0,0,0,0,5000,-5000,-5000
03444B,臺股指元大9C熊02,0,0,0,0,0,0,0,0,0,-5000,0,0,0,0,5000,-5000,-5000
03094X,大立光元大68展08,0,0,0,0,0,0,0,0,0,-5000,0,0,0,0,5000,-5000,-5000
061577,泰碩元大9A購03  ,0,0,0,0,0,0,0,0,0,-5000,0,0,0,140000,145000,-5000,-5000
061753,南亞科台新9B購01,0,0,0,0,0,0,0,0,0,-5000,0,0,0,0,5000,-5000,-5000
061759,上証反元大02購01,0,0,0,0,0,0,0,0,0,-5000,0,0,0,5000,10000,-5000,-5000
061823,勤誠群益9B購01  ,0,0,0,0,0,0,0,0,0,-5000,0,0,0,0,5000,-5000,-5000
061089,台積電統一9C購04,0,0,0,0,0,0,0,0,0,-5000,0,0,0,0,5000,-5000,-5000
061205,旺宏元大9A購11  ,0,0,0,0,0,0,0,0,0,-5000,0,0,0,115000,120000,-5000,-5000
061254,道瓊反凱基9A購02,0,0,0,0,0,0,0,0,0,-5000,0,0,0,5000,10000,-5000,-5000
061475,漢唐元大9A購01  ,0,0,0,0,0,0,0,0,0,-5000,0,0,0,0,5000,-5000,-5000
06149P,台積電元大97售18,0,0,0,0,0,0,0,0,0,-5000,0,0,0,0,5000,-5000,-5000
061285,大立光統一9A購04,0,0,0,0,0,0,0,0,0,-5000,0,0,0,0,5000,-5000,-5000
061343,大立光元大9A購04,0,0,0,0,0,0,0,0,0,-5000,0,0,0,0,5000,-5000,-5000
059364,昇陽半永豐99購02,0,0,0,0,0,0,0,0,0,-5000,0,0,0,0,5000,-5000,-5000
060464,台積電元大9A購11,0,0,0,0,0,0,0,0,0,-5000,0,0,0,0,5000,-5000,-5000
058833,台表科永豐99購01,0,0,0,0,0,0,0,0,0,-5000,0,0,0,111000,116000,-5000,-5000
057639,國巨元大99購07  ,0,0,0,0,0,0,0,0,0,-5000,0,0,0,1000,6000,-5000,-5000
060779,臺股指凱基9A購07,0,0,0,0,0,0,0,0,0,-5000,0,0,0,6000,11000,-5000,-5000
059520,台表科永豐99購02,0,0,0,0,0,0,0,0,0,-5000,0,0,0,0,5000,-5000,-5000
061015,旺宏麥證9A購03  ,0,0,0,0,5000,-5000,0,0,0,-5000,0,0,0,0,5000,-5000,-5000
060980,台積電元大9A購21,0,0,0,0,0,0,0,0,0,-5000,0,0,0,0,5000,-5000,-5000
060905,台積電元大9A購20,0,0,0,0,0,0,0,0,0,-5000,0,0,0,0,5000,-5000,-5000
059928,道瓊銀富邦03購01,0,0,0,0,0,0,0,0,0,-5000,0,0,0,0,5000,-5000,-5000
058284,滬深反群益01購01,0,0,0,0,0,0,0,0,0,-5000,0,0,0,0,5000,-5000,-5000
060667,力成凱基9A購01  ,0,0,0,0,0,0,0,0,0,-5000,0,0,0,105000,110000,-5000,-5000
058347,玉晶光群益9B購01,0,0,0,0,0,0,0,0,0,-5000,0,0,0,30000,35000,-5000,-5000
058688,矽創凱基9A購01  ,0,0,0,0,0,0,0,0,0,-5000,0,0,0,0,5000,-5000,-5000
058710,臺股指元大9A購23,0,0,0,0,0,0,0,0,0,-5000,0,0,0,0,5000,-5000,-5000
060330,台灣50麥證9A購03,0,0,0,0,5000,-5000,0,0,0,-5000,0,0,0,0,5000,-5000,-5000
060333,金寶康和9A購01  ,0,0,0,0,0,0,0,0,0,-5000,0,0,0,0,5000,-5000,-5000
059249,大立光凱基99購05,0,0,0,0,0,0,0,0,0,-5000,0,0,0,0,5000,-5000,-5000
058474,鴻海凱基9A購06  ,0,0,0,0,0,0,0,0,0,-5000,0,0,0,11000,16000,-5000,-5000
062520,晶豪科元大9B購02,0,0,0,0,0,0,0,0,0,-5000,0,0,0,2000,7000,-5000,-5000
062538,台積電國泰9C購02,0,0,0,0,0,0,0,0,0,-5000,0,0,0,1000,6000,-5000,-5000
061952,臺股指群益9B購01,0,0,0,0,0,0,0,0,0,-5000,0,0,0,0,5000,-5000,-5000
061920,台積電凱基9C購02,0,0,0,0,0,0,0,0,0,-5000,0,0,0,35000,40000,-5000,-5000
061905,上証反中信03購01,0,0,0,0,0,0,0,0,0,-5000,0,0,0,0,5000,-5000,-5000
062187,台勝科元大9B購02,0,0,0,0,0,0,0,0,0,-5000,0,0,0,68000,73000,-5000,-5000
062090,南電元大9B購02  ,0,0,0,0,0,0,0,0,0,-5000,0,0,0,50000,55000,-5000,-5000
062038,鴻海凱基9B購05  ,0,0,0,0,0,0,0,0,0,-5000,0,0,0,31000,36000,-5000,-5000
06278P,臺股指凱基97售10,0,0,0,0,0,0,0,0,0,-5000,0,0,0,0,5000,-5000,-5000
062728,健策凱基9B購04  ,0,0,0,0,0,0,0,0,0,-5000,0,0,0,51000,56000,-5000,-5000
062648,聯茂富邦9B購01  ,0,0,0,0,0,0,0,0,0,-5000,0,0,0,0,5000,-5000,-5000
063090,道瓊反中信9C購02,0,0,0,0,0,0,0,0,0,-5000,0,0,0,0,5000,-5000,-5000
063058,A50正2元富02購01,0,0,0,0,0,0,0,0,0,-5000,0,0,0,0,5000,-5000,-5000
063005,道瓊反元大9B購02,0,0,0,0,0,0,0,0,0,-5000,0,0,0,0,5000,-5000,-5000
063164,聯發科永豐9B購03,0,0,0,0,0,0,0,0,0,-5000,0,0,0,0,5000,-5000,-5000
064480,聚陽永豐9C購01  ,0,0,0,0,0,0,0,0,0,-5000,0,0,0,16000,21000,-5000,-5000
064426,群創兆豐9C購01  ,0,0,0,0,0,0,0,0,0,-5000,0,0,0,40000,45000,-5000,-5000
064088,大立光凱基02購01,0,0,0,0,0,0,0,0,0,-5000,0,0,0,0,5000,-5000,-5000
063762,緯穎統一9C購01  ,0,0,0,0,0,0,0,0,0,-5000,0,0,0,0,5000,-5000,-5000
063297,臺指反凱基02購01,0,0,0,0,0,0,0,0,0,-5000,0,0,0,0,5000,-5000,-5000
06333P,臺股指群益9C售02,0,0,0,0,0,0,0,0,0,-5000,0,0,0,33000,38000,-5000,-5000
063468,聯詠元大9B購04  ,0,0,0,0,0,0,0,0,0,-5000,0,0,0,177000,182000,-5000,-5000
063603,友達凱基9B購05  ,0,0,0,0,0,0,0,0,0,-5000,0,0,0,25000,30000,-5000,-5000
6216,居易            ,0,5000,-5000,0,0,0,0,0,0,0,0,0,0,0,0,0,-5000
4572,駐龍            ,7000,12000,-5000,0,0,0,0,0,0,0,0,0,0,0,0,0,-5000
2748,雲品            ,1000,7000,-6000,0,0,0,0,0,0,0,0,0,0,0,0,0,-6000
2597,潤弘            ,2000,8000,-6000,0,0,0,0,0,0,0,0,0,0,0,0,0,-6000
2431,聯昌            ,43000,49000,-6000,0,0,0,0,0,0,0,0,0,0,0,0,0,-6000
1727,中華化          ,0,6000,-6000,0,0,0,0,0,0,0,0,0,0,0,0,0,-6000
07799P,南電國票9A售04  ,0,0,0,0,0,0,0,0,0,-6000,0,0,0,0,6000,-6000,-6000
08445P,臺股指麥證9C售03,0,0,0,8000,14000,-6000,0,0,0,-6000,0,0,0,8000,14000,-6000,-6000
08529P,臻鼎元大9C售03  ,0,0,0,0,0,0,0,0,0,-6000,0,0,0,0,6000,-6000,-6000
06991P,矽創群益99售01  ,0,0,0,0,0,0,0,0,0,-6000,0,0,0,0,6000,-6000,-6000
065279,T50反1群益9C購03,0,0,0,0,0,0,0,0,0,-6000,0,0,0,0,6000,-6000,-6000
065307,矽格元富9C購01  ,0,0,0,0,0,0,0,0,0,-6000,0,0,0,0,6000,-6000,-6000
07689P,旺宏元大9A售13  ,0,0,0,0,0,0,0,0,0,-6000,0,0,0,8000,14000,-6000,-6000
07640P,國巨群益9A售07  ,0,0,0,0,0,0,0,0,0,-6000,0,0,0,39000,45000,-6000,-6000
065113,南電國票01購02  ,0,0,0,0,0,0,0,0,0,-6000,0,0,0,7000,13000,-6000,-6000
052945,嘉晶國票97購01  ,0,0,0,0,0,0,0,0,0,-6000,0,0,0,2000,8000,-6000,-6000
03007X,元展07          ,0,0,0,0,0,0,0,0,0,-6000,0,0,0,0,6000,-6000,-6000
049894,嘉聯益富邦98購01,0,0,0,0,0,0,0,0,0,-6000,0,0,0,0,6000,-6000,-6000
054778,世紀鋼國票99購01,0,0,0,0,0,0,0,0,0,-6000,0,0,0,0,6000,-6000,-6000
057364,國巨元大98購18  ,0,0,0,0,0,0,0,0,0,-6000,0,0,0,2000,8000,-6000,-6000
057326,景碩群益99購02  ,0,0,0,0,0,0,0,0,0,-6000,0,0,0,0,6000,-6000,-6000
054637,智邦中信98購01  ,0,0,0,0,0,0,0,0,0,-6000,0,0,0,0,6000,-6000,-6000
055326,緯穎國票97購06  ,0,0,0,0,0,0,0,0,0,-6000,0,0,0,0,6000,-6000,-6000
055794,聯發科國泰99購01,0,0,0,0,0,0,0,0,0,-6000,0,0,0,230000,236000,-6000,-6000
05579P,友達凱基98售03  ,0,0,0,0,0,0,0,0,0,-6000,0,0,0,31000,37000,-6000,-6000
059117,禾伸堂永豐99購01,0,0,0,0,0,0,0,0,0,-6000,0,0,0,0,6000,-6000,-6000
059678,鴻海國泰9A購03  ,0,0,0,0,0,0,0,0,0,-6000,0,0,0,1000,7000,-6000,-6000
059648,台表科凱基99購03,0,0,0,0,0,0,0,0,0,-6000,0,0,0,26000,32000,-6000,-6000
057456,道瓊銀富邦9C購01,0,0,0,0,0,0,0,0,0,-6000,0,0,0,0,6000,-6000,-6000
055612,台光電國票97購04,0,0,0,0,0,0,0,0,0,-6000,0,0,0,0,6000,-6000,-6000
057558,致新凱基98購01  ,0,0,0,0,0,0,0,0,0,-6000,0,0,0,14000,20000,-6000,-6000
055518,華新科中信99購01,0,0,0,0,0,0,0,0,0,-6000,0,0,0,0,6000,-6000,-6000
058517,景碩元大99購06  ,0,0,0,0,0,0,0,0,0,-6000,0,0,0,52000,58000,-6000,-6000
058506,台積電元大99購09,0,0,0,0,0,0,0,0,0,-6000,0,0,0,14000,20000,-6000,-6000
057929,上銀群益98購02  ,0,0,0,0,0,0,0,0,0,-6000,0,0,0,0,6000,-6000,-6000
057923,晶豪科凱基98購02,0,0,0,0,0,0,0,0,0,-6000,0,0,0,0,6000,-6000,-6000
057772,台積電群益99購01,0,0,0,0,0,0,0,0,0,-6000,0,0,0,3000,9000,-6000,-6000
060684,同欣電元大9A購01,0,0,0,0,0,0,0,0,0,-6000,0,0,0,0,6000,-6000,-6000
059151,臺股指國票99購14,0,0,0,0,0,0,0,0,0,-6000,0,0,0,0,6000,-6000,-6000
059856,昇陽半永豐99購03,0,0,0,0,0,0,0,0,0,-6000,0,0,0,0,6000,-6000,-6000
05953P,台積電國票98售02,0,0,0,0,0,0,0,0,0,-6000,0,0,0,0,6000,-6000,-6000
059544,創意亞東99購01  ,0,0,0,0,0,0,0,0,0,-6000,0,0,0,10000,16000,-6000,-6000
058876,南電國票9A購02  ,0,0,0,0,0,0,0,0,0,-6000,0,0,0,9000,15000,-6000,-6000
059360,全新永豐99購02  ,0,0,0,0,0,0,0,0,0,-6000,0,0,0,65000,71000,-6000,-6000
061376,瑞昱永豐9A購02  ,0,0,0,0,0,0,0,0,0,-6000,0,0,0,0,6000,-6000,-6000
061410,緯穎國票9A購03  ,0,0,0,0,0,0,0,0,0,-6000,0,0,0,6000,12000,-6000,-6000
061151,友訊群益9A購01  ,0,0,0,0,0,0,0,0,0,-6000,0,0,0,19000,25000,-6000,-6000
064138,亞德客統一01購02,0,0,0,0,0,0,0,0,0,-6000,0,0,0,60000,66000,-6000,-6000
063123,聯發科元大9B購16,0,0,0,0,0,0,0,0,0,-6000,0,0,0,24000,30000,-6000,-6000
062449,臻鼎元大9B購01  ,0,0,0,0,0,0,0,0,0,-6000,0,0,0,142000,148000,-6000,-6000
062496,矽創中信9B購01  ,0,0,0,0,0,0,0,0,0,-6000,0,0,0,200000,206000,-6000,-6000
062268,力山群益9B購01  ,0,0,0,0,0,0,0,0,0,-6000,0,0,0,9000,15000,-6000,-6000
4912,聯德控股-KY     ,0,6000,-6000,0,0,0,0,0,0,0,0,0,0,0,0,0,-6000
5007,三星            ,9000,15000,-6000,0,0,0,0,0,0,0,0,0,0,0,0,0,-6000
065107,道瓊反國票9C購03,0,0,0,0,0,0,0,0,0,-7000,0,0,0,0,7000,-7000,-7000
065153,金像電群益9C購03,0,0,0,0,0,0,0,0,0,-7000,0,0,0,1000,8000,-7000,-7000
065166,台達電元大9C購04,0,0,0,0,0,0,0,0,0,-7000,0,0,0,142000,149000,-7000,-7000
064885,T50反1中信04購01,0,0,0,0,0,0,0,0,0,-7000,0,0,0,3000,10000,-7000,-7000
064804,英業達元大9C購01,0,0,0,0,0,0,0,0,0,-7000,0,0,0,11000,18000,-7000,-7000
1101B,台泥乙特        ,0,16000,-16000,0,0,0,0,0,0,9000,9000,0,9000,0,0,0,-7000
08468P,台郡統一9C售02  ,0,0,0,0,0,0,0,0,0,-7000,0,0,0,0,7000,-7000,-7000
08322P,國巨凱基9C售08  ,0,0,0,0,0,0,0,0,0,-7000,0,0,0,43000,50000,-7000,-7000
08355P,智邦元大9C售03  ,0,0,0,0,0,0,0,0,0,-7000,0,0,0,23000,30000,-7000,-7000
08362P,國巨凱基02售01  ,0,0,0,0,0,0,0,0,0,-7000,0,0,0,4000,11000,-7000,-7000
08261P,玉晶光元大9C售08,0,0,0,0,0,0,0,0,0,-7000,0,0,0,0,7000,-7000,-7000
2233,宇隆            ,5000,12000,-7000,0,0,0,0,0,0,0,0,0,0,0,0,0,-7000
2443,億麗            ,3000,10000,-7000,0,0,0,0,0,0,0,0,0,0,0,0,0,-7000
3432,台端            ,0,7000,-7000,0,0,0,0,0,0,0,0,0,0,0,0,0,-7000
057550,聯發科凱基02購01,0,0,0,0,0,0,0,0,0,-7000,0,0,0,60000,67000,-7000,-7000
056567,瀚宇博群益98購02,0,0,0,0,0,0,0,0,0,-7000,0,0,0,0,7000,-7000,-7000
057147,新日興國票99購01,0,0,0,0,0,0,0,0,0,-7000,0,0,0,12000,19000,-7000,-7000
057152,緯穎國票99購03  ,0,0,0,0,0,0,0,0,0,-7000,0,0,0,0,7000,-7000,-7000
057260,微星兆豐98購01  ,0,0,0,0,0,0,0,0,0,-7000,0,0,0,20000,27000,-7000,-7000
060058,牧德凱基9B購01  ,0,0,0,0,0,0,0,0,0,-7000,0,0,0,0,7000,-7000,-7000
054749,聯茂凱基98購01  ,0,0,0,0,0,0,0,0,0,-7000,0,0,0,13000,20000,-7000,-7000
054842,台達電兆豐98購01,0,0,0,0,0,0,0,0,0,-7000,0,0,0,5000,12000,-7000,-7000
048652,巨大元大96購01  ,0,0,0,0,0,0,0,0,0,-7000,0,0,0,60000,67000,-7000,-7000
0055,元大MSCI金融    ,0,0,0,0,0,0,0,0,0,-7000,0,0,0,1000,8000,-7000,-7000
061140,華擎統一9C購01  ,0,0,0,0,0,0,0,0,0,-7000,0,0,0,9000,16000,-7000,-7000
061231,聚陽元大9A購02  ,0,0,0,0,0,0,0,0,0,-7000,0,0,0,3000,10000,-7000,-7000
059007,南電元大99購05  ,0,0,0,0,0,0,0,0,0,-7000,0,0,0,0,7000,-7000,-7000
060770,宏達電麥證9A購01,0,0,0,0,7000,-7000,0,0,0,-7000,0,0,0,0,7000,-7000,-7000
057597,華通群益9A購02  ,0,0,0,0,0,0,0,0,0,-7000,0,0,0,3000,10000,-7000,-7000
057792,群創統一99購01  ,0,0,0,0,0,0,0,0,0,-7000,0,0,0,35000,42000,-7000,-7000
058481,玉晶光凱基9A購04,0,0,0,0,0,0,0,0,0,-7000,0,0,0,40000,47000,-7000,-7000
062388,旭富國泰01購01  ,0,0,0,0,0,0,0,0,0,-7000,0,0,0,4000,11000,-7000,-7000
061875,華新科元大9B購03,0,0,0,0,0,0,0,0,0,-7000,0,0,0,0,7000,-7000,-7000
061923,友達凱基9B購04  ,0,0,0,0,0,0,0,0,0,-7000,0,0,0,32000,39000,-7000,-7000
063094,玉晶光國票01購03,0,0,0,0,0,0,0,0,0,-7000,0,0,0,3000,10000,-7000,-7000
063074,創意永豐9B購02  ,0,0,0,0,0,0,0,0,0,-7000,0,0,0,52000,59000,-7000,-7000
063197,遠東新統一9C購01,0,0,0,0,0,0,0,0,0,-7000,0,0,0,80000,87000,-7000,-7000
063263,高鐵永豐9B購01  ,0,0,0,0,0,0,0,0,0,-7000,0,0,0,10000,17000,-7000,-7000
062865,臺股指國票9B購22,0,0,0,0,0,0,0,0,0,-7000,0,0,0,58000,65000,-7000,-7000
063681,深中小永豐9B購01,0,0,0,0,0,0,0,0,0,-7000,0,0,0,0,7000,-7000,-7000
063689,可成永豐9B購04  ,0,0,0,0,0,0,0,0,0,-7000,0,0,0,6000,13000,-7000,-7000
063636,聯發科元大9B購26,0,0,0,0,0,0,0,0,0,-7000,0,0,0,109000,116000,-7000,-7000
06376P,上銀統一99售01  ,0,0,0,0,0,0,0,0,0,-7000,0,0,0,0,7000,-7000,-7000
4148,全宇生技-KY     ,44000,51000,-7000,0,0,0,0,0,0,0,0,0,0,0,0,0,-7000
8028,昇陽半導體      ,93000,187000,-94000,0,0,0,0,0,0,87000,90000,5000,85000,2000,0,2000,-7000
8222,寶一            ,0,7000,-7000,0,0,0,0,0,0,0,0,0,0,0,0,0,-7000
3645,達邁            ,57000,65000,-8000,0,0,0,0,0,0,0,0,0,0,0,0,0,-8000
2483,百容            ,1000,9000,-8000,0,0,0,0,0,0,0,0,0,0,0,0,0,-8000
2022,聚亨            ,7000,0,7000,0,0,0,0,0,0,-15000,0,15000,-15000,0,0,0,-8000
1540,喬福            ,2000,10000,-8000,0,0,0,0,0,0,0,0,0,0,0,0,0,-8000
1531,高林股          ,6000,14000,-8000,0,0,0,0,0,0,0,0,0,0,0,0,0,-8000
07865P,可成元大9B售02  ,0,0,0,0,0,0,0,0,0,-8000,0,0,0,49000,57000,-8000,-8000
08056P,華通群益9B售06  ,0,0,0,0,0,0,0,0,0,-8000,0,0,0,38000,46000,-8000,-8000
064790,金像電國票01購01,0,0,0,0,0,0,0,0,0,-8000,0,0,0,0,8000,-8000,-8000
065287,華新科群益01購03,0,0,0,0,0,0,0,0,0,-8000,0,0,0,0,8000,-8000,-8000
06954P,大立光元富99售01,0,0,0,0,0,0,0,0,0,-8000,0,0,0,49000,57000,-8000,-8000
03026X,元展23          ,0,0,0,0,0,0,0,0,0,-8000,0,0,0,0,8000,-8000,-8000
00730,富邦臺灣優質高息,9000,9000,0,0,0,0,0,0,0,-8000,0,0,0,442000,450000,-8000,-8000
03857P,聯發科元富99售02,0,0,0,0,0,0,0,0,0,-8000,0,0,0,0,8000,-8000,-8000
051292,牧德統一97購01  ,0,0,0,0,0,0,0,0,0,-8000,0,0,0,0,8000,-8000,-8000
058208,百和凱基99購01  ,0,0,0,0,0,0,0,0,0,-8000,0,0,0,0,8000,-8000,-8000
055805,矽力永豐97購01  ,0,0,0,0,0,0,0,0,0,-8000,0,0,0,13000,21000,-8000,-8000
056252,聯發科兆豐97購03,0,0,0,0,0,0,0,0,0,-8000,0,0,0,4000,12000,-8000,-8000
057495,牧德元大99購04  ,0,0,0,0,0,0,0,0,0,-8000,0,0,0,21000,29000,-8000,-8000
056898,全新元大98購02  ,0,0,0,0,0,0,0,0,0,-8000,0,0,0,0,8000,-8000,-8000
056894,佳世達元大99購01,0,0,0,0,0,0,0,0,0,-8000,0,0,0,45000,53000,-8000,-8000
058464,矽創兆豐9A購01  ,0,0,0,0,0,0,0,0,0,-8000,0,0,0,0,8000,-8000,-8000
058513,宏達電元大99購05,0,0,0,0,0,0,0,0,0,-8000,0,0,0,60000,68000,-8000,-8000
060361,南亞科元富9A購03,0,0,0,0,0,0,0,0,0,-8000,0,0,0,5000,13000,-8000,-8000
059623,聯電凱基99購02  ,0,0,0,0,0,0,0,0,0,-8000,0,0,0,106000,114000,-8000,-8000
060478,南電元大9A購01  ,0,0,0,0,0,0,0,0,0,-8000,0,0,0,4000,12000,-8000,-8000
061411,T50反1群益9A購05,0,0,0,0,0,0,0,0,0,-8000,0,0,0,0,8000,-8000,-8000
061358,世紀鋼元大9A購04,0,0,0,0,0,0,0,0,0,-8000,0,0,0,0,8000,-8000,-8000
061348,聯鈞元大9A購05  ,0,0,0,0,0,0,0,0,0,-8000,0,0,0,102000,110000,-8000,-8000
061744,超眾凱基9B購02  ,0,0,0,0,0,0,0,0,0,-8000,0,0,0,40000,48000,-8000,-8000
061504,祥碩國票9A購02  ,0,0,0,0,0,0,0,0,0,-8000,0,0,0,0,8000,-8000,-8000
061507,南電國票9A購05  ,0,0,0,0,0,0,0,0,0,-8000,0,0,0,4000,12000,-8000,-8000
06386P,欣興永豐97售03  ,0,0,0,0,0,0,0,0,0,-8000,0,0,0,0,8000,-8000,-8000
063654,上銀元富9B購05  ,0,0,0,0,0,0,0,0,0,-8000,0,0,0,0,8000,-8000,-8000
063427,南六凱基9B購04  ,0,0,0,0,0,0,0,0,0,-8000,0,0,0,1000,9000,-8000,-8000
063410,南六國票9C購01  ,0,0,0,0,0,0,0,0,0,-8000,0,0,0,21000,29000,-8000,-8000
06421P,嘉澤統一97售02  ,0,0,0,0,0,0,0,0,0,-8000,0,0,0,7000,15000,-8000,-8000
062809,同欣電統一9C購01,0,0,0,0,0,0,0,0,0,-8000,0,0,0,266000,274000,-8000,-8000
06274P,臺股指凱基97售06,0,0,0,0,0,0,0,0,0,-8000,0,0,0,0,8000,-8000,-8000
063009,國巨元大9B購18  ,0,0,0,0,0,0,0,0,0,-8000,0,0,0,0,8000,-8000,-8000
061932,上銀國票9B購01  ,0,0,0,0,0,0,0,0,0,-8000,0,0,0,0,8000,-8000,-8000
061943,上銀群益9B購02  ,0,0,0,0,0,0,0,0,0,-8000,0,0,0,0,8000,-8000,-8000
062310,南亞科凱基9B購02,0,0,0,0,0,0,0,0,0,-8000,0,0,0,42000,50000,-8000,-8000
8101,華冠            ,3000,11000,-8000,0,0,0,0,0,0,0,0,0,0,0,0,0,-8000
6281,全國電          ,0,8000,-8000,0,0,0,0,0,0,0,0,0,0,0,0,0,-8000
4438,廣越            ,4000,12000,-8000,0,0,0,0,0,0,0,0,0,0,0,0,0,-8000
6136,富爾特          ,4000,12000,-8000,0,0,0,0,0,0,0,0,0,0,0,0,0,-8000
06978P,聯發科富邦9B售02,0,0,0,0,0,0,0,0,0,-9000,0,0,0,0,9000,-9000,-9000
06780P,義隆元大98售02  ,0,0,0,0,0,0,0,0,0,-9000,0,0,0,6000,15000,-9000,-9000
06834P,訊芯群益99售02  ,0,0,0,0,0,0,0,0,0,-9000,0,0,0,1000,10000,-9000,-9000
07385P,緯穎群益99售04  ,0,0,0,0,0,0,0,0,0,-9000,0,0,0,0,9000,-9000,-9000
064749,巨大國票01購01  ,0,0,0,0,0,0,0,0,0,-9000,0,0,0,0,9000,-9000,-9000
065147,寶成凱基01購01  ,0,0,0,0,0,0,0,0,0,-9000,0,0,0,0,9000,-9000,-9000
065142,華邦電凱基01購01,0,0,0,0,0,0,0,0,0,-9000,0,0,0,0,9000,-9000,-9000
08060P,嘉澤元大9B售01  ,0,0,0,0,0,0,0,0,0,-9000,0,0,0,29000,38000,-9000,-9000
07917P,可成永豐9B售01  ,0,0,0,0,0,0,0,0,0,-9000,0,0,0,18000,27000,-9000,-9000
08258P,旺宏元大9C售04  ,0,0,0,0,0,0,0,0,0,-9000,0,0,0,0,9000,-9000,-9000
1533,車王電          ,0,9000,-9000,0,0,0,0,0,0,0,0,0,0,0,0,0,-9000
057053,立積元大98購02  ,0,0,0,0,0,0,0,0,0,-9000,0,0,0,50000,59000,-9000,-9000
056589,康控統一98購01  ,0,0,0,0,0,0,0,0,0,-9000,0,0,0,0,9000,-9000,-9000
056583,昇陽半元大98購02,0,0,0,0,0,0,0,0,0,-9000,0,0,0,30000,39000,-9000,-9000
057569,光磊永豐98購03  ,0,0,0,0,0,0,0,0,0,-9000,0,0,0,59000,68000,-9000,-9000
055489,瑞昱元大97購02  ,0,0,0,0,0,0,0,0,0,-9000,0,0,0,1000,10000,-9000,-9000
056011,矽力中信99購01  ,0,0,0,0,0,0,0,0,0,-9000,0,0,0,2000,11000,-9000,-9000
056044,同欣電凱基97購03,0,0,0,0,0,0,0,0,0,-9000,0,0,0,131000,140000,-9000,-9000
060114,緯穎元大99購10  ,0,0,0,0,0,0,0,0,0,-9000,0,0,0,70000,79000,-9000,-9000
055216,友達凱基98購05  ,0,0,0,0,0,0,0,0,0,-9000,0,0,0,1000,10000,-9000,-9000
00636,國泰中國A50     ,325000,0,325000,0,0,0,0,0,0,-334000,0,0,0,363000,697000,-334000,-9000
057415,和碩日盛98購01  ,0,0,0,0,0,0,0,0,0,-9000,0,0,0,1000,10000,-9000,-9000
054154,智易國泰97購01  ,0,0,0,0,0,0,0,0,0,-9000,0,0,0,0,9000,-9000,-9000
054463,瑞昱凱基97購01  ,0,0,0,0,0,0,0,0,0,-9000,0,0,0,0,9000,-9000,-9000
061592,義隆永豐9A購03  ,0,0,0,0,0,0,0,0,0,-9000,0,0,0,230000,239000,-9000,-9000
061407,鴻海國票9A購07  ,0,0,0,0,0,0,0,0,0,-9000,0,0,0,0,9000,-9000,-9000
061257,上銀凱基9A購06  ,0,0,0,0,0,0,0,0,0,-9000,0,0,0,1000,10000,-9000,-9000
060479,億豐元大9A購01  ,0,0,0,0,0,0,0,0,0,-9000,0,0,0,10000,19000,-9000,-9000
060450,南亞元大9A購02  ,0,0,0,0,0,0,0,0,0,-9000,0,0,0,0,9000,-9000,-9000
059620,聯發科日盛99購02,0,0,0,0,0,0,0,0,0,-9000,0,0,0,0,9000,-9000,-9000
057609,友訊元富98購01  ,0,0,0,0,0,0,0,0,0,-9000,0,0,0,91000,100000,-9000,-9000
058571,緯穎凱基9A購02  ,0,0,0,0,0,0,0,0,0,-9000,0,0,0,16000,25000,-9000,-9000
059489,上証2X國票9A購01,0,0,0,0,0,0,0,0,0,-9000,0,0,0,0,9000,-9000,-9000
060383,葡萄王凱基9A購01,0,0,0,0,0,0,0,0,0,-9000,0,0,0,3000,12000,-9000,-9000
057847,聯茂永豐98購01  ,0,0,0,0,0,0,0,0,0,-9000,0,0,0,1000,10000,-9000,-9000
062301,聯詠中信05購01  ,0,0,0,0,0,0,0,0,0,-9000,0,0,0,175000,184000,-9000,-9000
062177,上銀元大9B購02  ,0,0,0,0,0,0,0,0,0,-9000,0,0,0,20000,29000,-9000,-9000
062623,元金2X國票01購01,0,0,0,0,0,0,0,0,0,-9000,0,0,0,0,9000,-9000,-9000
064074,南茂永豐9C購01  ,0,0,0,0,0,0,0,0,0,-9000,0,0,0,77000,86000,-9000,-9000
063419,聯發科凱基03購01,0,0,0,0,0,0,0,0,0,-9000,0,0,0,23000,32000,-9000,-9000
06338P,亞德客統一97售02,0,0,0,0,0,0,0,0,0,-9000,0,0,0,42000,51000,-9000,-9000
063302,國巨凱基9C購05  ,0,0,0,0,0,0,0,0,0,-9000,0,0,0,4000,13000,-9000,-9000
063513,聯發科麥證9B購03,0,0,0,1000,10000,-9000,0,0,0,-9000,0,0,0,1000,10000,-9000,-9000
063742,道瓊指國票9C購01,0,0,0,0,0,0,0,0,0,-9000,0,0,0,1000,10000,-9000,-9000
063858,鴻海國泰02購01  ,0,0,0,0,0,0,0,0,0,-9000,0,0,0,0,9000,-9000,-9000
8033,雷虎            ,82000,100000,-18000,0,0,0,0,0,0,9000,9000,0,9000,0,0,0,-9000
1507,永大            ,17000,27000,-10000,0,0,0,0,0,0,0,0,0,0,0,0,0,-10000
1616,億泰            ,10000,20000,-10000,0,0,0,0,0,0,0,0,0,0,0,0,0,-10000
2420,新巨            ,11000,21000,-10000,0,0,0,0,0,0,0,0,0,0,0,0,0,-10000
2722,夏都            ,16000,26000,-10000,0,0,0,0,0,0,0,0,0,0,0,0,0,-10000
2838A,聯邦銀甲特      ,0,0,0,0,0,0,0,0,0,-10000,0,10000,-10000,0,0,0,-10000
2904,匯僑            ,0,10000,-10000,0,0,0,0,0,0,0,0,0,0,0,0,0,-10000
08279P,南電元富9C售02  ,0,0,0,0,0,0,0,0,0,-10000,0,0,0,0,10000,-10000,-10000
08303P,聯發科富邦9C售05,0,0,0,0,0,0,0,0,0,-10000,0,0,0,0,10000,-10000,-10000
08392P,上銀群益9C售01  ,0,0,0,0,0,0,0,0,0,-10000,0,0,0,0,10000,-10000,-10000
08534P,玉晶光元富06售02,0,0,0,0,0,0,0,0,0,-10000,0,0,0,0,10000,-10000,-10000
08507P,臺股指國票9C售08,0,0,0,0,0,0,0,0,0,-10000,0,0,0,0,10000,-10000,-10000
07926P,上銀統一9B售02  ,0,0,0,0,0,0,0,0,0,-10000,0,0,0,0,10000,-10000,-10000
07945P,上銀國票9B售02  ,0,0,0,0,0,0,0,0,0,-10000,0,0,0,0,10000,-10000,-10000
07860P,臺股指麥證9A售06,0,0,0,0,10000,-10000,0,0,0,-10000,0,0,0,0,10000,-10000,-10000
07780P,美律凱基9A售02  ,0,0,0,0,0,0,0,0,0,-10000,0,0,0,0,10000,-10000,-10000
08059P,京鼎元大9B售02  ,0,0,0,0,0,0,0,0,0,-10000,0,0,0,0,10000,-10000,-10000
08003P,國巨國泰9B售07  ,0,0,0,0,0,0,0,0,0,-10000,0,0,0,31000,41000,-10000,-10000
065136,正隆凱基9C購01  ,0,0,0,0,0,0,0,0,0,-10000,0,0,0,0,10000,-10000,-10000
065163,香港反元大03購01,0,0,0,0,0,0,0,0,0,-10000,0,0,0,0,10000,-10000,-10000
064977,玉晶光元大01購03,0,0,0,0,0,0,0,0,0,-10000,0,0,0,41000,51000,-10000,-10000
065023,大毅永豐9C購01  ,0,0,0,0,0,0,0,0,0,-10000,0,0,0,0,10000,-10000,-10000
064960,世紀鋼凱基03購01,0,0,0,0,0,0,0,0,0,-10000,0,0,0,0,10000,-10000,-10000
064945,中橡凱基9C購01  ,0,0,0,0,0,0,0,0,0,-10000,0,0,0,0,10000,-10000,-10000
064899,大立光群益9C購06,0,0,0,0,0,0,0,0,0,-10000,0,0,0,0,10000,-10000,-10000
064774,聚陽群益9C購04  ,0,0,0,0,0,0,0,0,0,-10000,0,0,0,0,10000,-10000,-10000
064847,金像電元富9C購01,0,19000,-19000,0,0,0,0,0,0,9000,0,0,0,19000,10000,9000,-10000
064811,華擎元大01購01  ,0,0,0,0,0,0,0,0,0,-10000,0,0,0,0,10000,-10000,-10000
07373P,A50正2元大99售01,0,0,0,0,0,0,0,0,0,-10000,0,0,0,0,10000,-10000,-10000
07408P,台積電兆豐99售06,0,0,0,0,0,0,0,0,0,-10000,0,0,0,0,10000,-10000,-10000
07230P,滬深2X群益01售02,0,0,0,0,0,0,0,0,0,-10000,0,0,0,0,10000,-10000,-10000
07215P,大立光凱基99售07,0,0,0,0,0,0,0,0,0,-10000,0,0,0,0,10000,-10000,-10000
07092P,上銀凱基99售03  ,0,0,0,0,0,0,0,0,0,-10000,0,0,0,0,10000,-10000,-10000
07601P,國巨統一9A售05  ,0,0,0,0,0,0,0,0,0,-10000,0,0,0,0,10000,-10000,-10000
07524P,臺股指中信9B售06,0,0,0,0,0,0,0,0,0,-10000,0,0,0,0,10000,-10000,-10000
06827P,臺股指國票98售03,0,0,0,0,0,0,0,0,0,-10000,0,0,0,0,10000,-10000,-10000
07006P,旺宏統一9B售03  ,0,0,0,0,0,0,0,0,0,-10000,0,0,0,0,10000,-10000,-10000
06542P,台光電國票98售05,0,0,0,0,0,0,0,0,0,-10000,0,0,0,0,10000,-10000,-10000
06675P,國巨國票99售02  ,0,0,0,0,0,0,0,0,0,-10000,0,0,0,0,10000,-10000,-10000
054420,緯穎元大96購08  ,0,75000,-75000,0,0,0,0,0,0,65000,0,0,0,75000,10000,65000,-10000
054353,世紀鋼國泰98購01,0,0,0,0,0,0,0,0,0,-10000,0,0,0,0,10000,-10000,-10000
054375,貿聯中信99購01  ,0,0,0,0,0,0,0,0,0,-10000,0,0,0,0,10000,-10000,-10000
054296,世芯元大97購01  ,0,0,0,0,0,0,0,0,0,-10000,0,0,0,16000,26000,-10000,-10000
054330,世芯永豐96購02  ,0,0,0,0,0,0,0,0,0,-10000,0,0,0,0,10000,-10000,-10000
054251,聯發科元大96購21,0,0,0,0,0,0,0,0,0,-10000,0,0,0,0,10000,-10000,-10000
054272,華通中信98購01  ,0,0,0,0,0,0,0,0,0,-10000,0,0,0,50000,60000,-10000,-10000
054634,FB上証中信99購01,0,0,0,0,0,0,0,0,0,-10000,0,0,0,0,10000,-10000,-10000
054526,道瓊反統一98購01,0,0,0,0,0,0,0,0,0,-10000,0,0,0,0,10000,-10000,-10000
054557,臻鼎凱基98購01  ,0,0,0,0,0,0,0,0,0,-10000,0,0,0,20000,30000,-10000,-10000
054550,旺宏凱基98購02  ,0,0,0,0,0,0,0,0,0,-10000,0,0,0,0,10000,-10000,-10000
054156,聯電亞東98購01  ,0,0,0,0,0,0,0,0,0,-10000,0,0,0,0,10000,-10000,-10000
054169,上緯控凱基98購01,0,0,0,0,0,0,0,0,0,-10000,0,0,0,0,10000,-10000,-10000
054058,晶豪科國票98購01,0,0,0,0,0,0,0,0,0,-10000,0,0,0,0,10000,-10000,-10000
053860,台積電元大98購03,0,0,0,0,0,0,0,0,0,-10000,0,0,0,0,10000,-10000,-10000
055346,國巨凱基98購02  ,0,0,0,0,0,0,0,0,0,-10000,0,0,0,0,10000,-10000,-10000
055264,國巨永豐98購01  ,0,0,0,0,0,0,0,0,0,-10000,0,0,0,0,10000,-10000,-10000
057394,台積電中信9C購02,0,0,0,0,0,0,0,0,0,-10000,0,0,0,10000,20000,-10000,-10000
056768,宏達電元大99購03,0,0,0,0,0,0,0,0,0,-10000,0,0,0,36000,46000,-10000,-10000
056858,國巨群益99購03  ,0,0,0,0,0,0,0,0,0,-10000,0,0,0,0,10000,-10000,-10000
057365,智邦元大98購07  ,0,0,0,0,0,0,0,0,0,-10000,0,0,0,26000,36000,-10000,-10000
057346,鴻海統一98購13  ,0,0,0,0,0,0,0,0,0,-10000,0,0,0,0,10000,-10000,-10000
054841,亞德客兆豐97購01,0,0,0,0,0,0,0,0,0,-10000,0,0,0,0,10000,-10000,-10000
054846,瑞昱兆豐97購01  ,0,0,0,0,0,0,0,0,0,-10000,0,0,0,0,10000,-10000,-10000
054768,泰碩國票99購02  ,0,0,0,0,0,0,0,0,0,-10000,0,0,0,5000,15000,-10000,-10000
056383,上銀國泰99購01  ,0,0,0,0,0,0,0,0,0,-10000,0,0,0,0,10000,-10000,-10000
056374,聯發科統一9B購01,0,0,0,0,0,0,0,0,0,-10000,0,0,0,0,10000,-10000,-10000
054933,南港元大97購01  ,0,0,0,0,0,0,0,0,0,-10000,0,0,0,0,10000,-10000,-10000
05207P,高股息中信97售03,0,0,0,0,0,0,0,0,0,-10000,0,0,0,0,10000,-10000,-10000
020011,統一微波高息20N ,0,0,0,0,0,0,0,0,0,-10000,0,0,0,16000,26000,-10000,-10000
052747,京鼎元大97購01  ,0,0,0,0,0,0,0,0,0,-10000,0,0,0,0,10000,-10000,-10000
052299,T50反1台新05購03,0,0,0,0,0,0,0,0,0,-10000,0,0,0,0,10000,-10000,-10000
053411,深中小國票9B購01,0,0,0,0,0,0,0,0,0,-10000,0,0,0,0,10000,-10000,-10000
053186,健策中信9C購01  ,0,0,0,0,0,0,0,0,0,-10000,0,0,0,32000,42000,-10000,-10000
055112,晶豪科凱基98購01,0,0,0,0,0,0,0,0,0,-10000,0,0,0,0,10000,-10000,-10000
055173,瑞昱統一97購01  ,0,0,0,0,0,0,0,0,0,-10000,0,0,0,0,10000,-10000,-10000
051424,緯穎國票97購01  ,0,0,0,0,0,0,0,0,0,-10000,0,0,0,0,10000,-10000,-10000
055023,億光國泰98購01  ,0,0,0,0,0,0,0,0,0,-10000,0,0,0,0,10000,-10000,-10000
050170,臺指反元大97購02,0,0,0,0,0,0,0,0,0,-10000,0,0,0,20000,30000,-10000,-10000
049335,聯電統一97購01  ,0,0,0,0,0,0,0,0,0,-10000,0,0,0,0,10000,-10000,-10000
049442,滬深2X統一99購01,0,0,0,0,0,0,0,0,0,-10000,0,0,0,0,10000,-10000,-10000
046385,群創凱基98購03  ,0,0,0,0,0,0,0,0,0,-10000,0,0,0,30000,40000,-10000,-10000
048010,嘉聯益富邦97購01,0,0,0,0,0,0,0,0,0,-10000,0,0,0,0,10000,-10000,-10000
060100,新光金元大9C購01,0,0,0,0,0,0,0,0,0,-10000,0,0,0,0,10000,-10000,-10000
059733,緯穎元大99購08  ,0,0,0,0,0,0,0,0,0,-10000,0,0,0,0,10000,-10000,-10000
059783,旺宏元大99購17  ,0,0,0,0,0,0,0,0,0,-10000,0,0,0,3000,13000,-10000,-10000
059754,訊芯群益9A購01  ,0,0,0,0,0,0,0,0,0,-10000,0,0,0,2000,12000,-10000,-10000
059814,SP黃豆凱基9A購02,0,0,0,0,0,0,0,0,0,-10000,0,0,0,0,10000,-10000,-10000
058219,台灣50國票9A購02,0,0,0,0,0,0,0,0,0,-10000,0,0,0,0,10000,-10000,-10000
059032,元石油群益9C購03,0,0,0,0,0,0,0,0,0,-10000,0,0,0,0,10000,-10000,-10000
058193,緯穎永豐99購01  ,0,0,0,0,0,0,0,0,0,-10000,0,0,0,0,10000,-10000,-10000
056012,勤誠中信99購01  ,0,0,0,0,0,0,0,0,0,-10000,0,0,0,0,10000,-10000,-10000
055909,大成鋼凱基98購02,0,0,0,0,0,0,0,0,0,-10000,0,0,0,0,10000,-10000,-10000
055808,世紀鋼永豐97購01,0,0,0,0,0,0,0,0,0,-10000,0,0,0,10000,20000,-10000,-10000
055735,宏達電元富98購01,0,0,0,0,0,0,0,0,0,-10000,0,0,0,0,10000,-10000,-10000
055701,亞德客富邦99購01,0,0,0,0,0,0,0,0,0,-10000,0,0,0,0,10000,-10000,-10000
056318,鴻海群益98購02  ,0,0,0,0,0,0,0,0,0,-10000,0,0,0,0,10000,-10000,-10000
056324,南亞科兆豐98購01,0,0,0,0,0,0,0,0,0,-10000,0,0,0,0,10000,-10000,-10000
056326,TPK兆豐98購01   ,0,0,0,0,0,0,0,0,0,-10000,0,0,0,20000,30000,-10000,-10000
055502,群創元大9C購03  ,0,0,0,0,0,0,0,0,0,-10000,0,0,0,0,10000,-10000,-10000
056444,南亞科凱基99購01,0,0,0,0,0,0,0,0,0,-10000,0,0,0,0,10000,-10000,-10000
056506,晶豪科永豐98購02,0,0,0,0,0,0,0,0,0,-10000,0,0,0,0,10000,-10000,-10000
055568,緯穎凱基97購02  ,0,0,0,0,0,0,0,0,0,-10000,0,0,0,10000,20000,-10000,-10000
057546,台積電凱基02購01,0,0,0,0,0,0,0,0,0,-10000,0,0,0,0,10000,-10000,-10000
056585,台積電統一9A購01,0,0,0,0,0,0,0,0,0,-10000,0,0,0,0,10000,-10000,-10000
056573,華新科元大99購06,0,0,0,0,0,0,0,0,0,-10000,0,0,0,40000,50000,-10000,-10000
055635,緯穎永豐97購01  ,0,0,0,0,0,0,0,0,0,-10000,0,0,0,10000,20000,-10000,-10000
055623,貿聯國泰99購01  ,0,0,0,0,0,0,0,0,0,-10000,0,0,0,0,10000,-10000,-10000
055587,智邦元大97購02  ,0,0,0,0,0,0,0,0,0,-10000,0,0,0,11000,21000,-10000,-10000
057081,大立光統一98購07,0,0,0,0,0,0,0,0,0,-10000,0,0,0,0,10000,-10000,-10000
056418,台光電元富98購01,0,0,0,0,0,0,0,0,0,-10000,0,0,0,20000,30000,-10000,-10000
05714P,群創統一97售03  ,0,0,0,0,0,0,0,0,0,-10000,0,0,0,0,10000,-10000,-10000
057164,國巨元大98購14  ,0,0,0,0,0,0,0,0,0,-10000,0,0,0,3000,13000,-10000,-10000
057145,上銀國票98購03  ,0,0,0,0,0,0,0,0,0,-10000,0,0,0,50000,60000,-10000,-10000
057917,台積電凱基98購17,0,0,0,0,0,0,0,0,0,-10000,0,0,0,0,10000,-10000,-10000
057897,華通富邦99購01  ,0,0,0,0,0,0,0,0,0,-10000,0,0,0,0,10000,-10000,-10000
057740,茂林富邦9A購01  ,0,0,0,0,0,0,0,0,0,-10000,0,0,0,10000,20000,-10000,-10000
057738,旺宏富邦9A購01  ,0,0,0,0,0,0,0,0,0,-10000,0,0,0,10000,20000,-10000,-10000
057712,南亞科統一9A購01,0,0,0,0,0,0,0,0,0,-10000,0,0,0,0,10000,-10000,-10000
057925,貿聯凱基99購01  ,0,0,0,0,0,0,0,0,0,-10000,0,0,0,60000,70000,-10000,-10000
058120,台灣50國票99購03,0,0,0,0,0,0,0,0,0,-10000,0,0,0,0,10000,-10000,-10000
058088,鴻海元大9A購01  ,0,0,0,0,0,0,0,0,0,-10000,0,0,0,0,10000,-10000,-10000
058058,大立光元富9B購02,0,0,0,0,0,0,0,0,0,-10000,0,0,0,0,10000,-10000,-10000
058678,南亞科日盛99購01,0,0,0,0,0,0,0,0,0,-10000,0,0,0,0,10000,-10000,-10000
058499,滬深2X元大9C購01,0,0,0,0,0,0,0,0,0,-10000,0,0,0,0,10000,-10000,-10000
058511,華新科元大9B購01,0,0,0,0,0,0,0,0,0,-10000,0,0,0,0,10000,-10000,-10000
059284,緯穎永豐99購03  ,0,0,0,0,0,0,0,0,0,-10000,0,0,0,0,10000,-10000,-10000
059325,超眾元大99購05  ,0,0,0,0,0,0,0,0,0,-10000,0,0,0,0,10000,-10000,-10000
059843,華新科富邦9B購03,0,0,0,0,0,0,0,0,0,-10000,0,0,0,0,10000,-10000,-10000
059871,義隆凱基99購03  ,0,0,0,0,0,0,0,0,0,-10000,0,0,0,0,10000,-10000,-10000
059929,華新科富邦9C購03,0,0,0,0,0,0,0,0,0,-10000,0,0,0,0,10000,-10000,-10000
059923,緯穎元大99購09  ,0,0,0,0,0,0,0,0,0,-10000,0,0,0,32000,42000,-10000,-10000
060945,緯穎國票9A購02  ,0,0,0,0,0,0,0,0,0,-10000,0,0,0,28000,38000,-10000,-10000
060978,國巨元大9A購13  ,0,0,0,0,0,0,0,0,0,-10000,0,0,0,2000,12000,-10000,-10000
058311,緯穎元大99購05  ,0,0,0,0,0,0,0,0,0,-10000,0,0,0,0,10000,-10000,-10000
059240,台積電凱基9A購09,0,0,0,0,0,0,0,0,0,-10000,0,0,0,1000,11000,-10000,-10000
059203,勤誠永豐99購02  ,0,0,0,0,0,0,0,0,0,-10000,0,0,0,0,10000,-10000,-10000
058232,聯發科元大99購05,0,0,0,0,0,0,0,0,0,-10000,0,0,0,0,10000,-10000,-10000
058236,大立光元大99購09,0,0,0,0,0,0,0,0,0,-10000,0,0,0,0,10000,-10000,-10000
058238,奇鋐元大99購02  ,0,0,0,0,0,0,0,0,0,-10000,0,0,0,0,10000,-10000,-10000
060189,宏達電元富9B購03,0,0,0,0,0,0,0,0,0,-10000,0,0,0,0,10000,-10000,-10000
060704,台積電富邦01購01,0,0,0,0,0,0,0,0,0,-10000,0,0,0,0,10000,-10000,-10000
060661,台積電凱基9A購18,0,0,0,0,0,0,0,0,0,-10000,0,0,0,4000,14000,-10000,-10000
059471,華新科元大99購17,0,0,0,0,0,0,0,0,0,-10000,0,0,0,0,10000,-10000,-10000
059019,元石油統一9B購03,0,0,0,0,0,0,0,0,0,-10000,0,0,0,0,10000,-10000,-10000
058914,元油2X元富01購02,0,0,0,0,0,0,0,0,0,-10000,0,0,0,0,10000,-10000,-10000
058925,旭富元富99購02  ,0,0,0,0,0,0,0,0,0,-10000,0,0,0,0,10000,-10000,-10000
058845,元油2X群益9C購04,0,0,0,0,0,0,0,0,0,-10000,0,0,0,0,10000,-10000,-10000
057640,台積電元大98購16,0,0,0,0,0,0,0,0,0,-10000,0,0,0,0,10000,-10000,-10000
057633,緯穎永豐98購02  ,0,0,0,0,0,0,0,0,0,-10000,0,0,0,13000,23000,-10000,-10000
060545,台積電凱基9B購02,0,0,0,0,0,0,0,0,0,-10000,0,0,0,0,10000,-10000,-10000
059546,FBVIX群益99購03 ,0,0,0,0,0,0,0,0,0,-10000,0,0,0,0,10000,-10000,-10000
059528,華新科凱基99購06,0,0,0,0,0,0,0,0,0,-10000,0,0,0,0,10000,-10000,-10000
061253,臺股指群益9A購04,0,0,0,0,0,0,0,0,0,-10000,0,0,0,20000,30000,-10000,-10000
061242,玉晶光兆豐9B購02,0,0,0,0,0,0,0,0,0,-10000,0,0,0,0,10000,-10000,-10000
061288,大立光統一9C購01,0,0,0,0,0,0,0,0,0,-10000,0,0,0,0,10000,-10000,-10000
061200,道瓊反元大9A購06,0,0,0,0,0,0,0,0,0,-10000,0,0,0,0,10000,-10000,-10000
061074,儒鴻兆豐9B購01  ,0,0,0,0,0,0,0,0,0,-10000,0,0,0,0,10000,-10000,-10000
061095,台積電台新9B購03,0,0,0,0,0,0,0,0,0,-10000,0,0,0,0,10000,-10000,-10000
061335,國巨元大9A購19  ,0,0,0,0,0,0,0,0,0,-10000,0,0,0,4000,14000,-10000,-10000
061308,元金2X中信9A購01,0,0,0,0,0,0,0,0,0,-10000,0,0,0,0,10000,-10000,-10000
061359,台灣50兆豐9C購02,0,0,0,0,0,0,0,0,0,-10000,0,0,0,0,10000,-10000,-10000
061388,台積電群益9A購05,0,0,0,0,0,0,0,0,0,-10000,0,0,0,1000,11000,-10000,-10000
061665,旺宏中信9C購01  ,0,0,0,0,0,0,0,0,0,-10000,0,0,0,5000,15000,-10000,-10000
061750,台達電台新9B購01,0,0,0,0,0,0,0,0,0,-10000,0,0,0,10000,20000,-10000,-10000
061764,旺宏元大9B購01  ,0,0,0,0,0,0,0,0,0,-10000,0,0,0,50000,60000,-10000,-10000
061833,華新科凱基02購01,0,0,0,0,0,0,0,0,0,-10000,0,0,0,10000,20000,-10000,-10000
063855,臺股指元大9C購08,0,0,0,0,0,0,0,0,0,-10000,0,0,0,0,10000,-10000,-10000
063794,亞德客凱基9C購01,0,0,0,0,0,0,0,0,0,-10000,0,0,0,10000,20000,-10000,-10000
063736,大立光元大9B購08,0,0,0,0,0,0,0,0,0,-10000,0,0,0,0,10000,-10000,-10000
063687,金像電永豐9B購04,0,0,0,0,0,0,0,0,0,-10000,0,0,0,0,10000,-10000,-10000
063688,建準永豐9B購03  ,0,0,0,0,0,0,0,0,0,-10000,0,0,0,0,10000,-10000,-10000
063617,鴻海兆豐01購01  ,0,0,0,0,0,0,0,0,0,-10000,0,0,0,10000,20000,-10000,-10000
063473,茂林元大9B購05  ,0,0,0,0,0,0,0,0,0,-10000,0,0,0,8000,18000,-10000,-10000
063456,T50反1元大9B購08,0,0,0,0,0,0,0,0,0,-10000,0,0,0,0,10000,-10000,-10000
063457,臺指反元大02購17,0,0,0,0,0,0,0,0,0,-10000,0,0,0,0,10000,-10000,-10000
063533,緯穎凱基9B購06  ,0,0,0,0,0,0,0,0,0,-10000,0,0,0,6000,16000,-10000,-10000
063304,大立光凱基01購02,0,0,0,0,0,0,0,0,0,-10000,0,0,0,0,10000,-10000,-10000
063365,義隆富邦01購01  ,0,0,0,0,0,0,0,0,0,-10000,0,0,0,0,10000,-10000,-10000
06394P,台積電元大97售28,0,0,0,0,0,0,0,0,0,-10000,0,0,0,0,10000,-10000,-10000
064212,可成凱基03購01  ,0,0,0,0,0,0,0,0,0,-10000,0,0,0,110000,120000,-10000,-10000
064497,可成元大01購02  ,0,0,0,0,0,0,0,0,0,-10000,0,0,0,11000,21000,-10000,-10000
064328,華通元大9C購04  ,0,0,0,0,0,0,0,0,0,-10000,0,0,0,0,10000,-10000,-10000
064320,台灣50元大9C購39,0,0,0,0,0,0,0,0,0,-10000,0,0,0,0,10000,-10000,-10000
064312,大立光群益01購01,0,0,0,0,0,0,0,0,0,-10000,0,0,0,0,10000,-10000,-10000
062603,台化凱基9B購01  ,0,0,0,0,0,0,0,0,0,-10000,0,0,0,0,10000,-10000,-10000
062640,訊連國票9C購01  ,0,0,0,0,0,0,0,0,0,-10000,0,0,0,0,10000,-10000,-10000
062674,百和中信03購01  ,0,0,0,0,0,0,0,0,0,-10000,0,0,0,0,10000,-10000,-10000
062739,嘉晶國票9B購02  ,0,0,0,0,0,0,0,0,0,-10000,0,0,0,8000,18000,-10000,-10000
062818,大立光兆豐9C購01,0,0,0,0,0,0,0,0,0,-10000,0,0,0,0,10000,-10000,-10000
062816,華新科兆豐9B購01,0,0,0,0,0,0,0,0,0,-10000,0,0,0,0,10000,-10000,-10000
062830,玉晶光群益01購05,0,0,0,0,0,0,0,0,0,-10000,0,0,0,0,10000,-10000,-10000
062909,大立光元大9C購04,0,0,0,0,0,0,0,0,0,-10000,0,0,0,0,10000,-10000,-10000
063041,貿聯凱基9B購01  ,0,0,0,0,0,0,0,0,0,-10000,0,0,0,29000,39000,-10000,-10000
063079,儒鴻凱基9B購01  ,0,0,0,0,0,0,0,0,0,-10000,0,0,0,0,10000,-10000,-10000
063101,華通群益9B購07  ,0,0,0,0,0,0,0,0,0,-10000,0,0,0,14000,24000,-10000,-10000
062164,禾伸堂國泰01購01,0,0,0,0,0,0,0,0,0,-10000,0,0,0,30000,40000,-10000,-10000
062196,聯發科中信01購02,0,0,0,0,0,0,0,0,0,-10000,0,0,0,0,10000,-10000,-10000
061953,台積電台新9B購04,0,0,0,0,0,0,0,0,0,-10000,0,0,0,0,10000,-10000,-10000
061930,臺股指凱基9B購05,0,0,0,0,0,0,0,0,0,-10000,0,0,0,5000,15000,-10000,-10000
061868,旺宏元大9B購03  ,0,0,0,0,0,0,0,0,0,-10000,0,0,0,32000,42000,-10000,-10000
062013,奇鋐富邦9B購01  ,0,0,0,0,0,0,0,0,0,-10000,0,0,0,0,10000,-10000,-10000
062017,京鼎永豐9B購01  ,0,0,0,0,0,0,0,0,0,-10000,0,0,0,10000,20000,-10000,-10000
062444,大立光元大9C購01,0,0,0,0,0,0,0,0,0,-10000,0,0,0,0,10000,-10000,-10000
062551,緯穎永豐9B購02  ,0,0,0,0,0,0,0,0,0,-10000,0,0,0,10000,20000,-10000,-10000
062514,玉晶光國票9C購02,0,0,0,0,0,0,0,0,0,-10000,0,0,0,102000,112000,-10000,-10000
9908,大台北          ,7000,14000,-7000,0,0,0,0,0,0,-3000,0,3000,-3000,0,0,0,-10000
5525,順天            ,0,10000,-10000,0,0,0,0,0,0,0,0,0,0,0,0,0,-10000
2509,全坤建          ,5000,15906,-10906,0,0,0,0,0,0,0,0,0,0,0,0,0,-10906
2611,志信            ,12000,23000,-11000,0,0,0,0,0,0,0,0,0,0,0,0,0,-11000
3002,歐格            ,0,11000,-11000,0,0,0,0,0,0,0,0,0,0,0,0,0,-11000
3679,新至陞          ,0,11000,-11000,0,0,0,0,0,0,0,0,0,0,0,0,0,-11000
1467,南緯            ,7000,18000,-11000,0,0,0,0,0,0,0,0,0,0,0,0,0,-11000
08131P,立積元大9B售02  ,0,0,0,0,0,0,0,0,0,-11000,0,0,0,10000,21000,-11000,-11000
1323,永裕            ,0,11000,-11000,0,0,0,0,0,0,0,0,0,0,0,0,0,-11000
1203,味王            ,0,11000,-11000,0,0,0,0,0,0,0,0,0,0,0,0,0,-11000
08273P,國巨元富9C售02  ,0,0,0,0,0,0,0,0,0,-11000,0,0,0,0,11000,-11000,-11000
07014P,華通元大99售04  ,0,0,0,0,0,0,0,0,0,-11000,0,0,0,31000,42000,-11000,-11000
06865P,亞德客元大98售04,0,0,0,0,0,0,0,0,0,-11000,0,0,0,0,11000,-11000,-11000
07673P,電子類元大9A售01,0,0,0,0,0,0,0,0,0,-11000,0,0,0,8000,19000,-11000,-11000
07674P,金融類元大9A售01,0,0,0,0,0,0,0,0,0,-11000,0,0,0,2000,13000,-11000,-11000
064780,義隆群益9C購04  ,0,0,0,0,0,0,0,0,0,-11000,0,0,0,68000,79000,-11000,-11000
057507,貿聯國票98購02  ,0,0,0,0,0,0,0,0,0,-11000,0,0,0,0,11000,-11000,-11000
056590,樺漢統一9A購01  ,0,0,0,0,0,0,0,0,0,-11000,0,0,0,1000,12000,-11000,-11000
056507,創意永豐98購02  ,0,0,0,0,0,0,0,0,0,-11000,0,0,0,0,11000,-11000,-11000
056523,光寶科中信98購01,0,0,0,0,0,0,0,0,0,-11000,0,0,0,100000,111000,-11000,-11000
055519,茂林中信99購01  ,0,0,0,0,0,0,0,0,0,-11000,0,0,0,0,11000,-11000,-11000
059673,玉山金元富99購01,0,0,0,0,0,0,0,0,0,-11000,0,0,0,0,11000,-11000,-11000
053344,嘉晶國票97購02  ,0,0,0,0,0,0,0,0,0,-11000,0,0,0,0,11000,-11000,-11000
042953,鴻海台新01購01  ,0,0,0,0,0,0,0,0,0,-11000,0,0,0,0,11000,-11000,-11000
03682C,臺股指凱基9C牛07,0,0,0,0,0,0,0,0,0,-11000,0,0,0,6000,17000,-11000,-11000
053983,樺漢元大97購02  ,0,0,0,0,0,0,0,0,0,-11000,0,0,0,0,11000,-11000,-11000
061687,大成鋼群益9A購01,0,0,0,0,0,0,0,0,0,-11000,0,0,0,0,11000,-11000,-11000
059009,世紀鋼元大99購04,0,0,0,0,0,0,0,0,0,-11000,0,0,0,75000,86000,-11000,-11000
058977,SGBR2X凱基03購01,0,0,0,0,0,0,0,0,0,-11000,0,0,0,0,11000,-11000,-11000
060187,華新科元富9A購02,0,0,0,0,0,0,0,0,0,-11000,0,0,0,11000,22000,-11000,-11000
060234,凱美元大9C購01  ,1000,0,1000,0,0,0,0,0,0,-12000,0,0,0,407000,419000,-12000,-11000
058630,日月光國票9A購01,0,0,0,0,0,0,0,0,0,-11000,0,0,0,0,11000,-11000,-11000
057964,緯穎元大99購03  ,0,0,0,0,0,0,0,0,0,-11000,0,0,0,77000,88000,-11000,-11000
062443,大立光元大9B購05,0,0,0,0,0,0,0,0,0,-11000,0,0,0,0,11000,-11000,-11000
062971,英業達元富9B購01,0,0,0,0,0,0,0,0,0,-11000,0,0,0,80000,91000,-11000,-11000
063237,微星元大9B購02  ,0,0,0,0,0,0,0,0,0,-11000,0,0,0,0,11000,-11000,-11000
062751,華擎中信9C購01  ,0,0,0,0,0,0,0,0,0,-11000,0,0,0,0,11000,-11000,-11000
062696,國巨元大9B購16  ,0,0,0,0,0,0,0,0,0,-11000,0,0,0,20000,31000,-11000,-11000
064227,和碩國票01購01  ,0,0,0,0,0,0,0,0,0,-11000,0,0,0,0,11000,-11000,-11000
063544,華新科台新9B購02,0,0,0,0,0,0,0,0,0,-11000,0,0,0,0,11000,-11000,-11000
063561,上銀元大9B購08  ,0,0,0,0,0,0,0,0,0,-11000,0,0,0,0,11000,-11000,-11000
063763,上銀元富9B購07  ,0,0,0,0,0,0,0,0,0,-11000,0,0,0,0,11000,-11000,-11000
6117,迎廣            ,7000,18000,-11000,0,0,0,0,0,0,0,0,0,0,0,0,0,-11000
6449,鈺邦            ,2000,13000,-11000,0,0,0,0,0,0,0,0,0,0,0,0,0,-11000
064750,緯穎麥證9C購01  ,0,0,0,6000,18000,-12000,0,0,0,-12000,0,0,0,6000,18000,-12000,-12000
064864,金像電永豐01購01,0,0,0,0,0,0,0,0,0,-12000,0,0,0,0,12000,-12000,-12000
064577,大立光國泰02購01,0,0,0,0,0,0,0,0,0,-12000,0,0,0,0,12000,-12000,-12000
064715,和大統一02購03  ,0,0,0,0,0,0,0,0,0,-12000,0,0,0,35000,47000,-12000,-12000
07743P,智邦凱基9A售03  ,0,0,0,0,0,0,0,0,0,-12000,0,0,0,50000,62000,-12000,-12000
07590P,玉晶光國票9A售03,0,0,0,0,0,0,0,0,0,-12000,0,0,0,20000,32000,-12000,-12000
07114P,旺宏兆豐9A售01  ,0,0,0,0,0,0,0,0,0,-12000,0,0,0,0,12000,-12000,-12000
07122P,欣興凱基99售05  ,0,0,0,0,0,0,0,0,0,-12000,0,0,0,10000,22000,-12000,-12000
06691P,臺股指群益9C售05,0,0,0,0,0,0,0,0,0,-12000,0,0,0,0,12000,-12000,-12000
1110,東泥            ,11000,23000,-12000,0,0,0,0,0,0,0,0,0,0,0,0,0,-12000
08458P,南電元大9C售04  ,0,0,0,0,0,0,0,0,0,-12000,0,0,0,34000,46000,-12000,-12000
08140P,祥碩元大9B售07  ,0,0,0,0,0,0,0,0,0,-12000,0,0,0,415000,427000,-12000,-12000
08054P,臺股指國票9B售19,0,0,0,0,0,0,0,0,0,-12000,0,0,0,40000,52000,-12000,-12000
2816,旺旺保          ,2000,14000,-12000,0,0,0,0,0,0,0,0,0,0,0,0,0,-12000
2867,三商壽          ,1173000,998000,175000,0,0,0,0,0,0,-187000,0,187000,-187000,0,0,0,-12000
054653,聯發科麥證97購02,0,0,0,10000,122000,-112000,0,0,0,-12000,0,0,0,120000,132000,-12000,-12000
056398,南茂永豐98購01  ,0,0,0,0,0,0,0,0,0,-12000,0,0,0,377000,389000,-12000,-12000
057295,可成永豐98購02  ,0,0,0,0,0,0,0,0,0,-12000,0,0,0,0,12000,-12000,-12000
059706,嘉晶凱基99購01  ,0,0,0,0,0,0,0,0,0,-12000,0,0,0,2000,14000,-12000,-12000
060090,台積電元大99購55,0,0,0,0,0,0,0,0,0,-12000,0,0,0,8000,20000,-12000,-12000
059069,臺指反元大9C購01,0,0,0,0,0,0,0,0,0,-12000,0,0,0,0,12000,-12000,-12000
058713,國巨統一9B購02  ,0,0,0,0,0,0,0,0,0,-12000,0,0,0,2000,14000,-12000,-12000
060253,昇陽半元大9C購01,0,0,0,0,0,0,0,0,0,-12000,0,0,0,12000,24000,-12000,-12000
058456,京鼎永豐99購01  ,0,0,0,0,0,0,0,0,0,-12000,0,0,0,0,12000,-12000,-12000
061019,大毅國票9A購01  ,0,0,0,0,0,0,0,0,0,-12000,0,0,0,3000,15000,-12000,-12000
059987,大立光元大99購28,15000,0,15000,0,0,0,0,0,0,-27000,0,0,0,3000,30000,-27000,-12000
060457,中橡元大9A購02  ,0,0,0,0,0,0,0,0,0,-12000,0,0,0,114000,126000,-12000,-12000
059597,大立光元大99購21,0,0,0,0,0,0,0,0,0,-12000,0,0,0,0,12000,-12000,-12000
061510,嘉澤富邦9C購01  ,0,0,0,0,0,0,0,0,0,-12000,0,0,0,0,12000,-12000,-12000
061794,國巨永豐9B購01  ,0,0,0,0,0,0,0,0,0,-12000,0,0,0,0,12000,-12000,-12000
061292,玉晶光統一01購06,0,0,0,0,0,0,0,0,0,-12000,0,0,0,24000,36000,-12000,-12000
061472,台積電元大9A購32,0,0,0,0,0,0,0,0,0,-12000,0,0,0,8000,20000,-12000,-12000
064302,美律兆豐01購01  ,0,0,0,0,0,0,0,0,0,-12000,0,0,0,14000,26000,-12000,-12000
06425P,TPK永豐97售02   ,0,0,0,0,0,0,0,0,0,-12000,0,0,0,0,12000,-12000,-12000
064476,金像電國泰02購01,0,0,0,0,0,0,0,0,0,-12000,0,0,0,0,12000,-12000,-12000
062758,國巨凱基9B購09  ,0,0,0,0,0,0,0,0,0,-12000,0,0,0,3000,15000,-12000,-12000
062353,亞德客元大9B購01,0,0,0,0,0,0,0,0,0,-12000,0,0,0,12000,24000,-12000,-12000
062188,貿聯元大9B購02  ,0,0,0,0,0,0,0,0,0,-12000,0,0,0,88000,100000,-12000,-12000
062191,台郡元大9B購05  ,0,0,0,0,0,0,0,0,0,-12000,0,0,0,67000,79000,-12000,-12000
062254,台光電元大9B購02,0,0,0,0,0,0,0,0,0,-12000,0,0,0,23000,35000,-12000,-12000
2468,華經            ,50000,62000,-12000,0,0,0,0,0,0,-1000,1000,2000,-1000,0,0,0,-13000
1442,名軒            ,11000,24000,-13000,0,0,0,0,0,0,0,0,0,0,0,0,0,-13000
1603,華電            ,5000,18000,-13000,0,0,0,0,0,0,0,0,0,0,0,0,0,-13000
08128P,聯發科元大9B售22,0,0,0,0,0,0,0,0,0,-13000,0,0,0,10000,23000,-13000,-13000
08472P,和碩凱基9C售02  ,0,0,0,0,0,0,0,0,0,-13000,0,0,0,0,13000,-13000,-13000
08391P,智邦凱基02售02  ,0,0,0,0,0,0,0,0,0,-13000,0,0,0,0,13000,-13000,-13000
08493P,嘉澤元大9C售01  ,0,0,0,0,0,0,0,0,0,-13000,0,0,0,0,13000,-13000,-13000
08494P,世芯元大9C售02  ,0,0,0,0,0,0,0,0,0,-13000,0,0,0,0,13000,-13000,-13000
1225,福懋油          ,1000,14000,-13000,0,0,0,0,0,0,0,0,0,0,0,0,0,-13000
08284P,鴻海凱基01售03  ,0,0,0,0,0,0,0,0,0,-13000,0,0,0,0,13000,-13000,-13000
08286P,大立光凱基9C售04,0,0,0,0,0,0,0,0,0,-13000,0,0,0,27000,40000,-13000,-13000
06687P,A50正2中信9A售01,0,0,0,0,0,0,0,0,0,-13000,0,0,0,0,13000,-13000,-13000
065268,嘉澤元大9C購02  ,0,0,0,0,0,0,0,0,0,-13000,0,0,0,3000,16000,-13000,-13000
06926P,可成群益9A售04  ,0,0,0,0,0,0,0,0,0,-13000,0,0,0,4000,17000,-13000,-13000
07248P,可成凱基99售06  ,0,0,0,0,0,0,0,0,0,-13000,0,0,0,0,13000,-13000,-13000
07715P,台灣50群益9A售14,0,0,0,0,0,0,0,0,0,-13000,0,0,0,10000,23000,-13000,-13000
064588,玉晶光永豐9C購05,0,0,0,0,0,0,0,0,0,-13000,0,0,0,17000,30000,-13000,-13000
065120,臺股指富邦9C購03,0,0,0,0,0,0,0,0,0,-13000,0,0,0,0,13000,-13000,-13000
05582P,群創凱基98售06  ,0,0,0,0,0,0,0,0,0,-13000,0,0,0,5000,18000,-13000,-13000
056599,臻鼎元富98購01  ,0,0,0,0,0,0,0,0,0,-13000,0,0,0,48000,61000,-13000,-13000
056428,台達電凱基99購01,0,0,0,0,0,0,0,0,0,-13000,0,0,0,12000,25000,-13000,-13000
061476,大毅元大9A購02  ,0,0,0,0,0,0,0,0,0,-13000,0,0,0,0,13000,-13000,-13000
057626,技嘉富邦9A購01  ,0,0,0,0,0,0,0,0,0,-13000,0,0,0,101000,114000,-13000,-13000
058948,道瓊銀群益9C購01,0,0,0,0,0,0,0,0,0,-13000,0,0,0,0,13000,-13000,-13000
060964,日月光凱基9A購01,0,0,0,0,0,0,0,0,0,-13000,0,0,0,38000,51000,-13000,-13000
05830P,滬深2X元富99售03,0,0,0,0,0,0,0,0,0,-13000,0,0,0,299000,312000,-13000,-13000
058047,可成元大98購11  ,0,0,0,0,0,0,0,0,0,-13000,0,0,0,4000,17000,-13000,-13000
058053,上銀統一9B購01  ,0,0,0,0,0,0,0,0,0,-13000,0,0,0,97000,110000,-13000,-13000
062905,聯發科元大9B購13,0,0,0,0,0,0,0,0,0,-13000,0,0,0,4000,17000,-13000,-13000
062953,大立光永豐9B購01,0,0,0,0,0,0,0,0,0,-13000,0,0,0,0,13000,-13000,-13000
06453P,群創元大9B售02  ,0,0,0,0,0,0,0,0,0,-13000,0,0,0,59000,72000,-13000,-13000
063959,GIS元大9C購02   ,0,0,0,0,0,0,0,0,0,-13000,0,0,0,155000,168000,-13000,-13000
063827,國巨國票02購01  ,0,0,0,0,0,0,0,0,0,-13000,0,0,0,17000,30000,-13000,-13000
063308,緯穎凱基9B購05  ,0,0,0,0,0,0,0,0,0,-13000,0,0,0,0,13000,-13000,-13000
9905,大華            ,4000,17000,-13000,0,0,0,0,0,0,0,0,0,0,0,0,0,-13000
065104,南茂元大9C購02  ,0,0,0,0,0,0,0,0,0,-14000,0,0,0,174000,188000,-14000,-14000
065167,華通元大02購01  ,0,0,0,0,0,0,0,0,0,-14000,0,0,0,13000,27000,-14000,-14000
065031,世芯兆豐9C購01  ,0,0,0,0,0,0,0,0,0,-14000,0,0,0,0,14000,-14000,-14000
065032,TPK兆豐01購01   ,0,0,0,0,0,0,0,0,0,-14000,0,0,0,0,14000,-14000,-14000
07741P,滬深2X凱基9B售04,0,0,0,0,0,0,0,0,0,-14000,0,0,0,0,14000,-14000,-14000
07538P,玉晶光元富9A售05,0,0,0,0,0,0,0,0,0,-14000,0,0,0,0,14000,-14000,-14000
08145P,台灣50群益9B售11,0,0,0,0,0,0,0,0,0,-14000,0,0,0,129000,143000,-14000,-14000
08002P,大毅國票9B售03  ,0,0,0,0,0,0,0,0,0,-14000,0,0,0,0,14000,-14000,-14000
07963P,智邦統一9B售01  ,0,0,0,0,0,0,0,0,0,-14000,0,0,0,21000,35000,-14000,-14000
1524,耿鼎            ,4000,11000,-7000,0,0,0,0,0,0,-7000,0,7000,-7000,0,0,0,-14000
3013,晟銘電          ,0,7000,-7000,0,0,0,0,0,0,-7000,0,7000,-7000,0,0,0,-14000
057508,康控國票99購03  ,0,0,0,0,0,0,0,0,0,-14000,0,0,0,110000,124000,-14000,-14000
057166,國巨元大99購06  ,0,0,0,0,0,0,0,0,0,-14000,0,0,0,93000,107000,-14000,-14000
055899,群創中信99購01  ,0,0,0,0,0,0,0,0,0,-14000,0,0,0,6000,20000,-14000,-14000
055933,欣興群益98購02  ,0,0,0,0,0,0,0,0,0,-14000,0,0,0,6000,20000,-14000,-14000
056669,貿聯國票99購01  ,0,0,0,0,0,0,0,0,0,-14000,0,0,0,0,14000,-14000,-14000
059065,南電凱基9A購01  ,0,0,0,0,0,0,0,0,0,-14000,0,0,0,82000,96000,-14000,-14000
052132,旺宏凱基9B購01  ,0,0,0,0,0,0,0,0,0,-14000,0,0,0,0,14000,-14000,-14000
00660,元大歐洲50      ,0,0,0,0,0,0,0,0,0,-14000,0,0,0,1000,15000,-14000,-14000
053412,台達電國票97購02,0,0,0,0,0,0,0,0,0,-14000,0,0,0,6000,20000,-14000,-14000
057998,玉晶光麥證9A購01,0,0,0,10000,32000,-22000,0,0,0,-14000,0,0,0,18000,32000,-14000,-14000
057725,台達電國泰9A購01,0,0,0,0,0,0,0,0,0,-14000,0,0,0,2000,16000,-14000,-14000
060630,國巨富邦9C購03  ,0,0,0,0,0,0,0,0,0,-14000,0,0,0,30000,44000,-14000,-14000
060896,晶技凱基9A購02  ,0,0,0,0,0,0,0,0,0,-14000,0,0,0,122000,136000,-14000,-14000
060402,神隆國泰9B購01  ,0,0,0,0,0,0,0,0,0,-14000,0,0,0,84000,98000,-14000,-14000
061318,智邦凱基9B購01  ,0,0,0,0,0,0,0,0,0,-14000,0,0,0,250000,264000,-14000,-14000
061389,華新科群益9B購01,0,0,0,0,0,0,0,0,0,-14000,0,0,0,52000,66000,-14000,-14000
061682,南電元大9B購01  ,0,0,0,0,0,0,0,0,0,-14000,0,0,0,1000,15000,-14000,-14000
063717,宏達電兆豐9B購02,0,0,0,0,0,0,0,0,0,-14000,0,0,0,7000,21000,-14000,-14000
063977,義隆兆豐9C購01  ,0,0,0,0,0,0,0,0,0,-14000,0,0,0,0,14000,-14000,-14000
064035,GIS元大9C購03   ,0,0,0,0,0,0,0,0,0,-14000,0,0,0,43000,57000,-14000,-14000
064305,健鼎兆豐9C購02  ,0,0,0,0,0,0,0,0,0,-14000,0,0,0,219000,233000,-14000,-14000
061916,元金2X凱基02購01,0,0,0,0,0,0,0,0,0,-14000,0,0,0,20000,34000,-14000,-14000
062481,同欣電國票9B購01,0,0,0,0,0,0,0,0,0,-14000,0,0,0,0,14000,-14000,-14000
8201,無敵            ,33000,47000,-14000,0,0,0,0,0,0,0,1000,1000,0,0,0,0,-14000
3661,世芯-KY         ,954000,812530,141470,0,0,0,2000,84000,-82000,-74000,55000,91000,-36000,12000,50000,-38000,-14530
2514,龍邦            ,38000,53000,-15000,0,0,0,0,0,0,0,0,0,0,0,0,0,-15000
1817,凱撒衛          ,0,15000,-15000,0,0,0,0,0,0,0,0,0,0,0,0,0,-15000
07791P,奇鋐元大9A售02  ,0,0,0,0,0,0,0,0,0,-15000,0,0,0,0,15000,-15000,-15000
08011P,玉晶光元大9B售05,0,0,0,0,0,0,0,0,0,-15000,0,0,0,20000,35000,-15000,-15000
08466P,旺宏統一9C售03  ,0,0,0,0,0,0,0,0,0,-15000,0,0,0,0,15000,-15000,-15000
07530P,聯發科凱基9A售11,0,0,0,0,0,0,0,0,0,-15000,0,0,0,0,15000,-15000,-15000
07140P,台灣50日盛99售01,0,0,0,0,0,0,0,0,0,-15000,0,0,0,525000,540000,-15000,-15000
07053P,台灣50兆豐01售01,0,0,0,0,0,0,0,0,0,-15000,0,0,0,50000,65000,-15000,-15000
065286,瑞昱群益9C購03  ,0,0,0,0,0,0,0,0,0,-15000,0,0,0,0,15000,-15000,-15000
065300,燿華元富9C購03  ,0,0,0,0,0,0,0,0,0,-15000,0,0,0,0,15000,-15000,-15000
06742P,可成富邦99售02  ,0,0,0,0,0,0,0,0,0,-15000,0,0,0,14000,29000,-15000,-15000
06726P,欣興元富98售04  ,0,0,0,0,0,0,0,0,0,-15000,0,0,0,0,15000,-15000,-15000
065206,旺宏國票01購02  ,0,0,0,0,0,0,0,0,0,-15000,0,0,0,16000,31000,-15000,-15000
065201,世芯元富9C購02  ,0,0,0,0,0,0,0,0,0,-15000,0,0,0,0,15000,-15000,-15000
065083,南亞科元大01購01,0,0,0,0,0,0,0,0,0,-15000,0,0,0,0,15000,-15000,-15000
064657,和大元大9C購02  ,0,0,0,0,0,0,0,0,0,-15000,0,0,0,15000,30000,-15000,-15000
050842,旺宏國票97購01  ,0,0,0,0,0,0,0,0,0,-15000,0,0,0,0,15000,-15000,-15000
03680C,臺股指凱基9A牛26,0,0,0,0,0,0,0,0,0,-15000,0,0,0,54000,69000,-15000,-15000
036628,統一台新99購01  ,0,0,0,0,0,0,0,0,0,-15000,0,0,0,0,15000,-15000,-15000
054742,京鼎凱基99購01  ,0,0,0,0,0,0,0,0,0,-15000,0,0,0,0,15000,-15000,-15000
054231,國巨群益98購03  ,0,0,0,0,0,0,0,0,0,-15000,0,0,0,20000,35000,-15000,-15000
05537P,群創中信98售01  ,0,0,0,0,0,0,0,0,0,-15000,0,0,0,0,15000,-15000,-15000
060093,友達元大03購01  ,0,0,0,0,0,0,0,0,0,-15000,0,0,0,30000,45000,-15000,-15000
059056,技嘉凱基99購02  ,0,0,0,0,0,0,0,0,0,-15000,0,0,0,25000,40000,-15000,-15000
059730,晶相光元大9C購02,0,0,0,0,0,0,0,0,0,-15000,0,0,0,0,15000,-15000,-15000
056282,S&P反1永豐97購01,0,0,0,0,0,0,0,0,0,-15000,0,0,0,0,15000,-15000,-15000
056735,國巨凱基99購02  ,0,0,0,0,0,0,0,0,0,-15000,0,0,0,0,15000,-15000,-15000
056242,緯創群益9A購01  ,0,0,0,0,0,0,0,0,0,-15000,0,0,0,5000,20000,-15000,-15000
055801,景碩永豐97購02  ,0,0,0,0,0,0,0,0,0,-15000,0,0,0,0,15000,-15000,-15000
061709,SP黃豆凱基01購02,0,0,0,0,0,0,0,0,0,-15000,0,0,0,10000,25000,-15000,-15000
060388,世紀鋼凱基9B購01,0,0,0,0,0,0,0,0,0,-15000,0,0,0,0,15000,-15000,-15000
058767,亞德客兆豐99購01,0,0,0,0,0,0,0,0,0,-15000,0,0,0,0,15000,-15000,-15000
060762,長榮航元大9A購02,0,0,0,0,0,0,0,0,0,-15000,0,0,0,0,15000,-15000,-15000
060530,聯發科中信9C購03,0,0,0,0,0,0,0,0,0,-15000,0,0,0,5000,20000,-15000,-15000
058376,貿聯凱基9A購01  ,0,0,0,0,0,0,0,0,0,-15000,0,0,0,170000,185000,-15000,-15000
057786,聯發科國票98購05,0,0,0,0,0,0,0,0,0,-15000,0,0,0,30000,45000,-15000,-15000
057962,超眾元大99購03  ,0,0,0,0,0,0,0,0,0,-15000,0,0,0,47000,62000,-15000,-15000
057953,聚陽元大98購01  ,0,0,0,0,0,0,0,0,0,-15000,0,0,0,15000,30000,-15000,-15000
058061,貿聯元富9B購01  ,0,0,0,0,0,0,0,0,0,-15000,0,0,0,52000,67000,-15000,-15000
058445,旺宏富邦9C購01  ,0,0,0,0,0,0,0,0,0,-15000,0,0,0,22000,37000,-15000,-15000
062440,聯發科元大9B購11,0,0,0,0,0,0,0,0,0,-15000,0,0,0,0,15000,-15000,-15000
062436,國巨元大9B購14  ,0,0,0,0,0,0,0,0,0,-15000,0,0,0,1000,16000,-15000,-15000
062590,亞光統一9B購01  ,0,0,0,0,0,0,0,0,0,-15000,0,0,0,0,15000,-15000,-15000
062314,玉晶光凱基9B購06,0,0,0,0,0,0,0,0,0,-15000,0,0,0,52000,67000,-15000,-15000
062160,南六凱基9B購01  ,0,0,0,0,0,0,0,0,0,-15000,0,0,0,0,15000,-15000,-15000
063021,大立光元大9C購05,0,0,0,0,0,0,0,0,0,-15000,0,0,0,0,15000,-15000,-15000
063281,京元電元大9B購01,0,0,0,0,0,0,0,0,0,-15000,0,0,0,60000,75000,-15000,-15000
063190,聯茂凱基9B購01  ,0,0,0,0,0,0,0,0,0,-15000,0,0,0,2000,17000,-15000,-15000
062805,台勝科統一9C購01,0,0,0,0,0,0,0,0,0,-15000,0,0,0,93000,108000,-15000,-15000
064365,美食統一01購02  ,0,0,0,0,0,0,0,0,0,-15000,0,0,0,0,15000,-15000,-15000
064039,亞德客統一02購01,0,0,0,0,0,0,0,0,0,-15000,0,0,0,0,15000,-15000,-15000
064189,TPK永豐9C購01   ,0,0,0,0,0,0,0,0,0,-15000,0,0,0,0,15000,-15000,-15000
063798,台積電凱基02購03,0,0,0,0,0,0,0,0,0,-15000,0,0,0,4000,19000,-15000,-15000
063313,南亞科群益9B購02,0,0,0,0,0,0,0,0,0,-15000,0,0,0,0,15000,-15000,-15000
063557,聚陽元大9B購01  ,0,0,0,0,0,0,0,0,0,-15000,0,0,0,10000,25000,-15000,-15000
910861,神州-DR         ,0,15000,-15000,0,0,0,0,0,0,0,0,0,0,0,0,0,-15000
5706,鳳凰            ,6000,21000,-15000,0,0,0,0,0,0,0,0,0,0,0,0,0,-15000
5285,界霖            ,4000,19000,-15000,0,0,0,0,0,0,0,0,0,0,0,0,0,-15000
064641,神隆凱基9C購01  ,0,0,0,0,0,0,0,0,0,-16000,0,0,0,199000,215000,-16000,-16000
064853,亞德客麥證9C購01,0,0,0,0,16000,-16000,0,0,0,-16000,0,0,0,0,16000,-16000,-16000
064870,中租永豐9C購01  ,0,0,0,0,0,0,0,0,0,-16000,0,0,0,34000,50000,-16000,-16000
065140,國巨凱基01購02  ,0,0,0,0,0,0,0,0,0,-16000,0,0,0,32000,48000,-16000,-16000
065182,南電元大9C購05  ,0,0,0,0,0,0,0,0,0,-16000,0,0,0,1000,17000,-16000,-16000
065040,燿華凱基9C購01  ,0,0,0,0,0,0,0,0,0,-16000,0,0,0,128000,144000,-16000,-16000
06736P,新日興凱基98售03,0,0,0,0,0,0,0,0,0,-16000,0,0,0,0,16000,-16000,-16000
07145P,為升元大99售03  ,0,0,0,0,0,0,0,0,0,-16000,0,0,0,2000,18000,-16000,-16000
07396P,聯發科群益9B售01,0,0,0,0,0,0,0,0,0,-16000,0,0,0,0,16000,-16000,-16000
08456P,聯發科元大9C售13,0,0,0,0,0,0,0,0,0,-16000,0,0,0,100000,116000,-16000,-16000
08390P,旺宏凱基9C售02  ,0,0,0,0,0,0,0,0,0,-16000,0,0,0,20000,36000,-16000,-16000
08150P,立積國票9C售01  ,0,0,0,0,0,0,0,0,0,-16000,0,0,0,0,16000,-16000,-16000
08117P,聯發科元富9B售04,0,0,0,0,0,0,0,0,0,-16000,0,0,0,46000,62000,-16000,-16000
2114,鑫永銓          ,1000,17000,-16000,0,0,0,0,0,0,0,0,0,0,0,0,0,-16000
056200,大毅永豐98購01  ,0,0,0,0,0,0,0,0,0,-16000,0,0,0,0,16000,-16000,-16000
056157,聯詠凱基97購03  ,0,0,0,0,0,0,0,0,0,-16000,0,0,0,0,16000,-16000,-16000
059816,聯電凱基99購03  ,0,0,0,0,0,0,0,0,0,-16000,0,0,0,10000,26000,-16000,-16000
055474,欣興凱基97購05  ,0,0,0,0,0,0,0,0,0,-16000,0,0,0,38000,54000,-16000,-16000
054137,聯詠元大97購02  ,0,0,0,0,0,0,0,0,0,-16000,0,0,0,215000,231000,-16000,-16000
056366,玉晶光元大99購04,0,0,0,0,0,0,0,0,0,-16000,0,0,0,43000,59000,-16000,-16000
057408,台郡群益98購01  ,0,0,0,0,0,0,0,0,0,-16000,0,0,0,60000,76000,-16000,-16000
052135,聯發科凱基9B購01,0,0,0,0,0,0,0,0,0,-16000,0,0,0,50000,66000,-16000,-16000
03019X,元展19          ,0,0,0,0,0,0,0,0,0,-16000,0,0,0,0,16000,-16000,-16000
01003T,兆豐新光R1      ,0,16000,-16000,0,0,0,0,0,0,0,0,0,0,0,0,0,-16000
055008,隆達元富97購01  ,0,0,0,0,0,0,0,0,0,-16000,0,0,0,0,16000,-16000,-16000
057728,瑞昱國泰99購01  ,0,0,0,0,0,0,0,0,0,-16000,0,0,0,0,16000,-16000,-16000
061001,智邦兆豐9B購01  ,0,0,0,0,0,0,0,0,0,-16000,0,0,0,55000,71000,-16000,-16000
057669,嘉晶元大99購03  ,0,0,0,0,0,0,0,0,0,-16000,0,0,0,0,16000,-16000,-16000
058555,矽創永豐9A購01  ,0,0,0,0,0,0,0,0,0,-16000,0,0,0,0,16000,-16000,-16000
061145,臻鼎中信9A購02  ,0,0,0,0,0,0,0,0,0,-16000,0,0,0,26000,42000,-16000,-16000
061270,彩晶凱基9A購02  ,0,0,0,0,0,0,0,0,0,-16000,0,0,0,24000,40000,-16000,-16000
062703,可成元大9C購02  ,0,0,0,0,0,0,0,0,0,-16000,0,0,0,62000,78000,-16000,-16000
063266,聯發科第一9B購01,0,0,0,0,0,0,0,0,0,-16000,0,0,0,0,16000,-16000,-16000
063038,富邦金凱基9B購02,0,0,0,0,0,0,0,0,0,-16000,0,0,0,34000,50000,-16000,-16000
062487,中興電永豐9B購01,0,0,0,0,0,0,0,0,0,-16000,0,0,0,0,16000,-16000,-16000
8374,羅昇            ,2000,17000,-15000,0,0,0,0,0,0,-1000,0,1000,-1000,0,0,0,-16000
6669,緯穎            ,712520,1558247,-845727,0,0,0,920000,31355,888645,-59000,17000,70000,-53000,23000,29000,-6000,-16082
1615,大山            ,23000,35000,-12000,0,0,0,0,0,0,-5000,0,5000,-5000,0,0,0,-17000
2462,良得電          ,0,17000,-17000,0,0,0,0,0,0,0,0,0,0,0,0,0,-17000
2482,連宇            ,0,12000,-12000,0,0,0,0,0,0,-5000,0,5000,-5000,0,0,0,-17000
08094P,華新科元富9B售05,0,0,0,0,0,0,0,0,0,-17000,0,0,0,22000,39000,-17000,-17000
08043P,電子類群益9B售01,0,0,0,0,0,0,0,0,0,-17000,0,0,0,0,17000,-17000,-17000
06567P,鴻海永豐98售02  ,0,0,0,0,0,0,0,0,0,-17000,0,0,0,0,17000,-17000,-17000
06854P,鴻海富邦99售05  ,0,0,0,0,0,0,0,0,0,-17000,0,0,0,0,17000,-17000,-17000
00703,台新MSCI中國    ,2000,2000,0,0,0,0,0,0,0,-17000,0,0,0,46000,63000,-17000,-17000
00670L,富邦NASDAQ正2   ,0,0,0,0,0,0,0,0,0,-17000,0,0,0,266000,283000,-17000,-17000
057278,可成元大98購06  ,0,0,0,0,0,0,0,0,0,-17000,0,0,0,74000,91000,-17000,-17000
054770,健策國票98購01  ,0,0,0,0,0,0,0,0,0,-17000,0,0,0,223000,240000,-17000,-17000
054477,聯發科中信9C購02,0,0,0,0,0,0,0,0,0,-17000,0,0,0,44000,61000,-17000,-17000
057536,康控元大99購03  ,0,0,0,0,0,0,0,0,0,-17000,0,0,0,59000,76000,-17000,-17000
059747,台達電台新99購01,0,0,0,0,0,0,0,0,0,-17000,0,0,0,0,17000,-17000,-17000
060077,台積電台新9B購01,0,0,0,0,0,0,0,0,0,-17000,0,0,0,0,17000,-17000,-17000
061202,和大元大9A購02  ,0,0,0,0,0,0,0,0,0,-17000,0,0,0,31000,48000,-17000,-17000
061075,亞德客兆豐9A購01,0,0,0,0,0,0,0,0,0,-17000,0,0,0,0,17000,-17000,-17000
060487,盛群富邦9B購01  ,0,0,0,0,0,0,0,0,0,-17000,0,0,0,0,17000,-17000,-17000
060909,金像電元大9B購01,0,0,0,0,0,0,0,0,0,-17000,0,0,0,21000,38000,-17000,-17000
059977,鴻海元大99購40  ,0,0,0,0,0,0,0,0,0,-17000,0,0,0,33000,50000,-17000,-17000
058315,TPK富邦9C購01   ,0,0,0,0,0,0,0,0,0,-17000,0,0,0,0,17000,-17000,-17000
057872,旺宏元大99購06  ,0,0,0,0,0,0,0,0,0,-17000,0,0,0,78000,95000,-17000,-17000
062562,瑞儀凱基9B購02  ,0,0,0,0,0,0,0,0,0,-17000,0,0,0,46000,63000,-17000,-17000
062426,大立光統一02購02,0,0,0,0,0,0,0,0,0,-17000,0,0,0,0,17000,-17000,-17000
061987,大立光元大9B購03,0,0,0,0,0,0,0,0,0,-17000,0,0,0,0,17000,-17000,-17000
062783,大立光元大9C購03,0,0,0,0,0,0,0,0,0,-17000,0,0,0,0,17000,-17000,-17000
063598,國巨凱基9B購14  ,0,0,0,0,0,0,0,0,0,-17000,0,0,0,4000,21000,-17000,-17000
063296,可成麥證9B購01  ,0,0,0,16000,33000,-17000,0,0,0,-17000,0,0,0,16000,33000,-17000,-17000
063833,致新國票01購01  ,0,0,0,0,0,0,0,0,0,-17000,0,0,0,40000,57000,-17000,-17000
064086,旺宏凱基9C購01  ,0,0,0,0,0,0,0,0,0,-17000,0,0,0,6000,23000,-17000,-17000
064055,台郡統一02購01  ,0,0,0,0,0,0,0,0,0,-17000,0,0,0,549000,566000,-17000,-17000
064489,宏碁元大9C購01  ,0,0,0,0,0,0,0,0,0,-17000,0,0,0,33000,50000,-17000,-17000
06908P,健策國泰99售02  ,0,0,0,0,0,0,0,0,0,-18000,0,0,0,25000,43000,-18000,-18000
07536P,華新科元富9A售04,0,0,0,0,0,0,0,0,0,-18000,0,0,0,23000,41000,-18000,-18000
064933,矽創統一01購01  ,0,0,0,0,0,0,0,0,0,-18000,0,0,0,0,18000,-18000,-18000
064580,統一永豐9C購01  ,0,0,0,0,0,0,0,0,0,-18000,0,0,0,50000,68000,-18000,-18000
08018P,牧德國票9B售04  ,0,0,0,0,0,0,0,0,0,-18000,0,0,0,18000,36000,-18000,-18000
07834P,聯詠群益9A售03  ,0,0,0,0,0,0,0,0,0,-18000,0,0,0,12000,30000,-18000,-18000
08497P,華新科國票01售02,0,0,0,0,0,0,0,0,0,-18000,0,0,0,0,18000,-18000,-18000
3028,增你強          ,0,18000,-18000,0,0,0,0,0,0,0,0,0,0,0,0,0,-18000
060109,茂林元大99購05  ,0,0,0,0,0,0,0,0,0,-18000,0,0,0,12000,30000,-18000,-18000
055700,緯穎國泰98購02  ,0,0,0,0,0,0,0,0,0,-18000,0,0,0,22000,40000,-18000,-18000
055709,深中小元大97購03,0,0,0,0,0,0,0,0,0,-18000,0,0,0,2000,20000,-18000,-18000
057088,上銀元富98購01  ,0,0,0,0,0,0,0,0,0,-18000,0,0,0,0,18000,-18000,-18000
057320,玉晶光凱基98購01,0,0,0,0,0,0,0,0,0,-18000,0,0,0,229000,247000,-18000,-18000
055230,大毅國票98購01  ,0,0,0,0,0,0,0,0,0,-18000,0,0,0,0,18000,-18000,-18000
057956,全新元大99購04  ,0,0,0,0,0,0,0,0,0,-18000,0,0,0,0,18000,-18000,-18000
060764,華擎元大9A購03  ,0,0,0,0,0,0,0,0,0,-18000,0,0,0,114000,132000,-18000,-18000
061203,國巨元大9A購15  ,0,0,0,0,0,0,0,0,0,-18000,0,0,0,0,18000,-18000,-18000
064337,大毅元大01購02  ,0,0,0,0,0,0,0,0,0,-18000,0,0,0,22000,40000,-18000,-18000
064405,美食凱基01購02  ,0,0,0,0,0,0,0,0,0,-18000,0,0,0,12000,30000,-18000,-18000
064065,大立光富邦02購02,0,0,0,0,0,0,0,0,0,-18000,0,0,0,0,18000,-18000,-18000
064097,友訊群益9C購01  ,0,0,0,0,0,0,0,0,0,-18000,0,0,0,24000,42000,-18000,-18000
063709,上銀凱基9B購07  ,0,0,0,0,0,0,0,0,0,-18000,0,0,0,50000,68000,-18000,-18000
063710,光寶科凱基9C購01,0,0,0,0,0,0,0,0,0,-18000,0,0,0,120000,138000,-18000,-18000
062732,南六凱基9B購03  ,0,0,0,0,0,0,0,0,0,-18000,0,0,0,10000,28000,-18000,-18000
063108,世紀鋼群益9C購01,0,0,0,0,0,0,0,0,0,-18000,0,0,0,0,18000,-18000,-18000
061980,聯發科元大9B購01,0,0,0,0,0,0,0,0,0,-18000,0,0,0,0,18000,-18000,-18000
062271,華通群益9C購02  ,0,30000,-30000,0,0,0,0,0,0,12000,0,0,0,35000,23000,12000,-18000
3305,昇貿            ,1000,20000,-19000,0,0,0,0,0,0,0,0,0,0,0,0,0,-19000
2351,順德            ,214000,133000,81000,0,0,0,0,100000,-100000,0,0,0,0,0,0,0,-19000
08516P,技嘉群益01售02  ,0,0,0,0,0,0,0,0,0,-19000,0,0,0,0,19000,-19000,-19000
07820P,臺股指國票9A售11,0,0,0,0,0,0,0,0,0,-19000,0,0,0,37000,56000,-19000,-19000
07898P,國巨國泰9C售02  ,0,0,0,0,0,0,0,0,0,-19000,0,0,0,5000,24000,-19000,-19000
08062P,華擎國票9B售03  ,0,0,0,0,0,0,0,0,0,-19000,0,0,0,0,19000,-19000,-19000
08186P,泰碩永豐9B售03  ,0,0,0,0,0,0,0,0,0,-19000,0,0,0,1000,20000,-19000,-19000
08199P,大毅元大9B售02  ,0,0,0,0,0,0,0,0,0,-19000,0,0,0,0,19000,-19000,-19000
08200P,祥碩元大9B售08  ,0,0,0,0,0,0,0,0,0,-19000,0,0,0,0,19000,-19000,-19000
064684,巨大兆豐9C購01  ,0,0,0,0,0,0,0,0,0,-19000,0,0,0,86000,105000,-19000,-19000
065181,南電元大01購01  ,0,0,0,0,0,0,0,0,0,-19000,0,0,0,6000,25000,-19000,-19000
07334P,臺股指國票99售19,0,0,0,0,0,0,0,0,0,-19000,0,0,0,121000,140000,-19000,-19000
07341P,台積電凱基99售18,0,0,0,0,0,0,0,0,0,-19000,0,0,0,0,19000,-19000,-19000
057342,玉晶光台新98購01,0,0,0,0,0,0,0,0,0,-19000,0,0,0,5000,24000,-19000,-19000
056964,聯發科永豐98購03,0,0,0,0,0,0,0,0,0,-19000,0,0,0,130000,149000,-19000,-19000
057151,易華電國票99購01,0,0,0,0,0,0,0,0,0,-19000,0,0,0,324000,343000,-19000,-19000
055755,禾伸堂兆豐97購02,0,0,0,0,0,0,0,0,0,-19000,0,0,0,0,19000,-19000,-19000
055816,新日興國票98購01,0,0,0,0,0,0,0,0,0,-19000,0,0,0,19000,38000,-19000,-19000
059083,華通元大99購07  ,0,0,0,0,0,0,0,0,0,-19000,0,0,0,0,19000,-19000,-19000
060547,瑞昱凱基9A購01  ,0,0,0,0,0,0,0,0,0,-19000,0,0,0,0,19000,-19000,-19000
058829,華新科永豐99購04,0,0,0,0,0,0,0,0,0,-19000,0,0,0,22000,41000,-19000,-19000
060618,玉晶光元大9A購02,0,0,0,0,0,0,0,0,0,-19000,0,0,0,16000,35000,-19000,-19000
059952,旺宏康和99購01  ,0,0,0,0,0,0,0,0,0,-19000,0,0,0,0,19000,-19000,-19000
060979,國巨元大9A購14  ,0,0,0,0,0,0,0,0,0,-19000,0,0,0,10000,29000,-19000,-19000
062047,緯穎凱基9B購01  ,0,0,0,0,0,0,0,0,0,-19000,0,0,0,128000,147000,-19000,-19000
062074,旺宏元大9B購04  ,0,0,0,0,0,0,0,0,0,-19000,0,0,0,0,19000,-19000,-19000
063206,貿聯統一9C購02  ,0,0,0,0,0,0,0,0,0,-19000,0,0,0,105000,124000,-19000,-19000
062610,啟碁凱基9B購01  ,0,0,0,0,0,0,0,0,0,-19000,0,0,0,51000,70000,-19000,-19000
062849,中興電永豐9B購02,0,0,0,0,0,0,0,0,0,-19000,0,0,0,0,19000,-19000,-19000
063725,聯電元大9C購03  ,0,0,0,0,0,0,0,0,0,-19000,0,0,0,7000,26000,-19000,-19000
064004,全新凱基01購01  ,0,0,0,0,0,0,0,0,0,-19000,0,0,0,81000,100000,-19000,-19000
064502,大立光元大9C購19,0,0,0,0,0,0,0,0,0,-19000,0,0,0,0,19000,-19000,-19000
4566,時碩工業        ,1000,20000,-19000,0,0,0,0,0,0,0,0,0,0,0,0,0,-19000
07319P,台積電凱基01售02,0,0,0,0,0,0,0,0,0,-20000,0,0,0,0,20000,-20000,-20000
07407P,欣興凱基99售07  ,0,0,0,0,0,0,0,0,0,-20000,0,0,0,0,20000,-20000,-20000
07229P,T50正2群益9A售01,0,0,0,0,0,0,0,0,0,-20000,0,0,0,0,20000,-20000,-20000
07192P,聯發科元大99售23,0,0,0,0,0,0,0,0,0,-20000,0,0,0,0,20000,-20000,-20000
07643P,禾伸堂凱基9A售02,0,0,0,0,0,0,0,0,0,-20000,0,0,0,0,20000,-20000,-20000
06885P,國巨國票99售06  ,0,0,0,0,0,0,0,0,0,-20000,0,0,0,25000,45000,-20000,-20000
06917P,聯電亞東99售01  ,0,0,0,0,0,0,0,0,0,-20000,0,0,0,0,20000,-20000,-20000
07057P,大立光康和9B售02,0,0,0,0,0,0,0,0,0,-20000,0,0,0,19000,39000,-20000,-20000
06539P,聯發科凱基98售12,0,0,0,0,0,0,0,0,0,-20000,0,0,0,0,20000,-20000,-20000
06644P,亞德客元大98售03,0,0,0,0,0,0,0,0,0,-20000,0,0,0,0,20000,-20000,-20000
065208,義隆國票01購01  ,0,0,0,0,0,0,0,0,0,-20000,0,0,0,0,20000,-20000,-20000
065210,健策國票01購03  ,0,0,0,0,0,0,0,0,0,-20000,0,0,0,0,20000,-20000,-20000
065232,健策凱基02購01  ,0,0,0,0,0,0,0,0,0,-20000,0,0,0,0,20000,-20000,-20000
065111,瀚宇博國票01購01,0,0,0,0,0,0,0,0,0,-20000,0,0,0,0,20000,-20000,-20000
065045,信邦凱基9C購01  ,0,0,0,0,0,0,0,0,0,-20000,0,0,0,0,20000,-20000,-20000
064614,友訊元大9C購02  ,0,0,0,0,0,0,0,0,0,-20000,0,0,0,208000,228000,-20000,-20000
064824,台積電統一02購03,0,0,0,0,0,0,0,0,0,-20000,0,0,0,0,20000,-20000,-20000
08113P,台灣50凱基02售04,0,0,0,0,0,0,0,0,0,-20000,0,0,0,0,20000,-20000,-20000
08086P,燿華凱基9B售03  ,0,0,0,0,0,0,0,0,0,-20000,0,0,0,0,20000,-20000,-20000
08014P,微星凱基9B售02  ,0,0,0,0,0,0,0,0,0,-20000,0,0,0,35000,55000,-20000,-20000
07868P,健策元大9B售05  ,0,0,0,0,0,0,0,0,0,-20000,0,0,0,0,20000,-20000,-20000
07902P,玉晶光國票01售01,0,0,0,0,0,0,0,0,0,-20000,0,0,0,0,20000,-20000,-20000
07941P,國巨凱基9B售07  ,0,0,0,0,0,0,0,0,0,-20000,0,0,0,0,20000,-20000,-20000
08500P,臺股指國票9C售02,0,0,0,0,0,0,0,0,0,-20000,0,0,0,0,20000,-20000,-20000
08414P,超眾凱基9C售02  ,0,0,0,0,0,0,0,0,0,-20000,0,0,0,0,20000,-20000,-20000
08487P,同欣電群益01售01,0,0,0,0,0,0,0,0,0,-20000,0,0,0,5000,25000,-20000,-20000
08338P,台灣50凱基9C售11,0,0,0,0,0,0,0,0,0,-20000,0,0,0,0,20000,-20000,-20000
1810,和成            ,38000,58000,-20000,0,0,0,0,0,0,0,0,0,0,0,0,0,-20000
3056,總太            ,92000,112000,-20000,0,0,0,0,0,0,0,0,0,0,0,0,0,-20000
2939,凱羿-KY         ,15000,35000,-20000,0,0,0,0,0,0,0,0,0,0,0,0,0,-20000
2852,第一保          ,1000,21000,-20000,0,0,0,0,0,0,0,0,0,0,0,0,0,-20000
2616,山隆            ,7000,25000,-18000,0,0,0,0,0,0,-2000,0,2000,-2000,0,0,0,-20000
059097,世紀鋼元大99購05,0,0,0,0,0,0,0,0,0,-20000,0,0,0,10000,30000,-20000,-20000
058203,信邦凱基99購01  ,0,0,0,0,0,0,0,0,0,-20000,0,0,0,0,20000,-20000,-20000
058184,鴻海永豐99購01  ,0,0,0,0,0,0,0,0,0,-20000,0,0,0,0,20000,-20000,-20000
058146,勤誠元大99購01  ,0,0,0,0,0,0,0,0,0,-20000,0,0,0,5000,25000,-20000,-20000
058151,台積電統一9A購04,0,0,0,0,0,0,0,0,0,-20000,0,0,0,0,20000,-20000,-20000
059815,SP黃豆凱基9A購03,0,0,0,0,0,0,0,0,0,-20000,0,0,0,0,20000,-20000,-20000
056226,聯發科凱基97購10,0,0,0,0,0,0,0,0,0,-20000,0,0,0,0,20000,-20000,-20000
057451,大立光元富9B購01,0,0,0,0,0,0,0,0,0,-20000,0,0,0,0,20000,-20000,-20000
057470,易華電永豐98購02,0,0,0,0,0,0,0,0,0,-20000,0,0,0,0,20000,-20000,-20000
056875,亞光凱基98購03  ,0,0,0,0,0,0,0,0,0,-20000,0,0,0,0,20000,-20000,-20000
057080,華新科統一99購02,0,0,0,0,0,0,0,0,0,-20000,0,0,0,0,20000,-20000,-20000
055615,宏達電國票99購02,0,0,0,0,0,0,0,0,0,-20000,0,0,0,0,20000,-20000,-20000
055609,旺宏國票99購01  ,0,0,0,0,0,0,0,0,0,-20000,0,0,0,0,20000,-20000,-20000
056504,國巨永豐98購02  ,0,0,0,0,0,0,0,0,0,-20000,0,0,0,3000,23000,-20000,-20000
054811,裕隆元大9A購01  ,0,0,0,0,0,0,0,0,0,-20000,0,0,0,0,20000,-20000,-20000
054806,台化元大9A購01  ,0,0,0,0,0,0,0,0,0,-20000,0,0,0,0,20000,-20000,-20000
054312,TPK凱基98購01   ,0,0,0,0,0,0,0,0,0,-20000,0,0,0,0,20000,-20000,-20000
054376,聯茂中信97購01  ,0,0,0,0,0,0,0,0,0,-20000,0,0,0,0,20000,-20000,-20000
055429,華新科群益99購01,0,0,0,0,0,0,0,0,0,-20000,0,0,0,0,20000,-20000,-20000
054205,華新國票97購02  ,0,0,0,0,0,0,0,0,0,-20000,0,0,0,940000,960000,-20000,-20000
053798,台積電中信98購02,0,0,0,0,0,0,0,0,0,-20000,0,0,0,0,20000,-20000,-20000
055330,上銀兆豐98購02  ,0,0,0,0,0,0,0,0,0,-20000,0,0,0,0,20000,-20000,-20000
053398,和鑫中信99購01  ,0,0,0,0,0,0,0,0,0,-20000,0,0,0,0,20000,-20000,-20000
053291,旺宏中信9A購01  ,0,0,0,0,0,0,0,0,0,-20000,0,0,0,0,20000,-20000,-20000
055196,致新元富97購01  ,0,0,0,0,0,0,0,0,0,-20000,0,0,0,0,20000,-20000,-20000
055197,致新元富97購02  ,0,0,0,0,0,0,0,0,0,-20000,0,0,0,0,20000,-20000,-20000
055036,中工富邦9B購01  ,0,0,0,0,0,0,0,0,0,-20000,0,0,0,0,20000,-20000,-20000
05174P,元金2X富邦9B售01,0,0,0,0,0,0,0,0,0,-20000,0,0,0,0,20000,-20000,-20000
049539,元油2X群益9A購01,0,20000,-20000,0,0,0,0,0,0,0,0,0,0,0,0,0,-20000
049636,上証反凱基9A購01,0,0,0,0,0,0,0,0,0,-20000,0,0,0,0,20000,-20000,-20000
046937,聯電元大99購01  ,0,0,0,0,0,0,0,0,0,-20000,0,0,0,23000,43000,-20000,-20000
00638R,元大滬深300反1  ,50000,2000,48000,0,0,0,0,0,0,-68000,0,0,0,387000,455000,-68000,-20000
052581,訊芯元富98購01  ,0,0,0,0,0,0,0,0,0,-20000,0,0,0,0,20000,-20000,-20000
052341,泰鼎凱基96購02  ,0,0,0,0,0,0,0,0,0,-20000,0,0,0,0,20000,-20000,-20000
052617,景碩國泰98購01  ,0,0,0,0,0,0,0,0,0,-20000,0,0,0,0,20000,-20000,-20000
060957,SP黃豆凱基9A購04,0,0,0,0,0,0,0,0,0,-20000,0,0,0,0,20000,-20000,-20000
060937,T50反1國票9A購10,0,0,0,0,0,0,0,0,0,-20000,0,0,0,0,20000,-20000,-20000
060877,華邦電中信02購01,0,0,0,0,0,0,0,0,0,-20000,0,0,0,0,20000,-20000,-20000
059909,鴻海元大99購36  ,0,0,0,0,0,0,0,0,0,-20000,0,0,0,49000,69000,-20000,-20000
060640,京鼎永豐9A購01  ,0,0,0,0,0,0,0,0,0,-20000,0,0,0,32000,52000,-20000,-20000
060643,牧德永豐9A購03  ,0,0,0,0,0,0,0,0,0,-20000,0,0,0,0,20000,-20000,-20000
06059P,泰碩元大97售02  ,0,0,0,0,0,0,0,0,0,-20000,0,0,0,0,20000,-20000,-20000
060565,大立光富邦01購01,0,0,0,0,0,0,0,0,0,-20000,0,0,0,0,20000,-20000,-20000
058282,聯茂中信99購01  ,0,0,0,0,0,0,0,0,0,-20000,0,0,0,0,20000,-20000,-20000
058008,禾伸堂國票99購02,0,0,0,0,0,0,0,0,0,-20000,0,0,0,0,20000,-20000,-20000
058071,大立光凱基98購19,0,0,0,0,0,0,0,0,0,-20000,0,0,0,20000,40000,-20000,-20000
058069,美律凱基99購05  ,0,0,0,0,0,0,0,0,0,-20000,0,0,0,0,20000,-20000,-20000
060215,柏文康和9A購01  ,0,0,0,0,0,0,0,0,0,-20000,0,0,0,0,20000,-20000,-20000
057852,國巨國票99購05  ,0,0,0,0,0,0,0,0,0,-20000,0,0,0,92000,112000,-20000,-20000
057809,英業達元大98購01,0,0,0,0,0,0,0,0,0,-20000,0,0,0,0,20000,-20000,-20000
057709,電子類群益98購01,0,0,0,0,0,0,0,0,0,-20000,0,0,0,10000,30000,-20000,-20000
058420,聯發科麥證99購03,0,0,0,0,90000,-90000,0,0,0,-20000,0,0,0,70000,90000,-20000,-20000
059274,國巨元大99購22  ,0,0,0,0,0,0,0,0,0,-20000,0,0,0,20000,40000,-20000,-20000
060285,聯電元大9C購01  ,0,0,0,0,0,0,0,0,0,-20000,0,0,0,16000,36000,-20000,-20000
060231,台積電元大9A購08,0,0,0,0,0,0,0,0,0,-20000,0,0,0,0,20000,-20000,-20000
058671,旺宏群益9A購01  ,0,0,0,0,0,0,0,0,0,-20000,0,0,0,0,20000,-20000,-20000
058623,國巨國票99購08  ,0,0,0,0,0,0,0,0,0,-20000,0,0,0,49000,69000,-20000,-20000
058817,嘉聯益台新99購01,0,0,0,0,0,0,0,0,0,-20000,0,0,0,120000,140000,-20000,-20000
058966,元油2X日盛99購03,0,0,0,0,0,0,0,0,0,-20000,0,0,0,0,20000,-20000,-20000
058896,中環元大99購03  ,0,0,0,0,0,0,0,0,0,-20000,0,0,0,0,20000,-20000,-20000
059343,宏達電凱基99購04,0,0,0,0,0,0,0,0,0,-20000,0,0,0,90000,110000,-20000,-20000
059344,長榮航凱基99購01,0,0,0,0,0,0,0,0,0,-20000,0,0,0,0,20000,-20000,-20000
059434,全新元大99購05  ,0,0,0,0,0,0,0,0,0,-20000,0,0,0,14000,34000,-20000,-20000
059564,鴻海凱基9A購15  ,0,0,0,0,0,0,0,0,0,-20000,0,0,0,50000,70000,-20000,-20000
058540,嘉聯益國泰9A購02,0,0,0,0,0,0,0,0,0,-20000,0,0,0,152000,172000,-20000,-20000
061766,華新科元大9B購02,0,0,0,0,0,0,0,0,0,-20000,0,0,0,0,20000,-20000,-20000
061848,國巨國票9B購07  ,0,0,0,0,0,0,0,0,0,-20000,0,0,0,4000,24000,-20000,-20000
061513,華新科永豐9A購04,0,0,0,0,0,0,0,0,0,-20000,0,0,0,0,20000,-20000,-20000
061589,世紀鋼富邦9B購01,0,0,0,0,0,0,0,0,0,-20000,0,0,0,5000,25000,-20000,-20000
061574,大毅元大9B購01  ,0,0,0,0,0,0,0,0,0,-20000,0,0,0,70000,90000,-20000,-20000
061552,南六群益9A購02  ,0,0,0,0,0,0,0,0,0,-20000,0,0,0,0,20000,-20000,-20000
064534,京元電國票01購01,0,0,0,0,0,0,0,0,0,-20000,0,0,0,0,20000,-20000,-20000
064416,南亞科中信01購01,0,0,0,0,0,0,0,0,0,-20000,0,0,0,0,20000,-20000,-20000
064385,台積電富邦03購02,0,0,0,0,0,0,0,0,0,-20000,0,0,0,0,20000,-20000,-20000
064374,旺宏元富9C購01  ,0,0,0,0,0,0,0,0,0,-20000,0,0,0,0,20000,-20000,-20000
063936,道瓊反元大9C購02,0,0,0,0,0,0,0,0,0,-20000,0,0,0,0,20000,-20000,-20000
064008,日月光凱基9C購01,0,0,0,0,0,0,0,0,0,-20000,0,0,0,68000,88000,-20000,-20000
063765,上銀元富9B購09  ,0,0,0,0,0,0,0,0,0,-20000,0,0,0,0,20000,-20000,-20000
063325,SP黃豆國票9C購02,0,0,0,0,0,0,0,0,0,-20000,0,0,0,0,20000,-20000,-20000
063517,遠東新凱基01購01,0,0,0,0,0,0,0,0,0,-20000,0,0,0,0,20000,-20000,-20000
06284P,台積電國票98售03,0,0,0,0,0,0,0,0,0,-20000,0,0,0,0,20000,-20000,-20000
062886,中興電群益9B購01,0,0,0,0,0,0,0,0,0,-20000,0,0,0,0,20000,-20000,-20000
062937,旺宏凱基9B購08  ,0,0,0,0,0,0,0,0,0,-20000,0,0,0,2000,22000,-20000,-20000
062924,世紀鋼元大9C購04,0,0,0,0,0,0,0,0,0,-20000,0,0,0,0,20000,-20000,-20000
062643,緯穎國票9B購01  ,0,0,0,0,0,0,0,0,0,-20000,0,0,0,0,20000,-20000,-20000
062644,中環國泰9C購01  ,0,0,0,0,0,0,0,0,0,-20000,0,0,0,0,20000,-20000,-20000
063107,矽創群益9B購01  ,0,0,0,0,0,0,0,0,0,-20000,0,0,0,78000,98000,-20000,-20000
063076,柏文永豐9B購02  ,0,0,0,0,0,0,0,0,0,-20000,0,0,0,0,20000,-20000,-20000
062073,國巨元大9B購06  ,0,0,0,0,0,0,0,0,0,-20000,0,0,0,51000,71000,-20000,-20000
062094,台積電富邦9C購12,0,0,0,0,0,0,0,0,0,-20000,0,0,0,0,20000,-20000,-20000
062130,T50反1群益9B購01,0,0,0,0,0,0,0,0,0,-20000,0,0,0,0,20000,-20000,-20000
062251,旺宏元大9B購06  ,0,0,0,0,0,0,0,0,0,-20000,0,0,0,0,20000,-20000,-20000
062022,緯穎永豐9B購01  ,0,0,0,0,0,0,0,0,0,-20000,0,0,0,20000,40000,-20000,-20000
061963,台積電統一01購04,0,0,0,0,0,0,0,0,0,-20000,0,0,0,180000,200000,-20000,-20000
061892,亞德客永豐9B購01,0,0,0,0,0,0,0,0,0,-20000,0,0,0,0,20000,-20000,-20000
062285,台勝科群益9B購01,0,0,0,0,0,0,0,0,0,-20000,0,0,0,113000,133000,-20000,-20000
062522,同欣電元大9B購02,0,0,0,0,0,0,0,0,0,-20000,0,0,0,13000,33000,-20000,-20000
2851,中再保          ,2000,23000,-21000,0,0,0,0,0,0,0,0,0,0,0,0,0,-21000
2488,漢平            ,1000,22000,-21000,0,0,0,0,0,0,0,0,0,0,0,0,0,-21000
3004,豐達科          ,15000,11000,4000,0,0,0,0,0,0,-25000,0,25000,-25000,0,0,0,-21000
08153P,台表科統一9B售01,0,0,0,0,0,0,0,0,0,-21000,0,0,0,100000,121000,-21000,-21000
06629P,台灣50第一98售01,0,0,0,0,0,0,0,0,0,-21000,0,0,0,79000,100000,-21000,-21000
06828P,臺股指國票98售04,0,0,0,0,0,0,0,0,0,-21000,0,0,0,20000,41000,-21000,-21000
07630P,臺股指凱基9A售11,0,0,0,0,0,0,0,0,0,-21000,0,0,0,0,21000,-21000,-21000
00665L,富邦恒生國企正2 ,0,76000,-76000,0,0,0,0,0,0,55000,0,0,0,79000,24000,55000,-21000
056903,大立光元大99購04,0,0,0,0,0,0,0,0,0,-21000,0,0,0,0,21000,-21000,-21000
056442,瑞昱凱基98購02  ,0,0,0,0,0,0,0,0,0,-21000,0,0,0,0,21000,-21000,-21000
059084,鴻海元大99購24  ,0,0,0,0,0,0,0,0,0,-21000,0,0,0,5000,26000,-21000,-21000
060033,臻鼎永豐99購01  ,0,0,0,0,0,0,0,0,0,-21000,0,0,0,58000,79000,-21000,-21000
061570,瑞昱元大9A購05  ,0,0,0,0,0,0,0,0,0,-21000,0,0,0,1000,22000,-21000,-21000
061609,華新科統一9C購01,0,0,0,0,0,0,0,0,0,-21000,0,0,0,0,21000,-21000,-21000
061633,統一元大9A購01  ,0,2000,-2000,0,0,0,0,0,0,-19000,0,0,0,55000,74000,-19000,-21000
061405,亞德客國票9B購01,0,0,0,0,0,0,0,0,0,-21000,0,0,0,0,21000,-21000,-21000
060537,台灣50凱基9B購01,0,0,0,0,0,0,0,0,0,-21000,0,0,0,0,21000,-21000,-21000
058874,聯鈞國票9A購01  ,0,0,0,0,0,0,0,0,0,-21000,0,0,0,0,21000,-21000,-21000
058934,台灣50中信03購03,0,0,0,0,0,0,0,0,0,-21000,0,0,0,70000,91000,-21000,-21000
058610,欣興元大99購05  ,0,0,0,0,0,0,0,0,0,-21000,0,0,0,82000,103000,-21000,-21000
060022,勤誠康和99購01  ,0,0,0,0,0,0,0,0,0,-21000,0,0,0,10000,31000,-21000,-21000
060818,上銀統一9C購01  ,0,0,0,0,0,0,0,0,0,-21000,0,0,0,5000,26000,-21000,-21000
062598,華通台新9B購02  ,0,0,0,0,0,0,0,0,0,-21000,0,0,0,74000,95000,-21000,-21000
063077,巨大永豐9B購03  ,0,0,0,0,0,0,0,0,0,-21000,0,0,0,2000,23000,-21000,-21000
063128,智伸科元大9B購01,0,0,0,0,0,0,0,0,0,-21000,0,0,0,68000,89000,-21000,-21000
063193,聯發科台新9B購02,0,0,0,0,0,0,0,0,0,-21000,0,0,0,0,21000,-21000,-21000
063764,上銀元富9B購08  ,0,0,0,0,0,0,0,0,0,-21000,0,0,0,0,21000,-21000,-21000
064535,國產國票01購01  ,0,0,0,0,0,0,0,0,0,-21000,0,0,0,95000,116000,-21000,-21000
4104,佳醫            ,95000,116000,-21000,0,0,0,0,0,0,0,0,0,0,0,0,0,-21000
911868,同方友友-DR     ,0,21000,-21000,0,0,0,0,0,0,0,0,0,0,0,0,0,-21000
06627P,華新科元富99售01,0,0,0,0,0,0,0,0,0,-22000,0,0,0,6000,28000,-22000,-22000
06564P,國巨富邦9A售04  ,0,0,0,0,0,0,0,0,0,-22000,0,0,0,0,22000,-22000,-22000
07977P,華新科群益01售01,0,0,0,0,0,0,0,0,0,-22000,0,0,0,10000,32000,-22000,-22000
059068,台虹國票9A購01  ,0,0,0,0,0,0,0,0,0,-22000,0,0,0,32000,54000,-22000,-22000
058149,百和元大99購02  ,0,0,0,0,0,0,0,0,0,-22000,0,0,0,178000,200000,-22000,-22000
060122,亞德客永豐99購02,0,0,0,0,0,0,0,0,0,-22000,0,0,0,0,22000,-22000,-22000
056739,美律凱基98購04  ,0,0,0,0,0,0,0,0,0,-22000,0,0,0,10000,32000,-22000,-22000
056281,深中小永豐97購01,0,0,0,0,0,0,0,0,0,-22000,0,0,0,0,22000,-22000,-22000
057477,智邦元大98購09  ,0,0,0,0,0,0,0,0,0,-22000,0,0,0,60000,82000,-22000,-22000
055594,華新科元大98購02,0,0,0,0,0,0,0,0,0,-22000,0,0,0,21000,43000,-22000,-22000
051485,玉晶光凱基97購02,0,0,0,0,0,0,0,0,0,-22000,0,0,0,25000,47000,-22000,-22000
055207,致新中信99購01  ,0,0,0,0,0,0,0,0,0,-22000,0,0,0,42000,64000,-22000,-22000
053297,鎧勝中信98購01  ,0,0,0,0,0,0,0,0,0,-22000,0,0,0,165000,187000,-22000,-22000
054428,禾伸堂富邦98購01,0,0,0,0,0,0,0,0,0,-22000,0,0,0,0,22000,-22000,-22000
054923,晶技凱基98購01  ,0,0,0,0,0,0,0,0,0,-22000,0,0,0,14000,36000,-22000,-22000
058831,茂林永豐99購01  ,0,0,0,0,0,0,0,0,0,-22000,0,0,0,3000,25000,-22000,-22000
06138P,台積電中信99售01,0,0,0,0,0,0,0,0,0,-22000,0,0,0,3000,25000,-22000,-22000
061133,玉晶光第一9A購01,0,0,0,0,0,0,0,0,0,-22000,0,0,0,4000,26000,-22000,-22000
061506,瑞祺國票9A購02  ,0,0,0,0,0,0,0,0,0,-22000,0,0,0,0,22000,-22000,-22000
061738,聯發科凱基9B購04,0,0,0,0,0,0,0,0,0,-22000,0,0,0,0,22000,-22000,-22000
063188,TPK凱基9B購01   ,0,0,0,0,0,0,0,0,0,-22000,0,0,0,431000,453000,-22000,-22000
063170,智邦第一9B購01  ,0,0,0,0,0,0,0,0,0,-22000,0,0,0,207000,229000,-22000,-22000
062729,神達凱基9B購02  ,0,0,0,0,0,0,0,0,0,-22000,0,0,0,10000,32000,-22000,-22000
062149,牧德國票9B購01  ,0,0,0,0,0,0,0,0,0,-22000,0,0,0,18000,40000,-22000,-22000
062204,京元電國票9C購01,0,0,0,0,0,0,0,0,0,-22000,0,0,0,76000,98000,-22000,-22000
6120,達運            ,724000,729000,-5000,0,0,0,0,0,0,-17000,0,17000,-17000,0,0,0,-22000
6206,飛捷            ,2000,24235,-22235,0,0,0,0,0,0,0,0,0,0,0,0,0,-22235
08368P,台積電兆豐9C售04,0,0,0,0,0,0,0,0,0,-23000,0,0,0,0,23000,-23000,-23000
2414,精技            ,2000,18000,-16000,0,0,0,0,0,0,-7000,0,7000,-7000,0,0,0,-23000
06600P,貿聯永豐98售01  ,0,0,0,0,0,0,0,0,0,-23000,0,0,0,37000,60000,-23000,-23000
06680P,智邦元大98售06  ,0,0,0,0,0,0,0,0,0,-23000,0,0,0,77000,100000,-23000,-23000
07444P,聯發科凱基9A售10,0,0,0,0,0,0,0,0,0,-23000,0,0,0,3000,26000,-23000,-23000
064914,友達統一02購03  ,0,0,0,0,0,0,0,0,0,-23000,0,0,0,0,23000,-23000,-23000
054816,聯發科元大97購12,0,0,0,0,0,0,0,0,0,-23000,0,0,0,128000,151000,-23000,-23000
055124,建準兆豐97購01  ,0,0,0,0,0,0,0,0,0,-23000,0,0,0,7000,30000,-23000,-23000
00685L,群益臺灣加權正2 ,0,0,0,0,0,0,0,0,0,-23000,0,0,0,3000,26000,-23000,-23000
01002T,土銀國泰R1      ,0,23000,-23000,0,0,0,0,0,0,0,0,0,0,0,0,0,-23000
056555,矽創凱基98購01  ,0,0,0,0,0,0,0,0,0,-23000,0,0,0,10000,33000,-23000,-23000
061719,緯穎凱基9A購06  ,0,0,0,0,0,0,0,0,0,-23000,0,0,0,106000,129000,-23000,-23000
061084,京元電兆豐9A購02,0,0,0,0,0,0,0,0,0,-23000,0,0,0,0,23000,-23000,-23000
061347,創意元大9A購02  ,0,0,0,0,0,0,0,0,0,-23000,0,0,0,5000,28000,-23000,-23000
059452,全新永豐99購03  ,0,0,0,0,0,0,0,0,0,-23000,0,0,0,83000,106000,-23000,-23000
059390,華新科凱基99購05,0,0,0,0,0,0,0,0,0,-23000,0,0,0,0,23000,-23000,-23000
059004,嘉晶元大99購05  ,0,0,0,0,0,0,0,0,0,-23000,0,0,0,97000,120000,-23000,-23000
059195,國巨永豐99購04  ,0,0,0,0,0,0,0,0,0,-23000,0,0,0,8000,31000,-23000,-23000
058615,矽創元大99購01  ,0,0,0,0,0,0,0,0,0,-23000,0,0,0,190000,213000,-23000,-23000
058504,台積電元大99購07,0,0,0,0,0,0,0,0,0,-23000,0,0,0,27000,50000,-23000,-23000
058022,樺漢凱基99購02  ,0,0,0,0,0,0,0,0,0,-23000,0,0,0,1000,24000,-23000,-23000
062211,玉晶光台新9B購01,0,0,0,0,0,0,0,0,0,-23000,0,0,0,0,23000,-23000,-23000
062143,大成鋼國票9B購01,0,0,0,0,0,0,0,0,0,-23000,0,0,0,10000,33000,-23000,-23000
061907,裕隆中信9B購01  ,0,0,0,0,0,0,0,0,0,-23000,0,0,0,2000,25000,-23000,-23000
063016,微星元大9C購02  ,0,0,0,0,0,0,0,0,0,-23000,0,0,0,35000,58000,-23000,-23000
064544,國巨凱基9C購09  ,0,0,0,0,0,0,0,0,0,-23000,0,0,0,14000,37000,-23000,-23000
064329,國巨元大01購03  ,0,0,0,0,0,0,0,0,0,-23000,0,0,0,7000,30000,-23000,-23000
064067,美律永豐9C購01  ,0,0,0,0,0,0,0,0,0,-23000,0,0,0,0,23000,-23000,-23000
6177,達麗            ,37000,60000,-23000,0,0,0,0,0,0,0,0,0,0,0,0,0,-23000
5907,大洋-KY         ,12000,35000,-23000,0,0,0,0,0,0,0,0,0,0,0,0,0,-23000
065244,聯發科兆豐9C購05,0,0,0,0,0,0,0,0,0,-24000,0,0,0,0,24000,-24000,-24000
065204,神隆國票01購01  ,4000,0,4000,0,0,0,0,0,0,-28000,0,0,0,0,28000,-28000,-24000
064768,仁寶中信03購01  ,0,0,0,0,0,0,0,0,0,-24000,0,0,0,0,24000,-24000,-24000
065247,聯發科麥證9C購02,0,0,0,0,24000,-24000,0,0,0,-24000,0,0,0,0,24000,-24000,-24000
2634,漢翔            ,97000,139000,-42000,0,0,0,0,0,0,18000,0,0,0,27000,9000,18000,-24000
08363P,南亞科凱基01售01,0,0,0,0,0,0,0,0,0,-24000,0,0,0,18000,42000,-24000,-24000
08457P,大毅元大9C售03  ,0,0,0,0,0,0,0,0,0,-24000,0,0,0,0,24000,-24000,-24000
08397P,國巨元富9C售04  ,0,0,0,0,0,0,0,0,0,-24000,0,0,0,0,24000,-24000,-24000
08155P,聯發科元富9B售05,0,0,0,0,0,0,0,0,0,-24000,0,0,0,0,24000,-24000,-24000
08132P,南六元大9B售05  ,0,0,0,0,0,0,0,0,0,-24000,0,0,0,488000,512000,-24000,-24000
056850,彩晶元富99購01  ,0,0,0,0,0,0,0,0,0,-24000,0,0,0,0,24000,-24000,-24000
057049,新日興元大98購02,0,0,0,0,0,0,0,0,0,-24000,0,0,0,61000,85000,-24000,-24000
056726,友達日盛9A購01  ,0,0,0,0,0,0,0,0,0,-24000,0,0,0,0,24000,-24000,-24000
056041,禾伸堂凱基98購03,0,0,0,0,0,0,0,0,0,-24000,0,0,0,0,24000,-24000,-24000
03017X,元展17          ,0,0,0,0,0,0,0,0,0,-24000,0,0,0,0,24000,-24000,-24000
053232,友達永豐97購02  ,0,0,0,0,0,0,0,0,0,-24000,0,0,0,26000,50000,-24000,-24000
058093,神達元大9A購01  ,0,0,0,0,0,0,0,0,0,-24000,0,0,0,25000,49000,-24000,-24000
058319,大毅永豐9A購01  ,0,0,0,0,0,0,0,0,0,-24000,0,0,0,0,24000,-24000,-24000
059836,大立光國泰9B購02,0,0,0,0,0,0,0,0,0,-24000,0,0,0,2000,26000,-24000,-24000
060908,金像電元大9A購03,0,0,0,0,0,0,0,0,0,-24000,0,0,0,46000,70000,-24000,-24000
058979,上銀凱基99購04  ,0,0,0,0,0,0,0,0,0,-24000,0,0,0,23000,47000,-24000,-24000
058794,旺宏元大99購09  ,0,0,0,0,0,0,0,0,0,-24000,0,0,0,0,24000,-24000,-24000
061067,貿聯凱基9A購03  ,0,0,0,0,0,0,0,0,0,-24000,0,0,0,151000,175000,-24000,-24000
061210,玉山金元大9A購02,0,0,0,0,0,0,0,0,0,-24000,0,0,0,26000,50000,-24000,-24000
061527,牧德凱基9A購02  ,0,0,0,0,0,0,0,0,0,-24000,0,0,0,36000,60000,-24000,-24000
061651,世紀鋼元大9C購02,0,0,0,0,0,0,0,0,0,-24000,0,0,0,0,24000,-24000,-24000
063956,神達元大9C購01  ,0,0,0,0,0,0,0,0,0,-24000,0,0,0,19000,43000,-24000,-24000
064132,神達元大9C購02  ,0,0,0,0,0,0,0,0,0,-24000,0,0,0,8000,32000,-24000,-24000
064527,裕隆中信01購01  ,0,0,0,0,0,0,0,0,0,-24000,0,0,0,48000,72000,-24000,-24000
063474,康控元大9B購04  ,0,0,0,0,0,0,0,0,0,-24000,0,0,0,248000,272000,-24000,-24000
062206,緯創國票9B購01  ,0,0,0,0,0,0,0,0,0,-24000,0,0,0,45000,69000,-24000,-24000
062588,國巨統一9B購14  ,0,0,0,0,0,0,0,0,0,-24000,0,0,0,3000,27000,-24000,-24000
062526,友達統一01購01  ,0,0,0,0,0,0,0,0,0,-24000,0,0,0,156000,180000,-24000,-24000
08139P,華新科元大9B售12,0,0,0,0,0,0,0,0,0,-25000,0,0,0,0,25000,-25000,-25000
07996P,亞德客凱基9B售03,0,0,0,0,0,0,0,0,0,-25000,0,0,0,26000,51000,-25000,-25000
08058P,華新科元大9B售10,0,0,0,0,0,0,0,0,0,-25000,0,0,0,0,25000,-25000,-25000
07944P,華新科元大9B售08,0,0,0,0,0,0,0,0,0,-25000,0,0,0,1000,26000,-25000,-25000
08527P,大立光元大01售06,0,0,0,0,0,0,0,0,0,-25000,0,0,0,0,25000,-25000,-25000
1104,環泥            ,11000,36000,-25000,0,0,0,0,0,0,0,0,0,0,0,0,0,-25000
08347P,大立光元大9C售16,0,0,0,0,0,0,0,0,0,-25000,0,0,0,0,25000,-25000,-25000
08386P,臺股指群益9C售14,0,0,0,0,0,0,0,0,0,-25000,0,0,0,45000,70000,-25000,-25000
3033,威健            ,30000,54000,-24000,0,0,0,0,0,0,-1000,0,1000,-1000,0,0,0,-25000
3416,融程電          ,4000,24000,-20000,0,0,0,0,0,0,-5000,0,0,0,0,5000,-5000,-25000
065302,聯發科元富03購04,0,0,0,0,0,0,0,0,0,-25000,0,0,0,0,25000,-25000,-25000
07709P,創意元大9A售01  ,0,0,0,0,0,0,0,0,0,-25000,0,0,0,50000,75000,-25000,-25000
065151,國巨群益9C購13  ,0,0,0,0,0,0,0,0,0,-25000,0,0,0,2000,27000,-25000,-25000
053584,友達元大9B購02  ,0,0,0,0,0,0,0,0,0,-25000,0,0,0,93000,118000,-25000,-25000
03658C,T50反1元大9A牛02,0,0,0,0,0,0,0,0,0,-25000,0,0,0,0,25000,-25000,-25000
054755,世紀鋼凱基98購01,0,0,0,0,0,0,0,0,0,-25000,0,0,0,2000,27000,-25000,-25000
055327,致新國票98購01  ,0,0,0,0,0,0,0,0,0,-25000,0,0,0,0,25000,-25000,-25000
054167,揚明光凱基98購01,0,0,0,0,0,0,0,0,0,-25000,0,0,0,0,25000,-25000,-25000
055931,冠德群益97購02  ,0,0,0,0,0,0,0,0,0,-25000,0,0,0,25000,50000,-25000,-25000
059723,美律元大9A購02  ,0,0,0,0,0,0,0,0,0,-25000,0,0,0,0,25000,-25000,-25000
057072,日月光永豐98購01,0,0,0,0,0,0,0,0,0,-25000,0,0,0,0,25000,-25000,-25000
057009,信邦中信99購01  ,0,0,0,0,0,0,0,0,0,-25000,0,0,0,41000,66000,-25000,-25000
056658,美食元大98購01  ,0,0,0,0,0,0,0,0,0,-25000,0,0,0,4000,29000,-25000,-25000
061647,南六元大9A購03  ,0,0,0,0,0,0,0,0,0,-25000,0,0,0,14000,39000,-25000,-25000
061531,奇鋐台新9A購01  ,0,0,0,0,0,0,0,0,0,-25000,0,0,0,38000,63000,-25000,-25000
061839,華新科凱基05購04,0,0,0,0,0,0,0,0,0,-25000,0,0,0,0,25000,-25000,-25000
061456,玉晶光凱基9B購05,0,0,0,0,0,0,0,0,0,-25000,0,0,0,16000,41000,-25000,-25000
057632,傳奇永豐98購01  ,0,0,0,0,0,0,0,0,0,-25000,0,0,0,55000,80000,-25000,-25000
060793,微星永豐9A購01  ,0,0,0,0,0,0,0,0,0,-25000,0,0,0,72000,97000,-25000,-25000
05889P,群創元大98售02  ,0,0,0,0,0,0,0,0,0,-25000,0,0,0,11000,36000,-25000,-25000
059870,全新凱基99購05  ,0,0,0,0,0,0,0,0,0,-25000,0,0,0,0,25000,-25000,-25000
060606,玉晶光凱基9A購05,0,0,0,0,0,0,0,0,0,-25000,0,0,0,10000,35000,-25000,-25000
059259,FBVIX中信03購06 ,0,0,0,0,0,0,0,0,0,-25000,0,0,0,9000,34000,-25000,-25000
062445,大立光元大9C購02,0,0,0,0,0,0,0,0,0,-25000,0,0,0,0,25000,-25000,-25000
062410,台積電第一9B購02,0,0,0,0,0,0,0,0,0,-25000,0,0,0,0,25000,-25000,-25000
062178,上銀元大9B購03  ,0,0,0,0,0,0,0,0,0,-25000,0,0,0,2000,27000,-25000,-25000
063230,緯穎群益9B購02  ,0,0,0,0,0,0,0,0,0,-25000,0,0,0,94000,119000,-25000,-25000
062727,華擎凱基9B購03  ,0,0,0,0,0,0,0,0,0,-25000,0,0,0,32000,57000,-25000,-25000
063502,南電永豐9B購02  ,0,0,0,0,0,0,0,0,0,-25000,0,0,0,14000,39000,-25000,-25000
063738,奇鋐元大9B購03  ,0,0,0,0,0,0,0,0,0,-25000,0,0,0,178000,203000,-25000,-25000
063800,玉晶光凱基9C購02,0,0,0,0,0,0,0,0,0,-25000,0,0,0,28000,53000,-25000,-25000
063791,玉晶光台新9C購01,0,0,0,0,0,0,0,0,0,-25000,0,0,0,1000,26000,-25000,-25000
064492,技嘉元大9C購01  ,0,0,0,0,0,0,0,0,0,-25000,0,0,0,86000,111000,-25000,-25000
06436P,台光電國票98售04,0,0,0,0,0,0,0,0,0,-25000,0,0,0,10000,35000,-25000,-25000
064230,上銀統一01購04  ,0,0,0,0,0,0,0,0,0,-25000,0,0,0,0,25000,-25000,-25000
064018,儒鴻元大9C購02  ,0,0,0,0,0,0,0,0,0,-25000,0,0,0,36000,61000,-25000,-25000
4989,榮科            ,8000,33000,-25000,0,0,0,0,0,0,0,0,0,0,0,0,0,-25000
4722,國精化          ,1000,23000,-22000,0,0,0,0,0,0,-3000,0,3000,-3000,0,0,0,-25000
064683,台表科兆豐9C購02,0,0,0,0,0,0,0,0,0,-26000,0,0,0,322000,348000,-26000,-26000
07085P,超眾元富9C售01  ,0,0,0,0,0,0,0,0,0,-26000,0,0,0,41000,67000,-26000,-26000
1452,宏益            ,12000,36000,-24000,0,0,0,0,0,0,-2000,0,2000,-2000,0,0,0,-26000
07838P,泰碩元大9A售04  ,0,0,0,0,0,0,0,0,0,-26000,0,0,0,104000,130000,-26000,-26000
059074,元油2X元大9C購15,0,0,0,0,0,0,0,0,0,-26000,0,0,0,20000,46000,-26000,-26000
061032,金像電永豐9A購03,0,0,0,0,0,0,0,0,0,-26000,0,0,0,50000,76000,-26000,-26000
058878,旭富國泰9B購01  ,0,0,0,0,0,0,0,0,0,-26000,0,0,0,0,26000,-26000,-26000
058879,智邦富邦99購01  ,0,0,0,0,0,0,0,0,0,-26000,0,0,0,0,26000,-26000,-26000
059459,訊芯永豐99購04  ,0,0,0,0,0,0,0,0,0,-26000,0,0,0,30000,56000,-26000,-26000
057605,旺宏統一99購03  ,0,0,0,0,0,0,0,0,0,-26000,0,0,0,0,26000,-26000,-26000
058584,百和群益9A購01  ,0,0,0,0,0,0,0,0,0,-26000,0,0,0,7000,33000,-26000,-26000
061362,台塑國票9B購01  ,0,0,0,0,0,0,0,0,0,-26000,0,0,0,13000,39000,-26000,-26000
061667,友達中信9A購02  ,0,0,0,0,0,0,0,0,0,-26000,0,0,0,0,26000,-26000,-26000
06378P,國巨統一97售08  ,0,0,0,0,0,0,0,0,0,-26000,0,0,0,10000,36000,-26000,-26000
063786,瑞昱中信06購01  ,0,0,0,0,0,0,0,0,0,-26000,0,0,0,13000,39000,-26000,-26000
063897,神達群益9C購01  ,0,0,0,0,0,0,0,0,0,-26000,0,0,0,0,26000,-26000,-26000
063294,美律麥證9B購01  ,0,0,0,9000,35000,-26000,0,0,0,-26000,0,0,0,9000,35000,-26000,-26000
062165,聯茂國泰01購01  ,0,0,0,0,0,0,0,0,0,-26000,0,0,0,0,26000,-26000,-26000
4763,材料-KY         ,2000,25000,-23000,0,0,0,0,0,0,-3000,0,3000,-3000,0,0,0,-26000
6024,群益期          ,5000,31000,-26000,0,0,0,0,0,0,0,0,0,0,0,0,0,-26000
07856P,力成凱基9A售02  ,0,0,0,0,0,0,0,0,0,-27000,0,0,0,5000,32000,-27000,-27000
3622,洋華            ,4000,31000,-27000,0,0,0,0,0,0,0,0,0,0,0,0,0,-27000
3057,喬鼎            ,3000,30000,-27000,0,0,0,0,0,0,0,0,0,0,0,0,0,-27000
064711,國喬統一02購01  ,0,0,0,0,0,0,0,0,0,-27000,0,0,0,0,27000,-27000,-27000
064728,健策統一9C購04  ,0,0,0,0,0,0,0,0,0,-27000,0,0,0,31000,58000,-27000,-27000
056744,麗豐凱基9A購01  ,0,0,0,0,0,0,0,0,0,-27000,0,0,0,14000,41000,-27000,-27000
059671,滬深2X元富99購05,0,0,0,0,0,0,0,0,0,-27000,0,0,0,195000,222000,-27000,-27000
056852,矽格元富98購01  ,0,0,0,0,0,0,0,0,0,-27000,0,0,0,134000,161000,-27000,-27000
054170,泰鼎凱基98購01  ,0,0,0,0,0,0,0,0,0,-27000,0,0,0,3000,30000,-27000,-27000
053292,美律中信98購01  ,0,0,0,0,0,0,0,0,0,-27000,0,0,0,50000,77000,-27000,-27000
061417,力成群益9A購01  ,0,0,0,0,0,0,0,0,0,-27000,0,0,0,199000,226000,-27000,-27000
057629,泰碩永豐98購02  ,0,0,0,0,0,0,0,0,0,-27000,0,0,0,0,27000,-27000,-27000
060788,嘉晶富邦9B購01  ,0,0,0,0,0,0,0,0,0,-27000,0,0,0,0,27000,-27000,-27000
059488,大立光兆豐99購03,0,0,0,0,0,0,0,0,0,-27000,0,0,0,0,27000,-27000,-27000
058379,臺股指凱基99購14,0,0,0,0,0,0,0,0,0,-27000,0,0,0,377000,404000,-27000,-27000
058435,旺宏統一9B購02  ,0,0,0,0,0,0,0,0,0,-27000,0,0,0,0,27000,-27000,-27000
057949,南電國票99購01  ,0,0,0,0,0,0,0,0,0,-27000,0,0,0,7000,34000,-27000,-27000
062939,奇力新凱基9B購02,0,0,0,0,0,0,0,0,0,-27000,0,0,0,0,27000,-27000,-27000
062896,中興電元大9B購01,0,0,0,0,0,0,0,0,0,-27000,0,0,0,23000,50000,-27000,-27000
064326,裕隆元大9C購01  ,0,0,0,0,0,0,0,0,0,-27000,0,0,0,62000,89000,-27000,-27000
4306,炎洲            ,69000,83949,-14949,0,0,0,0,0,0,-13000,0,13000,-13000,0,0,0,-27949
065103,南六元大9C購06  ,0,0,0,0,0,0,0,0,0,-28000,0,0,0,30000,58000,-28000,-28000
06621P,欣興元大98售06  ,0,0,0,0,0,0,0,0,0,-28000,0,0,0,0,28000,-28000,-28000
3583,辛耘            ,30000,58000,-28000,0,0,0,0,0,0,0,0,0,0,0,0,0,-28000
1709,和益            ,31000,59000,-28000,0,0,0,0,0,0,0,0,0,0,0,0,0,-28000
08449P,華新科群益9C售03,0,0,0,0,0,0,0,0,0,-28000,0,0,0,0,28000,-28000,-28000
00686R,群益臺灣加權反1 ,48000,10000,38000,0,0,0,0,0,0,-66000,0,0,0,34000,100000,-66000,-28000
054527,國巨統一97購03  ,0,0,0,0,0,0,0,0,0,-28000,0,0,0,28000,56000,-28000,-28000
056346,聯茂凱基99購02  ,0,0,0,0,0,0,0,0,0,-28000,0,0,0,50000,78000,-28000,-28000
054948,聯發科元大97購14,0,0,0,0,0,0,0,0,0,-28000,0,0,0,92000,120000,-28000,-28000
056777,矽力元大98購02  ,0,0,0,0,0,0,0,0,0,-28000,0,0,0,3000,31000,-28000,-28000
056902,大立光元大98購12,0,0,0,0,0,0,0,0,0,-28000,0,0,0,0,28000,-28000,-28000
056516,晶豪科兆豐98購01,0,0,0,0,0,0,0,0,0,-28000,0,0,0,0,28000,-28000,-28000
058074,欣興凱基99購01  ,0,0,0,0,0,0,0,0,0,-28000,0,0,0,20000,48000,-28000,-28000
058422,百和麥證99購01  ,0,0,0,7000,35000,-28000,0,0,0,-28000,0,0,0,7000,35000,-28000,-28000
058397,大成鋼元大99購02,0,0,0,0,0,0,0,0,0,-28000,0,0,0,4000,32000,-28000,-28000
058313,台積電富邦9B購04,0,0,0,0,0,0,0,0,0,-28000,0,0,0,10000,38000,-28000,-28000
059131,國巨群益99購07  ,0,0,0,0,0,0,0,0,0,-28000,0,0,0,1000,29000,-28000,-28000
061054,台積電群益9A購04,0,0,0,0,0,0,0,0,0,-28000,0,0,0,3000,31000,-28000,-28000
061244,和碩兆豐9A購01  ,0,0,0,0,0,0,0,0,0,-28000,0,0,0,50000,78000,-28000,-28000
061787,華新科群益9C購01,0,0,0,0,0,0,0,0,0,-28000,0,0,0,87000,115000,-28000,-28000
064341,聯詠元大9C購01  ,0,0,0,0,0,0,0,0,0,-28000,0,0,0,95000,123000,-28000,-28000
064410,超眾凱基02購01  ,0,0,0,0,0,0,0,0,0,-28000,0,0,0,201000,229000,-28000,-28000
063344,臺企銀統一9C購01,0,0,0,0,0,0,0,0,0,-28000,0,0,0,35000,63000,-28000,-28000
062645,國巨國泰9B購08  ,0,0,0,0,0,0,0,0,0,-28000,0,0,0,26000,54000,-28000,-28000
063091,聯電中信9B購01  ,0,0,0,0,0,0,0,0,0,-28000,0,0,0,217000,245000,-28000,-28000
8404,百和興業-KY     ,44000,72000,-28000,0,0,0,0,0,0,0,0,0,0,0,0,0,-28000
6205,詮欣            ,5000,33000,-28000,0,0,0,0,0,0,0,0,0,0,0,0,0,-28000
1529,樂士            ,15000,44000,-29000,0,0,0,0,0,0,0,0,0,0,0,0,0,-29000
2832,台產            ,0,29000,-29000,0,0,0,0,0,0,0,0,0,0,0,0,0,-29000
065212,瑞儀國票01購01  ,0,0,0,0,0,0,0,0,0,-29000,0,0,0,6000,35000,-29000,-29000
065246,旭富兆豐01購01  ,0,0,0,0,0,0,0,0,0,-29000,0,0,0,0,29000,-29000,-29000
064797,道瓊反元大01購01,0,0,0,0,0,0,0,0,0,-29000,0,0,0,0,29000,-29000,-29000
064846,旺宏元富03購01  ,0,0,0,0,0,0,0,0,0,-29000,0,0,0,0,29000,-29000,-29000
064866,義隆永豐9C購02  ,0,0,0,0,0,0,0,0,0,-29000,0,0,0,56000,85000,-29000,-29000
059662,旭富元大9C購01  ,0,0,0,0,0,0,0,0,0,-29000,0,0,0,1000,30000,-29000,-29000
056818,正崴永豐98購01  ,0,0,0,0,0,0,0,0,0,-29000,0,0,0,148000,177000,-29000,-29000
054531,聯發科國泰97購02,0,0,0,0,0,0,0,0,0,-29000,0,0,0,0,29000,-29000,-29000
00714,群益道瓊美國地產,0,0,0,0,0,0,0,0,0,-29000,0,0,0,26000,55000,-29000,-29000
03049X,元展46          ,0,0,0,0,0,0,0,0,0,-29000,0,0,0,1000,30000,-29000,-29000
053660,群創凱基98購08  ,0,0,0,0,0,0,0,0,0,-29000,0,0,0,116000,145000,-29000,-29000
061706,旭富國票9A購02  ,0,0,0,0,0,0,0,0,0,-29000,0,0,0,39000,68000,-29000,-29000
058532,禾伸堂元富99購01,0,0,0,0,0,0,0,0,0,-29000,0,0,0,0,29000,-29000,-29000
060682,牧德元大9A購03  ,0,0,0,0,0,0,0,0,0,-29000,0,0,0,1000,30000,-29000,-29000
057823,神達元大98購01  ,0,0,0,0,0,0,0,0,0,-29000,0,0,0,91000,120000,-29000,-29000
058463,宏達電兆豐99購02,0,0,0,0,0,0,0,0,0,-29000,0,0,0,0,29000,-29000,-29000
062673,台新金中信03購01,0,0,0,0,0,0,0,0,0,-29000,0,0,0,27000,56000,-29000,-29000
062665,智易群益9B購01  ,0,0,0,0,0,0,0,0,0,-29000,0,0,0,6000,35000,-29000,-29000
062536,玉晶光麥證9B購01,0,0,0,33000,67000,-34000,0,0,0,-29000,0,0,0,40000,69000,-29000,-29000
063401,中租群益9B購03  ,0,0,0,0,0,0,0,0,0,-29000,0,0,0,270000,299000,-29000,-29000
063494,金像電富邦9B購01,0,0,0,0,0,0,0,0,0,-29000,0,0,0,0,29000,-29000,-29000
063913,貿聯凱基02購01  ,0,0,0,0,0,0,0,0,0,-29000,0,0,0,114000,143000,-29000,-29000
064195,晶豪科群益9C購01,0,0,0,0,0,0,0,0,0,-29000,0,0,0,0,29000,-29000,-29000
1234,黑松            ,11000,40500,-29500,0,0,0,0,0,0,0,0,0,0,0,0,0,-29500
1219,福壽            ,31000,65000,-34000,0,0,0,0,0,0,4000,4000,0,4000,0,0,0,-30000
08482P,亞德客群益9C售02,0,0,0,0,0,0,0,0,0,-30000,0,0,0,15000,45000,-30000,-30000
08510P,大立光富邦03售04,0,0,0,0,0,0,0,0,0,-30000,0,0,0,0,30000,-30000,-30000
08223P,臺股指凱基9B售18,0,0,0,0,0,0,0,0,0,-30000,0,0,0,5000,35000,-30000,-30000
07988P,台積電台新9C售03,0,0,0,0,0,0,0,0,0,-30000,0,0,0,20000,50000,-30000,-30000
07930P,聯發科統一9B售06,0,0,0,0,0,0,0,0,0,-30000,0,0,0,0,30000,-30000,-30000
2457,飛宏            ,103000,133000,-30000,0,0,0,0,0,0,0,0,0,0,0,0,0,-30000
2461,光群雷          ,38000,68000,-30000,0,0,0,0,0,0,0,0,0,0,0,0,0,-30000
3062,建漢            ,286000,316000,-30000,0,0,0,0,0,0,0,0,0,0,0,0,0,-30000
2401,凌陽            ,862000,916000,-54000,0,0,0,0,0,0,24000,28000,4000,24000,0,0,0,-30000
064753,英業達凱基9C購01,0,0,0,0,0,0,0,0,0,-30000,0,0,0,10000,40000,-30000,-30000
064697,健策群益01購02  ,0,0,0,0,0,0,0,0,0,-30000,0,0,0,21000,51000,-30000,-30000
064664,微星元大9C購04  ,0,0,0,0,0,0,0,0,0,-30000,0,0,0,46000,76000,-30000,-30000
065211,世芯國票01購03  ,0,0,0,0,0,0,0,0,0,-30000,0,0,0,0,30000,-30000,-30000
065207,奇力新國票9C購02,0,0,0,0,0,0,0,0,0,-30000,0,0,0,0,30000,-30000,-30000
065214,友達國泰01購01  ,0,0,0,0,0,0,0,0,0,-30000,0,0,0,0,30000,-30000,-30000
065174,華新科元大02購02,0,0,0,0,0,0,0,0,0,-30000,0,0,0,20000,50000,-30000,-30000
064912,國巨統一01購09  ,0,0,0,0,0,0,0,0,0,-30000,0,0,0,15000,45000,-30000,-30000
064918,中信金統一02購01,0,0,0,0,0,0,0,0,0,-30000,0,0,0,0,30000,-30000,-30000
06550P,健策元大99售01  ,0,0,0,0,0,0,0,0,0,-30000,0,0,0,0,30000,-30000,-30000
06718P,聯詠元大98售01  ,0,0,0,0,0,0,0,0,0,-30000,0,0,0,0,30000,-30000,-30000
07023P,南電永豐99售02  ,0,0,0,0,0,0,0,0,0,-30000,0,0,0,0,30000,-30000,-30000
07104P,聯發科元富99售04,0,0,0,0,0,0,0,0,0,-30000,0,0,0,0,30000,-30000,-30000
07149P,健鼎元大99售03  ,0,0,0,0,0,0,0,0,0,-30000,0,0,0,5000,35000,-30000,-30000
07409P,台積電台新99售07,0,0,0,0,0,0,0,0,0,-30000,0,0,0,0,30000,-30000,-30000
07615P,華通中信02售02  ,0,0,0,0,0,0,0,0,0,-30000,0,0,0,0,30000,-30000,-30000
07570P,旺宏凱基9A售04  ,0,0,0,0,0,0,0,0,0,-30000,0,0,0,0,30000,-30000,-30000
04293P,滬深2X元大96售02,0,0,0,0,0,0,0,0,0,-30000,0,0,0,0,30000,-30000,-30000
052542,友達元富98購01  ,0,0,0,0,0,0,0,0,0,-30000,0,0,0,701000,731000,-30000,-30000
057390,台表科永豐98購01,0,0,0,0,0,0,0,0,0,-30000,0,0,0,264000,294000,-30000,-30000
056360,智邦元大98購01  ,0,0,0,0,0,0,0,0,0,-30000,0,0,0,26000,56000,-30000,-30000
059713,滬深2X元大9C購04,0,0,0,0,0,0,0,0,0,-30000,0,0,0,20000,50000,-30000,-30000
059058,可成凱基9B購01  ,0,0,0,0,0,0,0,0,0,-30000,0,0,0,1000,31000,-30000,-30000
060084,聯電元大99購02  ,0,0,0,0,0,0,0,0,0,-30000,0,0,0,0,30000,-30000,-30000
060065,大立光兆豐9B購01,0,0,0,0,0,0,0,0,0,-30000,0,0,0,2000,32000,-30000,-30000
05588P,群創兆豐97售02  ,0,0,0,0,0,0,0,0,0,-30000,0,0,0,0,30000,-30000,-30000
056277,上銀富邦99購02  ,0,0,0,0,0,0,0,0,0,-30000,0,0,0,0,30000,-30000,-30000
056450,可成凱基98購05  ,0,0,0,0,0,0,0,0,0,-30000,0,0,0,110000,140000,-30000,-30000
055446,奇力新統一9A購01,0,0,0,0,0,0,0,0,0,-30000,0,0,0,0,30000,-30000,-30000
057557,聯茂凱基99購04  ,0,0,0,0,0,0,0,0,0,-30000,0,0,0,2000,32000,-30000,-30000
055661,亞德客中信98購01,0,0,0,0,0,0,0,0,0,-30000,0,0,0,0,30000,-30000,-30000
055675,亞德客凱基97購02,0,0,0,0,0,0,0,0,0,-30000,0,0,0,0,30000,-30000,-30000
057022,智邦凱基98購04  ,0,0,0,0,0,0,0,0,0,-30000,0,0,0,0,30000,-30000,-30000
058444,國巨富邦9B購01  ,0,0,0,0,0,0,0,0,0,-30000,0,0,0,60000,90000,-30000,-30000
059265,美律中信01購01  ,0,0,0,0,0,0,0,0,0,-30000,0,0,0,5000,35000,-30000,-30000
060279,SP黃豆元大9A購01,0,0,0,0,0,0,0,0,0,-30000,0,0,0,0,30000,-30000,-30000
058691,友訊國票9A購01  ,0,0,0,0,0,0,0,0,0,-30000,0,0,0,40000,70000,-30000,-30000
060354,A50正2元富9A購02,0,0,0,0,0,0,0,0,0,-30000,0,0,0,0,30000,-30000,-30000
057782,台積電國票99購07,0,0,0,0,0,0,0,0,0,-30000,0,0,0,0,30000,-30000,-30000
058441,T50反1台新03購01,0,0,0,0,0,0,0,0,0,-30000,0,0,0,0,30000,-30000,-30000
058235,大立光元大99購08,0,0,0,0,0,0,0,0,0,-30000,0,0,0,0,30000,-30000,-30000
059866,國巨凱基99購18  ,0,0,0,0,0,0,0,0,0,-30000,0,0,0,0,30000,-30000,-30000
059875,信邦凱基99購02  ,0,0,0,0,0,0,0,0,0,-30000,0,0,0,25000,55000,-30000,-30000
059594,奇力新元大9B購01,0,0,0,0,0,0,0,0,0,-30000,0,0,0,0,30000,-30000,-30000
060455,葡萄王元大9A購02,0,0,0,0,0,0,0,0,0,-30000,0,0,0,134000,164000,-30000,-30000
061731,旺宏統一9B購06  ,0,0,0,0,0,0,0,0,0,-30000,0,0,0,0,30000,-30000,-30000
061657,智原國票9A購01  ,0,0,0,0,0,0,0,0,0,-30000,0,0,0,55000,85000,-30000,-30000
061605,華新科凱基9A購14,0,0,0,0,0,0,0,0,0,-30000,0,0,0,0,30000,-30000,-30000
061102,台積電元大9A購22,0,0,0,0,0,0,0,0,0,-30000,0,0,0,0,30000,-30000,-30000
061392,泰鼎群益9A購02  ,0,0,0,0,0,0,0,0,0,-30000,0,0,0,0,30000,-30000,-30000
064141,國巨統一01購08  ,0,0,0,0,0,0,0,0,0,-30000,0,0,0,34000,64000,-30000,-30000
064017,道瓊反元大9C購03,0,0,0,0,0,0,0,0,0,-30000,0,0,0,0,30000,-30000,-30000
064077,台積電中信06購03,0,0,0,0,0,0,0,0,0,-30000,0,0,0,0,30000,-30000,-30000
064455,美食統一01購03  ,0,0,0,0,0,0,0,0,0,-30000,0,0,0,0,30000,-30000,-30000
063866,聯發科永豐9C購01,0,0,0,0,0,0,0,0,0,-30000,0,0,0,0,30000,-30000,-30000
063874,志超永豐9C購01  ,0,0,0,0,0,0,0,0,0,-30000,0,0,0,20000,50000,-30000,-30000
063493,金像電富邦01購01,0,0,0,0,0,0,0,0,0,-30000,0,0,0,44000,74000,-30000,-30000
062552,南電永豐9B購01  ,0,0,0,0,0,0,0,0,0,-30000,0,0,0,0,30000,-30000,-30000
062464,T50反1凱基9C購03,0,0,0,0,0,0,0,0,0,-30000,0,0,0,0,30000,-30000,-30000
062236,信邦凱基9B購01  ,0,0,0,0,0,0,0,0,0,-30000,0,0,0,0,30000,-30000,-30000
062108,晶豪科國票9B購01,0,0,0,0,0,0,0,0,0,-30000,0,0,0,0,30000,-30000,-30000
061968,聯發科統一01購03,0,0,0,0,0,0,0,0,0,-30000,0,0,0,0,30000,-30000,-30000
062697,國巨元大9C購01  ,0,0,0,0,0,0,0,0,0,-30000,0,0,0,20000,50000,-30000,-30000
062974,奇力新元富9B購01,0,0,0,0,0,0,0,0,0,-30000,0,0,0,0,30000,-30000,-30000
6164,華興            ,3000,33000,-30000,0,0,0,0,0,0,0,0,0,0,0,0,0,-30000
06967P,台郡台新99售02  ,0,0,0,0,0,0,0,0,0,-31000,0,0,0,20000,51000,-31000,-31000
06935P,神達元大98售02  ,0,0,0,0,0,0,0,0,0,-31000,0,0,0,25000,56000,-31000,-31000
06849P,欣興元大98售12  ,0,0,0,0,0,0,0,0,0,-31000,0,0,0,0,31000,-31000,-31000
065289,冠德群益9C購01  ,0,0,0,0,0,0,0,0,0,-31000,0,0,0,0,31000,-31000,-31000
1528,恩德            ,7000,38000,-31000,0,0,0,0,0,0,0,0,0,0,0,0,0,-31000
08211P,台表科元富9B售03,0,0,0,0,0,0,0,0,0,-31000,0,0,0,196000,227000,-31000,-31000
059053,鴻海凱基99購07  ,0,0,0,0,0,0,0,0,0,-31000,0,0,0,32000,63000,-31000,-31000
054890,聯鈞統一99購01  ,0,0,0,0,0,0,0,0,0,-31000,0,0,0,250000,281000,-31000,-31000
057335,技嘉國票99購01  ,0,0,0,0,0,0,0,0,0,-31000,0,0,0,28000,59000,-31000,-31000
006208,富邦台50        ,0,0,0,0,0,0,0,0,0,-31000,0,0,0,289000,320000,-31000,-31000
055039,神達富邦99購01  ,0,0,0,0,0,0,0,0,0,-31000,0,0,0,0,31000,-31000,-31000
052049,緯創凱基97購01  ,0,0,0,0,0,0,0,0,0,-31000,0,0,0,66000,97000,-31000,-31000
061138,晶技統一9C購01  ,0,0,0,0,0,0,0,0,0,-31000,0,0,0,56000,87000,-31000,-31000
060826,牧德元大9B購02  ,0,0,0,0,0,0,0,0,0,-31000,0,0,0,0,31000,-31000,-31000
060017,全新康和99購01  ,0,0,0,0,0,0,0,0,0,-31000,0,0,0,155000,186000,-31000,-31000
060144,全新國票9B購01  ,0,0,0,0,0,0,0,0,0,-31000,0,0,0,39000,70000,-31000,-31000
058309,大毅元大99購02  ,0,0,0,0,0,0,0,0,0,-31000,0,0,0,0,31000,-31000,-31000
060294,嘉澤元大9A購01  ,0,0,0,0,0,0,0,0,0,-31000,0,0,0,10000,41000,-31000,-31000
063444,金像電統一03購01,0,0,0,0,0,0,0,0,0,-31000,0,0,0,10000,41000,-31000,-31000
064291,南六元大9C購04  ,0,0,0,0,0,0,0,0,0,-31000,0,0,0,36000,67000,-31000,-31000
063993,華通群益01購01  ,0,0,0,0,0,0,0,0,0,-31000,0,0,0,34000,65000,-31000,-31000
08325P,臺股指凱基9C售08,0,0,0,0,0,0,0,0,0,-32000,0,0,0,53000,85000,-32000,-32000
08152P,祥碩統一9B售02  ,0,0,0,0,0,0,0,0,0,-32000,0,0,0,80000,112000,-32000,-32000
064973,智邦元大9C購06  ,0,0,0,0,0,0,0,0,0,-32000,0,0,0,101000,133000,-32000,-32000
064988,志超元大9C購01  ,0,0,0,0,0,0,0,0,0,-32000,0,0,0,0,32000,-32000,-32000
064617,台光電元大01購01,0,0,0,0,0,0,0,0,0,-32000,0,0,0,136000,168000,-32000,-32000
054565,玉晶光群益99購02,0,0,0,0,0,0,0,0,0,-32000,0,0,0,6000,38000,-32000,-32000
059719,台積電元大99購42,0,0,0,0,0,0,0,0,0,-32000,0,0,0,1000,33000,-32000,-32000
057241,超眾凱基99購02  ,0,0,0,0,0,0,0,0,0,-32000,0,0,0,16000,48000,-32000,-32000
060334,群光康和9A購01  ,0,0,0,0,0,0,0,0,0,-32000,0,0,0,3000,35000,-32000,-32000
058705,長榮航元大99購01,0,0,0,0,0,0,0,0,0,-32000,0,0,0,68000,100000,-32000,-32000
057961,茂林元大9A購01  ,0,0,0,0,0,0,0,0,0,-32000,0,0,0,111000,143000,-32000,-32000
058895,鴻海元大99購20  ,0,0,0,0,0,0,0,0,0,-32000,0,0,0,0,32000,-32000,-32000
058583,臻鼎群益99購01  ,0,0,0,0,0,0,0,0,0,-32000,0,0,0,10000,42000,-32000,-32000
064300,英業達兆豐9C購01,0,0,0,0,0,0,0,0,0,-32000,0,0,0,43000,75000,-32000,-32000
064347,貿聯元大9C購03  ,0,0,0,0,0,0,0,0,0,-32000,0,0,0,18000,50000,-32000,-32000
063396,金像電群益9C購01,0,0,0,0,0,0,0,0,0,-32000,0,0,0,35000,67000,-32000,-32000
063298,統一凱基9B購01  ,0,0,0,0,0,0,0,0,0,-32000,0,0,0,0,32000,-32000,-32000
063633,金像電元大9B購05,0,0,0,0,0,0,0,0,0,-32000,0,0,0,0,32000,-32000,-32000
063668,奇力新統一01購03,0,0,0,0,0,0,0,0,0,-32000,0,0,0,0,32000,-32000,-32000
062694,遠東新元大9B購01,0,0,0,0,0,0,0,0,0,-32000,0,0,0,20000,52000,-32000,-32000
062832,嘉澤群益9B購02  ,0,0,0,0,0,0,0,0,0,-32000,0,0,0,66000,98000,-32000,-32000
062153,智邦麥證9B購01  ,0,0,0,110000,142000,-32000,0,0,0,-32000,0,0,0,110000,142000,-32000,-32000
062096,神隆永豐9B購01  ,0,0,0,0,0,0,0,0,0,-32000,0,0,0,283000,315000,-32000,-32000
2207,和泰車          ,534357,567263,-32906,0,0,0,0,2000,-2000,2000,4000,1000,3000,0,1000,-1000,-32906
1437,勤益控          ,1000,34000,-33000,0,0,0,0,0,0,0,0,0,0,0,0,0,-33000
2850,新產            ,2000,35000,-33000,0,0,0,0,0,0,0,0,0,0,0,0,0,-33000
06532P,友達元富98售04  ,0,0,0,0,0,0,0,0,0,-33000,0,0,0,74000,107000,-33000,-33000
07616P,瑞昱中信02售01  ,0,0,0,0,0,0,0,0,0,-33000,0,0,0,0,33000,-33000,-33000
07708P,玉晶光元大9A售13,0,0,0,0,0,0,0,0,0,-33000,0,0,0,12000,45000,-33000,-33000
057214,瑞昱群益98購01  ,0,0,0,0,0,0,0,0,0,-33000,0,0,0,33000,66000,-33000,-33000
057498,台郡元大98購04  ,0,0,0,0,0,0,0,0,0,-33000,0,0,0,115000,148000,-33000,-33000
056545,TPK凱基98購02   ,0,0,0,0,0,0,0,0,0,-33000,0,0,0,2000,35000,-33000,-33000
055334,禾伸堂兆豐97購01,0,0,0,0,0,0,0,0,0,-33000,0,0,0,0,33000,-33000,-33000
055247,聯發科統一98購01,0,0,0,0,0,0,0,0,0,-33000,0,0,0,40000,73000,-33000,-33000
057401,晶豪科群益99購01,0,0,0,0,0,0,0,0,0,-33000,0,0,0,0,33000,-33000,-33000
060337,FBVIX統一9A購01 ,0,0,0,0,0,0,0,0,0,-33000,0,0,0,20000,53000,-33000,-33000
061900,志超永豐9B購01  ,0,0,0,0,0,0,0,0,0,-33000,0,0,0,0,33000,-33000,-33000
063153,南六元富9B購01  ,0,0,0,0,0,0,0,0,0,-33000,0,0,0,85000,118000,-33000,-33000
06377P,華通統一97售04  ,0,0,0,0,0,0,0,0,0,-33000,0,0,0,39000,72000,-33000,-33000
063295,京元電麥證9B購01,0,0,0,16000,49000,-33000,0,0,0,-33000,0,0,0,16000,49000,-33000,-33000
063543,技嘉台新9B購02  ,0,0,0,0,0,0,0,0,0,-33000,0,0,0,5000,38000,-33000,-33000
063579,GIS元大9C購01   ,0,0,0,0,0,0,0,0,0,-33000,0,0,0,17000,50000,-33000,-33000
064407,貿聯凱基02購02  ,0,0,0,0,0,0,0,0,0,-33000,0,0,0,97000,130000,-33000,-33000
6192,巨路            ,14000,47000,-33000,0,0,0,0,0,0,0,0,0,0,0,0,0,-33000
6224,聚鼎            ,14000,61000,-47000,0,0,0,0,0,0,14000,14000,0,14000,0,0,0,-33000
06912P,台光電元大99售02,0,0,0,0,0,0,0,0,0,-34000,0,0,0,467000,501000,-34000,-34000
1527,鑽全            ,46000,80000,-34000,0,0,0,0,0,0,0,0,0,0,0,0,0,-34000
1558,伸興            ,35000,69000,-34000,0,0,0,0,0,0,0,0,0,0,0,0,0,-34000
08188P,群創群益9B售04  ,0,0,0,0,0,0,0,0,0,-34000,0,0,0,8000,42000,-34000,-34000
1231,聯華食          ,7000,26000,-19000,0,0,0,0,0,0,-15000,0,15000,-15000,0,0,0,-34000
08429P,台達電凱基9C售01,0,0,0,0,0,0,0,0,0,-34000,0,0,0,0,34000,-34000,-34000
054220,國巨統一97購02  ,0,0,0,0,0,0,0,0,0,-34000,0,0,0,1000,35000,-34000,-34000
00710B,FH彭博高收益債  ,0,0,0,0,0,0,0,0,0,-34000,0,0,0,101000,135000,-34000,-34000
057029,緯穎凱基98購04  ,0,0,0,0,0,0,0,0,0,-34000,0,0,0,25000,59000,-34000,-34000
058052,南電元大98購02  ,0,0,0,0,0,0,0,0,0,-34000,0,0,0,39000,73000,-34000,-34000
060483,友達富邦9A購01  ,0,0,0,0,0,0,0,0,0,-34000,0,0,0,0,34000,-34000,-34000
058929,可成統一9C購01  ,0,0,0,0,0,0,0,0,0,-34000,0,0,0,70000,104000,-34000,-34000
063356,台表科元富02購01,0,0,0,0,0,0,0,0,0,-34000,0,0,0,529000,563000,-34000,-34000
063867,全新永豐9C購01  ,0,0,0,0,0,0,0,0,0,-34000,0,0,0,33000,67000,-34000,-34000
063626,聚陽元大9B購03  ,0,0,0,0,0,0,0,0,0,-34000,0,0,0,51000,85000,-34000,-34000
061931,力山國票9B購02  ,0,0,0,0,0,0,0,0,0,-34000,0,0,0,26000,60000,-34000,-34000
062195,聚陽中信9C購01  ,0,0,0,0,0,0,0,0,0,-34000,0,0,0,61000,95000,-34000,-34000
062497,遠東新群益9B購01,0,0,0,0,0,0,0,0,0,-34000,0,0,0,51000,85000,-34000,-34000
062524,鴻海統一9C購09  ,0,0,0,0,0,0,0,0,0,-34000,0,0,0,1000,35000,-34000,-34000
062589,友達統一9C購03  ,0,0,0,0,0,0,0,0,0,-34000,0,0,0,160000,194000,-34000,-34000
062270,上銀群益9B購03  ,0,0,0,0,0,0,0,0,0,-34000,0,0,0,74000,108000,-34000,-34000
4560,強信-KY         ,115000,149000,-34000,0,0,0,0,0,0,0,0,0,0,0,0,0,-34000
08434P,臺股指凱基03售02,0,0,0,0,0,0,0,0,0,-35000,0,0,0,66000,101000,-35000,-35000
08224P,臺股指凱基9B售19,0,0,0,0,0,0,0,0,0,-35000,0,0,0,0,35000,-35000,-35000
08168P,金像電群益9B售03,0,0,0,0,0,0,0,0,0,-35000,0,0,0,10000,45000,-35000,-35000
2375,凱美            ,321000,459000,-138000,0,0,0,0,0,0,103000,85000,0,85000,77000,59000,18000,-35000
064561,友達群益9C購02  ,0,0,0,0,0,0,0,0,0,-35000,0,0,0,0,35000,-35000,-35000
065186,和大統一02購06  ,0,0,0,0,0,0,0,0,0,-35000,0,0,0,0,35000,-35000,-35000
065205,金寶國票01購01  ,0,0,0,0,0,0,0,0,0,-35000,0,0,0,0,35000,-35000,-35000
065146,帆宣凱基9C購01  ,0,0,0,0,0,0,0,0,0,-35000,0,0,0,0,35000,-35000,-35000
056434,國巨凱基98購03  ,0,0,0,0,0,0,0,0,0,-35000,0,0,0,164000,199000,-35000,-35000
057234,宏達電凱基98購05,0,0,0,0,0,0,0,0,0,-35000,0,0,0,62000,97000,-35000,-35000
059821,美律凱基99購08  ,0,0,0,0,0,0,0,0,0,-35000,0,0,0,0,35000,-35000,-35000
053855,康友國泰98購01  ,0,0,0,0,0,0,0,0,0,-35000,0,0,0,5000,40000,-35000,-35000
057334,技嘉國票98購02  ,0,0,0,0,0,0,0,0,0,-35000,0,0,0,1000,36000,-35000,-35000
060551,大立光凱基9B購02,0,0,0,0,0,0,0,0,0,-35000,0,0,0,15000,50000,-35000,-35000
060742,臺指反國票9B購02,0,0,0,0,0,0,0,0,0,-35000,0,0,0,45000,80000,-35000,-35000
058592,聯發科統一9C購01,0,0,0,0,0,0,0,0,0,-35000,0,0,0,0,35000,-35000,-35000
058374,玉晶光凱基9A購03,0,0,0,0,0,0,0,0,0,-35000,0,0,0,16000,51000,-35000,-35000
061004,友達兆豐9A購01  ,0,0,0,0,0,0,0,0,0,-35000,0,0,0,0,35000,-35000,-35000
059878,聯茂凱基99購07  ,0,0,0,0,0,0,0,0,0,-35000,0,0,0,14000,49000,-35000,-35000
059872,華新科凱基01購01,0,0,0,0,0,0,0,0,0,-35000,0,0,0,10000,45000,-35000,-35000
062325,鴻海統一9B購05  ,0,0,0,0,0,0,0,0,0,-35000,0,0,0,3000,38000,-35000,-35000
062422,億光統一01購01  ,0,0,0,0,0,0,0,0,0,-35000,0,0,0,0,35000,-35000,-35000
062360,華邦電元大9B購01,0,0,0,0,0,0,0,0,0,-35000,0,0,0,0,35000,-35000,-35000
062227,南六統一01購02  ,0,0,0,0,0,0,0,0,0,-35000,0,0,0,15000,50000,-35000,-35000
061961,台積電統一01購02,0,0,0,0,0,0,0,0,0,-35000,0,0,0,0,35000,-35000,-35000
063212,聯發科國票9C購02,0,0,0,0,0,0,0,0,0,-35000,0,0,0,0,35000,-35000,-35000
063118,中鋼元大9C購01  ,0,0,0,0,0,0,0,0,0,-35000,0,0,0,25000,60000,-35000,-35000
062917,旭富元大9C購03  ,0,0,0,0,0,0,0,0,0,-35000,0,0,0,9000,44000,-35000,-35000
063607,中租凱基9B購02  ,0,0,0,0,0,0,0,0,0,-35000,0,0,0,30000,65000,-35000,-35000
064246,南六統一9C購02  ,0,0,0,0,0,0,0,0,0,-35000,0,0,0,8000,43000,-35000,-35000
065100,聯茂元大9C購04  ,0,0,0,0,0,0,0,0,0,-36000,0,0,0,103000,139000,-36000,-36000
065187,聯發科統一02購02,0,0,0,0,0,0,0,0,0,-36000,0,0,0,11000,47000,-36000,-36000
064752,台達電凱基01購01,0,0,0,0,0,0,0,0,0,-36000,0,0,0,80000,116000,-36000,-36000
06921P,台光電凱基98售06,0,0,0,0,0,0,0,0,0,-36000,0,0,0,0,36000,-36000,-36000
06933P,禾伸堂元大98售03,0,0,0,0,0,0,0,0,0,-36000,0,0,0,0,36000,-36000,-36000
06618P,智邦元大98售04  ,0,0,0,0,0,0,0,0,0,-36000,0,0,0,0,36000,-36000,-36000
07713P,台郡元大9A售03  ,0,0,0,0,0,0,0,0,0,-36000,0,0,0,0,36000,-36000,-36000
2887F,台新戊特二      ,0,0,0,0,0,0,0,0,0,-36000,0,36000,-36000,0,0,0,-36000
2612,中航            ,13000,49000,-36000,0,0,0,0,0,0,0,0,0,0,0,0,0,-36000
08026P,臺股指凱基9B售12,0,0,0,0,0,0,0,0,0,-36000,0,0,0,0,36000,-36000,-36000
054930,群電凱基98購01  ,0,0,0,0,0,0,0,0,0,-36000,0,0,0,18000,54000,-36000,-36000
054845,智邦兆豐98購01  ,0,0,0,0,0,0,0,0,0,-36000,0,0,0,0,36000,-36000,-36000
055118,嘉聯益凱基98購02,0,0,0,0,0,0,0,0,0,-36000,0,0,0,0,36000,-36000,-36000
057431,京鼎兆豐98購02  ,0,0,0,0,0,0,0,0,0,-36000,0,0,0,0,36000,-36000,-36000
057179,可成元大98購04  ,0,0,0,0,0,0,0,0,0,-36000,0,0,0,30000,66000,-36000,-36000
057183,玉晶光元大99購07,0,0,0,0,0,0,0,0,0,-36000,0,0,0,272000,308000,-36000,-36000
056551,台郡凱基98購04  ,0,0,0,0,0,0,0,0,0,-36000,0,0,0,40000,76000,-36000,-36000
055552,瑞昱凱基97購02  ,0,0,0,0,0,0,0,0,0,-36000,0,0,0,16000,52000,-36000,-36000
056624,景碩永豐98購01  ,0,0,0,0,0,0,0,0,0,-36000,0,0,0,13000,49000,-36000,-36000
060930,超眾永豐9A購03  ,0,0,0,0,0,0,0,0,0,-36000,0,0,0,0,36000,-36000,-36000
060548,友達凱基9B購03  ,0,0,0,0,0,0,0,0,0,-36000,0,0,0,0,36000,-36000,-36000
060626,貿聯元大9A購04  ,0,0,0,0,0,0,0,0,0,-36000,0,0,0,0,36000,-36000,-36000
058503,鴻海元大99購14  ,0,0,0,0,0,0,0,0,0,-36000,0,0,0,0,36000,-36000,-36000
058498,世紀鋼群益99購01,0,0,0,0,0,0,0,0,0,-36000,0,0,0,0,36000,-36000,-36000
058798,大立光元大99購11,0,0,0,0,0,0,0,0,0,-36000,0,0,0,17000,53000,-36000,-36000
061666,友達中信01購01  ,0,0,0,0,0,0,0,0,0,-36000,0,0,0,30000,66000,-36000,-36000
061581,貿聯元大9A購05  ,0,0,0,0,0,0,0,0,0,-36000,0,0,0,83000,119000,-36000,-36000
062874,微星兆豐9B購01  ,0,0,0,0,0,0,0,0,0,-36000,0,0,0,4000,40000,-36000,-36000
062248,國巨元大9B購08  ,0,0,0,0,0,0,0,0,0,-36000,0,0,0,1000,37000,-36000,-36000
062370,華擎元大9B購01  ,0,0,0,0,0,0,0,0,0,-36000,0,0,0,0,36000,-36000,-36000
062483,致新國票9B購01  ,0,0,0,0,0,0,0,0,0,-36000,0,0,0,10000,46000,-36000,-36000
4581,光隆精密-KY     ,1000,37000,-36000,0,0,0,0,0,0,0,0,0,0,0,0,0,-36000
08179P,華新科元大9B售13,0,0,0,0,0,0,0,0,0,-37000,0,0,0,0,37000,-37000,-37000
08184P,可成永豐9B售03  ,0,0,0,0,0,0,0,0,0,-37000,0,0,0,0,37000,-37000,-37000
08287P,茂林凱基9C售02  ,0,0,0,0,0,0,0,0,0,-37000,0,0,0,23000,60000,-37000,-37000
08420P,國巨群益9C售12  ,0,0,0,0,0,0,0,0,0,-37000,0,0,0,3000,40000,-37000,-37000
064731,台郡統一01購02  ,0,0,0,0,0,0,0,0,0,-37000,0,0,0,444000,481000,-37000,-37000
064865,美律永豐9C購02  ,0,0,0,0,0,0,0,0,0,-37000,0,0,0,58000,95000,-37000,-37000
065130,奇鋐兆豐9C購01  ,0,0,0,0,0,0,0,0,0,-37000,0,0,0,99000,136000,-37000,-37000
059732,超眾元大9A購01  ,0,0,0,0,0,0,0,0,0,-37000,0,0,0,63000,100000,-37000,-37000
058222,玉晶光統一9B購01,0,0,0,0,0,0,0,0,0,-37000,0,0,0,293000,330000,-37000,-37000
053588,聯發科元大97購07,0,0,0,0,0,0,0,0,0,-37000,0,0,0,0,37000,-37000,-37000
061634,遠東新元大9A購01,0,0,0,0,0,0,0,0,0,-37000,0,0,0,54000,91000,-37000,-37000
061436,上銀凱基9A購07  ,0,0,0,0,0,0,0,0,0,-37000,0,0,0,0,37000,-37000,-37000
060466,玉山金元大9A購01,0,0,0,0,0,0,0,0,0,-37000,0,0,0,1000,38000,-37000,-37000
057963,緯穎元大98購08  ,0,0,0,0,0,0,0,0,0,-37000,0,0,0,60000,97000,-37000,-37000
058249,緯穎元大99購04  ,0,0,0,0,0,0,0,0,0,-37000,0,0,0,135000,172000,-37000,-37000
060982,旺宏元大9A購09  ,0,0,0,0,0,0,0,0,0,-37000,0,0,0,71000,108000,-37000,-37000
063240,聯發科元大9B購17,0,0,0,0,0,0,0,0,0,-37000,0,0,0,5000,42000,-37000,-37000
063251,同欣電元大9B購04,0,0,0,0,0,0,0,0,0,-37000,0,0,0,93000,130000,-37000,-37000
064262,玉晶光永豐9C購03,0,0,0,0,0,0,0,0,0,-37000,0,0,0,31000,68000,-37000,-37000
064346,貿聯元大01購01  ,0,0,0,0,0,0,0,0,0,-37000,0,0,0,67000,104000,-37000,-37000
064068,義隆永豐9C購01  ,0,0,0,0,0,0,0,0,0,-37000,0,0,0,720000,757000,-37000,-37000
064126,聯發科元大9C購05,0,0,0,0,0,0,0,0,0,-37000,0,0,0,0,37000,-37000,-37000
063914,和碩凱基9C購01  ,0,0,0,0,0,0,0,0,0,-37000,0,0,0,219000,256000,-37000,-37000
063582,瑞祺國泰9C購01  ,0,0,0,0,0,0,0,0,0,-37000,0,0,0,125000,162000,-37000,-37000
065261,技嘉元大9C購03  ,0,0,0,0,0,0,0,0,0,-38000,0,0,0,17000,55000,-38000,-38000
07110P,台灣50群益9B售03,0,0,0,0,0,0,0,0,0,-38000,0,0,0,38000,76000,-38000,-38000
06936P,瑞儀元大98售01  ,0,0,0,0,0,0,0,0,0,-38000,0,0,0,0,38000,-38000,-38000
07076P,鴻海凱基9A售08  ,0,0,0,0,0,0,0,0,0,-38000,0,0,0,15000,53000,-38000,-38000
06863P,欣興凱基98售05  ,0,0,0,0,0,0,0,0,0,-38000,0,0,0,0,38000,-38000,-38000
1325,恆大            ,307000,319000,-12000,0,0,0,7000,0,7000,-33000,0,21000,-21000,0,12000,-12000,-38000
2706,第一店          ,8000,46000,-38000,0,0,0,0,0,0,0,0,0,0,0,0,0,-38000
3504,揚明光          ,144000,188000,-44000,0,0,0,0,0,0,6000,0,0,0,6000,0,6000,-38000
1517,利奇            ,36000,77000,-41000,0,0,0,0,0,0,3000,3000,0,3000,0,0,0,-38000
053443,智邦凱基97購01  ,0,0,0,0,0,0,0,0,0,-38000,0,0,0,0,38000,-38000,-38000
055527,旺宏群益99購03  ,0,0,0,0,0,0,0,0,0,-38000,0,0,0,0,38000,-38000,-38000
057226,上銀凱基98購06  ,0,0,0,0,0,0,0,0,0,-38000,0,0,0,0,38000,-38000,-38000
056909,嘉聯益元大99購03,0,0,0,0,0,0,0,0,0,-38000,0,0,0,396000,434000,-38000,-38000
060912,華新科元大9A購10,0,0,0,0,0,0,0,0,0,-38000,0,0,0,30000,68000,-38000,-38000
060681,華擎元大9A購02  ,0,0,0,0,0,0,0,0,0,-38000,0,0,0,50000,88000,-38000,-38000
058589,群創中信01購01  ,0,0,0,0,0,0,0,0,0,-38000,0,0,0,60000,98000,-38000,-38000
059530,華新科凱基9A購05,0,0,0,0,0,0,0,0,0,-38000,0,0,0,10000,48000,-38000,-38000
059539,緯穎凱基99購03  ,0,0,0,0,0,0,0,0,0,-38000,0,0,0,15000,53000,-38000,-38000
061567,華通元大9A購11  ,0,0,0,0,0,0,0,0,0,-38000,0,0,0,21000,59000,-38000,-38000
063334,復盛國票9B購01  ,0,0,0,0,0,0,0,0,0,-38000,0,0,0,0,38000,-38000,-38000
063873,南六永豐9C購01  ,0,0,0,0,0,0,0,0,0,-38000,0,0,0,17000,55000,-38000,-38000
063664,漢唐統一9C購01  ,0,0,0,0,0,0,0,0,0,-38000,0,0,0,40000,78000,-38000,-38000
064458,玉晶光統一01購09,0,0,0,0,0,0,0,0,0,-38000,0,0,0,18000,56000,-38000,-38000
064517,國巨群益02購01  ,0,0,0,0,0,0,0,0,0,-38000,0,0,0,236000,274000,-38000,-38000
064536,富邦金國票01購01,0,0,0,0,0,0,0,0,0,-38000,0,0,0,8000,46000,-38000,-38000
062922,南六元大9B購03  ,0,0,0,0,0,0,0,0,0,-38000,0,0,0,70000,108000,-38000,-38000
062817,富邦金兆豐9B購01,0,0,0,0,0,0,0,0,0,-38000,0,0,0,0,38000,-38000,-38000
062319,南六凱基9B購02  ,0,0,0,0,0,0,0,0,0,-38000,0,0,0,0,38000,-38000,-38000
062311,奇力新凱基9B購01,0,0,0,0,0,0,0,0,0,-38000,0,0,0,5000,43000,-38000,-38000
062212,臻鼎台新9B購01  ,0,0,0,0,0,0,0,0,0,-38000,0,0,0,48000,86000,-38000,-38000
06192P,高股息中信98售01,0,0,0,0,0,0,0,0,0,-38000,0,0,0,40000,78000,-38000,-38000
3591,艾笛森          ,2000,40000,-38000,0,0,0,0,0,0,-1000,0,1000,-1000,0,0,0,-39000
3164,景岳            ,51000,90000,-39000,0,0,0,0,0,0,0,0,0,0,0,0,0,-39000
06535P,可成群益99售02  ,0,0,0,0,0,0,0,0,0,-39000,0,0,0,6000,45000,-39000,-39000
06729P,聯詠元大98售03  ,0,0,0,0,0,0,0,0,0,-39000,0,0,0,0,39000,-39000,-39000
064695,京鼎群益02購02  ,0,0,0,0,0,0,0,0,0,-39000,0,0,0,50000,89000,-39000,-39000
057150,貿聯國票99購02  ,0,0,0,0,0,0,0,0,0,-39000,0,0,0,0,39000,-39000,-39000
055459,建準永豐97購03  ,0,0,0,0,0,0,0,0,0,-39000,0,0,0,10000,49000,-39000,-39000
054528,台光電統一96購02,0,0,0,0,0,0,0,0,0,-39000,0,0,0,51000,90000,-39000,-39000
061584,勤誠元大9A購01  ,0,0,0,0,0,0,0,0,0,-39000,0,0,0,30000,69000,-39000,-39000
061129,文曄永豐9A購01  ,0,0,0,0,0,0,0,0,0,-39000,0,0,0,141000,180000,-39000,-39000
059519,台郡永豐99購01  ,0,0,0,0,0,0,0,0,0,-39000,0,0,0,40000,79000,-39000,-39000
060505,友達元大9C購05  ,0,0,0,0,0,0,0,0,0,-39000,0,0,0,80000,119000,-39000,-39000
060399,康友國票9A購02  ,0,0,0,0,0,0,0,0,0,-39000,0,0,0,5000,44000,-39000,-39000
058932,FBVIX台新99購01 ,0,0,0,0,0,0,0,0,0,-39000,0,0,0,1000,40000,-39000,-39000
057960,聯鈞元大98購02  ,0,0,0,0,0,0,0,0,0,-39000,0,0,0,155000,194000,-39000,-39000
058717,南電台新99購02  ,0,0,0,0,0,0,0,0,0,-39000,0,0,0,4000,43000,-39000,-39000
058670,鴻海群益9A購03  ,0,0,0,0,0,0,0,0,0,-39000,0,0,0,59000,98000,-39000,-39000
062279,晶豪科群益9B購01,0,0,0,0,0,0,0,0,0,-39000,0,0,0,0,39000,-39000,-39000
063804,華邦電兆豐01購01,0,0,0,0,0,0,0,0,0,-39000,0,0,0,0,39000,-39000,-39000
063558,聚陽元大9B購02  ,0,0,0,0,0,0,0,0,0,-39000,0,0,0,30000,69000,-39000,-39000
8072,陞泰            ,27000,66000,-39000,0,0,0,0,0,0,0,0,0,0,0,0,0,-39000
065021,貿聯富邦03購01  ,0,0,0,0,0,0,0,0,0,-40000,0,0,0,0,40000,-40000,-40000
06584P,欣興凱基98售03  ,0,0,0,0,0,0,0,0,0,-40000,0,0,0,0,40000,-40000,-40000
07370P,南亞科凱基99售08,0,0,0,0,0,0,0,0,0,-40000,0,0,0,10000,50000,-40000,-40000
07342P,大立光凱基99售14,0,0,0,0,0,0,0,0,0,-40000,0,0,0,0,40000,-40000,-40000
07682P,聯發科凱基9A售15,0,0,0,0,0,0,0,0,0,-40000,0,0,0,0,40000,-40000,-40000
07564P,臺股指中信01售01,0,0,0,0,0,0,0,0,0,-40000,0,0,0,0,40000,-40000,-40000
2030,彰源            ,12000,29000,-17000,0,0,0,0,0,0,-23000,0,23000,-23000,0,0,0,-40000
08554P,玉晶光國票01售06,0,0,0,0,0,0,0,0,0,-40000,0,0,0,0,40000,-40000,-40000
08329P,台達電統一9C售02,0,0,0,0,0,0,0,0,0,-40000,0,0,0,20000,60000,-40000,-40000
07999P,台達電凱基9B售02,0,0,0,0,0,0,0,0,0,-40000,0,0,0,2000,42000,-40000,-40000
07756P,台灣50國票04售01,0,0,0,0,0,0,0,0,0,-40000,0,0,0,0,40000,-40000,-40000
054624,台積電凱基98購03,0,0,0,0,0,0,0,0,0,-40000,0,0,0,0,40000,-40000,-40000
054161,友訊凱基98購01  ,0,0,0,0,0,0,0,0,0,-40000,0,0,0,0,40000,-40000,-40000
056380,麗豐元富98購01  ,0,0,0,0,0,0,0,0,0,-40000,0,0,0,10000,50000,-40000,-40000
047482,新光金凱基99購03,0,0,0,0,0,0,0,0,0,-40000,0,0,0,10000,50000,-40000,-40000
046881,智原富邦99購01  ,0,0,0,0,0,0,0,0,0,-40000,0,0,0,0,40000,-40000,-40000
056508,揚明光永豐98購01,0,0,0,0,0,0,0,0,0,-40000,0,0,0,20000,60000,-40000,-40000
057579,長榮航中信9A購01,0,0,0,0,0,0,0,0,0,-40000,0,0,0,270000,310000,-40000,-40000
056642,旺宏凱基98購07  ,0,0,0,0,0,0,0,0,0,-40000,0,0,0,7000,47000,-40000,-40000
057258,中環兆豐98購01  ,0,0,0,0,0,0,0,0,0,-40000,0,0,0,0,40000,-40000,-40000
060107,旭富元大99購03  ,0,0,0,0,0,0,0,0,0,-40000,0,0,0,50000,90000,-40000,-40000
058721,立積元富9C購01  ,0,5000,-5000,0,0,0,0,0,0,-35000,0,0,0,226000,261000,-35000,-40000
057904,矽力永豐98購01  ,0,0,0,0,0,0,0,0,0,-40000,0,0,0,0,40000,-40000,-40000
060604,宏達電凱基9B購01,0,0,0,0,0,0,0,0,0,-40000,0,0,0,62000,102000,-40000,-40000
058243,華擎元大99購01  ,0,0,0,0,0,0,0,0,0,-40000,0,0,0,45000,85000,-40000,-40000
060178,T50反1元富04購05,0,0,0,0,0,0,0,0,0,-40000,0,0,0,0,40000,-40000,-40000
059127,國巨中信99購04  ,0,0,0,0,0,0,0,0,0,-40000,0,0,0,0,40000,-40000,-40000
060880,中壽中信9C購01  ,0,0,0,0,0,0,0,0,0,-40000,0,0,0,10000,50000,-40000,-40000
060953,富邦金群益9A購01,0,0,0,0,0,0,0,0,0,-40000,0,0,0,20000,60000,-40000,-40000
060449,元金2X元大9A購02,0,0,0,0,0,0,0,0,0,-40000,0,0,0,0,40000,-40000,-40000
060502,國巨元大9A購07  ,0,0,0,0,0,0,0,0,0,-40000,0,0,0,1000,41000,-40000,-40000
06076P,大立光凱基98售03,0,0,0,0,0,0,0,0,0,-40000,0,0,0,0,40000,-40000,-40000
061324,華新科凱基9C購01,0,0,0,0,0,0,0,0,0,-40000,0,0,0,10000,50000,-40000,-40000
063332,矽格國票9B購01  ,0,0,0,0,0,0,0,0,0,-40000,0,0,0,18000,58000,-40000,-40000
064526,臺股指群益9C購11,0,0,0,0,0,0,0,0,0,-40000,0,0,0,65000,105000,-40000,-40000
062495,友達中信01購02  ,0,0,0,0,0,0,0,0,0,-40000,0,0,0,0,40000,-40000,-40000
062434,華通元大9B購04  ,0,0,0,0,0,0,0,0,0,-40000,0,0,0,29000,69000,-40000,-40000
06254P,臺股指群益97售07,0,0,0,0,0,0,0,0,0,-40000,0,0,0,1460000,1500000,-40000,-40000
062091,世紀鋼元大9B購01,0,0,0,0,0,0,0,0,0,-40000,0,0,0,50000,90000,-40000,-40000
062907,可成元大9C購03  ,0,0,0,0,0,0,0,0,0,-40000,0,0,0,120000,160000,-40000,-40000
063142,奇力新統一9C購04,0,0,0,0,0,0,0,0,0,-40000,0,0,0,16000,56000,-40000,-40000
063122,聯發科元大9B購15,0,0,0,0,0,0,0,0,0,-40000,0,0,0,72000,112000,-40000,-40000
07966P,瑞祺群益9B售02  ,0,0,0,0,0,0,0,0,0,-41000,0,0,0,0,41000,-41000,-41000
08340P,聯發科元富9C售01,0,0,0,0,0,0,0,0,0,-41000,0,0,0,0,41000,-41000,-41000
08300P,世芯國票01售01  ,0,0,0,0,0,0,0,0,0,-41000,0,0,0,5000,46000,-41000,-41000
08230P,台表科國票9C售03,0,0,0,0,0,0,0,0,0,-41000,0,0,0,20000,61000,-41000,-41000
2929,淘帝-KY         ,27000,68000,-41000,0,0,0,0,0,0,0,0,0,0,0,0,0,-41000
06880P,鈺齊凱基98售03  ,0,0,0,0,0,0,0,0,0,-41000,0,0,0,0,41000,-41000,-41000
065219,緯穎國泰01購01  ,0,0,0,0,0,0,0,0,0,-41000,0,0,0,27000,68000,-41000,-41000
064692,嘉晶群益9C購03  ,0,0,0,0,0,0,0,0,0,-41000,0,0,0,45000,86000,-41000,-41000
060105,牧德元大9B購01  ,0,0,0,0,0,0,0,0,0,-41000,0,0,0,5000,46000,-41000,-41000
060056,大立光凱基9B購01,0,0,0,0,0,0,0,0,0,-41000,0,0,0,0,41000,-41000,-41000
054917,聯發科凱基98購05,0,0,0,0,0,0,0,0,0,-41000,0,0,0,0,41000,-41000,-41000
061783,友達群益9B購01  ,0,0,0,0,0,0,0,0,0,-41000,0,0,0,180000,221000,-41000,-41000
060008,華邦電群益9A購01,0,0,0,0,0,0,0,0,0,-41000,0,0,0,28000,69000,-41000,-41000
060151,旺宏富邦9A購02  ,0,0,0,0,0,0,0,0,0,-41000,0,0,0,0,41000,-41000,-41000
058122,美律國票9A購01  ,0,0,0,0,0,0,0,0,0,-41000,0,0,0,0,41000,-41000,-41000
058707,泰鼎元大99購02  ,0,0,0,0,0,0,0,0,0,-41000,0,0,0,21000,62000,-41000,-41000
060302,台積電富邦02購01,0,0,0,0,0,0,0,0,0,-41000,0,0,0,10000,51000,-41000,-41000
062081,華新科元大9B購06,0,0,0,0,0,0,0,0,0,-41000,0,0,0,30000,71000,-41000,-41000
064428,裕隆凱基02購01  ,0,0,0,0,0,0,0,0,0,-41000,0,0,0,0,41000,-41000,-41000
064289,台郡元大9C購01  ,0,0,0,0,0,0,0,0,0,-41000,0,0,0,167000,208000,-41000,-41000
064219,滬深2X國票03購01,0,0,0,0,0,0,0,0,0,-41000,0,0,0,0,41000,-41000,-41000
910322,康師傅-DR       ,0,41000,-41000,0,0,0,0,0,0,0,0,0,0,0,0,0,-41000
6189,豐藝            ,1000,42000,-41000,0,0,0,0,0,0,0,0,0,0,0,0,0,-41000
8462,柏文            ,12000,24000,-12000,0,0,0,0,30262,-30262,1000,0,0,0,1000,0,1000,-41262
3149,正達            ,29000,70997,-41997,0,0,0,0,0,0,0,0,0,0,0,0,0,-41997
08216P,聯發科群益9C售05,0,0,0,0,0,0,0,0,0,-42000,0,0,0,15000,57000,-42000,-42000
08321P,世芯永豐9C售01  ,0,0,0,0,0,0,0,0,0,-42000,0,0,0,3000,45000,-42000,-42000
08009P,華擎統一9B售02  ,0,0,0,0,0,0,0,0,0,-42000,0,0,0,0,42000,-42000,-42000
064587,泰碩永豐9C購01  ,0,0,0,0,0,0,0,0,0,-42000,0,0,0,0,42000,-42000,-42000
065154,聯發科群益9C購10,0,0,0,0,0,0,0,0,0,-42000,0,0,0,0,42000,-42000,-42000
06637P,大立光凱基98售15,0,0,0,0,0,0,0,0,0,-42000,0,0,0,10000,52000,-42000,-42000
054171,台郡凱基97購01  ,0,0,0,0,0,0,0,0,0,-42000,0,0,0,108000,150000,-42000,-42000
051047,深中小群益99購01,0,0,0,0,0,0,0,0,0,-42000,0,0,0,0,42000,-42000,-42000
057170,瑞昱元大98購01  ,0,0,0,0,0,0,0,0,0,-42000,0,0,0,11000,53000,-42000,-42000
060561,台積電富邦04購01,0,0,0,0,0,0,0,0,0,-42000,0,0,0,0,42000,-42000,-42000
061038,TPK永豐9A購01   ,0,0,0,0,0,0,0,0,0,-42000,0,0,0,0,42000,-42000,-42000
058939,台積電中信9B購01,0,0,0,0,0,0,0,0,0,-42000,0,0,0,48000,90000,-42000,-42000
058947,SGBR2X群益9B購02,0,0,0,0,0,0,0,0,0,-42000,0,0,0,108000,150000,-42000,-42000
058775,台積電國票9A購02,0,0,0,0,0,0,0,0,0,-42000,0,0,0,2000,44000,-42000,-42000
064222,玉山金國票01購01,0,0,0,0,0,0,0,0,0,-42000,0,0,0,6000,48000,-42000,-42000
064104,TPK群益9C購02   ,0,0,0,0,0,0,0,0,0,-42000,0,0,0,115000,157000,-42000,-42000
063976,正崴兆豐9C購01  ,0,0,0,0,0,0,0,0,0,-42000,0,0,0,135000,177000,-42000,-42000
063425,台勝科凱基9B購02,0,0,0,0,0,0,0,0,0,-42000,0,0,0,66000,108000,-42000,-42000
063707,儒鴻凱基9C購01  ,0,0,0,0,0,0,0,0,0,-42000,0,0,0,31000,73000,-42000,-42000
061928,群創凱基9B購06  ,0,0,0,0,0,0,0,0,0,-42000,0,0,0,0,42000,-42000,-42000
061882,矽創元大9B購01  ,0,0,0,0,0,0,0,0,0,-42000,0,0,0,72000,114000,-42000,-42000
063047,大立光兆豐9B購03,0,0,0,0,0,0,0,0,0,-42000,0,0,0,0,42000,-42000,-42000
062968,仁寶元富9B購01  ,0,0,0,0,0,0,0,0,0,-42000,0,0,0,198000,240000,-42000,-42000
062721,美律凱基9B購02  ,0,0,0,0,0,0,0,0,0,-42000,0,0,0,0,42000,-42000,-42000
6277,宏正            ,36000,78000,-42000,0,0,0,0,0,0,0,0,0,0,0,0,0,-42000
065065,世芯群益01購01  ,0,0,0,0,0,0,0,0,0,-43000,0,0,0,31000,74000,-43000,-43000
065195,國巨元富06購01  ,0,0,0,0,0,0,0,0,0,-43000,0,0,0,0,43000,-43000,-43000
08462P,臻鼎國票9C售02  ,0,0,0,0,0,0,0,0,0,-43000,0,0,0,0,43000,-43000,-43000
2535,達欣工          ,51000,94000,-43000,0,0,0,0,0,0,0,0,0,0,0,0,0,-43000
055176,大毅統一98購02  ,0,0,0,0,0,0,0,0,0,-43000,0,0,0,13000,56000,-43000,-43000
057352,大立光統一9A購02,0,0,0,0,0,0,0,0,0,-43000,0,0,0,0,43000,-43000,-43000
060555,台表科凱基9A購03,0,0,0,0,0,0,0,0,0,-43000,0,0,0,0,43000,-43000,-43000
061859,勤誠國票9B購01  ,0,0,0,0,0,0,0,0,0,-43000,0,0,0,0,43000,-43000,-43000
061072,南電凱基9B購01  ,0,0,0,0,0,0,0,0,0,-43000,0,0,0,3000,46000,-43000,-43000
060009,南亞科群益99購03,0,0,0,0,0,0,0,0,0,-43000,0,0,0,0,43000,-43000,-43000
059254,台表科凱基9A購02,0,0,0,0,0,0,0,0,0,-43000,0,0,0,43000,86000,-43000,-43000
058140,臻鼎元大99購02  ,0,0,0,0,0,0,0,0,0,-43000,0,0,0,102000,145000,-43000,-43000
063036,聯發科凱基9B購11,0,0,0,0,0,0,0,0,0,-43000,0,0,0,2000,45000,-43000,-43000
063149,聯發科元富05購02,0,0,0,0,0,0,0,0,0,-43000,0,0,0,59000,102000,-43000,-43000
061940,世紀鋼國票9C購01,0,0,0,0,0,0,0,0,0,-43000,0,0,0,0,43000,-43000,-43000
062146,大毅國票9B購01  ,0,0,0,0,0,0,0,0,0,-43000,0,0,0,8000,51000,-43000,-43000
063659,世紀鋼元富9B購01,0,0,0,0,0,0,0,0,0,-43000,0,0,0,2000,45000,-43000,-43000
063813,瑞昱群益9C購02  ,0,0,0,0,0,0,0,0,0,-43000,0,0,0,85000,128000,-43000,-43000
063826,中興電國票01購01,0,0,0,0,0,0,0,0,0,-43000,0,0,0,0,43000,-43000,-43000
063871,瀚宇博永豐9C購01,0,0,0,0,0,0,0,0,0,-43000,0,0,0,36000,79000,-43000,-43000
063987,台灣50永豐9C購01,0,0,0,0,0,0,0,0,0,-43000,0,0,0,0,43000,-43000,-43000
064285,貿聯元大9C購02  ,0,0,0,0,0,0,0,0,0,-43000,0,0,0,17000,60000,-43000,-43000
064462,致伸統一02購01  ,0,0,0,0,0,0,0,0,0,-43000,0,0,0,147000,190000,-43000,-43000
5519,隆大            ,10000,53000,-43000,0,0,0,0,0,0,0,0,0,0,0,0,0,-43000
2466,冠西電          ,0,44000,-44000,0,0,0,0,0,0,0,0,0,0,0,0,0,-44000
08524P,奇力新元大9C售01,0,0,0,0,0,0,0,0,0,-44000,0,0,0,0,44000,-44000,-44000
065159,臻鼎群益9C購02  ,0,0,0,0,0,0,0,0,0,-44000,0,0,0,43000,87000,-44000,-44000
064559,旺宏群益01購02  ,0,0,0,0,0,0,0,0,0,-44000,0,0,0,0,44000,-44000,-44000
064727,群創統一02購03  ,0,0,0,0,0,0,0,0,0,-44000,0,0,0,110000,154000,-44000,-44000
064788,台汽電群益9C購01,0,0,0,0,0,0,0,0,0,-44000,0,0,0,0,44000,-44000,-44000
054418,茂林元大97購01  ,0,0,0,0,0,0,0,0,0,-44000,0,0,0,20000,64000,-44000,-44000
056518,美律國票99購01  ,0,0,0,0,0,0,0,0,0,-44000,0,0,0,0,44000,-44000,-44000
055974,上銀統一97購05  ,0,0,0,0,0,0,0,0,0,-44000,0,0,0,0,44000,-44000,-44000
057987,大立光元富98購02,0,0,0,0,0,0,0,0,0,-44000,0,0,0,176000,220000,-44000,-44000
058507,美律元大9A購01  ,0,0,0,0,0,0,0,0,0,-44000,0,0,0,27000,71000,-44000,-44000
060305,得力永豐9A購01  ,0,0,0,0,0,0,0,0,0,-44000,0,0,0,5000,49000,-44000,-44000
061204,國巨元大9A購16  ,0,0,0,0,0,0,0,0,0,-44000,0,0,0,25000,69000,-44000,-44000
061353,康控元大9A購01  ,0,0,0,0,0,0,0,0,0,-44000,0,0,0,220000,264000,-44000,-44000
061465,聯詠群益9A購01  ,0,0,0,0,0,0,0,0,0,-44000,0,0,0,323000,367000,-44000,-44000
060414,中興電永豐9A購01,0,0,0,0,0,0,0,0,0,-44000,0,0,0,1000,45000,-44000,-44000
06405P,億光元富97售02  ,0,0,0,0,0,0,0,0,0,-44000,0,0,0,6000,50000,-44000,-44000
062592,牧德統一01購01  ,0,0,0,0,0,0,0,0,0,-44000,0,0,0,0,44000,-44000,-44000
063241,聯發科元大9B購18,0,0,0,0,0,0,0,0,0,-44000,0,0,0,58000,102000,-44000,-44000
6112,聚碩            ,103000,147000,-44000,0,0,0,0,0,0,0,0,0,0,0,0,0,-44000
064563,全新群益02購01  ,0,0,0,0,0,0,0,0,0,-45000,0,0,0,282000,327000,-45000,-45000
064980,牧德元大01購01  ,0,0,0,0,0,0,0,0,0,-45000,0,0,0,0,45000,-45000,-45000
07953P,健策元大9B售07  ,0,0,0,0,0,0,0,0,0,-45000,0,0,0,10000,55000,-45000,-45000
055858,聯茂元大97購03  ,0,0,0,0,0,0,0,0,0,-45000,0,0,0,49000,94000,-45000,-45000
055696,華新科國票98購01,0,0,0,0,0,0,0,0,0,-45000,0,0,0,0,45000,-45000,-45000
059114,華新科永豐99購05,0,0,0,0,0,0,0,0,0,-45000,0,0,0,40000,85000,-45000,-45000
057019,台積電凱基98購14,0,0,0,0,0,0,0,0,0,-45000,0,0,0,0,45000,-45000,-45000
057074,立積永豐98購01  ,0,0,0,0,0,0,0,0,0,-45000,0,0,0,8000,53000,-45000,-45000
054215,創意國票97購02  ,0,0,0,0,0,0,0,0,0,-45000,0,0,0,0,45000,-45000,-45000
055384,緯穎元大98購02  ,0,0,0,0,0,0,0,0,0,-45000,0,0,0,0,45000,-45000,-45000
056344,嘉晶凱基98購02  ,0,0,0,0,0,0,0,0,0,-45000,0,0,0,0,45000,-45000,-45000
059524,FBVIX凱基9A購02 ,0,0,0,0,0,0,0,0,0,-45000,0,0,0,10000,55000,-45000,-45000
061840,長榮航凱基9C購01,0,0,0,0,0,0,0,0,0,-45000,0,0,0,7000,52000,-45000,-45000
061818,富邦金群益9C購01,0,0,0,0,0,0,0,0,0,-45000,0,0,0,50000,95000,-45000,-45000
061648,緯穎元大9A購04  ,0,0,0,0,0,0,0,0,0,-45000,0,0,0,4000,49000,-45000,-45000
058018,南亞科凱基99購03,0,0,0,0,0,0,0,0,0,-45000,0,0,0,0,45000,-45000,-45000
05995P,T50正2中信9C售01,0,0,0,0,0,0,0,0,0,-45000,0,0,0,35000,80000,-45000,-45000
063037,聯發科凱基9C購02,0,0,0,0,0,0,0,0,0,-45000,0,0,0,27000,72000,-45000,-45000
4564,元翎            ,21000,66000,-45000,0,0,0,0,0,0,0,0,0,0,0,0,0,-45000
08193P,同欣電國票9C售02,0,0,0,0,0,0,0,0,0,-46000,0,0,0,20000,66000,-46000,-46000
08412P,群創凱基01售03  ,0,0,0,0,0,0,0,0,0,-46000,0,0,0,0,46000,-46000,-46000
064966,FBVIX元大9C購03 ,0,0,0,0,0,0,0,0,0,-46000,0,0,0,5000,51000,-46000,-46000
064931,南六統一9C購05  ,0,0,0,0,0,0,0,0,0,-46000,0,0,0,11000,57000,-46000,-46000
055302,達方元大97購01  ,0,0,0,0,0,0,0,0,0,-46000,0,0,0,0,46000,-46000,-46000
03433B,臺股指元大9C熊01,0,0,0,0,0,0,0,0,0,-46000,0,0,0,0,46000,-46000,-46000
059833,緯穎康和99購01  ,0,0,0,0,0,0,0,0,0,-46000,0,0,0,4000,50000,-46000,-46000
057743,華擎永豐98購03  ,0,0,0,0,0,0,0,0,0,-46000,0,0,0,10000,56000,-46000,-46000
058946,SGBR2X群益9B購01,0,0,0,0,0,0,0,0,0,-46000,0,0,0,0,46000,-46000,-46000
062990,台積電群益9B購06,0,0,0,0,0,0,0,0,0,-46000,0,0,0,12000,58000,-46000,-46000
063073,瑞昱永豐9B購01  ,0,0,0,0,0,0,0,0,0,-46000,0,0,0,2000,48000,-46000,-46000
062755,茂林麥證9B購01  ,0,0,0,13000,59000,-46000,0,0,0,-46000,0,0,0,13000,59000,-46000,-46000
063961,世紀鋼元大9C購05,0,0,0,0,0,0,0,0,0,-46000,0,0,0,4000,50000,-46000,-46000
063964,瑞昱國票01購01  ,0,0,0,0,0,0,0,0,0,-46000,0,0,0,12000,58000,-46000,-46000
064438,大立光凱基01購03,0,0,0,0,0,0,0,0,0,-46000,0,0,0,34000,80000,-46000,-46000
064408,TPK凱基02購01   ,0,0,0,0,0,0,0,0,0,-46000,0,0,0,10000,56000,-46000,-46000
064373,和大元富03購01  ,0,0,0,0,0,0,0,0,0,-46000,0,0,0,232000,278000,-46000,-46000
063316,聯發科群益9C購03,0,0,0,0,0,0,0,0,0,-46000,0,0,0,22000,68000,-46000,-46000
4739,康普            ,7000,53000,-46000,0,0,0,0,0,0,0,0,0,0,0,0,0,-46000
06962P,華新科永豐99售01,0,0,0,0,0,0,0,0,0,-47000,0,0,0,18000,65000,-47000,-47000
08411P,技嘉凱基9C售01  ,0,0,0,0,0,0,0,0,0,-47000,0,0,0,20000,67000,-47000,-47000
2546,根基            ,17000,62000,-45000,0,0,0,0,0,0,-2000,0,2000,-2000,0,0,0,-47000
3094,聯傑            ,16000,63000,-47000,0,0,0,0,0,0,0,0,0,0,0,0,0,-47000
055377,揚明光元大98購01,0,0,0,0,0,0,0,0,0,-47000,0,0,0,165000,212000,-47000,-47000
057044,旺宏元大98購08  ,0,0,0,0,0,0,0,0,0,-47000,0,0,0,88000,135000,-47000,-47000
059118,晶技永豐9A購01  ,0,0,0,0,0,0,0,0,0,-47000,0,0,0,2000,49000,-47000,-47000
056674,華邦電元富98購01,0,0,0,0,0,0,0,0,0,-47000,0,0,0,1000,48000,-47000,-47000
061663,南六永豐9A購05  ,0,0,0,0,0,0,0,0,0,-47000,0,0,0,15000,62000,-47000,-47000
061837,華新科凱基05購02,0,0,0,0,0,0,0,0,0,-47000,0,0,0,6000,53000,-47000,-47000
061245,晶技群益9A購01  ,0,0,0,0,0,0,0,0,0,-47000,0,0,0,61000,108000,-47000,-47000
060959,金像電凱基9A購01,0,0,0,0,0,0,0,0,0,-47000,0,0,0,164000,211000,-47000,-47000
060625,華擎元大9A購01  ,0,0,0,0,0,0,0,0,0,-47000,0,0,0,27000,74000,-47000,-47000
058244,神達元大99購02  ,0,0,0,0,0,0,0,0,0,-47000,0,0,0,21000,68000,-47000,-47000
058293,光寶科凱基9A購01,0,0,0,0,0,0,0,0,0,-47000,0,0,0,378000,425000,-47000,-47000
062641,瀚宇博國票9B購01,0,0,0,0,0,0,0,0,0,-47000,0,0,0,89000,136000,-47000,-47000
062869,帆宣中信9B購01  ,0,0,0,0,0,0,0,0,0,-47000,0,0,0,0,47000,-47000,-47000
062967,上銀元富9B購01  ,0,0,0,0,0,0,0,0,0,-47000,0,0,0,45000,92000,-47000,-47000
063014,技嘉元大9B購03  ,0,0,0,0,0,0,0,0,0,-47000,0,0,0,70000,117000,-47000,-47000
063243,聯發科元大9B購20,0,0,0,0,0,0,0,0,0,-47000,0,0,0,25000,72000,-47000,-47000
062372,旭富元大9B購01  ,0,0,0,0,0,0,0,0,0,-47000,0,0,0,4000,51000,-47000,-47000
061933,光寶科國票9B購01,0,0,0,0,0,0,0,0,0,-47000,0,0,0,54000,101000,-47000,-47000
2059,川湖            ,90800,140089,-49289,0,0,0,0,13000,-13000,15000,15000,0,15000,0,0,0,-47289
1459,聯發            ,45000,93000,-48000,0,0,0,0,0,0,0,0,0,0,0,0,0,-48000
3356,奇偶            ,47000,95000,-48000,0,0,0,0,0,0,0,0,0,0,0,0,0,-48000
08271P,華通元富9C售01  ,0,0,0,0,0,0,0,0,0,-48000,0,0,0,26000,74000,-48000,-48000
07913P,友達元大01售01  ,0,0,0,0,0,0,0,0,0,-48000,0,0,0,0,48000,-48000,-48000
06603P,立積統一99售01  ,0,0,0,0,0,0,0,0,0,-48000,0,0,0,25000,73000,-48000,-48000
07457P,宏達電元大9A售01,0,0,0,0,0,0,0,0,0,-48000,0,0,0,0,48000,-48000,-48000
064922,玉晶光統一01購10,0,0,0,0,0,0,0,0,0,-48000,0,0,0,84000,132000,-48000,-48000
065143,聯發科凱基9C購07,0,0,0,0,0,0,0,0,0,-48000,0,0,0,46000,94000,-48000,-48000
064720,長榮航統一02購01,0,0,0,0,0,0,0,0,0,-48000,0,0,0,0,48000,-48000,-48000
058202,鴻海凱基9A購04  ,0,0,0,0,0,0,0,0,0,-48000,0,0,0,14000,62000,-48000,-48000
056464,臺股指凱基99購06,0,0,0,0,0,0,0,0,0,-48000,0,0,0,12000,60000,-48000,-48000
056401,國巨群益98購07  ,0,0,0,0,0,0,0,0,0,-48000,0,0,0,2000,50000,-48000,-48000
054892,彩晶統一99購01  ,0,0,0,0,0,0,0,0,0,-48000,0,0,0,0,48000,-48000,-48000
055030,帆宣國泰99購02  ,0,0,0,0,0,0,0,0,0,-48000,0,0,0,0,48000,-48000,-48000
059957,中信金康和99購01,0,0,0,0,0,0,0,0,0,-48000,0,0,0,0,48000,-48000,-48000
057747,致新永豐98購01  ,0,0,0,0,0,0,0,0,0,-48000,0,0,0,16000,64000,-48000,-48000
061415,健策群益9A購04  ,0,0,0,0,0,0,0,0,0,-48000,0,0,0,24000,72000,-48000,-48000
058898,台積電元大99購20,0,0,0,0,0,0,0,0,0,-48000,0,0,0,14000,62000,-48000,-48000
061949,大立光群益9B購03,0,0,0,0,0,0,0,0,0,-48000,0,0,0,20000,68000,-48000,-48000
062044,健策凱基9B購02  ,0,0,0,0,0,0,0,0,0,-48000,0,0,0,3000,51000,-48000,-48000
062348,聯發科群益9B購06,0,0,0,0,0,0,0,0,0,-48000,0,0,0,1000,49000,-48000,-48000
062296,南六永豐9B購02  ,0,0,0,0,0,0,0,0,0,-48000,0,0,0,0,48000,-48000,-48000
062630,全新國票9B購02  ,0,0,0,0,0,0,0,0,0,-48000,0,0,0,52000,100000,-48000,-48000
063546,國巨兆豐9C購03  ,0,0,0,0,0,0,0,0,0,-48000,0,0,0,0,48000,-48000,-48000
063442,金像電統一01購01,0,0,0,0,0,0,0,0,0,-48000,0,0,0,0,48000,-48000,-48000
063487,國巨國泰01購02  ,0,0,0,0,0,0,0,0,0,-48000,0,0,0,92000,140000,-48000,-48000
063893,微星群益9C購01  ,0,0,0,0,0,0,0,0,0,-48000,0,0,0,55000,103000,-48000,-48000
063795,上銀凱基9C購01  ,0,0,0,0,0,0,0,0,0,-48000,0,0,0,4000,52000,-48000,-48000
064618,南亞科元大9C購04,0,0,0,0,0,0,0,0,0,-49000,0,0,0,1000,50000,-49000,-49000
08057P,京鼎群益9B售01  ,0,0,0,0,0,0,0,0,0,-49000,0,0,0,1000,50000,-49000,-49000
1445,大宇            ,0,48000,-48000,0,0,0,0,0,0,-1000,0,1000,-1000,0,0,0,-49000
2423,固緯            ,0,49000,-49000,0,0,0,0,0,0,0,0,0,0,0,0,0,-49000
050485,國巨統一96購01  ,0,0,0,0,0,0,0,0,0,-49000,0,0,0,51000,100000,-49000,-49000
056451,可成凱基99購01  ,0,0,0,0,0,0,0,0,0,-49000,0,0,0,0,49000,-49000,-49000
056689,玉晶光統一9A購03,0,0,0,0,0,0,0,0,0,-49000,0,0,0,86000,135000,-49000,-49000
058779,大立光國票9A購02,0,0,0,0,0,0,0,0,0,-49000,0,0,0,1000,50000,-49000,-49000
057593,聯發科兆豐98購03,0,0,0,0,0,0,0,0,0,-49000,0,0,0,0,49000,-49000,-49000
057637,上銀元大98購07  ,0,0,0,0,0,0,0,0,0,-49000,0,0,0,60000,109000,-49000,-49000
061457,TPK凱基9A購01   ,0,0,0,0,0,0,0,0,0,-49000,0,0,0,12000,61000,-49000,-49000
057981,臻鼎永豐98購01  ,0,0,0,0,0,0,0,0,0,-49000,0,0,0,42000,91000,-49000,-49000
060892,超眾統一9C購01  ,0,0,0,0,0,0,0,0,0,-49000,0,0,0,11000,60000,-49000,-49000
060169,群電永豐9A購01  ,0,0,0,0,0,0,0,0,0,-49000,0,0,0,0,49000,-49000,-49000
060609,玉晶光凱基9B購01,0,0,0,0,0,0,0,0,0,-49000,0,0,0,21000,70000,-49000,-49000
063535,聯發科統一9B購13,0,0,0,0,0,0,0,0,0,-49000,0,0,0,57000,106000,-49000,-49000
063412,寶成國票9C購01  ,0,0,0,0,0,0,0,0,0,-49000,0,0,0,0,49000,-49000,-49000
063387,台積電兆豐9B購03,0,0,0,0,0,0,0,0,0,-49000,0,0,0,37000,86000,-49000,-49000
064295,聚陽國票01購01  ,0,0,0,0,0,0,0,0,0,-49000,0,0,0,20000,69000,-49000,-49000
064540,神達麥證01購01  ,0,0,0,49000,98000,-49000,0,0,0,-49000,0,0,0,49000,98000,-49000,-49000
064036,矽創元大9C購01  ,0,0,0,0,0,0,0,0,0,-49000,0,0,0,44000,93000,-49000,-49000
4144,康聯-KY         ,51000,100000,-49000,0,0,0,0,0,0,0,0,0,0,0,0,0,-49000
1338,廣華-KY         ,23000,73000,-50000,0,0,0,0,0,0,0,0,0,0,0,0,0,-50000
08242P,聯發科凱基9C售06,0,0,0,0,0,0,0,0,0,-50000,0,0,0,0,50000,-50000,-50000
08459P,聯發科兆豐9C售04,0,0,0,0,0,0,0,0,0,-50000,0,0,0,0,50000,-50000,-50000
065081,金像電元大9C購05,0,0,0,0,0,0,0,0,0,-50000,0,0,0,0,50000,-50000,-50000
065218,世芯國泰02購02  ,0,0,0,0,0,0,0,0,0,-50000,0,0,0,36000,86000,-50000,-50000
064991,友達兆豐9C購01  ,0,0,0,0,0,0,0,0,0,-50000,0,0,0,0,50000,-50000,-50000
07619P,鴻海統一9A售03  ,0,0,0,0,0,0,0,0,0,-50000,0,0,0,30000,80000,-50000,-50000
07692P,玉晶光元大9A售11,0,0,0,0,0,0,0,0,0,-50000,0,0,0,0,50000,-50000,-50000
07121P,華新科凱基99售03,0,0,0,0,0,0,0,0,0,-50000,0,0,0,0,50000,-50000,-50000
06743P,創意永豐98售03  ,0,0,0,0,0,0,0,0,0,-50000,0,0,0,10000,60000,-50000,-50000
056130,新日興麥證97購01,0,0,0,0,50000,-50000,0,0,0,-50000,0,0,0,0,50000,-50000,-50000
059079,SGBR2X元大99購01,0,0,0,0,0,0,0,0,0,-50000,0,0,0,30000,80000,-50000,-50000
060110,茂林元大99購06  ,0,0,0,0,0,0,0,0,0,-50000,0,0,0,0,50000,-50000,-50000
059785,美律元大9A購03  ,0,0,0,0,0,0,0,0,0,-50000,0,0,0,25000,75000,-50000,-50000
055468,智邦凱基97購04  ,0,0,0,0,0,0,0,0,0,-50000,0,0,0,0,50000,-50000,-50000
056530,旺宏凱基98購06  ,0,0,0,0,0,0,0,0,0,-50000,0,0,0,0,50000,-50000,-50000
055545,國巨凱基97購06  ,0,0,0,0,0,0,0,0,0,-50000,0,0,0,0,50000,-50000,-50000
057106,美律群益98購03  ,0,0,0,0,0,0,0,0,0,-50000,0,0,0,0,50000,-50000,-50000
057004,滬深反中信9A購01,0,0,0,0,0,0,0,0,0,-50000,0,0,0,0,50000,-50000,-50000
057486,美律元大98購04  ,0,0,0,0,0,0,0,0,0,-50000,0,0,0,0,50000,-50000,-50000
053092,台表科元大97購02,0,0,0,0,0,0,0,0,0,-50000,0,0,0,0,50000,-50000,-50000
053390,彩晶元大9A購01  ,0,0,0,0,0,0,0,0,0,-50000,0,0,0,0,50000,-50000,-50000
053661,嘉澤凱基97購01  ,0,0,0,0,0,0,0,0,0,-50000,0,0,0,0,50000,-50000,-50000
03064X,元展59          ,0,0,0,0,0,0,0,0,0,-50000,0,0,0,0,50000,-50000,-50000
042792,T50反1台新9C購01,0,0,0,0,0,0,0,0,0,-50000,0,0,0,0,50000,-50000,-50000
03662C,FBVIX凱基03牛01 ,0,0,0,0,0,0,0,0,0,-50000,0,0,0,9000,59000,-50000,-50000
052521,友達元大9B購01  ,0,0,0,0,0,0,0,0,0,-50000,0,0,0,0,50000,-50000,-50000
02001R,富邦蘋果反一N   ,0,0,0,0,0,0,0,0,0,-50000,0,0,0,0,50000,-50000,-50000
054800,訊芯群益99購01  ,0,0,0,0,0,0,0,0,0,-50000,0,0,0,0,50000,-50000,-50000
054314,嘉聯益凱基97購01,0,0,0,0,0,0,0,0,0,-50000,0,0,0,0,50000,-50000,-50000
060657,旺宏統一9B購05  ,0,0,0,0,0,0,0,0,0,-50000,0,0,0,10000,60000,-50000,-50000
058297,茂林凱基9A購02  ,0,0,0,0,0,0,0,0,0,-50000,0,0,0,0,50000,-50000,-50000
060002,T50反1群益9A購01,0,0,0,0,0,0,0,0,0,-50000,0,0,0,0,50000,-50000,-50000
060015,國巨康和99購03  ,0,0,0,0,0,0,0,0,0,-50000,0,0,0,0,50000,-50000,-50000
060027,元金2X永豐99購02,0,0,0,0,0,0,0,0,0,-50000,0,0,0,0,50000,-50000,-50000
059908,元金2X元大99購01,0,0,0,0,0,0,0,0,0,-50000,0,0,0,0,50000,-50000,-50000
058068,旺宏凱基98購11  ,0,0,0,0,0,0,0,0,0,-50000,0,0,0,0,50000,-50000,-50000
060304,大立光富邦9C購05,0,0,0,0,0,0,0,0,0,-50000,0,0,0,0,50000,-50000,-50000
058657,大立光中信99購01,0,0,0,0,0,0,0,0,0,-50000,0,0,0,0,50000,-50000,-50000
059313,元石油元大99購06,0,0,0,0,0,0,0,0,0,-50000,0,0,0,0,50000,-50000,-50000
061351,智伸科元大9A購01,0,0,0,0,0,0,0,0,0,-50000,0,0,0,0,50000,-50000,-50000
061268,玉晶光凱基9B購04,0,0,0,0,0,0,0,0,0,-50000,0,0,0,49000,99000,-50000,-50000
061207,美律元大9A購04  ,0,0,0,0,0,0,0,0,0,-50000,0,0,0,10000,60000,-50000,-50000
061101,道瓊銀元大9A購02,0,0,0,0,0,0,0,0,0,-50000,0,0,0,0,50000,-50000,-50000
061173,T50反1凱基04購01,0,0,0,0,0,0,0,0,0,-50000,0,0,0,0,50000,-50000,-50000
061661,京鼎永豐9A購02  ,0,0,0,0,0,0,0,0,0,-50000,0,0,0,10000,60000,-50000,-50000
061659,信邦永豐9A購01  ,0,0,0,0,0,0,0,0,0,-50000,0,0,0,46000,96000,-50000,-50000
061640,智原元大9A購01  ,0,0,0,0,0,0,0,0,0,-50000,0,0,0,55000,105000,-50000,-50000
061069,嘉聯益凱基9A購01,0,0,0,0,0,0,0,0,0,-50000,0,0,0,249000,299000,-50000,-50000
058572,百和凱基9A購01  ,0,0,0,0,0,0,0,0,0,-50000,0,0,0,0,50000,-50000,-50000
058863,可成凱基99購02  ,0,0,0,0,0,0,0,0,0,-50000,0,0,0,0,50000,-50000,-50000
064021,國巨元大9C購15  ,0,0,0,0,0,0,0,0,0,-50000,0,0,0,50000,100000,-50000,-50000
064049,信邦統一01購01  ,0,0,0,0,0,0,0,0,0,-50000,0,0,0,0,50000,-50000,-50000
064117,中興電元大9C購01,0,0,0,0,0,0,0,0,0,-50000,0,0,0,0,50000,-50000,-50000
064452,微星統一01購02  ,0,0,0,0,0,0,0,0,0,-50000,0,0,0,152000,202000,-50000,-50000
063909,旺宏凱基02購01  ,0,0,0,0,0,0,0,0,0,-50000,0,0,0,0,50000,-50000,-50000
063712,高鐵凱基9C購01  ,0,0,0,0,0,0,0,0,0,-50000,0,0,0,0,50000,-50000,-50000
062659,台灣50群益9B購10,0,0,0,0,0,0,0,0,0,-50000,0,0,0,0,50000,-50000,-50000
062934,大成鋼凱基9B購02,0,0,0,0,0,0,0,0,0,-50000,0,0,0,0,50000,-50000,-50000
063111,TPK兆豐9B購01   ,0,0,0,0,0,0,0,0,0,-50000,0,0,0,0,50000,-50000,-50000
062400,晶豪科永豐9B購02,0,0,0,0,0,0,0,0,0,-50000,0,0,0,0,50000,-50000,-50000
061950,日月光群益9B購01,0,0,0,0,0,0,0,0,0,-50000,0,0,0,0,50000,-50000,-50000
061886,力山國泰01購01  ,0,0,0,0,0,0,0,0,0,-50000,0,0,0,24000,74000,-50000,-50000
061880,台郡元大9B購02  ,0,0,0,0,0,0,0,0,0,-50000,0,0,0,102000,152000,-50000,-50000
061897,泰碩永豐9B購01  ,0,0,0,0,0,0,0,0,0,-50000,0,0,0,0,50000,-50000,-50000
062158,禾伸堂凱基9B購01,0,0,0,0,0,0,0,0,0,-50000,0,0,0,0,50000,-50000,-50000
5515,建國            ,3000,37000,-34000,0,0,0,0,0,0,-16000,0,16000,-16000,0,0,0,-50000
064892,台達電群益9C購02,0,0,0,0,0,0,0,0,0,-51000,0,0,0,147000,198000,-51000,-51000
065176,玉晶光元大01購04,0,0,0,0,0,0,0,0,0,-51000,0,0,0,16000,67000,-51000,-51000
07859P,台灣50麥證9A售04,0,0,0,0,51000,-51000,0,0,0,-51000,0,0,0,0,51000,-51000,-51000
05627P,致伸國票97售01  ,0,0,0,0,0,0,0,0,0,-51000,0,0,0,0,51000,-51000,-51000
060470,台勝科元大9A購03,0,0,0,0,0,0,0,0,0,-51000,0,0,0,131000,182000,-51000,-51000
060248,日月光元大9A購01,0,0,0,0,0,0,0,0,0,-51000,0,0,0,29000,80000,-51000,-51000
060161,牧德永豐9A購02  ,0,0,0,0,0,0,0,0,0,-51000,0,0,0,51000,102000,-51000,-51000
058325,昇陽半永豐99購01,0,0,0,0,0,0,0,0,0,-51000,0,0,0,32000,83000,-51000,-51000
062080,奇力新元大9B購02,0,0,0,0,0,0,0,0,0,-51000,0,0,0,0,51000,-51000,-51000
062563,緯穎凱基9B購03  ,0,0,0,0,0,0,0,0,0,-51000,0,0,0,25000,76000,-51000,-51000
063018,聯發科元大9B購14,0,0,0,0,0,0,0,0,0,-51000,0,0,0,0,51000,-51000,-51000
062800,奇力新統一01購02,0,0,0,0,0,0,0,0,0,-51000,0,0,0,0,51000,-51000,-51000
062636,聯鈞國票9B購01  ,0,0,0,0,0,0,0,0,0,-51000,0,0,0,9000,60000,-51000,-51000
4119,旭富            ,270000,315000,-45000,0,0,0,0,0,0,-6000,11000,0,11000,15000,32000,-17000,-51000
07800P,華新科國泰9B售04,0,0,0,0,0,0,0,0,0,-52000,0,0,0,0,52000,-52000,-52000
08204P,台灣50中信01售04,0,0,0,0,0,0,0,0,0,-52000,0,0,0,0,52000,-52000,-52000
08498P,大立光國票01售02,0,0,0,0,0,0,0,0,0,-52000,0,0,0,8000,60000,-52000,-52000
1906,寶隆            ,14000,66000,-52000,0,0,0,0,0,0,0,0,0,0,0,0,0,-52000
065170,智邦元大9C購07  ,0,0,0,0,0,0,0,0,0,-52000,0,0,0,106000,158000,-52000,-52000
07011P,宏達電凱基99售02,0,0,0,0,0,0,0,0,0,-52000,0,0,0,23000,75000,-52000,-52000
052277,台達電凱基97購01,0,0,0,0,0,0,0,0,0,-52000,0,0,0,38000,90000,-52000,-52000
055228,聯發科國票98購03,0,0,0,0,0,0,0,0,0,-52000,0,0,0,0,52000,-52000,-52000
058556,百和永豐99購01  ,0,0,0,0,0,0,0,0,0,-52000,0,0,0,0,52000,-52000,-52000
062606,聯電凱基9C購02  ,0,0,0,0,0,0,0,0,0,-52000,0,0,0,10000,62000,-52000,-52000
062458,全新群益9B購03  ,0,0,0,0,0,0,0,0,0,-52000,0,0,0,88000,140000,-52000,-52000
063404,金像電國票9B購01,0,0,0,0,0,0,0,0,0,-52000,0,0,0,23000,75000,-52000,-52000
064038,景碩台新9C購01  ,0,0,0,0,0,0,0,0,0,-52000,0,0,0,3000,55000,-52000,-52000
065230,義隆凱基02購01  ,0,0,0,0,0,0,0,0,0,-53000,0,0,0,73000,126000,-53000,-53000
065064,創意群益9C購02  ,0,0,0,0,0,0,0,0,0,-53000,0,0,0,55000,108000,-53000,-53000
1773,勝一            ,31000,86000,-55000,0,0,0,0,0,0,2000,2000,0,2000,0,0,0,-53000
2029,盛餘            ,31000,99000,-68000,0,0,0,0,0,0,15000,15000,0,15000,0,0,0,-53000
08351P,南六國票01售02  ,0,0,0,0,0,0,0,0,0,-53000,0,0,0,0,53000,-53000,-53000
08169P,台光電群益9B售04,0,0,0,0,0,0,0,0,0,-53000,0,0,0,5000,58000,-53000,-53000
056700,華新科國泰99購03,0,0,0,0,0,0,0,0,0,-53000,0,0,0,3000,56000,-53000,-53000
061639,晶豪科元大9A購02,0,0,0,0,0,0,0,0,0,-53000,0,0,0,0,53000,-53000,-53000
061677,泰碩元大9A購05  ,0,0,0,0,0,0,0,0,0,-53000,0,0,0,0,53000,-53000,-53000
061678,玉晶光元大9B購04,0,0,0,0,0,0,0,0,0,-53000,0,0,0,41000,94000,-53000,-53000
061690,旺宏群益9A購05  ,0,0,0,0,0,0,0,0,0,-53000,0,0,0,0,53000,-53000,-53000
061453,台達電凱基9B購01,0,0,0,0,0,0,0,0,0,-53000,0,0,0,10000,63000,-53000,-53000
060130,瀚宇博永豐99購02,0,0,0,0,0,0,0,0,0,-53000,0,0,0,32000,85000,-53000,-53000
060281,卜蜂元大9C購01  ,0,0,0,0,0,0,0,0,0,-53000,0,0,0,0,53000,-53000,-53000
064014,貿聯國票01購01  ,0,0,0,0,0,0,0,0,0,-53000,0,0,0,0,53000,-53000,-53000
064287,日月光元大9C購01,0,0,0,0,0,0,0,0,0,-53000,0,0,0,0,53000,-53000,-53000
063420,奇力新凱基9B購03,0,0,0,0,0,0,0,0,0,-53000,0,0,0,0,53000,-53000,-53000
062229,南六統一9B購01  ,0,0,0,0,0,0,0,0,0,-53000,0,0,0,9000,62000,-53000,-53000
063026,南六元大9B購04  ,0,0,0,0,0,0,0,0,0,-53000,0,0,0,87000,140000,-53000,-53000
063158,瑞昱台新9B購02  ,0,0,0,0,0,0,0,0,0,-53000,0,0,0,48000,101000,-53000,-53000
4746,台耀            ,438000,496000,-58000,0,0,0,0,0,0,5000,6000,1000,5000,0,0,0,-53000
6139,亞翔            ,87000,140000,-53000,0,0,0,0,0,0,0,0,0,0,0,0,0,-53000
1455,集盛            ,214000,268000,-54000,0,0,0,0,0,0,0,0,0,0,0,0,0,-54000
065266,創意元大9C購05  ,0,0,0,0,0,0,0,0,0,-54000,0,0,0,47000,101000,-54000,-54000
065160,聯茂群益9C購02  ,0,0,0,0,0,0,0,0,0,-54000,0,0,0,66000,120000,-54000,-54000
06721P,臺股指中信9A售03,0,0,0,0,0,0,0,0,0,-54000,0,0,0,50000,104000,-54000,-54000
07504P,聯詠元大9A售02  ,0,0,0,0,0,0,0,0,0,-54000,0,0,0,11000,65000,-54000,-54000
056095,臻鼎元富9A購01  ,0,0,0,0,0,0,0,0,0,-54000,0,0,0,323000,377000,-54000,-54000
053059,聯發科永昌99購01,0,0,0,0,0,0,0,0,0,-54000,0,0,0,201000,255000,-54000,-54000
059943,信邦永豐99購01  ,0,0,0,0,0,0,0,0,0,-54000,0,0,0,0,54000,-54000,-54000
060678,聯詠元大9A購03  ,0,0,0,0,0,0,0,0,0,-54000,0,0,0,108000,162000,-54000,-54000
057649,嘉聯益元大99購04,0,0,0,0,0,0,0,0,0,-54000,0,0,0,221000,275000,-54000,-54000
059358,旺宏永豐99購02  ,0,0,0,0,0,0,0,0,0,-54000,0,0,0,0,54000,-54000,-54000
063147,東元元富9B購01  ,0,0,0,0,0,0,0,0,0,-54000,0,0,0,0,54000,-54000,-54000
062102,T50反1國票9B購07,0,0,0,0,0,0,0,0,0,-54000,0,0,0,10000,64000,-54000,-54000
063536,美食統一01購01  ,0,0,0,0,0,0,0,0,0,-54000,0,0,0,70000,124000,-54000,-54000
063739,台勝科元大9B購03,0,0,0,0,0,0,0,0,0,-54000,0,0,0,73000,127000,-54000,-54000
063758,聯發科統一9B購14,0,0,0,0,0,0,0,0,0,-54000,0,0,0,59000,113000,-54000,-54000
4540,全球傳動        ,38000,92000,-54000,0,0,0,0,0,0,0,0,0,0,0,0,0,-54000
065063,玉晶光群益02購04,0,0,0,0,0,0,0,0,0,-55000,0,0,0,11000,66000,-55000,-55000
065039,國巨凱基02購02  ,0,0,0,0,0,0,0,0,0,-55000,0,0,0,35000,90000,-55000,-55000
064685,裕隆群益9C購01  ,0,0,0,0,0,0,0,0,0,-55000,0,0,0,118000,173000,-55000,-55000
08125P,聯茂群益9B售02  ,0,0,0,0,0,0,0,0,0,-55000,0,0,0,0,55000,-55000,-55000
053889,致茂群益97購01  ,0,0,0,0,0,0,0,0,0,-55000,0,0,0,40000,95000,-55000,-55000
055716,致茂元大97購01  ,0,0,0,0,0,0,0,0,0,-55000,0,0,0,44000,99000,-55000,-55000
060126,創意永豐99購04  ,0,0,0,0,0,0,0,0,0,-55000,0,0,0,27000,82000,-55000,-55000
057056,立積元大99購02  ,0,0,0,0,0,0,0,0,0,-55000,0,0,0,0,55000,-55000,-55000
060384,葡萄王凱基9B購01,0,0,0,0,0,0,0,0,0,-55000,0,0,0,0,55000,-55000,-55000
058530,為升元富99購01  ,0,0,0,0,0,0,0,0,0,-55000,0,0,0,0,55000,-55000,-55000
061742,奇鋐凱基9B購01  ,0,0,0,0,0,0,0,0,0,-55000,0,0,0,5000,60000,-55000,-55000
059145,創意國票99購02  ,0,0,0,0,0,0,0,0,0,-55000,0,0,0,0,55000,-55000,-55000
060932,南六永豐9A購02  ,0,0,0,0,0,0,0,0,0,-55000,0,0,0,10000,65000,-55000,-55000
060307,南港永豐9A購01  ,0,0,0,0,0,0,0,0,0,-55000,0,0,0,2000,57000,-55000,-55000
060379,T50反1凱基9A購07,0,0,0,0,0,0,0,0,0,-55000,0,0,0,0,55000,-55000,-55000
057807,友訊元大98購02  ,0,0,0,0,0,0,0,0,0,-55000,0,0,0,8000,63000,-55000,-55000
063606,TPK凱基9C購01   ,0,0,0,0,0,0,0,0,0,-55000,0,0,0,52000,107000,-55000,-55000
063506,嘉晶群益9B購01  ,0,0,0,0,0,0,0,0,0,-55000,0,0,0,114000,169000,-55000,-55000
064313,嘉晶群益9C購02  ,0,0,0,0,0,0,0,0,0,-55000,0,0,0,88000,143000,-55000,-55000
064542,聯電凱基02購01  ,0,0,0,0,0,0,0,0,0,-55000,0,0,0,0,55000,-55000,-55000
064519,聯詠群益9C購01  ,0,0,0,0,0,0,0,0,0,-55000,0,0,0,101000,156000,-55000,-55000
063957,臻鼎元大9C購01  ,0,0,0,0,0,0,0,0,0,-55000,0,0,0,68000,123000,-55000,-55000
062615,亞德客元大9B購02,0,0,0,0,0,0,0,0,0,-55000,0,0,0,0,55000,-55000,-55000
062744,超眾國泰9C購01  ,0,0,0,0,0,0,0,0,0,-55000,0,0,0,45000,100000,-55000,-55000
062857,SP黃豆國票9C購01,0,0,0,0,0,0,0,0,0,-55000,0,0,0,0,55000,-55000,-55000
8429,金麗-KY         ,48000,103000,-55000,0,0,0,0,0,0,0,0,0,0,0,0,0,-55000
08115P,聯發科凱基9B售13,0,0,0,0,0,0,0,0,0,-56000,0,0,0,0,56000,-56000,-56000
064745,聯鈞國票01購01  ,0,0,0,0,0,0,0,0,0,-56000,0,0,0,102000,158000,-56000,-56000
065179,同欣電元大02購01,0,0,0,0,0,0,0,0,0,-56000,0,0,0,0,56000,-56000,-56000
06824P,台灣50國票99售02,0,0,0,0,0,0,0,0,0,-56000,0,0,0,8000,64000,-56000,-56000
056705,超眾國泰99購01  ,0,0,0,0,0,0,0,0,0,-56000,0,0,0,10000,66000,-56000,-56000
054308,嘉晶凱基98購01  ,0,0,0,0,0,0,0,0,0,-56000,0,0,0,220000,276000,-56000,-56000
057282,大立光元大99購06,0,0,0,0,0,0,0,0,0,-56000,0,0,0,1000,57000,-56000,-56000
045189,大立光元富98購01,0,0,0,0,0,0,0,0,0,-56000,0,0,0,0,56000,-56000,-56000
057804,為升元大98購01  ,0,0,0,0,0,0,0,0,0,-56000,0,0,0,128000,184000,-56000,-56000
058105,旺宏統一9A購02  ,0,0,0,0,0,0,0,0,0,-56000,0,0,0,46000,102000,-56000,-56000
060245,聯陽元大9C購01  ,0,0,0,0,0,0,0,0,0,-56000,0,0,0,10000,66000,-56000,-56000
060666,聯茂凱基9A購02  ,0,0,0,0,0,0,0,0,0,-56000,0,0,0,0,56000,-56000,-56000
061762,台塑元大9B購01  ,0,0,0,0,0,0,0,0,0,-56000,0,0,0,0,56000,-56000,-56000
061827,台灣50凱基02購01,0,0,0,0,0,0,0,0,0,-56000,0,0,0,0,56000,-56000,-56000
061479,泰碩元大9A購02  ,0,0,0,0,0,0,0,0,0,-56000,0,0,0,0,56000,-56000,-56000
058546,玉晶光富邦9B購01,0,0,0,0,0,0,0,0,0,-56000,0,0,0,66000,122000,-56000,-56000
058567,華新科凱基9A購02,0,0,0,0,0,0,0,0,0,-56000,0,0,0,0,56000,-56000,-56000
057672,茂林元大98購02  ,0,0,0,0,0,0,0,0,0,-56000,0,0,0,22000,78000,-56000,-56000
058801,致伸元大99購01  ,0,0,0,0,0,0,0,0,0,-56000,0,0,0,487000,543000,-56000,-56000
062541,臻鼎國泰01購01  ,0,0,0,0,0,0,0,0,0,-56000,0,0,0,29000,85000,-56000,-56000
063946,聯發科元大9C購04,0,0,0,0,0,0,0,0,0,-56000,0,0,0,0,56000,-56000,-56000
064309,聯發科群益9C購07,0,0,0,0,0,0,0,0,0,-56000,0,0,0,0,56000,-56000,-56000
063524,瑞昱凱基9B購05  ,0,0,0,0,0,0,0,0,0,-56000,0,0,0,3000,59000,-56000,-56000
06888P,日月光元大98售02,0,0,0,0,0,0,0,0,0,-57000,0,0,0,3000,60000,-57000,-57000
06677P,牧德國票98售02  ,0,0,0,0,0,0,0,0,0,-57000,0,0,0,0,57000,-57000,-57000
06682P,玉晶光元大99售08,0,0,0,0,0,0,0,0,0,-57000,0,0,0,301000,358000,-57000,-57000
065052,南六凱基02購02  ,0,0,0,0,0,0,0,0,0,-57000,0,0,0,8000,65000,-57000,-57000
056358,友訊元大99購01  ,0,0,0,0,0,0,0,0,0,-57000,0,0,0,0,57000,-57000,-57000
053782,京元電元大98購02,0,0,0,0,0,0,0,0,0,-57000,0,0,0,0,57000,-57000,-57000
059611,台積電永豐99購05,0,0,0,0,0,0,0,0,0,-57000,0,0,0,0,57000,-57000,-57000
061645,超眾元大9A購06  ,0,0,0,0,0,0,0,0,0,-57000,0,0,0,128000,185000,-57000,-57000
058387,國巨國票9A購03  ,0,0,0,0,0,0,0,0,0,-57000,0,0,0,37000,94000,-57000,-57000
059976,道瓊銀元大99購01,0,0,0,0,0,0,0,0,0,-57000,0,0,0,0,57000,-57000,-57000
064114,南茂國票01購01  ,0,0,0,0,0,0,0,0,0,-57000,0,0,0,137000,194000,-57000,-57000
062439,聯發科元大9B購10,0,0,0,0,0,0,0,0,0,-57000,0,0,0,0,57000,-57000,-57000
062231,台光電麥證9C購01,0,0,0,38000,95000,-57000,0,0,0,-57000,0,0,0,38000,95000,-57000,-57000
062185,禾伸堂元大9B購01,0,0,0,0,0,0,0,0,0,-57000,0,0,0,11000,68000,-57000,-57000
4960,誠美材          ,614000,671000,-57000,0,0,0,0,0,0,0,0,0,0,0,0,0,-57000
6108,競國            ,17000,78000,-61000,0,0,0,0,0,0,4000,4000,0,4000,0,0,0,-57000
07807P,聯茂永豐9A售02  ,0,0,0,0,0,0,0,0,0,-58000,0,0,0,0,58000,-58000,-58000
08447P,緯穎永豐9C售02  ,0,0,0,0,0,0,0,0,0,-58000,0,0,0,0,58000,-58000,-58000
057277,可成元大98購05  ,0,0,0,0,0,0,0,0,0,-58000,0,0,0,10000,68000,-58000,-58000
057301,嘉聯益永豐98購02,0,0,0,0,0,0,0,0,0,-58000,0,0,0,0,58000,-58000,-58000
053610,矽力中信98購01  ,0,0,0,0,0,0,0,0,0,-58000,0,0,0,21000,79000,-58000,-58000
061800,泰鼎永豐9B購01  ,0,0,0,0,0,0,0,0,0,-58000,0,0,0,326000,384000,-58000,-58000
062161,南六凱基9C購01  ,0,0,0,0,0,0,0,0,0,-58000,0,0,0,0,58000,-58000,-58000
062559,嘉晶凱基9B購02  ,0,0,0,0,0,0,0,0,0,-58000,0,0,0,3000,61000,-58000,-58000
062569,南電中信01購01  ,0,0,0,0,0,0,0,0,0,-58000,0,0,0,65000,123000,-58000,-58000
064178,台郡國泰01購01  ,0,0,0,0,0,0,0,0,0,-58000,0,0,0,107000,165000,-58000,-58000
06396P,新日興康和97售01,0,0,0,0,0,0,0,0,0,-58000,0,0,0,0,58000,-58000,-58000
9955,佳龍            ,21000,79000,-58000,0,0,0,0,0,0,0,0,0,0,0,0,0,-58000
2227,裕日車          ,43000,42113,887,0,0,0,0,46000,-46000,-13000,0,13000,-13000,0,0,0,-58113
3059,華晶科          ,295000,362000,-67000,0,0,0,0,0,0,8000,8000,0,8000,0,0,0,-59000
06496P,台灣50日盛98售01,0,0,0,0,0,0,0,0,0,-59000,0,0,0,3000,62000,-59000,-59000
065155,聯發科群益9C購11,0,0,0,0,0,0,0,0,0,-59000,0,0,0,0,59000,-59000,-59000
056691,元油2X群益9B購01,0,0,0,0,0,0,0,0,0,-59000,0,0,0,0,59000,-59000,-59000
056550,瑞儀凱基99購01  ,0,0,0,0,0,0,0,0,0,-59000,0,0,0,157000,216000,-59000,-59000
059375,道瓊反群益9C購02,0,0,0,0,0,0,0,0,0,-59000,0,0,0,42000,101000,-59000,-59000
064125,聯發科元大02購01,0,0,0,0,0,0,0,0,0,-59000,0,0,0,205000,264000,-59000,-59000
064268,緯穎永豐9C購01  ,0,0,0,0,0,0,0,0,0,-59000,0,0,0,0,59000,-59000,-59000
064379,TPK元富9C購01   ,0,0,0,0,0,0,0,0,0,-59000,0,0,0,44000,103000,-59000,-59000
063358,華擎國泰01購01  ,0,0,0,0,0,0,0,0,0,-59000,0,0,0,533000,592000,-59000,-59000
063862,世紀鋼國泰02購01,0,0,0,0,0,0,0,0,0,-59000,0,0,0,0,59000,-59000,-59000
061957,上銀統一01購01  ,0,0,0,0,0,0,0,0,0,-59000,0,0,0,39000,98000,-59000,-59000
062717,華邦電凱基9C購01,0,0,0,0,0,0,0,0,0,-59000,0,0,0,20000,79000,-59000,-59000
062626,台積電國票9C購04,0,0,0,0,0,0,0,0,0,-59000,0,0,0,0,59000,-59000,-59000
065203,FBVIX國票9C購01 ,0,0,0,0,0,0,0,0,0,-60000,0,0,0,0,60000,-60000,-60000
064921,景碩統一02購01  ,0,0,0,0,0,0,0,0,0,-60000,0,0,0,25000,85000,-60000,-60000
064772,FBVIX群益9C購04 ,0,0,0,0,0,0,0,0,0,-60000,0,0,0,40000,100000,-60000,-60000
06636P,可成凱基98售08  ,0,0,0,0,0,0,0,0,0,-60000,0,0,0,0,60000,-60000,-60000
06579P,臺股指麥證98售03,0,0,0,140000,0,140000,0,0,0,-60000,0,0,0,140000,200000,-60000,-60000
06983P,台積電國泰9A售02,0,0,0,0,0,0,0,0,0,-60000,0,0,0,10000,70000,-60000,-60000
07690P,華新科元大9A售15,0,0,0,0,0,0,0,0,0,-60000,0,0,0,0,60000,-60000,-60000
08341P,國泰金台新9C售01,0,0,0,0,0,0,0,0,0,-60000,0,0,0,0,60000,-60000,-60000
08181P,華新科國泰9C售02,0,0,0,0,0,0,0,0,0,-60000,0,0,0,20000,80000,-60000,-60000
055681,奇鋐凱基98購03  ,0,0,0,0,0,0,0,0,0,-60000,0,0,0,161000,221000,-60000,-60000
056983,大立光群益99購02,0,0,0,0,0,0,0,0,0,-60000,0,0,0,0,60000,-60000,-60000
056437,台積電凱基98購11,0,0,0,0,0,0,0,0,0,-60000,0,0,0,0,60000,-60000,-60000
056687,元大金統一98購01,0,0,0,0,0,0,0,0,0,-60000,0,0,0,0,60000,-60000,-60000
055885,大成鋼統一97購02,0,0,0,0,0,0,0,0,0,-60000,0,0,0,0,60000,-60000,-60000
059663,旭富元大9C購02  ,0,0,0,0,0,0,0,0,0,-60000,0,0,0,0,60000,-60000,-60000
059819,台積電凱基99購17,0,0,0,0,0,0,0,0,0,-60000,0,0,0,0,60000,-60000,-60000
039212,台達電台新9A購01,0,0,0,0,0,0,0,0,0,-60000,0,0,0,68000,128000,-60000,-60000
057406,茂林群益98購03  ,0,0,0,0,0,0,0,0,0,-60000,0,0,0,0,60000,-60000,-60000
060761,南亞科元大9A購05,0,0,0,0,0,0,0,0,0,-60000,0,0,0,0,60000,-60000,-60000
060472,中租元大9A購02  ,0,0,0,0,0,0,0,0,0,-60000,0,0,0,0,60000,-60000,-60000
061703,信邦國票9A購01  ,0,0,0,0,0,0,0,0,0,-60000,0,0,0,0,60000,-60000,-60000
061603,瑞昱凱基9A購02  ,0,0,0,0,0,0,0,0,0,-60000,0,0,0,72000,132000,-60000,-60000
061165,美律兆豐9A購01  ,0,0,0,0,0,0,0,0,0,-60000,0,0,0,0,60000,-60000,-60000
060812,智邦凱基9A購01  ,0,0,0,0,0,0,0,0,0,-60000,0,0,0,14000,74000,-60000,-60000
059942,全新永豐99購04  ,0,0,0,0,0,0,0,0,0,-60000,0,0,0,30000,90000,-60000,-60000
058019,美律凱基99購04  ,0,0,0,0,0,0,0,0,0,-60000,0,0,0,0,60000,-60000,-60000
057941,聯電國票99購01  ,0,0,0,0,0,0,0,0,0,-60000,0,0,0,10000,70000,-60000,-60000
062695,華通元大9C購01  ,0,0,0,0,0,0,0,0,0,-60000,0,0,0,24000,84000,-60000,-60000
062827,神基群益9B購01  ,0,0,0,0,0,0,0,0,0,-60000,0,0,0,0,60000,-60000,-60000
062062,貿聯統一01購01  ,0,40000,-40000,0,0,0,0,0,0,-20000,0,0,0,176000,196000,-20000,-60000
062320,南電凱基9B購03  ,0,0,0,0,0,0,0,0,0,-60000,0,0,0,4000,64000,-60000,-60000
063789,智邦台新9C購01  ,0,0,0,0,0,0,0,0,0,-60000,0,0,0,2000,62000,-60000,-60000
063638,華新科元大9B購14,0,0,0,0,0,0,0,0,0,-60000,0,0,0,0,60000,-60000,-60000
07580P,緯穎元大9A售03  ,0,0,0,0,0,0,0,0,0,-61000,0,0,0,39000,100000,-61000,-61000
064744,創意國票01購02  ,0,0,0,0,0,0,0,0,0,-61000,0,0,0,0,61000,-61000,-61000
065190,緯穎統一9C購02  ,0,0,0,0,0,0,0,0,0,-61000,0,0,0,0,61000,-61000,-61000
065076,中橡元大9C購01  ,0,0,0,0,0,0,0,0,0,-61000,0,0,0,0,61000,-61000,-61000
057353,玉晶光統一99購01,0,0,0,0,0,0,0,0,0,-61000,0,0,0,73000,134000,-61000,-61000
057955,技嘉元大98購07  ,0,0,0,0,0,0,0,0,0,-61000,0,0,0,110000,171000,-61000,-61000
061851,智邦國票9B購01  ,0,0,0,0,0,0,0,0,0,-61000,0,0,0,1000,62000,-61000,-61000
059580,大立光元富99購07,0,0,0,0,0,0,0,0,0,-61000,0,0,0,1000,62000,-61000,-61000
058544,FBVIX富邦9B購01 ,0,0,0,0,0,0,0,0,0,-61000,0,0,0,8000,69000,-61000,-61000
060419,漢翔永豐9A購01  ,0,0,0,0,0,0,0,0,0,-61000,0,0,0,60000,121000,-61000,-61000
060437,宏全永豐9A購01  ,0,0,0,0,0,0,0,0,0,-61000,0,0,0,0,61000,-61000,-61000
063639,華擎元大9C購03  ,0,0,0,0,0,0,0,0,0,-61000,0,0,0,62000,123000,-61000,-61000
064206,鴻海凱基03購02  ,0,0,0,0,0,0,0,0,0,-61000,0,0,0,32000,93000,-61000,-61000
064015,立積國票01購01  ,0,0,0,0,0,0,0,0,0,-61000,0,0,0,141000,202000,-61000,-61000
062272,鴻海群益9B購05  ,0,0,0,0,0,0,0,0,0,-61000,0,0,0,16000,77000,-61000,-61000
062709,帆宣元大9B購01  ,0,0,0,0,0,0,0,0,0,-61000,0,0,0,40000,101000,-61000,-61000
4720,德淵            ,33000,94000,-61000,0,0,0,0,0,0,0,0,0,0,0,0,0,-61000
1307,三芳            ,26000,87510,-61510,0,0,0,0,0,0,0,0,0,0,0,0,0,-61510
07695P,台郡元大9A售02  ,0,0,0,0,0,0,0,0,0,-62000,0,0,0,0,62000,-62000,-62000
054480,和碩中信98購01  ,0,0,0,0,0,0,0,0,0,-62000,0,0,0,36000,98000,-62000,-62000
059656,T50反1元大99購11,0,0,0,0,0,0,0,0,0,-62000,0,0,0,30000,92000,-62000,-62000
056153,華新科凱基97購02,0,0,0,0,0,0,0,0,0,-62000,0,0,0,1000,63000,-62000,-62000
057514,華新科元富99購03,0,0,0,0,0,0,0,0,0,-62000,0,0,0,38000,100000,-62000,-62000
055486,國巨元大98購06  ,0,0,0,0,0,0,0,0,0,-62000,0,0,0,325000,387000,-62000,-62000
059613,泰鼎永豐99購02  ,0,0,0,0,0,0,0,0,0,-62000,0,0,0,40000,102000,-62000,-62000
063000,緯穎國票9B購03  ,0,0,0,0,0,0,0,0,0,-62000,0,0,0,38000,100000,-62000,-62000
062190,瀚宇博元大9B購01,0,0,0,0,0,0,0,0,0,-62000,0,0,0,132000,194000,-62000,-62000
064490,金像電元大9C購02,0,0,0,0,0,0,0,0,0,-62000,0,0,0,0,62000,-62000,-62000
064890,聯電群益9C購02  ,0,0,0,0,0,0,0,0,0,-63000,0,0,0,76000,139000,-63000,-63000
00713,元大台灣高息低波,1000,1000,0,0,0,0,0,0,0,-63000,0,0,0,0,63000,-63000,-63000
061406,華通國票9A購06  ,0,0,0,0,0,0,0,0,0,-63000,0,0,0,0,63000,-63000,-63000
058015,旺宏凱基99購02  ,0,0,0,0,0,0,0,0,0,-63000,0,0,0,0,63000,-63000,-63000
057828,緯穎元大99購02  ,0,0,0,0,0,0,0,0,0,-63000,0,0,0,80000,143000,-63000,-63000
060607,玉晶光凱基9A購06,0,0,0,0,0,0,0,0,0,-63000,0,0,0,23000,86000,-63000,-63000
063418,京元電凱基9B購03,0,0,0,0,0,0,0,0,0,-63000,0,0,0,10000,73000,-63000,-63000
063509,超眾群益9B購03  ,0,0,0,0,0,0,0,0,0,-63000,0,0,0,0,63000,-63000,-63000
063463,瑞昱元大9B購05  ,0,0,0,0,0,0,0,0,0,-63000,0,0,0,20000,83000,-63000,-63000
062107,台光電國票9B購01,0,0,0,0,0,0,0,0,0,-63000,0,0,0,46000,109000,-63000,-63000
062556,瑞昱凱基9B購02  ,0,0,0,0,0,0,0,0,0,-63000,0,0,0,23000,86000,-63000,-63000
063139,聯發科統一9B購07,0,0,0,0,0,0,0,0,0,-63000,0,0,0,0,63000,-63000,-63000
063183,國巨凱基9B購12  ,0,0,0,0,0,0,0,0,0,-63000,0,0,0,5000,68000,-63000,-63000
063220,建準群益9B購01  ,0,0,0,0,0,0,0,0,0,-63000,0,0,0,17000,80000,-63000,-63000
063215,台表科國票9C購02,0,0,0,0,0,0,0,0,0,-63000,0,0,0,10000,73000,-63000,-63000
064639,聚陽凱基02購01  ,0,0,0,0,0,0,0,0,0,-64000,0,0,0,50000,114000,-64000,-64000
1316,上曜            ,72000,171000,-99000,0,0,0,0,0,0,35000,35000,0,35000,0,0,0,-64000
08225P,臺股指凱基9B售20,0,0,0,0,0,0,0,0,0,-64000,0,0,0,103000,167000,-64000,-64000
08207P,金像電群益9B售05,0,0,0,0,0,0,0,0,0,-64000,0,0,0,36000,100000,-64000,-64000
08019P,緯穎國票9B售02  ,0,0,0,0,0,0,0,0,0,-64000,0,0,0,15000,79000,-64000,-64000
00673R,元大S&P原油反1  ,0,0,0,0,0,0,0,0,0,-64000,0,0,0,134000,198000,-64000,-64000
052950,超眾國票98購01  ,0,0,0,0,0,0,0,0,0,-64000,0,0,0,0,64000,-64000,-64000
058197,國巨中信99購02  ,0,0,0,0,0,0,0,0,0,-64000,0,0,0,46000,110000,-64000,-64000
060211,智邦康和9A購01  ,0,0,0,0,0,0,0,0,0,-64000,0,0,0,0,64000,-64000,-64000
058603,台積電元大99購12,0,0,0,0,0,0,0,0,0,-64000,0,0,0,0,64000,-64000,-64000
061654,旺宏國票9A購02  ,0,0,0,0,0,0,0,0,0,-64000,0,0,0,0,64000,-64000,-64000
060511,群創元大9B購08  ,0,0,0,0,0,0,0,0,0,-64000,0,0,0,24000,88000,-64000,-64000
062166,致新國泰01購01  ,0,0,0,0,0,0,0,0,0,-64000,0,0,0,0,64000,-64000,-64000
063451,漢翔統一9C購01  ,0,0,0,0,0,0,0,0,0,-64000,0,0,0,100000,164000,-64000,-64000
063438,聚陽統一9C購01  ,0,0,0,0,0,0,0,0,0,-64000,0,0,0,10000,74000,-64000,-64000
063397,廣達群益9B購02  ,0,0,0,0,0,0,0,0,0,-64000,0,0,0,33000,97000,-64000,-64000
063341,燿華統一9C購01  ,0,0,0,0,0,0,0,0,0,-64000,0,0,0,200000,264000,-64000,-64000
063755,上銀統一9C購03  ,0,0,0,0,0,0,0,0,0,-64000,0,0,0,0,64000,-64000,-64000
063737,大立光元大9C購07,0,0,0,0,0,0,0,0,0,-64000,0,0,0,38000,102000,-64000,-64000
063917,南六凱基02購01  ,0,0,0,0,0,0,0,0,0,-64000,0,0,0,57000,121000,-64000,-64000
064353,力成元大9C購02  ,0,0,0,0,0,0,0,0,0,-64000,0,0,0,22000,86000,-64000,-64000
064236,奇力新統一01購04,0,0,0,0,0,0,0,0,0,-64000,0,0,0,0,64000,-64000,-64000
063934,寶成統一02購01  ,0,0,0,0,0,0,0,0,0,-64000,0,0,0,0,64000,-64000,-64000
08249P,聯發科群益9C售06,0,0,0,0,0,0,0,0,0,-65000,0,0,0,0,65000,-65000,-65000
2480,敦陽科          ,100000,131000,-31000,0,0,0,0,0,0,-34000,0,34000,-34000,0,0,0,-65000
065165,上銀元大9C購09  ,0,0,0,0,0,0,0,0,0,-65000,0,0,0,0,65000,-65000,-65000
065221,神隆永豐9C購01  ,0,0,0,0,0,0,0,0,0,-65000,0,0,0,7000,72000,-65000,-65000
07008P,台郡中信99售02  ,0,0,0,0,0,0,0,0,0,-65000,0,0,0,20000,85000,-65000,-65000
056219,T50反1日盛02購01,0,0,0,0,0,0,0,0,0,-65000,0,0,0,0,65000,-65000,-65000
056657,華邦電元大99購01,0,0,0,0,0,0,0,0,0,-65000,0,0,0,22000,87000,-65000,-65000
057385,光罩永豐99購01  ,0,0,0,0,0,0,0,0,0,-65000,0,0,0,0,65000,-65000,-65000
057376,新日興元大98購04,0,0,0,0,0,0,0,0,0,-65000,0,0,0,3000,68000,-65000,-65000
061610,力成統一9C購01  ,0,0,0,0,0,0,0,0,0,-65000,0,0,0,0,65000,-65000,-65000
059241,旺宏凱基99購07  ,0,0,0,0,0,0,0,0,0,-65000,0,0,0,7000,72000,-65000,-65000
059829,超眾凱基99購05  ,0,0,0,0,0,0,0,0,0,-65000,0,0,0,35000,100000,-65000,-65000
061035,亞光永豐9A購01  ,0,0,0,0,0,0,0,0,0,-65000,0,0,0,24000,89000,-65000,-65000
064367,貿聯統一01購02  ,0,0,0,0,0,0,0,0,0,-65000,0,0,0,81000,146000,-65000,-65000
064482,微星永豐9C購01  ,0,0,0,0,0,0,0,0,0,-65000,0,0,0,1000,66000,-65000,-65000
063683,大成鋼永豐9B購01,0,0,0,0,0,0,0,0,0,-65000,0,0,0,44000,109000,-65000,-65000
063428,矽創凱基9B購02  ,0,0,0,0,0,0,0,0,0,-65000,0,0,0,0,65000,-65000,-65000
063169,台汽電永豐9B購01,0,0,0,0,0,0,0,0,0,-65000,0,0,0,0,65000,-65000,-65000
063205,貿聯統一9C購01  ,0,0,0,0,0,0,0,0,0,-65000,0,0,0,67000,132000,-65000,-65000
062889,可成群益9C購01  ,0,0,0,0,0,0,0,0,0,-65000,0,0,0,0,65000,-65000,-65000
6235,華孚            ,14000,79000,-65000,0,0,0,0,0,0,0,0,0,0,0,0,0,-65000
06583P,可成凱基98售07  ,0,0,0,0,0,0,0,0,0,-66000,0,0,0,3000,69000,-66000,-66000
065038,上銀凱基9C購02  ,0,0,0,0,0,0,0,0,0,-66000,0,0,0,0,66000,-66000,-66000
064681,牧德兆豐01購01  ,0,0,0,0,0,0,0,0,0,-66000,0,0,0,10000,76000,-66000,-66000
2459,敦吉            ,1000,67000,-66000,0,0,0,0,0,0,0,0,0,0,0,0,0,-66000
08423P,台積電統一9C售13,0,0,0,0,0,0,0,0,0,-66000,0,0,0,23000,89000,-66000,-66000
057279,國揚元大98購01  ,0,0,0,0,0,0,0,0,0,-66000,0,0,0,0,66000,-66000,-66000
061808,聯發科統一01購02,0,0,0,0,0,0,0,0,0,-66000,0,0,0,147000,213000,-66000,-66000
062704,大毅元大9C購01  ,0,0,0,0,0,0,0,0,0,-66000,0,0,0,20000,86000,-66000,-66000
063146,南六統一9B購02  ,0,0,0,0,0,0,0,0,0,-66000,0,0,0,175000,241000,-66000,-66000
063087,南六凱基9C購02  ,0,0,0,0,0,0,0,0,0,-66000,0,0,0,34000,100000,-66000,-66000
064515,中橡群益9C購01  ,0,0,0,0,0,0,0,0,0,-66000,0,0,0,0,66000,-66000,-66000
063991,南六永豐9C購02  ,0,0,0,0,0,0,0,0,0,-66000,0,0,0,2000,68000,-66000,-66000
064019,上銀元大9C購05  ,0,0,0,0,0,0,0,0,0,-66000,0,0,0,0,66000,-66000,-66000
6531,愛普            ,1000,63000,-62000,0,0,0,0,0,0,-4000,0,4000,-4000,0,0,0,-66000
8070,長華*           ,6000,72000,-66000,0,0,0,0,0,0,0,0,0,0,0,0,0,-66000
08367P,臺股指凱基9C售11,0,0,0,0,0,0,0,0,0,-67000,0,0,0,240000,307000,-67000,-67000
2897,王道銀行        ,10000,77000,-67000,0,0,0,0,0,0,0,0,0,0,0,0,0,-67000
064656,聚陽元大9C購03  ,0,0,0,0,0,0,0,0,0,-67000,0,0,0,51000,118000,-67000,-67000
057501,超眾群益98購04  ,0,0,0,0,0,0,0,0,0,-67000,0,0,0,11000,78000,-67000,-67000
061059,世芯國票9B購01  ,0,0,0,0,0,0,0,0,0,-67000,0,0,0,3000,70000,-67000,-67000
059831,聯詠康和99購01  ,0,0,0,0,0,0,0,0,0,-67000,0,0,0,0,67000,-67000,-67000
059922,大立光元大99購25,0,0,0,0,0,0,0,0,0,-67000,0,0,0,42000,109000,-67000,-67000
057818,泰碩元大9A購01  ,0,0,0,0,0,0,0,0,0,-67000,0,0,0,4000,71000,-67000,-67000
064177,立積國泰01購01  ,0,0,0,0,0,0,0,0,0,-67000,0,0,0,152000,219000,-67000,-67000
062628,廣達國票9B購01  ,0,0,0,0,0,0,0,0,0,-67000,0,0,0,10000,77000,-67000,-67000
064665,南亞科元大9C購06,0,0,0,0,0,0,0,0,0,-68000,0,0,0,0,68000,-68000,-68000
065044,大立光凱基9C購06,0,0,0,0,0,0,0,0,0,-68000,0,0,0,0,68000,-68000,-68000
057055,立積元大99購01  ,0,0,0,0,0,0,0,0,0,-68000,0,0,0,104000,172000,-68000,-68000
056139,貿聯元大97購04  ,0,0,0,0,0,0,0,0,0,-68000,0,0,0,0,68000,-68000,-68000
057281,大立光元大98購16,0,0,0,0,0,0,0,0,0,-68000,0,0,0,0,68000,-68000,-68000
054229,超眾元富96購05  ,0,0,0,0,0,0,0,0,0,-68000,0,0,0,0,68000,-68000,-68000
00648R,元大S&P500反1   ,0,0,0,0,0,0,0,0,0,-68000,0,0,0,200000,268000,-68000,-68000
058406,聯茂元大99購06  ,0,0,0,0,0,0,0,0,0,-68000,0,0,0,0,68000,-68000,-68000
057972,群創富邦9C購01  ,0,0,0,0,0,0,0,0,0,-68000,0,0,0,10000,78000,-68000,-68000
060984,南亞科元大9A購07,0,0,0,0,0,0,0,0,0,-68000,0,0,0,0,68000,-68000,-68000
059202,禾聯碩永豐99購01,0,0,0,0,0,0,0,0,0,-68000,0,0,0,0,68000,-68000,-68000
060203,緯穎元富9A購01  ,0,0,0,0,0,0,0,0,0,-68000,0,0,0,37000,105000,-68000,-68000
060155,友訊永豐9A購01  ,0,0,0,0,0,0,0,0,0,-68000,0,0,0,42000,110000,-68000,-68000
060167,禾聯碩永豐9A購01,0,0,0,0,0,0,0,0,0,-68000,0,0,0,0,68000,-68000,-68000
060642,華擎永豐9A購02  ,0,0,0,0,0,0,0,0,0,-68000,0,0,0,0,68000,-68000,-68000
058986,華新科凱基9A購03,0,0,0,0,0,0,0,0,0,-68000,0,0,0,0,68000,-68000,-68000
058828,大毅永豐99購01  ,0,0,0,0,0,0,0,0,0,-68000,0,0,0,35000,103000,-68000,-68000
058748,景碩凱基9A購01  ,0,0,0,0,0,0,0,0,0,-68000,0,0,0,25000,93000,-68000,-68000
058969,亞德客永豐99購01,0,0,0,0,0,0,0,0,0,-68000,0,0,0,0,68000,-68000,-68000
061768,晶技元大9B購02  ,0,0,0,0,0,0,0,0,0,-68000,0,0,0,0,68000,-68000,-68000
061611,南六統一01購01  ,0,0,0,0,0,0,0,0,0,-68000,0,0,0,0,68000,-68000,-68000
061124,微星永豐9A購02  ,0,0,0,0,0,0,0,0,0,-68000,0,0,0,85000,153000,-68000,-68000
061277,智邦台新9A購01  ,0,0,0,0,0,0,0,0,0,-68000,0,0,0,2000,70000,-68000,-68000
062702,可成元大9C購01  ,0,0,0,0,0,0,0,0,0,-68000,0,0,0,0,68000,-68000,-68000
062875,瑞昱兆豐9C購01  ,0,0,0,0,0,0,0,0,0,-68000,0,0,0,13000,81000,-68000,-68000
062902,智邦元大9B購07  ,0,0,0,0,0,0,0,0,0,-68000,0,0,0,48000,116000,-68000,-68000
063137,瑞昱統一01購02  ,0,0,0,0,0,0,0,0,0,-68000,0,0,0,20000,88000,-68000,-68000
061873,友達元大9C購07  ,0,0,0,0,0,0,0,0,0,-68000,0,0,0,84000,152000,-68000,-68000
061985,富邦金元大9B購01,0,0,0,0,0,0,0,0,0,-68000,0,0,0,25000,93000,-68000,-68000
064264,智伸科永豐9C購01,0,0,0,0,0,0,0,0,0,-68000,0,0,0,0,68000,-68000,-68000
064272,鴻海元大9C購09  ,0,0,0,0,0,0,0,0,0,-68000,0,0,0,0,68000,-68000,-68000
063368,遠東新永豐9B購01,0,0,0,0,0,0,0,0,0,-68000,0,0,0,0,68000,-68000,-68000
063472,茂林元大9B購04  ,0,0,0,0,0,0,0,0,0,-68000,0,0,0,0,68000,-68000,-68000
2705,六福            ,7000,75084,-68084,0,0,0,0,0,0,0,0,0,0,0,0,0,-68084
08221P,台表科凱基9B售05,0,0,0,0,0,0,0,0,0,-69000,0,0,0,44000,113000,-69000,-69000
06851P,鈺齊元大98售01  ,0,0,0,0,0,0,0,0,0,-69000,0,0,0,78000,147000,-69000,-69000
056762,亞德客元大98購01,0,0,0,0,0,0,0,0,0,-69000,0,0,0,11000,80000,-69000,-69000
055923,矽力凱基98購01  ,0,0,0,0,0,0,0,0,0,-69000,0,0,0,69000,138000,-69000,-69000
061143,道瓊指中信9C購04,0,0,0,0,0,0,0,0,0,-69000,0,0,0,31000,100000,-69000,-69000
061546,大立光群益9A購05,0,0,0,0,0,0,0,0,0,-69000,0,0,0,0,69000,-69000,-69000
058521,日月光元大99購01,0,0,0,0,0,0,0,0,0,-69000,0,0,0,15000,84000,-69000,-69000
057785,智邦國票99購02  ,0,0,0,0,0,0,0,0,0,-69000,0,0,0,0,69000,-69000,-69000
057789,上銀統一9A購01  ,0,0,0,0,0,0,0,0,0,-69000,0,0,0,1000,70000,-69000,-69000
057856,聯鈞國票99購03  ,0,0,0,0,0,0,0,0,0,-69000,0,0,0,14000,83000,-69000,-69000
063863,儒鴻富邦02購01  ,0,0,0,0,0,0,0,0,0,-69000,0,0,0,65000,134000,-69000,-69000
063859,國巨國泰01購03  ,0,0,0,0,0,0,0,0,0,-69000,0,0,0,158000,227000,-69000,-69000
064095,鴻海群益01購02  ,0,0,0,0,0,0,0,0,0,-69000,0,0,0,0,69000,-69000,-69000
062663,聯發科群益9B購07,0,0,0,0,0,0,0,0,0,-69000,0,0,0,15000,84000,-69000,-69000
06696P,台灣50國票99售01,0,0,0,0,0,0,0,0,0,-70000,0,0,0,10000,80000,-70000,-70000
08514P,華新科凱基9C售05,0,0,0,0,0,0,0,0,0,-70000,0,0,0,1000,71000,-70000,-70000
056211,南港國票98購01  ,50000,0,50000,0,0,0,0,0,0,-120000,0,0,0,0,120000,-120000,-70000
056741,大立光凱基98購14,0,0,0,0,0,0,0,0,0,-70000,0,0,0,0,70000,-70000,-70000
056438,旺宏凱基98購05  ,0,0,0,0,0,0,0,0,0,-70000,0,0,0,0,70000,-70000,-70000
057420,美食凱基98購01  ,0,0,0,0,0,0,0,0,0,-70000,0,0,0,0,70000,-70000,-70000
057307,瀚宇博兆豐99購01,0,0,0,0,0,0,0,0,0,-70000,0,0,0,214000,284000,-70000,-70000
057330,台積電國票99購03,0,0,0,0,0,0,0,0,0,-70000,0,0,0,0,70000,-70000,-70000
03428B,臺股指凱基97熊18,0,0,0,0,0,0,0,0,0,-70000,0,0,0,0,70000,-70000,-70000
055215,智邦凱基98購02  ,0,0,0,0,0,0,0,0,0,-70000,0,0,0,18000,88000,-70000,-70000
048070,聯發科元富99購03,0,0,0,0,0,0,0,0,0,-70000,0,0,0,67000,137000,-70000,-70000
059297,大立光元富9C購01,0,0,0,0,0,0,0,0,0,-70000,0,0,0,39000,109000,-70000,-70000
058505,台積電元大99購08,0,0,0,0,0,0,0,0,0,-70000,0,0,0,0,70000,-70000,-70000
060638,玉晶光永豐9A購04,0,0,0,0,0,0,0,0,0,-70000,0,0,0,18000,88000,-70000,-70000
060709,緯穎富邦9B購01  ,0,1000,-1000,0,0,0,0,0,0,-69000,0,0,0,22000,91000,-69000,-70000
060755,鴻海元大9A購15  ,0,0,0,0,0,0,0,0,0,-70000,0,0,0,0,70000,-70000,-70000
059513,揚明光永豐99購01,0,0,0,0,0,0,0,0,0,-70000,0,0,0,0,70000,-70000,-70000
061514,泰碩永豐9A購02  ,0,0,0,0,0,0,0,0,0,-70000,0,0,0,0,70000,-70000,-70000
061350,牧德元大9B購03  ,0,0,0,0,0,0,0,0,0,-70000,0,0,0,0,70000,-70000,-70000
062662,友達群益9B購02  ,0,0,0,0,0,0,0,0,0,-70000,0,0,0,0,70000,-70000,-70000
062523,世紀鋼元大9C購03,0,0,0,0,0,0,0,0,0,-70000,0,0,0,0,70000,-70000,-70000
062502,旺宏群益9C購01  ,0,0,0,0,0,0,0,0,0,-70000,0,0,0,0,70000,-70000,-70000
064242,TPK統一02購01   ,0,0,0,0,0,0,0,0,0,-70000,0,0,0,0,70000,-70000,-70000
064286,TPK元大9C購02   ,0,0,0,0,0,0,0,0,0,-70000,0,0,0,52000,122000,-70000,-70000
063788,矽創統一02購01  ,0,0,0,0,0,0,0,0,0,-70000,0,0,0,3000,73000,-70000,-70000
08406P,緯穎元大9C售01  ,0,0,0,0,0,0,0,0,0,-71000,0,0,0,10000,81000,-71000,-71000
1503,士電            ,24000,63000,-39000,0,0,0,0,0,0,-32000,0,32000,-32000,0,0,0,-71000
064612,聯電元大01購01  ,0,0,0,0,0,0,0,0,0,-71000,0,0,0,2000,73000,-71000,-71000
059694,創意永豐99購03  ,0,0,0,0,0,0,0,0,0,-71000,0,0,0,10000,81000,-71000,-71000
058328,世紀鋼統一9B購01,0,0,0,0,0,0,0,0,0,-71000,0,0,0,18000,89000,-71000,-71000
060636,大毅永豐9A購02  ,0,0,0,0,0,0,0,0,0,-71000,0,0,0,0,71000,-71000,-71000
059293,宏達電元富9B購01,0,0,0,0,0,0,0,0,0,-71000,0,0,0,9000,80000,-71000,-71000
060288,群光元大9C購01  ,0,0,0,0,0,0,0,0,0,-71000,0,0,0,51000,122000,-71000,-71000
063722,遠東新元大9B購02,0,0,0,0,0,0,0,0,0,-71000,0,0,0,19000,90000,-71000,-71000
063449,全新統一9B購02  ,0,0,0,0,0,0,0,0,0,-71000,0,0,0,440000,511000,-71000,-71000
063447,聯發科統一9B購12,0,0,0,0,0,0,0,0,0,-71000,0,0,0,123000,194000,-71000,-71000
064397,旭富永豐9C購01  ,0,0,0,0,0,0,0,0,0,-71000,0,0,0,20000,91000,-71000,-71000
064013,創意國票01購01  ,0,0,0,0,0,0,0,0,0,-71000,0,0,0,0,71000,-71000,-71000
062379,致新元大9B購01  ,0,0,0,0,0,0,0,0,0,-71000,0,0,0,162000,233000,-71000,-71000
065264,亞光元大9C購02  ,0,0,0,0,0,0,0,0,0,-72000,0,0,0,39000,111000,-72000,-72000
056206,泰鼎永豐97購01  ,0,0,0,0,0,0,0,0,0,-72000,0,0,0,32000,104000,-72000,-72000
056002,嘉晶永豐97購01  ,0,0,0,0,0,0,0,0,0,-72000,0,0,0,20000,92000,-72000,-72000
056963,建準永豐98購01  ,0,0,0,0,0,0,0,0,0,-72000,0,0,0,21000,93000,-72000,-72000
054704,玉晶光第一97購01,0,0,0,0,0,0,0,0,0,-72000,0,0,0,8000,80000,-72000,-72000
060283,台肥元大9C購01  ,30000,0,30000,0,0,0,0,0,0,-102000,0,0,0,74000,176000,-102000,-72000
057794,T50反1兆豐99購02,0,0,0,0,0,0,0,0,0,-72000,0,0,0,0,72000,-72000,-72000
057833,聯發科元富02購06,0,0,0,0,0,0,0,0,0,-72000,0,0,0,0,72000,-72000,-72000
058072,大立光凱基98購20,0,0,0,0,0,0,0,0,0,-72000,0,0,0,5000,77000,-72000,-72000
058292,上銀凱基9A購01  ,0,0,0,0,0,0,0,0,0,-72000,0,0,0,21000,93000,-72000,-72000
058908,貿聯元大99購03  ,0,0,0,0,0,0,0,0,0,-72000,0,0,0,20000,92000,-72000,-72000
062504,旭富群益9B購02  ,0,0,0,0,0,0,0,0,0,-72000,0,0,0,56000,128000,-72000,-72000
064333,義隆元大9C購02  ,0,0,0,0,0,0,0,0,0,-72000,0,0,0,400000,472000,-72000,-72000
4942,嘉彰            ,3000,75000,-72000,0,0,0,0,0,0,0,0,0,0,0,0,0,-72000
064670,智伸科元大9C購01,0,0,0,0,0,0,0,0,0,-73000,0,0,0,0,73000,-73000,-73000
054935,華通元大98購03  ,0,0,0,0,0,0,0,0,0,-73000,0,0,0,18000,91000,-73000,-73000
056958,喬山永豐98購01  ,0,0,0,0,0,0,0,0,0,-73000,0,0,0,0,73000,-73000,-73000
059630,美律凱基99購07  ,0,0,0,0,0,0,0,0,0,-73000,0,0,0,10000,83000,-73000,-73000
058485,智邦國票9A購01  ,0,0,0,0,0,0,0,0,0,-73000,0,0,0,6000,79000,-73000,-73000
058642,旺宏麥證9A購01  ,0,0,0,10000,83000,-73000,0,0,0,-73000,0,0,0,10000,83000,-73000,-73000
063462,金像電元大9C購01,0,0,0,0,0,0,0,0,0,-73000,0,0,0,0,73000,-73000,-73000
063599,智邦凱基9B購04  ,0,0,0,0,0,0,0,0,0,-73000,0,0,0,0,73000,-73000,-73000
063740,矽格元大9B購03  ,0,0,0,0,0,0,0,0,0,-73000,0,0,0,20000,93000,-73000,-73000
063262,南六富邦9C購01  ,0,0,0,0,0,0,0,0,0,-73000,0,0,0,39000,112000,-73000,-73000
063046,聯發科兆豐9C購01,0,0,0,0,0,0,0,0,0,-73000,0,0,0,16000,89000,-73000,-73000
056519,創意國票99購01  ,0,0,0,0,0,0,0,0,0,-74000,0,0,0,0,74000,-74000,-74000
054851,樺漢兆豐97購01  ,0,0,0,0,0,0,0,0,0,-74000,0,0,0,20000,94000,-74000,-74000
053654,聯發科凱基98購01,0,0,0,0,0,0,0,0,0,-74000,0,0,0,10000,84000,-74000,-74000
03875P,滬深2X國票05售01,0,0,0,0,0,0,0,0,0,-74000,0,0,0,30000,104000,-74000,-74000
058079,鴻海群益98購08  ,0,0,0,0,0,0,0,0,0,-74000,0,0,0,6000,80000,-74000,-74000
058841,深中小群益01購01,0,0,0,0,0,0,0,0,0,-74000,0,0,0,300000,374000,-74000,-74000
061541,旺宏群益9A購03  ,0,0,0,0,0,0,0,0,0,-74000,0,0,0,0,74000,-74000,-74000
061752,瑞昱台新9B購01  ,0,0,0,0,0,0,0,0,0,-74000,0,0,0,88000,162000,-74000,-74000
063126,TPK元大9B購01   ,0,0,0,0,0,0,0,0,0,-74000,0,0,0,46000,120000,-74000,-74000
062368,聯詠元大9B購01  ,0,0,0,0,0,0,0,0,0,-74000,0,0,0,58000,132000,-74000,-74000
065222,玉晶光永豐9C購07,0,0,0,0,0,0,0,0,0,-75000,0,0,0,12000,87000,-75000,-75000
06622P,牧德元大98售01  ,0,0,0,0,0,0,0,0,0,-75000,0,0,0,25000,100000,-75000,-75000
07101P,台郡元大99售06  ,0,0,0,0,0,0,0,0,0,-75000,0,0,0,0,75000,-75000,-75000
1464,得力            ,0,80000,-80000,0,0,0,0,0,0,5000,0,0,0,6000,1000,5000,-75000
056961,凱美永豐98購01  ,0,0,0,0,0,0,0,0,0,-75000,0,0,0,0,75000,-75000,-75000
057469,康友永豐98購02  ,0,0,0,0,0,0,0,0,0,-75000,0,0,0,0,75000,-75000,-75000
058160,奇鋐元富99購01  ,0,0,0,0,0,0,0,0,0,-75000,0,0,0,81000,156000,-75000,-75000
061543,南亞科群益9A購01,0,0,0,0,0,0,0,0,0,-75000,0,0,0,0,75000,-75000,-75000
058761,欣興群益99購02  ,0,0,0,0,0,0,0,0,0,-75000,0,0,0,0,75000,-75000,-75000
060300,佐登國泰9B購01  ,0,0,0,0,0,0,0,0,0,-75000,0,0,0,25000,100000,-75000,-75000
059298,大立光元富9C購02,0,0,0,0,0,0,0,0,0,-75000,0,0,0,68000,143000,-75000,-75000
06082P,華通統一98售01  ,0,0,0,0,0,0,0,0,0,-75000,0,0,0,51000,126000,-75000,-75000
062385,玉晶光國泰01購01,0,0,0,0,0,0,0,0,0,-75000,0,0,0,145000,220000,-75000,-75000
062607,美食凱基9B購01  ,0,0,0,0,0,0,0,0,0,-75000,0,0,0,0,75000,-75000,-75000
064364,高鐵統一9C購02  ,0,0,0,0,0,0,0,0,0,-75000,0,0,0,0,75000,-75000,-75000
063948,高鐵元大9C購01  ,0,0,0,0,0,0,0,0,0,-75000,0,0,0,0,75000,-75000,-75000
07767P,華新科群益9A售07,0,0,0,0,0,0,0,0,0,-76000,0,0,0,0,76000,-76000,-76000
06914P,南茂元大98售03  ,0,0,0,0,0,0,0,0,0,-76000,0,0,0,24000,100000,-76000,-76000
064935,寶成統一02購02  ,0,0,0,0,0,0,0,0,0,-76000,0,0,0,0,76000,-76000,-76000
064837,TPK統一9C購02   ,0,0,0,0,0,0,0,0,0,-76000,0,0,0,87000,163000,-76000,-76000
055689,台郡凱基99購01  ,0,0,0,0,0,0,0,0,0,-76000,0,0,0,92000,168000,-76000,-76000
054468,台郡凱基98購01  ,0,0,0,0,0,0,0,0,0,-76000,0,0,0,198000,274000,-76000,-76000
060942,智邦國票9A購02  ,0,0,0,0,0,0,0,0,0,-76000,0,0,0,10000,86000,-76000,-76000
057745,泰鼎永豐99購01  ,0,0,0,0,0,0,0,0,0,-76000,0,0,0,165000,241000,-76000,-76000
058391,T50反1元大99購02,0,0,0,0,0,0,0,0,0,-76000,0,0,0,0,76000,-76000,-76000
061066,嘉晶凱基9B購01  ,0,0,0,0,0,0,0,0,0,-76000,0,0,0,137000,213000,-76000,-76000
061413,台勝科群益9A購01,0,0,0,0,0,0,0,0,0,-76000,0,0,0,140000,216000,-76000,-76000
063698,上銀群益9B購05  ,0,0,0,0,0,0,0,0,0,-76000,0,0,0,85000,161000,-76000,-76000
063218,台塑群益9B購01  ,0,0,0,0,0,0,0,0,0,-76000,0,0,0,62000,138000,-76000,-76000
063213,智伸科國票9C購01,0,0,0,0,0,0,0,0,0,-76000,0,0,0,4000,80000,-76000,-76000
061869,智邦元大9B購01  ,0,0,0,0,0,0,0,0,0,-76000,0,0,0,72000,148000,-76000,-76000
062180,瑞昱元大9B購03  ,0,0,0,0,0,0,0,0,0,-76000,0,0,0,36000,112000,-76000,-76000
064616,智邦元大9C購04  ,0,0,0,0,0,0,0,0,0,-77000,0,0,0,127000,204000,-77000,-77000
065060,上銀群益9C購02  ,0,0,0,0,0,0,0,0,0,-77000,0,0,0,0,77000,-77000,-77000
07647P,健策國票9A售04  ,0,0,0,0,0,0,0,0,0,-77000,0,0,0,95000,172000,-77000,-77000
07535P,上銀元富9A售03  ,0,0,0,0,0,0,0,0,0,-77000,0,0,0,23000,100000,-77000,-77000
08160P,茂林元富9B售03  ,0,0,0,0,0,0,0,0,0,-77000,0,0,0,17000,94000,-77000,-77000
08263P,台表科元大9C售06,0,0,0,0,0,0,0,0,0,-77000,0,0,0,130000,207000,-77000,-77000
1451,年興            ,220000,297000,-77000,0,0,0,0,0,0,0,0,0,0,0,0,0,-77000
056581,超眾元大99購01  ,0,0,0,0,0,0,0,0,0,-77000,0,0,0,47000,124000,-77000,-77000
056986,超眾群益98購03  ,0,0,0,0,0,0,0,0,0,-77000,0,0,0,5000,82000,-77000,-77000
057023,美律凱基99購02  ,0,0,0,0,0,0,0,0,0,-77000,0,0,0,0,77000,-77000,-77000
056321,創意群益98購02  ,0,0,0,0,0,0,0,0,0,-77000,0,0,0,98000,175000,-77000,-77000
061155,華新科群益9A購06,0,0,0,0,0,0,0,0,0,-77000,0,0,0,21000,98000,-77000,-77000
062040,玉晶光凱基01購01,0,0,0,0,0,0,0,0,0,-77000,0,0,0,39000,116000,-77000,-77000
064200,華通兆豐01購01  ,0,0,0,0,0,0,0,0,0,-77000,0,0,0,223000,300000,-77000,-77000
1532,勤美            ,332000,409112,-77112,0,0,0,0,0,0,0,0,0,0,0,0,0,-77112
1340,勝悅-KY         ,30000,108000,-78000,0,0,0,0,0,0,0,0,0,0,0,0,0,-78000
08349P,南六元大9C售03  ,0,0,0,0,0,0,0,0,0,-78000,0,0,0,228000,306000,-78000,-78000
08425P,世紀鋼元富9C售03,0,0,0,0,0,0,0,0,0,-78000,0,0,0,9000,87000,-78000,-78000
08202P,台表科國泰01售04,0,0,0,0,0,0,0,0,0,-78000,0,0,0,0,78000,-78000,-78000
07867P,晶技元大9B售01  ,0,0,0,0,0,0,0,0,0,-78000,0,0,0,34000,112000,-78000,-78000
06658P,台灣50富邦9C售01,0,0,0,0,0,0,0,0,0,-78000,0,0,0,0,78000,-78000,-78000
064578,TPK國泰02購01   ,0,0,0,0,0,0,0,0,0,-78000,0,0,0,92000,170000,-78000,-78000
060104,新日興元大99購03,0,0,0,0,0,0,0,0,0,-78000,0,0,0,4000,82000,-78000,-78000
057454,上銀國泰99購02  ,0,0,0,0,0,0,0,0,0,-78000,0,0,0,0,78000,-78000,-78000
055631,創意永豐98購01  ,0,0,0,0,0,0,0,0,0,-78000,0,0,0,0,78000,-78000,-78000
061698,智邦國票9A購04  ,0,0,0,0,0,0,0,0,0,-78000,0,0,0,0,78000,-78000,-78000
058797,大毅元大99購03  ,0,0,0,0,0,0,0,0,0,-78000,0,0,0,0,78000,-78000,-78000
058457,創意永豐99購01  ,0,0,0,0,0,0,0,0,0,-78000,0,0,0,13000,91000,-78000,-78000
059935,國巨永豐99購07  ,0,0,0,0,0,0,0,0,0,-78000,0,0,0,11000,89000,-78000,-78000
060577,玉晶光中信9A購02,0,0,0,0,0,0,0,0,0,-78000,0,0,0,17000,95000,-78000,-78000
064048,大立光統一9C購07,0,0,0,0,0,0,0,0,0,-78000,0,0,0,10000,88000,-78000,-78000
063507,奇鋐群益9B購02  ,0,0,0,0,0,0,0,0,0,-78000,0,0,0,43000,121000,-78000,-78000
063232,裕隆元大9B購01  ,0,0,0,0,0,0,0,0,0,-78000,0,0,0,0,78000,-78000,-78000
065047,群創凱基9C購01  ,0,0,0,0,0,0,0,0,0,-79000,0,0,0,0,79000,-79000,-79000
058213,欣興群益99購01  ,0,0,0,0,0,0,0,0,0,-79000,0,0,0,118000,197000,-79000,-79000
055917,禾伸堂凱基98購02,0,0,0,0,0,0,0,0,0,-79000,0,0,0,3000,82000,-79000,-79000
056347,GIS凱基9A購01   ,0,0,0,0,0,0,0,0,0,-79000,0,0,0,6000,85000,-79000,-79000
058838,國巨中信99購03  ,0,0,0,0,0,0,0,0,0,-79000,0,0,0,305000,384000,-79000,-79000
061771,玉晶光元大9C購04,0,0,0,0,0,0,0,0,0,-79000,0,0,0,29000,108000,-79000,-79000
063064,台表科元富9B購01,0,0,0,0,0,0,0,0,0,-79000,0,0,0,419000,498000,-79000,-79000
062527,美律統一01購01  ,0,0,0,0,0,0,0,0,0,-79000,0,0,0,0,79000,-79000,-79000
063549,國巨國票9C購05  ,0,0,0,0,0,0,0,0,0,-79000,0,0,0,1037000,1116000,-79000,-79000
063640,貿聯元大9B購03  ,0,0,0,0,0,0,0,0,0,-79000,0,0,0,21000,100000,-79000,-79000
06465P,國巨統一98售04  ,0,0,0,0,0,0,0,0,0,-80000,0,0,0,25000,105000,-80000,-80000
064755,南亞科凱基01購02,0,0,0,0,0,0,0,0,0,-80000,0,0,0,0,80000,-80000,-80000
06617P,智邦元大98售03  ,0,0,0,0,0,0,0,0,0,-80000,0,0,0,120000,200000,-80000,-80000
06934P,聯鈞元大98售03  ,0,0,0,0,0,0,0,0,0,-80000,0,0,0,0,80000,-80000,-80000
07583P,台積電富邦9B售05,0,0,0,0,0,0,0,0,0,-80000,0,0,0,0,80000,-80000,-80000
07205P,鴻海凱基99售11  ,0,0,0,0,0,0,0,0,0,-80000,0,0,0,0,80000,-80000,-80000
08134P,臺股指元大9B售40,0,0,0,0,0,0,0,0,0,-80000,0,0,0,30000,110000,-80000,-80000
1708,東鹼            ,23000,98000,-75000,0,0,0,0,0,0,-5000,0,5000,-5000,0,0,0,-80000
056103,聯發科永豐97購03,0,0,0,0,0,0,0,0,0,-80000,0,0,0,0,80000,-80000,-80000
056614,智邦永豐98購01  ,0,0,0,0,0,0,0,0,0,-80000,0,0,0,1000,81000,-80000,-80000
055541,聚陽凱基98購01  ,0,0,0,0,0,0,0,0,0,-80000,0,0,0,20000,100000,-80000,-80000
056483,TPK元大98購01   ,0,0,0,0,0,0,0,0,0,-80000,0,0,0,171000,251000,-80000,-80000
060835,亞德客國票9A購01,0,0,0,0,0,0,0,0,0,-80000,0,0,0,1000,81000,-80000,-80000
058398,中環元大99購02  ,0,0,0,0,0,0,0,0,0,-80000,0,0,0,0,80000,-80000,-80000
057999,智邦亞東99購02  ,0,0,0,0,0,0,0,0,0,-80000,0,0,0,0,80000,-80000,-80000
063699,國巨群益9B購07  ,0,0,0,0,0,0,0,0,0,-80000,0,0,0,0,80000,-80000,-80000
064376,美律元富9C購01  ,0,0,0,0,0,0,0,0,0,-80000,0,0,0,95000,175000,-80000,-80000
064493,南亞科元大9C購01,0,0,0,0,0,0,0,0,0,-80000,0,0,0,0,80000,-80000,-80000
062564,矽創凱基9B購01  ,0,0,0,0,0,0,0,0,0,-80000,0,0,0,20000,100000,-80000,-80000
062075,智邦元大9B購03  ,0,0,0,0,0,0,0,0,0,-80000,0,0,0,61000,141000,-80000,-80000
063088,緯穎凱基9B購04  ,0,0,0,0,0,0,0,0,0,-80000,0,0,0,108000,188000,-80000,-80000
062951,鴻海永豐9B購02  ,0,0,0,0,0,0,0,0,0,-80000,0,0,0,0,80000,-80000,-80000
062635,創意國票9B購01  ,0,0,0,0,0,0,0,0,0,-80000,0,0,0,10000,90000,-80000,-80000
062742,技嘉國泰01購01  ,0,0,0,0,0,0,0,0,0,-80000,0,0,0,25000,105000,-80000,-80000
08108P,聯發科元富9B售03,0,0,0,0,0,0,0,0,0,-81000,0,0,0,23000,104000,-81000,-81000
08231P,上銀元富9B售10  ,0,0,0,0,0,0,0,0,0,-81000,0,0,0,79000,160000,-81000,-81000
056521,群創日盛98購01  ,0,0,0,0,0,0,0,0,0,-81000,0,0,0,16000,97000,-81000,-81000
056786,亞光群益98購03  ,0,0,0,0,0,0,0,0,0,-81000,0,0,0,0,81000,-81000,-81000
060226,道瓊反元大9A購01,0,0,0,0,0,0,0,0,0,-81000,0,0,0,0,81000,-81000,-81000
058625,旺宏國票9A購01  ,0,0,0,0,0,0,0,0,0,-81000,0,0,0,0,81000,-81000,-81000
060172,智原台新9A購01  ,0,0,0,0,0,0,0,0,0,-81000,0,0,0,0,81000,-81000,-81000
058750,緯穎凱基9A購03  ,0,0,0,0,0,0,0,0,0,-81000,0,0,0,1000,82000,-81000,-81000
062362,致茂元大9B購01  ,0,0,0,0,0,0,0,0,0,-81000,0,0,0,130000,211000,-81000,-81000
063465,友達元大9C購10  ,0,0,0,0,0,0,0,0,0,-81000,0,0,0,117000,198000,-81000,-81000
4943,康控-KY         ,220000,197000,23000,0,0,0,0,0,0,-104000,0,0,0,19000,123000,-104000,-81000
06801P,技嘉群益99售02  ,0,0,0,0,0,0,0,0,0,-82000,0,0,0,32000,114000,-82000,-82000
06763P,技嘉元大98售05  ,0,0,0,0,0,0,0,0,0,-82000,0,0,0,42000,124000,-82000,-82000
056511,超眾永豐98購01  ,0,0,0,0,0,0,0,0,0,-82000,0,0,0,0,82000,-82000,-82000
058941,華新科中信99購03,0,0,0,0,0,0,0,0,0,-82000,0,0,0,3000,85000,-82000,-82000
061065,神基凱基9A購01  ,0,0,0,0,0,0,0,0,0,-82000,0,0,0,0,82000,-82000,-82000
061070,超眾凱基9C購01  ,0,0,0,0,0,0,0,0,0,-82000,0,0,0,6000,88000,-82000,-82000
061528,超眾凱基9A購04  ,0,0,0,0,0,0,0,0,0,-82000,0,0,0,0,82000,-82000,-82000
061152,微星群益9A購01  ,0,0,0,0,0,0,0,0,0,-82000,0,0,0,9000,91000,-82000,-82000
058337,日月光元富99購01,0,0,0,0,0,0,0,0,0,-82000,0,0,0,0,82000,-82000,-82000
058049,帆宣元大98購01  ,0,0,0,0,0,0,0,0,0,-82000,0,0,0,0,82000,-82000,-82000
062938,聯發科凱基9B購10,0,0,0,0,0,0,0,0,0,-82000,0,0,0,31000,113000,-82000,-82000
2395,研華            ,1094704,1181478,-86774,0,0,0,4000,1000,3000,1000,1000,0,1000,0,0,0,-82774
1526,日馳            ,99000,182000,-83000,0,0,0,0,0,0,0,0,0,0,0,0,0,-83000
057112,立積群益99購01  ,0,0,0,0,0,0,0,0,0,-83000,0,0,0,7000,90000,-83000,-83000
056410,康控國票99購01  ,0,0,0,0,0,0,0,0,0,-83000,0,0,0,122000,205000,-83000,-83000
060654,大毅群益9B購01  ,0,0,0,0,0,0,0,0,0,-83000,0,0,0,54000,137000,-83000,-83000
058323,泰鼎永豐9A購01  ,0,0,0,0,0,0,0,0,0,-83000,0,0,0,214000,297000,-83000,-83000
062351,瑞祺群益9C購01  ,0,0,0,0,0,0,0,0,0,-83000,0,0,0,292000,375000,-83000,-83000
062018,台勝科永豐9B購01,0,0,0,0,0,0,0,0,0,-83000,0,0,0,0,83000,-83000,-83000
061978,旺宏元大9C購01  ,0,0,0,0,0,0,0,0,0,-83000,0,0,0,10000,93000,-83000,-83000
061922,瑞昱凱基9B購01  ,0,0,0,0,0,0,0,0,0,-83000,0,0,0,13000,96000,-83000,-83000
08538P,聯發科國票01售01,0,0,0,0,0,0,0,0,0,-84000,0,0,0,0,84000,-84000,-84000
07842P,力成元大9A售01  ,0,0,0,0,0,0,0,0,0,-84000,0,0,0,16000,100000,-84000,-84000
06461P,玉晶光國泰9A售01,0,0,0,0,0,0,0,0,0,-84000,0,0,0,21000,105000,-84000,-84000
03657C,T50反1元大99牛01,0,0,0,0,0,0,0,0,0,-84000,0,0,0,30000,114000,-84000,-84000
055775,友達凱基9A購01  ,0,0,0,0,0,0,0,0,0,-84000,0,0,0,0,84000,-84000,-84000
061005,可成兆豐9A購01  ,0,0,0,0,0,0,0,0,0,-84000,0,0,0,16000,100000,-84000,-84000
061558,旺宏國票9B購02  ,0,0,0,0,0,0,0,0,0,-84000,0,0,0,0,84000,-84000,-84000
062459,聯詠群益9B購01  ,0,0,0,0,0,0,0,0,0,-84000,0,0,0,121000,205000,-84000,-84000
062450,臻鼎元大9B購02  ,0,0,0,0,0,0,0,0,0,-84000,0,0,0,32000,116000,-84000,-84000
063847,聯發科元大9C購03,0,0,0,0,0,0,0,0,0,-84000,0,0,0,55000,139000,-84000,-84000
064241,貿聯統一02購02  ,0,0,0,0,0,0,0,0,0,-84000,0,0,0,80000,164000,-84000,-84000
064107,友達兆豐01購01  ,0,0,0,0,0,0,0,0,0,-84000,0,0,0,0,84000,-84000,-84000
064699,臻鼎群益9C購01  ,0,0,0,0,0,0,0,0,0,-85000,0,0,0,165000,250000,-85000,-85000
064877,可成兆豐9C購02  ,0,0,0,0,0,0,0,0,0,-85000,0,0,0,15000,100000,-85000,-85000
065193,和大元富03購02  ,0,0,0,0,0,0,0,0,0,-85000,0,0,0,0,85000,-85000,-85000
065194,和大元富9C購01  ,0,0,0,0,0,0,0,0,0,-85000,0,0,0,0,85000,-85000,-85000
08147P,聯發科群益9B售10,0,0,0,0,0,0,0,0,0,-85000,0,0,0,87000,172000,-85000,-85000
2417,圓剛            ,1000,136000,-135000,0,0,0,0,0,0,50000,50000,0,50000,0,0,0,-85000
3003,健和興          ,35000,115000,-80000,0,0,0,0,0,0,-5000,0,0,0,0,5000,-5000,-85000
057526,智邦元大98購10  ,0,0,0,0,0,0,0,0,0,-85000,0,0,0,36000,121000,-85000,-85000
055232,泰碩國票98購01  ,0,0,0,0,0,0,0,0,0,-85000,0,0,0,0,85000,-85000,-85000
053449,超眾凱基98購01  ,0,0,0,0,0,0,0,0,0,-85000,0,0,0,134000,219000,-85000,-85000
054799,超眾群益98購01  ,0,0,0,0,0,0,0,0,0,-85000,0,0,0,0,85000,-85000,-85000
061485,鴻海兆豐9A購01  ,0,0,0,0,0,0,0,0,0,-85000,0,0,0,0,85000,-85000,-85000
061466,創意群益9A購01  ,0,0,0,0,0,0,0,0,0,-85000,0,0,0,98000,183000,-85000,-85000
058596,旺宏台新99購01  ,0,0,0,0,0,0,0,0,0,-85000,0,0,0,30000,115000,-85000,-85000
059507,鴻海永豐99購03  ,0,0,0,0,0,0,0,0,0,-85000,0,0,0,0,85000,-85000,-85000
061031,神隆永豐9A購02  ,0,0,0,0,0,0,0,0,0,-85000,0,0,0,212000,297000,-85000,-85000
060913,宏達電元大9A購03,0,0,0,0,0,0,0,0,0,-85000,0,0,0,129000,214000,-85000,-85000
059855,緯穎永豐99購04  ,0,0,0,0,0,0,0,0,0,-85000,0,0,0,10000,95000,-85000,-85000
058129,國巨元大99購10  ,0,0,0,0,0,0,0,0,0,-85000,0,0,0,31000,116000,-85000,-85000
057776,京元電群益98購02,0,0,0,0,0,0,0,0,0,-85000,0,0,0,101000,186000,-85000,-85000
058655,鴻海中信03購02  ,0,0,0,0,0,0,0,0,0,-85000,0,0,0,0,85000,-85000,-85000
063372,漢翔永豐9B購01  ,0,0,0,0,0,0,0,0,0,-85000,0,0,0,0,85000,-85000,-85000
063324,道瓊反國票9B購03,0,0,0,0,0,0,0,0,0,-85000,0,0,0,5000,90000,-85000,-85000
061871,瑞昱元大9B購01  ,0,0,0,0,0,0,0,0,0,-85000,0,0,0,6000,91000,-85000,-85000
061969,大立光統一01購02,0,0,0,0,0,0,0,0,0,-85000,0,0,0,0,85000,-85000,-85000
062879,美食兆豐9B購01  ,0,0,0,0,0,0,0,0,0,-85000,0,0,0,0,85000,-85000,-85000
5258,虹堡            ,56000,136000,-80000,0,0,0,0,0,0,-5000,0,5000,-5000,0,0,0,-85000
058124,玉晶光國票9A購01,0,0,0,0,0,0,0,0,0,-86000,0,0,0,11000,97000,-86000,-86000
060899,超眾凱基9A購01  ,0,0,0,0,0,0,0,0,0,-86000,0,0,0,0,86000,-86000,-86000
058899,旺宏元大99購10  ,0,0,0,0,0,0,0,0,0,-86000,0,0,0,0,86000,-86000,-86000
06342P,世芯統一98售01  ,0,0,0,0,0,0,0,0,0,-86000,0,0,0,0,86000,-86000,-86000
08244P,同欣電凱基9C售03,0,0,0,0,0,0,0,0,0,-87000,0,0,0,33000,120000,-87000,-87000
08375P,聯電元富9C售02  ,0,0,0,0,0,0,0,0,0,-87000,0,0,0,25000,112000,-87000,-87000
054974,台表科元大98購02,0,0,0,0,0,0,0,0,0,-87000,0,0,0,18000,105000,-87000,-87000
055060,聯陽永豐97購01  ,0,0,0,0,0,0,0,0,0,-87000,0,0,0,13000,100000,-87000,-87000
059680,台積電國泰9A購03,0,0,0,0,0,0,0,0,0,-87000,0,0,0,0,87000,-87000,-87000
064252,嘉澤元富9C購01  ,0,0,0,0,0,0,0,0,0,-87000,0,0,0,380000,467000,-87000,-87000
064422,聯發科兆豐01購02,0,0,0,0,0,0,0,0,0,-87000,0,0,0,33000,120000,-87000,-87000
9944,新麗            ,100000,187000,-87000,0,0,0,0,0,0,0,0,0,0,0,0,0,-87000
6196,帆宣            ,247000,347240,-100240,0,0,0,0,0,0,13000,5000,0,5000,8000,0,8000,-87240
064842,南六統一9C購04  ,0,0,0,0,0,0,0,0,0,-88000,0,0,0,83000,171000,-88000,-88000
064810,嘉晶元大01購01  ,0,0,0,0,0,0,0,0,0,-88000,0,0,0,176000,264000,-88000,-88000
064574,達方群益01購01  ,0,0,0,0,0,0,0,0,0,-88000,0,0,0,26000,114000,-88000,-88000
07502P,美食元大9A售01  ,0,0,0,0,0,0,0,0,0,-88000,0,0,0,28000,116000,-88000,-88000
056163,嘉聯益凱基98購03,0,0,0,0,0,0,0,0,0,-88000,0,0,0,0,88000,-88000,-88000
057538,緯穎元大98購07  ,0,0,0,0,0,0,0,0,0,-88000,0,0,0,11000,99000,-88000,-88000
056622,高鐵永豐98購01  ,0,0,0,0,0,0,0,0,0,-88000,0,0,0,2000,90000,-88000,-88000
055108,智邦凱基98購01  ,0,0,0,0,0,0,0,0,0,-88000,0,0,0,4000,92000,-88000,-88000
053593,晶技元大98購01  ,0,0,0,0,0,0,0,0,0,-88000,0,0,0,111000,199000,-88000,-88000
057286,群創元大9B購05  ,0,0,0,0,0,0,0,0,0,-88000,0,0,0,22000,110000,-88000,-88000
060413,東元永豐9A購01  ,0,0,0,0,0,0,0,0,0,-88000,0,0,0,0,88000,-88000,-88000
061462,國巨群益9A購11  ,0,0,0,0,0,0,0,0,0,-88000,0,0,0,11000,99000,-88000,-88000
058118,瑞昱群益99購01  ,0,0,0,0,0,0,0,0,0,-88000,0,0,0,0,88000,-88000,-88000
063973,緯穎國票9C購01  ,0,0,0,0,0,0,0,0,0,-88000,0,0,0,120000,208000,-88000,-88000
063868,嘉晶永豐9C購01  ,0,0,0,0,0,0,0,0,0,-88000,0,0,0,62000,150000,-88000,-88000
063662,上銀統一01購03  ,0,0,0,0,0,0,0,0,0,-88000,0,0,0,0,88000,-88000,-88000
063231,台泥元大9B購01  ,0,0,0,0,0,0,0,0,0,-88000,0,0,0,54000,142000,-88000,-88000
6525,捷敏-KY         ,29000,17000,12000,0,0,0,0,100000,-100000,0,0,0,0,0,0,0,-88000
8016,矽創            ,2188000,2297000,-109000,0,0,0,18000,0,18000,3000,10000,0,10000,0,7000,-7000,-88000
064950,美律凱基02購01  ,0,0,0,0,0,0,0,0,0,-89000,0,0,0,19000,108000,-89000,-89000
064891,台達電群益9C購01,0,0,0,0,0,0,0,0,0,-89000,0,0,0,20000,109000,-89000,-89000
08127P,聯發科元大9B售21,0,2000,-2000,0,0,0,0,0,0,-87000,0,0,0,29000,116000,-87000,-89000
2484,希華            ,31000,120000,-89000,0,0,0,0,0,0,0,0,0,0,0,0,0,-89000
056880,緯穎國票98購02  ,0,0,0,0,0,0,0,0,0,-89000,0,0,0,85000,174000,-89000,-89000
060911,大毅元大9A購01  ,0,0,0,0,0,0,0,0,0,-89000,0,0,0,3000,92000,-89000,-89000
059992,S&P正2元富9B購04,0,0,0,0,0,0,0,0,0,-89000,0,0,0,312000,401000,-89000,-89000
061132,志超永豐9A購01  ,0,0,0,0,0,0,0,0,0,-89000,0,0,0,5000,94000,-89000,-89000
057619,玉晶光凱基98購02,0,0,0,0,0,0,0,0,0,-89000,0,0,0,137000,226000,-89000,-89000
062033,瀚宇博群益9B購01,0,0,0,0,0,0,0,0,0,-89000,0,0,0,40000,129000,-89000,-89000
07794P,智邦國票9A售03  ,0,0,0,0,0,0,0,0,0,-90000,0,0,0,10000,100000,-90000,-90000
065029,微星兆豐9C購01  ,0,0,0,0,0,0,0,0,0,-90000,0,0,0,0,90000,-90000,-90000
06487P,聯發科統一99售02,0,0,0,0,0,0,0,0,0,-90000,0,0,0,0,90000,-90000,-90000
07189P,聯發科富邦9B售03,0,0,0,0,0,0,0,0,0,-90000,0,0,0,100000,190000,-90000,-90000
06750P,聯發科元富02售03,0,0,0,0,0,0,0,0,0,-90000,0,0,0,10000,100000,-90000,-90000
06582P,可成凱基98售06  ,0,0,0,0,0,0,0,0,0,-90000,0,0,0,0,90000,-90000,-90000
056473,奇力新元大99購02,0,0,0,0,0,0,0,0,0,-90000,0,0,0,0,90000,-90000,-90000
056309,合勤控元大97購01,0,0,0,0,0,0,0,0,0,-90000,0,0,0,71000,161000,-90000,-90000
055972,GIS元大97購04   ,0,0,0,0,0,0,0,0,0,-90000,0,0,0,12000,102000,-90000,-90000
052838,新唐國泰98購01  ,0,0,0,0,0,0,0,0,0,-90000,0,0,0,0,90000,-90000,-90000
059355,國巨富邦9B購03  ,0,0,0,0,0,0,0,0,0,-90000,0,0,0,10000,100000,-90000,-90000
061702,奇鋐國票9A購02  ,0,0,0,0,0,0,0,0,0,-90000,0,0,0,9000,99000,-90000,-90000
060855,華新科富邦01購01,0,0,0,0,0,0,0,0,0,-90000,0,0,0,50000,140000,-90000,-90000
061000,旺宏兆豐9A購02  ,0,0,0,0,0,0,0,0,0,-90000,0,0,0,110000,200000,-90000,-90000
058677,矽格群益99購01  ,0,0,0,0,0,0,0,0,0,-90000,0,0,0,10000,100000,-90000,-90000
062184,奇鋐元大9B購02  ,0,0,0,0,0,0,0,0,0,-90000,0,0,0,59000,149000,-90000,-90000
063885,南六元富9C購01  ,0,0,0,0,0,0,0,0,0,-90000,0,0,0,0,90000,-90000,-90000
063364,聯發科富邦01購02,0,0,0,0,0,0,0,0,0,-90000,0,0,0,87000,177000,-90000,-90000
063346,TPK統一9C購01   ,0,0,0,0,0,0,0,0,0,-90000,0,0,0,159000,249000,-90000,-90000
064176,京元電國泰01購01,0,0,0,0,0,0,0,0,0,-90000,0,0,0,80000,170000,-90000,-90000
08378P,世紀鋼元富9C售02,0,0,0,0,0,0,0,0,0,-91000,0,0,0,13000,104000,-91000,-91000
2109,華豐            ,24000,115000,-91000,0,0,0,0,0,0,0,0,0,0,0,0,0,-91000
054873,帆宣群益99購01  ,0,0,0,0,0,0,0,0,0,-91000,0,0,0,0,91000,-91000,-91000
064238,玉晶光統一01購08,0,0,0,0,0,0,0,0,0,-91000,0,0,0,62000,153000,-91000,-91000
063317,大立光群益9B購06,0,0,0,0,0,0,0,0,0,-91000,0,0,0,0,91000,-91000,-91000
063460,智邦元大9B購08  ,0,0,0,0,0,0,0,0,0,-91000,0,0,0,103000,194000,-91000,-91000
063695,上銀第一9B購01  ,0,0,0,0,0,0,0,0,0,-91000,0,0,0,0,91000,-91000,-91000
062433,上銀元大9B購05  ,0,0,0,0,0,0,0,0,0,-91000,0,0,0,0,91000,-91000,-91000
5269,祥碩            ,879985,1007404,-127419,0,0,0,26000,2000,24000,12000,43000,21000,22000,4000,14000,-10000,-91419
055707,聯鈞永豐98購01  ,0,0,0,0,0,0,0,0,0,-92000,0,0,0,0,92000,-92000,-92000
060339,國巨統一01購01  ,0,0,0,0,0,0,0,0,0,-92000,0,0,0,8000,100000,-92000,-92000
061790,中租群益9B購01  ,0,0,0,0,0,0,0,0,0,-92000,0,0,0,123000,215000,-92000,-92000
061168,力成兆豐9A購01  ,0,0,0,0,0,0,0,0,0,-92000,0,0,0,114000,206000,-92000,-92000
061483,TPK元大9A購01   ,0,0,0,0,0,0,0,0,0,-92000,0,0,0,16000,108000,-92000,-92000
059403,T50反1台新03購03,0,0,0,0,0,0,0,0,0,-92000,0,0,0,0,92000,-92000,-92000
060427,聯茂永豐9A購01  ,0,0,0,0,0,0,0,0,0,-92000,0,0,0,0,92000,-92000,-92000
058776,台積電國票9A購03,0,0,0,0,0,0,0,0,0,-92000,0,0,0,60000,152000,-92000,-92000
064412,緯穎凱基01購01  ,0,0,0,0,0,0,0,0,0,-92000,0,0,0,34000,126000,-92000,-92000
4967,十銓            ,75000,167000,-92000,0,0,0,0,0,0,0,0,0,0,0,0,0,-92000
07210P,智邦凱基99售03  ,0,0,0,0,0,0,0,0,0,-93000,0,0,0,35000,128000,-93000,-93000
064691,友達群益9C購04  ,0,0,0,0,0,0,0,0,0,-93000,0,0,0,0,93000,-93000,-93000
056746,超眾凱基99購01  ,0,0,0,0,0,0,0,0,0,-93000,0,0,0,50000,143000,-93000,-93000
058803,世紀鋼元大99購03,0,0,0,0,0,0,0,0,0,-93000,0,0,0,0,93000,-93000,-93000
058931,玉晶光統一9C購01,0,0,0,0,0,0,0,0,0,-93000,0,0,0,34000,127000,-93000,-93000
061455,京元電凱基9B購01,0,0,0,0,0,0,0,0,0,-93000,0,0,0,42000,135000,-93000,-93000
064273,華邦電元大9C購02,0,0,0,0,0,0,0,0,0,-93000,0,0,0,3000,96000,-93000,-93000
062477,聯詠國票9B購01  ,0,0,0,0,0,0,0,0,0,-93000,0,0,0,39000,132000,-93000,-93000
062051,上銀統一9C購02  ,0,0,0,0,0,0,0,0,0,-93000,0,0,0,0,93000,-93000,-93000
5264,鎧勝-KY         ,6220000,6418065,-198065,0,0,0,210000,100000,110000,-5000,12000,50000,-38000,47000,14000,33000,-93065
065051,和碩凱基02購01  ,0,0,0,0,0,0,0,0,0,-94000,0,0,0,142000,236000,-94000,-94000
08316P,祥碩元大9C售04  ,0,0,0,0,0,0,0,0,0,-94000,0,0,0,8000,102000,-94000,-94000
07762P,聯發科永豐9A售03,0,0,0,0,0,0,0,0,0,-94000,0,0,0,0,94000,-94000,-94000
059786,全新元大99購06  ,0,0,0,0,0,0,0,0,0,-94000,0,0,0,26000,120000,-94000,-94000
056327,樺漢兆豐98購01  ,0,0,0,0,0,0,0,0,0,-94000,0,0,0,360000,454000,-94000,-94000
056767,大毅元大99購01  ,0,0,0,0,0,0,0,0,0,-94000,0,0,0,141000,235000,-94000,-94000
060360,南亞科元富9A購02,0,0,0,0,0,0,0,0,0,-94000,0,0,0,12000,106000,-94000,-94000
061021,聯電國泰9B購01  ,0,0,0,0,0,0,0,0,0,-94000,0,0,0,312000,406000,-94000,-94000
062239,台汽電凱基9B購01,0,0,0,0,0,0,0,0,0,-94000,0,0,0,9000,103000,-94000,-94000
064263,貿聯永豐9C購01  ,0,0,0,0,0,0,0,0,0,-94000,0,0,0,0,94000,-94000,-94000
064446,聚陽統一02購02  ,0,0,0,0,0,0,0,0,0,-94000,0,0,0,96000,190000,-94000,-94000
8261,富鼎            ,199000,293000,-94000,0,0,0,0,0,0,0,0,0,0,0,0,0,-94000
08337P,台灣50凱基01售15,0,0,0,0,0,0,0,0,0,-95000,0,0,0,0,95000,-95000,-95000
2707,晶華            ,40000,135000,-95000,0,0,0,0,0,0,0,0,0,0,0,0,0,-95000
064655,聚陽元大9C購02  ,0,0,0,0,0,0,0,0,0,-95000,0,0,0,48000,143000,-95000,-95000
056849,瀚宇博元富98購01,0,0,0,0,0,0,0,0,0,-95000,0,0,0,75000,170000,-95000,-95000
055038,華航富邦99購01  ,0,0,0,0,0,0,0,0,0,-95000,0,0,0,5000,100000,-95000,-95000
055874,中環元富9A購01  ,0,0,0,0,0,0,0,0,0,-95000,0,0,0,125000,220000,-95000,-95000
060983,南亞科元大9A購06,0,0,0,0,0,0,0,0,0,-95000,0,0,0,0,95000,-95000,-95000
058274,世紀鋼永豐99購01,0,0,0,0,0,0,0,0,0,-95000,0,0,0,0,95000,-95000,-95000
058479,亞光凱基9A購01  ,0,0,0,0,0,0,0,0,0,-95000,0,0,0,35000,130000,-95000,-95000
061109,臻鼎元大9A購03  ,0,0,0,0,0,0,0,0,0,-95000,0,0,0,85000,180000,-95000,-95000
058598,T50反1元大99購04,0,0,0,0,0,0,0,0,0,-95000,0,0,0,16000,111000,-95000,-95000
064393,友訊永豐9C購01  ,0,0,0,0,0,0,0,0,0,-95000,0,0,0,0,95000,-95000,-95000
064142,國巨統一9C購13  ,0,0,0,0,0,0,0,0,0,-95000,0,0,0,166000,261000,-95000,-95000
063933,TPK統一01購01   ,0,0,0,0,0,0,0,0,0,-95000,0,0,0,76000,171000,-95000,-95000
063929,高鐵統一02購01  ,0,0,0,0,0,0,0,0,0,-95000,0,0,0,0,95000,-95000,-95000
064009,超眾凱基01購01  ,0,0,0,0,0,0,0,0,0,-95000,0,0,0,6000,101000,-95000,-95000
063612,金像電群益9B購04,0,0,0,0,0,0,0,0,0,-95000,0,0,0,0,95000,-95000,-95000
063830,智伸科國票01購01,0,0,0,0,0,0,0,0,0,-95000,0,0,0,35000,130000,-95000,-95000
062364,瑞昱元大9B購04  ,0,0,0,0,0,0,0,0,0,-95000,0,0,0,2000,97000,-95000,-95000
056075,瀚宇博元大97購03,0,0,0,0,0,0,0,0,0,-96000,0,0,0,181000,277000,-96000,-96000
057048,新日興元大98購01,0,0,0,0,0,0,0,0,0,-96000,0,0,0,58000,154000,-96000,-96000
058854,樺漢群益9B購01  ,0,0,0,0,0,0,0,0,0,-96000,0,0,0,134000,230000,-96000,-96000
061238,晶技元大9A購02  ,0,0,0,0,0,0,0,0,0,-96000,0,0,0,7000,103000,-96000,-96000
061377,聯發科永豐9A購04,0,0,0,0,0,0,0,0,0,-96000,0,0,0,10000,106000,-96000,-96000
062560,奇鋐凱基9B購02  ,0,0,0,0,0,0,0,0,0,-96000,0,0,0,48000,144000,-96000,-96000
063916,瀚宇博凱基01購01,0,0,0,0,0,0,0,0,0,-96000,0,0,0,63000,159000,-96000,-96000
064391,亞德客永豐9C購01,0,0,0,0,0,0,0,0,0,-96000,0,0,0,0,96000,-96000,-96000
1472,三洋紡          ,33000,130000,-97000,0,0,0,0,0,0,0,0,0,0,0,0,0,-97000
07768P,緯穎群益9A售02  ,0,0,0,0,0,0,0,0,0,-97000,0,0,0,27000,124000,-97000,-97000
061162,南電群益9A購02  ,0,0,0,0,0,0,0,0,0,-97000,0,0,0,42000,139000,-97000,-97000
06105P,國巨國票98售02  ,0,0,0,0,0,0,0,0,0,-97000,0,0,0,50000,147000,-97000,-97000
057599,技嘉群益9A購01  ,0,0,0,0,0,0,0,0,0,-97000,0,0,0,2000,99000,-97000,-97000
057691,健策凱基99購01  ,0,0,0,0,0,0,0,0,0,-97000,0,0,0,13000,110000,-97000,-97000
060955,大立光群益9A購02,0,0,0,0,0,0,0,0,0,-97000,0,0,0,1000,98000,-97000,-97000
064205,台灣50凱基01購14,0,0,0,0,0,0,0,0,0,-97000,0,0,0,0,97000,-97000,-97000
063714,超眾凱基9B購03  ,0,0,0,0,0,0,0,0,0,-97000,0,0,0,21000,118000,-97000,-97000
063497,東元永豐9B購01  ,0,0,0,0,0,0,0,0,0,-97000,0,0,0,10000,107000,-97000,-97000
062734,臺指反國票9C購03,0,0,0,0,0,0,0,0,0,-97000,0,0,0,0,97000,-97000,-97000
4545,銘鈺            ,41000,138000,-97000,0,0,0,0,0,0,0,0,0,0,0,0,0,-97000
3008,大立光          ,529785,581677,-51892,0,0,0,0,47166,-47166,2000,12000,8000,4000,3000,5000,-2000,-97058
07904P,聯發科群益9B售05,0,0,0,0,0,0,0,0,0,-98000,0,0,0,25000,123000,-98000,-98000
08085P,華通凱基9B售04  ,0,0,0,0,0,0,0,0,0,-98000,0,0,0,2000,100000,-98000,-98000
056465,臺股指凱基99購07,0,0,0,0,0,0,0,0,0,-98000,0,0,0,202000,300000,-98000,-98000
056512,易華電永豐98購01,0,0,0,0,0,0,0,0,0,-98000,0,0,0,5000,103000,-98000,-98000
059848,智邦永豐99購01  ,0,0,0,0,0,0,0,0,0,-98000,0,0,0,0,98000,-98000,-98000
058082,美律群益98購05  ,0,0,0,0,0,0,0,0,0,-98000,0,0,0,0,98000,-98000,-98000
057937,神達群益98購02  ,0,0,0,0,0,0,0,0,0,-98000,0,0,0,0,98000,-98000,-98000
058675,康控群益9B購01  ,0,0,0,0,0,0,0,0,0,-98000,0,0,0,100000,198000,-98000,-98000
06125P,楠梓電元富99售01,0,0,0,0,0,0,0,0,0,-98000,0,0,0,0,98000,-98000,-98000
062134,國巨群益9B購04  ,0,0,0,0,0,0,0,0,0,-98000,0,0,0,1000,99000,-98000,-98000
061990,台勝科元大9C購01,0,0,0,0,0,0,0,0,0,-98000,0,0,0,68000,166000,-98000,-98000
063565,旺宏元大9B購08  ,0,0,0,0,0,0,0,0,0,-98000,0,0,0,35000,133000,-98000,-98000
063836,台塑元大9C購01  ,0,0,0,0,0,0,0,0,0,-98000,0,0,0,55000,153000,-98000,-98000
064028,大毅元大01購01  ,0,0,0,0,0,0,0,0,0,-98000,0,0,0,4000,102000,-98000,-98000
1734,杏輝            ,1634000,1733000,-99000,0,0,0,0,0,0,0,0,0,0,0,0,0,-99000
055710,亞德客元大97購03,0,0,0,0,0,0,0,0,0,-99000,0,0,0,0,99000,-99000,-99000
03445B,臺股指元大02熊01,0,5000,-5000,0,0,0,0,0,0,-94000,0,0,0,399000,493000,-94000,-99000
054784,順德群益9A購01  ,0,0,0,0,0,0,0,0,0,-99000,0,0,0,1000,100000,-99000,-99000
061512,國巨永豐9A購04  ,0,0,0,0,0,0,0,0,0,-99000,0,0,0,1000,100000,-99000,-99000
06025P,臺股指元大99售02,0,0,0,0,0,0,0,0,0,-99000,0,0,0,100000,199000,-99000,-99000
057841,茂林富邦9A購02  ,0,0,0,0,0,0,0,0,0,-99000,0,0,0,0,99000,-99000,-99000
057915,台泥凱基98購01  ,0,0,0,0,0,0,0,0,0,-99000,0,0,0,0,99000,-99000,-99000
060999,國巨兆豐9A購01  ,0,0,0,0,0,0,0,0,0,-99000,0,0,0,46000,145000,-99000,-99000
062148,奇鋐國票9B購01  ,0,0,0,0,0,0,0,0,0,-99000,0,0,0,0,99000,-99000,-99000
062561,瀚宇博凱基9B購01,0,0,0,0,0,0,0,0,0,-99000,0,0,0,43000,142000,-99000,-99000
4137,麗豐-KY         ,65000,279000,-214000,0,0,0,178000,0,178000,-63000,0,20000,-20000,9000,52000,-43000,-99000
08304P,大立光中信02售01,0,0,0,0,0,0,0,0,0,-100000,0,0,0,0,100000,-100000,-100000
064828,聯發科統一01購06,0,0,0,0,0,0,0,0,0,-100000,0,0,0,0,100000,-100000,-100000
06477P,緯穎國票99售02  ,0,0,0,0,0,0,0,0,0,-100000,0,0,0,100000,200000,-100000,-100000
064951,聯發科凱基01購04,0,0,0,0,0,0,0,0,0,-100000,0,0,0,0,100000,-100000,-100000
07509P,牧德國票9A售03  ,0,0,0,0,0,0,0,0,0,-100000,0,0,0,0,100000,-100000,-100000
07518P,臺股指元大9B售09,0,0,0,0,0,0,0,0,0,-100000,0,0,0,0,100000,-100000,-100000
07670P,茂林元大9A售02  ,0,0,0,0,0,0,0,0,0,-100000,0,0,0,0,100000,-100000,-100000
07712P,茂林元大9A售03  ,0,0,0,0,0,0,0,0,0,-100000,0,0,0,0,100000,-100000,-100000
06608P,立積群益99售02  ,0,0,0,0,0,0,0,0,0,-100000,0,0,0,0,100000,-100000,-100000
06533P,上証2X中信9B售01,0,0,0,0,0,0,0,0,0,-100000,0,0,0,0,100000,-100000,-100000
07016P,聯發科元大99售10,0,0,0,0,0,0,0,0,0,-100000,0,0,0,50000,150000,-100000,-100000
054638,國泰金中信99購01,0,0,0,0,0,0,0,0,0,-100000,0,0,0,0,100000,-100000,-100000
054642,訊芯中信9A購01  ,0,0,0,0,0,0,0,0,0,-100000,0,0,0,0,100000,-100000,-100000
054476,聯發科中信96購03,0,0,0,0,0,0,0,0,0,-100000,0,0,0,0,100000,-100000,-100000
055338,GIS兆豐97購01   ,0,0,0,0,0,0,0,0,0,-100000,0,0,0,0,100000,-100000,-100000
051979,群創凱基97購01  ,0,0,0,0,0,0,0,0,0,-100000,0,0,0,0,100000,-100000,-100000
053134,南亞科國票97購01,0,0,0,0,0,0,0,0,0,-100000,0,0,0,0,100000,-100000,-100000
053282,彩晶元大9C購01  ,0,0,0,0,0,0,0,0,0,-100000,0,0,0,0,100000,-100000,-100000
055826,中石化元大97購01,0,0,0,0,0,0,0,0,0,-100000,0,0,0,0,100000,-100000,-100000
056715,瀚宇博永豐98購01,0,0,0,0,0,0,0,0,0,-100000,0,0,0,10000,110000,-100000,-100000
056876,群創凱基98購11  ,0,0,0,0,0,0,0,0,0,-100000,0,0,0,0,100000,-100000,-100000
057001,華邦電國票99購02,0,0,0,0,0,0,0,0,0,-100000,0,0,0,0,100000,-100000,-100000
057235,亞光凱基98購04  ,0,0,0,0,0,0,0,0,0,-100000,0,0,0,0,100000,-100000,-100000
059873,華新科凱基99購09,0,0,0,0,0,0,0,0,0,-100000,0,0,0,0,100000,-100000,-100000
060571,京元電永豐9A購01,0,0,0,0,0,0,0,0,0,-100000,0,0,0,15000,115000,-100000,-100000
057768,華新科中信9A購01,0,0,0,0,0,0,0,0,0,-100000,0,0,0,0,100000,-100000,-100000
060249,正文元大9C購01  ,0,0,0,0,0,0,0,0,0,-100000,0,0,0,174000,274000,-100000,-100000
061384,T50反1群益9A購04,0,0,0,0,0,0,0,0,0,-100000,0,0,0,0,100000,-100000,-100000
059626,台積電凱基01購01,0,0,0,0,0,0,0,0,0,-100000,0,0,0,0,100000,-100000,-100000
060522,鴻海中信9A購03  ,0,0,0,0,0,0,0,0,0,-100000,0,0,0,0,100000,-100000,-100000
060420,神基永豐9A購01  ,0,0,0,0,0,0,0,0,0,-100000,0,0,0,0,100000,-100000,-100000
059468,智邦元大99購02  ,0,0,0,0,0,0,0,0,0,-100000,0,0,0,37000,137000,-100000,-100000
062605,上銀凱基9B購03  ,0,0,0,0,0,0,0,0,0,-100000,0,0,0,0,100000,-100000,-100000
063962,台達電國票01購01,0,0,0,0,0,0,0,0,0,-100000,0,0,0,20000,120000,-100000,-100000
064116,T50反1元大9C購03,0,0,0,0,0,0,0,0,0,-100000,0,0,0,0,100000,-100000,-100000
064549,神基凱基9C購01  ,0,0,0,0,0,0,0,0,0,-100000,0,0,0,0,100000,-100000,-100000
063422,奇鋐凱基9B購04  ,0,0,0,0,0,0,0,0,0,-100000,0,0,0,50000,150000,-100000,-100000
06620P,聯發科元大98售07,0,0,0,0,0,0,0,0,0,-101000,0,0,0,0,101000,-101000,-101000
2476,鉅祥            ,10000,111000,-101000,0,0,0,0,0,0,0,0,0,0,0,0,0,-101000
055133,致新康和97購01  ,0,0,0,0,0,0,0,0,0,-101000,0,0,0,0,101000,-101000,-101000
060783,亞德客富邦9B購01,0,0,0,0,0,0,0,0,0,-101000,0,0,0,30000,131000,-101000,-101000
064136,致新元大9C購01  ,0,0,0,0,0,0,0,0,0,-101000,0,0,0,124000,225000,-101000,-101000
062992,聯發科群益9B購09,0,0,0,0,0,0,0,0,0,-101000,0,0,0,9000,110000,-101000,-101000
062577,泰鼎群益9B購01  ,0,0,0,0,0,0,0,0,0,-101000,0,0,0,150000,251000,-101000,-101000
061991,牧德元大9C購01  ,0,0,0,0,0,0,0,0,0,-101000,0,0,0,35000,136000,-101000,-101000
065185,和大統一02購05  ,0,0,0,0,0,0,0,0,0,-102000,0,0,0,0,102000,-102000,-102000
056644,宏達電凱基98購04,0,0,0,0,0,0,0,0,0,-102000,0,0,0,44000,146000,-102000,-102000
056659,泰碩元大99購01  ,0,0,0,0,0,0,0,0,0,-102000,0,0,0,10000,112000,-102000,-102000
061194,聯鈞永豐9A購02  ,0,0,0,0,0,0,0,0,0,-102000,0,0,0,0,102000,-102000,-102000
060900,超眾凱基9B購01  ,0,0,0,0,0,0,0,0,0,-102000,0,0,0,0,102000,-102000,-102000
062405,泰鼎永豐9B購02  ,0,0,0,0,0,0,0,0,0,-102000,0,0,0,1000,103000,-102000,-102000
062332,大立光統一9B購11,0,0,0,0,0,0,0,0,0,-102000,0,0,0,301000,403000,-102000,-102000
062850,友訊永豐9B購01  ,0,0,0,0,0,0,0,0,0,-102000,0,0,0,279000,381000,-102000,-102000
063947,大毅元大9C購02  ,0,0,0,0,0,0,0,0,0,-102000,0,0,0,69000,171000,-102000,-102000
064355,南六元大01購01  ,0,0,0,0,0,0,0,0,0,-102000,0,0,0,41000,143000,-102000,-102000
064288,瀚宇博元大9C購02,0,0,0,0,0,0,0,0,0,-102000,0,0,0,109000,211000,-102000,-102000
063571,TPK元大9B購03   ,0,0,0,0,0,0,0,0,0,-102000,0,0,0,34000,136000,-102000,-102000
063860,旺宏國泰02購01  ,0,0,0,0,0,0,0,0,0,-102000,0,0,0,92000,194000,-102000,-102000
064742,奇鋐國票01購02  ,0,0,0,0,0,0,0,0,0,-103000,0,0,0,0,103000,-103000,-103000
07527P,台灣50凱基9B售02,0,0,0,0,0,0,0,0,0,-103000,0,0,0,0,103000,-103000,-103000
060583,南亞科元富9A購05,0,0,0,0,0,0,0,0,0,-103000,0,0,0,0,103000,-103000,-103000
061770,泰碩元大9B購02  ,0,0,0,0,0,0,0,0,0,-103000,0,0,0,59000,162000,-103000,-103000
059516,TPK永豐99購01   ,0,0,0,0,0,0,0,0,0,-103000,0,0,0,0,103000,-103000,-103000
059023,可成統一9B購02  ,0,0,0,0,0,0,0,0,0,-103000,0,0,0,131000,234000,-103000,-103000
05890P,彩晶元大99售01  ,0,0,0,0,0,0,0,0,0,-103000,0,0,0,0,103000,-103000,-103000
064207,國巨凱基03購02  ,0,0,0,0,0,0,0,0,0,-103000,0,0,0,7000,110000,-103000,-103000
062011,上銀富邦9C購01  ,0,0,0,0,0,0,0,0,0,-103000,0,0,0,0,103000,-103000,-103000
07071P,立積元富99售01  ,0,0,0,0,0,0,0,0,0,-104000,0,0,0,24000,128000,-104000,-104000
064739,智邦國票01購01  ,0,0,0,0,0,0,0,0,0,-104000,0,0,0,1000,105000,-104000,-104000
064903,新唐群益9C購01  ,0,0,0,0,0,0,0,0,0,-104000,0,0,0,0,104000,-104000,-104000
08000P,奇鋐凱基9B售03  ,0,0,0,0,0,0,0,0,0,-104000,0,0,0,78000,182000,-104000,-104000
055598,欣興元大97購03  ,0,0,0,0,0,0,0,0,0,-104000,0,0,0,1000,105000,-104000,-104000
057265,聯詠兆豐98購01  ,0,0,0,0,0,0,0,0,0,-104000,0,0,0,96000,200000,-104000,-104000
061816,長榮航群益9B購02,0,0,0,0,0,0,0,0,0,-104000,0,0,0,105000,209000,-104000,-104000
059991,超眾元大9A購02  ,0,0,0,0,0,0,0,0,0,-104000,0,0,0,20000,124000,-104000,-104000
063258,緯穎國泰9C購01  ,0,0,0,0,0,0,0,0,0,-104000,0,0,0,245000,349000,-104000,-104000
6451,訊芯-KY         ,168000,273000,-105000,0,0,0,0,0,0,1000,0,0,0,1000,0,1000,-104000
07821P,臺股指國票9A售12,0,0,0,0,0,0,0,0,0,-105000,0,0,0,63000,168000,-105000,-105000
07452P,國巨元大9A售05  ,0,0,0,0,0,0,0,0,0,-105000,0,0,0,0,105000,-105000,-105000
057303,喬山兆豐99購01  ,0,0,0,0,0,0,0,0,0,-105000,0,0,0,5000,110000,-105000,-105000
054533,泰碩國泰98購01  ,0,0,0,0,0,0,0,0,0,-105000,0,0,0,3000,108000,-105000,-105000
058719,智邦元富99購01  ,0,0,0,0,0,0,0,0,0,-105000,0,0,0,0,105000,-105000,-105000
06177P,玉晶光元大98售07,0,0,0,0,0,0,0,0,0,-105000,0,0,0,0,105000,-105000,-105000
058897,國巨元大99購17  ,0,0,0,0,0,0,0,0,0,-105000,0,0,0,14000,119000,-105000,-105000
064447,喬山統一02購01  ,0,0,0,0,0,0,0,0,0,-105000,0,0,0,26000,131000,-105000,-105000
064420,台積電兆豐9C購03,0,0,0,0,0,0,0,0,0,-105000,0,0,0,75000,180000,-105000,-105000
063733,聯發科元大9B購27,0,0,0,0,0,0,0,0,0,-105000,0,0,0,54000,159000,-105000,-105000
064623,創意元大9C購04  ,0,0,0,0,0,0,0,0,0,-106000,0,0,0,0,106000,-106000,-106000
060166,佐登永豐9A購01  ,0,0,0,0,0,0,0,0,0,-106000,0,0,0,0,106000,-106000,-106000
063815,玉晶光群益02購01,0,0,0,0,0,0,0,0,0,-106000,0,0,0,32000,138000,-106000,-106000
063521,國巨凱基03購01  ,0,0,0,0,0,0,0,0,0,-106000,0,0,0,8000,114000,-106000,-106000
063399,智原群益9B購01  ,0,0,0,0,0,0,0,0,0,-106000,0,0,0,10000,116000,-106000,-106000
057298,旭富永豐98購01  ,0,0,0,0,0,0,0,0,0,-107000,0,0,0,47000,154000,-107000,-107000
061486,國巨兆豐9B購02  ,0,0,0,0,0,0,0,0,0,-107000,0,0,0,112000,219000,-107000,-107000
064127,聯發科元大9C購06,0,0,0,0,0,0,0,0,0,-107000,0,0,0,0,107000,-107000,-107000
060493,美律元富01購01  ,0,0,0,0,0,0,0,0,0,-108000,0,0,0,179000,287000,-108000,-108000
060469,台勝科元大9A購02,0,0,0,0,0,0,0,0,0,-108000,0,0,0,0,108000,-108000,-108000
057990,美律統一99購02  ,0,0,0,0,0,0,0,0,0,-108000,0,0,0,0,108000,-108000,-108000
063440,上銀統一01購02  ,0,0,0,0,0,0,0,0,0,-108000,0,0,0,35000,143000,-108000,-108000
062633,亞光國票9B購01  ,0,0,0,0,0,0,0,0,0,-108000,0,0,0,228000,336000,-108000,-108000
1313,聯成            ,401000,509547,-108547,0,0,0,0,0,0,0,0,0,0,0,0,0,-108547
08262P,茂林元大9C售01  ,0,0,0,0,0,0,0,0,0,-109000,0,0,0,40000,149000,-109000,-109000
064923,牧德統一02購01  ,0,0,0,0,0,0,0,0,0,-109000,0,0,0,0,109000,-109000,-109000
065184,和大統一02購04  ,0,0,0,0,0,0,0,0,0,-109000,0,0,0,0,109000,-109000,-109000
056906,玉晶光元大9B購01,0,0,0,0,0,0,0,0,0,-109000,0,0,0,428000,537000,-109000,-109000
060364,奇力新元富9A購01,0,0,0,0,0,0,0,0,0,-109000,0,0,0,38000,147000,-109000,-109000
061480,泰碩元大9B購01  ,0,0,0,0,0,0,0,0,0,-109000,0,0,0,31000,140000,-109000,-109000
061474,瑞昱元大9A購04  ,0,0,0,0,0,0,0,0,0,-109000,0,0,0,46000,155000,-109000,-109000
063053,聯發科統一01購04,0,0,0,0,0,0,0,0,0,-109000,0,0,0,52000,161000,-109000,-109000
062214,金寶統一01購01  ,0,0,0,0,0,0,0,0,0,-109000,0,0,0,90000,199000,-109000,-109000
064579,大立光富邦03購02,0,0,0,0,0,0,0,0,0,-110000,0,0,0,0,110000,-110000,-110000
2365,昆盈            ,10000,120000,-110000,0,0,0,0,0,0,0,0,0,0,0,0,0,-110000
056076,超眾元大97購05  ,0,0,0,0,0,0,0,0,0,-110000,0,0,0,18000,128000,-110000,-110000
054628,可成凱基98購01  ,0,0,0,0,0,0,0,0,0,-110000,0,0,0,0,110000,-110000,-110000
051838,國巨國泰97購01  ,0,0,0,0,0,0,0,0,0,-110000,0,0,0,11000,121000,-110000,-110000
061747,南亞科統一01購01,0,0,0,0,0,0,0,0,0,-110000,0,0,0,10000,120000,-110000,-110000
063174,臺股指中信01購04,0,0,0,0,0,0,0,0,0,-110000,0,0,0,0,110000,-110000,-110000
063185,聯發科凱基9C購03,0,0,0,0,0,0,0,0,0,-110000,0,0,0,48000,158000,-110000,-110000
063784,華通中信06購01  ,0,0,0,0,0,0,0,0,0,-110000,0,0,0,134000,244000,-110000,-110000
064030,泰碩元大01購01  ,0,0,0,0,0,0,0,0,0,-110000,0,0,0,6000,116000,-110000,-110000
08357P,聯發科元大9C售09,0,0,0,0,0,0,0,0,0,-111000,0,0,0,0,111000,-111000,-111000
06552P,茂林元大99售02  ,0,0,0,0,0,0,0,0,0,-111000,0,0,0,0,111000,-111000,-111000
058033,景碩永豐98購02  ,0,0,0,0,0,0,0,0,0,-111000,0,0,0,23000,134000,-111000,-111000
060162,碩天永豐9A購01  ,0,0,0,0,0,0,0,0,0,-111000,0,0,0,10000,121000,-111000,-111000
063996,貿聯群益9C購01  ,0,0,0,0,0,0,0,0,0,-111000,0,0,0,114000,225000,-111000,-111000
064168,南電統一01購01  ,0,0,0,0,0,0,0,0,0,-111000,0,0,0,42000,153000,-111000,-111000
061831,智邦凱基9B購02  ,0,0,0,0,0,0,0,0,0,-112000,0,0,0,21000,133000,-112000,-112000
063441,台達電統一9C購01,0,0,0,0,0,0,0,0,0,-112000,0,0,0,109000,221000,-112000,-112000
063040,聯詠凱基9B購03  ,0,0,0,0,0,0,0,0,0,-112000,0,0,0,28000,140000,-112000,-112000
056764,友達元大9A購03  ,0,0,0,0,0,0,0,0,0,-113000,0,0,0,100000,213000,-113000,-113000
057141,嘉聯益兆豐99購01,0,0,0,0,0,0,0,0,0,-113000,0,0,0,398000,511000,-113000,-113000
056621,宏達電永豐98購01,0,0,0,0,0,0,0,0,0,-113000,0,0,0,6000,119000,-113000,-113000
06836P,玉晶光國票99售06,0,0,0,0,0,0,0,0,0,-114000,0,0,0,249000,363000,-114000,-114000
2421,建準            ,1454000,1227000,227000,0,0,0,0,343000,-343000,2000,32000,4000,28000,41000,67000,-26000,-114000
055585,國巨元大98購08  ,0,0,0,0,0,0,0,0,0,-114000,0,0,0,0,114000,-114000,-114000
060500,鴻海元大9A購12  ,0,0,0,0,0,0,0,0,0,-114000,0,0,0,0,114000,-114000,-114000
059607,台積電富邦9C購04,0,0,0,0,0,0,0,0,0,-114000,0,0,0,1000,115000,-114000,-114000
060194,旭富元富9A購01  ,0,0,0,0,0,0,0,0,0,-114000,0,0,0,1000,115000,-114000,-114000
063407,泰鼎國票9C購01  ,0,0,0,0,0,0,0,0,0,-114000,0,0,0,10000,124000,-114000,-114000
063690,健鼎永豐9B購01  ,0,0,0,0,0,0,0,0,0,-114000,0,0,0,896000,1010000,-114000,-114000
064570,TPK群益9C購03   ,0,0,0,0,0,0,0,0,0,-115000,0,0,0,10000,125000,-115000,-115000
065037,緯穎統一02購02  ,0,0,0,0,0,0,0,0,0,-115000,0,0,0,0,115000,-115000,-115000
058537,彩晶統一9B購01  ,0,0,0,0,0,0,0,0,0,-115000,0,0,0,589000,704000,-115000,-115000
061732,智邦中信9B購01  ,0,0,0,0,0,0,0,0,0,-115000,0,0,0,30000,145000,-115000,-115000
063336,大成鋼統一9C購02,0,0,0,0,0,0,0,0,0,-115000,0,0,0,0,115000,-115000,-115000
064507,臻鼎元大9C購02  ,0,0,0,0,0,0,0,0,0,-115000,0,0,0,45000,160000,-115000,-115000
063178,聯發科兆豐9B購04,0,0,0,0,0,0,0,0,0,-115000,0,0,0,21000,136000,-115000,-115000
062088,緯穎元大9B購04  ,0,0,0,0,0,0,0,0,0,-115000,0,0,0,65000,180000,-115000,-115000
064917,元大金統一02購01,0,0,0,0,0,0,0,0,0,-116000,0,0,0,112000,228000,-116000,-116000
064628,南六元大9C購05  ,0,0,0,0,0,0,0,0,0,-116000,0,0,0,0,116000,-116000,-116000
061569,旺宏元大9A購14  ,0,0,0,0,0,0,0,0,0,-116000,0,0,0,7000,123000,-116000,-116000
061996,矽格元大9B購01  ,0,0,0,0,0,0,0,0,0,-116000,0,0,0,157000,273000,-116000,-116000
062573,大毅群益9B購03  ,0,0,0,0,0,0,0,0,0,-116000,0,0,0,36000,152000,-116000,-116000
056408,奇鋐國票99購01  ,0,0,0,0,0,0,0,0,0,-117000,0,0,0,10000,127000,-117000,-117000
061144,玉晶光中信9B購02,0,0,0,0,0,0,0,0,0,-117000,0,0,0,91000,208000,-117000,-117000
058836,FBVIX中信03購05 ,0,0,0,0,0,0,0,0,0,-117000,0,0,0,83000,200000,-117000,-117000
058116,正崴中信99購02  ,0,0,0,0,0,0,0,0,0,-117000,0,0,0,56000,173000,-117000,-117000
060329,鎧勝群益9B購01  ,0,0,0,0,0,0,0,0,0,-117000,0,0,0,28000,145000,-117000,-117000
9925,新保            ,2000,119000,-117000,0,0,0,0,0,0,0,0,0,0,0,0,0,-117000
08389P,技嘉國票9C售01  ,0,0,0,0,0,0,0,0,0,-118000,0,0,0,0,118000,-118000,-118000
060386,台勝科凱基9B購01,0,0,0,0,0,0,0,0,0,-118000,0,0,0,0,118000,-118000,-118000
061272,超眾凱基9A購03  ,0,0,0,0,0,0,0,0,0,-118000,0,0,0,0,118000,-118000,-118000
062373,泰鼎元大9B購01  ,0,0,0,0,0,0,0,0,0,-118000,0,0,0,93000,211000,-118000,-118000
064278,高鐵元大9C購02  ,0,0,0,0,0,0,0,0,0,-118000,0,0,0,0,118000,-118000,-118000
2023,燁輝            ,307000,434000,-127000,0,0,0,0,0,0,8000,8000,0,8000,0,0,0,-119000
065005,台光電國票01購02,0,0,0,0,0,0,0,0,0,-119000,0,0,0,66000,185000,-119000,-119000
3702A,大聯大甲特      ,10000,0,10000,0,0,0,0,0,0,-129000,0,129000,-129000,0,0,0,-119000
056574,亞光元大99購03  ,0,0,0,0,0,0,0,0,0,-119000,0,0,0,8000,127000,-119000,-119000
061597,南六永豐9A購04  ,0,0,0,0,0,0,0,0,0,-119000,0,0,0,26000,145000,-119000,-119000
058016,智邦凱基98購06  ,0,0,0,0,0,0,0,0,0,-119000,0,0,0,4000,123000,-119000,-119000
064361,旺宏統一01購06  ,0,0,0,0,0,0,0,0,0,-119000,0,0,0,91000,210000,-119000,-119000
061995,超眾元大01購01  ,0,0,0,0,0,0,0,0,0,-119000,0,0,0,13000,132000,-119000,-119000
063022,嘉晶元大9B購04  ,0,0,0,0,0,0,0,0,0,-119000,0,0,0,117000,236000,-119000,-119000
062829,泰碩群益9B購01  ,0,0,0,0,0,0,0,0,0,-119000,0,0,0,0,119000,-119000,-119000
3563,牧德            ,151000,168000,-17000,0,0,0,18000,118636,-100636,-2000,0,0,0,11000,13000,-2000,-119636
065197,景碩元富06購01  ,0,0,0,0,0,0,0,0,0,-120000,0,0,0,40000,160000,-120000,-120000
057580,玉山金中信9A購01,0,0,0,0,0,0,0,0,0,-120000,0,0,0,0,120000,-120000,-120000
056055,國巨元大97購15  ,0,0,0,0,0,0,0,0,0,-120000,0,0,0,0,120000,-120000,-120000
052906,緯創國票97購01  ,0,0,0,0,0,0,0,0,0,-120000,0,0,0,0,120000,-120000,-120000
061600,聯電凱基9B購01  ,0,0,0,0,0,0,0,0,0,-120000,0,0,0,80000,200000,-120000,-120000
060432,達方永豐9A購01  ,0,0,0,0,0,0,0,0,0,-120000,0,0,0,182000,302000,-120000,-120000
059631,京元電凱基99購02,0,0,0,0,0,0,0,0,0,-120000,0,0,0,0,120000,-120000,-120000
062853,大毅永豐9B購03  ,0,0,0,0,0,0,0,0,0,-120000,0,0,0,5000,125000,-120000,-120000
063187,全新凱基9B購02  ,0,0,0,0,0,0,0,0,0,-120000,0,0,0,142000,262000,-120000,-120000
063204,高鐵統一9C購01  ,0,0,0,0,0,0,0,0,0,-120000,0,0,0,38000,158000,-120000,-120000
062384,聯詠國泰9C購01  ,0,0,0,0,0,0,0,0,0,-120000,0,0,0,74000,194000,-120000,-120000
062545,嘉晶永豐9B購01  ,0,0,0,0,0,0,0,0,0,-120000,0,0,0,0,120000,-120000,-120000
064331,微星元大9C購03  ,0,0,0,0,0,0,0,0,0,-120000,0,0,0,10000,130000,-120000,-120000
06681P,致茂元大98售02  ,0,0,0,0,0,0,0,0,0,-121000,0,0,0,0,121000,-121000,-121000
055620,樺漢國票98購01  ,0,0,0,0,0,0,0,0,0,-121000,0,0,0,0,121000,-121000,-121000
056937,智原元富98購01  ,0,0,0,0,0,0,0,0,0,-121000,0,0,0,79000,200000,-121000,-121000
064529,友達中信01購03  ,0,0,0,0,0,0,0,0,0,-121000,0,0,0,10000,131000,-121000,-121000
061937,聯發科國票9B購02,0,20000,-20000,0,0,0,0,0,0,-101000,0,0,0,24000,125000,-101000,-121000
062126,創意統一9B購01  ,0,0,0,0,0,0,0,0,0,-121000,0,0,0,211000,332000,-121000,-121000
063072,裕隆永豐9B購01  ,0,0,0,0,0,0,0,0,0,-121000,0,0,0,24000,145000,-121000,-121000
062950,貿聯富邦01購01  ,0,0,0,0,0,0,0,0,0,-121000,0,0,0,529000,650000,-121000,-121000
065178,和碩元大9C購01  ,0,0,0,0,0,0,0,0,0,-122000,0,0,0,36000,158000,-122000,-122000
064869,景碩永豐9C購01  ,0,0,0,0,0,0,0,0,0,-122000,0,0,0,1000,123000,-122000,-122000
2348,海悅            ,144000,265000,-121000,0,0,0,0,0,0,-1000,0,1000,-1000,0,0,0,-122000
07825P,健策國泰9B售04  ,0,0,0,0,0,0,0,0,0,-122000,0,0,0,0,122000,-122000,-122000
056534,京元電凱基98購01,0,0,0,0,0,0,0,0,0,-122000,0,0,0,52000,174000,-122000,-122000
058524,超眾元大99購04  ,0,0,0,0,0,0,0,0,0,-122000,0,0,0,36000,158000,-122000,-122000
061441,大毅永豐9A購04  ,0,0,0,0,0,0,0,0,0,-122000,0,0,0,0,122000,-122000,-122000
058077,超眾凱基98購02  ,0,0,0,0,0,0,0,0,0,-122000,0,0,0,0,122000,-122000,-122000
064390,台塑永豐9C購01  ,0,0,0,0,0,0,0,0,0,-122000,0,0,0,13000,135000,-122000,-122000
064197,智伸科群益9C購01,0,0,0,0,0,0,0,0,0,-122000,0,0,0,59000,181000,-122000,-122000
063485,巨大元大9B購04  ,0,0,0,0,0,0,0,0,0,-122000,0,0,0,233000,355000,-122000,-122000
08004P,大毅永豐9B售02  ,0,0,0,0,0,0,0,0,0,-123000,0,0,0,0,123000,-123000,-123000
08542P,台勝科國票02售01,0,0,0,0,0,0,0,0,0,-123000,0,0,0,22000,145000,-123000,-123000
07030P,鈺齊群益99售01  ,0,0,0,0,0,0,0,0,0,-123000,0,0,0,0,123000,-123000,-123000
055487,國巨元大98購07  ,0,0,0,0,0,0,0,0,0,-123000,0,0,0,107000,230000,-123000,-123000
057087,台郡統一99購01  ,0,0,0,0,0,0,0,0,0,-123000,0,0,0,206000,329000,-123000,-123000
056155,嘉晶凱基97購01  ,0,0,0,0,0,0,0,0,0,-123000,0,0,0,44000,167000,-123000,-123000
056397,彩晶永豐99購01  ,0,0,0,0,0,0,0,0,0,-123000,0,0,0,0,123000,-123000,-123000
058930,華新科統一9B購01,0,0,0,0,0,0,0,0,0,-123000,0,0,0,0,123000,-123000,-123000
063515,香港2X凱基01購01,0,0,0,0,0,0,0,0,0,-123000,0,0,0,2000,125000,-123000,-123000
062503,玉晶光群益01購03,0,0,0,0,0,0,0,0,0,-123000,0,0,0,14000,137000,-123000,-123000
1457,宜進            ,6000,130000,-124000,0,0,0,0,0,0,0,0,0,0,0,0,0,-124000
2702,華園            ,13000,137000,-124000,0,0,0,0,0,0,0,0,0,0,0,0,0,-124000
060786,聯發科富邦9B購06,0,0,0,0,0,0,0,0,0,-124000,0,0,0,4000,128000,-124000,-124000
062539,可成國泰01購01  ,0,0,0,0,0,0,0,0,0,-124000,0,0,0,76000,200000,-124000,-124000
062762,聯詠凱基9B購02  ,0,0,0,0,0,0,0,0,0,-124000,0,0,0,30000,154000,-124000,-124000
063808,台表科兆豐9C購01,0,0,0,0,0,0,0,0,0,-124000,0,0,0,392000,516000,-124000,-124000
07130P,台郡元大9B售01  ,0,0,0,0,0,0,0,0,0,-125000,0,0,0,0,125000,-125000,-125000
056054,亞德客元大97購05,0,0,0,0,0,0,0,0,0,-125000,0,0,0,34000,159000,-125000,-125000
057016,中石化凱基9B購01,0,0,0,0,0,0,0,0,0,-125000,0,0,0,135000,260000,-125000,-125000
059503,大立光富邦9B購04,0,0,0,0,0,0,0,0,0,-125000,0,0,0,20000,145000,-125000,-125000
063750,和鑫國票9B購01  ,0,0,0,0,0,0,0,0,0,-125000,0,0,0,55000,180000,-125000,-125000
064106,國巨兆豐9C購04  ,0,0,0,0,0,0,0,0,0,-125000,0,0,0,13000,138000,-125000,-125000
064239,群創統一02購01  ,0,0,0,0,0,0,0,0,0,-125000,0,0,0,31000,156000,-125000,-125000
064436,聯發科凱基03購02,0,0,0,0,0,0,0,0,0,-125000,0,0,0,20000,145000,-125000,-125000
063198,仁寶統一01購02  ,0,0,0,0,0,0,0,0,0,-125000,0,0,0,786000,911000,-125000,-125000
062343,中石化群益9B購01,0,0,0,0,0,0,0,0,0,-125000,0,0,0,83000,208000,-125000,-125000
062290,聯發科富邦9C購04,0,0,0,0,0,0,0,0,0,-125000,0,0,0,531000,656000,-125000,-125000
1536,和大            ,228000,262000,-34000,0,0,0,0,26000,-26000,-66000,10000,10000,0,14000,80000,-66000,-126000
2015,豐興            ,15000,83000,-68000,0,0,0,92000,150000,-58000,0,0,0,0,0,0,0,-126000
056448,全新凱基99購01  ,0,0,0,0,0,0,0,0,0,-126000,0,0,0,0,126000,-126000,-126000
055910,瑞昱凱基98購01  ,0,0,0,0,0,0,0,0,0,-126000,0,0,0,0,126000,-126000,-126000
061342,華新科元大9A購17,0,0,0,0,0,0,0,0,0,-126000,0,0,0,0,126000,-126000,-126000
062159,聯詠凱基9B購01  ,0,0,0,0,0,0,0,0,0,-126000,0,0,0,66000,192000,-126000,-126000
063141,聯發科統一9C購10,0,0,0,0,0,0,0,0,0,-126000,0,0,0,10000,136000,-126000,-126000
06424P,大成鋼永豐97售01,0,0,0,0,0,0,0,0,0,-126000,0,0,0,12000,138000,-126000,-126000
2903,遠百            ,242000,367704,-125704,0,0,0,0,1000,-1000,0,0,0,0,0,0,0,-126704
1589,永冠-KY         ,49000,176000,-127000,0,0,0,0,0,0,0,0,0,0,0,0,0,-127000
064832,長榮航統一01購01,0,0,0,0,0,0,0,0,0,-127000,0,0,0,0,127000,-127000,-127000
056268,新日興統一97購01,0,0,0,0,0,0,0,0,0,-127000,0,0,0,78000,205000,-127000,-127000
055136,聯發科富邦99購06,0,0,0,0,0,0,0,0,0,-127000,0,0,0,0,127000,-127000,-127000
058141,嘉聯益元大99購05,0,0,0,0,0,0,0,0,0,-127000,0,0,0,49000,176000,-127000,-127000
064084,群創中信06購02  ,0,0,0,0,0,0,0,0,0,-127000,0,0,0,9000,136000,-127000,-127000
08190P,宏達電元富9B售04,0,0,0,0,0,0,0,0,0,-128000,0,0,0,4000,132000,-128000,-128000
054540,泰鼎國票99購01  ,0,0,0,0,0,0,0,0,0,-128000,0,0,0,0,128000,-128000,-128000
058706,聯鈞元大9C購01  ,0,0,0,0,0,0,0,0,0,-128000,0,0,0,100000,228000,-128000,-128000
9924,福興            ,3000,132000,-129000,0,0,0,0,0,0,1000,1000,0,1000,0,0,0,-128000
08187P,大毅群益9B售04  ,0,0,0,0,0,0,0,0,0,-129000,0,0,0,0,129000,-129000,-129000
057306,玉晶光兆豐99購01,0,0,0,0,0,0,0,0,0,-129000,0,0,0,35000,164000,-129000,-129000
063390,嘉晶兆豐9B購01  ,0,0,0,0,0,0,0,0,0,-129000,0,0,0,44000,173000,-129000,-129000
061879,超眾元大9C購01  ,0,0,0,0,0,0,0,0,0,-129000,0,0,0,243000,372000,-129000,-129000
3665,貿聯-KY         ,242000,533000,-291000,0,0,0,129000,0,129000,32000,10000,35000,-25000,71000,14000,57000,-130000
05629P,聯發科永昌99售02,0,0,0,0,0,0,0,0,0,-130000,0,0,0,0,130000,-130000,-130000
057582,亞光中信9A購02  ,0,0,0,0,0,0,0,0,0,-130000,0,0,0,0,130000,-130000,-130000
057125,國巨凱基98購12  ,0,0,0,0,0,0,0,0,0,-130000,0,0,0,0,130000,-130000,-130000
061137,晶技統一9B購01  ,0,0,0,0,0,0,0,0,0,-130000,0,0,0,5000,135000,-130000,-130000
061110,超眾元大9A購03  ,0,0,0,0,0,0,0,0,0,-130000,0,0,0,114000,244000,-130000,-130000
058949,上銀群益99購02  ,0,0,0,0,0,0,0,0,0,-130000,0,0,0,0,130000,-130000,-130000
3257,虹冠電          ,61000,258000,-197000,0,0,0,66000,0,66000,0,0,0,0,0,0,0,-131000
08299P,玉晶光國票02售01,0,0,0,0,0,0,0,0,0,-131000,0,0,0,25000,156000,-131000,-131000
055485,國巨元大97購09  ,0,0,0,0,0,0,0,0,0,-131000,0,0,0,53000,184000,-131000,-131000
061769,晶技元大9B購03  ,0,0,0,0,0,0,0,0,0,-131000,0,0,0,189000,320000,-131000,-131000
062446,聯詠元大9B購02  ,0,0,0,0,0,0,0,0,0,-131000,0,0,0,130000,261000,-131000,-131000
08165P,台表科永豐9B售02,0,0,0,0,0,0,0,0,0,-132000,0,0,0,50000,182000,-132000,-132000
065161,矽格群益9C購01  ,25000,0,25000,0,0,0,0,0,0,-157000,0,0,0,26000,183000,-157000,-132000
059100,元油2X統一9C購02,0,0,0,0,0,0,0,0,0,-132000,0,0,0,0,132000,-132000,-132000
056395,玉晶光永豐9B購01,0,0,0,0,0,0,0,0,0,-132000,0,0,0,24000,156000,-132000,-132000
062470,智邦凱基9C購01  ,0,0,0,0,0,0,0,0,0,-132000,0,0,0,0,132000,-132000,-132000
064717,台積電統一01購08,0,0,0,0,0,0,0,0,0,-133000,0,0,0,0,133000,-133000,-133000
053582,英業達元大97購01,0,0,0,0,0,0,0,0,0,-133000,0,0,0,0,133000,-133000,-133000
062386,京鼎國泰9C購01  ,0,0,0,0,0,0,0,0,0,-133000,0,0,0,0,133000,-133000,-133000
063140,聯發科統一9B購08,0,0,0,0,0,0,0,0,0,-133000,0,0,0,115000,248000,-133000,-133000
063068,聯發科國泰01購03,0,0,0,0,0,0,0,0,0,-133000,0,0,0,79000,212000,-133000,-133000
062858,微星國票9B購01  ,0,0,0,0,0,0,0,0,0,-133000,0,0,0,38000,171000,-133000,-133000
2049,上銀            ,2668189,2806304,-138115,0,0,0,0,18000,-18000,23000,39000,24000,15000,19000,11000,8000,-133115
059252,聯詠凱基99購03  ,0,0,0,0,0,0,0,0,0,-134000,0,0,0,3000,137000,-134000,-134000
062061,台勝科統一01購01,0,0,0,0,0,0,0,0,0,-134000,0,0,0,0,134000,-134000,-134000
063676,上銀國泰9C購02  ,0,0,0,0,0,0,0,0,0,-134000,0,0,0,0,134000,-134000,-134000
2106,建大            ,42000,177000,-135000,0,0,0,0,0,0,0,0,0,0,0,0,0,-135000
08015P,可成凱基9B售05  ,0,0,0,0,0,0,0,0,0,-135000,0,0,0,40000,175000,-135000,-135000
08469P,富邦金凱基9C售01,0,0,0,0,0,0,0,0,0,-135000,0,0,0,105000,240000,-135000,-135000
065091,亞光元大9C購01  ,0,0,0,0,0,0,0,0,0,-135000,0,0,0,45000,180000,-135000,-135000
065118,國巨富邦01購02  ,0,0,0,0,0,0,0,0,0,-135000,0,0,0,301000,436000,-135000,-135000
055578,群創統一98購03  ,0,0,0,0,0,0,0,0,0,-135000,0,0,0,130000,265000,-135000,-135000
057102,亞光中信9A購01  ,0,0,0,0,0,0,0,0,0,-135000,0,0,0,47000,182000,-135000,-135000
061723,嘉聯益永豐9A購03,0,0,0,0,0,0,0,0,0,-135000,0,0,0,280000,415000,-135000,-135000
061080,華邦電兆豐9B購01,0,0,0,0,0,0,0,0,0,-135000,0,0,0,18000,153000,-135000,-135000
059024,大立光統一9B購04,0,0,0,0,0,0,0,0,0,-135000,0,0,0,0,135000,-135000,-135000
057656,大成鋼兆豐98購01,0,0,0,0,0,0,0,0,0,-135000,0,0,0,80000,215000,-135000,-135000
064332,聯發科元大01購01,0,0,0,0,0,0,0,0,0,-135000,0,0,0,131000,266000,-135000,-135000
060363,美律元富9A購01  ,0,0,0,0,0,0,0,0,0,-136000,0,0,0,59000,195000,-136000,-136000
063615,瑞祺群益9B購03  ,0,0,0,0,0,0,0,0,0,-136000,0,0,0,60000,196000,-136000,-136000
062421,台積電統一9C購09,0,0,0,0,0,0,0,0,0,-136000,0,0,0,0,136000,-136000,-136000
056548,瀚宇博凱基98購02,0,0,0,0,0,0,0,0,0,-137000,0,0,0,39000,176000,-137000,-137000
063092,聯發科中信9B購03,0,0,0,0,0,0,0,0,0,-137000,0,0,0,0,137000,-137000,-137000
063658,瑞祺元富9B購01  ,0,0,0,0,0,0,0,0,0,-137000,0,0,0,980000,1117000,-137000,-137000
07843P,緯穎元大9A售05  ,0,0,0,0,0,0,0,0,0,-138000,0,0,0,12000,150000,-138000,-138000
058257,聯陽國泰9B購01  ,0,0,0,0,0,0,0,0,0,-138000,0,0,0,0,138000,-138000,-138000
064548,漢翔凱基9C購01  ,0,0,0,0,0,0,0,0,0,-138000,0,0,0,0,138000,-138000,-138000
061877,貿聯元大9B購01  ,0,0,0,0,0,0,0,0,0,-138000,0,0,0,15000,153000,-138000,-138000
062042,台勝科凱基9C購01,0,0,0,0,0,0,0,0,0,-138000,0,0,0,0,138000,-138000,-138000
08074P,緯穎元富9B售02  ,0,0,0,0,0,0,0,0,0,-139000,0,0,0,2000,141000,-139000,-139000
07181P,臺股指凱基99售23,0,0,0,0,0,0,0,0,0,-139000,0,0,0,51000,190000,-139000,-139000
056475,宏達電元大99購02,0,0,0,0,0,0,0,0,0,-139000,0,0,0,118000,257000,-139000,-139000
056339,聯發科凱基99購02,0,0,0,0,0,0,0,0,0,-139000,0,0,0,15000,154000,-139000,-139000
060644,泰鼎永豐9A購02  ,0,0,0,0,0,0,0,0,0,-139000,0,0,0,29000,168000,-139000,-139000
062949,聯發科富邦01購01,0,0,0,0,0,0,0,0,0,-139000,0,0,0,40000,179000,-139000,-139000
064545,智邦凱基9C購02  ,0,0,0,0,0,0,0,0,0,-139000,0,0,0,14000,153000,-139000,-139000
063995,健鼎群益9C購01  ,0,0,0,0,0,0,0,0,0,-139000,0,0,0,271000,410000,-139000,-139000
063663,台光電統一9C購01,0,0,0,0,0,0,0,0,0,-139000,0,0,0,162000,301000,-139000,-139000
06747P,大立光群益99售04,0,0,0,0,0,0,0,0,0,-140000,0,0,0,0,140000,-140000,-140000
08541P,景碩國票01售02  ,0,0,0,0,0,0,0,0,0,-140000,0,0,0,10000,150000,-140000,-140000
049700,瀚宇博元大97購01,0,0,0,0,0,0,0,0,0,-140000,0,0,0,65000,205000,-140000,-140000
03647C,T50反1元富99牛02,0,0,0,0,0,0,0,0,0,-140000,0,0,0,10000,150000,-140000,-140000
060562,旺宏富邦9C購02  ,0,0,0,0,0,0,0,0,0,-140000,0,0,0,110000,250000,-140000,-140000
058714,美律統一9B購01  ,0,0,0,0,0,0,0,0,0,-140000,0,0,0,73000,213000,-140000,-140000
058549,藍天永豐99購01  ,0,0,0,0,0,0,0,0,0,-140000,0,0,0,0,140000,-140000,-140000
063779,華邦電永豐9B購01,0,0,0,0,0,0,0,0,0,-140000,0,0,0,0,140000,-140000,-140000
063186,聯發科凱基9C購04,0,0,0,0,0,0,0,0,0,-140000,0,0,0,25000,165000,-140000,-140000
062026,華邦電群益9B購01,0,0,0,0,0,0,0,0,0,-140000,0,0,0,0,140000,-140000,-140000
062201,臺指反國票9B購05,0,0,0,0,0,0,0,0,0,-140000,0,0,0,0,140000,-140000,-140000
2605,新興            ,1788000,1970270,-182270,0,0,0,0,0,0,42000,107000,65000,42000,0,0,0,-140270
3022,威強電          ,73000,213440,-140440,0,0,0,0,0,0,0,0,0,0,0,0,0,-140440
056375,玉晶光統一01購01,0,0,0,0,0,0,0,0,0,-141000,0,0,0,71000,212000,-141000,-141000
055245,凱美統一99購01  ,0,0,0,0,0,0,0,0,0,-141000,0,0,0,52000,193000,-141000,-141000
057532,智原元大98購03  ,0,0,0,0,0,0,0,0,0,-141000,0,0,0,19000,160000,-141000,-141000
057803,上銀元大98購08  ,0,0,0,0,0,0,0,0,0,-141000,0,0,0,78000,219000,-141000,-141000
058369,亞光凱基99購02  ,0,0,0,0,0,0,0,0,0,-141000,0,0,0,39000,180000,-141000,-141000
063222,群創群益9B購03  ,0,0,0,0,0,0,0,0,0,-141000,0,0,0,109000,250000,-141000,-141000
08323P,華新科凱基9C售04,0,0,0,0,0,0,0,0,0,-142000,0,0,0,0,142000,-142000,-142000
08077P,亞德客國票9B售02,0,0,0,0,0,0,0,0,0,-142000,0,0,0,77000,219000,-142000,-142000
064838,旭富統一01購01  ,0,0,0,0,0,0,0,0,0,-142000,0,0,0,11000,153000,-142000,-142000
064822,台達電統一01購03,0,0,0,0,0,0,0,0,0,-142000,0,0,0,48000,190000,-142000,-142000
061478,奇鋐元大9A購01  ,0,0,0,0,0,0,0,0,0,-142000,0,0,0,141000,283000,-142000,-142000
062913,創意元大9B購02  ,0,0,0,0,0,0,0,0,0,-142000,0,0,0,56000,198000,-142000,-142000
1215,卜蜂            ,284000,359000,-75000,0,0,0,0,250000,-250000,182000,124000,0,124000,63000,5000,58000,-143000
056615,燿華永豐98購02  ,0,0,0,0,0,0,0,0,0,-143000,0,0,0,11000,154000,-143000,-143000
061509,SP黃豆富邦9C購01,0,0,0,0,0,0,0,0,0,-143000,0,0,0,215000,358000,-143000,-143000
059290,全新元富99購01  ,0,0,0,0,0,0,0,0,0,-143000,0,0,0,168000,311000,-143000,-143000
064759,景碩凱基9C購01  ,0,0,0,0,0,0,0,0,0,-144000,0,0,0,206000,350000,-144000,-144000
054631,台郡凱基98購02  ,0,0,0,0,0,0,0,0,0,-144000,0,0,0,20000,164000,-144000,-144000
058496,文曄群益99購01  ,0,0,0,0,0,0,0,0,0,-144000,0,0,0,0,144000,-144000,-144000
057980,聯詠永豐98購01  ,0,0,0,0,0,0,0,0,0,-144000,0,0,0,13000,157000,-144000,-144000
061020,超眾國票9A購02  ,0,0,0,0,0,0,0,0,0,-144000,0,0,0,40000,184000,-144000,-144000
061817,高鐵群益9B購01  ,0,0,0,0,0,0,0,0,0,-144000,0,0,0,18000,162000,-144000,-144000
057641,旺宏元大98購10  ,0,0,0,0,0,0,0,0,0,-144000,0,0,0,0,144000,-144000,-144000
063287,嘉澤元大9B購05  ,0,0,0,0,0,0,0,0,0,-144000,0,0,0,93000,237000,-144000,-144000
06619P,聯發科元大98售06,0,0,0,0,0,0,0,0,0,-145000,0,0,0,55000,200000,-145000,-145000
055415,禾伸堂富邦9B購01,0,0,0,0,0,0,0,0,0,-145000,0,0,0,43000,188000,-145000,-145000
057311,玉晶光日盛9A購01,0,0,0,0,0,0,0,0,0,-145000,0,0,0,30000,175000,-145000,-145000
058363,全新凱基9A購02  ,0,0,0,0,0,0,0,0,0,-145000,0,0,0,56000,201000,-145000,-145000
057888,貿聯群益98購02  ,0,0,0,0,0,0,0,0,0,-145000,0,0,0,9000,154000,-145000,-145000
064315,創意群益9C購01  ,0,0,0,0,0,0,0,0,0,-145000,0,0,0,69000,214000,-145000,-145000
064771,貿聯中信01購01  ,0,0,0,0,0,0,0,0,0,-146000,0,0,0,18000,164000,-146000,-146000
064568,聯鈞群益9C購01  ,0,0,0,0,0,0,0,0,0,-146000,0,0,0,105000,251000,-146000,-146000
3588,通嘉            ,44000,191000,-147000,0,0,0,0,0,0,1000,1000,0,1000,0,0,0,-146000
2362,藍天            ,150000,389000,-239000,0,0,0,0,0,0,93000,88000,0,88000,5000,0,5000,-146000
051700,深中小群益99購04,0,0,0,0,0,0,0,0,0,-146000,0,0,0,150000,296000,-146000,-146000
062782,聯發科元大9B購12,0,0,0,0,0,0,0,0,0,-146000,0,0,0,35000,181000,-146000,-146000
062156,美律凱基9B購01  ,0,0,0,0,0,0,0,0,0,-146000,0,0,0,49000,195000,-146000,-146000
061870,智邦元大9B購02  ,0,0,0,0,0,0,0,0,0,-146000,0,0,0,29000,175000,-146000,-146000
6416,瑞祺電通        ,821000,1289000,-468000,0,0,0,423000,0,423000,-101000,165000,240000,-75000,84000,110000,-26000,-146000
4552,力達-KY         ,73000,219000,-146000,0,0,0,0,0,0,0,0,0,0,0,0,0,-146000
065172,義隆元大9C購05  ,0,0,0,0,0,0,0,0,0,-147000,0,0,0,24000,171000,-147000,-147000
064887,嘉晶中信9C購02  ,0,0,0,0,0,0,0,0,0,-147000,0,0,0,0,147000,-147000,-147000
058091,欣興元大99購03  ,0,0,0,0,0,0,0,0,0,-147000,0,0,0,139000,286000,-147000,-147000
060956,超眾群益9A購01  ,0,0,0,0,0,0,0,0,0,-147000,0,0,0,107000,254000,-147000,-147000
061530,智邦台新9A購02  ,0,0,0,0,0,0,0,0,0,-147000,0,0,0,2000,149000,-147000,-147000
062844,T50反1國泰9C購01,0,0,0,0,0,0,0,0,0,-147000,0,0,0,133000,280000,-147000,-147000
063838,上銀元大9C購01  ,0,0,0,0,0,0,0,0,0,-147000,0,0,0,0,147000,-147000,-147000
065112,台表科國票02購01,0,0,0,0,0,0,0,0,0,-148000,0,0,0,35000,183000,-148000,-148000
08308P,聯發科凱基01售03,0,0,0,0,0,0,0,0,0,-148000,0,0,0,30000,178000,-148000,-148000
063340,英業達統一9B購01,0,0,0,0,0,0,0,0,0,-148000,0,0,0,118000,266000,-148000,-148000
062224,玉晶光統一9C購03,0,0,0,0,0,0,0,0,0,-148000,0,0,0,45000,193000,-148000,-148000
057389,玉晶光永豐98購06,0,0,0,0,0,0,0,0,0,-149000,0,0,0,185000,334000,-149000,-149000
065095,玉晶光元大02購02,0,0,0,0,0,0,0,0,0,-150000,0,0,0,70000,220000,-150000,-150000
057544,鴻海凱基02購01  ,0,0,0,0,0,0,0,0,0,-150000,0,0,0,0,150000,-150000,-150000
057240,茂林凱基9A購01  ,0,0,0,0,0,0,0,0,0,-150000,0,0,0,0,150000,-150000,-150000
060804,T50反1群益9A購02,0,0,0,0,0,0,0,0,0,-150000,0,0,0,0,150000,-150000,-150000
059540,新光金日盛99購01,0,0,0,0,0,0,0,0,0,-150000,0,0,0,0,150000,-150000,-150000
060290,興富發元大9C購01,0,0,0,0,0,0,0,0,0,-150000,0,0,0,1000,151000,-150000,-150000
062910,亞光元大9B購01  ,0,0,0,0,0,0,0,0,0,-150000,0,0,0,49000,199000,-150000,-150000
064435,聯發科凱基02購03,0,0,0,0,0,0,0,0,0,-150000,0,0,0,3000,153000,-150000,-150000
3014,聯陽            ,473000,765000,-292000,0,0,0,0,0,0,141000,50000,0,50000,96000,5000,91000,-151000
058172,國巨凱基9B購02  ,0,0,0,0,0,0,0,0,0,-151000,0,0,0,0,151000,-151000,-151000
056142,超眾元大97購06  ,0,0,0,0,0,0,0,0,0,-151000,0,0,0,51000,202000,-151000,-151000
062775,大成鋼元大9B購02,0,0,0,0,0,0,0,0,0,-151000,0,0,0,340000,491000,-151000,-151000
063248,創意元大9C購01  ,0,0,0,0,0,0,0,0,0,-151000,0,0,0,67000,218000,-151000,-151000
062969,旺宏元富9B購01  ,0,0,0,0,0,0,0,0,0,-151000,0,0,0,0,151000,-151000,-151000
3669,圓展            ,804000,956000,-152000,0,0,0,0,0,0,0,0,0,0,0,0,0,-152000
06845P,億光元大98售02  ,0,0,0,0,0,0,0,0,0,-152000,0,0,0,45000,197000,-152000,-152000
4190,佐登-KY         ,107000,113000,-6000,0,0,0,0,153000,-153000,7000,2000,3000,-1000,9000,1000,8000,-152000
2448,晶電            ,8891000,9385123,-494123,0,0,0,34000,0,34000,308000,2081000,1790000,291000,33000,16000,17000,-152123
1218,泰山            ,157000,311000,-154000,0,0,0,0,0,0,1000,5000,4000,1000,0,0,0,-153000
064743,聯詠國票01購01  ,0,0,0,0,0,0,0,0,0,-153000,0,0,0,26000,179000,-153000,-153000
055891,鴻海統一9A購01  ,0,0,0,0,0,0,0,0,0,-153000,0,0,0,25000,178000,-153000,-153000
05755P,臺股指中信99售04,0,0,0,0,0,0,0,0,0,-153000,0,0,0,37000,190000,-153000,-153000
058272,超眾永豐9A購01  ,0,0,0,0,0,0,0,0,0,-153000,0,0,0,0,153000,-153000,-153000
061713,華邦電凱基9A購01,0,0,0,0,0,0,0,0,0,-153000,0,0,0,0,153000,-153000,-153000
08475P,臺股指凱基9C售13,0,0,0,0,0,0,0,0,0,-154000,0,0,0,0,154000,-154000,-154000
07989P,玉晶光凱基9B售07,0,0,0,0,0,0,0,0,0,-154000,0,0,0,0,154000,-154000,-154000
03840P,台積電統一99售02,0,0,0,0,0,0,0,0,0,-154000,0,0,0,0,154000,-154000,-154000
061549,泰碩群益9A購01  ,0,0,0,0,0,0,0,0,0,-154000,0,0,0,40000,194000,-154000,-154000
061360,智邦兆豐9B購02  ,0,0,0,0,0,0,0,0,0,-154000,0,0,0,206000,360000,-154000,-154000
060424,中租永豐9A購01  ,0,0,0,0,0,0,0,0,0,-154000,0,0,0,141000,295000,-154000,-154000
060310,瑞昱永豐9A購01  ,0,0,0,0,0,0,0,0,0,-154000,0,0,0,24000,178000,-154000,-154000
057931,正崴群益98購02  ,0,0,0,0,0,0,0,0,0,-154000,0,0,0,4000,158000,-154000,-154000
063207,聯茂統一01購01  ,0,0,0,0,0,0,0,0,0,-154000,0,0,0,364000,518000,-154000,-154000
063219,友達群益9B購03  ,0,0,0,0,0,0,0,0,0,-154000,0,0,0,198000,352000,-154000,-154000
062425,可成統一01購01  ,0,0,0,0,0,0,0,0,0,-154000,0,0,0,0,154000,-154000,-154000
064417,創意中信9C購01  ,0,0,0,0,0,0,0,0,0,-154000,0,0,0,48000,202000,-154000,-154000
065127,世芯永豐9C購03  ,0,0,0,0,0,0,0,0,0,-155000,0,0,0,58000,213000,-155000,-155000
057613,瑞昱元富02購02  ,0,0,0,0,0,0,0,0,0,-155000,0,0,0,0,155000,-155000,-155000
065119,大立光富邦03購03,0,0,0,0,0,0,0,0,0,-156000,0,0,0,0,156000,-156000,-156000
064643,瑞昱凱基04購01  ,0,0,0,0,0,0,0,0,0,-156000,0,0,0,23000,179000,-156000,-156000
07851P,聯發科國票9A售05,0,0,0,0,0,0,0,0,0,-156000,0,0,0,40000,196000,-156000,-156000
059469,智邦元大99購03  ,0,0,0,0,0,0,0,0,0,-156000,0,0,0,79000,235000,-156000,-156000
059832,超眾康和99購01  ,0,0,0,0,0,0,0,0,0,-156000,0,0,0,43000,199000,-156000,-156000
063818,矽創群益9C購01  ,0,0,0,0,0,0,0,0,0,-156000,0,0,0,104000,260000,-156000,-156000
9938,百和            ,134000,306000,-172000,0,0,0,100000,0,100000,-84000,12000,75000,-63000,2000,23000,-21000,-156000
08480P,臺股指凱基9C售18,0,0,0,0,0,0,0,0,0,-157000,0,0,0,0,157000,-157000,-157000
057276,全新元大99購03  ,0,0,0,0,0,0,0,0,0,-157000,0,0,0,0,157000,-157000,-157000
063955,TPK元大9C購01   ,0,0,0,0,0,0,0,0,0,-157000,0,0,0,10000,167000,-157000,-157000
062295,康友永豐9B購01  ,0,0,0,0,0,0,0,0,0,-157000,0,0,0,75000,232000,-157000,-157000
8996,高力            ,96000,253000,-157000,0,0,0,0,0,0,0,0,0,0,0,0,0,-157000
06545P,致茂元大98售01  ,0,0,0,0,0,0,0,0,0,-158000,0,0,0,0,158000,-158000,-158000
058685,TPK凱基99購01   ,0,0,0,0,0,0,0,0,0,-158000,0,0,0,2000,160000,-158000,-158000
060434,台汽電永豐9A購01,0,0,0,0,0,0,0,0,0,-158000,0,0,0,0,158000,-158000,-158000
062058,瑞昱統一01購01  ,0,0,0,0,0,0,0,0,0,-158000,0,0,0,32000,190000,-158000,-158000
07685P,玉晶光凱基9B售03,0,0,0,0,0,0,0,0,0,-159000,0,0,0,1000,160000,-159000,-159000
08104P,晶技元大9B售06  ,0,0,0,0,0,0,0,0,0,-159000,0,0,0,8000,167000,-159000,-159000
056472,美律元大99購03  ,0,0,0,0,0,0,0,0,0,-159000,0,0,0,120000,279000,-159000,-159000
056670,樺漢國票99購01  ,0,0,0,0,0,0,0,0,0,-159000,0,0,0,75000,234000,-159000,-159000
057690,美律凱基99購03  ,0,0,0,0,0,0,0,0,0,-159000,0,0,0,0,159000,-159000,-159000
07796P,聯發科國票9A售03,0,0,0,0,0,0,0,0,0,-160000,0,0,0,20000,180000,-160000,-160000
06878P,台灣50日盛9B售01,0,0,0,0,0,0,0,0,0,-160000,0,0,0,0,160000,-160000,-160000
064794,牧德國票01購01  ,0,0,0,0,0,0,0,0,0,-160000,0,0,0,0,160000,-160000,-160000
055744,茂林元富97購02  ,0,0,0,0,0,0,0,0,0,-160000,0,0,0,0,160000,-160000,-160000
059064,緯穎凱基99購02  ,0,0,0,0,0,0,0,0,0,-160000,0,0,0,10000,170000,-160000,-160000
058648,聯陽永豐99購01  ,0,0,0,0,0,0,0,0,0,-160000,0,0,0,146000,306000,-160000,-160000
060180,上証2X元富9A購02,0,0,0,0,0,0,0,0,0,-160000,0,0,0,0,160000,-160000,-160000
062423,聯發科統一9C購07,0,0,0,0,0,0,0,0,0,-160000,0,0,0,1228000,1388000,-160000,-160000
08070P,晶技國泰9C售02  ,0,0,0,0,0,0,0,0,0,-161000,0,0,0,99000,260000,-161000,-161000
08278P,玉晶光元富9C售02,0,0,0,0,0,0,0,0,0,-161000,0,0,0,0,161000,-161000,-161000
057032,A50反1元大9B購01,0,0,0,0,0,0,0,0,0,-161000,0,0,0,0,161000,-161000,-161000
062313,聯詠凱基9C購01  ,0,0,0,0,0,0,0,0,0,-161000,0,0,0,40000,201000,-161000,-161000
064363,聯發科統一9C購14,0,0,0,0,0,0,0,0,0,-161000,0,0,0,0,161000,-161000,-161000
063423,聯詠凱基9C購02  ,0,0,0,0,0,0,0,0,0,-161000,0,0,0,0,161000,-161000,-161000
060158,廣達永豐9A購01  ,0,0,0,0,0,0,0,0,0,-162000,0,0,0,43000,205000,-162000,-162000
060309,佳世達永豐9A購01,0,0,0,0,0,0,0,0,0,-162000,0,0,0,0,162000,-162000,-162000
061511,緯穎富邦9B購02  ,0,0,0,0,0,0,0,0,0,-162000,0,0,0,154000,316000,-162000,-162000
061594,玉晶光永豐9A購08,0,0,0,0,0,0,0,0,0,-162000,0,0,0,42000,204000,-162000,-162000
062361,智邦元大9B購06  ,0,0,0,0,0,0,0,0,0,-162000,0,0,0,61000,223000,-162000,-162000
063150,聯發科元富05購03,0,0,0,0,0,0,0,0,0,-162000,0,0,0,18000,180000,-162000,-162000
3015,全漢            ,60000,265000,-205000,0,0,0,0,0,0,42000,42000,0,42000,0,0,0,-163000
055919,景碩凱基98購02  ,0,0,0,0,0,0,0,0,0,-163000,0,0,0,42000,205000,-163000,-163000
059618,台積電日盛99購01,0,0,0,0,0,0,0,0,0,-163000,0,0,0,16000,179000,-163000,-163000
059139,全新兆豐9A購01  ,0,0,0,0,0,0,0,0,0,-163000,0,0,0,76000,239000,-163000,-163000
058361,美律凱基99購06  ,0,0,0,0,0,0,0,0,0,-163000,0,0,0,48000,211000,-163000,-163000
060016,廣達康和99購01  ,0,0,0,0,0,0,0,0,0,-163000,0,0,0,206000,369000,-163000,-163000
060028,國揚永豐99購01  ,0,0,0,0,0,0,0,0,0,-163000,0,0,0,0,163000,-163000,-163000
062915,嘉澤元大9B購03  ,0,0,0,0,0,0,0,0,0,-163000,0,0,0,161000,324000,-163000,-163000
062019,嘉澤永豐9B購01  ,0,0,0,0,0,0,0,0,0,-163000,0,0,0,43000,206000,-163000,-163000
063647,超眾元大9B購02  ,0,0,0,0,0,0,0,0,0,-164000,0,0,0,94000,258000,-164000,-164000
064029,宏達電元大9C購01,0,0,0,0,0,0,0,0,0,-164000,0,0,0,42000,206000,-164000,-164000
08474P,臺股指凱基9C售12,0,0,0,0,0,0,0,0,0,-165000,0,0,0,0,165000,-165000,-165000
055525,國巨群益98購05  ,0,0,0,0,0,0,0,0,0,-165000,0,0,0,7000,172000,-165000,-165000
055390,國巨統一98購03  ,0,0,0,0,0,0,0,0,0,-165000,0,0,0,0,165000,-165000,-165000
058434,旺宏統一9B購01  ,0,0,0,0,0,0,0,0,0,-165000,0,0,0,1000,166000,-165000,-165000
062787,超眾元大9C購02  ,0,0,0,0,0,0,0,0,0,-165000,0,0,0,118000,283000,-165000,-165000
8249,菱光            ,34000,199000,-165000,0,0,0,0,0,0,0,0,0,0,0,0,0,-165000
9946,三發地產        ,0,165000,-165000,0,0,0,0,0,0,0,0,0,0,0,0,0,-165000
065269,貿聯元大9C購05  ,0,0,0,0,0,0,0,0,0,-166000,0,0,0,0,166000,-166000,-166000
07183P,臺股指凱基99售25,0,0,0,0,0,0,0,0,0,-166000,0,0,0,0,166000,-166000,-166000
064307,聚陽群益9C購03  ,0,0,0,0,0,0,0,0,0,-166000,0,0,0,6000,172000,-166000,-166000
07900P,臺股指凱基9B售03,0,0,0,0,0,0,0,0,0,-167000,0,0,0,20000,187000,-167000,-167000
056911,緯穎元大99購01  ,0,0,0,0,0,0,0,0,0,-167000,0,0,0,138000,305000,-167000,-167000
061515,泰碩永豐9A購03  ,0,0,0,0,0,0,0,0,0,-167000,0,0,0,0,167000,-167000,-167000
08477P,臺股指凱基9C售15,0,0,0,0,0,0,0,0,0,-168000,0,0,0,0,168000,-168000,-168000
064187,亞光永豐9C購01  ,0,0,0,0,0,0,0,0,0,-168000,0,0,0,123000,291000,-168000,-168000
4737,華廣            ,5000,173000,-168000,0,0,0,0,0,0,0,0,0,0,0,0,0,-168000
056202,國揚永豐97購01  ,0,0,0,0,0,0,0,0,0,-169000,0,0,0,0,169000,-169000,-169000
063166,超眾永豐9B購01  ,0,0,0,0,0,0,0,0,0,-169000,0,0,0,0,169000,-169000,-169000
08214P,南六統一9B售03  ,0,0,0,0,0,0,0,0,0,-170000,0,0,0,597000,767000,-170000,-170000
07182P,臺股指凱基99售24,0,0,0,0,0,0,0,0,0,-170000,0,0,0,0,170000,-170000,-170000
07179P,臺股指凱基99售21,0,0,0,0,0,0,0,0,0,-170000,0,0,0,0,170000,-170000,-170000
07098P,台積電元大99售18,0,0,0,0,0,0,0,0,0,-170000,0,0,0,250000,420000,-170000,-170000
064582,裕隆永豐9C購02  ,0,0,0,0,0,0,0,0,0,-170000,0,0,0,68000,238000,-170000,-170000
065085,聯發科元大01購02,0,0,0,0,0,0,0,0,0,-170000,0,0,0,473000,643000,-170000,-170000
056209,超眾永豐97購02  ,0,0,0,0,0,0,0,0,0,-170000,0,0,0,10000,180000,-170000,-170000
059692,聯詠永豐99購01  ,0,0,0,0,0,0,0,0,0,-170000,0,0,0,51000,221000,-170000,-170000
057589,超眾國票9A購01  ,0,0,0,0,0,0,0,0,0,-170000,0,0,0,0,170000,-170000,-170000
062359,旺宏元大9C購02  ,0,0,0,0,0,0,0,0,0,-170000,0,0,0,0,170000,-170000,-170000
064940,智伸科元富9C購01,0,0,0,0,0,0,0,0,0,-171000,0,0,0,217000,388000,-171000,-171000
1308,亞聚            ,480000,651000,-171000,0,0,0,0,0,0,0,0,0,0,0,0,0,-171000
3031,佰鴻            ,18000,189000,-171000,0,0,0,0,0,0,0,0,0,0,0,0,0,-171000
059791,超眾元大99購06  ,0,0,0,0,0,0,0,0,0,-171000,0,0,0,40000,211000,-171000,-171000
056470,旺宏元大99購01  ,0,0,0,0,0,0,0,0,0,-171000,0,0,0,1000,172000,-171000,-171000
059140,大立光兆豐9A購02,0,0,0,0,0,0,0,0,0,-171000,0,0,0,10000,181000,-171000,-171000
062786,立積元大9C購03  ,0,0,0,0,0,0,0,0,0,-171000,0,0,0,175000,346000,-171000,-171000
08259P,華新科元大9C售04,0,0,0,0,0,0,0,0,0,-172000,0,0,0,0,172000,-172000,-172000
065097,貿聯元大9C購04  ,0,0,0,0,0,0,0,0,0,-172000,0,0,0,0,172000,-172000,-172000
057404,貿聯群益99購01  ,0,0,0,0,0,0,0,0,0,-172000,0,0,0,27000,199000,-172000,-172000
5305,敦南            ,153000,325000,-172000,0,0,0,0,0,0,0,0,0,0,0,0,0,-172000
00640L,富邦日本正2     ,0,10000,-10000,0,0,0,0,0,0,-162500,0,0,0,455500,618000,-162500,-172500
07146P,瑞昱元大99售02  ,0,0,0,0,0,0,0,0,0,-173000,0,0,0,10000,183000,-173000,-173000
2231,為升            ,24000,190000,-166000,0,0,0,0,6231,-6231,-1000,0,0,0,0,1000,-1000,-173231
1312,國喬            ,645000,706000,-61000,0,0,0,0,0,0,-113000,0,100000,-100000,3000,16000,-13000,-174000
063630,智邦元大9B購09  ,0,0,0,0,0,0,0,0,0,-174000,0,0,0,79000,253000,-174000,-174000
2204,中華            ,436000,507349,-71349,0,0,0,0,124800,-124800,22000,22000,0,22000,0,0,0,-174149
08481P,臺股指凱基9C售19,0,0,0,0,0,0,0,0,0,-175000,0,0,0,0,175000,-175000,-175000
08212P,鴻海統一9B售08  ,0,0,0,0,0,0,0,0,0,-175000,0,0,0,0,175000,-175000,-175000
054590,嘉聯益國泰98購01,0,0,0,0,0,0,0,0,0,-175000,0,0,0,255000,430000,-175000,-175000
058901,美律元大99購07  ,0,0,0,0,0,0,0,0,0,-175000,0,0,0,1000,176000,-175000,-175000
064352,嘉聯益元大9C購01,0,0,0,0,0,0,0,0,0,-175000,0,0,0,799000,974000,-175000,-175000
1733,五鼎            ,100000,279200,-179200,0,0,0,0,0,0,4000,8000,4000,4000,0,0,0,-175200
058248,聯茂元大99購05  ,0,0,0,0,0,0,0,0,0,-176000,0,0,0,0,176000,-176000,-176000
08234P,華擎元富9B售03  ,0,0,0,0,0,0,0,0,0,-177000,0,0,0,22000,199000,-177000,-177000
07880P,可成群益9B售05  ,0,0,0,0,0,0,0,0,0,-177000,0,0,0,36000,213000,-177000,-177000
056345,嘉聯益凱基99購01,0,0,0,0,0,0,0,0,0,-177000,0,0,0,25000,202000,-177000,-177000
059363,超眾永豐99購02  ,0,0,0,0,0,0,0,0,0,-177000,0,0,0,20000,197000,-177000,-177000
063782,致新永豐9B購02  ,0,0,0,0,0,0,0,0,0,-177000,0,0,0,39000,216000,-177000,-177000
063250,同欣電元大9B購03,0,0,0,0,0,0,0,0,0,-177000,0,0,0,83000,260000,-177000,-177000
08513P,聯發科凱基9C售08,0,0,0,0,0,0,0,0,0,-178000,0,0,0,100000,278000,-178000,-178000
064718,友達統一02購01  ,0,0,0,0,0,0,0,0,0,-178000,0,0,0,41000,219000,-178000,-178000
00656R,國泰中國A50反1  ,0,0,0,0,0,0,0,0,0,-179000,0,0,0,15000,194000,-179000,-179000
061262,智邦凱基9A購02  ,0,0,0,0,0,0,0,0,0,-179000,0,0,0,50000,229000,-179000,-179000
058455,玉晶光永豐99購03,0,0,0,0,0,0,0,0,0,-179000,0,0,0,33000,212000,-179000,-179000
06470P,臺股指凱基99售10,0,0,0,0,0,0,0,0,0,-180000,0,0,0,0,180000,-180000,-180000
064595,超眾統一02購01  ,0,0,0,0,0,0,0,0,0,-180000,0,0,0,20000,200000,-180000,-180000
06891P,緯穎富邦99售03  ,0,0,0,0,0,0,0,0,0,-180000,0,0,0,10000,190000,-180000,-180000
055573,國巨統一97購06  ,0,0,0,0,0,0,0,0,0,-180000,0,0,0,0,180000,-180000,-180000
061025,創意富邦9B購01  ,0,0,0,0,0,0,0,0,0,-180000,0,0,0,0,180000,-180000,-180000
060417,正隆永豐9A購01  ,0,0,0,0,0,0,0,0,0,-180000,0,0,0,0,180000,-180000,-180000
07707P,玉山金元大9A售03,0,0,0,0,0,0,0,0,0,-181000,0,0,0,0,181000,-181000,-181000
07555P,玉晶光元大9A售07,0,0,0,0,0,0,0,0,0,-181000,0,0,0,0,181000,-181000,-181000
08476P,臺股指凱基9C售14,0,0,0,0,0,0,0,0,0,-181000,0,0,0,0,181000,-181000,-181000
07783P,聯發科富邦9C售03,0,0,0,0,0,0,0,0,0,-181000,0,0,0,0,181000,-181000,-181000
057231,美律凱基98購05  ,0,0,0,0,0,0,0,0,0,-181000,0,0,0,10000,191000,-181000,-181000
055943,瑞昱麥證97購01  ,0,0,0,1000,182000,-181000,0,0,0,-181000,0,0,0,1000,182000,-181000,-181000
064130,創意元大9C購02  ,0,0,0,0,0,0,0,0,0,-181000,0,0,0,48000,229000,-181000,-181000
07714P,世紀鋼元大9A售03,0,0,0,0,0,0,0,0,0,-182000,0,0,0,18000,200000,-182000,-182000
055022,精元國泰99購01  ,0,0,0,0,0,0,0,0,0,-182000,0,0,0,5000,187000,-182000,-182000
063932,世芯統一01購01  ,0,3000,-3000,0,0,0,0,0,0,-179000,0,0,0,672000,851000,-179000,-182000
063568,高鐵元大9B購01  ,0,0,0,0,0,0,0,0,0,-182000,0,0,0,0,182000,-182000,-182000
8341,日友            ,10000,199000,-189000,0,0,0,0,0,0,7000,7000,0,7000,0,0,0,-182000
07218P,臺股指凱基99售31,0,0,0,0,0,0,0,0,0,-183000,0,0,0,66000,249000,-183000,-183000
3047,訊舟            ,102000,284000,-182000,0,0,0,0,0,0,-1000,0,1000,-1000,0,0,0,-183000
060722,矽格永豐9A購01  ,0,0,0,0,0,0,0,0,0,-183000,0,0,0,49000,232000,-183000,-183000
058371,智原凱基9A購01  ,0,0,0,0,0,0,0,0,0,-183000,0,0,0,10000,193000,-183000,-183000
063998,聯發科兆豐9C購02,0,0,0,0,0,0,0,0,0,-183000,0,0,0,118000,301000,-183000,-183000
064023,智邦元大9C購02  ,0,0,0,0,0,0,0,0,0,-183000,0,0,0,98000,281000,-183000,-183000
063082,瑞昱凱基9B購04  ,0,0,0,0,0,0,0,0,0,-183000,0,0,0,38000,221000,-183000,-183000
064730,超眾統一02購02  ,0,0,0,0,0,0,0,0,0,-184000,0,0,0,20000,204000,-184000,-184000
064255,泰碩國泰02購01  ,0,0,0,0,0,0,0,0,0,-184000,0,0,0,0,184000,-184000,-184000
1590,亞德客-KY       ,942763,1069744,-126981,0,0,0,0,64000,-64000,6000,0,0,0,7000,1000,6000,-184981
1731,美吾華          ,112000,297000,-185000,0,0,0,0,0,0,0,0,0,0,0,0,0,-185000
00654R,富邦印度反1     ,14000,39000,-25000,0,0,0,0,0,0,-160000,0,0,0,44000,204000,-160000,-185000
056197,友訊永豐97購01  ,0,0,0,0,0,0,0,0,0,-185000,0,0,0,0,185000,-185000,-185000
059647,超眾凱基99購04  ,0,0,0,0,0,0,0,0,0,-185000,0,0,0,8000,193000,-185000,-185000
064194,燿華群益9C購01  ,0,0,0,0,0,0,0,0,0,-185000,0,0,0,195000,380000,-185000,-185000
056264,聯發科統一98購02,0,0,0,0,0,0,0,0,0,-186000,0,0,0,2000,188000,-186000,-186000
056625,致伸永豐98購01  ,0,0,0,0,0,0,0,0,0,-186000,0,0,0,0,186000,-186000,-186000
052417,聯發科兆豐9B購01,0,0,0,0,0,0,0,0,0,-187000,0,0,0,0,187000,-187000,-187000
064208,智邦凱基02購01  ,0,0,0,0,0,0,0,0,0,-187000,0,0,0,76000,263000,-187000,-187000
063151,奇鋐元富9B購01  ,0,0,0,0,0,0,0,0,0,-187000,0,0,0,128000,315000,-187000,-187000
062281,奇鋐群益9B購01  ,0,0,0,0,0,0,0,0,0,-187000,0,0,0,42000,229000,-187000,-187000
07990P,緯穎凱基9B售02  ,0,0,0,0,0,0,0,0,0,-188000,0,0,0,0,188000,-188000,-188000
064907,緯穎群益9C購02  ,0,0,0,0,0,0,0,0,0,-188000,0,0,0,23000,211000,-188000,-188000
059261,華邦電中信01購01,0,0,0,0,0,0,0,0,0,-188000,0,0,0,0,188000,-188000,-188000
061944,聯電群益9B購01  ,0,0,0,0,0,0,0,0,0,-188000,0,0,0,0,188000,-188000,-188000
064083,群創中信06購01  ,0,0,0,0,0,0,0,0,0,-188000,0,0,0,31000,219000,-188000,-188000
2911,麗嬰房          ,25000,214000,-189000,0,0,0,0,0,0,0,0,0,0,0,0,0,-189000
062986,T50反1中信02購01,0,0,0,0,0,0,0,0,0,-189000,0,0,0,699000,888000,-189000,-189000
065217,世芯國泰02購01  ,0,0,0,0,0,0,0,0,0,-190000,0,0,0,59000,249000,-190000,-190000
053652,友達凱基98購04  ,0,0,0,0,0,0,0,0,0,-190000,0,0,0,0,190000,-190000,-190000
058399,美律元大99購05  ,0,0,0,0,0,0,0,0,0,-191000,0,0,0,0,191000,-191000,-191000
064149,美律統一02購01  ,0,0,0,0,0,0,0,0,0,-191000,0,0,0,0,191000,-191000,-191000
064850,智原元富9C購01  ,0,0,0,0,0,0,0,0,0,-192000,0,0,0,85000,277000,-192000,-192000
3704,合勤控          ,545000,736000,-191000,0,0,0,0,0,0,-1000,8000,0,8000,0,9000,-9000,-192000
057354,聯鈞統一99購03  ,0,0,0,0,0,0,0,0,0,-192000,0,0,0,405000,597000,-192000,-192000
060306,台肥永豐9A購01  ,0,0,0,0,0,0,0,0,0,-192000,0,0,0,0,192000,-192000,-192000
063177,友達兆豐9B購01  ,0,0,0,0,0,0,0,0,0,-192000,0,0,0,50000,242000,-192000,-192000
6715,嘉基            ,36000,243000,-207000,0,0,0,15000,0,15000,0,0,0,0,0,0,0,-192000
8271,宇瞻            ,93000,345450,-252450,0,0,0,0,0,0,60000,60000,0,60000,0,0,0,-192450
064678,嘉晶兆豐01購01  ,0,0,0,0,0,0,0,0,0,-193000,0,0,0,60000,253000,-193000,-193000
1582,信錦            ,51000,299750,-248750,0,0,0,0,0,0,55000,55000,0,55000,0,0,0,-193750
07180P,臺股指凱基99售22,0,0,0,0,0,0,0,0,0,-194000,0,0,0,0,194000,-194000,-194000
07127P,精元元大99售01  ,0,0,0,0,0,0,0,0,0,-194000,0,0,0,20000,214000,-194000,-194000
056385,創意國泰99購01  ,0,0,0,0,0,0,0,0,0,-194000,0,0,0,42000,236000,-194000,-194000
057567,嘉聯益富邦9A購01,0,0,0,0,0,0,0,0,0,-194000,0,0,0,644000,838000,-194000,-194000
056699,光罩國泰99購01  ,0,0,0,0,0,0,0,0,0,-194000,0,0,0,1000,195000,-194000,-194000
064071,台郡永豐9C購01  ,0,0,0,0,0,0,0,0,0,-194000,0,0,0,115000,309000,-194000,-194000
064046,聯發科統一9C購12,0,0,0,0,0,0,0,0,0,-194000,0,0,0,2000,196000,-194000,-194000
07478P,南電康和9A售02  ,0,0,0,0,0,0,0,0,0,-195000,0,0,0,20000,215000,-195000,-195000
07949P,滬深2X元大9B售04,0,0,0,0,0,0,0,0,0,-195000,0,0,0,0,195000,-195000,-195000
08180P,聯發科國泰01售05,0,0,0,0,0,0,0,0,0,-195000,0,0,0,10000,205000,-195000,-195000
056302,大立光元大97購17,0,0,0,0,0,0,0,0,0,-195000,0,0,0,68000,263000,-195000,-195000
059639,大立光凱基9A購06,0,0,0,0,0,0,0,0,0,-195000,0,0,0,0,195000,-195000,-195000
9103,美德醫療-DR     ,10000,205000,-195000,0,0,0,0,0,0,0,0,0,0,0,0,0,-195000
062710,盛群元大9B購01  ,0,0,0,0,0,0,0,0,0,-196000,0,0,0,62000,258000,-196000,-196000
062404,新唐永豐9B購01  ,0,0,0,0,0,0,0,0,0,-196000,0,0,0,0,196000,-196000,-196000
052468,超眾統一96購02  ,0,0,0,0,0,0,0,0,0,-197000,0,0,0,0,197000,-197000,-197000
9921,巨大            ,1984678,1988948,-4270,0,0,0,7000,178000,-171000,-22000,11000,28000,-17000,4000,9000,-5000,-197270
08288P,鴻海統一9C售17  ,0,0,0,0,0,0,0,0,0,-198000,0,0,0,0,198000,-198000,-198000
064650,台表科凱基03購01,0,0,0,0,0,0,0,0,0,-198000,0,0,0,139000,337000,-198000,-198000
064627,矽格元大9C購01  ,0,0,0,0,0,0,0,0,0,-198000,0,0,0,194000,392000,-198000,-198000
064799,裕隆元大9C購02  ,0,0,0,0,0,0,0,0,0,-198000,0,0,0,0,198000,-198000,-198000
054931,緯穎凱基98購01  ,0,0,0,0,0,0,0,0,0,-198000,0,0,0,52000,250000,-198000,-198000
054164,強茂凱基98購01  ,0,0,0,0,0,0,0,0,0,-198000,0,0,0,200000,398000,-198000,-198000
059480,美律群益9A購01  ,0,0,0,0,0,0,0,0,0,-198000,0,0,0,9000,207000,-198000,-198000
061305,帆宣永豐9A購01  ,0,0,0,0,0,0,0,0,0,-198000,0,0,0,5000,203000,-198000,-198000
064442,嘉聯益凱基9C購01,0,0,0,0,0,0,0,0,0,-198000,0,0,0,403000,601000,-198000,-198000
064698,致伸群益9C購01  ,0,0,0,0,0,0,0,0,0,-199000,0,0,0,99000,298000,-199000,-199000
2426,鼎元            ,217000,416000,-199000,0,0,0,0,0,0,0,0,0,0,0,0,0,-199000
055973,亞德客統一97購01,0,0,0,0,0,0,0,0,0,-199000,0,0,0,0,199000,-199000,-199000
057570,技嘉永豐98購02  ,0,0,0,0,0,0,0,0,0,-199000,0,0,0,32000,231000,-199000,-199000
060422,台勝科永豐9A購01,0,0,0,0,0,0,0,0,0,-199000,0,0,0,136000,335000,-199000,-199000
063619,聯發科兆豐01購01,0,0,0,0,0,0,0,0,0,-199000,0,0,0,45000,244000,-199000,-199000
08437P,台郡群益9C售01  ,0,0,0,0,0,0,0,0,0,-200000,0,0,0,0,200000,-200000,-200000
07912P,玉晶光統一9B售02,0,0,0,0,0,0,0,0,0,-200000,0,0,0,0,200000,-200000,-200000
064615,智邦元大01購01  ,0,0,0,0,0,0,0,0,0,-200000,0,0,0,77000,277000,-200000,-200000
065312,日月光國票01購01,0,0,0,0,0,0,0,0,0,-200000,0,0,0,0,200000,-200000,-200000
055496,高鐵元大97購02  ,0,0,0,0,0,0,0,0,0,-200000,0,0,0,0,200000,-200000,-200000
057252,牧德元富98購01  ,0,0,0,0,0,0,0,0,0,-200000,0,0,0,0,200000,-200000,-200000
04427P,滬深2X元大97售02,0,0,0,0,0,0,0,0,0,-200000,0,0,0,0,200000,-200000,-200000
051082,上証2X元大98購01,0,0,0,0,0,0,0,0,0,-200000,0,0,0,0,200000,-200000,-200000
059477,FBVIX群益99購01 ,0,0,0,0,0,0,0,0,0,-200000,0,0,0,0,200000,-200000,-200000
058616,台虹元大9A購01  ,0,0,0,0,0,0,0,0,0,-200000,0,0,0,0,200000,-200000,-200000
057798,貿聯兆豐99購01  ,0,0,0,0,0,0,0,0,0,-200000,0,0,0,24000,224000,-200000,-200000
061795,智邦永豐9B購01  ,0,0,0,0,0,0,0,0,0,-201000,0,0,0,27000,228000,-201000,-201000
063303,聯發科凱基9B購14,0,0,0,0,0,0,0,0,0,-202000,0,0,0,0,202000,-202000,-202000
064308,國巨群益9C購09  ,0,0,0,0,0,0,0,0,0,-202000,0,0,0,14000,216000,-202000,-202000
07728P,臺股指凱基9A售20,0,0,0,0,0,0,0,0,0,-203000,0,0,0,10000,213000,-203000,-203000
08122P,晶技國票9C售01  ,0,0,0,0,0,0,0,0,0,-203000,0,0,0,86000,289000,-203000,-203000
2353,宏碁            ,6371182,6540714,-169532,0,0,0,1000,11000,-10000,-24000,0,0,0,47000,71000,-24000,-203532
065292,緯創群益9C購01  ,0,0,0,0,0,0,0,0,0,-204000,0,0,0,13000,217000,-204000,-204000
064852,智邦台新9C購04  ,0,0,0,0,0,0,0,0,0,-204000,0,0,0,3000,207000,-204000,-204000
053403,彩晶群益98購01  ,0,0,0,0,0,0,0,0,0,-204000,0,0,0,98000,302000,-204000,-204000
2439,美律            ,1162000,791172,370828,0,0,0,30000,677000,-647000,72000,69000,33000,36000,105000,69000,36000,-204172
8210,勤誠            ,64000,182000,-118000,0,0,0,0,90000,-90000,3133,3000,0,3000,1000,867,133,-204867
1702,南僑            ,93000,307000,-214000,0,0,0,0,0,0,9000,9000,0,9000,0,0,0,-205000
063997,泰鼎群益9C購01  ,0,0,0,0,0,0,0,0,0,-205000,0,0,0,0,205000,-205000,-205000
06690P,玉晶光群益9A售05,0,0,0,0,0,0,0,0,0,-206000,0,0,0,45000,251000,-206000,-206000
060869,超眾永豐9A購02  ,0,0,0,0,0,0,0,0,0,-206000,0,0,0,0,206000,-206000,-206000
063483,致新元大9B購03  ,0,0,0,0,0,0,0,0,0,-208000,0,0,0,300000,508000,-208000,-208000
6168,宏齊            ,71000,279000,-208000,0,0,0,0,0,0,0,0,0,0,0,0,0,-208000
2888,新光金          ,15668059,15371019,297040,0,0,0,1171000,0,1171000,-1677000,101000,20000,81000,100000,1858000,-1758000,-208960
08404P,技嘉元大9C售02  ,0,0,0,0,0,0,0,0,0,-209000,0,0,0,0,209000,-209000,-209000
056743,貿聯凱基98購04  ,0,0,0,0,0,0,0,0,0,-209000,0,0,0,1000,210000,-209000,-209000
058312,大毅國泰9B購01  ,0,0,0,0,0,0,0,0,0,-209000,0,0,0,130000,339000,-209000,-209000
058645,康控富邦01購01  ,0,0,0,0,0,0,0,0,0,-209000,0,0,0,343000,552000,-209000,-209000
063200,瑞昱統一9C購01  ,0,0,0,0,0,0,0,0,0,-209000,0,0,0,10000,219000,-209000,-209000
08237P,台積電富邦03售01,0,0,0,0,0,0,0,0,0,-210000,0,0,0,0,210000,-210000,-210000
054065,樺漢國票97購01  ,0,0,0,0,0,0,0,0,0,-210000,0,0,0,34000,244000,-210000,-210000
060664,聯詠凱基9A購01  ,0,0,0,0,0,0,0,0,0,-210000,0,0,0,50000,260000,-210000,-210000
062232,聯詠麥證9C購01  ,0,0,0,20000,230000,-210000,0,0,0,-210000,0,0,0,20000,230000,-210000,-210000
065036,世芯統一02購02  ,0,0,0,0,0,0,0,0,0,-211000,0,0,0,0,211000,-211000,-211000
055337,超眾兆豐98購01  ,0,0,0,0,0,0,0,0,0,-211000,0,0,0,0,211000,-211000,-211000
062171,中磊永豐9B購01  ,0,0,0,0,0,0,0,0,0,-211000,0,0,0,159000,370000,-211000,-211000
08105P,景碩元大9B售01  ,0,0,0,0,0,0,0,0,0,-212000,0,0,0,15000,227000,-212000,-212000
063180,台塑凱基9B購01  ,0,0,0,0,0,0,0,0,0,-213000,0,0,0,0,213000,-213000,-213000
065048,世芯凱基01購01  ,0,0,0,0,0,0,0,0,0,-214000,0,0,0,58000,272000,-214000,-214000
065049,世芯凱基02購01  ,0,0,0,0,0,0,0,0,0,-215000,0,0,0,36000,251000,-215000,-215000
06995P,臺股指凱基99售16,0,0,0,0,0,0,0,0,0,-215000,0,0,0,0,215000,-215000,-215000
08010P,大成鋼元大9B售01,0,0,0,0,0,0,0,0,0,-215000,0,0,0,162000,377000,-215000,-215000
8464,億豐            ,364114,556278,-192164,0,0,0,0,5000,-5000,-18000,0,0,0,0,18000,-18000,-215164
08068P,宏達電國泰9C售01,0,0,0,0,0,0,0,0,0,-216000,0,0,0,0,216000,-216000,-216000
08364P,聯發科凱基02售02,0,0,0,0,0,0,0,0,0,-218000,0,0,0,10000,228000,-218000,-218000
08537P,台光電國票01售03,0,0,0,0,0,0,0,0,0,-218000,0,0,0,0,218000,-218000,-218000
062745,聯詠永豐9B購01  ,0,0,0,0,0,0,0,0,0,-218000,0,0,0,159000,377000,-218000,-218000
9941,裕融            ,58000,294000,-236000,0,0,0,0,0,0,18000,18000,0,18000,0,0,0,-218000
054563,泰碩群益99購01  ,0,0,0,0,0,0,0,0,0,-219000,0,0,0,0,219000,-219000,-219000
060845,欣興國票9A購01  ,0,0,0,0,0,0,0,0,0,-219000,0,0,0,11000,230000,-219000,-219000
058497,新日興群益9B購01,0,0,0,0,0,0,0,0,0,-219000,0,0,0,83000,302000,-219000,-219000
064362,友達統一01購02  ,0,0,0,0,0,0,0,0,0,-219000,0,0,0,0,219000,-219000,-219000
065290,奇鋐群益9C購01  ,0,0,0,0,0,0,0,0,0,-220000,0,0,0,0,220000,-220000,-220000
07170P,臺股指國票99售07,0,0,0,0,0,0,0,0,0,-220000,0,0,0,643000,863000,-220000,-220000
056677,智伸科元富98購01,0,0,0,0,0,0,0,0,0,-220000,0,0,0,146000,366000,-220000,-220000
07649P,金像電永豐9A售02,0,0,0,0,0,0,0,0,0,-222000,0,0,0,8000,230000,-222000,-222000
065134,中石化凱基01購01,0,0,0,0,0,0,0,0,0,-222000,0,0,0,0,222000,-222000,-222000
058385,創意中信99購01  ,0,0,0,0,0,0,0,0,0,-222000,0,0,0,2000,224000,-222000,-222000
064726,創意統一01購03  ,0,0,0,0,0,0,0,0,0,-223000,0,0,0,0,223000,-223000,-223000
07049P,聯發科中信99售03,0,0,0,0,0,0,0,0,0,-223000,0,0,0,7000,230000,-223000,-223000
08478P,臺股指凱基9C售16,0,0,0,0,0,0,0,0,0,-223000,0,0,0,5000,228000,-223000,-223000
054551,聯發科凱基98購02,0,0,0,0,0,0,0,0,0,-223000,0,0,0,46000,269000,-223000,-223000
058370,聯詠凱基99購01  ,0,0,0,0,0,0,0,0,0,-223000,0,0,0,49000,272000,-223000,-223000
062593,健策統一9B購03  ,0,0,0,0,0,0,0,0,0,-223000,0,0,0,46000,269000,-223000,-223000
060884,超眾中信9B購01  ,0,0,0,0,0,0,0,0,0,-224000,0,0,0,48000,272000,-224000,-224000
1474,弘裕            ,1876000,2101000,-225000,0,0,0,0,0,0,0,0,0,0,0,0,0,-225000
060811,亞德客凱基9A購02,0,0,0,0,0,0,0,0,0,-225000,0,0,0,10000,235000,-225000,-225000
062537,聯電國泰9C購01  ,0,0,0,0,0,0,0,0,0,-226000,0,0,0,466000,692000,-226000,-226000
060865,創意永豐9A購01  ,0,0,0,0,0,0,0,0,0,-227000,0,0,0,0,227000,-227000,-227000
060934,台汽電永豐9A購02,0,0,0,0,0,0,0,0,0,-227000,0,0,0,0,227000,-227000,-227000
060327,美律群益9A購02  ,0,0,0,0,0,0,0,0,0,-227000,0,0,0,8000,235000,-227000,-227000
064012,泰碩國票01購02  ,0,0,0,0,0,0,0,0,0,-227000,0,0,0,0,227000,-227000,-227000
08276P,可成元富9C售02  ,0,0,0,0,0,0,0,0,0,-228000,0,0,0,57000,285000,-228000,-228000
055657,超眾元富97購02  ,0,0,0,0,0,0,0,0,0,-228000,0,0,0,2000,230000,-228000,-228000
058656,燿華中信99購01  ,0,0,0,0,0,0,0,0,0,-228000,0,0,0,1424000,1652000,-228000,-228000
064202,景碩兆豐9C購01  ,0,0,0,0,0,0,0,0,0,-228000,0,0,0,188000,416000,-228000,-228000
063253,巨大元大9B購03  ,0,0,0,0,0,0,0,0,0,-228000,0,0,0,146000,374000,-228000,-228000
053797,台積電中信98購01,0,0,0,0,0,0,0,0,0,-229000,0,0,0,70000,299000,-229000,-229000
063592,瑞祺永豐9B購02  ,0,0,0,0,0,0,0,0,0,-229000,0,0,0,191000,420000,-229000,-229000
052853,友達日盛99購01  ,0,0,0,0,0,0,0,0,0,-230000,0,0,0,0,230000,-230000,-230000
063812,智邦群益9C購02  ,0,0,0,0,0,0,0,0,0,-230000,0,0,0,125000,355000,-230000,-230000
064345,創意元大9C購03  ,0,0,0,0,0,0,0,0,0,-230000,0,0,0,68000,298000,-230000,-230000
06438P,玉晶光國票99售02,0,0,0,0,0,0,0,0,0,-230000,0,0,0,221000,451000,-230000,-230000
2453,凌群            ,391000,622000,-231000,0,0,0,0,0,0,0,0,0,0,0,0,0,-231000
06534P,聯發科群益98售04,0,0,0,0,0,0,0,0,0,-231000,0,0,0,85000,316000,-231000,-231000
064712,聚陽統一02購03  ,0,0,0,0,0,0,0,0,0,-231000,0,0,0,59000,290000,-231000,-231000
063288,泰鼎元大9B購02  ,0,0,0,0,0,0,0,0,0,-231000,0,0,0,128000,359000,-231000,-231000
063080,裕隆凱基9B購01  ,0,0,0,0,0,0,0,0,0,-231000,0,0,0,72000,303000,-231000,-231000
062346,智邦群益9B購02  ,0,0,0,0,0,0,0,0,0,-231000,0,0,0,21000,252000,-231000,-231000
2838,聯邦銀          ,79000,310344,-231344,0,0,0,0,0,0,0,0,0,0,0,0,0,-231344
061419,國巨元大9A購21  ,0,0,0,0,0,0,0,0,0,-232000,0,0,0,3000,235000,-232000,-232000
063224,泰鼎群益9B購02  ,0,0,0,0,0,0,0,0,0,-232000,0,0,0,27000,259000,-232000,-232000
062911,聯詠元大9B購03  ,0,0,0,0,0,0,0,0,0,-232000,0,0,0,58000,290000,-232000,-232000
07958P,華擎群益9B售01  ,0,0,0,0,0,0,0,0,0,-233000,0,0,0,0,233000,-233000,-233000
059090,台新金元大99購01,0,0,0,0,0,0,0,0,0,-233000,0,0,0,68000,301000,-233000,-233000
059281,創意永豐99購02  ,0,0,0,0,0,0,0,0,0,-233000,0,0,0,9000,242000,-233000,-233000
060825,聯詠元大9A購05  ,0,0,0,0,0,0,0,0,0,-234000,0,0,0,73000,307000,-234000,-234000
058327,大毅統一9B購01  ,0,0,0,0,0,0,0,0,0,-234000,0,0,0,160000,394000,-234000,-234000
064369,彩晶統一01購01  ,0,0,0,0,0,0,0,0,0,-234000,0,0,0,206000,440000,-234000,-234000
07418P,聯發科元大99售45,0,0,0,0,0,0,0,0,0,-235000,0,0,0,115000,350000,-235000,-235000
058410,國巨兆豐99購03  ,0,0,0,0,0,0,0,0,0,-235000,0,0,0,22000,257000,-235000,-235000
064723,大立光統一02購04,0,0,0,0,0,0,0,0,0,-236000,0,0,0,0,236000,-236000,-236000
062797,瑞昱統一9B購01  ,0,0,0,0,0,0,0,0,0,-237000,0,0,0,516000,753000,-237000,-237000
065215,義隆國泰02購02  ,0,0,0,0,0,0,0,0,0,-238000,0,0,0,367000,605000,-238000,-238000
3703,欣陸            ,32000,270000,-238000,0,0,0,0,0,0,0,0,0,0,0,0,0,-238000
055449,超眾統一9A購01  ,0,0,0,0,0,0,0,0,0,-238000,0,0,0,32000,270000,-238000,-238000
060251,易華電元大9C購01,0,0,0,0,0,0,0,0,0,-238000,0,0,0,179000,417000,-238000,-238000
062331,大立光統一9B購10,0,0,0,0,0,0,0,0,0,-238000,0,0,0,0,238000,-238000,-238000
064831,宏達電統一02購01,0,0,0,0,0,0,0,0,0,-239000,0,0,0,28000,267000,-239000,-239000
07055P,景碩群益9A售02  ,0,0,0,0,0,0,0,0,0,-239000,0,0,0,10000,249000,-239000,-239000
056232,瑞儀凱基98購01  ,0,0,0,0,0,0,0,0,0,-239000,0,0,0,130000,369000,-239000,-239000
07494P,葡萄王元大9A售03,0,0,0,0,0,0,0,0,0,-240000,0,0,0,0,240000,-240000,-240000
064763,祥碩凱基02購01  ,0,0,0,0,0,0,0,0,0,-240000,0,0,0,122000,362000,-240000,-240000
059996,美律元富99購01  ,0,0,0,0,0,0,0,0,0,-240000,0,0,0,7000,247000,-240000,-240000
6452,康友-KY         ,204000,402000,-198000,0,0,0,0,0,0,-42000,0,0,0,25000,67000,-42000,-240000
2505,國揚            ,869000,1249000,-380000,0,0,0,0,0,0,139000,10000,40000,-30000,169000,0,169000,-241000
057903,聯鈞永豐99購01  ,0,0,0,0,0,0,0,0,0,-241000,0,0,0,40000,281000,-241000,-241000
062976,嘉澤元富9B購01  ,0,0,0,0,0,0,0,0,0,-241000,0,0,0,243000,484000,-241000,-241000
064146,瑞昱統一01購03  ,0,0,0,0,0,0,0,0,0,-243000,0,0,0,8000,251000,-243000,-243000
064054,中租統一02購01  ,0,0,0,0,0,0,0,0,0,-243000,0,0,0,11000,254000,-243000,-243000
064174,致新元富9C購02  ,0,0,0,0,0,0,0,0,0,-244000,0,0,0,94000,338000,-244000,-244000
2314,台揚            ,221000,466000,-245000,0,0,0,0,0,0,0,0,0,0,0,0,0,-245000
2034,允強            ,128000,408000,-280000,0,0,0,0,0,0,35000,36000,1000,35000,0,0,0,-245000
08359P,緯創元大9C售02  ,0,0,0,0,0,0,0,0,0,-245000,0,0,0,2000,247000,-245000,-245000
07557P,玉晶光元大9A售09,0,0,0,0,0,0,0,0,0,-245000,0,0,0,0,245000,-245000,-245000
060471,台勝科元大9B購01,0,0,0,0,0,0,0,0,0,-245000,0,0,0,0,245000,-245000,-245000
064396,創意永豐9C購01  ,0,0,0,0,0,0,0,0,0,-245000,0,0,0,0,245000,-245000,-245000
064809,冠德元大9C購01  ,0,0,0,0,0,0,0,0,0,-246000,0,0,0,306000,552000,-246000,-246000
1720,生達            ,449000,700000,-251000,0,0,0,0,0,0,5000,5000,0,5000,0,0,0,-246000
1227,佳格            ,628764,831900,-203136,0,0,0,0,44000,-44000,0,0,0,0,0,0,0,-247136
08336P,聯發科中信9C售05,0,0,0,0,0,0,0,0,0,-248000,0,0,0,149000,397000,-248000,-248000
062411,玉晶光第一9B購01,0,0,0,0,0,0,0,0,0,-248000,0,0,0,16000,264000,-248000,-248000
2520,冠德            ,1011000,1290000,-279000,0,0,0,0,90000,-90000,120000,104000,0,104000,16000,0,16000,-249000
056296,旺宏元大97購07  ,0,0,0,0,0,0,0,0,0,-249000,0,0,0,0,249000,-249000,-249000
2534,宏盛            ,269000,519000,-250000,0,0,0,0,0,0,0,0,0,0,0,0,0,-250000
07361P,聯發科元大99售34,0,0,0,0,0,0,0,0,0,-250000,0,0,0,0,250000,-250000,-250000
046949,群創元大99購01  ,0,0,0,0,0,0,0,0,0,-250000,0,0,0,25000,275000,-250000,-250000
054740,強茂凱基99購01  ,0,0,0,0,0,0,0,0,0,-250000,0,0,0,8000,258000,-250000,-250000
064876,旺宏兆豐9C購01  ,0,0,0,0,0,0,0,0,0,-251000,0,0,0,47000,298000,-251000,-251000
065001,中橡國票9C購01  ,0,0,0,0,0,0,0,0,0,-251000,0,0,0,0,251000,-251000,-251000
062127,台勝科統一01購02,0,0,0,0,0,0,0,0,0,-251000,0,0,0,126000,377000,-251000,-251000
4155,訊映            ,34000,278000,-244000,0,0,0,0,0,0,-7000,0,7000,-7000,0,0,0,-251000
064198,超眾群益9C購01  ,0,0,0,0,0,0,0,0,0,-252000,0,0,0,43000,295000,-252000,-252000
063852,瀚宇博元大9C購01,0,0,0,0,0,0,0,0,0,-252000,0,0,0,52000,304000,-252000,-252000
6191,精成科          ,537000,816000,-279000,0,0,0,0,0,0,27000,27000,0,27000,0,0,0,-252000
065046,玉晶光凱基01購03,0,0,0,0,0,0,0,0,0,-253000,0,0,0,70000,323000,-253000,-253000
064348,TPK元大9C購03   ,0,0,0,0,0,0,0,0,0,-253000,0,0,0,9000,262000,-253000,-253000
6582,申豐            ,81000,341000,-260000,0,0,0,0,0,0,7000,24000,17000,7000,0,0,0,-253000
058062,上銀中信98購01  ,0,0,0,0,0,0,0,0,0,-254000,0,0,0,0,254000,-254000,-254000
2849,安泰銀          ,21000,276000,-255000,0,0,0,0,0,0,0,0,0,0,0,0,0,-255000
2504,國產            ,306000,542000,-236000,0,0,0,0,0,0,-20000,0,0,0,42000,62000,-20000,-256000
064700,致新群益9C購02  ,0,0,0,0,0,0,0,0,0,-256000,0,0,0,47000,303000,-256000,-256000
049973,T50反1日盛9A購01,0,0,0,0,0,0,0,0,0,-256000,0,0,0,0,256000,-256000,-256000
064317,日月光群益9C購01,0,0,0,0,0,0,0,0,0,-256000,0,0,0,48000,304000,-256000,-256000
063380,台表科永豐9B購03,0,0,0,0,0,0,0,0,0,-257000,0,0,0,132000,389000,-257000,-257000
064982,新唐元大9C購01  ,0,0,0,0,0,0,0,0,0,-258000,0,0,0,148000,406000,-258000,-258000
064900,景碩群益01購01  ,0,0,0,0,0,0,0,0,0,-258000,0,0,0,15000,273000,-258000,-258000
1560,中砂            ,73000,341000,-268000,0,0,0,0,0,0,10000,10000,0,10000,0,0,0,-258000
059903,S&P正2元大99購02,0,0,0,0,0,0,0,0,0,-258000,0,0,0,0,258000,-258000,-258000
058267,奇鋐永豐99購01  ,0,0,0,0,0,0,0,0,0,-258000,0,0,0,0,258000,-258000,-258000
062381,上銀國泰9C購01  ,0,0,0,0,0,0,0,0,0,-258000,0,0,0,0,258000,-258000,-258000
057356,彩晶統一98購04  ,0,0,0,0,0,0,0,0,0,-259000,0,0,0,53000,312000,-259000,-259000
064191,聯發科中信03購01,0,0,0,0,0,0,0,0,0,-259000,0,0,0,168000,427000,-259000,-259000
2536,宏普            ,35000,222000,-187000,0,0,0,0,100000,-100000,27000,27000,0,27000,0,0,0,-260000
055249,大毅統一99購01  ,0,0,0,0,0,0,0,0,0,-260000,0,0,0,0,260000,-260000,-260000
056549,嘉聯益凱基98購04,0,0,0,0,0,0,0,0,0,-260000,0,0,0,10000,270000,-260000,-260000
061587,美律富邦9A購02  ,0,0,0,0,0,0,0,0,0,-260000,0,0,0,0,260000,-260000,-260000
063846,智邦元大9C購01  ,0,0,0,0,0,0,0,0,0,-262000,0,0,0,235000,497000,-262000,-262000
062824,國巨群益9C購03  ,0,0,0,0,0,0,0,0,0,-262000,0,0,0,298000,560000,-262000,-262000
058431,國巨統一9B購01  ,0,0,0,0,0,0,0,0,0,-264000,0,0,0,106000,370000,-264000,-264000
063986,聯發科富邦02購01,0,0,0,0,0,0,0,0,0,-264000,0,0,0,229000,493000,-264000,-264000
050758,聯發科元富9B購01,0,0,0,0,0,0,0,0,0,-265000,0,0,0,19000,284000,-265000,-265000
063772,智邦富邦9B購02  ,0,0,0,0,0,0,0,0,0,-265000,0,0,0,12000,277000,-265000,-265000
00717,富邦美國特別股  ,0,0,0,0,0,0,0,0,0,-266000,0,0,0,409000,675000,-266000,-266000
055809,T50反1國票98購02,0,0,0,0,0,0,0,0,0,-266000,0,0,0,95000,361000,-266000,-266000
061492,超眾兆豐9B購01  ,0,0,0,0,0,0,0,0,0,-266000,0,0,0,20000,286000,-266000,-266000
064349,泰鼎元大9C購02  ,0,0,0,0,0,0,0,0,0,-266000,0,0,0,156000,422000,-266000,-266000
062333,嘉晶統一9C購01  ,0,0,0,0,0,0,0,0,0,-266000,0,0,0,295000,561000,-266000,-266000
6202,盛群            ,5421000,5939000,-518000,0,0,0,212000,0,212000,40000,37000,0,37000,8000,5000,3000,-266000
3708,上緯投控        ,39000,313000,-274000,0,0,0,0,0,0,8000,8000,0,8000,0,0,0,-266000
062746,致伸永豐9B購01  ,0,0,0,0,0,0,0,0,0,-267000,0,0,0,22000,289000,-267000,-267000
07835P,台表科群益9A售02,0,0,0,0,0,0,0,0,0,-269000,0,0,0,19000,288000,-269000,-269000
053294,聯發科中信9C購01,0,0,0,0,0,0,0,0,0,-269000,0,0,0,236000,505000,-269000,-269000
060637,玉晶光永豐9A購03,0,0,0,0,0,0,0,0,0,-269000,0,0,0,18000,287000,-269000,-269000
063027,台汽電元大9B購01,0,0,0,0,0,0,0,0,0,-269000,0,0,0,134000,403000,-269000,-269000
1102,亞泥            ,4850374,12211689,-7361315,0,0,0,7332000,140000,7192000,-100000,213000,80000,133000,0,233000,-233000,-269315
053805,奇鋐凱基98購02  ,0,0,0,0,0,0,0,0,0,-270000,0,0,0,10000,280000,-270000,-270000
063314,美律群益9B購01  ,0,0,0,0,0,0,0,0,0,-272000,0,0,0,0,272000,-272000,-272000
064724,健鼎統一02購02  ,0,0,0,0,0,0,0,0,0,-273000,0,0,0,636000,909000,-273000,-273000
062984,致新元富9B購01  ,0,0,0,0,0,0,0,0,0,-273000,0,0,0,183000,456000,-273000,-273000
056267,文曄統一97購02  ,0,0,0,0,0,0,0,0,0,-274000,0,0,0,162000,436000,-274000,-274000
058217,新唐群益99購01  ,0,0,0,0,0,0,0,0,0,-274000,0,0,0,6000,280000,-274000,-274000
060572,景碩永豐9A購01  ,0,0,0,0,0,0,0,0,0,-274000,0,0,0,22000,296000,-274000,-274000
063881,嘉晶元富9C購01  ,0,0,0,0,0,0,0,0,0,-274000,0,0,0,35000,309000,-274000,-274000
08121P,聯發科國票9B售05,0,0,0,0,0,0,0,0,0,-275000,0,0,0,40000,315000,-275000,-275000
061763,聯電元大9C購02  ,0,0,0,0,0,0,0,0,0,-277000,0,0,0,102000,379000,-277000,-277000
2239,英利-KY         ,95000,473000,-378000,0,0,0,100000,0,100000,0,0,0,0,0,0,0,-278000
064911,光寶科統一02購01,0,0,0,0,0,0,0,0,0,-278000,0,0,0,487000,765000,-278000,-278000
064929,台表科統一02購03,10000,0,10000,0,0,0,0,0,0,-288000,0,0,0,281000,569000,-288000,-278000
054552,聯發科凱基98購03,0,0,0,0,0,0,0,0,0,-278000,0,0,0,32000,310000,-278000,-278000
064680,創意兆豐01購01  ,0,0,0,0,0,0,0,0,0,-279000,0,0,0,11000,290000,-279000,-279000
058026,上銀富邦9A購01  ,0,0,0,0,0,0,0,0,0,-279000,0,0,0,17000,296000,-279000,-279000
054481,鎧勝中信96購01  ,0,0,0,0,0,0,0,0,0,-280000,0,0,0,12000,292000,-280000,-280000
2636,台驊投控        ,26000,307000,-281000,0,0,0,0,0,0,0,0,0,0,0,0,0,-281000
060418,中橡永豐9A購01  ,0,0,0,0,0,0,0,0,0,-281000,0,0,0,98000,379000,-281000,-281000
4426,利勤            ,40000,290000,-250000,0,0,0,0,0,0,-31000,27000,54000,-27000,0,4000,-4000,-281000
058809,國巨統一9B購03  ,0,0,0,0,0,0,0,0,0,-283000,0,0,0,197000,480000,-283000,-283000
062666,和碩群益9B購01  ,0,0,0,0,0,0,0,0,0,-283000,0,0,0,116000,399000,-283000,-283000
062035,瑞祺群益9B購01  ,0,0,0,0,0,0,0,0,0,-283000,0,0,0,799000,1082000,-283000,-283000
2359,所羅門          ,404000,678000,-274000,0,0,0,0,0,0,-10000,0,10000,-10000,0,0,0,-284000
058534,友達統一9B購01  ,0,0,0,0,0,0,0,0,0,-284000,0,0,0,49000,333000,-284000,-284000
064459,創意統一02購01  ,0,0,0,0,0,0,0,0,0,-284000,0,0,0,1000,285000,-284000,-284000
064188,玉晶光永豐9C購02,0,0,0,0,0,0,0,0,0,-284000,0,0,0,6000,290000,-284000,-284000
9934,成霖            ,134000,467000,-333000,0,0,0,0,0,0,49000,49000,0,49000,0,0,0,-284000
1476,儒鴻            ,812126,1160566,-348440,0,0,0,110000,1000,109000,-45000,10000,49000,-39000,5000,11000,-6000,-284440
043442,大立光台新01購01,0,0,0,0,0,0,0,0,0,-285000,0,0,0,56000,341000,-285000,-285000
057493,聯詠元大98購02  ,0,0,0,0,0,0,0,0,0,-285000,0,0,0,50000,335000,-285000,-285000
060550,可成凱基9A購02  ,0,0,0,0,0,0,0,0,0,-285000,0,0,0,100000,385000,-285000,-285000
062302,聯詠中信05購02  ,0,0,0,0,0,0,0,0,0,-285000,0,0,0,49000,334000,-285000,-285000
064927,瀚宇博統一02購01,0,0,0,0,0,0,0,0,0,-286000,0,0,0,203000,489000,-286000,-286000
057225,華新凱基98購01  ,0,0,0,0,0,0,0,0,0,-286000,0,0,0,103000,389000,-286000,-286000
064351,中租元大9C購01  ,0,0,0,0,0,0,0,0,0,-286000,0,0,0,46000,332000,-286000,-286000
063637,聯發科元大9C購02,0,0,0,0,0,0,0,0,0,-286000,0,0,0,76000,362000,-286000,-286000
1783,和康生          ,528000,815000,-287000,0,0,0,0,0,0,0,0,0,0,0,0,0,-287000
057442,玉晶光統一98購03,0,0,0,0,0,0,0,0,0,-287000,0,0,0,304000,591000,-287000,-287000
064738,裕隆國票01購01  ,0,0,0,0,0,0,0,0,0,-289000,0,0,0,30000,319000,-289000,-289000
058790,楠梓電元大99購03,0,0,0,0,0,0,0,0,0,-289000,0,0,0,81000,370000,-289000,-289000
061626,超眾群益9A購02  ,0,0,0,0,0,0,0,0,0,-289000,0,0,0,70000,359000,-289000,-289000
1723,中碳            ,110000,405000,-295000,0,0,0,0,0,0,5000,5000,0,5000,0,0,0,-290000
060239,國揚元大9C購01  ,0,0,0,0,0,0,0,0,0,-290000,0,0,0,18000,308000,-290000,-290000
6176,瑞儀            ,1221000,2283661,-1062661,0,0,0,905000,0,905000,-133000,55000,4000,51000,21000,205000,-184000,-290661
8104,錸寶            ,66000,357000,-291000,0,0,0,0,0,0,0,0,0,0,0,0,0,-291000
6598,ABC-KY          ,238000,526100,-288100,0,0,0,0,0,0,-5000,0,5000,-5000,0,0,0,-293100
08464P,牧德永豐9C售02  ,0,0,0,0,0,0,0,0,0,-294000,0,0,0,0,294000,-294000,-294000
058735,南茂永豐99購01  ,0,0,0,0,0,0,0,0,0,-294000,0,0,0,579000,873000,-294000,-294000
057447,智邦元富02購01  ,0,0,0,0,0,0,0,0,0,-295000,0,0,0,46000,341000,-295000,-295000
057249,華邦電統一9A購01,0,0,0,0,0,0,0,0,0,-295000,0,0,0,0,295000,-295000,-295000
054916,聯發科凱基98購04,0,0,0,0,0,0,0,0,0,-295000,0,0,0,11000,306000,-295000,-295000
062183,奇鋐元大9B購01  ,0,0,0,0,0,0,0,0,0,-295000,0,0,0,10000,305000,-295000,-295000
064855,聯發科國泰02購01,0,0,0,0,0,0,0,0,0,-296000,0,0,0,143000,439000,-296000,-296000
060541,正隆凱基9A購01  ,0,0,0,0,0,0,0,0,0,-296000,0,0,0,184000,480000,-296000,-296000
056540,聯詠凱基98購02  ,0,0,0,0,0,0,0,0,0,-297000,0,0,0,25000,322000,-297000,-297000
06803P,臺股指群益98售09,0,0,0,0,0,0,0,0,0,-298000,0,0,0,22000,320000,-298000,-298000
053117,大立光中信9A購02,0,0,0,0,0,0,0,0,0,-298000,0,0,0,0,298000,-298000,-298000
061521,亞光兆豐9A購02  ,0,0,0,0,0,0,0,0,0,-298000,0,0,0,259000,557000,-298000,-298000
059853,超眾永豐99購03  ,0,0,0,0,0,0,0,0,0,-298000,0,0,0,71000,369000,-298000,-298000
060833,道瓊反國票9A購01,0,0,0,0,0,0,0,0,0,-299000,0,0,0,0,299000,-299000,-299000
062131,臺指反群益9B購03,0,0,0,0,0,0,0,0,0,-299000,0,0,0,0,299000,-299000,-299000
07533P,臺股指中信9C售04,0,0,0,0,0,0,0,0,0,-300000,0,0,0,0,300000,-300000,-300000
08674P,嘉晶元富07售02  ,0,0,0,0,0,0,0,0,0,-300000,0,0,0,0,300000,-300000,-300000
3038,全台            ,426000,596000,-170000,0,0,0,0,0,0,-130000,75000,205000,-130000,0,0,0,-300000
056121,勤誠群益97購01  ,0,0,0,0,0,0,0,0,0,-300000,0,0,0,0,300000,-300000,-300000
4968,立積            ,214000,424000,-210000,0,0,0,6000,0,6000,-96000,3000,80000,-77000,7000,26000,-19000,-300000
2014,中鴻            ,62000,364000,-302000,0,0,0,0,0,0,0,0,0,0,0,0,0,-302000
08093P,英業達元富9B售02,0,0,0,0,0,0,0,0,0,-302000,0,0,0,72000,374000,-302000,-302000
060713,聯詠永豐9A購01  ,0,0,0,0,0,0,0,0,0,-302000,0,0,0,317000,619000,-302000,-302000
062885,臻鼎兆豐9C購01  ,0,0,0,0,0,0,0,0,0,-302000,0,0,0,778000,1080000,-302000,-302000
064108,創意兆豐9C購01  ,0,0,0,0,0,0,0,0,0,-302000,0,0,0,0,302000,-302000,-302000
057357,超眾統一98購01  ,0,0,0,0,0,0,0,0,0,-303000,0,0,0,142000,445000,-303000,-303000
064247,廣達元富9C購01  ,0,0,0,0,0,0,0,0,0,-303000,0,0,0,135000,438000,-303000,-303000
063025,超眾元大9B購01  ,0,0,0,0,0,0,0,0,0,-303000,0,0,0,250000,553000,-303000,-303000
062329,奇力新統一9C購03,0,0,0,0,0,0,0,0,0,-303000,0,0,0,0,303000,-303000,-303000
060385,台勝科凱基9A購01,0,0,0,0,0,0,0,0,0,-304000,0,0,0,55000,359000,-304000,-304000
00652,富邦印度        ,8000,10000,-2000,0,0,0,0,0,0,-303000,0,0,0,48000,351000,-303000,-305000
064234,正崴統一01購01  ,0,0,0,0,0,0,0,0,0,-305000,0,0,0,269000,574000,-305000,-305000
057175,美律元大98購03  ,0,0,0,0,0,0,0,0,0,-306000,0,0,0,29000,335000,-306000,-306000
064368,日月光統一01購01,0,0,0,0,0,0,0,0,0,-306000,0,0,0,0,306000,-306000,-306000
064719,聯發科統一02購01,0,0,0,0,0,0,0,0,0,-307000,0,0,0,20000,327000,-307000,-307000
05473P,聯詠統一97售02  ,0,0,0,0,0,0,0,0,0,-307000,0,0,0,0,307000,-307000,-307000
059454,亞光永豐99購01  ,0,0,0,0,0,0,0,0,0,-307000,0,0,0,112000,419000,-307000,-307000
064185,裕隆永豐9C購01  ,0,0,0,0,0,0,0,0,0,-307000,0,0,0,4000,311000,-307000,-307000
6209,今國光          ,738000,1046000,-308000,0,0,0,0,0,0,0,0,0,0,0,0,0,-308000
065062,亞光群益9C購01  ,0,0,0,0,0,0,0,0,0,-309000,0,0,0,33000,342000,-309000,-309000
07976P,聯發科群益9C售02,0,0,0,0,0,0,0,0,0,-310000,0,0,0,70000,380000,-310000,-310000
058786,元黃金元大99購01,0,0,0,0,0,0,0,0,0,-310000,0,0,0,0,310000,-310000,-310000
060716,新唐永豐9A購01  ,0,0,0,0,0,0,0,0,0,-311000,0,0,0,1000,312000,-311000,-311000
065010,國巨國泰01購04  ,0,0,0,0,0,0,0,0,0,-314000,0,0,0,199000,513000,-314000,-314000
057042,台積電元大98購10,0,0,0,0,0,0,0,0,0,-315000,0,0,0,5000,320000,-315000,-315000
063305,亞光凱基9B購01  ,0,0,0,0,0,0,0,0,0,-316000,0,0,0,40000,356000,-316000,-316000
3041,揚智            ,19000,336000,-317000,0,0,0,0,0,0,0,0,0,0,0,0,0,-317000
057041,國巨元大99購04  ,0,0,0,0,0,0,0,0,0,-317000,0,0,0,45000,362000,-317000,-317000
063563,國巨元大9C購07  ,0,0,0,0,0,0,0,0,0,-317000,0,0,0,14000,331000,-317000,-317000
057824,日月光元大98購01,0,0,0,0,0,0,0,0,0,-318000,0,0,0,71000,389000,-318000,-318000
063361,台表科國泰01購02,0,0,0,0,0,0,0,0,0,-318000,0,0,0,329000,647000,-318000,-318000
062163,大毅國泰01購01  ,0,0,0,0,0,0,0,0,0,-318000,0,0,0,77000,395000,-318000,-318000
053083,中環元大99購01  ,0,0,0,0,0,0,0,0,0,-319000,0,0,0,1000,320000,-319000,-319000
06479P,聯發科中信99售02,0,0,0,0,0,0,0,0,0,-320000,0,0,0,0,320000,-320000,-320000
057555,玉晶光凱基9A購02,0,0,0,0,0,0,0,0,0,-321000,0,0,0,143000,464000,-321000,-321000
059841,國巨富邦9C購01  ,0,0,0,0,0,0,0,0,0,-321000,0,0,0,120000,441000,-321000,-321000
056619,強茂永豐98購01  ,0,0,0,0,0,0,0,0,0,-322000,0,0,0,8000,330000,-322000,-322000
063343,美律統一9C購01  ,0,0,0,0,0,0,0,0,0,-323000,0,0,0,149000,472000,-323000,-323000
6271,同欣電          ,151067,721999,-570932,0,0,0,319000,0,319000,-71129,145000,120129,24871,21000,117000,-96000,-323061
3698,隆達            ,3000000,4653091,-1653091,0,0,0,0,0,0,1330000,1016000,114000,902000,504000,76000,428000,-323091
2374,佳能            ,30000,350000,-320000,0,0,0,0,0,0,-4000,0,4000,-4000,0,0,0,-324000
08130P,義隆元大9B售05  ,0,0,0,0,0,0,0,0,0,-325000,0,0,0,253000,578000,-325000,-325000
060308,劍麟永豐9A購01  ,0,0,0,0,0,0,0,0,0,-325000,0,0,0,15000,340000,-325000,-325000
064539,玉晶光麥證01購01,0,0,0,91000,430000,-339000,0,0,0,-325000,0,0,0,105000,430000,-325000,-325000
056910,超眾元大99購02  ,0,0,0,0,0,0,0,0,0,-326000,0,0,0,31000,357000,-326000,-326000
1736,喬山            ,103000,336000,-233000,0,0,0,0,0,0,-94000,0,0,0,8000,102000,-94000,-327000
056361,美律元大99購02  ,0,0,0,0,0,0,0,0,0,-327000,0,0,0,20000,347000,-327000,-327000
1904,正隆            ,1470000,1971000,-501000,0,0,0,239000,0,239000,-67000,48000,100000,-52000,25000,40000,-15000,-329000
063675,亞德客國泰01購01,0,0,0,0,0,0,0,0,0,-329000,0,0,0,20000,349000,-329000,-329000
057912,美律日盛99購01  ,0,0,0,0,0,0,0,0,0,-330000,0,0,0,0,330000,-330000,-330000
062547,玉晶光永豐9B購05,0,0,0,0,0,0,0,0,0,-330000,0,0,0,30000,360000,-330000,-330000
054893,帆宣統一99購01  ,0,0,0,0,0,0,0,0,0,-332000,0,0,0,0,332000,-332000,-332000
061586,智邦富邦9A購02  ,0,0,0,0,0,0,0,0,0,-332000,0,0,0,20000,352000,-332000,-332000
061642,創意元大9A購04  ,0,0,0,0,0,0,0,0,0,-333000,0,0,0,48000,381000,-333000,-333000
062451,瀚宇博元大9B購02,0,0,0,0,0,0,0,0,0,-334000,0,0,0,147000,481000,-334000,-334000
062958,長榮航麥證9B購01,0,0,0,0,335000,-335000,0,0,0,-335000,0,0,0,0,335000,-335000,-335000
063278,國巨元大9C購04  ,0,0,0,0,0,0,0,0,0,-335000,0,0,0,10000,345000,-335000,-335000
052863,友達凱基98購02  ,0,0,0,0,0,0,0,0,0,-338000,0,0,0,20000,358000,-338000,-338000
063575,矽格元大9B購02  ,0,0,0,0,0,0,0,0,0,-338000,0,0,0,106000,444000,-338000,-338000
064050,景碩統一01購01  ,0,2000,-2000,0,0,0,0,0,0,-336000,0,0,0,59000,395000,-336000,-338000
2912,統一超          ,1140032,1489183,-349151,0,0,0,0,9000,-9000,20000,20000,0,20000,0,0,0,-338151
057012,康控中信98購01  ,0,0,0,0,0,0,0,0,0,-340000,0,0,0,0,340000,-340000,-340000
055398,超眾統一97購03  ,0,0,0,0,0,0,0,0,0,-342000,0,0,0,0,342000,-342000,-342000
00701,國泰股利精選30  ,0,5000,-5000,0,0,0,0,0,0,-338000,0,0,0,411000,749000,-338000,-343000
6213,聯茂            ,764152,1338000,-573848,0,0,0,333000,0,333000,-102508,48000,89508,-41508,13000,74000,-61000,-343356
061227,日月光中信9B購01,0,0,0,0,0,0,0,0,0,-344000,0,0,0,40000,384000,-344000,-344000
6592,和潤企業        ,47000,347000,-300000,0,0,0,0,20000,-20000,-24000,0,0,0,1000,25000,-24000,-344000
064725,緯創統一02購01  ,0,0,0,0,0,0,0,0,0,-345000,0,0,0,504000,849000,-345000,-345000
065158,和碩群益9C購01  ,0,0,0,0,0,0,0,0,0,-345000,0,0,0,35000,380000,-345000,-345000
055653,聯詠元富01購02  ,0,0,0,0,0,0,0,0,0,-345000,0,0,0,308000,653000,-345000,-345000
057802,卜蜂元大98購01  ,0,0,0,0,0,0,0,0,0,-345000,0,0,0,5000,350000,-345000,-345000
060566,聯詠富邦9C購01  ,0,0,0,0,0,0,0,0,0,-345000,0,0,0,277000,622000,-345000,-345000
061463,智邦群益9A購02  ,0,0,0,0,0,0,0,0,0,-346000,0,0,0,7000,353000,-346000,-346000
063618,智邦兆豐9C購01  ,0,0,0,0,0,0,0,0,0,-346000,0,0,0,0,346000,-346000,-346000
6670,復盛應用        ,38000,324000,-286000,0,0,0,0,75000,-75000,15000,15000,0,15000,0,0,0,-346000
2501,國建            ,345000,720199,-375199,0,0,0,0,0,0,27000,27000,0,27000,0,0,0,-348199
062020,智伸科永豐9B購01,0,0,0,0,0,0,0,0,0,-351000,0,0,0,0,351000,-351000,-351000
07774P,台灣50群益9A售16,0,0,0,0,0,0,0,0,0,-352000,0,0,0,200000,552000,-352000,-352000
00738U,元大道瓊白銀    ,1000,116000,-115000,0,0,0,0,0,0,-238000,0,0,0,45000,283000,-238000,-353000
064224,玉晶光國票01購04,0,0,0,0,0,0,0,0,0,-355000,0,0,0,51000,406000,-355000,-355000
061658,聯茂富邦9A購03  ,0,0,0,0,0,0,0,0,0,-356000,0,0,0,0,356000,-356000,-356000
06701P,臺股指統一99售06,0,0,0,0,0,0,0,0,0,-357000,0,0,0,21000,378000,-357000,-357000
052313,聯電元大98購01  ,0,0,0,0,0,0,0,0,0,-357000,0,0,0,0,357000,-357000,-357000
063924,致新元富9C購01  ,0,0,0,0,0,0,0,0,0,-357000,0,0,0,167000,524000,-357000,-357000
07861P,台灣50中信03售08,0,0,0,0,0,0,0,0,0,-360000,0,0,0,0,360000,-360000,-360000
2478,大毅            ,692000,1155000,-463000,0,0,0,0,0,0,100000,0,0,0,115000,15000,100000,-363000
056688,聯詠統一98購01  ,0,0,0,0,0,0,0,0,0,-363000,0,0,0,3000,366000,-363000,-363000
08106P,聯發科統一9B售09,0,0,0,0,0,0,0,0,0,-364000,0,0,0,60000,424000,-364000,-364000
065225,神隆凱基01購01  ,0,0,0,0,0,0,0,0,0,-366000,0,0,0,136000,502000,-366000,-366000
065030,亞光兆豐9C購01  ,0,0,0,0,0,0,0,0,0,-366000,0,0,0,150000,516000,-366000,-366000
063292,致新元大9B購02  ,0,0,0,0,0,0,0,0,0,-369000,0,0,0,245000,614000,-369000,-369000
062578,超眾群益9B購01  ,0,0,0,0,0,0,0,0,0,-369000,0,0,0,0,369000,-369000,-369000
064919,嘉晶統一02購02  ,0,0,0,0,0,0,0,0,0,-370000,0,0,0,100000,470000,-370000,-370000
060918,康友國泰9C購01  ,0,0,0,0,0,0,0,0,0,-370000,0,0,0,192000,562000,-370000,-370000
2474,可成            ,2493034,2589397,-96363,0,0,0,15000,297000,-282000,8000,14000,4000,10000,12000,14000,-2000,-370363
065220,義隆富邦01購02  ,0,0,0,0,0,0,0,0,0,-371000,0,0,0,20000,391000,-371000,-371000
9802,鈺齊-KY         ,376000,641000,-265000,0,0,0,70000,100000,-30000,-76000,0,1000,-1000,15000,90000,-75000,-371000
062037,華新凱基9B購01  ,3000,0,3000,0,0,0,0,0,0,-375000,0,0,0,105000,480000,-375000,-372000
064253,貿聯元富9C購01  ,0,0,0,0,0,0,0,0,0,-372000,0,0,0,162000,534000,-372000,-372000
064860,聯發科富邦03購01,0,0,0,0,0,0,0,0,0,-373000,0,0,0,337000,710000,-373000,-373000
055433,嘉聯益群益99購01,0,0,0,0,0,0,0,0,0,-373000,0,0,0,109000,482000,-373000,-373000
058808,大成鋼統一9B購01,0,0,0,0,0,0,0,0,0,-373000,0,0,0,12000,385000,-373000,-373000
063345,嘉晶統一9C購02  ,0,0,0,0,0,0,0,0,0,-373000,0,0,0,0,373000,-373000,-373000
050283,T50反1凱基9A購01,0,0,0,0,0,0,0,0,0,-378000,0,0,0,0,378000,-378000,-378000
064144,智邦統一01購02  ,0,0,0,0,0,0,0,0,0,-378000,0,0,0,118000,496000,-378000,-378000
2342,茂矽            ,631000,1010000,-379000,0,0,0,0,0,0,0,0,0,0,0,0,0,-379000
052738,聯電元大98購02  ,0,0,0,0,0,0,0,0,0,-379000,0,0,0,109000,488000,-379000,-379000
064042,國巨統一9C購12  ,0,0,0,0,0,0,0,0,0,-379000,0,0,0,50000,429000,-379000,-379000
06434P,超眾群益98售02  ,0,0,0,0,0,0,0,0,0,-379000,0,0,0,0,379000,-379000,-379000
063138,聯發科統一01購05,0,0,0,0,0,0,0,0,0,-379000,0,0,0,207000,586000,-379000,-379000
064682,嘉聯益兆豐01購01,0,0,0,0,0,0,0,0,0,-380000,0,0,0,502000,882000,-380000,-380000
055501,創意元大97購01  ,0,0,0,0,0,0,0,0,0,-382000,0,0,0,208000,590000,-382000,-382000
064531,旭富兆豐9C購01  ,0,0,0,0,0,0,0,0,0,-382000,0,0,0,202000,584000,-382000,-382000
060862,美律永豐9A購01  ,0,0,0,0,0,0,0,0,0,-383000,0,0,0,108000,491000,-383000,-383000
064803,智邦元大9C購05  ,0,0,0,0,0,0,0,0,0,-385000,0,0,0,69000,454000,-385000,-385000
061826,台郡麥證9B購01  ,0,0,0,22000,408000,-386000,0,0,0,-386000,0,0,0,22000,408000,-386000,-386000
3030,德律            ,94000,494000,-400000,0,0,0,0,0,0,11000,11000,0,11000,0,0,0,-389000
060367,緯穎元富9A購02  ,0,0,0,0,0,0,0,0,0,-391000,0,0,0,79000,470000,-391000,-391000
6282,康舒            ,1688000,2149000,-461000,0,0,0,0,0,0,68437,0,0,0,69000,563,68437,-392563
1762,中化生          ,680000,1083516,-403516,0,0,0,0,0,0,10000,10000,0,10000,0,0,0,-393516
064992,玉晶光兆豐01購01,0,0,0,0,0,0,0,0,0,-395000,0,0,0,98000,493000,-395000,-395000
064819,華新統一01購02  ,0,0,0,0,0,0,0,0,0,-396000,0,0,0,0,396000,-396000,-396000
06779P,智邦元大98售12  ,0,0,0,0,0,0,0,0,0,-396000,0,0,0,0,396000,-396000,-396000
064380,超眾元富9C購03  ,0,0,0,0,0,0,0,0,0,-397000,0,0,0,0,397000,-397000,-397000
1522,堤維西          ,37000,436000,-399000,0,0,0,0,0,0,1000,1000,0,1000,0,0,0,-398000
1712,興農            ,3000,403000,-400000,0,0,0,0,0,0,0,0,0,0,0,0,0,-400000
07486P,上証2X國票9B售02,0,0,0,0,0,0,0,0,0,-400000,0,0,0,0,400000,-400000,-400000
063562,國巨元大9C購06  ,0,0,0,0,0,0,0,0,0,-400000,0,0,0,0,400000,-400000,-400000
064736,超眾元富9C購04  ,0,0,0,0,0,0,0,0,0,-401000,0,0,0,90000,491000,-401000,-401000
063431,神隆元富9B購01  ,0,0,0,0,0,0,0,0,0,-402000,0,0,0,319000,721000,-402000,-402000
3010,華立            ,44000,476000,-432000,0,0,0,0,0,0,26000,26000,0,26000,0,0,0,-406000
054135,大立光元大97購04,0,0,0,0,0,0,0,0,0,-406000,0,0,0,0,406000,-406000,-406000
2727,王品            ,85000,494000,-409000,0,0,0,0,0,0,0,0,0,0,0,0,0,-409000
064820,裕隆統一9C購01  ,0,0,0,0,0,0,0,0,0,-409000,0,0,0,0,409000,-409000,-409000
065296,國巨統一01購10  ,0,0,0,0,0,0,0,0,0,-410000,0,0,0,1000,411000,-410000,-410000
06832P,玉晶光凱基98售03,0,0,0,0,0,0,0,0,0,-410000,0,0,0,70000,480000,-410000,-410000
054928,帆宣凱基98購01  ,0,0,0,0,0,0,0,0,0,-410000,0,0,0,50000,460000,-410000,-410000
056664,上証反中信9B購01,0,0,0,0,0,0,0,0,0,-410000,0,0,0,0,410000,-410000,-410000
065189,台郡統一9C購03  ,0,0,0,0,0,0,0,0,0,-411000,0,0,0,27000,438000,-411000,-411000
055259,玉晶光統一9A購01,0,0,0,0,0,0,0,0,0,-412000,0,0,0,20000,432000,-412000,-412000
064862,創意富邦03購01  ,0,0,0,0,0,0,0,0,0,-413000,0,0,0,0,413000,-413000,-413000
057403,亞光群益98購04  ,0,0,0,0,0,0,0,0,0,-413000,0,0,0,0,413000,-413000,-413000
00875,國泰網路資安    ,1000,1000,0,0,0,0,0,0,0,-415000,0,0,0,212000,627000,-415000,-415000
2390,云辰            ,2629000,3046000,-417000,0,0,0,0,0,0,0,0,0,0,0,0,0,-417000
2031,新光鋼          ,84000,527000,-443000,0,0,0,0,0,0,22000,22000,0,22000,0,0,0,-421000
063883,超眾元富9C購02  ,0,0,0,0,0,0,0,0,0,-421000,0,0,0,130000,551000,-421000,-421000
03650C,T50反1元大98牛05,0,0,0,0,0,0,0,0,0,-423000,0,0,0,0,423000,-423000,-423000
07304P,臺股指元大9A售37,0,0,0,0,0,0,0,0,0,-424000,0,0,0,15000,439000,-424000,-424000
060191,亞光元富9A購02  ,0,0,0,0,0,0,0,0,0,-428000,0,0,0,318000,746000,-428000,-428000
1737,臺鹽            ,85000,546000,-461000,0,0,0,0,0,0,32000,32000,0,32000,0,0,0,-429000
058600,國巨元大99購15  ,0,0,0,0,0,0,0,0,0,-429000,0,0,0,30000,459000,-429000,-429000
064122,國巨元大9C購17  ,0,0,0,0,0,0,0,0,0,-430000,0,0,0,157000,587000,-430000,-430000
058154,泰碩統一9A購01  ,0,0,0,0,0,0,0,0,0,-431000,0,0,0,0,431000,-431000,-431000
2101,南港            ,678000,1192000,-514000,0,0,0,0,1000,-1000,83000,0,10000,-10000,165000,72000,93000,-432000
03447B,臺股指凱基9B熊16,0,0,0,0,0,0,0,0,0,-434000,0,0,0,524000,958000,-434000,-434000
2436,偉詮電          ,220000,656000,-436000,0,0,0,0,0,0,1000,1000,0,1000,0,0,0,-435000
064147,瑞昱統一01購04  ,0,0,0,0,0,0,0,0,0,-435000,0,0,0,64000,499000,-435000,-435000
062008,南亞科國泰9C購01,0,0,0,0,0,0,0,0,0,-435000,0,0,0,0,435000,-435000,-435000
2538,基泰            ,415000,933000,-518000,0,0,0,0,0,0,82000,82000,0,82000,0,0,0,-436000
064256,玉晶光國泰02購02,0,0,0,0,0,0,0,0,0,-438000,0,0,0,703000,1141000,-438000,-438000
08428P,GIS國票01售01   ,0,0,0,0,0,0,0,0,0,-439000,0,0,0,20000,459000,-439000,-439000
2402,毅嘉            ,310000,851000,-541000,0,0,0,0,0,0,101000,101000,0,101000,0,0,0,-440000
063999,日月光兆豐9C購01,0,0,0,0,0,0,0,0,0,-441000,0,0,0,48000,489000,-441000,-441000
056848,泰鼎元富98購01  ,0,0,0,0,0,0,0,0,0,-442000,0,0,0,74000,516000,-442000,-442000
064249,聯發科元富06購01,0,0,0,0,0,0,0,0,0,-443000,0,0,0,238000,681000,-443000,-443000
07366P,國巨康和99售02  ,0,0,0,0,0,0,0,0,0,-444000,0,0,0,330000,774000,-444000,-444000
064596,台表科統一01購03,0,0,0,0,0,0,0,0,0,-444000,0,0,0,126000,570000,-444000,-444000
046628,大立光統一98購01,0,0,0,0,0,0,0,0,0,-445000,0,0,0,361000,806000,-445000,-445000
060297,和碩元大9A購02  ,0,0,0,0,0,0,0,0,0,-446000,0,0,0,238000,684000,-446000,-446000
2618,長榮航          ,4858545,5036148,-177603,0,0,0,6000,309000,-303000,34000,0,2000,-2000,56000,20000,36000,-446603
053730,樺漢凱基98購01  ,0,0,0,0,0,0,0,0,0,-447000,0,0,0,0,447000,-447000,-447000
061782,智邦群益9B購01  ,0,0,0,0,0,0,0,0,0,-447000,0,0,0,20000,467000,-447000,-447000
064403,正崴凱基01購01  ,0,0,0,0,0,0,0,0,0,-447000,0,0,0,70000,517000,-447000,-447000
063769,玉晶光國泰02購01,0,0,0,0,0,0,0,0,0,-447000,0,0,0,295000,742000,-447000,-447000
057585,鴻海國票99購05  ,0,0,0,0,0,0,0,0,0,-448000,0,0,0,0,448000,-448000,-448000
4935,茂林-KY         ,115000,429000,-314000,0,0,0,0,96000,-96000,-39000,0,27000,-27000,2000,14000,-12000,-449000
8105,凌巨            ,324000,774000,-450000,0,0,0,0,0,0,0,0,0,0,0,0,0,-450000
058769,友達兆豐99購01  ,0,0,0,0,0,0,0,0,0,-452000,0,0,0,0,452000,-452000,-452000
063643,臻鼎元大9B購03  ,0,0,0,0,0,0,0,0,0,-452000,0,0,0,244000,696000,-452000,-452000
062699,台積電元大01購02,0,0,0,0,0,0,0,0,0,-452000,0,0,0,66000,518000,-452000,-452000
061941,道瓊指群益9B購01,0,0,0,0,0,0,0,0,0,-453000,0,0,0,20000,473000,-453000,-453000
064357,中橡統一9C購01  ,0,0,0,0,0,0,0,0,0,-459000,0,0,0,0,459000,-459000,-459000
3705,永信            ,642000,1120000,-478000,0,0,0,0,0,0,17000,17000,0,17000,0,0,0,-461000
08453P,玉晶光台新9C售02,0,0,0,0,0,0,0,0,0,-462000,0,0,0,414000,876000,-462000,-462000
1514,亞力            ,142000,606000,-464000,0,0,0,0,0,0,0,0,0,0,0,0,0,-464000
064783,貿聯群益9C購03  ,0,0,0,0,0,0,0,0,0,-465000,0,0,0,80000,545000,-465000,-465000
064098,正崴群益9C購01  ,0,0,0,0,0,0,0,0,0,-465000,0,0,0,78000,543000,-465000,-465000
06855P,聯發科富邦9A售01,0,0,0,0,0,0,0,0,0,-467000,0,0,0,5000,472000,-467000,-467000
2617,台航            ,70000,537000,-467000,0,0,0,0,0,0,0,0,0,0,0,0,0,-467000
061283,智邦統一9A購01  ,0,0,0,0,0,0,0,0,0,-467000,0,0,0,471000,938000,-467000,-467000
058054,台積電統一9C購01,0,0,0,0,0,0,0,0,0,-467000,0,0,0,373000,840000,-467000,-467000
3596,智易            ,905000,1336000,-431000,0,0,0,0,0,0,-37000,18000,0,18000,24000,79000,-55000,-468000
052571,新光金凱基98購02,0,0,0,0,0,0,0,0,0,-470000,0,0,0,0,470000,-470000,-470000
065059,神隆群益9C購01  ,0,0,0,0,0,0,0,0,0,-471000,0,0,0,115000,586000,-471000,-471000
063807,超眾兆豐01購01  ,0,0,0,0,0,0,0,0,0,-472000,0,0,0,0,472000,-472000,-472000
063878,國巨元富9C購01  ,0,0,0,0,0,0,0,0,0,-472000,0,0,0,96000,568000,-472000,-472000
062428,超眾統一9B購01  ,0,0,0,0,0,0,0,0,0,-472000,0,0,0,132000,604000,-472000,-472000
062698,台積電元大01購01,0,0,0,0,0,0,0,0,0,-472000,0,0,0,208000,680000,-472000,-472000
062376,中租元大9B購02  ,0,0,0,0,0,0,0,0,0,-473000,0,0,0,10000,483000,-473000,-473000
08451P,南六統一9C售06  ,0,0,0,0,0,0,0,0,0,-474000,0,0,0,90000,564000,-474000,-474000
2723,美食-KY         ,175000,293000,-118000,0,0,0,0,436000,-436000,76000,69000,0,69000,7000,0,7000,-478000
059086,國巨元大99購18  ,0,0,0,0,0,0,0,0,0,-478000,0,0,0,7000,485000,-478000,-478000
063168,台表科永豐9B購01,0,0,0,0,0,0,0,0,0,-479000,0,0,0,271000,750000,-479000,-479000
056161,康控凱基98購02  ,0,0,0,0,0,0,0,0,0,-480000,0,0,0,0,480000,-480000,-480000
3653,健策            ,144000,530000,-386000,0,0,0,0,55000,-55000,-40000,12000,21000,-9000,28000,59000,-31000,-481000
060790,日月光富邦9A購01,0,0,0,0,0,0,0,0,0,-482000,0,0,0,8000,490000,-482000,-482000
055850,聯詠元大97購06  ,0,0,0,0,0,0,0,0,0,-487000,0,0,0,89000,576000,-487000,-487000
063453,創意統一9C購01  ,0,0,0,0,0,0,0,0,0,-487000,0,0,0,69000,556000,-487000,-487000
07020P,玉晶光台新99售02,0,0,0,0,0,0,0,0,0,-493000,0,0,0,613000,1106000,-493000,-493000
055902,同欣電中信99購01,0,0,0,0,0,0,0,0,0,-496000,0,0,0,312000,808000,-496000,-496000
064460,健策統一9C購03  ,0,0,0,0,0,0,0,0,0,-496000,0,0,0,123000,619000,-496000,-496000
060296,和碩元大9A購01  ,0,0,0,0,0,0,0,0,0,-497000,0,0,0,138000,635000,-497000,-497000
9917,中保科          ,190000,711000,-521000,0,0,0,0,1000,-1000,25000,25000,0,25000,0,0,0,-497000
048272,新光金富邦98購01,0,0,0,0,0,0,0,0,0,-499000,0,0,0,0,499000,-499000,-499000
053337,聯電國票97購01  ,0,0,0,0,0,0,0,0,0,-499000,0,0,0,0,499000,-499000,-499000
054157,國巨亞東96購01  ,0,0,0,0,0,0,0,0,0,-500000,0,0,0,100000,600000,-500000,-500000
00771,元大US高息特別股,0,0,0,0,0,0,0,0,0,-504000,0,0,0,2000,506000,-504000,-504000
064448,裕隆統一02購01  ,0,0,0,0,0,0,0,0,0,-508000,0,0,0,10000,518000,-508000,-508000
08111P,臺股指中信01售06,0,0,0,0,0,0,0,0,0,-509000,0,0,0,0,509000,-509000,-509000
2441,超豐            ,41000,573000,-532000,0,0,0,0,1000,-1000,20000,20000,0,20000,0,0,0,-513000
063048,聯詠兆豐9B購01  ,0,0,0,0,0,0,0,0,0,-514000,0,0,0,20000,534000,-514000,-514000
2442,新美齊          ,189000,704000,-515000,0,0,0,0,0,0,0,0,0,0,0,0,0,-515000
064926,臻鼎統一02購01  ,0,0,0,0,0,0,0,0,0,-518000,0,0,0,590000,1108000,-518000,-518000
063355,超眾元富9B購01  ,0,0,0,0,0,0,0,0,0,-521000,0,0,0,73000,594000,-521000,-521000
055399,超眾統一99購01  ,0,0,0,0,0,0,0,0,0,-522000,0,0,0,82000,604000,-522000,-522000
1604,聲寶            ,111000,678000,-567000,0,0,0,0,0,0,42000,42000,0,42000,0,0,0,-525000
2467,志聖            ,8000,535000,-527000,0,0,0,0,0,0,0,0,0,0,0,0,0,-527000
064235,美律統一9C購02  ,0,0,0,0,0,0,0,0,0,-529000,0,0,0,176000,705000,-529000,-529000
061775,臺指反國票9B購04,0,0,0,0,0,0,0,0,0,-530000,0,0,0,0,530000,-530000,-530000
2855,統一證          ,762000,1295000,-533000,0,0,0,0,0,0,0,0,0,0,0,0,0,-533000
060474,中租元大9B購01  ,0,0,0,0,0,0,0,0,0,-533000,0,0,0,45000,578000,-533000,-533000
057085,立積統一9B購02  ,0,0,0,0,0,0,0,0,0,-536000,0,0,0,0,536000,-536000,-536000
064465,台表科統一01購02,0,0,0,0,0,0,0,0,0,-536000,0,0,0,485000,1021000,-536000,-536000
062031,臻鼎群益9B購01  ,0,0,0,0,0,0,0,0,0,-536000,0,0,0,80000,616000,-536000,-536000
5534,長虹            ,1522000,2608000,-1086000,0,0,0,537000,0,537000,10000,10000,0,10000,0,0,0,-539000
9933,中鼎            ,239000,6866000,-6627000,0,0,0,6134000,0,6134000,-49000,165000,214000,-49000,0,0,0,-542000
065132,臻鼎兆豐01購01  ,0,0,0,0,0,0,0,0,0,-545000,0,0,0,0,545000,-545000,-545000
057581,元大金中信9A購01,0,0,0,0,0,0,0,0,0,-546000,0,0,0,18000,564000,-546000,-546000
00669R,國泰美國道瓊反1 ,0,0,0,0,0,0,0,0,0,-547000,0,250000,-250000,2497000,2794000,-297000,-547000
056947,國巨統一9A購01  ,0,0,0,0,0,0,0,0,0,-549000,0,0,0,200000,749000,-549000,-549000
061094,彩晶統一9B購02  ,0,0,0,0,0,0,0,0,0,-550000,0,0,0,171000,721000,-550000,-550000
064052,創意統一01購02  ,0,0,0,0,0,0,0,0,0,-554000,0,0,0,0,554000,-554000,-554000
063876,華新元富9C購01  ,0,0,0,0,0,0,0,0,0,-559000,0,0,0,227000,786000,-559000,-559000
2206,三陽工業        ,553000,1171000,-618000,0,0,0,0,0,0,55000,55000,0,55000,0,0,0,-563000
3535,晶彩科          ,61000,625000,-564000,0,0,0,0,0,0,-1000,0,1000,-1000,0,0,0,-565000
060238,強茂元大9C購01  ,0,0,0,0,0,0,0,0,0,-566000,0,0,0,35000,601000,-566000,-566000
4164,承業醫          ,350000,791000,-441000,0,0,0,0,0,0,-125000,77000,202000,-125000,0,0,0,-566000
057393,台積電中信02購01,0,0,0,0,0,0,0,0,0,-568000,0,0,0,0,568000,-568000,-568000
061186,牧德國泰9C購01  ,0,0,0,0,0,0,0,0,0,-572000,0,0,0,80000,652000,-572000,-572000
056479,玉晶光元大99購05,0,0,0,0,0,0,0,0,0,-574000,0,0,0,43000,617000,-574000,-574000
2406,國碩            ,1097000,1672000,-575000,0,0,0,0,0,0,0,0,0,0,0,0,0,-575000
2330,台積電          ,35501701,34801423,700278,0,0,0,401000,666000,-265000,-1012000,434000,1227000,-793000,77000,296000,-219000,-576722
4956,光鋐            ,340000,917000,-577000,0,0,0,0,0,0,0,0,0,0,0,0,0,-577000
9939,宏全            ,179000,502000,-323000,0,0,0,0,247000,-247000,-8000,4000,12000,-8000,0,0,0,-578000
2352,佳世達          ,808000,1441871,-633871,0,0,0,1000,1000,0,53000,48000,0,48000,6000,1000,5000,-580871
065011,智邦國泰02購01  ,0,0,0,0,0,0,0,0,0,-582000,0,0,0,96000,678000,-582000,-582000
065034,玉晶光統一01購11,0,0,0,0,0,0,0,0,0,-584000,0,0,0,122000,706000,-584000,-584000
057848,台表科永豐98購02,0,0,0,0,0,0,0,0,0,-584000,0,0,0,358000,942000,-584000,-584000
059948,正文永豐99購01  ,0,0,0,0,0,0,0,0,0,-584000,0,0,0,246000,830000,-584000,-584000
07546P,玉晶光凱基9A售09,0,0,0,0,0,0,0,0,0,-585000,0,0,0,5000,590000,-585000,-585000
6226,光鼎            ,873000,1459000,-586000,0,0,0,0,0,0,0,0,0,0,0,0,0,-586000
061824,聯電麥證9B購01  ,0,0,0,0,590000,-590000,0,0,0,-590000,0,0,0,0,590000,-590000,-590000
059560,T50反1凱基99購08,0,0,0,0,0,0,0,0,0,-590000,0,0,0,0,590000,-590000,-590000
2020,美亞            ,6000,595000,-589000,0,0,0,0,0,0,-2000,0,2000,-2000,0,0,0,-591000
9910,豐泰            ,1454222,1682972,-228750,0,0,0,24000,460000,-436000,68000,12000,0,12000,56000,0,56000,-596750
2107,厚生            ,67000,665000,-598000,0,0,0,0,0,0,0,0,0,0,0,0,0,-598000
06028P,智邦台新97售01  ,0,0,0,0,0,0,0,0,0,-599000,0,0,0,1081000,1680000,-599000,-599000
3023,信邦            ,518000,793118,-275118,0,0,0,0,349000,-349000,25000,24000,0,24000,1000,0,1000,-599118
063339,智邦統一01購01  ,0,0,0,0,0,0,0,0,0,-602000,0,0,0,5000,607000,-602000,-602000
064257,台勝科國泰01購01,0,0,0,0,0,0,0,0,0,-607000,0,0,0,154000,761000,-607000,-607000
060867,智伸科永豐9A購01,0,0,0,0,0,0,0,0,0,-609000,0,0,0,39000,648000,-609000,-609000
6285,啟碁            ,3318000,3699530,-381530,0,0,0,0,276000,-276000,47000,80000,2000,78000,0,31000,-31000,-610530
00634R,富邦上証反1     ,0,197000,-197000,0,0,0,0,0,0,-416000,0,0,0,69000,485000,-416000,-613000
054088,華新群益98購02  ,50000,0,50000,0,0,0,0,0,0,-664000,0,0,0,70000,734000,-664000,-614000
061188,大成鋼富邦9B購01,0,0,0,0,0,0,0,0,0,-615000,0,0,0,430000,1045000,-615000,-615000
8163,達方            ,361000,1032000,-671000,0,0,0,0,0,0,54000,38000,0,38000,22000,6000,16000,-617000
2913,農林            ,94000,739000,-645000,0,0,0,0,0,0,27000,27000,0,27000,0,0,0,-618000
064316,貿聯群益9C購02  ,0,0,0,0,0,0,0,0,0,-619000,0,0,0,0,619000,-619000,-619000
1315,達新            ,471000,831000,-360000,0,0,0,0,0,0,-260000,0,0,0,5000,265000,-260000,-620000
059999,緯穎元富99購01  ,0,0,0,0,0,0,0,0,0,-620000,0,0,0,35000,655000,-620000,-620000
2456,奇力新          ,428000,1059000,-631000,0,0,0,0,0,0,7000,20000,5000,15000,21000,29000,-8000,-624000
062651,世紀鋼富邦9C購01,0,0,0,0,0,0,0,0,0,-626000,0,0,0,20000,646000,-626000,-626000
064386,友達富邦01購01  ,0,0,0,0,0,0,0,0,0,-633000,0,0,0,190000,823000,-633000,-633000
058763,和碩群益99購01  ,0,0,0,0,0,0,0,0,0,-635000,0,0,0,81000,716000,-635000,-635000
2485,兆赫            ,1103000,1633000,-530000,0,0,0,0,0,0,-110000,18000,108000,-90000,0,20000,-20000,-640000
065020,友達富邦01購02  ,0,0,0,0,0,0,0,0,0,-640000,0,0,0,0,640000,-640000,-640000
059028,嘉聯益台新99購02,0,0,0,0,0,0,0,0,0,-640000,0,0,0,120000,760000,-640000,-640000
2355,敬鵬            ,129000,716000,-587000,0,0,0,0,0,0,-60473,2000,62000,-60000,0,473,-473,-647473
056860,正崴群益98購01  ,0,0,0,0,0,0,0,0,0,-651000,0,0,0,69000,720000,-651000,-651000
1722,台肥            ,916425,1634990,-718565,0,0,0,0,3000,-3000,68000,66000,0,66000,8000,6000,2000,-653565
9958,世紀鋼          ,229000,476000,-247000,0,0,0,0,350000,-350000,-57000,25000,0,25000,20000,102000,-82000,-654000
061960,國巨統一01購05  ,0,0,0,0,0,0,0,0,0,-657000,0,0,0,37000,694000,-657000,-657000
060425,凌華永豐9A購01  ,0,0,0,0,0,0,0,0,0,-661000,0,0,0,85000,746000,-661000,-661000
064062,創意國泰01購01  ,0,0,0,0,0,0,0,0,0,-661000,0,0,0,209000,870000,-661000,-661000
3443,創意            ,2239800,2976392,-736592,0,0,0,0,31000,-31000,102000,49000,40000,9000,99000,6000,93000,-665592
07635P,世芯永豐9A售05  ,0,0,0,0,0,0,0,0,0,-666000,0,0,0,0,666000,-666000,-666000
2317,鴻海            ,27536987,28079228,-542241,0,0,0,66000,336000,-270000,141000,76000,11000,65000,139000,63000,76000,-671241
062408,致新永豐9B購01  ,0,0,0,0,0,0,0,0,0,-680000,0,0,0,125000,805000,-680000,-680000
063806,瀚宇博兆豐01購01,0,0,0,0,0,0,0,0,0,-681000,0,0,0,100000,781000,-681000,-681000
07060P,台表科國票9A售01,0,0,0,0,0,0,0,0,0,-684000,0,0,0,130000,814000,-684000,-684000
053799,矽創中信9A購01  ,0,0,0,0,0,0,0,0,0,-695000,0,0,0,95000,790000,-695000,-695000
056716,康舒永豐98購01  ,0,0,0,0,0,0,0,0,0,-700000,0,0,0,0,700000,-700000,-700000
063470,泰鼎元大9B購03  ,0,0,0,0,0,0,0,0,0,-702000,0,0,0,73000,775000,-702000,-702000
061972,華新元大9B購01  ,0,0,0,0,0,0,0,0,0,-703000,0,0,0,137000,840000,-703000,-703000
061042,致新永豐9A購02  ,0,0,0,0,0,0,0,0,0,-706000,0,0,0,149000,855000,-706000,-706000
06953P,景碩統一9A售01  ,0,0,0,0,0,0,0,0,0,-707000,0,0,0,0,707000,-707000,-707000
064496,聯發科元大9C購10,0,0,0,0,0,0,0,0,0,-708000,0,0,0,194000,902000,-708000,-708000
059188,京元電富邦9B購01,0,0,0,0,0,0,0,0,0,-710000,0,0,0,294000,1004000,-710000,-710000
4532,瑞智            ,107000,902000,-795000,0,0,0,0,0,0,83000,83000,0,83000,0,0,0,-712000
064818,華新統一01購01  ,0,0,0,0,0,0,0,0,0,-713000,0,0,0,270000,983000,-713000,-713000
5388,中磊            ,1314000,1795000,-481000,0,0,0,22000,217300,-195300,-37000,16000,0,16000,23000,76000,-53000,-713300
055725,嘉聯益元大98購03,0,0,0,0,0,0,0,0,0,-714000,0,0,0,245000,959000,-714000,-714000
064704,嘉晶國泰01購01  ,0,0,0,0,0,0,0,0,0,-720000,0,0,0,151000,871000,-720000,-720000
1802,台玻            ,660000,1430000,-770000,0,0,0,0,1000,-1000,50000,50000,0,50000,0,0,0,-721000
1707,葡萄王          ,171000,894000,-723000,0,0,0,0,1000,-1000,0,3000,0,3000,0,3000,-3000,-724000
060284,南港元大01購01  ,0,0,0,0,0,0,0,0,0,-729000,0,0,0,180000,909000,-729000,-729000
063452,創意統一01購01  ,0,0,0,0,0,0,0,0,0,-731000,0,0,0,3000,734000,-731000,-731000
1789,神隆            ,6299000,6950000,-651000,0,0,0,23000,0,23000,-116000,1000,3000,-2000,90000,204000,-114000,-744000
00676R,富邦臺灣加權反1 ,0,0,0,0,0,0,0,0,0,-744000,0,0,0,149000,893000,-744000,-744000
2328,廣宇            ,508000,1361000,-853000,0,0,0,0,0,0,93000,43000,0,43000,50000,0,50000,-760000
063641,泰鼎元大9B購04  ,0,0,0,0,0,0,0,0,0,-761000,0,0,0,308000,1069000,-761000,-761000
6251,定穎            ,1140500,1904000,-763500,0,0,0,0,0,0,0,0,0,0,0,0,0,-763500
8213,志超            ,320000,1183000,-863000,0,0,0,0,0,0,99000,93000,0,93000,6000,0,6000,-764000
1319,東陽            ,260000,918000,-658000,0,0,0,0,27000,-27000,-80000,40000,120000,-80000,0,0,0,-765000
8039,台虹            ,251000,921000,-670000,0,0,0,0,0,0,-96000,5000,0,5000,0,101000,-101000,-766000
055652,聯詠元富01購01  ,0,0,0,0,0,0,0,0,0,-767000,0,0,0,139000,906000,-767000,-767000
063357,聯發科國泰01購04,0,0,0,0,0,0,0,0,0,-767000,0,0,0,20000,787000,-767000,-767000
059183,T50反1台新03購02,0,0,0,0,0,0,0,0,0,-775000,0,0,0,0,775000,-775000,-775000
1309,台達化          ,261000,1039000,-778000,0,0,0,0,0,0,0,0,0,0,0,0,0,-778000
063144,超眾統一9C購02  ,0,0,0,0,0,0,0,0,0,-781000,0,0,0,223000,1004000,-781000,-781000
9907,統一實          ,878000,1709000,-831000,0,0,0,0,0,0,44000,45000,1000,44000,0,0,0,-787000
3338,泰碩            ,214000,198000,16000,0,0,0,0,825000,-825000,15000,0,20000,-20000,40000,5000,35000,-794000
056638,臺股指日盛98購01,0,0,0,0,0,0,0,0,0,-801000,0,0,0,200000,1001000,-801000,-801000
057154,易華電國泰99購01,0,0,0,0,0,0,0,0,0,-801000,0,0,0,0,801000,-801000,-801000
064064,義隆富邦03購01  ,0,0,0,0,0,0,0,0,0,-803000,0,0,0,299000,1102000,-803000,-803000
051369,新光金富邦9A購01,0,0,0,0,0,0,0,0,0,-809000,0,0,0,0,809000,-809000,-809000
3052,夆典            ,123000,934000,-811000,0,0,0,0,0,0,0,0,0,0,0,0,0,-811000
9945,潤泰新          ,698408,1539190,-840782,0,0,0,0,0,0,28000,28000,0,28000,0,0,0,-812782
06839P,玉晶光統一9A售05,0,0,0,0,0,0,0,0,0,-813000,0,0,0,856000,1669000,-813000,-813000
063542,泰鼎元富9B購02  ,0,0,0,0,0,0,0,0,0,-813000,0,0,0,180000,993000,-813000,-813000
3029,零壹            ,465000,1281000,-816000,0,0,0,0,0,0,0,0,0,0,0,0,0,-816000
4977,眾達-KY         ,98000,423000,-325000,0,0,0,0,491000,-491000,-7000,0,0,0,0,7000,-7000,-823000
063051,仁寶統一01購01  ,0,0,0,0,0,0,0,0,0,-825000,0,0,0,127000,952000,-825000,-825000
1710,東聯            ,426000,910000,-484000,0,0,0,0,353000,-353000,9000,9000,0,9000,0,0,0,-828000
2371,大同            ,3515260,4417117,-901857,0,0,0,1000,1000,0,72000,84000,12000,72000,0,0,0,-829857
2357,華碩            ,3443341,4807959,-1364618,0,0,0,540000,13000,527000,2000,36000,0,36000,0,34000,-34000,-835618
058156,超眾統一9A購02  ,0,0,0,0,0,0,0,0,0,-839000,0,0,0,254000,1093000,-839000,-839000
063055,創意統一9B購02  ,0,0,0,0,0,0,0,0,0,-843000,0,0,0,170000,1013000,-843000,-843000
5871,中租-KY         ,1730774,2919422,-1188648,0,0,0,35000,15000,20000,320014,148000,0,148000,179014,7000,172014,-848634
2606,裕民            ,364000,1298000,-934000,0,0,0,0,4000,-4000,77000,107000,0,107000,8000,38000,-30000,-861000
3450,聯鈞            ,921000,1876000,-955000,0,0,0,0,0,0,92000,189000,62000,127000,171000,206000,-35000,-863000
064250,亞光元富9C購01  ,0,0,0,0,0,0,0,0,0,-877000,0,0,0,367000,1244000,-877000,-877000
062970,智邦元富9B購01  ,0,0,0,0,0,0,0,0,0,-888000,0,0,0,117000,1005000,-888000,-888000
057391,樺漢永豐98購01  ,0,0,0,0,0,0,0,0,0,-890000,0,0,0,70000,960000,-890000,-890000
3515,華擎            ,284000,540000,-256000,0,0,0,0,619000,-619000,-24000,0,13000,-13000,25000,36000,-11000,-899000
063136,智邦統一9B購02  ,0,0,0,0,0,0,0,0,0,-904000,0,0,0,901000,1805000,-904000,-904000
1444,力麗            ,841000,1815000,-974000,0,0,0,0,0,0,69000,69000,0,69000,0,0,0,-905000
07836P,大成鋼元大9A售01,0,0,0,0,0,0,0,0,0,-906000,0,0,0,574000,1480000,-906000,-906000
6214,精誠            ,4163000,5446000,-1283000,0,0,0,231000,0,231000,143000,145000,2000,143000,0,0,0,-909000
3006,晶豪科          ,465000,1196000,-731000,0,0,0,11000,250000,-239000,56000,54000,2000,52000,4000,0,4000,-914000
3711,日月光投控      ,8545792,9579416,-1033624,0,0,0,38000,40000,-2000,120000,154000,102000,52000,84000,16000,68000,-915624
2841,台開            ,1265000,2212000,-947000,0,0,0,0,0,0,8000,8000,0,8000,0,0,0,-939000
063057,祥碩統一03購01  ,10000,0,10000,0,0,0,0,0,0,-969000,0,0,0,172000,1141000,-969000,-959000
2382,廣達            ,7375489,8368274,-992785,0,0,0,7000,334000,-327000,353000,598000,145000,453000,46000,146000,-100000,-966785
2915,潤泰全          ,521000,667880,-146880,0,0,0,0,685000,-685000,-138000,13000,4000,9000,0,147000,-147000,-969880
056946,國巨統一98購05  ,0,0,0,0,0,0,0,0,0,-971000,0,0,0,167000,1138000,-971000,-971000
6288,聯嘉            ,262000,1237000,-975000,0,0,0,0,0,0,0,3000,3000,0,0,0,0,-975000
1440,南紡            ,2132000,3116040,-984040,0,0,0,0,0,0,0,0,0,0,0,0,0,-984040
058928,國巨統一9C購01  ,0,0,0,0,0,0,0,0,0,-989000,0,0,0,2468000,3457000,-989000,-989000
3682,亞太電          ,318000,1307520,-989520,0,0,0,0,0,0,0,0,0,0,0,0,0,-989520
064375,智邦元富03購01  ,0,0,0,0,0,0,0,0,0,-1001000,0,0,0,123000,1124000,-1001000,-1001000
07247P,聯發科凱基9A售06,0,0,0,0,0,0,0,0,0,-1006000,0,0,0,0,1006000,-1006000,-1006000
1513,中興電          ,156000,1211000,-1055000,0,0,0,0,0,0,48000,41000,0,41000,7000,0,7000,-1007000
2451,創見            ,734000,953000,-219000,0,0,0,217000,961000,-744000,-51000,143000,80000,63000,0,114000,-114000,-1014000
07617P,聯發科中信9C售04,0,0,0,0,0,0,0,0,0,-1020000,0,0,0,14000,1034000,-1020000,-1020000
057428,正崴兆豐98購01  ,0,0,0,0,0,0,0,0,0,-1020000,0,0,0,244000,1264000,-1020000,-1020000
060965,中租凱基9B購01  ,1000,0,1000,0,0,0,0,0,0,-1021000,0,0,0,10000,1031000,-1021000,-1020000
1711,永光            ,136000,1206205,-1070205,0,0,0,0,0,0,50000,50000,0,50000,0,0,0,-1020205
1310,台苯            ,98000,1118000,-1020000,0,0,0,0,0,0,-2000,0,0,0,0,2000,-2000,-1022000
063760,聯詠統一9C購02  ,0,0,0,0,0,0,0,0,0,-1022000,0,0,0,305000,1327000,-1022000,-1022000
2614,東森            ,124000,1148000,-1024000,0,0,0,0,0,0,0,0,0,0,0,0,0,-1024000
056189,樺漢統一97購02  ,0,0,0,0,0,0,0,0,0,-1026000,0,0,0,268000,1294000,-1026000,-1026000
3049,和鑫            ,786000,1816000,-1030000,0,0,0,0,0,0,1000,0,0,0,1000,0,1000,-1029000
8112,至上            ,7833000,8932000,-1099000,0,0,0,70000,0,70000,0,0,0,0,0,0,0,-1029000
5522,遠雄            ,4393000,5416000,-1023000,0,0,0,0,0,0,-13000,0,13000,-13000,0,0,0,-1036000
057577,廣宇中信9A購01  ,0,0,0,0,0,0,0,0,0,-1040000,0,0,0,0,1040000,-1040000,-1040000
2404,漢唐            ,433000,1048041,-615041,0,0,0,401000,699000,-298000,-131000,0,40000,-40000,2000,93000,-91000,-1044041
2105,正新            ,2815901,3809992,-994091,0,0,0,0,26000,-26000,-28000,30000,58000,-28000,0,0,0,-1048091
060404,台勝科國泰9B購01,0,0,0,0,0,0,0,0,0,-1060000,0,0,0,310000,1370000,-1060000,-1060000
060890,大立光統一01購01,0,0,0,0,0,0,0,0,0,-1061000,0,0,0,18000,1079000,-1061000,-1061000
054347,上緯控國票96購02,0,0,0,0,0,0,0,0,0,-1066000,0,0,0,0,1066000,-1066000,-1066000
5521,工信            ,249000,1338000,-1089000,0,0,0,0,0,0,0,0,0,0,0,0,0,-1089000
2349,錸德            ,487000,1529432,-1042432,0,0,0,0,52000,-52000,0,0,0,0,0,0,0,-1094432
055421,玉晶光永豐98購04,0,0,0,0,0,0,0,0,0,-1125000,0,0,0,403000,1528000,-1125000,-1125000
2601,益航            ,369000,1501000,-1132000,0,0,0,0,0,0,0,0,0,0,0,0,0,-1132000
2377,微星            ,3738378,2468651,1269727,0,0,0,0,2307000,-2307000,-96000,47000,60000,-13000,39000,122000,-83000,-1133273
2823,中壽            ,4151566,5259342,-1107776,0,0,0,0,35000,-35000,1000,2000,0,2000,0,1000,-1000,-1141776
2548,華固            ,3245000,4014000,-769000,0,0,0,0,193000,-193000,-187000,14000,201000,-187000,0,0,0,-1149000
3042,晶技            ,670000,1058000,-388000,0,0,0,0,100000,-100000,-666000,20000,661000,-641000,6000,31000,-25000,-1154000
063359,泰鼎國泰01購01  ,0,0,0,0,0,0,0,0,0,-1183000,0,0,0,114000,1297000,-1183000,-1183000
1907,永豐餘          ,376000,1566000,-1190000,0,0,0,0,0,0,0,0,0,0,0,0,0,-1190000
052654,友達統一97購01  ,250000,300000,-50000,0,0,0,0,0,0,-1145000,0,0,0,622000,1767000,-1145000,-1195000
1314,中石化          ,2381134,3728000,-1346866,0,0,0,0,0,0,134000,66000,0,66000,90000,22000,68000,-1212866
07025P,玉晶光凱基99售01,0,0,0,0,0,0,0,0,0,-1232000,0,0,0,700000,1932000,-1232000,-1232000
4904,遠傳            ,3421002,4621628,-1200626,0,0,0,0,25000,-25000,-21000,0,0,0,0,21000,-21000,-1246626
1305,華夏            ,120000,1428000,-1308000,0,0,0,0,0,0,27000,27000,0,27000,0,0,0,-1281000
2615,萬海            ,281000,1652000,-1371000,0,0,0,0,6000,-6000,89000,89000,0,89000,0,0,0,-1288000
053537,玉晶光永豐98購02,0,0,0,0,0,0,0,0,0,-1293000,0,0,0,392000,1685000,-1293000,-1293000
051849,旺宏中信98購01  ,0,0,0,0,0,0,0,0,0,-1333000,0,0,0,90000,1423000,-1333000,-1333000
08405P,聯發科元大9C售11,0,0,0,0,0,0,0,0,0,-1345000,0,0,0,194000,1539000,-1345000,-1345000
1714,和桐            ,1251000,2696000,-1445000,0,0,0,0,0,0,65000,65000,0,65000,0,0,0,-1380000
8215,明基材          ,243000,1699000,-1456000,0,0,0,0,0,0,0,0,0,0,0,0,0,-1456000
1416,廣豐            ,378000,1845000,-1467000,0,0,0,0,0,0,0,0,0,0,0,0,0,-1467000
05692P,聯發科中信9A售02,0,0,0,0,0,0,0,0,0,-1489000,0,0,0,258000,1747000,-1489000,-1489000
1101,台泥            ,8178591,15970562,-7791971,0,0,0,6428000,219000,6209000,36000,377000,62000,315000,1000,280000,-279000,-1546971
058380,臺股指凱基99購15,0,0,0,0,0,0,0,0,0,-1566000,0,0,0,248000,1814000,-1566000,-1566000
1210,大成            ,255000,1862562,-1607562,0,0,0,0,0,0,40000,78000,38000,40000,0,0,0,-1567562
2383,台光電          ,1106999,2055151,-948152,0,0,0,75000,294000,-219000,-402000,31000,243000,-212000,26000,216000,-190000,-1569152
2312,金寶            ,1385000,2811000,-1426000,0,0,0,0,0,0,-172000,0,0,0,2000,174000,-172000,-1598000
07194P,聯發科元大99售25,0,0,0,0,0,0,0,0,0,-1656000,0,0,0,115000,1771000,-1656000,-1656000
06604P,聯發科元富02售02,0,0,0,0,0,0,0,0,0,-1662000,0,0,0,311000,1973000,-1662000,-1662000
064746,貿聯國票01購02  ,0,0,0,0,0,0,0,0,0,-1679000,0,0,0,101000,1780000,-1679000,-1679000
6505,台塑化          ,4313630,3786835,526795,0,0,0,0,2230000,-2230000,20000,20000,0,20000,0,0,0,-1683205
062207,牧德國票9B購02  ,0,0,0,0,0,0,0,0,0,-1697000,0,0,0,103000,1800000,-1697000,-1697000
3045,台灣大          ,5984168,5645308,338860,0,0,0,123000,2412600,-2289600,244000,244000,0,244000,0,0,0,-1706740
3437,榮創            ,219000,1926000,-1707000,0,0,0,0,0,0,0,0,0,0,0,0,0,-1707000
6005,群益證          ,3097000,2820000,277000,0,0,0,0,1988000,-1988000,0,0,0,0,0,0,0,-1711000
4915,致伸            ,740000,2286000,-1546000,0,0,0,186000,398000,-212000,-22000,0,7000,-7000,37000,52000,-15000,-1780000
2344,華邦電          ,4114854,5908746,-1793892,0,0,0,2000,2000,0,-33000,88000,74000,14000,71000,118000,-47000,-1826892
6456,GIS-KY          ,993221,1636361,-643140,0,0,0,0,771000,-771000,-434000,0,130000,-130000,23000,327000,-304000,-1848140
1504,東元            ,1797700,3647503,-1849803,0,0,0,24000,11000,13000,-19000,0,0,0,16000,35000,-19000,-1855803
5880,合庫金          ,16268682,18058262,-1789580,0,0,0,21000,136000,-115000,22000,22000,0,22000,0,0,0,-1882580
07646P,世芯元大9A售04  ,0,0,0,0,0,0,0,0,0,-1889000,0,0,0,379000,2268000,-1889000,-1889000
00671R,富邦NASDAQ反1   ,0,0,0,0,0,0,0,0,0,-1892000,0,0,0,600000,2492000,-1892000,-1892000
2881,富邦金          ,10832612,12719610,-1886998,0,0,0,75000,98000,-23000,-2000,0,0,0,1000,3000,-2000,-1911998
057741,超眾富邦98購01  ,0,0,0,0,0,0,0,0,0,-1936000,0,0,0,0,1936000,-1936000,-1936000
2845,遠東銀          ,1775000,3789034,-2014034,0,0,0,0,11000,-11000,33000,33000,0,33000,0,0,0,-1992034
2324,仁寶            ,10212420,14815724,-4603304,0,0,0,2841000,32000,2809000,-220000,0,0,0,335000,555000,-220000,-2014304
3035,智原            ,9252000,11033000,-1781000,0,0,0,0,281000,-281000,40010,44000,6000,38000,21000,18990,2010,-2021990
00712,FH富時不動產    ,36000,18000,18000,0,0,0,0,0,0,-2065000,0,0,0,28000,2093000,-2065000,-2047000
3532,台勝科          ,2179800,398100,1781700,0,0,0,0,3786000,-3786000,-45000,7000,0,7000,67000,119000,-52000,-2049300
064140,台達電統一01購01,0,0,0,0,0,0,0,0,0,-2065000,0,0,0,203000,2268000,-2065000,-2065000
06662P,玉晶光中信9A售01,0,0,0,0,0,0,0,0,0,-2092000,0,0,0,1157000,3249000,-2092000,-2092000
2492,華新科          ,2009279,1196488,812791,0,0,0,0,2791000,-2791000,-137000,94000,102000,-8000,25000,154000,-129000,-2115209
6239,力成            ,1776444,3598113,-1821669,0,0,0,250000,568000,-318000,-9000,22000,10000,12000,3000,24000,-21000,-2148669
2610,華航            ,5124338,6127764,-1003426,0,0,0,0,1249000,-1249000,85000,0,0,0,90000,5000,85000,-2167426
3016,嘉晶            ,876000,3379000,-2503000,0,0,0,0,0,0,246000,97000,0,97000,222000,73000,149000,-2257000
2801,彰銀            ,6176796,8472309,-2295513,0,0,0,13000,85000,-72000,-71000,0,46000,-46000,0,25000,-25000,-2438513
3706,神達            ,9631307,11080064,-1448757,0,0,0,0,1001000,-1001000,-1000,22000,0,22000,0,23000,-23000,-2450757
2368,金像電          ,3715000,4419000,-704000,0,0,0,132000,1707000,-1575000,-253000,294000,477000,-183000,25000,95000,-70000,-2532000
1217,愛之味          ,531000,3101000,-2570000,0,0,0,0,0,0,6000,7000,1000,6000,0,0,0,-2564000
2489,瑞軒            ,530000,3083000,-2553000,0,0,0,0,0,0,-49000,18000,67000,-49000,0,0,0,-2602000
3702,大聯大          ,6576068,8853006,-2276938,0,0,0,0,186000,-186000,-149000,120000,0,120000,0,269000,-269000,-2611938
2388,威盛            ,3695000,6412000,-2717000,0,0,0,0,14000,-14000,34000,34000,0,34000,0,0,0,-2697000
07032P,聯發科統一9C售02,0,0,0,0,0,0,0,0,0,-2729000,0,0,0,130000,2859000,-2729000,-2729000
2356,英業達          ,16773011,23044129,-6271118,0,0,0,4238000,12000,4226000,-748000,630000,1081000,-451000,112000,409000,-297000,-2793118
2542,興富發          ,1119616,3904793,-2785177,0,0,0,0,1000,-1000,-8000,10000,18000,-8000,0,0,0,-2794177
1909,榮成            ,1662000,3156000,-1494000,0,0,0,0,654000,-654000,-698000,54000,752000,-698000,0,0,0,-2846000
065198,玉晶光元富06購01,0,0,0,0,0,0,0,0,0,-2864000,0,0,0,98000,2962000,-2864000,-2864000
2481,強茂            ,1782000,4709500,-2927500,0,0,0,0,200000,-200000,258000,62000,16000,46000,220000,8000,212000,-2869500
6278,台表科          ,3347081,7407211,-4060130,0,0,0,2418000,892000,1526000,-377000,479000,701000,-222000,217000,372000,-155000,-2911130
2633,台灣高鐵        ,4310242,7761625,-3451383,0,0,0,510000,33000,477000,58000,19000,0,19000,65000,26000,39000,-2916383
4938,和碩            ,5682076,13038079,-7356003,0,0,0,2139000,41000,2098000,2269000,2110000,0,2110000,314000,155000,159000,-2989003
8150,南茂            ,938000,3814000,-2876000,0,0,0,180000,0,180000,-408000,0,0,0,120000,528000,-408000,-3104000
2387,精元            ,752000,3719000,-2967000,0,0,0,0,0,0,-140000,74000,137000,-63000,16000,93000,-77000,-3107000
1402,遠東新          ,5860728,9282073,-3421345,0,0,0,8000,49000,-41000,154000,139000,0,139000,15000,0,15000,-3308345
3037,欣興            ,6535000,10992106,-4457106,0,0,0,1687000,5000,1682000,-545000,644000,1110000,-466000,114000,193000,-79000,-3320106
3005,神基            ,1782000,1106000,676000,0,0,0,67000,3641000,-3574000,-535000,50000,367000,-317000,2000,220000,-218000,-3433000
1718,中纖            ,1469000,5036000,-3567000,0,0,0,0,0,0,132000,132000,0,132000,0,0,0,-3435000
2393,億光            ,808000,4000000,-3192000,0,0,0,0,164000,-164000,-155000,34000,30000,4000,4000,163000,-159000,-3511000
1301,台塑            ,6257214,11054536,-4797322,0,0,0,1223000,271000,952000,225000,217000,0,217000,12000,4000,8000,-3620322
2332,友訊            ,7712000,11411000,-3699000,0,0,0,0,0,0,64000,87000,0,87000,110000,133000,-23000,-3635000
2329,華泰            ,477000,3502000,-3025000,0,0,0,0,600000,-600000,-31000,0,0,0,0,31000,-31000,-3656000
2367,燿華            ,2262000,4707000,-2445000,0,0,0,0,0,0,-1296000,750000,648000,102000,270000,1668000,-1398000,-3741000
2354,鴻準            ,2180977,5969877,-3788900,0,0,0,0,3000,-3000,14000,14000,0,14000,0,0,0,-3777900
00632R,元大台灣50反1   ,7277000,939000,6338000,0,0,0,0,0,0,-10129000,2251000,1235000,1016000,4434000,15579000,-11145000,-3791000
1605,華新            ,10166000,8999499,1166501,0,0,0,0,5443000,-5443000,237000,480000,1000,479000,737000,979000,-242000,-4039499
1303,南亞            ,10865024,10531573,333451,0,0,0,13000,4496000,-4483000,40000,40000,0,40000,0,0,0,-4109549
2301,光寶科          ,7773639,18527790,-10754151,0,0,0,5094000,82000,5012000,1508000,1653000,0,1653000,59000,204000,-145000,-4234151
4414,如興            ,3485000,8022000,-4537000,0,0,0,0,0,0,-1000,0,1000,-1000,0,0,0,-4538000
2376,技嘉            ,1163000,3001295,-1838295,0,0,0,218000,2775000,-2557000,-232000,20000,92000,-72000,11000,171000,-160000,-4627295
2880,華南金          ,10042903,14750152,-4707249,0,0,0,21000,143000,-122000,20000,20000,0,20000,0,0,0,-4809249
2603,長榮            ,6892878,6409085,483793,0,0,0,0,6010683,-6010683,13000,20000,7000,13000,0,0,0,-5513890
053118,大立光中信9C購01,0,0,0,0,0,0,0,0,0,-5601000,0,0,0,20000,5621000,-5601000,-5601000
1326,台化            ,6611415,8849655,-2238240,0,0,0,10000,3692000,-3682000,-22000,61000,0,61000,0,83000,-83000,-5942240
1216,統一            ,10584156,12952275,-2368119,0,0,0,9000,4487000,-4478000,33000,33000,1000,32000,1000,0,1000,-6813119
9904,寶成            ,19596997,9614904,9982093,0,0,0,233000,19117169,-18884169,1010000,566000,0,566000,456000,12000,444000,-7892076
2834,臺企銀          ,7939352,16812823,-8873471,0,0,0,11000,26000,-15000,120000,108000,0,108000,12000,0,12000,-8768471
2892,第一金          ,11103240,20310353,-9207113,0,0,0,22000,142000,-120000,401000,403000,2000,401000,0,0,0,-8926113
2002,中鋼            ,17752007,26963084,-9211077,0,0,0,29000,236000,-207000,79000,79000,0,79000,0,0,0,-9339077
2313,華通            ,3568000,10885374,-7317374,0,0,0,966000,2374000,-1408000,-983000,1059000,1437000,-378000,221000,826000,-605000,-9708374
2408,南亞科          ,6266461,10399470,-4133009,0,0,0,33000,5310000,-5277000,-450000,88000,424000,-336000,31000,145000,-114000,-9860009
2886,兆豐金          ,15710968,26583333,-10872365,0,0,0,850000,517000,333000,15000,279000,0,279000,0,264000,-264000,-10524365
2303,聯電            ,20093986,31009807,-10915821,0,0,0,243000,1058000,-815000,926000,975000,8000,967000,168000,209000,-41000,-10804821
2027,大成鋼          ,5895407,2481000,3414407,0,0,0,0,14475000,-14475000,-799000,192000,328000,-136000,78000,741000,-663000,-11859593
2884,玉山金          ,11508552,25279746,-13771194,0,0,0,60000,35000,25000,72000,72000,0,72000,0,0,0,-13674194
2887,台新金          ,14673244,28831703,-14158459,0,0,0,24000,143000,-119000,260000,260000,0,260000,0,0,0,-14017459
2883,開發金          ,19096974,36743090,-17646116,0,0,0,703000,131000,572000,122000,122000,0,122000,0,0,0,-16952116
2890,永豐金          ,20263755,42084060,-21820305,0,0,0,21000,130000,-109000,0,0,0,0,0,0,0,-21929305
2891,中信金          ,41309524,50453006,-9143482,0,0,0,810000,14531000,-13721000,295000,283000,0,283000,12000,0,12000,-22569482
2885,元大金          ,14523154,39107826,-24584672,0,0,0,27000,625000,-598000,2201000,2143000,0,2143000,63000,5000,58000,-22981672
00677U,富邦VIX         ,14223000,77432000,-63209000,0,0,0,0,0,0,-52187000,1374000,7690000,-6316000,8990000,54861000,-45871000,-115396000
