證券代號,證券名稱,外陸資買進股數(不含外資自營商),外陸資賣出股數(不含外資自營商),外陸資買賣超股數(不含外資自營商),外資自營商買進股數,外資自營商賣出股數,外資自營商買賣超股數,投信買進股數,投信賣出股數,投信買賣超股數,自營商買賣超股數,自營商買進股數(自行買賣),自營商賣出股數(自行買賣),自營商買賣超股數(自行買賣),自營商買進股數(避險),自營商賣出股數(避險),自營商買賣超股數(避險),三大法人買賣超股數
00677U,富邦VIX         ,247199000,17026000,230173000,0,0,0,0,0,0,73418000,1000000,800000,200000,78176000,4958000,73218000,303591000
2885,元大金          ,23490952,11492515,11998437,0,0,0,115000,161000,-46000,845000,1922000,956000,966000,26000,147000,-121000,12797437
2356,英業達          ,9427222,13846000,-4418778,0,0,0,8960000,55000,8905000,4784000,835000,240000,595000,4386000,197000,4189000,9270222
2888,新光金          ,15589159,6045606,9543553,0,0,0,0,178000,-178000,-409000,0,126000,-126000,382000,665000,-283000,8956553
0050,元大台灣50      ,8640051,1386000,7254051,0,0,0,21000,0,21000,1381000,0,0,0,2784000,1403000,1381000,8656051
2317,鴻海            ,18757816,14124608,4633208,0,0,0,0,96000,-96000,2195000,626000,290000,336000,2046000,187000,1859000,6732208
00876,元大未來關鍵科技,583000,2000,581000,0,0,0,0,0,0,4271000,0,0,0,5274000,1003000,4271000,4852000
2376,技嘉            ,5756000,2061000,3695000,0,0,0,542000,0,542000,366000,775000,763000,12000,489000,135000,354000,4603000
053564,台積電富邦99購01,0,0,0,0,0,0,0,0,0,4392000,0,0,0,4586000,194000,4392000,4392000
00692,富邦公司治理    ,9000,9000,0,0,0,0,0,0,0,4182000,0,0,0,5437000,1255000,4182000,4182000
3037,欣興            ,12881000,8744100,4136900,0,0,0,1147000,1483000,-336000,281000,731000,674000,57000,261000,37000,224000,4081900
2301,光寶科          ,5384610,2257000,3127610,0,0,0,543000,17000,526000,-67000,50000,43000,7000,0,74000,-74000,3586610
2347,聯強            ,4304677,1270699,3033978,0,0,0,413000,0,413000,-57000,0,0,0,10000,67000,-57000,3389978
00852L,國泰美國道瓊正2 ,0,53000,-53000,0,0,0,0,0,0,3436000,0,0,0,6048000,2612000,3436000,3383000
2882,國泰金          ,6652006,3462629,3189377,0,0,0,441000,100000,341000,-183000,0,0,0,44000,227000,-183000,3347377
2448,晶電            ,9161000,5994000,3167000,0,0,0,0,0,0,12000,508000,492000,16000,14000,18000,-4000,3179000
00850,元大臺灣ESG永續 ,0,5000,-5000,0,0,0,0,0,0,2991000,0,0,0,3162000,171000,2991000,2986000
2504,國產            ,7613300,6914000,699300,0,0,0,2300000,700000,1600000,466000,150000,0,150000,807000,491000,316000,2765300
1714,和桐            ,4261000,1680000,2581000,0,0,0,0,0,0,32000,18000,0,18000,14000,0,14000,2613000
3042,晶技            ,2943000,2483000,460000,0,0,0,1488000,0,1488000,658000,162000,134000,28000,661000,31000,630000,2606000
064821,聯電統一02購01  ,0,0,0,0,0,0,0,0,0,2362000,0,0,0,3147000,785000,2362000,2362000
0056,元大高股息      ,49200,46000,3200,0,0,0,0,0,0,2321000,0,0,0,2321000,0,2321000,2324200
2889,國票金          ,5528000,2419000,3109000,0,0,0,0,283000,-283000,-545000,0,545000,-545000,0,0,0,2281000
054079,鴻海中信98購02  ,0,0,0,0,0,0,0,0,0,2224000,0,0,0,2346000,122000,2224000,2224000
2883,開發金          ,6031485,5677000,354485,0,0,0,2219000,233000,1986000,-140000,0,14000,-14000,3000,129000,-126000,2200485
064613,聯電元大9C購05  ,0,0,0,0,0,0,0,0,0,2174000,0,0,0,2303000,129000,2174000,2174000
9945,潤泰新          ,2117421,758000,1359421,0,0,0,0,0,0,810000,78000,0,78000,782000,50000,732000,2169421
2520,冠德            ,1684000,437000,1247000,0,0,0,540000,0,540000,340000,37000,8000,29000,313000,2000,311000,2127000
057078,國巨統一9A購02  ,0,0,0,0,0,0,0,0,0,2126000,0,0,0,2128000,2000,2126000,2126000
065352,GIS統一01購04   ,0,0,0,0,0,0,0,0,0,2076000,0,0,0,2116000,40000,2076000,2076000
2383,台光電          ,4290000,3689800,600200,0,0,0,787000,35000,752000,710000,607000,256000,351000,432000,73000,359000,2062200
00738U,元大道瓊白銀    ,21000,60000,-39000,0,0,0,0,0,0,2100000,0,0,0,2259000,159000,2100000,2061000
3698,隆達            ,2627000,700000,1927000,0,0,0,0,0,0,58000,144000,86000,58000,0,0,0,1985000
064880,神達兆豐9C購01  ,0,0,0,0,0,0,0,0,0,1931000,0,0,0,2073000,142000,1931000,1931000
064741,南亞科國票01購01,0,0,0,0,0,0,0,0,0,1715000,0,0,0,1812000,97000,1715000,1715000
2458,義隆            ,2426000,782000,1644000,0,0,0,0,3000,-3000,18000,17000,52000,-35000,96000,43000,53000,1659000
2324,仁寶            ,11544073,12815000,-1270927,0,0,0,3331000,49000,3282000,-367000,2000,160000,-158000,6000,215000,-209000,1644073
1605,華新            ,2334000,652000,1682000,0,0,0,0,14000,-14000,-46000,0,0,0,172000,218000,-46000,1622000
2377,微星            ,5415358,4250000,1165358,0,0,0,278000,4000,274000,153000,279000,601000,-322000,560000,85000,475000,1592358
065885,神達元富9C購01  ,0,0,0,0,0,0,0,0,0,1576000,0,0,0,1750000,174000,1576000,1576000
064531,旭富兆豐9C購01  ,0,0,0,0,0,0,0,0,0,1574000,0,0,0,1929000,355000,1574000,1574000
063672,GIS統一9C購01   ,0,0,0,0,0,0,0,0,0,1573000,0,0,0,1575000,2000,1573000,1573000
065642,台積電元大9C購13,0,0,0,0,0,0,0,0,0,1547000,0,0,0,3476000,1929000,1547000,1547000
065019,華邦電富邦9C購01,0,0,0,0,0,0,0,0,0,1543000,0,0,0,1558000,15000,1543000,1543000
6269,台郡            ,2769824,2693824,76000,0,0,0,1186000,65000,1121000,333000,290000,34000,256000,110000,33000,77000,1530000
2412,中華電          ,2727121,1286000,1441121,0,0,0,165000,58000,107000,-62000,11000,6000,5000,0,67000,-67000,1486121
2823,中壽            ,3947126,2468000,1479126,0,0,0,0,55000,-55000,59000,2000,4000,-2000,226000,165000,61000,1483126
3034,聯詠            ,3364922,1720399,1644523,0,0,0,2000,32000,-30000,-132000,7000,126000,-119000,7000,20000,-13000,1482523
064883,GIS兆豐01購01   ,0,0,0,0,0,0,0,0,0,1468000,0,0,0,1573000,105000,1468000,1468000
00638R,元大滬深300反1  ,1041000,36000,1005000,0,0,0,0,0,0,448000,0,752000,-752000,1518000,318000,1200000,1453000
063438,聚陽統一9C購01  ,0,0,0,0,0,0,0,0,0,1448000,0,0,0,1489000,41000,1448000,1448000
063674,力山國泰01購02  ,0,0,0,0,0,0,0,0,0,1424000,0,0,0,1484000,60000,1424000,1424000
045872,元油2X元富98購03,0,0,0,0,0,0,0,0,0,1408000,0,0,0,1408000,0,1408000,1408000
054546,玉晶光中信9B購01,0,0,0,0,0,0,0,0,0,1405000,0,0,0,2038000,633000,1405000,1405000
064056,GIS統一01購02   ,0,0,0,0,0,0,0,0,0,1378000,0,0,0,1625000,247000,1378000,1378000
3576,聯合再生        ,3783000,2419000,1364000,0,0,0,0,0,0,0,0,0,0,0,0,0,1364000
2349,錸德            ,1681000,335000,1346000,0,0,0,0,0,0,0,0,0,0,0,0,0,1346000
00861,元大全球未來通訊,262000,11000,251000,0,0,0,0,0,0,1094000,0,0,0,1700000,606000,1094000,1345000
064842,南六統一9C購04  ,0,0,0,0,0,0,0,0,0,1251000,0,0,0,1281000,30000,1251000,1251000
064988,志超元大9C購01  ,0,0,0,0,0,0,0,0,0,1227000,0,0,0,1795000,568000,1227000,1227000
062819,奇鋐兆豐9B購01  ,1000,0,1000,0,0,0,0,0,0,1221000,0,0,0,1341000,120000,1221000,1222000
2880,華南金          ,4324283,2910000,1414283,0,0,0,0,131000,-131000,-65000,0,0,0,0,65000,-65000,1218283
058093,神達元大9A購01  ,0,0,0,0,0,0,0,0,0,1201000,0,0,0,1337000,136000,1201000,1201000
2201,裕隆            ,2369516,1172000,1197516,0,0,0,0,400000,-400000,376000,55000,0,55000,500000,179000,321000,1173516
00631L,元大台灣50正2   ,267000,3000,264000,0,0,0,0,0,0,902000,14000,0,14000,2231000,1343000,888000,1166000
063671,GIS統一01購01   ,0,0,0,0,0,0,0,0,0,1151000,0,0,0,1173000,22000,1151000,1151000
3029,零壹            ,1727000,576000,1151000,0,0,0,0,0,0,-3000,0,3000,-3000,0,0,0,1148000
061886,力山國泰01購01  ,0,0,0,0,0,0,0,0,0,1116000,0,0,0,1116000,0,1116000,1116000
063259,廣達富邦9C購01  ,0,0,0,0,0,0,0,0,0,1107000,0,0,0,1109000,2000,1107000,1107000
4904,遠傳            ,2580337,1982000,598337,0,0,0,1000000,29000,971000,-469000,7000,465000,-458000,0,11000,-11000,1100337
006205,富邦上証        ,570000,29000,541000,0,0,0,0,0,0,544294,0,0,0,2236294,1692000,544294,1085294
062546,新日興永豐9B購01,0,0,0,0,0,0,0,0,0,1083000,0,0,0,1108000,25000,1083000,1083000
066085,台積電富邦05購01,0,0,0,0,0,0,0,0,0,1076000,0,0,0,1575000,499000,1076000,1076000
064856,GIS國泰02購01   ,0,0,0,0,0,0,0,0,0,1045000,0,0,0,1101000,56000,1045000,1045000
064843,巨大統一02購01  ,0,0,0,0,0,0,0,0,0,1043000,0,0,0,1535000,492000,1043000,1043000
8926,台汽電          ,767000,317000,450000,0,0,0,0,3000,-3000,578000,60000,0,60000,541000,23000,518000,1025000
062710,盛群元大9B購01  ,0,0,0,0,0,0,0,0,0,1012000,0,0,0,1186000,174000,1012000,1012000
056269,新日興統一98購01,0,0,0,0,0,0,0,0,0,1010000,0,0,0,1153000,143000,1010000,1010000
062328,南亞科統一9C購01,0,0,0,0,0,0,0,0,0,1009000,0,0,0,1102000,93000,1009000,1009000
0061,元大寶滬深      ,103000,297000,-194000,0,0,0,0,0,0,1194000,100000,40000,60000,1479000,345000,1134000,1000000
08064P,上証2X凱基9C售02,0,0,0,0,0,0,0,0,0,998000,0,0,0,998000,0,998000,998000
057485,友達元大9C購04  ,0,0,0,0,0,0,0,0,0,977000,0,0,0,998000,21000,977000,977000
062145,億光國票9B購01  ,0,0,0,0,0,0,0,0,0,967000,0,0,0,967000,0,967000,967000
064847,金像電元富9C購01,0,0,0,0,0,0,0,0,0,961000,0,0,0,1066000,105000,961000,961000
07247P,聯發科凱基9A售06,0,0,0,0,0,0,0,0,0,957000,0,0,0,957000,0,957000,957000
07334P,臺股指國票99售19,0,0,0,0,0,0,0,0,0,950000,0,0,0,950000,0,950000,950000
064446,聚陽統一02購02  ,0,0,0,0,0,0,0,0,0,944000,0,0,0,1394000,450000,944000,944000
064160,新日興統一01購03,0,0,0,0,0,0,0,0,0,941000,0,0,0,974000,33000,941000,941000
062729,神達凱基9B購02  ,0,0,0,0,0,0,0,0,0,933000,0,0,0,1084000,151000,933000,933000
066277,敦泰元大01購02  ,0,0,0,0,0,0,0,0,0,932000,0,0,0,1157000,225000,932000,932000
057877,神達元大99購01  ,0,0,0,0,0,0,0,0,0,927000,0,0,0,1170000,243000,927000,927000
064511,GIS元大9C購05   ,0,0,0,0,0,0,0,0,0,921000,0,0,0,1178000,257000,921000,921000
060360,南亞科元富9A購02,0,0,0,0,0,0,0,0,0,918000,0,0,0,1056000,138000,918000,918000
063383,億豐永豐9B購02  ,0,0,0,0,0,0,0,0,0,896000,0,0,0,896000,0,896000,896000
063861,南亞科國泰02購01,0,0,0,0,0,0,0,0,0,892000,0,0,0,898000,6000,892000,892000
062060,奇鋐統一9C購01  ,0,0,0,0,0,0,0,0,0,890000,0,0,0,1423000,533000,890000,890000
063773,可成富邦9C購01  ,0,0,0,0,0,0,0,0,0,881000,0,0,0,1073000,192000,881000,881000
05830P,滬深2X元富99售03,0,0,0,0,0,0,0,0,0,878000,0,0,0,1711000,833000,878000,878000
061555,聯電國票9B購01  ,0,0,0,0,0,0,0,0,0,869000,0,0,0,962000,93000,869000,869000
058112,神達元富98購01  ,0,0,0,0,0,0,0,0,0,864000,0,0,0,873000,9000,864000,864000
065353,GIS統一02購03   ,0,0,0,0,0,0,0,0,0,860000,0,0,0,868000,8000,860000,860000
3052,夆典            ,1361000,502000,859000,0,0,0,0,0,0,0,0,0,0,0,0,0,859000
060426,盛群永豐9A購01  ,0,0,0,0,0,0,0,0,0,849000,0,0,0,883000,34000,849000,849000
5876,上海商銀        ,2405856,3038000,-632144,0,0,0,1500000,9000,1491000,-15000,0,20000,-20000,65000,60000,5000,843856
1101,台泥            ,6603505,6032000,571505,0,0,0,342000,49000,293000,-24773,54000,773,53227,27000,105000,-78000,839732
066217,美利達統一03購01,0,0,0,0,0,0,0,0,0,828000,0,0,0,868000,40000,828000,828000
065530,亞德客統一9C購02,0,0,0,0,0,0,0,0,0,823000,0,0,0,1003000,180000,823000,823000
058244,神達元大99購02  ,0,0,0,0,0,0,0,0,0,821000,0,0,0,935000,114000,821000,821000
063437,聚陽統一01購01  ,0,0,0,0,0,0,0,0,0,820000,0,0,0,827000,7000,820000,820000
064524,GIS群益02購01   ,0,0,0,0,0,0,0,0,0,815000,0,0,0,855000,40000,815000,815000
07834P,聯詠群益9A售03  ,0,0,0,0,0,0,0,0,0,812000,0,0,0,832000,20000,812000,812000
063179,群創兆豐9B購01  ,0,0,0,0,0,0,0,0,0,812000,0,0,0,812000,0,812000,812000
064244,GIS統一02購01   ,0,0,0,0,0,0,0,0,0,812000,0,0,0,833000,21000,812000,812000
062655,漢唐永豐9B購01  ,0,0,0,0,0,0,0,0,0,810000,0,0,0,865000,55000,810000,810000
066411,南紡元大01購01  ,0,0,0,0,0,0,0,0,0,804000,0,0,0,839000,35000,804000,804000
061581,貿聯元大9A購05  ,0,0,0,0,0,0,0,0,0,798000,0,0,0,835000,37000,798000,798000
3189,景碩            ,3240000,1309000,1931000,0,0,0,0,1147000,-1147000,12000,44000,26000,18000,21000,27000,-6000,796000
2102,泰豐            ,1990000,1141000,849000,0,0,0,0,0,0,-67000,0,0,0,49000,116000,-67000,782000
062351,瑞祺群益9C購01  ,0,0,0,0,0,0,0,0,0,780000,0,0,0,810000,30000,780000,780000
2886,兆豐金          ,3931654,4006000,-74346,0,0,0,1219000,281000,938000,-88000,50000,0,50000,0,138000,-138000,775654
060656,國巨統一9C購03  ,0,0,0,0,0,0,0,0,0,772000,0,0,0,778000,6000,772000,772000
063136,智邦統一9B購02  ,0,0,0,0,0,0,0,0,0,772000,0,0,0,876000,104000,772000,772000
063057,祥碩統一03購01  ,0,0,0,0,0,0,0,0,0,772000,0,0,0,1273000,501000,772000,772000
08271P,華通元富9C售01  ,0,0,0,0,0,0,0,0,0,762000,0,0,0,770000,8000,762000,762000
1598,岱宇            ,1189000,461000,728000,0,0,0,0,0,0,29000,94000,65000,29000,0,0,0,757000
066276,敦泰元大01購01  ,0,0,0,0,0,0,0,0,0,757000,0,0,0,1139000,382000,757000,757000
065112,台表科國票02購01,0,0,0,0,0,0,0,0,0,757000,0,0,0,779000,22000,757000,757000
065640,聯電元大01購02  ,0,0,0,0,0,0,0,0,0,755000,0,0,0,815000,60000,755000,755000
065900,瑞祺國泰02購01  ,0,0,0,0,0,0,0,0,0,747000,0,0,0,816000,69000,747000,747000
6005,群益證          ,2421000,1682000,739000,0,0,0,2000,0,2000,0,0,0,0,0,0,0,741000
08405P,聯發科元大9C售11,0,0,0,0,0,0,0,0,0,740000,0,0,0,748000,8000,740000,740000
07962P,聯詠中信05售03  ,0,0,0,0,0,0,0,0,0,736000,0,0,0,736000,0,736000,736000
066236,潤泰全富邦01購01,0,0,0,0,0,0,0,0,0,731000,0,0,0,731000,0,731000,731000
058106,神達統一98購02  ,0,0,0,0,0,0,0,0,0,711000,0,0,0,1030000,319000,711000,711000
066472,美利達統一02購01,0,0,0,0,0,0,0,0,0,702000,0,0,0,801000,99000,702000,702000
064495,南亞科元大9C購03,0,0,0,0,0,0,0,0,0,697000,0,0,0,707000,10000,697000,697000
00640L,富邦日本正2     ,0,0,0,0,0,0,0,0,0,695000,0,0,0,804000,109000,695000,695000
063403,鈺齊群益9B購01  ,0,0,0,0,0,0,0,0,0,694000,0,0,0,695000,1000,694000,694000
065341,華邦電統一01購02,0,0,0,0,0,0,0,0,0,694000,0,0,0,704000,10000,694000,694000
066960,盛群元大01購01  ,0,0,0,0,0,0,0,0,0,693000,0,0,0,700000,7000,693000,693000
2406,國碩            ,1120000,123000,997000,0,0,0,0,0,0,-305000,0,305000,-305000,0,0,0,692000
063208,鈺齊統一9C購01  ,0,0,0,0,0,0,0,0,0,691000,0,0,0,691000,0,691000,691000
07068P,欣興台新99售01  ,0,0,0,0,0,0,0,0,0,685000,0,0,0,1445000,760000,685000,685000
066535,台積電兆豐01購01,600000,0,600000,0,0,0,0,0,0,85000,0,0,0,723000,638000,85000,685000
057266,TPK兆豐98購02   ,0,0,0,0,0,0,0,0,0,684000,0,0,0,704000,20000,684000,684000
066331,東森永豐01購01  ,0,0,0,0,0,0,0,0,0,683000,0,0,0,890000,207000,683000,683000
066218,美利達統一03購02,0,0,0,0,0,0,0,0,0,679000,0,0,0,921000,242000,679000,679000
058156,超眾統一9A購02  ,0,0,0,0,0,0,0,0,0,676000,0,0,0,947000,271000,676000,676000
056585,台積電統一9A購01,0,0,0,0,0,0,0,0,0,668000,0,0,0,673000,5000,668000,668000
1312,國喬            ,5112000,4442000,670000,0,0,0,0,0,0,-4000,14000,12000,2000,118000,124000,-6000,666000
063583,GIS國泰01購01   ,0,0,0,0,0,0,0,0,0,666000,0,0,0,820000,154000,666000,666000
066281,眾達元大02購01  ,0,0,0,0,0,0,0,0,0,665000,0,0,0,989000,324000,665000,665000
065342,華邦電統一02購01,0,0,0,0,0,0,0,0,0,664000,0,0,0,664000,0,664000,664000
060783,亞德客富邦9B購01,0,0,0,0,0,0,0,0,0,663000,0,0,0,673000,10000,663000,663000
061210,玉山金元大9A購02,0,0,0,0,0,0,0,0,0,662000,0,0,0,716000,54000,662000,662000
3023,信邦            ,881000,220044,660956,0,0,0,0,4000,-4000,5000,0,100000,-100000,122000,17000,105000,661956
062008,南亞科國泰9C購01,0,0,0,0,0,0,0,0,0,661000,0,0,0,824000,163000,661000,661000
061129,文曄永豐9A購01  ,0,0,0,0,0,0,0,0,0,658000,0,0,0,658000,0,658000,658000
066280,眾達元大01購01  ,0,0,0,0,0,0,0,0,0,654000,0,0,0,891000,237000,654000,654000
064612,聯電元大01購01  ,0,0,0,0,0,0,0,0,0,650000,0,0,0,740000,90000,650000,650000
060583,南亞科元富9A購05,0,0,0,0,0,0,0,0,0,649000,0,0,0,683000,34000,649000,649000
064656,聚陽元大9C購03  ,0,0,0,0,0,0,0,0,0,647000,0,0,0,1302000,655000,647000,647000
063350,台表科統一02購02,0,0,0,0,0,0,0,0,0,646000,0,0,0,806000,160000,646000,646000
063486,聚陽國泰9C購01  ,0,0,0,0,0,0,0,0,0,645000,0,0,0,814000,169000,645000,645000
065677,南亞科統一03購02,0,0,0,0,0,0,0,0,0,640000,0,0,0,865000,225000,640000,640000
065803,大立光群益01購03,0,0,0,0,0,0,0,0,0,638000,0,0,0,883000,245000,638000,638000
064045,南亞科統一9C購04,0,0,0,0,0,0,0,0,0,637000,0,0,0,689000,52000,637000,637000
064008,日月光凱基9C購01,0,0,0,0,0,0,0,0,0,637000,0,0,0,988000,351000,637000,637000
066271,東森元大01購01  ,0,0,0,0,0,0,0,0,0,636000,0,0,0,954000,318000,636000,636000
4536,拓凱            ,379000,214000,165000,0,0,0,387000,0,387000,83000,0,8000,-8000,127000,36000,91000,635000
063488,金像電國泰01購01,0,0,0,0,0,0,0,0,0,633000,0,0,0,739000,106000,633000,633000
2354,鴻準            ,1072837,819000,253837,0,0,0,355000,0,355000,19000,23000,4000,19000,0,0,0,627837
057973,神達富邦9A購01  ,0,0,0,0,0,0,0,0,0,621000,0,0,0,993000,372000,621000,621000
059008,鈺齊元大99購03  ,0,0,0,0,0,0,0,0,0,618000,0,0,0,725000,107000,618000,618000
065490,國巨國泰02購02  ,0,0,0,0,0,0,0,0,0,616000,0,0,0,1037000,421000,616000,616000
060252,緯穎元大9A購02  ,0,0,0,0,0,0,0,0,0,615000,0,0,0,668000,53000,615000,615000
064237,奇鋐統一01購01  ,0,0,0,0,0,0,0,0,0,615000,0,0,0,994000,379000,615000,615000
066648,可成麥證01購01  ,0,0,0,614000,2000,612000,0,0,0,614000,0,0,0,616000,2000,614000,614000
053563,台積電富邦97購01,0,0,0,0,0,0,0,0,0,614000,0,0,0,614000,0,614000,614000
066471,致新統一02購01  ,0,0,0,0,0,0,0,0,0,613000,0,0,0,829000,216000,613000,613000
060763,聯鈞元大9A購03  ,0,0,0,0,0,0,0,0,0,612000,0,0,0,666000,54000,612000,612000
066851,瀚宇博元大01購02,0,0,0,0,0,0,0,0,0,611000,0,0,0,616000,5000,611000,611000
066113,金像電兆豐01購01,0,0,0,0,0,0,0,0,0,610000,0,0,0,612000,2000,610000,610000
066134,強茂群益01購01  ,0,0,0,0,0,0,0,0,0,608000,0,0,0,618000,10000,608000,608000
064248,億光元富9C購01  ,0,0,0,0,0,0,0,0,0,605000,0,0,0,750000,145000,605000,605000
056349,道瓊銀元大9B購01,0,0,0,0,0,0,0,0,0,604000,0,0,0,644000,40000,604000,604000
064387,GIS富邦9C購01   ,0,0,0,0,0,0,0,0,0,602000,0,0,0,602000,0,602000,602000
07032P,聯發科統一9C售02,0,0,0,0,0,0,0,0,0,600000,0,0,0,660000,60000,600000,600000
058443,T50正2富邦01購01,0,0,0,0,0,0,0,0,0,597000,0,0,0,896000,299000,597000,597000
057741,超眾富邦98購01  ,0,0,0,0,0,0,0,0,0,592000,0,0,0,592000,0,592000,592000
063941,國巨元大9C購12  ,0,0,0,0,0,0,0,0,0,592000,0,0,0,670000,78000,592000,592000
00636,國泰中國A50     ,217000,166000,51000,0,0,0,0,0,0,536604,180000,20000,160000,1222604,846000,376604,587604
066346,眾達永豐01購01  ,0,0,0,0,0,0,0,0,0,584000,0,0,0,712000,128000,584000,584000
3708,上緯投控        ,866000,425000,441000,0,0,0,62000,0,62000,78000,0,0,0,95000,17000,78000,581000
059995,南亞科元富99購01,0,0,0,0,0,0,0,0,0,580000,0,0,0,615000,35000,580000,580000
056699,光罩國泰99購01  ,0,0,0,0,0,0,0,0,0,579000,0,0,0,772000,193000,579000,579000
063133,喬山統一01購01  ,0,0,0,0,0,0,0,0,0,579000,0,0,0,679000,100000,579000,579000
065466,台表科中信01購03,0,0,0,0,0,0,0,0,0,579000,0,0,0,1140000,561000,579000,579000
065258,華邦電元大01購01,0,0,0,0,0,0,0,0,0,577000,0,0,0,590000,13000,577000,577000
08111P,臺股指中信01售06,0,0,0,0,0,0,0,0,0,576000,0,0,0,636000,60000,576000,576000
065451,台表科統一02購04,0,0,0,0,0,0,0,0,0,574000,0,0,0,1253000,679000,574000,574000
3024,憶聲            ,1257000,683000,574000,0,0,0,0,0,0,0,0,0,0,0,0,0,574000
064240,群創統一02購02  ,0,0,0,0,0,0,0,0,0,573000,0,0,0,790000,217000,573000,573000
058899,旺宏元大99購10  ,0,0,0,0,0,0,0,0,0,572000,0,0,0,582000,10000,572000,572000
064235,美律統一9C購02  ,0,0,0,0,0,0,0,0,0,572000,0,0,0,606000,34000,572000,572000
065780,國巨富邦03購02  ,0,0,0,0,0,0,0,0,0,571000,0,0,0,606000,35000,571000,571000
064476,金像電國泰02購01,0,0,0,0,0,0,0,0,0,570000,0,0,0,737000,167000,570000,570000
064928,同欣電統一01購02,0,0,0,0,0,0,0,0,0,566000,0,0,0,567000,1000,566000,566000
08201P,祥碩元大9B售09  ,0,0,0,0,0,0,0,0,0,565000,0,0,0,570000,5000,565000,565000
056195,群創富邦98購01  ,0,0,0,0,0,0,0,0,0,562000,0,0,0,572000,10000,562000,562000
065118,國巨富邦01購02  ,0,0,0,0,0,0,0,0,0,562000,0,0,0,712000,150000,562000,562000
00651R,FH香港反1       ,3000,3000,0,0,0,0,0,0,0,561000,0,0,0,839000,278000,561000,561000
061866,力山元大9C購01  ,0,0,0,0,0,0,0,0,0,559000,0,0,0,569000,10000,559000,559000
064456,禾伸堂統一01購01,0,0,0,0,0,0,0,0,0,559000,0,0,0,597000,38000,559000,559000
2515,中工            ,1099000,649000,450000,0,0,0,0,0,0,107000,68000,0,68000,220000,181000,39000,557000
063774,GIS富邦9B購02   ,0,0,0,0,0,0,0,0,0,556000,0,0,0,1354000,798000,556000,556000
063630,智邦元大9B購09  ,0,0,0,0,0,0,0,0,0,556000,0,0,0,670000,114000,556000,556000
064745,聯鈞國票01購01  ,0,0,0,0,0,0,0,0,0,556000,0,0,0,558000,2000,556000,556000
08243P,祥碩凱基9C售02  ,0,0,0,0,0,0,0,0,0,555000,0,0,0,1129000,574000,555000,555000
065961,東元元大04購01  ,0,0,0,0,0,0,0,0,0,555000,0,0,0,682000,127000,555000,555000
063581,同欣電國泰9C購01,0,0,0,0,0,0,0,0,0,552000,0,0,0,587000,35000,552000,552000
063439,正隆統一01購01  ,0,0,0,0,0,0,0,0,0,546000,0,0,0,546000,0,546000,546000
1717,長興            ,1299000,752000,547000,0,0,0,0,1000,-1000,-2000,0,0,0,2000,4000,-2000,544000
061003,南亞科兆豐9A購01,0,0,0,0,0,0,0,0,0,544000,0,0,0,765000,221000,544000,544000
057508,康控國票99購03  ,0,0,0,0,0,0,0,0,0,541000,0,0,0,656000,115000,541000,541000
060361,南亞科元富9A購03,0,0,0,0,0,0,0,0,0,541000,0,0,0,598000,57000,541000,541000
066325,可成永豐01購01  ,0,0,0,0,0,0,0,0,0,540000,0,0,0,542000,2000,540000,540000
064732,GIS統一01購03   ,0,0,0,0,0,0,0,0,0,538000,0,0,0,538000,0,538000,538000
1102,亞泥            ,5761627,5407663,353964,0,0,0,333000,39000,294000,-110000,80000,40000,40000,32000,182000,-150000,537964
065366,英業達元大9C購02,0,0,0,0,0,0,0,0,0,536000,0,0,0,593000,57000,536000,536000
064132,神達元大9C購02  ,0,0,0,0,0,0,0,0,0,535000,0,0,0,985000,450000,535000,535000
065580,鈺齊群益01購01  ,0,0,0,0,0,0,0,0,0,534000,0,0,0,584000,50000,534000,534000
066720,滬深2X元大01購07,0,0,0,0,0,0,0,0,0,532000,0,0,0,595000,63000,532000,532000
063900,GIS群益9C購03   ,0,0,0,0,0,0,0,0,0,529000,0,0,0,608000,79000,529000,529000
2379,瑞昱            ,3146386,2455003,691383,0,0,0,9000,47000,-38000,-128000,75000,156000,-81000,8000,55000,-47000,525383
062228,南六統一02購01  ,0,0,0,0,0,0,0,0,0,525000,0,0,0,540000,15000,525000,525000
056584,鴻海統一9B購01  ,10000,0,10000,0,0,0,0,0,0,515000,0,0,0,2543000,2028000,515000,525000
063402,GIS群益9B購02   ,0,0,0,0,0,0,0,0,0,521000,0,0,0,521000,0,521000,521000
064730,超眾統一02購02  ,0,0,0,0,0,0,0,0,0,521000,0,0,0,546000,25000,521000,521000
066529,巨大統一03購01  ,0,0,0,0,0,0,0,0,0,520000,0,0,0,612000,92000,520000,520000
065983,亞德客國泰03購01,0,0,0,0,0,0,0,0,0,520000,0,0,0,795000,275000,520000,520000
062572,元金反群益9C購01,0,0,0,0,0,0,0,0,0,520000,0,0,0,520000,0,520000,520000
065933,鴻海群益01購06  ,0,0,0,0,0,0,0,0,0,520000,0,0,0,636000,116000,520000,520000
062221,奇力新統一01購01,0,0,0,0,0,0,0,0,0,519000,0,0,0,529000,10000,519000,519000
2308,台達電          ,4073797,3828000,245797,0,0,0,102000,17000,85000,188000,902000,698000,204000,16000,32000,-16000,518797
062561,瀚宇博凱基9B購01,0,0,0,0,0,0,0,0,0,517000,0,0,0,567000,50000,517000,517000
060183,南亞科元富9A購01,0,0,0,0,0,0,0,0,0,517000,0,0,0,517000,0,517000,517000
058714,美律統一9B購01  ,0,0,0,0,0,0,0,0,0,514000,0,0,0,541000,27000,514000,514000
065651,中磊元大9C購01  ,0,0,0,0,0,0,0,0,0,513000,0,0,0,706000,193000,513000,513000
08781P,台灣50元大01售25,0,0,0,0,0,0,0,0,0,512000,0,0,0,514000,2000,512000,512000
08316P,祥碩元大9C售04  ,0,0,0,0,0,0,0,0,0,510000,0,0,0,1089000,579000,510000,510000
063984,華邦電國泰02購01,0,0,0,0,0,0,0,0,0,510000,0,0,0,510000,0,510000,510000
066287,訊芯元大01購01  ,0,0,0,0,0,0,0,0,0,509000,0,0,0,664000,155000,509000,509000
3515,華擎            ,939000,371000,568000,0,0,0,44000,0,44000,-104000,10000,60000,-50000,38000,92000,-54000,508000
064153,中壽統一9C購01  ,0,0,0,0,0,0,0,0,0,506000,0,0,0,506000,0,506000,506000
3035,智原            ,1180000,623000,557000,0,0,0,0,0,0,-51000,10000,20000,-10000,19000,60000,-41000,506000
057446,旺宏元富02購01  ,0,0,0,0,0,0,0,0,0,505000,0,0,0,505000,0,505000,505000
066493,美利達元富01購01,0,0,0,0,0,0,0,0,0,504000,0,0,0,734000,230000,504000,504000
063176,南亞科兆豐9B購01,0,0,0,0,0,0,0,0,0,504000,0,0,0,524000,20000,504000,504000
065699,南亞科群益9C購02,0,0,0,0,0,0,0,0,0,503000,0,0,0,907000,404000,503000,503000
057370,可成元大98購07  ,0,0,0,0,0,0,0,0,0,499000,0,0,0,599000,100000,499000,499000
062800,奇力新統一01購02,0,0,0,0,0,0,0,0,0,499000,0,0,0,499000,0,499000,499000
061740,華新科凱基03購01,0,0,0,0,0,0,0,0,0,499000,0,0,0,499000,0,499000,499000
064039,亞德客統一02購01,0,0,0,0,0,0,0,0,0,499000,0,0,0,499000,0,499000,499000
061028,聚陽永豐9A購01  ,0,0,0,0,0,0,0,0,0,497000,0,0,0,570000,73000,497000,497000
07407P,欣興凱基99售07  ,0,0,0,0,0,0,0,0,0,494000,0,0,0,583000,89000,494000,494000
055032,億光富邦99購01  ,0,0,0,0,0,0,0,0,0,494000,0,0,0,520000,26000,494000,494000
065169,華邦電元大9C購03,0,0,0,0,0,0,0,0,0,493000,0,0,0,546000,53000,493000,493000
063202,南亞科統一9C購02,0,0,0,0,0,0,0,0,0,490000,0,0,0,539000,49000,490000,490000
058054,台積電統一9C購01,0,0,0,0,0,0,0,0,0,487000,0,0,0,1011000,524000,487000,487000
061865,力山元大9B購01  ,0,0,0,0,0,0,0,0,0,487000,0,0,0,506000,19000,487000,487000
058188,華擎永豐99購01  ,0,0,0,0,0,0,0,0,0,486000,0,0,0,630000,144000,486000,486000
3443,創意            ,1430000,1119778,310222,0,0,0,34000,7000,27000,148000,158000,107000,51000,116000,19000,97000,485222
065756,緯創元大9C購05  ,0,0,0,0,0,0,0,0,0,485000,0,0,0,717000,232000,485000,485000
066358,美利達永豐01購01,0,0,0,0,0,0,0,0,0,483000,0,0,0,513000,30000,483000,483000
063191,台表科凱基9B購03,0,0,0,0,0,0,0,0,0,482000,0,0,0,532000,50000,482000,482000
062003,國巨國泰01購01  ,0,0,0,0,0,0,0,0,0,481000,0,0,0,539000,58000,481000,481000
065470,聚陽元大01購01  ,0,0,0,0,0,0,0,0,0,481000,0,0,0,604000,123000,481000,481000
064815,台表科元大01購01,0,0,0,0,0,0,0,0,0,481000,0,0,0,633000,152000,481000,481000
065061,聯發科群益9C購08,0,0,0,0,0,0,0,0,0,479000,0,0,0,561000,82000,479000,479000
063779,華邦電永豐9B購01,0,0,0,0,0,0,0,0,0,479000,0,0,0,479000,0,479000,479000
063369,聚陽永豐9B購01  ,0,0,0,0,0,0,0,0,0,477000,0,0,0,557000,80000,477000,477000
062122,國巨統一02購01  ,0,0,0,0,0,0,0,0,0,476000,0,0,0,516000,40000,476000,476000
065450,同欣電統一01購03,0,0,0,0,0,0,0,0,0,476000,0,0,0,477000,1000,476000,476000
3533,嘉澤            ,941000,593000,348000,0,0,0,336000,181777,154223,-27000,12000,24000,-12000,15000,30000,-15000,475223
064736,超眾元富9C購04  ,0,0,0,0,0,0,0,0,0,474000,0,0,0,539000,65000,474000,474000
063445,金像電統一9B購01,0,0,0,0,0,0,0,0,0,474000,0,0,0,516000,42000,474000,474000
060435,鈺齊永豐9A購01  ,0,0,0,0,0,0,0,0,0,472000,0,0,0,475000,3000,472000,472000
063626,聚陽元大9B購03  ,0,0,0,0,0,0,0,0,0,472000,0,0,0,818000,346000,472000,472000
066849,神達元大01購01  ,0,0,0,0,0,0,0,0,0,471000,0,0,0,1003000,532000,471000,471000
06799P,臺股指凱基98售09,0,0,0,0,0,0,0,0,0,470000,0,0,0,505000,35000,470000,470000
056390,台積電富邦9B購01,0,0,0,0,0,0,0,0,0,470000,0,0,0,589000,119000,470000,470000
063849,奇鋐元大9C購01  ,0,0,0,0,0,0,0,0,0,470000,0,0,0,601000,131000,470000,470000
064684,巨大兆豐9C購01  ,0,0,0,0,0,0,0,0,0,470000,0,0,0,470000,0,470000,470000
064447,喬山統一02購01  ,0,0,0,0,0,0,0,0,0,469000,0,0,0,499000,30000,469000,469000
058267,奇鋐永豐99購01  ,0,0,0,0,0,0,0,0,0,467000,0,0,0,533000,66000,467000,467000
3014,聯陽            ,817000,556000,261000,0,0,0,0,3000,-3000,206000,207000,0,207000,19000,20000,-1000,464000
063268,GIS中信9B購01   ,0,0,0,0,0,0,0,0,0,462000,0,0,0,641000,179000,462000,462000
064236,奇力新統一01購04,0,0,0,0,0,0,0,0,0,462000,0,0,0,462000,0,462000,462000
058197,國巨中信99購02  ,0,0,0,0,0,0,0,0,0,461000,0,0,0,471000,10000,461000,461000
063728,國巨元大9B購21  ,0,0,0,0,0,0,0,0,0,460000,0,0,0,535000,75000,460000,460000
058699,楠梓電元大99購02,0,0,0,0,0,0,0,0,0,458000,0,0,0,458000,0,458000,458000
057727,華邦電國泰9A購01,0,0,0,0,0,0,0,0,0,456000,0,0,0,456000,0,456000,456000
060937,T50反1國票9A購10,0,0,0,0,0,0,0,0,0,456000,0,0,0,486000,30000,456000,456000
066084,國巨富邦05購01  ,0,0,0,0,0,0,0,0,0,455000,0,0,0,455000,0,455000,455000
057016,中石化凱基9B購01,0,0,0,0,0,0,0,0,0,455000,0,0,0,510000,55000,455000,455000
065892,聯發科統一02購04,0,0,0,0,0,0,0,0,0,453000,0,0,0,537000,84000,453000,453000
05749P,臺股指群益99售03,0,0,0,0,0,0,0,0,0,452000,0,0,0,535000,83000,452000,452000
063093,國產國票9B購01  ,0,0,0,0,0,0,0,0,0,451000,0,0,0,723000,272000,451000,451000
064810,嘉晶元大01購01  ,0,0,0,0,0,0,0,0,0,450000,0,0,0,529000,79000,450000,450000
060632,可成富邦9B購01  ,0,0,0,0,0,0,0,0,0,449000,0,0,0,515000,66000,449000,449000
063051,仁寶統一01購01  ,0,0,0,0,0,0,0,0,0,446000,0,0,0,584000,138000,446000,446000
057475,聯電元大9A購01  ,0,0,0,0,0,0,0,0,0,445000,0,0,0,974000,529000,445000,445000
064165,同欣電統一01購01,0,0,0,0,0,0,0,0,0,445000,0,0,0,480000,35000,445000,445000
062416,和大統一01購02  ,0,0,0,0,0,0,0,0,0,441000,0,0,0,541000,100000,441000,441000
056146,台虹元大98購01  ,0,0,0,0,0,0,0,0,0,441000,0,0,0,451000,10000,441000,441000
056096,超眾元富9A購01  ,0,0,0,0,0,0,0,0,0,438000,0,0,0,492000,54000,438000,438000
064674,鈺齊元大9C購01  ,0,0,0,0,0,0,0,0,0,436000,0,0,0,457000,21000,436000,436000
065871,南亞科群益9C購03,0,0,0,0,0,0,0,0,0,436000,0,0,0,441000,5000,436000,436000
08605P,聯發科中信9C售06,0,0,0,0,0,0,0,0,0,434000,0,0,0,873000,439000,434000,434000
062817,富邦金兆豐9B購01,0,0,0,0,0,0,0,0,0,433000,0,0,0,590000,157000,433000,433000
061971,力山元大9C購02  ,0,0,0,0,0,0,0,0,0,432000,0,0,0,432000,0,432000,432000
061956,和大統一01購01  ,0,0,0,0,0,0,0,0,0,431000,0,0,0,581000,150000,431000,431000
065566,裕隆群益9C購02  ,0,0,0,0,0,0,0,0,0,431000,0,0,0,431000,0,431000,431000
064777,南亞科群益9C購01,0,0,0,0,0,0,0,0,0,430000,0,0,0,506000,76000,430000,430000
064375,智邦元富03購01  ,0,0,0,0,0,0,0,0,0,430000,0,0,0,468000,38000,430000,430000
061903,宏全永豐9B購01  ,0,0,0,0,0,0,0,0,0,429000,0,0,0,455000,26000,429000,429000
6285,啟碁            ,540000,400000,140000,0,0,0,0,0,0,289000,123000,0,123000,166000,0,166000,429000
063056,嘉澤統一9C購02  ,0,0,0,0,0,0,0,0,0,428000,0,0,0,497000,69000,428000,428000
4927,泰鼎-KY         ,882000,823000,59000,0,0,0,302000,25000,277000,92000,90000,0,90000,39000,37000,2000,428000
060562,旺宏富邦9C購02  ,0,0,0,0,0,0,0,0,0,427000,0,0,0,597000,170000,427000,427000
061673,仁寶元大9B購01  ,0,0,0,0,0,0,0,0,0,427000,0,0,0,551000,124000,427000,427000
065701,聯發科群益9C購13,0,0,0,0,0,0,0,0,0,425000,0,0,0,509000,84000,425000,425000
058977,SGBR2X凱基03購01,0,0,0,0,0,0,0,0,0,423000,0,0,0,438000,15000,423000,423000
4142,國光生          ,2550000,2213000,337000,0,0,0,0,0,0,85000,75000,0,75000,10000,0,10000,422000
064655,聚陽元大9C購02  ,0,0,0,0,0,0,0,0,0,421000,0,0,0,917000,496000,421000,421000
066188,訊芯凱基01購01  ,0,0,0,0,0,0,0,0,0,420000,0,0,0,450000,30000,420000,420000
08337P,台灣50凱基01售15,0,0,0,0,0,0,0,0,0,419000,0,0,0,1088000,669000,419000,419000
061587,美律富邦9A購02  ,0,0,0,0,0,0,0,0,0,419000,0,0,0,419000,0,419000,419000
065448,緯創統一9C購01  ,0,0,0,0,0,0,0,0,0,419000,0,0,0,484000,65000,419000,419000
08407P,臺股指元大9C售13,0,0,0,0,0,0,0,0,0,418000,0,0,0,499000,81000,418000,418000
057730,聯鈞國泰9A購01  ,0,0,0,0,0,0,0,0,0,418000,0,0,0,506000,88000,418000,418000
062969,旺宏元富9B購01  ,0,0,0,0,0,0,0,0,0,418000,0,0,0,569000,151000,418000,418000
065850,緯創元大9C購06  ,0,0,0,0,0,0,0,0,0,418000,0,0,0,632000,214000,418000,418000
064665,南亞科元大9C購06,0,0,0,0,0,0,0,0,0,418000,0,0,0,423000,5000,418000,418000
066267,強茂元大01購02  ,0,0,0,0,0,0,0,0,0,417000,0,0,0,1262000,845000,417000,417000
066735,智原元大01購03  ,0,0,0,0,0,0,0,0,0,414000,0,0,0,516000,102000,414000,414000
064721,國泰金統一02購01,0,0,0,0,0,0,0,0,0,414000,0,0,0,642000,228000,414000,414000
065981,超眾元大02購01  ,0,0,0,0,0,0,0,0,0,412000,0,0,0,440000,28000,412000,412000
064494,南亞科元大9C購02,0,0,0,0,0,0,0,0,0,412000,0,0,0,487000,75000,412000,412000
064927,瀚宇博統一02購01,0,0,0,0,0,0,0,0,0,411000,0,0,0,581000,170000,411000,411000
062297,億豐永豐9B購01  ,0,0,0,0,0,0,0,0,0,408000,0,0,0,409000,1000,408000,408000
063262,南六富邦9C購01  ,0,0,0,0,0,0,0,0,0,408000,0,0,0,408000,0,408000,408000
063290,GIS元大9B購02   ,0,0,0,0,0,0,0,0,0,408000,0,0,0,419000,11000,408000,408000
065682,健策統一9C購07  ,0,0,0,0,0,0,0,0,0,408000,0,0,0,481000,73000,408000,408000
066465,同欣電統一01購05,0,0,0,0,0,0,0,0,0,407000,0,0,0,407000,0,407000,407000
063339,智邦統一01購01  ,0,0,0,0,0,0,0,0,0,407000,0,0,0,442000,35000,407000,407000
065540,台表科統一02購05,0,0,0,0,0,0,0,0,0,407000,0,0,0,407000,0,407000,407000
064822,台達電統一01購03,0,0,0,0,0,0,0,0,0,407000,0,0,0,467000,60000,407000,407000
064283,奇鋐元大9C購02  ,0,0,0,0,0,0,0,0,0,406000,0,0,0,493000,87000,406000,406000
065084,南亞科元大9C購08,0,0,0,0,0,0,0,0,0,405000,0,0,0,479000,74000,405000,405000
07145P,為升元大99售03  ,0,0,0,0,0,0,0,0,0,404000,0,0,0,485000,81000,404000,404000
066454,金像電統一01購03,0,0,0,0,0,0,0,0,0,403000,0,0,0,613000,210000,403000,403000
054803,味全元大9A購01  ,0,0,0,0,0,0,0,0,0,403000,0,0,0,434000,31000,403000,403000
061996,矽格元大9B購01  ,0,0,0,0,0,0,0,0,0,403000,0,0,0,521000,118000,403000,403000
062360,華邦電元大9B購01,0,0,0,0,0,0,0,0,0,402000,0,0,0,480000,78000,402000,402000
061990,台勝科元大9C購01,0,0,0,0,0,0,0,0,0,402000,0,0,0,402000,0,402000,402000
065778,南亞科國泰01購01,0,0,0,0,0,0,0,0,0,401000,0,0,0,411000,10000,401000,401000
07559P,祥碩元大9A售03  ,0,0,0,0,0,0,0,0,0,400000,0,0,0,666000,266000,400000,400000
057252,牧德元富98購01  ,0,0,0,0,0,0,0,0,0,400000,0,0,0,400000,0,400000,400000
3413,京鼎            ,727000,278000,449000,0,0,0,0,11000,-11000,-38000,6000,47000,-41000,29000,26000,3000,400000
057544,鴻海凱基02購01  ,0,0,0,0,0,0,0,0,0,399000,0,0,0,517000,118000,399000,399000
063345,嘉晶統一9C購02  ,0,0,0,0,0,0,0,0,0,399000,0,0,0,405000,6000,399000,399000
063703,晶豪科群益9B購02,0,0,0,0,0,0,0,0,0,399000,0,0,0,443000,44000,399000,399000
8213,志超            ,799000,223000,576000,0,0,0,0,0,0,-177000,0,0,0,0,177000,-177000,399000
055449,超眾統一9A購01  ,0,0,0,0,0,0,0,0,0,398000,0,0,0,404000,6000,398000,398000
006207,FH滬深          ,122000,110000,12000,0,0,0,0,0,0,386000,20000,10000,10000,1819000,1443000,376000,398000
063146,南六統一9B購02  ,0,0,0,0,0,0,0,0,0,398000,0,0,0,494000,96000,398000,398000
065041,金像電凱基02購02,0,0,0,0,0,0,0,0,0,397000,0,0,0,400000,3000,397000,397000
058794,旺宏元大99購09  ,0,0,0,0,0,0,0,0,0,396000,0,0,0,403000,7000,396000,396000
064848,金像電元富9C購02,0,0,0,0,0,0,0,0,0,396000,0,0,0,573000,177000,396000,396000
07478P,南電康和9A售02  ,0,0,0,0,0,0,0,0,0,395000,0,0,0,396000,1000,395000,395000
059023,可成統一9B購02  ,0,0,0,0,0,0,0,0,0,395000,0,0,0,404000,9000,395000,395000
058781,康友國票9A購01  ,0,0,0,0,0,0,0,0,0,394000,0,0,0,494000,100000,394000,394000
058067,台積電第一9C購01,0,0,0,0,0,0,0,0,0,394000,0,0,0,587000,193000,394000,394000
063124,奇力新元大9B購05,0,0,0,0,0,0,0,0,0,394000,0,0,0,396000,2000,394000,394000
064597,鴻海元富9C購03  ,0,0,0,0,0,0,0,0,0,394000,0,0,0,922000,528000,394000,394000
058184,鴻海永豐99購01  ,0,0,0,0,0,0,0,0,0,392000,0,0,0,437000,45000,392000,392000
062807,和碩統一9B購01  ,0,0,0,0,0,0,0,0,0,392000,0,0,0,462000,70000,392000,392000
00783,富邦中証500     ,14000,0,14000,0,0,0,0,0,0,376550,0,0,0,1727550,1351000,376550,390550
07703P,玉晶光中信9B售03,0,0,0,0,0,0,0,0,0,390000,0,0,0,450000,60000,390000,390000
066600,瀚宇博國泰03購01,0,0,0,0,0,0,0,0,0,390000,0,0,0,395000,5000,390000,390000
060686,康友元大9A購02  ,0,0,0,0,0,0,0,0,0,390000,0,0,0,411000,21000,390000,390000
2881,富邦金          ,6593850,5832000,761850,0,0,0,431000,104000,327000,-699000,5000,460000,-455000,20000,264000,-244000,389850
065336,華新統一02購01  ,0,0,0,0,0,0,0,0,0,389000,0,0,0,389000,0,389000,389000
4958,臻鼎-KY         ,2621466,2235000,386466,0,0,0,362000,319000,43000,-41000,274000,290000,-16000,21000,46000,-25000,388466
064986,GIS元大9C購07   ,0,0,0,0,0,0,0,0,0,386000,0,0,0,760000,374000,386000,386000
054098,嘉晶國票97購04  ,0,0,0,0,0,0,0,0,0,384000,0,0,0,394000,10000,384000,384000
066509,南亞永豐01購01  ,0,0,0,0,0,0,0,0,0,383000,0,0,0,513000,130000,383000,383000
064538,鈺齊國票01購01  ,0,0,0,0,0,0,0,0,0,383000,0,0,0,383000,0,383000,383000
064138,亞德客統一01購02,0,0,0,0,0,0,0,0,0,383000,0,0,0,433000,50000,383000,383000
065685,同欣電統一01購04,0,0,0,0,0,0,0,0,0,381000,0,0,0,385000,4000,381000,381000
5871,中租-KY         ,1258736,822169,436567,0,0,0,1000,24000,-23000,-33000,0,20000,-20000,1000,14000,-13000,380567
061610,力成統一9C購01  ,0,0,0,0,0,0,0,0,0,378000,0,0,0,536000,158000,378000,378000
065478,緯創元大9C購03  ,0,0,0,0,0,0,0,0,0,377000,0,0,0,496000,119000,377000,377000
058477,億光凱基9A購01  ,0,0,0,0,0,0,0,0,0,376000,0,0,0,520000,144000,376000,376000
064374,旺宏元富9C購01  ,0,0,0,0,0,0,0,0,0,375000,0,0,0,375000,0,375000,375000
08633P,聯發科元大9C售20,0,0,0,0,0,0,0,0,0,374000,0,0,0,413000,39000,374000,374000
006208,富邦台50        ,0,1000,-1000,0,0,0,0,0,0,375000,0,0,0,785000,410000,375000,374000
063980,智易兆豐9C購02  ,0,0,0,0,0,0,0,0,0,373000,0,0,0,385000,12000,373000,373000
064975,南亞科元大9C購07,0,0,0,0,0,0,0,0,0,373000,0,0,0,373000,0,373000,373000
062537,聯電國泰9C購01  ,0,0,0,0,0,0,0,0,0,372000,0,0,0,530000,158000,372000,372000
063330,神達國票9C購01  ,0,0,0,0,0,0,0,0,0,372000,0,0,0,993000,621000,372000,372000
063444,金像電統一03購01,0,0,0,0,0,0,0,0,0,372000,0,0,0,388000,16000,372000,372000
066275,台勝科元大01購01,0,0,0,0,0,0,0,0,0,371000,0,0,0,551000,180000,371000,371000
08140P,祥碩元大9B售07  ,0,0,0,0,0,0,0,0,0,370000,0,0,0,1415000,1045000,370000,370000
053827,漢唐麥證9A購01  ,0,0,0,521000,52000,469000,0,0,0,369000,0,0,0,521000,152000,369000,369000
063409,GIS國票9C購02   ,0,0,0,0,0,0,0,0,0,368000,0,0,0,368000,0,368000,368000
061468,神達群益9A購01  ,0,0,0,0,0,0,0,0,0,367000,0,0,0,491000,124000,367000,367000
6416,瑞祺電通        ,647000,201000,446000,0,0,0,91000,0,91000,-170000,21000,171000,-150000,57000,77000,-20000,367000
056138,群創元大9B購01  ,0,0,0,0,0,0,0,0,0,364000,0,0,0,569000,205000,364000,364000
064480,聚陽永豐9C購01  ,0,0,0,0,0,0,0,0,0,363000,0,0,0,365000,2000,363000,363000
061374,力山永豐9A購04  ,0,0,0,0,0,0,0,0,0,362000,0,0,0,372000,10000,362000,362000
059509,奇力新永豐99購02,0,0,0,0,0,0,0,0,0,362000,0,0,0,401000,39000,362000,362000
065849,景碩元大9C購03  ,0,0,0,0,0,0,0,0,0,362000,0,0,0,387000,25000,362000,362000
066635,敦泰凱基01購01  ,0,0,0,0,0,0,0,0,0,360000,0,0,0,435000,75000,360000,360000
065159,臻鼎群益9C購02  ,0,0,0,0,0,0,0,0,0,360000,0,0,0,413000,53000,360000,360000
062539,可成國泰01購01  ,0,0,0,0,0,0,0,0,0,359000,0,0,0,422000,63000,359000,359000
062185,禾伸堂元大9B購01,0,0,0,0,0,0,0,0,0,358000,0,0,0,418000,60000,358000,358000
065901,台積電富邦03購04,0,0,0,0,0,0,0,0,0,358000,0,0,0,367000,9000,358000,358000
065689,群創元富9C購04  ,0,0,0,0,0,0,0,0,0,358000,0,0,0,559000,201000,358000,358000
064385,台積電富邦03購02,0,0,0,0,0,0,0,0,0,358000,0,0,0,368000,10000,358000,358000
062183,奇鋐元大9B購01  ,0,0,0,0,0,0,0,0,0,357000,0,0,0,994000,637000,357000,357000
056459,茂林凱基99購01  ,0,0,0,0,0,0,0,0,0,357000,0,0,0,482000,125000,357000,357000
065653,同欣電元大03購01,0,0,0,0,0,0,0,0,0,357000,0,0,0,600000,243000,357000,357000
059760,楠梓電永豐99購01,0,0,0,0,0,0,0,0,0,354000,0,0,0,364000,10000,354000,354000
061470,鈺齊群益9A購02  ,0,0,0,0,0,0,0,0,0,354000,0,0,0,354000,0,354000,354000
065608,緯創元大9C購04  ,0,0,0,0,0,0,0,0,0,353000,0,0,0,514000,161000,353000,353000
064490,金像電元大9C購02,0,0,0,0,0,0,0,0,0,353000,0,0,0,418000,65000,353000,353000
2436,偉詮電          ,1718000,1357000,361000,0,0,0,0,0,0,-8000,0,8000,-8000,0,0,0,353000
061724,訊芯永豐9A購01  ,0,0,0,0,0,0,0,0,0,352000,0,0,0,654000,302000,352000,352000
060916,金像電國泰9C購01,0,0,0,0,0,0,0,0,0,351000,0,0,0,442000,91000,351000,351000
064296,奇鋐國票01購01  ,0,0,0,0,0,0,0,0,0,351000,0,0,0,734000,383000,351000,351000
07771P,義隆國票9A售01  ,0,0,0,0,0,0,0,0,0,350000,0,0,0,350000,0,350000,350000
063593,GIS永豐9B購01   ,0,0,0,0,0,0,0,0,0,350000,0,0,0,378000,28000,350000,350000
056939,康控元富98購01  ,0,0,0,0,0,0,0,0,0,348000,0,0,0,350000,2000,348000,348000
00701,國泰股利精選30  ,10000,2000,8000,0,0,0,0,0,0,339000,0,0,0,509000,170000,339000,347000
00739,元大MSCI A股    ,28000,28000,0,0,0,0,0,0,0,345000,0,0,0,1422000,1077000,345000,345000
059123,訊芯永豐99購03  ,0,0,0,0,0,0,0,0,0,345000,0,0,0,422000,77000,345000,345000
063874,志超永豐9C購01  ,0,0,0,0,0,0,0,0,0,345000,0,0,0,425000,80000,345000,345000
064245,GIS統一02購02   ,0,0,0,0,0,0,0,0,0,345000,0,0,0,445000,100000,345000,345000
066132,精元群益01購01  ,0,0,0,0,0,0,0,0,0,344000,0,0,0,354000,10000,344000,344000
066160,美利達康和01購01,0,0,0,0,0,0,0,0,0,343000,0,0,0,425000,82000,343000,343000
060699,華新科國泰9B購03,0,0,0,0,0,0,0,0,0,343000,0,0,0,343000,0,343000,343000
060242,潤泰全元大9C購01,0,0,0,0,0,0,0,0,0,343000,0,0,0,503000,160000,343000,343000
053063,力山群益98購01  ,0,0,0,0,0,0,0,0,0,342000,0,0,0,342000,0,342000,342000
057060,緯穎元大98購05  ,0,0,0,0,0,0,0,0,0,341000,0,0,0,357000,16000,341000,341000
058526,鈺齊元大99購02  ,0,0,0,0,0,0,0,0,0,341000,0,0,0,350000,9000,341000,341000
05755P,臺股指中信99售04,0,0,0,0,0,0,0,0,0,341000,0,0,0,549000,208000,341000,341000
00634R,富邦上証反1     ,85000,193000,-108000,0,0,0,0,0,0,447000,0,0,0,963000,516000,447000,339000
065529,聯發科中信01購04,0,0,0,0,0,0,0,0,0,339000,0,0,0,876000,537000,339000,339000
058399,美律元大99購05  ,0,0,0,0,0,0,0,0,0,338000,0,0,0,338000,0,338000,338000
063883,超眾元富9C購02  ,0,0,0,0,0,0,0,0,0,338000,0,0,0,516000,178000,338000,338000
066738,聯鈞元大01購05  ,0,0,0,0,0,0,0,0,0,337000,0,0,0,337000,0,337000,337000
063933,TPK統一01購01   ,0,0,0,0,0,0,0,0,0,337000,0,0,0,349000,12000,337000,337000
056589,康控統一98購01  ,0,0,0,0,0,0,0,0,0,336000,0,0,0,336000,0,336000,336000
062980,康控元富9B購01  ,0,0,0,0,0,0,0,0,0,336000,0,0,0,525000,189000,336000,336000
066243,潤泰新富邦03購01,0,0,0,0,0,0,0,0,0,335000,0,0,0,898000,563000,335000,335000
063584,南六國泰01購01  ,0,0,0,0,0,0,0,0,0,335000,0,0,0,674000,339000,335000,335000
058616,台虹元大9A購01  ,0,0,0,0,0,0,0,0,0,333000,0,0,0,413000,80000,333000,333000
063003,滬深2X元大9B購06,0,0,0,0,0,0,0,0,0,333000,0,0,0,369000,36000,333000,333000
060307,南港永豐9A購01  ,0,0,0,0,0,0,0,0,0,333000,0,0,0,341000,8000,333000,333000
064243,TPK統一02購02   ,0,0,0,0,0,0,0,0,0,333000,0,0,0,333000,0,333000,333000
064444,聚陽統一01購02  ,0,0,0,0,0,0,0,0,0,333000,0,0,0,1264000,931000,333000,333000
066429,矽格元大01購01  ,0,0,0,0,0,0,0,0,0,332000,0,0,0,442000,110000,332000,332000
1210,大成            ,527000,311000,216000,0,0,0,0,0,0,116000,143000,0,143000,31000,58000,-27000,332000
057486,美律元大98購04  ,0,0,0,0,0,0,0,0,0,332000,0,0,0,332000,0,332000,332000
062939,奇力新凱基9B購02,0,0,0,0,0,0,0,0,0,332000,0,0,0,332000,0,332000,332000
1720,生達            ,508100,178000,330100,0,0,0,0,0,0,0,0,0,0,0,0,0,330100
062184,奇鋐元大9B購02  ,0,0,0,0,0,0,0,0,0,330000,0,0,0,456000,126000,330000,330000
054626,建準凱基98購01  ,0,0,0,0,0,0,0,0,0,330000,0,0,0,330000,0,330000,330000
062005,旺宏國泰01購01  ,0,0,0,0,0,0,0,0,0,330000,0,0,0,331000,1000,330000,330000
063560,力山元大9B購05  ,0,0,0,0,0,0,0,0,0,330000,0,0,0,336000,6000,330000,330000
054072,台積電富邦98購02,0,0,0,0,0,0,0,0,0,329000,0,0,0,329000,0,329000,329000
063198,仁寶統一01購02  ,0,0,0,0,0,0,0,0,0,328000,0,0,0,504000,176000,328000,328000
063559,力山元大9B購04  ,0,0,0,0,0,0,0,0,0,328000,0,0,0,328000,0,328000,328000
066206,聯鈞統一01購01  ,0,0,0,0,0,0,0,0,0,327000,0,0,0,447000,120000,327000,327000
058735,南茂永豐99購01  ,0,0,0,0,0,0,0,0,0,327000,0,0,0,397000,70000,327000,327000
061799,奇鋐永豐9B購01  ,0,0,0,0,0,0,0,0,0,327000,0,0,0,363000,36000,327000,327000
065343,智邦統一01購03  ,0,0,0,0,0,0,0,0,0,327000,0,0,0,412000,85000,327000,327000
061763,聯電元大9C購02  ,0,0,0,0,0,0,0,0,0,325000,0,0,0,329000,4000,325000,325000
07109P,聯發科中信9B售02,0,0,0,0,0,0,0,0,0,324000,0,0,0,480000,156000,324000,324000
063417,金像電凱基9B購03,0,0,0,0,0,0,0,0,0,324000,0,0,0,417000,93000,324000,324000
064037,寶成元大9C購02  ,0,0,0,0,0,0,0,0,0,324000,0,0,0,324000,0,324000,324000
066630,東森凱基01購01  ,0,0,0,0,0,0,0,0,0,323000,0,0,0,369000,46000,323000,323000
3044,健鼎            ,665000,254459,410541,0,0,0,0,45000,-45000,-43000,0,5000,-5000,3000,41000,-38000,322541
057182,禾伸堂元大99購02,0,0,0,0,0,0,0,0,0,322000,0,0,0,322000,0,322000,322000
052619,茂林國泰99購01  ,0,0,0,0,0,0,0,0,0,322000,0,0,0,335000,13000,322000,322000
063296,可成麥證9B購01  ,0,0,0,600000,280000,320000,0,0,0,322000,0,0,0,602000,280000,322000,322000
061553,南電群益9A購03  ,0,0,0,0,0,0,0,0,0,322000,0,0,0,333000,11000,322000,322000
062644,中環國泰9C購01  ,0,0,0,0,0,0,0,0,0,322000,0,0,0,382000,60000,322000,322000
059288,旺宏元富99購03  ,0,0,0,0,0,0,0,0,0,322000,0,0,0,329000,7000,322000,322000
063940,國巨元大01購02  ,0,0,0,0,0,0,0,0,0,320000,0,0,0,345000,25000,320000,320000
064261,力山永豐9C購01  ,0,0,0,0,0,0,0,0,0,320000,0,0,0,320000,0,320000,320000
064906,台表科群益9C購02,0,0,0,0,0,0,0,0,0,320000,0,0,0,365000,45000,320000,320000
066199,金像電統一02購01,0,0,0,0,0,0,0,0,0,319000,0,0,0,373000,54000,319000,319000
060158,廣達永豐9A購01  ,0,0,0,0,0,0,0,0,0,318000,0,0,0,430000,112000,318000,318000
056472,美律元大99購03  ,0,0,0,0,0,0,0,0,0,317000,0,0,0,332000,15000,317000,317000
060792,信錦永豐9A購01  ,0,0,0,0,0,0,0,0,0,317000,0,0,0,369000,52000,317000,317000
063347,祥碩統一01購03  ,0,0,0,0,0,0,0,0,0,316000,0,0,0,626000,310000,316000,316000
064909,華擎麥證9C購01  ,0,0,0,316000,0,316000,0,0,0,316000,0,0,0,316000,0,316000,316000
065844,南亞科元大9C購09,0,0,0,0,0,0,0,0,0,315000,0,0,0,411000,96000,315000,315000
064893,金像電群益01購02,0,0,0,0,0,0,0,0,0,313000,0,0,0,371000,58000,313000,313000
063673,GIS統一9C購02   ,0,0,0,0,0,0,0,0,0,312000,0,0,0,312000,0,312000,312000
063134,裕隆統一01購01  ,0,0,0,0,0,0,0,0,0,311000,0,0,0,688000,377000,311000,311000
060675,南亞科元大9A購02,0,0,0,0,0,0,0,0,0,311000,0,0,0,361000,50000,311000,311000
066556,和鑫元大01購01  ,0,0,0,0,0,0,0,0,0,310000,0,0,0,310000,0,310000,310000
046629,群創統一98購01  ,0,0,0,0,0,0,0,0,0,310000,0,0,0,460000,150000,310000,310000
03658C,T50反1元大9A牛02,0,0,0,0,0,0,0,0,0,310000,0,0,0,398000,88000,310000,310000
057641,旺宏元大98購10  ,0,0,0,0,0,0,0,0,0,310000,0,0,0,310000,0,310000,310000
063494,金像電富邦9B購01,0,0,0,0,0,0,0,0,0,309000,0,0,0,339000,30000,309000,309000
062407,同欣電永豐9B購01,0,0,0,0,0,0,0,0,0,308000,0,0,0,313000,5000,308000,308000
060124,奇力新永豐99購03,0,0,0,0,0,0,0,0,0,308000,0,0,0,308000,0,308000,308000
065659,華新科永豐9C購04,0,0,0,0,0,0,0,0,0,307000,0,0,0,307000,0,307000,307000
066081,文曄國泰03購01  ,0,0,0,0,0,0,0,0,0,306000,0,0,0,324000,18000,306000,306000
055681,奇鋐凱基98購03  ,0,0,0,0,0,0,0,0,0,306000,0,0,0,332000,26000,306000,306000
060243,潤泰全元大9C購02,0,0,0,0,0,0,0,0,0,306000,0,0,0,308000,2000,306000,306000
066757,南港永豐01購01  ,0,0,0,0,0,0,0,0,0,305000,0,0,0,305000,0,305000,305000
08131P,立積元大9B售02  ,0,0,0,0,0,0,0,0,0,305000,0,0,0,305000,0,305000,305000
4968,立積            ,520000,188000,332000,0,0,0,0,0,0,-27000,8000,12000,-4000,78000,101000,-23000,305000
064105,南茂群益9C購01  ,0,0,0,0,0,0,0,0,0,304000,0,0,0,304000,0,304000,304000
056211,南港國票98購01  ,0,0,0,0,0,0,0,0,0,303000,0,0,0,355000,52000,303000,303000
056937,智原元富98購01  ,0,0,0,0,0,0,0,0,0,302000,0,0,0,302000,0,302000,302000
060134,鈺齊群益9A購01  ,0,0,0,0,0,0,0,0,0,302000,0,0,0,312000,10000,302000,302000
065855,瀚宇博元大9C購03,0,0,0,0,0,0,0,0,0,302000,0,0,0,512000,210000,302000,302000
066029,神達群益02購01  ,0,0,0,0,0,0,0,0,0,301000,0,0,0,469000,168000,301000,301000
063817,GIS群益9C購01   ,0,0,0,0,0,0,0,0,0,301000,0,0,0,344000,43000,301000,301000
062428,超眾統一9B購01  ,0,0,0,0,0,0,0,0,0,300000,0,0,0,569000,269000,300000,300000
059194,元金2X永豐99購01,0,0,0,0,0,0,0,0,0,300000,0,0,0,310000,10000,300000,300000
064474,華新科麥證01購01,0,0,0,300000,0,300000,0,0,0,300000,0,0,0,300000,0,300000,300000
066345,正文永豐01購01  ,0,0,0,0,0,0,0,0,0,298000,0,0,0,298000,0,298000,298000
060869,超眾永豐9A購02  ,0,0,0,0,0,0,0,0,0,298000,0,0,0,298000,0,298000,298000
064627,矽格元大9C購01  ,0,0,0,0,0,0,0,0,0,298000,0,0,0,523000,225000,298000,298000
061547,禾伸堂群益9A購01,0,0,0,0,0,0,0,0,0,297000,0,0,0,297000,0,297000,297000
060009,南亞科群益99購03,0,0,0,0,0,0,0,0,0,297000,0,0,0,302000,5000,297000,297000
060798,旭富永豐9A購01  ,0,0,0,0,0,0,0,0,0,296000,0,0,0,405000,109000,296000,296000
052313,聯電元大98購01  ,0,0,0,0,0,0,0,0,0,295000,0,0,0,360000,65000,295000,295000
061418,世紀鋼群益9A購02,0,0,0,0,0,0,0,0,0,295000,0,0,0,295000,0,295000,295000
063319,神達群益9B購01  ,0,0,0,0,0,0,0,0,0,294000,0,0,0,420000,126000,294000,294000
059261,華邦電中信01購01,0,0,0,0,0,0,0,0,0,294000,0,0,0,364000,70000,294000,294000
064273,華邦電元大9C購02,0,0,0,0,0,0,0,0,0,294000,0,0,0,294000,0,294000,294000
066678,台達電兆豐03購01,0,0,0,0,0,0,0,0,0,293000,0,0,0,303000,10000,293000,293000
054428,禾伸堂富邦98購01,0,0,0,0,0,0,0,0,0,293000,0,0,0,333000,40000,293000,293000
061949,大立光群益9B購03,0,0,0,0,0,0,0,0,0,293000,0,0,0,303000,10000,293000,293000
064121,國巨元大9C購16  ,0,0,0,0,0,0,0,0,0,293000,0,0,0,351000,58000,293000,293000
063484,達方元大9B購01  ,0,0,0,0,0,0,0,0,0,293000,0,0,0,500000,207000,293000,293000
052542,友達元富98購01  ,0,0,0,0,0,0,0,0,0,292000,0,0,0,362000,70000,292000,292000
062393,智邦富邦9B購01  ,0,0,0,0,0,0,0,0,0,291000,0,0,0,313000,22000,291000,291000
063246,嘉晶元大9C購01  ,0,0,0,0,0,0,0,0,0,291000,0,0,0,308000,17000,291000,291000
061796,興勤永豐9B購01  ,0,0,0,0,0,0,0,0,0,291000,0,0,0,473000,182000,291000,291000
2385,群光            ,1699911,1698767,1144,0,0,0,300000,7000,293000,-4000,5000,1000,4000,24000,32000,-8000,290144
07943P,瑞昱元大9B售02  ,0,0,0,0,0,0,0,0,0,289000,0,0,0,410000,121000,289000,289000
063895,新光金群益01購01,0,0,0,0,0,0,0,0,0,289000,0,0,0,427000,138000,289000,289000
060493,美律元富01購01  ,0,0,0,0,0,0,0,0,0,288000,0,0,0,288000,0,288000,288000
061267,玉山金凱基9B購01,0,0,0,0,0,0,0,0,0,288000,0,0,0,301000,13000,288000,288000
063658,瑞祺元富9B購01  ,0,0,0,0,0,0,0,0,0,288000,0,0,0,494000,206000,288000,288000
2108,南帝            ,593405,346000,247405,0,0,0,0,58000,-58000,98000,98000,0,98000,27000,27000,0,287405
065984,緯創富邦03購01  ,0,0,0,0,0,0,0,0,0,287000,0,0,0,348000,61000,287000,287000
058313,台積電富邦9B購04,0,0,0,0,0,0,0,0,0,287000,0,0,0,287000,0,287000,287000
063025,超眾元大9B購01  ,0,0,0,0,0,0,0,0,0,287000,0,0,0,328000,41000,287000,287000
057675,同欣電元大98購02,0,0,0,0,0,0,0,0,0,286000,0,0,0,286000,0,286000,286000
058634,可成兆豐99購03  ,0,0,0,0,0,0,0,0,0,286000,0,0,0,739000,453000,286000,286000
08234P,華擎元富9B售03  ,0,0,0,0,0,0,0,0,0,285000,0,0,0,330000,45000,285000,285000
061713,華邦電凱基9A購01,0,0,0,0,0,0,0,0,0,283000,0,0,0,283000,0,283000,283000
065012,燿華國泰02購01  ,0,0,0,0,0,0,0,0,0,283000,0,0,0,639000,356000,283000,283000
056775,康控元大99購01  ,0,0,0,0,0,0,0,0,0,282000,0,0,0,336000,54000,282000,282000
2906,高林            ,373000,91000,282000,0,0,0,0,0,0,0,0,0,0,0,0,0,282000
066637,瀚宇博凱基01購02,0,0,0,0,0,0,0,0,0,281000,0,0,0,312000,31000,281000,281000
07209P,台積電凱基9A售10,0,0,0,0,0,0,0,0,0,281000,0,0,0,301000,20000,281000,281000
066475,新光金麥證01購01,0,0,0,400000,120000,280000,0,0,0,280000,0,0,0,400000,120000,280000,280000
08538P,聯發科國票01售01,0,0,0,0,0,0,0,0,0,280000,0,0,0,280000,0,280000,280000
057403,亞光群益98購04  ,0,0,0,0,0,0,0,0,0,280000,0,0,0,280000,0,280000,280000
060630,國巨富邦9C購03  ,0,0,0,0,0,0,0,0,0,280000,0,0,0,280000,0,280000,280000
065966,國巨元大01購06  ,0,0,0,0,0,0,0,0,0,280000,0,0,0,380000,100000,280000,280000
063462,金像電元大9C購01,0,0,0,0,0,0,0,0,0,280000,0,0,0,285000,5000,280000,280000
066389,南港凱基01購01  ,0,0,0,0,0,0,0,0,0,279000,0,0,0,307000,28000,279000,279000
060759,南亞科元大9A購03,0,0,0,0,0,0,0,0,0,279000,0,0,0,372000,93000,279000,279000
062578,超眾群益9B購01  ,0,0,0,0,0,0,0,0,0,278000,0,0,0,282000,4000,278000,278000
061660,禾伸堂永豐9A購01,0,0,0,0,0,0,0,0,0,278000,0,0,0,283000,5000,278000,278000
063144,超眾統一9C購02  ,0,0,0,0,0,0,0,0,0,278000,0,0,0,298000,20000,278000,278000
066297,美利達元大01購01,0,0,0,0,0,0,0,0,0,277000,0,0,0,464000,187000,277000,277000
066595,敦泰群益01購01  ,0,0,0,0,0,0,0,0,0,277000,0,0,0,426000,149000,277000,277000
059503,大立光富邦9B購04,0,0,0,0,0,0,0,0,0,277000,0,0,0,320000,43000,277000,277000
064706,嘉晶富邦01購01  ,0,0,0,0,0,0,0,0,0,277000,0,0,0,300000,23000,277000,277000
065757,新日興元大9C購06,0,0,0,0,0,0,0,0,0,276000,0,0,0,366000,90000,276000,276000
2392,正崴            ,1144000,771000,373000,0,0,0,0,0,0,-97000,0,11000,-11000,3000,89000,-86000,276000
063552,晶技國票9B購03  ,0,0,0,0,0,0,0,0,0,275000,0,0,0,341000,66000,275000,275000
063740,矽格元大9B購03  ,0,0,0,0,0,0,0,0,0,275000,0,0,0,344000,69000,275000,275000
066253,泰豐元大01購01  ,0,0,0,0,0,0,0,0,0,274000,0,0,0,828000,554000,274000,274000
053782,京元電元大98購02,0,0,0,0,0,0,0,0,0,274000,0,0,0,342000,68000,274000,274000
063493,金像電富邦01購01,0,0,0,0,0,0,0,0,0,274000,0,0,0,308000,34000,274000,274000
066373,美利達中信01購01,0,0,0,0,0,0,0,0,0,273000,0,0,0,571000,298000,273000,273000
063846,智邦元大9C購01  ,0,0,0,0,0,0,0,0,0,273000,0,0,0,338000,65000,273000,273000
065834,億豐凱基03購01  ,0,0,0,0,0,0,0,0,0,273000,0,0,0,273000,0,273000,273000
066092,億豐永豐01購01  ,0,0,0,0,0,0,0,0,0,272000,0,0,0,272000,0,272000,272000
056945,鴻海統一98購12  ,0,0,0,0,0,0,0,0,0,272000,0,0,0,312000,40000,272000,272000
062565,漢唐中信9C購01  ,0,0,0,0,0,0,0,0,0,271000,0,0,0,393000,122000,271000,271000
060283,台肥元大9C購01  ,0,0,0,0,0,0,0,0,0,271000,0,0,0,281000,10000,271000,271000
066175,聯鈞凱基01購01  ,0,0,0,0,0,0,0,0,0,270000,0,0,0,282000,12000,270000,270000
056646,奇鋐凱基99購02  ,0,0,0,0,0,0,0,0,0,270000,0,0,0,270000,0,270000,270000
064867,華新科永豐9C購03,0,0,0,0,0,0,0,0,0,270000,0,0,0,270000,0,270000,270000
064763,祥碩凱基02購01  ,0,0,0,0,0,0,0,0,0,270000,0,0,0,346000,76000,270000,270000
065330,億豐凱基9C購03  ,0,0,0,0,0,0,0,0,0,270000,0,0,0,270000,0,270000,270000
064619,南亞科元大9C購05,0,0,0,0,0,0,0,0,0,270000,0,0,0,312000,42000,270000,270000
063394,金像電群益9B購01,0,0,0,0,0,0,0,0,0,269000,0,0,0,295000,26000,269000,269000
064790,金像電國票01購01,0,0,0,0,0,0,0,0,0,269000,0,0,0,407000,138000,269000,269000
064837,TPK統一9C購02   ,0,0,0,0,0,0,0,0,0,269000,0,0,0,299000,30000,269000,269000
00656R,國泰中國A50反1  ,0,0,0,0,0,0,0,0,0,268000,0,0,0,574000,306000,268000,268000
056470,旺宏元大99購01  ,0,0,0,0,0,0,0,0,0,268000,0,0,0,268000,0,268000,268000
062187,台勝科元大9B購02,0,0,0,0,0,0,0,0,0,268000,0,0,0,268000,0,268000,268000
062986,T50反1中信02購01,0,0,0,0,0,0,0,0,0,268000,0,0,0,979000,711000,268000,268000
061032,金像電永豐9A購03,0,0,0,0,0,0,0,0,0,268000,0,0,0,288000,20000,268000,268000
065364,國巨元大9C購18  ,0,0,0,0,0,0,0,0,0,268000,0,0,0,368000,100000,268000,268000
065847,嘉晶元大9C購03  ,0,0,0,0,0,0,0,0,0,268000,0,0,0,350000,82000,268000,268000
065431,大立光凱基02購02,0,0,0,0,0,0,0,0,0,268000,0,0,0,418000,150000,268000,268000
063632,金像電元大9B購04,0,0,0,0,0,0,0,0,0,268000,0,0,0,268000,0,268000,268000
063722,遠東新元大9B購02,0,0,0,0,0,0,0,0,0,268000,0,0,0,276000,8000,268000,268000
065491,華新科國泰02購01,0,0,0,0,0,0,0,0,0,267000,0,0,0,349000,82000,267000,267000
3702,大聯大          ,1510752,2108000,-597248,0,0,0,832000,48000,784000,80000,155000,20000,135000,0,55000,-55000,266752
066020,東元群益01購01  ,0,0,0,0,0,0,0,0,0,266000,0,0,0,286000,20000,266000,266000
061571,奇力新元大9A購03,0,0,0,0,0,0,0,0,0,266000,0,0,0,266000,0,266000,266000
066765,揚明光永豐01購01,0,0,0,0,0,0,0,0,0,264000,0,0,0,264000,0,264000,264000
060761,南亞科元大9A購05,0,0,0,0,0,0,0,0,0,264000,0,0,0,296000,32000,264000,264000
061379,鈺齊永豐9A購02  ,0,0,0,0,0,0,0,0,0,264000,0,0,0,432000,168000,264000,264000
064491,金像電元大9C購03,0,0,0,0,0,0,0,0,0,264000,0,0,0,264000,0,264000,264000
066494,旺宏國泰03購01  ,0,0,0,0,0,0,0,0,0,263000,0,0,0,443000,180000,263000,263000
08694P,大立光群益01售05,0,0,0,0,0,0,0,0,0,263000,0,0,0,287000,24000,263000,263000
065360,和大元大01購03  ,0,0,0,0,0,0,0,0,0,263000,0,0,0,337000,74000,263000,263000
058525,台虹元大99購02  ,0,0,0,0,0,0,0,0,0,262000,0,0,0,279000,17000,262000,262000
3669,圓展            ,1617000,1327000,290000,0,0,0,0,0,0,-28000,0,28000,-28000,0,0,0,262000
1308,亞聚            ,778000,407000,371000,0,0,0,0,0,0,-110000,0,80000,-80000,0,30000,-30000,261000
1444,力麗            ,855000,594000,261000,0,0,0,0,0,0,0,0,0,0,0,0,0,261000
065524,康控群益01購01  ,0,0,0,0,0,0,0,0,0,261000,0,0,0,293000,32000,261000,261000
057244,鈺齊凱基99購01  ,0,0,0,0,0,0,0,0,0,260000,0,0,0,260000,0,260000,260000
054214,京鼎國票97購02  ,0,0,0,0,0,0,0,0,0,260000,0,0,0,260000,0,260000,260000
064830,可成統一9C購04  ,0,0,0,0,0,0,0,0,0,260000,0,0,0,269000,9000,260000,260000
058790,楠梓電元大99購03,0,0,0,0,0,0,0,0,0,259000,0,0,0,276000,17000,259000,259000
059087,台積電元大99購26,0,0,0,0,0,0,0,0,0,259000,0,0,0,271000,12000,259000,259000
064605,GIS元富9C購01   ,0,0,0,0,0,0,0,0,0,259000,0,0,0,339000,80000,259000,259000
066185,松翰凱基01購01  ,0,0,0,0,0,0,0,0,0,258000,0,0,0,290000,32000,258000,258000
063665,南亞科統一01購02,0,0,0,0,0,0,0,0,0,258000,0,0,0,508000,250000,258000,258000
064776,金像電群益01購01,0,0,0,0,0,0,0,0,0,258000,0,0,0,266000,8000,258000,258000
065611,嘉聯益元大9C購02,0,0,0,0,0,0,0,0,0,258000,0,0,0,320000,62000,258000,258000
066507,和碩富邦03購01  ,0,0,0,0,0,0,0,0,0,257000,0,0,0,392000,135000,257000,257000
08290P,高鐵統一01售01  ,0,0,0,0,0,0,0,0,0,257000,0,0,0,380000,123000,257000,257000
062246,力山元大9B購02  ,0,0,0,0,0,0,0,0,0,257000,0,0,0,257000,0,257000,257000
065845,友達元大9C購12  ,0,0,0,0,0,0,0,0,0,256000,0,0,0,256000,0,256000,256000
064611,亞德客元大9C購02,0,0,0,0,0,0,0,0,0,256000,0,0,0,256000,0,256000,256000
057697,國巨群益98購09  ,0,0,0,0,0,0,0,0,0,255000,0,0,0,255000,0,255000,255000
061645,超眾元大9A購06  ,0,0,0,0,0,0,0,0,0,255000,0,0,0,337000,82000,255000,255000
063395,金像電群益9B購02,0,0,0,0,0,0,0,0,0,255000,0,0,0,256000,1000,255000,255000
063422,奇鋐凱基9B購04  ,0,0,0,0,0,0,0,0,0,255000,0,0,0,333000,78000,255000,255000
08371P,京元電凱基9C售01,0,0,0,0,0,0,0,0,0,254000,0,0,0,293000,39000,254000,254000
053361,友達元富99購01  ,0,0,0,0,0,0,0,0,0,254000,0,0,0,254000,0,254000,254000
6213,聯茂            ,896834,833000,63834,0,0,0,455000,375000,80000,110000,13000,15000,-2000,131000,19000,112000,253834
058728,SP黃豆永豐99購01,0,0,0,0,0,0,0,0,0,253000,0,0,0,283000,30000,253000,253000
062382,燿華國泰9C購01  ,0,0,0,0,0,0,0,0,0,253000,0,0,0,515000,262000,253000,253000
07502P,美食元大9A售01  ,0,0,0,0,0,0,0,0,0,252000,0,0,0,272000,20000,252000,252000
066089,文曄永豐01購01  ,0,0,0,0,0,0,0,0,0,252000,0,0,0,348000,96000,252000,252000
066745,瀚宇博元大01購01,0,0,0,0,0,0,0,0,0,252000,0,0,0,420000,168000,252000,252000
07051P,大立光中信99售02,0,0,0,0,0,0,0,0,0,252000,0,0,0,272000,20000,252000,252000
066651,創意康和01購04  ,0,0,0,0,0,0,0,0,0,251000,0,0,0,551000,300000,251000,251000
056835,聯電元富99購01  ,0,0,0,0,0,0,0,0,0,251000,0,0,0,399000,148000,251000,251000
064301,漢唐兆豐01購01  ,0,0,0,0,0,0,0,0,0,251000,0,0,0,379000,128000,251000,251000
065831,緯創凱基9C購03  ,0,0,0,0,0,0,0,0,0,251000,0,0,0,264000,13000,251000,251000
066877,奇鋐富邦03購01  ,0,0,0,0,0,0,0,0,0,250000,0,0,0,532000,282000,250000,250000
047694,SP黃豆國票9B購01,0,0,0,0,0,0,0,0,0,250000,0,0,0,270000,20000,250000,250000
056490,台積電國泰99購01,0,0,0,0,0,0,0,0,0,250000,0,0,0,250000,0,250000,250000
056715,瀚宇博永豐98購01,0,0,0,0,0,0,0,0,0,250000,0,0,0,252000,2000,250000,250000
060404,台勝科國泰9B購01,0,0,0,0,0,0,0,0,0,250000,0,0,0,382000,132000,250000,250000
064804,英業達元大9C購01,0,0,0,0,0,0,0,0,0,250000,0,0,0,704000,454000,250000,250000
065329,億豐凱基9C購02  ,0,0,0,0,0,0,0,0,0,250000,0,0,0,250000,0,250000,250000
061165,美律兆豐9A購01  ,0,0,0,0,0,0,0,0,0,249000,0,0,0,249000,0,249000,249000
061891,力山永豐9B購01  ,0,0,0,0,0,0,0,0,0,249000,0,0,0,249000,0,249000,249000
065261,技嘉元大9C購03  ,0,0,0,0,0,0,0,0,0,249000,0,0,0,297000,48000,249000,249000
064530,康控中信9C購01  ,0,0,0,0,0,0,0,0,0,249000,0,0,0,301000,52000,249000,249000
064443,同欣電凱基03購01,0,0,0,0,0,0,0,0,0,249000,0,0,0,252000,3000,249000,249000
063573,茂林元大9B購06  ,0,0,0,0,0,0,0,0,0,249000,0,0,0,347000,98000,249000,249000
08740P,創意康和01售03  ,0,0,0,0,0,0,0,0,0,248000,0,0,0,467000,219000,248000,248000
063263,高鐵永豐9B購01  ,0,0,0,0,0,0,0,0,0,248000,0,0,0,252000,4000,248000,248000
063367,GIS富邦9B購01   ,0,0,0,0,0,0,0,0,0,248000,0,0,0,248000,0,248000,248000
061339,京元電元大9A購05,0,0,0,0,0,0,0,0,0,248000,0,0,0,248000,0,248000,248000
060706,群創富邦9A購01  ,0,0,0,0,0,0,0,0,0,247000,0,0,0,267000,20000,247000,247000
063894,漢唐群益9C購01  ,0,0,0,0,0,0,0,0,0,247000,0,0,0,271000,24000,247000,247000
063274,鈺齊兆豐9B購01  ,0,0,0,0,0,0,0,0,0,246000,0,0,0,256000,10000,246000,246000
054827,宏全元大9A購01  ,0,0,0,0,0,0,0,0,0,245000,0,0,0,420000,175000,245000,245000
057581,元大金中信9A購01,0,0,0,0,0,0,0,0,0,244000,0,0,0,364000,120000,244000,244000
064467,南亞科元富9C購02,0,0,0,0,0,0,0,0,0,244000,0,0,0,330000,86000,244000,244000
00673R,元大S&P原油反1  ,0,0,0,0,0,0,0,0,0,243000,0,0,0,330000,87000,243000,243000
066316,台船永豐01購01  ,0,0,0,0,0,0,0,0,0,242000,0,0,0,252000,10000,242000,242000
061005,可成兆豐9A購01  ,0,0,0,0,0,0,0,0,0,242000,0,0,0,266000,24000,242000,242000
065074,亞德客元大9C購03,0,0,0,0,0,0,0,0,0,241000,0,0,0,311000,70000,241000,241000
057828,緯穎元大99購02  ,0,0,0,0,0,0,0,0,0,240000,0,0,0,290000,50000,240000,240000
060988,華新科元大9A購12,0,0,0,0,0,0,0,0,0,240000,0,0,0,240000,0,240000,240000
062690,華擎統一9B購01  ,0,0,0,0,0,0,0,0,0,240000,0,0,0,295000,55000,240000,240000
065550,聯發科凱基01購07,0,0,0,0,0,0,0,0,0,240000,0,0,0,255000,15000,240000,240000
064214,群創凱基03購01  ,0,0,0,0,0,0,0,0,0,240000,0,0,0,367000,127000,240000,240000
066327,強茂永豐01購01  ,0,0,0,0,0,0,0,0,0,239000,0,0,0,342000,103000,239000,239000
064601,嘉晶元富9C購03  ,0,0,0,0,0,0,0,0,0,239000,0,0,0,322000,83000,239000,239000
064163,康控統一01購01  ,0,0,0,0,0,0,0,0,0,238000,0,0,0,260000,22000,238000,238000
064379,TPK元富9C購01   ,0,0,0,0,0,0,0,0,0,238000,0,0,0,248000,10000,238000,238000
065087,可成元大9C購08  ,0,0,0,0,0,0,0,0,0,238000,0,0,0,250000,12000,238000,238000
064929,台表科統一02購03,0,0,0,0,0,0,0,0,0,238000,0,0,0,283000,45000,238000,238000
07906P,中租群益9B售02  ,0,0,0,0,0,0,0,0,0,237000,0,0,0,237000,0,237000,237000
08147P,聯發科群益9B售10,0,0,0,0,0,0,0,0,0,237000,0,0,0,237000,0,237000,237000
063140,聯發科統一9B購08,0,0,0,0,0,0,0,0,0,237000,0,0,0,238000,1000,237000,237000
063020,奇力新元大9B購04,0,0,0,0,0,0,0,0,0,237000,0,0,0,287000,50000,237000,237000
064970,東元元大9C購01  ,0,0,0,0,0,0,0,0,0,237000,0,0,0,493000,256000,237000,237000
064595,超眾統一02購01  ,0,0,0,0,0,0,0,0,0,237000,0,0,0,237000,0,237000,237000
066115,美律兆豐02購01  ,0,0,0,0,0,0,0,0,0,236000,0,0,0,238000,2000,236000,236000
066767,敦泰永豐01購02  ,0,0,0,0,0,0,0,0,0,236000,0,0,0,236000,0,236000,236000
062803,嘉晶統一9B購02  ,0,0,0,0,0,0,0,0,0,236000,0,0,0,725000,489000,236000,236000
064676,聚陽兆豐9C購01  ,0,0,0,0,0,0,0,0,0,236000,0,0,0,1084000,848000,236000,236000
066723,聯電元大02購01  ,0,0,0,0,0,0,0,0,0,235000,0,0,0,282000,47000,235000,235000
066340,敦泰永豐01購01  ,0,0,0,0,0,0,0,0,0,235000,0,0,0,385000,150000,235000,235000
060700,華新科國泰9C購01,0,0,0,0,0,0,0,0,0,235000,0,0,0,235000,0,235000,235000
065130,奇鋐兆豐9C購01  ,0,0,0,0,0,0,0,0,0,235000,0,0,0,268000,33000,235000,235000
065245,國泰金兆豐9C購01,0,0,0,0,0,0,0,0,0,235000,0,0,0,235000,0,235000,235000
060240,富邦金元大9A購01,0,0,0,0,0,0,0,0,0,234000,0,0,0,269000,35000,234000,234000
061694,玉山金群益9A購01,0,0,0,0,0,0,0,0,0,234000,0,0,0,279000,45000,234000,234000
065927,智原國票02購01  ,0,0,0,0,0,0,0,0,0,234000,0,0,0,234000,0,234000,234000
064426,群創兆豐9C購01  ,0,0,0,0,0,0,0,0,0,234000,0,0,0,597000,363000,234000,234000
064180,國巨富邦02購03  ,0,0,0,0,0,0,0,0,0,234000,0,0,0,374000,140000,234000,234000
059043,聯電日盛99購01  ,0,0,0,0,0,0,0,0,0,233000,0,0,0,233000,0,233000,233000
065978,臻鼎元大02購01  ,0,0,0,0,0,0,0,0,0,233000,0,0,0,436000,203000,233000,233000
2536,宏普            ,244000,12000,232000,0,0,0,0,0,0,0,0,0,0,0,0,0,232000
06964P,臺股指凱基9B售01,0,0,0,0,0,0,0,0,0,231000,0,0,0,231000,0,231000,231000
066871,台表科元富07購01,0,0,0,0,0,0,0,0,0,230000,0,0,0,621000,391000,230000,230000
058325,昇陽半永豐99購01,0,0,0,0,0,0,0,0,0,230000,0,0,0,235000,5000,230000,230000
060455,葡萄王元大9A購02,0,0,0,0,0,0,0,0,0,230000,0,0,0,273000,43000,230000,230000
065973,嘉晶元大01購03  ,0,0,0,0,0,0,0,0,0,230000,0,0,0,337000,107000,230000,230000
063956,神達元大9C購01  ,0,0,0,0,0,0,0,0,0,230000,0,0,0,456000,226000,230000,230000
064074,南茂永豐9C購01  ,0,0,0,0,0,0,0,0,0,230000,0,0,0,230000,0,230000,230000
6288,聯嘉            ,374000,146000,228000,0,0,0,0,0,0,2000,4000,2000,2000,0,0,0,230000
066384,訊芯康和01購01  ,0,0,0,0,0,0,0,0,0,229000,0,0,0,276000,47000,229000,229000
059091,中信金元大99購01,0,0,0,0,0,0,0,0,0,229000,0,0,0,372000,143000,229000,229000
061938,大立光國票9B購03,0,0,0,0,0,0,0,0,0,229000,0,0,0,237000,8000,229000,229000
066306,亞聚永豐01購01  ,0,0,0,0,0,0,0,0,0,228000,0,0,0,271000,43000,228000,228000
062780,旺宏元大01購01  ,0,0,0,0,0,0,0,0,0,228000,0,0,0,298000,70000,228000,228000
060437,宏全永豐9A購01  ,0,0,0,0,0,0,0,0,0,228000,0,0,0,249000,21000,228000,228000
064457,禾伸堂統一01購02,0,0,0,0,0,0,0,0,0,228000,0,0,0,228000,0,228000,228000
1909,榮成            ,745000,624000,121000,0,0,0,0,0,0,106000,112000,6000,106000,0,0,0,227000
059093,旭富元大99購01  ,0,0,0,0,0,0,0,0,0,227000,0,0,0,253000,26000,227000,227000
1409,新纖            ,339000,113000,226000,0,0,0,0,0,0,0,0,0,0,0,0,0,226000
006206,元大上證50      ,58000,81000,-23000,0,0,0,0,0,0,249000,0,10000,-10000,1802000,1543000,259000,226000
060653,全新群益9A購02  ,0,0,0,0,0,0,0,0,0,226000,0,0,0,226000,0,226000,226000
063554,GIS國票9C購03   ,0,0,0,0,0,0,0,0,0,226000,0,0,0,226000,0,226000,226000
06744P,嘉聯益永豐98售03,0,0,0,0,0,0,0,0,0,225000,0,0,0,334000,109000,225000,225000
058841,深中小群益01購01,0,0,0,0,0,0,0,0,0,225000,0,0,0,300000,75000,225000,225000
062107,台光電國票9B購01,0,0,0,0,0,0,0,0,0,225000,0,0,0,235000,10000,225000,225000
061536,華擎統一9C購02  ,0,0,0,0,0,0,0,0,0,225000,0,0,0,422000,197000,225000,225000
064465,台表科統一01購02,0,0,0,0,0,0,0,0,0,225000,0,0,0,230000,5000,225000,225000
065606,可成元大01購05  ,0,0,0,0,0,0,0,0,0,225000,0,0,0,682000,457000,225000,225000
065227,金像電凱基9C購01,0,0,0,0,0,0,0,0,0,225000,0,0,0,373000,148000,225000,225000
054733,鴻海凱基98購04  ,0,0,0,0,0,0,0,0,0,224000,0,0,0,224000,0,224000,224000
062687,華擎統一01購02  ,0,0,0,0,0,0,0,0,0,224000,0,0,0,709000,485000,224000,224000
065437,台表科凱基9C購03,0,0,0,0,0,0,0,0,0,224000,0,0,0,311000,87000,224000,224000
062846,國泰金富邦9C購01,0,0,0,0,0,0,0,0,0,223000,0,0,0,223000,0,223000,223000
065730,新日興凱基9C購01,0,0,0,0,0,0,0,0,0,223000,0,0,0,252000,29000,223000,223000
065214,友達國泰01購01  ,0,0,0,0,0,0,0,0,0,223000,0,0,0,295000,72000,223000,223000
066000,奇鋐國票02購01  ,0,0,0,0,0,0,0,0,0,222000,0,0,0,245000,23000,222000,222000
07630P,臺股指凱基9A售11,0,0,0,0,0,0,0,0,0,222000,0,0,0,292000,70000,222000,222000
046628,大立光統一98購01,0,0,0,0,0,0,0,0,0,222000,0,0,0,307000,85000,222000,222000
062268,力山群益9B購01  ,0,0,0,0,0,0,0,0,0,222000,0,0,0,272000,50000,222000,222000
065340,旺宏統一9C購04  ,0,0,0,0,0,0,0,0,0,222000,0,0,0,222000,0,222000,222000
063724,亞德客元大9B購03,0,0,0,0,0,0,0,0,0,222000,0,0,0,246000,24000,222000,222000
058544,FBVIX富邦9B購01 ,0,0,0,0,0,0,0,0,0,221000,0,0,0,253000,32000,221000,221000
063852,瀚宇博元大9C購01,0,5000,-5000,0,0,0,0,0,0,226000,0,0,0,262000,36000,226000,221000
064915,美律統一02購02  ,0,0,0,0,0,0,0,0,0,221000,0,0,0,231000,10000,221000,221000
064733,南六統一9C購03  ,0,0,0,0,0,0,0,0,0,221000,0,0,0,299000,78000,221000,221000
065652,超眾元大01購02  ,0,0,0,0,0,0,0,0,0,221000,0,0,0,280000,59000,221000,221000
2489,瑞軒            ,615000,398000,217000,0,0,0,0,0,0,4000,6000,2000,4000,0,0,0,221000
07578P,高鐵元大9A售02  ,0,0,0,0,0,0,0,0,0,220000,0,0,0,417000,197000,220000,220000
00643,群益深証中小    ,247000,81000,166000,0,0,0,0,0,0,54000,200000,0,200000,637000,783000,-146000,220000
062544,信錦永豐9B購01  ,0,0,0,0,0,0,0,0,0,220000,0,0,0,220000,0,220000,220000
063823,T50反1國票01購02,0,0,0,0,0,0,0,0,0,220000,0,0,0,220000,0,220000,220000
064805,金像電元大9C購04,0,0,0,0,0,0,0,0,0,219000,0,0,0,308000,89000,219000,219000
06725P,聯電元富98售01  ,0,0,0,0,0,0,0,0,0,218000,0,0,0,233000,15000,218000,218000
057903,聯鈞永豐99購01  ,0,0,0,0,0,0,0,0,0,217000,0,0,0,240000,23000,217000,217000
059080,亞泥元大99購01  ,0,0,0,0,0,0,0,0,0,217000,0,0,0,417000,200000,217000,217000
060862,美律永豐9A購01  ,0,0,0,0,0,0,0,0,0,217000,0,0,0,275000,58000,217000,217000
063902,志超群益9C購01  ,0,0,0,0,0,0,0,0,0,217000,0,0,0,227000,10000,217000,217000
063538,神達統一9C購01  ,0,0,0,0,0,0,0,0,0,216000,0,0,0,238000,22000,216000,216000
065681,聯發科統一9C購17,0,0,0,0,0,0,0,0,0,216000,0,0,0,243000,27000,216000,216000
065485,巨大元大9C購02  ,0,0,0,0,0,0,0,0,0,216000,0,0,0,293000,77000,216000,216000
066998,訊芯國泰03購01  ,0,0,0,0,0,0,0,0,0,215000,0,0,0,767000,552000,215000,215000
066252,南港元大01購02  ,0,0,0,0,0,0,0,0,0,215000,0,0,0,378000,163000,215000,215000
054808,東元元大9A購01  ,0,0,0,0,0,0,0,0,0,215000,0,0,0,245000,30000,215000,215000
8021,尖點            ,611000,376000,235000,0,0,0,0,0,0,-20000,0,20000,-20000,0,0,0,215000
066810,瀚宇博凱基02購01,0,0,0,0,0,0,0,0,0,214000,0,0,0,254000,40000,214000,214000
057941,聯電國票99購01  ,0,0,0,0,0,0,0,0,0,214000,0,0,0,214000,0,214000,214000
062327,燿華統一9B購02  ,0,0,0,0,0,0,0,0,0,214000,0,0,0,484000,270000,214000,214000
063261,康控富邦03購01  ,0,0,0,0,0,0,0,0,0,214000,0,0,0,224000,10000,214000,214000
061190,力山永豐9A購02  ,0,0,0,0,0,0,0,0,0,214000,0,0,0,214000,0,214000,214000
064895,奇力新群益9C購02,0,0,0,0,0,0,0,0,0,214000,0,0,0,222000,8000,214000,214000
064198,超眾群益9C購01  ,0,0,0,0,0,0,0,0,0,214000,0,0,0,320000,106000,214000,214000
058147,鈺齊元大99購01  ,0,0,0,0,0,0,0,0,0,213000,0,0,0,237000,24000,213000,213000
066278,健策元大02購01  ,0,0,0,0,0,0,0,0,0,212000,0,0,0,241000,29000,212000,212000
057667,可成元大99購01  ,0,0,0,0,0,0,0,0,0,212000,0,0,0,307000,95000,212000,212000
00662,富邦NASDAQ      ,0,0,0,0,0,0,0,0,0,212000,224000,0,224000,186000,198000,-12000,212000
064257,台勝科國泰01購01,0,0,0,0,0,0,0,0,0,212000,0,0,0,264000,52000,212000,212000
063661,聚陽統一9C購02  ,0,0,0,0,0,0,0,0,0,212000,0,0,0,232000,20000,212000,212000
063777,儒鴻永豐9B購02  ,0,0,0,0,0,0,0,0,0,212000,0,0,0,212000,0,212000,212000
065372,漢唐元大9C購02  ,0,5000,-5000,0,0,0,0,0,0,217000,0,0,0,757000,540000,217000,212000
065811,億豐群益9C購01  ,0,0,0,0,0,0,0,0,0,212000,0,0,0,240000,28000,212000,212000
062703,可成元大9C購02  ,0,0,0,0,0,0,0,0,0,211000,0,0,0,284000,73000,211000,211000
065842,技嘉元大9C購05  ,0,0,0,0,0,0,0,0,0,211000,0,0,0,241000,30000,211000,211000
6412,群電            ,417000,119000,298000,0,0,0,0,87000,-87000,0,0,1000,-1000,1000,0,1000,211000
6202,盛群            ,1033000,651000,382000,0,0,0,0,0,0,-171000,0,0,0,10000,181000,-171000,211000
062252,華邦電元大9C購01,0,0,0,0,0,0,0,0,0,210000,0,0,0,210000,0,210000,210000
062344,力山群益9B購02  ,0,0,0,0,0,0,0,0,0,210000,0,0,0,248000,38000,210000,210000
061021,聯電國泰9B購01  ,0,0,0,0,0,0,0,0,0,210000,0,0,0,233000,23000,210000,210000
060425,凌華永豐9A購01  ,0,0,0,0,0,0,0,0,0,210000,0,0,0,215000,5000,210000,210000
059581,日月光元富99購02,0,0,0,0,0,0,0,0,0,210000,0,0,0,314000,104000,210000,210000
064295,聚陽國票01購01  ,0,0,0,0,0,0,0,0,0,210000,0,0,0,240000,30000,210000,210000
062194,遠東新中信9C購01,0,0,0,0,0,0,0,0,0,209000,0,0,0,223000,14000,209000,209000
058011,台虹國票99購01  ,0,0,0,0,0,0,0,0,0,209000,0,0,0,209000,0,209000,209000
056673,中石化元富9B購01,0,0,0,0,0,0,0,0,0,209000,0,0,0,512000,303000,209000,209000
064024,漢唐元大9C購01  ,0,0,0,0,0,0,0,0,0,209000,0,0,0,211000,2000,209000,209000
063624,GIS兆豐9B購01   ,0,0,0,0,0,0,0,0,0,209000,0,0,0,489000,280000,209000,209000
08096P,大立光元富9B售04,0,0,0,0,0,0,0,0,0,208000,0,0,0,252000,44000,208000,208000
08542P,台勝科國票02售01,0,0,0,0,0,0,0,0,0,208000,0,0,0,208000,0,208000,208000
061492,超眾兆豐9B購01  ,0,0,0,0,0,0,0,0,0,208000,0,0,0,221000,13000,208000,208000
064325,亞德客元大9C購01,0,0,0,0,0,0,0,0,0,208000,0,0,0,220000,12000,208000,208000
066422,嘉晶元大02購01  ,0,0,0,0,0,0,0,0,0,207000,0,0,0,275000,68000,207000,207000
058507,美律元大9A購01  ,0,0,0,0,0,0,0,0,0,207000,0,0,0,207000,0,207000,207000
062353,亞德客元大9B購01,0,0,0,0,0,0,0,0,0,207000,0,0,0,207000,0,207000,207000
064500,國泰金元大9C購01,0,0,0,0,0,0,0,0,0,207000,0,0,0,227000,20000,207000,207000
066148,美利達群益01購02,0,0,0,0,0,0,0,0,0,206000,0,0,0,212000,6000,206000,206000
062560,奇鋐凱基9B購02  ,0,0,0,0,0,0,0,0,0,206000,0,0,0,318000,112000,206000,206000
064366,群創統一01購01  ,0,0,0,0,0,0,0,0,0,206000,0,0,0,381000,175000,206000,206000
065403,健鼎國泰02購01  ,0,0,0,0,0,0,0,0,0,206000,0,0,0,240000,34000,206000,206000
065673,嘉晶凱基01購02  ,0,0,0,0,0,0,0,0,0,206000,0,0,0,285000,79000,206000,206000
4942,嘉彰            ,254000,48000,206000,0,0,0,0,0,0,0,0,0,0,0,0,0,206000
062333,嘉晶統一9C購01  ,0,0,0,0,0,0,0,0,0,205000,0,0,0,294000,89000,205000,205000
058192,訊芯永豐99購01  ,0,0,0,0,0,0,0,0,0,205000,0,0,0,225000,20000,205000,205000
058245,訊連元大99購01  ,0,0,0,0,0,0,0,0,0,205000,0,0,0,207000,2000,205000,205000
060747,聯鈞國票9A購02  ,0,0,0,0,0,0,0,0,0,205000,0,0,0,232000,27000,205000,205000
061234,國巨元大9A購18  ,0,0,0,0,0,0,0,0,0,205000,0,0,0,232000,27000,205000,205000
063201,廣達統一01購01  ,0,0,0,0,0,0,0,0,0,205000,0,0,0,205000,0,205000,205000
065604,聯發科元大9C購17,0,0,0,0,0,0,0,0,0,205000,0,0,0,310000,105000,205000,205000
065903,聯發科富邦02購02,0,0,0,0,0,0,0,0,0,205000,0,0,0,240000,35000,205000,205000
065094,新日興元大9C購04,0,0,0,0,0,0,0,0,0,205000,0,0,0,284000,79000,205000,205000
066194,美利達凱基01購01,0,0,0,0,0,0,0,0,0,204000,0,0,0,251000,47000,204000,204000
058769,友達兆豐99購01  ,0,0,0,0,0,0,0,0,0,204000,0,0,0,466000,262000,204000,204000
058012,鈺齊國票99購01  ,0,0,0,0,0,0,0,0,0,204000,0,0,0,209000,5000,204000,204000
065142,華邦電凱基01購01,0,0,0,0,0,0,0,0,0,204000,0,0,0,264000,60000,204000,204000
064334,可成元大01購01  ,0,0,0,0,0,0,0,0,0,204000,0,0,0,326000,122000,204000,204000
064251,緯創元富9C購01  ,0,0,0,0,0,0,0,0,0,204000,0,0,0,247000,43000,204000,204000
063487,國巨國泰01購02  ,0,0,0,0,0,0,0,0,0,204000,0,0,0,284000,80000,204000,204000
00674R,元大S&P黃金反1  ,0,0,0,0,0,0,0,0,0,203000,0,0,0,203000,0,203000,203000
060698,旺宏國泰9C購01  ,0,0,0,0,0,0,0,0,0,203000,0,0,0,214000,11000,203000,203000
063490,儒鴻富邦9C購01  ,0,0,0,0,0,0,0,0,0,203000,0,0,0,223000,20000,203000,203000
064575,鈺齊群益9C購01  ,0,0,0,0,0,0,0,0,0,203000,0,0,0,273000,70000,203000,203000
059849,興勤永豐99購01  ,0,0,0,0,0,0,0,0,0,202000,0,0,0,302000,100000,202000,202000
060162,碩天永豐9A購01  ,0,0,0,0,0,0,0,0,0,202000,0,0,0,204000,2000,202000,202000
061357,寶成元大9A購01  ,0,0,0,0,0,0,0,0,0,202000,0,0,0,204000,2000,202000,202000
07444P,聯發科凱基9A售10,0,0,0,0,0,0,0,0,0,201000,0,0,0,201000,0,201000,201000
053449,超眾凱基98購01  ,0,0,0,0,0,0,0,0,0,201000,0,0,0,286000,85000,201000,201000
056768,宏達電元大99購03,0,0,0,0,0,0,0,0,0,201000,0,0,0,333000,132000,201000,201000
062133,大成鋼群益9B購01,0,0,0,0,0,0,0,0,0,201000,0,0,0,201000,0,201000,201000
07319P,台積電凱基01售02,0,0,0,0,0,0,0,0,0,200000,0,0,0,250000,50000,200000,200000
055957,瑞昱元大97購06  ,0,0,0,0,0,0,0,0,0,200000,0,0,0,200000,0,200000,200000
052694,開發金中信98購01,0,0,0,0,0,0,0,0,0,200000,0,0,0,200000,0,200000,200000
057179,可成元大98購04  ,0,0,0,0,0,0,0,0,0,200000,0,0,0,200000,0,200000,200000
062216,國巨統一9B購11  ,0,0,0,0,0,0,0,0,0,200000,0,0,0,200000,0,200000,200000
062374,茂林元大9B購03  ,0,0,0,0,0,0,0,0,0,200000,0,0,0,200000,0,200000,200000
062633,亞光國票9B購01  ,0,0,0,0,0,0,0,0,0,200000,0,0,0,220000,20000,200000,200000
063293,億豐元大9B購01  ,0,0,0,0,0,0,0,0,0,200000,0,0,0,200000,0,200000,200000
063368,遠東新永豐9B購01,0,0,0,0,0,0,0,0,0,200000,0,0,0,236000,36000,200000,200000
064258,臻鼎國泰01購02  ,0,0,0,0,0,0,0,0,0,200000,0,0,0,200000,0,200000,200000
064113,新日興國票01購01,0,0,0,0,0,0,0,0,0,200000,0,0,0,200000,0,200000,200000
064942,道瓊反凱基02購01,0,0,0,0,0,0,0,0,0,200000,0,0,0,200000,0,200000,200000
08417P,聯發科元大9C售12,0,0,0,0,0,0,0,0,0,199000,0,0,0,200000,1000,199000,199000
066047,嘉晶元大01購04  ,0,0,0,0,0,0,0,0,0,199000,0,0,0,339000,140000,199000,199000
066709,聚碩群益01購01  ,0,0,0,0,0,0,0,0,0,199000,0,0,0,199000,0,199000,199000
055732,全新元富9A購01  ,0,0,0,0,0,0,0,0,0,199000,0,0,0,199000,0,199000,199000
065507,亞德客群益01購02,0,0,0,0,0,0,0,0,0,199000,0,0,0,209000,10000,199000,199000
054418,茂林元大97購01  ,0,0,0,0,0,0,0,0,0,198000,0,0,0,199000,1000,198000,198000
057187,群創元大9B購04  ,0,0,0,0,0,0,0,0,0,198000,0,0,0,298000,100000,198000,198000
060760,南亞科元大9A購04,0,0,0,0,0,0,0,0,0,198000,0,0,0,198000,0,198000,198000
065976,牧德元大02購02  ,0,0,0,0,0,0,0,0,0,198000,0,0,0,200000,2000,198000,198000
065251,宏達電國泰02購01,0,0,0,0,0,0,0,0,0,198000,0,0,0,213000,15000,198000,198000
065402,漢唐國泰02購01  ,0,0,0,0,0,0,0,0,0,197000,0,0,0,206000,9000,197000,197000
065565,神隆群益01購01  ,0,0,0,0,0,0,0,0,0,197000,0,0,0,197000,0,197000,197000
4133,亞諾法          ,271000,74000,197000,0,0,0,0,0,0,0,0,0,0,0,0,0,197000
060121,新光金富邦99購01,0,0,0,0,0,0,0,0,0,196000,0,0,0,463000,267000,196000,196000
1795,美時            ,471000,276000,195000,0,0,0,0,0,0,0,0,0,0,0,0,0,195000
065907,南亞科永豐9C購01,0,0,0,0,0,0,0,0,0,195000,0,0,0,195000,0,195000,195000
2535,達欣工          ,252000,42000,210000,0,0,0,0,0,0,-15149,25000,40149,-15149,0,0,0,194851
057713,美律統一99購01  ,0,0,0,0,0,0,0,0,0,194000,0,0,0,194000,0,194000,194000
064475,台積電國泰02購03,0,0,0,0,0,0,0,0,0,194000,0,0,0,199000,5000,194000,194000
057227,台積電凱基98購15,0,0,0,0,0,0,0,0,0,193000,0,0,0,198000,5000,193000,193000
063209,巨大統一01購01  ,0,0,0,0,0,0,0,0,0,193000,0,0,0,272000,79000,193000,193000
064440,大立光凱基03購03,0,0,0,0,0,0,0,0,0,193000,0,0,0,270000,77000,193000,193000
066238,聯鈞富邦03購01  ,0,0,0,0,0,0,0,0,0,192000,0,0,0,212000,20000,192000,192000
057161,亞德客元大98購02,0,0,0,0,0,0,0,0,0,192000,0,0,0,242000,50000,192000,192000
055891,鴻海統一9A購01  ,0,0,0,0,0,0,0,0,0,192000,0,0,0,192000,0,192000,192000
063167,同欣電永豐9B購03,0,0,0,0,0,0,0,0,0,192000,0,0,0,202000,10000,192000,192000
064677,金像電兆豐9C購01,0,0,0,0,0,0,0,0,0,192000,0,0,0,250000,58000,192000,192000
065895,台勝科統一02購01,0,0,0,0,0,0,0,0,0,192000,0,0,0,240000,48000,192000,192000
2905,三商            ,295000,103890,191110,0,0,0,0,0,0,0,0,0,0,0,0,0,191110
08623P,健策群益01售04  ,0,0,0,0,0,0,0,0,0,191000,0,0,0,305000,114000,191000,191000
062761,嘉晶凱基9C購01  ,0,0,0,0,0,0,0,0,0,191000,0,0,0,299000,108000,191000,191000
8039,台虹            ,1088000,942000,146000,0,0,0,0,0,0,45000,137000,4000,133000,39000,127000,-88000,191000
08121P,聯發科國票9B售05,0,0,0,0,0,0,0,0,0,190000,0,0,0,190000,0,190000,190000
066347,鎧勝永豐01購01  ,0,0,0,0,0,0,0,0,0,190000,0,0,0,192000,2000,190000,190000
052853,友達日盛99購01  ,0,0,0,0,0,0,0,0,0,190000,0,0,0,200000,10000,190000,190000
058766,力山兆豐99購01  ,0,0,0,0,0,0,0,0,0,190000,0,0,0,190000,0,190000,190000
064499,可成元大9C購07  ,0,0,0,0,0,0,0,0,0,190000,0,0,0,203000,13000,190000,190000
066710,彩晶群益03購01  ,0,0,0,0,0,0,0,0,0,189000,0,0,0,209000,20000,189000,189000
063054,健鼎統一01購01  ,0,0,0,0,0,0,0,0,0,189000,0,0,0,245000,56000,189000,189000
064144,智邦統一01購02  ,0,0,0,0,0,0,0,0,0,189000,0,0,0,190000,1000,189000,189000
063676,上銀國泰9C購02  ,0,0,0,0,0,0,0,0,0,189000,0,0,0,194000,5000,189000,189000
08200P,祥碩元大9B售08  ,0,0,0,0,0,0,0,0,0,188000,0,0,0,218000,30000,188000,188000
063069,道瓊銀富邦05購01,0,0,0,0,0,0,0,0,0,188000,0,0,0,215000,27000,188000,188000
061348,聯鈞元大9A購05  ,0,0,0,0,0,0,0,0,0,188000,0,0,0,306000,118000,188000,188000
061535,群創統一9C購01  ,0,0,0,0,0,0,0,0,0,188000,0,0,0,188000,0,188000,188000
064593,鈺齊永豐9C購01  ,0,0,0,0,0,0,0,0,0,188000,0,0,0,266000,78000,188000,188000
066061,超眾元大01購04  ,0,0,0,0,0,0,0,0,0,187000,0,0,0,225000,38000,187000,187000
056911,緯穎元大99購01  ,0,0,0,0,0,0,0,0,0,187000,0,0,0,197000,10000,187000,187000
064361,旺宏統一01購06  ,0,0,0,0,0,0,0,0,0,187000,0,0,0,188000,1000,187000,187000
065164,和大元大01購01  ,0,0,0,0,0,0,0,0,0,187000,0,0,0,187000,0,187000,187000
08752P,長榮航群益01售01,0,0,0,0,0,0,0,0,0,186000,0,0,0,186000,0,186000,186000
062190,瀚宇博元大9B購01,0,0,0,0,0,0,0,0,0,186000,0,0,0,247000,61000,186000,186000
064914,友達統一02購03  ,0,0,0,0,0,0,0,0,0,186000,0,0,0,216000,30000,186000,186000
063741,GIS元大9B購04   ,0,0,0,0,0,0,0,0,0,186000,0,0,0,261000,75000,186000,186000
08563P,金像電元富9C售03,0,0,0,0,0,0,0,0,0,185000,0,0,0,209000,24000,185000,185000
066571,矽格元大01購02  ,0,0,0,0,0,0,0,0,0,185000,0,0,0,391000,206000,185000,185000
057796,鴻海兆豐99購03  ,0,0,0,0,0,0,0,0,0,185000,0,0,0,285000,100000,185000,185000
058967,可成麥證99購01  ,0,0,0,185000,5000,180000,0,0,0,185000,0,0,0,190000,5000,185000,185000
062823,台表科兆豐9B購01,0,0,0,0,0,0,0,0,0,185000,0,0,0,197000,12000,185000,185000
063706,台虹群益9B購01  ,0,0,0,0,0,0,0,0,0,185000,0,0,0,195000,10000,185000,185000
064117,中興電元大9C購01,0,0,0,0,0,0,0,0,0,185000,0,0,0,200000,15000,185000,185000
065083,南亞科元大01購01,0,0,0,0,0,0,0,0,0,185000,0,0,0,303000,118000,185000,185000
066024,金像電群益01購04,0,0,0,0,0,0,0,0,0,184000,0,0,0,205000,21000,184000,184000
06845P,億光元大98售02  ,0,0,0,0,0,0,0,0,0,184000,0,0,0,240000,56000,184000,184000
08160P,茂林元富9B售03  ,0,0,0,0,0,0,0,0,0,184000,0,0,0,617000,433000,184000,184000
060892,超眾統一9C購01  ,0,0,0,0,0,0,0,0,0,184000,0,0,0,184000,0,184000,184000
065672,嘉晶凱基01購01  ,0,0,0,0,0,0,0,0,0,184000,0,0,0,353000,169000,184000,184000
064217,GIS凱基02購02   ,0,0,0,0,0,0,0,0,0,184000,0,0,0,214000,30000,184000,184000
063442,金像電統一01購01,0,0,0,0,0,0,0,0,0,184000,0,0,0,224000,40000,184000,184000
08333P,大立光富邦02售03,0,0,0,0,0,0,0,0,0,183000,0,0,0,300000,117000,183000,183000
062305,遠東新凱基9B購01,0,0,0,0,0,0,0,0,0,183000,0,0,0,249000,66000,183000,183000
061136,可成統一9A購01  ,0,0,0,0,0,0,0,0,0,183000,0,0,0,193000,10000,183000,183000
063550,可成國票9C購01  ,0,0,0,0,0,0,0,0,0,183000,0,0,0,186000,3000,183000,183000
065926,金像電國票02購01,0,0,0,0,0,0,0,0,0,183000,0,0,0,215000,32000,183000,183000
066743,和碩元大01購01  ,0,0,0,0,0,0,0,0,0,182000,0,0,0,300000,118000,182000,182000
066536,漢唐兆豐03購01  ,0,0,0,0,0,0,0,0,0,182000,0,0,0,225000,43000,182000,182000
060826,牧德元大9B購02  ,0,0,0,0,0,0,0,0,0,182000,0,0,0,222000,40000,182000,182000
058077,超眾凱基98購02  ,0,0,0,0,0,0,0,0,0,182000,0,0,0,213000,31000,182000,182000
056988,聚陽兆豐98購01  ,0,0,0,0,0,0,0,0,0,181000,0,0,0,181000,0,181000,181000
056770,國產元大98購02  ,0,0,0,0,0,0,0,0,0,181000,0,0,0,181000,0,181000,181000
063396,金像電群益9C購01,0,0,0,0,0,0,0,0,0,181000,0,0,0,198000,17000,181000,181000
064210,台光電凱基03購01,0,0,0,0,0,0,0,0,0,181000,0,0,0,382000,201000,181000,181000
064277,可成元大9C購04  ,0,0,0,0,0,0,0,0,0,181000,0,0,0,185000,4000,181000,181000
066043,美律元大01購01  ,0,0,0,0,0,0,0,0,0,180000,0,0,0,180000,0,180000,180000
07731P,臺股指凱基9A售28,0,0,0,0,0,0,0,0,0,180000,0,0,0,303000,123000,180000,180000
056076,超眾元大97購05  ,0,0,0,0,0,0,0,0,0,180000,0,0,0,180000,0,180000,180000
052113,漢唐中信98購01  ,0,0,0,0,0,0,0,0,0,180000,0,0,0,180000,0,180000,180000
053723,奇鋐凱基98購01  ,0,0,0,0,0,0,0,0,0,180000,0,0,0,200000,20000,180000,180000
05691P,聯發科中信98售01,0,0,0,0,0,0,0,0,0,180000,0,0,0,180000,0,180000,180000
056849,瀚宇博元富98購01,0,0,0,0,0,0,0,0,0,180000,0,0,0,183000,3000,180000,180000
062464,T50反1凱基9C購03,0,0,0,0,0,0,0,0,0,180000,0,0,0,180000,0,180000,180000
062074,旺宏元大9B購04  ,0,0,0,0,0,0,0,0,0,180000,0,0,0,180000,0,180000,180000
062057,華邦電統一01購01,0,0,0,0,0,0,0,0,0,180000,0,0,0,200000,20000,180000,180000
064159,新日興統一01購02,0,0,0,0,0,0,0,0,0,180000,0,0,0,351000,171000,180000,180000
063477,訊芯元大9B購01  ,0,0,0,0,0,0,0,0,0,180000,0,0,0,219000,39000,180000,180000
063897,神達群益9C購01  ,0,0,0,0,0,0,0,0,0,180000,0,0,0,355000,175000,180000,180000
066434,台虹元大01購01  ,0,0,0,0,0,0,0,0,0,179000,0,0,0,430000,251000,179000,179000
066612,台積電麥證01購04,0,0,0,181000,2000,179000,0,0,0,179000,0,0,0,181000,2000,179000,179000
064713,和大統一02購01  ,0,0,0,0,0,0,0,0,0,179000,0,0,0,396000,217000,179000,179000
065105,巨大元大01購01  ,0,0,0,0,0,0,0,0,0,179000,0,0,0,179000,0,179000,179000
06836P,玉晶光國票99售06,0,0,0,0,0,0,0,0,0,178000,0,0,0,368000,190000,178000,178000
066421,國產元大01購01  ,0,0,0,0,0,0,0,0,0,178000,0,0,0,505000,327000,178000,178000
066167,強茂凱基01購01  ,0,0,0,0,0,0,0,0,0,178000,0,0,0,235000,57000,178000,178000
08761P,聯詠元大01售02  ,0,0,0,0,0,0,0,0,0,178000,0,0,0,222000,44000,178000,178000
064956,麗豐凱基9C購01  ,0,0,0,0,0,0,0,0,0,178000,0,0,0,191000,13000,178000,178000
064247,廣達元富9C購01  ,0,0,0,0,0,0,0,0,0,178000,0,0,0,269000,91000,178000,178000
064354,同欣電元大9C購05,0,0,0,0,0,0,0,0,0,178000,0,0,0,299000,121000,178000,178000
063461,金像電元大9B購03,0,0,0,0,0,0,0,0,0,178000,0,0,0,178000,0,178000,178000
2615,萬海            ,102000,467000,-365000,0,0,0,552000,9000,543000,0,0,0,0,0,0,0,178000
066073,奇鋐凱基01購01  ,0,0,0,0,0,0,0,0,0,177000,0,0,0,187000,10000,177000,177000
066593,奇鋐群益01購01  ,0,0,0,0,0,0,0,0,0,177000,0,0,0,306000,129000,177000,177000
063115,台積電麥證9B購02,0,0,0,237000,60000,177000,0,0,0,177000,0,0,0,237000,60000,177000,177000
060983,南亞科元大9A購06,0,0,0,0,0,0,0,0,0,177000,0,0,0,200000,23000,177000,177000
060967,鈺齊凱基9A購02  ,0,0,0,0,0,0,0,0,0,177000,0,0,0,195000,18000,177000,177000
064162,貿聯統一02購01  ,0,0,0,0,0,0,0,0,0,177000,0,0,0,261000,84000,177000,177000
065785,奇力新永豐9C購02,0,0,0,0,0,0,0,0,0,177000,0,0,0,247000,70000,177000,177000
053559,台積電國泰98購01,0,0,0,0,0,0,0,0,0,176000,0,0,0,176000,0,176000,176000
060835,亞德客國票9A購01,0,0,0,0,0,0,0,0,0,176000,0,0,0,178000,2000,176000,176000
060387,盛群凱基9A購01  ,0,0,0,0,0,0,0,0,0,176000,0,0,0,241000,65000,176000,176000
063739,台勝科元大9B購03,0,0,0,0,0,0,0,0,0,176000,0,0,0,296000,120000,176000,176000
064007,嘉澤凱基02購01  ,0,0,0,0,0,0,0,0,0,176000,0,0,0,487000,311000,176000,176000
3557,嘉威            ,279000,103000,176000,0,0,0,0,0,0,0,0,0,0,0,0,0,176000
9938,百和            ,248000,124000,124000,0,0,0,0,0,0,52000,40000,0,40000,12000,0,12000,176000
055701,亞德客富邦99購01,0,0,0,0,0,0,0,0,0,175000,0,0,0,403000,228000,175000,175000
065426,台積電凱基01購09,0,0,0,0,0,0,0,0,0,175000,0,0,0,175000,0,175000,175000
065526,台表科群益9C購03,0,0,0,0,0,0,0,0,0,175000,0,0,0,267000,92000,175000,175000
065354,金像電元富03購01,0,0,0,0,0,0,0,0,0,175000,0,0,0,312000,137000,175000,175000
07799P,南電國票9A售04  ,0,0,0,0,0,0,0,0,0,174000,0,0,0,227000,53000,174000,174000
060788,嘉晶富邦9B購01  ,0,0,0,0,0,0,0,0,0,174000,0,0,0,360000,186000,174000,174000
059853,超眾永豐99購03  ,0,0,0,0,0,0,0,0,0,174000,0,0,0,174000,0,174000,174000
057385,光罩永豐99購01  ,0,0,0,0,0,0,0,0,0,173000,0,0,0,825000,652000,173000,173000
052847,漢唐統一99購01  ,0,0,0,0,0,0,0,0,0,173000,0,0,0,289000,116000,173000,173000
062702,可成元大9C購01  ,0,0,0,0,0,0,0,0,0,173000,0,0,0,270000,97000,173000,173000
061476,大毅元大9A購02  ,0,0,0,0,0,0,0,0,0,173000,0,0,0,177000,4000,173000,173000
065020,友達富邦01購02  ,0,0,0,0,0,0,0,0,0,173000,0,0,0,193000,20000,173000,173000
065412,金像電永豐9C購01,0,0,0,0,0,0,0,0,0,173000,0,0,0,173000,0,173000,173000
063384,巨大永豐9B購04  ,0,0,0,0,0,0,0,0,0,173000,0,0,0,296000,123000,173000,173000
064551,鈺齊凱基9C購02  ,0,0,0,0,0,0,0,0,0,173000,0,0,0,203000,30000,173000,173000
066463,鎧勝統一02購01  ,0,0,0,0,0,0,0,0,0,172000,0,0,0,312000,140000,172000,172000
066301,大成永豐01購01  ,1000,0,1000,0,0,0,0,0,0,171000,0,0,0,700000,529000,171000,172000
062689,華擎統一02購01  ,0,0,0,0,0,0,0,0,0,172000,0,0,0,324000,152000,172000,172000
066070,金像電凱基01購03,0,0,0,0,0,0,0,0,0,171000,0,0,0,211000,40000,171000,171000
061110,超眾元大9A購03  ,0,0,0,0,0,0,0,0,0,171000,0,0,0,253000,82000,171000,171000
064700,致新群益9C購02  ,0,0,0,0,0,0,0,0,0,171000,0,0,0,243000,72000,171000,171000
065141,國巨凱基9C購10  ,0,0,0,0,0,0,0,0,0,171000,0,0,0,377000,206000,171000,171000
066305,華夏永豐01購01  ,0,0,0,0,0,0,0,0,0,170000,0,0,0,180000,10000,170000,170000
054308,嘉晶凱基98購01  ,0,0,0,0,0,0,0,0,0,170000,0,0,0,205000,35000,170000,170000
054324,美律台新97購01  ,0,0,0,0,0,0,0,0,0,170000,0,0,0,170000,0,170000,170000
054569,GIS群益98購01   ,0,0,0,0,0,0,0,0,0,170000,0,0,0,170000,0,170000,170000
063272,GIS兆豐9C購01   ,0,0,0,0,0,0,0,0,0,170000,0,0,0,180000,10000,170000,170000
060604,宏達電凱基9B購01,0,0,0,0,0,0,0,0,0,170000,0,0,0,172000,2000,170000,170000
065662,台勝科永豐9C購01,0,0,0,0,0,0,0,0,0,170000,0,0,0,238000,68000,170000,170000
07902P,玉晶光國票01售01,0,0,0,0,0,0,0,0,0,169000,0,0,0,178000,9000,169000,169000
063102,旺宏群益9B購03  ,0,0,0,0,0,0,0,0,0,169000,0,0,0,200000,31000,169000,169000
063282,奇力新元大9B購06,0,0,0,0,0,0,0,0,0,169000,0,0,0,169000,0,169000,169000
065078,台積電元大02購01,0,0,0,0,0,0,0,0,0,169000,0,0,0,5468000,5299000,169000,169000
066559,聯鈞元大01購03  ,0,0,0,0,0,0,0,0,0,168000,0,0,0,182000,14000,168000,168000
061995,超眾元大01購01  ,0,0,0,0,0,0,0,0,0,168000,0,0,0,193000,25000,168000,168000
065033,和碩兆豐9C購01  ,0,0,0,0,0,0,0,0,0,168000,0,0,0,308000,140000,168000,168000
064925,和碩統一02購01  ,0,0,0,0,0,0,0,0,0,168000,0,0,0,168000,0,168000,168000
064851,勤誠元富03購01  ,0,0,0,0,0,0,0,0,0,168000,0,0,0,173000,5000,168000,168000
065541,GIS統一01購05   ,0,0,0,0,0,0,0,0,0,168000,0,0,0,239000,71000,168000,168000
064603,和碩元富9C購01  ,0,0,0,0,0,0,0,0,0,168000,0,0,0,238000,70000,168000,168000
066469,申豐統一02購02  ,0,0,0,0,0,0,0,0,0,167000,0,0,0,590000,423000,167000,167000
061753,南亞科台新9B購01,0,0,0,0,0,0,0,0,0,167000,0,0,0,227000,60000,167000,167000
063634,台光電元大9B購09,0,0,0,0,0,0,0,0,0,167000,0,0,0,434000,267000,167000,167000
063801,GIS凱基01購01   ,0,0,0,0,0,0,0,0,0,167000,0,0,0,201000,34000,167000,167000
056554,GIS凱基99購01   ,0,0,0,0,0,0,0,0,0,166000,0,0,0,227000,61000,166000,166000
062453,聚陽群益9C購01  ,0,0,0,0,0,0,0,0,0,166000,0,0,0,166000,0,166000,166000
057712,南亞科統一9A購01,0,0,0,0,0,0,0,0,0,166000,0,0,0,167000,1000,166000,166000
057582,亞光中信9A購02  ,0,0,0,0,0,0,0,0,0,166000,0,0,0,346000,180000,166000,166000
063289,台表科元大9B購07,0,0,0,0,0,0,0,0,0,166000,0,0,0,315000,149000,166000,166000
063151,奇鋐元富9B購01  ,0,0,0,0,0,0,0,0,0,166000,0,0,0,166000,0,166000,166000
064042,國巨統一9C購12  ,0,0,0,0,0,0,0,0,0,166000,0,0,0,184000,18000,166000,166000
064145,宏碁統一02購01  ,0,0,0,0,0,0,0,0,0,166000,0,0,0,452000,286000,166000,166000
065647,健鼎元大9C購05  ,0,2000,-2000,0,0,0,0,0,0,168000,0,0,0,198000,30000,168000,166000
065879,瑞祺群益9C購02  ,0,0,0,0,0,0,0,0,0,166000,0,0,0,172000,6000,166000,166000
066086,東元永豐01購01  ,0,0,0,0,0,0,0,0,0,165000,0,0,0,255000,90000,165000,165000
08515P,鴻海群益9C售06  ,0,0,0,0,0,0,0,0,0,165000,0,0,0,165000,0,165000,165000
063022,嘉晶元大9B購04  ,0,0,0,0,0,0,0,0,0,165000,0,0,0,329000,164000,165000,165000
061372,世紀鋼國泰9C購01,0,0,0,0,0,0,0,0,0,165000,0,0,0,201000,36000,165000,165000
060422,台勝科永豐9A購01,0,0,0,0,0,0,0,0,0,165000,0,0,0,165000,0,165000,165000
061055,康控群益9A購01  ,0,0,0,0,0,0,0,0,0,165000,0,0,0,177000,12000,165000,165000
065059,神隆群益9C購01  ,0,0,0,0,0,0,0,0,0,165000,0,0,0,175000,10000,165000,165000
066568,聚碩元大01購01  ,0,0,0,0,0,0,0,0,0,164000,0,0,0,210000,46000,164000,164000
058101,台積電富邦9C購01,0,0,0,0,0,0,0,0,0,164000,0,0,0,265000,101000,164000,164000
062787,超眾元大9C購02  ,0,0,0,0,0,0,0,0,0,164000,0,0,0,209000,45000,164000,164000
062033,瀚宇博群益9B購01,0,0,0,0,0,0,0,0,0,164000,0,0,0,181000,17000,164000,164000
061869,智邦元大9B購01  ,0,0,0,0,0,0,0,0,0,164000,0,0,0,179000,15000,164000,164000
07904P,聯發科群益9B售05,0,0,0,0,0,0,0,0,0,163000,0,0,0,215000,52000,163000,163000
062427,嘉澤統一01購01  ,0,0,0,0,0,0,0,0,0,163000,0,0,0,163000,0,163000,163000
060413,東元永豐9A購01  ,0,0,0,0,0,0,0,0,0,163000,0,0,0,500000,337000,163000,163000
061132,志超永豐9A購01  ,0,0,0,0,0,0,0,0,0,163000,0,0,0,219000,56000,163000,163000
063820,華邦電麥證01購01,0,0,0,219000,56000,163000,0,0,0,163000,0,0,0,219000,56000,163000,163000
066719,滬深2X元大01購06,0,0,0,0,0,0,0,0,0,162000,0,0,0,324000,162000,162000,162000
060509,宏達電元大9A購02,0,0,0,0,0,0,0,0,0,162000,0,0,0,172000,10000,162000,162000
064192,巨大中信9C購01  ,0,0,0,0,0,0,0,0,0,162000,0,0,0,222000,60000,162000,162000
065073,亞德客元大01購02,0,0,0,0,0,0,0,0,0,162000,0,0,0,257000,95000,162000,162000
065081,金像電元大9C購05,0,0,0,0,0,0,0,0,0,162000,0,0,0,563000,401000,162000,162000
065763,台表科元大9C購14,0,0,0,0,0,0,0,0,0,162000,0,0,0,393000,231000,162000,162000
08523P,金像電元大9C售06,0,0,0,0,0,0,0,0,0,161000,0,0,0,163000,2000,161000,161000
055973,亞德客統一97購01,0,0,0,0,0,0,0,0,0,161000,0,0,0,161000,0,161000,161000
060414,中興電永豐9A購01,0,0,0,0,0,0,0,0,0,161000,0,0,0,165000,4000,161000,161000
063346,TPK統一9C購01   ,0,0,0,0,0,0,0,0,0,161000,0,0,0,161000,0,161000,161000
063380,台表科永豐9B購03,0,0,0,0,0,0,0,0,0,161000,0,0,0,414000,253000,161000,161000
2390,云辰            ,3995000,3834000,161000,0,0,0,0,0,0,0,0,0,0,0,0,0,161000
07939P,台積電統一9B售14,0,0,0,0,0,0,0,0,0,160000,0,0,0,300000,140000,160000,160000
066368,聯鈞中信01購01  ,0,0,0,0,0,0,0,0,0,160000,0,0,0,160000,0,160000,160000
056676,國產元富98購01  ,0,0,0,0,0,0,0,0,0,160000,0,0,0,251000,91000,160000,160000
054406,旺宏國票98購01  ,0,0,0,0,0,0,0,0,0,160000,0,0,0,160000,0,160000,160000
057874,可成元大99購02  ,0,0,0,0,0,0,0,0,0,160000,0,0,0,170000,10000,160000,160000
058276,道瓊指中信9C購01,0,0,0,0,0,0,0,0,0,160000,0,0,0,170000,10000,160000,160000
060470,台勝科元大9A購03,0,0,0,0,0,0,0,0,0,160000,0,0,0,160000,0,160000,160000
059069,臺指反元大9C購01,0,0,0,0,0,0,0,0,0,160000,0,0,0,160000,0,160000,160000
064493,南亞科元大9C購01,0,0,0,0,0,0,0,0,0,160000,0,0,0,310000,150000,160000,160000
065829,嘉晶凱基9C購05  ,0,0,0,0,0,0,0,0,0,160000,0,0,0,292000,132000,160000,160000
06673P,大立光群益98售01,0,0,0,0,0,0,0,0,0,159000,0,0,0,159000,0,159000,159000
056268,新日興統一97購01,0,0,0,0,0,0,0,0,0,159000,0,0,0,186000,27000,159000,159000
059453,奇力新永豐99購01,0,0,0,0,0,0,0,0,0,159000,0,0,0,159000,0,159000,159000
063270,喬山兆豐9C購01  ,0,0,0,0,0,0,0,0,0,159000,0,0,0,160000,1000,159000,159000
061958,鴻海統一01購01  ,0,0,0,0,0,0,0,0,0,159000,0,0,0,169000,10000,159000,159000
065750,智邦元大9C購09  ,0,0,0,0,0,0,0,0,0,159000,0,0,0,233000,74000,159000,159000
065207,奇力新國票9C購02,0,0,0,0,0,0,0,0,0,159000,0,0,0,222000,63000,159000,159000
064826,南亞科統一01購03,0,0,0,0,0,0,0,0,0,159000,0,0,0,209000,50000,159000,159000
064302,美律兆豐01購01  ,0,0,0,0,0,0,0,0,0,159000,0,0,0,159000,0,159000,159000
066423,智原元大01購02  ,0,0,0,0,0,0,0,0,0,158000,0,0,0,277000,119000,158000,158000
066060,超眾元大01購03  ,0,0,0,0,0,0,0,0,0,158000,0,0,0,183000,25000,158000,158000
066055,聯鈞元大01購01  ,0,0,0,0,0,0,0,0,0,158000,0,0,0,193000,35000,158000,158000
057437,可成國票99購01  ,0,0,0,0,0,0,0,0,0,158000,0,0,0,164000,6000,158000,158000
057750,神達國票99購01  ,0,0,0,0,0,0,0,0,0,158000,0,0,0,268000,110000,158000,158000
064416,南亞科中信01購01,0,0,0,0,0,0,0,0,0,158000,0,0,0,181000,23000,158000,158000
058356,華邦電凱基99購01,0,0,0,0,0,0,0,0,0,157000,0,0,0,167000,10000,157000,157000
05887P,友達元富99售03  ,0,0,0,0,0,0,0,0,0,157000,0,0,0,173000,16000,157000,157000
056421,鴻海統一98購08  ,0,0,0,0,0,0,0,0,0,157000,0,0,0,157000,0,157000,157000
061986,晶豪科元大9B購01,0,0,0,0,0,0,0,0,0,157000,0,0,0,257000,100000,157000,157000
065846,華新科元大03購01,0,0,0,0,0,0,0,0,0,157000,0,0,0,157000,0,157000,157000
065579,南茂群益9C購02  ,0,0,0,0,0,0,0,0,0,157000,0,0,0,157000,0,157000,157000
2464,盟立            ,155000,63000,92000,0,0,0,0,0,0,65000,0,0,0,101000,36000,65000,157000
5471,松翰            ,1302000,1153000,149000,0,0,0,0,0,0,8000,0,0,0,11000,3000,8000,157000
065645,嘉晶元大01購02  ,0,0,0,0,0,0,0,0,0,156000,0,0,0,213000,57000,156000,156000
065531,聯電統一01購01  ,0,0,0,0,0,0,0,0,0,156000,0,0,0,457000,301000,156000,156000
065179,同欣電元大02購01,0,0,0,0,0,0,0,0,0,156000,0,0,0,206000,50000,156000,156000
063635,漢唐元大9B購04  ,0,0,0,0,0,0,0,0,0,156000,0,0,0,226000,70000,156000,156000
066554,嘉晶元大01購05  ,0,0,0,0,0,0,0,0,0,155000,0,0,0,255000,100000,155000,155000
1589,永冠-KY         ,445000,309000,136000,0,0,0,50000,0,50000,-31000,55000,86000,-31000,0,0,0,155000
03662C,FBVIX凱基03牛01 ,0,0,0,0,0,0,0,0,0,155000,0,0,0,393000,238000,155000,155000
053734,友達中信98購02  ,0,0,0,0,0,0,0,0,0,155000,0,0,0,170000,15000,155000,155000
057620,康控凱基99購01  ,0,0,0,0,0,0,0,0,0,155000,0,0,0,165000,10000,155000,155000
062422,億光統一01購01  ,0,0,0,0,0,0,0,0,0,155000,0,0,0,158000,3000,155000,155000
059689,南亞科永豐99購02,0,0,0,0,0,0,0,0,0,155000,0,0,0,157000,2000,155000,155000
060984,南亞科元大9A購07,0,0,0,0,0,0,0,0,0,155000,0,0,0,155000,0,155000,155000
063860,旺宏國泰02購01  ,0,0,0,0,0,0,0,0,0,155000,0,0,0,165000,10000,155000,155000
063714,超眾凱基9B購03  ,0,0,0,0,0,0,0,0,0,155000,0,0,0,159000,4000,155000,155000
064624,群創元大02購01  ,0,0,0,0,0,0,0,0,0,155000,0,0,0,273000,118000,155000,155000
065307,矽格元富9C購01  ,0,0,0,0,0,0,0,0,0,155000,0,0,0,336000,181000,155000,155000
3015,全漢            ,170000,15000,155000,0,0,0,0,0,0,0,0,0,0,0,0,0,155000
066532,力成元富07購01  ,0,0,0,0,0,0,0,0,0,154000,0,0,0,274000,120000,154000,154000
058368,奇鋐凱基9A購01  ,0,0,0,0,0,0,0,0,0,154000,0,0,0,154000,0,154000,154000
057626,技嘉富邦9A購01  ,0,0,0,0,0,0,0,0,0,154000,0,0,0,303000,149000,154000,154000
060693,台積電麥證9A購02,0,0,0,154000,0,154000,0,0,0,154000,0,0,0,154000,0,154000,154000
061957,上銀統一01購01  ,0,0,0,0,0,0,0,0,0,154000,0,0,0,154000,0,154000,154000
065816,聯發科元富03購07,0,0,0,0,0,0,0,0,0,154000,0,0,0,176000,22000,154000,154000
063768,華新科國泰9C購03,0,0,0,0,0,0,0,0,0,154000,0,0,0,154000,0,154000,154000
063602,金像電凱基9B購04,0,0,0,0,0,0,0,0,0,154000,0,0,0,181000,27000,154000,154000
056592,台積電元富98購01,0,0,0,0,0,0,0,0,0,153000,0,0,0,153000,0,153000,153000
063236,旺宏元大9B購07  ,0,0,0,0,0,0,0,0,0,153000,0,0,0,283000,130000,153000,153000
060487,盛群富邦9B購01  ,0,0,0,0,0,0,0,0,0,153000,0,0,0,153000,0,153000,153000
062171,中磊永豐9B購01  ,0,0,0,0,0,0,0,0,0,153000,0,0,0,189000,36000,153000,153000
060907,金像電元大9A購02,0,0,0,0,0,0,0,0,0,153000,0,0,0,193000,40000,153000,153000
064064,義隆富邦03購01  ,0,0,0,0,0,0,0,0,0,153000,0,0,0,155000,2000,153000,153000
065371,漢唐元大01購01  ,0,0,0,0,0,0,0,0,0,153000,0,0,0,380000,227000,153000,153000
060888,金像電統一9C購01,0,0,0,0,0,0,0,0,0,152000,0,0,0,273000,121000,152000,152000
062136,南亞科群益9B購01,0,0,0,0,0,0,0,0,0,152000,0,0,0,184000,32000,152000,152000
065288,華新科群益02購02,0,0,0,0,0,0,0,0,0,152000,0,0,0,152000,0,152000,152000
064083,群創中信06購01  ,0,0,0,0,0,0,0,0,0,152000,0,0,0,229000,77000,152000,152000
2484,希華            ,592000,440000,152000,0,0,0,0,0,0,0,0,0,0,0,0,0,152000
066955,新日興元大01購01,0,0,0,0,0,0,0,0,0,151000,0,0,0,214000,63000,151000,151000
062496,矽創中信9B購01  ,0,0,0,0,0,0,0,0,0,151000,0,0,0,551000,400000,151000,151000
060229,楠梓電元大9C購01,0,0,0,0,0,0,0,0,0,151000,0,0,0,233000,82000,151000,151000
063790,南亞科台新9C購01,0,0,0,0,0,0,0,0,0,151000,0,0,0,181000,30000,151000,151000
065174,華新科元大02購02,0,0,0,0,0,0,0,0,0,151000,0,0,0,151000,0,151000,151000
065657,智邦富邦9C購01  ,0,0,0,0,0,0,0,0,0,151000,0,0,0,151000,0,151000,151000
07553P,嘉晶元大9A售02  ,0,0,0,0,0,0,0,0,0,150000,0,0,0,150000,0,150000,150000
062346,智邦群益9B購02  ,0,0,0,0,0,0,0,0,0,150000,0,0,0,160000,10000,150000,150000
062262,茂林元大9B購02  ,0,0,0,0,0,0,0,0,0,150000,0,0,0,150000,0,150000,150000
058418,台積電麥證99購01,0,0,0,150000,0,150000,0,0,0,150000,0,0,0,150000,0,150000,150000
046881,智原富邦99購01  ,0,0,0,0,0,0,0,0,0,150000,0,0,0,200000,50000,150000,150000
050400,臻鼎中信97購01  ,0,0,0,0,0,0,0,0,0,150000,0,0,0,150000,0,150000,150000
061170,南茂兆豐9B購01  ,0,0,0,0,0,0,0,0,0,150000,0,0,0,250000,100000,150000,150000
065873,信邦群益02購01  ,0,0,0,0,0,0,0,0,0,150000,0,0,0,219000,69000,150000,150000
063871,瀚宇博永豐9C購01,0,0,0,0,0,0,0,0,0,150000,0,0,0,203000,53000,150000,150000
063558,聚陽元大9B購02  ,0,0,0,0,0,0,0,0,0,150000,0,0,0,170000,20000,150000,150000
064681,牧德兆豐01購01  ,0,0,0,0,0,0,0,0,0,150000,0,0,0,203000,53000,150000,150000
056818,正崴永豐98購01  ,0,0,0,0,0,0,0,0,0,149000,0,0,0,169000,20000,149000,149000
061352,茂林元大9A購04  ,0,0,0,0,0,0,0,0,0,149000,0,0,0,155000,6000,149000,149000
062717,華邦電凱基9C購01,0,0,0,0,0,0,0,0,0,149000,0,0,0,149000,0,149000,149000
062121,奇鋐台新9B購01  ,0,0,0,0,0,0,0,0,0,149000,0,0,0,160000,11000,149000,149000
063548,同欣電兆豐9B購01,0,0,0,0,0,0,0,0,0,149000,0,0,0,249000,100000,149000,149000
065109,台勝科國票01購01,0,0,0,0,0,0,0,0,0,149000,0,0,0,149000,0,149000,149000
07134P,臺股指元大9A售28,0,0,0,0,0,0,0,0,0,148000,0,0,0,148000,0,148000,148000
058651,FBVIX中信9C購01 ,0,0,0,0,0,0,0,0,0,148000,0,0,0,303000,155000,148000,148000
058456,京鼎永豐99購01  ,0,0,0,0,0,0,0,0,0,148000,0,0,0,167000,19000,148000,148000
055707,聯鈞永豐98購01  ,0,0,0,0,0,0,0,0,0,148000,0,0,0,149000,1000,148000,148000
056710,漢唐永豐98購01  ,0,0,0,0,0,0,0,0,0,148000,0,0,0,154000,6000,148000,148000
061254,道瓊反凱基9A購02,0,0,0,0,0,0,0,0,0,148000,0,0,0,150000,2000,148000,148000
065726,京元電凱基9C購02,0,0,0,0,0,0,0,0,0,148000,0,0,0,215000,67000,148000,148000
063570,嘉晶元大9C購02  ,0,0,0,0,0,0,0,0,0,148000,0,0,0,314000,166000,148000,148000
064600,技嘉元富9C購01  ,0,0,0,0,0,0,0,0,0,148000,0,0,0,233000,85000,148000,148000
058435,旺宏統一9B購02  ,0,0,0,0,0,0,0,0,0,147000,0,0,0,147000,0,147000,147000
057249,華邦電統一9A購01,0,0,0,0,0,0,0,0,0,147000,0,0,0,160000,13000,147000,147000
062694,遠東新元大9B購01,0,0,0,0,0,0,0,0,0,147000,0,0,0,159000,12000,147000,147000
062809,同欣電統一9C購01,0,0,0,0,0,0,0,0,0,147000,0,0,0,176000,29000,147000,147000
061985,富邦金元大9B購01,0,0,0,0,0,0,0,0,0,147000,0,0,0,191000,44000,147000,147000
063541,華擎元富9B購02  ,0,0,0,0,0,0,0,0,0,147000,0,0,0,173000,26000,147000,147000
065957,華擎統一03購02  ,0,0,0,0,0,0,0,0,0,147000,0,0,0,278000,131000,147000,147000
064953,嘉晶凱基9C購02  ,0,0,0,0,0,0,0,0,0,147000,0,0,0,234000,87000,147000,147000
1731,美吾華          ,1706000,1460000,246000,0,0,0,0,0,0,-100000,0,100000,-100000,0,0,0,146000
08447P,緯穎永豐9C售02  ,0,0,0,0,0,0,0,0,0,146000,0,0,0,170000,24000,146000,146000
057836,南亞科國泰9A購01,0,0,0,0,0,0,0,0,0,146000,0,0,0,244000,98000,146000,146000
053686,台積電元大97購08,0,0,0,0,0,0,0,0,0,146000,0,0,0,156000,10000,146000,146000
061485,鴻海兆豐9A購01  ,0,0,0,0,0,0,0,0,0,146000,0,0,0,149000,3000,146000,146000
064817,鈺齊元大9C購02  ,0,0,0,0,0,0,0,0,0,146000,0,0,0,146000,0,146000,146000
063436,儒鴻統一01購03  ,0,0,0,0,0,0,0,0,0,146000,0,0,0,170000,24000,146000,146000
07011P,宏達電凱基99售02,0,0,0,0,0,0,0,0,0,145000,0,0,0,206000,61000,145000,145000
066857,大立光國票02購02,0,0,0,0,0,0,0,0,0,145000,0,0,0,182000,37000,145000,145000
063226,康控群益9B購03  ,0,0,0,0,0,0,0,0,0,145000,0,0,0,204000,59000,145000,145000
062753,台積電麥證9B購01,0,0,0,145000,0,145000,0,0,0,145000,0,0,0,145000,0,145000,145000
064865,美律永豐9C購02  ,0,0,0,0,0,0,0,0,0,145000,0,0,0,145000,0,145000,145000
064911,光寶科統一02購01,0,0,0,0,0,0,0,0,0,145000,0,0,0,248000,103000,145000,145000
064987,勤誠元大9C購02  ,0,0,0,0,0,0,0,0,0,145000,0,0,0,145000,0,145000,145000
065088,可成元大9C購09  ,0,0,0,0,0,0,0,0,0,145000,0,0,0,155000,10000,145000,145000
065365,國巨元大9C購19  ,0,0,0,0,0,0,0,0,0,145000,0,0,0,200000,55000,145000,145000
06532P,友達元富98售04  ,0,0,0,0,0,0,0,0,0,145000,0,0,0,183000,38000,145000,145000
065610,牧德元大02購01  ,0,0,0,0,0,0,0,0,0,145000,0,0,0,176000,31000,145000,145000
066334,京城銀永豐01購01,0,0,0,0,0,0,0,0,0,144000,0,0,0,144000,0,144000,144000
066030,超眾群益01購01  ,0,0,0,0,0,0,0,0,0,144000,0,0,0,161000,17000,144000,144000
062932,滬深2X凱基01購01,0,0,0,0,0,0,0,0,0,144000,0,0,0,150000,6000,144000,144000
063517,遠東新凱基01購01,0,0,0,0,0,0,0,0,0,144000,0,0,0,194000,50000,144000,144000
066142,超眾群益01購03  ,0,0,0,0,0,0,0,0,0,143000,0,0,0,193000,50000,143000,143000
066363,美律中信05購01  ,0,0,0,0,0,0,0,0,0,143000,0,0,0,144000,1000,143000,143000
020000,富邦特選蘋果N   ,0,0,0,0,0,0,0,0,0,143000,0,0,0,143000,0,143000,143000
057733,嘉聯益國泰99購01,0,0,0,0,0,0,0,0,0,143000,0,0,0,143000,0,143000,143000
062259,可成元大9B購03  ,0,0,0,0,0,0,0,0,0,143000,0,0,0,144000,1000,143000,143000
062907,可成元大9C購03  ,0,0,0,0,0,0,0,0,0,143000,0,0,0,178000,35000,143000,143000
064089,新日興凱基02購01,0,0,0,0,0,0,0,0,0,143000,0,0,0,162000,19000,143000,143000
065499,京元電富邦01購01,0,0,0,0,0,0,0,0,0,143000,0,0,0,634000,491000,143000,143000
058694,鈺齊國票9A購02  ,0,0,0,0,0,0,0,0,0,142000,0,0,0,142000,0,142000,142000
057021,台積電凱基9A購02,0,0,0,0,0,0,0,0,0,142000,0,0,0,270000,128000,142000,142000
060719,瀚宇博永豐9A購01,0,0,0,0,0,0,0,0,0,142000,0,0,0,144000,2000,142000,142000
064380,超眾元富9C購03  ,0,0,0,0,0,0,0,0,0,142000,0,0,0,187000,45000,142000,142000
064010,GIS凱基02購01   ,0,0,0,0,0,0,0,0,0,142000,0,0,0,150000,8000,142000,142000
3022,威強電          ,169000,27000,142000,0,0,0,0,0,0,0,0,0,0,0,0,0,142000
066264,金像電元大01購01,0,0,0,0,0,0,0,0,0,141000,0,0,0,267000,126000,141000,141000
055321,大立光國票98購02,0,0,0,0,0,0,0,0,0,141000,0,0,0,141000,0,141000,141000
064704,嘉晶國泰01購01  ,0,0,0,0,0,0,0,0,0,141000,0,0,0,858000,717000,141000,141000
064433,金像電凱基02購01,0,0,0,0,0,0,0,0,0,141000,0,0,0,142000,1000,141000,141000
3406,玉晶光          ,1052000,821000,231000,0,0,0,0,108000,-108000,18000,35000,41000,-6000,61000,37000,24000,141000
08080P,祥碩國票9B售03  ,0,0,0,0,0,0,0,0,0,140000,0,0,0,515000,375000,140000,140000
08010P,大成鋼元大9B售01,0,0,0,0,0,0,0,0,0,140000,0,0,0,170000,30000,140000,140000
059546,FBVIX群益99購03 ,0,0,0,0,0,0,0,0,0,140000,0,0,0,140000,0,140000,140000
061844,T50反1國票9C購02,0,0,0,0,0,0,0,0,0,140000,0,0,0,140000,0,140000,140000
064646,群創凱基02購01  ,0,0,0,0,0,0,0,0,0,140000,0,0,0,218000,78000,140000,140000
065569,智邦群益01購01  ,0,0,0,0,0,0,0,0,0,140000,0,0,0,140000,0,140000,140000
065559,超眾凱基9C購03  ,0,0,0,0,0,0,0,0,0,140000,0,0,0,140000,0,140000,140000
064751,亞德客凱基9C購02,0,0,0,0,0,0,0,0,0,140000,0,0,0,140000,0,140000,140000
2388,威盛            ,396000,256000,140000,0,0,0,0,0,0,0,0,0,0,0,0,0,140000
6491,晶碩            ,141000,202000,-61000,0,0,0,162000,0,162000,39000,0,10000,-10000,91000,42000,49000,140000
08062P,華擎國票9B售03  ,0,0,0,0,0,0,0,0,0,139000,0,0,0,290000,151000,139000,139000
057357,超眾統一98購01  ,0,0,0,0,0,0,0,0,0,139000,0,0,0,140000,1000,139000,139000
058510,全新元大9B購02  ,0,0,0,0,0,0,0,0,0,139000,0,0,0,141000,2000,139000,139000
057812,友達元大9A購05  ,0,0,0,0,0,0,0,0,0,139000,0,0,0,150000,11000,139000,139000
062080,奇力新元大9B購02,0,0,0,0,0,0,0,0,0,139000,0,0,0,139000,0,139000,139000
061742,奇鋐凱基9B購01  ,0,0,0,0,0,0,0,0,0,139000,0,0,0,159000,20000,139000,139000
064720,長榮航統一02購01,0,0,0,0,0,0,0,0,0,139000,0,0,0,139000,0,139000,139000
064533,技嘉國票01購01  ,0,0,0,0,0,0,0,0,0,139000,0,0,0,139000,0,139000,139000
058160,奇鋐元富99購01  ,0,0,0,0,0,0,0,0,0,138000,0,0,0,140000,2000,138000,138000
056518,美律國票99購01  ,0,0,0,0,0,0,0,0,0,138000,0,0,0,138000,0,138000,138000
054318,台虹凱基98購01  ,0,0,0,0,0,0,0,0,0,138000,0,0,0,368000,230000,138000,138000
062096,神隆永豐9B購01  ,0,0,0,0,0,0,0,0,0,138000,0,0,0,138000,0,138000,138000
059832,超眾康和99購01  ,0,0,0,0,0,0,0,0,0,138000,0,0,0,138000,0,138000,138000
063458,正隆元大9B購01  ,0,0,0,0,0,0,0,0,0,138000,0,0,0,188000,50000,138000,138000
4104,佳醫            ,156000,16000,140000,0,0,0,0,0,0,-2000,0,2000,-2000,0,0,0,138000
6224,聚鼎            ,247000,210000,37000,0,0,0,0,0,0,101000,101000,0,101000,0,0,0,138000
2020,美亞            ,160000,22000,138000,0,0,0,0,0,0,-1000,0,1000,-1000,0,0,0,137000
066102,國揚國票02購01  ,0,0,0,0,0,0,0,0,0,137000,0,0,0,175000,38000,137000,137000
06721P,臺股指中信9A售03,0,0,0,0,0,0,0,0,0,137000,0,0,0,359000,222000,137000,137000
058202,鴻海凱基9A購04  ,0,0,0,0,0,0,0,0,0,137000,0,0,0,164000,27000,137000,137000
064816,訊芯元大9C購01  ,0,0,0,0,0,0,0,0,0,137000,0,0,0,442000,305000,137000,137000
055415,禾伸堂富邦9B購01,0,0,0,0,0,0,0,0,0,136000,0,0,0,146000,10000,136000,136000
057788,嘉聯益國票99購01,0,0,0,0,0,0,0,0,0,136000,0,0,0,136000,0,136000,136000
062167,燿華永豐9B購01  ,0,0,0,0,0,0,0,0,0,136000,0,0,0,136000,0,136000,136000
066378,超眾兆豐03購01  ,0,0,0,0,0,0,0,0,0,135000,0,0,0,168000,33000,135000,135000
08374P,緯穎凱基9C售01  ,0,0,0,0,0,0,0,0,0,135000,0,0,0,141000,6000,135000,135000
058645,康控富邦01購01  ,0,0,0,0,0,0,0,0,0,135000,0,0,0,608000,473000,135000,135000
062235,億光凱基9B購01  ,0,0,0,0,0,0,0,0,0,135000,0,0,0,190000,55000,135000,135000
062502,旺宏群益9C購01  ,0,0,0,0,0,0,0,0,0,135000,0,0,0,180000,45000,135000,135000
056464,臺股指凱基99購06,0,0,0,0,0,0,0,0,0,135000,0,0,0,135000,0,135000,135000
060920,超眾富邦9B購01  ,0,0,0,0,0,0,0,0,0,135000,0,0,0,343000,208000,135000,135000
066468,申豐統一02購01  ,0,0,0,0,0,0,0,0,0,134000,0,0,0,591000,457000,134000,134000
065986,金像電永豐01購03,0,0,0,0,0,0,0,0,0,134000,0,0,0,141000,7000,134000,134000
059787,奇力新元大9A購02,0,0,0,0,0,0,0,0,0,134000,0,0,0,134000,0,134000,134000
064894,漢唐群益9C購02  ,0,0,0,0,0,0,0,0,0,134000,0,0,0,249000,115000,134000,134000
063788,矽創統一02購01  ,0,0,0,0,0,0,0,0,0,134000,0,0,0,341000,207000,134000,134000
056113,新日興兆豐98購01,0,0,0,0,0,0,0,0,0,133000,0,0,0,163000,30000,133000,133000
057782,台積電國票99購07,0,0,0,0,0,0,0,0,0,133000,0,0,0,330000,197000,133000,133000
061478,奇鋐元大9A購01  ,0,0,0,0,0,0,0,0,0,133000,0,0,0,272000,139000,133000,133000
064497,可成元大01購02  ,0,0,0,0,0,0,0,0,0,133000,0,0,0,171000,38000,133000,133000
065668,南亞科凱基9C購02,0,0,0,0,0,0,0,0,0,133000,0,0,0,157000,24000,133000,133000
065455,金寶元富9C購01  ,0,0,0,0,0,0,0,0,0,133000,0,0,0,233000,100000,133000,133000
062741,立積國票9B購02  ,0,0,0,0,0,0,0,0,0,132000,0,0,0,133000,1000,132000,132000
061528,超眾凱基9A購04  ,0,0,0,0,0,0,0,0,0,132000,0,0,0,132000,0,132000,132000
063996,貿聯群益9C購01  ,0,0,0,0,0,0,0,0,0,132000,0,0,0,132000,0,132000,132000
2340,光磊            ,745000,609000,136000,0,0,0,0,0,0,-4000,0,4000,-4000,0,0,0,132000
5269,祥碩            ,541000,309285,231715,0,0,0,1000,57000,-56000,-44000,7000,48000,-41000,0,3000,-3000,131715
066137,智易群益01購01  ,0,0,0,0,0,0,0,0,0,131000,0,0,0,131000,0,131000,131000
066682,聯詠兆豐03購01  ,0,0,0,0,0,0,0,0,0,131000,0,0,0,161000,30000,131000,131000
057937,神達群益98購02  ,0,0,0,0,0,0,0,0,0,131000,0,0,0,178000,47000,131000,131000
057699,可成群益9A購02  ,0,0,0,0,0,0,0,0,0,131000,0,0,0,221000,90000,131000,131000
060960,金像電凱基9B購01,0,0,0,0,0,0,0,0,0,131000,0,0,0,176000,45000,131000,131000
062982,同欣電元富9B購01,0,0,0,0,0,0,0,0,0,131000,0,0,0,282000,151000,131000,131000
064196,健策群益01購01  ,0,0,0,0,0,0,0,0,0,131000,0,0,0,217000,86000,131000,131000
2206,三陽工業        ,246000,115000,131000,0,0,0,0,0,0,0,0,0,0,0,0,0,131000
8016,矽創            ,375000,246000,129000,0,0,0,0,0,0,2000,0,0,0,13000,11000,2000,131000
9907,統一實          ,264000,133000,131000,0,0,0,0,0,0,0,0,0,0,0,0,0,131000
07189P,聯發科富邦9B售03,0,0,0,0,0,0,0,0,0,130000,0,0,0,130000,0,130000,130000
066229,力山富邦04購01  ,0,0,0,0,0,0,0,0,0,130000,0,0,0,130000,0,130000,130000
066587,台船群益01購01  ,0,0,0,0,0,0,0,0,0,130000,0,0,0,130000,0,130000,130000
08065P,瑞昱凱基9B售03  ,0,0,0,0,0,0,0,0,0,130000,0,0,0,130000,0,130000,130000
1733,五鼎            ,261000,135000,126000,0,0,0,0,0,0,4000,10000,6000,4000,0,0,0,130000
08705P,臺股指群益01售02,0,0,0,0,0,0,0,0,0,130000,0,0,0,143000,13000,130000,130000
054853,TPK國票98購02   ,0,0,0,0,0,0,0,0,0,130000,0,0,0,130000,0,130000,130000
058170,國巨凱基9A購06  ,0,0,0,0,0,0,0,0,0,130000,0,0,0,130000,0,130000,130000
056492,全新國泰9A購01  ,0,0,0,0,0,0,0,0,0,130000,0,0,0,130000,0,130000,130000
061593,智原永豐9A購01  ,0,0,0,0,0,0,0,0,0,130000,0,0,0,178000,48000,130000,130000
059937,旺宏永豐99購03  ,0,0,0,0,0,0,0,0,0,130000,0,0,0,130000,0,130000,130000
064522,華擎群益01購01  ,0,0,0,0,0,0,0,0,0,130000,0,0,0,132000,2000,130000,130000
065911,超眾永豐9C購01  ,0,0,0,0,0,0,0,0,0,130000,0,0,0,167000,37000,130000,130000
065787,奇鋐永豐9C購01  ,0,0,0,0,0,0,0,0,0,130000,0,0,0,130000,0,130000,130000
065170,智邦元大9C購07  ,0,0,0,0,0,0,0,0,0,130000,0,0,0,150000,20000,130000,130000
056871,新日興日盛99購01,0,0,0,0,0,0,0,0,0,129000,0,0,0,129000,0,129000,129000
062937,旺宏凱基9B購08  ,0,0,0,0,0,0,0,0,0,129000,0,0,0,149000,20000,129000,129000
061344,禾伸堂元大9A購02,0,0,0,0,0,0,0,0,0,129000,0,0,0,170000,41000,129000,129000
064835,嘉晶統一02購01  ,0,0,0,0,0,0,0,0,0,129000,0,0,0,346000,217000,129000,129000
065497,台積電富邦03購03,0,0,0,0,0,0,0,0,0,129000,0,0,0,129000,0,129000,129000
064203,康控兆豐9C購02  ,0,0,0,0,0,0,0,0,0,129000,0,0,0,169000,40000,129000,129000
063798,台積電凱基02購03,0,0,0,0,0,0,0,0,0,129000,0,0,0,130000,1000,129000,129000
08394P,大立光群益9C售05,0,0,0,0,0,0,0,0,0,128000,0,0,0,140000,12000,128000,128000
07709P,創意元大9A售01  ,0,0,0,0,0,0,0,0,0,128000,0,0,0,454000,326000,128000,128000
066766,嘉澤永豐01購01  ,0,0,0,0,0,0,0,0,0,128000,0,0,0,180000,52000,128000,128000
058972,新日興永豐9A購01,0,0,0,0,0,0,0,0,0,128000,0,0,0,128000,0,128000,128000
063729,國巨元大9C購08  ,0,0,0,0,0,0,0,0,0,128000,0,0,0,185000,57000,128000,128000
065269,貿聯元大9C購05  ,0,0,0,0,0,0,0,0,0,128000,0,0,0,790000,662000,128000,128000
07504P,聯詠元大9A售02  ,0,0,0,0,0,0,0,0,0,127000,0,0,0,127000,0,127000,127000
056483,TPK元大98購01   ,0,0,0,0,0,0,0,0,0,127000,0,0,0,157000,30000,127000,127000
063195,訊連元富9B購01  ,0,0,0,0,0,0,0,0,0,127000,0,0,0,128000,1000,127000,127000
065385,億豐元大03購01  ,0,0,0,0,0,0,0,0,0,127000,0,0,0,223000,96000,127000,127000
07531P,大立光國泰9B售03,0,0,0,0,0,0,0,0,0,126000,0,0,0,126000,0,126000,126000
066533,南茂元富01購01  ,0,0,0,0,0,0,0,0,0,126000,0,0,0,126000,0,126000,126000
058319,大毅永豐9A購01  ,0,0,0,0,0,0,0,0,0,126000,0,0,0,141000,15000,126000,126000
063147,東元元富9B購01  ,0,0,0,0,0,0,0,0,0,126000,0,0,0,274000,148000,126000,126000
062909,大立光元大9C購04,0,0,0,0,0,0,0,0,0,126000,0,0,0,126000,0,126000,126000
060288,群光元大9C購01  ,0,0,0,0,0,0,0,0,0,126000,0,0,0,367000,241000,126000,126000
061550,聯鈞群益9A購03  ,0,0,0,0,0,0,0,0,0,126000,0,0,0,126000,0,126000,126000
065924,東元國票02購01  ,0,0,0,0,0,0,0,0,0,126000,0,0,0,126000,0,126000,126000
065173,可成元大9C購10  ,0,0,0,0,0,0,0,0,0,126000,0,0,0,140000,14000,126000,126000
064084,群創中信06購02  ,0,0,0,0,0,0,0,0,0,126000,0,0,0,159000,33000,126000,126000
066426,台勝科元大01購02,0,0,0,0,0,0,0,0,0,125000,0,0,0,195000,70000,125000,125000
066349,聚碩永豐01購01  ,0,0,0,0,0,0,0,0,0,125000,0,0,0,135000,10000,125000,125000
08606P,聯發科國票9C售05,0,0,0,0,0,0,0,0,0,125000,0,0,0,194000,69000,125000,125000
058587,台積電中信9C購03,0,0,0,0,0,0,0,0,0,125000,0,0,0,125000,0,125000,125000
062438,台光電元大9B購04,0,0,0,0,0,0,0,0,0,125000,0,0,0,306000,181000,125000,125000
060313,淘帝永豐9A購01  ,0,0,0,0,0,0,0,0,0,125000,0,0,0,165000,40000,125000,125000
063238,漢唐元大9B購02  ,0,0,0,0,0,0,0,0,0,125000,0,0,0,125000,0,125000,125000
061335,國巨元大9A購19  ,0,0,0,0,0,0,0,0,0,125000,0,0,0,150000,25000,125000,125000
063799,華邦電凱基9C購02,0,0,0,0,0,0,0,0,0,125000,0,0,0,135000,10000,125000,125000
063669,宏達電統一9C購01,0,0,0,0,0,0,0,0,0,125000,0,0,0,125000,0,125000,125000
065965,國巨元大01購05  ,0,0,0,0,0,0,0,0,0,125000,0,0,0,150000,25000,125000,125000
065411,旺宏永豐9C購02  ,0,0,0,0,0,0,0,0,0,125000,0,0,0,125000,0,125000,125000
065520,台勝科群益9C購03,0,0,0,0,0,0,0,0,0,125000,0,0,0,125000,0,125000,125000
2727,王品            ,181000,56000,125000,0,0,0,0,0,0,0,0,0,0,0,0,0,125000
1709,和益            ,344000,220000,124000,0,0,0,0,0,0,0,0,0,0,0,0,0,124000
07802P,瑞昱永豐9A售03  ,0,0,0,0,0,0,0,0,0,124000,0,0,0,124000,0,124000,124000
057882,華通群益9A購03  ,0,0,0,0,0,0,0,0,0,124000,0,0,0,145000,21000,124000,124000
054819,裕民元大9A購01  ,0,0,0,0,0,0,0,0,0,124000,0,0,0,240000,116000,124000,124000
059867,華邦電凱基99購02,0,0,0,0,0,0,0,0,0,124000,0,0,0,124000,0,124000,124000
059742,富邦金元富99購01,0,0,0,0,0,0,0,0,0,124000,0,0,0,177000,53000,124000,124000
065788,緯創永豐9C購02  ,0,0,0,0,0,0,0,0,0,124000,0,0,0,192000,68000,124000,124000
065339,旺宏統一01購08  ,0,0,0,0,0,0,0,0,0,124000,0,0,0,124000,0,124000,124000
064735,群創元富9C購02  ,0,0,0,0,0,0,0,0,0,124000,0,0,0,257000,133000,124000,124000
055437,禾伸堂中信99購01,0,0,0,0,0,0,0,0,0,123000,0,0,0,134000,11000,123000,123000
053396,漢唐中信9A購01  ,0,0,0,0,0,0,0,0,0,123000,0,0,0,499000,376000,123000,123000
060058,牧德凱基9B購01  ,0,0,0,0,0,0,0,0,0,123000,0,0,0,139000,16000,123000,123000
060130,瀚宇博永豐99購02,0,0,0,0,0,0,0,0,0,123000,0,0,0,130000,7000,123000,123000
060364,奇力新元富9A購01,0,0,0,0,0,0,0,0,0,123000,0,0,0,194000,71000,123000,123000
063168,台表科永豐9B購01,0,0,0,0,0,0,0,0,0,123000,0,0,0,352000,229000,123000,123000
064761,神達凱基9C購01  ,0,0,0,0,0,0,0,0,0,123000,0,0,0,357000,234000,123000,123000
063567,漢唐元大9B購03  ,0,0,0,0,0,0,0,0,0,123000,0,0,0,134000,11000,123000,123000
08214P,南六統一9B售03  ,0,0,0,0,0,0,0,0,0,122000,0,0,0,847000,725000,122000,122000
057823,神達元大98購01  ,0,0,0,0,0,0,0,0,0,122000,0,0,0,692000,570000,122000,122000
061552,南六群益9A購02  ,0,0,0,0,0,0,0,0,0,122000,0,0,0,132000,10000,122000,122000
060469,台勝科元大9A購02,30000,0,30000,0,0,0,0,0,0,92000,0,0,0,136000,44000,92000,122000
062649,緯穎富邦9B購03  ,0,0,0,0,0,0,0,0,0,122000,0,0,0,125000,3000,122000,122000
063460,智邦元大9B購08  ,0,0,0,0,0,0,0,0,0,122000,0,0,0,138000,16000,122000,122000
064348,TPK元大9C購03   ,0,0,0,0,0,0,0,0,0,122000,0,0,0,122000,0,122000,122000
065688,緯創元富9C購02  ,0,0,0,0,0,0,0,0,0,122000,0,0,0,206000,84000,122000,122000
065708,中磊群益9C購01  ,0,0,0,0,0,0,0,0,0,122000,0,0,0,173000,51000,122000,122000
065479,新日興元大9C購05,0,0,0,0,0,0,0,0,0,122000,0,0,0,128000,6000,122000,122000
1319,東陽            ,323000,202000,121000,0,0,0,0,0,0,0,0,0,0,0,0,0,121000
066044,京元電元大01購01,0,0,0,0,0,0,0,0,0,121000,0,0,0,291000,170000,121000,121000
066740,揚明光元大01購02,0,0,0,0,0,0,0,0,0,121000,0,0,0,121000,0,121000,121000
057914,日月光日盛9A購01,0,0,0,0,0,0,0,0,0,121000,0,0,0,121000,0,121000,121000
057944,新日興國票99購02,0,0,0,0,0,0,0,0,0,121000,0,0,0,121000,0,121000,121000
00641R,富邦日本反1     ,0,0,0,0,0,0,0,0,0,121000,0,0,0,245000,124000,121000,121000
058929,可成統一9C購01  ,0,0,0,0,0,0,0,0,0,121000,0,0,0,153000,32000,121000,121000
062636,聯鈞國票9B購01  ,0,0,0,0,0,0,0,0,0,121000,0,0,0,146000,25000,121000,121000
060029,嘉晶永豐99購03  ,0,0,0,0,0,0,0,0,0,121000,0,0,0,141000,20000,121000,121000
063450,華新科統一02購01,0,0,0,0,0,0,0,0,0,121000,0,0,0,161000,40000,121000,121000
063816,TPK群益9C購01   ,0,0,0,0,0,0,0,0,0,121000,0,0,0,130000,9000,121000,121000
066739,揚明光元大01購01,0,0,0,0,0,0,0,0,0,120000,0,0,0,121000,1000,120000,120000
07146P,瑞昱元大99售02  ,0,0,0,0,0,0,0,0,0,120000,0,0,0,120000,0,120000,120000
07994P,臺股指群益9B售04,0,0,0,0,0,0,0,0,0,120000,0,0,0,120000,0,120000,120000
055579,健策統一9A購01  ,0,0,0,0,0,0,0,0,0,120000,0,0,0,132000,12000,120000,120000
060030,晶相光永豐99購03,0,0,0,0,0,0,0,0,0,120000,0,0,0,120000,0,120000,120000
061572,奇力新元大9A購04,0,0,0,0,0,0,0,0,0,120000,0,0,0,120000,0,120000,120000
061634,遠東新元大9A購01,0,0,0,0,0,0,0,0,0,120000,0,0,0,120000,0,120000,120000
062031,臻鼎群益9B購01  ,0,0,0,0,0,0,0,0,0,120000,0,0,0,206000,86000,120000,120000
061489,高鐵兆豐9A購01  ,0,0,0,0,0,0,0,0,0,120000,0,0,0,120000,0,120000,120000
063807,超眾兆豐01購01  ,0,0,0,0,0,0,0,0,0,120000,0,0,0,120000,0,120000,120000
064357,中橡統一9C購01  ,0,0,0,0,0,0,0,0,0,120000,0,0,0,159000,39000,120000,120000
064540,神達麥證01購01  ,0,0,0,120000,0,120000,0,0,0,120000,0,0,0,120000,0,120000,120000
065042,國產凱基02購01  ,0,0,0,0,0,0,0,0,0,120000,0,0,0,259000,139000,120000,120000
057270,遠東新元大98購01,0,0,0,0,0,0,0,0,0,119000,0,0,0,119000,0,119000,119000
057176,全新元大99購02  ,0,0,0,0,0,0,0,0,0,119000,0,0,0,129000,10000,119000,119000
062247,國巨元大9B購07  ,0,0,0,0,0,0,0,0,0,119000,0,0,0,146000,27000,119000,119000
062098,億光永豐9B購01  ,0,0,0,0,0,0,0,0,0,119000,0,0,0,152000,33000,119000,119000
065821,億豐元富03購01  ,0,0,0,0,0,0,0,0,0,119000,0,0,0,244000,125000,119000,119000
064448,裕隆統一02購01  ,0,0,0,0,0,0,0,0,0,119000,0,0,0,350000,231000,119000,119000
063483,致新元大9B購03  ,0,0,0,0,0,0,0,0,0,119000,0,0,0,120000,1000,119000,119000
08263P,台表科元大9C售06,0,0,0,0,0,0,0,0,0,118000,0,0,0,569000,451000,118000,118000
066302,卜蜂永豐01購01  ,0,0,0,0,0,0,0,0,0,118000,0,0,0,118000,0,118000,118000
062615,亞德客元大9B購02,0,0,0,0,0,0,0,0,0,118000,0,0,0,193000,75000,118000,118000
060570,南亞科永豐9A購01,0,0,0,0,0,0,0,0,0,118000,0,0,0,122000,4000,118000,118000
063772,智邦富邦9B購02  ,0,0,0,0,0,0,0,0,0,118000,0,0,0,131000,13000,118000,118000
065779,台勝科國泰01購02,0,0,0,0,0,0,0,0,0,118000,0,0,0,200000,82000,118000,118000
065583,超眾國泰02購01  ,0,0,0,0,0,0,0,0,0,118000,0,0,0,118000,0,118000,118000
066128,台積電群益02購01,0,0,0,0,0,0,0,0,0,117000,0,0,0,286000,169000,117000,117000
066082,康友國泰03購01  ,0,0,0,0,0,0,0,0,0,117000,0,0,0,219000,102000,117000,117000
056864,新日興群益99購01,0,0,0,0,0,0,0,0,0,117000,0,0,0,117000,0,117000,117000
060978,國巨元大9A購13  ,0,0,0,0,0,0,0,0,0,117000,0,0,0,144000,27000,117000,117000
060144,全新國票9B購01  ,0,0,0,0,0,0,0,0,0,117000,0,0,0,126000,9000,117000,117000
065843,瑞昱元大9C購03  ,0,0,0,0,0,0,0,0,0,117000,0,0,0,200000,83000,117000,117000
065213,南六國票01購03  ,0,0,0,0,0,0,0,0,0,117000,0,0,0,127000,10000,117000,117000
065199,華擎元富03購01  ,0,0,0,0,0,0,0,0,0,117000,0,0,0,247000,130000,117000,117000
063497,東元永豐9B購01  ,0,0,0,0,0,0,0,0,0,117000,0,0,0,117000,0,117000,117000
2351,順德            ,152000,54000,98000,0,0,0,0,0,0,19000,0,0,0,19000,0,19000,117000
066048,奇鋐元大01購01  ,0,1000,-1000,0,0,0,0,0,0,117000,0,0,0,740000,623000,117000,116000
066141,盛群群益01購01  ,0,0,0,0,0,0,0,0,0,116000,0,0,0,296000,180000,116000,116000
057960,聯鈞元大98購02  ,0,0,0,0,0,0,0,0,0,116000,0,0,0,131000,15000,116000,116000
063126,TPK元大9B購01   ,0,0,0,0,0,0,0,0,0,116000,0,0,0,116000,0,116000,116000
065260,金像電元大9C購07,0,0,0,0,0,0,0,0,0,116000,0,0,0,228000,112000,116000,116000
066056,聯鈞元大01購02  ,0,0,0,0,0,0,0,0,0,115000,0,0,0,138000,23000,115000,115000
066032,矽格群益01購01  ,0,0,0,0,0,0,0,0,0,115000,0,0,0,199000,84000,115000,115000
066126,南港群益01購01  ,0,0,0,0,0,0,0,0,0,115000,0,0,0,126000,11000,115000,115000
06896P,信邦中信98售01  ,0,0,0,0,0,0,0,0,0,115000,0,0,0,115000,0,115000,115000
057151,易華電國票99購01,0,0,0,0,0,0,0,0,0,115000,0,0,0,120000,5000,115000,115000
058360,台光電凱基9A購02,0,0,0,0,0,0,0,0,0,115000,0,0,0,145000,30000,115000,115000
058901,美律元大99購07  ,0,0,0,0,0,0,0,0,0,115000,0,0,0,115000,0,115000,115000
059090,台新金元大99購01,0,0,0,0,0,0,0,0,0,115000,0,0,0,115000,0,115000,115000
059044,聯電日盛99購02  ,0,0,0,0,0,0,0,0,0,115000,0,0,0,115000,0,115000,115000
060782,道瓊指富邦9C購01,0,0,0,0,0,0,0,0,0,115000,0,0,0,115000,0,115000,115000
065439,台積電麥證9C購01,0,0,0,115000,0,115000,0,0,0,115000,0,0,0,115000,0,115000,115000
063715,鈺齊凱基9C購01  ,0,0,0,0,0,0,0,0,0,115000,0,0,0,115000,0,115000,115000
06935P,神達元大98售02  ,0,0,0,0,0,0,0,0,0,114000,0,0,0,114000,0,114000,114000
065985,金像電永豐01購02,0,0,0,0,0,0,0,0,0,114000,0,0,0,124000,10000,114000,114000
057839,台積電富邦9A購02,0,0,0,0,0,0,0,0,0,114000,0,0,0,179000,65000,114000,114000
060109,茂林元大99購05  ,0,0,0,0,0,0,0,0,0,114000,0,0,0,190000,76000,114000,114000
063222,群創群益9B購03  ,0,0,0,0,0,0,0,0,0,114000,0,0,0,120000,6000,114000,114000
063313,南亞科群益9B購02,0,0,0,0,0,0,0,0,0,114000,0,0,0,194000,80000,114000,114000
062744,超眾國泰9C購01  ,0,0,0,0,0,0,0,0,0,114000,0,0,0,114000,0,114000,114000
064585,中壽永豐9C購01  ,0,0,0,0,0,0,0,0,0,114000,0,0,0,114000,0,114000,114000
064581,葡萄王永豐9C購01,0,0,0,0,0,0,0,0,0,114000,0,0,0,124000,10000,114000,114000
064690,台光電群益9C購02,0,0,0,0,0,0,0,0,0,114000,0,0,0,203000,89000,114000,114000
065597,旺宏元大01購03  ,0,0,0,0,0,0,0,0,0,114000,0,0,0,347000,233000,114000,114000
1309,台達化          ,474000,466000,8000,0,0,0,0,0,0,105000,105000,0,105000,0,0,0,113000
062487,中興電永豐9B購01,0,0,0,0,0,0,0,0,0,113000,0,0,0,113000,0,113000,113000
065886,中磊元富9C購01  ,0,0,0,0,0,0,0,0,0,113000,0,0,0,237000,124000,113000,113000
065290,奇鋐群益9C購01  ,0,0,0,0,0,0,0,0,0,113000,0,0,0,113000,0,113000,113000
065110,嘉澤國票01購01  ,0,0,0,0,0,0,0,0,0,113000,0,0,0,216000,103000,113000,113000
064501,大立光元大01購02,0,0,0,0,0,0,0,0,0,113000,0,0,0,113000,0,113000,113000
064264,智伸科永豐9C購01,0,0,0,0,0,0,0,0,0,113000,0,0,0,240000,127000,113000,113000
064023,智邦元大9C購02  ,0,0,0,0,0,0,0,0,0,113000,0,0,0,131000,18000,113000,113000
2608,嘉里大榮        ,132000,19000,113000,0,0,0,0,0,0,0,0,0,0,0,0,0,113000
058474,鴻海凱基9A購06  ,0,0,0,0,0,0,0,0,0,112000,0,0,0,126000,14000,112000,112000
058116,正崴中信99購02  ,0,0,0,0,0,0,0,0,0,112000,0,0,0,112000,0,112000,112000
057660,訊芯兆豐98購02  ,0,0,0,0,0,0,0,0,0,112000,0,0,0,122000,10000,112000,112000
056136,京鼎元大98購01  ,0,0,0,0,0,0,0,0,0,112000,0,0,0,216000,104000,112000,112000
00668,國泰美國道瓊    ,6000,0,6000,0,0,0,0,0,0,106000,0,0,0,128000,22000,106000,112000
063315,京元電群益9B購03,0,0,0,0,0,0,0,0,0,112000,0,0,0,116000,4000,112000,112000
060906,旺宏元大9A購07  ,0,0,0,0,0,0,0,0,0,112000,0,0,0,112000,0,112000,112000
060249,正文元大9C購01  ,0,0,0,0,0,0,0,0,0,112000,0,0,0,117000,5000,112000,112000
064651,GIS凱基9C購02   ,0,0,0,0,0,0,0,0,0,112000,0,0,0,132000,20000,112000,112000
065705,嘉晶群益9C購05  ,0,0,0,0,0,0,0,0,0,112000,0,0,0,243000,131000,112000,112000
065989,泰碩永豐01購01  ,0,0,0,0,0,0,0,0,0,111000,0,0,0,115000,4000,111000,111000
058146,勤誠元大99購01  ,0,0,0,0,0,0,0,0,0,111000,0,0,0,111000,0,111000,111000
058631,鈺齊國票9A購01  ,0,0,0,0,0,0,0,0,0,111000,0,0,0,112000,1000,111000,111000
060341,國巨統一9C購02  ,0,0,0,0,0,0,0,0,0,111000,0,0,0,112000,1000,111000,111000
065938,文曄群益01購01  ,0,0,0,0,0,0,0,0,0,111000,0,0,0,203000,92000,111000,111000
064506,康控元大9C購02  ,0,0,0,0,0,0,0,0,0,111000,0,0,0,139000,28000,111000,111000
063892,旺宏群益01購01  ,0,0,0,0,0,0,0,0,0,111000,0,0,0,118000,7000,111000,111000
3712,永崴投控        ,131000,10000,121000,0,0,0,0,0,0,-10000,0,0,0,20000,30000,-10000,111000
066184,鎧勝凱基01購01  ,0,0,0,0,0,0,0,0,0,110000,0,0,0,126000,16000,110000,110000
066180,正文凱基01購01  ,0,0,0,0,0,0,0,0,0,110000,0,0,0,116000,6000,110000,110000
06834P,訊芯群益99售02  ,0,0,0,0,0,0,0,0,0,110000,0,0,0,110000,0,110000,110000
061515,泰碩永豐9A購03  ,0,0,0,0,0,0,0,0,0,110000,0,0,0,110000,0,110000,110000
057051,群創元大9B購03  ,0,0,0,0,0,0,0,0,0,110000,0,0,0,110000,0,110000,110000
062736,漢唐國票9B購01  ,0,0,0,0,0,0,0,0,0,110000,0,0,0,138000,28000,110000,110000
062716,鴻海凱基9B購06  ,0,0,0,0,0,0,0,0,0,110000,0,0,0,123000,13000,110000,110000
061186,牧德國泰9C購01  ,0,0,0,0,0,0,0,0,0,110000,0,0,0,120000,10000,110000,110000
061355,康友元大9A購03  ,0,0,0,0,0,0,0,0,0,110000,0,0,0,129000,19000,110000,110000
061879,超眾元大9C購01  ,0,0,0,0,0,0,0,0,0,110000,0,0,0,190000,80000,110000,110000
059907,道瓊指元大99購03,0,0,0,0,0,0,0,0,0,110000,0,0,0,110000,0,110000,110000
061518,達方永豐9A購02  ,0,0,0,0,0,0,0,0,0,110000,0,0,0,195000,85000,110000,110000
060982,旺宏元大9A購09  ,0,0,0,0,0,0,0,0,0,110000,0,0,0,111000,1000,110000,110000
063557,聚陽元大9B購01  ,0,0,0,0,0,0,0,0,0,110000,0,0,0,220000,110000,110000,110000
064410,超眾凱基02購01  ,0,0,0,0,0,0,0,0,0,110000,0,0,0,185000,75000,110000,110000
064293,勤誠元大9C購01  ,0,0,0,0,0,0,0,0,0,110000,0,0,0,142000,32000,110000,110000
065760,和碩元大9C購02  ,0,0,0,0,0,0,0,0,0,110000,0,0,0,260000,150000,110000,110000
066196,南港統一03購01  ,0,0,0,0,0,0,0,0,0,109000,0,0,0,565000,456000,109000,109000
057346,鴻海統一98購13  ,0,0,0,0,0,0,0,0,0,109000,0,0,0,140000,31000,109000,109000
060924,大毅永豐9A購03  ,0,0,0,0,0,0,0,0,0,109000,0,0,0,109000,0,109000,109000
060909,金像電元大9B購01,0,0,0,0,0,0,0,0,0,109000,0,0,0,110000,1000,109000,109000
064099,億光群益9C購01  ,0,0,0,0,0,0,0,0,0,109000,0,0,0,133000,24000,109000,109000
1457,宜進            ,138000,30000,108000,0,0,0,0,0,0,0,0,0,0,0,0,0,108000
08556P,臺股指中信01售08,0,0,0,0,0,0,0,0,0,108000,0,0,0,121000,13000,108000,108000
051887,上証2X元富98購01,0,0,0,0,0,0,0,0,0,108000,0,0,0,108000,0,108000,108000
058047,可成元大98購11  ,0,0,0,0,0,0,0,0,0,108000,0,0,0,113000,5000,108000,108000
062350,台表科群益9B購01,0,0,0,0,0,0,0,0,0,108000,0,0,0,131000,23000,108000,108000
059031,元石油中信03購01,0,0,0,0,0,0,0,0,0,108000,0,0,0,108000,0,108000,108000
064285,貿聯元大9C購02  ,0,0,0,0,0,0,0,0,0,108000,0,0,0,112000,4000,108000,108000
065433,緯創凱基9C購01  ,0,0,0,0,0,0,0,0,0,108000,0,0,0,132000,24000,108000,108000
065527,巨大群益9C購03  ,0,0,0,0,0,0,0,0,0,108000,0,0,0,118000,10000,108000,108000
065332,漢唐國票01購02  ,0,0,0,0,0,0,0,0,0,108000,0,0,0,131000,23000,108000,108000
2511,太子            ,147000,39000,108000,0,0,0,0,0,0,0,0,0,0,0,0,0,108000
2420,新巨            ,115000,7000,108000,0,0,0,0,0,0,0,0,0,0,0,0,0,108000
08229P,祥碩國票9B售04  ,0,0,0,0,0,0,0,0,0,107000,0,0,0,131000,24000,107000,107000
058900,旺宏元大99購11  ,0,0,0,0,0,0,0,0,0,107000,0,0,0,107000,0,107000,107000
059155,台表科日盛99購01,0,0,0,0,0,0,0,0,0,107000,0,0,0,109000,2000,107000,107000
061187,瀚宇博國泰9C購01,0,0,0,0,0,0,0,0,0,107000,0,0,0,107000,0,107000,107000
065351,中租統一02購02  ,0,0,0,0,0,0,0,0,0,107000,0,0,0,107000,0,107000,107000
064786,GIS群益9C購04   ,0,0,0,0,0,0,0,0,0,107000,0,0,0,118000,11000,107000,107000
063783,儒鴻中信9C購01  ,0,0,0,0,0,0,0,0,0,107000,0,0,0,107000,0,107000,107000
2357,華碩            ,734243,732000,2243,0,0,0,120000,5000,115000,-11000,0,2000,-2000,12000,21000,-9000,106243
066293,惠特元大02購01  ,0,0,0,0,0,0,0,0,0,106000,0,0,0,819000,713000,106000,106000
062340,力成麥證9B購01  ,0,0,0,106000,0,106000,0,0,0,106000,0,0,0,106000,0,106000,106000
059197,可成永豐99購02  ,0,0,0,0,0,0,0,0,0,106000,0,0,0,109000,3000,106000,106000
061543,南亞科群益9A購01,0,0,0,0,0,0,0,0,0,106000,0,0,0,114000,8000,106000,106000
064367,貿聯統一01購02  ,0,0,0,0,0,0,0,0,0,106000,0,0,0,263000,157000,106000,106000
064226,TPK國票01購01   ,0,0,0,0,0,0,0,0,0,106000,0,0,0,106000,0,106000,106000
065648,華擎元大01購02  ,0,0,0,0,0,0,0,0,0,106000,0,0,0,213000,107000,106000,106000
065859,GIS元大9C購10   ,0,0,0,0,0,0,0,0,0,106000,0,0,0,174000,68000,106000,106000
066428,健策元大02購02  ,0,0,0,0,0,0,0,0,0,105000,0,0,0,140000,35000,105000,105000
06849P,欣興元大98售12  ,0,0,0,0,0,0,0,0,0,105000,0,0,0,1615000,1510000,105000,105000
066708,嘉澤群益02購01  ,0,0,0,0,0,0,0,0,0,105000,0,0,0,105000,0,105000,105000
066817,瀚宇博兆豐03購01,0,0,0,0,0,0,0,0,0,105000,0,0,0,138000,33000,105000,105000
057949,南電國票99購01  ,0,0,0,0,0,0,0,0,0,105000,0,0,0,105000,0,105000,105000
058897,國巨元大99購17  ,0,0,0,0,0,0,0,0,0,105000,0,0,0,147000,42000,105000,105000
058994,道瓊指元大99購01,0,0,0,0,0,0,0,0,0,105000,0,0,0,105000,0,105000,105000
056521,群創日盛98購01  ,0,0,0,0,0,0,0,0,0,105000,0,0,0,105000,0,105000,105000
059956,玉山金康和99購01,0,0,0,0,0,0,0,0,0,105000,0,0,0,160000,55000,105000,105000
060303,宏達電富邦9B購01,0,0,0,0,0,0,0,0,0,105000,0,0,0,158000,53000,105000,105000
060717,康控永豐9A購01  ,0,0,0,0,0,0,0,0,0,105000,0,0,0,147000,42000,105000,105000
064973,智邦元大9C購06  ,0,0,0,0,0,0,0,0,0,105000,0,0,0,144000,39000,105000,105000
064935,寶成統一02購02  ,0,0,0,0,0,0,0,0,0,105000,0,0,0,105000,0,105000,105000
064429,鴻海凱基03購03  ,0,0,0,0,0,0,0,0,0,105000,0,0,0,148000,43000,105000,105000
066519,達方永豐01購01  ,0,0,0,0,0,0,0,0,0,104000,0,0,0,141000,37000,104000,104000
08235P,南電國泰9C售03  ,0,0,0,0,0,0,0,0,0,104000,0,0,0,134000,30000,104000,104000
052890,FB上証群益9B購01,0,0,0,0,0,0,0,0,0,104000,0,0,0,124000,20000,104000,104000
058947,SGBR2X群益9B購02,0,0,0,0,0,0,0,0,0,104000,0,0,0,115000,11000,104000,104000
055023,億光國泰98購01  ,0,0,0,0,0,0,0,0,0,104000,0,0,0,124000,20000,104000,104000
058048,群創元大9B購07  ,0,0,0,0,0,0,0,0,0,104000,0,0,0,154000,50000,104000,104000
057601,中磊群益98購01  ,0,0,0,0,0,0,0,0,0,104000,0,0,0,105000,1000,104000,104000
060671,亞德客元大9A購03,0,0,0,0,0,0,0,0,0,104000,0,0,0,104000,0,104000,104000
062653,正隆永豐9B購01  ,0,0,0,0,0,0,0,0,0,104000,0,0,0,104000,0,104000,104000
060347,大立光統一02購01,0,0,0,0,0,0,0,0,0,104000,0,0,0,148000,44000,104000,104000
061873,友達元大9C購07  ,0,0,0,0,0,0,0,0,0,104000,0,0,0,142000,38000,104000,104000
064685,裕隆群益9C購01  ,0,0,0,0,0,0,0,0,0,104000,0,0,0,104000,0,104000,104000
063955,TPK元大9C購01   ,0,0,0,0,0,0,0,0,0,104000,0,0,0,106000,2000,104000,104000
064775,和大群益01購01  ,0,0,0,0,0,0,0,0,0,104000,0,0,0,104000,0,104000,104000
065338,旺宏統一01購07  ,0,0,0,0,0,0,0,0,0,104000,0,0,0,104000,0,104000,104000
6552,易華電          ,227000,121000,106000,0,0,0,0,0,0,-2000,0,0,0,0,2000,-2000,104000
066664,嘉晶凱基02購01  ,0,0,0,0,0,0,0,0,0,103000,0,0,0,168000,65000,103000,103000
00728,第一金工業30    ,0,0,0,0,0,0,0,0,0,103000,0,0,0,344000,241000,103000,103000
062896,中興電元大9B購01,0,0,0,0,0,0,0,0,0,103000,0,0,0,136000,33000,103000,103000
061206,旺宏元大9A購12  ,0,0,0,0,0,0,0,0,0,103000,0,0,0,108000,5000,103000,103000
059780,滬深2X元大9C購06,0,0,0,0,0,0,0,0,0,103000,0,0,0,103000,0,103000,103000
061677,泰碩元大9A購05  ,0,0,0,0,0,0,0,0,0,103000,0,0,0,103000,0,103000,103000
060152,上証2X永豐9A購02,0,0,0,0,0,0,0,0,0,103000,0,0,0,103000,0,103000,103000
064840,彩晶統一02購01  ,0,0,0,0,0,0,0,0,0,103000,0,0,0,103000,0,103000,103000
065578,台郡群益9C購02  ,0,0,0,0,0,0,0,0,0,103000,0,0,0,351000,248000,103000,103000
064009,超眾凱基01購01  ,0,0,0,0,0,0,0,0,0,103000,0,0,0,143000,40000,103000,103000
064199,南六群益01購01  ,0,0,0,0,0,0,0,0,0,103000,0,0,0,118000,15000,103000,103000
2399,映泰            ,175000,72000,103000,0,0,0,0,0,0,0,0,0,0,0,0,0,103000
066313,泰豐永豐01購01  ,0,0,0,0,0,0,0,0,0,102000,0,0,0,574000,472000,102000,102000
066207,聯鈞統一01購02  ,0,0,0,0,0,0,0,0,0,102000,0,0,0,102000,0,102000,102000
053413,台積電國票99購01,0,0,0,0,0,0,0,0,0,102000,0,0,0,107000,5000,102000,102000
056497,GIS國泰99購01   ,0,0,0,0,0,0,0,0,0,102000,0,0,0,132000,30000,102000,102000
057452,新日興元富98購01,0,0,0,0,0,0,0,0,0,102000,0,0,0,102000,0,102000,102000
057664,台積電元大9A購03,0,0,0,0,0,0,0,0,0,102000,0,0,0,307000,205000,102000,102000
061244,和碩兆豐9A購01  ,0,0,0,0,0,0,0,0,0,102000,0,0,0,167000,65000,102000,102000
064122,國巨元大9C購17  ,0,0,0,0,0,0,0,0,0,102000,0,0,0,109000,7000,102000,102000
064376,美律元富9C購01  ,0,0,0,0,0,0,0,0,0,102000,0,0,0,102000,0,102000,102000
064701,巨大群益9C購02  ,0,0,0,0,0,0,0,0,0,102000,0,0,0,111000,9000,102000,102000
058624,台積電國票99購09,0,0,0,0,0,0,0,0,0,101000,0,0,0,203000,102000,101000,101000
057147,新日興國票99購01,0,0,0,0,0,0,0,0,0,101000,0,0,0,131000,30000,101000,101000
055271,鴻海元大98購03  ,0,0,0,0,0,0,0,0,0,101000,0,0,0,169000,68000,101000,101000
056356,台積電元大99購01,0,0,0,0,0,0,0,0,0,101000,0,0,0,457000,356000,101000,101000
058920,SGBR2X元富99購06,0,0,0,0,0,0,0,0,0,101000,0,0,0,101000,0,101000,101000
061925,禾伸堂凱基9C購01,0,0,0,0,0,0,0,0,0,101000,0,0,0,106000,5000,101000,101000
059363,超眾永豐99購02  ,0,0,0,0,0,0,0,0,0,101000,0,0,0,111000,10000,101000,101000
065935,金像電群益01購03,0,0,0,0,0,0,0,0,0,101000,0,0,0,178000,77000,101000,101000
064811,華擎元大01購01  ,0,0,0,0,0,0,0,0,0,101000,0,0,0,214000,113000,101000,101000
064778,美律群益9C購01  ,0,0,0,0,0,0,0,0,0,101000,0,0,0,138000,37000,101000,101000
065196,技嘉元富06購01  ,0,0,0,0,0,0,0,0,0,101000,0,0,0,111000,10000,101000,101000
066314,台橡永豐01購01  ,0,0,0,0,0,0,0,0,0,100000,0,0,0,100000,0,100000,100000
066575,緯穎元大01購03  ,0,0,0,0,0,0,0,0,0,100000,0,0,0,100000,0,100000,100000
066970,T50反1群益01購05,0,0,0,0,0,0,0,0,0,100000,0,0,0,100000,0,100000,100000
066870,宏達電元富01購01,0,0,0,0,0,0,0,0,0,100000,0,0,0,100000,0,100000,100000
06848P,聯詠元大98售04  ,0,0,0,0,0,0,0,0,0,100000,0,0,0,100000,0,100000,100000
08129P,聯發科元大9B售23,0,0,0,0,0,0,0,0,0,100000,0,0,0,100000,0,100000,100000
07815P,美律群益9A售04  ,0,0,0,0,0,0,0,0,0,100000,0,0,0,100000,0,100000,100000
07706P,長榮航元大9A售03,0,0,0,0,0,0,0,0,0,100000,0,0,0,100000,0,100000,100000
07474P,滬深2X群益9C售03,0,0,0,0,0,0,0,0,0,100000,0,0,0,120000,20000,100000,100000
07309P,聯發科凱基99售18,0,0,0,0,0,0,0,0,0,100000,0,0,0,100000,0,100000,100000
08599P,台表科元大9C售11,0,0,0,0,0,0,0,0,0,100000,0,0,0,120000,20000,100000,100000
058183,國巨富邦9A購06  ,0,0,0,0,0,0,0,0,0,100000,0,0,0,100000,0,100000,100000
056765,友達元大9B購05  ,0,0,0,0,0,0,0,0,0,100000,0,0,0,100000,0,100000,100000
056659,泰碩元大99購01  ,0,0,0,0,0,0,0,0,0,100000,0,0,0,108000,8000,100000,100000
055998,臺股指富邦99購01,0,0,0,0,0,0,0,0,0,100000,0,0,0,100000,0,100000,100000
055679,華通凱基99購01  ,0,0,0,0,0,0,0,0,0,100000,0,0,0,100000,0,100000,100000
052928,美律元大98購01  ,0,0,0,0,0,0,0,0,0,100000,0,0,0,100000,0,100000,100000
049894,嘉聯益富邦98購01,0,0,0,0,0,0,0,0,0,100000,0,0,0,100000,0,100000,100000
055169,光罩統一99購01  ,0,0,0,0,0,0,0,0,0,100000,0,0,0,100000,0,100000,100000
054455,楠梓電群益98購02,0,0,0,0,0,0,0,0,0,100000,0,0,0,100000,0,100000,100000
056796,國巨麥證98購02  ,0,0,0,100000,0,100000,0,0,0,100000,0,0,0,100000,0,100000,100000
057434,國巨國票99購03  ,0,0,0,0,0,0,0,0,0,100000,0,0,0,100000,0,100000,100000
057633,緯穎永豐98購02  ,0,0,0,0,0,0,0,0,0,100000,0,0,0,100000,0,100000,100000
057212,台積電群益98購03,0,0,0,0,0,0,0,0,0,100000,0,0,0,180000,80000,100000,100000
062485,華通國泰01購01  ,0,0,0,0,0,0,0,0,0,100000,0,0,0,100000,0,100000,100000
062461,智伸科群益9B購01,0,0,0,0,0,0,0,0,0,100000,0,0,0,100000,0,100000,100000
062258,奇力新元大9B購03,0,0,0,0,0,0,0,0,0,100000,0,0,0,100000,0,100000,100000
05957P,友達國票97售04  ,0,0,0,0,0,0,0,0,0,100000,0,0,0,100000,0,100000,100000
062586,國巨統一01購06  ,0,0,0,0,0,0,0,0,0,100000,0,0,0,100000,0,100000,100000
059070,道瓊指元大99購02,0,0,0,0,0,0,0,0,0,100000,0,0,0,100000,0,100000,100000
059079,SGBR2X元大99購01,0,0,0,0,0,0,0,0,0,100000,0,0,0,100000,0,100000,100000
059564,鴻海凱基9A購15  ,0,0,0,0,0,0,0,0,0,100000,0,0,0,100000,0,100000,100000
061843,億豐凱基9C購01  ,0,0,0,0,0,0,0,0,0,100000,0,0,0,120000,20000,100000,100000
061983,華新科元大9B購04,0,0,0,0,0,0,0,0,0,100000,0,0,0,100000,0,100000,100000
061978,旺宏元大9C購01  ,0,0,0,0,0,0,0,0,0,100000,0,0,0,100000,0,100000,100000
061294,奇力新麥證9A購01,0,0,0,100000,0,100000,0,0,0,100000,0,0,0,100000,0,100000,100000
061480,泰碩元大9B購01  ,0,0,0,0,0,0,0,0,0,100000,0,0,0,120000,20000,100000,100000
061419,國巨元大9A購21  ,0,0,0,0,0,0,0,0,0,100000,0,0,0,100000,0,100000,100000
061434,國巨麥證9A購04  ,0,0,0,100000,0,100000,0,0,0,100000,0,0,0,100000,0,100000,100000
064875,國巨兆豐01購01  ,0,0,0,0,0,0,0,0,0,100000,0,0,0,100000,0,100000,100000
065967,國巨元大01購07  ,0,0,0,0,0,0,0,0,0,100000,0,0,0,150000,50000,100000,100000
065759,TPK元大9C購05   ,0,0,0,0,0,0,0,0,0,100000,0,0,0,108000,8000,100000,100000
065754,健鼎元大9C購06  ,0,0,0,0,0,0,0,0,0,100000,0,0,0,100000,0,100000,100000
065748,台積電元大01購05,0,0,0,0,0,0,0,0,0,100000,0,0,0,100000,0,100000,100000
065474,旺宏元大9C購06  ,0,0,0,0,0,0,0,0,0,100000,0,0,0,134000,34000,100000,100000
066768,瀚宇博永豐01購01,0,0,0,0,0,0,0,0,0,99000,0,0,0,99000,0,99000,99000
057696,聯電群益9A購01  ,0,0,0,0,0,0,0,0,0,99000,0,0,0,99000,0,99000,99000
056065,奇鋐元大97購01  ,0,0,0,0,0,0,0,0,0,99000,0,0,0,99000,0,99000,99000
057325,可成群益9A購01  ,0,0,0,0,0,0,0,0,0,99000,0,0,0,104000,5000,99000,99000
058909,神達元大99購03  ,0,0,0,0,0,0,0,0,0,99000,0,0,0,152000,53000,99000,99000
061066,嘉晶凱基9B購01  ,0,0,0,0,0,0,0,0,0,99000,0,0,0,110000,11000,99000,99000
061931,力山國票9B購02  ,0,0,0,0,0,0,0,0,0,99000,0,0,0,99000,0,99000,99000
062020,智伸科永豐9B購01,0,0,0,0,0,0,0,0,0,99000,0,0,0,180000,81000,99000,99000
062176,元金2X元大9B購01,0,0,0,0,0,0,0,0,0,99000,0,0,0,100000,1000,99000,99000
065440,台積電麥證9C購02,0,0,0,100000,1000,99000,0,0,0,99000,0,0,0,100000,1000,99000,99000
063601,金像電凱基01購01,0,0,0,0,0,0,0,0,0,99000,0,0,0,99000,0,99000,99000
066567,臻鼎元大01購01  ,0,0,0,0,0,0,0,0,0,98000,0,0,0,200000,102000,98000,98000
00736,國泰新興市場    ,0,1000,-1000,0,0,0,0,0,0,99000,0,0,0,160000,61000,99000,98000
054301,楠梓電凱基98購01,0,0,0,0,0,0,0,0,0,98000,0,0,0,108000,10000,98000,98000
060209,喬山康和9A購01  ,0,0,0,0,0,0,0,0,0,98000,0,0,0,100000,2000,98000,98000
060433,億豐永豐9A購01  ,0,0,0,0,0,0,0,0,0,98000,0,0,0,106000,8000,98000,98000
062958,長榮航麥證9B購01,0,0,0,98000,0,98000,0,0,0,98000,0,0,0,98000,0,98000,98000
063606,TPK凱基9C購01   ,0,0,0,0,0,0,0,0,0,98000,0,0,0,102000,4000,98000,98000
064054,中租統一02購01  ,0,0,0,0,0,0,0,0,0,98000,0,0,0,98000,0,98000,98000
063738,奇鋐元大9B購03  ,0,3000,-3000,0,0,0,0,0,0,101000,0,0,0,391000,290000,101000,98000
064618,南亞科元大9C購04,13000,0,13000,0,0,0,0,0,0,85000,0,0,0,239000,154000,85000,98000
065573,新日興群益01購02,0,0,0,0,0,0,0,0,0,98000,0,0,0,180000,82000,98000,98000
065713,緯穎群益9C購04  ,0,0,0,0,0,0,0,0,0,98000,0,0,0,98000,0,98000,98000
065867,鴻海群益9C購08  ,0,0,0,0,0,0,0,0,0,98000,0,0,0,99000,1000,98000,98000
065126,世芯永豐9C購02  ,0,0,0,0,0,0,0,0,0,98000,0,0,0,177000,79000,98000,98000
065239,超眾凱基02購02  ,0,0,0,0,0,0,0,0,0,98000,0,0,0,125000,27000,98000,98000
066598,致新群益02購01  ,0,0,0,0,0,0,0,0,0,97000,0,0,0,119000,22000,97000,97000
066298,美利達元大01購02,0,0,0,0,0,0,0,0,0,97000,0,0,0,142000,45000,97000,97000
08782P,台積電元大01售17,0,0,0,0,0,0,0,0,0,97000,0,0,0,700000,603000,97000,97000
08513P,聯發科凱基9C售08,0,0,0,0,0,0,0,0,0,97000,0,0,0,97000,0,97000,97000
058952,南茂群益99購01  ,0,0,0,0,0,0,0,0,0,97000,0,0,0,103000,6000,97000,97000
058272,超眾永豐9A購01  ,0,0,0,0,0,0,0,0,0,97000,0,0,0,112000,15000,97000,97000
063111,TPK兆豐9B購01   ,0,0,0,0,0,0,0,0,0,97000,0,0,0,97000,0,97000,97000
063145,台表科統一02購01,0,0,0,0,0,0,0,0,0,97000,0,0,0,220000,123000,97000,97000
062775,大成鋼元大9B購02,0,0,0,0,0,0,0,0,0,97000,0,0,0,279000,182000,97000,97000
060954,國泰金群益9A購02,0,0,0,0,0,0,0,0,0,97000,0,0,0,98000,1000,97000,97000
065086,可成元大01購04  ,0,0,0,0,0,0,0,0,0,97000,0,0,0,146000,49000,97000,97000
065723,新日興兆豐01購01,0,0,0,0,0,0,0,0,0,97000,0,0,0,183000,86000,97000,97000
065746,光寶科元大9C購01,0,0,0,0,0,0,0,0,0,97000,0,0,0,136000,39000,97000,97000
065537,健鼎統一02購05  ,0,0,0,0,0,0,0,0,0,97000,0,0,0,97000,0,97000,97000
065405,華新科富邦03購01,0,0,0,0,0,0,0,0,0,97000,0,0,0,97000,0,97000,97000
064485,儒鴻元大01購01  ,0,0,0,0,0,0,0,0,0,97000,0,0,0,132000,35000,97000,97000
064025,友達元大02購01  ,0,0,0,0,0,0,0,0,0,97000,0,0,0,147000,50000,97000,97000
063575,矽格元大9B購02  ,0,0,0,0,0,0,0,0,0,97000,0,0,0,117000,20000,97000,97000
07646P,世芯元大9A售04  ,0,0,0,0,0,0,0,0,0,96000,0,0,0,96000,0,96000,96000
066057,華擎元大02購01  ,0,0,0,0,0,0,0,0,0,96000,0,0,0,215000,119000,96000,96000
057079,台積電統一9A購02,0,0,0,0,0,0,0,0,0,96000,0,0,0,102000,6000,96000,96000
056133,可成元大97購05  ,0,0,0,0,0,0,0,0,0,96000,0,0,0,98000,2000,96000,96000
059791,超眾元大99購06  ,0,0,0,0,0,0,0,0,0,96000,0,0,0,110000,14000,96000,96000
059868,台光電凱基99購03,0,0,0,0,0,0,0,0,0,96000,0,0,0,125000,29000,96000,96000
063159,嘉澤國泰01購01  ,0,0,0,0,0,0,0,0,0,96000,0,0,0,192000,96000,96000,96000
062984,致新元富9B購01  ,0,0,0,0,0,0,0,0,0,96000,0,0,0,168000,72000,96000,96000
063077,巨大永豐9B購03  ,0,0,0,0,0,0,0,0,0,96000,0,0,0,126000,30000,96000,96000
062855,嘉澤永豐9B購02  ,0,0,0,0,0,0,0,0,0,96000,0,0,0,207000,111000,96000,96000
062867,東元中信9B購01  ,0,0,0,0,0,0,0,0,0,96000,0,0,0,168000,72000,96000,96000
063642,茂林元大9B購08  ,0,0,0,0,0,0,0,0,0,96000,0,0,0,174000,78000,96000,96000
063532,GIS凱基9B購03   ,0,0,0,0,0,0,0,0,0,96000,0,0,0,96000,0,96000,96000
066049,奇鋐元大02購01  ,0,0,0,0,0,0,0,0,0,95000,0,0,0,390000,295000,95000,95000
066564,智伸科元大01購01,0,0,0,0,0,0,0,0,0,95000,0,0,0,95000,0,95000,95000
066603,台達電富邦05購01,0,0,0,0,0,0,0,0,0,95000,0,0,0,97000,2000,95000,95000
06936P,瑞儀元大98售01  ,0,0,0,0,0,0,0,0,0,95000,0,0,0,200000,105000,95000,95000
08061P,大毅國票9B售04  ,0,0,0,0,0,0,0,0,0,95000,0,0,0,95000,0,95000,95000
058344,旺宏群益99購05  ,0,0,0,0,0,0,0,0,0,95000,0,0,0,95000,0,95000,95000
057961,茂林元大9A購01  ,0,0,0,0,0,0,0,0,0,95000,0,0,0,240000,145000,95000,95000
057734,訊芯國泰9A購01  ,0,0,0,0,0,0,0,0,0,95000,0,0,0,120000,25000,95000,95000
060390,聯鈞群益9A購01  ,0,0,0,0,0,0,0,0,0,95000,0,0,0,115000,20000,95000,95000
061427,旭富元大9A購02  ,0,0,0,0,0,0,0,0,0,95000,0,0,0,212000,117000,95000,95000
061633,統一元大9A購01  ,0,0,0,0,0,0,0,0,0,95000,0,0,0,150000,55000,95000,95000
060861,漢唐永豐9A購01  ,0,0,0,0,0,0,0,0,0,95000,0,0,0,115000,20000,95000,95000
063582,瑞祺國泰9C購01  ,0,0,0,0,0,0,0,0,0,95000,0,0,0,125000,30000,95000,95000
065679,聯發科統一03購01,0,0,0,0,0,0,0,0,0,95000,0,0,0,106000,11000,95000,95000
065962,鴻海元大01購04  ,0,0,0,0,0,0,0,0,0,95000,0,0,0,105000,10000,95000,95000
066375,南亞科兆豐01購01,0,0,0,0,0,0,0,0,0,94000,0,0,0,200000,106000,94000,94000
058434,旺宏統一9B購01  ,0,0,0,0,0,0,0,0,0,94000,0,0,0,125000,31000,94000,94000
056755,聯茂兆豐98購01  ,0,0,0,0,0,0,0,0,0,94000,0,0,0,200000,106000,94000,94000
05644P,大立光中信9A售03,0,0,0,0,0,0,0,0,0,94000,0,0,0,1063000,969000,94000,94000
061472,台積電元大9A購32,0,0,0,0,0,0,0,0,0,94000,0,0,0,102000,8000,94000,94000
060417,正隆永豐9A購01  ,0,0,0,0,0,0,0,0,0,94000,0,0,0,96000,2000,94000,94000
062027,國泰金群益9B購01,0,0,0,0,0,0,0,0,0,94000,0,0,0,94000,0,94000,94000
065284,旺宏群益9C購03  ,0,0,0,0,0,0,0,0,0,94000,0,0,0,96000,2000,94000,94000
08298P,大立光國票9C售01,0,0,0,0,0,0,0,0,0,93000,0,0,0,93000,0,93000,93000
061696,南茂群益9A購01  ,0,0,0,0,0,0,0,0,0,93000,0,0,0,97000,4000,93000,93000
059823,奇力新凱基99購07,0,0,0,0,0,0,0,0,0,93000,0,0,0,93000,0,93000,93000
060311,盟立永豐9A購01  ,0,0,0,0,0,0,0,0,0,93000,0,0,0,105000,12000,93000,93000
064789,和大國票01購01  ,0,0,0,0,0,0,0,0,0,93000,0,0,0,93000,0,93000,93000
064505,康控元大9C購01  ,0,0,0,0,0,0,0,0,0,93000,0,0,0,126000,33000,93000,93000
053584,友達元大9B購02  ,0,0,0,0,0,0,0,0,0,92000,0,0,0,142000,50000,92000,92000
058495,元大金群益9B購01,0,0,0,0,0,0,0,0,0,92000,0,0,0,92000,0,92000,92000
058650,台虹永豐9A購01  ,0,0,0,0,0,0,0,0,0,92000,0,0,0,215000,123000,92000,92000
060314,元翎永豐9A購01  ,0,0,0,0,0,0,0,0,0,92000,0,0,0,93000,1000,92000,92000
061816,長榮航群益9B購02,0,0,0,0,0,0,0,0,0,92000,0,0,0,94000,2000,92000,92000
061626,超眾群益9A購02  ,0,0,0,0,0,0,0,0,0,92000,0,0,0,107000,15000,92000,92000
059510,華新科永豐99購07,0,0,0,0,0,0,0,0,0,92000,0,0,0,92000,0,92000,92000
060131,GIS永豐99購03   ,0,0,0,0,0,0,0,0,0,92000,0,0,0,92000,0,92000,92000
061744,超眾凱基9B購02  ,0,0,0,0,0,0,0,0,0,92000,0,0,0,159000,67000,92000,92000
060411,達新永豐9A購01  ,0,0,0,0,0,0,0,0,0,92000,0,0,0,93000,1000,92000,92000
062730,致伸凱基9B購01  ,0,0,0,0,0,0,0,0,0,92000,0,0,0,92000,0,92000,92000
064672,同欣電元大01購01,0,0,0,0,0,0,0,0,0,92000,0,0,0,178000,86000,92000,92000
064149,美律統一02購01  ,0,0,0,0,0,0,0,0,0,92000,0,0,0,92000,0,92000,92000
064904,茂林群益9C購02  ,0,0,0,0,0,0,0,0,0,92000,0,0,0,112000,20000,92000,92000
065941,超眾群益02購01  ,0,0,0,0,0,0,0,0,0,92000,0,0,0,112000,20000,92000,92000
065728,嘉晶凱基9C購04  ,0,0,0,0,0,0,0,0,0,92000,0,0,0,275000,183000,92000,92000
8210,勤誠            ,327000,236000,91000,0,0,0,0,0,0,1000,0,0,0,1000,0,1000,92000
057163,上銀元大98購04  ,0,0,0,0,0,0,0,0,0,91000,0,0,0,91000,0,91000,91000
057040,國巨元大98購12  ,0,0,0,0,0,0,0,0,0,91000,0,0,0,93000,2000,91000,91000
061718,GIS凱基9B購01   ,0,0,0,0,0,0,0,0,0,91000,0,0,0,250000,159000,91000,91000
062805,台勝科統一9C購01,0,0,0,0,0,0,0,0,0,91000,0,0,0,94000,3000,91000,91000
061414,牧德群益9B購02  ,0,0,0,0,0,0,0,0,0,91000,0,0,0,91000,0,91000,91000
061262,智邦凱基9A購02  ,0,0,0,0,0,0,0,0,0,91000,0,0,0,92000,1000,91000,91000
063292,致新元大9B購02  ,0,0,0,0,0,0,0,0,0,91000,0,0,0,101000,10000,91000,91000
060296,和碩元大9A購01  ,0,0,0,0,0,0,0,0,0,91000,0,0,0,121000,30000,91000,91000
062645,國巨國泰9B購08  ,0,0,0,0,0,0,0,0,0,91000,0,0,0,103000,12000,91000,91000
060238,強茂元大9C購01  ,0,0,0,0,0,0,0,0,0,91000,0,0,0,116000,25000,91000,91000
065765,GIS元大9C購09   ,0,0,0,0,0,0,0,0,0,91000,0,0,0,118000,27000,91000,91000
065391,和大群益01購03  ,0,0,0,0,0,0,0,0,0,91000,0,0,0,113000,22000,91000,91000
064984,同欣電元大9C購06,0,0,0,0,0,0,0,0,0,91000,0,0,0,160000,69000,91000,91000
065216,群創國泰01購02  ,0,0,0,0,0,0,0,0,0,91000,0,0,0,171000,80000,91000,91000
2443,億麗            ,94000,3000,91000,0,0,0,0,0,0,0,0,0,0,0,0,0,91000
066326,敦陽科永豐01購01,0,0,0,0,0,0,0,0,0,90000,0,0,0,174000,84000,90000,90000
066017,南六元富03購01  ,0,0,0,0,0,0,0,0,0,90000,0,0,0,191000,101000,90000,90000
066283,鎧勝元大01購02  ,0,0,0,0,0,0,0,0,0,90000,0,0,0,232000,142000,90000,90000
058421,國泰金麥證01購01,0,0,0,100000,10000,90000,0,0,0,90000,0,0,0,100000,10000,90000,90000
055921,新唐凱基98購01  ,0,0,0,0,0,0,0,0,0,90000,0,0,0,90000,0,90000,90000
054800,訊芯群益99購01  ,0,0,0,0,0,0,0,0,0,90000,0,0,0,150000,60000,90000,90000
062640,訊連國票9C購01  ,0,0,0,0,0,0,0,0,0,90000,0,0,0,90000,0,90000,90000
062626,台積電國票9C購04,0,0,0,0,0,0,0,0,0,90000,0,0,0,90000,0,90000,90000
060466,玉山金元大9A購01,0,0,0,0,0,0,0,0,0,90000,0,0,0,90000,0,90000,90000
060111,臻鼎元大99購04  ,0,0,0,0,0,0,0,0,0,90000,0,0,0,90000,0,90000,90000
059125,台積電第一03購02,0,0,0,0,0,0,0,0,0,90000,0,0,0,200000,110000,90000,90000
06192P,高股息中信98售01,0,0,0,0,0,0,0,0,0,90000,0,0,0,90000,0,90000,90000
061279,鴻海統一9C購04  ,0,0,0,0,0,0,0,0,0,90000,0,0,0,100000,10000,90000,90000
061454,國巨凱基9A購16  ,0,0,0,0,0,0,0,0,0,90000,0,0,0,128000,38000,90000,90000
062812,國巨兆豐9B購03  ,0,0,0,0,0,0,0,0,0,90000,0,0,0,90000,0,90000,90000
061081,宏碁兆豐9A購01  ,0,0,0,0,0,0,0,0,0,90000,0,0,0,485000,395000,90000,90000
065363,國巨元大01購04  ,0,0,0,0,0,0,0,0,0,90000,0,0,0,150000,60000,90000,90000
065091,亞光元大9C購01  ,0,0,0,0,0,0,0,0,0,90000,0,0,0,91000,1000,90000,90000
064974,燿華元大9C購03  ,0,0,0,0,0,0,0,0,0,90000,0,0,0,200000,110000,90000,90000
065525,瑞儀群益01購01  ,0,0,0,0,0,0,0,0,0,90000,0,0,0,121000,31000,90000,90000
064547,宏達電凱基9C購01,0,0,0,0,0,0,0,0,0,90000,0,0,0,103000,13000,90000,90000
063376,神達永豐9B購01  ,0,0,0,0,0,0,0,0,0,90000,0,0,0,275000,185000,90000,90000
063812,智邦群益9C購02  ,0,0,0,0,0,0,0,0,0,90000,0,0,0,90000,0,90000,90000
066147,美利達群益01購01,0,0,0,0,0,0,0,0,0,89000,0,0,0,89000,0,89000,89000
1617,榮星            ,154000,65000,89000,0,0,0,0,0,0,0,0,0,0,0,0,0,89000
062207,牧德國票9B購02  ,0,0,0,0,0,0,0,0,0,89000,0,0,0,262000,173000,89000,89000
057899,台積電永豐98購04,0,0,0,0,0,0,0,0,0,89000,0,0,0,413000,324000,89000,89000
061725,國巨麥證9A購05  ,0,0,0,89000,2000,87000,0,0,0,89000,0,0,0,91000,2000,89000,89000
062832,嘉澤群益9B購02  ,0,0,0,0,0,0,0,0,0,89000,0,0,0,302000,213000,89000,89000
062085,同欣電元大9B購01,0,0,0,0,0,0,0,0,0,89000,0,0,0,96000,7000,89000,89000
059647,超眾凱基99購04  ,0,0,0,0,0,0,0,0,0,89000,0,0,0,96000,7000,89000,89000
064459,創意統一02購01  ,0,0,0,0,0,0,0,0,0,89000,0,0,0,300000,211000,89000,89000
064215,康控凱基02購01  ,0,0,0,0,0,0,0,0,0,89000,0,0,0,218000,129000,89000,89000
065683,嘉聯益統一03購01,0,0,0,0,0,0,0,0,0,89000,0,0,0,94000,5000,89000,89000
065825,鴻海凱基02購02  ,0,0,0,0,0,0,0,0,0,89000,0,0,0,119000,30000,89000,89000
3005,神基            ,1049000,933000,116000,0,0,0,0,0,0,-27000,0,0,0,0,27000,-27000,89000
058352,鴻海凱基9A購05  ,0,0,0,0,0,0,0,0,0,88000,0,0,0,99000,11000,88000,88000
062409,巨大永豐9B購02  ,0,0,0,0,0,0,0,0,0,88000,0,0,0,88000,0,88000,88000
058375,群創凱基9B購04  ,0,0,0,0,0,0,0,0,0,88000,0,0,0,198000,110000,88000,88000
058675,康控群益9B購01  ,0,0,0,0,0,0,0,0,0,88000,0,0,0,93000,5000,88000,88000
058896,中環元大99購03  ,0,0,0,0,0,0,0,0,0,88000,0,0,0,108000,20000,88000,88000
054169,上緯控凱基98購01,0,0,0,0,0,0,0,0,0,88000,0,0,0,260000,172000,88000,88000
056466,臺股指凱基99購08,0,0,0,0,0,0,0,0,0,88000,0,0,0,88000,0,88000,88000
053377,台積電元大98購01,0,0,0,0,0,0,0,0,0,88000,0,0,0,210000,122000,88000,88000
062923,緯穎元大9B購06  ,0,0,0,0,0,0,0,0,0,88000,0,0,0,122000,34000,88000,88000
063125,華擎元大9C購02  ,0,0,0,0,0,0,0,0,0,88000,0,0,0,152000,64000,88000,88000
062829,泰碩群益9B購01  ,0,0,0,0,0,0,0,0,0,88000,0,0,0,100000,12000,88000,88000
064137,台泥統一02購01  ,0,0,0,0,0,0,0,0,0,88000,0,0,0,338000,250000,88000,88000
064059,新日興麥證01購01,0,0,0,88000,0,88000,0,0,0,88000,0,0,0,88000,0,88000,88000
055039,神達富邦99購01  ,0,0,0,0,0,0,0,0,0,87000,0,0,0,187000,100000,87000,87000
059424,SGBR2X元大9A購01,0,0,0,0,0,0,0,0,0,87000,0,0,0,101000,14000,87000,87000
060681,華擎元大9A購02  ,0,0,0,0,0,0,0,0,0,87000,0,0,0,148000,61000,87000,87000
063390,嘉晶兆豐9B購01  ,0,0,0,0,0,0,0,0,0,87000,0,0,0,203000,116000,87000,87000
065950,正崴統一03購01  ,0,0,0,0,0,0,0,0,0,87000,0,0,0,190000,103000,87000,87000
065854,臻鼎元大9C購05  ,0,0,0,0,0,0,0,0,0,87000,0,0,0,163000,76000,87000,87000
065577,超眾群益9C購02  ,0,0,0,0,0,0,0,0,0,87000,0,0,0,92000,5000,87000,87000
064794,牧德國票01購01  ,0,0,0,0,0,0,0,0,0,87000,0,0,0,89000,2000,87000,87000
08295P,長榮航元大9C售01,0,0,0,0,0,0,0,0,0,86000,0,0,0,86000,0,86000,86000
08210P,健策元富9B售02  ,0,0,0,0,0,0,0,0,0,86000,0,0,0,188000,102000,86000,86000
066161,力山凱基01購01  ,0,0,0,0,0,0,0,0,0,86000,0,0,0,86000,0,86000,86000
058930,華新科統一9B購01,0,0,0,0,0,0,0,0,0,86000,0,0,0,236000,150000,86000,86000
053569,漢唐統一98購01  ,0,0,0,0,0,0,0,0,0,86000,0,0,0,215000,129000,86000,86000
062271,華通群益9C購02  ,0,0,0,0,0,0,0,0,0,86000,0,0,0,98000,12000,86000,86000
062325,鴻海統一9B購05  ,0,0,0,0,0,0,0,0,0,86000,0,0,0,93000,7000,86000,86000
060161,牧德永豐9A購02  ,0,0,0,0,0,0,0,0,0,86000,0,0,0,86000,0,86000,86000
061479,泰碩元大9A購02  ,0,0,0,0,0,0,0,0,0,86000,0,0,0,140000,54000,86000,86000
061483,TPK元大9A購01   ,0,0,0,0,0,0,0,0,0,86000,0,0,0,96000,10000,86000,86000
065350,華擎統一01購04  ,0,0,0,0,0,0,0,0,0,86000,0,0,0,230000,144000,86000,86000
065641,台積電元大9C購12,0,0,0,0,0,0,0,0,0,86000,0,0,0,3335000,3249000,86000,86000
065971,金像電元大02購01,0,0,0,0,0,0,0,0,0,86000,0,0,0,92000,6000,86000,86000
063565,旺宏元大9B購08  ,0,0,0,0,0,0,0,0,0,86000,0,0,0,106000,20000,86000,86000
063700,台積電群益9B購09,0,0,0,0,0,0,0,0,0,86000,0,0,0,146000,60000,86000,86000
066193,致新凱基01購01  ,0,0,0,0,0,0,0,0,0,85000,0,0,0,85000,0,85000,85000
066129,佳世達群益01購01,0,0,0,0,0,0,0,0,0,85000,0,0,0,85000,0,85000,85000
066462,智伸科統一04購02,0,0,0,0,0,0,0,0,0,85000,0,0,0,85000,0,85000,85000
066764,聯鈞永豐01購01  ,0,0,0,0,0,0,0,0,0,85000,0,0,0,85000,0,85000,85000
08361P,玉晶光永豐9C售04,0,0,0,0,0,0,0,0,0,85000,0,0,0,100000,15000,85000,85000
062412,道瓊指中信9C購05,0,0,0,0,0,0,0,0,0,85000,0,0,0,85000,0,85000,85000
060363,美律元富9A購01  ,0,0,0,0,0,0,0,0,0,85000,0,0,0,85000,0,85000,85000
063001,巨大國票9B購01  ,0,0,0,0,0,0,0,0,0,85000,0,0,0,85000,0,85000,85000
061917,亞德客凱基9B購02,0,0,0,0,0,0,0,0,0,85000,0,0,0,85000,0,85000,85000
059594,奇力新元大9B購01,0,0,0,0,0,0,0,0,0,85000,0,0,0,90000,5000,85000,85000
063633,金像電元大9B購05,0,0,0,0,0,0,0,0,0,85000,0,0,0,100000,15000,85000,85000
065877,TPK群益9C購05   ,0,0,0,0,0,0,0,0,0,85000,0,0,0,89000,4000,85000,85000
065893,華新科統一02購02,0,0,0,0,0,0,0,0,0,85000,0,0,0,89000,4000,85000,85000
065823,臺指反中信03購01,0,0,0,0,0,0,0,0,0,85000,0,0,0,85000,0,85000,85000
065684,超眾統一03購01  ,0,0,0,0,0,0,0,0,0,85000,0,0,0,140000,55000,85000,85000
065498,台積電富邦04購02,0,0,0,0,0,0,0,0,0,85000,0,0,0,126000,41000,85000,85000
065220,義隆富邦01購02  ,0,0,0,0,0,0,0,0,0,85000,0,0,0,208000,123000,85000,85000
065285,宏碁群益01購01  ,0,0,0,0,0,0,0,0,0,85000,0,0,0,85000,0,85000,85000
08459P,聯發科兆豐9C售04,0,0,0,0,0,0,0,0,0,84000,0,0,0,84000,0,84000,84000
08492P,大立光元大9C售22,0,0,0,0,0,0,0,0,0,84000,0,0,0,85000,1000,84000,84000
062316,康控凱基9B購03  ,0,0,0,0,0,0,0,0,0,84000,0,0,0,87000,3000,84000,84000
057196,茂林台新98購01  ,0,0,0,0,0,0,0,0,0,84000,0,0,0,84000,0,84000,84000
056619,強茂永豐98購01  ,0,0,0,0,0,0,0,0,0,84000,0,0,0,196000,112000,84000,84000
060956,超眾群益9A購01  ,0,0,0,0,0,0,0,0,0,84000,0,0,0,310000,226000,84000,84000
059996,美律元富99購01  ,0,0,0,0,0,0,0,0,0,84000,0,0,0,103000,19000,84000,84000
060385,台勝科凱基9A購01,0,0,0,0,0,0,0,0,0,84000,0,0,0,94000,10000,84000,84000
065323,聯發科凱基9C購09,0,0,0,0,0,0,0,0,0,84000,0,0,0,104000,20000,84000,84000
063587,漢唐永豐9B購02  ,0,0,0,0,0,0,0,0,0,84000,0,0,0,84000,0,84000,84000
063618,智邦兆豐9C購01  ,0,0,0,0,0,0,0,0,0,84000,0,0,0,84000,0,84000,84000
066741,華擎元大01購03  ,0,0,0,0,0,0,0,0,0,83000,0,0,0,135000,52000,83000,83000
066518,惠特永豐01購02  ,0,0,0,0,0,0,0,0,0,83000,0,0,0,85000,2000,83000,83000
057297,新日興永豐98購01,0,0,0,0,0,0,0,0,0,83000,0,0,0,93000,10000,83000,83000
062824,國巨群益9C購03  ,0,0,0,0,0,0,0,0,0,83000,0,0,0,135000,52000,83000,83000
064555,力山群益01購01  ,0,0,0,0,0,0,0,0,0,83000,0,0,0,158000,75000,83000,83000
065327,台表科凱基9C購02,0,0,0,0,0,0,0,0,0,83000,0,0,0,179000,96000,83000,83000
065367,技嘉元大01購01  ,0,0,0,0,0,0,0,0,0,83000,0,0,0,159000,76000,83000,83000
065666,旺宏凱基9C購03  ,0,0,0,0,0,0,0,0,0,83000,0,0,0,84000,1000,83000,83000
065736,同欣電凱基9C購05,0,0,0,0,0,0,0,0,0,83000,0,0,0,83000,0,83000,83000
065934,智邦群益01購02  ,0,0,0,0,0,0,0,0,0,83000,0,0,0,102000,19000,83000,83000
066159,寶成康和01購01  ,0,0,0,0,0,0,0,0,0,82000,0,0,0,95000,13000,82000,82000
057296,智原永豐98購01  ,0,0,0,0,0,0,0,0,0,82000,0,0,0,82000,0,82000,82000
058948,道瓊銀群益9C購01,0,0,0,0,0,0,0,0,0,82000,0,0,0,82000,0,82000,82000
055305,旺宏群益99購01  ,0,0,0,0,0,0,0,0,0,82000,0,0,0,82000,0,82000,82000
062826,奇力新群益9C購01,0,0,0,0,0,0,0,0,0,82000,0,0,0,82000,0,82000,82000
061153,奇力新群益9A購02,0,0,0,0,0,0,0,0,0,82000,0,0,0,137000,55000,82000,82000
061878,茂林元大9B購01  ,0,0,0,0,0,0,0,0,0,82000,0,0,0,150000,68000,82000,82000
062015,喬山永豐9B購01  ,0,0,0,0,0,0,0,0,0,82000,0,0,0,82000,0,82000,82000
063188,TPK凱基9B購01   ,0,0,0,0,0,0,0,0,0,82000,0,0,0,92000,10000,82000,82000
059425,SGBR2X元大9A購02,0,0,0,0,0,0,0,0,0,82000,0,0,0,89000,7000,82000,82000
065636,台表科國票01購03,0,0,0,0,0,0,0,0,0,82000,0,0,0,191000,109000,82000,82000
065547,同欣電兆豐01購01,0,0,0,0,0,0,0,0,0,82000,0,0,0,120000,38000,82000,82000
065481,臻鼎元大9C購04  ,0,0,0,0,0,0,0,0,0,82000,0,0,0,423000,341000,82000,82000
064908,世紀鋼群益01購02,0,0,0,0,0,0,0,0,0,82000,0,0,0,82000,0,82000,82000
064107,友達兆豐01購01  ,0,0,0,0,0,0,0,0,0,82000,0,0,0,82000,0,82000,82000
063443,金像電統一01購02,0,0,0,0,0,0,0,0,0,82000,0,0,0,82000,0,82000,82000
064075,台積電中信06購01,0,0,0,0,0,0,0,0,0,82000,0,0,0,157000,75000,82000,82000
063742,道瓊指國票9C購01,0,0,0,0,0,0,0,0,0,82000,0,0,0,82000,0,82000,82000
066875,臺指反富邦03購01,0,0,0,0,0,0,0,0,0,81000,0,0,0,85000,4000,81000,81000
058969,亞德客永豐99購01,0,0,0,0,0,0,0,0,0,81000,0,0,0,98000,17000,81000,81000
056718,GIS永豐98購01   ,0,0,0,0,0,0,0,0,0,81000,0,0,0,81000,0,81000,81000
056579,麗豐元大99購01  ,0,0,0,0,0,0,0,0,0,81000,0,0,0,101000,20000,81000,81000
057981,臻鼎永豐98購01  ,0,0,0,0,0,0,0,0,0,81000,0,0,0,241000,160000,81000,81000
062324,上銀統一9B購04  ,0,0,0,0,0,0,0,0,0,81000,0,0,0,81000,0,81000,81000
058813,旺宏統一9B購04  ,0,0,0,0,0,0,0,0,0,81000,0,0,0,182000,101000,81000,81000
059986,宏達電元大99購08,0,0,0,0,0,0,0,0,0,81000,0,0,0,135000,54000,81000,81000
063298,統一凱基9B購01  ,0,0,0,0,0,0,0,0,0,81000,0,0,0,85000,4000,81000,81000
061942,亞德客群益9B購01,0,0,0,0,0,0,0,0,0,81000,0,0,0,86000,5000,81000,81000
063433,臻鼎元富9B購01  ,0,0,0,0,0,0,0,0,0,81000,0,0,0,240000,159000,81000,81000
064392,喬山永豐9C購01  ,0,0,0,0,0,0,0,0,0,81000,0,0,0,81000,0,81000,81000
064764,聯茂凱基01購01  ,0,0,0,0,0,0,0,0,0,81000,0,0,0,180000,99000,81000,81000
065303,國泰金元富9C購01,0,0,0,0,0,0,0,0,0,81000,0,0,0,81000,0,81000,81000
6477,安集            ,765000,704000,61000,0,0,0,0,0,0,20000,20000,0,20000,0,0,0,81000
066938,敦泰國票02購01  ,0,0,0,0,0,0,0,0,0,80000,0,0,0,115000,35000,80000,80000
06671P,台積電群益98售04,0,0,0,0,0,0,0,0,0,80000,0,0,0,80000,0,80000,80000
06702P,智邦元富98售01  ,0,0,0,0,0,0,0,0,0,80000,0,0,0,80000,0,80000,80000
066531,智伸科元富01購01,0,0,0,0,0,0,0,0,0,80000,0,0,0,130000,50000,80000,80000
08458P,南電元大9C售04  ,0,0,0,0,0,0,0,0,0,80000,0,0,0,117000,37000,80000,80000
058733,同欣電永豐99購02,0,0,0,0,0,0,0,0,0,80000,0,0,0,148000,68000,80000,80000
057048,新日興元大98購01,0,0,0,0,0,0,0,0,0,80000,0,0,0,80000,0,80000,80000
054755,世紀鋼凱基98購01,0,0,0,0,0,0,0,0,0,80000,0,0,0,80000,0,80000,80000
056656,華邦電元大98購02,0,0,0,0,0,0,0,0,0,80000,0,0,0,80000,0,80000,80000
058906,晶相光元大99購01,0,0,0,0,0,0,0,0,0,80000,0,0,0,80000,0,80000,80000
061900,志超永豐9B購01  ,0,0,0,0,0,0,0,0,0,80000,0,0,0,176000,96000,80000,80000
062924,世紀鋼元大9C購04,0,0,0,0,0,0,0,0,0,80000,0,0,0,80000,0,80000,80000
063269,儒鴻兆豐9C購01  ,0,0,0,0,0,0,0,0,0,80000,0,0,0,100000,20000,80000,80000
061088,國巨統一9C購05  ,0,0,0,0,0,0,0,0,0,80000,0,0,0,80000,0,80000,80000
061336,國巨元大9A購20  ,0,0,0,0,0,0,0,0,0,80000,0,0,0,82000,2000,80000,80000
060418,中橡永豐9A購01  ,0,0,0,0,0,0,0,0,0,80000,0,0,0,80000,0,80000,80000
062701,漢唐元大9B購01  ,0,0,0,0,0,0,0,0,0,80000,0,0,0,120000,40000,80000,80000
060655,國巨統一9B購06  ,0,0,0,0,0,0,0,0,0,80000,0,0,0,80000,0,80000,80000
060770,宏達電麥證9A購01,0,0,0,81000,1000,80000,0,0,0,80000,0,0,0,81000,1000,80000,80000
060544,國巨凱基9B購03  ,0,0,0,0,0,0,0,0,0,80000,0,0,0,82000,2000,80000,80000
060475,瑞祺元大9A購01  ,0,0,0,0,0,0,0,0,0,80000,0,0,0,80000,0,80000,80000
060878,奇力新中信9C購01,0,0,0,0,0,0,0,0,0,80000,0,0,0,80000,0,80000,80000
064844,道瓊指元富9C購01,0,0,0,0,0,0,0,0,0,80000,0,0,0,85000,5000,80000,80000
06568P,國巨永豐98售05  ,0,0,0,0,0,0,0,0,0,80000,0,0,0,80000,0,80000,80000
065969,台積電元大01購06,0,0,0,0,0,0,0,0,0,80000,0,0,0,500000,420000,80000,80000
064615,智邦元大01購01  ,0,0,0,0,0,0,0,0,0,80000,0,0,0,82000,2000,80000,80000
063412,寶成國票9C購01  ,0,0,0,0,0,0,0,0,0,80000,0,0,0,80000,0,80000,80000
063647,超眾元大9B購02  ,0,0,0,0,0,0,0,0,0,80000,0,0,0,241000,161000,80000,80000
066321,華碩永豐01購01  ,0,0,0,0,0,0,0,0,0,79000,0,0,0,138000,59000,79000,79000
056746,超眾凱基99購01  ,0,0,0,0,0,0,0,0,0,79000,0,0,0,112000,33000,79000,79000
00654R,富邦印度反1     ,79000,0,79000,0,0,0,0,0,0,0,0,0,0,0,0,0,79000
057074,立積永豐98購01  ,0,0,0,0,0,0,0,0,0,79000,0,0,0,79000,0,79000,79000
061326,新日興凱基9B購01,0,0,0,0,0,0,0,0,0,79000,0,0,0,93000,14000,79000,79000
063166,超眾永豐9B購01  ,0,0,0,0,0,0,0,0,0,79000,0,0,0,121000,42000,79000,79000
064568,聯鈞群益9C購01  ,0,0,0,0,0,0,0,0,0,79000,0,0,0,177000,98000,79000,79000
064102,宏達電群益9C購01,0,0,0,0,0,0,0,0,0,79000,0,0,0,82000,3000,79000,79000
065899,神基麥證9C購02  ,0,0,0,80000,1000,79000,0,0,0,79000,0,0,0,80000,1000,79000,79000
065575,神達群益01購01  ,0,0,0,0,0,0,0,0,0,79000,0,0,0,216000,137000,79000,79000
064824,台積電統一02購03,0,0,0,0,0,0,0,0,0,79000,0,0,0,142000,63000,79000,79000
066288,晶碩元大01購01  ,0,0,0,0,0,0,0,0,0,78000,0,0,0,494000,416000,78000,78000
066183,眾達凱基01購01  ,0,0,0,0,0,0,0,0,0,78000,0,0,0,242000,164000,78000,78000
058527,世紀鋼元大99購01,0,0,0,0,0,0,0,0,0,78000,0,0,0,168000,90000,78000,78000
058547,世紀鋼富邦9A購01,0,0,0,0,0,0,0,0,0,78000,0,0,0,78000,0,78000,78000
058472,亞德客凱基9A購01,0,0,0,0,0,0,0,0,0,78000,0,0,0,78000,0,78000,78000
062281,奇鋐群益9B購01  ,0,0,0,0,0,0,0,0,0,78000,0,0,0,91000,13000,78000,78000
063225,茂林群益9B購04  ,0,0,0,0,0,0,0,0,0,78000,0,0,0,88000,10000,78000,78000
062878,宏達電兆豐9B購01,0,0,0,0,0,0,0,0,0,78000,0,0,0,98000,20000,78000,78000
061737,南亞科凱基9B購01,0,0,0,0,0,0,0,0,0,78000,0,0,0,116000,38000,78000,78000
060809,康友群益9A購01  ,0,0,0,0,0,0,0,0,0,78000,0,0,0,100000,22000,78000,78000
061661,京鼎永豐9A購02  ,0,0,0,0,0,0,0,0,0,78000,0,0,0,117000,39000,78000,78000
059351,台虹凱基99購01  ,0,0,0,0,0,0,0,0,0,78000,0,0,0,78000,0,78000,78000
064765,緯穎凱基9C購02  ,0,0,0,0,0,0,0,0,0,78000,0,0,0,109000,31000,78000,78000
065274,南茂元大9C購03  ,0,0,0,0,0,0,0,0,0,78000,0,0,0,146000,68000,78000,78000
065624,聯詠中信9C購01  ,0,0,0,0,0,0,0,0,0,78000,0,0,0,122000,44000,78000,78000
064592,同欣電永豐9C購01,0,0,0,0,0,0,0,0,0,78000,0,0,0,78000,0,78000,78000
2903,遠百            ,599000,760000,-161000,0,0,0,0,0,0,239000,239000,0,239000,0,0,0,78000
066266,強茂元大01購01  ,0,0,0,0,0,0,0,0,0,77000,0,0,0,944000,867000,77000,77000
08739P,台郡凱基01售03  ,0,0,0,0,0,0,0,0,0,77000,0,0,0,190000,113000,77000,77000
062265,南茂元大9B購01  ,0,0,0,0,0,0,0,0,0,77000,0,0,0,77000,0,77000,77000
057646,玉山金元大98購01,0,0,0,0,0,0,0,0,0,77000,0,0,0,82000,5000,77000,77000
059917,華新科元大99購19,0,0,0,0,0,0,0,0,0,77000,0,0,0,77000,0,77000,77000
059189,國泰金富邦9B購01,0,0,0,0,0,0,0,0,0,77000,0,0,0,77000,0,77000,77000
062641,瀚宇博國票9B購01,0,0,0,0,0,0,0,0,0,77000,0,0,0,77000,0,77000,77000
064864,金像電永豐01購01,0,0,0,0,0,0,0,0,0,77000,0,0,0,127000,50000,77000,77000
2845,遠東銀          ,456000,356448,99552,0,0,0,0,23000,-23000,0,0,0,0,0,0,0,76552
08169P,台光電群益9B售04,0,0,0,0,0,0,0,0,0,76000,0,0,0,76000,0,76000,76000
066336,聯陽永豐01購01  ,0,0,0,0,0,0,0,0,0,76000,0,0,0,86000,10000,76000,76000
066359,潤泰新永豐01購01,0,0,0,0,0,0,0,0,0,76000,0,0,0,315000,239000,76000,76000
066501,鴻海富邦03購01  ,0,0,0,0,0,0,0,0,0,76000,0,0,0,900000,824000,76000,76000
066438,南紡群益01購01  ,0,0,0,0,0,0,0,0,0,76000,0,0,0,76000,0,76000,76000
058596,旺宏台新99購01  ,0,0,0,0,0,0,0,0,0,76000,0,0,0,76000,0,76000,76000
056977,國巨群益9A購01  ,0,0,0,0,0,0,0,0,0,76000,0,0,0,76000,0,76000,76000
057988,鈺齊元富98購02  ,0,0,0,0,0,0,0,0,0,76000,0,0,0,76000,0,76000,76000
060790,日月光富邦9A購01,0,0,0,0,0,0,0,0,0,76000,0,0,0,124000,48000,76000,76000
061030,喬山永豐9A購01  ,0,0,0,0,0,0,0,0,0,76000,0,0,0,76000,0,76000,76000
062802,宏達電統一9B購01,0,0,0,0,0,0,0,0,0,76000,0,0,0,251000,175000,76000,76000
063085,嘉澤凱基9C購01  ,0,0,0,0,0,0,0,0,0,76000,0,0,0,301000,225000,76000,76000
062026,華邦電群益9B購01,0,0,0,0,0,0,0,0,0,76000,0,0,0,315000,239000,76000,76000
062922,南六元大9B購03  ,0,0,0,0,0,0,0,0,0,76000,0,0,0,151000,75000,76000,76000
062942,嘉澤凱基9B購02  ,0,0,0,0,0,0,0,0,0,76000,0,0,0,193000,117000,76000,76000
06491P,台積電富邦99售02,0,0,0,0,0,0,0,0,0,76000,0,0,0,76000,0,76000,76000
065093,新日興元大9C購03,0,1000,-1000,0,0,0,0,0,0,77000,0,0,0,137000,60000,77000,76000
065819,京鼎元富03購01  ,0,0,0,0,0,0,0,0,0,76000,0,0,0,173000,97000,76000,76000
065776,鴻海國泰03購01  ,0,0,0,0,0,0,0,0,0,76000,0,0,0,95000,19000,76000,76000
064411,台表科凱基02購01,0,0,0,0,0,0,0,0,0,76000,0,0,0,216000,140000,76000,76000
2387,精元            ,779000,688000,91000,0,0,0,0,0,0,-15000,15000,0,15000,2000,32000,-30000,76000
066355,惠特永豐01購01  ,0,0,0,0,0,0,0,0,0,75000,0,0,0,95000,20000,75000,75000
08180P,聯發科國泰01售05,0,0,0,0,0,0,0,0,0,75000,0,0,0,100000,25000,75000,75000
08631P,臺股指麥證9C售06,0,0,0,75000,0,75000,0,0,0,75000,0,0,0,75000,0,75000,75000
058554,瀚宇博永豐99購01,0,0,0,0,0,0,0,0,0,75000,0,0,0,230000,155000,75000,75000
054377,臺股指中信99購09,0,0,0,0,0,0,0,0,0,75000,0,0,0,75000,0,75000,75000
063127,TPK元大9B購02   ,0,0,0,0,0,0,0,0,0,75000,0,0,0,79000,4000,75000,75000
062072,國巨元大9B購05  ,0,0,0,0,0,0,0,0,0,75000,0,0,0,152000,77000,75000,75000
060651,瑞儀中信9B購01  ,0,0,0,0,0,0,0,0,0,75000,0,0,0,85000,10000,75000,75000
059886,可成國票99購04  ,0,0,0,0,0,0,0,0,0,75000,0,0,0,97000,22000,75000,75000
059068,台虹國票9A購01  ,0,0,0,0,0,0,0,0,0,75000,0,0,0,215000,140000,75000,75000
062534,力成統一01購01  ,0,0,0,0,0,0,0,0,0,75000,0,0,0,405000,330000,75000,75000
064350,茂林元大01購01  ,0,0,0,0,0,0,0,0,0,75000,0,0,0,153000,78000,75000,75000
063485,巨大元大9B購04  ,0,0,0,0,0,0,0,0,0,75000,0,0,0,99000,24000,75000,75000
063858,鴻海國泰02購01  ,0,0,0,0,0,0,0,0,0,75000,0,0,0,85000,10000,75000,75000
065600,友達元大9C購11  ,0,0,0,0,0,0,0,0,0,75000,0,0,0,75000,0,75000,75000
065270,TPK元大01購01   ,0,0,0,0,0,0,0,0,0,75000,0,0,0,101000,26000,75000,75000
065265,景碩元大9C購02  ,0,0,0,0,0,0,0,0,0,75000,0,0,0,154000,79000,75000,75000
2477,美隆電          ,114000,39000,75000,0,0,0,0,0,0,0,0,0,0,0,0,0,75000
052893,聯電群益98購01  ,0,0,0,0,0,0,0,0,0,74000,0,0,0,94000,20000,74000,74000
060110,茂林元大99購06  ,0,0,0,0,0,0,0,0,0,74000,0,0,0,150000,76000,74000,74000
061559,南亞科國票9A購02,0,0,0,0,0,0,0,0,0,74000,0,0,0,74000,0,74000,74000
061037,嘉澤永豐9A購01  ,0,0,0,0,0,0,0,0,0,74000,0,0,0,142000,68000,74000,74000
061027,儒鴻永豐9A購02  ,0,0,0,0,0,0,0,0,0,74000,0,0,0,77000,3000,74000,74000
061084,京元電兆豐9A購02,0,0,0,0,0,0,0,0,0,74000,0,0,0,82000,8000,74000,74000
065209,國泰金國票01購01,0,0,0,0,0,0,0,0,0,74000,0,0,0,74000,0,74000,74000
065549,智邦凱基9C購03  ,0,0,0,0,0,0,0,0,0,74000,0,0,0,74000,0,74000,74000
2636,台驊投控        ,254000,180000,74000,0,0,0,0,0,0,0,0,0,0,0,0,0,74000
066201,大毅統一02購01  ,0,0,0,0,0,0,0,0,0,73000,0,0,0,117000,44000,73000,73000
066112,智邦兆豐02購01  ,0,0,0,0,0,0,0,0,0,73000,0,0,0,155000,82000,73000,73000
057388,奇鋐永豐98購02  ,0,0,0,0,0,0,0,0,0,73000,0,0,0,73000,0,73000,73000
058990,GIS凱基99購02   ,0,0,0,0,0,0,0,0,0,73000,0,0,0,73000,0,73000,73000
056852,矽格元富98購01  ,0,0,0,0,0,0,0,0,0,73000,0,0,0,173000,100000,73000,73000
057700,新日興群益9A購01,0,0,0,0,0,0,0,0,0,73000,0,0,0,73000,0,73000,73000
061014,台積電麥證9A購04,0,0,0,73000,0,73000,0,0,0,73000,0,0,0,73000,0,73000,73000
061815,奇力新群益9B購02,0,0,0,0,0,0,0,0,0,73000,0,0,0,73000,0,73000,73000
059120,致伸永豐99購01  ,0,0,0,0,0,0,0,0,0,73000,0,0,0,73000,0,73000,73000
060203,緯穎元富9A購01  ,0,0,0,0,0,0,0,0,0,73000,0,0,0,73000,0,73000,73000
060208,卜蜂康和9A購01  ,0,0,0,0,0,0,0,0,0,73000,0,0,0,73000,0,73000,73000
065576,泰鼎群益9C購02  ,0,0,0,0,0,0,0,0,0,73000,0,0,0,73000,0,73000,73000
065764,康友元大9C購02  ,0,0,0,0,0,0,0,0,0,73000,0,0,0,88000,15000,73000,73000
065066,南電群益9C購02  ,0,0,0,0,0,0,0,0,0,73000,0,0,0,94000,21000,73000,73000
07102P,南電元大99售03  ,0,0,0,0,0,0,0,0,0,72000,0,0,0,72000,0,72000,72000
08389P,技嘉國票9C售01  ,0,0,0,0,0,0,0,0,0,72000,0,0,0,133000,61000,72000,72000
058299,同欣電凱基9A購01,0,0,0,0,0,0,0,0,0,72000,0,0,0,107000,35000,72000,72000
060913,宏達電元大9A購03,0,0,0,0,0,0,0,0,0,72000,0,0,0,78000,6000,72000,72000
062682,全新統一9B購01  ,0,0,0,0,0,0,0,0,0,72000,0,0,0,128000,56000,72000,72000
062926,嘉澤國票9B購01  ,0,0,0,0,0,0,0,0,0,72000,0,0,0,98000,26000,72000,72000
065145,貿聯凱基9C購02  ,0,0,0,0,0,0,0,0,0,72000,0,0,0,116000,44000,72000,72000
065753,正崴元大9C購02  ,0,0,0,0,0,0,0,0,0,72000,0,0,0,111000,39000,72000,72000
064030,泰碩元大01購01  ,0,0,0,0,0,0,0,0,0,72000,0,0,0,121000,49000,72000,72000
064213,大立光凱基03購01,0,0,0,0,0,0,0,0,0,72000,0,0,0,100000,28000,72000,72000
08336P,聯發科中信9C售05,0,0,0,0,0,0,0,0,0,71000,0,0,0,71000,0,71000,71000
062237,緯創凱基9B購01  ,0,0,0,0,0,0,0,0,0,71000,0,0,0,140000,69000,71000,71000
062402,台勝科永豐9B購02,0,0,0,0,0,0,0,0,0,71000,0,0,0,71000,0,71000,71000
061368,南六國票9A購01  ,0,0,0,0,0,0,0,0,0,71000,0,0,0,144000,73000,71000,71000
061584,勤誠元大9A購01  ,0,0,0,0,0,0,0,0,0,71000,0,0,0,81000,10000,71000,71000
064018,儒鴻元大9C購02  ,0,0,0,0,0,0,0,0,0,71000,0,0,0,84000,13000,71000,71000
064086,旺宏凱基9C購01  ,0,0,0,0,0,0,0,0,0,71000,0,0,0,179000,108000,71000,71000
063717,宏達電兆豐9B購02,0,0,0,0,0,0,0,0,0,71000,0,0,0,71000,0,71000,71000
065072,和大元大9C購03  ,0,0,0,0,0,0,0,0,0,71000,0,0,0,91000,20000,71000,71000
2441,超豐            ,441000,358000,83000,0,0,0,0,2000,-2000,-10000,1000,11000,-10000,0,0,0,71000
08385P,臺股指群益9C售13,0,0,0,0,0,0,0,0,0,70000,0,0,0,73000,3000,70000,70000
08804P,國巨元富07售08  ,0,0,0,0,0,0,0,0,0,70000,0,0,0,71000,1000,70000,70000
06765P,欣興元大98售11  ,0,0,0,0,0,0,0,0,0,70000,0,0,0,160000,90000,70000,70000
066058,TPK元大01購02   ,0,0,0,0,0,0,0,0,0,70000,0,0,0,71000,1000,70000,70000
06242P,大立光元富9A售02,0,0,0,0,0,0,0,0,0,70000,0,0,0,111000,41000,70000,70000
062311,奇力新凱基9B購01,0,0,0,0,0,0,0,0,0,70000,0,0,0,70000,0,70000,70000
062292,旭富永豐9B購01  ,0,0,0,0,0,0,0,0,0,70000,0,0,0,70000,0,70000,70000
057011,日月光中信99購01,0,0,0,0,0,0,0,0,0,70000,0,0,0,100000,30000,70000,70000
055105,鴻海凱基98購05  ,0,0,0,0,0,0,0,0,0,70000,0,0,0,70000,0,70000,70000
055899,群創中信99購01  ,0,0,0,0,0,0,0,0,0,70000,0,0,0,180000,110000,70000,70000
056130,新日興麥證97購01,0,0,0,70000,0,70000,0,0,0,70000,0,0,0,70000,0,70000,70000
053912,T50反1國票97購02,0,0,0,0,0,0,0,0,0,70000,0,0,0,70000,0,70000,70000
061531,奇鋐台新9A購01  ,0,0,0,0,0,0,0,0,0,70000,0,0,0,70000,0,70000,70000
060054,華新科凱基9B購04,0,0,0,0,0,0,0,0,0,70000,0,0,0,150000,80000,70000,70000
059028,嘉聯益台新99購02,0,0,0,0,0,0,0,0,0,70000,0,0,0,70000,0,70000,70000
062579,華通統一01購02  ,0,0,0,0,0,0,0,0,0,70000,0,0,0,70000,0,70000,70000
059569,旺宏凱基99購09  ,0,0,0,0,0,0,0,0,0,70000,0,0,0,70000,0,70000,70000
059925,可成國泰9B購01  ,0,0,0,0,0,0,0,0,0,70000,0,0,0,70000,0,70000,70000
059249,大立光凱基99購05,0,0,0,0,0,0,0,0,0,70000,0,0,0,90000,20000,70000,70000
061180,華擎凱基9B購01  ,0,0,0,0,0,0,0,0,0,70000,0,0,0,70000,0,70000,70000
062995,聚陽國票9C購01  ,0,0,0,0,0,0,0,0,0,70000,0,0,0,75000,5000,70000,70000
065219,緯穎國泰01購01  ,0,0,0,0,0,0,0,0,0,70000,0,0,0,118000,48000,70000,70000
065328,緯穎凱基9C購03  ,0,0,0,0,0,0,0,0,0,70000,0,0,0,70000,0,70000,70000
065016,臺指反富邦01購01,0,0,0,0,0,0,0,0,0,70000,0,0,0,70000,0,70000,70000
065733,茂林凱基9C購03  ,0,0,0,0,0,0,0,0,0,70000,0,0,0,70000,0,70000,70000
065836,T50反1元大9C購11,0,0,0,0,0,0,0,0,0,70000,0,0,0,70000,0,70000,70000
065663,凌華永豐9C購01  ,0,0,0,0,0,0,0,0,0,70000,0,0,0,70000,0,70000,70000
065417,嘉晶國票01購02  ,0,0,0,0,0,0,0,0,0,70000,0,0,0,100000,30000,70000,70000
064060,同欣電麥證01購01,0,0,0,70000,0,70000,0,0,0,70000,0,0,0,70000,0,70000,70000
064173,國產元富9C購01  ,0,0,0,0,0,0,0,0,0,70000,0,0,0,476000,406000,70000,70000
064590,牧德永豐9C購01  ,0,0,0,0,0,0,0,0,0,70000,0,0,0,70000,0,70000,70000
08659P,聯發科統一9C售20,0,0,0,0,0,0,0,0,0,69000,0,0,0,80000,11000,69000,69000
1325,恆大            ,400000,324000,76000,0,0,0,0,0,0,-7000,20000,27000,-7000,0,0,0,69000
08399P,技嘉元富9C售02  ,0,0,0,0,0,0,0,0,0,69000,0,0,0,173000,104000,69000,69000
046384,群創凱基98購02  ,0,0,0,0,0,0,0,0,0,69000,0,0,0,189000,120000,69000,69000
055604,訊芯元大98購02  ,0,0,0,0,0,0,0,0,0,69000,0,0,0,69000,0,69000,69000
058327,大毅統一9B購01  ,0,0,0,0,0,0,0,0,0,69000,0,0,0,142000,73000,69000,69000
063139,聯發科統一9B購07,0,0,0,0,0,0,0,0,0,69000,0,0,0,79000,10000,69000,69000
064508,力成元大9C購03  ,0,0,0,0,0,0,0,0,0,69000,0,0,0,211000,142000,69000,69000
064212,可成凱基03購01  ,0,0,0,0,0,0,0,0,0,69000,0,0,0,286000,217000,69000,69000
064329,國巨元大01購03  ,0,0,0,0,0,0,0,0,0,69000,0,0,0,74000,5000,69000,69000
064841,彩晶統一02購02  ,0,0,0,0,0,0,0,0,0,69000,0,0,0,69000,0,69000,69000
065205,金寶國票01購01  ,0,0,0,0,0,0,0,0,0,69000,0,0,0,95000,26000,69000,69000
2228,劍麟            ,148000,83000,65000,0,0,0,0,0,0,4000,0,0,0,5000,1000,4000,69000
4306,炎洲            ,128000,65000,63000,0,0,0,0,0,0,6000,9000,3000,6000,0,0,0,69000
00639,富邦深100       ,388000,146000,242000,0,0,0,0,0,0,-173799,20000,60000,-40000,1412201,1546000,-133799,68201
066269,宏達電元大01購03,0,0,0,0,0,0,0,0,0,68000,0,0,0,70000,2000,68000,68000
056511,超眾永豐98購01  ,0,0,0,0,0,0,0,0,0,68000,0,0,0,68000,0,68000,68000
058263,大成鋼永豐99購01,0,0,0,0,0,0,0,0,0,68000,0,0,0,68000,0,68000,68000
057377,康控元大99購02  ,0,0,0,0,0,0,0,0,0,68000,0,0,0,95000,27000,68000,68000
057524,旺宏元大99購04  ,0,0,0,0,0,0,0,0,0,68000,0,0,0,69000,1000,68000,68000
057859,神達康和98購01  ,0,0,0,0,0,0,0,0,0,68000,0,0,0,203000,135000,68000,68000
057819,新日興元大99購01,0,0,0,0,0,0,0,0,0,68000,0,0,0,93000,25000,68000,68000
057277,可成元大98購05  ,0,0,0,0,0,0,0,0,0,68000,0,0,0,68000,0,68000,68000
057178,可成元大98購03  ,0,0,0,0,0,0,0,0,0,68000,0,0,0,68000,0,68000,68000
062441,華新科元大9C購01,0,0,0,0,0,0,0,0,0,68000,0,0,0,118000,50000,68000,68000
057650,力成元大98購04  ,0,0,0,0,0,0,0,0,0,68000,0,0,0,68000,0,68000,68000
058688,矽創凱基9A購01  ,0,0,0,0,0,0,0,0,0,68000,0,0,0,68000,0,68000,68000
058705,長榮航元大99購01,0,0,0,0,0,0,0,0,0,68000,0,0,0,68000,0,68000,68000
063285,華擎元大9B購03  ,0,0,0,0,0,0,0,0,0,68000,0,0,0,144000,76000,68000,68000
060415,葡萄王永豐9A購01,0,0,0,0,0,0,0,0,0,68000,0,0,0,68000,0,68000,68000
060710,上銀永豐9A購01  ,0,0,0,0,0,0,0,0,0,68000,0,0,0,78000,10000,68000,68000
060254,世紀鋼元大9A購01,0,0,0,0,0,0,0,0,0,68000,0,0,0,90000,22000,68000,68000
062621,緯穎元大9B購05  ,0,0,0,0,0,0,0,0,0,68000,0,0,0,68000,0,68000,68000
062169,禾伸堂永豐9B購01,0,0,0,0,0,0,0,0,0,68000,0,0,0,68000,0,68000,68000
065178,和碩元大9C購01  ,0,0,0,0,0,0,0,0,0,68000,0,0,0,147000,79000,68000,68000
065125,奇力新永豐9C購01,0,0,0,0,0,0,0,0,0,68000,0,0,0,68000,0,68000,68000
065092,健鼎元大9C購02  ,0,0,0,0,0,0,0,0,0,68000,0,0,0,68000,0,68000,68000
065256,上銀元大9C購10  ,0,0,0,0,0,0,0,0,0,68000,0,0,0,68000,0,68000,68000
065484,康友元大9C購01  ,0,0,0,0,0,0,0,0,0,68000,0,0,0,68000,0,68000,68000
065471,和大元大9C購05  ,0,0,0,0,0,0,0,0,0,68000,0,0,0,68000,0,68000,68000
064205,台灣50凱基01購14,0,0,0,0,0,0,0,0,0,68000,0,0,0,68000,0,68000,68000
063414,鴻海凱基03購01  ,0,0,0,0,0,0,0,0,0,68000,0,0,0,77000,9000,68000,68000
063649,南六元大9C購02  ,0,0,0,0,0,0,0,0,0,68000,0,0,0,90000,22000,68000,68000
066409,勤誠凱基01購01  ,0,0,0,0,0,0,0,0,0,67000,0,0,0,67000,0,67000,67000
066677,台泥兆豐03購01  ,0,0,0,0,0,0,0,0,0,67000,0,0,0,187000,120000,67000,67000
058752,鈺齊凱基9A購01  ,0,0,0,0,0,0,0,0,0,67000,0,0,0,72000,5000,67000,67000
057195,南茂元大98購01  ,0,0,0,0,0,0,0,0,0,67000,0,0,0,67000,0,67000,67000
057556,智易凱基99購01  ,0,0,0,0,0,0,0,0,0,67000,0,0,0,77000,10000,67000,67000
057502,訊芯群益98購02  ,0,0,0,0,0,0,0,0,0,67000,0,0,0,106000,39000,67000,67000
060931,GIS永豐9A購01   ,0,0,0,0,0,0,0,0,0,67000,0,0,0,97000,30000,67000,67000
060189,宏達電元富9B購03,0,0,0,0,0,0,0,0,0,67000,0,0,0,70000,3000,67000,67000
060736,旺宏統一01購01  ,0,0,0,0,0,0,0,0,0,67000,0,0,0,67000,0,67000,67000
061257,上銀凱基9A購06  ,0,0,0,0,0,0,0,0,0,67000,0,0,0,68000,1000,67000,67000
061488,奇力新兆豐9A購01,0,0,0,0,0,0,0,0,0,67000,0,0,0,67000,0,67000,67000
063029,喬山凱基9B購01  ,0,0,0,0,0,0,0,0,0,67000,0,0,0,67000,0,67000,67000
063756,鴻海統一9B購09  ,0,0,0,0,0,0,0,0,0,67000,0,0,0,81000,14000,67000,67000
064574,達方群益01購01  ,0,0,0,0,0,0,0,0,0,67000,0,0,0,164000,97000,67000,67000
064670,智伸科元大9C購01,0,0,0,0,0,0,0,0,0,67000,0,0,0,104000,37000,67000,67000
066878,牧德富邦03購01  ,0,0,0,0,0,0,0,0,0,66000,0,0,0,66000,0,66000,66000
056986,超眾群益98購03  ,0,0,0,0,0,0,0,0,0,66000,0,0,0,66000,0,66000,66000
056944,鴻海統一98購11  ,0,0,0,0,0,0,0,0,0,66000,0,0,0,116000,50000,66000,66000
057278,可成元大98購06  ,0,0,0,0,0,0,0,0,0,66000,0,0,0,266000,200000,66000,66000
057803,上銀元大98購08  ,0,0,0,0,0,0,0,0,0,66000,0,0,0,68000,2000,66000,66000
062442,華新科元大9C購02,0,0,0,0,0,0,0,0,0,66000,0,0,0,68000,2000,66000,66000
054890,聯鈞統一99購01  ,0,0,0,0,0,0,0,0,0,66000,0,0,0,71000,5000,66000,66000
00647L,元大S&P500正2   ,9000,9000,0,0,0,0,0,0,0,66000,0,0,0,211000,145000,66000,66000
063079,儒鴻凱基9B購01  ,0,0,0,0,0,0,0,0,0,66000,0,0,0,66000,0,66000,66000
063357,聯發科國泰01購04,0,0,0,0,0,0,0,0,0,66000,0,0,0,76000,10000,66000,66000
062617,京鼎元大9B購01  ,0,0,0,0,0,0,0,0,0,66000,0,0,0,83000,17000,66000,66000
062604,東元凱基9B購01  ,0,0,0,0,0,0,0,0,0,66000,0,0,0,103000,37000,66000,66000
059912,國巨元大99購28  ,0,0,0,0,0,0,0,0,0,66000,0,0,0,79000,13000,66000,66000
060228,亞德客元大9A購01,0,0,0,0,0,0,0,0,0,66000,0,0,0,66000,0,66000,66000
061625,聯茂群益9A購02  ,0,0,0,0,0,0,0,0,0,66000,0,0,0,116000,50000,66000,66000
063750,和鑫國票9B購01  ,0,0,0,0,0,0,0,0,0,66000,0,0,0,76000,10000,66000,66000
063761,嘉澤統一02購01  ,0,0,0,0,0,0,0,0,0,66000,0,0,0,368000,302000,66000,66000
063692,華擎永豐9B購02  ,0,0,0,0,0,0,0,0,0,66000,0,0,0,66000,0,66000,66000
063697,香港反群益9C購01,0,0,0,0,0,0,0,0,0,66000,0,0,0,186000,120000,66000,66000
065795,康友永豐9C購02  ,0,0,0,0,0,0,0,0,0,66000,0,0,0,66000,0,66000,66000
065737,南茂凱基9C購02  ,0,0,0,0,0,0,0,0,0,66000,0,0,0,138000,72000,66000,66000
065921,GIS凱基01購02   ,0,0,0,0,0,0,0,0,0,66000,0,0,0,79000,13000,66000,66000
066792,T50反1凱基01購03,0,0,0,0,0,0,0,0,0,65000,0,0,0,70000,5000,65000,65000
1773,勝一            ,123000,59000,64000,0,0,0,0,0,0,1000,1000,0,1000,0,0,0,65000
08672P,聯發科統一01售09,0,0,0,0,0,0,0,0,0,65000,0,0,0,65000,0,65000,65000
055003,群創元富99購05  ,0,0,0,0,0,0,0,0,0,65000,0,0,0,65000,0,65000,65000
054756,世紀鋼凱基99購01,0,0,0,0,0,0,0,0,0,65000,0,0,0,80000,15000,65000,65000
056161,康控凱基98購02  ,0,0,0,0,0,0,0,0,0,65000,0,0,0,100000,35000,65000,65000
057600,大立光群益99購03,0,0,0,0,0,0,0,0,0,65000,0,0,0,65000,0,65000,65000
060959,金像電凱基9A購01,0,0,0,0,0,0,0,0,0,65000,0,0,0,101000,36000,65000,65000
059480,美律群益9A購01  ,0,0,0,0,0,0,0,0,0,65000,0,0,0,122000,57000,65000,65000
062148,奇鋐國票9B購01  ,0,0,0,0,0,0,0,0,0,65000,0,0,0,92000,27000,65000,65000
060450,南亞元大9A購02  ,0,0,0,0,0,0,0,0,0,65000,0,0,0,130000,65000,65000,65000
062916,智易元大9B購01  ,0,0,0,0,0,0,0,0,0,65000,0,0,0,65000,0,65000,65000
063203,華新科統一9C購04,0,0,0,0,0,0,0,0,0,65000,0,0,0,66000,1000,65000,65000
06139P,台積電中信99售02,0,0,0,0,0,0,0,0,0,65000,0,0,0,165000,100000,65000,65000
061269,嘉澤凱基9A購01  ,0,0,0,0,0,0,0,0,0,65000,0,0,0,84000,19000,65000,65000
062720,南亞科凱基9B購03,0,0,0,0,0,0,0,0,0,65000,0,0,0,74000,9000,65000,65000
062751,華擎中信9C購01  ,0,0,0,0,0,0,0,0,0,65000,0,0,0,86000,21000,65000,65000
065953,宏達電統一03購01,0,0,0,0,0,0,0,0,0,65000,0,0,0,65000,0,65000,65000
065398,國泰金群益9C購01,0,0,0,0,0,0,0,0,0,65000,0,0,0,65000,0,65000,65000
064101,可成群益01購01  ,0,0,0,0,0,0,0,0,0,65000,0,0,0,76000,11000,65000,65000
064403,正崴凱基01購01  ,0,0,0,0,0,0,0,0,0,65000,0,0,0,143000,78000,65000,65000
5515,建國            ,113000,48000,65000,0,0,0,0,0,0,0,0,0,0,0,0,0,65000
2546,根基            ,141000,66000,75000,0,0,0,0,0,0,-10000,0,10000,-10000,0,0,0,65000
8996,高力            ,233000,168000,65000,0,0,0,0,0,0,0,0,0,0,0,0,0,65000
08428P,GIS國票01售01   ,0,0,0,0,0,0,0,0,0,64000,0,0,0,65000,1000,64000,64000
08161P,台表科元富9B售02,0,0,0,0,0,0,0,0,0,64000,0,0,0,70000,6000,64000,64000
07190P,臺股指富邦9C售02,0,0,0,0,0,0,0,0,0,64000,0,0,0,66000,2000,64000,64000
066026,泰碩群益03購01  ,0,0,0,0,0,0,0,0,0,64000,0,0,0,158000,94000,64000,64000
062767,GIS凱基9B購02   ,0,0,0,0,0,0,0,0,0,64000,0,0,0,79000,15000,64000,64000
061510,嘉澤富邦9C購01  ,0,0,0,0,0,0,0,0,0,64000,0,0,0,67000,3000,64000,64000
063214,康控國票9C購01  ,0,0,0,0,0,0,0,0,0,64000,0,0,0,109000,45000,64000,64000
061896,景碩永豐9B購01  ,0,0,0,0,0,0,0,0,0,64000,0,0,0,119000,55000,64000,64000
061773,和潤元大9B購01  ,0,0,0,0,0,0,0,0,0,64000,0,0,0,64000,0,64000,64000
059461,鈺齊永豐99購03  ,0,0,0,0,0,0,0,0,0,64000,0,0,0,64000,0,64000,64000
064241,貿聯統一02購02  ,0,0,0,0,0,0,0,0,0,64000,0,0,0,64000,0,64000,64000
064509,台表科元大9C購08,0,0,0,0,0,0,0,0,0,64000,0,0,0,317000,253000,64000,64000
063806,瀚宇博兆豐01購01,0,0,0,0,0,0,0,0,0,64000,0,0,0,64000,0,64000,64000
066801,奇鋐凱基01購02  ,0,0,0,0,0,0,0,0,0,63000,0,0,0,104000,41000,63000,63000
062559,嘉晶凱基9B購02  ,0,0,0,0,0,0,0,0,0,63000,0,0,0,92000,29000,63000,63000
061819,茂林群益9B購01  ,0,0,0,0,0,0,0,0,0,63000,0,0,0,120000,57000,63000,63000
062160,南六凱基9B購01  ,0,0,0,0,0,0,0,0,0,63000,0,0,0,63000,0,63000,63000
059278,群創元大9A購04  ,0,0,0,0,0,0,0,0,0,63000,0,0,0,63000,0,63000,63000
064527,裕隆中信01購01  ,0,0,0,0,0,0,0,0,0,63000,0,0,0,110000,47000,63000,63000
065623,瑞昱中信04購01  ,0,0,0,0,0,0,0,0,0,63000,0,0,0,80000,17000,63000,63000
064791,友達國票9C購01  ,0,0,0,0,0,0,0,0,0,63000,0,0,0,63000,0,63000,63000
065018,台達電富邦03購01,0,0,0,0,0,0,0,0,0,63000,0,0,0,67000,4000,63000,63000
064949,南亞科凱基9C購01,0,0,0,0,0,0,0,0,0,63000,0,0,0,113000,50000,63000,63000
066816,泰鼎兆豐03購01  ,0,0,0,0,0,0,0,0,0,62000,0,0,0,62000,0,62000,62000
066322,群光永豐01購01  ,0,0,0,0,0,0,0,0,0,62000,0,0,0,62000,0,62000,62000
08145P,台灣50群益9B售11,0,0,0,0,0,0,0,0,0,62000,0,0,0,62000,0,62000,62000
054828,正崴國泰99購01  ,0,0,0,0,0,0,0,0,0,62000,0,0,0,67000,5000,62000,62000
054471,T50反1中信9C購01,0,0,0,0,0,0,0,0,0,62000,0,0,0,290000,228000,62000,62000
058985,可成凱基99購03  ,0,0,0,0,0,0,0,0,0,62000,0,0,0,107000,45000,62000,62000
058189,嘉澤永豐99購01  ,0,0,0,0,0,0,0,0,0,62000,0,0,0,70000,8000,62000,62000
062598,華通台新9B購02  ,0,0,0,0,0,0,0,0,0,62000,0,0,0,63000,1000,62000,62000
062143,大成鋼國票9B購01,0,0,0,0,0,0,0,0,0,62000,0,0,0,117000,55000,62000,62000
06083P,華通統一98售02  ,0,0,0,0,0,0,0,0,0,62000,0,0,0,62000,0,62000,62000
059500,鴻海元富99購11  ,0,0,0,0,0,0,0,0,0,62000,0,0,0,62000,0,62000,62000
063050,葡萄王統一01購01,0,0,0,0,0,0,0,0,0,62000,0,0,0,62000,0,62000,62000
062002,鴻海國泰01購01  ,0,0,0,0,0,0,0,0,0,62000,0,0,0,72000,10000,62000,62000
061118,GIS富邦9A購01   ,0,0,0,0,0,0,0,0,0,62000,0,0,0,62000,0,62000,62000
064570,TPK群益9C購03   ,0,0,0,0,0,0,0,0,0,62000,0,0,0,63000,1000,62000,62000
064230,上銀統一01購04  ,0,0,0,0,0,0,0,0,0,62000,0,0,0,62000,0,62000,62000
063916,瀚宇博凱基01購01,0,0,0,0,0,0,0,0,0,62000,0,0,0,269000,207000,62000,62000
063625,儒鴻元大9B購03  ,0,0,0,0,0,0,0,0,0,62000,0,0,0,74000,12000,62000,62000
2365,昆盈            ,73000,11000,62000,0,0,0,0,0,0,0,0,0,0,0,0,0,62000
07964P,大立光統一9B售12,0,0,0,0,0,0,0,0,0,61000,0,0,0,61000,0,61000,61000
08377P,臻鼎元富9C售02  ,0,0,0,0,0,0,0,0,0,61000,0,0,0,61000,0,61000,61000
066034,南六群益02購02  ,0,0,0,0,0,0,0,0,0,61000,0,0,0,196000,135000,61000,61000
066808,牧德凱基01購01  ,0,0,0,0,0,0,0,0,0,61000,0,0,0,61000,0,61000,61000
066724,台達電元大01購01,0,0,0,0,0,0,0,0,0,61000,0,0,0,107000,46000,61000,61000
057857,牧德國票99購01  ,0,0,0,0,0,0,0,0,0,61000,0,0,0,61000,0,61000,61000
057930,旺宏群益99購04  ,0,0,0,0,0,0,0,0,0,61000,0,0,0,73000,12000,61000,61000
062462,GIS群益9B購01   ,0,0,0,0,0,0,0,0,0,61000,0,0,0,61000,0,61000,61000
061086,FBVIX統一01購01 ,0,0,0,0,0,0,0,0,0,61000,0,0,0,61000,0,61000,61000
062030,旭富群益9B購01  ,0,0,0,0,0,0,0,0,0,61000,0,0,0,87000,26000,61000,61000
062849,中興電永豐9B購02,0,0,0,0,0,0,0,0,0,61000,0,0,0,65000,4000,61000,61000
062582,鴻海統一9C購11  ,0,0,0,0,0,0,0,0,0,61000,0,0,0,77000,16000,61000,61000
060908,金像電元大9A購03,0,0,0,0,0,0,0,0,0,61000,0,0,0,73000,12000,61000,61000
062650,南電富邦01購01  ,0,0,0,0,0,0,0,0,0,61000,0,0,0,110000,49000,61000,61000
060661,台積電凱基9A購18,0,0,0,0,0,0,0,0,0,61000,0,0,0,61000,0,61000,61000
059170,康控凱基9B購01  ,0,0,0,0,0,0,0,0,0,61000,0,0,0,92000,31000,61000,61000
063467,大立光元大9C購06,0,0,0,0,0,0,0,0,0,61000,0,0,0,110000,49000,61000,61000
064377,宏達電元富9C購01,0,0,0,0,0,0,0,0,0,61000,0,0,0,102000,41000,61000,61000
065446,宏達電統一9C購02,0,0,0,0,0,0,0,0,0,61000,0,0,0,61000,0,61000,61000
065703,大毅群益9C購01  ,0,0,0,0,0,0,0,0,0,61000,0,0,0,96000,35000,61000,61000
2459,敦吉            ,64000,3000,61000,0,0,0,0,0,0,0,0,0,0,0,0,0,61000
2414,精技            ,113000,52000,61000,0,0,0,0,0,0,0,0,0,0,0,0,0,61000
07187P,臺股指台新99售10,0,0,0,0,0,0,0,0,0,60000,0,0,0,60000,0,60000,60000
07121P,華新科凱基99售03,0,0,0,0,0,0,0,0,0,60000,0,0,0,80000,20000,60000,60000
07034P,大立光元富99售03,0,0,0,0,0,0,0,0,0,60000,0,0,0,89000,29000,60000,60000
06603P,立積統一99售01  ,0,0,0,0,0,0,0,0,0,60000,0,0,0,60000,0,60000,60000
066550,國泰金元大01購01,0,0,0,0,0,0,0,0,0,60000,0,0,0,90000,30000,60000,60000
058751,南茂凱基9A購01  ,0,0,0,0,0,0,0,0,0,60000,0,0,0,60000,0,60000,60000
058630,日月光國票9A購01,0,0,0,0,0,0,0,0,0,60000,0,0,0,498000,438000,60000,60000
057671,群創元大9B購06  ,0,0,0,0,0,0,0,0,0,60000,0,0,0,273000,213000,60000,60000
058151,台積電統一9A購04,0,0,0,0,0,0,0,0,0,60000,0,0,0,60000,0,60000,60000
058104,國巨統一9A購04  ,0,0,0,0,0,0,0,0,0,60000,0,0,0,95000,35000,60000,60000
057841,茂林富邦9A購02  ,0,0,0,0,0,0,0,0,0,60000,0,0,0,110000,50000,60000,60000
057597,華通群益9A購02  ,0,0,0,0,0,0,0,0,0,60000,0,0,0,60000,0,60000,60000
057767,緯穎凱基98購06  ,0,0,0,0,0,0,0,0,0,60000,0,0,0,60000,0,60000,60000
057546,台積電凱基02購01,0,0,0,0,0,0,0,0,0,60000,0,0,0,60000,0,60000,60000
057241,超眾凱基99購02  ,0,0,0,0,0,0,0,0,0,60000,0,0,0,60000,0,60000,60000
057080,華新科統一99購02,0,0,0,0,0,0,0,0,0,60000,0,0,0,60000,0,60000,60000
057073,康控永豐98購01  ,0,0,0,0,0,0,0,0,0,60000,0,0,0,60000,0,60000,60000
056840,友達元富98購02  ,0,0,0,0,0,0,0,0,0,60000,0,0,0,60000,0,60000,60000
057515,智原元富98購02  ,0,0,0,0,0,0,0,0,0,60000,0,0,0,60000,0,60000,60000
057453,矽創元富98購01  ,0,0,0,0,0,0,0,0,0,60000,0,0,0,60000,0,60000,60000
058229,為升元大99購02  ,0,0,0,0,0,0,0,0,0,60000,0,0,0,100000,40000,60000,60000
058863,可成凱基99購02  ,0,0,0,0,0,0,0,0,0,60000,0,0,0,62000,2000,60000,60000
056767,大毅元大99購01  ,0,0,0,0,0,0,0,0,0,60000,0,0,0,225000,165000,60000,60000
054370,台積電中信9A購01,0,0,0,0,0,0,0,0,0,60000,0,0,0,98000,38000,60000,60000
056404,嘉聯益群益9A購01,0,0,0,0,0,0,0,0,0,60000,0,0,0,70000,10000,60000,60000
054425,聯發科富邦99購03,0,0,0,0,0,0,0,0,0,60000,0,0,0,60000,0,60000,60000
047547,友達凱基99購02  ,0,0,0,0,0,0,0,0,0,60000,0,0,0,60000,0,60000,60000
059914,台積電元大99購47,0,0,0,0,0,0,0,0,0,60000,0,0,0,60000,0,60000,60000
060831,T50反1國票9B購03,0,0,0,0,0,0,0,0,0,60000,0,0,0,60000,0,60000,60000
063308,緯穎凱基9B購05  ,0,0,0,0,0,0,0,0,0,60000,0,0,0,60000,0,60000,60000
063326,正隆國票9B購01  ,0,0,0,0,0,0,0,0,0,60000,0,0,0,98000,38000,60000,60000
063337,國巨統一02購02  ,0,0,0,0,0,0,0,0,0,60000,0,0,0,60000,0,60000,60000
062759,旺宏凱基9B購07  ,0,0,0,0,0,0,0,0,0,60000,0,0,0,73000,13000,60000,60000
061717,力成凱基9B購01  ,0,0,0,0,0,0,0,0,0,60000,0,0,0,110000,50000,60000,60000
061256,亞德客凱基9B購01,0,0,0,0,0,0,0,0,0,60000,0,0,0,60000,0,60000,60000
065697,旺宏群益9C購07  ,0,0,0,0,0,0,0,0,0,60000,0,0,0,60000,0,60000,60000
06593P,欣興元大98售05  ,0,0,0,0,0,0,0,0,0,60000,0,0,0,60000,0,60000,60000
064952,國泰金凱基9C購01,0,0,0,0,0,0,0,0,0,60000,0,0,0,60000,0,60000,60000
064922,玉晶光統一01購10,0,0,0,0,0,0,0,0,0,60000,0,0,0,60000,0,60000,60000
065291,日電貿群益01購01,0,0,0,0,0,0,0,0,0,60000,0,0,0,60000,0,60000,60000
064399,和大凱基02購01  ,0,0,0,0,0,0,0,0,0,60000,0,0,0,60000,0,60000,60000
064415,群創麥證9C購01  ,0,0,0,60000,0,60000,0,0,0,60000,0,0,0,60000,0,60000,60000
063942,台積電元大01購03,0,0,0,0,0,0,0,0,0,60000,0,0,0,60000,0,60000,60000
066862,台達電台新01購01,0,0,0,0,0,0,0,0,0,59000,0,0,0,60000,1000,59000,59000
07990P,緯穎凱基9B售02  ,0,0,0,0,0,0,0,0,0,59000,0,0,0,368000,309000,59000,59000
08009P,華擎統一9B售02  ,0,0,0,0,0,0,0,0,0,59000,0,0,0,59000,0,59000,59000
07610P,大立光國票9A售04,0,0,0,0,0,0,0,0,0,59000,0,0,0,59000,0,59000,59000
1410,南染            ,59000,0,59000,0,0,0,0,0,0,0,0,0,0,0,0,0,59000
052572,群創凱基99購01  ,0,0,0,0,0,0,0,0,0,59000,0,0,0,256000,197000,59000,59000
054628,可成凱基98購01  ,0,0,0,0,0,0,0,0,0,59000,0,0,0,129000,70000,59000,59000
057267,康控兆豐99購01  ,0,0,0,0,0,0,0,0,0,59000,0,0,0,164000,105000,59000,59000
057872,旺宏元大99購06  ,0,0,0,0,0,0,0,0,0,59000,0,0,0,69000,10000,59000,59000
058780,牧德國票9A購01  ,0,0,0,0,0,0,0,0,0,59000,0,0,0,61000,2000,59000,59000
062738,可成國票9B購02  ,0,0,0,0,0,0,0,0,0,59000,0,0,0,61000,2000,59000,59000
060346,華新科統一01購01,0,0,0,0,0,0,0,0,0,59000,0,0,0,74000,15000,59000,59000
063135,國巨統一9B購16  ,0,0,0,0,0,0,0,0,0,59000,0,0,0,143000,84000,59000,59000
062011,上銀富邦9C購01  ,0,0,0,0,0,0,0,0,0,59000,0,0,0,59000,0,59000,59000
059358,旺宏永豐99購02  ,0,0,0,0,0,0,0,0,0,59000,0,0,0,59000,0,59000,59000
063967,華新科國票01購01,0,0,0,0,0,0,0,0,0,59000,0,0,0,62000,3000,59000,59000
063829,晶技國票01購01  ,0,0,0,0,0,0,0,0,0,59000,0,0,0,60000,1000,59000,59000
063475,同欣電元大9C購01,0,0,0,0,0,0,0,0,0,59000,0,0,0,139000,80000,59000,59000
065914,智邦凱基02購03  ,0,0,0,0,0,0,0,0,0,59000,0,0,0,59000,0,59000,59000
065755,日電貿元大9C購02,0,0,0,0,0,0,0,0,0,59000,0,0,0,62000,3000,59000,59000
066065,東元凱基04購01  ,0,0,0,0,0,0,0,0,0,58000,0,0,0,128000,70000,58000,58000
062270,上銀群益9B購03  ,0,0,0,0,0,0,0,0,0,58000,0,0,0,108000,50000,58000,58000
057538,緯穎元大98購07  ,0,0,0,0,0,0,0,0,0,58000,0,0,0,68000,10000,58000,58000
056599,臻鼎元富98購01  ,0,0,0,0,0,0,0,0,0,58000,0,0,0,92000,34000,58000,58000
059187,國巨富邦9B購02  ,0,0,0,0,0,0,0,0,0,58000,0,0,0,88000,30000,58000,58000
060098,華新科元大99購24,0,0,0,0,0,0,0,0,0,58000,0,0,0,58000,0,58000,58000
060122,亞德客永豐99購02,0,0,0,0,0,0,0,0,0,58000,0,0,0,58000,0,58000,58000
063250,同欣電元大9B購03,0,0,0,0,0,0,0,0,0,58000,0,0,0,58000,0,58000,58000
065744,華新元大9C購01  ,0,0,0,0,0,0,0,0,0,58000,0,0,0,58000,0,58000,58000
065784,正崴永豐9C購01  ,0,0,0,0,0,0,0,0,0,58000,0,0,0,80000,22000,58000,58000
065949,瑞昱統一01購06  ,0,0,0,0,0,0,0,0,0,58000,0,0,0,407000,349000,58000,58000
063965,漢唐國票01購01  ,0,0,0,0,0,0,0,0,0,58000,0,0,0,84000,26000,58000,58000
064583,光寶科永豐9C購01,0,0,0,0,0,0,0,0,0,58000,0,0,0,58000,0,58000,58000
4106,雃博            ,726000,668000,58000,0,0,0,0,0,0,0,0,0,0,0,0,0,58000
066078,南電凱基02購02  ,0,0,0,0,0,0,0,0,0,57000,0,0,0,65000,8000,57000,57000
066643,旺宏麥證01購01  ,0,0,0,57000,0,57000,0,0,0,57000,0,0,0,57000,0,57000,57000
053036,聯電凱基98購01  ,0,0,0,0,0,0,0,0,0,57000,0,0,0,57000,0,57000,57000
063252,緯穎元大9B購07  ,0,0,0,0,0,0,0,0,0,57000,0,0,0,67000,10000,57000,57000
062019,嘉澤永豐9B購01  ,0,0,0,0,0,0,0,0,0,57000,0,0,0,186000,129000,57000,57000
062046,矽格凱基9B購01  ,0,0,0,0,0,0,0,0,0,57000,0,0,0,192000,135000,57000,57000
061215,健策元大9A購06  ,0,0,0,0,0,0,0,0,0,57000,0,0,0,60000,3000,57000,57000
061381,台灣50群益9B購07,0,0,0,0,0,0,0,0,0,57000,0,0,0,58000,1000,57000,57000
061451,南電中信9A購03  ,0,0,0,0,0,0,0,0,0,57000,0,0,0,87000,30000,57000,57000
062549,中租永豐9B購01  ,0,0,0,0,0,0,0,0,0,57000,0,0,0,102000,45000,57000,57000
063482,緯穎元大9B購09  ,0,0,0,0,0,0,0,0,0,57000,0,0,0,68000,11000,57000,57000
063385,可成中信9C購01  ,0,0,0,0,0,0,0,0,0,57000,0,0,0,61000,4000,57000,57000
064896,華新科群益01購02,0,0,0,0,0,0,0,0,0,57000,0,0,0,57000,0,57000,57000
06687P,A50正2中信9A售01,0,0,0,0,0,0,0,0,0,56000,0,0,0,67000,11000,56000,56000
1439,中和            ,106000,50000,56000,0,0,0,0,0,0,0,0,0,0,0,0,0,56000
07905P,大立光群益9B售04,0,0,0,0,0,0,0,0,0,56000,0,0,0,119000,63000,56000,56000
051277,聯發科中信9A購01,0,0,0,0,0,0,0,0,0,56000,0,0,0,60000,4000,56000,56000
00675L,富邦臺灣加權正2 ,135000,85000,50000,0,0,0,0,0,0,6000,0,0,0,39000,33000,6000,56000
060943,宏達電國票9B購02,0,0,0,0,0,0,0,0,0,56000,0,0,0,56000,0,56000,56000
060008,華邦電群益9A購01,0,0,0,0,0,0,0,0,0,56000,0,0,0,56000,0,56000,56000
060416,神隆永豐9A購01  ,0,0,0,0,0,0,0,0,0,56000,0,0,0,67000,11000,56000,56000
065000,和大國票02購01  ,0,0,0,0,0,0,0,0,0,56000,0,0,0,148000,92000,56000,56000
065314,矽創國票01購02  ,0,0,0,0,0,0,0,0,0,56000,0,0,0,66000,10000,56000,56000
065625,聯發科兆豐9C購06,0,0,0,0,0,0,0,0,0,56000,0,0,0,127000,71000,56000,56000
063382,南茂永豐9B購01  ,0,0,0,0,0,0,0,0,0,56000,0,0,0,71000,15000,56000,56000
063978,美食兆豐9C購01  ,0,0,0,0,0,0,0,0,0,56000,0,0,0,56000,0,56000,56000
6431,光麗-KY         ,60000,4000,56000,0,0,0,0,0,0,0,0,0,0,0,0,0,56000
08375P,聯電元富9C售02  ,0,0,0,0,0,0,0,0,0,55000,0,0,0,160000,105000,55000,55000
08537P,台光電國票01售03,0,0,0,0,0,0,0,0,0,55000,0,0,0,62000,7000,55000,55000
06822P,上銀富邦99售03  ,0,0,0,0,0,0,0,0,0,55000,0,0,0,111000,56000,55000,55000
056363,華新科元大99購04,0,0,0,0,0,0,0,0,0,55000,0,0,0,55000,0,55000,55000
058573,鴻海群益9A購02  ,0,0,0,0,0,0,0,0,0,55000,0,0,0,77000,22000,55000,55000
058008,禾伸堂國票99購02,0,0,0,0,0,0,0,0,0,55000,0,0,0,55000,0,55000,55000
058016,智邦凱基98購06  ,0,0,0,0,0,0,0,0,0,55000,0,0,0,55000,0,55000,55000
058834,GIS永豐99購01   ,0,0,0,0,0,0,0,0,0,55000,0,0,0,71000,16000,55000,55000
058577,南亞科群益99購02,0,0,0,0,0,0,0,0,0,55000,0,0,0,55000,0,55000,55000
062170,健策永豐9B購04  ,0,0,0,0,0,0,0,0,0,55000,0,0,0,57000,2000,55000,55000
061516,力成永豐9A購02  ,0,0,0,0,0,0,0,0,0,55000,0,0,0,205000,150000,55000,55000
059063,康控凱基99購04  ,0,0,0,0,0,0,0,0,0,55000,0,0,0,158000,103000,55000,55000
059875,信邦凱基99購02  ,0,0,0,0,0,0,0,0,0,55000,0,0,0,75000,20000,55000,55000
064015,立積國票01購01  ,0,0,0,0,0,0,0,0,0,55000,0,0,0,55000,0,55000,55000
063419,聯發科凱基03購01,0,0,0,0,0,0,0,0,0,55000,0,0,0,125000,70000,55000,55000
064498,可成元大01購03  ,0,0,0,0,0,0,0,0,0,55000,0,0,0,67000,12000,55000,55000
064131,群創元大01購02  ,0,0,0,0,0,0,0,0,0,55000,0,0,0,125000,70000,55000,55000
065582,景碩國泰01購01  ,0,0,0,0,0,0,0,0,0,55000,0,0,0,136000,81000,55000,55000
065948,燿華統一01購02  ,0,0,0,0,0,0,0,0,0,55000,0,0,0,58000,3000,55000,55000
2302,麗正            ,84000,29000,55000,0,0,0,0,0,0,0,0,0,0,0,0,0,55000
3008,大立光          ,327369,250935,76434,0,0,0,0,66000,-66000,44000,29000,4000,25000,22000,3000,19000,54434
066182,康控凱基01購01  ,0,0,0,0,0,0,0,0,0,54000,0,0,0,109000,55000,54000,54000
066410,潤泰新凱基01購01,0,0,0,0,0,0,0,0,0,54000,0,0,0,162000,108000,54000,54000
062230,緯穎統一01購01  ,0,0,0,0,0,0,0,0,0,54000,0,0,0,70000,16000,54000,54000
052950,超眾國票98購01  ,0,0,0,0,0,0,0,0,0,54000,0,0,0,70000,16000,54000,54000
059181,世紀鋼元富9C購01,0,0,0,0,0,0,0,0,0,54000,0,0,0,145000,91000,54000,54000
061722,健策永豐9B購03  ,0,0,0,0,0,0,0,0,0,54000,0,0,0,69000,15000,54000,54000
062051,上銀統一9C購02  ,0,0,0,0,0,0,0,0,0,54000,0,0,0,54000,0,54000,54000
062081,華新科元大9B購06,0,0,0,0,0,0,0,0,0,54000,0,0,0,71000,17000,54000,54000
063333,同欣電國票9C購01,0,0,0,0,0,0,0,0,0,54000,0,0,0,54000,0,54000,54000
063307,同欣電凱基9B購02,0,0,0,0,0,0,0,0,0,54000,0,0,0,54000,0,54000,54000
065698,旺宏群益9C購08  ,0,0,0,0,0,0,0,0,0,54000,0,0,0,55000,1000,54000,54000
065111,瀚宇博國票01購01,0,0,0,0,0,0,0,0,0,54000,0,0,0,205000,151000,54000,54000
064781,嘉晶群益9C購04  ,0,0,0,0,0,0,0,0,0,54000,0,0,0,90000,36000,54000,54000
064854,祥碩麥證9C購01  ,0,0,0,124000,70000,54000,0,0,0,54000,0,0,0,124000,70000,54000,54000
064135,復盛元大9C購01  ,0,0,0,0,0,0,0,0,0,54000,0,0,0,54000,0,54000,54000
064112,宏碁國票01購01  ,0,0,0,0,0,0,0,0,0,54000,0,0,0,68000,14000,54000,54000
064381,道瓊銀國泰02購01,0,0,0,0,0,0,0,0,0,54000,0,0,0,119000,65000,54000,54000
063928,可成統一01購02  ,0,0,0,0,0,0,0,0,0,54000,0,0,0,68000,14000,54000,54000
3356,奇偶            ,224000,170000,54000,0,0,0,0,0,0,0,0,0,0,0,0,0,54000
2105,正新            ,1536428,1016000,520428,0,0,0,564000,1019000,-455000,-12000,11000,10000,1000,0,13000,-13000,53428
066676,A50正2兆豐03購01,0,0,0,0,0,0,0,0,0,53000,0,0,0,78000,25000,53000,53000
08609P,世紀鋼永豐9C售03,0,0,0,0,0,0,0,0,0,53000,0,0,0,63000,10000,53000,53000
08616P,聯發科元富9C售02,0,0,0,0,0,0,0,0,0,53000,0,0,0,82000,29000,53000,53000
08156P,大立光元富9B售05,0,0,0,0,0,0,0,0,0,53000,0,0,0,101000,48000,53000,53000
07546P,玉晶光凱基9A售09,0,0,0,0,0,0,0,0,0,53000,0,0,0,53000,0,53000,53000
00690,兆豐藍籌30      ,0,0,0,0,0,0,0,0,0,53000,0,0,0,277000,224000,53000,53000
055024,興勤國泰98購01  ,0,0,0,0,0,0,0,0,0,53000,0,0,0,53000,0,53000,53000
057624,新日興國泰99購01,0,0,0,0,0,0,0,0,0,53000,0,0,0,53000,0,53000,53000
061324,華新科凱基9C購01,0,0,0,0,0,0,0,0,0,53000,0,0,0,53000,0,53000,53000
060817,華邦電台新9A購01,0,0,0,0,0,0,0,0,0,53000,0,0,0,73000,20000,53000,53000
061019,大毅國票9A購01  ,0,0,0,0,0,0,0,0,0,53000,0,0,0,68000,15000,53000,53000
059673,玉山金元富99購01,0,0,0,0,0,0,0,0,0,53000,0,0,0,53000,0,53000,53000
061842,牧德凱基9C購01  ,0,0,0,0,0,0,0,0,0,53000,0,0,0,53000,0,53000,53000
064291,南六元大9C購04  ,0,0,0,0,0,0,0,0,0,53000,0,0,0,95000,42000,53000,53000
064450,致茂統一01購01  ,0,0,0,0,0,0,0,0,0,53000,0,0,0,102000,49000,53000,53000
064846,旺宏元富03購01  ,0,0,0,0,0,0,0,0,0,53000,0,0,0,60000,7000,53000,53000
065443,智邦統一9C購03  ,0,0,0,0,0,0,0,0,0,53000,0,0,0,97000,44000,53000,53000
08559P,瑞昱國票9C售01  ,0,0,0,0,0,0,0,0,0,52000,0,0,0,178000,126000,52000,52000
066868,聯發科元富07購01,0,0,0,0,0,0,0,0,0,52000,0,0,0,85000,33000,52000,52000
066177,上緯控凱基01購01,0,0,0,0,0,0,0,0,0,52000,0,0,0,245000,193000,52000,52000
057045,美律元大99購04  ,0,0,0,0,0,0,0,0,0,52000,0,0,0,130000,78000,52000,52000
058797,大毅元大99購03  ,0,0,0,0,0,0,0,0,0,52000,0,0,0,85000,33000,52000,52000
058718,台灣50元富03購01,0,0,0,0,0,0,0,0,0,52000,0,0,0,62000,10000,52000,52000
058398,中環元大99購02  ,0,0,0,0,0,0,0,0,0,52000,0,0,0,72000,20000,52000,52000
057335,技嘉國票99購01  ,0,0,0,0,0,0,0,0,0,52000,0,0,0,54000,2000,52000,52000
059706,嘉晶凱基99購01  ,0,0,0,0,0,0,0,0,0,52000,0,0,0,72000,20000,52000,52000
060370,滬深2X元富04購01,0,0,0,0,0,0,0,0,0,52000,0,0,0,84000,32000,52000,52000
065587,亞德客永豐9C購02,0,0,0,0,0,0,0,0,0,52000,0,0,0,86000,34000,52000,52000
2328,廣宇            ,360000,310000,50000,0,0,0,0,0,0,2000,2000,0,2000,0,0,0,52000
066054,創意元大01購02  ,0,0,0,0,0,0,0,0,0,51000,0,0,0,224000,173000,51000,51000
066050,亞光元大01購01  ,0,0,0,0,0,0,0,0,0,51000,0,0,0,122000,71000,51000,51000
066419,聯發科元大01購11,0,0,0,0,0,0,0,0,0,51000,0,0,0,59000,8000,51000,51000
07888P,大立光國票9B售01,0,0,0,0,0,0,0,0,0,51000,0,0,0,67000,16000,51000,51000
08390P,旺宏凱基9C售02  ,0,0,0,0,0,0,0,0,0,51000,0,0,0,70000,19000,51000,51000
054739,義隆凱基98購02  ,0,0,0,0,0,0,0,0,0,51000,0,0,0,72000,21000,51000,51000
056963,建準永豐98購01  ,0,0,0,0,0,0,0,0,0,51000,0,0,0,66000,15000,51000,51000
058273,同欣電永豐99購01,0,0,0,0,0,0,0,0,0,51000,0,0,0,141000,90000,51000,51000
057589,超眾國票9A購01  ,0,0,0,0,0,0,0,0,0,51000,0,0,0,77000,26000,51000,51000
061235,台積電元大9A購23,0,0,0,0,0,0,0,0,0,51000,0,0,0,333000,282000,51000,51000
062004,國巨國泰9C購03  ,0,0,0,0,0,0,0,0,0,51000,0,0,0,53000,2000,51000,51000
059695,聯鈞永豐99購02  ,0,0,0,0,0,0,0,0,0,51000,0,0,0,55000,4000,51000,51000
059785,美律元大9A購03  ,0,0,0,0,0,0,0,0,0,51000,0,0,0,61000,10000,51000,51000
061833,華新科凱基02購01,0,0,0,0,0,0,0,0,0,51000,0,0,0,51000,0,51000,51000
061574,大毅元大9B購01  ,0,0,0,0,0,0,0,0,0,51000,0,0,0,104000,53000,51000,51000
060841,宏達電國票9B購01,0,0,0,0,0,0,0,0,0,51000,0,0,0,94000,43000,51000,51000
065801,瑞昱群益9C購04  ,0,0,0,0,0,0,0,0,0,51000,0,0,0,51000,0,51000,51000
064358,台達電統一01購02,0,0,0,0,0,0,0,0,0,51000,0,0,0,51000,0,51000,51000
063841,國巨元大01購01  ,0,0,0,0,0,0,0,0,0,51000,0,0,0,63000,12000,51000,51000
063420,奇力新凱基9B購03,0,0,0,0,0,0,0,0,0,51000,0,0,0,119000,68000,51000,51000
3419,譁裕            ,153000,97000,56000,0,0,0,0,0,0,-5000,0,5000,-5000,0,0,0,51000
07509P,牧德國票9A售03  ,0,0,0,0,0,0,0,0,0,50000,0,0,0,50000,0,50000,50000
07233P,台灣50元大99售04,0,0,0,0,0,0,0,0,0,50000,0,0,0,50000,0,50000,50000
066413,鴻海元大01購06  ,0,0,0,0,0,0,0,0,0,50000,0,0,0,50000,0,50000,50000
066596,健策群益02購01  ,0,0,0,0,0,0,0,0,0,50000,0,0,0,50000,0,50000,50000
066566,康控元大01購01  ,0,0,0,0,0,0,0,0,0,50000,0,0,0,79000,29000,50000,50000
066261,華碩元大01購01  ,0,0,0,0,0,0,0,0,0,50000,0,0,0,60000,10000,50000,50000
066639,彩晶凱基05購01  ,0,0,0,0,0,0,0,0,0,50000,0,0,0,60000,10000,50000,50000
066758,智邦永豐01購01  ,0,0,0,0,0,0,0,0,0,50000,0,0,0,50000,0,50000,50000
057757,鴻海凱基98購13  ,0,0,0,0,0,0,0,0,0,50000,0,0,0,54000,4000,50000,50000
057992,大立光日盛98購01,0,0,0,0,0,0,0,0,0,50000,0,0,0,50000,0,50000,50000
058568,宏達電凱基9A購02,0,0,0,0,0,0,0,0,0,50000,0,0,0,52000,2000,50000,50000
056994,緯穎兆豐98購02  ,0,0,0,0,0,0,0,0,0,50000,0,0,0,50000,0,50000,50000
057110,立積群益98購01  ,0,0,0,0,0,0,0,0,0,50000,0,0,0,50000,0,50000,50000
058432,台積電統一9B購03,0,0,0,0,0,0,0,0,0,50000,0,0,0,50000,0,50000,50000
057637,上銀元大98購07  ,0,0,0,0,0,0,0,0,0,50000,0,0,0,50000,0,50000,50000
058772,茂林兆豐9A購01  ,0,0,0,0,0,0,0,0,0,50000,0,0,0,50000,0,50000,50000
058476,旺宏凱基9A購01  ,0,0,0,0,0,0,0,0,0,50000,0,0,0,50000,0,50000,50000
062358,國巨元大9B購12  ,0,0,0,0,0,0,0,0,0,50000,0,0,0,52000,2000,50000,50000
054567,拓凱群益98購01  ,0,0,0,0,0,0,0,0,0,50000,0,0,0,50000,0,50000,50000
054563,泰碩群益99購01  ,0,0,0,0,0,0,0,0,0,50000,0,0,0,50000,0,50000,50000
055569,聚陽統一98購01  ,0,0,0,0,0,0,0,0,0,50000,0,0,0,70000,20000,50000,50000
055809,T50反1國票98購02,0,0,0,0,0,0,0,0,0,50000,0,0,0,50000,0,50000,50000
056601,鈺齊元富98購01  ,0,0,0,0,0,0,0,0,0,50000,0,0,0,50000,0,50000,50000
058167,鴻海凱基9A購03  ,0,0,0,0,0,0,0,0,0,50000,0,0,0,54000,4000,50000,50000
054258,牧德元大97購01  ,0,0,0,0,0,0,0,0,0,50000,0,0,0,50000,0,50000,50000
054218,S&P反1統一98購02,0,0,0,0,0,0,0,0,0,50000,0,0,0,50000,0,50000,50000
052871,群創凱基98購07  ,0,0,0,0,0,0,0,0,0,50000,0,0,0,50000,0,50000,50000
056344,嘉晶凱基98購02  ,0,0,0,0,0,0,0,0,0,50000,0,0,0,67000,17000,50000,50000
051055,友達群益98購01  ,0,0,0,0,0,0,0,0,0,50000,0,0,0,50000,0,50000,50000
061565,滬深2X元大9A購08,0,0,0,0,0,0,0,0,0,50000,0,0,0,50000,0,50000,50000
059476,道瓊指群益9C購01,0,0,0,0,0,0,0,0,0,50000,0,0,0,50000,0,50000,50000
059754,訊芯群益9A購01  ,0,0,0,0,0,0,0,0,0,50000,0,0,0,50000,0,50000,50000
059952,旺宏康和99購01  ,0,0,0,0,0,0,0,0,0,50000,0,0,0,50000,0,50000,50000
060682,牧德元大9A購03  ,0,0,0,0,0,0,0,0,0,50000,0,0,0,50000,0,50000,50000
060551,大立光凱基9B購02,0,0,0,0,0,0,0,0,0,50000,0,0,0,59000,9000,50000,50000
060286,佳世達元大9C購01,0,0,0,0,0,0,0,0,0,50000,0,0,0,50000,0,50000,50000
061943,上銀群益9B購02  ,0,0,0,0,0,0,0,0,0,50000,0,0,0,50000,0,50000,50000
062076,美律元大9B購02  ,0,0,0,0,0,0,0,0,0,50000,0,0,0,50000,0,50000,50000
063009,國巨元大9B購18  ,0,0,0,0,0,0,0,0,0,50000,0,0,0,100000,50000,50000,50000
062974,奇力新元富9B購01,0,0,0,0,0,0,0,0,0,50000,0,0,0,59000,9000,50000,50000
062921,GIS元大9B購01   ,0,0,0,0,0,0,0,0,0,50000,0,0,0,50000,0,50000,50000
063301,鴻海凱基9B購08  ,0,0,0,0,0,0,0,0,0,50000,0,0,0,68000,18000,50000,50000
062908,晶豪科元大9B購03,0,0,0,0,0,0,0,0,0,50000,0,0,0,150000,100000,50000,50000
063271,中磊兆豐9C購01  ,0,0,0,0,0,0,0,0,0,50000,0,0,0,60000,10000,50000,50000
061207,美律元大9A購04  ,0,0,0,0,0,0,0,0,0,50000,0,0,0,50000,0,50000,50000
062778,國巨元大9B購17  ,0,0,0,0,0,0,0,0,0,50000,0,0,0,102000,52000,50000,50000
060386,台勝科凱基9B購01,0,0,0,0,0,0,0,0,0,50000,0,0,0,100000,50000,50000,50000
060384,葡萄王凱基9B購01,0,0,0,0,0,0,0,0,0,50000,0,0,0,50000,0,50000,50000
060811,亞德客凱基9A購02,0,0,0,0,0,0,0,0,0,50000,0,0,0,50000,0,50000,50000
061059,世芯國票9B購01  ,0,0,0,0,0,0,0,0,0,50000,0,0,0,50000,0,50000,50000
063469,牧德元大9C購02  ,0,0,0,0,0,0,0,0,0,50000,0,0,0,50000,0,50000,50000
063509,超眾群益9B購03  ,0,0,0,0,0,0,0,0,0,50000,0,0,0,50000,0,50000,50000
063811,亞德客群益9C購01,0,0,0,0,0,0,0,0,0,50000,0,0,0,50000,0,50000,50000
063888,TPK中信01購01   ,0,0,0,0,0,0,0,0,0,50000,0,0,0,50000,0,50000,50000
063716,旺宏兆豐9B購01  ,0,0,0,0,0,0,0,0,0,50000,0,0,0,50000,0,50000,50000
063957,臻鼎元大9C購01  ,0,0,0,0,0,0,0,0,0,50000,0,0,0,50000,0,50000,50000
063986,聯發科富邦02購01,0,0,0,0,0,0,0,0,0,50000,0,0,0,50000,0,50000,50000
064004,全新凱基01購01  ,0,0,0,0,0,0,0,0,0,50000,0,0,0,59000,9000,50000,50000
064253,貿聯元富9C購01  ,0,0,0,0,0,0,0,0,0,50000,0,0,0,399000,349000,50000,50000
064228,同欣電國票01購01,0,0,0,0,0,0,0,0,0,50000,0,0,0,72000,22000,50000,50000
064449,金寶統一01購02  ,0,0,0,0,0,0,0,0,0,50000,0,0,0,85000,35000,50000,50000
064468,健策元富9C購02  ,0,0,0,0,0,0,0,0,0,50000,0,0,0,60000,10000,50000,50000
064409,彩晶凱基04購01  ,0,0,0,0,0,0,0,0,0,50000,0,0,0,60000,10000,50000,50000
065734,凌華凱基9C購01  ,0,0,0,0,0,0,0,0,0,50000,0,0,0,50000,0,50000,50000
065555,旭富凱基01購02  ,0,0,0,0,0,0,0,0,0,50000,0,0,0,50000,0,50000,50000
064767,宏全凱基9C購01  ,0,0,0,0,0,0,0,0,0,50000,0,0,0,70000,20000,50000,50000
064918,中信金統一02購01,0,0,0,0,0,0,0,0,0,50000,0,0,0,138000,88000,50000,50000
065195,國巨元富06購01  ,0,0,0,0,0,0,0,0,0,50000,0,0,0,50000,0,50000,50000
065317,上銀凱基9C購03  ,0,0,0,0,0,0,0,0,0,50000,0,0,0,50000,0,50000,50000
2062,橋椿            ,197000,147000,50000,0,0,0,0,0,0,0,0,0,0,0,0,0,50000
8103,瀚荃            ,163000,111000,52000,0,0,0,0,0,0,-2000,0,2000,-2000,0,0,0,50000
066162,泰豐凱基01購01  ,0,0,0,0,0,0,0,0,0,49000,0,0,0,112000,63000,49000,49000
065995,台虹永豐01購01  ,0,0,0,0,0,0,0,0,0,49000,0,0,0,137000,88000,49000,49000
058865,群創凱基01購01  ,0,0,0,0,0,0,0,0,0,49000,0,0,0,80000,31000,49000,49000
058955,台積電國票9A購04,0,2000,-2000,0,0,0,0,0,0,51000,0,0,0,159000,108000,51000,49000
057117,開發金日盛9B購01,0,0,0,0,0,0,0,0,0,49000,0,0,0,59000,10000,49000,49000
057972,群創富邦9C購01  ,0,0,0,0,0,0,0,0,0,49000,0,0,0,210000,161000,49000,49000
062797,瑞昱統一9B購01  ,0,0,0,0,0,0,0,0,0,49000,0,0,0,49000,0,49000,49000
061212,聯鈞元大9A購04  ,0,0,0,0,0,0,0,0,0,49000,0,0,0,193000,144000,49000,49000
060738,矽格統一9C購01  ,0,0,0,0,0,0,0,0,0,49000,0,0,0,400000,351000,49000,49000
059456,智易永豐99購01  ,0,0,0,0,0,0,0,0,0,49000,0,0,0,49000,0,49000,49000
060182,旺宏元富9A購01  ,0,0,0,0,0,0,0,0,0,49000,0,0,0,49000,0,49000,49000
064755,南亞科凱基01購02,0,0,0,0,0,0,0,0,0,49000,0,0,0,114000,65000,49000,49000
065393,旺宏群益9C購04  ,0,0,0,0,0,0,0,0,0,49000,0,0,0,68000,19000,49000,49000
064242,TPK統一02購01   ,0,0,0,0,0,0,0,0,0,49000,0,0,0,53000,4000,49000,49000
063908,國巨凱基9C購06  ,0,0,0,0,0,0,0,0,0,49000,0,0,0,51000,2000,49000,49000
063424,新日興凱基01購01,0,0,0,0,0,0,0,0,0,49000,0,0,0,64000,15000,49000,49000
066386,宏全康和01購01  ,0,0,0,0,0,0,0,0,0,48000,0,0,0,58000,10000,48000,48000
07616P,瑞昱中信02售01  ,0,0,0,0,0,0,0,0,0,48000,0,0,0,48000,0,48000,48000
08123P,台表科國票9C售01,0,0,0,0,0,0,0,0,0,48000,0,0,0,75000,27000,48000,48000
07975P,國巨元大9B售15  ,0,0,0,0,0,0,0,0,0,48000,0,0,0,65000,17000,48000,48000
057495,牧德元大99購04  ,0,0,0,0,0,0,0,0,0,48000,0,0,0,50000,2000,48000,48000
058070,華新科凱基98購07,0,0,0,0,0,0,0,0,0,48000,0,0,0,48000,0,48000,48000
055337,超眾兆豐98購01  ,0,0,0,0,0,0,0,0,0,48000,0,0,0,48000,0,48000,48000
061782,智邦群益9B購01  ,30000,0,30000,0,0,0,0,0,0,18000,0,0,0,58000,40000,18000,48000
059919,宏達電元大99購06,0,0,0,0,0,0,0,0,0,48000,0,0,0,57000,9000,48000,48000
061258,華通凱基9A購06  ,0,0,0,0,0,0,0,0,0,48000,0,0,0,50000,2000,48000,48000
062781,微星元大9C購01  ,0,0,0,0,0,0,0,0,0,48000,0,0,0,123000,75000,48000,48000
062757,華通凱基9B購02  ,0,0,0,0,0,0,0,0,0,48000,0,0,0,50000,2000,48000,48000
061417,力成群益9A購01  ,0,0,0,0,0,0,0,0,0,48000,0,0,0,98000,50000,48000,48000
061697,世紀鋼群益9A購03,0,0,0,0,0,0,0,0,0,48000,0,0,0,48000,0,48000,48000
062032,崇越群益9B購01  ,0,0,0,0,0,0,0,0,0,48000,0,0,0,48000,0,48000,48000
063901,緯穎群益9C購01  ,0,0,0,0,0,0,0,0,0,48000,0,0,0,108000,60000,48000,48000
064095,鴻海群益01購02  ,0,0,0,0,0,0,0,0,0,48000,0,0,0,245000,197000,48000,48000
064344,緯創元大9C購01  ,0,0,0,0,0,0,0,0,0,48000,0,0,0,69000,21000,48000,48000
064487,和大元大9C購01  ,0,0,0,0,0,0,0,0,0,48000,0,0,0,50000,2000,48000,48000
065807,智伸科群益01購01,0,0,0,0,0,0,0,0,0,48000,0,0,0,50000,2000,48000,48000
064996,T50反1國票01購03,0,0,0,0,0,0,0,0,0,48000,0,0,0,499000,451000,48000,48000
065097,貿聯元大9C購04  ,0,0,0,0,0,0,0,0,0,48000,0,0,0,782000,734000,48000,48000
08404P,技嘉元大9C售02  ,0,0,0,0,0,0,0,0,0,47000,0,0,0,90000,43000,47000,47000
07898P,國巨國泰9C售02  ,0,0,0,0,0,0,0,0,0,47000,0,0,0,70000,23000,47000,47000
08617P,緯創元富9C售03  ,0,0,0,0,0,0,0,0,0,47000,0,0,0,60000,13000,47000,47000
066444,華擎群益01購03  ,0,0,0,0,0,0,0,0,0,47000,0,0,0,64000,17000,47000,47000
053887,聯茂兆豐97購02  ,0,0,0,0,0,0,0,0,0,47000,0,0,0,97000,50000,47000,47000
0053,元大電子        ,0,0,0,0,0,0,0,0,0,47000,0,0,0,47000,0,47000,47000
058175,旺宏凱基99購03  ,0,0,0,0,0,0,0,0,0,47000,0,0,0,47000,0,47000,47000
055812,台積電國票99購02,0,0,0,0,0,0,0,0,0,47000,0,0,0,47000,0,47000,47000
058700,鴻海元大99購15  ,0,0,0,0,0,0,0,0,0,47000,0,0,0,52000,5000,47000,47000
062361,智邦元大9B購06  ,0,0,0,0,0,0,0,0,0,47000,0,0,0,47000,0,47000,47000
057071,華擎永豐98購02  ,0,0,0,0,0,0,0,0,0,47000,0,0,0,47000,0,47000,47000
058015,旺宏凱基99購02  ,0,0,0,0,0,0,0,0,0,47000,0,0,0,97000,50000,47000,47000
061870,智邦元大9B購02  ,0,0,0,0,0,0,0,0,0,47000,0,0,0,57000,10000,47000,47000
063215,台表科國票9C購02,0,0,0,0,0,0,0,0,0,47000,0,0,0,109000,62000,47000,47000
062111,台勝科國票9B購01,0,0,0,0,0,0,0,0,0,47000,0,0,0,85000,38000,47000,47000
064825,英業達統一9C購01,0,0,0,0,0,0,0,0,0,47000,0,0,0,161000,114000,47000,47000
065743,宏達電麥證9C購02,0,0,0,63000,16000,47000,0,0,0,47000,0,0,0,63000,16000,47000,47000
065615,南電元大01購03  ,0,0,0,0,0,0,0,0,0,47000,0,0,0,56000,9000,47000,47000
065664,矽格永豐9C購01  ,0,0,0,0,0,0,0,0,0,47000,0,0,0,129000,82000,47000,47000
064292,南茂元大01購01  ,0,0,0,0,0,0,0,0,0,47000,0,0,0,113000,66000,47000,47000
064206,鴻海凱基03購02  ,0,0,0,0,0,0,0,0,0,47000,0,0,0,63000,16000,47000,47000
063982,TPK兆豐9C購01   ,0,0,0,0,0,0,0,0,0,47000,0,0,0,47000,0,47000,47000
063480,南六元大9C購01  ,0,0,0,0,0,0,0,0,0,47000,0,0,0,120000,73000,47000,47000
063645,瑞儀元大9B購02  ,0,0,0,0,0,0,0,0,0,47000,0,0,0,104000,57000,47000,47000
2233,宇隆            ,61000,14000,47000,0,0,0,0,0,0,0,0,0,0,0,0,0,47000
00645,富邦日本        ,0,0,0,0,0,0,0,0,0,46791,0,0,0,318791,272000,46791,46791
066447,智伸科群益01購02,0,0,0,0,0,0,0,0,0,46000,0,0,0,56000,10000,46000,46000
066599,鴻海國泰03購02  ,0,0,0,0,0,0,0,0,0,46000,0,0,0,52000,6000,46000,46000
08584P,立積群益9C售02  ,0,0,0,0,0,0,0,0,0,46000,0,0,0,80000,34000,46000,46000
08378P,世紀鋼元富9C售02,0,0,0,0,0,0,0,0,0,46000,0,0,0,46000,0,46000,46000
0052,富邦科技        ,3000,1000,2000,0,0,0,0,0,0,44000,0,0,0,148000,104000,44000,46000
053866,景碩元大97購02  ,0,0,0,0,0,0,0,0,0,46000,0,0,0,46000,0,46000,46000
055780,禾伸堂凱基99購01,0,0,0,0,0,0,0,0,0,46000,0,0,0,46000,0,46000,46000
062527,美律統一01購01  ,0,0,0,0,0,0,0,0,0,46000,0,0,0,47000,1000,46000,46000
060040,康控國票99購04  ,0,0,0,0,0,0,0,0,0,46000,0,0,0,70000,24000,46000,46000
061586,智邦富邦9A購02  ,0,0,0,0,0,0,0,0,0,46000,0,0,0,46000,0,46000,46000
059516,TPK永豐99購01   ,0,0,0,0,0,0,0,0,0,46000,0,0,0,81000,35000,46000,46000
059920,宏達電元大99購07,0,0,0,0,0,0,0,0,0,46000,0,0,0,240000,194000,46000,46000
060550,可成凱基9A購02  ,0,0,0,0,0,0,0,0,0,46000,0,0,0,78000,32000,46000,46000
063197,遠東新統一9C購01,0,0,0,0,0,0,0,0,0,46000,0,0,0,175000,129000,46000,46000
063132,台表科元大9C購02,0,0,0,0,0,0,0,0,0,46000,0,0,0,112000,66000,46000,46000
063106,台表科群益9B購03,0,0,0,0,0,0,0,0,0,46000,0,0,0,56000,10000,46000,46000
061486,國巨兆豐9B購02  ,0,0,0,0,0,0,0,0,0,46000,0,0,0,46000,0,46000,46000
061080,華邦電兆豐9B購01,0,0,0,0,0,0,0,0,0,46000,0,0,0,51000,5000,46000,46000
063651,金像電台新9B購01,0,0,0,0,0,0,0,0,0,46000,0,0,0,87000,41000,46000,46000
063639,華擎元大9C購03  ,0,0,0,0,0,0,0,0,0,46000,0,0,0,172000,126000,46000,46000
063598,國巨凱基9B購14  ,0,0,0,0,0,0,0,0,0,46000,0,0,0,48000,2000,46000,46000
063434,和潤元富9B購01  ,0,0,0,0,0,0,0,0,0,46000,0,0,0,46000,0,46000,46000
2838,聯邦銀          ,170000,124000,46000,0,0,0,0,0,0,0,0,0,0,0,0,0,46000
08372P,大立光凱基01售04,0,0,0,0,0,0,0,0,0,45000,0,0,0,54000,9000,45000,45000
066262,華碩元大01購02  ,0,0,0,0,0,0,0,0,0,45000,0,0,0,61000,16000,45000,45000
066759,盟立永豐01購03  ,0,0,0,0,0,0,0,0,0,45000,0,0,0,45000,0,45000,45000
057927,勤誠凱基98購01  ,0,0,0,0,0,0,0,0,0,45000,0,0,0,50000,5000,45000,45000
057454,上銀國泰99購02  ,0,0,0,0,0,0,0,0,0,45000,0,0,0,45000,0,45000,45000
058762,貿聯群益99購03  ,0,0,0,0,0,0,0,0,0,45000,0,0,0,85000,40000,45000,45000
062739,嘉晶國票9B購02  ,0,0,0,0,0,0,0,0,0,45000,0,0,0,50000,5000,45000,45000
061387,鴻海群益9A購05  ,0,0,0,0,0,0,0,0,0,45000,0,0,0,77000,32000,45000,45000
061109,臻鼎元大9A購03  ,0,0,0,0,0,0,0,0,0,45000,0,0,0,50000,5000,45000,45000
063229,台表科群益9B購04,0,0,0,0,0,0,0,0,0,45000,0,0,0,95000,50000,45000,45000
063294,美律麥證9B購01  ,0,0,0,45000,0,45000,0,0,0,45000,0,0,0,45000,0,45000,45000
062049,亞德客統一01購01,0,0,0,0,0,0,0,0,0,45000,0,0,0,315000,270000,45000,45000
060735,鴻海統一9C購03  ,0,0,0,0,0,0,0,0,0,45000,0,0,0,150000,105000,45000,45000
060945,緯穎國票9A購02  ,0,0,0,0,0,0,0,0,0,45000,0,0,0,249000,204000,45000,45000
065729,聯詠凱基9C購04  ,0,0,0,0,0,0,0,0,0,45000,0,0,0,90000,45000,45000,45000
065817,聯發科元富03購08,0,0,0,0,0,0,0,0,0,45000,0,0,0,100000,55000,45000,45000
065864,光寶科群益9C購01,0,0,0,0,0,0,0,0,0,45000,0,0,0,45000,0,45000,45000
064738,裕隆國票01購01  ,0,0,0,0,0,0,0,0,0,45000,0,0,0,83000,38000,45000,45000
06529P,貿聯富邦99售03  ,0,0,0,0,0,0,0,0,0,45000,0,0,0,60000,15000,45000,45000
2605,新興            ,149000,104000,45000,0,0,0,0,0,0,0,0,0,0,0,0,0,45000
2305,全友            ,114000,69000,45000,0,0,0,0,0,0,0,0,0,0,0,0,0,45000
6504,南六            ,413000,261000,152000,0,0,0,16000,20000,-4000,-103000,0,65000,-65000,23000,61000,-38000,45000
066168,強茂凱基01購02  ,0,0,0,0,0,0,0,0,0,44000,0,0,0,65000,21000,44000,44000
08437P,台郡群益9C售01  ,0,0,0,0,0,0,0,0,0,44000,0,0,0,104000,60000,44000,44000
060718,中磊永豐9A購01  ,0,0,0,0,0,0,0,0,0,44000,0,0,0,73000,29000,44000,44000
062637,智易國票9B購01  ,0,0,0,0,0,0,0,0,0,44000,0,0,0,94000,50000,44000,44000
063187,全新凱基9B購02  ,0,0,0,0,0,0,0,0,0,44000,0,0,0,56000,12000,44000,44000
061192,奇鋐永豐9A購01  ,0,0,0,0,0,0,0,0,0,44000,0,0,0,164000,120000,44000,44000
1217,愛之味          ,220000,177000,43000,0,0,0,0,0,0,0,0,0,0,0,0,0,43000
1592,英瑞-KY         ,171000,128000,43000,0,0,0,0,0,0,0,0,0,0,0,0,0,43000
066080,台光電國泰03購01,0,0,0,0,0,0,0,0,0,43000,0,0,0,167000,124000,43000,43000
066354,緯穎永豐01購01  ,0,0,0,0,0,0,0,0,0,43000,0,0,0,44000,1000,43000,43000
058727,嘉晶富邦9A購01  ,0,0,0,0,0,0,0,0,0,43000,0,0,0,79000,36000,43000,43000
057739,新日興富邦9B購01,0,0,0,0,0,0,0,0,0,43000,0,0,0,103000,60000,43000,43000
058177,華新科凱基99購02,0,0,0,0,0,0,0,0,0,43000,0,0,0,43000,0,43000,43000
00737,國泰AI+Robo     ,9000,211000,-202000,0,0,0,0,0,0,245000,0,0,0,399000,154000,245000,43000
047571,滬深2X群益99購01,0,0,0,0,0,0,0,0,0,43000,0,0,0,43000,0,43000,43000
061512,國巨永豐9A購04  ,0,0,0,0,0,0,0,0,0,43000,0,0,0,45000,2000,43000,43000
061463,智邦群益9A購02  ,0,0,0,0,0,0,0,0,0,43000,0,0,0,59000,16000,43000,43000
063233,國巨元大9B購19  ,0,0,0,0,0,0,0,0,0,43000,0,0,0,58000,15000,43000,43000
063083,聯發科凱基01購02,0,0,0,0,0,0,0,0,0,43000,0,0,0,43000,0,43000,43000
059307,T50反1元大99購06,0,0,0,0,0,0,0,0,0,43000,0,0,0,43000,0,43000,43000
059164,旺宏凱基99購06  ,0,0,0,0,0,0,0,0,0,43000,0,0,0,43000,0,43000,43000
061638,國泰金元大9A購03,0,0,0,0,0,0,0,0,0,43000,0,0,0,43000,0,43000,43000
061793,上銀永豐9B購01  ,0,0,0,0,0,0,0,0,0,43000,0,0,0,53000,10000,43000,43000
065184,和大統一02購04  ,0,0,0,0,0,0,0,0,0,43000,0,0,0,79000,36000,43000,43000
065147,寶成凱基01購01  ,0,0,0,0,0,0,0,0,0,43000,0,0,0,43000,0,43000,43000
065910,立積永豐9C購02  ,0,0,0,0,0,0,0,0,0,43000,0,0,0,43000,0,43000,43000
063686,國巨永豐9B購04  ,0,0,0,0,0,0,0,0,0,43000,0,0,0,43000,0,43000,43000
064250,亞光元富9C購01  ,0,0,0,0,0,0,0,0,0,43000,0,0,0,100000,57000,43000,43000
065990,華擎永豐01購01  ,0,0,0,0,0,0,0,0,0,42000,0,0,0,52000,10000,42000,42000
066263,華碩元大02購01  ,0,0,0,0,0,0,0,0,0,42000,0,0,0,111000,69000,42000,42000
00713,元大台灣高息低波,2000,2000,0,0,0,0,0,0,0,42000,0,0,0,42000,0,42000,42000
053631,欣興兆豐97購01  ,0,0,0,0,0,0,0,0,0,42000,0,0,0,52000,10000,42000,42000
058210,臺股指凱基9C購04,0,0,0,0,0,0,0,0,0,42000,0,0,0,310000,268000,42000,42000
058875,台表科國票9A購02,0,0,0,0,0,0,0,0,0,42000,0,0,0,50000,8000,42000,42000
058540,嘉聯益國泰9A購02,0,0,0,0,0,0,0,0,0,42000,0,0,0,42000,0,42000,42000
058515,健鼎元大99購01  ,0,0,0,0,0,0,0,0,0,42000,0,0,0,50000,8000,42000,42000
060850,康友國票9A購03  ,0,0,0,0,0,0,0,0,0,42000,0,0,0,42000,0,42000,42000
060022,勤誠康和99購01  ,0,0,0,0,0,0,0,0,0,42000,0,0,0,68000,26000,42000,42000
061600,聯電凱基9B購01  ,0,0,0,0,0,0,0,0,0,42000,0,0,0,187000,145000,42000,42000
059294,宏達電元富9B購02,0,0,0,0,0,0,0,0,0,42000,0,0,0,52000,10000,42000,42000
060567,華擎富邦9C購01  ,0,0,0,0,0,0,0,0,0,42000,0,0,0,61000,19000,42000,42000
063017,台光電元大9B購07,0,0,0,0,0,0,0,0,0,42000,0,0,0,99000,57000,42000,42000
061908,台積電中信05購01,0,0,0,0,0,0,0,0,0,42000,0,0,0,82000,40000,42000,42000
061936,旺宏國票9B購03  ,0,0,0,0,0,0,0,0,0,42000,0,0,0,42000,0,42000,42000
063295,京元電麥證9B購01,0,0,0,104000,62000,42000,0,0,0,42000,0,0,0,104000,62000,42000,42000
061117,美律國泰9C購01  ,0,0,0,0,0,0,0,0,0,42000,0,0,0,55000,13000,42000,42000
064152,義隆統一02購02  ,0,0,0,0,0,0,0,0,0,42000,0,0,0,42000,0,42000,42000
064630,巨大元大9C購01  ,0,0,0,0,0,0,0,0,0,42000,0,0,0,232000,190000,42000,42000
063814,嘉晶群益9C購01  ,0,0,0,0,0,0,0,0,0,42000,0,0,0,99000,57000,42000,42000
065766,南電元大9C購08  ,0,0,0,0,0,0,0,0,0,42000,0,0,0,63000,21000,42000,42000
065156,可成群益01購02  ,0,0,0,0,0,0,0,0,0,42000,0,0,0,45000,3000,42000,42000
064958,GIS凱基02購03   ,0,0,0,0,0,0,0,0,0,42000,0,0,0,67000,25000,42000,42000
066259,聯強元大01購01  ,0,0,0,0,0,0,0,0,0,41000,0,0,0,115000,74000,41000,41000
066516,智原永豐01購01  ,0,0,0,0,0,0,0,0,0,41000,0,0,0,41000,0,41000,41000
066736,京鼎元大01購02  ,0,0,0,0,0,0,0,0,0,41000,0,0,0,87000,46000,41000,41000
08019P,緯穎國票9B售02  ,0,0,0,0,0,0,0,0,0,41000,0,0,0,42000,1000,41000,41000
058504,台積電元大99購07,0,0,0,0,0,0,0,0,0,41000,0,0,0,46000,5000,41000,41000
058480,新日興凱基9A購01,0,0,0,0,0,0,0,0,0,41000,0,0,0,66000,25000,41000,41000
060336,南電康和9A購01  ,0,0,0,0,0,0,0,0,0,41000,0,0,0,42000,1000,41000,41000
062632,嘉晶國票9B購01  ,0,0,0,0,0,0,0,0,0,41000,0,0,0,46000,5000,41000,41000
060251,易華電元大9C購01,0,0,0,0,0,0,0,0,0,41000,0,0,0,106000,65000,41000,41000
059660,華新科元大9A購04,0,0,0,0,0,0,0,0,0,41000,0,0,0,41000,0,41000,41000
059825,嘉晶凱基99購02  ,0,0,0,0,0,0,0,0,0,41000,0,0,0,77000,36000,41000,41000
059259,FBVIX中信03購06 ,0,0,0,0,0,0,0,0,0,41000,0,0,0,41000,0,41000,41000
060028,國揚永豐99購01  ,0,0,0,0,0,0,0,0,0,41000,0,0,0,161000,120000,41000,41000
064901,牧德群益9C購01  ,0,0,0,0,0,0,0,0,0,41000,0,0,0,63000,22000,41000,41000
065839,鴻海元大9C購17  ,0,0,0,0,0,0,0,0,0,41000,0,0,0,63000,22000,41000,41000
065513,旺宏群益9C購05  ,0,0,0,0,0,0,0,0,0,41000,0,0,0,75000,34000,41000,41000
063663,台光電統一9C購01,0,0,0,0,0,0,0,0,0,41000,0,0,0,640000,599000,41000,41000
063470,泰鼎元大9B購03  ,0,0,0,0,0,0,0,0,0,41000,0,0,0,72000,31000,41000,41000
064557,鴻海群益9C購04  ,0,0,0,0,0,0,0,0,0,41000,0,0,0,111000,70000,41000,41000
910322,康師傅-DR       ,41000,0,41000,0,0,0,0,0,0,0,0,0,0,0,0,0,41000
07965P,玉晶光群益01售02,0,0,0,0,0,0,0,0,0,40000,0,0,0,270000,230000,40000,40000
08149P,祥碩群益9B售07  ,0,0,0,0,0,0,0,0,0,40000,0,0,0,50000,10000,40000,40000
07400P,國巨凱基99售20  ,0,0,0,0,0,0,0,0,0,40000,0,0,0,40000,0,40000,40000
1734,杏輝            ,15000,4000,11000,0,0,0,0,0,0,29000,0,0,0,29000,0,29000,40000
08569P,玉晶光永豐9C售09,0,0,0,0,0,0,0,0,0,40000,0,0,0,50000,10000,40000,40000
066638,聚碩凱基01購01  ,0,0,0,0,0,0,0,0,0,40000,0,0,0,70000,30000,40000,40000
066606,聯詠永豐01購01  ,0,0,0,0,0,0,0,0,0,40000,0,0,0,155000,115000,40000,40000
066396,可成凱基01購04  ,0,0,0,0,0,0,0,0,0,40000,0,0,0,40000,0,40000,40000
058911,茂林元大99購04  ,0,0,0,0,0,0,0,0,0,40000,0,0,0,57000,17000,40000,40000
057328,京鼎群益99購02  ,0,0,0,0,0,0,0,0,0,40000,0,0,0,43000,3000,40000,40000
056259,T50反1統一9A購01,0,0,0,0,0,0,0,0,0,40000,0,0,0,100000,60000,40000,40000
055114,新日興凱基98購01,0,0,0,0,0,0,0,0,0,40000,0,0,0,50000,10000,40000,40000
054069,亞光國泰98購01  ,0,0,0,0,0,0,0,0,0,40000,0,0,0,40000,0,40000,40000
053398,和鑫中信99購01  ,0,0,0,0,0,0,0,0,0,40000,0,0,0,40000,0,40000,40000
056339,聯發科凱基99購02,0,0,0,0,0,0,0,0,0,40000,0,0,0,40000,0,40000,40000
055331,國巨兆豐99購01  ,0,0,0,0,0,0,0,0,0,40000,0,0,0,170000,130000,40000,40000
055486,國巨元大98購06  ,0,0,0,0,0,0,0,0,0,40000,0,0,0,41000,1000,40000,40000
055515,聚陽中信9A購01  ,0,0,0,0,0,0,0,0,0,40000,0,0,0,40000,0,40000,40000
057032,A50反1元大9B購01,0,0,0,0,0,0,0,0,0,40000,0,0,0,40000,0,40000,40000
057990,美律統一99購02  ,0,0,0,0,0,0,0,0,0,40000,0,0,0,40000,0,40000,40000
062377,力成元大9B購01  ,0,0,0,0,0,0,0,0,0,40000,0,0,0,40000,0,40000,40000
062261,嘉晶元大9B購02  ,0,0,0,0,0,0,0,0,0,40000,0,0,0,71000,31000,40000,40000
062323,上銀統一9B購03  ,0,0,0,0,0,0,0,0,0,40000,0,0,0,40000,0,40000,40000
060064,華新科兆豐99購07,0,0,0,0,0,0,0,0,0,40000,0,0,0,40000,0,40000,40000
061794,國巨永豐9B購01  ,0,0,0,0,0,0,0,0,0,40000,0,0,0,40000,0,40000,40000
061841,晶技凱基9C購01  ,0,0,0,0,0,0,0,0,0,40000,0,0,0,226000,186000,40000,40000
059247,可成凱基99購05  ,0,0,0,0,0,0,0,0,0,40000,0,0,0,41000,1000,40000,40000
059649,矽力凱基99購02  ,0,0,0,0,0,0,0,0,0,40000,0,0,0,40000,0,40000,40000
06057P,大立光凱基98售01,0,0,0,0,0,0,0,0,0,40000,0,0,0,40000,0,40000,40000
060756,鴻海元大9A購16  ,0,0,0,0,0,0,0,0,0,40000,0,0,0,64000,24000,40000,40000
062665,智易群益9B購01  ,0,0,0,0,0,0,0,0,0,40000,0,0,0,40000,0,40000,40000
062726,華擎凱基9B購02  ,0,0,0,0,0,0,0,0,0,40000,0,0,0,40000,0,40000,40000
062696,國巨元大9B購16  ,0,0,0,0,0,0,0,0,0,40000,0,0,0,40000,0,40000,40000
061272,超眾凱基9A購03  ,0,0,0,0,0,0,0,0,0,40000,0,0,0,40000,0,40000,40000
061366,台勝科國票9A購01,0,0,0,0,0,0,0,0,0,40000,0,0,0,50000,10000,40000,40000
062944,茂林凱基9B購02  ,0,0,0,0,0,0,0,0,0,40000,0,0,0,40000,0,40000,40000
063181,聚陽凱基9B購01  ,0,0,0,0,0,0,0,0,0,40000,0,0,0,40000,0,40000,40000
061928,群創凱基9B購06  ,0,0,0,0,0,0,0,0,0,40000,0,0,0,60000,20000,40000,40000
061972,華新元大9B購01  ,0,0,0,0,0,0,0,0,0,40000,0,0,0,92000,52000,40000,40000
064559,旺宏群益01購02  ,0,0,0,0,0,0,0,0,0,40000,0,0,0,40000,0,40000,40000
064520,京鼎群益02購01  ,0,0,0,0,0,0,0,0,0,40000,0,0,0,40000,0,40000,40000
064521,群創群益02購01  ,0,0,0,0,0,0,0,0,0,40000,0,0,0,40000,0,40000,40000
064567,晶技群益01購01  ,0,0,0,0,0,0,0,0,0,40000,0,0,0,257000,217000,40000,40000
064218,南六凱基01購01  ,0,0,0,0,0,0,0,0,0,40000,0,0,0,50000,10000,40000,40000
063499,金像電永豐9B購03,0,0,0,0,0,0,0,0,0,40000,0,0,0,40000,0,40000,40000
063399,智原群益9B購01  ,0,0,0,0,0,0,0,0,0,40000,0,0,0,62000,22000,40000,40000
063643,臻鼎元大9B購03  ,0,0,0,0,0,0,0,0,0,40000,0,0,0,132000,92000,40000,40000
063590,華擎永豐9B購01  ,0,0,0,0,0,0,0,0,0,40000,0,0,0,40000,0,40000,40000
065536,健鼎統一02購04  ,0,0,0,0,0,0,0,0,0,40000,0,0,0,40000,0,40000,40000
065460,嘉聯益台新9C購01,0,0,0,0,0,0,0,0,0,40000,0,0,0,40000,0,40000,40000
065434,台勝科凱基01購01,0,0,0,0,0,0,0,0,0,40000,0,0,0,42000,2000,40000,40000
065554,群創凱基02購02  ,0,0,0,0,0,0,0,0,0,40000,0,0,0,180000,140000,40000,40000
065538,健鼎統一9C購01  ,0,0,0,0,0,0,0,0,0,40000,0,0,0,40000,0,40000,40000
065919,禾伸堂凱基02購01,0,0,0,0,0,0,0,0,0,40000,0,0,0,70000,30000,40000,40000
064832,長榮航統一01購01,0,0,0,0,0,0,0,0,0,40000,0,0,0,40000,0,40000,40000
064802,台積電元大01購04,0,0,0,0,0,0,0,0,0,40000,0,0,0,60000,20000,40000,40000
064868,嘉晶永豐9C購02  ,0,0,0,0,0,0,0,0,0,40000,0,0,0,40000,0,40000,40000
8464,億豐            ,314799,395423,-80624,0,0,0,200000,44000,156000,-36000,0,0,0,0,36000,-36000,39376
07517P,台積電元大9A售17,0,0,0,0,0,0,0,0,0,39000,0,0,0,49000,10000,39000,39000
058586,鴻海中信01購02  ,0,0,0,0,0,0,0,0,0,39000,0,0,0,40000,1000,39000,39000
058604,華邦電元大99購03,0,0,0,0,0,0,0,0,0,39000,0,0,0,140000,101000,39000,39000
057964,緯穎元大99購03  ,0,0,0,0,0,0,0,0,0,39000,0,0,0,155000,116000,39000,39000
057557,聯茂凱基99購04  ,0,0,0,0,0,0,0,0,0,39000,0,0,0,39000,0,39000,39000
058536,群創統一9B購01  ,0,0,0,0,0,0,0,0,0,39000,0,0,0,275000,236000,39000,39000
055782,新日興凱基99購01,0,0,0,0,0,0,0,0,0,39000,0,0,0,44000,5000,39000,39000
054542,台表科國票98購01,0,0,0,0,0,0,0,0,0,39000,0,0,0,41000,2000,39000,39000
060665,康控凱基9A購01  ,0,0,0,0,0,0,0,0,0,39000,0,0,0,70000,31000,39000,39000
062620,台表科元大9B購04,0,0,0,0,0,0,0,0,0,39000,0,0,0,53000,14000,39000,39000
059637,大立光凱基01購01,0,0,0,0,0,0,0,0,0,39000,0,0,0,89000,50000,39000,39000
061597,南六永豐9A購04  ,0,0,0,0,0,0,0,0,0,39000,0,0,0,50000,11000,39000,39000
060977,亞德客元大9A購04,0,0,0,0,0,0,0,0,0,39000,0,0,0,41000,2000,39000,39000
065304,台勝科元富03購01,0,0,0,0,0,0,0,0,0,39000,0,0,0,142000,103000,39000,39000
065306,泰鼎元富9C購02  ,0,0,0,0,0,0,0,0,0,39000,0,0,0,60000,21000,39000,39000
065588,聯發科永豐9C購02,0,0,0,0,0,0,0,0,0,39000,0,0,0,39000,0,39000,39000
063691,聯鈞永豐9B購01  ,0,0,0,0,0,0,0,0,0,39000,0,0,0,70000,31000,39000,39000
063794,亞德客凱基9C購01,0,0,0,0,0,0,0,0,0,39000,0,0,0,45000,6000,39000,39000
064386,友達富邦01購01  ,0,0,0,0,0,0,0,0,0,39000,0,0,0,39000,0,39000,39000
08069P,大立光國泰01售02,0,0,0,0,0,0,0,0,0,38000,0,0,0,38000,0,38000,38000
066563,日月光元大01購01,0,0,0,0,0,0,0,0,0,38000,0,0,0,58000,20000,38000,38000
066221,康友台新01購01  ,0,0,0,0,0,0,0,0,0,38000,0,0,0,46000,8000,38000,38000
066216,南電統一03購01  ,0,0,0,0,0,0,0,0,0,38000,0,0,0,57000,19000,38000,38000
066210,瑞祺統一02購01  ,0,0,0,0,0,0,0,0,0,38000,0,0,0,103000,65000,38000,38000
06855P,聯發科富邦9A售01,0,0,0,0,0,0,0,0,0,38000,0,0,0,38000,0,38000,38000
056573,華新科元大99購06,0,0,0,0,0,0,0,0,0,38000,0,0,0,88000,50000,38000,38000
057332,旺宏國票99購03  ,0,0,0,0,0,0,0,0,0,38000,0,0,0,38000,0,38000,38000
056548,瀚宇博凱基98購02,0,0,0,0,0,0,0,0,0,38000,0,0,0,50000,12000,38000,38000
057968,可成國泰9A購01  ,0,0,0,0,0,0,0,0,0,38000,0,0,0,39000,1000,38000,38000
058026,上銀富邦9A購01  ,0,0,0,0,0,0,0,0,0,38000,0,0,0,48000,10000,38000,38000
057793,群創統一99購02  ,0,0,0,0,0,0,0,0,0,38000,0,0,0,119000,81000,38000,38000
057743,華擎永豐98購03  ,0,0,0,0,0,0,0,0,0,38000,0,0,0,52000,14000,38000,38000
062381,上銀國泰9C購01  ,0,0,0,0,0,0,0,0,0,38000,0,0,0,38000,0,38000,38000
061810,S&P反1群益9B購02,0,0,0,0,0,0,0,0,0,38000,0,0,0,38000,0,38000,38000
062630,全新國票9B購02  ,0,0,0,0,0,0,0,0,0,38000,0,0,0,38000,0,38000,38000
061987,大立光元大9B購03,0,0,0,0,0,0,0,0,0,38000,0,0,0,38000,0,38000,38000
062036,致新群益9B購01  ,0,0,0,0,0,0,0,0,0,38000,0,0,0,102000,64000,38000,38000
062996,致茂國票9C購01  ,0,0,0,0,0,0,0,0,0,38000,0,0,0,76000,38000,38000,38000
063366,台表科富邦9C購02,0,0,0,0,0,0,0,0,0,38000,0,0,0,123000,85000,38000,38000
061503,臻鼎國票9B購01  ,0,0,0,0,0,0,0,0,0,38000,0,0,0,41000,3000,38000,38000
060399,康友國票9A購02  ,0,0,0,0,0,0,0,0,0,38000,0,0,0,52000,14000,38000,38000
064304,信邦兆豐01購01  ,0,0,0,0,0,0,0,0,0,38000,0,0,0,157000,119000,38000,38000
064526,臺股指群益9C購11,0,0,0,0,0,0,0,0,0,38000,0,0,0,103000,65000,38000,38000
063781,健策永豐9B購08  ,0,0,0,0,0,0,0,0,0,38000,0,0,0,48000,10000,38000,38000
064011,嘉晶國票9C購01  ,0,0,0,0,0,0,0,0,0,38000,0,0,0,60000,22000,38000,38000
064026,建準元大9C購02  ,0,0,0,0,0,0,0,0,0,38000,0,0,0,186000,148000,38000,38000
065418,緯創國票01購01  ,0,0,0,0,0,0,0,0,0,38000,0,0,0,38000,0,38000,38000
065857,嘉聯益元大9C購03,0,0,0,0,0,0,0,0,0,38000,0,0,0,78000,40000,38000,38000
065929,TPK國票02購01   ,0,0,0,0,0,0,0,0,0,38000,0,0,0,38000,0,38000,38000
065212,瑞儀國票01購01  ,0,0,0,0,0,0,0,0,0,38000,0,0,0,38000,0,38000,38000
065246,旭富兆豐01購01  ,0,0,0,0,0,0,0,0,0,38000,0,0,0,123000,85000,38000,38000
065183,和大統一01購03  ,0,0,0,0,0,0,0,0,0,38000,0,0,0,93000,55000,38000,38000
065032,TPK兆豐01購01   ,0,0,0,0,0,0,0,0,0,38000,0,0,0,38000,0,38000,38000
5288,豐祥-KY         ,50000,12000,38000,0,0,0,0,0,0,0,0,0,0,0,0,0,38000
066728,台積電元大01購15,0,0,0,0,0,0,0,0,0,37000,0,0,0,50000,13000,37000,37000
066547,台積電元大01購14,0,0,0,0,0,0,0,0,0,37000,0,0,0,50000,13000,37000,37000
058648,聯陽永豐99購01  ,0,0,0,0,0,0,0,0,0,37000,0,0,0,87000,50000,37000,37000
057783,台積電國票9A購01,0,0,0,0,0,0,0,0,0,37000,0,0,0,70000,33000,37000,37000
057298,旭富永豐98購01  ,0,0,0,0,0,0,0,0,0,37000,0,0,0,77000,40000,37000,37000
056635,亞德客日盛99購01,0,0,0,0,0,0,0,0,0,37000,0,0,0,43000,6000,37000,37000
061020,超眾國票9A購02  ,0,0,0,0,0,0,0,0,0,37000,0,0,0,64000,27000,37000,37000
062776,鴻海元大9B購03  ,0,0,0,0,0,0,0,0,0,37000,0,0,0,40000,3000,37000,37000
061141,臻鼎統一9A購01  ,0,0,0,0,0,0,0,0,0,37000,0,0,0,70000,33000,37000,37000
062912,新日興元大9B購01,0,0,0,0,0,0,0,0,0,37000,0,0,0,43000,6000,37000,37000
060677,京元電元大9A購04,0,0,0,0,0,0,0,0,0,37000,0,0,0,107000,70000,37000,37000
059926,世紀鋼國泰9B購01,0,0,0,0,0,0,0,0,0,37000,0,0,0,42000,5000,37000,37000
062151,世紀鋼國票01購01,0,0,0,0,0,0,0,0,0,37000,0,0,0,38000,1000,37000,37000
064768,仁寶中信03購01  ,0,0,0,0,0,0,0,0,0,37000,0,0,0,48000,11000,37000,37000
065149,遠東新群益9C購01,0,0,0,0,0,0,0,0,0,37000,0,0,0,145000,108000,37000,37000
065368,技嘉元大9C購04  ,0,0,0,0,0,0,0,0,0,37000,0,0,0,45000,8000,37000,37000
065791,牧德永豐9C購03  ,0,0,0,0,0,0,0,0,0,37000,0,0,0,105000,68000,37000,37000
065789,泰碩永豐9C購02  ,0,0,0,0,0,0,0,0,0,37000,0,0,0,37000,0,37000,37000
064085,儒鴻凱基9C購02  ,0,0,0,0,0,0,0,0,0,37000,0,0,0,70000,33000,37000,37000
063760,聯詠統一9C購02  ,0,0,0,0,0,0,0,0,0,37000,0,0,0,37000,0,37000,37000
064397,旭富永豐9C購01  ,0,0,0,0,0,0,0,0,0,37000,0,0,0,40000,3000,37000,37000
4906,正文            ,329000,232000,97000,0,0,0,0,0,0,-60000,0,0,0,0,60000,-60000,37000
3003,健和興          ,276000,238000,38000,0,0,0,0,0,0,-1000,0,0,0,0,1000,-1000,37000
066487,聯詠元富01購03  ,0,0,0,0,0,0,0,0,0,36000,0,0,0,65000,29000,36000,36000
066232,聯強富邦03購01  ,0,0,0,0,0,0,0,0,0,36000,0,0,0,342000,306000,36000,36000
06626P,大立光統一9A售01,0,0,0,0,0,0,0,0,0,36000,0,0,0,36000,0,36000,36000
07131P,緯穎元大99售06  ,0,0,0,0,0,0,0,0,0,36000,0,0,0,36000,0,36000,36000
07843P,緯穎元大9A售05  ,0,0,0,0,0,0,0,0,0,36000,0,0,0,136000,100000,36000,36000
1522,堤維西          ,80000,44000,36000,0,0,0,0,0,0,0,0,0,0,0,0,0,36000
054479,緯創中信98購01  ,0,0,0,0,0,0,0,0,0,36000,0,0,0,36000,0,36000,36000
057924,健策凱基98購02  ,0,0,0,0,0,0,0,0,0,36000,0,0,0,36000,0,36000,36000
058033,景碩永豐98購02  ,0,0,0,0,0,0,0,0,0,36000,0,0,0,36000,0,36000,36000
057000,亞德客國票99購01,0,0,0,0,0,0,0,0,0,36000,0,0,0,50000,14000,36000,36000
058396,力山元大99購01  ,0,0,0,0,0,0,0,0,0,36000,0,0,0,36000,0,36000,36000
062264,南六元大9B購02  ,0,0,0,0,0,0,0,0,0,36000,0,0,0,109000,73000,36000,36000
059877,康控凱基99購05  ,0,0,0,0,0,0,0,0,0,36000,0,0,0,40000,4000,36000,36000
063244,華新科元大9B購11,0,0,0,0,0,0,0,0,0,36000,0,0,0,104000,68000,36000,36000
062835,瑞儀群益9B購01  ,0,0,0,0,0,0,0,0,0,36000,0,0,0,37000,1000,36000,36000
064207,國巨凱基03購02  ,0,0,0,0,0,0,0,0,0,36000,0,0,0,37000,1000,36000,36000
064578,TPK國泰02購01   ,0,0,0,0,0,0,0,0,0,36000,0,0,0,129000,93000,36000,36000
064610,儒鴻元大9C購03  ,0,0,0,0,0,0,0,0,0,36000,0,0,0,36000,0,36000,36000
064692,嘉晶群益9C購03  ,0,0,0,0,0,0,0,0,0,36000,0,0,0,135000,99000,36000,36000
063859,國巨國泰01購03  ,0,0,0,0,0,0,0,0,0,36000,0,0,0,92000,56000,36000,36000
063913,貿聯凱基02購01  ,0,0,0,0,0,0,0,0,0,36000,0,0,0,120000,84000,36000,36000
065792,TPK永豐9C購02   ,0,0,0,0,0,0,0,0,0,36000,0,0,0,36000,0,36000,36000
065888,鴻海統一03購01  ,0,0,0,0,0,0,0,0,0,36000,0,0,0,41000,5000,36000,36000
07712P,茂林元大9A售03  ,0,0,0,0,0,0,0,0,0,35000,0,0,0,200000,165000,35000,35000
08036P,嘉澤群益9B售03  ,0,0,0,0,0,0,0,0,0,35000,0,0,0,89000,54000,35000,35000
08150P,立積國票9C售01  ,0,0,0,0,0,0,0,0,0,35000,0,0,0,35000,0,35000,35000
08173P,金像電凱基9B售02,0,0,0,0,0,0,0,0,0,35000,0,0,0,35000,0,35000,35000
06983P,台積電國泰9A售02,0,0,0,0,0,0,0,0,0,35000,0,0,0,145000,110000,35000,35000
066885,牧德永豐01購02  ,0,0,0,0,0,0,0,0,0,35000,0,0,0,35000,0,35000,35000
066212,惠特統一01購01  ,0,0,0,0,0,0,0,0,0,35000,0,0,0,209000,174000,35000,35000
066513,精元永豐01購02  ,0,0,0,0,0,0,0,0,0,35000,0,0,0,75000,40000,35000,35000
066395,可成凱基01購03  ,0,0,0,0,0,0,0,0,0,35000,0,0,0,36000,1000,35000,35000
056139,貿聯元大97購04  ,0,0,0,0,0,0,0,0,0,35000,0,0,0,35000,0,35000,35000
05579P,友達凱基98售03  ,0,0,0,0,0,0,0,0,0,35000,0,0,0,35000,0,35000,35000
055919,景碩凱基98購02  ,0,0,0,0,0,0,0,0,0,35000,0,0,0,40000,5000,35000,35000
056726,友達日盛9A購01  ,0,0,0,0,0,0,0,0,0,35000,0,0,0,35000,0,35000,35000
056668,光磊國票99購01  ,0,0,0,0,0,0,0,0,0,35000,0,0,0,35000,0,35000,35000
053609,華新中信9A購01  ,0,0,0,0,0,0,0,0,0,35000,0,0,0,35000,0,35000,35000
053798,台積電中信98購02,0,0,0,0,0,0,0,0,0,35000,0,0,0,120000,85000,35000,35000
062998,泰碩國票01購01  ,0,0,0,0,0,0,0,0,0,35000,0,0,0,35000,0,35000,35000
063314,美律群益9B購01  ,0,0,0,0,0,0,0,0,0,35000,0,0,0,55000,20000,35000,35000
061508,南六國泰9C購02  ,0,0,0,0,0,0,0,0,0,35000,0,0,0,35000,0,35000,35000
062763,華擎凱基9C購02  ,0,0,0,0,0,0,0,0,0,35000,0,0,0,40000,5000,35000,35000
061035,亞光永豐9A購01  ,0,0,0,0,0,0,0,0,0,35000,0,0,0,43000,8000,35000,35000
059634,可成凱基99購07  ,0,0,0,0,0,0,0,0,0,35000,0,0,0,35000,0,35000,35000
059241,旺宏凱基99購07  ,0,0,0,0,0,0,0,0,0,35000,0,0,0,35000,0,35000,35000
061006,新光金兆豐9A購01,0,0,0,0,0,0,0,0,0,35000,0,0,0,170000,135000,35000,35000
059534,國泰金凱基99購01,0,0,0,0,0,0,0,0,0,35000,0,0,0,35000,0,35000,35000
059094,臻鼎元大99購03  ,0,0,0,0,0,0,0,0,0,35000,0,0,0,110000,75000,35000,35000
065923,臺指反國票02購03,0,0,0,0,0,0,0,0,0,35000,0,0,0,35000,0,35000,35000
065793,旭富永豐9C購02  ,0,0,0,0,0,0,0,0,0,35000,0,0,0,35000,0,35000,35000
065444,燿華統一02購02  ,0,0,0,0,0,0,0,0,0,35000,0,0,0,35000,0,35000,35000
065511,台積電群益01購02,0,0,0,0,0,0,0,0,0,35000,0,0,0,36000,1000,35000,35000
06515P,國巨凱基98售06  ,0,0,0,0,0,0,0,0,0,35000,0,0,0,35000,0,35000,35000
065206,旺宏國票01購02  ,0,0,0,0,0,0,0,0,0,35000,0,0,0,36000,1000,35000,35000
064739,智邦國票01購01  ,0,0,0,0,0,0,0,0,0,35000,0,0,0,35000,0,35000,35000
064989,鈺齊元大01購01  ,0,0,0,0,0,0,0,0,0,35000,0,0,0,35000,0,35000,35000
064872,南電永豐9C購02  ,0,0,0,0,0,0,0,0,0,35000,0,0,0,35000,0,35000,35000
063803,世紀鋼凱基01購01,0,0,0,0,0,0,0,0,0,35000,0,0,0,35000,0,35000,35000
063688,建準永豐9B購03  ,0,0,0,0,0,0,0,0,0,35000,0,0,0,35000,0,35000,35000
063638,華新科元大9B購14,0,0,0,0,0,0,0,0,0,35000,0,0,0,68000,33000,35000,35000
063577,台表科元大9C購04,0,0,0,0,0,0,0,0,0,35000,0,0,0,159000,124000,35000,35000
064628,南六元大9C購05  ,0,0,0,0,0,0,0,0,0,35000,0,0,0,69000,34000,35000,35000
064391,亞德客永豐9C購01,0,0,0,0,0,0,0,0,0,35000,0,0,0,35000,0,35000,35000
064234,正崴統一01購01  ,0,0,0,0,0,0,0,0,0,35000,0,0,0,40000,5000,35000,35000
064141,國巨統一01購08  ,0,0,0,0,0,0,0,0,0,35000,0,0,0,36000,1000,35000,35000
064307,聚陽群益9C購03  ,0,0,0,0,0,0,0,0,0,35000,0,0,0,150000,115000,35000,35000
2402,毅嘉            ,150000,115000,35000,0,0,0,0,0,0,0,0,0,0,0,0,0,35000
912000,晨訊科-DR       ,45000,10000,35000,0,0,0,0,0,0,0,0,0,0,0,0,0,35000
066555,聯詠元大01購01  ,0,0,0,0,0,0,0,0,0,34000,0,0,0,114000,80000,34000,34000
066672,瑞祺凱基03購01  ,0,0,0,0,0,0,0,0,0,34000,0,0,0,64000,30000,34000,34000
08105P,景碩元大9B售01  ,0,0,0,0,0,0,0,0,0,34000,0,0,0,34000,0,34000,34000
08338P,台灣50凱基9C售11,0,0,0,0,0,0,0,0,0,34000,0,0,0,40000,6000,34000,34000
08671P,友訊國票01售01  ,0,0,0,0,0,0,0,0,0,34000,0,0,0,38000,4000,34000,34000
08763P,健策永豐01售02  ,0,0,0,0,0,0,0,0,0,34000,0,0,0,187000,153000,34000,34000
054223,大立光統一98購04,0,0,0,0,0,0,0,0,0,34000,0,0,0,45000,11000,34000,34000
055597,禾伸堂元大98購02,0,0,0,0,0,0,0,0,0,34000,0,0,0,34000,0,34000,34000
062417,鴻海統一9C購08  ,0,0,0,0,0,0,0,0,0,34000,0,0,0,39000,5000,34000,34000
056984,嘉晶群益98購01  ,0,0,0,0,0,0,0,0,0,34000,0,0,0,40000,6000,34000,34000
057902,嘉晶永豐98購02  ,0,0,0,0,0,0,0,0,0,34000,0,0,0,131000,97000,34000,34000
059065,南電凱基9A購01  ,0,0,0,0,0,0,0,0,0,34000,0,0,0,34000,0,34000,34000
060556,緯穎凱基9A購04  ,0,0,0,0,0,0,0,0,0,34000,0,0,0,145000,111000,34000,34000
062699,台積電元大01購02,0,0,0,0,0,0,0,0,0,34000,0,0,0,34000,0,34000,34000
063358,華擎國泰01購01  ,0,0,0,0,0,0,0,0,0,34000,0,0,0,60000,26000,34000,34000
062877,可成兆豐9C購01  ,0,0,0,0,0,0,0,0,0,34000,0,0,0,36000,2000,34000,34000
064343,健鼎元大9C購01  ,0,0,0,0,0,0,0,0,0,34000,0,0,0,84000,50000,34000,34000
064096,台積電群益9C購07,0,0,0,0,0,0,0,0,0,34000,0,0,0,150000,116000,34000,34000
063641,泰鼎元大9B購04  ,0,0,0,0,0,0,0,0,0,34000,0,0,0,54000,20000,34000,34000
064910,臺股指麥證9C購04,0,0,0,49000,15000,34000,0,0,0,34000,0,0,0,49000,15000,34000,34000
064983,力成元大9C購04  ,0,0,0,0,0,0,0,0,0,34000,0,0,0,34000,0,34000,34000
065194,和大元富9C購01  ,0,0,0,0,0,0,0,0,0,34000,0,0,0,34000,0,34000,34000
065136,正隆凱基9C購01  ,0,0,0,0,0,0,0,0,0,34000,0,0,0,34000,0,34000,34000
065326,華擎凱基02購01  ,0,0,0,0,0,0,0,0,0,34000,0,0,0,100000,66000,34000,34000
08334P,智邦永豐9C售01  ,0,0,0,0,0,0,0,0,0,33000,0,0,0,33000,0,33000,33000
066687,國巨元富07購05  ,0,0,0,0,0,0,0,0,0,33000,0,0,0,33000,0,33000,33000
06884P,台郡群益98售03  ,0,0,0,0,0,0,0,0,0,33000,0,0,0,33000,0,33000,33000
066406,南六凱基01購02  ,0,0,0,0,0,0,0,0,0,33000,0,0,0,53000,20000,33000,33000
066090,泰鼎永豐01購01  ,0,0,0,0,0,0,0,0,0,33000,0,0,0,33000,0,33000,33000
056993,GIS兆豐99購01   ,0,0,0,0,0,0,0,0,0,33000,0,0,0,33000,0,33000,33000
063204,高鐵統一9C購01  ,0,0,0,0,0,0,0,0,0,33000,0,0,0,33000,0,33000,33000
063128,智伸科元大9B購01,0,0,0,0,0,0,0,0,0,33000,0,0,0,55000,22000,33000,33000
062706,大立光元大9B購06,0,0,0,0,0,0,0,0,0,33000,0,0,0,39000,6000,33000,33000
060541,正隆凱基9A購01  ,0,0,0,0,0,0,0,0,0,33000,0,0,0,34000,1000,33000,33000
059639,大立光凱基9A購06,0,0,0,0,0,0,0,0,0,33000,0,0,0,83000,50000,33000,33000
059395,T50反1元富99購03,0,0,0,0,0,0,0,0,0,33000,0,0,0,1051000,1018000,33000,33000
060963,禾伸堂凱基9A購01,0,0,0,0,0,0,0,0,0,33000,0,0,0,33000,0,33000,33000
061789,群創群益9B購01  ,0,0,0,0,0,0,0,0,0,33000,0,0,0,53000,20000,33000,33000
065399,新日興群益01購01,0,0,0,0,0,0,0,0,0,33000,0,0,0,122000,89000,33000,33000
064021,國巨元大9C購15  ,0,0,0,0,0,0,0,0,0,33000,0,0,0,78000,45000,33000,33000
064362,友達統一01購02  ,0,0,0,0,0,0,0,0,0,33000,0,0,0,43000,10000,33000,33000
064441,嘉澤凱基9C購02  ,0,0,0,0,0,0,0,0,0,33000,0,0,0,87000,54000,33000,33000
2929,淘帝-KY         ,223000,190000,33000,0,0,0,0,0,0,0,0,0,0,0,0,0,33000
2545,皇翔            ,37000,4000,33000,0,0,0,0,0,0,0,0,0,0,0,0,0,33000
2524,京城            ,82000,49000,33000,0,0,0,0,0,0,0,0,0,0,0,0,0,33000
6165,捷泰            ,43000,10000,33000,0,0,0,0,0,0,0,0,0,0,0,0,0,33000
07076P,鴻海凱基9A售08  ,0,0,0,0,0,0,0,0,0,32000,0,0,0,32000,0,32000,32000
066652,聯鈞康和01購01  ,0,0,0,0,0,0,0,0,0,32000,0,0,0,32000,0,32000,32000
08181P,華新科國泰9C售02,0,0,0,0,0,0,0,0,0,32000,0,0,0,59000,27000,32000,32000
08533P,技嘉元富06售02  ,0,0,0,0,0,0,0,0,0,32000,0,0,0,32000,0,32000,32000
056954,聯詠富邦9A購01  ,0,0,0,0,0,0,0,0,0,32000,0,0,0,69000,37000,32000,32000
057813,京元電元大98購03,0,0,0,0,0,0,0,0,0,32000,0,0,0,231000,199000,32000,32000
057953,聚陽元大98購01  ,0,0,0,0,0,0,0,0,0,32000,0,0,0,32000,0,32000,32000
056286,奇鋐永豐97購01  ,0,0,0,0,0,0,0,0,0,32000,0,0,0,33000,1000,32000,32000
056671,台灣50元富9A購01,0,0,0,0,0,0,0,0,0,32000,0,0,0,63000,31000,32000,32000
058943,元石油群益9C購01,0,0,0,0,0,0,0,0,0,32000,0,0,0,32000,0,32000,32000
061823,勤誠群益9B購01  ,0,0,0,0,0,0,0,0,0,32000,0,0,0,58000,26000,32000,32000
060939,鴻海國票9A購06  ,0,0,0,0,0,0,0,0,0,32000,0,0,0,47000,15000,32000,32000
059948,正文永豐99購01  ,0,0,0,0,0,0,0,0,0,32000,0,0,0,54000,22000,32000,32000
061491,嘉聯益兆豐9B購01,0,0,0,0,0,0,0,0,0,32000,0,0,0,37000,5000,32000,32000
061126,京元電永豐9A購02,0,0,0,0,0,0,0,0,0,32000,0,0,0,228000,196000,32000,32000
063157,鴻海台新9B購02  ,0,0,0,0,0,0,0,0,0,32000,0,0,0,42000,10000,32000,32000
062902,智邦元大9B購07  ,0,0,0,0,0,0,0,0,0,32000,0,0,0,34000,2000,32000,32000
062869,帆宣中信9B購01  ,0,0,0,0,0,0,0,0,0,32000,0,0,0,32000,0,32000,32000
061960,國巨統一01購05  ,0,0,0,0,0,0,0,0,0,32000,0,0,0,60000,28000,32000,32000
064349,泰鼎元大9C購02  ,0,0,0,0,0,0,0,0,0,32000,0,0,0,51000,19000,32000,32000
064041,國巨統一01購07  ,0,0,0,0,0,0,0,0,0,32000,0,0,0,39000,7000,32000,32000
063613,全新群益9C購01  ,0,0,0,0,0,0,0,0,0,32000,0,0,0,64000,32000,32000,32000
065568,台積電群益01購04,0,0,0,0,0,0,0,0,0,32000,0,0,0,170000,138000,32000,32000
065882,景碩台新9C購03  ,0,0,0,0,0,0,0,0,0,32000,0,0,0,38000,6000,32000,32000
065080,燿華元大01購01  ,0,0,0,0,0,0,0,0,0,32000,0,0,0,182000,150000,32000,32000
08425P,世紀鋼元富9C售03,0,0,0,0,0,0,0,0,0,31000,0,0,0,31000,0,31000,31000
1721,三晃            ,83000,52000,31000,0,0,0,0,0,0,0,0,0,0,0,0,0,31000
08132P,南六元大9B售05  ,0,0,0,0,0,0,0,0,0,31000,0,0,0,378000,347000,31000,31000
056712,京鼎永豐98購01  ,0,0,0,0,0,0,0,0,0,31000,0,0,0,60000,29000,31000,31000
057390,台表科永豐98購01,0,0,0,0,0,0,0,0,0,31000,0,0,0,103000,72000,31000,31000
057853,旺宏國票99購05  ,0,0,0,0,0,0,0,0,0,31000,0,0,0,31000,0,31000,31000
058298,聯茂凱基99購05  ,0,0,0,0,0,0,0,0,0,31000,0,0,0,31000,0,31000,31000
061935,台積電國票9B購07,0,0,0,0,0,0,0,0,0,31000,0,0,0,37000,6000,31000,31000
063257,牧德國泰01購01  ,0,0,0,0,0,0,0,0,0,31000,0,0,0,31000,0,31000,31000
059722,南亞科元大99購02,0,0,0,0,0,0,0,0,0,31000,0,0,0,31000,0,31000,31000
059253,康控凱基9B購02  ,0,0,0,0,0,0,0,0,0,31000,0,0,0,45000,14000,31000,31000
059829,超眾凱基99購05  ,0,0,0,0,0,0,0,0,0,31000,0,0,0,38000,7000,31000,31000
061859,勤誠國票9B購01  ,0,0,0,0,0,0,0,0,0,31000,0,0,0,31000,0,31000,31000
065218,世芯國泰02購02  ,0,0,0,0,0,0,0,0,0,31000,0,0,0,31000,0,31000,31000
065646,健鼎元大9C購04  ,0,0,0,0,0,0,0,0,0,31000,0,0,0,31000,0,31000,31000
065447,緯創統一02購02  ,0,0,0,0,0,0,0,0,0,31000,0,0,0,205000,174000,31000,31000
065517,緯創群益9C購02  ,0,0,0,0,0,0,0,0,0,31000,0,0,0,52000,21000,31000,31000
2059,川湖            ,51000,19000,32000,0,0,0,0,1000,-1000,0,0,0,0,0,0,0,31000
07987P,大立光統一9B售13,0,0,0,0,0,0,0,0,0,30000,0,0,0,32000,2000,30000,30000
08221P,台表科凱基9B售05,0,0,0,0,0,0,0,0,0,30000,0,0,0,150000,120000,30000,30000
08278P,玉晶光元富9C售02,0,0,0,0,0,0,0,0,0,30000,0,0,0,40000,10000,30000,30000
08264P,南電元大9C售02  ,0,0,0,0,0,0,0,0,0,30000,0,0,0,100000,70000,30000,30000
07667P,亞德客元大9A售05,0,0,0,0,0,0,0,0,0,30000,0,0,0,30000,0,30000,30000
07825P,健策國泰9B售04  ,0,0,0,0,0,0,0,0,0,30000,0,0,0,30000,0,30000,30000
07780P,美律凱基9A售02  ,0,0,0,0,0,0,0,0,0,30000,0,0,0,60000,30000,30000,30000
07303P,臺股指元大9A售36,0,0,0,0,0,0,0,0,0,30000,0,0,0,30000,0,30000,30000
08532P,國巨元富06售02  ,0,0,0,0,0,0,0,0,0,30000,0,0,0,40000,10000,30000,30000
08565P,聯發科群益9C售12,0,0,0,0,0,0,0,0,0,30000,0,0,0,30000,0,30000,30000
066625,瑞昱凱基02購01  ,0,0,0,0,0,0,0,0,0,30000,0,0,0,58000,28000,30000,30000
066804,緯創凱基01購01  ,0,0,0,0,0,0,0,0,0,30000,0,0,0,280000,250000,30000,30000
07059P,華通國票9A售02  ,0,0,0,0,0,0,0,0,0,30000,0,0,0,30000,0,30000,30000
07175P,聯詠凱基99售02  ,0,0,0,0,0,0,0,0,0,30000,0,0,0,30000,0,30000,30000
06712P,臺股指台新99售09,0,0,0,0,0,0,0,0,0,30000,0,0,0,80000,50000,30000,30000
066074,文曄凱基01購01  ,0,0,0,0,0,0,0,0,0,30000,0,0,0,70000,40000,30000,30000
066117,茂林兆豐02購01  ,0,0,0,0,0,0,0,0,0,30000,0,0,0,138000,108000,30000,30000
066323,精元永豐01購01  ,0,0,0,0,0,0,0,0,0,30000,0,0,0,54000,24000,30000,30000
066437,台泥群益02購01  ,0,0,0,0,0,0,0,0,0,30000,0,0,0,118000,88000,30000,30000
057956,全新元大99購04  ,0,0,0,0,0,0,0,0,0,30000,0,0,0,30000,0,30000,30000
057186,群創元大99購04  ,0,0,0,0,0,0,0,0,0,30000,0,0,0,30000,0,30000,30000
062444,大立光元大9C購01,0,0,0,0,0,0,0,0,0,30000,0,0,0,75000,45000,30000,30000
062481,同欣電國票9B購01,0,0,0,0,0,0,0,0,0,30000,0,0,0,30000,0,30000,30000
062288,南六群益9B購01  ,0,0,0,0,0,0,0,0,0,30000,0,0,0,30000,0,30000,30000
058127,FBVIX元大9C購01 ,0,0,0,0,0,0,0,0,0,30000,0,0,0,35000,5000,30000,30000
058589,群創中信01購01  ,0,0,0,0,0,0,0,0,0,30000,0,0,0,30000,0,30000,30000
058939,台積電中信9B購01,0,0,0,0,0,0,0,0,0,30000,0,0,0,50000,20000,30000,30000
058993,滬深反元大9C購01,0,0,0,0,0,0,0,0,0,30000,0,0,0,30000,0,30000,30000
056301,開發金元大9A購01,0,0,0,0,0,0,0,0,0,30000,0,0,0,30000,0,30000,30000
054780,中石化群益99購01,0,0,0,0,0,0,0,0,0,30000,0,0,0,30000,0,30000,30000
056191,世紀鋼統一97購01,0,0,0,0,0,0,0,0,0,30000,0,0,0,30000,0,30000,30000
055027,牧德國泰99購01  ,0,0,0,0,0,0,0,0,0,30000,0,0,0,30000,0,30000,30000
055964,正文元大97購02  ,0,0,0,0,0,0,0,0,0,30000,0,0,0,30000,0,30000,30000
054201,聯詠富邦97購02  ,0,0,0,0,0,0,0,0,0,30000,0,0,0,30000,0,30000,30000
053916,漢唐國票97購04  ,0,0,0,0,0,0,0,0,0,30000,0,0,0,30000,0,30000,30000
053630,奇鋐兆豐97購01  ,0,0,0,0,0,0,0,0,0,30000,0,0,0,30000,0,30000,30000
054317,昇陽半凱基98購01,0,0,0,0,0,0,0,0,0,30000,0,0,0,30000,0,30000,30000
03050X,元展47          ,0,0,0,0,0,0,0,0,0,30000,0,0,0,40000,10000,30000,30000
055421,玉晶光永豐98購04,0,0,0,0,0,0,0,0,0,30000,0,0,0,30000,0,30000,30000
056398,南茂永豐98購01  ,0,0,0,0,0,0,0,0,0,30000,0,0,0,30000,0,30000,30000
061785,奇力新群益9B購01,0,0,0,0,0,0,0,0,0,30000,0,0,0,30000,0,30000,30000
061582,麗豐元大9A購01  ,0,0,0,0,0,0,0,0,0,30000,0,0,0,30000,0,30000,30000
062529,可成統一9C購03  ,0,0,0,0,0,0,0,0,0,30000,0,0,0,70000,40000,30000,30000
059174,訊芯凱基99購01  ,0,0,0,0,0,0,0,0,0,30000,0,0,0,78000,48000,30000,30000
059847,喬山永豐99購01  ,0,0,0,0,0,0,0,0,0,30000,0,0,0,69000,39000,30000,30000
059401,牧德元富99購01  ,0,0,0,0,0,0,0,0,0,30000,0,0,0,30000,0,30000,30000
060519,S&P500中信01購01,0,0,0,0,0,0,0,0,0,30000,0,0,0,30000,0,30000,30000
060558,億豐凱基9A購01  ,0,0,0,0,0,0,0,0,0,30000,0,0,0,30000,0,30000,30000
060457,中橡元大9A購02  ,0,0,0,0,0,0,0,0,0,30000,0,0,0,60000,30000,30000,30000
063155,緯穎元富9B購03  ,0,0,0,0,0,0,0,0,0,30000,0,0,0,30000,0,30000,30000
061966,旺宏統一01購03  ,0,0,0,0,0,0,0,0,0,30000,0,0,0,30000,0,30000,30000
061877,貿聯元大9B購01  ,0,0,0,0,0,0,0,0,0,30000,0,0,0,105000,75000,30000,30000
062976,嘉澤元富9B購01  ,0,0,0,0,0,0,0,0,0,30000,0,0,0,470000,440000,30000,30000
061100,SP黃豆元大9A購04,0,0,0,0,0,0,0,0,0,30000,0,0,0,30000,0,30000,30000
062758,國巨凱基9B購09  ,0,0,0,0,0,0,0,0,0,30000,0,0,0,32000,2000,30000,30000
061039,台表科永豐9A購03,0,0,0,0,0,0,0,0,0,30000,0,0,0,90000,60000,30000,30000
065887,巨大元富9C購01  ,0,0,0,0,0,0,0,0,0,30000,0,0,0,30000,0,30000,30000
065243,聯發科兆豐01購03,0,0,0,0,0,0,0,0,0,30000,0,0,0,30000,0,30000,30000
065322,聯發科凱基01購05,0,0,0,0,0,0,0,0,0,30000,0,0,0,47000,17000,30000,30000
065325,亞光凱基9C購01  ,0,0,0,0,0,0,0,0,0,30000,0,0,0,122000,92000,30000,30000
065347,聯發科統一9C購15,0,0,0,0,0,0,0,0,0,30000,0,0,0,35000,5000,30000,30000
065335,玉晶光台新9C購03,0,0,0,0,0,0,0,0,0,30000,0,0,0,40000,10000,30000,30000
064993,嘉澤兆豐9C購01  ,0,0,0,0,0,0,0,0,0,30000,0,0,0,136000,106000,30000,30000
064954,奇鋐凱基9C購01  ,0,0,0,0,0,0,0,0,0,30000,0,0,0,492000,462000,30000,30000
064944,亞德客凱基9C購03,0,0,0,0,0,0,0,0,0,30000,0,0,0,33000,3000,30000,30000
064796,緯穎國票01購01  ,0,0,0,0,0,0,0,0,0,30000,0,0,0,87000,57000,30000,30000
063689,可成永豐9B購04  ,0,0,0,0,0,0,0,0,0,30000,0,0,0,84000,54000,30000,30000
063660,儒鴻統一9C購01  ,0,0,0,0,0,0,0,0,0,30000,0,0,0,194000,164000,30000,30000
063498,金像電永豐9B購02,0,0,0,0,0,0,0,0,0,30000,0,0,0,30000,0,30000,30000
063510,台表科群益9C購01,0,0,0,0,0,0,0,0,0,30000,0,0,0,30000,0,30000,30000
063867,全新永豐9C購01  ,0,0,0,0,0,0,0,0,0,30000,0,0,0,55000,25000,30000,30000
064294,和大中信9C購01  ,0,0,0,0,0,0,0,0,0,30000,0,0,0,60000,30000,30000,30000
064221,華通國票01購01  ,0,0,0,0,0,0,0,0,0,30000,0,0,0,65000,35000,30000,30000
064696,群創群益9C購02  ,0,0,0,0,0,0,0,0,0,30000,0,0,0,80000,50000,30000,30000
064716,國巨統一9C購14  ,0,0,0,0,0,0,0,0,0,30000,0,0,0,280000,250000,30000,30000
5519,隆大            ,49000,19000,30000,0,0,0,0,0,0,0,0,0,0,0,0,0,30000
066445,牧德群益01購01  ,0,0,0,0,0,0,0,0,0,29000,0,0,0,46000,17000,29000,29000
07045P,上銀國票9A售01  ,0,0,0,0,0,0,0,0,0,29000,0,0,0,29000,0,29000,29000
066829,奇力新群益01購01,0,0,0,0,0,0,0,0,0,29000,0,0,0,29000,0,29000,29000
066609,國巨麥證01購04  ,0,0,0,29000,2000,27000,0,0,0,29000,0,0,0,31000,2000,29000,29000
07908P,台積電統一9B售11,0,0,0,0,0,0,0,0,0,29000,0,0,0,29000,0,29000,29000
07958P,華擎群益9B售01  ,0,0,0,0,0,0,0,0,0,29000,0,0,0,30000,1000,29000,29000
08358P,大立光元大9C售18,0,0,0,0,0,0,0,0,0,29000,0,0,0,42000,13000,29000,29000
08063P,立積國票9B售03  ,0,0,0,0,0,0,0,0,0,29000,0,0,0,29000,0,29000,29000
055439,台表科國票98購02,0,0,0,0,0,0,0,0,0,29000,0,0,0,30000,1000,29000,29000
057618,台光電凱基99購01,0,0,0,0,0,0,0,0,0,29000,0,0,0,250000,221000,29000,29000
057875,京鼎元大98購03  ,0,0,0,0,0,0,0,0,0,29000,0,0,0,33000,4000,29000,29000
060333,金寶康和9A購01  ,0,0,0,0,0,0,0,0,0,29000,0,0,0,220000,191000,29000,29000
062734,臺指反國票9C購03,0,0,0,0,0,0,0,0,0,29000,0,0,0,419000,390000,29000,29000
060462,鴻海元大9A購10  ,0,0,0,0,0,0,0,0,0,29000,0,0,0,59000,30000,29000,29000
059162,國巨凱基99購12  ,0,0,0,0,0,0,0,0,0,29000,0,0,0,51000,22000,29000,29000
061557,台積電國票9C購02,0,0,0,0,0,0,0,0,0,29000,0,0,0,30000,1000,29000,29000
064313,嘉晶群益9C購02  ,0,0,0,0,0,0,0,0,0,29000,0,0,0,66000,37000,29000,29000
064747,彩晶國票01購01  ,0,0,0,0,0,0,0,0,0,29000,0,0,0,64000,35000,29000,29000
065096,世芯元大9C購03  ,0,0,0,0,0,0,0,0,0,29000,0,0,0,94000,65000,29000,29000
065709,瀚宇博群益9C購01,0,0,0,0,0,0,0,0,0,29000,0,0,0,120000,91000,29000,29000
065602,聯發科元大9C購15,0,0,0,0,0,0,0,0,0,29000,0,0,0,86000,57000,29000,29000
08095P,大立光元富9B售03,0,0,0,0,0,0,0,0,0,28000,0,0,0,149000,121000,28000,28000
08634P,大立光元大9C售26,0,0,0,0,0,0,0,0,0,28000,0,0,0,50000,22000,28000,28000
1730,花仙子          ,37000,9000,28000,0,0,0,0,0,0,0,0,0,0,0,0,0,28000
066315,南帝永豐01購01  ,0,0,0,0,0,0,0,0,0,28000,0,0,0,178000,150000,28000,28000
066312,川湖永豐01購01  ,0,0,0,0,0,0,0,0,0,28000,0,0,0,28000,0,28000,28000
066062,同欣電元大01購02,0,0,0,0,0,0,0,0,0,28000,0,0,0,34000,6000,28000,28000
066077,健策凱基01購01  ,0,0,0,0,0,0,0,0,0,28000,0,0,0,81000,53000,28000,28000
057957,嘉晶元大98購01  ,0,0,0,0,0,0,0,0,0,28000,0,0,0,44000,16000,28000,28000
057028,台郡凱基99購02  ,0,0,0,0,0,0,0,0,0,28000,0,0,0,30000,2000,28000,28000
057031,滬深反元大9B購02,0,0,0,0,0,0,0,0,0,28000,0,0,0,30000,2000,28000,28000
062379,致新元大9B購01  ,0,0,0,0,0,0,0,0,0,28000,0,0,0,28000,0,28000,28000
054550,旺宏凱基98購02  ,0,0,0,0,0,0,0,0,0,28000,0,0,0,28000,0,28000,28000
058876,南電國票9A購02  ,0,0,0,0,0,0,0,0,0,28000,0,0,0,28000,0,28000,28000
057428,正崴兆豐98購01  ,0,0,0,0,0,0,0,0,0,28000,0,0,0,28000,0,28000,28000
061788,信邦群益9B購01  ,0,0,0,0,0,0,0,0,0,28000,0,0,0,30000,2000,28000,28000
061656,華新科國票9A購08,0,0,0,0,0,0,0,0,0,28000,0,0,0,35000,7000,28000,28000
061057,華新科國票9A購04,0,0,0,0,0,0,0,0,0,28000,0,0,0,28000,0,28000,28000
063028,巨大元大9B購02  ,0,0,0,0,0,0,0,0,0,28000,0,0,0,28000,0,28000,28000
065810,台表科群益9C購05,0,0,0,0,0,0,0,0,0,28000,0,0,0,73000,45000,28000,28000
064985,台表科元大9C購09,0,0,0,0,0,0,0,0,0,28000,0,0,0,97000,69000,28000,28000
064220,力山國票01購01  ,0,0,0,0,0,0,0,0,0,28000,0,0,0,66000,38000,28000,28000
064617,台光電元大01購01,0,0,0,0,0,0,0,0,0,28000,0,0,0,346000,318000,28000,28000
064432,台積電凱基9C購04,0,0,0,0,0,0,0,0,0,28000,0,0,0,80000,52000,28000,28000
064451,技嘉統一01購02  ,0,0,0,0,0,0,0,0,0,28000,0,0,0,48000,20000,28000,28000
063853,同欣電元大9C購02,0,0,0,0,0,0,0,0,0,28000,0,0,0,34000,6000,28000,28000
064070,祥碩永豐9C購01  ,0,0,0,0,0,0,0,0,0,28000,0,0,0,116000,88000,28000,28000
3645,達邁            ,111000,56000,55000,0,0,0,0,0,0,-27000,0,27000,-27000,0,0,0,28000
3703,欣陸            ,54000,26000,28000,0,0,0,0,0,0,0,0,0,0,0,0,0,28000
2707,晶華            ,70000,42000,28000,0,0,0,0,0,0,0,0,0,0,0,0,0,28000
2239,英利-KY         ,202356,58000,144356,0,0,0,0,117000,-117000,0,0,0,0,0,0,0,27356
065992,立積永豐01購01  ,0,0,0,0,0,0,0,0,0,27000,0,0,0,40000,13000,27000,27000
066202,大立光統一02購07,0,0,0,0,0,0,0,0,0,27000,0,0,0,175000,148000,27000,27000
066514,盟立永豐01購01  ,0,0,0,0,0,0,0,0,0,27000,0,0,0,53000,26000,27000,27000
066557,京鼎元大01購01  ,0,0,0,0,0,0,0,0,0,27000,0,0,0,43000,16000,27000,27000
07466P,亞德客元大9A售02,0,0,0,0,0,0,0,0,0,27000,0,0,0,59000,32000,27000,27000
055535,緯創群益98購01  ,0,0,0,0,0,0,0,0,0,27000,0,0,0,27000,0,27000,27000
058641,鴻海麥證99購02  ,0,0,0,83000,0,83000,0,0,0,27000,0,0,0,83000,56000,27000,27000
057745,泰鼎永豐99購01  ,0,0,0,0,0,0,0,0,0,27000,0,0,0,75000,48000,27000,27000
056794,上銀麥證98購01  ,0,0,0,27000,0,27000,0,0,0,27000,0,0,0,27000,0,27000,27000
057531,禾伸堂元大99購04,0,0,0,0,0,0,0,0,0,27000,0,0,0,77000,50000,27000,27000
063302,國巨凱基9C購05  ,0,0,0,0,0,0,0,0,0,27000,0,0,0,29000,2000,27000,27000
061041,南電永豐9A購03  ,0,0,0,0,0,0,0,0,0,27000,0,0,0,27000,0,27000,27000
062688,華擎統一01購03  ,0,0,0,0,0,0,0,0,0,27000,0,0,0,132000,105000,27000,27000
061770,泰碩元大9B購02  ,0,0,0,0,0,0,0,0,0,27000,0,0,0,83000,56000,27000,27000
062128,祥碩統一01購01  ,0,0,0,0,0,0,0,0,0,27000,0,0,0,27000,0,27000,27000
059533,富邦金凱基99購01,0,0,0,0,0,0,0,0,0,27000,0,0,0,76000,49000,27000,27000
059450,和大永豐99購01  ,0,0,0,0,0,0,0,0,0,27000,0,0,0,27000,0,27000,27000
059343,宏達電凱基99購04,0,0,0,0,0,0,0,0,0,27000,0,0,0,29000,2000,27000,27000
063725,聯電元大9C購03  ,0,0,0,0,0,0,0,0,0,27000,0,0,0,66000,39000,27000,27000
063614,美食群益9B購03  ,0,0,0,0,0,0,0,0,0,27000,0,0,0,27000,0,27000,27000
064469,臻鼎元富9C購01  ,0,0,0,0,0,0,0,0,0,27000,0,0,0,290000,263000,27000,27000
064596,台表科統一01購03,0,0,0,0,0,0,0,0,0,27000,0,0,0,42000,15000,27000,27000
2425,承啟            ,134000,97000,37000,0,0,0,0,0,0,-10000,0,10000,-10000,0,0,0,27000
911868,同方友友-DR     ,27000,0,27000,0,0,0,0,0,0,0,0,0,0,0,0,0,27000
6605,帝寶            ,39000,12000,27000,0,0,0,0,0,0,0,0,0,0,0,0,0,27000
08775P,台灣50群益01售05,0,0,0,0,0,0,0,0,0,26000,0,0,0,26000,0,26000,26000
08719P,華通元大01售04  ,0,0,0,0,0,0,0,0,0,26000,0,0,0,43000,17000,26000,26000
062383,大立光國泰01購01,0,0,0,0,0,0,0,0,0,26000,0,0,0,80000,54000,26000,26000
062522,同欣電元大9B購02,0,0,0,0,0,0,0,0,0,26000,0,0,0,86000,60000,26000,26000
062456,台積電群益9B購05,0,0,0,0,0,0,0,0,0,26000,0,0,0,92000,66000,26000,26000
059346,新日興凱基99購03,0,0,0,0,0,0,0,0,0,26000,0,0,0,26000,0,26000,26000
062094,台積電富邦9C購12,0,0,0,0,0,0,0,0,0,26000,0,0,0,37000,11000,26000,26000
061839,華新科凱基05購04,0,0,0,0,0,0,0,0,0,26000,0,0,0,26000,0,26000,26000
062968,仁寶元富9B購01  ,0,0,0,0,0,0,0,0,0,26000,0,0,0,135000,109000,26000,26000
062951,鴻海永豐9B購02  ,0,0,0,0,0,0,0,0,0,26000,0,0,0,31000,5000,26000,26000
064353,力成元大9C購02  ,0,0,0,0,0,0,0,0,0,26000,0,0,0,122000,96000,26000,26000
063675,亞德客國泰01購01,0,0,0,0,0,0,0,0,0,26000,0,0,0,179000,153000,26000,26000
063465,友達元大9C購10  ,0,0,0,0,0,0,0,0,0,26000,0,0,0,92000,66000,26000,26000
063734,可成元大9B購04  ,0,0,0,0,0,0,0,0,0,26000,0,0,0,28000,2000,26000,26000
063994,台光電群益9C購01,0,0,0,0,0,0,0,0,0,26000,0,0,0,241000,215000,26000,26000
065180,台表科元大9C購10,0,0,0,0,0,0,0,0,0,26000,0,0,0,294000,268000,26000,26000
065678,聯發科統一01購07,0,0,0,0,0,0,0,0,0,26000,0,0,0,147000,121000,26000,26000
3257,虹冠電          ,107000,81000,26000,0,0,0,0,0,0,0,0,0,0,0,0,0,26000
08641P,台灣50群益9C售08,0,0,0,0,0,0,0,0,0,25000,0,0,0,50000,25000,25000,25000
1533,車王電          ,59000,34000,25000,0,0,0,0,0,0,0,0,0,0,0,0,0,25000
07459P,緯穎元大9A售01  ,0,0,0,0,0,0,0,0,0,25000,0,0,0,25000,0,25000,25000
07392P,台積電國泰02售01,0,0,0,0,0,0,0,0,0,25000,0,0,0,38000,13000,25000,25000
07285P,上証2X群益01售02,0,0,0,0,0,0,0,0,0,25000,0,0,0,28000,3000,25000,25000
07998P,聯電凱基9C售01  ,0,0,0,0,0,0,0,0,0,25000,0,0,0,75000,50000,25000,25000
066257,台積電元大01購09,0,0,0,0,0,0,0,0,0,25000,0,0,0,30000,5000,25000,25000
066028,嘉澤群益01購01  ,0,0,0,0,0,0,0,0,0,25000,0,0,0,247000,222000,25000,25000
066712,台灣50元大01購20,0,0,0,0,0,0,0,0,0,25000,0,0,0,25000,0,25000,25000
066732,可成元大01購06  ,0,0,0,0,0,0,0,0,0,25000,0,0,0,35000,10000,25000,25000
062509,SP黃豆國票9B購03,0,0,0,0,0,0,0,0,0,25000,0,0,0,60000,35000,25000,25000
058711,鴻海統一9A購02  ,0,0,0,0,0,0,0,0,0,25000,0,0,0,30000,5000,25000,25000
057985,華通元富02購03  ,0,0,0,0,0,0,0,0,0,25000,0,0,0,25000,0,25000,25000
057272,台積電元大98購14,0,0,0,0,0,0,0,0,0,25000,0,0,0,35000,10000,25000,25000
057376,新日興元大98購04,0,0,0,0,0,0,0,0,0,25000,0,0,0,25000,0,25000,25000
056603,嘉聯益國泰9A購01,0,0,0,0,0,0,0,0,0,25000,0,0,0,25000,0,25000,25000
056431,鴻海凱基98購07  ,0,0,0,0,0,0,0,0,0,25000,0,0,0,31000,6000,25000,25000
056463,台虹凱基98購02  ,0,0,0,0,0,0,0,0,0,25000,0,0,0,25000,0,25000,25000
052885,高鐵兆豐98購01  ,0,0,0,0,0,0,0,0,0,25000,0,0,0,25000,0,25000,25000
062897,上銀元大9B購06  ,0,0,0,0,0,0,0,0,0,25000,0,0,0,25000,0,25000,25000
063211,道瓊銀國票9B購01,0,0,0,0,0,0,0,0,0,25000,0,0,0,25000,0,25000,25000
061875,華新科元大9B購03,0,0,0,0,0,0,0,0,0,25000,0,0,0,93000,68000,25000,25000
061720,智邦國泰9C購01  ,0,0,0,0,0,0,0,0,0,25000,0,0,0,25000,0,25000,25000
061353,康控元大9A購01  ,0,0,0,0,0,0,0,0,0,25000,0,0,0,30000,5000,25000,25000
061436,上銀凱基9A購07  ,0,0,0,0,0,0,0,0,0,25000,0,0,0,25000,0,25000,25000
062705,美食元大9B購01  ,0,0,0,0,0,0,0,0,0,25000,0,0,0,25000,0,25000,25000
062746,致伸永豐9B購01  ,0,0,0,0,0,0,0,0,0,25000,0,0,0,25000,0,25000,25000
062672,兆豐金中信03購01,0,0,0,0,0,0,0,0,0,25000,0,0,0,62000,37000,25000,25000
060874,中鋼中信02購01  ,0,0,0,0,0,0,0,0,0,25000,0,0,0,25000,0,25000,25000
060060,台積電兆豐99購05,0,0,0,0,0,0,0,0,0,25000,0,0,0,45000,20000,25000,25000
061654,旺宏國票9A購02  ,0,0,0,0,0,0,0,0,0,25000,0,0,0,25000,0,25000,25000
059528,華新科凱基99購06,0,0,0,0,0,0,0,0,0,25000,0,0,0,25000,0,25000,25000
060926,宏達電永豐9A購01,0,0,0,0,0,0,0,0,0,25000,0,0,0,28000,3000,25000,25000
059142,道瓊指國票9B購02,0,0,0,0,0,0,0,0,0,25000,0,0,0,35000,10000,25000,25000
059820,南亞科凱基99購07,0,0,0,0,0,0,0,0,0,25000,0,0,0,30000,5000,25000,25000
059878,聯茂凱基99購07  ,0,0,0,0,0,0,0,0,0,25000,0,0,0,27000,2000,25000,25000
059882,臺股指凱基9C購06,0,0,0,0,0,0,0,0,0,25000,0,0,0,44000,19000,25000,25000
059250,大立光凱基99購06,0,0,0,0,0,0,0,0,0,25000,0,0,0,25000,0,25000,25000
060305,得力永豐9A購01  ,0,0,0,0,0,0,0,0,0,25000,0,0,0,49000,24000,25000,25000
060625,華擎元大9A購01  ,0,0,0,0,0,0,0,0,0,25000,0,0,0,25000,0,25000,25000
060757,台積電元大9A購18,0,0,0,0,0,0,0,0,0,25000,0,0,0,25000,0,25000,25000
065956,緯創統一01購01  ,0,0,0,0,0,0,0,0,0,25000,0,0,0,37000,12000,25000,25000
065309,亞光國票01購01  ,0,0,0,0,0,0,0,0,0,25000,0,0,0,25000,0,25000,25000
065022,同欣電富邦01購01,0,0,0,0,0,0,0,0,0,25000,0,0,0,46000,21000,25000,25000
064838,旭富統一01購01  ,0,0,0,0,0,0,0,0,0,25000,0,0,0,81000,56000,25000,25000
063915,祥碩凱基01購01  ,0,0,0,0,0,0,0,0,0,25000,0,0,0,73000,48000,25000,25000
063521,國巨凱基03購01  ,0,0,0,0,0,0,0,0,0,25000,0,0,0,50000,25000,25000,25000
063648,台表科元大9C購05,0,0,0,0,0,0,0,0,0,25000,0,0,0,171000,146000,25000,25000
063563,國巨元大9C購07  ,0,0,0,0,0,0,0,0,0,25000,0,0,0,50000,25000,25000,25000
064625,健策元大01購02  ,0,0,0,0,0,0,0,0,0,25000,0,0,0,36000,11000,25000,25000
3030,德律            ,143000,118000,25000,0,0,0,0,0,0,0,0,0,0,0,0,0,25000
057787,TPK國票99購01   ,0,0,0,0,0,0,0,0,0,24000,0,0,0,92000,68000,24000,24000
057445,華通元富02購01  ,0,0,0,0,0,0,0,0,0,24000,0,0,0,55000,31000,24000,24000
062480,茂林國票9B購01  ,0,0,0,0,0,0,0,0,0,24000,0,0,0,38000,14000,24000,24000
062367,禾伸堂元大9B購02,0,0,0,0,0,0,0,0,0,24000,0,0,0,24000,0,24000,24000
062408,致新永豐9B購01  ,0,0,0,0,0,0,0,0,0,24000,0,0,0,134000,110000,24000,24000
060436,巨大永豐9A購01  ,0,0,0,0,0,0,0,0,0,24000,0,0,0,24000,0,24000,24000
059743,開發金元富99購01,0,0,0,0,0,0,0,0,0,24000,0,0,0,24000,0,24000,24000
062533,嘉澤統一9C購01  ,0,0,0,0,0,0,0,0,0,24000,0,0,0,25000,1000,24000,24000
062538,台積電國泰9C購02,0,0,0,0,0,0,0,0,0,24000,0,0,0,70000,46000,24000,24000
059536,新光金凱基99購05,0,0,0,0,0,0,0,0,0,24000,0,0,0,34000,10000,24000,24000
061800,泰鼎永豐9B購01  ,0,0,0,0,0,0,0,0,0,24000,0,0,0,24000,0,24000,24000
061025,創意富邦9B購01  ,0,0,0,0,0,0,0,0,0,24000,0,0,0,34000,10000,24000,24000
060816,世紀鋼凱基9C購02,0,0,0,0,0,0,0,0,0,24000,0,0,0,24000,0,24000,24000
062732,南六凱基9B購03  ,0,0,0,0,0,0,0,0,0,24000,0,0,0,29000,5000,24000,24000
061130,牧德永豐9A購04  ,0,0,0,0,0,0,0,0,0,24000,0,0,0,24000,0,24000,24000
062885,臻鼎兆豐9C購01  ,0,0,0,0,0,0,0,0,0,24000,0,0,0,39000,15000,24000,24000
064614,友訊元大9C購02  ,0,0,0,0,0,0,0,0,0,24000,0,0,0,40000,16000,24000,24000
064648,臻鼎凱基9C購02  ,0,0,0,0,0,0,0,0,0,24000,0,0,0,99000,75000,24000,24000
063427,南六凱基9B購04  ,0,0,0,0,0,0,0,0,0,24000,0,0,0,24000,0,24000,24000
064860,聯發科富邦03購01,0,0,0,0,0,0,0,0,0,24000,0,0,0,33000,9000,24000,24000
065806,貿聯群益9C購05  ,0,0,0,0,0,0,0,0,0,24000,0,0,0,85000,61000,24000,24000
065495,上銀富邦01購02  ,0,0,0,0,0,0,0,0,0,24000,0,0,0,84000,60000,24000,24000
9935,慶豐富          ,118000,94000,24000,0,0,0,0,0,0,0,0,0,0,0,0,0,24000
06934P,聯鈞元大98售03  ,0,0,0,0,0,0,0,0,0,23000,0,0,0,103000,80000,23000,23000
066215,惠特統一04購01  ,0,0,0,0,0,0,0,0,0,23000,0,0,0,35000,12000,23000,23000
066455,聯發科統一01購10,0,0,0,0,0,0,0,0,0,23000,0,0,0,26000,3000,23000,23000
07335P,臺股指國票99售20,0,0,0,0,0,0,0,0,0,23000,0,0,0,23000,0,23000,23000
062406,臻鼎永豐9B購01  ,0,0,0,0,0,0,0,0,0,23000,0,0,0,141000,118000,23000,23000
058410,國巨兆豐99購03  ,0,0,0,0,0,0,0,0,0,23000,0,0,0,48000,25000,23000,23000
058448,滬深2X永豐9A購01,0,0,0,0,0,0,0,0,0,23000,0,0,0,53000,30000,23000,23000
058553,合勤控永豐99購01,0,0,0,0,0,0,0,0,0,23000,0,0,0,23000,0,23000,23000
056918,台積電兆豐98購01,0,0,0,0,0,0,0,0,0,23000,0,0,0,23000,0,23000,23000
00733,富邦臺灣中小    ,0,0,0,0,0,0,0,0,0,23000,0,0,0,227000,204000,23000,23000
063267,台表科中信01購02,0,0,0,0,0,0,0,0,0,23000,0,0,0,114000,91000,23000,23000
061296,台積電國泰9C購01,0,0,0,0,0,0,0,0,0,23000,0,0,0,23000,0,23000,23000
062743,微星國泰01購01  ,0,0,0,0,0,0,0,0,0,23000,0,0,0,76000,53000,23000,23000
062755,茂林麥證9B購01  ,0,0,0,27000,4000,23000,0,0,0,23000,0,0,0,27000,4000,23000,23000
062677,儒鴻統一01購01  ,0,0,0,0,0,0,0,0,0,23000,0,0,0,128000,105000,23000,23000
059535,玉山金凱基99購01,0,0,0,0,0,0,0,0,0,23000,0,0,0,23000,0,23000,23000
062532,聯詠統一9C購01  ,0,0,0,0,0,0,0,0,0,23000,0,0,0,23000,0,23000,23000
060641,聯鈞永豐9A購01  ,0,0,0,0,0,0,0,0,0,23000,0,0,0,61000,38000,23000,23000
064773,FBVIX群益9C購05 ,0,0,0,0,0,0,0,0,0,23000,0,0,0,23000,0,23000,23000
064995,世紀鋼兆豐9C購01,0,0,0,0,0,0,0,0,0,23000,0,0,0,23000,0,23000,23000
064492,技嘉元大9C購01  ,0,0,0,0,0,0,0,0,0,23000,0,0,0,91000,68000,23000,23000
064370,聯茂統一02購01  ,0,0,0,0,0,0,0,0,0,23000,0,0,0,170000,147000,23000,23000
064317,日月光群益9C購01,0,0,0,0,0,0,0,0,0,23000,0,0,0,36000,13000,23000,23000
3535,晶彩科          ,242000,219000,23000,0,0,0,0,0,0,0,0,0,0,0,0,0,23000
2380,虹光            ,65000,41000,24000,0,0,0,0,0,0,-1000,0,1000,-1000,0,0,0,23000
07714P,世紀鋼元大9A售03,0,0,0,0,0,0,0,0,0,22000,0,0,0,52000,30000,22000,22000
08155P,聯發科元富9B售05,0,0,0,0,0,0,0,0,0,22000,0,0,0,64000,42000,22000,22000
08352P,大立光群益01售02,0,0,0,0,0,0,0,0,0,22000,0,0,0,22000,0,22000,22000
066590,華新科群益01購04,0,0,0,0,0,0,0,0,0,22000,0,0,0,36000,14000,22000,22000
066789,聯詠麥證01購01  ,0,0,0,32000,10000,22000,0,0,0,22000,0,0,0,32000,10000,22000,22000
058208,百和凱基99購01  ,0,0,0,0,0,0,0,0,0,22000,0,0,0,22000,0,22000,22000
056309,合勤控元大97購01,0,0,0,0,0,0,0,0,0,22000,0,0,0,162000,140000,22000,22000
056209,超眾永豐97購02  ,0,0,0,0,0,0,0,0,0,22000,0,0,0,22000,0,22000,22000
056800,臺股指麥證98購01,0,0,0,22000,0,22000,0,0,0,22000,0,0,0,22000,0,22000,22000
058105,旺宏統一9A購02  ,0,0,0,0,0,0,0,0,0,22000,0,0,0,48000,26000,22000,22000
059802,上証2X元富99購02,0,0,0,0,0,0,0,0,0,22000,0,0,0,22000,0,22000,22000
059513,揚明光永豐99購01,0,0,0,0,0,0,0,0,0,22000,0,0,0,22000,0,22000,22000
060093,友達元大03購01  ,0,0,0,0,0,0,0,0,0,22000,0,0,0,22000,0,22000,22000
061054,台積電群益9A購04,0,0,0,0,0,0,0,0,0,22000,0,0,0,22000,0,22000,22000
063021,大立光元大9C購05,0,0,0,0,0,0,0,0,0,22000,0,0,0,76000,54000,22000,22000
063459,華通元大9B購08  ,0,0,0,0,0,0,0,0,0,22000,0,0,0,47000,25000,22000,22000
063397,廣達群益9B購02  ,0,0,0,0,0,0,0,0,0,22000,0,0,0,39000,17000,22000,22000
063531,台表科凱基9B購04,0,0,0,0,0,0,0,0,0,22000,0,0,0,54000,32000,22000,22000
064744,創意國票01購02  ,0,0,0,0,0,0,0,0,0,22000,0,0,0,30000,8000,22000,22000
065311,TPK國票01購03   ,0,0,0,0,0,0,0,0,0,22000,0,0,0,22000,0,22000,22000
065168,台積電元大02購02,0,0,0,0,0,0,0,0,0,22000,0,0,0,124000,102000,22000,22000
065153,金像電群益9C購03,0,0,0,0,0,0,0,0,0,22000,0,0,0,30000,8000,22000,22000
065400,華擎群益01購02  ,0,0,0,0,0,0,0,0,0,22000,0,0,0,75000,53000,22000,22000
065848,聯詠元大9C購03  ,0,0,0,0,0,0,0,0,0,22000,0,0,0,136000,114000,22000,22000
065700,京元電群益9C購01,0,0,0,0,0,0,0,0,0,22000,0,0,0,97000,75000,22000,22000
6205,詮欣            ,37000,15000,22000,0,0,0,0,0,0,0,0,0,0,0,0,0,22000
066731,瑞昱元大01購01  ,0,0,0,0,0,0,0,0,0,21000,0,0,0,23000,2000,21000,21000
066205,京鼎統一03購01  ,0,0,0,0,0,0,0,0,0,21000,0,0,0,170000,149000,21000,21000
066150,國巨麥證01購02  ,0,0,0,118000,97000,21000,0,0,0,21000,0,0,0,118000,97000,21000,21000
066098,華碩中信02購01  ,0,0,0,0,0,0,0,0,0,21000,0,0,0,69000,48000,21000,21000
08313P,健策國票01售01  ,0,0,0,0,0,0,0,0,0,21000,0,0,0,172000,151000,21000,21000
07981P,上銀群益9B售04  ,0,0,0,0,0,0,0,0,0,21000,0,0,0,21000,0,21000,21000
08027P,嘉晶元大9B售03  ,0,0,0,0,0,0,0,0,0,21000,0,0,0,21000,0,21000,21000
07475P,A50正2群益9C售02,0,0,0,0,0,0,0,0,0,21000,0,0,0,21000,0,21000,21000
062248,國巨元大9B購08  ,0,0,0,0,0,0,0,0,0,21000,0,0,0,98000,77000,21000,21000
062310,南亞科凱基9B購02,0,0,0,0,0,0,0,0,0,21000,0,0,0,21000,0,21000,21000
056608,力山永豐98購01  ,0,0,0,0,0,0,0,0,0,21000,0,0,0,31000,10000,21000,21000
057321,台泥群益98購01  ,0,0,0,0,0,0,0,0,0,21000,0,0,0,21000,0,21000,21000
059053,鴻海凱基99購07  ,0,0,0,0,0,0,0,0,0,21000,0,0,0,32000,11000,21000,21000
061540,台積電群益9A購07,0,0,0,0,0,0,0,0,0,21000,0,0,0,21000,0,21000,21000
060145,牧德國票9A購02  ,0,0,0,0,0,0,0,0,0,21000,0,0,0,40000,19000,21000,21000
060752,上銀元大9A購04  ,0,0,0,0,0,0,0,0,0,21000,0,0,0,21000,0,21000,21000
065731,群創凱基03購02  ,0,0,0,0,0,0,0,0,0,21000,0,0,0,175000,154000,21000,21000
065504,宏達電永豐9C購01,0,0,0,0,0,0,0,0,0,21000,0,0,0,25000,4000,21000,21000
065089,大立光元大9C購23,0,0,0,0,0,0,0,0,0,21000,0,0,0,21000,0,21000,21000
064749,巨大國票01購01  ,0,0,0,0,0,0,0,0,0,21000,0,0,0,87000,66000,21000,21000
063518,儒鴻凱基9B購02  ,0,0,0,0,0,0,0,0,0,21000,0,0,0,21000,0,21000,21000
063471,泰鼎元大9C購01  ,0,0,0,0,0,0,0,0,0,21000,0,0,0,32000,11000,21000,21000
064586,緯創永豐9C購01  ,0,0,0,0,0,0,0,0,0,21000,0,0,0,51000,30000,21000,21000
6166,凌華            ,115000,81000,34000,0,0,0,0,0,0,-13000,0,2000,-2000,1000,12000,-11000,21000
6189,豐藝            ,26000,6000,20000,0,0,0,0,0,0,1000,1000,0,1000,0,0,0,21000
07490P,大立光國票9A售03,0,0,0,0,0,0,0,0,0,20000,0,0,0,20000,0,20000,20000
07612P,國巨國泰9B售06  ,0,0,0,0,0,0,0,0,0,20000,0,0,0,20000,0,20000,20000
07777P,創意元大9A售03  ,0,0,0,0,0,0,0,0,0,20000,0,0,0,510000,490000,20000,20000
07954P,台表科元大9B售02,0,0,0,0,0,0,0,0,0,20000,0,0,0,100000,80000,20000,20000
08047P,臺股指國票9B售12,0,0,0,0,0,0,0,0,0,20000,0,0,0,20000,0,20000,20000
08008P,華新科統一9B售05,0,0,0,0,0,0,0,0,0,20000,0,0,0,20000,0,20000,20000
08000P,奇鋐凱基9B售03  ,0,0,0,0,0,0,0,0,0,20000,0,0,0,20000,0,20000,20000
08174P,國巨統一9B售17  ,0,0,0,0,0,0,0,0,0,20000,0,0,0,20000,0,20000,20000
08114P,國巨凱基9B售11  ,0,0,0,0,0,0,0,0,0,20000,0,0,0,20000,0,20000,20000
08088P,義隆凱基9B售03  ,0,0,0,0,0,0,0,0,0,20000,0,0,0,30000,10000,20000,20000
08367P,臺股指凱基9C售11,0,0,0,0,0,0,0,0,0,20000,0,0,0,82000,62000,20000,20000
08203P,同欣電永豐9B售04,0,0,0,0,0,0,0,0,0,20000,0,0,0,20000,0,20000,20000
08216P,聯發科群益9C售05,0,0,0,0,0,0,0,0,0,20000,0,0,0,21000,1000,20000,20000
08702P,南電康和01售01  ,0,0,0,0,0,0,0,0,0,20000,0,0,0,78000,58000,20000,20000
08579P,臺股指元大9C售27,0,0,0,0,0,0,0,0,0,20000,0,0,0,60000,40000,20000,20000
08549P,大立光元大9C售25,0,0,0,0,0,0,0,0,0,20000,0,0,0,29000,9000,20000,20000
066076,台勝科凱基01購02,0,0,0,0,0,0,0,0,0,20000,0,0,0,40000,20000,20000,20000
066577,巨大元大01購02  ,0,0,0,0,0,0,0,0,0,20000,0,0,0,173000,153000,20000,20000
066341,永信永豐01購01  ,0,0,0,0,0,0,0,0,0,20000,0,0,0,20000,0,20000,20000
056649,智易凱基98購01  ,0,0,0,0,0,0,0,0,0,20000,0,0,0,20000,0,20000,20000
056707,鴻海富邦99購03  ,0,0,0,0,0,0,0,0,0,20000,0,0,0,20000,0,20000,20000
058195,鈺齊永豐99購01  ,0,0,0,0,0,0,0,0,0,20000,0,0,0,20000,0,20000,20000
058983,旺宏凱基99購05  ,0,0,0,0,0,0,0,0,0,20000,0,0,0,20000,0,20000,20000
058970,鴻海永豐99購02  ,0,0,0,0,0,0,0,0,0,20000,0,0,0,30000,10000,20000,20000
058910,泰鼎元大99購03  ,0,0,0,0,0,0,0,0,0,20000,0,0,0,20000,0,20000,20000
056158,新日興凱基98購02,0,0,0,0,0,0,0,0,0,20000,0,0,0,20000,0,20000,20000
054873,帆宣群益99購01  ,0,0,0,0,0,0,0,0,0,20000,0,0,0,20000,0,20000,20000
055911,可成凱基98購02  ,0,0,0,0,0,0,0,0,0,20000,0,0,0,20000,0,20000,20000
055931,冠德群益97購02  ,0,0,0,0,0,0,0,0,0,20000,0,0,0,20000,0,20000,20000
055972,GIS元大97購04   ,0,0,0,0,0,0,0,0,0,20000,0,0,0,20000,0,20000,20000
056002,嘉晶永豐97購01  ,0,0,0,0,0,0,0,0,0,20000,0,0,0,20000,0,20000,20000
045837,群創群益98購02  ,0,0,0,0,0,0,0,0,0,20000,0,0,0,20000,0,20000,20000
035276,南亞科台新97購01,0,0,0,0,0,0,0,0,0,20000,0,0,0,20000,0,20000,20000
054204,元金2X國票9B購02,0,0,0,0,0,0,0,0,0,20000,0,0,0,20000,0,20000,20000
054058,晶豪科國票98購01,0,0,0,0,0,0,0,0,0,20000,0,0,0,20000,0,20000,20000
052927,友達元大98購02  ,0,0,0,0,0,0,0,0,0,20000,0,0,0,20000,0,20000,20000
056327,樺漢兆豐98購01  ,0,0,0,0,0,0,0,0,0,20000,0,0,0,20000,0,20000,20000
049697,群創元大98購01  ,0,0,0,0,0,0,0,0,0,20000,0,0,0,20000,0,20000,20000
051657,台郡元富98購01  ,0,0,0,0,0,0,0,0,0,20000,0,0,0,20000,0,20000,20000
056488,致新元大99購01  ,0,0,0,0,0,0,0,0,0,20000,0,0,0,20000,0,20000,20000
056453,禾伸堂凱基99購02,0,0,0,0,0,0,0,0,0,20000,0,0,0,20000,0,20000,20000
056429,華通凱基98購02  ,0,0,0,0,0,0,0,0,0,20000,0,0,0,49000,29000,20000,20000
055336,茂林兆豐98購01  ,0,0,0,0,0,0,0,0,0,20000,0,0,0,20000,0,20000,20000
055312,台虹群益99購01  ,0,0,0,0,0,0,0,0,0,20000,0,0,0,20000,0,20000,20000
056526,力山凱基98購01  ,0,0,0,0,0,0,0,0,0,20000,0,0,0,20000,0,20000,20000
062326,國巨統一9C購09  ,0,0,0,0,0,0,0,0,0,20000,0,0,0,20000,0,20000,20000
062285,台勝科群益9B購01,0,0,0,0,0,0,0,0,0,20000,0,0,0,20000,0,20000,20000
058829,華新科永豐99購04,0,0,0,0,0,0,0,0,0,20000,0,0,0,20000,0,20000,20000
062196,聯發科中信01購02,0,0,0,0,0,0,0,0,0,20000,0,0,0,20000,0,20000,20000
058128,FBVIX元大9C購02 ,0,0,0,0,0,0,0,0,0,20000,0,0,0,20000,0,20000,20000
058069,美律凱基99購05  ,0,0,0,0,0,0,0,0,0,20000,0,0,0,20000,0,20000,20000
058074,欣興凱基99購01  ,0,0,0,0,0,0,0,0,0,20000,0,0,0,25000,5000,20000,20000
058659,力成中信99購01  ,0,0,0,0,0,0,0,0,0,20000,0,0,0,20000,0,20000,20000
056792,訊芯群益98購01  ,0,0,0,0,0,0,0,0,0,20000,0,0,0,20000,0,20000,20000
056925,群創兆豐98購03  ,0,0,0,0,0,0,0,0,0,20000,0,0,0,20000,0,20000,20000
058570,臻鼎凱基9A購01  ,0,0,0,0,0,0,0,0,0,20000,0,0,0,30000,10000,20000,20000
057533,晶相光元大98購02,0,0,0,0,0,0,0,0,0,20000,0,0,0,20000,0,20000,20000
057507,貿聯國票98購02  ,0,0,0,0,0,0,0,0,0,20000,0,0,0,20000,0,20000,20000
057525,光磊元大99購01  ,0,0,0,0,0,0,0,0,0,20000,0,0,0,20000,0,20000,20000
057844,新日興永豐99購01,0,0,0,0,0,0,0,0,0,20000,0,0,0,113000,93000,20000,20000
057284,新日興元大98購03,0,0,0,0,0,0,0,0,0,20000,0,0,0,20000,0,20000,20000
057765,康舒凱基98購01  ,0,0,0,0,0,0,0,0,0,20000,0,0,0,30000,10000,20000,20000
057540,緯穎日盛99購01  ,0,0,0,0,0,0,0,0,0,20000,0,0,0,20000,0,20000,20000
060715,日電貿永豐9A購01,0,0,0,0,0,0,0,0,0,20000,0,0,0,20000,0,20000,20000
060713,聯詠永豐9A購01  ,0,0,0,0,0,0,0,0,0,20000,0,0,0,20000,0,20000,20000
060708,康友富邦9B購01  ,0,0,0,0,0,0,0,0,0,20000,0,0,0,30000,10000,20000,20000
060697,鴻海國泰9C購01  ,0,0,0,0,0,0,0,0,0,20000,0,0,0,20000,0,20000,20000
060506,京元電元大9A購02,0,0,0,0,0,0,0,0,0,20000,0,0,0,70000,50000,20000,20000
062588,國巨統一9B購14  ,0,0,0,0,0,0,0,0,0,20000,0,0,0,30000,10000,20000,20000
060264,華新科國票9A購02,0,0,0,0,0,0,0,0,0,20000,0,0,0,24000,4000,20000,20000
059254,台表科凱基9A購02,0,0,0,0,0,0,0,0,0,20000,0,0,0,20000,0,20000,20000
059166,友達凱基99購05  ,0,0,0,0,0,0,0,0,0,20000,0,0,0,20000,0,20000,20000
059755,宏達電國泰9A購01,0,0,0,0,0,0,0,0,0,20000,0,0,0,35000,15000,20000,20000
059756,奇力新富邦9C購01,0,0,0,0,0,0,0,0,0,20000,0,0,0,20000,0,20000,20000
059766,同欣電永豐99購03,0,0,0,0,0,0,0,0,0,20000,0,0,0,40000,20000,20000,20000
059699,華通凱基99購04  ,0,0,0,0,0,0,0,0,0,20000,0,0,0,20000,0,20000,20000
059869,友達凱基99購07  ,0,0,0,0,0,0,0,0,0,20000,0,0,0,20000,0,20000,20000
060127,牧德永豐99購02  ,0,0,0,0,0,0,0,0,0,20000,0,0,0,20000,0,20000,20000
062562,瑞儀凱基9B購02  ,0,0,0,0,0,0,0,0,0,20000,0,0,0,20000,0,20000,20000
059088,台積電元大99購27,0,0,0,0,0,0,0,0,0,20000,0,0,0,21000,1000,20000,20000
059519,台郡永豐99購01  ,0,0,0,0,0,0,0,0,0,20000,0,0,0,20000,0,20000,20000
060877,華邦電中信02購01,0,0,0,0,0,0,0,0,0,20000,0,0,0,20000,0,20000,20000
061569,旺宏元大9A購14  ,0,0,0,0,0,0,0,0,0,20000,0,0,0,20000,0,20000,20000
059036,可成群益9B購03  ,0,0,0,0,0,0,0,0,0,20000,0,0,0,26000,6000,20000,20000
060104,新日興元大99購03,0,0,0,0,0,0,0,0,0,20000,0,0,0,20000,0,20000,20000
062064,台灣50元大9B購13,0,0,0,0,0,0,0,0,0,20000,0,0,0,20000,0,20000,20000
062979,茂林元富9B購01  ,0,0,0,0,0,0,0,0,0,20000,0,0,0,20000,0,20000,20000
062983,緯穎元富9B購01  ,0,0,0,0,0,0,0,0,0,20000,0,0,0,24000,4000,20000,20000
063351,億豐統一9B購01  ,0,0,0,0,0,0,0,0,0,20000,0,0,0,20000,0,20000,20000
063311,喬山群益9B購01  ,0,0,0,0,0,0,0,0,0,20000,0,0,0,20000,0,20000,20000
06332P,世紀鋼群益98售01,0,0,0,0,0,0,0,0,0,20000,0,0,0,20000,0,20000,20000
062673,台新金中信03購01,0,0,0,0,0,0,0,0,0,20000,0,0,0,20000,0,20000,20000
061070,超眾凱基9C購01  ,0,0,0,0,0,0,0,0,0,20000,0,0,0,90000,70000,20000,20000
060801,滬深2X中信01購01,0,0,0,0,0,0,0,0,0,20000,0,0,0,20000,0,20000,20000
062709,帆宣元大9B購01  ,0,0,0,0,0,0,0,0,0,20000,0,0,0,20000,0,20000,20000
061203,國巨元大9A購15  ,0,0,0,0,0,0,0,0,0,20000,0,0,0,70000,50000,20000,20000
061204,國巨元大9A購16  ,0,0,0,0,0,0,0,0,0,20000,0,0,0,45000,25000,20000,20000
061242,玉晶光兆豐9B購02,0,0,0,0,0,0,0,0,0,20000,0,0,0,20000,0,20000,20000
061731,旺宏統一9B購06  ,0,0,0,0,0,0,0,0,0,20000,0,0,0,20000,0,20000,20000
064591,臻鼎永豐9C購01  ,0,0,0,0,0,0,0,0,0,20000,0,0,0,65000,45000,20000,20000
06445P,大立光凱基98售09,0,0,0,0,0,0,0,0,0,20000,0,0,0,20000,0,20000,20000
064341,聯詠元大9C購01  ,0,0,0,0,0,0,0,0,0,20000,0,0,0,38000,18000,20000,20000
063500,嘉晶永豐9B購02  ,0,0,0,0,0,0,0,0,0,20000,0,0,0,24000,4000,20000,20000
063989,大立光永豐9C購01,0,0,0,0,0,0,0,0,0,20000,0,0,0,32000,12000,20000,20000
063813,瑞昱群益9C購02  ,0,0,0,0,0,0,0,0,0,20000,0,0,0,20000,0,20000,20000
064990,世紀鋼元大01購01,0,0,0,0,0,0,0,0,0,20000,0,0,0,100000,80000,20000,20000
064998,T50反1國票02購01,0,0,0,0,0,0,0,0,0,20000,0,0,0,20000,0,20000,20000
065035,世芯統一01購03  ,0,0,0,0,0,0,0,0,0,20000,0,0,0,20000,0,20000,20000
064945,中橡凱基9C購01  ,0,0,0,0,0,0,0,0,0,20000,0,0,0,20000,0,20000,20000
065058,東元群益9C購01  ,0,0,0,0,0,0,0,0,0,20000,0,0,0,20000,0,20000,20000
065187,聯發科統一02購02,0,0,0,0,0,0,0,0,0,20000,0,0,0,30000,10000,20000,20000
065344,瑞昱統一01購05  ,0,0,0,0,0,0,0,0,0,20000,0,0,0,20000,0,20000,20000
065273,南電元大9C購06  ,0,0,0,0,0,0,0,0,0,20000,0,0,0,20000,0,20000,20000
065557,中磊凱基9C購01  ,0,0,0,0,0,0,0,0,0,20000,0,0,0,96000,76000,20000,20000
06570P,大立光永豐98售01,0,0,0,0,0,0,0,0,0,20000,0,0,0,20000,0,20000,20000
065832,貿聯凱基02購03  ,0,0,0,0,0,0,0,0,0,20000,0,0,0,121000,101000,20000,20000
065955,健鼎統一01購03  ,0,0,0,0,0,0,0,0,0,20000,0,0,0,96000,76000,20000,20000
065922,鴻海麥證01購01  ,0,0,0,20000,8000,12000,0,0,0,20000,0,0,0,28000,8000,20000,20000
066560,聯鈞元大01購04  ,0,0,0,0,0,0,0,0,0,19000,0,0,0,22000,3000,19000,19000
066458,大毅統一02購02  ,0,0,0,0,0,0,0,0,0,19000,0,0,0,73000,54000,19000,19000
066116,宏達電兆豐01購01,0,0,0,0,0,0,0,0,0,19000,0,0,0,19000,0,19000,19000
066620,長興凱基01購01  ,0,0,0,0,0,0,0,0,0,19000,0,0,0,19000,0,19000,19000
066893,技嘉兆豐01購02  ,0,0,0,0,0,0,0,0,0,19000,0,0,0,42000,23000,19000,19000
08788P,A50正2元富01售03,0,0,0,0,0,0,0,0,0,19000,0,0,0,20000,1000,19000,19000
057200,技嘉元富98購01  ,0,0,0,0,0,0,0,0,0,19000,0,0,0,19000,0,19000,19000
057234,宏達電凱基98購05,0,0,0,0,0,0,0,0,0,19000,0,0,0,19000,0,19000,19000
058672,可成群益9B購02  ,0,0,0,0,0,0,0,0,0,19000,0,0,0,31000,12000,19000,19000
054164,強茂凱基98購01  ,0,0,0,0,0,0,0,0,0,19000,0,0,0,220000,201000,19000,19000
058497,新日興群益9B購01,0,0,0,0,0,0,0,0,0,19000,0,0,0,19000,0,19000,19000
056705,超眾國泰99購01  ,0,0,0,0,0,0,0,0,0,19000,0,0,0,19000,0,19000,19000
061154,可成群益9B購04  ,0,0,0,0,0,0,0,0,0,19000,0,0,0,121000,102000,19000,19000
061441,大毅永豐9A購04  ,0,0,0,0,0,0,0,0,0,19000,0,0,0,19000,0,19000,19000
062900,台積電元大9B購04,0,0,0,0,0,0,0,0,0,19000,0,0,0,20000,1000,19000,19000
060014,中鋼康和99購01  ,0,0,0,0,0,0,0,0,0,19000,0,0,0,19000,0,19000,19000
060889,國泰金統一9C購01,0,0,0,0,0,0,0,0,0,19000,0,0,0,88000,69000,19000,19000
060900,超眾凱基9B購01  ,0,0,0,0,0,0,0,0,0,19000,0,0,0,69000,50000,19000,19000
059571,奇力新凱基99購06,0,0,0,0,0,0,0,0,0,19000,0,0,0,20000,1000,19000,19000
060191,亞光元富9A購02  ,0,0,0,0,0,0,0,0,0,19000,0,0,0,22000,3000,19000,19000
059864,亞德客凱基99購01,0,0,0,0,0,0,0,0,0,19000,0,0,0,19000,0,19000,19000
059169,可成凱基99購04  ,0,0,0,0,0,0,0,0,0,19000,0,0,0,22000,3000,19000,19000
060643,牧德永豐9A購03  ,0,0,0,0,0,0,0,0,0,19000,0,0,0,19000,0,19000,19000
065917,全新凱基02購01  ,0,0,0,0,0,0,0,0,0,19000,0,0,0,51000,32000,19000,19000
065605,義隆元大01購02  ,0,0,0,0,0,0,0,0,0,19000,0,0,0,424000,405000,19000,19000
065674,華擎凱基9C購03  ,0,0,0,0,0,0,0,0,0,19000,0,0,0,100000,81000,19000,19000
065686,同欣電統一03購01,0,0,0,0,0,0,0,0,0,19000,0,0,0,20000,1000,19000,19000
065241,南電凱基01購02  ,0,0,0,0,0,0,0,0,0,19000,0,0,0,44000,25000,19000,19000
065140,國巨凱基01購02  ,0,0,0,0,0,0,0,0,0,19000,0,0,0,36000,17000,19000,19000
063731,台積電元大9B購10,0,0,0,0,0,0,0,0,0,19000,0,0,0,37000,18000,19000,19000
063604,群創凱基01購02  ,0,0,0,0,0,0,0,0,0,19000,0,0,0,76000,57000,19000,19000
064123,台積電元大9C購09,0,0,0,0,0,0,0,0,0,19000,0,0,0,413000,394000,19000,19000
4755,三福化          ,19000,20000,-1000,0,0,0,0,0,0,20000,20000,0,20000,0,0,0,19000
9188,精熙-DR         ,56000,37000,19000,0,0,0,0,0,0,0,0,0,0,0,0,0,19000
1464,得力            ,117000,91000,26000,0,0,0,0,0,0,-8000,0,0,0,2000,10000,-8000,18000
066962,致新元大01購02  ,0,0,0,0,0,0,0,0,0,18000,0,0,0,18000,0,18000,18000
07028P,大立光群益99售06,0,0,0,0,0,0,0,0,0,18000,0,0,0,18000,0,18000,18000
066176,華擎凱基01購01  ,0,0,0,0,0,0,0,0,0,18000,0,0,0,185000,167000,18000,18000
066440,南帝群益01購01  ,0,0,0,0,0,0,0,0,0,18000,0,0,0,20000,2000,18000,18000
054744,晶相光凱基99購01,0,0,0,0,0,0,0,0,0,18000,0,0,0,38000,20000,18000,18000
058370,聯詠凱基99購01  ,0,0,0,0,0,0,0,0,0,18000,0,0,0,18000,0,18000,18000
062345,和大群益9B購01  ,0,0,0,0,0,0,0,0,0,18000,0,0,0,18000,0,18000,18000
060423,智易永豐9A購01  ,0,0,0,0,0,0,0,0,0,18000,0,0,0,28000,10000,18000,18000
059291,華新科元富9B購01,0,0,0,0,0,0,0,0,0,18000,0,0,0,20000,2000,18000,18000
060032,利勤永豐99購01  ,0,0,0,0,0,0,0,0,0,18000,0,0,0,98000,80000,18000,18000
060107,旭富元大99購03  ,0,0,0,0,0,0,0,0,0,18000,0,0,0,122000,104000,18000,18000
061868,旺宏元大9B購03  ,0,0,0,0,0,0,0,0,0,18000,0,0,0,68000,50000,18000,18000
061939,中租國票9B購01  ,0,0,0,0,0,0,0,0,0,18000,0,0,0,18000,0,18000,18000
061214,華擎元大9A購04  ,0,0,0,0,0,0,0,0,0,18000,0,0,0,18000,0,18000,18000
062793,鴻海統一9B購06  ,0,0,0,0,0,0,0,0,0,18000,0,0,0,20000,2000,18000,18000
064195,晶豪科群益9C購01,0,0,0,0,0,0,0,0,0,18000,0,0,0,19000,1000,18000,18000
064197,智伸科群益9C購01,0,0,0,0,0,0,0,0,0,18000,0,0,0,116000,98000,18000,18000
064252,嘉澤元富9C購01  ,0,0,0,0,0,0,0,0,0,18000,0,0,0,252000,234000,18000,18000
064550,南茂凱基01購01  ,0,0,0,0,0,0,0,0,0,18000,0,0,0,18000,0,18000,18000
063605,健策凱基9C購02  ,0,0,0,0,0,0,0,0,0,18000,0,0,0,23000,5000,18000,18000
063872,嘉聯益永豐9C購01,0,0,0,0,0,0,0,0,0,18000,0,0,0,22000,4000,18000,18000
064758,可成凱基02購02  ,0,0,0,0,0,0,0,0,0,18000,0,0,0,35000,17000,18000,18000
5484,慧友            ,20000,2000,18000,0,0,0,0,0,0,0,0,0,0,0,0,0,18000
066091,南電永豐01購01  ,0,0,0,0,0,0,0,0,0,17000,0,0,0,25000,8000,17000,17000
066025,宏達電群益01購01,0,0,0,0,0,0,0,0,0,17000,0,0,0,26000,9000,17000,17000
057257,台泥兆豐99購01  ,0,0,0,0,0,0,0,0,0,17000,0,0,0,67000,50000,17000,17000
057878,台郡元大99購04  ,0,0,0,0,0,0,0,0,0,17000,0,0,0,44000,27000,17000,17000
057965,臺股指元大98購14,2000,0,2000,0,0,0,0,0,0,15000,0,0,0,17000,2000,15000,17000
055033,漢唐富邦98購01  ,0,0,0,0,0,0,0,0,0,17000,0,0,0,17000,0,17000,17000
055933,欣興群益98購02  ,0,0,0,0,0,0,0,0,0,17000,0,0,0,61000,44000,17000,17000
055816,新日興國票98購01,0,0,0,0,0,0,0,0,0,17000,0,0,0,55000,38000,17000,17000
053364,友達國泰98購01  ,0,0,0,0,0,0,0,0,0,17000,0,0,0,17000,0,17000,17000
063086,祥碩凱基9C購01  ,0,0,0,0,0,0,0,0,0,17000,0,0,0,39000,22000,17000,17000
062021,康控永豐9B購01  ,0,0,0,0,0,0,0,0,0,17000,0,0,0,100000,83000,17000,17000
063031,鴻海凱基9C購01  ,0,0,0,0,0,0,0,0,0,17000,0,0,0,32000,15000,17000,17000
059014,SGBR2X元富03購01,0,0,0,0,0,0,0,0,0,17000,0,0,0,20000,3000,17000,17000
059957,中信金康和99購01,0,0,0,0,0,0,0,0,0,17000,0,0,0,17000,0,17000,17000
060244,大立光元大9B購02,0,0,0,0,0,0,0,0,0,17000,0,0,0,50000,33000,17000,17000
064742,奇鋐國票01購02  ,0,0,0,0,0,0,0,0,0,17000,0,0,0,314000,297000,17000,17000
065570,台光電群益01購01,0,0,0,0,0,0,0,0,0,17000,0,0,0,98000,81000,17000,17000
065388,華擎兆豐01購01  ,0,0,0,0,0,0,0,0,0,17000,0,0,0,20000,3000,17000,17000
065421,康友國票01購01  ,0,0,0,0,0,0,0,0,0,17000,0,0,0,17000,0,17000,17000
063659,世紀鋼元富9B購01,0,0,0,0,0,0,0,0,0,17000,0,0,0,82000,65000,17000,17000
063496,儒鴻永豐9B購01  ,0,0,0,0,0,0,0,0,0,17000,0,0,0,27000,10000,17000,17000
064401,台達電凱基06購01,0,0,0,0,0,0,0,0,0,17000,0,0,0,37000,20000,17000,17000
064417,創意中信9C購01  ,0,0,0,0,0,0,0,0,0,17000,0,0,0,48000,31000,17000,17000
064167,緯穎統一01購03  ,0,0,0,0,0,0,0,0,0,17000,0,0,0,41000,24000,17000,17000
3050,鈺德            ,47000,30000,17000,0,0,0,0,0,0,0,0,0,0,0,0,0,17000
9905,大華            ,19000,2000,17000,0,0,0,0,0,0,0,0,0,0,0,0,0,17000
9919,康那香          ,574000,557000,17000,0,0,0,0,0,0,0,0,0,0,0,0,0,17000
8454,富邦媒          ,107014,94000,13014,0,0,0,0,1000,-1000,4000,5000,1000,4000,0,0,0,16014
066204,京鼎統一02購01  ,0,0,0,0,0,0,0,0,0,16000,0,0,0,902000,886000,16000,16000
066337,聯陽永豐01購02  ,0,0,0,0,0,0,0,0,0,16000,0,0,0,16000,0,16000,16000
06844P,智邦元大98售13  ,0,0,0,0,0,0,0,0,0,16000,0,0,0,16000,0,16000,16000
066734,聯詠元大01購03  ,0,0,0,0,0,0,0,0,0,16000,0,0,0,99000,83000,16000,16000
066699,台積電群益01購08,20000,15000,5000,0,0,0,0,0,0,11000,0,0,0,172000,161000,11000,16000
1609,大亞            ,565000,447000,118000,0,0,0,0,2000,-2000,-100000,0,100000,-100000,0,0,0,16000
08715P,創意元富07售02  ,0,0,0,0,0,0,0,0,0,16000,0,0,0,234000,218000,16000,16000
08079P,宏達電國票9B售03,0,0,0,0,0,0,0,0,0,16000,0,0,0,16000,0,16000,16000
07948P,大成鋼凱基9B售01,0,0,0,0,0,0,0,0,0,16000,0,0,0,80000,64000,16000,16000
07409P,台積電台新99售07,0,0,0,0,0,0,0,0,0,16000,0,0,0,16000,0,16000,16000
054976,上証2X元富9A購01,0,0,0,0,0,0,0,0,0,16000,0,0,0,61000,45000,16000,16000
056602,嘉澤國泰99購01  ,0,0,0,0,0,0,0,0,0,16000,0,0,0,16000,0,16000,16000
058942,南茂中信99購01  ,0,0,0,0,0,0,0,0,0,16000,0,0,0,16000,0,16000,16000
058999,台積電元大99購24,0,0,0,0,0,0,0,0,0,16000,0,0,0,16000,0,16000,16000
057893,亞德客元富98購03,0,0,0,0,0,0,0,0,0,16000,0,0,0,16000,0,16000,16000
058572,百和凱基9A購01  ,0,0,0,0,0,0,0,0,0,16000,0,0,0,16000,0,16000,16000
062386,京鼎國泰9C購01  ,0,0,0,0,0,0,0,0,0,16000,0,0,0,26000,10000,16000,16000
062405,泰鼎永豐9B購02  ,0,0,0,0,0,0,0,0,0,16000,0,0,0,16000,0,16000,16000
062263,康控元大9B購03  ,0,0,0,0,0,0,0,0,0,16000,0,0,0,34000,18000,16000,16000
058080,台積電群益98購06,0,0,0,0,0,0,0,0,0,16000,0,0,0,30000,14000,16000,16000
060594,國巨麥證9A購01  ,0,0,0,38000,24000,14000,0,0,0,16000,0,0,0,40000,24000,16000,16000
059855,緯穎永豐99購04  ,0,0,0,0,0,0,0,0,0,16000,0,0,0,16000,0,16000,16000
059988,大立光元大9A購02,0,0,0,0,0,0,0,0,0,16000,0,0,0,21000,5000,16000,16000
059027,神達台新99購02  ,0,0,0,0,0,0,0,0,0,16000,0,0,0,16000,0,16000,16000
059032,元石油群益9C購03,0,0,0,0,0,0,0,0,0,16000,0,0,0,16000,0,16000,16000
062138,力成群益9B購01  ,0,0,0,0,0,0,0,0,0,16000,0,0,0,23000,7000,16000,16000
061658,聯茂富邦9A購03  ,0,0,0,0,0,0,0,0,0,16000,0,0,0,108000,92000,16000,16000
063303,聯發科凱基9B購14,0,0,0,0,0,0,0,0,0,16000,0,0,0,21000,5000,16000,16000
063361,台表科國泰01購02,0,0,0,0,0,0,0,0,0,16000,0,0,0,42000,26000,16000,16000
063256,鴻海國泰01購02  ,0,0,0,0,0,0,0,0,0,16000,0,0,0,16000,0,16000,16000
063170,智邦第一9B購01  ,0,0,0,0,0,0,0,0,0,16000,0,0,0,16000,0,16000,16000
063186,聯發科凱基9C購04,0,0,0,0,0,0,0,0,0,16000,0,0,0,108000,92000,16000,16000
061501,嘉澤國票9A購01  ,0,0,0,0,0,0,0,0,0,16000,0,0,0,25000,9000,16000,16000
064231,鴻海統一01購03  ,0,0,0,0,0,0,0,0,0,16000,0,0,0,30000,14000,16000,16000
064327,金寶元大01購01  ,0,0,0,0,0,0,0,0,0,16000,0,0,0,144000,128000,16000,16000
064303,新光金兆豐01購01,0,0,0,0,0,0,0,0,0,16000,0,0,0,16000,0,16000,16000
064427,喬山凱基01購01  ,0,0,0,0,0,0,0,0,0,16000,0,0,0,66000,50000,16000,16000
065874,智原群益9C購01  ,0,0,0,0,0,0,0,0,0,16000,0,0,0,16000,0,16000,16000
065742,宏達電麥證9C購01,0,0,0,51000,35000,16000,0,0,0,16000,0,0,0,51000,35000,16000,16000
064858,鴻海富邦01購01  ,0,0,0,0,0,0,0,0,0,16000,0,0,0,179000,163000,16000,16000
064977,玉晶光元大01購03,0,0,0,0,0,0,0,0,0,16000,0,0,0,67000,51000,16000,16000
065271,日月光元大9C購02,0,0,0,0,0,0,0,0,0,16000,0,0,0,32000,16000,16000,16000
07308P,滬深2X凱基9A售01,0,0,0,0,0,0,0,0,0,15000,0,0,0,15000,0,15000,15000
07647P,健策國票9A售04  ,0,0,0,0,0,0,0,0,0,15000,0,0,0,15000,0,15000,15000
07677P,祥碩永豐9A售01  ,0,0,0,0,0,0,0,0,0,15000,0,0,0,15000,0,15000,15000
08098P,大立光凱基9B售09,0,0,0,0,0,0,0,0,0,15000,0,0,0,20000,5000,15000,15000
08226P,台灣50元大9B售26,0,0,0,0,0,0,0,0,0,15000,0,0,0,15000,0,15000,15000
1220,台榮            ,23000,8000,15000,0,0,0,0,0,0,0,0,0,0,0,0,0,15000
066701,京元電群益01購02,0,0,0,0,0,0,0,0,0,15000,0,0,0,25000,10000,15000,15000
066771,滬深2X富邦02購01,0,0,0,0,0,0,0,0,0,15000,0,0,0,225000,210000,15000,15000
06931P,大立光元大98售20,0,0,0,0,0,0,0,0,0,15000,0,0,0,15000,0,15000,15000
066330,新興永豐01購01  ,0,0,0,0,0,0,0,0,0,15000,0,0,0,30000,15000,15000,15000
066399,聯鈞凱基01購02  ,0,0,0,0,0,0,0,0,0,15000,0,0,0,26000,11000,15000,15000
066401,智伸科凱基01購02,0,0,0,0,0,0,0,0,0,15000,0,0,0,19000,4000,15000,15000
066245,道瓊反元大02購01,0,0,0,0,0,0,0,0,0,15000,0,0,0,15000,0,15000,15000
058075,貿聯凱基99購02  ,0,0,0,0,0,0,0,0,0,15000,0,0,0,30000,15000,15000,15000
058778,聯發科國票9A購01,0,0,0,0,0,0,0,0,0,15000,0,0,0,15000,0,15000,15000
058669,上銀群益99購01  ,0,0,0,0,0,0,0,0,0,15000,0,0,0,27000,12000,15000,15000
058598,T50反1元大99購04,0,0,0,0,0,0,0,0,0,15000,0,0,0,35000,20000,15000,15000
058798,大立光元大99購11,0,0,0,0,0,0,0,0,0,15000,0,0,0,32000,17000,15000,15000
057500,神達群益98購01  ,0,0,0,0,0,0,0,0,0,15000,0,0,0,15000,0,15000,15000
057026,長榮航凱基98購01,0,0,0,0,0,0,0,0,0,15000,0,0,0,15000,0,15000,15000
057824,日月光元大98購01,0,0,0,0,0,0,0,0,0,15000,0,0,0,15000,0,15000,15000
057997,旺宏第一9C購01  ,0,0,0,0,0,0,0,0,0,15000,0,0,0,15000,0,15000,15000
057258,中環兆豐98購01  ,0,0,0,0,0,0,0,0,0,15000,0,0,0,15000,0,15000,15000
057222,鴻海國票99購04  ,0,0,0,0,0,0,0,0,0,15000,0,0,0,25000,10000,15000,15000
057751,神達國票99購02  ,0,0,0,0,0,0,0,0,0,15000,0,0,0,48000,33000,15000,15000
058193,緯穎永豐99購01  ,0,0,0,0,0,0,0,0,0,15000,0,0,0,15000,0,15000,15000
056598,京元電元富98購01,0,0,0,0,0,0,0,0,0,15000,0,0,0,49000,34000,15000,15000
047969,台達電富邦97購01,0,0,0,0,0,0,0,0,0,15000,0,0,0,15000,0,15000,15000
061159,同欣電群益9A購01,0,0,0,0,0,0,0,0,0,15000,0,0,0,15000,0,15000,15000
061144,玉晶光中信9B購02,0,0,0,0,0,0,0,0,0,15000,0,0,0,15000,0,15000,15000
061732,智邦中信9B購01  ,0,0,0,0,0,0,0,0,0,15000,0,0,0,100000,85000,15000,15000
062820,禾伸堂兆豐9B購01,0,0,0,0,0,0,0,0,0,15000,0,0,0,15000,0,15000,15000
061429,南六元大9A購02  ,0,0,0,0,0,0,0,0,0,15000,0,0,0,16000,1000,15000,15000
061413,台勝科群益9A購01,0,0,0,0,0,0,0,0,0,15000,0,0,0,15000,0,15000,15000
061406,華通國票9A購06  ,0,0,0,0,0,0,0,0,0,15000,0,0,0,15000,0,15000,15000
061318,智邦凱基9B購01  ,0,0,0,0,0,0,0,0,0,15000,0,0,0,78000,63000,15000,15000
063120,台光電元大9C購01,0,0,0,0,0,0,0,0,0,15000,0,0,0,44000,29000,15000,15000
063283,華新科元大9C購03,0,0,0,0,0,0,0,0,0,15000,0,0,0,18000,3000,15000,15000
063067,緯穎麥證9B購01  ,0,0,0,15000,0,15000,0,0,0,15000,0,0,0,15000,0,15000,15000
061920,台積電凱基9C購02,0,0,0,0,0,0,0,0,0,15000,0,0,0,40000,25000,15000,15000
060099,宏達電元大99購09,0,0,0,0,0,0,0,0,0,15000,0,0,0,15000,0,15000,15000
060911,大毅元大9A購01  ,0,0,0,0,0,0,0,0,0,15000,0,0,0,143000,128000,15000,15000
060289,京元電元大9A購01,0,0,0,0,0,0,0,0,0,15000,0,0,0,15000,0,15000,15000
065185,和大統一02購05  ,0,0,0,0,0,0,0,0,0,15000,0,0,0,48000,33000,15000,15000
065076,中橡元大9C購01  ,0,0,0,0,0,0,0,0,0,15000,0,0,0,15000,0,15000,15000
065068,臺股指群益9C購16,0,0,0,0,0,0,0,0,0,15000,0,0,0,15000,0,15000,15000
064981,致伸元大9C購01  ,0,0,0,0,0,0,0,0,0,15000,0,0,0,15000,0,15000,15000
065714,矽創群益9C購02  ,0,0,0,0,0,0,0,0,0,15000,0,0,0,35000,20000,15000,15000
064434,微星凱基02購01  ,0,0,0,0,0,0,0,0,0,15000,0,0,0,234000,219000,15000,15000
064186,燿華永豐9C購01  ,0,0,0,0,0,0,0,0,0,15000,0,0,0,42000,27000,15000,15000
063821,南亞科麥證9C購01,0,0,0,117000,75000,42000,0,0,0,15000,0,0,0,117000,102000,15000,15000
063802,南茂凱基9C購01  ,0,0,0,0,0,0,0,0,0,15000,0,0,0,58000,43000,15000,15000
066001,景碩國票02購01  ,0,0,0,0,0,0,0,0,0,14000,0,0,0,15000,1000,14000,14000
065999,燿華國票02購01  ,0,0,0,0,0,0,0,0,0,14000,0,0,0,14000,0,14000,14000
1442,名軒            ,30000,16000,14000,0,0,0,0,0,0,0,0,0,0,0,0,0,14000
08742P,友達凱基01售02  ,0,0,0,0,0,0,0,0,0,14000,0,0,0,20000,6000,14000,14000
08177P,金像電元大9B售02,0,0,0,0,0,0,0,0,0,14000,0,0,0,14000,0,14000,14000
07767P,華新科群益9A售07,0,0,0,0,0,0,0,0,0,14000,0,0,0,14000,0,14000,14000
00730,富邦臺灣優質高息,0,0,0,0,0,0,0,0,0,14000,0,0,0,219000,205000,14000,14000
020012,富邦行動通訊N   ,0,0,0,0,0,0,0,0,0,14000,0,0,0,58000,44000,14000,14000
058239,景碩元大99購03  ,0,0,0,0,0,0,0,0,0,14000,0,0,0,14000,0,14000,14000
057574,中磊永豐98購01  ,0,0,0,0,0,0,0,0,0,14000,0,0,0,28000,14000,14000,14000
057945,京鼎國票99購03  ,0,0,0,0,0,0,0,0,0,14000,0,0,0,70000,56000,14000,14000
058552,欣興永豐99購01  ,0,0,0,0,0,0,0,0,0,14000,0,0,0,32000,18000,14000,14000
058520,智易元大99購03  ,0,0,0,0,0,0,0,0,0,14000,0,0,0,14000,0,14000,14000
062337,台表科統一01購01,0,0,0,0,0,0,0,0,0,14000,0,0,0,14000,0,14000,14000
062483,致新國票9B購01  ,0,0,0,0,0,0,0,0,0,14000,0,0,0,14000,0,14000,14000
062470,智邦凱基9C購01  ,0,0,0,0,0,0,0,0,0,14000,0,0,0,14000,0,14000,14000
058371,智原凱基9A購01  ,0,0,0,0,0,0,0,0,0,14000,0,0,0,21000,7000,14000,14000
059683,康控富邦9C購01  ,0,0,0,0,0,0,0,0,0,14000,0,0,0,14000,0,14000,14000
061577,泰碩元大9A購03  ,0,0,0,0,0,0,0,0,0,14000,0,0,0,124000,110000,14000,14000
060157,致茂永豐9A購02  ,0,0,0,0,0,0,0,0,0,14000,0,0,0,18000,4000,14000,14000
064058,儒鴻麥證01購01  ,0,0,0,14000,15000,-1000,0,0,0,14000,0,0,0,29000,15000,14000,14000
065735,矽格凱基01購02  ,0,0,0,0,0,0,0,0,0,14000,0,0,0,99000,85000,14000,14000
064992,玉晶光兆豐01購01,0,0,0,0,0,0,0,0,0,14000,0,0,0,14000,0,14000,14000
064870,中租永豐9C購01  ,0,0,0,0,0,0,0,0,0,14000,0,0,0,69000,55000,14000,14000
064877,可成兆豐9C購02  ,0,0,0,0,0,0,0,0,0,14000,0,0,0,20000,6000,14000,14000
064759,景碩凱基9C購01  ,0,0,0,0,0,0,0,0,0,14000,0,0,0,74000,60000,14000,14000
08770P,上証2X凱基03售04,0,0,0,0,0,0,0,0,0,13000,0,0,0,15000,2000,13000,13000
066364,可成中信03購01  ,0,0,0,0,0,0,0,0,0,13000,0,0,0,18000,5000,13000,13000
066543,大成鋼元大01購02,0,0,0,0,0,0,0,0,0,13000,0,0,0,13000,0,13000,13000
058521,日月光元大99購01,0,0,0,0,0,0,0,0,0,13000,0,0,0,13000,0,13000,13000
058574,台積電群益99購03,0,0,0,0,0,0,0,0,0,13000,0,0,0,33000,20000,13000,13000
056907,群創元大9C購04  ,0,0,0,0,0,0,0,0,0,13000,0,0,0,50000,37000,13000,13000
056719,台虹永豐98購01  ,0,0,0,0,0,0,0,0,0,13000,0,0,0,108000,95000,13000,13000
057373,大立光元大98購17,0,0,0,0,0,0,0,0,0,13000,0,0,0,13000,0,13000,13000
055108,智邦凱基98購01  ,0,0,0,0,0,0,0,0,0,13000,0,0,0,13000,0,13000,13000
055104,台達電凱基98購01,0,0,0,0,0,0,0,0,0,13000,0,0,0,55000,42000,13000,13000
056214,義隆國票99購01  ,0,0,0,0,0,0,0,0,0,13000,0,0,0,17000,4000,13000,13000
056279,新日興富邦99購01,0,0,0,0,0,0,0,0,0,13000,0,0,0,157000,144000,13000,13000
0054,元大台商50      ,0,0,0,0,0,0,0,0,0,13000,0,0,0,16000,3000,13000,13000
045836,群創群益98購01  ,0,0,0,0,0,0,0,0,0,13000,0,0,0,13000,0,13000,13000
052328,台表科中信99購01,0,0,0,0,0,0,0,0,0,13000,0,0,0,18000,5000,13000,13000
056392,玉晶光富邦9C購01,0,0,0,0,0,0,0,0,0,13000,0,0,0,60000,47000,13000,13000
061563,群創國票9B購02  ,0,0,0,0,0,0,0,0,0,13000,0,0,0,13000,0,13000,13000
060868,致伸永豐9A購01  ,0,0,0,0,0,0,0,0,0,13000,0,0,0,49000,36000,13000,13000
059851,晶相光永豐99購02,0,0,0,0,0,0,0,0,0,13000,0,0,0,13000,0,13000,13000
059954,華新科康和99購01,0,0,0,0,0,0,0,0,0,13000,0,0,0,16000,3000,13000,13000
060294,嘉澤元大9A購01  ,0,0,0,0,0,0,0,0,0,13000,0,0,0,13000,0,13000,13000
060552,群創凱基9B購05  ,0,0,0,0,0,0,0,0,0,13000,0,0,0,37000,24000,13000,13000
060688,世紀鋼元大9C購01,0,0,0,0,0,0,0,0,0,13000,0,0,0,23000,10000,13000,13000
060716,新唐永豐9A購01  ,0,0,0,0,0,0,0,0,0,13000,0,0,0,24000,11000,13000,13000
060744,鴻海國票9A購04  ,0,0,0,0,0,0,0,0,0,13000,0,0,0,17000,4000,13000,13000
063177,友達兆豐9B購01  ,0,0,0,0,0,0,0,0,0,13000,0,0,0,13000,0,13000,13000
062749,元金2X中信9B購01,0,0,0,0,0,0,0,0,0,13000,0,0,0,13000,0,13000,13000
06505P,康控國票99售02  ,0,0,0,0,0,0,0,0,0,13000,0,0,0,126000,113000,13000,13000
065231,宏達電凱基01購01,0,0,0,0,0,0,0,0,0,13000,0,0,0,15000,2000,13000,13000
065502,康友富邦03購01  ,0,0,0,0,0,0,0,0,0,13000,0,0,0,18000,5000,13000,13000
065492,台灣50富邦03購02,0,0,0,0,0,0,0,0,0,13000,0,0,0,13000,0,13000,13000
063723,儒鴻元大9B購04  ,0,0,0,0,0,0,0,0,0,13000,0,0,0,13000,0,13000,13000
063726,鴻海元大9B購04  ,0,0,0,0,0,0,0,0,0,13000,0,0,0,28000,15000,13000,13000
064129,新日興元大9C購02,0,0,0,0,0,0,0,0,0,13000,0,0,0,23000,10000,13000,13000
8480,泰昇-KY         ,22000,9000,13000,0,0,0,0,0,0,0,0,0,0,0,0,0,13000
3094,聯傑            ,86000,73000,13000,0,0,0,0,0,0,0,0,0,0,0,0,0,13000
3543,州巧            ,30000,10000,20000,0,0,0,0,0,0,-7000,0,7000,-7000,0,0,0,13000
066574,康友元大01購01  ,0,0,0,0,0,0,0,0,0,12000,0,0,0,33000,21000,12000,12000
066415,台積電元大01購11,0,0,0,0,0,0,0,0,0,12000,0,0,0,20000,8000,12000,12000
066038,台積電元大01購07,0,0,0,0,0,0,0,0,0,12000,0,0,0,20000,8000,12000,12000
07046P,大立光富邦9C售03,0,0,0,0,0,0,0,0,0,12000,0,0,0,20000,8000,12000,12000
066645,聯發科麥證01購02,0,0,0,12000,0,12000,0,0,0,12000,0,0,0,12000,0,12000,12000
08561P,台表科國票01售02,0,0,0,0,0,0,0,0,0,12000,0,0,0,14000,2000,12000,12000
08465P,玉晶光兆豐01售02,0,0,0,0,0,0,0,0,0,12000,0,0,0,128000,116000,12000,12000
07940P,國巨群益9B售06  ,0,0,0,0,0,0,0,0,0,12000,0,0,0,22000,10000,12000,12000
07833P,大立光群益9B售02,0,0,0,0,0,0,0,0,0,12000,0,0,0,12000,0,12000,12000
07317P,T50正2凱基9B售02,0,0,0,0,0,0,0,0,0,12000,0,0,0,12000,0,12000,12000
056465,臺股指凱基99購07,0,0,0,0,0,0,0,0,0,12000,0,0,0,15000,3000,12000,12000
050758,聯發科元富9B購01,0,0,0,0,0,0,0,0,0,12000,0,0,0,16000,4000,12000,12000
056236,台積電群益97購06,0,0,0,0,0,0,0,0,0,12000,0,0,0,12000,0,12000,12000
056574,亞光元大99購03  ,0,0,0,0,0,0,0,0,0,12000,0,0,0,80000,68000,12000,12000
054961,玉晶光元大99購01,0,0,0,0,0,0,0,0,0,12000,0,0,0,15000,3000,12000,12000
054931,緯穎凱基98購01  ,0,0,0,0,0,0,0,0,0,12000,0,0,0,12000,0,12000,12000
055760,新日興群益98購02,0,0,0,0,0,0,0,0,0,12000,0,0,0,12000,0,12000,12000
056092,亞德客元富97購02,0,0,0,0,0,0,0,0,0,12000,0,0,0,12000,0,12000,12000
056747,致新凱基99購01  ,0,0,0,0,0,0,0,0,0,12000,0,0,0,12000,0,12000,12000
056623,禾伸堂永豐98購01,0,0,0,0,0,0,0,0,0,12000,0,0,0,12000,0,12000,12000
058886,元石油元大9C購03,0,0,0,0,0,0,0,0,0,12000,0,0,0,23000,11000,12000,12000
058354,台積電凱基9A購06,0,0,0,0,0,0,0,0,0,12000,0,0,0,12000,0,12000,12000
057564,台積電富邦9B購03,0,0,0,0,0,0,0,0,0,12000,0,0,0,87000,75000,12000,12000
057207,立積元富98購02  ,0,0,0,0,0,0,0,0,0,12000,0,0,0,12000,0,12000,12000
057289,力成元大98購03  ,0,0,0,0,0,0,0,0,0,12000,0,0,0,398000,386000,12000,12000
058625,旺宏國票9A購01  ,0,0,0,0,0,0,0,0,0,12000,0,0,0,22000,10000,12000,12000
062497,遠東新群益9B購01,0,0,0,0,0,0,0,0,0,12000,0,0,0,12000,0,12000,12000
062513,玉晶光國票9C購01,0,0,0,0,0,0,0,0,0,12000,0,0,0,13000,1000,12000,12000
062395,台表科富邦9C購01,0,0,0,0,0,0,0,0,0,12000,0,0,0,25000,13000,12000,12000
062725,大立光凱基9B購06,0,0,0,0,0,0,0,0,0,12000,0,0,0,12000,0,12000,12000
061038,TPK永豐9A購01   ,0,0,0,0,0,0,0,0,0,12000,0,0,0,12000,0,12000,12000
061026,南電富邦9B購01  ,0,0,0,0,0,0,0,0,0,12000,0,0,0,12000,0,12000,12000
061017,國泰金麥證9A購01,0,0,0,12000,0,12000,0,0,0,12000,0,0,0,12000,0,12000,12000
063182,國巨凱基9B購10  ,0,0,0,0,0,0,0,0,0,12000,0,0,0,80000,68000,12000,12000
061941,道瓊指群益9B購01,0,0,0,0,0,0,0,0,0,12000,0,0,0,25000,13000,12000,12000
063084,可成凱基9C購01  ,0,0,0,0,0,0,0,0,0,12000,0,0,0,16000,4000,12000,12000
062591,新日興統一9C購01,0,0,0,0,0,0,0,0,0,12000,0,0,0,12000,0,12000,12000
059165,南亞科凱基99購04,0,0,0,0,0,0,0,0,0,12000,0,0,0,23000,11000,12000,12000
059210,鴻海元大99購26  ,0,0,0,0,0,0,0,0,0,12000,0,0,0,12000,0,12000,12000
059275,可成元大99購05  ,0,0,0,0,0,0,0,0,0,12000,0,0,0,12000,0,12000,12000
060854,台積電富邦9C購08,0,0,0,0,0,0,0,0,0,12000,0,0,0,12000,0,12000,12000
061831,智邦凱基9B購02  ,0,0,0,0,0,0,0,0,0,12000,0,0,0,86000,74000,12000,12000
059039,致伸群益99購01  ,0,0,0,0,0,0,0,0,0,12000,0,0,0,86000,74000,12000,12000
062126,創意統一9B購01  ,0,0,0,0,0,0,0,0,0,12000,0,0,0,14000,2000,12000,12000
062108,晶豪科國票9B購01,0,0,0,0,0,0,0,0,0,12000,0,0,0,15000,3000,12000,12000
060188,華新科元富9A購03,0,0,0,0,0,0,0,0,0,12000,0,0,0,12000,0,12000,12000
060981,旺宏元大9A購08  ,0,0,0,0,0,0,0,0,0,12000,0,0,0,68000,56000,12000,12000
064200,華通兆豐01購01  ,0,0,0,0,0,0,0,0,0,12000,0,0,0,12000,0,12000,12000
063954,世芯元大01購02  ,0,0,0,0,0,0,0,0,0,12000,0,0,0,18000,6000,12000,12000
063489,新日興國泰01購01,0,0,0,0,0,0,0,0,0,12000,0,0,0,12000,0,12000,12000
063464,廣達元大9B購02  ,0,0,0,0,0,0,0,0,0,12000,0,0,0,84000,72000,12000,12000
063699,國巨群益9B購07  ,0,0,0,0,0,0,0,0,0,12000,0,0,0,20000,8000,12000,12000
063603,友達凱基9B購05  ,0,0,0,0,0,0,0,0,0,12000,0,0,0,12000,0,12000,12000
065382,緯穎元大9C購04  ,0,0,0,0,0,0,0,0,0,12000,0,0,0,21000,9000,12000,12000
065913,光寶科凱基01購01,0,0,0,0,0,0,0,0,0,12000,0,0,0,50000,38000,12000,12000
065902,燿華富邦02購01  ,0,0,0,0,0,0,0,0,0,12000,0,0,0,282000,270000,12000,12000
065043,新光金凱基02購01,0,0,0,0,0,0,0,0,0,12000,0,0,0,70000,58000,12000,12000
3057,喬鼎            ,34000,22000,12000,0,0,0,0,0,0,0,0,0,0,0,0,0,12000
2413,環科            ,42000,30000,12000,0,0,0,0,0,0,0,0,0,0,0,0,0,12000
2702,華園            ,13000,1000,12000,0,0,0,0,0,0,0,0,0,0,0,0,0,12000
8374,羅昇            ,21000,9000,12000,0,0,0,0,0,0,0,0,0,0,0,0,0,12000
08230P,台表科國票9C售03,0,0,0,0,0,0,0,0,0,11000,0,0,0,11000,0,11000,11000
07195P,大立光元大99售12,0,0,0,0,0,0,0,0,0,11000,0,0,0,11000,0,11000,11000
065991,牧德永豐01購01  ,0,0,0,0,0,0,0,0,0,11000,0,0,0,11000,0,11000,11000
066109,南電國票02購01  ,0,0,0,0,0,0,0,0,0,11000,0,0,0,37000,26000,11000,11000
062423,聯發科統一9C購07,0,0,0,0,0,0,0,0,0,11000,0,0,0,13000,2000,11000,11000
062471,國泰金凱基9B購02,0,0,0,0,0,0,0,0,0,11000,0,0,0,11000,0,11000,11000
058721,立積元富9C購01  ,0,0,0,0,0,0,0,0,0,11000,0,0,0,19000,8000,11000,11000
058397,大成鋼元大99購02,0,0,0,0,0,0,0,0,0,11000,0,0,0,111000,100000,11000,11000
057670,欣興元大99購02  ,0,0,0,0,0,0,0,0,0,11000,0,0,0,12000,1000,11000,11000
058024,台積電國泰9A購01,0,0,0,0,0,0,0,0,0,11000,0,0,0,11000,0,11000,11000
057450,國泰金元富98購01,0,0,0,0,0,0,0,0,0,11000,0,0,0,29000,18000,11000,11000
058517,景碩元大99購06  ,0,0,0,0,0,0,0,0,0,11000,0,0,0,12000,1000,11000,11000
058289,奇鋐國票9A購01  ,0,0,0,0,0,0,0,0,0,11000,0,0,0,12000,1000,11000,11000
058343,台積電群益99購02,0,0,0,0,0,0,0,0,0,11000,0,0,0,12000,1000,11000,11000
054534,台積電富邦98購03,0,0,0,0,0,0,0,0,0,11000,0,0,0,11000,0,11000,11000
055623,貿聯國泰99購01  ,0,0,0,0,0,0,0,0,0,11000,0,0,0,65000,54000,11000,11000
056165,矽力凱基98購02  ,0,0,0,0,0,0,0,0,0,11000,0,0,0,20000,9000,11000,11000
056385,創意國泰99購01  ,0,0,0,0,0,0,0,0,0,11000,0,0,0,11000,0,11000,11000
056552,台表科凱基99購01,0,0,0,0,0,0,0,0,0,11000,0,0,0,43000,32000,11000,11000
00657,國泰日經225     ,0,0,0,0,0,0,0,0,0,11000,0,0,0,251000,240000,11000,11000
060154,堤維西永豐9A購01,0,0,0,0,0,0,0,0,0,11000,0,0,0,39000,28000,11000,11000
060857,旭富富邦9B購01  ,0,0,0,0,0,0,0,0,0,11000,0,0,0,40000,29000,11000,11000
060279,SP黃豆元大9A購01,0,0,0,0,0,0,0,0,0,11000,0,0,0,11000,0,11000,11000
062652,上証2X永豐9B購01,0,0,0,0,0,0,0,0,0,11000,0,0,0,31000,20000,11000,11000
060600,台積電凱基9C購01,0,0,0,0,0,0,0,0,0,11000,0,0,0,11000,0,11000,11000
062975,京鼎元富9B購01  ,0,0,0,0,0,0,0,0,0,11000,0,0,0,26000,15000,11000,11000
062088,緯穎元大9B購04  ,0,0,0,0,0,0,0,0,0,11000,0,0,0,53000,42000,11000,11000
062883,智易兆豐9C購01  ,0,0,0,0,0,0,0,0,0,11000,0,0,0,11000,0,11000,11000
063164,聯發科永豐9B購03,0,0,0,0,0,0,0,0,0,11000,0,0,0,12000,1000,11000,11000
060819,國巨統一9C購04  ,0,0,0,0,0,0,0,0,0,11000,0,0,0,65000,54000,11000,11000
06037P,超眾國票98售02  ,0,0,0,0,0,0,0,0,0,11000,0,0,0,28000,17000,11000,11000
061452,大成鋼凱基9A購01,0,0,0,0,0,0,0,0,0,11000,0,0,0,61000,50000,11000,11000
061140,華擎統一9C購01  ,0,0,0,0,0,0,0,0,0,11000,0,0,0,12000,1000,11000,11000
065197,景碩元富06購01  ,0,0,0,0,0,0,0,0,0,11000,0,0,0,11000,0,11000,11000
065161,矽格群益9C購01  ,0,0,0,0,0,0,0,0,0,11000,0,0,0,103000,92000,11000,11000
065620,金融類元大9C購03,0,0,0,0,0,0,0,0,0,11000,0,0,0,11000,0,11000,11000
065627,貿聯兆豐9C購02  ,0,0,0,0,0,0,0,0,0,11000,0,0,0,11000,0,11000,11000
064561,友達群益9C購02  ,0,0,0,0,0,0,0,0,0,11000,0,0,0,11000,0,11000,11000
5546,永固-KY         ,21000,9000,12000,0,0,0,0,0,0,-1000,0,1000,-1000,0,0,0,11000
066208,聯鈞統一02購01  ,0,0,0,0,0,0,0,0,0,10000,0,0,0,10000,0,10000,10000
066179,智伸科凱基01購01,0,0,0,0,0,0,0,0,0,10000,0,0,0,53000,43000,10000,10000
066171,德律凱基01購01  ,0,0,0,0,0,0,0,0,0,10000,0,0,0,10000,0,10000,10000
066172,日電貿凱基01購01,0,0,0,0,0,0,0,0,0,10000,0,0,0,10000,0,10000,10000
066163,友訊凱基01購01  ,0,0,0,0,0,0,0,0,0,10000,0,0,0,43000,33000,10000,10000
066400,健策凱基02購02  ,0,0,0,0,0,0,0,0,0,10000,0,0,0,10000,0,10000,10000
066521,A50反1中信03購01,0,0,0,0,0,0,0,0,0,10000,0,0,0,10000,0,10000,10000
066508,世紀鋼富邦03購01,0,0,0,0,0,0,0,0,0,10000,0,0,0,10000,0,10000,10000
07198P,臺股指元大99售14,0,0,0,0,0,0,0,0,0,10000,0,0,0,110000,100000,10000,10000
06990P,康友元富99售03  ,0,0,0,0,0,0,0,0,0,10000,0,0,0,10000,0,10000,10000
06893P,致新元富98售02  ,0,0,0,0,0,0,0,0,0,10000,0,0,0,10000,0,10000,10000
06701P,臺股指統一99售06,0,0,0,0,0,0,0,0,0,10000,0,0,0,266000,256000,10000,10000
066649,華新科麥證01購02,0,0,0,10000,0,10000,0,0,0,10000,0,0,0,10000,0,10000,10000
066654,上証2X凱基03購02,0,0,0,0,0,0,0,0,0,10000,0,0,0,10000,0,10000,10000
066727,鴻海元大01購12  ,0,0,0,0,0,0,0,0,0,10000,0,0,0,10000,0,10000,10000
066775,智原富邦03購01  ,0,0,0,0,0,0,0,0,0,10000,0,0,0,110000,100000,10000,10000
066824,旺宏群益02購01  ,0,0,0,0,0,0,0,0,0,10000,0,0,0,10000,0,10000,10000
08241P,微星中信06售01  ,0,0,0,0,0,0,0,0,0,10000,0,0,0,10000,0,10000,10000
08261P,玉晶光元大9C售08,10000,0,10000,0,0,0,0,0,0,0,0,0,0,60000,60000,0,10000
08291P,智邦台新9C售02  ,0,0,0,0,0,0,0,0,0,10000,0,0,0,10000,0,10000,10000
08386P,臺股指群益9C售14,0,0,0,0,0,0,0,0,0,10000,0,0,0,10000,0,10000,10000
08182P,金像電永豐9B售01,0,0,0,0,0,0,0,0,0,10000,0,0,0,10000,0,10000,10000
08127P,聯發科元大9B售21,0,0,0,0,0,0,0,0,0,10000,0,0,0,10000,0,10000,10000
07999P,台達電凱基9B售02,0,0,0,0,0,0,0,0,0,10000,0,0,0,10000,0,10000,10000
07270P,台灣50元大01售09,0,0,0,0,0,0,0,0,0,10000,0,0,0,10000,0,10000,10000
07627P,超眾凱基9A售02  ,0,0,0,0,0,0,0,0,0,10000,0,0,0,10000,0,10000,10000
07941P,國巨凱基9B售07  ,0,0,0,0,0,0,0,0,0,10000,0,0,0,10000,0,10000,10000
07814P,華通群益9A售06  ,0,0,0,0,0,0,0,0,0,10000,0,0,0,10000,0,10000,10000
07747P,晶技凱基9A售04  ,0,0,0,0,0,0,0,0,0,10000,0,0,0,20000,10000,10000,10000
08760P,瑞昱元大01售02  ,0,0,0,0,0,0,0,0,0,10000,0,0,0,224000,214000,10000,10000
08790P,聯發科元富01售01,0,0,0,0,0,0,0,0,0,10000,0,0,0,10000,0,10000,10000
08695P,嘉晶群益01售01  ,0,0,0,0,0,0,0,0,0,10000,0,0,0,10000,0,10000,10000
08620P,聯發科群益9C售15,0,0,0,0,0,0,0,0,0,10000,0,0,0,10000,0,10000,10000
2038,海光            ,19000,9000,10000,0,0,0,0,0,0,0,0,0,0,0,0,0,10000
006203,元大MSCI台灣    ,0,3000,-3000,0,0,0,0,0,0,13000,0,0,0,14000,1000,13000,10000
00709,富邦歐洲        ,0,0,0,0,0,0,0,0,0,10000,0,0,0,115000,105000,10000,10000
03675C,臺股指元大04牛02,0,0,0,0,0,0,0,0,0,10000,0,0,0,10000,0,10000,10000
03016X,元展16          ,0,0,0,0,0,0,0,0,0,10000,0,0,0,10000,0,10000,10000
054269,台光電亞東98購01,0,0,0,0,0,0,0,0,0,10000,0,0,0,20000,10000,10000,10000
054231,國巨群益98購03  ,0,0,0,0,0,0,0,0,0,10000,0,0,0,10000,0,10000,10000
053904,漢唐凱基97購01  ,0,0,0,0,0,0,0,0,0,10000,0,0,0,10000,0,10000,10000
054074,健策富邦98購01  ,0,0,0,0,0,0,0,0,0,10000,0,0,0,10000,0,10000,10000
055245,凱美統一99購01  ,0,0,0,0,0,0,0,0,0,10000,0,0,0,10000,0,10000,10000
056538,國泰金凱基98購01,0,0,0,0,0,0,0,0,0,10000,0,0,0,10000,0,10000,10000
055507,樺漢元大98購02  ,0,0,0,0,0,0,0,0,0,10000,0,0,0,10000,0,10000,10000
056433,鴻海凱基98購09  ,0,0,0,0,0,0,0,0,0,10000,0,0,0,51000,41000,10000,10000
054378,楠梓電群益98購01,0,0,0,0,0,0,0,0,0,10000,0,0,0,10000,0,10000,10000
056458,日月光凱基98購02,0,0,0,0,0,0,0,0,0,10000,0,0,0,10000,0,10000,10000
056462,訊芯凱基98購03  ,0,0,0,0,0,0,0,0,0,10000,0,0,0,58000,48000,10000,10000
054387,台積電統一98購02,0,0,0,0,0,0,0,0,0,10000,0,0,0,10000,0,10000,10000
056496,康控國泰99購01  ,0,0,0,0,0,0,0,0,0,10000,0,0,0,10000,0,10000,10000
051431,群創元富99購02  ,0,0,0,0,0,0,0,0,0,10000,0,0,0,10000,0,10000,10000
05145P,道瓊反元大98售01,0,0,0,0,0,0,0,0,0,10000,0,0,0,10000,0,10000,10000
053378,台積電元大98購02,0,0,0,0,0,0,0,0,0,10000,0,0,0,10000,0,10000,10000
056317,華通群益99購02  ,0,0,0,0,0,0,0,0,0,10000,0,0,0,160000,150000,10000,10000
056362,聯發科元大99購01,0,0,0,0,0,0,0,0,0,10000,0,0,0,10000,0,10000,10000
053174,同欣電群益98購02,0,0,0,0,0,0,0,0,0,10000,0,0,0,10000,0,10000,10000
053276,友達元大9C購01  ,7000,0,7000,0,0,0,0,0,0,3000,0,0,0,10000,7000,3000,10000
056177,嘉澤元富97購01  ,0,0,0,0,0,0,0,0,0,10000,0,0,0,10000,0,10000,10000
056156,禾伸堂凱基98購04,0,0,0,0,0,0,0,0,0,10000,0,0,0,10000,0,10000,10000
056193,聯發科富邦99購08,0,0,0,0,0,0,0,0,0,10000,0,0,0,10000,0,10000,10000
056304,創意元大97購03  ,0,0,0,0,0,0,0,0,0,10000,0,0,0,69000,59000,10000,10000
056306,晶相光元大98購01,0,0,0,0,0,0,0,0,0,10000,0,0,0,10000,0,10000,10000
055107,旺宏凱基98購04  ,0,0,0,0,0,0,0,0,0,10000,0,0,0,10000,0,10000,10000
055030,帆宣國泰99購02  ,0,0,0,0,0,0,0,0,0,10000,0,0,0,10000,0,10000,10000
055551,致茂凱基98購01  ,0,0,0,0,0,0,0,0,0,10000,0,0,0,10000,0,10000,10000
055683,晶技凱基99購01  ,0,0,0,0,0,0,0,0,0,10000,0,0,0,10000,0,10000,10000
055910,瑞昱凱基98購01  ,0,0,0,0,0,0,0,0,0,10000,0,0,0,10000,0,10000,10000
055811,國巨國票98購05  ,0,0,0,0,0,0,0,0,0,10000,0,0,0,10000,0,10000,10000
054634,FB上証中信99購01,0,0,0,0,0,0,0,0,0,10000,0,0,0,10000,0,10000,10000
056075,瀚宇博元大97購03,0,0,0,0,0,0,0,0,0,10000,0,0,0,30000,20000,10000,10000
058881,全新永豐99購01  ,0,0,0,0,0,0,0,0,0,10000,0,0,0,10000,0,10000,10000
056607,貿聯富邦99購02  ,0,0,0,0,0,0,0,0,0,10000,0,0,0,20000,10000,10000,10000
056616,台光電永豐98購01,0,0,0,0,0,0,0,0,0,10000,0,0,0,10000,0,10000,10000
056618,京元電永豐98購01,0,0,0,0,0,0,0,0,0,10000,0,0,0,20000,10000,10000,10000
056639,國產康和98購01  ,0,0,0,0,0,0,0,0,0,10000,0,0,0,10000,0,10000,10000
056724,臻鼎中信9A購01  ,0,0,0,0,0,0,0,0,0,10000,0,0,0,127000,117000,10000,10000
056688,聯詠統一98購01  ,0,0,0,0,0,0,0,0,0,10000,0,0,0,10000,0,10000,10000
057402,嘉晶群益98購02  ,0,0,0,0,0,0,0,0,0,10000,0,0,0,10000,0,10000,10000
057417,國巨凱基9A購03  ,0,0,0,0,0,0,0,0,0,10000,0,0,0,10000,0,10000,10000
057352,大立光統一9A購02,0,0,0,0,0,0,0,0,0,10000,0,0,0,10000,0,10000,10000
058351,上銀凱基9A購02  ,0,0,0,0,0,0,0,0,0,10000,0,0,0,10000,0,10000,10000
058308,全新元大9B購01  ,0,0,0,0,0,0,0,0,0,10000,0,0,0,10000,0,10000,10000
058317,國巨永豐99購02  ,0,0,0,0,0,0,0,0,0,10000,0,0,0,10000,0,10000,10000
057539,南茂元大98購02  ,0,0,0,0,0,0,0,0,0,10000,0,0,0,15000,5000,10000,10000
057526,智邦元大98購10  ,0,0,0,0,0,0,0,0,0,10000,0,0,0,10000,0,10000,10000
057532,智原元大98購03  ,0,0,0,0,0,0,0,0,0,10000,0,0,0,12000,2000,10000,10000
058528,世紀鋼元大99購02,0,0,0,0,0,0,0,0,0,10000,0,0,0,10000,0,10000,10000
057481,技嘉元大98購04  ,0,0,0,0,0,0,0,0,0,10000,0,0,0,33000,23000,10000,10000
056787,健鼎群益98購01  ,0,0,0,0,0,0,0,0,0,10000,0,0,0,10000,0,10000,10000
056845,揚明光元富98購01,0,0,0,0,0,0,0,0,0,10000,0,0,0,10000,0,10000,10000
056969,智易永豐98購01  ,0,0,0,0,0,0,0,0,0,10000,0,0,0,10000,0,10000,10000
057022,智邦凱基98購04  ,0,0,0,0,0,0,0,0,0,10000,0,0,0,10000,0,10000,10000
057056,立積元大99購02  ,0,0,0,0,0,0,0,0,0,10000,0,0,0,20000,10000,10000,10000
057093,臻鼎元富98購02  ,0,0,0,0,0,0,0,0,0,10000,0,0,0,10000,0,10000,10000
057135,立積凱基98購01  ,0,0,0,0,0,0,0,0,0,10000,0,0,0,10000,0,10000,10000
058034,神達永豐98購02  ,0,0,0,0,0,0,0,0,0,10000,0,0,0,10000,0,10000,10000
057917,台積電凱基98購17,0,0,0,0,0,0,0,0,0,10000,0,0,0,10000,0,10000,10000
057269,鈺齊兆豐98購01  ,0,0,0,0,0,0,0,0,0,10000,0,0,0,10000,0,10000,10000
057175,美律元大98購03  ,0,0,0,0,0,0,0,0,0,10000,0,0,0,20000,10000,10000,10000
057180,華新科元大99購08,0,0,0,0,0,0,0,0,0,10000,0,0,0,10000,0,10000,10000
057169,微星元大98購01  ,0,0,0,0,0,0,0,0,0,10000,0,0,0,30000,20000,10000,10000
057545,國巨凱基99購05  ,0,0,0,0,0,0,0,0,0,10000,0,0,0,10000,0,10000,10000
056782,鴻海群益98購04  ,0,0,0,0,0,0,0,0,0,10000,0,0,0,10000,0,10000,10000
057777,可成群益9A購03  ,0,0,0,0,0,0,0,0,0,10000,0,0,0,12000,2000,10000,10000
057605,旺宏統一99購03  ,0,0,0,0,0,0,0,0,0,10000,0,0,0,10000,0,10000,10000
058078,景碩國票99購01  ,0,0,0,0,0,0,0,0,0,10000,0,0,0,29000,19000,10000,10000
058110,光寶科元富98購01,0,0,0,0,0,0,0,0,0,10000,0,0,0,10000,0,10000,10000
058417,國巨麥證99購01  ,0,0,0,10000,0,10000,0,0,0,10000,0,0,0,10000,0,10000,10000
05774P,臺股指凱基99售04,0,0,0,0,0,0,0,0,0,10000,0,0,0,10000,0,10000,10000
058674,宏達電群益99購01,0,0,0,0,0,0,0,0,0,10000,0,0,0,16000,6000,10000,10000
058697,亞德客元大99購01,0,0,0,0,0,0,0,0,0,10000,0,0,0,10000,0,10000,10000
058643,T50正2富邦03購01,0,0,0,0,0,0,0,0,0,10000,0,0,0,10000,0,10000,10000
058613,茂林元大99購03  ,0,0,0,0,0,0,0,0,0,10000,0,0,0,130000,120000,10000,10000
062469,旺宏凱基9B購05  ,0,0,0,0,0,0,0,0,0,10000,0,0,0,10000,0,10000,10000
062479,TPK國票9B購01   ,0,0,0,0,0,0,0,0,0,10000,0,0,0,10000,0,10000,10000
062492,牧德第一9B購01  ,0,0,0,0,0,0,0,0,0,10000,0,0,0,306000,296000,10000,10000
05878P,創意群益98售01  ,0,0,0,0,0,0,0,0,0,10000,0,0,0,10000,0,10000,10000
058825,同欣電富邦9A購01,0,0,0,0,0,0,0,0,0,10000,0,0,0,10000,0,10000,10000
062204,京元電國票9C購01,0,0,0,0,0,0,0,0,0,10000,0,0,0,10000,0,10000,10000
062206,緯創國票9B購01  ,0,0,0,0,0,0,0,0,0,10000,0,0,0,10000,0,10000,10000
062225,華擎統一01購01  ,0,0,0,0,0,0,0,0,0,10000,0,0,0,10000,0,10000,10000
062320,南電凱基9B購03  ,0,0,0,0,0,0,0,0,0,10000,0,0,0,11000,1000,10000,10000
062295,康友永豐9B購01  ,0,0,0,0,0,0,0,0,0,10000,0,0,0,10000,0,10000,10000
061131,崇越永豐9A購01  ,0,0,0,0,0,0,0,0,0,10000,0,0,0,10000,0,10000,10000
061514,泰碩永豐9A購02  ,0,0,0,0,0,0,0,0,0,10000,0,0,0,10000,0,10000,10000
061101,道瓊銀元大9A購02,0,0,0,0,0,0,0,0,0,10000,0,0,0,10000,0,10000,10000
062813,台積電兆豐9B購01,0,0,0,0,0,0,0,0,0,10000,0,0,0,119000,109000,10000,10000
061307,和潤永豐9A購02  ,0,0,0,0,0,0,0,0,0,10000,0,0,0,10000,0,10000,10000
061266,國泰金凱基9B購01,0,0,0,0,0,0,0,0,0,10000,0,0,0,10000,0,10000,10000
061349,嘉澤元大9A購02  ,0,0,0,0,0,0,0,0,0,10000,0,0,0,10000,0,10000,10000
061316,台積電凱基9A購24,0,0,0,0,0,0,0,0,0,10000,0,0,0,10000,0,10000,10000
060382,儒鴻凱基9A購01  ,0,0,0,0,0,0,0,0,0,10000,0,0,0,10000,0,10000,10000
060373,元金2X元富9A購01,0,0,0,0,0,0,0,0,0,10000,0,0,0,10000,0,10000,10000
060392,華擎群益9C購02  ,0,0,0,0,0,0,0,0,0,10000,0,0,0,10000,0,10000,10000
060813,高鐵凱基9A購01  ,0,0,0,0,0,0,0,0,0,10000,0,0,0,10000,0,10000,10000
062671,國泰金中信03購01,0,0,0,0,0,0,0,0,0,10000,0,0,0,10000,0,10000,10000
061087,國巨統一01購04  ,0,0,0,0,0,0,0,0,0,10000,0,0,0,10000,0,10000,10000
062748,祥碩永豐9B購02  ,0,0,0,0,0,0,0,0,0,10000,0,0,0,10000,0,10000,10000
062712,晶技麥證9B購02  ,0,0,0,15000,0,15000,0,0,0,10000,0,0,0,15000,5000,10000,10000
062765,祥碩凱基9B購04  ,0,0,0,0,0,0,0,0,0,10000,0,0,0,10000,0,10000,10000
061195,健策永豐9B購02  ,0,0,0,0,0,0,0,0,0,10000,0,0,0,10000,0,10000,10000
061231,聚陽元大9A購02  ,0,0,0,0,0,0,0,0,0,10000,0,0,0,10000,0,10000,10000
061179,華擎凱基9A購01  ,0,0,0,0,0,0,0,0,0,10000,0,0,0,10000,0,10000,10000
063189,臻鼎凱基9B購01  ,0,0,0,0,0,0,0,0,0,10000,0,0,0,20000,10000,10000,10000
063258,緯穎國泰9C購01  ,0,0,0,0,0,0,0,0,0,10000,0,0,0,20000,10000,10000,10000
063253,巨大元大9B購03  ,0,0,0,0,0,0,0,0,0,10000,0,0,0,10000,0,10000,10000
063227,祥碩群益9B購06  ,0,0,0,0,0,0,0,0,0,10000,0,0,0,10000,0,10000,10000
063280,燿華元大9B購05  ,0,0,0,0,0,0,0,0,0,10000,0,0,0,36000,26000,10000,10000
062954,世芯永豐9B購03  ,0,0,0,0,0,0,0,0,0,10000,0,0,0,10000,0,10000,10000
062931,上証2X凱基01購01,0,0,0,0,0,0,0,0,0,10000,0,0,0,10000,0,10000,10000
061922,瑞昱凱基9B購01  ,0,0,0,0,0,0,0,0,0,10000,0,0,0,15000,5000,10000,10000
061929,嘉澤凱基9B購01  ,0,0,0,0,0,0,0,0,0,10000,0,0,0,10000,0,10000,10000
061977,國巨元大9B購02  ,0,0,0,0,0,0,0,0,0,10000,0,0,0,12000,2000,10000,10000
062093,台積電富邦9C購11,0,0,0,0,0,0,0,0,0,10000,0,0,0,10000,0,10000,10000
062084,台郡元大9B購04  ,0,0,0,0,0,0,0,0,0,10000,0,0,0,10000,0,10000,10000
062038,鴻海凱基9B購05  ,0,0,0,0,0,0,0,0,0,10000,0,0,0,14000,4000,10000,10000
063089,巨大凱基9C購01  ,0,0,0,0,0,0,0,0,0,10000,0,0,0,10000,0,10000,10000
060597,華通凱基9A購04  ,0,0,0,0,0,0,0,0,0,10000,0,0,0,10000,0,10000,10000
060605,大立光凱基9C購01,0,0,0,0,0,0,0,0,0,10000,0,0,0,10000,0,10000,10000
060548,友達凱基9B購03  ,0,0,0,0,0,0,0,0,0,10000,0,0,0,10000,0,10000,10000
060528,友達中信9C購01  ,0,0,0,0,0,0,0,0,0,10000,0,0,0,10000,0,10000,10000
060557,南電凱基9A購02  ,0,0,0,0,0,0,0,0,0,10000,0,0,0,10000,0,10000,10000
060687,GIS元大9A購01   ,0,0,0,0,0,0,0,0,0,10000,0,0,0,10000,0,10000,10000
060449,元金2X元大9A購02,0,0,0,0,0,0,0,0,0,10000,0,0,0,10000,0,10000,10000
060300,佐登國泰9B購01  ,0,0,0,0,0,0,0,0,0,10000,0,0,0,10000,0,10000,10000
060301,國巨富邦9C購02  ,0,0,0,0,0,0,0,0,0,10000,0,0,0,10000,0,10000,10000
059277,群創元大99購05  ,0,0,0,0,0,0,0,0,0,10000,0,0,0,33000,23000,10000,10000
059283,康友永豐99購02  ,0,0,0,0,0,0,0,0,0,10000,0,0,0,20000,10000,10000,10000
059236,鴻海凱基99購09  ,0,0,0,0,0,0,0,0,0,10000,0,0,0,10000,0,10000,10000
059246,奇力新凱基9A購02,0,0,0,0,0,0,0,0,0,10000,0,0,0,10000,0,10000,10000
059168,奇力新凱基99購05,0,0,0,0,0,0,0,0,0,10000,0,0,0,10000,0,10000,10000
059631,京元電凱基99購02,0,0,0,0,0,0,0,0,0,10000,0,0,0,15000,5000,10000,10000
059641,群創凱基99購06  ,0,0,0,0,0,0,0,0,0,10000,0,0,0,10000,0,10000,10000
059936,台積電永豐99購06,0,0,0,0,0,0,0,0,0,10000,0,0,0,10000,0,10000,10000
059873,華新科凱基99購09,0,0,0,0,0,0,0,0,0,10000,0,0,0,10000,0,10000,10000
059284,緯穎永豐99購03  ,0,0,0,0,0,0,0,0,0,10000,0,0,0,20000,10000,10000,10000
059976,道瓊銀元大99購01,0,0,0,0,0,0,0,0,0,10000,0,0,0,10000,0,10000,10000
059327,南茂元大99購01  ,0,0,0,0,0,0,0,0,0,10000,0,0,0,10000,0,10000,10000
060910,聯發科元大9A購05,0,0,0,0,0,0,0,0,0,10000,0,0,0,10000,0,10000,10000
061526,宏達電凱基9A購04,0,0,0,0,0,0,0,0,0,10000,0,0,0,130000,120000,10000,10000
061803,巨大永豐9B購01  ,0,0,0,0,0,0,0,0,0,10000,0,0,0,10000,0,10000,10000
062530,大立光統一01購03,0,0,0,0,0,0,0,0,0,10000,0,0,0,10000,0,10000,10000
062526,友達統一01購01  ,0,0,0,0,0,0,0,0,0,10000,0,0,0,10000,0,10000,10000
05901P,臺股指凱基9C售01,0,0,0,0,0,0,0,0,0,10000,0,0,0,10000,0,10000,10000
060025,台積電富邦9C購06,0,0,0,0,0,0,0,0,0,10000,0,0,0,10000,0,10000,10000
060013,S&P正2康和99購01,0,0,0,0,0,0,0,0,0,10000,0,0,0,10000,0,10000,10000
060061,旺宏兆豐99購02  ,0,0,0,0,0,0,0,0,0,10000,0,0,0,10000,0,10000,10000
060166,佐登永豐9A購01  ,0,0,0,0,0,0,0,0,0,10000,0,0,0,10000,0,10000,10000
060231,台積電元大9A購08,0,0,0,0,0,0,0,0,0,10000,0,0,0,10000,0,10000,10000
060976,SP黃豆元大9A購03,0,0,0,0,0,0,0,0,0,10000,0,0,0,10000,0,10000,10000
060996,臻鼎元大9A購01  ,0,0,0,0,0,0,0,0,0,10000,0,0,0,10000,0,10000,10000
061651,世紀鋼元大9C購02,0,0,0,0,0,0,0,0,0,10000,0,0,0,53000,43000,10000,10000
064562,友達群益9C購03  ,0,0,0,0,0,0,0,0,0,10000,0,0,0,10000,0,10000,10000
064529,友達中信01購03  ,0,0,0,0,0,0,0,0,0,10000,0,0,0,10000,0,10000,10000
064510,GIS元大01購01   ,0,0,0,0,0,0,0,0,0,10000,0,0,0,60000,50000,10000,10000
06446P,大立光凱基98售10,0,0,0,0,0,0,0,0,0,10000,0,0,0,10000,0,10000,10000
064470,世紀鋼元富03購01,0,0,0,0,0,0,0,0,0,10000,0,0,0,10000,0,10000,10000
064636,臺股指元大9C購22,0,0,0,0,0,0,0,0,0,10000,0,0,0,10000,0,10000,10000
064172,義隆元富9C購01  ,0,0,0,0,0,0,0,0,0,10000,0,0,0,10000,0,10000,10000
064119,上銀元大9C購06  ,0,0,0,0,0,0,0,0,0,10000,0,0,0,10000,0,10000,10000
064090,祥碩凱基9C購03  ,0,0,0,0,0,0,0,0,0,10000,0,0,0,10000,0,10000,10000
064104,TPK群益9C購02   ,0,0,0,0,0,0,0,0,0,10000,0,0,0,17000,7000,10000,10000
064151,義隆統一01購01  ,0,0,0,0,0,0,0,0,0,10000,0,0,0,10000,0,10000,10000
064260,矽創富邦9C購01  ,0,0,0,0,0,0,0,0,0,10000,0,0,0,10000,0,10000,10000
064265,嘉聯益永豐9C購02,0,0,0,0,0,0,0,0,0,10000,0,0,0,32000,22000,10000,10000
063610,儒鴻群益9B購02  ,0,0,0,0,0,0,0,0,0,10000,0,0,0,20000,10000,10000,10000
063707,儒鴻凱基9C購01  ,0,0,0,0,0,0,0,0,0,10000,0,0,0,58000,48000,10000,10000
063678,友達國泰9C購01  ,0,0,0,0,0,0,0,0,0,10000,0,0,0,10000,0,10000,10000
063662,上銀統一01購03  ,0,0,0,0,0,0,0,0,0,10000,0,0,0,10000,0,10000,10000
063421,可成凱基9C購02  ,0,0,0,0,0,0,0,0,0,10000,0,0,0,11000,1000,10000,10000
063502,南電永豐9B購02  ,0,0,0,0,0,0,0,0,0,10000,0,0,0,10000,0,10000,10000
063927,奇力新統一02購01,0,0,0,0,0,0,0,0,0,10000,0,0,0,60000,50000,10000,10000
064002,仁寶凱基9C購01  ,0,0,0,0,0,0,0,0,0,10000,0,0,0,20000,10000,10000,10000
063959,GIS元大9C購02   ,0,0,0,0,0,0,0,0,0,10000,0,0,0,60000,50000,10000,10000
063976,正崴兆豐9C購01  ,0,0,0,0,0,0,0,0,0,10000,0,0,0,10000,0,10000,10000
064073,南電永豐9C購01  ,0,0,0,0,0,0,0,0,0,10000,0,0,0,10000,0,10000,10000
063796,鴻海凱基9C購02  ,0,0,0,0,0,0,0,0,0,10000,0,0,0,10000,0,10000,10000
063793,和大凱基9C購01  ,0,0,0,0,0,0,0,0,0,10000,0,0,0,10000,0,10000,10000
063785,華通中信06購02  ,0,0,0,0,0,0,0,0,0,10000,0,0,0,10000,0,10000,10000
063769,玉晶光國泰02購01,0,0,0,0,0,0,0,0,0,10000,0,0,0,10000,0,10000,10000
063850,玉晶光元大9C購07,0,0,0,0,0,0,0,0,0,10000,0,0,0,10000,0,10000,10000
063878,國巨元富9C購01  ,0,0,0,0,0,0,0,0,0,10000,0,0,0,10000,0,10000,10000
063903,國巨麥證01購01  ,0,0,0,20000,10000,10000,0,0,0,10000,0,0,0,20000,10000,10000,10000
065658,聯發科富邦03購03,0,0,0,0,0,0,0,0,0,10000,0,0,0,252000,242000,10000,10000
065408,華通永豐9C購02  ,0,0,0,0,0,0,0,0,0,10000,0,0,0,10000,0,10000,10000
065465,麗豐中信9C購01  ,0,0,0,0,0,0,0,0,0,10000,0,0,0,10000,0,10000,10000
065543,緯穎元富01購01  ,0,0,0,0,0,0,0,0,0,10000,0,0,0,10000,0,10000,10000
065545,華通兆豐9C購03  ,0,0,0,0,0,0,0,0,0,10000,0,0,0,10000,0,10000,10000
065878,麗豐群益02購01  ,0,0,0,0,0,0,0,0,0,10000,0,0,0,10000,0,10000,10000
065732,健策凱基9C購04  ,0,0,0,0,0,0,0,0,0,10000,0,0,0,10000,0,10000,10000
065715,勤誠群益9C購01  ,0,0,0,0,0,0,0,0,0,10000,0,0,0,69000,59000,10000,10000
065157,世芯群益9C購02  ,0,0,0,0,0,0,0,0,0,10000,0,0,0,10000,0,10000,10000
065137,中鋼凱基01購01  ,0,0,0,0,0,0,0,0,0,10000,0,0,0,10000,0,10000,10000
065152,燿華群益9C購02  ,0,0,0,0,0,0,0,0,0,10000,0,0,0,10000,0,10000,10000
06504P,麗豐國票99售02  ,0,0,0,0,0,0,0,0,0,10000,0,0,0,20000,10000,10000,10000
065065,世芯群益01購01  ,0,0,0,0,0,0,0,0,0,10000,0,0,0,10000,0,10000,10000
065331,亞德客國票01購01,0,0,0,0,0,0,0,0,0,10000,0,0,0,10000,0,10000,10000
064994,南電兆豐01購01  ,0,0,0,0,0,0,0,0,0,10000,0,0,0,10000,0,10000,10000
064780,義隆群益9C購04  ,0,0,0,0,0,0,0,0,0,10000,0,0,0,10000,0,10000,10000
6108,競國            ,50000,40000,10000,0,0,0,0,0,0,0,0,0,0,0,0,0,10000
6152,百一            ,25000,15000,10000,0,0,0,0,0,0,0,0,0,0,0,0,0,10000
4566,時碩工業        ,46000,36000,10000,0,0,0,0,0,0,0,0,0,0,0,0,0,10000
3308,聯德            ,10000,0,10000,0,0,0,0,0,0,0,0,0,0,0,0,0,10000
8404,百和興業-KY     ,40000,30000,10000,0,0,0,0,0,0,0,0,0,0,0,0,0,10000
1454,台富            ,4000,6000,-2000,0,0,0,0,0,0,11000,11000,0,11000,0,0,0,9000
1455,集盛            ,208000,199000,9000,0,0,0,0,0,0,0,0,0,0,0,0,0,9000
1315,達新            ,40000,27000,13000,0,0,0,0,0,0,-4000,0,0,0,0,4000,-4000,9000
08497P,華新科國票01售02,0,0,0,0,0,0,0,0,0,9000,0,0,0,25000,16000,9000,9000
08345P,大立光元大9C售14,0,0,0,0,0,0,0,0,0,9000,0,0,0,9000,0,9000,9000
066379,台達電康和01購01,0,0,0,0,0,0,0,0,0,9000,0,0,0,29000,20000,9000,9000
066351,關貿永豐01購01  ,0,0,0,0,0,0,0,0,0,9000,0,0,0,10000,1000,9000,9000
058597,瑞昱台新99購01  ,0,0,0,0,0,0,0,0,0,9000,0,0,0,9000,0,9000,9000
058746,華通凱基9A購02  ,0,0,0,0,0,0,0,0,0,9000,0,0,0,9000,0,9000,9000
057771,鴻海群益99購01  ,0,0,0,0,0,0,0,0,0,9000,0,0,0,9000,0,9000,9000
057226,上銀凱基98購06  ,0,0,0,0,0,0,0,0,0,9000,0,0,0,10000,1000,9000,9000
057529,嘉晶元大99購02  ,0,0,0,0,0,0,0,0,0,9000,0,0,0,11000,2000,9000,9000
058898,台積電元大99購20,0,0,0,0,0,0,0,0,0,9000,0,0,0,21000,12000,9000,9000
058250,台虹元大99購01  ,0,0,0,0,0,0,0,0,0,9000,0,0,0,19000,10000,9000,9000
056041,禾伸堂凱基98購03,0,0,0,0,0,0,0,0,0,9000,0,0,0,9000,0,9000,9000
050014,國巨富邦98購01  ,0,0,0,0,0,0,0,0,0,9000,0,0,0,10000,1000,9000,9000
059107,南茂國泰9A購01  ,0,0,0,0,0,0,0,0,0,9000,0,0,0,9000,0,9000,9000
059077,FBVIX元大99購05 ,0,0,0,0,0,0,0,0,0,9000,0,0,0,86000,77000,9000,9000
061817,高鐵群益9B購01  ,0,0,0,0,0,0,0,0,0,9000,0,0,0,59000,50000,9000,9000
061575,華新科元大9A購20,0,0,0,0,0,0,0,0,0,9000,0,0,0,63000,54000,9000,9000
059281,創意永豐99購02  ,0,0,0,0,0,0,0,0,0,9000,0,0,0,9000,0,9000,9000
059824,大立光凱基99購13,0,0,0,0,0,0,0,0,0,9000,0,0,0,10000,1000,9000,9000
060297,和碩元大9A購02  ,0,0,0,0,0,0,0,0,0,9000,0,0,0,66000,57000,9000,9000
060456,正隆元大9A購01  ,0,0,0,0,0,0,0,0,0,9000,0,0,0,146000,137000,9000,9000
060640,京鼎永豐9A購01  ,0,0,0,0,0,0,0,0,0,9000,0,0,0,9000,0,9000,9000
062045,崇越凱基9B購01  ,0,0,0,0,0,0,0,0,0,9000,0,0,0,10000,1000,9000,9000
063019,聯發科元大9C購01,0,0,0,0,0,0,0,0,0,9000,0,0,0,10000,1000,9000,9000
062901,台積電元大9B購05,0,0,0,0,0,0,0,0,0,9000,0,0,0,20000,11000,9000,9000
063118,中鋼元大9C購01  ,0,0,0,0,0,0,0,0,0,9000,0,0,0,72000,63000,9000,9000
065710,嘉聯益群益9C購02,0,0,0,0,0,0,0,0,0,9000,0,0,0,10000,1000,9000,9000
065818,奇鋐元富9C購01  ,0,0,0,0,0,0,0,0,0,9000,0,0,0,9000,0,9000,9000
065649,牧德元大03購01  ,0,0,0,0,0,0,0,0,0,9000,0,0,0,100000,91000,9000,9000
064077,台積電中信06購03,0,0,0,0,0,0,0,0,0,9000,0,0,0,15000,6000,9000,9000
064170,儒鴻元富9C購01  ,0,0,0,0,0,0,0,0,0,9000,0,0,0,106000,97000,9000,9000
064638,儒鴻凱基9C購03  ,0,0,0,0,0,0,0,0,0,9000,0,0,0,9000,0,9000,9000
3025,星通            ,12000,3000,9000,0,0,0,0,0,0,0,0,0,0,0,0,0,9000
6281,全國電          ,0,1000,-1000,0,0,0,0,0,0,10000,10000,0,10000,0,0,0,9000
066385,巨大康和01購01  ,0,0,0,0,0,0,0,0,0,8000,0,0,0,155000,147000,8000,8000
066114,瑞昱兆豐02購01  ,0,0,0,0,0,0,0,0,0,8000,0,0,0,10000,2000,8000,8000
066003,台表科國票02購02,0,0,0,0,0,0,0,0,0,8000,0,0,0,13000,5000,8000,8000
07014P,華通元大99售04  ,0,0,0,0,0,0,0,0,0,8000,0,0,0,51000,43000,8000,8000
08260P,大立光元大9C售08,0,0,0,0,0,0,0,0,0,8000,0,0,0,9000,1000,8000,8000
08215P,旺宏群益9B售04  ,0,0,0,0,0,0,0,0,0,8000,0,0,0,50000,42000,8000,8000
07997P,上銀凱基9B售04  ,0,0,0,0,0,0,0,0,0,8000,0,0,0,8000,0,8000,8000
07293P,臺股指凱基99售45,0,0,0,0,0,0,0,0,0,8000,0,0,0,8000,0,8000,8000
08552P,華新科群益9C售04,0,0,0,0,0,0,0,0,0,8000,0,0,0,12000,4000,8000,8000
08762P,南六元大01售03  ,0,0,0,0,0,0,0,0,0,8000,0,0,0,108000,100000,8000,8000
1304,台聚            ,139000,131000,8000,0,0,0,0,0,0,0,0,0,0,0,0,0,8000
056450,可成凱基98購05  ,0,0,0,0,0,0,0,0,0,8000,0,0,0,20000,12000,8000,8000
046383,群創凱基98購01  ,0,0,0,0,0,0,0,0,0,8000,0,0,0,378000,370000,8000,8000
042793,台積電台新9C購01,0,0,0,0,0,0,0,0,0,8000,0,0,0,10000,2000,8000,8000
056011,矽力中信99購01  ,0,0,0,0,0,0,0,0,0,8000,0,0,0,10000,2000,8000,8000
054556,世芯凱基99購01  ,0,0,0,0,0,0,0,0,0,8000,0,0,0,8000,0,8000,8000
055949,亞德客元大97購04,0,0,0,0,0,0,0,0,0,8000,0,0,0,8000,0,8000,8000
056657,華邦電元大99購01,0,0,0,0,0,0,0,0,0,8000,0,0,0,126000,118000,8000,8000
057103,禾伸堂中信9A購01,0,0,0,0,0,0,0,0,0,8000,0,0,0,13000,5000,8000,8000
057566,欣興富邦99購01  ,0,0,0,0,0,0,0,0,0,8000,0,0,0,15000,7000,8000,8000
057665,技嘉元大99購01  ,0,0,0,0,0,0,0,0,0,8000,0,0,0,38000,30000,8000,8000
062209,台積電台新9B購05,0,0,0,0,0,0,0,0,0,8000,0,0,0,8000,0,8000,8000
062870,亞德客兆豐9C購01,0,0,0,0,0,0,0,0,0,8000,0,0,0,8000,0,8000,8000
061305,帆宣永豐9A購01  ,0,0,0,0,0,0,0,0,0,8000,0,0,0,10000,2000,8000,8000
061121,智邦永豐9A購02  ,0,0,0,0,0,0,0,0,0,8000,0,0,0,11000,3000,8000,8000
059728,聯鈞元大99購01  ,0,0,0,0,0,0,0,0,0,8000,0,0,0,14000,6000,8000,8000
059304,華新科兆豐99購06,0,0,0,0,0,0,0,0,0,8000,0,0,0,9000,1000,8000,8000
060234,凱美元大9C購01  ,0,0,0,0,0,0,0,0,0,8000,0,0,0,17000,9000,8000,8000
061530,智邦台新9A購02  ,0,0,0,0,0,0,0,0,0,8000,0,0,0,10000,2000,8000,8000
060849,力成國票9A購01  ,0,0,0,0,0,0,0,0,0,8000,0,0,0,62000,54000,8000,8000
060065,大立光兆豐9B購01,0,0,0,0,0,0,0,0,0,8000,0,0,0,10000,2000,8000,8000
060174,T50反1元富04購01,0,0,0,0,0,0,0,0,0,8000,0,0,0,18000,10000,8000,8000
059515,牧德永豐99購01  ,0,0,0,0,0,0,0,0,0,8000,0,0,0,29000,21000,8000,8000
059474,元石油群益99購01,0,0,0,0,0,0,0,0,0,8000,0,0,0,14000,6000,8000,8000
064544,國巨凱基9C購09  ,0,0,0,0,0,0,0,0,0,8000,0,0,0,18000,10000,8000,8000
064191,聯發科中信03購01,0,0,0,0,0,0,0,0,0,8000,0,0,0,36000,28000,8000,8000
064035,GIS元大9C購03   ,0,0,0,0,0,0,0,0,0,8000,0,0,0,16000,8000,8000,8000
063991,南六永豐9C購02  ,0,0,0,0,0,0,0,0,0,8000,0,0,0,21000,13000,8000,8000
063528,元大金凱基9B購01,0,0,0,0,0,0,0,0,0,8000,0,0,0,68000,60000,8000,8000
063440,上銀統一01購02  ,0,0,0,0,0,0,0,0,0,8000,0,0,0,80000,72000,8000,8000
065777,正崴國泰03購01  ,0,0,0,0,0,0,0,0,0,8000,0,0,0,8000,0,8000,8000
065739,正崴麥證9C購01  ,0,0,0,8000,0,8000,0,0,0,8000,0,0,0,8000,0,8000,8000
064737,中石化國票01購01,0,0,0,0,0,0,0,0,0,8000,0,0,0,28000,20000,8000,8000
064852,智邦台新9C購04  ,0,0,0,0,0,0,0,0,0,8000,0,0,0,8000,0,8000,8000
065015,上証2X富邦01購01,0,0,0,0,0,0,0,0,0,8000,0,0,0,18000,10000,8000,8000
065318,聯電凱基9C購03  ,0,0,0,0,0,0,0,0,0,8000,0,0,0,61000,53000,8000,8000
065244,聯發科兆豐9C購05,0,0,0,0,0,0,0,0,0,8000,0,0,0,8000,0,8000,8000
065051,和碩凱基02購01  ,0,0,0,0,0,0,0,0,0,8000,0,0,0,70000,62000,8000,8000
5203,訊連            ,80000,79000,1000,0,0,0,0,0,0,7000,7000,0,7000,0,0,0,8000
2891B,中信金乙特      ,0,0,0,0,0,0,0,0,0,8000,8000,0,8000,0,0,0,8000
08621P,景碩群益9C售01  ,0,0,0,0,0,0,0,0,0,7000,0,0,0,108000,101000,7000,7000
06999P,玉晶光國票9B售01,0,0,0,0,0,0,0,0,0,7000,0,0,0,197000,190000,7000,7000
06932P,大立光元大98售21,0,0,0,0,0,0,0,0,0,7000,0,0,0,7000,0,7000,7000
06682P,玉晶光元大99售08,0,0,0,0,0,0,0,0,0,7000,0,0,0,7000,0,7000,7000
066976,台達電群益01購01,0,0,0,0,0,0,0,0,0,7000,0,0,0,7000,0,7000,7000
066744,和碩元大01購02  ,0,0,0,0,0,0,0,0,0,7000,0,0,0,72000,65000,7000,7000
062474,台表科凱基9C購01,0,0,0,0,0,0,0,0,0,7000,0,0,0,19000,12000,7000,7000
058102,楠梓電永豐98購04,0,0,0,0,0,0,0,0,0,7000,0,0,0,7000,0,7000,7000
058068,旺宏凱基98購11  ,0,0,0,0,0,0,0,0,0,7000,0,0,0,7000,0,7000,7000
058061,貿聯元富9B購01  ,0,0,0,0,0,0,0,0,0,7000,0,0,0,130000,123000,7000,7000
058385,創意中信99購01  ,0,0,0,0,0,0,0,0,0,7000,0,0,0,7000,0,7000,7000
058776,台積電國票9A購03,0,0,0,0,0,0,0,0,0,7000,0,0,0,17000,10000,7000,7000
058783,臺股指國票99購02,0,0,0,0,0,0,0,0,0,7000,0,0,0,10000,3000,7000,7000
057994,技嘉中信98購01  ,0,0,0,0,0,0,0,0,0,7000,0,0,0,10000,3000,7000,7000
056909,嘉聯益元大99購03,0,0,0,0,0,0,0,0,0,7000,0,0,0,7000,0,7000,7000
058885,元石油元大9C購02,0,0,0,0,0,0,0,0,0,7000,0,0,0,9000,2000,7000,7000
054630,聯鈞凱基98購01  ,0,0,0,0,0,0,0,0,0,7000,0,0,0,10000,3000,7000,7000
056252,聯發科兆豐97購03,0,0,0,0,0,0,0,0,0,7000,0,0,0,7000,0,7000,7000
056187,京鼎統一97購01  ,0,0,0,0,0,0,0,0,0,7000,0,0,0,7000,0,7000,7000
039212,台達電台新9A購01,0,0,0,0,0,0,0,0,0,7000,0,0,0,7000,0,7000,7000
020008,元大特股高息N   ,0,0,0,0,0,0,0,0,0,7000,0,0,0,7000,0,7000,7000
01009T,王道圓滿R1      ,0,0,0,0,0,0,0,0,0,7000,7000,0,7000,0,0,0,7000
056432,鴻海凱基98購08  ,0,0,0,0,0,0,0,0,0,7000,0,0,0,20000,13000,7000,7000
051907,台積電元大97購05,0,0,0,0,0,0,0,0,0,7000,0,0,0,7000,0,7000,7000
061627,台表科群益9A購01,0,0,0,0,0,0,0,0,0,7000,0,0,0,7000,0,7000,7000
059076,FBVIX元大99購04 ,0,0,0,0,0,0,0,0,0,7000,0,0,0,7000,0,7000,7000
061795,智邦永豐9B購01  ,0,0,0,0,0,0,0,0,0,7000,0,0,0,25000,18000,7000,7000
061840,長榮航凱基9C購01,0,0,0,0,0,0,0,0,0,7000,0,0,0,11000,4000,7000,7000
059203,勤誠永豐99購02  ,0,0,0,0,0,0,0,0,0,7000,0,0,0,30000,23000,7000,7000
062628,廣達國票9B購01  ,0,0,0,0,0,0,0,0,0,7000,0,0,0,10000,3000,7000,7000
062647,南電國泰9C購02  ,0,0,0,0,0,0,0,0,0,7000,0,0,0,39000,32000,7000,7000
061162,南電群益9A購02  ,0,0,0,0,0,0,0,0,0,7000,0,0,0,7000,0,7000,7000
062804,玉晶光統一9C購04,0,0,0,0,0,0,0,0,0,7000,0,0,0,10000,3000,7000,7000
062700,台光電元大9B購05,0,0,0,0,0,0,0,0,0,7000,0,0,0,30000,23000,7000,7000
063018,聯發科元大9B購14,0,0,0,0,0,0,0,0,0,7000,0,0,0,10000,3000,7000,7000
062993,華新科群益9B購05,0,0,0,0,0,0,0,0,0,7000,0,0,0,10000,3000,7000,7000
065098,致伸元大9C購02  ,0,0,0,0,0,0,0,0,0,7000,0,0,0,72000,65000,7000,7000
064979,華擎元大9C購04  ,0,0,0,0,0,0,0,0,0,7000,0,0,0,152000,145000,7000,7000
065752,正崴元大9C購01  ,0,0,0,0,0,0,0,0,0,7000,0,0,0,30000,23000,7000,7000
065822,緯創台新9C購01  ,0,0,0,0,0,0,0,0,0,7000,0,0,0,18000,11000,7000,7000
065835,台灣50元大9C購52,0,0,0,0,0,0,0,0,0,7000,0,0,0,7000,0,7000,7000
065937,大毅群益02購01  ,0,0,0,0,0,0,0,0,0,7000,0,0,0,7000,0,7000,7000
065384,南電元大9C購07  ,0,0,0,0,0,0,0,0,0,7000,0,0,0,53000,46000,7000,7000
063693,智易永豐9B購02  ,0,0,0,0,0,0,0,0,0,7000,0,0,0,57000,50000,7000,7000
063579,GIS元大9C購01   ,0,0,0,0,0,0,0,0,0,7000,0,0,0,15000,8000,7000,7000
064013,創意國票01購01  ,0,0,0,0,0,0,0,0,0,7000,0,0,0,14000,7000,7000,7000
063804,華邦電兆豐01購01,0,0,0,0,0,0,0,0,0,7000,0,0,0,9000,2000,7000,7000
063763,上銀元富9B購07  ,0,0,0,0,0,0,0,0,0,7000,0,0,0,7000,0,7000,7000
064232,鴻海統一01購04  ,0,0,0,0,0,0,0,0,0,7000,0,0,0,27000,20000,7000,7000
064571,帆宣群益9C購01  ,0,0,0,0,0,0,0,0,0,7000,0,0,0,24000,17000,7000,7000
064710,元金2X統一03購01,0,0,0,0,0,0,0,0,0,7000,0,0,0,7000,0,7000,7000
064673,南茂元大9C購01  ,0,0,0,0,0,0,0,0,0,7000,0,0,0,112000,105000,7000,7000
2908,特力            ,40000,29000,11000,0,0,0,0,0,0,-4000,0,4000,-4000,0,0,0,7000
6184,大豐電          ,11000,4000,7000,0,0,0,0,0,0,0,0,0,0,0,0,0,7000
910861,神州-DR         ,27000,20000,7000,0,0,0,0,0,0,0,0,0,0,0,0,0,7000
9925,新保            ,16000,9000,7000,0,0,0,0,0,0,0,0,0,0,0,0,0,7000
1590,亞德客-KY       ,279720,233000,46720,0,0,0,0,0,0,-40000,0,5000,-5000,3000,38000,-35000,6720
08648P,健策凱基9C售05  ,0,0,0,0,0,0,0,0,0,6000,0,0,0,158000,152000,6000,6000
08629P,緯創凱基9C售02  ,0,0,0,0,0,0,0,0,0,6000,0,0,0,22000,16000,6000,6000
08471P,日月光凱基9C售02,0,0,0,0,0,0,0,0,0,6000,0,0,0,66000,60000,6000,6000
07274P,上証2X群益01售01,0,0,0,0,0,0,0,0,0,6000,0,0,0,33000,27000,6000,6000
07544P,大立光凱基9A售09,0,0,0,0,0,0,0,0,0,6000,0,0,0,11000,5000,6000,6000
08067P,大立光凱基9B售08,0,0,0,0,0,0,0,0,0,6000,0,0,0,15000,9000,6000,6000
066838,致新群益02購02  ,0,0,0,0,0,0,0,0,0,6000,0,0,0,6000,0,6000,6000
06847P,奇力新元大98售05,0,0,0,0,0,0,0,0,0,6000,0,0,0,6000,0,6000,6000
066096,友訊中信05購02  ,0,0,0,0,0,0,0,0,0,6000,0,0,0,6000,0,6000,6000
066408,致新凱基01購02  ,0,0,0,0,0,0,0,0,0,6000,0,0,0,6000,0,6000,6000
066496,大立光國泰03購01,0,0,0,0,0,0,0,0,0,6000,0,0,0,16000,10000,6000,6000
066460,智原統一03購01  ,0,0,0,0,0,0,0,0,0,6000,0,0,0,51000,45000,6000,6000
052695,台表科中信98購01,0,0,0,0,0,0,0,0,0,6000,0,0,0,6000,0,6000,6000
046793,聯發科元富99購01,0,0,0,0,0,0,0,0,0,6000,0,0,0,6000,0,6000,6000
01001T,土銀富邦R1      ,10000,0,10000,0,0,0,0,0,0,-4000,0,4000,-4000,0,0,0,6000
00865B,國泰US短期公債  ,0,0,0,0,0,0,0,0,0,6000,0,0,0,106000,100000,6000,6000
00685L,群益臺灣加權正2 ,0,0,0,0,0,0,0,0,0,6000,0,0,0,59000,53000,6000,6000
00735,國泰臺韓科技    ,0,40000,-40000,0,0,0,0,0,0,46000,0,0,0,191000,145000,46000,6000
054138,晶技元大98購02  ,0,0,0,0,0,0,0,0,0,6000,0,0,0,6000,0,6000,6000
054511,香港反元大98購01,0,0,0,0,0,0,0,0,0,6000,0,0,0,6000,0,6000,6000
056118,聯詠群益97購03  ,0,0,0,0,0,0,0,0,0,6000,0,0,0,49000,43000,6000,6000
056721,台灣50永昌9A購01,0,0,0,0,0,0,0,0,0,6000,0,0,0,16000,10000,6000,6000
058363,全新凱基9A購02  ,0,0,0,0,0,0,0,0,0,6000,0,0,0,20000,14000,6000,6000
057780,台郡群益98購02  ,0,0,0,0,0,0,0,0,0,6000,0,0,0,21000,15000,6000,6000
057625,泰鼎國泰9A購01  ,0,0,0,0,0,0,0,0,0,6000,0,0,0,6000,0,6000,6000
058775,台積電國票9A購02,0,0,0,0,0,0,0,0,0,6000,0,0,0,13000,7000,6000,6000
058601,台積電元大99購10,0,0,0,0,0,0,0,0,0,6000,0,0,0,6000,0,6000,6000
058433,台積電統一9B購04,0,0,0,0,0,0,0,0,0,6000,0,0,0,10000,4000,6000,6000
062482,台表科國票9B購01,0,0,0,0,0,0,0,0,0,6000,0,0,0,13000,7000,6000,6000
062520,晶豪科元大9B購02,0,0,0,0,0,0,0,0,0,6000,0,0,0,56000,50000,6000,6000
062368,聯詠元大9B購01  ,0,0,0,0,0,0,0,0,0,6000,0,0,0,10000,4000,6000,6000
058810,國巨統一9B購04  ,0,0,0,0,0,0,0,0,0,6000,0,0,0,6000,0,6000,6000
062266,世紀鋼元大9B購02,0,0,0,0,0,0,0,0,0,6000,0,0,0,6000,0,6000,6000
062272,鴻海群益9B購05  ,0,0,0,0,0,0,0,0,0,6000,0,0,0,63000,57000,6000,6000
063092,聯發科中信9B購03,0,0,0,0,0,0,0,0,0,6000,0,0,0,10000,4000,6000,6000
062037,華新凱基9B購01  ,0,0,0,0,0,0,0,0,0,6000,0,0,0,6000,0,6000,6000
063163,京元電永豐9B購01,0,0,0,0,0,0,0,0,0,6000,0,0,0,30000,24000,6000,6000
063284,大立光元大9B購07,0,0,0,0,0,0,0,0,0,6000,0,0,0,7000,1000,6000,6000
063312,台積電群益9B購07,0,0,0,0,0,0,0,0,0,6000,0,0,0,13000,7000,6000,6000
061176,聯發科凱基9A購14,0,0,0,0,0,0,0,0,0,6000,0,0,0,6000,0,6000,6000
061043,百和永豐9A購01  ,0,0,0,0,0,0,0,0,0,6000,0,0,0,7000,1000,6000,6000
061772,健策元大9B購06  ,0,0,0,0,0,0,0,0,0,6000,0,0,0,13000,7000,6000,6000
061456,玉晶光凱基9B購05,0,0,0,0,0,0,0,0,0,6000,0,0,0,6000,0,6000,6000
061431,鈺齊元大9A購01  ,0,0,0,0,0,0,0,0,0,6000,0,0,0,6000,0,6000,6000
060247,牧德元大9A購02  ,0,0,0,0,0,0,0,0,0,6000,0,0,0,13000,7000,6000,6000
060253,昇陽半元大9C購01,0,0,0,0,0,0,0,0,0,6000,0,0,0,7000,1000,6000,6000
059817,華通凱基99購05  ,0,0,0,0,0,0,0,0,0,6000,0,0,0,6000,0,6000,6000
059788,華新科元大9A購05,0,0,0,0,0,0,0,0,0,6000,0,0,0,6000,0,6000,6000
059782,A50正2元大9C購04,0,0,0,0,0,0,0,0,0,6000,0,0,0,6000,0,6000,6000
059732,超眾元大9A購01  ,0,0,0,0,0,0,0,0,0,6000,0,0,0,22000,16000,6000,6000
059344,長榮航凱基99購01,0,0,0,0,0,0,0,0,0,6000,0,0,0,6000,0,6000,6000
060870,旭富群益9A購01  ,0,0,0,0,0,0,0,0,0,6000,0,0,0,6000,0,6000,6000
060097,華新科元大99購23,0,0,0,0,0,0,0,0,0,6000,0,0,0,61000,55000,6000,6000
06082P,華通統一98售01  ,0,0,0,0,0,0,0,0,0,6000,0,0,0,17000,11000,6000,6000
062161,南六凱基9C購01  ,0,0,0,0,0,0,0,0,0,6000,0,0,0,6000,0,6000,6000
062150,南六國票9B購01  ,0,0,0,0,0,0,0,0,0,6000,0,0,0,21000,15000,6000,6000
062547,玉晶光永豐9B購05,0,0,0,0,0,0,0,0,0,6000,0,0,0,42000,36000,6000,6000
060922,金像電永豐9A購01,0,0,0,0,0,0,0,0,0,6000,0,0,0,174000,168000,6000,6000
059459,訊芯永豐99購04  ,0,0,0,0,0,0,0,0,0,6000,0,0,0,6000,0,6000,6000
064519,聯詠群益9C購01  ,0,0,0,0,0,0,0,0,0,6000,0,0,0,25000,19000,6000,6000
064431,台積電凱基01購05,0,0,0,0,0,0,0,0,0,6000,0,0,0,6000,0,6000,6000
063808,台表科兆豐9C購01,0,0,0,0,0,0,0,0,0,6000,0,0,0,246000,240000,6000,6000
063876,華新元富9C購01  ,0,0,0,0,0,0,0,0,0,6000,0,0,0,161000,155000,6000,6000
063818,矽創群益9C購01  ,0,0,0,0,0,0,0,0,0,6000,0,0,0,67000,61000,6000,6000
063947,大毅元大9C購02  ,0,0,0,0,0,0,0,0,0,6000,0,0,0,94000,88000,6000,6000
063544,華新科台新9B購02,0,0,0,0,0,0,0,0,0,6000,0,0,0,6000,0,6000,6000
063680,寶成富邦9C購01  ,0,0,0,0,0,0,0,0,0,6000,0,0,0,6000,0,6000,6000
063463,瑞昱元大9B購05  ,0,0,0,0,0,0,0,0,0,6000,0,0,0,6000,0,6000,6000
065695,友訊群益01購02  ,0,0,0,0,0,0,0,0,0,6000,0,0,0,6000,0,6000,6000
065596,鴻海元大9C購16  ,0,0,0,0,0,0,0,0,0,6000,0,0,0,22000,16000,6000,6000
064800,鴻海元大9C購12  ,0,0,0,0,0,0,0,0,0,6000,0,0,0,14000,8000,6000,6000
065370,瑞昱元大9C購02  ,0,0,0,0,0,0,0,0,0,6000,0,0,0,6000,0,6000,6000
5706,鳳凰            ,11000,5000,6000,0,0,0,0,0,0,0,0,0,0,0,0,0,6000
3588,通嘉            ,456000,450000,6000,0,0,0,0,0,0,0,0,0,0,0,0,0,6000
2444,兆勁            ,9000,3000,6000,0,0,0,0,0,0,0,0,0,0,0,0,0,6000
2430,燦坤            ,15000,9000,6000,0,0,0,0,0,0,0,0,0,0,0,0,0,6000
06724P,台灣50國票98售01,0,0,0,0,0,0,0,0,0,5000,0,0,0,5000,0,5000,5000
06728P,全新元大98售03  ,0,0,0,0,0,0,0,0,0,5000,0,0,0,5000,0,5000,5000
067000,滬深2X永豐01購02,0,0,0,0,0,0,0,0,0,5000,0,0,0,5000,0,5000,5000
07181P,臺股指凱基99售23,0,0,0,0,0,0,0,0,0,5000,0,0,0,5000,0,5000,5000
07174P,臺股指國票99售11,0,0,0,0,0,0,0,0,0,5000,0,0,0,5000,0,5000,5000
066681,聯發科兆豐01購04,0,0,0,0,0,0,0,0,0,5000,0,0,0,21000,16000,5000,5000
07974P,上証2X元大9B售02,0,0,0,0,0,0,0,0,0,5000,0,0,0,270000,265000,5000,5000
08115P,聯發科凱基9B售13,0,0,0,0,0,0,0,0,0,5000,0,0,0,64000,59000,5000,5000
08289P,智邦統一9C售01  ,0,0,0,0,0,0,0,0,0,5000,0,0,0,10000,5000,5000,5000
07539P,玉山金台新9A售01,0,0,0,0,0,0,0,0,0,5000,0,0,0,5000,0,5000,5000
07595P,台灣50中信03售07,0,0,0,0,0,0,0,0,0,5000,0,0,0,5000,0,5000,5000
07577P,華新科元大9A售09,0,0,0,0,0,0,0,0,0,5000,0,0,0,5000,0,5000,5000
08505P,臺股指國票9C售07,0,0,0,0,0,0,0,0,0,5000,0,0,0,7000,2000,5000,5000
08420P,國巨群益9C售12  ,0,0,0,0,0,0,0,0,0,5000,0,0,0,5000,0,5000,5000
08636P,華通國票01售03  ,0,0,0,0,0,0,0,0,0,5000,0,0,0,19000,14000,5000,5000
08618P,國巨群益9C售20  ,0,0,0,0,0,0,0,0,0,5000,0,0,0,10000,5000,5000,5000
08685P,南電凱基01售03  ,0,0,0,0,0,0,0,0,0,5000,0,0,0,156000,151000,5000,5000
062378,台表科元大9C購01,0,0,0,0,0,0,0,0,0,5000,0,0,0,5000,0,5000,5000
057729,華新科國泰99購04,0,0,0,0,0,0,0,0,0,5000,0,0,0,5000,0,5000,5000
058095,昇陽半元大98購03,0,0,0,0,0,0,0,0,0,5000,0,0,0,5000,0,5000,5000
058591,台灣50統一9B購02,0,0,0,0,0,0,0,0,0,5000,0,0,0,5000,0,5000,5000
058438,大立光統一9B購01,0,0,0,0,0,0,0,0,0,5000,0,0,0,20000,15000,5000,5000
058725,美律富邦9A購01  ,0,0,0,0,0,0,0,0,0,5000,0,0,0,5000,0,5000,5000
057572,明泰永豐98購01  ,0,0,0,0,0,0,0,0,0,5000,0,0,0,5000,0,5000,5000
057565,可成富邦99購01  ,0,0,0,0,0,0,0,0,0,5000,0,0,0,5000,0,5000,5000
057936,健策群益99購01  ,0,0,0,0,0,0,0,0,0,5000,0,0,0,9000,4000,5000,5000
057955,技嘉元大98購07  ,0,0,0,0,0,0,0,0,0,5000,0,0,0,45000,40000,5000,5000
057962,超眾元大99購03  ,0,0,0,0,0,0,0,0,0,5000,0,0,0,10000,5000,5000,5000
058557,健策第一01購01  ,0,0,0,0,0,0,0,0,0,5000,0,0,0,5000,0,5000,5000
056910,超眾元大99購02  ,0,0,0,0,0,0,0,0,0,5000,0,0,0,5000,0,5000,5000
056955,台灣50永豐98購01,0,0,0,0,0,0,0,0,0,5000,0,0,0,5000,0,5000,5000
057084,立積統一9B購01  ,0,0,0,0,0,0,0,0,0,5000,0,0,0,5000,0,5000,5000
056694,欣興群益98購04  ,0,0,0,0,0,0,0,0,0,5000,0,0,0,5000,0,5000,5000
057355,彩晶統一98購03  ,0,0,0,0,0,0,0,0,0,5000,0,0,0,10000,5000,5000,5000
057414,華新科日盛9A購01,0,0,0,0,0,0,0,0,0,5000,0,0,0,5000,0,5000,5000
058926,勤誠元富99購01  ,0,0,0,0,0,0,0,0,0,5000,0,0,0,5000,0,5000,5000
058964,群創兆豐99購01  ,0,0,0,0,0,0,0,0,0,5000,0,0,0,5000,0,5000,5000
056104,義隆永豐97購01  ,0,0,0,0,0,0,0,0,0,5000,0,0,0,5000,0,5000,5000
056012,勤誠中信99購01  ,0,0,0,0,0,0,0,0,0,5000,0,0,0,5000,0,5000,5000
055962,晶豪科元大97購02,0,0,0,0,0,0,0,0,0,5000,0,0,0,5000,0,5000,5000
03682C,臺股指凱基9C牛07,0,0,0,0,0,0,0,0,0,5000,0,0,0,5000,0,5000,5000
03047X,元展44          ,0,0,0,0,0,0,0,0,0,5000,0,0,0,5000,0,5000,5000
053316,友達群益9A購01  ,0,0,0,0,0,0,0,0,0,5000,0,0,0,10000,5000,5000,5000
054383,傳奇群益97購01  ,0,0,0,0,0,0,0,0,0,5000,0,0,0,5000,0,5000,5000
056408,奇鋐國票99購01  ,0,0,0,0,0,0,0,0,0,5000,0,0,0,26000,21000,5000,5000
055265,玉晶光永豐98購03,0,0,0,0,0,0,0,0,0,5000,0,0,0,250000,245000,5000,5000
055417,健策富邦98購02  ,0,0,0,0,0,0,0,0,0,5000,0,0,0,5000,0,5000,5000
056541,智原凱基98購03  ,0,0,0,0,0,0,0,0,0,5000,0,0,0,10000,5000,5000,5000
059524,FBVIX凱基9A購02 ,0,0,0,0,0,0,0,0,0,5000,0,0,0,5000,0,5000,5000
061662,瑞儀永豐9A購02  ,0,0,0,0,0,0,0,0,0,5000,0,0,0,20000,15000,5000,5000
060226,道瓊反元大9A購01,0,0,0,0,0,0,0,0,0,5000,0,0,0,5000,0,5000,5000
062552,南電永豐9B購01  ,0,0,0,0,0,0,0,0,0,5000,0,0,0,5000,0,5000,5000
062564,矽創凱基9B購01  ,0,0,0,0,0,0,0,0,0,5000,0,0,0,15000,10000,5000,5000
060190,國泰金元富9A購01,0,0,0,0,0,0,0,0,0,5000,0,0,0,5000,0,5000,5000
059128,友達中信99購02  ,0,0,0,0,0,0,0,0,0,5000,0,0,0,10000,5000,5000,5000
062117,燿華中信9B購01  ,0,0,0,0,0,0,0,0,0,5000,0,0,0,5000,0,5000,5000
059415,台灣50元大9A購03,0,0,0,0,0,0,0,0,0,5000,0,0,0,5000,0,5000,5000
059902,滬深2X元大9C購08,0,0,0,0,0,0,0,0,0,5000,0,0,0,5000,0,5000,5000
059218,台積電元大99購31,0,0,0,0,0,0,0,0,0,5000,0,0,0,5000,0,5000,5000
059172,台郡凱基99購03  ,0,0,0,0,0,0,0,0,0,5000,0,0,0,15000,10000,5000,5000
060260,京鼎凱基9C購01  ,0,0,0,0,0,0,0,0,0,5000,0,0,0,5000,0,5000,5000
060701,玉晶光國泰9C購01,0,0,0,0,0,0,0,0,0,5000,0,0,0,5000,0,5000,5000
061380,巨大永豐9A購02  ,0,0,0,0,0,0,0,0,0,5000,0,0,0,5000,0,5000,5000
061723,嘉聯益永豐9A購03,0,0,0,0,0,0,0,0,0,5000,0,0,0,5000,0,5000,5000
061119,國巨永豐9A購03  ,0,0,0,0,0,0,0,0,0,5000,0,0,0,5000,0,5000,5000
061499,嘉晶國票9A購03  ,0,0,0,0,0,0,0,0,0,5000,0,0,0,33000,28000,5000,5000
061016,可成麥證9A購01  ,0,0,0,5000,0,5000,0,0,0,5000,0,0,0,5000,0,5000,5000
062676,南六台新9B購01  ,0,0,0,0,0,0,0,0,0,5000,0,0,0,87000,82000,5000,5000
061069,嘉聯益凱基9A購01,0,0,0,0,0,0,0,0,0,5000,0,0,0,44000,39000,5000,5000
060342,台積電統一02購01,0,0,0,0,0,0,0,0,0,5000,0,0,0,25000,20000,5000,5000
060376,瑞祺元富9A購01  ,0,0,0,0,0,0,0,0,0,5000,0,0,0,5000,0,5000,5000
063300,華通凱基9B購05  ,0,0,0,0,0,0,0,0,0,5000,0,0,0,5000,0,5000,5000
062927,同欣電國票9B購02,0,0,0,0,0,0,0,0,0,5000,0,0,0,25000,20000,5000,5000
062936,鴻海凱基9B購07  ,0,0,0,0,0,0,0,0,0,5000,0,0,0,100000,95000,5000,5000
062940,華新科凱基9C購02,0,0,0,0,0,0,0,0,0,5000,0,0,0,5000,0,5000,5000
062948,台積電富邦01購02,0,0,0,0,0,0,0,0,0,5000,0,0,0,5000,0,5000,5000
063220,建準群益9B購01  ,0,0,0,0,0,0,0,0,0,5000,0,0,0,5000,0,5000,5000
063223,牧德群益9B購04  ,0,0,0,0,0,0,0,0,0,5000,0,0,0,15000,10000,5000,5000
063212,聯發科國票9C購02,0,0,0,0,0,0,0,0,0,5000,0,0,0,5000,0,5000,5000
062970,智邦元富9B購01  ,0,0,0,0,0,0,0,0,0,5000,0,0,0,5000,0,5000,5000
063048,聯詠兆豐9B購01  ,0,0,0,0,0,0,0,0,0,5000,0,0,0,5000,0,5000,5000
062879,美食兆豐9B購01  ,0,0,0,0,0,0,0,0,0,5000,0,0,0,5000,0,5000,5000
061916,元金2X凱基02購01,0,0,0,0,0,0,0,0,0,5000,0,0,0,10000,5000,5000,5000
065052,南六凱基02購02  ,0,0,0,0,0,0,0,0,0,5000,0,0,0,60000,55000,5000,5000
065070,臺股指群益9C購18,0,0,0,0,0,0,0,0,0,5000,0,0,0,5000,0,5000,5000
064782,健策群益9C購02  ,0,0,0,0,0,0,0,0,0,5000,0,0,0,73000,68000,5000,5000
064862,創意富邦03購01  ,0,0,0,0,0,0,0,0,0,5000,0,0,0,5000,0,5000,5000
065637,台灣50元大9C購50,0,0,0,0,0,0,0,0,0,5000,0,0,0,5000,0,5000,5000
065487,臺股指元大9C購25,0,0,0,0,0,0,0,0,0,5000,0,0,0,5000,0,5000,5000
065833,中租凱基02購01  ,0,0,0,0,0,0,0,0,0,5000,0,0,0,15000,10000,5000,5000
065840,國巨元大03購01  ,0,0,0,0,0,0,0,0,0,5000,0,0,0,7000,2000,5000,5000
063504,國巨群益9C購06  ,0,0,0,0,0,0,0,0,0,5000,0,0,0,10000,5000,5000,5000
063653,儒鴻元富9B購01  ,0,0,0,0,0,0,0,0,0,5000,0,0,0,188000,183000,5000,5000
063747,國巨國票9C購06  ,0,0,0,0,0,0,0,0,0,5000,0,0,0,14000,9000,5000,5000
064419,鴻海兆豐9C購01  ,0,0,0,0,0,0,0,0,0,5000,0,0,0,10000,5000,5000,5000
064413,世紀鋼凱基02購01,0,0,0,0,0,0,0,0,0,5000,0,0,0,10000,5000,5000,5000
064563,全新群益02購01  ,0,0,0,0,0,0,0,0,0,5000,0,0,0,5000,0,5000,5000
064687,國巨群益9C購10  ,0,0,0,0,0,0,0,0,0,5000,0,0,0,40000,35000,5000,5000
064657,和大元大9C購02  ,0,0,0,0,0,0,0,0,0,5000,0,0,0,25000,20000,5000,5000
064669,健策元大01購03  ,0,0,0,0,0,0,0,0,0,5000,0,0,0,22000,17000,5000,5000
064702,百和群益01購01  ,0,0,0,0,0,0,0,0,0,5000,0,0,0,20000,15000,5000,5000
064184,矽格富邦02購01  ,0,0,0,0,0,0,0,0,0,5000,0,0,0,194000,189000,5000,5000
064103,大立光群益9C購03,0,0,0,0,0,0,0,0,0,5000,0,0,0,45000,40000,5000,5000
064281,大立光元大9C購12,0,0,0,0,0,0,0,0,0,5000,0,0,0,5000,0,5000,5000
064336,可成元大9C購06  ,0,0,0,0,0,0,0,0,0,5000,0,0,0,28000,23000,5000,5000
06438P,玉晶光國票99售02,0,0,0,0,0,0,0,0,0,5000,0,0,0,25000,20000,5000,5000
2748,雲品            ,6000,1000,5000,0,0,0,0,0,0,0,0,0,0,0,0,0,5000
3679,新至陞          ,8000,3000,5000,0,0,0,0,0,0,0,0,0,0,0,0,0,5000
6133,金橋            ,5000,0,5000,0,0,0,0,0,0,0,0,0,0,0,0,0,5000
6277,宏正            ,26000,26000,0,0,0,0,0,0,0,5000,5000,0,5000,0,0,0,5000
6216,居易            ,6000,1000,5000,0,0,0,0,0,0,0,0,0,0,0,0,0,5000
4572,駐龍            ,7000,2000,5000,0,0,0,0,0,0,0,0,0,0,0,0,0,5000
6581,鋼聯            ,9000,4000,5000,0,0,0,0,0,0,0,0,0,0,0,0,0,5000
8101,華冠            ,5000,0,5000,0,0,0,0,0,0,0,0,0,0,0,0,0,5000
1786,科妍            ,21000,19000,2000,0,0,0,0,0,0,2000,4000,2000,2000,0,0,0,4000
07929P,旺宏統一9B售07  ,0,0,0,0,0,0,0,0,0,4000,0,0,0,4000,0,4000,4000
08077P,亞德客國票9B售02,0,0,0,0,0,0,0,0,0,4000,0,0,0,4000,0,4000,4000
067002,生達永豐01購02  ,0,0,0,0,0,0,0,0,0,4000,0,0,0,10000,6000,4000,4000
06710P,臺股指台新99售07,0,0,0,0,0,0,0,0,0,4000,0,0,0,4000,0,4000,4000
06653P,美食元大98售02  ,0,0,0,0,0,0,0,0,0,4000,0,0,0,10000,6000,4000,4000
066063,南電元大01購04  ,0,0,0,0,0,0,0,0,0,4000,0,0,0,54000,50000,4000,4000
055244,國巨統一98購01  ,0,0,0,0,0,0,0,0,0,4000,0,0,0,4000,0,4000,4000
052766,玉晶光群益9A購01,0,0,0,0,0,0,0,0,0,4000,0,0,0,4000,0,4000,4000
046942,友達元大99購01  ,0,0,0,0,0,0,0,0,0,4000,0,0,0,6000,2000,4000,4000
03680C,臺股指凱基9A牛26,0,0,0,0,0,0,0,0,0,4000,0,0,0,5000,1000,4000,4000
054192,國巨中信98購01  ,0,0,0,0,0,0,0,0,0,4000,0,0,0,4000,0,4000,4000
053860,台積電元大98購03,0,0,0,0,0,0,0,0,0,4000,0,0,0,35000,31000,4000,4000
0055,元大MSCI金融    ,0,0,0,0,0,0,0,0,0,4000,0,0,0,4000,0,4000,4000
058984,全新凱基9A購03  ,0,0,0,0,0,0,0,0,0,4000,0,0,0,4000,0,4000,4000
056771,嘉晶元大99購01  ,0,0,0,0,0,0,0,0,0,4000,0,0,0,8000,4000,4000,4000
057102,亞光中信9A購01  ,0,0,0,0,0,0,0,0,0,4000,0,0,0,14000,10000,4000,4000
058342,鴻海群益9A購01  ,0,0,0,0,0,0,0,0,0,4000,0,0,0,72000,68000,4000,4000
057919,技嘉凱基98購03  ,0,0,0,0,0,0,0,0,0,4000,0,0,0,68000,64000,4000,4000
057904,矽力永豐98購01  ,0,0,0,0,0,0,0,0,0,4000,0,0,0,4000,0,4000,4000
057595,健鼎兆豐98購01  ,0,0,0,0,0,0,0,0,0,4000,0,0,0,14000,10000,4000,4000
057189,康控元大98購02  ,0,0,0,0,0,0,0,0,0,4000,0,0,0,5000,1000,4000,4000
058693,旭富國票9A購01  ,0,0,0,0,0,0,0,0,0,4000,0,0,0,44000,40000,4000,4000
058654,鴻海中信03購01  ,0,0,0,0,0,0,0,0,0,4000,0,0,0,14000,10000,4000,4000
057708,臺股指群益98購08,0,0,0,0,0,0,0,0,0,4000,0,0,0,4000,0,4000,4000
059992,S&P正2元富9B購04,0,0,0,0,0,0,0,0,0,4000,0,0,0,4000,0,4000,4000
062231,台光電麥證9C購01,0,0,0,4000,0,4000,0,0,0,4000,0,0,0,4000,0,4000,4000
062841,臺股指群益9B購08,0,0,0,0,0,0,0,0,0,4000,0,0,0,7000,3000,4000,4000
063042,同欣電凱基9C購01,0,0,0,0,0,0,0,0,0,4000,0,0,0,5000,1000,4000,4000
062981,祥碩元富9B購01  ,0,0,0,0,0,0,0,0,0,4000,0,0,0,4000,0,4000,4000
062989,鴻海群益9B購07  ,0,0,0,0,0,0,0,0,0,4000,0,0,0,4000,0,4000,4000
062069,喬山元大9B購01  ,0,0,0,0,0,0,0,0,0,4000,0,0,0,4000,0,4000,4000
063012,技嘉元大9B購01  ,0,0,0,0,0,0,0,0,0,4000,0,0,0,27000,23000,4000,4000
063245,富邦金元大9B購03,0,0,0,0,0,0,0,0,0,4000,0,0,0,68000,64000,4000,4000
063355,超眾元富9B購01  ,0,0,0,0,0,0,0,0,0,4000,0,0,0,4000,0,4000,4000
061259,台積電凱基9A購21,0,0,0,0,0,0,0,0,0,4000,0,0,0,4000,0,4000,4000
062711,台表科元大9B購05,0,0,0,0,0,0,0,0,0,4000,0,0,0,4000,0,4000,4000
062724,可成凱基9B購04  ,0,0,0,0,0,0,0,0,0,4000,0,0,0,7000,3000,4000,4000
061139,玉晶光統一9C購02,0,0,0,0,0,0,0,0,0,4000,0,0,0,6000,2000,4000,4000
061698,智邦國票9A購04  ,0,0,0,0,0,0,0,0,0,4000,0,0,0,4000,0,4000,4000
061360,智邦兆豐9B購02  ,0,0,0,0,0,0,0,0,0,4000,0,0,0,4000,0,4000,4000
061447,鴻海中信04購02  ,0,0,0,0,0,0,0,0,0,4000,0,0,0,9000,5000,4000,4000
060758,台積電元大9A購19,0,0,0,0,0,0,0,0,0,4000,0,0,0,4000,0,4000,4000
060617,華新科元大9A購08,0,0,0,0,0,0,0,0,0,4000,0,0,0,4000,0,4000,4000
060560,欣興國泰9C購01  ,0,0,0,0,0,0,0,0,0,4000,0,0,0,4000,0,4000,4000
05958P,聯發科國票97售04,0,0,0,0,0,0,0,0,0,4000,0,0,0,4000,0,4000,4000
059638,大立光凱基99購11,0,0,0,0,0,0,0,0,0,4000,0,0,0,7000,3000,4000,4000
059905,A50正2元大9C購06,0,0,0,0,0,0,0,0,0,4000,0,0,0,5000,1000,4000,4000
059833,緯穎康和99購01  ,0,0,0,0,0,0,0,0,0,4000,0,0,0,4000,0,4000,4000
059350,樺漢凱基9A購01  ,0,0,0,0,0,0,0,0,0,4000,0,0,0,31000,27000,4000,4000
059320,華新科元大99購15,0,0,0,0,0,0,0,0,0,4000,0,0,0,4000,0,4000,4000
059117,禾伸堂永豐99購01,0,0,0,0,0,0,0,0,0,4000,0,0,0,4000,0,4000,4000
064189,TPK永豐9C購01   ,0,0,0,0,0,0,0,0,0,4000,0,0,0,10000,6000,4000,4000
064621,大立光元大9C購20,0,0,0,0,0,0,0,0,0,4000,0,0,0,5000,1000,4000,4000
064422,聯發科兆豐01購02,0,0,0,0,0,0,0,0,0,4000,0,0,0,4000,0,4000,4000
063819,致新群益9C購01  ,0,0,0,0,0,0,0,0,0,4000,0,0,0,4000,0,4000,4000
063690,健鼎永豐9B購01  ,0,0,0,0,0,0,0,0,0,4000,0,0,0,72000,68000,4000,4000
063572,麗豐元大9B購01  ,0,0,0,0,0,0,0,0,0,4000,0,0,0,4000,0,4000,4000
063452,創意統一01購01  ,0,0,0,0,0,0,0,0,0,4000,0,0,0,21000,17000,4000,4000
065516,健鼎群益9C購02  ,0,0,0,0,0,0,0,0,0,4000,0,0,0,4000,0,4000,4000
065660,晶豪科永豐9C購01,0,0,0,0,0,0,0,0,0,4000,0,0,0,39000,35000,4000,4000
065552,聯發科凱基9C購12,0,0,0,0,0,0,0,0,0,4000,0,0,0,10000,6000,4000,4000
065232,健策凱基02購01  ,0,0,0,0,0,0,0,0,0,4000,0,0,0,50000,46000,4000,4000
065225,神隆凱基01購01  ,0,0,0,0,0,0,0,0,0,4000,0,0,0,5000,1000,4000,4000
9930,中聯資源        ,14000,10000,4000,0,0,0,0,0,0,0,0,0,0,0,0,0,4000
2488,漢平            ,10000,6000,4000,0,0,0,0,0,0,0,0,0,0,0,0,0,4000
6409,旭隼            ,48000,42192,5808,0,0,0,0,1000,-1000,-1000,0,1000,-1000,0,0,0,3808
066140,鎧勝群益01購01  ,0,0,0,0,0,0,0,0,0,3000,0,0,0,123000,120000,3000,3000
066398,京鼎凱基01購02  ,0,0,0,0,0,0,0,0,0,3000,0,0,0,92000,89000,3000,3000
066404,瑞祺凱基02購01  ,0,0,0,0,0,0,0,0,0,3000,0,0,0,31000,28000,3000,3000
066425,創意元大01購03  ,0,0,0,0,0,0,0,0,0,3000,0,0,0,32000,29000,3000,3000
066376,聯詠兆豐01購01  ,0,0,0,0,0,0,0,0,0,3000,0,0,0,8000,5000,3000,3000
066374,臺股指中信04購01,0,0,0,0,0,0,0,0,0,3000,0,0,0,13000,10000,3000,3000
06879P,長榮航凱基98售02,0,0,0,0,0,0,0,0,0,3000,0,0,0,5000,2000,3000,3000
07088P,訊芯永豐99售02  ,0,0,0,0,0,0,0,0,0,3000,0,0,0,4000,1000,3000,3000
07027P,台積電群益99售04,0,0,0,0,0,0,0,0,0,3000,0,0,0,3000,0,3000,3000
066644,瑞昱麥證01購01  ,0,0,0,48000,45000,3000,0,0,0,3000,0,0,0,48000,45000,3000,3000
066856,致新元大01購01  ,0,0,0,0,0,0,0,0,0,3000,0,0,0,18000,15000,3000,3000
066814,健鼎兆豐01購01  ,0,0,0,0,0,0,0,0,0,3000,0,0,0,3000,0,3000,3000
066895,台勝科兆豐01購01,0,0,0,0,0,0,0,0,0,3000,0,0,0,3000,0,3000,3000
06690P,玉晶光群益9A售05,0,0,0,0,0,0,0,0,0,3000,0,0,0,95000,92000,3000,3000
08225P,臺股指凱基9B售20,0,0,0,0,0,0,0,0,0,3000,0,0,0,85000,82000,3000,3000
08376P,南亞科元富9C售03,0,0,0,0,0,0,0,0,0,3000,0,0,0,12000,9000,3000,3000
1618,合機            ,3000,5000,-2000,0,0,0,0,0,0,5000,5000,0,5000,0,0,0,3000
1727,中華化          ,3000,0,3000,0,0,0,0,0,0,0,0,0,0,0,0,0,3000
1436,華友聯          ,3000,0,3000,0,0,0,0,0,0,0,0,0,0,0,0,0,3000
08669P,聯發科群益02售02,0,0,0,0,0,0,0,0,0,3000,0,0,0,87000,84000,3000,3000
08473P,康控凱基9C售01  ,0,0,0,0,0,0,0,0,0,3000,0,0,0,20000,17000,3000,3000
08541P,景碩國票01售02  ,0,0,0,0,0,0,0,0,0,3000,0,0,0,80000,77000,3000,3000
08607P,聯發科富邦03售04,0,0,0,0,0,0,0,0,0,3000,0,0,0,95000,92000,3000,3000
062284,華擎群益9C購03  ,0,0,0,0,0,0,0,0,0,3000,0,0,0,3000,0,3000,3000
062234,廣達凱基9B購01  ,0,0,0,0,0,0,0,0,0,3000,0,0,0,3000,0,3000,3000
062296,南六永豐9B購02  ,0,0,0,0,0,0,0,0,0,3000,0,0,0,26000,23000,3000,3000
062322,元金2X統一01購01,0,0,0,0,0,0,0,0,0,3000,0,0,0,3000,0,3000,3000
062373,泰鼎元大9B購01  ,0,0,0,0,0,0,0,0,0,3000,0,0,0,3000,0,3000,3000
062354,台達電元大9B購01,0,0,0,0,0,0,0,0,0,3000,0,0,0,3000,0,3000,3000
062410,台積電第一9B購02,0,0,0,0,0,0,0,0,0,3000,0,0,0,6000,3000,3000,3000
057685,台灣50凱基9C購01,0,0,0,0,0,0,0,0,0,3000,0,0,0,3000,0,3000,3000
058427,大毅元富99購01  ,0,0,0,0,0,0,0,0,0,3000,0,0,0,3000,0,3000,3000
057669,嘉晶元大99購03  ,0,0,0,0,0,0,0,0,0,3000,0,0,0,18000,15000,3000,3000
058628,宏達電國票9A購01,0,0,0,0,0,0,0,0,0,3000,0,0,0,3000,0,3000,3000
058462,台積電兆豐99購01,0,0,0,0,0,0,0,0,0,3000,0,0,0,3000,0,3000,3000
057849,南茂永豐98購02  ,0,0,0,0,0,0,0,0,0,3000,0,0,0,3000,0,3000,3000
057810,技嘉元大98購06  ,0,0,0,0,0,0,0,0,0,3000,0,0,0,4000,1000,3000,3000
057466,泰鼎永豐98購01  ,0,0,0,0,0,0,0,0,0,3000,0,0,0,18000,15000,3000,3000
057447,智邦元富02購01  ,0,0,0,0,0,0,0,0,0,3000,0,0,0,3000,0,3000,3000
056869,國巨日盛99購03  ,0,0,0,0,0,0,0,0,0,3000,0,0,0,3000,0,3000,3000
056826,A50正2富邦9B購02,0,0,0,0,0,0,0,0,0,3000,0,0,0,3000,0,3000,3000
057411,臺股指群益99購05,0,0,0,0,0,0,0,0,0,3000,0,0,0,5000,2000,3000,3000
056686,可成統一98購01  ,0,0,0,0,0,0,0,0,0,3000,0,0,0,3000,0,3000,3000
056644,宏達電凱基98購04,0,0,0,0,0,0,0,0,0,3000,0,0,0,3000,0,3000,3000
058238,奇鋐元大99購02  ,0,0,0,0,0,0,0,0,0,3000,0,0,0,3000,0,3000,3000
058506,台積電元大99購09,0,0,0,0,0,0,0,0,0,3000,0,0,0,16000,13000,3000,3000
058485,智邦國票9A購01  ,0,0,0,0,0,0,0,0,0,3000,0,0,0,3000,0,3000,3000
055924,深中小群益9B購01,0,0,0,0,0,0,0,0,0,3000,0,0,0,3000,0,3000,3000
056578,智易元大99購02  ,0,0,0,0,0,0,0,0,0,3000,0,0,0,23000,20000,3000,3000
053854,聯茂國泰97購02  ,0,0,0,0,0,0,0,0,0,3000,0,0,0,3000,0,3000,3000
053582,英業達元大97購01,0,0,0,0,0,0,0,0,0,3000,0,0,0,3000,0,3000,3000
045443,群創元富98購01  ,0,0,0,0,0,0,0,0,0,3000,0,0,0,3000,0,3000,3000
03452B,臺股指凱基03熊05,0,0,0,0,0,0,0,0,0,3000,0,0,0,11000,8000,3000,3000
052412,上証2X中信98購01,0,0,0,0,0,0,0,0,0,3000,0,0,0,3000,0,3000,3000
053084,國巨元大98購01  ,0,0,0,0,0,0,0,0,0,3000,0,0,0,3000,0,3000,3000
056388,勤誠國泰99購01  ,0,0,0,0,0,0,0,0,0,3000,0,0,0,3000,0,3000,3000
060958,儒鴻凱基9A購02  ,0,0,0,0,0,0,0,0,0,3000,0,0,0,36000,33000,3000,3000
061611,南六統一01購01  ,0,0,0,0,0,0,0,0,0,3000,0,0,0,10000,7000,3000,3000
062113,瑞祺國票9B購01  ,0,0,0,0,0,0,0,0,0,3000,0,0,0,3000,0,3000,3000
062104,上証2X國票9B購03,0,0,0,0,0,0,0,0,0,3000,0,0,0,3000,0,3000,3000
059286,S&P正2元富01購03,0,0,0,0,0,0,0,0,0,3000,0,0,0,3000,0,3000,3000
059848,智邦永豐99購01  ,0,0,0,0,0,0,0,0,0,3000,0,0,0,3000,0,3000,3000
059923,緯穎元大99購09  ,0,0,0,0,0,0,0,0,0,3000,0,0,0,3000,0,3000,3000
059959,訊芯康和99購01  ,0,0,0,0,0,0,0,0,0,3000,0,0,0,3000,0,3000,3000
059778,上証2X元大9C購03,0,0,0,0,0,0,0,0,0,3000,0,0,0,3000,0,3000,3000
059274,國巨元大99購22  ,0,0,0,0,0,0,0,0,0,3000,0,0,0,3000,0,3000,3000
060546,旺宏凱基9A購02  ,0,0,0,0,0,0,0,0,0,3000,0,0,0,76000,73000,3000,3000
060514,南電元大9A購02  ,0,0,0,0,0,0,0,0,0,3000,0,0,0,3000,0,3000,3000
060743,鴻海國票9A購03  ,0,0,0,0,0,0,0,0,0,3000,0,0,0,27000,24000,3000,3000
060282,聚陽元大9A購01  ,0,0,0,0,0,0,0,0,0,3000,0,0,0,3000,0,3000,3000
060468,聯鈞元大9A購02  ,0,0,0,0,0,0,0,0,0,3000,0,0,0,5000,2000,3000,3000
060492,元黃金元富9A購01,0,0,0,0,0,0,0,0,0,3000,0,0,0,3000,0,3000,3000
061364,國巨國票9A購09  ,0,0,0,0,0,0,0,0,0,3000,0,0,0,15000,12000,3000,3000
061358,世紀鋼元大9A購04,0,0,0,0,0,0,0,0,0,3000,0,0,0,36000,33000,3000,3000
061343,大立光元大9A購04,0,0,0,0,0,0,0,0,0,3000,0,0,0,3000,0,3000,3000
061308,元金2X中信9A購01,0,0,0,0,0,0,0,0,0,3000,0,0,0,3000,0,3000,3000
061255,道瓊反凱基9C購01,0,0,0,0,0,0,0,0,0,3000,0,0,0,3000,0,3000,3000
060796,世芯永豐9A購03  ,0,0,0,0,0,0,0,0,0,3000,0,0,0,3000,0,3000,3000
061077,國巨兆豐9B購01  ,0,0,0,0,0,0,0,0,0,3000,0,0,0,20000,17000,3000,3000
063329,健策國票9C購01  ,0,0,0,0,0,0,0,0,0,3000,0,0,0,3000,0,3000,3000
063248,創意元大9C購01  ,0,0,0,0,0,0,0,0,0,3000,0,0,0,28000,25000,3000,3000
062884,康控兆豐9C購01  ,0,0,0,0,0,0,0,0,0,3000,0,0,0,3000,0,3000,3000
061961,台積電統一01購02,0,0,0,0,0,0,0,0,0,3000,0,0,0,3000,0,3000,3000
065264,亞光元大9C購02  ,0,0,0,0,0,0,0,0,0,3000,0,0,0,17000,14000,3000,3000
064936,世紀鋼統一9C購02,0,0,0,0,0,0,0,0,0,3000,0,0,0,35000,32000,3000,3000
065551,聯發科凱基9C購11,0,0,0,0,0,0,0,0,0,3000,0,0,0,56000,53000,3000,3000
065619,金融類元大9C購02,0,0,0,0,0,0,0,0,0,3000,0,0,0,3000,0,3000,3000
065644,義隆元大9C購08  ,0,0,0,0,0,0,0,0,0,3000,0,0,0,3000,0,3000,3000
065376,京鼎元大9C購02  ,0,0,0,0,0,0,0,0,0,3000,0,0,0,7000,4000,3000,3000
065758,嘉澤元大9C購03  ,0,0,0,0,0,0,0,0,0,3000,0,0,0,10000,7000,3000,3000
063666,京元電統一9C購01,0,0,0,0,0,0,0,0,0,3000,0,0,0,13000,10000,3000,3000
063877,鴻海元富9C購01  ,0,0,0,0,0,0,0,0,0,3000,0,0,0,3000,0,3000,3000
063966,大毅國票01購01  ,0,0,0,0,0,0,0,0,0,3000,0,0,0,47000,44000,3000,3000
064414,臺股指凱基9C購10,0,0,0,0,0,0,0,0,0,3000,0,0,0,15000,12000,3000,3000
064466,聯電元富9C購01  ,0,0,0,0,0,0,0,0,0,3000,0,0,0,655000,652000,3000,3000
064606,南電元富9C購03  ,0,0,0,0,0,0,0,0,0,3000,0,0,0,3000,0,3000,3000
064305,健鼎兆豐9C購02  ,0,0,0,0,0,0,0,0,0,3000,0,0,0,13000,10000,3000,3000
8114,振樺電          ,5000,1000,4000,0,0,0,0,0,0,-1000,0,1000,-1000,0,0,0,3000
9941A,裕融甲特        ,0,0,0,0,0,0,0,0,0,3000,3000,0,3000,0,0,0,3000
8940,新天地          ,3000,0,3000,0,0,0,0,0,0,0,0,0,0,0,0,0,3000
8443,阿瘦            ,5000,2000,3000,0,0,0,0,0,0,0,0,0,0,0,0,0,3000
2530,華建            ,29000,26000,3000,0,0,0,0,0,0,0,0,0,0,0,0,0,3000
2891C,中信金丙特      ,0,0,0,0,0,0,0,0,0,3000,3000,0,3000,0,0,0,3000
4555,氣立            ,7000,4000,3000,0,0,0,0,0,0,0,0,0,0,0,0,0,3000
5285,界霖            ,41000,38000,3000,0,0,0,0,0,0,0,0,0,0,0,0,0,3000
008201,BP上證50        ,0,0,0,0,0,0,0,0,0,2300,0,0,0,2300,0,2300,2300
08597P,聯發科元大9C售18,0,0,0,0,0,0,0,0,0,2000,0,0,0,102000,100000,2000,2000
08586P,台積電第一9C售02,0,0,0,0,0,0,0,0,0,2000,0,0,0,2000,0,2000,2000
08592P,聯發科凱基01售06,0,0,0,0,0,0,0,0,0,2000,0,0,0,291000,289000,2000,2000
1443,立益            ,3000,1000,2000,0,0,0,0,0,0,0,0,0,0,0,0,0,2000
1441,大東            ,15000,8000,7000,0,0,0,0,0,0,-5000,0,5000,-5000,0,0,0,2000
1445,大宇            ,10000,6000,4000,0,0,0,0,0,0,-2000,0,2000,-2000,0,0,0,2000
1527,鑽全            ,45000,43000,2000,0,0,0,0,0,0,0,0,0,0,0,0,0,2000
1413,宏洲            ,5000,2000,3000,0,0,0,0,0,0,-1000,0,1000,-1000,0,0,0,2000
1231,聯華食          ,11000,9000,2000,0,0,0,0,0,0,0,0,0,0,0,0,0,2000
1101B,台泥乙特        ,0,0,0,0,0,0,0,0,0,2000,7000,5000,2000,0,0,0,2000
08240P,華通中信06售03  ,0,0,0,0,0,0,0,0,0,2000,0,0,0,2000,0,2000,2000
07951P,智邦元大9B售05  ,0,0,0,0,0,0,0,0,0,2000,0,0,0,2000,0,2000,2000
07353P,大立光國票99售02,0,0,0,0,0,0,0,0,0,2000,0,0,0,2000,0,2000,2000
066910,華擎凱基01購03  ,0,0,0,0,0,0,0,0,0,2000,0,0,0,6000,4000,2000,2000
066915,訊芯凱基02購01  ,0,0,0,0,0,0,0,0,0,2000,0,0,0,2000,0,2000,2000
066917,美利達凱基01購02,0,0,0,0,0,0,0,0,0,2000,0,0,0,2000,0,2000,2000
066826,聯發科群益02購03,0,0,0,0,0,0,0,0,0,2000,0,0,0,2000,0,2000,2000
066756,長興永豐01購02  ,0,0,0,0,0,0,0,0,0,2000,0,0,0,2000,0,2000,2000
06926P,可成群益9A售04  ,0,0,0,0,0,0,0,0,0,2000,0,0,0,11000,9000,2000,2000
06858P,道瓊指中信9B售01,0,0,0,0,0,0,0,0,0,2000,0,0,0,2000,0,2000,2000
066992,緯穎群益01購02  ,0,0,0,0,0,0,0,0,0,2000,0,0,0,2000,0,2000,2000
066093,世紀鋼永豐01購01,0,0,0,0,0,0,0,0,0,2000,0,0,0,5000,3000,2000,2000
065982,T50反1國泰02購01,0,0,0,0,0,0,0,0,0,2000,0,0,0,2000,0,2000,2000
066027,華擎群益02購01  ,0,0,0,0,0,0,0,0,0,2000,0,0,0,2000,0,2000,2000
066189,和潤凱基01購01  ,0,0,0,0,0,0,0,0,0,2000,0,0,0,2000,0,2000,2000
066224,眾達國泰03購01  ,0,0,0,0,0,0,0,0,0,2000,0,0,0,81000,79000,2000,2000
00763U,街口道瓊銅      ,0,0,0,0,0,0,0,0,0,2000,0,0,0,37000,35000,2000,2000
035275,台積電台新97購01,0,0,0,0,0,0,0,0,0,2000,0,0,0,3000,1000,2000,2000
054152,漢唐國泰98購02  ,0,0,0,0,0,0,0,0,0,2000,0,0,0,3000,1000,2000,2000
054059,欣興國票97購03  ,0,0,0,0,0,0,0,0,0,2000,0,0,0,2000,0,2000,2000
056519,創意國票99購01  ,0,0,0,0,0,0,0,0,0,2000,0,0,0,4000,2000,2000,2000
052692,滬深2X中信99購02,0,0,0,0,0,0,0,0,0,2000,0,0,0,6000,4000,2000,2000
051948,滬深2X元富9B購01,0,0,0,0,0,0,0,0,0,2000,0,0,0,2000,0,2000,2000
056583,昇陽半元大98購02,0,0,0,0,0,0,0,0,0,2000,0,0,0,2000,0,2000,2000
056560,旺宏群益98購03  ,0,0,0,0,0,0,0,0,0,2000,0,0,0,2000,0,2000,2000
054811,裕隆元大9A購01  ,0,0,0,0,0,0,0,0,0,2000,0,0,0,2000,0,2000,2000
056230,可成凱基98購03  ,0,0,0,0,0,0,0,0,0,2000,0,0,0,2000,0,2000,2000
055694,光罩國票98購01  ,0,0,0,0,0,0,0,0,0,2000,0,0,0,2000,0,2000,2000
054515,華通元大98購02  ,0,0,0,0,0,0,0,0,0,2000,0,0,0,2000,0,2000,2000
054470,緯穎國票97購04  ,0,0,0,0,0,0,0,0,0,2000,0,0,0,8000,6000,2000,2000
054565,玉晶光群益99購02,0,0,0,0,0,0,0,0,0,2000,0,0,0,2000,0,2000,2000
057425,臺股指凱基9C購02,0,0,0,0,0,0,0,0,0,2000,0,0,0,2000,0,2000,2000
057383,玉晶光富邦9A購01,0,0,0,0,0,0,0,0,0,2000,0,0,0,2000,0,2000,2000
056881,台灣50康和9A購01,0,0,0,0,0,0,0,0,0,2000,0,0,0,2000,0,2000,2000
057149,京鼎國票99購02  ,0,0,0,0,0,0,0,0,0,2000,0,0,0,4000,2000,2000,2000
056983,大立光群益99購02,0,0,0,0,0,0,0,0,0,2000,0,0,0,2000,0,2000,2000
058333,鴻海元富99購04  ,0,0,0,0,0,0,0,0,0,2000,0,0,0,2000,0,2000,2000
057932,美律群益98購04  ,0,0,0,0,0,0,0,0,0,2000,0,0,0,2000,0,2000,2000
058037,台灣50元大9B購02,0,0,0,0,0,0,0,0,0,2000,0,0,0,2000,0,2000,2000
058585,S&P正2中信9B購02,0,0,0,0,0,0,0,0,0,2000,0,0,0,2000,0,2000,2000
058610,欣興元大99購05  ,0,0,0,0,0,0,0,0,0,2000,0,0,0,2000,0,2000,2000
058605,華邦電元大99購04,0,0,0,0,0,0,0,0,0,2000,0,0,0,2000,0,2000,2000
058640,台灣50麥證9A購01,0,0,0,172000,170000,2000,0,0,0,2000,0,0,0,172000,170000,2000,2000
062452,A50正2群益01購04,0,0,0,0,0,0,0,0,0,2000,0,0,0,2000,0,2000,2000
058836,FBVIX中信03購05 ,0,0,0,0,0,0,0,0,0,2000,0,0,0,31000,29000,2000,2000
061933,光寶科國票9B購01,0,0,0,0,0,0,0,0,0,2000,0,0,0,10000,8000,2000,2000
061980,聯發科元大9B購01,0,0,0,0,0,0,0,0,0,2000,0,0,0,2000,0,2000,2000
061912,台積電中信05購05,0,0,0,0,0,0,0,0,0,2000,0,0,0,2000,0,2000,2000
061897,泰碩永豐9B購01  ,0,0,0,0,0,0,0,0,0,2000,0,0,0,40000,38000,2000,2000
063160,牧德富邦9C購02  ,0,0,0,0,0,0,0,0,0,2000,0,0,0,2000,0,2000,2000
063174,臺股指中信01購04,0,0,0,0,0,0,0,0,0,2000,0,0,0,2000,0,2000,2000
061072,南電凱基9B購01  ,0,0,0,0,0,0,0,0,0,2000,0,0,0,15000,13000,2000,2000
060406,瑞祺國泰9B購01  ,0,0,0,0,0,0,0,0,0,2000,0,0,0,2000,0,2000,2000
061227,日月光中信9B購01,0,0,0,0,0,0,0,0,0,2000,0,0,0,91000,89000,2000,2000
062779,台積電元大9B購03,0,0,0,0,0,0,0,0,0,2000,0,0,0,2000,0,2000,2000
061306,瑞祺永豐9A購02  ,0,0,0,0,0,0,0,0,0,2000,0,0,0,246000,244000,2000,2000
061281,台積電統一9C購05,0,0,0,0,0,0,0,0,0,2000,0,0,0,15000,13000,2000,2000
061469,瑞祺群益9A購02  ,0,0,0,0,0,0,0,0,0,2000,0,0,0,6000,4000,2000,2000
061423,廣達元大9A購01  ,0,0,0,0,0,0,0,0,0,2000,0,0,0,12000,10000,2000,2000
061705,健策國票9A購06  ,0,0,0,0,0,0,0,0,0,2000,0,0,0,2000,0,2000,2000
061122,敬鵬永豐9A購01  ,0,0,0,0,0,0,0,0,0,2000,0,0,0,7000,5000,2000,2000
061095,台積電台新9B購03,0,0,0,0,0,0,0,0,0,2000,0,0,0,2000,0,2000,2000
062592,牧德統一01購01  ,0,0,0,0,0,0,0,0,0,2000,0,0,0,2000,0,2000,2000
060678,聯詠元大9A購03  ,0,0,0,0,0,0,0,0,0,2000,0,0,0,16000,14000,2000,2000
060561,台積電富邦04購01,0,0,0,0,0,0,0,0,0,2000,0,0,0,28000,26000,2000,2000
059819,台積電凱基99購17,0,0,0,0,0,0,0,0,0,2000,0,0,0,2000,0,2000,2000
059643,日月光凱基99購02,0,0,0,0,0,0,0,0,0,2000,0,0,0,9000,7000,2000,2000
059665,嘉聯益元大99購06,0,0,0,0,0,0,0,0,0,2000,0,0,0,2000,0,2000,2000
059707,健策凱基9A購03  ,0,0,0,0,0,0,0,0,0,2000,0,0,0,2000,0,2000,2000
059719,台積電元大99購42,0,0,0,0,0,0,0,0,0,2000,0,0,0,4000,2000,2000,2000
059990,健策元大9A購01  ,0,0,0,0,0,0,0,0,0,2000,0,0,0,6000,4000,2000,2000
059324,智易元大99購04  ,0,0,0,0,0,0,0,0,0,2000,0,0,0,2000,0,2000,2000
059381,TPK亞東99購01   ,0,0,0,0,0,0,0,0,0,2000,0,0,0,2000,0,2000,2000
059370,玉晶光元富99購02,0,0,0,0,0,0,0,0,0,2000,0,0,0,2000,0,2000,2000
059452,全新永豐99購03  ,0,0,0,0,0,0,0,0,0,2000,0,0,0,2000,0,2000,2000
060090,台積電元大99購55,0,0,0,0,0,0,0,0,0,2000,0,0,0,2000,0,2000,2000
060051,台積電凱基9B購01,0,0,0,0,0,0,0,0,0,2000,0,0,0,2000,0,2000,2000
060015,國巨康和99購03  ,0,0,0,0,0,0,0,0,0,2000,0,0,0,9000,7000,2000,2000
059999,緯穎元富99購01  ,0,0,0,0,0,0,0,0,0,2000,0,0,0,2000,0,2000,2000
060851,國巨國泰9C購01  ,0,0,0,0,0,0,0,0,0,2000,0,0,0,92000,90000,2000,2000
060905,台積電元大9A購20,0,0,0,0,0,0,0,0,0,2000,0,0,0,5000,3000,2000,2000
060886,國巨統一01購03  ,0,0,0,0,0,0,0,0,0,2000,0,0,0,15000,13000,2000,2000
060987,華新科元大9A購11,0,0,0,0,0,0,0,0,0,2000,0,0,0,96000,94000,2000,2000
060940,國巨國票9B購03  ,0,0,0,0,0,0,0,0,0,2000,0,0,0,14000,12000,2000,2000
059066,道瓊指國票04購01,0,0,0,0,0,0,0,0,0,2000,0,0,0,2000,0,2000,2000
059067,上銀國票9A購02  ,0,0,0,0,0,0,0,0,0,2000,0,0,0,14000,12000,2000,2000
064286,TPK元大9C購02   ,0,0,0,0,0,0,0,0,0,2000,0,0,0,3000,1000,2000,2000
064177,立積國泰01購01  ,0,0,0,0,0,0,0,0,0,2000,0,0,0,86000,84000,2000,2000
064125,聯發科元大02購01,0,0,0,0,0,0,0,0,0,2000,0,0,0,15000,13000,2000,2000
064136,致新元大9C購01  ,0,0,0,0,0,0,0,0,0,2000,0,0,0,32000,30000,2000,2000
064666,華新科元大02購01,0,0,0,0,0,0,0,0,0,2000,0,0,0,2000,0,2000,2000
064536,富邦金國票01購01,0,0,0,0,0,0,0,0,0,2000,0,0,0,40000,38000,2000,2000
063924,致新元富9C購01  ,0,0,0,0,0,0,0,0,0,2000,0,0,0,52000,50000,2000,2000
063932,世芯統一01購01  ,0,0,0,0,0,0,0,0,0,2000,0,0,0,2000,0,2000,2000
063899,同欣電群益9C購01,0,0,0,0,0,0,0,0,0,2000,0,0,0,2000,0,2000,2000
064072,康友永豐9C購01  ,0,0,0,0,0,0,0,0,0,2000,0,0,0,2000,0,2000,2000
063890,正隆群益9C購01  ,0,0,0,0,0,0,0,0,0,2000,0,0,0,10000,8000,2000,2000
063646,帆宣元大9B購02  ,0,0,0,0,0,0,0,0,0,2000,0,0,0,12000,10000,2000,2000
065707,聯詠群益9C購02  ,0,0,0,0,0,0,0,0,0,2000,0,0,0,67000,65000,2000,2000
065373,聯發科元大01購03,0,0,0,0,0,0,0,0,0,2000,0,0,0,5000,3000,2000,2000
065449,中租統一9C購01  ,0,0,0,0,0,0,0,0,0,2000,0,0,0,2000,0,2000,2000
065650,旭富元大9C購07  ,0,0,0,0,0,0,0,0,0,2000,0,0,0,70000,68000,2000,2000
064919,嘉晶統一02購02  ,0,0,0,0,0,0,0,0,0,2000,0,0,0,224000,222000,2000,2000
065275,台灣50群益02購02,0,0,0,0,0,0,0,0,0,2000,0,0,0,12000,10000,2000,2000
065315,玉晶光中信03購02,0,0,0,0,0,0,0,0,0,2000,0,0,0,57000,55000,2000,2000
065191,南電統一01購03  ,0,0,0,0,0,0,0,0,0,2000,0,0,0,20000,18000,2000,2000
6226,光鼎            ,186000,184000,2000,0,0,0,0,0,0,0,0,0,0,0,0,0,2000
3130,一零四          ,3000,1000,2000,0,0,0,0,0,0,0,0,0,0,0,0,0,2000
3059,華晶科          ,259000,257000,2000,0,0,0,0,0,0,0,0,0,0,0,0,0,2000
2897A,王道銀甲特      ,0,0,0,0,0,0,0,0,0,2000,2000,0,2000,0,0,0,2000
6698,旭暉應材        ,14000,12000,2000,0,0,0,0,0,0,0,0,0,0,0,0,0,2000
066135,潤泰全群益02購01,0,0,0,0,0,0,0,0,0,1000,0,0,0,86000,85000,1000,1000
066130,燿華群益01購03  ,0,0,0,0,0,0,0,0,0,1000,0,0,0,1000,0,1000,1000
066561,健策元大01購04  ,0,0,0,0,0,0,0,0,0,1000,0,0,0,28000,27000,1000,1000
066597,緯穎群益02購01  ,0,0,0,0,0,0,0,0,0,1000,0,0,0,15000,14000,1000,1000
06746P,聯發科群益99售02,0,0,0,0,0,0,0,0,0,1000,0,0,0,1000,0,1000,1000
06854P,鴻海富邦99售05  ,0,0,0,0,0,0,0,0,0,1000,0,0,0,1000,0,1000,1000
066700,瑞昱群益01購01  ,0,0,0,0,0,0,0,0,0,1000,0,0,0,19000,18000,1000,1000
066935,奇鋐國票02購02  ,0,0,0,0,0,0,0,0,0,1000,0,0,0,11000,10000,1000,1000
07415P,台積電元大99售52,0,0,0,0,0,0,0,0,0,1000,0,0,0,3000,2000,1000,1000
07574P,國巨元大9A售12  ,0,0,0,0,0,0,0,0,0,1000,0,0,0,2000,1000,1000,1000
08249P,聯發科群益9C售06,0,0,0,0,0,0,0,0,0,1000,0,0,0,1000,0,1000,1000
08059P,京鼎元大9B售02  ,0,0,0,0,0,0,0,0,0,1000,0,0,0,20000,19000,1000,1000
08414P,超眾凱基9C售02  ,0,0,0,0,0,0,0,0,0,1000,0,0,0,21000,20000,1000,1000
08670P,健策統一01售01  ,0,0,0,0,0,0,0,0,0,1000,0,0,0,73000,72000,1000,1000
058826,台積電永豐99購02,0,0,0,0,0,0,0,0,0,1000,0,0,0,22000,21000,1000,1000
062299,台積電第一9B購01,0,0,0,0,0,0,0,0,0,1000,0,0,0,10000,9000,1000,1000
062279,晶豪科群益9B購01,0,0,0,0,0,0,0,0,0,1000,0,0,0,16000,15000,1000,1000
062451,瀚宇博元大9B購02,0,0,0,0,0,0,0,0,0,1000,0,0,0,1000,0,1000,1000
062455,鴻海群益9C購01  ,0,0,0,0,0,0,0,0,0,1000,0,0,0,11000,10000,1000,1000
062503,玉晶光群益01購03,0,0,0,0,0,0,0,0,0,1000,0,0,0,1000,0,1000,1000
058475,台積電凱基99購06,0,0,0,0,0,0,0,0,0,1000,0,0,0,1000,0,1000,1000
058453,可成永豐99購01  ,0,0,0,0,0,0,0,0,0,1000,0,0,0,1000,0,1000,1000
058464,矽創兆豐9A購01  ,0,0,0,0,0,0,0,0,0,1000,0,0,0,1000,0,1000,1000
058720,旭富元富99購01  ,0,0,0,0,0,0,0,0,0,1000,0,0,0,1000,0,1000,1000
058749,康控凱基99購03  ,0,0,0,0,0,0,0,0,0,1000,0,0,0,51000,50000,1000,1000
058757,道瓊銀群益9A購02,0,0,0,0,0,0,0,0,0,1000,0,0,0,1000,0,1000,1000
058088,鴻海元大9A購01  ,0,0,0,0,0,0,0,0,0,1000,0,0,0,1000,0,1000,1000
058053,上銀統一9B購01  ,0,0,0,0,0,0,0,0,0,1000,0,0,0,11000,10000,1000,1000
058029,台灣50永豐9A購01,0,0,0,0,0,0,0,0,0,1000,0,0,0,1000,0,1000,1000
057201,華擎元富98購01  ,0,0,0,0,0,0,0,0,0,1000,0,0,0,1000,0,1000,1000
057167,台積電元大99購03,0,0,0,0,0,0,0,0,0,1000,0,0,0,1000,0,1000,1000
057753,臺股指國票98購09,0,0,0,0,0,0,0,0,0,1000,0,0,0,1000,0,1000,1000
058366,元大金凱基99購01,0,0,0,0,0,0,0,0,0,1000,0,0,0,1000,0,1000,1000
058310,大立光元大99購10,0,0,0,0,0,0,0,0,0,1000,0,0,0,1000,0,1000,1000
058567,華新科凱基9A購02,0,0,0,0,0,0,0,0,0,1000,0,0,0,1000,0,1000,1000
057049,新日興元大98購02,0,0,0,0,0,0,0,0,0,1000,0,0,0,11000,10000,1000,1000
057138,亞德客兆豐98購01,0,0,0,0,0,0,0,0,0,1000,0,0,0,2000,1000,1000,1000
057066,緯穎富邦99購01  ,0,0,0,0,0,0,0,0,0,1000,0,0,0,1000,0,1000,1000
058358,技嘉凱基9A購01  ,0,0,0,0,0,0,0,0,0,1000,0,0,0,9000,8000,1000,1000
056795,鴻海麥證98購01  ,0,0,0,12000,0,12000,0,0,0,1000,0,0,0,12000,11000,1000,1000
057323,智邦群益98購01  ,0,0,0,0,0,0,0,0,0,1000,0,0,0,1000,0,1000,1000
058963,華新科兆豐99購05,0,0,0,0,0,0,0,0,0,1000,0,0,0,1000,0,1000,1000
058200,世芯康和99購01  ,0,0,0,0,0,0,0,0,0,1000,0,0,0,1000,0,1000,1000
058212,華新科群益9A購01,0,0,0,0,0,0,0,0,0,1000,0,0,0,1000,0,1000,1000
058230,國巨元大99購11  ,0,0,0,0,0,0,0,0,0,1000,0,0,0,1000,0,1000,1000
054477,聯發科中信9C購02,0,0,0,0,0,0,0,0,0,1000,0,0,0,1000,0,1000,1000
055988,矽力元富97購01  ,0,0,0,0,0,0,0,0,0,1000,0,0,0,1000,0,1000,1000
055993,致茂國泰99購01  ,0,0,0,0,0,0,0,0,0,1000,0,0,0,1000,0,1000,1000
056196,聯茂富邦98購02  ,0,0,0,0,0,0,0,0,0,1000,0,0,0,1000,0,1000,1000
054769,創意國票98購01  ,0,0,0,0,0,0,0,0,0,1000,0,0,0,1000,0,1000,1000
054770,健策國票98購01  ,0,0,0,0,0,0,0,0,0,1000,0,0,0,8000,7000,1000,1000
054935,華通元大98購03  ,0,0,0,0,0,0,0,0,0,1000,0,0,0,1000,0,1000,1000
056581,超眾元大99購01  ,0,0,0,0,0,0,0,0,0,1000,0,0,0,1000,0,1000,1000
048505,滬深2X群益99購03,0,0,0,0,0,0,0,0,0,1000,0,0,0,1000,0,1000,1000
052888,台表科中信9A購01,0,0,0,0,0,0,0,0,0,1000,0,0,0,1000,0,1000,1000
056357,台積電元大9A購01,0,0,0,0,0,0,0,0,0,1000,0,0,0,29000,28000,1000,1000
056351,鴻海元大98購06  ,0,0,0,0,0,0,0,0,0,1000,0,0,0,1000,0,1000,1000
056481,創意元大98購01  ,0,0,0,0,0,0,0,0,0,1000,0,0,0,4000,3000,1000,1000
056517,茂林兆豐99購01  ,0,0,0,0,0,0,0,0,0,1000,0,0,0,1000,0,1000,1000
055318,華通國票98購01  ,0,0,0,0,0,0,0,0,0,1000,0,0,0,1000,0,1000,1000
055477,同欣電凱基98購01,0,0,0,0,0,0,0,0,0,1000,0,0,0,1000,0,1000,1000
03681C,台灣50凱基02牛02,0,0,0,0,0,0,0,0,0,1000,0,0,0,1000,0,1000,1000
042953,鴻海台新01購01  ,0,0,0,0,0,0,0,0,0,1000,0,0,0,1000,0,1000,1000
00711B,FH彭博新興債    ,0,2000,-2000,0,0,0,0,0,0,3000,0,0,0,107000,104000,3000,1000
00683L,元大美元指數正2 ,0,0,0,0,0,0,0,0,0,1000,0,0,0,3000,2000,1000,1000
01002T,土銀國泰R1      ,1000,0,1000,0,0,0,0,0,0,0,0,0,0,0,0,0,1000
0057,富邦摩台        ,0,0,0,0,0,0,0,0,0,1000,0,0,0,302000,301000,1000,1000
059114,華新科永豐99購05,0,0,0,0,0,0,0,0,0,1000,0,0,0,1000,0,1000,1000
060125,強茂永豐99購01  ,0,0,0,0,0,0,0,0,0,1000,0,0,0,1000,0,1000,1000
060202,康友元富9A購01  ,0,0,0,0,0,0,0,0,0,1000,0,0,0,1000,0,1000,1000
059490,國巨國票99購09  ,0,0,0,0,0,0,0,0,0,1000,0,0,0,1000,0,1000,1000
059511,宏達電永豐99購02,0,0,0,0,0,0,0,0,0,1000,0,0,0,6000,5000,1000,1000
060879,華新科中信9A購02,0,0,0,0,0,0,0,0,0,1000,0,0,0,1000,0,1000,1000
061857,康友國票9B購01  ,0,0,0,0,0,0,0,0,0,1000,0,0,0,21000,20000,1000,1000
061811,A50正2群益01購03,0,0,0,0,0,0,0,0,0,1000,0,0,0,1000,0,1000,1000
060073,台積電元富99購03,0,0,0,0,0,0,0,0,0,1000,0,0,0,1000,0,1000,1000
062159,聯詠凱基9B購01  ,0,0,0,0,0,0,0,0,0,1000,0,0,0,1000,0,1000,1000
059360,全新永豐99購02  ,0,0,0,0,0,0,0,0,0,1000,0,0,0,50000,49000,1000,1000
059325,超眾元大99購05  ,0,0,0,0,0,0,0,0,0,1000,0,0,0,1000,0,1000,1000
059345,禾伸堂凱基99購03,0,0,0,0,0,0,0,0,0,1000,0,0,0,1000,0,1000,1000
059692,聯詠永豐99購01  ,0,0,0,0,0,0,0,0,0,1000,0,0,0,1000,0,1000,1000
059688,燿華永豐99購01  ,0,0,0,0,0,0,0,0,0,1000,0,0,0,1000,0,1000,1000
059771,台積電群益99購11,0,0,0,0,0,0,0,0,0,1000,0,0,0,4000,3000,1000,1000
059761,國巨永豐99購06  ,0,0,0,0,0,0,0,0,0,1000,0,0,0,3000,2000,1000,1000
059664,立積元大9C購01  ,0,0,0,0,0,0,0,0,0,1000,0,0,0,1000,0,1000,1000
059262,致茂中信01購01  ,0,0,0,0,0,0,0,0,0,1000,0,0,0,12000,11000,1000,1000
059176,臺股指凱基99購27,0,0,0,0,0,0,0,0,0,1000,0,0,0,1000,0,1000,1000
059198,華新科永豐99購06,0,0,0,0,0,0,0,0,0,1000,0,0,0,1000,0,1000,1000
059195,國巨永豐99購04  ,0,0,0,0,0,0,0,0,0,1000,0,0,0,14000,13000,1000,1000
059214,國巨元大99購20  ,0,0,0,0,0,0,0,0,0,1000,0,0,0,6000,5000,1000,1000
060578,臺股指中信9C購03,0,0,0,0,0,0,0,0,0,1000,0,0,0,1000,0,1000,1000
060553,祥碩凱基9A購01  ,0,0,0,0,0,0,0,0,0,1000,0,0,0,1000,0,1000,1000
062584,鴻海統一9C購13  ,0,0,0,0,0,0,0,0,0,1000,0,0,0,6000,5000,1000,1000
062643,緯穎國票9B購01  ,0,0,0,0,0,0,0,0,0,1000,0,0,0,11000,10000,1000,1000
061092,可成統一9C購02  ,0,0,0,0,0,0,0,0,0,1000,0,0,0,1000,0,1000,1000
061690,旺宏群益9A購05  ,0,0,0,0,0,0,0,0,0,1000,0,0,0,1000,0,1000,1000
062831,嘉澤群益9B購01  ,0,0,0,0,0,0,0,0,0,1000,0,0,0,1000,0,1000,1000
061282,台積電統一9C購06,0,0,0,0,0,0,0,0,0,1000,0,0,0,1000,0,1000,1000
061371,嘉澤國泰9C購01  ,0,0,0,0,0,0,0,0,0,1000,0,0,0,1000,0,1000,1000
061191,可成永豐9A購02  ,0,0,0,0,0,0,0,0,0,1000,0,0,0,1000,0,1000,1000
061246,玉晶光群益9A購08,0,0,0,0,0,0,0,0,0,1000,0,0,0,1000,0,1000,1000
062683,可成統一9B購04  ,0,0,0,0,0,0,0,0,0,1000,0,0,0,1000,0,1000,1000
060326,群光群益9A購01  ,0,0,0,0,0,0,0,0,0,1000,0,0,0,46000,45000,1000,1000
061024,南電國泰9B購01  ,0,0,0,0,0,0,0,0,0,1000,0,0,0,6000,5000,1000,1000
061052,和大群益9A購01  ,0,0,0,0,0,0,0,0,0,1000,0,0,0,1000,0,1000,1000
063243,聯發科元大9B購20,0,0,0,0,0,0,0,0,0,1000,0,0,0,3000,2000,1000,1000
062889,可成群益9C購01  ,0,0,0,0,0,0,0,0,0,1000,0,0,0,5000,4000,1000,1000
062871,大成鋼兆豐9B購01,0,0,0,0,0,0,0,0,0,1000,0,0,0,1000,0,1000,1000
061976,國巨元大9B購01  ,0,0,0,0,0,0,0,0,0,1000,0,0,0,1000,0,1000,1000
061963,台積電統一01購04,0,0,0,0,0,0,0,0,0,1000,0,0,0,112000,111000,1000,1000
063013,技嘉元大9B購02  ,0,0,0,0,0,0,0,0,0,1000,0,0,0,135000,134000,1000,1000
062050,亞德客統一9C購01,0,0,0,0,0,0,0,0,0,1000,0,0,0,38000,37000,1000,1000
065106,S&P反1國票9C購02,0,0,0,0,0,0,0,0,0,1000,0,0,0,1000,0,1000,1000
065281,和大群益01購02  ,0,0,0,0,0,0,0,0,0,1000,0,0,0,1000,0,1000,1000
065334,立積國票01購02  ,0,0,0,0,0,0,0,0,0,1000,0,0,0,11000,10000,1000,1000
06535P,可成群益99售02  ,0,0,0,0,0,0,0,0,0,1000,0,0,0,1000,0,1000,1000
064947,台積電凱基01購08,0,0,0,0,0,0,0,0,0,1000,0,0,0,1000,0,1000,1000
064884,台表科第一9C購01,0,0,0,0,0,0,0,0,0,1000,0,0,0,12000,11000,1000,1000
064792,美律國票9C購01  ,0,0,0,0,0,0,0,0,0,1000,0,0,0,1000,0,1000,1000
065427,台積電凱基02購04,0,0,0,0,0,0,0,0,0,1000,0,0,0,11000,10000,1000,1000
065827,正崴凱基9C購01  ,0,0,0,0,0,0,0,0,0,1000,0,0,0,11000,10000,1000,1000
063562,國巨元大9C購06  ,0,0,0,0,0,0,0,0,0,1000,0,0,0,6000,5000,1000,1000
063574,茂林元大9B購07  ,0,0,0,0,0,0,0,0,0,1000,0,0,0,100000,99000,1000,1000
063474,康控元大9B購04  ,0,0,0,0,0,0,0,0,0,1000,0,0,0,25000,24000,1000,1000
063468,聯詠元大9B購04  ,0,0,0,0,0,0,0,0,0,1000,0,0,0,1000,0,1000,1000
063879,台積電元富9C購01,0,0,0,0,0,0,0,0,0,1000,0,0,0,1000,0,1000,1000
063870,健策永豐01購01  ,0,0,0,0,0,0,0,0,0,1000,0,0,0,1000,0,1000,1000
063752,瑞祺國票9C購01  ,0,0,0,0,0,0,0,0,0,1000,0,0,0,1000,0,1000,1000
064063,健策國泰01購02  ,0,0,0,0,0,0,0,0,0,1000,0,0,0,32000,31000,1000,1000
063951,新日興元大9C購01,0,0,0,0,0,0,0,0,0,1000,0,0,0,24000,23000,1000,1000
064545,智邦凱基9C購02  ,0,0,0,0,0,0,0,0,0,1000,0,0,0,1000,0,1000,1000
064502,大立光元大9C購19,0,0,0,0,0,0,0,0,0,1000,0,0,0,11000,10000,1000,1000
064478,聚陽富邦01購01  ,0,0,0,0,0,0,0,0,0,1000,0,0,0,375000,374000,1000,1000
06447P,上銀元大98售01  ,0,0,0,0,0,0,0,0,0,1000,0,0,0,1000,0,1000,1000
06465P,國巨統一98售04  ,0,0,0,0,0,0,0,0,0,1000,0,0,0,10000,9000,1000,1000
064688,國巨群益9C購11  ,0,0,0,0,0,0,0,0,0,1000,0,0,0,1000,0,1000,1000
06411P,晶相光永豐97售03,0,0,0,0,0,0,0,0,0,1000,0,0,0,1000,0,1000,1000
064289,台郡元大9C購01  ,0,0,0,0,0,0,0,0,0,1000,0,0,0,11000,10000,1000,1000
06435P,臺股指群益98售02,0,0,0,0,0,0,0,0,0,1000,0,0,0,1000,0,1000,1000
064364,高鐵統一9C購02  ,0,0,0,0,0,0,0,0,0,1000,0,0,0,1000,0,1000,1000
9927,泰銘            ,6000,5000,1000,0,0,0,0,0,0,0,0,0,0,0,0,0,1000
2882B,國泰金乙特      ,0,0,0,0,0,0,0,0,0,1000,1000,0,1000,0,0,0,1000
2936,客思達-KY       ,1000,0,1000,0,0,0,0,0,0,0,0,0,0,0,0,0,1000
2881B,富邦金乙特      ,0,0,0,0,0,0,0,0,0,1000,1000,0,1000,0,0,0,1000
2527,宏璟            ,15000,14000,1000,0,0,0,0,0,0,0,0,0,0,0,0,0,1000
2483,百容            ,1000,0,1000,0,0,0,0,0,0,0,0,0,0,0,0,0,1000
2427,三商電          ,3000,2000,1000,0,0,0,0,0,0,0,0,0,0,0,0,0,1000
2236,百達-KY         ,1000,0,1000,0,0,0,0,0,0,0,0,0,0,0,0,0,1000
4581,光隆精密-KY     ,1000,0,1000,0,0,0,0,0,0,0,0,0,0,0,0,0,1000
08746P,鴻海元富07售06  ,0,0,0,0,0,0,0,0,0,0,0,0,0,50000,50000,0,0
08432P,台勝科凱基9C售02,0,0,0,0,0,0,0,0,0,0,0,0,0,10000,10000,0,0
08574P,聯發科凱基02售04,0,0,0,0,0,0,0,0,0,0,0,0,0,30000,30000,0,0
08527P,大立光元大01售06,0,0,0,0,0,0,0,0,0,0,0,0,0,29000,29000,0,0
1324,地球            ,1000,1000,0,0,0,0,0,0,0,0,0,0,0,0,0,0,0
1456,怡華            ,2000,2000,0,0,0,0,0,0,0,0,0,0,0,0,0,0,0
1452,宏益            ,7000,7000,0,0,0,0,0,0,0,0,0,0,0,0,0,0,0
08060P,嘉澤元大9B售01  ,0,0,0,0,0,0,0,0,0,0,0,0,0,15000,15000,0,0
08091P,A50正2元富9B售02,0,0,0,0,0,0,0,0,0,0,0,0,0,257000,257000,0,0
08084P,台表科元大9B售06,0,0,0,0,0,0,0,0,0,0,0,0,0,100000,100000,0,0
08222P,南六凱基9B售05  ,0,0,0,0,0,0,0,0,0,0,0,0,0,100000,100000,0,0
08373P,大立光凱基01售05,0,0,0,0,0,0,0,0,0,0,0,0,0,8000,8000,0,0
08346P,大立光元大9C售15,0,0,0,0,0,0,0,0,0,0,0,0,0,10000,10000,0,0
08324P,大立光凱基9C售05,0,0,0,0,0,0,0,0,0,0,0,0,0,1000,1000,0,0
08328P,國巨國票9C售07  ,0,0,0,0,0,0,0,0,0,0,0,0,0,10000,10000,0,0
07611P,大立光國票9A售05,0,0,0,0,0,0,0,0,0,0,0,0,0,13000,13000,0,0
07645P,華通元大9A售06  ,0,0,0,0,0,0,0,0,0,0,0,0,0,100000,100000,0,0
07358P,鴻海元大99售39  ,0,0,0,0,0,0,0,0,0,0,0,0,0,80000,80000,0,0
07342P,大立光凱基99售14,0,0,0,0,0,0,0,0,0,0,0,0,0,50000,50000,0,0
07265P,大立光元大99售16,0,0,0,0,0,0,0,0,0,0,0,0,0,5000,5000,0,0
07849P,大立光群益9A售06,0,0,0,0,0,0,0,0,0,0,0,0,0,4000,4000,0,0
07693P,群創元大9B售10  ,0,0,0,0,0,0,0,0,0,0,0,0,0,30000,30000,0,0
07678P,大立光群益9A售03,0,0,0,0,0,0,0,0,0,0,0,0,0,15000,15000,0,0
07783P,聯發科富邦9C售03,0,0,0,0,0,0,0,0,0,0,0,0,0,50000,50000,0,0
066932,京元電國票02購01,0,0,0,0,0,0,0,0,0,0,0,0,0,4000,4000,0,0
066873,健策國泰02購01  ,0,0,0,0,0,0,0,0,0,0,0,0,0,29000,29000,0,0
066832,健策群益01購08  ,0,0,0,0,0,0,0,0,0,0,0,0,0,2000,2000,0,0
066823,國巨群益02購02  ,0,0,0,0,0,0,0,0,0,0,0,0,0,3000,3000,0,0
066750,緯穎元大01購04  ,0,0,0,0,0,0,0,0,0,0,0,0,0,100000,100000,0,0
066650,宏達電康和01購01,0,0,0,0,0,0,0,0,0,0,0,0,0,12000,12000,0,0
066671,TPK凱基02購02   ,0,0,0,0,0,0,0,0,0,0,0,0,0,9000,9000,0,0
066669,華擎凱基02購02  ,0,0,0,0,0,0,0,0,0,0,0,0,0,20000,20000,0,0
07115P,T50反1日盛9C售02,0,0,0,0,0,0,0,0,0,0,0,0,0,40000,40000,0,0
07056P,臺股指麥證99售02,0,0,0,10000,10000,0,0,0,0,0,0,0,0,10000,10000,0,0
07065P,臺股指元大9A售26,0,0,0,0,0,0,0,0,0,0,0,0,0,35000,35000,0,0
07183P,臺股指凱基99售25,0,0,0,0,0,0,0,0,0,0,0,0,0,50000,50000,0,0
07164P,臺股指群益99售15,0,0,0,0,0,0,0,0,0,0,0,0,0,160000,160000,0,0
06732P,台灣50日盛9A售01,0,0,0,0,0,0,0,0,0,0,0,0,0,620000,620000,0,0
067168,國巨麥證01購05  ,0,0,0,0,3000,-3000,0,0,0,0,0,0,0,3000,3000,0,0
06757P,台灣50元大9B售01,0,0,0,0,0,0,0,0,0,0,0,0,0,10000,10000,0,0
06758P,鴻海元大98售10  ,0,0,0,0,0,0,0,0,0,0,0,0,0,123000,123000,0,0
066979,國巨群益01購04  ,0,0,0,0,0,0,0,0,0,0,0,0,0,2000,2000,0,0
067044,華碩凱基02購01  ,0,0,0,0,0,0,0,0,0,0,0,0,0,56000,56000,0,0
067117,健策群益01購09  ,0,0,0,0,0,0,0,0,0,0,0,0,0,2000,2000,0,0
06705P,臻鼎元富98售03  ,0,0,0,0,0,0,0,0,0,0,0,0,0,74000,74000,0,0
067076,聯詠元大01購05  ,0,0,0,0,0,0,0,0,0,0,0,0,0,6000,6000,0,0
067086,中磊元大01購01  ,0,0,0,0,0,0,0,0,0,0,0,0,0,6000,6000,0,0
066591,華新科群益01購05,0,0,0,0,0,0,0,0,0,0,0,0,0,85000,85000,0,0
066552,大立光元大01購08,0,0,0,0,0,0,0,0,0,0,0,0,0,20000,20000,0,0
066540,景碩兆豐01購02  ,0,0,0,0,0,0,0,0,0,0,0,0,0,10000,10000,0,0
066442,華碩群益01購01  ,0,0,0,0,0,0,0,0,0,0,0,0,0,38000,38000,0,0
066498,康控國泰02購01  ,0,0,0,0,0,0,0,0,0,0,0,0,0,82000,82000,0,0
066484,瑞昱元富07購01  ,0,0,0,0,0,0,0,0,0,0,0,0,0,10000,10000,0,0
066520,大立光第一01購01,0,0,0,0,0,0,0,0,0,0,0,0,0,200000,200000,0,0
066393,華碩凱基01購01  ,0,0,0,0,0,0,0,0,0,0,0,0,0,4000,4000,0,0
066391,國巨凱基01購04  ,0,0,0,0,0,0,0,0,0,0,0,0,0,6000,6000,0,0
066053,創意元大01購01  ,0,0,0,0,0,0,0,0,0,0,0,0,0,20000,20000,0,0
066075,景碩凱基02購01  ,0,0,0,0,0,0,0,0,0,0,0,0,0,24000,24000,0,0
066022,鴻海群益01購07  ,0,0,0,0,0,0,0,0,0,0,0,0,0,5000,5000,0,0
066233,華碩富邦02購01  ,0,0,0,0,0,0,0,0,0,0,0,0,0,321000,321000,0,0
066268,宏達電元大01購02,0,0,0,0,0,0,0,0,0,0,0,0,0,2000,2000,0,0
066209,聯鈞統一03購01  ,2000,0,2000,0,0,0,0,0,0,-2000,0,0,0,0,2000,-2000,0
066155,華碩康和01購01  ,0,0,0,0,0,0,0,0,0,0,0,0,0,230000,230000,0,0
00625K,富邦上証+R      ,0,0,0,0,0,0,0,0,0,0,0,0,0,50000,50000,0,0
00636K,國泰中國A50+U   ,0,0,0,0,0,0,0,0,0,0,0,0,0,100,100,0,0
00657K,國泰日經225+U   ,0,0,0,0,0,0,0,0,0,0,0,0,0,100,100,0,0
00661,元大日經225     ,0,0,0,0,0,0,0,0,0,0,0,0,0,15000,15000,0,0
00668K,國泰美國道瓊+U  ,0,0,0,0,0,0,0,0,0,0,0,0,0,100,100,0,0
00775B,新光投等債15+   ,0,0,0,0,0,0,0,0,0,0,0,0,0,2000,2000,0,0
00689R,國泰20年美債反1 ,0,0,0,0,0,0,0,0,0,0,0,0,0,100000,100000,0,0
00681R,元大美債20反1   ,120000,40000,80000,0,0,0,0,0,0,-80000,0,0,0,40000,120000,-80000,0
00707R,元大S&P日圓反1  ,0,0,0,0,0,0,0,0,0,0,0,0,0,1000,1000,0,0
00732,國泰RMB短期報酬 ,0,0,0,0,0,0,0,0,0,0,0,0,0,100000,100000,0,0
045053,聯發科元富98購01,0,0,0,0,0,0,0,0,0,0,0,0,0,20000,20000,0,0
045054,聯發科元富98購02,0,0,0,0,0,0,0,0,0,0,0,0,0,5000,5000,0,0
046061,中石化凱基98購01,0,0,0,0,0,0,0,0,0,0,0,0,0,20000,20000,0,0
03111P,元油2X富邦97售01,0,0,0,0,0,0,0,0,0,0,0,0,0,1000,1000,0,0
054309,禾伸堂凱基98購01,0,0,0,0,0,0,0,0,0,0,0,0,0,20000,20000,0,0
054196,台光電國泰97購02,0,0,0,0,0,0,0,0,0,0,0,0,0,10000,10000,0,0
055408,力成國泰98購01  ,0,0,0,0,0,0,0,0,0,0,0,0,0,15000,15000,0,0
055377,揚明光元大98購01,0,0,0,0,0,0,0,0,0,0,0,0,0,50000,50000,0,0
056434,國巨凱基98購03  ,0,0,0,0,0,0,0,0,0,0,0,0,0,7000,7000,0,0
056435,台積電凱基98購09,0,0,0,0,0,0,0,0,0,0,0,0,0,4000,4000,0,0
054435,華新科台新97購02,0,0,0,0,0,0,0,0,0,0,0,0,0,300000,300000,0,0
054437,欣興台新97購02  ,0,0,0,0,0,0,0,0,0,0,0,0,0,28000,28000,0,0
050306,聯發科中信97購01,0,0,0,0,0,0,0,0,0,0,0,0,0,50000,50000,0,0
051971,元金2X凱基97購02,0,0,0,0,0,0,0,0,0,0,0,0,0,100000,100000,0,0
051838,國巨國泰97購01  ,0,0,0,0,0,0,0,0,0,0,0,0,0,100000,100000,0,0
056593,台積電元富98購02,0,0,0,0,0,0,0,0,0,0,0,0,0,1000,1000,0,0
056594,台積電元富98購03,0,0,0,0,0,0,0,0,0,0,0,0,0,30000,30000,0,0
056192,智邦富邦98購01  ,0,0,0,0,0,0,0,0,0,0,0,0,0,2000,2000,0,0
054743,聯鈞凱基99購01  ,0,0,0,0,0,0,0,0,0,0,0,0,0,26000,26000,0,0
056264,聯發科統一98購02,0,0,0,0,0,0,0,0,0,0,0,0,0,4000,4000,0,0
056298,億光元大97購02  ,0,0,0,0,0,0,0,0,0,0,0,0,0,71000,71000,0,0
056246,祥碩群益97購01  ,0,0,0,0,0,0,0,0,0,0,0,0,0,140000,140000,0,0
056132,台光電元大97購03,0,0,0,0,0,0,0,0,0,0,0,0,0,2000,2000,0,0
055986,祥碩元富97購01  ,0,0,0,0,0,0,0,0,0,0,0,0,0,69000,69000,0,0
054627,義隆凱基98購01  ,0,0,0,0,0,0,0,0,0,0,0,0,0,10000,10000,0,0
055713,國巨元大98購09  ,0,0,0,0,0,0,0,0,0,0,0,0,0,3000,3000,0,0
055572,鴻海統一98購04  ,0,0,0,0,0,0,0,0,0,0,0,0,0,11000,11000,0,0
055576,嘉晶統一98購01  ,0,0,0,0,0,0,0,0,0,0,0,0,0,70000,70000,0,0
055590,聯發科元大98購02,0,0,0,0,0,0,0,0,0,0,0,0,0,30000,30000,0,0
058216,TPK群益99購01   ,0,0,0,0,0,0,0,0,0,0,0,0,0,1000,1000,0,0
058237,嘉晶元大99購04  ,0,0,0,0,0,0,0,0,0,0,0,0,0,1000,1000,0,0
058249,緯穎元大99購04  ,0,0,0,0,0,0,0,0,0,0,0,0,0,20000,20000,0,0
058958,台表科國票9A購03,0,0,0,0,0,0,0,0,0,0,0,0,0,10000,10000,0,0
058961,台灣50兆豐9C購01,0,0,0,0,0,0,0,0,0,0,0,0,0,146000,146000,0,0
058931,玉晶光統一9C購01,0,0,0,0,0,0,0,0,0,0,0,0,0,1000,1000,0,0
058980,鴻海凱基99購06  ,0,0,0,0,0,0,0,0,0,0,0,0,0,20000,20000,0,0
058855,台積電兆豐99購02,0,0,0,0,0,0,0,0,0,0,0,0,0,1000,1000,0,0
056772,欣興元大99購01  ,0,0,0,0,0,0,0,0,0,0,0,0,0,16000,16000,0,0
056763,國巨元大99購02  ,0,0,0,0,0,0,0,0,0,0,0,0,0,4000,4000,0,0
057364,國巨元大98購18  ,0,0,0,0,0,0,0,0,0,0,0,0,0,2000,2000,0,0
057367,技嘉元大98購02  ,0,0,0,0,0,0,0,0,0,0,0,0,0,15000,15000,0,0
057368,微星元大98購02  ,0,0,0,0,0,0,0,0,0,0,0,0,0,16000,16000,0,0
057375,欣興元大98購09  ,0,0,0,0,0,0,0,0,0,0,0,0,0,5000,5000,0,0
058166,鴻海凱基9A購01  ,0,0,0,0,0,0,0,0,0,0,0,0,0,4000,4000,0,0
056681,鴻海統一98購09  ,0,0,0,0,0,0,0,0,0,0,0,0,0,11000,11000,0,0
056682,鴻海統一98購10  ,0,0,0,0,0,0,0,0,0,0,0,0,0,10000,10000,0,0
056636,台積電日盛9A購01,0,0,0,0,0,0,0,0,0,0,0,0,0,10000,10000,0,0
056803,群創台新99購02  ,0,0,0,0,0,0,0,0,0,0,0,0,0,10000,10000,0,0
056899,可成元大98購01  ,0,0,0,0,0,0,0,0,0,0,0,0,0,68000,68000,0,0
056905,欣興元大98購03  ,0,0,0,0,0,0,0,0,0,0,0,0,0,1000,1000,0,0
057063,立積國泰9A購01  ,0,0,0,0,0,0,0,0,0,0,0,0,0,30000,30000,0,0
056990,聯發科兆豐98購01,0,0,0,0,0,0,0,0,0,0,0,0,0,10000,10000,0,0
056999,元油2X國票98購02,0,0,0,0,0,0,0,0,0,0,0,0,0,288000,288000,0,0
057006,國巨中信98購03  ,0,0,0,0,0,0,0,0,0,0,0,0,0,20000,20000,0,0
058565,鴻海凱基9A購07  ,0,0,0,0,0,0,0,0,0,0,0,0,0,5000,5000,0,0
058502,鴻海元大99購13  ,0,0,0,0,0,0,0,0,0,0,0,0,0,3000,3000,0,0
057478,智邦元大99購01  ,0,0,0,0,0,0,0,0,0,0,0,0,0,4000,4000,0,0
057480,技嘉元大98購03  ,0,0,0,0,0,0,0,0,0,0,0,0,0,1000,1000,0,0
057483,微星元大98購04  ,0,0,0,0,0,0,0,0,0,0,0,0,0,10000,10000,0,0
058320,華新科永豐99購02,0,0,0,0,0,0,0,0,0,0,0,0,0,40000,40000,0,0
058353,國巨凱基99購09  ,0,0,0,0,0,0,0,0,0,0,0,0,0,99000,99000,0,0
058338,康友元富99購01  ,0,0,0,0,0,0,0,0,0,0,0,0,0,50000,50000,0,0
057758,鴻海凱基99購03  ,0,0,0,0,0,0,0,0,0,0,0,0,0,4000,4000,0,0
057133,京鼎凱基98購02  ,0,0,0,0,0,0,0,0,0,0,0,0,0,20000,20000,0,0
057164,國巨元大98購14  ,0,0,0,0,0,0,0,0,0,0,0,0,0,2000,2000,0,0
057165,國巨元大99購05  ,0,0,0,0,0,0,0,0,0,0,0,0,0,4000,4000,0,0
057273,智邦元大98購05  ,0,0,0,0,0,0,0,0,0,0,0,0,0,3000,3000,0,0
057268,臻鼎兆豐99購01  ,0,0,0,0,0,0,0,0,0,0,0,0,0,4000,4000,0,0
058052,南電元大98購02  ,0,0,0,0,0,0,0,0,0,0,0,0,0,1000,1000,0,0
058044,鴻海元大99購07  ,0,0,0,0,0,0,0,0,0,0,0,0,0,2000,2000,0,0
057986,華新科元富99購05,0,0,0,0,0,0,0,0,0,0,0,0,0,160000,160000,0,0
058007,南電群益98購02  ,0,0,0,0,0,0,0,0,0,0,0,0,0,1000,1000,0,0
057984,聯發科台新98購01,0,0,0,0,0,0,0,0,0,0,0,0,0,16000,16000,0,0
057963,緯穎元大98購08  ,0,0,0,0,0,0,0,0,0,0,0,0,0,50000,50000,0,0
057978,聯發科永豐98購05,0,0,0,0,0,0,0,0,0,0,0,0,0,5000,5000,0,0
057923,晶豪科凱基98購02,0,0,0,0,0,0,0,0,0,0,0,0,0,85000,85000,0,0
058115,台光電中信99購01,0,0,0,0,0,0,0,0,0,0,0,0,0,2000,2000,0,0
058079,鴻海群益98購08  ,0,0,0,0,0,0,0,0,0,0,0,0,0,13000,13000,0,0
057659,台表科兆豐98購01,0,0,0,0,0,0,0,0,0,0,0,0,0,6000,6000,0,0
058120,台灣50國票99購03,0,0,0,0,0,0,0,0,0,0,0,0,0,30000,30000,0,0
058416,鴻海麥證99購01  ,0,0,0,4000,0,4000,0,0,0,0,0,0,0,4000,4000,0,0
058409,鴻海兆豐99購05  ,0,0,0,0,0,0,0,0,0,0,0,0,0,4000,4000,0,0
058369,亞光凱基99購02  ,0,0,0,0,0,0,0,0,0,0,0,0,0,20000,20000,0,0
058742,鴻海康和99購01  ,0,0,0,0,0,0,0,0,0,0,0,0,0,5000,5000,0,0
058737,鴻海第一01購01  ,0,0,0,0,0,0,0,0,0,0,0,0,0,5000,5000,0,0
058791,鴻海元大99購17  ,0,0,0,0,0,0,0,0,0,0,0,0,0,25000,25000,0,0
058712,鴻海統一9B購03  ,0,0,0,0,0,0,0,0,0,0,0,0,0,5000,5000,0,0
058698,華通元大99購05  ,0,0,0,0,0,0,0,0,0,0,0,0,0,3000,3000,0,0
058683,可成凱基9A購01  ,0,0,0,0,0,0,0,0,0,0,0,0,0,2000,2000,0,0
058685,TPK凱基99購01   ,0,0,0,0,0,0,0,0,0,0,0,0,0,9000,9000,0,0
058612,健策元大99購02  ,0,0,0,0,0,0,0,0,0,0,0,0,0,4000,4000,0,0
058633,台灣50兆豐99購01,0,0,0,0,0,0,0,0,0,0,0,0,0,20000,20000,0,0
058655,鴻海中信03購02  ,0,0,0,0,0,0,0,0,0,0,0,0,0,5000,5000,0,0
058649,健策永豐99購01  ,0,0,0,0,0,0,0,0,0,0,0,0,0,9000,9000,0,0
062500,國巨群益01購01  ,0,0,0,0,0,0,0,0,0,0,0,0,0,10000,10000,0,0
062446,聯詠元大9B購02  ,0,0,0,0,0,0,0,0,0,0,0,0,0,7000,7000,0,0
062448,健策元大9C購04  ,0,0,0,0,0,0,0,0,0,0,0,0,0,3000,3000,0,0
062458,全新群益9B購03  ,0,0,0,0,0,0,0,0,0,0,0,0,0,31000,31000,0,0
062467,國巨凱基9B購08  ,0,0,0,0,0,0,0,0,0,0,0,0,0,2000,2000,0,0
062468,台積電凱基9B購06,0,0,0,0,0,0,0,0,0,0,0,0,0,2000,2000,0,0
062403,健策永豐9B購06  ,0,0,0,0,0,0,0,0,0,0,0,0,0,8000,8000,0,0
062418,台積電統一01購06,0,0,0,0,0,0,0,0,0,0,0,0,0,6000,6000,0,0
062421,台積電統一9C購09,0,0,0,0,0,0,0,0,0,0,0,0,0,40000,40000,0,0
062435,國巨元大9B購13  ,0,0,0,0,0,0,0,0,0,0,0,0,0,2000,2000,0,0
062436,國巨元大9B購14  ,0,0,0,0,0,0,0,0,0,0,0,0,0,50000,50000,0,0
062338,鴻海麥證9B購01  ,0,0,0,4000,6000,-2000,0,0,0,0,0,0,0,10000,10000,0,0
062372,旭富元大9B購01  ,0,0,0,0,0,0,0,0,0,0,0,0,0,68000,68000,0,0
062277,廣達群益9B購01  ,0,0,0,0,0,0,0,0,0,0,0,0,0,36000,36000,0,0
062315,健策凱基9C購01  ,0,0,0,0,0,0,0,0,0,0,0,0,0,3000,3000,0,0
058839,瑞儀中信99購02  ,0,0,0,0,0,0,0,0,0,0,0,0,0,20000,20000,0,0
062181,義隆元大9B購03  ,0,0,0,0,0,0,0,0,0,0,0,0,0,5000,5000,0,0
062202,國巨國票9C購04  ,0,0,0,0,0,0,0,0,0,0,0,0,0,2000,2000,0,0
062054,鴻海統一9C購06  ,0,0,0,0,0,0,0,0,0,0,0,0,0,5000,5000,0,0
062073,國巨元大9B購06  ,0,0,0,0,0,0,0,0,0,0,0,0,0,2000,2000,0,0
063033,台積電凱基9B購09,0,0,0,0,0,0,0,0,0,0,0,0,0,4000,4000,0,0
063034,致茂凱基9B購01  ,0,0,0,0,0,0,0,0,0,0,0,0,0,26000,26000,0,0
063045,國巨兆豐9C購02  ,0,0,0,0,0,0,0,0,0,0,0,0,0,2000,2000,0,0
063073,瑞昱永豐9B購01  ,0,0,0,0,0,0,0,0,0,0,0,0,0,1000,1000,0,0
061946,鴻海群益9B購03  ,0,0,0,0,0,0,0,0,0,0,0,0,0,3000,3000,0,0
061927,玉晶光凱基9C購01,0,0,0,0,0,0,0,0,0,0,0,0,0,11000,11000,0,0
062843,臺股指群益9B購10,0,0,0,0,0,0,0,0,0,0,0,0,0,5000,5000,0,0
062868,葡萄王中信9B購01,0,0,0,0,0,0,0,0,0,0,0,0,0,48000,48000,0,0
061880,台郡元大9B購02  ,0,0,0,0,0,0,0,0,0,0,0,0,0,10000,10000,0,0
061893,鴻海永豐9B購01  ,0,0,0,0,0,0,0,0,0,0,0,0,0,5000,5000,0,0
061913,宏碁中信9B購01  ,0,0,0,0,0,0,0,0,0,0,0,0,0,112000,112000,0,0
063249,祥碩元大9B購06  ,0,0,0,0,0,0,0,0,0,0,0,0,0,10000,10000,0,0
063110,牧德兆豐9B購01  ,0,0,0,0,0,0,0,0,0,0,0,0,0,168000,168000,0,0
063107,矽創群益9B購01  ,0,0,0,0,0,0,0,0,0,0,0,0,0,20000,20000,0,0
06333P,臺股指群益9C售02,0,0,0,0,0,0,0,0,0,0,0,0,0,246000,246000,0,0
062920,康友元大9B購01  ,0,0,0,0,0,0,0,0,0,0,0,0,0,23000,23000,0,0
061053,國巨群益9A購08  ,0,0,0,0,0,0,0,0,0,0,0,0,0,2000,2000,0,0
061018,台積電國票9B購05,0,0,0,0,0,0,0,0,0,0,0,0,0,2000,2000,0,0
061064,可成凱基9B購02  ,0,0,0,0,0,0,0,0,0,0,0,0,0,2000,2000,0,0
061056,臺指反國票02購01,0,0,0,0,0,0,0,0,0,0,0,0,0,40000,40000,0,0
060352,滬深2X元富9A購02,0,0,0,0,0,0,0,0,0,0,0,0,0,1000,1000,0,0
062762,聯詠凱基9B購02  ,0,0,0,0,0,0,0,0,0,0,0,0,0,1000,1000,0,0
062777,鴻海元大9C購03  ,0,0,0,0,0,0,0,0,0,0,0,0,0,3000,3000,0,0
062794,鴻海統一9C購15  ,4000,0,4000,0,0,0,0,0,0,-4000,0,0,0,52000,56000,-4000,0
061365,國巨國票9B購05  ,0,0,0,0,0,0,0,0,0,0,0,0,0,9000,9000,0,0
061288,大立光統一9C購01,0,0,0,0,0,0,0,0,0,0,0,0,0,5000,5000,0,0
061415,健策群益9A購04  ,0,0,0,0,0,0,0,0,0,0,0,0,0,14000,14000,0,0
061395,健策統一9C購02  ,0,0,0,0,0,0,0,0,0,0,0,0,0,13000,13000,0,0
061400,可成兆豐9B購02  ,0,0,0,0,0,0,0,0,0,0,0,0,0,2000,2000,0,0
061446,鴻海中信04購01  ,0,0,0,0,0,0,0,0,0,0,0,0,0,5000,5000,0,0
061482,健策元大9C購01  ,0,0,0,0,0,0,0,0,0,0,0,0,0,2000,2000,0,0
062811,鴻海兆豐9B購01  ,0,0,0,0,0,0,0,0,0,0,0,0,0,4000,4000,0,0
061764,旺宏元大9B購01  ,0,0,0,0,0,0,0,0,0,0,0,0,0,51000,51000,0,0
061710,國巨凱基9A購18  ,0,0,0,0,0,0,0,0,0,0,0,0,0,4000,4000,0,0
061711,台積電凱基9A購27,0,0,0,0,0,0,0,0,0,0,0,0,0,150000,150000,0,0
061509,SP黃豆富邦9C購01,0,0,0,0,0,0,0,0,0,0,0,0,0,65000,65000,0,0
060471,台勝科元大9B購01,0,0,0,0,0,0,0,0,0,0,0,0,0,9000,9000,0,0
060502,國巨元大9A購07  ,0,0,0,0,0,0,0,0,0,0,0,0,0,20000,20000,0,0
060510,大立光元大9A購03,0,0,0,0,0,0,0,0,0,0,0,0,0,30000,30000,0,0
062583,鴻海統一9C購12  ,0,0,0,0,0,0,0,0,0,0,0,0,0,5000,5000,0,0
062600,可成台新9B購01  ,0,0,0,0,0,0,0,0,0,0,0,0,0,30000,30000,0,0
062596,緯穎統一01購02  ,0,0,0,0,0,0,0,0,0,0,0,0,0,30000,30000,0,0
062623,元金2X國票01購01,0,0,0,0,0,0,0,0,0,0,0,0,0,12000,12000,0,0
060293,緯創元大9A購01  ,0,0,0,0,0,0,0,0,0,0,0,0,0,4000,4000,0,0
060522,鴻海中信9A購03  ,0,0,0,0,0,0,0,0,0,0,0,0,0,5000,5000,0,0
060618,玉晶光元大9A購02,0,0,0,0,0,0,0,0,0,0,0,0,0,1000,1000,0,0
060631,微星富邦9B購01  ,0,0,0,0,0,0,0,0,0,0,0,0,0,59000,59000,0,0
060680,玉晶光元大9C購03,0,0,0,0,0,0,0,0,0,0,0,0,0,3000,3000,0,0
060685,康友元大9A購01  ,0,0,0,0,0,0,0,0,0,0,0,0,0,2000,2000,0,0
060692,鴻海麥證9A購01  ,0,0,0,3000,5000,-2000,0,0,0,0,0,0,0,8000,8000,0,0
060784,鴻海富邦9C購01  ,0,0,0,0,0,0,0,0,0,0,0,0,0,5000,5000,0,0
060729,國巨群益9A購05  ,0,0,0,0,0,0,0,0,0,0,0,0,0,2000,2000,0,0
060732,玉晶光群益9C購02,0,0,0,0,0,0,0,0,0,0,0,0,0,41000,41000,0,0
059237,鴻海凱基9A購10  ,0,0,0,0,0,0,0,0,0,0,0,0,0,11000,11000,0,0
059240,台積電凱基9A購09,0,0,0,0,0,0,0,0,0,0,0,0,0,2000,2000,0,0
059282,嘉聯益永豐99購01,0,0,0,0,0,0,0,0,0,0,0,0,0,68000,68000,0,0
059783,旺宏元大99購17  ,0,0,0,0,0,0,0,0,0,0,0,0,0,3000,3000,0,0
059648,台表科凱基99購03,0,0,0,0,0,0,0,0,0,0,0,0,0,20000,20000,0,0
059588,鴻海元大99購32  ,0,0,0,0,0,0,0,0,0,0,0,0,0,10000,10000,0,0
059161,鴻海凱基9A購09  ,0,0,0,0,0,0,0,0,0,0,0,0,0,9000,9000,0,0
059731,康控元大99購04  ,0,0,0,0,0,0,0,0,0,0,0,0,0,3000,3000,0,0
059717,國巨元大99購21  ,0,0,0,0,0,0,0,0,0,0,0,0,0,5000,5000,0,0
059315,鴻海元大99購30  ,0,0,0,0,0,0,0,0,0,0,0,0,0,3000,3000,0,0
059404,鴻海台新99購03  ,0,0,0,0,0,0,0,0,0,0,0,0,0,10000,10000,0,0
059451,國巨永豐99購05  ,0,0,0,0,0,0,0,0,0,0,0,0,0,2000,2000,0,0
059945,嘉澤永豐99購03  ,0,0,0,0,0,0,0,0,0,0,0,0,0,11000,11000,0,0
059913,台積電元大99購44,0,0,0,0,0,0,0,0,0,0,0,0,0,5000,5000,0,0
059872,華新科凱基01購01,0,0,0,0,0,0,0,0,0,0,0,0,0,100000,100000,0,0
059884,鴻海國票99購09  ,0,0,0,0,0,0,0,0,0,0,0,0,0,3000,3000,0,0
059885,台積電國票99購12,0,0,0,0,0,0,0,0,0,0,0,0,0,2000,2000,0,0
059879,GIS凱基99購03   ,0,0,0,0,0,0,0,0,0,0,0,0,0,3000,3000,0,0
062156,美律凱基9B購01  ,0,0,0,0,0,0,0,0,0,0,0,0,0,30000,30000,0,0
062524,鴻海統一9C購09  ,0,0,0,0,0,0,0,0,0,0,0,0,0,5000,5000,0,0
062525,鴻海統一9C購10  ,0,0,0,0,0,0,0,0,0,0,0,0,0,5000,5000,0,0
06213P,大立光元大98售07,0,0,0,0,0,0,0,0,0,0,0,0,0,40000,40000,0,0
060055,宏達電凱基99購06,0,0,0,0,0,0,0,0,0,0,0,0,0,2000,2000,0,0
060059,鴻海兆豐99購06  ,0,0,0,0,0,0,0,0,0,0,0,0,0,5000,5000,0,0
060091,技嘉元大99購03  ,0,0,0,0,0,0,0,0,0,0,0,0,0,2000,2000,0,0
059059,宏達電凱基99購03,0,0,0,0,0,0,0,0,0,0,0,0,0,2000,2000,0,0
060016,廣達康和99購01  ,0,0,0,0,0,0,0,0,0,0,0,0,0,31000,31000,0,0
061813,鴻海群益9B購02  ,0,0,0,0,0,0,0,0,0,0,0,0,0,9000,9000,0,0
061798,晶豪科永豐9B購01,0,0,0,0,0,0,0,0,0,0,0,0,0,100000,100000,0,0
061848,國巨國票9B購07  ,0,0,0,0,0,0,0,0,0,0,0,0,0,2000,2000,0,0
061849,國巨國票9B購08  ,0,0,0,0,0,0,0,0,0,0,0,0,0,2000,2000,0,0
061781,台積電群益9C購01,0,0,0,0,0,0,0,0,0,0,0,0,0,1000,1000,0,0
060859,鴻海永豐9A購01  ,0,0,0,0,0,0,0,0,0,0,0,0,0,9000,9000,0,0
060912,華新科元大9A購10,0,0,0,0,0,0,0,0,0,0,0,0,0,68000,68000,0,0
059507,鴻海永豐99購03  ,0,0,0,0,0,0,0,0,0,0,0,0,0,10000,10000,0,0
061669,崇越中信9A購01  ,0,0,0,0,0,0,0,0,0,0,0,0,0,10000,10000,0,0
059466,國巨元大99購26  ,0,0,0,0,0,0,0,0,0,0,0,0,0,4000,4000,0,0
059469,智邦元大99購03  ,0,0,0,0,0,0,0,0,0,0,0,0,0,2000,2000,0,0
061678,玉晶光元大9B購04,0,0,0,0,0,0,0,0,0,0,0,0,0,1000,1000,0,0
061644,健策元大9C購02  ,0,0,0,0,0,0,0,0,0,0,0,0,0,5000,5000,0,0
061637,華新科元大9A購22,0,0,0,0,0,0,0,0,0,0,0,0,0,68000,68000,0,0
060929,健策永豐9A購01  ,0,0,0,0,0,0,0,0,0,0,0,0,0,9000,9000,0,0
060995,泰鼎元大9A購03  ,0,0,0,0,0,0,0,0,0,0,0,0,0,1000,1000,0,0
061616,鴻海群益9A購07  ,0,0,0,0,0,0,0,0,0,0,0,0,0,11000,11000,0,0
059153,臺股指國票99購16,0,0,0,0,0,0,0,0,0,0,0,0,0,6000,6000,0,0
059085,鴻海元大99購25  ,0,0,0,0,0,0,0,0,0,0,0,0,0,9000,9000,0,0
059086,國巨元大99購18  ,0,0,0,0,0,0,0,0,0,0,0,0,0,50000,50000,0,0
062553,台積電凱基9B購07,0,0,0,0,0,0,0,0,0,0,0,0,0,4000,4000,0,0
064290,GIS元大9C購04   ,0,0,0,0,0,0,0,0,0,0,0,0,0,50000,50000,0,0
064308,國巨群益9C購09  ,0,0,0,0,0,0,0,0,0,0,0,0,0,2000,2000,0,0
064319,南電群益9C購01  ,0,0,0,0,0,0,0,0,0,0,0,0,0,50000,50000,0,0
064274,燿華元大9C購01  ,0,0,0,0,0,0,0,0,0,0,0,0,0,26000,26000,0,0
064271,鴻海元大9C購08  ,0,0,0,0,0,0,0,0,0,0,0,0,0,3000,3000,0,0
064272,鴻海元大9C購09  ,0,0,0,0,0,0,0,0,0,0,0,0,0,3000,3000,0,0
064254,景碩台新9C購02  ,0,0,0,0,0,0,0,0,0,0,0,0,0,20000,20000,0,0
064120,鴻海元大9C購07  ,0,0,0,0,0,0,0,0,0,0,0,0,0,3000,3000,0,0
064098,正崴群益9C購01  ,0,0,0,0,0,0,0,0,0,0,0,0,0,30000,30000,0,0
064111,國巨國票02購02  ,0,0,0,0,0,0,0,0,0,0,0,0,0,9000,9000,0,0
064202,景碩兆豐9C購01  ,0,0,0,0,0,0,0,0,0,0,0,0,0,1000,1000,0,0
064223,日電貿國票01購01,0,0,0,0,0,0,0,0,0,0,0,0,0,38000,38000,0,0
064686,鴻海群益01購03  ,0,0,0,0,0,0,0,0,0,0,0,0,0,16000,16000,0,0
064661,鴻海元大01購02  ,0,0,0,0,0,0,0,0,0,0,0,0,0,39000,39000,0,0
064662,鴻海元大9C購10  ,0,0,0,0,0,0,0,0,0,0,0,0,0,3000,3000,0,0
064663,鴻海元大9C購11  ,0,0,0,0,0,0,0,0,0,0,0,0,0,4000,4000,0,0
064430,鴻海凱基03購04  ,0,0,0,0,0,0,0,0,0,0,0,0,0,24000,24000,0,0
064546,燿華凱基02購01  ,0,0,0,0,0,0,0,0,0,0,0,0,0,60000,60000,0,0
06453P,群創元大9B售02  ,0,0,0,0,0,0,0,0,0,0,0,0,0,10000,10000,0,0
064525,臺股指群益9C購10,0,0,0,0,0,0,0,0,0,0,0,0,0,1000,1000,0,0
063963,鴻海國票01購01  ,0,0,0,0,0,0,0,0,0,0,0,0,0,10000,10000,0,0
064082,緯創中信06購01  ,0,0,0,0,0,0,0,0,0,0,0,0,0,5000,5000,0,0
064022,台積電元大9C購07,0,0,0,0,0,0,0,0,0,0,0,0,0,16000,16000,0,0
064005,義隆凱基01購01  ,0,0,0,0,0,0,0,0,0,0,0,0,0,10000,10000,0,0
064034,台表科元大9C購07,0,0,0,0,0,0,0,0,0,0,0,0,0,2000,2000,0,0
063744,儒鴻國票9C購01  ,0,0,0,0,0,0,0,0,0,0,0,0,0,2000,2000,0,0
063727,鴻海元大9C購05  ,0,0,0,0,0,0,0,0,0,0,0,0,0,4000,4000,0,0
063766,南茂元富9B購01  ,0,0,0,0,0,0,0,0,0,0,0,0,0,20000,20000,0,0
063842,國巨元大9C購10  ,0,0,0,0,0,0,0,0,0,0,0,0,0,2000,2000,0,0
063840,鴻海元大01購01  ,0,0,0,0,0,0,0,0,0,0,0,0,0,10000,10000,0,0
063530,同欣電凱基9C購02,0,0,0,0,0,0,0,0,0,0,0,0,0,13000,13000,0,0
063534,鴻海統一9B購07  ,0,0,0,0,0,0,0,0,0,0,0,0,0,5000,5000,0,0
063416,台積電凱基9B購10,0,0,0,0,0,0,0,0,0,0,0,0,0,12000,12000,0,0
063379,帆宣永豐9B購01  ,0,0,0,0,0,0,0,0,0,0,0,0,0,55000,55000,0,0
063393,華通群益9C購05  ,0,0,0,0,0,0,0,0,0,0,0,0,0,12000,12000,0,0
063571,TPK元大9B購03   ,0,0,0,0,0,0,0,0,0,0,0,0,0,10000,10000,0,0
063608,力成凱基9B購03  ,0,0,0,0,0,0,0,0,0,0,0,0,0,20000,20000,0,0
063636,聯發科元大9B購26,0,0,0,0,0,0,0,0,0,0,0,0,0,2000,2000,0,0
063685,鴻海永豐9B購03  ,0,0,0,0,0,0,0,0,0,0,0,0,0,9000,9000,0,0
065826,國巨凱基9C購12  ,0,0,0,0,0,0,0,0,0,0,0,0,0,2000,2000,0,0
06585P,鴻海元大99售04  ,0,0,0,0,0,0,0,0,0,0,0,0,0,50000,50000,0,0
065918,可成凱基01購01  ,0,0,0,0,0,0,0,0,0,0,0,0,0,6000,6000,0,0
065395,致茂群益01購01  ,0,0,0,0,0,0,0,0,0,0,0,0,0,21000,21000,0,0
065410,國巨永豐9C購01  ,0,0,0,0,0,0,0,0,0,0,0,0,0,2000,2000,0,0
065512,友訊群益01購01  ,0,0,0,0,0,0,0,0,0,0,0,0,0,10000,10000,0,0
065480,旭富元大9C購06  ,0,0,0,0,0,0,0,0,0,0,0,0,0,68000,68000,0,0
065464,健鼎中信9C購01  ,0,0,0,0,0,0,0,0,0,0,0,0,0,48000,48000,0,0
065629,台積電國票01購04,0,0,0,0,0,0,0,0,0,0,0,0,0,2000,2000,0,0
065634,聯發科國票9C購06,0,0,0,0,0,0,0,0,0,0,0,0,0,1000,1000,0,0
065691,國巨群益9C購16  ,0,0,0,0,0,0,0,0,0,0,0,0,0,2000,2000,0,0
065670,華新科凱基01購02,0,0,0,0,0,0,0,0,0,0,0,0,0,10000,10000,0,0
065595,鴻海元大9C購15  ,0,0,0,0,0,0,0,0,0,0,0,0,0,6000,6000,0,0
06556P,臺股指元大99售08,0,0,0,0,0,0,0,0,0,0,0,0,0,20000,20000,0,0
064801,鴻海元大9C購13  ,0,0,0,0,0,0,0,0,0,0,0,0,0,3000,3000,0,0
064785,康友群益9C購01  ,0,0,0,0,0,0,0,0,0,0,0,0,0,7000,7000,0,0
06486P,麗豐元大98售02  ,0,0,0,0,0,0,0,0,0,0,0,0,0,30000,30000,0,0
064834,大立光統一02購05,0,0,0,0,0,0,0,0,0,0,0,0,0,3000,3000,0,0
064812,旭富元大9C購04  ,0,0,0,0,0,0,0,0,0,0,0,0,0,68000,68000,0,0
064939,健策元富9C購03  ,0,0,0,0,0,0,0,0,0,0,0,0,0,50000,50000,0,0
065006,景碩國票01購01  ,0,0,0,0,0,0,0,0,0,0,0,0,0,2000,2000,0,0
065009,勤誠國票01購01  ,0,0,0,0,0,0,0,0,0,0,0,0,0,38000,38000,0,0
065266,創意元大9C購05  ,0,0,0,0,0,0,0,0,0,0,0,0,0,32000,32000,0,0
065233,TPK凱基01購01   ,0,0,0,0,0,0,0,0,0,0,0,0,0,9000,9000,0,0
065064,創意群益9C購02  ,0,0,0,0,0,0,0,0,0,0,0,0,0,44000,44000,0,0
065077,鴻海元大01購03  ,0,0,0,0,0,0,0,0,0,0,0,0,0,19000,19000,0,0
065046,玉晶光凱基01購03,0,0,0,0,0,0,0,0,0,0,0,0,0,26000,26000,0,0
065060,上銀群益9C購02  ,0,0,0,0,0,0,0,0,0,0,0,0,0,5000,5000,0,0
065200,健策元富9C購04  ,0,0,0,0,0,0,0,0,0,0,0,0,0,50000,50000,0,0
065138,上銀凱基02購01  ,0,0,0,0,0,0,0,0,0,0,0,0,0,7000,7000,0,0
065122,電子類富邦9C購01,0,0,0,0,0,0,0,0,0,0,0,0,0,10000,10000,0,0
065104,南茂元大9C購02  ,0,0,0,0,0,0,0,0,0,0,0,0,0,48000,48000,0,0
065165,上銀元大9C購09  ,0,0,0,0,0,0,0,0,0,0,0,0,0,68000,68000,0,0
065151,國巨群益9C購13  ,0,0,0,0,0,0,0,0,0,0,0,0,0,2000,2000,0,0
4439,冠星-KY         ,1000,1000,0,0,0,0,0,0,0,0,0,0,0,0,0,0,0
6405,悅城            ,1000,1000,0,0,0,0,0,0,0,0,0,0,0,0,0,0,0
4148,全宇生技-KY     ,23000,23000,0,0,0,0,0,0,0,0,0,0,0,0,0,0,0
2243,宏旭-KY         ,25000,25000,0,0,0,0,0,0,0,0,0,0,0,0,0,0,0
2611,志信            ,1000,1000,0,0,0,0,0,0,0,0,0,0,0,0,0,0,0
9918,欣天然          ,0,1000,-1000,0,0,0,0,0,0,1000,1000,0,1000,0,0,0,0
8478,東哥遊艇        ,1000,1000,0,0,0,0,0,0,0,0,0,0,0,0,0,0,0
6671,三能-KY         ,1000,1000,0,0,0,0,0,0,0,0,0,0,0,0,0,0,0
8222,寶一            ,2000,2000,0,0,0,0,0,0,0,0,0,0,0,0,0,0,0
2395,研華            ,127221,108831,18390,0,0,0,0,9000,-9000,-10000,0,8000,-8000,0,2000,-2000,-610
065994,南六永豐01購01  ,0,0,0,0,0,0,0,0,0,-1000,0,0,0,18000,19000,-1000,-1000
066353,台塑化永豐01購01,0,0,0,0,0,0,0,0,0,-1000,0,0,0,0,1000,-1000,-1000
066329,達欣工永豐01購01,0,0,0,0,0,0,0,0,0,-1000,0,0,0,0,1000,-1000,-1000
066304,聯華永豐01購01  ,0,0,0,0,0,0,0,0,0,-1000,0,0,0,0,1000,-1000,-1000
066978,國巨群益01購03  ,0,0,0,0,0,0,0,0,0,-1000,0,0,0,0,1000,-1000,-1000
06806P,臺股指群益98售12,0,0,0,0,0,0,0,0,0,-1000,0,0,0,0,1000,-1000,-1000
07084P,S&P正2元富9B售02,0,0,0,0,0,0,0,0,0,-1000,0,0,0,0,1000,-1000,-1000
06901P,亞德客凱基98售02,0,0,0,0,0,0,0,0,0,-1000,0,0,0,0,1000,-1000,-1000
06933P,禾伸堂元大98售03,0,0,0,0,0,0,0,0,0,-1000,0,0,0,0,1000,-1000,-1000
06984P,上銀富邦9B售01  ,0,0,0,0,0,0,0,0,0,-1000,0,0,0,36000,37000,-1000,-1000
066636,健策凱基01購02  ,0,0,0,0,0,0,0,0,0,-1000,0,0,0,9000,10000,-1000,-1000
066839,台灣50元大01購24,0,0,0,0,0,0,0,0,0,-1000,0,0,0,0,1000,-1000,-1000
066900,和潤康和07購01  ,0,0,0,0,0,0,0,0,0,-1000,0,0,0,0,1000,-1000,-1000
066894,聯發科兆豐03購01,0,0,0,0,0,0,0,0,0,-1000,0,0,0,0,1000,-1000,-1000
06688P,鴻海中信02售01  ,0,0,0,0,0,0,0,0,0,-1000,0,0,0,0,1000,-1000,-1000
066942,滬深2X元大03購02,0,0,0,0,0,0,0,0,0,-1000,0,0,0,0,1000,-1000,-1000
07745P,華新科凱基9A售10,0,0,0,0,0,0,0,0,0,-1000,0,0,0,0,1000,-1000,-1000
07851P,聯發科國票9A售05,0,0,0,0,0,0,0,0,0,-1000,0,0,0,0,1000,-1000,-1000
07891P,臺股指國票9B售01,0,0,0,0,0,0,0,0,0,-1000,0,0,0,0,1000,-1000,-1000
07292P,臺股指凱基99售44,0,0,0,0,0,0,0,0,0,-1000,0,0,0,0,1000,-1000,-1000
07255P,國巨凱基99售15  ,0,0,0,0,0,0,0,0,0,-1000,0,0,0,0,1000,-1000,-1000
07355P,臺股指國票99售23,0,0,0,0,0,0,0,0,0,-1000,0,0,0,0,1000,-1000,-1000
07503P,禾伸堂元大9A售01,0,0,0,0,0,0,0,0,0,-1000,0,0,0,0,1000,-1000,-1000
08309P,GIS凱基9C售01   ,0,0,0,0,0,0,0,0,0,-1000,0,0,0,40000,41000,-1000,-1000
08335P,香港2X中信03售01,0,0,0,0,0,0,0,0,0,-1000,0,0,0,0,1000,-1000,-1000
08204P,台灣50中信01售04,0,0,0,0,0,0,0,0,0,-1000,0,0,0,0,1000,-1000,-1000
08056P,華通群益9B售06  ,0,0,0,0,0,0,0,0,0,-1000,0,0,0,0,1000,-1000,-1000
1453,大將            ,0,1000,-1000,0,0,0,0,0,0,0,0,0,0,0,0,0,-1000
1525,江申            ,0,1000,-1000,0,0,0,0,0,0,0,0,0,0,0,0,0,-1000
1530,亞崴            ,1000,2000,-1000,0,0,0,0,0,0,0,0,0,0,0,0,0,-1000
08831P,台積電群益01售11,0,0,0,0,0,0,0,0,0,-1000,0,0,0,0,1000,-1000,-1000
1232,大統益          ,4000,5000,-1000,0,0,0,0,0,0,0,0,0,0,0,0,0,-1000
1233,天仁            ,0,1000,-1000,0,0,0,0,0,0,0,0,0,0,0,0,0,-1000
1323,永裕            ,3000,3000,0,0,0,0,0,0,0,-1000,0,1000,-1000,0,0,0,-1000
1235,興泰            ,2000,3000,-1000,0,0,0,0,0,0,0,0,0,0,0,0,0,-1000
1724,台硝            ,0,1000,-1000,0,0,0,0,0,0,0,0,0,0,0,0,0,-1000
1713,國化            ,1000,2000,-1000,0,0,0,0,0,0,0,0,0,0,0,0,0,-1000
1626,艾美特-KY       ,13000,4000,9000,0,0,0,0,0,0,-10000,0,10000,-10000,0,0,0,-1000
1776,展宇            ,0,1000,-1000,0,0,0,0,0,0,0,0,0,0,0,0,0,-1000
1735,日勝化          ,0,1000,-1000,0,0,0,0,0,0,0,0,0,0,0,0,0,-1000
1817,凱撒衛          ,0,1000,-1000,0,0,0,0,0,0,0,0,0,0,0,0,0,-1000
2028,威致            ,0,1000,-1000,0,0,0,0,0,0,0,0,0,0,0,0,0,-1000
08518P,世芯群益9C售03  ,0,0,0,0,0,0,0,0,0,-1000,0,0,0,0,1000,-1000,-1000
08583P,鴻海群益01售05  ,0,0,0,0,0,0,0,0,0,-1000,0,0,0,0,1000,-1000,-1000
08448P,台灣50中信01售05,0,0,0,0,0,0,0,0,0,-1000,0,0,0,0,1000,-1000,-1000
08650P,臺股指元大9C售36,0,0,0,0,0,0,0,0,0,-1000,0,0,0,9000,10000,-1000,-1000
062189,康控元大9B購02  ,0,0,0,0,0,0,0,0,0,-1000,0,0,0,60000,61000,-1000,-1000
058796,可成元大99購04  ,0,0,0,0,0,0,0,0,0,-1000,0,0,0,181000,182000,-1000,-1000
058799,晶技元大99購04  ,0,0,0,0,0,0,0,0,0,-1000,0,0,0,0,1000,-1000,-1000
062278,聯發科群益9C購01,0,0,0,0,0,0,0,0,0,-1000,0,0,0,0,1000,-1000,-1000
062256,聯發科元大9B購08,0,0,0,0,0,0,0,0,0,-1000,0,0,0,0,1000,-1000,-1000
062371,健策元大9B購08  ,0,0,0,0,0,0,0,0,0,-1000,0,0,0,0,1000,-1000,-1000
062432,上銀元大9B購04  ,0,0,0,0,0,0,0,0,0,-1000,0,0,0,0,1000,-1000,-1000
058639,南電兆豐99購01  ,0,0,0,0,0,0,0,0,0,-1000,0,0,0,4000,5000,-1000,-1000
058593,大立光統一9B購02,0,0,0,0,0,0,0,0,0,-1000,0,0,0,0,1000,-1000,-1000
058455,玉晶光永豐99購03,0,0,0,0,0,0,0,0,0,-1000,0,0,0,1000,2000,-1000,-1000
058673,華新科群益9A購02,0,0,0,0,0,0,0,0,0,-1000,0,0,0,0,1000,-1000,-1000
058729,國巨永豐99購03  ,0,0,0,0,0,0,0,0,0,-1000,0,0,0,0,1000,-1000,-1000
058738,FBVIX中信03購04 ,0,0,0,0,0,0,0,0,0,-1000,0,0,0,0,1000,-1000,-1000
057744,健策永豐98購02  ,0,0,0,0,0,0,0,0,0,-1000,0,0,0,0,1000,-1000,-1000
058408,華通兆豐99購02  ,0,0,0,0,0,0,0,0,0,-1000,0,0,0,0,1000,-1000,-1000
057638,上銀元大99購01  ,0,0,0,0,0,0,0,0,0,-1000,0,0,0,36000,37000,-1000,-1000
057645,華新科元大99購11,0,0,0,0,0,0,0,0,0,-1000,0,0,0,0,1000,-1000,-1000
057861,台積電凱基98購16,0,0,0,0,0,0,0,0,0,-1000,0,0,0,0,1000,-1000,-1000
057834,聯發科元富02購07,0,0,0,0,0,0,0,0,0,-1000,0,0,0,0,1000,-1000,-1000
057573,京鼎永豐98購02  ,0,0,0,0,0,0,0,0,0,-1000,0,0,0,0,1000,-1000,-1000
057561,大立光兆豐98購02,0,0,0,0,0,0,0,0,0,-1000,0,0,0,0,1000,-1000,-1000
058278,FBVIX中信03購02 ,0,0,0,0,0,0,0,0,0,-1000,0,0,0,0,1000,-1000,-1000
058559,華新科日盛99購02,0,0,0,0,0,0,0,0,0,-1000,0,0,0,0,1000,-1000,-1000
056856,華通群益9A購01  ,0,0,0,0,0,0,0,0,0,-1000,0,0,0,0,1000,-1000,-1000
056642,旺宏凱基98購07  ,0,0,0,0,0,0,0,0,0,-1000,0,0,0,0,1000,-1000,-1000
056776,聯茂元大99購01  ,0,0,0,0,0,0,0,0,0,-1000,0,0,0,0,1000,-1000,-1000
058937,仁寶中信99購01  ,0,0,0,0,0,0,0,0,0,-1000,0,0,0,20000,21000,-1000,-1000
058950,國巨群益99購06  ,0,0,0,0,0,0,0,0,0,-1000,0,0,0,0,1000,-1000,-1000
058266,宏達電永豐99購01,0,0,0,0,0,0,0,0,0,-1000,0,0,0,8000,9000,-1000,-1000
058227,台灣50元大9C購01,0,0,0,0,0,0,0,0,0,-1000,0,0,0,0,1000,-1000,-1000
055958,台光電元大97購02,0,0,0,0,0,0,0,0,0,-1000,0,0,0,6000,7000,-1000,-1000
05589P,大立光中信9A售01,0,0,0,0,0,0,0,0,0,-1000,0,0,0,0,1000,-1000,-1000
055820,矽力國票98購02  ,0,0,0,0,0,0,0,0,0,-1000,0,0,0,0,1000,-1000,-1000
054555,欣興凱基98購01  ,0,0,0,0,0,0,0,0,0,-1000,0,0,0,2000,3000,-1000,-1000
056142,超眾元大97購06  ,0,0,0,0,0,0,0,0,0,-1000,0,0,0,0,1000,-1000,-1000
056222,台積電凱基9A購01,0,0,0,0,0,0,0,0,0,-1000,0,0,0,10000,11000,-1000,-1000
052130,國巨凱基9B購01  ,0,0,0,0,0,0,0,0,0,-1000,0,0,0,0,1000,-1000,-1000
049842,道瓊反中信98購01,0,0,0,0,0,0,0,0,0,-1000,0,0,0,0,1000,-1000,-1000
056354,國巨元大98購10  ,0,0,0,0,0,0,0,0,0,-1000,0,0,0,0,1000,-1000,-1000
053088,奇鋐元大98購01  ,0,0,0,0,0,0,0,0,0,-1000,0,0,0,2000,3000,-1000,-1000
056451,可成凱基99購01  ,0,0,0,0,0,0,0,0,0,-1000,0,0,0,0,1000,-1000,-1000
055503,健策元大98購05  ,0,0,0,0,0,0,0,0,0,-1000,0,0,0,0,1000,-1000,-1000
054272,華通中信98購01  ,0,0,0,0,0,0,0,0,0,-1000,0,0,0,40000,41000,-1000,-1000
053761,健策國泰98購01  ,0,0,0,0,0,0,0,0,0,-1000,0,0,0,0,1000,-1000,-1000
054356,可成兆豐97購01  ,0,0,0,0,0,0,0,0,0,-1000,0,0,0,0,1000,-1000,-1000
03094X,大立光元大68展08,0,0,0,0,0,0,0,0,0,-1000,0,0,0,0,1000,-1000,-1000
03430B,臺股指元大9B熊01,0,0,0,0,0,0,0,0,0,-1000,0,0,0,0,1000,-1000,-1000
00680L,元大美債20正2   ,0,7000,-7000,0,0,0,0,0,0,6000,0,0,0,17000,11000,6000,-1000
00774B,新光中國政金綠債,0,0,0,0,0,0,0,0,0,-1000,0,0,0,0,1000,-1000,-1000
00660,元大歐洲50      ,0,0,0,0,0,0,0,0,0,-1000,0,0,0,20000,21000,-1000,-1000
020004,兆豐電菁英30N   ,0,0,0,0,0,0,0,0,0,-1000,0,0,0,0,1000,-1000,-1000
059112,上銀永豐99購01  ,0,0,0,0,0,0,0,0,0,-1000,0,0,0,5000,6000,-1000,-1000
059122,超眾永豐99購01  ,0,0,0,0,0,0,0,0,0,-1000,0,0,0,0,1000,-1000,-1000
060185,聯發科元富04購01,0,0,0,0,0,0,0,0,0,-1000,0,0,0,0,1000,-1000,-1000
060163,健策永豐9B購01  ,0,0,0,0,0,0,0,0,0,-1000,0,0,0,0,1000,-1000,-1000
060222,貿聯凱基9A購02  ,0,0,0,0,0,0,0,0,0,-1000,0,0,0,1000,2000,-1000,-1000
059493,國巨國票9B購01  ,0,0,0,0,0,0,0,0,0,-1000,0,0,0,0,1000,-1000,-1000
061545,華新科群益9A購09,0,0,0,0,0,0,0,0,0,-1000,0,0,0,0,1000,-1000,-1000
060846,欣興國票9A購02  ,0,0,0,0,0,0,0,0,0,-1000,0,0,0,0,1000,-1000,-1000
060044,大立光群益99購09,0,0,0,0,0,0,0,0,0,-1000,0,0,0,0,1000,-1000,-1000
060083,和大元大99購02  ,0,0,0,0,0,0,0,0,0,-1000,0,0,0,0,1000,-1000,-1000
059004,嘉晶元大99購05  ,0,0,0,0,0,0,0,0,0,-1000,0,0,0,12000,13000,-1000,-1000
060235,瑞昱元大9A購01  ,0,0,0,0,0,0,0,0,0,-1000,0,0,0,0,1000,-1000,-1000
059985,華新科元大99購22,0,0,0,0,0,0,0,0,0,-1000,0,0,0,7000,8000,-1000,-1000
059646,聯茂凱基99購06  ,0,0,0,0,0,0,0,0,0,-1000,0,0,0,0,1000,-1000,-1000
059267,群創中信01購02  ,0,0,0,0,0,0,0,0,0,-1000,0,0,0,49000,50000,-1000,-1000
060774,南亞科凱基9A購01,0,0,0,0,0,0,0,0,0,-1000,0,0,0,19000,20000,-1000,-1000
060606,玉晶光凱基9A購05,0,0,0,0,0,0,0,0,0,-1000,0,0,0,0,1000,-1000,-1000
060526,台積電中信9A購02,0,0,0,0,0,0,0,0,0,-1000,0,0,0,0,1000,-1000,-1000
062619,台表科元大9B購03,0,0,0,0,0,0,0,0,0,-1000,0,0,0,58000,59000,-1000,-1000
062648,聯茂富邦9B購01  ,0,0,0,0,0,0,0,0,0,-1000,0,0,0,0,1000,-1000,-1000
060431,復盛永豐9A購01  ,0,0,0,0,0,0,0,0,0,-1000,0,0,0,0,1000,-1000,-1000
061500,京鼎國票9B購01  ,0,0,0,0,0,0,0,0,0,-1000,0,0,0,0,1000,-1000,-1000
061105,宏達電元大9A購04,0,0,0,0,0,0,0,0,0,-1000,0,0,0,4000,5000,-1000,-1000
061467,嘉澤群益9A購01  ,0,0,0,0,0,0,0,0,0,-1000,0,0,0,0,1000,-1000,-1000
061323,華新科凱基9B購06,0,0,0,0,0,0,0,0,0,-1000,0,0,0,0,1000,-1000,-1000
061265,富邦金凱基9B購01,0,0,0,0,0,0,0,0,0,-1000,0,0,0,59000,60000,-1000,-1000
061194,聯鈞永豐9A購02  ,0,0,0,0,0,0,0,0,0,-1000,0,0,0,0,1000,-1000,-1000
060368,緯穎元富9A購03  ,0,0,0,0,0,0,0,0,0,-1000,0,0,0,0,1000,-1000,-1000
060369,滬深2X元富01購01,0,0,0,0,0,0,0,0,0,-1000,0,0,0,0,1000,-1000,-1000
060350,元黃金元富9B購01,0,0,0,0,0,0,0,0,0,-1000,0,0,0,0,1000,-1000,-1000
063281,京元電元大9B購01,0,0,0,0,0,0,0,0,0,-1000,0,0,0,19000,20000,-1000,-1000
063096,勤誠國票9B購02  ,0,0,0,0,0,0,0,0,0,-1000,0,0,0,0,1000,-1000,-1000
062893,元金2X元大9C購01,0,0,0,0,0,0,0,0,0,-1000,0,0,0,0,1000,-1000,-1000
061959,鴻海統一9B購04  ,0,0,0,0,0,0,0,0,0,-1000,0,0,0,111000,112000,-1000,-1000
065144,大立光凱基01購06,0,0,0,0,0,0,0,0,0,-1000,0,0,0,78000,79000,-1000,-1000
065120,臺股指富邦9C購03,0,0,0,0,0,0,0,0,0,-1000,0,0,0,3000,4000,-1000,-1000
065167,華通元大02購01  ,0,0,0,0,0,0,0,0,0,-1000,0,0,0,9000,10000,-1000,-1000
065056,臺股指凱基9C購20,0,0,0,0,0,0,0,0,0,-1000,0,0,0,1000,2000,-1000,-1000
065107,道瓊反國票9C購03,0,0,0,0,0,0,0,0,0,-1000,0,0,0,0,1000,-1000,-1000
065204,神隆國票01購01  ,0,0,0,0,0,0,0,0,0,-1000,0,0,0,0,1000,-1000,-1000
065369,瑞昱元大9C購01  ,0,0,0,0,0,0,0,0,0,-1000,0,0,0,9000,10000,-1000,-1000
065025,健策永豐9C購02  ,0,0,0,0,0,0,0,0,0,-1000,0,0,0,0,1000,-1000,-1000
065631,台積電國票9C購10,0,0,0,0,0,0,0,0,0,-1000,0,0,0,2000,3000,-1000,-1000
065628,台積電國票01購03,0,0,0,0,0,0,0,0,0,-1000,0,0,0,0,1000,-1000,-1000
065522,旭富群益9C購03  ,0,0,0,0,0,0,0,0,0,-1000,0,0,0,0,1000,-1000,-1000
065875,創意群益9C購05  ,0,0,0,0,0,0,0,0,0,-1000,0,0,0,0,1000,-1000,-1000
065975,緯創元大02購01  ,0,0,0,0,0,0,0,0,0,-1000,0,0,0,284000,285000,-1000,-1000
063588,華新科永豐9B購02,0,0,0,0,0,0,0,0,0,-1000,0,0,0,10000,11000,-1000,-1000
063425,台勝科凱基9B購02,0,0,0,0,0,0,0,0,0,-1000,0,0,0,1000,2000,-1000,-1000
06345P,臺股指統一9A售01,0,0,0,0,0,0,0,0,0,-1000,0,0,0,0,1000,-1000,-1000
063519,聚陽凱基9B購02  ,0,0,0,0,0,0,0,0,0,-1000,0,0,0,10000,11000,-1000,-1000
063847,聯發科元大9C購03,0,0,0,0,0,0,0,0,0,-1000,0,0,0,0,1000,-1000,-1000
063825,道瓊銀國票01購01,0,0,0,0,0,0,0,0,0,-1000,0,0,0,1000,2000,-1000,-1000
063765,上銀元富9B購09  ,0,0,0,0,0,0,0,0,0,-1000,0,0,0,0,1000,-1000,-1000
064020,華通元大01購01  ,0,0,0,0,0,0,0,0,0,-1000,0,0,0,5000,6000,-1000,-1000
064062,創意國泰01購01  ,0,0,0,0,0,0,0,0,0,-1000,0,0,0,0,1000,-1000,-1000
064003,台積電凱基01購03,0,0,0,0,0,0,0,0,0,-1000,0,0,0,0,1000,-1000,-1000
064402,宏碁凱基01購01  ,0,0,0,0,0,0,0,0,0,-1000,0,0,0,11000,12000,-1000,-1000
064699,臻鼎群益9C購01  ,0,0,0,0,0,0,0,0,0,-1000,0,0,0,197000,198000,-1000,-1000
064225,健策國票01購02  ,0,0,0,0,0,0,0,0,0,-1000,0,0,0,0,1000,-1000,-1000
06422P,勤誠統一98售01  ,0,0,0,0,0,0,0,0,0,-1000,0,0,0,0,1000,-1000,-1000
064126,聯發科元大9C購05,0,0,0,0,0,0,0,0,0,-1000,0,0,0,0,1000,-1000,-1000
2460,建通            ,1000,0,1000,0,0,0,0,0,0,-2000,0,2000,-2000,0,0,0,-1000
2069,運錩            ,0,1000,-1000,0,0,0,0,0,0,0,0,0,0,0,0,0,-1000
2630,亞航            ,0,1000,-1000,0,0,0,0,0,0,0,0,0,0,0,0,0,-1000
2539,櫻花建          ,1000,2000,-1000,0,0,0,0,0,0,0,0,0,0,0,0,0,-1000
2731,雄獅            ,1000,2000,-1000,0,0,0,0,0,0,0,0,0,0,0,0,0,-1000
2706,第一店          ,0,1000,-1000,0,0,0,0,0,0,0,0,0,0,0,0,0,-1000
2911,麗嬰房          ,2000,3000,-1000,0,0,0,0,0,0,0,0,0,0,0,0,0,-1000
3058,立德            ,13000,12000,1000,0,0,0,0,0,0,-2000,0,2000,-2000,0,0,0,-1000
3296,勝德            ,0,1000,-1000,0,0,0,0,0,0,0,0,0,0,0,0,0,-1000
3002,歐格            ,1000,2000,-1000,0,0,0,0,0,0,0,0,0,0,0,0,0,-1000
6164,華興            ,3000,4000,-1000,0,0,0,0,0,0,0,0,0,0,0,0,0,-1000
6117,迎廣            ,0,1000,-1000,0,0,0,0,0,0,0,0,0,0,0,0,0,-1000
5906,台南-KY         ,0,0,0,0,0,0,0,0,0,-1000,0,1000,-1000,0,0,0,-1000
5538,東明-KY         ,0,1000,-1000,0,0,0,0,0,0,0,0,0,0,0,0,0,-1000
5283,禾聯碩          ,5000,7000,-2000,0,0,0,0,0,0,1000,1000,0,1000,0,0,0,-1000
5284,jpp-KY          ,1000,2000,-1000,0,0,0,0,0,0,0,0,0,0,0,0,0,-1000
6442,光聖            ,0,1000,-1000,0,0,0,0,0,0,0,0,0,0,0,0,0,-1000
6464,台數科          ,2000,2000,0,0,0,0,0,0,0,-1000,2000,3000,-1000,0,0,0,-1000
6449,鈺邦            ,3000,4000,-1000,0,0,0,0,0,0,0,0,0,0,0,0,0,-1000
8442,威宏-KY         ,2000,3000,-1000,0,0,0,0,0,0,0,0,0,0,0,0,0,-1000
912398,友佳-DR         ,1000,2000,-1000,0,0,0,0,0,0,0,0,0,0,0,0,0,-1000
08693P,宏達電群益01售02,0,0,0,0,0,0,0,0,0,-2000,0,0,0,0,2000,-2000,-2000
08604P,金融類元大9C售01,0,0,0,0,0,0,0,0,0,-2000,0,0,0,0,2000,-2000,-2000
08764P,台灣50富邦03售03,0,0,0,0,0,0,0,0,0,-2000,0,0,0,0,2000,-2000,-2000
08789P,A50正2元富01售04,0,0,0,0,0,0,0,0,0,-2000,0,0,0,0,2000,-2000,-2000
08457P,大毅元大9C售03  ,0,0,0,0,0,0,0,0,0,-2000,0,0,0,0,2000,-2000,-2000
08445P,臺股指麥證9C售03,0,0,0,4000,6000,-2000,0,0,0,-2000,0,0,0,4000,6000,-2000,-2000
2032,新鋼            ,0,2000,-2000,0,0,0,0,0,0,0,0,0,0,0,0,0,-2000
2012,春雨            ,3000,5000,-2000,0,0,0,0,0,0,0,0,0,0,0,0,0,-2000
1110,東泥            ,0,2000,-2000,0,0,0,0,0,0,0,0,0,0,0,0,0,-2000
1537,廣隆            ,8000,10000,-2000,0,0,0,0,0,0,0,0,0,0,0,0,0,-2000
1539,巨庭            ,0,2000,-2000,0,0,0,0,0,0,0,0,0,0,0,0,0,-2000
1516,川飛            ,0,2000,-2000,0,0,0,0,0,0,0,0,0,0,0,0,0,-2000
08154P,上銀元富9B售04  ,0,0,0,0,0,0,0,0,0,-2000,0,0,0,0,2000,-2000,-2000
08369P,鴻海凱基01售04  ,0,0,0,0,0,0,0,0,0,-2000,0,0,0,0,2000,-2000,-2000
07518P,臺股指元大9B售09,0,0,0,0,0,0,0,0,0,-2000,0,0,0,0,2000,-2000,-2000
07522P,台積電中信9A售03,0,0,0,0,0,0,0,0,0,-2000,0,0,0,0,2000,-2000,-2000
07404P,華新科凱基99售10,0,0,0,0,0,0,0,0,0,-2000,0,0,0,0,2000,-2000,-2000
07435P,台積電富邦9C售07,0,0,0,0,0,0,0,0,0,-2000,0,0,0,0,2000,-2000,-2000
07470P,國巨元大9A售06  ,0,0,0,0,0,0,0,0,0,-2000,0,0,0,0,2000,-2000,-2000
07245P,台積電凱基99售16,0,0,0,0,0,0,0,0,0,-2000,0,0,0,0,2000,-2000,-2000
07295P,滬深2X元富9C售09,0,0,0,0,0,0,0,0,0,-2000,0,0,0,0,2000,-2000,-2000
07873P,華新科群益9B售03,0,0,0,0,0,0,0,0,0,-2000,0,0,0,0,2000,-2000,-2000
066872,亞光國泰03購01  ,0,0,0,0,0,0,0,0,0,-2000,0,0,0,0,2000,-2000,-2000
066994,聯發科國泰03購02,0,0,0,0,0,0,0,0,0,-2000,0,0,0,0,2000,-2000,-2000
067001,中化永豐01購02  ,0,0,0,0,0,0,0,0,0,-2000,0,0,0,0,2000,-2000,-2000
067071,燿華元大01購02  ,0,0,0,0,0,0,0,0,0,-2000,0,0,0,100000,102000,-2000,-2000
067029,台表科兆豐03購01,0,0,0,0,0,0,0,0,0,-2000,0,0,0,0,2000,-2000,-2000
067113,京鼎群益02購03  ,0,0,0,0,0,0,0,0,0,-2000,0,0,0,0,2000,-2000,-2000
067116,嘉澤群益01購02  ,0,0,0,0,0,0,0,0,0,-2000,0,0,0,0,2000,-2000,-2000
066499,台郡國泰02購01  ,0,0,0,0,0,0,0,0,0,-2000,0,0,0,0,2000,-2000,-2000
066459,智原統一01購01  ,0,0,0,0,0,0,0,0,0,-2000,0,0,0,246000,248000,-2000,-2000
066542,臺指反元大04購02,0,0,0,0,0,0,0,0,0,-2000,0,0,0,0,2000,-2000,-2000
066095,友訊中信05購01  ,0,0,0,0,0,0,0,0,0,-2000,0,0,0,33000,35000,-2000,-2000
066284,松翰元大01購01  ,0,0,0,0,0,0,0,0,0,-2000,0,0,0,103000,105000,-2000,-2000
006204,永豐臺灣加權    ,0,0,0,0,0,0,0,0,0,-2000,0,0,0,1000,3000,-2000,-2000
00743,國泰中國A150    ,0,18000,-18000,0,0,0,0,0,0,16000,0,0,0,45000,29000,16000,-2000
03013X,元展13          ,0,0,0,0,0,0,0,0,0,-2000,0,0,0,0,2000,-2000,-2000
03064X,元展59          ,0,0,0,0,0,0,0,0,0,-2000,0,0,0,0,2000,-2000,-2000
03686C,臺股指元大04牛05,0,0,0,0,0,0,0,0,0,-2000,0,0,0,0,2000,-2000,-2000
053732,S&P反1中信9C購01,0,0,0,0,0,0,0,0,0,-2000,0,0,0,0,2000,-2000,-2000
055521,S&P反1群益01購01,0,0,0,0,0,0,0,0,0,-2000,0,0,0,0,2000,-2000,-2000
056551,台郡凱基98購04  ,0,0,0,0,0,0,0,0,0,-2000,0,0,0,0,2000,-2000,-2000
056213,建準國票98購02  ,0,0,0,0,0,0,0,0,0,-2000,0,0,0,0,2000,-2000,-2000
056280,上証2X永豐98購01,0,0,0,0,0,0,0,0,0,-2000,0,0,0,0,2000,-2000,-2000
054679,台積電康和99購01,0,0,0,0,0,0,0,0,0,-2000,0,0,0,0,2000,-2000,-2000
054924,景碩凱基98購01  ,0,0,0,0,0,0,0,0,0,-2000,0,0,0,0,2000,-2000,-2000
054930,群電凱基98購01  ,0,0,0,0,0,0,0,0,0,-2000,0,0,0,0,2000,-2000,-2000
058949,上銀群益99購02  ,0,0,0,0,0,0,0,0,0,-2000,0,0,0,0,2000,-2000,-2000
057152,緯穎國票99購03  ,0,0,0,0,0,0,0,0,0,-2000,0,0,0,12000,14000,-2000,-2000
057230,建準凱基98購02  ,0,0,0,0,0,0,0,0,0,-2000,0,0,0,0,2000,-2000,-2000
057809,英業達元大98購01,0,0,0,0,0,0,0,0,0,-2000,0,0,0,0,2000,-2000,-2000
058108,台郡台新99購01  ,0,0,0,0,0,0,0,0,0,-2000,0,0,0,0,2000,-2000,-2000
062369,創意元大9B購01  ,0,0,0,0,0,0,0,0,0,-2000,0,0,0,2000,4000,-2000,-2000
062439,聯發科元大9B購10,0,0,0,0,0,0,0,0,0,-2000,0,0,0,0,2000,-2000,-2000
062990,台積電群益9B購06,0,0,0,0,0,0,0,0,0,-2000,0,0,0,53000,55000,-2000,-2000
062070,金寶元大9B購01  ,0,0,0,0,0,0,0,0,0,-2000,0,0,0,0,2000,-2000,-2000
063105,健策群益9C購01  ,0,0,0,0,0,0,0,0,0,-2000,0,0,0,0,2000,-2000,-2000
063122,聯發科元大9B購15,0,0,0,0,0,0,0,0,0,-2000,0,0,0,0,2000,-2000,-2000
063123,聯發科元大9B購16,0,0,0,0,0,0,0,0,0,-2000,0,0,0,0,2000,-2000,-2000
063241,聯發科元大9B購18,0,0,0,0,0,0,0,0,0,-2000,0,0,0,0,2000,-2000,-2000
063242,聯發科元大9B購19,0,0,0,0,0,0,0,0,0,-2000,0,0,0,0,2000,-2000,-2000
063273,緯穎兆豐9C購01  ,0,0,0,0,0,0,0,0,0,-2000,0,0,0,0,2000,-2000,-2000
06105P,國巨國票98售02  ,0,0,0,0,0,0,0,0,0,-2000,0,0,0,10000,12000,-2000,-2000
061283,智邦統一9A購01  ,0,0,0,0,0,0,0,0,0,-2000,0,0,0,0,2000,-2000,-2000
061497,大立光國票9A購09,0,0,0,0,0,0,0,0,0,-2000,0,0,0,1000,3000,-2000,-2000
061507,南電國票9A購05  ,0,0,0,0,0,0,0,0,0,-2000,0,0,0,0,2000,-2000,-2000
061685,道瓊反群益9A購03,0,0,0,0,0,0,0,0,0,-2000,0,0,0,0,2000,-2000,-2000
061758,T50反1元大9B購02,0,0,0,0,0,0,0,0,0,-2000,0,0,0,0,2000,-2000,-2000
062806,世芯統一02購01  ,0,0,0,0,0,0,0,0,0,-2000,0,0,0,16000,18000,-2000,-2000
060464,台積電元大9A購11,0,0,0,0,0,0,0,0,0,-2000,0,0,0,0,2000,-2000,-2000
060543,鴻海凱基9B購02  ,0,0,0,0,0,0,0,0,0,-2000,0,0,0,9000,11000,-2000,-2000
060601,技嘉凱基9A購02  ,0,0,0,0,0,0,0,0,0,-2000,0,0,0,43000,45000,-2000,-2000
060659,鴻海凱基9B購03  ,0,0,0,0,0,0,0,0,0,-2000,0,0,0,11000,13000,-2000,-2000
060704,台積電富邦01購01,0,0,0,0,0,0,0,0,0,-2000,0,0,0,0,2000,-2000,-2000
059202,禾聯碩永豐99購01,0,0,0,0,0,0,0,0,0,-2000,0,0,0,0,2000,-2000,-2000
059597,大立光元大99購21,0,0,0,0,0,0,0,0,0,-2000,0,0,0,8000,10000,-2000,-2000
05961P,鴻海群益97售01  ,0,0,0,0,0,0,0,0,0,-2000,0,0,0,0,2000,-2000,-2000
059005,嘉晶元大99購06  ,0,0,0,0,0,0,0,0,0,-2000,0,0,0,1000,3000,-2000,-2000
060077,台積電台新9B購01,0,0,0,0,0,0,0,0,0,-2000,0,0,0,1000,3000,-2000,-2000
061640,智原元大9A購01  ,0,0,0,0,0,0,0,0,0,-2000,0,0,0,1000,3000,-2000,-2000
060933,南電永豐9A購02  ,0,0,0,0,0,0,0,0,0,-2000,0,0,0,0,2000,-2000,-2000
060980,台積電元大9A購21,0,0,0,0,0,0,0,0,0,-2000,0,0,0,0,2000,-2000,-2000
062554,台積電凱基9B購08,0,0,0,0,0,0,0,0,0,-2000,0,0,0,2000,4000,-2000,-2000
064404,奇力新凱基02購01,0,0,0,0,0,0,0,0,0,-2000,0,0,0,30000,32000,-2000,-2000
064405,美食凱基01購02  ,0,0,0,0,0,0,0,0,0,-2000,0,0,0,0,2000,-2000,-2000
064650,台表科凱基03購01,0,0,0,0,0,0,0,0,0,-2000,0,0,0,240000,242000,-2000,-2000
064631,臺股指元大9C購17,0,0,0,0,0,0,0,0,0,-2000,0,0,0,0,2000,-2000,-2000
063998,聯發科兆豐9C購02,0,0,0,0,0,0,0,0,0,-2000,0,0,0,0,2000,-2000,-2000
063946,聯發科元大9C購04,0,0,0,0,0,0,0,0,0,-2000,0,0,0,0,2000,-2000,-2000
063936,道瓊反元大9C購02,0,0,0,0,0,0,0,0,0,-2000,0,0,0,0,2000,-2000,-2000
064055,台郡統一02購01  ,0,0,0,0,0,0,0,0,0,-2000,0,0,0,0,2000,-2000,-2000
063418,京元電凱基9B購03,0,0,0,0,0,0,0,0,0,-2000,0,0,0,0,2000,-2000,-2000
063667,全新統一01購02  ,0,0,0,0,0,0,0,0,0,-2000,0,0,0,98000,100000,-2000,-2000
065716,道瓊反中信03購01,0,0,0,0,0,0,0,0,0,-2000,0,0,0,0,2000,-2000,-2000
065392,華通群益01購02  ,0,0,0,0,0,0,0,0,0,-2000,0,0,0,42000,44000,-2000,-2000
065564,臺指反群益02購01,0,0,0,0,0,0,0,0,0,-2000,0,0,0,0,2000,-2000,-2000
065586,嘉聯益富邦03購01,0,0,0,0,0,0,0,0,0,-2000,0,0,0,0,2000,-2000,-2000
065603,聯發科元大9C購16,0,0,0,0,0,0,0,0,0,-2000,0,0,0,2000,4000,-2000,-2000
065622,鴻海中信06購01  ,0,0,0,0,0,0,0,0,0,-2000,0,0,0,9000,11000,-2000,-2000
065044,大立光凱基9C購06,0,0,0,0,0,0,0,0,0,-2000,0,0,0,162000,164000,-2000,-2000
065014,南電國泰01購01  ,0,0,0,0,0,0,0,0,0,-2000,0,0,0,31000,33000,-2000,-2000
064943,聚陽凱基9C購01  ,0,0,0,0,0,0,0,0,0,-2000,0,0,0,20000,22000,-2000,-2000
064850,智原元富9C購01  ,0,0,0,0,0,0,0,0,0,-2000,0,0,0,0,2000,-2000,-2000
065182,南電元大9C購05  ,0,0,0,0,0,0,0,0,0,-2000,0,0,0,2000,4000,-2000,-2000
8467,波力-KY         ,0,2000,-2000,0,0,0,0,0,0,0,0,0,0,0,0,0,-2000
9917,中保科          ,24000,25000,-1000,0,0,0,0,1000,-1000,0,0,0,0,0,0,0,-2000
9912,偉聯            ,0,2000,-2000,0,0,0,0,0,0,0,0,0,0,0,0,0,-2000
4807,日成-KY         ,1000,3000,-2000,0,0,0,0,0,0,0,0,0,0,0,0,0,-2000
4552,力達-KY         ,18000,20000,-2000,0,0,0,0,0,0,0,0,0,0,0,0,0,-2000
4763,材料-KY         ,34000,38000,-4000,0,0,0,0,0,0,2000,2000,0,2000,0,0,0,-2000
4764,雙鍵            ,1000,3000,-2000,0,0,0,0,0,0,0,0,0,0,0,0,0,-2000
4930,燦星網          ,1000,3000,-2000,0,0,0,0,0,0,0,0,0,0,0,0,0,-2000
3686,達能            ,0,2000,-2000,0,0,0,0,0,0,0,0,0,0,0,0,0,-2000
3432,台端            ,0,2000,-2000,0,0,0,0,0,0,0,0,0,0,0,0,0,-2000
2901,欣欣            ,3000,4000,-1000,0,0,0,0,0,0,-1000,0,1000,-1000,0,0,0,-2000
2712,遠雄來          ,0,2000,-2000,0,0,0,0,0,0,0,0,0,0,0,0,0,-2000
2838A,聯邦銀甲特      ,0,0,0,0,0,0,0,0,0,-2000,8000,10000,-2000,0,0,0,-2000
2462,良得電          ,0,1000,-1000,0,0,0,0,0,0,-1000,0,1000,-1000,0,0,0,-2000
2424,隴華            ,0,2000,-2000,0,0,0,0,0,0,0,0,0,0,0,0,0,-2000
066198,華碩統一03購01  ,0,0,0,0,0,0,0,0,0,-3000,0,0,0,177000,180000,-3000,-3000
066127,劍麟群益03購01  ,0,0,0,0,0,0,0,0,0,-3000,0,0,0,0,3000,-3000,-3000
066335,潤泰全永豐01購01,0,0,0,0,0,0,0,0,0,-3000,0,0,0,64000,67000,-3000,-3000
06766P,玉晶光元大99售10,0,0,0,0,0,0,0,0,0,-3000,0,0,0,10000,13000,-3000,-3000
06888P,日月光元大98售02,0,0,0,0,0,0,0,0,0,-3000,0,0,0,0,3000,-3000,-3000
07151P,台灣50統一9B售04,0,0,0,0,0,0,0,0,0,-3000,0,0,0,1000,4000,-3000,-3000
07202P,台灣50凱基9C售04,0,0,0,0,0,0,0,0,0,-3000,0,0,0,1000,4000,-3000,-3000
07845P,南亞科元大9A售08,0,0,0,0,0,0,0,0,0,-3000,0,0,0,10000,13000,-3000,-3000
08349P,南六元大9C售03  ,0,0,0,0,0,0,0,0,0,-3000,0,0,0,127000,130000,-3000,-3000
08265P,臺股指元大9C售03,0,0,0,0,0,0,0,0,0,-3000,0,0,0,0,3000,-3000,-3000
1535,中宇            ,0,3000,-3000,0,0,0,0,0,0,0,0,0,0,0,0,0,-3000
1468,昶和            ,0,3000,-3000,0,0,0,0,0,0,0,0,0,0,0,0,0,-3000
1423,利華            ,5000,8000,-3000,0,0,0,0,0,0,0,0,0,0,0,0,0,-3000
1236,宏亞            ,0,0,0,0,0,0,0,0,0,-3000,0,3000,-3000,0,0,0,-3000
1256,鮮活果汁-KY     ,1000,3000,-2000,0,0,0,0,0,0,-1000,0,1000,-1000,0,0,0,-3000
1414,東和            ,9000,12000,-3000,0,0,0,0,0,0,0,0,0,0,0,0,0,-3000
1615,大山            ,3000,6000,-3000,0,0,0,0,0,0,0,0,0,0,0,0,0,-3000
2024,志聯            ,0,3000,-3000,0,0,0,0,0,0,0,0,0,0,0,0,0,-3000
08462P,臻鼎國票9C售02  ,0,0,0,0,0,0,0,0,0,-3000,0,0,0,22000,25000,-3000,-3000
08759P,滬深2X元大01售08,0,0,0,0,0,0,0,0,0,-3000,0,0,0,0,3000,-3000,-3000
08745P,臺股指凱基02售06,0,0,0,0,0,0,0,0,0,-3000,0,0,0,0,3000,-3000,-3000
08688P,台灣50中信04售02,0,0,0,0,0,0,0,0,0,-3000,0,0,0,0,3000,-3000,-3000
062499,鴻海群益01購01  ,0,0,0,0,0,0,0,0,0,-3000,0,0,0,11000,14000,-3000,-3000
058812,台積電統一9B購06,0,0,0,0,0,0,0,0,0,-3000,0,0,0,0,3000,-3000,-3000
058588,致茂中信9B購01  ,0,0,0,0,0,0,0,0,0,-3000,0,0,0,3000,6000,-3000,-3000
058661,臺股指中信9C購01,0,0,0,0,0,0,0,0,0,-3000,0,0,0,0,3000,-3000,-3000
057915,台泥凱基98購01  ,0,0,0,0,0,0,0,0,0,-3000,0,0,0,17000,20000,-3000,-3000
056833,和大元富9B購01  ,0,0,0,0,0,0,0,0,0,-3000,0,0,0,0,3000,-3000,-3000
056946,國巨統一98購05  ,0,0,0,0,0,0,0,0,0,-3000,0,0,0,0,3000,-3000,-3000
058324,嘉聯益永豐9A購01,0,0,0,0,0,0,0,0,0,-3000,0,0,0,10000,13000,-3000,-3000
058877,T50反1國泰9B購01,0,0,0,0,0,0,0,0,0,-3000,0,0,0,0,3000,-3000,-3000
056658,美食元大98購01  ,0,0,0,0,0,0,0,0,0,-3000,0,0,0,0,3000,-3000,-3000
054870,新日興群益98購01,0,0,0,0,0,0,0,0,0,-3000,0,0,0,10000,13000,-3000,-3000
055810,T50反1國票99購01,0,0,0,0,0,0,0,0,0,-3000,0,0,0,0,3000,-3000,-3000
055578,群創統一98購03  ,0,0,0,0,0,0,0,0,0,-3000,0,0,0,129000,132000,-3000,-3000
055759,技嘉群益98購02  ,0,0,0,0,0,0,0,0,0,-3000,0,0,0,0,3000,-3000,-3000
055261,帆宣統一98購01  ,0,0,0,0,0,0,0,0,0,-3000,0,0,0,10000,13000,-3000,-3000
055390,國巨統一98購03  ,0,0,0,0,0,0,0,0,0,-3000,0,0,0,0,3000,-3000,-3000
056479,玉晶光元大99購05,0,0,0,0,0,0,0,0,0,-3000,0,0,0,18000,21000,-3000,-3000
056366,玉晶光元大99購04,0,0,0,0,0,0,0,0,0,-3000,0,0,0,14000,17000,-3000,-3000
056330,玉晶光國票99購03,0,0,0,0,0,0,0,0,0,-3000,0,0,0,1000,4000,-3000,-3000
053770,元金2X元大98購01,0,0,0,0,0,0,0,0,0,-3000,0,0,0,0,3000,-3000,-3000
03678C,臺股指凱基01牛02,0,0,0,0,0,0,0,0,0,-3000,0,0,0,0,3000,-3000,-3000
03052X,元展49          ,0,0,0,0,0,0,0,0,0,-3000,0,0,0,0,3000,-3000,-3000
03022X,富展01          ,0,0,0,0,0,0,0,0,0,-3000,0,0,0,0,3000,-3000,-3000
059143,國巨國票9A購04  ,0,0,0,0,0,0,0,0,0,-3000,0,0,0,26000,29000,-3000,-3000
060932,南六永豐9A購02  ,0,0,0,0,0,0,0,0,0,-3000,0,0,0,12000,15000,-3000,-3000
059488,大立光兆豐99購03,0,0,0,0,0,0,0,0,0,-3000,0,0,0,0,3000,-3000,-3000
062127,台勝科統一01購02,0,0,0,0,0,0,0,0,0,-3000,0,0,0,7000,10000,-3000,-3000
059721,旺宏元大99購16  ,0,0,0,0,0,0,0,0,0,-3000,0,0,0,1000,4000,-3000,-3000
059830,台郡凱基99購05  ,0,0,0,0,0,0,0,0,0,-3000,0,0,0,0,3000,-3000,-3000
059968,世紀鋼凱基99購03,0,0,0,0,0,0,0,0,0,-3000,0,0,0,0,3000,-3000,-3000
059302,大立光群益99購08,0,0,0,0,0,0,0,0,0,-3000,0,0,0,0,3000,-3000,-3000
059448,上証2X永豐99購01,0,0,0,0,0,0,0,0,0,-3000,0,0,0,0,3000,-3000,-3000
060540,南亞凱基9A購01  ,0,0,0,0,0,0,0,0,0,-3000,0,0,0,29000,32000,-3000,-3000
060569,台積電永豐9A購01,0,0,0,0,0,0,0,0,0,-3000,0,0,0,0,3000,-3000,-3000
060461,鴻海元大9A購09  ,0,0,0,0,0,0,0,0,0,-3000,0,0,0,5000,8000,-3000,-3000
060306,台肥永豐9A購01  ,0,0,0,0,0,0,0,0,0,-3000,0,0,0,20000,23000,-3000,-3000
061337,台積電元大9A購27,0,0,0,0,0,0,0,0,0,-3000,0,0,0,0,3000,-3000,-3000
062782,聯發科元大9B購12,0,0,0,0,0,0,0,0,0,-3000,0,0,0,10000,13000,-3000,-3000
062722,京元電凱基9B購02,0,0,0,0,0,0,0,0,0,-3000,0,0,0,256000,259000,-3000,-3000
065181,南電元大01購01  ,0,0,0,0,0,0,0,0,0,-3000,0,0,0,0,3000,-3000,-3000
065113,南電國票01購02  ,0,0,0,0,0,0,0,0,0,-3000,0,0,0,0,3000,-3000,-3000
064797,道瓊反元大01購01,0,0,0,0,0,0,0,0,0,-3000,0,0,0,0,3000,-3000,-3000
064946,台積電凱基01購07,0,0,0,0,0,0,0,0,0,-3000,0,0,0,0,3000,-3000,-3000
065476,聯發科元大9C購14,0,0,0,0,0,0,0,0,0,-3000,0,0,0,4000,7000,-3000,-3000
065814,健策統一9C購08  ,0,0,0,0,0,0,0,0,0,-3000,0,0,0,0,3000,-3000,-3000
065797,臺指反群益9C購02,0,0,0,0,0,0,0,0,0,-3000,0,0,0,0,3000,-3000,-3000
065884,智原元富9C購02  ,0,0,0,0,0,0,0,0,0,-3000,0,0,0,7000,10000,-3000,-3000
063657,茂林元富9B購04  ,0,0,0,0,0,0,0,0,0,-3000,0,0,0,0,3000,-3000,-3000
063549,國巨國票9C購05  ,0,0,0,0,0,0,0,0,0,-3000,0,0,0,9000,12000,-3000,-3000
063535,聯發科統一9B購13,0,0,0,0,0,0,0,0,0,-3000,0,0,0,0,3000,-3000,-3000
064087,華新科凱基9C購03,0,0,0,0,0,0,0,0,0,-3000,0,0,0,0,3000,-3000,-3000
063970,大立光國票01購01,0,0,0,0,0,0,0,0,0,-3000,0,0,0,32000,35000,-3000,-3000
06380P,臺股指統一98售02,0,0,0,0,0,0,0,0,0,-3000,0,0,0,0,3000,-3000,-3000
064514,喬山群益9C購01  ,0,0,0,0,0,0,0,0,0,-3000,0,0,0,0,3000,-3000,-3000
2373,震旦行          ,0,3000,-3000,0,0,0,0,0,0,0,0,0,0,0,0,0,-3000
3266,昇陽            ,0,3000,-3000,0,0,0,0,0,0,0,0,0,0,0,0,0,-3000
3229,晟鈦            ,0,3000,-3000,0,0,0,0,0,0,0,0,0,0,0,0,0,-3000
4737,華廣            ,16000,19000,-3000,0,0,0,0,0,0,0,0,0,0,0,0,0,-3000
4912,聯德控股-KY     ,12000,13000,-1000,0,0,0,0,0,0,-2000,0,2000,-2000,0,0,0,-3000
6136,富爾特          ,0,3000,-3000,0,0,0,0,0,0,0,0,0,0,0,0,0,-3000
9929,秋雨            ,0,3000,-3000,0,0,0,0,0,0,0,0,0,0,0,0,0,-3000
9941,裕融            ,56000,58000,-2000,0,0,0,0,1000,-1000,0,0,0,0,0,0,0,-3000
8473,山林水          ,0,3000,-3000,0,0,0,0,0,0,0,0,0,0,0,0,0,-3000
08730P,緯穎永豐01售02  ,0,0,0,0,0,0,0,0,0,-4000,0,0,0,17000,21000,-4000,-4000
08517P,奇力新群益9C售03,0,0,0,0,0,0,0,0,0,-4000,0,0,0,6000,10000,-4000,-4000
1614,三洋電          ,22000,26000,-4000,0,0,0,0,0,0,0,0,0,0,0,0,0,-4000
1529,樂士            ,1000,5000,-4000,0,0,0,0,0,0,0,0,0,0,0,0,0,-4000
08347P,大立光元大9C售16,0,0,0,0,0,0,0,0,0,-4000,0,0,0,9000,13000,-4000,-4000
067160,燿華國票03購01  ,0,0,0,0,0,0,0,0,0,-4000,0,0,0,0,4000,-4000,-4000
067106,義隆群益01購01  ,0,0,0,0,0,0,0,0,0,-4000,0,0,0,0,4000,-4000,-4000
067091,台虹元大01購02  ,0,0,0,0,0,0,0,0,0,-4000,0,0,0,0,4000,-4000,-4000
066861,致新國票02購01  ,0,0,0,0,0,0,0,0,0,-4000,0,0,0,31000,35000,-4000,-4000
066812,志超凱基01購01  ,0,0,0,0,0,0,0,0,0,-4000,0,0,0,188000,192000,-4000,-4000
066634,泰碩凱基02購02  ,0,0,0,0,0,0,0,0,0,-4000,0,0,0,10000,14000,-4000,-4000
066621,川湖凱基01購01  ,0,0,0,0,0,0,0,0,0,-4000,0,0,0,0,4000,-4000,-4000
066417,台積電元大01購13,0,0,0,0,0,0,0,0,0,-4000,0,0,0,0,4000,-4000,-4000
066039,台積電元大01購08,0,0,0,0,0,0,0,0,0,-4000,0,0,0,0,4000,-4000,-4000
03033X,元展30          ,0,0,0,0,0,0,0,0,0,-4000,0,0,0,0,4000,-4000,-4000
02001L,富邦蘋果正二N   ,0,0,0,0,0,0,0,0,0,-4000,0,0,0,1000,5000,-4000,-4000
053528,南電中信9A購01  ,0,0,0,0,0,0,0,0,0,-4000,0,0,0,11000,15000,-4000,-4000
00666R,富邦恒生國企反1 ,0,0,0,0,0,0,0,0,0,-4000,0,0,0,87000,91000,-4000,-4000
052987,華新科元大99購01,0,0,0,0,0,0,0,0,0,-4000,0,0,0,0,4000,-4000,-4000
050316,上証2X國票98購01,0,0,0,0,0,0,0,0,0,-4000,0,0,0,1000,5000,-4000,-4000
056460,同欣電凱基99購01,0,0,0,0,0,0,0,0,0,-4000,0,0,0,166000,170000,-4000,-4000
055382,台郡元大99購01  ,0,0,0,0,0,0,0,0,0,-4000,0,0,0,7000,11000,-4000,-4000
056783,國巨群益99購01  ,0,0,0,0,0,0,0,0,0,-4000,0,0,0,2000,6000,-4000,-4000
057042,台積電元大98購10,0,0,0,0,0,0,0,0,0,-4000,0,0,0,15000,19000,-4000,-4000
057892,上証2X元富02購01,0,0,0,0,0,0,0,0,0,-4000,0,0,0,0,4000,-4000,-4000
057231,美律凱基98購05  ,0,0,0,0,0,0,0,0,0,-4000,0,0,0,0,4000,-4000,-4000
057299,立積永豐98購02  ,0,0,0,0,0,0,0,0,0,-4000,0,0,0,10000,14000,-4000,-4000
057575,世紀鋼永豐98購02,0,0,0,0,0,0,0,0,0,-4000,0,0,0,20000,24000,-4000,-4000
057613,瑞昱元富02購02  ,0,0,0,0,0,0,0,0,0,-4000,0,0,0,8000,12000,-4000,-4000
058703,台積電元大99購16,0,0,0,0,0,0,0,0,0,-4000,0,0,0,1000,5000,-4000,-4000
058091,欣興元大99購03  ,0,0,0,0,0,0,0,0,0,-4000,0,0,0,43000,47000,-4000,-4000
058099,鴻海國泰9A購02  ,0,0,0,0,0,0,0,0,0,-4000,0,0,0,0,4000,-4000,-4000
057703,矽力群益98購01  ,0,0,0,0,0,0,0,0,0,-4000,0,0,0,0,4000,-4000,-4000
062768,南電凱基9B購04  ,0,0,0,0,0,0,0,0,0,-4000,0,0,0,50000,54000,-4000,-4000
060412,儒鴻永豐9A購01  ,0,0,0,0,0,0,0,0,0,-4000,0,0,0,50000,54000,-4000,-4000
060389,世紀鋼凱基9B購02,0,0,0,0,0,0,0,0,0,-4000,0,0,0,0,4000,-4000,-4000
061457,TPK凱基9A購01   ,0,0,0,0,0,0,0,0,0,-4000,0,0,0,10000,14000,-4000,-4000
063240,聯發科元大9B購17,0,0,0,0,0,0,0,0,0,-4000,0,0,0,0,4000,-4000,-4000
063344,臺企銀統一9C購01,0,0,0,0,0,0,0,0,0,-4000,0,0,0,51000,55000,-4000,-4000
063327,燿華國票9C購02  ,0,0,0,0,0,0,0,0,0,-4000,0,0,0,0,4000,-4000,-4000
061951,南電群益9B購01  ,0,0,0,0,0,0,0,0,0,-4000,0,0,0,6000,10000,-4000,-4000
060572,景碩永豐9A購01  ,0,0,0,0,0,0,0,0,0,-4000,0,0,0,0,4000,-4000,-4000
060666,聯茂凱基9A購02  ,0,0,0,0,0,0,0,0,0,-4000,0,0,0,16000,20000,-4000,-4000
060769,國巨麥證9A購02  ,0,0,0,0,6000,-6000,0,0,0,-4000,0,0,0,2000,6000,-4000,-4000
060734,華通統一9C購01  ,0,0,0,0,0,0,0,0,0,-4000,0,0,0,0,4000,-4000,-4000
059784,台光電元大9A購01,0,0,0,0,0,0,0,0,0,-4000,0,0,0,7000,11000,-4000,-4000
059701,國巨凱基9A購09  ,0,0,0,0,0,0,0,0,0,-4000,0,0,0,0,4000,-4000,-4000
059680,台積電國泰9A購03,0,0,0,0,0,0,0,0,0,-4000,0,0,0,1000,5000,-4000,-4000
062134,國巨群益9B購04  ,0,0,0,0,0,0,0,0,0,-4000,0,0,0,20000,24000,-4000,-4000
060011,臺股指群益9C購06,0,0,0,0,0,0,0,0,0,-4000,0,0,0,2000,6000,-4000,-4000
060887,台積電統一01購01,0,0,0,0,0,0,0,0,0,-4000,0,0,0,6000,10000,-4000,-4000
061529,國巨台新9A購02  ,0,0,0,0,0,0,0,0,0,-4000,0,0,0,1000,5000,-4000,-4000
061594,玉晶光永豐9A購08,0,0,0,0,0,0,0,0,0,-4000,0,0,0,5000,9000,-4000,-4000
061564,華擎國票9A購02  ,0,0,0,0,0,0,0,0,0,-4000,0,0,0,10000,14000,-4000,-4000
061851,智邦國票9B購01  ,0,0,0,0,0,0,0,0,0,-4000,0,0,0,23000,27000,-4000,-4000
060953,富邦金群益9A購01,0,0,0,0,0,0,0,0,0,-4000,0,0,0,10000,14000,-4000,-4000
059075,FBVIX元大99購01 ,0,0,0,0,0,0,0,0,0,-4000,0,0,0,0,4000,-4000,-4000
064598,國巨元富9C購03  ,0,0,0,0,0,0,0,0,0,-4000,0,0,0,10000,14000,-4000,-4000
063730,台積電元大9B購09,0,0,0,0,0,0,0,0,0,-4000,0,0,0,100000,104000,-4000,-4000
063848,大立光元大9C購09,0,0,0,0,0,0,0,0,0,-4000,0,0,0,19000,23000,-4000,-4000
063843,台積電元大9C購03,0,0,0,0,0,0,0,0,0,-4000,0,0,0,0,4000,-4000,-4000
064016,南六國票01購01  ,0,0,0,0,0,0,0,0,0,-4000,0,0,0,10000,14000,-4000,-4000
063423,聯詠凱基9C購02  ,0,0,0,0,0,0,0,0,0,-4000,0,0,0,26000,30000,-4000,-4000
065004,瑞昱國票01購02  ,0,0,0,0,0,0,0,0,0,-4000,0,0,0,0,4000,-4000,-4000
064803,智邦元大9C購05  ,0,0,0,0,0,0,0,0,0,-4000,0,0,0,15000,19000,-4000,-4000
065095,玉晶光元大02購02,0,0,0,0,0,0,0,0,0,-4000,0,0,0,1000,5000,-4000,-4000
9942,茂順            ,5000,9000,-4000,0,0,0,0,0,0,0,0,0,0,0,0,0,-4000
4557,永新-KY         ,0,4000,-4000,0,0,0,0,0,0,0,0,0,0,0,0,0,-4000
3054,立萬利          ,1000,5000,-4000,0,0,0,0,0,0,0,0,0,0,0,0,0,-4000
3528,安馳            ,0,4000,-4000,0,0,0,0,0,0,0,0,0,0,0,0,0,-4000
2613,中櫃            ,0,4000,-4000,0,0,0,0,0,0,0,0,0,0,0,0,0,-4000
2910,統領            ,1000,5000,-4000,0,0,0,0,0,0,0,0,0,0,0,0,0,-4000
066059,帆宣元大01購01  ,0,0,0,0,0,0,0,0,0,-5000,0,0,0,0,5000,-5000,-5000
066181,泰鼎凱基01購01  ,0,0,0,0,0,0,0,0,0,-5000,0,0,0,5000,10000,-5000,-5000
066222,生達國泰02購01  ,0,0,0,0,0,0,0,0,0,-5000,0,0,0,0,5000,-5000,-5000
066418,京元電元大01購02,0,0,0,0,0,0,0,0,0,-5000,0,0,0,141000,146000,-5000,-5000
066407,昇陽半凱基01購01,0,0,0,0,0,0,0,0,0,-5000,0,0,0,10000,15000,-5000,-5000
066388,力山凱基01購02  ,0,0,0,0,0,0,0,0,0,-5000,0,0,0,15000,20000,-5000,-5000
066296,昇陽半元大01購02,0,0,0,0,0,0,0,0,0,-5000,0,0,0,2000,7000,-5000,-5000
066544,鴻海元大01購08  ,0,0,0,0,0,0,0,0,0,-5000,0,0,0,0,5000,-5000,-5000
066578,臺股指元大01購07,0,0,0,0,0,0,0,0,0,-5000,0,0,0,10000,15000,-5000,-5000
066842,卜蜂元大01購01  ,0,0,0,0,0,0,0,0,0,-5000,0,0,0,0,5000,-5000,-5000
066825,智邦群益01購03  ,0,0,0,0,0,0,0,0,0,-5000,0,0,0,0,5000,-5000,-5000
066954,聯詠元大01購04  ,0,1000,-1000,0,0,0,0,0,0,-4000,0,0,0,17000,21000,-4000,-5000
067124,華擎富邦03購01  ,0,0,0,0,0,0,0,0,0,-5000,0,0,0,0,5000,-5000,-5000
067084,泰鼎元大01購02  ,0,0,0,0,0,0,0,0,0,-5000,0,0,0,7000,12000,-5000,-5000
067074,中信金元大01購01,0,0,0,0,0,0,0,0,0,-5000,0,0,0,0,5000,-5000,-5000
067034,台郡康和01購01  ,0,0,0,0,0,0,0,0,0,-5000,0,0,0,0,5000,-5000,-5000
067021,正崴中信01購01  ,0,0,0,0,0,0,0,0,0,-5000,0,0,0,0,5000,-5000,-5000
07132P,臺股指元大99售11,0,0,0,0,0,0,0,0,0,-5000,0,0,0,10000,15000,-5000,-5000
07128P,大毅元大99售04  ,0,0,0,0,0,0,0,0,0,-5000,0,0,0,0,5000,-5000,-5000
06922P,元上證群益9C售01,0,0,0,0,0,0,0,0,0,-5000,0,0,0,0,5000,-5000,-5000
06977P,臺股指元大9A售15,0,0,0,0,0,0,0,0,0,-5000,0,0,0,0,5000,-5000,-5000
08269P,臺股指元大9C售07,0,0,0,0,0,0,0,0,0,-5000,0,0,0,0,5000,-5000,-5000
08231P,上銀元富9B售10  ,0,0,0,0,0,0,0,0,0,-5000,0,0,0,0,5000,-5000,-5000
08143P,聯發科凱基9C售05,0,0,0,0,0,0,0,0,0,-5000,0,0,0,15000,20000,-5000,-5000
07947P,國巨統一9B售12  ,0,0,0,0,0,0,0,0,0,-5000,0,0,0,0,5000,-5000,-5000
07928P,國巨統一9B售09  ,0,0,0,0,0,0,0,0,0,-5000,0,0,0,0,5000,-5000,-5000
07673P,電子類元大9A售01,0,0,0,0,0,0,0,0,0,-5000,0,0,0,0,5000,-5000,-5000
07788P,華新科群益9A售08,0,0,0,0,0,0,0,0,0,-5000,0,0,0,0,5000,-5000,-5000
07794P,智邦國票9A售03  ,0,0,0,0,0,0,0,0,0,-5000,0,0,0,0,5000,-5000,-5000
07328P,FBVIX國泰9B售01 ,0,0,0,0,0,0,0,0,0,-5000,0,0,0,0,5000,-5000,-5000
07428P,華新科國票9A售01,0,0,0,0,0,0,0,0,0,-5000,0,0,0,0,5000,-5000,-5000
07416P,台積電元大99售53,0,0,0,0,0,0,0,0,0,-5000,0,0,0,0,5000,-5000,-5000
07421P,國泰金元大99售01,0,0,0,0,0,0,0,0,0,-5000,0,0,0,0,5000,-5000,-5000
07388P,臺股指群益9C售07,0,0,0,0,0,0,0,0,0,-5000,0,0,0,0,5000,-5000,-5000
07485P,台灣50凱基04售03,0,0,0,0,0,0,0,0,0,-5000,0,0,0,0,5000,-5000,-5000
1725,元禎            ,1000,6000,-5000,0,0,0,0,0,0,0,0,0,0,0,0,0,-5000
08442P,臺股指麥證01售01,0,0,0,0,5000,-5000,0,0,0,-5000,0,0,0,0,5000,-5000,-5000
08431P,景碩凱基9C售02  ,0,0,0,0,0,0,0,0,0,-5000,0,0,0,31000,36000,-5000,-5000
08411P,技嘉凱基9C售01  ,0,0,0,0,0,0,0,0,0,-5000,0,0,0,45000,50000,-5000,-5000
08747P,國巨元富07售06  ,0,0,0,0,0,0,0,0,0,-5000,0,0,0,0,5000,-5000,-5000
08681P,台灣50凱基01售16,0,0,0,0,0,0,0,0,0,-5000,0,0,0,0,5000,-5000,-5000
058740,T50反1日盛9B購02,0,0,0,0,0,0,0,0,0,-5000,0,0,0,0,5000,-5000,-5000
058614,台郡元大9A購01  ,0,0,0,0,0,0,0,0,0,-5000,0,0,0,25000,30000,-5000,-5000
057126,台積電凱基99購03,0,0,0,0,0,0,0,0,0,-5000,0,0,0,5000,10000,-5000,-5000
056825,深中小富邦9B購01,0,0,0,0,0,0,0,0,0,-5000,0,0,0,0,5000,-5000,-5000
058293,光寶科凱基9A購01,0,0,0,0,0,0,0,0,0,-5000,0,0,0,32000,37000,-5000,-5000
057494,玉晶光元大99購09,0,0,0,0,0,0,0,0,0,-5000,0,0,0,16000,21000,-5000,-5000
057442,玉晶光統一98購03,0,0,0,0,0,0,0,0,0,-5000,0,0,0,0,5000,-5000,-5000
055320,建準國票98購01  ,0,0,0,0,0,0,0,0,0,-5000,0,0,0,0,5000,-5000,-5000
056550,瑞儀凱基99購01  ,0,0,0,0,0,0,0,0,0,-5000,0,0,0,0,5000,-5000,-5000
049636,上証反凱基9A購01,0,0,0,0,0,0,0,0,0,-5000,0,0,0,0,5000,-5000,-5000
051597,T50反1中信99購02,0,0,0,0,0,0,0,0,0,-5000,0,0,0,0,5000,-5000,-5000
051603,深中小群益99購03,0,0,0,0,0,0,0,0,0,-5000,0,0,0,0,5000,-5000,-5000
053565,台光電富邦98購01,0,0,0,0,0,0,0,0,0,-5000,0,0,0,5000,10000,-5000,-5000
00700,富邦恒生國企    ,0,0,0,0,0,0,0,0,0,-5000,0,0,0,102000,107000,-5000,-5000
053901,T50反1凱基99購03,0,0,0,0,0,0,0,0,0,-5000,0,0,0,35000,40000,-5000,-5000
054558,劍麟群益99購01  ,0,0,0,0,0,0,0,0,0,-5000,0,0,0,0,5000,-5000,-5000
056595,台積電元富98購04,0,0,0,0,0,0,0,0,0,-5000,0,0,0,0,5000,-5000,-5000
056641,華通凱基98購03  ,0,0,0,0,0,0,0,0,0,-5000,0,0,0,0,5000,-5000,-5000
056624,景碩永豐98購01  ,0,0,0,0,0,0,0,0,0,-5000,0,0,0,0,5000,-5000,-5000
058956,健策國票9A購02  ,0,0,0,0,0,0,0,0,0,-5000,0,0,0,0,5000,-5000,-5000
058957,貿聯國票9A購01  ,0,0,0,0,0,0,0,0,0,-5000,0,0,0,0,5000,-5000,-5000
062894,道瓊銀元大9B購02,0,0,0,0,0,0,0,0,0,-5000,0,0,0,1000,6000,-5000,-5000
059145,創意國票99購02  ,0,0,0,0,0,0,0,0,0,-5000,0,0,0,2000,7000,-5000,-5000
060951,元黃金群益9A購01,0,0,0,0,0,0,0,0,0,-5000,0,0,0,0,5000,-5000,-5000
061606,景碩凱基9A購02  ,0,0,0,0,0,0,0,0,0,-5000,0,0,0,5000,10000,-5000,-5000
059816,聯電凱基99購03  ,0,0,0,0,0,0,0,0,0,-5000,0,0,0,21000,26000,-5000,-5000
059224,大立光元大99購15,0,0,0,0,0,0,0,0,0,-5000,0,0,0,0,5000,-5000,-5000
059219,旺宏元大99購12  ,0,0,0,0,0,0,0,0,0,-5000,0,0,0,0,5000,-5000,-5000
059371,聯鈞元富99購02  ,0,0,0,0,0,0,0,0,0,-5000,0,0,0,0,5000,-5000,-5000
059841,國巨富邦9C購01  ,0,35000,-35000,0,0,0,0,0,0,30000,0,0,0,45000,15000,30000,-5000
059924,世紀鋼元大99購06,0,0,0,0,0,0,0,0,0,-5000,0,0,0,0,5000,-5000,-5000
060316,福懋科永豐9A購01,0,0,0,0,0,0,0,0,0,-5000,0,0,0,0,5000,-5000,-5000
062585,鴻海統一9C購14  ,0,0,0,0,0,0,0,0,0,-5000,0,0,0,5000,10000,-5000,-5000
060280,元金2X元大9A購01,0,0,0,0,0,0,0,0,0,-5000,0,0,0,0,5000,-5000,-5000
060246,晶相光元大9C購03,0,0,0,0,0,0,0,0,0,-5000,0,0,0,5000,10000,-5000,-5000
061950,日月光群益9B購01,0,0,0,0,0,0,0,0,0,-5000,0,0,0,31000,36000,-5000,-5000
061945,華通群益9B購04  ,0,0,0,0,0,0,0,0,0,-5000,0,0,0,28000,33000,-5000,-5000
061940,世紀鋼國票9C購01,0,0,0,0,0,0,0,0,0,-5000,0,0,0,0,5000,-5000,-5000
061988,大立光元大9B購04,0,0,0,0,0,0,0,0,0,-5000,0,0,0,0,5000,-5000,-5000
06284P,台積電國票98售03,0,0,0,0,0,0,0,0,0,-5000,0,0,0,175000,180000,-5000,-5000
062875,瑞昱兆豐9C購01  ,0,0,0,0,0,0,0,0,0,-5000,0,0,0,5000,10000,-5000,-5000
063087,南六凱基9C購02  ,0,0,0,0,0,0,0,0,0,-5000,0,0,0,0,5000,-5000,-5000
063053,聯發科統一01購04,0,0,0,0,0,0,0,0,0,-5000,0,0,0,9000,14000,-5000,-5000
063349,台郡統一9C購01  ,0,0,0,0,0,0,0,0,0,-5000,0,0,0,5000,10000,-5000,-5000
063218,台塑群益9B購01  ,0,0,0,0,0,0,0,0,0,-5000,0,0,0,0,5000,-5000,-5000
061445,道瓊指中信9A購01,0,0,0,0,0,0,0,0,0,-5000,0,0,0,0,5000,-5000,-5000
061397,上銀台新9A購01  ,0,0,0,0,0,0,0,0,0,-5000,0,0,0,0,5000,-5000,-5000
061435,元金2X凱基9C購03,0,0,0,0,0,0,0,0,0,-5000,0,0,0,0,5000,-5000,-5000
061145,臻鼎中信9A購02  ,0,0,0,0,0,0,0,0,0,-5000,0,0,0,8000,13000,-5000,-5000
060322,卜蜂群益9A購01  ,0,0,0,0,0,0,0,0,0,-5000,0,0,0,0,5000,-5000,-5000
060800,華新科第一9A購01,0,0,0,0,0,0,0,0,0,-5000,0,0,0,0,5000,-5000,-5000
062666,和碩群益9B購01  ,0,0,0,0,0,0,0,0,0,-5000,0,0,0,105000,110000,-5000,-5000
061224,道瓊反中信01購01,0,0,0,0,0,0,0,0,0,-5000,0,0,0,0,5000,-5000,-5000
061226,台積電中信9A購05,0,0,0,0,0,0,0,0,0,-5000,0,0,0,0,5000,-5000,-5000
062747,立積永豐9B購01  ,0,0,0,0,0,0,0,0,0,-5000,0,0,0,5000,10000,-5000,-5000
065268,嘉澤元大9C購02  ,0,0,0,0,0,0,0,0,0,-5000,0,0,0,18000,23000,-5000,-5000
065002,致茂國票01購01  ,0,0,0,0,0,0,0,0,0,-5000,0,0,0,39000,44000,-5000,-5000
065802,義隆群益9C購05  ,0,0,0,0,0,0,0,0,0,-5000,0,0,0,10000,15000,-5000,-5000
065486,臺股指元大9C購24,0,0,0,0,0,0,0,0,0,-5000,0,0,0,0,5000,-5000,-5000
065518,聯鈞群益9C購02  ,0,0,0,0,0,0,0,0,0,-5000,0,0,0,32000,37000,-5000,-5000
065428,旺宏凱基03購01  ,0,0,0,0,0,0,0,0,0,-5000,0,0,0,10000,15000,-5000,-5000
065432,景碩凱基9C購03  ,0,0,0,0,0,0,0,0,0,-5000,0,0,0,75000,80000,-5000,-5000
065553,聯詠凱基9C購03  ,0,0,0,0,0,0,0,0,0,-5000,0,0,0,5000,10000,-5000,-5000
063536,美食統一01購01  ,0,0,0,0,0,0,0,0,0,-5000,0,0,0,0,5000,-5000,-5000
063622,健策兆豐9B購01  ,0,0,0,0,0,0,0,0,0,-5000,0,0,0,0,5000,-5000,-5000
063687,金像電永豐9B購04,0,0,0,0,0,0,0,0,0,-5000,0,0,0,15000,20000,-5000,-5000
064029,宏達電元大9C購01,0,0,0,0,0,0,0,0,0,-5000,0,0,0,4000,9000,-5000,-5000
063851,健策元大01購01  ,0,0,0,0,0,0,0,0,0,-5000,0,0,0,136000,141000,-5000,-5000
063868,嘉晶永豐9C購01  ,0,0,0,0,0,0,0,0,0,-5000,0,0,0,39000,44000,-5000,-5000
063891,國巨群益9C購07  ,0,30000,-30000,0,0,0,0,0,0,25000,0,0,0,30000,5000,25000,-5000
064587,泰碩永豐9C購01  ,0,0,0,0,0,0,0,0,0,-5000,0,0,0,0,5000,-5000,-5000
064496,聯發科元大9C購10,0,0,0,0,0,0,0,0,0,-5000,0,0,0,0,5000,-5000,-5000
064412,緯穎凱基01購01  ,0,0,0,0,0,0,0,0,0,-5000,0,0,0,0,5000,-5000,-5000
064420,台積電兆豐9C購03,0,0,0,0,0,0,0,0,0,-5000,0,0,0,100000,105000,-5000,-5000
064345,創意元大9C購03  ,0,0,0,0,0,0,0,0,0,-5000,0,0,0,0,5000,-5000,-5000
064229,台表科國票01購01,0,0,0,0,0,0,0,0,0,-5000,0,0,0,0,5000,-5000,-5000
2704,國賓            ,64000,69000,-5000,0,0,0,0,0,0,0,0,0,0,0,0,0,-5000
3593,力銘            ,4000,9000,-5000,0,0,0,0,0,0,0,0,0,0,0,0,0,-5000
8462,柏文            ,7000,15000,-8000,0,0,0,0,0,0,3000,0,0,0,4000,1000,3000,-5000
8367,建新國際        ,3000,8000,-5000,0,0,0,0,0,0,0,1000,1000,0,0,0,0,-5000
08451P,南六統一9C售06  ,0,0,0,0,0,0,0,0,0,-6000,0,0,0,0,6000,-6000,-6000
08504P,臺股指國票9C售06,0,0,0,0,0,0,0,0,0,-6000,0,0,0,0,6000,-6000,-6000
1616,億泰            ,0,6000,-6000,0,0,0,0,0,0,0,0,0,0,0,0,0,-6000
1737,臺鹽            ,2000,8000,-6000,0,0,0,0,0,0,0,0,0,0,0,0,0,-6000
1568,倉佑            ,3000,9000,-6000,0,0,0,0,0,0,0,0,0,0,0,0,0,-6000
1312A,國喬特          ,0,0,0,0,0,0,0,0,0,-6000,4000,10000,-6000,0,0,0,-6000
07644P,南電凱基9A售03  ,0,0,0,0,0,0,0,0,0,-6000,0,0,0,15000,21000,-6000,-6000
07649P,金像電永豐9A售02,0,0,0,0,0,0,0,0,0,-6000,0,0,0,0,6000,-6000,-6000
07688P,華通元大9A售07  ,0,0,0,0,0,0,0,0,0,-6000,0,0,0,0,6000,-6000,-6000
08165P,台表科永豐9B售02,0,0,0,0,0,0,0,0,0,-6000,0,0,0,0,6000,-6000,-6000
07148P,富邦金元大99售01,0,0,0,0,0,0,0,0,0,-6000,0,0,0,0,6000,-6000,-6000
067102,聯發科群益01購03,0,0,0,0,0,0,0,0,0,-6000,0,0,0,0,6000,-6000,-6000
066489,京鼎元富04購01  ,0,0,0,0,0,0,0,0,0,-6000,0,0,0,106000,112000,-6000,-6000
066226,惠特國泰03購01  ,0,0,0,0,0,0,0,0,0,-6000,0,0,0,102000,108000,-6000,-6000
066045,聯發科元大01購08,0,0,0,0,0,0,0,0,0,-6000,0,0,0,8000,14000,-6000,-6000
066012,友訊元富01購01  ,0,0,0,0,0,0,0,0,0,-6000,0,0,0,39000,45000,-6000,-6000
055093,京鼎群益98購01  ,0,0,0,0,0,0,0,0,0,-6000,0,0,0,4000,10000,-6000,-6000
054806,台化元大9A購01  ,0,0,0,0,0,0,0,0,0,-6000,0,0,0,5000,11000,-6000,-6000
056217,A50正2中信99購02,0,0,0,0,0,0,0,0,0,-6000,0,0,0,0,6000,-6000,-6000
054468,台郡凱基98購01  ,0,0,0,0,0,0,0,0,0,-6000,0,0,0,0,6000,-6000,-6000
055631,創意永豐98購01  ,0,0,0,0,0,0,0,0,0,-6000,0,0,0,10000,16000,-6000,-6000
00717,富邦美國特別股  ,0,0,0,0,0,0,0,0,0,-6000,0,0,0,400000,406000,-6000,-6000
01003T,兆豐新光R1      ,0,6000,-6000,0,0,0,0,0,0,0,0,0,0,0,0,0,-6000
052344,台表科凱基98購01,0,0,0,0,0,0,0,0,0,-6000,0,0,0,0,6000,-6000,-6000
056407,嘉晶國票99購01  ,0,0,0,0,0,0,0,0,0,-6000,0,0,0,0,6000,-6000,-6000
057190,立積元大9A購02  ,0,0,0,0,0,0,0,0,0,-6000,0,0,0,0,6000,-6000,-6000
057912,美律日盛99購01  ,0,0,0,0,0,0,0,0,0,-6000,0,0,0,0,6000,-6000,-6000
062213,和大統一9B購02  ,0,0,0,0,0,0,0,0,0,-6000,0,0,0,0,6000,-6000,-6000
062449,臻鼎元大9B購01  ,0,0,0,0,0,0,0,0,0,-6000,0,0,0,32000,38000,-6000,-6000
061201,FBVIX元大01購03 ,0,0,0,0,0,0,0,0,0,-6000,0,0,0,0,6000,-6000,-6000
060789,禾伸堂富邦9B購02,0,0,0,0,0,0,0,0,0,-6000,0,0,0,0,6000,-6000,-6000
061376,瑞昱永豐9A購02  ,0,0,0,0,0,0,0,0,0,-6000,0,0,0,0,6000,-6000,-6000
063323,同欣電群益9B購03,0,0,0,0,0,0,0,0,0,-6000,0,0,0,0,6000,-6000,-6000
062888,漢唐群益9B購01  ,0,0,0,0,0,0,0,0,0,-6000,0,0,0,73000,79000,-6000,-6000
061991,牧德元大9C購01  ,0,0,0,0,0,0,0,0,0,-6000,0,0,0,5000,11000,-6000,-6000
060485,華新科富邦9C購04,0,0,0,0,0,0,0,0,0,-6000,0,0,0,0,6000,-6000,-6000
060599,國巨凱基9C購01  ,0,0,0,0,0,0,0,0,0,-6000,0,0,0,4000,10000,-6000,-6000
060236,精元元大9C購01  ,0,0,0,0,0,0,0,0,0,-6000,0,0,0,0,6000,-6000,-6000
059230,滬深2X國票9B購02,0,0,0,0,0,0,0,0,0,-6000,0,0,0,0,6000,-6000,-6000
061648,緯穎元大9A購04  ,0,0,0,0,0,0,0,0,0,-6000,0,0,0,0,6000,-6000,-6000
060126,創意永豐99購04  ,0,0,0,0,0,0,0,0,0,-6000,0,0,0,0,6000,-6000,-6000
059073,元油2X元大9C購14,0,0,0,0,0,0,0,0,0,-6000,0,0,0,0,6000,-6000,-6000
060847,康控國票9A購01  ,0,0,0,0,0,0,0,0,0,-6000,0,0,0,0,6000,-6000,-6000
060043,全新群益9B購02  ,0,0,0,0,0,0,0,0,0,-6000,0,0,0,0,6000,-6000,-6000
062178,上銀元大9B購03  ,0,0,0,0,0,0,0,0,0,-6000,0,0,0,0,6000,-6000,-6000
064393,友訊永豐9C購01  ,0,0,0,0,0,0,0,0,0,-6000,0,0,0,10000,16000,-6000,-6000
064388,緯穎富邦9C購01  ,0,0,0,0,0,0,0,0,0,-6000,0,0,0,164000,170000,-6000,-6000
064371,矽格統一9C購02  ,0,0,0,0,0,0,0,0,0,-6000,0,0,0,361000,367000,-6000,-6000
064503,日電貿元大9C購01,0,0,0,0,0,0,0,0,0,-6000,0,0,0,0,6000,-6000,-6000
063999,日月光兆豐9C購01,0,0,0,0,0,0,0,0,0,-6000,0,0,0,12000,18000,-6000,-6000
063586,燿華永豐9B購02  ,0,0,0,0,0,0,0,0,0,-6000,0,0,0,62000,68000,-6000,-6000
063432,金寶元富9B購01  ,0,0,0,0,0,0,0,0,0,-6000,0,0,0,304000,310000,-6000,-6000
065030,亞光兆豐9C購01  ,0,0,0,0,0,0,0,0,0,-6000,0,0,0,9000,15000,-6000,-6000
6579,研揚            ,3000,9000,-6000,0,0,0,0,0,0,0,0,0,0,0,0,0,-6000
3046,建碁            ,0,6000,-6000,0,0,0,0,0,0,0,0,0,0,0,0,0,-6000
4545,銘鈺            ,4000,10000,-6000,0,0,0,0,0,0,0,0,0,0,0,0,0,-6000
3004,豐達科          ,16000,22000,-6000,0,0,0,0,0,0,0,0,0,0,0,0,0,-6000
2528,皇普            ,0,6000,-6000,0,0,0,0,0,0,0,0,0,0,0,0,0,-6000
06804P,臺股指群益98售10,0,0,0,0,0,0,0,0,0,-7000,0,0,0,0,7000,-7000,-7000
066675,滬深2X兆豐03購01,0,0,0,0,0,0,0,0,0,-7000,0,0,0,10000,17000,-7000,-7000
07462P,臺股指元大9B售05,0,0,0,0,0,0,0,0,0,-7000,0,0,0,0,7000,-7000,-7000
1540,喬福            ,7000,14000,-7000,0,0,0,0,0,0,0,0,0,0,0,0,0,-7000
1432,大魯閣          ,1000,6000,-5000,0,0,0,0,0,0,-2000,0,2000,-2000,0,0,0,-7000
1465,偉全            ,0,7000,-7000,0,0,0,0,0,0,0,0,0,0,0,0,0,-7000
1459,聯發            ,0,7000,-7000,0,0,0,0,0,0,0,0,0,0,0,0,0,-7000
1463,強盛            ,4000,11000,-7000,0,0,0,0,0,0,0,0,0,0,0,0,0,-7000
08657P,牧德群益9C售02  ,0,0,0,0,0,0,0,0,0,-7000,0,0,0,10000,17000,-7000,-7000
062249,台積電元大9B購01,0,0,0,0,0,0,0,0,0,-7000,0,0,0,0,7000,-7000,-7000
062313,聯詠凱基9C購01  ,0,0,0,0,0,0,0,0,0,-7000,0,0,0,46000,53000,-7000,-7000
058402,欣興元大99購04  ,0,0,0,0,0,0,0,0,0,-7000,0,0,0,17000,24000,-7000,-7000
057959,欣興元大98購14  ,0,0,0,0,0,0,0,0,0,-7000,0,0,0,4000,11000,-7000,-7000
057549,台光電凱基98購05,0,0,0,0,0,0,0,0,0,-7000,0,0,0,0,7000,-7000,-7000
052659,上証2X國票99購01,0,0,0,0,0,0,0,0,0,-7000,0,0,0,0,7000,-7000,-7000
00731,FH富時高息低波  ,1000,1000,0,0,0,0,0,0,0,-7000,0,0,0,1012000,1019000,-7000,-7000
053537,玉晶光永豐98購02,0,0,0,0,0,0,0,0,0,-7000,0,0,0,7000,14000,-7000,-7000
03425B,臺股指元大9A熊01,0,0,0,0,0,0,0,0,0,-7000,0,0,0,0,7000,-7000,-7000
036628,統一台新99購01  ,0,0,0,0,0,0,0,0,0,-7000,0,0,0,0,7000,-7000,-7000
056288,健鼎永豐97購01  ,0,0,0,0,0,0,0,0,0,-7000,0,0,0,0,7000,-7000,-7000
054917,聯發科凱基98購05,0,0,0,0,0,0,0,0,0,-7000,0,0,0,0,7000,-7000,-7000
055022,精元國泰99購01  ,0,0,0,0,0,0,0,0,0,-7000,0,0,0,0,7000,-7000,-7000
056555,矽創凱基98購01  ,0,0,0,0,0,0,0,0,0,-7000,0,0,0,13000,20000,-7000,-7000
058488,華擎國票9A購01  ,0,0,0,0,0,0,0,0,0,-7000,0,0,0,10000,17000,-7000,-7000
058490,元黃金群益9B購01,0,0,0,0,0,0,0,0,0,-7000,0,0,0,0,7000,-7000,-7000
060100,新光金元大9C購01,0,0,0,0,0,0,0,0,0,-7000,0,0,0,84000,91000,-7000,-7000
061524,華通凱基9A購07  ,0,0,0,0,0,0,0,0,0,-7000,0,0,0,0,7000,-7000,-7000
059115,美食永豐99購01  ,0,0,0,0,0,0,0,0,0,-7000,0,0,0,43000,50000,-7000,-7000
060628,和大富邦9B購01  ,0,0,0,0,0,0,0,0,0,-7000,0,0,0,0,7000,-7000,-7000
061125,億光永豐9A購01  ,0,0,0,0,0,0,0,0,0,-7000,0,0,0,89000,96000,-7000,-7000
061031,神隆永豐9A購02  ,0,0,0,0,0,0,0,0,0,-7000,0,0,0,49000,56000,-7000,-7000
061253,臺股指群益9A購04,0,0,0,0,0,0,0,0,0,-7000,0,0,0,5000,12000,-7000,-7000
065355,聯發科元富03購05,0,0,0,0,0,0,0,0,0,-7000,0,0,0,1000,8000,-7000,-7000
065186,和大統一02購06  ,0,0,0,0,0,0,0,0,0,-7000,0,0,0,44000,51000,-7000,-7000
065558,嘉聯益凱基9C購02,0,0,0,0,0,0,0,0,0,-7000,0,0,0,0,7000,-7000,-7000
065783,友訊永豐9C購02  ,0,0,0,0,0,0,0,0,0,-7000,0,0,0,75000,82000,-7000,-7000
065866,鴻海群益9C購07  ,0,0,0,0,0,0,0,0,0,-7000,0,0,0,90000,97000,-7000,-7000
063479,南六元大9B購06  ,0,0,0,0,0,0,0,0,0,-7000,0,0,0,98000,105000,-7000,-7000
063844,台積電元大9C購05,0,0,0,0,0,0,0,0,0,-7000,0,0,0,0,7000,-7000,-7000
064623,創意元大9C購04  ,0,0,0,0,0,0,0,0,0,-7000,0,0,0,20000,27000,-7000,-7000
064287,日月光元大9C購01,0,0,0,0,0,0,0,0,0,-7000,0,0,0,6000,13000,-7000,-7000
064224,玉晶光國票01購04,0,0,0,0,0,0,0,0,0,-7000,0,0,0,10000,17000,-7000,-7000
2543,皇昌            ,0,7000,-7000,0,0,0,0,0,0,0,0,0,0,0,0,0,-7000
2739,寒舍            ,0,6000,-6000,0,0,0,0,0,0,-1000,0,1000,-1000,0,0,0,-7000
2114,鑫永銓          ,0,7000,-7000,0,0,0,0,0,0,0,0,0,0,0,0,0,-7000
4560,強信-KY         ,91000,98000,-7000,0,0,0,0,0,0,0,0,0,0,0,0,0,-7000
5234,達興材料        ,21000,28000,-7000,0,0,0,0,0,0,0,0,0,0,0,0,0,-7000
3504,揚明光          ,69000,62000,7000,0,0,0,0,0,0,-14000,0,0,0,0,14000,-14000,-7000
8201,無敵            ,9000,16000,-7000,0,0,0,0,0,0,0,0,0,0,0,0,0,-7000
07256P,臺股指凱基99售36,0,0,0,0,0,0,0,0,0,-8000,0,0,0,2000,10000,-8000,-8000
066929,國巨國票02購03  ,0,0,0,0,0,0,0,0,0,-8000,0,0,0,2000,10000,-8000,-8000
066827,聯發科群益02購04,0,0,0,0,0,0,0,0,0,-8000,0,0,0,3000,11000,-8000,-8000
066813,亞德客兆豐01購01,0,0,0,0,0,0,0,0,0,-8000,0,0,0,0,8000,-8000,-8000
06777P,鴻海元大99售06  ,0,0,0,0,0,0,0,0,0,-8000,0,0,0,70000,78000,-8000,-8000
07103P,南電元大99售04  ,0,0,0,0,0,0,0,0,0,-8000,0,0,0,20000,28000,-8000,-8000
06613P,華新科富邦9A售03,0,0,0,0,0,0,0,0,0,-8000,0,0,0,0,8000,-8000,-8000
066187,瑞祺凱基01購01  ,0,0,0,0,0,0,0,0,0,-8000,0,0,0,12000,20000,-8000,-8000
066522,建準中信01購01  ,0,0,0,0,0,0,0,0,0,-8000,0,0,0,0,8000,-8000,-8000
06656P,GIS元大98售02   ,0,0,0,0,0,0,0,0,0,-8000,0,0,0,5000,13000,-8000,-8000
066527,泰鼎統一03購01  ,0,0,0,0,0,0,0,0,0,-8000,0,0,0,41000,49000,-8000,-8000
066348,松翰永豐01購01  ,0,0,0,0,0,0,0,0,0,-8000,0,0,0,2000,10000,-8000,-8000
066397,智原凱基01購01  ,0,0,0,0,0,0,0,0,0,-8000,0,0,0,12000,20000,-8000,-8000
058892,元油2X元大9C購08,0,0,0,0,0,0,0,0,0,-8000,0,0,0,0,8000,-8000,-8000
057308,同欣電兆豐99購01,0,0,0,0,0,0,0,0,0,-8000,0,0,0,0,8000,-8000,-8000
055029,帆宣國泰99購01  ,0,0,0,0,0,0,0,0,0,-8000,0,0,0,0,8000,-8000,-8000
056292,統一元大97購01  ,0,0,0,0,0,0,0,0,0,-8000,0,0,0,0,8000,-8000,-8000
00714,群益道瓊美國地產,0,0,0,0,0,0,0,0,0,-8000,0,0,0,1000,9000,-8000,-8000
056387,智伸科國泰99購01,0,0,0,0,0,0,0,0,0,-8000,0,0,0,2000,10000,-8000,-8000
056534,京元電凱基98購01,0,0,0,0,0,0,0,0,0,-8000,0,0,0,2000,10000,-8000,-8000
057862,智邦凱基99購01  ,0,0,0,0,0,0,0,0,0,-8000,0,0,0,1000,9000,-8000,-8000
057469,康友永豐98購02  ,0,0,0,0,0,0,0,0,0,-8000,0,0,0,0,8000,-8000,-8000
058100,聯茂國泰99購02  ,0,0,0,0,0,0,0,0,0,-8000,0,0,0,0,8000,-8000,-8000
058731,貿聯永豐99購02  ,0,0,0,0,0,0,0,0,0,-8000,0,0,0,1000,9000,-8000,-8000
062318,台郡凱基9B購01  ,0,0,0,0,0,0,0,0,0,-8000,0,0,0,10000,18000,-8000,-8000
062476,神隆國票9B購01  ,0,0,0,0,0,0,0,0,0,-8000,0,0,0,15000,23000,-8000,-8000
061222,台灣50中信9A購02,0,0,0,0,0,0,0,0,0,-8000,0,0,0,0,8000,-8000,-8000
062684,華新科統一01購02,0,0,0,0,0,0,0,0,0,-8000,0,0,0,0,8000,-8000,-8000
061338,台積電元大9A購28,0,0,0,0,0,0,0,0,0,-8000,0,0,0,0,8000,-8000,-8000
061998,緯穎元大9B購03  ,0,0,0,0,0,0,0,0,0,-8000,0,0,0,0,8000,-8000,-8000
062880,大立光兆豐9B購02,0,0,0,0,0,0,0,0,0,-8000,0,0,0,2000,10000,-8000,-8000
062066,元黃金元大9B購01,0,0,0,0,0,0,0,0,0,-8000,0,0,0,3000,11000,-8000,-8000
062906,全新元大9B購03  ,0,0,0,0,0,0,0,0,0,-8000,0,0,0,1000,9000,-8000,-8000
062947,國巨富邦01購01  ,0,0,0,0,0,0,0,0,0,-8000,0,0,0,47000,55000,-8000,-8000
060153,A50正2永豐9A購01,0,0,0,0,0,0,0,0,0,-8000,0,0,0,69000,77000,-8000,-8000
062568,緯穎中信9C購01  ,0,0,0,0,0,0,0,0,0,-8000,0,0,0,0,8000,-8000,-8000
060867,智伸科永豐9A購01,0,0,0,0,0,0,0,0,0,-8000,0,0,0,67000,75000,-8000,-8000
064383,SP黃豆富邦01購01,0,0,0,0,0,0,0,0,0,-8000,0,0,0,0,8000,-8000,-8000
064332,聯發科元大01購01,0,0,0,0,0,0,0,0,0,-8000,0,0,0,0,8000,-8000,-8000
064649,同欣電凱基01購01,0,0,0,0,0,0,0,0,0,-8000,0,0,0,10000,18000,-8000,-8000
06461P,玉晶光國泰9A售01,0,0,0,0,0,0,0,0,0,-8000,0,0,0,0,8000,-8000,-8000
064660,華通元大9C購05  ,0,0,0,0,0,0,0,0,0,-8000,0,0,0,0,8000,-8000,-8000
064543,華通凱基02購02  ,0,0,0,0,0,0,0,0,0,-8000,0,0,0,20000,28000,-8000,-8000
063782,致新永豐9B購02  ,0,0,0,0,0,0,0,0,0,-8000,0,0,0,64000,72000,-8000,-8000
063968,新光金國票01購01,0,0,0,0,0,0,0,0,0,-8000,0,0,0,290000,298000,-8000,-8000
063430,台積電台新9B購07,0,0,0,0,0,0,0,0,0,-8000,0,0,0,0,8000,-8000,-8000
063619,聯發科兆豐01購01,0,0,0,0,0,0,0,0,0,-8000,0,0,0,7000,15000,-8000,-8000
065868,燿華群益02購01  ,0,0,0,0,0,0,0,0,0,-8000,0,0,0,111000,119000,-8000,-8000
065607,聯詠元大9C購02  ,0,0,0,0,0,0,0,0,0,-8000,0,0,0,51000,59000,-8000,-8000
065193,和大元富03購02  ,0,0,0,0,0,0,0,0,0,-8000,0,0,0,2000,10000,-8000,-8000
064957,台表科凱基02購02,0,0,0,0,0,0,0,0,0,-8000,0,0,0,131000,139000,-8000,-8000
064903,新唐群益9C購01  ,0,0,0,0,0,0,0,0,0,-8000,0,0,0,7000,15000,-8000,-8000
9908,大台北          ,22000,28000,-6000,0,0,0,0,0,0,-2000,0,2000,-2000,0,0,0,-8000
3011,今皓            ,0,8000,-8000,0,0,0,0,0,0,0,0,0,0,0,0,0,-8000
2701,萬企            ,1000,9000,-8000,0,0,0,0,0,0,0,0,0,0,0,0,0,-8000
066553,大立光元大01購09,0,0,0,0,0,0,0,0,0,-9000,0,0,0,6000,15000,-9000,-9000
06828P,臺股指國票98售04,0,0,0,0,0,0,0,0,0,-9000,0,0,0,91000,100000,-9000,-9000
06697P,台積電國票99售05,0,0,0,0,0,0,0,0,0,-9000,0,0,0,0,9000,-9000,-9000
066795,台積電凱基02購07,0,0,0,0,0,0,0,0,0,-9000,0,0,0,1000,10000,-9000,-9000
066828,聯發科群益02購05,0,0,0,0,0,0,0,0,0,-9000,0,0,0,1000,10000,-9000,-9000
066947,聯發科元大01購15,0,0,0,0,0,0,0,0,0,-9000,0,0,0,0,9000,-9000,-9000
066611,台積電麥證01購03,0,0,0,146000,755000,-609000,0,0,0,-9000,0,0,0,746000,755000,-9000,-9000
07596P,上証2X中信01售01,0,0,0,0,0,0,0,0,0,-9000,0,0,0,0,9000,-9000,-9000
07765P,台積電群益9A售06,0,0,0,0,0,0,0,0,0,-9000,0,0,0,11000,20000,-9000,-9000
07753P,台灣50元大9C售34,0,0,0,0,0,0,0,0,0,-9000,0,0,0,0,9000,-9000,-9000
08520P,和大元大9C售04  ,0,0,0,0,0,0,0,0,0,-9000,0,0,0,5000,14000,-9000,-9000
08562P,南電國票01售03  ,0,0,0,0,0,0,0,0,0,-9000,0,0,0,107000,116000,-9000,-9000
1225,福懋油          ,0,9000,-9000,0,0,0,0,0,0,0,0,0,0,0,0,0,-9000
062478,牧德國票9B購03  ,0,0,0,0,0,0,0,0,0,-9000,0,0,0,29000,38000,-9000,-9000
062362,致茂元大9B購01  ,0,0,0,0,0,0,0,0,0,-9000,0,0,0,9000,18000,-9000,-9000
058085,景碩群益9A購01  ,0,0,0,0,0,0,0,0,0,-9000,0,0,0,0,9000,-9000,-9000
058445,旺宏富邦9C購01  ,0,0,0,0,0,0,0,0,0,-9000,0,0,0,34000,43000,-9000,-9000
058290,南電國票9A購01  ,0,0,0,0,0,0,0,0,0,-9000,0,0,0,1000,10000,-9000,-9000
058347,玉晶光群益9B購01,0,0,0,0,0,0,0,0,0,-9000,0,0,0,2000,11000,-9000,-9000
057096,緯穎元富98購01  ,0,0,0,0,0,0,0,0,0,-9000,0,0,0,20000,29000,-9000,-9000
057023,美律凱基99購02  ,0,0,0,0,0,0,0,0,0,-9000,0,0,0,1000,10000,-9000,-9000
053411,深中小國票9B購01,0,0,0,0,0,0,0,0,0,-9000,0,0,0,1000,10000,-9000,-9000
00866,新光Shiller CAPE,0,0,0,0,0,0,0,0,0,-9000,0,0,0,26000,35000,-9000,-9000
054128,台積電元大97購10,0,0,0,0,0,0,0,0,0,-9000,0,0,0,1000,10000,-9000,-9000
056200,大毅永豐98購01  ,0,0,0,0,0,0,0,0,0,-9000,0,0,0,0,9000,-9000,-9000
056637,台光電日盛9A購01,0,0,0,0,0,0,0,0,0,-9000,0,0,0,0,9000,-9000,-9000
056638,臺股指日盛98購01,0,0,0,0,0,0,0,0,0,-9000,0,0,0,0,9000,-9000,-9000
056669,貿聯國票99購01  ,0,0,0,0,0,0,0,0,0,-9000,0,0,0,0,9000,-9000,-9000
058973,麗豐永豐99購01  ,0,0,0,0,0,0,0,0,0,-9000,0,0,0,1000,10000,-9000,-9000
061855,台郡國票9B購01  ,0,0,0,0,0,0,0,0,0,-9000,0,0,0,0,9000,-9000,-9000
059034,華通群益9B購02  ,0,0,0,0,0,0,0,0,0,-9000,0,0,0,0,9000,-9000,-9000
061613,南六統一9C購01  ,0,0,0,0,0,0,0,0,0,-9000,0,0,0,36000,45000,-9000,-9000
059730,晶相光元大9C購02,0,5000,-5000,0,0,0,0,0,0,-4000,0,0,0,57000,61000,-4000,-9000
062988,儒鴻群益9B購01  ,0,0,0,0,0,0,0,0,0,-9000,0,0,0,33000,42000,-9000,-9000
061907,裕隆中信9B購01  ,0,0,0,0,0,0,0,0,0,-9000,0,0,0,0,9000,-9000,-9000
061466,創意群益9A購01  ,0,0,0,0,0,0,0,0,0,-9000,0,0,0,8000,17000,-9000,-9000
061471,台積電元大9A購31,0,0,0,0,0,0,0,0,0,-9000,0,0,0,0,9000,-9000,-9000
061475,漢唐元大9A購01  ,0,0,0,0,0,0,0,0,0,-9000,0,0,0,10000,19000,-9000,-9000
061120,台積電永豐9A購03,0,0,0,0,0,0,0,0,0,-9000,0,0,0,0,9000,-9000,-9000
061771,玉晶光元大9C購04,0,0,0,0,0,0,0,0,0,-9000,0,0,0,1000,10000,-9000,-9000
060421,華擎永豐9A購01  ,0,0,0,0,0,0,0,0,0,-9000,0,0,0,41000,50000,-9000,-9000
065880,訊芯群益9C購01  ,0,0,0,0,0,0,0,0,0,-9000,0,0,0,307000,316000,-9000,-9000
065805,京鼎群益01購01  ,0,0,0,0,0,0,0,0,0,-9000,0,0,0,1000,10000,-9000,-9000
065741,聯發科麥證9C購06,0,0,0,1000,10000,-9000,0,0,0,-9000,0,0,0,1000,10000,-9000,-9000
063629,台積電元大9B購08,0,0,0,0,0,0,0,0,0,-9000,0,0,0,0,9000,-9000,-9000
063961,世紀鋼元大9C購05,0,0,0,0,0,0,0,0,0,-9000,0,0,0,55000,64000,-9000,-9000
064080,宏達電中信06購01,0,0,0,0,0,0,0,0,0,-9000,0,0,0,13000,22000,-9000,-9000
064057,緯穎統一02購01  ,0,0,0,0,0,0,0,0,0,-9000,0,0,0,5000,14000,-9000,-9000
064635,臺股指元大9C購21,0,0,0,0,0,0,0,0,0,-9000,0,0,0,0,9000,-9000,-9000
064352,嘉聯益元大9C購01,0,0,0,0,0,0,0,0,0,-9000,0,0,0,81000,90000,-9000,-9000
064175,華通國泰02購01  ,0,0,0,0,0,0,0,0,0,-9000,0,0,0,1000,10000,-9000,-9000
064157,健鼎統一01購02  ,0,0,0,0,0,0,0,0,0,-9000,0,0,0,1000,10000,-9000,-9000
2832,台產            ,5000,14000,-9000,0,0,0,0,0,0,0,0,0,0,0,0,0,-9000
2850,新產            ,24000,33000,-9000,0,0,0,0,0,0,0,0,0,0,0,0,0,-9000
2882A,國泰特          ,0,0,0,0,0,0,0,0,0,-9000,1000,10000,-9000,0,0,0,-9000
3416,融程電          ,2000,10000,-8000,0,0,0,0,0,0,-1000,0,1000,-1000,0,0,0,-9000
4526,東台            ,13000,22000,-9000,0,0,0,0,0,0,0,0,0,0,0,0,0,-9000
8463,潤泰材          ,7000,16000,-9000,0,0,0,0,0,0,0,0,0,0,0,0,0,-9000
6655,科定            ,0,9000,-9000,0,0,0,0,0,0,0,0,0,0,0,0,0,-9000
1219,福壽            ,1000,11000,-10000,0,0,0,0,0,0,0,0,0,0,0,0,0,-10000
08833P,緯穎群益01售03  ,0,0,0,0,0,0,0,0,0,-10000,0,0,0,0,10000,-10000,-10000
08835P,聯發科統一01售12,0,0,0,0,0,0,0,0,0,-10000,0,0,0,0,10000,-10000,-10000
08576P,嘉澤凱基9C售03  ,0,0,0,0,0,0,0,0,0,-10000,0,0,0,10000,20000,-10000,-10000
08550P,台灣50群益02售04,0,0,0,0,0,0,0,0,0,-10000,0,0,0,0,10000,-10000,-10000
08430P,友達凱基01售01  ,0,0,0,0,0,0,0,0,0,-10000,0,0,0,0,10000,-10000,-10000
08421P,台積電群益9C售10,0,0,0,0,0,0,0,0,0,-10000,0,0,0,0,10000,-10000,-10000
08668P,燿華群益01售01  ,0,0,0,0,0,0,0,0,0,-10000,0,0,0,0,10000,-10000,-10000
08691P,鎧勝中信05售02  ,0,0,0,0,0,0,0,0,0,-10000,0,0,0,90000,100000,-10000,-10000
08619P,國巨群益9C售21  ,0,0,0,0,0,0,0,0,0,-10000,0,0,0,0,10000,-10000,-10000
08645P,臺股指中信03售01,0,0,0,0,0,0,0,0,0,-10000,0,0,0,20000,30000,-10000,-10000
08733P,臺股指麥證01售05,0,0,0,0,10000,-10000,0,0,0,-10000,0,0,0,0,10000,-10000,-10000
08712P,國巨元富07售03  ,0,0,0,0,0,0,0,0,0,-10000,0,0,0,0,10000,-10000,-10000
08805P,台積電元富07售04,0,0,0,0,0,0,0,0,0,-10000,0,0,0,0,10000,-10000,-10000
07684P,大立光凱基9A售11,0,0,0,0,0,0,0,0,0,-10000,0,0,0,0,10000,-10000,-10000
07657P,技嘉凱基9A售03  ,0,0,0,0,0,0,0,0,0,-10000,0,0,0,0,10000,-10000,-10000
07660P,聯茂凱基9A售03  ,0,0,0,0,0,0,0,0,0,-10000,0,0,0,0,10000,-10000,-10000
07835P,台表科群益9A售02,0,0,0,0,0,0,0,0,0,-10000,0,0,0,10000,20000,-10000,-10000
07590P,玉晶光國票9A售03,0,0,0,0,0,0,0,0,0,-10000,0,0,0,30000,40000,-10000,-10000
07571P,台灣50元大9A售14,0,0,0,0,0,0,0,0,0,-10000,0,0,0,0,10000,-10000,-10000
07564P,臺股指中信01售01,0,0,0,0,0,0,0,0,0,-10000,0,0,0,0,10000,-10000,-10000
07650P,台灣50中信9A售01,0,0,0,0,0,0,0,0,0,-10000,0,0,0,0,10000,-10000,-10000
07598P,臺股指中信01售03,0,0,0,0,0,0,0,0,0,-10000,0,0,0,0,10000,-10000,-10000
07533P,臺股指中信9C售04,0,0,0,0,0,0,0,0,0,-10000,0,0,0,0,10000,-10000,-10000
07530P,聯發科凱基9A售11,0,0,0,0,0,0,0,0,0,-10000,0,0,0,0,10000,-10000,-10000
07538P,玉晶光元富9A售05,0,0,0,0,0,0,0,0,0,-10000,0,0,0,0,10000,-10000,-10000
07225P,台積電元大99售33,0,0,0,0,0,0,0,0,0,-10000,0,0,0,0,10000,-10000,-10000
07230P,滬深2X群益01售02,0,0,0,0,0,0,0,0,0,-10000,0,0,0,0,10000,-10000,-10000
07314P,T50正2元大9C售03,0,0,0,0,0,0,0,0,0,-10000,0,0,0,0,10000,-10000,-10000
07434P,臺股指國票9A售06,0,0,0,0,0,0,0,0,0,-10000,0,0,0,0,10000,-10000,-10000
08167P,台積電兆豐9B售04,0,0,0,0,0,0,0,0,0,-10000,0,0,0,0,10000,-10000,-10000
08183P,聯發科永豐9B售04,0,0,0,0,0,0,0,0,0,-10000,0,0,0,0,10000,-10000,-10000
08144P,臺股指凱基02售03,0,0,0,0,0,0,0,0,0,-10000,0,0,0,0,10000,-10000,-10000
08148P,長榮航群益9B售03,0,0,0,0,0,0,0,0,0,-10000,0,0,0,0,10000,-10000,-10000
08032P,台積電統一9B售16,0,0,0,0,0,0,0,0,0,-10000,0,0,0,0,10000,-10000,-10000
08070P,晶技國泰9C售02  ,0,0,0,0,0,0,0,0,0,-10000,0,0,0,10000,20000,-10000,-10000
07968P,國巨元大9B售09  ,0,0,0,0,0,0,0,0,0,-10000,0,0,0,0,10000,-10000,-10000
07976P,聯發科群益9C售02,0,0,0,0,0,0,0,0,0,-10000,0,0,0,40000,50000,-10000,-10000
08205P,智邦凱基9B售03  ,0,0,0,0,0,0,0,0,0,-10000,0,0,0,0,10000,-10000,-10000
08270P,鴻海富邦9C售02  ,0,0,0,0,0,0,0,0,0,-10000,0,0,0,0,10000,-10000,-10000
08251P,臺股指群益9C售09,0,0,0,0,0,0,0,0,0,-10000,0,0,0,0,10000,-10000,-10000
08281P,國巨群益9C售08  ,0,0,0,0,0,0,0,0,0,-10000,0,0,0,0,10000,-10000,-10000
08314P,國巨元大9C售14  ,0,0,0,0,0,0,0,0,0,-10000,0,0,0,0,10000,-10000,-10000
08368P,台積電兆豐9C售04,0,0,0,0,0,0,0,0,0,-10000,0,0,0,0,10000,-10000,-10000
066668,揚明光凱基01購01,0,0,0,0,0,0,0,0,0,-10000,0,0,0,100000,110000,-10000,-10000
066647,聯發科麥證01購04,0,0,0,0,10000,-10000,0,0,0,-10000,0,0,0,0,10000,-10000,-10000
066656,滬深2X凱基03購02,0,0,0,0,0,0,0,0,0,-10000,0,0,0,0,10000,-10000,-10000
066718,滬深2X元大01購05,0,0,0,0,0,0,0,0,0,-10000,0,0,0,0,10000,-10000,-10000
066966,國巨元富07購07  ,0,0,0,0,0,0,0,0,0,-10000,0,0,0,0,10000,-10000,-10000
066882,A50正2永豐01購01,0,0,0,0,0,0,0,0,0,-10000,0,0,0,0,10000,-10000,-10000
066891,鴻海兆豐04購01  ,0,0,0,0,0,0,0,0,0,-10000,0,0,0,0,10000,-10000,-10000
066896,緯穎兆豐03購01  ,0,0,0,0,0,0,0,0,0,-10000,0,0,0,0,10000,-10000,-10000
066787,聯發科麥證01購06,0,0,0,0,10000,-10000,0,0,0,-10000,0,0,0,0,10000,-10000,-10000
067038,滬深2X凱基04購02,0,0,0,0,0,0,0,0,0,-10000,0,0,0,0,10000,-10000,-10000
067046,聯發科凱基04購01,0,0,0,0,0,0,0,0,0,-10000,0,0,0,0,10000,-10000,-10000
067126,康控富邦03購02  ,0,0,0,0,0,0,0,0,0,-10000,0,0,0,0,10000,-10000,-10000
06745P,台積電群益98售05,0,0,0,0,0,0,0,0,0,-10000,0,0,0,0,10000,-10000,-10000
07113P,台積電兆豐99售03,0,0,0,0,0,0,0,0,0,-10000,0,0,0,0,10000,-10000,-10000
07073P,臺股指中信9B售02,0,0,0,0,0,0,0,0,0,-10000,0,0,0,0,10000,-10000,-10000
07161P,臺股指群益99售12,0,0,0,0,0,0,0,0,0,-10000,0,0,0,0,10000,-10000,-10000
06981P,台灣50麥證99售02,0,0,0,0,10000,-10000,0,0,0,-10000,0,0,0,0,10000,-10000,-10000
06985P,華新科富邦9C售02,0,0,0,0,0,0,0,0,0,-10000,0,0,0,0,10000,-10000,-10000
06970P,旺宏元大99售08  ,0,0,0,0,0,0,0,0,0,-10000,0,0,0,5000,15000,-10000,-10000
07013P,玉晶光群益9A售06,0,0,0,0,0,0,0,0,0,-10000,0,0,0,112000,122000,-10000,-10000
06941P,國巨統一98售07  ,0,0,0,0,0,0,0,0,0,-10000,0,0,0,0,10000,-10000,-10000
06885P,國巨國票99售06  ,0,0,0,0,0,0,0,0,0,-10000,0,0,0,0,10000,-10000,-10000
06914P,南茂元大98售03  ,0,0,0,0,0,0,0,0,0,-10000,0,0,0,0,10000,-10000,-10000
066579,臺股指元大01購08,0,0,0,0,0,0,0,0,0,-10000,0,0,0,0,10000,-10000,-10000
066457,可成統一02購01  ,0,0,0,0,0,0,0,0,0,-10000,0,0,0,0,10000,-10000,-10000
066333,晶華永豐01購01  ,0,0,0,0,0,0,0,0,0,-10000,0,0,0,0,10000,-10000,-10000
066311,生達永豐01購01  ,0,0,0,0,0,0,0,0,0,-10000,0,0,0,0,10000,-10000,-10000
066067,台積電凱基02購05,0,0,0,0,0,0,0,0,0,-10000,0,0,0,10000,20000,-10000,-10000
066094,元黃金中信03購01,0,0,0,0,0,0,0,0,0,-10000,0,0,0,0,10000,-10000,-10000
066016,台表科元富01購02,0,0,0,0,0,0,0,0,0,-10000,0,0,0,88000,98000,-10000,-10000
058988,大立光凱基9A購02,0,0,0,0,0,0,0,0,0,-10000,0,0,0,0,10000,-10000,-10000
058217,新唐群益99購01  ,0,0,0,0,0,0,0,0,0,-10000,0,0,0,0,10000,-10000,-10000
058181,華新科國泰9B購01,0,0,0,0,0,0,0,0,0,-10000,0,0,0,0,10000,-10000,-10000
058938,台積電中信01購03,0,0,0,0,0,0,0,0,0,-10000,0,0,0,20000,30000,-10000,-10000
056753,群創兆豐98購02  ,0,0,0,0,0,0,0,0,0,-10000,0,0,0,0,10000,-10000,-10000
056740,大立光凱基98購13,0,0,0,0,0,0,0,0,0,-10000,0,0,0,0,10000,-10000,-10000
056651,聯茂凱基98購04  ,0,0,0,0,0,0,0,0,0,-10000,0,0,0,8000,18000,-10000,-10000
057314,全新麥證98購01  ,0,0,0,5000,15000,-10000,0,0,0,-10000,0,0,0,5000,15000,-10000,-10000
058158,台積電台新99購01,0,0,0,0,0,0,0,0,0,-10000,0,0,0,155000,165000,-10000,-10000
056182,台光電統一97購03,0,0,0,0,0,0,0,0,0,-10000,0,0,0,0,10000,-10000,-10000
054742,京鼎凱基99購01  ,0,0,0,0,0,0,0,0,0,-10000,0,0,0,8000,18000,-10000,-10000
054773,台郡國票98購01  ,0,0,0,0,0,0,0,0,0,-10000,0,0,0,0,10000,-10000,-10000
056204,嘉澤永豐97購01  ,0,0,0,0,0,0,0,0,0,-10000,0,0,0,0,10000,-10000,-10000
056260,鴻海統一98購07  ,0,0,0,0,0,0,0,0,0,-10000,0,0,0,0,10000,-10000,-10000
056576,晶技元大99購02  ,0,0,0,0,0,0,0,0,0,-10000,0,0,0,0,10000,-10000,-10000
055661,亞德客中信98購01,0,0,0,0,0,0,0,0,0,-10000,0,0,0,0,10000,-10000,-10000
054514,道瓊銀元大98購01,0,0,0,0,0,0,0,0,0,-10000,0,0,0,0,10000,-10000,-10000
054589,聯鈞國泰99購01  ,0,0,0,0,0,0,0,0,0,-10000,0,0,0,25000,35000,-10000,-10000
056144,GIS元大98購01   ,0,0,0,0,0,0,0,0,0,-10000,0,0,0,0,10000,-10000,-10000
055989,矽力元富9A購01  ,0,0,0,0,0,0,0,0,0,-10000,0,0,0,0,10000,-10000,-10000
056051,T50反1元大97購05,0,0,0,0,0,0,0,0,0,-10000,0,0,0,0,10000,-10000,-10000
053818,富邦金群益98購01,0,0,0,0,0,0,0,0,0,-10000,0,0,0,0,10000,-10000,-10000
053593,晶技元大98購01  ,0,0,0,0,0,0,0,0,0,-10000,0,0,0,0,10000,-10000,-10000
053601,台表科元大98購01,0,0,0,0,0,0,0,0,0,-10000,0,0,0,0,10000,-10000,-10000
053660,群創凱基98購08  ,0,0,0,0,0,0,0,0,0,-10000,0,0,0,0,10000,-10000,-10000
03684C,臺股指元大06牛01,0,0,0,0,0,0,0,0,0,-10000,0,0,0,0,10000,-10000,-10000
054353,世紀鋼國泰98購01,0,0,0,0,0,0,0,0,0,-10000,0,0,0,0,10000,-10000,-10000
03049X,元展46          ,0,0,0,0,0,0,0,0,0,-10000,0,0,0,0,10000,-10000,-10000
00771,元大US高息特別股,0,0,0,0,0,0,0,0,0,-10000,0,0,0,0,10000,-10000,-10000
056532,技嘉凱基98購01  ,0,0,0,0,0,0,0,0,0,-10000,0,0,0,1000,11000,-10000,-10000
056547,臻鼎凱基99購01  ,0,0,0,0,0,0,0,0,0,-10000,0,0,0,0,10000,-10000,-10000
055406,大毅國泰99購01  ,0,0,0,0,0,0,0,0,0,-10000,0,0,0,0,10000,-10000,-10000
055420,欣興永豐98購01  ,0,0,0,0,0,0,0,0,0,-10000,0,0,0,0,10000,-10000,-10000
055527,旺宏群益99購03  ,0,0,0,0,0,0,0,0,0,-10000,0,0,0,0,10000,-10000,-10000
055424,聚陽群益98購01  ,0,0,0,0,0,0,0,0,0,-10000,0,0,0,0,10000,-10000,-10000
054375,貿聯中信99購01  ,0,0,0,0,0,0,0,0,0,-10000,0,0,0,0,10000,-10000,-10000
056478,晶技元大99購01  ,0,0,0,0,0,0,0,0,0,-10000,0,0,0,0,10000,-10000,-10000
052681,T50反1元大98購02,0,0,0,0,0,0,0,0,0,-10000,0,0,0,0,10000,-10000,-10000
052697,滬深2X國票98購01,0,0,0,0,0,0,0,0,0,-10000,0,0,0,10000,20000,-10000,-10000
051979,群創凱基97購01  ,0,0,0,0,0,0,0,0,0,-10000,0,0,0,0,10000,-10000,-10000
047211,華新科富邦99購01,0,0,0,0,0,0,0,0,0,-10000,0,0,0,0,10000,-10000,-10000
052748,群創元大9A購02  ,0,0,0,0,0,0,0,0,0,-10000,0,0,0,0,10000,-10000,-10000
056335,微星凱基98購01  ,0,0,0,0,0,0,0,0,0,-10000,0,0,0,20000,30000,-10000,-10000
057053,立積元大98購02  ,0,0,0,0,0,0,0,0,0,-10000,0,0,0,0,10000,-10000,-10000
057019,台積電凱基98購14,0,0,0,0,0,0,0,0,0,-10000,0,0,0,0,10000,-10000,-10000
056841,友達元富98購03  ,0,0,0,0,0,0,0,0,0,-10000,0,0,0,0,10000,-10000,-10000
056811,健策統一9B購01  ,0,0,0,0,0,0,0,0,0,-10000,0,0,0,0,10000,-10000,-10000
056919,英業達兆豐98購01,0,0,0,0,0,0,0,0,0,-10000,0,0,0,20000,30000,-10000,-10000
058323,泰鼎永豐9A購01  ,0,0,0,0,0,0,0,0,0,-10000,0,0,0,0,10000,-10000,-10000
058296,明泰凱基99購01  ,0,0,0,0,0,0,0,0,0,-10000,0,0,0,0,10000,-10000,-10000
057530,奇鋐元大99購01  ,0,0,0,0,0,0,0,0,0,-10000,0,0,0,0,10000,-10000,-10000
057444,台泥元富98購01  ,0,0,0,0,0,0,0,0,0,-10000,0,0,0,50000,60000,-10000,-10000
057464,大立光永豐98購02,0,0,0,0,0,0,0,0,0,-10000,0,0,0,0,10000,-10000,-10000
057926,帆宣凱基98購02  ,0,0,0,0,0,0,0,0,0,-10000,0,0,0,0,10000,-10000,-10000
057928,鈺齊凱基98購02  ,0,0,0,0,0,0,0,0,0,-10000,0,0,0,40000,50000,-10000,-10000
058013,SP黃豆凱基9A購01,0,0,0,0,0,0,0,0,0,-10000,0,0,0,100000,110000,-10000,-10000
058025,聯茂國泰99購01  ,0,0,0,0,0,0,0,0,0,-10000,0,0,0,0,10000,-10000,-10000
057576,南亞科第一9C購01,0,0,0,0,0,0,0,0,0,-10000,0,0,0,210000,220000,-10000,-10000
057579,長榮航中信9A購01,0,0,0,0,0,0,0,0,0,-10000,0,0,0,0,10000,-10000,-10000
057225,華新凱基98購01  ,0,0,0,0,0,0,0,0,0,-10000,0,0,0,10000,20000,-10000,-10000
057291,國巨國泰9A購01  ,0,0,0,0,0,0,0,0,0,-10000,0,0,0,0,10000,-10000,-10000
057711,台積電統一9A購03,0,0,0,0,0,0,0,0,0,-10000,0,0,0,0,10000,-10000,-10000
057747,致新永豐98購01  ,0,0,0,0,0,0,0,0,0,-10000,0,0,0,0,10000,-10000,-10000
058134,信邦元大99購01  ,0,0,0,0,0,0,0,0,0,-10000,0,0,0,0,10000,-10000,-10000
058678,南亞科日盛99購01,0,0,0,0,0,0,0,0,0,-10000,0,0,0,0,10000,-10000,-10000
058600,國巨元大99購15  ,0,0,0,0,0,0,0,0,0,-10000,0,0,0,0,10000,-10000,-10000
058658,瑞儀中信99購01  ,0,0,0,0,0,0,0,0,0,-10000,0,0,0,10000,20000,-10000,-10000
062472,大立光凱基9B購04,0,0,0,0,0,0,0,0,0,-10000,0,0,0,0,10000,-10000,-10000
062463,世紀鋼麥證9B購01,0,0,0,35000,45000,-10000,0,0,0,-10000,0,0,0,35000,45000,-10000,-10000
062486,瑞昱富邦9B購01  ,0,0,0,0,0,0,0,0,0,-10000,0,0,0,0,10000,-10000,-10000
062298,國巨第一9B購01  ,0,0,0,0,0,0,0,0,0,-10000,0,0,0,10000,20000,-10000,-10000
062192,南六元大9B購01  ,0,0,0,0,0,0,0,0,0,-10000,0,0,0,27000,37000,-10000,-10000
062238,臻鼎凱基9C購01  ,0,0,0,0,0,0,0,0,0,-10000,0,0,0,100000,110000,-10000,-10000
058820,致茂國泰9B購01  ,0,0,0,0,0,0,0,0,0,-10000,0,0,0,0,10000,-10000,-10000
061045,儒鴻第一9A購01  ,0,0,0,0,0,0,0,0,0,-10000,0,0,0,0,10000,-10000,-10000
060388,世紀鋼凱基9B購01,0,0,0,0,0,0,0,0,0,-10000,0,0,0,0,10000,-10000,-10000
060379,T50反1凱基9A購07,0,0,0,0,0,0,0,0,0,-10000,0,0,0,0,10000,-10000,-10000
060381,元黃金凱基9A購01,0,0,0,0,0,0,0,0,0,-10000,0,0,0,30000,40000,-10000,-10000
062760,漢唐凱基9B購01  ,0,0,0,0,0,0,0,0,0,-10000,0,0,0,0,10000,-10000,-10000
062727,華擎凱基9B購03  ,0,0,0,0,0,0,0,0,0,-10000,0,0,0,0,10000,-10000,-10000
06120P,大立光凱基98售05,0,0,0,0,0,0,0,0,0,-10000,0,0,0,0,10000,-10000,-10000
062766,台郡凱基9B購02  ,0,0,0,0,0,0,0,0,0,-10000,0,0,0,0,10000,-10000,-10000
061693,華新科群益9B購02,0,0,0,0,0,0,0,0,0,-10000,0,0,0,0,10000,-10000,-10000
061688,華通群益9A購07  ,0,0,0,0,0,0,0,0,0,-10000,0,0,0,0,10000,-10000,-10000
061127,美食永豐9A購01  ,0,0,0,0,0,0,0,0,0,-10000,0,0,0,0,10000,-10000,-10000
061453,台達電凱基9B購01,0,0,0,0,0,0,0,0,0,-10000,0,0,0,0,10000,-10000,-10000
061458,臻鼎凱基9A購02  ,0,0,0,0,0,0,0,0,0,-10000,0,0,0,0,10000,-10000,-10000
061271,聯茂凱基9A購04  ,0,0,0,0,0,0,0,0,0,-10000,0,0,0,50000,60000,-10000,-10000
061930,臺股指凱基9B購05,0,0,0,0,0,0,0,0,0,-10000,0,0,0,0,10000,-10000,-10000
061964,台積電統一01購05,0,0,0,0,0,0,0,0,0,-10000,0,0,0,100000,110000,-10000,-10000
063037,聯發科凱基9C購02,0,0,0,0,0,0,0,0,0,-10000,0,0,0,0,10000,-10000,-10000
063064,台表科元富9B購01,0,0,0,0,0,0,0,0,0,-10000,0,0,0,69000,79000,-10000,-10000
063082,瑞昱凱基9B購04  ,0,0,0,0,0,0,0,0,0,-10000,0,0,0,125000,135000,-10000,-10000
062068,滬深2X元大9B購02,0,0,0,0,0,0,0,0,0,-10000,0,0,0,0,10000,-10000,-10000
062040,玉晶光凱基01購01,0,0,0,0,0,0,0,0,0,-10000,0,0,0,0,10000,-10000,-10000
062904,台光電元大9B購06,0,0,0,0,0,0,0,0,0,-10000,0,0,0,200000,210000,-10000,-10000
063299,金寶凱基9B購01  ,0,0,0,0,0,0,0,0,0,-10000,0,0,0,200000,210000,-10000,-10000
063288,泰鼎元大9B購02  ,0,0,0,0,0,0,0,0,0,-10000,0,0,0,24000,34000,-10000,-10000
063348,祥碩統一01購04  ,0,0,0,0,0,0,0,0,0,-10000,0,0,0,0,10000,-10000,-10000
063117,聯茂麥證9B購01  ,0,0,0,27000,37000,-10000,0,0,0,-10000,0,0,0,27000,37000,-10000,-10000
063165,泰碩永豐9B購02  ,0,0,0,0,0,0,0,0,0,-10000,0,0,0,0,10000,-10000,-10000
059276,可成元大99購06  ,0,0,0,0,0,0,0,0,0,-10000,0,0,0,0,10000,-10000,-10000
059349,台郡凱基99購04  ,0,0,0,0,0,0,0,0,0,-10000,0,0,0,10000,20000,-10000,-10000
059298,大立光元富9C購02,0,0,0,0,0,0,0,0,0,-10000,0,0,0,276000,286000,-10000,-10000
059967,聯發科凱基99購20,0,0,0,0,0,0,0,0,0,-10000,0,0,0,0,10000,-10000,-10000
059911,國巨元大99購27  ,0,0,0,0,0,0,0,0,0,-10000,0,0,0,72000,82000,-10000,-10000
060596,元黃金凱基9A購02,0,0,0,0,0,0,0,0,0,-10000,0,0,0,0,10000,-10000,-10000
060607,玉晶光凱基9A購06,0,0,0,0,0,0,0,0,0,-10000,0,0,0,0,10000,-10000,-10000
060538,S&P反1凱基9A購01,0,0,0,0,0,0,0,0,0,-10000,0,0,0,0,10000,-10000,-10000
060775,世芯凱基9A購02  ,0,0,0,0,0,0,0,0,0,-10000,0,0,0,0,10000,-10000,-10000
060504,技嘉元大9A購02  ,0,0,0,0,0,0,0,0,0,-10000,0,0,0,20000,30000,-10000,-10000
060427,聯茂永豐9A購01  ,0,0,0,0,0,0,0,0,0,-10000,0,0,0,0,10000,-10000,-10000
062607,美食凱基9B購01  ,0,0,0,0,0,0,0,0,0,-10000,0,0,0,10000,20000,-10000,-10000
060962,義隆凱基9B購01  ,0,0,0,0,0,0,0,0,0,-10000,0,0,0,0,10000,-10000,-10000
061657,智原國票9A購01  ,0,0,0,0,0,0,0,0,0,-10000,0,0,0,10000,20000,-10000,-10000
059512,晶豪科永豐99購02,0,0,0,0,0,0,0,0,0,-10000,0,0,0,0,10000,-10000,-10000
060167,禾聯碩永豐9A購01,0,0,0,0,0,0,0,0,0,-10000,0,0,0,0,10000,-10000,-10000
059129,麗豐中信99購01  ,0,0,0,0,0,0,0,0,0,-10000,0,0,0,0,10000,-10000,-10000
060116,世紀鋼元大99購07,0,0,0,0,0,0,0,0,0,-10000,0,0,0,0,10000,-10000,-10000
062164,禾伸堂國泰01購01,0,0,0,0,0,0,0,0,0,-10000,0,0,0,0,10000,-10000,-10000
062116,元金2X第一9B購01,0,0,0,0,0,0,0,0,0,-10000,0,0,0,0,10000,-10000,-10000
062132,神隆群益9B購01  ,0,0,0,0,0,0,0,0,0,-10000,0,0,0,0,10000,-10000,-10000
060047,道瓊反凱基99購01,0,0,0,0,0,0,0,0,0,-10000,0,0,0,0,10000,-10000,-10000
060048,元金2X凱基99購03,0,0,0,0,0,0,0,0,0,-10000,0,0,0,0,10000,-10000,-10000
060871,台灣50中信01購03,0,0,0,0,0,0,0,0,0,-10000,0,0,0,0,10000,-10000,-10000
064155,大立光統一01購05,0,0,0,0,0,0,0,0,0,-10000,0,0,0,0,10000,-10000,-10000
064390,台塑永豐9C購01  ,0,0,0,0,0,0,0,0,0,-10000,0,0,0,0,10000,-10000,-10000
064541,元黃金凱基01購02,0,0,0,0,0,0,0,0,0,-10000,0,0,0,0,10000,-10000,-10000
064462,致伸統一02購01  ,0,0,0,0,0,0,0,0,0,-10000,0,0,0,0,10000,-10000,-10000
064088,大立光凱基02購01,0,0,0,0,0,0,0,0,0,-10000,0,0,0,0,10000,-10000,-10000
063979,健鼎兆豐9C購01  ,0,0,0,0,0,0,0,0,0,-10000,0,0,0,0,10000,-10000,-10000
063983,麗豐兆豐9C購01  ,0,0,0,0,0,0,0,0,0,-10000,0,0,0,0,10000,-10000,-10000
063934,寶成統一02購01  ,0,0,0,0,0,0,0,0,0,-10000,0,0,0,0,10000,-10000,-10000
063938,上銀元大9C購03  ,0,0,0,0,0,0,0,0,0,-10000,0,0,0,0,10000,-10000,-10000
063925,祥碩元富9C購01  ,0,0,0,0,0,0,0,0,0,-10000,0,0,0,0,10000,-10000,-10000
063786,瑞昱中信06購01  ,0,0,0,0,0,0,0,0,0,-10000,0,0,0,32000,42000,-10000,-10000
063719,T50反1元大9B購11,0,0,0,0,0,0,0,0,0,-10000,0,0,0,0,10000,-10000,-10000
063854,南電元大9C購01  ,0,0,0,0,0,0,0,0,0,-10000,0,0,0,0,10000,-10000,-10000
063909,旺宏凱基02購01  ,0,0,0,0,0,0,0,0,0,-10000,0,0,0,76000,86000,-10000,-10000
063644,祥碩元大9B購10  ,0,0,0,0,0,0,0,0,0,-10000,0,0,0,0,10000,-10000,-10000
063652,國泰金台新9B購01,0,0,0,0,0,0,0,0,0,-10000,0,0,0,0,10000,-10000,-10000
063556,儒鴻元大9B購02  ,0,0,0,0,0,0,0,0,0,-10000,0,0,0,73000,83000,-10000,-10000
063551,美食國票9B購02  ,0,0,0,0,0,0,0,0,0,-10000,0,0,0,28000,38000,-10000,-10000
063448,聯發科統一9C購11,0,0,0,0,0,0,0,0,0,-10000,0,0,0,0,10000,-10000,-10000
063525,廣達凱基9B購02  ,0,0,0,0,0,0,0,0,0,-10000,0,0,0,0,10000,-10000,-10000
065946,鴻海統一03購03  ,0,0,0,0,0,0,0,0,0,-10000,0,0,0,0,10000,-10000,-10000
065958,T50反1元大01購01,0,0,0,0,0,0,0,0,0,-10000,0,0,0,0,10000,-10000,-10000
065693,國巨群益9C購18  ,0,0,0,0,0,0,0,0,0,-10000,0,0,0,2000,12000,-10000,-10000
065462,聯發科中信03購02,0,0,0,0,0,0,0,0,0,-10000,0,0,0,0,10000,-10000,-10000
06551P,貿聯元大98售05  ,0,0,0,0,0,0,0,0,0,-10000,0,0,0,0,10000,-10000,-10000
064900,景碩群益01購01  ,0,0,0,0,0,0,0,0,0,-10000,0,0,0,44000,54000,-10000,-10000
065155,聯發科群益9C購11,0,0,0,0,0,0,0,0,0,-10000,0,0,0,0,10000,-10000,-10000
065054,百和凱基02購01  ,0,0,0,0,0,0,0,0,0,-10000,0,0,0,0,10000,-10000,-10000
065079,致茂元大9C購01  ,0,0,0,0,0,0,0,0,0,-10000,0,0,0,67000,77000,-10000,-10000
065298,健策統一9C購06  ,0,0,0,0,0,0,0,0,0,-10000,0,0,0,0,10000,-10000,-10000
065257,友訊元大01購01  ,0,0,0,0,0,0,0,0,0,-10000,0,0,0,0,10000,-10000,-10000
8033,雷虎            ,5000,15000,-10000,0,0,0,0,0,0,0,0,0,0,0,0,0,-10000
8411,福貞-KY         ,0,10000,-10000,0,0,0,0,0,0,0,0,0,0,0,0,0,-10000
8482,商億-KY         ,1000,11000,-10000,0,0,0,0,0,0,0,0,0,0,0,0,0,-10000
9934,成霖            ,28000,38000,-10000,0,0,0,0,0,0,0,0,0,0,0,0,0,-10000
2849,安泰銀          ,0,10000,-10000,0,0,0,0,0,0,0,0,0,0,0,0,0,-10000
2887F,台新戊特二      ,0,0,0,0,0,0,0,0,0,-10000,0,10000,-10000,0,0,0,-10000
2227,裕日車          ,2000,11000,-9000,0,0,0,0,1000,-1000,0,0,0,0,0,0,0,-10000
2423,固緯            ,4000,14000,-10000,0,0,0,0,0,0,0,0,0,0,0,0,0,-10000
066035,南電群益01購01  ,0,0,0,0,0,0,0,0,0,-11000,0,0,0,0,11000,-11000,-11000
066005,國巨統一03購01  ,0,0,0,0,0,0,0,0,0,-11000,0,0,0,0,11000,-11000,-11000
066087,大毅永豐01購02  ,0,0,0,0,0,0,0,0,0,-11000,0,0,0,10000,21000,-11000,-11000
066565,泰鼎元大01購01  ,0,0,0,0,0,0,0,0,0,-11000,0,0,0,8000,19000,-11000,-11000
066833,正文群益01購01  ,0,0,0,0,0,0,0,0,0,-11000,0,0,0,9000,20000,-11000,-11000
066845,亞光元大01購02  ,0,0,0,0,0,0,0,0,0,-11000,0,0,0,5000,16000,-11000,-11000
066624,燿華凱基01購02  ,0,0,0,0,0,0,0,0,0,-11000,0,0,0,0,11000,-11000,-11000
08293P,國巨元大9C售13  ,0,0,0,0,0,0,0,0,0,-11000,0,0,0,0,11000,-11000,-11000
08275P,南亞科元富9C售01,0,0,0,0,0,0,0,0,0,-11000,0,0,0,60000,71000,-11000,-11000
08219P,上銀凱基9B售08  ,0,0,0,0,0,0,0,0,0,-11000,0,0,0,4000,15000,-11000,-11000
07510P,台灣50元富04售02,0,0,0,0,0,0,0,0,0,-11000,0,0,0,0,11000,-11000,-11000
07946P,華通統一9B售02  ,0,0,0,0,0,0,0,0,0,-11000,0,0,0,39000,50000,-11000,-11000
07932P,國巨元大9B售04  ,0,0,0,0,0,0,0,0,0,-11000,0,0,0,0,11000,-11000,-11000
08429P,台達電凱基9C售01,0,0,0,0,0,0,0,0,0,-11000,0,0,0,49000,60000,-11000,-11000
1108,幸福            ,17000,28000,-11000,0,0,0,0,0,0,0,0,0,0,0,0,0,-11000
062188,貿聯元大9B購02  ,0,0,0,0,0,0,0,0,0,-11000,0,0,0,40000,51000,-11000,-11000
062294,盛群永豐9B購01  ,0,0,0,0,0,0,0,0,0,-11000,0,0,0,0,11000,-11000,-11000
058632,世紀鋼國票9A購01,0,0,0,0,0,0,0,0,0,-11000,0,0,0,0,11000,-11000,-11000
058701,鴻海元大99購16  ,0,0,0,0,0,0,0,0,0,-11000,0,0,0,4000,15000,-11000,-11000
058706,聯鈞元大9C購01  ,0,0,0,0,0,0,0,0,0,-11000,0,0,0,27000,38000,-11000,-11000
058773,和碩兆豐99購01  ,0,0,0,0,0,0,0,0,0,-11000,0,0,0,25000,36000,-11000,-11000
057784,台積電國票9B購01,0,0,0,0,0,0,0,0,0,-11000,0,0,0,1000,12000,-11000,-11000
057925,貿聯凱基99購01  ,0,0,0,0,0,0,0,0,0,-11000,0,0,0,50000,61000,-11000,-11000
056894,佳世達元大99購01,0,0,0,0,0,0,0,0,0,-11000,0,0,0,0,11000,-11000,-11000
056352,鴻海元大99購01  ,0,0,0,0,0,0,0,0,0,-11000,0,0,0,452000,463000,-11000,-11000
053181,滬深2X元富99購02,0,0,0,0,0,0,0,0,0,-11000,0,0,0,5000,16000,-11000,-11000
053186,健策中信9C購01  ,0,0,0,0,0,0,0,0,0,-11000,0,0,0,17000,28000,-11000,-11000
053217,群創凱基99購02  ,0,0,0,0,0,0,0,0,0,-11000,0,0,0,0,11000,-11000,-11000
051375,道瓊反群益9A購01,0,0,0,0,0,0,0,0,0,-11000,0,0,0,0,11000,-11000,-11000
00742,新光內需收益    ,0,0,0,0,0,0,0,0,0,-11000,250000,250000,0,381000,392000,-11000,-11000
055966,茂林元大99購01  ,0,0,0,0,0,0,0,0,0,-11000,0,0,0,91000,102000,-11000,-11000
055700,緯穎國泰98購02  ,0,0,0,0,0,0,0,0,0,-11000,0,0,0,0,11000,-11000,-11000
058154,泰碩統一9A購01  ,0,0,0,0,0,0,0,0,0,-11000,0,0,0,10000,21000,-11000,-11000
056610,鴻海永豐98購01  ,0,0,0,0,0,0,0,0,0,-11000,0,0,0,2000,13000,-11000,-11000
056720,世紀鋼永豐98購01,0,0,0,0,0,0,0,0,0,-11000,0,0,0,9000,20000,-11000,-11000
058946,SGBR2X群益9B購01,0,0,0,0,0,0,0,0,0,-11000,0,0,0,19000,30000,-11000,-11000
061663,南六永豐9A購05  ,0,0,0,0,0,0,0,0,0,-11000,0,0,0,0,11000,-11000,-11000
062594,祥碩統一01購02  ,0,0,0,0,0,0,0,0,0,-11000,0,0,0,1000,12000,-11000,-11000
060676,京元電元大9A購03,0,0,0,0,0,0,0,0,0,-11000,0,0,0,175000,186000,-11000,-11000
060709,緯穎富邦9B購01  ,0,0,0,0,0,0,0,0,0,-11000,0,0,0,80000,91000,-11000,-11000
059727,大立光元大9A購01,0,0,0,0,0,0,0,0,0,-11000,0,0,0,0,11000,-11000,-11000
061953,台積電台新9B購04,0,0,0,0,0,0,0,0,0,-11000,0,0,0,10000,21000,-11000,-11000
062861,世芯國票9C購01  ,0,0,0,0,0,0,0,0,0,-11000,0,0,0,0,11000,-11000,-11000
061275,臺股指凱基9A購25,0,0,0,0,0,0,0,0,0,-11000,0,0,0,5000,16000,-11000,-11000
061367,瑞祺國票9A購01  ,0,0,0,0,0,0,0,0,0,-11000,0,0,0,28000,39000,-11000,-11000
065090,大立光元大9C購24,0,0,0,0,0,0,0,0,0,-11000,0,0,0,31000,42000,-11000,-11000
064298,台灣50兆豐01購02,0,0,0,0,0,0,0,0,0,-11000,0,0,0,74000,85000,-11000,-11000
064100,義隆群益9C購01  ,0,0,0,0,0,0,0,0,0,-11000,0,0,0,9000,20000,-11000,-11000
064182,臻鼎富邦01購01  ,0,0,0,0,0,0,0,0,0,-11000,0,0,0,0,11000,-11000,-11000
2722,夏都            ,0,11000,-11000,0,0,0,0,0,0,0,0,0,0,0,0,0,-11000
2538,基泰            ,3000,14000,-11000,0,0,0,0,0,0,0,0,0,0,0,0,0,-11000
4989,榮科            ,8000,19000,-11000,0,0,0,0,0,0,0,0,0,0,0,0,0,-11000
9105,泰金寶-DR       ,0,11000,-11000,0,0,0,0,0,0,0,0,0,0,0,0,0,-11000
1473,台南            ,10000,22000,-12000,0,0,0,0,0,0,0,0,0,0,0,0,0,-12000
1528,恩德            ,1000,13000,-12000,0,0,0,0,0,0,0,0,0,0,0,0,0,-12000
1587,吉茂            ,16000,28000,-12000,0,0,0,0,0,0,0,0,0,0,0,0,0,-12000
1603,華電            ,4000,16000,-12000,0,0,0,0,0,0,0,0,0,0,0,0,0,-12000
08656P,大立光群益9C售07,0,0,0,0,0,0,0,0,0,-12000,0,0,0,0,12000,-12000,-12000
07752P,台灣50元大9C售33,0,0,0,0,0,0,0,0,0,-12000,0,0,0,0,12000,-12000,-12000
07535P,上銀元富9A售03  ,0,0,0,0,0,0,0,0,0,-12000,0,0,0,0,12000,-12000,-12000
07557P,玉晶光元大9A售09,0,0,0,0,0,0,0,0,0,-12000,0,0,0,0,12000,-12000,-12000
07579P,聯茂元大9A售01  ,0,0,0,0,0,0,0,0,0,-12000,0,0,0,0,12000,-12000,-12000
08255P,國巨元大9C售11  ,0,0,0,0,0,0,0,0,0,-12000,0,0,0,0,12000,-12000,-12000
07090P,台灣50凱基01售01,0,0,0,0,0,0,0,0,0,-12000,0,0,0,0,12000,-12000,-12000
06776P,鴻海元大99售05  ,0,0,0,0,0,0,0,0,0,-12000,0,0,0,100000,112000,-12000,-12000
067072,建準元大01購01  ,0,0,0,0,0,0,0,0,0,-12000,0,0,0,19000,31000,-12000,-12000
066295,昇陽半元大01購01,0,0,0,0,0,0,0,0,0,-12000,0,0,0,0,12000,-12000,-12000
058864,欣興凱基99購04  ,0,0,0,0,0,0,0,0,0,-12000,0,0,0,0,12000,-12000,-12000
055842,建準元大98購01  ,0,0,0,0,0,0,0,0,0,-12000,0,0,0,10000,22000,-12000,-12000
055874,中環元富9A購01  ,0,0,0,0,0,0,0,0,0,-12000,0,0,0,40000,52000,-12000,-12000
03453B,臺股指元大02熊02,0,0,0,0,0,0,0,0,0,-12000,0,0,0,0,12000,-12000,-12000
053865,欣興元大97購02  ,0,0,0,0,0,0,0,0,0,-12000,0,0,0,0,12000,-12000,-12000
056331,聯鈞國票99購01  ,0,0,0,0,0,0,0,0,0,-12000,0,0,0,16000,28000,-12000,-12000
058576,南亞科群益99購01,0,0,0,0,0,0,0,0,0,-12000,0,0,0,10000,22000,-12000,-12000
058274,世紀鋼永豐99購01,0,0,0,0,0,0,0,0,0,-12000,0,0,0,129000,141000,-12000,-12000
058036,南電永豐98購01  ,0,0,0,0,0,0,0,0,0,-12000,0,0,0,10000,22000,-12000,-12000
058646,聯茂富邦9A購01  ,0,0,0,0,0,0,0,0,0,-12000,0,0,0,0,12000,-12000,-12000
062203,燿華國票9C購01  ,0,0,0,0,0,0,0,0,0,-12000,0,0,0,8000,20000,-12000,-12000
062349,新日興群益9B購02,0,0,0,0,0,0,0,0,0,-12000,0,0,0,97000,109000,-12000,-12000
061236,台積電元大9A購24,0,0,0,0,0,0,0,0,0,-12000,0,0,0,0,12000,-12000,-12000
062034,同欣電群益9B購01,0,0,0,0,0,0,0,0,0,-12000,0,0,0,0,12000,-12000,-12000
063162,國喬永豐9B購01  ,0,0,0,0,0,0,0,0,0,-12000,0,0,0,184000,196000,-12000,-12000
063354,茂林元富9B購02  ,0,0,0,0,0,0,0,0,0,-12000,0,0,0,141000,153000,-12000,-12000
062925,建準國票9B購01  ,0,0,0,0,0,0,0,0,0,-12000,0,0,0,28000,40000,-12000,-12000
059944,欣興永豐99購03  ,0,0,0,0,0,0,0,0,0,-12000,0,0,0,18000,30000,-12000,-12000
059292,華新科元富9B購02,0,0,0,0,0,0,0,0,0,-12000,0,0,0,13000,25000,-12000,-12000
059436,大立光元大99購18,0,0,0,0,0,0,0,0,0,-12000,0,0,0,0,12000,-12000,-12000
060705,台光電富邦9B購01,0,0,0,0,0,0,0,0,0,-12000,0,0,0,172000,184000,-12000,-12000
062622,南電元大9B購03  ,0,0,0,0,0,0,0,0,0,-12000,0,0,0,8000,20000,-12000,-12000
060881,玉山金中信02購01,0,0,0,0,0,0,0,0,0,-12000,0,0,0,79000,91000,-12000,-12000
062172,南六永豐9B購01  ,0,0,0,0,0,0,0,0,0,-12000,0,0,0,5000,17000,-12000,-12000
064276,聯發科元大9C購07,0,0,0,0,0,0,0,0,0,-12000,0,0,0,0,12000,-12000,-12000
064355,南六元大01購01  ,0,0,0,0,0,0,0,0,0,-12000,0,0,0,82000,94000,-12000,-12000
063972,緯創國票9C購01  ,0,0,0,0,0,0,0,0,0,-12000,0,0,0,54000,66000,-12000,-12000
065166,台達電元大9C購04,0,0,0,0,0,0,0,0,0,-12000,0,0,0,0,12000,-12000,-12000
06499P,臺股指元大9A售04,0,0,0,0,0,0,0,0,0,-12000,0,0,0,0,12000,-12000,-12000
065694,國巨群益9C購19  ,0,0,0,0,0,0,0,0,0,-12000,0,0,0,40000,52000,-12000,-12000
065675,茂林凱基03購01  ,0,0,0,0,0,0,0,0,0,-12000,0,0,0,0,12000,-12000,-12000
065906,瑞昱永豐9C購01  ,0,0,0,0,0,0,0,0,0,-12000,0,0,0,15000,27000,-12000,-12000
3167,大量            ,3000,11000,-8000,0,0,0,0,0,0,-4000,0,4000,-4000,0,0,0,-12000
2450,神腦            ,0,12000,-12000,0,0,0,0,0,0,0,0,0,0,0,0,0,-12000
066360,致茂中信05購01  ,0,0,0,0,0,0,0,0,0,-13000,0,0,0,0,13000,-13000,-13000
066957,健策元大01購06  ,0,0,0,0,0,0,0,0,0,-13000,0,0,0,17000,30000,-13000,-13000
066933,可成國票02購01  ,0,0,0,0,0,0,0,0,0,-13000,0,0,0,29000,42000,-13000,-13000
08339P,上銀統一9C售04  ,0,0,0,0,0,0,0,0,0,-13000,0,0,0,0,13000,-13000,-13000
08017P,華新科國票9B售01,0,0,0,0,0,0,0,0,0,-13000,0,0,0,0,13000,-13000,-13000
07803P,南亞科永豐9A售02,0,0,0,0,0,0,0,0,0,-13000,0,0,0,0,13000,-13000,-13000
08753P,群創群益01售01  ,0,0,0,0,0,0,0,0,0,-13000,0,0,0,0,13000,-13000,-13000
08544P,和碩國票01售02  ,0,0,0,0,0,0,0,0,0,-13000,0,0,0,0,13000,-13000,-13000
2015,豐興            ,24000,37000,-13000,0,0,0,0,0,0,0,0,0,0,0,0,0,-13000
1558,伸興            ,4000,16000,-12000,0,0,0,0,0,0,-1000,0,1000,-1000,0,0,0,-13000
1313,聯成            ,170000,183000,-13000,0,0,0,0,0,0,0,0,0,0,0,0,0,-13000
1339,昭輝            ,7000,20000,-13000,0,0,0,0,0,0,0,0,0,0,0,0,0,-13000
1321,大洋            ,41000,54000,-13000,0,0,0,0,0,0,0,0,0,0,0,0,0,-13000
062398,建準永豐9B購01  ,0,0,0,0,0,0,0,0,0,-13000,0,0,0,82000,95000,-13000,-13000
058768,南港兆豐99購01  ,0,0,0,0,0,0,0,0,0,-13000,0,0,0,107000,120000,-13000,-13000
057527,億光元大98購01  ,0,0,0,0,0,0,0,0,0,-13000,0,0,0,687000,700000,-13000,-13000
056921,京元電兆豐98購01,0,0,0,0,0,0,0,0,0,-13000,0,0,0,7000,20000,-13000,-13000
056906,玉晶光元大9B購01,0,0,0,0,0,0,0,0,0,-13000,0,0,0,50000,63000,-13000,-13000
05682P,大立光元大98售03,0,0,0,0,0,0,0,0,0,-13000,0,0,0,0,13000,-13000,-13000
056543,京鼎凱基98購01  ,0,0,0,0,0,0,0,0,0,-13000,0,0,0,30000,43000,-13000,-13000
053568,智伸科富邦98購01,0,0,0,0,0,0,0,0,0,-13000,0,0,0,7000,20000,-13000,-13000
00678,群益NBI生技     ,0,27000,-27000,0,0,0,0,0,0,14000,0,0,0,18000,4000,14000,-13000
055781,聯詠凱基98購01  ,0,0,0,0,0,0,0,0,0,-13000,0,0,0,44000,57000,-13000,-13000
061596,健策永豐9A購03  ,0,0,0,0,0,0,0,0,0,-13000,0,0,0,61000,74000,-13000,-13000
060957,SP黃豆凱基9A購04,0,0,0,0,0,0,0,0,0,-13000,0,0,0,4000,17000,-13000,-13000
063119,華通元大9B購07  ,0,0,0,0,0,0,0,0,0,-13000,0,0,0,54000,67000,-13000,-13000
063035,燿華凱基9B購02  ,0,0,0,0,0,0,0,0,0,-13000,0,0,0,0,13000,-13000,-13000
062991,台光電群益9B購03,0,0,0,0,0,0,0,0,0,-13000,0,0,0,129000,142000,-13000,-13000
062704,大毅元大9C購01  ,0,0,0,0,0,0,0,0,0,-13000,0,0,0,0,13000,-13000,-13000
061042,致新永豐9A購02  ,0,0,0,0,0,0,0,0,0,-13000,0,0,0,27000,40000,-13000,-13000
062663,聯發科群益9B購07,0,0,0,0,0,0,0,0,0,-13000,0,0,0,7000,20000,-13000,-13000
061422,台積電元大9A購30,0,0,0,0,0,0,0,0,0,-13000,0,0,0,9000,22000,-13000,-13000
061747,南亞科統一01購01,0,0,0,0,0,0,0,0,0,-13000,0,0,0,93000,106000,-13000,-13000
065891,聯發科統一02購03,0,0,0,0,0,0,0,0,0,-13000,0,0,0,27000,40000,-13000,-13000
06586P,鴻海元大9C售01  ,0,0,0,0,0,0,0,0,0,-13000,0,0,0,0,13000,-13000,-13000
065980,中租元大02購01  ,0,0,0,0,0,0,0,0,0,-13000,0,0,0,0,13000,-13000,-13000
065808,力成群益9C購02  ,0,0,0,0,0,0,0,0,0,-13000,0,0,0,27000,40000,-13000,-13000
065202,南電元富06購01  ,0,0,0,0,0,0,0,0,0,-13000,0,0,0,10000,23000,-13000,-13000
063637,聯發科元大9C購02,0,0,0,0,0,0,0,0,0,-13000,0,0,0,14000,27000,-13000,-13000
064115,高股息元大9C購01,0,0,0,0,0,0,0,0,0,-13000,0,0,0,0,13000,-13000,-13000
064147,瑞昱統一01購04  ,0,0,0,0,0,0,0,0,0,-13000,0,0,0,229000,242000,-13000,-13000
064647,致伸凱基9C購01  ,0,0,0,0,0,0,0,0,0,-13000,0,0,0,0,13000,-13000,-13000
2433,互盛電          ,0,13000,-13000,0,0,0,0,0,0,0,0,0,0,0,0,0,-13000
6243,迅杰            ,11000,24000,-13000,0,0,0,0,0,0,0,0,0,0,0,0,0,-13000
6573,虹揚-KY         ,21000,34000,-13000,0,0,0,0,0,0,0,0,0,0,0,0,0,-13000
1521,大億            ,1000,15000,-14000,0,0,0,0,0,0,0,0,0,0,0,0,0,-14000
08706P,台積電統一02售04,0,0,0,0,0,0,0,0,0,-14000,0,0,0,0,14000,-14000,-14000
08220P,華邦電凱基9B售02,0,0,0,0,0,0,0,0,0,-14000,0,0,0,0,14000,-14000,-14000
06837P,上銀統一9A售02  ,0,0,0,0,0,0,0,0,0,-14000,0,0,0,0,14000,-14000,-14000
066064,T50反1凱基03購03,0,0,0,0,0,0,0,0,0,-14000,0,0,0,0,14000,-14000,-14000
06615P,鴻海元大9C售02  ,0,0,0,0,0,0,0,0,0,-14000,0,0,0,1000,15000,-14000,-14000
055923,矽力凱基98購01  ,0,0,0,0,0,0,0,0,0,-14000,0,0,0,7000,21000,-14000,-14000
056810,群創統一9A購01  ,0,0,0,0,0,0,0,0,0,-14000,0,0,0,66000,80000,-14000,-14000
057886,聯詠群益98購01  ,0,0,0,0,0,0,0,0,0,-14000,0,0,0,4000,18000,-14000,-14000
058592,聯發科統一9C購01,0,0,0,0,0,0,0,0,0,-14000,0,0,0,0,14000,-14000,-14000
062364,瑞昱元大9B購04  ,0,0,0,0,0,0,0,0,0,-14000,0,0,0,0,14000,-14000,-14000
062233,神隆凱基9B購01  ,0,0,0,0,0,0,0,0,0,-14000,0,0,0,0,14000,-14000,-14000
062302,聯詠中信05購02  ,0,0,0,0,0,0,0,0,0,-14000,0,0,0,11000,25000,-14000,-14000
061128,大立光永豐9A購02,0,0,0,0,0,0,0,0,0,-14000,0,0,0,0,14000,-14000,-14000
060355,元金2X元富9C購01,0,0,0,0,0,0,0,0,0,-14000,0,0,0,0,14000,-14000,-14000
063026,南六元大9B購04  ,0,0,0,0,0,0,0,0,0,-14000,0,0,0,31000,45000,-14000,-14000
061955,FANG+統一9B購01 ,0,0,0,0,0,0,0,0,0,-14000,0,0,0,20000,34000,-14000,-14000
063101,華通群益9B購07  ,0,0,0,0,0,0,0,0,0,-14000,0,0,0,0,14000,-14000,-14000
062914,嘉澤元大9B購02  ,0,0,0,0,0,0,0,0,0,-14000,0,0,0,112000,126000,-14000,-14000
060979,國巨元大9A購14  ,0,0,0,0,0,0,0,0,0,-14000,0,0,0,0,14000,-14000,-14000
059148,百和國票9A購01  ,0,0,0,0,0,0,0,0,0,-14000,0,0,0,11000,25000,-14000,-14000
062149,牧德國票9B購01  ,0,0,0,0,0,0,0,0,0,-14000,0,0,0,24000,38000,-14000,-14000
060591,富邦金台新9A購01,0,0,0,0,0,0,0,0,0,-14000,0,0,0,0,14000,-14000,-14000
064580,統一永豐9C購01  ,0,0,0,0,0,0,0,0,0,-14000,0,0,0,0,14000,-14000,-14000
064328,華通元大9C購04  ,0,0,0,0,0,0,0,0,0,-14000,0,0,0,0,14000,-14000,-14000
063873,南六永豐9C購01  ,0,0,0,0,0,0,0,0,0,-14000,0,0,0,3000,17000,-14000,-14000
064982,新唐元大9C購01  ,0,0,0,0,0,0,0,0,0,-14000,0,0,0,144000,158000,-14000,-14000
065008,TPK國票01購02   ,0,0,0,0,0,0,0,0,0,-14000,0,0,0,23000,37000,-14000,-14000
064923,牧德統一02購01  ,0,0,0,0,0,0,0,0,0,-14000,0,0,0,20000,34000,-14000,-14000
065738,國巨麥證9C購04  ,0,0,0,20000,34000,-14000,0,0,0,-14000,0,0,0,20000,34000,-14000,-14000
065665,鴻海凱基9C購04  ,0,0,0,0,0,0,0,0,0,-14000,0,0,0,50000,64000,-14000,-14000
065669,義隆凱基01購03  ,0,0,0,0,0,0,0,0,0,-14000,0,0,0,0,14000,-14000,-14000
8261,富鼎            ,70000,84000,-14000,0,0,0,0,0,0,0,0,0,0,0,0,0,-14000
6155,鈞寶            ,67000,81000,-14000,0,0,0,0,0,0,0,0,0,0,0,0,0,-14000
3454,晶睿            ,6000,20000,-14000,0,0,0,0,0,0,0,0,0,0,0,0,0,-14000
3501,維熹            ,6000,20000,-14000,0,0,0,0,0,0,0,0,0,0,0,0,0,-14000
2397,友通            ,6000,10000,-4000,0,0,0,0,0,0,-10000,0,10000,-10000,0,0,0,-14000
2374,佳能            ,43000,57000,-14000,0,0,0,0,0,0,0,0,0,0,0,0,0,-14000
2493,揚博            ,270000,284000,-14000,0,0,0,0,0,0,0,0,0,0,0,0,0,-14000
066153,南帝康和01購01  ,0,0,0,0,0,0,0,0,0,-15000,0,0,0,86000,101000,-15000,-15000
066343,佳醫永豐01購01  ,0,0,0,0,0,0,0,0,0,-15000,0,0,0,0,15000,-15000,-15000
06825P,臺股指國票98售01,0,0,0,0,0,0,0,0,0,-15000,0,0,0,0,15000,-15000,-15000
067130,泰豐永豐01購02  ,0,0,0,0,0,0,0,0,0,-15000,0,0,0,0,15000,-15000,-15000
066982,嘉晶群益02購01  ,0,0,0,0,0,0,0,0,0,-15000,0,0,0,6000,21000,-15000,-15000
066806,京鼎凱基02購01  ,0,0,0,0,0,0,0,0,0,-15000,0,0,0,15000,30000,-15000,-15000
066730,致茂元大01購01  ,0,0,0,0,0,0,0,0,0,-15000,0,0,0,3000,18000,-15000,-15000
08228P,華擎國票9C售01  ,0,0,0,0,0,0,0,0,0,-15000,0,0,0,0,15000,-15000,-15000
08305P,茂林群益9C售01  ,0,0,0,0,0,0,0,0,0,-15000,0,0,0,0,15000,-15000,-15000
07772P,華新科國票9A售05,0,0,0,0,0,0,0,0,0,-15000,0,0,0,0,15000,-15000,-15000
07671P,超眾元大9A售04  ,0,0,0,0,0,0,0,0,0,-15000,0,0,0,0,15000,-15000,-15000
07836P,大成鋼元大9A售01,0,0,0,0,0,0,0,0,0,-15000,0,0,0,58000,73000,-15000,-15000
07575P,瑞昱元大9A售02  ,0,0,0,0,0,0,0,0,0,-15000,0,0,0,0,15000,-15000,-15000
07406P,大立光凱基99售18,0,0,0,0,0,0,0,0,0,-15000,0,0,0,0,15000,-15000,-15000
08716P,台積電兆豐01售02,0,0,0,0,0,0,0,0,0,-15000,0,0,0,140000,155000,-15000,-15000
08750P,台灣50群益01售04,0,0,0,0,0,0,0,0,0,-15000,0,0,0,0,15000,-15000,-15000
08632P,聯發科元大9C售19,0,0,0,0,0,0,0,0,0,-15000,0,0,0,33000,48000,-15000,-15000
08573P,台積電凱基9C售06,0,0,0,0,0,0,0,0,0,-15000,0,0,0,10000,25000,-15000,-15000
1446,宏和            ,3000,18000,-15000,0,0,0,0,0,0,0,0,0,0,0,0,0,-15000
1307,三芳            ,39000,54000,-15000,0,0,0,0,0,0,0,0,0,0,0,0,0,-15000
08811P,鴻海群益01售08  ,0,0,0,0,0,0,0,0,0,-15000,0,0,0,5000,20000,-15000,-15000
057887,智原群益98購04  ,0,0,0,0,0,0,0,0,0,-15000,0,0,0,0,15000,-15000,-15000
057975,台積電永豐98購05,0,0,0,0,0,0,0,0,0,-15000,0,0,0,11000,26000,-15000,-15000
057240,茂林凱基9A購01  ,0,0,0,0,0,0,0,0,0,-15000,0,0,0,0,15000,-15000,-15000
057181,亞光元大98購02  ,0,0,0,0,0,0,0,0,0,-15000,0,0,0,200000,215000,-15000,-15000
053811,國巨群益98購02  ,0,0,0,0,0,0,0,0,0,-15000,0,0,0,0,15000,-15000,-15000
03674C,臺股指元富9C牛02,0,0,0,0,0,0,0,0,0,-15000,0,0,0,0,15000,-15000,-15000
055262,台虹國泰98購01  ,0,0,0,0,0,0,0,0,0,-15000,0,0,0,0,15000,-15000,-15000
055425,聚陽群益99購01  ,0,0,0,0,0,0,0,0,0,-15000,0,0,0,0,15000,-15000,-15000
060602,京元電凱基9A購01,0,0,0,0,0,0,0,0,0,-15000,0,0,0,0,15000,-15000,-15000
059364,昇陽半永豐99購02,0,0,0,0,0,0,0,0,0,-15000,0,0,0,14000,29000,-15000,-15000
059726,華新科元大99購18,0,0,0,0,0,0,0,0,0,-15000,0,0,0,0,15000,-15000,-15000
059624,鴻海凱基01購01  ,0,0,0,0,0,0,0,0,0,-15000,0,0,0,0,15000,-15000,-15000
059618,台積電日盛99購01,0,0,0,0,0,0,0,0,0,-15000,0,0,0,10000,25000,-15000,-15000
060057,欣興凱基9B購01  ,0,0,0,0,0,0,0,0,0,-15000,0,0,0,0,15000,-15000,-15000
061820,康控群益9B購02  ,0,0,0,0,0,0,0,0,0,-15000,0,0,0,45000,60000,-15000,-15000
060946,世紀鋼國票9A購02,0,0,0,0,0,0,0,0,0,-15000,0,0,0,5000,20000,-15000,-15000
060964,日月光凱基9A購01,0,0,0,0,0,0,0,0,0,-15000,0,0,0,20000,35000,-15000,-15000
06166P,大立光國票98售01,0,0,0,0,0,0,0,0,0,-15000,0,0,0,0,15000,-15000,-15000
063185,聯發科凱基9C購03,0,0,0,0,0,0,0,0,0,-15000,0,0,0,0,15000,-15000,-15000
063216,元黃金群益9B購02,0,0,0,0,0,0,0,0,0,-15000,0,0,0,0,15000,-15000,-15000
061975,華通元大9B購01  ,0,0,0,0,0,0,0,0,0,-15000,0,0,0,13000,28000,-15000,-15000
061741,新光金凱基9B購01,0,0,0,0,0,0,0,0,0,-15000,0,0,0,0,15000,-15000,-15000
065632,正崴國票01購01  ,0,0,0,0,0,0,0,0,0,-15000,0,0,0,24000,39000,-15000,-15000
065790,創意永豐9C購02  ,0,0,0,0,0,0,0,0,0,-15000,0,0,0,5000,20000,-15000,-15000
065905,聯茂富邦02購01  ,0,0,0,0,0,0,0,0,0,-15000,0,0,0,0,15000,-15000,-15000
065116,臺股指國票9C購13,0,0,0,0,0,0,0,0,0,-15000,0,0,0,0,15000,-15000,-15000
065103,南六元大9C購06  ,0,0,0,0,0,0,0,0,0,-15000,0,0,0,45000,60000,-15000,-15000
063973,緯穎國票9C購01  ,0,0,0,0,0,0,0,0,0,-15000,0,0,0,89000,104000,-15000,-15000
063917,南六凱基02購01  ,0,0,0,0,0,0,0,0,0,-15000,0,0,0,24000,39000,-15000,-15000
063993,華通群益01購01  ,0,0,0,0,0,0,0,0,0,-15000,0,0,0,5000,20000,-15000,-15000
063546,國巨兆豐9C購03  ,0,0,0,0,0,0,0,0,0,-15000,0,0,0,0,15000,-15000,-15000
063524,瑞昱凱基9B購05  ,0,0,0,0,0,0,0,0,0,-15000,0,0,0,10000,25000,-15000,-15000
064208,智邦凱基02購01  ,0,0,0,0,0,0,0,0,0,-15000,0,0,0,25000,40000,-15000,-15000
064222,玉山金國票01購01,0,0,0,0,0,0,0,0,0,-15000,0,0,0,9000,24000,-15000,-15000
064566,大立光群益9C購04,0,0,0,0,0,0,0,0,0,-15000,0,0,0,0,15000,-15000,-15000
064408,TPK凱基02購01   ,0,0,0,0,0,0,0,0,0,-15000,0,0,0,20000,35000,-15000,-15000
064439,大立光凱基03購02,0,0,0,0,0,0,0,0,0,-15000,0,0,0,0,15000,-15000,-15000
6115,鎰勝            ,1000,16000,-15000,0,0,0,0,0,0,0,0,0,0,0,0,0,-15000
6024,群益期          ,5000,20000,-15000,0,0,0,0,0,0,0,0,0,0,0,0,0,-15000
2007,燁興            ,0,16000,-16000,0,0,0,0,0,0,0,0,0,0,0,0,0,-16000
2029,盛餘            ,0,16000,-16000,0,0,0,0,0,0,0,0,0,0,0,0,0,-16000
08487P,同欣電群益01售01,0,0,0,0,0,0,0,0,0,-16000,0,0,0,0,16000,-16000,-16000
08692P,國巨兆豐01售02  ,0,0,0,0,0,0,0,0,0,-16000,0,0,0,10000,26000,-16000,-16000
08380P,GIS元大9C售06   ,0,0,0,0,0,0,0,0,0,-16000,0,0,0,21000,37000,-16000,-16000
08202P,台表科國泰01售04,0,0,0,0,0,0,0,0,0,-16000,0,0,0,234000,250000,-16000,-16000
08014P,微星凱基9B售02  ,0,0,0,0,0,0,0,0,0,-16000,0,0,0,20000,36000,-16000,-16000
08029P,臺股指元大9B售36,0,0,0,0,0,0,0,0,0,-16000,0,0,0,0,16000,-16000,-16000
066916,台虹凱基01購01  ,0,0,0,0,0,0,0,0,0,-16000,0,0,0,0,16000,-16000,-16000
07081P,南電群益9A售01  ,0,0,0,0,0,0,0,0,0,-16000,0,0,0,0,16000,-16000,-16000
07031P,台灣50中信03售02,0,0,0,0,0,0,0,0,0,-16000,0,0,0,14000,30000,-16000,-16000
066174,京鼎凱基01購01  ,0,0,0,0,0,0,0,0,0,-16000,0,0,0,56000,72000,-16000,-16000
066069,英業達凱基02購01,0,0,0,0,0,0,0,0,0,-16000,0,0,0,99000,115000,-16000,-16000
055230,大毅國票98購01  ,0,0,0,0,0,0,0,0,0,-16000,0,0,0,0,16000,-16000,-16000
053294,聯發科中信9C購01,0,0,0,0,0,0,0,0,0,-16000,0,0,0,20000,36000,-16000,-16000
056266,開發金統一9A購01,0,0,0,0,0,0,0,0,0,-16000,0,0,0,79000,95000,-16000,-16000
058847,國巨群益99購05  ,0,0,0,0,0,0,0,0,0,-16000,0,0,0,12000,28000,-16000,-16000
058046,國巨元大9A購01  ,0,0,0,0,0,0,0,0,0,-16000,0,0,0,18000,34000,-16000,-16000
062437,廣達元大9B購01  ,0,0,0,0,0,0,0,0,0,-16000,0,0,0,10000,26000,-16000,-16000
061680,崇越元大9A購01  ,0,0,0,0,0,0,0,0,0,-16000,0,0,0,24000,40000,-16000,-16000
062774,儒鴻元大9C購01  ,0,0,0,0,0,0,0,0,0,-16000,0,0,0,4000,20000,-16000,-16000
063196,力成元富9B購01  ,0,0,0,0,0,0,0,0,0,-16000,0,0,0,120000,136000,-16000,-16000
059934,華通永豐99購02  ,0,0,0,0,0,0,0,0,0,-16000,0,0,0,0,16000,-16000,-16000
060315,易華電永豐9A購01,0,0,0,0,0,0,0,0,0,-16000,0,0,0,69000,85000,-16000,-16000
060430,和潤永豐9A購01  ,0,0,0,0,0,0,0,0,0,-16000,0,0,0,7000,23000,-16000,-16000
063631,燿華元大9B購06  ,0,0,0,0,0,0,0,0,0,-16000,0,0,0,13000,29000,-16000,-16000
065696,旺宏群益9C購06  ,0,0,0,0,0,0,0,0,0,-16000,0,0,0,41000,57000,-16000,-16000
3311,閎暉            ,10000,26000,-16000,0,0,0,0,0,0,0,0,0,0,0,0,0,-16000
9902,台火            ,276000,292000,-16000,0,0,0,0,0,0,0,0,0,0,0,0,0,-16000
066250,大成鋼元大01購01,0,0,0,0,0,0,0,0,0,-17000,0,0,0,20000,37000,-17000,-17000
06921P,台光電凱基98售06,0,0,0,0,0,0,0,0,0,-17000,0,0,0,0,17000,-17000,-17000
06751P,旺宏凱基98售10  ,0,0,0,0,0,0,0,0,0,-17000,0,0,0,0,17000,-17000,-17000
07978P,茂林群益9B售02  ,0,0,0,0,0,0,0,0,0,-17000,0,0,0,9000,26000,-17000,-17000
08310P,南電凱基9C售01  ,0,0,0,0,0,0,0,0,0,-17000,0,0,0,104000,121000,-17000,-17000
07874P,長榮航群益9B售01,0,0,0,0,0,0,0,0,0,-17000,0,0,0,0,17000,-17000,-17000
08424P,群創元富9C售03  ,0,0,0,0,0,0,0,0,0,-17000,0,0,0,0,17000,-17000,-17000
1726,永記            ,0,17000,-17000,0,0,0,0,0,0,0,0,0,0,0,0,0,-17000
1203,味王            ,0,17000,-17000,0,0,0,0,0,0,0,0,0,0,0,0,0,-17000
1435,中福            ,0,13000,-13000,0,0,0,0,0,0,-4000,0,4000,-4000,0,0,0,-17000
058811,台積電統一9A購05,0,0,0,0,0,0,0,0,0,-17000,0,0,0,28000,45000,-17000,-17000
058204,世芯凱基9A購01  ,0,0,0,0,0,0,0,0,0,-17000,0,0,0,0,17000,-17000,-17000
057380,技嘉國泰9A購01  ,0,0,0,0,0,0,0,0,0,-17000,0,0,0,0,17000,-17000,-17000
056516,晶豪科兆豐98購01,0,0,0,0,0,0,0,0,0,-17000,0,0,0,10000,27000,-17000,-17000
062616,玉晶光元大9C購06,0,0,0,0,0,0,0,0,0,-17000,0,0,0,20000,37000,-17000,-17000
060657,旺宏統一9B購05  ,0,0,0,0,0,0,0,0,0,-17000,0,0,0,83000,100000,-17000,-17000
062141,遠東新國票9B購01,0,0,0,0,0,0,0,0,0,-17000,0,0,0,82000,99000,-17000,-17000
062106,華邦電國票9B購02,0,0,0,0,0,0,0,0,0,-17000,0,0,0,108000,125000,-17000,-17000
061871,瑞昱元大9B購01  ,0,0,0,0,0,0,0,0,0,-17000,0,0,0,0,17000,-17000,-17000
061260,台積電凱基9A購23,0,0,0,0,0,0,0,0,0,-17000,0,0,0,10000,27000,-17000,-17000
061389,華新科群益9B購01,0,0,0,0,0,0,0,0,0,-17000,0,0,0,0,17000,-17000,-17000
065472,華新元大01購01  ,0,0,0,0,0,0,0,0,0,-17000,0,0,0,111000,128000,-17000,-17000
065813,華擎統一03購01  ,0,0,0,0,0,0,0,0,0,-17000,0,0,0,393000,410000,-17000,-17000
065211,世芯國票01購03  ,0,0,0,0,0,0,0,0,0,-17000,0,0,0,6000,23000,-17000,-17000
064941,台積電台新9C購04,0,0,0,0,0,0,0,0,0,-17000,0,0,0,0,17000,-17000,-17000
06352P,臺股指富邦99售02,0,0,0,0,0,0,0,0,0,-17000,0,0,0,0,17000,-17000,-17000
063778,亞德客永豐9B購02,0,0,0,0,0,0,0,0,0,-17000,0,0,0,0,17000,-17000,-17000
4916,事欣科          ,17000,29000,-12000,0,0,0,0,0,0,-5000,0,5000,-5000,0,0,0,-17000
2851,中再保          ,12000,29000,-17000,0,0,0,0,0,0,0,0,0,0,0,0,0,-17000
1419,新紡            ,3000,21000,-18000,0,0,0,0,0,0,0,0,0,0,0,0,0,-18000
08673P,友訊元富01售03  ,0,0,0,0,0,0,0,0,0,-18000,0,0,0,35000,53000,-18000,-18000
08624P,力成群益9C售01  ,0,0,0,0,0,0,0,0,0,-18000,0,0,0,5000,23000,-18000,-18000
08613P,同欣電凱基9C售04,0,0,0,0,0,0,0,0,0,-18000,0,0,0,0,18000,-18000,-18000
07600P,台灣50凱基04售06,0,0,0,0,0,0,0,0,0,-18000,0,0,0,0,18000,-18000,-18000
07054P,華新科兆豐99售04,0,0,0,0,0,0,0,0,0,-18000,0,0,0,0,18000,-18000,-18000
066822,泰豐群益01購01  ,0,0,0,0,0,0,0,0,0,-18000,0,0,0,34000,52000,-18000,-18000
066602,滬深2X富邦03購01,0,0,0,0,0,0,0,0,0,-18000,0,0,0,15000,33000,-18000,-18000
056544,貿聯凱基98購03  ,0,0,0,0,0,0,0,0,0,-18000,0,0,0,2000,20000,-18000,-18000
054060,晶技國票97購02  ,0,0,0,0,0,0,0,0,0,-18000,0,0,0,35000,53000,-18000,-18000
058979,上銀凱基99購04  ,0,0,0,0,0,0,0,0,0,-18000,0,0,0,0,18000,-18000,-18000
058874,聯鈞國票9A購01  ,0,0,0,0,0,0,0,0,0,-18000,0,0,0,21000,39000,-18000,-18000
057636,上銀元大98購06  ,0,0,0,0,0,0,0,0,0,-18000,0,0,0,82000,100000,-18000,-18000
058349,滬深2X日盛9A購01,0,0,0,0,0,0,0,0,0,-18000,0,0,0,10000,28000,-18000,-18000
061268,玉晶光凱基9B購04,0,0,0,0,0,0,0,0,0,-18000,0,0,0,2000,20000,-18000,-18000
061704,景碩國票9A購01  ,0,0,0,0,0,0,0,0,0,-18000,0,0,0,2000,20000,-18000,-18000
062071,華通元大9B購02  ,0,0,0,0,0,0,0,0,0,-18000,0,0,0,0,18000,-18000,-18000
062987,祥碩中信01購01  ,0,0,0,0,0,0,0,0,0,-18000,0,0,0,31000,49000,-18000,-18000
062999,聯茂國票9C購01  ,0,0,0,0,0,0,0,0,0,-18000,0,0,0,5000,23000,-18000,-18000
060106,旭富元大99購02  ,0,0,0,0,0,0,0,0,0,-18000,0,0,0,50000,68000,-18000,-18000
060511,群創元大9B購08  ,0,0,0,0,0,0,0,0,0,-18000,0,0,0,20000,38000,-18000,-18000
063833,致新國票01購01  ,0,0,0,0,0,0,0,0,0,-18000,0,0,0,24000,42000,-18000,-18000
064065,大立光富邦02購02,0,0,0,0,0,0,0,0,0,-18000,0,0,0,15000,33000,-18000,-18000
063472,茂林元大9B購04  ,0,0,0,0,0,0,0,0,0,-18000,0,0,0,50000,68000,-18000,-18000
063491,國巨富邦02購02  ,0,0,0,0,0,0,0,0,0,-18000,0,0,0,17000,35000,-18000,-18000
064407,貿聯凱基02購02  ,0,0,0,0,0,0,0,0,0,-18000,0,0,0,174000,192000,-18000,-18000
064659,台達電元大9C購02,0,0,0,0,0,0,0,0,0,-18000,0,0,0,167000,185000,-18000,-18000
064384,聯電富邦01購01  ,0,0,0,0,0,0,0,0,0,-18000,0,0,0,249000,267000,-18000,-18000
064752,台達電凱基01購01,0,0,0,0,0,0,0,0,0,-18000,0,0,0,76000,94000,-18000,-18000
065236,旭富凱基9C購01  ,0,0,0,0,0,0,0,0,0,-18000,0,0,0,0,18000,-18000,-18000
2923,鼎固-KY         ,0,18000,-18000,0,0,0,0,0,0,0,0,0,0,0,0,0,-18000
2509,全坤建          ,0,18000,-18000,0,0,0,0,0,0,0,0,0,0,0,0,0,-18000
2438,翔耀            ,4000,22000,-18000,0,0,0,0,0,0,0,0,0,0,0,0,0,-18000
3305,昇貿            ,7000,25000,-18000,0,0,0,0,0,0,0,0,0,0,0,0,0,-18000
8341,日友            ,61000,77000,-16000,0,0,0,0,2000,-2000,0,0,0,0,0,0,0,-18000
6672,騰輝電子-KY     ,69000,87000,-18000,0,0,0,0,0,0,0,0,0,0,0,0,0,-18000
066890,聯詠中信07購01  ,0,0,0,0,0,0,0,0,0,-19000,0,0,0,0,19000,-19000,-19000
066948,聯發科元大01購16,0,0,0,0,0,0,0,0,0,-19000,0,0,0,0,19000,-19000,-19000
066642,臺股指凱基04購01,0,0,0,0,0,0,0,0,0,-19000,0,0,0,3000,22000,-19000,-19000
07694P,超眾元大9A售05  ,0,0,0,0,0,0,0,0,0,-19000,0,0,0,0,19000,-19000,-19000
08252P,台積電國票9C售06,0,0,0,0,0,0,0,0,0,-19000,0,0,0,0,19000,-19000,-19000
08258P,旺宏元大9C售04  ,0,0,0,0,0,0,0,0,0,-19000,0,0,0,0,19000,-19000,-19000
08468P,台郡統一9C售02  ,0,0,0,0,0,0,0,0,0,-19000,0,0,0,12000,31000,-19000,-19000
053764,A50正2富邦99購01,0,0,0,0,0,0,0,0,0,-19000,0,0,0,28000,47000,-19000,-19000
060777,茂林凱基9C購01  ,0,0,0,0,0,0,0,0,0,-19000,0,0,0,110000,129000,-19000,-19000
060105,牧德元大9B購01  ,0,0,0,0,0,0,0,0,0,-19000,0,0,0,15000,34000,-19000,-19000
061808,聯發科統一01購02,0,0,0,0,0,0,0,0,0,-19000,0,0,0,23000,42000,-19000,-19000
061520,健策中信9A購01  ,0,0,0,0,0,0,0,0,0,-19000,0,0,0,1000,20000,-19000,-19000
062898,華通元大9B購05  ,0,0,0,0,0,0,0,0,0,-19000,0,0,0,31000,50000,-19000,-19000
061439,寶成凱基9A購01  ,0,0,0,0,0,0,0,0,0,-19000,0,0,0,132000,151000,-19000,-19000
062740,致伸國票9B購01  ,0,0,0,0,0,0,0,0,0,-19000,0,0,0,0,19000,-19000,-19000
065300,燿華元富9C購03  ,0,0,0,0,0,0,0,0,0,-19000,0,0,0,1000,20000,-19000,-19000
065127,世芯永豐9C購03  ,0,0,0,0,0,0,0,0,0,-19000,0,0,0,20000,39000,-19000,-19000
064892,台達電群益9C購02,0,0,0,0,0,0,0,0,0,-19000,0,0,0,34000,53000,-19000,-19000
065860,南電元大02購01  ,0,0,0,0,0,0,0,0,0,-19000,0,0,0,37000,56000,-19000,-19000
064460,健策統一9C購03  ,0,0,0,0,0,0,0,0,0,-19000,0,0,0,4000,23000,-19000,-19000
064542,聯電凱基02購01  ,0,0,0,0,0,0,0,0,0,-19000,0,0,0,184000,203000,-19000,-19000
064504,玉晶光元大01購02,0,0,0,0,0,0,0,0,0,-19000,0,0,0,1000,20000,-19000,-19000
063520,上銀凱基9B購05  ,0,0,0,0,0,0,0,0,0,-19000,0,0,0,0,19000,-19000,-19000
063705,臻鼎群益9B購03  ,0,0,0,0,0,0,0,0,0,-19000,0,0,0,100000,119000,-19000,-19000
063553,同欣電國票9B購03,0,0,0,0,0,0,0,0,0,-19000,0,0,0,29000,48000,-19000,-19000
063881,嘉晶元富9C購01  ,0,0,0,0,0,0,0,0,0,-19000,0,0,0,387000,406000,-19000,-19000
08489P,臺股指群益9C售20,0,0,0,0,0,0,0,0,0,-20000,0,0,0,0,20000,-20000,-20000
08507P,臺股指國票9C售08,0,0,0,0,0,0,0,0,0,-20000,0,0,0,60000,80000,-20000,-20000
08423P,台積電統一9C售13,0,0,0,0,0,0,0,0,0,-20000,0,0,0,124000,144000,-20000,-20000
08409P,臺股指元大9C售15,0,0,0,0,0,0,0,0,0,-20000,0,0,0,0,20000,-20000,-20000
08410P,臺股指元大9C售16,0,0,0,0,0,0,0,0,0,-20000,0,0,0,90000,110000,-20000,-20000
08500P,臺股指國票9C售02,0,0,0,0,0,0,0,0,0,-20000,0,0,0,0,20000,-20000,-20000
08654P,台積電群益9C售13,0,0,0,0,0,0,0,0,0,-20000,0,0,0,0,20000,-20000,-20000
08683P,大立光凱基02售03,0,0,0,0,0,0,0,0,0,-20000,0,0,0,0,20000,-20000,-20000
08743P,群創凱基01售04  ,0,0,0,0,0,0,0,0,0,-20000,0,0,0,0,20000,-20000,-20000
08813P,聯發科群益01售02,0,0,0,0,0,0,0,0,0,-20000,0,0,0,0,20000,-20000,-20000
08809P,台灣50群益01售07,0,0,0,0,0,0,0,0,0,-20000,0,0,0,0,20000,-20000,-20000
08824P,微星元大01售03  ,0,0,0,0,0,0,0,0,0,-20000,0,0,0,0,20000,-20000,-20000
08828P,上証2X群益01售05,0,0,0,0,0,0,0,0,0,-20000,0,0,0,0,20000,-20000,-20000
1906,寶隆            ,3000,23000,-20000,0,0,0,0,0,0,0,0,0,0,0,0,0,-20000
08307P,台積電凱基9C售03,0,0,0,0,0,0,0,0,0,-20000,0,0,0,40000,60000,-20000,-20000
08370P,台積電凱基01售06,0,0,0,0,0,0,0,0,0,-20000,0,0,0,0,20000,-20000,-20000
08054P,臺股指國票9B售19,0,0,0,0,0,0,0,0,0,-20000,0,0,0,20000,40000,-20000,-20000
08125P,聯茂群益9B售02  ,0,0,0,0,0,0,0,0,0,-20000,0,0,0,40000,60000,-20000,-20000
08081P,台灣50元大9B售20,0,0,0,0,0,0,0,0,0,-20000,0,0,0,0,20000,-20000,-20000
08101P,超眾群益9B售02  ,0,0,0,0,0,0,0,0,0,-20000,0,0,0,0,20000,-20000,-20000
08188P,群創群益9B售04  ,0,0,0,0,0,0,0,0,0,-20000,0,0,0,0,20000,-20000,-20000
07748P,茂林凱基9A售04  ,0,0,0,0,0,0,0,0,0,-20000,0,0,0,0,20000,-20000,-20000
07742P,台積電凱基9A售25,0,0,0,0,0,0,0,0,0,-20000,0,0,0,0,20000,-20000,-20000
07774P,台灣50群益9A售16,0,0,0,0,0,0,0,0,0,-20000,0,0,0,45000,65000,-20000,-20000
07763P,嘉澤永豐9A售02  ,0,0,0,0,0,0,0,0,0,-20000,0,0,0,0,20000,-20000,-20000
07938P,國巨統一9B售10  ,0,0,0,0,0,0,0,0,0,-20000,0,0,0,0,20000,-20000,-20000
07910P,台積電統一9C售07,0,0,0,0,0,0,0,0,0,-20000,0,0,0,0,20000,-20000,-20000
07651P,道瓊指中信01售01,0,0,0,0,0,0,0,0,0,-20000,0,0,0,0,20000,-20000,-20000
07419P,聯發科元大99售46,0,0,0,0,0,0,0,0,0,-20000,0,0,0,0,20000,-20000,-20000
07463P,台積電國票9A售05,0,0,0,0,0,0,0,0,0,-20000,0,0,0,0,20000,-20000,-20000
07352P,台積電國票99售11,0,0,0,0,0,0,0,0,0,-20000,0,0,0,0,20000,-20000,-20000
07354P,臺股指國票99售22,0,0,0,0,0,0,0,0,0,-20000,0,0,0,0,20000,-20000,-20000
066684,T50反1元富07購01,0,0,0,0,0,0,0,0,0,-20000,0,0,0,0,20000,-20000,-20000
066742,健策元大02購03  ,0,0,0,0,0,0,0,0,0,-20000,0,0,0,0,20000,-20000,-20000
066902,台泥凱基01購01  ,0,0,0,0,0,0,0,0,0,-20000,0,0,0,20000,40000,-20000,-20000
06689P,鴻海中信9C售02  ,0,0,0,0,0,0,0,0,0,-20000,0,0,0,10000,30000,-20000,-20000
066772,友達富邦03購01  ,0,0,0,0,0,0,0,0,0,-20000,0,0,0,0,20000,-20000,-20000
066864,上証2X元富07購02,0,0,0,0,0,0,0,0,0,-20000,0,0,0,0,20000,-20000,-20000
07030P,鈺齊群益99售01  ,0,0,0,0,0,0,0,0,0,-20000,0,0,0,0,20000,-20000,-20000
06991P,矽創群益99售01  ,0,0,0,0,0,0,0,0,0,-20000,0,0,0,0,20000,-20000,-20000
06919P,臺股指日盛98售02,0,0,0,0,0,0,0,0,0,-20000,0,0,0,20000,40000,-20000,-20000
06898P,FBVIX群益9C售03 ,0,0,0,0,0,0,0,0,0,-20000,0,0,0,0,20000,-20000,-20000
06948P,FBVIX元大01售02 ,0,0,0,0,0,0,0,0,0,-20000,0,0,0,0,20000,-20000,-20000
07096P,元石油元大9C售05,0,0,0,0,0,0,0,0,0,-20000,0,0,0,0,20000,-20000,-20000
07129P,華新科元大99售14,0,0,0,0,0,0,0,0,0,-20000,0,0,0,40000,60000,-20000,-20000
07218P,臺股指凱基99售31,0,0,0,0,0,0,0,0,0,-20000,0,0,0,80000,100000,-20000,-20000
07143P,FBVIX元大99售02 ,0,0,0,0,0,0,0,0,0,-20000,0,0,0,0,20000,-20000,-20000
07173P,臺股指國票99售10,0,0,0,0,0,0,0,0,0,-20000,0,0,0,0,20000,-20000,-20000
066443,智原群益01購01  ,0,0,0,0,0,0,0,0,0,-20000,0,0,0,0,20000,-20000,-20000
066505,可成富邦03購01  ,0,0,0,0,0,0,0,0,0,-20000,0,0,0,20000,40000,-20000,-20000
06633P,國巨國票99售01  ,0,0,0,0,0,0,0,0,0,-20000,0,0,0,0,20000,-20000,-20000
066390,鴻海凱基02購03  ,0,0,0,0,0,0,0,0,0,-20000,0,0,0,13000,33000,-20000,-20000
066223,拓凱國泰03購01  ,0,0,0,0,0,0,0,0,0,-20000,0,0,0,93000,113000,-20000,-20000
066258,台積電元大01購10,0,0,0,0,0,0,0,0,0,-20000,0,0,0,20000,40000,-20000,-20000
066197,鴻海統一02購02  ,0,0,0,0,0,0,0,0,0,-20000,0,0,0,0,20000,-20000,-20000
054212,聯詠國票97購03  ,0,0,0,0,0,0,0,0,0,-20000,0,0,0,0,20000,-20000,-20000
056553,啟碁凱基98購02  ,0,0,0,0,0,0,0,0,0,-20000,0,0,0,0,20000,-20000,-20000
056417,欣興中信98購01  ,0,0,0,0,0,0,0,0,0,-20000,0,0,0,0,20000,-20000,-20000
054368,鴻海中信9A購02  ,0,0,0,0,0,0,0,0,0,-20000,0,0,0,0,20000,-20000,-20000
052863,友達凱基98購02  ,0,0,0,0,0,0,0,0,0,-20000,0,0,0,0,20000,-20000,-20000
056325,群創兆豐9A購01  ,0,0,0,0,0,0,0,0,0,-20000,0,0,0,0,20000,-20000,-20000
05175P,TPK富邦99售01   ,0,0,0,0,0,0,0,0,0,-20000,0,0,0,0,20000,-20000,-20000
058908,貿聯元大99購03  ,0,0,0,0,0,0,0,0,0,-20000,0,0,0,0,20000,-20000,-20000
058997,鴻海元大99購21  ,0,0,0,0,0,0,0,0,0,-20000,0,0,0,0,20000,-20000,-20000
057363,華通元大99購02  ,0,0,0,0,0,0,0,0,0,-20000,0,0,0,0,20000,-20000,-20000
056650,彩晶凱基9A購01  ,0,0,0,0,0,0,0,0,0,-20000,0,0,0,70000,90000,-20000,-20000
054751,GIS凱基98購01   ,0,0,0,0,0,0,0,0,0,-20000,0,0,0,0,20000,-20000,-20000
054642,訊芯中信9A購01  ,0,0,0,0,0,0,0,0,0,-20000,0,0,0,0,20000,-20000,-20000
055726,台表科元大98購03,0,0,0,0,0,0,0,0,0,-20000,0,0,0,0,20000,-20000,-20000
055615,宏達電國票99購02,0,0,0,0,0,0,0,0,0,-20000,0,0,0,0,20000,-20000,-20000
055589,台光電元大98購04,0,0,0,0,0,0,0,0,0,-20000,0,0,0,0,20000,-20000,-20000
056089,同欣電統一98購01,0,0,0,0,0,0,0,0,0,-20000,0,0,0,0,20000,-20000,-20000
056109,彩晶永豐98購01  ,0,0,0,0,0,0,0,0,0,-20000,0,0,0,0,20000,-20000,-20000
054539,欣興國票98購01  ,0,0,0,0,0,0,0,0,0,-20000,0,0,0,0,20000,-20000,-20000
058282,聯茂中信99購01  ,0,0,0,0,0,0,0,0,0,-20000,0,0,0,0,20000,-20000,-20000
057482,微星元大98購03  ,0,0,0,0,0,0,0,0,0,-20000,0,0,0,0,20000,-20000,-20000
058558,鴻海日盛9A購02  ,0,0,0,0,0,0,0,0,0,-20000,0,0,0,13000,33000,-20000,-20000
058512,宏達電元大99購04,0,0,0,0,0,0,0,0,0,-20000,0,0,0,0,20000,-20000,-20000
056791,嘉聯益群益98購01,0,0,0,0,0,0,0,0,0,-20000,0,0,0,10000,30000,-20000,-20000
056875,亞光凱基98購03  ,0,0,0,0,0,0,0,0,0,-20000,0,0,0,30000,50000,-20000,-20000
05692P,聯發科中信9A售02,0,0,0,0,0,0,0,0,0,-20000,0,0,0,0,20000,-20000,-20000
056970,TPK永豐98購01   ,0,0,0,0,0,0,0,0,0,-20000,0,0,0,30000,50000,-20000,-20000
058022,樺漢凱基99購02  ,0,0,0,0,0,0,0,0,0,-20000,0,0,0,20000,40000,-20000,-20000
058049,帆宣元大98購01  ,0,0,0,0,0,0,0,0,0,-20000,0,0,0,10000,30000,-20000,-20000
057891,華新科統一9A購01,0,0,0,0,0,0,0,0,0,-20000,0,0,0,0,20000,-20000,-20000
057154,易華電國泰99購01,0,0,0,0,0,0,0,0,0,-20000,0,0,0,0,20000,-20000,-20000
057239,貿聯凱基98購05  ,0,0,0,0,0,0,0,0,0,-20000,0,0,0,30000,50000,-20000,-20000
057768,華新科中信9A購01,0,0,0,0,0,0,0,0,0,-20000,0,0,0,0,20000,-20000,-20000
057674,台郡元大99購03  ,0,0,0,0,0,0,0,0,0,-20000,0,0,0,0,20000,-20000,-20000
058387,國巨國票9A購03  ,0,0,0,0,0,0,0,0,0,-20000,0,0,0,8000,28000,-20000,-20000
058463,宏達電兆豐99購02,0,0,0,0,0,0,0,0,0,-20000,0,0,0,0,20000,-20000,-20000
058666,上証反群益01購01,0,0,0,0,0,0,0,0,0,-20000,0,0,0,0,20000,-20000,-20000
058771,神達兆豐99購01  ,0,0,0,0,0,0,0,0,0,-20000,0,0,0,226000,246000,-20000,-20000
058692,華邦電國票9B購01,0,0,0,0,0,0,0,0,0,-20000,0,0,0,0,20000,-20000,-20000
058801,致伸元大99購01  ,0,0,0,0,0,0,0,0,0,-20000,0,0,0,0,20000,-20000,-20000
058803,世紀鋼元大99購03,0,0,0,0,0,0,0,0,0,-20000,0,0,0,36000,56000,-20000,-20000
058835,元油2X中信9C購02,0,0,0,0,0,0,0,0,0,-20000,0,0,0,0,20000,-20000,-20000
062254,台光電元大9B購02,0,0,0,0,0,0,0,0,0,-20000,0,0,0,25000,45000,-20000,-20000
061223,T50反1中信01購01,0,0,0,0,0,0,0,0,0,-20000,0,0,0,0,20000,-20000,-20000
061709,SP黃豆凱基01購02,0,0,0,0,0,0,0,0,0,-20000,0,0,0,0,20000,-20000,-20000
062808,祥碩統一9C購01  ,0,0,0,0,0,0,0,0,0,-20000,0,0,0,0,20000,-20000,-20000
061113,南電元大9A購03  ,0,0,0,0,0,0,0,0,0,-20000,0,0,0,0,20000,-20000,-20000
062943,世芯凱基9B購03  ,0,0,0,0,0,0,0,0,0,-20000,0,0,0,0,20000,-20000,-20000
063038,富邦金凱基9B購02,0,0,0,0,0,0,0,0,0,-20000,0,0,0,46000,66000,-20000,-20000
063014,技嘉元大9B購03  ,0,0,0,0,0,0,0,0,0,-20000,0,0,0,6000,26000,-20000,-20000
062043,牧德凱基9B購04  ,0,0,0,0,0,0,0,0,0,-20000,0,0,0,0,20000,-20000,-20000
062058,瑞昱統一01購01  ,0,0,0,0,0,0,0,0,0,-20000,0,0,0,0,20000,-20000,-20000
061573,義隆元大9A購02  ,0,0,0,0,0,0,0,0,0,-20000,0,0,0,0,20000,-20000,-20000
060056,大立光凱基9B購01,0,0,0,0,0,0,0,0,0,-20000,0,0,0,0,20000,-20000,-20000
062099,牧德永豐9B購01  ,0,0,0,0,0,0,0,0,0,-20000,0,0,0,0,20000,-20000,-20000
062130,T50反1群益9B購01,0,0,0,0,0,0,0,0,0,-20000,0,0,0,0,20000,-20000,-20000
059473,T50反1群益99購03,0,0,0,0,0,0,0,0,0,-20000,0,0,0,0,20000,-20000,-20000
06165P,臺股指凱基9A售03,0,0,0,0,0,0,0,0,0,-20000,0,0,0,1000,21000,-20000,-20000
060966,台表科凱基9B購01,0,0,0,0,0,0,0,0,0,-20000,0,0,0,20000,40000,-20000,-20000
061603,瑞昱凱基9A購02  ,0,0,0,0,0,0,0,0,0,-20000,0,0,0,0,20000,-20000,-20000
060169,群電永豐9A購01  ,0,0,0,0,0,0,0,0,0,-20000,0,0,0,0,20000,-20000,-20000
060213,牧德康和9A購01  ,0,0,0,0,0,0,0,0,0,-20000,0,0,0,0,20000,-20000,-20000
060608,玉晶光凱基9A購08,0,0,0,0,0,0,0,0,0,-20000,0,0,0,0,20000,-20000,-20000
060482,東元富邦9A購01  ,0,0,0,0,0,0,0,0,0,-20000,0,0,0,0,20000,-20000,-20000
060295,貿聯元大9A購03  ,0,0,0,0,0,0,0,0,0,-20000,0,0,0,0,20000,-20000,-20000
060266,潤泰全國票9A購01,0,0,0,0,0,0,0,0,0,-20000,0,0,0,38000,58000,-20000,-20000
059856,昇陽半永豐99購03,0,0,0,0,0,0,0,0,0,-20000,0,0,0,25000,45000,-20000,-20000
059355,國巨富邦9B購03  ,0,0,0,0,0,0,0,0,0,-20000,0,0,0,80000,100000,-20000,-20000
059359,精元永豐99購01  ,0,0,0,0,0,0,0,0,0,-20000,0,0,0,0,20000,-20000,-20000
059650,緯穎凱基99購04  ,0,0,0,0,0,0,0,0,0,-20000,0,0,0,0,20000,-20000,-20000
059705,華新科凱基9A購07,0,0,0,0,0,0,0,0,0,-20000,0,0,0,0,20000,-20000,-20000
059781,A50正2元大9C購03,0,0,0,0,0,0,0,0,0,-20000,0,0,0,5000,25000,-20000,-20000
063836,台塑元大9C購01  ,0,0,0,0,0,0,0,0,0,-20000,0,0,0,0,20000,-20000,-20000
063837,亞德客元大01購01,0,0,0,0,0,0,0,0,0,-20000,0,0,0,80000,100000,-20000,-20000
063628,華通元大9B購09  ,0,0,0,0,0,0,0,0,0,-20000,0,0,0,16000,36000,-20000,-20000
063501,旭富永豐9B購02  ,0,0,0,0,0,0,0,0,0,-20000,0,0,0,0,20000,-20000,-20000
06443P,台積電凱基99售01,0,0,0,0,0,0,0,0,0,-20000,0,0,0,0,20000,-20000,-20000
064442,嘉聯益凱基9C購01,0,0,0,0,0,0,0,0,0,-20000,0,0,0,39000,59000,-20000,-20000
064641,神隆凱基9C購01  ,0,0,0,0,0,0,0,0,0,-20000,0,0,0,0,20000,-20000,-20000
064363,聯發科統一9C購14,0,0,0,0,0,0,0,0,0,-20000,0,0,0,0,20000,-20000,-20000
064179,上銀富邦01購01  ,0,0,0,0,0,0,0,0,0,-20000,0,0,0,5000,25000,-20000,-20000
064166,和潤統一02購01  ,0,0,0,0,0,0,0,0,0,-20000,0,0,0,0,20000,-20000,-20000
064130,創意元大9C購02  ,0,0,0,0,0,0,0,0,0,-20000,0,0,0,10000,30000,-20000,-20000
065974,智原元大01購01  ,0,0,0,0,0,0,0,0,0,-20000,0,0,0,22000,42000,-20000,-20000
06581P,南亞科凱基98售04,0,0,0,0,0,0,0,0,0,-20000,0,0,0,0,20000,-20000,-20000
065548,台達電凱基01購02,0,0,0,0,0,0,0,0,0,-20000,0,0,0,55000,75000,-20000,-20000
064965,臺指反元大03購02,0,0,0,0,0,0,0,0,0,-20000,0,0,0,0,20000,-20000,-20000
065023,大毅永豐9C購01  ,0,0,0,0,0,0,0,0,0,-20000,0,0,0,10000,30000,-20000,-20000
065021,貿聯富邦03購01  ,0,0,0,0,0,0,0,0,0,-20000,0,0,0,0,20000,-20000,-20000
065037,緯穎統一02購02  ,0,0,0,0,0,0,0,0,0,-20000,0,0,0,0,20000,-20000,-20000
065001,中橡國票9C購01  ,0,0,0,0,0,0,0,0,0,-20000,0,0,0,0,20000,-20000,-20000
064885,T50反1中信04購01,0,0,0,0,0,0,0,0,0,-20000,0,0,0,0,20000,-20000,-20000
065133,SP黃豆凱基02購01,0,0,0,0,0,0,0,0,0,-20000,0,0,0,0,20000,-20000,-20000
065085,聯發科元大01購02,0,0,0,0,0,0,0,0,0,-20000,0,0,0,3000,23000,-20000,-20000
065224,和大凱基02購02  ,0,0,0,0,0,0,0,0,0,-20000,0,0,0,30000,50000,-20000,-20000
6283,淳安            ,33000,53000,-20000,0,0,0,0,0,0,0,0,0,0,0,0,0,-20000
8466,美吉吉-KY       ,0,20000,-20000,0,0,0,0,0,0,0,0,0,0,0,0,0,-20000
3346,麗清            ,74000,93000,-19000,0,0,0,0,0,0,-1000,0,1000,-1000,0,0,0,-20000
5533,皇鼎            ,5000,25000,-20000,0,0,0,0,0,0,0,0,0,0,0,0,0,-20000
2497,怡利電          ,2000,22000,-20000,0,0,0,0,0,0,0,0,0,0,0,0,0,-20000
066248,長興元大01購01  ,0,0,0,0,0,0,0,0,0,-21000,0,0,0,149000,170000,-21000,-21000
066949,聯發科元大01購17,0,0,0,0,0,0,0,0,0,-21000,0,0,0,0,21000,-21000,-21000
07488P,鴻海國票9A售02  ,0,0,0,0,0,0,0,0,0,-21000,0,0,0,0,21000,-21000,-21000
07855P,旺宏凱基9A售09  ,0,0,0,0,0,0,0,0,0,-21000,0,0,0,0,21000,-21000,-21000
08554P,玉晶光國票01售06,0,0,0,0,0,0,0,0,0,-21000,0,0,0,79000,100000,-21000,-21000
08406P,緯穎元大9C售01  ,0,0,0,0,0,0,0,0,0,-21000,0,0,0,47000,68000,-21000,-21000
057596,聯茂兆豐99購01  ,0,0,0,0,0,0,0,0,0,-21000,0,0,0,0,21000,-21000,-21000
057835,華擎元富9B購01  ,0,0,0,0,0,0,0,0,0,-21000,0,0,0,44000,65000,-21000,-21000
048270,T50反1富邦99購01,0,0,0,0,0,0,0,0,0,-21000,0,0,0,4000,25000,-21000,-21000
062845,微星富邦01購01  ,0,0,0,0,0,0,0,0,0,-21000,0,0,0,145000,166000,-21000,-21000
062770,臺股指凱基9B購14,0,0,0,0,0,0,0,0,0,-21000,0,0,0,1000,22000,-21000,-21000
062698,台積電元大01購01,0,0,0,0,0,0,0,0,0,-21000,0,0,0,6000,27000,-21000,-21000
065296,國巨統一01購10  ,0,0,0,0,0,0,0,0,0,-21000,0,0,0,14000,35000,-21000,-21000
064312,大立光群益01購01,0,0,0,0,0,0,0,0,0,-21000,0,0,0,0,21000,-21000,-21000
064256,玉晶光國泰02購02,0,0,0,0,0,0,0,0,0,-21000,0,0,0,80000,101000,-21000,-21000
063506,嘉晶群益9B購01  ,0,0,0,0,0,0,0,0,0,-21000,0,0,0,34000,55000,-21000,-21000
063389,大立光兆豐9C購02,0,0,0,0,0,0,0,0,0,-21000,0,0,0,5000,26000,-21000,-21000
063827,國巨國票02購01  ,0,0,0,0,0,0,0,0,0,-21000,0,0,0,20000,41000,-21000,-21000
063910,漢唐凱基9C購01  ,0,0,0,0,0,0,0,0,0,-21000,0,0,0,0,21000,-21000,-21000
064053,祥碩統一02購01  ,0,0,0,0,0,0,0,0,0,-21000,0,0,0,10000,31000,-21000,-21000
2491,吉祥全          ,40000,68000,-28000,0,0,0,0,0,0,7000,7000,0,7000,0,0,0,-21000
2431,聯昌            ,48000,69000,-21000,0,0,0,0,0,0,0,0,0,0,0,0,0,-21000
5525,順天            ,0,21000,-21000,0,0,0,0,0,0,0,0,0,0,0,0,0,-21000
4576,大銀微系統      ,10000,31000,-21000,0,0,0,0,0,0,0,0,0,0,0,0,0,-21000
5243,乙盛-KY         ,78000,99000,-21000,0,0,0,0,0,0,0,0,0,0,0,0,0,-21000
3383,新世紀          ,0,21000,-21000,0,0,0,0,0,0,0,0,0,0,0,0,0,-21000
3032,偉訓            ,118000,139000,-21000,0,0,0,0,0,0,0,0,0,0,0,0,0,-21000
08456P,聯發科元大9C售13,0,0,0,0,0,0,0,0,0,-22000,0,0,0,0,22000,-22000,-22000
08577P,臺指2X中信03售01,0,0,0,0,0,0,0,0,0,-22000,0,0,0,0,22000,-22000,-22000
08647P,鴻海凱基9C售06  ,0,0,0,0,0,0,0,0,0,-22000,0,0,0,58000,80000,-22000,-22000
07756P,台灣50國票04售01,0,0,0,0,0,0,0,0,0,-22000,0,0,0,0,22000,-22000,-22000
07333P,台灣50國票9B售03,0,0,0,0,0,0,0,0,0,-22000,0,0,0,0,22000,-22000,-22000
066613,燿華麥證01購01  ,0,0,0,13000,35000,-22000,0,0,0,-22000,0,0,0,13000,35000,-22000,-22000
066377,健策兆豐01購02  ,0,0,0,0,0,0,0,0,0,-22000,0,0,0,11000,33000,-22000,-22000
066402,泰鼎凱基01購02  ,0,0,0,0,0,0,0,0,0,-22000,0,0,0,31000,53000,-22000,-22000
056124,華通國票98購02  ,0,0,0,0,0,0,0,0,0,-22000,0,0,0,0,22000,-22000,-22000
055080,正崴中信99購01  ,0,0,0,0,0,0,0,0,0,-22000,0,0,0,0,22000,-22000,-22000
057287,彩晶元大9C購03  ,0,0,0,0,0,0,0,0,0,-22000,0,0,0,100000,122000,-22000,-22000
062212,臻鼎台新9B購01  ,0,0,0,0,0,0,0,0,0,-22000,0,0,0,106000,128000,-22000,-22000
062433,上銀元大9B購05  ,0,0,0,0,0,0,0,0,0,-22000,0,0,0,33000,55000,-22000,-22000
058389,聯茂國票9A購01  ,0,0,0,0,0,0,0,0,0,-22000,0,0,0,0,22000,-22000,-22000
060409,味全永豐9A購01  ,0,0,0,0,0,0,0,0,0,-22000,0,0,0,0,22000,-22000,-22000
061681,南電元大9A購08  ,0,0,0,0,0,0,0,0,0,-22000,0,0,0,45000,67000,-22000,-22000
059251,大立光凱基9A購04,0,0,0,0,0,0,0,0,0,-22000,0,0,0,0,22000,-22000,-22000
062603,台化凱基9B購01  ,0,0,0,0,0,0,0,0,0,-22000,0,0,0,0,22000,-22000,-22000
060776,世芯凱基9B購01  ,0,0,0,0,0,0,0,0,0,-22000,0,0,0,8000,30000,-22000,-22000
060018,國產康和99購01  ,0,0,0,0,0,0,0,0,0,-22000,0,0,0,48000,70000,-22000,-22000
064071,台郡永豐9C購01  ,0,0,0,0,0,0,0,0,0,-22000,0,0,0,124000,146000,-22000,-22000
063943,台光電元大9C購02,0,0,0,0,0,0,0,0,0,-22000,0,0,0,86000,108000,-22000,-22000
063981,貿聯兆豐9C購01  ,0,0,0,0,0,0,0,0,0,-22000,0,0,0,20000,42000,-22000,-22000
064140,台達電統一01購01,0,0,0,0,0,0,0,0,0,-22000,0,0,0,0,22000,-22000,-22000
064187,亞光永豐9C購01  ,0,0,0,0,0,0,0,0,0,-22000,0,0,0,10000,32000,-22000,-22000
064695,京鼎群益02購02  ,0,0,0,0,0,0,0,0,0,-22000,0,0,0,0,22000,-22000,-22000
064708,帆宣永豐9C購01  ,0,0,0,0,0,0,0,0,0,-22000,0,0,0,32000,54000,-22000,-22000
064488,台達電元大9C購01,0,0,0,0,0,0,0,0,0,-22000,0,0,0,5000,27000,-22000,-22000
065234,旭富凱基01購01  ,0,0,0,0,0,0,0,0,0,-22000,0,0,0,13000,35000,-22000,-22000
065210,健策國票01購03  ,0,0,0,0,0,0,0,0,0,-22000,0,0,0,78000,100000,-22000,-22000
065563,T50反1群益9C購04,0,0,0,0,0,0,0,0,0,-22000,0,0,0,288000,310000,-22000,-22000
065456,義隆元富9C購03  ,0,0,0,0,0,0,0,0,0,-22000,0,0,0,51000,73000,-22000,-22000
2476,鉅祥            ,10000,32000,-22000,0,0,0,0,0,0,0,0,0,0,0,0,0,-22000
2534,宏盛            ,12000,24000,-12000,0,0,0,0,0,0,-10000,0,0,0,0,10000,-10000,-22000
3010,華立            ,48000,76000,-28000,0,0,0,0,0,0,6000,6000,0,6000,0,0,0,-22000
07754P,日月光元大9A售02,0,0,0,0,0,0,0,0,0,-23000,0,0,0,0,23000,-23000,-23000
07963P,智邦統一9B售01  ,0,0,0,0,0,0,0,0,0,-23000,0,0,0,10000,33000,-23000,-23000
08652P,鴻海群益9C售09  ,0,0,0,0,0,0,0,0,0,-23000,0,0,0,17000,40000,-23000,-23000
08741P,國巨凱基01售05  ,0,0,0,0,0,0,0,0,0,-23000,0,0,0,0,23000,-23000,-23000
1903,士紙            ,1000,39000,-38000,0,0,0,0,0,0,15000,15000,0,15000,0,0,0,-23000
1611,中電            ,14000,37000,-23000,0,0,0,0,0,0,0,0,0,0,0,0,0,-23000
062491,矽創永豐9B購01  ,0,0,0,0,0,0,0,0,0,-23000,0,0,0,0,23000,-23000,-23000
058822,樺漢國泰9B購01  ,0,0,0,0,0,0,0,0,0,-23000,0,0,0,0,23000,-23000,-23000
057568,友訊永豐99購01  ,0,0,0,0,0,0,0,0,0,-23000,0,0,0,23000,46000,-23000,-23000
058534,友達統一9B購01  ,0,0,0,0,0,0,0,0,0,-23000,0,0,0,126000,149000,-23000,-23000
056471,台光電元大99購01,0,0,0,0,0,0,0,0,0,-23000,0,0,0,6000,29000,-23000,-23000
060027,元金2X永豐99購02,0,0,0,0,0,0,0,0,0,-23000,0,0,0,0,23000,-23000,-23000
060843,大立光國票9A購06,0,0,0,0,0,0,0,0,0,-23000,0,0,0,0,23000,-23000,-23000
061643,嘉澤元大9A購05  ,0,0,0,0,0,0,0,0,0,-23000,0,0,0,1000,24000,-23000,-23000
061093,華新科統一9B購03,0,0,0,0,0,0,0,0,0,-23000,0,0,0,0,23000,-23000,-23000
061347,創意元大9A購02  ,0,0,0,0,0,0,0,0,0,-23000,0,0,0,14000,37000,-23000,-23000
060367,緯穎元富9A購02  ,0,0,0,0,0,0,0,0,0,-23000,0,0,0,2000,25000,-23000,-23000
061062,和大凱基9A購02  ,0,0,0,0,0,0,0,0,0,-23000,0,0,0,37000,60000,-23000,-23000
063063,泰鼎元富9B購01  ,0,0,0,0,0,0,0,0,0,-23000,0,0,0,11000,34000,-23000,-23000
063172,廣達中信9C購01  ,0,0,0,0,0,0,0,0,0,-23000,0,0,0,12000,35000,-23000,-23000
065477,健鼎元大9C購03  ,0,0,0,0,0,0,0,0,0,-23000,0,0,0,77000,100000,-23000,-23000
063415,台積電凱基03購01,0,0,0,0,0,0,0,0,0,-23000,0,0,0,7000,30000,-23000,-23000
063543,技嘉台新9B購02  ,0,0,0,0,0,0,0,0,0,-23000,0,0,0,0,23000,-23000,-23000
2482,連宇            ,45000,68000,-23000,0,0,0,0,0,0,0,0,0,0,0,0,0,-23000
2540,愛山林          ,0,23000,-23000,0,0,0,0,0,0,0,0,0,0,0,0,0,-23000
3055,蔚華科          ,10000,33000,-23000,0,0,0,0,0,0,0,0,0,0,0,0,0,-23000
5007,三星            ,2000,25000,-23000,0,0,0,0,0,0,0,0,0,0,0,0,0,-23000
4722,國精化          ,14000,37000,-23000,0,0,0,0,0,0,0,0,0,0,0,0,0,-23000
8072,陞泰            ,8000,31000,-23000,0,0,0,0,0,0,0,0,0,0,0,0,0,-23000
1234,黑松            ,11000,35000,-24000,0,0,0,0,0,0,0,0,0,0,0,0,0,-24000
08710P,鴻海元富07售03  ,0,0,0,0,0,0,0,0,0,-24000,0,0,0,0,24000,-24000,-24000
08452P,智邦台新9C售05  ,0,0,0,0,0,0,0,0,0,-24000,0,0,0,0,24000,-24000,-24000
066303,泰山永豐01購01  ,0,0,0,0,0,0,0,0,0,-24000,0,0,0,178000,202000,-24000,-24000
066441,聯強群益01購01  ,0,0,0,0,0,0,0,0,0,-24000,0,0,0,108000,132000,-24000,-24000
066453,嘉基群益01購01  ,0,0,0,0,0,0,0,0,0,-24000,0,0,0,141000,165000,-24000,-24000
07057P,大立光康和9B售02,0,0,0,0,0,0,0,0,0,-24000,0,0,0,96000,120000,-24000,-24000
020011,統一微波高息20N ,0,0,0,0,0,0,0,0,0,-24000,0,0,0,19000,43000,-24000,-24000
054771,茂林國票98購02  ,0,0,0,0,0,0,0,0,0,-24000,0,0,0,109000,133000,-24000,-24000
057166,國巨元大99購06  ,0,0,0,0,0,0,0,0,0,-24000,0,0,0,30000,54000,-24000,-24000
057838,台郡國泰99購01  ,0,0,0,0,0,0,0,0,0,-24000,0,0,0,0,24000,-24000,-24000
062306,華通凱基9B購01  ,0,0,0,0,0,0,0,0,0,-24000,0,0,0,0,24000,-24000,-24000
062434,華通元大9B購04  ,0,0,0,0,0,0,0,0,0,-24000,0,0,0,58000,82000,-24000,-24000
062414,臻鼎中信01購01  ,0,0,0,0,0,0,0,0,0,-24000,0,0,0,21000,45000,-24000,-24000
058377,茂林凱基9A購03  ,0,0,0,0,0,0,0,0,0,-24000,0,0,0,72000,96000,-24000,-24000
058732,矽格永豐99購01  ,0,0,0,0,0,0,0,0,0,-24000,0,0,0,229000,253000,-24000,-24000
063116,大立光麥證9C購01,0,0,0,0,24000,-24000,0,0,0,-24000,0,0,0,0,24000,-24000,-24000
063041,貿聯凱基9B購01  ,0,0,0,0,0,0,0,0,0,-24000,0,0,0,16000,40000,-24000,-24000
062796,技嘉統一9C購01  ,0,0,0,0,0,0,0,0,0,-24000,0,0,0,85000,109000,-24000,-24000
061639,晶豪科元大9A購02,0,0,0,0,0,0,0,0,0,-24000,0,0,0,21000,45000,-24000,-24000
059064,緯穎凱基99購02  ,0,0,0,0,0,0,0,0,0,-24000,0,0,0,50000,74000,-24000,-24000
060302,台積電富邦02購01,0,0,0,0,0,0,0,0,0,-24000,0,0,0,6000,30000,-24000,-24000
063746,上銀國票9C購01  ,0,0,0,0,0,0,0,0,0,-24000,0,0,0,1000,25000,-24000,-24000
065361,上銀元大9C購11  ,0,0,0,0,0,0,0,0,0,-24000,0,0,0,50000,74000,-24000,-24000
064878,大立光兆豐9C購03,0,0,0,0,0,0,0,0,0,-24000,0,0,0,0,24000,-24000,-24000
6183,關貿            ,3000,27000,-24000,0,0,0,0,0,0,0,0,0,0,0,0,0,-24000
2478,大毅            ,780000,845000,-65000,0,0,0,0,0,0,41000,0,0,0,102000,61000,41000,-24000
2465,麗臺            ,10000,34000,-24000,0,0,0,0,0,0,0,0,0,0,0,0,0,-24000
2419,仲琦            ,22000,46000,-24000,0,0,0,0,0,0,0,0,0,0,0,0,0,-24000
06911P,鴻海元大99售09  ,0,0,0,0,0,0,0,0,0,-25000,0,0,0,0,25000,-25000,-25000
066605,盟立永豐01購02  ,0,0,0,0,0,0,0,0,0,-25000,0,0,0,0,25000,-25000,-25000
066328,國揚永豐01購01  ,0,0,0,0,0,0,0,0,0,-25000,0,0,0,151000,176000,-25000,-25000
066133,京元電群益01購01,0,0,0,0,0,0,0,0,0,-25000,0,0,0,10000,35000,-25000,-25000
06599P,宏達電永豐98售02,0,0,0,0,0,0,0,0,0,-25000,0,0,0,0,25000,-25000,-25000
08436P,TPK群益9C售04   ,0,0,0,0,0,0,0,0,0,-25000,0,0,0,0,25000,-25000,-25000
08466P,旺宏統一9C售03  ,0,0,0,0,0,0,0,0,0,-25000,0,0,0,0,25000,-25000,-25000
08478P,臺股指凱基9C售16,0,0,0,0,0,0,0,0,0,-25000,0,0,0,185000,210000,-25000,-25000
07800P,華新科國泰9B售04,0,0,0,0,0,0,0,0,0,-25000,0,0,0,0,25000,-25000,-25000
07479P,A50正2元富9A售03,0,0,0,0,0,0,0,0,0,-25000,0,0,0,0,25000,-25000,-25000
08112P,臺股指中信01售07,0,0,0,0,0,0,0,0,0,-25000,0,0,0,75000,100000,-25000,-25000
07983P,茂林群益9B售03  ,0,0,0,0,0,0,0,0,0,-25000,0,0,0,0,25000,-25000,-25000
08382P,國巨群益01售02  ,0,0,0,0,0,0,0,0,0,-25000,0,0,0,0,25000,-25000,-25000
08199P,大毅元大9B售02  ,0,0,0,0,0,0,0,0,0,-25000,0,0,0,0,25000,-25000,-25000
057580,玉山金中信9A購01,0,0,0,0,0,0,0,0,0,-25000,0,0,0,30000,55000,-25000,-25000
056778,元石油群益9B購01,0,0,0,0,0,0,0,0,0,-25000,0,0,0,0,25000,-25000,-25000
057772,台積電群益99購01,0,0,0,0,0,0,0,0,0,-25000,0,0,0,10000,35000,-25000,-25000
057430,富邦金兆豐98購01,0,0,0,0,0,0,0,0,0,-25000,0,0,0,0,25000,-25000,-25000
056904,大立光元大99購05,0,0,0,0,0,0,0,0,0,-25000,0,0,0,40000,65000,-25000,-25000
056571,燿華元大98購02  ,0,0,0,0,0,0,0,0,0,-25000,0,0,0,180000,205000,-25000,-25000
054532,強茂國泰98購01  ,0,0,0,0,0,0,0,0,0,-25000,0,0,0,3000,28000,-25000,-25000
058207,南茂凱基99購01  ,0,0,0,0,0,0,0,0,0,-25000,0,0,0,25000,50000,-25000,-25000
058496,文曄群益99購01  ,0,0,0,0,0,0,0,0,0,-25000,0,0,0,0,25000,-25000,-25000
03427B,臺股指元大9A熊02,0,0,0,0,0,0,0,0,0,-25000,0,0,0,150000,175000,-25000,-25000
060463,台積電元大9A購10,0,0,0,0,0,0,0,0,0,-25000,0,0,0,0,25000,-25000,-25000
059062,群創凱基99購05  ,0,0,0,0,0,0,0,0,0,-25000,0,0,0,40000,65000,-25000,-25000
060232,友訊元大9C購01  ,0,0,0,0,0,0,0,0,0,-25000,0,0,0,0,25000,-25000,-25000
061568,國巨元大9A購25  ,0,0,0,0,0,0,0,0,0,-25000,0,0,0,2000,27000,-25000,-25000
062667,立積群益9B購01  ,0,0,0,0,0,0,0,0,0,-25000,0,0,0,0,25000,-25000,-25000
061923,友達凱基9B購04  ,0,0,0,0,0,0,0,0,0,-25000,0,0,0,0,25000,-25000,-25000
063138,聯發科統一01購05,0,0,0,0,0,0,0,0,0,-25000,0,0,0,7000,32000,-25000,-25000
065177,旭富元大9C購05  ,0,0,0,0,0,0,0,0,0,-25000,0,0,0,50000,75000,-25000,-25000
065375,神基元大03購01  ,0,0,0,0,0,0,0,0,0,-25000,0,0,0,5000,30000,-25000,-25000
065799,友訊群益01購03  ,0,0,0,0,0,0,0,0,0,-25000,0,0,0,0,25000,-25000,-25000
065725,技嘉凱基9C購03  ,0,0,0,0,0,0,0,0,0,-25000,0,0,0,154000,179000,-25000,-25000
065940,立積群益02購01  ,0,0,0,0,0,0,0,0,0,-25000,0,0,0,27000,52000,-25000,-25000
06433P,大立光群益99售01,0,0,0,0,0,0,0,0,0,-25000,0,0,0,0,25000,-25000,-25000
064359,華通統一9C購05  ,0,0,0,0,0,0,0,0,0,-25000,0,0,0,7000,32000,-25000,-25000
2881A,富邦特          ,0,17000,-17000,0,0,0,0,12000,-12000,4000,4000,0,4000,0,0,0,-25000
4994,傳奇            ,9000,33000,-24000,0,0,0,0,0,0,-1000,0,0,0,0,1000,-1000,-25000
5225,東科-KY         ,8000,33000,-25000,0,0,0,0,0,0,0,0,0,0,0,0,0,-25000
08211P,台表科元富9B售03,0,0,0,0,0,0,0,0,0,-26000,0,0,0,79000,105000,-26000,-26000
08366P,祥碩凱基9C售04  ,0,0,0,0,0,0,0,0,0,-26000,0,0,0,236000,262000,-26000,-26000
08359P,緯創元大9C售02  ,0,0,0,0,0,0,0,0,0,-26000,0,0,0,5000,31000,-26000,-26000
08555P,超眾國票01售01  ,0,0,0,0,0,0,0,0,0,-26000,0,0,0,0,26000,-26000,-26000
1531,高林股          ,0,26000,-26000,0,0,0,0,0,0,0,0,0,0,0,0,0,-26000
2009,第一銅          ,0,26000,-26000,0,0,0,0,0,0,0,0,0,0,0,0,0,-26000
066211,瑞祺統一04購01  ,0,0,0,0,0,0,0,0,0,-26000,0,0,0,84000,110000,-26000,-26000
066545,鴻海元大01購09  ,0,0,0,0,0,0,0,0,0,-26000,0,0,0,0,26000,-26000,-26000
07082P,美律元大99售06  ,0,0,0,0,0,0,0,0,0,-26000,0,0,0,0,26000,-26000,-26000
067047,大立光凱基01購07,0,0,0,0,0,0,0,0,0,-26000,0,0,0,0,26000,-26000,-26000
051047,深中小群益99購01,0,0,0,0,0,0,0,0,0,-26000,0,0,0,10000,36000,-26000,-26000
052775,滬深2X國票99購02,0,0,0,0,0,0,0,0,0,-26000,0,0,0,0,26000,-26000,-26000
053058,台光電永昌99購01,0,0,0,0,0,0,0,0,0,-26000,0,0,0,0,26000,-26000,-26000
053297,鎧勝中信98購01  ,0,0,0,0,0,0,0,0,0,-26000,0,0,0,14000,40000,-26000,-26000
056980,建準群益98購02  ,0,0,0,0,0,0,0,0,0,-26000,0,0,0,10000,36000,-26000,-26000
058337,日月光元富99購01,0,0,0,0,0,0,0,0,0,-26000,0,0,0,153000,179000,-26000,-26000
057856,聯鈞國票99購03  ,0,0,0,0,0,0,0,0,0,-26000,0,0,0,17000,43000,-26000,-26000
058006,台郡群益98購04  ,0,0,0,0,0,0,0,0,0,-26000,0,0,0,0,26000,-26000,-26000
063230,緯穎群益9B購02  ,0,0,0,0,0,0,0,0,0,-26000,0,0,0,35000,61000,-26000,-26000
062994,祥碩群益9B購05  ,0,0,0,0,0,0,0,0,0,-26000,0,0,0,188000,214000,-26000,-26000
062089,矽創元大9B購02  ,0,0,0,0,0,0,0,0,0,-26000,0,0,0,10000,36000,-26000,-26000
061303,玉晶光永豐9B購03,0,0,0,0,0,0,0,0,0,-26000,0,0,0,0,26000,-26000,-26000
059060,大立光凱基9A購03,0,0,0,0,0,0,0,0,0,-26000,0,0,0,10000,36000,-26000,-26000
061646,力成元大9A購02  ,0,0,0,0,0,0,0,0,0,-26000,0,0,0,244000,270000,-26000,-26000
064331,微星元大9C購03  ,0,0,0,0,0,0,0,0,0,-26000,0,0,0,20000,46000,-26000,-26000
064378,群創元富9C購01  ,0,0,0,0,0,0,0,0,0,-26000,0,0,0,126000,152000,-26000,-26000
064174,致新元富9C購02  ,0,0,0,0,0,0,0,0,0,-26000,0,0,0,164000,190000,-26000,-26000
064108,創意兆豐9C購01  ,0,0,0,0,0,0,0,0,0,-26000,0,0,0,21000,47000,-26000,-26000
063971,健鼎國票01購01  ,0,0,0,0,0,0,0,0,0,-26000,0,0,0,44000,70000,-26000,-26000
065936,聯發科群益02購01,0,0,0,0,0,0,0,0,0,-26000,0,0,0,0,26000,-26000,-26000
065613,GIS元大9C購08   ,0,0,0,0,0,0,0,0,0,-26000,0,0,0,362000,388000,-26000,-26000
4438,廣越            ,1000,27000,-26000,0,0,0,0,0,0,0,0,0,0,0,0,0,-26000
2415,錩新            ,14000,40000,-26000,0,0,0,0,0,0,0,0,0,0,0,0,0,-26000
066760,大立光永豐01購01,0,0,0,0,0,0,0,0,0,-27000,0,0,0,0,27000,-27000,-27000
066584,滬深2X群益03購01,0,0,0,0,0,0,0,0,0,-27000,0,0,0,50000,77000,-27000,-27000
066430,台郡元大01購01  ,0,0,0,0,0,0,0,0,0,-27000,0,0,0,165000,192000,-27000,-27000
066042,正崴元大02購01  ,0,0,0,0,0,0,0,0,0,-27000,0,0,0,65000,92000,-27000,-27000
08011P,玉晶光元大9B售05,0,0,0,0,0,0,0,0,0,-27000,0,0,0,0,27000,-27000,-27000
07996P,亞德客凱基9B售03,0,0,0,0,0,0,0,0,0,-27000,0,0,0,0,27000,-27000,-27000
057629,泰碩永豐98購02  ,0,0,0,0,0,0,0,0,0,-27000,0,0,0,44000,71000,-27000,-27000
058546,玉晶光富邦9B購01,0,0,0,0,0,0,0,0,0,-27000,0,0,0,36000,63000,-27000,-27000
053117,大立光中信9A購02,0,0,0,0,0,0,0,0,0,-27000,0,0,0,0,27000,-27000,-27000
03454B,臺股指元大04熊06,0,0,0,0,0,0,0,0,0,-27000,0,0,0,16000,43000,-27000,-27000
062540,茂林國泰9C購01  ,0,0,0,0,0,0,0,0,0,-27000,0,0,0,144000,171000,-27000,-27000
061818,富邦金群益9C購01,0,0,0,0,0,0,0,0,0,-27000,0,0,0,48000,75000,-27000,-27000
061699,燿華國票9A購01  ,0,0,0,0,0,0,0,0,0,-27000,0,0,0,4000,31000,-27000,-27000
060334,群光康和9A購01  ,0,0,0,0,0,0,0,0,0,-27000,0,0,0,0,27000,-27000,-27000
062721,美律凱基9B購02  ,0,0,0,0,0,0,0,0,0,-27000,0,0,0,0,27000,-27000,-27000
063190,聯茂凱基9B購01  ,0,0,0,0,0,0,0,0,0,-27000,0,0,0,10000,37000,-27000,-27000
065581,寶成群益9C購01  ,0,0,0,0,0,0,0,0,0,-27000,0,0,0,26000,53000,-27000,-27000
065389,聯茂兆豐9C購01  ,0,0,0,0,0,0,0,0,0,-27000,0,0,0,1000,28000,-27000,-27000
064882,同欣電兆豐9C購01,0,0,0,0,0,0,0,0,0,-27000,0,0,0,2000,29000,-27000,-27000
063845,旺宏元大9C購03  ,0,0,0,0,0,0,0,0,0,-27000,0,0,0,118000,145000,-27000,-27000
063831,帆宣國票01購01  ,0,0,0,0,0,0,0,0,0,-27000,0,0,0,12000,39000,-27000,-27000
063542,泰鼎元富9B購02  ,0,0,0,0,0,0,0,0,0,-27000,0,0,0,52000,79000,-27000,-27000
064134,瑞祺元大9C購02  ,0,0,0,0,0,0,0,0,0,-27000,0,0,0,192000,219000,-27000,-27000
064437,可成凱基02購01  ,0,0,0,0,0,0,0,0,0,-27000,0,0,0,28000,55000,-27000,-27000
2816,旺旺保          ,20000,38000,-18000,0,0,0,0,0,0,-9000,0,9000,-9000,0,0,0,-27000
5434,崇越            ,337000,251000,86000,0,0,0,0,20000,-20000,-93000,0,90000,-90000,0,3000,-3000,-27000
6541,泰福-KY         ,29000,56000,-27000,0,0,0,0,0,0,0,0,0,0,0,0,0,-27000
07494P,葡萄王元大9A售03,0,0,0,0,0,0,0,0,0,-28000,0,0,0,0,28000,-28000,-28000
07865P,可成元大9B售02  ,0,0,0,0,0,0,0,0,0,-28000,0,0,0,0,28000,-28000,-28000
08449P,華新科群益9C售03,0,0,0,0,0,0,0,0,0,-28000,0,0,0,0,28000,-28000,-28000
08639P,聯發科永豐9C售03,0,0,0,0,0,0,0,0,0,-28000,0,0,0,0,28000,-28000,-28000
065987,大毅永豐01購01  ,0,0,0,0,0,0,0,0,0,-28000,0,0,0,23000,51000,-28000,-28000
066618,南六康和01購01  ,0,0,0,0,0,0,0,0,0,-28000,0,0,0,2000,30000,-28000,-28000
066936,新日興國票02購01,0,0,0,0,0,0,0,0,0,-28000,0,0,0,11000,39000,-28000,-28000
066805,泰碩凱基02購03  ,0,0,0,0,0,0,0,0,0,-28000,0,0,0,0,28000,-28000,-28000
07009P,臺股指中信9B售01,0,0,0,0,0,0,0,0,0,-28000,0,0,0,0,28000,-28000,-28000
03450B,臺股指元大9C熊23,0,0,0,0,0,0,0,0,0,-28000,0,0,0,0,28000,-28000,-28000
057510,泰碩統一98購02  ,0,0,0,0,0,0,0,0,0,-28000,0,0,0,201000,229000,-28000,-28000
057128,台光電凱基98購03,0,0,0,0,0,0,0,0,0,-28000,0,0,0,10000,38000,-28000,-28000
057259,台積電兆豐98購03,0,0,0,0,0,0,0,0,0,-28000,0,0,0,50000,78000,-28000,-28000
062336,茂林統一01購02  ,0,0,0,0,0,0,0,0,0,-28000,0,0,0,0,28000,-28000,-28000
062179,旺宏元大9B購05  ,0,0,0,0,0,0,0,0,0,-28000,0,0,0,40000,68000,-28000,-28000
061506,瑞祺國票9A購02  ,0,0,0,0,0,0,0,0,0,-28000,0,0,0,2000,30000,-28000,-28000
061152,微星群益9A購01  ,0,0,0,0,0,0,0,0,0,-28000,0,0,0,16000,44000,-28000,-28000
060844,大立光國票9A購07,0,0,0,0,0,0,0,0,0,-28000,0,0,0,0,28000,-28000,-28000
063529,聯茂凱基9B購02  ,0,0,0,0,0,0,0,0,0,-28000,0,0,0,10000,38000,-28000,-28000
063683,大成鋼永豐9B購01,0,0,0,0,0,0,0,0,0,-28000,0,0,0,37000,65000,-28000,-28000
065045,信邦凱基9C購01  ,0,0,0,0,0,0,0,0,0,-28000,0,0,0,100000,128000,-28000,-28000
065011,智邦國泰02購01  ,0,0,0,0,0,0,0,0,0,-28000,0,0,0,43000,71000,-28000,-28000
065222,玉晶光永豐9C購07,0,0,0,0,0,0,0,0,0,-28000,0,0,0,2000,30000,-28000,-28000
2516,新建            ,19000,47000,-28000,0,0,0,0,0,0,0,0,0,0,0,0,0,-28000
06807P,臺股指群益98售13,0,0,0,0,0,0,0,0,0,-29000,0,0,0,0,29000,-29000,-29000
066707,揚明光群益01購02,0,0,0,0,0,0,0,0,0,-29000,0,0,0,10000,39000,-29000,-29000
08557P,臺股指中信01售09,0,0,0,0,0,0,0,0,0,-29000,0,0,0,2000,31000,-29000,-29000
07961P,滬深2X中信01售02,0,0,0,0,0,0,0,0,0,-29000,0,0,0,1000,30000,-29000,-29000
08053P,臺股指國票9B售18,0,0,0,0,0,0,0,0,0,-29000,0,0,0,0,29000,-29000,-29000
08357P,聯發科元大9C售09,0,0,0,0,0,0,0,0,0,-29000,0,0,0,0,29000,-29000,-29000
057198,智伸科統一9B購01,0,0,0,0,0,0,0,0,0,-29000,0,0,0,26000,55000,-29000,-29000
057805,華通元大98購06  ,0,0,0,0,0,0,0,0,0,-29000,0,0,0,0,29000,-29000,-29000
057041,國巨元大99購04  ,0,0,0,0,0,0,0,0,0,-29000,0,0,0,55000,84000,-29000,-29000
056859,台積電群益98購02,0,0,0,0,0,0,0,0,0,-29000,0,0,0,40000,69000,-29000,-29000
058321,大立光永豐99購01,0,0,0,0,0,0,0,0,0,-29000,0,0,0,56000,85000,-29000,-29000
056164,聯茂凱基98購03  ,0,0,0,0,0,0,0,0,0,-29000,0,0,0,0,29000,-29000,-29000
059055,旺宏凱基9B購02  ,0,0,0,0,0,0,0,0,0,-29000,0,0,0,0,29000,-29000,-29000
061676,新光金元大9A購03,0,0,0,0,0,0,0,0,0,-29000,0,0,0,182000,211000,-29000,-29000
059334,A50正2國票9A購02,0,0,0,0,0,0,0,0,0,-29000,0,0,0,13000,42000,-29000,-29000
061327,台郡凱基9A購02  ,0,0,0,0,0,0,0,0,0,-29000,0,0,0,20000,49000,-29000,-29000
061398,力成中信9A購01  ,0,0,0,0,0,0,0,0,0,-29000,0,0,0,172000,201000,-29000,-29000
062731,力成凱基9B購02  ,0,0,0,0,0,0,0,0,0,-29000,0,0,0,96000,125000,-29000,-29000
062697,國巨元大9C購01  ,0,0,0,0,0,0,0,0,0,-29000,0,0,0,40000,69000,-29000,-29000
065063,玉晶光群益02購04,0,0,0,0,0,0,0,0,0,-29000,0,0,0,1000,30000,-29000,-29000
064959,巨大凱基9C購02  ,0,0,0,0,0,0,0,0,0,-29000,0,0,0,0,29000,-29000,-29000
065430,可成凱基02購03  ,0,0,0,0,0,0,0,0,0,-29000,0,0,0,38000,67000,-29000,-29000
063449,全新統一9B購02  ,0,0,0,0,0,0,0,0,0,-29000,0,0,0,64000,93000,-29000,-29000
064644,台光電凱基9C購01,0,0,0,0,0,0,0,0,0,-29000,0,0,0,120000,149000,-29000,-29000
064124,台積電元大9C購10,0,0,0,0,0,0,0,0,0,-29000,0,0,0,175000,204000,-29000,-29000
2616,山隆            ,0,29000,-29000,0,0,0,0,0,0,0,0,0,0,0,0,0,-29000
4540,全球傳動        ,19000,48000,-29000,0,0,0,0,0,0,0,0,0,0,0,0,0,-29000
08365P,貿聯凱基9C售01  ,0,0,0,0,0,0,0,0,0,-30000,0,0,0,20000,50000,-30000,-30000
08319P,台積電統一9C售11,0,0,0,0,0,0,0,0,0,-30000,0,0,0,0,30000,-30000,-30000
08323P,華新科凱基9C售04,0,0,0,0,0,0,0,0,0,-30000,0,0,0,0,30000,-30000,-30000
08244P,同欣電凱基9C售03,0,0,0,0,0,0,0,0,0,-30000,0,0,0,0,30000,-30000,-30000
08280P,臺股指中信02售01,0,0,0,0,0,0,0,0,0,-30000,0,0,0,0,30000,-30000,-30000
08046P,臺股指國票9B售11,0,0,0,0,0,0,0,0,0,-30000,0,0,0,0,30000,-30000,-30000
08179P,華新科元大9B售13,0,0,0,0,0,0,0,0,0,-30000,0,0,0,0,30000,-30000,-30000
07894P,燿華元大9B售01  ,0,0,0,0,0,0,0,0,0,-30000,0,0,0,0,30000,-30000,-30000
07785P,鴻海中信04售03  ,0,0,0,0,0,0,0,0,0,-30000,0,0,0,0,30000,-30000,-30000
07805P,義隆永豐9A售02  ,0,0,0,0,0,0,0,0,0,-30000,0,0,0,0,30000,-30000,-30000
07728P,臺股指凱基9A售20,0,0,0,0,0,0,0,0,0,-30000,0,0,0,0,30000,-30000,-30000
07617P,聯發科中信9C售04,0,0,0,0,0,0,0,0,0,-30000,0,0,0,0,30000,-30000,-30000
07360P,台積電元大99售46,0,0,0,0,0,0,0,0,0,-30000,0,0,0,0,30000,-30000,-30000
08531P,台積電統一9C售15,0,0,0,0,0,0,0,0,0,-30000,0,0,0,0,30000,-30000,-30000
08709P,台積電台新01售02,0,0,0,0,0,0,0,0,0,-30000,0,0,0,0,30000,-30000,-30000
2013,中鋼構          ,12000,42000,-30000,0,0,0,0,0,0,0,0,0,0,0,0,0,-30000
08810P,滬深2X群益03售05,0,0,0,0,0,0,0,0,0,-30000,0,0,0,0,30000,-30000,-30000
066798,燿華凱基02購02  ,0,0,0,0,0,0,0,0,0,-30000,0,0,0,37000,67000,-30000,-30000
066778,緯穎富邦03購01  ,0,0,0,0,0,0,0,0,0,-30000,0,0,0,0,30000,-30000,-30000
066922,台表科麥證01購01,0,0,0,0,30000,-30000,0,0,0,-30000,0,0,0,0,30000,-30000,-30000
066977,鴻海群益02購01  ,0,0,0,0,0,0,0,0,0,-30000,0,0,0,5000,35000,-30000,-30000
067063,為升元大01購01  ,0,0,0,0,0,0,0,0,0,-30000,0,0,0,0,30000,-30000,-30000
067070,友訊元大01購04  ,0,0,0,0,0,0,0,0,0,-30000,0,0,0,0,30000,-30000,-30000
07089P,臺指2X中信01售01,0,0,0,0,0,0,0,0,0,-30000,0,0,0,0,30000,-30000,-30000
07074P,FBVIX凱基9A售01 ,0,0,0,0,0,0,0,0,0,-30000,0,0,0,0,30000,-30000,-30000
065993,立積永豐01購02  ,0,0,0,0,0,0,0,0,0,-30000,0,0,0,0,30000,-30000,-30000
066195,臺股指凱基03購04,0,0,0,0,0,0,0,0,0,-30000,0,0,0,25000,55000,-30000,-30000
066145,昇陽半群益01購01,0,0,0,0,0,0,0,0,0,-30000,0,0,0,10000,40000,-30000,-30000
06627P,華新科元富99售01,0,0,0,0,0,0,0,0,0,-30000,0,0,0,0,30000,-30000,-30000
054735,漢唐凱基98購01  ,0,0,0,0,0,0,0,0,0,-30000,0,0,0,0,30000,-30000,-30000
054852,奇鋐國票98購01  ,0,0,0,0,0,0,0,0,0,-30000,0,0,0,0,30000,-30000,-30000
054480,和碩中信98購01  ,0,0,0,0,0,0,0,0,0,-30000,0,0,0,0,30000,-30000,-30000
055975,鴻海統一98購05  ,0,0,0,0,0,0,0,0,0,-30000,0,0,0,0,30000,-30000,-30000
056628,矽創永豐98購01  ,0,0,0,0,0,0,0,0,0,-30000,0,0,0,0,30000,-30000,-30000
056743,貿聯凱基98購04  ,0,0,0,0,0,0,0,0,0,-30000,0,0,0,0,30000,-30000,-30000
053742,創意國票97購01  ,155000,0,155000,0,0,0,0,0,0,-185000,0,0,0,0,185000,-185000,-30000
053212,友達凱基99購04  ,0,0,0,0,0,0,0,0,0,-30000,0,0,0,0,30000,-30000,-30000
056353,鴻海元大99購02  ,0,0,0,0,0,0,0,0,0,-30000,0,0,0,461000,491000,-30000,-30000
051911,大立光元大98購02,0,0,0,0,0,0,0,0,0,-30000,0,0,0,0,30000,-30000,-30000
056461,樺漢凱基98購02  ,0,0,0,0,0,0,0,0,0,-30000,0,0,0,0,30000,-30000,-30000
056364,亞光元大99購02  ,0,0,0,0,0,0,0,0,0,-30000,0,0,0,0,30000,-30000,-30000
056413,上証反中信9A購01,0,0,0,0,0,0,0,0,0,-30000,0,0,0,0,30000,-30000,-30000
057082,玉晶光統一9A購04,0,0,0,0,0,0,0,0,0,-30000,0,0,0,0,30000,-30000,-30000
057815,信邦元大98購01  ,0,0,0,0,0,0,0,0,0,-30000,0,0,0,0,30000,-30000,-30000
057632,傳奇永豐98購01  ,0,0,0,0,0,0,0,0,0,-30000,0,0,0,0,30000,-30000,-30000
057553,景碩凱基98購03  ,0,0,0,0,0,0,0,0,0,-30000,0,0,0,0,30000,-30000,-30000
062330,可成統一9B購03  ,0,0,0,0,0,0,0,0,0,-30000,0,0,0,0,30000,-30000,-30000
062460,京鼎群益9C購01  ,0,0,0,0,0,0,0,0,0,-30000,0,0,0,0,30000,-30000,-30000
058636,亞光兆豐9A購01  ,0,0,0,0,0,0,0,0,0,-30000,0,0,0,0,30000,-30000,-30000
061403,滬深2X國票9A購06,0,0,0,0,0,0,0,0,0,-30000,0,0,0,0,30000,-30000,-30000
061370,晶技國泰9C購01  ,0,0,0,0,0,0,0,0,0,-30000,0,0,0,30000,60000,-30000,-30000
063305,亞光凱基9B購01  ,0,0,0,0,0,0,0,0,0,-30000,0,0,0,9000,39000,-30000,-30000
063024,祥碩元大9B購05  ,0,0,0,0,0,0,0,0,0,-30000,0,0,0,0,30000,-30000,-30000
061898,茂林永豐9B購01  ,0,0,0,0,0,0,0,0,0,-30000,0,0,0,0,30000,-30000,-30000
059918,華新科元大99購20,0,0,0,0,0,0,0,0,0,-30000,0,0,0,74000,104000,-30000,-30000
060424,中租永豐9A購01  ,0,0,0,0,0,0,0,0,0,-30000,0,0,0,0,30000,-30000,-30000
060287,燿華元大9A購01  ,0,0,0,0,0,0,0,0,0,-30000,0,0,0,0,30000,-30000,-30000
060310,瑞昱永豐9A購01  ,0,0,0,0,0,0,0,0,0,-30000,0,0,0,0,30000,-30000,-30000
060714,晶技永豐9A購02  ,0,0,0,0,0,0,0,0,0,-30000,0,0,0,66000,96000,-30000,-30000
060626,貿聯元大9A購04  ,0,0,0,0,0,0,0,0,0,-30000,0,0,0,0,30000,-30000,-30000
060921,中橡永豐9A購02  ,0,0,0,0,0,0,0,0,0,-30000,0,0,0,0,30000,-30000,-30000
062605,上銀凱基9B購03  ,0,0,0,0,0,0,0,0,0,-30000,0,0,0,27000,57000,-30000,-30000
059006,樺漢元大99購01  ,0,0,0,0,0,0,0,0,0,-30000,0,0,0,0,30000,-30000,-30000
064110,國巨國票01購01  ,0,0,0,0,0,0,0,0,0,-30000,0,0,0,7000,37000,-30000,-30000
06426P,T50正2元大9B售01,0,0,0,0,0,0,0,0,0,-30000,0,0,0,0,30000,-30000,-30000
064643,瑞昱凱基04購01  ,0,0,0,0,0,0,0,0,0,-30000,0,0,0,0,30000,-30000,-30000
064428,裕隆凱基02購01  ,0,0,0,0,0,0,0,0,0,-30000,0,0,0,10000,40000,-30000,-30000
064517,國巨群益02購01  ,0,0,0,0,0,0,0,0,0,-30000,0,0,0,22000,52000,-30000,-30000
063387,台積電兆豐9B購03,0,0,0,0,0,0,0,0,0,-30000,0,0,0,0,30000,-30000,-30000
063374,嘉澤永豐9B購04  ,0,0,0,0,0,0,0,0,0,-30000,0,0,0,143000,173000,-30000,-30000
063988,華通永豐9C購01  ,0,0,0,0,0,0,0,0,0,-30000,0,0,0,10000,40000,-30000,-30000
065501,旭富富邦9C購01  ,0,0,0,0,0,0,0,0,0,-30000,0,0,0,0,30000,-30000,-30000
065687,華通元富9C購03  ,0,0,0,0,0,0,0,0,0,-30000,0,0,0,0,30000,-30000,-30000
065908,聯發科永豐9C購04,0,0,0,0,0,0,0,0,0,-30000,0,0,0,0,30000,-30000,-30000
065898,神基麥證9C購01  ,0,0,0,47000,77000,-30000,0,0,0,-30000,0,0,0,47000,77000,-30000,-30000
065039,國巨凱基02購02  ,0,0,0,0,0,0,0,0,0,-30000,0,0,0,80000,110000,-30000,-30000
064743,聯詠國票01購01  ,0,0,0,0,0,0,0,0,0,-30000,0,0,0,44000,74000,-30000,-30000
06479P,聯發科中信99售02,0,0,0,0,0,0,0,0,0,-30000,0,0,0,0,30000,-30000,-30000
065134,中石化凱基01購01,0,0,0,0,0,0,0,0,0,-30000,0,0,0,110000,140000,-30000,-30000
065248,聯發科麥證9C購03,0,0,0,79000,40000,39000,0,0,0,-30000,0,0,0,79000,109000,-30000,-30000
3617,碩天            ,7000,29000,-22000,0,0,0,0,0,0,-8000,0,0,0,0,8000,-8000,-30000
2496,卓越            ,1000,31000,-30000,0,0,0,0,0,0,0,0,0,0,0,0,0,-30000
066008,大立光統一03購02,0,0,0,0,0,0,0,0,0,-31000,0,0,0,98000,129000,-31000,-31000
066071,台光電凱基02購01,0,0,0,0,0,0,0,0,0,-31000,0,0,0,70000,101000,-31000,-31000
066308,中化永豐01購01  ,0,0,0,0,0,0,0,0,0,-31000,0,0,0,0,31000,-31000,-31000
066319,聯強永豐01購01  ,0,0,0,0,0,0,0,0,0,-31000,0,0,0,46000,77000,-31000,-31000
06867P,訊芯元大98售08  ,0,0,0,0,0,0,0,0,0,-31000,0,0,0,0,31000,-31000,-31000
067153,聯鈞統一03購02  ,0,0,0,0,0,0,0,0,0,-31000,0,0,0,0,31000,-31000,-31000
066941,滬深2X元大03購01,0,0,0,0,0,0,0,0,0,-31000,0,0,0,50000,81000,-31000,-31000
066657,滬深2X凱基04購01,0,0,0,0,0,0,0,0,0,-31000,0,0,0,5000,36000,-31000,-31000
08749P,鴻海台新01售02  ,0,0,0,0,0,0,0,0,0,-31000,0,0,0,0,31000,-31000,-31000
054926,神達凱基98購01  ,0,0,0,0,0,0,0,0,0,-31000,0,0,0,5000,36000,-31000,-31000
059101,康控統一9A購01  ,0,0,0,0,0,0,0,0,0,-31000,0,0,0,29000,60000,-31000,-31000
062609,帆宣凱基9B購01  ,0,0,0,0,0,0,0,0,0,-31000,0,0,0,0,31000,-31000,-31000
062910,亞光元大9B購01  ,0,0,0,0,0,0,0,0,0,-31000,0,0,0,31000,62000,-31000,-31000
061048,國巨中信9A購05  ,0,0,0,0,0,0,0,0,0,-31000,0,0,0,10000,41000,-31000,-31000
065221,神隆永豐9C購01  ,0,0,0,0,0,0,0,0,0,-31000,0,0,0,0,31000,-31000,-31000
064976,景碩元大9C購01  ,0,0,0,0,0,0,0,0,0,-31000,0,0,0,132000,163000,-31000,-31000
065904,群創富邦02購01  ,0,0,0,0,0,0,0,0,0,-31000,0,0,0,451000,482000,-31000,-31000
065655,緯穎元大9C購05  ,0,0,0,0,0,0,0,0,0,-31000,0,0,0,5000,36000,-31000,-31000
065475,聯發科元大01購04,0,0,0,0,0,0,0,0,0,-31000,0,0,0,10000,41000,-31000,-31000
065454,神隆元富9C購01  ,0,0,0,0,0,0,0,0,0,-31000,0,0,0,0,31000,-31000,-31000
063508,緯創群益9B購01  ,0,0,0,0,0,0,0,0,0,-31000,0,0,0,29000,60000,-31000,-31000
2495,普安            ,8000,39000,-31000,0,0,0,0,0,0,0,0,0,0,0,0,0,-31000
1732,毛寶            ,45000,75000,-30000,0,0,0,0,0,0,-2000,1000,3000,-2000,0,0,0,-32000
07977P,華新科群益01售01,0,0,0,0,0,0,0,0,0,-32000,0,0,0,0,32000,-32000,-32000
08207P,金像電群益9B售05,0,0,0,0,0,0,0,0,0,-32000,0,0,0,13000,45000,-32000,-32000
08383P,智邦群益9C售03  ,0,0,0,0,0,0,0,0,0,-32000,0,0,0,0,32000,-32000,-32000
066255,英利元大01購01  ,0,0,0,0,0,0,0,0,0,-32000,0,0,0,30000,62000,-32000,-32000
048414,滬深2X統一98購01,0,0,0,0,0,0,0,0,0,-32000,0,0,0,8000,40000,-32000,-32000
057248,台積電統一98購08,0,0,0,0,0,0,0,0,0,-32000,0,0,0,0,32000,-32000,-32000
062745,聯詠永豐9B購01  ,0,0,0,0,0,0,0,0,0,-32000,0,0,0,77000,109000,-32000,-32000
061261,台積電凱基9B購03,0,0,0,0,0,0,0,0,0,-32000,0,0,0,10000,42000,-32000,-32000
061286,大立光統一9A購05,0,0,0,0,0,0,0,0,0,-32000,0,0,0,2000,34000,-32000,-32000
061388,台積電群益9A購05,0,0,0,0,0,0,0,0,0,-32000,0,0,0,75000,107000,-32000,-32000
063306,聯茂凱基9C購01  ,0,0,0,0,0,0,0,0,0,-32000,0,0,0,10000,42000,-32000,-32000
060928,明泰永豐9A購01  ,0,0,0,0,0,0,0,0,0,-32000,0,0,0,0,32000,-32000,-32000
060872,高股息中信02購01,0,0,0,0,0,0,0,0,0,-32000,0,0,0,0,32000,-32000,-32000
063566,台光電元大9B購08,0,0,0,0,0,0,0,0,0,-32000,0,0,0,131000,163000,-32000,-32000
064645,義隆凱基03購01  ,0,0,0,0,0,0,0,0,0,-32000,0,0,0,103000,135000,-32000,-32000
065643,聯發科元大01購06,0,0,0,0,0,0,0,0,0,-32000,0,0,0,211000,243000,-32000,-32000
064753,英業達凱基9C購01,0,0,0,0,0,0,0,0,0,-32000,0,0,0,189000,221000,-32000,-32000
065254,大成鋼元大9C購01,0,0,0,0,0,0,0,0,0,-32000,0,0,0,68000,100000,-32000,-32000
3028,增你強          ,1000,33000,-32000,0,0,0,0,0,0,0,0,0,0,0,0,0,-32000
6215,和椿            ,13000,45000,-32000,0,0,0,0,0,0,0,0,0,0,0,0,0,-32000
066608,國巨麥證01購03  ,0,0,0,10000,43000,-33000,0,0,0,-33000,0,0,0,10000,43000,-33000,-33000
1806,冠軍            ,13000,46000,-33000,0,0,0,0,0,0,0,0,0,0,0,0,0,-33000
08803P,鴻海元富07售08  ,0,0,0,0,0,0,0,0,0,-33000,0,0,0,0,33000,-33000,-33000
08439P,智邦國票01售02  ,0,0,0,0,0,0,0,0,0,-33000,0,0,0,0,33000,-33000,-33000
053282,彩晶元大9C購01  ,0,0,0,0,0,0,0,0,0,-33000,0,0,0,100000,133000,-33000,-33000
055620,樺漢國票98購01  ,0,0,0,0,0,0,0,0,0,-33000,0,0,0,0,33000,-33000,-33000
057331,台積電國票99購04,0,0,0,0,0,0,0,0,0,-33000,0,0,0,55000,88000,-33000,-33000
058925,旭富元富99購02  ,0,0,0,0,0,0,0,0,0,-33000,0,0,0,0,33000,-33000,-33000
060636,大毅永豐9A購02  ,0,0,0,0,0,0,0,0,0,-33000,0,0,0,77000,110000,-33000,-33000
060565,大立光富邦01購01,0,0,0,0,0,0,0,0,0,-33000,0,0,0,0,33000,-33000,-33000
062941,大立光凱基9B購07,0,0,0,0,0,0,0,0,0,-33000,0,0,0,0,33000,-33000,-33000
063213,智伸科國票9C購01,0,0,0,0,0,0,0,0,0,-33000,0,0,0,46000,79000,-33000,-33000
063265,瑞祺永豐9B購01  ,0,0,0,0,0,0,0,0,0,-33000,0,0,0,219000,252000,-33000,-33000
062850,友訊永豐9B購01  ,0,0,0,0,0,0,0,0,0,-33000,0,0,0,3000,36000,-33000,-33000
062707,致伸元大9B購01  ,0,0,0,0,0,0,0,0,0,-33000,0,0,0,0,33000,-33000,-33000
065267,聯鈞元大9C購02  ,0,0,0,0,0,0,0,0,0,-33000,0,0,0,5000,38000,-33000,-33000
065146,帆宣凱基9C購01  ,0,0,0,0,0,0,0,0,0,-33000,0,0,0,16000,49000,-33000,-33000
065024,華擎永豐9C購01  ,0,0,0,0,0,0,0,0,0,-33000,0,0,0,34000,67000,-33000,-33000
065915,聯發科凱基01購09,0,0,0,0,0,0,0,0,0,-33000,0,0,0,35000,68000,-33000,-33000
063600,燿華凱基9B購04  ,0,0,0,0,0,0,0,0,0,-33000,0,0,0,0,33000,-33000,-33000
063893,微星群益9C購01  ,0,0,0,0,0,0,0,0,0,-33000,0,0,0,108000,141000,-33000,-33000
6209,今國光          ,249000,282000,-33000,0,0,0,0,0,0,0,0,0,0,0,0,0,-33000
08356P,聯發科元大9C售08,0,0,0,0,0,0,0,0,0,-34000,0,0,0,0,34000,-34000,-34000
08292P,華新科台新9C售01,0,0,0,0,0,0,0,0,0,-34000,0,0,0,0,34000,-34000,-34000
08168P,金像電群益9B售03,0,0,0,0,0,0,0,0,0,-34000,0,0,0,0,34000,-34000,-34000
07758P,台積電國票9A售06,0,0,0,0,0,0,0,0,0,-34000,0,0,0,5000,39000,-34000,-34000
06677P,牧德國票98售02  ,0,0,0,0,0,0,0,0,0,-34000,0,0,0,30000,64000,-34000,-34000
067085,臻鼎元大01購02  ,0,0,0,0,0,0,0,0,0,-34000,0,0,0,0,34000,-34000,-34000
07086P,力成元富9C售01  ,0,0,0,0,0,0,0,0,0,-34000,0,0,0,155000,189000,-34000,-34000
06952P,大立光統一9A售03,0,0,0,0,0,0,0,0,0,-34000,0,0,0,0,34000,-34000,-34000
066392,聯強凱基01購01  ,0,0,0,0,0,0,0,0,0,-34000,0,0,0,38000,72000,-34000,-34000
066594,聯詠群益01購01  ,0,0,0,0,0,0,0,0,0,-34000,0,0,0,28000,62000,-34000,-34000
056212,台光電國票98購03,0,0,0,0,0,0,0,0,0,-34000,0,0,0,0,34000,-34000,-34000
03421B,臺股指元大99熊01,0,0,0,0,0,0,0,0,0,-34000,0,0,0,30000,64000,-34000,-34000
062457,京元電群益9B購01,0,0,0,0,0,0,0,0,0,-34000,0,0,0,16000,50000,-34000,-34000
062863,聯茂國票9B購01  ,0,0,0,0,0,0,0,0,0,-34000,0,0,0,27000,61000,-34000,-34000
062917,旭富元大9C購03  ,0,0,0,0,0,0,0,0,0,-34000,0,0,0,59000,93000,-34000,-34000
060467,神基元大9A購01  ,0,0,0,0,0,0,0,0,0,-34000,0,0,0,69000,103000,-34000,-34000
060845,欣興國票9A購01  ,0,0,0,0,0,0,0,0,0,-34000,0,0,0,21000,55000,-34000,-34000
063545,華通兆豐9B購03  ,0,0,0,0,0,0,0,0,0,-34000,0,0,0,444000,478000,-34000,-34000
064267,南六永豐9C購03  ,0,0,0,0,0,0,0,0,0,-34000,0,0,0,10000,44000,-34000,-34000
064233,燿華統一9C購02  ,0,0,0,0,0,0,0,0,0,-34000,0,0,0,48000,82000,-34000,-34000
065706,奇鋐群益9C購02  ,0,0,0,0,0,0,0,0,0,-34000,0,0,0,131000,165000,-34000,-34000
5522,遠雄            ,192000,258000,-66000,0,0,0,0,0,0,32000,32000,0,32000,0,0,0,-34000
066414,鴻海元大01購07  ,0,0,0,0,0,0,0,0,0,-35000,0,0,0,0,35000,-35000,-35000
066260,聯強元大01購02  ,0,0,0,0,0,0,0,0,0,-35000,0,0,0,91000,126000,-35000,-35000
066165,大毅凱基01購01  ,0,0,0,0,0,0,0,0,0,-35000,0,0,0,173000,208000,-35000,-35000
07083P,台積電統一9A售06,0,0,0,0,0,0,0,0,0,-35000,0,0,0,0,35000,-35000,-35000
07124P,台積電元大99售21,0,0,0,0,0,0,0,0,0,-35000,0,0,0,0,35000,-35000,-35000
066628,宏達電凱基03購01,0,0,0,0,0,0,0,0,0,-35000,0,0,0,4000,39000,-35000,-35000
07300P,臺股指元大9A售33,0,0,0,0,0,0,0,0,0,-35000,0,0,0,0,35000,-35000,-35000
08384P,臺股指群益9C售12,0,0,0,0,0,0,0,0,0,-35000,0,0,0,0,35000,-35000,-35000
08581P,臺股指元大9C售29,0,0,0,0,0,0,0,0,0,-35000,0,0,0,0,35000,-35000,-35000
08587P,聯發科中信01售05,0,0,0,0,0,0,0,0,0,-35000,0,0,0,60000,95000,-35000,-35000
1507,永大            ,1000,24000,-23000,0,0,0,0,0,0,-12000,0,12000,-12000,0,0,0,-35000
1451,年興            ,37000,72000,-35000,0,0,0,0,0,0,0,0,0,0,0,0,0,-35000
062309,燿華凱基9B購01  ,0,0,0,0,0,0,0,0,0,-35000,0,0,0,0,35000,-35000,-35000
058828,大毅永豐99購01  ,0,0,0,0,0,0,0,0,0,-35000,0,0,0,130000,165000,-35000,-35000
051266,國巨富邦99購01  ,0,0,0,0,0,0,0,0,0,-35000,0,0,0,0,35000,-35000,-35000
056739,美律凱基98購04  ,0,0,0,0,0,0,0,0,0,-35000,0,0,0,0,35000,-35000,-35000
060899,超眾凱基9A購01  ,0,0,0,0,0,0,0,0,0,-35000,0,0,0,40000,75000,-35000,-35000
061845,SP黃豆國票9B購02,0,0,0,0,0,0,0,0,0,-35000,0,0,0,0,35000,-35000,-35000
060961,台光電凱基9A購03,0,0,0,0,0,0,0,0,0,-35000,0,0,0,0,35000,-35000,-35000
061647,南六元大9A購03  ,0,0,0,0,0,0,0,0,0,-35000,0,0,0,75000,110000,-35000,-35000
060212,華航康和9A購01  ,0,0,0,0,0,0,0,0,0,-35000,0,0,0,59000,94000,-35000,-35000
062625,華通國票9B購02  ,0,0,0,0,0,0,0,0,0,-35000,0,0,0,38000,73000,-35000,-35000
060733,和大統一9C購01  ,0,0,0,0,0,0,0,0,0,-35000,0,0,0,0,35000,-35000,-35000
059939,技嘉永豐99購01  ,0,0,0,0,0,0,0,0,0,-35000,0,0,0,14000,49000,-35000,-35000
059188,京元電富邦9B購01,0,0,0,0,0,0,0,0,0,-35000,0,0,0,46000,81000,-35000,-35000
061074,儒鴻兆豐9B購01  ,0,0,0,0,0,0,0,0,0,-35000,0,0,0,0,35000,-35000,-35000
065774,旭富國票01購01  ,0,0,0,0,0,0,0,0,0,-35000,0,0,0,0,35000,-35000,-35000
065692,國巨群益9C購17  ,0,0,0,0,0,0,0,0,0,-35000,0,0,0,32000,67000,-35000,-35000
065435,臻鼎凱基02購01  ,0,0,0,0,0,0,0,0,0,-35000,0,0,0,75000,110000,-35000,-35000
065420,中租國票01購01  ,0,0,0,0,0,0,0,0,0,-35000,0,0,0,0,35000,-35000,-35000
065493,T50反1富邦03購01,0,0,0,0,0,0,0,0,0,-35000,0,0,0,20000,55000,-35000,-35000
064728,健策統一9C購04  ,0,0,0,0,0,0,0,0,0,-35000,0,0,0,15000,50000,-35000,-35000
065050,世芯凱基9C購01  ,0,0,0,0,0,0,0,0,0,-35000,0,0,0,18000,53000,-35000,-35000
063755,上銀統一9C購03  ,0,0,0,0,0,0,0,0,0,-35000,0,0,0,0,35000,-35000,-35000
063797,台積電凱基02購02,0,0,0,0,0,0,0,0,0,-35000,0,0,0,72000,107000,-35000,-35000
064061,GIS麥證01購01   ,0,0,0,0,35000,-35000,0,0,0,-35000,0,0,0,0,35000,-35000,-35000
5608,四維航          ,25000,60000,-35000,0,0,0,0,0,0,0,0,0,0,0,0,0,-35000
3622,洋華            ,107000,142000,-35000,0,0,0,0,0,0,0,0,0,0,0,0,0,-35000
2597,潤弘            ,6000,41000,-35000,0,0,0,0,0,0,0,0,0,0,0,0,0,-35000
2852,第一保          ,9000,44000,-35000,0,0,0,0,0,0,0,0,0,0,0,0,0,-35000
6415,矽力-KY         ,486514,502000,-15486,0,0,0,0,22000,-22000,2000,4000,1000,3000,0,1000,-1000,-35486
2017,官田鋼          ,2000,38000,-36000,0,0,0,0,0,0,0,0,0,0,0,0,0,-36000
08516P,技嘉群益01售02  ,0,0,0,0,0,0,0,0,0,-36000,0,0,0,20000,56000,-36000,-36000
08774P,華擎凱基01售02  ,0,0,0,0,0,0,0,0,0,-36000,0,0,0,0,36000,-36000,-36000
08769P,上証2X凱基01售02,0,0,0,0,0,0,0,0,0,-36000,0,0,0,0,36000,-36000,-36000
08727P,健策群益01售07  ,0,0,0,0,0,0,0,0,0,-36000,0,0,0,15000,51000,-36000,-36000
07653P,華新科群益9A售05,0,0,0,0,0,0,0,0,0,-36000,0,0,0,0,36000,-36000,-36000
07691P,宏達電元大9A售05,0,0,0,0,0,0,0,0,0,-36000,0,0,0,45000,81000,-36000,-36000
07687P,上銀元大9A售06  ,0,0,0,0,0,0,0,0,0,-36000,0,0,0,0,36000,-36000,-36000
07945P,上銀國票9B售02  ,0,0,0,0,0,0,0,0,0,-36000,0,0,0,14000,50000,-36000,-36000
066646,聯發科麥證01購03,0,0,0,25000,61000,-36000,0,0,0,-36000,0,0,0,25000,61000,-36000,-36000
066307,華城永豐01購01  ,0,0,0,0,0,0,0,0,0,-36000,0,0,0,137000,173000,-36000,-36000
058777,台光電國票9A購01,0,0,0,0,0,0,0,0,0,-36000,0,0,0,0,36000,-36000,-36000
057243,樺漢凱基99購01  ,0,0,0,0,0,0,0,0,0,-36000,0,0,0,0,36000,-36000,-36000
062851,建準永豐9B購02  ,0,0,0,0,0,0,0,0,0,-36000,0,0,0,0,36000,-36000,-36000
061948,美食群益9B購01  ,0,0,0,0,0,0,0,0,0,-36000,0,0,0,33000,69000,-36000,-36000
063058,A50正2元富02購01,0,0,0,0,0,0,0,0,0,-36000,0,0,0,0,36000,-36000,-36000
063091,聯電中信9B購01  ,0,0,0,0,0,0,0,0,0,-36000,0,0,0,332000,368000,-36000,-36000
063921,大立光元富9C購03,0,0,0,0,0,0,0,0,0,-36000,0,0,0,35000,71000,-36000,-36000
063404,金像電國票9B購01,0,0,0,0,0,0,0,0,0,-36000,0,0,0,108000,144000,-36000,-36000
064209,燿華凱基01購01  ,0,0,0,0,0,0,0,0,0,-36000,0,0,0,0,36000,-36000,-36000
064489,宏碁元大9C購01  ,0,0,0,0,0,0,0,0,0,-36000,0,0,0,14000,50000,-36000,-36000
064779,義隆群益9C購03  ,0,0,0,0,0,0,0,0,0,-36000,0,0,0,52000,88000,-36000,-36000
8499,鼎炫-KY         ,13000,49000,-36000,0,0,0,0,0,0,0,0,0,0,0,0,0,-36000
5258,虹堡            ,10000,46000,-36000,0,0,0,0,0,0,0,0,0,0,0,0,0,-36000
07899P,和大凱基9B售01  ,0,0,0,0,0,0,0,0,0,-37000,0,0,0,23000,60000,-37000,-37000
08736P,滬深2X凱基03售01,0,0,0,0,0,0,0,0,0,-37000,0,0,0,3000,40000,-37000,-37000
1808,潤隆            ,4000,41000,-37000,0,0,0,0,0,0,0,0,0,0,0,0,0,-37000
057236,聯詠凱基98購03  ,0,0,0,0,0,0,0,0,0,-37000,0,0,0,0,37000,-37000,-37000
057789,上銀統一9A購01  ,0,0,0,0,0,0,0,0,0,-37000,0,0,0,40000,77000,-37000,-37000
058018,南亞科凱基99購03,0,0,0,0,0,0,0,0,0,-37000,0,0,0,10000,47000,-37000,-37000
058664,百和兆豐99購01  ,0,0,0,0,0,0,0,0,0,-37000,0,0,0,0,37000,-37000,-37000
058583,臻鼎群益99購01  ,0,0,0,0,0,0,0,0,0,-37000,0,0,0,16000,53000,-37000,-37000
062363,燿華元大9B購03  ,0,0,0,0,0,0,0,0,0,-37000,0,0,0,63000,100000,-37000,-37000
00688L,國泰20年美債正2 ,0,13000,-13000,0,0,0,0,0,0,-24000,0,0,0,100000,124000,-24000,-37000
062708,立積元大9B購01  ,0,0,0,0,0,0,0,0,0,-37000,0,0,0,62000,99000,-37000,-37000
061378,南六永豐9A購03  ,0,0,0,0,0,0,0,0,0,-37000,0,0,0,50000,87000,-37000,-37000
060265,宏達電國票9A購02,0,0,0,0,0,0,0,0,0,-37000,0,0,0,39000,76000,-37000,-37000
059531,華新科凱基9B購02,0,0,0,0,0,0,0,0,0,-37000,0,0,0,0,37000,-37000,-37000
064907,緯穎群益9C購02  ,0,0,0,0,0,0,0,0,0,-37000,0,0,0,56000,93000,-37000,-37000
065503,燿華永豐9C購04  ,0,0,0,0,0,0,0,0,0,-37000,0,0,0,14000,51000,-37000,-37000
064204,瑞儀兆豐01購01  ,0,0,0,0,0,0,0,0,0,-37000,0,0,0,33000,70000,-37000,-37000
064227,和碩國票01購01  ,0,0,0,0,0,0,0,0,0,-37000,0,0,0,11000,48000,-37000,-37000
3591,艾笛森          ,61000,98000,-37000,0,0,0,0,0,0,0,0,0,0,0,0,0,-37000
4144,康聯-KY         ,14000,51000,-37000,0,0,0,0,0,0,0,0,0,0,0,0,0,-37000
2451,創見            ,69000,85000,-16000,0,0,0,0,0,0,-21000,0,2000,-2000,0,19000,-19000,-37000
8028,昇陽半導體      ,218000,247000,-29000,0,0,0,0,0,0,-8000,0,0,0,0,8000,-8000,-37000
08690P,友訊中信05售03  ,0,0,0,0,0,0,0,0,0,-38000,0,0,0,0,38000,-38000,-38000
08350P,臺股指中信9C售06,0,0,0,0,0,0,0,0,0,-38000,0,0,0,0,38000,-38000,-38000
08058P,華新科元大9B售10,0,0,0,0,0,0,0,0,0,-38000,0,0,0,0,38000,-38000,-38000
066251,川湖元大01購01  ,0,0,0,0,0,0,0,0,0,-38000,0,0,0,218000,256000,-38000,-38000
065998,友訊國票01購02  ,0,0,0,0,0,0,0,0,0,-38000,0,0,0,0,38000,-38000,-38000
052203,T50反1中信99購03,0,0,0,0,0,0,0,0,0,-38000,0,0,0,0,38000,-38000,-38000
056891,國巨元大99購03  ,0,0,0,0,0,0,0,0,0,-38000,0,0,0,0,38000,-38000,-38000
061619,大立光群益9B購01,0,0,0,0,0,0,0,0,0,-38000,0,0,0,22000,60000,-38000,-38000
060545,台積電凱基9B購02,0,0,0,0,0,0,0,0,0,-38000,0,0,0,0,38000,-38000,-38000
062742,技嘉國泰01購01  ,0,0,0,0,0,0,0,0,0,-38000,0,0,0,62000,100000,-38000,-38000
060793,微星永豐9A購01  ,0,0,0,0,0,0,0,0,0,-38000,0,0,0,0,38000,-38000,-38000
062044,健策凱基9B購02  ,0,0,0,0,0,0,0,0,0,-38000,0,0,0,10000,48000,-38000,-38000
063342,台光電統一9B購02,0,0,0,0,0,0,0,0,0,-38000,0,0,0,332000,370000,-38000,-38000
064279,新光金元大01購01,0,0,0,0,0,0,0,0,0,-38000,0,0,0,162000,200000,-38000,-38000
063885,南六元富9C購01  ,0,0,0,0,0,0,0,0,0,-38000,0,0,0,158000,196000,-38000,-38000
065809,同欣電群益9C購03,0,0,0,0,0,0,0,0,0,-38000,0,0,0,0,38000,-38000,-38000
065293,玉晶光群益01購07,0,0,0,0,0,0,0,0,0,-38000,0,0,0,2000,40000,-38000,-38000
4141,龍燈-KY         ,19000,57000,-38000,0,0,0,0,0,0,0,0,0,0,0,0,0,-38000
3164,景岳            ,6000,44000,-38000,0,0,0,0,0,0,0,0,0,0,0,0,0,-38000
6192,巨路            ,11000,49000,-38000,0,0,0,0,0,0,0,0,0,0,0,0,0,-38000
06789P,鴻海凱基98售12  ,0,0,0,0,0,0,0,0,0,-39000,0,0,0,5000,44000,-39000,-39000
08355P,智邦元大9C售03  ,0,0,0,0,0,0,0,0,0,-39000,0,0,0,5000,44000,-39000,-39000
07883P,可成凱基9B售03  ,0,0,0,0,0,0,0,0,0,-39000,0,0,0,0,39000,-39000,-39000
07246P,旺宏凱基99售08  ,0,0,0,0,0,0,0,0,0,-39000,0,0,0,0,39000,-39000,-39000
1437,勤益控          ,3000,42000,-39000,0,0,0,0,0,0,0,0,0,0,0,0,0,-39000
062197,聯發科中信01購03,0,0,0,0,0,0,0,0,0,-39000,0,0,0,2000,41000,-39000,-39000
056655,旺宏元大99購02  ,0,0,0,0,0,0,0,0,0,-39000,0,0,0,49000,88000,-39000,-39000
058203,信邦凱基99購01  ,0,0,0,0,0,0,0,0,0,-39000,0,0,0,22000,61000,-39000,-39000
063341,燿華統一9C購01  ,0,0,0,0,0,0,0,0,0,-39000,0,0,0,184000,223000,-39000,-39000
063352,上銀元富9B購02  ,0,0,0,0,0,0,0,0,0,-39000,0,0,0,0,39000,-39000,-39000
061213,群創元大9A購05  ,0,0,0,0,0,0,0,0,0,-39000,0,0,0,27000,66000,-39000,-39000
061174,鴻海凱基9A購23  ,0,0,0,0,0,0,0,0,0,-39000,0,0,0,20000,59000,-39000,-39000
061592,義隆永豐9A購03  ,0,0,0,0,0,0,0,0,0,-39000,0,0,0,11000,50000,-39000,-39000
065321,瑞昱凱基9C購01  ,0,0,0,0,0,0,0,0,0,-39000,0,0,0,21000,60000,-39000,-39000
064012,泰碩國票01購02  ,0,0,0,0,0,0,0,0,0,-39000,0,0,0,106000,145000,-39000,-39000
063710,光寶科凱基9C購01,0,0,0,0,0,0,0,0,0,-39000,0,0,0,10000,49000,-39000,-39000
064712,聚陽統一02購03  ,0,0,0,0,0,0,0,0,0,-39000,0,0,0,524000,563000,-39000,-39000
4976,佳凌            ,50000,89000,-39000,0,0,0,0,0,0,0,0,0,0,0,0,0,-39000
3312,弘憶股          ,0,39000,-39000,0,0,0,0,0,0,0,0,0,0,0,0,0,-39000
2506,太設            ,0,39000,-39000,0,0,0,0,0,0,0,0,0,0,0,0,0,-39000
07568P,鴻海凱基9A售22  ,0,0,0,0,0,0,0,0,0,-40000,0,0,0,0,40000,-40000,-40000
07818P,台積電國票9C售01,0,0,0,0,0,0,0,0,0,-40000,0,0,0,100000,140000,-40000,-40000
08320P,智邦統一9C售02  ,0,0,0,0,0,0,0,0,0,-40000,0,0,0,0,40000,-40000,-40000
08301P,台積電兆豐9C售02,0,0,0,0,0,0,0,0,0,-40000,0,0,0,10000,50000,-40000,-40000
07988P,台積電台新9C售03,0,0,0,0,0,0,0,0,0,-40000,0,0,0,20000,60000,-40000,-40000
08170P,緯穎群益9B售03  ,0,0,0,0,0,0,0,0,0,-40000,0,0,0,0,40000,-40000,-40000
06826P,臺股指國票98售02,0,0,0,0,0,0,0,0,0,-40000,0,0,0,0,40000,-40000,-40000
06880P,鈺齊凱基98售03  ,0,0,0,0,0,0,0,0,0,-40000,0,0,0,0,40000,-40000,-40000
06722P,臺股指中信9A售04,0,0,0,0,0,0,0,0,0,-40000,0,0,0,0,40000,-40000,-40000
067057,滬深2X元大01購09,0,0,0,0,0,0,0,0,0,-40000,0,0,0,0,40000,-40000,-40000
067090,南六元大01購04  ,0,0,0,0,0,0,0,0,0,-40000,0,0,0,33000,73000,-40000,-40000
067037,美利達康和01購02,0,0,0,0,0,0,0,0,0,-40000,0,0,0,0,40000,-40000,-40000
07185P,臺股指統一9C售01,0,0,0,0,0,0,0,0,0,-40000,0,0,0,0,40000,-40000,-40000
07061P,台積電元大99售14,0,0,0,0,0,0,0,0,0,-40000,0,0,0,0,40000,-40000,-40000
06938P,南電元大98售03  ,0,0,0,0,0,0,0,0,0,-40000,0,0,0,0,40000,-40000,-40000
066714,台灣50元大01購22,0,0,0,0,0,0,0,0,0,-40000,0,0,0,0,40000,-40000,-40000
066754,南電國泰02購01  ,0,0,0,0,0,0,0,0,0,-40000,0,0,0,0,40000,-40000,-40000
066974,SP黃豆群益03購01,0,0,0,0,0,0,0,0,0,-40000,0,0,0,0,40000,-40000,-40000
066227,惠特國泰03購02  ,0,0,0,0,0,0,0,0,0,-40000,0,0,0,0,40000,-40000,-40000
066170,聯陽凱基01購01  ,0,0,0,0,0,0,0,0,0,-40000,0,0,0,29000,69000,-40000,-40000
058878,旭富國泰9B購01  ,0,0,0,0,0,0,0,0,0,-40000,0,0,0,3000,43000,-40000,-40000
056253,京鼎兆豐98購01  ,0,0,0,0,0,0,0,0,0,-40000,0,0,0,0,40000,-40000,-40000
056290,正文永豐98購01  ,0,0,0,0,0,0,0,0,0,-40000,0,0,0,10000,50000,-40000,-40000
054778,世紀鋼國票99購01,0,0,0,0,0,0,0,0,0,-40000,0,0,0,0,40000,-40000,-40000
051369,新光金富邦9A購01,0,0,0,0,0,0,0,0,0,-40000,0,0,0,0,40000,-40000,-40000
056355,台積電元大98購08,0,0,0,0,0,0,0,0,0,-40000,0,0,0,0,40000,-40000,-40000
056523,光寶科中信98購01,0,0,0,0,0,0,0,0,0,-40000,0,0,0,0,40000,-40000,-40000
053400,緯穎中信9A購01  ,0,0,0,0,0,0,0,0,0,-40000,0,0,0,0,40000,-40000,-40000
02001R,富邦蘋果反一N   ,0,0,0,0,0,0,0,0,0,-40000,0,0,0,0,40000,-40000,-40000
053799,矽創中信9A購01  ,0,0,0,0,0,0,0,0,0,-40000,0,0,0,0,40000,-40000,-40000
062489,可成永豐9B購02  ,0,0,0,0,0,0,0,0,0,-40000,0,0,0,0,40000,-40000,-40000
058663,瑞儀兆豐9A購01  ,0,0,0,0,0,0,0,0,0,-40000,0,0,0,0,40000,-40000,-40000
058620,滬深2X國票9A購02,0,0,0,0,0,0,0,0,0,-40000,0,0,0,0,40000,-40000,-40000
057242,台郡凱基98購05  ,0,0,0,0,0,0,0,0,0,-40000,0,0,0,10000,50000,-40000,-40000
060165,上緯控永豐9A購01,0,0,0,0,0,0,0,0,0,-40000,0,0,0,0,40000,-40000,-40000
060555,台表科凱基9A購03,0,0,0,0,0,0,0,0,0,-40000,0,0,0,10000,50000,-40000,-40000
059789,貿聯元大9A購02  ,0,0,0,0,0,0,0,0,0,-40000,0,0,0,0,40000,-40000,-40000
059661,大立光元大99購22,0,0,0,0,0,0,0,0,0,-40000,0,0,0,37000,77000,-40000,-40000
059908,元金2X元大99購01,0,0,0,0,0,0,0,0,0,-40000,0,0,0,0,40000,-40000,-40000
059293,宏達電元富9B購01,0,0,0,0,0,0,0,0,0,-40000,0,0,0,20000,60000,-40000,-40000
061714,華新科凱基9A購15,0,0,0,0,0,0,0,0,0,-40000,0,0,0,0,40000,-40000,-40000
060808,欣興群益9A購01  ,0,0,0,0,0,0,0,0,0,-40000,0,0,0,0,40000,-40000,-40000
062047,緯穎凱基9B購01  ,0,0,0,0,0,0,0,0,0,-40000,0,0,0,30000,70000,-40000,-40000
063008,華通元大9B購06  ,0,0,0,0,0,0,0,0,0,-40000,0,0,0,37000,77000,-40000,-40000
064715,和大統一02購03  ,0,0,0,0,0,0,0,0,0,-40000,0,0,0,35000,75000,-40000,-40000
063537,華擎統一9C購03  ,0,0,0,0,0,0,0,0,0,-40000,0,0,0,3000,43000,-40000,-40000
064027,義隆元大9C購01  ,0,0,0,0,0,0,0,0,0,-40000,0,0,0,0,40000,-40000,-40000
064052,創意統一01購02  ,0,0,0,0,0,0,0,0,0,-40000,0,0,0,29000,69000,-40000,-40000
065102,同欣電元大9C購07,0,0,0,0,0,0,0,0,0,-40000,0,0,0,110000,150000,-40000,-40000
065163,香港反元大03購01,0,0,0,0,0,0,0,0,0,-40000,0,0,0,0,40000,-40000,-40000
065858,台表科元大03購01,0,0,0,0,0,0,0,0,0,-40000,0,0,0,520000,560000,-40000,-40000
065380,緯穎元大9C購02  ,0,0,0,0,0,0,0,0,0,-40000,0,0,0,0,40000,-40000,-40000
065676,臻鼎凱基9C購04  ,0,0,0,0,0,0,0,0,0,-40000,0,0,0,0,40000,-40000,-40000
9924,福興            ,0,40000,-40000,0,0,0,0,0,0,0,0,0,0,0,0,0,-40000
06598P,奇力新永豐98售02,0,0,0,0,0,0,0,0,0,-41000,0,0,0,0,41000,-41000,-41000
066847,群創元大01購03  ,0,0,0,0,0,0,0,0,0,-41000,0,0,0,79000,120000,-41000,-41000
066761,聯陽永豐01購03  ,0,0,0,0,0,0,0,0,0,-41000,0,0,0,50000,91000,-41000,-41000
07424P,大立光元大9B售01,0,0,0,0,0,0,0,0,0,-41000,0,0,0,7000,48000,-41000,-41000
1524,耿鼎            ,59000,100000,-41000,0,0,0,0,0,0,0,0,0,0,0,0,0,-41000
1809,中釉            ,3000,44000,-41000,0,0,0,0,0,0,0,0,0,0,0,0,0,-41000
057865,富邦金凱基98購01,0,0,0,0,0,0,0,0,0,-41000,0,0,0,9000,50000,-41000,-41000
058531,華通元富99購01  ,0,0,0,0,0,0,0,0,0,-41000,0,0,0,0,41000,-41000,-41000
062425,可成統一01購01  ,0,0,0,0,0,0,0,0,0,-41000,0,0,0,0,41000,-41000,-41000
055525,國巨群益98購05  ,0,0,0,0,0,0,0,0,0,-41000,0,0,0,12000,53000,-41000,-41000
063224,泰鼎群益9B購02  ,0,0,0,0,0,0,0,0,0,-41000,0,0,0,1000,42000,-41000,-41000
059113,群光永豐99購01  ,0,0,0,0,0,0,0,0,0,-41000,0,0,0,36000,77000,-41000,-41000
062535,台積電麥證02購01,0,0,0,19000,60000,-41000,0,0,0,-41000,0,0,0,19000,60000,-41000,-41000
065310,華擎國票01購01  ,0,0,0,0,0,0,0,0,0,-41000,0,0,0,50000,91000,-41000,-41000
064849,大立光元富9C購06,0,0,0,0,0,0,0,0,0,-41000,0,0,0,3000,44000,-41000,-41000
063392,聯電群益9B購02  ,0,0,0,0,0,0,0,0,0,-41000,0,0,0,98000,139000,-41000,-41000
063655,華通元富9B購01  ,0,0,0,0,0,0,0,0,0,-41000,0,0,0,5000,46000,-41000,-41000
06425P,TPK永豐97售02   ,0,0,0,0,0,0,0,0,0,-41000,0,0,0,0,41000,-41000,-41000
9943,好樂迪          ,12000,53000,-41000,0,0,0,0,0,0,0,0,0,0,0,0,0,-41000
2208,台船            ,102000,110000,-8000,0,0,0,0,0,0,-33000,0,0,0,0,33000,-33000,-41000
3013,晟銘電          ,13000,54000,-41000,0,0,0,0,0,0,0,0,0,0,0,0,0,-41000
2231,為升            ,157000,184505,-27505,0,0,0,0,0,0,-14000,10000,11000,-1000,0,13000,-13000,-41505
08483P,金像電群益9C售02,0,0,0,0,0,0,0,0,0,-42000,0,0,0,0,42000,-42000,-42000
08461P,長榮航國票9C售01,0,0,0,0,0,0,0,0,0,-42000,0,0,0,0,42000,-42000,-42000
07235P,T50正2元大9C售02,0,0,0,0,0,0,0,0,0,-42000,0,0,0,3000,45000,-42000,-42000
07926P,上銀統一9B售02  ,0,0,0,0,0,0,0,0,0,-42000,0,0,0,10000,52000,-42000,-42000
08178P,南亞科元大9B售01,0,0,0,0,0,0,0,0,0,-42000,0,0,0,0,42000,-42000,-42000
067121,台虹群益01購01  ,0,0,0,0,0,0,0,0,0,-42000,0,0,0,0,42000,-42000,-42000
06831P,臺股指國票98售07,0,0,0,0,0,0,0,0,0,-42000,0,0,0,0,42000,-42000,-42000
066249,生達元大01購01  ,80000,0,80000,0,0,0,0,0,0,-122000,0,0,0,146000,268000,-122000,-42000
05631P,國巨富邦9A售01  ,0,0,0,0,0,0,0,0,0,-42000,0,0,0,25000,67000,-42000,-42000
057738,旺宏富邦9A購01  ,0,0,0,0,0,0,0,0,0,-42000,0,0,0,8000,50000,-42000,-42000
057547,技嘉凱基99購01  ,0,0,0,0,0,0,0,0,0,-42000,0,0,0,34000,76000,-42000,-42000
059037,宏達電群益99購02,0,0,0,0,0,0,0,0,0,-42000,0,0,0,94000,136000,-42000,-42000
063175,燿華兆豐9C購01  ,0,0,0,0,0,0,0,0,0,-42000,0,0,0,11000,53000,-42000,-42000
061405,亞德客國票9B購01,0,0,0,0,0,0,0,0,0,-42000,0,0,0,29000,71000,-42000,-42000
064211,友達凱基02購01  ,0,0,0,0,0,0,0,0,0,-42000,0,0,0,6000,48000,-42000,-42000
063650,矽創元大9B購03  ,0,0,0,0,0,0,0,0,0,-42000,0,0,0,8000,50000,-42000,-42000
063533,緯穎凱基9B購06  ,0,0,0,0,0,0,0,0,0,-42000,0,0,0,0,42000,-42000,-42000
063733,聯發科元大9B購27,0,0,0,0,0,0,0,0,0,-42000,0,0,0,0,42000,-42000,-42000
065297,旺宏統一02購01  ,0,0,0,0,0,0,0,0,0,-42000,0,0,0,0,42000,-42000,-42000
065292,緯創群益9C購01  ,0,0,0,0,0,0,0,0,0,-42000,0,0,0,26000,68000,-42000,-42000
065255,上銀元大01購01  ,0,0,0,0,0,0,0,0,0,-42000,0,0,0,68000,110000,-42000,-42000
2429,銘旺科          ,1000,43000,-42000,0,0,0,0,0,0,0,0,0,0,0,0,0,-42000
3209,全科            ,51000,93000,-42000,0,0,0,0,0,0,0,0,0,0,0,0,0,-42000
4952,凌通            ,14000,56000,-42000,0,0,0,0,0,0,0,0,0,0,0,0,0,-42000
5305,敦南            ,21000,63000,-42000,0,0,0,0,0,0,0,0,0,0,0,0,0,-42000
2207,和泰車          ,193484,199000,-5516,0,0,0,0,3000,-3000,-34000,0,32000,-32000,0,2000,-2000,-42516
066309,永光永豐01購01  ,0,0,0,0,0,0,0,0,0,-43000,0,0,0,2000,45000,-43000,-43000
07903P,台積電群益9B售03,0,0,0,0,0,0,0,0,0,-43000,0,0,0,10000,53000,-43000,-43000
07795P,美律國票9A售03  ,0,0,0,0,0,0,0,0,0,-43000,0,0,0,0,43000,-43000,-43000
08495P,同欣電元大9C售08,0,0,0,0,0,0,0,0,0,-43000,0,0,0,0,43000,-43000,-43000
058750,緯穎凱基9A購03  ,0,0,0,0,0,0,0,0,0,-43000,0,0,0,12000,55000,-43000,-43000
056347,GIS凱基9A購01   ,0,0,0,0,0,0,0,0,0,-43000,0,0,0,72000,115000,-43000,-43000
056369,彩晶元大01購01  ,0,0,0,0,0,0,0,0,0,-43000,0,0,0,0,43000,-43000,-43000
054959,禾伸堂元大98購01,0,0,0,0,0,0,0,0,0,-43000,0,0,0,60000,103000,-43000,-43000
058261,大立光富邦03購01,0,0,0,0,0,0,0,0,0,-43000,0,0,0,0,43000,-43000,-43000
064887,嘉晶中信9C購02  ,0,0,0,0,0,0,0,0,0,-43000,0,0,0,160000,203000,-43000,-43000
064823,台積電統一01購09,0,0,0,0,0,0,0,0,0,-43000,0,0,0,0,43000,-43000,-43000
064806,微星元大01購01  ,0,0,0,0,0,0,0,0,0,-43000,0,0,0,15000,58000,-43000,-43000
064899,大立光群益9C購06,0,0,0,0,0,0,0,0,0,-43000,0,0,0,47000,90000,-43000,-43000
065943,台表科元富01購01,0,0,0,0,0,0,0,0,0,-43000,0,0,0,99000,142000,-43000,-43000
065798,華通群益01購03  ,0,0,0,0,0,0,0,0,0,-43000,0,0,0,94000,137000,-43000,-43000
063949,大立光元大9C購10,0,0,0,0,0,0,0,0,0,-43000,0,0,0,4000,47000,-43000,-43000
063431,神隆元富9B購01  ,0,0,0,0,0,0,0,0,0,-43000,0,0,0,45000,88000,-43000,-43000
064194,燿華群益9C購01  ,0,0,0,0,0,0,0,0,0,-43000,0,0,0,128000,171000,-43000,-43000
064564,義隆群益9C購02  ,0,0,0,0,0,0,0,0,0,-43000,0,0,0,0,43000,-43000,-43000
4766,南寶            ,10000,53000,-43000,0,0,0,0,0,0,0,0,0,0,0,0,0,-43000
3016,嘉晶            ,1288000,759000,529000,0,0,0,0,200000,-200000,-372000,75000,39000,36000,162000,570000,-408000,-43000
08720P,台光電元大01售03,0,0,0,0,0,0,0,0,0,-44000,0,0,0,30000,74000,-44000,-44000
08802P,聯發科元大01售14,0,0,0,0,0,0,0,0,0,-44000,0,0,0,0,44000,-44000,-44000
2010,春源            ,2000,46000,-44000,0,0,0,0,0,0,0,0,0,0,0,0,0,-44000
08104P,晶技元大9B售06  ,0,0,0,0,0,0,0,0,0,-44000,0,0,0,0,44000,-44000,-44000
08287P,茂林凱基9C售02  ,0,0,0,0,0,0,0,0,0,-44000,0,0,0,83000,127000,-44000,-44000
08213P,台光電統一9B售03,0,0,0,0,0,0,0,0,0,-44000,0,0,0,70000,114000,-44000,-44000
066583,上証2X群益03購01,0,0,0,0,0,0,0,0,0,-44000,0,0,0,0,44000,-44000,-44000
066665,聯詠凱基02購01  ,0,0,0,0,0,0,0,0,0,-44000,0,0,0,83000,127000,-44000,-44000
056677,智伸科元富98購01,0,0,0,0,0,0,0,0,0,-44000,0,0,0,71000,115000,-44000,-44000
056703,群創國泰9A購01  ,0,0,0,0,0,0,0,0,0,-44000,0,0,0,46000,90000,-44000,-44000
055182,京鼎統一98購01  ,0,0,0,0,0,0,0,0,0,-44000,0,0,0,0,44000,-44000,-44000
058429,欣興元富99購01  ,0,0,0,0,0,0,0,0,0,-44000,0,0,0,0,44000,-44000,-44000
057069,台積電永豐98購02,0,0,0,0,0,0,0,0,0,-44000,0,0,0,26000,70000,-44000,-44000
061655,微星國票9A購01  ,0,0,0,0,0,0,0,0,0,-44000,0,0,0,49000,93000,-44000,-44000
059984,華新科元大99購21,0,0,0,0,0,0,0,0,0,-44000,0,0,0,24000,68000,-44000,-44000
064148,瑞昱統一02購01  ,0,0,0,0,0,0,0,0,0,-44000,0,0,0,32000,76000,-44000,-44000
063478,GIS元大9B購03   ,0,0,0,0,0,0,0,0,0,-44000,0,0,0,31000,75000,-44000,-44000
065828,大立光凱基06購01,0,0,0,0,0,0,0,0,0,-44000,0,0,0,20000,64000,-44000,-44000
065897,凌華統一03購01  ,0,0,0,0,0,0,0,0,0,-44000,0,0,0,96000,140000,-44000,-44000
064814,祥碩元大9C購06  ,0,10000,-10000,0,0,0,0,0,0,-34000,0,0,0,61000,95000,-34000,-44000
2358,廷鑫            ,16000,58000,-42000,0,0,0,0,0,0,-2000,0,2000,-2000,0,0,0,-44000
066879,智伸科富邦03購01,0,0,0,0,0,0,0,0,0,-45000,0,0,0,39000,84000,-45000,-45000
06904P,TPK凱基98售03   ,0,0,0,0,0,0,0,0,0,-45000,0,0,0,0,45000,-45000,-45000
066173,泰碩凱基02購01  ,0,0,0,0,0,0,0,0,0,-45000,0,0,0,50000,95000,-45000,-45000
066169,晶豪科凱基01購01,0,0,0,0,0,0,0,0,0,-45000,0,0,0,7000,52000,-45000,-45000
08223P,臺股指凱基9B售18,0,0,0,0,0,0,0,0,0,-45000,0,0,0,100000,145000,-45000,-45000
08253P,鴻海元大9C售06  ,0,0,0,0,0,0,0,0,0,-45000,0,0,0,0,45000,-45000,-45000
08190P,宏達電元富9B售04,0,0,0,0,0,0,0,0,0,-45000,0,0,0,2000,47000,-45000,-45000
07760P,力山永豐9A售03  ,0,0,0,0,0,0,0,0,0,-45000,0,0,0,0,45000,-45000,-45000
058837,SGBR2X中信9C購01,0,0,0,0,0,0,0,0,0,-45000,0,0,0,0,45000,-45000,-45000
056334,台積電凱基98購06,0,0,0,0,0,0,0,0,0,-45000,0,0,0,1000,46000,-45000,-45000
048105,滬深2X群益99購02,0,0,0,0,0,0,0,0,0,-45000,0,0,0,6000,51000,-45000,-45000
03687C,臺股指凱基9C牛22,0,0,0,0,0,0,0,0,0,-45000,0,0,0,65000,110000,-45000,-45000
058971,台積電永豐99購03,0,0,0,0,0,0,0,0,0,-45000,0,0,0,144000,189000,-45000,-45000
054768,泰碩國票99購02  ,0,0,0,0,0,0,0,0,0,-45000,0,0,0,0,45000,-45000,-45000
062635,創意國票9B購01  ,0,0,0,0,0,0,0,0,0,-45000,0,0,0,47000,92000,-45000,-45000
059118,晶技永豐9A購01  ,0,0,0,0,0,0,0,0,0,-45000,0,0,0,0,45000,-45000,-45000
059056,技嘉凱基99購02  ,0,0,0,0,0,0,0,0,0,-45000,0,0,0,27000,72000,-45000,-45000
062801,宏達電統一01購01,0,0,0,0,0,0,0,0,0,-45000,0,0,0,35000,80000,-45000,-45000
062017,京鼎永豐9B購01  ,0,0,0,0,0,0,0,0,0,-45000,0,0,0,41000,86000,-45000,-45000
065226,華通凱基01購01  ,0,0,0,0,0,0,0,0,0,-45000,0,0,0,20000,65000,-45000,-45000
06564P,國巨富邦9A售04  ,0,0,0,0,0,0,0,0,0,-45000,0,0,0,10000,55000,-45000,-45000
065413,玉晶光永豐9C購10,0,0,0,0,0,0,0,0,0,-45000,0,0,0,0,45000,-45000,-45000
063492,台積電富邦02購02,0,0,0,0,0,0,0,0,0,-45000,0,0,0,45000,90000,-45000,-45000
064311,新光金群益01購02,0,0,0,0,0,0,0,0,0,-45000,0,0,0,62000,107000,-45000,-45000
064297,台郡國票01購01  ,0,0,0,0,0,0,0,0,0,-45000,0,0,0,76000,121000,-45000,-45000
064671,聯茂元大9C購02  ,0,0,0,0,0,0,0,0,0,-45000,0,0,0,129000,174000,-45000,-45000
2323,中環            ,1261000,1136000,125000,0,0,0,0,0,0,-170000,0,12000,-12000,0,158000,-158000,-45000
6128,上福            ,3000,42000,-39000,0,0,0,0,0,0,-6000,0,6000,-6000,0,0,0,-45000
6142,友勁            ,81000,56000,25000,0,0,0,0,0,0,-70000,0,70000,-70000,0,0,0,-45000
08092P,仁寶元富9B售02  ,0,0,0,0,0,0,0,0,0,-46000,0,0,0,95000,141000,-46000,-46000
08773P,瑞昱凱基01售01  ,0,0,0,0,0,0,0,0,0,-46000,0,0,0,29000,75000,-46000,-46000
08443P,臺股指麥證01售02,0,0,0,1000,47000,-46000,0,0,0,-46000,0,0,0,1000,47000,-46000,-46000
066154,聯強康和01購01  ,0,0,0,0,0,0,0,0,0,-46000,0,0,0,0,46000,-46000,-46000
06755P,大立光永豐98售03,0,0,0,0,0,0,0,0,0,-46000,0,0,0,83000,129000,-46000,-46000
066755,永光永豐01購02  ,0,0,0,0,0,0,0,0,0,-46000,0,0,0,10000,56000,-46000,-46000
056823,智伸科永豐98購01,0,0,0,0,0,0,0,0,0,-46000,0,0,0,0,46000,-46000,-46000
057552,禾伸堂凱基98購05,0,0,0,0,0,0,0,0,0,-46000,0,0,0,4000,50000,-46000,-46000
058035,旭富永豐98購02  ,0,0,0,0,0,0,0,0,0,-46000,0,0,0,74000,120000,-46000,-46000
060918,康友國泰9C購01  ,0,0,0,0,0,0,0,0,0,-46000,0,0,0,295000,341000,-46000,-46000
059242,南亞科凱基99購06,0,0,0,0,0,0,0,0,0,-46000,0,0,0,178000,224000,-46000,-46000
063887,香港2X中信02購01,0,0,0,0,0,0,0,0,0,-46000,0,0,0,25000,71000,-46000,-46000
065916,聯發科凱基01購10,0,0,0,0,0,0,0,0,0,-46000,0,0,0,0,46000,-46000,-46000
065862,世紀鋼元大9C購06,0,0,0,0,0,0,0,0,0,-46000,0,0,0,20000,66000,-46000,-46000
4164,承業醫          ,146000,142000,4000,0,0,0,0,0,0,-50000,28000,78000,-50000,0,0,0,-46000
6706,惠特            ,281000,415000,-134000,0,0,0,35000,0,35000,53000,0,15000,-15000,124000,56000,68000,-46000
066904,台積電凱基02購10,0,0,0,0,0,0,0,0,0,-47000,0,0,0,0,47000,-47000,-47000
07472P,和碩元大9A售03  ,0,0,0,0,0,0,0,0,0,-47000,0,0,0,0,47000,-47000,-47000
057869,大立光凱基99購01,0,0,0,0,0,0,0,0,0,-47000,0,0,0,0,47000,-47000,-47000
057818,泰碩元大9A購01  ,0,0,0,0,0,0,0,0,0,-47000,0,0,0,152000,199000,-47000,-47000
058287,國巨國票9A購02  ,0,0,0,0,0,0,0,0,0,-47000,0,0,0,0,47000,-47000,-47000
058637,晶技兆豐99購01  ,0,0,0,0,0,0,0,0,0,-47000,0,0,0,0,47000,-47000,-47000
062569,南電中信01購01  ,0,0,0,0,0,0,0,0,0,-47000,0,0,0,45000,92000,-47000,-47000
061123,燿華永豐9A購01  ,0,0,0,0,0,0,0,0,0,-47000,0,0,0,11000,58000,-47000,-47000
062728,健策凱基9B購04  ,0,0,0,0,0,0,0,0,0,-47000,0,0,0,9000,56000,-47000,-47000
065856,中租元大9C購03  ,0,0,0,0,0,0,0,0,0,-47000,0,0,0,0,47000,-47000,-47000
065242,巨大凱基01購02  ,20000,0,20000,0,0,0,0,0,0,-67000,0,0,0,89000,156000,-67000,-47000
064771,貿聯中信01購01  ,0,0,0,0,0,0,0,0,0,-47000,0,0,0,16000,63000,-47000,-47000
064931,南六統一9C購05  ,0,0,0,0,0,0,0,0,0,-47000,0,0,0,83000,130000,-47000,-47000
065034,玉晶光統一01購11,0,0,0,0,0,0,0,0,0,-47000,0,0,0,0,47000,-47000,-47000
063937,上銀元大9C購02  ,0,0,0,0,0,0,0,0,0,-47000,0,0,0,0,47000,-47000,-47000
064589,聯鈞永豐9C購01  ,0,0,0,0,0,0,0,0,0,-47000,0,0,0,25000,72000,-47000,-47000
3026,禾伸堂          ,244000,530000,-286000,0,0,0,300000,0,300000,-61000,0,0,0,1000,62000,-61000,-47000
08808P,台灣50群益01售06,0,0,0,0,0,0,0,0,0,-48000,0,0,0,0,48000,-48000,-48000
2030,彰源            ,0,48000,-48000,0,0,0,0,0,0,0,0,0,0,0,0,0,-48000
066843,台達電元大01購02,0,0,0,0,0,0,0,0,0,-48000,0,0,0,52000,100000,-48000,-48000
066794,鴻海凱基01購07  ,0,0,0,0,0,0,0,0,0,-48000,0,0,0,816000,864000,-48000,-48000
058656,燿華中信99購01  ,0,0,0,0,0,0,0,0,0,-48000,0,0,0,214000,262000,-48000,-48000
062312,大立光凱基9B購03,0,0,0,0,0,0,0,0,0,-48000,0,0,0,0,48000,-48000,-48000
05348P,美律元富98售01  ,0,0,0,0,0,0,0,0,0,-48000,0,0,0,2000,50000,-48000,-48000
00682U,元大美元指數    ,0,0,0,0,0,0,0,0,0,-48000,0,0,0,227000,275000,-48000,-48000
061666,友達中信01購01  ,0,0,0,0,0,0,0,0,0,-48000,0,0,0,0,48000,-48000,-48000
06448P,華通元大99售01  ,0,0,0,0,0,0,0,0,0,-48000,0,0,0,82000,130000,-48000,-48000
064249,聯發科元富06購01,0,0,0,0,0,0,0,0,0,-48000,0,0,0,101000,149000,-48000,-48000
064036,矽創元大9C購01  ,0,0,0,0,0,0,0,0,0,-48000,0,0,0,15000,63000,-48000,-48000
064784,祥碩群益9C購01  ,0,0,0,0,0,0,0,0,0,-48000,0,0,0,89000,137000,-48000,-48000
06473P,鴻海元大99售03  ,0,0,0,0,0,0,0,0,0,-48000,0,0,0,5000,53000,-48000,-48000
065546,景碩兆豐01購01  ,0,0,0,0,0,0,0,0,0,-48000,0,0,0,5000,53000,-48000,-48000
4739,康普            ,40000,88000,-48000,0,0,0,0,0,0,0,0,0,0,0,0,0,-48000
067053,申豐凱基02購01  ,0,0,0,0,0,0,0,0,0,-49000,0,0,0,0,49000,-49000,-49000
06962P,華新科永豐99售01,0,0,0,0,0,0,0,0,0,-49000,0,0,0,1000,50000,-49000,-49000
08701P,景碩康和01售02  ,0,0,0,0,0,0,0,0,0,-49000,0,0,0,16000,65000,-49000,-49000
00851,台新全球AI      ,0,0,0,0,0,0,0,0,0,-49000,0,0,0,23000,72000,-49000,-49000
054928,帆宣凱基98購01  ,0,0,0,0,0,0,0,0,0,-49000,0,0,0,0,49000,-49000,-49000
062307,華通凱基9C購01  ,0,0,0,0,0,0,0,0,0,-49000,0,0,0,2000,51000,-49000,-49000
062186,晶技元大9B購05  ,0,0,0,0,0,0,0,0,0,-49000,0,0,0,24000,73000,-49000,-49000
062359,旺宏元大9C購02  ,0,0,0,0,0,0,0,0,0,-49000,0,0,0,1000,50000,-49000,-49000
058473,上銀凱基9A購03  ,0,0,0,0,0,0,0,0,0,-49000,0,0,0,0,49000,-49000,-49000
061607,台表科凱基9B購02,0,0,0,0,0,0,0,0,0,-49000,0,0,0,20000,69000,-49000,-49000
060285,聯電元大9C購01  ,0,0,0,0,0,0,0,0,0,-49000,0,0,0,29000,78000,-49000,-49000
061498,大立光國票9A購10,0,0,0,0,0,0,0,0,0,-49000,0,0,0,10000,59000,-49000,-49000
063321,泰鼎群益9B購03  ,0,0,0,0,0,0,0,0,0,-49000,0,0,0,0,49000,-49000,-49000
064028,大毅元大01購01  ,0,0,0,0,0,0,0,0,0,-49000,0,0,0,1000,50000,-49000,-49000
063371,南亞科永豐9B購01,0,0,0,0,0,0,0,0,0,-49000,0,0,0,0,49000,-49000,-49000
063709,上銀凱基9B購07  ,0,0,0,0,0,0,0,0,0,-49000,0,0,0,0,49000,-49000,-49000
063591,麗豐永豐9B購02  ,0,0,0,0,0,0,0,0,0,-49000,0,0,0,1000,50000,-49000,-49000
064263,貿聯永豐9C購01  ,0,0,0,0,0,0,0,0,0,-49000,0,0,0,84000,133000,-49000,-49000
064280,大立光元大9C購11,0,0,0,0,0,0,0,0,0,-49000,0,0,0,1000,50000,-49000,-49000
3031,佰鴻            ,6000,55000,-49000,0,0,0,0,0,0,0,0,0,0,0,0,0,-49000
08697P,臺股指麥證01售03,0,0,0,0,50000,-50000,0,0,0,-50000,0,0,0,0,50000,-50000,-50000
08642P,華新科群益9C售06,0,0,0,0,0,0,0,0,0,-50000,0,0,0,0,50000,-50000,-50000
08522P,智邦元大9C售08  ,0,0,0,0,0,0,0,0,0,-50000,0,0,0,0,50000,-50000,-50000
1503,士電            ,22000,51000,-29000,0,0,0,0,0,0,-21000,0,21000,-21000,0,0,0,-50000
08818P,台灣50凱基01售18,0,0,0,0,0,0,0,0,0,-50000,0,0,0,0,50000,-50000,-50000
07418P,聯發科元大99售45,0,0,0,0,0,0,0,0,0,-50000,0,0,0,0,50000,-50000,-50000
07365P,超眾元大99售07  ,0,0,0,0,0,0,0,0,0,-50000,0,0,0,0,50000,-50000,-50000
07260P,台灣50元大9A售01,0,0,0,0,0,0,0,0,0,-50000,0,0,0,0,50000,-50000,-50000
07786P,南電中信9C售01  ,0,0,0,0,0,0,0,0,0,-50000,0,0,0,0,50000,-50000,-50000
07868P,健策元大9B售05  ,0,0,0,0,0,0,0,0,0,-50000,0,0,0,0,50000,-50000,-50000
08171P,嘉澤國票9C售01  ,0,0,0,0,0,0,0,0,0,-50000,0,0,0,0,50000,-50000,-50000
08045P,健策國票9B售01  ,0,0,0,0,0,0,0,0,0,-50000,0,0,0,0,50000,-50000,-50000
08302P,長榮航國泰02售01,0,0,0,0,0,0,0,0,0,-50000,0,0,0,0,50000,-50000,-50000
07033P,大立光統一9B售03,0,0,0,0,0,0,0,0,0,-50000,0,0,0,0,50000,-50000,-50000
07067P,旺宏台新99售02  ,0,0,0,0,0,0,0,0,0,-50000,0,0,0,0,50000,-50000,-50000
06773P,台灣50兆豐9A售01,0,0,0,0,0,0,0,0,0,-50000,0,0,0,0,50000,-50000,-50000
066802,亞光凱基02購01  ,0,0,0,0,0,0,0,0,0,-50000,0,0,0,0,50000,-50000,-50000
066631,聯詠凱基03購01  ,0,0,0,0,0,0,0,0,0,-50000,0,0,0,0,50000,-50000,-50000
066541,南電兆豐01購02  ,0,0,0,0,0,0,0,0,0,-50000,0,0,0,0,50000,-50000,-50000
066511,劍麟永豐01購01  ,0,0,0,0,0,0,0,0,0,-50000,0,0,0,0,50000,-50000,-50000
058623,國巨國票99購08  ,0,0,0,0,0,0,0,0,0,-50000,0,0,0,12000,62000,-50000,-50000
058681,大立光康和9B購01,0,0,0,0,0,0,0,0,0,-50000,0,0,0,0,50000,-50000,-50000
057662,上銀元大9A購01  ,0,0,0,0,0,0,0,0,0,-50000,0,0,0,0,50000,-50000,-50000
057842,緯穎富邦99購02  ,0,0,0,0,0,0,0,0,0,-50000,0,0,0,0,50000,-50000,-50000
058004,大立光群益98購03,0,0,0,0,0,0,0,0,0,-50000,0,0,0,30000,80000,-50000,-50000
057946,晶相光國票99購01,0,0,0,0,0,0,0,0,0,-50000,0,0,0,0,50000,-50000,-50000
057286,群創元大9B購05  ,0,0,0,0,0,0,0,0,0,-50000,0,0,0,50000,100000,-50000,-50000
056565,欣興群益98購03  ,0,0,0,0,0,0,0,0,0,-50000,0,0,0,0,50000,-50000,-50000
055653,聯詠元富01購02  ,0,0,0,0,0,0,0,0,0,-50000,0,0,0,52000,102000,-50000,-50000
055917,禾伸堂凱基98購02,0,0,0,0,0,0,0,0,0,-50000,0,0,0,0,50000,-50000,-50000
054638,國泰金中信99購01,0,0,0,0,0,0,0,0,0,-50000,0,0,0,0,50000,-50000,-50000
020006,永昌中小300N    ,0,0,0,0,0,0,0,0,0,-50000,0,0,0,0,50000,-50000,-50000
053523,T50反1中信9A購01,0,0,0,0,0,0,0,0,0,-50000,0,0,0,0,50000,-50000,-50000
052629,訊芯中信99購01  ,0,0,0,0,0,0,0,0,0,-50000,0,0,0,80000,130000,-50000,-50000
055532,中工群益98購01  ,0,0,0,0,0,0,0,0,0,-50000,0,0,0,0,50000,-50000,-50000
056477,欣興元大98購02  ,0,0,0,0,0,0,0,0,0,-50000,0,0,0,0,50000,-50000,-50000
062903,燿華元大9B購04  ,0,0,0,0,0,0,0,0,0,-50000,0,0,0,0,50000,-50000,-50000
062858,微星國票9B購01  ,0,0,0,0,0,0,0,0,0,-50000,0,0,0,120000,170000,-50000,-50000
061373,華通富邦9A購02  ,0,0,0,0,0,0,0,0,0,-50000,0,0,0,6000,56000,-50000,-50000
061104,華新科元大9A購13,0,0,0,0,0,0,0,0,0,-50000,0,0,0,0,50000,-50000,-50000
061163,台灣50兆豐9A購04,0,0,0,0,0,0,0,0,0,-50000,0,0,0,561000,611000,-50000,-50000
061157,聯鈞群益9A購02  ,0,0,0,0,0,0,0,0,0,-50000,0,0,0,0,50000,-50000,-50000
060824,旺宏元大9A購06  ,0,0,0,0,0,0,0,0,0,-50000,0,0,0,0,50000,-50000,-50000
060576,欣興中信9B購01  ,0,0,0,0,0,0,0,0,0,-50000,0,0,0,0,50000,-50000,-50000
059811,高股息凱基99購02,0,0,0,0,0,0,0,0,0,-50000,0,0,0,0,50000,-50000,-50000
061614,亞德客群益9A購01,0,0,0,0,0,0,0,0,0,-50000,0,0,0,0,50000,-50000,-50000
059530,華新科凱基9A購05,0,0,0,0,0,0,0,0,0,-50000,0,0,0,0,50000,-50000,-50000
062563,緯穎凱基9B購03  ,0,0,0,0,0,0,0,0,0,-50000,0,0,0,0,50000,-50000,-50000
060052,宏碁凱基99購01  ,0,0,0,0,0,0,0,0,0,-50000,0,0,0,10000,60000,-50000,-50000
062165,聯茂國泰01購01  ,0,0,0,0,0,0,0,0,0,-50000,0,0,0,0,50000,-50000,-50000
061834,華新科凱基02購02,0,0,0,0,0,0,0,0,0,-50000,0,0,0,0,50000,-50000,-50000
061837,華新科凱基05購02,0,0,0,0,0,0,0,0,0,-50000,0,0,0,0,50000,-50000,-50000
060904,臺指反元大9C購07,0,0,0,0,0,0,0,0,0,-50000,0,0,0,20000,70000,-50000,-50000
06427P,鴻海元大97售13  ,0,0,0,0,0,0,0,0,0,-50000,0,0,0,42000,92000,-50000,-50000
064091,台郡凱基01購01  ,0,0,0,0,0,0,0,0,0,-50000,0,0,0,10000,60000,-50000,-50000
064127,聯發科元大9C購06,0,0,0,0,0,0,0,0,0,-50000,0,0,0,0,50000,-50000,-50000
064471,國巨麥證9C購02  ,0,0,0,0,50000,-50000,0,0,0,-50000,0,0,0,0,50000,-50000,-50000
064472,國巨麥證9C購03  ,0,0,0,0,50000,-50000,0,0,0,-50000,0,0,0,0,50000,-50000,-50000
064668,大立光元大9C購21,0,0,0,0,0,0,0,0,0,-50000,0,0,0,87000,137000,-50000,-50000
063708,上銀凱基9B購06  ,0,0,0,0,0,0,0,0,0,-50000,0,0,0,0,50000,-50000,-50000
063426,茂林凱基9B購03  ,0,0,0,0,0,0,0,0,0,-50000,0,0,0,0,50000,-50000,-50000
063539,世紀鋼統一9B購02,0,0,0,0,0,0,0,0,0,-50000,0,0,0,0,50000,-50000,-50000
063839,華通元大9C購02  ,0,0,0,0,0,0,0,0,0,-50000,0,0,0,3000,53000,-50000,-50000
065409,鴻海永豐9C購01  ,0,0,0,0,0,0,0,0,0,-50000,0,0,0,13000,63000,-50000,-50000
065026,世紀鋼永豐9C購02,0,0,0,0,0,0,0,0,0,-50000,0,0,0,0,50000,-50000,-50000
064951,聯發科凱基01購04,0,0,0,0,0,0,0,0,0,-50000,0,0,0,0,50000,-50000,-50000
064920,景碩統一01購02  ,0,0,0,0,0,0,0,0,0,-50000,0,0,0,68000,118000,-50000,-50000
065229,友達凱基02購03  ,0,0,0,0,0,0,0,0,0,-50000,0,0,0,0,50000,-50000,-50000
065230,義隆凱基02購01  ,0,0,0,0,0,0,0,0,0,-50000,0,0,0,90000,140000,-50000,-50000
065259,燿華元大9C購05  ,0,0,0,0,0,0,0,0,0,-50000,0,0,0,57000,107000,-50000,-50000
065263,國泰金元大9C購02,0,0,0,0,0,0,0,0,0,-50000,0,0,0,50000,100000,-50000,-50000
4190,佐登-KY         ,17000,67000,-50000,0,0,0,0,0,0,0,0,0,0,0,0,0,-50000
2466,冠西電          ,0,47000,-47000,0,0,0,0,0,0,-3000,0,3000,-3000,0,0,0,-50000
066365,富邦金中信03購01,0,0,0,0,0,0,0,0,0,-51000,0,0,0,116000,167000,-51000,-51000
066619,永光凱基01購01  ,0,0,0,0,0,0,0,0,0,-51000,0,0,0,0,51000,-51000,-51000
06928P,鴻海元大99售10  ,0,0,0,0,0,0,0,0,0,-51000,0,0,0,0,51000,-51000,-51000
08055P,臺股指國票9B售20,0,0,0,0,0,0,0,0,0,-51000,0,0,0,34000,85000,-51000,-51000
08558P,香港2X國票9C售01,0,0,0,0,0,0,0,0,0,-51000,0,0,0,0,51000,-51000,-51000
08543P,世芯國票01售02  ,0,0,0,0,0,0,0,0,0,-51000,0,0,0,54000,105000,-51000,-51000
08590P,智邦凱基9C售04  ,0,0,0,0,0,0,0,0,0,-51000,0,0,0,105000,156000,-51000,-51000
00686R,群益臺灣加權反1 ,0,0,0,0,0,0,0,0,0,-51000,0,0,0,54000,105000,-51000,-51000
03419B,臺股指元富99熊03,0,0,0,0,0,0,0,0,0,-51000,0,0,0,0,51000,-51000,-51000
057776,京元電群益98購02,0,0,0,0,0,0,0,0,0,-51000,0,0,0,229000,280000,-51000,-51000
062450,臻鼎元大9B購02  ,0,0,0,0,0,0,0,0,0,-51000,0,0,0,24000,75000,-51000,-51000
062218,燿華統一01購01  ,0,0,0,0,0,0,0,0,0,-51000,0,0,0,0,51000,-51000,-51000
061455,京元電凱基9B購01,0,0,0,0,0,0,0,0,0,-51000,0,0,0,135000,186000,-51000,-51000
061882,矽創元大9B購01  ,0,0,0,0,0,0,0,0,0,-51000,0,0,0,23000,74000,-51000,-51000
062052,華通統一01購01  ,0,0,0,0,0,0,0,0,0,-51000,0,0,0,40000,91000,-51000,-51000
065010,國巨國泰01購04  ,0,0,0,0,0,0,0,0,0,-51000,0,0,0,170000,221000,-51000,-51000
065970,燿華元大02購01  ,0,0,0,0,0,0,0,0,0,-51000,0,0,0,58000,109000,-51000,-51000
064588,玉晶光永豐9C購05,0,0,0,0,0,0,0,0,0,-51000,0,0,0,0,51000,-51000,-51000
064507,臻鼎元大9C購02  ,0,0,0,0,0,0,0,0,0,-51000,0,0,0,74000,125000,-51000,-51000
5907,大洋-KY         ,9000,60000,-51000,0,0,0,0,0,0,0,0,0,0,0,0,0,-51000
8070,長華*           ,18000,69000,-51000,0,0,0,0,0,0,0,0,0,0,0,0,0,-51000
08596P,聯發科國泰02售02,0,0,0,0,0,0,0,0,0,-52000,0,0,0,172000,224000,-52000,-52000
08560P,茂林國票01售01  ,0,0,0,0,0,0,0,0,0,-52000,0,0,0,0,52000,-52000,-52000
08119P,南亞科統一9C售03,0,0,0,0,0,0,0,0,0,-52000,0,0,0,30000,82000,-52000,-52000
07026P,超眾凱基99售03  ,0,0,0,0,0,0,0,0,0,-52000,0,0,0,0,52000,-52000,-52000
066965,鴻海元富07購07  ,0,0,0,0,0,0,0,0,0,-52000,0,0,0,0,52000,-52000,-52000
066310,長興永豐01購01  ,0,0,0,0,0,0,0,0,0,-52000,0,0,0,54000,106000,-52000,-52000
066324,仲琦永豐01購01  ,0,0,0,0,0,0,0,0,0,-52000,0,0,0,0,52000,-52000,-52000
058428,大立光元富99購02,0,0,0,0,0,0,0,0,0,-52000,0,0,0,23000,75000,-52000,-52000
057691,健策凱基99購01  ,0,0,0,0,0,0,0,0,0,-52000,0,0,0,20000,72000,-52000,-52000
062992,聯發科群益9B購09,0,0,0,0,0,0,0,0,0,-52000,0,0,0,220000,272000,-52000,-52000
061962,台積電統一01購03,0,0,0,0,0,0,0,0,0,-52000,0,0,0,80000,132000,-52000,-52000
060571,京元電永豐9A購01,0,0,0,0,0,0,0,0,0,-52000,0,0,0,47000,99000,-52000,-52000
060611,同欣電凱基9A購02,0,0,0,0,0,0,0,0,0,-52000,0,0,0,15000,67000,-52000,-52000
062639,臻鼎國票9C購01  ,0,0,0,0,0,0,0,0,0,-52000,0,0,0,24000,76000,-52000,-52000
064579,大立光富邦03購02,0,0,0,0,0,0,0,0,0,-52000,0,0,0,30000,82000,-52000,-52000
064158,健鼎統一02購01  ,0,0,0,0,0,0,0,0,0,-52000,0,0,0,0,52000,-52000,-52000
064338,美食元大9C購01  ,0,0,0,0,0,0,0,0,0,-52000,0,0,0,0,52000,-52000,-52000
063997,泰鼎群益9C購01  ,0,0,0,0,0,0,0,0,0,-52000,0,0,0,0,52000,-52000,-52000
064760,玉晶光凱基01購02,0,0,0,0,0,0,0,0,0,-52000,0,0,0,166000,218000,-52000,-52000
064799,裕隆元大9C購02  ,0,0,0,0,0,0,0,0,0,-52000,0,0,0,385000,437000,-52000,-52000
065237,茂林凱基01購01  ,0,0,0,0,0,0,0,0,0,-52000,0,0,0,10000,62000,-52000,-52000
065190,緯穎統一9C購02  ,0,0,0,0,0,0,0,0,0,-52000,0,0,0,47000,99000,-52000,-52000
066164,精元凱基01購01  ,0,0,0,0,0,0,0,0,0,-53000,0,0,0,20000,73000,-53000,-53000
066781,滬深2X中信04購01,0,0,0,0,0,0,0,0,0,-53000,0,0,0,2000,55000,-53000,-53000
066834,泰鼎群益01購01  ,0,0,0,0,0,0,0,0,0,-53000,0,0,0,0,53000,-53000,-53000
07341P,台積電凱基99售18,0,0,0,0,0,0,0,0,0,-53000,0,0,0,207000,260000,-53000,-53000
07508P,華新科國票9A售03,0,0,0,0,0,0,0,0,0,-53000,0,0,0,6000,59000,-53000,-53000
062419,台積電統一9B購15,0,0,0,0,0,0,0,0,0,-53000,0,0,0,137000,190000,-53000,-53000
061858,南電國票9B購02  ,0,0,0,0,0,0,0,0,0,-53000,0,0,0,0,53000,-53000,-53000
062016,美食永豐9B購01  ,0,0,0,0,0,0,0,0,0,-53000,0,0,0,50000,103000,-53000,-53000
063108,世紀鋼群益9C購01,0,0,0,0,0,0,0,0,0,-53000,0,0,0,0,53000,-53000,-53000
061106,群創元大9B購09  ,0,0,0,0,0,0,0,0,0,-53000,0,0,0,20000,73000,-53000,-53000
061689,國巨群益9A購12  ,0,0,0,0,0,0,0,0,0,-53000,0,0,0,16000,69000,-53000,-53000
062786,立積元大9C購03  ,0,0,0,0,0,0,0,0,0,-53000,0,0,0,7000,60000,-53000,-53000
065135,和大凱基01購01  ,0,0,0,0,0,0,0,0,0,-53000,0,0,0,0,53000,-53000,-53000
064950,美律凱基02購01  ,0,0,0,0,0,0,0,0,0,-53000,0,0,0,2000,55000,-53000,-53000
065572,泰碩群益01購01  ,0,0,0,0,0,0,0,0,0,-53000,0,0,0,68000,121000,-53000,-53000
064683,台表科兆豐9C購02,0,0,0,0,0,0,0,0,0,-53000,0,0,0,132000,185000,-53000,-53000
4999,鑫禾            ,16000,69000,-53000,0,0,0,0,0,0,0,0,0,0,0,0,0,-53000
4108,懷特            ,622000,674000,-52000,0,0,0,0,0,0,-1000,0,1000,-1000,0,0,0,-53000
2612,中航            ,1000,54000,-53000,0,0,0,0,0,0,0,0,0,0,0,0,0,-53000
07793P,同欣電元大9A售02,0,0,0,0,0,0,0,0,0,-54000,0,0,0,0,54000,-54000,-54000
08153P,台表科統一9B售01,0,0,0,0,0,0,0,0,0,-54000,0,0,0,400000,454000,-54000,-54000
08075P,聯電群益9C售01  ,0,0,0,0,0,0,0,0,0,-54000,0,0,0,2000,56000,-54000,-54000
08259P,華新科元大9C售04,0,0,0,0,0,0,0,0,0,-54000,0,0,0,0,54000,-54000,-54000
1608,華榮            ,58000,112000,-54000,0,0,0,0,0,0,0,0,0,0,0,0,0,-54000
066655,上証2X凱基03購03,0,0,0,0,0,0,0,0,0,-54000,0,0,0,0,54000,-54000,-54000
066689,技嘉台新01購01  ,0,0,0,0,0,0,0,0,0,-54000,0,0,0,0,54000,-54000,-54000
07142P,台灣50元大01售01,0,0,0,0,0,0,0,0,0,-54000,0,0,0,41000,95000,-54000,-54000
06783P,亞光元大98售03  ,0,0,0,0,0,0,0,0,0,-54000,0,0,0,0,54000,-54000,-54000
066228,嘉基國泰02購01  ,0,0,0,0,0,0,0,0,0,-54000,0,0,0,8000,62000,-54000,-54000
062501,台積電群益9C購03,0,0,0,0,0,0,0,0,0,-54000,0,0,0,65000,119000,-54000,-54000
00646,元大S&P500      ,0,3000,-3000,0,0,0,0,0,0,-51000,58000,0,58000,114000,223000,-109000,-54000
055176,大毅統一98購02  ,0,0,0,0,0,0,0,0,0,-54000,0,0,0,0,54000,-54000,-54000
056095,臻鼎元富9A購01  ,0,10000,-10000,0,0,0,0,0,0,-44000,0,0,0,195000,239000,-44000,-54000
055689,台郡凱基99購01  ,0,0,0,0,0,0,0,0,0,-54000,0,0,0,0,54000,-54000,-54000
063231,台泥元大9B購01  ,0,0,0,0,0,0,0,0,0,-54000,0,0,0,299000,353000,-54000,-54000
062091,世紀鋼元大9B購01,0,0,0,0,0,0,0,0,0,-54000,0,0,0,41000,95000,-54000,-54000
061787,華新科群益9C購01,0,0,0,0,0,0,0,0,0,-54000,0,0,0,20000,74000,-54000,-54000
064537,健鼎國票01購02  ,0,0,0,0,0,0,0,0,0,-54000,0,0,0,18000,72000,-54000,-54000
064128,國產元大9C購01  ,0,0,0,0,0,0,0,0,0,-54000,0,0,0,26000,80000,-54000,-54000
063862,世紀鋼國泰02購01,0,0,0,0,0,0,0,0,0,-54000,0,0,0,7000,61000,-54000,-54000
065838,鴻海元大03購01  ,0,0,0,0,0,0,0,0,0,-54000,0,0,0,237000,291000,-54000,-54000
065749,友訊元大9C購03  ,0,0,0,0,0,0,0,0,0,-54000,0,0,0,0,54000,-54000,-54000
2836,高雄銀          ,11000,65000,-54000,0,0,0,0,0,0,0,0,0,0,0,0,0,-54000
066256,華通元大02購02  ,0,0,0,0,0,0,0,0,0,-55000,0,0,0,16000,71000,-55000,-55000
066996,拓凱國泰03購02  ,0,0,0,0,0,0,0,0,0,-55000,0,0,0,29000,84000,-55000,-55000
07200P,臺股指元大99售16,0,0,0,0,0,0,0,0,0,-55000,0,0,0,0,55000,-55000,-55000
06912P,台光電元大99售02,0,0,0,0,0,0,0,0,0,-55000,0,0,0,0,55000,-55000,-55000
08003P,國巨國泰9B售07  ,0,0,0,0,0,0,0,0,0,-55000,0,0,0,30000,85000,-55000,-55000
08172P,台積電凱基03售02,0,0,0,0,0,0,0,0,0,-55000,0,0,0,0,55000,-55000,-55000
08191P,鴻海台新9B售03  ,0,0,0,0,0,0,0,0,0,-55000,0,0,0,0,55000,-55000,-55000
054740,強茂凱基99購01  ,0,0,0,0,0,0,0,0,0,-55000,0,0,0,0,55000,-55000,-55000
056430,鴻海凱基98購06  ,0,0,0,0,0,0,0,0,0,-55000,0,0,0,15000,70000,-55000,-55000
057837,康控國泰99購02  ,0,0,0,0,0,0,0,0,0,-55000,0,0,0,117000,172000,-55000,-55000
056843,冠德元富98購01  ,0,0,0,0,0,0,0,0,0,-55000,0,0,0,9000,64000,-55000,-55000
057087,台郡統一99購01  ,0,0,0,0,0,0,0,0,0,-55000,0,0,0,1000,56000,-55000,-55000
062158,禾伸堂凱基9B購01,0,0,0,0,0,0,0,0,0,-55000,0,0,0,0,55000,-55000,-55000
059827,晶技凱基99購03  ,0,0,0,0,0,0,0,0,0,-55000,0,0,0,2000,57000,-55000,-55000
061202,和大元大9A購02  ,0,0,0,0,0,0,0,0,0,-55000,0,0,0,0,55000,-55000,-55000
061094,彩晶統一9B購02  ,0,0,0,0,0,0,0,0,0,-55000,0,0,0,28000,83000,-55000,-55000
061682,南電元大9B購01  ,0,0,0,0,0,0,0,0,0,-55000,0,0,0,45000,100000,-55000,-55000
063578,瑞祺元大9B購03  ,0,0,0,0,0,0,0,0,0,-55000,0,0,0,185000,240000,-55000,-55000
064318,彩晶群益9C購01  ,0,0,0,0,0,0,0,0,0,-55000,0,0,0,10000,65000,-55000,-55000
064577,大立光國泰02購01,0,0,0,0,0,0,0,0,0,-55000,0,0,0,76000,131000,-55000,-55000
2505,國揚            ,2602000,2648000,-46000,0,0,0,0,0,0,-9000,0,204000,-204000,243000,48000,195000,-55000
08332P,智邦台新9C售03  ,0,0,0,0,0,0,0,0,0,-56000,0,0,0,0,56000,-56000,-56000
08728P,緯穎群益01售01  ,0,0,0,0,0,0,0,0,0,-56000,0,0,0,0,56000,-56000,-56000
06793P,臺股指凱基98售03,0,0,0,0,0,0,0,0,0,-56000,0,0,0,0,56000,-56000,-56000
06876P,台灣50兆豐9B售01,0,0,0,0,0,0,0,0,0,-56000,0,0,0,10000,66000,-56000,-56000
066573,瑞祺元大01購02  ,0,0,0,0,0,0,0,0,0,-56000,0,0,0,112000,168000,-56000,-56000
050508,上証2X元大97購01,0,0,0,0,0,0,0,0,0,-56000,0,0,0,0,56000,-56000,-56000
056333,台積電日盛9B購01,0,0,0,0,0,0,0,0,0,-56000,0,0,0,50000,106000,-56000,-56000
054785,建準群益98購01  ,0,0,0,0,0,0,0,0,0,-56000,0,0,0,40000,96000,-56000,-56000
056702,欣興國泰9A購01  ,0,0,0,0,0,0,0,0,0,-56000,0,0,0,10000,66000,-56000,-56000
061082,台光電兆豐9A購01,0,0,0,0,0,0,0,0,0,-56000,0,0,0,0,56000,-56000,-56000
060402,神隆國泰9B購01  ,0,0,0,0,0,0,0,0,0,-56000,0,0,0,66000,122000,-56000,-56000
063206,貿聯統一9C購02  ,0,0,0,0,0,0,0,0,0,-56000,0,0,0,59000,115000,-56000,-56000
059765,嘉聯益永豐99購02,0,0,0,0,0,0,0,0,0,-56000,0,0,0,3000,59000,-56000,-56000
060637,玉晶光永豐9A購03,0,0,0,0,0,0,0,0,0,-56000,0,0,0,1000,57000,-56000,-56000
064552,巨大凱基01購01  ,0,0,0,0,0,0,0,0,0,-56000,0,0,0,15000,71000,-56000,-56000
065656,聯發科國泰03購01,0,0,0,0,0,0,0,0,0,-56000,0,0,0,109000,165000,-56000,-56000
064740,台光電國票01購01,0,0,0,0,0,0,0,0,0,-56000,0,0,0,41000,97000,-56000,-56000
065067,億豐群益01購01  ,0,0,0,0,0,0,0,0,0,-56000,0,0,0,14000,70000,-56000,-56000
6715,嘉基            ,69000,154000,-85000,0,0,0,0,0,0,29000,0,0,0,29000,0,29000,-56000
9946,三發地產        ,0,56000,-56000,0,0,0,0,0,0,0,0,0,0,0,0,0,-56000
066383,臻鼎康和01購01  ,0,0,0,0,0,0,0,0,0,-57000,0,0,0,6000,63000,-57000,-57000
066265,精元元大01購01  ,0,0,0,0,0,0,0,0,0,-57000,0,0,0,20000,77000,-57000,-57000
066790,健策麥證01購01  ,0,0,0,0,57000,-57000,0,0,0,-57000,0,0,0,0,57000,-57000,-57000
08738P,TPK凱基01售02   ,0,0,0,0,0,0,0,0,0,-57000,0,0,0,0,57000,-57000,-57000
08801P,聯發科元大01售13,0,0,0,0,0,0,0,0,0,-57000,0,0,0,0,57000,-57000,-57000
08498P,大立光國票01售02,0,0,0,0,0,0,0,0,0,-57000,0,0,0,43000,100000,-57000,-57000
08037P,台表科群益9B售02,0,0,0,0,0,0,0,0,0,-57000,0,0,0,51000,108000,-57000,-57000
062314,玉晶光凱基9B購06,0,0,0,0,0,0,0,0,0,-57000,0,0,0,13000,70000,-57000,-57000
060722,矽格永豐9A購01  ,0,0,0,0,0,0,0,0,0,-57000,0,0,0,138000,195000,-57000,-57000
060503,技嘉元大9A購01  ,0,0,0,0,0,0,0,0,0,-57000,0,0,0,2000,59000,-57000,-57000
060848,聯茂國票9A購02  ,0,0,0,0,0,0,0,0,0,-57000,0,0,0,1000,58000,-57000,-57000
065062,亞光群益9C購01  ,0,0,0,0,0,0,0,0,0,-57000,0,0,0,51000,108000,-57000,-57000
064869,景碩永豐9C購01  ,0,0,0,0,0,0,0,0,0,-57000,0,0,0,11000,68000,-57000,-57000
065853,智伸科元大9C購02,0,0,0,0,0,0,0,0,0,-57000,0,0,0,110000,167000,-57000,-57000
2617,台航            ,39000,96000,-57000,0,0,0,0,0,0,0,0,0,0,0,0,0,-57000
08209P,上銀元富9B售06  ,0,0,0,0,0,0,0,0,0,-58000,0,0,0,6000,64000,-58000,-58000
07768P,緯穎群益9A售02  ,0,0,0,0,0,0,0,0,0,-58000,0,0,0,145000,203000,-58000,-58000
07070P,晶相光元富99售01,0,0,0,0,0,0,0,0,0,-58000,0,0,0,39000,97000,-58000,-58000
066108,惠特國票02購02  ,0,0,0,0,0,0,0,0,0,-58000,0,0,0,6000,64000,-58000,-58000
058431,國巨統一9B購01  ,0,0,0,0,0,0,0,0,0,-58000,0,0,0,478000,536000,-58000,-58000
060039,大立光國票99購04,0,0,0,0,0,0,0,0,0,-58000,0,0,0,10000,68000,-58000,-58000
059454,亞光永豐99購01  ,0,0,0,0,0,0,0,0,0,-58000,0,0,0,0,58000,-58000,-58000
060707,台郡富邦9A購01  ,0,0,0,0,0,0,0,0,0,-58000,0,0,0,40000,98000,-58000,-58000
060239,國揚元大9C購01  ,0,0,0,0,0,0,0,0,0,-58000,0,0,0,8000,66000,-58000,-58000
063015,微星元大9B購01  ,0,0,0,0,0,0,0,0,0,-58000,0,0,0,33000,91000,-58000,-58000
060799,茂林永豐9A購01  ,0,0,0,0,0,0,0,0,0,-58000,0,0,0,0,58000,-58000,-58000
061442,玉晶光永豐9A購07,0,0,0,0,0,0,0,0,0,-58000,0,0,0,0,58000,-58000,-58000
061325,晶技凱基9A購03  ,0,0,0,0,0,0,0,0,0,-58000,0,0,0,0,58000,-58000,-58000
063904,大立光麥證01購01,0,0,0,17000,75000,-58000,0,0,0,-58000,0,0,0,17000,75000,-58000,-58000
2514,龍邦            ,2000,60700,-58700,0,0,0,0,0,0,0,0,0,0,0,0,0,-58700
066107,惠特國票02購01  ,0,0,0,0,0,0,0,0,0,-59000,0,0,0,635000,694000,-59000,-59000
066138,健策群益01購05  ,0,0,0,0,0,0,0,0,0,-59000,0,0,0,88000,147000,-59000,-59000
066289,晶碩元大02購01  ,0,0,0,0,0,0,0,0,0,-59000,0,0,0,367000,426000,-59000,-59000
066534,華通台新01購02  ,0,0,0,0,0,0,0,0,0,-59000,0,0,0,0,59000,-59000,-59000
066448,眾達群益01購01  ,0,0,0,0,0,0,0,0,0,-59000,0,0,0,318000,377000,-59000,-59000
066660,群光凱基01購01  ,0,0,0,0,0,0,0,0,0,-59000,0,0,0,9000,68000,-59000,-59000
07482P,南亞科元富9A售04,0,0,0,0,0,0,0,0,0,-59000,0,0,0,0,59000,-59000,-59000
07634P,金像電元大9A售01,0,0,0,0,0,0,0,0,0,-59000,0,0,0,141000,200000,-59000,-59000
08363P,南亞科凱基01售01,0,0,0,0,0,0,0,0,0,-59000,0,0,0,13000,72000,-59000,-59000
08578P,TPK元大9C售04   ,0,0,0,0,0,0,0,0,0,-59000,0,0,0,0,59000,-59000,-59000
058622,國巨國票99購07  ,0,0,0,0,0,0,0,0,0,-59000,0,0,0,5000,64000,-59000,-59000
062523,世紀鋼元大9C購03,0,0,0,0,0,0,0,0,0,-59000,0,0,0,50000,109000,-59000,-59000
057894,華通元富02購02  ,0,0,0,0,0,0,0,0,0,-59000,0,0,0,15000,74000,-59000,-59000
058010,帆宣國票98購01  ,0,0,0,0,0,0,0,0,0,-59000,0,0,0,38000,97000,-59000,-59000
05953P,台積電國票98售02,0,0,0,0,0,0,0,0,0,-59000,0,0,0,116000,175000,-59000,-59000
061604,台光電凱基9B購01,0,0,0,0,0,0,0,0,0,-59000,0,0,0,10000,69000,-59000,-59000
059083,華通元大99購07  ,0,0,0,0,0,0,0,0,0,-59000,0,0,0,4000,63000,-59000,-59000
063884,台表科元富03購01,0,0,0,0,0,0,0,0,0,-59000,0,0,0,11000,70000,-59000,-59000
064396,創意永豐9C購01  ,0,0,0,0,0,0,0,0,0,-59000,0,0,0,12000,71000,-59000,-59000
065851,京鼎元大02購01  ,0,0,0,0,0,0,0,0,0,-59000,0,0,0,42000,101000,-59000,-59000
065482,立積元大01購02  ,0,0,0,0,0,0,0,0,0,-59000,0,0,0,79000,138000,-59000,-59000
065108,建準國票01購01  ,0,0,0,0,0,0,0,0,0,-59000,0,0,0,16000,75000,-59000,-59000
08783P,台積電元大01售18,0,0,0,0,0,0,0,0,0,-60000,0,0,0,600000,660000,-60000,-60000
07251P,台灣50元富01售04,0,0,0,0,0,0,0,0,0,-60000,0,0,0,0,60000,-60000,-60000
07769P,國巨國票9A售10  ,0,0,0,0,0,0,0,0,0,-60000,0,0,0,0,60000,-60000,-60000
07867P,晶技元大9B售01  ,0,0,0,0,0,0,0,0,0,-60000,0,0,0,0,60000,-60000,-60000
066627,大毅凱基03購01  ,0,0,0,0,0,0,0,0,0,-60000,0,0,0,1000,61000,-60000,-60000
066867,A50正2元富01購02,0,0,0,0,0,0,0,0,0,-60000,0,0,0,0,60000,-60000,-60000
06994P,台光電凱基99售02,0,0,0,0,0,0,0,0,0,-60000,0,0,0,0,60000,-60000,-60000
066151,大立光麥證01購02,0,0,0,0,60000,-60000,0,0,0,-60000,0,0,0,0,60000,-60000,-60000
057876,隆達元大98購01  ,0,0,0,0,0,0,0,0,0,-60000,0,0,0,0,60000,-60000,-60000
062415,聯茂中信9C購01  ,0,0,0,0,0,0,0,0,0,-60000,0,0,0,0,60000,-60000,-60000
058401,華航元大9A購01  ,0,0,0,0,0,0,0,0,0,-60000,0,0,0,0,60000,-60000,-60000
05174P,元金2X富邦9B售01,0,0,0,0,0,0,0,0,0,-60000,0,0,0,0,60000,-60000,-60000
056444,南亞科凱基99購01,0,0,0,0,0,0,0,0,0,-60000,0,0,0,0,60000,-60000,-60000
056498,A50正2富邦9B購01,0,0,0,0,0,0,0,0,0,-60000,0,0,0,20000,80000,-60000,-60000
054297,台郡元大98購01  ,0,0,0,0,0,0,0,0,0,-60000,0,0,0,14000,74000,-60000,-60000
054055,全新國票99購02  ,0,0,0,0,0,0,0,0,0,-60000,0,0,0,0,60000,-60000,-60000
061609,華新科統一9C購01,0,0,0,0,0,0,0,0,0,-60000,0,0,0,0,60000,-60000,-60000
060084,聯電元大99購02  ,0,0,0,0,0,0,0,0,0,-60000,0,0,0,10000,70000,-60000,-60000
061852,大立光國票9B購02,0,0,0,0,0,0,0,0,0,-60000,0,0,0,140000,200000,-60000,-60000
059975,元金2X元大99購02,0,0,0,0,0,0,0,0,0,-60000,0,0,0,300000,360000,-60000,-60000
062597,世紀鋼統一01購01,0,0,0,0,0,0,0,0,0,-60000,0,0,0,10000,70000,-60000,-60000
061270,彩晶凱基9A購02  ,0,0,0,0,0,0,0,0,0,-60000,0,0,0,0,60000,-60000,-60000
061511,緯穎富邦9B購02  ,0,0,0,0,0,0,0,0,0,-60000,0,0,0,145000,205000,-60000,-60000
062658,聯茂第一9B購01  ,0,0,0,0,0,0,0,0,0,-60000,0,0,0,0,60000,-60000,-60000
061228,聯茂中信9A購01  ,0,0,0,0,0,0,0,0,0,-60000,0,0,0,0,60000,-60000,-60000
062769,臺股指凱基9B購13,0,0,0,0,0,0,0,0,0,-60000,0,0,0,0,60000,-60000,-60000
063080,裕隆凱基9B購01  ,0,0,0,0,0,0,0,0,0,-60000,0,0,0,0,60000,-60000,-60000
065143,聯發科凱基9C購07,0,0,0,0,0,0,0,0,0,-60000,0,0,0,0,60000,-60000,-60000
065172,義隆元大9C購05  ,0,0,0,0,0,0,0,0,0,-60000,0,0,0,30000,90000,-60000,-60000
064351,中租元大9C購01  ,0,0,0,0,0,0,0,0,0,-60000,0,0,0,0,60000,-60000,-60000
063824,S&P反1國票9C購01,0,0,0,0,0,0,0,0,0,-60000,0,0,0,50000,110000,-60000,-60000
063914,和碩凱基9C購01  ,0,0,0,0,0,0,0,0,0,-60000,0,0,0,10000,70000,-60000,-60000
063597,健策中信9B購02  ,0,0,0,0,0,0,0,0,0,-60000,0,0,0,0,60000,-60000,-60000
063507,奇鋐群益9B購02  ,0,0,0,0,0,0,0,0,0,-60000,0,0,0,134000,194000,-60000,-60000
066846,京鼎元大01購03  ,0,0,0,0,0,0,0,0,0,-61000,0,0,0,110000,171000,-61000,-61000
08737P,聯詠凱基01售01  ,0,0,0,0,0,0,0,0,0,-61000,0,0,0,40000,101000,-61000,-61000
08450P,台積電統一9C售14,0,0,0,0,0,0,0,0,0,-61000,0,0,0,0,61000,-61000,-61000
058390,樺漢國票9A購01  ,0,0,0,0,0,0,0,0,0,-61000,0,0,0,16000,77000,-61000,-61000
057468,台郡永豐98購01  ,0,0,0,0,0,0,0,0,0,-61000,0,0,0,89000,150000,-61000,-61000
063205,貿聯統一9C購01  ,0,0,0,0,0,0,0,0,0,-61000,0,0,0,327000,388000,-61000,-61000
063407,泰鼎國票9C購01  ,0,0,0,0,0,0,0,0,0,-61000,0,0,0,25000,86000,-61000,-61000
063931,牧德統一01購02  ,0,0,0,0,0,0,0,0,0,-61000,0,0,0,42000,103000,-61000,-61000
064640,和大凱基03購01  ,0,0,0,0,0,0,0,0,0,-61000,0,0,0,0,61000,-61000,-61000
065075,葡萄王元大01購01,0,0,0,0,0,0,0,0,0,-61000,0,0,0,157000,218000,-61000,-61000
065305,泰鼎元富9C購01  ,0,0,0,0,0,0,0,0,0,-61000,0,0,0,175000,236000,-61000,-61000
065397,宏達電群益9C購03,0,0,0,0,0,0,0,0,0,-61000,0,0,0,52000,113000,-61000,-61000
2360,致茂            ,157000,190000,-33000,0,0,0,0,26000,-26000,-2000,0,6000,-6000,5000,1000,4000,-61000
3704,合勤控          ,562000,623000,-61000,0,0,0,0,0,0,0,0,0,0,0,0,0,-61000
8422,可寧衛          ,1000,62000,-61000,0,0,0,0,0,0,0,0,0,0,0,0,0,-61000
6558,興能高          ,115000,176000,-61000,0,0,0,0,0,0,0,0,0,0,0,0,0,-61000
08139P,華新科元大9B售12,0,0,0,0,0,0,0,0,0,-62000,0,0,0,0,62000,-62000,-62000
066691,京元電台新01購01,0,0,0,0,0,0,0,0,0,-62000,0,0,0,0,62000,-62000,-62000
06956P,國巨日盛99售04  ,0,0,0,0,0,0,0,0,0,-62000,0,0,0,0,62000,-62000,-62000
066405,晶碩凱基01購01  ,0,0,0,0,0,0,0,0,0,-62000,0,0,0,150000,212000,-62000,-62000
057790,台積電統一99購04,0,0,0,0,0,0,0,0,0,-62000,0,0,0,0,62000,-62000,-62000
058795,可成元大99購03  ,0,0,0,0,0,0,0,0,0,-62000,0,0,0,23000,85000,-62000,-62000
058498,世紀鋼群益99購01,0,0,0,0,0,0,0,0,0,-62000,0,0,0,0,62000,-62000,-62000
063251,同欣電元大9B購04,0,0,0,0,0,0,0,0,0,-62000,0,0,0,81000,143000,-62000,-62000
063286,嘉澤元大9B購04  ,0,0,0,0,0,0,0,0,0,-62000,0,0,0,105000,167000,-62000,-62000
059890,大立光國票99購03,0,0,0,0,0,0,0,0,0,-62000,0,0,0,0,62000,-62000,-62000
061620,禾伸堂群益9A購02,0,0,0,0,0,0,0,0,0,-62000,0,0,0,15000,77000,-62000,-62000
065872,漢翔群益9C購01  ,0,0,0,0,0,0,0,0,0,-62000,0,0,0,0,62000,-62000,-62000
065357,立積元富03購01  ,0,0,0,0,0,0,0,0,0,-62000,0,0,0,1000,63000,-62000,-62000
064731,台郡統一01購02  ,0,0,0,0,0,0,0,0,0,-62000,0,0,0,249000,311000,-62000,-62000
8131,福懋科          ,95000,154000,-59000,0,0,0,0,2000,-2000,-1000,0,0,0,0,1000,-1000,-62000
2109,華豐            ,0,62000,-62000,0,0,0,0,0,0,0,0,0,0,0,0,0,-62000
06658P,台灣50富邦9C售01,0,0,0,0,0,0,0,0,0,-63000,0,0,0,19000,82000,-63000,-63000
067054,台積電台新01購03,0,0,0,0,0,0,0,0,0,-63000,0,0,0,699000,762000,-63000,-63000
07875P,祥碩群益9B售01  ,0,0,0,0,0,0,0,0,0,-63000,0,0,0,0,63000,-63000,-63000
00663L,國泰臺灣加權正2 ,0,15000,-15000,0,0,0,0,0,0,-48000,0,0,0,26000,74000,-48000,-63000
00710B,FH彭博高收益債  ,1000,0,1000,0,0,0,0,0,0,-64000,0,0,0,100000,164000,-64000,-63000
058763,和碩群益99購01  ,0,0,0,0,0,0,0,0,0,-63000,0,0,0,45000,108000,-63000,-63000
058468,聯茂中信99購02  ,0,0,0,0,0,0,0,0,0,-63000,0,0,0,0,63000,-63000,-63000
057599,技嘉群益9A購01  ,0,0,0,0,0,0,0,0,0,-63000,0,0,0,27000,90000,-63000,-63000
062606,聯電凱基9C購02  ,0,0,0,0,0,0,0,0,0,-63000,0,0,0,138000,201000,-63000,-63000
062695,華通元大9C購01  ,0,0,0,0,0,0,0,0,0,-63000,0,0,0,0,63000,-63000,-63000
062669,微星中信03購01  ,0,0,0,0,0,0,0,0,0,-63000,0,0,0,35000,98000,-63000,-63000
065175,大立光元大01購05,0,0,0,0,0,0,0,0,0,-63000,0,0,0,1000,64000,-63000,-63000
064340,大立光元大9C購17,0,0,0,0,0,0,0,0,0,-63000,0,0,0,2000,65000,-63000,-63000
064154,大立光統一01購04,0,0,0,0,0,0,0,0,0,-63000,0,0,0,0,63000,-63000,-63000
063612,金像電群益9B購04,0,0,0,0,0,0,0,0,0,-63000,0,0,0,202000,265000,-63000,-63000
1707,葡萄王          ,41000,104000,-63000,0,0,0,0,0,0,-1000,0,2000,-2000,1000,0,1000,-64000
07127P,精元元大99售01  ,0,0,0,0,0,0,0,0,0,-64000,0,0,0,10000,74000,-64000,-64000
07163P,臺股指群益99售14,0,0,0,0,0,0,0,0,0,-64000,0,0,0,260000,324000,-64000,-64000
066690,瑞昱台新01購01  ,0,0,0,0,0,0,0,0,0,-64000,0,0,0,2000,66000,-64000,-64000
066497,大立光國泰03購02,0,0,0,0,0,0,0,0,0,-64000,0,0,0,0,64000,-64000,-64000
066357,昇陽半永豐01購01,0,0,0,0,0,0,0,0,0,-64000,0,0,0,0,64000,-64000,-64000
066131,群光群益02購01  ,0,0,0,0,0,0,0,0,0,-64000,0,0,0,157000,221000,-64000,-64000
057536,康控元大99購03  ,0,0,0,0,0,0,0,0,0,-64000,0,0,0,7000,71000,-64000,-64000
020015,統一MSCI美低波N ,0,0,0,0,0,0,0,0,0,-64000,0,0,0,57000,121000,-64000,-64000
063100,聚陽群益9C購02  ,0,0,0,0,0,0,0,0,0,-64000,0,0,0,114000,178000,-64000,-64000
061876,明泰元大9B購01  ,0,0,0,0,0,0,0,0,0,-64000,0,0,0,6000,70000,-64000,-64000
062834,立積群益9B購02  ,0,0,0,0,0,0,0,0,0,-64000,0,0,0,0,64000,-64000,-64000
059297,大立光元富9C購01,0,0,0,0,0,0,0,0,0,-64000,0,0,0,127000,191000,-64000,-64000
061617,微星群益9A購02  ,0,0,0,0,0,0,0,0,0,-64000,0,0,0,97000,161000,-64000,-64000
060156,光磊永豐9A購01  ,0,0,0,0,0,0,0,0,0,-64000,0,0,0,10000,74000,-64000,-64000
060164,合勤控永豐9A購01,0,0,0,0,0,0,0,0,0,-64000,0,0,0,23000,87000,-64000,-64000
063919,大立光元富03購01,0,0,0,0,0,0,0,0,0,-64000,0,0,0,20000,84000,-64000,-64000
064620,大立光元大01購03,0,0,0,0,0,0,0,0,0,-64000,0,0,0,71000,135000,-64000,-64000
064754,漢唐凱基02購01  ,0,0,0,0,0,0,0,0,0,-64000,0,0,0,0,64000,-64000,-64000
06878P,台灣50日盛9B售01,0,0,0,0,0,0,0,0,0,-65000,0,0,0,0,65000,-65000,-65000
08628P,微星中信9C售01  ,0,0,0,0,0,0,0,0,0,-65000,0,0,0,240000,305000,-65000,-65000
07871P,台積電群益9C售02,0,0,0,0,0,0,0,0,0,-65000,0,0,0,0,65000,-65000,-65000
07473P,祥碩元大9A售01  ,0,0,0,0,0,0,0,0,0,-65000,0,0,0,0,65000,-65000,-65000
03448B,臺股指元大9C熊11,0,0,0,0,0,0,0,0,0,-65000,0,0,0,260000,325000,-65000,-65000
055232,泰碩國票98購01  ,0,0,0,0,0,0,0,0,0,-65000,0,0,0,0,65000,-65000,-65000
058215,貿聯群益99購02  ,0,0,0,0,0,0,0,0,0,-65000,0,0,0,10000,75000,-65000,-65000
057353,玉晶光統一99購01,0,0,0,0,0,0,0,0,0,-65000,0,0,0,0,65000,-65000,-65000
058513,宏達電元大99購05,0,0,0,0,0,0,0,0,0,-65000,0,0,0,5000,70000,-65000,-65000
056979,微星群益98購01  ,0,0,0,0,0,0,0,0,0,-65000,0,0,0,10000,75000,-65000,-65000
057577,廣宇中信9A購01  ,0,0,0,0,0,0,0,0,0,-65000,0,0,0,30000,95000,-65000,-65000
057672,茂林元大98購02  ,0,0,0,0,0,0,0,0,0,-65000,0,0,0,3000,68000,-65000,-65000
058150,中502X統一9B購01,0,0,0,0,0,0,0,0,0,-65000,0,0,0,0,65000,-65000,-65000
061532,和大統一9C購02  ,0,0,0,0,0,0,0,0,0,-65000,0,0,0,35000,100000,-65000,-65000
059955,美食康和99購01  ,0,0,0,0,0,0,0,0,0,-65000,0,0,0,0,65000,-65000,-65000
062007,台光電國泰9C購01,0,0,0,0,0,0,0,0,0,-65000,0,0,0,15000,80000,-65000,-65000
063130,聯茂元大9B購02  ,0,0,0,0,0,0,0,0,0,-65000,0,0,0,46000,111000,-65000,-65000
061067,貿聯凱基9A購03  ,0,0,0,0,0,0,0,0,0,-65000,0,0,0,114000,179000,-65000,-65000
064604,聯茂元富9C購01  ,0,0,0,0,0,0,0,0,0,-65000,0,0,0,0,65000,-65000,-65000
063481,緯穎元大9B購08  ,0,0,0,0,0,0,0,0,0,-65000,0,0,0,13000,78000,-65000,-65000
07838P,泰碩元大9A售04  ,0,0,0,0,0,0,0,0,0,-66000,0,0,0,5000,71000,-66000,-66000
08666P,智邦國票02售01  ,0,0,0,0,0,0,0,0,0,-66000,0,0,0,0,66000,-66000,-66000
08711P,鴻海元富07售04  ,0,0,0,0,0,0,0,0,0,-66000,0,0,0,0,66000,-66000,-66000
066683,和碩兆豐01購01  ,0,0,0,0,0,0,0,0,0,-66000,0,0,0,214000,280000,-66000,-66000
066013,友訊元富01購02  ,0,0,0,0,0,0,0,0,0,-66000,0,0,0,32000,98000,-66000,-66000
062660,神隆群益9B購02  ,0,0,0,0,0,0,0,0,0,-66000,0,0,0,4000,70000,-66000,-66000
061198,世紀鋼永豐9A購03,0,0,0,0,0,0,0,0,0,-66000,0,0,0,0,66000,-66000,-66000
063320,旭富群益9B購03  ,0,0,0,0,0,0,0,0,0,-66000,0,0,0,0,66000,-66000,-66000
061984,華新科元大9B購05,0,0,0,0,0,0,0,0,0,-66000,0,0,0,2000,68000,-66000,-66000
060667,力成凱基9A購01  ,0,0,0,0,0,0,0,0,0,-66000,0,0,0,40000,106000,-66000,-66000
4935,茂林-KY         ,258000,138000,120000,0,0,0,180000,393000,-213000,27000,44000,0,44000,16000,33000,-17000,-66000
6525,捷敏-KY         ,3000,39000,-36000,0,0,0,0,30000,-30000,0,0,0,0,0,0,0,-66000
066914,樺漢凱基02購01  ,0,0,0,0,0,0,0,0,0,-67000,0,0,0,0,67000,-67000,-67000
06813P,友訊元富98售03  ,0,0,0,0,0,0,0,0,0,-67000,0,0,0,43000,110000,-67000,-67000
08703P,華碩凱基01售02  ,0,0,0,0,0,0,0,0,0,-67000,0,0,0,0,67000,-67000,-67000
08256P,台積電元大9C售02,0,0,0,0,0,0,0,0,0,-67000,0,0,0,65000,132000,-67000,-67000
056960,光罩永豐98購01  ,0,0,0,0,0,0,0,0,0,-67000,0,0,0,0,67000,-67000,-67000
057423,台郡凱基98購06  ,0,0,0,0,0,0,0,0,0,-67000,0,0,0,0,67000,-67000,-67000
058851,大立光群益99購07,0,0,0,0,0,0,0,0,0,-67000,0,0,0,13000,80000,-67000,-67000
060197,臻鼎元富9A購02  ,0,0,0,0,0,0,0,0,0,-67000,0,0,0,0,67000,-67000,-67000
059100,元油2X統一9C購02,0,0,0,0,0,0,0,0,0,-67000,0,0,0,344000,411000,-67000,-67000
062557,台光電凱基9B購02,0,0,0,0,0,0,0,0,0,-67000,0,0,0,65000,132000,-67000,-67000
064717,台積電統一01購08,0,0,0,0,0,0,0,0,0,-67000,0,0,0,58000,125000,-67000,-67000
064930,南六統一02購02  ,0,0,0,0,0,0,0,0,0,-67000,0,0,0,3000,70000,-67000,-67000
065416,華通國票01購02  ,0,0,0,0,0,0,0,0,0,-67000,0,0,0,1000,68000,-67000,-67000
2204,中華            ,72507,140000,-67493,0,0,0,0,0,0,0,0,0,0,0,0,0,-67493
06683P,訊芯元大98售07  ,0,0,0,0,0,0,0,0,0,-68000,0,0,0,0,68000,-68000,-68000
066052,景碩元大02購01  ,0,0,0,0,0,0,0,0,0,-68000,0,0,0,7000,75000,-68000,-68000
066318,友訊永豐01購01  ,0,0,0,0,0,0,0,0,0,-68000,0,0,0,0,68000,-68000,-68000
05890P,彩晶元大99售01  ,0,0,0,0,0,0,0,0,0,-68000,0,0,0,32000,100000,-68000,-68000
058187,泰碩永豐99購01  ,0,0,0,0,0,0,0,0,0,-68000,0,0,0,0,68000,-68000,-68000
057371,可成元大98購08  ,0,0,0,0,0,0,0,0,0,-68000,0,0,0,32000,100000,-68000,-68000
056395,玉晶光永豐9B購01,0,0,0,0,0,0,0,0,0,-68000,0,0,0,25000,93000,-68000,-68000
01010T,京城樂富R1      ,0,0,0,0,0,0,0,0,0,-68000,0,68000,-68000,0,0,0,-68000
062445,大立光元大9C購02,0,0,0,0,0,0,0,0,0,-68000,0,0,0,0,68000,-68000,-68000
062251,旺宏元大9B購06  ,0,0,0,0,0,0,0,0,0,-68000,0,0,0,0,68000,-68000,-68000
063317,大立光群益9B購06,0,0,0,0,0,0,0,0,0,-68000,0,0,0,14000,82000,-68000,-68000
060401,世紀鋼國票9B購01,0,0,0,0,0,0,0,0,0,-68000,0,0,0,2000,70000,-68000,-68000
061687,大成鋼群益9A購01,0,0,0,0,0,0,0,0,0,-68000,0,0,0,82000,150000,-68000,-68000
065505,健鼎永豐9C購01  ,0,0,0,0,0,0,0,0,0,-68000,0,0,0,0,68000,-68000,-68000
065589,景碩永豐9C購02  ,0,0,0,0,0,0,0,0,0,-68000,0,0,0,0,68000,-68000,-68000
064980,牧德元大01購01  ,0,0,0,0,0,0,0,0,0,-68000,0,0,0,0,68000,-68000,-68000
065208,義隆國票01購01  ,0,0,0,0,0,0,0,0,0,-68000,0,0,0,22000,90000,-68000,-68000
064483,瑞儀永豐9C購01  ,0,0,0,0,0,0,0,0,0,-68000,0,0,0,108000,176000,-68000,-68000
3045,台灣大          ,1805605,1915000,-109395,0,0,0,189000,30000,159000,-118000,20000,127000,-107000,0,11000,-11000,-68395
066818,力成兆豐01購01  ,0,0,0,0,0,0,0,0,0,-69000,0,0,0,167000,236000,-69000,-69000
06798P,臺股指凱基98售08,0,0,0,0,0,0,0,0,0,-69000,0,0,0,16000,85000,-69000,-69000
07149P,健鼎元大99售03  ,0,0,0,0,0,0,0,0,0,-69000,0,0,0,0,69000,-69000,-69000
07050P,宏達電中信9B售01,0,0,0,0,0,0,0,0,0,-69000,0,0,0,1000,70000,-69000,-69000
08157P,大立光元富9B售06,0,0,0,0,0,0,0,0,0,-69000,0,0,0,125000,194000,-69000,-69000
07955P,大成鋼群益9B售02,0,0,0,0,0,0,0,0,0,-69000,0,0,0,31000,100000,-69000,-69000
062498,華通群益9C購04  ,0,0,0,0,0,0,0,0,0,-69000,0,0,0,4000,73000,-69000,-69000
057717,友訊元富98購02  ,0,0,0,0,0,0,0,0,0,-69000,0,0,0,61000,130000,-69000,-69000
057279,國揚元大98購01  ,0,0,0,0,0,0,0,0,0,-69000,0,0,0,12000,81000,-69000,-69000
00770,國泰北美科技    ,0,138000,-138000,0,0,0,0,0,0,69000,0,0,0,204000,135000,69000,-69000
03689C,T50反1元大02牛01,0,0,0,0,0,0,0,0,0,-69000,0,0,0,90000,159000,-69000,-69000
056769,國產元大98購01  ,0,0,0,0,0,0,0,0,0,-69000,0,0,0,0,69000,-69000,-69000
061716,瑞儀凱基9B購01  ,0,0,0,0,0,0,0,0,0,-69000,0,0,0,2000,71000,-69000,-69000
063664,漢唐統一9C購01  ,0,0,0,0,0,0,0,0,0,-69000,0,0,0,102000,171000,-69000,-69000
065128,大成鋼兆豐9C購01,0,0,0,0,0,0,0,0,0,-69000,0,0,0,1000,70000,-69000,-69000
064813,祥碩元大9C購05  ,0,0,0,0,0,0,0,0,0,-69000,0,0,0,35000,104000,-69000,-69000
6591,動力-KY         ,160000,228000,-68000,0,0,0,0,0,0,-1000,0,1000,-1000,0,0,0,-69000
08134P,臺股指元大9B售40,0,0,0,0,0,0,0,0,0,-70000,0,0,0,0,70000,-70000,-70000
08277P,嘉晶元富9C售02  ,0,0,0,0,0,0,0,0,0,-70000,0,0,0,0,70000,-70000,-70000
08766P,臺股指中信03售03,0,0,0,0,0,0,0,0,0,-70000,0,0,0,0,70000,-70000,-70000
1472,三洋紡          ,0,70000,-70000,0,0,0,0,0,0,0,0,0,0,0,0,0,-70000
067016,康控富邦04購01  ,0,0,0,0,0,0,0,0,0,-70000,0,0,0,82000,152000,-70000,-70000
06685P,鴻海國泰9A售01  ,0,0,0,0,0,0,0,0,0,-70000,0,0,0,10000,80000,-70000,-70000
066901,台虹康和01購01  ,0,0,0,0,0,0,0,0,0,-70000,0,0,0,10000,80000,-70000,-70000
066662,建準凱基02購01  ,0,0,0,0,0,0,0,0,0,-70000,0,0,0,0,70000,-70000,-70000
066686,鴻海元富07購05  ,0,0,0,0,0,0,0,0,0,-70000,0,0,0,0,70000,-70000,-70000
06638P,鴻海統一99售02  ,0,0,0,0,0,0,0,0,0,-70000,0,0,0,0,70000,-70000,-70000
066203,景碩統一03購01  ,0,0,0,0,0,0,0,0,0,-70000,0,0,0,0,70000,-70000,-70000
03449B,臺股指元大01熊01,0,0,0,0,0,0,0,0,0,-70000,0,0,0,415000,485000,-70000,-70000
03433B,臺股指元大9C熊01,0,0,0,0,0,0,0,0,0,-70000,0,0,0,0,70000,-70000,-70000
055524,鴻海群益98購01  ,0,0,0,0,0,0,0,0,0,-70000,0,0,0,0,70000,-70000,-70000
056320,京鼎群益99購01  ,0,0,0,0,0,0,0,0,0,-70000,0,0,0,0,70000,-70000,-70000
057611,技嘉元富98購02  ,0,0,0,0,0,0,0,0,0,-70000,0,0,0,27000,97000,-70000,-70000
062243,臺指反元大02購04,0,0,0,0,0,0,0,0,0,-70000,0,0,0,0,70000,-70000,-70000
061150,國巨群益9A購09  ,0,0,0,0,0,0,0,0,0,-70000,0,0,0,31000,101000,-70000,-70000
062718,技嘉凱基9B購01  ,0,0,0,0,0,0,0,0,0,-70000,0,0,0,89000,159000,-70000,-70000
063043,台灣50兆豐9B購02,0,0,0,0,0,0,0,0,0,-70000,0,0,0,30000,100000,-70000,-70000
059529,華新科凱基9A購04,0,0,0,0,0,0,0,0,0,-70000,0,0,0,10000,80000,-70000,-70000
059987,大立光元大99購28,0,0,0,0,0,0,0,0,0,-70000,0,0,0,55000,125000,-70000,-70000
065968,國巨元大02購01  ,0,0,0,0,0,0,0,0,0,-70000,0,0,0,5000,75000,-70000,-70000
063838,上銀元大9C購01  ,0,0,0,0,0,0,0,0,0,-70000,0,0,0,0,70000,-70000,-70000
064300,英業達兆豐9C購01,0,0,0,0,0,0,0,0,0,-70000,0,0,0,53000,123000,-70000,-70000
066234,群光富邦04購01  ,0,0,0,0,0,0,0,0,0,-71000,0,0,0,240000,311000,-71000,-71000
066394,建準凱基01購01  ,0,0,0,0,0,0,0,0,0,-71000,0,0,0,30000,101000,-71000,-71000
08815P,聯發科國泰03售03,0,0,0,0,0,0,0,0,0,-71000,0,0,0,0,71000,-71000,-71000
07652P,臺股指中信9A售07,0,0,0,0,0,0,0,0,0,-71000,0,0,0,84000,155000,-71000,-71000
062191,台郡元大9B購05  ,0,0,0,0,0,0,0,0,0,-71000,0,0,0,20000,91000,-71000,-71000
058318,致茂永豐9A購01  ,0,0,0,0,0,0,0,0,0,-71000,0,0,0,4000,75000,-71000,-71000
055323,貿聯國票98購01  ,0,0,0,0,0,0,0,0,0,-71000,0,0,0,0,71000,-71000,-71000
056503,楠梓電永豐98購01,0,0,0,0,0,0,0,0,0,-71000,0,0,0,10000,81000,-71000,-71000
059626,台積電凱基01購01,0,0,0,0,0,0,0,0,0,-71000,0,0,0,5000,76000,-71000,-71000
060745,京元電國票9A購01,0,0,0,0,0,0,0,0,0,-71000,0,0,0,79000,150000,-71000,-71000
062545,嘉晶永豐9B購01  ,0,0,0,0,0,0,0,0,0,-71000,0,0,0,4000,75000,-71000,-71000
061546,大立光群益9A購05,0,0,0,0,0,0,0,0,0,-71000,0,0,0,24000,95000,-71000,-71000
065945,鴻海統一02購01  ,0,0,0,0,0,0,0,0,0,-71000,0,0,0,134000,205000,-71000,-71000
065635,智伸科國票01購02,0,0,0,0,0,0,0,0,0,-71000,0,0,0,23000,94000,-71000,-71000
065040,燿華凱基9C購01  ,0,0,0,0,0,0,0,0,0,-71000,0,0,0,0,71000,-71000,-71000
2468,華經            ,43000,114000,-71000,0,0,0,0,0,0,0,0,0,0,0,0,0,-71000
2480,敦陽科          ,25000,88000,-63000,0,0,0,0,0,0,-8000,0,0,0,0,8000,-8000,-71000
07672P,南電元大9A售05  ,0,0,0,0,0,0,0,0,0,-72000,0,0,0,70000,142000,-72000,-72000
08611P,聯發科凱基01售08,0,0,0,0,0,0,0,0,0,-72000,0,0,0,136000,208000,-72000,-72000
08566P,禾伸堂群益9C售01,0,0,0,0,0,0,0,0,0,-72000,0,0,0,0,72000,-72000,-72000
066928,台達電國票01購02,0,0,0,0,0,0,0,0,0,-72000,0,0,0,5000,77000,-72000,-72000
056962,技嘉永豐98購01  ,0,0,0,0,0,0,0,0,0,-72000,0,0,0,76000,148000,-72000,-72000
062319,南六凱基9B購02  ,0,0,0,0,0,0,0,0,0,-72000,0,0,0,0,72000,-72000,-72000
059054,國巨凱基99購11  ,0,0,0,0,0,0,0,0,0,-72000,0,0,0,12000,84000,-72000,-72000
063362,台表科國泰01購03,0,0,0,0,0,0,0,0,0,-72000,0,0,0,264000,336000,-72000,-72000
063184,台光電凱基9B購03,0,0,0,0,0,0,0,0,0,-72000,0,0,0,35000,107000,-72000,-72000
060791,聯茂富邦9A購02  ,0,0,0,0,0,0,0,0,0,-72000,0,0,0,1000,73000,-72000,-72000
061023,茂林國泰9B購02  ,0,0,0,0,0,0,0,0,0,-72000,0,0,0,6000,78000,-72000,-72000
061679,健策元大9B購04  ,0,0,0,0,0,0,0,0,0,-72000,0,0,0,2000,74000,-72000,-72000
065667,台光電凱基01購01,0,0,0,0,0,0,0,0,0,-72000,0,0,0,60000,132000,-72000,-72000
065751,台光電元大9C購06,0,0,0,0,0,0,0,0,0,-72000,0,0,0,208000,280000,-72000,-72000
2106,建大            ,92000,164601,-72601,0,0,0,0,0,0,0,0,0,0,0,0,0,-72601
1513,中興電          ,276000,284000,-8000,0,0,0,0,0,0,-65000,16000,0,16000,0,81000,-81000,-73000
058615,矽創元大99購01  ,0,0,0,0,0,0,0,0,0,-73000,0,0,0,43000,116000,-73000,-73000
056375,玉晶光統一01購01,0,0,0,0,0,0,0,0,0,-73000,0,0,0,8000,81000,-73000,-73000
063016,微星元大9C購02  ,0,0,0,0,0,0,0,0,0,-73000,0,0,0,10000,83000,-73000,-73000
059009,世紀鋼元大99購04,0,0,0,0,0,0,0,0,0,-73000,0,0,0,46000,119000,-73000,-73000
061776,晶技國票9B購01  ,0,0,0,0,0,0,0,0,0,-73000,0,0,0,0,73000,-73000,-73000
065932,世紀鋼國票02購01,0,0,0,0,0,0,0,0,0,-73000,0,0,0,0,73000,-73000,-73000
065252,玉晶光永豐9C購08,0,0,0,0,0,0,0,0,0,-73000,0,0,0,18000,91000,-73000,-73000
3583,辛耘            ,29000,100000,-71000,0,0,0,0,0,0,-2000,0,2000,-2000,0,0,0,-73000
1541,錩泰            ,39000,109000,-70000,0,0,0,0,0,0,-4000,0,4000,-4000,0,0,0,-74000
08799P,台積電元大01售19,0,0,0,0,0,0,0,0,0,-74000,0,0,0,600000,674000,-74000,-74000
066549,京元電元大01購03,0,0,0,0,0,0,0,0,0,-74000,0,0,0,139000,213000,-74000,-74000
061544,大毅群益9B購02  ,0,0,0,0,0,0,0,0,0,-74000,0,0,0,98000,172000,-74000,-74000
059844,大立光富邦9C購04,0,0,0,0,0,0,0,0,0,-74000,0,0,0,0,74000,-74000,-74000
065171,燿華元大9C購04  ,0,0,0,0,0,0,0,0,0,-74000,0,0,0,105000,179000,-74000,-74000
065027,玉晶光中信03購01,0,0,0,0,0,0,0,0,0,-74000,0,0,0,47000,121000,-74000,-74000
3027,盛達            ,425000,499000,-74000,0,0,0,0,0,0,0,0,0,0,0,0,0,-74000
066220,矽格台新01購01  ,0,0,0,0,0,0,0,0,0,-75000,0,0,0,30000,105000,-75000,-75000
067041,國巨凱基04購02  ,0,0,0,0,0,0,0,0,0,-75000,0,0,0,0,75000,-75000,-75000
066986,健策群益02購02  ,0,0,0,0,0,0,0,0,0,-75000,0,0,0,13000,88000,-75000,-75000
067080,群創元大01購04  ,0,0,0,0,0,0,0,0,0,-75000,0,0,0,42000,117000,-75000,-75000
08795P,聯發科凱基01售11,0,0,0,0,0,0,0,0,0,-75000,0,0,0,0,75000,-75000,-75000
08321P,世芯永豐9C售01  ,0,0,0,0,0,0,0,0,0,-75000,0,0,0,0,75000,-75000,-75000
07993P,寶成群益9B售01  ,0,0,0,0,0,0,0,0,0,-75000,0,0,0,0,75000,-75000,-75000
056386,TPK國泰99購01   ,0,0,0,0,0,0,0,0,0,-75000,0,0,0,0,75000,-75000,-75000
058487,晶技國票9A購01  ,0,0,0,0,0,0,0,0,0,-75000,0,0,0,0,75000,-75000,-75000
058779,大立光國票9A購02,0,0,0,0,0,0,0,0,0,-75000,0,0,0,97000,172000,-75000,-75000
059223,大立光元大99購14,0,0,0,0,0,0,0,0,0,-75000,0,0,0,47000,122000,-75000,-75000
061567,華通元大9A購11  ,0,0,0,0,0,0,0,0,0,-75000,0,0,0,50000,125000,-75000,-75000
059061,晶技凱基9A購01  ,0,0,0,0,0,0,0,0,0,-75000,0,0,0,115000,190000,-75000,-75000
064845,華通元富9C購02  ,0,0,0,0,0,0,0,0,0,-75000,0,0,0,7000,82000,-75000,-75000
065920,日月光凱基02購01,0,0,0,0,0,0,0,0,0,-75000,0,0,0,5000,80000,-75000,-75000
065740,聯發科麥證9C購05,0,0,0,17000,92000,-75000,0,0,0,-75000,0,0,0,17000,92000,-75000,-75000
2359,所羅門          ,50000,125000,-75000,0,0,0,0,0,0,0,0,0,0,0,0,0,-75000
2939,凱羿-KY         ,26000,101000,-75000,0,0,0,0,0,0,0,0,0,0,0,0,0,-75000
08793P,聯詠中信07售02  ,0,0,0,0,0,0,0,0,0,-76000,0,0,0,0,76000,-76000,-76000
066066,鴻海凱基01購05  ,0,0,0,0,0,0,0,0,0,-76000,0,0,0,0,76000,-76000,-76000
066380,瑞昱康和01購02  ,0,0,0,0,0,0,0,0,0,-76000,0,0,0,0,76000,-76000,-76000
057684,聯茂日盛99購01  ,0,0,0,0,0,0,0,0,0,-76000,0,0,0,0,76000,-76000,-76000
058831,茂林永豐99購01  ,0,0,0,0,0,0,0,0,0,-76000,0,0,0,44000,120000,-76000,-76000
056716,康舒永豐98購01  ,0,0,0,0,0,0,0,0,0,-76000,0,0,0,88000,164000,-76000,-76000
063113,聯茂兆豐9B購01  ,0,0,0,0,0,0,0,0,0,-76000,0,0,0,10000,86000,-76000,-76000
061351,智伸科元大9A購01,0,0,0,0,0,0,0,0,0,-76000,0,0,0,0,76000,-76000,-76000
060815,茂林凱基9B購01  ,0,0,0,0,0,0,0,0,0,-76000,0,0,0,0,76000,-76000,-76000
065702,聯發科群益9C購14,0,0,0,0,0,0,0,0,0,-76000,0,0,0,10000,86000,-76000,-76000
3033,威健            ,3000,79000,-76000,0,0,0,0,0,0,0,0,0,0,0,0,0,-76000
066610,台積電麥證01購02,0,0,0,607000,384000,223000,0,0,0,-77000,0,0,0,607000,684000,-77000,-77000
08524P,奇力新元大9C售01,0,0,0,0,0,0,0,0,0,-77000,0,0,0,10000,87000,-77000,-77000
1103,嘉泥            ,39000,116000,-77000,0,0,0,0,0,0,0,0,0,0,0,0,0,-77000
07944P,華新科元大9B售08,0,0,0,0,0,0,0,0,0,-77000,0,0,0,60000,137000,-77000,-77000
062388,旭富國泰01購01  ,0,0,0,0,0,0,0,0,0,-77000,0,0,0,122000,199000,-77000,-77000
062934,大成鋼凱基9B購02,0,0,0,0,0,0,0,0,0,-77000,0,0,0,31000,108000,-77000,-77000
060215,柏文康和9A購01  ,0,0,0,0,0,0,0,0,0,-77000,0,0,0,0,77000,-77000,-77000
065761,中租元大9C購02  ,0,0,0,0,0,0,0,0,0,-77000,0,0,0,0,77000,-77000,-77000
065890,台積電統一03購01,0,0,0,0,0,0,0,0,0,-77000,0,0,0,23000,100000,-77000,-77000
065680,聯發科統一9C購16,0,0,0,0,0,0,0,0,0,-77000,0,0,0,119000,196000,-77000,-77000
065396,微星群益01購01  ,0,0,0,0,0,0,0,0,0,-77000,0,0,0,130000,207000,-77000,-77000
065383,南電元大01購02  ,0,1000,-1000,0,0,0,0,0,0,-76000,0,0,0,4000,80000,-76000,-77000
065253,和大元大01購02  ,0,0,0,0,0,0,0,0,0,-77000,0,0,0,285000,362000,-77000,-77000
063830,智伸科國票01購01,0,0,0,0,0,0,0,0,0,-77000,0,0,0,0,77000,-77000,-77000
063898,旭富群益9C購01  ,0,0,0,0,0,0,0,0,0,-77000,0,0,0,6000,83000,-77000,-77000
066432,南六元大01購02  ,0,0,0,0,0,0,0,0,0,-78000,0,0,0,42000,120000,-78000,-78000
062226,臻鼎統一9B購01  ,0,0,0,0,0,0,0,0,0,-78000,0,0,0,105000,183000,-78000,-78000
057422,欣興凱基98購04  ,0,0,0,0,0,0,0,0,0,-78000,0,0,0,0,78000,-78000,-78000
058246,帆宣元大99購01  ,0,0,0,0,0,0,0,0,0,-78000,0,0,0,2000,80000,-78000,-78000
060120,聯電富邦9B購01  ,0,0,0,0,0,0,0,0,0,-78000,0,0,0,0,78000,-78000,-78000
063219,友達群益9B購03  ,0,0,0,0,0,0,0,0,0,-78000,0,0,0,10000,88000,-78000,-78000
063627,上銀元大9B購09  ,0,0,0,0,0,0,0,0,0,-78000,0,0,0,0,78000,-78000,-78000
063547,大立光兆豐9B購04,0,0,0,0,0,0,0,0,0,-78000,0,0,0,5000,83000,-78000,-78000
063378,茂林永豐9B購02  ,0,0,0,0,0,0,0,0,0,-78000,0,0,0,0,78000,-78000,-78000
065362,華通元大9C購06  ,0,0,0,0,0,0,0,0,0,-78000,0,0,0,15000,93000,-78000,-78000
065931,瑞祺國票02購01  ,0,0,0,0,0,0,0,0,0,-78000,0,0,0,0,78000,-78000,-78000
1109,信大            ,3000,82000,-79000,0,0,0,0,0,0,0,0,0,0,0,0,0,-79000
062289,緯穎群益9B購01  ,0,0,0,0,0,0,0,0,0,-79000,0,0,0,23000,102000,-79000,-79000
056813,聯茂統一99購01  ,0,0,0,0,0,0,0,0,0,-79000,0,0,0,0,79000,-79000,-79000
057969,緯穎國泰99購01  ,0,0,0,0,0,0,0,0,0,-79000,0,0,0,35000,114000,-79000,-79000
059097,世紀鋼元大99購05,0,0,0,0,0,0,0,0,0,-79000,0,0,0,4000,83000,-79000,-79000
059922,大立光元大99購25,0,0,0,0,0,0,0,0,0,-79000,0,0,0,36000,115000,-79000,-79000
065612,聯茂元大9C購07  ,0,0,0,0,0,0,0,0,0,-79000,0,0,0,57000,136000,-79000,-79000
064772,FBVIX群益9C購04 ,0,0,0,0,0,0,0,0,0,-79000,0,0,0,1000,80000,-79000,-79000
08677P,超眾群益01售02  ,0,0,0,0,0,0,0,0,0,-80000,0,0,0,0,80000,-80000,-80000
07587P,台灣50國票9A售11,0,0,0,0,0,0,0,0,0,-80000,0,0,0,0,80000,-80000,-80000
08312P,旺宏國票01售01  ,0,0,0,0,0,0,0,0,0,-80000,0,0,0,0,80000,-80000,-80000
066362,瑞昱中信05購01  ,0,0,0,0,0,0,0,0,0,-80000,0,0,0,5000,85000,-80000,-80000
066483,瑞昱元富01購01  ,0,0,0,0,0,0,0,0,0,-80000,0,0,0,2000,82000,-80000,-80000
066152,大立光麥證01購03,0,0,0,10000,90000,-80000,0,0,0,-80000,0,0,0,10000,90000,-80000,-80000
066158,惠特康和01購01  ,0,0,0,0,0,0,0,0,0,-80000,0,0,0,0,80000,-80000,-80000
066770,上証2X富邦02購02,0,0,0,0,0,0,0,0,0,-80000,0,0,0,140000,220000,-80000,-80000
066919,台積電麥證01購06,0,0,0,0,80000,-80000,0,0,0,-80000,0,0,0,0,80000,-80000,-80000
06937P,GIS元大98售03   ,0,0,0,0,0,0,0,0,0,-80000,0,0,0,0,80000,-80000,-80000
057057,立積元大9A購01  ,0,0,0,0,0,0,0,0,0,-80000,0,0,0,41000,121000,-80000,-80000
058284,滬深反群益01購01,0,0,0,0,0,0,0,0,0,-80000,0,0,0,0,80000,-80000,-80000
058381,元石油中信9C購01,0,0,0,0,0,0,0,0,0,-80000,0,0,0,0,80000,-80000,-80000
058449,台積電永豐99購01,0,0,0,0,0,0,0,0,0,-80000,0,0,0,9000,89000,-80000,-80000
056469,國巨元大99購01  ,0,0,0,0,0,0,0,0,0,-80000,0,0,0,91000,171000,-80000,-80000
051926,聯電中信97購01  ,0,0,0,0,0,0,0,0,0,-80000,0,0,0,50000,130000,-80000,-80000
059772,可成群益9A購05  ,0,0,0,0,0,0,0,0,0,-80000,0,0,0,0,80000,-80000,-80000
061605,華新科凱基9A購14,0,0,0,0,0,0,0,0,0,-80000,0,0,0,0,80000,-80000,-80000
060865,創意永豐9A購01  ,0,0,0,0,0,0,0,0,0,-80000,0,0,0,10000,90000,-80000,-80000
065316,大成鋼凱基9C購01,0,0,0,0,0,0,0,0,0,-80000,0,0,0,10000,90000,-80000,-80000
065556,旭富凱基9C購02  ,0,0,0,0,0,0,0,0,0,-80000,0,0,0,0,80000,-80000,-80000
063526,台光電凱基9B購04,0,0,0,0,0,0,0,0,0,-80000,0,0,0,0,80000,-80000,-80000
063737,大立光元大9C購07,0,0,0,0,0,0,0,0,0,-80000,0,0,0,11000,91000,-80000,-80000
08734P,創意康和01售02  ,0,0,0,0,0,0,0,0,0,-81000,0,0,0,30000,111000,-81000,-81000
054209,台積電國票97購08,0,0,0,0,0,0,0,0,0,-81000,0,0,0,307000,388000,-81000,-81000
058989,茂林凱基99購02  ,0,0,0,0,0,0,0,0,0,-81000,0,0,0,0,81000,-81000,-81000
058687,聯茂凱基9A購01  ,0,0,0,0,0,0,0,0,0,-81000,0,0,0,33000,114000,-81000,-81000
057773,技嘉群益9A購02  ,0,0,0,0,0,0,0,0,0,-81000,0,0,0,24000,105000,-81000,-81000
059326,康友元大99購01  ,0,0,0,0,0,0,0,0,0,-81000,0,0,0,13000,94000,-81000,-81000
062972,京元電元富9B購01,0,0,0,0,0,0,0,0,0,-81000,0,0,0,31000,112000,-81000,-81000
061390,大立光群益9A購04,0,0,0,0,0,0,0,0,0,-81000,0,0,0,0,81000,-81000,-81000
064299,宏碁兆豐9C購01  ,0,0,0,0,0,0,0,0,0,-81000,0,0,0,212000,293000,-81000,-81000
06500P,臺股指元大9A售05,0,0,0,0,0,0,0,0,0,-81000,0,0,0,0,81000,-81000,-81000
08649P,聯發科元大9C售21,0,0,0,0,0,0,0,0,0,-82000,0,0,0,0,82000,-82000,-82000
1517,利奇            ,250000,332000,-82000,0,0,0,0,0,0,0,0,0,0,0,0,0,-82000
07366P,國巨康和99售02  ,0,0,0,0,0,0,0,0,0,-82000,0,0,0,3000,85000,-82000,-82000
058312,大毅國泰9B購01  ,0,0,0,0,0,0,0,0,0,-82000,0,0,0,122000,204000,-82000,-82000
061177,大立光凱基9A購10,0,0,0,0,0,0,0,0,0,-82000,0,0,0,0,82000,-82000,-82000
060955,大立光群益9A購02,0,0,0,0,0,0,0,0,0,-82000,0,0,0,86000,168000,-82000,-82000
063516,香港反凱基03購01,0,0,0,0,0,0,0,0,0,-82000,0,0,0,0,82000,-82000,-82000
07035P,大立光元富99售04,0,0,0,0,0,0,0,0,0,-83000,0,0,0,76000,159000,-83000,-83000
066576,矽創元大01購02  ,0,0,0,0,0,0,0,0,0,-83000,0,0,0,32000,115000,-83000,-83000
058174,台積電凱基9A購05,0,0,0,0,0,0,0,0,0,-83000,0,0,0,0,83000,-83000,-83000
064284,京鼎元大9C購01  ,0,0,0,0,0,0,0,0,0,-83000,0,0,0,80000,163000,-83000,-83000
064246,南六統一9C購02  ,0,0,0,0,0,0,0,0,0,-83000,0,0,0,103000,186000,-83000,-83000
066230,南帝富邦02購01  ,0,0,0,0,0,0,0,0,0,-84000,0,0,0,0,84000,-84000,-84000
066011,華通元富01購01  ,0,0,0,0,0,0,0,0,0,-84000,0,0,0,0,84000,-84000,-84000
057982,帆宣永豐98購01  ,0,0,0,0,0,0,0,0,0,-84000,0,0,0,17000,101000,-84000,-84000
059354,臺指反富邦9B購01,0,0,0,0,0,0,0,0,0,-84000,0,0,0,0,84000,-84000,-84000
061706,旭富國票9A購02  ,0,0,0,0,0,0,0,0,0,-84000,0,0,0,15000,99000,-84000,-84000
062827,神基群益9B購01  ,0,0,0,0,0,0,0,0,0,-84000,0,0,0,0,84000,-84000,-84000
063435,儒鴻統一01購02  ,0,0,0,0,0,0,0,0,0,-84000,0,0,0,51000,135000,-84000,-84000
056537,冠德凱基98購01  ,0,0,0,0,0,0,0,0,0,-85000,0,0,0,10000,95000,-85000,-85000
059140,大立光兆豐9A購02,0,0,0,0,0,0,0,0,0,-85000,0,0,0,270000,355000,-85000,-85000
061583,矽創元大9A購01  ,0,0,0,0,0,0,0,0,0,-85000,0,0,0,0,85000,-85000,-85000
064335,可成元大9C購05  ,0,0,0,0,0,0,0,0,0,-85000,0,0,0,95000,180000,-85000,-85000
064876,旺宏兆豐9C購01  ,0,0,0,0,0,0,0,0,0,-85000,0,0,0,0,85000,-85000,-85000
065386,華通兆豐9C購02  ,0,0,0,0,0,0,0,0,0,-85000,0,0,0,0,85000,-85000,-85000
06861P,台積電國票99售08,0,0,0,0,0,0,0,0,0,-86000,0,0,0,50000,136000,-86000,-86000
08089P,嘉澤凱基9B售03  ,0,0,0,0,0,0,0,0,0,-86000,0,0,0,242000,328000,-86000,-86000
08682P,鴻海凱基01售06  ,0,0,0,0,0,0,0,0,0,-86000,0,0,0,32000,118000,-86000,-86000
08778P,台積電群益01售09,0,0,0,0,0,0,0,0,0,-86000,0,0,0,0,86000,-86000,-86000
062511,台光電國票9B購02,0,0,0,0,0,0,0,0,0,-86000,0,0,0,20000,106000,-86000,-86000
059921,大立光元大99購24,0,0,0,0,0,0,0,0,0,-86000,0,0,0,7000,93000,-86000,-86000
059675,大立光元富99購08,0,0,0,0,0,0,0,0,0,-86000,0,0,0,98000,184000,-86000,-86000
065812,寶成群益9C購02  ,0,0,0,0,0,0,0,0,0,-86000,0,0,0,0,86000,-86000,-86000
064940,智伸科元富9C購01,0,0,0,0,0,0,0,0,0,-86000,0,0,0,257000,343000,-86000,-86000
2705,六福            ,85000,171000,-86000,0,0,0,0,0,0,0,0,0,0,0,0,0,-86000
2369,菱生            ,461000,547000,-86000,0,0,0,0,0,0,0,0,0,0,0,0,0,-86000
08118P,嘉澤元富9B售02  ,0,0,0,0,0,0,0,0,0,-87000,0,0,0,10000,97000,-87000,-87000
066051,景碩元大01購01  ,0,0,0,0,0,0,0,0,0,-87000,0,0,0,8000,95000,-87000,-87000
057843,晶技永豐98購02  ,0,0,0,0,0,0,0,0,0,-87000,0,0,0,0,87000,-87000,-87000
060896,晶技凱基9A購02  ,0,0,0,0,0,0,0,0,0,-87000,0,0,0,122000,209000,-87000,-87000
061542,旺宏群益9A購04  ,0,0,0,0,0,0,0,0,0,-87000,0,0,0,1000,88000,-87000,-87000
062967,上銀元富9B購01  ,0,0,0,0,0,0,0,0,0,-87000,0,0,0,5000,92000,-87000,-87000
065930,矽格國票02購01  ,0,0,0,0,0,0,0,0,0,-87000,0,0,0,110000,197000,-87000,-87000
064556,華通群益02購02  ,0,0,0,0,0,0,0,0,0,-87000,0,0,0,0,87000,-87000,-87000
066023,燿華群益01購02  ,0,0,0,0,0,0,0,0,0,-88000,0,0,0,10000,98000,-88000,-88000
066235,大毅富邦04購01  ,0,0,0,0,0,0,0,0,0,-88000,0,0,0,0,88000,-88000,-88000
08193P,同欣電國票9C售02,0,0,0,0,0,0,0,0,0,-88000,0,0,0,0,88000,-88000,-88000
08004P,大毅永豐9B售02  ,0,0,0,0,0,0,0,0,0,-88000,0,0,0,0,88000,-88000,-88000
062282,禾伸堂群益9B購01,0,0,0,0,0,0,0,0,0,-88000,0,0,0,10000,98000,-88000,-88000
056738,國巨凱基9A購02  ,0,0,0,0,0,0,0,0,0,-88000,0,0,0,2000,90000,-88000,-88000
055817,京鼎國票99購01  ,0,0,0,0,0,0,0,0,0,-88000,0,0,0,0,88000,-88000,-88000
062651,世紀鋼富邦9C購01,0,0,0,0,0,0,0,0,0,-88000,0,0,0,198000,286000,-88000,-88000
064270,華通元大9C購03  ,0,0,0,0,0,0,0,0,0,-88000,0,0,0,0,88000,-88000,-88000
065053,南電凱基02購01  ,0,0,0,0,0,0,0,0,0,-88000,0,0,0,0,88000,-88000,-88000
07953P,健策元大9B售07  ,0,0,0,0,0,0,0,0,0,-89000,0,0,0,75000,164000,-89000,-89000
08490P,上銀元大9C售08  ,0,0,0,0,0,0,0,0,0,-89000,0,0,0,10000,99000,-89000,-89000
066247,中化元大01購02  ,0,0,0,0,0,0,0,0,0,-89000,0,0,0,1000,90000,-89000,-89000
057354,聯鈞統一99購03  ,0,0,0,0,0,0,0,0,0,-89000,0,0,0,342000,431000,-89000,-89000
062200,臺指反國票03購01,0,0,0,0,0,0,0,0,0,-89000,0,0,0,0,89000,-89000,-89000
063153,南六元富9B購01  ,0,0,0,0,0,0,0,0,0,-89000,0,0,0,62000,151000,-89000,-89000
064917,元大金統一02購01,0,0,0,0,0,0,0,0,0,-89000,0,0,0,398000,487000,-89000,-89000
064400,大成鋼凱基01購01,0,0,0,0,0,0,0,0,0,-89000,0,0,0,5000,94000,-89000,-89000
064535,國產國票01購01  ,0,0,0,0,0,0,0,0,0,-89000,0,0,0,176000,265000,-89000,-89000
063476,台表科元大9C購03,0,0,0,0,0,0,0,0,0,-89000,0,0,0,501000,590000,-89000,-89000
066018,南六元富03購02  ,0,0,0,0,0,0,0,0,0,-90000,0,0,0,31000,121000,-90000,-90000
066502,國巨富邦05購02  ,0,0,0,0,0,0,0,0,0,-90000,0,0,0,60000,150000,-90000,-90000
066403,台郡凱基01購02  ,0,0,0,0,0,0,0,0,0,-90000,0,0,0,10000,100000,-90000,-90000
066412,神隆元大01購01  ,0,0,0,0,0,0,0,0,0,-90000,0,0,0,10000,100000,-90000,-90000
06827P,臺股指國票98售03,0,0,0,0,0,0,0,0,0,-90000,0,0,0,5000,95000,-90000,-90000
08488P,臺股指群益9C售19,0,0,0,0,0,0,0,0,0,-90000,0,0,0,80000,170000,-90000,-90000
08509P,臺股指國票9C售10,0,0,0,0,0,0,0,0,0,-90000,0,0,0,83000,173000,-90000,-90000
2014,中鴻            ,69000,159000,-90000,0,0,0,0,0,0,0,0,0,0,0,0,0,-90000
07989P,玉晶光凱基9B售07,0,0,0,0,0,0,0,0,0,-90000,0,0,0,0,90000,-90000,-90000
058677,矽格群益99購01  ,0,0,0,0,0,0,0,0,0,-90000,0,0,0,312000,402000,-90000,-90000
058608,華新科元大99購13,0,0,0,0,0,0,0,0,0,-90000,0,0,0,10000,100000,-90000,-90000
05894P,友達群益98售02  ,0,0,0,0,0,0,0,0,0,-90000,0,0,0,10000,100000,-90000,-90000
056276,同欣電國泰98購01,0,0,0,0,0,0,0,0,0,-90000,0,0,0,0,90000,-90000,-90000
059677,大立光台新99購01,0,0,0,0,0,0,0,0,0,-90000,0,0,0,0,90000,-90000,-90000
059539,緯穎凱基99購03  ,0,0,0,0,0,0,0,0,0,-90000,0,0,0,11000,101000,-90000,-90000
064356,矽創元大01購01  ,0,0,0,0,0,0,0,0,0,-90000,0,0,0,20000,110000,-90000,-90000
065158,和碩群益9C購01  ,0,0,0,0,0,0,0,0,0,-90000,0,0,0,8000,98000,-90000,-90000
065377,群創元大02購02  ,0,0,0,0,0,0,0,0,0,-90000,0,0,0,343000,433000,-90000,-90000
065436,力成凱基02購01  ,0,0,0,0,0,0,0,0,0,-90000,0,0,0,30000,120000,-90000,-90000
6197,佳必琪          ,276000,366000,-90000,0,0,0,0,0,0,0,0,0,0,0,0,0,-90000
1783,和康生          ,48000,139000,-91000,0,0,0,0,0,0,0,0,0,0,0,0,0,-91000
08643P,和碩群益9C售02  ,0,0,0,0,0,0,0,0,0,-91000,0,0,0,96000,187000,-91000,-91000
067108,大毅群益01購01  ,0,0,0,0,0,0,0,0,0,-91000,0,0,0,0,91000,-91000,-91000
07166P,台灣50兆豐03售01,0,0,0,0,0,0,0,0,0,-91000,0,0,0,0,91000,-91000,-91000
066607,台郡永豐01購01  ,0,0,0,0,0,0,0,0,0,-91000,0,0,0,156000,247000,-91000,-91000
066225,松翰國泰03購01  ,0,0,0,0,0,0,0,0,0,-91000,0,0,0,99000,190000,-91000,-91000
059435,大立光元大99購17,0,0,0,0,0,0,0,0,0,-91000,0,0,0,0,91000,-91000,-91000
062086,瑞祺元大9B購01  ,0,0,0,0,0,0,0,0,0,-91000,0,0,0,59000,150000,-91000,-91000
064748,力成國票01購01  ,0,0,0,0,0,0,0,0,0,-91000,0,0,0,0,91000,-91000,-91000
064171,燿華元富9C購01  ,0,0,0,0,0,0,0,0,0,-91000,0,0,0,13000,104000,-91000,-91000
066286,瑞祺元大01購01  ,0,0,0,0,0,0,0,0,0,-92000,0,0,0,121000,213000,-92000,-92000
1104,環泥            ,120000,212000,-92000,0,0,0,0,0,0,0,0,0,0,0,0,0,-92000
07986P,大成鋼統一9B售02,0,0,0,0,0,0,0,0,0,-92000,0,0,0,0,92000,-92000,-92000
08194P,同欣電國票9C售03,0,0,0,0,0,0,0,0,0,-92000,0,0,0,0,92000,-92000,-92000
07880P,可成群益9B售05  ,0,0,0,0,0,0,0,0,0,-92000,0,0,0,0,92000,-92000,-92000
062886,中興電群益9B購01,0,0,0,0,0,0,0,0,0,-92000,0,0,0,12000,104000,-92000,-92000
060290,興富發元大9C購01,0,0,0,0,0,0,0,0,0,-92000,0,0,0,55000,147000,-92000,-92000
063958,瑞祺元大9C購01  ,0,0,0,0,0,0,0,0,0,-92000,0,0,0,126000,218000,-92000,-92000
5607,遠雄港          ,10000,102000,-92000,0,0,0,0,0,0,0,0,0,0,0,0,0,-92000
07791P,奇鋐元大9A售02  ,0,0,0,0,0,0,0,0,0,-93000,0,0,0,0,93000,-93000,-93000
1316,上曜            ,36000,129000,-93000,0,0,0,0,0,0,0,0,0,0,0,0,0,-93000
06750P,聯發科元富02售03,0,0,0,0,0,0,0,0,0,-93000,0,0,0,0,93000,-93000,-93000
055667,致茂群益98購01  ,0,0,0,0,0,0,0,0,0,-93000,0,0,0,0,93000,-93000,-93000
057694,臺股指凱基98購12,0,0,0,0,0,0,0,0,0,-93000,0,0,0,16000,109000,-93000,-93000
062347,台光電群益9B購02,0,0,0,0,0,0,0,0,0,-93000,0,0,0,0,93000,-93000,-93000
058309,大毅元大99購02  ,0,0,0,0,0,0,0,0,0,-93000,0,0,0,0,93000,-93000,-93000
060432,達方永豐9A購01  ,0,0,0,0,0,0,0,0,0,-93000,0,0,0,303000,396000,-93000,-93000
061792,和大永豐9B購01  ,0,0,0,0,0,0,0,0,0,-93000,0,0,0,33000,126000,-93000,-93000
063039,大立光凱基9C購02,0,0,0,0,0,0,0,0,0,-93000,0,0,0,0,93000,-93000,-93000
065198,玉晶光元富06購01,0,0,0,0,0,0,0,0,0,-93000,0,0,0,208000,301000,-93000,-93000
3056,總太            ,171000,304000,-133000,0,0,0,0,0,0,40000,0,5000,-5000,45000,0,45000,-93000
1506,正道            ,4000,93000,-89000,0,0,0,0,0,0,-5000,0,5000,-5000,0,0,0,-94000
057870,大立光凱基99購02,0,0,0,0,0,0,0,0,0,-94000,0,0,0,0,94000,-94000,-94000
049973,T50反1日盛9A購01,0,0,0,0,0,0,0,0,0,-94000,0,0,0,0,94000,-94000,-94000
061853,晶技國票9B購02  ,0,0,0,0,0,0,0,0,0,-94000,0,0,0,53000,147000,-94000,-94000
063694,貿聯永豐9B購01  ,0,0,0,0,0,0,0,0,0,-94000,0,0,0,58000,152000,-94000,-94000
063640,貿聯元大9B購03  ,0,0,0,0,0,0,0,0,0,-94000,0,0,0,92000,186000,-94000,-94000
064697,健策群益01購02  ,0,0,0,0,0,0,0,0,0,-94000,0,0,0,12000,106000,-94000,-94000
2107,厚生            ,70000,164000,-94000,0,0,0,0,0,0,0,0,0,0,0,0,0,-94000
06853P,華擎元富98售03  ,0,0,0,0,0,0,0,0,0,-95000,0,0,0,78000,173000,-95000,-95000
07122P,欣興凱基99售05  ,0,0,0,0,0,0,0,0,0,-95000,0,0,0,210000,305000,-95000,-95000
056314,力成元大97購01  ,0,0,0,0,0,0,0,0,0,-95000,0,0,0,0,95000,-95000,-95000
055907,台虹兆豐98購01  ,0,0,0,0,0,0,0,0,0,-95000,0,0,0,19000,114000,-95000,-95000
060882,大立光中信9A購05,0,0,0,0,0,0,0,0,0,-95000,0,0,0,0,95000,-95000,-95000
064477,南六國泰02購01  ,0,0,0,0,0,0,0,0,0,-95000,0,0,0,76000,171000,-95000,-95000
064337,大毅元大01購02  ,0,0,0,0,0,0,0,0,0,-95000,0,0,0,5000,100000,-95000,-95000
064734,大立光元富9C購05,0,0,0,0,0,0,0,0,0,-95000,0,0,0,0,95000,-95000,-95000
065939,創意群益01購01  ,0,0,0,0,0,0,0,0,0,-95000,0,0,0,39000,134000,-95000,-95000
4155,訊映            ,17000,109000,-92000,0,0,0,0,0,0,-3000,0,3000,-3000,0,0,0,-95000
066725,華通元大01購05  ,0,0,0,0,0,0,0,0,0,-96000,0,0,0,0,96000,-96000,-96000
08401P,玉晶光元富9C售04,0,0,0,0,0,0,0,0,0,-96000,0,0,0,25000,121000,-96000,-96000
057318,台光電凱基9A購01,0,0,0,0,0,0,0,0,0,-96000,0,0,0,10000,106000,-96000,-96000
00752,中信中國50      ,15000,14000,1000,0,0,0,0,0,0,-97000,0,0,0,514000,611000,-97000,-96000
060642,華擎永豐9A購02  ,0,0,0,0,0,0,0,0,0,-96000,0,0,0,20000,116000,-96000,-96000
063360,茂林國泰9C購02  ,0,0,0,0,0,0,0,0,0,-96000,0,0,0,2000,98000,-96000,-96000
064421,技嘉兆豐01購01  ,0,0,0,0,0,0,0,0,0,-96000,0,0,0,497000,593000,-96000,-96000
063735,華新科元大9B購15,0,0,0,0,0,0,0,0,0,-96000,0,0,0,0,96000,-96000,-96000
066156,建準康和01購01  ,0,0,0,0,0,0,0,0,0,-97000,0,0,0,18000,115000,-97000,-97000
057493,聯詠元大98購02  ,0,0,0,0,0,0,0,0,0,-97000,0,0,0,3000,100000,-97000,-97000
058140,臻鼎元大99購02  ,0,0,0,0,0,0,0,0,0,-97000,0,0,0,28000,125000,-97000,-97000
065782,健策富邦01購02  ,0,0,0,0,0,0,0,0,0,-97000,0,0,0,414000,511000,-97000,-97000
3494,誠研            ,28000,125000,-97000,0,0,0,0,0,0,0,0,0,0,0,0,0,-97000
8110,華東            ,59000,164000,-105000,0,0,0,0,0,0,8000,8000,0,8000,0,0,0,-97000
066040,友訊元大01購02  ,0,0,0,0,0,0,0,0,0,-98000,0,0,0,2000,100000,-98000,-98000
066446,健策群益01購06  ,0,0,0,0,0,0,0,0,0,-98000,0,0,0,5000,103000,-98000,-98000
08797P,健策凱基02售03  ,0,0,0,0,0,0,0,0,0,-98000,0,0,0,79000,177000,-98000,-98000
062291,力成富邦9B購01  ,0,0,0,0,0,0,0,0,0,-98000,0,0,0,0,98000,-98000,-98000
062275,燿華群益9B購01  ,0,0,0,0,0,0,0,0,0,-98000,0,0,0,0,98000,-98000,-98000
058247,聯茂元大99購04  ,0,0,0,0,0,0,0,0,0,-98000,0,0,0,4000,102000,-98000,-98000
061762,台塑元大9B購01  ,0,0,0,0,0,0,0,0,0,-98000,0,0,0,22000,120000,-98000,-98000
060451,中石化元大9C購02,0,0,0,0,0,0,0,0,0,-98000,0,0,0,3000,101000,-98000,-98000
064897,宏達電群益9C購02,0,0,0,0,0,0,0,0,0,-98000,0,0,0,7000,105000,-98000,-98000
064691,友達群益9C購04  ,0,0,0,0,0,0,0,0,0,-98000,0,0,0,0,98000,-98000,-98000
3518,柏騰            ,21000,119000,-98000,0,0,0,0,0,0,0,0,0,0,0,0,0,-98000
08441P,同欣電元富9C售01,0,0,0,0,0,0,0,0,0,-99000,0,0,0,50000,149000,-99000,-99000
066525,創意統一03購01  ,0,0,0,0,0,0,0,0,0,-99000,0,0,0,15000,114000,-99000,-99000
066548,燿華元大02購02  ,0,0,0,0,0,0,0,0,0,-99000,0,0,0,1000,100000,-99000,-99000
066007,大立光統一02購06,0,0,0,0,0,0,0,0,0,-99000,0,0,0,0,99000,-99000,-99000
06723P,台灣50麥證99售01,0,0,0,60000,109000,-49000,0,0,0,-99000,0,0,0,60000,159000,-99000,-99000
055670,矽創群益98購02  ,0,0,0,0,0,0,0,0,0,-99000,0,0,0,1000,100000,-99000,-99000
058148,百和元大99購01  ,0,0,0,0,0,0,0,0,0,-99000,0,0,0,29000,128000,-99000,-99000
062590,亞光統一9B購01  ,0,0,0,0,0,0,0,0,0,-99000,0,0,0,29000,128000,-99000,-99000
064608,滬深2X元大9C購11,0,0,0,0,0,0,0,0,0,-99000,0,0,0,0,99000,-99000,-99000
067098,台積電群益01購10,0,0,0,0,0,0,0,0,0,-100000,0,0,0,0,100000,-100000,-100000
07130P,台郡元大9B售01  ,0,0,0,0,0,0,0,0,0,-100000,0,0,0,45000,145000,-100000,-100000
06902P,聯電凱基98售02  ,0,0,0,0,0,0,0,0,0,-100000,0,0,0,0,100000,-100000,-100000
066572,台郡元大01購02  ,0,0,0,0,0,0,0,0,0,-100000,0,0,0,200000,300000,-100000,-100000
06631P,玉晶光群益9A售03,0,0,0,0,0,0,0,0,0,-100000,0,0,0,124000,224000,-100000,-100000
08463P,台灣50國泰02售02,0,0,0,0,0,0,0,0,0,-100000,0,0,0,110000,210000,-100000,-100000
08792P,聯發科中信02售02,0,0,0,0,0,0,0,0,0,-100000,0,0,0,0,100000,-100000,-100000
2022,聚亨            ,13000,113000,-100000,0,0,0,0,0,0,0,0,0,0,0,0,0,-100000
2006,東和鋼鐵        ,117000,313000,-196000,0,0,0,100000,4000,96000,0,0,0,0,0,0,0,-100000
08318P,台積電台新01售01,0,0,0,0,0,0,0,0,0,-100000,0,0,0,0,100000,-100000,-100000
08279P,南電元富9C售02  ,0,0,0,0,0,0,0,0,0,-100000,0,0,0,0,100000,-100000,-100000
08083P,健策元大9C售05  ,0,0,0,0,0,0,0,0,0,-100000,0,0,0,0,100000,-100000,-100000
07979P,大立光凱基9B售05,0,0,0,0,0,0,0,0,0,-100000,0,0,0,0,100000,-100000,-100000
07842P,力成元大9A售01  ,0,0,0,0,0,0,0,0,0,-100000,0,0,0,0,100000,-100000,-100000
07368P,國巨凱基99售19  ,0,0,0,0,0,0,0,0,0,-100000,0,0,0,0,100000,-100000,-100000
07410P,鴻海元大99售44  ,0,0,0,0,0,0,0,0,0,-100000,0,0,0,0,100000,-100000,-100000
07253P,台灣50凱基9A售05,0,0,0,0,0,0,0,0,0,-100000,0,0,0,0,100000,-100000,-100000
07263P,台積電元大99售37,0,0,0,0,0,0,0,0,0,-100000,0,0,0,0,100000,-100000,-100000
07505P,台勝科元大9A售01,0,0,0,0,0,0,0,0,0,-100000,0,0,0,0,100000,-100000,-100000
058145,聯茂元大99購03  ,0,0,0,0,0,0,0,0,0,-100000,0,0,0,68000,168000,-100000,-100000
058808,大成鋼統一9B購01,0,0,0,0,0,0,0,0,0,-100000,0,0,0,0,100000,-100000,-100000
056872,旺宏凱基98購08  ,0,0,0,0,0,0,0,0,0,-100000,0,0,0,0,100000,-100000,-100000
055736,宏達電元富99購01,0,0,0,0,0,0,0,0,0,-100000,0,0,0,100000,200000,-100000,-100000
054807,台化元大9A購02  ,0,0,0,0,0,0,0,0,0,-100000,0,0,0,0,100000,-100000,-100000
057381,微星國泰9A購01  ,0,0,0,0,0,0,0,0,0,-100000,0,0,0,0,100000,-100000,-100000
056696,茂林群益98購02  ,0,0,0,0,0,0,0,0,0,-100000,0,0,0,0,100000,-100000,-100000
00715L,街口布蘭特油正2 ,0,0,0,0,0,0,0,0,0,-100000,0,0,0,0,100000,-100000,-100000
054210,台光電國票97購03,0,0,0,0,0,0,0,0,0,-100000,0,0,0,0,100000,-100000,-100000
061632,SP黃豆元大9A購06,0,0,0,0,0,0,0,0,0,-100000,0,0,0,0,100000,-100000,-100000
059127,國巨中信99購04  ,0,0,0,0,0,0,0,0,0,-100000,0,0,0,0,100000,-100000,-100000
061168,力成兆豐9A購01  ,0,0,0,0,0,0,0,0,0,-100000,0,0,0,100000,200000,-100000,-100000
061342,華新科元大9A購17,0,0,0,0,0,0,0,0,0,-100000,0,0,0,0,100000,-100000,-100000
062693,中石化元大02購01,0,0,0,0,0,0,0,0,0,-100000,0,0,0,0,100000,-100000,-100000
063071,華新科富邦02購01,0,0,0,0,0,0,0,0,0,-100000,0,0,0,0,100000,-100000,-100000
062018,台勝科永豐9B購01,0,0,0,0,0,0,0,0,0,-100000,0,0,0,0,100000,-100000,-100000
064724,健鼎統一02購02  ,0,0,0,0,0,0,0,0,0,-100000,0,0,0,0,100000,-100000,-100000
06431P,新日興元大97售05,0,0,0,0,0,0,0,0,0,-100000,0,0,0,0,100000,-100000,-100000
065508,大成鋼群益01購01,0,0,0,0,0,0,0,0,0,-100000,0,0,0,0,100000,-100000,-100000
065584,華通富邦01購01  ,0,0,0,0,0,0,0,0,0,-100000,0,0,0,0,100000,-100000,-100000
2362,藍天            ,9000,85000,-76000,0,0,0,0,0,0,-24000,0,24000,-24000,0,0,0,-100000
2642,宅配通          ,27000,127000,-100000,0,0,0,0,0,0,0,0,0,0,0,0,0,-100000
07792P,牧德元大9A售04  ,0,0,0,0,0,0,0,0,0,-101000,0,0,0,20000,121000,-101000,-101000
1612,宏泰            ,26000,127000,-101000,0,0,0,0,0,0,0,0,0,0,0,0,0,-101000
08832P,台表科群益01售01,0,0,0,0,0,0,0,0,0,-101000,0,0,0,0,101000,-101000,-101000
066481,華碩元富01購01  ,0,0,0,0,0,0,0,0,0,-101000,0,0,0,40000,141000,-101000,-101000
058854,樺漢群益9B購01  ,0,0,0,0,0,0,0,0,0,-101000,0,0,0,4000,105000,-101000,-101000
062543,華通富邦9C購01  ,0,0,0,0,0,0,0,0,0,-101000,0,0,0,2000,103000,-101000,-101000
064486,聚陽元大9C購01  ,0,0,0,0,0,0,0,0,0,-101000,0,0,0,227000,328000,-101000,-101000
066752,南電元大01購06  ,0,0,0,0,0,0,0,0,0,-102000,0,0,0,0,102000,-102000,-102000
066616,創意康和01購01  ,20000,0,20000,0,0,0,0,0,0,-122000,0,0,0,37000,159000,-122000,-102000
08078P,聯發科國票9B售04,0,0,0,0,0,0,0,0,0,-102000,0,0,0,0,102000,-102000,-102000
056267,文曄統一97購02  ,0,0,0,0,0,0,0,0,0,-102000,0,0,0,0,102000,-102000,-102000
060785,國巨富邦9B購04  ,0,0,0,0,0,0,0,0,0,-102000,0,0,0,117000,219000,-102000,-102000
063359,泰鼎國泰01購01  ,0,0,0,0,0,0,0,0,0,-102000,0,0,0,50000,152000,-102000,-102000
1416,廣豐            ,26000,129000,-103000,0,0,0,0,0,0,0,0,0,0,0,0,0,-103000
066100,鎧勝中信05購01  ,0,0,0,0,0,0,0,0,0,-103000,0,0,0,2000,105000,-103000,-103000
055106,台積電凱基98購05,0,0,0,0,0,0,0,0,0,-103000,0,0,0,0,103000,-103000,-103000
058494,可成群益9B購01  ,0,0,0,0,0,0,0,0,0,-103000,0,0,0,35000,138000,-103000,-103000
057105,致茂群益9A購01  ,0,0,0,0,0,0,0,0,0,-103000,0,0,0,0,103000,-103000,-103000
062253,燿華元大9B購02  ,0,0,0,0,0,0,0,0,0,-103000,0,0,0,5000,108000,-103000,-103000
060990,新光金元大9B購03,0,0,0,0,0,0,0,0,0,-103000,0,0,0,188000,291000,-103000,-103000
064219,滬深2X國票03購01,0,0,0,0,0,0,0,0,0,-103000,0,0,0,8000,111000,-103000,-103000
6196,帆宣            ,423000,542000,-119000,0,0,0,0,0,0,16000,5000,0,5000,14000,3000,11000,-103000
066685,T50反1元富07購02,0,0,0,0,0,0,0,0,0,-104000,0,0,0,0,104000,-104000,-104000
08765P,鴻海富邦01售02  ,0,0,0,0,0,0,0,0,0,-104000,0,0,0,11000,115000,-104000,-104000
08744P,臺股指凱基02售05,0,0,0,0,0,0,0,0,0,-104000,0,0,0,21000,125000,-104000,-104000
07536P,華新科元富9A售04,0,0,0,0,0,0,0,0,0,-104000,0,0,0,46000,150000,-104000,-104000
057763,康控凱基99購02  ,0,0,0,0,0,0,0,0,0,-104000,0,0,0,16000,120000,-104000,-104000
058248,聯茂元大99購05  ,0,0,0,0,0,0,0,0,0,-104000,0,0,0,194000,298000,-104000,-104000
054874,帆宣群益99購02  ,0,0,0,0,0,0,0,0,0,-104000,0,0,0,6000,110000,-104000,-104000
052152,創意富邦98購01  ,0,0,0,0,0,0,0,0,0,-104000,0,0,0,61000,165000,-104000,-104000
062661,華通群益9B購05  ,0,0,0,0,0,0,0,0,0,-104000,0,0,0,0,104000,-104000,-104000
6582,申豐            ,813000,883000,-70000,0,0,0,0,0,0,-34000,11000,30000,-19000,10000,25000,-15000,-104000
07713P,台郡元大9A售03  ,0,0,0,0,0,0,0,0,0,-105000,0,0,0,0,105000,-105000,-105000
07886P,國巨國票9B售06  ,0,0,0,0,0,0,0,0,0,-105000,0,0,0,10000,115000,-105000,-105000
08224P,臺股指凱基9B售19,0,0,0,0,0,0,0,0,0,-105000,0,0,0,95000,200000,-105000,-105000
08426P,奇力新國票01售01,0,0,0,0,0,0,0,0,0,-105000,0,0,0,10000,115000,-105000,-105000
066653,矽格康和01購01  ,0,0,0,0,0,0,0,0,0,-105000,0,0,0,98000,203000,-105000,-105000
06908P,健策國泰99售02  ,0,0,0,0,0,0,0,0,0,-105000,0,0,0,0,105000,-105000,-105000
055976,台積電統一99購03,0,0,0,0,0,0,0,0,0,-105000,0,0,0,0,105000,-105000,-105000
064333,義隆元大9C購02  ,0,0,0,0,0,0,0,0,0,-105000,0,0,0,26000,131000,-105000,-105000
065378,嘉澤元大01購01  ,0,0,0,0,0,0,0,0,0,-105000,0,0,0,15000,120000,-105000,-105000
066717,上証2X元大01購01,0,0,0,0,0,0,0,0,0,-106000,0,0,0,0,106000,-106000,-106000
066037,華通元大01購03  ,0,0,0,0,0,0,0,0,0,-106000,0,0,0,12000,118000,-106000,-106000
066356,嘉基永豐01購01  ,0,0,0,0,0,0,0,0,0,-106000,0,0,0,104000,210000,-106000,-106000
061197,矽創永豐9A購02  ,0,0,0,0,0,0,0,0,0,-106000,0,0,0,10000,116000,-106000,-106000
065567,台積電群益01購03,0,0,0,0,0,0,0,0,0,-106000,0,0,0,4000,110000,-106000,-106000
1810,和成            ,68000,175000,-107000,0,0,0,0,0,0,0,0,0,0,0,0,0,-107000
08094P,華新科元富9B售05,0,0,0,0,0,0,0,0,0,-107000,0,0,0,23000,130000,-107000,-107000
07913P,友達元大01售01  ,0,0,0,0,0,0,0,0,0,-107000,0,0,0,0,107000,-107000,-107000
056701,國產國泰9A購01  ,0,0,0,0,0,0,0,0,0,-107000,0,0,0,0,107000,-107000,-107000
05750P,臺股指群益99售04,0,0,0,0,0,0,0,0,0,-107000,0,0,0,50000,157000,-107000,-107000
061075,亞德客兆豐9A購01,0,0,0,0,0,0,0,0,0,-107000,0,0,0,57000,164000,-107000,-107000
059838,茂林國泰9B購01  ,0,0,0,0,0,0,0,0,0,-107000,0,0,0,2000,109000,-107000,-107000
065909,大立光永豐9C購02,0,0,0,0,0,0,0,0,0,-107000,0,0,0,19000,126000,-107000,-107000
2023,燁輝            ,72000,180000,-108000,0,0,0,0,0,0,0,0,0,0,0,0,0,-108000
066980,台光電群益01購02,0,0,0,0,0,0,0,0,0,-108000,0,0,0,0,108000,-108000,-108000
057451,大立光元富9B購01,0,0,0,0,0,0,0,0,0,-108000,0,0,0,148000,256000,-108000,-108000
06054P,臺股指中信9A售01,0,0,0,0,0,0,0,0,0,-108000,0,0,0,70000,178000,-108000,-108000
06178P,大立光第一99售01,0,0,0,0,0,0,0,0,0,-108000,0,0,0,0,108000,-108000,-108000
063322,台郡群益9B購02  ,0,0,0,0,0,0,0,0,0,-108000,0,0,0,205000,313000,-108000,-108000
065704,華新科群益9C購05,0,0,0,0,0,0,0,0,0,-108000,0,0,0,0,108000,-108000,-108000
065299,燿華元富9C購02  ,0,0,0,0,0,0,0,0,0,-108000,0,0,0,12000,120000,-108000,-108000
064323,滬深2X元大9C購09,0,0,0,0,0,0,0,0,0,-108000,0,0,0,25000,133000,-108000,-108000
064216,矽格凱基01購01  ,0,0,0,0,0,0,0,0,0,-108000,0,0,0,115000,223000,-108000,-108000
6414,樺漢            ,452000,616000,-164000,0,0,0,7000,0,7000,49000,80000,71000,9000,78000,38000,40000,-108000
6443,元晶            ,1930000,2238000,-308000,0,0,0,0,0,0,200000,200000,0,200000,0,0,0,-108000
4720,德淵            ,72000,180000,-108000,0,0,0,0,0,0,0,0,0,0,0,0,0,-108000
3048,益登            ,19000,131000,-112000,0,0,0,0,0,0,4000,4000,0,4000,0,0,0,-108000
2537,聯上發          ,82000,190000,-108000,0,0,0,0,0,0,0,0,0,0,0,0,0,-108000
08393P,鴻海群益9C售05  ,0,0,0,0,0,0,0,0,0,-109000,0,0,0,275000,384000,-109000,-109000
058173,台積電凱基99購04,0,0,0,0,0,0,0,0,0,-109000,0,0,0,0,109000,-109000,-109000
055006,晶相光元富9A購01,0,0,0,0,0,0,0,0,0,-109000,0,0,0,1000,110000,-109000,-109000
061549,泰碩群益9A購01  ,0,0,0,0,0,0,0,0,0,-109000,0,0,0,68000,177000,-109000,-109000
065337,華通統一01購03  ,0,0,0,0,0,0,0,0,0,-109000,0,0,0,0,109000,-109000,-109000
07890P,南電國票9B售01  ,0,0,0,0,0,0,0,0,0,-110000,0,0,0,38000,148000,-110000,-110000
07879P,瑞昱群益9C售01  ,0,0,0,0,0,0,0,0,0,-110000,0,0,0,0,110000,-110000,-110000
06801P,技嘉群益99售02  ,0,0,0,0,0,0,0,0,0,-110000,0,0,0,20000,130000,-110000,-110000
066640,達麗凱基01購01  ,0,0,0,0,0,0,0,0,0,-110000,0,0,0,0,110000,-110000,-110000
058484,元金2X國票04購01,0,0,0,0,0,0,0,0,0,-110000,0,0,0,0,110000,-110000,-110000
058944,元石油群益9C購02,0,0,0,0,0,0,0,0,0,-110000,0,0,0,0,110000,-110000,-110000
063332,矽格國票9B購01  ,0,0,0,0,0,0,0,0,0,-110000,0,0,0,25000,135000,-110000,-110000
063356,台表科元富02購01,0,0,0,0,0,0,0,0,0,-110000,0,0,0,112000,222000,-110000,-110000
063277,大成鋼元大9B購03,0,0,0,0,0,0,0,0,0,-110000,0,0,0,68000,178000,-110000,-110000
063154,南六元富9B購02  ,0,0,0,0,0,0,0,0,0,-110000,0,0,0,32000,142000,-110000,-110000
061302,晶技永豐9A購04  ,0,0,0,0,0,0,0,0,0,-110000,0,0,0,0,110000,-110000,-110000
06503P,臺股指中信9A售02,0,0,0,0,0,0,0,0,0,-110000,0,0,0,620000,730000,-110000,-110000
6668,中揚光          ,62000,174000,-112000,0,0,0,0,0,0,2000,5000,3000,2000,0,0,0,-110000
06696P,台灣50國票99售01,0,0,0,0,0,0,0,0,0,-111000,0,0,0,0,111000,-111000,-111000
07917P,可成永豐9B售01  ,0,0,0,0,0,0,0,0,0,-111000,0,0,0,0,111000,-111000,-111000
058345,台光電群益99購03,0,0,0,0,0,0,0,0,0,-111000,0,0,0,0,111000,-111000,-111000
058373,晶技凱基99購02  ,0,0,0,0,0,0,0,0,0,-111000,0,0,0,0,111000,-111000,-111000
062140,元金2X國票9B購03,0,0,0,0,0,0,0,0,0,-111000,0,0,0,0,111000,-111000,-111000
064902,健策群益01購03  ,0,0,0,0,0,0,0,0,0,-111000,0,0,0,74000,185000,-111000,-111000
057085,立積統一9B購02  ,0,0,0,0,0,0,0,0,0,-112000,0,0,0,71000,183000,-112000,-112000
048383,元金2X國票99購01,0,0,0,0,0,0,0,0,0,-112000,0,0,0,4000,116000,-112000,-112000
064051,新日興統一01購01,0,0,0,0,0,0,0,0,0,-112000,0,0,0,5000,117000,-112000,-112000
2897,王道銀行        ,16000,118000,-102000,0,0,0,0,10000,-10000,0,0,0,0,0,0,0,-112000
07949P,滬深2X元大9B售04,0,0,0,0,0,0,0,0,0,-113000,0,0,0,1000,114000,-113000,-113000
07895P,美律元大9B售01  ,0,0,0,0,0,0,0,0,0,-113000,0,0,0,0,113000,-113000,-113000
062365,台光電元大9B購03,0,0,0,0,0,0,0,0,0,-113000,0,0,0,82000,195000,-113000,-113000
059095,訊芯元大99購01  ,0,0,0,0,0,0,0,0,0,-113000,0,0,0,509000,622000,-113000,-113000
061033,台光電永豐9A購01,0,0,0,0,0,0,0,0,0,-113000,0,0,0,102000,215000,-113000,-113000
063131,聯茂元大9B購03  ,0,0,0,0,0,0,0,0,0,-113000,0,0,0,12000,125000,-113000,-113000
063076,柏文永豐9B購02  ,0,0,0,0,0,0,0,0,0,-113000,0,0,0,7000,120000,-113000,-113000
062061,台勝科統一01購01,0,0,0,0,0,0,0,0,0,-113000,0,0,0,0,113000,-113000,-113000
08187P,大毅群益9B售04  ,0,0,0,0,0,0,0,0,0,-114000,0,0,0,0,114000,-114000,-114000
066733,大立光元大01購10,0,0,0,0,0,0,0,0,0,-114000,0,0,0,0,114000,-114000,-114000
066241,瑞祺富邦03購01  ,0,0,0,0,0,0,0,0,0,-114000,0,0,0,106000,220000,-114000,-114000
058073,大立光凱基99購04,0,0,0,0,0,0,0,0,0,-114000,0,0,0,15000,129000,-114000,-114000
063104,大立光群益9C購02,0,0,0,0,0,0,0,0,0,-114000,0,0,0,0,114000,-114000,-114000
061178,晶技凱基9B購01  ,0,0,0,0,0,0,0,0,0,-114000,0,0,0,0,114000,-114000,-114000
063522,技嘉凱基9B購03  ,0,0,0,0,0,0,0,0,0,-114000,0,0,0,48000,162000,-114000,-114000
063451,漢翔統一9C購01  ,0,0,0,0,0,0,0,0,0,-114000,0,0,0,0,114000,-114000,-114000
8104,錸寶            ,97000,211000,-114000,0,0,0,0,0,0,0,0,0,0,0,0,0,-114000
066450,松翰群益01購01  ,0,0,0,0,0,0,0,0,0,-115000,0,0,0,5000,120000,-115000,-115000
08304P,大立光中信02售01,0,0,0,0,0,0,0,0,0,-115000,0,0,0,6000,121000,-115000,-115000
07593P,臺股指凱基9A售08,0,0,0,0,0,0,0,0,0,-115000,0,0,0,0,115000,-115000,-115000
057804,為升元大98購01  ,0,0,0,0,0,0,0,0,0,-115000,0,0,0,5000,120000,-115000,-115000
060259,潤泰全凱基9C購01,0,0,0,0,0,0,0,0,0,-115000,0,0,0,170000,285000,-115000,-115000
064133,力成元大9C購01  ,0,0,0,0,0,0,0,0,0,-115000,0,0,0,28000,143000,-115000,-115000
065820,瑞祺元富03購01  ,0,0,0,0,0,0,0,0,0,-115000,0,0,0,76000,191000,-115000,-115000
065928,創意國票02購01  ,0,0,0,0,0,0,0,0,0,-115000,0,0,0,61000,176000,-115000,-115000
065951,聯發科統一01購08,0,0,0,0,0,0,0,0,0,-115000,0,0,0,220000,335000,-115000,-115000
065614,緯穎元大01購02  ,0,0,0,0,0,0,0,0,0,-115000,0,0,0,0,115000,-115000,-115000
2405,浩鑫            ,1000,116000,-115000,0,0,0,0,0,0,0,0,0,0,0,0,0,-115000
054559,台光電群益99購01,0,0,0,0,0,0,0,0,0,-116000,0,0,0,0,116000,-116000,-116000
07471P,南亞科元大9A售01,0,0,0,0,0,0,0,0,0,-117000,0,0,0,0,117000,-117000,-117000
1723,中碳            ,136000,284000,-148000,0,0,0,0,0,0,31000,31000,0,31000,0,0,0,-117000
08754P,臺股指群益01售04,0,0,0,0,0,0,0,0,0,-117000,0,0,0,60000,177000,-117000,-117000
066748,同欣電元大01購03,60000,0,60000,0,0,0,0,0,0,-177000,0,0,0,31000,208000,-177000,-117000
061421,台積電元大9A購29,0,0,0,0,0,0,0,0,0,-117000,0,0,0,100000,217000,-117000,-117000
063454,瑞儀統一9B購01  ,0,0,0,0,0,0,0,0,0,-117000,0,0,0,1000,118000,-117000,-117000
2472,立隆電          ,199000,319000,-120000,0,0,0,0,0,0,3000,6000,3000,3000,0,0,0,-117000
4426,利勤            ,31000,141000,-110000,0,0,0,0,0,0,-7000,0,0,0,0,7000,-7000,-117000
06761P,台積電元大99售05,0,0,0,0,0,0,0,0,0,-118000,0,0,0,0,118000,-118000,-118000
054371,台積電中信9C購01,0,0,0,0,0,0,0,0,0,-118000,0,0,0,99000,217000,-118000,-118000
059865,國巨凱基01購01  ,0,0,0,0,0,0,0,0,0,-118000,0,0,0,124000,242000,-118000,-118000
066622,南帝凱基01購01  ,0,0,0,0,0,0,0,0,0,-119000,0,0,0,0,119000,-119000,-119000
057764,台表科凱基9A購01,0,0,0,0,0,0,0,0,0,-119000,0,0,0,107000,226000,-119000,-119000
057554,新日興凱基99購02,0,0,0,0,0,0,0,0,0,-119000,0,0,0,69000,188000,-119000,-119000
058722,台郡元富99購01  ,0,0,0,0,0,0,0,0,0,-119000,0,0,0,0,119000,-119000,-119000
064705,新光金富邦01購01,0,0,0,0,0,0,0,0,0,-119000,0,0,0,408000,527000,-119000,-119000
065379,立積元大01購01  ,0,0,0,0,0,0,0,0,0,-119000,0,0,0,10000,129000,-119000,-119000
065717,創意中信9C購02  ,0,0,0,0,0,0,0,0,0,-119000,0,0,0,33000,152000,-119000,-119000
064933,矽創統一01購01  ,0,0,0,0,0,0,0,0,0,-119000,0,0,0,85000,204000,-119000,-119000
065238,聯茂凱基02購01  ,0,0,0,0,0,0,0,0,0,-119000,0,0,0,10000,129000,-119000,-119000
07715P,台灣50群益9A售14,0,0,0,0,0,0,0,0,0,-120000,0,0,0,0,120000,-120000,-120000
08026P,臺股指凱基9B售12,0,0,0,0,0,0,0,0,0,-120000,0,0,0,0,120000,-120000,-120000
062488,台光電永豐9B購02,0,0,0,0,0,0,0,0,0,-120000,0,0,0,0,120000,-120000,-120000
00766L,台新MSCI中國正2 ,0,0,0,0,0,0,0,0,0,-120000,0,0,0,749000,869000,-120000,-120000
061477,晶豪科元大9A購01,0,0,0,0,0,0,0,0,0,-120000,0,0,0,0,120000,-120000,-120000
062012,燿華富邦9C購01  ,0,0,0,0,0,0,0,0,0,-120000,0,0,0,108000,228000,-120000,-120000
064238,玉晶光統一01購08,0,0,0,0,0,0,0,0,0,-120000,0,0,0,1000,121000,-120000,-120000
3149,正達            ,2000,122000,-120000,0,0,0,0,0,0,0,0,0,0,0,0,0,-120000
057587,微星國票99購01  ,0,0,0,0,0,0,0,0,0,-121000,0,0,0,0,121000,-121000,-121000
057931,正崴群益98購02  ,0,0,0,0,0,0,0,0,0,-121000,0,0,0,13000,134000,-121000,-121000
060489,世紀鋼群益9A購01,0,0,0,0,0,0,0,0,0,-121000,0,0,0,0,121000,-121000,-121000
063911,大立光凱基9C購03,0,0,0,0,0,0,0,0,0,-121000,0,0,0,13000,134000,-121000,-121000
063736,大立光元大9B購08,0,0,0,0,0,0,0,0,0,-122000,0,0,0,0,122000,-122000,-122000
1702,南僑            ,4000,127000,-123000,0,0,0,0,0,0,0,0,0,0,0,0,0,-123000
066486,台光電元富01購02,0,0,0,0,0,0,0,0,0,-123000,0,0,0,412000,535000,-123000,-123000
057683,技嘉日盛98購01  ,0,0,0,0,0,0,0,0,0,-123000,0,0,0,179000,302000,-123000,-123000
063232,裕隆元大9B購01  ,0,0,0,0,0,0,0,0,0,-123000,0,0,0,141000,264000,-123000,-123000
065977,旭富元大02購01  ,0,0,0,0,0,0,0,0,0,-123000,0,0,0,25000,148000,-123000,-123000
063247,信邦元大9B購02  ,0,0,0,0,0,0,0,0,0,-124000,0,0,0,227000,351000,-124000,-124000
064831,宏達電統一02購01,0,0,0,0,0,0,0,0,0,-124000,0,0,0,76000,200000,-124000,-124000
064193,華新群益9C購01  ,0,0,0,0,0,0,0,0,0,-124000,0,0,0,107000,231000,-124000,-124000
066339,總太永豐01購01  ,0,0,0,0,0,0,0,0,0,-125000,0,0,0,0,125000,-125000,-125000
066231,友訊富邦02購01  ,0,0,0,0,0,0,0,0,0,-125000,0,0,0,0,125000,-125000,-125000
08826P,健策元大01售08  ,0,0,0,0,0,0,0,0,0,-125000,0,0,0,0,125000,-125000,-125000
057009,信邦中信99購01  ,0,0,0,0,0,0,0,0,0,-125000,0,0,0,367000,492000,-125000,-125000
061164,燿華兆豐9B購01  ,0,0,0,0,0,0,0,0,0,-125000,0,0,0,83000,208000,-125000,-125000
060513,緯穎元大9B購01  ,0,0,0,0,0,0,0,0,0,-125000,0,0,0,0,125000,-125000,-125000
059814,SP黃豆凱基9A購02,0,0,0,0,0,0,0,0,0,-125000,0,0,0,0,125000,-125000,-125000
064078,台積電中信06購04,0,0,0,0,0,0,0,0,0,-125000,0,0,0,25000,150000,-125000,-125000
064820,裕隆統一9C購01  ,0,0,0,0,0,0,0,0,0,-125000,0,0,0,242000,367000,-125000,-125000
065132,臻鼎兆豐01購01  ,0,0,0,0,0,0,0,0,0,-125000,0,0,0,200000,325000,-125000,-125000
057109,信邦群益98購01  ,0,0,0,0,0,0,0,0,0,-126000,0,0,0,10000,136000,-126000,-126000
058297,茂林凱基9A購02  ,0,0,0,0,0,0,0,0,0,-126000,0,0,0,0,126000,-126000,-126000
00665L,富邦恒生國企正2 ,0,87000,-87000,0,0,0,0,0,0,-39000,0,0,0,203000,242000,-39000,-126000
060072,國巨元富99購04  ,0,0,0,0,0,0,0,0,0,-126000,0,0,0,0,126000,-126000,-126000
062919,聯茂元大9B購01  ,0,0,0,0,0,0,0,0,0,-126000,0,0,0,11000,137000,-126000,-126000
062915,嘉澤元大9B購03  ,0,0,0,0,0,0,0,0,0,-126000,0,0,0,94000,220000,-126000,-126000
064330,燿華元大9C購02  ,0,0,0,0,0,0,0,0,0,-126000,0,0,0,36000,162000,-126000,-126000
053358,晶技統一98購01  ,0,0,0,0,0,0,0,0,0,-127000,0,0,0,0,127000,-127000,-127000
058670,鴻海群益9A購03  ,0,0,0,0,0,0,0,0,0,-127000,0,0,0,38000,165000,-127000,-127000
063920,大立光元富03購02,0,0,0,0,0,0,0,0,0,-127000,0,0,0,0,127000,-127000,-127000
3694,海華            ,179000,306000,-127000,0,0,0,0,0,0,0,0,0,0,0,0,0,-127000
4961,天鈺            ,91000,218000,-127000,0,0,0,0,0,0,0,0,0,0,0,0,0,-127000
2467,志聖            ,52000,179000,-127000,0,0,0,0,0,0,0,0,0,0,0,0,0,-127000
9914,美利達          ,814000,1013000,-199000,0,0,0,203000,36000,167000,-95000,22000,37000,-15000,7000,87000,-80000,-127000
066859,華擎國票02購01  ,0,0,0,0,0,0,0,0,0,-128000,0,0,0,0,128000,-128000,-128000
07055P,景碩群益9A售02  ,0,0,0,0,0,0,0,0,0,-128000,0,0,0,0,128000,-128000,-128000
00703,台新MSCI中國    ,3000,3000,0,0,0,0,0,0,0,-128000,0,0,0,312000,440000,-128000,-128000
065048,世芯凱基01購01  ,0,0,0,0,0,0,0,0,0,-128000,0,0,0,100000,228000,-128000,-128000
064808,國產元大9C購02  ,0,0,0,0,0,0,0,0,0,-128000,0,0,0,132000,260000,-128000,-128000
065404,玉晶光國泰02購03,0,0,0,0,0,0,0,0,0,-128000,0,0,0,198000,326000,-128000,-128000
2428,興勤            ,108000,203000,-95000,0,0,0,0,0,0,-33000,0,3000,-3000,0,30000,-30000,-128000
066031,力成群益01購01  ,0,0,0,0,0,0,0,0,0,-129000,0,0,0,83000,212000,-129000,-129000
066104,鎧勝國票02購01  ,0,0,0,0,0,0,0,0,0,-129000,0,0,0,66000,195000,-129000,-129000
07058P,台積電凱基9A售07,0,0,0,0,0,0,0,0,0,-130000,0,0,0,0,130000,-130000,-130000
067052,帆宣凱基02購01  ,0,0,0,0,0,0,0,0,0,-130000,0,0,0,0,130000,-130000,-130000
1708,東鹼            ,20000,147000,-127000,0,0,0,0,0,0,-3000,0,3000,-3000,0,0,0,-130000
07527P,台灣50凱基9B售02,0,0,0,0,0,0,0,0,0,-130000,0,0,0,0,130000,-130000,-130000
054640,健策中信9B購01  ,0,0,0,0,0,0,0,0,0,-130000,0,0,0,7000,137000,-130000,-130000
058149,百和元大99購02  ,0,0,0,0,0,0,0,0,0,-130000,0,0,0,0,130000,-130000,-130000
057537,聯茂元大98購04  ,0,0,0,0,0,0,0,0,0,-130000,0,0,0,0,130000,-130000,-130000
057954,宏碁元大99購01  ,0,0,0,0,0,0,0,0,0,-130000,0,0,0,170000,300000,-130000,-130000
064044,台光電統一01購03,0,0,0,0,0,0,0,0,0,-130000,0,0,0,0,130000,-130000,-130000
06437P,玉晶光國票99售01,0,0,0,0,0,0,0,0,0,-130000,0,0,0,76000,206000,-130000,-130000
064569,群創群益9C購01  ,0,0,0,0,0,0,0,0,0,-130000,0,0,0,212000,342000,-130000,-130000
056947,國巨統一9A購01  ,0,0,0,0,0,0,0,0,0,-131000,0,0,0,20000,151000,-131000,-131000
055570,華通統一98購03  ,0,0,0,0,0,0,0,0,0,-131000,0,0,0,2000,133000,-131000,-131000
056455,群創凱基9A購01  ,0,0,0,0,0,0,0,0,0,-131000,0,0,0,115000,246000,-131000,-131000
062063,世紀鋼統一9C購01,0,0,0,0,0,0,0,0,0,-131000,0,0,0,0,131000,-131000,-131000
062638,茂林國票9C購01  ,0,0,0,0,0,0,0,0,0,-131000,0,0,0,13000,144000,-131000,-131000
065585,聯發科富邦03購02,0,0,0,0,0,0,0,0,0,-131000,0,0,0,134000,265000,-131000,-131000
064839,旭富統一9C購01  ,0,0,0,0,0,0,0,0,0,-131000,0,0,0,0,131000,-131000,-131000
1340,勝悅-KY         ,4000,136000,-132000,0,0,0,0,0,0,0,0,0,0,0,0,0,-132000
065988,晶技永豐01購01  ,0,0,0,0,0,0,0,0,0,-132000,0,0,0,12000,144000,-132000,-132000
057408,台郡群益98購01  ,0,0,0,0,0,0,0,0,0,-132000,0,0,0,0,132000,-132000,-132000
062674,百和中信03購01  ,0,0,0,0,0,0,0,0,0,-132000,0,0,0,0,132000,-132000,-132000
1303,南亞            ,3119770,2970492,149278,0,0,0,383000,379000,4000,-286000,0,210000,-210000,5000,81000,-76000,-132722
08472P,和碩凱基9C售02  ,0,0,0,0,0,0,0,0,0,-133000,0,0,0,0,133000,-133000,-133000
066588,台積電群益01購06,0,0,0,0,0,0,0,0,0,-133000,0,0,0,45000,178000,-133000,-133000
061902,百和永豐9B購01  ,0,0,0,0,0,0,0,0,0,-133000,0,0,0,0,133000,-133000,-133000
06326P,鴻海中信01售01  ,0,0,0,0,0,0,0,0,0,-133000,0,0,0,220000,353000,-133000,-133000
065775,神隆國泰03購01  ,0,0,0,0,0,0,0,0,0,-133000,0,0,0,2000,135000,-133000,-133000
064678,嘉晶兆豐01購01  ,0,0,0,0,0,0,0,0,0,-133000,0,0,0,119000,252000,-133000,-133000
9136,巨騰-DR         ,17000,150000,-133000,0,0,0,0,0,0,0,1000,1000,0,0,0,0,-133000
066246,中化元大01購01  ,0,0,0,0,0,0,0,0,0,-134000,0,0,0,36000,170000,-134000,-134000
00671R,富邦NASDAQ反1   ,15000,6000,9000,0,0,0,0,0,0,-143000,0,0,0,1383000,1526000,-143000,-134000
062280,大立光群益9C購01,0,0,0,0,0,0,0,0,0,-134000,0,0,0,19000,153000,-134000,-134000
061901,柏文永豐9B購01  ,0,0,0,0,0,0,0,0,0,-134000,0,0,0,15000,149000,-134000,-134000
064516,華通群益02購01  ,0,0,0,0,0,0,0,0,0,-134000,0,0,0,0,134000,-134000,-134000
065944,大成鋼統一02購01,0,0,0,0,0,0,0,0,0,-134000,0,0,0,40000,174000,-134000,-134000
065463,大立光中信01購02,0,0,0,0,0,0,0,0,0,-134000,0,0,0,680000,814000,-134000,-134000
065295,旭富群益9C購02  ,0,0,0,0,0,0,0,0,0,-134000,0,0,0,3000,137000,-134000,-134000
07085P,超眾元富9C售01  ,0,0,0,0,0,0,0,0,0,-135000,0,0,0,150000,285000,-135000,-135000
066967,台積電元富07購03,0,0,0,0,0,0,0,0,0,-135000,0,0,0,204000,339000,-135000,-135000
057868,大立光凱基98購18,0,0,0,0,0,0,0,0,0,-135000,0,0,0,0,135000,-135000,-135000
064725,緯創統一02購01  ,0,0,0,0,0,0,0,0,0,-135000,0,0,0,90000,225000,-135000,-135000
063995,健鼎群益9C購01  ,0,0,0,0,0,0,0,0,0,-135000,0,0,0,15000,150000,-135000,-135000
055787,聯茂凱基99購01  ,0,0,0,0,0,0,0,0,0,-136000,0,0,0,10000,146000,-136000,-136000
063762,緯穎統一9C購01  ,0,0,0,0,0,0,0,0,0,-136000,0,0,0,0,136000,-136000,-136000
065055,臺股指凱基02購04,0,0,0,0,0,0,0,0,0,-136000,0,0,0,275000,411000,-136000,-136000
9940,信義            ,4000,140000,-136000,0,0,0,0,0,0,0,0,0,0,0,0,0,-136000
8081,致新            ,152000,262000,-110000,0,0,0,0,0,0,-26000,0,14000,-14000,4000,16000,-12000,-136000
08093P,英業達元富9B售02,0,0,0,0,0,0,0,0,0,-137000,0,0,0,101000,238000,-137000,-137000
057977,台光電永豐98購02,0,0,0,0,0,0,0,0,0,-137000,0,0,0,26000,163000,-137000,-137000
2607,榮運            ,6000,143000,-137000,0,0,0,0,0,0,0,0,0,0,0,0,0,-137000
08593P,聯發科凱基9C售13,0,0,0,0,0,0,0,0,0,-138000,0,0,0,40000,178000,-138000,-138000
08610P,鴻海凱基9C售05  ,0,0,0,0,0,0,0,0,0,-138000,0,0,0,29000,167000,-138000,-138000
1532,勤美            ,40000,178000,-138000,0,0,0,0,0,0,0,0,0,0,0,0,0,-138000
062229,南六統一9B購01  ,0,0,0,0,0,0,0,0,0,-138000,0,0,0,12000,150000,-138000,-138000
054923,晶技凱基98購01  ,0,0,0,0,0,0,0,0,0,-138000,0,0,0,8000,146000,-138000,-138000
063192,技嘉台新9B購01  ,0,0,0,0,0,0,0,0,0,-138000,0,0,0,19000,157000,-138000,-138000
061416,聯茂群益9A購01  ,0,0,0,0,0,0,0,0,0,-138000,0,0,0,0,138000,-138000,-138000
061263,微星凱基9A購01  ,0,0,0,0,0,0,0,0,0,-138000,0,0,0,11000,149000,-138000,-138000
066449,瀚宇博群益01購01,0,0,0,0,0,0,0,0,0,-139000,0,0,0,177000,316000,-139000,-139000
03432B,臺股指凱基98熊13,0,0,0,0,0,0,0,0,0,-139000,0,0,0,315000,454000,-139000,-139000
06485P,玉晶光群益9A售02,0,0,0,0,0,0,0,0,0,-139000,0,0,0,50000,189000,-139000,-139000
064978,群創元大9C購07  ,0,0,0,0,0,0,0,0,0,-139000,0,0,0,473000,612000,-139000,-139000
063615,瑞祺群益9B購03  ,0,0,0,0,0,0,0,0,0,-139000,0,0,0,0,139000,-139000,-139000
3018,同開            ,175000,314000,-139000,0,0,0,0,0,0,0,0,0,0,0,0,0,-139000
066702,開發金群益03購01,0,0,0,0,0,0,0,0,0,-140000,0,0,0,0,140000,-140000,-140000
1215,卜蜂            ,36000,172000,-136000,0,0,0,0,0,0,-4000,0,0,0,0,4000,-4000,-140000
07839P,嘉澤元大9A售04  ,0,0,0,0,0,0,0,0,0,-140000,0,0,0,10000,150000,-140000,-140000
07844P,可成國票9A售01  ,0,0,0,0,0,0,0,0,0,-140000,0,0,0,0,140000,-140000,-140000
057004,滬深反中信9A購01,0,0,0,0,0,0,0,0,0,-140000,0,0,0,0,140000,-140000,-140000
063340,英業達統一9B購01,0,0,0,0,0,0,0,0,0,-140000,0,0,0,8000,148000,-140000,-140000
062874,微星兆豐9B購01  ,0,0,0,0,0,0,0,0,0,-140000,0,0,0,221000,361000,-140000,-140000
064106,國巨兆豐9C購04  ,0,0,0,0,0,0,0,0,0,-140000,0,0,0,0,140000,-140000,-140000
064833,新光金統一02購01,0,0,0,0,0,0,0,0,0,-140000,0,0,0,260000,400000,-140000,-140000
2031,新光鋼          ,57000,214000,-157000,0,0,0,0,0,0,16000,16000,0,16000,0,0,0,-141000
057563,旭富國泰9A購01  ,0,0,0,0,0,0,0,0,0,-141000,0,0,0,0,141000,-141000,-141000
065671,大立光凱基9C購07,0,0,0,0,0,0,0,0,0,-141000,0,0,0,73000,214000,-141000,-141000
1476,儒鴻            ,208712,337000,-128288,0,0,0,1000,6000,-5000,-8000,0,4000,-4000,7000,11000,-4000,-141288
07670P,茂林元大9A售02  ,0,0,0,0,0,0,0,0,0,-142000,0,0,0,284000,426000,-142000,-142000
057260,微星兆豐98購01  ,0,0,0,0,0,0,0,0,0,-142000,0,0,0,0,142000,-142000,-142000
053323,群創群益98購07  ,0,0,0,0,0,0,0,0,0,-142000,0,0,0,0,142000,-142000,-142000
056609,楠梓電永豐98購02,0,0,0,0,0,0,0,0,0,-142000,0,0,0,0,142000,-142000,-142000
061703,信邦國票9A購01  ,0,0,0,0,0,0,0,0,0,-142000,0,0,0,2000,144000,-142000,-142000
063576,台表科元大9B購08,0,0,0,0,0,0,0,0,0,-142000,0,0,0,80000,222000,-142000,-142000
07757P,國巨國票9B售04  ,0,0,0,0,0,0,0,0,0,-143000,0,0,0,5000,148000,-143000,-143000
066815,華擎兆豐03購01  ,0,0,0,0,0,0,0,0,0,-143000,0,0,0,10000,153000,-143000,-143000
00706L,元大S&P日圓正2  ,0,0,0,0,0,0,0,0,0,-143000,0,0,0,1000,144000,-143000,-143000
061036,晶技永豐9A購03  ,0,0,0,0,0,0,0,0,0,-143000,0,0,0,2000,145000,-143000,-143000
064689,台積電群益9C購09,0,0,0,0,0,0,0,0,0,-143000,0,0,0,0,143000,-143000,-143000
065747,華通元大9C購07  ,0,0,0,0,0,0,0,0,0,-143000,0,0,0,68000,211000,-143000,-143000
08453P,玉晶光台新9C售02,0,0,0,0,0,0,0,0,0,-144000,0,0,0,580000,724000,-144000,-144000
058514,潤泰全元大99購01,0,0,0,0,0,0,0,0,0,-144000,0,0,0,0,144000,-144000,-144000
064406,健策凱基03購01  ,0,0,0,0,0,0,0,0,0,-144000,0,0,0,33000,177000,-144000,-144000
08819P,上証2X凱基02售01,0,0,0,0,0,0,0,0,0,-145000,0,0,0,0,145000,-145000,-145000
1760,寶齡富錦        ,345000,489000,-144000,0,0,0,0,0,0,-1000,0,1000,-1000,0,0,0,-145000
07950P,智邦元大9B售04  ,0,0,0,0,0,0,0,0,0,-145000,0,0,0,0,145000,-145000,-145000
07991P,鴻海群益9C售02  ,0,0,0,0,0,0,0,0,0,-145000,0,0,0,25000,170000,-145000,-145000
07053P,台灣50兆豐01售01,0,0,0,0,0,0,0,0,0,-145000,0,0,0,801000,946000,-145000,-145000
061490,茂林兆豐9B購01  ,0,0,0,0,0,0,0,0,0,-145000,0,0,0,10000,155000,-145000,-145000
064368,日月光統一01購01,0,0,0,0,0,0,0,0,0,-145000,0,0,0,80000,225000,-145000,-145000
2809,京城銀          ,406000,486000,-80000,0,0,0,0,4000,-4000,-61000,0,0,0,1000,62000,-61000,-145000
066495,技嘉國泰03購01  ,0,0,0,0,0,0,0,0,0,-146000,0,0,0,0,146000,-146000,-146000
07850P,健策群益9A售06  ,0,0,0,0,0,0,0,0,0,-146000,0,0,0,0,146000,-146000,-146000
046949,群創元大99購01  ,0,0,0,0,0,0,0,0,0,-146000,0,0,0,588000,734000,-146000,-146000
064048,大立光統一9C購07,0,0,0,0,0,0,0,0,0,-146000,0,0,0,464000,610000,-146000,-146000
6452,康友-KY         ,29000,166000,-137000,0,0,0,0,0,0,-9000,0,0,0,2000,11000,-9000,-146000
08296P,同欣電元大9C售04,0,0,0,0,0,0,0,0,0,-147000,0,0,0,10000,157000,-147000,-147000
066021,華通群益02購03  ,0,0,0,0,0,0,0,0,0,-147000,0,0,0,0,147000,-147000,-147000
00652,富邦印度        ,5000,130000,-125000,0,0,0,0,0,0,-22000,0,0,0,43000,65000,-22000,-147000
057716,神達統一98購01  ,0,0,0,0,0,0,0,0,0,-147000,0,0,0,445000,592000,-147000,-147000
05995P,T50正2中信9C售01,0,0,0,0,0,0,0,0,0,-147000,0,0,0,165000,312000,-147000,-147000
2442,新美齊          ,44000,180000,-136000,0,0,0,0,2000,-2000,-9000,0,9000,-9000,0,0,0,-147000
3040,遠見            ,26000,173000,-147000,0,0,0,0,0,0,0,0,0,0,0,0,0,-147000
066367,緯創中信05購01  ,0,0,0,0,0,0,0,0,0,-148000,0,0,0,0,148000,-148000,-148000
066799,台光電凱基01購02,0,0,0,0,0,0,0,0,0,-148000,0,0,0,0,148000,-148000,-148000
07920P,大立光中信01售01,0,0,0,0,0,0,0,0,0,-148000,0,0,0,7000,155000,-148000,-148000
03688C,T50反1凱基03牛02,0,0,0,0,0,0,0,0,0,-148000,0,0,0,0,148000,-148000,-148000
055168,光罩統一98購01  ,0,0,0,0,0,0,0,0,0,-148000,0,0,0,0,148000,-148000,-148000
064680,創意兆豐01購01  ,0,0,0,0,0,0,0,0,0,-148000,0,0,0,7000,155000,-148000,-148000
065514,建準群益9C購01  ,0,0,0,0,0,0,0,0,0,-148000,0,0,0,58000,206000,-148000,-148000
6669,緯穎            ,277994,509000,-231006,0,0,0,99000,18000,81000,2000,13000,9000,4000,3000,5000,-2000,-148006
07927P,國巨統一9B售08  ,0,0,0,0,0,0,0,0,0,-149000,0,0,0,20000,169000,-149000,-149000
066876,大立光富邦05購01,0,0,0,0,0,0,0,0,0,-149000,0,0,0,188000,337000,-149000,-149000
060308,劍麟永豐9A購01  ,0,0,0,0,0,0,0,0,0,-149000,0,0,0,0,149000,-149000,-149000
6670,復盛應用        ,24000,91000,-67000,0,0,0,0,82000,-82000,0,0,0,0,0,0,0,-149000
6251,定穎            ,675000,824000,-149000,0,0,0,0,0,0,0,0,0,0,0,0,0,-149000
06760P,台積電元大98售18,0,0,0,0,0,0,0,0,0,-150000,0,0,0,0,150000,-150000,-150000
06841P,臺股指統一9A售02,0,0,0,0,0,0,0,0,0,-150000,0,0,0,0,150000,-150000,-150000
066589,英業達群益01購01,0,0,0,0,0,0,0,0,0,-150000,0,0,0,42000,192000,-150000,-150000
1229,聯華            ,202000,352000,-150000,0,0,0,0,0,0,0,0,0,0,0,0,0,-150000
055688,力成凱基98購02  ,0,0,0,0,0,0,0,0,0,-150000,0,0,0,0,150000,-150000,-150000
058652,SGBR2X中信01購01,0,0,0,0,0,0,0,0,0,-150000,0,0,0,0,150000,-150000,-150000
057119,微星康和98購01  ,0,0,0,0,0,0,0,0,0,-150000,0,0,0,59000,209000,-150000,-150000
060742,臺指反國票9B購02,0,0,0,0,0,0,0,0,0,-150000,0,0,0,0,150000,-150000,-150000
060233,宏碁元大9A購01  ,0,0,0,0,0,0,0,0,0,-150000,0,0,0,0,150000,-150000,-150000
064664,微星元大9C購04  ,0,0,0,0,0,0,0,0,0,-150000,0,0,0,136000,286000,-150000,-150000
8429,金麗-KY         ,47100,198000,-150900,0,0,0,0,0,0,0,0,0,0,0,0,0,-150900
08772P,滬深2X凱基03售03,0,0,0,0,0,0,0,0,0,-151000,0,0,0,0,151000,-151000,-151000
064573,復盛群益9C購01  ,0,0,0,0,0,0,0,0,0,-151000,0,0,0,0,151000,-151000,-151000
064040,鴻海統一9C購18  ,0,0,0,0,0,0,0,0,0,-151000,0,0,0,93000,244000,-151000,-151000
065528,FBVIX中信04購01 ,0,0,0,0,0,0,0,0,0,-151000,0,0,0,1000,152000,-151000,-151000
9955,佳龍            ,106000,257000,-151000,0,0,0,0,0,0,0,0,0,0,0,0,0,-151000
07208P,台積電凱基99售14,0,0,0,0,0,0,0,0,0,-152000,0,0,0,0,152000,-152000,-152000
065609,嘉澤元大01購02  ,0,0,0,0,0,0,0,0,0,-152000,0,0,0,314000,466000,-152000,-152000
065745,裕隆元大9C購03  ,0,0,0,0,0,0,0,0,0,-152000,0,0,0,117000,269000,-152000,-152000
064365,美食統一01購02  ,0,0,0,0,0,0,0,0,0,-152000,0,0,0,0,152000,-152000,-152000
6116,彩晶            ,1399000,1491000,-92000,0,0,0,0,0,0,-60000,56000,20000,36000,24000,120000,-96000,-152000
3338,泰碩            ,166000,226000,-60000,0,0,0,0,108000,-108000,16000,0,3000,-3000,34000,15000,19000,-152000
3605,宏致            ,211000,143000,68000,0,0,0,0,0,0,-220000,0,220000,-220000,0,0,0,-152000
08300P,世芯國票01售01  ,0,0,0,0,0,0,0,0,0,-153000,0,0,0,97000,250000,-153000,-153000
057774,台光電群益99購02,0,0,0,0,0,0,0,0,0,-153000,0,0,0,10000,163000,-153000,-153000
055652,聯詠元富01購01  ,0,0,0,0,0,0,0,0,0,-153000,0,0,0,10000,163000,-153000,-153000
065534,台光電統一9C購02,0,0,0,0,0,0,0,0,0,-153000,0,0,0,214000,367000,-153000,-153000
3563,牧德            ,62000,169000,-107000,0,0,0,0,40000,-40000,-6000,4000,0,4000,13000,23000,-10000,-153000
06862P,大立光凱基98售16,0,0,0,0,0,0,0,0,0,-154000,0,0,0,0,154000,-154000,-154000
066006,大立光統一01購07,0,0,0,0,0,0,0,0,0,-154000,0,0,0,0,154000,-154000,-154000
057317,技嘉凱基98購02  ,0,0,0,0,0,0,0,0,0,-154000,0,0,0,64000,218000,-154000,-154000
060573,力成永豐9A購01  ,0,0,0,0,0,0,0,0,0,-154000,0,0,0,75000,229000,-154000,-154000
061970,大立光統一9C購03,0,0,0,0,0,0,0,0,0,-154000,0,0,0,0,154000,-154000,-154000
066503,台積電富邦05購02,230000,0,230000,0,0,0,0,0,0,-385000,0,0,0,8000,393000,-385000,-155000
08825P,義隆元大01售04  ,0,0,0,0,0,0,0,0,0,-155000,0,0,0,0,155000,-155000,-155000
03840P,台積電統一99售02,0,0,0,0,0,0,0,0,0,-155000,0,0,0,0,155000,-155000,-155000
060428,瑞祺永豐9A購01  ,0,0,0,0,0,0,0,0,0,-155000,0,0,0,197000,352000,-155000,-155000
062124,大立光統一9B購09,0,0,0,0,0,0,0,0,0,-155000,0,0,0,0,155000,-155000,-155000
065119,大立光富邦03購03,0,0,0,0,0,0,0,0,0,-155000,0,0,0,606000,761000,-155000,-155000
063926,南亞科統一03購01,0,0,0,0,0,0,0,0,0,-155000,0,0,0,187000,342000,-155000,-155000
8249,菱光            ,4000,159000,-155000,0,0,0,0,0,0,0,0,0,0,0,0,0,-155000
08568P,臺股指富邦9C售05,0,0,0,0,0,0,0,0,0,-156000,0,0,0,0,156000,-156000,-156000
08250P,GIS群益9C售02   ,0,0,0,0,0,0,0,0,0,-156000,0,0,0,6000,162000,-156000,-156000
08018P,牧德國票9B售04  ,0,0,0,0,0,0,0,0,0,-156000,0,0,0,0,156000,-156000,-156000
066191,惠特凱基01購02  ,0,0,0,0,0,0,0,0,0,-156000,0,0,0,0,156000,-156000,-156000
057578,可成中信99購01  ,0,0,0,0,0,0,0,0,0,-156000,0,0,0,34000,190000,-156000,-156000
062413,台光電中信9B購02,0,0,0,0,0,0,0,0,0,-156000,0,0,0,113000,269000,-156000,-156000
061974,光寶科元大9B購01,0,0,0,0,0,0,0,0,0,-156000,0,0,0,70000,226000,-156000,-156000
8011,台通            ,99000,255000,-156000,0,0,0,0,0,0,0,0,0,0,0,0,0,-156000
062163,大毅國泰01購01  ,0,0,0,0,0,0,0,0,0,-157000,0,0,0,218000,375000,-157000,-157000
065320,技嘉凱基9C購02  ,0,0,0,0,0,0,0,0,0,-157000,0,0,0,94000,251000,-157000,-157000
056410,康控國票99購01  ,0,0,0,0,0,0,0,0,0,-158000,0,0,0,40000,198000,-158000,-158000
065099,聯茂元大9C購03  ,0,0,0,0,0,0,0,0,0,-158000,0,0,0,11000,169000,-158000,-158000
065429,微星凱基02購02  ,0,0,0,0,0,0,0,0,0,-158000,0,0,0,18000,176000,-158000,-158000
063992,大立光中信9C購03,0,0,0,0,0,0,0,0,0,-158000,0,0,0,2000,160000,-158000,-158000
066785,台光電麥證01購01,0,0,0,0,159000,-159000,0,0,0,-159000,0,0,0,0,159000,-159000,-159000
08233P,國泰金元富9B售01,0,0,0,0,0,0,0,0,0,-159000,0,0,0,55000,214000,-159000,-159000
058236,大立光元大99購09,0,0,0,0,0,0,0,0,0,-159000,0,0,0,51000,210000,-159000,-159000
060934,台汽電永豐9A購02,0,0,0,0,0,0,0,0,0,-159000,0,0,0,165000,324000,-159000,-159000
065972,聯發科元大01購07,0,0,0,0,0,0,0,0,0,-159000,0,0,0,84000,243000,-159000,-159000
064913,燿華統一02購01  ,0,0,0,0,0,0,0,0,0,-159000,0,0,0,35000,194000,-159000,-159000
3530,晶相光          ,114000,264000,-150000,0,0,0,0,0,0,-9000,0,0,0,1000,10000,-9000,-159000
2606,裕民            ,21000,175000,-154000,0,0,0,0,5000,-5000,0,0,0,0,0,0,0,-159000
07957P,晶技群益9B售02  ,0,0,0,0,0,0,0,0,0,-160000,0,0,0,0,160000,-160000,-160000
07827P,台灣50中信9C售01,0,0,0,0,0,0,0,0,0,-160000,0,0,0,0,160000,-160000,-160000
07543P,台積電凱基9A售17,0,0,0,0,0,0,0,0,0,-160000,0,0,0,0,160000,-160000,-160000
06954P,大立光元富99售01,0,0,0,0,0,0,0,0,0,-160000,0,0,0,50000,210000,-160000,-160000
062680,微星統一01購01  ,0,0,0,0,0,0,0,0,0,-160000,0,0,0,641000,801000,-160000,-160000
064259,矽格富邦9C購01  ,0,0,0,0,0,0,0,0,0,-160000,0,0,0,84000,244000,-160000,-160000
08074P,緯穎元富9B售02  ,0,0,0,0,0,0,0,0,0,-161000,0,0,0,3000,164000,-161000,-161000
08598P,立積元大9C售04  ,0,0,0,0,0,0,0,0,0,-161000,0,0,0,538000,699000,-161000,-161000
08521P,台達電元大9C售03,0,0,0,0,0,0,0,0,0,-161000,0,0,0,58000,219000,-161000,-161000
053291,旺宏中信9A購01  ,0,0,0,0,0,0,0,0,0,-161000,0,0,0,0,161000,-161000,-161000
061293,聯茂統一9A購01  ,0,0,0,0,0,0,0,0,0,-161000,0,0,0,74000,235000,-161000,-161000
061649,緯穎元大9A購06  ,0,0,0,0,0,0,0,0,0,-161000,0,0,0,0,161000,-161000,-161000
063596,嘉澤中信9B購01  ,0,0,0,0,0,0,0,0,0,-161000,0,0,0,554000,715000,-161000,-161000
065519,台勝科群益9C購02,0,0,0,0,0,0,0,0,0,-161000,0,0,0,2000,163000,-161000,-161000
3060,銘異            ,79000,228000,-149000,0,0,0,0,0,0,-12000,0,12000,-12000,0,0,0,-161000
066433,南六元大02購01  ,0,0,0,0,0,0,0,0,0,-162000,0,0,0,17000,179000,-162000,-162000
2453,凌群            ,17000,179000,-162000,0,0,0,0,0,0,0,0,0,0,0,0,0,-162000
066372,惠特中信01購01  ,0,0,0,0,0,0,0,0,0,-163000,0,0,0,21000,184000,-163000,-163000
066282,鎧勝元大01購01  ,0,0,0,0,0,0,0,0,0,-163000,0,0,0,206000,369000,-163000,-163000
066641,台郡凱基03購01  ,0,0,0,0,0,0,0,0,0,-163000,0,0,0,0,163000,-163000,-163000
066670,貿聯凱基01購01  ,0,0,0,0,0,0,0,0,0,-163000,0,0,0,0,163000,-163000,-163000
03669C,滬深2X元富09牛01,0,0,0,0,0,0,0,0,0,-163000,0,0,0,50000,213000,-163000,-163000
065721,中壽兆豐9C購01  ,0,0,0,0,0,0,0,0,0,-163000,0,0,0,10000,173000,-163000,-163000
065013,矽創國泰02購01  ,0,0,0,0,0,0,0,0,0,-163000,0,0,0,69000,232000,-163000,-163000
063944,建準元大9C購01  ,0,0,0,0,0,0,0,0,0,-163000,0,0,0,137000,300000,-163000,-163000
2375,凱美            ,60000,223000,-163000,0,0,0,0,0,0,0,0,0,0,0,0,0,-163000
057940,和大國票99購01  ,0,0,0,0,0,0,0,0,0,-164000,0,0,0,0,164000,-164000,-164000
065711,矽格群益9C購02  ,0,0,0,0,0,0,0,0,0,-164000,0,0,0,167000,331000,-164000,-164000
07194P,聯發科元大99售25,0,0,0,0,0,0,0,0,0,-165000,0,0,0,170000,335000,-165000,-165000
08714P,華碩元富01售03  ,0,0,0,0,0,0,0,0,0,-165000,0,0,0,119000,284000,-165000,-165000
07685P,玉晶光凱基9B售03,0,0,0,0,0,0,0,0,0,-165000,0,0,0,0,165000,-165000,-165000
060712,建準永豐9A購01  ,0,0,0,0,0,0,0,0,0,-165000,0,0,0,118000,283000,-165000,-165000
2471,資通            ,38000,203000,-165000,0,0,0,0,0,0,0,0,0,0,0,0,0,-165000
4137,麗豐-KY         ,19000,198000,-179000,0,0,0,0,0,0,14000,15000,0,15000,0,1000,-1000,-165000
057740,茂林富邦9A購01  ,0,0,0,0,0,0,0,0,0,-166000,0,0,0,4000,170000,-166000,-166000
063912,信邦凱基01購01  ,0,0,0,0,0,0,0,0,0,-166000,0,0,0,99000,265000,-166000,-166000
064667,大立光元大02購01,0,0,0,0,0,0,0,0,0,-166000,0,0,0,25000,191000,-166000,-166000
07919P,創意永豐9B售01  ,0,0,0,0,0,0,0,0,0,-167000,0,0,0,38000,205000,-167000,-167000
058139,臻鼎元大99購01  ,0,0,0,0,0,0,0,0,0,-167000,0,0,0,8000,175000,-167000,-167000
056943,華通統一99購01  ,0,0,0,0,0,0,0,0,0,-167000,0,0,0,5000,172000,-167000,-167000
063081,技嘉凱基9B購02  ,0,0,0,0,0,0,0,0,0,-167000,0,0,0,68000,235000,-167000,-167000
065312,日月光國票01購01,0,0,0,0,0,0,0,0,0,-167000,0,0,0,68000,235000,-167000,-167000
065852,創意元大9C購06  ,0,0,0,0,0,0,0,0,0,-168000,0,0,0,363000,531000,-168000,-168000
064548,漢翔凱基9C購01  ,0,0,0,0,0,0,0,0,0,-168000,0,0,0,0,168000,-168000,-168000
6141,柏承            ,328000,496000,-168000,0,0,0,0,0,0,0,0,0,0,0,0,0,-168000
2348,海悅            ,14000,217000,-203000,0,0,0,0,0,0,35000,35000,0,35000,0,0,0,-168000
08699P,南電元大01售05  ,0,0,0,0,0,0,0,0,0,-169000,0,0,0,0,169000,-169000,-169000
066254,南帝元大01購01  ,0,0,0,0,0,0,0,0,0,-169000,0,0,0,124000,293000,-169000,-169000
057394,台積電中信9C購02,1000,0,1000,0,0,0,0,0,0,-170000,0,0,0,50000,220000,-170000,-169000
056150,台光電凱基98購02,0,0,0,0,0,0,0,0,0,-169000,0,0,0,0,169000,-169000,-169000
064861,緯創富邦9C購01  ,0,0,0,0,0,0,0,0,0,-169000,0,0,0,91000,260000,-169000,-169000
8105,凌巨            ,60000,229000,-169000,0,0,0,0,0,0,0,0,0,0,0,0,0,-169000
066237,京鼎富邦04購01  ,1000,0,1000,0,0,0,0,0,0,-171000,0,0,0,35000,206000,-171000,-170000
08360P,國巨國泰02售01  ,0,0,0,0,0,0,0,0,0,-170000,0,0,0,244000,414000,-170000,-170000
057389,玉晶光永豐98購06,0,0,0,0,0,0,0,0,0,-170000,0,0,0,14000,184000,-170000,-170000
058809,國巨統一9B購03  ,0,0,0,0,0,0,0,0,0,-170000,0,0,0,0,170000,-170000,-170000
06327P,台積電中信01售01,0,0,0,0,0,0,0,0,0,-170000,0,0,0,55000,225000,-170000,-170000
06025P,臺股指元大99售02,0,0,0,0,0,0,0,0,0,-170000,0,0,0,599000,769000,-170000,-170000
062095,旺宏富邦9C購03  ,0,0,0,0,0,0,0,0,0,-170000,0,0,0,0,170000,-170000,-170000
06478P,臺股指日盛9A售01,0,0,0,0,0,0,0,0,0,-170000,0,0,0,20000,190000,-170000,-170000
1305,華夏            ,519000,663000,-144000,0,0,0,0,0,0,-27000,1000,0,1000,0,28000,-28000,-171000
066274,景碩元大01購02  ,0,0,0,0,0,0,0,0,0,-171000,0,0,0,22000,193000,-171000,-171000
056411,緯穎國票99購01  ,0,0,0,0,0,0,0,0,0,-171000,0,0,0,16000,187000,-171000,-171000
06334P,臺股指群益9C售03,0,0,0,0,0,0,0,0,0,-171000,0,0,0,208000,379000,-171000,-171000
064176,京元電國泰01購01,0,0,0,0,0,0,0,0,0,-171000,0,0,0,56000,227000,-171000,-171000
2723,美食-KY         ,223000,398000,-175000,0,0,0,0,1000,-1000,5000,0,0,0,5000,0,5000,-171000
1218,泰山            ,67000,236000,-169000,0,0,0,0,0,0,-3000,0,0,0,15000,18000,-3000,-172000
1519,華城            ,194000,389000,-195000,0,0,0,0,0,0,23000,14000,0,14000,18000,9000,9000,-172000
061847,力山國票9B購01  ,0,0,0,0,0,0,0,0,0,-172000,0,0,0,133000,305000,-172000,-172000
065160,聯茂群益9C購02  ,0,0,0,0,0,0,0,0,0,-172000,0,0,0,0,172000,-172000,-172000
066157,晶碩康和01購01  ,0,0,0,0,0,0,0,0,0,-173000,0,0,0,183000,356000,-173000,-173000
066774,聯詠富邦03購01  ,0,0,0,0,0,0,0,0,0,-174000,0,0,0,471000,645000,-174000,-174000
07992P,玉晶光群益01售04,0,0,0,0,0,0,0,0,0,-174000,0,0,0,76000,250000,-174000,-174000
063049,上海銀兆豐9B購01,0,0,0,0,0,0,0,0,0,-174000,0,0,0,225000,399000,-174000,-174000
08638P,泰碩國票9C售01  ,0,0,0,0,0,0,0,0,0,-175000,0,0,0,10000,185000,-175000,-175000
066850,鎧勝元大01購03  ,0,0,0,0,0,0,0,0,0,-175000,0,0,0,5000,180000,-175000,-175000
066272,聯陽元大01購01  ,0,2000,-2000,0,0,0,0,0,0,-173000,0,0,0,303000,476000,-173000,-175000
056202,國揚永豐97購01  ,0,0,0,0,0,0,0,0,0,-175000,0,0,0,50000,225000,-175000,-175000
063072,裕隆永豐9B購01  ,0,0,0,0,0,0,0,0,0,-175000,0,0,0,0,175000,-175000,-175000
064239,群創統一02購01  ,0,0,0,0,0,0,0,0,0,-175000,0,0,0,504000,679000,-175000,-175000
08262P,茂林元大9C售01  ,0,0,0,0,0,0,0,0,0,-176000,0,0,0,100000,276000,-176000,-176000
00830,國泰費城半導體  ,0,271000,-271000,0,0,0,0,0,0,95000,110000,0,110000,436000,451000,-15000,-176000
065262,義隆元大9C購06  ,0,0,0,0,0,0,0,0,0,-176000,0,0,0,119000,295000,-176000,-176000
1314,中石化          ,1154750,1415000,-260250,0,0,0,0,12000,-12000,96000,253000,0,253000,1000,158000,-157000,-176250
00708L,元大S&P黃金正2  ,263000,6000,257000,0,0,0,0,0,0,-434000,0,0,0,960000,1394000,-434000,-177000
065346,台光電統一02購01,0,0,0,0,0,0,0,0,0,-177000,0,0,0,3000,180000,-177000,-177000
065394,英業達群益9C購01,0,0,0,0,0,0,0,0,0,-177000,0,0,0,71000,248000,-177000,-177000
3665,貿聯-KY         ,368000,598000,-230000,0,0,0,23000,87000,-64000,117000,43000,33000,10000,144000,37000,107000,-177000
066451,台郡群益01購01  ,0,0,0,0,0,0,0,0,0,-178000,0,0,0,6000,184000,-178000,-178000
057020,台積電凱基99購02,0,0,0,0,0,0,0,0,0,-178000,0,0,0,34000,212000,-178000,-178000
058537,彩晶統一9B購01  ,0,0,0,0,0,0,0,0,0,-178000,0,0,0,12000,190000,-178000,-178000
1447,力鵬            ,175000,354000,-179000,0,0,0,0,0,0,0,0,0,0,0,0,0,-179000
065800,技嘉群益9C購01  ,0,0,0,0,0,0,0,0,0,-179000,0,0,0,34000,213000,-179000,-179000
064890,聯電群益9C購02  ,0,0,0,0,0,0,0,0,0,-179000,0,0,0,0,179000,-179000,-179000
064560,技嘉群益01購01  ,0,0,0,0,0,0,0,0,0,-179000,0,0,0,155000,334000,-179000,-179000
064513,T50反1群益9C購01,0,0,0,0,0,0,0,0,0,-179000,0,0,0,0,179000,-179000,-179000
064481,技嘉永豐9C購01  ,0,0,0,0,0,0,0,0,0,-179000,0,0,0,167000,346000,-179000,-179000
07750P,台表科凱基9A售04,0,0,0,0,0,0,0,0,0,-180000,0,0,0,0,180000,-180000,-180000
07588P,滬深2X國票9C售01,0,0,0,0,0,0,0,0,0,-180000,0,0,0,0,180000,-180000,-180000
066420,宏達電元大02購01,0,0,0,0,0,0,0,0,0,-180000,0,0,0,12000,192000,-180000,-180000
058314,欣興富邦9B購01  ,0,0,0,0,0,0,0,0,0,-180000,0,0,0,3000,183000,-180000,-180000
053919,可成國票97購02  ,0,0,0,0,0,0,0,0,0,-180000,0,0,0,0,180000,-180000,-180000
055036,中工富邦9B購01  ,0,0,0,0,0,0,0,0,0,-180000,0,0,0,370000,550000,-180000,-180000
066729,台積電元大01購16,0,0,0,0,0,0,0,0,0,-181000,0,0,0,483000,664000,-181000,-181000
059807,大立光元富99購09,0,0,0,0,0,0,0,0,0,-181000,0,0,0,49000,230000,-181000,-181000
064729,聯茂統一02購02  ,0,0,0,0,0,0,0,0,0,-181000,0,0,0,74000,255000,-181000,-181000
066836,樺漢群益01購01  ,0,0,0,0,0,0,0,0,0,-182000,0,0,0,38000,220000,-182000,-182000
08276P,可成元富9C售02  ,0,0,0,0,0,0,0,0,0,-182000,0,0,0,0,182000,-182000,-182000
1789,神隆            ,828000,981000,-153000,0,0,0,0,0,0,-29000,0,0,0,19000,48000,-29000,-182000
07982P,全新群益9B售04  ,0,0,0,0,0,0,0,0,0,-183000,0,0,0,2000,185000,-183000,-183000
5534,長虹            ,94000,275000,-181000,0,0,0,0,7000,-7000,5000,5000,0,5000,0,0,0,-183000
1718,中纖            ,296000,480000,-184000,0,0,0,0,0,0,0,0,0,0,0,0,0,-184000
9933,中鼎            ,383000,534000,-151000,0,0,0,0,0,0,-33000,0,0,0,0,33000,-33000,-184000
066526,創意統一05購01  ,0,0,0,0,0,0,0,0,0,-185000,0,0,0,128000,313000,-185000,-185000
058235,大立光元大99購08,0,0,0,0,0,0,0,0,0,-185000,0,0,0,0,185000,-185000,-185000
062490,聯茂永豐9B購01  ,0,0,0,0,0,0,0,0,0,-185000,0,0,0,1000,186000,-185000,-185000
066213,惠特統一03購01  ,0,0,0,0,0,0,0,0,0,-186000,0,0,0,82000,268000,-186000,-186000
1337,再生-KY         ,74000,260000,-186000,0,0,0,0,0,0,0,0,0,0,0,0,0,-186000
060434,台汽電永豐9A購01,0,0,0,0,0,0,0,0,0,-186000,0,0,0,409000,595000,-186000,-186000
062814,台光電兆豐9B購01,0,0,0,0,0,0,0,0,0,-186000,0,0,0,20000,206000,-186000,-186000
064836,群創統一9C購04  ,0,0,0,0,0,0,0,0,0,-186000,0,0,0,139000,325000,-186000,-186000
08315P,台積電元大9C售08,0,0,0,0,0,0,0,0,0,-187000,0,0,0,30000,217000,-187000,-187000
065005,台光電國票01購02,0,0,0,0,0,0,0,0,0,-187000,0,0,0,23000,210000,-187000,-187000
4564,元翎            ,46000,233000,-187000,0,0,0,0,0,0,0,0,0,0,0,0,0,-187000
066149,潤泰新群益01購01,0,0,0,0,0,0,0,0,0,-188000,0,0,0,187000,375000,-188000,-188000
058190,貿聯永豐99購01  ,0,0,0,0,0,0,0,0,0,-188000,0,0,0,43000,231000,-188000,-188000
062550,啟碁永豐9B購01  ,0,0,0,0,0,0,0,0,0,-188000,0,0,0,12000,200000,-188000,-188000
065804,大立光群益01購04,0,0,0,0,0,0,0,0,0,-188000,0,0,0,50000,238000,-188000,-188000
066190,惠特凱基01購01  ,0,0,0,0,0,0,0,0,0,-189000,0,0,0,10000,199000,-189000,-189000
07782P,寶成凱基9A售02  ,0,0,0,0,0,0,0,0,0,-189000,0,0,0,1000,190000,-189000,-189000
064707,群創富邦9C購02  ,0,0,0,0,0,0,0,0,0,-189000,0,0,0,150000,339000,-189000,-189000
063805,技嘉兆豐9C購01  ,0,0,0,0,0,0,0,0,0,-189000,0,0,0,32000,221000,-189000,-189000
08588P,緯穎元富03售01  ,0,0,0,0,0,0,0,0,0,-190000,0,0,0,87000,277000,-190000,-190000
062227,南六統一01購02  ,0,0,0,0,0,0,0,0,0,-190000,0,0,0,0,190000,-190000,-190000
061926,晶技凱基9B購02  ,0,0,0,0,0,0,0,0,0,-190000,0,0,0,68000,258000,-190000,-190000
08455P,台積電凱基9C售05,0,0,0,0,0,0,0,0,0,-191000,0,0,0,0,191000,-191000,-191000
065279,T50反1群益9C購03,0,0,0,0,0,0,0,0,0,-191000,0,0,0,1008000,1199000,-191000,-191000
066014,嘉晶元富07購01  ,0,0,0,0,0,0,0,0,0,-192000,0,0,0,112000,304000,-192000,-192000
066927,亞德客國票02購01,0,0,0,0,0,0,0,0,0,-193000,0,0,0,7000,200000,-193000,-193000
062331,大立光統一9B購10,0,0,0,0,0,0,0,0,0,-193000,0,0,0,0,193000,-193000,-193000
054893,帆宣統一99購01  ,0,0,0,0,0,0,0,0,0,-193000,0,0,0,10000,203000,-193000,-193000
063523,微星凱基9B購03  ,0,0,0,0,0,0,0,0,0,-193000,0,0,0,29000,222000,-193000,-193000
064523,聯茂群益9C購01  ,0,0,0,0,0,0,0,0,0,-193000,0,0,0,35000,228000,-193000,-193000
066524,創意統一02購03  ,0,0,0,0,0,0,0,0,0,-194000,0,0,0,13000,207000,-194000,-194000
07389P,臺股指群益9C售08,0,0,0,0,0,0,0,0,0,-194000,0,0,0,10000,204000,-194000,-194000
00672L,元大S&P原油正2  ,35000,0,35000,0,0,0,0,0,0,-229000,0,0,0,280000,509000,-229000,-194000
2421,建準            ,428000,697000,-269000,0,0,0,0,0,0,75000,0,5000,-5000,100000,20000,80000,-194000
9911,櫻花            ,51000,143000,-92000,0,0,0,0,103000,-103000,1000,1000,0,1000,0,0,0,-194000
08247P,台積電群益9C售06,0,0,0,0,0,0,0,0,0,-195000,0,0,0,100000,295000,-195000,-195000
066178,拓凱凱基01購01  ,0,0,0,0,0,0,0,0,0,-196000,0,0,0,35000,231000,-196000,-196000
1434,福懋            ,536402,658000,-121598,0,0,0,0,15000,-15000,-60000,0,0,0,0,60000,-60000,-196598
066285,松翰元大01購02  ,0,0,0,0,0,0,0,0,0,-197000,0,0,0,159000,356000,-197000,-197000
0051,元大中型100     ,4000,4000,0,0,0,0,0,0,0,-197000,0,0,0,40000,237000,-197000,-197000
064718,友達統一02購01  ,0,0,0,0,0,0,0,0,0,-197000,0,0,0,165000,362000,-197000,-197000
6598,ABC-KY          ,49000,246000,-197000,0,0,0,0,0,0,0,0,0,0,0,0,0,-197000
066097,英業達中信02購01,0,0,0,0,0,0,0,0,0,-198000,0,0,0,100000,298000,-198000,-198000
066506,宏達電富邦03購01,0,0,0,0,0,0,0,0,0,-198000,0,0,0,0,198000,-198000,-198000
066290,台塑化元大01購01,0,0,0,0,0,0,0,0,0,-198000,0,0,0,104000,302000,-198000,-198000
1467,南緯            ,465000,663000,-198000,0,0,0,0,0,0,0,0,0,0,0,0,0,-198000
07257P,臺股指凱基99售37,0,0,0,0,0,0,0,0,0,-198000,0,0,0,0,198000,-198000,-198000
07554P,玉晶光元大9A售06,0,0,0,0,0,0,0,0,0,-199000,0,0,0,0,199000,-199000,-199000
07555P,玉晶光元大9A售07,0,0,0,0,0,0,0,0,0,-199000,0,0,0,0,199000,-199000,-199000
08068P,宏達電國泰9C售01,0,0,0,0,0,0,0,0,0,-199000,0,0,0,67000,266000,-199000,-199000
057330,台積電國票99購03,0,0,0,0,0,0,0,0,0,-199000,0,0,0,369000,568000,-199000,-199000
059138,台積電兆豐99購04,0,0,0,0,0,0,0,0,0,-199000,0,0,0,1000,200000,-199000,-199000
064081,國產中信06購01  ,0,0,0,0,0,0,0,0,0,-199000,0,0,0,102000,301000,-199000,-199000
08308P,聯發科凱基01售03,0,0,0,0,0,0,0,0,0,-200000,0,0,0,0,200000,-200000,-200000
06657P,寶成元大98售01  ,0,0,0,0,0,0,0,0,0,-200000,0,0,0,0,200000,-200000,-200000
06846P,美律元大98售05  ,0,0,0,0,0,0,0,0,0,-200000,0,0,0,0,200000,-200000,-200000
067163,眾達國票02購01  ,0,0,0,0,0,0,0,0,0,-200000,0,0,0,0,200000,-200000,-200000
067017,樺漢富邦04購01  ,0,0,0,0,0,0,0,0,0,-200000,0,0,0,280000,480000,-200000,-200000
067027,日月光兆豐03購01,0,0,0,0,0,0,0,0,0,-200000,0,0,0,0,200000,-200000,-200000
066991,訊芯群益01購01  ,0,0,0,0,0,0,0,0,0,-200000,0,0,0,0,200000,-200000,-200000
056068,欣興元大97購05  ,0,0,0,0,0,0,0,0,0,-200000,0,0,0,0,200000,-200000,-200000
055518,華新科中信99購01,0,0,0,0,0,0,0,0,0,-200000,0,0,0,0,200000,-200000,-200000
057656,大成鋼兆豐98購01,0,0,0,0,0,0,0,0,0,-200000,0,0,0,0,200000,-200000,-200000
057883,中環群益98購01  ,0,0,0,0,0,0,0,0,0,-200000,0,0,0,0,200000,-200000,-200000
059403,T50反1台新03購03,0,0,0,0,0,0,0,0,0,-200000,0,0,0,0,200000,-200000,-200000
060320,元金2X群益02購01,0,0,0,0,0,0,0,0,0,-200000,0,0,0,20000,220000,-200000,-200000
064553,臺指反群益9C購01,0,0,0,0,0,0,0,0,0,-200000,0,0,0,499000,699000,-200000,-200000
065942,燿華元富01購01  ,0,0,0,0,0,0,0,0,0,-200000,0,0,0,10000,210000,-200000,-200000
2426,鼎元            ,77000,268000,-191000,0,0,0,0,0,0,-9000,0,9000,-9000,0,0,0,-200000
066515,強茂永豐01購02  ,0,0,0,0,0,0,0,0,0,-201000,0,0,0,103000,304000,-201000,-201000
07264P,台積電元大99售38,0,0,0,0,0,0,0,0,0,-201000,0,0,0,0,201000,-201000,-201000
08329P,台達電統一9C售02,0,0,0,0,0,0,0,0,0,-202000,0,0,0,202000,404000,-202000,-202000
4943,康控-KY         ,352000,494000,-142000,0,0,0,0,0,0,-60000,10000,3000,7000,15000,82000,-67000,-202000
07967P,力山元大9B售03  ,0,0,0,0,0,0,0,0,0,-203000,0,0,0,1000,204000,-203000,-203000
061769,晶技元大9B購03  ,0,0,0,0,0,0,0,0,0,-203000,0,0,0,131000,334000,-203000,-203000
062610,啟碁凱基9B購01  ,0,0,0,0,0,0,0,0,0,-203000,0,0,0,0,203000,-203000,-203000
4919,新唐            ,169000,379000,-210000,0,0,0,0,1000,-1000,8000,3000,2000,1000,21000,14000,7000,-203000
066551,大立光元大01購07,0,0,0,0,0,0,0,0,0,-204000,0,0,0,85000,289000,-204000,-204000
066746,聯茂元大01購01  ,0,0,0,0,0,0,0,0,0,-204000,0,0,0,40000,244000,-204000,-204000
062654,技嘉永豐9B購01  ,0,0,0,0,0,0,0,0,0,-204000,0,0,0,58000,262000,-204000,-204000
060915,旭富元大9A購01  ,0,0,0,0,0,0,0,0,0,-204000,0,0,0,6000,210000,-204000,-204000
065515,大立光群益02購01,0,0,0,0,0,0,0,0,0,-204000,0,0,0,8000,212000,-204000,-204000
067107,義隆群益01購02  ,0,0,0,0,0,0,0,0,0,-205000,0,0,0,0,205000,-205000,-205000
08512P,玉晶光永豐9C售06,0,0,0,0,0,0,0,0,0,-205000,0,0,0,0,205000,-205000,-205000
066784,滬深反中信03購01,0,0,0,0,0,0,0,0,0,-206000,0,0,0,0,206000,-206000,-206000
066273,晶技元大01購02  ,0,0,0,0,0,0,0,0,0,-206000,0,0,0,125000,331000,-206000,-206000
00757,統一FANG+       ,2000,0,2000,0,0,0,0,0,0,-208000,0,0,0,209000,417000,-208000,-206000
064757,義隆凱基01購02  ,0,0,0,0,0,0,0,0,0,-207000,0,0,0,72000,279000,-207000,-207000
3062,建漢            ,123000,330000,-207000,0,0,0,0,0,0,0,0,0,0,0,0,0,-207000
066482,華碩元富01購02  ,0,0,0,0,0,0,0,0,0,-208000,0,0,0,11000,219000,-208000,-208000
066913,樺漢凱基01購01  ,0,0,0,0,0,0,0,0,0,-208000,0,0,0,0,208000,-208000,-208000
067122,眾達國泰03購02  ,0,0,0,0,0,0,0,0,0,-208000,0,0,0,0,208000,-208000,-208000
08341P,國泰金台新9C售01,0,0,0,0,0,0,0,0,0,-208000,0,0,0,10000,218000,-208000,-208000
062719,微星凱基9B購01  ,0,0,0,0,0,0,0,0,0,-208000,0,0,0,12000,220000,-208000,-208000
08723P,臺股指元大01售04,0,0,0,0,0,0,0,0,0,-209000,0,0,0,0,209000,-209000,-209000
056685,光罩統一98購03  ,0,0,0,0,0,0,0,0,0,-209000,0,0,0,54000,263000,-209000,-209000
064937,英業達元富9C購01,0,0,0,0,0,0,0,0,0,-209000,0,0,0,159000,368000,-209000,-209000
064262,玉晶光永豐9C購03,0,0,0,0,0,0,0,0,0,-209000,0,0,0,6000,215000,-209000,-209000
064266,聯茂永豐9C購01  ,0,0,0,0,0,0,0,0,0,-209000,0,0,0,15000,224000,-209000,-209000
07821P,臺股指國票9A售12,0,0,0,0,0,0,0,0,0,-210000,0,0,0,100000,310000,-210000,-210000
066629,國揚凱基01購01  ,0,0,0,0,0,0,0,0,0,-210000,0,0,0,137000,347000,-210000,-210000
053381,友達元大9A購02  ,0,0,0,0,0,0,0,0,0,-210000,0,0,0,40000,250000,-210000,-210000
053394,鴻海中信9A購01  ,0,0,0,0,0,0,0,0,0,-210000,0,0,0,0,210000,-210000,-210000
056892,旺宏元大9A購02  ,0,0,0,0,0,0,0,0,0,-210000,0,0,0,0,210000,-210000,-210000
060654,大毅群益9B購01  ,0,0,0,0,0,0,0,0,0,-210000,0,0,0,6000,216000,-210000,-210000
064452,微星統一01購02  ,0,0,0,0,0,0,0,0,0,-210000,0,0,0,50000,260000,-210000,-210000
065047,群創凱基9C購01  ,0,0,0,0,0,0,0,0,0,-210000,0,0,0,303000,513000,-210000,-210000
3607,谷崧            ,955000,1165000,-210000,0,0,0,0,0,0,-1000,0,1000,-1000,0,0,0,-211000
2547,日勝生          ,44000,255000,-211000,0,0,0,0,0,0,0,0,0,0,0,0,0,-211000
067010,訊芯永豐01購01  ,0,0,0,0,0,0,0,0,0,-212000,0,0,0,0,212000,-212000,-212000
08627P,臺股指群益9C售22,0,0,0,0,0,0,0,0,0,-212000,0,0,0,0,212000,-212000,-212000
1526,日馳            ,825000,1037000,-212000,0,0,0,0,0,0,0,0,0,0,0,0,0,-212000
4532,瑞智            ,117000,329000,-212000,0,0,0,0,0,0,0,0,0,0,0,0,0,-212000
08427P,義隆國票9C售01  ,0,0,0,0,0,0,0,0,0,-213000,0,0,0,8000,221000,-213000,-213000
07000P,T50反1元大99售03,0,0,0,0,0,0,0,0,0,-213000,0,0,0,0,213000,-213000,-213000
056346,聯茂凱基99購02  ,0,0,0,0,0,0,0,0,0,-213000,0,0,0,10000,223000,-213000,-213000
059074,元油2X元大9C購15,0,0,0,0,0,0,0,0,0,-213000,0,0,0,0,213000,-213000,-213000
08608P,臺股指富邦9C售06,0,0,0,0,0,0,0,0,0,-214000,0,0,0,0,214000,-214000,-214000
065539,瑞儀統一01購01  ,0,0,0,0,0,0,0,0,0,-214000,0,0,0,35000,249000,-214000,-214000
064532,聯茂兆豐01購01  ,0,0,0,0,0,0,0,0,0,-214000,0,0,0,0,214000,-214000,-214000
055916,奇鋐凱基99購01  ,0,0,0,0,0,0,0,0,0,-215000,0,0,0,32000,247000,-215000,-215000
067152,義隆統一02購03  ,0,0,0,0,0,0,0,0,0,-216000,0,0,0,0,216000,-216000,-216000
059691,大立光永豐99購02,0,0,0,0,0,0,0,0,0,-216000,0,0,0,0,216000,-216000,-216000
064461,致伸統一01購01  ,0,0,0,0,0,0,0,0,0,-216000,0,0,0,0,216000,-216000,-216000
066366,信邦中信02購01  ,0,0,0,0,0,0,0,0,0,-217000,0,0,0,5000,222000,-217000,-217000
066166,大毅凱基02購01  ,0,0,0,0,0,0,0,0,0,-217000,0,0,0,13000,230000,-217000,-217000
063103,技嘉群益9B購01  ,0,0,0,0,0,0,0,0,0,-217000,0,0,0,51000,268000,-217000,-217000
064255,泰碩國泰02購01  ,0,0,0,0,0,0,0,0,0,-217000,0,0,0,88000,305000,-217000,-217000
065131,晶技兆豐01購01  ,0,0,0,0,0,0,0,0,0,-217000,0,0,0,3000,220000,-217000,-217000
065979,立積元大03購01  ,0,0,0,0,0,0,0,0,0,-218000,0,0,0,83000,301000,-218000,-218000
1326,台化            ,1774652,1911737,-137085,0,0,0,0,54000,-54000,-27000,2000,4000,-2000,0,25000,-25000,-218085
2345,智邦            ,1324371,1433050,-108679,0,0,0,0,17000,-17000,-93000,49000,84000,-35000,3000,61000,-58000,-218679
066918,台積電麥證01購05,0,0,0,0,219000,-219000,0,0,0,-219000,0,0,0,0,219000,-219000,-219000
064314,信邦群益9C購01  ,0,0,0,0,0,0,0,0,0,-219000,0,0,0,12000,231000,-219000,-219000
064156,大立光統一01購06,0,0,0,0,0,0,0,0,0,-219000,0,0,0,0,219000,-219000,-219000
063809,矽創兆豐01購01  ,0,0,0,0,0,0,0,0,0,-219000,0,0,0,58000,277000,-219000,-219000
2401,凌陽            ,161000,368000,-207000,0,0,0,0,0,0,-12000,12000,24000,-12000,0,0,0,-219000
2637,慧洋-KY         ,15000,231000,-216000,0,0,0,0,3000,-3000,0,0,0,0,0,0,0,-219000
066835,台郡群益01購02  ,0,0,0,0,0,0,0,0,0,-220000,0,0,0,0,220000,-220000,-220000
061391,晶技群益9A購02  ,0,0,0,0,0,0,0,0,0,-220000,0,0,0,5000,225000,-220000,-220000
2609,陽明            ,176000,396000,-220000,0,0,0,0,0,0,0,0,0,0,0,0,0,-220000
2314,台揚            ,150000,370000,-220000,0,0,0,0,0,0,0,0,0,0,0,0,0,-220000
066186,台郡凱基02購01  ,0,0,0,0,0,0,0,0,0,-221000,0,0,0,50000,271000,-221000,-221000
060821,SP黃豆元大9A購02,0,0,0,0,0,0,0,0,0,-221000,0,0,0,102000,323000,-221000,-221000
064326,裕隆元大9C購01  ,0,0,0,0,0,0,0,0,0,-221000,0,0,0,256000,477000,-221000,-221000
066106,台郡國票02購01  ,0,0,0,0,0,0,0,0,0,-222000,0,0,0,0,222000,-222000,-222000
3596,智易            ,170000,362000,-192000,0,0,0,0,0,0,-30000,3000,0,3000,1000,34000,-33000,-222000
06763P,技嘉元大98售05  ,0,0,0,0,0,0,0,0,0,-223000,0,0,0,15000,238000,-223000,-223000
063732,建準元大9B購02  ,0,0,0,0,0,0,0,0,0,-223000,0,0,0,241000,464000,-223000,-223000
058807,和大統一9B購01  ,0,0,0,0,0,0,0,0,0,-224000,0,0,0,439000,663000,-224000,-224000
061184,大立光國泰9C購01,0,0,0,0,0,0,0,0,0,-224000,0,0,0,30000,254000,-224000,-224000
061915,T50反1凱基02購02,0,0,0,0,0,0,0,0,0,-224000,0,0,0,0,224000,-224000,-224000
059096,百和元大99購04  ,0,0,0,0,0,0,0,0,0,-224000,0,0,0,0,224000,-224000,-224000
4934,太極            ,724000,948000,-224000,0,0,0,0,0,0,0,0,0,0,0,0,0,-224000
066837,樺漢群益01購02  ,0,0,0,0,0,0,0,0,0,-225000,0,0,0,0,225000,-225000,-225000
059663,旭富元大9C購02  ,0,0,0,0,0,0,0,0,0,-225000,0,0,0,5000,230000,-225000,-225000
066617,鎧勝康和01購01  ,0,0,0,0,0,0,0,0,0,-226000,0,0,0,107000,333000,-226000,-226000
054080,微星中信98購01  ,0,0,0,0,0,0,0,0,0,-226000,0,0,0,21000,247000,-226000,-226000
066270,國揚元大01購01  ,0,0,0,0,0,0,0,0,0,-227000,0,0,0,7000,234000,-227000,-227000
061443,大立光統一9C購02,0,0,0,0,0,0,0,0,0,-227000,0,0,0,30000,257000,-227000,-227000
066492,台郡元富01購01  ,0,0,0,0,0,0,0,0,0,-229000,0,0,0,100000,329000,-229000,-229000
066769,嘉基永豐01購02  ,0,0,0,0,0,0,0,0,0,-229000,0,0,0,11000,240000,-229000,-229000
058262,大立光富邦9C購02,0,0,0,0,0,0,0,0,0,-229000,0,0,0,1000,230000,-229000,-229000
064818,華新統一01購01  ,0,0,0,0,0,0,0,0,0,-229000,0,0,0,15000,244000,-229000,-229000
066144,惠特群益01購02  ,0,0,0,0,0,0,0,0,0,-230000,0,0,0,55000,285000,-230000,-230000
07656P,國巨凱基9A售15  ,0,0,0,0,0,0,0,0,0,-230000,0,0,0,0,230000,-230000,-230000
058744,FBVIX凱基9C購03 ,0,0,0,0,0,0,0,0,0,-230000,0,0,0,175000,405000,-230000,-230000
1201,味全            ,69000,300000,-231000,0,0,0,0,0,0,0,0,0,0,0,0,0,-231000
066490,創意元富07購01  ,0,0,0,0,0,0,0,0,0,-231000,0,0,0,5000,236000,-231000,-231000
066558,創意元大01購04  ,0,0,0,0,0,0,0,0,0,-231000,0,0,0,251000,482000,-231000,-231000
6177,達麗            ,43000,274000,-231000,0,0,0,0,0,0,0,0,0,0,0,0,0,-231000
066747,台郡元大01購03  ,0,0,0,0,0,0,0,0,0,-232000,0,0,0,62000,294000,-232000,-232000
066796,台積電凱基02購08,0,0,0,0,0,0,0,0,0,-233000,0,0,0,192000,425000,-233000,-233000
07005P,台積電統一9B售05,0,0,0,0,0,0,0,0,0,-233000,0,0,0,0,233000,-233000,-233000
066569,帆宣元大01購02  ,0,0,0,0,0,0,0,0,0,-233000,0,0,0,7000,240000,-233000,-233000
066192,嘉基凱基01購01  ,0,0,0,0,0,0,0,0,0,-233000,0,0,0,13000,246000,-233000,-233000
1514,亞力            ,124000,357000,-233000,0,0,0,0,0,0,0,0,0,0,0,0,0,-233000
08658P,聯發科統一9C售19,0,0,0,0,0,0,0,0,0,-233000,0,0,0,64000,297000,-233000,-233000
063207,聯茂統一01購01  ,0,0,0,0,0,0,0,0,0,-233000,0,0,0,163000,396000,-233000,-233000
063880,可成元富9C購01  ,0,0,0,0,0,0,0,0,0,-233000,0,0,0,67000,300000,-233000,-233000
058406,聯茂元大99購06  ,0,0,0,0,0,0,0,0,0,-234000,0,0,0,98000,332000,-234000,-234000
063173,矽格中信9B購01  ,0,0,0,0,0,0,0,0,0,-234000,0,0,0,278000,512000,-234000,-234000
059940,微星永豐99購01  ,0,0,0,0,0,0,0,0,0,-234000,0,0,0,50000,284000,-234000,-234000
064926,臻鼎統一02購01  ,0,0,0,0,0,0,0,0,0,-234000,0,0,0,260000,494000,-234000,-234000
2342,茂矽            ,1389000,1623000,-234000,0,0,0,0,0,0,0,0,0,0,0,0,0,-234000
067147,台積電統一04購01,0,0,0,0,0,0,0,0,0,-236000,0,0,0,0,236000,-236000,-236000
08297P,寶成元大9C售01  ,0,0,0,0,0,0,0,0,0,-237000,0,0,0,0,237000,-237000,-237000
059836,大立光國泰9B購02,0,0,0,0,0,0,0,0,0,-237000,0,0,0,33000,270000,-237000,-237000
064921,景碩統一02購01  ,0,0,0,0,0,0,0,0,0,-237000,0,0,0,8000,245000,-237000,-237000
2812,台中銀          ,431000,668000,-237000,0,0,0,0,0,0,0,0,0,0,0,0,0,-237000
08159P,日月光元富9B售01,0,0,0,0,0,0,0,0,0,-238000,0,0,0,0,238000,-238000,-238000
060880,中壽中信9C購01  ,0,0,0,0,0,0,0,0,0,-238000,0,0,0,110000,348000,-238000,-238000
061989,晶技元大9B購04  ,0,0,0,0,0,0,0,0,0,-238000,0,0,0,10000,248000,-238000,-238000
6235,華孚            ,765000,1003000,-238000,0,0,0,0,0,0,0,0,0,0,0,0,0,-238000
6112,聚碩            ,40000,263000,-223000,0,0,0,0,0,0,-15000,0,0,0,1000,16000,-15000,-238000
9910,豐泰            ,127287,367000,-239713,0,0,0,0,6000,-6000,7000,0,0,0,9000,2000,7000,-238713
065869,微星群益02購01  ,0,0,0,0,0,0,0,0,0,-239000,0,0,0,133000,372000,-239000,-239000
064275,台光電元大9C購03,0,0,0,0,0,0,0,0,0,-239000,0,0,0,93000,332000,-239000,-239000
08820P,台積電凱基01售10,0,0,0,0,0,0,0,0,0,-240000,0,0,0,0,240000,-240000,-240000
066749,瑞祺元大01購03  ,0,0,0,0,0,0,0,0,0,-240000,0,0,0,52000,292000,-240000,-240000
3711,日月光投控      ,4422199,4939596,-517397,0,0,0,8000,373000,-365000,642000,810000,18000,792000,32000,182000,-150000,-240397
066342,上緯控永豐01購01,0,0,0,0,0,0,0,0,0,-241000,0,0,0,0,241000,-241000,-241000
07830P,牧德凱基9A售03  ,0,0,0,0,0,0,0,0,0,-241000,0,0,0,0,241000,-241000,-241000
07889P,旭富國票9B售01  ,0,0,0,0,0,0,0,0,0,-241000,0,0,0,528000,769000,-241000,-241000
054162,光罩凱基98購01  ,0,0,0,0,0,0,0,0,0,-241000,0,0,0,0,241000,-241000,-241000
08794P,台積電兆豐01售03,0,0,0,0,0,0,0,0,0,-242000,0,0,0,13000,255000,-242000,-242000
057848,台表科永豐98購02,0,0,0,0,0,0,0,0,0,-242000,0,0,0,273000,515000,-242000,-242000
063055,創意統一9B購02  ,0,0,0,0,0,0,0,0,0,-242000,0,0,0,10000,252000,-242000,-242000
061138,晶技統一9C購01  ,0,0,0,0,0,0,0,0,0,-242000,0,0,0,30000,272000,-242000,-242000
064006,晶技凱基9C購02  ,0,0,0,0,0,0,0,0,0,-242000,0,0,0,92000,334000,-242000,-242000
063373,晶技永豐9B購02  ,0,0,0,0,0,0,0,0,0,-242000,0,0,0,27000,269000,-242000,-242000
08422P,玉晶光群益02售03,0,0,0,0,0,0,0,0,0,-243000,0,0,0,160000,403000,-243000,-243000
066214,惠特統一03購02  ,0,0,0,0,0,0,0,0,0,-243000,0,0,0,22000,265000,-243000,-243000
064463,聯茂統一01購02  ,0,0,0,0,0,0,0,0,0,-243000,0,0,0,172000,415000,-243000,-243000
08400P,美律元富9C售02  ,0,0,0,0,0,0,0,0,0,-244000,0,0,0,0,244000,-244000,-244000
064807,義隆元大9C購03  ,0,0,0,0,0,0,0,0,0,-244000,0,0,0,43000,287000,-244000,-244000
056520,鴻海日盛99購01  ,0,0,0,0,0,0,0,0,0,-245000,0,0,0,40000,285000,-245000,-245000
061612,南六統一9A購01  ,0,0,0,0,0,0,0,0,0,-245000,0,0,0,82000,327000,-245000,-245000
065483,聯茂元大9C購06  ,0,0,0,0,0,0,0,0,0,-245000,0,0,0,20000,265000,-245000,-245000
07719P,臺股指群益9A售08,0,0,0,0,0,0,0,0,0,-246000,0,0,0,180000,426000,-246000,-246000
066387,FBVIX凱基03購03 ,0,0,0,0,0,0,0,0,0,-247000,0,0,0,200000,447000,-247000,-247000
065374,義隆元大9C購07  ,0,0,0,0,0,0,0,0,0,-247000,0,0,0,321000,568000,-247000,-247000
065188,玉晶光統一02購01,0,0,0,0,0,0,0,0,0,-247000,0,0,0,6000,253000,-247000,-247000
3705,永信            ,84000,328350,-244350,0,0,0,0,0,0,-3000,0,1000,-1000,0,2000,-2000,-247350
07224P,鴻海元大9A售02  ,0,0,0,0,0,0,0,0,0,-248000,0,0,0,0,248000,-248000,-248000
5531,鄉林            ,133000,381000,-248000,0,0,0,0,0,0,0,0,0,0,0,0,0,-248000
066369,瀚宇博中信01購01,0,0,0,0,0,0,0,0,0,-249000,0,0,0,474000,723000,-249000,-249000
057555,玉晶光凱基9A購02,0,0,0,0,0,0,0,0,0,-249000,0,0,0,122000,371000,-249000,-249000
057043,台積電元大99購02,0,0,0,0,0,0,0,0,0,-249000,0,0,0,44000,293000,-249000,-249000
4967,十銓            ,1023500,1323000,-299500,0,0,0,0,0,0,50000,0,0,0,50000,0,50000,-249500
07133P,臺股指元大9A售27,0,0,0,0,0,0,0,0,0,-250000,0,0,0,25000,275000,-250000,-250000
07408P,台積電兆豐99售06,0,0,0,0,0,0,0,0,0,-250000,0,0,0,0,250000,-250000,-250000
057534,旭富元大98購01  ,0,0,0,0,0,0,0,0,0,-250000,0,0,0,104000,354000,-250000,-250000
057681,T50反1日盛9C購01,0,0,0,0,0,0,0,0,0,-250000,0,0,0,0,250000,-250000,-250000
064967,道瓊銀元大01購01,0,0,0,0,0,0,0,0,0,-250000,0,0,0,0,250000,-250000,-250000
063592,瑞祺永豐9B購02  ,0,0,0,0,0,0,0,0,0,-251000,0,0,0,100000,351000,-251000,-251000
08771P,滬深2X凱基01售02,0,0,0,0,0,0,0,0,0,-252000,0,0,0,1000,253000,-252000,-252000
062573,大毅群益9B購03  ,0,0,0,0,0,0,0,0,0,-252000,0,0,0,1000,253000,-252000,-252000
2820,華票            ,112000,364000,-252000,0,0,0,0,0,0,0,0,0,0,0,0,0,-252000
06726P,欣興元富98售04  ,0,0,0,0,0,0,0,0,0,-253000,0,0,0,0,253000,-253000,-253000
066041,台光電元大01購02,0,0,0,0,0,0,0,0,0,-253000,0,0,0,215000,468000,-253000,-253000
066539,晶技兆豐01購02  ,0,0,0,0,0,0,0,0,0,-254000,0,0,0,60000,314000,-254000,-254000
058581,大立光群益99購05,0,0,0,0,0,0,0,0,0,-255000,0,0,0,0,255000,-255000,-255000
061668,信邦中信9B購01  ,0,0,0,0,0,0,0,0,0,-255000,0,0,0,106000,361000,-255000,-255000
064584,英業達永豐9C購01,0,0,0,0,0,0,0,0,0,-255000,0,0,0,0,255000,-255000,-255000
066424,晶技元大01購03  ,0,0,0,0,0,0,0,0,0,-256000,0,0,0,5000,261000,-256000,-256000
066300,潤泰新元大01購02,0,0,0,0,0,0,0,0,0,-256000,0,0,0,47000,303000,-256000,-256000
3047,訊舟            ,99000,355000,-256000,0,0,0,0,0,0,0,0,0,0,0,0,0,-256000
08006P,長榮航中信03售01,0,0,0,0,0,0,0,0,0,-257000,0,0,0,10000,267000,-257000,-257000
065228,南亞科凱基01購03,0,0,0,0,0,0,0,0,0,-257000,0,0,0,108000,365000,-257000,-257000
1711,永光            ,333000,599000,-266000,0,0,0,0,0,0,8000,0,0,0,8000,0,8000,-258000
061517,瑞祺永豐9A購03  ,0,0,0,0,0,0,0,0,0,-259000,0,0,0,110000,369000,-259000,-259000
2355,敬鵬            ,144000,406000,-262000,0,0,0,0,0,0,3000,3000,0,3000,0,0,0,-259000
2331,精英            ,19000,259000,-240000,0,0,0,0,0,0,-20000,0,20000,-20000,0,0,0,-260000
5215,科嘉-KY         ,850000,745091,104909,0,0,0,0,392000,-392000,27000,27000,0,27000,0,0,0,-260091
066299,潤泰新元大01購01,0,0,0,0,0,0,0,0,0,-261000,0,0,0,35000,296000,-261000,-261000
062219,燿華統一9B購01  ,0,0,0,0,0,0,0,0,0,-264000,0,0,0,5000,269000,-264000,-264000
059950,百和永豐99購02  ,0,0,0,0,0,0,0,0,0,-264000,0,0,0,0,264000,-264000,-264000
063515,香港2X凱基01購01,0,0,0,0,0,0,0,0,0,-264000,0,0,0,45000,309000,-264000,-264000
1466,聚隆            ,992000,1257000,-265000,0,0,0,0,0,0,0,0,0,0,0,0,0,-265000
062466,FBVIX凱基9B購01 ,0,0,0,0,0,0,0,0,0,-265000,0,0,0,69000,334000,-265000,-265000
057112,立積群益99購01  ,0,0,0,0,0,0,0,0,0,-265000,0,0,0,21000,286000,-265000,-265000
063239,建準元大9B購01  ,0,0,0,0,0,0,0,0,0,-265000,0,0,0,124000,389000,-265000,-265000
065762,台表科元大9C購13,0,0,0,0,0,0,0,0,0,-265000,0,0,0,373000,638000,-265000,-265000
064626,聯茂元大9C購01  ,0,0,0,0,0,0,0,0,0,-267000,0,0,0,173000,440000,-267000,-267000
064639,聚陽凱基02購01  ,0,0,0,0,0,0,0,0,0,-267000,0,0,0,10000,277000,-267000,-267000
6592,和潤企業        ,33000,319000,-286000,0,0,0,0,0,0,19000,30000,0,30000,0,11000,-11000,-267000
00762,元大全球AI      ,0,0,0,0,0,0,0,0,0,-268000,0,0,0,55000,323000,-268000,-268000
066240,泰鼎富邦03購01  ,0,0,0,0,0,0,0,0,0,-269000,0,0,0,22000,291000,-269000,-269000
053083,中環元大99購01  ,0,0,0,0,0,0,0,0,0,-269000,0,0,0,331000,600000,-269000,-269000
1227,佳格            ,586571,1453651,-867080,0,0,0,800000,0,800000,-202000,0,202000,-202000,0,0,0,-269080
046937,聯電元大99購01  ,0,0,0,0,0,0,0,0,0,-271000,0,0,0,46000,317000,-271000,-271000
050077,臺股指凱基99購02,0,0,0,0,0,0,0,0,0,-272000,0,0,0,721000,993000,-272000,-272000
08536P,台積電國票9C售08,0,0,0,0,0,0,0,0,0,-273000,0,0,0,21000,294000,-273000,-273000
066143,惠特群益01購01  ,0,0,0,0,0,0,0,0,0,-273000,0,0,0,53000,326000,-273000,-273000
4960,誠美材          ,244000,517000,-273000,0,0,0,0,0,0,0,0,0,0,0,0,0,-273000
058832,立積永豐99購01  ,0,0,0,0,0,0,0,0,0,-274000,0,0,0,10000,284000,-274000,-274000
062013,奇鋐富邦9B購01  ,0,0,0,0,0,0,0,0,0,-274000,0,0,0,336000,610000,-274000,-274000
08595P,南電群益9C售03  ,0,0,0,0,0,0,0,0,0,-275000,0,0,0,24000,299000,-275000,-275000
056604,鴻海富邦9A購01  ,0,0,0,0,0,0,0,0,0,-275000,0,0,0,414000,689000,-275000,-275000
065718,健策中信9C購02  ,0,0,0,0,0,0,0,0,0,-275000,0,0,0,0,275000,-275000,-275000
064723,大立光統一02購04,0,0,0,0,0,0,0,0,0,-275000,0,0,0,100000,375000,-275000,-275000
06971P,台光電元大99售03,0,0,0,0,0,0,0,0,0,-276000,0,0,0,0,276000,-276000,-276000
062822,力成兆豐9B購01  ,0,0,0,0,0,0,0,0,0,-276000,0,0,0,38000,314000,-276000,-276000
2548,華固            ,167000,387000,-220000,0,0,0,0,0,0,-56000,60000,116000,-56000,0,0,0,-276000
057719,欣興元富02購01  ,0,0,0,0,0,0,0,0,0,-277000,0,0,0,222000,499000,-277000,-277000
057391,樺漢永豐98購01  ,0,0,0,0,0,0,0,0,0,-278000,0,0,0,72000,350000,-278000,-278000
08057P,京鼎群益9B售01  ,0,0,0,0,0,0,0,0,0,-279000,0,0,0,110000,389000,-279000,-279000
066118,台郡兆豐01購01  ,0,0,0,0,0,0,0,0,0,-280000,0,0,0,309000,589000,-280000,-280000
066105,松翰國票01購01  ,0,0,0,0,0,0,0,0,0,-285000,0,0,0,0,285000,-285000,-285000
066679,微星兆豐01購01  ,0,0,0,0,0,0,0,0,0,-285000,0,0,0,185000,470000,-285000,-285000
059003,中壽元大99購01  ,0,0,0,0,0,0,0,0,0,-285000,0,0,0,100000,385000,-285000,-285000
2352,佳世達          ,261000,550429,-289429,0,0,0,0,8000,-8000,12000,12000,0,12000,0,0,0,-285429
2034,允強            ,4000,291000,-287000,0,0,0,0,0,0,0,0,0,0,0,0,0,-287000
060284,南港元大01購01  ,0,0,0,0,0,0,0,0,0,-287000,0,0,0,277000,564000,-287000,-287000
1582,信錦            ,179000,299000,-120000,0,0,0,0,0,0,-168000,0,201000,-201000,45000,12000,33000,-288000
1449,佳和            ,44000,323000,-279000,0,0,0,0,0,0,-10000,0,10000,-10000,0,0,0,-289000
065461,台光電中信9C購01,0,0,0,0,0,0,0,0,0,-289000,0,0,0,122000,411000,-289000,-289000
061237,晶技元大9A購01  ,0,0,0,0,0,0,0,0,0,-291000,0,0,0,58000,349000,-291000,-291000
066352,晶碩永豐01購01  ,0,0,0,0,0,0,0,0,0,-292000,0,0,0,197000,489000,-292000,-292000
061394,FBVIX統一9B購01 ,0,0,0,0,0,0,0,0,0,-292000,0,0,0,8000,300000,-292000,-292000
059931,緯穎富邦9A購01  ,0,0,0,0,0,0,0,0,0,-292000,0,0,0,18000,310000,-292000,-292000
07837P,華邦電元大9A售01,0,0,0,0,0,0,0,0,0,-293000,0,0,0,0,293000,-293000,-293000
054287,台積電元大97購11,0,0,0,0,0,0,0,0,0,-293000,0,0,0,25000,318000,-293000,-293000
1338,廣華-KY         ,120000,414000,-294000,0,0,0,0,0,0,0,0,0,0,0,0,0,-294000
065773,鴻海國票03購01  ,0,0,0,0,0,0,0,0,0,-294000,0,0,0,7000,301000,-294000,-294000
066101,微星國票02購01  ,0,0,0,0,0,0,0,0,0,-296000,0,0,0,31000,327000,-296000,-296000
051849,旺宏中信98購01  ,0,0,0,0,0,0,0,0,0,-296000,0,0,0,363000,659000,-296000,-296000
062404,新唐永豐9B購01  ,0,0,0,0,0,0,0,0,0,-296000,0,0,0,5000,301000,-296000,-296000
07861P,台灣50中信03售08,0,0,0,0,0,0,0,0,0,-297000,0,0,0,55000,352000,-297000,-297000
062891,台汽電群益9B購01,0,0,0,0,0,0,0,0,0,-297000,0,0,0,212000,509000,-297000,-297000
2455,全新            ,357000,653000,-296000,0,0,0,0,0,0,-1000,38000,64000,-26000,36000,11000,25000,-297000
064398,聚陽凱基01購01  ,0,0,0,0,0,0,0,0,0,-298000,0,0,0,125000,423000,-298000,-298000
066780,上証反中信04購01,0,0,0,0,0,0,0,0,0,-300000,0,0,0,0,300000,-300000,-300000
06929P,鴻海元大99售11  ,0,0,0,0,0,0,0,0,0,-300000,0,0,0,0,300000,-300000,-300000
06851P,鈺齊元大98售01  ,0,0,0,0,0,0,0,0,0,-300000,0,0,0,0,300000,-300000,-300000
067015,義隆富邦04購01  ,0,0,0,0,0,0,0,0,0,-300000,0,0,0,0,300000,-300000,-300000
067004,義隆永豐01購01  ,0,0,0,0,0,0,0,0,0,-300000,0,0,0,0,300000,-300000,-300000
057548,微星凱基99購01  ,0,0,0,0,0,0,0,0,0,-300000,0,0,0,155000,455000,-300000,-300000
057378,康友元大98購02  ,0,0,0,0,0,0,0,0,0,-300000,0,0,0,0,300000,-300000,-300000
054527,國巨統一97購03  ,0,0,0,0,0,0,0,0,0,-300000,0,0,0,0,300000,-300000,-300000
056312,茂林元大98購01  ,0,0,0,0,0,0,0,0,0,-300000,0,0,0,50000,350000,-300000,-300000
061384,T50反1群益9A購04,0,0,0,0,0,0,0,0,0,-300000,0,0,0,0,300000,-300000,-300000
064079,英業達中信9C購01,0,0,0,0,0,0,0,0,0,-300000,0,0,0,194000,494000,-300000,-300000
064991,友達兆豐9C購01  ,0,0,0,0,0,0,0,0,0,-300000,0,0,0,0,300000,-300000,-300000
08158P,嘉澤元富9B售03  ,0,0,0,0,0,0,0,0,0,-301000,0,0,0,0,301000,-301000,-301000
061188,大成鋼富邦9B購01,0,0,0,0,0,0,0,0,0,-301000,0,0,0,0,301000,-301000,-301000
063143,嘉澤統一9B購02  ,0,0,0,0,0,0,0,0,0,-302000,0,0,0,235000,537000,-302000,-302000
08106P,聯發科統一9B售09,0,0,0,0,0,0,0,0,0,-305000,0,0,0,0,305000,-305000,-305000
08662P,台積電國泰03售01,0,0,0,0,0,0,0,0,0,-305000,0,0,0,74000,379000,-305000,-305000
066830,國揚群益01購01  ,0,0,0,0,0,0,0,0,0,-305000,0,0,0,0,305000,-305000,-305000
057416,T50反1凱基9C購01,0,0,0,0,0,0,0,0,0,-305000,0,0,0,0,305000,-305000,-305000
064423,義隆兆豐9C購02  ,0,0,0,0,0,0,0,0,0,-305000,0,0,0,29000,334000,-305000,-305000
6139,亞翔            ,811000,1116000,-305000,0,0,0,0,0,0,0,0,0,0,0,0,0,-305000
1712,興農            ,60000,391000,-331000,0,0,0,0,0,0,25000,80000,55000,25000,0,0,0,-306000
057523,大成鋼元大99購01,0,0,0,0,0,0,0,0,0,-306000,0,0,0,0,306000,-306000,-306000
059623,聯電凱基99購02  ,0,0,0,0,0,0,0,0,0,-306000,0,0,0,169000,475000,-306000,-306000
064346,貿聯元大01購01  ,0,0,0,0,0,0,0,0,0,-306000,0,0,0,324000,630000,-306000,-306000
064972,台積電元大9C購11,0,0,0,0,0,0,0,0,0,-308000,0,0,0,1283000,1591000,-308000,-308000
1417,嘉裕            ,183000,493000,-310000,0,0,0,0,0,0,0,0,0,0,0,0,0,-310000
062679,技嘉統一01購01  ,0,0,0,0,0,0,0,0,0,-310000,0,0,0,445000,755000,-310000,-310000
060337,FBVIX統一9A購01 ,0,0,0,0,0,0,0,0,0,-310000,0,0,0,0,310000,-310000,-310000
053805,奇鋐凱基98購02  ,0,0,0,0,0,0,0,0,0,-311000,0,0,0,10000,321000,-311000,-311000
066763,創意永豐01購02  ,0,0,0,0,0,0,0,0,0,-312000,0,0,0,11000,323000,-312000,-312000
066431,台郡元大02購01  ,0,0,0,0,0,0,0,0,0,-312000,0,0,0,289000,601000,-312000,-312000
063336,大成鋼統一9C購02,0,0,0,0,0,0,0,0,0,-313000,0,0,0,0,313000,-313000,-313000
059295,大立光元富99購05,0,0,0,0,0,0,0,0,0,-314000,0,0,0,272000,586000,-314000,-314000
06597P,國巨富邦9A售05  ,0,0,0,0,0,0,0,0,0,-314000,0,0,0,3000,317000,-314000,-314000
4551,智伸科          ,85000,143000,-58000,0,0,0,0,250000,-250000,-6000,0,0,0,5000,11000,-6000,-314000
020016,統一MSCI美科技N ,0,0,0,0,0,0,0,0,0,-316000,0,0,0,56000,372000,-316000,-316000
059040,訊芯群益99購03  ,0,0,0,0,0,0,0,0,0,-316000,0,0,0,145000,461000,-316000,-316000
065954,大立光統一03購01,0,0,0,0,0,0,0,0,0,-316000,0,0,0,105000,421000,-316000,-316000
08708P,華通台新01售01  ,0,0,0,0,0,0,0,0,0,-317000,0,0,0,0,317000,-317000,-317000
056903,大立光元大99購04,0,0,0,0,0,0,0,0,0,-317000,0,0,0,0,317000,-317000,-317000
064719,聯發科統一02購01,0,0,0,0,0,0,0,0,0,-318000,0,0,0,371000,689000,-318000,-318000
063677,台光電國泰9C購02,0,0,0,0,0,0,0,0,0,-318000,0,0,0,57000,375000,-318000,-318000
056189,樺漢統一97購02  ,0,0,0,0,0,0,0,0,0,-319000,0,0,0,0,319000,-319000,-319000
064774,聚陽群益9C購04  ,0,0,0,0,0,0,0,0,0,-319000,0,0,0,239000,558000,-319000,-319000
057347,國巨統一9A購03  ,0,0,0,0,0,0,0,0,0,-320000,0,0,0,0,320000,-320000,-320000
065313,聯茂國票01購01  ,0,0,0,0,0,0,0,0,0,-320000,0,0,0,75000,395000,-320000,-320000
064068,義隆永豐9C購01  ,0,0,0,0,0,0,0,0,0,-320000,0,0,0,27000,347000,-320000,-320000
06771P,台灣50中信02售01,0,0,0,0,0,0,0,0,0,-322000,0,0,0,5000,327000,-322000,-322000
064445,聚陽統一02購01  ,0,0,0,0,0,0,0,0,0,-322000,0,0,0,805000,1127000,-322000,-322000
057404,貿聯群益99購01  ,0,0,0,0,0,0,0,0,0,-324000,0,0,0,1000,325000,-324000,-324000
062236,信邦凱基9B購01  ,0,0,0,0,0,0,0,0,0,-324000,0,0,0,95000,419000,-324000,-324000
06138P,台積電中信99售01,0,0,0,0,0,0,0,0,0,-325000,0,0,0,0,325000,-325000,-325000
063237,微星元大9B購02  ,0,0,0,0,0,0,0,0,0,-327000,0,0,0,173000,500000,-327000,-327000
2485,兆赫            ,164000,497000,-333000,0,0,0,0,0,0,6000,10000,4000,6000,0,0,0,-327000
066320,順德永豐01購01  ,0,0,0,0,0,0,0,0,0,-330000,0,0,0,0,330000,-330000,-330000
061245,晶技群益9A購01  ,0,0,0,0,0,0,0,0,0,-330000,0,0,0,0,330000,-330000,-330000
4977,眾達-KY         ,588000,2025000,-1437000,0,0,0,1123000,0,1123000,-16000,80000,30000,50000,22000,88000,-66000,-330000
065082,台光電元大9C購04,0,0,0,0,0,0,0,0,0,-331000,0,0,0,64000,395000,-331000,-331000
057118,欣興日盛9A購01  ,0,0,0,0,0,0,0,0,0,-332000,0,0,0,12000,344000,-332000,-332000
00712,FH富時不動產    ,158000,30000,128000,0,0,0,0,0,0,-463000,0,0,0,48000,511000,-463000,-335000
065727,冠德凱基9C購01  ,0,0,0,0,0,0,0,0,0,-336000,0,0,0,164000,500000,-336000,-336000
057570,技嘉永豐98購02  ,0,0,0,0,0,0,0,0,0,-337000,0,0,0,165000,502000,-337000,-337000
065781,創意富邦01購01  ,0,0,0,0,0,0,0,0,0,-337000,0,0,0,40000,377000,-337000,-337000
058522,聯茂元大99購07  ,0,0,0,0,0,0,0,0,0,-338000,0,0,0,12000,350000,-338000,-338000
08381P,台灣50群益9C售06,0,0,0,0,0,0,0,0,0,-339000,0,0,0,296000,635000,-339000,-339000
064342,晶技元大9C購01  ,0,0,0,0,0,0,0,0,0,-340000,0,0,0,33000,373000,-340000,-340000
058209,臺股指凱基01購01,0,0,0,0,0,0,0,0,0,-341000,0,0,0,434000,775000,-341000,-341000
064014,貿聯國票01購01  ,0,0,0,0,0,0,0,0,0,-342000,0,0,0,22000,364000,-342000,-342000
065272,聯茂元大9C購05  ,0,0,0,0,0,0,0,0,0,-342000,0,0,0,38000,380000,-342000,-342000
067011,嘉基永豐01購03  ,0,0,0,0,0,0,0,0,0,-343000,0,0,0,0,343000,-343000,-343000
061768,晶技元大9B購02  ,0,0,0,0,0,0,0,0,0,-343000,0,0,0,55000,398000,-343000,-343000
064622,晶技元大01購01  ,0,0,0,0,0,0,0,0,0,-343000,0,0,0,65000,408000,-343000,-343000
3653,健策            ,424000,348000,76000,0,0,0,30000,442000,-412000,-7000,5000,10000,-5000,18000,20000,-2000,-343000
066626,盟立凱基01購01  ,0,0,0,0,0,0,0,0,0,-344000,0,0,0,217000,561000,-344000,-344000
066292,惠特元大01購02  ,0,0,0,0,0,0,0,0,0,-345000,0,0,0,622000,967000,-345000,-345000
08299P,玉晶光國票02售01,0,0,0,0,0,0,0,0,0,-345000,0,0,0,400000,745000,-345000,-345000
061589,世紀鋼富邦9B購01,0,0,0,0,0,0,0,0,0,-345000,0,0,0,0,345000,-345000,-345000
064316,貿聯群益9C購02  ,0,0,0,0,0,0,0,0,0,-346000,0,0,0,0,346000,-346000,-346000
00642U,元大S&P石油     ,31000,0,31000,0,0,0,0,0,0,-378000,0,0,0,2000,380000,-378000,-347000
059072,元油2X元大9C購13,0,0,0,0,0,0,0,0,0,-347000,0,0,0,0,347000,-347000,-347000
065599,台光電元大9C購05,0,0,0,0,0,0,0,0,0,-347000,0,0,0,173000,520000,-347000,-347000
062097,台光電永豐9B購01,0,0,0,0,0,0,0,0,0,-348000,0,0,0,0,348000,-348000,-348000
064582,裕隆永豐9C購02  ,0,0,0,0,0,0,0,0,0,-348000,0,0,0,0,348000,-348000,-348000
064709,瑞祺永豐9C購01  ,0,0,0,0,0,0,0,0,0,-348000,0,0,0,120000,468000,-348000,-348000
06959P,鴻海凱基9A售02  ,0,0,0,0,0,0,0,0,0,-350000,0,0,0,0,350000,-350000,-350000
064916,玉山金統一02購01,0,0,0,0,0,0,0,0,0,-350000,0,0,0,470000,820000,-350000,-350000
3036,文曄            ,168000,314000,-146000,0,0,0,0,3000,-3000,-201000,10000,110000,-100000,12000,113000,-101000,-350000
06371P,茂林國票98售04  ,0,0,0,0,0,0,0,0,0,-351000,0,0,0,64000,415000,-351000,-351000
066997,樺漢國泰03購01  ,0,0,0,0,0,0,0,0,0,-352000,0,0,0,0,352000,-352000,-352000
057798,貿聯兆豐99購01  ,0,0,0,0,0,0,0,0,0,-353000,0,0,0,235000,588000,-353000,-353000
059947,貿聯永豐99購03  ,0,0,0,0,0,0,0,0,0,-353000,0,0,0,0,353000,-353000,-353000
065654,台表科元大9C購12,0,0,0,0,0,0,0,0,0,-353000,0,0,0,332000,685000,-353000,-353000
066200,建準統一02購01  ,0,0,0,0,0,0,0,0,0,-355000,0,0,0,35000,390000,-355000,-355000
062971,英業達元富9B購01,0,0,0,0,0,0,0,0,0,-355000,0,0,0,230000,585000,-355000,-355000
00635U,元大S&P黃金     ,100,1000,-900,0,0,0,0,0,0,-357000,0,20000,-20000,254000,591000,-337000,-357900
07021P,台積電富邦9C售02,0,0,0,0,0,0,0,0,0,-358000,0,0,0,0,358000,-358000,-358000
06466P,台積電統一9B售01,0,0,0,0,0,0,0,0,0,-358000,0,0,0,30000,388000,-358000,-358000
066930,台積電國票02購01,0,0,0,0,0,0,0,0,0,-359000,0,0,0,1000,360000,-359000,-359000
058144,聯茂元大99購02  ,0,0,0,0,0,0,0,0,0,-359000,0,0,0,68000,427000,-359000,-359000
6176,瑞儀            ,713000,1055000,-342000,0,0,0,0,0,0,-17000,32000,34000,-2000,13000,28000,-15000,-359000
066950,義隆元大01購03  ,0,0,0,0,0,0,0,0,0,-360000,0,0,0,0,360000,-360000,-360000
08600P,臺股指元大9C售32,0,0,0,0,0,0,0,0,0,-360000,0,0,0,0,360000,-360000,-360000
6230,超眾            ,102000,190000,-88000,0,0,0,15000,122000,-107000,-165000,0,18000,-18000,6000,153000,-147000,-360000
08571P,台積電兆豐9C售06,0,0,0,0,0,0,0,0,0,-361000,0,0,0,1000,362000,-361000,-361000
066361,微星中信05購01  ,0,0,0,0,0,0,0,0,0,-361000,0,0,0,15000,376000,-361000,-361000
058328,世紀鋼統一9B購01,0,0,0,0,0,0,0,0,0,-361000,0,0,0,0,361000,-361000,-361000
059932,世紀鋼富邦9A購02,0,0,0,0,0,0,0,0,0,-361000,0,0,0,0,361000,-361000,-361000
3682,亞太電          ,221000,582000,-361000,0,0,0,0,0,0,0,0,0,0,0,0,0,-361000
2461,光群雷          ,468000,829000,-361000,0,0,0,0,0,0,0,0,0,0,0,0,0,-361000
066762,總太永豐01購02  ,0,0,0,0,0,0,0,0,0,-362000,0,0,0,0,362000,-362000,-362000
066776,創意富邦03購02  ,0,0,0,0,0,0,0,0,0,-363000,0,0,0,10000,373000,-363000,-363000
066382,拓凱康和01購01  ,0,0,0,0,0,0,0,0,0,-363000,0,0,0,111000,474000,-363000,-363000
065621,聯發科第一9C購01,0,0,0,0,0,0,0,0,0,-364000,0,0,0,172000,536000,-364000,-364000
064999,T50反1國票9C購03,0,0,0,0,0,0,0,0,0,-364000,0,0,0,76000,440000,-364000,-364000
058676,聯茂群益99購01  ,0,0,0,0,0,0,0,0,0,-365000,0,0,0,0,365000,-365000,-365000
061767,信邦元大9B購01  ,0,0,0,0,0,0,0,0,0,-365000,0,0,0,158000,523000,-365000,-365000
2368,金像電          ,6808000,7038000,-230000,0,0,0,966000,0,966000,-1102000,233000,0,233000,107000,1442000,-1335000,-366000
08353P,聯電元大9C售04  ,0,0,0,0,0,0,0,0,0,-368000,0,0,0,2000,370000,-368000,-368000
059943,信邦永豐99購01  ,0,0,0,0,0,0,0,0,0,-368000,0,0,0,12000,380000,-368000,-368000
3661,世芯-KY         ,690000,862345,-172345,0,0,0,0,128000,-128000,-68000,35000,112000,-77000,13000,4000,9000,-368345
065767,T50反1國票03購01,0,0,0,0,0,0,0,0,0,-369000,0,0,0,0,369000,-369000,-369000
066570,力成元大02購01  ,0,0,0,0,0,0,0,0,0,-370000,0,0,0,200000,570000,-370000,-370000
066797,台積電凱基02購09,0,0,0,0,0,0,0,0,0,-370000,0,0,0,10000,380000,-370000,-370000
064000,台郡兆豐9C購01  ,0,0,0,0,0,0,0,0,0,-370000,0,0,0,108000,478000,-370000,-370000
062062,貿聯統一01購01  ,0,0,0,0,0,0,0,0,0,-372000,0,0,0,130000,502000,-372000,-372000
07382P,台積電群益9B售01,0,0,0,0,0,0,0,0,0,-373000,0,0,0,0,373000,-373000,-373000
059024,大立光統一9B購04,0,0,0,0,0,0,0,0,0,-374000,0,0,0,343000,717000,-374000,-374000
08434P,臺股指凱基03售02,0,0,0,0,0,0,0,0,0,-375000,0,0,0,282000,657000,-375000,-375000
6214,精誠            ,210000,438000,-228000,0,0,0,0,0,0,-147000,11000,158000,-147000,0,0,0,-375000
058422,百和麥證99購01  ,0,0,0,100000,476000,-376000,0,0,0,-376000,0,0,0,100000,476000,-376000,-376000
064971,裕隆元大01購01  ,0,0,0,0,0,0,0,0,0,-376000,0,0,0,30000,406000,-376000,-376000
055890,鴻海統一99購01  ,0,0,0,0,0,0,0,0,0,-377000,0,0,0,0,377000,-377000,-377000
066956,華擎元大01購04  ,0,0,0,0,0,0,0,0,0,-378000,0,0,0,25000,403000,-378000,-378000
057379,寶成元大98購02  ,0,0,0,0,0,0,0,0,0,-378000,0,0,0,0,378000,-378000,-378000
1477,聚陽            ,777000,1334300,-557300,0,0,0,177000,5000,172000,6000,236000,102000,134000,180000,308000,-128000,-379300
08535P,和大國票01售02  ,0,0,0,0,0,0,0,0,0,-380000,0,0,0,60000,440000,-380000,-380000
056219,T50反1日盛02購01,0,0,0,0,0,0,0,0,0,-380000,0,0,0,170000,550000,-380000,-380000
065100,聯茂元大9C購04  ,0,0,0,0,0,0,0,0,0,-381000,0,0,0,204000,585000,-381000,-381000
8271,宇瞻            ,84000,467000,-383000,0,0,0,0,0,0,2000,2000,0,2000,0,0,0,-381000
063148,建準元富9B購01  ,0,0,0,0,0,0,0,0,0,-382000,0,0,0,52000,434000,-382000,-382000
9958,世紀鋼          ,190000,524000,-334000,0,0,0,0,0,0,-49000,40000,26000,14000,38000,101000,-63000,-383000
03683C,T50反1元大9C牛04,0,0,0,0,0,0,0,0,0,-384000,0,0,0,395000,779000,-384000,-384000
061137,晶技統一9B購01  ,0,0,0,0,0,0,0,0,0,-384000,0,0,0,16000,400000,-384000,-384000
066538,信邦兆豐03購01  ,0,0,0,0,0,0,0,0,0,-386000,0,0,0,19000,405000,-386000,-386000
064866,義隆永豐9C購02  ,0,0,0,0,0,0,0,0,0,-386000,0,0,0,30000,416000,-386000,-386000
08661P,台灣50麥證9C售03,0,0,0,0,387000,-387000,0,0,0,-387000,0,0,0,0,387000,-387000,-387000
08582P,臺股指元大9C售30,0,0,0,0,0,0,0,0,0,-388000,0,0,0,2000,390000,-388000,-388000
066466,晶碩統一02購01  ,0,0,0,0,0,0,0,0,0,-388000,0,0,0,170000,558000,-388000,-388000
062239,台汽電凱基9B購01,0,0,0,0,0,0,0,0,0,-388000,0,0,0,81000,469000,-388000,-388000
2049,上銀            ,295394,636658,-341264,0,0,0,0,5000,-5000,-42000,6000,21000,-15000,5000,32000,-27000,-388264
057282,大立光元大99購06,0,0,0,0,0,0,0,0,0,-391000,0,0,0,354000,745000,-391000,-391000
064711,國喬統一02購01  ,0,0,0,0,0,0,0,0,0,-391000,0,0,0,66000,457000,-391000,-391000
061304,創意永豐9A購02  ,0,0,0,0,0,0,0,0,0,-393000,0,0,0,157000,550000,-393000,-393000
063473,茂林元大9B購05  ,0,0,0,0,0,0,0,0,0,-393000,0,0,0,124000,517000,-393000,-393000
6531,愛普            ,413000,795050,-382050,0,0,0,20000,0,20000,-31000,155000,170000,-15000,0,16000,-16000,-393050
065007,群創國票01購01  ,0,0,0,0,0,0,0,0,0,-396000,0,0,0,0,396000,-396000,-396000
056612,台積電永豐98購01,0,0,0,0,0,0,0,0,0,-397000,0,0,0,47000,444000,-397000,-397000
065349,玉晶光統一9C購05,0,0,0,0,0,0,0,0,0,-398000,0,0,0,80000,478000,-398000,-398000
066291,惠特元大01購01  ,0,0,0,0,0,0,0,0,0,-399000,0,0,0,724000,1123000,-399000,-399000
06666P,台積電日盛9A售02,0,0,0,0,0,0,0,0,0,-399000,0,0,0,32000,431000,-399000,-399000
6278,台表科          ,1473000,1448000,25000,0,0,0,19000,0,19000,-443000,104000,392000,-288000,166000,321000,-155000,-399000
06759P,台積電元大98售17,0,0,0,0,0,0,0,0,0,-400000,0,0,0,0,400000,-400000,-400000
057281,大立光元大98購16,0,0,0,0,0,0,0,0,0,-400000,0,0,0,0,400000,-400000,-400000
057172,南亞科元大98購03,0,0,0,0,0,0,0,0,0,-400000,0,0,0,0,400000,-400000,-400000
1710,東聯            ,200000,601000,-401000,0,0,0,0,0,0,0,0,0,0,0,0,0,-401000
065722,緯創兆豐9C購02  ,0,0,0,0,0,0,0,0,0,-401000,0,0,0,25000,426000,-401000,-401000
056590,樺漢統一9A購01  ,0,0,0,0,0,0,0,0,0,-402000,0,0,0,0,402000,-402000,-402000
064185,裕隆永豐9C購01  ,0,0,0,0,0,0,0,0,0,-403000,0,0,0,25000,428000,-403000,-403000
08325P,臺股指凱基9C售08,0,0,0,0,0,0,0,0,0,-404000,0,0,0,158000,562000,-404000,-404000
066485,台光電元富01購01,0,0,0,0,0,0,0,0,0,-404000,0,0,0,121000,525000,-404000,-404000
062798,台光電統一9B購01,0,0,0,0,0,0,0,0,0,-404000,0,0,0,199000,603000,-404000,-404000
07840P,康控元大9A售02  ,0,0,0,0,0,0,0,0,0,-405000,0,0,0,0,405000,-405000,-405000
062220,台光電統一01購01,0,0,0,0,0,0,0,0,0,-405000,0,0,0,257000,662000,-405000,-405000
062215,華通統一9B購01  ,0,0,0,0,0,0,0,0,0,-406000,0,0,0,334000,740000,-406000,-406000
2367,燿華            ,1144000,1739000,-595000,0,0,0,0,0,0,189000,213000,14000,199000,209000,219000,-10000,-406000
065521,貿聯群益9C購04  ,0,0,0,0,0,0,0,0,0,-408000,0,0,0,8000,416000,-408000,-408000
3532,台勝科          ,295000,506000,-211000,0,0,0,0,1000,-1000,-196000,0,121000,-121000,3000,78000,-75000,-408000
06552P,茂林元大99售02  ,0,0,0,0,0,0,0,0,0,-409000,0,0,0,105000,514000,-409000,-409000
6533,晶心科          ,218000,642000,-424000,0,0,0,0,0,0,15000,15000,0,15000,0,0,0,-409000
07071P,立積元富99售01  ,0,0,0,0,0,0,0,0,0,-410000,0,0,0,40000,450000,-410000,-410000
062100,矽格永豐9B購01  ,0,0,0,0,0,0,0,0,0,-410000,0,0,0,37000,447000,-410000,-410000
065496,裕隆富邦9C購01  ,0,0,0,0,0,0,0,0,0,-410000,0,0,0,10000,420000,-410000,-410000
065719,T50反1兆豐9C購01,0,0,0,0,0,0,0,0,0,-410000,0,0,0,54000,464000,-410000,-410000
07720P,臺股指群益9A售09,0,0,0,0,0,0,0,0,0,-412000,0,0,0,0,412000,-412000,-412000
065333,冠德國票01購01  ,0,0,0,0,0,0,0,0,0,-412000,0,0,0,7000,419000,-412000,-412000
065215,義隆國泰02購02  ,0,0,0,0,0,0,0,0,0,-412000,0,0,0,132000,544000,-412000,-412000
08435P,台積電群益9C售11,0,0,0,0,0,0,0,0,0,-413000,0,0,0,10000,423000,-413000,-413000
055249,大毅統一99購01  ,0,0,0,0,0,0,0,0,0,-414000,0,0,0,0,414000,-414000,-414000
3380,明泰            ,539000,686000,-147000,0,0,0,0,0,0,-269000,33000,306000,-273000,4000,0,4000,-416000
08130P,義隆元大9B售05  ,0,0,0,0,0,0,0,0,0,-417000,0,0,0,120000,537000,-417000,-417000
065049,世芯凱基02購01  ,0,1000,-1000,0,0,0,0,0,0,-416000,0,0,0,342000,758000,-416000,-417000
6206,飛捷            ,119000,536000,-417000,0,0,0,0,0,0,0,0,0,0,0,0,0,-417000
03451B,臺股指凱基9C熊23,0,0,0,0,0,0,0,0,0,-418000,0,0,0,165000,583000,-418000,-418000
057338,群創國票99購01  ,0,0,0,0,0,0,0,0,0,-419000,0,0,0,0,419000,-419000,-419000
08800P,台積電元大01售20,0,0,0,0,0,0,0,0,0,-420000,0,0,0,620000,1040000,-420000,-420000
061969,大立光統一01購02,0,0,0,0,0,0,0,0,0,-420000,0,0,0,54000,474000,-420000,-420000
061944,聯電群益9B購01  ,0,0,0,0,0,0,0,0,0,-420000,0,0,0,111000,531000,-420000,-420000
3090,日電貿          ,78000,494000,-416000,0,0,0,0,0,0,-6000,0,0,0,0,6000,-6000,-422000
1560,中砂            ,85000,485000,-400000,0,0,0,0,15000,-15000,-8000,0,8000,-8000,0,0,0,-423000
067068,台積電元大01購21,0,0,0,0,0,0,0,0,0,-424000,0,0,0,1379000,1803000,-424000,-424000
066854,樺漢元大01購02  ,0,0,0,0,0,0,0,0,0,-426000,0,0,0,0,426000,-426000,-426000
066371,同欣電中信05購01,0,0,0,0,0,0,0,0,0,-428000,0,0,0,71000,499000,-428000,-428000
066219,惠特元富01購01  ,0,0,0,0,0,0,0,0,0,-429000,0,0,0,200000,629000,-429000,-429000
066139,拓凱群益01購01  ,0,0,0,0,0,0,0,0,0,-429000,0,0,0,285000,714000,-429000,-429000
062401,信邦永豐9B購01  ,0,0,0,0,0,0,0,0,0,-429000,0,0,0,174000,603000,-429000,-429000
08511P,電子類富邦9C售02,0,0,0,0,0,0,0,0,0,-430000,0,0,0,0,430000,-430000,-430000
06449P,台積電元大98售09,0,0,0,0,0,0,0,0,0,-430000,0,0,0,0,430000,-430000,-430000
08454P,台灣50凱基9C售12,0,0,0,0,0,0,0,0,0,-433000,0,0,0,397000,830000,-433000,-433000
053095,台光電統一98購01,0,0,0,0,0,0,0,0,0,-433000,0,0,0,77000,510000,-433000,-433000
064464,台郡統一01購01  ,0,0,0,0,0,0,0,0,0,-433000,0,0,0,175000,608000,-433000,-433000
4746,台耀            ,436000,725000,-289000,0,0,0,0,0,0,-145000,5000,150000,-145000,0,0,0,-434000
2404,漢唐            ,198000,586000,-388000,0,0,0,0,0,0,-46000,18000,6000,12000,8000,66000,-58000,-434000
07069P,欣興元富99售02  ,0,0,0,0,0,0,0,0,0,-436000,0,0,0,32000,468000,-436000,-436000
058928,國巨統一9C購01  ,0,0,0,0,0,0,0,0,0,-436000,0,0,0,548000,984000,-436000,-436000
058270,上緯控永豐99購01,0,0,0,0,0,0,0,0,0,-436000,0,0,0,1060000,1496000,-436000,-436000
061124,微星永豐9A購02  ,0,0,0,0,0,0,0,0,0,-437000,0,0,0,145000,582000,-437000,-437000
066694,深中小群益03購01,0,0,0,0,0,0,0,0,0,-438000,0,0,0,232000,670000,-438000,-438000
062426,大立光統一02購02,0,0,0,0,0,0,0,0,0,-439000,0,0,0,88000,527000,-439000,-439000
064139,裕隆統一01購02  ,0,0,0,0,0,0,0,0,0,-439000,0,0,0,314000,753000,-439000,-439000
08615P,同欣電統一9C售02,0,0,0,0,0,0,0,0,0,-441000,0,0,0,60000,501000,-441000,-441000
064722,大立光統一02購03,0,0,0,0,0,0,0,0,0,-441000,0,0,0,5000,446000,-441000,-441000
1460,宏遠            ,137000,578000,-441000,0,0,0,0,0,0,-3000,0,3000,-3000,0,0,0,-444000
063287,嘉澤元大9B購05  ,0,0,0,0,0,0,0,0,0,-445000,0,0,0,360000,805000,-445000,-445000
052738,聯電元大98購02  ,0,0,0,0,0,0,0,0,0,-446000,0,0,0,124000,570000,-446000,-446000
064881,聯茂兆豐01購02  ,0,0,0,0,0,0,0,0,0,-446000,0,0,0,155000,601000,-446000,-446000
065720,義隆兆豐9C購03  ,0,0,0,0,0,0,0,0,0,-446000,0,0,0,24000,470000,-446000,-446000
065445,台光電統一01購05,0,0,0,0,0,0,0,0,0,-447000,0,0,0,117000,564000,-447000,-447000
067007,拓凱永豐01購02  ,0,0,0,0,0,0,0,0,0,-448000,0,0,0,0,448000,-448000,-448000
5388,中磊            ,370000,802000,-432000,0,0,0,0,0,0,-17000,0,0,0,0,17000,-17000,-449000
2501,國建            ,140000,599000,-459000,0,0,0,0,0,0,9000,9000,0,9000,0,0,0,-450000
2601,益航            ,256000,707000,-451000,0,0,0,0,0,0,0,0,0,0,0,0,0,-451000
1802,台玻            ,29000,484000,-455000,0,0,0,0,0,0,0,0,0,0,0,0,0,-455000
065964,鴻海元大02購01  ,0,0,0,0,0,0,0,0,0,-455000,0,0,0,55000,510000,-455000,-455000
066869,聯發科元富07購02,0,0,0,0,0,0,0,0,0,-456000,0,0,0,85000,541000,-456000,-456000
07558P,玉晶光元大9A售10,0,0,0,0,0,0,0,0,0,-459000,0,0,0,1000,460000,-459000,-459000
059949,啟碁永豐99購01  ,0,0,0,0,0,0,0,0,0,-459000,0,0,0,2000,461000,-459000,-459000
08311P,台積電國票9C售07,0,0,0,0,0,0,0,0,0,-460000,0,0,0,0,460000,-460000,-460000
03875P,滬深2X國票05售01,0,0,0,0,0,0,0,0,0,-460000,0,0,0,700000,1160000,-460000,-460000
065532,台光電統一02購02,0,0,0,0,0,0,0,0,0,-460000,0,0,0,0,460000,-460000,-460000
00753L,中信中國50正2   ,0,0,0,0,0,0,0,0,0,-461000,0,0,0,507000,968000,-461000,-461000
2634,漢翔            ,50000,517000,-467000,0,0,0,0,4000,-4000,10000,0,0,0,10000,0,10000,-461000
1736,喬山            ,76000,488000,-412000,0,0,0,0,0,0,-51000,0,0,0,1000,52000,-51000,-463000
08464P,牧德永豐9C售02  ,0,0,0,0,0,0,0,0,0,-463000,0,0,0,0,463000,-463000,-463000
058936,國喬中信99購01  ,0,0,0,0,0,0,0,0,0,-465000,0,0,0,20000,485000,-465000,-465000
4119,旭富            ,322000,738473,-416473,0,0,0,0,0,0,-51000,0,1000,-1000,16000,66000,-50000,-467473
061134,大成鋼統一9C購01,0,0,0,0,0,0,0,0,0,-473000,0,0,0,1000,474000,-473000,-473000
066439,信錦群益02購01  ,0,0,0,0,0,0,0,0,0,-474000,0,0,0,279000,753000,-474000,-474000
061238,晶技元大9A購02  ,0,0,0,0,0,0,0,0,0,-474000,0,0,0,104000,578000,-474000,-474000
066452,晶碩群益01購01  ,0,0,0,0,0,0,0,0,0,-475000,0,0,0,101000,576000,-475000,-475000
060884,超眾中信9B購01  ,0,0,0,0,0,0,0,0,0,-475000,0,0,0,44000,519000,-475000,-475000
065289,冠德群益9C購01  ,0,0,0,0,0,0,0,0,0,-476000,0,0,0,181000,657000,-476000,-476000
066370,帆宣中信01購01  ,0,0,0,0,0,0,0,0,0,-477000,0,0,0,359000,836000,-477000,-477000
064682,嘉聯益兆豐01購01,0,0,0,0,0,0,0,0,0,-480000,0,0,0,35000,515000,-480000,-480000
07100P,華航元大99售01  ,0,0,0,0,0,0,0,0,0,-482000,0,0,0,0,482000,-482000,-482000
07060P,台表科國票9A售01,0,0,0,0,0,0,0,0,0,-483000,0,0,0,164000,647000,-483000,-483000
062332,大立光統一9B購11,0,0,0,0,0,0,0,0,0,-495000,0,0,0,124000,619000,-495000,-495000
07500P,微星元大9A售01  ,0,0,0,0,0,0,0,0,0,-496000,0,0,0,0,496000,-496000,-496000
07887P,台積電國票9C售03,0,0,0,0,0,0,0,0,0,-496000,0,0,0,3000,499000,-496000,-496000
063784,華通中信06購01  ,0,0,0,0,0,0,0,0,0,-496000,0,0,0,23000,519000,-496000,-496000
08567P,台勝科群益9C售01,0,0,0,0,0,0,0,0,0,-499000,0,0,0,0,499000,-499000,-499000
067144,上銀統一02購01  ,0,0,0,0,0,0,0,0,0,-499000,0,0,0,0,499000,-499000,-499000
066479,國巨元富07購01  ,0,0,0,0,0,0,0,0,0,-499000,0,0,0,10000,509000,-499000,-499000
061775,臺指反國票9B購04,0,0,0,0,0,0,0,0,0,-499000,0,0,0,0,499000,-499000,-499000
061073,T50反1兆豐9A購01,0,0,0,0,0,0,0,0,0,-499000,0,0,0,0,499000,-499000,-499000
065489,臺股指元大9C購31,0,0,0,0,0,0,0,0,0,-499000,0,0,0,0,499000,-499000,-499000
06588P,台積電元大98售11,0,0,0,0,0,0,0,0,0,-499000,0,0,0,0,499000,-499000,-499000
054786,全新群益99購02  ,0,0,0,0,0,0,0,0,0,-500000,0,0,0,0,500000,-500000,-500000
00774C,新光中政金綠債+R,0,0,0,0,0,0,0,0,0,-500000,0,0,0,0,500000,-500000,-500000
063555,SP黃豆元大9B購01,0,0,0,0,0,0,0,0,0,-500000,0,0,0,0,500000,-500000,-500000
9939,宏全            ,139000,633000,-494000,0,0,0,0,0,0,-8000,39000,16000,23000,0,31000,-31000,-502000
08840P,臺股指麥證01售07,0,0,0,0,503000,-503000,0,0,0,-503000,0,0,0,0,503000,-503000,-503000
063863,儒鴻富邦02購01  ,0,0,0,0,0,0,0,0,0,-504000,0,0,0,15000,519000,-504000,-504000
1762,中化生          ,376000,883000,-507000,0,0,0,0,0,0,-3000,0,5000,-5000,2000,0,2000,-510000
066844,聯發科元大01購12,0,0,0,0,0,0,0,0,0,-512000,0,0,0,50000,562000,-512000,-512000
065601,聯發科元大01購05,0,0,0,0,0,0,0,0,0,-512000,0,0,0,61000,573000,-512000,-512000
2332,友訊            ,1734000,2253000,-519000,0,0,0,0,0,0,5000,100000,66000,34000,32000,61000,-29000,-514000
2855,統一證          ,48000,565000,-517000,0,0,0,0,0,0,0,0,0,0,0,0,0,-517000
08534P,玉晶光元富06售02,0,0,0,0,0,0,0,0,0,-518000,0,0,0,71000,589000,-518000,-518000
063398,信邦群益9B購02  ,0,0,0,0,0,0,0,0,0,-520000,0,0,0,134000,654000,-520000,-520000
055063,玉晶光永豐99購01,0,0,0,0,0,0,0,0,0,-524000,0,0,0,64000,588000,-524000,-524000
06064P,台積電台新98售01,0,0,0,0,0,0,0,0,0,-525000,0,0,0,0,525000,-525000,-525000
056586,光罩統一98購02  ,0,0,0,0,0,0,0,0,0,-526000,0,0,0,7000,533000,-526000,-526000
066279,拓凱元大01購01  ,1000,0,1000,0,0,0,0,0,0,-528000,0,0,0,325000,853000,-528000,-527000
9921,巨大            ,1398128,1846200,-448072,0,0,0,15000,29000,-14000,-68000,5000,35000,-30000,10000,48000,-38000,-530072
059580,大立光元富99購07,0,0,0,0,0,0,0,0,0,-533000,0,0,0,0,533000,-533000,-533000
065523,茂林群益9C購03  ,0,0,0,0,0,0,0,0,0,-534000,0,0,0,66000,600000,-534000,-534000
3041,揚智            ,24000,276000,-252000,0,0,0,0,0,0,-282000,0,282000,-282000,0,0,0,-534000
064726,創意統一01購03  ,0,0,0,0,0,0,0,0,0,-536000,0,0,0,223000,759000,-536000,-536000
066009,創意統一02購02  ,0,0,0,0,0,0,0,0,0,-538000,0,0,0,1038000,1576000,-538000,-538000
064347,貿聯元大9C購03  ,0,0,0,0,0,0,0,0,0,-538000,0,0,0,151000,689000,-538000,-538000
2101,南港            ,421000,987000,-566000,0,0,0,0,0,0,25000,119000,0,119000,118000,212000,-94000,-541000
057987,大立光元富98購02,0,0,0,0,0,0,0,0,0,-542000,0,0,0,690000,1232000,-542000,-542000
066464,台郡統一02購02  ,0,0,0,0,0,0,0,0,0,-544000,0,0,0,207000,751000,-544000,-544000
066474,微星麥證01購01  ,0,0,0,75000,621000,-546000,0,0,0,-545000,0,0,0,76000,621000,-545000,-545000
064049,信邦統一01購01  ,0,0,0,0,0,0,0,0,0,-545000,0,0,0,240000,785000,-545000,-545000
058437,可成統一9B購01  ,0,0,0,0,0,0,0,0,0,-546000,0,0,0,10000,556000,-546000,-546000
066968,技嘉元富07購01  ,0,0,0,0,0,0,0,0,0,-547000,0,0,0,235000,782000,-547000,-547000
064966,FBVIX元大9C購03 ,0,0,0,0,0,0,0,0,0,-547000,0,0,0,116000,663000,-547000,-547000
061521,亞光兆豐9A購02  ,0,0,0,0,0,0,0,0,0,-550000,0,0,0,275000,825000,-550000,-550000
063656,台光電元富03購01,0,0,0,0,0,0,0,0,0,-553000,0,0,0,289000,842000,-553000,-553000
8150,南茂            ,1323000,1748000,-425000,0,0,0,0,0,0,-132000,1000,0,1000,27000,160000,-133000,-557000
066921,日月光麥證01購01,0,0,0,0,560000,-560000,0,0,0,-560000,0,0,0,0,560000,-560000,-560000
00655L,國泰中國A50正2  ,153000,138000,15000,0,0,0,0,0,0,-575000,10000,0,10000,2437000,3022000,-585000,-560000
061702,奇鋐國票9A購02  ,0,0,0,0,0,0,0,0,0,-560000,0,0,0,131000,691000,-560000,-560000
061914,台光電中信9B購01,0,0,0,0,0,0,0,0,0,-564000,0,0,0,51000,615000,-564000,-564000
8163,達方            ,360000,892000,-532000,0,0,0,0,2000,-2000,-32000,16000,10000,6000,33000,71000,-38000,-566000
2338,光罩            ,2093000,2998000,-905000,0,0,0,0,0,0,339000,0,0,0,678000,339000,339000,-566000
053797,台積電中信98購01,0,0,0,0,0,0,0,0,0,-568000,0,0,0,30000,598000,-568000,-568000
061085,聯茂兆豐9A購01  ,0,0,0,0,0,0,0,0,0,-568000,0,0,0,0,568000,-568000,-568000
066099,大立光中信05購01,0,0,0,0,0,0,0,0,0,-570000,0,0,0,375000,945000,-570000,-570000
1701,中化            ,653000,1222000,-569000,0,0,0,0,0,0,-3000,0,3000,-3000,0,0,0,-572000
065952,聯發科統一03購02,0,0,0,0,0,0,0,0,0,-572000,0,0,0,192000,764000,-572000,-572000
08189P,超眾群益9B售04  ,0,0,0,0,0,0,0,0,0,-573000,0,0,0,0,573000,-573000,-573000
08090P,嘉澤統一9B售01  ,0,0,0,0,0,0,0,0,0,-575000,0,0,0,35000,610000,-575000,-575000
066852,矽格元大01購03  ,0,0,0,0,0,0,0,0,0,-579000,0,0,0,381000,960000,-579000,-579000
08331P,義隆元富9C售02  ,0,0,0,0,0,0,0,0,0,-582000,0,0,0,0,582000,-582000,-582000
053082,聯電元大98購03  ,0,0,0,0,0,0,0,0,0,-587000,0,0,0,272000,859000,-587000,-587000
2439,美律            ,280000,428000,-148000,0,0,0,0,393000,-393000,-48000,29000,27000,2000,0,50000,-50000,-589000
6191,精成科          ,303000,893000,-590000,0,0,0,0,0,0,0,0,0,0,0,0,0,-590000
058523,聯茂元大99購08  ,0,0,0,0,0,0,0,0,0,-592000,0,0,0,91000,683000,-592000,-592000
065598,微星元大01購02  ,0,0,0,0,0,0,0,0,0,-594000,0,0,0,112000,706000,-594000,-594000
060890,大立光統一01購01,0,0,0,0,0,0,0,0,0,-597000,0,0,0,311000,908000,-597000,-597000
2486,一詮            ,317000,914000,-597000,0,0,0,0,0,0,0,0,0,0,0,0,0,-597000
6239,力成            ,1143233,1982681,-839448,0,0,0,193000,15000,178000,63000,40000,14000,26000,59000,22000,37000,-598448
06778P,台積電元大99售06,0,0,0,0,0,0,0,0,0,-599000,0,0,0,0,599000,-599000,-599000
067087,帆宣元大01購03  ,0,0,0,0,0,0,0,0,0,-600000,0,0,0,0,600000,-600000,-600000
08470P,世芯凱基9C售02  ,0,0,0,0,0,0,0,0,0,-600000,0,0,0,0,600000,-600000,-600000
063495,台光電富邦9C購01,0,0,0,0,0,0,0,0,0,-600000,0,0,0,67000,667000,-600000,-600000
6168,宏齊            ,52000,652000,-600000,0,0,0,0,0,0,0,0,0,0,0,0,0,-600000
057616,聯電凱基99購01  ,0,0,0,0,0,0,0,0,0,-606000,0,0,0,24000,630000,-606000,-606000
055259,玉晶光統一9A購01,0,0,0,0,0,0,0,0,0,-610000,0,0,0,2000,612000,-610000,-610000
057778,大立光群益98購02,0,0,0,0,0,0,0,0,0,-613000,0,0,0,0,613000,-613000,-613000
08526P,義隆元大9C售04  ,0,0,0,0,0,0,0,0,0,-620000,0,0,0,90000,710000,-620000,-620000
066242,惠特富邦03購01  ,0,0,0,0,0,0,0,0,0,-620000,0,0,0,294000,914000,-620000,-620000
3437,榮創            ,1597000,2219000,-622000,0,0,0,0,0,0,0,0,0,0,0,0,0,-622000
054791,泰碩群益99購02  ,0,0,0,0,0,0,0,0,0,-625000,0,0,0,5000,630000,-625000,-625000
2104,國際中橡        ,81000,686000,-605000,0,0,0,0,0,0,-20000,0,0,0,5000,25000,-20000,-625000
1904,正隆            ,1415000,1266000,149000,0,0,0,0,648000,-648000,-130000,92000,0,92000,13000,235000,-222000,-629000
057792,群創統一99購01  ,0,0,0,0,0,0,0,0,0,-629000,0,0,0,294000,923000,-629000,-629000
061754,晶技麥證9B購01  ,0,0,0,4000,634000,-630000,0,0,0,-630000,0,0,0,4000,634000,-630000,-630000
4938,和碩            ,1767810,2219000,-451190,0,0,0,411000,513000,-102000,-79000,0,0,0,33000,112000,-79000,-632190
059296,大立光元富99購06,0,0,0,0,0,0,0,0,0,-637000,0,0,0,30000,667000,-637000,-637000
08729P,創意永豐01售01  ,0,0,0,0,0,0,0,0,0,-639000,0,0,0,34000,673000,-639000,-639000
2801,彰銀            ,999380,1471000,-471620,0,0,0,0,89000,-89000,-79000,0,34000,-34000,0,45000,-45000,-639620
043442,大立光台新01購01,0,0,0,0,0,0,0,0,0,-640000,0,0,0,0,640000,-640000,-640000
065996,T50反1第一01購01,0,0,0,0,0,0,0,0,0,-641000,0,0,0,20000,661000,-641000,-641000
056475,宏達電元大99購02,0,0,0,0,0,0,0,0,0,-641000,0,0,0,627000,1268000,-641000,-641000
066046,聯發科元大01購09,0,0,0,0,0,0,0,0,0,-643000,0,0,0,146000,789000,-643000,-643000
064033,茂林元大9C購02  ,0,0,0,0,0,0,0,0,0,-643000,0,0,0,68000,711000,-643000,-643000
064783,貿聯群益9C購03  ,0,0,0,0,0,0,0,0,0,-644000,0,0,0,98000,742000,-644000,-644000
6451,訊芯-KY         ,209000,762000,-553000,0,0,0,28000,0,28000,-122000,10000,79000,-69000,31000,84000,-53000,-647000
065912,瑞祺永豐9C購02  ,0,0,0,0,0,0,0,0,0,-648000,0,0,0,104000,752000,-648000,-648000
06608P,立積群益99售02  ,0,0,0,0,0,0,0,0,0,-649000,0,0,0,51000,700000,-649000,-649000
061411,T50反1群益9A購05,0,0,0,0,0,0,0,0,0,-649000,0,0,0,0,649000,-649000,-649000
08440P,玉晶光國票01售05,0,0,0,0,0,0,0,0,0,-652000,0,0,0,149000,801000,-652000,-652000
066344,拓凱永豐01購01  ,0,0,0,0,0,0,0,0,0,-653000,0,0,0,343000,996000,-653000,-653000
066562,上緯控元大01購01,0,0,0,0,0,0,0,0,0,-655000,0,0,0,1039000,1694000,-655000,-655000
1905,華紙            ,39000,697000,-658000,0,0,0,0,0,0,0,0,0,0,0,0,0,-658000
061659,信邦永豐9A購01  ,0,0,0,0,0,0,0,0,0,-658000,0,0,0,138000,796000,-658000,-658000
06770P,台灣50第一9C售01,0,0,0,0,0,0,0,0,0,-666000,0,0,0,0,666000,-666000,-666000
1515,力山            ,587000,837000,-250000,0,0,0,0,0,0,-419000,51000,119000,-68000,7000,358000,-351000,-669000
9944,新麗            ,296000,969000,-673000,0,0,0,0,0,0,2000,2000,0,2000,0,0,0,-671000
6120,達運            ,43000,704000,-661000,0,0,0,0,0,0,-13000,0,13000,-13000,0,0,0,-674000
066905,台積電凱基03購03,0,0,0,0,0,0,0,0,0,-678000,0,0,0,0,678000,-678000,-678000
066853,樺漢元大01購01  ,0,0,0,0,0,0,0,0,0,-685000,0,0,0,40000,725000,-685000,-685000
057393,台積電中信02購01,0,10000,-10000,0,0,0,0,0,0,-679000,0,0,0,279000,958000,-679000,-689000
8112,至上            ,285000,975000,-690000,0,0,0,0,0,0,0,0,0,0,0,0,0,-690000
3673,TPK-KY          ,252000,728970,-476970,0,0,0,0,0,0,-215000,10000,8000,2000,13000,230000,-217000,-691970
2915,潤泰全          ,397000,2345525,-1948525,0,0,0,0,0,0,1245000,0,0,0,1304000,59000,1245000,-703525
2892,第一金          ,2916460,4512612,-1596152,0,0,0,898000,139000,759000,129000,200000,0,200000,0,71000,-71000,-708152
063169,台汽電永豐9B購01,0,0,0,0,0,0,0,0,0,-710000,0,0,0,26000,736000,-710000,-710000
2371,大同            ,971364,1254000,-282636,0,0,0,0,0,0,-434000,240000,674000,-434000,0,0,0,-716636
08392P,上銀群益9C售01  ,0,0,0,0,0,0,0,0,0,-717000,0,0,0,92000,809000,-717000,-717000
064788,台汽電群益9C購01,0,0,0,0,0,0,0,0,0,-717000,0,0,0,277000,994000,-717000,-717000
2417,圓剛            ,3850000,5197000,-1347000,0,0,0,500000,0,500000,130000,10000,10000,0,130000,0,130000,-717000
061241,晶技兆豐9A購01  ,0,0,0,0,0,0,0,0,0,-723000,0,0,0,131000,854000,-723000,-723000
08748P,台積電元富07售02,0,0,0,0,0,0,0,0,0,-724000,0,0,0,4000,728000,-724000,-724000
064188,玉晶光永豐9C購02,0,0,0,0,0,0,0,0,0,-726000,0,0,0,158000,884000,-726000,-726000
061905,上証反中信03購01,0,0,0,0,0,0,0,0,0,-728000,0,0,0,25000,753000,-728000,-728000
066892,台積電兆豐03購01,800000,0,800000,0,0,0,0,0,0,-1531000,0,0,0,0,1531000,-1531000,-731000
2303,聯電            ,20786611,45343390,-24556779,0,0,0,6004000,264000,5740000,18071000,1163000,2000,1161000,19626000,2716000,16910000,-745779
2103,台橡            ,82000,830000,-748000,0,0,0,0,0,0,0,0,0,0,0,0,0,-748000
064679,晶技兆豐9C購01  ,0,0,0,0,0,0,0,0,0,-750000,0,0,0,0,750000,-750000,-750000
2316,楠梓電          ,72000,714000,-642000,0,0,0,0,0,0,-110000,0,0,0,9000,119000,-110000,-752000
06715P,台積電元大99售04,0,0,0,0,0,0,0,0,0,-754000,0,0,0,2000,756000,-754000,-754000
058268,泰碩永豐9A購01  ,0,0,0,0,0,0,0,0,0,-757000,0,0,0,10000,767000,-757000,-757000
063446,台光電統一01購02,0,0,0,0,0,0,0,0,0,-762000,0,0,0,56000,818000,-762000,-762000
08110P,臺股指中信01售05,0,0,0,0,0,0,0,0,0,-766000,0,0,0,200000,966000,-766000,-766000
2353,宏碁            ,3313128,4144000,-830872,0,0,0,0,7000,-7000,48000,0,6000,-6000,188000,134000,54000,-789872
057583,啟碁中信9A購01  ,0,0,0,0,0,0,0,0,0,-798000,0,0,0,10000,808000,-798000,-798000
053965,聯電元大98購04  ,0,0,0,0,0,0,0,0,0,-799000,0,0,0,166000,965000,-799000,-799000
08718P,台灣50元大02售03,0,0,0,0,0,0,0,0,0,-800000,0,0,0,0,800000,-800000,-800000
056605,台積電富邦9B購02,0,0,0,0,0,0,0,0,0,-803000,0,0,0,47000,850000,-803000,-803000
063260,信邦富邦9B購01  ,0,0,0,0,0,0,0,0,0,-820000,0,0,0,168000,988000,-820000,-820000
057440,台積電統一98購10,0,0,0,0,0,0,0,0,0,-824000,0,0,0,59000,883000,-824000,-824000
6282,康舒            ,1319000,2391000,-1072000,0,0,0,0,0,0,244000,40000,49000,-9000,253000,0,253000,-828000
061173,T50反1凱基04購01,0,0,0,0,0,0,0,0,0,-832000,0,0,0,0,832000,-832000,-832000
066819,樺漢兆豐01購01  ,0,0,0,0,0,0,0,0,0,-833000,0,0,0,47000,880000,-833000,-833000
064703,T50反1國泰01購01,0,0,0,0,0,0,0,0,0,-837000,0,0,0,81000,918000,-837000,-837000
2542,興富發          ,440293,1279559,-839266,0,0,0,0,0,0,2000,2000,0,2000,0,0,0,-837266
065533,台光電統一02購03,0,0,0,0,0,0,0,0,0,-843000,0,0,0,373000,1216000,-843000,-843000
2393,億光            ,624000,1343000,-719000,0,0,0,0,0,0,-126000,50000,38000,12000,6000,144000,-138000,-845000
066926,聚陽國票02購01  ,50000,0,50000,0,0,0,0,0,0,-896000,0,0,0,0,896000,-896000,-846000
2867,三商壽          ,99000,946000,-847000,0,0,0,0,0,0,0,0,0,0,0,0,0,-847000
8215,明基材          ,99000,955000,-856000,0,0,0,0,0,0,0,0,0,0,0,0,0,-856000
063388,台光電兆豐9C購01,0,0,0,0,0,0,0,0,0,-857000,0,0,0,54000,911000,-857000,-857000
066294,嘉基元大01購01  ,0,0,0,0,0,0,0,0,0,-858000,0,0,0,273000,1131000,-858000,-858000
1604,聲寶            ,131000,992000,-861000,0,0,0,0,0,0,2000,2000,0,2000,0,0,0,-859000
057307,瀚宇博兆豐99購01,0,0,0,0,0,0,0,0,0,-864000,0,0,0,6000,870000,-864000,-864000
066990,啟碁群益01購01  ,0,0,0,0,0,0,0,0,0,-867000,0,0,0,0,867000,-867000,-867000
9802,鈺齊-KY         ,90000,692000,-602000,0,0,0,0,32000,-32000,-240000,10000,57000,-47000,0,193000,-193000,-874000
057791,可成統一99購01  ,0,0,0,0,0,0,0,0,0,-879000,0,0,0,30000,909000,-879000,-879000
9103,美德醫療-DR     ,114000,0,114000,0,0,0,0,0,0,-994000,0,0,0,0,994000,-994000,-880000
03414B,臺股指凱基99熊01,0,70000,-70000,0,0,0,0,0,0,-813000,0,0,0,1632000,2445000,-813000,-883000
063950,信邦元大9C購01  ,0,0,0,0,0,0,0,0,0,-884000,0,0,0,67000,951000,-884000,-884000
064482,微星永豐9C購01  ,0,0,0,0,0,0,0,0,0,-885000,0,0,0,495000,1380000,-885000,-885000
066855,樺漢元大01購03  ,0,0,0,0,0,0,0,0,0,-886000,0,0,0,78000,964000,-886000,-886000
055205,京鼎中信99購01  ,0,0,0,0,0,0,0,0,0,-890000,0,0,0,120000,1010000,-890000,-890000
2614,東森            ,797000,1432000,-635000,0,0,0,0,0,0,-258000,0,0,0,27000,285000,-258000,-893000
063027,台汽電元大9B購01,0,0,0,0,0,0,0,0,0,-895000,0,0,0,205000,1100000,-895000,-895000
064898,國產群益9C購01  ,0,0,0,0,0,0,0,0,0,-897000,0,0,0,121000,1018000,-897000,-897000
08644P,臺股指中信02售02,0,0,0,0,0,0,0,0,0,-905000,0,0,0,540000,1445000,-905000,-905000
065348,中壽統一9C購02  ,0,0,0,0,0,0,0,0,0,-908000,0,0,0,195000,1103000,-908000,-908000
6257,矽格            ,3016868,4047000,-1030132,0,0,0,390000,0,390000,-277000,184000,223000,-39000,333000,571000,-238000,-917132
6153,嘉聯益          ,468000,993000,-525000,0,0,0,0,238000,-238000,-159000,28000,183000,-155000,58000,62000,-4000,-922000
2841,台開            ,810000,1734000,-924000,0,0,0,0,0,0,0,0,0,0,0,0,0,-924000
2474,可成            ,530494,1200599,-670105,0,0,0,0,2000,-2000,-265000,7000,133000,-126000,16000,155000,-139000,-937105
066604,台郡富邦04購01  ,0,0,0,0,0,0,0,0,0,-938000,0,0,0,245000,1183000,-938000,-938000
08152P,祥碩統一9B售02  ,0,0,0,0,0,0,0,0,0,-939000,0,0,0,158000,1097000,-939000,-939000
2456,奇力新          ,331000,1101000,-770000,0,0,0,0,0,0,-173000,39000,39000,0,0,173000,-173000,-943000
1907,永豐餘          ,1389000,2640000,-1251000,0,0,0,0,0,0,306000,306000,0,306000,0,0,0,-945000
066239,拓凱富邦02購01  ,0,0,0,0,0,0,0,0,0,-946000,0,0,0,792000,1738000,-946000,-946000
08726P,台積電群益01售07,0,0,0,0,0,0,0,0,0,-951000,0,0,0,55000,1006000,-951000,-951000
056829,台積電富邦9A購01,0,0,0,0,0,0,0,0,0,-962000,0,0,0,134000,1096000,-962000,-962000
07048P,台積電中信03售01,0,0,0,0,0,0,0,0,0,-963000,0,0,0,2000,965000,-963000,-963000
3450,聯鈞            ,313000,970000,-657000,0,0,0,7000,0,7000,-313000,0,132000,-132000,38000,219000,-181000,-963000
6271,同欣電          ,319000,1314000,-995000,0,0,0,257000,0,257000,-227000,69000,174000,-105000,14000,136000,-122000,-965000
064183,聯茂富邦01購01  ,0,0,0,0,0,0,0,0,0,-973000,0,0,0,0,973000,-973000,-973000
065387,台光電兆豐9C購02,0,0,0,0,0,0,0,0,0,-974000,0,0,0,132000,1106000,-974000,-974000
04006P,滬深2X國票9B售01,0,0,0,0,0,0,0,0,0,-978000,0,0,0,20000,998000,-978000,-978000
1310,台苯            ,94000,1077000,-983000,0,0,0,0,0,0,2000,0,0,0,2000,0,2000,-981000
2382,廣達            ,2067838,3267000,-1199162,0,0,0,351000,43000,308000,-97000,143000,116000,27000,6000,130000,-124000,-988162
5264,鎧勝-KY         ,735000,1680000,-945000,0,0,0,0,0,0,-48000,16000,46000,-30000,37000,55000,-18000,-993000
062028,晶技群益9B購01  ,0,0,0,0,0,0,0,0,0,-1013000,0,0,0,110000,1123000,-1013000,-1013000
064382,台積電國泰01購01,0,0,0,0,0,0,0,0,0,-1017000,0,0,0,30000,1047000,-1017000,-1017000
047564,滬深2X國票99購01,0,0,0,0,0,0,0,0,0,-1032000,0,0,0,1179000,2211000,-1032000,-1032000
00693U,街口S&P黃豆     ,40000,698000,-658000,0,0,0,0,0,0,-380000,0,0,0,18000,398000,-380000,-1038000
2913,農林            ,50000,1139000,-1089000,0,0,0,0,0,0,44000,44000,0,44000,0,0,0,-1045000
1402,遠東新          ,1178624,3255000,-2076376,0,0,0,170000,60000,110000,917000,1100000,8000,1092000,16000,191000,-175000,-1049376
3376,新日興          ,242000,949000,-707000,0,0,0,0,173000,-173000,-181000,164000,161000,3000,4000,188000,-184000,-1061000
064809,冠德元大9C購01  ,0,0,0,0,0,0,0,0,0,-1062000,0,0,0,511000,1573000,-1062000,-1062000
06965P,台積電台新99售02,0,0,0,0,0,0,0,0,0,-1064000,0,0,0,0,1064000,-1064000,-1064000
055902,同欣電中信99購01,0,0,0,0,0,0,0,0,0,-1069000,0,0,0,887000,1956000,-1069000,-1069000
00648R,元大S&P500反1   ,2000,0,2000,0,0,0,0,0,0,-1077000,0,0,0,544000,1621000,-1077000,-1075000
3038,全台            ,264000,1252000,-988000,0,0,0,0,0,0,-95000,35000,130000,-95000,0,0,0,-1083000
066737,創意元大01購05  ,0,0,0,0,0,0,0,0,0,-1089000,0,0,0,10000,1099000,-1089000,-1089000
3231,緯創            ,9407445,10644073,-1236628,0,0,0,679000,18000,661000,-517000,32000,99000,-67000,105000,555000,-450000,-1092628
064829,義隆統一01購02  ,0,0,0,0,0,0,0,0,0,-1103000,0,0,0,343000,1446000,-1103000,-1103000
065345,台光電統一01購04,0,0,0,0,0,0,0,0,0,-1110000,0,0,0,10000,1120000,-1110000,-1110000
2498,宏達電          ,373000,1412000,-1039000,0,0,0,0,0,0,-89000,32000,12000,20000,22000,131000,-109000,-1128000
062681,全新統一01購01  ,0,0,0,0,0,0,0,0,0,-1129000,0,0,0,10000,1139000,-1129000,-1129000
00650L,FH香港正2       ,86000,86000,0,0,0,0,0,0,0,-1130000,0,0,0,863000,1993000,-1130000,-1130000
1536,和大            ,153000,1191000,-1038000,0,0,0,0,3000,-3000,-107000,0,80000,-80000,21000,48000,-27000,-1148000
066887,聯發科中信02購01,0,0,0,0,0,0,0,0,0,-1149000,0,0,0,51000,1200000,-1149000,-1149000
2492,華新科          ,649150,1523000,-873850,0,0,0,1000,161000,-160000,-135000,7000,12000,-5000,14000,144000,-130000,-1168850
2457,飛宏            ,516000,1686000,-1170000,0,0,0,0,0,0,0,0,0,0,0,0,0,-1170000
07597P,臺股指中信01售02,0,0,0,0,0,0,0,0,0,-1171000,0,0,0,257000,1428000,-1171000,-1171000
07486P,上証2X國票9B售02,0,0,0,0,0,0,0,0,0,-1178000,0,0,0,10000,1188000,-1178000,-1178000
2887,台新金          ,1728787,2744891,-1016104,0,0,0,0,101000,-101000,-80000,0,2000,-2000,0,78000,-78000,-1197104
2327,國巨            ,1376649,2423000,-1046351,0,0,0,52000,1000,51000,-205000,20000,88000,-68000,26000,163000,-137000,-1200351
067008,康舒永豐01購01  ,0,0,0,0,0,0,0,0,0,-1213000,0,0,0,0,1213000,-1213000,-1213000
08379P,台積電國泰02售02,0,0,0,0,0,0,0,0,0,-1220000,0,0,0,1331000,2551000,-1220000,-1220000
062475,道瓊反國票9B購02,0,0,0,0,0,0,0,0,0,-1234000,0,0,0,0,1234000,-1234000,-1234000
07363P,大立光元大99售26,0,0,0,0,0,0,0,0,0,-1239000,0,0,0,0,1239000,-1239000,-1239000
5521,工信            ,510000,1765000,-1255000,0,0,0,0,0,0,0,0,0,0,0,0,0,-1255000
08494P,世芯元大9C售02  ,0,0,0,0,0,0,0,0,0,-1256000,0,0,0,728000,1984000,-1256000,-1256000
063930,高鐵統一02購02  ,0,0,0,0,0,0,0,0,0,-1270000,0,0,0,0,1270000,-1270000,-1270000
1474,弘裕            ,2223000,3507000,-1284000,0,0,0,0,0,0,0,0,0,0,0,0,0,-1284000
3019,亞光            ,397000,1650000,-1253000,0,0,0,0,0,0,-31000,86000,110000,-24000,34000,41000,-7000,-1284000
066470,惠特統一02購01  ,0,0,0,0,0,0,0,0,0,-1286000,0,0,0,24000,1310000,-1286000,-1286000
2912,統一超          ,512292,1793447,-1281155,0,0,0,0,11000,-11000,-5000,0,0,0,0,5000,-5000,-1297155
064746,貿聯國票01購02  ,0,0,0,0,0,0,0,0,0,-1303000,0,0,0,163000,1466000,-1303000,-1303000
4956,光鋐            ,417000,1731000,-1314000,0,0,0,0,0,0,0,0,0,0,0,0,0,-1314000
064453,微星統一02購01  ,0,0,0,0,0,0,0,0,0,-1373000,0,0,0,110000,1483000,-1373000,-1373000
00670L,富邦NASDAQ正2   ,0,137000,-137000,0,0,0,0,0,0,-1252000,202000,10000,192000,128000,1572000,-1444000,-1389000
2454,聯發科          ,3386620,4711868,-1325248,0,0,0,27000,106000,-79000,10000,115000,69000,46000,67000,103000,-36000,-1394248
00676R,富邦臺灣加權反1 ,0,46000,-46000,0,0,0,0,0,0,-1402000,0,0,0,187000,1589000,-1402000,-1448000
064963,T50反1元大9C購09,0,0,0,0,0,0,0,0,0,-1448000,0,0,0,0,1448000,-1448000,-1448000
5469,瀚宇博          ,910000,3623166,-2713166,0,0,0,1500000,0,1500000,-268000,136000,69000,67000,122000,457000,-335000,-1481166
066704,創意群益01購02  ,0,0,0,0,0,0,0,0,0,-1487000,0,0,0,67000,1554000,-1487000,-1487000
3006,晶豪科          ,391000,1642000,-1251000,0,0,0,0,140000,-140000,-141000,17000,28000,-11000,5000,135000,-130000,-1532000
6456,GIS-KY          ,480000,1458000,-978000,0,0,0,110000,56000,54000,-618000,60000,171000,-111000,13000,520000,-507000,-1542000
054472,道瓊反中信9A購01,0,0,0,0,0,0,0,0,0,-1547000,0,0,0,56000,1603000,-1547000,-1547000
1504,東元            ,874000,2119000,-1245000,0,0,0,0,19000,-19000,-315000,18000,61000,-43000,108000,380000,-272000,-1579000
064727,群創統一02購03  ,0,0,0,0,0,0,0,0,0,-1594000,0,0,0,132000,1726000,-1594000,-1594000
4915,致伸            ,1586000,4004000,-2418000,0,0,0,800000,0,800000,-7000,0,0,0,10000,17000,-7000,-1625000
1722,台肥            ,216000,1989000,-1773000,0,0,0,0,0,0,146000,120000,48000,72000,100000,26000,74000,-1627000
066467,晶碩統一03購01  ,0,0,0,0,0,0,0,0,0,-1660000,0,0,0,212000,1872000,-1660000,-1660000
00669R,國泰美國道瓊反1 ,0,0,0,0,0,0,0,0,0,-1665000,0,0,0,1292000,2957000,-1665000,-1665000
3049,和鑫            ,227000,1917000,-1690000,0,0,0,0,0,0,0,0,0,0,0,0,0,-1690000
00875,國泰網路資安    ,1000,0,1000,0,0,0,0,0,0,-1734000,0,0,0,110000,1844000,-1734000,-1733000
066688,台積電元富07購01,0,0,0,0,0,0,0,0,0,-1769000,0,0,0,88000,1857000,-1769000,-1769000
00664R,國泰臺灣加權反1 ,131000,131000,0,0,0,0,0,0,0,-1781000,0,0,0,147000,1928000,-1781000,-1781000
6505,台塑化          ,542549,2246000,-1703451,0,0,0,6000,43000,-37000,-73000,0,68000,-68000,4000,9000,-5000,-1813451
066995,盟立國泰03購01  ,0,0,0,0,0,0,0,0,0,-1820000,0,0,0,15000,1835000,-1820000,-1820000
2330,台積電          ,33879520,36325076,-2445556,0,0,0,205000,578000,-373000,997000,715000,87000,628000,783000,414000,369000,-1821556
065861,台汽電元大9C購01,0,0,0,0,0,0,0,0,0,-1845000,0,0,0,170000,2015000,-1845000,-1845000
060123,光罩永豐99購02  ,0,0,0,0,0,0,0,0,0,-1860000,0,0,0,652000,2512000,-1860000,-1860000
054633,臺股指凱基9A購02,0,0,0,0,0,0,0,0,0,-1883000,0,0,0,293000,2176000,-1883000,-1883000
065415,台積電兆豐9C購05,0,0,0,0,0,0,0,0,0,-1901000,0,0,0,1139000,3040000,-1901000,-1901000
8046,南電            ,2212000,2419000,-207000,0,0,0,181000,1537000,-1356000,-413000,119000,535000,-416000,72000,69000,3000,-1976000
2329,華泰            ,304000,2320000,-2016000,0,0,0,0,0,0,-6000,0,0,0,0,6000,-6000,-2022000
07708P,玉晶光元大9A售13,0,0,0,0,0,0,0,0,0,-2039000,0,0,0,240000,2279000,-2039000,-2039000
2834,臺企銀          ,1701776,3705000,-2003224,0,0,0,0,57000,-57000,2000,0,0,0,2000,0,2000,-2058224
08387P,臺股指群益9C售15,0,0,0,0,0,0,0,0,0,-2065000,0,0,0,265000,2330000,-2065000,-2065000
2618,長榮航          ,2262960,4323261,-2060301,0,0,0,0,26000,-26000,-33000,0,2000,-2000,7000,38000,-31000,-2119301
08551P,台積電群益9C售12,0,0,0,0,0,0,0,0,0,-2195000,0,0,0,0,2195000,-2195000,-2195000
2363,矽統            ,1008000,3225000,-2217000,0,0,0,0,0,0,0,0,0,0,0,0,0,-2217000
2027,大成鋼          ,1717000,4029000,-2312000,0,0,0,0,0,0,80814,65000,32000,33000,118000,70186,47814,-2231186
065815,微星元富9C購01  ,0,0,0,0,0,0,0,0,0,-2250000,0,0,0,143000,2393000,-2250000,-2250000
2481,強茂            ,1187000,3243000,-2056000,0,0,0,0,0,0,-208000,18000,40000,-22000,119000,305000,-186000,-2264000
2449,京元電子        ,5202000,6714000,-1512000,0,0,0,0,212000,-212000,-548000,0,247000,-247000,80000,381000,-301000,-2272000
5880,合庫金          ,1961901,4061000,-2099099,0,0,0,0,126000,-126000,-68000,2000,3000,-1000,0,67000,-67000,-2293099
067088,啟碁元大01購01  ,0,0,0,0,0,0,0,0,0,-2458000,0,0,0,0,2458000,-2458000,-2458000
06328P,台積電中信01售02,0,0,0,0,0,0,0,0,0,-2488000,0,0,0,39000,2527000,-2488000,-2488000
2633,台灣高鐵        ,702799,3562000,-2859201,0,0,0,0,21000,-21000,-19000,6000,4000,2000,79000,100000,-21000,-2899201
1216,統一            ,3372541,6227158,-2854617,0,0,0,0,47000,-47000,-41000,2000,0,2000,1000,44000,-43000,-2942617
3706,神達            ,2725000,2401240,323760,0,0,0,0,0,0,-3372000,30000,1210000,-1180000,135000,2327000,-2192000,-3048240
2002,中鋼            ,3956480,6796000,-2839520,0,0,0,0,162000,-162000,-89000,0,0,0,0,89000,-89000,-3090520
9904,寶成            ,998620,3357096,-2358476,0,0,0,670000,1330000,-660000,-111000,34000,0,34000,13000,158000,-145000,-3129476
3017,奇鋐            ,3541000,6269000,-2728000,0,0,0,355000,0,355000,-861000,142000,32000,110000,265000,1236000,-971000,-3234000
3545,敦泰            ,790000,3924000,-3134000,0,0,0,0,0,0,-371000,0,0,0,13000,384000,-371000,-3505000
2603,長榮            ,1163226,2148000,-984774,0,0,0,0,2745000,-2745000,154000,154000,0,154000,0,0,0,-3575774
4414,如興            ,1582000,5173000,-3591000,0,0,0,0,0,0,0,0,0,0,0,0,0,-3591000
061297,台積電富邦9C購09,0,0,0,0,0,0,0,0,0,-3695000,0,0,0,0,3695000,-3695000,-3695000
2312,金寶            ,1255000,4905000,-3650000,0,0,0,0,0,0,-75000,0,0,0,37000,112000,-75000,-3725000
2313,華通            ,2873000,5850000,-2977000,0,0,0,0,1148000,-1148000,367000,98000,42000,56000,416000,105000,311000,-3758000
1440,南紡            ,889000,5195000,-4306000,0,0,0,0,0,0,24000,210000,0,210000,0,186000,-186000,-4282000
2344,華邦電          ,2556758,5247000,-2690242,0,0,0,0,15000,-15000,-1783000,88000,533000,-445000,11000,1349000,-1338000,-4488242
2610,華航            ,1564905,6492000,-4927095,0,0,0,0,22000,-22000,-19000,0,0,0,40000,59000,-19000,-4968095
2337,旺宏            ,3372000,8345000,-4973000,0,0,0,0,0,0,-204000,794000,146000,648000,53000,905000,-852000,-5177000
08388P,台灣50中信03售09,0,0,0,0,0,0,0,0,0,-5218000,0,0,0,0,5218000,-5218000,-5218000
1301,台塑            ,1183122,5662850,-4479728,0,0,0,0,813000,-813000,-51000,4000,20000,-16000,0,35000,-35000,-5343728
00653L,富邦印度正2     ,210000,1781000,-1571000,0,0,0,0,0,0,-3893000,0,0,0,1686000,5579000,-3893000,-5464000
2884,玉山金          ,4947017,10425000,-5477983,0,0,0,0,172000,-172000,122000,112000,0,112000,195000,185000,10000,-5527983
00633L,富邦上証正2     ,81000,4981000,-4900000,0,0,0,0,0,0,-1931000,41000,0,41000,2621000,4593000,-1972000,-6831000
2890,永豐金          ,3197301,10018415,-6821114,0,0,0,1493000,119000,1374000,-1920000,6000,1850000,-1844000,0,76000,-76000,-7367114
3481,群創            ,52702337,61085359,-8383022,0,0,0,0,0,0,193000,777000,38000,739000,2987000,3533000,-546000,-8190022
2891,中信金          ,7391997,15736920,-8344923,0,0,0,971000,695000,276000,-510000,70000,300000,-230000,0,280000,-280000,-8578923
2409,友達            ,7752868,20987000,-13234132,0,0,0,0,38000,-38000,769000,1051000,8000,1043000,307000,581000,-274000,-12503132
2408,南亞科          ,6855422,19172000,-12316578,0,0,0,545000,94000,451000,-1009000,176000,114000,62000,83000,1154000,-1071000,-12874578
053118,大立光中信9C購01,0,10000,-10000,0,0,0,0,0,0,-13620000,0,0,0,173000,13793000,-13620000,-13630000
00632R,元大台灣50反1   ,2092000,9429000,-7337000,0,0,0,0,0,0,-17130000,101000,671000,-570000,6395000,22955000,-16560000,-24467000
00637L,元大滬深300正2  ,6326000,26404000,-20078000,0,0,0,0,0,0,-18867000,180000,50000,130000,25364000,44361000,-18997000,-38945000
