證券代號,證券名稱,外陸資買進股數(不含外資自營商),外陸資賣出股數(不含外資自營商),外陸資買賣超股數(不含外資自營商),外資自營商買進股數,外資自營商賣出股數,外資自營商買賣超股數,投信買進股數,投信賣出股數,投信買賣超股數,自營商買賣超股數,自營商買進股數(自行買賣),自營商賣出股數(自行買賣),自營商買賣超股數(自行買賣),自營商買進股數(避險),自營商賣出股數(避險),自營商買賣超股數(避險),三大法人買賣超股數
3037,欣興            ,38731000,16818863,21912137,0,0,0,1823000,13000,1810000,1835000,704000,602000,102000,1912000,179000,1733000,25557137
3481,群創            ,34119229,23640000,10479229,0,0,0,0,3000000,-3000000,5124000,316000,168000,148000,5496000,520000,4976000,12603229
2409,友達            ,30703586,26326000,4377586,0,0,0,30000,1600000,-1570000,7866000,1684000,30000,1654000,7048000,836000,6212000,10673586
00876,元大未來關鍵科技,0,0,0,0,0,0,0,0,0,8310000,0,0,0,8531000,221000,8310000,8310000
0056,元大高股息      ,52000,52000,0,0,0,0,0,80000,-80000,7160000,0,0,0,7242000,82000,7160000,7080000
2344,華邦電          ,19082614,16560000,2522614,0,0,0,10000,0,10000,4190203,1015000,37000,978000,3454000,241797,3212203,6722817
2458,義隆            ,9501000,3594000,5907000,0,0,0,297000,239000,58000,-466000,201000,569000,-368000,101000,199000,-98000,5499000
2603,長榮            ,7243107,1783000,5460107,0,0,0,0,0,0,0,8000,8000,0,0,0,0,5460107
2448,晶電            ,14339076,12311000,2028076,0,0,0,3053000,9000,3044000,297000,560000,247000,313000,0,16000,-16000,5369076
2323,中環            ,5253000,392000,4861000,0,0,0,0,0,0,164000,50000,8000,42000,231000,109000,122000,5025000
2201,裕隆            ,5268000,1532000,3736000,0,0,0,0,0,0,684000,314000,0,314000,1097000,727000,370000,4420000
08227P,T50反1元大9B售09,0,0,0,0,0,0,0,0,0,4382000,0,0,0,4382000,0,4382000,4382000
3231,緯創            ,8307488,6244000,2063488,0,0,0,2433000,4000,2429000,-236000,1000,521000,-520000,612000,328000,284000,4256488
2324,仁寶            ,6543667,3729000,2814667,0,0,0,1558000,7000,1551000,-361000,10000,17000,-7000,81000,435000,-354000,4004667
07042P,T50反1元大9C售02,0,0,0,0,0,0,0,0,0,3516000,0,0,0,3516000,0,3516000,3516000
2481,強茂            ,3464000,642000,2822000,0,0,0,0,0,0,610000,412000,47000,365000,278000,33000,245000,3432000
2382,廣達            ,7728537,6933000,795537,0,0,0,512000,5000,507000,1943000,82000,253000,-171000,2236000,122000,2114000,3245537
6153,嘉聯益          ,3308000,483000,2825000,0,0,0,0,0,0,350000,27000,43000,-16000,565000,199000,366000,3175000
2368,金像電          ,11065000,7826000,3239000,0,0,0,0,312000,-312000,103000,330000,226000,104000,129000,130000,-1000,3030000
00861,元大全球未來通訊,789000,127000,662000,0,0,0,0,0,0,2295000,0,0,0,2397000,102000,2295000,2957000
4414,如興            ,3880000,1127000,2753000,0,0,0,0,0,0,0,0,0,0,0,0,0,2753000
0050,元大台灣50      ,2404001,592000,1812001,0,0,0,356000,141000,215000,720000,100000,5000,95000,1523000,898000,625000,2747001
8150,南茂            ,2950000,1211000,1739000,0,0,0,0,0,0,770000,0,36000,-36000,844000,38000,806000,2509000
066843,台達電元大01購02,0,0,0,0,0,0,0,0,0,2501000,0,0,0,2568000,67000,2501000,2501000
2505,國揚            ,4355000,2060000,2295000,0,0,0,0,0,0,187000,0,89000,-89000,649000,373000,276000,2482000
03106P,T50反1元大01售06,0,0,0,0,0,0,0,0,0,2481000,0,0,0,3455000,974000,2481000,2481000
6176,瑞儀            ,3051000,2581000,470000,0,0,0,1854000,0,1854000,67000,355000,67000,288000,37000,258000,-221000,2391000
07041P,T50反1元大9C售01,0,0,0,0,0,0,0,0,0,2288000,0,0,0,2288000,0,2288000,2288000
067580,亞德客群益01購03,0,0,0,0,0,0,0,0,0,2276000,0,0,0,2462000,186000,2276000,2276000
2439,美律            ,3039000,1817000,1222000,0,0,0,324000,0,324000,636000,535000,217000,318000,396000,78000,318000,2182000
08355P,智邦元大9C售03  ,0,0,0,0,0,0,0,0,0,2142000,0,0,0,2233000,91000,2142000,2142000
00648R,元大S&P500反1   ,0,0,0,0,0,0,0,0,0,2092000,0,0,0,2315000,223000,2092000,2092000
8046,南電            ,4073000,3957000,116000,0,0,0,621000,0,621000,1306000,903000,212000,691000,644000,29000,615000,2043000
068115,玉山金元富07購01,0,0,0,0,0,0,0,0,0,2026000,0,0,0,2037000,11000,2026000,2026000
053805,奇鋐凱基98購02  ,0,0,0,0,0,0,0,0,0,1995000,0,0,0,1996000,1000,1995000,1995000
1477,聚陽            ,1973000,644000,1329000,0,0,0,108000,1000,107000,526000,538000,129000,409000,159000,42000,117000,1962000
3711,日月光投控      ,6443844,6429000,14844,0,0,0,124000,36000,88000,1840000,412000,154000,258000,1751000,169000,1582000,1942844
2891,中信金          ,13909963,13049840,860123,0,0,0,1130000,28000,1102000,-52000,0,2000,-2000,48000,98000,-50000,1910123
1314,中石化          ,3015000,1380000,1635000,0,0,0,0,0,0,165000,0,0,0,190000,25000,165000,1800000
2393,億光            ,2639000,1394000,1245000,0,0,0,0,0,0,523000,38000,5000,33000,513000,23000,490000,1768000
4938,和碩            ,3979715,2600000,1379715,0,0,0,725000,4000,721000,-382000,13000,301000,-288000,36000,130000,-94000,1718715
2347,聯強            ,2009169,872000,1137169,0,0,0,721000,0,721000,-156000,2000,0,2000,25000,183000,-158000,1702169
2511,太子            ,2318000,537000,1781000,0,0,0,0,0,0,-111000,0,111000,-111000,0,0,0,1670000
058463,宏達電兆豐99購02,0,0,0,0,0,0,0,0,0,1600000,0,0,0,1600000,0,1600000,1600000
5880,合庫金          ,7452936,5848000,1604936,0,0,0,3000,14000,-11000,0,0,0,0,24000,24000,0,1593936
2376,技嘉            ,2382000,972000,1410000,0,0,0,191000,0,191000,-11000,275000,172000,103000,74000,188000,-114000,1590000
068372,聯電永豐01購01  ,0,0,0,0,0,0,0,0,0,1540000,0,0,0,1610000,70000,1540000,1540000
06397P,T50反1凱基9A售03,0,0,0,0,0,0,0,0,0,1514000,0,0,0,1524000,10000,1514000,1514000
4967,十銓            ,1971000,486000,1485000,0,0,0,0,0,0,-7000,0,7000,-7000,0,0,0,1478000
057581,元大金中信9A購01,0,0,0,0,0,0,0,0,0,1477000,0,0,0,1497000,20000,1477000,1477000
00676R,富邦臺灣加權反1 ,31000,31000,0,0,0,0,0,0,0,1434000,0,0,0,1896000,462000,1434000,1434000
2356,英業達          ,4612199,4002000,610199,0,0,0,1276000,5000,1271000,-449000,5000,40000,-35000,0,414000,-414000,1432199
062203,燿華國票9C購01  ,0,0,0,0,0,0,0,0,0,1394000,0,0,0,1394000,0,1394000,1394000
2535,達欣工          ,1793000,751000,1042000,0,0,0,0,0,0,352000,550000,154000,396000,8000,52000,-44000,1394000
2338,光罩            ,1427000,305000,1122000,0,0,0,0,0,0,270000,172000,6000,166000,127000,23000,104000,1392000
053856,台積電富邦98購01,0,0,0,0,0,0,0,0,0,1391000,0,0,0,1624000,233000,1391000,1391000
066508,世紀鋼富邦03購01,0,0,0,0,0,0,0,0,0,1384000,0,0,0,1855000,471000,1384000,1384000
064822,台達電統一01購03,0,0,0,0,0,0,0,0,0,1333000,0,0,0,1383000,50000,1333000,1333000
2905,三商            ,2180000,886000,1294000,0,0,0,0,0,0,0,0,0,0,0,0,0,1294000
067067,國巨元大01購08  ,0,0,0,0,0,0,0,0,0,1289000,0,0,0,1450000,161000,1289000,1289000
053564,台積電富邦99購01,0,0,0,0,0,0,0,0,0,1275000,0,0,0,1275000,0,1275000,1275000
068286,聯電群益03購02  ,5000,0,5000,0,0,0,0,0,0,1259000,0,0,0,1323000,64000,1259000,1264000
066899,義隆康和01購01  ,0,0,0,0,0,0,0,0,0,1260000,0,0,0,1741000,481000,1260000,1260000
3189,景碩            ,4377000,4229000,148000,0,0,0,344000,0,344000,738000,304000,62000,242000,518000,22000,496000,1230000
1476,儒鴻            ,1234168,811000,423168,0,0,0,670000,1000,669000,118000,128000,43000,85000,64000,31000,33000,1210168
3545,敦泰            ,1515000,468750,1046250,0,0,0,0,0,0,150000,0,1000,-1000,160000,9000,151000,1196250
068114,富邦金元富07購01,0,0,0,0,0,0,0,0,0,1172000,0,0,0,1172000,0,1172000,1172000
1760,寶齡富錦        ,1903000,733000,1170000,0,0,0,0,0,0,0,0,0,0,0,0,0,1170000
1229,聯華            ,1564000,353000,1211000,0,0,0,0,4000,-4000,-45000,0,35000,-35000,4000,14000,-10000,1162000
067664,台船元大01購01  ,0,0,0,0,0,0,0,0,0,1157000,0,0,0,1569000,412000,1157000,1157000
063056,嘉澤統一9C購02  ,0,0,0,0,0,0,0,0,0,1150000,0,0,0,1173000,23000,1150000,1150000
4142,國光生          ,3302000,2170000,1132000,0,0,0,0,0,0,-6000,0,0,0,0,6000,-6000,1126000
065838,鴻海元大03購01  ,0,0,0,0,0,0,0,0,0,1123000,0,0,0,1288000,165000,1123000,1123000
006205,富邦上証        ,13000,14000,-1000,0,0,0,0,0,0,1120000,0,0,0,2533000,1413000,1120000,1119000
3698,隆達            ,2274000,1474000,800000,0,0,0,0,0,0,312000,318000,6000,312000,0,0,0,1112000
1101,台泥            ,2200069,4019000,-1818931,0,0,0,3130000,7000,3123000,-194000,252000,3000,249000,5000,448000,-443000,1110069
058634,可成兆豐99購03  ,0,0,0,0,0,0,0,0,0,1100000,0,0,0,1100000,0,1100000,1100000
068123,嘉聯益元富07購01,0,0,0,0,0,0,0,0,0,1098000,0,0,0,1342000,244000,1098000,1098000
00852L,國泰美國道瓊正2 ,0,519000,-519000,0,0,0,0,0,0,1607000,0,0,0,2049000,442000,1607000,1088000
03044P,康控國票03售01  ,0,0,0,0,0,0,0,0,0,1088000,0,0,0,1225000,137000,1088000,1088000
4960,誠美材          ,1306000,217000,1089000,0,0,0,0,0,0,-3000,0,3000,-3000,0,0,0,1086000
066316,台船永豐01購01  ,0,0,0,0,0,0,0,0,0,1079000,0,0,0,1128000,49000,1079000,1079000
063582,瑞祺國泰9C購01  ,0,0,0,0,0,0,0,0,0,1067000,0,0,0,1209000,142000,1067000,1067000
065983,亞德客國泰03購01,0,0,0,0,0,0,0,0,0,1064000,0,0,0,1340000,276000,1064000,1064000
068125,潤泰新元富07購01,0,0,0,0,0,0,0,0,0,1052000,0,0,0,1062000,10000,1052000,1052000
064204,瑞儀兆豐01購01  ,0,0,0,0,0,0,0,0,0,1035000,0,0,0,1187000,152000,1035000,1035000
066513,精元永豐01購02  ,0,0,0,0,0,0,0,0,0,1016000,0,0,0,1182000,166000,1016000,1016000
07100P,華航元大99售01  ,0,0,0,0,0,0,0,0,0,1010000,0,0,0,1050000,40000,1010000,1010000
066236,潤泰全富邦01購01,0,0,0,0,0,0,0,0,0,1007000,0,0,0,1083000,76000,1007000,1007000
056342,中工凱基98購01  ,0,0,0,0,0,0,0,0,0,1004000,0,0,0,1004000,0,1004000,1004000
2329,華泰            ,1281000,279000,1002000,0,0,0,0,0,0,-3000,0,3000,-3000,0,0,0,999000
07101P,台郡元大99售06  ,0,0,0,0,0,0,0,0,0,998000,0,0,0,998000,0,998000,998000
062475,道瓊反國票9B購02,0,0,0,0,0,0,0,0,0,998000,0,0,0,998000,0,998000,998000
067595,國巨凱基02購04  ,0,0,0,0,0,0,0,0,0,997000,0,0,0,1028000,31000,997000,997000
062549,中租永豐9B購01  ,0,0,0,0,0,0,0,0,0,986000,0,0,0,986000,0,986000,986000
08161P,台表科元富9B售02,0,0,0,0,0,0,0,0,0,977000,0,0,0,977000,0,977000,977000
057724,亞德客國泰99購01,0,0,0,0,0,0,0,0,0,968000,0,0,0,968000,0,968000,968000
065209,國泰金國票01購01,0,0,0,0,0,0,0,0,0,961000,0,0,0,961000,0,961000,961000
3702,大聯大          ,1608397,3161000,-1552603,0,0,0,862000,0,862000,1639000,100000,0,100000,1747000,208000,1539000,948397
1440,南紡            ,1398000,291000,1107000,0,0,0,0,0,0,-160000,0,0,0,20000,180000,-160000,947000
07000P,T50反1元大99售03,0,0,0,0,0,0,0,0,0,934000,0,0,0,934000,0,934000,934000
063539,世紀鋼統一9B購02,0,0,0,0,0,0,0,0,0,934000,0,0,0,1211000,277000,934000,934000
2301,光寶科          ,4706853,3229000,1477853,0,0,0,899000,3000,896000,-1446000,33000,1407000,-1374000,102000,174000,-72000,927853
067387,智邦元富04購01  ,0,0,0,0,0,0,0,0,0,922000,0,0,0,957000,35000,922000,922000
064917,元大金統一02購01,0,0,0,0,0,0,0,0,0,916000,0,0,0,1485000,569000,916000,916000
3653,健策            ,875000,492000,383000,0,0,0,384000,0,384000,135000,147000,46000,101000,201000,167000,34000,902000
065351,中租統一02購02  ,0,0,0,0,0,0,0,0,0,900000,0,0,0,942000,42000,900000,900000
3016,嘉晶            ,1134000,461000,673000,0,0,0,0,0,0,226000,30000,23000,7000,227000,8000,219000,899000
2401,凌陽            ,1289000,387000,902000,0,0,0,0,0,0,-4000,0,4000,-4000,0,0,0,898000
068046,台積電統一03購05,0,0,0,0,0,0,0,0,0,880000,0,0,0,880000,0,880000,880000
066243,潤泰新富邦03購01,0,0,0,0,0,0,0,0,0,870000,0,0,0,1457000,587000,870000,870000
067619,臺股指凱基04購02,0,0,0,0,0,0,0,0,0,866000,0,0,0,970000,104000,866000,866000
2377,微星            ,3997892,3387000,610892,0,0,0,236000,0,236000,11000,67000,37000,30000,61000,80000,-19000,857892
063339,智邦統一01購01  ,0,0,0,0,0,0,0,0,0,850000,0,0,0,961000,111000,850000,850000
065481,臻鼎元大9C購04  ,0,0,0,0,0,0,0,0,0,849000,0,0,0,908000,59000,849000,849000
064222,玉山金國票01購01,0,0,0,0,0,0,0,0,0,848000,0,0,0,954000,106000,848000,848000
067214,聯陽元大01購02  ,0,0,0,0,0,0,0,0,0,837000,0,0,0,1022000,185000,837000,837000
068033,國產元富01購01  ,0,0,0,0,0,0,0,0,0,832000,0,0,0,887000,55000,832000,832000
1736,喬山            ,1702000,755000,947000,0,0,0,0,0,0,-115000,0,58000,-58000,17000,74000,-57000,832000
063136,智邦統一9B購02  ,0,0,0,0,0,0,0,0,0,826000,0,0,0,941000,115000,826000,826000
3673,TPK-KY          ,2078000,1171000,907000,0,0,0,0,0,0,-81000,102000,96000,6000,94000,181000,-87000,826000
065055,臺股指凱基02購04,0,0,0,0,0,0,0,0,0,813000,0,0,0,1185000,372000,813000,813000
067219,瑞儀元大01購01  ,0,0,0,0,0,0,0,0,0,801000,0,0,0,1661000,860000,801000,801000
064107,友達兆豐01購01  ,0,0,0,0,0,0,0,0,0,801000,0,0,0,803000,2000,801000,801000
07791P,奇鋐元大9A售02  ,0,0,0,0,0,0,0,0,0,800000,0,0,0,800000,0,800000,800000
063592,瑞祺永豐9B購02  ,0,0,0,0,0,0,0,0,0,796000,0,0,0,796000,0,796000,796000
3645,達邁            ,1028000,187000,841000,0,0,0,0,0,0,-51000,0,51000,-51000,0,0,0,790000
065445,台光電統一01購05,0,0,0,0,0,0,0,0,0,788000,0,0,0,818000,30000,788000,788000
07130P,台郡元大9B售01  ,0,0,0,0,0,0,0,0,0,784000,0,0,0,889000,105000,784000,784000
058547,世紀鋼富邦9A購01,0,0,0,0,0,0,0,0,0,783000,0,0,0,788000,5000,783000,783000
059880,世紀鋼凱基99購02,0,0,0,0,0,0,0,0,0,778000,0,0,0,861000,83000,778000,778000
08990P,台積電元大01售28,0,0,0,0,0,0,0,0,0,778000,0,0,0,878000,100000,778000,778000
066334,京城銀永豐01購01,0,0,0,0,0,0,0,0,0,775000,0,0,0,781000,6000,775000,775000
08277P,嘉晶元富9C售02  ,0,0,0,0,0,0,0,0,0,774000,0,0,0,805000,31000,774000,774000
068112,宏碁元富07購01  ,0,0,0,0,0,0,0,0,0,773000,0,0,0,1046000,273000,773000,773000
066374,臺股指中信04購01,0,0,0,0,0,0,0,0,0,771000,0,0,0,905000,134000,771000,771000
057282,大立光元大99購06,0,0,0,0,0,0,0,0,0,770000,0,0,0,1240000,470000,770000,770000
065978,臻鼎元大02購01  ,0,0,0,0,0,0,0,0,0,770000,0,0,0,919000,149000,770000,770000
055976,台積電統一99購03,0,0,0,0,0,0,0,0,0,767000,0,0,0,773000,6000,767000,767000
066265,精元元大01購01  ,0,0,0,0,0,0,0,0,0,760000,0,0,0,1399000,639000,760000,760000
064325,亞德客元大9C購01,0,0,0,0,0,0,0,0,0,752000,0,0,0,897000,145000,752000,752000
065496,裕隆富邦9C購01  ,0,0,0,0,0,0,0,0,0,752000,0,0,0,3294000,2542000,752000,752000
08714P,華碩元富01售03  ,0,0,0,0,0,0,0,0,0,750000,0,0,0,868000,118000,750000,750000
063811,亞德客群益9C購01,0,0,0,0,0,0,0,0,0,748000,0,0,0,937000,189000,748000,748000
067414,嘉澤康和01購01  ,0,0,0,0,0,0,0,0,0,742000,0,0,0,780000,38000,742000,742000
08599P,台表科元大9C售11,0,0,0,0,0,0,0,0,0,738000,0,0,0,841000,103000,738000,738000
4956,光鋐            ,928000,194000,734000,0,0,0,0,0,0,0,0,0,0,0,0,0,734000
063862,世紀鋼國泰02購01,0,0,0,0,0,0,0,0,0,733000,0,0,0,1001000,268000,733000,733000
064573,復盛群益9C購01  ,0,0,0,0,0,0,0,0,0,726000,0,0,0,738000,12000,726000,726000
00708L,元大S&P黃金正2  ,68000,0,68000,0,0,0,0,0,0,652000,0,0,0,2979000,2327000,652000,720000
03118P,台積電國票01售07,0,0,0,0,0,0,0,0,0,703000,0,0,0,705000,2000,703000,703000
2337,旺宏            ,17960000,17327000,633000,0,0,0,0,9000,-9000,70000,160000,1060000,-900000,1341000,371000,970000,694000
056330,玉晶光國票99購03,0,0,0,0,0,0,0,0,0,691000,0,0,0,831000,140000,691000,691000
063961,世紀鋼元大9C購05,0,0,0,0,0,0,0,0,0,691000,0,0,0,836000,145000,691000,691000
058495,元大金群益9B購01,0,0,0,0,0,0,0,0,0,690000,0,0,0,990000,300000,690000,690000
062615,亞德客元大9B購02,0,0,0,0,0,0,0,0,0,688000,0,0,0,749000,61000,688000,688000
060431,復盛永豐9A購01  ,0,0,0,0,0,0,0,0,0,686000,0,0,0,687000,1000,686000,686000
064144,智邦統一01購02  ,0,0,0,0,0,0,0,0,0,680000,0,0,0,771000,91000,680000,680000
068252,晶技元大01購05  ,0,0,0,0,0,0,0,0,0,676000,0,0,0,691000,15000,676000,676000
00701,國泰股利精選30  ,73000,35000,38000,0,0,0,0,0,0,638000,0,0,0,748000,110000,638000,676000
062019,嘉澤永豐9B購01  ,0,0,0,0,0,0,0,0,0,675000,0,0,0,675000,0,675000,675000
068126,樺漢元富07購01  ,0,0,0,0,0,0,0,0,0,666000,0,0,0,666000,0,666000,666000
065912,瑞祺永豐9C購02  ,0,0,0,0,0,0,0,0,0,666000,0,0,0,666000,0,666000,666000
064189,TPK永豐9C購01   ,0,0,0,0,0,0,0,0,0,665000,0,0,0,701000,36000,665000,665000
07579P,聯茂元大9A售01  ,0,0,0,0,0,0,0,0,0,655000,0,0,0,668000,13000,655000,655000
057973,神達富邦9A購01  ,0,0,0,0,0,0,0,0,0,653000,0,0,0,655000,2000,653000,653000
064982,新唐元大9C購01  ,0,0,0,0,0,0,0,0,0,653000,0,0,0,976000,323000,653000,653000
065530,亞德客統一9C購02,0,0,0,0,0,0,0,0,0,652000,0,0,0,851000,199000,652000,652000
1605,華新            ,2714000,2795000,-81000,0,0,0,941000,0,941000,-212000,254000,24000,230000,234000,676000,-442000,648000
062855,嘉澤永豐9B購02  ,0,0,0,0,0,0,0,0,0,645000,0,0,0,805000,160000,645000,645000
067401,嘉澤永豐01購02  ,0,0,0,0,0,0,0,0,0,643000,0,0,0,643000,0,643000,643000
063374,嘉澤永豐9B購04  ,0,0,0,0,0,0,0,0,0,643000,0,0,0,709000,66000,643000,643000
063864,健策富邦01購01  ,0,0,0,0,0,0,0,0,0,635000,0,0,0,697000,62000,635000,635000
066271,東森元大01購01  ,0,0,0,0,0,0,0,0,0,635000,0,0,0,949000,314000,635000,635000
064916,玉山金統一02購01,0,0,0,0,0,0,0,0,0,631000,0,0,0,792000,161000,631000,631000
2395,研華            ,1407606,837000,570606,0,0,0,2000,1000,1000,57737,59000,1000,58000,737,1000,-263,629343
2406,國碩            ,804000,182000,622000,0,0,0,0,0,0,0,0,0,0,0,0,0,622000
3708,上緯投控        ,1808000,1581000,227000,0,0,0,150000,0,150000,245000,154000,15000,139000,133000,27000,106000,622000
2353,宏碁            ,5273558,4880377,393181,0,0,0,9000,5000,4000,224000,480000,0,480000,283000,539000,-256000,621181
055265,玉晶光永豐98購03,0,0,0,0,0,0,0,0,0,621000,0,0,0,621000,0,621000,621000
066762,總太永豐01購02  ,0,0,0,0,0,0,0,0,0,620000,0,0,0,782000,162000,620000,620000
07695P,台郡元大9A售02  ,0,0,0,0,0,0,0,0,0,619000,0,0,0,639000,20000,619000,619000
062880,大立光兆豐9B購02,0,0,0,0,0,0,0,0,0,619000,0,0,0,619000,0,619000,619000
1609,大亞            ,842000,224000,618000,0,0,0,0,0,0,0,0,0,0,0,0,0,618000
065761,中租元大9C購02  ,0,0,0,0,0,0,0,0,0,612000,0,0,0,631000,19000,612000,612000
065312,日月光國票01購01,0,0,0,0,0,0,0,0,0,609000,0,0,0,802000,193000,609000,609000
067278,申豐統一02購03  ,0,0,0,0,0,0,0,0,0,604000,0,0,0,779000,175000,604000,604000
1598,岱宇            ,1831000,1237000,594000,0,0,0,0,0,0,9000,122000,113000,9000,0,0,0,603000
062353,亞德客元大9B購01,0,0,0,0,0,0,0,0,0,602000,0,0,0,888000,286000,602000,602000
2049,上銀            ,835217,231000,604217,0,0,0,37000,0,37000,-40000,36000,49000,-13000,48000,75000,-27000,601217
08440P,玉晶光國票01售05,0,0,0,0,0,0,0,0,0,601000,0,0,0,876000,275000,601000,601000
3006,晶豪科          ,797000,295000,502000,0,0,0,0,0,0,99000,23000,5000,18000,87000,6000,81000,601000
08252P,台積電國票9C售06,0,0,0,0,0,0,0,0,0,600000,0,0,0,600000,0,600000,600000
066252,南港元大01購02  ,0,0,0,0,0,0,0,0,0,596000,0,0,0,718000,122000,596000,596000
1513,中興電          ,715000,500000,215000,0,0,0,0,0,0,381000,0,27000,-27000,426000,18000,408000,596000
067806,宏碁凱基02購01  ,0,0,0,0,0,0,0,0,0,595000,0,0,0,878000,283000,595000,595000
057475,聯電元大9A購01  ,0,0,0,0,0,0,0,0,0,593000,0,0,0,593000,0,593000,593000
064303,新光金兆豐01購01,0,0,0,0,0,0,0,0,0,592000,0,0,0,592000,0,592000,592000
054569,GIS群益98購01   ,0,0,0,0,0,0,0,0,0,588000,0,0,0,608000,20000,588000,588000
061372,世紀鋼國泰9C購01,0,0,0,0,0,0,0,0,0,587000,0,0,0,1117000,530000,587000,587000
08554P,玉晶光國票01售06,0,0,0,0,0,0,0,0,0,585000,0,0,0,1246000,661000,585000,585000
063146,南六統一9B購02  ,0,0,0,0,0,0,0,0,0,583000,0,0,0,588000,5000,583000,583000
065900,瑞祺國泰02購01  ,0,0,0,0,0,0,0,0,0,582000,0,0,0,582000,0,582000,582000
064837,TPK統一9C購02   ,0,0,0,0,0,0,0,0,0,580000,0,0,0,713000,133000,580000,580000
1309,台達化          ,2195000,1759000,436000,0,0,0,0,0,0,140000,140000,0,140000,0,0,0,576000
6005,群益證          ,4823000,4244000,579000,0,0,0,0,3000,-3000,0,0,0,0,0,0,0,576000
055233,康友國票98購01  ,0,0,0,0,0,0,0,0,0,575000,0,0,0,575000,0,575000,575000
066228,嘉基國泰02購01  ,0,0,0,0,0,0,0,0,0,574000,0,0,0,797000,223000,574000,574000
6202,盛群            ,822000,231000,591000,0,0,0,0,0,0,-17000,0,0,0,1000,18000,-17000,574000
3047,訊舟            ,669000,95000,574000,0,0,0,0,0,0,0,0,0,0,0,0,0,574000
058615,矽創元大99購01  ,0,0,0,0,0,0,0,0,0,570000,0,0,0,619000,49000,570000,570000
064375,智邦元富03購01  ,0,0,0,0,0,0,0,0,0,567000,0,0,0,598000,31000,567000,567000
068275,健策永豐01購04  ,0,0,0,0,0,0,0,0,0,566000,0,0,0,612000,46000,566000,566000
056603,嘉聯益國泰9A購01,0,0,0,0,0,0,0,0,0,566000,0,0,0,601000,35000,566000,566000
063761,嘉澤統一02購01  ,0,0,0,0,0,0,0,0,0,557000,0,0,0,563000,6000,557000,557000
063922,大立光元富9C購04,0,0,0,0,0,0,0,0,0,551000,0,0,0,619000,68000,551000,551000
067317,嘉澤元大02購01  ,0,0,0,0,0,0,0,0,0,549000,0,0,0,648000,99000,549000,549000
062091,世紀鋼元大9B購01,0,0,0,0,0,0,0,0,0,545000,0,0,0,887000,342000,545000,545000
056503,楠梓電永豐98購01,0,0,0,0,0,0,0,0,0,543000,0,0,0,543000,0,543000,543000
066060,超眾元大01購03  ,0,0,0,0,0,0,0,0,0,541000,0,0,0,624000,83000,541000,541000
067064,為升元大01購02  ,0,0,0,0,0,0,0,0,0,540000,0,0,0,545000,5000,540000,540000
2340,光磊            ,674000,180000,494000,0,0,0,0,0,0,41000,42000,20000,22000,20000,1000,19000,535000
067076,聯詠元大01購05  ,0,0,0,0,0,0,0,0,0,533000,0,0,0,550000,17000,533000,533000
063983,麗豐兆豐9C購01  ,0,0,0,0,0,0,0,0,0,532000,0,0,0,532000,0,532000,532000
2345,智邦            ,2119715,1394819,724896,0,0,0,2000,96000,-94000,-99000,9000,9000,0,8000,107000,-99000,531896
068096,聯電富邦03購01  ,0,0,0,0,0,0,0,0,0,531000,0,0,0,531000,0,531000,531000
2102,泰豐            ,1599000,979000,620000,0,0,0,0,0,0,-89000,0,327000,-327000,268000,30000,238000,531000
066254,南帝元大01購01  ,0,0,0,0,0,0,0,0,0,530000,0,0,0,640000,110000,530000,530000
067593,亞德客凱基01購01,0,0,0,0,0,0,0,0,0,526000,0,0,0,833000,307000,526000,526000
067544,超眾群益03購01  ,0,0,0,0,0,0,0,0,0,523000,0,0,0,547000,24000,523000,523000
067008,康舒永豐01購01  ,0,0,0,0,0,0,0,0,0,523000,0,0,0,701000,178000,523000,523000
062643,緯穎國票9B購01  ,0,0,0,0,0,0,0,0,0,522000,0,0,0,592000,70000,522000,522000
064445,聚陽統一02購01  ,0,0,0,0,0,0,0,0,0,519000,0,0,0,637000,118000,519000,519000
064990,世紀鋼元大01購01,0,0,0,0,0,0,0,0,0,518000,0,0,0,744000,226000,518000,518000
066239,拓凱富邦02購01  ,0,0,0,0,0,0,0,0,0,516000,0,0,0,649000,133000,516000,516000
066315,南帝永豐01購01  ,0,0,0,0,0,0,0,0,0,516000,0,0,0,605000,89000,516000,516000
2363,矽統            ,1899000,1369000,530000,0,0,0,0,0,0,-14000,0,14000,-14000,0,0,0,516000
03085P,台積電元大01售34,0,0,0,0,0,0,0,0,0,515000,0,0,0,615000,100000,515000,515000
6504,南六            ,650000,114000,536000,0,0,0,0,18000,-18000,-5000,53000,42000,11000,41000,57000,-16000,513000
065525,瑞儀群益01購01  ,0,0,0,0,0,0,0,0,0,512000,0,0,0,630000,118000,512000,512000
08300P,世芯國票01售01  ,0,0,0,0,0,0,0,0,0,511000,0,0,0,585000,74000,511000,511000
03108P,台積電元大01售40,0,0,0,0,0,0,0,0,0,509000,0,0,0,1121000,612000,509000,509000
058244,神達元大99購02  ,0,0,0,0,0,0,0,0,0,507000,0,0,0,507000,0,507000,507000
4104,佳醫            ,780000,233000,547000,0,0,0,0,0,0,-40000,0,40000,-40000,0,0,0,507000
062388,旭富國泰01購01  ,0,0,0,0,0,0,0,0,0,506000,0,0,0,506000,0,506000,506000
065173,可成元大9C購10  ,0,0,0,0,0,0,0,0,0,504000,0,0,0,504000,0,504000,504000
3056,總太            ,735000,159000,576000,0,0,0,0,0,0,-75000,3000,0,3000,17000,95000,-78000,501000
065652,超眾元大01購02  ,0,0,0,0,0,0,0,0,0,500000,0,0,0,540000,40000,500000,500000
057514,華新科元富99購03,0,0,0,0,0,0,0,0,0,499000,0,0,0,499000,0,499000,499000
056301,開發金元大9A購01,0,0,0,0,0,0,0,0,0,499000,0,0,0,499000,0,499000,499000
058178,國巨國泰9A購02  ,0,0,0,0,0,0,0,0,0,499000,0,0,0,499000,0,499000,499000
065489,臺股指元大9C購31,0,0,0,0,0,0,0,0,0,499000,0,0,0,700000,201000,499000,499000
063918,復盛凱基9C購01  ,0,0,0,0,0,0,0,0,0,496000,0,0,0,519000,23000,496000,496000
00646,元大S&P500      ,26665,5000,21665,0,0,0,0,0,0,473000,0,0,0,473000,0,473000,494665
061110,超眾元大9A購03  ,0,0,0,0,0,0,0,0,0,493000,0,0,0,549000,56000,493000,493000
063933,TPK統一01購01   ,0,0,0,0,0,0,0,0,0,491000,0,0,0,557000,66000,491000,491000
067876,世紀鋼元大01購03,0,0,0,0,0,0,0,0,0,490000,0,0,0,762000,272000,490000,490000
062049,亞德客統一01購01,0,0,0,0,0,0,0,0,0,490000,0,0,0,562000,72000,490000,490000
068121,TPK元富03購01   ,0,0,0,0,0,0,0,0,0,489000,0,0,0,727000,238000,489000,489000
059302,大立光群益99購08,0,0,0,0,0,0,0,0,0,489000,0,0,0,489000,0,489000,489000
067316,嘉澤元大01購03  ,0,0,0,0,0,0,0,0,0,488000,0,0,0,744000,256000,488000,488000
060121,新光金富邦99購01,0,0,0,0,0,0,0,0,0,488000,0,0,0,688000,200000,488000,488000
066164,精元凱基01購01  ,0,0,0,0,0,0,0,0,0,487000,0,0,0,696000,209000,487000,487000
064026,建準元大9C購02  ,0,0,0,0,0,0,0,0,0,485000,0,0,0,507000,22000,485000,485000
064819,華新統一01購02  ,0,0,0,0,0,0,0,0,0,485000,0,0,0,485000,0,485000,485000
2349,錸德            ,936000,453000,483000,0,0,0,0,0,0,0,0,0,0,0,0,0,483000
2375,凱美            ,581000,90000,491000,0,0,0,0,0,0,-11000,0,0,0,0,11000,-11000,480000
1590,亞德客-KY       ,1763110,1055000,708110,0,0,0,0,119000,-119000,-110000,9000,24000,-15000,19000,114000,-95000,479110
066411,南紡元大01購01  ,0,0,0,0,0,0,0,0,0,479000,0,0,0,934000,455000,479000,479000
065876,牧德群益02購01  ,0,0,0,0,0,0,0,0,0,478000,0,0,0,519000,41000,478000,478000
063921,大立光元富9C購03,0,0,0,0,0,0,0,0,0,478000,0,0,0,569000,91000,478000,478000
067239,聯陽群益01購01  ,0,0,0,0,0,0,0,0,0,475000,0,0,0,525000,50000,475000,475000
0061,元大寶滬深      ,38000,47000,-9000,0,0,0,0,0,0,483000,10000,10000,0,533000,50000,483000,474000
00670L,富邦NASDAQ正2   ,3000,0,3000,0,0,0,0,0,0,470000,0,109000,-109000,664000,85000,579000,473000
061589,世紀鋼富邦9B購01,0,0,0,0,0,0,0,0,0,472000,0,0,0,976000,504000,472000,472000
066615,長榮航康和01購01,0,0,0,0,0,0,0,0,0,472000,0,0,0,673000,201000,472000,472000
063675,亞德客國泰01購01,0,0,0,0,0,0,0,0,0,471000,0,0,0,1261000,790000,471000,471000
067355,大立光群益01購07,0,0,0,0,0,0,0,0,0,470000,0,0,0,471000,1000,470000,470000
00875,國泰網路資安    ,0,1000,-1000,0,0,0,0,0,0,469000,0,0,0,547000,78000,469000,468000
064388,緯穎富邦9C購01  ,0,0,0,0,0,0,0,0,0,467000,0,0,0,646000,179000,467000,467000
03019P,全新群益01售01  ,0,0,0,0,0,0,0,0,0,466000,0,0,0,486000,20000,466000,466000
064414,臺股指凱基9C購10,0,0,0,0,0,0,0,0,0,464000,0,0,0,516000,52000,464000,464000
050077,臺股指凱基99購02,0,0,0,0,0,0,0,0,0,463000,0,0,0,646000,183000,463000,463000
3044,健鼎            ,841400,472000,369400,0,0,0,0,0,0,90000,33000,7000,26000,182000,118000,64000,459400
9919,康那香          ,1605000,1138000,467000,0,0,0,0,0,0,-8000,0,8000,-8000,0,0,0,459000
068303,台積電國票01購08,0,0,0,0,0,0,0,0,0,458000,0,0,0,476000,18000,458000,458000
03109P,台積電元大01售41,0,0,0,0,0,0,0,0,0,458000,0,0,0,540000,82000,458000,458000
067011,嘉基永豐01購03  ,0,0,0,0,0,0,0,0,0,455000,0,0,0,625000,170000,455000,455000
066378,超眾兆豐03購01  ,0,0,0,0,0,0,0,0,0,455000,0,0,0,488000,33000,455000,455000
063143,嘉澤統一9B購02  ,0,0,0,0,0,0,0,0,0,453000,0,0,0,520000,67000,453000,453000
060688,世紀鋼元大9C購01,0,0,0,0,0,0,0,0,0,452000,0,0,0,476000,24000,452000,452000
061071,復盛凱基9A購01  ,0,0,0,0,0,0,0,0,0,452000,0,0,0,453000,1000,452000,452000
07983P,茂林群益9B售03  ,0,0,0,0,0,0,0,0,0,450000,0,0,0,451000,1000,450000,450000
062924,世紀鋼元大9C購04,0,0,0,0,0,0,0,0,0,448000,0,0,0,678000,230000,448000,448000
062215,華通統一9B購01  ,0,0,0,0,0,0,0,0,0,448000,0,0,0,1141000,693000,448000,448000
064137,台泥統一02購01  ,0,0,0,0,0,0,0,0,0,448000,0,0,0,460000,12000,448000,448000
067967,玉山金群益01購01,0,0,0,0,0,0,0,0,0,447000,0,0,0,548000,101000,447000,447000
058711,鴻海統一9A購02  ,0,0,0,0,0,0,0,0,0,447000,0,0,0,518000,71000,447000,447000
2369,菱生            ,636000,184000,452000,0,0,0,0,0,0,-6000,0,6000,-6000,0,0,0,446000
066758,智邦永豐01購01  ,0,0,0,0,0,0,0,0,0,444000,0,0,0,490000,46000,444000,444000
9105,泰金寶-DR       ,545000,101000,444000,0,0,0,0,0,0,0,0,0,0,0,0,0,444000
062976,嘉澤元富9B購01  ,0,0,0,0,0,0,0,0,0,443000,0,0,0,513000,70000,443000,443000
08434P,臺股指凱基03售02,0,0,0,0,0,0,0,0,0,438000,0,0,0,836000,398000,438000,438000
063650,矽創元大9B購03  ,0,0,0,0,0,0,0,0,0,437000,0,0,0,480000,43000,437000,437000
062596,緯穎統一01購02  ,0,0,0,0,0,0,0,0,0,436000,0,0,0,440000,4000,436000,436000
064139,裕隆統一01購02  ,0,0,0,0,0,0,0,0,0,436000,0,0,0,603000,167000,436000,436000
064483,瑞儀永豐9C購01  ,0,0,0,0,0,0,0,0,0,435000,0,0,0,806000,371000,435000,435000
1712,興農            ,792000,357000,435000,0,0,0,0,0,0,-1000,0,1000,-1000,0,0,0,434000
2031,新光鋼          ,595000,145000,450000,0,0,0,0,0,0,-17000,16000,33000,-17000,0,0,0,433000
062293,麗豐永豐9B購01  ,0,0,0,0,0,0,0,0,0,432000,0,0,0,432000,0,432000,432000
067695,國產中信05購01  ,0,0,0,0,0,0,0,0,0,431000,0,0,0,431000,0,431000,431000
062523,世紀鋼元大9C購03,0,0,0,0,0,0,0,0,0,431000,0,0,0,573000,142000,431000,431000
068113,台光電元富07購01,0,0,0,0,0,0,0,0,0,430000,0,0,0,538000,108000,430000,430000
08275P,南亞科元富9C售01,0,0,0,0,0,0,0,0,0,430000,0,0,0,550000,120000,430000,430000
2385,群光            ,827515,765000,62515,0,0,0,420000,0,420000,-53000,0,2000,-2000,49000,100000,-51000,429515
067581,聯電群益03購01  ,0,0,0,0,0,0,0,0,0,429000,0,0,0,429000,0,429000,429000
066139,拓凱群益01購01  ,0,0,0,0,0,0,0,0,0,429000,0,0,0,492000,63000,429000,429000
068166,鈺齊元大01購03  ,0,0,0,0,0,0,0,0,0,422000,0,0,0,522000,100000,422000,422000
068181,長榮航群益02購01,0,0,0,0,0,0,0,0,0,422000,0,0,0,422000,0,422000,422000
067922,玉晶光中信04購01,0,0,0,0,0,0,0,0,0,422000,0,0,0,465000,43000,422000,422000
064960,世紀鋼凱基03購01,0,0,0,0,0,0,0,0,0,420000,0,0,0,543000,123000,420000,420000
065522,旭富群益9C購03  ,0,0,0,0,0,0,0,0,0,418000,0,0,0,418000,0,418000,418000
057629,泰碩永豐98購02  ,0,0,0,0,0,0,0,0,0,417000,0,0,0,486000,69000,417000,417000
063355,超眾元富9B購01  ,0,0,0,0,0,0,0,0,0,417000,0,0,0,452000,35000,417000,417000
067511,拓凱統一01購01  ,0,0,0,0,0,0,0,0,0,415000,0,0,0,415000,0,415000,415000
056266,開發金統一9A購01,0,0,0,0,0,0,0,0,0,415000,0,0,0,465000,50000,415000,415000
064138,亞德客統一01購02,0,0,0,0,0,0,0,0,0,415000,0,0,0,415000,0,415000,415000
06771P,台灣50中信02售01,0,0,0,0,0,0,0,0,0,414000,0,0,0,500000,86000,414000,414000
5243,乙盛-KY         ,525000,192000,333000,0,0,0,0,0,0,80000,80000,0,80000,0,0,0,413000
1319,東陽            ,493240,97000,396240,0,0,0,0,0,0,16000,16000,0,16000,0,0,0,412240
08473P,康控凱基9C售01  ,0,0,0,0,0,0,0,0,0,412000,0,0,0,432000,20000,412000,412000
00638R,元大滬深300反1  ,47000,50000,-3000,0,0,0,0,0,0,414000,0,0,0,780000,366000,414000,411000
062863,聯茂國票9B購01  ,0,0,0,0,0,0,0,0,0,410000,0,0,0,410000,0,410000,410000
064880,神達兆豐9C購01  ,0,0,0,0,0,0,0,0,0,410000,0,0,0,438000,28000,410000,410000
064039,亞德客統一02購01,0,0,0,0,0,0,0,0,0,409000,0,0,0,509000,100000,409000,409000
060243,潤泰全元大9C購02,0,0,0,0,0,0,0,0,0,408000,0,0,0,408000,0,408000,408000
066563,日月光元大01購01,0,0,0,0,0,0,0,0,0,407000,0,0,0,1152000,745000,407000,407000
2208,台船            ,1105000,428000,677000,0,0,0,0,0,0,-270000,0,0,0,0,270000,-270000,407000
061517,瑞祺永豐9A購03  ,0,0,0,0,0,0,0,0,0,404000,0,0,0,404000,0,404000,404000
063772,智邦富邦9B購02  ,0,0,0,0,0,0,0,0,0,404000,0,0,0,409000,5000,404000,404000
066305,華夏永豐01購01  ,0,0,0,0,0,0,0,0,0,404000,0,0,0,404000,0,404000,404000
08411P,技嘉凱基9C售01  ,0,0,0,0,0,0,0,0,0,403000,0,0,0,443000,40000,403000,403000
064829,義隆統一01購02  ,0,0,0,0,0,0,0,0,0,403000,0,0,0,429000,26000,403000,403000
067138,正文永豐01購02  ,0,0,0,0,0,0,0,0,0,402000,0,0,0,507000,105000,402000,402000
3035,智原            ,1330000,539000,791000,0,0,0,0,374000,-374000,-15000,25000,27000,-2000,2000,15000,-13000,402000
061379,鈺齊永豐9A購02  ,0,0,0,0,0,0,0,0,0,401000,0,0,0,401000,0,401000,401000
062967,上銀元富9B購01  ,0,0,0,0,0,0,0,0,0,398000,0,0,0,539000,141000,398000,398000
4746,台耀            ,709112,309000,400112,0,0,0,0,0,0,-3000,0,3000,-3000,0,0,0,397112
00850,元大臺灣ESG永續 ,0,1000,-1000,0,0,0,0,0,0,398000,0,0,0,796000,398000,398000,397000
08160P,茂林元富9B售03  ,0,0,0,0,0,0,0,0,0,395000,0,0,0,656000,261000,395000,395000
064243,TPK統一02購02   ,0,0,0,0,0,0,0,0,0,394000,0,0,0,624000,230000,394000,394000
067174,嘉澤兆豐01購01  ,0,0,0,0,0,0,0,0,0,392000,0,0,0,392000,0,392000,392000
067293,智伸科兆豐03購01,0,0,0,0,0,0,0,0,0,390000,0,0,0,390000,0,390000,390000
3049,和鑫            ,1312000,918000,394000,0,0,0,0,0,0,-4731,0,4000,-4000,0,731,-731,389269
067508,奇鋐統一03購01  ,0,0,0,0,0,0,0,0,0,389000,0,0,0,435000,46000,389000,389000
066082,康友國泰03購01  ,0,0,0,0,0,0,0,0,0,389000,0,0,0,443000,54000,389000,389000
064299,宏碁兆豐9C購01  ,0,0,0,0,0,0,0,0,0,387000,0,0,0,628000,241000,387000,387000
066323,精元永豐01購01  ,0,0,0,0,0,0,0,0,0,387000,0,0,0,397000,10000,387000,387000
061245,晶技群益9A購01  ,0,0,0,0,0,0,0,0,0,386000,0,0,0,409000,23000,386000,386000
063618,智邦兆豐9C購01  ,0,0,0,0,0,0,0,0,0,385000,0,0,0,385000,0,385000,385000
059074,元油2X元大9C購15,0,0,0,0,0,0,0,0,0,384000,0,0,0,514000,130000,384000,384000
08799P,台積電元大01售19,0,0,0,0,0,0,0,0,0,382000,0,0,0,5304000,4922000,382000,382000
063320,旭富群益9B購03  ,0,0,0,0,0,0,0,0,0,380000,0,0,0,380000,0,380000,380000
063239,建準元大9B購01  ,0,0,0,0,0,0,0,0,0,380000,0,0,0,439000,59000,380000,380000
066294,嘉基元大01購01  ,0,0,0,0,0,0,0,0,0,380000,0,0,0,590000,210000,380000,380000
064627,矽格元大9C購01  ,0,0,0,0,0,0,0,0,0,378000,0,0,0,378000,0,378000,378000
061360,智邦兆豐9B購02  ,0,0,0,0,0,0,0,0,0,376000,0,0,0,403000,27000,376000,376000
066132,精元群益01購01  ,0,0,0,0,0,0,0,0,0,376000,0,0,0,400000,24000,376000,376000
00639,富邦深100       ,668000,29000,639000,0,0,0,0,0,0,-264000,0,0,0,927000,1191000,-264000,375000
065507,亞德客群益01購02,0,0,0,0,0,0,0,0,0,375000,0,0,0,435000,60000,375000,375000
065298,健策統一9C購06  ,0,0,0,0,0,0,0,0,0,374000,0,0,0,601000,227000,374000,374000
064153,中壽統一9C購01  ,0,0,0,0,0,0,0,0,0,374000,0,0,0,374000,0,374000,374000
07899P,和大凱基9B售01  ,0,0,0,0,0,0,0,0,0,373000,0,0,0,418000,45000,373000,373000
067009,樺漢永豐01購01  ,0,0,0,0,0,0,0,0,0,370000,0,0,0,370000,0,370000,370000
067740,精元元大01購02  ,0,0,0,0,0,0,0,0,0,369000,0,0,0,629000,260000,369000,369000
066694,深中小群益03購01,0,0,0,0,0,0,0,0,0,367000,0,0,0,472000,105000,367000,367000
6452,康友-KY         ,573000,237000,336000,0,0,0,0,0,0,31000,29000,0,29000,20000,18000,2000,367000
066813,亞德客兆豐01購01,0,0,0,0,0,0,0,0,0,366000,0,0,0,548000,182000,366000,366000
062401,信邦永豐9B購01  ,0,0,0,0,0,0,0,0,0,365000,0,0,0,387000,22000,365000,365000
066677,台泥兆豐03購01  ,0,0,0,0,0,0,0,0,0,364000,0,0,0,431000,67000,364000,364000
063807,超眾兆豐01購01  ,0,0,0,0,0,0,0,0,0,364000,0,0,0,364000,0,364000,364000
057987,大立光元富98購02,0,0,0,0,0,0,0,0,0,362000,0,0,0,380000,18000,362000,362000
067919,玉晶光永豐01購03,0,0,0,0,0,0,0,0,0,361000,0,0,0,361000,0,361000,361000
063895,新光金群益01購01,0,0,0,0,0,0,0,0,0,361000,0,0,0,367000,6000,361000,361000
3027,盛達            ,571000,211000,360000,0,0,0,0,0,0,0,0,0,0,0,0,0,360000
067490,嘉澤元大01購04  ,0,0,0,0,0,0,0,0,0,359000,0,0,0,397000,38000,359000,359000
064173,國產元富9C購01  ,0,0,0,0,0,0,0,0,0,359000,0,0,0,359000,0,359000,359000
067733,力山元大01購01  ,0,0,0,0,0,0,0,0,0,357000,0,0,0,659000,302000,357000,357000
066997,樺漢國泰03購01  ,0,0,0,0,0,0,0,0,0,356000,0,0,0,481000,125000,356000,356000
00692,富邦公司治理    ,25000,24000,1000,0,0,0,0,0,0,354000,0,0,0,2282000,1928000,354000,355000
054169,上緯控凱基98購01,0,0,0,0,0,0,0,0,0,355000,0,0,0,385000,30000,355000,355000
063611,儒鴻群益9B購03  ,0,0,0,0,0,0,0,0,0,355000,0,0,0,413000,58000,355000,355000
065994,南六永豐01購01  ,0,0,0,0,0,0,0,0,0,354000,0,0,0,374000,20000,354000,354000
067044,華碩凱基02購01  ,0,0,0,0,0,0,0,0,0,350000,0,0,0,350000,0,350000,350000
08050P,臺股指國票9B售15,0,0,0,0,0,0,0,0,0,350000,0,0,0,350000,0,350000,350000
061358,世紀鋼元大9A購04,0,0,0,0,0,0,0,0,0,350000,0,0,0,669000,319000,350000,350000
066765,揚明光永豐01購01,0,0,0,0,0,0,0,0,0,350000,0,0,0,382000,32000,350000,350000
068300,聯電國票03購01  ,0,15000,-15000,0,0,0,0,0,0,363000,0,0,0,464000,101000,363000,348000
067520,健策元富01購03  ,0,0,0,0,0,0,0,0,0,347000,0,0,0,643000,296000,347000,347000
5264,鎧勝-KY         ,2921000,2715000,206000,0,0,0,0,0,0,141000,43000,44000,-1000,181000,39000,142000,347000
065534,台光電統一9C購02,0,0,0,0,0,0,0,0,0,346000,0,0,0,368000,22000,346000,346000
065343,智邦統一01購03  ,0,0,0,0,0,0,0,0,0,346000,0,0,0,440000,94000,346000,346000
061662,瑞儀永豐9A購02  ,0,0,0,0,0,0,0,0,0,345000,0,0,0,451000,106000,345000,345000
067407,南六永豐01購03  ,0,0,0,0,0,0,0,0,0,344000,0,0,0,344000,0,344000,344000
067037,美利達康和01購02,0,0,0,0,0,0,0,0,0,344000,0,0,0,536000,192000,344000,344000
067083,正文元大01購01  ,0,0,0,0,0,0,0,0,0,344000,0,0,0,494000,150000,344000,344000
03086P,台積電元大01售37,0,0,0,0,0,0,0,0,0,344000,0,0,0,344000,0,344000,344000
064578,TPK國泰02購01   ,0,0,0,0,0,0,0,0,0,344000,0,0,0,524000,180000,344000,344000
064709,瑞祺永豐9C購01  ,0,0,0,0,0,0,0,0,0,344000,0,0,0,439000,95000,344000,344000
060100,新光金元大9C購01,0,0,0,0,0,0,0,0,0,343000,0,0,0,443000,100000,343000,343000
062837,復盛群益9B購01  ,0,0,0,0,0,0,0,0,0,343000,0,0,0,393000,50000,343000,343000
067086,中磊元大01購01  ,0,0,0,0,0,0,0,0,0,342000,0,0,0,382000,40000,342000,342000
067890,華新科群益01購06,0,0,0,0,0,0,0,0,0,342000,0,0,0,389000,47000,342000,342000
065539,瑞儀統一01購01  ,0,0,0,0,0,0,0,0,0,342000,0,0,0,433000,91000,342000,342000
068073,京城銀凱基01購01,0,0,0,0,0,0,0,0,0,341000,0,0,0,511000,170000,341000,341000
066587,台船群益01購01  ,0,0,0,0,0,0,0,0,0,340000,0,0,0,386000,46000,340000,340000
068167,世紀鋼元大02購01,0,0,0,0,0,0,0,0,0,339000,0,0,0,632000,293000,339000,339000
053965,聯電元大98購04  ,0,0,0,0,0,0,0,0,0,337000,0,0,0,337000,0,337000,337000
057447,智邦元富02購01  ,0,0,0,0,0,0,0,0,0,337000,0,0,0,345000,8000,337000,337000
063314,美律群益9B購01  ,0,0,0,0,0,0,0,0,0,337000,0,0,0,441000,104000,337000,337000
061137,晶技統一9B購01  ,0,0,0,0,0,0,0,0,0,337000,0,0,0,355000,18000,337000,337000
08479P,臺股指凱基9C售17,0,0,0,0,0,0,0,0,0,336000,0,0,0,355000,19000,336000,336000
066761,聯陽永豐01購03  ,0,0,0,0,0,0,0,0,0,336000,0,0,0,337000,1000,336000,336000
059832,超眾康和99購01  ,0,0,0,0,0,0,0,0,0,334000,0,0,0,334000,0,334000,334000
067773,台郡統一02購04  ,0,0,0,0,0,0,0,0,0,333000,0,0,0,334000,1000,333000,333000
056096,超眾元富9A購01  ,0,0,0,0,0,0,0,0,0,333000,0,0,0,375000,42000,333000,333000
067636,復盛永豐01購01  ,0,0,0,0,0,0,0,0,0,332000,0,0,0,332000,0,332000,332000
061816,長榮航群益9B購02,0,0,0,0,0,0,0,0,0,331000,0,0,0,331000,0,331000,331000
07366P,國巨康和99售02  ,0,0,0,0,0,0,0,0,0,330000,0,0,0,330000,0,330000,330000
064054,中租統一02購01  ,0,0,0,0,0,0,0,0,0,330000,0,0,0,379000,49000,330000,330000
063528,元大金凱基9B購01,0,0,0,0,0,0,0,0,0,329000,0,0,0,367000,38000,329000,329000
8213,志超            ,553000,219000,334000,0,0,0,0,0,0,-5000,0,2000,-2000,43000,46000,-3000,329000
068304,台積電國票03購01,0,0,0,0,0,0,0,0,0,327000,0,0,0,337000,10000,327000,327000
067963,宏碁群益02購01  ,0,0,0,0,0,0,0,0,0,327000,0,0,0,331000,4000,327000,327000
066280,眾達元大01購01  ,0,0,0,0,0,0,0,0,0,327000,0,0,0,362000,35000,327000,327000
2342,茂矽            ,1603000,1432000,171000,0,0,0,0,0,0,156000,156000,0,156000,0,0,0,327000
08744P,臺股指凱基02售05,0,0,0,0,0,0,0,0,0,326000,0,0,0,885000,559000,326000,326000
08211P,台表科元富9B售03,0,0,0,0,0,0,0,0,0,325000,0,0,0,460000,135000,325000,325000
063265,瑞祺永豐9B購01  ,0,0,0,0,0,0,0,0,0,323000,0,0,0,433000,110000,323000,323000
063591,麗豐永豐9B購02  ,0,0,0,0,0,0,0,0,0,323000,0,0,0,432000,109000,323000,323000
065348,中壽統一9C購02  ,0,0,0,0,0,0,0,0,0,322000,0,0,0,322000,0,322000,322000
064342,晶技元大9C購01  ,0,0,0,0,0,0,0,0,0,321000,0,0,0,321000,0,321000,321000
066888,長榮航中信07購01,0,0,0,0,0,0,0,0,0,321000,0,0,0,321000,0,321000,321000
3052,夆典            ,367000,46000,321000,0,0,0,0,0,0,0,0,0,0,0,0,0,321000
07382P,台積電群益9B售01,0,0,0,0,0,0,0,0,0,320000,0,0,0,320000,0,320000,320000
067271,世紀鋼永豐01購02,0,0,0,0,0,0,0,0,0,320000,0,0,0,433000,113000,320000,320000
067665,台達電元大01購04,0,0,0,0,0,0,0,0,0,319000,0,0,0,407000,88000,319000,319000
08287P,茂林凱基9C售02  ,0,0,0,0,0,0,0,0,0,318000,0,0,0,343000,25000,318000,318000
062597,世紀鋼統一01購01,0,0,0,0,0,0,0,0,0,317000,0,0,0,1236000,919000,317000,317000
066676,A50正2兆豐03購01,0,0,0,0,0,0,0,0,0,317000,0,0,0,351000,34000,317000,317000
066562,上緯控元大01購01,0,0,0,0,0,0,0,0,0,317000,0,0,0,569000,252000,317000,317000
067216,健策元大01購09  ,0,0,0,0,0,0,0,0,0,316000,0,0,0,1015000,699000,316000,316000
067558,中工國票02購01  ,0,0,0,0,0,0,0,0,0,316000,0,0,0,388000,72000,316000,316000
08202P,台表科國泰01售04,0,0,0,0,0,0,0,0,0,315000,0,0,0,315000,0,315000,315000
066346,眾達永豐01購01  ,0,0,0,0,0,0,0,0,0,315000,0,0,0,355000,40000,315000,315000
068341,世紀鋼元大01購04,0,0,0,0,0,0,0,0,0,312000,0,0,0,401000,89000,312000,312000
066210,瑞祺統一02購01  ,0,0,0,0,0,0,0,0,0,312000,0,0,0,322000,10000,312000,312000
068324,台積電元大01購43,0,0,0,0,0,0,0,0,0,311000,0,0,0,403000,92000,311000,311000
063271,中磊兆豐9C購01  ,0,0,0,0,0,0,0,0,0,311000,0,0,0,315000,4000,311000,311000
062970,智邦元富9B購01  ,0,0,0,0,0,0,0,0,0,311000,0,0,0,311000,0,311000,311000
064055,台郡統一02購01  ,0,0,0,0,0,0,0,0,0,311000,0,0,0,349000,38000,311000,311000
066149,潤泰新群益01購01,0,0,0,0,0,0,0,0,0,311000,0,0,0,335000,24000,311000,311000
066573,瑞祺元大01購02  ,0,0,0,0,0,0,0,0,0,311000,0,0,0,311000,0,311000,311000
063827,國巨國票02購01  ,0,0,0,0,0,0,0,0,0,310000,0,0,0,372000,62000,310000,310000
07837P,華邦電元大9A售01,0,0,0,0,0,0,0,0,0,309000,0,0,0,309000,0,309000,309000
066112,智邦兆豐02購01  ,0,0,0,0,0,0,0,0,0,309000,0,0,0,406000,97000,309000,309000
2492,華新科          ,642297,398000,244297,0,0,0,196000,109000,87000,-23000,120000,103000,17000,38000,78000,-40000,308297
067681,嘉澤元大01購05  ,0,0,0,0,0,0,0,0,0,308000,0,0,0,369000,61000,308000,308000
065295,旭富群益9C購02  ,0,0,0,0,0,0,0,0,0,308000,0,0,0,308000,0,308000,308000
07294P,滬深2X元富9C售08,0,0,0,0,0,0,0,0,0,307000,0,0,0,307000,0,307000,307000
058878,旭富國泰9B購01  ,0,0,0,0,0,0,0,0,0,307000,0,0,0,307000,0,307000,307000
062846,國泰金富邦9C購01,0,0,0,0,0,0,0,0,0,307000,0,0,0,309000,2000,307000,307000
063581,同欣電國泰9C購01,0,0,0,0,0,0,0,0,0,307000,0,0,0,356000,49000,307000,307000
065820,瑞祺元富03購01  ,0,0,0,0,0,0,0,0,0,307000,0,0,0,390000,83000,307000,307000
066329,達欣工永豐01購01,0,0,0,0,0,0,0,0,0,307000,0,0,0,389000,82000,307000,307000
058472,亞德客凱基9A購01,0,0,0,0,0,0,0,0,0,306000,0,0,0,336000,30000,306000,306000
07032P,聯發科統一9C售02,0,0,0,0,0,0,0,0,0,305000,0,0,0,704000,399000,305000,305000
067063,為升元大01購01  ,0,0,0,0,0,0,0,0,0,304000,0,0,0,516000,212000,304000,304000
059926,世紀鋼國泰9B購01,0,0,0,0,0,0,0,0,0,302000,0,0,0,318000,16000,302000,302000
064582,裕隆永豐9C購02  ,0,0,0,0,0,0,0,0,0,302000,0,0,0,768000,466000,302000,302000
2484,希華            ,519000,217000,302000,0,0,0,0,0,0,0,0,0,0,0,0,0,302000
068157,晶技元大01購04  ,0,0,0,0,0,0,0,0,0,300000,0,0,0,333000,33000,300000,300000
03604P,群創凱基98售05  ,0,0,0,0,0,0,0,0,0,300000,0,0,0,300000,0,300000,300000
063509,超眾群益9B購03  ,0,0,0,0,0,0,0,0,0,300000,0,0,0,300000,0,300000,300000
063191,台表科凱基9B購03,0,0,0,0,0,0,0,0,0,300000,0,0,0,370000,70000,300000,300000
066766,嘉澤永豐01購01  ,0,0,0,0,0,0,0,0,0,300000,0,0,0,300000,0,300000,300000
064736,超眾元富9C購04  ,0,0,0,0,0,0,0,0,0,299000,0,0,0,389000,90000,299000,299000
061121,智邦永豐9A購02  ,0,0,0,0,0,0,0,0,0,298000,0,0,0,306000,8000,298000,298000
065256,上銀元大9C購10  ,0,0,0,0,0,0,0,0,0,298000,0,0,0,458000,160000,298000,298000
065532,台光電統一02購02,0,0,0,0,0,0,0,0,0,298000,0,0,0,343000,45000,298000,298000
068018,玉晶光國票02購05,0,0,0,0,0,0,0,0,0,297000,0,0,0,352000,55000,297000,297000
067481,國產元大01購03  ,0,0,0,0,0,0,0,0,0,297000,0,0,0,333000,36000,297000,297000
065981,超眾元大02購01  ,0,0,0,0,0,0,0,0,0,297000,0,0,0,370000,73000,297000,297000
067380,華擎統一02購02  ,0,0,0,0,0,0,0,0,0,295000,0,0,0,315000,20000,295000,295000
066651,創意康和01購04  ,0,0,0,0,0,0,0,0,0,295000,0,0,0,300000,5000,295000,295000
062564,矽創凱基9B購01  ,0,0,0,0,0,0,0,0,0,294000,0,0,0,334000,40000,294000,294000
065208,義隆國票01購01  ,0,0,0,0,0,0,0,0,0,294000,0,0,0,507000,213000,294000,294000
065886,中磊元富9C購01  ,0,0,0,0,0,0,0,0,0,293000,0,0,0,332000,39000,293000,293000
066127,劍麟群益03購01  ,0,0,0,0,0,0,0,0,0,293000,0,0,0,300000,7000,293000,293000
067499,帆宣元大01購04  ,0,0,0,0,0,0,0,0,0,291000,0,0,0,375000,84000,291000,291000
068058,聯電中信03購02  ,0,0,0,0,0,0,0,0,0,291000,0,0,0,445000,154000,291000,291000
00717,富邦美國特別股  ,43000,0,43000,0,0,0,0,0,0,248000,0,0,0,883000,635000,248000,291000
066685,T50反1元富07購02,0,0,0,0,0,0,0,0,0,291000,0,0,0,306000,15000,291000,291000
068191,台積電凱基01購21,0,0,0,0,0,0,0,0,0,289000,0,0,0,396000,107000,289000,289000
062220,台光電統一01購01,0,0,0,0,0,0,0,0,0,289000,0,0,0,332000,43000,289000,289000
065814,健策統一9C購08  ,0,0,0,0,0,0,0,0,0,289000,0,0,0,333000,44000,289000,289000
065126,世芯永豐9C購02  ,0,0,0,0,0,0,0,0,0,289000,0,0,0,394000,105000,289000,289000
067650,技嘉元富07購03  ,0,0,0,0,0,0,0,0,0,288000,0,0,0,320000,32000,288000,288000
060236,精元元大9C購01  ,0,0,0,0,0,0,0,0,0,288000,0,0,0,288000,0,288000,288000
067359,牧德群益01購02  ,0,0,0,0,0,0,0,0,0,287000,0,0,0,287000,0,287000,287000
063883,超眾元富9C購02  ,0,0,0,0,0,0,0,0,0,287000,0,0,0,312000,25000,287000,287000
067915,宏碁永豐01購01  ,0,0,0,0,0,0,0,0,0,286000,0,0,0,502000,216000,286000,286000
064118,喬山元大01購01  ,0,0,0,0,0,0,0,0,0,286000,0,0,0,385000,99000,286000,286000
066958,日月光元大01購02,0,0,0,0,0,0,0,0,0,286000,0,0,0,717000,431000,286000,286000
061198,世紀鋼永豐9A購03,0,0,0,0,0,0,0,0,0,285000,0,0,0,365000,80000,285000,285000
065220,義隆富邦01購02  ,0,0,0,0,0,0,0,0,0,285000,0,0,0,297000,12000,285000,285000
067307,聯詠元大01購06  ,0,0,0,0,0,0,0,0,0,284000,0,0,0,307000,23000,284000,284000
060428,瑞祺永豐9A購01  ,0,0,0,0,0,0,0,0,0,284000,0,0,0,394000,110000,284000,284000
064672,同欣電元大01購01,0,0,0,0,0,0,0,0,0,284000,0,0,0,359000,75000,284000,284000
063257,牧德國泰01購01  ,0,0,0,0,0,0,0,0,0,283000,0,0,0,283000,0,283000,283000
9935,慶豐富          ,319000,36000,283000,0,0,0,0,0,0,0,0,0,0,0,0,0,283000
063434,和潤元富9B購01  ,0,0,0,0,0,0,0,0,0,282000,0,0,0,311000,29000,282000,282000
063212,聯發科國票9C購02,0,0,0,0,0,0,0,0,0,282000,0,0,0,302000,20000,282000,282000
067203,台達電元大01購03,0,0,0,0,0,0,0,0,0,281000,0,0,0,323000,42000,281000,281000
07644P,南電凱基9A售03  ,0,0,0,0,0,0,0,0,0,281000,0,0,0,290000,9000,281000,281000
064918,中信金統一02購01,0,0,0,0,0,0,0,0,0,281000,0,0,0,406000,125000,281000,281000
064926,臻鼎統一02購01  ,0,0,0,0,0,0,0,0,0,280000,0,0,0,493000,213000,280000,280000
066954,聯詠元大01購04  ,0,0,0,0,0,0,0,0,0,280000,0,0,0,391000,111000,280000,280000
066453,嘉基群益01購01  ,0,0,0,0,0,0,0,0,0,280000,0,0,0,508000,228000,280000,280000
067187,聯陽凱基01購02  ,0,0,0,0,0,0,0,0,0,279000,0,0,0,289000,10000,279000,279000
058836,FBVIX中信03購05 ,0,0,0,0,0,0,0,0,0,279000,0,0,0,279000,0,279000,279000
03063P,臺股指凱基04售03,0,0,0,0,0,0,0,0,0,279000,0,0,0,460000,181000,279000,279000
9944,新麗            ,336000,58000,278000,0,0,0,0,0,0,1000,1000,0,1000,0,0,0,279000
3682,亞太電          ,970000,692000,278000,0,0,0,0,0,0,0,0,0,0,0,0,0,278000
067763,鈺齊永豐01購01  ,0,0,0,0,0,0,0,0,0,276000,0,0,0,300000,24000,276000,276000
057082,玉晶光統一9A購04,0,0,0,0,0,0,0,0,0,276000,0,0,0,343000,67000,276000,276000
056915,上銀兆豐99購01  ,0,0,0,0,0,0,0,0,0,276000,0,0,0,276000,0,276000,276000
061647,南六元大9A購03  ,0,0,0,0,0,0,0,0,0,276000,0,0,0,488000,212000,276000,276000
2354,鴻準            ,858805,1081930,-223125,0,0,0,411000,6000,405000,94000,26000,0,26000,68000,0,68000,275875
058156,超眾統一9A購02  ,0,0,0,0,0,0,0,0,0,275000,0,0,0,285000,10000,275000,275000
060990,新光金元大9B購03,0,0,0,0,0,0,0,0,0,274000,0,0,0,474000,200000,274000,274000
064936,世紀鋼統一9C購02,0,0,0,0,0,0,0,0,0,274000,0,0,0,327000,53000,274000,274000
4906,正文            ,479000,222000,257000,0,0,0,0,0,0,17000,0,9000,-9000,109000,83000,26000,274000
057566,欣興富邦99購01  ,0,0,0,0,0,0,0,0,0,272000,0,0,0,306000,34000,272000,272000
061399,喬山兆豐9B購01  ,0,0,0,0,0,0,0,0,0,272000,0,0,0,272000,0,272000,272000
067993,宏碁元大01購02  ,0,0,0,0,0,0,0,0,0,271000,0,0,0,476000,205000,271000,271000
061892,亞德客永豐9B購01,0,0,0,0,0,0,0,0,0,271000,0,0,0,271000,0,271000,271000
068243,聯電元大02購02  ,0,0,0,0,0,0,0,0,0,270000,0,0,0,307000,37000,270000,270000
067643,台郡統一03購01  ,0,0,0,0,0,0,0,0,0,270000,0,0,0,913000,643000,270000,270000
063716,旺宏兆豐9B購01  ,0,0,0,0,0,0,0,0,0,270000,0,0,0,280000,10000,270000,270000
064787,和潤群益9C購01  ,0,0,0,0,0,0,0,0,0,270000,0,0,0,270000,0,270000,270000
3062,建漢            ,501000,223000,278000,0,0,0,0,0,0,-8000,0,8000,-8000,0,0,0,270000
067154,華擎統一03購03  ,0,0,0,0,0,0,0,0,0,269000,0,0,0,279000,10000,269000,269000
064370,聯茂統一02購01  ,0,0,0,0,0,0,0,0,0,269000,0,0,0,325000,56000,269000,269000
065775,神隆國泰03購01  ,0,0,0,0,0,0,0,0,0,269000,0,0,0,349000,80000,269000,269000
08899P,台積電群益01售16,0,0,0,0,0,0,0,0,0,269000,0,0,0,269000,0,269000,269000
08518P,世芯群益9C售03  ,0,0,0,0,0,0,0,0,0,268000,0,0,0,580000,312000,268000,268000
057016,中石化凱基9B購01,0,0,0,0,0,0,0,0,0,268000,0,0,0,318000,50000,268000,268000
063231,台泥元大9B購01  ,0,0,0,0,0,0,0,0,0,268000,0,0,0,295000,27000,268000,268000
064786,GIS群益9C購04   ,0,0,0,0,0,0,0,0,0,268000,0,0,0,299000,31000,268000,268000
064252,嘉澤元富9C購01  ,0,0,0,0,0,0,0,0,0,268000,0,0,0,341000,73000,268000,268000
067065,為升元大01購03  ,0,0,0,0,0,0,0,0,0,267000,0,0,0,324000,57000,267000,267000
00830,國泰費城半導體  ,276000,27000,249000,0,0,0,0,0,0,18000,0,0,0,764000,746000,18000,267000
057649,嘉聯益元大99購04,0,0,0,0,0,0,0,0,0,267000,0,0,0,267000,0,267000,267000
063376,神達永豐9B購01  ,0,0,0,0,0,0,0,0,0,267000,0,0,0,267000,0,267000,267000
068074,玉山金凱基01購01,0,0,0,0,0,0,0,0,0,266000,0,0,0,367000,101000,266000,266000
061398,力成中信9A購01  ,0,0,0,0,0,0,0,0,0,266000,0,0,0,341000,75000,266000,266000
061020,超眾國票9A購02  ,0,0,0,0,0,0,0,0,0,266000,0,0,0,336000,70000,266000,266000
063944,建準元大9C購01  ,0,0,0,0,0,0,0,0,0,266000,0,0,0,608000,342000,266000,266000
066570,力成元大02購01  ,0,0,0,0,0,0,0,0,0,266000,0,0,0,270000,4000,266000,266000
067675,中工元大03購01  ,0,0,0,0,0,0,0,0,0,265000,0,0,0,265000,0,265000,265000
063205,貿聯統一9C購01  ,0,0,0,0,0,0,0,0,0,264000,0,0,0,264000,0,264000,264000
065708,中磊群益9C購01  ,0,0,0,0,0,0,0,0,0,264000,0,0,0,284000,20000,264000,264000
064958,GIS凱基02購03   ,0,0,0,0,0,0,0,0,0,264000,0,0,0,317000,53000,264000,264000
065013,矽創國泰02購01  ,0,0,0,0,0,0,0,0,0,264000,0,0,0,776000,512000,264000,264000
065449,中租統一9C購01  ,0,0,0,0,0,0,0,0,0,264000,0,0,0,265000,1000,264000,264000
057675,同欣電元大98購02,0,0,0,0,0,0,0,0,0,262000,0,0,0,304000,42000,262000,262000
8464,億豐            ,612141,536000,76141,0,0,0,154000,1000,153000,32000,15000,0,15000,24000,7000,17000,261141
064593,鈺齊永豐9C購01  ,0,0,0,0,0,0,0,0,0,261000,0,0,0,261000,0,261000,261000
065793,旭富永豐9C購02  ,0,0,0,0,0,0,0,0,0,261000,0,0,0,261000,0,261000,261000
068224,健策統一03購01  ,0,0,0,0,0,0,0,0,0,260000,0,0,0,322000,62000,260000,260000
066217,美利達統一03購01,0,0,0,0,0,0,0,0,0,260000,0,0,0,322000,62000,260000,260000
2841,台開            ,448000,130000,318000,0,0,0,0,0,0,-59000,0,59000,-59000,0,0,0,259000
066270,國揚元大01購01  ,0,0,0,0,0,0,0,0,0,258000,0,0,0,668000,410000,258000,258000
067431,新光金凱基01購01,0,0,0,0,0,0,0,0,0,257000,0,0,0,282000,25000,257000,257000
063274,鈺齊兆豐9B購01  ,0,0,0,0,0,0,0,0,0,257000,0,0,0,267000,10000,257000,257000
061913,宏碁中信9B購01  ,0,0,0,0,0,0,0,0,0,257000,0,0,0,334000,77000,257000,257000
067510,嘉澤統一03購01  ,0,0,0,0,0,0,0,0,0,256000,0,0,0,477000,221000,256000,256000
064579,大立光富邦03購02,0,0,0,0,0,0,0,0,0,256000,0,0,0,288000,32000,256000,256000
2461,光群雷          ,282000,26000,256000,0,0,0,0,0,0,0,0,0,0,0,0,0,256000
063451,漢翔統一9C購01  ,0,0,0,0,0,0,0,0,0,255000,0,0,0,265000,10000,255000,255000
00712,FH富時不動產    ,258000,0,258000,0,0,0,0,0,0,-3000,0,0,0,138000,141000,-3000,255000
062672,兆豐金中信03購01,0,0,0,0,0,0,0,0,0,255000,0,0,0,255000,0,255000,255000
061597,南六永豐9A購04  ,0,0,0,0,0,0,0,0,0,254000,0,0,0,254000,0,254000,254000
066337,聯陽永豐01購02  ,0,0,0,0,0,0,0,0,0,254000,0,0,0,309000,55000,254000,254000
067034,台郡康和01購01  ,0,0,0,0,0,0,0,0,0,253000,0,0,0,345000,92000,253000,253000
03102P,臺股指凱基03售08,0,0,0,0,0,0,0,0,0,253000,0,0,0,293000,40000,253000,253000
058584,百和群益9A購01  ,0,0,0,0,0,0,0,0,0,253000,0,0,0,253000,0,253000,253000
2636,台驊投控        ,329858,77000,252858,0,0,0,0,0,0,0,0,0,0,0,0,0,252858
2408,南亞科          ,4160077,4443000,-282923,0,0,0,479000,96000,383000,151000,142000,18000,124000,52000,25000,27000,251077
067262,嘉基國票02購01  ,0,0,0,0,0,0,0,0,0,251000,0,0,0,271000,20000,251000,251000
067326,世紀鋼元大01購02,0,0,0,0,0,0,0,0,0,251000,0,0,0,510000,259000,251000,251000
06859P,元金2X中信9C售01,0,0,0,0,0,0,0,0,0,250000,0,0,0,250000,0,250000,250000
059647,超眾凱基99購04  ,0,0,0,0,0,0,0,0,0,250000,0,0,0,250000,0,250000,250000
058026,上銀富邦9A購01  ,0,0,0,0,0,0,0,0,0,250000,0,0,0,333000,83000,250000,250000
066855,樺漢元大01購03  ,0,0,0,0,0,0,0,0,0,250000,0,0,0,307000,57000,250000,250000
065721,中壽兆豐9C購01  ,0,0,0,0,0,0,0,0,0,250000,0,0,0,273000,23000,250000,250000
065279,T50反1群益9C購03,0,0,0,0,0,0,0,0,0,250000,0,0,0,1705000,1455000,250000,250000
058728,SP黃豆永豐99購01,0,0,0,0,0,0,0,0,0,249000,0,0,0,249000,0,249000,249000
064049,信邦統一01購01  ,0,0,0,0,0,0,0,0,0,249000,0,0,0,249000,0,249000,249000
068242,長興元大01購02  ,0,0,0,0,0,0,0,0,0,248000,0,0,0,248000,0,248000,248000
064379,TPK元富9C購01   ,0,0,0,0,0,0,0,0,0,248000,0,0,0,354000,106000,248000,248000
062817,富邦金兆豐9B購01,0,0,0,0,0,0,0,0,0,248000,0,0,0,374000,126000,248000,248000
064682,嘉聯益兆豐01購01,0,0,0,0,0,0,0,0,0,248000,0,0,0,269000,21000,248000,248000
066260,聯強元大01購02  ,0,0,0,0,0,0,0,0,0,247000,0,0,0,303000,56000,247000,247000
2605,新興            ,483000,236000,247000,0,0,0,0,0,0,0,0,0,0,0,0,0,247000
1789,神隆            ,741000,342000,399000,0,0,0,0,0,0,-152000,0,105000,-105000,29000,76000,-47000,247000
056392,玉晶光富邦9C購01,0,0,0,0,0,0,0,0,0,246000,0,0,0,316000,70000,246000,246000
03107P,台積電元大01售39,0,0,0,0,0,0,0,0,0,246000,0,0,0,661000,415000,246000,246000
066344,拓凱永豐01購01  ,0,0,0,0,0,0,0,0,0,246000,0,0,0,246000,0,246000,246000
062574,美食群益9B購02  ,0,0,0,0,0,0,0,0,0,245000,0,0,0,337000,92000,245000,245000
062171,中磊永豐9B購01  ,0,0,0,0,0,0,0,0,0,245000,0,0,0,254000,9000,245000,245000
066769,嘉基永豐01購02  ,0,0,0,0,0,0,0,0,0,245000,0,0,0,518000,273000,245000,245000
067257,帆宣國票02購01  ,0,0,0,0,0,0,0,0,0,244000,0,0,0,396000,152000,244000,244000
066153,南帝康和01購01  ,0,0,0,0,0,0,0,0,0,244000,0,0,0,287000,43000,244000,244000
08250P,GIS群益9C售02   ,0,0,0,0,0,0,0,0,0,243000,0,0,0,248000,5000,243000,243000
066300,潤泰新元大01購02,0,0,0,0,0,0,0,0,0,243000,0,0,0,491000,248000,243000,243000
064674,鈺齊元大9C購01  ,0,0,0,0,0,0,0,0,0,243000,0,0,0,262000,19000,243000,243000
07838P,泰碩元大9A售04  ,0,0,0,0,0,0,0,0,0,242000,0,0,0,402000,160000,242000,242000
067155,健策統一02購01  ,0,0,0,0,0,0,0,0,0,242000,0,0,0,429000,187000,242000,242000
067805,宏碁凱基01購02  ,0,0,0,0,0,0,0,0,0,242000,0,0,0,335000,93000,242000,242000
2027,大成鋼          ,394000,995000,-601000,0,0,0,0,0,0,843000,4000,3000,1000,883000,41000,842000,242000
066851,瀚宇博元大01購02,0,0,0,0,0,0,0,0,0,241000,0,0,0,268000,27000,241000,241000
057837,康控國泰99購02  ,0,0,0,0,0,0,0,0,0,240000,0,0,0,280000,40000,240000,240000
066248,長興元大01購01  ,0,0,0,0,0,0,0,0,0,240000,0,0,0,380000,140000,240000,240000
1514,亞力            ,613000,368000,245000,0,0,0,0,0,0,-5000,0,5000,-5000,0,0,0,240000
2308,台達電          ,7060706,7709000,-648294,0,0,0,948000,322000,626000,262000,669000,417000,252000,173000,163000,10000,239706
051849,旺宏中信98購01  ,0,0,0,0,0,0,0,0,0,239000,0,0,0,240000,1000,239000,239000
062832,嘉澤群益9B購02  ,0,0,0,0,0,0,0,0,0,239000,0,0,0,252000,13000,239000,239000
063159,嘉澤國泰01購01  ,0,0,0,0,0,0,0,0,0,239000,0,0,0,423000,184000,239000,239000
060956,超眾群益9A購01  ,0,0,0,0,0,0,0,0,0,239000,0,0,0,239000,0,239000,239000
066451,台郡群益01購01  ,0,0,0,0,0,0,0,0,0,239000,0,0,0,404000,165000,239000,239000
2359,所羅門          ,356000,110000,246000,0,0,0,0,0,0,-7000,0,7000,-7000,0,0,0,239000
2457,飛宏            ,374000,127000,247000,0,0,0,0,0,0,-8000,1000,9000,-8000,0,0,0,239000
058351,上銀凱基9A購02  ,0,0,0,0,0,0,0,0,0,238000,0,0,0,288000,50000,238000,238000
067074,中信金元大01購01,0,0,0,0,0,0,0,0,0,237000,0,0,0,237000,0,237000,237000
067125,健策富邦03購01  ,0,0,0,0,0,0,0,0,0,237000,0,0,0,317000,80000,237000,237000
08723P,臺股指元大01售04,0,0,0,0,0,0,0,0,0,237000,0,0,0,305000,68000,237000,237000
058445,旺宏富邦9C購01  ,0,0,0,0,0,0,0,0,0,236000,0,0,0,271000,35000,236000,236000
07961P,滬深2X中信01售02,0,0,0,0,0,0,0,0,0,235000,0,0,0,235000,0,235000,235000
020000,富邦特選蘋果N   ,0,0,0,0,0,0,0,0,0,235000,0,0,0,235000,0,235000,235000
067491,健策元大01購10  ,0,0,0,0,0,0,0,0,0,234000,0,0,0,950000,716000,234000,234000
058328,世紀鋼統一9B購01,0,0,0,0,0,0,0,0,0,234000,0,0,0,437000,203000,234000,234000
064809,冠德元大9C購01  ,0,0,0,0,0,0,0,0,0,234000,0,0,0,380000,146000,234000,234000
08526P,義隆元大9C售04  ,0,0,0,0,0,0,0,0,0,233000,0,0,0,529000,296000,233000,233000
063398,信邦群益9B購02  ,0,0,0,0,0,0,0,0,0,233000,0,0,0,291000,58000,233000,233000
064940,智伸科元富9C購01,0,0,0,0,0,0,0,0,0,233000,0,0,0,254000,21000,233000,233000
066620,長興凱基01購01  ,0,0,0,0,0,0,0,0,0,233000,0,0,0,273000,40000,233000,233000
053049,T50反1國票98購01,0,0,0,0,0,0,0,0,0,232000,0,0,0,232000,0,232000,232000
060401,世紀鋼國票9B購01,0,0,0,0,0,0,0,0,0,232000,0,0,0,463000,231000,232000,232000
066256,華通元大02購02  ,35000,0,35000,0,0,0,0,0,0,196000,0,0,0,424000,228000,196000,231000
065056,臺股指凱基9C購20,0,0,0,0,0,0,0,0,0,231000,0,0,0,231000,0,231000,231000
067133,正崴永豐01購01  ,0,0,0,0,0,0,0,0,0,230000,0,0,0,230000,0,230000,230000
061798,晶豪科永豐9B購01,0,0,0,0,0,0,0,0,0,230000,0,0,0,230000,0,230000,230000
08243P,祥碩凱基9C售02  ,0,0,0,0,0,0,0,0,0,229000,0,0,0,806000,577000,229000,229000
07871P,台積電群益9C售02,0,0,0,0,0,0,0,0,0,229000,0,0,0,400000,171000,229000,229000
060721,瑞儀永豐9A購01  ,0,0,0,0,0,0,0,0,0,229000,0,0,0,312000,83000,229000,229000
06685P,鴻海國泰9A售01  ,0,0,0,0,0,0,0,0,0,229000,0,0,0,350000,121000,229000,229000
060880,中壽中信9C購01  ,0,0,0,0,0,0,0,0,0,228000,0,0,0,228000,0,228000,228000
061694,玉山金群益9A購01,0,0,0,0,0,0,0,0,0,228000,0,0,0,371000,143000,228000,228000
064575,鈺齊群益9C購01  ,0,0,0,0,0,0,0,0,0,228000,0,0,0,231000,3000,228000,228000
063085,嘉澤凱基9C購01  ,0,0,0,0,0,0,0,0,0,228000,0,0,0,305000,77000,228000,228000
068099,GIS富邦01購01   ,0,0,0,0,0,0,0,0,0,227000,0,0,0,227000,0,227000,227000
058267,奇鋐永豐99購01  ,0,0,0,0,0,0,0,0,0,227000,0,0,0,553000,326000,227000,227000
08377P,臻鼎元富9C售02  ,0,0,0,0,0,0,0,0,0,226000,0,0,0,229000,3000,226000,226000
4943,康控-KY         ,480000,393000,87000,0,0,0,0,0,0,139000,14000,0,14000,158000,33000,125000,226000
067692,鈺齊元大01購02  ,0,0,0,0,0,0,0,0,0,225000,0,0,0,396000,171000,225000,225000
067335,國產凱基02購02  ,0,0,0,0,0,0,0,0,0,225000,0,0,0,225000,0,225000,225000
066044,京元電元大01購01,0,0,0,0,0,0,0,0,0,225000,0,0,0,350000,125000,225000,225000
8996,高力            ,378000,153000,225000,0,0,0,0,0,0,0,0,0,0,0,0,0,225000
067750,鈺齊元大02購01  ,0,0,0,0,0,0,0,0,0,224000,0,0,0,224000,0,224000,224000
066678,台達電兆豐03購01,0,0,0,0,0,0,0,0,0,224000,0,0,0,368000,144000,224000,224000
059008,鈺齊元大99購03  ,0,0,0,0,0,0,0,0,0,222000,0,0,0,222000,0,222000,222000
063029,喬山凱基9B購01  ,0,0,0,0,0,0,0,0,0,222000,0,0,0,228000,6000,222000,222000
061736,國巨凱基9B購05  ,0,0,0,0,0,0,0,0,0,222000,0,0,0,222000,0,222000,222000
064733,南六統一9C購03  ,0,0,0,0,0,0,0,0,0,222000,0,0,0,633000,411000,222000,222000
068003,玉晶光元大01購12,0,0,0,0,0,0,0,0,0,221000,0,0,0,319000,98000,221000,221000
07670P,茂林元大9A售02  ,0,0,0,0,0,0,0,0,0,221000,0,0,0,335000,114000,221000,221000
063180,台塑凱基9B購01  ,0,0,0,0,0,0,0,0,0,221000,0,0,0,221000,0,221000,221000
066932,京元電國票02購01,0,0,0,0,0,0,0,0,0,221000,0,0,0,541000,320000,221000,221000
1467,南緯            ,421000,200000,221000,0,0,0,0,0,0,0,0,0,0,0,0,0,221000
067961,台達電群益01購03,0,0,0,0,0,0,0,0,0,220000,0,0,0,297000,77000,220000,220000
057512,華邦電台新98購01,0,0,0,0,0,0,0,0,0,220000,0,0,0,220000,0,220000,220000
064306,和潤兆豐01購01  ,0,0,0,0,0,0,0,0,0,220000,0,0,0,241000,21000,220000,220000
067327,聯詠康和01購01  ,0,0,0,0,0,0,0,0,0,219000,0,0,0,444000,225000,219000,219000
057733,嘉聯益國泰99購01,0,0,0,0,0,0,0,0,0,219000,0,0,0,264000,45000,219000,219000
064702,百和群益01購01  ,0,0,0,0,0,0,0,0,0,219000,0,0,0,219000,0,219000,219000
08865P,欣興元大01售02  ,0,0,0,0,0,0,0,0,0,219000,0,0,0,326000,107000,219000,219000
059115,美食永豐99購01  ,0,0,0,0,0,0,0,0,0,218000,0,0,0,218000,0,218000,218000
066285,松翰元大01購02  ,0,0,0,0,0,0,0,0,0,218000,0,0,0,847000,629000,218000,218000
08861P,台積電統一01售10,0,0,0,0,0,0,0,0,0,218000,0,0,0,218000,0,218000,218000
5876,上海商銀        ,1798944,1550000,248944,0,0,0,1000,0,1000,-32000,2000,19000,-17000,10000,25000,-15000,217944
061969,大立光統一01購02,0,0,0,0,0,0,0,0,0,217000,0,0,0,267000,50000,217000,217000
060259,潤泰全凱基9C購01,0,0,0,0,0,0,0,0,0,217000,0,0,0,217000,0,217000,217000
068162,GIS元大02購01   ,0,0,0,0,0,0,0,0,0,216000,0,0,0,236000,20000,216000,216000
068146,台積電元大01購36,0,0,0,0,0,0,0,0,0,216000,0,0,0,324000,108000,216000,216000
08563P,金像電元富9C售03,0,0,0,0,0,0,0,0,0,216000,0,0,0,343000,127000,216000,216000
03049P,台積電元富07售11,0,0,0,0,0,0,0,0,0,216000,0,0,0,435000,219000,216000,216000
08739P,台郡凱基01售03  ,0,0,0,0,0,0,0,0,0,215000,0,0,0,404000,189000,215000,215000
08125P,聯茂群益9B售02  ,0,0,0,0,0,0,0,0,0,215000,0,0,0,236000,21000,215000,215000
067760,旭富永豐01購01  ,0,0,0,0,0,0,0,0,0,215000,0,0,0,215000,0,215000,215000
067928,華城凱基01購01  ,0,0,0,0,0,0,0,0,0,215000,0,0,0,627000,412000,215000,215000
067589,拓凱群益02購01  ,0,0,0,0,0,0,0,0,0,215000,0,0,0,215000,0,215000,215000
064456,禾伸堂統一01購01,0,0,0,0,0,0,0,0,0,215000,0,0,0,216000,1000,215000,215000
066889,元大金中信07購01,0,0,0,0,0,0,0,0,0,215000,0,0,0,258000,43000,215000,215000
066745,瀚宇博元大01購01,0,0,0,0,0,0,0,0,0,215000,0,0,0,276000,61000,215000,215000
061795,智邦永豐9B購01  ,0,0,0,0,0,0,0,0,0,214000,0,0,0,214000,0,214000,214000
065851,京鼎元大02購01  ,0,0,0,0,0,0,0,0,0,214000,0,0,0,253000,39000,214000,214000
067903,申豐群益01購01  ,0,0,0,0,0,0,0,0,0,213000,0,0,0,435000,222000,213000,213000
08084P,台表科元大9B售06,0,0,0,0,0,0,0,0,0,213000,0,0,0,235000,22000,213000,213000
067279,美利達統一02購02,0,0,0,0,0,0,0,0,0,212000,0,0,0,267000,55000,212000,212000
060161,牧德永豐9A購02  ,0,0,0,0,0,0,0,0,0,212000,0,0,0,212000,0,212000,212000
065147,寶成凱基01購01  ,0,0,0,0,0,0,0,0,0,212000,0,0,0,264000,52000,212000,212000
067916,敬鵬永豐01購01  ,0,0,0,0,0,0,0,0,0,211000,0,0,0,213000,2000,211000,211000
066354,緯穎永豐01購01  ,0,0,0,0,0,0,0,0,0,211000,0,0,0,319000,108000,211000,211000
6285,啟碁            ,866000,720000,146000,0,0,0,1000,0,1000,64000,0,0,0,69000,5000,64000,211000
067793,鈺齊群益01購02  ,0,0,0,0,0,0,0,0,0,210000,0,0,0,210000,0,210000,210000
067405,超眾永豐01購01  ,0,0,0,0,0,0,0,0,0,210000,0,0,0,210000,0,210000,210000
08703P,華碩凱基01售02  ,0,0,0,0,0,0,0,0,0,210000,0,0,0,210000,0,210000,210000
058274,世紀鋼永豐99購01,0,0,0,0,0,0,0,0,0,210000,0,0,0,230000,20000,210000,210000
08883P,台積電國票02售02,0,0,0,0,0,0,0,0,0,210000,0,0,0,330000,120000,210000,210000
067075,亞光元大01購04  ,0,0,0,0,0,0,0,0,0,209000,0,0,0,214000,5000,209000,209000
067734,亞德客元大01購03,0,0,0,0,0,0,0,0,0,209000,0,0,0,508000,299000,209000,209000
068156,新光金元大02購01,0,0,0,0,0,0,0,0,0,209000,0,0,0,309000,100000,209000,209000
060841,宏達電國票9B購01,0,0,0,0,0,0,0,0,0,209000,0,0,0,225000,16000,209000,209000
066124,台化群益01購01  ,0,0,0,0,0,0,0,0,0,209000,0,0,0,218000,9000,209000,209000
6669,緯穎            ,339069,193155,145914,0,0,0,38000,11000,27000,36000,1000,4000,-3000,42000,3000,39000,208914
08596P,聯發科國泰02售02,0,0,0,0,0,0,0,0,0,208000,0,0,0,1538000,1330000,208000,208000
063536,美食統一01購01  ,0,0,0,0,0,0,0,0,0,208000,0,0,0,228000,20000,208000,208000
053390,彩晶元大9A購01  ,0,0,0,0,0,0,0,0,0,208000,0,0,0,630000,422000,208000,208000
062266,世紀鋼元大9B購02,0,0,0,0,0,0,0,0,0,208000,0,0,0,632000,424000,208000,208000
066159,寶成康和01購01  ,0,0,0,0,0,0,0,0,0,208000,0,0,0,220000,12000,208000,208000
067556,義隆國票02購02  ,0,0,0,0,0,0,0,0,0,207000,0,0,0,594000,387000,207000,207000
063342,台光電統一9B購02,0,0,0,0,0,0,0,0,0,207000,0,0,0,237000,30000,207000,207000
062602,華通麥證9C購01  ,0,0,0,252000,45000,207000,0,0,0,207000,0,0,0,252000,45000,207000,207000
065074,亞德客元大9C購03,0,0,0,0,0,0,0,0,0,207000,0,0,0,276000,69000,207000,207000
063992,大立光中信9C購03,0,0,0,0,0,0,0,0,0,207000,0,0,0,210000,3000,207000,207000
064739,智邦國票01購01  ,0,0,0,0,0,0,0,0,0,206000,0,0,0,218000,12000,206000,206000
066281,眾達元大02購01  ,0,0,0,0,0,0,0,0,0,206000,0,0,0,206000,0,206000,206000
057266,TPK兆豐98購02   ,0,0,0,0,0,0,0,0,0,205000,0,0,0,205000,0,205000,205000
060313,淘帝永豐9A購01  ,0,0,0,0,0,0,0,0,0,205000,0,0,0,205000,0,205000,205000
066365,富邦金中信03購01,0,0,0,0,0,0,0,0,0,205000,0,0,0,352000,147000,205000,205000
065212,瑞儀國票01購01  ,0,0,0,0,0,0,0,0,0,205000,0,0,0,358000,153000,205000,205000
068044,寶成元富07購01  ,0,0,0,0,0,0,0,0,0,204000,0,0,0,204000,0,204000,204000
06845P,億光元大98售02  ,0,0,0,0,0,0,0,0,0,204000,0,0,0,204000,0,204000,204000
055036,中工富邦9B購01  ,0,0,0,0,0,0,0,0,0,204000,0,0,0,214000,10000,204000,204000
060247,牧德元大9A購02  ,0,0,0,0,0,0,0,0,0,204000,0,0,0,204000,0,204000,204000
063692,華擎永豐9B購02  ,0,0,0,0,0,0,0,0,0,204000,0,0,0,204000,0,204000,204000
063658,瑞祺元富9B購01  ,0,0,0,0,0,0,0,0,0,204000,0,0,0,242000,38000,204000,204000
064670,智伸科元大9C購01,0,0,0,0,0,0,0,0,0,204000,0,0,0,204000,0,204000,204000
057789,上銀統一9A購01  ,0,0,0,0,0,0,0,0,0,203000,0,0,0,216000,13000,203000,203000
061318,智邦凱基9B購01  ,0,0,0,0,0,0,0,0,0,203000,0,0,0,212000,9000,203000,203000
066749,瑞祺元大01購03  ,0,0,0,0,0,0,0,0,0,203000,0,0,0,213000,10000,203000,203000
067741,中壽元大01購01  ,0,0,0,0,0,0,0,0,0,202000,0,0,0,202000,0,202000,202000
1808,潤隆            ,261000,59000,202000,0,0,0,0,0,0,0,0,0,0,0,0,0,202000
067635,超眾永豐01購02  ,0,0,0,0,0,0,0,0,0,201000,0,0,0,201000,0,201000,201000
068393,GIS統一03購01   ,0,0,0,0,0,0,0,0,0,201000,0,0,0,201000,0,201000,201000
062870,亞德客兆豐9C購01,0,0,0,0,0,0,0,0,0,201000,0,0,0,365000,164000,201000,201000
064832,長榮航統一01購01,0,0,0,0,0,0,0,0,0,201000,0,0,0,201000,0,201000,201000
07266P,大立光元大99售19,0,0,0,0,0,0,0,0,0,200000,0,0,0,200000,0,200000,200000
08340P,聯發科元富9C售01,0,0,0,0,0,0,0,0,0,200000,0,0,0,200000,0,200000,200000
067659,滬深2X元大03購05,0,0,0,0,0,0,0,0,0,200000,0,0,0,200000,0,200000,200000
067223,嘉基元大01購02  ,0,0,0,0,0,0,0,0,0,200000,0,0,0,400000,200000,200000,200000
058526,鈺齊元大99購02  ,0,0,0,0,0,0,0,0,0,200000,0,0,0,327000,127000,200000,200000
054040,中石化元大9C購01,0,0,0,0,0,0,0,0,0,200000,0,0,0,200000,0,200000,200000
055743,TPK元富98購01   ,0,0,0,0,0,0,0,0,0,200000,0,0,0,200000,0,200000,200000
061584,勤誠元大9A購01  ,0,0,0,0,0,0,0,0,0,200000,0,0,0,200000,0,200000,200000
064394,全新永豐9C購02  ,0,0,0,0,0,0,0,0,0,200000,0,0,0,200000,0,200000,200000
064310,華新科群益9C購02,0,0,0,0,0,0,0,0,0,200000,0,0,0,200000,0,200000,200000
08839P,臺股指麥證01售06,0,0,0,200000,0,200000,0,0,0,200000,0,0,0,200000,0,200000,200000
08131P,立積元大9B售02  ,0,0,0,0,0,0,0,0,0,199000,0,0,0,199000,0,199000,199000
07327P,台灣50群益9A售06,0,0,0,0,0,0,0,0,0,198000,0,0,0,198000,0,198000,198000
058514,潤泰全元大99購01,0,0,0,0,0,0,0,0,0,198000,0,0,0,198000,0,198000,198000
063299,金寶凱基9B購01  ,0,0,0,0,0,0,0,0,0,198000,0,0,0,200000,2000,198000,198000
057866,玉山金凱基98購01,0,0,0,0,0,0,0,0,0,198000,0,0,0,218000,20000,198000,198000
061823,勤誠群益9B購01  ,0,0,0,0,0,0,0,0,0,198000,0,0,0,198000,0,198000,198000
064803,智邦元大9C購05  ,0,0,0,0,0,0,0,0,0,198000,0,0,0,253000,55000,198000,198000
066454,金像電統一01購03,0,0,0,0,0,0,0,0,0,198000,0,0,0,200000,2000,198000,198000
068192,台積電凱基03購04,0,0,0,0,0,0,0,0,0,197000,0,0,0,495000,298000,197000,197000
067831,聯電統一03購01  ,0,0,0,0,0,0,0,0,0,196000,0,0,0,540000,344000,196000,196000
061269,嘉澤凱基9A購01  ,0,0,0,0,0,0,0,0,0,196000,0,0,0,200000,4000,196000,196000
2204,中華            ,649000,496000,153000,0,0,0,0,0,0,43000,10000,9000,1000,42000,0,42000,196000
068299,華新國票03購01  ,0,0,0,0,0,0,0,0,0,195000,0,0,0,270000,75000,195000,195000
08263P,台表科元大9C售06,0,0,0,0,0,0,0,0,0,195000,0,0,0,200000,5000,195000,195000
055701,亞德客富邦99購01,0,0,0,0,0,0,0,0,0,195000,0,0,0,799000,604000,195000,195000
03075P,泰碩國泰03售01  ,0,0,0,0,0,0,0,0,0,195000,0,0,0,210000,15000,195000,195000
058146,勤誠元大99購01  ,0,0,0,0,0,0,0,0,0,194000,0,0,0,194000,0,194000,194000
063596,嘉澤中信9B購01  ,0,0,0,0,0,0,0,0,0,194000,0,0,0,215000,21000,194000,194000
065991,牧德永豐01購01  ,0,0,0,0,0,0,0,0,0,194000,0,0,0,194000,0,194000,194000
064898,國產群益9C購01  ,0,0,0,0,0,0,0,0,0,194000,0,0,0,196000,2000,194000,194000
064750,緯穎麥證9C購01  ,0,0,0,264000,70000,194000,0,0,0,194000,0,0,0,264000,70000,194000,194000
065150,上銀群益9C購03  ,0,0,0,0,0,0,0,0,0,194000,0,0,0,194000,0,194000,194000
08652P,鴻海群益9C售09  ,0,0,0,0,0,0,0,0,0,193000,0,0,0,345000,152000,193000,193000
068385,聯電統一03購03  ,0,0,0,0,0,0,0,0,0,193000,0,0,0,472000,279000,193000,193000
067958,中磊永豐01購01  ,0,0,0,0,0,0,0,0,0,193000,0,0,0,203000,10000,193000,193000
061793,上銀永豐9B購01  ,0,0,0,0,0,0,0,0,0,193000,0,0,0,343000,150000,193000,193000
063154,南六元富9B購02  ,0,0,0,0,0,0,0,0,0,193000,0,0,0,231000,38000,193000,193000
067352,美律群益01購01  ,0,0,0,0,0,0,0,0,0,192000,0,0,0,210000,18000,192000,192000
08527P,大立光元大01售06,0,0,0,0,0,0,0,0,0,192000,0,0,0,193000,1000,192000,192000
08323P,華新科凱基9C售04,0,0,0,0,0,0,0,0,0,192000,0,0,0,192000,0,192000,192000
00737,國泰AI+Robo     ,188000,2000,186000,0,0,0,0,0,0,6000,0,0,0,118000,112000,6000,192000
063352,上銀元富9B購02  ,0,0,0,0,0,0,0,0,0,192000,0,0,0,405000,213000,192000,192000
064535,國產國票01購01  ,0,0,0,0,0,0,0,0,0,192000,0,0,0,192000,0,192000,192000
061732,智邦中信9B購01  ,0,0,0,0,0,0,0,0,0,192000,0,0,0,193000,1000,192000,192000
066561,健策元大01購04  ,0,0,0,0,0,0,0,0,0,192000,0,0,0,964000,772000,192000,192000
2426,鼎元            ,396000,202000,194000,0,0,0,0,0,0,-2000,0,2000,-2000,0,0,0,192000
2360,致茂            ,415000,316453,98547,0,0,0,60000,6000,54000,39000,12000,0,12000,27000,0,27000,191547
055092,開發金群益9B購01,0,0,0,0,0,0,0,0,0,191000,0,0,0,191000,0,191000,191000
057257,台泥兆豐99購01  ,0,0,0,0,0,0,0,0,0,191000,0,0,0,203000,12000,191000,191000
066475,新光金麥證01購01,0,0,0,191000,0,191000,0,0,0,191000,0,0,0,191000,0,191000,191000
067371,聯發科統一02購08,0,0,0,0,0,0,0,0,0,190000,0,0,0,200000,10000,190000,190000
067791,康舒群益01購01  ,0,0,0,0,0,0,0,0,0,190000,0,0,0,269000,79000,190000,190000
065289,冠德群益9C購01  ,47000,0,47000,0,0,0,0,0,0,143000,0,0,0,214000,71000,143000,190000
067611,拓凱凱基02購01  ,0,0,0,0,0,0,0,0,0,189000,0,0,0,199000,10000,189000,189000
00635U,元大S&P黃金     ,1000,27000,-26000,0,0,0,0,0,0,215000,0,0,0,518000,303000,215000,189000
061659,信邦永豐9A購01  ,0,0,0,0,0,0,0,0,0,189000,0,0,0,348000,159000,189000,189000
066299,潤泰新元大01購01,0,0,0,0,0,0,0,0,0,189000,0,0,0,247000,58000,189000,189000
067343,嘉澤凱基01購01  ,0,0,0,0,0,0,0,0,0,188000,0,0,0,188000,0,188000,188000
05887P,友達元富99售03  ,0,0,0,0,0,0,0,0,0,188000,0,0,0,194000,6000,188000,188000
067118,上緯控群益01購01,0,0,0,0,0,0,0,0,0,187000,0,0,0,529000,342000,187000,187000
068159,華擎元大01購08  ,0,0,0,0,0,0,0,0,0,187000,0,0,0,237000,50000,187000,187000
060489,世紀鋼群益9A購01,0,0,0,0,0,0,0,0,0,187000,0,0,0,359000,172000,187000,187000
066041,台光電元大01購02,0,0,0,0,0,0,0,0,0,187000,0,0,0,316000,129000,187000,187000
065043,新光金凱基02購01,0,0,0,0,0,0,0,0,0,187000,0,0,0,217000,30000,187000,187000
08504P,臺股指國票9C售06,0,0,0,0,0,0,0,0,0,186000,0,0,0,486000,300000,186000,186000
08453P,玉晶光台新9C售02,0,0,0,0,0,0,0,0,0,186000,0,0,0,393000,207000,186000,186000
067644,康舒統一01購01  ,0,0,0,0,0,0,0,0,0,185000,0,0,0,348000,163000,185000,185000
067277,樺漢統一03購01  ,0,0,0,0,0,0,0,0,0,185000,0,0,0,185000,0,185000,185000
064058,儒鴻麥證01購01  ,0,0,0,214000,19000,195000,0,0,0,185000,0,0,0,214000,29000,185000,185000
062607,美食凱基9B購01  ,0,0,0,0,0,0,0,0,0,185000,0,0,0,215000,30000,185000,185000
066336,聯陽永豐01購01  ,0,0,0,0,0,0,0,0,0,185000,0,0,0,208000,23000,185000,185000
2392,正崴            ,722000,376000,346000,0,0,0,0,120000,-120000,-42000,10000,49000,-39000,52000,55000,-3000,184000
067907,緯創國泰03購01  ,0,0,0,0,0,0,0,0,0,183000,0,0,0,340000,157000,183000,183000
062236,信邦凱基9B購01  ,0,0,0,0,0,0,0,0,0,183000,0,0,0,339000,156000,183000,183000
065014,南電國泰01購01  ,0,0,0,0,0,0,0,0,0,183000,0,0,0,305000,122000,183000,183000
067770,台積電統一03購03,0,0,0,0,0,0,0,0,0,182000,0,0,0,182000,0,182000,182000
064677,金像電兆豐9C購01,0,0,0,0,0,0,0,0,0,182000,0,0,0,194000,12000,182000,182000
068270,建準永豐01購01  ,0,0,0,0,0,0,0,0,0,181000,0,0,0,181000,0,181000,181000
08535P,和大國票01售02  ,0,0,0,0,0,0,0,0,0,181000,0,0,0,211000,30000,181000,181000
065580,鈺齊群益01購01  ,0,0,0,0,0,0,0,0,0,181000,0,0,0,181000,0,181000,181000
08511P,電子類富邦9C售02,0,0,0,0,0,0,0,0,0,180000,0,0,0,200000,20000,180000,180000
08404P,技嘉元大9C售02  ,0,0,0,0,0,0,0,0,0,180000,0,0,0,240000,60000,180000,180000
07224P,鴻海元大9A售02  ,0,0,0,0,0,0,0,0,0,180000,0,0,0,180000,0,180000,180000
067722,國產凱基01購01  ,0,0,0,0,0,0,0,0,0,180000,0,0,0,183000,3000,180000,180000
064208,智邦凱基02購01  ,0,0,0,0,0,0,0,0,0,180000,0,0,0,209000,29000,180000,180000
066735,智原元大01購03  ,0,0,0,0,0,0,0,0,0,180000,0,0,0,225000,45000,180000,180000
066951,長榮航元大01購01,0,0,0,0,0,0,0,0,0,180000,0,0,0,180000,0,180000,180000
063277,大成鋼元大9B購03,0,0,0,0,0,0,0,0,0,179000,0,0,0,466000,287000,179000,179000
063789,智邦台新9C購01  ,0,0,0,0,0,0,0,0,0,179000,0,0,0,209000,30000,179000,179000
063133,喬山統一01購01  ,0,0,0,0,0,0,0,0,0,179000,0,0,0,214000,35000,179000,179000
061306,瑞祺永豐9A購02  ,0,0,0,0,0,0,0,0,0,179000,0,0,0,311000,132000,179000,179000
2357,華碩            ,1043618,970000,73618,0,0,0,140000,1000,139000,-34000,1000,7000,-6000,14000,42000,-28000,178618
07712P,茂林元大9A售03  ,0,0,0,0,0,0,0,0,0,178000,0,0,0,273000,95000,178000,178000
055428,友達群益9C購01  ,0,0,0,0,0,0,0,0,0,178000,0,0,0,200000,22000,178000,178000
060892,超眾統一9C購01  ,0,0,0,0,0,0,0,0,0,178000,0,0,0,178000,0,178000,178000
064751,亞德客凱基9C購02,0,0,0,0,0,0,0,0,0,178000,0,0,0,272000,94000,178000,178000
063614,美食群益9B購03  ,0,0,0,0,0,0,0,0,0,177000,0,0,0,227000,50000,177000,177000
064973,智邦元大9C購06  ,0,0,0,0,0,0,0,0,0,177000,0,0,0,242000,65000,177000,177000
067649,台積電元富07購05,0,0,0,0,0,0,0,0,0,176000,0,0,0,183000,7000,176000,176000
068129,宏碁統一03購01  ,0,0,0,0,0,0,0,0,0,176000,0,0,0,176000,0,176000,176000
05748P,臺股指群益99售02,0,0,0,0,0,0,0,0,0,176000,0,0,0,176000,0,176000,176000
063763,上銀元富9B購07  ,0,0,0,0,0,0,0,0,0,176000,0,0,0,231000,55000,176000,176000
063654,上銀元富9B購05  ,0,0,0,0,0,0,0,0,0,176000,0,0,0,338000,162000,176000,176000
063050,葡萄王統一01購01,0,0,0,0,0,0,0,0,0,176000,0,0,0,206000,30000,176000,176000
07807P,聯茂永豐9A售02  ,0,0,0,0,0,0,0,0,0,175000,0,0,0,175000,0,175000,175000
061995,超眾元大01購01  ,0,0,0,0,0,0,0,0,0,175000,0,0,0,175000,0,175000,175000
063439,正隆統一01購01  ,0,0,0,0,0,0,0,0,0,174000,0,0,0,188000,14000,174000,174000
060234,凱美元大9C購01  ,0,0,0,0,0,0,0,0,0,174000,0,0,0,303000,129000,174000,174000
066849,神達元大01購01  ,0,0,0,0,0,0,0,0,0,174000,0,0,0,174000,0,174000,174000
2607,榮運            ,316000,142000,174000,0,0,0,0,0,0,0,0,0,0,0,0,0,174000
6582,申豐            ,451000,289000,162000,0,0,0,0,0,0,12000,18000,16000,2000,31000,21000,10000,174000
9911,櫻花            ,306000,97000,209000,0,0,0,0,0,0,-35000,0,35000,-35000,0,0,0,174000
08760P,瑞昱元大01售02  ,0,0,0,0,0,0,0,0,0,173000,0,0,0,175000,2000,173000,173000
067716,台船凱基01購01  ,0,0,0,0,0,0,0,0,0,173000,0,0,0,263000,90000,173000,173000
067288,為升兆豐03購01  ,0,0,0,0,0,0,0,0,0,173000,0,0,0,216000,43000,173000,173000
058528,世紀鋼元大99購02,0,0,0,0,0,0,0,0,0,173000,0,0,0,263000,90000,173000,173000
062020,智伸科永豐9B購01,0,0,0,0,0,0,0,0,0,173000,0,0,0,202000,29000,173000,173000
066235,大毅富邦04購01  ,0,0,0,0,0,0,0,0,0,173000,0,0,0,178000,5000,173000,173000
064245,GIS統一02購02   ,0,0,0,0,0,0,0,0,0,173000,0,0,0,273000,100000,173000,173000
08150P,立積國票9C售01  ,0,0,0,0,0,0,0,0,0,172000,0,0,0,590000,418000,172000,172000
8021,尖點            ,299000,81000,218000,0,0,0,0,0,0,-46000,0,46000,-46000,0,0,0,172000
08556P,臺股指中信01售08,0,0,0,0,0,0,0,0,0,171000,0,0,0,534000,363000,171000,171000
067404,盛群永豐01購01  ,0,0,0,0,0,0,0,0,0,171000,0,0,0,194000,23000,171000,171000
064389,台泥永豐9C購01  ,0,0,0,0,0,0,0,0,0,171000,0,0,0,171000,0,171000,171000
064551,鈺齊凱基9C購02  ,0,0,0,0,0,0,0,0,0,171000,0,0,0,171000,0,171000,171000
064132,神達元大9C購02  ,0,0,0,0,0,0,0,0,0,171000,0,0,0,176000,5000,171000,171000
064081,國產中信06購01  ,0,0,0,0,0,0,0,0,0,171000,0,0,0,190000,19000,171000,171000
065472,華新元大01購01  ,0,0,0,0,0,0,0,0,0,171000,0,0,0,397000,226000,171000,171000
08898P,台積電群益01售15,0,0,0,0,0,0,0,0,0,171000,0,0,0,171000,0,171000,171000
067759,美食永豐01購01  ,0,0,0,0,0,0,0,0,0,170000,0,0,0,170000,0,170000,170000
068247,宏碁元大01購03  ,0,0,0,0,0,0,0,0,0,170000,0,0,0,254000,84000,170000,170000
058398,中環元大99購02  ,0,0,0,0,0,0,0,0,0,170000,0,0,0,170000,0,170000,170000
064478,聚陽富邦01購01  ,0,0,0,0,0,0,0,0,0,170000,0,0,0,330000,160000,170000,170000
064696,群創群益9C購02  ,0,0,0,0,0,0,0,0,0,170000,0,0,0,280000,110000,170000,170000
064956,麗豐凱基9C購01  ,0,0,0,0,0,0,0,0,0,170000,0,0,0,242000,72000,170000,170000
063724,亞德客元大9B購03,0,0,0,0,0,0,0,0,0,169000,0,0,0,351000,182000,169000,169000
065251,宏達電國泰02購01,0,0,0,0,0,0,0,0,0,169000,0,0,0,266000,97000,169000,169000
065914,智邦凱基02購03  ,0,0,0,0,0,0,0,0,0,169000,0,0,0,204000,35000,169000,169000
066853,樺漢元大01購01  ,0,0,0,0,0,0,0,0,0,169000,0,0,0,169000,0,169000,169000
066359,潤泰新永豐01購01,0,0,0,0,0,0,0,0,0,169000,0,0,0,319000,150000,169000,169000
4164,承業醫          ,320000,59000,261000,0,0,0,0,0,0,-92000,0,92000,-92000,0,0,0,169000
058877,T50反1國泰9B購01,0,0,0,0,0,0,0,0,0,168000,0,0,0,168000,0,168000,168000
063170,智邦第一9B購01  ,0,0,0,0,0,0,0,0,0,168000,0,0,0,187000,19000,168000,168000
067466,元金2X元大03購01,0,0,0,0,0,0,0,0,0,167000,0,0,0,230000,63000,167000,167000
058580,華新科群益99購02,0,0,0,0,0,0,0,0,0,167000,0,0,0,167000,0,167000,167000
03121P,聯電元大01售04  ,0,0,0,0,0,0,0,0,0,167000,0,0,0,1528000,1361000,167000,167000
060889,國泰金統一9C購01,0,0,0,0,0,0,0,0,0,167000,0,0,0,167000,0,167000,167000
065932,世紀鋼國票02購01,0,0,0,0,0,0,0,0,0,167000,0,0,0,185000,18000,167000,167000
064705,新光金富邦01購01,0,0,0,0,0,0,0,0,0,167000,0,0,0,367000,200000,167000,167000
068088,台灣50群益01購13,0,0,0,0,0,0,0,0,0,166000,0,0,0,286000,120000,166000,166000
062323,上銀統一9B購03  ,0,0,0,0,0,0,0,0,0,166000,0,0,0,414000,248000,166000,166000
054567,拓凱群益98購01  ,0,0,0,0,0,0,0,0,0,165000,0,0,0,165000,0,165000,165000
060651,瑞儀中信9B購01  ,0,0,0,0,0,0,0,0,0,165000,0,0,0,165000,0,165000,165000
064470,世紀鋼元富03購01,0,0,0,0,0,0,0,0,0,165000,0,0,0,379000,214000,165000,165000
064458,玉晶光統一01購09,0,0,0,0,0,0,0,0,0,165000,0,0,0,165000,0,165000,165000
067917,冠德永豐01購01  ,0,0,0,0,0,0,0,0,0,164000,0,0,0,258000,94000,164000,164000
07954P,台表科元大9B售02,0,0,0,0,0,0,0,0,0,164000,0,0,0,400000,236000,164000,164000
07978P,茂林群益9B售02  ,0,0,0,0,0,0,0,0,0,164000,0,0,0,235000,71000,164000,164000
056744,麗豐凱基9A購01  ,0,0,0,0,0,0,0,0,0,164000,0,0,0,189000,25000,164000,164000
058931,玉晶光統一9C購01,0,0,0,0,0,0,0,0,0,164000,0,0,0,231000,67000,164000,164000
062028,晶技群益9B購01  ,0,0,0,0,0,0,0,0,0,164000,0,0,0,235000,71000,164000,164000
066088,漢翔永豐01購01  ,0,0,0,0,0,0,0,0,0,164000,0,0,0,164000,0,164000,164000
067403,眾達永豐01購03  ,0,0,0,0,0,0,0,0,0,163000,0,0,0,163000,0,163000,163000
057442,玉晶光統一98購03,0,0,0,0,0,0,0,0,0,163000,0,0,0,315000,152000,163000,163000
066928,台達電國票01購02,0,0,0,0,0,0,0,0,0,163000,0,0,0,189000,26000,163000,163000
065443,智邦統一9C購03  ,0,0,0,0,0,0,0,0,0,163000,0,0,0,191000,28000,163000,163000
2485,兆赫            ,183000,64000,119000,0,0,0,0,0,0,44000,49000,5000,44000,0,0,0,163000
067305,國產元大01購02  ,0,0,0,0,0,0,0,0,0,162000,0,0,0,512000,350000,162000,162000
057267,康控兆豐99購01  ,0,0,0,0,0,0,0,0,0,162000,0,0,0,322000,160000,162000,162000
058139,臻鼎元大99購01  ,0,0,0,0,0,0,0,0,0,162000,0,0,0,172000,10000,162000,162000
046949,群創元大99購01  ,0,0,0,0,0,0,0,0,0,162000,0,0,0,1447000,1285000,162000,162000
057626,技嘉富邦9A購01  ,0,0,0,0,0,0,0,0,0,162000,0,0,0,286000,124000,162000,162000
062052,華通統一01購01  ,0,0,0,0,0,0,0,0,0,162000,0,0,0,216000,54000,162000,162000
061906,統一中信9B購01  ,0,0,0,0,0,0,0,0,0,162000,0,0,0,164000,2000,162000,162000
062942,嘉澤凱基9B購02  ,0,0,0,0,0,0,0,0,0,162000,0,0,0,217000,55000,162000,162000
066742,健策元大02購03  ,0,0,0,0,0,0,0,0,0,162000,0,0,0,456000,294000,162000,162000
067269,眾達永豐01購02  ,0,0,0,0,0,0,0,0,0,161000,0,0,0,274000,113000,161000,161000
067252,智邦國票02購02  ,0,0,0,0,0,0,0,0,0,161000,0,0,0,166000,5000,161000,161000
063218,台塑群益9B購01  ,0,0,0,0,0,0,0,0,0,161000,0,0,0,181000,20000,161000,161000
060209,喬山康和9A購01  ,0,0,0,0,0,0,0,0,0,161000,0,0,0,287000,126000,161000,161000
067442,南港國票02購01  ,0,0,0,0,0,0,0,0,0,160000,0,0,0,160000,0,160000,160000
067622,同欣電國泰02購01,0,0,0,0,0,0,0,0,0,160000,0,0,0,324000,164000,160000,160000
07149P,健鼎元大99售03  ,0,0,0,0,0,0,0,0,0,160000,0,0,0,170000,10000,160000,160000
068344,台積電麥證01購13,0,0,0,309000,159000,150000,0,0,0,160000,0,0,0,319000,159000,160000,160000
063311,喬山群益9B購01  ,0,0,0,0,0,0,0,0,0,160000,0,0,0,167000,7000,160000,160000
058272,超眾永豐9A購01  ,0,0,0,0,0,0,0,0,0,160000,0,0,0,161000,1000,160000,160000
060194,旭富元富9A購01  ,0,0,0,0,0,0,0,0,0,160000,0,0,0,160000,0,160000,160000
061394,FBVIX統一9B購01 ,0,0,0,0,0,0,0,0,0,160000,0,0,0,170000,10000,160000,160000
066511,劍麟永豐01購01  ,0,0,0,0,0,0,0,0,0,160000,0,0,0,160000,0,160000,160000
065134,中石化凱基01購01,0,0,0,0,0,0,0,0,0,160000,0,0,0,240000,80000,160000,160000
08984P,玉晶光凱基02售03,0,0,0,0,0,0,0,0,0,160000,0,0,0,160000,0,160000,160000
067097,為升群益01購01  ,0,0,0,0,0,0,0,0,0,159000,0,0,0,199000,40000,159000,159000
060308,劍麟永豐9A購01  ,0,0,0,0,0,0,0,0,0,159000,0,0,0,159000,0,159000,159000
061609,華新科統一9C購01,0,0,0,0,0,0,0,0,0,159000,0,0,0,210000,51000,159000,159000
062212,臻鼎台新9B購01  ,0,0,0,0,0,0,0,0,0,159000,0,0,0,256000,97000,159000,159000
067085,臻鼎元大01購02  ,0,0,0,0,0,0,0,0,0,158000,0,0,0,295000,137000,158000,158000
08262P,茂林元大9C售01  ,0,0,0,0,0,0,0,0,0,158000,0,0,0,343000,185000,158000,158000
061948,美食群益9B購01  ,0,0,0,0,0,0,0,0,0,158000,0,0,0,237000,79000,158000,158000
062569,南電中信01購01  ,0,0,0,0,0,0,0,0,0,158000,0,0,0,322000,164000,158000,158000
064589,聯鈞永豐9C購01  ,0,0,0,0,0,0,0,0,0,158000,0,0,0,158000,0,158000,158000
00664R,國泰臺灣加權反1 ,6000,6000,0,0,0,0,0,0,0,157000,0,0,0,854000,697000,157000,157000
066596,健策群益02購01  ,0,0,0,0,0,0,0,0,0,157000,0,0,0,225000,68000,157000,157000
066438,南紡群益01購01  ,0,0,0,0,0,0,0,0,0,157000,0,0,0,257000,100000,157000,157000
066785,台光電麥證01購01,0,0,0,160000,3000,157000,0,0,0,157000,0,0,0,160000,3000,157000,157000
065878,麗豐群益02購01  ,0,0,0,0,0,0,0,0,0,157000,0,0,0,175000,18000,157000,157000
03448B,臺股指元大9C熊11,0,0,0,0,0,0,0,0,0,156000,0,0,0,191000,35000,156000,156000
066633,總太凱基01購01  ,0,0,0,0,0,0,0,0,0,156000,0,0,0,229000,73000,156000,156000
063816,TPK群益9C購01   ,0,0,0,0,0,0,0,0,0,156000,0,0,0,164000,8000,156000,156000
06956P,國巨日盛99售04  ,0,0,0,0,0,0,0,0,0,155000,0,0,0,155000,0,155000,155000
060912,華新科元大9A購10,0,0,0,0,0,0,0,0,0,155000,0,0,0,155000,0,155000,155000
068484,聯電元大03購02  ,0,0,0,0,0,0,0,0,0,154000,0,0,0,182000,28000,154000,154000
03070P,台表科群益01售04,0,0,0,0,0,0,0,0,0,154000,0,0,0,214000,60000,154000,154000
063166,超眾永豐9B購01  ,0,0,0,0,0,0,0,0,0,154000,0,0,0,154000,0,154000,154000
062689,華擎統一02購01  ,0,0,0,0,0,0,0,0,0,154000,0,0,0,154000,0,154000,154000
063755,上銀統一9C購03  ,0,0,0,0,0,0,0,0,0,154000,0,0,0,238000,84000,154000,154000
065518,聯鈞群益9C購02  ,0,0,0,0,0,0,0,0,0,154000,0,0,0,275000,121000,154000,154000
066810,瀚宇博凱基02購01,0,0,0,0,0,0,0,0,0,154000,0,0,0,187000,33000,154000,154000
08191P,鴻海台新9B售03  ,0,0,0,0,0,0,0,0,0,153000,0,0,0,161000,8000,153000,153000
067358,華擎群益01購05  ,0,0,0,0,0,0,0,0,0,153000,0,0,0,156000,3000,153000,153000
066028,嘉澤群益01購01  ,0,0,0,0,0,0,0,0,0,153000,0,0,0,196000,43000,153000,153000
065553,聯詠凱基9C購03  ,0,0,0,0,0,0,0,0,0,153000,0,0,0,153000,0,153000,153000
065042,國產凱基02購01  ,0,0,0,0,0,0,0,0,0,153000,0,0,0,163000,10000,153000,153000
08431P,景碩凱基9C售02  ,0,0,0,0,0,0,0,0,0,152000,0,0,0,328000,176000,152000,152000
064605,GIS元富9C購01   ,0,0,0,0,0,0,0,0,0,152000,0,0,0,236000,84000,152000,152000
067543,臻鼎群益01購01  ,0,0,0,0,0,0,0,0,0,151000,0,0,0,181000,30000,151000,151000
067072,建準元大01購01  ,0,0,0,0,0,0,0,0,0,151000,0,0,0,606000,455000,151000,151000
067764,寶成永豐01購01  ,0,0,0,0,0,0,0,0,0,151000,0,0,0,151000,0,151000,151000
067685,瀚宇博元大01購03,0,0,0,0,0,0,0,0,0,151000,0,0,0,210000,59000,151000,151000
058744,FBVIX凱基9C購03 ,0,0,0,0,0,0,0,0,0,151000,0,0,0,196000,45000,151000,151000
065858,台表科元大03購01,0,0,0,0,0,0,0,0,0,151000,0,0,0,280000,129000,151000,151000
066389,南港凱基01購01  ,0,0,0,0,0,0,0,0,0,151000,0,0,0,201000,50000,151000,151000
067608,嘉澤凱基01購02  ,0,0,0,0,0,0,0,0,0,150000,0,0,0,219000,69000,150000,150000
08179P,華新科元大9B售13,0,0,0,0,0,0,0,0,0,150000,0,0,0,150000,0,150000,150000
07612P,國巨國泰9B售06  ,0,0,0,0,0,0,0,0,0,150000,0,0,0,150000,0,150000,150000
058658,瑞儀中信99購01  ,0,0,0,0,0,0,0,0,0,150000,0,0,0,170000,20000,150000,150000
03013P,華新科永豐01售01,0,0,0,0,0,0,0,0,0,150000,0,0,0,150000,0,150000,150000
020012,富邦行動通訊N   ,0,0,0,0,0,0,0,0,0,150000,0,0,0,159000,9000,150000,150000
060111,臻鼎元大99購04  ,0,0,0,0,0,0,0,0,0,150000,0,0,0,150000,0,150000,150000
055585,國巨元大98購08  ,0,0,0,0,0,0,0,0,0,150000,0,0,0,150000,0,150000,150000
055680,美律凱基99購01  ,0,0,0,0,0,0,0,0,0,150000,0,0,0,150000,0,150000,150000
060350,元黃金元富9B購01,0,0,0,0,0,0,0,0,0,150000,0,0,0,150000,0,150000,150000
061075,亞德客兆豐9A購01,0,0,0,0,0,0,0,0,0,150000,0,0,0,150000,0,150000,150000
063732,建準元大9B購02  ,0,0,0,0,0,0,0,0,0,150000,0,0,0,343000,193000,150000,150000
06025P,臺股指元大99售02,0,0,0,0,0,0,0,0,0,150000,0,0,0,195000,45000,150000,150000
066366,信邦中信02購01  ,0,0,0,0,0,0,0,0,0,150000,0,0,0,219000,69000,150000,150000
065880,訊芯群益9C購01  ,0,0,0,0,0,0,0,0,0,150000,0,0,0,346000,196000,150000,150000
065959,T50反1元大01購02,0,0,0,0,0,0,0,0,0,150000,0,0,0,400000,250000,150000,150000
064987,勤誠元大9C購02  ,0,0,0,0,0,0,0,0,0,150000,0,0,0,150000,0,150000,150000
063938,上銀元大9C購03  ,0,0,0,0,0,0,0,0,0,150000,0,0,0,200000,50000,150000,150000
5607,遠雄港          ,222000,72000,150000,0,0,0,0,0,0,0,0,0,0,0,0,0,150000
067577,FBVIX群益01購02 ,0,0,0,0,0,0,0,0,0,149000,0,0,0,154000,5000,149000,149000
061773,和潤元大9B購01  ,0,0,0,0,0,0,0,0,0,149000,0,0,0,149000,0,149000,149000
066087,大毅永豐01購02  ,0,0,0,0,0,0,0,0,0,149000,0,0,0,153000,4000,149000,149000
066218,美利達統一03購02,0,0,0,0,0,0,0,0,0,149000,0,0,0,196000,47000,149000,149000
066278,健策元大02購01  ,0,0,0,0,0,0,0,0,0,149000,0,0,0,421000,272000,149000,149000
058171,國巨凱基9A購07  ,0,0,0,0,0,0,0,0,0,148000,0,0,0,150000,2000,148000,148000
060170,世紀鋼永豐9A購01,0,0,0,0,0,0,0,0,0,148000,0,0,0,255000,107000,148000,148000
064402,宏碁凱基01購01  ,0,0,0,0,0,0,0,0,0,148000,0,0,0,310000,162000,148000,148000
066622,南帝凱基01購01  ,0,0,0,0,0,0,0,0,0,148000,0,0,0,148000,0,148000,148000
066956,華擎元大01購04  ,0,0,0,0,0,0,0,0,0,148000,0,0,0,368000,220000,148000,148000
1474,弘裕            ,555000,406000,149000,0,0,0,0,0,0,-1000,0,1000,-1000,0,0,0,148000
067598,台積電凱基01購13,0,0,0,0,0,0,0,0,0,147000,0,0,0,217000,70000,147000,147000
08631P,臺股指麥證9C售06,0,0,0,157000,10000,147000,0,0,0,147000,0,0,0,157000,10000,147000,147000
060573,力成永豐9A購01  ,0,0,0,0,0,0,0,0,0,147000,0,0,0,147000,0,147000,147000
066748,同欣電元大01購03,0,0,0,0,0,0,0,0,0,147000,0,0,0,205000,58000,147000,147000
066126,南港群益01購01  ,0,0,0,0,0,0,0,0,0,147000,0,0,0,189000,42000,147000,147000
067489,華擎元大01購06  ,0,0,0,0,0,0,0,0,0,146000,0,0,0,204000,58000,146000,146000
067872,玉晶光元大02購03,0,0,0,0,0,0,0,0,0,146000,0,0,0,286000,140000,146000,146000
057357,超眾統一98購01  ,0,0,0,0,0,0,0,0,0,146000,0,0,0,146000,0,146000,146000
063399,智原群益9B購01  ,0,0,0,0,0,0,0,0,0,146000,0,0,0,181000,35000,146000,146000
061418,世紀鋼群益9A購02,0,0,0,0,0,0,0,0,0,146000,0,0,0,335000,189000,146000,146000
08968P,台表科元大01售04,0,0,0,0,0,0,0,0,0,146000,0,0,0,208000,62000,146000,146000
067515,美利達統一03購03,0,0,0,0,0,0,0,0,0,145000,0,0,0,155000,10000,145000,145000
067429,國揚凱基02購01  ,0,0,0,0,0,0,0,0,0,145000,0,0,0,274000,129000,145000,145000
067463,T50反1元大01購04,0,0,0,0,0,0,0,0,0,145000,0,0,0,289000,144000,145000,145000
066979,國巨群益01購04  ,0,0,0,0,0,0,0,0,0,145000,0,0,0,147000,2000,145000,145000
063379,帆宣永豐9B購01  ,0,0,0,0,0,0,0,0,0,145000,0,0,0,165000,20000,145000,145000
058268,泰碩永豐9A購01  ,0,0,0,0,0,0,0,0,0,145000,0,0,0,145000,0,145000,145000
060419,漢翔永豐9A購01  ,0,0,0,0,0,0,0,0,0,145000,0,0,0,145000,0,145000,145000
060657,旺宏統一9B購05  ,0,0,0,0,0,0,0,0,0,145000,0,0,0,145000,0,145000,145000
066178,拓凱凱基01購01  ,0,0,0,0,0,0,0,0,0,145000,0,0,0,203000,58000,145000,145000
064891,台達電群益9C購01,0,0,0,0,0,0,0,0,0,145000,0,0,0,152000,7000,145000,145000
065038,上銀凱基9C購02  ,0,0,0,0,0,0,0,0,0,145000,0,0,0,370000,225000,145000,145000
065059,神隆群益9C購01  ,0,0,0,0,0,0,0,0,0,145000,0,0,0,157000,12000,145000,145000
3413,京鼎            ,328000,211000,117000,0,0,0,0,0,0,28000,38000,11000,27000,10000,9000,1000,145000
066854,樺漢元大01購02  ,0,0,0,0,0,0,0,0,0,144000,0,0,0,144000,0,144000,144000
068478,瑞儀群益01購02  ,0,0,0,0,0,0,0,0,0,143000,0,0,0,411000,268000,143000,143000
068305,台光電國票03購01,0,0,0,0,0,0,0,0,0,143000,0,0,0,157000,14000,143000,143000
061131,崇越永豐9A購01  ,0,0,0,0,0,0,0,0,0,143000,0,0,0,153000,10000,143000,143000
064514,喬山群益9C購01  ,0,0,0,0,0,0,0,0,0,143000,0,0,0,145000,2000,143000,143000
063612,金像電群益9B購04,0,0,0,0,0,0,0,0,0,143000,0,0,0,143000,0,143000,143000
08621P,景碩群益9C售01  ,0,0,0,0,0,0,0,0,0,142000,0,0,0,168000,26000,142000,142000
063446,台光電統一01購02,0,0,0,0,0,0,0,0,0,142000,0,0,0,153000,11000,142000,142000
061717,力成凱基9B購01  ,0,0,0,0,0,0,0,0,0,142000,0,0,0,142000,0,142000,142000
065036,世芯統一02購02  ,0,0,0,0,0,0,0,0,0,142000,0,0,0,147000,5000,142000,142000
08836P,滬深2X國票02售04,0,0,0,0,0,0,0,0,0,142000,0,0,0,328000,186000,142000,142000
067042,旺宏凱基01購02  ,0,0,0,0,0,0,0,0,0,141000,0,0,0,161000,20000,141000,141000
067206,台積電元大01購23,0,0,0,0,0,0,0,0,0,141000,0,0,0,190000,49000,141000,141000
067610,上緯控凱基02購01,0,0,0,0,0,0,0,0,0,141000,0,0,0,364000,223000,141000,141000
064500,國泰金元大9C購01,0,0,0,0,0,0,0,0,0,141000,0,0,0,141000,0,141000,141000
061818,富邦金群益9C購01,0,0,0,0,0,0,0,0,0,141000,0,0,0,191000,50000,141000,141000
066376,聯詠兆豐01購01  ,0,0,0,0,0,0,0,0,0,141000,0,0,0,167000,26000,141000,141000
065706,奇鋐群益9C購02  ,0,0,0,0,0,0,0,0,0,141000,0,0,0,151000,10000,141000,141000
1455,集盛            ,222000,74000,148000,0,0,0,0,0,0,-7000,0,7000,-7000,0,0,0,141000
067501,聚陽統一01購03  ,0,0,0,0,0,0,0,0,0,140000,0,0,0,556000,416000,140000,140000
067165,世紀鋼國票02購02,0,0,0,0,0,0,0,0,0,140000,0,0,0,180000,40000,140000,140000
063401,中租群益9B購03  ,0,0,0,0,0,0,0,0,0,140000,0,0,0,140000,0,140000,140000
056673,中石化元富9B購01,0,0,0,0,0,0,0,0,0,140000,0,0,0,140000,0,140000,140000
064009,超眾凱基01購01  ,0,0,0,0,0,0,0,0,0,140000,0,0,0,190000,50000,140000,140000
064358,台達電統一01購02,0,0,0,0,0,0,0,0,0,140000,0,0,0,140000,0,140000,140000
066238,聯鈞富邦03購01  ,0,0,0,0,0,0,0,0,0,140000,0,0,0,140000,0,140000,140000
066931,友達國票02購01  ,0,0,0,0,0,0,0,0,0,140000,0,0,0,150000,10000,140000,140000
066790,健策麥證01購01  ,0,0,0,145000,0,145000,0,0,0,140000,0,0,0,154000,14000,140000,140000
08893P,京元電元大01售06,0,0,0,0,0,0,0,0,0,140000,0,0,0,150000,10000,140000,140000
068391,玉晶光統一07購01,0,0,0,0,0,0,0,0,0,139000,0,0,0,140000,1000,139000,139000
07861P,台灣50中信03售08,0,0,0,0,0,0,0,0,0,139000,0,0,0,164000,25000,139000,139000
07055P,景碩群益9A售02  ,0,0,0,0,0,0,0,0,0,139000,0,0,0,164000,25000,139000,139000
056550,瑞儀凱基99購01  ,0,0,0,0,0,0,0,0,0,139000,0,0,0,199000,60000,139000,139000
060028,國揚永豐99購01  ,0,0,0,0,0,0,0,0,0,139000,0,0,0,204000,65000,139000,139000
060242,潤泰全元大9C購01,0,0,0,0,0,0,0,0,0,139000,0,0,0,195000,56000,139000,139000
060710,上銀永豐9A購01  ,0,0,0,0,0,0,0,0,0,139000,0,0,0,149000,10000,139000,139000
063093,國產國票9B購01  ,0,0,0,0,0,0,0,0,0,139000,0,0,0,139000,0,139000,139000
054159,T50正2凱基99購01,0,0,0,0,0,0,0,0,0,138000,0,0,0,138000,0,138000,138000
060671,亞德客元大9A購03,0,0,0,0,0,0,0,0,0,138000,0,0,0,148000,10000,138000,138000
061469,瑞祺群益9A購02  ,0,0,0,0,0,0,0,0,0,138000,0,0,0,138000,0,138000,138000
061006,新光金兆豐9A購01,0,0,0,0,0,0,0,0,0,138000,0,0,0,172000,34000,138000,138000
064600,技嘉元富9C購01  ,0,0,0,0,0,0,0,0,0,138000,0,0,0,154000,16000,138000,138000
066902,台泥凱基01購01  ,0,0,0,0,0,0,0,0,0,138000,0,0,0,186000,48000,138000,138000
066410,潤泰新凱基01購01,0,0,0,0,0,0,0,0,0,138000,0,0,0,748000,610000,138000,138000
064854,祥碩麥證9C購01  ,0,0,0,260000,122000,138000,0,0,0,138000,0,0,0,260000,122000,138000,138000
064629,和潤元大9C購01  ,0,0,0,0,0,0,0,0,0,138000,0,0,0,154000,16000,138000,138000
064267,南六永豐9C購03  ,0,0,0,0,0,0,0,0,0,137000,0,0,0,137000,0,137000,137000
064007,嘉澤凱基02購01  ,0,0,0,0,0,0,0,0,0,137000,0,0,0,199000,62000,137000,137000
061762,台塑元大9B購01  ,0,0,0,0,0,0,0,0,0,137000,0,0,0,153000,16000,137000,137000
060402,神隆國泰9B購01  ,0,0,0,0,0,0,0,0,0,137000,0,0,0,377000,240000,137000,137000
061583,矽創元大9A購01  ,0,0,0,0,0,0,0,0,0,137000,0,0,0,197000,60000,137000,137000
066564,智伸科元大01購01,0,0,0,0,0,0,0,0,0,137000,0,0,0,137000,0,137000,137000
08862P,台積電元大01售24,0,0,0,0,0,0,0,0,0,137000,0,0,0,137000,0,137000,137000
2316,楠梓電          ,290000,207000,83000,0,0,0,0,0,0,54000,0,1000,-1000,108000,53000,55000,137000
063538,神達統一9C購01  ,0,0,0,0,0,0,0,0,0,136000,0,0,0,364000,228000,136000,136000
066837,樺漢群益01購02  ,0,0,0,0,0,0,0,0,0,136000,0,0,0,136000,0,136000,136000
065833,中租凱基02購01  ,0,0,0,0,0,0,0,0,0,136000,0,0,0,212000,76000,136000,136000
08967P,聯電元大01售03  ,0,0,0,0,0,0,0,0,0,136000,0,0,0,136000,0,136000,136000
067483,禾伸堂元大01購02,0,0,0,0,0,0,0,0,0,135000,0,0,0,135000,0,135000,135000
068206,牧德凱基01購03  ,0,0,0,0,0,0,0,0,0,135000,0,0,0,135000,0,135000,135000
063978,美食兆豐9C購01  ,0,0,0,0,0,0,0,0,0,135000,0,0,0,340000,205000,135000,135000
068218,台光電統一02購05,0,0,0,0,0,0,0,0,0,134000,0,0,0,134000,0,134000,134000
067007,拓凱永豐01購02  ,0,0,0,0,0,0,0,0,0,134000,0,0,0,134000,0,134000,134000
07502P,美食元大9A售01  ,0,0,0,0,0,0,0,0,0,134000,0,0,0,186000,52000,134000,134000
061582,麗豐元大9A購01  ,0,0,0,0,0,0,0,0,0,134000,0,0,0,260000,126000,134000,134000
065557,中磊凱基9C購01  ,0,0,0,0,0,0,0,0,0,134000,0,0,0,179000,45000,134000,134000
055653,聯詠元富01購02  ,0,0,0,0,0,0,0,0,0,133000,0,0,0,183000,50000,133000,133000
061664,上銀中信9A購01  ,0,0,0,0,0,0,0,0,0,133000,0,0,0,156000,23000,133000,133000
065541,GIS統一01購05   ,0,0,0,0,0,0,0,0,0,133000,0,0,0,190000,57000,133000,133000
064853,亞德客麥證9C購01,0,0,0,158000,25000,133000,0,0,0,133000,0,0,0,158000,25000,133000,133000
068049,玉晶光統一01購13,0,0,0,0,0,0,0,0,0,132000,0,0,0,152000,20000,132000,132000
055652,聯詠元富01購01  ,0,0,0,0,0,0,0,0,0,132000,0,0,0,332000,200000,132000,132000
061550,聯鈞群益9A購03  ,0,0,0,0,0,0,0,0,0,132000,0,0,0,165000,33000,132000,132000
063188,TPK凱基9B購01   ,0,0,0,0,0,0,0,0,0,132000,0,0,0,179000,47000,132000,132000
06466P,台積電統一9B售01,0,0,0,0,0,0,0,0,0,132000,0,0,0,202000,70000,132000,132000
065044,大立光凱基9C購06,0,0,0,0,0,0,0,0,0,132000,0,0,0,140000,8000,132000,132000
065980,中租元大02購01  ,0,0,0,0,0,0,0,0,0,132000,0,0,0,226000,94000,132000,132000
065717,創意中信9C購02  ,0,0,0,0,0,0,0,0,0,132000,0,0,0,133000,1000,132000,132000
066845,亞光元大01購02  ,0,0,0,0,0,0,0,0,0,132000,0,0,0,200000,68000,132000,132000
4919,新唐            ,560000,489000,71000,0,0,0,0,0,0,61000,30000,0,30000,127000,96000,31000,132000
067116,嘉澤群益01購02  ,0,0,0,0,0,0,0,0,0,131000,0,0,0,152000,21000,131000,131000
058936,國喬中信99購01  ,0,0,0,0,0,0,0,0,0,131000,0,0,0,141000,10000,131000,131000
065062,亞光群益9C購01  ,0,0,0,0,0,0,0,0,0,131000,0,0,0,161000,30000,131000,131000
065569,智邦群益01購01  ,0,0,0,0,0,0,0,0,0,131000,0,0,0,170000,39000,131000,131000
067081,華擎元大01購05  ,0,0,0,0,0,0,0,0,0,130000,0,0,0,191000,61000,130000,130000
067201,A50正2元大03購01,0,0,0,0,0,0,0,0,0,130000,0,0,0,130000,0,130000,130000
07206P,鴻海凱基9A售11  ,0,0,0,0,0,0,0,0,0,130000,0,0,0,130000,0,130000,130000
06837P,上銀統一9A售02  ,0,0,0,0,0,0,0,0,0,130000,0,0,0,130000,0,130000,130000
08249P,聯發科群益9C售06,0,0,0,0,0,0,0,0,0,130000,0,0,0,200000,70000,130000,130000
059536,新光金凱基99購05,0,0,0,0,0,0,0,0,0,130000,0,0,0,130000,0,130000,130000
062674,百和中信03購01  ,0,0,0,0,0,0,0,0,0,130000,0,0,0,130000,0,130000,130000
060424,中租永豐9A購01  ,0,0,0,0,0,0,0,0,0,130000,0,0,0,130000,0,130000,130000
063818,矽創群益9C購01  ,0,0,0,0,0,0,0,0,0,130000,0,0,0,140000,10000,130000,130000
064752,台達電凱基01購01,0,0,0,0,0,0,0,0,0,130000,0,0,0,155000,25000,130000,130000
08965P,台灣50元大01售30,0,0,0,0,0,0,0,0,0,130000,0,0,0,130000,0,130000,130000
1457,宜進            ,148000,18000,130000,0,0,0,0,0,0,0,0,0,0,0,0,0,130000
08536P,台積電國票9C售08,0,0,0,0,0,0,0,0,0,129000,0,0,0,130000,1000,129000,129000
067957,玉晶光永豐01購09,0,0,0,0,0,0,0,0,0,129000,0,0,0,129000,0,129000,129000
060099,宏達電元大99購09,0,0,0,0,0,0,0,0,0,129000,0,0,0,129000,0,129000,129000
063630,智邦元大9B購09  ,0,0,0,0,0,0,0,0,0,129000,0,0,0,269000,140000,129000,129000
065974,智原元大01購01  ,0,0,0,0,0,0,0,0,0,129000,0,0,0,375000,246000,129000,129000
2332,友訊            ,1840000,2023000,-183000,0,0,0,0,0,0,312000,40000,32000,8000,395000,91000,304000,129000
2106,建大            ,492000,163000,329000,0,0,0,0,200000,-200000,0,0,0,0,0,0,0,129000
6209,今國光          ,1563000,1494000,69000,0,0,0,0,0,0,60000,60000,0,60000,0,0,0,129000
063247,信邦元大9B購02  ,0,0,0,0,0,0,0,0,0,128000,0,0,0,139000,11000,128000,128000
058540,嘉聯益國泰9A購02,0,0,0,0,0,0,0,0,0,128000,0,0,0,128000,0,128000,128000
065707,聯詠群益9C購02  ,0,0,0,0,0,0,0,0,0,128000,0,0,0,154000,26000,128000,128000
06682P,玉晶光元大99售08,0,0,0,0,0,0,0,0,0,128000,0,0,0,128000,0,128000,128000
068040,超眾元富04購01  ,0,0,0,0,0,0,0,0,0,127000,0,0,0,154000,27000,127000,127000
068089,T50反1群益01購08,0,0,0,0,0,0,0,0,0,127000,0,0,0,130000,3000,127000,127000
067850,台郡元富07購01  ,0,0,0,0,0,0,0,0,0,127000,0,0,0,215000,88000,127000,127000
067012,台虹永豐01購02  ,0,0,0,0,0,0,0,0,0,127000,0,0,0,147000,20000,127000,127000
07230P,滬深2X群益01售02,0,0,0,0,0,0,0,0,0,127000,0,0,0,160000,33000,127000,127000
064427,喬山凱基01購01  ,0,0,0,0,0,0,0,0,0,127000,0,0,0,162000,35000,127000,127000
064610,儒鴻元大9C購03  ,0,0,0,0,0,0,0,0,0,127000,0,0,0,382000,255000,127000,127000
066600,瀚宇博國泰03購01,0,0,0,0,0,0,0,0,0,127000,0,0,0,254000,127000,127000,127000
063837,亞德客元大01購01,0,0,0,0,0,0,0,0,0,127000,0,0,0,326000,199000,127000,127000
2449,京元電子        ,3345000,2811000,534000,0,0,0,4000,10000,-6000,-401000,167000,401000,-234000,82000,249000,-167000,127000
056746,超眾凱基99購01  ,0,0,0,0,0,0,0,0,0,126000,0,0,0,136000,10000,126000,126000
064106,國巨兆豐9C購04  ,0,0,0,0,0,0,0,0,0,126000,0,0,0,248000,122000,126000,126000
066423,智原元大01購02  ,0,0,0,0,0,0,0,0,0,126000,0,0,0,140000,14000,126000,126000
066448,眾達群益01購01  ,0,0,0,0,0,0,0,0,0,126000,0,0,0,136000,10000,126000,126000
066747,台郡元大01購03  ,0,0,0,0,0,0,0,0,0,126000,0,0,0,242000,116000,126000,126000
066195,臺股指凱基03購04,0,0,0,0,0,0,0,0,0,126000,0,0,0,376000,250000,126000,126000
08595P,南電群益9C售03  ,0,0,0,0,0,0,0,0,0,125000,0,0,0,125000,0,125000,125000
063548,同欣電兆豐9B購01,0,0,0,0,0,0,0,0,0,125000,0,0,0,526000,401000,125000,125000
062034,同欣電群益9B購01,0,0,0,0,0,0,0,0,0,125000,0,0,0,140000,15000,125000,125000
062097,台光電永豐9B購01,0,0,0,0,0,0,0,0,0,125000,0,0,0,218000,93000,125000,125000
062381,上銀國泰9C購01  ,0,0,0,0,0,0,0,0,0,125000,0,0,0,127000,2000,125000,125000
066432,南六元大01購02  ,0,0,0,0,0,0,0,0,0,125000,0,0,0,195000,70000,125000,125000
064882,同欣電兆豐9C購01,0,0,0,0,0,0,0,0,0,125000,0,0,0,130000,5000,125000,125000
063976,正崴兆豐9C購01  ,0,0,0,0,0,0,0,0,0,125000,0,0,0,222000,97000,125000,125000
063956,神達元大9C購01  ,0,0,0,0,0,0,0,0,0,125000,0,0,0,125000,0,125000,125000
065480,旭富元大9C購06  ,0,0,0,0,0,0,0,0,0,125000,0,0,0,132000,7000,125000,125000
065345,台光電統一01購04,0,0,0,0,0,0,0,0,0,125000,0,0,0,173000,48000,125000,125000
068260,道瓊銀富邦07購01,0,0,0,0,0,0,0,0,0,124000,0,0,0,124000,0,124000,124000
063373,晶技永豐9B購02  ,0,0,0,0,0,0,0,0,0,124000,0,0,0,195000,71000,124000,124000
064353,力成元大9C購02  ,0,0,0,0,0,0,0,0,0,124000,0,0,0,124000,0,124000,124000
064931,南六統一9C購05  ,0,0,0,0,0,0,0,0,0,124000,0,0,0,124000,0,124000,124000
067538,晶技群益01購02  ,0,0,0,0,0,0,0,0,0,123000,0,0,0,123000,0,123000,123000
067311,欣興元大01購06  ,0,0,0,0,0,0,0,0,0,123000,0,0,0,303000,180000,123000,123000
058093,神達元大9A購01  ,0,0,0,0,0,0,0,0,0,123000,0,0,0,123000,0,123000,123000
059924,世紀鋼元大99購06,0,0,0,0,0,0,0,0,0,123000,0,0,0,142000,19000,123000,123000
059955,美食康和99購01  ,0,0,0,0,0,0,0,0,0,123000,0,0,0,123000,0,123000,123000
066221,康友台新01購01  ,0,0,0,0,0,0,0,0,0,123000,0,0,0,123000,0,123000,123000
2328,廣宇            ,417000,293000,124000,0,0,0,0,0,0,-1000,0,1000,-1000,0,0,0,123000
067613,康舒凱基01購01  ,0,0,0,0,0,0,0,0,0,122000,0,0,0,362000,240000,122000,122000
067893,玉晶光群益02購07,0,0,0,0,0,0,0,0,0,122000,0,0,0,186000,64000,122000,122000
067748,GIS元大01購02   ,0,0,0,0,0,0,0,0,0,122000,0,0,0,267000,145000,122000,122000
068347,T50反1凱基04購03,0,0,0,0,0,0,0,0,0,122000,0,0,0,122000,0,122000,122000
054778,世紀鋼國票99購01,0,0,0,0,0,0,0,0,0,122000,0,0,0,245000,123000,122000,122000
063673,GIS統一9C購02   ,0,0,0,0,0,0,0,0,0,122000,0,0,0,346000,224000,122000,122000
066288,晶碩元大01購01  ,0,0,0,0,0,0,0,0,0,122000,0,0,0,434000,312000,122000,122000
2471,資通            ,143000,21000,122000,0,0,0,0,0,0,0,0,0,0,0,0,0,122000
8261,富鼎            ,184000,62000,122000,0,0,0,0,0,0,0,0,0,0,0,0,0,122000
067434,日月光凱基01購01,0,0,0,0,0,0,0,0,0,121000,0,0,0,251000,130000,121000,121000
03050P,台積電統一01售12,0,0,0,0,0,0,0,0,0,121000,0,0,0,121000,0,121000,121000
061037,嘉澤永豐9A購01  ,0,0,0,0,0,0,0,0,0,121000,0,0,0,121000,0,121000,121000
064812,旭富元大9C購04  ,0,0,0,0,0,0,0,0,0,121000,0,0,0,121000,0,121000,121000
064188,玉晶光永豐9C購02,0,0,0,0,0,0,0,0,0,121000,0,0,0,126000,5000,121000,121000
067361,旭富群益01購02  ,0,0,0,0,0,0,0,0,0,120000,0,0,0,120000,0,120000,120000
067129,神隆永豐01購01  ,0,0,0,0,0,0,0,0,0,120000,0,0,0,130000,10000,120000,120000
067164,台虹國票02購01  ,0,0,0,0,0,0,0,0,0,120000,0,0,0,164000,44000,120000,120000
067671,正崴元大01購01  ,0,0,0,0,0,0,0,0,0,120000,0,0,0,120000,0,120000,120000
068047,台積電統一03購06,0,0,0,0,0,0,0,0,0,120000,0,0,0,121000,1000,120000,120000
068016,宏碁國票02購01  ,0,0,0,0,0,0,0,0,0,120000,0,0,0,120000,0,120000,120000
08638P,泰碩國票9C售01  ,0,0,0,0,0,0,0,0,0,120000,0,0,0,171000,51000,120000,120000
08581P,臺股指元大9C售29,0,0,0,0,0,0,0,0,0,120000,0,0,0,140000,20000,120000,120000
08594P,台積電群益01售05,0,0,0,0,0,0,0,0,0,120000,0,0,0,120000,0,120000,120000
08741P,國巨凱基01售05  ,0,0,0,0,0,0,0,0,0,120000,0,0,0,120000,0,120000,120000
055168,光罩統一98購01  ,0,0,0,0,0,0,0,0,0,120000,0,0,0,120000,0,120000,120000
055842,建準元大98購01  ,0,0,0,0,0,0,0,0,0,120000,0,0,0,120000,0,120000,120000
057877,神達元大99購01  ,0,0,0,0,0,0,0,0,0,120000,0,0,0,120000,0,120000,120000
057616,聯電凱基99購01  ,0,0,0,0,0,0,0,0,0,120000,0,0,0,120000,0,120000,120000
057696,聯電群益9A購01  ,0,0,0,0,0,0,0,0,0,120000,0,0,0,120000,0,120000,120000
06082P,華通統一98售01  ,0,0,0,0,0,0,0,0,0,120000,0,0,0,120000,0,120000,120000
063704,麗豐群益9B購01  ,0,0,0,0,0,0,0,0,0,120000,0,0,0,150000,30000,120000,120000
061799,奇鋐永豐9B購01  ,0,0,0,0,0,0,0,0,0,120000,0,0,0,200000,80000,120000,120000
062427,嘉澤統一01購01  ,0,0,0,0,0,0,0,0,0,120000,0,0,0,130000,10000,120000,120000
061542,旺宏群益9A購04  ,0,0,0,0,0,0,0,0,0,120000,0,0,0,120000,0,120000,120000
064242,TPK統一02購01   ,0,0,0,0,0,0,0,0,0,120000,0,0,0,293000,173000,120000,120000
065651,中磊元大9C購01  ,0,0,0,0,0,0,0,0,0,120000,0,0,0,186000,66000,120000,120000
066018,南六元富03購02  ,0,0,0,0,0,0,0,0,0,120000,0,0,0,196000,76000,120000,120000
066961,超眾元大01購05  ,0,0,0,0,0,0,0,0,0,120000,0,0,0,120000,0,120000,120000
067351,國巨群益01購08  ,0,0,0,0,0,0,0,0,0,119000,0,0,0,121000,2000,119000,119000
067617,臺股指凱基01購12,0,0,0,0,0,0,0,0,0,119000,0,0,0,121000,2000,119000,119000
060385,台勝科凱基9A購01,0,0,0,0,0,0,0,0,0,119000,0,0,0,169000,50000,119000,119000
064304,信邦兆豐01購01  ,0,0,0,0,0,0,0,0,0,119000,0,0,0,284000,165000,119000,119000
061668,信邦中信9B購01  ,0,0,0,0,0,0,0,0,0,119000,0,0,0,119000,0,119000,119000
065566,裕隆群益9C購02  ,0,0,0,0,0,0,0,0,0,119000,0,0,0,129000,10000,119000,119000
065402,漢唐國泰02購01  ,0,0,0,0,0,0,0,0,0,119000,0,0,0,211000,92000,119000,119000
064979,華擎元大9C購04  ,0,0,0,0,0,0,0,0,0,119000,0,0,0,247000,128000,119000,119000
064761,神達凱基9C購01  ,0,0,0,0,0,0,0,0,0,119000,0,0,0,119000,0,119000,119000
067228,華新群益01購01  ,0,0,0,0,0,0,0,0,0,118000,0,0,0,151000,33000,118000,118000
067062,神隆元大01購02  ,0,0,0,0,0,0,0,0,0,118000,0,0,0,118000,0,118000,118000
067825,南港兆豐03購01  ,0,0,0,0,0,0,0,0,0,118000,0,0,0,277000,159000,118000,118000
057718,旺宏元富02購02  ,0,0,0,0,0,0,0,0,0,118000,0,0,0,143000,25000,118000,118000
061304,創意永豐9A購02  ,0,0,0,0,0,0,0,0,0,118000,0,0,0,139000,21000,118000,118000
063126,TPK元大9B購01   ,0,0,0,0,0,0,0,0,0,118000,0,0,0,239000,121000,118000,118000
061782,智邦群益9B購01  ,0,0,0,0,0,0,0,0,0,118000,0,0,0,121000,3000,118000,118000
067901,旭富群益01購04  ,0,0,0,0,0,0,0,0,0,117000,0,0,0,117000,0,117000,117000
068217,台達電統一03購01,0,0,0,0,0,0,0,0,0,117000,0,0,0,265000,148000,117000,117000
057852,國巨國票99購05  ,0,0,0,0,0,0,0,0,0,117000,0,0,0,117000,0,117000,117000
059061,晶技凱基9A購01  ,0,0,0,0,0,0,0,0,0,117000,0,0,0,167000,50000,117000,117000
03006P,華通永豐01售01  ,0,0,0,0,0,0,0,0,0,117000,0,0,0,117000,0,117000,117000
061971,力山元大9C購02  ,0,0,0,0,0,0,0,0,0,117000,0,0,0,143000,26000,117000,117000
061357,寶成元大9A購01  ,0,0,0,0,0,0,0,0,0,117000,0,0,0,165000,48000,117000,117000
064524,GIS群益02購01   ,0,0,0,0,0,0,0,0,0,117000,0,0,0,341000,224000,117000,117000
064808,國產元大9C購02  ,0,0,0,0,0,0,0,0,0,117000,0,0,0,117000,0,117000,117000
068200,亞光凱基01購01  ,0,0,0,0,0,0,0,0,0,116000,0,0,0,163000,47000,116000,116000
067306,奇鋐元大01購02  ,0,0,0,0,0,0,0,0,0,116000,0,0,0,116000,0,116000,116000
058305,華邦電元大99購02,0,0,0,0,0,0,0,0,0,116000,0,0,0,116000,0,116000,116000
062063,世紀鋼統一9C購01,0,0,0,0,0,0,0,0,0,116000,0,0,0,322000,206000,116000,116000
062011,上銀富邦9C購01  ,0,0,0,0,0,0,0,0,0,116000,0,0,0,316000,200000,116000,116000
063007,儒鴻元大9B購01  ,0,0,0,0,0,0,0,0,0,116000,0,0,0,136000,20000,116000,116000
064912,國巨統一01購09  ,0,0,0,0,0,0,0,0,0,116000,0,0,0,116000,0,116000,116000
064179,上銀富邦01購01  ,0,0,0,0,0,0,0,0,0,116000,0,0,0,746000,630000,116000,116000
065376,京鼎元大9C購02  ,0,0,0,0,0,0,0,0,0,116000,0,0,0,196000,80000,116000,116000
065685,同欣電統一01購04,0,0,0,0,0,0,0,0,0,116000,0,0,0,194000,78000,116000,116000
063454,瑞儀統一9B購01  ,0,0,0,0,0,0,0,0,0,115000,0,0,0,141000,26000,115000,115000
059954,華新科康和99購01,0,0,0,0,0,0,0,0,0,115000,0,0,0,134000,19000,115000,115000
060409,味全永豐9A購01  ,0,0,0,0,0,0,0,0,0,115000,0,0,0,151000,36000,115000,115000
066550,國泰金元大01購01,0,0,0,0,0,0,0,0,0,115000,0,0,0,115000,0,115000,115000
065549,智邦凱基9C購03  ,0,0,0,0,0,0,0,0,0,115000,0,0,0,134000,19000,115000,115000
055486,國巨元大98購06  ,0,0,0,0,0,0,0,0,0,114000,0,0,0,114000,0,114000,114000
057454,上銀國泰99購02  ,0,0,0,0,0,0,0,0,0,114000,0,0,0,118000,4000,114000,114000
061707,超眾國票9B購01  ,0,0,0,0,0,0,0,0,0,114000,0,0,0,194000,80000,114000,114000
063788,矽創統一02購01  ,0,0,0,0,0,0,0,0,0,114000,0,0,0,120000,6000,114000,114000
066021,華通群益02購03  ,0,0,0,0,0,0,0,0,0,114000,0,0,0,145000,31000,114000,114000
4934,太極            ,187000,73000,114000,0,0,0,0,0,0,0,0,0,0,0,0,0,114000
07471P,南亞科元大9A售01,0,0,0,0,0,0,0,0,0,113000,0,0,0,113000,0,113000,113000
056397,彩晶永豐99購01  ,0,0,0,0,0,0,0,0,0,113000,0,0,0,113000,0,113000,113000
063090,道瓊反中信9C購02,0,0,0,0,0,0,0,0,0,113000,0,0,0,300000,187000,113000,113000
061741,新光金凱基9B購01,0,0,0,0,0,0,0,0,0,113000,0,0,0,113000,0,113000,113000
064275,台光電元大9C購03,0,0,0,0,0,0,0,0,0,113000,0,0,0,173000,60000,113000,113000
066382,拓凱康和01購01  ,0,0,0,0,0,0,0,0,0,113000,0,0,0,215000,102000,113000,113000
067234,正崴群益01購01  ,0,0,0,0,0,0,0,0,0,112000,0,0,0,112000,0,112000,112000
067977,中磊群益01購02  ,0,0,0,0,0,0,0,0,0,111000,0,0,0,111000,0,111000,111000
08708P,華通台新01售01  ,0,0,0,0,0,0,0,0,0,111000,0,0,0,114000,3000,111000,111000
055259,玉晶光統一9A購01,0,0,0,0,0,0,0,0,0,111000,0,0,0,111000,0,111000,111000
056635,亞德客日盛99購01,0,0,0,0,0,0,0,0,0,111000,0,0,0,111000,0,111000,111000
060813,高鐵凱基9A購01  ,0,0,0,0,0,0,0,0,0,111000,0,0,0,111000,0,111000,111000
058299,同欣電凱基9A購01,0,0,0,0,0,0,0,0,0,111000,0,0,0,111000,0,111000,111000
060187,華新科元富9A購02,0,0,0,0,0,0,0,0,0,111000,0,0,0,201000,90000,111000,111000
060571,京元電永豐9A購01,0,0,0,0,0,0,0,0,0,111000,0,0,0,201000,90000,111000,111000
060432,達方永豐9A購01  ,0,0,0,0,0,0,0,0,0,111000,0,0,0,345000,234000,111000,111000
066356,嘉基永豐01購01  ,0,0,0,0,0,0,0,0,0,111000,0,0,0,414000,303000,111000,111000
066143,惠特群益01購01  ,0,0,0,0,0,0,0,0,0,111000,0,0,0,240000,129000,111000,111000
065403,健鼎國泰02購01  ,0,0,0,0,0,0,0,0,0,111000,0,0,0,111000,0,111000,111000
065400,華擎群益01購02  ,0,0,0,0,0,0,0,0,0,111000,0,0,0,111000,0,111000,111000
065096,世芯元大9C購03  ,0,0,0,0,0,0,0,0,0,111000,0,0,0,120000,9000,111000,111000
064817,鈺齊元大9C購02  ,0,0,0,0,0,0,0,0,0,111000,0,0,0,124000,13000,111000,111000
1592,英瑞-KY         ,150000,39000,111000,0,0,0,0,0,0,0,0,0,0,0,0,0,111000
08995P,台灣50群益01售12,0,0,0,0,0,0,0,0,0,111000,0,0,0,136000,25000,111000,111000
08864P,欣興元大01售01  ,0,0,0,0,0,0,0,0,0,111000,0,0,0,205000,94000,111000,111000
08615P,同欣電統一9C售02,0,0,0,0,0,0,0,0,0,110000,0,0,0,110000,0,110000,110000
06925P,致茂群益9A售02  ,0,0,0,0,0,0,0,0,0,110000,0,0,0,170000,60000,110000,110000
067718,鴻海凱基01購09  ,0,0,0,0,0,0,0,0,0,110000,0,0,0,135000,25000,110000,110000
067294,中磊兆豐03購01  ,0,0,0,0,0,0,0,0,0,110000,0,0,0,113000,3000,110000,110000
054539,欣興國票98購01  ,0,0,0,0,0,0,0,0,0,110000,0,0,0,110000,0,110000,110000
061470,鈺齊群益9A購02  ,0,0,0,0,0,0,0,0,0,110000,0,0,0,110000,0,110000,110000
064548,漢翔凱基9C購01  ,0,0,0,0,0,0,0,0,0,110000,0,0,0,110000,0,110000,110000
061807,元金2X統一9B購01,0,0,0,0,0,0,0,0,0,110000,0,0,0,110000,0,110000,110000
062294,盛群永豐9B購01  ,0,0,0,0,0,0,0,0,0,110000,0,0,0,110000,0,110000,110000
06564P,國巨富邦9A售04  ,0,0,0,0,0,0,0,0,0,110000,0,0,0,110000,0,110000,110000
06631P,玉晶光群益9A售03,0,0,0,0,0,0,0,0,0,110000,0,0,0,110000,0,110000,110000
066444,華擎群益01購03  ,0,0,0,0,0,0,0,0,0,110000,0,0,0,110000,0,110000,110000
066756,長興永豐01購02  ,0,0,0,0,0,0,0,0,0,110000,0,0,0,110000,0,110000,110000
1447,力鵬            ,215000,99000,116000,0,0,0,0,0,0,-6000,0,6000,-6000,0,0,0,110000
067827,富邦金兆豐03購01,0,0,0,0,0,0,0,0,0,109000,0,0,0,176000,67000,109000,109000
058054,台積電統一9C購01,0,0,0,0,0,0,0,0,0,109000,0,0,0,130000,21000,109000,109000
059425,SGBR2X元大9A購02,0,0,0,0,0,0,0,0,0,109000,0,0,0,150000,41000,109000,109000
063778,亞德客永豐9B購02,0,0,0,0,0,0,0,0,0,109000,0,0,0,124000,15000,109000,109000
061612,南六統一9A購01  ,0,0,0,0,0,0,0,0,0,109000,0,0,0,309000,200000,109000,109000
065931,瑞祺國票02購01  ,0,0,0,0,0,0,0,0,0,109000,0,0,0,109000,0,109000,109000
065597,旺宏元大01購03  ,0,0,0,0,0,0,0,0,0,109000,0,0,0,131000,22000,109000,109000
065457,旭富元富03購01  ,0,0,0,0,0,0,0,0,0,109000,0,0,0,109000,0,109000,109000
064922,玉晶光統一01購10,0,0,0,0,0,0,0,0,0,109000,0,0,0,114000,5000,109000,109000
064198,超眾群益9C購01  ,0,0,0,0,0,0,0,0,0,109000,0,0,0,109000,0,109000,109000
067762,康舒永豐01購02  ,0,0,0,0,0,0,0,0,0,108000,0,0,0,447000,339000,108000,108000
068220,聯發科統一04購01,0,0,0,0,0,0,0,0,0,108000,0,0,0,288000,180000,108000,108000
08514P,華新科凱基9C售05,0,0,0,0,0,0,0,0,0,108000,0,0,0,148000,40000,108000,108000
08795P,聯發科凱基01售11,0,0,0,0,0,0,0,0,0,108000,0,0,0,108000,0,108000,108000
060105,牧德元大9B購01  ,0,0,0,0,0,0,0,0,0,108000,0,0,0,108000,0,108000,108000
061663,南六永豐9A購05  ,0,0,0,0,0,0,0,0,0,108000,0,0,0,110000,2000,108000,108000
064312,大立光群益01購01,0,0,0,0,0,0,0,0,0,108000,0,0,0,108000,0,108000,108000
061177,大立光凱基9A購10,0,0,0,0,0,0,0,0,0,108000,0,0,0,113000,5000,108000,108000
062229,南六統一9B購01  ,0,0,0,0,0,0,0,0,0,108000,0,0,0,268000,160000,108000,108000
063812,智邦群益9C購02  ,0,0,0,0,0,0,0,0,0,108000,0,0,0,108000,0,108000,108000
066846,京鼎元大01購03  ,0,0,0,0,0,0,0,0,0,108000,0,0,0,128000,20000,108000,108000
066317,英利永豐01購01  ,0,0,0,0,0,0,0,0,0,107000,0,0,0,165000,58000,107000,107000
065750,智邦元大9C購09  ,0,0,0,0,0,0,0,0,0,107000,0,0,0,188000,81000,107000,107000
2537,聯上發          ,149000,42000,107000,0,0,0,0,0,0,0,0,0,0,0,0,0,107000
2062,橋椿            ,161000,54000,107000,0,0,0,0,0,0,0,0,0,0,0,0,0,107000
067714,上銀凱基01購01  ,0,0,0,0,0,0,0,0,0,106000,0,0,0,116000,10000,106000,106000
063714,超眾凱基9B購03  ,0,0,0,0,0,0,0,0,0,106000,0,0,0,122000,16000,106000,106000
063148,建準元富9B購01  ,0,0,0,0,0,0,0,0,0,106000,0,0,0,217000,111000,106000,106000
064852,智邦台新9C購04  ,0,0,0,0,0,0,0,0,0,106000,0,0,0,108000,2000,106000,106000
08550P,台灣50群益02售04,0,0,0,0,0,0,0,0,0,105000,0,0,0,320000,215000,105000,105000
00714,群益道瓊美國地產,22000,1000,21000,0,0,0,0,0,0,84000,0,0,0,84000,0,84000,105000
063440,上銀統一01購02  ,0,0,0,0,0,0,0,0,0,105000,0,0,0,263000,158000,105000,105000
062999,聯茂國票9C購01  ,0,0,0,0,0,0,0,0,0,105000,0,0,0,105000,0,105000,105000
061962,台積電統一01購03,0,0,0,0,0,0,0,0,0,105000,0,0,0,122000,17000,105000,105000
064732,GIS統一01購03   ,0,0,0,0,0,0,0,0,0,105000,0,0,0,219000,114000,105000,105000
07748P,茂林凱基9A售04  ,0,0,0,0,0,0,0,0,0,104000,0,0,0,116000,12000,104000,104000
067836,聯發科統一03購05,0,0,0,0,0,0,0,0,0,104000,0,0,0,174000,70000,104000,104000
067960,帆宣永豐01購01  ,0,0,0,0,0,0,0,0,0,104000,0,0,0,198000,94000,104000,104000
059847,喬山永豐99購01  ,0,0,0,0,0,0,0,0,0,104000,0,0,0,129000,25000,104000,104000
058150,中502X統一9B購01,0,0,0,0,0,0,0,0,0,104000,0,0,0,106000,2000,104000,104000
063639,華擎元大9C購03  ,0,0,0,0,0,0,0,0,0,104000,0,0,0,340000,236000,104000,104000
061138,晶技統一9C購01  ,0,0,0,0,0,0,0,0,0,104000,0,0,0,137000,33000,104000,104000
064924,健策統一9C購05  ,0,0,0,0,0,0,0,0,0,104000,0,0,0,233000,129000,104000,104000
065046,玉晶光凱基01購03,0,0,0,0,0,0,0,0,0,104000,0,0,0,120000,16000,104000,104000
065156,可成群益01購02  ,0,0,0,0,0,0,0,0,0,104000,0,0,0,104000,0,104000,104000
066825,智邦群益01購03  ,0,0,0,0,0,0,0,0,0,104000,0,0,0,104000,0,104000,104000
068201,玉晶光凱基02購07,0,0,0,0,0,0,0,0,0,103000,0,0,0,110000,7000,103000,103000
067208,瑞昱元大01購03  ,0,0,0,0,0,0,0,0,0,103000,0,0,0,439000,336000,103000,103000
067022,台虹中信01購01  ,0,0,0,0,0,0,0,0,0,103000,0,0,0,105000,2000,103000,103000
067548,亞德客中信03購01,0,0,0,0,0,0,0,0,0,103000,0,0,0,306000,203000,103000,103000
08716P,台積電兆豐01售02,0,0,0,0,0,0,0,0,0,103000,0,0,0,113000,10000,103000,103000
056136,京鼎元大98購01  ,0,0,0,0,0,0,0,0,0,103000,0,0,0,203000,100000,103000,103000
03008P,玉晶光中信01售01,0,0,0,0,0,0,0,0,0,103000,0,0,0,105000,2000,103000,103000
060388,世紀鋼凱基9B購01,0,0,0,0,0,0,0,0,0,103000,0,0,0,254000,151000,103000,103000
064538,鈺齊國票01購01  ,0,0,0,0,0,0,0,0,0,103000,0,0,0,103000,0,103000,103000
063162,國喬永豐9B購01  ,0,0,0,0,0,0,0,0,0,103000,0,0,0,103000,0,103000,103000
066675,滬深2X兆豐03購01,0,0,0,0,0,0,0,0,0,103000,0,0,0,103000,0,103000,103000
066437,台泥群益02購01  ,0,0,0,0,0,0,0,0,0,103000,0,0,0,130000,27000,103000,103000
066421,國產元大01購01  ,0,0,0,0,0,0,0,0,0,103000,0,0,0,103000,0,103000,103000
065441,義隆麥證9C購01  ,0,0,0,127000,34000,93000,0,0,0,103000,0,0,0,137000,34000,103000,103000
065586,嘉聯益富邦03購01,0,0,0,0,0,0,0,0,0,103000,0,0,0,103000,0,103000,103000
064949,南亞科凱基9C購01,0,0,0,0,0,0,0,0,0,103000,0,0,0,103000,0,103000,103000
064861,緯創富邦9C購01  ,0,0,0,0,0,0,0,0,0,103000,0,0,0,103000,0,103000,103000
064818,華新統一01購01  ,0,0,0,0,0,0,0,0,0,103000,0,0,0,103000,0,103000,103000
1802,台玻            ,1227000,1079000,148000,0,0,0,0,0,0,-45000,0,1000,-1000,0,44000,-44000,103000
08461P,長榮航國票9C售01,0,0,0,0,0,0,0,0,0,102000,0,0,0,302000,200000,102000,102000
08159P,日月光元富9B售01,0,0,0,0,0,0,0,0,0,102000,0,0,0,155000,53000,102000,102000
067078,京鼎元大01購04  ,0,0,0,0,0,0,0,0,0,102000,0,0,0,122000,20000,102000,102000
062233,神隆凱基9B購01  ,0,0,0,0,0,0,0,0,0,102000,0,0,0,152000,50000,102000,102000
061638,國泰金元大9A購03,0,0,0,0,0,0,0,0,0,102000,0,0,0,112000,10000,102000,102000
060596,元黃金凱基9A購02,0,0,0,0,0,0,0,0,0,102000,0,0,0,109000,7000,102000,102000
061033,台光電永豐9A購01,0,0,0,0,0,0,0,0,0,102000,0,0,0,185000,83000,102000,102000
065239,超眾凱基02購02  ,0,0,0,0,0,0,0,0,0,102000,0,0,0,122000,20000,102000,102000
1417,嘉裕            ,143000,41000,102000,0,0,0,0,0,0,0,0,0,0,0,0,0,102000
067114,京鼎群益02購04  ,0,0,0,0,0,0,0,0,0,101000,0,0,0,101000,0,101000,101000
067747,同欣電元大01購04,0,0,0,0,0,0,0,0,0,101000,0,0,0,206000,105000,101000,101000
08633P,聯發科元大9C售20,0,0,0,0,0,0,0,0,0,101000,0,0,0,200000,99000,101000,101000
054885,建準統一98購01  ,0,0,0,0,0,0,0,0,0,101000,0,0,0,101000,0,101000,101000
054890,聯鈞統一99購01  ,0,0,0,0,0,0,0,0,0,101000,0,0,0,101000,0,101000,101000
056605,台積電富邦9B購02,0,0,0,0,0,0,0,0,0,101000,0,0,0,101000,0,101000,101000
061984,華新科元大9B購05,0,0,0,0,0,0,0,0,0,101000,0,0,0,101000,0,101000,101000
061899,復盛永豐9B購01  ,0,0,0,0,0,0,0,0,0,101000,0,0,0,169000,68000,101000,101000
065411,旺宏永豐9C購02  ,0,0,0,0,0,0,0,0,0,101000,0,0,0,135000,34000,101000,101000
064914,友達統一02購03  ,0,0,0,0,0,0,0,0,0,101000,0,0,0,101000,0,101000,101000
066241,瑞祺富邦03購01  ,0,0,0,0,0,0,0,0,0,101000,0,0,0,201000,100000,101000,101000
08455P,台積電凱基9C售05,0,0,0,0,0,0,0,0,0,100000,0,0,0,100000,0,100000,100000
08726P,台積電群益01售07,0,0,0,0,0,0,0,0,0,100000,0,0,0,100000,0,100000,100000
08672P,聯發科統一01售09,0,0,0,0,0,0,0,0,0,100000,0,0,0,101000,1000,100000,100000
07660P,聯茂凱基9A售03  ,0,0,0,0,0,0,0,0,0,100000,0,0,0,128000,28000,100000,100000
07442P,華航康和9A售02  ,0,0,0,0,0,0,0,0,0,100000,0,0,0,100000,0,100000,100000
07504P,聯詠元大9A售02  ,0,0,0,0,0,0,0,0,0,100000,0,0,0,100000,0,100000,100000
07544P,大立光凱基9A售09,0,0,0,0,0,0,0,0,0,100000,0,0,0,100000,0,100000,100000
068335,牧德元大03購02  ,0,0,0,0,0,0,0,0,0,100000,0,0,0,100000,0,100000,100000
068256,彩晶元大03購01  ,0,0,0,0,0,0,0,0,0,100000,0,0,0,200000,100000,100000,100000
068174,華新科中信01購01,0,0,0,0,0,0,0,0,0,100000,0,0,0,114000,14000,100000,100000
067066,鴻海元大01購15  ,0,0,0,0,0,0,0,0,0,100000,0,0,0,130000,30000,100000,100000
067259,聯茂國票02購01  ,0,0,0,0,0,0,0,0,0,100000,0,0,0,100000,0,100000,100000
056723,國巨中信9A購01  ,0,0,0,0,0,0,0,0,0,100000,0,0,0,100000,0,100000,100000
048847,A50群益98購01   ,0,0,0,0,0,0,0,0,0,100000,0,0,0,100000,0,100000,100000
00634R,富邦上証反1     ,1000,200000,-199000,0,0,0,0,0,0,299000,700000,0,700000,482000,883000,-401000,100000
054350,美律國泰98購01  ,0,0,0,0,0,0,0,0,0,100000,0,0,0,100000,0,100000,100000
055736,宏達電元富99購01,0,0,0,0,0,0,0,0,0,100000,0,0,0,100000,0,100000,100000
055597,禾伸堂元大98購02,0,0,0,0,0,0,0,0,0,100000,0,0,0,100000,0,100000,100000
056365,欣興元大98購01  ,0,0,0,0,0,0,0,0,0,100000,0,0,0,100000,0,100000,100000
056917,國巨兆豐98購03  ,0,0,0,0,0,0,0,0,0,100000,0,0,0,100000,0,100000,100000
058154,泰碩統一9A購01  ,0,0,0,0,0,0,0,0,0,100000,0,0,0,152000,52000,100000,100000
058147,鈺齊元大99購01  ,0,0,0,0,0,0,0,0,0,100000,0,0,0,111000,11000,100000,100000
060019,彰銀康和99購01  ,0,0,0,0,0,0,0,0,0,100000,0,0,0,100000,0,100000,100000
059091,中信金元大99購01,0,0,0,0,0,0,0,0,0,100000,0,0,0,120000,20000,100000,100000
057179,可成元大98購04  ,0,0,0,0,0,0,0,0,0,100000,0,0,0,100000,0,100000,100000
059876,智易凱基99購02  ,0,0,0,0,0,0,0,0,0,100000,0,0,0,100000,0,100000,100000
063527,美食凱基01購01  ,0,0,0,0,0,0,0,0,0,100000,0,0,0,138000,38000,100000,100000
059426,鴻海元大99購31  ,0,0,0,0,0,0,0,0,0,100000,0,0,0,100000,0,100000,100000
059313,元石油元大99購06,0,0,0,0,0,0,0,0,0,100000,0,0,0,100000,0,100000,100000
058919,SGBR2X元富99購05,0,0,0,0,0,0,0,0,0,100000,0,0,0,100000,0,100000,100000
058850,華新科群益99購03,0,0,0,0,0,0,0,0,0,100000,0,0,0,108000,8000,100000,100000
061766,華新科元大9B購02,0,0,0,0,0,0,0,0,0,100000,0,0,0,100000,0,100000,100000
061834,華新科凱基02購02,0,0,0,0,0,0,0,0,0,100000,0,0,0,100000,0,100000,100000
062831,嘉澤群益9B購01  ,0,0,0,0,0,0,0,0,0,100000,0,0,0,100000,0,100000,100000
062806,世芯統一02購01  ,0,0,0,0,0,0,0,0,0,100000,0,0,0,100000,0,100000,100000
062561,瀚宇博凱基9B購01,0,0,0,0,0,0,0,0,0,100000,0,0,0,344000,244000,100000,100000
060666,聯茂凱基9A購02  ,0,0,0,0,0,0,0,0,0,100000,0,0,0,100000,0,100000,100000
060668,上証2X元大9A購02,0,0,0,0,0,0,0,0,0,100000,0,0,0,100000,0,100000,100000
061168,力成兆豐9A購01  ,0,0,0,0,0,0,0,0,0,100000,0,0,0,100000,0,100000,100000
061389,華新科群益9B購01,0,0,0,0,0,0,0,0,0,100000,0,0,0,100000,0,100000,100000
060833,道瓊反國票9A購01,0,0,0,0,0,0,0,0,0,100000,0,0,0,100000,0,100000,100000
064567,晶技群益01購01  ,0,0,0,0,0,0,0,0,0,100000,0,0,0,100000,0,100000,100000
066209,聯鈞統一03購01  ,0,0,0,0,0,0,0,0,0,100000,0,0,0,100000,0,100000,100000
066064,T50反1凱基03購03,0,0,0,0,0,0,0,0,0,100000,0,0,0,100000,0,100000,100000
066056,聯鈞元大01購02  ,0,0,0,0,0,0,0,0,0,100000,0,0,0,100000,0,100000,100000
065764,康友元大9C購02  ,0,0,0,0,0,0,0,0,0,100000,0,0,0,100000,0,100000,100000
066929,國巨國票02購03  ,0,0,0,0,0,0,0,0,0,100000,0,0,0,100000,0,100000,100000
066911,牧德凱基02購01  ,0,0,0,0,0,0,0,0,0,100000,0,0,0,100000,0,100000,100000
063838,上銀元大9C購01  ,0,0,0,0,0,0,0,0,0,100000,0,0,0,200000,100000,100000,100000
065650,旭富元大9C購07  ,0,0,0,0,0,0,0,0,0,100000,0,0,0,100000,0,100000,100000
2419,仲琦            ,45000,56000,-11000,0,0,0,0,0,0,111000,0,1000,-1000,112000,0,112000,100000
067487,京鼎元大01購06  ,0,0,0,0,0,0,0,0,0,99000,0,0,0,99000,0,99000,99000
068110,華新元富03購01  ,0,0,0,0,0,0,0,0,0,99000,0,0,0,436000,337000,99000,99000
067792,GIS群益02購02   ,0,0,0,0,0,0,0,0,0,99000,0,0,0,131000,32000,99000,99000
067873,神達元大01購03  ,0,0,0,0,0,0,0,0,0,99000,0,0,0,100000,1000,99000,99000
068460,健策國票03購02  ,0,0,0,0,0,0,0,0,0,99000,0,0,0,108000,9000,99000,99000
07392P,台積電國泰02售01,0,0,0,0,0,0,0,0,0,99000,0,0,0,99000,0,99000,99000
08643P,和碩群益9C售02  ,0,0,0,0,0,0,0,0,0,99000,0,0,0,169000,70000,99000,99000
057770,亞德客群益98購01,0,20000,-20000,0,0,0,0,0,0,119000,0,0,0,129000,10000,119000,99000
057110,立積群益98購01  ,0,0,0,0,0,0,0,0,0,99000,0,0,0,99000,0,99000,99000
056341,宏達電凱基9A購01,0,0,0,0,0,0,0,0,0,99000,0,0,0,99000,0,99000,99000
061697,世紀鋼群益9A購03,0,0,0,0,0,0,0,0,0,99000,0,0,0,149000,50000,99000,99000
061676,新光金元大9A購03,0,0,0,0,0,0,0,0,0,99000,0,0,0,200000,101000,99000,99000
060430,和潤永豐9A購01  ,0,0,0,0,0,0,0,0,0,99000,0,0,0,99000,0,99000,99000
062844,T50反1國泰9C購01,0,0,0,0,0,0,0,0,0,99000,0,0,0,100000,1000,99000,99000
063107,矽創群益9B購01  ,0,0,0,0,0,0,0,0,0,99000,0,0,0,111000,12000,99000,99000
062645,國巨國泰9B購08  ,0,0,0,0,0,0,0,0,0,99000,0,0,0,100000,1000,99000,99000
066702,開發金群益03購01,0,0,0,0,0,0,0,0,0,99000,0,0,0,119000,20000,99000,99000
066572,台郡元大01購02  ,0,0,0,0,0,0,0,0,0,99000,0,0,0,99000,0,99000,99000
067536,大立光群益01購09,0,0,0,0,0,0,0,0,0,98000,0,0,0,98000,0,98000,98000
067561,晶技國票02購01  ,0,0,0,0,0,0,0,0,0,98000,0,0,0,110000,12000,98000,98000
058507,美律元大9A購01  ,0,0,0,0,0,0,0,0,0,98000,0,0,0,298000,200000,98000,98000
063403,鈺齊群益9B購01  ,0,0,0,0,0,0,0,0,0,98000,0,0,0,100000,2000,98000,98000
062382,燿華國泰9C購01  ,0,0,0,0,0,0,0,0,0,98000,0,0,0,182000,84000,98000,98000
061417,力成群益9A購01  ,0,0,0,0,0,0,0,0,0,98000,0,0,0,98000,0,98000,98000
061247,玉晶光群益9A購09,0,0,0,0,0,0,0,0,0,98000,0,0,0,113000,15000,98000,98000
066338,德律永豐01購01  ,0,0,0,0,0,0,0,0,0,98000,0,0,0,118000,20000,98000,98000
066795,台積電凱基02購07,0,0,0,0,0,0,0,0,0,98000,0,0,0,110000,12000,98000,98000
064938,華新科元富9C購01,0,0,0,0,0,0,0,0,0,98000,0,0,0,98000,0,98000,98000
3060,銘異            ,132000,32000,100000,0,0,0,0,0,0,-2000,1000,3000,-2000,0,0,0,98000
067127,台虹富邦03購01  ,0,0,0,0,0,0,0,0,0,97000,0,0,0,100000,3000,97000,97000
068185,嘉聯益群益01購01,0,0,0,0,0,0,0,0,0,97000,0,0,0,334000,237000,97000,97000
063427,南六凱基9B購04  ,0,0,0,0,0,0,0,0,0,97000,0,0,0,130000,33000,97000,97000
058673,華新科群益9A購02,0,0,0,0,0,0,0,0,0,97000,0,0,0,100000,3000,97000,97000
00728,第一金工業30    ,2000,0,2000,0,0,0,0,0,0,95000,0,0,0,304000,209000,95000,97000
063128,智伸科元大9B購01,0,0,0,0,0,0,0,0,0,97000,0,0,0,103000,6000,97000,97000
063038,富邦金凱基9B購02,0,0,0,0,0,0,0,0,0,97000,0,0,0,136000,39000,97000,97000
063981,貿聯兆豐9C購01  ,0,0,0,0,0,0,0,0,0,97000,0,0,0,213000,116000,97000,97000
066910,華擎凱基01購03  ,0,0,0,0,0,0,0,0,0,97000,0,0,0,115000,18000,97000,97000
067986,亞德客元大01購04,0,0,0,0,0,0,0,0,0,96000,0,0,0,350000,254000,96000,96000
067744,神達元大01購02  ,0,0,0,0,0,0,0,0,0,96000,0,0,0,96000,0,96000,96000
067390,聯詠元富07購02  ,0,0,0,0,0,0,0,0,0,96000,0,0,0,248000,152000,96000,96000
056783,國巨群益99購01  ,0,0,0,0,0,0,0,0,0,96000,0,0,0,135000,39000,96000,96000
062331,大立光統一9B購10,0,0,0,0,0,0,0,0,0,96000,0,0,0,100000,4000,96000,96000
063645,瑞儀元大9B購02  ,0,0,0,0,0,0,0,0,0,96000,0,0,0,105000,9000,96000,96000
062219,燿華統一9B購01  ,0,0,0,0,0,0,0,0,0,96000,0,0,0,221000,125000,96000,96000
062227,南六統一01購02  ,0,0,0,0,0,0,0,0,0,96000,0,0,0,96000,0,96000,96000
061480,泰碩元大9B購01  ,0,0,0,0,0,0,0,0,0,96000,0,0,0,151000,55000,96000,96000
064023,智邦元大9C購02  ,0,0,0,0,0,0,0,0,0,96000,0,0,0,112000,16000,96000,96000
064666,華新科元大02購01,0,0,0,0,0,0,0,0,0,96000,0,0,0,100000,4000,96000,96000
065048,世芯凱基01購01  ,0,0,0,0,0,0,0,0,0,96000,0,0,0,96000,0,96000,96000
068139,亞德客元大01購05,0,0,0,0,0,0,0,0,0,95000,0,0,0,240000,145000,95000,95000
08705P,臺股指群益01售02,0,0,0,0,0,0,0,0,0,95000,0,0,0,95000,0,95000,95000
08809P,台灣50群益01售07,0,0,0,0,0,0,0,0,0,95000,0,0,0,953000,858000,95000,95000
08751P,友達群益01售01  ,50000,0,50000,0,0,0,0,0,0,45000,0,0,0,108000,63000,45000,95000
08035P,國巨群益9C售04  ,0,0,0,0,0,0,0,0,0,95000,0,0,0,100000,5000,95000,95000
08236P,國巨富邦03售01  ,0,0,0,0,0,0,0,0,0,95000,0,0,0,95000,0,95000,95000
056724,臻鼎中信9A購01  ,0,0,0,0,0,0,0,0,0,95000,0,0,0,121000,26000,95000,95000
057278,可成元大98購06  ,0,0,0,0,0,0,0,0,0,95000,0,0,0,95000,0,95000,95000
059849,興勤永豐99購01  ,0,0,0,0,0,0,0,0,0,95000,0,0,0,95000,0,95000,95000
060188,華新科元富9A購03,0,0,0,0,0,0,0,0,0,95000,0,0,0,95000,0,95000,95000
061577,泰碩元大9A購03  ,0,0,0,0,0,0,0,0,0,95000,0,0,0,100000,5000,95000,95000
065225,神隆凱基01購01  ,0,0,0,0,0,0,0,0,0,95000,0,0,0,95000,0,95000,95000
06552P,茂林元大99售02  ,0,0,0,0,0,0,0,0,0,95000,0,0,0,325000,230000,95000,95000
066466,晶碩統一02購01  ,0,0,0,0,0,0,0,0,0,95000,0,0,0,95000,0,95000,95000
066556,和鑫元大01購01  ,0,0,0,0,0,0,0,0,0,95000,0,0,0,105000,10000,95000,95000
066307,華城永豐01購01  ,0,0,0,0,0,0,0,0,0,95000,0,0,0,98000,3000,95000,95000
068211,樺漢凱基01購02  ,0,0,0,0,0,0,0,0,0,94000,0,0,0,97000,3000,94000,94000
068059,宏碁中信03購01  ,0,0,0,0,0,0,0,0,0,94000,0,0,0,94000,0,94000,94000
06744P,嘉聯益永豐98售03,0,0,0,0,0,0,0,0,0,94000,0,0,0,154000,60000,94000,94000
058259,訊連國泰9B購01  ,0,0,0,0,0,0,0,0,0,94000,0,0,0,94000,0,94000,94000
059359,精元永豐99購01  ,0,0,0,0,0,0,0,0,0,94000,0,0,0,114000,20000,94000,94000
062885,臻鼎兆豐9C購01  ,0,0,0,0,0,0,0,0,0,94000,0,0,0,94000,0,94000,94000
064421,技嘉兆豐01購01  ,0,0,0,0,0,0,0,0,0,94000,0,0,0,155000,61000,94000,94000
064257,台勝科國泰01購01,0,0,0,0,0,0,0,0,0,94000,0,0,0,144000,50000,94000,94000
061367,瑞祺國票9A購01  ,0,0,0,0,0,0,0,0,0,94000,0,0,0,109000,15000,94000,94000
060387,盛群凱基9A購01  ,0,0,0,0,0,0,0,0,0,94000,0,0,0,204000,110000,94000,94000
060806,華新科群益9A購03,0,0,0,0,0,0,0,0,0,94000,0,0,0,95000,1000,94000,94000
065856,中租元大9C購03  ,0,0,0,0,0,0,0,0,0,94000,0,0,0,155000,61000,94000,94000
065199,華擎元富03購01  ,0,0,0,0,0,0,0,0,0,94000,0,0,0,96000,2000,94000,94000
067369,瑞昱統一01購07  ,0,0,0,0,0,0,0,0,0,93000,0,0,0,346000,253000,93000,93000
067315,京鼎元大01購05  ,0,0,0,0,0,0,0,0,0,93000,0,0,0,154000,61000,93000,93000
067180,為升凱基02購01  ,0,0,0,0,0,0,0,0,0,93000,0,0,0,155000,62000,93000,93000
057792,群創統一99購01  ,0,0,0,0,0,0,0,0,0,93000,0,0,0,163000,70000,93000,93000
063353,上銀元富9B購03  ,0,0,0,0,0,0,0,0,0,93000,0,0,0,385000,292000,93000,93000
061489,高鐵兆豐9A購01  ,0,0,0,0,0,0,0,0,0,93000,0,0,0,114000,21000,93000,93000
064441,嘉澤凱基9C購02  ,0,0,0,0,0,0,0,0,0,93000,0,0,0,175000,82000,93000,93000
062138,力成群益9B購01  ,0,0,0,0,0,0,0,0,0,93000,0,0,0,93000,0,93000,93000
061767,信邦元大9B購01  ,0,0,0,0,0,0,0,0,0,93000,0,0,0,103000,10000,93000,93000
6706,惠特            ,240000,164000,76000,0,0,0,0,33000,-33000,50000,0,8000,-8000,61000,3000,58000,93000
08822P,聯發科凱基01售12,0,0,0,0,0,0,0,0,0,93000,0,0,0,98000,5000,93000,93000
067184,聯發科凱基01購13,0,0,0,0,0,0,0,0,0,92000,0,0,0,92000,0,92000,92000
08061P,大毅國票9B售04  ,0,0,0,0,0,0,0,0,0,92000,0,0,0,140000,48000,92000,92000
062086,瑞祺元大9B購01  ,0,0,0,0,0,0,0,0,0,92000,0,0,0,92000,0,92000,92000
062153,智邦麥證9B購01  ,0,0,0,102000,0,102000,0,0,0,92000,0,0,0,102000,10000,92000,92000
062902,智邦元大9B購07  ,0,0,0,0,0,0,0,0,0,92000,0,0,0,114000,22000,92000,92000
061187,瀚宇博國泰9C購01,0,0,0,0,0,0,0,0,0,92000,0,0,0,128000,36000,92000,92000
065659,華新科永豐9C購04,0,0,0,0,0,0,0,0,0,92000,0,0,0,105000,13000,92000,92000
064892,台達電群益9C購02,0,0,0,0,0,0,0,0,0,92000,0,0,0,222000,130000,92000,92000
064215,康控凱基02購01  ,0,0,0,0,0,0,0,0,0,92000,0,0,0,173000,81000,92000,92000
066304,聯華永豐01購01  ,0,0,0,0,0,0,0,0,0,92000,0,0,0,205000,113000,92000,92000
066273,晶技元大01購02  ,0,0,0,0,0,0,0,0,0,92000,0,0,0,100000,8000,92000,92000
08891P,國巨元大01售11  ,0,0,0,0,0,0,0,0,0,92000,0,0,0,122000,30000,92000,92000
6491,晶碩            ,243000,48000,195000,0,0,0,0,100000,-100000,-3000,0,1000,-1000,4000,6000,-2000,92000
3032,偉訓            ,114000,21000,93000,0,0,0,0,0,0,-1000,0,1000,-1000,0,0,0,92000
068404,建準元富04購01  ,0,0,0,0,0,0,0,0,0,91000,0,0,0,176000,85000,91000,91000
067274,燿華統一03購01  ,0,0,0,0,0,0,0,0,0,91000,0,0,0,91000,0,91000,91000
068197,聯發科凱基01購19,0,0,0,0,0,0,0,0,0,91000,0,0,0,91000,0,91000,91000
067947,京鼎國泰03購01  ,0,0,0,0,0,0,0,0,0,91000,0,0,0,165000,74000,91000,91000
063390,嘉晶兆豐9B購01  ,0,0,0,0,0,0,0,0,0,91000,0,0,0,100000,9000,91000,91000
057542,上銀凱基99購01  ,0,0,0,0,0,0,0,0,0,91000,0,0,0,91000,0,91000,91000
058979,上銀凱基99購04  ,0,0,0,0,0,0,0,0,0,91000,0,0,0,101000,10000,91000,91000
00762,元大全球AI      ,0,0,0,0,0,0,0,0,0,91000,0,0,0,105000,14000,91000,91000
061267,玉山金凱基9B購01,0,0,0,0,0,0,0,0,0,91000,0,0,0,212000,121000,91000,91000
063608,力成凱基9B購03  ,0,0,0,0,0,0,0,0,0,91000,0,0,0,148000,57000,91000,91000
063713,麗豐凱基9B購01  ,0,0,0,0,0,0,0,0,0,91000,0,0,0,252000,161000,91000,91000
066161,力山凱基01購01  ,0,0,0,0,0,0,0,0,0,91000,0,0,0,106000,15000,91000,91000
066707,揚明光群益01購02,0,0,0,0,0,0,0,0,0,91000,0,0,0,125000,34000,91000,91000
065010,國巨國泰01購04  ,0,0,0,0,0,0,0,0,0,91000,0,0,0,121000,30000,91000,91000
067771,新光金統一03購01,0,0,0,0,0,0,0,0,0,90000,0,0,0,90000,0,90000,90000
067131,為升永豐01購01  ,0,0,0,0,0,0,0,0,0,90000,0,0,0,90000,0,90000,90000
06839P,玉晶光統一9A售05,0,0,0,0,0,0,0,0,0,90000,0,0,0,90000,0,90000,90000
06836P,玉晶光國票99售06,0,0,0,0,0,0,0,0,0,90000,0,0,0,190000,100000,90000,90000
07024P,臺股指永豐99售02,0,0,0,0,0,0,0,0,0,90000,0,0,0,100000,10000,90000,90000
08068P,宏達電國泰9C售01,0,0,0,0,0,0,0,0,0,90000,0,0,0,90000,0,90000,90000
08494P,世芯元大9C售02  ,0,0,0,0,0,0,0,0,0,90000,0,0,0,180000,90000,90000,90000
053083,中環元大99購01  ,0,0,0,0,0,0,0,0,0,90000,0,0,0,90000,0,90000,90000
057640,台積電元大98購16,0,0,0,0,0,0,0,0,0,90000,0,0,0,104000,14000,90000,90000
061947,旺宏群益9B購02  ,0,0,0,0,0,0,0,0,0,90000,0,0,0,90000,0,90000,90000
061275,臺股指凱基9A購25,0,0,0,0,0,0,0,0,0,90000,0,0,0,165000,75000,90000,90000
060835,亞德客國票9A購01,0,0,0,0,0,0,0,0,0,90000,0,0,0,123000,33000,90000,90000
060857,旭富富邦9B購01  ,0,0,0,0,0,0,0,0,0,90000,0,0,0,100000,10000,90000,90000
064429,鴻海凱基03購03  ,0,0,0,0,0,0,0,0,0,90000,0,0,0,96000,6000,90000,90000
064380,超眾元富9C購03  ,0,0,0,0,0,0,0,0,0,90000,0,0,0,92000,2000,90000,90000
064879,健策兆豐01購01  ,0,0,0,0,0,0,0,0,0,90000,0,0,0,106000,16000,90000,90000
066842,卜蜂元大01購01  ,0,0,0,0,0,0,0,0,0,90000,0,0,0,107000,17000,90000,90000
08932P,矽格元富01售01  ,0,0,0,0,0,0,0,0,0,90000,0,0,0,140000,50000,90000,90000
08655P,大立光群益02售02,0,0,0,0,0,0,0,0,0,89000,0,0,0,112000,23000,89000,89000
067284,華新科國票02購01,0,0,0,0,0,0,0,0,0,89000,0,0,0,89000,0,89000,89000
068100,喬山永豐01購01  ,0,0,0,0,0,0,0,0,0,89000,0,0,0,127000,38000,89000,89000
063515,香港2X凱基01購01,0,0,0,0,0,0,0,0,0,89000,0,0,0,106000,17000,89000,89000
061479,泰碩元大9A購02  ,0,0,0,0,0,0,0,0,0,89000,0,0,0,90000,1000,89000,89000
063783,儒鴻中信9C購01  ,0,0,0,0,0,0,0,0,0,89000,0,0,0,406000,317000,89000,89000
062835,瑞儀群益9B購01  ,0,0,0,0,0,0,0,0,0,89000,0,0,0,92000,3000,89000,89000
065704,華新科群益9C購05,0,0,0,0,0,0,0,0,0,89000,0,0,0,89000,0,89000,89000
065547,同欣電兆豐01購01,0,0,0,0,0,0,0,0,0,89000,0,0,0,89000,0,89000,89000
067772,超眾統一03購02  ,0,0,0,0,0,0,0,0,0,88000,0,0,0,93000,5000,88000,88000
07833P,大立光群益9B售02,0,0,0,0,0,0,0,0,0,88000,0,0,0,123000,35000,88000,88000
057638,上銀元大99購01  ,0,0,0,0,0,0,0,0,0,88000,0,0,0,113000,25000,88000,88000
059121,瑞儀永豐99購01  ,0,0,0,0,0,0,0,0,0,88000,0,0,0,119000,31000,88000,88000
059164,旺宏凱基99購06  ,0,0,0,0,0,0,0,0,0,88000,0,0,0,88000,0,88000,88000
058693,旭富國票9A購01  ,0,0,0,0,0,0,0,0,0,88000,0,0,0,88000,0,88000,88000
062849,中興電永豐9B購02,0,0,0,0,0,0,0,0,0,88000,0,0,0,192000,104000,88000,88000
062943,世芯凱基9B購03  ,0,0,0,0,0,0,0,0,0,88000,0,0,0,88000,0,88000,88000
062151,世紀鋼國票01購01,0,0,0,0,0,0,0,0,0,88000,0,0,0,88000,0,88000,88000
061545,華新科群益9A購09,0,0,0,0,0,0,0,0,0,88000,0,0,0,96000,8000,88000,88000
061508,南六國泰9C購02  ,0,0,0,0,0,0,0,0,0,88000,0,0,0,173000,85000,88000,88000
061869,智邦元大9B購01  ,0,0,0,0,0,0,0,0,0,88000,0,0,0,111000,23000,88000,88000
060762,長榮航元大9A購02,0,0,0,0,0,0,0,0,0,88000,0,0,0,88000,0,88000,88000
061045,儒鴻第一9A購01  ,0,0,0,0,0,0,0,0,0,88000,0,0,0,88000,0,88000,88000
064037,寶成元大9C購02  ,0,0,0,0,0,0,0,0,0,88000,0,0,0,93000,5000,88000,88000
065885,神達元富9C購01  ,0,0,0,0,0,0,0,0,0,88000,0,0,0,138000,50000,88000,88000
065950,正崴統一03購01  ,0,0,0,0,0,0,0,0,0,88000,0,0,0,99000,11000,88000,88000
065952,聯發科統一03購02,0,0,0,0,0,0,0,0,0,88000,0,0,0,88000,0,88000,88000
066335,潤泰全永豐01購01,0,0,0,0,0,0,0,0,0,88000,0,0,0,88000,0,88000,88000
08909P,華新科凱基01售04,0,0,0,0,0,0,0,0,0,88000,0,0,0,128000,40000,88000,88000
06954P,大立光元富99售01,0,0,0,0,0,0,0,0,0,87000,0,0,0,87000,0,87000,87000
068017,玉晶光國票01購09,0,0,0,0,0,0,0,0,0,87000,0,0,0,137000,50000,87000,87000
066996,拓凱國泰03購02  ,0,0,0,0,0,0,0,0,0,87000,0,0,0,87000,0,87000,87000
067290,金像電兆豐03購01,0,0,0,0,0,0,0,0,0,87000,0,0,0,87000,0,87000,87000
067430,中工凱基05購01  ,0,0,0,0,0,0,0,0,0,87000,0,0,0,87000,0,87000,87000
062040,玉晶光凱基01購01,0,0,0,0,0,0,0,0,0,87000,0,0,0,118000,31000,87000,87000
061914,台光電中信9B購01,0,0,0,0,0,0,0,0,0,87000,0,0,0,128000,41000,87000,87000
065987,大毅永豐01購01  ,0,0,0,0,0,0,0,0,0,87000,0,0,0,137000,50000,87000,87000
3338,泰碩            ,300000,217000,83000,0,0,0,0,0,0,4000,6000,28000,-22000,59000,33000,26000,87000
067240,聯陽群益01購02  ,0,0,0,0,0,0,0,0,0,86000,0,0,0,86000,0,86000,86000
068244,國巨元大01購15  ,0,0,0,0,0,0,0,0,0,86000,0,0,0,86000,0,86000,86000
08517P,奇力新群益9C售03,0,0,0,0,0,0,0,0,0,86000,0,0,0,87000,1000,86000,86000
08347P,大立光元大9C售16,0,0,0,0,0,0,0,0,0,86000,0,0,0,86000,0,86000,86000
061569,旺宏元大9A購14  ,0,0,0,0,0,0,0,0,0,86000,0,0,0,86000,0,86000,86000
064545,智邦凱基9C購02  ,0,0,0,0,0,0,0,0,0,86000,0,0,0,96000,10000,86000,86000
060617,華新科元大9A購08,0,0,0,0,0,0,0,0,0,86000,0,0,0,87000,1000,86000,86000
060879,華新科中信9A購02,0,0,0,0,0,0,0,0,0,86000,0,0,0,86000,0,86000,86000
065940,立積群益02購01  ,0,0,0,0,0,0,0,0,0,86000,0,0,0,86000,0,86000,86000
066057,華擎元大02購01  ,0,0,0,0,0,0,0,0,0,86000,0,0,0,146000,60000,86000,86000
066968,技嘉元富07購01  ,0,0,0,0,0,0,0,0,0,86000,0,0,0,90000,4000,86000,86000
064246,南六統一9C購02  ,0,0,0,0,0,0,0,0,0,86000,0,0,0,228000,142000,86000,86000
08462P,臻鼎國票9C售02  ,0,0,0,0,0,0,0,0,0,85000,0,0,0,93000,8000,85000,85000
067884,鴻海群益02購03  ,0,0,0,0,0,0,0,0,0,85000,0,0,0,85000,0,85000,85000
067128,華城永豐01購02  ,0,0,0,0,0,0,0,0,0,85000,0,0,0,146000,61000,85000,85000
067533,瑞昱群益01購02  ,0,0,0,0,0,0,0,0,0,85000,0,0,0,85000,0,85000,85000
063505,奇力新群益9B購03,0,0,0,0,0,0,0,0,0,85000,0,0,0,85000,0,85000,85000
063460,智邦元大9B購08  ,0,0,0,0,0,0,0,0,0,85000,0,0,0,162000,77000,85000,85000
052695,台表科中信98購01,0,0,0,0,0,0,0,0,0,85000,0,0,0,85000,0,85000,85000
056466,臺股指凱基99購08,0,0,0,0,0,0,0,0,0,85000,0,0,0,85000,0,85000,85000
060562,旺宏富邦9C購02  ,0,0,0,0,0,0,0,0,0,85000,0,0,0,85000,0,85000,85000
061939,中租國票9B購01  ,0,0,0,0,0,0,0,0,0,85000,0,0,0,92000,7000,85000,85000
063595,燿華中信9B購02  ,0,0,0,0,0,0,0,0,0,85000,0,0,0,85000,0,85000,85000
063698,上銀群益9B購05  ,0,0,0,0,0,0,0,0,0,85000,0,0,0,125000,40000,85000,85000
065583,超眾國泰02購01  ,0,0,0,0,0,0,0,0,0,85000,0,0,0,202000,117000,85000,85000
2545,皇翔            ,151000,66000,85000,0,0,0,0,0,0,0,0,0,0,0,0,0,85000
067148,燿華統一01購03  ,0,0,0,0,0,0,0,0,0,84000,0,0,0,84000,0,84000,84000
067894,玉晶光群益02購08,0,0,0,0,0,0,0,0,0,84000,0,0,0,122000,38000,84000,84000
067854,力成國票02購01  ,0,0,0,0,0,0,0,0,0,84000,0,0,0,88000,4000,84000,84000
067765,百和永豐01購01  ,0,0,0,0,0,0,0,0,0,84000,0,0,0,114000,30000,84000,84000
07590P,玉晶光國票9A售03,0,0,0,0,0,0,0,0,0,84000,0,0,0,164000,80000,84000,84000
063240,聯發科元大9B購17,0,0,0,0,0,0,0,0,0,84000,0,0,0,84000,0,84000,84000
057862,智邦凱基99購01  ,0,0,0,0,0,0,0,0,0,84000,0,0,0,84000,0,84000,84000
058786,元黃金元大99購01,0,0,0,0,0,0,0,0,0,84000,0,0,0,110000,26000,84000,84000
061790,中租群益9B購01  ,0,0,0,0,0,0,0,0,0,84000,0,0,0,133000,49000,84000,84000
062183,奇鋐元大9B購01  ,0,0,0,0,0,0,0,0,0,84000,0,0,0,88000,4000,84000,84000
062926,嘉澤國票9B購01  ,0,0,0,0,0,0,0,0,0,84000,0,0,0,84000,0,84000,84000
064314,信邦群益9C購01  ,0,0,0,0,0,0,0,0,0,84000,0,0,0,168000,84000,84000,84000
064348,TPK元大9C購03   ,0,0,0,0,0,0,0,0,0,84000,0,0,0,201000,117000,84000,84000
065263,國泰金元大9C購02,0,0,0,0,0,0,0,0,0,84000,0,0,0,84000,0,84000,84000
064190,新光金第一9C購01,0,0,0,0,0,0,0,0,0,84000,0,0,0,84000,0,84000,84000
064659,台達電元大9C購02,0,0,0,0,0,0,0,0,0,84000,0,0,0,155000,71000,84000,84000
066824,旺宏群益02購01  ,0,0,0,0,0,0,0,0,0,84000,0,0,0,194000,110000,84000,84000
066828,聯發科群益02購05,0,0,0,0,0,0,0,0,0,84000,0,0,0,84000,0,84000,84000
067319,眾達元大01購02  ,0,0,0,0,0,0,0,0,0,83000,0,0,0,224000,141000,83000,83000
058841,深中小群益01購01,0,0,0,0,0,0,0,0,0,83000,0,0,0,143000,60000,83000,83000
057850,上銀兆豐99購02  ,0,0,0,0,0,0,0,0,0,83000,0,0,0,83000,0,83000,83000
054353,世紀鋼國泰98購01,0,0,0,0,0,0,0,0,0,83000,0,0,0,90000,7000,83000,83000
060213,牧德康和9A購01  ,0,0,0,0,0,0,0,0,0,83000,0,0,0,95000,12000,83000,83000
063079,儒鴻凱基9B購01  ,0,0,0,0,0,0,0,0,0,83000,0,0,0,162000,79000,83000,83000
062089,矽創元大9B購02  ,0,0,0,0,0,0,0,0,0,83000,0,0,0,93000,10000,83000,83000
063715,鈺齊凱基9C購01  ,0,0,0,0,0,0,0,0,0,83000,0,0,0,83000,0,83000,83000
066719,滬深2X元大01購06,0,0,0,0,0,0,0,0,0,83000,0,0,0,916000,833000,83000,83000
066129,佳世達群益01購01,0,0,0,0,0,0,0,0,0,83000,0,0,0,100000,17000,83000,83000
064104,TPK群益9C購02   ,0,0,0,0,0,0,0,0,0,83000,0,0,0,88000,5000,83000,83000
3149,正達            ,105000,22000,83000,0,0,0,0,0,0,0,0,0,0,0,0,0,83000
06721P,臺股指中信9A售03,0,0,0,0,0,0,0,0,0,82000,0,0,0,241000,159000,82000,82000
068267,台積電永豐01購04,0,0,0,0,0,0,0,0,0,82000,0,0,0,2899000,2817000,82000,82000
053799,矽創中信9A購01  ,0,0,0,0,0,0,0,0,0,82000,0,0,0,142000,60000,82000,82000
059947,貿聯永豐99購03  ,0,0,0,0,0,0,0,0,0,82000,0,0,0,281000,199000,82000,82000
058075,貿聯凱基99購02  ,0,0,0,0,0,0,0,0,0,82000,0,0,0,94000,12000,82000,82000
058406,聯茂元大99購06  ,0,0,0,0,0,0,0,0,0,82000,0,0,0,112000,30000,82000,82000
058768,南港兆豐99購01  ,0,0,0,0,0,0,0,0,0,82000,0,0,0,82000,0,82000,82000
059265,美律中信01購01  ,0,0,0,0,0,0,0,0,0,82000,0,0,0,167000,85000,82000,82000
063049,上海銀兆豐9B購01,0,0,0,0,0,0,0,0,0,82000,0,0,0,93000,11000,82000,82000
063008,華通元大9B購06  ,0,0,0,0,0,0,0,0,0,82000,0,0,0,106000,24000,82000,82000
064255,泰碩國泰02購01  ,0,0,0,0,0,0,0,0,0,82000,0,0,0,233000,151000,82000,82000
065234,旭富凱基01購01  ,0,0,0,0,0,0,0,0,0,82000,0,0,0,112000,30000,82000,82000
3030,德律            ,178000,83000,95000,0,0,0,0,0,0,-13000,0,1000,-1000,0,12000,-12000,82000
067900,玉晶光群益02購14,0,0,0,0,0,0,0,0,0,81000,0,0,0,81000,0,81000,81000
067185,宏達電凱基02購01,0,0,0,0,0,0,0,0,0,81000,0,0,0,132000,51000,81000,81000
062346,智邦群益9B購02  ,0,0,0,0,0,0,0,0,0,81000,0,0,0,81000,0,81000,81000
063559,力山元大9B購04  ,0,0,0,0,0,0,0,0,0,81000,0,0,0,101000,20000,81000,81000
061886,力山國泰01購01  ,0,0,0,0,0,0,0,0,0,81000,0,0,0,143000,62000,81000,81000
061722,健策永豐9B購03  ,0,0,0,0,0,0,0,0,0,81000,0,0,0,154000,73000,81000,81000
060370,滬深2X元富04購01,0,0,0,0,0,0,0,0,0,81000,0,0,0,81000,0,81000,81000
065285,宏碁群益01購01  ,0,0,0,0,0,0,0,0,0,81000,0,0,0,157000,76000,81000,81000
064219,滬深2X國票03購01,0,0,0,0,0,0,0,0,0,81000,0,0,0,81000,0,81000,81000
2314,台揚            ,279000,197000,82000,0,0,0,0,0,0,-1000,0,1000,-1000,0,0,0,81000
067902,中磊群益01購01  ,0,0,0,0,0,0,0,0,0,80000,0,0,0,142000,62000,80000,80000
067639,奇力新統一01購06,0,0,0,0,0,0,0,0,0,80000,0,0,0,80000,0,80000,80000
068080,台表科凱基02購03,0,0,0,0,0,0,0,0,0,80000,0,0,0,150000,70000,80000,80000
07174P,臺股指國票99售11,0,0,0,0,0,0,0,0,0,80000,0,0,0,80000,0,80000,80000
08449P,華新科群益9C售03,0,0,0,0,0,0,0,0,0,80000,0,0,0,80000,0,80000,80000
08302P,長榮航國泰02售01,0,0,0,0,0,0,0,0,0,80000,0,0,0,80000,0,80000,80000
063322,台郡群益9B購02  ,0,5000,-5000,0,0,0,0,0,0,85000,0,0,0,224000,139000,85000,80000
055916,奇鋐凱基99購01  ,0,0,0,0,0,0,0,0,0,80000,0,0,0,80000,0,80000,80000
057034,道瓊反元大9B購01,0,0,0,0,0,0,0,0,0,80000,0,0,0,80000,0,80000,80000
00647L,元大S&P500正2   ,4000,5000,-1000,0,0,0,0,0,0,81000,0,0,0,132000,51000,81000,80000
060343,台積電統一9C購02,0,0,0,0,0,0,0,0,0,80000,0,0,0,124000,44000,80000,80000
060900,超眾凱基9B購01  ,0,0,0,0,0,0,0,0,0,80000,0,0,0,110000,30000,80000,80000
061257,上銀凱基9A購06  ,0,0,0,0,0,0,0,0,0,80000,0,0,0,150000,70000,80000,80000
060987,華新科元大9A購11,0,0,0,0,0,0,0,0,0,80000,0,0,0,95000,15000,80000,80000
061943,上銀群益9B購02  ,0,0,0,0,0,0,0,0,0,80000,0,0,0,141000,61000,80000,80000
061991,牧德元大9C購01  ,0,0,0,0,0,0,0,0,0,80000,0,0,0,84000,4000,80000,80000
063680,寶成富邦9C購01  ,0,0,0,0,0,0,0,0,0,80000,0,0,0,91000,11000,80000,80000
063663,台光電統一9C購01,0,0,0,0,0,0,0,0,0,80000,0,0,0,80000,0,80000,80000
063144,超眾統一9C購02  ,0,0,0,0,0,0,0,0,0,80000,0,0,0,80000,0,80000,80000
062722,京元電凱基9B購02,0,0,0,0,0,0,0,0,0,80000,0,0,0,80000,0,80000,80000
064244,GIS統一02購01   ,0,0,0,0,0,0,0,0,0,80000,0,0,0,513000,433000,80000,80000
065603,聯發科元大9C購16,0,0,0,0,0,0,0,0,0,80000,0,0,0,80000,0,80000,80000
065620,金融類元大9C購03,0,0,0,0,0,0,0,0,0,80000,0,0,0,80000,0,80000,80000
065873,信邦群益02購01  ,0,0,0,0,0,0,0,0,0,80000,0,0,0,80000,0,80000,80000
066784,滬深反中信03購01,0,0,0,0,0,0,0,0,0,80000,0,0,0,80000,0,80000,80000
066566,康控元大01購01  ,0,0,0,0,0,0,0,0,0,80000,0,0,0,215000,135000,80000,80000
06658P,台灣50富邦9C售01,0,0,0,0,0,0,0,0,0,80000,0,0,0,80000,0,80000,80000
07394P,國巨群益99售12  ,0,0,0,0,0,0,0,0,0,79000,0,0,0,79000,0,79000,79000
067725,旭富凱基01購03  ,0,0,0,0,0,0,0,0,0,79000,0,0,0,79000,0,79000,79000
00656R,國泰中國A50反1  ,10000,0,10000,0,0,0,0,0,0,69000,0,0,0,151000,82000,69000,79000
062470,智邦凱基9C購01  ,0,0,0,0,0,0,0,0,0,79000,0,0,0,92000,13000,79000,79000
063746,上銀國票9C購01  ,0,0,0,0,0,0,0,0,0,79000,0,0,0,79000,0,79000,79000
065666,旺宏凱基9C購03  ,0,0,0,0,0,0,0,0,0,79000,0,0,0,79000,0,79000,79000
065657,智邦富邦9C購01  ,0,0,0,0,0,0,0,0,0,79000,0,0,0,88000,9000,79000,79000
066983,禾伸堂群益01購01,0,0,0,0,0,0,0,0,0,78000,0,0,0,78000,0,78000,78000
057307,瀚宇博兆豐99購01,0,0,0,0,0,0,0,0,0,78000,0,0,0,142000,64000,78000,78000
064464,台郡統一01購01  ,0,0,0,0,0,0,0,0,0,78000,0,0,0,222000,144000,78000,78000
061178,晶技凱基9B購01  ,0,0,0,0,0,0,0,0,0,78000,0,0,0,81000,3000,78000,78000
061027,儒鴻永豐9A購02  ,0,0,0,0,0,0,0,0,0,78000,0,0,0,410000,332000,78000,78000
065353,GIS統一02購03   ,0,0,0,0,0,0,0,0,0,78000,0,0,0,78000,0,78000,78000
066069,英業達凱基02購01,0,0,0,0,0,0,0,0,0,78000,0,0,0,145000,67000,78000,78000
066246,中化元大01購01  ,0,0,0,0,0,0,0,0,0,78000,0,0,0,178000,100000,78000,78000
067163,眾達國票02購01  ,0,0,0,0,0,0,0,0,0,77000,0,0,0,77000,0,77000,77000
046999,康控富邦99購01  ,0,0,0,0,0,0,0,0,0,77000,0,0,0,77000,0,77000,77000
058309,大毅元大99購02  ,0,0,0,0,0,0,0,0,0,77000,0,0,0,78000,1000,77000,77000
063688,建準永豐9B購03  ,0,0,0,0,0,0,0,0,0,77000,0,0,0,100000,23000,77000,77000
062744,超眾國泰9C購01  ,0,0,0,0,0,0,0,0,0,77000,0,0,0,89000,12000,77000,77000
066187,瑞祺凱基01購01  ,0,0,0,0,0,0,0,0,0,77000,0,0,0,77000,0,77000,77000
066320,順德永豐01購01  ,0,0,0,0,0,0,0,0,0,77000,0,0,0,77000,0,77000,77000
066441,聯強群益01購01  ,0,0,0,0,0,0,0,0,0,77000,0,0,0,121000,44000,77000,77000
065099,聯茂元大9C購03  ,0,0,0,0,0,0,0,0,0,77000,0,0,0,123000,46000,77000,77000
07035P,大立光元富99售04,0,0,0,0,0,0,0,0,0,76000,0,0,0,76000,0,76000,76000
07965P,玉晶光群益01售02,0,0,0,0,0,0,0,0,0,76000,0,0,0,96000,20000,76000,76000
063482,緯穎元大9B購09  ,0,0,0,0,0,0,0,0,0,76000,0,0,0,101000,25000,76000,76000
03101P,GIS凱基01售04   ,0,0,0,0,0,0,0,0,0,76000,0,0,0,89000,13000,76000,76000
063127,TPK元大9B購02   ,0,0,0,0,0,0,0,0,0,76000,0,0,0,139000,63000,76000,76000
060944,國泰金國票9A購01,0,0,0,0,0,0,0,0,0,76000,0,0,0,121000,45000,76000,76000
065674,華擎凱基9C購03  ,0,0,0,0,0,0,0,0,0,76000,0,0,0,86000,10000,76000,76000
065937,大毅群益02購01  ,0,0,0,0,0,0,0,0,0,76000,0,0,0,93000,17000,76000,76000
4927,泰鼎-KY         ,1187000,562000,625000,0,0,0,0,569000,-569000,20000,5000,10000,-5000,34000,9000,25000,76000
08380P,GIS元大9C售06   ,0,0,0,0,0,0,0,0,0,75000,0,0,0,75000,0,75000,75000
067813,晶技凱基01購03  ,0,0,0,0,0,0,0,0,0,75000,0,0,0,122000,47000,75000,75000
020016,統一MSCI美科技N ,0,0,0,0,0,0,0,0,0,75000,0,0,0,87000,12000,75000,75000
049842,道瓊反中信98購01,0,0,0,0,0,0,0,0,0,75000,0,0,0,80000,5000,75000,75000
053798,台積電中信98購02,0,0,0,0,0,0,0,0,0,75000,0,0,0,75000,0,75000,75000
061716,瑞儀凱基9B購01  ,0,0,0,0,0,0,0,0,0,75000,0,0,0,288000,213000,75000,75000
064509,台表科元大9C購08,0,0,0,0,0,0,0,0,0,75000,0,0,0,88000,13000,75000,75000
063064,台表科元富9B購01,0,0,0,0,0,0,0,0,0,75000,0,0,0,85000,10000,75000,75000
066490,創意元富07購01  ,0,0,0,0,0,0,0,0,0,75000,0,0,0,75000,0,75000,75000
066913,樺漢凱基01購01  ,0,0,0,0,0,0,0,0,0,75000,0,0,0,94000,19000,75000,75000
065024,華擎永豐9C購01  ,0,0,0,0,0,0,0,0,0,75000,0,0,0,75000,0,75000,75000
2331,精英            ,181000,106000,75000,0,0,0,0,0,0,0,0,0,0,0,0,0,75000
067939,玉晶光凱基02購06,0,0,0,0,0,0,0,0,0,74000,0,0,0,109000,35000,74000,74000
067336,中信金凱基01購01,0,0,0,0,0,0,0,0,0,74000,0,0,0,74000,0,74000,74000
067472,台積電元大03購01,0,0,0,0,0,0,0,0,0,74000,0,0,0,79000,5000,74000,74000
068353,台積電凱基01購23,0,0,0,0,0,0,0,0,0,74000,0,0,0,164000,90000,74000,74000
059956,玉山金康和99購01,0,0,0,0,0,0,0,0,0,74000,0,0,0,74000,0,74000,74000
054739,義隆凱基98購02  ,0,0,0,0,0,0,0,0,0,74000,0,0,0,74000,0,74000,74000
00753L,中信中國50正2   ,0,0,0,0,0,0,0,0,0,74000,0,0,0,378000,304000,74000,74000
058344,旺宏群益99購05  ,0,0,0,0,0,0,0,0,0,74000,0,0,0,85000,11000,74000,74000
062496,矽創中信9B購01  ,0,0,0,0,0,0,0,0,0,74000,0,0,0,184000,110000,74000,74000
061362,台塑國票9B購01  ,0,0,0,0,0,0,0,0,0,74000,0,0,0,120000,46000,74000,74000
064109,上銀國票01購01  ,0,0,0,0,0,0,0,0,0,74000,0,0,0,94000,20000,74000,74000
066370,帆宣中信01購01  ,0,0,0,0,0,0,0,0,0,74000,0,0,0,254000,180000,74000,74000
065890,台積電統一03購01,0,0,0,0,0,0,0,0,0,74000,0,0,0,77000,3000,74000,74000
065744,華新元大9C購01  ,0,0,0,0,0,0,0,0,0,74000,0,0,0,107000,33000,74000,74000
2101,南港            ,430000,291000,139000,0,0,0,0,0,0,-65000,30000,0,30000,52000,147000,-95000,74000
4952,凌通            ,92000,18000,74000,0,0,0,0,0,0,0,0,0,0,0,0,0,74000
068439,信邦凱基01購02  ,0,0,0,0,0,0,0,0,0,73000,0,0,0,116000,43000,73000,73000
08376P,南亞科元富9C售03,0,0,0,0,0,0,0,0,0,73000,0,0,0,73000,0,73000,73000
067349,中化群益02購01  ,0,0,0,0,0,0,0,0,0,73000,0,0,0,73000,0,73000,73000
067363,同欣電群益01購02,0,0,0,0,0,0,0,0,0,73000,0,0,0,153000,80000,73000,73000
057751,神達國票99購02  ,0,0,0,0,0,0,0,0,0,73000,0,0,0,73000,0,73000,73000
058656,燿華中信99購01  ,0,0,0,0,0,0,0,0,0,73000,0,0,0,210000,137000,73000,73000
064469,臻鼎元富9C購01  ,0,0,0,0,0,0,0,0,0,73000,0,0,0,233000,160000,73000,73000
062161,南六凱基9C購01  ,0,0,0,0,0,0,0,0,0,73000,0,0,0,83000,10000,73000,73000
062685,華新科統一9C購03,0,0,0,0,0,0,0,0,0,73000,0,0,0,73000,0,73000,73000
062720,南亞科凱基9B購03,0,0,0,0,0,0,0,0,0,73000,0,0,0,75000,2000,73000,73000
065691,國巨群益9C購16  ,0,0,0,0,0,0,0,0,0,73000,0,0,0,73000,0,73000,73000
066485,台光電元富01購01,0,0,0,0,0,0,0,0,0,73000,0,0,0,220000,147000,73000,73000
064070,祥碩永豐9C購01  ,0,0,0,0,0,0,0,0,0,73000,0,0,0,200000,127000,73000,73000
064234,正崴統一01購01  ,0,0,0,0,0,0,0,0,0,73000,0,0,0,82000,9000,73000,73000
067161,嘉澤國票02購01  ,0,0,0,0,0,0,0,0,0,72000,0,0,0,83000,11000,72000,72000
063568,高鐵元大9B購01  ,0,0,0,0,0,0,0,0,0,72000,0,0,0,72000,0,72000,72000
059096,百和元大99購04  ,0,0,0,0,0,0,0,0,0,72000,0,0,0,75000,3000,72000,72000
063643,臻鼎元大9B購03  ,0,0,0,0,0,0,0,0,0,72000,0,0,0,81000,9000,72000,72000
062687,華擎統一01購02  ,0,0,0,0,0,0,0,0,0,72000,0,0,0,72000,0,72000,72000
063583,GIS國泰01購01   ,0,0,0,0,0,0,0,0,0,72000,0,0,0,190000,118000,72000,72000
062426,大立光統一02購02,0,0,0,0,0,0,0,0,0,72000,0,0,0,200000,128000,72000,72000
062319,南六凱基9B購02  ,0,0,0,0,0,0,0,0,0,72000,0,0,0,155000,83000,72000,72000
060249,正文元大9C購01  ,0,0,0,0,0,0,0,0,0,72000,0,0,0,157000,85000,72000,72000
061093,華新科統一9B購03,0,0,0,0,0,0,0,0,0,72000,0,0,0,72000,0,72000,72000
060697,鴻海國泰9C購01  ,0,0,0,0,0,0,0,0,0,72000,0,0,0,80000,8000,72000,72000
064686,鴻海群益01購03  ,0,0,0,0,0,0,0,0,0,72000,0,0,0,72000,0,72000,72000
065446,宏達電統一9C購02,0,0,0,0,0,0,0,0,0,72000,0,0,0,227000,155000,72000,72000
066503,台積電富邦05購02,0,0,0,0,0,0,0,0,0,72000,0,0,0,72000,0,72000,72000
065817,聯發科元富03購08,0,0,0,0,0,0,0,0,0,72000,0,0,0,152000,80000,72000,72000
066261,華碩元大01購01  ,0,0,0,0,0,0,0,0,0,72000,0,0,0,99000,27000,72000,72000
066118,台郡兆豐01購01  ,0,0,0,0,0,0,0,0,0,72000,0,0,0,79000,7000,72000,72000
8105,凌巨            ,172000,99000,73000,0,0,0,0,0,0,-1000,0,1000,-1000,0,0,0,72000
067152,義隆統一02購03  ,0,0,0,0,0,0,0,0,0,71000,0,0,0,71000,0,71000,71000
067250,中化國票02購01  ,0,0,0,0,0,0,0,0,0,71000,0,0,0,98000,27000,71000,71000
067974,玉晶光群益02購24,0,0,0,0,0,0,0,0,0,71000,0,0,0,98000,27000,71000,71000
068262,南電富邦03購01  ,0,0,0,0,0,0,0,0,0,71000,0,0,0,110000,39000,71000,71000
07054P,華新科兆豐99售04,0,0,0,0,0,0,0,0,0,71000,0,0,0,72000,1000,71000,71000
07086P,力成元富9C售01  ,0,0,0,0,0,0,0,0,0,71000,0,0,0,110000,39000,71000,71000
057907,台達電亞東99購01,0,0,0,0,0,0,0,0,0,71000,0,0,0,81000,10000,71000,71000
061395,健策統一9C購02  ,0,0,0,0,0,0,0,0,0,71000,0,0,0,79000,8000,71000,71000
064477,南六國泰02購01  ,0,0,0,0,0,0,0,0,0,71000,0,0,0,310000,239000,71000,71000
06653P,美食元大98售02  ,0,0,0,0,0,0,0,0,0,71000,0,0,0,71000,0,71000,71000
066898,聯發科康和01購01,0,0,0,0,0,0,0,0,0,71000,0,0,0,657000,586000,71000,71000
065420,中租國票01購01  ,0,0,0,0,0,0,0,0,0,71000,0,0,0,71000,0,71000,71000
063947,大毅元大9C購02  ,0,0,0,0,0,0,0,0,0,71000,0,0,0,143000,72000,71000,71000
063878,國巨元富9C購01  ,0,0,0,0,0,0,0,0,0,71000,0,0,0,74000,3000,71000,71000
064194,燿華群益9C購01  ,0,0,0,0,0,0,0,0,0,71000,0,0,0,71000,0,71000,71000
064133,力成元大9C購01  ,0,0,0,0,0,0,0,0,0,71000,0,0,0,93000,22000,71000,71000
08880P,全新凱基01售02  ,0,0,0,0,0,0,0,0,0,71000,0,0,0,110000,39000,71000,71000
07416P,台積電元大99售53,0,0,0,0,0,0,0,0,0,70000,0,0,0,75000,5000,70000,70000
068054,玉晶光統一03購04,0,0,0,0,0,0,0,0,0,70000,0,0,0,95000,25000,70000,70000
063283,華新科元大9C購03,0,0,0,0,0,0,0,0,0,70000,0,0,0,70000,0,70000,70000
058397,大成鋼元大99購02,0,0,0,0,0,0,0,0,0,70000,0,0,0,70000,0,70000,70000
052697,滬深2X國票98購01,0,0,0,0,0,0,0,0,0,70000,0,0,0,70000,0,70000,70000
064028,大毅元大01購01  ,0,0,0,0,0,0,0,0,0,70000,0,0,0,70000,0,70000,70000
064516,華通群益02購01  ,0,0,0,0,0,0,0,0,0,70000,0,0,0,89000,19000,70000,70000
060737,瑞儀統一9C購01  ,0,0,0,0,0,0,0,0,0,70000,0,0,0,70000,0,70000,70000
060667,力成凱基9A購01  ,0,0,0,0,0,0,0,0,0,70000,0,0,0,70000,0,70000,70000
061574,大毅元大9B購01  ,0,0,0,0,0,0,0,0,0,70000,0,0,0,95000,25000,70000,70000
062540,茂林國泰9C購01  ,0,0,0,0,0,0,0,0,0,70000,0,0,0,155000,85000,70000,70000
062862,瑞儀國票9B購01  ,0,0,0,0,0,0,0,0,0,70000,0,0,0,70000,0,70000,70000
062673,台新金中信03購01,0,0,0,0,0,0,0,0,0,70000,0,0,0,70000,0,70000,70000
062050,亞德客統一9C購01,0,0,0,0,0,0,0,0,0,70000,0,0,0,723000,653000,70000,70000
064221,華通國票01購01  ,0,0,0,0,0,0,0,0,0,70000,0,0,0,172000,102000,70000,70000
064711,國喬統一02購01  ,0,0,0,0,0,0,0,0,0,70000,0,0,0,110000,40000,70000,70000
065665,鴻海凱基9C購04  ,0,0,0,0,0,0,0,0,0,70000,0,0,0,70000,0,70000,70000
065559,超眾凱基9C購03  ,0,0,0,0,0,0,0,0,0,70000,0,0,0,70000,0,70000,70000
066670,貿聯凱基01購01  ,0,0,0,0,0,0,0,0,0,70000,0,0,0,70000,0,70000,70000
066189,和潤凱基01購01  ,0,0,0,0,0,0,0,0,0,70000,0,0,0,80000,10000,70000,70000
065872,漢翔群益9C購01  ,0,0,0,0,0,0,0,0,0,70000,0,0,0,70000,0,70000,70000
08840P,臺股指麥證01售07,0,0,0,130000,60000,70000,0,0,0,70000,0,0,0,130000,60000,70000,70000
2453,凌群            ,83000,12000,71000,0,0,0,0,0,0,-1000,0,1000,-1000,0,0,0,70000
067973,玉晶光群益02購23,0,0,0,0,0,0,0,0,0,69000,0,0,0,80000,11000,69000,69000
067856,寶成國票02購01  ,0,0,0,0,0,0,0,0,0,69000,0,0,0,69000,0,69000,69000
067751,臺股指元大01購15,0,0,0,0,0,0,0,0,0,69000,0,0,0,72000,3000,69000,69000
068508,世紀鋼元大01購05,0,0,0,0,0,0,0,0,0,69000,0,0,0,212000,143000,69000,69000
058376,貿聯凱基9A購01  ,0,0,0,0,0,0,0,0,0,69000,0,0,0,125000,56000,69000,69000
059714,A50正2元大9C購01,0,0,0,0,0,0,0,0,0,69000,0,0,0,69000,0,69000,69000
060869,超眾永豐9A購02  ,0,0,0,0,0,0,0,0,0,69000,0,0,0,69000,0,69000,69000
064351,中租元大9C購01  ,0,0,0,0,0,0,0,0,0,69000,0,0,0,93000,24000,69000,69000
066725,華通元大01購05  ,0,0,0,0,0,0,0,0,0,69000,0,0,0,206000,137000,69000,69000
065174,華新科元大02購02,0,0,0,0,0,0,0,0,0,69000,0,0,0,69000,0,69000,69000
08523P,金像電元大9C售06,0,0,0,0,0,0,0,0,0,68000,0,0,0,95000,27000,68000,68000
067673,義隆元大01購06  ,0,0,0,0,0,0,0,0,0,68000,0,0,0,357000,289000,68000,68000
067261,樺漢國票02購01  ,0,0,0,0,0,0,0,0,0,68000,0,0,0,106000,38000,68000,68000
059189,國泰金富邦9B購01,0,0,0,0,0,0,0,0,0,68000,0,0,0,74000,6000,68000,68000
062774,儒鴻元大9C購01  ,0,0,0,0,0,0,0,0,0,68000,0,0,0,129000,61000,68000,68000
066935,奇鋐國票02購02  ,0,0,0,0,0,0,0,0,0,68000,0,0,0,71000,3000,68000,68000
066594,聯詠群益01購01  ,0,0,0,0,0,0,0,0,0,68000,0,0,0,84000,16000,68000,68000
066339,總太永豐01購01  ,0,0,0,0,0,0,0,0,0,68000,0,0,0,233000,165000,68000,68000
066156,建準康和01購01  ,0,0,0,0,0,0,0,0,0,68000,0,0,0,87000,19000,68000,68000
3454,晶睿            ,86000,15000,71000,0,0,0,0,0,0,-3000,0,3000,-3000,0,0,0,68000
07051P,大立光中信99售02,0,0,0,0,0,0,0,0,0,67000,0,0,0,72000,5000,67000,67000
07789P,緯穎群益9A售03  ,0,0,0,0,0,0,0,0,0,67000,0,0,0,67000,0,67000,67000
058371,智原凱基9A購01  ,0,0,0,0,0,0,0,0,0,67000,0,0,0,72000,5000,67000,67000
063480,南六元大9C購01  ,0,0,0,0,0,0,0,0,0,67000,0,0,0,122000,55000,67000,67000
054542,台表科國票98購01,0,0,0,0,0,0,0,0,0,67000,0,0,0,67000,0,67000,67000
00730,富邦臺灣優質高息,0,10000,-10000,0,0,0,0,0,0,77000,0,0,0,191000,114000,77000,67000
006206,元大上證50      ,6000,28000,-22000,0,0,0,0,0,0,89000,0,0,0,169000,80000,89000,67000
062359,旺宏元大9C購02  ,0,0,0,0,0,0,0,0,0,67000,0,0,0,180000,113000,67000,67000
061770,泰碩元大9B購02  ,0,0,0,0,0,0,0,0,0,67000,0,0,0,115000,48000,67000,67000
063607,中租凱基9B購02  ,0,0,0,0,0,0,0,0,0,67000,0,0,0,67000,0,67000,67000
063560,力山元大9B購05  ,0,0,0,0,0,0,0,0,0,67000,0,0,0,76000,9000,67000,67000
064454,華新科統一01購03,0,0,0,0,0,0,0,0,0,67000,0,0,0,67000,0,67000,67000
064408,TPK凱基02購01   ,0,0,0,0,0,0,0,0,0,67000,0,0,0,90000,23000,67000,67000
060599,國巨凱基9C購01  ,0,0,0,0,0,0,0,0,0,67000,0,0,0,68000,1000,67000,67000
066616,創意康和01購01  ,0,0,0,0,0,0,0,0,0,67000,0,0,0,68000,1000,67000,67000
066538,信邦兆豐03購01  ,0,0,0,0,0,0,0,0,0,67000,0,0,0,110000,43000,67000,67000
064193,華新群益9C購01  ,0,0,0,0,0,0,0,0,0,67000,0,0,0,140000,73000,67000,67000
08972P,義隆永豐01售02  ,0,0,0,0,0,0,0,0,0,67000,0,0,0,67000,0,67000,67000
2881,富邦金          ,6329101,6574000,-244899,0,0,0,501000,11000,490000,-179000,8000,29000,-21000,30000,188000,-158000,66101
068411,世紀鋼元富07購01,0,0,0,0,0,0,0,0,0,66000,0,0,0,321000,255000,66000,66000
067801,台達電凱基01購03,0,0,0,0,0,0,0,0,0,66000,0,0,0,508000,442000,66000,66000
03687C,臺股指凱基9C牛22,0,0,0,0,0,0,0,0,0,66000,0,0,0,96000,30000,66000,66000
063307,同欣電凱基9B購02,0,0,0,0,0,0,0,0,0,66000,0,0,0,71000,5000,66000,66000
060416,神隆永豐9A購01  ,0,0,0,0,0,0,0,0,0,66000,0,0,0,66000,0,66000,66000
066442,華碩群益01購01  ,0,0,0,0,0,0,0,0,0,66000,0,0,0,96000,30000,66000,66000
3605,宏致            ,150000,77000,73000,0,0,0,0,0,0,-7000,0,7000,-7000,0,0,0,66000
067005,盟立永豐01購04  ,0,0,0,0,0,0,0,0,0,65000,0,0,0,65000,0,65000,65000
067332,旺宏凱基03購02  ,0,0,0,0,0,0,0,0,0,65000,0,0,0,148000,83000,65000,65000
06937P,GIS元大98售03   ,0,0,0,0,0,0,0,0,0,65000,0,0,0,65000,0,65000,65000
07222P,台灣50元大01售04,0,0,0,0,0,0,0,0,0,65000,0,0,0,65000,0,65000,65000
08178P,南亞科元大9B售01,0,0,0,0,0,0,0,0,0,65000,0,0,0,80000,15000,65000,65000
020015,統一MSCI美低波N ,0,0,0,0,0,0,0,0,0,65000,0,0,0,65000,0,65000,65000
020008,元大特股高息N   ,0,0,0,0,0,0,0,0,0,65000,0,0,0,265000,200000,65000,65000
03045P,台表科國票03售01,0,0,0,0,0,0,0,0,0,65000,0,0,0,65000,0,65000,65000
057347,國巨統一9A購03  ,0,0,0,0,0,0,0,0,0,65000,0,0,0,329000,264000,65000,65000
060818,上銀統一9C購01  ,0,0,0,0,0,0,0,0,0,65000,0,0,0,65000,0,65000,65000
064568,聯鈞群益9C購01  ,0,0,0,0,0,0,0,0,0,65000,0,0,0,226000,161000,65000,65000
060251,易華電元大9C購01,0,0,0,0,0,0,0,0,0,65000,0,0,0,65000,0,65000,65000
066642,臺股指凱基04購01,0,0,0,0,0,0,0,0,0,65000,0,0,0,467000,402000,65000,65000
066659,燿華凱基03購01  ,0,0,0,0,0,0,0,0,0,65000,0,0,0,75000,10000,65000,65000
065141,國巨凱基9C購10  ,0,0,0,0,0,0,0,0,0,65000,0,0,0,68000,3000,65000,65000
4942,嘉彰            ,162000,68000,94000,0,0,0,0,0,0,-29000,0,29000,-29000,0,0,0,65000
067509,京鼎統一01購01  ,0,0,0,0,0,0,0,0,0,64000,0,0,0,167000,103000,64000,64000
067513,南六統一01購04  ,0,0,0,0,0,0,0,0,0,64000,0,0,0,64000,0,64000,64000
059928,道瓊銀富邦03購01,0,0,0,0,0,0,0,0,0,64000,0,0,0,67000,3000,64000,64000
03134P,台積電中信07售05,0,0,0,0,0,0,0,0,0,64000,0,0,0,64000,0,64000,64000
063334,復盛國票9B購01  ,0,0,0,0,0,0,0,0,0,64000,0,0,0,77000,13000,64000,64000
057556,智易凱基99購01  ,0,0,0,0,0,0,0,0,0,64000,0,0,0,64000,0,64000,64000
062928,富邦金台新9B購02,0,0,0,0,0,0,0,0,0,64000,0,0,0,103000,39000,64000,64000
063606,TPK凱基9C購01   ,0,0,0,0,0,0,0,0,0,64000,0,0,0,101000,37000,64000,64000
061857,康友國票9B購01  ,0,0,0,0,0,0,0,0,0,64000,0,0,0,151000,87000,64000,64000
064401,台達電凱基06購01,0,0,0,0,0,0,0,0,0,64000,0,0,0,89000,25000,64000,64000
066815,華擎兆豐03購01  ,0,0,0,0,0,0,0,0,0,64000,0,0,0,65000,1000,64000,64000
066823,國巨群益02購02  ,0,0,0,0,0,0,0,0,0,64000,0,0,0,129000,65000,64000,64000
066584,滬深2X群益03購01,0,0,0,0,0,0,0,0,0,64000,0,0,0,108000,44000,64000,64000
066141,盛群群益01購01  ,0,0,0,0,0,0,0,0,0,64000,0,0,0,262000,198000,64000,64000
065807,智伸科群益01購01,0,0,0,0,0,0,0,0,0,64000,0,0,0,99000,35000,64000,64000
08985P,台表科兆豐03售02,0,0,0,0,0,0,0,0,0,64000,0,0,0,91000,27000,64000,64000
067723,國揚凱基01購02  ,0,0,0,0,0,0,0,0,0,63000,0,0,0,150000,87000,63000,63000
058731,貿聯永豐99購02  ,0,0,0,0,0,0,0,0,0,63000,0,0,0,109000,46000,63000,63000
057961,茂林元大9A購01  ,0,0,0,0,0,0,0,0,0,63000,0,0,0,202000,139000,63000,63000
059984,華新科元大99購21,0,0,0,0,0,0,0,0,0,63000,0,0,0,64000,1000,63000,63000
061983,華新科元大9B購04,0,0,0,0,0,0,0,0,0,63000,0,0,0,65000,2000,63000,63000
063735,華新科元大9B購15,0,0,0,0,0,0,0,0,0,63000,0,0,0,68000,5000,63000,63000
062729,神達凱基9B購02  ,0,0,0,0,0,0,0,0,0,63000,0,0,0,120000,57000,63000,63000
063153,南六元富9B購01  ,0,0,0,0,0,0,0,0,0,63000,0,0,0,129000,66000,63000,63000
066160,美利達康和01購01,0,0,0,0,0,0,0,0,0,63000,0,0,0,103000,40000,63000,63000
066472,美利達統一02購01,0,0,0,0,0,0,0,0,0,63000,0,0,0,84000,21000,63000,63000
066406,南六凱基01購02  ,0,0,0,0,0,0,0,0,0,63000,0,0,0,90000,27000,63000,63000
065424,華新凱基02購01  ,0,0,0,0,0,0,0,0,0,63000,0,0,0,63000,0,63000,63000
064825,英業達統一9C購01,0,0,0,0,0,0,0,0,0,63000,0,0,0,63000,0,63000,63000
08897P,國巨群益01售10  ,0,0,0,0,0,0,0,0,0,63000,0,0,0,173000,110000,63000,63000
3034,聯詠            ,900506,1192000,-291494,0,0,0,290000,7000,283000,71000,79000,1000,78000,38000,45000,-7000,62506
9910,豐泰            ,559290,420000,139290,0,0,0,0,75000,-75000,-2000,0,2000,-2000,0,0,0,62290
067485,緯創元大01購01  ,0,0,0,0,0,0,0,0,0,62000,0,0,0,770000,708000,62000,62000
08603P,電子類元大9C售02,0,0,0,0,0,0,0,0,0,62000,0,0,0,62000,0,62000,62000
07766P,美律群益9A售03  ,0,0,0,0,0,0,0,0,0,62000,0,0,0,70000,8000,62000,62000
07922P,大立光群益9B售05,0,0,0,0,0,0,0,0,0,62000,0,0,0,62000,0,62000,62000
063520,上銀凱基9B購05  ,0,0,0,0,0,0,0,0,0,62000,0,0,0,66000,4000,62000,62000
062512,美食國票9B購01  ,0,0,0,0,0,0,0,0,0,62000,0,0,0,62000,0,62000,62000
063578,瑞祺元大9B購03  ,0,0,0,0,0,0,0,0,0,62000,0,0,0,62000,0,62000,62000
060775,世芯凱基9A購02  ,0,0,0,0,0,0,0,0,0,62000,0,0,0,72000,10000,62000,62000
064237,奇鋐統一01購01  ,0,0,0,0,0,0,0,0,0,62000,0,0,0,209000,147000,62000,62000
065222,玉晶光永豐9C購07,0,0,0,0,0,0,0,0,0,62000,0,0,0,174000,112000,62000,62000
065011,智邦國泰02購01  ,0,0,0,0,0,0,0,0,0,62000,0,0,0,159000,97000,62000,62000
065884,智原元富9C購02  ,0,0,0,0,0,0,0,0,0,62000,0,0,0,67000,5000,62000,62000
2467,志聖            ,99000,37000,62000,0,0,0,0,0,0,0,0,0,0,0,0,0,62000
08634P,大立光元大9C售26,0,0,0,0,0,0,0,0,0,61000,0,0,0,70000,9000,61000,61000
08348P,貿聯元大9C售01  ,0,0,0,0,0,0,0,0,0,61000,0,0,0,61000,0,61000,61000
08305P,茂林群益9C售01  ,0,0,0,0,0,0,0,0,0,61000,0,0,0,61000,0,61000,61000
067427,奇力新凱基01購01,0,0,0,0,0,0,0,0,0,61000,0,0,0,61000,0,61000,61000
067253,精元國票01購01  ,0,0,0,0,0,0,0,0,0,61000,0,0,0,182000,121000,61000,61000
067735,聯電元大03購01  ,0,0,0,0,0,0,0,0,0,61000,0,0,0,61000,0,61000,61000
063484,達方元大9B購01  ,0,0,0,0,0,0,0,0,0,61000,0,0,0,269000,208000,61000,61000
063341,燿華統一9C購01  ,0,0,0,0,0,0,0,0,0,61000,0,0,0,142000,81000,61000,61000
057777,可成群益9A購03  ,0,0,0,0,0,0,0,0,0,61000,0,0,0,175000,114000,61000,61000
058611,欣興元大99購06  ,0,0,0,0,0,0,0,0,0,61000,0,0,0,81000,20000,61000,61000
03033P,微星國票03售01  ,0,0,0,0,0,0,0,0,0,61000,0,0,0,61000,0,61000,61000
052847,漢唐統一99購01  ,0,0,0,0,0,0,0,0,0,61000,0,0,0,161000,100000,61000,61000
063649,南六元大9C購02  ,0,0,0,0,0,0,0,0,0,61000,0,0,0,87000,26000,61000,61000
063625,儒鴻元大9B購03  ,0,0,0,0,0,0,0,0,0,61000,0,0,0,332000,271000,61000,61000
062795,國巨統一9B購15  ,0,0,0,0,0,0,0,0,0,61000,0,0,0,61000,0,61000,61000
065693,國巨群益9C購18  ,0,0,0,0,0,0,0,0,0,61000,0,0,0,84000,23000,61000,61000
065670,華新科凱基01購02,0,0,0,0,0,0,0,0,0,61000,0,0,0,61000,0,61000,61000
066488,聯詠元富07購01  ,0,0,0,0,0,0,0,0,0,61000,0,0,0,85000,24000,61000,61000
066848,健策元大01購05  ,0,0,0,0,0,0,0,0,0,61000,0,0,0,815000,754000,61000,61000
065221,神隆永豐9C購01  ,0,0,0,0,0,0,0,0,0,61000,0,0,0,61000,0,61000,61000
065204,神隆國票01購01  ,0,0,0,0,0,0,0,0,0,61000,0,0,0,64000,3000,61000,61000
064952,國泰金凱基9C購01,0,0,0,0,0,0,0,0,0,61000,0,0,0,61000,0,61000,61000
063803,世紀鋼凱基01購01,0,0,0,0,0,0,0,0,0,61000,0,0,0,204000,143000,61000,61000
067853,京鼎國票02購01  ,0,0,0,0,0,0,0,0,0,60000,0,0,0,60000,0,60000,60000
068085,寶成凱基02購01  ,0,0,0,0,0,0,0,0,0,60000,0,0,0,60000,0,60000,60000
067179,健策康和01購01  ,0,0,0,0,0,0,0,0,0,60000,0,0,0,73000,13000,60000,60000
067010,訊芯永豐01購01  ,0,0,0,0,0,0,0,0,0,60000,0,0,0,60000,0,60000,60000
066985,牧德群益02購02  ,0,0,0,0,0,0,0,0,0,60000,0,0,0,60000,0,60000,60000
067460,晶技永豐01購02  ,0,0,0,0,0,0,0,0,0,60000,0,0,0,121000,61000,60000,60000
067362,眾達群益01購02  ,0,0,0,0,0,0,0,0,0,60000,0,0,0,60000,0,60000,60000
08292P,華新科台新9C售01,0,0,0,0,0,0,0,0,0,60000,0,0,0,60000,0,60000,60000
08165P,台表科永豐9B售02,0,0,0,0,0,0,0,0,0,60000,0,0,0,60000,0,60000,60000
08787P,滬深2X元富01售06,0,0,0,0,0,0,0,0,0,60000,0,0,0,75000,15000,60000,60000
07165P,臺股指群益99售16,0,0,0,0,0,0,0,0,0,60000,0,0,0,60000,0,60000,60000
06914P,南茂元大98售03  ,0,0,0,0,0,0,0,0,0,60000,0,0,0,60000,0,60000,60000
056432,鴻海凱基98購08  ,0,0,0,0,0,0,0,0,0,60000,0,0,0,60000,0,60000,60000
059087,台積電元大99購26,0,0,0,0,0,0,0,0,0,60000,0,0,0,71000,11000,60000,60000
060018,國產康和99購01  ,0,0,0,0,0,0,0,0,0,60000,0,0,0,60000,0,60000,60000
056352,鴻海元大99購01  ,0,0,0,0,0,0,0,0,0,60000,0,0,0,70000,10000,60000,60000
058664,百和兆豐99購01  ,0,0,0,0,0,0,0,0,0,60000,0,0,0,60000,0,60000,60000
058720,旭富元富99購01  ,0,0,0,0,0,0,0,0,0,60000,0,0,0,60000,0,60000,60000
058688,矽創凱基9A購01  ,0,0,0,0,0,0,0,0,0,60000,0,0,0,60000,0,60000,60000
058986,華新科凱基9A購03,0,0,0,0,0,0,0,0,0,60000,0,0,0,60000,0,60000,60000
059829,超眾凱基99購05  ,0,0,0,0,0,0,0,0,0,60000,0,0,0,60000,0,60000,60000
059510,華新科永豐99購07,0,0,0,0,0,0,0,0,0,60000,0,0,0,61000,1000,60000,60000
059516,TPK永豐99購01   ,0,0,0,0,0,0,0,0,0,60000,0,0,0,76000,16000,60000,60000
059836,大立光國泰9B購02,0,0,0,0,0,0,0,0,0,60000,0,0,0,60000,0,60000,60000
063372,漢翔永豐9B購01  ,0,0,0,0,0,0,0,0,0,60000,0,0,0,60000,0,60000,60000
063412,寶成國票9C購01  ,0,0,0,0,0,0,0,0,0,60000,0,0,0,60000,0,60000,60000
062937,旺宏凱基9B購08  ,0,0,0,0,0,0,0,0,0,60000,0,0,0,77000,17000,60000,60000
063139,聯發科統一9B購07,0,0,0,0,0,0,0,0,0,60000,0,0,0,90000,30000,60000,60000
062958,長榮航麥證9B購01,0,0,0,60000,0,60000,0,0,0,60000,0,0,0,60000,0,60000,60000
061926,晶技凱基9B購02  ,0,0,0,0,0,0,0,0,0,60000,0,0,0,61000,1000,60000,60000
062030,旭富群益9B購01  ,0,0,0,0,0,0,0,0,0,60000,0,0,0,60000,0,60000,60000
063672,GIS統一9C購01   ,0,0,0,0,0,0,0,0,0,60000,0,0,0,104000,44000,60000,60000
061070,超眾凱基9C購01  ,0,0,0,0,0,0,0,0,0,60000,0,0,0,60000,0,60000,60000
060899,超眾凱基9A購01  ,0,0,0,0,0,0,0,0,0,60000,0,0,0,60000,0,60000,60000
061408,華新科國票9A購06,0,0,0,0,0,0,0,0,0,60000,0,0,0,60000,0,60000,60000
061154,可成群益9B購04  ,0,0,0,0,0,0,0,0,0,60000,0,0,0,60000,0,60000,60000
064447,喬山統一02購01  ,0,0,0,0,0,0,0,0,0,60000,0,0,0,60000,0,60000,60000
061730,旺宏統一01購02  ,0,0,0,0,0,0,0,0,0,60000,0,0,0,60000,0,60000,60000
063888,TPK中信01購01   ,0,0,0,0,0,0,0,0,0,60000,0,0,0,76000,16000,60000,60000
063909,旺宏凱基02購01  ,0,0,0,0,0,0,0,0,0,60000,0,0,0,69000,9000,60000,60000
065152,燿華群益9C購02  ,0,0,0,0,0,0,0,0,0,60000,0,0,0,61000,1000,60000,60000
065165,上銀元大9C購09  ,0,0,0,0,0,0,0,0,0,60000,0,0,0,203000,143000,60000,60000
065498,台積電富邦04購02,0,0,0,0,0,0,0,0,0,60000,0,0,0,60000,0,60000,60000
066807,揚明光凱基01購02,0,0,0,0,0,0,0,0,0,60000,0,0,0,60000,0,60000,60000
065698,旺宏群益9C購08  ,0,0,0,0,0,0,0,0,0,60000,0,0,0,95000,35000,60000,60000
066279,拓凱元大01購01  ,0,0,0,0,0,0,0,0,0,60000,0,0,0,65000,5000,60000,60000
066140,鎧勝群益01購01  ,0,0,0,0,0,0,0,0,0,60000,0,0,0,125000,65000,60000,60000
066030,超眾群益01購01  ,0,0,0,0,0,0,0,0,0,60000,0,0,0,66000,6000,60000,60000
08843P,台表科凱基01售01,0,0,0,0,0,0,0,0,0,60000,0,0,0,71000,11000,60000,60000
068371,華城永豐01購04  ,0,0,0,0,0,0,0,0,0,59000,0,0,0,61000,2000,59000,59000
067951,宏碁永豐01購02  ,0,0,0,0,0,0,0,0,0,59000,0,0,0,80000,21000,59000,59000
067818,玉晶光凱基02購02,0,0,0,0,0,0,0,0,0,59000,0,0,0,120000,61000,59000,59000
063420,奇力新凱基9B購03,0,0,0,0,0,0,0,0,0,59000,0,0,0,59000,0,59000,59000
059742,富邦金元富99購01,0,0,0,0,0,0,0,0,0,59000,0,0,0,69000,10000,59000,59000
059957,中信金康和99購01,0,0,0,0,0,0,0,0,0,59000,0,0,0,59000,0,59000,59000
03027P,玉晶光元大01售09,0,0,0,0,0,0,0,0,0,59000,0,0,0,72000,13000,59000,59000
060212,華航康和9A購01  ,0,0,0,0,0,0,0,0,0,59000,0,0,0,59000,0,59000,59000
061325,晶技凱基9A購03  ,0,0,0,0,0,0,0,0,0,59000,0,0,0,59000,0,59000,59000
062734,臺指反國票9C購03,0,0,0,0,0,0,0,0,0,59000,0,0,0,109000,50000,59000,59000
066835,台郡群益01購02  ,0,0,0,0,0,0,0,0,0,59000,0,0,0,59000,0,59000,59000
064993,嘉澤兆豐9C購01  ,0,0,0,0,0,0,0,0,0,59000,0,0,0,61000,2000,59000,59000
065108,建準國票01購01  ,0,0,0,0,0,0,0,0,0,59000,0,0,0,87000,28000,59000,59000
065111,瀚宇博國票01購01,0,0,0,0,0,0,0,0,0,59000,0,0,0,97000,38000,59000,59000
065116,臺股指國票9C購13,0,0,0,0,0,0,0,0,0,59000,0,0,0,59000,0,59000,59000
064770,開發金中信01購01,0,0,0,0,0,0,0,0,0,59000,0,0,0,59000,0,59000,59000
08902P,台灣50中信05售01,0,0,0,0,0,0,0,0,0,59000,0,0,0,61000,2000,59000,59000
067799,玉晶光康和01購01,0,0,0,0,0,0,0,0,0,58000,0,0,0,59000,1000,58000,58000
067566,台積電康和01購01,0,0,0,0,0,0,0,0,0,58000,0,0,0,803000,745000,58000,58000
00733,富邦臺灣中小    ,0,0,0,0,0,0,0,0,0,58000,0,0,0,249000,191000,58000,58000
059009,世紀鋼元大99購04,0,0,0,0,0,0,0,0,0,58000,0,0,0,63000,5000,58000,58000
062461,智伸科群益9B購01,0,0,0,0,0,0,0,0,0,58000,0,0,0,58000,0,58000,58000
060246,晶相光元大9C購03,0,0,0,0,0,0,0,0,0,58000,0,0,0,58000,0,58000,58000
064580,統一永豐9C購01  ,0,0,0,0,0,0,0,0,0,58000,0,0,0,99000,41000,58000,58000
065333,冠德國票01購01  ,0,0,0,0,0,0,0,0,0,58000,0,0,0,60000,2000,58000,58000
066775,智原富邦03購01  ,0,0,0,0,0,0,0,0,0,58000,0,0,0,100000,42000,58000,58000
067482,高鐵元大01購01  ,0,0,0,0,0,0,0,0,0,57000,0,0,0,57000,0,57000,57000
067651,漢唐元富07購01  ,0,0,0,0,0,0,0,0,0,57000,0,0,0,134000,77000,57000,57000
068306,建準國票03購01  ,0,0,0,0,0,0,0,0,0,57000,0,0,0,57000,0,57000,57000
07145P,為升元大99售03  ,0,0,0,0,0,0,0,0,0,57000,0,0,0,117000,60000,57000,57000
08098P,大立光凱基9B售09,0,0,0,0,0,0,0,0,0,57000,0,0,0,57000,0,57000,57000
060960,金像電凱基9B購01,0,0,0,0,0,0,0,0,0,57000,0,0,0,67000,10000,57000,57000
061236,台積電元大9A購24,0,0,0,0,0,0,0,0,0,57000,0,0,0,62000,5000,57000,57000
060867,智伸科永豐9A購01,0,0,0,0,0,0,0,0,0,57000,0,0,0,101000,44000,57000,57000
063764,上銀元富9B購08  ,0,0,0,0,0,0,0,0,0,57000,0,0,0,178000,121000,57000,57000
063634,台光電元大9B購09,0,0,0,0,0,0,0,0,0,57000,0,0,0,145000,88000,57000,57000
062087,瑞祺元大9B購02  ,0,0,0,0,0,0,0,0,0,57000,0,0,0,57000,0,57000,57000
066885,牧德永豐01購02  ,0,0,0,0,0,0,0,0,0,57000,0,0,0,57000,0,57000,57000
066015,健策元富01購01  ,0,0,0,0,0,0,0,0,0,57000,0,0,0,367000,310000,57000,57000
066135,潤泰全群益02購01,0,0,0,0,0,0,0,0,0,57000,0,0,0,61000,4000,57000,57000
064656,聚陽元大9C購03  ,0,60000,-60000,0,0,0,0,0,0,117000,0,0,0,334000,217000,117000,57000
3022,威強電          ,101000,44000,57000,0,0,0,0,0,0,0,0,0,0,0,0,0,57000
068315,台灣50元大01購33,0,0,0,0,0,0,0,0,0,56000,0,0,0,453000,397000,56000,56000
068030,台積電元富07購10,0,0,0,0,0,0,0,0,0,56000,0,0,0,56000,0,56000,56000
068214,嘉基凱基02購01  ,0,0,0,0,0,0,0,0,0,56000,0,0,0,86000,30000,56000,56000
067417,力山凱基02購01  ,0,0,0,0,0,0,0,0,0,56000,0,0,0,66000,10000,56000,56000
066992,緯穎群益01購02  ,0,0,0,0,0,0,0,0,0,56000,0,0,0,95000,39000,56000,56000
058987,華新科凱基9B購01,0,0,0,0,0,0,0,0,0,56000,0,0,0,56000,0,56000,56000
060133,牧德群益9B購01  ,0,0,0,0,0,0,0,0,0,56000,0,0,0,100000,44000,56000,56000
058222,玉晶光統一9B購01,0,0,0,0,0,0,0,0,0,56000,0,0,0,150000,94000,56000,56000
00662,富邦NASDAQ      ,0,0,0,0,0,0,0,0,0,56000,0,10000,-10000,155000,89000,66000,56000
062562,瑞儀凱基9B購02  ,0,0,0,0,0,0,0,0,0,56000,0,0,0,142000,86000,56000,56000
061343,大立光元大9A購04,0,0,0,0,0,0,0,0,0,56000,0,0,0,56000,0,56000,56000
064334,可成元大01購01  ,0,0,0,0,0,0,0,0,0,56000,0,0,0,56000,0,56000,56000
063911,大立光凱基9C購03,0,0,0,0,0,0,0,0,0,56000,0,0,0,56000,0,56000,56000
064201,新光金兆豐9C購01,0,0,0,0,0,0,0,0,0,56000,0,0,0,56000,0,56000,56000
064856,GIS國泰02購01   ,0,0,0,0,0,0,0,0,0,56000,0,0,0,121000,65000,56000,56000
065073,亞德客元大01購02,0,0,0,0,0,0,0,0,0,56000,0,0,0,61000,5000,56000,56000
066072,華新科凱基01購03,0,0,0,0,0,0,0,0,0,56000,0,0,0,68000,12000,56000,56000
066171,德律凱基01購01  ,0,0,0,0,0,0,0,0,0,56000,0,0,0,76000,20000,56000,56000
066223,拓凱國泰03購01  ,0,0,0,0,0,0,0,0,0,56000,0,0,0,65000,9000,56000,56000
6165,捷泰            ,60000,4000,56000,0,0,0,0,0,0,0,0,0,0,0,0,0,56000
08998P,玉晶光群益02售15,0,0,0,0,0,0,0,0,0,56000,0,0,0,56000,0,56000,56000
067006,德律永豐01購02  ,0,0,0,0,0,0,0,0,0,55000,0,0,0,55000,0,55000,55000
046881,智原富邦99購01  ,0,0,0,0,0,0,0,0,0,55000,0,0,0,55000,0,55000,55000
055161,貿聯元大98購03  ,0,0,0,0,0,0,0,0,0,55000,0,0,0,55000,0,55000,55000
060058,牧德凱基9B購01  ,0,0,0,0,0,0,0,0,0,55000,0,0,0,55000,0,55000,55000
059028,嘉聯益台新99購02,0,0,0,0,0,0,0,0,0,55000,0,0,0,138000,83000,55000,55000
058209,臺股指凱基01購01,0,0,0,0,0,0,0,0,0,55000,0,0,0,55000,0,55000,55000
058822,樺漢國泰9B購01  ,0,0,0,0,0,0,0,0,0,55000,0,0,0,81000,26000,55000,55000
059363,超眾永豐99購02  ,0,0,0,0,0,0,0,0,0,55000,0,0,0,55000,0,55000,55000
064577,大立光國泰02購01,0,0,0,0,0,0,0,0,0,55000,0,0,0,67000,12000,55000,55000
064278,高鐵元大9C購02  ,0,0,0,0,0,0,0,0,0,55000,0,0,0,61000,6000,55000,55000
063551,美食國票9B購02  ,0,0,0,0,0,0,0,0,0,55000,0,0,0,93000,38000,55000,55000
066737,創意元大01購05  ,0,0,0,0,0,0,0,0,0,55000,0,0,0,78000,23000,55000,55000
065034,玉晶光統一01購11,0,0,0,0,0,0,0,0,0,55000,0,0,0,168000,113000,55000,55000
065284,旺宏群益9C購03  ,0,0,0,0,0,0,0,0,0,55000,0,0,0,65000,10000,55000,55000
08884P,義隆國票02售01  ,0,0,0,0,0,0,0,0,0,55000,0,0,0,72000,17000,55000,55000
3686,達能            ,226000,171000,55000,0,0,0,0,0,0,0,0,0,0,0,0,0,55000
067035,台表科康和01購01,0,0,0,0,0,0,0,0,0,54000,0,0,0,54000,0,54000,54000
067237,國揚群益01購02  ,0,0,0,0,0,0,0,0,0,54000,0,0,0,162000,108000,54000,54000
067281,T50反1國票01購05,0,0,0,0,0,0,0,0,0,54000,0,0,0,607000,553000,54000,54000
067895,玉晶光群益02購09,0,0,0,0,0,0,0,0,0,54000,0,0,0,126000,72000,54000,54000
07490P,大立光國票9A售03,0,0,0,0,0,0,0,0,0,54000,0,0,0,54000,0,54000,54000
07574P,國巨元大9A售12  ,0,0,0,0,0,0,0,0,0,54000,0,0,0,55000,1000,54000,54000
07577P,華新科元大9A售09,0,0,0,0,0,0,0,0,0,54000,0,0,0,54000,0,54000,54000
08417P,聯發科元大9C售12,0,0,0,0,0,0,0,0,0,54000,0,0,0,99000,45000,54000,54000
08730P,緯穎永豐01售02  ,0,0,0,0,0,0,0,0,0,54000,0,0,0,54000,0,54000,54000
08520P,和大元大9C售04  ,0,0,0,0,0,0,0,0,0,54000,0,0,0,54000,0,54000,54000
08438P,鴻海國票01售02  ,0,0,0,0,0,0,0,0,0,54000,0,0,0,54000,0,54000,54000
059390,華新科凱基99購05,0,0,0,0,0,0,0,0,0,54000,0,0,0,54000,0,54000,54000
063481,緯穎元大9B購08  ,0,0,0,0,0,0,0,0,0,54000,0,0,0,54000,0,54000,54000
063285,華擎元大9B購03  ,0,0,0,0,0,0,0,0,0,54000,0,0,0,94000,40000,54000,54000
057636,上銀元大98購06  ,0,0,0,0,0,0,0,0,0,54000,0,0,0,54000,0,54000,54000
056357,台積電元大9A購01,0,0,0,0,0,0,0,0,0,54000,0,0,0,54000,0,54000,54000
061528,超眾凱基9A購04  ,0,0,0,0,0,0,0,0,0,54000,0,0,0,54000,0,54000,54000
062208,旭富國票9C購01  ,0,0,0,0,0,0,0,0,0,54000,0,0,0,54000,0,54000,54000
062449,臻鼎元大9B購01  ,0,0,0,0,0,0,0,0,0,54000,0,0,0,70000,16000,54000,54000
064678,嘉晶兆豐01購01  ,0,0,0,0,0,0,0,0,0,54000,0,0,0,110000,56000,54000,54000
066900,和潤康和07購01  ,0,0,0,0,0,0,0,0,0,54000,0,0,0,54000,0,54000,54000
065683,嘉聯益統一03購01,0,0,0,0,0,0,0,0,0,54000,0,0,0,56000,2000,54000,54000
06597P,國巨富邦9A售05  ,0,0,0,0,0,0,0,0,0,54000,0,0,0,60000,6000,54000,54000
08889P,台灣50元大01售28,0,0,0,0,0,0,0,0,0,54000,0,0,0,54000,0,54000,54000
6451,訊芯-KY         ,241050,208000,33050,0,0,0,0,0,0,20000,0,1000,-1000,36000,15000,21000,53050
067268,日月光永豐01購01,0,0,0,0,0,0,0,0,0,53000,0,0,0,248000,195000,53000,53000
067542,旭富群益01購03  ,0,0,0,0,0,0,0,0,0,53000,0,0,0,53000,0,53000,53000
059951,台塑康和99購01  ,0,0,0,0,0,0,0,0,0,53000,0,0,0,53000,0,53000,53000
00770,國泰北美科技    ,5000,0,5000,0,0,0,0,0,0,48000,0,0,0,161000,113000,48000,53000
063411,和潤國票9C購01  ,0,0,0,0,0,0,0,0,0,53000,0,0,0,55000,2000,53000,53000
063124,奇力新元大9B購05,0,0,0,0,0,0,0,0,0,53000,0,0,0,53000,0,53000,53000
065753,正崴元大9C購02  ,0,0,0,0,0,0,0,0,0,53000,0,0,0,62000,9000,53000,53000
066779,上証2X中信03購01,0,0,0,0,0,0,0,0,0,53000,0,0,0,53000,0,53000,53000
063899,同欣電群益9C購01,0,0,0,0,0,0,0,0,0,53000,0,0,0,53000,0,53000,53000
064807,義隆元大9C購03  ,0,0,0,0,0,0,0,0,0,53000,0,0,0,92000,39000,53000,53000
064944,亞德客凱基9C購03,0,0,0,0,0,0,0,0,0,53000,0,0,0,332000,279000,53000,53000
065060,上銀群益9C購02  ,0,0,0,0,0,0,0,0,0,53000,0,0,0,101000,48000,53000,53000
065413,玉晶光永豐9C購10,0,0,0,0,0,0,0,0,0,53000,0,0,0,53000,0,53000,53000
08818P,台灣50凱基01售18,0,0,0,0,0,0,0,0,0,53000,0,0,0,60000,7000,53000,53000
067816,玉晶光凱基01購05,0,0,0,0,0,0,0,0,0,52000,0,0,0,120000,68000,52000,52000
068212,GIS凱基02購04   ,0,0,0,0,0,0,0,0,0,52000,0,0,0,62000,10000,52000,52000
08466P,旺宏統一9C售03  ,0,0,0,0,0,0,0,0,0,52000,0,0,0,61000,9000,52000,52000
08675P,旺宏群益01售03  ,0,0,0,0,0,0,0,0,0,52000,0,0,0,61000,9000,52000,52000
063410,南六國票9C購01  ,0,0,0,0,0,0,0,0,0,52000,0,0,0,52000,0,52000,52000
063286,嘉澤元大9B購04  ,0,0,0,0,0,0,0,0,0,52000,0,0,0,91000,39000,52000,52000
058225,旺宏元富99購01  ,0,0,0,0,0,0,0,0,0,52000,0,0,0,57000,5000,52000,52000
058616,台虹元大9A購01  ,0,0,0,0,0,0,0,0,0,52000,0,0,0,57000,5000,52000,52000
00631L,元大台灣50正2   ,392000,484000,-92000,0,0,0,0,0,0,144000,0,76000,-76000,1547000,1327000,220000,52000
057161,亞德客元大98購02,0,55000,-55000,0,0,0,0,0,0,107000,0,0,0,300000,193000,107000,52000
057102,亞光中信9A購01  ,0,0,0,0,0,0,0,0,0,52000,0,0,0,52000,0,52000,52000
058053,上銀統一9B購01  ,0,0,0,0,0,0,0,0,0,52000,0,0,0,464000,412000,52000,52000
059090,台新金元大99購01,0,0,0,0,0,0,0,0,0,52000,0,0,0,52000,0,52000,52000
062917,旭富元大9C購03  ,0,0,0,0,0,0,0,0,0,52000,0,0,0,52000,0,52000,52000
061875,華新科元大9B購03,0,0,0,0,0,0,0,0,0,52000,0,0,0,52000,0,52000,52000
064543,華通凱基02購02  ,0,0,0,0,0,0,0,0,0,52000,0,0,0,98000,46000,52000,52000
061626,超眾群益9A購02  ,0,0,0,0,0,0,0,0,0,52000,0,0,0,95000,43000,52000,52000
065124,燿華永豐9C購03  ,0,0,0,0,0,0,0,0,0,52000,0,0,0,52000,0,52000,52000
066713,台灣50元大01購21,0,0,0,0,0,0,0,0,0,52000,0,0,0,98000,46000,52000,52000
066905,台積電凱基03購03,0,0,0,0,0,0,0,0,0,52000,0,0,0,52000,0,52000,52000
08833P,緯穎群益01售03  ,0,0,0,0,0,0,0,0,0,52000,0,0,0,52000,0,52000,52000
08658P,聯發科統一9C售19,0,0,0,0,0,0,0,0,0,51000,0,0,0,116000,65000,51000,51000
08609P,世紀鋼永豐9C售03,0,0,0,0,0,0,0,0,0,51000,0,0,0,63000,12000,51000,51000
067822,同欣電凱基01購02,0,0,0,0,0,0,0,0,0,51000,0,0,0,51000,0,51000,51000
067845,美食元富04購01  ,0,0,0,0,0,0,0,0,0,51000,0,0,0,245000,194000,51000,51000
067705,遠東新元富01購01,0,0,0,0,0,0,0,0,0,51000,0,0,0,128000,77000,51000,51000
067367,台積電統一01購11,0,0,0,0,0,0,0,0,0,51000,0,0,0,51000,0,51000,51000
067146,台達電統一02購01,0,0,0,0,0,0,0,0,0,51000,0,0,0,534000,483000,51000,51000
057693,臺股指凱基98購11,0,0,0,0,0,0,0,0,0,51000,0,0,0,51000,0,51000,51000
061640,智原元大9A購01  ,0,0,0,0,0,0,0,0,0,51000,0,0,0,58000,7000,51000,51000
064466,聯電元富9C購01  ,0,0,0,0,0,0,0,0,0,51000,0,0,0,51000,0,51000,51000
060904,臺指反元大9C購07,0,0,0,0,0,0,0,0,0,51000,0,0,0,51000,0,51000,51000
061483,TPK元大9A購01   ,0,0,0,0,0,0,0,0,0,51000,0,0,0,163000,112000,51000,51000
060311,盟立永豐9A購01  ,0,0,0,0,0,0,0,0,0,51000,0,0,0,51000,0,51000,51000
064793,新光金國票01購02,0,0,0,0,0,0,0,0,0,51000,0,0,0,51000,0,51000,51000
08871P,大立光群益01售08,0,0,0,0,0,0,0,0,0,51000,0,0,0,63000,12000,51000,51000
08873P,欣興永豐01售01  ,0,0,0,0,0,0,0,0,0,51000,0,0,0,85000,34000,51000,51000
3346,麗清            ,80000,29000,51000,0,0,0,0,0,0,0,0,0,0,0,0,0,51000
067344,鎧勝凱基02購01  ,0,0,0,0,0,0,0,0,0,50000,0,0,0,78000,28000,50000,50000
067618,臺股指凱基01購14,0,0,0,0,0,0,0,0,0,50000,0,0,0,50000,0,50000,50000
067615,鈺齊凱基01購01  ,0,0,0,0,0,0,0,0,0,50000,0,0,0,160000,110000,50000,50000
067710,同欣電元富04購01,0,0,0,0,0,0,0,0,0,50000,0,0,0,219000,169000,50000,50000
067783,高鐵群益02購01  ,0,0,0,0,0,0,0,0,0,50000,0,0,0,50000,0,50000,50000
067864,台光電元大01購05,0,0,0,0,0,0,0,0,0,50000,0,0,0,62000,12000,50000,50000
067885,台積電群益02購02,0,0,0,0,0,0,0,0,0,50000,0,0,0,50000,0,50000,50000
068070,友達凱基05購01  ,0,0,0,0,0,0,0,0,0,50000,0,0,0,63000,13000,50000,50000
08600P,臺股指元大9C售32,0,0,0,0,0,0,0,0,0,50000,0,0,0,50000,0,50000,50000
08501P,臺股指國票9C售03,0,0,0,0,0,0,0,0,0,50000,0,0,0,50000,0,50000,50000
08629P,緯創凱基9C售02  ,0,0,0,0,0,0,0,0,0,50000,0,0,0,50000,0,50000,50000
08318P,台積電台新01售01,50000,0,50000,0,0,0,0,0,0,0,0,0,0,0,0,0,50000
08247P,台積電群益9C售06,0,0,0,0,0,0,0,0,0,50000,0,0,0,50000,0,50000,50000
08047P,臺股指國票9B售12,0,0,0,0,0,0,0,0,0,50000,0,0,0,50000,0,50000,50000
08134P,臺股指元大9B售40,0,0,0,0,0,0,0,0,0,50000,0,0,0,250000,200000,50000,50000
07400P,國巨凱基99售20  ,0,0,0,0,0,0,0,0,0,50000,0,0,0,50000,0,50000,50000
07292P,臺股指凱基99售44,0,0,0,0,0,0,0,0,0,50000,0,0,0,50000,0,50000,50000
07314P,T50正2元大9C售03,0,0,0,0,0,0,0,0,0,50000,0,0,0,50000,0,50000,50000
07195P,大立光元大99售12,0,0,0,0,0,0,0,0,0,50000,0,0,0,50000,0,50000,50000
07817P,同欣電群益9A售02,0,0,0,0,0,0,0,0,0,50000,0,0,0,50000,0,50000,50000
068431,華通凱基03購02  ,0,0,0,0,0,0,0,0,0,50000,0,0,0,57000,7000,50000,50000
068466,帆宣永豐01購02  ,0,0,0,0,0,0,0,0,0,50000,0,0,0,50000,0,50000,50000
057689,南亞科凱基99購02,0,0,0,0,0,0,0,0,0,50000,0,0,0,50000,0,50000,50000
057618,台光電凱基99購01,0,0,0,0,0,0,0,0,0,50000,0,0,0,90000,40000,50000,50000
057577,廣宇中信9A購01  ,0,0,0,0,0,0,0,0,0,50000,0,0,0,70000,20000,50000,50000
057532,智原元大98購03  ,0,0,0,0,0,0,0,0,0,50000,0,0,0,50000,0,50000,50000
063244,華新科元大9B購11,0,0,0,0,0,0,0,0,0,50000,0,0,0,50000,0,50000,50000
057875,京鼎元大98購03  ,0,0,0,0,0,0,0,0,0,50000,0,0,0,50000,0,50000,50000
058230,國巨元大99購11  ,0,0,0,0,0,0,0,0,0,50000,0,0,0,50000,0,50000,50000
059298,大立光元富9C購02,0,0,0,0,0,0,0,0,0,50000,0,0,0,205000,155000,50000,50000
060101,大立光元大99購31,0,0,0,0,0,0,0,0,0,50000,0,0,0,50000,0,50000,50000
059917,華新科元大99購19,0,0,0,0,0,0,0,0,0,50000,0,0,0,51000,1000,50000,50000
059918,華新科元大99購20,0,0,0,0,0,0,0,0,0,50000,0,0,0,51000,1000,50000,50000
056263,友訊統一99購01  ,0,0,0,0,0,0,0,0,0,50000,0,0,0,50000,0,50000,50000
057066,緯穎富邦99購01  ,0,0,0,0,0,0,0,0,0,50000,0,0,0,50000,0,50000,50000
055621,國巨國泰98購03  ,0,0,0,0,0,0,0,0,0,50000,0,0,0,50000,0,50000,50000
055433,嘉聯益群益99購01,0,0,0,0,0,0,0,0,0,50000,0,0,0,50000,0,50000,50000
03059P,台積電凱基01售19,0,0,0,0,0,0,0,0,0,50000,0,0,0,73000,23000,50000,50000
03017P,深中小群益01售02,0,0,0,0,0,0,0,0,0,50000,0,0,0,50000,0,50000,50000
056755,聯茂兆豐98購01  ,0,0,0,0,0,0,0,0,0,50000,0,0,0,58000,8000,50000,50000
060341,國巨統一9C購02  ,0,0,0,0,0,0,0,0,0,50000,0,0,0,50000,0,50000,50000
060894,奇力新凱基9A購03,0,0,0,0,0,0,0,0,0,50000,0,0,0,50000,0,50000,50000
060826,牧德元大9B購02  ,0,0,0,0,0,0,0,0,0,50000,0,0,0,50000,0,50000,50000
064404,奇力新凱基02購01,0,0,0,0,0,0,0,0,0,50000,0,0,0,50000,0,50000,50000
064316,貿聯群益9C購02  ,0,0,0,0,0,0,0,0,0,50000,0,0,0,98000,48000,50000,50000
064280,大立光元大9C購11,0,0,0,0,0,0,0,0,0,50000,0,0,0,50000,0,50000,50000
062292,旭富永豐9B購01  ,0,0,0,0,0,0,0,0,0,50000,0,0,0,50000,0,50000,50000
063565,旺宏元大9B購08  ,0,0,0,0,0,0,0,0,0,50000,0,0,0,50000,0,50000,50000
06376P,上銀統一99售01  ,0,0,0,0,0,0,0,0,0,50000,0,0,0,50000,0,50000,50000
063795,上銀凱基9C購01  ,0,0,0,0,0,0,0,0,0,50000,0,0,0,50000,0,50000,50000
062904,台光電元大9B購06,0,0,0,0,0,0,0,0,0,50000,0,0,0,60000,10000,50000,50000
062441,華新科元大9C購01,0,0,0,0,0,0,0,0,0,50000,0,0,0,52000,2000,50000,50000
062442,華新科元大9C購02,0,0,0,0,0,0,0,0,0,50000,0,0,0,50000,0,50000,50000
062443,大立光元大9B購05,0,0,0,0,0,0,0,0,0,50000,0,0,0,50000,0,50000,50000
064660,華通元大9C購05  ,0,0,0,0,0,0,0,0,0,50000,0,0,0,128000,78000,50000,50000
064716,國巨統一9C購14  ,0,0,0,0,0,0,0,0,0,50000,0,0,0,150000,100000,50000,50000
065149,遠東新群益9C購01,0,0,0,0,0,0,0,0,0,50000,0,0,0,52000,2000,50000,50000
065389,聯茂兆豐9C購01  ,0,0,0,0,0,0,0,0,0,50000,0,0,0,50000,0,50000,50000
065648,華擎元大01購02  ,0,0,0,0,0,0,0,0,0,50000,0,0,0,50000,0,50000,50000
066839,台灣50元大01購24,0,0,0,0,0,0,0,0,0,50000,0,0,0,50000,0,50000,50000
066862,台達電台新01購01,0,0,0,0,0,0,0,0,0,50000,0,0,0,66000,16000,50000,50000
066805,泰碩凱基02購03  ,0,0,0,0,0,0,0,0,0,50000,0,0,0,50000,0,50000,50000
066740,揚明光元大01購02,0,0,0,0,0,0,0,0,0,50000,0,0,0,50000,0,50000,50000
066176,華擎凱基01購01  ,0,0,0,0,0,0,0,0,0,50000,0,0,0,85000,35000,50000,50000
066062,同欣電元大01購02,0,0,0,0,0,0,0,0,0,50000,0,0,0,53000,3000,50000,50000
066125,得力群益01購01  ,0,0,0,0,0,0,0,0,0,50000,0,0,0,50000,0,50000,50000
3679,新至陞          ,69000,16000,53000,0,0,0,0,0,0,-3000,12000,15000,-3000,0,0,0,50000
067937,玉晶光凱基02購04,0,0,0,0,0,0,0,0,0,49000,0,0,0,175000,126000,49000,49000
059754,訊芯群益9A購01  ,0,0,0,0,0,0,0,0,0,49000,0,0,0,85000,36000,49000,49000
058923,華新科元富99購06,0,0,0,0,0,0,0,0,0,49000,0,0,0,49000,0,49000,49000
063494,金像電富邦9B購01,0,0,0,0,0,0,0,0,0,49000,0,0,0,95000,46000,49000,49000
057835,華擎元富9B購01  ,0,0,0,0,0,0,0,0,0,49000,0,0,0,52000,3000,49000,49000
061594,玉晶光永豐9A購08,0,0,0,0,0,0,0,0,0,49000,0,0,0,50000,1000,49000,49000
060981,旺宏元大9A購08  ,0,0,0,0,0,0,0,0,0,49000,0,0,0,99000,50000,49000,49000
066180,正文凱基01購01  ,0,0,0,0,0,0,0,0,0,49000,0,0,0,49000,0,49000,49000
065785,奇力新永豐9C購02,0,0,0,0,0,0,0,0,0,49000,0,0,0,87000,38000,49000,49000
065799,友訊群益01購03  ,0,0,0,0,0,0,0,0,0,49000,0,0,0,131000,82000,49000,49000
066759,盟立永豐01購03  ,0,0,0,0,0,0,0,0,0,49000,0,0,0,63000,14000,49000,49000
065189,台郡統一9C購03  ,0,0,0,0,0,0,0,0,0,49000,0,0,0,49000,0,49000,49000
065040,燿華凱基9C購01  ,0,0,0,0,0,0,0,0,0,49000,0,0,0,51000,2000,49000,49000
064726,創意統一01購03  ,0,0,0,0,0,0,0,0,0,49000,0,0,0,77000,28000,49000,49000
063885,南六元富9C購01  ,0,0,0,0,0,0,0,0,0,49000,0,0,0,161000,112000,49000,49000
8499,鼎炫-KY         ,121000,71000,50000,0,0,0,0,0,0,-1000,0,1000,-1000,0,0,0,49000
2530,華建            ,84000,47000,37000,0,0,0,0,0,0,12000,12000,0,12000,0,0,0,49000
068216,國巨台新01購01  ,0,0,0,0,0,0,0,0,0,48000,0,0,0,72000,24000,48000,48000
08742P,友達凱基01售02  ,0,0,0,0,0,0,0,0,0,48000,0,0,0,536000,488000,48000,48000
058325,昇陽半永豐99購01,0,0,0,0,0,0,0,0,0,48000,0,0,0,101000,53000,48000,48000
058797,大毅元大99購03  ,0,0,0,0,0,0,0,0,0,48000,0,0,0,59000,11000,48000,48000
020004,兆豐電菁英30N   ,0,0,0,0,0,0,0,0,0,48000,0,0,0,52000,4000,48000,48000
060490,華新科台新9A購01,0,0,0,0,0,0,0,0,0,48000,0,0,0,49000,1000,48000,48000
060776,世芯凱基9B購01  ,0,0,0,0,0,0,0,0,0,48000,0,0,0,48000,0,48000,48000
063656,台光電元富03購01,0,0,0,0,0,0,0,0,0,48000,0,0,0,108000,60000,48000,48000
064747,彩晶國票01購01  ,0,0,0,0,0,0,0,0,0,48000,0,0,0,48000,0,48000,48000
064864,金像電永豐01購01,0,0,0,0,0,0,0,0,0,48000,0,0,0,48000,0,48000,48000
064955,健策凱基9C購03  ,0,0,0,0,0,0,0,0,0,48000,0,0,0,105000,57000,48000,48000
065250,同欣電麥證9C購01,0,0,0,48000,0,48000,0,0,0,48000,0,0,0,48000,0,48000,48000
065636,台表科國票01購03,0,0,0,0,0,0,0,0,0,48000,0,0,0,182000,134000,48000,48000
066445,牧德群益01購01  ,0,0,0,0,0,0,0,0,0,48000,0,0,0,90000,42000,48000,48000
08561P,台表科國票01售02,0,0,0,0,0,0,0,0,0,47000,0,0,0,67000,20000,47000,47000
08408P,臺股指元大9C售14,0,0,0,0,0,0,0,0,0,47000,0,0,0,62000,15000,47000,47000
07966P,瑞祺群益9B售02  ,0,0,0,0,0,0,0,0,0,47000,0,0,0,58000,11000,47000,47000
07840P,康控元大9A售02  ,0,0,0,0,0,0,0,0,0,47000,0,0,0,47000,0,47000,47000
060022,勤誠康和99購01  ,0,0,0,0,0,0,0,0,0,47000,0,0,0,47000,0,47000,47000
058496,文曄群益99購01  ,0,0,0,0,0,0,0,0,0,47000,0,0,0,47000,0,47000,47000
063495,台光電富邦9C購01,0,0,0,0,0,0,0,0,0,47000,0,0,0,47000,0,47000,47000
063319,神達群益9B購01  ,0,0,0,0,0,0,0,0,0,47000,0,0,0,54000,7000,47000,47000
061855,台郡國票9B購01  ,0,0,0,0,0,0,0,0,0,47000,0,0,0,60000,13000,47000,47000
062310,南亞科凱基9B購02,0,0,0,0,0,0,0,0,0,47000,0,0,0,47000,0,47000,47000
061437,燿華凱基9A購01  ,0,0,0,0,0,0,0,0,0,47000,0,0,0,59000,12000,47000,47000
066689,技嘉台新01購01  ,0,0,0,0,0,0,0,0,0,47000,0,0,0,51000,4000,47000,47000
065939,創意群益01購01  ,0,0,0,0,0,0,0,0,0,47000,0,0,0,47000,0,47000,47000
063948,高鐵元大9C購01  ,0,0,0,0,0,0,0,0,0,47000,0,0,0,47000,0,47000,47000
3419,譁裕            ,59000,11000,48000,0,0,0,0,0,0,-1000,0,1000,-1000,0,0,0,47000
068289,國泰金群益01購01,0,0,0,0,0,0,0,0,0,46000,0,0,0,46000,0,46000,46000
08555P,超眾國票01售01  ,0,0,0,0,0,0,0,0,0,46000,0,0,0,46000,0,46000,46000
08753P,群創群益01售01  ,0,0,0,0,0,0,0,0,0,46000,0,0,0,46000,0,46000,46000
067999,大毅元大01購03  ,0,0,0,0,0,0,0,0,0,46000,0,0,0,46000,0,46000,46000
056829,台積電富邦9A購01,0,0,0,0,0,0,0,0,0,46000,0,0,0,50000,4000,46000,46000
061262,智邦凱基9A購02  ,0,0,0,0,0,0,0,0,0,46000,0,0,0,46000,0,46000,46000
062535,台積電麥證02購01,0,0,0,46000,0,46000,0,0,0,46000,0,0,0,46000,0,46000,46000
062132,神隆群益9B購01  ,0,0,0,0,0,0,0,0,0,46000,0,0,0,104000,58000,46000,46000
062726,華擎凱基9B購02  ,0,0,0,0,0,0,0,0,0,46000,0,0,0,46000,0,46000,46000
062062,貿聯統一01購01  ,0,0,0,0,0,0,0,0,0,46000,0,0,0,254000,208000,46000,46000
063677,台光電國泰9C購02,0,0,0,0,0,0,0,0,0,46000,0,0,0,46000,0,46000,46000
064626,聯茂元大9C購01  ,0,0,0,0,0,0,0,0,0,46000,0,0,0,137000,91000,46000,46000
064814,祥碩元大9C購06  ,0,0,0,0,0,0,0,0,0,46000,0,0,0,94000,48000,46000,46000
065303,國泰金元富9C購01,0,0,0,0,0,0,0,0,0,46000,0,0,0,46000,0,46000,46000
065853,智伸科元大9C購02,0,0,0,0,0,0,0,0,0,46000,0,0,0,46000,0,46000,46000
066724,台達電元大01購01,0,0,0,0,0,0,0,0,0,46000,0,0,0,65000,19000,46000,46000
066884,亞光永豐01購01  ,0,0,0,0,0,0,0,0,0,46000,0,0,0,46000,0,46000,46000
066499,台郡國泰02購01  ,0,0,0,0,0,0,0,0,0,46000,0,0,0,68000,22000,46000,46000
4426,利勤            ,135000,89000,46000,0,0,0,0,0,0,0,0,0,0,0,0,0,46000
067115,京鼎群益02購05  ,0,0,0,0,0,0,0,0,0,45000,0,0,0,45000,0,45000,45000
067089,瑞祺元大01購04  ,0,0,0,0,0,0,0,0,0,45000,0,0,0,50000,5000,45000,45000
08743P,群創凱基01售04  ,0,0,0,0,0,0,0,0,0,45000,0,0,0,50000,5000,45000,45000
068319,聯電元大01購05  ,0,0,0,0,0,0,0,0,0,45000,0,0,0,48000,3000,45000,45000
07949P,滬深2X元大9B售04,0,0,0,0,0,0,0,0,0,45000,0,0,0,72000,27000,45000,45000
057437,可成國票99購01  ,0,0,0,0,0,0,0,0,0,45000,0,0,0,46000,1000,45000,45000
057763,康控凱基99購02  ,0,0,0,0,0,0,0,0,0,45000,0,0,0,45000,0,45000,45000
058600,國巨元大99購15  ,0,0,0,0,0,0,0,0,0,45000,0,0,0,45000,0,45000,45000
05953P,台積電國票98售02,0,0,0,0,0,0,0,0,0,45000,0,0,0,45000,0,45000,45000
061525,華新科凱基9A購13,0,0,0,0,0,0,0,0,0,45000,0,0,0,87000,42000,45000,45000
061879,超眾元大9C購01  ,0,0,0,0,0,0,0,0,0,45000,0,0,0,90000,45000,45000,45000
061210,玉山金元大9A購02,0,0,0,0,0,0,0,0,0,45000,0,0,0,146000,101000,45000,45000
061180,華擎凱基9B購01  ,0,0,0,0,0,0,0,0,0,45000,0,0,0,45000,0,45000,45000
060406,瑞祺國泰9B購01  ,0,0,0,0,0,0,0,0,0,45000,0,0,0,45000,0,45000,45000
066465,同欣電統一01購05,0,0,0,0,0,0,0,0,0,45000,0,0,0,169000,124000,45000,45000
066872,亞光國泰03購01  ,0,0,0,0,0,0,0,0,0,45000,0,0,0,375000,330000,45000,45000
066830,國揚群益01購01  ,0,0,0,0,0,0,0,0,0,45000,0,0,0,180000,135000,45000,45000
065990,華擎永豐01購01  ,0,0,0,0,0,0,0,0,0,45000,0,0,0,45000,0,45000,45000
065179,同欣電元大02購01,0,0,0,0,0,0,0,0,0,45000,0,0,0,62000,17000,45000,45000
065167,華通元大02購01  ,0,0,0,0,0,0,0,0,0,45000,0,0,0,205000,160000,45000,45000
065026,世紀鋼永豐9C購02,0,0,0,0,0,0,0,0,0,45000,0,0,0,308000,263000,45000,45000
065032,TPK兆豐01購01   ,0,0,0,0,0,0,0,0,0,45000,0,0,0,69000,24000,45000,45000
065101,力成元大9C購05  ,0,0,0,0,0,0,0,0,0,45000,0,0,0,50000,5000,45000,45000
065516,健鼎群益9C購02  ,0,0,0,0,0,0,0,0,0,45000,0,0,0,96000,51000,45000,45000
065450,同欣電統一01購03,0,0,0,0,0,0,0,0,0,45000,0,0,0,45000,0,45000,45000
064906,台表科群益9C購02,0,0,0,0,0,0,0,0,0,45000,0,0,0,51000,6000,45000,45000
064172,義隆元富9C購01  ,0,0,0,0,0,0,0,0,0,45000,0,0,0,45000,0,45000,45000
6477,安集            ,193000,148000,45000,0,0,0,0,0,0,0,0,0,0,0,0,0,45000
1786,科妍            ,58000,12000,46000,0,0,0,0,0,0,-1000,0,1000,-1000,0,0,0,45000
08887P,聯發科富邦03售06,0,0,0,0,0,0,0,0,0,45000,0,0,0,50000,5000,45000,45000
3036,文曄            ,110796,109000,1796,0,0,0,0,0,0,43000,2000,27000,-25000,80000,12000,68000,44796
08577P,臺指2X中信03售01,0,0,0,0,0,0,0,0,0,44000,0,0,0,74000,30000,44000,44000
08639P,聯發科永豐9C售03,0,0,0,0,0,0,0,0,0,44000,0,0,0,44000,0,44000,44000
08528P,台勝科元大9C售02,0,0,0,0,0,0,0,0,0,44000,0,0,0,44000,0,44000,44000
067514,申豐統一02購05  ,0,0,0,0,0,0,0,0,0,44000,0,0,0,248000,204000,44000,44000
067897,玉晶光群益02購11,0,0,0,0,0,0,0,0,0,44000,0,0,0,91000,47000,44000,44000
057730,聯鈞國泰9A購01  ,0,0,0,0,0,0,0,0,0,44000,0,0,0,161000,117000,44000,44000
063331,瑞儀國票9C購01  ,0,0,0,0,0,0,0,0,0,44000,0,0,0,189000,145000,44000,44000
061363,儒鴻國票9B購01  ,0,0,0,0,0,0,0,0,0,44000,0,0,0,70000,26000,44000,44000
061693,華新科群益9B購02,0,0,0,0,0,0,0,0,0,44000,0,0,0,144000,100000,44000,44000
064406,健策凱基03購01  ,0,0,0,0,0,0,0,0,0,44000,0,0,0,72000,28000,44000,44000
060211,智邦康和9A購01  ,0,0,0,0,0,0,0,0,0,44000,0,0,0,44000,0,44000,44000
062755,茂林麥證9B購01  ,0,0,0,54000,10000,44000,0,0,0,44000,0,0,0,54000,10000,44000,44000
063955,TPK元大9C購01   ,0,0,0,0,0,0,0,0,0,44000,0,0,0,162000,118000,44000,44000
064121,國巨元大9C購16  ,0,0,0,0,0,0,0,0,0,44000,0,0,0,57000,13000,44000,44000
065663,凌華永豐9C購01  ,0,0,0,0,0,0,0,0,0,44000,0,0,0,44000,0,44000,44000
066093,世紀鋼永豐01購01,0,0,0,0,0,0,0,0,0,44000,0,0,0,142000,98000,44000,44000
065894,漢翔統一03購01  ,0,0,0,0,0,0,0,0,0,44000,0,0,0,54000,10000,44000,44000
065736,同欣電凱基9C購05,0,0,0,0,0,0,0,0,0,44000,0,0,0,66000,22000,44000,44000
066551,大立光元大01購07,0,0,0,0,0,0,0,0,0,44000,0,0,0,50000,6000,44000,44000
8271,宇瞻            ,207000,160000,47000,0,0,0,0,0,0,-3000,0,3000,-3000,0,0,0,44000
2425,承啟            ,124000,79000,45000,0,0,0,0,0,0,-1000,0,1000,-1000,0,0,0,44000
067888,奇力新群益01購02,0,0,0,0,0,0,0,0,0,43000,0,0,0,50000,7000,43000,43000
067927,瑞祺兆豐01購01  ,0,0,0,0,0,0,0,0,0,43000,0,0,0,120000,77000,43000,43000
067736,國巨元大02購04  ,0,0,0,0,0,0,0,0,0,43000,0,0,0,63000,20000,43000,43000
067582,華通群益02購04  ,0,0,0,0,0,0,0,0,0,43000,0,0,0,107000,64000,43000,43000
08234P,華擎元富9B售03  ,0,0,0,0,0,0,0,0,0,43000,0,0,0,101000,58000,43000,43000
07610P,大立光國票9A售04,0,0,0,0,0,0,0,0,0,43000,0,0,0,43000,0,43000,43000
063404,金像電國票9B購01,0,0,0,0,0,0,0,0,0,43000,0,0,0,52000,9000,43000,43000
058632,世紀鋼國票9A購01,0,0,0,0,0,0,0,0,0,43000,0,0,0,98000,55000,43000,43000
055417,健策富邦98購02  ,0,0,0,0,0,0,0,0,0,43000,0,0,0,43000,0,43000,43000
054421,臺股指元大99購03,0,0,0,0,0,0,0,0,0,43000,0,0,0,63000,20000,43000,43000
062988,儒鴻群益9B購01  ,0,0,0,0,0,0,0,0,0,43000,0,0,0,205000,162000,43000,43000
061822,和潤群益9B購01  ,0,0,0,0,0,0,0,0,0,43000,0,0,0,55000,12000,43000,43000
060911,大毅元大9A購01  ,0,0,0,0,0,0,0,0,0,43000,0,0,0,48000,5000,43000,43000
060718,中磊永豐9A購01  ,0,0,0,0,0,0,0,0,0,43000,0,0,0,97000,54000,43000,43000
066369,瀚宇博中信01購01,0,0,0,0,0,0,0,0,0,43000,0,0,0,43000,0,43000,43000
065680,聯發科統一9C購16,0,0,0,0,0,0,0,0,0,43000,0,0,0,259000,216000,43000,43000
065361,上銀元大9C購11  ,0,0,0,0,0,0,0,0,0,43000,0,0,0,193000,150000,43000,43000
065118,國巨富邦01購02  ,0,0,0,0,0,0,0,0,0,43000,0,0,0,47000,4000,43000,43000
064075,台積電中信06購01,0,0,0,0,0,0,0,0,0,43000,0,0,0,43000,0,43000,43000
063892,旺宏群益01購01  ,0,0,0,0,0,0,0,0,0,43000,0,0,0,43000,0,43000,43000
1783,和康生          ,81000,38000,43000,0,0,0,0,0,0,0,0,0,0,0,0,0,43000
1506,正道            ,79000,36000,43000,0,0,0,0,0,0,0,0,0,0,0,0,0,43000
3669,圓展            ,1179000,1154000,25000,0,0,0,0,0,0,18000,30000,12000,18000,0,0,0,43000
068414,聯電中信01購01  ,0,0,0,0,0,0,0,0,0,42000,0,0,0,52000,10000,42000,42000
06906P,國巨國泰99售01  ,0,0,0,0,0,0,0,0,0,42000,0,0,0,42000,0,42000,42000
066995,盟立國泰03購01  ,0,0,0,0,0,0,0,0,0,42000,0,0,0,42000,0,42000,42000
053891,欣興群益98購01  ,0,0,0,0,0,0,0,0,0,42000,0,0,0,62000,20000,42000,42000
057589,超眾國票9A購01  ,0,0,0,0,0,0,0,0,0,42000,0,0,0,42000,0,42000,42000
058572,百和凱基9A購01  ,0,0,0,0,0,0,0,0,0,42000,0,0,0,42000,0,42000,42000
06448P,華通元大99售01  ,0,0,0,0,0,0,0,0,0,42000,0,0,0,62000,20000,42000,42000
061619,大立光群益9B購01,0,0,0,0,0,0,0,0,0,42000,0,0,0,42000,0,42000,42000
064346,貿聯元大01購01  ,0,0,0,0,0,0,0,0,0,42000,0,0,0,100000,58000,42000,42000
063666,京元電統一9C購01,0,0,0,0,0,0,0,0,0,42000,0,0,0,42000,0,42000,42000
062324,上銀統一9B購04  ,0,0,0,0,0,0,0,0,0,42000,0,0,0,75000,33000,42000,42000
062393,智邦富邦9B購01  ,0,0,0,0,0,0,0,0,0,42000,0,0,0,62000,20000,42000,42000
064112,宏碁國票01購01  ,0,0,0,0,0,0,0,0,0,42000,0,0,0,70000,28000,42000,42000
064148,瑞昱統一02購01  ,0,0,0,0,0,0,0,0,0,42000,0,0,0,142000,100000,42000,42000
065129,上銀兆豐01購01  ,0,0,0,0,0,0,0,0,0,42000,0,0,0,78000,36000,42000,42000
065362,華通元大9C購06  ,0,0,0,0,0,0,0,0,0,42000,0,0,0,186000,144000,42000,42000
065463,大立光中信01購02,0,0,0,0,0,0,0,0,0,42000,0,0,0,93000,51000,42000,42000
065763,台表科元大9C購14,0,0,0,0,0,0,0,0,0,42000,0,0,0,59000,17000,42000,42000
066531,智伸科元富01購01,0,0,0,0,0,0,0,0,0,42000,0,0,0,42000,0,42000,42000
2414,精技            ,122000,80000,42000,0,0,0,0,0,0,0,0,0,0,0,0,0,42000
067629,亞德客永豐01購01,0,0,0,0,0,0,0,0,0,41000,0,0,0,160000,119000,41000,41000
067796,臺股指群益01購08,0,0,0,0,0,0,0,0,0,41000,0,0,0,60000,19000,41000,41000
068081,GIS凱基01購03   ,0,0,0,0,0,0,0,0,0,41000,0,0,0,60000,19000,41000,41000
057623,友訊國泰99購01  ,0,0,0,0,0,0,0,0,0,41000,0,0,0,110000,69000,41000,41000
058669,上銀群益99購01  ,0,0,0,0,0,0,0,0,0,41000,0,0,0,41000,0,41000,41000
059531,華新科凱基9B購02,0,0,0,0,0,0,0,0,0,41000,0,0,0,42000,1000,41000,41000
056264,聯發科統一98購02,0,0,0,0,0,0,0,0,0,41000,0,0,0,54000,13000,41000,41000
057231,美律凱基98購05  ,0,0,0,0,0,0,0,0,0,41000,0,0,0,41000,0,41000,41000
054893,帆宣統一99購01  ,0,0,0,0,0,0,0,0,0,41000,0,0,0,42000,1000,41000,41000
047885,元金2X富邦99購01,0,0,0,0,0,0,0,0,0,41000,0,0,0,46000,5000,41000,41000
063705,臻鼎群益9B購03  ,0,0,0,0,0,0,0,0,0,41000,0,0,0,96000,55000,41000,41000
062280,大立光群益9C購01,0,0,0,0,0,0,0,0,0,41000,0,0,0,41000,0,41000,41000
063615,瑞祺群益9B購03  ,0,0,0,0,0,0,0,0,0,41000,0,0,0,41000,0,41000,41000
061901,柏文永豐9B購01  ,0,0,0,0,0,0,0,0,0,41000,0,0,0,151000,110000,41000,41000
060699,華新科國泰9B購03,0,0,0,0,0,0,0,0,0,41000,0,0,0,148000,107000,41000,41000
066786,聯發科麥證01購05,0,0,0,41000,0,41000,0,0,0,41000,0,0,0,41000,0,41000,41000
066262,華碩元大01購02  ,0,0,0,0,0,0,0,0,0,41000,0,0,0,190000,149000,41000,41000
065021,貿聯富邦03購01  ,0,0,0,0,0,0,0,0,0,41000,0,0,0,51000,10000,41000,41000
065146,帆宣凱基9C購01  ,0,0,0,0,0,0,0,0,0,41000,0,0,0,41000,0,41000,41000
064224,玉晶光國票01購04,0,0,0,0,0,0,0,0,0,41000,0,0,0,49000,8000,41000,41000
064694,玉晶光群益02購02,0,0,0,0,0,0,0,0,0,41000,0,0,0,43000,2000,41000,41000
3090,日電貿          ,99000,58000,41000,0,0,0,0,0,0,0,0,1000,-1000,1000,0,1000,41000
910861,神州-DR         ,41000,0,41000,0,0,0,0,0,0,0,0,0,0,0,0,0,41000
067811,高鐵凱基01購01  ,0,0,0,0,0,0,0,0,0,40000,0,0,0,40000,0,40000,40000
067938,玉晶光凱基02購05,0,0,0,0,0,0,0,0,0,40000,0,0,0,101000,61000,40000,40000
067892,玉晶光群益02購06,0,0,0,0,0,0,0,0,0,40000,0,0,0,82000,42000,40000,40000
067604,晶技凱基01購02  ,0,0,0,0,0,0,0,0,0,40000,0,0,0,57000,17000,40000,40000
07845P,南亞科元大9A售08,0,0,0,0,0,0,0,0,0,40000,0,0,0,50000,10000,40000,40000
08264P,南電元大9C售02  ,0,0,0,0,0,0,0,0,0,40000,0,0,0,40000,0,40000,40000
08430P,友達凱基01售01  ,0,0,0,0,0,0,0,0,0,40000,0,0,0,40000,0,40000,40000
08154P,上銀元富9B售04  ,0,0,0,0,0,0,0,0,0,40000,0,0,0,40000,0,40000,40000
08169P,台光電群益9B售04,0,0,0,0,0,0,0,0,0,40000,0,0,0,40000,0,40000,40000
07986P,大成鋼統一9B售02,0,0,0,0,0,0,0,0,0,40000,0,0,0,40000,0,40000,40000
08619P,國巨群益9C售21  ,0,0,0,0,0,0,0,0,0,40000,0,0,0,40000,0,40000,40000
08559P,瑞昱國票9C售01  ,0,0,0,0,0,0,0,0,0,40000,0,0,0,40000,0,40000,40000
056460,同欣電凱基99購01,0,0,0,0,0,0,0,0,0,40000,0,0,0,40000,0,40000,40000
057279,國揚元大98購01  ,0,0,0,0,0,0,0,0,0,40000,0,0,0,40000,0,40000,40000
057125,國巨凱基98購12  ,0,0,0,0,0,0,0,0,0,40000,0,0,0,40000,0,40000,40000
059938,凱美永豐99購01  ,0,0,0,0,0,0,0,0,0,40000,0,0,0,156000,116000,40000,40000
059034,華通群益9B購02  ,0,0,0,0,0,0,0,0,0,40000,0,0,0,100000,60000,40000,40000
054055,全新國票99購02  ,0,0,0,0,0,0,0,0,0,40000,0,0,0,40000,0,40000,40000
053764,A50正2富邦99購01,0,0,0,0,0,0,0,0,0,40000,0,0,0,40000,0,40000,40000
055999,電子類富邦99購01,0,0,0,0,0,0,0,0,0,40000,0,0,0,60000,20000,40000,40000
055569,聚陽統一98購01  ,0,0,0,0,0,0,0,0,0,40000,0,0,0,40000,0,40000,40000
055337,超眾兆豐98購01  ,0,0,0,0,0,0,0,0,0,40000,0,0,0,40000,0,40000,40000
059391,立積凱基9A購01  ,0,0,0,0,0,0,0,0,0,40000,0,0,0,40000,0,40000,40000
058949,上銀群益99購02  ,0,0,0,0,0,0,0,0,0,40000,0,0,0,40000,0,40000,40000
057915,台泥凱基98購01  ,0,0,0,0,0,0,0,0,0,40000,0,0,0,40000,0,40000,40000
058575,智邦群益99購01  ,0,0,0,0,0,0,0,0,0,40000,0,0,0,40000,0,40000,40000
059873,華新科凱基99購09,0,0,0,0,0,0,0,0,0,40000,0,0,0,40000,0,40000,40000
063344,臺企銀統一9C購01,0,0,0,0,0,0,0,0,0,40000,0,0,0,40000,0,40000,40000
061081,宏碁兆豐9A購01  ,0,0,0,0,0,0,0,0,0,40000,0,0,0,40000,0,40000,40000
060320,元金2X群益02購01,0,0,0,0,0,0,0,0,0,40000,0,0,0,41000,1000,40000,40000
061297,台積電富邦9C購09,0,0,0,0,0,0,0,0,0,40000,0,0,0,40000,0,40000,40000
063996,貿聯群益9C購01  ,0,0,0,0,0,0,0,0,0,40000,0,0,0,60000,20000,40000,40000
064585,中壽永豐9C購01  ,0,0,0,0,0,0,0,0,0,40000,0,0,0,40000,0,40000,40000
060240,富邦金元大9A購01,0,0,0,0,0,0,0,0,0,40000,0,0,0,52000,12000,40000,40000
061792,和大永豐9B購01  ,0,0,0,0,0,0,0,0,0,40000,0,0,0,40000,0,40000,40000
063722,遠東新元大9B購02,0,0,0,0,0,0,0,0,0,40000,0,0,0,60000,20000,40000,40000
062176,元金2X元大9B購01,0,0,0,0,0,0,0,0,0,40000,0,0,0,50000,10000,40000,40000
062466,FBVIX凱基9B購01 ,0,0,0,0,0,0,0,0,0,40000,0,0,0,60000,20000,40000,40000
063000,緯穎國票9B購03  ,0,0,0,0,0,0,0,0,0,40000,0,0,0,40000,0,40000,40000
062763,華擎凱基9C購02  ,0,0,0,0,0,0,0,0,0,40000,0,0,0,58000,18000,40000,40000
064628,南六元大9C購05  ,0,0,0,0,0,0,0,0,0,40000,0,0,0,44000,4000,40000,40000
064091,台郡凱基01購01  ,0,0,0,0,0,0,0,0,0,40000,0,0,0,55000,15000,40000,40000
063958,瑞祺元大9C購01  ,0,0,0,0,0,0,0,0,0,40000,0,0,0,63000,23000,40000,40000
064881,聯茂兆豐01購02  ,0,0,0,0,0,0,0,0,0,40000,0,0,0,285000,245000,40000,40000
064867,華新科永豐9C購03,0,0,0,0,0,0,0,0,0,40000,0,0,0,40000,0,40000,40000
065175,大立光元大01購05,0,0,0,0,0,0,0,0,0,40000,0,0,0,40000,0,40000,40000
065170,智邦元大9C購07  ,0,0,0,0,0,0,0,0,0,40000,0,0,0,79000,39000,40000,40000
065235,旭富凱基02購01  ,0,0,0,0,0,0,0,0,0,40000,0,0,0,50000,10000,40000,40000
065102,同欣電元大9C購07,0,0,0,0,0,0,0,0,0,40000,0,0,0,53000,13000,40000,40000
065326,華擎凱基02購01  ,0,0,0,0,0,0,0,0,0,40000,0,0,0,61000,21000,40000,40000
065972,聯發科元大01購07,0,0,0,0,0,0,0,0,0,40000,0,0,0,60000,20000,40000,40000
066879,智伸科富邦03購01,0,0,0,0,0,0,0,0,0,40000,0,0,0,224000,184000,40000,40000
08940P,聯發科第一01售01,0,0,0,0,0,0,0,0,0,40000,0,0,0,1060000,1020000,40000,40000
08414P,超眾凱基9C售02  ,0,0,0,0,0,0,0,0,0,39000,0,0,0,42000,3000,39000,39000
07067P,旺宏台新99售02  ,0,0,0,0,0,0,0,0,0,39000,0,0,0,93000,54000,39000,39000
067498,臻鼎元大01購03  ,0,0,0,0,0,0,0,0,0,39000,0,0,0,207000,168000,39000,39000
068280,滬深2X中信01購03,0,0,0,0,0,0,0,0,0,39000,0,0,0,72000,33000,39000,39000
063245,富邦金元大9B購03,0,0,0,0,0,0,0,0,0,39000,0,0,0,129000,90000,39000,39000
058525,台虹元大99購02  ,0,0,0,0,0,0,0,0,0,39000,0,0,0,39000,0,39000,39000
058210,臺股指凱基9C購04,0,0,0,0,0,0,0,0,0,39000,0,0,0,41000,2000,39000,39000
058016,智邦凱基98購06  ,0,0,0,0,0,0,0,0,0,39000,0,0,0,45000,6000,39000,39000
058729,國巨永豐99購03  ,0,0,0,0,0,0,0,0,0,39000,0,0,0,39000,0,39000,39000
055713,國巨元大98購09  ,0,0,0,0,0,0,0,0,0,39000,0,0,0,50000,11000,39000,39000
060044,大立光群益99購09,0,0,0,0,0,0,0,0,0,39000,0,0,0,39000,0,39000,39000
057331,台積電國票99購04,0,0,0,0,0,0,0,0,0,39000,0,0,0,448000,409000,39000,39000
052838,新唐國泰98購01  ,0,0,0,0,0,0,0,0,0,39000,0,0,0,39000,0,39000,39000
03079P,台灣50元大01售31,0,0,0,0,0,0,0,0,0,39000,0,0,0,63000,24000,39000,39000
00668,國泰美國道瓊    ,0,0,0,0,0,0,0,0,0,39000,0,0,0,89000,50000,39000,39000
064396,創意永豐9C購01  ,0,0,0,0,0,0,0,0,0,39000,0,0,0,97000,58000,39000,39000
060934,台汽電永豐9A購02,0,0,0,0,0,0,0,0,0,39000,0,0,0,76000,37000,39000,39000
061463,智邦群益9A購02  ,0,0,0,0,0,0,0,0,0,39000,0,0,0,59000,20000,39000,39000
060286,佳世達元大9C購01,0,0,0,0,0,0,0,0,0,39000,0,0,0,59000,20000,39000,39000
065815,微星元富9C購01  ,0,0,0,0,0,0,0,0,0,39000,0,0,0,95000,56000,39000,39000
066286,瑞祺元大01購01  ,0,0,0,0,0,0,0,0,0,39000,0,0,0,93000,54000,39000,39000
06610P,台積電凱基9A售03,0,0,0,0,0,0,0,0,0,39000,0,0,0,54000,15000,39000,39000
066033,南六群益02購01  ,0,0,0,0,0,0,0,0,0,39000,0,0,0,77000,38000,39000,39000
066054,創意元大01購02  ,0,0,0,0,0,0,0,0,0,39000,0,0,0,43000,4000,39000,39000
065327,台表科凱基9C購02,0,0,0,0,0,0,0,0,0,39000,0,0,0,65000,26000,39000,39000
065414,立積永豐9C購01  ,0,0,0,0,0,0,0,0,0,39000,0,0,0,49000,10000,39000,39000
064230,上銀統一01購04  ,0,0,0,0,0,0,0,0,0,39000,0,0,0,185000,146000,39000,39000
064115,高股息元大9C購01,0,0,0,0,0,0,0,0,0,39000,0,0,0,39000,0,39000,39000
063912,信邦凱基01購01  ,0,0,0,0,0,0,0,0,0,39000,0,0,0,39000,0,39000,39000
08986P,聯發科元富07售06,0,0,0,0,0,0,0,0,0,39000,0,0,0,44000,5000,39000,39000
9103,美德醫療-DR     ,40000,1000,39000,0,0,0,0,0,0,0,0,0,0,0,0,0,39000
5285,界霖            ,48000,9000,39000,0,0,0,0,0,0,0,0,0,0,0,0,0,39000
067964,燿華群益02購02  ,0,0,0,0,0,0,0,0,0,38000,0,0,0,48000,10000,38000,38000
067852,大毅國票02購01  ,0,0,0,0,0,0,0,0,0,38000,0,0,0,39000,1000,38000,38000
067648,國巨元富07購09  ,0,0,0,0,0,0,0,0,0,38000,0,0,0,40000,2000,38000,38000
08315P,台積電元大9C售08,0,0,0,0,0,0,0,0,0,38000,0,0,0,285000,247000,38000,38000
054974,台表科元大98購02,0,0,0,0,0,0,0,0,0,38000,0,0,0,38000,0,38000,38000
059797,大立光國票99購01,0,0,0,0,0,0,0,0,0,38000,0,0,0,38000,0,38000,38000
058476,旺宏凱基9A購01  ,0,0,0,0,0,0,0,0,0,38000,0,0,0,38000,0,38000,38000
058399,美律元大99購05  ,0,0,0,0,0,0,0,0,0,38000,0,0,0,138000,100000,38000,38000
057824,日月光元大98購01,0,0,0,0,0,0,0,0,0,38000,0,0,0,38000,0,38000,38000
060865,創意永豐9A購01  ,0,0,0,0,0,0,0,0,0,38000,0,0,0,39000,1000,38000,38000
061122,敬鵬永豐9A購01  ,0,0,0,0,0,0,0,0,0,38000,0,0,0,66000,28000,38000,38000
064526,臺股指群益9C購11,0,0,0,0,0,0,0,0,0,38000,0,0,0,40000,2000,38000,38000
062824,國巨群益9C購03  ,0,0,0,0,0,0,0,0,0,38000,0,0,0,50000,12000,38000,38000
062500,國巨群益01購01  ,0,0,0,0,0,0,0,0,0,38000,0,0,0,39000,1000,38000,38000
061882,矽創元大9B購01  ,0,0,0,0,0,0,0,0,0,38000,0,0,0,106000,68000,38000,38000
064755,南亞科凱基01購02,0,0,0,0,0,0,0,0,0,38000,0,0,0,100000,62000,38000,38000
065436,力成凱基02購01  ,0,0,0,0,0,0,0,0,0,38000,0,0,0,48000,10000,38000,38000
065355,聯發科元富03購05,0,0,0,0,0,0,0,0,0,38000,0,0,0,40000,2000,38000,38000
065105,巨大元大01購01  ,0,0,0,0,0,0,0,0,0,38000,0,0,0,38000,0,38000,38000
066310,長興永豐01購01  ,0,0,0,0,0,0,0,0,0,38000,0,0,0,57000,19000,38000,38000
065975,緯創元大02購01  ,0,0,0,0,0,0,0,0,0,38000,0,0,0,452000,414000,38000,38000
066863,上証2X元富07購01,0,0,0,0,0,0,0,0,0,38000,0,0,0,38000,0,38000,38000
08472P,和碩凱基9C售02  ,0,0,0,0,0,0,0,0,0,37000,0,0,0,37000,0,37000,37000
068328,聯發科元大01購28,0,0,0,0,0,0,0,0,0,37000,0,0,0,198000,161000,37000,37000
066993,世紀鋼群益01購03,0,0,0,0,0,0,0,0,0,37000,0,0,0,119000,82000,37000,37000
058124,玉晶光國票9A購01,0,0,0,0,0,0,0,0,0,37000,0,0,0,37000,0,37000,37000
063544,華新科台新9B購02,0,0,0,0,0,0,0,0,0,37000,0,0,0,38000,1000,37000,37000
060204,矽創元富9A購01  ,0,0,0,0,0,0,0,0,0,37000,0,0,0,93000,56000,37000,37000
060215,柏文康和9A購01  ,0,0,0,0,0,0,0,0,0,37000,0,0,0,37000,0,37000,37000
060816,世紀鋼凱基9C購02,0,0,0,0,0,0,0,0,0,37000,0,0,0,72000,35000,37000,37000
060376,瑞祺元富9A購01  ,0,0,0,0,0,0,0,0,0,37000,0,0,0,47000,10000,37000,37000
065260,金像電元大9C購07,0,0,0,0,0,0,0,0,0,37000,0,0,0,43000,6000,37000,37000
065288,華新科群益02購02,0,0,0,0,0,0,0,0,0,37000,0,0,0,134000,97000,37000,37000
065464,健鼎中信9C購01  ,0,0,0,0,0,0,0,0,0,37000,0,0,0,47000,10000,37000,37000
064870,中租永豐9C購01  ,0,0,0,0,0,0,0,0,0,37000,0,0,0,72000,35000,37000,37000
064658,喬山元大9C購01  ,0,0,0,0,0,0,0,0,0,37000,0,0,0,37000,0,37000,37000
064729,聯茂統一02購02  ,0,0,0,0,0,0,0,0,0,37000,0,0,0,47000,10000,37000,37000
4540,全球傳動        ,58000,21000,37000,0,0,0,0,0,0,0,0,0,0,0,0,0,37000
2538,基泰            ,100000,60000,40000,0,0,0,0,0,0,-3000,0,3000,-3000,0,0,0,37000
2548,華固            ,285000,230000,55000,0,0,0,0,0,0,-18000,10000,28000,-18000,0,0,0,37000
067594,國巨凱基01購06  ,0,0,0,0,0,0,0,0,0,36000,0,0,0,37000,1000,36000,36000
07472P,和碩元大9A售03  ,0,0,0,0,0,0,0,0,0,36000,0,0,0,36000,0,36000,36000
08230P,台表科國票9C售03,0,0,0,0,0,0,0,0,0,36000,0,0,0,55000,19000,36000,36000
08432P,台勝科凱基9C售02,0,0,0,0,0,0,0,0,0,36000,0,0,0,36000,0,36000,36000
0051,元大中型100     ,2000,2000,0,0,0,0,0,0,0,36000,0,0,0,36000,0,36000,36000
00710B,FH彭博高收益債  ,0,0,0,0,0,0,0,0,0,36000,0,0,0,153000,117000,36000,36000
057553,景碩凱基98購03  ,0,0,0,0,0,0,0,0,0,36000,0,0,0,46000,10000,36000,36000
059708,立積凱基9A購02  ,0,0,0,0,0,0,0,0,0,36000,0,0,0,36000,0,36000,36000
059533,富邦金凱基99購01,0,0,0,0,0,0,0,0,0,36000,0,0,0,46000,10000,36000,36000
059344,長榮航凱基99購01,0,0,0,0,0,0,0,0,0,36000,0,0,0,36000,0,36000,36000
058684,健策凱基99購02  ,0,0,0,0,0,0,0,0,0,36000,0,0,0,46000,10000,36000,36000
060412,儒鴻永豐9A購01  ,0,0,0,0,0,0,0,0,0,36000,0,0,0,343000,307000,36000,36000
061370,晶技國泰9C購01  ,0,0,0,0,0,0,0,0,0,36000,0,0,0,37000,1000,36000,36000
061633,統一元大9A購01  ,0,5000,-5000,0,0,0,0,0,0,41000,0,0,0,316000,275000,41000,36000
061645,超眾元大9A購06  ,0,0,0,0,0,0,0,0,0,36000,0,0,0,36000,0,36000,36000
061530,智邦台新9A購02  ,0,0,0,0,0,0,0,0,0,36000,0,0,0,36000,0,36000,36000
062927,同欣電國票9B購02,0,0,0,0,0,0,0,0,0,36000,0,0,0,71000,35000,36000,36000
064757,義隆凱基01購02  ,0,0,0,0,0,0,0,0,0,36000,0,0,0,330000,294000,36000,36000
064228,同欣電國票01購01,0,0,0,0,0,0,0,0,0,36000,0,0,0,47000,11000,36000,36000
065609,嘉澤元大01購02  ,0,0,0,0,0,0,0,0,0,36000,0,0,0,168000,132000,36000,36000
066654,上証2X凱基03購02,0,0,0,0,0,0,0,0,0,36000,0,0,0,84000,48000,36000,36000
066569,帆宣元大01購02  ,0,0,0,0,0,0,0,0,0,36000,0,0,0,48000,12000,36000,36000
066409,勤誠凱基01購01  ,0,0,0,0,0,0,0,0,0,36000,0,0,0,36000,0,36000,36000
08424P,群創元富9C售03  ,0,0,0,0,0,0,0,0,0,35000,0,0,0,35000,0,35000,35000
08387P,臺股指群益9C售15,0,0,0,0,0,0,0,0,0,35000,0,0,0,35000,0,35000,35000
08096P,大立光元富9B售04,0,0,0,0,0,0,0,0,0,35000,0,0,0,46000,11000,35000,35000
06933P,禾伸堂元大98售03,0,0,0,0,0,0,0,0,0,35000,0,0,0,35000,0,35000,35000
067585,大毅群益01購02  ,0,0,0,0,0,0,0,0,0,35000,0,0,0,35000,0,35000,35000
067569,台積電麥證01購10,0,0,0,135000,0,135000,0,0,0,35000,0,0,0,135000,100000,35000,35000
067638,台積電統一03購02,0,0,0,0,0,0,0,0,0,35000,0,0,0,49000,14000,35000,35000
067863,國巨元大02購05  ,0,0,0,0,0,0,0,0,0,35000,0,0,0,67000,32000,35000,35000
057930,旺宏群益99購04  ,0,0,0,0,0,0,0,0,0,35000,0,0,0,36000,1000,35000,35000
059528,華新科凱基99購06,0,0,0,0,0,0,0,0,0,35000,0,0,0,35000,0,35000,35000
059474,元石油群益99購01,0,0,0,0,0,0,0,0,0,35000,0,0,0,35000,0,35000,35000
057580,玉山金中信9A購01,0,0,0,0,0,0,0,0,0,35000,0,0,0,55000,20000,35000,35000
055104,台達電凱基98購01,0,0,0,0,0,0,0,0,0,35000,0,0,0,35000,0,35000,35000
056906,玉晶光元大9B購01,0,0,0,0,0,0,0,0,0,35000,0,0,0,312000,277000,35000,35000
062894,道瓊銀元大9B購02,0,0,0,0,0,0,0,0,0,35000,0,0,0,35000,0,35000,35000
062814,台光電兆豐9B購01,0,0,0,0,0,0,0,0,0,35000,0,0,0,35000,0,35000,35000
063137,瑞昱統一01購02  ,0,0,0,0,0,0,0,0,0,35000,0,0,0,35000,0,35000,35000
062463,世紀鋼麥證9B購01,0,0,0,90000,55000,35000,0,0,0,35000,0,0,0,90000,55000,35000,35000
063676,上銀國泰9C購02  ,0,0,0,0,0,0,0,0,0,35000,0,0,0,135000,100000,35000,35000
063752,瑞祺國票9C購01  ,0,0,0,0,0,0,0,0,0,35000,0,0,0,35000,0,35000,35000
063599,智邦凱基9B購04  ,0,0,0,0,0,0,0,0,0,35000,0,0,0,35000,0,35000,35000
061932,上銀國票9B購01  ,0,0,0,0,0,0,0,0,0,35000,0,0,0,47000,12000,35000,35000
064590,牧德永豐9C購01  ,0,0,0,0,0,0,0,0,0,35000,0,0,0,52000,17000,35000,35000
064588,玉晶光永豐9C購05,0,0,0,0,0,0,0,0,0,35000,0,0,0,151000,116000,35000,35000
064367,貿聯統一01購02  ,0,0,0,0,0,0,0,0,0,35000,0,0,0,35000,0,35000,35000
06125P,楠梓電元富99售01,0,0,0,0,0,0,0,0,0,35000,0,0,0,44000,9000,35000,35000
066605,盟立永豐01購02  ,0,0,0,0,0,0,0,0,0,35000,0,0,0,35000,0,35000,35000
065692,國巨群益9C購17  ,0,0,0,0,0,0,0,0,0,35000,0,0,0,35000,0,35000,35000
065306,泰鼎元富9C購02  ,0,0,0,0,0,0,0,0,0,35000,0,0,0,47000,12000,35000,35000
064992,玉晶光兆豐01購01,0,0,0,0,0,0,0,0,0,35000,0,0,0,60000,25000,35000,35000
2233,宇隆            ,64000,24000,40000,0,0,0,0,0,0,-5000,0,5000,-5000,0,0,0,35000
08919P,臺股指凱基01售10,0,0,0,0,0,0,0,0,0,35000,0,0,0,45000,10000,35000,35000
067368,技嘉統一03購01  ,0,0,0,0,0,0,0,0,0,34000,0,0,0,280000,246000,34000,34000
07487P,鴻海國票9A售01  ,0,0,0,0,0,0,0,0,0,34000,0,0,0,34000,0,34000,34000
08220P,華邦電凱基9B售02,0,0,0,0,0,0,0,0,0,34000,0,0,0,40000,6000,34000,34000
08458P,南電元大9C售04  ,0,0,0,0,0,0,0,0,0,34000,0,0,0,90000,56000,34000,34000
056811,健策統一9B購01  ,0,0,0,0,0,0,0,0,0,34000,0,0,0,34000,0,34000,34000
03453B,臺股指元大02熊02,0,0,0,0,0,0,0,0,0,34000,0,0,0,226000,192000,34000,34000
060097,華新科元大99購23,0,0,0,0,0,0,0,0,0,34000,0,0,0,36000,2000,34000,34000
056955,台灣50永豐98購01,0,0,0,0,0,0,0,0,0,34000,0,0,0,34000,0,34000,34000
058448,滬深2X永豐9A購01,0,0,0,0,0,0,0,0,0,34000,0,0,0,39000,5000,34000,34000
059853,超眾永豐99購03  ,0,0,0,0,0,0,0,0,0,34000,0,0,0,34000,0,34000,34000
059003,中壽元大99購01  ,0,0,0,0,0,0,0,0,0,34000,0,0,0,34000,0,34000,34000
058648,聯陽永豐99購01  ,0,0,0,0,0,0,0,0,0,34000,0,0,0,35000,1000,34000,34000
060468,聯鈞元大9A購02  ,0,0,0,0,0,0,0,0,0,34000,0,0,0,91000,57000,34000,34000
060426,盛群永豐9A購01  ,0,0,0,0,0,0,0,0,0,34000,0,0,0,85000,51000,34000,34000
060601,技嘉凱基9A購02  ,0,0,0,0,0,0,0,0,0,34000,0,0,0,53000,19000,34000,34000
064006,晶技凱基9C購02  ,0,0,0,0,0,0,0,0,0,34000,0,0,0,71000,37000,34000,34000
062897,上銀元大9B購06  ,0,0,0,0,0,0,0,0,0,34000,0,0,0,248000,214000,34000,34000
062857,SP黃豆國票9C購01,0,0,0,0,0,0,0,0,0,34000,0,0,0,34000,0,34000,34000
065703,大毅群益9C購01  ,0,0,0,0,0,0,0,0,0,34000,0,0,0,78000,44000,34000,34000
066876,大立光富邦05購01,0,0,0,0,0,0,0,0,0,34000,0,0,0,45000,11000,34000,34000
066909,義隆凱基01購04  ,0,0,0,0,0,0,0,0,0,34000,0,0,0,164000,130000,34000,34000
066934,宏達電國票02購01,0,0,0,0,0,0,0,0,0,34000,0,0,0,34000,0,34000,34000
4720,德淵            ,51000,16000,35000,0,0,0,0,0,0,-1000,1000,2000,-1000,0,0,0,34000
08701P,景碩康和01售02  ,0,0,0,0,0,0,0,0,0,33000,0,0,0,45000,12000,33000,33000
08261P,玉晶光元大9C售08,0,0,0,0,0,0,0,0,0,33000,0,0,0,33000,0,33000,33000
068321,國巨元大01購18  ,0,0,0,0,0,0,0,0,0,33000,0,0,0,33000,0,33000,33000
068357,富邦金凱基01購01,0,0,0,0,0,0,0,0,0,33000,0,0,0,66000,33000,33000,33000
067931,旺宏凱基01購05  ,0,0,0,0,0,0,0,0,0,33000,0,0,0,63000,30000,33000,33000
059147,矽創國票99購01  ,0,0,0,0,0,0,0,0,0,33000,0,0,0,34000,1000,33000,33000
057691,健策凱基99購01  ,0,0,0,0,0,0,0,0,0,33000,0,0,0,101000,68000,33000,33000
063393,華通群益9C購05  ,0,0,0,0,0,0,0,0,0,33000,0,0,0,103000,70000,33000,33000
063431,神隆元富9B購01  ,0,0,0,0,0,0,0,0,0,33000,0,0,0,76000,43000,33000,33000
053088,奇鋐元大98購01  ,0,0,0,0,0,0,0,0,0,33000,0,0,0,37000,4000,33000,33000
064277,可成元大9C購04  ,0,0,0,0,0,0,0,0,0,33000,0,0,0,36000,3000,33000,33000
060612,世紀鋼凱基9A購01,0,0,0,0,0,0,0,0,0,33000,0,0,0,183000,150000,33000,33000
066917,美利達凱基01購02,0,0,0,0,0,0,0,0,0,33000,0,0,0,40000,7000,33000,33000
066893,技嘉兆豐01購02  ,0,0,0,0,0,0,0,0,0,33000,0,0,0,137000,104000,33000,33000
066812,志超凱基01購01  ,0,0,0,0,0,0,0,0,0,33000,0,0,0,212000,179000,33000,33000
066624,燿華凱基01購02  ,0,0,0,0,0,0,0,0,0,33000,0,0,0,42000,9000,33000,33000
066272,聯陽元大01購01  ,0,0,0,0,0,0,0,0,0,33000,0,0,0,362000,329000,33000,33000
066194,美利達凱基01購01,0,0,0,0,0,0,0,0,0,33000,0,0,0,60000,27000,33000,33000
08890P,為升元大01售04  ,0,0,0,0,0,0,0,0,0,33000,0,0,0,33000,0,33000,33000
08906P,義隆群益01售04  ,0,0,0,0,0,0,0,0,0,33000,0,0,0,33000,0,33000,33000
2379,瑞昱            ,860853,1003255,-142402,0,0,0,125500,9000,116500,58000,35000,1000,34000,27000,3000,24000,32098
068029,台積電元富07購09,0,0,0,0,0,0,0,0,0,32000,0,0,0,32000,0,32000,32000
068101,奇力新永豐01購01,0,0,0,0,0,0,0,0,0,32000,0,0,0,110000,78000,32000,32000
08156P,大立光元富9B售05,0,0,0,0,0,0,0,0,0,32000,0,0,0,41000,9000,32000,32000
057506,聯鈞國票99購02  ,0,0,0,0,0,0,0,0,0,32000,0,0,0,38000,6000,32000,32000
056277,上銀富邦99購02  ,0,0,0,0,0,0,0,0,0,32000,0,0,0,32000,0,32000,32000
053537,玉晶光永豐98購02,0,0,0,0,0,0,0,0,0,32000,0,0,0,134000,102000,32000,32000
058455,玉晶光永豐99購03,0,0,0,0,0,0,0,0,0,32000,0,0,0,33000,1000,32000,32000
059358,旺宏永豐99購02  ,0,0,0,0,0,0,0,0,0,32000,0,0,0,105000,73000,32000,32000
060307,南港永豐9A購01  ,0,0,0,0,0,0,0,0,0,32000,0,0,0,64000,32000,32000,32000
061258,華通凱基9A購06  ,0,0,0,0,0,0,0,0,0,32000,0,0,0,43000,11000,32000,32000
060876,國巨中信9A購04  ,0,0,0,0,0,0,0,0,0,32000,0,0,0,32000,0,32000,32000
064616,智邦元大9C購04  ,0,0,0,0,0,0,0,0,0,32000,0,0,0,127000,95000,32000,32000
061710,國巨凱基9A購18  ,0,0,0,0,0,0,0,0,0,32000,0,0,0,32000,0,32000,32000
060929,健策永豐9A購01  ,0,0,0,0,0,0,0,0,0,32000,0,0,0,46000,14000,32000,32000
064468,健策元富9C購02  ,0,0,0,0,0,0,0,0,0,32000,0,0,0,161000,129000,32000,32000
063027,台汽電元大9B購01,0,0,0,0,0,0,0,0,0,32000,0,0,0,137000,105000,32000,32000
062075,智邦元大9B購03  ,0,0,0,0,0,0,0,0,0,32000,0,0,0,50000,18000,32000,32000
062204,京元電國票9C購01,0,0,0,0,0,0,0,0,0,32000,0,0,0,70000,38000,32000,32000
063554,GIS國票9C購03   ,0,0,0,0,0,0,0,0,0,32000,0,0,0,32000,0,32000,32000
063208,鈺齊統一9C購01  ,0,0,0,0,0,0,0,0,0,32000,0,0,0,32000,0,32000,32000
066623,國巨凱基04購01  ,0,0,0,0,0,0,0,0,0,32000,0,0,0,38000,6000,32000,32000
066637,瀚宇博凱基01購02,0,0,0,0,0,0,0,0,0,32000,0,0,0,111000,79000,32000,32000
065577,超眾群益9C購02  ,0,0,0,0,0,0,0,0,0,32000,0,0,0,52000,20000,32000,32000
3504,揚明光          ,91000,45000,46000,0,0,0,0,0,0,-14000,0,2000,-2000,0,12000,-12000,32000
9914,美利達          ,202000,430000,-228000,0,0,0,242000,45000,197000,63000,84000,13000,71000,5000,13000,-8000,32000
068506,GIS元大01購07   ,0,0,0,0,0,0,0,0,0,31000,0,0,0,131000,100000,31000,31000
067484,聯詠元大01購07  ,0,0,0,0,0,0,0,0,0,31000,0,0,0,176000,145000,31000,31000
058969,亞德客永豐99購01,0,0,0,0,0,0,0,0,0,31000,0,0,0,149000,118000,31000,31000
00690,兆豐藍籌30      ,0,0,0,0,0,0,0,0,0,31000,0,0,0,522000,491000,31000,31000
063760,聯詠統一9C購02  ,0,0,0,0,0,0,0,0,0,31000,0,0,0,53000,22000,31000,31000
063659,世紀鋼元富9B購01,0,0,0,0,0,0,0,0,0,31000,0,0,0,465000,434000,31000,31000
063076,柏文永豐9B購02  ,0,0,0,0,0,0,0,0,0,31000,0,0,0,31000,0,31000,31000
062308,旺宏凱基9B購04  ,0,0,0,0,0,0,0,0,0,31000,0,0,0,31000,0,31000,31000
062162,世紀鋼凱基9B購03,0,0,0,0,0,0,0,0,0,31000,0,0,0,117000,86000,31000,31000
060884,超眾中信9B購01  ,0,0,0,0,0,0,0,0,0,31000,0,0,0,51000,20000,31000,31000
060389,世紀鋼凱基9B購02,0,0,0,0,0,0,0,0,0,31000,0,0,0,55000,24000,31000,31000
060604,宏達電凱基9B購01,0,0,0,0,0,0,0,0,0,31000,0,0,0,123000,92000,31000,31000
060760,南亞科元大9A購04,0,0,0,0,0,0,0,0,0,31000,0,0,0,42000,11000,31000,31000
065374,義隆元大9C購07  ,0,0,0,0,0,0,0,0,0,31000,0,0,0,62000,31000,31000,31000
065018,台達電富邦03購01,0,0,0,0,0,0,0,0,0,31000,0,0,0,32000,1000,31000,31000
066618,南六康和01購01  ,0,0,0,0,0,0,0,0,0,31000,0,0,0,70000,39000,31000,31000
066373,美利達中信01購01,0,0,0,0,0,0,0,0,0,31000,0,0,0,266000,235000,31000,31000
066142,超眾群益01購03  ,0,0,0,0,0,0,0,0,0,31000,0,0,0,33000,2000,31000,31000
065804,大立光群益01購04,0,0,0,0,0,0,0,0,0,31000,0,0,0,34000,3000,31000,31000
6668,中揚光          ,105000,70000,35000,0,0,0,0,0,0,-4000,1000,5000,-4000,0,0,0,31000
067375,大立光統一03購03,0,0,0,0,0,0,0,0,0,30000,0,0,0,40000,10000,30000,30000
068198,奇力新凱基02購02,0,0,0,0,0,0,0,0,0,30000,0,0,0,30000,0,30000,30000
067921,旭富永豐01購02  ,0,0,0,0,0,0,0,0,0,30000,0,0,0,30000,0,30000,30000
067824,鈺齊凱基01購02  ,0,0,0,0,0,0,0,0,0,30000,0,0,0,30000,0,30000,30000
067698,潤泰全國票02購01,0,0,0,0,0,0,0,0,0,30000,0,0,0,344000,314000,30000,30000
067706,台積電元富07購07,0,0,0,0,0,0,0,0,0,30000,0,0,0,120000,90000,30000,30000
067768,鴻海統一03購05  ,0,0,0,0,0,0,0,0,0,30000,0,0,0,30000,0,30000,30000
07013P,玉晶光群益9A售06,0,0,0,0,0,0,0,0,0,30000,0,0,0,380000,350000,30000,30000
068351,鴻海凱基04購01  ,0,0,0,0,0,0,0,0,0,30000,0,0,0,30000,0,30000,30000
07386P,臺股指群益99售24,0,0,0,0,0,0,0,0,0,30000,0,0,0,30000,0,30000,30000
07348P,滬深2X凱基9A售04,0,0,0,0,0,0,0,0,0,30000,0,0,0,30000,0,30000,30000
07082P,美律元大99售06  ,0,0,0,0,0,0,0,0,0,30000,0,0,0,30000,0,30000,30000
07050P,宏達電中信9B售01,0,0,0,0,0,0,0,0,0,30000,0,0,0,30000,0,30000,30000
07558P,玉晶光元大9A售10,0,0,0,0,0,0,0,0,0,30000,0,0,0,30000,0,30000,30000
08147P,聯發科群益9B售10,0,0,0,0,0,0,0,0,0,30000,0,0,0,105000,75000,30000,30000
08225P,臺股指凱基9B售20,0,0,0,0,0,0,0,0,0,30000,0,0,0,30000,0,30000,30000
08011P,玉晶光元大9B售05,0,0,0,0,0,0,0,0,0,30000,0,0,0,30000,0,30000,30000
08648P,健策凱基9C售05  ,0,0,0,0,0,0,0,0,0,30000,0,0,0,30000,0,30000,30000
08793P,聯詠中信07售02  ,0,0,0,0,0,0,0,0,0,30000,0,0,0,30000,0,30000,30000
056573,華新科元大99購06,0,0,0,0,0,0,0,0,0,30000,0,0,0,30000,0,30000,30000
056858,國巨群益99購03  ,0,0,0,0,0,0,0,0,0,30000,0,0,0,40000,10000,30000,30000
055146,華通元大98購04  ,0,0,0,0,0,0,0,0,0,30000,0,0,0,30000,0,30000,30000
053449,超眾凱基98購01  ,0,0,0,0,0,0,0,0,0,30000,0,0,0,40000,10000,30000,30000
053573,臺股指統一99購01,0,0,0,0,0,0,0,0,0,30000,0,0,0,30000,0,30000,30000
057166,國巨元大99購06  ,0,0,0,0,0,0,0,0,0,30000,0,0,0,30000,0,30000,30000
053770,元金2X元大98購01,0,0,0,0,0,0,0,0,0,30000,0,0,0,30000,0,30000,30000
059631,京元電凱基99購02,0,0,0,0,0,0,0,0,0,30000,0,0,0,30000,0,30000,30000
059635,華新科凱基9A購06,0,0,0,0,0,0,0,0,0,30000,0,0,0,50000,20000,30000,30000
058712,鴻海統一9B購03  ,0,0,0,0,0,0,0,0,0,30000,0,0,0,40000,10000,30000,30000
063350,台表科統一02購02,0,0,0,0,0,0,0,0,0,30000,0,0,0,40000,10000,30000,30000
061091,奇力新統一9C購02,0,0,0,0,0,0,0,0,0,30000,0,0,0,30000,0,30000,30000
061049,奇力新中信9A購02,0,0,0,0,0,0,0,0,0,30000,0,0,0,30000,0,30000,30000
060283,台肥元大9C購01  ,0,0,0,0,0,0,0,0,0,30000,0,0,0,30000,0,30000,30000
061689,國巨群益9A購12  ,0,0,0,0,0,0,0,0,0,30000,0,0,0,33000,3000,30000,30000
061468,神達群益9A購01  ,0,0,0,0,0,0,0,0,0,30000,0,0,0,36000,6000,30000,30000
061273,臺股指凱基9A購23,0,0,0,0,0,0,0,0,0,30000,0,0,0,100000,70000,30000,30000
064455,美食統一01購03  ,0,0,0,0,0,0,0,0,0,30000,0,0,0,30000,0,30000,30000
064463,聯茂統一01購02  ,0,0,0,0,0,0,0,0,0,30000,0,0,0,30000,0,30000,30000
060218,台積電凱基9A購15,0,0,0,0,0,0,0,0,0,30000,0,0,0,30000,0,30000,30000
060233,宏碁元大9A購01  ,0,0,0,0,0,0,0,0,0,30000,0,0,0,30000,0,30000,30000
060945,緯穎國票9A購02  ,0,0,0,0,0,0,0,0,0,30000,0,0,0,50000,20000,30000,30000
061757,T50反1元大9B購01,0,0,0,0,0,0,0,0,0,30000,0,0,0,30000,0,30000,30000
06455P,上銀統一99售03  ,0,0,0,0,0,0,0,0,0,30000,0,0,0,30000,0,30000,30000
062530,大立光統一01購03,0,0,0,0,0,0,0,0,0,30000,0,0,0,30000,0,30000,30000
062494,中石化中信9C購01,0,0,0,0,0,0,0,0,0,30000,0,0,0,72000,42000,30000,30000
062450,臻鼎元大9B購02  ,0,0,0,0,0,0,0,0,0,30000,0,0,0,44000,14000,30000,30000
062932,滬深2X凱基01購01,0,0,0,0,0,0,0,0,0,30000,0,0,0,285000,255000,30000,30000
063708,上銀凱基9B購06  ,0,0,0,0,0,0,0,0,0,30000,0,0,0,30000,0,30000,30000
063687,金像電永豐9B購04,0,0,0,0,0,0,0,0,0,30000,0,0,0,200000,170000,30000,30000
061836,華新科凱基05購01,0,0,0,0,0,0,0,0,0,30000,0,0,0,53000,23000,30000,30000
061842,牧德凱基9C購01  ,0,0,0,0,0,0,0,0,0,30000,0,0,0,40000,10000,30000,30000
062037,華新凱基9B購01  ,0,0,0,0,0,0,0,0,0,30000,0,0,0,30000,0,30000,30000
061930,臺股指凱基9B購05,0,0,0,0,0,0,0,0,0,30000,0,0,0,82000,52000,30000,30000
06613P,華新科富邦9A售03,0,0,0,0,0,0,0,0,0,30000,0,0,0,30000,0,30000,30000
066014,嘉晶元富07購01  ,0,0,0,0,0,0,0,0,0,30000,0,0,0,30000,0,30000,30000
06687P,A50正2中信9A售01,0,0,0,0,0,0,0,0,0,30000,0,0,0,30000,0,30000,30000
066833,正文群益01購01  ,0,0,0,0,0,0,0,0,0,30000,0,0,0,137000,107000,30000,30000
066914,樺漢凱基02購01  ,0,0,0,0,0,0,0,0,0,30000,0,0,0,30000,0,30000,30000
065308,葡萄王國票01購01,0,0,0,0,0,0,0,0,0,30000,0,0,0,30000,0,30000,30000
064754,漢唐凱基02購01  ,0,0,0,0,0,0,0,0,0,30000,0,0,0,40000,10000,30000,30000
064197,智伸科群益9C購01,0,0,0,0,0,0,0,0,0,30000,0,0,0,61000,31000,30000,30000
063830,智伸科國票01購01,0,0,0,0,0,0,0,0,0,30000,0,0,0,30000,0,30000,30000
063806,瀚宇博兆豐01購01,0,0,0,0,0,0,0,0,0,30000,0,0,0,50000,20000,30000,30000
8011,台通            ,91000,60000,31000,0,0,0,0,0,0,-1000,0,1000,-1000,0,0,0,30000
4725,信昌化          ,30000,0,30000,0,0,0,0,0,0,0,0,0,0,0,0,0,30000
2388,威盛            ,1565000,1661000,-96000,0,0,0,0,0,0,126000,126000,0,126000,0,0,0,30000
08850P,台光電群益01售03,0,0,0,0,0,0,0,0,0,30000,0,0,0,40000,10000,30000,30000
08771P,滬深2X凱基01售02,0,0,0,0,0,0,0,0,0,29000,0,0,0,50000,21000,29000,29000
08732P,臺股指麥證01售04,0,0,0,29000,0,29000,0,0,0,29000,0,0,0,29000,0,29000,29000
08588P,緯穎元富03售01  ,0,0,0,0,0,0,0,0,0,29000,0,0,0,44000,15000,29000,29000
08175P,金像電統一9B售02,0,0,0,0,0,0,0,0,0,29000,0,0,0,39000,10000,29000,29000
08281P,國巨群益9C售08  ,0,0,0,0,0,0,0,0,0,29000,0,0,0,29000,0,29000,29000
06952P,大立光統一9A售03,0,0,0,0,0,0,0,0,0,29000,0,0,0,47000,18000,29000,29000
067758,儒鴻永豐01購01  ,0,0,0,0,0,0,0,0,0,29000,0,0,0,320000,291000,29000,29000
067874,台郡元大01購05  ,0,0,0,0,0,0,0,0,0,29000,0,0,0,107000,78000,29000,29000
057539,南茂元大98購02  ,0,0,0,0,0,0,0,0,0,29000,0,0,0,30000,1000,29000,29000
058204,世芯凱基9A購01  ,0,0,0,0,0,0,0,0,0,29000,0,0,0,29000,0,29000,29000
055579,健策統一9A購01  ,0,0,0,0,0,0,0,0,0,29000,0,0,0,45000,16000,29000,29000
057385,光罩永豐99購01  ,0,0,0,0,0,0,0,0,0,29000,0,0,0,292000,263000,29000,29000
00702,國泰標普低波高息,0,0,0,0,0,0,0,0,0,29000,0,0,0,29000,0,29000,29000
00654R,富邦印度反1     ,14000,0,14000,0,0,0,0,0,0,15000,0,0,0,15000,0,15000,29000
061978,旺宏元大9C購01  ,0,0,0,0,0,0,0,0,0,29000,0,0,0,79000,50000,29000,29000
062534,力成統一01購01  ,0,0,0,0,0,0,0,0,0,29000,0,0,0,30000,1000,29000,29000
061268,玉晶光凱基9B購04,0,0,0,0,0,0,0,0,0,29000,0,0,0,42000,13000,29000,29000
060559,世紀鋼凱基9C購01,0,0,0,0,0,0,0,0,0,29000,0,0,0,171000,142000,29000,29000
063894,漢唐群益9C購01  ,0,0,0,0,0,0,0,0,0,29000,0,0,0,41000,12000,29000,29000
064972,台積電元大9C購11,0,0,0,0,0,0,0,0,0,29000,0,0,0,42000,13000,29000,29000
065367,技嘉元大01購01  ,0,0,0,0,0,0,0,0,0,29000,0,0,0,29000,0,29000,29000
066430,台郡元大01購01  ,0,0,0,0,0,0,0,0,0,29000,0,0,0,89000,60000,29000,29000
066493,美利達元富01購01,0,0,0,0,0,0,0,0,0,29000,0,0,0,223000,194000,29000,29000
066009,創意統一02購02  ,0,0,0,0,0,0,0,0,0,29000,0,0,0,161000,132000,29000,29000
066122,卜蜂群益03購01  ,0,0,0,0,0,0,0,0,0,29000,0,0,0,32000,3000,29000,29000
066302,卜蜂永豐01購01  ,0,0,0,0,0,0,0,0,0,29000,0,0,0,29000,0,29000,29000
8081,致新            ,308000,428000,-120000,0,0,0,0,0,0,149000,20000,1000,19000,139000,9000,130000,29000
6120,達運            ,268000,196000,72000,0,0,0,0,0,0,-43000,0,43000,-43000,0,0,0,29000
067717,聯電凱基03購01  ,0,0,0,0,0,0,0,0,0,28000,0,0,0,28000,0,28000,28000
067962,鴻海群益02購04  ,0,0,0,0,0,0,0,0,0,28000,0,0,0,48000,20000,28000,28000
067576,元金反群益04購01,0,0,0,0,0,0,0,0,0,28000,0,0,0,30000,2000,28000,28000
067235,正崴群益02購02  ,0,0,0,0,0,0,0,0,0,28000,0,0,0,28000,0,28000,28000
067236,聯發科群益01購06,0,0,0,0,0,0,0,0,0,28000,0,0,0,28000,0,28000,28000
08069P,大立光國泰01售02,0,0,0,0,0,0,0,0,0,28000,0,0,0,51000,23000,28000,28000
08647P,鴻海凱基9C售06  ,0,0,0,0,0,0,0,0,0,28000,0,0,0,48000,20000,28000,28000
054756,世紀鋼凱基99購01,0,0,0,0,0,0,0,0,0,28000,0,0,0,90000,62000,28000,28000
050316,上証2X國票98購01,0,0,0,0,0,0,0,0,0,28000,0,0,0,28000,0,28000,28000
05620P,大立光富邦9B售01,0,0,0,0,0,0,0,0,0,28000,0,0,0,28000,0,28000,28000
063270,喬山兆豐9C購01  ,0,0,0,0,0,0,0,0,0,28000,0,0,0,234000,206000,28000,28000
061266,國泰金凱基9B購01,0,0,0,0,0,0,0,0,0,28000,0,0,0,28000,0,28000,28000
061567,華通元大9A購11  ,0,0,0,0,0,0,0,0,0,28000,0,0,0,119000,91000,28000,28000
063108,世紀鋼群益9C購01,0,0,0,0,0,0,0,0,0,28000,0,0,0,144000,116000,28000,28000
063622,健策兆豐9B購01  ,0,0,0,0,0,0,0,0,0,28000,0,0,0,38000,10000,28000,28000
063556,儒鴻元大9B購02  ,0,0,0,0,0,0,0,0,0,28000,0,0,0,374000,346000,28000,28000
066308,中化永豐01購01  ,0,0,0,0,0,0,0,0,0,28000,0,0,0,93000,65000,28000,28000
065941,超眾群益02購01  ,0,0,0,0,0,0,0,0,0,28000,0,0,0,28000,0,28000,28000
066491,麗豐元富01購01  ,0,0,0,0,0,0,0,0,0,28000,0,0,0,476000,448000,28000,28000
066684,T50反1元富07購01,0,0,0,0,0,0,0,0,0,28000,0,0,0,70000,42000,28000,28000
065110,嘉澤國票01購01  ,0,0,0,0,0,0,0,0,0,28000,0,0,0,49000,21000,28000,28000
065236,旭富凱基9C購01  ,0,0,0,0,0,0,0,0,0,28000,0,0,0,28000,0,28000,28000
8033,雷虎            ,46000,18000,28000,0,0,0,0,0,0,0,0,0,0,0,0,0,28000
08896P,台灣50群益01售10,0,0,0,0,0,0,0,0,0,28000,0,0,0,30000,2000,28000,28000
2430,燦坤            ,47000,18000,29000,0,0,0,0,0,0,-1000,0,1000,-1000,0,0,0,28000
07825P,健策國泰9B售04  ,0,0,0,0,0,0,0,0,0,27000,0,0,0,230000,203000,27000,27000
067111,聯詠群益01購03  ,0,0,0,0,0,0,0,0,0,27000,0,0,0,100000,73000,27000,27000
063359,泰鼎國泰01購01  ,0,0,0,0,0,0,0,0,0,27000,0,0,0,76000,49000,27000,27000
063464,廣達元大9B購02  ,0,0,0,0,0,0,0,0,0,27000,0,0,0,104000,77000,27000,27000
057776,京元電群益98購02,0,0,0,0,0,0,0,0,0,27000,0,0,0,42000,15000,27000,27000
058403,玉晶光元大99購12,0,0,0,0,0,0,0,0,0,27000,0,0,0,28000,1000,27000,27000
054072,台積電富邦98購02,0,0,0,0,0,0,0,0,0,27000,0,0,0,534000,507000,27000,27000
057176,全新元大99購02  ,0,0,0,0,0,0,0,0,0,27000,0,0,0,27000,0,27000,27000
03066P,台積電群益01售19,0,0,0,0,0,0,0,0,0,27000,0,0,0,53000,26000,27000,27000
063213,智伸科國票9C購01,0,0,0,0,0,0,0,0,0,27000,0,0,0,27000,0,27000,27000
063203,華新科統一9C購04,0,0,0,0,0,0,0,0,0,27000,0,0,0,47000,20000,27000,27000
062809,同欣電統一9C購01,0,0,0,0,0,0,0,0,0,27000,0,0,0,72000,45000,27000,27000
061564,華擎國票9A購02  ,0,0,0,0,0,0,0,0,0,27000,0,0,0,33000,6000,27000,27000
062321,力成台新9B購01  ,0,0,0,0,0,0,0,0,0,27000,0,0,0,28000,1000,27000,27000
061127,美食永豐9A購01  ,0,0,0,0,0,0,0,0,0,27000,0,0,0,27000,0,27000,27000
063968,新光金國票01購01,0,0,0,0,0,0,0,0,0,27000,0,0,0,47000,20000,27000,27000
064130,創意元大9C購02  ,0,0,0,0,0,0,0,0,0,27000,0,0,0,35000,8000,27000,27000
064217,GIS凱基02購02   ,0,0,0,0,0,0,0,0,0,27000,0,0,0,203000,176000,27000,27000
066797,台積電凱基02購09,0,0,0,0,0,0,0,0,0,27000,0,0,0,49000,22000,27000,27000
065977,旭富元大02購01  ,0,0,0,0,0,0,0,0,0,27000,0,0,0,81000,54000,27000,27000
065802,義隆群益9C購05  ,0,0,0,0,0,0,0,0,0,27000,0,0,0,42000,15000,27000,27000
2442,新美齊          ,66000,41000,25000,0,0,0,0,0,0,2000,2000,0,2000,0,0,0,27000
6672,騰輝電子-KY     ,41000,14000,27000,0,0,0,0,0,0,0,0,0,0,0,0,0,27000
6139,亞翔            ,353000,309000,44000,0,0,0,0,0,0,-17000,0,17000,-17000,0,0,0,27000
067120,矽創群益01購01  ,0,0,0,0,0,0,0,0,0,26000,0,0,0,46000,20000,26000,26000
067601,金像電凱基01購04,0,0,0,0,0,0,0,0,0,26000,0,0,0,26000,0,26000,26000
067422,微星凱基02購03  ,0,0,0,0,0,0,0,0,0,26000,0,0,0,27000,1000,26000,26000
067449,微星國票02購02  ,0,0,0,0,0,0,0,0,0,26000,0,0,0,81000,55000,26000,26000
068066,亞德客凱基03購01,0,0,0,0,0,0,0,0,0,26000,0,0,0,224000,198000,26000,26000
07975P,國巨元大9B售15  ,0,0,0,0,0,0,0,0,0,26000,0,0,0,31000,5000,26000,26000
08153P,台表科統一9B售01,0,0,0,0,0,0,0,0,0,26000,0,0,0,31000,5000,26000,26000
08177P,金像電元大9B售02,0,0,0,0,0,0,0,0,0,26000,0,0,0,26000,0,26000,26000
08365P,貿聯凱基9C售01  ,0,0,0,0,0,0,0,0,0,26000,0,0,0,46000,20000,26000,26000
054785,建準群益98購01  ,0,0,0,0,0,0,0,0,0,26000,0,0,0,26000,0,26000,26000
057199,台達電元富02購01,0,0,0,0,0,0,0,0,0,26000,0,0,0,26000,0,26000,26000
054468,台郡凱基98購01  ,0,0,0,0,0,0,0,0,0,26000,0,0,0,26000,0,26000,26000
063442,金像電統一01購01,0,0,0,0,0,0,0,0,0,26000,0,0,0,26000,0,26000,26000
06326P,鴻海中信01售01  ,0,0,0,0,0,0,0,0,0,26000,0,0,0,47000,21000,26000,26000
059732,超眾元大9A購01  ,0,0,0,0,0,0,0,0,0,26000,0,0,0,26000,0,26000,26000
064540,神達麥證01購01  ,0,0,0,62000,36000,26000,0,0,0,26000,0,0,0,62000,36000,26000,26000
061754,晶技麥證9B購01  ,0,0,0,29000,0,29000,0,0,0,26000,0,0,0,29000,3000,26000,26000
061586,智邦富邦9A購02  ,0,0,0,0,0,0,0,0,0,26000,0,0,0,26000,0,26000,26000
062650,南電富邦01購01  ,0,0,0,0,0,0,0,0,0,26000,0,0,0,89000,63000,26000,26000
066371,同欣電中信05購01,0,0,0,0,0,0,0,0,0,26000,0,0,0,76000,50000,26000,26000
064681,牧德兆豐01購01  ,0,0,0,0,0,0,0,0,0,26000,0,0,0,66000,40000,26000,26000
064978,群創元大9C購07  ,0,0,0,0,0,0,0,0,0,26000,0,0,0,506000,480000,26000,26000
065635,智伸科國票01購02,0,0,0,0,0,0,0,0,0,26000,0,0,0,26000,0,26000,26000
08002P,大毅國票9B售03  ,0,0,0,0,0,0,0,0,0,25000,0,0,0,125000,100000,25000,25000
08632P,聯發科元大9C售19,0,0,0,0,0,0,0,0,0,25000,0,0,0,25000,0,25000,25000
08490P,上銀元大9C售08  ,0,0,0,0,0,0,0,0,0,25000,0,0,0,25000,0,25000,25000
08476P,臺股指凱基9C售14,0,0,0,0,0,0,0,0,0,25000,0,0,0,35000,10000,25000,25000
07283P,華新科凱基99售07,0,0,0,0,0,0,0,0,0,25000,0,0,0,25000,0,25000,25000
068394,GIS統一03購02   ,0,0,0,0,0,0,0,0,0,25000,0,0,0,50000,25000,25000,25000
068230,亞光元富04購01  ,0,0,0,0,0,0,0,0,0,25000,0,0,0,105000,80000,25000,25000
068246,台積電元大01購38,0,0,0,0,0,0,0,0,0,25000,0,0,0,45000,20000,25000,25000
067774,同欣電統一02購01,0,0,0,0,0,0,0,0,0,25000,0,0,0,50000,25000,25000,25000
067857,百和國票02購01  ,0,0,0,0,0,0,0,0,0,25000,0,0,0,74000,49000,25000,25000
06703P,新日興元富98售02,0,0,0,0,0,0,0,0,0,25000,0,0,0,25000,0,25000,25000
067297,台積電元大02購03,0,0,0,0,0,0,0,0,0,25000,0,0,0,1589000,1564000,25000,25000
059569,旺宏凱基99購09  ,0,0,0,0,0,0,0,0,0,25000,0,0,0,25000,0,25000,25000
059006,樺漢元大99購01  ,0,0,0,0,0,0,0,0,0,25000,0,0,0,25000,0,25000,25000
059348,日月光凱基99購01,0,0,0,0,0,0,0,0,0,25000,0,0,0,25000,0,25000,25000
062642,帆宣國票9B購01  ,0,0,0,0,0,0,0,0,0,25000,0,0,0,25000,0,25000,25000
062108,晶豪科國票9B購01,0,0,0,0,0,0,0,0,0,25000,0,0,0,30000,5000,25000,25000
063381,和潤永豐9B購01  ,0,0,0,0,0,0,0,0,0,25000,0,0,0,25000,0,25000,25000
056214,義隆國票99購01  ,0,0,0,0,0,0,0,0,0,25000,0,0,0,25000,0,25000,25000
060052,宏碁凱基99購01  ,0,0,0,0,0,0,0,0,0,25000,0,0,0,48000,23000,25000,25000
056515,燿華兆豐99購01  ,0,0,0,0,0,0,0,0,0,25000,0,0,0,25000,0,25000,25000
03058P,台積電凱基01售18,0,0,0,0,0,0,0,0,0,25000,0,0,0,25000,0,25000,25000
00641R,富邦日本反1     ,0,0,0,0,0,0,0,0,0,25000,0,0,0,176000,151000,25000,25000
061838,華新科凱基05購03,0,0,0,0,0,0,0,0,0,25000,0,0,0,27000,2000,25000,25000
062068,滬深2X元大9B購02,0,0,0,0,0,0,0,0,0,25000,0,0,0,25000,0,25000,25000
062879,美食兆豐9B購01  ,0,0,0,0,0,0,0,0,0,25000,0,0,0,127000,102000,25000,25000
060998,華通兆豐9A購01  ,0,0,0,0,0,0,0,0,0,25000,0,0,0,25000,0,25000,25000
060222,貿聯凱基9A購02  ,0,0,0,0,0,0,0,0,0,25000,0,0,0,35000,10000,25000,25000
064416,南亞科中信01購01,0,0,0,0,0,0,0,0,0,25000,0,0,0,25000,0,25000,25000
064472,國巨麥證9C購03  ,0,0,0,25000,0,25000,0,0,0,25000,0,0,0,25000,0,25000,25000
064357,中橡統一9C購01  ,0,0,0,0,0,0,0,0,0,25000,0,0,0,25000,0,25000,25000
061234,國巨元大9A購18  ,0,0,0,0,0,0,0,0,0,25000,0,0,0,25000,0,25000,25000
061374,力山永豐9A購04  ,0,0,0,0,0,0,0,0,0,25000,0,0,0,115000,90000,25000,25000
060611,同欣電凱基9A購02,0,0,0,0,0,0,0,0,0,25000,0,0,0,25000,0,25000,25000
064975,南亞科元大9C購07,0,0,0,0,0,0,0,0,0,25000,0,0,0,25000,0,25000,25000
065228,南亞科凱基01購03,0,0,0,0,0,0,0,0,0,25000,0,0,0,25000,0,25000,25000
063831,帆宣國票01購01  ,0,0,0,0,0,0,0,0,0,25000,0,0,0,100000,75000,25000,25000
066400,健策凱基02購02  ,0,0,0,0,0,0,0,0,0,25000,0,0,0,94000,69000,25000,25000
066507,和碩富邦03購01  ,0,0,0,0,0,0,0,0,0,25000,0,0,0,30000,5000,25000,25000
066560,聯鈞元大01購04  ,0,0,0,0,0,0,0,0,0,25000,0,0,0,25000,0,25000,25000
066663,達欣工凱基01購01,0,0,0,0,0,0,0,0,0,25000,0,0,0,55000,30000,25000,25000
066941,滬深2X元大03購01,0,0,0,0,0,0,0,0,0,25000,0,0,0,255000,230000,25000,25000
065756,緯創元大9C購05  ,0,0,0,0,0,0,0,0,0,25000,0,0,0,208000,183000,25000,25000
066059,帆宣元大01購01  ,0,0,0,0,0,0,0,0,0,25000,0,0,0,25000,0,25000,25000
066084,國巨富邦05購01  ,0,0,0,0,0,0,0,0,0,25000,0,0,0,30000,5000,25000,25000
067385,申豐統一02購04  ,0,0,0,0,0,0,0,0,0,24000,0,0,0,135000,111000,24000,24000
067564,訊芯國票02購01  ,0,0,0,0,0,0,0,0,0,24000,0,0,0,93000,69000,24000,24000
068108,台積電台新01購05,0,0,0,0,0,0,0,0,0,24000,0,0,0,24000,0,24000,24000
07422P,大立光元大99售32,0,0,0,0,0,0,0,0,0,24000,0,0,0,24000,0,24000,24000
08617P,緯創元富9C售03  ,0,0,0,0,0,0,0,0,0,24000,0,0,0,127000,103000,24000,24000
08728P,緯穎群益01售01  ,0,0,0,0,0,0,0,0,0,24000,0,0,0,24000,0,24000,24000
03065P,台積電群益01售18,0,0,0,0,0,0,0,0,0,24000,0,0,0,24000,0,24000,24000
058216,TPK群益99購01   ,0,0,0,0,0,0,0,0,0,24000,0,0,0,41000,17000,24000,24000
060812,智邦凱基9A購01  ,0,0,0,0,0,0,0,0,0,24000,0,0,0,48000,24000,24000,24000
064547,宏達電凱基9C購01,0,0,0,0,0,0,0,0,0,24000,0,0,0,57000,33000,24000,24000
062914,嘉澤元大9B購02  ,0,0,0,0,0,0,0,0,0,24000,0,0,0,27000,3000,24000,24000
061552,南六群益9A購02  ,0,0,0,0,0,0,0,0,0,24000,0,0,0,24000,0,24000,24000
061866,力山元大9C購01  ,0,0,0,0,0,0,0,0,0,24000,0,0,0,125000,101000,24000,24000
066092,億豐永豐01購01  ,0,0,0,0,0,0,0,0,0,24000,0,0,0,158000,134000,24000,24000
066240,泰鼎富邦03購01  ,0,0,0,0,0,0,0,0,0,24000,0,0,0,50000,26000,24000,24000
065826,國巨凱基9C購12  ,0,0,0,0,0,0,0,0,0,24000,0,0,0,24000,0,24000,24000
066431,台郡元大02購01  ,0,0,0,0,0,0,0,0,0,24000,0,0,0,93000,69000,24000,24000
064813,祥碩元大9C購05  ,0,0,0,0,0,0,0,0,0,24000,0,0,0,31000,7000,24000,24000
064901,牧德群益9C購01  ,0,0,0,0,0,0,0,0,0,24000,0,0,0,24000,0,24000,24000
065177,旭富元大9C購05  ,0,0,0,0,0,0,0,0,0,24000,0,0,0,24000,0,24000,24000
065078,台積電元大02購01,0,0,0,0,0,0,0,0,0,24000,0,0,0,30000,6000,24000,24000
065649,牧德元大03購01  ,0,0,0,0,0,0,0,0,0,24000,0,0,0,24000,0,24000,24000
8429,金麗-KY         ,55000,31000,24000,0,0,0,0,0,0,0,0,0,0,0,0,0,24000
3311,閎暉            ,46000,22000,24000,0,0,0,0,0,0,0,0,0,0,0,0,0,24000
2472,立隆電          ,129000,105000,24000,0,0,0,0,0,0,0,0,0,0,0,0,0,24000
08929P,可成元富07售04  ,0,0,0,0,0,0,0,0,0,24000,0,0,0,233000,209000,24000,24000
07270P,台灣50元大01售09,0,0,0,0,0,0,0,0,0,23000,0,0,0,23000,0,23000,23000
067720,瑞昱凱基01購02  ,0,0,0,0,0,0,0,0,0,23000,0,0,0,107000,84000,23000,23000
067068,台積電元大01購21,0,0,0,0,0,0,0,0,0,23000,0,0,0,88000,65000,23000,23000
058604,華邦電元大99購03,0,0,0,0,0,0,0,0,0,23000,0,0,0,23000,0,23000,23000
058752,鈺齊凱基9A購01  ,0,0,0,0,0,0,0,0,0,23000,0,0,0,23000,0,23000,23000
057195,南茂元大98購01  ,0,0,0,0,0,0,0,0,0,23000,0,0,0,23000,0,23000,23000
061764,旺宏元大9B購01  ,0,0,0,0,0,0,0,0,0,23000,0,0,0,73000,50000,23000,23000
063691,聯鈞永豐9B購01  ,0,0,0,0,0,0,0,0,0,23000,0,0,0,73000,50000,23000,23000
062142,喬山國票9B購01  ,0,0,0,0,0,0,0,0,0,23000,0,0,0,23000,0,23000,23000
063086,祥碩凱基9C購01  ,0,0,0,0,0,0,0,0,0,23000,0,0,0,38000,15000,23000,23000
060709,緯穎富邦9B購01  ,0,0,0,0,0,0,0,0,0,23000,0,0,0,23000,0,23000,23000
060434,台汽電永豐9A購01,0,0,0,0,0,0,0,0,0,23000,0,0,0,59000,36000,23000,23000
065510,鴻海群益01購04  ,0,0,0,0,0,0,0,0,0,23000,0,0,0,150000,127000,23000,23000
064142,國巨統一9C購13  ,0,0,0,0,0,0,0,0,0,23000,0,0,0,23000,0,23000,23000
066593,奇鋐群益01購01  ,0,0,0,0,0,0,0,0,0,23000,0,0,0,51000,28000,23000,23000
065848,聯詠元大9C購03  ,0,0,0,0,0,0,0,0,0,23000,0,0,0,28000,5000,23000,23000
1810,和成            ,71000,48000,23000,0,0,0,0,0,0,0,0,0,0,0,0,0,23000
3356,奇偶            ,49000,26000,23000,0,0,0,0,0,0,0,0,0,0,0,0,0,23000
5706,鳳凰            ,29000,6000,23000,0,0,0,0,0,0,0,0,0,0,0,0,0,23000
3661,世芯-KY         ,717000,684250,32750,0,0,0,0,0,0,-10000,13000,15000,-2000,2000,10000,-8000,22750
067570,台積電麥證01購11,0,0,0,27000,5000,22000,0,0,0,22000,0,0,0,27000,5000,22000,22000
067411,矽格兆豐03購01  ,0,0,0,0,0,0,0,0,0,22000,0,0,0,30000,8000,22000,22000
067797,臺股指群益01購09,0,0,0,0,0,0,0,0,0,22000,0,0,0,22000,0,22000,22000
067782,亞德客群益01購04,0,0,0,0,0,0,0,0,0,22000,0,0,0,243000,221000,22000,22000
067886,台積電群益02購03,0,0,0,0,0,0,0,0,0,22000,0,0,0,28000,6000,22000,22000
08711P,鴻海元富07售04  ,0,0,0,0,0,0,0,0,0,22000,0,0,0,22000,0,22000,22000
08669P,聯發科群益02售02,0,0,0,0,0,0,0,0,0,22000,0,0,0,32000,10000,22000,22000
054532,強茂國泰98購01  ,0,0,0,0,0,0,0,0,0,22000,0,0,0,27000,5000,22000,22000
054074,健策富邦98購01  ,0,0,0,0,0,0,0,0,0,22000,0,0,0,22000,0,22000,22000
054640,健策中信9B購01  ,0,0,0,0,0,0,0,0,0,22000,0,0,0,53000,31000,22000,22000
058705,長榮航元大99購01,0,0,0,0,0,0,0,0,0,22000,0,0,0,22000,0,22000,22000
058719,智邦元富99購01  ,0,0,0,0,0,0,0,0,0,22000,0,0,0,22000,0,22000,22000
058655,鴻海中信03購02  ,0,0,0,0,0,0,0,0,0,22000,0,0,0,30000,8000,22000,22000
059762,禾伸堂永豐99購02,0,0,0,0,0,0,0,0,0,22000,0,0,0,22000,0,22000,22000
059766,同欣電永豐99購03,0,0,0,0,0,0,0,0,0,22000,0,0,0,32000,10000,22000,22000
060309,佳世達永豐9A購01,0,0,0,0,0,0,0,0,0,22000,0,0,0,22000,0,22000,22000
060326,群光群益9A購01  ,0,0,0,0,0,0,0,0,0,22000,0,0,0,40000,18000,22000,22000
060327,美律群益9A購02  ,0,0,0,0,0,0,0,0,0,22000,0,0,0,48000,26000,22000,22000
061036,晶技永豐9A購03  ,0,0,0,0,0,0,0,0,0,22000,0,0,0,45000,23000,22000,22000
064546,燿華凱基02購01  ,0,0,0,0,0,0,0,0,0,22000,0,0,0,106000,84000,22000,22000
064584,英業達永豐9C購01,0,0,0,0,0,0,0,0,0,22000,0,0,0,22000,0,22000,22000
064256,玉晶光國泰02購02,0,0,0,0,0,0,0,0,0,22000,0,0,0,266000,244000,22000,22000
064289,台郡元大9C購01  ,0,0,0,0,0,0,0,0,0,22000,0,0,0,30000,8000,22000,22000
061001,智邦兆豐9B購01  ,0,0,0,0,0,0,0,0,0,22000,0,0,0,22000,0,22000,22000
062479,TPK國票9B購01   ,0,0,0,0,0,0,0,0,0,22000,0,0,0,29000,7000,22000,22000
062432,上銀元大9B購04  ,0,0,0,0,0,0,0,0,0,22000,0,0,0,72000,50000,22000,22000
063602,金像電凱基9B購04,0,0,0,0,0,0,0,0,0,22000,0,0,0,28000,6000,22000,22000
062027,國泰金群益9B購01,0,0,0,0,0,0,0,0,0,22000,0,0,0,22000,0,22000,22000
066186,台郡凱基02購01  ,0,0,0,0,0,0,0,0,0,22000,0,0,0,69000,47000,22000,22000
066146,昇陽半群益01購02,0,0,0,0,0,0,0,0,0,22000,0,0,0,22000,0,22000,22000
066468,申豐統一02購01  ,0,0,0,0,0,0,0,0,0,22000,0,0,0,22000,0,22000,22000
064935,寶成統一02購02  ,0,0,0,0,0,0,0,0,0,22000,0,0,0,127000,105000,22000,22000
064084,群創中信06購02  ,0,0,0,0,0,0,0,0,0,22000,0,0,0,74000,52000,22000,22000
065633,聯發科國票01購02,0,0,0,0,0,0,0,0,0,22000,0,0,0,93000,71000,22000,22000
4144,康聯-KY         ,49000,27000,22000,0,0,0,0,0,0,0,0,0,0,0,0,0,22000
3588,通嘉            ,134000,112000,22000,0,0,0,0,0,0,0,0,0,0,0,0,0,22000
4739,康普            ,55000,28000,27000,0,0,0,0,0,0,-5000,0,5000,-5000,0,0,0,22000
8103,瀚荃            ,138000,108000,30000,0,0,0,0,0,0,-8000,0,8000,-8000,0,0,0,22000
08983P,玉晶光凱基01售06,0,0,0,0,0,0,0,0,0,22000,0,0,0,24000,2000,22000,22000
08668P,燿華群益01售01  ,0,0,0,0,0,0,0,0,0,21000,0,0,0,21000,0,21000,21000
08806P,技嘉元富07售02  ,0,0,0,0,0,0,0,0,0,21000,0,0,0,21000,0,21000,21000
08564P,國巨群益9C售15  ,0,0,0,0,0,0,0,0,0,21000,0,0,0,26000,5000,21000,21000
07967P,力山元大9B售03  ,0,0,0,0,0,0,0,0,0,21000,0,0,0,42000,21000,21000,21000
067833,台積電統一02購06,0,0,0,0,0,0,0,0,0,21000,0,0,0,21000,0,21000,21000
058569,健策凱基9A購01  ,0,0,0,0,0,0,0,0,0,21000,0,0,0,46000,25000,21000,21000
03123P,台積電元大01售45,0,0,0,0,0,0,0,0,0,21000,0,0,0,93000,72000,21000,21000
03131P,南亞科元富07售02,0,0,0,0,0,0,0,0,0,21000,0,0,0,26000,5000,21000,21000
054156,聯電亞東98購01  ,0,0,0,0,0,0,0,0,0,21000,0,0,0,21000,0,21000,21000
056954,聯詠富邦9A購01  ,0,0,0,0,0,0,0,0,0,21000,0,0,0,21000,0,21000,21000
058179,國巨國泰9B購02  ,0,0,0,0,0,0,0,0,0,21000,0,0,0,21000,0,21000,21000
063627,上銀元大9B購09  ,0,0,0,0,0,0,0,0,0,21000,0,0,0,100000,79000,21000,21000
061831,智邦凱基9B購02  ,0,0,0,0,0,0,0,0,0,21000,0,0,0,21000,0,21000,21000
062660,神隆群益9B購02  ,0,0,0,0,0,0,0,0,0,21000,0,0,0,33000,12000,21000,21000
062485,華通國泰01購01  ,0,0,0,0,0,0,0,0,0,21000,0,0,0,134000,113000,21000,21000
062503,玉晶光群益01購03,0,0,0,0,0,0,0,0,0,21000,0,0,0,23000,2000,21000,21000
060959,金像電凱基9A購01,0,0,0,0,0,0,0,0,0,21000,0,0,0,31000,10000,21000,21000
064390,台塑永豐9C購01  ,0,0,0,0,0,0,0,0,0,21000,0,0,0,21000,0,21000,21000
064410,超眾凱基02購01  ,0,0,0,0,0,0,0,0,0,21000,0,0,0,100000,79000,21000,21000
064018,儒鴻元大9C購02  ,0,0,0,0,0,0,0,0,0,21000,0,0,0,214000,193000,21000,21000
060567,華擎富邦9C購01  ,0,0,0,0,0,0,0,0,0,21000,0,0,0,21000,0,21000,21000
061458,臻鼎凱基9A購02  ,0,0,0,0,0,0,0,0,0,21000,0,0,0,21000,0,21000,21000
064092,世紀鋼凱基9C購03,0,0,0,0,0,0,0,0,0,21000,0,0,0,242000,221000,21000,21000
066901,台虹康和01購01  ,0,0,0,0,0,0,0,0,0,21000,0,0,0,21000,0,21000,21000
066829,奇力新群益01購01,0,0,0,0,0,0,0,0,0,21000,0,0,0,21000,0,21000,21000
066157,晶碩康和01購01  ,0,0,0,0,0,0,0,0,0,21000,0,0,0,46000,25000,21000,21000
066029,神達群益02購01  ,0,0,0,0,0,0,0,0,0,21000,0,0,0,21000,0,21000,21000
1730,花仙子          ,38000,17000,21000,0,0,0,0,0,0,0,0,0,0,0,0,0,21000
8070,長華*           ,46000,22000,24000,0,0,0,0,0,0,-3000,0,3000,-3000,0,0,0,21000
06789P,鴻海凱基98售12  ,0,0,0,0,0,0,0,0,0,20000,0,0,0,40000,20000,20000,20000
067731,SP黃豆元大01購01,0,0,0,0,0,0,0,0,0,20000,0,0,0,30000,10000,20000,20000
067776,巨大統一03購02  ,0,0,0,0,0,0,0,0,0,20000,0,0,0,20000,0,20000,20000
067756,奇鋐國泰03購01  ,0,0,0,0,0,0,0,0,0,20000,0,0,0,105000,85000,20000,20000
068092,聯發科群益01購10,0,0,0,0,0,0,0,0,0,20000,0,0,0,20000,0,20000,20000
068027,國巨元富07購11  ,0,0,0,0,0,0,0,0,0,20000,0,0,0,20000,0,20000,20000
067612,超眾凱基02購03  ,0,0,0,0,0,0,0,0,0,20000,0,0,0,20000,0,20000,20000
067017,樺漢富邦04購01  ,0,0,0,0,0,0,0,0,0,20000,0,0,0,20000,0,20000,20000
067251,長興國票01購01  ,0,0,0,0,0,0,0,0,0,20000,0,0,0,20000,0,20000,20000
07389P,臺股指群益9C售08,0,0,0,0,0,0,0,0,0,20000,0,0,0,20000,0,20000,20000
07527P,台灣50凱基9B售02,0,0,0,0,0,0,0,0,0,20000,0,0,0,20000,0,20000,20000
07057P,大立光康和9B售02,0,0,0,0,0,0,0,0,0,20000,0,0,0,20000,0,20000,20000
07022P,嘉晶永豐99售02  ,0,0,0,0,0,0,0,0,0,20000,0,0,0,20000,0,20000,20000
07070P,晶相光元富99售01,0,0,0,0,0,0,0,0,0,20000,0,0,0,20000,0,20000,20000
07088P,訊芯永豐99售02  ,0,0,0,0,0,0,0,0,0,20000,0,0,0,20000,0,20000,20000
06838P,台積電統一99售05,0,0,0,0,0,0,0,0,0,20000,0,0,0,20000,0,20000,20000
06944P,健鼎元富98售02  ,0,0,0,0,0,0,0,0,0,20000,0,0,0,20000,0,20000,20000
07030P,鈺齊群益99售01  ,0,0,0,0,0,0,0,0,0,20000,0,0,0,20000,0,20000,20000
068467,台灣50群益01購15,0,0,0,0,0,0,0,0,0,20000,0,0,0,27000,7000,20000,20000
08574P,聯發科凱基02售04,0,0,0,0,0,0,0,0,0,20000,0,0,0,20000,0,20000,20000
08487P,同欣電群益01售01,0,0,0,0,0,0,0,0,0,20000,0,0,0,20000,0,20000,20000
08467P,長榮航統一9C售01,0,0,0,0,0,0,0,0,0,20000,0,0,0,20000,0,20000,20000
08789P,A50正2元富01售04,0,0,0,0,0,0,0,0,0,20000,0,0,0,30000,10000,20000,20000
08746P,鴻海元富07售06  ,0,0,0,0,0,0,0,0,0,20000,0,0,0,20000,0,20000,20000
08676P,泰碩群益04售01  ,0,0,0,0,0,0,0,0,0,20000,0,0,0,20000,0,20000,20000
08173P,金像電凱基9B售02,0,0,0,0,0,0,0,0,0,20000,0,0,0,70000,50000,20000,20000
08219P,上銀凱基9B售08  ,0,0,0,0,0,0,0,0,0,20000,0,0,0,20000,0,20000,20000
08124P,臻鼎群益9B售02  ,0,0,0,0,0,0,0,0,0,20000,0,0,0,20000,0,20000,20000
08363P,南亞科凱基01售01,0,0,0,0,0,0,0,0,0,20000,0,0,0,40000,20000,20000,20000
08397P,國巨元富9C售04  ,0,0,0,0,0,0,0,0,0,20000,0,0,0,20000,0,20000,20000
08307P,台積電凱基9C售03,0,0,0,0,0,0,0,0,0,20000,0,0,0,20000,0,20000,20000
058134,信邦元大99購01  ,0,0,0,0,0,0,0,0,0,20000,0,0,0,20000,0,20000,20000
053411,深中小國票9B購01,0,0,0,0,0,0,0,0,0,20000,0,0,0,20000,0,20000,20000
053388,群創元大9C購02  ,0,0,0,0,0,0,0,0,0,20000,0,0,0,20000,0,20000,20000
059991,超眾元大9A購02  ,0,0,0,0,0,0,0,0,0,20000,0,0,0,20000,0,20000,20000
056986,超眾群益98購03  ,0,0,0,0,0,0,0,0,0,20000,0,0,0,20000,0,20000,20000
056944,鴻海統一98購11  ,0,0,0,0,0,0,0,0,0,20000,0,0,0,20000,0,20000,20000
057049,新日興元大98購02,0,0,0,0,0,0,0,0,0,20000,0,0,0,20000,0,20000,20000
057056,立積元大99購02  ,0,0,0,0,0,0,0,0,0,20000,0,0,0,20000,0,20000,20000
057021,台積電凱基9A購02,0,0,0,0,0,0,0,0,0,20000,0,0,0,24000,4000,20000,20000
056333,台積電日盛9B購01,0,0,0,0,0,0,0,0,0,20000,0,0,0,20000,0,20000,20000
056428,台達電凱基99購01,0,0,0,0,0,0,0,0,0,20000,0,0,0,20000,0,20000,20000
053790,嘉聯益元大99購02,0,0,0,0,0,0,0,0,0,20000,0,0,0,20000,0,20000,20000
055989,矽力元富9A購01  ,0,0,0,0,0,0,0,0,0,20000,0,0,0,20000,0,20000,20000
03020P,大立光群益01售11,0,0,0,0,0,0,0,0,0,20000,0,0,0,32000,12000,20000,20000
054546,玉晶光中信9B購01,20000,0,20000,0,0,0,0,0,0,0,0,0,0,0,0,0,20000
055151,台積電元大98購05,0,0,0,0,0,0,0,0,0,20000,0,0,0,20000,0,20000,20000
055033,漢唐富邦98購01  ,0,0,0,0,0,0,0,0,0,20000,0,0,0,20000,0,20000,20000
055215,智邦凱基98購02  ,0,0,0,0,0,0,0,0,0,20000,0,0,0,20000,0,20000,20000
056583,昇陽半元大98購02,0,0,0,0,0,0,0,0,0,20000,0,0,0,20000,0,20000,20000
056525,T50反1凱基99購06,0,0,0,0,0,0,0,0,0,20000,0,0,0,20000,0,20000,20000
056542,緯創凱基98購01  ,0,0,0,0,0,0,0,0,0,20000,0,0,0,20000,0,20000,20000
056767,大毅元大99購01  ,0,0,0,0,0,0,0,0,0,20000,0,0,0,20000,0,20000,20000
056468,鴻海元大98購07  ,0,0,0,0,0,0,0,0,0,20000,0,0,0,20000,0,20000,20000
053122,美律凱基98購01  ,0,0,0,0,0,0,0,0,0,20000,0,0,0,20000,0,20000,20000
052618,群創國泰98購01  ,0,0,0,0,0,0,0,0,0,20000,0,0,0,20000,0,20000,20000
058571,緯穎凱基9A購02  ,0,0,0,0,0,0,0,0,0,20000,0,0,0,20000,0,20000,20000
058564,元金2X凱基9C購01,0,0,0,0,0,0,0,0,0,20000,0,0,0,20000,0,20000,20000
057674,台郡元大99購03  ,0,0,0,0,0,0,0,0,0,20000,0,0,0,20000,0,20000,20000
057646,玉山金元大98購01,0,0,0,0,0,0,0,0,0,20000,0,0,0,20000,0,20000,20000
057723,臺股指元富98購02,0,0,0,0,0,0,0,0,0,20000,0,0,0,20000,0,20000,20000
057725,台達電國泰9A購01,0,0,0,0,0,0,0,0,0,20000,0,0,0,20000,0,20000,20000
063249,祥碩元大9B購06  ,0,0,0,0,0,0,0,0,0,20000,0,0,0,20000,0,20000,20000
059819,台積電凱基99購17,0,0,0,0,0,0,0,0,0,20000,0,0,0,22000,2000,20000,20000
059733,緯穎元大99購08  ,0,0,0,0,0,0,0,0,0,20000,0,0,0,20000,0,20000,20000
059642,健策凱基99購04  ,0,0,0,0,0,0,0,0,0,20000,0,0,0,30000,10000,20000,20000
059660,華新科元大9A購04,0,0,0,0,0,0,0,0,0,20000,0,0,0,22000,2000,20000,20000
059527,聯發科凱基99購16,0,0,0,0,0,0,0,0,0,20000,0,0,0,20000,0,20000,20000
059535,玉山金凱基99購01,0,0,0,0,0,0,0,0,0,20000,0,0,0,31000,11000,20000,20000
058970,鴻海永豐99購02  ,0,0,0,0,0,0,0,0,0,20000,0,0,0,20000,0,20000,20000
058982,台積電凱基99購08,0,0,0,0,0,0,0,0,0,20000,0,0,0,24000,4000,20000,20000
05894P,友達群益98售02  ,0,0,0,0,0,0,0,0,0,20000,0,0,0,20000,0,20000,20000
058203,信邦凱基99購01  ,0,0,0,0,0,0,0,0,0,20000,0,0,0,20000,0,20000,20000
058735,南茂永豐99購01  ,0,0,0,0,0,0,0,0,0,20000,0,0,0,70000,50000,20000,20000
058788,喬山元大99購01  ,0,0,0,0,0,0,0,0,0,20000,0,0,0,20000,0,20000,20000
058806,道瓊銀統一9B購01,0,0,0,0,0,0,0,0,0,20000,0,0,0,20000,0,20000,20000
058901,美律元大99購07  ,0,0,0,0,0,0,0,0,0,20000,0,0,0,20000,0,20000,20000
058909,神達元大99購03  ,0,0,0,0,0,0,0,0,0,20000,0,0,0,20000,0,20000,20000
058879,智邦富邦99購01  ,0,0,0,0,0,0,0,0,0,20000,0,0,0,20000,0,20000,20000
058834,GIS永豐99購01   ,0,0,0,0,0,0,0,0,0,20000,0,0,0,32000,12000,20000,20000
061488,奇力新兆豐9A購01,0,0,0,0,0,0,0,0,0,20000,0,0,0,20000,0,20000,20000
061476,大毅元大9A購02  ,0,0,0,0,0,0,0,0,0,20000,0,0,0,20000,0,20000,20000
060896,晶技凱基9A購02  ,0,0,0,0,0,0,0,0,0,20000,0,0,0,41000,21000,20000,20000
060898,世芯凱基9A購03  ,0,0,0,0,0,0,0,0,0,20000,0,0,0,20000,0,20000,20000
06110P,國巨國泰98售02  ,0,0,0,0,0,0,0,0,0,20000,0,0,0,20000,0,20000,20000
061308,元金2X中信9A購01,0,0,0,0,0,0,0,0,0,20000,0,0,0,20000,0,20000,20000
060554,中租凱基9A購01  ,0,0,0,0,0,0,0,0,0,20000,0,0,0,20000,0,20000,20000
060347,大立光統一02購01,0,0,0,0,0,0,0,0,0,20000,0,0,0,20000,0,20000,20000
06435P,臺股指群益98售02,0,0,0,0,0,0,0,0,0,20000,0,0,0,20000,0,20000,20000
064300,英業達兆豐9C購01,0,0,0,0,0,0,0,0,0,20000,0,0,0,56000,36000,20000,20000
064611,亞德客元大9C購02,0,0,0,0,0,0,0,0,0,20000,0,0,0,38000,18000,20000,20000
064520,京鼎群益02購01  ,0,0,0,0,0,0,0,0,0,20000,0,0,0,20000,0,20000,20000
060228,亞德客元大9A購01,0,0,0,0,0,0,0,0,0,20000,0,0,0,20000,0,20000,20000
060951,元黃金群益9A購01,0,0,0,0,0,0,0,0,0,20000,0,0,0,20000,0,20000,20000
061614,亞德客群益9A購01,0,0,0,0,0,0,0,0,0,20000,0,0,0,20000,0,20000,20000
062481,同欣電國票9B購01,0,0,0,0,0,0,0,0,0,20000,0,0,0,20000,0,20000,20000
062547,玉晶光永豐9B購05,0,0,0,0,0,0,0,0,0,20000,0,0,0,20000,0,20000,20000
062160,南六凱基9B購01  ,0,0,0,0,0,0,0,0,0,20000,0,0,0,30000,10000,20000,20000
062609,帆宣凱基9B購01  ,0,0,0,0,0,0,0,0,0,20000,0,0,0,20000,0,20000,20000
06154P,超眾元大98售01  ,0,0,0,0,0,0,0,0,0,20000,0,0,0,20000,0,20000,20000
063075,祥碩永豐9B購04  ,0,0,0,0,0,0,0,0,0,20000,0,0,0,20000,0,20000,20000
062787,超眾元大9C購02  ,0,0,0,0,0,0,0,0,0,20000,0,0,0,20000,0,20000,20000
062746,致伸永豐9B購01  ,0,0,0,0,0,0,0,0,0,20000,0,0,0,20000,0,20000,20000
062738,可成國票9B購02  ,0,0,0,0,0,0,0,0,0,20000,0,0,0,20000,0,20000,20000
062655,漢唐永豐9B購01  ,0,0,0,0,0,0,0,0,0,20000,0,0,0,220000,200000,20000,20000
063558,聚陽元大9B購02  ,0,0,0,0,0,0,0,0,0,20000,0,0,0,20000,0,20000,20000
062677,儒鴻統一01購01  ,0,0,0,0,0,0,0,0,0,20000,0,0,0,20000,0,20000,20000
063575,矽格元大9B購02  ,0,0,0,0,0,0,0,0,0,20000,0,0,0,20000,0,20000,20000
063798,台積電凱基02購03,0,0,0,0,0,0,0,0,0,20000,0,0,0,20000,0,20000,20000
062200,臺指反國票03購01,0,0,0,0,0,0,0,0,0,20000,0,0,0,20000,0,20000,20000
062248,國巨元大9B購08  ,0,0,0,0,0,0,0,0,0,20000,0,0,0,20000,0,20000,20000
062032,崇越群益9B購01  ,0,0,0,0,0,0,0,0,0,20000,0,0,0,20000,0,20000,20000
06152P,玉晶光元大98售06,0,0,0,0,0,0,0,0,0,20000,0,0,0,20000,0,20000,20000
061997,台郡元大9B購03  ,0,0,0,0,0,0,0,0,0,20000,0,0,0,20000,0,20000,20000
066197,鴻海統一02購02  ,0,0,0,0,0,0,0,0,0,20000,0,0,0,20000,0,20000,20000
065832,貿聯凱基02購03  ,0,0,0,0,0,0,0,0,0,20000,0,0,0,106000,86000,20000,20000
065855,瀚宇博元大9C購03,0,0,0,0,0,0,0,0,0,20000,0,0,0,50000,30000,20000,20000
065929,TPK國票02購01   ,0,0,0,0,0,0,0,0,0,20000,0,0,0,32000,12000,20000,20000
065722,緯創兆豐9C購02  ,5000,0,5000,0,0,0,0,0,0,15000,0,0,0,67000,52000,15000,20000
066852,矽格元大01購03  ,0,0,0,0,0,0,0,0,0,20000,0,0,0,20000,0,20000,20000
066671,TPK凱基02購02   ,0,0,0,0,0,0,0,0,0,20000,0,0,0,32000,12000,20000,20000
066403,台郡凱基01購02  ,0,0,0,0,0,0,0,0,0,20000,0,0,0,30000,10000,20000,20000
066621,川湖凱基01購01  ,0,0,0,0,0,0,0,0,0,20000,0,0,0,20000,0,20000,20000
064748,力成國票01購01  ,0,0,0,0,0,0,0,0,0,20000,0,0,0,20000,0,20000,20000
064134,瑞祺元大9C購02  ,0,0,0,0,0,0,0,0,0,20000,0,0,0,43000,23000,20000,20000
064199,南六群益01購01  ,0,0,0,0,0,0,0,0,0,20000,0,0,0,20000,0,20000,20000
064212,可成凱基03購01  ,0,0,0,0,0,0,0,0,0,20000,0,0,0,54000,34000,20000,20000
065397,宏達電群益9C購03,0,0,0,0,0,0,0,0,0,20000,0,0,0,48000,28000,20000,20000
065331,亞德客國票01購01,0,0,0,0,0,0,0,0,0,20000,0,0,0,111000,91000,20000,20000
065227,金像電凱基9C購01,0,0,0,0,0,0,0,0,0,20000,0,0,0,57000,37000,20000,20000
065246,旭富兆豐01購01  ,0,0,0,0,0,0,0,0,0,20000,0,0,0,20000,0,20000,20000
2702,華園            ,48000,28000,20000,0,0,0,0,0,0,0,0,0,0,0,0,0,20000
2423,固緯            ,31000,10000,21000,0,0,0,0,0,0,-1000,0,1000,-1000,0,0,0,20000
08824P,微星元大01售03  ,0,0,0,0,0,0,0,0,0,20000,0,0,0,100000,80000,20000,20000
1466,聚隆            ,69000,49000,20000,0,0,0,0,0,0,0,0,0,0,0,0,0,20000
1337,再生-KY         ,150000,130000,20000,0,0,0,0,0,0,0,0,0,0,0,0,0,20000
08403P,上銀元大9C售07  ,0,0,0,0,0,0,0,0,0,19000,0,0,0,19000,0,19000,19000
08426P,奇力新國票01售01,0,0,0,0,0,0,0,0,0,19000,0,0,0,23000,4000,19000,19000
08516P,技嘉群益01售02  ,0,0,0,0,0,0,0,0,0,19000,0,0,0,23000,4000,19000,19000
068405,玉晶光元富07購01,0,0,0,0,0,0,0,0,0,19000,0,0,0,20000,1000,19000,19000
067104,聯發科群益01購05,0,0,0,0,0,0,0,0,0,19000,0,0,0,19000,0,19000,19000
067384,南六統一01購03  ,0,0,0,0,0,0,0,0,0,19000,0,0,0,257000,238000,19000,19000
067426,聯發科凱基01購14,0,0,0,0,0,0,0,0,0,19000,0,0,0,30000,11000,19000,19000
067654,嘉晶元富07購03  ,0,0,0,0,0,0,0,0,0,19000,0,0,0,90000,71000,19000,19000
067924,台積電兆豐03購03,0,0,0,0,0,0,0,0,0,19000,0,0,0,19000,0,19000,19000
067808,聯發科凱基01購16,0,0,0,0,0,0,0,0,0,19000,0,0,0,19000,0,19000,19000
058924,晶相光元富99購02,0,0,0,0,0,0,0,0,0,19000,0,0,0,20000,1000,19000,19000
059454,亞光永豐99購01  ,0,0,0,0,0,0,0,0,0,19000,0,0,0,58000,39000,19000,19000
059702,台積電凱基9A購14,0,0,0,0,0,0,0,0,0,19000,0,0,0,22000,3000,19000,19000
063305,亞光凱基9B購01  ,0,0,0,0,0,0,0,0,0,19000,0,0,0,19000,0,19000,19000
063422,奇鋐凱基9B購04  ,0,0,0,0,0,0,0,0,0,19000,0,0,0,48000,29000,19000,19000
03458B,臺股指元大04熊07,0,0,0,0,0,0,0,0,0,19000,0,0,0,25000,6000,19000,19000
059077,FBVIX元大99購05 ,0,0,0,0,0,0,0,0,0,19000,0,0,0,19000,0,19000,19000
062704,大毅元大9C購01  ,0,0,0,0,0,0,0,0,0,19000,0,0,0,20000,1000,19000,19000
062751,華擎中信9C購01  ,0,0,0,0,0,0,0,0,0,19000,0,0,0,50000,31000,19000,19000
062891,台汽電群益9B購01,0,0,0,0,0,0,0,0,0,19000,0,0,0,69000,50000,19000,19000
063111,TPK兆豐9B購01   ,0,0,0,0,0,0,0,0,0,19000,0,0,0,131000,112000,19000,19000
062367,禾伸堂元大9B購02,0,0,0,0,0,0,0,0,0,19000,0,0,0,68000,49000,19000,19000
062148,奇鋐國票9B購01  ,0,0,0,0,0,0,0,0,0,19000,0,0,0,20000,1000,19000,19000
062478,牧德國票9B購03  ,0,0,0,0,0,0,0,0,0,19000,0,0,0,36000,17000,19000,19000
060967,鈺齊凱基9A購02  ,0,0,0,0,0,0,0,0,0,19000,0,0,0,19000,0,19000,19000
061461,元金2X群益9A購01,0,0,0,0,0,0,0,0,0,19000,0,0,0,19000,0,19000,19000
061439,寶成凱基9A購01  ,0,0,0,0,0,0,0,0,0,19000,0,0,0,119000,100000,19000,19000
065159,臻鼎群益9C購02  ,0,0,0,0,0,0,0,0,0,19000,0,0,0,91000,72000,19000,19000
063919,大立光元富03購01,0,0,0,0,0,0,0,0,0,19000,0,0,0,20000,1000,19000,19000
066440,南帝群益01購01  ,0,0,0,0,0,0,0,0,0,19000,0,0,0,30000,11000,19000,19000
065810,台表科群益9C購05,0,0,0,0,0,0,0,0,0,19000,0,0,0,19000,0,19000,19000
065892,聯發科統一02購04,0,0,0,0,0,0,0,0,0,19000,0,0,0,19000,0,19000,19000
08933P,上銀元大01售02  ,0,0,0,0,0,0,0,0,0,19000,0,0,0,19000,0,19000,19000
4551,智伸科          ,42000,63000,-21000,0,0,0,0,29000,-29000,69000,0,20000,-20000,97000,8000,89000,19000
4976,佳凌            ,64000,38000,26000,0,0,0,0,0,0,-7000,0,7000,-7000,0,0,0,19000
07414P,台積電元大99售51,0,0,0,0,0,0,0,0,0,18000,0,0,0,18000,0,18000,18000
08727P,健策群益01售07  ,0,0,0,0,0,0,0,0,0,18000,0,0,0,51000,33000,18000,18000
08349P,南六元大9C售03  ,0,0,0,0,0,0,0,0,0,18000,0,0,0,68000,50000,18000,18000
08244P,同欣電凱基9C售03,0,0,0,0,0,0,0,0,0,18000,0,0,0,18000,0,18000,18000
059116,晶豪科永豐99購01,0,0,0,0,0,0,0,0,0,18000,0,0,0,57000,39000,18000,18000
055661,亞德客中信98購01,0,0,0,0,0,0,0,0,0,18000,0,0,0,20000,2000,18000,18000
055438,鴻海國票98購01  ,0,0,0,0,0,0,0,0,0,18000,0,0,0,18000,0,18000,18000
056971,麗豐永豐98購01  ,0,0,0,0,0,0,0,0,0,18000,0,0,0,30000,12000,18000,18000
03093P,台灣50凱基04售10,0,0,0,0,0,0,0,0,0,18000,0,0,0,18000,0,18000,18000
057878,台郡元大99購04  ,0,0,0,0,0,0,0,0,0,18000,0,0,0,21000,3000,18000,18000
058431,國巨統一9B購01  ,0,0,0,0,0,0,0,0,0,18000,0,0,0,445000,427000,18000,18000
058485,智邦國票9A購01  ,0,0,0,0,0,0,0,0,0,18000,0,0,0,19000,1000,18000,18000
061695,群創群益9A購01  ,0,0,0,0,0,0,0,0,0,18000,0,0,0,99000,81000,18000,18000
061105,宏達電元大9A購04,0,0,0,0,0,0,0,0,0,18000,0,0,0,72000,54000,18000,18000
060792,信錦永豐9A購01  ,0,0,0,0,0,0,0,0,0,18000,0,0,0,18000,0,18000,18000
060637,玉晶光永豐9A購03,0,0,0,0,0,0,0,0,0,18000,0,0,0,19000,1000,18000,18000
064571,帆宣群益9C購01  ,0,0,0,0,0,0,0,0,0,18000,0,0,0,18000,0,18000,18000
062572,元金反群益9C購01,0,0,0,0,0,0,0,0,0,18000,0,0,0,18000,0,18000,18000
062116,元金2X第一9B購01,0,0,0,0,0,0,0,0,0,18000,0,0,0,38000,20000,18000,18000
062313,聯詠凱基9C購01  ,0,0,0,0,0,0,0,0,0,18000,0,0,0,18000,0,18000,18000
063661,聚陽統一9C購02  ,0,0,0,0,0,0,0,0,0,18000,0,0,0,44000,26000,18000,18000
062058,瑞昱統一01購01  ,0,0,0,0,0,0,0,0,0,18000,0,0,0,20000,2000,18000,18000
066312,川湖永豐01購01  ,0,0,0,0,0,0,0,0,0,18000,0,0,0,18000,0,18000,18000
064782,健策群益9C購02  ,0,0,0,0,0,0,0,0,0,18000,0,0,0,60000,42000,18000,18000
064784,祥碩群益9C購01  ,0,0,0,0,0,0,0,0,0,18000,0,0,0,220000,202000,18000,18000
4766,南寶            ,41000,23000,18000,0,0,0,0,0,0,0,0,0,0,0,0,0,18000
08399P,技嘉元富9C售02  ,0,0,0,0,0,0,0,0,0,17000,0,0,0,44000,27000,17000,17000
08056P,華通群益9B售06  ,0,0,0,0,0,0,0,0,0,17000,0,0,0,17000,0,17000,17000
08691P,鎧勝中信05售02  ,20000,0,20000,0,0,0,0,0,0,-3000,0,0,0,70000,73000,-3000,17000
08498P,大立光國票01售02,0,0,0,0,0,0,0,0,0,17000,0,0,0,60000,43000,17000,17000
08544P,和碩國票01售02  ,0,0,0,0,0,0,0,0,0,17000,0,0,0,28000,11000,17000,17000
067628,力山永豐01購01  ,0,0,0,0,0,0,0,0,0,17000,0,0,0,67000,50000,17000,17000
067433,神達凱基01購01  ,0,0,0,0,0,0,0,0,0,17000,0,0,0,17000,0,17000,17000
059705,華新科凱基9A購07,0,0,0,0,0,0,0,0,0,17000,0,0,0,17000,0,17000,17000
059155,台表科日盛99購01,0,0,0,0,0,0,0,0,0,17000,0,0,0,17000,0,17000,17000
050758,聯發科元富9B購01,0,0,0,0,0,0,0,0,0,17000,0,0,0,35000,18000,17000,17000
056720,世紀鋼永豐98購01,0,0,0,0,0,0,0,0,0,17000,0,0,0,17000,0,17000,17000
058127,FBVIX元大9C購01 ,0,0,0,0,0,0,0,0,0,17000,0,0,0,17000,0,17000,17000
059995,南亞科元富99購01,0,0,0,0,0,0,0,0,0,17000,0,0,0,20000,3000,17000,17000
061870,智邦元大9B購02  ,0,0,0,0,0,0,0,0,0,17000,0,0,0,61000,44000,17000,17000
062680,微星統一01購01  ,0,0,0,0,0,0,0,0,0,17000,0,0,0,25000,8000,17000,17000
063134,裕隆統一01購01  ,0,0,0,0,0,0,0,0,0,17000,0,0,0,325000,308000,17000,17000
060264,華新科國票9A購02,0,0,0,0,0,0,0,0,0,17000,0,0,0,18000,1000,17000,17000
064270,華通元大9C購03  ,0,0,0,0,0,0,0,0,0,17000,0,0,0,203000,186000,17000,17000
061735,上銀凱基9B購01  ,0,0,0,0,0,0,0,0,0,17000,0,0,0,17000,0,17000,17000
060700,華新科國泰9C購01,0,0,0,0,0,0,0,0,0,17000,0,0,0,356000,339000,17000,17000
060540,南亞凱基9A購01  ,0,0,0,0,0,0,0,0,0,17000,0,0,0,42000,25000,17000,17000
061265,富邦金凱基9B購01,0,0,0,0,0,0,0,0,0,17000,0,0,0,167000,150000,17000,17000
060851,國巨國泰9C購01  ,0,0,0,0,0,0,0,0,0,17000,0,0,0,38000,21000,17000,17000
063910,漢唐凱基9C購01  ,0,0,0,0,0,0,0,0,0,17000,0,0,0,37000,20000,17000,17000
064742,奇鋐國票01購02  ,0,0,0,0,0,0,0,0,0,17000,0,0,0,17000,0,17000,17000
06505P,康控國票99售02  ,0,0,0,0,0,0,0,0,0,17000,0,0,0,40000,23000,17000,17000
065492,台灣50富邦03購02,0,0,0,0,0,0,0,0,0,17000,0,0,0,20000,3000,17000,17000
066873,健策國泰02購01  ,0,0,0,0,0,0,0,0,0,17000,0,0,0,383000,366000,17000,17000
3607,谷崧            ,45000,26000,19000,0,0,0,0,0,0,-2000,0,2000,-2000,0,0,0,17000
067438,緯穎凱基01購03  ,0,0,0,0,0,0,0,0,0,16000,0,0,0,53000,37000,16000,16000
067480,可成元大01購07  ,0,0,0,0,0,0,0,0,0,16000,0,0,0,16000,0,16000,16000
067043,佳世達凱基01購01,0,0,0,0,0,0,0,0,0,16000,0,0,0,26000,10000,16000,16000
068006,玉晶光元大03購03,0,0,0,0,0,0,0,0,0,16000,0,0,0,116000,100000,16000,16000
068227,聯發科元富07購07,0,0,0,0,0,0,0,0,0,16000,0,0,0,240000,224000,16000,16000
08592P,聯發科凱基01售06,0,0,0,0,0,0,0,0,0,16000,0,0,0,16000,0,16000,16000
08775P,台灣50群益01售05,0,0,0,0,0,0,0,0,0,16000,0,0,0,41000,25000,16000,16000
07076P,鴻海凱基9A售08  ,0,0,0,0,0,0,0,0,0,16000,0,0,0,16000,0,16000,16000
07137P,大立光中信9B售01,0,0,0,0,0,0,0,0,0,16000,0,0,0,16000,0,16000,16000
07957P,晶技群益9B售02  ,0,0,0,0,0,0,0,0,0,16000,0,0,0,26000,10000,16000,16000
07678P,大立光群益9A售03,0,0,0,0,0,0,0,0,0,16000,0,0,0,16000,0,16000,16000
068452,台積電國票03購02,0,0,0,0,0,0,0,0,0,16000,0,0,0,24000,8000,16000,16000
057411,臺股指群益99購05,0,0,0,0,0,0,0,0,0,16000,0,0,0,18000,2000,16000,16000
055933,欣興群益98購02  ,0,0,0,0,0,0,0,0,0,16000,0,0,0,16000,0,16000,16000
054204,元金2X國票9B購02,0,0,0,0,0,0,0,0,0,16000,0,0,0,16000,0,16000,16000
056484,聯茂元大98購02  ,0,0,0,0,0,0,0,0,0,16000,0,0,0,16000,0,16000,16000
03094P,台達電凱基01售04,0,0,0,0,0,0,0,0,0,16000,0,0,0,42000,26000,16000,16000
059538,健策凱基99購03  ,0,0,0,0,0,0,0,0,0,16000,0,0,0,30000,14000,16000,16000
057828,緯穎元大99購02  ,0,0,0,0,0,0,0,0,0,16000,0,0,0,183000,167000,16000,16000
057876,隆達元大98購01  ,0,0,0,0,0,0,0,0,0,16000,0,0,0,28000,12000,16000,16000
063250,同欣電元大9B購03,0,0,0,0,0,0,0,0,0,16000,0,0,0,23000,7000,16000,16000
063533,緯穎凱基9B購06  ,0,0,0,0,0,0,0,0,0,16000,0,0,0,16000,0,16000,16000
060743,鴻海國票9A購03  ,0,0,0,0,0,0,0,0,0,16000,0,0,0,16000,0,16000,16000
061711,台積電凱基9A購27,0,0,0,0,0,0,0,0,0,16000,0,0,0,27000,11000,16000,16000
060239,國揚元大9C購01  ,0,0,0,0,0,0,0,0,0,16000,0,0,0,78000,62000,16000,16000
064288,瀚宇博元大9C購02,0,0,0,0,0,0,0,0,0,16000,0,0,0,18000,2000,16000,16000
064581,葡萄王永豐9C購01,0,0,0,0,0,0,0,0,0,16000,0,0,0,16000,0,16000,16000
064328,華通元大9C購04  ,0,0,0,0,0,0,0,0,0,16000,0,0,0,137000,121000,16000,16000
062415,聯茂中信9C購01  ,0,0,0,0,0,0,0,0,0,16000,0,0,0,36000,20000,16000,16000
062639,臻鼎國票9C購01  ,0,0,0,0,0,0,0,0,0,16000,0,0,0,16000,0,16000,16000
063648,台表科元大9C購05,0,0,0,0,0,0,0,0,0,16000,0,0,0,83000,67000,16000,16000
066836,樺漢群益01購01  ,0,0,0,0,0,0,0,0,0,16000,0,0,0,21000,5000,16000,16000
066801,奇鋐凱基01購02  ,0,0,0,0,0,0,0,0,0,16000,0,0,0,37000,21000,16000,16000
066739,揚明光元大01購01,0,0,0,0,0,0,0,0,0,16000,0,0,0,16000,0,16000,16000
066447,智伸科群益01購02,0,0,0,0,0,0,0,0,0,16000,0,0,0,16000,0,16000,16000
066614,貿聯麥證01購01  ,0,0,0,30000,14000,16000,0,0,0,16000,0,0,0,30000,14000,16000,16000
066179,智伸科凱基01購01,0,0,0,0,0,0,0,0,0,16000,0,0,0,26000,10000,16000,16000
065964,鴻海元大02購01  ,0,0,0,0,0,0,0,0,0,16000,0,0,0,110000,94000,16000,16000
065163,香港反元大03購01,0,0,0,0,0,0,0,0,0,16000,0,0,0,20000,4000,16000,16000
063851,健策元大01購01  ,0,0,0,0,0,0,0,0,0,16000,0,0,0,178000,162000,16000,16000
064086,旺宏凱基9C購01  ,0,0,0,0,0,0,0,0,0,16000,0,0,0,16000,0,16000,16000
4961,天鈺            ,495000,479000,16000,0,0,0,0,0,0,0,0,0,0,0,0,0,16000
2415,錩新            ,31000,12000,19000,0,0,0,0,0,0,-3000,0,3000,-3000,0,0,0,16000
07685P,玉晶光凱基9B售03,0,0,0,0,0,0,0,0,0,15000,0,0,0,35000,20000,15000,15000
07690P,華新科元大9A售15,0,0,0,0,0,0,0,0,0,15000,0,0,0,15000,0,15000,15000
07105P,大毅元富99售02  ,0,0,0,0,0,0,0,0,0,15000,0,0,0,15000,0,15000,15000
08488P,臺股指群益9C售19,0,0,0,0,0,0,0,0,0,15000,0,0,0,15000,0,15000,15000
08059P,京鼎元大9B售02  ,0,0,0,0,0,0,0,0,0,15000,0,0,0,15000,0,15000,15000
08083P,健策元大9C售05  ,0,0,0,0,0,0,0,0,0,15000,0,0,0,15000,0,15000,15000
08341P,國泰金台新9C售01,0,0,0,0,0,0,0,0,0,15000,0,0,0,144000,129000,15000,15000
08372P,大立光凱基01售04,0,0,0,0,0,0,0,0,0,15000,0,0,0,15000,0,15000,15000
067769,國巨統一02購04  ,0,0,0,0,0,0,0,0,0,15000,0,0,0,35000,20000,15000,15000
067841,A50正2元富04購01,0,0,0,0,0,0,0,0,0,15000,0,0,0,15000,0,15000,15000
067568,台積電麥證01購09,0,0,0,10000,5000,5000,0,0,0,15000,0,0,0,20000,5000,15000,15000
063313,南亞科群益9B購02,0,0,0,0,0,0,0,0,0,15000,0,0,0,36000,21000,15000,15000
059884,鴻海國票99購09  ,0,0,0,0,0,0,0,0,0,15000,0,0,0,15000,0,15000,15000
059626,台積電凱基01購01,0,0,0,0,0,0,0,0,0,15000,0,0,0,46000,31000,15000,15000
058847,國巨群益99購05  ,0,0,0,0,0,0,0,0,0,15000,0,0,0,19000,4000,15000,15000
058697,亞德客元大99購01,0,0,0,0,0,0,0,0,0,15000,0,0,0,34000,19000,15000,15000
057975,台積電永豐98購05,0,0,0,0,0,0,0,0,0,15000,0,0,0,20000,5000,15000,15000
058315,TPK富邦9C購01   ,0,0,0,0,0,0,0,0,0,15000,0,0,0,18000,3000,15000,15000
03081P,華通元大01售06  ,0,0,0,0,0,0,0,0,0,15000,0,0,0,15000,0,15000,15000
0054,元大台商50      ,0,0,0,0,0,0,0,0,0,15000,0,0,0,15000,0,15000,15000
00711B,FH彭博新興債    ,3000,3000,0,0,0,0,0,0,0,15000,0,0,0,132000,117000,15000,15000
054631,台郡凱基98購02  ,0,0,0,0,0,0,0,0,0,15000,0,0,0,15000,0,15000,15000
056463,台虹凱基98購02  ,0,0,0,0,0,0,0,0,0,15000,0,0,0,15000,0,15000,15000
053377,台積電元大98購01,0,0,0,0,0,0,0,0,0,15000,0,0,0,15000,0,15000,15000
053297,鎧勝中信98購01  ,0,0,0,0,0,0,0,0,0,15000,0,0,0,15000,0,15000,15000
056383,上銀國泰99購01  ,0,0,0,0,0,0,0,0,0,15000,0,0,0,15000,0,15000,15000
056398,南茂永豐98購01  ,0,0,0,0,0,0,0,0,0,15000,0,0,0,15000,0,15000,15000
059029,旺宏兆豐99購01  ,0,0,0,0,0,0,0,0,0,15000,0,0,0,25000,10000,15000,15000
059112,上銀永豐99購01  ,0,0,0,0,0,0,0,0,0,15000,0,0,0,25000,10000,15000,15000
062636,聯鈞國票9B購01  ,0,0,0,0,0,0,0,0,0,15000,0,0,0,15000,0,15000,15000
062623,元金2X國票01購01,0,0,0,0,0,0,0,0,0,15000,0,0,0,15000,0,15000,15000
062173,世紀鋼永豐9B購01,0,0,0,0,0,0,0,0,0,15000,0,0,0,15000,0,15000,15000
062521,玉晶光元大9C購05,0,0,0,0,0,0,0,0,0,15000,0,0,0,15000,0,15000,15000
062471,國泰金凱基9B購02,0,0,0,0,0,0,0,0,0,15000,0,0,0,15000,0,15000,15000
060265,宏達電國票9A購02,0,0,0,0,0,0,0,0,0,15000,0,0,0,15000,0,15000,15000
061150,國巨群益9A購09  ,0,0,0,0,0,0,0,0,0,15000,0,0,0,45000,30000,15000,15000
061152,微星群益9A購01  ,0,0,0,0,0,0,0,0,0,15000,0,0,0,15000,0,15000,15000
061174,鴻海凱基9A購23  ,0,0,0,0,0,0,0,0,0,15000,0,0,0,15000,0,15000,15000
064082,緯創中信06購01  ,0,0,0,0,0,0,0,0,0,15000,0,0,0,35000,20000,15000,15000
064683,台表科兆豐9C購02,0,0,0,0,0,0,0,0,0,15000,0,0,0,15000,0,15000,15000
064963,T50反1元大9C購09,0,0,0,0,0,0,0,0,0,15000,0,0,0,35000,20000,15000,15000
065113,南電國票01購02  ,0,0,0,0,0,0,0,0,0,15000,0,0,0,15000,0,15000,15000
065526,台表科群益9C購03,0,0,0,0,0,0,0,0,0,15000,0,0,0,15000,0,15000,15000
065968,國巨元大02購01  ,0,0,0,0,0,0,0,0,0,15000,0,0,0,46000,31000,15000,15000
065995,台虹永豐01購01  ,0,0,0,0,0,0,0,0,0,15000,0,0,0,15000,0,15000,15000
065866,鴻海群益9C購07  ,0,0,0,0,0,0,0,0,0,15000,0,0,0,15000,0,15000,15000
066192,嘉基凱基01購01  ,0,0,0,0,0,0,0,0,0,15000,0,0,0,46000,31000,15000,15000
066204,京鼎統一02購01  ,0,0,0,0,0,0,0,0,0,15000,0,0,0,83000,68000,15000,15000
066037,華通元大01購03  ,0,0,0,0,0,0,0,0,0,15000,0,0,0,150000,135000,15000,15000
066404,瑞祺凱基02購01  ,0,0,0,0,0,0,0,0,0,15000,0,0,0,15000,0,15000,15000
066407,昇陽半凱基01購01,0,0,0,0,0,0,0,0,0,15000,0,0,0,15000,0,15000,15000
066965,鴻海元富07購07  ,0,0,0,0,0,0,0,0,0,15000,0,0,0,16000,1000,15000,15000
3004,豐達科          ,27000,12000,15000,0,0,0,0,0,0,0,0,0,0,0,0,0,15000
067028,上海銀兆豐03購01,0,0,0,0,0,0,0,0,0,14000,0,0,0,14000,0,14000,14000
067091,台虹元大01購02  ,0,0,0,0,0,0,0,0,0,14000,0,0,0,14000,0,14000,14000
067737,英業達元大01購01,0,0,0,0,0,0,0,0,0,14000,0,0,0,50000,36000,14000,14000
08358P,大立光元大9C售18,0,0,0,0,0,0,0,0,0,14000,0,0,0,14000,0,14000,14000
08157P,大立光元富9B售06,0,0,0,0,0,0,0,0,0,14000,0,0,0,52000,38000,14000,14000
08608P,臺股指富邦9C售06,0,0,0,0,0,0,0,0,0,14000,0,0,0,40000,26000,14000,14000
08801P,聯發科元大01售13,0,0,0,0,0,0,0,0,0,14000,0,0,0,289000,275000,14000,14000
07707P,玉山金元大9A售03,0,0,0,0,0,0,0,0,0,14000,0,0,0,14000,0,14000,14000
07906P,中租群益9B售02  ,0,0,0,0,0,0,0,0,0,14000,0,0,0,58000,44000,14000,14000
059095,訊芯元大99購01  ,0,0,0,0,0,0,0,0,0,14000,0,0,0,25000,11000,14000,14000
056349,道瓊銀元大9B購01,0,0,0,0,0,0,0,0,0,14000,0,0,0,14000,0,14000,14000
056146,台虹元大98購01  ,0,0,0,0,0,0,0,0,0,14000,0,0,0,14000,0,14000,14000
057079,台積電統一9A購02,0,0,0,0,0,0,0,0,0,14000,0,0,0,14000,0,14000,14000
047548,友達凱基99購03  ,0,0,0,0,0,0,0,0,0,14000,0,0,0,14000,0,14000,14000
054740,強茂凱基99購01  ,0,0,0,0,0,0,0,0,0,14000,0,0,0,14000,0,14000,14000
056892,旺宏元大9A購02  ,0,0,0,0,0,0,0,0,0,14000,0,0,0,640000,626000,14000,14000
058308,全新元大9B購01  ,0,0,0,0,0,0,0,0,0,14000,0,0,0,14000,0,14000,14000
058956,健策國票9A購02  ,0,0,0,0,0,0,0,0,0,14000,0,0,0,14000,0,14000,14000
057692,臺股指凱基98購10,0,0,0,0,0,0,0,0,0,14000,0,0,0,14000,0,14000,14000
063428,矽創凱基9B購02  ,0,0,0,0,0,0,0,0,0,14000,0,0,0,60000,46000,14000,14000
063463,瑞昱元大9B購05  ,0,0,0,0,0,0,0,0,0,14000,0,0,0,21000,7000,14000,14000
061349,嘉澤元大9A購02  ,0,0,0,0,0,0,0,0,0,14000,0,0,0,32000,18000,14000,14000
064064,義隆富邦03購01  ,0,0,0,0,0,0,0,0,0,14000,0,0,0,14000,0,14000,14000
06453P,群創元大9B售02  ,0,0,0,0,0,0,0,0,0,14000,0,0,0,38000,24000,14000,14000
064391,亞德客永豐9C購01,0,0,0,0,0,0,0,0,0,14000,0,0,0,103000,89000,14000,14000
063553,同欣電國票9B購03,0,0,0,0,0,0,0,0,0,14000,0,0,0,31000,17000,14000,14000
066960,盛群元大01購01  ,0,0,0,0,0,0,0,0,0,14000,0,0,0,358000,344000,14000,14000
066859,華擎國票02購01  ,0,0,0,0,0,0,0,0,0,14000,0,0,0,34000,20000,14000,14000
066626,盟立凱基01購01  ,0,0,0,0,0,0,0,0,0,14000,0,0,0,64000,50000,14000,14000
066032,矽格群益01購01  ,0,0,0,0,0,0,0,0,0,14000,0,0,0,14000,0,14000,14000
066284,松翰元大01購01  ,0,0,0,0,0,0,0,0,0,14000,0,0,0,379000,365000,14000,14000
065902,燿華富邦02購01  ,0,0,0,0,0,0,0,0,0,14000,0,0,0,15000,1000,14000,14000
065791,牧德永豐9C購03  ,0,0,0,0,0,0,0,0,0,14000,0,0,0,14000,0,14000,14000
065741,聯發科麥證9C購06,0,0,0,4000,0,4000,0,0,0,14000,0,0,0,14000,0,14000,14000
065563,T50反1群益9C購04,0,0,0,0,0,0,0,0,0,14000,0,0,0,424000,410000,14000,14000
065642,台積電元大9C購13,0,0,0,0,0,0,0,0,0,14000,0,0,0,14000,0,14000,14000
065081,金像電元大9C購05,0,0,0,0,0,0,0,0,0,14000,0,0,0,31000,17000,14000,14000
064970,東元元大9C購01  ,0,0,0,0,0,0,0,0,0,14000,0,0,0,37000,23000,14000,14000
064989,鈺齊元大01購01  ,0,0,0,0,0,0,0,0,0,14000,0,0,0,14000,0,14000,14000
065261,技嘉元大9C購03  ,0,0,0,0,0,0,0,0,0,14000,0,0,0,14000,0,14000,14000
064233,燿華統一9C購02  ,0,0,0,0,0,0,0,0,0,14000,0,0,0,75000,61000,14000,14000
064690,台光電群益9C購02,0,0,0,0,0,0,0,0,0,14000,0,0,0,111000,97000,14000,14000
1541,錩泰            ,28000,13000,15000,0,0,0,0,0,0,-1000,0,1000,-1000,0,0,0,14000
07847P,國巨群益9A售13  ,0,0,0,0,0,0,0,0,0,13000,0,0,0,13000,0,13000,13000
08271P,華通元富9C售01  ,0,0,0,0,0,0,0,0,0,13000,0,0,0,43000,30000,13000,13000
068282,信邦中信03購01  ,0,0,0,0,0,0,0,0,0,13000,0,0,0,13000,0,13000,13000
068020,玉晶光國票02購07,0,0,0,0,0,0,0,0,0,13000,0,0,0,14000,1000,13000,13000
067330,台達電凱基02購01,0,0,0,0,0,0,0,0,0,13000,0,0,0,243000,230000,13000,13000
057713,美律統一99購01  ,0,0,0,0,0,0,0,0,0,13000,0,0,0,70000,57000,13000,13000
059174,訊芯凱基99購01  ,0,0,0,0,0,0,0,0,0,13000,0,0,0,29000,16000,13000,13000
057980,聯詠永豐98購01  ,0,0,0,0,0,0,0,0,0,13000,0,0,0,13000,0,13000,13000
058022,樺漢凱基99購02  ,0,0,0,0,0,0,0,0,0,13000,0,0,0,48000,35000,13000,13000
052475,滬深2X群益99購06,0,0,0,0,0,0,0,0,0,13000,0,0,0,19000,6000,13000,13000
00709,富邦歐洲        ,0,0,0,0,0,0,0,0,0,13000,0,0,0,94000,81000,13000,13000
03138P,台灣50凱基04售12,0,0,0,0,0,0,0,0,0,13000,0,0,0,14000,1000,13000,13000
058077,超眾凱基98購02  ,0,0,0,0,0,0,0,0,0,13000,0,0,0,23000,10000,13000,13000
059911,國巨元大99購27  ,0,0,0,0,0,0,0,0,0,13000,0,0,0,25000,12000,13000,13000
063562,國巨元大9C購06  ,0,0,0,0,0,0,0,0,0,13000,0,0,0,23000,10000,13000,13000
063557,聚陽元大9B購01  ,0,0,0,0,0,0,0,0,0,13000,0,0,0,45000,32000,13000,13000
062693,中石化元大02購01,0,0,0,0,0,0,0,0,0,13000,0,0,0,213000,200000,13000,13000
061945,華通群益9B購04  ,0,0,0,0,0,0,0,0,0,13000,0,0,0,23000,10000,13000,13000
061900,志超永豐9B購01  ,0,0,0,0,0,0,0,0,0,13000,0,0,0,232000,219000,13000,13000
063125,華擎元大9C購02  ,0,0,0,0,0,0,0,0,0,13000,0,0,0,18000,5000,13000,13000
062164,禾伸堂國泰01購01,0,0,0,0,0,0,0,0,0,13000,0,0,0,13000,0,13000,13000
064381,道瓊銀國泰02購01,0,0,0,0,0,0,0,0,0,13000,0,0,0,13000,0,13000,13000
061708,同欣電國票9A購02,0,0,0,0,0,0,0,0,0,13000,0,0,0,13000,0,13000,13000
061644,健策元大9C購02  ,0,0,0,0,0,0,0,0,0,13000,0,0,0,30000,17000,13000,13000
061238,晶技元大9A購02  ,0,0,0,0,0,0,0,0,0,13000,0,0,0,64000,51000,13000,13000
061503,臻鼎國票9B購01  ,0,0,0,0,0,0,0,0,0,13000,0,0,0,13000,0,13000,13000
061428,南六元大9A購01  ,0,0,0,0,0,0,0,0,0,13000,0,0,0,13000,0,13000,13000
063832,矽創國票01購01  ,0,0,0,0,0,0,0,0,0,13000,0,0,0,87000,74000,13000,13000
064119,上銀元大9C購06  ,0,0,0,0,0,0,0,0,0,13000,0,0,0,185000,172000,13000,13000
064923,牧德統一02購01  ,0,0,0,0,0,0,0,0,0,13000,0,0,0,18000,5000,13000,13000
065720,義隆兆豐9C購03  ,0,0,0,0,0,0,0,0,0,13000,0,0,0,13000,0,13000,13000
065801,瑞昱群益9C購04  ,0,0,0,0,0,0,0,0,0,13000,0,0,0,18000,5000,13000,13000
066398,京鼎凱基01購02  ,0,0,0,0,0,0,0,0,0,13000,0,0,0,13000,0,13000,13000
066380,瑞昱康和01購02  ,0,0,0,0,0,0,0,0,0,13000,0,0,0,22000,9000,13000,13000
066920,華擎麥證01購01  ,0,0,0,13000,0,13000,0,0,0,13000,0,0,0,13000,0,13000,13000
066723,聯電元大02購01  ,0,0,0,0,0,0,0,0,0,13000,0,0,0,13000,0,13000,13000
1587,吉茂            ,21000,8000,13000,0,0,0,0,0,0,0,0,0,0,0,0,0,13000
08907P,奇鋐群益01售03  ,0,0,0,0,0,0,0,0,0,13000,0,0,0,40000,27000,13000,13000
5258,虹堡            ,23000,11000,12000,0,0,0,0,0,0,1000,5000,4000,1000,0,0,0,13000
3703,欣陸            ,111000,78000,33000,0,0,0,0,0,0,-20000,0,20000,-20000,0,0,0,13000
8341,日友            ,48000,35000,13000,0,0,0,0,0,0,0,0,0,0,0,0,0,13000
1903,士紙            ,76200,101000,-24800,0,0,0,0,0,0,37000,37000,0,37000,0,0,0,12200
067382,康控統一03購02  ,0,0,0,0,0,0,0,0,0,12000,0,0,0,12000,0,12000,12000
067586,奇鋐群益01購02  ,0,0,0,0,0,0,0,0,0,12000,0,0,0,16000,4000,12000,12000
067102,聯發科群益01購03,0,0,0,0,0,0,0,0,0,12000,0,0,0,12000,0,12000,12000
067113,京鼎群益02購03  ,0,0,0,0,0,0,0,0,0,12000,0,0,0,12000,0,12000,12000
067124,華擎富邦03購01  ,0,0,0,0,0,0,0,0,0,12000,0,0,0,12000,0,12000,12000
067258,盛群國票01購01  ,0,0,0,0,0,0,0,0,0,12000,0,0,0,12000,0,12000,12000
068190,台積電凱基01購20,0,0,0,0,0,0,0,0,0,12000,0,0,0,53000,41000,12000,12000
08314P,國巨元大9C售14  ,0,0,0,0,0,0,0,0,0,12000,0,0,0,12000,0,12000,12000
08092P,仁寶元富9B售02  ,0,0,0,0,0,0,0,0,0,12000,0,0,0,112000,100000,12000,12000
08661P,台灣50麥證9C售03,0,0,0,12000,0,12000,0,0,0,12000,0,0,0,12000,0,12000,12000
08524P,奇力新元大9C售01,0,0,0,0,0,0,0,0,0,12000,0,0,0,12000,0,12000,12000
07895P,美律元大9B售01  ,0,0,0,0,0,0,0,0,0,12000,0,0,0,12000,0,12000,12000
07884P,華新科凱基9B售08,0,0,0,0,0,0,0,0,0,12000,0,0,0,12000,0,12000,12000
068379,聯陽永豐01購04  ,0,0,0,0,0,0,0,0,0,12000,0,0,0,22000,10000,12000,12000
059055,旺宏凱基9B購02  ,0,0,0,0,0,0,0,0,0,12000,0,0,0,12000,0,12000,12000
054479,緯創中信98購01  ,0,0,0,0,0,0,0,0,0,12000,0,0,0,43000,31000,12000,12000
058671,旺宏群益9A購01  ,0,0,0,0,0,0,0,0,0,12000,0,0,0,32000,20000,12000,12000
058776,台積電國票9A購03,0,0,0,0,0,0,0,0,0,12000,0,0,0,12000,0,12000,12000
058608,華新科元大99購13,0,0,0,0,0,0,0,0,0,12000,0,0,0,17000,5000,12000,12000
058421,國泰金麥證01購01,0,0,0,16000,4000,12000,0,0,0,12000,0,0,0,16000,4000,12000,12000
063419,聯發科凱基03購01,0,0,0,0,0,0,0,0,0,12000,0,0,0,15000,3000,12000,12000
063251,同欣電元大9B購04,0,0,0,0,0,0,0,0,0,12000,0,0,0,16000,4000,12000,12000
057897,華通富邦99購01  ,0,0,0,0,0,0,0,0,0,12000,0,0,0,12000,0,12000,12000
061415,健策群益9A購04  ,0,0,0,0,0,0,0,0,0,12000,0,0,0,19000,7000,12000,12000
060871,台灣50中信01購03,0,0,0,0,0,0,0,0,0,12000,0,0,0,12000,0,12000,12000
060734,華通統一9C購01  ,0,0,0,0,0,0,0,0,0,12000,0,0,0,22000,10000,12000,12000
060679,聯詠元大9A購04  ,0,0,0,0,0,0,0,0,0,12000,0,0,0,40000,28000,12000,12000
061030,喬山永豐9A購01  ,0,0,0,0,0,0,0,0,0,12000,0,0,0,47000,35000,12000,12000
062593,健策統一9B購03  ,0,0,0,0,0,0,0,0,0,12000,0,0,0,33000,21000,12000,12000
062372,旭富元大9B購01  ,0,0,0,0,0,0,0,0,0,12000,0,0,0,12000,0,12000,12000
063115,台積電麥證9B購02,0,0,0,12000,0,12000,0,0,0,12000,0,0,0,12000,0,12000,12000
062836,同欣電群益9B購02,0,0,0,0,0,0,0,0,0,12000,0,0,0,12000,0,12000,12000
062182,華新科元大9B購07,0,0,0,0,0,0,0,0,0,12000,0,0,0,14000,2000,12000,12000
061520,健策中信9A購01  ,0,0,0,0,0,0,0,0,0,12000,0,0,0,28000,16000,12000,12000
061776,晶技國票9B購01  ,0,0,0,0,0,0,0,0,0,12000,0,0,0,21000,9000,12000,12000
062270,上銀群益9B購03  ,0,0,0,0,0,0,0,0,0,12000,0,0,0,100000,88000,12000,12000
063209,巨大統一01購01  ,0,0,0,0,0,0,0,0,0,12000,0,0,0,12000,0,12000,12000
066653,矽格康和01購01  ,0,0,0,0,0,0,0,0,0,12000,0,0,0,12000,0,12000,12000
066834,泰鼎群益01購01  ,0,0,0,0,0,0,0,0,0,12000,0,0,0,12000,0,12000,12000
066196,南港統一03購01  ,0,0,0,0,0,0,0,0,0,12000,0,0,0,12000,0,12000,12000
066006,大立光統一01購07,0,0,0,0,0,0,0,0,0,12000,0,0,0,63000,51000,12000,12000
065393,旺宏群益9C購04  ,0,0,0,0,0,0,0,0,0,12000,0,0,0,12000,0,12000,12000
08910P,宏達電凱基01售02,0,0,0,0,0,0,0,0,0,12000,0,0,0,12000,0,12000,12000
6288,聯嘉            ,446000,422000,24000,0,0,0,0,0,0,-12000,0,12000,-12000,0,0,0,12000
6409,旭隼            ,31000,22000,9000,0,0,0,0,0,0,3000,5000,2000,3000,0,0,0,12000
07836P,大成鋼元大9A售01,0,0,0,0,0,0,0,0,0,11000,0,0,0,11000,0,11000,11000
07982P,全新群益9B售04  ,0,0,0,0,0,0,0,0,0,11000,0,0,0,31000,20000,11000,11000
08664P,金像電凱基01售02,0,0,0,0,0,0,0,0,0,11000,0,0,0,15000,4000,11000,11000
07996P,亞德客凱基9B售03,0,0,0,0,0,0,0,0,0,11000,0,0,0,49000,38000,11000,11000
068025,聯電元富02購01  ,0,0,0,0,0,0,0,0,0,11000,0,0,0,12000,1000,11000,11000
068082,南六凱基03購01  ,0,0,0,0,0,0,0,0,0,11000,0,0,0,81000,70000,11000,11000
067634,高鐵永豐01購01  ,0,0,0,0,0,0,0,0,0,11000,0,0,0,11000,0,11000,11000
067632,台積電永豐01購03,0,0,0,0,0,0,0,0,0,11000,0,0,0,20000,9000,11000,11000
067686,矽格元大01購04  ,0,0,0,0,0,0,0,0,0,11000,0,0,0,11000,0,11000,11000
067909,玉晶光國泰03購02,0,0,0,0,0,0,0,0,0,11000,0,0,0,31000,20000,11000,11000
063445,金像電統一9B購01,0,0,0,0,0,0,0,0,0,11000,0,0,0,21000,10000,11000,11000
058368,奇鋐凱基9A購01  ,0,0,0,0,0,0,0,0,0,11000,0,0,0,11000,0,11000,11000
057549,台光電凱基98購05,0,0,0,0,0,0,0,0,0,11000,0,0,0,11000,0,11000,11000
059643,日月光凱基99購02,0,0,0,0,0,0,0,0,0,11000,0,0,0,11000,0,11000,11000
056347,GIS凱基9A購01   ,0,0,0,0,0,0,0,0,0,11000,0,0,0,15000,4000,11000,11000
059887,華新科國票99購02,0,0,0,0,0,0,0,0,0,11000,0,0,0,11000,0,11000,11000
059966,台積電凱基99購19,0,0,0,0,0,0,0,0,0,11000,0,0,0,11000,0,11000,11000
053401,臺股指中信99購01,0,0,0,0,0,0,0,0,0,11000,0,0,0,12000,1000,11000,11000
006207,FH滬深          ,42000,5000,37000,0,0,0,0,0,0,-26000,0,0,0,26000,52000,-26000,11000
051597,T50反1中信99購02,0,0,0,0,0,0,0,0,0,11000,0,0,0,70000,59000,11000,11000
056869,國巨日盛99購03  ,0,0,0,0,0,0,0,0,0,11000,0,0,0,11000,0,11000,11000
056689,玉晶光統一9A購03,0,0,0,0,0,0,0,0,0,11000,0,0,0,14000,3000,11000,11000
063597,健策中信9B購02  ,0,0,0,0,0,0,0,0,0,11000,0,0,0,26000,15000,11000,11000
062925,建準國票9B購01  ,0,0,0,0,0,0,0,0,0,11000,0,0,0,11000,0,11000,11000
062617,京鼎元大9B購01  ,0,0,0,0,0,0,0,0,0,11000,0,0,0,11000,0,11000,11000
060682,牧德元大9A購03  ,0,0,0,0,0,0,0,0,0,11000,0,0,0,11000,0,11000,11000
060591,富邦金台新9A購01,0,0,0,0,0,0,0,0,0,11000,0,0,0,11000,0,11000,11000
061243,麗豐兆豐9A購01  ,0,0,0,0,0,0,0,0,0,11000,0,0,0,58000,47000,11000,11000
064387,GIS富邦9C購01   ,0,0,0,0,0,0,0,0,0,11000,0,0,0,30000,19000,11000,11000
060238,強茂元大9C購01  ,0,0,0,0,0,0,0,0,0,11000,0,0,0,19000,8000,11000,11000
065313,聯茂國票01購01  ,0,0,0,0,0,0,0,0,0,11000,0,0,0,70000,59000,11000,11000
065283,台積電群益01購01,0,0,0,0,0,0,0,0,0,11000,0,0,0,427000,416000,11000,11000
065270,TPK元大01購01   ,0,0,0,0,0,0,0,0,0,11000,0,0,0,105000,94000,11000,11000
064909,華擎麥證9C購01  ,0,0,0,11000,0,11000,0,0,0,11000,0,0,0,11000,0,11000,11000
064152,義隆統一02購02  ,0,0,0,0,0,0,0,0,0,11000,0,0,0,11000,0,11000,11000
063874,志超永豐9C購01  ,0,0,0,0,0,0,0,0,0,11000,0,0,0,271000,260000,11000,11000
066289,晶碩元大02購01  ,0,0,0,0,0,0,0,0,0,11000,0,0,0,144000,133000,11000,11000
065752,正崴元大9C購01  ,0,0,0,0,0,0,0,0,0,11000,0,0,0,15000,4000,11000,11000
065711,矽格群益9C購02  ,0,0,0,0,0,0,0,0,0,11000,0,0,0,11000,0,11000,11000
065877,TPK群益9C購05   ,0,0,0,0,0,0,0,0,0,11000,0,0,0,127000,116000,11000,11000
066340,敦泰永豐01購01  ,0,0,0,0,0,0,0,0,0,11000,0,0,0,80000,69000,11000,11000
3416,融程電          ,17000,5000,12000,0,0,0,0,0,0,-1000,0,1000,-1000,0,0,0,11000
4572,駐龍            ,18000,7000,11000,0,0,0,0,0,0,0,0,0,0,0,0,0,11000
3013,晟銘電          ,37000,26000,11000,0,0,0,0,0,0,0,0,0,0,0,0,0,11000
08988P,華碩國票01售02  ,0,0,0,0,0,0,0,0,0,11000,0,0,0,15000,4000,11000,11000
2539,櫻花建          ,54000,43000,11000,0,0,0,0,0,0,0,0,0,0,0,0,0,11000
067839,臺股指統一01購01,0,0,0,0,0,0,0,0,0,10000,0,0,0,10000,0,10000,10000
067676,大立光元大01購12,0,0,0,0,0,0,0,0,0,10000,0,0,0,10000,0,10000,10000
067703,臺股指國票01購11,0,0,0,0,0,0,0,0,0,10000,0,0,0,10000,0,10000,10000
068277,緯穎永豐01購03  ,0,0,0,0,0,0,0,0,0,10000,0,0,0,10000,0,10000,10000
06826P,臺股指國票98售02,0,0,0,0,0,0,0,0,0,10000,0,0,0,10000,0,10000,10000
067189,牧德凱基02購02  ,0,0,0,0,0,0,0,0,0,10000,0,0,0,10000,0,10000,10000
067112,泰碩群益01購02  ,0,0,0,0,0,0,0,0,0,10000,0,0,0,20000,10000,10000,10000
067029,台表科兆豐03購01,0,0,0,0,0,0,0,0,0,10000,0,0,0,10000,0,10000,10000
067045,聯發科凱基02購05,0,0,0,0,0,0,0,0,0,10000,0,0,0,10000,0,10000,10000
067573,滬深反群益02購01,0,0,0,0,0,0,0,0,0,10000,0,0,0,10000,0,10000,10000
067592,信錦凱基01購01  ,0,0,0,0,0,0,0,0,0,10000,0,0,0,10000,0,10000,10000
067493,健策元大01購12  ,0,0,0,0,0,0,0,0,0,10000,0,0,0,807000,797000,10000,10000
06735P,奇力新凱基98售07,0,0,0,0,0,0,0,0,0,10000,0,0,0,10000,0,10000,10000
08019P,緯穎國票9B售02  ,0,0,0,0,0,0,0,0,0,10000,0,0,0,10000,0,10000,10000
08066P,南亞科凱基9B售04,0,0,0,0,0,0,0,0,0,10000,0,0,0,10000,0,10000,10000
08214P,南六統一9B售03  ,0,0,0,0,0,0,0,0,0,10000,0,0,0,10000,0,10000,10000
08306P,台積電凱基01售04,0,0,0,0,0,0,0,0,0,10000,0,0,0,10000,0,10000,10000
08295P,長榮航元大9C售01,0,0,0,0,0,0,0,0,0,10000,0,0,0,10000,0,10000,10000
08279P,南電元富9C售02  ,0,0,0,0,0,0,0,0,0,10000,0,0,0,10000,0,10000,10000
08410P,臺股指元大9C售16,0,0,0,0,0,0,0,0,0,10000,0,0,0,20000,10000,10000,10000
08684P,禾伸堂凱基01售01,0,0,0,0,0,0,0,0,0,10000,0,0,0,10000,0,10000,10000
08706P,台積電統一02售04,0,0,0,0,0,0,0,0,0,10000,0,0,0,80000,70000,10000,10000
08718P,台灣50元大02售03,0,0,0,0,0,0,0,0,0,10000,0,0,0,10000,0,10000,10000
08731P,台灣50麥證01售01,0,0,0,10000,0,10000,0,0,0,10000,0,0,0,10000,0,10000,10000
08538P,聯發科國票01售01,0,0,0,0,0,0,0,0,0,10000,0,0,0,10000,0,10000,10000
08469P,富邦金凱基9C售01,0,0,0,0,0,0,0,0,0,10000,0,0,0,10000,0,10000,10000
08582P,臺股指元大9C售30,0,0,0,0,0,0,0,0,0,10000,0,0,0,10000,0,10000,10000
07926P,上銀統一9B售02  ,0,0,0,0,0,0,0,0,0,10000,0,0,0,10000,0,10000,10000
07669P,華新科元大9A售14,0,0,0,0,0,0,0,0,0,10000,0,0,0,10000,0,10000,10000
07835P,台表科群益9A售02,0,0,0,0,0,0,0,0,0,10000,0,0,0,10000,0,10000,10000
07753P,台灣50元大9C售34,0,0,0,0,0,0,0,0,0,10000,0,0,0,15000,5000,10000,10000
07709P,創意元大9A售01  ,0,0,0,0,0,0,0,0,0,10000,0,0,0,20000,10000,10000,10000
07163P,臺股指群益99售14,0,0,0,0,0,0,0,0,0,10000,0,0,0,10000,0,10000,10000
07203P,T50正2凱基9C售02,0,0,0,0,0,0,0,0,0,10000,0,0,0,10000,0,10000,10000
07358P,鴻海元大99售39  ,0,0,0,0,0,0,0,0,0,10000,0,0,0,20000,10000,10000,10000
068367,聯電富邦03購02  ,0,0,0,0,0,0,0,0,0,10000,0,0,0,10000,0,10000,10000
06985P,華新科富邦9C售02,0,0,0,0,0,0,0,0,0,10000,0,0,0,10000,0,10000,10000
06872P,亞德客元富98售04,0,0,0,0,0,0,0,0,0,10000,0,0,0,10000,0,10000,10000
056671,台灣50元富9A購01,0,0,0,0,0,0,0,0,0,10000,0,0,0,10000,0,10000,10000
056747,致新凱基99購01  ,0,0,0,0,0,0,0,0,0,10000,0,0,0,20000,10000,10000,10000
056851,瑞儀元富98購01  ,0,0,0,0,0,0,0,0,0,10000,0,0,0,20000,10000,10000,10000
056646,奇鋐凱基99購02  ,0,0,0,0,0,0,0,0,0,10000,0,0,0,11000,1000,10000,10000
054633,臺股指凱基9A購02,0,0,0,0,0,0,0,0,0,10000,0,0,0,10000,0,10000,10000
054805,台苯元大9A購01  ,0,0,0,0,0,0,0,0,0,10000,0,0,0,10000,0,10000,10000
054773,台郡國票98購01  ,0,0,0,0,0,0,0,0,0,10000,0,0,0,10000,0,10000,10000
055020,上証2X國泰98購01,0,0,0,0,0,0,0,0,0,10000,0,0,0,10000,0,10000,10000
054976,上証2X元富9A購01,0,0,0,0,0,0,0,0,0,10000,0,0,0,169000,159000,10000,10000
051431,群創元富99購02  ,0,0,0,0,0,0,0,0,0,10000,0,0,0,10000,0,10000,10000
051946,健策統一98購01  ,0,0,0,0,0,0,0,0,0,10000,0,0,0,10000,0,10000,10000
053186,健策中信9C購01  ,0,0,0,0,0,0,0,0,0,10000,0,0,0,22000,12000,10000,10000
056449,義隆凱基98購03  ,0,0,0,0,0,0,0,0,0,10000,0,0,0,10000,0,10000,10000
053328,滬深2X永豐99購01,0,0,0,0,0,0,0,0,0,10000,0,0,0,15000,5000,10000,10000
056476,智原元大98購02  ,0,0,0,0,0,0,0,0,0,10000,0,0,0,10000,0,10000,10000
046385,群創凱基98購03  ,0,0,0,0,0,0,0,0,0,10000,0,0,0,10000,0,10000,10000
045837,群創群益98購02  ,0,0,0,0,0,0,0,0,0,10000,0,0,0,10000,0,10000,10000
039212,台達電台新9A購01,0,0,0,0,0,0,0,0,0,10000,0,0,0,10000,0,10000,10000
036628,統一台新99購01  ,0,0,0,0,0,0,0,0,0,10000,0,0,0,10000,0,10000,10000
03076P,台積電富邦03售06,0,0,0,0,0,0,0,0,0,10000,0,0,0,14000,4000,10000,10000
057183,玉晶光元大99購07,0,0,0,0,0,0,0,0,0,10000,0,0,0,10000,0,10000,10000
057244,鈺齊凱基99購01  ,0,0,0,0,0,0,0,0,0,10000,0,0,0,20000,10000,10000,10000
059975,元金2X元大99購02,0,0,0,0,0,0,0,0,0,10000,0,0,0,10000,0,10000,10000
057330,台積電國票99購03,0,0,0,0,0,0,0,0,0,10000,0,0,0,10000,0,10000,10000
057333,智邦國票99購01  ,0,0,0,0,0,0,0,0,0,10000,0,0,0,10000,0,10000,10000
059043,聯電日盛99購01  ,0,0,0,0,0,0,0,0,0,10000,0,0,0,10000,0,10000,10000
058050,台郡元大99購05  ,0,0,0,0,0,0,0,0,0,10000,0,0,0,10000,0,10000,10000
060020,康控康和99購01  ,0,0,0,0,0,0,0,0,0,10000,0,0,0,18000,8000,10000,10000
059117,禾伸堂永豐99購01,0,0,0,0,0,0,0,0,0,10000,0,0,0,10000,0,10000,10000
059107,南茂國泰9A購01  ,0,0,0,0,0,0,0,0,0,10000,0,0,0,10000,0,10000,10000
060032,利勤永豐99購01  ,0,0,0,0,0,0,0,0,0,10000,0,0,0,10000,0,10000,10000
060051,台積電凱基9B購01,0,0,0,0,0,0,0,0,0,10000,0,0,0,10000,0,10000,10000
054477,聯發科中信9C購02,0,0,0,0,0,0,0,0,0,10000,0,0,0,10000,0,10000,10000
056232,瑞儀凱基98購01  ,0,0,0,0,0,0,0,0,0,10000,0,0,0,392000,382000,10000,10000
057022,智邦凱基98購04  ,0,0,0,0,0,0,0,0,0,10000,0,0,0,10000,0,10000,10000
057498,台郡元大98購04  ,0,0,0,0,0,0,0,0,0,10000,0,0,0,10000,0,10000,10000
057482,微星元大98購03  ,0,0,0,0,0,0,0,0,0,10000,0,0,0,10000,0,10000,10000
056041,禾伸堂凱基98購03,0,0,0,0,0,0,0,0,0,10000,0,0,0,10000,0,10000,10000
055420,欣興永豐98購01  ,0,0,0,0,0,0,0,0,0,10000,0,0,0,10000,0,10000,10000
055527,旺宏群益99購03  ,0,0,0,0,0,0,0,0,0,10000,0,0,0,10000,0,10000,10000
055515,聚陽中信9A購01  ,0,0,0,0,0,0,0,0,0,10000,0,0,0,10000,0,10000,10000
055596,新光金元大9B購02,0,0,0,0,0,0,0,0,0,10000,0,0,0,10000,0,10000,10000
055780,禾伸堂凱基99購01,0,0,0,0,0,0,0,0,0,10000,0,0,0,10000,0,10000,10000
055797,華通富邦98購01  ,0,0,0,0,0,0,0,0,0,10000,0,0,0,10000,0,10000,10000
059628,智邦凱基99購04  ,0,0,0,0,0,0,0,0,0,10000,0,0,0,10000,0,10000,10000
059537,大立光凱基99購09,0,0,0,0,0,0,0,0,0,10000,0,0,0,10000,0,10000,10000
059567,台積電凱基9A購12,0,0,0,0,0,0,0,0,0,10000,0,0,0,12000,2000,10000,10000
059568,台積電凱基9A購13,0,0,0,0,0,0,0,0,0,10000,0,0,0,10000,0,10000,10000
059530,華新科凱基9A購05,0,0,0,0,0,0,0,0,0,10000,0,0,0,11000,1000,10000,10000
059168,奇力新凱基99購05,0,0,0,0,0,0,0,0,0,10000,0,0,0,10000,0,10000,10000
058964,群創兆豐99購01  ,0,0,0,0,0,0,0,0,0,10000,0,0,0,10000,0,10000,10000
059325,超眾元大99購05  ,0,0,0,0,0,0,0,0,0,10000,0,0,0,10000,0,10000,10000
059343,宏達電凱基99購04,0,0,0,0,0,0,0,0,0,10000,0,0,0,20000,10000,10000,10000
059262,致茂中信01購01  ,0,0,0,0,0,0,0,0,0,10000,0,0,0,21000,11000,10000,10000
059239,台積電凱基99購12,0,0,0,0,0,0,0,0,0,10000,0,0,0,12000,2000,10000,10000
058591,台灣50統一9B購02,0,0,0,0,0,0,0,0,0,10000,0,0,0,10000,0,10000,10000
058630,日月光國票9A購01,0,0,0,0,0,0,0,0,0,10000,0,0,0,144000,134000,10000,10000
058663,瑞儀兆豐9A購01  ,0,0,0,0,0,0,0,0,0,10000,0,0,0,10000,0,10000,10000
057929,上銀群益98購02  ,0,0,0,0,0,0,0,0,0,10000,0,0,0,10000,0,10000,10000
058766,力山兆豐99購01  ,0,0,0,0,0,0,0,0,0,10000,0,0,0,10000,0,10000,10000
057999,智邦亞東99購02  ,0,0,0,0,0,0,0,0,0,10000,0,0,0,10000,0,10000,10000
058694,鈺齊國票9A購02  ,0,0,0,0,0,0,0,0,0,10000,0,0,0,10000,0,10000,10000
058718,台灣50元富03購01,0,0,0,0,0,0,0,0,0,10000,0,0,0,40000,30000,10000,10000
057546,台積電凱基02購01,0,0,0,0,0,0,0,0,0,10000,0,0,0,30000,20000,10000,10000
057564,台積電富邦9B購03,0,0,0,0,0,0,0,0,0,10000,0,0,0,10000,0,10000,10000
057621,崇越凱基98購01  ,0,0,0,0,0,0,0,0,0,10000,0,0,0,10000,0,10000,10000
05773P,臺股指凱基99售03,0,0,0,0,0,0,0,0,0,10000,0,0,0,10000,0,10000,10000
057774,台光電群益99購02,0,0,0,0,0,0,0,0,0,10000,0,0,0,10000,0,10000,10000
058357,智邦凱基99購02  ,0,0,0,0,0,0,0,0,0,10000,0,0,0,10000,0,10000,10000
058358,技嘉凱基9A購01  ,0,0,0,0,0,0,0,0,0,10000,0,0,0,22000,12000,10000,10000
058324,嘉聯益永豐9A購01,0,0,0,0,0,0,0,0,0,10000,0,0,0,67000,57000,10000,10000
059848,智邦永豐99購01  ,0,0,0,0,0,0,0,0,0,10000,0,0,0,10000,0,10000,10000
058475,台積電凱基99購06,0,0,0,0,0,0,0,0,0,10000,0,0,0,10000,0,10000,10000
063461,金像電元大9B購03,0,0,0,0,0,0,0,0,0,10000,0,0,0,10000,0,10000,10000
063413,台積電麥證01購01,0,0,0,10000,0,10000,0,0,0,10000,0,0,0,10000,0,10000,10000
063497,東元永豐9B購01  ,0,0,0,0,0,0,0,0,0,10000,0,0,0,10000,0,10000,10000
063492,台積電富邦02購02,0,0,0,0,0,0,0,0,0,10000,0,0,0,10000,0,10000,10000
063488,金像電國泰01購01,0,0,0,0,0,0,0,0,0,10000,0,0,0,28000,18000,10000,10000
063242,聯發科元大9B購19,0,0,0,0,0,0,0,0,0,10000,0,0,0,10000,0,10000,10000
063278,國巨元大9C購04  ,0,0,0,0,0,0,0,0,0,10000,0,0,0,10000,0,10000,10000
063377,泰鼎永豐9B購03  ,0,0,0,0,0,0,0,0,0,10000,0,0,0,10000,0,10000,10000
063365,義隆富邦01購01  ,0,0,0,0,0,0,0,0,0,10000,0,0,0,10000,0,10000,10000
064440,大立光凱基03購03,0,0,0,0,0,0,0,0,0,10000,0,0,0,10000,0,10000,10000
060165,上緯控永豐9A購01,0,0,0,0,0,0,0,0,0,10000,0,0,0,10000,0,10000,10000
060980,台積電元大9A購21,0,0,0,0,0,0,0,0,0,10000,0,0,0,13000,3000,10000,10000
060961,台光電凱基9A購03,0,0,0,0,0,0,0,0,0,10000,0,0,0,10000,0,10000,10000
064293,勤誠元大9C購01  ,0,0,0,0,0,0,0,0,0,10000,0,0,0,14000,4000,10000,10000
064261,力山永豐9C購01  ,0,0,0,0,0,0,0,0,0,10000,0,0,0,10000,0,10000,10000
064263,貿聯永豐9C購01  ,0,0,0,0,0,0,0,0,0,10000,0,0,0,10000,0,10000,10000
064601,嘉晶元富9C購03  ,0,0,0,0,0,0,0,0,0,10000,0,0,0,10000,0,10000,10000
061272,超眾凱基9A購03  ,0,0,0,0,0,0,0,0,0,10000,0,0,0,10000,0,10000,10000
061283,智邦統一9A購01  ,0,0,0,0,0,0,0,0,0,10000,0,0,0,10000,0,10000,10000
061277,智邦台新9A購01  ,0,0,0,0,0,0,0,0,0,10000,0,0,0,10000,0,10000,10000
061279,鴻海統一9C購04  ,0,0,0,0,0,0,0,0,0,10000,0,0,0,10000,0,10000,10000
061327,台郡凱基9A購02  ,0,0,0,0,0,0,0,0,0,10000,0,0,0,30000,20000,10000,10000
061294,奇力新麥證9A購01,0,0,0,10000,0,10000,0,0,0,10000,0,0,0,10000,0,10000,10000
061181,牧德凱基9A購01  ,0,0,0,0,0,0,0,0,0,10000,0,0,0,10000,0,10000,10000
061182,南六凱基9A購01  ,0,0,0,0,0,0,0,0,0,10000,0,0,0,10000,0,10000,10000
061438,牧德凱基9B購02  ,0,0,0,0,0,0,0,0,0,10000,0,0,0,10000,0,10000,10000
061397,上銀台新9A購01  ,0,0,0,0,0,0,0,0,0,10000,0,0,0,10000,0,10000,10000
061475,漢唐元大9A購01  ,0,0,0,0,0,0,0,0,0,10000,0,0,0,10000,0,10000,10000
060443,滬深2X元大9A購03,0,0,0,0,0,0,0,0,0,10000,0,0,0,10000,0,10000,10000
060487,盛群富邦9B購01  ,0,0,0,0,0,0,0,0,0,10000,0,0,0,10000,0,10000,10000
060515,臺股指元大9B購12,0,0,0,0,0,0,0,0,0,10000,0,0,0,40000,30000,10000,10000
060329,鎧勝群益9B購01  ,0,0,0,0,0,0,0,0,0,10000,0,0,0,10000,0,10000,10000
062592,牧德統一01購01  ,0,0,0,0,0,0,0,0,0,10000,0,0,0,10000,0,10000,10000
062126,創意統一9B購01  ,0,0,0,0,0,0,0,0,0,10000,0,0,0,10000,0,10000,10000
062371,健策元大9B購08  ,0,0,0,0,0,0,0,0,0,10000,0,0,0,22000,12000,10000,10000
062887,台積電群益9C購05,0,0,0,0,0,0,0,0,0,10000,0,0,0,10000,0,10000,10000
063074,創意永豐9B購02  ,0,0,0,0,0,0,0,0,0,10000,0,0,0,10000,0,10000,10000
063083,聯發科凱基01購02,0,0,0,0,0,0,0,0,0,10000,0,0,0,10000,0,10000,10000
063010,國巨元大9C購02  ,0,0,0,0,0,0,0,0,0,10000,0,0,0,10000,0,10000,10000
063013,技嘉元大9B購02  ,0,0,0,0,0,0,0,0,0,10000,0,0,0,10000,0,10000,10000
062955,立積永豐9B購02  ,0,0,0,0,0,0,0,0,0,10000,0,0,0,28000,18000,10000,10000
063786,瑞昱中信06購01  ,0,0,0,0,0,0,0,0,0,10000,0,0,0,40000,30000,10000,10000
063682,達新永豐9B購01  ,0,0,0,0,0,0,0,0,0,10000,0,0,0,10000,0,10000,10000
063216,元黃金群益9B購02,0,0,0,0,0,0,0,0,0,10000,0,0,0,10000,0,10000,10000
063182,國巨凱基9B購10  ,0,0,0,0,0,0,0,0,0,10000,0,0,0,10000,0,10000,10000
063185,聯發科凱基9C購03,0,0,0,0,0,0,0,0,0,10000,0,0,0,10000,0,10000,10000
062709,帆宣元大9B購01  ,0,0,0,0,0,0,0,0,0,10000,0,0,0,10000,0,10000,10000
062718,技嘉凱基9B購01  ,0,0,0,0,0,0,0,0,0,10000,0,0,0,19000,9000,10000,10000
063566,台光電元大9B購08,0,0,0,0,0,0,0,0,0,10000,0,0,0,79000,69000,10000,10000
062275,燿華群益9B購01  ,0,0,0,0,0,0,0,0,0,10000,0,0,0,10000,0,10000,10000
062249,台積電元大9B購01,0,0,0,0,0,0,0,0,0,10000,0,0,0,18000,8000,10000,10000
062260,華新科元大9B購09,0,0,0,0,0,0,0,0,0,10000,0,0,0,11000,1000,10000,10000
061832,聯發科凱基9B購06,0,0,0,0,0,0,0,0,0,10000,0,0,0,10000,0,10000,10000
061841,晶技凱基9C購01  ,0,0,0,0,0,0,0,0,0,10000,0,0,0,13000,3000,10000,10000
061852,大立光國票9B購02,0,0,0,0,0,0,0,0,0,10000,0,0,0,12000,2000,10000,10000
062055,鴻海統一9C購07  ,0,0,0,0,0,0,0,0,0,10000,0,0,0,10000,0,10000,10000
061927,玉晶光凱基9C購01,0,0,0,0,0,0,0,0,0,10000,0,0,0,10000,0,10000,10000
061924,聯發科凱基9C購01,0,0,0,0,0,0,0,0,0,10000,0,0,0,10000,0,10000,10000
061929,嘉澤凱基9B購01  ,0,0,0,0,0,0,0,0,0,10000,0,0,0,10000,0,10000,10000
061920,台積電凱基9C購02,0,0,0,0,0,0,0,0,0,10000,0,0,0,12000,2000,10000,10000
061989,晶技元大9B購04  ,0,0,0,0,0,0,0,0,0,10000,0,0,0,10000,0,10000,10000
066358,美利達永豐01購01,0,0,0,0,0,0,0,0,0,10000,0,0,0,53000,43000,10000,10000
066353,台塑化永豐01購01,0,0,0,0,0,0,0,0,0,10000,0,0,0,10000,0,10000,10000
066397,智原凱基01購01  ,0,0,0,0,0,0,0,0,0,10000,0,0,0,10000,0,10000,10000
066610,台積電麥證01購02,0,0,0,10000,0,10000,0,0,0,10000,0,0,0,10000,0,10000,10000
066591,華新科群益01購05,0,0,0,0,0,0,0,0,0,10000,0,0,0,49000,39000,10000,10000
066524,創意統一02購03  ,0,0,0,0,0,0,0,0,0,10000,0,0,0,13000,3000,10000,10000
066489,京鼎元富04購01  ,0,0,0,0,0,0,0,0,0,10000,0,0,0,20000,10000,10000,10000
066919,台積電麥證01購06,0,0,0,10000,0,10000,0,0,0,10000,0,0,0,10000,0,10000,10000
066930,台積電國票02購01,0,0,0,0,0,0,0,0,0,10000,0,0,0,10000,0,10000,10000
066945,鴻海元大01購14  ,0,0,0,0,0,0,0,0,0,10000,0,0,0,13000,3000,10000,10000
066668,揚明光凱基01購01,0,0,0,0,0,0,0,0,0,10000,0,0,0,10000,0,10000,10000
066710,彩晶群益03購01  ,0,0,0,0,0,0,0,0,0,10000,0,0,0,10000,0,10000,10000
065971,金像電元大02購01,0,0,0,0,0,0,0,0,0,10000,0,0,0,10000,0,10000,10000
065907,南亞科永豐9C購01,0,0,0,0,0,0,0,0,0,10000,0,0,0,10000,0,10000,10000
065947,國巨統一02購03  ,0,0,0,0,0,0,0,0,0,10000,0,0,0,10000,0,10000,10000
065739,正崴麥證9C購01  ,0,0,0,10000,0,10000,0,0,0,10000,0,0,0,10000,0,10000,10000
066175,聯鈞凱基01購01  ,0,0,0,0,0,0,0,0,0,10000,0,0,0,10000,0,10000,10000
066220,矽格台新01購01  ,0,0,0,0,0,0,0,0,0,10000,0,0,0,10000,0,10000,10000
066016,台表科元富01購02,0,0,0,0,0,0,0,0,0,10000,0,0,0,10000,0,10000,10000
066085,台積電富邦05購01,0,0,0,0,0,0,0,0,0,10000,0,0,0,10000,0,10000,10000
066133,京元電群益01購01,0,0,0,0,0,0,0,0,0,10000,0,0,0,10000,0,10000,10000
063884,台表科元富03購01,0,0,0,0,0,0,0,0,0,10000,0,0,0,10000,0,10000,10000
063904,大立光麥證01購01,0,0,0,15000,5000,10000,0,0,0,10000,0,0,0,15000,5000,10000,10000
063815,玉晶光群益02購01,0,0,0,0,0,0,0,0,0,10000,0,0,0,11000,1000,10000,10000
064687,國巨群益9C購10  ,0,0,0,0,0,0,0,0,0,10000,0,0,0,30000,20000,10000,10000
064642,裕隆凱基9C購01  ,0,0,0,0,0,0,0,0,0,10000,0,0,0,100000,90000,10000,10000
064207,國巨凱基03購02  ,0,0,0,0,0,0,0,0,0,10000,0,0,0,10000,0,10000,10000
06418P,T50反1統一9A售02,0,0,0,0,0,0,0,0,0,10000,0,0,0,50000,40000,10000,10000
064895,奇力新群益9C購02,0,0,0,0,0,0,0,0,0,10000,0,0,0,10000,0,10000,10000
064794,牧德國票01購01  ,0,0,0,0,0,0,0,0,0,10000,0,0,0,10000,0,10000,10000
064863,台積電永豐9C購01,0,0,0,0,0,0,0,0,0,10000,0,0,0,10000,0,10000,10000
065045,信邦凱基9C購01  ,0,0,0,0,0,0,0,0,0,10000,0,0,0,10000,0,10000,10000
06504P,麗豐國票99售02  ,0,0,0,0,0,0,0,0,0,10000,0,0,0,10000,0,10000,10000
065051,和碩凱基02購01  ,0,0,0,0,0,0,0,0,0,10000,0,0,0,10000,0,10000,10000
065435,臻鼎凱基02購01  ,0,0,0,0,0,0,0,0,0,10000,0,0,0,30000,20000,10000,10000
065575,神達群益01購01  ,0,0,0,0,0,0,0,0,0,10000,0,0,0,10000,0,10000,10000
065529,聯發科中信01購04,0,0,0,0,0,0,0,0,0,10000,0,0,0,10000,0,10000,10000
2239,英利-KY         ,38000,24000,14000,0,0,0,0,0,0,-4000,0,0,0,0,4000,-4000,10000
08993P,彩晶元大01售02  ,0,0,0,0,0,0,0,0,0,10000,0,0,0,10000,0,10000,10000
08970P,臺股指元大01售13,0,0,0,0,0,0,0,0,0,10000,0,0,0,10000,0,10000,10000
08974P,可成群益02售02  ,0,0,0,0,0,0,0,0,0,10000,0,0,0,28000,18000,10000,10000
08922P,京元電永豐01售01,0,0,0,0,0,0,0,0,0,10000,0,0,0,10000,0,10000,10000
08901P,台表科群益01售02,0,0,0,0,0,0,0,0,0,10000,0,0,0,10000,0,10000,10000
1540,喬福            ,13000,3000,10000,0,0,0,0,0,0,0,0,0,0,0,0,0,10000
6155,鈞寶            ,45000,35000,10000,0,0,0,0,0,0,0,0,0,0,0,0,0,10000
911868,同方友友-DR     ,10000,0,10000,0,0,0,0,0,0,0,0,0,0,0,0,0,10000
07901P,臺股指凱基9B售04,0,0,0,0,0,0,0,0,0,9000,0,0,0,10000,1000,9000,9000
08565P,聯發科群益9C售12,0,0,0,0,0,0,0,0,0,9000,0,0,0,9000,0,9000,9000
08719P,華通元大01售04  ,0,0,0,0,0,0,0,0,0,9000,0,0,0,31000,22000,9000,9000
08422P,玉晶光群益02售03,0,0,0,0,0,0,0,0,0,9000,0,0,0,56000,47000,9000,9000
08077P,亞德客國票9B售02,0,0,0,0,0,0,0,0,0,9000,0,0,0,109000,100000,9000,9000
08122P,晶技國票9C售01  ,0,0,0,0,0,0,0,0,0,9000,0,0,0,40000,31000,9000,9000
067606,京鼎凱基01購04  ,0,0,0,0,0,0,0,0,0,9000,0,0,0,9000,0,9000,9000
067040,鴻海凱基02購04  ,0,0,0,0,0,0,0,0,0,9000,0,0,0,9000,0,9000,9000
067195,台虹凱基02購01  ,0,0,0,0,0,0,0,0,0,9000,0,0,0,29000,20000,9000,9000
068144,台積電元大01購33,0,0,0,0,0,0,0,0,0,9000,0,0,0,12000,3000,9000,9000
057525,光磊元大99購01  ,0,0,0,0,0,0,0,0,0,9000,0,0,0,9000,0,9000,9000
059864,亞德客凱基99購01,0,0,0,0,0,0,0,0,0,9000,0,0,0,30000,21000,9000,9000
058706,聯鈞元大9C購01  ,0,0,0,0,0,0,0,0,0,9000,0,0,0,16000,7000,9000,9000
058771,神達兆豐99購01  ,0,0,0,0,0,0,0,0,0,9000,0,0,0,9000,0,9000,9000
058817,嘉聯益台新99購01,0,0,0,0,0,0,0,0,0,9000,0,0,0,20000,11000,9000,9000
00713,元大台灣高息低波,31000,10000,21000,0,0,0,0,0,0,-12000,0,0,0,2000,14000,-12000,9000
03041P,玉晶光國票03售03,0,0,0,0,0,0,0,0,0,9000,0,0,0,19000,10000,9000,9000
056618,京元電永豐98購01,0,0,0,0,0,0,0,0,0,9000,0,0,0,9000,0,9000,9000
056598,京元電元富98購01,0,0,0,0,0,0,0,0,0,9000,0,0,0,9000,0,9000,9000
061888,元金2X富邦9C購01,0,0,0,0,0,0,0,0,0,9000,0,0,0,9000,0,9000,9000
061772,健策元大9B購06  ,0,0,0,0,0,0,0,0,0,9000,0,0,0,23000,14000,9000,9000
063220,建準群益9B購01  ,0,0,0,0,0,0,0,0,0,9000,0,0,0,53000,44000,9000,9000
062760,漢唐凱基9B購01  ,0,0,0,0,0,0,0,0,0,9000,0,0,0,19000,10000,9000,9000
062834,立積群益9B購02  ,0,0,0,0,0,0,0,0,0,9000,0,0,0,10000,1000,9000,9000
061571,奇力新元大9A購03,0,0,0,0,0,0,0,0,0,9000,0,0,0,20000,11000,9000,9000
062150,南六國票9B購01  ,0,0,0,0,0,0,0,0,0,9000,0,0,0,19000,10000,9000,9000
062513,玉晶光國票9C購01,0,0,0,0,0,0,0,0,0,9000,0,0,0,12000,3000,9000,9000
060582,玉晶光群益9C購01,0,0,0,0,0,0,0,0,0,9000,0,0,0,9000,0,9000,9000
060785,國巨富邦9B購04  ,0,0,0,0,0,0,0,0,0,9000,0,0,0,9000,0,9000,9000
061429,南六元大9A購02  ,0,0,0,0,0,0,0,0,0,9000,0,0,0,10000,1000,9000,9000
061425,華新科元大9A購19,0,0,0,0,0,0,0,0,0,9000,0,0,0,11000,2000,9000,9000
060881,玉山金中信02購01,0,0,0,0,0,0,0,0,0,9000,0,0,0,11000,2000,9000,9000
060940,國巨國票9B購03  ,0,0,0,0,0,0,0,0,0,9000,0,0,0,12000,3000,9000,9000
061661,京鼎永豐9A購02  ,0,0,0,0,0,0,0,0,0,9000,0,0,0,9000,0,9000,9000
065504,宏達電永豐9C購01,0,0,0,0,0,0,0,0,0,9000,0,0,0,74000,65000,9000,9000
065323,聯發科凱基9C購09,0,0,0,0,0,0,0,0,0,9000,0,0,0,29000,20000,9000,9000
064996,T50反1國票01購03,0,0,0,0,0,0,0,0,0,9000,0,0,0,19000,10000,9000,9000
064977,玉晶光元大01購03,0,0,0,0,0,0,0,0,0,9000,0,0,0,87000,78000,9000,9000
065130,奇鋐兆豐9C購01  ,0,0,0,0,0,0,0,0,0,9000,0,0,0,9000,0,9000,9000
064848,金像電元富9C購02,0,0,0,0,0,0,0,0,0,9000,0,0,0,68000,59000,9000,9000
064101,可成群益01購01  ,0,0,0,0,0,0,0,0,0,9000,0,0,0,9000,0,9000,9000
066067,台積電凱基02購05,0,0,0,0,0,0,0,0,0,9000,0,0,0,9000,0,9000,9000
066017,南六元富03購01  ,0,0,0,0,0,0,0,0,0,9000,0,0,0,182000,173000,9000,9000
066202,大立光統一02購07,0,0,0,0,0,0,0,0,0,9000,0,0,0,10000,1000,9000,9000
066177,上緯控凱基01購01,0,0,0,0,0,0,0,0,0,9000,0,0,0,213000,204000,9000,9000
065911,超眾永豐9C購01  ,0,0,0,0,0,0,0,0,0,9000,0,0,0,52000,43000,9000,9000
066720,滬深2X元大01購07,0,0,0,0,0,0,0,0,0,9000,0,0,0,73000,64000,9000,9000
066923,滬深2X國票02購01,0,0,0,0,0,0,0,0,0,9000,0,0,0,10000,1000,9000,9000
066433,南六元大02購01  ,0,0,0,0,0,0,0,0,0,9000,0,0,0,119000,110000,9000,9000
066318,友訊永豐01購01  ,0,0,0,0,0,0,0,0,0,9000,0,0,0,10000,1000,9000,9000
3055,蔚華科          ,25000,16000,9000,0,0,0,0,0,0,0,0,0,0,0,0,0,9000
08816P,台積電富邦04售03,0,0,0,0,0,0,0,0,0,9000,0,0,0,9000,0,9000,9000
08817P,致新元富01售02  ,0,0,0,0,0,0,0,0,0,9000,0,0,0,63000,54000,9000,9000
08845P,友訊元大01售05  ,0,0,0,0,0,0,0,0,0,9000,0,0,0,12000,3000,9000,9000
08905P,金像電群益01售06,0,0,0,0,0,0,0,0,0,9000,0,0,0,30000,21000,9000,9000
068087,臺股指凱基04購04,0,0,0,0,0,0,0,0,0,8000,0,0,0,10000,2000,8000,8000
06766P,玉晶光元大99售10,0,0,0,0,0,0,0,0,0,8000,0,0,0,20000,12000,8000,8000
067366,巨大群益01購01  ,0,0,0,0,0,0,0,0,0,8000,0,0,0,8000,0,8000,8000
067321,南六元大01購05  ,0,0,0,0,0,0,0,0,0,8000,0,0,0,95000,87000,8000,8000
067453,嘉澤國票02購02  ,0,0,0,0,0,0,0,0,0,8000,0,0,0,51000,43000,8000,8000
08085P,華通凱基9B售04  ,0,0,0,0,0,0,0,0,0,8000,0,0,0,8000,0,8000,8000
08605P,聯發科中信9C售06,0,0,0,0,0,0,0,0,0,8000,0,0,0,153000,145000,8000,8000
08465P,玉晶光兆豐01售02,0,0,0,0,0,0,0,0,0,8000,0,0,0,20000,12000,8000,8000
07046P,大立光富邦9C售03,0,0,0,0,0,0,0,0,0,8000,0,0,0,8000,0,8000,8000
056823,智伸科永豐98購01,0,0,0,0,0,0,0,0,0,8000,0,0,0,8000,0,8000,8000
055030,帆宣國泰99購02  ,0,0,0,0,0,0,0,0,0,8000,0,0,0,18000,10000,8000,8000
03686P,大立光統一98售02,0,0,0,0,0,0,0,0,0,8000,0,0,0,10000,2000,8000,8000
053294,聯發科中信9C購01,0,0,0,0,0,0,0,0,0,8000,0,0,0,8000,0,8000,8000
00686R,群益臺灣加權反1 ,0,0,0,0,0,0,0,0,0,8000,0,0,0,97000,89000,8000,8000
056165,矽力凱基98購02  ,0,0,0,0,0,0,0,0,0,8000,0,0,0,8000,0,8000,8000
060098,華新科元大99購24,0,0,0,0,0,0,0,0,0,8000,0,0,0,10000,2000,8000,8000
059920,宏達電元大99購07,0,0,0,0,0,0,0,0,0,8000,0,0,0,193000,185000,8000,8000
059931,緯穎富邦9A購01  ,0,0,0,0,0,0,0,0,0,8000,0,0,0,10000,2000,8000,8000
059922,大立光元大99購25,0,0,0,0,0,0,0,0,0,8000,0,0,0,18000,10000,8000,8000
059968,世紀鋼凱基99購03,0,0,0,0,0,0,0,0,0,8000,0,0,0,28000,20000,8000,8000
057268,臻鼎兆豐99購01  ,0,0,0,0,0,0,0,0,0,8000,0,0,0,8000,0,8000,8000
058319,大毅永豐9A購01  ,0,0,0,0,0,0,0,0,0,8000,0,0,0,8000,0,8000,8000
058973,麗豐永豐99購01  ,0,0,0,0,0,0,0,0,0,8000,0,0,0,68000,60000,8000,8000
059663,旭富元大9C購02  ,0,0,0,0,0,0,0,0,0,8000,0,0,0,10000,2000,8000,8000
057669,嘉晶元大99購03  ,0,0,0,0,0,0,0,0,0,8000,0,0,0,11000,3000,8000,8000
057633,緯穎永豐98購02  ,0,0,0,0,0,0,0,0,0,8000,0,0,0,8000,0,8000,8000
063441,台達電統一9C購01,0,0,0,0,0,0,0,0,0,8000,0,0,0,8000,0,8000,8000
061008,群創兆豐9A購02  ,0,0,0,0,0,0,0,0,0,8000,0,0,0,18000,10000,8000,8000
060988,華新科元大9A購12,0,0,0,0,0,0,0,0,0,8000,0,0,0,8000,0,8000,8000
060248,日月光元大9A購01,0,0,0,0,0,0,0,0,0,8000,0,0,0,15000,7000,8000,8000
064507,臻鼎元大9C購02  ,0,0,0,0,0,0,0,0,0,8000,0,0,0,24000,16000,8000,8000
064559,旺宏群益01購02  ,0,0,0,0,0,0,0,0,0,8000,0,0,0,18000,10000,8000,8000
064052,創意統一01購02  ,0,0,0,0,0,0,0,0,0,8000,0,0,0,8000,0,8000,8000
061303,玉晶光永豐9B購03,0,0,0,0,0,0,0,0,0,8000,0,0,0,8000,0,8000,8000
060793,微星永豐9A購01  ,0,0,0,0,0,0,0,0,0,8000,0,0,0,8000,0,8000,8000
062113,瑞祺國票9B購01  ,0,0,0,0,0,0,0,0,0,8000,0,0,0,20000,12000,8000,8000
062314,玉晶光凱基9B購06,0,0,0,0,0,0,0,0,0,8000,0,0,0,17000,9000,8000,8000
062376,中租元大9B購02  ,0,0,0,0,0,0,0,0,0,8000,0,0,0,8000,0,8000,8000
063600,燿華凱基9B購04  ,0,0,0,0,0,0,0,0,0,8000,0,0,0,30000,22000,8000,8000
061769,晶技元大9B購03  ,0,0,0,0,0,0,0,0,0,8000,0,0,0,10000,2000,8000,8000
061851,智邦國票9B購01  ,0,0,0,0,0,0,0,0,0,8000,0,0,0,8000,0,8000,8000
061940,世紀鋼國票9C購01,0,0,0,0,0,0,0,0,0,8000,0,0,0,128000,120000,8000,8000
066446,健策群益01購06  ,0,0,0,0,0,0,0,0,0,8000,0,0,0,8000,0,8000,8000
066936,新日興國票02購01,0,0,0,0,0,0,0,0,0,8000,0,0,0,11000,3000,8000,8000
066883,聯發科永豐01購01,0,0,0,0,0,0,0,0,0,8000,0,0,0,48000,40000,8000,8000
065730,新日興凱基9C購01,0,0,0,0,0,0,0,0,0,8000,0,0,0,8000,0,8000,8000
065725,技嘉凱基9C購03  ,0,0,0,0,0,0,0,0,0,8000,0,0,0,32000,24000,8000,8000
065792,TPK永豐9C購02   ,0,0,0,0,0,0,0,0,0,8000,0,0,0,92000,84000,8000,8000
066311,生達永豐01購01  ,0,0,0,0,0,0,0,0,0,8000,0,0,0,59000,51000,8000,8000
063959,GIS元大9C購02   ,0,0,0,0,0,0,0,0,0,8000,0,0,0,653000,645000,8000,8000
063836,台塑元大9C購01  ,0,0,0,0,0,0,0,0,0,8000,0,0,0,18000,10000,8000,8000
063852,瀚宇博元大9C購01,0,0,0,0,0,0,0,0,0,8000,0,0,0,28000,20000,8000,8000
064806,微星元大01購01  ,0,0,0,0,0,0,0,0,0,8000,0,0,0,15000,7000,8000,8000
064191,聯發科中信03購01,0,0,0,0,0,0,0,0,0,8000,0,0,0,8000,0,8000,8000
065063,玉晶光群益02購04,0,0,0,0,0,0,0,0,0,8000,0,0,0,9000,1000,8000,8000
065321,瑞昱凱基9C購01  ,0,0,0,0,0,0,0,0,0,8000,0,0,0,44000,36000,8000,8000
065484,康友元大9C購01  ,0,0,0,0,0,0,0,0,0,8000,0,0,0,68000,60000,8000,8000
2436,偉詮電          ,247000,239000,8000,0,0,0,0,0,0,0,0,0,0,0,0,0,8000
2891B,中信金乙特      ,0,0,0,0,0,0,0,0,0,8000,8000,0,8000,0,0,0,8000
068494,玉山金元大01購01,0,0,0,0,0,0,0,0,0,7000,0,0,0,108000,101000,7000,7000
08656P,大立光群益9C售07,0,0,0,0,0,0,0,0,0,7000,0,0,0,119000,112000,7000,7000
067447,台積電國票02購04,0,0,0,0,0,0,0,0,0,7000,0,0,0,59000,52000,7000,7000
067614,台汽電凱基01購01,0,0,0,0,0,0,0,0,0,7000,0,0,0,67000,60000,7000,7000
067565,聯發科日盛01購01,0,0,0,0,0,0,0,0,0,7000,0,0,0,7000,0,7000,7000
067296,A50正2元大01購03,0,0,0,0,0,0,0,0,0,7000,0,0,0,7000,0,7000,7000
067300,金像電元大02購02,0,0,0,0,0,0,0,0,0,7000,0,0,0,41000,34000,7000,7000
06696P,台灣50國票99售01,0,0,0,0,0,0,0,0,0,7000,0,0,0,7000,0,7000,7000
068045,滬深2X統一03購01,0,0,0,0,0,0,0,0,0,7000,0,0,0,7000,0,7000,7000
063402,GIS群益9B購02   ,0,0,0,0,0,0,0,0,0,7000,0,0,0,46000,39000,7000,7000
059681,華新科國泰9B購02,0,0,0,0,0,0,0,0,0,7000,0,0,0,27000,20000,7000,7000
060153,A50正2永豐9A購01,0,0,0,0,0,0,0,0,0,7000,0,0,0,7000,0,7000,7000
059290,全新元富99購01  ,0,0,0,0,0,0,0,0,0,7000,0,0,0,10000,3000,7000,7000
053400,緯穎中信9A購01  ,0,0,0,0,0,0,0,0,0,7000,0,0,0,7000,0,7000,7000
059979,台積電元大99購49,0,0,0,0,0,0,0,0,0,7000,0,0,0,10000,3000,7000,7000
060072,國巨元富99購04  ,0,0,0,0,0,0,0,0,0,7000,0,0,0,7000,0,7000,7000
057422,欣興凱基98購04  ,0,0,0,0,0,0,0,0,0,7000,0,0,0,7000,0,7000,7000
055506,台郡元大99購02  ,0,0,0,0,0,0,0,0,0,7000,0,0,0,7000,0,7000,7000
055820,矽力國票98購02  ,0,0,0,0,0,0,0,0,0,7000,0,0,0,9000,2000,7000,7000
054297,台郡元大98購01  ,0,0,0,0,0,0,0,0,0,7000,0,0,0,26000,19000,7000,7000
054080,微星中信98購01  ,0,0,0,0,0,0,0,0,0,7000,0,0,0,17000,10000,7000,7000
052692,滬深2X中信99購02,0,0,0,0,0,0,0,0,0,7000,0,0,0,10000,3000,7000,7000
047211,華新科富邦99購01,0,0,0,0,0,0,0,0,0,7000,0,0,0,8000,1000,7000,7000
061526,宏達電凱基9A購04,0,0,0,0,0,0,0,0,0,7000,0,0,0,11000,4000,7000,7000
06371P,茂林國票98售04  ,0,0,0,0,0,0,0,0,0,7000,0,0,0,35000,28000,7000,7000
063186,聯發科凱基9C購04,0,0,0,0,0,0,0,0,0,7000,0,0,0,10000,3000,7000,7000
061565,滬深2X元大9A購08,0,0,0,0,0,0,0,0,0,7000,0,0,0,10000,3000,7000,7000
062522,同欣電元大9B購02,0,0,0,0,0,0,0,0,0,7000,0,0,0,17000,10000,7000,7000
062543,華通富邦9C購01  ,0,0,0,0,0,0,0,0,0,7000,0,0,0,312000,305000,7000,7000
063119,華通元大9B購07  ,0,0,0,0,0,0,0,0,0,7000,0,0,0,7000,0,7000,7000
063145,台表科統一02購01,0,0,0,0,0,0,0,0,0,7000,0,0,0,30000,23000,7000,7000
063155,緯穎元富9B購03  ,0,0,0,0,0,0,0,0,0,7000,0,0,0,50000,43000,7000,7000
061032,金像電永豐9A購03,0,0,0,0,0,0,0,0,0,7000,0,0,0,35000,28000,7000,7000
060382,儒鴻凱基9A購01  ,0,0,0,0,0,0,0,0,0,7000,0,0,0,8000,1000,7000,7000
061506,瑞祺國票9A購02  ,0,0,0,0,0,0,0,0,0,7000,0,0,0,7000,0,7000,7000
061482,健策元大9C購01  ,0,0,0,0,0,0,0,0,0,7000,0,0,0,17000,10000,7000,7000
06433P,大立光群益99售01,0,0,0,0,0,0,0,0,0,7000,0,0,0,7000,0,7000,7000
064411,台表科凱基02購01,0,0,0,0,0,0,0,0,0,7000,0,0,0,7000,0,7000,7000
060997,上銀兆豐9B購01  ,0,0,0,0,0,0,0,0,0,7000,0,0,0,7000,0,7000,7000
065075,葡萄王元大01購01,0,0,0,0,0,0,0,0,0,7000,0,0,0,7000,0,7000,7000
065232,健策凱基02購01  ,0,0,0,0,0,0,0,0,0,7000,0,0,0,120000,113000,7000,7000
065223,旺宏中信01購01  ,100000,0,100000,0,0,0,0,0,0,-93000,0,0,0,30000,123000,-93000,7000
064182,臻鼎富邦01購01  ,0,0,0,0,0,0,0,0,0,7000,0,0,0,7000,0,7000,7000
064078,台積電中信06購04,0,0,0,0,0,0,0,0,0,7000,0,0,0,7000,0,7000,7000
066058,TPK元大01購02   ,0,0,0,0,0,0,0,0,0,7000,0,0,0,67000,60000,7000,7000
066131,群光群益02購01  ,0,0,0,0,0,0,0,0,0,7000,0,0,0,104000,97000,7000,7000
065818,奇鋐元富9C購01  ,0,0,0,0,0,0,0,0,0,7000,0,0,0,7000,0,7000,7000
065819,京鼎元富03購01  ,0,0,0,0,0,0,0,0,0,7000,0,0,0,17000,10000,7000,7000
065758,嘉澤元大9C購03  ,0,0,0,0,0,0,0,0,0,7000,0,0,0,58000,51000,7000,7000
065727,冠德凱基9C購01  ,0,0,0,0,0,0,0,0,0,7000,0,0,0,248000,241000,7000,7000
065686,同欣電統一03購01,0,0,0,0,0,0,0,0,0,7000,0,0,0,10000,3000,7000,7000
066736,京鼎元大01購02  ,0,0,0,0,0,0,0,0,0,7000,0,0,0,16000,9000,7000,7000
066640,達麗凱基01購01  ,0,0,0,0,0,0,0,0,0,7000,0,0,0,27000,20000,7000,7000
3530,晶相光          ,82000,77000,5000,0,0,0,0,0,0,2000,0,0,0,2000,0,2000,7000
2413,環科            ,18000,11000,7000,0,0,0,0,0,0,0,0,0,0,0,0,0,7000
067103,聯發科群益01購04,0,0,0,0,0,0,0,0,0,6000,0,0,0,6000,0,6000,6000
06728P,全新元大98售03  ,0,0,0,0,0,0,0,0,0,6000,0,0,0,6000,0,6000,6000
08687P,南六永豐01售02  ,0,0,0,0,0,0,0,0,0,6000,0,0,0,6000,0,6000,6000
08566P,禾伸堂群益9C售01,0,0,0,0,0,0,0,0,0,6000,0,0,0,6000,0,6000,6000
08079P,宏達電國票9B售03,0,0,0,0,0,0,0,0,0,6000,0,0,0,11000,5000,6000,6000
08190P,宏達電元富9B售04,0,0,0,0,0,0,0,0,0,6000,0,0,0,8000,2000,6000,6000
08185P,華新科永豐9B售01,0,0,0,0,0,0,0,0,0,6000,0,0,0,6000,0,6000,6000
08186P,泰碩永豐9B售03  ,0,0,0,0,0,0,0,0,0,6000,0,0,0,6000,0,6000,6000
08203P,同欣電永豐9B售04,0,0,0,0,0,0,0,0,0,6000,0,0,0,6000,0,6000,6000
08374P,緯穎凱基9C售01  ,0,0,0,0,0,0,0,0,0,6000,0,0,0,26000,20000,6000,6000
06879P,長榮航凱基98售02,0,0,0,0,0,0,0,0,0,6000,0,0,0,6000,0,6000,6000
07242P,台灣50凱基9A售03,0,0,0,0,0,0,0,0,0,6000,0,0,0,6000,0,6000,6000
07643P,禾伸堂凱基9A售02,0,0,0,0,0,0,0,0,0,6000,0,0,0,6000,0,6000,6000
00706L,元大S&P日圓正2  ,0,0,0,0,0,0,0,0,0,6000,0,0,0,11000,5000,6000,6000
00866,新光Shiller CAPE,0,0,0,0,0,0,0,0,0,6000,0,0,0,32000,26000,6000,6000
03067P,南亞科群益01售01,0,0,0,0,0,0,0,0,0,6000,0,0,0,26000,20000,6000,6000
02001L,富邦蘋果正二N   ,0,0,0,0,0,0,0,0,0,6000,0,0,0,11000,5000,6000,6000
057009,信邦中信99購01  ,0,0,0,0,0,0,0,0,0,6000,0,0,0,26000,20000,6000,6000
056192,智邦富邦98購01  ,0,0,0,0,0,0,0,0,0,6000,0,0,0,6000,0,6000,6000
054534,台積電富邦98購03,0,0,0,0,0,0,0,0,0,6000,0,0,0,14000,8000,6000,6000
060107,旭富元大99購03  ,0,0,0,0,0,0,0,0,0,6000,0,0,0,6000,0,6000,6000
058061,貿聯元富9B購01  ,0,0,0,0,0,0,0,0,0,6000,0,0,0,80000,74000,6000,6000
059036,可成群益9B購03  ,0,0,0,0,0,0,0,0,0,6000,0,0,0,10000,4000,6000,6000
059788,華新科元大9A購05,0,0,0,0,0,0,0,0,0,6000,0,0,0,9000,3000,6000,6000
059610,上銀永豐99購02  ,0,0,0,0,0,0,0,0,0,6000,0,0,0,6000,0,6000,6000
057919,技嘉凱基98購03  ,0,0,0,0,0,0,0,0,0,6000,0,0,0,15000,9000,6000,6000
058017,漢唐凱基99購01  ,0,0,0,0,0,0,0,0,0,6000,0,0,0,16000,10000,6000,6000
057991,健策統一9C購01  ,0,0,0,0,0,0,0,0,0,6000,0,0,0,18000,12000,6000,6000
057605,旺宏統一99購03  ,0,0,0,0,0,0,0,0,0,6000,0,0,0,6000,0,6000,6000
059868,台光電凱基99購03,0,0,0,0,0,0,0,0,0,6000,0,0,0,6000,0,6000,6000
058506,台積電元大99購09,0,0,0,0,0,0,0,0,0,6000,0,0,0,6000,0,6000,6000
060163,健策永豐9B購01  ,0,0,0,0,0,0,0,0,0,6000,0,0,0,6000,0,6000,6000
061600,聯電凱基9B購01  ,0,0,0,0,0,0,0,0,0,6000,0,0,0,26000,20000,6000,6000
064405,美食凱基01購02  ,0,0,0,0,0,0,0,0,0,6000,0,0,0,6000,0,6000,6000
064403,正崴凱基01購01  ,0,0,0,0,0,0,0,0,0,6000,0,0,0,25000,19000,6000,6000
064443,同欣電凱基03購01,0,0,0,0,0,0,0,0,0,6000,0,0,0,20000,14000,6000,6000
064002,仁寶凱基9C購01  ,0,0,0,0,0,0,0,0,0,6000,0,0,0,6000,0,6000,6000
064489,宏碁元大9C購01  ,0,0,0,0,0,0,0,0,0,6000,0,0,0,28000,22000,6000,6000
061202,和大元大9A購02  ,0,0,0,0,0,0,0,0,0,6000,0,0,0,6000,0,6000,6000
061167,臻鼎兆豐9B購01  ,0,0,0,0,0,0,0,0,0,6000,0,0,0,6000,0,6000,6000
060334,群光康和9A購01  ,0,0,0,0,0,0,0,0,0,6000,0,0,0,19000,13000,6000,6000
062191,台郡元大9B購05  ,0,0,0,0,0,0,0,0,0,6000,0,0,0,22000,16000,6000,6000
062129,世紀鋼統一02購01,0,0,0,0,0,0,0,0,0,6000,0,0,0,100000,94000,6000,6000
062315,健策凱基9C購01  ,0,0,0,0,0,0,0,0,0,6000,0,0,0,27000,21000,6000,6000
062350,台表科群益9B購01,0,0,0,0,0,0,0,0,0,6000,0,0,0,6000,0,6000,6000
062377,力成元大9B購01  ,0,0,0,0,0,0,0,0,0,6000,0,0,0,95000,89000,6000,6000
063541,華擎元富9B購02  ,0,0,0,0,0,0,0,0,0,6000,0,0,0,7000,1000,6000,6000
063750,和鑫國票9B購01  ,0,0,0,0,0,0,0,0,0,6000,0,0,0,70000,64000,6000,6000
063686,國巨永豐9B購04  ,0,0,0,0,0,0,0,0,0,6000,0,0,0,7000,1000,6000,6000
063695,上銀第一9B購01  ,0,0,0,0,0,0,0,0,0,6000,0,0,0,56000,50000,6000,6000
061840,長榮航凱基9C購01,0,0,0,0,0,0,0,0,0,6000,0,0,0,106000,100000,6000,6000
061787,華新科群益9C購01,0,0,0,0,0,0,0,0,0,6000,0,0,0,6000,0,6000,6000
066478,鴻海元富07購02  ,0,0,0,0,0,0,0,0,0,6000,0,0,0,7000,1000,6000,6000
066665,聯詠凱基02購01  ,0,0,0,0,0,0,0,0,0,6000,0,0,0,6000,0,6000,6000
066741,華擎元大01購03  ,0,0,0,0,0,0,0,0,0,6000,0,0,0,14000,8000,6000,6000
065735,矽格凱基01購02  ,0,0,0,0,0,0,0,0,0,6000,0,0,0,6000,0,6000,6000
065726,京元電凱基9C購02,0,0,0,0,0,0,0,0,0,6000,0,0,0,10000,4000,6000,6000
065870,正崴群益02購01  ,0,0,0,0,0,0,0,0,0,6000,0,0,0,6000,0,6000,6000
063942,台積電元大01購03,0,0,0,0,0,0,0,0,0,6000,0,0,0,9000,3000,6000,6000
064254,景碩台新9C購02  ,0,0,0,0,0,0,0,0,0,6000,0,0,0,6000,0,6000,6000
064811,華擎元大01購01  ,0,0,0,0,0,0,0,0,0,6000,0,0,0,64000,58000,6000,6000
064939,健策元富9C購03  ,0,0,0,0,0,0,0,0,0,6000,0,0,0,180000,174000,6000,6000
065305,泰鼎元富9C購01  ,0,0,0,0,0,0,0,0,0,6000,0,0,0,10000,4000,6000,6000
065565,神隆群益01購01  ,0,0,0,0,0,0,0,0,0,6000,0,0,0,10000,4000,6000,6000
2540,愛山林          ,15000,10000,5000,0,0,0,0,0,0,1000,3000,2000,1000,0,0,0,6000
2038,海光            ,22000,16000,6000,0,0,0,0,0,0,0,0,0,0,0,0,0,6000
08987P,臻鼎元富07售02  ,0,0,0,0,0,0,0,0,0,6000,0,0,0,6000,0,6000,6000
08835P,聯發科統一01售12,0,0,0,0,0,0,0,0,0,6000,0,0,0,6000,0,6000,6000
08877P,臺股指中信04售03,0,0,0,0,0,0,0,0,0,6000,0,0,0,10000,4000,6000,6000
1256,鮮活果汁-KY     ,8000,1000,7000,0,0,0,0,0,0,-1000,0,1000,-1000,0,0,0,6000
4148,全宇生技-KY     ,19000,12000,7000,0,0,0,0,0,0,-1000,0,1000,-1000,0,0,0,6000
4552,力達-KY         ,20000,14000,6000,0,0,0,0,0,0,0,0,0,0,0,0,0,6000
4555,氣立            ,13000,5000,8000,0,0,0,0,0,0,-2000,0,2000,-2000,0,0,0,6000
910322,康師傅-DR       ,6000,0,6000,0,0,0,0,0,0,0,0,0,0,0,0,0,6000
8482,商億-KY         ,91000,85000,6000,0,0,0,0,0,0,0,0,0,0,0,0,0,6000
07940P,國巨群益9B售06  ,0,0,0,0,0,0,0,0,0,5000,0,0,0,5000,0,5000,5000
07274P,上証2X群益01售01,0,0,0,0,0,0,0,0,0,5000,0,0,0,5000,0,5000,5000
07370P,南亞科凱基99售08,0,0,0,0,0,0,0,0,0,5000,0,0,0,5000,0,5000,5000
07085P,超眾元富9C售01  ,0,0,0,0,0,0,0,0,0,5000,0,0,0,80000,75000,5000,5000
07147P,高鐵元大99售01  ,0,0,0,0,0,0,0,0,0,5000,0,0,0,5000,0,5000,5000
08328P,國巨國票9C售07  ,0,0,0,0,0,0,0,0,0,5000,0,0,0,5000,0,5000,5000
08337P,台灣50凱基01售15,0,0,0,0,0,0,0,0,0,5000,0,0,0,335000,330000,5000,5000
08123P,台表科國票9C售01,0,0,0,0,0,0,0,0,0,5000,0,0,0,17000,12000,5000,5000
08604P,金融類元大9C售01,0,0,0,0,0,0,0,0,0,5000,0,0,0,6000,1000,5000,5000
08477P,臺股指凱基9C售15,0,0,0,0,0,0,0,0,0,5000,0,0,0,5000,0,5000,5000
08447P,緯穎永豐9C售02  ,0,0,0,0,0,0,0,0,0,5000,0,0,0,45000,40000,5000,5000
08451P,南六統一9C售06  ,5000,0,5000,0,0,0,0,0,0,0,0,0,0,8000,8000,0,5000
066980,台光電群益01購02,0,0,0,0,0,0,0,0,0,5000,0,0,0,70000,65000,5000,5000
067041,國巨凱基04購02  ,0,0,0,0,0,0,0,0,0,5000,0,0,0,23000,18000,5000,5000
067517,台積電台新01購04,0,0,0,0,0,0,0,0,0,5000,0,0,0,5000,0,5000,5000
067435,眾達凱基02購01  ,0,0,0,0,0,0,0,0,0,5000,0,0,0,5000,0,5000,5000
067419,鴻海凱基02購06  ,0,0,0,0,0,0,0,0,0,5000,0,0,0,5000,0,5000,5000
06737P,台郡凱基98售07  ,0,0,0,0,0,0,0,0,0,5000,0,0,0,5000,0,5000,5000
067348,元金2X群益01購01,0,0,0,0,0,0,0,0,0,5000,0,0,0,5000,0,5000,5000
068072,聯發科凱基01購18,0,0,0,0,0,0,0,0,0,5000,0,0,0,5000,0,5000,5000
068134,上証反元大04購01,0,0,0,0,0,0,0,0,0,5000,0,0,0,5000,0,5000,5000
068276,訊連永豐01購02  ,0,0,0,0,0,0,0,0,0,5000,0,0,0,10000,5000,5000,5000
06770P,台灣50第一9C售01,0,0,0,0,0,0,0,0,0,5000,0,0,0,5000,0,5000,5000
067858,上証2X元大01購06,0,0,0,0,0,0,0,0,0,5000,0,0,0,5000,0,5000,5000
067878,上証2X群益01購06,0,0,0,0,0,0,0,0,0,5000,0,0,0,5000,0,5000,5000
058481,玉晶光凱基9A購04,0,0,0,0,0,0,0,0,0,5000,0,0,0,11000,6000,5000,5000
058352,鴻海凱基9A購05  ,0,0,0,0,0,0,0,0,0,5000,0,0,0,5000,0,5000,5000
057575,世紀鋼永豐98購02,0,0,0,0,0,0,0,0,0,5000,0,0,0,21000,16000,5000,5000
057738,旺宏富邦9A購01  ,0,0,0,0,0,0,0,0,0,5000,0,0,0,5000,0,5000,5000
057764,台表科凱基9A購01,0,0,0,0,0,0,0,0,0,5000,0,0,0,5000,0,5000,5000
057843,晶技永豐98購02  ,0,0,0,0,0,0,0,0,0,5000,0,0,0,10000,5000,5000,5000
063452,創意統一01購01  ,0,0,0,0,0,0,0,0,0,5000,0,0,0,8000,3000,5000,5000
063500,嘉晶永豐9B購02  ,0,0,0,0,0,0,0,0,0,5000,0,0,0,5000,0,5000,5000
063517,遠東新凱基01購01,0,0,0,0,0,0,0,0,0,5000,0,0,0,8000,3000,5000,5000
063248,創意元大9C購01  ,0,0,0,0,0,0,0,0,0,5000,0,0,0,18000,13000,5000,5000
057886,聯詠群益98購01  ,0,0,0,0,0,0,0,0,0,5000,0,0,0,5000,0,5000,5000
058851,大立光群益99購07,0,0,0,0,0,0,0,0,0,5000,0,0,0,10000,5000,5000,5000
058926,勤誠元富99購01  ,0,0,0,0,0,0,0,0,0,5000,0,0,0,5000,0,5000,5000
058781,康友國票9A購01  ,0,0,0,0,0,0,0,0,0,5000,0,0,0,5000,0,5000,5000
058741,欣興日盛99購01  ,0,0,0,0,0,0,0,0,0,5000,0,0,0,5000,0,5000,5000
058750,緯穎凱基9A購03  ,0,0,0,0,0,0,0,0,0,5000,0,0,0,5000,0,5000,5000
057927,勤誠凱基98購01  ,0,0,0,0,0,0,0,0,0,5000,0,0,0,5000,0,5000,5000
058649,健策永豐99購01  ,0,0,0,0,0,0,0,0,0,5000,0,0,0,17000,12000,5000,5000
058639,南電兆豐99購01  ,0,0,0,0,0,0,0,0,0,5000,0,0,0,5000,0,5000,5000
058246,帆宣元大99購01  ,0,0,0,0,0,0,0,0,0,5000,0,0,0,5000,0,5000,5000
059515,牧德永豐99購01  ,0,0,0,0,0,0,0,0,0,5000,0,0,0,33000,28000,5000,5000
059791,超眾元大99購06  ,0,0,0,0,0,0,0,0,0,5000,0,0,0,20000,15000,5000,5000
059747,台達電台新99購01,0,0,0,0,0,0,0,0,0,5000,0,0,0,5000,0,5000,5000
059692,聯詠永豐99購01  ,0,0,0,0,0,0,0,0,0,5000,0,0,0,5000,0,5000,5000
060154,堤維西永豐9A購01,0,0,0,0,0,0,0,0,0,5000,0,0,0,5000,0,5000,5000
059908,元金2X元大99購01,0,0,0,0,0,0,0,0,0,5000,0,0,0,5000,0,5000,5000
057315,台灣50康和9A購03,0,0,0,0,0,0,0,0,0,5000,0,0,0,5000,0,5000,5000
053413,台積電國票99購01,0,0,0,0,0,0,0,0,0,5000,0,0,0,5000,0,5000,5000
057241,超眾凱基99購02  ,0,0,0,0,0,0,0,0,0,5000,0,0,0,5000,0,5000,5000
056407,嘉晶國票99購01  ,0,0,0,0,0,0,0,0,0,5000,0,0,0,5000,0,5000,5000
056945,鴻海統一98購12  ,0,0,0,0,0,0,0,0,0,5000,0,0,0,5000,0,5000,5000
056011,矽力中信99購01  ,0,0,0,0,0,0,0,0,0,5000,0,0,0,5000,0,5000,5000
055541,聚陽凱基98購01  ,0,0,0,0,0,0,0,0,0,5000,0,0,0,5000,0,5000,5000
055416,欣興富邦98購01  ,0,0,0,0,0,0,0,0,0,5000,0,0,0,5000,0,5000,5000
055812,台積電國票99購02,0,0,0,0,0,0,0,0,0,5000,0,0,0,10000,5000,5000,5000
055523,道瓊銀群益9A購01,0,0,0,0,0,0,0,0,0,5000,0,0,0,5000,0,5000,5000
03122P,台積電元大01售44,0,0,0,0,0,0,0,0,0,5000,0,0,0,71000,66000,5000,5000
00660,元大歐洲50      ,0,0,0,0,0,0,0,0,0,5000,0,0,0,5000,0,5000,5000
0055,元大MSCI金融    ,0,0,0,0,0,0,0,0,0,5000,0,0,0,5000,0,5000,5000
051911,大立光元大98購02,0,0,0,0,0,0,0,0,0,5000,0,0,0,5000,0,5000,5000
053095,台光電統一98購01,0,0,0,0,0,0,0,0,0,5000,0,0,0,5000,0,5000,5000
055220,緯穎凱基98購02  ,0,0,0,0,0,0,0,0,0,5000,0,0,0,5000,0,5000,5000
054842,台達電兆豐98購01,0,0,0,0,0,0,0,0,0,5000,0,0,0,5000,0,5000,5000
054770,健策國票98購01  ,0,0,0,0,0,0,0,0,0,5000,0,0,0,5000,0,5000,5000
056898,全新元大98購02  ,0,0,0,0,0,0,0,0,0,5000,0,0,0,5000,0,5000,5000
056785,可成群益99購01  ,0,0,0,0,0,0,0,0,0,5000,0,0,0,5000,0,5000,5000
056715,瀚宇博永豐98購01,0,0,0,0,0,0,0,0,0,5000,0,0,0,5000,0,5000,5000
056619,強茂永豐98購01  ,0,0,0,0,0,0,0,0,0,5000,0,0,0,5000,0,5000,5000
061850,國巨國票9C購02  ,0,0,0,0,0,0,0,0,0,5000,0,0,0,5000,0,5000,5000
061853,晶技國票9B購02  ,0,0,0,0,0,0,0,0,0,5000,0,0,0,18000,13000,5000,5000
062064,台灣50元大9B購13,0,0,0,0,0,0,0,0,0,5000,0,0,0,5000,0,5000,5000
062044,健策凱基9B購02  ,0,0,0,0,0,0,0,0,0,5000,0,0,0,105000,100000,5000,5000
062016,美食永豐9B購01  ,0,0,0,0,0,0,0,0,0,5000,0,0,0,5000,0,5000,5000
061976,國巨元大9B購01  ,0,0,0,0,0,0,0,0,0,5000,0,0,0,10000,5000,5000,5000
063567,漢唐元大9B購03  ,0,0,0,0,0,0,0,0,0,5000,0,0,0,71000,66000,5000,5000
062669,微星中信03購01  ,0,0,0,0,0,0,0,0,0,5000,0,0,0,25000,20000,5000,5000
062661,華通群益9B購05  ,0,0,0,0,0,0,0,0,0,5000,0,0,0,75000,70000,5000,5000
062647,南電國泰9C購02  ,0,0,0,0,0,0,0,0,0,5000,0,0,0,5000,0,5000,5000
062703,可成元大9C購02  ,0,0,0,0,0,0,0,0,0,5000,0,0,0,5000,0,5000,5000
063217,元金2X群益9B購03,10000,10000,0,0,0,0,0,0,0,5000,0,0,0,30000,25000,5000,5000
062361,智邦元大9B購06  ,0,0,0,0,0,0,0,0,0,5000,0,0,0,70000,65000,5000,5000
061541,旺宏群益9A購03  ,0,0,0,0,0,0,0,0,0,5000,0,0,0,5000,0,5000,5000
062538,台積電國泰9C購02,0,0,0,0,0,0,0,0,0,5000,0,0,0,7000,2000,5000,5000
062560,奇鋐凱基9B購02  ,0,0,0,0,0,0,0,0,0,5000,0,0,0,41000,36000,5000,5000
062531,大立光統一9C購06,0,0,0,0,0,0,0,0,0,5000,0,0,0,5000,0,5000,5000
062509,SP黃豆國票9B購03,0,0,0,0,0,0,0,0,0,5000,0,0,0,20000,15000,5000,5000
062822,力成兆豐9B購01  ,0,0,0,0,0,0,0,0,0,5000,0,0,0,5000,0,5000,5000
062798,台光電統一9B購01,0,0,0,0,0,0,0,0,0,5000,0,0,0,10000,5000,5000,5000
062786,立積元大9C購03  ,0,0,0,0,0,0,0,0,0,5000,0,0,0,5000,0,5000,5000
062845,微星富邦01購01  ,0,0,0,0,0,0,0,0,0,5000,0,0,0,5000,0,5000,5000
060314,元翎永豐9A購01  ,0,0,0,0,0,0,0,0,0,5000,0,0,0,5000,0,5000,5000
060457,中橡元大9A購02  ,0,0,0,0,0,0,0,0,0,5000,0,0,0,148000,143000,5000,5000
060463,台積電元大9A購10,0,0,0,0,0,0,0,0,0,5000,0,0,0,10000,5000,5000,5000
060808,欣興群益9A購01  ,0,0,0,0,0,0,0,0,0,5000,0,0,0,5000,0,5000,5000
061047,大立光第一9A購01,0,0,0,0,0,0,0,0,0,5000,0,0,0,5000,0,5000,5000
061048,國巨中信9A購05  ,0,0,0,0,0,0,0,0,0,5000,0,0,0,5000,0,5000,5000
061076,台達電兆豐9A購01,0,0,0,0,0,0,0,0,0,5000,0,0,0,5000,0,5000,5000
060631,微星富邦9B購01  ,0,0,0,0,0,0,0,0,0,5000,0,0,0,5000,0,5000,5000
061153,奇力新群益9A購02,0,0,0,0,0,0,0,0,0,5000,0,0,0,5000,0,5000,5000
061364,國巨國票9A購09  ,0,0,0,0,0,0,0,0,0,5000,0,0,0,8000,3000,5000,5000
061241,晶技兆豐9A購01  ,0,0,0,0,0,0,0,0,0,5000,0,0,0,20000,15000,5000,5000
061451,南電中信9A購03  ,0,0,0,0,0,0,0,0,0,5000,0,0,0,5000,0,5000,5000
060823,旺宏元大9A購05  ,0,0,0,0,0,0,0,0,0,5000,0,0,0,5000,0,5000,5000
061682,南電元大9B購01  ,0,0,0,0,0,0,0,0,0,5000,0,0,0,5000,0,5000,5000
061680,崇越元大9A購01  ,0,0,0,0,0,0,0,0,0,5000,0,0,0,5000,0,5000,5000
064459,創意統一02購01  ,0,0,0,0,0,0,0,0,0,5000,0,0,0,5000,0,5000,5000
064475,台積電國泰02購03,0,0,0,0,0,0,0,0,0,5000,0,0,0,5000,0,5000,5000
064382,台積電國泰01購01,0,0,0,0,0,0,0,0,0,5000,0,0,0,5000,0,5000,5000
064395,華新科永豐9C購02,0,0,0,0,0,0,0,0,0,5000,0,0,0,5000,0,5000,5000
060241,國泰金元大9A購01,0,0,0,0,0,0,0,0,0,5000,0,0,0,5000,0,5000,5000
061610,力成統一9C購01  ,0,0,0,0,0,0,0,0,0,5000,0,0,0,5000,0,5000,5000
061699,燿華國票9A購01  ,0,0,0,0,0,0,0,0,0,5000,0,0,0,5000,0,5000,5000
060999,國巨兆豐9A購01  ,0,0,0,0,0,0,0,0,0,5000,0,0,0,10000,5000,5000,5000
061665,旺宏中信9C購01  ,0,0,0,0,0,0,0,0,0,5000,0,0,0,90000,85000,5000,5000
065359,台灣50元大9C購49,0,0,0,0,0,0,0,0,0,5000,0,0,0,5000,0,5000,5000
065127,世芯永豐9C購03  ,0,0,0,0,0,0,0,0,0,5000,0,0,0,5000,0,5000,5000
065122,電子類富邦9C購01,0,0,0,0,0,0,0,0,0,5000,0,0,0,5000,0,5000,5000
064211,友達凱基02購01  ,0,0,0,0,0,0,0,0,0,5000,0,0,0,63000,58000,5000,5000
064740,台光電國票01購01,0,0,0,0,0,0,0,0,0,5000,0,0,0,63000,58000,5000,5000
065881,京元電台新9C購01,0,0,0,0,0,0,0,0,0,5000,0,0,0,5000,0,5000,5000
065901,台積電富邦03購04,0,0,0,0,0,0,0,0,0,5000,0,0,0,5000,0,5000,5000
065841,國巨元大9C購20  ,0,0,0,0,0,0,0,0,0,5000,0,0,0,5000,0,5000,5000
065985,金像電永豐01購02,0,0,0,0,0,0,0,0,0,5000,0,0,0,41000,36000,5000,5000
065681,聯發科統一9C購17,0,0,0,0,0,0,0,0,0,5000,0,0,0,13000,8000,5000,5000
065808,力成群益9C購02  ,0,0,0,0,0,0,0,0,0,5000,0,0,0,5000,0,5000,5000
066165,大毅凱基01購01  ,0,0,0,0,0,0,0,0,0,5000,0,0,0,210000,205000,5000,5000
066199,金像電統一02購01,0,0,0,0,0,0,0,0,0,5000,0,0,0,5000,0,5000,5000
066200,建準統一02購01  ,0,0,0,0,0,0,0,0,0,5000,0,0,0,223000,218000,5000,5000
066214,惠特統一03購02  ,0,0,0,0,0,0,0,0,0,5000,0,0,0,5000,0,5000,5000
066646,聯發科麥證01購03,0,0,0,5000,0,5000,0,0,0,5000,0,0,0,5000,0,5000,5000
066455,聯發科統一01購10,0,0,0,0,0,0,0,0,0,5000,0,0,0,5000,0,5000,5000
066385,巨大康和01購01  ,0,0,0,0,0,0,0,0,0,5000,0,0,0,15000,10000,5000,5000
4989,榮科            ,16000,11000,5000,0,0,0,0,0,0,0,0,0,0,0,0,0,5000
2882B,國泰金乙特      ,0,0,0,0,0,0,0,0,0,5000,5000,0,5000,0,0,0,5000
3305,昇貿            ,9000,4000,5000,0,0,0,0,0,0,0,0,0,0,0,0,0,5000
1416,廣豐            ,45000,34000,11000,0,0,0,0,0,0,-6000,0,6000,-6000,0,0,0,5000
08975P,欣興群益01售05  ,0,0,0,0,0,0,0,0,0,5000,0,0,0,99000,94000,5000,5000
2236,百達-KY         ,7000,2000,5000,0,0,0,0,0,0,0,0,0,0,0,0,0,5000
2114,鑫永銓          ,7000,2000,5000,0,0,0,0,0,0,0,0,0,0,0,0,0,5000
067812,國泰金凱基01購01,0,0,0,0,0,0,0,0,0,4000,0,0,0,34000,30000,4000,4000
067798,GIS中信03購01   ,0,0,0,0,0,0,0,0,0,4000,0,0,0,14000,10000,4000,4000
06776P,鴻海元大99售05  ,0,0,0,0,0,0,0,0,0,4000,0,0,0,4000,0,4000,4000
068231,聯詠元富07購04  ,0,0,0,0,0,0,0,0,0,4000,0,0,0,162000,158000,4000,4000
068177,台積電群益02購04,0,0,0,0,0,0,0,0,0,4000,0,0,0,14000,10000,4000,4000
068086,世紀鋼凱基03購02,0,0,0,0,0,0,0,0,0,4000,0,0,0,267000,263000,4000,4000
06807P,臺股指群益98售13,0,0,0,0,0,0,0,0,0,4000,0,0,0,42000,38000,4000,4000
068000,聯詠元大01購09  ,0,0,0,0,0,0,0,0,0,4000,0,0,0,86000,82000,4000,4000
068012,台虹元大01購04  ,0,0,0,0,0,0,0,0,0,4000,0,0,0,9000,5000,4000,4000
067563,上緯控國票02購01,0,0,0,0,0,0,0,0,0,4000,0,0,0,74000,70000,4000,4000
067596,國巨凱基02購05  ,0,0,0,0,0,0,0,0,0,4000,0,0,0,24000,20000,4000,4000
067109,晶豪科群益01購01,0,0,0,0,0,0,0,0,0,4000,0,0,0,4000,0,4000,4000
08437P,台郡群益9C售01  ,0,0,0,0,0,0,0,0,0,4000,0,0,0,4000,0,4000,4000
08132P,南六元大9B售05  ,0,0,0,0,0,0,0,0,0,4000,0,0,0,4000,0,4000,4000
08425P,世紀鋼元富9C售03,0,0,0,0,0,0,0,0,0,4000,0,0,0,55000,51000,4000,4000
07181P,臺股指凱基99售23,0,0,0,0,0,0,0,0,0,4000,0,0,0,4000,0,4000,4000
07752P,台灣50元大9C售33,0,0,0,0,0,0,0,0,0,4000,0,0,0,4000,0,4000,4000
052152,創意富邦98購01  ,0,0,0,0,0,0,0,0,0,4000,0,0,0,5000,1000,4000,4000
047504,滬深2X國票9A購01,0,0,0,0,0,0,0,0,0,4000,0,0,0,4000,0,4000,4000
050915,健策中信98購01  ,0,0,0,0,0,0,0,0,0,4000,0,0,0,4000,0,4000,4000
00742,新光內需收益    ,0,0,0,0,0,0,0,0,0,4000,250000,250000,0,378000,374000,4000,4000
055923,矽力凱基98購01  ,0,0,0,0,0,0,0,0,0,4000,0,0,0,4000,0,4000,4000
057451,大立光元富9B購01,0,0,0,0,0,0,0,0,0,4000,0,0,0,10000,6000,4000,4000
059162,國巨凱基99購12  ,0,0,0,0,0,0,0,0,0,4000,0,0,0,8000,4000,4000,4000
058201,華通凱基9A購01  ,0,0,0,0,0,0,0,0,0,4000,0,0,0,50000,46000,4000,4000
060149,元金2X富邦04購01,0,0,0,0,0,0,0,0,0,4000,0,0,0,4000,0,4000,4000
058777,台光電國票9A購01,0,0,0,0,0,0,0,0,0,4000,0,0,0,4000,0,4000,4000
057954,宏碁元大99購01  ,0,0,0,0,0,0,0,0,0,4000,0,0,0,4000,0,4000,4000
063276,和大元大9B購01  ,0,0,0,0,0,0,0,0,0,4000,0,0,0,6000,2000,4000,4000
063346,TPK統一9C購01   ,0,0,0,0,0,0,0,0,0,4000,0,0,0,15000,11000,4000,4000
057785,智邦國票99購02  ,0,0,0,0,0,0,0,0,0,4000,0,0,0,8000,4000,4000,4000
059856,昇陽半永豐99購03,0,0,0,0,0,0,0,0,0,4000,0,0,0,4000,0,4000,4000
061698,智邦國票9A購04  ,0,0,0,0,0,0,0,0,0,4000,0,0,0,6000,2000,4000,4000
064322,T50反1元大9C購06,0,0,0,0,0,0,0,0,0,4000,0,0,0,4000,0,4000,4000
061222,台灣50中信9A購02,0,0,0,0,0,0,0,0,0,4000,0,0,0,5000,1000,4000,4000
060722,矽格永豐9A購01  ,0,0,0,0,0,0,0,0,0,4000,0,0,0,7000,3000,4000,4000
061055,康控群益9A購01  ,0,0,0,0,0,0,0,0,0,4000,0,0,0,5000,1000,4000,4000
061031,神隆永豐9A購02  ,0,0,0,0,0,0,0,0,0,4000,0,0,0,4000,0,4000,4000
060606,玉晶光凱基9A購05,0,0,0,0,0,0,0,0,0,4000,0,0,0,10000,6000,4000,4000
060394,欣興麥證9A購01  ,0,0,0,4000,0,4000,0,0,0,4000,0,0,0,4000,0,4000,4000
062820,禾伸堂兆豐9B購01,0,0,0,0,0,0,0,0,0,4000,0,0,0,4000,0,4000,4000
063151,奇鋐元富9B購01  ,0,0,0,0,0,0,0,0,0,4000,0,0,0,4000,0,4000,4000
063103,技嘉群益9B購01  ,0,0,0,0,0,0,0,0,0,4000,0,0,0,6000,2000,4000,4000
062987,祥碩中信01購01  ,0,0,0,0,0,0,0,0,0,4000,0,0,0,4000,0,4000,4000
062983,緯穎元富9B購01  ,0,0,0,0,0,0,0,0,0,4000,0,0,0,50000,46000,4000,4000
062122,國巨統一02購01  ,0,0,0,0,0,0,0,0,0,4000,0,0,0,4000,0,4000,4000
061581,貿聯元大9A購05  ,0,0,0,0,0,0,0,0,0,4000,0,0,0,70000,66000,4000,4000
063601,金像電凱基01購01,0,0,0,0,0,0,0,0,0,4000,0,0,0,4000,0,4000,4000
062003,國巨國泰01購01  ,0,0,0,0,0,0,0,0,0,4000,0,0,0,40000,36000,4000,4000
061916,元金2X凱基02購01,0,0,0,0,0,0,0,0,0,4000,0,0,0,4000,0,4000,4000
062072,國巨元大9B購05  ,0,0,0,0,0,0,0,0,0,4000,0,0,0,4000,0,4000,4000
066510,堤維西永豐01購01,0,0,0,0,0,0,0,0,0,4000,0,0,0,4000,0,4000,4000
066555,聯詠元大01購01  ,0,0,0,0,0,0,0,0,0,4000,0,0,0,10000,6000,4000,4000
066628,宏達電凱基03購01,0,0,0,0,0,0,0,0,0,4000,0,0,0,71000,67000,4000,4000
066728,台積電元大01購15,0,0,0,0,0,0,0,0,0,4000,0,0,0,4000,0,4000,4000
065695,友訊群益01購02  ,0,0,0,0,0,0,0,0,0,4000,0,0,0,39000,35000,4000,4000
064641,神隆凱基9C購01  ,0,0,0,0,0,0,0,0,0,4000,0,0,0,96000,92000,4000,4000
064648,臻鼎凱基9C購02  ,0,0,0,0,0,0,0,0,0,4000,0,0,0,20000,16000,4000,4000
063970,大立光國票01購01,0,0,0,0,0,0,0,0,0,4000,0,0,0,5000,1000,4000,4000
06422P,勤誠統一98售01  ,0,0,0,0,0,0,0,0,0,4000,0,0,0,4000,0,4000,4000
064159,新日興統一01購02,0,0,0,0,0,0,0,0,0,4000,0,0,0,4000,0,4000,4000
064140,台達電統一01購01,0,0,0,0,0,0,0,0,0,4000,0,0,0,4000,0,4000,4000
065412,金像電永豐9C購01,0,0,0,0,0,0,0,0,0,4000,0,0,0,10000,6000,4000,4000
065491,華新科國泰02購01,0,0,0,0,0,0,0,0,0,4000,0,0,0,20000,16000,4000,4000
065607,聯詠元大9C購02  ,0,0,0,0,0,0,0,0,0,4000,0,0,0,72000,68000,4000,4000
065600,友達元大9C購11  ,0,0,0,0,0,0,0,0,0,4000,0,0,0,163000,159000,4000,4000
065601,聯發科元大01購05,0,0,0,0,0,0,0,0,0,4000,0,0,0,20000,16000,4000,4000
2488,漢平            ,9000,5000,4000,0,0,0,0,0,0,0,0,0,0,0,0,0,4000
1101B,台泥乙特        ,0,0,0,0,0,0,0,0,0,4000,4000,0,4000,0,0,0,4000
08904P,為升國票03售01  ,0,0,0,0,0,0,0,0,0,4000,0,0,0,30000,26000,4000,4000
1323,永裕            ,13000,9000,4000,0,0,0,0,0,0,0,0,0,0,0,0,0,4000
3057,喬鼎            ,34000,30000,4000,0,0,0,0,0,0,0,0,0,0,0,0,0,4000
8222,寶一            ,42000,38000,4000,0,0,0,0,0,0,0,0,0,0,0,0,0,4000
07609P,台灣50國票9C售04,0,0,0,0,0,0,0,0,0,3000,0,0,0,3000,0,3000,3000
07912P,玉晶光統一9B售02,0,0,0,0,0,0,0,0,0,3000,0,0,0,3000,0,3000,3000
068483,聯電元大01購06  ,0,0,0,0,0,0,0,0,0,3000,0,0,0,5000,2000,3000,3000
068359,GIS凱基01購05   ,0,0,0,0,0,0,0,0,0,3000,0,0,0,39000,36000,3000,3000
08390P,旺宏凱基9C售02  ,0,0,0,0,0,0,0,0,0,3000,0,0,0,77000,74000,3000,3000
08196P,上銀元大9B售07  ,0,0,0,0,0,0,0,0,0,3000,0,0,0,3000,0,3000,3000
08119P,南亞科統一9C售03,0,0,0,0,0,0,0,0,0,3000,0,0,0,3000,0,3000,3000
08457P,大毅元大9C售03  ,0,0,0,0,0,0,0,0,0,3000,0,0,0,74000,71000,3000,3000
08689P,高股息中信01售01,0,0,0,0,0,0,0,0,0,3000,0,0,0,5000,2000,3000,3000
067210,聯發科元大01購18,0,0,0,0,0,0,0,0,0,3000,0,0,0,294000,291000,3000,3000
067143,台灣50統一04購01,0,0,0,0,0,0,0,0,0,3000,0,0,0,10000,7000,3000,3000
067694,聚陽中信03購01  ,0,0,0,0,0,0,0,0,0,3000,0,0,0,69000,66000,3000,3000
058484,元金2X國票04購01,0,0,0,0,0,0,0,0,0,3000,0,0,0,3000,0,3000,3000
058554,瀚宇博永豐99購01,0,0,0,0,0,0,0,0,0,3000,0,0,0,3000,0,3000,3000
058449,台積電永豐99購01,0,0,0,0,0,0,0,0,0,3000,0,0,0,3000,0,3000,3000
063522,技嘉凱基9B購03  ,0,0,0,0,0,0,0,0,0,3000,0,0,0,29000,26000,3000,3000
063493,金像電富邦01購01,0,0,0,0,0,0,0,0,0,3000,0,0,0,7000,4000,3000,3000
063423,聯詠凱基9C購02  ,0,0,0,0,0,0,0,0,0,3000,0,0,0,3000,0,3000,3000
058012,鈺齊國票99購01  ,0,0,0,0,0,0,0,0,0,3000,0,0,0,3000,0,3000,3000
05889P,群創元大98售02  ,0,0,0,0,0,0,0,0,0,3000,0,0,0,3000,0,3000,3000
060125,強茂永豐99購01  ,0,0,0,0,0,0,0,0,0,3000,0,0,0,8000,5000,3000,3000
058593,大立光統一9B購02,0,0,0,0,0,0,0,0,0,3000,0,0,0,3000,0,3000,3000
059143,國巨國票9A購04  ,0,0,0,0,0,0,0,0,0,3000,0,0,0,34000,31000,3000,3000
059286,S&P正2元富01購03,0,0,0,0,0,0,0,0,0,3000,0,0,0,3000,0,3000,3000
059230,滬深2X國票9B購02,0,0,0,0,0,0,0,0,0,3000,0,0,0,3000,0,3000,3000
059726,華新科元大99購18,0,0,0,0,0,0,0,0,0,3000,0,0,0,6000,3000,3000,3000
059662,旭富元大9C購01  ,0,0,0,0,0,0,0,0,0,3000,0,0,0,3000,0,3000,3000
059785,美律元大9A購03  ,0,0,0,0,0,0,0,0,0,3000,0,0,0,3000,0,3000,3000
057466,泰鼎永豐98購01  ,0,0,0,0,0,0,0,0,0,3000,0,0,0,3000,0,3000,3000
056997,台灣50康和9A購02,0,0,0,0,0,0,0,0,0,3000,0,0,0,3000,0,3000,3000
057363,華通元大99購02  ,0,0,0,0,0,0,0,0,0,3000,0,0,0,37000,34000,3000,3000
055249,大毅統一99購01  ,0,0,0,0,0,0,0,0,0,3000,0,0,0,3000,0,3000,3000
057093,臻鼎元富98購02  ,0,0,0,0,0,0,0,0,0,3000,0,0,0,3000,0,3000,3000
059901,滬深2X元大9C購07,0,0,0,0,0,0,0,0,0,3000,0,0,0,3000,0,3000,3000
059944,欣興永豐99購03  ,0,0,0,0,0,0,0,0,0,3000,0,0,0,3000,0,3000,3000
059945,嘉澤永豐99購03  ,0,0,0,0,0,0,0,0,0,3000,0,0,0,3000,0,3000,3000
059105,臺股指元富99購06,0,0,0,0,0,0,0,0,0,3000,0,0,0,3000,0,3000,3000
00735,國泰臺韓科技    ,19000,15000,4000,0,0,0,0,0,0,-1000,0,0,0,115000,116000,-1000,3000
020011,統一微波高息20N ,0,0,0,0,0,0,0,0,0,3000,0,0,0,35000,32000,3000,3000
0057,富邦摩台        ,0,0,0,0,0,0,0,0,0,3000,0,0,0,93000,90000,3000,3000
03060P,微星凱基01售01  ,0,0,0,0,0,0,0,0,0,3000,0,0,0,8000,5000,3000,3000
056577,玉晶光元大99購06,0,0,0,0,0,0,0,0,0,3000,0,0,0,3000,0,3000,3000
056856,華通群益9A購01  ,0,0,0,0,0,0,0,0,0,3000,0,0,0,3000,0,3000,3000
063204,高鐵統一9C購01  ,0,0,0,0,0,0,0,0,0,3000,0,0,0,3000,0,3000,3000
063629,台積電元大9B購08,0,0,0,0,0,0,0,0,0,3000,0,0,0,3000,0,3000,3000
061555,聯電國票9B購01  ,0,0,0,0,0,0,0,0,0,3000,0,0,0,3000,0,3000,3000
062354,台達電元大9B購01,0,0,0,0,0,0,0,0,0,3000,0,0,0,3000,0,3000,3000
062418,台積電統一01購06,0,0,0,0,0,0,0,0,0,3000,0,0,0,3000,0,3000,3000
062428,超眾統一9B購01  ,0,0,0,0,0,0,0,0,0,3000,0,0,0,34000,31000,3000,3000
062501,台積電群益9C購03,0,0,0,0,0,0,0,0,0,3000,0,0,0,107000,104000,3000,3000
062497,遠東新群益9B購01,0,0,0,0,0,0,0,0,0,3000,0,0,0,7000,4000,3000,3000
063003,滬深2X元大9B購06,0,0,0,0,0,0,0,0,0,3000,0,0,0,6000,3000,3000,3000
062952,台積電永豐9B購02,0,0,0,0,0,0,0,0,0,3000,0,0,0,3000,0,3000,3000
063106,台表科群益9B購03,0,0,0,0,0,0,0,0,0,3000,0,0,0,3000,0,3000,3000
062861,世芯國票9C購01  ,0,0,0,0,0,0,0,0,0,3000,0,0,0,3000,0,3000,3000
060363,美律元富9A購01  ,0,0,0,0,0,0,0,0,0,3000,0,0,0,3000,0,3000,3000
060586,玉晶光元富9A購03,0,0,0,0,0,0,0,0,0,3000,0,0,0,3000,0,3000,3000
060467,神基元大9A購01  ,0,0,0,0,0,0,0,0,0,3000,0,0,0,3000,0,3000,3000
060801,滬深2X中信01購01,0,0,0,0,0,0,0,0,0,3000,0,0,0,3000,0,3000,3000
060655,國巨統一9B購06  ,0,0,0,0,0,0,0,0,0,3000,0,0,0,6000,3000,3000,3000
060845,欣興國票9A購01  ,0,0,0,0,0,0,0,0,0,3000,0,0,0,3000,0,3000,3000
061406,華通國票9A購06  ,0,0,0,0,0,0,0,0,0,3000,0,0,0,3000,0,3000,3000
064364,高鐵統一9C購02  ,0,0,0,0,0,0,0,0,0,3000,0,0,0,3000,0,3000,3000
064063,健策國泰01購02  ,0,0,0,0,0,0,0,0,0,3000,0,0,0,44000,41000,3000,3000
065556,旭富凱基9C購02  ,0,0,0,0,0,0,0,0,0,3000,0,0,0,3000,0,3000,3000
065071,電子類群益9C購01,0,0,0,0,0,0,0,0,0,3000,0,0,0,6000,3000,3000,3000
065140,國巨凱基01購02  ,0,0,0,0,0,0,0,0,0,3000,0,0,0,7000,4000,3000,3000
064232,鴻海統一01購04  ,0,0,0,0,0,0,0,0,0,3000,0,0,0,3000,0,3000,3000
064951,聯發科凱基01購04,0,0,0,0,0,0,0,0,0,3000,0,0,0,4000,1000,3000,3000
064903,新唐群益9C購01  ,0,0,0,0,0,0,0,0,0,3000,0,0,0,111000,108000,3000,3000
063916,瀚宇博凱基01購01,0,0,0,0,0,0,0,0,0,3000,0,0,0,51000,48000,3000,3000
063897,神達群益9C購01  ,0,0,0,0,0,0,0,0,0,3000,0,0,0,3000,0,3000,3000
065874,智原群益9C購01  ,0,0,0,0,0,0,0,0,0,3000,0,0,0,16000,13000,3000,3000
066301,大成永豐01購01  ,0,0,0,0,0,0,0,0,0,3000,0,0,0,68000,65000,3000,3000
066287,訊芯元大01購01  ,0,0,0,0,0,0,0,0,0,3000,0,0,0,170000,167000,3000,3000
066708,嘉澤群益02購01  ,0,0,0,0,0,0,0,0,0,3000,0,0,0,19000,16000,3000,3000
066682,聯詠兆豐03購01  ,0,0,0,0,0,0,0,0,0,3000,0,0,0,3000,0,3000,3000
6431,光麗-KY         ,24000,21000,3000,0,0,0,0,0,0,0,0,0,0,0,0,0,3000
2881A,富邦特          ,0,0,0,0,0,0,0,0,0,3000,3000,0,3000,0,0,0,3000
2881B,富邦金乙特      ,0,0,0,0,0,0,0,0,0,3000,3000,0,3000,0,0,0,3000
4999,鑫禾            ,12000,4000,8000,0,0,0,0,0,0,-5000,0,5000,-5000,0,0,0,3000
3229,晟鈦            ,6000,3000,3000,0,0,0,0,0,0,0,0,0,0,0,0,0,3000
1312A,國喬特          ,0,0,0,0,0,0,0,0,0,3000,3000,0,3000,0,0,0,3000
08888P,台積電永豐01售01,0,0,0,0,0,0,0,0,0,3000,0,0,0,3000,0,3000,3000
08989P,玉晶光國票03售01,0,0,0,0,0,0,0,0,0,3000,0,0,0,3000,0,3000,3000
2231,為升            ,78000,68000,10000,0,0,0,0,0,0,-7000,0,0,0,2000,9000,-7000,3000
067680,聯詠元大01購08  ,0,0,0,0,0,0,0,0,0,2000,0,0,0,17000,15000,2000,2000
067658,矽格元富04購01  ,0,0,0,0,0,0,0,0,0,2000,0,0,0,3000,1000,2000,2000
067820,和碩凱基01購01  ,0,0,0,0,0,0,0,0,0,2000,0,0,0,8000,6000,2000,2000
067969,玉晶光群益02購19,0,0,0,0,0,0,0,0,0,2000,0,0,0,26000,24000,2000,2000
068257,聯發科國泰03購05,0,0,0,0,0,0,0,0,0,2000,0,0,0,2000,0,2000,2000
067122,眾達國泰03購02  ,0,0,0,0,0,0,0,0,0,2000,0,0,0,2000,0,2000,2000
067052,帆宣凱基02購01  ,0,0,0,0,0,0,0,0,0,2000,0,0,0,10000,8000,2000,2000
067462,台灣50元大01購27,0,0,0,0,0,0,0,0,0,2000,0,0,0,2000,0,2000,2000
067389,聯發科元富07購04,0,0,0,0,0,0,0,0,0,2000,0,0,0,224000,222000,2000,2000
08483P,金像電群益9C售02,0,0,0,0,0,0,0,0,0,2000,0,0,0,2000,0,2000,2000
08053P,臺股指國票9B售18,0,0,0,0,0,0,0,0,0,2000,0,0,0,2000,0,2000,2000
08166P,國巨中信9B售05  ,0,0,0,0,0,0,0,0,0,2000,0,0,0,2000,0,2000,2000
08298P,大立光國票9C售01,0,0,0,0,0,0,0,0,0,2000,0,0,0,2000,0,2000,2000
07673P,電子類元大9A售01,0,0,0,0,0,0,0,0,0,2000,0,0,0,2000,0,2000,2000
07693P,群創元大9B售10  ,0,0,0,0,0,0,0,0,0,2000,0,0,0,2000,0,2000,2000
07421P,國泰金元大99售01,0,0,0,0,0,0,0,0,0,2000,0,0,0,2000,0,2000,2000
056534,京元電凱基98購01,0,0,0,0,0,0,0,0,0,2000,0,0,0,2000,0,2000,2000
056891,國巨元大99購03  ,0,0,0,0,0,0,0,0,0,2000,0,0,0,2000,0,2000,2000
03024P,南六群益01售02  ,0,0,0,0,0,0,0,0,0,2000,0,0,0,2000,0,2000,2000
03052P,台灣50第一01售01,0,0,0,0,0,0,0,0,0,2000,0,0,0,12000,10000,2000,2000
03097P,聯發科凱基01售20,0,0,0,0,0,0,0,0,0,2000,0,0,0,2000,0,2000,2000
00685L,群益臺灣加權正2 ,0,0,0,0,0,0,0,0,0,2000,0,0,0,2000,0,2000,2000
060088,國巨元大99購30  ,0,0,0,0,0,0,0,0,0,2000,0,0,0,42000,40000,2000,2000
059053,鴻海凱基99購07  ,0,0,0,0,0,0,0,0,0,2000,0,0,0,2000,0,2000,2000
059021,台積電統一9B購07,0,0,0,0,0,0,0,0,0,2000,0,0,0,2000,0,2000,2000
058158,台積電台新99購01,0,0,0,0,0,0,0,0,0,2000,0,0,0,382000,380000,2000,2000
058168,國巨凱基9A購04  ,0,0,0,0,0,0,0,0,0,2000,0,0,0,2000,0,2000,2000
059990,健策元大9A購01  ,0,0,0,0,0,0,0,0,0,2000,0,0,0,31000,29000,2000,2000
057299,立積永豐98購02  ,0,0,0,0,0,0,0,0,0,2000,0,0,0,2000,0,2000,2000
053732,S&P反1中信9C購01,0,0,0,0,0,0,0,0,0,2000,0,0,0,2000,0,2000,2000
057374,禾伸堂元大99購03,0,0,0,0,0,0,0,0,0,2000,0,0,0,2000,0,2000,2000
057391,樺漢永豐98購01  ,0,0,0,0,0,0,0,0,0,2000,0,0,0,2000,0,2000,2000
056356,台積電元大99購01,0,0,0,0,0,0,0,0,0,2000,0,0,0,2000,0,2000,2000
056359,旺宏元大9A購01  ,0,0,0,0,0,0,0,0,0,2000,0,0,0,2000,0,2000,2000
059768,上証2X群益9C購02,0,0,0,0,0,0,0,0,0,2000,0,0,0,2000,0,2000,2000
059721,旺宏元大99購16  ,0,0,0,0,0,0,0,0,0,2000,0,0,0,5000,3000,2000,2000
059730,晶相光元大9C購02,0,0,0,0,0,0,0,0,0,2000,0,0,0,2000,0,2000,2000
059712,滬深2X元大9C購03,0,0,0,0,0,0,0,0,0,2000,0,0,0,2000,0,2000,2000
059577,旺宏元富99購04  ,0,0,0,0,0,0,0,0,0,2000,0,0,0,2000,0,2000,2000
059606,上銀富邦9B購02  ,0,0,0,0,0,0,0,0,0,2000,0,0,0,2000,0,2000,2000
059623,聯電凱基99購02  ,0,0,0,0,0,0,0,0,0,2000,0,0,0,12000,10000,2000,2000
059223,大立光元大99購14,0,0,0,0,0,0,0,0,0,2000,0,0,0,2000,0,2000,2000
059279,台灣50富邦9C購03,0,0,0,0,0,0,0,0,0,2000,0,0,0,2000,0,2000,2000
057953,聚陽元大98購01  ,0,0,0,0,0,0,0,0,0,2000,0,0,0,2000,0,2000,2000
060145,牧德國票9A購02  ,0,0,0,0,0,0,0,0,0,2000,0,0,0,2000,0,2000,2000
058242,玉晶光元大9A購01,0,0,0,0,0,0,0,0,0,2000,0,0,0,22000,20000,2000,2000
058314,欣興富邦9B購01  ,0,0,0,0,0,0,0,0,0,2000,0,0,0,8000,6000,2000,2000
057981,臻鼎永豐98購01  ,0,0,0,0,0,0,0,0,0,2000,0,0,0,2000,0,2000,2000
063351,億豐統一9B購01  ,0,0,0,0,0,0,0,0,0,2000,0,0,0,2000,0,2000,2000
063332,矽格國票9B購01  ,0,0,0,0,0,0,0,0,0,2000,0,0,0,2000,0,2000,2000
057892,上証2X元富02購01,0,0,0,0,0,0,0,0,0,2000,0,0,0,2000,0,2000,2000
057637,上銀元大98購07  ,0,0,0,0,0,0,0,0,0,2000,0,0,0,2000,0,2000,2000
057670,欣興元大99購02  ,0,0,0,0,0,0,0,0,0,2000,0,0,0,2000,0,2000,2000
058505,台積電元大99購08,0,0,0,0,0,0,0,0,0,2000,0,0,0,33000,31000,2000,2000
058432,台積電統一9B購03,0,0,0,0,0,0,0,0,0,2000,0,0,0,32000,30000,2000,2000
058390,樺漢國票9A購01  ,0,0,0,0,0,0,0,0,0,2000,0,0,0,3000,1000,2000,2000
064717,台積電統一01購08,0,0,0,0,0,0,0,0,0,2000,0,0,0,2000,0,2000,2000
064361,旺宏統一01購06  ,0,0,0,0,0,0,0,0,0,2000,0,0,0,12000,10000,2000,2000
061720,智邦國泰9C購01  ,0,0,0,0,0,0,0,0,0,2000,0,0,0,12000,10000,2000,2000
061744,超眾凱基9B購02  ,0,0,0,0,0,0,0,0,0,2000,0,0,0,10000,8000,2000,2000
060975,滬深2X元大01購02,0,0,0,0,0,0,0,0,0,2000,0,0,0,2000,0,2000,2000
060965,中租凱基9B購01  ,0,0,0,0,0,0,0,0,0,2000,0,0,0,32000,30000,2000,2000
061421,台積電元大9A購29,0,0,0,0,0,0,0,0,0,2000,0,0,0,56000,54000,2000,2000
061237,晶技元大9A購01  ,0,0,0,0,0,0,0,0,0,2000,0,0,0,34000,32000,2000,2000
060633,玉晶光富邦02購01,0,0,0,0,0,0,0,0,0,2000,0,0,0,5000,3000,2000,2000
060695,同欣電麥證9A購01,0,0,0,19000,17000,2000,0,0,0,2000,0,0,0,19000,17000,2000,2000
060774,南亞科凱基9A購01,0,0,0,0,0,0,0,0,0,2000,0,0,0,2000,0,2000,2000
06076P,大立光凱基98售03,0,0,0,0,0,0,0,0,0,2000,0,0,0,2000,0,2000,2000
060498,華通元大9A購03  ,0,0,0,0,0,0,0,0,0,2000,0,0,0,2000,0,2000,2000
060422,台勝科永豐9A購01,0,0,0,0,0,0,0,0,0,2000,0,0,0,2000,0,2000,2000
060344,聯發科統一01購01,0,0,0,0,0,0,0,0,0,2000,0,0,0,2000,0,2000,2000
062931,上証2X凱基01購01,0,0,0,0,0,0,0,0,0,2000,0,0,0,3000,1000,2000,2000
062181,義隆元大9B購03  ,0,0,0,0,0,0,0,0,0,2000,0,0,0,2000,0,2000,2000
063164,聯發科永豐9B購03,0,0,0,0,0,0,0,0,0,2000,0,0,0,2000,0,2000,2000
062140,元金2X國票9B購03,0,0,0,0,0,0,0,0,0,2000,0,0,0,2000,0,2000,2000
062606,聯電凱基9C購02  ,0,0,0,0,0,0,0,0,0,2000,0,0,0,2000,0,2000,2000
062473,同欣電凱基9B購01,0,0,0,0,0,0,0,0,0,2000,0,0,0,2000,0,2000,2000
062452,A50正2群益01購04,0,0,0,0,0,0,0,0,0,2000,0,0,0,2000,0,2000,2000
062302,聯詠中信05購02  ,0,0,0,0,0,0,0,0,0,2000,0,0,0,22000,20000,2000,2000
061573,義隆元大9A購02  ,0,0,0,0,0,0,0,0,0,2000,0,0,0,4000,2000,2000,2000
063644,祥碩元大9B購10  ,0,0,0,0,0,0,0,0,0,2000,0,0,0,60000,58000,2000,2000
063199,台積電統一01購07,0,0,0,0,0,0,0,0,0,2000,0,0,0,2000,0,2000,2000
063189,臻鼎凱基9B購01  ,0,0,0,0,0,0,0,0,0,2000,0,0,0,2000,0,2000,2000
063174,臺股指中信01購04,0,0,0,0,0,0,0,0,0,2000,0,0,0,12000,10000,2000,2000
062706,大立光元大9B購06,0,0,0,0,0,0,0,0,0,2000,0,0,0,2000,0,2000,2000
063794,亞德客凱基9C購01,0,0,0,0,0,0,0,0,0,2000,0,0,0,264000,262000,2000,2000
061968,聯發科統一01購03,0,0,0,0,0,0,0,0,0,2000,0,0,0,2000,0,2000,2000
061963,台積電統一01購04,0,0,0,0,0,0,0,0,0,2000,0,0,0,9000,7000,2000,2000
061839,華新科凱基05購04,0,0,0,0,0,0,0,0,0,2000,0,0,0,2000,0,2000,2000
061811,A50正2群益01購03,0,0,0,0,0,0,0,0,0,2000,0,0,0,2000,0,2000,2000
066892,台積電兆豐03購01,0,0,0,0,0,0,0,0,0,2000,0,0,0,12000,10000,2000,2000
066599,鴻海國泰03購02  ,0,0,0,0,0,0,0,0,0,2000,0,0,0,2000,0,2000,2000
066526,創意統一05購01  ,0,0,0,0,0,0,0,0,0,2000,0,0,0,2000,0,2000,2000
066399,聯鈞凱基01購02  ,0,0,0,0,0,0,0,0,0,2000,0,0,0,2000,0,2000,2000
066295,昇陽半元大01購01,0,0,0,0,0,0,0,0,0,2000,0,0,0,2000,0,2000,2000
066172,日電貿凱基01購01,0,0,0,0,0,0,0,0,0,2000,0,0,0,2000,0,2000,2000
066128,台積電群益02購01,0,0,0,0,0,0,0,0,0,2000,0,0,0,2000,0,2000,2000
066123,華夏群益01購01  ,0,0,0,0,0,0,0,0,0,2000,0,0,0,2000,0,2000,2000
066080,台光電國泰03購01,0,0,0,0,0,0,0,0,0,2000,0,0,0,111000,109000,2000,2000
065694,國巨群益9C購19  ,0,0,0,0,0,0,0,0,0,2000,0,0,0,20000,18000,2000,2000
064076,台積電中信06購02,0,0,0,0,0,0,0,0,0,2000,0,0,0,2000,0,2000,2000
063994,台光電群益9C購01,0,0,0,0,0,0,0,0,0,2000,0,0,0,32000,30000,2000,2000
064110,國巨國票01購01  ,0,0,0,0,0,0,0,0,0,2000,0,0,0,113000,111000,2000,2000
063844,台積電元大9C購05,0,0,0,0,0,0,0,0,0,2000,0,0,0,63000,61000,2000,2000
064890,聯電群益9C購02  ,0,0,0,0,0,0,0,0,0,2000,0,0,0,2000,0,2000,2000
064802,台積電元大01購04,0,0,0,0,0,0,0,0,0,2000,0,0,0,2000,0,2000,2000
064186,燿華永豐9C購01  ,0,0,0,0,0,0,0,0,0,2000,0,0,0,12000,10000,2000,2000
065049,世芯凱基02購01  ,0,0,0,0,0,0,0,0,0,2000,0,0,0,301000,299000,2000,2000
065602,聯發科元大9C購15,0,0,0,0,0,0,0,0,0,2000,0,0,0,2000,0,2000,2000
2397,友通            ,9000,7000,2000,0,0,0,0,0,0,0,0,0,0,0,0,0,2000
08960P,聯發科凱基01售15,0,0,0,0,0,0,0,0,0,2000,0,0,0,2000,0,2000,2000
1527,鑽全            ,43000,41000,2000,0,0,0,0,0,0,0,0,0,0,0,0,0,2000
1560,中砂            ,201000,199000,2000,0,0,0,0,0,0,0,0,0,0,0,0,0,2000
1472,三洋紡          ,38000,36000,2000,0,0,0,0,0,0,0,0,0,0,0,0,0,2000
4807,日成-KY         ,2000,0,2000,0,0,0,0,0,0,0,0,0,0,0,0,0,2000
6215,和椿            ,15000,13000,2000,0,0,0,0,0,0,0,0,0,0,0,0,0,2000
2434,統懋            ,2392,1000,1392,0,0,0,0,0,0,0,0,0,0,0,0,0,1392
07218P,臺股指凱基99售31,0,0,0,0,0,0,0,0,0,1000,0,0,0,1000,0,1000,1000
07074P,FBVIX凱基9A售01 ,0,0,0,0,0,0,0,0,0,1000,0,0,0,1000,0,1000,1000
07710P,華擎元大9A售05  ,0,0,0,0,0,0,0,0,0,1000,0,0,0,1000,0,1000,1000
07964P,大立光統一9B售12,0,0,0,0,0,0,0,0,0,1000,0,0,0,1000,0,1000,1000
068458,玉晶光國票01購10,0,0,0,0,0,0,0,0,0,1000,0,0,0,1000,0,1000,1000
08272P,鴻海元富9C售02  ,0,0,0,0,0,0,0,0,0,1000,0,0,0,26000,25000,1000,1000
08215P,旺宏群益9B售04  ,0,0,0,0,0,0,0,0,0,1000,0,0,0,10000,9000,1000,1000
08110P,臺股指中信01售05,0,0,0,0,0,0,0,0,0,1000,0,0,0,95000,94000,1000,1000
08099P,聯發科中信9B售04,0,0,0,0,0,0,0,0,0,1000,0,0,0,4000,3000,1000,1000
08569P,玉晶光永豐9C售09,0,0,0,0,0,0,0,0,0,1000,0,0,0,6000,5000,1000,1000
08590P,智邦凱基9C售04  ,0,0,0,0,0,0,0,0,0,1000,0,0,0,1000,0,1000,1000
08808P,台灣50群益01售06,0,0,0,0,0,0,0,0,0,1000,0,0,0,9000,8000,1000,1000
067446,台積電國票02購03,0,0,0,0,0,0,0,0,0,1000,0,0,0,1000,0,1000,1000
067531,台積電群益01購13,0,0,0,0,0,0,0,0,0,1000,0,0,0,1000,0,1000,1000
067552,亞光兆豐01購01  ,0,0,0,0,0,0,0,0,0,1000,0,0,0,1000,0,1000,1000
067055,上証2X元大01購03,0,0,0,0,0,0,0,0,0,1000,0,0,0,10000,9000,1000,1000
066988,新唐群益02購01  ,0,0,0,0,0,0,0,0,0,1000,0,0,0,215000,214000,1000,1000
067084,泰鼎元大01購02  ,0,0,0,0,0,0,0,0,0,1000,0,0,0,1000,0,1000,1000
06717P,可成元大98售09  ,0,0,0,0,0,0,0,0,0,1000,0,0,0,1000,0,1000,1000
067172,台積電兆豐03購02,0,0,0,0,0,0,0,0,0,1000,0,0,0,1000,0,1000,1000
067267,台積電富邦05購03,0,0,0,0,0,0,0,0,0,1000,0,0,0,2000,1000,1000,1000
068233,同欣電元富05購01,0,0,0,0,0,0,0,0,0,1000,0,0,0,21000,20000,1000,1000
068219,聯發科統一03購06,0,0,0,0,0,0,0,0,0,1000,0,0,0,16000,15000,1000,1000
068213,台塑化凱基01購01,0,0,0,0,0,0,0,0,0,1000,0,0,0,21000,20000,1000,1000
068148,台積電元大02購07,0,0,0,0,0,0,0,0,0,1000,0,0,0,731000,730000,1000,1000
068138,道瓊銀元大01購03,0,0,0,0,0,0,0,0,0,1000,0,0,0,1000,0,1000,1000
067970,玉晶光群益02購20,0,0,0,0,0,0,0,0,0,1000,0,0,0,5000,4000,1000,1000
067987,台積電元大01購29,0,0,0,0,0,0,0,0,0,1000,0,0,0,1000,0,1000,1000
067979,寶成群益03購01  ,0,0,0,0,0,0,0,0,0,1000,0,0,0,1000,0,1000,1000
068019,玉晶光國票02購06,0,0,0,0,0,0,0,0,0,1000,0,0,0,11000,10000,1000,1000
068026,華通元富07購01  ,0,0,0,0,0,0,0,0,0,1000,0,0,0,1000,0,1000,1000
067719,旺宏凱基01購03  ,0,0,0,0,0,0,0,0,0,1000,0,0,0,81000,80000,1000,1000
058347,玉晶光群益9B購01,0,0,0,0,0,0,0,0,0,1000,0,0,0,6000,5000,1000,1000
057524,旺宏元大99購04  ,0,0,0,0,0,0,0,0,0,1000,0,0,0,1000,0,1000,1000
058555,矽創永豐9A購01  ,0,0,0,0,0,0,0,0,0,1000,0,0,0,1000,0,1000,1000
057537,聯茂元大98購04  ,0,0,0,0,0,0,0,0,0,1000,0,0,0,1000,0,1000,1000
057667,可成元大99購01  ,0,0,0,0,0,0,0,0,0,1000,0,0,0,1000,0,1000,1000
057652,欣興永昌9C購01  ,0,0,0,0,0,0,0,0,0,1000,0,0,0,1000,0,1000,1000
057607,旺宏台新98購02  ,0,0,0,0,0,0,0,0,0,1000,0,0,0,1000,0,1000,1000
057612,瑞昱元富02購01  ,0,0,0,0,0,0,0,0,0,1000,0,0,0,1000,0,1000,1000
057893,亞德客元富98購03,0,0,0,0,0,0,0,0,0,1000,0,0,0,1000,0,1000,1000
063321,泰鼎群益9B購03  ,0,0,0,0,0,0,0,0,0,1000,0,0,0,1000,0,1000,1000
063459,華通元大9B購08  ,0,0,0,0,0,0,0,0,0,1000,0,0,0,87000,86000,1000,1000
063526,台光電凱基9B購04,0,0,0,0,0,0,0,0,0,1000,0,0,0,1000,0,1000,1000
058676,聯茂群益99購01  ,0,0,0,0,0,0,0,0,0,1000,0,0,0,1000,0,1000,1000
058897,國巨元大99購17  ,0,0,0,0,0,0,0,0,0,1000,0,0,0,1000,0,1000,1000
058854,樺漢群益9B購01  ,0,0,0,0,0,0,0,0,0,1000,0,0,0,1000,0,1000,1000
058221,上銀統一99購04  ,0,0,0,0,0,0,0,0,0,1000,0,0,0,1000,0,1000,1000
058633,台灣50兆豐99購01,0,0,0,0,0,0,0,0,0,1000,0,0,0,1000,0,1000,1000
059232,台灣50凱基03購01,0,0,0,0,0,0,0,0,0,1000,0,0,0,1000,0,1000,1000
059198,華新科永豐99購06,0,0,0,0,0,0,0,0,0,1000,0,0,0,1000,0,1000,1000
059246,奇力新凱基9A購02,0,0,0,0,0,0,0,0,0,1000,0,0,0,1000,0,1000,1000
059251,大立光凱基9A購04,0,0,0,0,0,0,0,0,0,1000,0,0,0,1000,0,1000,1000
059304,華新科兆豐99購06,0,0,0,0,0,0,0,0,0,1000,0,0,0,2000,1000,1000,1000
059318,旺宏元大99購13  ,0,0,0,0,0,0,0,0,0,1000,0,0,0,1000,0,1000,1000
058951,南電群益99購01  ,0,0,0,0,0,0,0,0,0,1000,0,0,0,1000,0,1000,1000
058939,台積電中信9B購01,0,0,0,0,0,0,0,0,0,1000,0,0,0,1000,0,1000,1000
059415,台灣50元大9A購03,0,0,0,0,0,0,0,0,0,1000,0,0,0,2000,1000,1000,1000
059746,聯鈞元富99購03  ,0,0,0,0,0,0,0,0,0,1000,0,0,0,1000,0,1000,1000
056222,台積電凱基9A購01,0,0,0,0,0,0,0,0,0,1000,0,0,0,219000,218000,1000,1000
056368,祥碩元大98購02  ,0,0,0,0,0,0,0,0,0,1000,0,0,0,1000,0,1000,1000
057069,台積電永豐98購02,0,0,0,0,0,0,0,0,0,1000,0,0,0,1000,0,1000,1000
057428,正崴兆豐98購01  ,0,0,0,0,0,0,0,0,0,1000,0,0,0,1000,0,1000,1000
054152,漢唐國泰98購02  ,0,0,0,0,0,0,0,0,0,1000,0,0,0,1000,0,1000,1000
053979,健策元大98購01  ,0,0,0,0,0,0,0,0,0,1000,0,0,0,1000,0,1000,1000
054162,光罩凱基98購01  ,0,0,0,0,0,0,0,0,0,1000,0,0,0,1000,0,1000,1000
055241,T50反1統一99購01,0,0,0,0,0,0,0,0,0,1000,0,0,0,11000,10000,1000,1000
055271,鴻海元大98購03  ,0,0,0,0,0,0,0,0,0,1000,0,0,0,1000,0,1000,1000
055456,上銀富邦99購01  ,0,0,0,0,0,0,0,0,0,1000,0,0,0,1000,0,1000,1000
055439,台表科國票98購02,0,0,0,0,0,0,0,0,0,1000,0,0,0,1000,0,1000,1000
059988,大立光元大9A購02,0,0,0,0,0,0,0,0,0,1000,0,0,0,1000,0,1000,1000
059980,台積電元大99購50,0,0,0,0,0,0,0,0,0,1000,0,0,0,4000,3000,1000,1000
059973,A50正2元大99購02,0,0,0,0,0,0,0,0,0,1000,0,0,0,1000,0,1000,1000
057138,亞德客兆豐98購01,0,0,0,0,0,0,0,0,0,1000,0,0,0,1000,0,1000,1000
057207,立積元富98購02  ,0,0,0,0,0,0,0,0,0,1000,0,0,0,1000,0,1000,1000
058082,美律群益98購05  ,0,0,0,0,0,0,0,0,0,1000,0,0,0,49000,48000,1000,1000
058114,台積電第一01購01,0,0,0,0,0,0,0,0,0,1000,0,0,0,1000,0,1000,1000
058153,景碩統一9B購01  ,0,0,0,0,0,0,0,0,0,1000,0,0,0,1000,0,1000,1000
060073,台積電元富99購03,0,0,0,0,0,0,0,0,0,1000,0,0,0,1000,0,1000,1000
059109,台積電富邦9C購03,0,0,0,0,0,0,0,0,0,1000,0,0,0,1000,0,1000,1000
006204,永豐臺灣加權    ,0,0,0,0,0,0,0,0,0,1000,0,0,0,1000,0,1000,1000
03113P,南電元大01售09  ,0,0,0,0,0,0,0,0,0,1000,0,0,0,1000,0,1000,1000
03026P,國巨元大01售13  ,0,0,0,0,0,0,0,0,0,1000,0,0,0,1000,0,1000,1000
054928,帆宣凱基98購01  ,0,0,0,0,0,0,0,0,0,1000,0,0,0,1000,0,1000,1000
055228,聯發科國票98購03,0,0,0,0,0,0,0,0,0,1000,0,0,0,1000,0,1000,1000
056586,光罩統一98購02  ,0,0,0,0,0,0,0,0,0,1000,0,0,0,1000,0,1000,1000
03690C,臺股指凱基01牛13,0,0,0,0,0,0,0,0,0,1000,0,0,0,85000,84000,1000,1000
03686C,臺股指元大04牛05,0,0,0,0,0,0,0,0,0,1000,0,0,0,1000,0,1000,1000
053256,上銀富邦98購01  ,0,0,0,0,0,0,0,0,0,1000,0,0,0,1000,0,1000,1000
053036,聯電凱基98購01  ,0,0,0,0,0,0,0,0,0,1000,0,0,0,1000,0,1000,1000
052766,玉晶光群益9A購01,0,0,0,0,0,0,0,0,0,1000,0,0,0,1000,0,1000,1000
053292,美律中信98購01  ,0,0,0,0,0,0,0,0,0,1000,0,0,0,1000,0,1000,1000
062081,華新科元大9B購06,0,0,0,0,0,0,0,0,0,1000,0,0,0,1000,0,1000,1000
062083,健策元大9C購03  ,0,0,0,0,0,0,0,0,0,1000,0,0,0,14000,13000,1000,1000
062100,矽格永豐9B購01  ,0,0,0,0,0,0,0,0,0,1000,0,0,0,1000,0,1000,1000
062048,義隆台新9B購01  ,0,0,0,0,0,0,0,0,0,1000,0,0,0,1000,0,1000,1000
063797,台積電凱基02購02,0,0,0,0,0,0,0,0,0,1000,0,0,0,1000,0,1000,1000
063670,美食統一9C購01  ,0,0,0,0,0,0,0,0,0,1000,0,0,0,1000,0,1000,1000
062671,國泰金中信03購01,0,0,0,0,0,0,0,0,0,1000,0,0,0,11000,10000,1000,1000
063200,瑞昱統一9C購01  ,0,0,0,0,0,0,0,0,0,1000,0,0,0,1000,0,1000,1000
063227,祥碩群益9B購06  ,0,0,0,0,0,0,0,0,0,1000,0,0,0,1000,0,1000,1000
061563,群創國票9B購02  ,0,0,0,0,0,0,0,0,0,1000,0,0,0,21000,20000,1000,1000
061539,國巨群益9B購03  ,0,0,0,0,0,0,0,0,0,1000,0,0,0,26000,25000,1000,1000
062299,台積電第一9B購01,0,0,0,0,0,0,0,0,0,1000,0,0,0,1000,0,1000,1000
062448,健策元大9C購04  ,0,0,0,0,0,0,0,0,0,1000,0,0,0,37000,36000,1000,1000
062578,超眾群益9B購01  ,0,0,0,0,0,0,0,0,0,1000,0,0,0,1000,0,1000,1000
062587,國巨統一9B購13  ,0,0,0,0,0,0,0,0,0,1000,0,0,0,1000,0,1000,1000
062554,台積電凱基9B購08,0,0,0,0,0,0,0,0,0,1000,0,0,0,1000,0,1000,1000
060257,臺股指元大9B購08,0,0,0,0,0,0,0,0,0,1000,0,0,0,1000,0,1000,1000
062998,泰碩國票01購01  ,0,0,0,0,0,0,0,0,0,1000,0,0,0,1000,0,1000,1000
062990,台積電群益9B購06,0,0,0,0,0,0,0,0,0,1000,0,0,0,21000,20000,1000,1000
062991,台光電群益9B購03,0,0,0,0,0,0,0,0,0,1000,0,0,0,1000,0,1000,1000
062993,華新科群益9B購05,0,0,0,0,0,0,0,0,0,1000,0,0,0,2000,1000,1000,1000
062753,台積電麥證9B購01,0,0,0,1000,0,1000,0,0,0,1000,0,0,0,1000,0,1000,1000
062803,嘉晶統一9B購02  ,0,0,0,0,0,0,0,0,0,1000,0,0,0,9000,8000,1000,1000
062895,道瓊銀元大9C購01,0,0,0,0,0,0,0,0,0,1000,0,0,0,1000,0,1000,1000
060342,台積電統一02購01,0,0,0,0,0,0,0,0,0,1000,0,0,0,2000,1000,1000,1000
060526,台積電中信9A購02,0,0,0,0,0,0,0,0,0,1000,0,0,0,1000,0,1000,1000
060583,南亞科元富9A購05,0,0,0,0,0,0,0,0,0,1000,0,0,0,1000,0,1000,1000
060546,旺宏凱基9A購02  ,0,0,0,0,0,0,0,0,0,1000,0,0,0,1000,0,1000,1000
060772,FBVIX凱基9A購03 ,0,0,0,0,0,0,0,0,0,1000,0,0,0,1000,0,1000,1000
060758,台積電元大9A購19,0,0,0,0,0,0,0,0,0,1000,0,0,0,1000,0,1000,1000
06105P,國巨國票98售02  ,0,0,0,0,0,0,0,0,0,1000,0,0,0,1000,0,1000,1000
060752,上銀元大9A購04  ,0,0,0,0,0,0,0,0,0,1000,0,0,0,1000,0,1000,1000
061235,台積電元大9A購23,0,0,0,0,0,0,0,0,0,1000,0,0,0,2000,1000,1000,1000
061259,台積電凱基9A購21,0,0,0,0,0,0,0,0,0,1000,0,0,0,73000,72000,1000,1000
061454,國巨凱基9A購16  ,0,0,0,0,0,0,0,0,0,1000,0,0,0,5000,4000,1000,1000
061492,超眾兆豐9B購01  ,0,0,0,0,0,0,0,0,0,1000,0,0,0,1000,0,1000,1000
061481,嘉澤元大9A購03  ,0,0,0,0,0,0,0,0,0,1000,0,0,0,13000,12000,1000,1000
060185,聯發科元富04購01,0,0,0,0,0,0,0,0,0,1000,0,0,0,1000,0,1000,1000
060941,台積電國票9B購04,0,0,0,0,0,0,0,0,0,1000,0,0,0,1000,0,1000,1000
060932,南六永豐9A購02  ,0,0,0,0,0,0,0,0,0,1000,0,0,0,17000,16000,1000,1000
061702,奇鋐國票9A購02  ,0,0,0,0,0,0,0,0,0,1000,0,0,0,1000,0,1000,1000
061611,南六統一01購01  ,0,0,0,0,0,0,0,0,0,1000,0,0,0,5000,4000,1000,1000
060915,旭富元大9A購01  ,0,0,0,0,0,0,0,0,0,1000,0,0,0,1000,0,1000,1000
060231,台積電元大9A購08,0,0,0,0,0,0,0,0,0,1000,0,0,0,1000,0,1000,1000
064298,台灣50兆豐01購02,0,0,0,0,0,0,0,0,0,1000,0,0,0,1000,0,1000,1000
064015,立積國票01購01  ,0,0,0,0,0,0,0,0,0,1000,0,0,0,11000,10000,1000,1000
064013,創意國票01購01  ,0,0,0,0,0,0,0,0,0,1000,0,0,0,1000,0,1000,1000
064531,旭富兆豐9C購01  ,0,0,0,0,0,0,0,0,0,1000,0,0,0,1000,0,1000,1000
065631,台積電國票9C購10,0,0,0,0,0,0,0,0,0,1000,0,0,0,1000,0,1000,1000
065656,聯發科國泰03購01,0,0,0,0,0,0,0,0,0,1000,0,0,0,1000,0,1000,1000
065555,旭富凱基01購02  ,0,0,0,0,0,0,0,0,0,1000,0,0,0,1000,0,1000,1000
065562,同欣電麥證9C購04,0,0,0,21000,20000,1000,0,0,0,1000,0,0,0,21000,20000,1000,1000
065503,燿華永豐9C購04  ,0,0,0,0,0,0,0,0,0,1000,0,0,0,1000,0,1000,1000
065415,台積電兆豐9C購05,0,0,0,0,0,0,0,0,0,1000,0,0,0,9000,8000,1000,1000
065417,嘉晶國票01購02  ,0,0,0,0,0,0,0,0,0,1000,0,0,0,1000,0,1000,1000
065428,旺宏凱基03購01  ,0,0,0,0,0,0,0,0,0,1000,0,0,0,35000,34000,1000,1000
065356,聯發科元富03購06,0,0,0,0,0,0,0,0,0,1000,0,0,0,10000,9000,1000,1000
065057,臺股指凱基9C購21,0,0,0,0,0,0,0,0,0,1000,0,0,0,1000,0,1000,1000
065085,聯發科元大01購02,0,0,0,0,0,0,0,0,0,1000,0,0,0,2000,1000,1000,1000
065090,大立光元大9C購24,20000,0,20000,0,0,0,0,0,0,-19000,0,0,0,1000,20000,-19000,1000
065123,台灣50永豐9C購02,0,0,0,0,0,0,0,0,0,1000,0,0,0,34000,33000,1000,1000
065214,友達國泰01購01  ,0,0,0,0,0,0,0,0,0,1000,0,0,0,1052000,1051000,1000,1000
065215,義隆國泰02購02  ,0,0,0,0,0,0,0,0,0,1000,0,0,0,33000,32000,1000,1000
065247,聯發科麥證9C購02,0,0,0,1000,0,1000,0,0,0,1000,0,0,0,1000,0,1000,1000
064187,亞光永豐9C購01  ,0,0,0,0,0,0,0,0,0,1000,0,0,0,29000,28000,1000,1000
064176,京元電國泰01購01,0,0,0,0,0,0,0,0,0,1000,0,0,0,81000,80000,1000,1000
064162,貿聯統一02購01  ,0,0,0,0,0,0,0,0,0,1000,0,0,0,1000,0,1000,1000
064860,聯發科富邦03購01,0,0,0,0,0,0,0,0,0,1000,0,0,0,4000,3000,1000,1000
064730,超眾統一02購02  ,0,0,0,0,0,0,0,0,0,1000,0,0,0,1000,0,1000,1000
064669,健策元大01購03  ,0,0,0,0,0,0,0,0,0,1000,0,0,0,29000,28000,1000,1000
064621,大立光元大9C購20,0,0,0,0,0,0,0,0,0,1000,0,0,0,44000,43000,1000,1000
063962,台達電國票01購01,0,0,0,0,0,0,0,0,0,1000,0,0,0,1000,0,1000,1000
065842,技嘉元大9C購05  ,0,0,0,0,0,0,0,0,0,1000,0,0,0,5000,4000,1000,1000
06582P,可成凱基98售06  ,0,0,0,0,0,0,0,0,0,1000,0,0,0,1000,0,1000,1000
065916,聯發科凱基01購10,0,0,0,0,0,0,0,0,0,1000,0,0,0,1000,0,1000,1000
066004,國巨統一01購11  ,0,0,0,0,0,0,0,0,0,1000,0,0,0,1000,0,1000,1000
066145,昇陽半群益01購01,0,0,0,0,0,0,0,0,0,1000,0,0,0,1000,0,1000,1000
066298,美利達元大01購02,0,0,0,0,0,0,0,0,0,1000,0,0,0,6000,5000,1000,1000
066429,矽格元大01購01  ,0,0,0,0,0,0,0,0,0,1000,0,0,0,9000,8000,1000,1000
066417,台積電元大01購13,0,0,0,0,0,0,0,0,0,1000,0,0,0,1000,0,1000,1000
066559,聯鈞元大01購03  ,0,0,0,0,0,0,0,0,0,1000,0,0,0,13000,12000,1000,1000
066588,台積電群益01購06,0,0,0,0,0,0,0,0,0,1000,0,0,0,1000,0,1000,1000
06689P,鴻海中信9C售02  ,0,0,0,0,0,0,0,0,0,1000,0,0,0,1000,0,1000,1000
066894,聯發科兆豐03購01,0,0,0,0,0,0,0,0,0,1000,0,0,0,201000,200000,1000,1000
066704,創意群益01購02  ,0,0,0,0,0,0,0,0,0,1000,0,0,0,1000,0,1000,1000
066716,高股息元大01購01,0,0,0,0,0,0,0,0,0,1000,0,0,0,1000,0,1000,1000
066803,智原凱基01購02  ,0,0,0,0,0,0,0,0,0,1000,0,0,0,1000,0,1000,1000
2444,兆勁            ,9000,8000,1000,0,0,0,0,0,0,0,0,0,0,0,0,0,1000
1817,凱撒衛          ,7000,6000,1000,0,0,0,0,0,0,0,0,0,0,0,0,0,1000
2002A,中鋼特          ,0,0,0,0,0,0,0,0,0,1000,1000,0,1000,0,0,0,1000
1446,宏和            ,11000,10000,1000,0,0,0,0,0,0,0,0,0,0,0,0,0,1000
1525,江申            ,8000,7000,1000,0,0,0,0,0,0,0,0,0,0,0,0,0,1000
1321,大洋            ,29000,28000,1000,0,0,0,0,0,0,0,0,0,0,0,0,0,1000
08938P,大立光元大01售15,0,0,0,0,0,0,0,0,0,1000,0,0,0,1000,0,1000,1000
08997P,台積電群益01售17,0,0,0,0,0,0,0,0,0,1000,0,0,0,1000,0,1000,1000
6131,鈞泰            ,0,0,0,0,0,0,0,0,0,1000,1000,0,1000,0,0,0,1000
6641,基士德-KY       ,1000,0,1000,0,0,0,0,0,0,0,0,0,0,0,0,0,1000
8374,羅昇            ,10000,9000,1000,0,0,0,0,0,0,0,0,0,0,0,0,0,1000
5284,jpp-KY          ,4000,3000,1000,0,0,0,0,0,0,0,0,0,0,0,0,0,1000
3593,力銘            ,3000,2000,1000,0,0,0,0,0,0,0,0,0,0,0,0,0,1000
2727,王品            ,27000,26000,1000,0,0,0,0,0,0,0,0,0,0,0,0,0,1000
008201,BP上證50        ,0,0,0,0,0,0,0,0,0,200,0,0,0,200,0,200,200
067832,鴻海統一02購04  ,0,0,0,0,0,0,0,0,0,0,0,0,0,200000,200000,0,0
067912,上証2X永豐01購03,0,0,0,0,0,0,0,0,0,0,0,0,0,10000,10000,0,0
067926,嘉晶兆豐01購02  ,0,0,0,0,0,0,0,0,0,0,0,0,0,12000,12000,0,0
068011,台表科元大01購05,0,0,0,0,0,0,0,0,0,0,0,0,0,1000,1000,0,0
068077,晶技凱基02購01  ,0,0,0,0,0,0,0,0,0,0,0,0,0,71000,71000,0,0
068179,致茂群益02購01  ,0,0,0,0,0,0,0,0,0,0,0,0,0,79000,79000,0,0
068183,彩晶群益03購02  ,0,0,0,0,0,0,0,0,0,0,0,0,0,20000,20000,0,0
068145,台積電元大01購35,0,0,0,0,0,0,0,0,0,0,0,0,0,1585000,1585000,0,0
068222,緯創統一01購02  ,0,0,0,0,0,0,0,0,0,0,0,0,0,9000,9000,0,0
068239,道瓊銀元大01購04,0,0,0,0,0,0,0,0,0,0,0,0,0,63000,63000,0,0
068283,帆宣中信01購02  ,0,0,0,0,0,0,0,0,0,0,0,0,0,85000,85000,0,0
067168,國巨麥證01購05  ,0,0,0,2000,0,2000,0,0,0,0,0,0,0,2000,2000,0,0
067169,台積電麥證01購07,0,0,0,0,10000,-10000,0,0,0,0,0,0,0,10000,10000,0,0
06698P,玉晶光國票99售05,0,0,0,0,0,0,0,0,0,0,0,0,0,61000,61000,0,0
067033,新日興康和01購01,0,0,0,0,0,0,0,0,0,0,0,0,0,32000,32000,0,0
067550,燿華中信02購01  ,0,0,0,0,0,0,0,0,0,0,0,0,0,40000,40000,0,0
067562,牧德國票02購01  ,0,0,0,0,0,0,0,0,0,0,0,0,0,38000,38000,0,0
06758P,鴻海元大98售10  ,0,0,0,0,0,0,0,0,0,0,0,0,0,60000,60000,0,0
067527,遠東新群益01購01,0,0,0,0,0,0,0,0,0,0,0,0,0,49000,49000,0,0
067445,台積電國票01購06,0,0,0,0,0,0,0,0,0,0,0,0,0,350000,350000,0,0
067443,國巨國票02購04  ,0,0,0,0,0,0,0,0,0,0,0,0,0,2000,2000,0,0
067420,國巨凱基02購03  ,0,0,0,0,0,0,0,0,0,0,0,0,0,5000,5000,0,0
067412,玉山金中信07購01,0,0,0,0,0,0,0,0,0,0,0,0,0,20000,20000,0,0
08679P,台灣50元大01售15,0,0,0,0,0,0,0,0,0,0,0,0,0,40000,40000,0,0
08093P,英業達元富9B售02,0,0,0,0,0,0,0,0,0,0,0,0,0,41000,41000,0,0
08037P,台表科群益9B售02,0,0,0,0,0,0,0,0,0,0,0,0,0,20000,20000,0,0
08205P,智邦凱基9B售03  ,0,0,0,0,0,0,0,0,0,0,0,0,0,7000,7000,0,0
08231P,上銀元富9B售10  ,0,0,0,0,0,0,0,0,0,0,0,0,0,100000,100000,0,0
08420P,國巨群益9C售12  ,0,0,0,0,0,0,0,0,0,0,0,0,0,5000,5000,0,0
068477,嘉聯益群益01購02,0,0,0,0,0,0,0,0,0,0,0,0,0,30000,30000,0,0
068463,聯發科富邦03購07,0,0,0,0,0,0,0,0,0,0,0,0,0,50000,50000,0,0
068500,華擎元大01購09  ,0,0,0,0,0,0,0,0,0,0,0,0,0,32000,32000,0,0
068511,國巨統一07購01  ,0,0,0,0,0,0,0,0,0,0,0,0,0,10000,10000,0,0
068528,緯創元富03購01  ,0,0,0,0,0,0,0,0,0,0,0,0,0,11000,11000,0,0
06885P,國巨國票99售06  ,0,0,0,0,0,0,0,0,0,0,0,0,0,100000,100000,0,0
068600,台積電凱基03購06,0,0,0,0,0,0,0,0,0,0,0,0,0,8000,8000,0,0
068595,台積電統一03購10,0,0,0,0,0,0,0,0,0,0,0,0,0,8000,8000,0,0
06919P,臺股指日盛98售02,0,0,0,0,0,0,0,0,0,0,0,0,0,25000,25000,0,0
06922P,元上證群益9C售01,0,0,0,0,0,0,0,0,0,0,0,0,0,2000,2000,0,0
06931P,大立光元大98售20,0,0,0,0,0,0,0,0,0,0,0,0,0,1000,1000,0,0
068337,同欣電元大01購05,0,0,0,0,0,0,0,0,0,0,0,0,0,5000,5000,0,0
068296,緯穎康和01購01  ,0,0,0,0,0,0,0,0,0,0,0,0,0,10000,10000,0,0
068440,華擎凱基01購04  ,0,0,0,0,0,0,0,0,0,0,0,0,0,16000,16000,0,0
068444,中磊凱基01購01  ,0,0,0,0,0,0,0,0,0,0,0,0,0,17000,17000,0,0
068454,致茂國票03購01  ,0,0,0,0,0,0,0,0,0,0,0,0,0,65000,65000,0,0
068437,宏達電凱基01購03,0,0,0,0,0,0,0,0,0,0,0,0,0,8000,8000,0,0
07751P,世紀鋼凱基9A售02,0,0,0,0,0,0,0,0,0,0,0,0,0,70000,70000,0,0
07780P,美律凱基9A售02  ,0,0,0,0,0,0,0,0,0,0,0,0,0,30000,30000,0,0
07200P,臺股指元大99售16,5000,0,5000,0,0,0,0,0,0,-5000,0,0,0,0,5000,-5000,0
07198P,臺股指元大99售14,0,0,0,0,0,0,0,0,0,0,0,0,0,140000,140000,0,0
07191P,台積電元大99售32,0,0,0,0,0,0,0,0,0,0,0,0,0,10000,10000,0,0
07115P,T50反1日盛9C售02,0,0,0,0,0,0,0,0,0,0,0,0,0,100000,100000,0,0
00774B,新光中國政金綠債,0,0,0,0,0,0,0,0,0,0,0,0,0,2000,2000,0,0
00775B,新光投等債15+   ,0,0,0,0,0,0,0,0,0,0,0,0,0,2000,2000,0,0
00865B,國泰US短期公債  ,0,0,0,0,0,0,0,0,0,0,0,0,0,100000,100000,0,0
00657,國泰日經225     ,0,0,0,0,0,0,0,0,0,0,0,0,0,100000,100000,0,0
00657K,國泰日經225+U   ,0,0,0,0,0,0,0,0,0,0,0,0,0,100,100,0,0
00668K,國泰美國道瓊+U  ,0,0,0,0,0,0,0,0,0,0,0,0,0,100,100,0,0
00666R,富邦恒生國企反1 ,0,0,0,0,0,0,0,0,0,0,0,0,0,84000,84000,0,0
00625K,富邦上証+R      ,0,0,0,0,0,0,0,0,0,0,0,0,0,50000,50000,0,0
00636K,國泰中國A50+U   ,0,0,0,0,0,0,0,0,0,0,0,0,0,100,100,0,0
00691R,兆豐藍籌30反1   ,0,0,0,0,0,0,0,0,0,0,0,0,0,200000,200000,0,0
00736,國泰新興市場    ,0,0,0,0,0,0,0,0,0,0,0,0,0,120000,120000,0,0
00743,國泰中國A150    ,0,0,0,0,0,0,0,0,0,0,0,0,0,2000,2000,0,0
00732,國泰RMB短期報酬 ,0,0,0,0,0,0,0,0,0,0,0,0,0,100000,100000,0,0
00707R,元大S&P日圓反1  ,0,0,0,0,0,0,0,0,0,0,0,0,0,1000,1000,0,0
03096P,台積電凱基03售05,0,0,0,0,0,0,0,0,0,0,0,0,0,2000,2000,0,0
053185,友達中信99購01  ,0,0,0,0,0,0,0,0,0,0,0,0,0,20000,20000,0,0
056471,台光電元大99購01,0,0,0,0,0,0,0,0,0,0,0,0,0,9000,9000,0,0
03193P,台積電國泰03售06,0,0,0,0,0,0,0,0,0,0,0,0,0,10000,10000,0,0
045053,聯發科元富98購01,0,0,0,0,0,0,0,0,0,0,0,0,0,100000,100000,0,0
051047,深中小群益99購01,0,0,0,0,0,0,0,0,0,0,0,0,0,1000,1000,0,0
056490,台積電國泰99購01,0,0,0,0,0,0,0,0,0,0,0,0,0,87000,87000,0,0
056498,A50正2富邦9B購01,0,0,0,0,0,0,0,0,0,0,0,0,0,41000,41000,0,0
056852,矽格元富98購01  ,0,0,0,0,0,0,0,0,0,0,0,0,0,3000,3000,0,0
056771,嘉晶元大99購01  ,0,0,0,0,0,0,0,0,0,0,0,0,0,2000,2000,0,0
05511P,T50反1台新06售01,0,0,0,0,0,0,0,0,0,0,0,0,0,40000,40000,0,0
055063,玉晶光永豐99購01,0,0,0,0,0,0,0,0,0,0,0,0,0,14000,14000,0,0
054551,聯發科凱基98購02,0,0,0,0,0,0,0,0,0,0,0,0,0,10000,10000,0,0
059088,台積電元大99購27,0,0,0,0,0,0,0,0,0,0,0,0,0,2000,2000,0,0
059083,華通元大99購07  ,0,0,0,0,0,0,0,0,0,0,0,0,0,11000,11000,0,0
060064,華新科兆豐99購07,0,0,0,0,0,0,0,0,0,0,0,0,0,8000,8000,0,0
058073,大立光凱基99購04,0,0,0,0,0,0,0,0,0,0,0,0,0,10000,10000,0,0
053654,聯發科凱基98購01,0,0,0,0,0,0,0,0,0,0,0,0,0,1000,1000,0,0
053378,台積電元大98購02,0,0,0,0,0,0,0,0,0,0,0,0,0,6000,6000,0,0
059985,華新科元大99購22,0,0,0,0,0,0,0,0,0,0,0,0,0,2000,2000,0,0
058046,國巨元大9A購01  ,0,0,0,0,0,0,0,0,0,0,0,0,0,19000,19000,0,0
057327,玉晶光群益9A購04,0,0,0,0,0,0,0,0,0,0,0,0,0,1000,1000,0,0
059888,華新科國票99購03,0,0,0,0,0,0,0,0,0,0,0,0,0,1000,1000,0,0
059889,華新科國票99購04,0,0,0,0,0,0,0,0,0,0,0,0,0,1000,1000,0,0
059912,國巨元大99購28  ,0,0,0,0,0,0,0,0,0,0,0,0,0,5000,5000,0,0
055813,聯發科國票98購04,0,0,0,0,0,0,0,0,0,0,0,0,0,1000,1000,0,0
054387,台積電統一98購02,0,0,0,0,0,0,0,0,0,0,0,0,0,1000,1000,0,0
055966,茂林元大99購01  ,0,0,0,0,0,0,0,0,0,0,0,0,0,10000,10000,0,0
057480,技嘉元大98購03  ,0,0,0,0,0,0,0,0,0,0,0,0,0,21000,21000,0,0
057348,台積電統一98購09,0,0,0,0,0,0,0,0,0,0,0,0,0,48000,48000,0,0
059707,健策凱基9A購03  ,0,0,0,0,0,0,0,0,0,0,0,0,0,16000,16000,0,0
059826,欣興凱基99購06  ,0,0,0,0,0,0,0,0,0,0,0,0,0,20000,20000,0,0
059828,健策凱基99購05  ,0,0,0,0,0,0,0,0,0,0,0,0,0,17000,17000,0,0
059466,國巨元大99購26  ,0,0,0,0,0,0,0,0,0,0,0,0,0,3000,3000,0,0
059387,華通凱基9A購03  ,0,0,0,0,0,0,0,0,0,0,0,0,0,10000,10000,0,0
059427,國巨元大99購24  ,0,0,0,0,0,0,0,0,0,0,0,0,0,1000,1000,0,0
059443,嘉聯益元大9B購01,0,0,0,0,0,0,0,0,0,0,0,0,0,34000,34000,0,0
059470,華新科元大99購16,0,0,0,0,0,0,0,0,0,0,0,0,0,2000,2000,0,0
059573,健策凱基9A購02  ,0,0,0,0,0,0,0,0,0,0,0,0,0,26000,26000,0,0
059550,台灣50日盛99購02,0,0,0,0,0,0,0,0,0,0,0,0,0,80000,80000,0,0
059534,國泰金凱基99購01,0,0,0,0,0,0,0,0,0,0,0,0,0,10000,10000,0,0
058942,南茂中信99購01  ,0,0,0,0,0,0,0,0,0,0,0,0,0,10000,10000,0,0
059131,國巨群益99購07  ,0,0,0,0,0,0,0,0,0,0,0,0,0,1000,1000,0,0
059163,台積電凱基99購10,0,0,0,0,0,0,0,0,0,0,0,0,0,6000,6000,0,0
059165,南亞科凱基99購04,0,0,0,0,0,0,0,0,0,0,0,0,0,10000,10000,0,0
059301,華新科群益99購04,0,0,0,0,0,0,0,0,0,0,0,0,0,2000,2000,0,0
059330,台灣50國票99購10,0,0,0,0,0,0,0,0,0,0,0,0,0,10000,10000,0,0
059248,華新科凱基99購04,0,0,0,0,0,0,0,0,0,0,0,0,0,1000,1000,0,0
059195,國巨永豐99購04  ,0,0,0,0,0,0,0,0,0,0,0,0,0,1000,1000,0,0
059238,台積電凱基99購11,0,0,0,0,0,0,0,0,0,0,0,0,0,5000,5000,0,0
060152,上証2X永豐9A購02,0,0,0,0,0,0,0,0,0,0,0,0,0,2000,2000,0,0
058631,鈺齊國票9A購01  ,0,0,0,0,0,0,0,0,0,0,0,0,0,1000,1000,0,0
058601,台積電元大99購10,0,0,0,0,0,0,0,0,0,0,0,0,0,21000,21000,0,0
058602,台積電元大99購11,0,0,0,0,0,0,0,0,0,0,0,0,0,19000,19000,0,0
057926,帆宣凱基98購02  ,0,0,0,0,0,0,0,0,0,0,0,0,0,20000,20000,0,0
057913,健策日盛98購01  ,0,0,0,0,0,0,0,0,0,0,0,0,0,10000,10000,0,0
058227,台灣50元大9C購01,0,0,0,0,0,0,0,0,0,0,0,0,0,10000,10000,0,0
059118,晶技永豐9A購01  ,0,0,0,0,0,0,0,0,0,0,0,0,0,2000,2000,0,0
058249,緯穎元大99購04  ,0,0,0,0,0,0,0,0,0,0,0,0,0,53000,53000,0,0
058865,群創凱基01購01  ,0,0,0,0,0,0,0,0,0,0,0,0,0,10000,10000,0,0
058761,欣興群益99購02  ,0,0,0,0,0,0,0,0,0,0,0,0,0,10000,10000,0,0
058828,大毅永豐99購01  ,0,0,0,0,0,0,0,0,0,0,0,0,0,90000,90000,0,0
058795,可成元大99購03  ,0,0,0,0,0,0,0,0,0,0,0,0,0,14000,14000,0,0
058013,SP黃豆凱基9A購01,0,0,0,0,0,0,0,0,0,0,0,0,0,300000,300000,0,0
058009,智易國票99購01  ,0,0,0,0,0,0,0,0,0,0,0,0,0,4000,4000,0,0
057989,旺宏統一99購04  ,0,0,0,0,0,0,0,0,0,0,0,0,0,10000,10000,0,0
058698,華通元大99購05  ,0,0,0,0,0,0,0,0,0,0,0,0,0,2000,2000,0,0
063475,同欣電元大9C購01,0,0,0,0,0,0,0,0,0,0,0,0,0,3000,3000,0,0
063478,GIS元大9B購03   ,0,0,0,0,0,0,0,0,0,0,0,0,0,9000,9000,0,0
063433,臻鼎元富9B購01  ,0,0,0,0,0,0,0,0,0,0,0,0,0,146000,146000,0,0
063315,京元電群益9B購03,0,0,0,0,0,0,0,0,0,0,0,0,0,20000,20000,0,0
063290,GIS元大9B購02   ,0,0,0,0,0,0,0,0,0,0,0,0,0,40000,40000,0,0
057609,友訊元富98購01  ,0,0,0,0,0,0,0,0,0,0,0,0,0,23000,23000,0,0
057547,技嘉凱基99購01  ,0,0,0,0,0,0,0,0,0,0,0,0,0,1000,1000,0,0
058462,台積電兆豐99購01,0,0,0,0,0,0,0,0,0,0,0,0,0,94000,94000,0,0
057619,玉晶光凱基98購02,0,0,0,0,0,0,0,0,0,0,0,0,0,2000,2000,0,0
057682,台積電日盛9A購03,0,0,0,0,0,0,0,0,0,0,0,0,0,63000,63000,0,0
057708,臺股指群益98購08,0,0,0,0,0,0,0,0,0,0,0,0,0,3000,3000,0,0
057783,台積電國票9A購01,0,0,0,0,0,0,0,0,0,0,0,0,0,1000,1000,0,0
057788,嘉聯益國票99購01,0,0,0,0,0,0,0,0,0,0,0,0,0,200000,200000,0,0
057861,台積電凱基98購16,0,0,0,0,0,0,0,0,0,0,0,0,0,1000,1000,0,0
057531,禾伸堂元大99購04,0,0,0,0,0,0,0,0,0,0,0,0,0,68000,68000,0,0
058470,台灣50日盛9B購02,0,0,0,0,0,0,0,0,0,0,0,0,0,50000,50000,0,0
058471,台積電日盛9C購01,0,0,0,0,0,0,0,0,0,0,0,0,0,410000,410000,0,0
058515,健鼎元大99購01  ,0,0,0,0,0,0,0,0,0,0,0,0,0,108000,108000,0,0
059879,GIS凱基99購03   ,0,0,0,0,0,0,0,0,0,0,0,0,0,10000,10000,0,0
058387,國巨國票9A購03  ,0,0,0,0,0,0,0,0,0,0,0,0,0,1000,1000,0,0
058418,台積電麥證99購01,0,0,0,30000,0,30000,0,0,0,0,0,0,0,30000,30000,0,0
058420,聯發科麥證99購03,0,0,0,106000,0,106000,0,0,0,0,0,0,0,106000,106000,0,0
058402,欣興元大99購04  ,0,0,0,0,0,0,0,0,0,0,0,0,0,1000,1000,0,0
058373,晶技凱基99購02  ,0,0,0,0,0,0,0,0,0,0,0,0,0,4000,4000,0,0
058374,玉晶光凱基9A購03,0,0,0,0,0,0,0,0,0,0,0,0,0,1000,1000,0,0
064544,國巨凱基9C購09  ,0,0,0,0,0,0,0,0,0,0,0,0,0,1000,1000,0,0
064552,巨大凱基01購01  ,0,0,0,0,0,0,0,0,0,0,0,0,0,25000,25000,0,0
064608,滬深2X元大9C購11,0,0,0,0,0,0,0,0,0,0,0,0,0,4000,4000,0,0
064615,智邦元大01購01  ,0,0,0,0,0,0,0,0,0,0,0,0,0,1000,1000,0,0
064268,緯穎永豐9C購01  ,0,0,0,0,0,0,0,0,0,0,0,0,0,83000,83000,0,0
064019,上銀元大9C購05  ,0,0,0,0,0,0,0,0,0,0,0,0,0,100000,100000,0,0
064345,創意元大9C購03  ,0,0,0,0,0,0,0,0,0,0,0,0,0,2000,2000,0,0
064034,台表科元大9C購07,0,0,0,0,0,0,0,0,0,0,0,0,0,50000,50000,0,0
064431,台積電凱基01購05,0,0,0,0,0,0,0,0,0,0,0,0,0,35000,35000,0,0
061643,嘉澤元大9A購05  ,0,0,0,0,0,0,0,0,0,0,0,0,0,10000,10000,0,0
061726,台積電麥證9A購05,0,0,0,2000,0,2000,0,0,0,0,0,0,0,2000,2000,0,0
061014,台積電麥證9A購04,0,0,0,7000,1000,6000,0,0,0,0,0,0,0,8000,8000,0,0
061424,華新科元大9A購18,0,0,0,0,0,0,0,0,0,0,0,0,0,1000,1000,0,0
060874,中鋼中信02購01  ,0,0,0,0,0,0,0,0,0,0,0,0,0,11000,11000,0,0
061696,南茂群益9A購01  ,0,0,0,0,0,0,0,0,0,0,0,0,0,10000,10000,0,0
061679,健策元大9B購04  ,0,0,0,0,0,0,0,0,0,0,0,0,0,31000,31000,0,0
060897,健策凱基9A購04  ,0,0,0,0,0,0,0,0,0,0,0,0,0,45000,45000,0,0
061282,台積電統一9C購06,0,0,0,0,0,0,0,0,0,0,0,0,0,3000,3000,0,0
061365,國巨國票9B購05  ,0,0,0,0,0,0,0,0,0,0,0,0,0,4000,4000,0,0
061341,華新科元大9A購16,0,0,0,0,0,0,0,0,0,0,0,0,0,2000,2000,0,0
061368,南六國票9A購01  ,0,0,0,0,0,0,0,0,0,0,0,0,0,56000,56000,0,0
061326,新日興凱基9B購01,0,0,0,0,0,0,0,0,0,0,0,0,0,5000,5000,0,0
061204,國巨元大9A購16  ,0,0,0,0,0,0,0,0,0,0,0,0,0,2000,2000,0,0
061163,台灣50兆豐9A購04,0,0,0,0,0,0,0,0,0,0,0,0,0,30000,30000,0,0
061145,臻鼎中信9A購02  ,0,0,0,0,0,0,0,0,0,0,0,0,0,20000,20000,0,0
061101,道瓊銀元大9A購02,0,0,0,0,0,0,0,0,0,0,0,0,0,20000,20000,0,0
061123,燿華永豐9A購01  ,0,0,0,0,0,0,0,0,0,0,0,0,0,1000,1000,0,0
060732,玉晶光群益9C購02,0,0,0,0,0,0,0,0,0,0,0,0,0,35000,35000,0,0
060652,滬深2X群益9C購04,0,0,0,0,0,0,0,0,0,0,0,0,0,1000,1000,0,0
060661,台積電凱基9A購18,0,0,0,0,0,0,0,0,0,0,0,0,0,2000,2000,0,0
061067,貿聯凱基9A購03  ,0,0,0,0,0,0,0,0,0,0,0,0,0,40000,40000,0,0
061087,國巨統一01購04  ,0,0,0,0,0,0,0,0,0,0,0,0,0,10000,10000,0,0
060769,國巨麥證9A購02  ,0,0,0,2000,0,2000,0,0,0,0,0,0,0,2000,2000,0,0
060502,國巨元大9A購07  ,0,0,0,0,0,0,0,0,0,0,0,0,0,2000,2000,0,0
060435,鈺齊永豐9A購01  ,0,0,0,0,0,0,0,0,0,0,0,0,0,59000,59000,0,0
060369,滬深2X元富01購01,0,0,0,0,0,0,0,0,0,0,0,0,0,1000,1000,0,0
062900,台積電元大9B購04,0,0,0,0,0,0,0,0,0,0,0,0,0,12000,12000,0,0
062843,臺股指群益9B購10,0,0,0,0,0,0,0,0,0,0,0,0,0,3000,3000,0,0
062796,技嘉統一9C購01  ,0,0,0,0,0,0,0,0,0,0,0,0,0,29000,29000,0,0
063017,台光電元大9B購07,0,0,0,0,0,0,0,0,0,0,0,0,0,4000,4000,0,0
063081,技嘉凱基9B購02  ,0,0,0,0,0,0,0,0,0,0,0,0,0,8000,8000,0,0
062488,台光電永豐9B購02,0,0,0,0,0,0,0,0,0,0,0,0,0,27000,27000,0,0
062604,東元凱基9B購01  ,0,0,0,0,0,0,0,0,0,0,0,0,0,30000,30000,0,0
062619,台表科元大9B購03,0,0,0,0,0,0,0,0,0,0,0,0,0,2000,2000,0,0
062147,大毅國票9B購02  ,0,0,0,0,0,0,0,0,0,0,0,0,0,38000,38000,0,0
062134,國巨群益9B購04  ,0,0,0,0,0,0,0,0,0,0,0,0,0,1000,1000,0,0
062178,上銀元大9B購03  ,0,0,0,0,0,0,0,0,0,0,0,0,0,10000,10000,0,0
062446,聯詠元大9B購02  ,0,0,0,0,0,0,0,0,0,0,0,0,0,29000,29000,0,0
062457,京元電群益9B購01,0,0,0,0,0,0,0,0,0,0,0,0,0,15000,15000,0,0
062439,聯發科元大9B購10,0,0,0,0,0,0,0,0,0,0,0,0,0,6000,6000,0,0
062411,玉晶光第一9B購01,0,0,0,0,0,0,0,0,0,0,0,0,0,20000,20000,0,0
062403,健策永豐9B購06  ,0,0,0,0,0,0,0,0,0,0,0,0,0,1000,1000,0,0
062378,台表科元大9C購01,0,0,0,0,0,0,0,0,0,0,0,0,0,39000,39000,0,0
061576,華新科元大9A購21,0,0,0,0,0,0,0,0,0,0,0,0,0,2000,2000,0,0
061566,華通元大9A購10  ,0,0,0,0,0,0,0,0,0,0,0,0,0,7000,7000,0,0
063638,華新科元大9B購14,0,0,0,0,0,0,0,0,0,0,0,0,0,1000,1000,0,0
063194,華新科台新9B購01,0,0,0,0,0,0,0,0,0,0,0,0,0,1000,1000,0,0
062679,技嘉統一01購01  ,0,0,0,0,0,0,0,0,0,0,0,0,0,11000,11000,0,0
063678,友達國泰9C購01  ,0,0,0,0,0,0,0,0,0,0,0,0,0,30000,30000,0,0
063768,華新科國泰9C購03,0,0,0,0,0,0,0,0,0,0,0,0,0,15000,15000,0,0
063569,美食元大9B購03  ,0,0,0,0,0,0,0,0,0,0,0,0,0,12000,12000,0,0
063577,台表科元大9C購04,0,0,0,0,0,0,0,0,0,0,0,0,0,2000,2000,0,0
062035,瑞祺群益9B購01  ,0,0,0,0,0,0,0,0,0,0,0,0,0,20000,20000,0,0
062085,同欣電元大9B購01,0,0,0,0,0,0,0,0,0,0,0,0,0,3000,3000,0,0
061964,台積電統一01購05,0,0,0,0,0,0,0,0,0,0,0,0,0,7000,7000,0,0
061965,台積電統一02購02,0,0,0,0,0,0,0,0,0,0,0,0,0,1000,1000,0,0
061959,鴻海統一9B購04  ,0,0,0,0,0,0,0,0,0,0,0,0,0,300000,300000,0,0
061985,富邦金元大9B購01,0,0,0,0,0,0,0,0,0,0,0,0,0,7000,7000,0,0
061835,華新科凱基02購03,0,0,0,0,0,0,0,0,0,0,0,0,0,2000,2000,0,0
06679P,旺宏元大98售09  ,0,0,0,0,0,0,0,0,0,0,0,0,0,27000,27000,0,0
066734,聯詠元大01購03  ,0,0,0,0,0,0,0,0,0,0,0,0,0,17000,17000,0,0
066721,臺指反元大04購03,0,0,0,0,0,0,0,0,0,0,0,0,0,10000,10000,0,0
066727,鴻海元大01購12  ,0,0,0,0,0,0,0,0,0,0,0,0,0,18000,18000,0,0
066700,瑞昱群益01購01  ,0,0,0,0,0,0,0,0,0,0,0,0,0,71000,71000,0,0
066687,國巨元富07購05  ,0,0,0,0,0,0,0,0,0,0,0,0,0,10000,10000,0,0
066579,臺股指元大01購08,0,0,0,0,0,0,0,0,0,0,0,0,0,1000,1000,0,0
066612,台積電麥證01購04,0,0,0,3000,0,3000,0,0,0,0,0,0,0,3000,3000,0,0
066525,創意統一03購01  ,0,0,0,0,0,0,0,0,0,0,0,0,0,3000,3000,0,0
066401,智伸科凱基01購02,0,0,0,0,0,0,0,0,0,0,0,0,0,30000,30000,0,0
066255,英利元大01購01  ,0,0,0,0,0,0,0,0,0,0,0,0,0,50000,50000,0,0
066065,東元凱基04購01  ,0,0,0,0,0,0,0,0,0,0,0,0,0,7000,7000,0,0
065921,GIS凱基01購02   ,0,0,0,0,0,0,0,0,0,0,0,0,0,11000,11000,0,0
065868,燿華群益02購01  ,0,0,0,0,0,0,0,0,0,0,0,0,0,20000,20000,0,0
065724,國巨凱基9C購11  ,0,0,0,0,0,0,0,0,0,0,0,0,0,20000,20000,0,0
065718,健策中信9C購02  ,0,0,0,0,0,0,0,0,0,0,0,0,0,33000,33000,0,0
065709,瀚宇博群益9C購01,0,0,0,0,0,0,0,0,0,0,0,0,0,58000,58000,0,0
065777,正崴國泰03購01  ,0,0,0,0,0,0,0,0,0,0,0,0,0,7000,7000,0,0
063891,國巨群益9C購07  ,0,0,0,0,0,0,0,0,0,0,0,0,0,3000,3000,0,0
064122,國巨元大9C購17  ,0,0,0,0,0,0,0,0,0,0,0,0,0,1000,1000,0,0
064124,台積電元大9C購10,0,0,0,0,0,0,0,0,0,0,0,0,0,3000,3000,0,0
064102,宏達電群益9C購01,0,0,0,0,0,0,0,0,0,0,0,0,0,2000,2000,0,0
064080,宏達電中信06購01,0,0,0,0,0,0,0,0,0,0,0,0,0,142000,142000,0,0
063849,奇鋐元大9C購01  ,0,0,0,0,0,0,0,0,0,0,0,0,0,13000,13000,0,0
063853,同欣電元大9C購02,0,0,0,0,0,0,0,0,0,0,0,0,0,4000,4000,0,0
064839,旭富統一9C購01  ,0,0,0,0,0,0,0,0,0,0,0,0,0,6000,6000,0,0
064798,道瓊反元大9C購04,0,30000,-30000,0,0,0,0,0,0,30000,0,0,0,30000,0,30000,0
064896,華新科群益01購02,0,0,0,0,0,0,0,0,0,0,0,0,0,9000,9000,0,0
064899,大立光群益9C購06,0,0,0,0,0,0,0,0,0,0,0,0,0,1000,1000,0,0
064964,T50反1元大9C購10,0,0,0,0,0,0,0,0,0,0,0,0,0,20000,20000,0,0
064928,同欣電統一01購02,0,0,0,0,0,0,0,0,0,0,0,0,0,50000,50000,0,0
064166,和潤統一02購01  ,0,0,0,0,0,0,0,0,0,0,0,0,0,50000,50000,0,0
065276,台灣50群益02購03,0,0,0,0,0,0,0,0,0,0,0,0,0,8000,8000,0,0
065287,華新科群益01購03,0,0,0,0,0,0,0,0,0,0,0,0,0,6000,6000,0,0
065211,世芯國票01購03  ,0,0,0,0,0,0,0,0,0,0,0,0,0,10000,10000,0,0
065196,技嘉元富06購01  ,0,0,0,0,0,0,0,0,0,0,0,0,0,5000,5000,0,0
064984,同欣電元大9C購06,0,0,0,0,0,0,0,0,0,0,0,0,0,7000,7000,0,0
064985,台表科元大9C購09,0,0,0,0,0,0,0,0,0,0,0,0,0,1000,1000,0,0
065427,台積電凱基02購04,0,0,0,0,0,0,0,0,0,0,0,0,0,1000,1000,0,0
06556P,臺股指元大99售08,0,0,0,0,0,0,0,0,0,0,0,0,0,1000,1000,0,0
065629,台積電國票01購04,0,0,0,0,0,0,0,0,0,0,0,0,0,2000,2000,0,0
065634,聯發科國票9C購06,0,0,0,0,0,0,0,0,0,0,0,0,0,200000,200000,0,0
065614,緯穎元大01購02  ,0,0,0,0,0,0,0,0,0,0,0,0,0,102000,102000,0,0
2748,雲品            ,18000,18000,0,0,0,0,0,0,0,0,0,0,0,0,0,0,0
2850,新產            ,182000,182000,0,0,0,0,0,0,0,0,0,0,0,0,0,0,0
2910,統領            ,1000,1000,0,0,0,0,0,0,0,0,0,0,0,0,0,0,0
3025,星通            ,3000,3000,0,0,0,0,0,0,0,0,0,0,0,0,0,0,0
3432,台端            ,4000,4000,0,0,0,0,0,0,0,0,0,0,0,0,0,0,0
4571,鈞興-KY         ,1000,1000,0,0,0,0,0,0,0,0,0,0,0,0,0,0,0
8462,柏文            ,7000,5000,2000,0,0,0,0,0,0,-2000,0,0,0,0,2000,-2000,0
8427,基勝-KY         ,1000,1000,0,0,0,0,0,0,0,0,0,0,0,0,0,0,0
9902,台火            ,59000,59000,0,0,0,0,0,0,0,0,0,0,0,0,0,0,0
9943,好樂迪          ,24000,24000,0,0,0,0,0,0,0,0,0,0,0,0,0,0,0
9941A,裕融甲特        ,0,0,0,0,0,0,0,0,0,0,1000,1000,0,0,0,0,0
6671,三能-KY         ,0,2000,-2000,0,0,0,0,0,0,2000,2000,0,2000,0,0,0,0
5546,永固-KY         ,36000,36000,0,0,0,0,0,0,0,0,0,0,0,0,0,0,0
08924P,鴻海元富07售10  ,0,0,0,0,0,0,0,0,0,0,0,0,0,8000,8000,0,0
08842P,京鼎凱基01售03  ,0,0,0,0,0,0,0,0,0,0,0,0,0,50000,50000,0,0
1324,地球            ,0,1000,-1000,0,0,0,0,0,0,1000,1000,0,1000,0,0,0,0
1776,展宇            ,2000,2000,0,0,0,0,0,0,0,0,0,0,0,0,0,0,0
2024,志聯            ,2000,1000,1000,0,0,0,0,0,0,-1000,0,1000,-1000,0,0,0,0
2429,銘旺科          ,2000,2000,0,0,0,0,0,0,0,0,0,0,0,0,0,0,0
07083P,台積電統一9A售06,0,0,0,0,0,0,0,0,0,-1000,0,0,0,0,1000,-1000,-1000
07782P,寶成凱基9A售02  ,0,0,0,0,0,0,0,0,0,-1000,0,0,0,0,1000,-1000,-1000
07886P,國巨國票9B售06  ,0,0,0,0,0,0,0,0,0,-1000,0,0,0,0,1000,-1000,-1000
07848P,旺宏群益9B售01  ,0,0,0,0,0,0,0,0,0,-1000,0,0,0,0,1000,-1000,-1000
07839P,嘉澤元大9A售04  ,0,0,0,0,0,0,0,0,0,-1000,0,0,0,100000,101000,-1000,-1000
068395,GIS統一03購03   ,0,0,0,0,0,0,0,0,0,-1000,0,0,0,0,1000,-1000,-1000
068356,奇力新凱基01購03,0,0,0,0,0,0,0,0,0,-1000,0,0,0,0,1000,-1000,-1000
06939P,國巨永豐98售09  ,0,0,0,0,0,0,0,0,0,-1000,0,0,0,0,1000,-1000,-1000
068551,台灣50元大01購37,0,0,0,0,0,0,0,0,0,-1000,0,0,0,0,1000,-1000,-1000
068557,道瓊銀元大03購02,0,0,0,0,0,0,0,0,0,-1000,0,0,0,0,1000,-1000,-1000
068538,帆宣中信01購03  ,0,0,0,0,0,0,0,0,0,-1000,0,0,0,0,1000,-1000,-1000
08149P,祥碩群益9B售07  ,0,0,0,0,0,0,0,0,0,-1000,0,0,0,0,1000,-1000,-1000
07987P,大立光統一9B售13,0,0,0,0,0,0,0,0,0,-1000,0,0,0,0,1000,-1000,-1000
07993P,寶成群益9B售01  ,0,0,0,0,0,0,0,0,0,-1000,0,0,0,0,1000,-1000,-1000
08045P,健策國票9B售01  ,0,0,0,0,0,0,0,0,0,-1000,0,0,0,0,1000,-1000,-1000
08729P,創意永豐01售01  ,0,0,0,0,0,0,0,0,0,-1000,0,0,0,44000,45000,-1000,-1000
08547P,大立光中信9C售04,0,0,0,0,0,0,0,0,0,-1000,0,0,0,0,1000,-1000,-1000
08540P,嘉晶國票01售01  ,0,0,0,0,0,0,0,0,0,-1000,0,0,0,0,1000,-1000,-1000
067325,巨大元大01購05  ,0,0,0,0,0,0,0,0,0,-1000,0,0,0,0,1000,-1000,-1000
067500,台表科元大01購03,0,0,0,0,0,0,0,0,0,-1000,0,0,0,33000,34000,-1000,-1000
067607,聯鈞凱基01購04  ,0,0,0,0,0,0,0,0,0,-1000,0,0,0,82000,83000,-1000,-1000
067609,智易凱基01購01  ,0,0,0,0,0,0,0,0,0,-1000,0,0,0,5000,6000,-1000,-1000
06755P,大立光永豐98售03,0,0,0,0,0,0,0,0,0,-1000,0,0,0,0,1000,-1000,-1000
067121,台虹群益01購01  ,0,0,0,0,0,0,0,0,0,-1000,0,0,0,0,1000,-1000,-1000
067918,玉晶光永豐01購02,0,0,0,0,0,0,0,0,0,-1000,0,0,0,0,1000,-1000,-1000
067943,矽格凱基01購04  ,0,0,0,0,0,0,0,0,0,-1000,0,0,0,0,1000,-1000,-1000
067844,全新元富07購01  ,0,0,0,0,0,0,0,0,0,-1000,0,0,0,0,1000,-1000,-1000
067794,臺股指群益01購06,0,0,0,0,0,0,0,0,0,-1000,0,0,0,0,1000,-1000,-1000
067631,上銀永豐01購01  ,0,0,0,0,0,0,0,0,0,-1000,0,0,0,156000,157000,-1000,-1000
067691,台虹元大01購03  ,0,0,0,0,0,0,0,0,0,-1000,0,0,0,5000,6000,-1000,-1000
057841,茂林富邦9A購02  ,0,0,0,0,0,0,0,0,0,-1000,0,0,0,0,1000,-1000,-1000
057838,台郡國泰99購01  ,0,0,0,0,0,0,0,0,0,-1000,0,0,0,0,1000,-1000,-1000
057613,瑞昱元富02購02  ,0,0,0,0,0,0,0,0,0,-1000,0,0,0,0,1000,-1000,-1000
063337,國巨統一02購02  ,0,0,0,0,0,0,0,0,0,-1000,0,0,0,0,1000,-1000,-1000
063367,GIS富邦9B購01   ,0,0,0,0,0,0,0,0,0,-1000,0,0,0,0,1000,-1000,-1000
063417,金像電凱基9B購03,0,0,0,0,0,0,0,0,0,-1000,0,0,0,10000,11000,-1000,-1000
063409,GIS國票9C購02   ,0,0,0,0,0,0,0,0,0,-1000,0,0,0,0,1000,-1000,-1000
058685,TPK凱基99購01   ,0,0,0,0,0,0,0,0,0,-1000,0,0,0,25000,26000,-1000,-1000
058703,台積電元大99購16,0,0,0,0,0,0,0,0,0,-1000,0,0,0,0,1000,-1000,-1000
057982,帆宣永豐98購01  ,0,0,0,0,0,0,0,0,0,-1000,0,0,0,0,1000,-1000,-1000
058812,台積電統一9B購06,0,0,0,0,0,0,0,0,0,-1000,0,0,0,0,1000,-1000,-1000
058785,臺股指國票99購04,0,0,0,0,0,0,0,0,0,-1000,0,0,0,0,1000,-1000,-1000
058579,聯發科群益99購04,0,0,0,0,0,0,0,0,0,-1000,0,0,0,0,1000,-1000,-1000
058190,貿聯永豐99購01  ,0,0,0,0,0,0,0,0,0,-1000,0,0,0,0,1000,-1000,-1000
058662,禾伸堂兆豐99購01,0,0,0,0,0,0,0,0,0,-1000,0,0,0,9000,10000,-1000,-1000
058592,聯發科統一9C購01,0,0,0,0,0,0,0,0,0,-1000,0,0,0,0,1000,-1000,-1000
058587,台積電中信9C購03,0,0,0,0,0,0,0,0,0,-1000,0,0,0,0,1000,-1000,-1000
059224,大立光元大99購15,0,0,0,0,0,0,0,0,0,-1000,0,0,0,0,1000,-1000,-1000
059259,FBVIX中信03購06 ,0,0,0,0,0,0,0,0,0,-1000,0,0,0,0,1000,-1000,-1000
059169,可成凱基99購04  ,0,0,0,0,0,0,0,0,0,-1000,0,0,0,9000,10000,-1000,-1000
058972,新日興永豐9A購01,0,0,0,0,0,0,0,0,0,-1000,0,0,0,9000,10000,-1000,-1000
058995,台達電元大99購01,0,0,0,0,0,0,0,0,0,-1000,0,0,0,10000,11000,-1000,-1000
059566,台積電凱基9A購11,0,0,0,0,0,0,0,0,0,-1000,0,0,0,2000,3000,-1000,-1000
059419,滬深2X元大99購03,0,0,0,0,0,0,0,0,0,-1000,0,0,0,0,1000,-1000,-1000
056312,茂林元大98購01  ,0,0,0,0,0,0,0,0,0,-1000,0,0,0,0,1000,-1000,-1000
057004,滬深反中信9A購01,0,0,0,0,0,0,0,0,0,-1000,0,0,0,0,1000,-1000,-1000
056963,建準永豐98購01  ,0,0,0,0,0,0,0,0,0,-1000,0,0,0,0,1000,-1000,-1000
055312,台虹群益99購01  ,0,0,0,0,0,0,0,0,0,-1000,0,0,0,0,1000,-1000,-1000
059987,大立光元大99購28,0,0,0,0,0,0,0,0,0,-1000,0,0,0,0,1000,-1000,-1000
059062,群創凱基99購05  ,0,0,0,0,0,0,0,0,0,-1000,0,0,0,17000,18000,-1000,-1000
054679,台積電康和99購01,0,0,0,0,0,0,0,0,0,-1000,0,0,0,0,1000,-1000,-1000
055184,群創統一98購02  ,0,0,0,0,0,0,0,0,0,-1000,0,0,0,0,1000,-1000,-1000
054924,景碩凱基98購01  ,0,0,0,0,0,0,0,0,0,-1000,0,0,0,0,1000,-1000,-1000
056496,康控國泰99購01  ,0,0,0,0,0,0,0,0,0,-1000,0,0,0,13000,14000,-1000,-1000
056547,臻鼎凱基99購01  ,0,0,0,0,0,0,0,0,0,-1000,0,0,0,0,1000,-1000,-1000
050014,國巨富邦98購01  ,0,0,0,0,0,0,0,0,0,-1000,0,0,0,0,1000,-1000,-1000
048105,滬深2X群益99購02,0,0,0,0,0,0,0,0,0,-1000,0,0,0,0,1000,-1000,-1000
046384,群創凱基98購02  ,0,0,0,0,0,0,0,0,0,-1000,0,0,0,0,1000,-1000,-1000
03190P,日月光元大01售05,0,0,0,0,0,0,0,0,0,-1000,0,0,0,0,1000,-1000,-1000
056454,欣興凱基98購02  ,0,0,0,0,0,0,0,0,0,-1000,0,0,0,0,1000,-1000,-1000
052863,友達凱基98購02  ,0,0,0,0,0,0,0,0,0,-1000,0,0,0,0,1000,-1000,-1000
051603,深中小群益99購03,0,0,0,0,0,0,0,0,0,-1000,0,0,0,0,1000,-1000,-1000
03094X,大立光元大68展08,0,0,0,0,0,0,0,0,0,-1000,0,0,0,0,1000,-1000,-1000
03022X,富展01          ,0,0,0,0,0,0,0,0,0,-1000,0,0,0,0,1000,-1000,-1000
03028X,元展25          ,0,0,0,0,0,0,0,0,0,-1000,0,0,0,0,1000,-1000,-1000
03160P,大立光元大01售22,0,0,0,0,0,0,0,0,0,-1000,0,0,0,0,1000,-1000,-1000
00731,FH富時高息低波  ,67000,9000,58000,0,0,0,0,0,0,-59000,0,0,0,1008000,1067000,-59000,-1000
00682U,元大美元指數    ,0,0,0,0,0,0,0,0,0,-1000,0,0,0,0,1000,-1000,-1000
020002,元富新中國N     ,0,0,0,0,0,0,0,0,0,-1000,0,0,0,0,1000,-1000,-1000
01002T,土銀國泰R1      ,0,1000,-1000,0,0,0,0,0,0,0,0,0,0,0,0,0,-1000
00661,元大日經225     ,0,0,0,0,0,0,0,0,0,-1000,0,0,0,0,1000,-1000,-1000
00783,富邦中証500     ,24000,0,24000,0,0,0,0,0,0,-25000,0,0,0,871000,896000,-25000,-1000
062423,聯發科統一9C購07,0,0,0,0,0,0,0,0,0,-1000,0,0,0,0,1000,-1000,-1000
062117,燿華中信9B購01  ,0,0,0,0,0,0,0,0,0,-1000,0,0,0,0,1000,-1000,-1000
062508,臺股指群益9B購03,0,0,0,0,0,0,0,0,0,-1000,0,0,0,0,1000,-1000,-1000
062493,元金反中信9B購01,0,0,0,0,0,0,0,0,0,-1000,0,0,0,1000,2000,-1000,-1000
063102,旺宏群益9B購03  ,0,0,0,0,0,0,0,0,0,-1000,0,0,0,9000,10000,-1000,-1000
063116,大立光麥證9C購01,0,0,0,0,1000,-1000,0,0,0,-1000,0,0,0,0,1000,-1000,-1000
062847,臺股指富邦9B購01,0,0,0,0,0,0,0,0,0,-1000,0,0,0,0,1000,-1000,-1000
060322,卜蜂群益9A購01  ,0,0,0,0,0,0,0,0,0,-1000,0,0,0,0,1000,-1000,-1000
060303,宏達電富邦9B購01,0,0,0,0,0,0,0,0,0,-1000,0,0,0,0,1000,-1000,-1000
060449,元金2X元大9A購02,0,0,0,0,0,0,0,0,0,-1000,0,0,0,0,1000,-1000,-1000
060608,玉晶光凱基9A購08,0,0,0,0,0,0,0,0,0,-1000,0,0,0,0,1000,-1000,-1000
060618,玉晶光元大9A購02,0,0,0,0,0,0,0,0,0,-1000,0,0,0,0,1000,-1000,-1000
060686,康友元大9A購02  ,0,0,0,0,0,0,0,0,0,-1000,0,0,0,69000,70000,-1000,-1000
060680,玉晶光元大9C購03,0,0,0,0,0,0,0,0,0,-1000,0,0,0,2000,3000,-1000,-1000
060629,鴻海富邦9B購01  ,0,0,0,0,0,0,0,0,0,-1000,0,0,0,0,1000,-1000,-1000
060744,鴻海國票9A購04  ,0,0,0,0,0,0,0,0,0,-1000,0,0,0,0,1000,-1000,-1000
061201,FBVIX元大01購03 ,0,0,0,0,0,0,0,0,0,-1000,0,0,0,0,1000,-1000,-1000
060888,金像電統一9C購01,0,0,0,0,0,0,0,0,0,-1000,0,0,0,11000,12000,-1000,-1000
060907,金像電元大9A購02,0,0,0,0,0,0,0,0,0,-1000,0,0,0,0,1000,-1000,-1000
061678,玉晶光元大9B購04,0,0,0,0,0,0,0,0,0,-1000,0,0,0,0,1000,-1000,-1000
061396,台灣50台新9C購03,0,0,0,0,0,0,0,0,0,-1000,0,0,0,0,1000,-1000,-1000
061391,晶技群益9A購02  ,0,0,0,0,0,0,0,0,0,-1000,0,0,0,51000,52000,-1000,-1000
061499,嘉晶國票9A購03  ,0,0,0,0,0,0,0,0,0,-1000,0,0,0,1000,2000,-1000,-1000
061655,微星國票9A購01  ,0,0,0,0,0,0,0,0,0,-1000,0,0,0,0,1000,-1000,-1000
064344,緯創元大9C購01  ,0,0,0,0,0,0,0,0,0,-1000,0,0,0,19000,20000,-1000,-1000
064595,超眾統一02購01  ,0,0,0,0,0,0,0,0,0,-1000,0,0,0,0,1000,-1000,-1000
064315,創意群益9C購01  ,0,0,0,0,0,0,0,0,0,-1000,0,0,0,1000,2000,-1000,-1000
064283,奇鋐元大9C購02  ,0,0,0,0,0,0,0,0,0,-1000,0,0,0,0,1000,-1000,-1000
064564,義隆群益9C購02  ,0,0,0,0,0,0,0,0,0,-1000,0,0,0,0,1000,-1000,-1000
065622,鴻海中信06購01  ,0,0,0,0,0,0,0,0,0,-1000,0,0,0,0,1000,-1000,-1000
065625,聯發科兆豐9C購06,0,0,0,0,0,0,0,0,0,-1000,0,0,0,1000,2000,-1000,-1000
065506,道瓊指群益9C購03,0,0,0,0,0,0,0,0,0,-1000,0,0,0,0,1000,-1000,-1000
065487,臺股指元大9C購25,0,0,0,0,0,0,0,0,0,-1000,0,0,0,0,1000,-1000,-1000
065335,玉晶光台新9C購03,0,0,0,0,0,0,0,0,0,-1000,0,0,0,0,1000,-1000,-1000
064968,道瓊銀元大01購02,0,0,0,0,0,0,0,0,0,-1000,0,0,0,0,1000,-1000,-1000
065052,南六凱基02購02  ,0,0,0,0,0,0,0,0,0,-1000,0,0,0,0,1000,-1000,-1000
065120,臺股指富邦9C購03,0,0,0,0,0,0,0,0,0,-1000,0,0,0,0,1000,-1000,-1000
064178,台郡國泰01購01  ,0,0,0,0,0,0,0,0,0,-1000,0,0,0,0,1000,-1000,-1000
064790,金像電國票01購01,0,0,0,0,0,0,0,0,0,-1000,0,0,0,0,1000,-1000,-1000
064689,台積電群益9C購09,0,0,0,0,0,0,0,0,0,-1000,0,0,0,0,1000,-1000,-1000
064695,京鼎群益02購02  ,0,0,0,0,0,0,0,0,0,-1000,0,0,0,30000,31000,-1000,-1000
063868,嘉晶永豐9C購01  ,0,0,0,0,0,0,0,0,0,-1000,0,0,0,0,1000,-1000,-1000
06587P,國巨元大98售13  ,0,0,0,0,0,0,0,0,0,-1000,0,0,0,0,1000,-1000,-1000
065844,南亞科元大9C購09,0,0,0,0,0,0,0,0,0,-1000,0,0,0,115000,116000,-1000,-1000
065986,金像電永豐01購03,0,0,0,0,0,0,0,0,0,-1000,0,0,0,0,1000,-1000,-1000
06602P,國巨統一99售02  ,0,0,0,0,0,0,0,0,0,-1000,0,0,0,0,1000,-1000,-1000
066148,美利達群益01購02,0,0,0,0,0,0,0,0,0,-1000,0,0,0,18000,19000,-1000,-1000
066395,可成凱基01購03  ,0,0,0,0,0,0,0,0,0,-1000,0,0,0,0,1000,-1000,-1000
066333,晶華永豐01購01  ,0,0,0,0,0,0,0,0,0,-1000,0,0,0,0,1000,-1000,-1000
066497,大立光國泰03購02,0,0,0,0,0,0,0,0,0,-1000,0,0,0,4000,5000,-1000,-1000
066698,川湖群益01購01  ,0,0,0,0,0,0,0,0,0,-1000,0,0,0,0,1000,-1000,-1000
066732,可成元大01購06  ,0,0,0,0,0,0,0,0,0,-1000,0,0,0,1000,2000,-1000,-1000
066715,台灣50元大01購23,0,0,0,0,0,0,0,0,0,-1000,0,0,0,0,1000,-1000,-1000
06690P,玉晶光群益9A售05,0,0,0,0,0,0,0,0,0,-1000,0,0,0,49000,50000,-1000,-1000
2433,互盛電          ,9000,9000,0,0,0,0,0,0,0,-1000,0,1000,-1000,0,0,0,-1000
2630,亞航            ,2000,8000,-6000,0,0,0,0,0,0,5000,5000,0,5000,0,0,0,-1000
1707,葡萄王          ,6000,45000,-39000,0,0,0,0,1000,-1000,39000,39000,0,39000,0,0,0,-1000
1341,富林-KY         ,0,1000,-1000,0,0,0,0,0,0,0,0,0,0,0,0,0,-1000
1432,大魯閣          ,11000,12000,-1000,0,0,0,0,0,0,0,0,0,0,0,0,0,-1000
1235,興泰            ,0,1000,-1000,0,0,0,0,0,0,0,0,0,0,0,0,0,-1000
1465,偉全            ,3000,4000,-1000,0,0,0,0,0,0,0,0,0,0,0,0,0,-1000
1451,年興            ,16000,17000,-1000,0,0,0,0,0,0,0,0,0,0,0,0,0,-1000
1470,大統新創        ,2000,3000,-1000,0,0,0,0,0,0,0,0,0,0,0,0,0,-1000
1516,川飛            ,0,1000,-1000,0,0,0,0,0,0,0,0,0,0,0,0,0,-1000
08814P,世紀鋼群益01售04,0,0,0,0,0,0,0,0,0,-1000,0,0,0,0,1000,-1000,-1000
08869P,緯穎凱基01售02  ,0,0,0,0,0,0,0,0,0,-1000,0,0,0,0,1000,-1000,-1000
08925P,國巨元富07售10  ,0,0,0,0,0,0,0,0,0,-1000,0,0,0,1000,2000,-1000,-1000
08927P,技嘉元富07售04  ,0,0,0,0,0,0,0,0,0,-1000,0,0,0,0,1000,-1000,-1000
08956P,滬深2X凱基03售04,0,0,0,0,0,0,0,0,0,-1000,0,0,0,0,1000,-1000,-1000
6136,富爾特          ,4000,4000,0,0,0,0,0,0,0,-1000,0,1000,-1000,0,0,0,-1000
6666,羅麗芬-KY       ,0,1000,-1000,0,0,0,0,0,0,0,0,0,0,0,0,0,-1000
8488,吉源-KY         ,0,1000,-1000,0,0,0,0,0,0,0,0,0,0,0,0,0,-1000
8481,政伸            ,1000,2000,-1000,0,0,0,0,0,0,0,0,0,0,0,0,0,-1000
8442,威宏-KY         ,1000,2000,-1000,0,0,0,0,0,0,0,0,0,0,0,0,0,-1000
8201,無敵            ,2000,1000,1000,0,0,0,0,0,0,-2000,0,2000,-2000,0,0,0,-1000
4557,永新-KY         ,0,1000,-1000,0,0,0,0,0,0,0,0,0,0,0,0,0,-1000
4562,穎漢            ,0,1000,-1000,0,0,0,0,0,0,0,0,0,0,0,0,0,-1000
3501,維熹            ,62000,63000,-1000,0,0,0,0,0,0,0,0,0,0,0,0,0,-1000
067849,瀚宇博元富04購01,0,0,0,0,0,0,0,0,0,-2000,0,0,0,0,2000,-2000,-2000
067913,華城永豐01購03  ,0,0,0,0,0,0,0,0,0,-2000,0,0,0,239000,241000,-2000,-2000
068176,滬深2X群益01購10,0,0,0,0,0,0,0,0,0,-2000,0,0,0,0,2000,-2000,-2000
067952,台光電永豐01購01,0,0,0,0,0,0,0,0,0,-2000,0,0,0,81000,83000,-2000,-2000
067204,國巨元大02購02  ,0,0,0,0,0,0,0,0,0,-2000,0,0,0,0,2000,-2000,-2000
067263,台汽電國票01購01,0,0,0,0,0,0,0,0,0,-2000,0,0,0,0,2000,-2000,-2000
06733P,鴻海凱基99售02  ,0,0,0,0,0,0,0,0,0,-2000,0,0,0,0,2000,-2000,-2000
067370,南亞科統一03購03,0,0,0,0,0,0,0,0,0,-2000,0,0,0,0,2000,-2000,-2000
067423,南亞科凱基02購01,0,0,0,0,0,0,0,0,0,-2000,0,0,0,0,2000,-2000,-2000
08580P,臺股指元大9C售28,0,0,0,0,0,0,0,0,0,-2000,0,0,0,0,2000,-2000,-2000
08646P,臺股指中信03售02,0,0,0,0,0,0,0,0,0,-2000,0,0,0,0,2000,-2000,-2000
08003P,國巨國泰9B售07  ,0,0,0,0,0,0,0,0,0,-2000,0,0,0,3000,5000,-2000,-2000
068562,台積電元大03購02,0,0,0,0,0,0,0,0,0,-2000,0,0,0,51000,53000,-2000,-2000
068572,帆宣元大01購07  ,0,0,0,0,0,0,0,0,0,-2000,0,0,0,0,2000,-2000,-2000
07870P,鴻海群益9B售01  ,0,0,0,0,0,0,0,0,0,-2000,0,0,0,0,2000,-2000,-2000
07800P,華新科國泰9B售04,0,0,0,0,0,0,0,0,0,-2000,0,0,0,0,2000,-2000,-2000
07721P,台積電凱基9A售22,0,0,0,0,0,0,0,0,0,-2000,0,0,0,0,2000,-2000,-2000
07190P,臺股指富邦9C售02,0,0,0,0,0,0,0,0,0,-2000,0,0,0,0,2000,-2000,-2000
07534P,台灣50群益9A售12,0,0,0,0,0,0,0,0,0,-2000,0,0,0,0,2000,-2000,-2000
03042P,玉晶光國票04售01,0,0,0,0,0,0,0,0,0,-2000,0,0,0,0,2000,-2000,-2000
03012X,元展12          ,0,0,0,0,0,0,0,0,0,-2000,0,0,0,0,2000,-2000,-2000
03419B,臺股指元富99熊03,0,0,0,0,0,0,0,0,0,-2000,0,0,0,0,2000,-2000,-2000
03680C,臺股指凱基9A牛26,0,0,0,0,0,0,0,0,0,-2000,0,0,0,0,2000,-2000,-2000
059064,緯穎凱基99購02  ,0,0,0,0,0,0,0,0,0,-2000,0,0,0,0,2000,-2000,-2000
059068,台虹國票9A購01  ,0,0,0,0,0,0,0,0,0,-2000,0,0,0,0,2000,-2000,-2000
058063,旺宏中信98購04  ,0,0,0,0,0,0,0,0,0,-2000,0,0,0,0,2000,-2000,-2000
060089,台積電元大99購54,0,0,0,0,0,0,0,0,0,-2000,0,0,0,5000,7000,-2000,-2000
059081,和大元大99購01  ,0,0,0,0,0,0,0,0,0,-2000,0,0,0,0,2000,-2000,-2000
059959,訊芯康和99購01  ,0,0,0,0,0,0,0,0,0,-2000,0,0,0,0,2000,-2000,-2000
057085,立積統一9B購02  ,0,0,0,0,0,0,0,0,0,-2000,0,0,0,11000,13000,-2000,-2000
057162,上銀元大98購03  ,0,0,0,0,0,0,0,0,0,-2000,0,0,0,0,2000,-2000,-2000
055335,健策兆豐98購01  ,0,0,0,0,0,0,0,0,0,-2000,0,0,0,0,2000,-2000,-2000
054377,臺股指中信99購09,0,0,0,0,0,0,0,0,0,-2000,0,0,0,0,2000,-2000,-2000
056322,臺股指群益98購01,0,0,0,0,0,0,0,0,0,-2000,0,0,0,70000,72000,-2000,-2000
059830,台郡凱基99購05  ,0,0,0,0,0,0,0,0,0,-2000,0,0,0,10000,12000,-2000,-2000
059727,大立光元大9A購01,0,0,0,0,0,0,0,0,0,-2000,0,0,0,0,2000,-2000,-2000
058929,可成統一9C購01  ,0,0,0,0,0,0,0,0,0,-2000,0,0,0,50000,52000,-2000,-2000
059126,臺指反中信9B購01,0,0,0,0,0,0,0,0,0,-2000,0,0,0,0,2000,-2000,-2000
063416,台積電凱基9B購10,0,0,0,0,0,0,0,0,0,-2000,0,0,0,68000,70000,-2000,-2000
057858,T50正2康和98購01,0,0,0,0,0,0,0,0,0,-2000,0,0,0,0,2000,-2000,-2000
057744,健策永豐98購02  ,0,0,0,0,0,0,0,0,0,-2000,0,0,0,0,2000,-2000,-2000
058414,大立光兆豐99購02,0,0,0,0,0,0,0,0,0,-2000,0,0,0,0,2000,-2000,-2000
05750P,臺股指群益99售04,0,0,0,0,0,0,0,0,0,-2000,0,0,0,0,2000,-2000,-2000
064560,技嘉群益01購01  ,0,0,0,0,0,0,0,0,0,-2000,0,0,0,9000,11000,-2000,-2000
06452P,大立光元大98售08,0,0,0,0,0,0,0,0,0,-2000,0,0,0,0,2000,-2000,-2000
064296,奇鋐國票01購01  ,0,0,0,0,0,0,0,0,0,-2000,0,0,0,10000,12000,-2000,-2000
061753,南亞科台新9B購01,0,0,0,0,0,0,0,0,0,-2000,0,0,0,0,2000,-2000,-2000
064419,鴻海兆豐9C購01  ,0,0,0,0,0,0,0,0,0,-2000,0,0,0,120000,122000,-2000,-2000
064510,GIS元大01購01   ,0,0,0,0,0,0,0,0,0,-2000,0,0,0,4000,6000,-2000,-2000
060705,台光電富邦9B購01,0,0,0,0,0,0,0,0,0,-2000,0,0,0,0,2000,-2000,-2000
060368,緯穎元富9A購03  ,0,0,0,0,0,0,0,0,0,-2000,0,0,0,0,2000,-2000,-2000
062745,聯詠永豐9B購01  ,0,0,0,0,0,0,0,0,0,-2000,0,0,0,13000,15000,-2000,-2000
062548,智易永豐9B購01  ,0,0,0,0,0,0,0,0,0,-2000,0,0,0,0,2000,-2000,-2000
062414,臻鼎中信01購01  ,0,0,0,0,0,0,0,0,0,-2000,0,0,0,0,2000,-2000,-2000
061868,旺宏元大9B購03  ,0,0,0,0,0,0,0,0,0,-2000,0,0,0,100000,102000,-2000,-2000
061987,大立光元大9B購03,0,0,0,0,0,0,0,0,0,-2000,0,0,0,0,2000,-2000,-2000
063740,矽格元大9B購03  ,0,0,0,0,0,0,0,0,0,-2000,0,0,0,0,2000,-2000,-2000
066866,滬深2X元富01購03,0,0,0,0,0,0,0,0,0,-2000,0,0,0,3000,5000,-2000,-2000
066806,京鼎凱基02購01  ,0,0,0,0,0,0,0,0,0,-2000,0,0,0,0,2000,-2000,-2000
066496,大立光國泰03購01,0,0,0,0,0,0,0,0,0,-2000,0,0,0,0,2000,-2000,-2000
064897,宏達電群益9C購02,0,0,0,0,0,0,0,0,0,-2000,0,0,0,20000,22000,-2000,-2000
064169,南電統一9C購01  ,0,0,0,0,0,0,0,0,0,-2000,0,0,0,0,2000,-2000,-2000
065364,國巨元大9C購18  ,0,0,0,0,0,0,0,0,0,-2000,0,0,0,0,2000,-2000,-2000
065406,緯穎富邦9C購02  ,0,0,0,0,0,0,0,0,0,-2000,0,0,0,0,2000,-2000,-2000
065517,緯創群益9C購02  ,0,0,0,0,0,0,0,0,0,-2000,0,0,0,3000,5000,-2000,-2000
4439,冠星-KY         ,0,1000,-1000,0,0,0,0,0,0,-1000,0,1000,-1000,0,0,0,-2000
4763,材料-KY         ,24000,26000,-2000,0,0,0,0,0,0,0,0,0,0,0,0,0,-2000
3266,昇陽            ,22000,24000,-2000,0,0,0,0,0,0,0,0,0,0,0,0,0,-2000
2901,欣欣            ,0,2000,-2000,0,0,0,0,0,0,0,0,0,0,0,0,0,-2000
2722,夏都            ,17000,17000,0,0,0,0,0,0,0,-2000,0,2000,-2000,0,0,0,-2000
8443,阿瘦            ,0,2000,-2000,0,0,0,0,0,0,0,0,0,0,0,0,0,-2000
8478,東哥遊艇        ,0,2000,-2000,0,0,0,0,0,0,0,0,0,0,0,0,0,-2000
9912,偉聯            ,0,2000,-2000,0,0,0,0,0,0,0,0,0,0,0,0,0,-2000
9929,秋雨            ,0,2000,-2000,0,0,0,0,0,0,0,0,0,0,0,0,0,-2000
9931,欣高            ,0,2000,-2000,0,0,0,0,0,0,0,0,0,0,0,0,0,-2000
6172,互億            ,0,2000,-2000,0,0,0,0,0,0,0,0,0,0,0,0,0,-2000
5907,大洋-KY         ,11000,13000,-2000,0,0,0,0,0,0,0,0,0,0,0,0,0,-2000
6133,金橋            ,8000,8000,0,0,0,0,0,0,0,-2000,0,2000,-2000,0,0,0,-2000
5484,慧友            ,0,2000,-2000,0,0,0,0,0,0,0,0,0,0,0,0,0,-2000
1452,宏益            ,3000,5000,-2000,0,0,0,0,0,0,0,0,0,0,0,0,0,-2000
1340,勝悅-KY         ,18000,20000,-2000,0,0,0,0,0,0,0,0,0,0,0,0,0,-2000
2008,高興昌          ,0,2000,-2000,0,0,0,0,0,0,0,0,0,0,0,0,0,-2000
2243,宏旭-KY         ,2000,1000,1000,0,0,0,0,0,0,-3000,0,3000,-3000,0,0,0,-2000
2305,全友            ,22000,24000,-2000,0,0,0,0,0,0,0,0,0,0,0,0,0,-2000
2482,連宇            ,11000,6000,5000,0,0,0,0,0,0,-7000,0,7000,-7000,0,0,0,-2000
5531,鄉林            ,126100,129000,-2900,0,0,0,0,0,0,0,0,0,0,0,0,0,-2900
07235P,T50正2元大9C售02,0,0,0,0,0,0,0,0,0,-3000,0,0,0,10000,13000,-3000,-3000
07034P,大立光元富99售03,0,0,0,0,0,0,0,0,0,-3000,0,0,0,104000,107000,-3000,-3000
07797P,大立光國票9A售08,0,0,0,0,0,0,0,0,0,-3000,0,0,0,61000,64000,-3000,-3000
07976P,聯發科群益9C售02,0,0,0,0,0,0,0,0,0,-3000,0,0,0,55000,58000,-3000,-3000
068560,台積電元大01購51,0,0,0,0,0,0,0,0,0,-3000,0,0,0,2000,5000,-3000,-3000
068470,台積電群益01購20,0,0,0,0,0,0,0,0,0,-3000,0,0,0,101000,104000,-3000,-3000
07992P,玉晶光群益01售04,0,0,0,0,0,0,0,0,0,-3000,0,0,0,102000,105000,-3000,-3000
08015P,可成凱基9B售05  ,0,0,0,0,0,0,0,0,0,-3000,0,0,0,52000,55000,-3000,-3000
08094P,華新科元富9B售05,0,0,0,0,0,0,0,0,0,-3000,0,0,0,48000,51000,-3000,-3000
08335P,香港2X中信03售01,0,0,0,0,0,0,0,0,0,-3000,0,0,0,0,3000,-3000,-3000
08532P,國巨元富06售02  ,0,0,0,0,0,0,0,0,0,-3000,0,0,0,0,3000,-3000,-3000
067437,瑞祺凱基02購02  ,0,0,0,0,0,0,0,0,0,-3000,0,0,0,0,3000,-3000,-3000
067205,台積電元大01購22,0,0,0,0,0,0,0,0,0,-3000,0,0,0,1522000,1525000,-3000,-3000
068147,台積電元大02購06,0,0,0,0,0,0,0,0,0,-3000,0,0,0,13000,16000,-3000,-3000
067883,元金2X群益01購02,0,0,0,0,0,0,0,0,0,-3000,0,0,0,0,3000,-3000,-3000
067891,玉晶光群益02購05,0,0,0,0,0,0,0,0,0,-3000,0,0,0,47000,50000,-3000,-3000
067795,臺股指群益01購07,0,0,0,0,0,0,0,0,0,-3000,0,0,0,0,3000,-3000,-3000
058424,滬深2X元富99購04,0,0,0,0,0,0,0,0,0,-3000,0,0,0,88000,91000,-3000,-3000
058546,玉晶光富邦9B購01,0,0,0,0,0,0,0,0,0,-3000,0,0,0,0,3000,-3000,-3000
059882,臺股指凱基9C購06,0,0,0,0,0,0,0,0,0,-3000,0,0,0,5000,8000,-3000,-3000
063418,京元電凱基9B購03,0,0,0,0,0,0,0,0,0,-3000,0,0,0,61000,64000,-3000,-3000
063338,國巨統一9C購11  ,0,0,0,0,0,0,0,0,0,-3000,0,0,0,1000,4000,-3000,-3000
059159,上銀凱基99購05  ,0,0,0,0,0,0,0,0,0,-3000,0,0,0,33000,36000,-3000,-3000
059364,昇陽半永豐99購02,0,0,0,0,0,0,0,0,0,-3000,0,0,0,7000,10000,-3000,-3000
058622,國巨國票99購07  ,0,0,0,0,0,0,0,0,0,-3000,0,0,0,0,3000,-3000,-3000
056150,台光電凱基98購02,0,0,0,0,0,0,0,0,0,-3000,0,0,0,7000,10000,-3000,-3000
057050,群創元大99購03  ,0,0,0,0,0,0,0,0,0,-3000,0,0,0,0,3000,-3000,-3000
057440,台積電統一98購10,0,0,0,0,0,0,0,0,0,-3000,0,0,0,0,3000,-3000,-3000
053789,彩晶元大9C購02  ,0,0,0,0,0,0,0,0,0,-3000,0,0,0,0,3000,-3000,-3000
055521,S&P反1群益01購01,0,0,0,0,0,0,0,0,0,-3000,0,0,0,0,3000,-3000,-3000
055623,貿聯國泰99購01  ,0,0,0,0,0,0,0,0,0,-3000,0,0,0,42000,45000,-3000,-3000
057229,友達凱基9B購02  ,0,0,0,0,0,0,0,0,0,-3000,0,0,0,0,3000,-3000,-3000
058112,神達元富98購01  ,0,0,0,0,0,0,0,0,0,-3000,0,0,0,0,3000,-3000,-3000
059067,上銀國票9A購02  ,0,0,0,0,0,0,0,0,0,-3000,0,0,0,25000,28000,-3000,-3000
059044,聯電日盛99購02  ,0,0,0,0,0,0,0,0,0,-3000,0,0,0,0,3000,-3000,-3000
058184,鴻海永豐99購01  ,5000,0,5000,0,0,0,0,0,0,-8000,0,0,0,7000,15000,-8000,-3000
052130,國巨凱基9B購01  ,0,0,0,0,0,0,0,0,0,-3000,0,0,0,0,3000,-3000,-3000
03052X,元展49          ,0,0,0,0,0,0,0,0,0,-3000,0,0,0,0,3000,-3000,-3000
03140P,聯發科凱基01售22,0,0,0,0,0,0,0,0,0,-3000,0,0,0,0,3000,-3000,-3000
061820,康控群益9B購02  ,0,0,0,0,0,0,0,0,0,-3000,0,0,0,175000,178000,-3000,-3000
063620,奇力新兆豐9B購01,0,0,0,0,0,0,0,0,0,-3000,0,0,0,0,3000,-3000,-3000
062405,泰鼎永豐9B購02  ,0,0,0,0,0,0,0,0,0,-3000,0,0,0,0,3000,-3000,-3000
062632,嘉晶國票9B購01  ,0,0,0,0,0,0,0,0,0,-3000,0,0,0,0,3000,-3000,-3000
062767,GIS凱基9B購02   ,0,0,0,0,0,0,0,0,0,-3000,0,0,0,20000,23000,-3000,-3000
062804,玉晶光統一9C購04,0,0,0,0,0,0,0,0,0,-3000,0,0,0,0,3000,-3000,-3000
062828,聯詠群益9B購02  ,0,0,0,0,0,0,0,0,0,-3000,0,0,0,7000,10000,-3000,-3000
060355,元金2X元富9C購01,0,0,0,0,0,0,0,0,0,-3000,0,0,0,1000,4000,-3000,-3000
060475,瑞祺元大9A購01  ,0,0,0,0,0,0,0,0,0,-3000,0,0,0,21000,24000,-3000,-3000
060886,國巨統一01購03  ,0,0,0,0,0,0,0,0,0,-3000,0,0,0,0,3000,-3000,-3000
060836,上銀國票9A購03  ,0,0,0,0,0,0,0,0,0,-3000,0,0,0,0,3000,-3000,-3000
061759,上証反元大02購01,0,0,0,0,0,0,0,0,0,-3000,0,0,0,0,3000,-3000,-3000
061651,世紀鋼元大9C購02,0,0,0,0,0,0,0,0,0,-3000,0,0,0,34000,37000,-3000,-3000
064604,聯茂元富9C購01  ,0,0,0,0,0,0,0,0,0,-3000,0,0,0,20000,23000,-3000,-3000
064276,聯發科元大9C購07,0,0,0,0,0,0,0,0,0,-3000,0,0,0,0,3000,-3000,-3000
064341,聯詠元大9C購01  ,0,0,0,0,0,0,0,0,0,-3000,0,0,0,161000,164000,-3000,-3000
065500,健鼎富邦01購01  ,0,0,0,0,0,0,0,0,0,-3000,0,0,0,0,3000,-3000,-3000
065332,漢唐國票01購02  ,0,0,0,0,0,0,0,0,0,-3000,0,0,0,19000,22000,-3000,-3000
065191,南電統一01購03  ,0,0,0,0,0,0,0,0,0,-3000,0,0,0,0,3000,-3000,-3000
064154,大立光統一01購04,0,0,0,0,0,0,0,0,0,-3000,0,0,0,0,3000,-3000,-3000
063880,可成元富9C購01  ,0,0,0,0,0,0,0,0,0,-3000,0,0,0,0,3000,-3000,-3000
063917,南六凱基02購01  ,0,0,0,0,0,0,0,0,0,-3000,0,0,0,126000,129000,-3000,-3000
064701,巨大群益9C購02  ,0,0,0,0,0,0,0,0,0,-3000,0,0,0,2000,5000,-3000,-3000
064664,微星元大9C購04  ,0,0,0,0,0,0,0,0,0,-3000,0,0,0,0,3000,-3000,-3000
063841,國巨元大01購01  ,0,0,0,0,0,0,0,0,0,-3000,0,0,0,1000,4000,-3000,-3000
064744,創意國票01購02  ,0,0,0,0,0,0,0,0,0,-3000,0,0,0,0,3000,-3000,-3000
066352,晶碩永豐01購01  ,0,0,0,0,0,0,0,0,0,-3000,0,0,0,69000,72000,-3000,-3000
066391,國巨凱基01購04  ,0,0,0,0,0,0,0,0,0,-3000,0,0,0,1000,4000,-3000,-3000
066658,卜蜂凱基01購01  ,0,0,0,0,0,0,0,0,0,-3000,0,0,0,2000,5000,-3000,-3000
066966,國巨元富07購07  ,0,0,0,0,0,0,0,0,0,-3000,0,0,0,2000,5000,-3000,-3000
066025,宏達電群益01購01,0,0,0,0,0,0,0,0,0,-3000,0,0,0,2000,5000,-3000,-3000
066053,創意元大01購01  ,0,0,0,0,0,0,0,0,0,-3000,0,0,0,2000,5000,-3000,-3000
066073,奇鋐凱基01購01  ,0,0,0,0,0,0,0,0,0,-3000,0,0,0,17000,20000,-3000,-3000
066259,聯強元大01購01  ,0,0,0,0,0,0,0,0,0,-3000,0,0,0,37000,40000,-3000,-3000
6216,居易            ,1000,4000,-3000,0,0,0,0,0,0,0,0,0,0,0,0,0,-3000
6655,科定            ,1000,4000,-3000,0,0,0,0,0,0,0,0,0,0,0,0,0,-3000
6579,研揚            ,6000,5000,1000,0,0,0,0,0,0,-4000,0,4000,-4000,0,0,0,-3000
8480,泰昇-KY         ,0,3000,-3000,0,0,0,0,0,0,0,0,0,0,0,0,0,-3000
2904,匯僑            ,0,3000,-3000,0,0,0,0,0,0,0,0,0,0,0,0,0,-3000
3308,聯德            ,0,3000,-3000,0,0,0,0,0,0,0,0,0,0,0,0,0,-3000
3046,建碁            ,0,3000,-3000,0,0,0,0,0,0,0,0,0,0,0,0,0,-3000
2438,翔耀            ,5000,8000,-3000,0,0,0,0,0,0,0,0,0,0,0,0,0,-3000
2033,佳大            ,0,3000,-3000,0,0,0,0,0,0,0,0,0,0,0,0,0,-3000
2059,川湖            ,53000,55000,-2000,0,0,0,0,0,0,-1000,0,0,0,0,1000,-1000,-3000
1413,宏洲            ,1000,4000,-3000,0,0,0,0,0,0,0,0,0,0,0,0,0,-3000
1453,大將            ,1000,3000,-2000,0,0,0,0,0,0,-1000,0,1000,-1000,0,0,0,-3000
1521,大億            ,0,3000,-3000,0,0,0,0,0,0,0,0,0,0,0,0,0,-3000
1529,樂士            ,15000,18000,-3000,0,0,0,0,0,0,0,0,0,0,0,0,0,-3000
1535,中宇            ,1000,5000,-4000,0,0,0,0,0,0,1000,1000,0,1000,0,0,0,-3000
08829P,滬深2X群益01售07,0,0,0,0,0,0,0,0,0,-3000,0,0,0,1000,4000,-3000,-3000
0053,元大電子        ,0,50,-50,0,0,0,0,0,0,-3000,0,0,0,10000,13000,-3000,-3050
067678,大立光元大02購02,0,0,0,0,0,0,0,0,0,-4000,0,0,0,0,4000,-4000,-4000
067784,富邦金群益02購01,0,0,0,0,0,0,0,0,0,-4000,0,0,0,67000,71000,-4000,-4000
068168,臺股指元大01購18,0,0,0,0,0,0,0,0,0,-4000,0,0,0,0,4000,-4000,-4000
067226,台灣50群益01購09,0,0,0,0,0,0,0,0,0,-4000,0,0,0,0,4000,-4000,-4000
067227,T50反1群益01購06,0,0,0,0,0,0,0,0,0,-4000,0,0,0,0,4000,-4000,-4000
067151,聯發科統一02購06,0,0,0,0,0,0,0,0,0,-4000,0,0,0,1000,5000,-4000,-4000
06750P,聯發科元富02售03,0,0,0,0,0,0,0,0,0,-4000,0,0,0,0,4000,-4000,-4000
08612P,嘉晶凱基9C售03  ,0,0,0,0,0,0,0,0,0,-4000,0,0,0,0,4000,-4000,-4000
08773P,瑞昱凱基01售01  ,0,0,0,0,0,0,0,0,0,-4000,0,0,0,3000,7000,-4000,-4000
08418P,大立光元大01售04,0,0,0,0,0,0,0,0,0,-4000,0,0,0,0,4000,-4000,-4000
08345P,大立光元大9C售14,0,0,0,0,0,0,0,0,0,-4000,0,0,0,5000,9000,-4000,-4000
068550,玉晶光群益03購01,0,0,0,0,0,0,0,0,0,-4000,0,0,0,0,4000,-4000,-4000
068498,玉晶光元大01購16,0,0,0,0,0,0,0,0,0,-4000,0,0,0,6000,10000,-4000,-4000
068374,技嘉永豐01購01  ,0,0,0,0,0,0,0,0,0,-4000,0,0,0,22000,26000,-4000,-4000
068377,京元電永豐01購03,0,0,0,0,0,0,0,0,0,-4000,0,0,0,7000,11000,-4000,-4000
006203,元大MSCI台灣    ,0,0,0,0,0,0,0,0,0,-4000,0,0,0,98000,102000,-4000,-4000
03679C,臺股指元大04牛04,0,0,0,0,0,0,0,0,0,-4000,0,0,0,1000,5000,-4000,-4000
054565,玉晶光群益99購02,0,0,0,0,0,0,0,0,0,-4000,0,0,0,3000,7000,-4000,-4000
057423,台郡凱基98購06  ,0,0,0,0,0,0,0,0,0,-4000,0,0,0,0,4000,-4000,-4000
057917,台積電凱基98購17,0,0,0,0,0,0,0,0,0,-4000,0,0,0,2000,6000,-4000,-4000
058672,可成群益9B購02  ,0,0,0,0,0,0,0,0,0,-4000,0,0,0,0,4000,-4000,-4000
059716,鴻海元大99購35  ,0,0,0,0,0,0,0,0,0,-4000,0,0,0,0,4000,-4000,-4000
063335,道瓊銀統一9C購01,0,0,0,0,0,0,0,0,0,-4000,0,0,0,0,4000,-4000,-4000
063324,道瓊反國票9B購03,0,0,0,0,0,0,0,0,0,-4000,0,0,0,0,4000,-4000,-4000
063524,瑞昱凱基9B購05  ,0,0,0,0,0,0,0,0,0,-4000,0,0,0,0,4000,-4000,-4000
058498,世紀鋼群益99購01,0,0,0,0,0,0,0,0,0,-4000,0,0,0,154000,158000,-4000,-4000
064555,力山群益01購01  ,0,0,0,0,0,0,0,0,0,-4000,0,0,0,0,4000,-4000,-4000
061656,華新科國票9A購08,0,0,0,0,0,0,0,0,0,-4000,0,0,0,8000,12000,-4000,-4000
060978,國巨元大9A購13  ,0,0,0,0,0,0,0,0,0,-4000,0,0,0,0,4000,-4000,-4000
064495,南亞科元大9C購03,0,0,0,0,0,0,0,0,0,-4000,0,0,0,46000,50000,-4000,-4000
064448,裕隆統一02購01  ,0,0,0,0,0,0,0,0,0,-4000,0,0,0,303000,307000,-4000,-4000
060848,聯茂國票9A購02  ,0,0,0,0,0,0,0,0,0,-4000,0,0,0,7000,11000,-4000,-4000
061455,京元電凱基9B購01,0,0,0,0,0,0,0,0,0,-4000,0,0,0,0,4000,-4000,-4000
061228,聯茂中信9A購01  ,0,0,0,0,0,0,0,0,0,-4000,0,0,0,0,4000,-4000,-4000
061144,玉晶光中信9B購02,0,0,0,0,0,0,0,0,0,-4000,0,0,0,0,4000,-4000,-4000
060519,S&P500中信01購01,0,0,0,0,0,0,0,0,0,-4000,0,0,0,0,4000,-4000,-4000
060561,台積電富邦04購01,0,0,0,0,0,0,0,0,0,-4000,0,0,0,1000,5000,-4000,-4000
060336,南電康和9A購01  ,0,0,0,0,0,0,0,0,0,-4000,0,0,0,0,4000,-4000,-4000
060361,南亞科元富9A購03,0,0,0,0,0,0,0,0,0,-4000,0,0,0,4000,8000,-4000,-4000
060421,華擎永豐9A購01  ,0,0,0,0,0,0,0,0,0,-4000,0,0,0,26000,30000,-4000,-4000
063078,元金2X凱基02購03,0,0,0,0,0,0,0,0,0,-4000,0,0,0,1000,5000,-4000,-4000
06213P,大立光元大98售07,0,0,0,0,0,0,0,0,0,-4000,0,0,0,0,4000,-4000,-4000
062553,台積電凱基9B購07,0,0,0,0,0,0,0,0,0,-4000,0,0,0,85000,89000,-4000,-4000
062369,創意元大9B購01  ,0,0,0,0,0,0,0,0,0,-4000,0,0,0,2000,6000,-4000,-4000
062444,大立光元大9C購01,0,0,0,0,0,0,0,0,0,-4000,0,0,0,0,4000,-4000,-4000
061546,大立光群益9A購05,0,0,0,0,0,0,0,0,0,-4000,0,0,0,1000,5000,-4000,-4000
061955,FANG+統一9B購01 ,0,0,0,0,0,0,0,0,0,-4000,0,0,0,0,4000,-4000,-4000
061931,力山國票9B購02  ,0,0,0,0,0,0,0,0,0,-4000,0,0,0,22000,26000,-4000,-4000
063706,台虹群益9B購01  ,0,0,0,0,0,0,0,0,0,-4000,0,0,0,0,4000,-4000,-4000
063681,深中小永豐9B購01,0,0,0,0,0,0,0,0,0,-4000,0,0,0,0,4000,-4000,-4000
063181,聚陽凱基9B購01  ,0,0,0,0,0,0,0,0,0,-4000,0,0,0,23000,27000,-4000,-4000
066173,泰碩凱基02購01  ,0,0,0,0,0,0,0,0,0,-4000,0,0,0,1000,5000,-4000,-4000
066181,泰鼎凱基01購01  ,0,0,0,0,0,0,0,0,0,-4000,0,0,0,10000,14000,-4000,-4000
065797,臺指反群益9C購02,0,0,0,0,0,0,0,0,0,-4000,0,0,0,0,4000,-4000,-4000
065827,正崴凱基9C購01  ,0,0,0,0,0,0,0,0,0,-4000,0,0,0,0,4000,-4000,-4000
066904,台積電凱基02購10,0,0,0,0,0,0,0,0,0,-4000,0,0,0,0,4000,-4000,-4000
066449,瀚宇博群益01購01,0,0,0,0,0,0,0,0,0,-4000,0,0,0,1000,5000,-4000,-4000
066580,臺股指元大01購09,0,0,0,0,0,0,0,0,0,-4000,0,0,0,15000,19000,-4000,-4000
064195,晶豪科群益9C購01,0,0,0,0,0,0,0,0,0,-4000,0,0,0,7000,11000,-4000,-4000
064929,台表科統一02購03,0,0,0,0,0,0,0,0,0,-4000,0,0,0,0,4000,-4000,-4000
065218,世芯國泰02購02  ,0,0,0,0,0,0,0,0,0,-4000,0,0,0,1000,5000,-4000,-4000
065419,立積國票01購03  ,0,0,0,0,0,0,0,0,0,-4000,0,0,0,0,4000,-4000,-4000
065460,嘉聯益台新9C購01,0,0,0,0,0,0,0,0,0,-4000,0,0,0,65000,69000,-4000,-4000
1530,亞崴            ,0,4000,-4000,0,0,0,0,0,0,0,0,0,0,0,0,0,-4000
1338,廣華-KY         ,70000,74000,-4000,0,0,0,0,0,0,0,0,0,0,0,0,0,-4000
2017,官田鋼          ,69000,73000,-4000,0,0,0,0,0,0,0,0,0,0,0,0,0,-4000
1805,寶徠            ,0,4000,-4000,0,0,0,0,0,0,0,0,0,0,0,0,0,-4000
1735,日勝化          ,0,4000,-4000,0,0,0,0,0,0,0,0,0,0,0,0,0,-4000
2459,敦吉            ,8000,16000,-8000,0,0,0,0,0,0,4000,4000,0,4000,0,0,0,-4000
3021,鴻名            ,0,4000,-4000,0,0,0,0,0,0,0,0,0,0,0,0,0,-4000
2936,客思達-KY       ,6000,10000,-4000,0,0,0,0,0,0,0,0,0,0,0,0,0,-4000
2712,遠雄來          ,0,3000,-3000,0,0,0,0,0,0,-1000,0,1000,-1000,0,0,0,-4000
3528,安馳            ,0,4000,-4000,0,0,0,0,0,0,0,0,0,0,0,0,0,-4000
3383,新世紀          ,0,4000,-4000,0,0,0,0,0,0,0,0,0,0,0,0,0,-4000
8367,建新國際        ,1000,5000,-4000,0,0,0,0,0,0,0,0,0,0,0,0,0,-4000
8940,新天地          ,2000,6000,-4000,0,0,0,0,0,0,0,0,0,0,0,0,0,-4000
6464,台數科          ,1000,5000,-4000,0,0,0,0,0,0,0,0,0,0,0,0,0,-4000
6117,迎廣            ,0,4000,-4000,0,0,0,0,0,0,0,0,0,0,0,0,0,-4000
068381,玉晶光永豐03購01,0,0,0,0,0,0,0,0,0,-5000,0,0,0,0,5000,-5000,-5000
068425,道瓊銀凱基04購01,0,0,0,0,0,0,0,0,0,-5000,0,0,0,5000,10000,-5000,-5000
068446,滬深2X國票03購03,0,0,0,0,0,0,0,0,0,-5000,0,0,0,0,5000,-5000,-5000
068559,鴻海元大01購29  ,0,0,0,0,0,0,0,0,0,-5000,0,0,0,0,5000,-5000,-5000
068488,台積電元大01購47,0,0,0,0,0,0,0,0,0,-5000,0,0,0,0,5000,-5000,-5000
07928P,國巨統一9B售09  ,0,0,0,0,0,0,0,0,0,-5000,0,0,0,0,5000,-5000,-5000
07941P,國巨凱基9B售07  ,0,0,0,0,0,0,0,0,0,-5000,0,0,0,0,5000,-5000,-5000
07872P,聯發科群益9B售03,0,0,0,0,0,0,0,0,0,-5000,0,0,0,0,5000,-5000,-5000
07891P,臺股指國票9B售01,0,0,0,0,0,0,0,0,0,-5000,0,0,0,0,5000,-5000,-5000
07898P,國巨國泰9C售02  ,0,0,0,0,0,0,0,0,0,-5000,0,0,0,0,5000,-5000,-5000
07757P,國巨國票9B售04  ,0,0,0,0,0,0,0,0,0,-5000,0,0,0,20000,25000,-5000,-5000
07084P,S&P正2元富9B售02,0,0,0,0,0,0,0,0,0,-5000,0,0,0,0,5000,-5000,-5000
07081P,南電群益9A售01  ,0,0,0,0,0,0,0,0,0,-5000,0,0,0,25000,30000,-5000,-5000
07177P,臺股指凱基99售19,0,0,0,0,0,0,0,0,0,-5000,0,0,0,0,5000,-5000,-5000
07546P,玉晶光凱基9A售09,0,0,0,0,0,0,0,0,0,-5000,0,0,0,5000,10000,-5000,-5000
07479P,A50正2元富9A售03,0,0,0,0,0,0,0,0,0,-5000,0,0,0,0,5000,-5000,-5000
08339P,上銀統一9C售04  ,0,0,0,0,0,0,0,0,0,-5000,0,0,0,0,5000,-5000,-5000
08405P,聯發科元大9C售11,0,0,0,0,0,0,0,0,0,-5000,0,0,0,423000,428000,-5000,-5000
08235P,南電國泰9C售03  ,0,0,0,0,0,0,0,0,0,-5000,0,0,0,0,5000,-5000,-5000
08016P,臺股指凱基02售02,0,0,0,0,0,0,0,0,0,-5000,0,0,0,0,5000,-5000,-5000
08176P,國巨元大9B售20  ,0,0,0,0,0,0,0,0,0,-5000,0,0,0,0,5000,-5000,-5000
08204P,台灣50中信01售04,0,0,0,0,0,0,0,0,0,-5000,0,0,0,0,5000,-5000,-5000
08659P,聯發科統一9C售20,0,0,0,0,0,0,0,0,0,-5000,0,0,0,0,5000,-5000,-5000
08683P,大立光凱基02售03,0,0,0,0,0,0,0,0,0,-5000,0,0,0,5000,10000,-5000,-5000
08665P,鴻海國票02售01  ,0,0,0,0,0,0,0,0,0,-5000,0,0,0,0,5000,-5000,-5000
08613P,同欣電凱基9C售04,0,0,0,0,0,0,0,0,0,-5000,0,0,0,2000,7000,-5000,-5000
067579,道瓊銀群益01購03,0,0,0,0,0,0,0,0,0,-5000,0,0,0,0,5000,-5000,-5000
067603,冠德凱基02購01  ,0,0,0,0,0,0,0,0,0,-5000,0,0,0,140000,145000,-5000,-5000
067289,燿華兆豐03購01  ,0,0,0,0,0,0,0,0,0,-5000,0,0,0,80000,85000,-5000,-5000
067038,滬深2X凱基04購02,0,0,0,0,0,0,0,0,0,-5000,0,0,0,100000,105000,-5000,-5000
068155,國揚元大01購03  ,0,0,0,0,0,0,0,0,0,-5000,0,0,0,747000,752000,-5000,-5000
068221,聯發科統一05購01,0,0,0,0,0,0,0,0,0,-5000,0,0,0,15000,20000,-5000,-5000
068188,T50反1凱基04購02,0,0,0,0,0,0,0,0,0,-5000,0,0,0,0,5000,-5000,-5000
067980,上証2X元大03購02,0,0,0,0,0,0,0,0,0,-5000,0,0,0,0,5000,-5000,-5000
067983,SP黃豆元大01購03,0,0,0,0,0,0,0,0,0,-5000,0,0,0,0,5000,-5000,-5000
067779,滬深2X群益01購08,0,0,0,0,0,0,0,0,0,-5000,0,0,0,0,5000,-5000,-5000
067700,緯創國票02購01  ,0,0,0,0,0,0,0,0,0,-5000,0,0,0,0,5000,-5000,-5000
067823,台表科凱基01購02,0,0,0,0,0,0,0,0,0,-5000,0,0,0,0,5000,-5000,-5000
067904,SP黃豆國泰03購01,0,0,0,0,0,0,0,0,0,-5000,0,0,0,0,5000,-5000,-5000
059872,華新科凱基01購01,0,0,0,0,0,0,0,0,0,-5000,0,0,0,0,5000,-5000,-5000
057778,大立光群益98購02,0,0,0,0,0,0,0,0,0,-5000,0,0,0,0,5000,-5000,-5000
063476,台表科元大9C購03,0,0,0,0,0,0,0,0,0,-5000,0,0,0,69000,74000,-5000,-5000
063303,聯發科凱基9B購14,0,0,0,0,0,0,0,0,0,-5000,0,0,0,4000,9000,-5000,-5000
057901,大立光永豐98購04,0,0,0,0,0,0,0,0,0,-5000,0,0,0,0,5000,-5000,-5000
057867,大立光凱基98購17,0,0,0,0,0,0,0,0,0,-5000,0,0,0,0,5000,-5000,-5000
059695,聯鈞永豐99購02  ,0,0,0,0,0,0,0,0,0,-5000,0,0,0,16000,21000,-5000,-5000
059722,南亞科元大99購02,0,0,0,0,0,0,0,0,0,-5000,0,0,0,0,5000,-5000,-5000
059500,鴻海元富99購11  ,0,0,0,0,0,0,0,0,0,-5000,0,0,0,0,5000,-5000,-5000
059323,新日興元大99購02,0,0,0,0,0,0,0,0,0,-5000,0,0,0,0,5000,-5000,-5000
059324,智易元大99購04  ,0,0,0,0,0,0,0,0,0,-5000,0,0,0,0,5000,-5000,-5000
059297,大立光元富9C購01,0,0,0,0,0,0,0,0,0,-5000,0,0,0,176000,181000,-5000,-5000
059274,國巨元大99購22  ,0,0,0,0,0,0,0,0,0,-5000,0,0,0,0,5000,-5000,-5000
059166,友達凱基99購05  ,0,0,0,0,0,0,0,0,0,-5000,0,0,0,0,5000,-5000,-5000
058944,元石油群益9C購02,0,0,0,0,0,0,0,0,0,-5000,0,0,0,5000,10000,-5000,-5000
058732,矽格永豐99購01  ,0,0,0,0,0,0,0,0,0,-5000,0,0,0,17000,22000,-5000,-5000
058015,旺宏凱基99購02  ,0,0,0,0,0,0,0,0,0,-5000,0,0,0,0,5000,-5000,-5000
058683,可成凱基9A購01  ,0,0,0,0,0,0,0,0,0,-5000,0,0,0,0,5000,-5000,-5000
058798,大立光元大99購11,0,0,0,0,0,0,0,0,0,-5000,0,0,0,0,5000,-5000,-5000
057924,健策凱基98購02  ,0,0,0,0,0,0,0,0,0,-5000,0,0,0,20000,25000,-5000,-5000
058628,宏達電國票9A購01,0,0,0,0,0,0,0,0,0,-5000,0,0,0,0,5000,-5000,-5000
058588,致茂中信9B購01  ,0,0,0,0,0,0,0,0,0,-5000,0,0,0,45000,50000,-5000,-5000
057024,義隆凱基99購01  ,0,0,0,0,0,0,0,0,0,-5000,0,0,0,0,5000,-5000,-5000
056970,TPK永豐98購01   ,0,0,0,0,0,0,0,0,0,-5000,0,0,0,0,5000,-5000,-5000
055689,台郡凱基99購01  ,0,0,0,0,0,0,0,0,0,-5000,0,0,0,10000,15000,-5000,-5000
055382,台郡元大99購01  ,0,0,0,0,0,0,0,0,0,-5000,0,0,0,0,5000,-5000,-5000
054515,華通元大98購02  ,0,0,0,0,0,0,0,0,0,-5000,0,0,0,0,5000,-5000,-5000
054422,T50反1富邦9A購01,0,0,0,0,0,0,0,0,0,-5000,0,0,0,0,5000,-5000,-5000
059037,宏達電群益99購02,0,0,0,0,0,0,0,0,0,-5000,0,0,0,31000,36000,-5000,-5000
059082,華通元大99購06  ,0,0,0,0,0,0,0,0,0,-5000,0,0,0,14000,19000,-5000,-5000
057105,致茂群益9A購01  ,0,0,0,0,0,0,0,0,0,-5000,0,0,0,10000,15000,-5000,-5000
058032,大立光永豐98購05,0,0,0,0,0,0,0,0,0,-5000,0,0,0,0,5000,-5000,-5000
03678C,臺股指凱基01牛02,0,0,0,0,0,0,0,0,0,-5000,0,0,0,0,5000,-5000,-5000
048414,滬深2X統一98購01,0,0,0,0,0,0,0,0,0,-5000,0,0,0,5000,10000,-5000,-5000
050754,元金2X元富9B購01,0,0,0,0,0,0,0,0,0,-5000,0,0,0,5000,10000,-5000,-5000
00739,元大MSCI A股    ,0,10000,-10000,0,0,0,0,0,0,5000,0,0,0,243000,238000,5000,-5000
03015P,玉晶光永豐01售06,0,0,0,0,0,0,0,0,0,-5000,0,0,0,5000,10000,-5000,-5000
03011P,臺股指富邦01售01,0,0,0,0,0,0,0,0,0,-5000,0,0,0,10000,15000,-5000,-5000
03007P,玉晶光永豐01售01,0,0,0,0,0,0,0,0,0,-5000,0,0,0,0,5000,-5000,-5000
03105P,大立光元富04售02,0,0,0,0,0,0,0,0,0,-5000,0,0,0,3000,8000,-5000,-5000
062715,T50反1凱基03購01,0,0,0,0,0,0,0,0,0,-5000,0,0,0,0,5000,-5000,-5000
063546,國巨兆豐9C購03  ,0,0,0,0,0,0,0,0,0,-5000,0,0,0,0,5000,-5000,-5000
063667,全新統一01購02  ,0,0,0,0,0,0,0,0,0,-5000,0,0,0,26000,31000,-5000,-5000
061957,上銀統一01購01  ,0,0,0,0,0,0,0,0,0,-5000,0,0,0,230000,235000,-5000,-5000
062268,力山群益9B購01  ,0,0,0,0,0,0,0,0,0,-5000,0,0,0,95000,100000,-5000,-5000
062386,京鼎國泰9C購01  ,0,0,0,0,0,0,0,0,0,-5000,0,0,0,10000,15000,-5000,-5000
062155,國巨凱基9C購03  ,0,0,0,0,0,0,0,0,0,-5000,0,0,0,0,5000,-5000,-5000
062605,上銀凱基9B購03  ,0,0,0,0,0,0,0,0,0,-5000,0,0,0,175000,180000,-5000,-5000
063104,大立光群益9C購02,0,0,0,0,0,0,0,0,0,-5000,0,0,0,0,5000,-5000,-5000
063021,大立光元大9C購05,0,0,0,0,0,0,0,0,0,-5000,0,0,0,25000,30000,-5000,-5000
063071,華新科富邦02購01,0,0,0,0,0,0,0,0,0,-5000,0,0,0,0,5000,-5000,-5000
062961,S&P反1元富9B購01,0,0,0,0,0,0,0,0,0,-5000,0,0,0,0,5000,-5000,-5000
062797,瑞昱統一9B購01  ,0,0,0,0,0,0,0,0,0,-5000,0,0,0,0,5000,-5000,-5000
062732,南六凱基9B購03  ,0,0,0,0,0,0,0,0,0,-5000,0,0,0,15000,20000,-5000,-5000
062197,聯發科中信01購03,0,0,0,0,0,0,0,0,0,-5000,0,0,0,0,5000,-5000,-5000
062930,旺宏統一9C購02  ,0,0,0,0,0,0,0,0,0,-5000,0,0,0,0,5000,-5000,-5000
060328,可成群益9A購06  ,0,0,0,0,0,0,0,0,0,-5000,0,0,0,0,5000,-5000,-5000
060455,葡萄王元大9A購02,0,0,0,0,0,0,0,0,0,-5000,0,0,0,0,5000,-5000,-5000
061092,可成統一9C購02  ,0,0,0,0,0,0,0,0,0,-5000,0,0,0,0,5000,-5000,-5000
061231,聚陽元大9A購02  ,0,0,0,0,0,0,0,0,0,-5000,0,0,0,15000,20000,-5000,-5000
061212,聯鈞元大9A購04  ,0,0,0,0,0,0,0,0,0,-5000,0,0,0,33000,38000,-5000,-5000
061453,台達電凱基9B購01,0,0,0,0,0,0,0,0,0,-5000,0,0,0,5000,10000,-5000,-5000
061501,嘉澤國票9A購01  ,0,0,0,0,0,0,0,0,0,-5000,0,0,0,10000,15000,-5000,-5000
061669,崇越中信9A購01  ,0,0,0,0,0,0,0,0,0,-5000,0,0,0,10000,15000,-5000,-5000
060924,大毅永豐9A購03  ,0,0,0,0,0,0,0,0,0,-5000,0,0,0,0,5000,-5000,-5000
064561,友達群益9C購02  ,0,0,0,0,0,0,0,0,0,-5000,0,0,0,0,5000,-5000,-5000
064539,玉晶光麥證01購01,0,0,0,0,5000,-5000,0,0,0,-5000,0,0,0,0,5000,-5000,-5000
064332,聯發科元大01購01,0,0,0,0,0,0,0,0,0,-5000,0,0,0,0,5000,-5000,-5000
064363,聯發科統一9C購14,0,0,0,0,0,0,0,0,0,-5000,0,0,0,0,5000,-5000,-5000
065401,立積群益9C購01  ,0,0,0,0,0,0,0,0,0,-5000,0,0,0,0,5000,-5000,-5000
065375,神基元大03購01  ,0,0,0,0,0,0,0,0,0,-5000,0,0,0,0,5000,-5000,-5000
065390,達新群益9C購02  ,0,0,0,0,0,0,0,0,0,-5000,0,0,0,0,5000,-5000,-5000
065573,新日興群益01購02,0,0,0,0,0,0,0,0,0,-5000,0,0,0,5000,10000,-5000,-5000
065213,南六國票01購03  ,0,0,0,0,0,0,0,0,0,-5000,0,0,0,20000,25000,-5000,-5000
065161,矽格群益9C購01  ,0,0,0,0,0,0,0,0,0,-5000,0,0,0,0,5000,-5000,-5000
06527P,T50正2富邦9C售01,0,0,0,0,0,0,0,0,0,-5000,0,0,0,0,5000,-5000,-5000
064966,FBVIX元大9C購03 ,0,0,0,0,0,0,0,0,0,-5000,0,0,0,15000,20000,-5000,-5000
065106,S&P反1國票9C購02,0,0,0,0,0,0,0,0,0,-5000,0,0,0,0,5000,-5000,-5000
064927,瀚宇博統一02購01,0,0,0,0,0,0,0,0,0,-5000,0,0,0,35000,40000,-5000,-5000
064850,智原元富9C購01  ,0,0,0,0,0,0,0,0,0,-5000,0,0,0,0,5000,-5000,-5000
064141,國巨統一01購08  ,0,0,0,0,0,0,0,0,0,-5000,0,0,0,0,5000,-5000,-5000
064225,健策國票01購02  ,0,0,0,0,0,0,0,0,0,-5000,0,0,0,14000,19000,-5000,-5000
064764,聯茂凱基01購01  ,0,0,0,0,0,0,0,0,0,-5000,0,0,0,16000,21000,-5000,-5000
064721,國泰金統一02購01,0,0,0,0,0,0,0,0,0,-5000,0,0,0,0,5000,-5000,-5000
063825,道瓊銀國票01購01,0,0,0,0,0,0,0,0,0,-5000,0,0,0,5000,10000,-5000,-5000
064665,南亞科元大9C購06,0,0,0,0,0,0,0,0,0,-5000,0,0,0,45000,50000,-5000,-5000
063903,國巨麥證01購01  ,0,0,0,0,5000,-5000,0,0,0,-5000,0,0,0,0,5000,-5000,-5000
063934,寶成統一02購01  ,0,0,0,0,0,0,0,0,0,-5000,0,0,0,0,5000,-5000,-5000
063951,新日興元大9C購01,0,0,0,0,0,0,0,0,0,-5000,0,0,0,5000,10000,-5000,-5000
064103,大立光群益9C購03,0,0,0,0,0,0,0,0,0,-5000,0,0,0,0,5000,-5000,-5000
066603,台達電富邦05購01,0,0,0,0,0,0,0,0,0,-5000,0,0,0,54000,59000,-5000,-5000
066641,台郡凱基03購01  ,0,0,0,0,0,0,0,0,0,-5000,0,0,0,20000,25000,-5000,-5000
066967,台積電元富07購03,0,0,0,0,0,0,0,0,0,-5000,0,0,0,0,5000,-5000,-5000
066831,亞光群益01購01  ,0,0,0,0,0,0,0,0,0,-5000,0,0,0,10000,15000,-5000,-5000
065776,鴻海國泰03購01  ,0,0,0,0,0,0,0,0,0,-5000,0,0,0,7000,12000,-5000,-5000
065903,聯發科富邦02購02,0,0,0,0,0,0,0,0,0,-5000,0,0,0,0,5000,-5000,-5000
6281,全國電          ,0,5000,-5000,0,0,0,0,0,0,0,0,0,0,0,0,0,-5000
6674,鋐寶科技        ,0,2000,-2000,0,0,0,0,0,0,-3000,0,3000,-3000,0,0,0,-5000
8422,可寧衛          ,18000,23000,-5000,0,0,0,0,0,0,0,0,0,0,0,0,0,-5000
4764,雙鍵            ,0,5000,-5000,0,0,0,0,0,0,0,0,0,0,0,0,0,-5000
2939,凱羿-KY         ,83000,88000,-5000,0,0,0,0,0,0,0,0,0,0,0,0,0,-5000
3031,佰鴻            ,16000,21000,-5000,0,0,0,0,0,0,0,0,0,0,0,0,0,-5000
3054,立萬利          ,1000,6000,-5000,0,0,0,0,0,0,0,0,0,0,0,0,0,-5000
3167,大量            ,5000,10000,-5000,0,0,0,0,0,0,0,0,0,0,0,0,0,-5000
2491,吉祥全          ,5000,9000,-4000,0,0,0,0,0,0,-1000,0,1000,-1000,0,0,0,-5000
1732,毛寶            ,142000,146000,-4000,0,0,0,0,0,0,-1000,0,1000,-1000,0,0,0,-5000
1727,中華化          ,1000,6000,-5000,0,0,0,0,0,0,0,0,0,0,0,0,0,-5000
1725,元禎            ,0,5000,-5000,0,0,0,0,0,0,0,0,0,0,0,0,0,-5000
2032,新鋼            ,3000,8000,-5000,0,0,0,0,0,0,0,0,0,0,0,0,0,-5000
2348,海悅            ,178000,158000,20000,0,0,0,0,0,0,-25000,0,25000,-25000,0,0,0,-5000
1236,宏亞            ,0,5000,-5000,0,0,0,0,0,0,0,0,0,0,0,0,0,-5000
1233,天仁            ,0,5000,-5000,0,0,0,0,0,0,0,0,0,0,0,0,0,-5000
1558,伸興            ,6000,11000,-5000,0,0,0,0,0,0,0,0,0,0,0,0,0,-5000
1568,倉佑            ,0,5000,-5000,0,0,0,0,0,0,0,0,0,0,0,0,0,-5000
1583,程泰            ,0,5000,-5000,0,0,0,0,0,0,0,0,0,0,0,0,0,-5000
08844P,滬深2X元大03售03,0,0,0,0,0,0,0,0,0,-5000,0,0,0,5000,10000,-5000,-5000
08950P,臺股指國票01售07,0,0,0,0,0,0,0,0,0,-5000,0,0,0,0,5000,-5000,-5000
067971,玉晶光群益02購21,0,0,0,0,0,0,0,0,0,-6000,0,0,0,24000,30000,-6000,-6000
068063,大立光兆豐01購02,0,0,0,0,0,0,0,0,0,-6000,0,0,0,0,6000,-6000,-6000
068204,玉晶光凱基03購05,0,0,0,0,0,0,0,0,0,-6000,0,0,0,5000,11000,-6000,-6000
068225,華通元富07購02  ,0,0,0,0,0,0,0,0,0,-6000,0,0,0,66000,72000,-6000,-6000
067471,台積電元大01購26,0,0,0,0,0,0,0,0,0,-6000,0,0,0,15000,21000,-6000,-6000
08693P,宏達電群益01售02,0,0,0,0,0,0,0,0,0,-6000,0,0,0,0,6000,-6000,-6000
08697P,臺股指麥證01售03,0,0,0,70000,76000,-6000,0,0,0,-6000,0,0,0,70000,76000,-6000,-6000
08785P,滬深2X元富01售04,0,0,0,0,0,0,0,0,0,-6000,0,0,0,9000,15000,-6000,-6000
08312P,旺宏國票01售01  ,0,0,0,0,0,0,0,0,0,-6000,0,0,0,1000,7000,-6000,-6000
07557P,玉晶光元大9A售09,0,0,0,0,0,0,0,0,0,-6000,0,0,0,0,6000,-6000,-6000
07808P,超眾永豐9A售04  ,0,0,0,0,0,0,0,0,0,-6000,0,0,0,0,6000,-6000,-6000
07814P,華通群益9A售06  ,0,0,0,0,0,0,0,0,0,-6000,0,0,0,0,6000,-6000,-6000
07980P,臺股指凱基02售01,0,0,0,0,0,0,0,0,0,-6000,0,0,0,0,6000,-6000,-6000
068607,聯詠凱基01購02  ,0,0,0,0,0,0,0,0,0,-6000,0,0,0,0,6000,-6000,-6000
06886P,旺宏元大99售07  ,0,0,0,0,0,0,0,0,0,-6000,0,0,0,0,6000,-6000,-6000
03025P,國巨元大01售12  ,0,0,0,0,0,0,0,0,0,-6000,0,0,0,0,6000,-6000,-6000
054821,貿聯元大9A購01  ,0,0,0,0,0,0,0,0,0,-6000,0,0,0,0,6000,-6000,-6000
056738,國巨凱基9A購02  ,0,0,0,0,0,0,0,0,0,-6000,0,0,0,0,6000,-6000,-6000
059921,大立光元大99購24,0,0,0,0,0,0,0,0,0,-6000,0,0,0,31000,37000,-6000,-6000
057304,為升兆豐99購02  ,0,0,0,0,0,0,0,0,0,-6000,0,0,0,0,6000,-6000,-6000
059075,FBVIX元大99購01 ,0,0,0,0,0,0,0,0,0,-6000,0,0,0,0,6000,-6000,-6000
059073,元油2X元大9C購14,0,0,0,0,0,0,0,0,0,-6000,0,0,0,0,6000,-6000,-6000
058116,正崴中信99購02  ,0,0,0,0,0,0,0,0,0,-6000,0,0,0,11000,17000,-6000,-6000
056980,建準群益98購02  ,0,0,0,0,0,0,0,0,0,-6000,0,0,0,0,6000,-6000,-6000
059349,台郡凱基99購04  ,0,0,0,0,0,0,0,0,0,-6000,0,0,0,14000,20000,-6000,-6000
059787,奇力新元大9A購02,0,0,0,0,0,0,0,0,0,-6000,0,0,0,5000,11000,-6000,-6000
063284,大立光元大9B購07,0,0,0,0,0,0,0,0,0,-6000,0,0,0,7000,13000,-6000,-6000
063496,儒鴻永豐9B購01  ,0,0,0,0,0,0,0,0,0,-6000,0,0,0,164000,170000,-6000,-6000
057702,同欣電群益99購01,0,0,0,0,0,0,0,0,0,-6000,0,0,0,0,6000,-6000,-6000
058327,大毅統一9B購01  ,0,0,0,0,0,0,0,0,0,-6000,0,0,0,4000,10000,-6000,-6000
058389,聯茂國票9A購01  ,0,0,0,0,0,0,0,0,0,-6000,0,0,0,18000,24000,-6000,-6000
064262,玉晶光永豐9C購03,0,0,0,0,0,0,0,0,0,-6000,0,0,0,5000,11000,-6000,-6000
064284,京鼎元大9C購01  ,0,0,0,0,0,0,0,0,0,-6000,0,0,0,17000,23000,-6000,-6000
061388,台積電群益9A購05,0,0,0,0,0,0,0,0,0,-6000,0,0,0,218000,224000,-6000,-6000
060840,可成國票9B購01  ,0,0,0,0,0,0,0,0,0,-6000,0,0,0,0,6000,-6000,-6000
061249,億豐群益9A購01  ,0,0,0,0,0,0,0,0,0,-6000,0,0,0,0,6000,-6000,-6000
060782,道瓊指富邦9C購01,0,0,0,0,0,0,0,0,0,-6000,0,0,0,5000,11000,-6000,-6000
060597,華通凱基9A購04  ,0,0,0,0,0,0,0,0,0,-6000,0,0,0,10000,16000,-6000,-6000
060410,台苯永豐9A購01  ,0,0,0,0,0,0,0,0,0,-6000,0,0,0,2000,8000,-6000,-6000
063001,巨大國票9B購01  ,0,0,0,0,0,0,0,0,0,-6000,0,0,0,0,6000,-6000,-6000
063034,致茂凱基9B購01  ,0,0,0,0,0,0,0,0,0,-6000,0,0,0,12000,18000,-6000,-6000
063031,鴻海凱基9C購01  ,0,0,0,0,0,0,0,0,0,-6000,0,0,0,0,6000,-6000,-6000
062628,廣達國票9B購01  ,0,0,0,0,0,0,0,0,0,-6000,0,0,0,24000,30000,-6000,-6000
062144,華通國票9B購01  ,0,0,0,0,0,0,0,0,0,-6000,0,0,0,0,6000,-6000,-6000
062568,緯穎中信9C購01  ,0,0,0,0,0,0,0,0,0,-6000,0,0,0,0,6000,-6000,-6000
061592,義隆永豐9A購03  ,0,0,0,0,0,0,0,0,0,-6000,0,0,0,2000,8000,-6000,-6000
063717,宏達電兆豐9B購02,0,0,0,0,0,0,0,0,0,-6000,0,0,0,2000,8000,-6000,-6000
062694,遠東新元大9B購01,0,0,0,0,0,0,0,0,0,-6000,0,0,0,0,6000,-6000,-6000
063228,聯茂群益9B購01  ,0,0,0,0,0,0,0,0,0,-6000,0,0,0,0,6000,-6000,-6000
066081,文曄國泰03購01  ,0,0,0,0,0,0,0,0,0,-6000,0,0,0,0,6000,-6000,-6000
066657,滬深2X凱基04購01,0,0,0,0,0,0,0,0,0,-6000,0,0,0,10000,16000,-6000,-6000
066699,台積電群益01購08,0,0,0,0,0,0,0,0,0,-6000,0,0,0,10000,16000,-6000,-6000
064077,台積電中信06購03,0,0,0,0,0,0,0,0,0,-6000,0,0,0,1000,7000,-6000,-6000
063920,大立光元富03購02,0,0,0,0,0,0,0,0,0,-6000,0,0,0,5000,11000,-6000,-6000
064662,鴻海元大9C購10  ,0,0,0,0,0,0,0,0,0,-6000,0,0,0,0,6000,-6000,-6000
064630,巨大元大9C購01  ,0,0,0,0,0,0,0,0,0,-6000,0,0,0,20000,26000,-6000,-6000
065587,亞德客永豐9C購02,0,0,0,0,0,0,0,0,0,-6000,0,0,0,85000,91000,-6000,-6000
065407,世紀鋼富邦01購01,0,0,0,0,0,0,0,0,0,-6000,0,0,0,310000,316000,-6000,-6000
065430,可成凱基02購03  ,0,0,0,0,0,0,0,0,0,-6000,0,0,0,0,6000,-6000,-6000
08939P,緯穎元大01售06  ,0,0,0,0,0,0,0,0,0,-6000,0,0,0,0,6000,-6000,-6000
08963P,牧德凱基01售02  ,0,0,0,0,0,0,0,0,0,-6000,0,0,0,10000,16000,-6000,-6000
08991P,玉晶光元大01售06,0,0,0,0,0,0,0,0,0,-6000,0,0,0,0,6000,-6000,-6000
1539,巨庭            ,1000,7000,-6000,0,0,0,0,0,0,0,0,0,0,0,0,0,-6000
1468,昶和            ,0,6000,-6000,0,0,0,0,0,0,0,0,0,0,0,0,0,-6000
1325,恆大            ,149000,159000,-10000,0,0,0,0,0,0,4000,10000,6000,4000,0,0,0,-6000
1436,華友聯          ,0,6000,-6000,0,0,0,0,0,0,0,0,0,0,0,0,0,-6000
1438,裕豐            ,0,6000,-6000,0,0,0,0,0,0,0,0,0,0,0,0,0,-6000
2069,運錩            ,1000,7000,-6000,0,0,0,0,0,0,0,0,0,0,0,0,0,-6000
1724,台硝            ,2000,8000,-6000,0,0,0,0,0,0,0,0,0,0,0,0,0,-6000
2527,宏璟            ,25000,31000,-6000,0,0,0,0,0,0,0,0,0,0,0,0,0,-6000
2483,百容            ,0,2000,-2000,0,0,0,0,0,0,-4000,0,4000,-4000,0,0,0,-6000
2431,聯昌            ,33000,37000,-4000,0,0,0,0,0,0,-2000,0,2000,-2000,0,0,0,-6000
3296,勝德            ,0,5000,-5000,0,0,0,0,0,0,-1000,0,1000,-1000,0,0,0,-6000
3011,今皓            ,0,6000,-6000,0,0,0,0,0,0,0,0,0,0,0,0,0,-6000
3002,歐格            ,1000,6000,-5000,0,0,0,0,0,0,-1000,0,1000,-1000,0,0,0,-6000
4566,時碩工業        ,11000,17000,-6000,0,0,0,0,0,0,0,0,0,0,0,0,0,-6000
4190,佐登-KY         ,7000,13000,-6000,0,0,0,0,0,0,0,0,0,0,0,0,0,-6000
4930,燦星網          ,3000,9000,-6000,0,0,0,0,0,0,0,0,0,0,0,0,0,-6000
8467,波力-KY         ,6000,12000,-6000,0,0,0,0,0,0,0,0,0,0,0,0,0,-6000
9926,新海            ,2000,8000,-6000,0,0,0,0,0,0,0,0,0,0,0,0,0,-6000
6405,悅城            ,21000,27000,-6000,0,0,0,0,0,0,0,0,0,0,0,0,0,-6000
6164,華興            ,2000,5000,-3000,0,0,0,0,0,0,-3000,0,3000,-3000,0,0,0,-6000
07021P,台積電富邦9C售02,0,0,0,0,0,0,0,0,0,-7000,0,0,0,0,7000,-7000,-7000
07415P,台積電元大99售52,0,0,0,0,0,0,0,0,0,-7000,0,0,0,0,7000,-7000,-7000
07246P,旺宏凱基99售08  ,0,0,0,0,0,0,0,0,0,-7000,0,0,0,0,7000,-7000,-7000
08210P,健策元富9B售02  ,0,0,0,0,0,0,0,0,0,-7000,0,0,0,0,7000,-7000,-7000
08725P,臺股指元大01售06,0,0,0,0,0,0,0,0,0,-7000,0,0,0,0,7000,-7000,-7000
08624P,力成群益9C售01  ,0,0,0,0,0,0,0,0,0,-7000,0,0,0,3000,10000,-7000,-7000
067553,上証2X國票02購03,0,0,0,0,0,0,0,0,0,-7000,0,0,0,0,7000,-7000,-7000
067087,帆宣元大01購03  ,0,0,0,0,0,0,0,0,0,-7000,0,0,0,79000,86000,-7000,-7000
058434,旺宏統一9B購01  ,0,0,0,0,0,0,0,0,0,-7000,0,0,0,63000,70000,-7000,-7000
058474,鴻海凱基9A購06  ,0,0,0,0,0,0,0,0,0,-7000,0,0,0,0,7000,-7000,-7000
063397,廣達群益9B購02  ,0,0,0,0,0,0,0,0,0,-7000,0,0,0,9000,16000,-7000,-7000
059489,上証2X國票9A購01,0,0,0,0,0,0,0,0,0,-7000,0,0,0,4000,11000,-7000,-7000
059580,大立光元富99購07,0,0,0,0,0,0,0,0,0,-7000,0,0,0,0,7000,-7000,-7000
059386,上銀凱基99購07  ,0,0,0,0,0,0,0,0,0,-7000,0,0,0,3000,10000,-7000,-7000
059129,麗豐中信99購01  ,0,0,0,0,0,0,0,0,0,-7000,0,0,0,13000,20000,-7000,-7000
058292,上銀凱基9A購01  ,0,0,0,0,0,0,0,0,0,-7000,0,0,0,93000,100000,-7000,-7000
058832,立積永豐99購01  ,0,0,0,0,0,0,0,0,0,-7000,0,0,0,13000,20000,-7000,-7000
059063,康控凱基99購04  ,0,0,0,0,0,0,0,0,0,-7000,0,0,0,20000,27000,-7000,-7000
053402,A50正2群益9A購02,0,0,0,0,0,0,0,0,0,-7000,0,0,0,0,7000,-7000,-7000
057243,樺漢凱基99購01  ,0,0,0,0,0,0,0,0,0,-7000,0,0,0,12000,19000,-7000,-7000
03207P,臺股指凱基03售09,0,0,0,0,0,0,0,0,0,-7000,0,0,0,0,7000,-7000,-7000
053058,台光電永昌99購01,0,0,0,0,0,0,0,0,0,-7000,0,0,0,1000,8000,-7000,-7000
00636,國泰中國A50     ,347000,17000,330000,0,0,0,0,0,0,-337000,0,1084000,-1084000,994000,247000,747000,-7000
00645,富邦日本        ,0,0,0,0,0,0,0,0,0,-7000,0,0,0,105000,112000,-7000,-7000
061994,瑞儀元大9B購01  ,0,0,0,0,0,0,0,0,0,-7000,0,0,0,0,7000,-7000,-7000
062580,華通統一9C購03  ,0,0,0,0,0,0,0,0,0,-7000,0,0,0,23000,30000,-7000,-7000
062629,聯發科國票9C購01,0,0,0,0,0,0,0,0,0,-7000,0,0,0,0,7000,-7000,-7000
060284,南港元大01購01  ,0,0,0,0,0,0,0,0,0,-7000,0,0,0,175000,182000,-7000,-7000
060290,興富發元大9C購01,0,0,0,0,0,0,0,0,0,-7000,0,0,0,173000,180000,-7000,-7000
061347,創意元大9A購02  ,0,0,0,0,0,0,0,0,0,-7000,0,0,0,0,7000,-7000,-7000
064271,鴻海元大9C購08  ,0,0,0,0,0,0,0,0,0,-7000,0,0,0,0,7000,-7000,-7000
064372,滬深2X元富9C購10,0,0,0,0,0,0,0,0,0,-7000,0,0,0,0,7000,-7000,-7000
064619,南亞科元大9C購05,0,0,0,0,0,0,0,0,0,-7000,0,0,0,3000,10000,-7000,-7000
060183,南亞科元富9A購01,0,0,0,0,0,0,0,0,0,-7000,0,0,0,0,7000,-7000,-7000
060208,卜蜂康和9A購01  ,0,0,0,0,0,0,0,0,0,-7000,0,0,0,1000,8000,-7000,-7000
065624,聯詠中信9C購01  ,0,0,0,0,0,0,0,0,0,-7000,0,0,0,13000,20000,-7000,-7000
065509,上銀群益9C購04  ,0,0,0,0,0,0,0,0,0,-7000,0,0,0,83000,90000,-7000,-7000
063814,嘉晶群益9C購01  ,0,0,0,0,0,0,0,0,0,-7000,0,0,0,57000,64000,-7000,-7000
064946,台積電凱基01購07,0,0,0,0,0,0,0,0,0,-7000,0,0,0,3000,10000,-7000,-7000
066796,台積電凱基02購08,0,0,0,0,0,0,0,0,0,-7000,0,0,0,13000,20000,-7000,-7000
066943,FBVIX元大04購01 ,0,0,0,0,0,0,0,0,0,-7000,0,0,0,0,7000,-7000,-7000
066916,台虹凱基01購01  ,0,0,0,0,0,0,0,0,0,-7000,0,0,0,0,7000,-7000,-7000
06657P,寶成元大98售01  ,0,0,0,0,0,0,0,0,0,-7000,0,0,0,0,7000,-7000,-7000
065783,友訊永豐9C購02  ,0,0,0,0,0,0,0,0,0,-7000,0,0,0,63000,70000,-7000,-7000
065732,健策凱基9C購04  ,0,0,0,0,0,0,0,0,0,-7000,0,0,0,187000,194000,-7000,-7000
6581,鋼聯            ,3000,10000,-7000,0,0,0,0,0,0,0,0,0,0,0,0,0,-7000
6605,帝寶            ,13000,20000,-7000,0,0,0,0,0,0,0,0,0,0,0,0,0,-7000
8411,福貞-KY         ,2000,9000,-7000,0,0,0,0,0,0,0,0,0,0,0,0,0,-7000
5283,禾聯碩          ,13000,20000,-7000,0,0,0,0,0,0,0,0,0,0,0,0,0,-7000
2706,第一店          ,5000,12000,-7000,0,0,0,0,0,0,0,0,0,0,0,0,0,-7000
3164,景岳            ,4000,11000,-7000,0,0,0,0,0,0,0,0,0,0,0,0,0,-7000
2462,良得電          ,0,7000,-7000,0,0,0,0,0,0,0,0,0,0,0,0,0,-7000
1906,寶隆            ,1000,8000,-7000,0,0,0,0,0,0,0,0,0,0,0,0,0,-7000
2115,六暉-KY         ,0,7000,-7000,0,0,0,0,0,0,0,0,0,0,0,0,0,-7000
2358,廷鑫            ,2000,9000,-7000,0,0,0,0,0,0,0,0,0,0,0,0,0,-7000
1232,大統益          ,2000,9000,-7000,0,0,0,0,0,0,0,0,0,0,0,0,0,-7000
1108,幸福            ,29000,36000,-7000,0,0,0,0,0,0,0,0,0,0,0,0,0,-7000
1203,味王            ,11000,18000,-7000,0,0,0,0,0,0,0,0,0,0,0,0,0,-7000
1533,車王電          ,3000,10000,-7000,0,0,0,0,0,0,0,0,0,0,0,0,0,-7000
067555,旺宏國票02購01  ,0,0,0,0,0,0,0,0,0,-8000,0,0,0,2000,10000,-8000,-8000
068068,瑞昱凱基01購03  ,0,0,0,0,0,0,0,0,0,-8000,0,0,0,2000,10000,-8000,-8000
067699,奇鋐國票02購03  ,0,0,0,0,0,0,0,0,0,-8000,0,0,0,94000,102000,-8000,-8000
08548P,台勝科凱基9C售03,0,0,0,0,0,0,0,0,0,-8000,0,0,0,6000,14000,-8000,-8000
08782P,台積電元大01售17,0,0,0,0,0,0,0,0,0,-8000,0,0,0,34000,42000,-8000,-8000
08761P,聯詠元大01售02  ,0,0,0,0,0,0,0,0,0,-8000,0,0,0,0,8000,-8000,-8000
07462P,臺股指元大9B售05,0,0,0,0,0,0,0,0,0,-8000,0,0,0,10000,18000,-8000,-8000
07722P,玉晶光凱基9A售10,0,0,0,0,0,0,0,0,0,-8000,0,0,0,0,8000,-8000,-8000
068579,GIS國泰03購01   ,0,0,0,0,0,0,0,0,0,-8000,0,0,0,100000,108000,-8000,-8000
068516,聯發科統一05購02,0,0,0,0,0,0,0,0,0,-8000,0,0,0,0,8000,-8000,-8000
068352,台積電凱基01購22,0,0,0,0,0,0,0,0,0,-8000,0,0,0,5000,13000,-8000,-8000
00763U,街口道瓊銅      ,0,9000,-9000,0,0,0,0,0,0,1000,0,0,0,1000,0,1000,-8000
056745,聯茂凱基99購03  ,0,0,0,0,0,0,0,0,0,-8000,0,0,0,4000,12000,-8000,-8000
056726,友達日盛9A購01  ,0,0,0,0,0,0,0,0,0,-8000,0,0,0,0,8000,-8000,-8000
056521,群創日盛98購01  ,0,0,0,0,0,0,0,0,0,-8000,0,0,0,0,8000,-8000,-8000
055002,群創元富99購04  ,0,0,0,0,0,0,0,0,0,-8000,0,0,0,0,8000,-8000,-8000
057306,玉晶光兆豐99購01,0,0,0,0,0,0,0,0,0,-8000,0,0,0,14000,22000,-8000,-8000
060016,廣達康和99購01  ,0,0,0,0,0,0,0,0,0,-8000,0,0,0,4000,12000,-8000,-8000
060083,和大元大99購02  ,0,0,0,0,0,0,0,0,0,-8000,0,0,0,0,8000,-8000,-8000
056384,玉晶光國泰9A購02,0,0,0,0,0,0,0,0,0,-8000,0,0,0,0,8000,-8000,-8000
058773,和碩兆豐99購01  ,0,0,0,0,0,0,0,0,0,-8000,0,0,0,2000,10000,-8000,-8000
058323,泰鼎永豐9A購01  ,0,0,0,0,0,0,0,0,0,-8000,0,0,0,2000,10000,-8000,-8000
058636,亞光兆豐9A購01  ,0,0,0,0,0,0,0,0,0,-8000,0,0,0,0,8000,-8000,-8000
058386,A50正2國票9B購01,0,0,0,0,0,0,0,0,0,-8000,0,0,0,0,8000,-8000,-8000
057779,禾伸堂群益98購02,0,0,0,0,0,0,0,0,0,-8000,0,0,0,0,8000,-8000,-8000
057844,新日興永豐99購01,0,0,0,0,0,0,0,0,0,-8000,0,0,0,0,8000,-8000,-8000
064511,GIS元大9C購05   ,0,0,0,0,0,0,0,0,0,-8000,0,0,0,137000,145000,-8000,-8000
061705,健策國票9A購06  ,0,0,0,0,0,0,0,0,0,-8000,0,0,0,14000,22000,-8000,-8000
064029,宏達電元大9C購01,0,0,0,0,0,0,0,0,0,-8000,0,0,0,71000,79000,-8000,-8000
064024,漢唐元大9C購01  ,0,0,0,0,0,0,0,0,0,-8000,0,0,0,28000,36000,-8000,-8000
060821,SP黃豆元大9A購02,0,0,0,0,0,0,0,0,0,-8000,0,0,0,0,8000,-8000,-8000
060346,華新科統一01購01,0,0,0,0,0,0,0,0,0,-8000,0,0,0,15000,23000,-8000,-8000
060642,華擎永豐9A購02  ,0,0,0,0,0,0,0,0,0,-8000,0,0,0,0,8000,-8000,-8000
062460,京鼎群益9C購01  ,0,0,0,0,0,0,0,0,0,-8000,0,0,0,2000,10000,-8000,-8000
063033,台積電凱基9B購09,0,0,0,0,0,0,0,0,0,-8000,0,0,0,54000,62000,-8000,-8000
063087,南六凱基9C購02  ,0,0,0,0,0,0,0,0,0,-8000,0,0,0,30000,38000,-8000,-8000
062192,南六元大9B購01  ,0,0,0,0,0,0,0,0,0,-8000,0,0,0,50000,58000,-8000,-8000
062701,漢唐元大9B購01  ,0,0,0,0,0,0,0,0,0,-8000,0,0,0,0,8000,-8000,-8000
063736,大立光元大9B購08,0,0,0,0,0,0,0,0,0,-8000,0,0,0,0,8000,-8000,-8000
063685,鴻海永豐9B購03  ,0,0,0,0,0,0,0,0,0,-8000,0,0,0,0,8000,-8000,-8000
065951,聯發科統一01購08,0,0,0,0,0,0,0,0,0,-8000,0,0,0,3000,11000,-8000,-8000
066529,巨大統一03購01  ,0,0,0,0,0,0,0,0,0,-8000,0,0,0,82000,90000,-8000,-8000
066330,新興永豐01購01  ,0,0,0,0,0,0,0,0,0,-8000,0,0,0,0,8000,-8000,-8000
064767,宏全凱基9C購01  ,0,0,0,0,0,0,0,0,0,-8000,0,0,0,2000,10000,-8000,-8000
064213,大立光凱基03購01,0,0,0,0,0,0,0,0,0,-8000,0,0,0,0,8000,-8000,-8000
064150,全新統一01購03  ,0,0,0,0,0,0,0,0,0,-8000,0,0,0,18000,26000,-8000,-8000
063940,國巨元大01購02  ,0,0,0,0,0,0,0,0,0,-8000,0,0,0,1000,9000,-8000,-8000
064111,國巨國票02購02  ,0,0,0,0,0,0,0,0,0,-8000,0,0,0,0,8000,-8000,-8000
065527,巨大群益9C購03  ,0,0,0,0,0,0,0,0,0,-8000,0,0,0,2000,10000,-8000,-8000
065084,南亞科元大9C購08,0,0,0,0,0,0,0,0,0,-8000,0,0,0,26000,34000,-8000,-8000
065180,台表科元大9C購10,0,0,0,0,0,0,0,0,0,-8000,0,0,0,1000,9000,-8000,-8000
2302,麗正            ,3000,11000,-8000,0,0,0,0,0,0,0,0,0,0,0,0,0,-8000
2012,春雨            ,0,6000,-6000,0,0,0,0,0,0,-2000,0,2000,-2000,0,0,0,-8000
2611,志信            ,0,8000,-8000,0,0,0,0,0,0,0,0,0,0,0,0,0,-8000
2704,國賓            ,21000,28000,-7000,0,0,0,0,0,0,-1000,0,1000,-1000,0,0,0,-8000
4737,華廣            ,2000,10000,-8000,0,0,0,0,0,0,0,0,0,0,0,0,0,-8000
3701,大眾控          ,1000,9000,-8000,0,0,0,0,0,0,0,0,0,0,0,0,0,-8000
9906,欣巴巴          ,5000,13000,-8000,0,0,0,0,0,0,0,0,0,0,0,0,0,-8000
9938,百和            ,667000,655000,12000,0,0,0,0,0,0,-20000,0,0,0,17000,37000,-20000,-8000
6201,亞弘電          ,0,8000,-8000,0,0,0,0,0,0,0,0,0,0,0,0,0,-8000
068330,大立光元大01購19,0,0,0,0,0,0,0,0,0,-9000,0,0,0,1000,10000,-9000,-9000
08784P,上証2X元富01售01,0,0,0,0,0,0,0,0,0,-9000,0,0,0,0,9000,-9000,-9000
08530P,鴻海統一9C售19  ,0,0,0,0,0,0,0,0,0,-9000,0,0,0,1000,10000,-9000,-9000
08503P,臺股指國票9C售05,0,0,0,0,0,0,0,0,0,-9000,0,0,0,40000,49000,-9000,-9000
08260P,大立光元大9C售08,0,0,0,0,0,0,0,0,0,-9000,0,0,0,0,9000,-9000,-9000
08419P,元金2X群益9C售01,0,0,0,0,0,0,0,0,0,-9000,0,0,0,1000,10000,-9000,-9000
08366P,祥碩凱基9C售04  ,0,0,0,0,0,0,0,0,0,-9000,0,0,0,1000,10000,-9000,-9000
067910,玉晶光國泰03購03,0,0,0,0,0,0,0,0,0,-9000,0,0,0,0,9000,-9000,-9000
067425,京元電凱基01購01,0,0,0,0,0,0,0,0,0,-9000,0,0,0,15000,24000,-9000,-9000
058492,華通群益9B購01  ,0,0,0,0,0,0,0,0,0,-9000,0,0,0,1000,10000,-9000,-9000
063238,漢唐元大9B購02  ,0,0,0,0,0,0,0,0,0,-9000,0,0,0,50000,59000,-9000,-9000
058651,FBVIX中信9C購01 ,0,0,0,0,0,0,0,0,0,-9000,0,0,0,3000,12000,-9000,-9000
058749,康控凱基99購03  ,0,0,0,0,0,0,0,0,0,-9000,0,0,0,0,9000,-9000,-9000
058010,帆宣國票98購01  ,0,0,0,0,0,0,0,0,0,-9000,0,0,0,91000,100000,-9000,-9000
057369,奇力新元大99購05,0,0,0,0,0,0,0,0,0,-9000,0,0,0,0,9000,-9000,-9000
060011,臺股指群益9C購06,0,0,0,0,0,0,0,0,0,-9000,0,0,0,1000,10000,-9000,-9000
059015,華通元富99購02  ,0,0,0,0,0,0,0,0,0,-9000,0,0,0,0,9000,-9000,-9000
057175,美律元大98購03  ,0,0,0,0,0,0,0,0,0,-9000,0,0,0,43000,52000,-9000,-9000
046383,群創凱基98購01  ,0,0,0,0,0,0,0,0,0,-9000,0,0,0,121000,130000,-9000,-9000
063225,茂林群益9B購04  ,0,0,0,0,0,0,0,0,0,-9000,0,0,0,1000,10000,-9000,-9000
062002,鴻海國泰01購01  ,0,0,0,0,0,0,0,0,0,-9000,0,0,0,0,9000,-9000,-9000
062259,可成元大9B購03  ,0,0,0,0,0,0,0,0,0,-9000,0,0,0,11000,20000,-9000,-9000
062239,台汽電凱基9B購01,0,0,0,0,0,0,0,0,0,-9000,0,0,0,112000,121000,-9000,-9000
062490,聯茂永豐9B購01  ,0,0,0,0,0,0,0,0,0,-9000,0,0,0,1000,10000,-9000,-9000
061457,TPK凱基9A購01   ,0,0,0,0,0,0,0,0,0,-9000,0,0,0,68000,77000,-9000,-9000
061192,奇鋐永豐9A購01  ,0,0,0,0,0,0,0,0,0,-9000,0,0,0,22000,31000,-9000,-9000
064592,同欣電永豐9C購01,0,0,0,0,0,0,0,0,0,-9000,0,0,0,1000,10000,-9000,-9000
065089,大立光元大9C購23,0,0,0,0,0,0,0,0,0,-9000,0,0,0,6000,15000,-9000,-9000
065550,聯發科凱基01購07,0,0,0,0,0,0,0,0,0,-9000,0,0,0,0,9000,-9000,-9000
065590,元黃金元大9C購01,0,0,0,0,0,0,0,0,0,-9000,0,0,0,0,9000,-9000,-9000
065418,緯創國票01購01  ,0,0,0,0,0,0,0,0,0,-9000,0,0,0,56000,65000,-9000,-9000
064905,嘉聯益群益9C購01,0,0,0,0,0,0,0,0,0,-9000,0,0,0,81000,90000,-9000,-9000
066514,盟立永豐01購01  ,0,0,0,0,0,0,0,0,0,-9000,0,0,0,42000,51000,-9000,-9000
066601,上証2X富邦02購01,0,0,0,0,0,0,0,0,0,-9000,0,0,0,3000,12000,-9000,-9000
066912,盛群凱基01購01  ,0,0,0,0,0,0,0,0,0,-9000,0,0,0,93000,102000,-9000,-9000
066804,緯創凱基01購01  ,0,0,0,0,0,0,0,0,0,-9000,0,0,0,224000,233000,-9000,-9000
066090,泰鼎永豐01購01  ,0,0,0,0,0,0,0,0,0,-9000,0,0,0,0,9000,-9000,-9000
066183,眾達凱基01購01  ,0,0,0,0,0,0,0,0,0,-9000,0,0,0,26000,35000,-9000,-9000
5515,建國            ,17000,26000,-9000,0,0,0,0,0,0,0,0,0,0,0,0,0,-9000
8454,富邦媒          ,50000,77000,-27000,0,0,0,2000,0,2000,16000,16000,0,16000,0,0,0,-9000
4560,強信-KY         ,85000,94000,-9000,0,0,0,0,0,0,0,0,0,0,0,0,0,-9000
3058,立德            ,4000,13000,-9000,0,0,0,0,0,0,0,0,0,0,0,0,0,-9000
1713,國化            ,2000,11000,-9000,0,0,0,0,0,0,0,0,0,0,0,0,0,-9000
1721,三晃            ,23000,32000,-9000,0,0,0,0,0,0,0,0,0,0,0,0,0,-9000
1454,台富            ,5000,14000,-9000,0,0,0,0,0,0,0,0,0,0,0,0,0,-9000
1414,東和            ,6000,15000,-9000,0,0,0,0,0,0,0,0,0,0,0,0,0,-9000
1441,大東            ,0,9000,-9000,0,0,0,0,0,0,0,0,0,0,0,0,0,-9000
1443,立益            ,0,9000,-9000,0,0,0,0,0,0,0,0,0,0,0,0,0,-9000
1445,大宇            ,4000,13000,-9000,0,0,0,0,0,0,0,0,0,0,0,0,0,-9000
1215,卜蜂            ,219000,228721,-9721,0,0,0,0,0,0,0,0,0,0,0,0,0,-9721
067444,國巨國票03購01  ,0,0,0,0,0,0,0,0,0,-10000,0,0,0,120000,130000,-10000,-10000
067575,道瓊反群益01購04,0,0,0,0,0,0,0,0,0,-10000,0,0,0,0,10000,-10000,-10000
067523,上証反群益06購01,0,0,0,0,0,0,0,0,0,-10000,0,0,0,0,10000,-10000,-10000
06752P,訊芯凱基98售05  ,0,0,0,0,0,0,0,0,0,-10000,0,0,0,0,10000,-10000,-10000
067150,聯發科統一02購05,0,0,0,0,0,0,0,0,0,-10000,0,0,0,114000,124000,-10000,-10000
067162,康控國票02購01  ,0,0,0,0,0,0,0,0,0,-10000,0,0,0,145000,155000,-10000,-10000
067881,香港2X群益01購02,0,0,0,0,0,0,0,0,0,-10000,0,0,0,0,10000,-10000,-10000
067870,玉晶光元大01購07,0,0,0,0,0,0,0,0,0,-10000,0,0,0,0,10000,-10000,-10000
067667,台積電元大02購05,0,0,0,0,0,0,0,0,0,-10000,0,0,0,191000,201000,-10000,-10000
068189,國巨凱基04購03  ,0,0,0,0,0,0,0,0,0,-10000,0,0,0,0,10000,-10000,-10000
068169,臺股指元大01購22,0,0,0,0,0,0,0,0,0,-10000,0,0,0,3000,13000,-10000,-10000
068180,華新科群益02購03,0,0,0,0,0,0,0,0,0,-10000,0,0,0,6000,16000,-10000,-10000
08368P,台積電兆豐9C售04,0,0,0,0,0,0,0,0,0,-10000,0,0,0,0,10000,-10000,-10000
08357P,聯發科元大9C售09,0,0,0,0,0,0,0,0,0,-10000,0,0,0,0,10000,-10000,-10000
08415P,台灣50元大9C售42,0,0,0,0,0,0,0,0,0,-10000,0,0,0,0,10000,-10000,-10000
08248P,旺宏群益9C售02  ,0,0,0,0,0,0,0,0,0,-10000,0,0,0,2000,12000,-10000,-10000
08304P,大立光中信02售01,0,0,0,0,0,0,0,0,0,-10000,0,0,0,0,10000,-10000,-10000
08206P,鴻海群益9C售03  ,0,0,0,0,0,0,0,0,0,-10000,0,0,0,0,10000,-10000,-10000
08221P,台表科凱基9B售05,0,0,0,0,0,0,0,0,0,-10000,0,0,0,10000,20000,-10000,-10000
08194P,同欣電國票9C售03,0,0,0,0,0,0,0,0,0,-10000,0,0,0,50000,60000,-10000,-10000
08167P,台積電兆豐9B售04,0,0,0,0,0,0,0,0,0,-10000,0,0,0,0,10000,-10000,-10000
08033P,台灣50兆豐9C售03,0,0,0,0,0,0,0,0,0,-10000,0,0,0,0,10000,-10000,-10000
08048P,臺股指國票9B售13,0,0,0,0,0,0,0,0,0,-10000,0,0,0,0,10000,-10000,-10000
08014P,微星凱基9B售02  ,0,0,0,0,0,0,0,0,0,-10000,0,0,0,0,10000,-10000,-10000
08000P,奇鋐凱基9B售03  ,0,0,0,0,0,0,0,0,0,-10000,0,0,0,0,10000,-10000,-10000
08496P,金像電國票01售02,0,0,0,0,0,0,0,0,0,-10000,0,0,0,0,10000,-10000,-10000
08468P,台郡統一9C售02  ,0,0,0,0,0,0,0,0,0,-10000,0,0,0,200000,210000,-10000,-10000
08591P,台光電凱基9C售02,0,0,0,0,0,0,0,0,0,-10000,0,0,0,0,10000,-10000,-10000
08627P,臺股指群益9C售22,0,0,0,0,0,0,0,0,0,-10000,0,0,0,0,10000,-10000,-10000
08794P,台積電兆豐01售03,0,0,0,0,0,0,0,0,0,-10000,0,0,0,0,10000,-10000,-10000
08776P,上証2X群益03售02,0,0,0,0,0,0,0,0,0,-10000,0,0,0,0,10000,-10000,-10000
08762P,南六元大01售03  ,0,0,0,0,0,0,0,0,0,-10000,0,0,0,0,10000,-10000,-10000
08682P,鴻海凱基01售06  ,0,0,0,0,0,0,0,0,0,-10000,0,0,0,0,10000,-10000,-10000
068364,鴻海國泰07購01  ,0,0,0,0,0,0,0,0,0,-10000,0,0,0,0,10000,-10000,-10000
068442,牧德凱基01購04  ,0,0,0,0,0,0,0,0,0,-10000,0,0,0,0,10000,-10000,-10000
068432,技嘉凱基01購02  ,0,0,0,0,0,0,0,0,0,-10000,0,0,0,31000,41000,-10000,-10000
068564,燿華元大01購04  ,0,0,0,0,0,0,0,0,0,-10000,0,0,0,20000,30000,-10000,-10000
068487,台積電元大01購46,0,0,0,0,0,0,0,0,0,-10000,0,0,0,20000,30000,-10000,-10000
068502,帆宣元大01購05  ,0,0,0,0,0,0,0,0,0,-10000,0,0,0,10000,20000,-10000,-10000
068584,帆宣永豐01購03  ,0,0,0,0,0,0,0,0,0,-10000,0,0,0,0,10000,-10000,-10000
06878P,台灣50日盛9B售01,0,0,0,0,0,0,0,0,0,-10000,0,0,0,0,10000,-10000,-10000
068594,台積電統一03購09,0,0,0,0,0,0,0,0,0,-10000,0,0,0,9000,19000,-10000,-10000
07026P,超眾凱基99售03  ,0,0,0,0,0,0,0,0,0,-10000,0,0,0,0,10000,-10000,-10000
07819P,旺宏國票9B售01  ,0,0,0,0,0,0,0,0,0,-10000,0,0,0,20000,30000,-10000,-10000
07691P,宏達電元大9A售05,0,0,0,0,0,0,0,0,0,-10000,0,0,0,10000,20000,-10000,-10000
07692P,玉晶光元大9A售11,0,0,0,0,0,0,0,0,0,-10000,0,0,0,30000,40000,-10000,-10000
07667P,亞德客元大9A售05,0,0,0,0,0,0,0,0,0,-10000,0,0,0,0,10000,-10000,-10000
07651P,道瓊指中信01售01,0,0,0,0,0,0,0,0,0,-10000,0,0,0,0,10000,-10000,-10000
07963P,智邦統一9B售01  ,0,0,0,0,0,0,0,0,0,-10000,0,0,0,0,10000,-10000,-10000
07445P,大立光凱基9A售08,0,0,0,0,0,0,0,0,0,-10000,0,0,0,0,10000,-10000,-10000
07305P,T50正2群益99售02,0,0,0,0,0,0,0,0,0,-10000,0,0,0,0,10000,-10000,-10000
07244P,鴻海凱基9A售13  ,0,0,0,0,0,0,0,0,0,-10000,0,0,0,0,10000,-10000,-10000
07408P,台積電兆豐99售06,0,0,0,0,0,0,0,0,0,-10000,0,0,0,0,10000,-10000,-10000
07359P,台積電元大99售45,0,0,0,0,0,0,0,0,0,-10000,0,0,0,0,10000,-10000,-10000
07341P,台積電凱基99售18,0,0,0,0,0,0,0,0,0,-10000,0,0,0,0,10000,-10000,-10000
07342P,大立光凱基99售14,0,0,0,0,0,0,0,0,0,-10000,0,0,0,0,10000,-10000,-10000
07134P,臺股指元大9A售28,0,0,0,0,0,0,0,0,0,-10000,0,0,0,0,10000,-10000,-10000
07092P,上銀凱基99售03  ,0,0,0,0,0,0,0,0,0,-10000,0,0,0,0,10000,-10000,-10000
07036P,台灣50台新9C售01,0,0,0,0,0,0,0,0,0,-10000,0,0,0,0,10000,-10000,-10000
047694,SP黃豆國票9B購01,0,0,0,0,0,0,0,0,0,-10000,0,0,0,0,10000,-10000,-10000
052987,華新科元大99購01,0,0,0,0,0,0,0,0,0,-10000,0,0,0,0,10000,-10000,-10000
053194,緯穎統一99購01  ,0,0,0,0,0,0,0,0,0,-10000,0,0,0,0,10000,-10000,-10000
053342,全新國票99購01  ,0,0,0,0,0,0,0,0,0,-10000,0,0,0,0,10000,-10000,-10000
056554,GIS凱基99購01   ,0,0,0,0,0,0,0,0,0,-10000,0,0,0,0,10000,-10000,-10000
056634,為升兆豐99購01  ,0,0,0,0,0,0,0,0,0,-10000,0,0,0,0,10000,-10000,-10000
056688,聯詠統一98購01  ,0,0,0,0,0,0,0,0,0,-10000,0,0,0,0,10000,-10000,-10000
056810,群創統一9A購01  ,0,0,0,0,0,0,0,0,0,-10000,0,0,0,0,10000,-10000,-10000
056768,宏達電元大99購03,0,0,0,0,0,0,0,0,0,-10000,0,0,0,10000,20000,-10000,-10000
03080P,台灣50元大01售32,0,0,0,0,0,0,0,0,0,-10000,0,0,0,0,10000,-10000,-10000
03032P,華通國票03售01  ,0,0,0,0,0,0,0,0,0,-10000,0,0,0,0,10000,-10000,-10000
03153P,聯發科群益03售01,0,0,0,0,0,0,0,0,0,-10000,0,0,0,0,10000,-10000,-10000
03018P,華邦電群益01售03,0,0,0,0,0,0,0,0,0,-10000,0,0,0,0,10000,-10000,-10000
057168,旺宏元大99購03  ,0,0,0,0,0,0,0,0,0,-10000,0,0,0,0,10000,-10000,-10000
057260,微星兆豐98購01  ,0,0,0,0,0,0,0,0,0,-10000,0,0,0,0,10000,-10000,-10000
057263,可成兆豐99購01  ,0,0,0,0,0,0,0,0,0,-10000,0,0,0,0,10000,-10000,-10000
057288,聯茂元大98購03  ,0,0,0,0,0,0,0,0,0,-10000,0,0,0,0,10000,-10000,-10000
053652,友達凱基98購04  ,0,0,0,0,0,0,0,0,0,-10000,0,0,0,0,10000,-10000,-10000
058036,南電永豐98購01  ,0,0,0,0,0,0,0,0,0,-10000,0,0,0,0,10000,-10000,-10000
060015,國巨康和99購03  ,0,0,0,0,0,0,0,0,0,-10000,0,0,0,9000,19000,-10000,-10000
059100,元油2X統一9C購02,0,0,0,0,0,0,0,0,0,-10000,0,0,0,0,10000,-10000,-10000
059094,臻鼎元大99購03  ,0,0,0,0,0,0,0,0,0,-10000,0,0,0,29000,39000,-10000,-10000
060055,宏達電凱基99購06,0,0,0,0,0,0,0,0,0,-10000,0,0,0,20000,30000,-10000,-10000
060047,道瓊反凱基99購01,0,0,0,0,0,0,0,0,0,-10000,0,0,0,0,10000,-10000,-10000
060049,華通凱基99購06  ,0,0,0,0,0,0,0,0,0,-10000,0,0,0,10000,20000,-10000,-10000
058174,台積電凱基9A購05,0,0,0,0,0,0,0,0,0,-10000,0,0,0,3000,13000,-10000,-10000
059035,旺宏群益99購06  ,0,0,0,0,0,0,0,0,0,-10000,0,0,0,0,10000,-10000,-10000
058108,台郡台新99購01  ,0,0,0,0,0,0,0,0,0,-10000,0,0,0,0,10000,-10000,-10000
058136,景碩元大99購02  ,0,0,0,0,0,0,0,0,0,-10000,0,0,0,1000,11000,-10000,-10000
058051,同欣電元大98購03,0,0,0,0,0,0,0,0,0,-10000,0,0,0,3000,13000,-10000,-10000
057401,晶豪科群益99購01,0,0,0,0,0,0,0,0,0,-10000,0,0,0,0,10000,-10000,-10000
056946,國巨統一98購05  ,0,0,0,0,0,0,0,0,0,-10000,0,0,0,0,10000,-10000,-10000
056960,光罩永豐98購01  ,0,0,0,0,0,0,0,0,0,-10000,0,0,0,0,10000,-10000,-10000
057381,微星國泰9A購01  ,0,0,0,0,0,0,0,0,0,-10000,0,0,0,0,10000,-10000,-10000
057455,景碩國泰99購01  ,0,0,0,0,0,0,0,0,0,-10000,0,0,0,0,10000,-10000,-10000
057483,微星元大98購04  ,0,0,0,0,0,0,0,0,0,-10000,0,0,0,0,10000,-10000,-10000
056920,友達兆豐98購02  ,0,0,0,0,0,0,0,0,0,-10000,0,0,0,0,10000,-10000,-10000
054088,華新群益98購02  ,0,0,0,0,0,0,0,0,0,-10000,0,0,0,0,10000,-10000,-10000
054161,友訊凱基98購01  ,0,0,0,0,0,0,0,0,0,-10000,0,0,0,10000,20000,-10000,-10000
055409,元黃金富邦01購01,0,0,0,0,0,0,0,0,0,-10000,0,0,0,0,10000,-10000,-10000
055305,旺宏群益99購01  ,0,0,0,0,0,0,0,0,0,-10000,0,0,0,0,10000,-10000,-10000
055336,茂林兆豐98購01  ,0,0,0,0,0,0,0,0,0,-10000,0,0,0,0,10000,-10000,-10000
055426,旺宏群益99購02  ,0,0,0,0,0,0,0,0,0,-10000,0,0,0,0,10000,-10000,-10000
055620,樺漢國票98購01  ,0,0,0,0,0,0,0,0,0,-10000,0,0,0,0,10000,-10000,-10000
055783,群創凱基99購03  ,0,0,0,0,0,0,0,0,0,-10000,0,0,0,0,10000,-10000,-10000
057957,嘉晶元大98購01  ,0,0,0,0,0,0,0,0,0,-10000,0,0,0,0,10000,-10000,-10000
058803,世紀鋼元大99購03,0,0,0,0,0,0,0,0,0,-10000,0,0,0,0,10000,-10000,-10000
058892,元油2X元大9C購08,0,0,0,0,0,0,0,0,0,-10000,0,0,0,0,10000,-10000,-10000
058644,元黃金富邦03購01,0,0,0,0,0,0,0,0,0,-10000,0,0,0,0,10000,-10000,-10000
057903,聯鈞永豐99購01  ,0,0,0,0,0,0,0,0,0,-10000,0,0,0,0,10000,-10000,-10000
05793P,臺股指中信99售08,0,0,0,0,0,0,0,0,0,-10000,0,0,0,0,10000,-10000,-10000
058614,台郡元大9A購01  ,0,0,0,0,0,0,0,0,0,-10000,0,0,0,10000,20000,-10000,-10000
058612,健策元大99購02  ,0,0,0,0,0,0,0,0,0,-10000,0,0,0,25000,35000,-10000,-10000
058303,華通元大99購03  ,0,0,0,0,0,0,0,0,0,-10000,0,0,0,0,10000,-10000,-10000
060134,鈺齊群益9A購01  ,0,0,0,0,0,0,0,0,0,-10000,0,0,0,0,10000,-10000,-10000
060128,健策永豐99購06  ,0,0,0,0,0,0,0,0,0,-10000,0,0,0,0,10000,-10000,-10000
058240,景碩元大99購04  ,0,0,0,0,0,0,0,0,0,-10000,0,0,0,0,10000,-10000,-10000
058237,嘉晶元大99購04  ,0,0,0,0,0,0,0,0,0,-10000,0,0,0,0,10000,-10000,-10000
059142,道瓊指國票9B購02,0,0,0,0,0,0,0,0,0,-10000,0,0,0,0,10000,-10000,-10000
059127,國巨中信99購04  ,0,0,0,0,0,0,0,0,0,-10000,0,0,0,0,10000,-10000,-10000
059128,友達中信99購02  ,0,0,0,0,0,0,0,0,0,-10000,0,0,0,0,10000,-10000,-10000
059005,嘉晶元大99購06  ,0,0,0,0,0,0,0,0,0,-10000,0,0,0,0,10000,-10000,-10000
059172,台郡凱基99購03  ,0,0,0,0,0,0,0,0,0,-10000,0,0,0,10000,20000,-10000,-10000
05892P,大立光中信98售03,0,0,0,0,0,0,0,0,0,-10000,0,0,0,0,10000,-10000,-10000
058930,華新科統一9B購01,0,0,0,0,0,0,0,0,0,-10000,0,0,0,0,10000,-10000,-10000
058937,仁寶中信99購01  ,0,0,0,0,0,0,0,0,0,-10000,0,0,0,10000,20000,-10000,-10000
058985,可成凱基99購03  ,0,0,0,0,0,0,0,0,0,-10000,0,0,0,0,10000,-10000,-10000
058981,國巨凱基99購10  ,0,0,0,0,0,0,0,0,0,-10000,0,0,0,0,10000,-10000,-10000
059375,道瓊反群益9C購02,0,0,0,0,0,0,0,0,0,-10000,0,0,0,0,10000,-10000,-10000
059291,華新科元富9B購01,0,0,0,0,0,0,0,0,0,-10000,0,0,0,0,10000,-10000,-10000
060151,旺宏富邦9A購02  ,0,0,0,0,0,0,0,0,0,-10000,0,0,0,0,10000,-10000,-10000
059622,上銀凱基99購10  ,0,0,0,0,0,0,0,0,0,-10000,0,0,0,0,10000,-10000,-10000
059600,緯穎元大99購07  ,0,0,0,0,0,0,0,0,0,-10000,0,0,0,0,10000,-10000,-10000
059570,全新凱基99購04  ,0,0,0,0,0,0,0,0,0,-10000,0,0,0,0,10000,-10000,-10000
059512,晶豪科永豐99購02,0,0,0,0,0,0,0,0,0,-10000,0,0,0,0,10000,-10000,-10000
059467,旺宏元大99購15  ,0,0,0,0,0,0,0,0,0,-10000,0,0,0,2000,12000,-10000,-10000
059389,國巨凱基99購14  ,0,0,0,0,0,0,0,0,0,-10000,0,0,0,0,10000,-10000,-10000
059827,晶技凱基99購03  ,0,0,0,0,0,0,0,0,0,-10000,0,0,0,0,10000,-10000,-10000
059784,台光電元大9A購01,0,0,0,0,0,0,0,0,0,-10000,0,0,0,1000,11000,-10000,-10000
059731,康控元大99購04  ,0,0,0,0,0,0,0,0,0,-10000,0,0,0,0,10000,-10000,-10000
063243,聯發科元大9B購20,0,0,0,0,0,0,0,0,0,-10000,0,0,0,0,10000,-10000,-10000
057874,可成元大99購02  ,0,0,0,0,0,0,0,0,0,-10000,0,0,0,0,10000,-10000,-10000
063306,聯茂凱基9C購01  ,0,0,0,0,0,0,0,0,0,-10000,0,0,0,60000,70000,-10000,-10000
063289,台表科元大9B購07,0,0,0,0,0,0,0,0,0,-10000,0,0,0,11000,21000,-10000,-10000
063378,茂林永豐9B購02  ,0,0,0,0,0,0,0,0,0,-10000,0,0,0,0,10000,-10000,-10000
063424,新日興凱基01購01,0,0,0,0,0,0,0,0,0,-10000,0,0,0,0,10000,-10000,-10000
063448,聯發科統一9C購11,0,0,0,0,0,0,0,0,0,-10000,0,0,0,0,10000,-10000,-10000
063510,台表科群益9C購01,0,0,0,0,0,0,0,0,0,-10000,0,0,0,0,10000,-10000,-10000
063504,國巨群益9C購06  ,0,0,0,0,0,0,0,0,0,-10000,0,0,0,0,10000,-10000,-10000
058473,上銀凱基9A購03  ,0,0,0,0,0,0,0,0,0,-10000,0,0,0,0,10000,-10000,-10000
058523,聯茂元大99購08  ,0,0,0,0,0,0,0,0,0,-10000,0,0,0,10000,20000,-10000,-10000
057529,嘉晶元大99購02  ,0,0,0,0,0,0,0,0,0,-10000,0,0,0,0,10000,-10000,-10000
059863,和大凱基99購01  ,0,0,0,0,0,0,0,0,0,-10000,0,0,0,0,10000,-10000,-10000
059850,日電貿永豐99購01,0,0,0,0,0,0,0,0,0,-10000,0,0,0,0,10000,-10000,-10000
057787,TPK國票99購01   ,0,0,0,0,0,0,0,0,0,-10000,0,0,0,15000,25000,-10000,-10000
057794,T50反1兆豐99購02,0,0,0,0,0,0,0,0,0,-10000,0,0,0,0,10000,-10000,-10000
057596,聯茂兆豐99購01  ,0,0,0,0,0,0,0,0,0,-10000,0,0,0,0,10000,-10000,-10000
057603,樺漢群益98購02  ,0,0,0,0,0,0,0,0,0,-10000,0,0,0,0,10000,-10000,-10000
057604,鴻海統一9C購01  ,0,0,0,0,0,0,0,0,0,-10000,0,0,0,0,10000,-10000,-10000
057578,可成中信99購01  ,0,0,0,0,0,0,0,0,0,-10000,0,0,0,0,10000,-10000,-10000
057543,華通凱基99購02  ,0,0,0,0,0,0,0,0,0,-10000,0,0,0,12000,22000,-10000,-10000
057557,聯茂凱基99購04  ,0,0,0,0,0,0,0,0,0,-10000,0,0,0,0,10000,-10000,-10000
057561,大立光兆豐98購02,0,0,0,0,0,0,0,0,0,-10000,0,0,0,0,10000,-10000,-10000
057645,華新科元大99購11,0,0,0,0,0,0,0,0,0,-10000,0,0,0,0,10000,-10000,-10000
064566,大立光群益9C購04,0,0,0,0,0,0,0,0,0,-10000,0,0,0,0,10000,-10000,-10000
064521,群創群益02購01  ,0,0,0,0,0,0,0,0,0,-10000,0,0,0,0,10000,-10000,-10000
064522,華擎群益01購01  ,0,0,0,0,0,0,0,0,0,-10000,0,0,0,70000,80000,-10000,-10000
064598,國巨元富9C購03  ,0,0,0,0,0,0,0,0,0,-10000,0,0,0,3000,13000,-10000,-10000
064287,日月光元大9C購01,0,0,0,0,0,0,0,0,0,-10000,0,0,0,76000,86000,-10000,-10000
064010,GIS凱基02購01   ,0,0,0,0,0,0,0,0,0,-10000,0,0,0,10000,20000,-10000,-10000
064036,矽創元大9C購01  ,0,0,0,0,0,0,0,0,0,-10000,0,0,0,10000,20000,-10000,-10000
064042,國巨統一9C購12  ,0,0,0,0,0,0,0,0,0,-10000,0,0,0,6000,16000,-10000,-10000
061718,GIS凱基9B購01   ,0,0,0,0,0,0,0,0,0,-10000,0,0,0,0,10000,-10000,-10000
061648,緯穎元大9A購04  ,0,0,0,0,0,0,0,0,0,-10000,0,0,0,0,10000,-10000,-10000
060159,健和興永豐9A購01,0,0,0,0,0,0,0,0,0,-10000,0,0,0,0,10000,-10000,-10000
064462,致伸統一02購01  ,0,0,0,0,0,0,0,0,0,-10000,0,0,0,0,10000,-10000,-10000
064423,義隆兆豐9C購02  ,0,0,0,0,0,0,0,0,0,-10000,0,0,0,0,10000,-10000,-10000
064392,喬山永豐9C購01  ,0,0,0,0,0,0,0,0,0,-10000,0,0,0,0,10000,-10000,-10000
061139,玉晶光統一9C購02,0,0,0,0,0,0,0,0,0,-10000,0,0,0,0,10000,-10000,-10000
061128,大立光永豐9A購02,0,0,0,0,0,0,0,0,0,-10000,0,0,0,0,10000,-10000,-10000
061106,群創元大9B購09  ,0,0,0,0,0,0,0,0,0,-10000,0,0,0,5000,15000,-10000,-10000
061351,智伸科元大9A購01,0,0,0,0,0,0,0,0,0,-10000,0,0,0,0,10000,-10000,-10000
061215,健策元大9A購06  ,0,0,0,0,0,0,0,0,0,-10000,0,0,0,25000,35000,-10000,-10000
061254,道瓊反凱基9A購02,0,0,0,0,0,0,0,0,0,-10000,0,0,0,0,10000,-10000,-10000
061263,微星凱基9A購01  ,0,0,0,0,0,0,0,0,0,-10000,0,0,0,0,10000,-10000,-10000
061474,瑞昱元大9A購04  ,0,0,0,0,0,0,0,0,0,-10000,0,0,0,11000,21000,-10000,-10000
061423,廣達元大9A購01  ,0,0,0,0,0,0,0,0,0,-10000,0,0,0,0,10000,-10000,-10000
061416,聯茂群益9A購01  ,0,0,0,0,0,0,0,0,0,-10000,0,0,0,0,10000,-10000,-10000
060741,滬深2X國票9A購05,0,0,0,0,0,0,0,0,0,-10000,0,0,0,0,10000,-10000,-10000
060339,國巨統一01購01  ,0,0,0,0,0,0,0,0,0,-10000,0,0,0,0,10000,-10000,-10000
060293,緯創元大9A購01  ,1000,0,1000,0,0,0,0,0,0,-11000,0,0,0,0,11000,-11000,-10000
060289,京元電元大9A購01,0,0,0,0,0,0,0,0,0,-10000,0,0,0,0,10000,-10000,-10000
060392,華擎群益9C購02  ,0,0,0,0,0,0,0,0,0,-10000,0,0,0,0,10000,-10000,-10000
060425,凌華永豐9A購01  ,0,0,0,0,0,0,0,0,0,-10000,0,0,0,0,10000,-10000,-10000
060542,上銀凱基9A購04  ,0,0,0,0,0,0,0,0,0,-10000,0,0,0,0,10000,-10000,-10000
060558,億豐凱基9A購01  ,0,0,0,0,0,0,0,0,0,-10000,0,0,0,0,10000,-10000,-10000
060547,瑞昱凱基9A購01  ,0,0,0,0,0,0,0,0,0,-10000,0,0,0,0,10000,-10000,-10000
062579,華通統一01購02  ,0,0,0,0,0,0,0,0,0,-10000,0,0,0,0,10000,-10000,-10000
062159,聯詠凱基9B購01  ,0,0,0,0,0,0,0,0,0,-10000,0,0,0,0,10000,-10000,-10000
062455,鴻海群益9C購01  ,0,0,0,0,0,0,0,0,0,-10000,0,0,0,0,10000,-10000,-10000
062474,台表科凱基9C購01,0,0,0,0,0,0,0,0,0,-10000,0,0,0,0,10000,-10000,-10000
062440,聯發科元大9B購11,0,0,0,0,0,0,0,0,0,-10000,0,0,0,0,10000,-10000,-10000
062394,大立光富邦02購01,0,0,0,0,0,0,0,0,0,-10000,0,0,0,0,10000,-10000,-10000
062366,義隆元大9B購04  ,0,0,0,0,0,0,0,0,0,-10000,0,0,0,13000,23000,-10000,-10000
061549,泰碩群益9A購01  ,0,0,0,0,0,0,0,0,0,-10000,0,0,0,0,10000,-10000,-10000
062357,國巨元大9B購11  ,0,0,0,0,0,0,0,0,0,-10000,0,0,0,0,10000,-10000,-10000
062349,新日興群益9B購02,0,0,0,0,0,0,0,0,0,-10000,0,0,0,0,10000,-10000,-10000
062728,健策凱基9B購04  ,0,0,0,0,0,0,0,0,0,-10000,0,0,0,36000,46000,-10000,-10000
062769,臺股指凱基9B購13,0,0,0,0,0,0,0,0,0,-10000,0,0,0,0,10000,-10000,-10000
062893,元金2X元大9C購01,0,0,0,0,0,0,0,0,0,-10000,0,0,0,50000,60000,-10000,-10000
062882,新日興兆豐9C購01,0,0,0,0,0,0,0,0,0,-10000,0,0,0,0,10000,-10000,-10000
062869,帆宣中信9B購01  ,0,0,0,0,0,0,0,0,0,-10000,0,0,0,0,10000,-10000,-10000
063099,臺指反群益9B購05,0,0,0,0,0,0,0,0,0,-10000,0,0,0,10000,20000,-10000,-10000
060253,昇陽半元大9C購01,0,0,0,0,0,0,0,0,0,-10000,0,0,0,0,10000,-10000,-10000
060260,京鼎凱基9C購01  ,0,0,0,0,0,0,0,0,0,-10000,0,0,0,0,10000,-10000,-10000
063012,技嘉元大9B購01  ,0,0,0,0,0,0,0,0,0,-10000,0,0,0,4000,14000,-10000,-10000
062271,華通群益9C購02  ,0,0,0,0,0,0,0,0,0,-10000,0,0,0,0,10000,-10000,-10000
062207,牧德國票9B購02  ,0,0,0,0,0,0,0,0,0,-10000,0,0,0,0,10000,-10000,-10000
061871,瑞昱元大9B購01  ,0,0,0,0,0,0,0,0,0,-10000,0,0,0,0,10000,-10000,-10000
062038,鴻海凱基9B購05  ,0,0,0,0,0,0,0,0,0,-10000,0,0,0,0,10000,-10000,-10000
062073,國巨元大9B購06  ,0,0,0,0,0,0,0,0,0,-10000,0,0,0,15000,25000,-10000,-10000
061958,鴻海統一01購01  ,0,0,0,0,0,0,0,0,0,-10000,0,0,0,200000,210000,-10000,-10000
061898,茂林永豐9B購01  ,0,0,0,0,0,0,0,0,0,-10000,0,0,0,0,10000,-10000,-10000
061919,國巨凱基9B購06  ,0,0,0,0,0,0,0,0,0,-10000,0,0,0,0,10000,-10000,-10000
063215,台表科國票9C購02,0,0,0,0,0,0,0,0,0,-10000,0,0,0,0,10000,-10000,-10000
062697,國巨元大9C購01  ,0,0,0,0,0,0,0,0,0,-10000,0,0,0,0,10000,-10000,-10000
062652,上証2X永豐9B購01,0,0,0,0,0,0,0,0,0,-10000,0,0,0,0,10000,-10000,-10000
063737,大立光元大9C購07,0,0,0,0,0,0,0,0,0,-10000,0,0,0,0,10000,-10000,-10000
063733,聯發科元大9B購27,0,0,0,0,0,0,0,0,0,-10000,0,0,0,0,10000,-10000,-10000
063800,玉晶光凱基9C購02,0,0,0,0,0,0,0,0,0,-10000,0,0,0,0,10000,-10000,-10000
063589,美食永豐9B購02  ,0,0,0,0,0,0,0,0,0,-10000,0,0,0,0,10000,-10000,-10000
063790,南亞科台新9C購01,0,0,0,0,0,0,0,0,0,-10000,0,0,0,0,10000,-10000,-10000
066233,華碩富邦02購01  ,0,0,0,0,0,0,0,0,0,-10000,0,0,0,0,10000,-10000,-10000
066264,金像電元大01購01,0,0,0,0,0,0,0,0,0,-10000,0,0,0,15000,25000,-10000,-10000
066166,大毅凱基02購01  ,0,0,0,0,0,0,0,0,0,-10000,0,0,0,10000,20000,-10000,-10000
066045,聯發科元大01購08,0,0,0,0,0,0,0,0,0,-10000,0,0,0,0,10000,-10000,-10000
065738,國巨麥證9C購04  ,0,0,0,0,10000,-10000,0,0,0,-10000,0,0,0,0,10000,-10000,-10000
065743,宏達電麥證9C購02,0,0,0,0,10000,-10000,0,0,0,-10000,0,0,0,0,10000,-10000,-10000
065715,勤誠群益9C購01  ,0,0,0,0,0,0,0,0,0,-10000,0,0,0,0,10000,-10000,-10000
065824,臺指反凱基03購01,0,0,0,0,0,0,0,0,0,-10000,0,0,0,15000,25000,-10000,-10000
066777,群創富邦01購01  ,0,0,0,0,0,0,0,0,0,-10000,0,0,0,0,10000,-10000,-10000
066771,滬深2X富邦02購01,0,0,0,0,0,0,0,0,0,-10000,0,0,0,0,10000,-10000,-10000
066656,滬深2X凱基03購02,0,0,0,0,0,0,0,0,0,-10000,0,0,0,0,10000,-10000,-10000
066661,友達凱基03購01  ,0,0,0,0,0,0,0,0,0,-10000,0,0,0,0,10000,-10000,-10000
066925,滬深2X國票02購03,0,0,0,0,0,0,0,0,0,-10000,0,0,0,0,10000,-10000,-10000
066886,T50反1中信05購01,0,0,0,0,0,0,0,0,0,-10000,0,0,0,0,10000,-10000,-10000
066864,上証2X元富07購02,0,0,0,0,0,0,0,0,0,-10000,0,0,0,0,10000,-10000,-10000
066571,矽格元大01購02  ,0,0,0,0,0,0,0,0,0,-10000,0,0,0,0,10000,-10000,-10000
066627,大毅凱基03購01  ,0,0,0,0,0,0,0,0,0,-10000,0,0,0,0,10000,-10000,-10000
066634,泰碩凱基02購02  ,0,0,0,0,0,0,0,0,0,-10000,0,0,0,0,10000,-10000,-10000
066492,台郡元富01購01  ,0,0,0,0,0,0,0,0,0,-10000,0,0,0,0,10000,-10000,-10000
066479,國巨元富07購01  ,0,0,0,0,0,0,0,0,0,-10000,0,0,0,0,10000,-10000,-10000
066502,國巨富邦05購02  ,0,0,0,0,0,0,0,0,0,-10000,0,0,0,38000,48000,-10000,-10000
066360,致茂中信05購01  ,0,0,0,0,0,0,0,0,0,-10000,0,0,0,32000,42000,-10000,-10000
066394,建準凱基01購01  ,0,0,0,0,0,0,0,0,0,-10000,0,0,0,20000,30000,-10000,-10000
064868,嘉晶永豐9C購02  ,0,0,0,0,0,0,0,0,0,-10000,0,0,0,0,10000,-10000,-10000
064769,漢翔中信9C購01  ,0,0,0,0,0,0,0,0,0,-10000,0,0,0,10000,20000,-10000,-10000
064773,FBVIX群益9C購05 ,0,0,0,0,0,0,0,0,0,-10000,0,0,0,0,10000,-10000,-10000
064087,華新科凱基9C購03,0,0,0,0,0,0,0,0,0,-10000,0,0,0,2000,12000,-10000,-10000
064088,大立光凱基02購01,0,0,0,0,0,0,0,0,0,-10000,0,0,0,0,10000,-10000,-10000
063887,香港2X中信02購01,0,0,0,0,0,0,0,0,0,-10000,0,0,0,0,10000,-10000,-10000
064714,和大統一02購02  ,0,0,0,0,0,0,0,0,0,-10000,0,0,0,0,10000,-10000,-10000
064735,群創元富9C購02  ,0,0,0,0,0,0,0,0,0,-10000,0,0,0,14000,24000,-10000,-10000
064741,南亞科國票01購01,0,0,0,0,0,0,0,0,0,-10000,0,0,0,0,10000,-10000,-10000
064640,和大凱基03購01  ,0,0,0,0,0,0,0,0,0,-10000,0,0,0,0,10000,-10000,-10000
064643,瑞昱凱基04購01  ,0,0,0,0,0,0,0,0,0,-10000,0,0,0,0,10000,-10000,-10000
065431,大立光凱基02購02,0,0,0,0,0,0,0,0,0,-10000,0,0,0,191000,201000,-10000,-10000
065426,台積電凱基01購09,0,0,0,0,0,0,0,0,0,-10000,0,0,0,92000,102000,-10000,-10000
065440,台積電麥證9C購02,0,0,0,10000,20000,-10000,0,0,0,-10000,0,0,0,10000,20000,-10000,-10000
065465,麗豐中信9C購01  ,0,0,0,0,0,0,0,0,0,-10000,0,0,0,0,10000,-10000,-10000
065399,新日興群益01購01,0,0,0,0,0,0,0,0,0,-10000,0,0,0,0,10000,-10000,-10000
065623,瑞昱中信04購01  ,0,0,0,0,0,0,0,0,0,-10000,0,0,0,55000,65000,-10000,-10000
065568,台積電群益01購04,0,0,0,0,0,0,0,0,0,-10000,0,0,0,31000,41000,-10000,-10000
065144,大立光凱基01購06,0,0,0,0,0,0,0,0,0,-10000,0,0,0,0,10000,-10000,-10000
065304,台勝科元富03購01,0,0,0,0,0,0,0,0,0,-10000,0,0,0,0,10000,-10000,-10000
065242,巨大凱基01購02  ,0,0,0,0,0,0,0,0,0,-10000,0,0,0,0,10000,-10000,-10000
08971P,臺股指元大01售14,0,0,0,0,0,0,0,0,0,-10000,0,0,0,0,10000,-10000,-10000
08979P,電子類群益01售01,0,0,0,0,0,0,0,0,0,-10000,0,0,0,0,10000,-10000,-10000
08917P,臺股指凱基01售08,0,0,0,0,0,0,0,0,0,-10000,0,0,0,0,10000,-10000,-10000
08847P,滬深2X群益03售06,0,0,0,0,0,0,0,0,0,-10000,0,0,0,0,10000,-10000,-10000
08841P,A50正2中信03售02,0,0,0,0,0,0,0,0,0,-10000,0,0,0,0,10000,-10000,-10000
1617,榮星            ,1000,11000,-10000,0,0,0,0,0,0,0,0,0,0,0,0,0,-10000
2613,中櫃            ,0,10000,-10000,0,0,0,0,0,0,0,0,0,0,0,0,0,-10000
2450,神腦            ,7000,15000,-8000,0,0,0,0,0,0,-2000,0,2000,-2000,0,0,0,-10000
2882A,國泰特          ,0,0,0,0,0,0,0,0,0,-10000,0,10000,-10000,0,0,0,-10000
4438,廣越            ,3000,13000,-10000,0,0,0,0,0,0,0,0,0,0,0,0,0,-10000
4576,大銀微系統      ,5000,15000,-10000,0,0,0,0,0,0,0,0,0,0,0,0,0,-10000
6128,上福            ,0,10000,-10000,0,0,0,0,0,0,0,0,0,0,0,0,0,-10000
6558,興能高          ,44000,54000,-10000,0,0,0,0,0,0,0,0,0,0,0,0,0,-10000
07196P,大立光元大99售13,0,0,0,0,0,0,0,0,0,-11000,0,0,0,0,11000,-11000,-11000
07363P,大立光元大99售26,0,0,0,0,0,0,0,0,0,-11000,0,0,0,0,11000,-11000,-11000
068525,京元電元富07購01,0,0,0,0,0,0,0,0,0,-11000,0,0,0,9000,20000,-11000,-11000
068421,GIS兆豐01購02   ,0,0,0,0,0,0,0,0,0,-11000,0,0,0,0,11000,-11000,-11000
068443,致伸凱基01購01  ,0,0,0,0,0,0,0,0,0,-11000,0,0,0,0,11000,-11000,-11000
08680P,聯發科元大01售10,0,0,0,0,0,0,0,0,0,-11000,0,0,0,0,11000,-11000,-11000
08657P,牧德群益9C售02  ,0,0,0,0,0,0,0,0,0,-11000,0,0,0,200000,211000,-11000,-11000
08636P,華通國票01售03  ,0,0,0,0,0,0,0,0,0,-11000,0,0,0,0,11000,-11000,-11000
08553P,嘉澤群益9C售01  ,0,0,0,0,0,0,0,0,0,-11000,0,0,0,0,11000,-11000,-11000
08360P,國巨國泰02售01  ,0,0,0,0,0,0,0,0,0,-11000,0,0,0,96000,107000,-11000,-11000
067697,致茂國票02購01  ,0,0,0,0,0,0,0,0,0,-11000,0,0,0,33000,44000,-11000,-11000
067877,T50反1群益01購07,0,0,0,0,0,0,0,0,0,-11000,0,0,0,0,11000,-11000,-11000
067539,緯創群益01購01  ,0,0,0,0,0,0,0,0,0,-11000,0,0,0,0,11000,-11000,-11000
057563,旭富國泰9A購01  ,0,0,0,0,0,0,0,0,0,-11000,0,0,0,0,11000,-11000,-11000
057568,友訊永豐99購01  ,0,0,0,0,0,0,0,0,0,-11000,0,0,0,10000,21000,-11000,-11000
057548,微星凱基99購01  ,0,0,0,0,0,0,0,0,0,-11000,0,0,0,0,11000,-11000,-11000
063470,泰鼎元大9B購03  ,0,0,0,0,0,0,0,0,0,-11000,0,0,0,95000,106000,-11000,-11000
063394,金像電群益9B購01,0,0,0,0,0,0,0,0,0,-11000,0,0,0,0,11000,-11000,-11000
059242,南亞科凱基99購06,0,0,0,0,0,0,0,0,0,-11000,0,0,0,0,11000,-11000,-11000
058934,台灣50中信03購03,0,0,0,0,0,0,0,0,0,-11000,0,0,0,0,11000,-11000,-11000
054079,鴻海中信98購02  ,0,0,0,0,0,0,0,0,0,-11000,0,0,0,423000,434000,-11000,-11000
060057,欣興凱基9B購01  ,0,0,0,0,0,0,0,0,0,-11000,0,0,0,20000,31000,-11000,-11000
03033X,元展30          ,0,0,0,0,0,0,0,0,0,-11000,0,0,0,0,11000,-11000,-11000
03035P,玉晶光國票01售07,0,0,0,0,0,0,0,0,0,-11000,0,0,0,0,11000,-11000,-11000
00700,富邦恒生國企    ,0,0,0,0,0,0,0,0,0,-11000,0,0,0,102000,113000,-11000,-11000
062654,技嘉永豐9B購01  ,0,0,0,0,0,0,0,0,0,-11000,0,0,0,15000,26000,-11000,-11000
062676,南六台新9B購01  ,0,0,0,0,0,0,0,0,0,-11000,0,0,0,181000,192000,-11000,-11000
062996,致茂國票9C購01  ,0,0,0,0,0,0,0,0,0,-11000,0,0,0,77000,88000,-11000,-11000
060551,大立光凱基9B購02,0,0,0,0,0,0,0,0,0,-11000,0,0,0,0,11000,-11000,-11000
060759,南亞科元大9A購03,0,0,0,0,0,0,0,0,0,-11000,0,0,0,0,11000,-11000,-11000
060850,康友國票9A購03  ,0,0,0,0,0,0,0,0,0,-11000,0,0,0,102000,113000,-11000,-11000
061124,微星永豐9A購02  ,0,0,0,0,0,0,0,0,0,-11000,0,0,0,74000,85000,-11000,-11000
064488,台達電元大9C購01,0,0,0,0,0,0,0,0,0,-11000,0,0,0,10000,21000,-11000,-11000
064481,技嘉永豐9C購01  ,0,0,0,0,0,0,0,0,0,-11000,0,0,0,24000,35000,-11000,-11000
061601,台積電凱基9A購26,0,0,0,0,0,0,0,0,0,-11000,0,0,0,12000,23000,-11000,-11000
065307,矽格元富9C購01  ,0,0,0,0,0,0,0,0,0,-11000,0,0,0,52000,63000,-11000,-11000
065394,英業達群益9C購01,0,0,0,0,0,0,0,0,0,-11000,0,0,0,0,11000,-11000,-11000
064724,健鼎統一02購02  ,0,0,0,0,0,0,0,0,0,-11000,0,0,0,2000,13000,-11000,-11000
064098,正崴群益9C購01  ,0,0,0,0,0,0,0,0,0,-11000,0,0,0,0,11000,-11000,-11000
063972,緯創國票9C購01  ,0,0,0,0,0,0,0,0,0,-11000,0,0,0,0,11000,-11000,-11000
064842,南六統一9C購04  ,0,0,0,0,0,0,0,0,0,-11000,0,0,0,180000,191000,-11000,-11000
066459,智原統一01購01  ,0,0,0,0,0,0,0,0,0,-11000,0,0,0,2000,13000,-11000,-11000
065787,奇鋐永豐9C購01  ,0,0,0,0,0,0,0,0,0,-11000,0,0,0,0,11000,-11000,-11000
065928,創意國票02購01  ,0,0,0,0,0,0,0,0,0,-11000,0,0,0,5000,16000,-11000,-11000
6184,大豐電          ,0,11000,-11000,0,0,0,0,0,0,0,0,0,0,0,0,0,-11000
9934,成霖            ,32000,43000,-11000,0,0,0,0,0,0,0,0,0,0,0,0,0,-11000
3026,禾伸堂          ,91000,102000,-11000,0,0,0,0,0,0,0,10000,1000,9000,0,9000,-9000,-11000
2420,新巨            ,2000,13000,-11000,0,0,0,0,0,0,0,0,0,0,0,0,0,-11000
2380,虹光            ,14000,25000,-11000,0,0,0,0,0,0,0,0,0,0,0,0,0,-11000
2543,皇昌            ,0,11000,-11000,0,0,0,0,0,0,0,0,0,0,0,0,0,-11000
2497,怡利電          ,0,11000,-11000,0,0,0,0,0,0,0,0,0,0,0,0,0,-11000
08856P,台灣50國票01售06,0,0,0,0,0,0,0,0,0,-11000,0,0,0,0,11000,-11000,-11000
08881P,奇力新凱基01售02,0,0,0,0,0,0,0,0,0,-11000,0,0,0,210000,221000,-11000,-11000
08911P,力成凱基01售01  ,0,0,0,0,0,0,0,0,0,-11000,0,0,0,0,11000,-11000,-11000
08992P,牧德元大01售02  ,0,0,0,0,0,0,0,0,0,-11000,0,0,0,13000,24000,-11000,-11000
1532,勤美            ,55000,66000,-11000,0,0,0,0,0,0,0,0,0,0,0,0,0,-11000
067534,億光群益01購01  ,0,0,0,0,0,0,0,0,0,-12000,0,0,0,12000,24000,-12000,-12000
067260,台郡國票02購02  ,0,0,0,0,0,0,0,0,0,-12000,0,0,0,0,12000,-12000,-12000
067001,中化永豐01購02  ,0,0,0,0,0,0,0,0,0,-12000,0,0,0,38000,50000,-12000,-12000
067941,鎧勝凱基01購02  ,0,0,0,0,0,0,0,0,0,-12000,0,0,0,120000,132000,-12000,-12000
067755,大立光國泰03購03,0,0,0,0,0,0,0,0,0,-12000,0,0,0,30000,42000,-12000,-12000
068342,鴻海麥證01購03  ,0,0,0,0,12000,-12000,0,0,0,-12000,0,0,0,0,12000,-12000,-12000
068312,鎧勝國票03購01  ,0,0,0,0,0,0,0,0,0,-12000,0,0,0,0,12000,-12000,-12000
068471,聯發科群益01購11,0,0,0,0,0,0,0,0,0,-12000,0,0,0,0,12000,-12000,-12000
07903P,台積電群益9B售03,0,0,0,0,0,0,0,0,0,-12000,0,0,0,20000,32000,-12000,-12000
03149P,鴻海群益01售12  ,0,0,0,0,0,0,0,0,0,-12000,0,0,0,0,12000,-12000,-12000
060065,大立光兆豐9B購01,0,0,0,0,0,0,0,0,0,-12000,0,0,0,0,12000,-12000,-12000
056385,創意國泰99購01  ,0,0,0,0,0,0,0,0,0,-12000,0,0,0,0,12000,-12000,-12000
058737,鴻海第一01購01  ,0,0,0,0,0,0,0,0,0,-12000,0,0,0,0,12000,-12000,-12000
063348,祥碩統一01購04  ,0,0,0,0,0,0,0,0,0,-12000,0,0,0,0,12000,-12000,-12000
063329,健策國票9C購01  ,0,0,0,0,0,0,0,0,0,-12000,0,0,0,29000,41000,-12000,-12000
063252,緯穎元大9B購07  ,0,0,0,0,0,0,0,0,0,-12000,0,0,0,0,12000,-12000,-12000
064393,友訊永豐9C購01  ,0,0,0,0,0,0,0,0,0,-12000,0,0,0,20000,32000,-12000,-12000
064407,貿聯凱基02購02  ,0,0,0,0,0,0,0,0,0,-12000,0,0,0,112000,124000,-12000,-12000
064047,義隆統一02購01  ,0,0,0,0,0,0,0,0,0,-12000,0,0,0,40000,52000,-12000,-12000
064020,華通元大01購01  ,0,0,0,0,0,0,0,0,0,-12000,0,0,0,219000,231000,-12000,-12000
060814,健策凱基9B購01  ,0,0,0,0,0,0,0,0,0,-12000,0,0,0,41000,53000,-12000,-12000
060714,晶技永豐9A購02  ,0,0,0,0,0,0,0,0,0,-12000,0,0,0,0,12000,-12000,-12000
062974,奇力新元富9B購01,0,0,0,0,0,0,0,0,0,-12000,0,0,0,0,12000,-12000,-12000
062886,中興電群益9B購01,0,0,0,0,0,0,0,0,0,-12000,0,0,0,361000,373000,-12000,-12000
062851,建準永豐9B購02  ,0,0,0,0,0,0,0,0,0,-12000,0,0,0,23000,35000,-12000,-12000
062940,華新科凱基9C購02,0,0,0,0,0,0,0,0,0,-12000,0,0,0,2000,14000,-12000,-12000
062810,華通兆豐9B購02  ,0,0,0,0,0,0,0,0,0,-12000,0,0,0,0,12000,-12000,-12000
062766,台郡凱基9B購02  ,0,0,0,0,0,0,0,0,0,-12000,0,0,0,30000,42000,-12000,-12000
062557,台光電凱基9B購02,0,0,0,0,0,0,0,0,0,-12000,0,0,0,63000,75000,-12000,-12000
062666,和碩群益9B購01  ,0,0,0,0,0,0,0,0,0,-12000,0,0,0,0,12000,-12000,-12000
063561,上銀元大9B購08  ,0,0,0,0,0,0,0,0,0,-12000,0,0,0,55000,67000,-12000,-12000
065997,元黃金國票03購01,0,0,0,0,0,0,0,0,0,-12000,0,0,0,10000,22000,-12000,-12000
066237,京鼎富邦04購01  ,0,0,0,0,0,0,0,0,0,-12000,0,0,0,29000,41000,-12000,-12000
066516,智原永豐01購01  ,0,0,0,0,0,0,0,0,0,-12000,0,0,0,0,12000,-12000,-12000
066817,瀚宇博兆豐03購01,0,0,0,0,0,0,0,0,0,-12000,0,0,0,0,12000,-12000,-12000
066662,建準凱基02購01  ,0,0,0,0,0,0,0,0,0,-12000,0,0,0,8000,20000,-12000,-12000
064865,美律永豐9C購02  ,0,0,0,0,0,0,0,0,0,-12000,0,0,0,45000,57000,-12000,-12000
063950,信邦元大9C購01  ,0,0,0,0,0,0,0,0,0,-12000,0,0,0,61000,73000,-12000,-12000
063937,上銀元大9C購02  ,0,0,0,0,0,0,0,0,0,-12000,0,0,0,194000,206000,-12000,-12000
065366,英業達元大9C購02,0,0,0,0,0,0,0,0,0,-12000,0,0,0,0,12000,-12000,-12000
065571,神基群益01購01  ,0,0,0,0,0,0,0,0,0,-12000,0,0,0,0,12000,-12000,-12000
065661,智原永豐9C購01  ,0,0,0,0,0,0,0,0,0,-12000,0,0,0,39000,51000,-12000,-12000
065269,貿聯元大9C購05  ,0,0,0,0,0,0,0,0,0,-12000,0,0,0,267000,279000,-12000,-12000
065004,瑞昱國票01購02  ,0,0,0,0,0,0,0,0,0,-12000,0,0,0,0,12000,-12000,-12000
065022,同欣電富邦01購01,0,0,0,0,0,0,0,0,0,-12000,0,0,0,8000,20000,-12000,-12000
1419,新紡            ,2000,14000,-12000,0,0,0,0,0,0,0,0,0,0,0,0,0,-12000
08878P,台積電凱基01售11,0,0,0,0,0,0,0,0,0,-12000,0,0,0,0,12000,-12000,-12000
08828P,上証2X群益01售05,0,0,0,0,0,0,0,0,0,-12000,0,0,0,0,12000,-12000,-12000
2427,三商電          ,0,12000,-12000,0,0,0,0,0,0,0,0,0,0,0,0,0,-12000
1737,臺鹽            ,8000,19000,-11000,0,0,0,0,0,0,-1000,0,1000,-1000,0,0,0,-12000
9940,信義            ,56000,68000,-12000,0,0,0,0,0,0,0,0,0,0,0,0,0,-12000
8114,振樺電          ,0,12000,-12000,0,0,0,0,0,0,0,0,0,0,0,0,0,-12000
6243,迅杰            ,1000,13000,-12000,0,0,0,0,0,0,0,0,0,0,0,0,0,-12000
2892,第一金          ,5472731,11824362,-6351631,0,0,0,6042000,15000,6027000,312000,313000,1000,312000,27000,27000,0,-12631
07006P,旺宏統一9B售03  ,0,0,0,0,0,0,0,0,0,-13000,0,0,0,0,13000,-13000,-13000
08429P,台達電凱基9C售01,0,0,0,0,0,0,0,0,0,-13000,0,0,0,1000,14000,-13000,-13000
08541P,景碩國票01售02  ,0,0,0,0,0,0,0,0,0,-13000,0,0,0,15000,28000,-13000,-13000
08749P,鴻海台新01售02  ,0,0,0,0,0,0,0,0,0,-13000,0,0,0,0,13000,-13000,-13000
067663,神隆元大01購03  ,0,0,0,0,0,0,0,0,0,-13000,0,0,0,34000,47000,-13000,-13000
067889,大毅群益01購03  ,0,0,0,0,0,0,0,0,0,-13000,0,0,0,53000,66000,-13000,-13000
068207,日月光凱基01購02,0,0,0,0,0,0,0,0,0,-13000,0,0,0,72000,85000,-13000,-13000
067213,大立光元大01購11,0,0,0,0,0,0,0,0,0,-13000,0,0,0,0,13000,-13000,-13000
067476,台光電元大01購04,0,0,0,0,0,0,0,0,0,-13000,0,0,0,298000,311000,-13000,-13000
063281,京元電元大9B購01,0,0,0,0,0,0,0,0,0,-13000,0,0,0,23000,36000,-13000,-13000
059288,旺宏元富99購03  ,0,0,0,0,0,0,0,0,0,-13000,0,0,0,97000,110000,-13000,-13000
059296,大立光元富99購06,0,0,0,0,0,0,0,0,0,-13000,0,0,0,12000,25000,-13000,-13000
059728,聯鈞元大99購01  ,0,0,0,0,0,0,0,0,0,-13000,0,0,0,5000,18000,-13000,-13000
053396,漢唐中信9A購01  ,0,0,0,0,0,0,0,0,0,-13000,0,0,0,3000,16000,-13000,-13000
00688L,國泰20年美債正2 ,0,4000,-4000,0,0,0,0,0,0,-9000,0,0,0,101000,110000,-9000,-13000
00766L,台新MSCI中國正2 ,0,0,0,0,0,0,0,0,0,-13000,0,0,0,89000,102000,-13000,-13000
062279,晶豪科群益9B購01,0,0,0,0,0,0,0,0,0,-13000,0,0,0,0,13000,-13000,-13000
062539,可成國泰01購01  ,0,0,0,0,0,0,0,0,0,-13000,0,0,0,0,13000,-13000,-13000
062811,鴻海兆豐9B購01  ,0,0,0,0,0,0,0,0,0,-13000,0,0,0,0,13000,-13000,-13000
060736,旺宏統一01購01  ,0,0,0,0,0,0,0,0,0,-13000,0,0,0,5000,18000,-13000,-13000
060452,儒鴻元大9A購01  ,0,0,0,0,0,0,0,0,0,-13000,0,0,0,10000,23000,-13000,-13000
060815,茂林凱基9B購01  ,0,0,0,0,0,0,0,0,0,-13000,0,0,0,17000,30000,-13000,-13000
061410,緯穎國票9A購03  ,0,0,0,0,0,0,0,0,0,-13000,0,0,0,0,13000,-13000,-13000
064035,GIS元大9C購03   ,0,0,0,0,0,0,0,0,0,-13000,0,0,0,20000,33000,-13000,-13000
060957,SP黃豆凱基9A購04,0,0,0,0,0,0,0,0,0,-13000,0,0,0,0,13000,-13000,-13000
065644,義隆元大9C購08  ,0,0,0,0,0,0,0,0,0,-13000,0,0,0,67000,80000,-13000,-13000
065357,立積元富03購01  ,0,0,0,0,0,0,0,0,0,-13000,0,0,0,0,13000,-13000,-13000
063929,高鐵統一02購01  ,0,0,0,0,0,0,0,0,0,-13000,0,0,0,12000,25000,-13000,-13000
063915,祥碩凱基01購01  ,0,0,0,0,0,0,0,0,0,-13000,0,0,0,12000,25000,-13000,-13000
064693,玉晶光群益01購06,0,0,0,0,0,0,0,0,0,-13000,0,0,0,0,13000,-13000,-13000
064893,金像電群益01購02,0,0,0,0,0,0,0,0,0,-13000,0,0,0,108000,121000,-13000,-13000
064957,台表科凱基02購02,0,0,0,0,0,0,0,0,0,-13000,0,0,0,0,13000,-13000,-13000
064147,瑞昱統一01購04  ,0,0,0,0,0,0,0,0,0,-13000,0,0,0,0,13000,-13000,-13000
066649,華新科麥證01購02,0,0,0,0,14000,-14000,0,0,0,-13000,0,0,0,1000,14000,-13000,-13000
066895,台勝科兆豐01購01,0,0,0,0,0,0,0,0,0,-13000,0,0,0,0,13000,-13000,-13000
066517,智伸科永豐01購01,0,0,0,0,0,0,0,0,0,-13000,0,0,0,0,13000,-13000,-13000
066576,矽創元大01購02  ,0,0,0,0,0,0,0,0,0,-13000,0,0,0,190000,203000,-13000,-13000
066174,京鼎凱基01購01  ,0,0,0,0,0,0,0,0,0,-13000,0,0,0,0,13000,-13000,-13000
065905,聯茂富邦02購01  ,0,0,0,0,0,0,0,0,0,-13000,0,0,0,0,13000,-13000,-13000
065798,華通群益01購03  ,0,0,0,0,0,0,0,0,0,-13000,0,0,0,229000,242000,-13000,-13000
065679,聯發科統一03購01,0,0,0,0,0,0,0,0,0,-13000,0,0,0,1000,14000,-13000,-13000
3543,州巧            ,14000,27000,-13000,0,0,0,0,0,0,0,0,0,0,0,0,0,-13000
6183,關貿            ,6000,22000,-16000,0,0,0,0,0,0,3000,0,0,0,3000,0,3000,-13000
6573,虹揚-KY         ,10000,23000,-13000,0,0,0,0,0,0,0,1000,1000,0,0,0,0,-13000
8463,潤泰材          ,74000,86000,-12000,0,0,0,0,0,0,-1000,0,1000,-1000,0,0,0,-13000
9924,福興            ,19000,32000,-13000,0,0,0,0,0,0,0,0,0,0,0,0,0,-13000
1618,合機            ,7000,20000,-13000,0,0,0,0,0,0,0,0,0,0,0,0,0,-13000
2029,盛餘            ,11000,24000,-13000,0,0,0,0,0,0,0,0,0,0,0,0,0,-13000
2440,太空梭          ,0,13000,-13000,0,0,0,0,0,0,0,0,0,0,0,0,0,-13000
2468,華經            ,2000,15000,-13000,0,0,0,0,0,0,0,0,0,0,0,0,0,-13000
1435,中福            ,0,13000,-13000,0,0,0,0,0,0,0,0,0,0,0,0,0,-13000
067492,健策元大01購11  ,0,0,0,0,0,0,0,0,0,-14000,0,0,0,1219000,1233000,-14000,-14000
067211,聯發科元大01購19,0,0,0,0,0,0,0,0,0,-14000,0,0,0,191000,205000,-14000,-14000
067238,大立光群益02購03,0,0,0,0,0,0,0,0,0,-14000,0,0,0,3000,17000,-14000,-14000
067093,台灣50群益01購08,0,0,0,0,0,0,0,0,0,-14000,0,0,0,0,14000,-14000,-14000
068592,台積電統一01購13,0,0,0,0,0,0,0,0,0,-14000,0,0,0,9000,23000,-14000,-14000
07531P,大立光國泰9B售03,0,0,0,0,0,0,0,0,0,-14000,0,0,0,17000,31000,-14000,-14000
00665L,富邦恒生國企正2 ,17000,27000,-10000,0,0,0,0,0,0,-4000,0,0,0,39000,43000,-4000,-14000
01003T,兆豐新光R1      ,17000,31000,-14000,0,0,0,0,0,0,0,0,0,0,0,0,0,-14000
03692C,T50反1元大05牛01,0,0,0,0,0,0,0,0,0,-14000,0,0,0,0,14000,-14000,-14000
059919,宏達電元大99購06,0,0,0,0,0,0,0,0,0,-14000,0,0,0,64000,78000,-14000,-14000
057020,台積電凱基99購02,0,0,0,0,0,0,0,0,0,-14000,0,0,0,145000,159000,-14000,-14000
054272,華通中信98購01  ,0,0,0,0,0,0,0,0,0,-14000,0,0,0,16000,30000,-14000,-14000
059509,奇力新永豐99購02,0,0,0,0,0,0,0,0,0,-14000,0,0,0,25000,39000,-14000,-14000
058586,鴻海中信01購02  ,0,0,0,0,0,0,0,0,0,-14000,0,0,0,0,14000,-14000,-14000
063301,鴻海凱基9B購08  ,0,0,0,0,0,0,0,0,0,-14000,0,0,0,0,14000,-14000,-14000
060227,和大元大9A購01  ,0,0,0,0,0,0,0,0,0,-14000,0,0,0,23000,37000,-14000,-14000
064557,鴻海群益9C購04  ,0,0,0,0,0,0,0,0,0,-14000,0,0,0,1000,15000,-14000,-14000
061261,台積電凱基9B購03,0,0,0,0,0,0,0,0,0,-14000,0,0,0,545000,559000,-14000,-14000
060511,群創元大9B購08  ,0,0,0,0,0,0,0,0,0,-14000,0,0,0,0,14000,-14000,-14000
062915,嘉澤元大9B購03  ,0,0,0,0,0,0,0,0,0,-14000,0,0,0,72000,86000,-14000,-14000
062858,微星國票9B購01  ,0,0,0,0,0,0,0,0,0,-14000,0,0,0,0,14000,-14000,-14000
062318,台郡凱基9B購01  ,0,0,0,0,0,0,0,0,0,-14000,0,0,0,0,14000,-14000,-14000
062228,南六統一02購01  ,0,0,0,0,0,0,0,0,0,-14000,0,0,0,1000,15000,-14000,-14000
062230,緯穎統一01購01  ,0,0,0,0,0,0,0,0,0,-14000,0,0,0,11000,25000,-14000,-14000
063635,漢唐元大9B購04  ,0,0,0,0,0,0,0,0,0,-14000,0,0,0,124000,138000,-14000,-14000
063196,力成元富9B購01  ,0,0,0,0,0,0,0,0,0,-14000,0,0,0,55000,69000,-14000,-14000
065714,矽創群益9C購02  ,0,0,0,0,0,0,0,0,0,-14000,0,0,0,26000,40000,-14000,-14000
066099,大立光中信05購01,0,0,0,0,0,0,0,0,0,-14000,0,0,0,36000,50000,-14000,-14000
066361,微星中信05購01  ,0,0,0,0,0,0,0,0,0,-14000,0,0,0,11000,25000,-14000,-14000
066939,TPK國票02購02   ,0,0,0,0,0,0,0,0,0,-14000,0,0,0,78000,92000,-14000,-14000
066776,創意富邦03購02  ,0,0,0,0,0,0,0,0,0,-14000,0,0,0,16000,30000,-14000,-14000
065334,立積國票01購02  ,0,0,0,0,0,0,0,0,0,-14000,0,0,0,50000,64000,-14000,-14000
065125,奇力新永豐9C購01,0,0,0,0,0,0,0,0,0,-14000,0,0,0,0,14000,-14000,-14000
065172,義隆元大9C購05  ,0,0,0,0,0,0,0,0,0,-14000,0,0,0,41000,55000,-14000,-14000
1616,億泰            ,0,14000,-14000,0,0,0,0,0,0,0,0,0,0,0,0,0,-14000
1611,中電            ,25000,39000,-14000,0,0,0,0,0,0,0,0,0,0,0,0,0,-14000
2477,美隆電          ,8000,13000,-5000,0,0,0,0,0,0,-9000,0,9000,-9000,0,0,0,-14000
2616,山隆            ,0,14000,-14000,0,0,0,0,0,0,0,0,0,0,0,0,0,-14000
2351,順德            ,86000,65000,21000,0,0,0,0,0,0,-35000,0,20000,-20000,0,15000,-15000,-14000
1723,中碳            ,31000,41000,-10000,0,0,0,0,0,0,-4000,0,4000,-4000,0,0,0,-14000
9927,泰銘            ,3000,17000,-14000,0,0,0,0,0,0,0,0,0,0,0,0,0,-14000
9918,欣天然          ,0,14000,-14000,0,0,0,0,0,0,0,0,0,0,0,0,0,-14000
6552,易華電          ,115000,128000,-13000,0,0,0,0,0,0,-1000,0,1000,-1000,0,0,0,-14000
5234,達興材料        ,0,14000,-14000,0,0,0,0,0,0,0,0,0,0,0,0,0,-14000
07132P,臺股指元大99售11,0,0,0,0,0,0,0,0,0,-15000,0,0,0,0,15000,-15000,-15000
07080P,健策群益9A售01  ,0,0,0,0,0,0,0,0,0,-15000,0,0,0,0,15000,-15000,-15000
07968P,國巨元大9B售09  ,0,0,0,0,0,0,0,0,0,-15000,0,0,0,0,15000,-15000,-15000
068563,宏碁元大01購05  ,0,0,0,0,0,0,0,0,0,-15000,0,0,0,9000,24000,-15000,-15000
08774P,華擎凱基01售02  ,0,0,0,0,0,0,0,0,0,-15000,0,0,0,60000,75000,-15000,-15000
08521P,台達電元大9C售03,0,0,0,0,0,0,0,0,0,-15000,0,0,0,439000,454000,-15000,-15000
08620P,聯發科群益9C售15,0,0,0,0,0,0,0,0,0,-15000,0,0,0,0,15000,-15000,-15000
08635P,大成鋼國票01售01,0,0,0,0,0,0,0,0,0,-15000,0,0,0,47000,62000,-15000,-15000
08371P,京元電凱基9C售01,0,0,0,0,0,0,0,0,0,-15000,0,0,0,0,15000,-15000,-15000
067314,新日興元大01購02,0,0,0,0,0,0,0,0,0,-15000,0,0,0,0,15000,-15000,-15000
068215,潤泰新凱基01購02,0,0,0,0,0,0,0,0,0,-15000,0,0,0,264000,279000,-15000,-15000
068254,訊連元大01購02  ,0,0,0,0,0,0,0,0,0,-15000,0,0,0,0,15000,-15000,-15000
068186,GIS群益01購03   ,0,0,0,0,0,0,0,0,0,-15000,0,0,0,141000,156000,-15000,-15000
068171,T50反1中信05購02,0,0,0,0,0,0,0,0,0,-15000,0,0,0,0,15000,-15000,-15000
063466,美食元大9B購02  ,0,0,0,0,0,0,0,0,0,-15000,0,0,0,215000,230000,-15000,-15000
063477,訊芯元大9B購01  ,0,0,0,0,0,0,0,0,0,-15000,0,0,0,112000,127000,-15000,-15000
063532,GIS凱基9B購03   ,0,0,0,0,0,0,0,0,0,-15000,0,0,0,0,15000,-15000,-15000
057570,技嘉永豐98購02  ,0,0,0,0,0,0,0,0,0,-15000,0,0,0,18000,33000,-15000,-15000
059825,嘉晶凱基99購02  ,0,0,0,0,0,0,0,0,0,-15000,0,0,0,16000,31000,-15000,-15000
059194,元金2X永豐99購01,0,0,0,0,0,0,0,0,0,-15000,0,0,0,0,15000,-15000,-15000
055576,嘉晶統一98購01  ,0,0,0,0,0,0,0,0,0,-15000,0,0,0,0,15000,-15000,-15000
057332,旺宏國票99購03  ,0,0,0,0,0,0,0,0,0,-15000,0,0,0,71000,86000,-15000,-15000
03682C,臺股指凱基9C牛07,0,0,0,0,0,0,0,0,0,-15000,0,0,0,2000,17000,-15000,-15000
054589,聯鈞國泰99購01  ,0,0,0,0,0,0,0,0,0,-15000,0,0,0,0,15000,-15000,-15000
00680L,元大美債20正2   ,0,0,0,0,0,0,0,0,0,-15000,0,0,0,0,15000,-15000,-15000
03029P,玉晶光元大02售05,0,0,0,0,0,0,0,0,0,-15000,0,0,0,35000,50000,-15000,-15000
03028P,玉晶光元大01售11,0,0,0,0,0,0,0,0,0,-15000,0,0,0,25000,40000,-15000,-15000
03023P,玉晶光群益02售27,0,0,0,0,0,0,0,0,0,-15000,0,0,0,0,15000,-15000,-15000
062221,奇力新統一01購01,0,0,0,0,0,0,0,0,0,-15000,0,0,0,5000,20000,-15000,-15000
063628,華通元大9B購09  ,0,0,0,0,0,0,0,0,0,-15000,0,0,0,67000,82000,-15000,-15000
061778,元金2X群益9B購02,0,0,0,0,0,0,0,0,0,-15000,0,0,0,18000,33000,-15000,-15000
062344,力山群益9B購02  ,0,0,0,0,0,0,0,0,0,-15000,0,0,0,17000,32000,-15000,-15000
062425,可成統一01購01  ,0,0,0,0,0,0,0,0,0,-15000,0,0,0,0,15000,-15000,-15000
062482,台表科國票9B購01,0,0,0,0,0,0,0,0,0,-15000,0,0,0,0,15000,-15000,-15000
063069,道瓊銀富邦05購01,0,0,0,0,0,0,0,0,0,-15000,0,0,0,40000,55000,-15000,-15000
064562,友達群益9C購03  ,0,0,0,0,0,0,0,0,0,-15000,0,0,0,0,15000,-15000,-15000
061724,訊芯永豐9A購01  ,0,0,0,0,0,0,0,0,0,-15000,0,0,0,10000,25000,-15000,-15000
061747,南亞科統一01購01,0,0,0,0,0,0,0,0,0,-15000,0,0,0,5000,20000,-15000,-15000
065514,建準群益9C購01  ,0,0,0,0,0,0,0,0,0,-15000,0,0,0,20000,35000,-15000,-15000
064753,英業達凱基9C購01,0,0,0,0,0,0,0,0,0,-15000,0,0,0,0,15000,-15000,-15000
063914,和碩凱基9C購01  ,0,0,0,0,0,0,0,0,0,-15000,0,0,0,0,15000,-15000,-15000
064071,台郡永豐9C購01  ,0,0,0,0,0,0,0,0,0,-15000,0,0,0,1000,16000,-15000,-15000
066753,聯鈞國泰03購01  ,0,0,0,0,0,0,0,0,0,-15000,0,0,0,0,15000,-15000,-15000
066672,瑞祺凱基03購01  ,0,0,0,0,0,0,0,0,0,-15000,0,0,0,0,15000,-15000,-15000
06688P,鴻海中信02售01  ,0,0,0,0,0,0,0,0,0,-15000,0,0,0,0,15000,-15000,-15000
066487,聯詠元富01購03  ,0,0,0,0,0,0,0,0,0,-15000,0,0,0,98000,113000,-15000,-15000
06626P,大立光統一9A售01,0,0,0,0,0,0,0,0,0,-15000,0,0,0,0,15000,-15000,-15000
065696,旺宏群益9C購06  ,0,0,0,0,0,0,0,0,0,-15000,0,0,0,33000,48000,-15000,-15000
065779,台勝科國泰01購02,0,0,0,0,0,0,0,0,0,-15000,0,0,0,80000,95000,-15000,-15000
065961,東元元大04購01  ,0,0,0,0,0,0,0,0,0,-15000,0,0,0,41000,56000,-15000,-15000
3550,聯穎            ,1000,16000,-15000,0,0,0,0,0,0,0,0,0,0,0,0,0,-15000
3312,弘憶股          ,2000,17000,-15000,0,0,0,0,0,0,0,0,0,0,0,0,0,-15000
6235,華孚            ,65000,80000,-15000,0,0,0,0,0,0,0,0,0,0,0,0,0,-15000
6205,詮欣            ,13000,27000,-14000,0,0,0,0,0,0,-1000,0,1000,-1000,0,0,0,-15000
9917,中保科          ,135000,146000,-11000,0,0,0,0,1000,-1000,-3000,4000,0,4000,0,7000,-7000,-15000
8404,百和興業-KY     ,37000,52000,-15000,0,0,0,0,0,0,0,0,0,0,0,0,0,-15000
9937,全國            ,1000,16000,-15000,0,0,0,0,0,0,0,0,0,0,0,0,0,-15000
1733,五鼎            ,77000,87000,-10000,0,0,0,0,0,0,-5000,0,5000,-5000,0,0,0,-15000
1709,和益            ,128000,143000,-15000,0,0,0,0,0,0,0,0,0,0,0,0,0,-15000
2365,昆盈            ,33000,48000,-15000,0,0,0,0,0,0,0,0,0,0,0,0,0,-15000
2443,億麗            ,6000,21000,-15000,0,0,0,0,0,0,0,0,0,0,0,0,0,-15000
1615,大山            ,6000,21000,-15000,0,0,0,0,0,0,0,0,0,0,0,0,0,-15000
08815P,聯發科國泰03售03,0,30000,-30000,0,0,0,0,0,0,15000,0,0,0,3094000,3079000,15000,-15000
08999P,玉晶光群益02售16,0,0,0,0,0,0,0,0,0,-15000,0,0,0,47000,62000,-15000,-15000
08977P,臺股指群益01售11,0,0,0,0,0,0,0,0,0,-15000,0,0,0,0,15000,-15000,-15000
067707,奇力新元富04購01,0,0,0,0,0,0,0,0,0,-16000,0,0,0,0,16000,-16000,-16000
067455,T50反1國泰03購01,0,0,0,0,0,0,0,0,0,-16000,0,0,0,44000,60000,-16000,-16000
067282,金像電國票02購02,0,0,0,0,0,0,0,0,0,-16000,0,0,0,27000,43000,-16000,-16000
08091P,A50正2元富9B售02,0,0,0,0,0,0,0,0,0,-16000,0,0,0,0,16000,-16000,-16000
08209P,上銀元富9B售06  ,0,0,0,0,0,0,0,0,0,-16000,0,0,0,85000,101000,-16000,-16000
08486P,富邦金群益9C售02,0,0,0,0,0,0,0,0,0,-16000,0,0,0,3000,19000,-16000,-16000
068597,聯電凱基03購04  ,0,0,0,0,0,0,0,0,0,-16000,0,0,0,0,16000,-16000,-16000
07627P,超眾凱基9A售02  ,0,0,0,0,0,0,0,0,0,-16000,0,0,0,0,16000,-16000,-16000
03112P,GIS元大01售03   ,0,0,0,0,0,0,0,0,0,-16000,0,0,0,3000,19000,-16000,-16000
03092P,臺股指元大01售21,0,0,0,0,0,0,0,0,0,-16000,0,0,0,4000,20000,-16000,-16000
03157P,鴻海元大01售27  ,0,0,0,0,0,0,0,0,0,-16000,0,0,0,0,16000,-16000,-16000
00851,台新全球AI      ,0,0,0,0,0,0,0,0,0,-16000,0,0,0,10000,26000,-16000,-16000
056905,欣興元大98購03  ,0,0,0,0,0,0,0,0,0,-16000,0,0,0,4000,20000,-16000,-16000
03452B,臺股指凱基03熊05,0,0,0,0,0,0,0,0,0,-16000,0,0,0,148000,164000,-16000,-16000
054164,強茂凱基98購01  ,0,0,0,0,0,0,0,0,0,-16000,0,0,0,4000,20000,-16000,-16000
059823,奇力新凱基99購07,0,0,0,0,0,0,0,0,0,-16000,0,0,0,6000,22000,-16000,-16000
057758,鴻海凱基99購03  ,0,0,0,0,0,0,0,0,0,-16000,0,0,0,0,16000,-16000,-16000
063340,英業達統一9B購01,0,0,0,0,0,0,0,0,0,-16000,0,0,0,0,16000,-16000,-16000
063362,台表科國泰01購03,0,0,0,0,0,0,0,0,0,-16000,0,0,0,0,16000,-16000,-16000
064504,玉晶光元大01購02,0,0,0,0,0,0,0,0,0,-16000,0,0,0,1000,17000,-16000,-16000
064313,嘉晶群益9C購02  ,0,0,0,0,0,0,0,0,0,-16000,0,0,0,3000,19000,-16000,-16000
060621,玉晶光元大9A購05,0,0,0,0,0,0,0,0,0,-16000,0,0,0,1000,17000,-16000,-16000
060335,明泰康和9A購01  ,0,0,0,0,0,0,0,0,0,-16000,0,0,0,20000,36000,-16000,-16000
061117,美律國泰9C購01  ,0,0,0,0,0,0,0,0,0,-16000,0,0,0,0,16000,-16000,-16000
061498,大立光國票9A購10,0,0,0,0,0,0,0,0,0,-16000,0,0,0,0,16000,-16000,-16000
061800,泰鼎永豐9B購01  ,0,0,0,0,0,0,0,0,0,-16000,0,0,0,0,16000,-16000,-16000
061509,SP黃豆富邦9C購01,0,0,0,0,0,0,0,0,0,-16000,0,0,0,8000,24000,-16000,-16000
066100,鎧勝中信05購01  ,0,0,0,0,0,0,0,0,0,-16000,0,0,0,5000,21000,-16000,-16000
066630,東森凱基01購01  ,0,0,0,0,0,0,0,0,0,-16000,0,0,0,90000,106000,-16000,-16000
066328,國揚永豐01購01  ,0,0,0,0,0,0,0,0,0,-16000,0,0,0,182000,198000,-16000,-16000
066655,上証2X凱基03購03,0,0,0,0,0,0,0,0,0,-16000,0,0,0,2000,18000,-16000,-16000
063858,鴻海國泰02購01  ,0,0,0,0,0,0,0,0,0,-16000,0,0,0,203000,219000,-16000,-16000
065461,台光電中信9C購01,0,0,0,0,0,0,0,0,0,-16000,0,0,0,133000,149000,-16000,-16000
1528,恩德            ,6000,22000,-16000,0,0,0,0,0,0,0,0,0,0,0,0,0,-16000
2460,建通            ,2000,17000,-15000,0,0,0,0,0,0,-1000,0,1000,-1000,0,0,0,-16000
2374,佳能            ,50000,65000,-15000,0,0,0,0,0,0,-1000,0,1000,-1000,0,0,0,-16000
2514,龍邦            ,4000,20000,-16000,0,0,0,0,0,0,0,0,0,0,0,0,0,-16000
8072,陞泰            ,10000,26000,-16000,0,0,0,0,0,0,0,0,0,0,0,0,0,-16000
6414,樺漢            ,40000,162650,-122650,0,0,0,109000,0,109000,-3000,6000,5000,1000,23000,27000,-4000,-16650
6415,矽力-KY         ,204064,225000,-20936,0,0,0,2000,1000,1000,3000,0,0,0,3000,0,3000,-16936
07689P,旺宏元大9A售13  ,0,0,0,0,0,0,0,0,0,-17000,0,0,0,11000,28000,-17000,-17000
068532,台郡元富07購02  ,0,0,0,0,0,0,0,0,0,-17000,0,0,0,0,17000,-17000,-17000
08062P,華擎國票9B售03  ,0,0,0,0,0,0,0,0,0,-17000,0,0,0,40000,57000,-17000,-17000
067624,微星富邦04購01  ,0,0,0,0,0,0,0,0,0,-17000,0,0,0,49000,66000,-17000,-17000
058610,欣興元大99購05  ,0,0,0,0,0,0,0,0,0,-17000,0,0,0,20000,37000,-17000,-17000
058135,景碩元大99購01  ,0,0,0,0,0,0,0,0,0,-17000,0,0,0,3000,20000,-17000,-17000
00683L,元大美元指數正2 ,0,0,0,0,0,0,0,0,0,-17000,0,0,0,23000,40000,-17000,-17000
03048P,南電國票03售01  ,0,0,0,0,0,0,0,0,0,-17000,0,0,0,0,17000,-17000,-17000
061972,華新元大9B購01  ,0,0,0,0,0,0,0,0,0,-17000,0,0,0,0,17000,-17000,-17000
063229,台表科群益9B購04,0,0,0,0,0,0,0,0,0,-17000,0,0,0,26000,43000,-17000,-17000
062177,上銀元大9B購02  ,0,0,0,0,0,0,0,0,0,-17000,0,0,0,106000,123000,-17000,-17000
061205,旺宏元大9A購11  ,0,0,0,0,0,0,0,0,0,-17000,0,0,0,80000,97000,-17000,-17000
061344,禾伸堂元大9A購02,0,0,0,0,0,0,0,0,0,-17000,0,0,0,3000,20000,-17000,-17000
060713,聯詠永豐9A購01  ,0,0,0,0,0,0,0,0,0,-17000,0,0,0,0,17000,-17000,-17000
064586,緯創永豐9C購01  ,0,0,0,0,0,0,0,0,0,-17000,0,0,0,30000,47000,-17000,-17000
065041,金像電凱基02購02,0,0,0,0,0,0,0,0,0,-17000,0,0,0,13000,30000,-17000,-17000
064743,聯詠國票01購01  ,0,0,0,0,0,0,0,0,0,-17000,0,0,0,5000,22000,-17000,-17000
063801,GIS凱基01購01   ,0,0,0,0,0,0,0,0,0,-17000,0,0,0,52000,69000,-17000,-17000
064771,貿聯中信01購01  ,0,0,0,0,0,0,0,0,0,-17000,0,0,0,21000,38000,-17000,-17000
064766,矽創凱基9C購01  ,0,0,0,0,0,0,0,0,0,-17000,0,0,0,10000,27000,-17000,-17000
064947,台積電凱基01購08,0,0,0,0,0,0,0,0,0,-17000,0,0,0,4000,21000,-17000,-17000
066730,致茂元大01購01  ,0,0,0,0,0,0,0,0,0,-17000,0,0,0,44000,61000,-17000,-17000
066844,聯發科元大01購12,0,0,0,0,0,0,0,0,0,-17000,0,0,0,40000,57000,-17000,-17000
066522,建準中信01購01  ,0,0,0,0,0,0,0,0,0,-17000,0,0,0,3000,20000,-17000,-17000
065906,瑞昱永豐9C購01  ,0,0,0,0,0,0,0,0,0,-17000,0,0,0,1000,18000,-17000,-17000
6152,百一            ,23000,40000,-17000,0,0,0,0,0,0,0,0,0,0,0,0,0,-17000
2923,鼎固-KY         ,0,20000,-20000,0,0,0,0,0,0,3000,3000,0,3000,0,0,0,-17000
2509,全坤建          ,0,16000,-16000,0,0,0,0,0,0,-1000,0,1000,-1000,0,0,0,-17000
2612,中航            ,0,17000,-17000,0,0,0,0,0,0,0,0,0,0,0,0,0,-17000
2546,根基            ,15000,32000,-17000,0,0,0,0,0,0,0,0,0,0,0,0,0,-17000
2109,華豐            ,31000,48000,-17000,0,0,0,0,0,0,0,0,0,0,0,0,0,-17000
1626,艾美特-KY       ,3000,17000,-14000,0,0,0,0,0,0,-3000,0,3000,-3000,0,0,0,-17000
1110,東泥            ,0,17000,-17000,0,0,0,0,0,0,0,0,0,0,0,0,0,-17000
08826P,健策元大01售08  ,0,0,0,0,0,0,0,0,0,-17000,0,0,0,35000,52000,-17000,-17000
08849P,國巨群益01售07  ,0,0,0,0,0,0,0,0,0,-17000,0,0,0,43000,60000,-17000,-17000
067630,大成鋼永豐01購01,0,0,0,0,0,0,0,0,0,-18000,0,0,0,46000,64000,-18000,-18000
068269,南亞科永豐01購01,0,0,0,0,0,0,0,0,0,-18000,0,0,0,0,18000,-18000,-18000
06806P,臺股指群益98售12,0,0,0,0,0,0,0,0,0,-18000,0,0,0,0,18000,-18000,-18000
067968,大立光群益01購10,0,0,0,0,0,0,0,0,0,-18000,0,0,0,2000,20000,-18000,-18000
067529,力山群益01購02  ,0,0,0,0,0,0,0,0,0,-18000,0,0,0,38000,56000,-18000,-18000
08515P,鴻海群益9C售06  ,0,0,0,0,0,0,0,0,0,-18000,0,0,0,2000,20000,-18000,-18000
08579P,臺股指元大9C售27,0,0,0,0,0,0,0,0,0,-18000,0,0,0,9000,27000,-18000,-18000
08699P,南電元大01售05  ,0,0,0,0,0,0,0,0,0,-18000,0,0,0,5000,23000,-18000,-18000
07923P,元金2X凱基02售02,0,0,0,0,0,0,0,0,0,-18000,0,0,0,6000,24000,-18000,-18000
006208,富邦台50        ,35000,35000,0,0,0,0,0,0,0,-18000,0,0,0,340000,358000,-18000,-18000
054768,泰碩國票99購02  ,0,0,0,0,0,0,0,0,0,-18000,0,0,0,2000,20000,-18000,-18000
059999,緯穎元富99購01  ,0,0,0,0,0,0,0,0,0,-18000,0,0,0,50000,68000,-18000,-18000
055899,群創中信99購01  ,0,0,0,0,0,0,0,0,0,-18000,0,0,0,0,18000,-18000,-18000
057354,聯鈞統一99購03  ,0,0,0,0,0,0,0,0,0,-18000,0,0,0,0,18000,-18000,-18000
058014,上銀凱基99購02  ,0,0,0,0,0,0,0,0,0,-18000,0,0,0,0,18000,-18000,-18000
058670,鴻海群益9A購03  ,0,0,0,0,0,0,0,0,0,-18000,0,0,0,22000,40000,-18000,-18000
058410,國巨兆豐99購03  ,0,0,0,0,0,0,0,0,0,-18000,0,0,0,52000,70000,-18000,-18000
064000,台郡兆豐9C購01  ,0,0,0,0,0,0,0,0,0,-18000,0,0,0,12000,30000,-18000,-18000
064451,技嘉統一01購02  ,0,0,0,0,0,0,0,0,0,-18000,0,0,0,152000,170000,-18000,-18000
061065,神基凱基9A購01  ,0,0,0,0,0,0,0,0,0,-18000,0,0,0,2000,20000,-18000,-18000
061162,南電群益9A購02  ,0,0,0,0,0,0,0,0,0,-18000,0,0,0,20000,38000,-18000,-18000
061375,華通永豐9A購02  ,0,0,0,0,0,0,0,0,0,-18000,0,0,0,0,18000,-18000,-18000
062491,矽創永豐9B購01  ,0,0,0,0,0,0,0,0,0,-18000,0,0,0,39000,57000,-18000,-18000
062458,全新群益9B購03  ,0,0,0,0,0,0,0,0,0,-18000,0,0,0,0,18000,-18000,-18000
062994,祥碩群益9B購05  ,0,0,0,0,0,0,0,0,0,-18000,0,0,0,5000,23000,-18000,-18000
063223,牧德群益9B購04  ,0,0,0,0,0,0,0,0,0,-18000,0,0,0,0,18000,-18000,-18000
063753,矽創國票9C購01  ,0,0,0,0,0,0,0,0,0,-18000,0,0,0,13000,31000,-18000,-18000
065869,微星群益02購01  ,0,0,0,0,0,0,0,0,0,-18000,0,0,0,10000,28000,-18000,-18000
066008,大立光統一03購02,0,0,0,0,0,0,0,0,0,-18000,0,0,0,0,18000,-18000,-18000
066071,台光電凱基02購01,0,0,0,0,0,0,0,0,0,-18000,0,0,0,56000,74000,-18000,-18000
066482,華碩元富01購02  ,0,0,0,0,0,0,0,0,0,-18000,0,0,0,153000,171000,-18000,-18000
066498,康控國泰02購01  ,0,0,0,0,0,0,0,0,0,-18000,0,0,0,117000,135000,-18000,-18000
065023,大毅永豐9C購01  ,0,0,0,0,0,0,0,0,0,-18000,0,0,0,0,18000,-18000,-18000
065370,瑞昱元大9C購02  ,0,0,0,0,0,0,0,0,0,-18000,0,0,0,69000,87000,-18000,-18000
1315,達新            ,21000,39000,-18000,0,0,0,0,0,0,0,0,0,0,0,0,0,-18000
1582,信錦            ,87000,105000,-18000,0,0,0,0,0,0,0,0,0,0,0,0,0,-18000
1463,強盛            ,6000,24000,-18000,0,0,0,0,0,0,0,0,0,0,0,0,0,-18000
2597,潤弘            ,2000,20000,-18000,0,0,0,0,0,0,0,0,0,0,0,0,0,-18000
3617,碩天            ,25000,41000,-16000,0,0,0,0,0,0,-2000,0,2000,-2000,0,0,0,-18000
6224,聚鼎            ,99000,117000,-18000,0,0,0,0,0,0,0,0,0,0,0,0,0,-18000
6277,宏正            ,28000,46000,-18000,0,0,0,0,0,0,0,0,0,0,0,0,0,-18000
08297P,寶成元大9C售01  ,0,0,0,0,0,0,0,0,0,-19000,0,0,0,15000,34000,-19000,-19000
067222,申豐元大01購01  ,0,0,0,0,0,0,0,0,0,-19000,0,0,0,470000,489000,-19000,-19000
067192,矽格凱基01購03  ,0,0,0,0,0,0,0,0,0,-19000,0,0,0,1000,20000,-19000,-19000
068067,台積電凱基01購17,0,0,0,0,0,0,0,0,0,-19000,0,0,0,43000,62000,-19000,-19000
063325,SP黃豆國票9C購02,0,0,0,0,0,0,0,0,0,-19000,0,0,0,0,19000,-19000,-19000
058625,旺宏國票9A購01  ,0,0,0,0,0,0,0,0,0,-19000,0,0,0,1000,20000,-19000,-19000
057945,京鼎國票99購03  ,0,0,0,0,0,0,0,0,0,-19000,0,0,0,21000,40000,-19000,-19000
059639,大立光凱基9A購06,0,0,0,0,0,0,0,0,0,-19000,0,0,0,41000,60000,-19000,-19000
059532,華新科凱基9B購03,0,0,0,0,0,0,0,0,0,-19000,0,0,0,1000,20000,-19000,-19000
055683,晶技凱基99購01  ,0,0,0,0,0,0,0,0,0,-19000,0,0,0,0,19000,-19000,-19000
054808,東元元大9A購01  ,0,0,0,0,0,0,0,0,0,-19000,0,0,0,5000,24000,-19000,-19000
03103P,聯發科元富01售02,0,0,0,0,0,0,0,0,0,-19000,0,0,0,38000,57000,-19000,-19000
063221,京元電群益9B購02,0,0,0,0,0,0,0,0,0,-19000,0,0,0,12000,31000,-19000,-19000
063616,上銀兆豐9C購01  ,0,0,0,0,0,0,0,0,0,-19000,0,0,0,0,19000,-19000,-19000
062827,神基群益9B購01  ,0,0,0,0,0,0,0,0,0,-19000,0,0,0,1000,20000,-19000,-19000
062190,瀚宇博元大9B購01,0,0,0,0,0,0,0,0,0,-19000,0,0,0,35000,54000,-19000,-19000
062188,貿聯元大9B購02  ,0,0,0,0,0,0,0,0,0,-19000,0,0,0,10000,29000,-19000,-19000
061690,旺宏群益9A購05  ,0,0,0,0,0,0,0,0,0,-19000,0,0,0,1000,20000,-19000,-19000
061184,大立光國泰9C購01,0,0,0,0,0,0,0,0,0,-19000,0,0,0,2000,21000,-19000,-19000
060811,亞德客凱基9A購02,0,0,0,0,0,0,0,0,0,-19000,0,0,0,109000,128000,-19000,-19000
060926,宏達電永豐9A購01,0,0,0,0,0,0,0,0,0,-19000,0,0,0,38000,57000,-19000,-19000
065365,國巨元大9C購19  ,0,0,0,0,0,0,0,0,0,-19000,0,0,0,12000,31000,-19000,-19000
065560,同欣電麥證9C購02,0,0,0,0,19000,-19000,0,0,0,-19000,0,0,0,0,19000,-19000,-19000
065576,泰鼎群益9C購02  ,0,0,0,0,0,0,0,0,0,-19000,0,0,0,0,19000,-19000,-19000
065176,玉晶光元大01購04,0,0,0,0,0,0,0,0,0,-19000,0,0,0,154000,173000,-19000,-19000
065310,華擎國票01購01  ,0,0,0,0,0,0,0,0,0,-19000,0,0,0,28000,47000,-19000,-19000
064723,大立光統一02購04,0,0,0,0,0,0,0,0,0,-19000,0,0,0,25000,44000,-19000,-19000
066542,臺指反元大04購02,0,0,0,0,0,0,0,0,0,-19000,0,0,0,0,19000,-19000,-19000
066822,泰豐群益01購01  ,0,0,0,0,0,0,0,0,0,-19000,0,0,0,1000,20000,-19000,-19000
066229,力山富邦04購01  ,0,0,0,0,0,0,0,0,0,-19000,0,0,0,44000,63000,-19000,-19000
6541,泰福-KY         ,40000,59000,-19000,0,0,0,0,0,0,0,0,0,0,0,0,0,-19000
6525,捷敏-KY         ,10000,29000,-19000,0,0,0,0,0,0,0,0,0,0,0,0,0,-19000
8473,山林水          ,1000,20000,-19000,0,0,0,0,0,0,0,0,0,0,0,0,0,-19000
2642,宅配通          ,7000,26000,-19000,0,0,0,0,0,0,0,0,0,0,0,0,0,-19000
1726,永記            ,0,19000,-19000,0,0,0,0,0,0,0,0,0,0,0,0,0,-19000
1459,聯發            ,1000,20000,-19000,0,0,0,0,0,0,0,0,0,0,0,0,0,-19000
1437,勤益控          ,6000,25000,-19000,0,0,0,0,0,0,0,0,0,0,0,0,0,-19000
068079,瑞儀凱基01購01  ,0,0,0,0,0,0,0,0,0,-20000,0,0,0,412000,432000,-20000,-20000
068093,達欣工群益01購01,0,0,0,0,0,0,0,0,0,-20000,0,0,0,7000,27000,-20000,-20000
067990,台積電元大01購32,0,0,0,0,0,0,0,0,0,-20000,0,0,0,0,20000,-20000,-20000
068150,英業達元大01購02,0,0,0,0,0,0,0,0,0,-20000,0,0,0,0,20000,-20000,-20000
067190,智伸科凱基02購01,0,0,0,0,0,0,0,0,0,-20000,0,0,0,20000,40000,-20000,-20000
067221,台表科元大01購02,0,0,0,0,0,0,0,0,0,-20000,0,0,0,45000,65000,-20000,-20000
067145,南港統一03購02  ,0,0,0,0,0,0,0,0,0,-20000,0,0,0,80000,100000,-20000,-20000
067440,A50正2國票02購01,0,0,0,0,0,0,0,0,0,-20000,0,0,0,0,20000,-20000,-20000
067346,巨大凱基02購01  ,0,0,0,0,0,0,0,0,0,-20000,0,0,0,0,20000,-20000,-20000
08319P,台積電統一9C售11,0,0,0,0,0,0,0,0,0,-20000,0,0,0,20000,40000,-20000,-20000
08359P,緯創元大9C售02  ,0,0,0,0,0,0,0,0,0,-20000,0,0,0,0,20000,-20000,-20000
07991P,鴻海群益9C售02  ,0,0,0,0,0,0,0,0,0,-20000,0,0,0,2000,22000,-20000,-20000
08228P,華擎國票9C售01  ,0,0,0,0,0,0,0,0,0,-20000,0,0,0,20000,40000,-20000,-20000
08193P,同欣電國票9C售02,0,0,0,0,0,0,0,0,0,-20000,0,0,0,40000,60000,-20000,-20000
08141P,鴻海凱基9B售09  ,0,0,0,0,0,0,0,0,0,-20000,0,0,0,0,20000,-20000,-20000
08135P,玉晶光國泰01售02,0,0,0,0,0,0,0,0,0,-20000,0,0,0,10000,30000,-20000,-20000
08137P,台灣50元大9B售24,0,0,0,0,0,0,0,0,0,-20000,0,0,0,0,20000,-20000,-20000
08583P,鴻海群益01售05  ,0,0,0,0,0,0,0,0,0,-20000,0,0,0,0,20000,-20000,-20000
08640P,台灣50群益9C售07,0,0,0,0,0,0,0,0,0,-20000,0,0,0,0,20000,-20000,-20000
07948P,大成鋼凱基9B售01,0,0,0,0,0,0,0,0,0,-20000,0,0,0,0,20000,-20000,-20000
07929P,旺宏統一9B售07  ,0,0,0,0,0,0,0,0,0,-20000,0,0,0,0,20000,-20000,-20000
07921P,鴻海群益9B售04  ,0,0,0,0,0,0,0,0,0,-20000,0,0,0,0,20000,-20000,-20000
07877P,晶技永豐9B售01  ,0,0,0,0,0,0,0,0,0,-20000,0,0,0,0,20000,-20000,-20000
07829P,旺宏凱基9A售07  ,0,0,0,0,0,0,0,0,0,-20000,0,0,0,0,20000,-20000,-20000
07756P,台灣50國票04售01,0,0,0,0,0,0,0,0,0,-20000,0,0,0,0,20000,-20000,-20000
07110P,台灣50群益9B售03,0,0,0,0,0,0,0,0,0,-20000,0,0,0,0,20000,-20000,-20000
07521P,台積電中信01售05,0,0,0,0,0,0,0,0,0,-20000,0,0,0,0,20000,-20000,-20000
07575P,瑞昱元大9A售02  ,0,0,0,0,0,0,0,0,0,-20000,0,0,0,10000,30000,-20000,-20000
068518,大立光統一01購10,0,0,0,0,0,0,0,0,0,-20000,0,0,0,0,20000,-20000,-20000
068490,台光電元大01購06,0,0,0,0,0,0,0,0,0,-20000,0,0,0,10000,30000,-20000,-20000
068581,台積電永豐01購05,0,0,0,0,0,0,0,0,0,-20000,0,0,0,9000,29000,-20000,-20000
06993P,鴻海凱基99售05  ,0,0,0,0,0,0,0,0,0,-20000,0,0,0,0,20000,-20000,-20000
06936P,瑞儀元大98售01  ,0,0,0,0,0,0,0,0,0,-20000,0,0,0,0,20000,-20000,-20000
06959P,鴻海凱基9A售02  ,0,0,0,0,0,0,0,0,0,-20000,0,0,0,0,20000,-20000,-20000
068447,A50正2國票03購01,0,0,0,0,0,0,0,0,0,-20000,0,0,0,0,20000,-20000,-20000
03099P,玉晶光凱基03售01,0,0,0,0,0,0,0,0,0,-20000,0,0,0,0,20000,-20000,-20000
03003P,京鼎群益01售02  ,0,0,0,0,0,0,0,0,0,-20000,0,0,0,0,20000,-20000,-20000
03128P,玉晶光國泰03售04,0,0,0,0,0,0,0,0,0,-20000,0,0,0,0,20000,-20000,-20000
03156P,台灣50元大01售36,0,0,0,0,0,0,0,0,0,-20000,0,0,0,0,20000,-20000,-20000
03178P,台積電群益01售23,0,0,0,0,0,0,0,0,0,-20000,0,0,0,0,20000,-20000,-20000
055158,亞光元大99購01  ,0,0,0,0,0,0,0,0,0,-20000,0,0,0,0,20000,-20000,-20000
055080,正崴中信99購01  ,0,0,0,0,0,0,0,0,0,-20000,0,0,0,0,20000,-20000,-20000
056552,台表科凱基99購01,0,0,0,0,0,0,0,0,0,-20000,0,0,0,0,20000,-20000,-20000
03693C,T50反1元大03牛01,0,0,0,0,0,0,0,0,0,-20000,0,0,0,0,20000,-20000,-20000
055815,亞光國票99購01  ,0,0,0,0,0,0,0,0,0,-20000,0,0,0,0,20000,-20000,-20000
055290,玉晶光元大98購08,0,0,0,0,0,0,0,0,0,-20000,0,0,0,0,20000,-20000,-20000
056012,勤誠中信99購01  ,0,0,0,0,0,0,0,0,0,-20000,0,0,0,0,20000,-20000,-20000
056127,致新國票98購02  ,0,0,0,0,0,0,0,0,0,-20000,0,0,0,0,20000,-20000,-20000
053993,旺宏群益98購02  ,0,0,0,0,0,0,0,0,0,-20000,0,0,0,0,20000,-20000,-20000
053901,T50反1凱基99購03,0,0,0,0,0,0,0,0,0,-20000,0,0,0,0,20000,-20000,-20000
056386,TPK國泰99購01   ,0,0,0,0,0,0,0,0,0,-20000,0,0,0,10000,30000,-20000,-20000
056313,聯茂元大98購01  ,0,0,0,0,0,0,0,0,0,-20000,0,0,0,0,20000,-20000,-20000
057116,鴻海日盛9A購01  ,0,0,0,0,0,0,0,0,0,-20000,0,0,0,30000,50000,-20000,-20000
057298,旭富永豐98購01  ,0,0,0,0,0,0,0,0,0,-20000,0,0,0,0,20000,-20000,-20000
057180,華新科元大99購08,0,0,0,0,0,0,0,0,0,-20000,0,0,0,0,20000,-20000,-20000
058055,華擎統一9A購01  ,0,0,0,0,0,0,0,0,0,-20000,0,0,0,0,20000,-20000,-20000
058074,欣興凱基99購01  ,0,0,0,0,0,0,0,0,0,-20000,0,0,0,0,20000,-20000,-20000
059031,元石油中信03購01,0,0,0,0,0,0,0,0,0,-20000,0,0,0,0,20000,-20000,-20000
060116,世紀鋼元大99購07,0,0,0,0,0,0,0,0,0,-20000,0,0,0,0,20000,-20000,-20000
059665,嘉聯益元大99購06,0,0,0,0,0,0,0,0,0,-20000,0,0,0,0,20000,-20000,-20000
059817,華通凱基99購05  ,0,0,0,0,0,0,0,0,0,-20000,0,0,0,10000,30000,-20000,-20000
059294,宏達電元富9B購02,0,0,0,0,0,0,0,0,0,-20000,0,0,0,138000,158000,-20000,-20000
058652,SGBR2X中信01購01,0,0,0,0,0,0,0,0,0,-20000,0,0,0,0,20000,-20000,-20000
058211,國巨群益9A購02  ,0,0,0,0,0,0,0,0,0,-20000,0,0,0,0,20000,-20000,-20000
058261,大立光富邦03購01,0,0,0,0,0,0,0,0,0,-20000,0,0,0,0,20000,-20000,-20000
058677,矽格群益99購01  ,0,0,0,0,0,0,0,0,0,-20000,0,0,0,0,20000,-20000,-20000
063268,GIS中信9B購01   ,0,0,0,0,0,0,0,0,0,-20000,0,0,0,20000,40000,-20000,-20000
063501,旭富永豐9B購02  ,0,0,0,0,0,0,0,0,0,-20000,0,0,0,0,20000,-20000,-20000
063462,金像電元大9C購01,0,0,0,0,0,0,0,0,0,-20000,0,0,0,0,20000,-20000,-20000
06344P,臺股指統一99售03,0,0,0,0,0,0,0,0,0,-20000,0,0,0,0,20000,-20000,-20000
063426,茂林凱基9B購03  ,0,0,0,0,0,0,0,0,0,-20000,0,0,0,0,20000,-20000,-20000
063421,可成凱基9C購02  ,0,0,0,0,0,0,0,0,0,-20000,0,0,0,0,20000,-20000,-20000
058372,欣興凱基99購03  ,0,0,0,0,0,0,0,0,0,-20000,0,0,0,0,20000,-20000,-20000
059869,友達凱基99購07  ,0,0,0,0,0,0,0,0,0,-20000,0,0,0,0,20000,-20000,-20000
059877,康控凱基99購05  ,0,0,0,0,0,0,0,0,0,-20000,0,0,0,0,20000,-20000,-20000
058490,元黃金群益9B購01,0,0,0,0,0,0,0,0,0,-20000,0,0,0,0,20000,-20000,-20000
057817,景碩元大98購01  ,0,0,0,0,0,0,0,0,0,-20000,0,0,0,0,20000,-20000,-20000
057650,力成元大98購04  ,0,0,0,0,0,0,0,0,0,-20000,0,0,0,0,20000,-20000,-20000
057595,健鼎兆豐98購01  ,0,0,0,0,0,0,0,0,0,-20000,0,0,0,10000,30000,-20000,-20000
060943,宏達電國票9B購02,0,0,0,0,0,0,0,0,0,-20000,0,0,0,0,20000,-20000,-20000
060182,旺宏元富9A購01  ,0,0,0,0,0,0,0,0,0,-20000,0,0,0,0,20000,-20000,-20000
061751,華通台新9B購01  ,0,0,0,0,0,0,0,0,0,-20000,0,0,0,0,20000,-20000,-20000
061721,道瓊反富邦9B購01,0,0,0,0,0,0,0,0,0,-20000,0,0,0,0,20000,-20000,-20000
064491,金像電元大9C購03,0,0,0,0,0,0,0,0,0,-20000,0,0,0,10000,30000,-20000,-20000
064337,大毅元大01購02  ,0,0,0,0,0,0,0,0,0,-20000,0,0,0,0,20000,-20000,-20000
064347,貿聯元大9C購03  ,0,0,0,0,0,0,0,0,0,-20000,0,0,0,67000,87000,-20000,-20000
064523,聯茂群益9C購01  ,0,0,0,0,0,0,0,0,0,-20000,0,0,0,1000,21000,-20000,-20000
064534,京元電國票01購01,0,0,0,0,0,0,0,0,0,-20000,0,0,0,12000,32000,-20000,-20000
061034,晶豪科永豐9A購01,0,0,0,0,0,0,0,0,0,-20000,0,0,0,0,20000,-20000,-20000
060645,台表科永豐9A購02,0,0,0,0,0,0,0,0,0,-20000,0,0,0,0,20000,-20000,-20000
060381,元黃金凱基9A購01,0,0,0,0,0,0,0,0,0,-20000,0,0,0,5000,25000,-20000,-20000
060453,儒鴻元大9A購02  ,0,0,0,0,0,0,0,0,0,-20000,0,0,0,0,20000,-20000,-20000
061256,亞德客凱基9B購01,0,0,0,0,0,0,0,0,0,-20000,0,0,0,157000,177000,-20000,-20000
060861,漢唐永豐9A購01  ,0,0,0,0,0,0,0,0,0,-20000,0,0,0,0,20000,-20000,-20000
061422,台積電元大9A購30,0,0,0,0,0,0,0,0,0,-20000,0,0,0,0,20000,-20000,-20000
062794,鴻海統一9C購15  ,20000,20000,0,0,0,0,0,0,0,-20000,0,0,0,40000,60000,-20000,-20000
062935,華通凱基9C購02  ,0,0,0,0,0,0,0,0,0,-20000,0,0,0,25000,45000,-20000,-20000
062953,大立光永豐9B購01,0,0,0,0,0,0,0,0,0,-20000,0,0,0,0,20000,-20000,-20000
063028,巨大元大9B購02  ,0,0,0,0,0,0,0,0,0,-20000,0,0,0,0,20000,-20000,-20000
062453,聚陽群益9C購01  ,0,0,0,0,0,0,0,0,0,-20000,0,0,0,10000,30000,-20000,-20000
062464,T50反1凱基9C購03,0,0,0,0,0,0,0,0,0,-20000,0,0,0,0,20000,-20000,-20000
062364,瑞昱元大9B購04  ,0,0,0,0,0,0,0,0,0,-20000,0,0,0,7000,27000,-20000,-20000
062165,聯茂國泰01購01  ,0,0,0,0,0,0,0,0,0,-20000,0,0,0,0,20000,-20000,-20000
061768,晶技元大9B購02  ,0,0,0,0,0,0,0,0,0,-20000,0,0,0,10000,30000,-20000,-20000
062285,台勝科群益9B購01,0,0,0,0,0,0,0,0,0,-20000,0,0,0,10000,30000,-20000,-20000
061780,國巨群益9C購01  ,0,0,0,0,0,0,0,0,0,-20000,0,0,0,0,20000,-20000,-20000
062004,國巨國泰9C購03  ,0,0,0,0,0,0,0,0,0,-20000,0,0,0,1000,21000,-20000,-20000
061922,瑞昱凱基9B購01  ,0,0,0,0,0,0,0,0,0,-20000,0,0,0,39000,59000,-20000,-20000
061904,台灣50中信9B購01,0,0,0,0,0,0,0,0,0,-20000,0,0,0,0,20000,-20000,-20000
063563,國巨元大9C購07  ,0,0,0,0,0,0,0,0,0,-20000,0,0,0,20000,40000,-20000,-20000
063576,台表科元大9B購08,0,0,0,0,0,0,0,0,0,-20000,0,0,0,94000,114000,-20000,-20000
063734,可成元大9B購04  ,0,0,0,0,0,0,0,0,0,-20000,0,0,0,0,20000,-20000,-20000
063653,儒鴻元富9B購01  ,0,0,0,0,0,0,0,0,0,-20000,0,0,0,653000,673000,-20000,-20000
066101,微星國票02購01  ,0,0,0,0,0,0,0,0,0,-20000,0,0,0,0,20000,-20000,-20000
066147,美利達群益01購01,0,0,0,0,0,0,0,0,0,-20000,0,0,0,0,20000,-20000,-20000
065958,T50反1元大01購01,0,0,0,0,0,0,0,0,0,-20000,0,0,0,0,20000,-20000,-20000
065976,牧德元大02購02  ,0,0,0,0,0,0,0,0,0,-20000,0,0,0,0,20000,-20000,-20000
065927,智原國票02購01  ,0,0,0,0,0,0,0,0,0,-20000,0,0,0,0,20000,-20000,-20000
065781,創意富邦01購01  ,0,0,0,0,0,0,0,0,0,-20000,0,0,0,10000,30000,-20000,-20000
065796,T50反1群益01購02,0,0,0,0,0,0,0,0,0,-20000,0,0,0,0,20000,-20000,-20000
066942,滬深2X元大03購02,0,0,0,0,0,0,0,0,0,-20000,0,0,0,0,20000,-20000,-20000
066644,瑞昱麥證01購01  ,0,0,0,20000,35000,-15000,0,0,0,-20000,0,0,0,25000,45000,-20000,-20000
063847,聯發科元大9C購03,0,0,0,0,0,0,0,0,0,-20000,0,0,0,17000,37000,-20000,-20000
063813,瑞昱群益9C購02  ,0,0,0,0,0,0,0,0,0,-20000,0,0,0,0,20000,-20000,-20000
063989,大立光永豐9C購01,0,0,0,0,0,0,0,0,0,-20000,0,0,0,0,20000,-20000,-20000
063967,華新科國票01購01,0,0,0,0,0,0,0,0,0,-20000,0,0,0,8000,28000,-20000,-20000
064097,友訊群益9C購01  ,0,0,0,0,0,0,0,0,0,-20000,0,0,0,0,20000,-20000,-20000
063963,鴻海國票01購01  ,0,0,0,0,0,0,0,0,0,-20000,0,0,0,0,20000,-20000,-20000
064804,英業達元大9C購01,0,0,0,0,0,0,0,0,0,-20000,0,0,0,105000,125000,-20000,-20000
065643,聯發科元大01購06,0,0,0,0,0,0,0,0,0,-20000,0,0,0,0,20000,-20000,-20000
065660,晶豪科永豐9C購01,0,0,0,0,0,0,0,0,0,-20000,0,0,0,0,20000,-20000,-20000
065554,群創凱基02購02  ,0,0,0,0,0,0,0,0,0,-20000,0,0,0,0,20000,-20000,-20000
065512,友訊群益01購01  ,0,0,0,0,0,0,0,0,0,-20000,0,0,0,0,20000,-20000,-20000
1225,福懋油          ,0,20000,-20000,0,0,0,0,0,0,0,0,0,0,0,0,0,-20000
08823P,台灣50元大01售26,0,0,0,0,0,0,0,0,0,-20000,0,0,0,0,20000,-20000,-20000
08962P,大立光凱基03售05,0,0,0,0,0,0,0,0,0,-20000,0,0,0,0,20000,-20000,-20000
08964P,美律台新01售01  ,0,0,0,0,0,0,0,0,0,-20000,0,0,0,2000,22000,-20000,-20000
2022,聚亨            ,23000,43000,-20000,0,0,0,0,0,0,0,0,0,0,0,0,0,-20000
2524,京城            ,14000,34000,-20000,0,0,0,0,0,0,0,0,0,0,0,0,0,-20000
2516,新建            ,0,19000,-19000,0,0,0,0,0,0,-1000,0,1000,-1000,0,0,0,-20000
2486,一詮            ,41000,61000,-20000,0,0,0,0,0,0,0,0,0,0,0,0,0,-20000
4137,麗豐-KY         ,57000,65000,-8000,0,0,0,0,0,0,-12000,0,0,0,16000,28000,-12000,-20000
4545,銘鈺            ,2000,21000,-19000,0,0,0,0,0,0,-1000,0,1000,-1000,0,0,0,-20000
068558,聯電元大01購07  ,0,0,0,0,0,0,0,0,0,-21000,0,0,0,0,21000,-21000,-21000
08299P,玉晶光國票02售01,0,0,0,0,0,0,0,0,0,-21000,0,0,0,26000,47000,-21000,-21000
063261,康控富邦03購01  ,0,0,0,0,0,0,0,0,0,-21000,0,0,0,0,21000,-21000,-21000
058808,大成鋼統一9B購01,0,0,0,0,0,0,0,0,0,-21000,0,0,0,10000,31000,-21000,-21000
059334,A50正2國票9A購02,0,0,0,0,0,0,0,0,0,-21000,0,0,0,0,21000,-21000,-21000
058104,國巨統一9A購04  ,0,0,0,0,0,0,0,0,0,-21000,0,0,0,0,21000,-21000,-21000
057198,智伸科統一9B購01,0,0,0,0,0,0,0,0,0,-21000,0,0,0,3000,24000,-21000,-21000
056413,上証反中信9A購01,0,0,0,0,0,0,0,0,0,-21000,0,0,0,0,21000,-21000,-21000
03002P,玉晶光群益02售18,0,0,0,0,0,0,0,0,0,-21000,0,0,0,32000,53000,-21000,-21000
061979,友達元大9C購08  ,0,0,0,0,0,0,0,0,0,-21000,0,0,0,135000,156000,-21000,-21000
060628,和大富邦9B購01  ,0,0,0,0,0,0,0,0,0,-21000,0,0,0,0,21000,-21000,-21000
060982,旺宏元大9A購09  ,0,0,0,0,0,0,0,0,0,-21000,0,0,0,29000,50000,-21000,-21000
060983,南亞科元大9A購06,0,0,0,0,0,0,0,0,0,-21000,0,0,0,0,21000,-21000,-21000
066428,健策元大02購02  ,0,0,0,0,0,0,0,0,0,-21000,0,0,0,345000,366000,-21000,-21000
066890,聯詠中信07購01  ,0,0,0,0,0,0,0,0,0,-21000,0,0,0,2000,23000,-21000,-21000
4141,龍燈-KY         ,19000,37000,-18000,0,0,0,0,0,0,-3000,0,3000,-3000,0,0,0,-21000
2528,皇普            ,53000,65000,-12000,0,0,0,0,0,0,-9000,0,9000,-9000,0,0,0,-21000
08715P,創意元富07售02  ,0,0,0,0,0,0,0,0,0,-22000,0,0,0,40000,62000,-22000,-22000
067956,玉晶光永豐01購08,0,0,0,0,0,0,0,0,0,-22000,0,0,0,0,22000,-22000,-22000
067785,晶技群益01購03  ,0,0,0,0,0,0,0,0,0,-22000,0,0,0,40000,62000,-22000,-22000
067846,大立光元富01購01,0,0,0,0,0,0,0,0,0,-22000,0,0,0,30000,52000,-22000,-22000
03073P,大立光國泰03售04,0,0,0,0,0,0,0,0,0,-22000,0,0,0,19000,41000,-22000,-22000
056921,京元電兆豐98購01,0,0,0,0,0,0,0,0,0,-22000,0,0,0,0,22000,-22000,-22000
059267,群創中信01購02  ,0,0,0,0,0,0,0,0,0,-22000,0,0,0,5000,27000,-22000,-22000
057936,健策群益99購01  ,0,0,0,0,0,0,0,0,0,-22000,0,0,0,14000,36000,-22000,-22000
063508,緯創群益9B購01  ,0,0,0,0,0,0,0,0,0,-22000,0,0,0,17000,39000,-22000,-22000
058428,大立光元富99購02,0,0,0,0,0,0,0,0,0,-22000,0,0,0,0,22000,-22000,-22000
06438P,玉晶光國票99售02,0,0,0,0,0,0,0,0,0,-22000,0,0,0,50000,72000,-22000,-22000
060315,易華電永豐9A購01,0,0,0,0,0,0,0,0,0,-22000,0,0,0,0,22000,-22000,-22000
061028,聚陽永豐9A購01  ,0,0,0,0,0,0,0,0,0,-22000,0,0,0,21000,43000,-22000,-22000
061456,玉晶光凱基9B購05,0,0,0,0,0,0,0,0,0,-22000,0,0,0,10000,32000,-22000,-22000
061213,群創元大9A購05  ,0,0,0,0,0,0,0,0,0,-22000,0,0,0,0,22000,-22000,-22000
062033,瀚宇博群益9B購01,0,0,0,0,0,0,0,0,0,-22000,0,0,0,3000,25000,-22000,-22000
063774,GIS富邦9B購02   ,0,0,0,0,0,0,0,0,0,-22000,0,0,0,0,22000,-22000,-22000
063211,道瓊銀國票9B購01,0,0,0,0,0,0,0,0,0,-22000,0,0,0,6000,28000,-22000,-22000
062736,漢唐國票9B購01  ,0,0,0,0,0,0,0,0,0,-22000,0,0,0,0,22000,-22000,-22000
066896,緯穎兆豐03購01  ,0,0,0,0,0,0,0,0,0,-22000,0,0,0,0,22000,-22000,-22000
066509,南亞永豐01購01  ,0,0,0,0,0,0,0,0,0,-22000,0,0,0,36000,58000,-22000,-22000
065784,正崴永豐9C購01  ,0,0,0,0,0,0,0,0,0,-22000,0,0,0,24000,46000,-22000,-22000
065561,同欣電麥證9C購03,0,0,0,0,22000,-22000,0,0,0,-22000,0,0,0,0,22000,-22000,-22000
065458,立積元富03購02  ,0,0,0,0,0,0,0,0,0,-22000,0,0,0,11000,33000,-22000,-22000
065166,台達電元大9C購04,0,0,0,0,0,0,0,0,0,-22000,0,0,0,20000,42000,-22000,-22000
065109,台勝科國票01購01,0,0,0,0,0,0,0,0,0,-22000,0,0,0,0,22000,-22000,-22000
1218,泰山            ,71000,137000,-66000,0,0,0,0,0,0,44000,0,0,0,50000,6000,44000,-22000
1423,利華            ,0,20000,-20000,0,0,0,0,0,0,-2000,0,2000,-2000,0,0,0,-22000
1456,怡華            ,1000,23000,-22000,0,0,0,0,0,0,0,0,0,0,0,0,0,-22000
1603,華電            ,4000,26000,-22000,0,0,0,0,0,0,0,0,0,0,0,0,0,-22000
3494,誠研            ,1000,23000,-22000,0,0,0,0,0,0,0,0,0,0,0,0,0,-22000
6108,競國            ,2000,17000,-15000,0,0,0,0,0,0,-7000,0,7000,-7000,0,0,0,-22000
2207,和泰車          ,173263,198000,-24737,0,0,0,0,0,0,2000,5000,3000,2000,0,0,0,-22737
067803,台積電凱基07購02,0,0,0,0,0,0,0,0,0,-23000,0,0,0,2000,25000,-23000,-23000
067976,訊連群益01購01  ,0,0,0,0,0,0,0,0,0,-23000,0,0,0,20000,43000,-23000,-23000
067418,中化凱基01購01  ,0,0,0,0,0,0,0,0,0,-23000,0,0,0,37000,60000,-23000,-23000
08766P,臺股指中信03售03,0,0,0,0,0,0,0,0,0,-23000,0,0,0,0,23000,-23000,-23000
07879P,瑞昱群益9C售01  ,0,0,0,0,0,0,0,0,0,-23000,0,0,0,0,23000,-23000,-23000
07944P,華新科元大9B售08,0,0,0,0,0,0,0,0,0,-23000,0,0,0,35000,58000,-23000,-23000
058727,嘉晶富邦9A購01  ,0,0,0,0,0,0,0,0,0,-23000,0,0,0,28000,51000,-23000,-23000
059170,康控凱基9B購01  ,0,0,0,0,0,0,0,0,0,-23000,0,0,0,13000,36000,-23000,-23000
054308,嘉晶凱基98購01  ,0,0,0,0,0,0,0,0,0,-23000,0,0,0,10000,33000,-23000,-23000
055781,聯詠凱基98購01  ,0,0,0,0,0,0,0,0,0,-23000,0,0,0,0,23000,-23000,-23000
03051P,玉晶光統一01售14,0,0,0,0,0,0,0,0,0,-23000,0,0,0,21000,44000,-23000,-23000
03185P,台積電元大01售49,0,0,0,0,0,0,0,0,0,-23000,0,0,0,2250000,2273000,-23000,-23000
062637,智易國票9B購01  ,0,0,0,0,0,0,0,0,0,-23000,0,0,0,4000,27000,-23000,-23000
061572,奇力新元大9A購04,0,0,0,0,0,0,0,0,0,-23000,0,0,0,0,23000,-23000,-23000
062710,盛群元大9B購01  ,0,0,0,0,0,0,0,0,0,-23000,0,0,0,238000,261000,-23000,-23000
061366,台勝科國票9A購01,0,0,0,0,0,0,0,0,0,-23000,0,0,0,0,23000,-23000,-23000
064432,台積電凱基9C購04,0,0,0,0,0,0,0,0,0,-23000,0,0,0,285000,308000,-23000,-23000
064285,貿聯元大9C購02  ,0,0,0,0,0,0,0,0,0,-23000,0,0,0,17000,40000,-23000,-23000
065585,聯發科富邦03購02,0,0,0,0,0,0,0,0,0,-23000,0,0,0,58000,81000,-23000,-23000
064203,康控兆豐9C購02  ,0,0,0,0,0,0,0,0,0,-23000,0,0,0,21000,44000,-23000,-23000
066296,昇陽半元大01購02,0,0,0,0,0,0,0,0,0,-23000,0,0,0,22000,45000,-23000,-23000
066746,聯茂元大01購01  ,0,0,0,0,0,0,0,0,0,-23000,0,0,0,296000,319000,-23000,-23000
2028,威致            ,3000,26000,-23000,0,0,0,0,0,0,0,0,0,0,0,0,0,-23000
1714,和桐            ,370000,393000,-23000,0,0,0,0,0,0,0,0,0,0,0,0,0,-23000
2506,太設            ,12000,35000,-23000,0,0,0,0,0,0,0,0,0,0,0,0,0,-23000
1524,耿鼎            ,2000,25000,-23000,0,0,0,0,0,0,0,0,0,0,0,0,0,-23000
6598,ABC-KY          ,76000,99000,-23000,0,0,0,0,0,0,0,0,0,0,0,0,0,-23000
8466,美吉吉-KY       ,2000,25000,-23000,0,0,0,0,0,0,0,0,0,0,0,0,0,-23000
9905,大華            ,0,23000,-23000,0,0,0,0,0,0,0,0,0,0,0,0,0,-23000
3702A,大聯大甲特      ,1000,0,1000,0,0,0,0,0,0,-24000,0,24000,-24000,0,0,0,-23000
07065P,臺股指元大9A售26,0,0,0,0,0,0,0,0,0,-24000,0,0,0,0,24000,-24000,-24000
068544,台積電兆豐03購04,0,0,0,0,0,0,0,0,0,-24000,0,0,0,3000,27000,-24000,-24000
068547,台積電群益01購21,0,0,0,0,0,0,0,0,0,-24000,0,0,0,3000,27000,-24000,-24000
068521,同欣電統一03購02,0,0,0,0,0,0,0,0,0,-24000,0,0,0,0,24000,-24000,-24000
08792P,聯發科中信02售02,0,0,0,0,0,0,0,0,0,-24000,0,0,0,67000,91000,-24000,-24000
067057,滬深2X元大01購09,0,0,0,0,0,0,0,0,0,-24000,0,0,0,796000,820000,-24000,-24000
068259,台灣50富邦03購04,0,0,0,0,0,0,0,0,0,-24000,0,0,0,2000,26000,-24000,-24000
056579,麗豐元大99購01  ,0,0,0,0,0,0,0,0,0,-24000,0,0,0,499000,523000,-24000,-24000
057088,上銀元富98購01  ,0,0,0,0,0,0,0,0,0,-24000,0,0,0,16000,40000,-24000,-24000
059699,華通凱基99購04  ,0,0,0,0,0,0,0,0,0,-24000,0,0,0,20000,44000,-24000,-24000
058650,台虹永豐9A購01  ,0,0,0,0,0,0,0,0,0,-24000,0,0,0,1000,25000,-24000,-24000
063291,緯穎元大01購01  ,0,0,0,0,0,0,0,0,0,-24000,0,0,0,103000,127000,-24000,-24000
062705,美食元大9B購01  ,0,0,0,0,0,0,0,0,0,-24000,0,0,0,117000,141000,-24000,-24000
061917,亞德客凱基9B購02,0,0,0,0,0,0,0,0,0,-24000,0,0,0,193000,217000,-24000,-24000
061789,群創群益9B購01  ,0,0,0,0,0,0,0,0,0,-24000,0,0,0,85000,109000,-24000,-24000
062594,祥碩統一01購02  ,0,0,0,0,0,0,0,0,0,-24000,0,0,0,0,24000,-24000,-24000
063063,泰鼎元富9B購01  ,0,0,0,0,0,0,0,0,0,-24000,0,0,0,0,24000,-24000,-24000
062971,英業達元富9B購01,0,0,0,0,0,0,0,0,0,-24000,0,0,0,6000,30000,-24000,-24000
062972,京元電元富9B購01,0,0,0,0,0,0,0,0,0,-24000,0,0,0,46000,70000,-24000,-24000
066419,聯發科元大01購11,0,0,0,0,0,0,0,0,0,-24000,0,0,0,0,24000,-24000,-24000
066042,正崴元大02購01  ,0,0,0,0,0,0,0,0,0,-24000,0,0,0,20000,44000,-24000,-24000
064251,緯創元富9C購01  ,0,0,0,0,0,0,0,0,0,-24000,0,0,0,22000,46000,-24000,-24000
064902,健策群益01購03  ,0,0,0,0,0,0,0,0,0,-24000,0,0,0,56000,80000,-24000,-24000
064727,群創統一02購03  ,0,0,0,0,0,0,0,0,0,-24000,0,0,0,549000,573000,-24000,-24000
065545,華通兆豐9C購03  ,0,0,0,0,0,0,0,0,0,-24000,0,0,0,0,24000,-24000,-24000
065429,微星凱基02購02  ,0,0,0,0,0,0,0,0,0,-24000,0,0,0,1000,25000,-24000,-24000
065012,燿華國泰02購01  ,0,0,0,0,0,0,0,0,0,-24000,0,0,0,195000,219000,-24000,-24000
065237,茂林凱基01購01  ,0,0,0,0,0,0,0,0,0,-24000,0,0,0,26000,50000,-24000,-24000
3015,全漢            ,35000,58000,-23000,0,0,0,0,0,0,-1000,0,1000,-1000,0,0,0,-24000
5533,皇鼎            ,7000,31000,-24000,0,0,0,0,0,0,0,0,0,0,0,0,0,-24000
5471,松翰            ,526000,600000,-74000,0,0,0,0,0,0,50000,0,3000,-3000,89000,36000,53000,-24000
1109,信大            ,5000,29000,-24000,0,0,0,0,0,0,0,0,0,0,0,0,0,-24000
2617,台航            ,8000,32000,-24000,0,0,0,0,0,0,0,0,0,0,0,0,0,-24000
067995,瑞昱元大02購01  ,0,0,0,0,0,0,0,0,0,-25000,0,0,0,97000,122000,-25000,-25000
067051,泰鼎凱基02購01  ,0,0,0,0,0,0,0,0,0,-25000,0,0,0,0,25000,-25000,-25000
067365,美利達群益01購03,0,0,0,0,0,0,0,0,0,-25000,0,0,0,47000,72000,-25000,-25000
08724P,臺股指元大01售05,0,0,0,0,0,0,0,0,0,-25000,0,0,0,0,25000,-25000,-25000
068529,貿聯元富07購01  ,0,0,0,0,0,0,0,0,0,-25000,0,0,0,50000,75000,-25000,-25000
068430,聯電凱基01購01  ,0,0,0,0,0,0,0,0,0,-25000,0,0,0,50000,75000,-25000,-25000
07142P,台灣50元大01售01,0,0,0,0,0,0,0,0,0,-25000,0,0,0,75000,100000,-25000,-25000
07768P,緯穎群益9A售02  ,0,0,0,0,0,0,0,0,0,-25000,0,0,0,25000,50000,-25000,-25000
063260,信邦富邦9B購01  ,0,0,0,0,0,0,0,0,0,-25000,0,0,0,1000,26000,-25000,-25000
061507,南電國票9A購05  ,0,0,0,0,0,0,0,0,0,-25000,0,0,0,30000,55000,-25000,-25000
063295,京元電麥證9B購01,0,0,0,7000,32000,-25000,0,0,0,-25000,0,0,0,7000,32000,-25000,-25000
057389,玉晶光永豐98購06,0,0,0,0,0,0,0,0,0,-25000,0,0,0,10000,35000,-25000,-25000
056353,鴻海元大99購02  ,0,0,0,0,0,0,0,0,0,-25000,0,0,0,0,25000,-25000,-25000
056764,友達元大9A購03  ,0,0,0,0,0,0,0,0,0,-25000,0,0,0,0,25000,-25000,-25000
056782,鴻海群益98購04  ,0,0,0,0,0,0,0,0,0,-25000,0,0,0,5000,30000,-25000,-25000
062898,華通元大9B購05  ,0,0,0,0,0,0,0,0,0,-25000,0,0,0,246000,271000,-25000,-25000
061808,聯發科統一01購02,0,0,0,0,0,0,0,0,0,-25000,0,0,0,65000,90000,-25000,-25000
062013,奇鋐富邦9B購01  ,0,0,0,0,0,0,0,0,0,-25000,0,0,0,0,25000,-25000,-25000
063184,台光電凱基9B購03,0,0,0,0,0,0,0,0,0,-25000,0,0,0,0,25000,-25000,-25000
064333,義隆元大9C購02  ,0,0,0,0,0,0,0,0,0,-25000,0,0,0,15000,40000,-25000,-25000
061436,上銀凱基9A購07  ,0,0,0,0,0,0,0,0,0,-25000,0,0,0,10000,35000,-25000,-25000
061681,南電元大9A購08  ,0,0,0,0,0,0,0,0,0,-25000,0,0,0,0,25000,-25000,-25000
061088,國巨統一9C購05  ,0,0,0,0,0,0,0,0,0,-25000,0,0,0,0,25000,-25000,-25000
065107,道瓊反國票9C購03,0,0,0,0,0,0,0,0,0,-25000,0,0,0,0,25000,-25000,-25000
065103,南六元大9C購06  ,0,0,0,0,0,0,0,0,0,-25000,0,0,0,176000,201000,-25000,-25000
065093,新日興元大9C購03,0,0,0,0,0,0,0,0,0,-25000,0,0,0,0,25000,-25000,-25000
065069,臺股指群益9C購17,0,0,0,0,0,0,0,0,0,-25000,0,0,0,0,25000,-25000,-25000
063808,台表科兆豐9C購01,0,0,0,0,0,0,0,0,0,-25000,0,0,0,0,25000,-25000,-25000
064671,聯茂元大9C購02  ,0,0,0,0,0,0,0,0,0,-25000,0,0,0,130000,155000,-25000,-25000
064083,群創中信06購01  ,0,0,0,0,0,0,0,0,0,-25000,0,0,0,109000,134000,-25000,-25000
066244,臺指反元大04購01,0,0,0,0,0,0,0,0,0,-25000,0,0,0,0,25000,-25000,-25000
065770,元黃金國票01購01,0,0,0,0,0,0,0,0,0,-25000,0,0,0,0,25000,-25000,-25000
065898,神基麥證9C購01  ,0,0,0,0,25000,-25000,0,0,0,-25000,0,0,0,0,25000,-25000,-25000
1795,美時            ,102000,127000,-25000,0,0,0,0,0,0,0,0,0,0,0,0,0,-25000
4526,東台            ,19000,44000,-25000,0,0,0,0,0,0,0,0,0,0,0,0,0,-25000
068533,台郡元富07購03  ,0,0,0,0,0,0,0,0,0,-26000,0,0,0,0,26000,-26000,-26000
08779P,旺宏群益01售04  ,0,0,0,0,0,0,0,0,0,-26000,0,0,0,2000,28000,-26000,-26000
067599,台積電凱基01購14,0,0,0,0,0,0,0,0,0,-26000,0,0,0,20000,46000,-26000,-26000
067933,微星凱基02購04  ,0,0,0,0,0,0,0,0,0,-26000,0,0,0,29000,55000,-26000,-26000
067647,鴻海元富07購09  ,0,0,0,0,0,0,0,0,0,-26000,0,0,0,78000,104000,-26000,-26000
056517,茂林兆豐99購01  ,0,0,0,0,0,0,0,0,0,-26000,0,0,0,0,26000,-26000,-26000
052132,旺宏凱基9B購01  ,0,0,0,0,0,0,0,0,0,-26000,0,0,0,0,26000,-26000,-26000
055695,大毅國票98購03  ,0,0,0,0,0,0,0,0,0,-26000,0,0,0,0,26000,-26000,-26000
058189,嘉澤永豐99購01  ,0,0,0,0,0,0,0,0,0,-26000,0,0,0,44000,70000,-26000,-26000
058193,緯穎永豐99購01  ,0,0,0,0,0,0,0,0,0,-26000,0,0,0,1000,27000,-26000,-26000
059120,致伸永豐99購01  ,0,0,0,0,0,0,0,0,0,-26000,0,0,0,88000,114000,-26000,-26000
058955,台積電國票9A購04,0,0,0,0,0,0,0,0,0,-26000,0,0,0,27000,53000,-26000,-26000
060953,富邦金群益9A購01,0,0,0,0,0,0,0,0,0,-26000,0,0,0,53000,79000,-26000,-26000
061813,鴻海群益9B購02  ,0,0,0,0,0,0,0,0,0,-26000,0,0,0,120000,146000,-26000,-26000
062261,嘉晶元大9B購02  ,0,0,0,0,0,0,0,0,0,-26000,0,0,0,2000,28000,-26000,-26000
062762,聯詠凱基9B購02  ,0,0,0,0,0,0,0,0,0,-26000,0,0,0,30000,56000,-26000,-26000
065822,緯創台新9C購01  ,0,0,0,0,0,0,0,0,0,-26000,0,0,0,33000,59000,-26000,-26000
065859,GIS元大9C購10   ,0,0,0,0,0,0,0,0,0,-26000,0,0,0,12000,38000,-26000,-26000
066116,宏達電兆豐01購01,0,0,0,0,0,0,0,0,0,-26000,0,0,0,4000,30000,-26000,-26000
066402,泰鼎凱基01購02  ,0,0,0,0,0,0,0,0,0,-26000,0,0,0,2000,28000,-26000,-26000
066799,台光電凱基01購02,0,0,0,0,0,0,0,0,0,-26000,0,0,0,24000,50000,-26000,-26000
064218,南六凱基01購01  ,0,0,0,0,0,0,0,0,0,-26000,0,0,0,30000,56000,-26000,-26000
064177,立積國泰01購01  ,0,0,0,0,0,0,0,0,0,-26000,0,0,0,53000,79000,-26000,-26000
065083,南亞科元大01購01,0,0,0,0,0,0,0,0,0,-26000,0,0,0,21000,47000,-26000,-26000
9942,茂順            ,0,26000,-26000,0,0,0,0,0,0,0,0,0,0,0,0,0,-26000
2405,浩鑫            ,109000,135000,-26000,0,0,0,0,0,0,0,0,0,0,0,0,0,-26000
1201,味全            ,99000,125000,-26000,0,0,0,0,0,0,0,0,0,0,0,0,0,-26000
06777P,鴻海元大99售06  ,0,0,0,0,0,0,0,0,0,-27000,0,0,0,0,27000,-27000,-27000
067899,玉晶光群益02購13,0,0,0,0,0,0,0,0,0,-27000,0,0,0,0,27000,-27000,-27000
067790,台表科群益01購03,0,0,0,0,0,0,0,0,0,-27000,0,0,0,99000,126000,-27000,-27000
067847,大立光元富01購02,0,0,0,0,0,0,0,0,0,-27000,0,0,0,0,27000,-27000,-27000
067090,南六元大01購04  ,0,0,0,0,0,0,0,0,0,-27000,0,0,0,129000,156000,-27000,-27000
067132,瑞昱永豐01購01  ,0,0,0,0,0,0,0,0,0,-27000,0,0,0,13000,40000,-27000,-27000
08338P,台灣50凱基9C售11,0,0,0,0,0,0,0,0,0,-27000,0,0,0,0,27000,-27000,-27000
08441P,同欣電元富9C售01,0,0,0,0,0,0,0,0,0,-27000,0,0,0,85000,112000,-27000,-27000
07509P,牧德國票9A售03  ,0,0,0,0,0,0,0,0,0,-27000,0,0,0,0,27000,-27000,-27000
059197,可成永豐99購02  ,0,0,0,0,0,0,0,0,0,-27000,0,0,0,0,27000,-27000,-27000
057494,玉晶光元大99購09,0,0,0,0,0,0,0,0,0,-27000,0,0,0,3000,30000,-27000,-27000
059905,A50正2元大9C購06,0,0,0,0,0,0,0,0,0,-27000,0,0,0,2000,29000,-27000,-27000
060093,友達元大03購01  ,0,0,0,0,0,0,0,0,0,-27000,0,0,0,74000,101000,-27000,-27000
03071P,GIS群益01售02   ,0,0,0,0,0,0,0,0,0,-27000,0,0,0,0,27000,-27000,-27000
03064P,台灣50群益01售14,0,0,0,0,0,0,0,0,0,-27000,0,0,0,73000,100000,-27000,-27000
061881,緯穎元大9B購02  ,0,0,0,0,0,0,0,0,0,-27000,0,0,0,0,27000,-27000,-27000
060169,群電永豐9A購01  ,0,0,0,0,0,0,0,0,0,-27000,0,0,0,0,27000,-27000,-27000
064497,可成元大01購02  ,0,0,0,0,0,0,0,0,0,-27000,0,0,0,0,27000,-27000,-27000
060738,矽格統一9C購01  ,0,0,0,0,0,0,0,0,0,-27000,0,0,0,0,27000,-27000,-27000
060295,貿聯元大9A購03  ,0,0,0,0,0,0,0,0,0,-27000,0,0,0,5000,32000,-27000,-27000
061293,聯茂統一9A購01  ,0,0,0,0,0,0,0,0,0,-27000,0,0,0,11000,38000,-27000,-27000
065354,金像電元富03購01,0,0,0,0,0,0,0,0,0,-27000,0,0,0,85000,112000,-27000,-27000
066650,宏達電康和01購01,0,0,0,0,0,0,0,0,0,-27000,0,0,0,67000,94000,-27000,-27000
066558,創意元大01購04  ,0,0,0,0,0,0,0,0,0,-27000,0,0,0,2000,29000,-27000,-27000
066103,神基國票02購01  ,0,0,0,0,0,0,0,0,0,-27000,0,0,0,11000,38000,-27000,-27000
065871,南亞科群益9C購03,0,0,0,0,0,0,0,0,0,-27000,0,0,0,0,27000,-27000,-27000
1307,三芳            ,27000,54000,-27000,0,0,0,0,0,0,0,0,0,0,0,0,0,-27000
08827P,緯穎元大01售05  ,0,0,0,0,0,0,0,0,0,-27000,0,0,0,0,27000,-27000,-27000
08825P,義隆元大01售04  ,0,0,0,0,0,0,0,0,0,-27000,0,0,0,145000,172000,-27000,-27000
5534,長虹            ,134000,165000,-31000,0,0,0,0,0,0,4000,4000,0,4000,0,0,0,-27000
6115,鎰勝            ,32000,58000,-26000,0,0,0,0,0,0,-1000,0,1000,-1000,0,0,0,-27000
6192,巨路            ,63000,62000,1000,0,0,0,0,0,0,-28000,0,28000,-28000,0,0,0,-27000
2887F,台新戊特二      ,0,0,0,0,0,0,0,0,0,-27000,0,27000,-27000,0,0,0,-27000
068291,大立光群益03購01,0,0,0,0,0,0,0,0,0,-28000,0,0,0,0,28000,-28000,-28000
067416,南紡凱基01購01  ,0,0,0,0,0,0,0,0,0,-28000,0,0,0,47000,75000,-28000,-28000
03061P,南電凱基01售05  ,0,0,0,0,0,0,0,0,0,-28000,0,0,0,121000,149000,-28000,-28000
03127P,台表科凱基01售03,0,0,0,0,0,0,0,0,0,-28000,0,0,0,2000,30000,-28000,-28000
054806,台化元大9A購01  ,0,0,0,0,0,0,0,0,0,-28000,0,0,0,0,28000,-28000,-28000
059146,貿聯國票9A購02  ,0,0,0,0,0,0,0,0,0,-28000,0,0,0,0,28000,-28000,-28000
059646,聯茂凱基99購06  ,0,0,0,0,0,0,0,0,0,-28000,0,0,0,0,28000,-28000,-28000
063407,泰鼎國票9C購01  ,0,0,0,0,0,0,0,0,0,-28000,0,0,0,0,28000,-28000,-28000
059871,義隆凱基99購03  ,0,0,0,0,0,0,0,0,0,-28000,0,0,0,32000,60000,-28000,-28000
060678,聯詠元大9A購03  ,0,0,0,0,0,0,0,0,0,-28000,0,0,0,17000,45000,-28000,-28000
061053,國巨群益9A購08  ,0,0,0,0,0,0,0,0,0,-28000,0,0,0,20000,48000,-28000,-28000
062237,緯創凱基9B購01  ,0,0,0,0,0,0,0,0,0,-28000,0,0,0,69000,97000,-28000,-28000
062700,台光電元大9B購05,0,0,0,0,0,0,0,0,0,-28000,0,0,0,11000,39000,-28000,-28000
063662,上銀統一01購03  ,0,0,0,0,0,0,0,0,0,-28000,0,0,0,2000,30000,-28000,-28000
066691,京元電台新01購01,0,0,0,0,0,0,0,0,0,-28000,0,0,0,10000,38000,-28000,-28000
06503P,臺股指中信9A售02,0,0,0,0,0,0,0,0,0,-28000,0,0,0,0,28000,-28000,-28000
065309,亞光國票01購01  ,0,0,0,0,0,0,0,0,0,-28000,0,0,0,4000,32000,-28000,-28000
2701,萬企            ,0,28000,-28000,0,0,0,0,0,0,0,0,0,0,0,0,0,-28000
5007,三星            ,10000,38000,-28000,0,0,0,0,0,0,0,0,0,0,0,0,0,-28000
4916,事欣科          ,24000,52000,-28000,0,0,0,0,0,0,0,0,0,0,0,0,0,-28000
6189,豐藝            ,4000,31000,-27000,0,0,0,0,0,0,-1000,0,1000,-1000,0,0,0,-28000
08949P,臺股指國票01售06,0,0,0,0,0,0,0,0,0,-28000,0,0,0,31000,59000,-28000,-28000
1614,三洋電          ,20000,46000,-26000,0,0,0,0,0,0,-2000,0,2000,-2000,0,0,0,-28000
5434,崇越            ,154300,180000,-25700,0,0,0,0,0,0,-3000,0,1000,-1000,0,2000,-2000,-28700
4306,炎洲            ,146000,166713,-20713,0,0,0,0,0,0,-8000,0,8000,-8000,0,0,0,-28713
067099,友訊群益01購04  ,0,0,0,0,0,0,0,0,0,-29000,0,0,0,13000,42000,-29000,-29000
067241,信邦群益01購01  ,0,0,0,0,0,0,0,0,0,-29000,0,0,0,152000,181000,-29000,-29000
067821,力成凱基01購02  ,0,0,0,0,0,0,0,0,0,-29000,0,0,0,1000,30000,-29000,-29000
067655,晶技元富07購01  ,0,0,0,0,0,0,0,0,0,-29000,0,0,0,112000,141000,-29000,-29000
067666,國巨元大02購03  ,0,0,0,0,0,0,0,0,0,-29000,0,0,0,19000,48000,-29000,-29000
068345,聯發科麥證01購09,0,0,0,0,29000,-29000,0,0,0,-29000,0,0,0,0,29000,-29000,-29000
07536P,華新科元富9A售04,0,0,0,0,0,0,0,0,0,-29000,0,0,0,40000,69000,-29000,-29000
08811P,鴻海群益01售08  ,0,0,0,0,0,0,0,0,0,-29000,0,0,0,16000,45000,-29000,-29000
059841,國巨富邦9C購01  ,0,0,0,0,0,0,0,0,0,-29000,0,0,0,0,29000,-29000,-29000
059783,旺宏元大99購17  ,0,0,0,0,0,0,0,0,0,-29000,0,0,0,1000,30000,-29000,-29000
056765,友達元大9B購05  ,0,0,0,0,0,0,0,0,0,-29000,0,0,0,0,29000,-29000,-29000
057318,台光電凱基9A購01,0,0,0,0,0,0,0,0,0,-29000,0,0,0,71000,100000,-29000,-29000
057189,康控元大98購02  ,0,0,0,0,0,0,0,0,0,-29000,0,0,0,0,29000,-29000,-29000
063594,上銀中信9C購01  ,0,0,0,0,0,0,0,0,0,-29000,0,0,0,39000,68000,-29000,-29000
063542,泰鼎元富9B購02  ,0,0,0,0,0,0,0,0,0,-29000,0,0,0,30000,59000,-29000,-29000
063226,康控群益9B購03  ,0,0,0,0,0,0,0,0,0,-29000,0,0,0,95000,124000,-29000,-29000
063640,貿聯元大9B購03  ,0,0,0,0,0,0,0,0,0,-29000,0,0,0,122000,151000,-29000,-29000
063647,超眾元大9B購02  ,0,0,0,0,0,0,0,0,0,-29000,0,0,0,58000,87000,-29000,-29000
063073,瑞昱永豐9B購01  ,0,0,0,0,0,0,0,0,0,-29000,0,0,0,22000,51000,-29000,-29000
060913,宏達電元大9A購03,0,0,0,0,0,0,0,0,0,-29000,0,0,0,34000,63000,-29000,-29000
064460,健策統一9C購03  ,0,0,0,0,0,0,0,0,0,-29000,0,0,0,610000,639000,-29000,-29000
061719,緯穎凱基9A購06  ,0,0,0,0,0,0,0,0,0,-29000,0,0,0,24000,53000,-29000,-29000
065158,和碩群益9C購01  ,0,0,0,0,0,0,0,0,0,-29000,0,0,0,5000,34000,-29000,-29000
066343,佳醫永豐01購01  ,0,0,0,0,0,0,0,0,0,-29000,0,0,0,0,29000,-29000,-29000
3048,益登            ,132000,116000,16000,0,0,0,0,0,0,-45000,22000,67000,-45000,0,0,0,-29000
6443,元晶            ,7000,256000,-249000,0,0,0,168000,0,168000,52000,52000,0,52000,0,0,0,-29000
1473,台南            ,24000,53000,-29000,0,0,0,0,0,0,0,0,0,0,0,0,0,-29000
1231,聯華食          ,24000,53000,-29000,0,0,0,0,0,0,0,0,0,0,0,0,0,-29000
1220,台榮            ,4000,33000,-29000,0,0,0,0,0,0,0,0,0,0,0,0,0,-29000
08908P,義隆凱基01售05  ,0,0,0,0,0,0,0,0,0,-29000,0,0,0,27000,56000,-29000,-29000
2015,豐興            ,90000,110000,-20000,0,0,0,0,0,0,-9000,0,0,0,0,9000,-9000,-29000
08649P,聯發科元大9C售21,0,0,0,0,0,0,0,0,0,-30000,0,0,0,0,30000,-30000,-30000
08651P,台灣50群益02售05,0,0,0,0,0,0,0,0,0,-30000,0,0,0,0,30000,-30000,-30000
08474P,臺股指凱基9C售12,0,0,0,0,0,0,0,0,0,-30000,0,0,0,0,30000,-30000,-30000
08350P,臺股指中信9C售06,0,0,0,0,0,0,0,0,0,-30000,0,0,0,0,30000,-30000,-30000
08310P,南電凱基9C售01  ,0,0,0,0,0,0,0,0,0,-30000,0,0,0,111000,141000,-30000,-30000
08058P,華新科元大9B售10,0,0,0,0,0,0,0,0,0,-30000,0,0,0,0,30000,-30000,-30000
07106P,國巨統一9B售05  ,0,0,0,0,0,0,0,0,0,-30000,0,0,0,0,30000,-30000,-30000
07737P,華通永豐9A售01  ,0,0,0,0,0,0,0,0,0,-30000,0,0,0,0,30000,-30000,-30000
07798P,同欣電國票9A售01,0,0,0,0,0,0,0,0,0,-30000,0,0,0,0,30000,-30000,-30000
07920P,大立光中信01售01,0,0,0,0,0,0,0,0,0,-30000,0,0,0,1000,31000,-30000,-30000
07969P,臺股指元大9B售27,0,0,0,0,0,0,0,0,0,-30000,0,0,0,0,30000,-30000,-30000
07979P,大立光凱基9B售05,0,0,0,0,0,0,0,0,0,-30000,0,0,0,0,30000,-30000,-30000
07883P,可成凱基9B售03  ,0,0,0,0,0,0,0,0,0,-30000,0,0,0,42000,72000,-30000,-30000
068301,華通國票03購02  ,0,0,0,0,0,0,0,0,0,-30000,0,0,0,0,30000,-30000,-30000
06841P,臺股指統一9A售02,0,0,0,0,0,0,0,0,0,-30000,0,0,0,0,30000,-30000,-30000
068406,同欣電元富07購01,0,0,0,0,0,0,0,0,0,-30000,0,0,0,0,30000,-30000,-30000
07031P,台灣50中信03售02,0,0,0,0,0,0,0,0,0,-30000,0,0,0,0,30000,-30000,-30000
067809,聯發科凱基01購17,0,0,0,0,0,0,0,0,0,-30000,0,0,0,10000,40000,-30000,-30000
06799P,臺股指凱基98售09,0,0,0,0,0,0,0,0,0,-30000,0,0,0,0,30000,-30000,-30000
067287,瀚宇博國票02購01,0,0,0,0,0,0,0,0,0,-30000,0,0,0,0,30000,-30000,-30000
067191,康控凱基01購02  ,0,0,0,0,0,0,0,0,0,-30000,0,0,0,8000,38000,-30000,-30000
067015,義隆富邦04購01  ,0,0,0,0,0,0,0,0,0,-30000,0,0,0,31000,61000,-30000,-30000
066977,鴻海群益02購01  ,0,0,0,0,0,0,0,0,0,-30000,0,0,0,160000,190000,-30000,-30000
067329,巨大康和01購02  ,0,0,0,0,0,0,0,0,0,-30000,0,0,0,0,30000,-30000,-30000
057222,鴻海國票99購04  ,0,0,0,0,0,0,0,0,0,-30000,0,0,0,0,30000,-30000,-30000
058162,上銀日盛9B購01  ,0,0,0,0,0,0,0,0,0,-30000,0,0,0,112000,142000,-30000,-30000
059039,致伸群益99購01  ,0,0,0,0,0,0,0,0,0,-30000,0,0,0,63000,93000,-30000,-30000
055445,旺宏統一99購01  ,0,0,0,0,0,0,0,0,0,-30000,0,0,0,0,30000,-30000,-30000
056135,緯創元大98購01  ,0,0,0,0,0,0,0,0,0,-30000,0,0,0,0,30000,-30000,-30000
053876,可成永昌98購01  ,0,0,0,0,0,0,0,0,0,-30000,0,0,0,0,30000,-30000,-30000
056109,彩晶永豐98購01  ,0,0,0,0,0,0,0,0,0,-30000,0,0,0,0,30000,-30000,-30000
056850,彩晶元富99購01  ,0,0,0,0,0,0,0,0,0,-30000,0,0,0,0,30000,-30000,-30000
056667,上銀國票99購01  ,0,0,0,0,0,0,0,0,0,-30000,0,0,0,0,30000,-30000,-30000
052318,友達元大98購01  ,0,0,0,0,0,0,0,0,0,-30000,0,0,0,110000,140000,-30000,-30000
03187P,聯發科元大01售33,0,0,0,0,0,0,0,0,0,-30000,0,0,0,0,30000,-30000,-30000
03691C,T50反1元大01牛05,0,0,0,0,0,0,0,0,0,-30000,0,0,0,20000,50000,-30000,-30000
03017X,元展17          ,0,0,0,0,0,0,0,0,0,-30000,0,0,0,0,30000,-30000,-30000
03040P,玉晶光國票03售02,0,0,0,0,0,0,0,0,0,-30000,0,0,0,0,30000,-30000,-30000
03050X,元展47          ,0,0,0,0,0,0,0,0,0,-30000,0,0,0,0,30000,-30000,-30000
059816,聯電凱基99購03  ,0,0,0,0,0,0,0,0,0,-30000,0,0,0,0,30000,-30000,-30000
059833,緯穎康和99購01  ,0,0,0,0,0,0,0,0,0,-30000,0,0,0,0,30000,-30000,-30000
059641,群創凱基99購06  ,0,0,0,0,0,0,0,0,0,-30000,0,0,0,20000,50000,-30000,-30000
059629,友達凱基99購06  ,0,0,0,0,0,0,0,0,0,-30000,0,0,0,0,30000,-30000,-30000
059140,大立光兆豐9A購02,0,0,0,0,0,0,0,0,0,-30000,0,0,0,85000,115000,-30000,-30000
058687,聯茂凱基9A購01  ,0,0,0,0,0,0,0,0,0,-30000,0,0,0,0,30000,-30000,-30000
057534,旭富元大98購01  ,0,0,0,0,0,0,0,0,0,-30000,0,0,0,0,30000,-30000,-30000
058438,大立光統一9B購01,0,0,0,0,0,0,0,0,0,-30000,0,0,0,0,30000,-30000,-30000
057554,新日興凱基99購02,0,0,0,0,0,0,0,0,0,-30000,0,0,0,0,30000,-30000,-30000
063347,祥碩統一01購03  ,0,0,0,0,0,0,0,0,0,-30000,0,0,0,5000,35000,-30000,-30000
057888,貿聯群益98購02  ,0,0,0,0,0,0,0,0,0,-30000,0,0,0,0,30000,-30000,-30000
061604,台光電凱基9B購01,0,0,0,0,0,0,0,0,0,-30000,0,0,0,0,30000,-30000,-30000
061617,微星群益9A購02  ,0,0,0,0,0,0,0,0,0,-30000,0,0,0,29000,59000,-30000,-30000
064383,SP黃豆富邦01購01,0,0,0,0,0,0,0,0,0,-30000,0,0,0,0,30000,-30000,-30000
064301,漢唐兆豐01購01  ,0,0,0,0,0,0,0,0,0,-30000,0,0,0,300000,330000,-30000,-30000
061446,鴻海中信04購01  ,0,0,0,0,0,0,0,0,0,-30000,0,0,0,1000,31000,-30000,-30000
061447,鴻海中信04購02  ,0,0,0,0,0,0,0,0,0,-30000,0,0,0,0,30000,-30000,-30000
061392,泰鼎群益9A購02  ,0,0,0,0,0,0,0,0,0,-30000,0,0,0,0,30000,-30000,-30000
060649,國巨第一9A購01  ,0,0,0,0,0,0,0,0,0,-30000,0,0,0,0,30000,-30000,-30000
063041,貿聯凱基9B購01  ,0,0,0,0,0,0,0,0,0,-30000,0,0,0,0,30000,-30000,-30000
062641,瀚宇博國票9B購01,0,0,0,0,0,0,0,0,0,-30000,0,0,0,0,30000,-30000,-30000
062719,微星凱基9B購01  ,0,0,0,0,0,0,0,0,0,-30000,0,0,0,1000,31000,-30000,-30000
063571,TPK元大9B購03   ,0,0,0,0,0,0,0,0,0,-30000,0,0,0,76000,106000,-30000,-30000
063777,儒鴻永豐9B購02  ,0,0,0,0,0,0,0,0,0,-30000,0,0,0,387000,417000,-30000,-30000
063785,華通中信06購02  ,0,0,0,0,0,0,0,0,0,-30000,0,0,0,0,30000,-30000,-30000
062263,康控元大9B購03  ,0,0,0,0,0,0,0,0,0,-30000,0,0,0,117000,147000,-30000,-30000
062046,矽格凱基9B購01  ,0,0,0,0,0,0,0,0,0,-30000,0,0,0,1000,31000,-30000,-30000
066392,聯強凱基01購01  ,0,0,0,0,0,0,0,0,0,-30000,0,0,0,34000,64000,-30000,-30000
066505,可成富邦03購01  ,0,0,0,0,0,0,0,0,0,-30000,0,0,0,0,30000,-30000,-30000
066625,瑞昱凱基02購01  ,0,0,0,0,0,0,0,0,0,-30000,0,0,0,97000,127000,-30000,-30000
066669,華擎凱基02購02  ,0,0,0,0,0,0,0,0,0,-30000,0,0,0,22000,52000,-30000,-30000
066788,聯發科麥證01購07,0,0,0,4000,34000,-30000,0,0,0,-30000,0,0,0,4000,34000,-30000,-30000
065716,道瓊反中信03購01,0,0,0,0,0,0,0,0,0,-30000,0,0,0,0,30000,-30000,-30000
066076,台勝科凱基01購02,0,0,0,0,0,0,0,0,0,-30000,0,0,0,0,30000,-30000,-30000
066061,超眾元大01購04  ,0,0,0,0,0,0,0,0,0,-30000,0,0,0,50000,80000,-30000,-30000
066263,華碩元大02購01  ,0,0,0,0,0,0,0,0,0,-30000,0,0,0,96000,126000,-30000,-30000
065047,群創凱基9C購01  ,0,0,0,0,0,0,0,0,0,-30000,0,0,0,20000,50000,-30000,-30000
064967,道瓊銀元大01購01,0,0,0,0,0,0,0,0,0,-30000,0,0,0,0,30000,-30000,-30000
065437,台表科凱基9C購03,0,0,0,0,0,0,0,0,0,-30000,0,0,0,20000,50000,-30000,-30000
065548,台達電凱基01購02,0,0,0,0,0,0,0,0,0,-30000,0,0,0,123000,153000,-30000,-30000
064183,聯茂富邦01購01  ,0,0,0,0,0,0,0,0,0,-30000,0,0,0,0,30000,-30000,-30000
064765,緯穎凱基9C購02  ,0,0,0,0,0,0,0,0,0,-30000,0,0,0,20000,50000,-30000,-30000
064680,創意兆豐01購01  ,0,0,0,0,0,0,0,0,0,-30000,0,0,0,0,30000,-30000,-30000
063859,國巨國泰01購03  ,0,0,0,0,0,0,0,0,0,-30000,0,0,0,10000,40000,-30000,-30000
06473P,鴻海元大99售03  ,0,0,0,0,0,0,0,0,0,-30000,0,0,0,0,30000,-30000,-30000
2020,美亞            ,34000,64000,-30000,0,0,0,0,0,0,0,0,0,0,0,0,0,-30000
08894P,台灣50元富01售07,0,0,0,0,0,0,0,0,0,-30000,0,0,0,0,30000,-30000,-30000
08812P,聯發科群益01售01,0,0,0,0,0,0,0,0,0,-30000,0,0,0,0,30000,-30000,-30000
08834P,聯發科統一01售11,0,0,0,0,0,0,0,0,0,-30000,0,0,0,0,30000,-30000,-30000
5521,工信            ,486517,497000,-10483,0,0,0,0,0,0,-20000,0,20000,-20000,0,0,0,-30483
067560,聯詠國票02購01  ,0,0,0,0,0,0,0,0,0,-31000,0,0,0,26000,57000,-31000,-31000
067496,拓凱元大01購02  ,0,0,0,0,0,0,0,0,0,-31000,0,0,0,151000,182000,-31000,-31000
067473,旺宏元大02購01  ,0,0,0,0,0,0,0,0,0,-31000,0,0,0,5000,36000,-31000,-31000
067668,金像電元大01購02,0,0,0,0,0,0,0,0,0,-31000,0,0,0,8000,39000,-31000,-31000
068522,旺宏元富04購01  ,0,0,0,0,0,0,0,0,0,-31000,0,0,0,0,31000,-31000,-31000
07856P,力成凱基9A售02  ,0,0,0,0,0,0,0,0,0,-31000,0,0,0,60000,91000,-31000,-31000
063169,台汽電永豐9B購01,0,0,0,0,0,0,0,0,0,-31000,0,0,0,13000,44000,-31000,-31000
058747,友達凱基9A購03  ,0,0,0,0,0,0,0,0,0,-31000,0,0,0,0,31000,-31000,-31000
060122,亞德客永豐99購02,0,0,0,0,0,0,0,0,0,-31000,0,0,0,122000,153000,-31000,-31000
03069P,大毅群益01售04  ,0,0,0,0,0,0,0,0,0,-31000,0,0,0,0,31000,-31000,-31000
03202P,聯電凱基01售03  ,0,0,0,0,0,0,0,0,0,-31000,0,0,0,0,31000,-31000,-31000
056772,欣興元大99購01  ,0,0,0,0,0,0,0,0,0,-31000,0,0,0,5000,36000,-31000,-31000
055891,鴻海統一9A購01  ,0,0,0,0,0,0,0,0,0,-31000,0,0,0,0,31000,-31000,-31000
056914,臺股指元大99購09,0,0,0,0,0,0,0,0,0,-31000,0,0,0,0,31000,-31000,-31000
063198,仁寶統一01購02  ,0,0,0,0,0,0,0,0,0,-31000,0,0,0,10000,41000,-31000,-31000
062616,玉晶光元大9C購06,0,0,0,0,0,0,0,0,0,-31000,0,0,0,1000,32000,-31000,-31000
061558,旺宏國票9B購02  ,0,0,0,0,0,0,0,0,0,-31000,0,0,0,0,31000,-31000,-31000
063015,微星元大9B購01  ,0,0,0,0,0,0,0,0,0,-31000,0,0,0,20000,51000,-31000,-31000
064264,智伸科永豐9C購01,0,0,0,0,0,0,0,0,0,-31000,0,0,0,62000,93000,-31000,-31000
064518,華新科群益02購01,0,0,0,0,0,0,0,0,0,-31000,0,0,0,78000,109000,-31000,-31000
064570,TPK群益9C購03   ,0,0,0,0,0,0,0,0,0,-31000,0,0,0,6000,37000,-31000,-31000
064032,群創元大9C購06  ,0,0,0,0,0,0,0,0,0,-31000,0,0,0,3000,34000,-31000,-31000
063943,台光電元大9C購02,0,0,0,0,0,0,0,0,0,-31000,0,0,0,83000,114000,-31000,-31000
064933,矽創統一01購01  ,0,0,0,0,0,0,0,0,0,-31000,0,0,0,10000,41000,-31000,-31000
065599,台光電元大9C購05,0,0,0,0,0,0,0,0,0,-31000,0,0,0,196000,227000,-31000,-31000
065391,和大群益01購03  ,0,0,0,0,0,0,0,0,0,-31000,0,0,0,3000,34000,-31000,-31000
065206,旺宏國票01購02  ,0,0,0,0,0,0,0,0,0,-31000,0,0,0,5000,36000,-31000,-31000
066486,台光電元富01購02,0,0,0,0,0,0,0,0,0,-31000,0,0,0,101000,132000,-31000,-31000
066383,臻鼎康和01購01  ,0,0,0,0,0,0,0,0,0,-31000,0,0,0,26000,57000,-31000,-31000
8249,菱光            ,12000,43000,-31000,0,0,0,0,0,0,0,0,0,0,0,0,0,-31000
3557,嘉威            ,143000,174000,-31000,0,0,0,0,0,0,0,0,0,0,0,0,0,-31000
3518,柏騰            ,18000,49000,-31000,0,0,0,0,0,0,0,0,0,0,0,0,0,-31000
3532,台勝科          ,93000,142000,-49000,0,0,0,0,0,0,18000,0,1000,-1000,19000,0,19000,-31000
1537,廣隆            ,0,31003,-31003,0,0,0,0,0,0,0,0,0,0,0,0,0,-31003
08309P,GIS凱基9C售01   ,0,0,0,0,0,0,0,0,0,-32000,0,0,0,18000,50000,-32000,-32000
08240P,華通中信06售03  ,0,0,0,0,0,0,0,0,0,-32000,0,0,0,0,32000,-32000,-32000
08354P,旺宏元大9C售05  ,0,0,0,0,0,0,0,0,0,-32000,0,0,0,13000,45000,-32000,-32000
067331,友訊凱基01購02  ,0,0,0,0,0,0,0,0,0,-32000,0,0,0,11000,43000,-32000,-32000
066987,旭富群益01購01  ,0,0,0,0,0,0,0,0,0,-32000,0,0,0,83000,115000,-32000,-32000
03179P,聯發科群益01售16,0,0,0,0,0,0,0,0,0,-32000,0,0,0,0,32000,-32000,-32000
00684R,元大美元指數反1 ,0,0,0,0,0,0,0,0,0,-32000,0,0,0,0,32000,-32000,-32000
059284,緯穎永豐99購03  ,0,0,0,0,0,0,0,0,0,-32000,0,0,0,0,32000,-32000,-32000
063483,致新元大9B購03  ,0,0,0,0,0,0,0,0,0,-32000,0,0,0,54000,86000,-32000,-32000
064065,大立光富邦02購02,0,0,0,0,0,0,0,0,0,-32000,0,0,0,0,32000,-32000,-32000
064354,同欣電元大9C購05,0,0,0,0,0,0,0,0,0,-32000,0,0,0,20000,52000,-32000,-32000
060675,南亞科元大9A購02,0,0,0,0,0,0,0,0,0,-32000,0,0,0,32000,64000,-32000,-32000
061400,可成兆豐9B購02  ,0,0,0,0,0,0,0,0,0,-32000,0,0,0,0,32000,-32000,-32000
063026,南六元大9B購04  ,0,0,0,0,0,0,0,0,0,-32000,0,0,0,62000,94000,-32000,-32000
063077,巨大永豐9B購03  ,0,0,0,0,0,0,0,0,0,-32000,0,0,0,30000,62000,-32000,-32000
062781,微星元大9C購01  ,0,0,0,0,0,0,0,0,0,-32000,0,0,0,1000,33000,-32000,-32000
062850,友訊永豐9B購01  ,0,0,0,0,0,0,0,0,0,-32000,0,0,0,10000,42000,-32000,-32000
062620,台表科元大9B購04,0,0,0,0,0,0,0,0,0,-32000,0,0,0,13000,45000,-32000,-32000
062633,亞光國票9B購01  ,0,0,0,0,0,0,0,0,0,-32000,0,0,0,0,32000,-32000,-32000
063230,緯穎群益9B購02  ,0,0,0,0,0,0,0,0,0,-32000,0,0,0,42000,74000,-32000,-32000
066425,創意元大01購03  ,0,0,0,0,0,0,0,0,0,-32000,0,0,0,29000,61000,-32000,-32000
066770,上証2X富邦02購02,0,0,0,0,0,0,0,0,0,-32000,0,0,0,3000,35000,-32000,-32000
066906,聯發科凱基03購03,0,0,0,0,0,0,0,0,0,-32000,0,0,0,88000,120000,-32000,-32000
065384,南電元大9C購07  ,0,0,0,0,0,0,0,0,0,-32000,0,0,0,0,32000,-32000,-32000
065349,玉晶光統一9C購05,0,0,0,0,0,0,0,0,0,-32000,0,0,0,391000,423000,-32000,-32000
065499,京元電富邦01購01,0,0,0,0,0,0,0,0,0,-32000,0,0,0,21000,53000,-32000,-32000
064205,台灣50凱基01購14,0,0,0,0,0,0,0,0,0,-32000,0,0,0,15000,47000,-32000,-32000
1104,環泥            ,55000,86000,-31000,0,0,0,0,0,0,-1000,0,1000,-1000,0,0,0,-32000
3050,鈺德            ,28000,60000,-32000,0,0,0,0,0,0,0,0,0,0,0,0,0,-32000
9930,中聯資源        ,2000,34000,-32000,0,0,0,0,0,0,0,0,0,0,0,0,0,-32000
067270,精成科永豐01購01,0,0,0,0,0,0,0,0,0,-33000,0,0,0,104000,137000,-33000,-33000
06797P,臺股指凱基98售07,0,0,0,0,0,0,0,0,0,-33000,0,0,0,17000,50000,-33000,-33000
08369P,鴻海凱基01售04  ,0,0,0,0,0,0,0,0,0,-33000,0,0,0,0,33000,-33000,-33000
068451,台積電國票01購11,0,0,0,0,0,0,0,0,0,-33000,0,0,0,57000,90000,-33000,-33000
057727,華邦電國泰9A購01,0,0,0,0,0,0,0,0,0,-33000,0,0,0,118000,151000,-33000,-33000
058363,全新凱基9A購02  ,0,0,0,0,0,0,0,0,0,-33000,0,0,0,0,33000,-33000,-33000
057963,緯穎元大98購08  ,0,0,0,0,0,0,0,0,0,-33000,0,0,0,0,33000,-33000,-33000
058875,台表科國票9A購02,0,0,0,0,0,0,0,0,0,-33000,0,0,0,0,33000,-33000,-33000
056095,臻鼎元富9A購01  ,0,0,0,0,0,0,0,0,0,-33000,0,0,0,1000,34000,-33000,-33000
061521,亞光兆豐9A購02  ,0,0,0,0,0,0,0,0,0,-33000,0,0,0,50000,83000,-33000,-33000
064371,矽格統一9C購02  ,0,0,0,0,0,0,0,0,0,-33000,0,0,0,0,33000,-33000,-33000
064145,宏碁統一02購01  ,0,0,0,0,0,0,0,0,0,-33000,0,0,0,73000,106000,-33000,-33000
065381,緯穎元大9C購03  ,0,0,0,0,0,0,0,0,0,-33000,0,0,0,101000,134000,-33000,-33000
066858,聯鈞國票02購01  ,0,0,0,0,0,0,0,0,0,-33000,0,0,0,0,33000,-33000,-33000
2373,震旦行          ,8000,30000,-22000,0,0,0,0,0,0,-11000,0,11000,-11000,0,0,0,-33000
067945,台積電國泰03購03,0,0,0,0,0,0,0,0,0,-34000,0,0,0,22000,56000,-34000,-34000
067451,嘉晶國票02購01  ,0,0,0,0,0,0,0,0,0,-34000,0,0,0,12000,46000,-34000,-34000
057060,緯穎元大98購05  ,74000,0,74000,0,0,0,0,0,0,-108000,0,0,0,360000,468000,-108000,-34000
060061,旺宏兆豐99購02  ,0,0,0,0,0,0,0,0,0,-34000,0,0,0,15000,49000,-34000,-34000
00663L,國泰臺灣加權正2 ,1000,3000,-2000,0,0,0,0,0,0,-32000,0,0,0,10000,42000,-32000,-34000
057818,泰碩元大9A購01  ,0,0,0,0,0,0,0,0,0,-34000,0,0,0,364000,398000,-34000,-34000
063486,聚陽國泰9C購01  ,0,0,0,0,0,0,0,0,0,-34000,0,0,0,66000,100000,-34000,-34000
061737,南亞科凱基9B購01,0,0,0,0,0,0,0,0,0,-34000,0,0,0,1000,35000,-34000,-34000
061066,嘉晶凱基9B購01  ,0,0,0,0,0,0,0,0,0,-34000,0,0,0,1000,35000,-34000,-34000
066557,京鼎元大01購01  ,0,0,0,0,0,0,0,0,0,-34000,0,0,0,16000,50000,-34000,-34000
065909,大立光永豐9C購02,0,0,0,0,0,0,0,0,0,-34000,0,0,0,11000,45000,-34000,-34000
065210,健策國票01購03  ,0,0,0,0,0,0,0,0,0,-34000,0,0,0,11000,45000,-34000,-34000
065230,義隆凱基02購01  ,0,0,0,0,0,0,0,0,0,-34000,0,0,0,28000,62000,-34000,-34000
064127,聯發科元大9C購06,0,0,0,0,0,0,0,0,0,-34000,0,0,0,1000,35000,-34000,-34000
2009,第一銅          ,1000,35000,-34000,0,0,0,0,0,0,0,0,0,0,0,0,0,-34000
4994,傳奇            ,9000,43000,-34000,0,0,0,0,0,0,0,0,0,0,0,0,0,-34000
067374,大立光統一01購08,0,0,0,0,0,0,0,0,0,-35000,0,0,0,0,35000,-35000,-35000
067467,鴻海元大01購16  ,0,0,0,0,0,0,0,0,0,-35000,0,0,0,0,35000,-35000,-35000
08259P,華新科元大9C售04,0,0,0,0,0,0,0,0,0,-35000,0,0,0,3000,38000,-35000,-35000
08018P,牧德國票9B售04  ,0,0,0,0,0,0,0,0,0,-35000,0,0,0,0,35000,-35000,-35000
08798P,聯發科國票01售03,0,0,0,0,0,0,0,0,0,-35000,0,0,0,48000,83000,-35000,-35000
063326,正隆國票9B購01  ,0,0,0,0,0,0,0,0,0,-35000,0,0,0,3000,38000,-35000,-35000
063328,京元電國票9C購02,0,0,0,0,0,0,0,0,0,-35000,0,0,0,16000,51000,-35000,-35000
058456,京鼎永豐99購01  ,0,0,0,0,0,0,0,0,0,-35000,0,0,0,25000,60000,-35000,-35000
058544,FBVIX富邦9B購01 ,0,0,0,0,0,0,0,0,0,-35000,0,0,0,10000,45000,-35000,-35000
058733,同欣電永豐99購02,0,0,0,0,0,0,0,0,0,-35000,0,0,0,2000,37000,-35000,-35000
059517,茂林永豐99購02  ,0,0,0,0,0,0,0,0,0,-35000,0,0,0,0,35000,-35000,-35000
059706,嘉晶凱基99購01  ,0,0,0,0,0,0,0,0,0,-35000,0,0,0,1000,36000,-35000,-35000
00675L,富邦臺灣加權正2 ,27000,100000,-73000,0,0,0,0,0,0,38000,0,0,0,109000,71000,38000,-35000
03009X,元展09          ,0,0,0,0,0,0,0,0,0,-35000,0,0,0,0,35000,-35000,-35000
057103,禾伸堂中信9A購01,0,0,0,0,0,0,0,0,0,-35000,0,0,0,0,35000,-35000,-35000
062071,華通元大9B購02  ,0,0,0,0,0,0,0,0,0,-35000,0,0,0,134000,169000,-35000,-35000
062307,華通凱基9C購01  ,0,0,0,0,0,0,0,0,0,-35000,0,0,0,60000,95000,-35000,-35000
063163,京元電永豐9B購01,0,0,0,0,0,0,0,0,0,-35000,0,0,0,9000,44000,-35000,-35000
064180,國巨富邦02購03  ,0,0,0,0,0,0,0,0,0,-35000,0,0,0,10000,45000,-35000,-35000
065231,宏達電凱基01購01,0,0,0,0,0,0,0,0,0,-35000,0,0,0,10000,45000,-35000,-35000
065195,國巨元富06購01  ,0,0,0,0,0,0,0,0,0,-35000,0,0,0,0,35000,-35000,-35000
066331,東森永豐01購01  ,0,0,0,0,0,0,0,0,0,-35000,0,0,0,552000,587000,-35000,-35000
066760,大立光永豐01購01,0,0,0,0,0,0,0,0,0,-35000,0,0,0,0,35000,-35000,-35000
4155,訊映            ,23000,58000,-35000,0,0,0,0,0,0,0,0,0,0,0,0,0,-35000
9136,巨騰-DR         ,19000,54000,-35000,0,0,0,0,0,0,0,0,0,0,0,0,0,-35000
6442,光聖            ,1000,36800,-35800,0,0,0,0,0,0,0,0,0,0,0,0,0,-35800
068323,台積電元大01購42,0,0,0,0,0,0,0,0,0,-36000,0,0,0,23000,59000,-36000,-36000
06888P,日月光元大98售02,0,0,0,0,0,0,0,0,0,-36000,0,0,0,114000,150000,-36000,-36000
055242,道瓊銀統一98購01,0,0,0,0,0,0,0,0,0,-36000,0,0,0,0,36000,-36000,-36000
055775,友達凱基9A購01  ,0,0,0,0,0,0,0,0,0,-36000,0,0,0,0,36000,-36000,-36000
00752,中信中國50      ,0,0,0,0,0,0,0,0,0,-36000,0,0,0,274000,310000,-36000,-36000
058876,南電國票9A購02  ,0,0,0,0,0,0,0,0,0,-36000,0,0,0,0,36000,-36000,-36000
058321,大立光永豐99購01,0,0,0,0,0,0,0,0,0,-36000,0,0,0,14000,50000,-36000,-36000
063025,超眾元大9B購01  ,0,0,0,0,0,0,0,0,0,-36000,0,0,0,4000,40000,-36000,-36000
062741,立積國票9B購02  ,0,0,0,0,0,0,0,0,0,-36000,0,0,0,0,36000,-36000,-36000
063604,群創凱基01購02  ,0,0,0,0,0,0,0,0,0,-36000,0,0,0,18000,54000,-36000,-36000
060450,南亞元大9A購02  ,0,0,0,0,0,0,0,0,0,-36000,0,0,0,0,36000,-36000,-36000
061190,力山永豐9A購02  ,0,0,0,0,0,0,0,0,0,-36000,0,0,0,14000,50000,-36000,-36000
064413,世紀鋼凱基02購01,0,0,0,0,0,0,0,0,0,-36000,0,0,0,327000,363000,-36000,-36000
064493,南亞科元大9C購01,0,0,0,0,0,0,0,0,0,-36000,0,0,0,145000,181000,-36000,-36000
066860,健策國票02購02  ,0,0,0,0,0,0,0,0,0,-36000,0,0,0,45000,81000,-36000,-36000
066424,晶技元大01購03  ,0,0,0,0,0,0,0,0,0,-36000,0,0,0,6000,42000,-36000,-36000
065198,玉晶光元富06購01,0,0,0,0,0,0,0,0,0,-36000,0,0,0,96000,132000,-36000,-36000
065613,GIS元大9C購08   ,0,0,0,0,0,0,0,0,0,-36000,0,0,0,116000,152000,-36000,-36000
2480,敦陽科          ,17000,67000,-50000,0,0,0,0,0,0,14000,0,1000,-1000,15000,0,15000,-36000
08456P,聯發科元大9C售13,0,0,0,0,0,0,0,0,0,-37000,0,0,0,0,37000,-37000,-37000
08276P,可成元富9C售02  ,0,0,0,0,0,0,0,0,0,-37000,0,0,0,162000,199000,-37000,-37000
059453,奇力新永豐99購01,0,0,0,0,0,0,0,0,0,-37000,0,0,0,0,37000,-37000,-37000
058499,滬深2X元大9C購01,0,0,0,0,0,0,0,0,0,-37000,0,0,0,10000,47000,-37000,-37000
063392,聯電群益9B購02  ,0,0,0,0,0,0,0,0,0,-37000,0,0,0,0,37000,-37000,-37000
03004P,華擎群益02售02  ,0,0,0,0,0,0,0,0,0,-37000,0,0,0,10000,47000,-37000,-37000
03189P,玉晶光元大03售05,0,0,0,0,0,0,0,0,0,-37000,0,0,0,0,37000,-37000,-37000
057152,緯穎國票99購03  ,0,0,0,0,0,0,0,0,0,-37000,0,0,0,0,37000,-37000,-37000
062253,燿華元大9B購02  ,0,0,0,0,0,0,0,0,0,-37000,0,0,0,14000,51000,-37000,-37000
065182,南電元大9C購05  ,0,0,0,0,0,0,0,0,0,-37000,0,0,0,0,37000,-37000,-37000
06529P,貿聯富邦99售03  ,0,0,0,0,0,0,0,0,0,-37000,0,0,0,153000,190000,-37000,-37000
065265,景碩元大9C購02  ,0,0,0,0,0,0,0,0,0,-37000,0,0,0,64000,101000,-37000,-37000
064805,金像電元大9C購04,0,0,0,0,0,0,0,0,0,-37000,0,0,0,43000,80000,-37000,-37000
064797,道瓊反元大01購01,0,0,0,0,0,0,0,0,0,-37000,0,0,0,3000,40000,-37000,-37000
064692,嘉晶群益9C購03  ,0,0,0,0,0,0,0,0,0,-37000,0,0,0,0,37000,-37000,-37000
065668,南亞科凱基9C購02,0,0,0,0,0,0,0,0,0,-37000,0,0,0,49000,86000,-37000,-37000
066077,健策凱基01購01  ,0,0,0,0,0,0,0,0,0,-37000,0,0,0,322000,359000,-37000,-37000
1806,冠軍            ,10000,47000,-37000,0,0,0,0,0,0,0,0,0,0,0,0,0,-37000
1303,南亞            ,2618875,3072000,-453125,0,0,0,446000,32000,414000,2000,2000,0,2000,0,0,0,-37125
5525,順天            ,1000,38965,-37965,0,0,0,0,0,0,0,0,0,0,0,0,0,-37965
08213P,台光電統一9B售03,0,0,0,0,0,0,0,0,0,-38000,0,0,0,0,38000,-38000,-38000
068382,亞德客統一03購01,0,0,0,0,0,0,0,0,0,-38000,0,0,0,2000,40000,-38000,-38000
067298,台積電元大02購04,0,0,0,0,0,0,0,0,0,-38000,0,0,0,412000,450000,-38000,-38000
067160,燿華國票03購01  ,0,0,0,0,0,0,0,0,0,-38000,0,0,0,10000,48000,-38000,-38000
067173,京鼎兆豐01購01  ,0,0,0,0,0,0,0,0,0,-38000,0,0,0,71000,109000,-38000,-38000
057438,禾伸堂國票99購01,0,0,0,0,0,0,0,0,0,-38000,0,0,0,0,38000,-38000,-38000
054884,友達統一99購01  ,0,0,0,0,0,0,0,0,0,-38000,0,0,0,0,38000,-38000,-38000
059661,大立光元大99購22,0,0,0,0,0,0,0,0,0,-38000,0,0,0,2000,40000,-38000,-38000
058284,滬深反群益01購01,0,0,0,0,0,0,0,0,0,-38000,0,0,0,2000,40000,-38000,-38000
058585,S&P正2中信9B購02,0,0,0,0,0,0,0,0,0,-38000,0,0,0,2000,40000,-38000,-38000
058831,茂林永豐99購01  ,0,0,0,0,0,0,0,0,0,-38000,0,0,0,2000,40000,-38000,-38000
062780,旺宏元大01購01  ,0,0,0,0,0,0,0,0,0,-38000,0,0,0,25000,63000,-38000,-38000
063130,聯茂元大9B購02  ,0,0,0,0,0,0,0,0,0,-38000,0,0,0,0,38000,-38000,-38000
062316,康控凱基9B購03  ,0,0,0,0,0,0,0,0,0,-38000,0,0,0,10000,48000,-38000,-38000
061596,健策永豐9A購03  ,0,0,0,0,0,0,0,0,0,-38000,0,0,0,30000,68000,-38000,-38000
064536,富邦金國票01購01,0,0,0,0,0,0,0,0,0,-38000,0,0,0,41000,79000,-38000,-38000
064286,TPK元大9C購02   ,0,0,0,0,0,0,0,0,0,-38000,0,0,0,57000,95000,-38000,-38000
060399,康友國票9A購02  ,0,0,0,0,0,0,0,0,0,-38000,0,0,0,0,38000,-38000,-38000
066577,巨大元大01購02  ,0,0,0,0,0,0,0,0,0,-38000,0,0,0,73000,111000,-38000,-38000
064704,嘉晶國泰01購01  ,0,0,0,0,0,0,0,0,0,-38000,0,0,0,11000,49000,-38000,-38000
064100,義隆群益9C購01  ,0,0,0,0,0,0,0,0,0,-38000,0,0,0,33000,71000,-38000,-38000
063939,上銀元大9C購04  ,0,0,0,0,0,0,0,0,0,-38000,0,0,0,61000,99000,-38000,-38000
065485,巨大元大9C購02  ,0,0,0,0,0,0,0,0,0,-38000,0,0,0,48000,86000,-38000,-38000
4106,雃博            ,42000,62000,-20000,0,0,0,0,0,0,-18000,0,18000,-18000,0,0,0,-38000
2601,益航            ,94000,118000,-24000,0,0,0,0,0,0,-14000,0,14000,-14000,0,0,0,-38000
067181,華通凱基01購02  ,0,0,0,0,0,0,0,0,0,-39000,0,0,0,189000,228000,-39000,-39000
067144,上銀統一02購01  ,0,0,0,0,0,0,0,0,0,-39000,0,0,0,237000,276000,-39000,-39000
067053,申豐凱基02購01  ,0,0,0,0,0,0,0,0,0,-39000,0,0,0,440000,479000,-39000,-39000
067642,貿聯統一01購03  ,0,0,0,0,0,0,0,0,0,-39000,0,0,0,140000,179000,-39000,-39000
068418,微星兆豐03購01  ,0,0,0,0,0,0,0,0,0,-39000,0,0,0,0,39000,-39000,-39000
068339,GIS元大01購05   ,0,0,0,0,0,0,0,0,0,-39000,0,0,0,148000,187000,-39000,-39000
08187P,大毅群益9B售04  ,0,0,0,0,0,0,0,0,0,-39000,0,0,0,1000,40000,-39000,-39000
08042P,臺股指群益9B售15,0,0,0,0,0,0,0,0,0,-39000,0,0,0,1000,40000,-39000,-39000
08284P,鴻海凱基01售03  ,0,0,0,0,0,0,0,0,0,-39000,0,0,0,1000,40000,-39000,-39000
060157,致茂永豐9A購02  ,0,0,0,0,0,0,0,0,0,-39000,0,0,0,84000,123000,-39000,-39000
063467,大立光元大9C購06,0,0,0,0,0,0,0,0,0,-39000,0,0,0,0,39000,-39000,-39000
063366,台表科富邦9C購02,0,0,0,0,0,0,0,0,0,-39000,0,0,0,6000,45000,-39000,-39000
057681,T50反1日盛9C購01,0,0,0,0,0,0,0,0,0,-39000,0,0,0,0,39000,-39000,-39000
05589P,大立光中信9A售01,0,0,0,0,0,0,0,0,0,-39000,0,0,0,0,39000,-39000,-39000
061052,和大群益9A購01  ,0,0,0,0,0,0,0,0,0,-39000,0,0,0,0,39000,-39000,-39000
061018,台積電國票9B購05,0,0,0,0,0,0,0,0,0,-39000,0,0,0,76000,115000,-39000,-39000
064290,GIS元大9C購04   ,0,0,0,0,0,0,0,0,0,-39000,0,0,0,111000,150000,-39000,-39000
064027,義隆元大9C購01  ,0,0,0,0,0,0,0,0,0,-39000,0,0,0,3000,42000,-39000,-39000
062740,致伸國票9B購01  ,0,0,0,0,0,0,0,0,0,-39000,0,0,0,0,39000,-39000,-39000
065658,聯發科富邦03購03,0,0,0,0,0,0,0,0,0,-39000,0,0,0,220000,259000,-39000,-39000
064657,和大元大9C購02  ,0,0,0,0,0,0,0,0,0,-39000,0,0,0,0,39000,-39000,-39000
064728,健策統一9C購04  ,0,0,0,0,0,0,0,0,0,-39000,0,0,0,589000,628000,-39000,-39000
064185,裕隆永豐9C購01  ,0,0,0,0,0,0,0,0,0,-39000,0,0,0,625000,664000,-39000,-39000
066048,奇鋐元大01購01  ,0,0,0,0,0,0,0,0,0,-39000,0,0,0,126000,165000,-39000,-39000
065676,臻鼎凱基9C購04  ,0,0,0,0,0,0,0,0,0,-39000,0,0,0,8000,47000,-39000,-39000
065759,TPK元大9C購05   ,0,0,0,0,0,0,0,0,0,-39000,0,0,0,87000,126000,-39000,-39000
2466,冠西電          ,19000,56000,-37000,0,0,0,0,0,0,-2000,0,2000,-2000,0,0,0,-39000
1219,福壽            ,0,39000,-39000,0,0,0,0,0,0,0,0,0,0,0,0,0,-39000
08278P,玉晶光元富9C售02,0,0,0,0,0,0,0,0,0,-40000,0,0,0,30000,70000,-40000,-40000
08065P,瑞昱凱基9B售03  ,0,0,0,0,0,0,0,0,0,-40000,0,0,0,0,40000,-40000,-40000
08180P,聯發科國泰01售05,0,0,0,0,0,0,0,0,0,-40000,0,0,0,0,40000,-40000,-40000
08585P,台表科群益9C售04,0,0,0,0,0,0,0,0,0,-40000,0,0,0,0,40000,-40000,-40000
08549P,大立光元大9C售25,0,0,0,0,0,0,0,0,0,-40000,0,0,0,20000,60000,-40000,-40000
08712P,國巨元富07售03  ,0,0,0,0,0,0,0,0,0,-40000,0,0,0,0,40000,-40000,-40000
06997P,台灣50中信03售01,0,0,0,0,0,0,0,0,0,-40000,0,0,0,0,40000,-40000,-40000
07955P,大成鋼群益9B售02,0,0,0,0,0,0,0,0,0,-40000,0,0,0,20000,60000,-40000,-40000
07593P,臺股指凱基9A售08,0,0,0,0,0,0,0,0,0,-40000,0,0,0,0,40000,-40000,-40000
068069,台光電凱基01購03,0,0,0,0,0,0,0,0,0,-40000,0,0,0,10000,50000,-40000,-40000
068056,台表科統一03購01,0,0,0,0,0,0,0,0,0,-40000,0,0,0,0,40000,-40000,-40000
067003,聯發科永豐01購02,0,0,0,0,0,0,0,0,0,-40000,0,0,0,0,40000,-40000,-40000
067135,聯詠永豐01購02  ,0,0,0,0,0,0,0,0,0,-40000,0,0,0,88000,128000,-40000,-40000
067301,漢唐元大01購02  ,0,0,0,0,0,0,0,0,0,-40000,0,0,0,100000,140000,-40000,-40000
067574,臺指反群益01購04,0,0,0,0,0,0,0,0,0,-40000,0,0,0,0,40000,-40000,-40000
067464,上証2X元大03購01,0,0,0,0,0,0,0,0,0,-40000,0,0,0,0,40000,-40000,-40000
053782,京元電元大98購02,0,0,0,0,0,0,0,0,0,-40000,0,0,0,0,40000,-40000,-40000
056854,友達中信9A購01  ,0,0,0,0,0,0,0,0,0,-40000,0,0,0,0,40000,-40000,-40000
056734,國巨凱基99購01  ,0,0,0,0,0,0,0,0,0,-40000,0,0,0,0,40000,-40000,-40000
052659,上証2X國票99購01,0,0,0,0,0,0,0,0,0,-40000,0,0,0,40000,80000,-40000,-40000
056518,美律國票99購01  ,0,0,0,0,0,0,0,0,0,-40000,0,0,0,0,40000,-40000,-40000
053317,友達群益9A購02  ,0,0,0,0,0,0,0,0,0,-40000,0,0,0,0,40000,-40000,-40000
057848,台表科永豐98購02,0,0,0,0,0,0,0,0,0,-40000,0,0,0,0,40000,-40000,-40000
058353,國巨凱基99購09  ,0,0,0,0,0,0,0,0,0,-40000,0,0,0,0,40000,-40000,-40000
059403,T50反1台新03購03,0,0,0,0,0,0,0,0,0,-40000,0,0,0,0,40000,-40000,-40000
058239,景碩元大99購03  ,0,0,0,0,0,0,0,0,0,-40000,0,0,0,1000,41000,-40000,-40000
062730,致伸凱基9B購01  ,0,0,0,0,0,0,0,0,0,-40000,0,0,0,5000,45000,-40000,-40000
062872,華通兆豐9C購01  ,0,0,0,0,0,0,0,0,0,-40000,0,0,0,0,40000,-40000,-40000
063062,群創元富9B購01  ,0,0,0,0,0,0,0,0,0,-40000,0,0,0,10000,50000,-40000,-40000
062437,廣達元大9B購01  ,0,0,0,0,0,0,0,0,0,-40000,0,0,0,0,40000,-40000,-40000
061967,旺宏統一01購04  ,0,0,0,0,0,0,0,0,0,-40000,0,0,0,0,40000,-40000,-40000
063729,國巨元大9C購08  ,0,0,0,0,0,0,0,0,0,-40000,0,0,0,0,40000,-40000,-40000
063696,T50反1群益9B購03,0,0,0,0,0,0,0,0,0,-40000,0,0,0,0,40000,-40000,-40000
064569,群創群益9C購01  ,0,0,0,0,0,0,0,0,0,-40000,0,0,0,40000,80000,-40000,-40000
061654,旺宏國票9A購02  ,0,0,0,0,0,0,0,0,0,-40000,0,0,0,0,40000,-40000,-40000
064433,金像電凱基02購01,0,0,0,0,0,0,0,0,0,-40000,0,0,0,0,40000,-40000,-40000
060706,群創富邦9A購01  ,0,0,0,0,0,0,0,0,0,-40000,0,0,0,0,40000,-40000,-40000
060531,大立光中信9A購04,0,0,0,0,0,0,0,0,0,-40000,0,0,0,10000,50000,-40000,-40000
065800,技嘉群益9C購01  ,0,0,0,0,0,0,0,0,0,-40000,0,0,0,122000,162000,-40000,-40000
065667,台光電凱基01購01,0,0,0,0,0,0,0,0,0,-40000,0,0,0,10000,50000,-40000,-40000
066897,京元電康和01購01,0,0,0,0,0,0,0,0,0,-40000,0,0,0,0,40000,-40000,-40000
066763,創意永豐01購02  ,0,0,0,0,0,0,0,0,0,-40000,0,0,0,0,40000,-40000,-40000
065546,景碩兆豐01購01  ,0,0,0,0,0,0,0,0,0,-40000,0,0,0,47000,87000,-40000,-40000
065363,國巨元大01購04  ,0,0,0,0,0,0,0,0,0,-40000,0,0,0,25000,65000,-40000,-40000
065368,技嘉元大9C購04  ,0,0,0,0,0,0,0,0,0,-40000,0,0,0,4000,44000,-40000,-40000
065240,矽創凱基01購01  ,0,0,0,0,0,0,0,0,0,-40000,0,0,0,10000,50000,-40000,-40000
08918P,臺股指凱基01售09,0,0,0,0,0,0,0,0,0,-40000,0,0,0,0,40000,-40000,-40000
4912,聯德控股-KY     ,46000,85000,-39000,0,0,0,0,0,0,-1000,0,1000,-1000,0,0,0,-40000
06742P,可成富邦99售02  ,0,0,0,0,0,0,0,0,0,-41000,0,0,0,0,41000,-41000,-41000
067303,聯發科元大02購03,0,0,0,0,0,0,0,0,0,-41000,0,0,0,496000,537000,-41000,-41000
068226,聯發科元富04購02,0,0,0,0,0,0,0,0,0,-41000,0,0,0,62000,103000,-41000,-41000
067732,遠東新元大01購01,0,0,0,0,0,0,0,0,0,-41000,0,0,0,15000,56000,-41000,-41000
068548,台積電群益01購22,0,0,0,0,0,0,0,0,0,-41000,0,0,0,3000,44000,-41000,-41000
068369,玉晶光富邦03購01,0,0,0,0,0,0,0,0,0,-41000,0,0,0,0,41000,-41000,-41000
068309,聯詠國票03購01  ,0,0,0,0,0,0,0,0,0,-41000,0,0,0,0,41000,-41000,-41000
08170P,緯穎群益9B售03  ,0,0,0,0,0,0,0,0,0,-41000,0,0,0,9000,50000,-41000,-41000
059181,世紀鋼元富9C購01,0,0,0,0,0,0,0,0,0,-41000,0,0,0,415000,456000,-41000,-41000
063491,國巨富邦02購02  ,0,0,0,0,0,0,0,0,0,-41000,0,0,0,7000,48000,-41000,-41000
056479,玉晶光元大99購05,0,0,0,0,0,0,0,0,0,-41000,0,0,0,2000,43000,-41000,-41000
055205,京鼎中信99購01  ,0,0,0,0,0,0,0,0,0,-41000,0,0,0,4000,45000,-41000,-41000
060609,玉晶光凱基9B購01,0,0,0,0,0,0,0,0,0,-41000,0,0,0,3000,44000,-41000,-41000
061731,旺宏統一9B購06  ,0,0,0,0,0,0,0,0,0,-41000,0,0,0,0,41000,-41000,-41000
062017,京鼎永豐9B購01  ,0,0,0,0,0,0,0,0,0,-41000,0,0,0,0,41000,-41000,-41000
062254,台光電元大9B購02,0,0,0,0,0,0,0,0,0,-41000,0,0,0,19000,60000,-41000,-41000
062184,奇鋐元大9B購02  ,0,0,0,0,0,0,0,0,0,-41000,0,0,0,1000,42000,-41000,-41000
065160,聯茂群益9C購02  ,0,0,0,0,0,0,0,0,0,-41000,0,0,0,1000,42000,-41000,-41000
065535,健鼎統一02購03  ,0,0,0,0,0,0,0,0,0,-41000,0,0,0,0,41000,-41000,-41000
064719,聯發科統一02購01,0,0,0,0,0,0,0,0,0,-41000,0,0,0,152000,193000,-41000,-41000
063965,漢唐國票01購01  ,0,0,0,0,0,0,0,0,0,-41000,0,0,0,0,41000,-41000,-41000
063991,南六永豐9C購02  ,0,0,0,0,0,0,0,0,0,-41000,0,0,0,0,41000,-41000,-41000
066768,瀚宇博永豐01購01,0,0,0,0,0,0,0,0,0,-41000,0,0,0,0,41000,-41000,-41000
065920,日月光凱基02購01,0,0,0,0,0,0,0,0,0,-41000,0,0,0,157000,198000,-41000,-41000
066007,大立光統一02購06,0,0,0,0,0,0,0,0,0,-41000,0,0,0,50000,91000,-41000,-41000
066095,友訊中信05購01  ,0,0,0,0,0,0,0,0,0,-41000,0,0,0,95000,136000,-41000,-41000
2495,普安            ,3000,36000,-33000,0,0,0,0,0,0,-8000,0,8000,-8000,0,0,0,-41000
068348,上銀凱基01購02  ,0,0,0,0,0,0,0,0,0,-42000,0,0,0,178000,220000,-42000,-42000
067092,美利達元大01購03,0,0,0,0,0,0,0,0,0,-42000,0,0,0,94000,136000,-42000,-42000
056943,華通統一99購01  ,0,0,0,0,0,0,0,0,0,-42000,0,0,0,116000,158000,-42000,-42000
057112,立積群益99購01  ,0,0,0,0,0,0,0,0,0,-42000,0,0,0,2000,44000,-42000,-42000
063288,泰鼎元大9B購02  ,0,0,0,0,0,0,0,0,0,-42000,0,0,0,25000,67000,-42000,-42000
058536,群創統一9B購01  ,0,0,0,0,0,0,0,0,0,-42000,0,0,0,538000,580000,-42000,-42000
059689,南亞科永豐99購02,0,0,0,0,0,0,0,0,0,-42000,0,0,0,0,42000,-42000,-42000
062731,力成凱基9B購02  ,0,0,0,0,0,0,0,0,0,-42000,0,0,0,168000,210000,-42000,-42000
062802,宏達電統一9B購01,0,0,0,0,0,0,0,0,0,-42000,0,0,0,286000,328000,-42000,-42000
062218,燿華統一01購01  ,0,0,0,0,0,0,0,0,0,-42000,0,0,0,2000,44000,-42000,-42000
061918,上銀凱基9B購02  ,0,0,0,0,0,0,0,0,0,-42000,0,0,0,73000,115000,-42000,-42000
061933,光寶科國票9B購01,0,0,0,0,0,0,0,0,0,-42000,0,0,0,53000,95000,-42000,-42000
063738,奇鋐元大9B購03  ,0,0,0,0,0,0,0,0,0,-42000,0,0,0,0,42000,-42000,-42000
063669,宏達電統一9C購01,0,0,0,0,0,0,0,0,0,-42000,0,0,0,306000,348000,-42000,-42000
064305,健鼎兆豐9C購02  ,0,0,0,0,0,0,0,0,0,-42000,0,0,0,7000,49000,-42000,-42000
061038,TPK永豐9A購01   ,0,0,0,0,0,0,0,0,0,-42000,0,0,0,15000,57000,-42000,-42000
066362,瑞昱中信05購01  ,0,0,0,0,0,0,0,0,0,-42000,0,0,0,109000,151000,-42000,-42000
066351,關貿永豐01購01  ,0,0,0,0,0,0,0,0,0,-42000,0,0,0,0,42000,-42000,-42000
063873,南六永豐9C購01  ,0,0,0,0,0,0,0,0,0,-42000,0,0,0,40000,82000,-42000,-42000
065293,玉晶光群益01購07,0,0,0,0,0,0,0,0,0,-42000,0,0,0,61000,103000,-42000,-42000
1339,昭輝            ,6000,44000,-38000,0,0,0,0,0,0,-4000,0,4000,-4000,0,0,0,-42000
5288,豐祥-KY         ,30000,37000,-7000,0,0,0,0,0,0,-35000,0,35000,-35000,0,0,0,-42000
8926,台汽電          ,301000,318000,-17000,0,0,0,0,0,0,-25000,0,16000,-16000,0,9000,-9000,-42000
8131,福懋科          ,17000,56000,-39000,0,0,0,0,0,0,-3000,0,2000,-2000,0,1000,-1000,-42000
067249,緯穎群益01購04  ,0,0,0,0,0,0,0,0,0,-43000,0,0,0,85000,128000,-43000,-43000
067766,上銀統一02購02  ,0,0,0,0,0,0,0,0,0,-43000,0,0,0,81000,124000,-43000,-43000
067923,台勝科中信01購01,0,0,0,0,0,0,0,0,0,-43000,0,0,0,0,43000,-43000,-43000
06798P,臺股指凱基98售08,0,0,0,0,0,0,0,0,0,-43000,0,0,0,0,43000,-43000,-43000
08139P,華新科元大9B售12,0,0,0,0,0,0,0,0,0,-43000,0,0,0,0,43000,-43000,-43000
08229P,祥碩國票9B售04  ,0,0,0,0,0,0,0,0,0,-43000,0,0,0,0,43000,-43000,-43000
08344P,旺宏元大01售02  ,0,0,0,0,0,0,0,0,0,-43000,0,0,0,0,43000,-43000,-43000
057923,晶豪科凱基98購02,0,0,0,0,0,0,0,0,0,-43000,0,0,0,1000,44000,-43000,-43000
058900,旺宏元大99購11  ,0,0,0,0,0,0,0,0,0,-43000,0,0,0,1000,44000,-43000,-43000
057684,聯茂日盛99購01  ,0,0,0,0,0,0,0,0,0,-43000,0,0,0,0,43000,-43000,-43000
060763,聯鈞元大9A購03  ,0,0,0,0,0,0,0,0,0,-43000,0,0,0,6000,49000,-43000,-43000
061936,旺宏國票9B購03  ,0,0,0,0,0,0,0,0,0,-43000,0,0,0,0,43000,-43000,-43000
065133,SP黃豆凱基02購01,0,0,0,0,0,0,0,0,0,-43000,0,0,0,42000,85000,-43000,-43000
065079,致茂元大9C購01  ,0,0,0,0,0,0,0,0,0,-43000,0,0,0,24000,67000,-43000,-43000
064843,巨大統一02購01  ,0,0,0,0,0,0,0,0,0,-43000,0,0,0,19000,62000,-43000,-43000
066319,聯強永豐01購01  ,0,0,0,0,0,0,0,0,0,-43000,0,0,0,42000,85000,-43000,-43000
066108,惠特國票02購02  ,0,0,0,0,0,0,0,0,0,-43000,0,0,0,1000,44000,-43000,-43000
065682,健策統一9C購07  ,0,0,0,0,0,0,0,0,0,-43000,0,0,0,799000,842000,-43000,-43000
065790,創意永豐9C購02  ,0,0,0,0,0,0,0,0,0,-43000,0,0,0,0,43000,-43000,-43000
065828,大立光凱基06購01,0,0,0,0,0,0,0,0,0,-43000,0,0,0,0,43000,-43000,-43000
3094,聯傑            ,48000,91000,-43000,0,0,0,0,0,0,0,0,0,0,0,0,0,-43000
08969P,臺股指元大01售12,0,0,0,0,0,0,0,0,0,-43000,0,0,0,42000,85000,-43000,-43000
08258P,旺宏元大9C售04  ,0,0,0,0,0,0,0,0,0,-44000,0,0,0,19000,63000,-44000,-44000
08334P,智邦永豐9C售01  ,0,0,0,0,0,0,0,0,0,-44000,0,0,0,6000,50000,-44000,-44000
068383,上銀統一03購01  ,0,0,0,0,0,0,0,0,0,-44000,0,0,0,0,44000,-44000,-44000
07114P,旺宏兆豐9A售01  ,0,0,0,0,0,0,0,0,0,-44000,0,0,0,11000,55000,-44000,-44000
068043,GIS元富07購02   ,0,0,0,0,0,0,0,0,0,-44000,0,0,0,80000,124000,-44000,-44000
067248,帆宣群益01購01  ,0,0,0,0,0,0,0,0,0,-44000,0,0,0,29000,73000,-44000,-44000
058522,聯茂元大99購07  ,0,0,0,0,0,0,0,0,0,-44000,0,0,0,117000,161000,-44000,-44000
056669,貿聯國票99購01  ,0,0,0,0,0,0,0,0,0,-44000,0,0,0,0,44000,-44000,-44000
03022P,玉晶光群益02售26,0,0,0,0,0,0,0,0,0,-44000,0,0,0,0,44000,-44000,-44000
062234,廣達凱基9B購01  ,0,0,0,0,0,0,0,0,0,-44000,0,0,0,12000,56000,-44000,-44000
063572,麗豐元大9B購01  ,0,0,0,0,0,0,0,0,0,-44000,0,0,0,471000,515000,-44000,-44000
063113,聯茂兆豐9B購01  ,0,0,0,0,0,0,0,0,0,-44000,0,0,0,20000,64000,-44000,-44000
060509,宏達電元大9A購02,0,0,0,0,0,0,0,0,0,-44000,0,0,0,8000,52000,-44000,-44000
060296,和碩元大9A購01  ,0,0,0,0,0,0,0,0,0,-44000,0,0,0,0,44000,-44000,-44000
064494,南亞科元大9C購02,0,0,0,0,0,0,0,0,0,-44000,0,0,0,0,44000,-44000,-44000
065762,台表科元大9C購13,0,0,0,0,0,0,0,0,0,-44000,0,0,0,124000,168000,-44000,-44000
065238,聯茂凱基02購01  ,0,0,0,0,0,0,0,0,0,-44000,0,0,0,10000,54000,-44000,-44000
065262,義隆元大9C購06  ,0,0,0,0,0,0,0,0,0,-44000,0,0,0,40000,84000,-44000,-44000
065344,瑞昱統一01購05  ,0,0,0,0,0,0,0,0,0,-44000,0,0,0,4000,48000,-44000,-44000
3028,增你強          ,3000,47000,-44000,0,0,0,0,0,0,0,0,0,0,0,0,0,-44000
4722,國精化          ,9000,12000,-3000,0,0,0,0,0,0,-41000,0,41000,-41000,0,0,0,-44000
3535,晶彩科          ,73000,117000,-44000,0,0,0,0,0,0,0,0,0,0,0,0,0,-44000
6449,鈺邦            ,89000,118000,-29000,0,0,0,0,0,0,-15000,1000,16000,-15000,0,0,0,-44000
068078,緯創凱基02購01  ,0,0,0,0,0,0,0,0,0,-45000,0,0,0,179000,224000,-45000,-45000
067715,泰豐凱基02購01  ,0,0,0,0,0,0,0,0,0,-45000,0,0,0,0,45000,-45000,-45000
057240,茂林凱基9A購01  ,0,0,0,0,0,0,0,0,0,-45000,0,0,0,0,45000,-45000,-45000
060039,大立光國票99購04,0,0,0,0,0,0,0,0,0,-45000,0,0,0,0,45000,-45000,-45000
058342,鴻海群益9A購01  ,0,0,0,0,0,0,0,0,0,-45000,0,0,0,0,45000,-45000,-45000
058681,大立光康和9B購01,0,0,0,0,0,0,0,0,0,-45000,0,0,0,0,45000,-45000,-45000
059277,群創元大99購05  ,0,0,0,0,0,0,0,0,0,-45000,0,0,0,0,45000,-45000,-45000
064513,T50反1群益9C購01,0,0,0,0,0,0,0,0,0,-45000,0,0,0,30000,75000,-45000,-45000
064434,微星凱基02購01  ,0,0,0,0,0,0,0,0,0,-45000,0,0,0,36000,81000,-45000,-45000
061348,聯鈞元大9A購05  ,0,0,0,0,0,0,0,0,0,-45000,0,0,0,0,45000,-45000,-45000
061376,瑞昱永豐9A購02  ,0,0,0,0,0,0,0,0,0,-45000,0,0,0,6000,51000,-45000,-45000
062625,華通國票9B購02  ,0,0,0,0,0,0,0,0,0,-45000,0,0,0,3000,48000,-45000,-45000
061928,群創凱基9B購06  ,0,0,0,0,0,0,0,0,0,-45000,0,0,0,26000,71000,-45000,-45000
061891,力山永豐9B購01  ,0,0,0,0,0,0,0,0,0,-45000,0,0,0,0,45000,-45000,-45000
065627,貿聯兆豐9C購02  ,0,0,0,0,0,0,0,0,0,-45000,0,0,0,0,45000,-45000,-45000
065008,TPK國票01購02   ,0,0,0,0,0,0,0,0,0,-45000,0,0,0,32000,77000,-45000,-45000
066012,友訊元富01購01  ,0,0,0,0,0,0,0,0,0,-45000,0,0,0,189000,234000,-45000,-45000
066690,瑞昱台新01購01  ,0,0,0,0,0,0,0,0,0,-45000,0,0,0,103000,148000,-45000,-45000
6283,淳安            ,17000,62000,-45000,0,0,0,0,0,0,0,0,0,0,0,0,0,-45000
6142,友勁            ,93000,90000,3000,0,0,0,0,0,0,-48000,0,48000,-48000,0,0,0,-45000
5225,東科-KY         ,9000,17000,-8000,0,0,0,0,0,0,-37000,0,37000,-37000,0,0,0,-45000
07990P,緯穎凱基9B售02  ,0,0,0,0,0,0,0,0,0,-46000,0,0,0,0,46000,-46000,-46000
08796P,晶技凱基01售01  ,0,0,0,0,0,0,0,0,0,-46000,0,0,0,0,46000,-46000,-46000
059807,大立光元富99購09,0,0,0,0,0,0,0,0,0,-46000,0,0,0,7000,53000,-46000,-46000
060035,臺股指永豐99購04,0,0,0,0,0,0,0,0,0,-46000,0,0,0,4000,50000,-46000,-46000
059948,正文永豐99購01  ,0,0,0,0,0,0,0,0,0,-46000,0,0,0,51000,97000,-46000,-46000
057000,亞德客國票99購01,0,0,0,0,0,0,0,0,0,-46000,0,0,0,30000,76000,-46000,-46000
03083P,鴻海元大01售22  ,0,0,0,0,0,0,0,0,0,-46000,0,0,0,4000,50000,-46000,-46000
053282,彩晶元大9C購01  ,0,0,0,0,0,0,0,0,0,-46000,0,0,0,40000,86000,-46000,-46000
060360,南亞科元富9A購02,0,0,0,0,0,0,0,0,0,-46000,0,0,0,0,46000,-46000,-46000
064482,微星永豐9C購01  ,0,0,0,0,0,0,0,0,0,-46000,0,0,0,31000,77000,-46000,-46000
064033,茂林元大9C購02  ,0,0,0,0,0,0,0,0,0,-46000,0,0,0,136000,182000,-46000,-46000
066794,鴻海凱基01購07  ,0,0,0,0,0,0,0,0,0,-46000,0,0,0,13000,59000,-46000,-46000
066182,康控凱基01購01  ,0,0,0,0,0,0,0,0,0,-46000,0,0,0,74000,120000,-46000,-46000
065653,同欣電元大03購01,0,0,0,0,0,0,0,0,0,-46000,0,0,0,231000,277000,-46000,-46000
064777,南亞科群益9C購01,0,0,0,0,0,0,0,0,0,-46000,0,0,0,0,46000,-46000,-46000
064226,TPK國票01購01   ,0,0,0,0,0,0,0,0,0,-46000,0,0,0,40000,86000,-46000,-46000
063902,志超群益9C購01  ,0,0,0,0,0,0,0,0,0,-46000,0,0,0,50000,96000,-46000,-46000
4564,元翎            ,261000,307000,-46000,0,0,0,0,0,0,0,0,0,0,0,0,0,-46000
08471P,日月光凱基9C售02,0,0,0,0,0,0,0,0,0,-47000,0,0,0,10000,57000,-47000,-47000
067819,健策凱基01購03  ,0,0,0,0,0,0,0,0,0,-47000,0,0,0,75000,122000,-47000,-47000
053827,漢唐麥證9A購01  ,0,0,0,31000,78000,-47000,0,0,0,-47000,0,0,0,31000,78000,-47000,-47000
060009,南亞科群益99購03,0,0,0,0,0,0,0,0,0,-47000,0,0,0,0,47000,-47000,-47000
058959,南茂國票9A購01  ,0,0,0,0,0,0,0,0,0,-47000,0,0,0,0,47000,-47000,-47000
058494,可成群益9B購01  ,0,0,0,0,0,0,0,0,0,-47000,0,0,0,0,47000,-47000,-47000
057662,上銀元大9A購01  ,0,0,0,0,0,0,0,0,0,-47000,0,0,0,13000,60000,-47000,-47000
063237,微星元大9B購02  ,0,0,0,0,0,0,0,0,0,-47000,0,0,0,3000,50000,-47000,-47000
064417,創意中信9C購01  ,0,0,0,0,0,0,0,0,0,-47000,0,0,0,13000,60000,-47000,-47000
060920,超眾富邦9B購01  ,0,0,0,0,0,0,0,0,0,-47000,0,0,0,55000,102000,-47000,-47000
061677,泰碩元大9A購05  ,0,0,0,0,0,0,0,0,0,-47000,0,0,0,150000,197000,-47000,-47000
061157,聯鈞群益9A購02  ,0,0,0,0,0,0,0,0,0,-47000,0,0,0,111000,158000,-47000,-47000
062662,友達群益9B購02  ,0,0,0,0,0,0,0,0,0,-47000,0,0,0,11000,58000,-47000,-47000
062640,訊連國票9C購01  ,0,0,0,0,0,0,0,0,0,-47000,0,0,0,2000,49000,-47000,-47000
062545,嘉晶永豐9B購01  ,0,0,0,0,0,0,0,0,0,-47000,0,0,0,2000,49000,-47000,-47000
062434,華通元大9B購04  ,0,0,0,0,0,0,0,0,0,-47000,0,0,0,201000,248000,-47000,-47000
063120,台光電元大9C購01,0,0,0,0,0,0,0,0,0,-47000,0,0,0,18000,65000,-47000,-47000
063861,南亞科國泰02購01,0,0,0,0,0,0,0,0,0,-47000,0,0,0,76000,123000,-47000,-47000
064749,巨大國票01購01  ,0,0,0,0,0,0,0,0,0,-47000,0,0,0,12000,59000,-47000,-47000
065438,緯穎凱基9C購04  ,0,0,0,0,0,0,0,0,0,-47000,0,0,0,13000,60000,-47000,-47000
065421,康友國票01購01  ,0,0,0,0,0,0,0,0,0,-47000,0,0,0,111000,158000,-47000,-47000
066231,友訊富邦02購01  ,0,0,0,0,0,0,0,0,0,-47000,0,0,0,32000,79000,-47000,-47000
065812,寶成群益9C購02  ,0,0,0,0,0,0,0,0,0,-47000,0,0,0,53000,100000,-47000,-47000
065948,燿華統一01購02  ,0,0,0,0,0,0,0,0,0,-47000,0,0,0,10000,57000,-47000,-47000
2832,台產            ,0,47000,-47000,0,0,0,0,0,0,0,0,0,0,0,0,0,-47000
2493,揚博            ,60000,107000,-47000,0,0,0,0,0,0,0,0,0,0,0,0,0,-47000
067855,達方國票02購01  ,0,0,0,0,0,0,0,0,0,-48000,0,0,0,0,48000,-48000,-48000
08171P,嘉澤國票9C售01  ,0,0,0,0,0,0,0,0,0,-48000,0,0,0,80000,128000,-48000,-48000
06334P,臺股指群益9C售03,0,0,0,0,0,0,0,0,0,-48000,0,0,0,10000,58000,-48000,-48000
063415,台積電凱基03購01,0,0,0,0,0,0,0,0,0,-48000,0,0,0,33000,81000,-48000,-48000
058589,群創中信01購01  ,0,0,0,0,0,0,0,0,0,-48000,0,0,0,5000,53000,-48000,-48000
060144,全新國票9B購01  ,0,0,0,0,0,0,0,0,0,-48000,0,0,0,0,48000,-48000,-48000
063793,和大凱基9C購01  ,0,0,0,0,0,0,0,0,0,-48000,0,0,0,5000,53000,-48000,-48000
062008,南亞科國泰9C購01,0,0,0,0,0,0,0,0,0,-48000,0,0,0,2000,50000,-48000,-48000
061845,SP黃豆國票9B購02,0,0,0,0,0,0,0,0,0,-48000,0,0,0,0,48000,-48000,-48000
061847,力山國票9B購01  ,0,0,0,0,0,0,0,0,0,-48000,0,0,0,60000,108000,-48000,-48000
061229,緯穎中信9B購01  ,0,0,0,0,0,0,0,0,0,-48000,0,0,0,0,48000,-48000,-48000
060552,群創凱基9B購05  ,0,0,0,0,0,0,0,0,0,-48000,0,0,0,10000,58000,-48000,-48000
061019,大毅國票9A購01  ,0,0,0,0,0,0,0,0,0,-48000,0,0,0,0,48000,-48000,-48000
060756,鴻海元大9A購16  ,0,0,0,0,0,0,0,0,0,-48000,0,0,0,0,48000,-48000,-48000
064012,泰碩國票01購02  ,0,0,0,0,0,0,0,0,0,-48000,0,0,0,30000,78000,-48000,-48000
066169,晶豪科凱基01購01,0,0,0,0,0,0,0,0,0,-48000,0,0,0,12000,60000,-48000,-48000
066798,燿華凱基02購02  ,0,0,0,0,0,0,0,0,0,-48000,0,0,0,26000,74000,-48000,-48000
066703,聯詠群益01購02  ,0,0,0,0,0,0,0,0,0,-48000,0,0,0,129000,177000,-48000,-48000
065371,漢唐元大01購01  ,0,0,0,0,0,0,0,0,0,-48000,0,0,0,98000,146000,-48000,-48000
065132,臻鼎兆豐01購01  ,0,0,0,0,0,0,0,0,0,-48000,0,0,0,125000,173000,-48000,-48000
064649,同欣電凱基01購01,0,0,0,0,0,0,0,0,0,-48000,0,0,0,22000,70000,-48000,-48000
064650,台表科凱基03購01,0,0,0,0,0,0,0,0,0,-48000,0,0,0,60000,108000,-48000,-48000
064846,旺宏元富03購01  ,0,0,0,0,0,0,0,0,0,-48000,0,0,0,26000,74000,-48000,-48000
2030,彰源            ,1000,49000,-48000,0,0,0,0,0,0,0,0,0,0,0,0,0,-48000
067243,華擎群益01購04  ,0,0,0,0,0,0,0,0,0,-49000,0,0,0,76000,125000,-49000,-49000
067244,康控群益01購02  ,0,0,0,0,0,0,0,0,0,-49000,0,0,0,22000,71000,-49000,-49000
06746P,聯發科群益99售02,0,0,0,0,0,0,0,0,0,-49000,0,0,0,0,49000,-49000,-49000
058312,大毅國泰9B購01  ,0,0,0,0,0,0,0,0,0,-49000,0,0,0,0,49000,-49000,-49000
058763,和碩群益99購01  ,0,0,0,0,0,0,0,0,0,-49000,0,0,0,0,49000,-49000,-49000
063472,茂林元大9B購04  ,0,0,0,0,0,0,0,0,0,-49000,0,0,0,49000,98000,-49000,-49000
054811,裕隆元大9A購01  ,0,0,0,0,0,0,0,0,0,-49000,0,0,0,1000,50000,-49000,-49000
03091P,臺股指元大01售20,0,0,0,0,0,0,0,0,0,-49000,0,0,0,91000,140000,-49000,-49000
03039P,玉晶光國票02售04,0,0,0,0,0,0,0,0,0,-49000,0,0,0,1000,50000,-49000,-49000
064030,泰碩元大01購01  ,0,0,0,0,0,0,0,0,0,-49000,0,0,0,62000,111000,-49000,-49000
064485,儒鴻元大01購01  ,0,0,0,0,0,0,0,0,0,-49000,0,0,0,308000,357000,-49000,-49000
061232,和大元大9A購03  ,0,0,0,0,0,0,0,0,0,-49000,0,0,0,24000,73000,-49000,-49000
061518,達方永豐9A購02  ,0,0,0,0,0,0,0,0,0,-49000,0,0,0,12000,61000,-49000,-49000
063224,泰鼎群益9B購02  ,0,0,0,0,0,0,0,0,0,-49000,0,0,0,4000,53000,-49000,-49000
064820,裕隆統一9C購01  ,0,0,0,0,0,0,0,0,0,-49000,0,0,0,420000,469000,-49000,-49000
064821,聯電統一02購01  ,0,0,0,0,0,0,0,0,0,-49000,0,0,0,123000,172000,-49000,-49000
065135,和大凱基01購01  ,0,0,0,0,0,0,0,0,0,-49000,0,0,0,11000,60000,-49000,-49000
065615,南電元大01購03  ,0,0,0,0,0,0,0,0,0,-49000,0,0,0,0,49000,-49000,-49000
065988,晶技永豐01購01  ,0,0,0,0,0,0,0,0,0,-49000,0,0,0,5000,54000,-49000,-49000
3591,艾笛森          ,6000,55000,-49000,0,0,0,0,0,0,0,0,0,0,0,0,0,-49000
067232,友訊群益01購05  ,0,0,0,0,0,0,0,0,0,-50000,0,0,0,20000,70000,-50000,-50000
067264,美利達國票02購01,0,0,0,0,0,0,0,0,0,-50000,0,0,0,68000,118000,-50000,-50000
06804P,臺股指群益98售10,0,0,0,0,0,0,0,0,0,-50000,0,0,0,0,50000,-50000,-50000
08043P,電子類群益9B售01,0,0,0,0,0,0,0,0,0,-50000,0,0,0,0,50000,-50000,-50000
08120P,南亞科國票9C售01,0,0,0,0,0,0,0,0,0,-50000,0,0,0,0,50000,-50000,-50000
08329P,台達電統一9C售02,0,0,0,0,0,0,0,0,0,-50000,0,0,0,80000,130000,-50000,-50000
08331P,義隆元富9C售02  ,0,0,0,0,0,0,0,0,0,-50000,0,0,0,0,50000,-50000,-50000
08241P,微星中信06售01  ,0,0,0,0,0,0,0,0,0,-50000,0,0,0,0,50000,-50000,-50000
08381P,台灣50群益9C售06,0,0,0,0,0,0,0,0,0,-50000,0,0,0,0,50000,-50000,-50000
08459P,聯發科兆豐9C售04,0,0,0,0,0,0,0,0,0,-50000,0,0,0,0,50000,-50000,-50000
08745P,臺股指凱基02售06,0,0,0,0,0,0,0,0,0,-50000,0,0,0,0,50000,-50000,-50000
07614P,華新科群益9A售04,0,0,0,0,0,0,0,0,0,-50000,0,0,0,0,50000,-50000,-50000
07894P,燿華元大9B售01  ,0,0,0,0,0,0,0,0,0,-50000,0,0,0,60000,110000,-50000,-50000
068428,神隆凱基03購01  ,0,0,0,0,0,0,0,0,0,-50000,0,0,0,0,50000,-50000,-50000
068456,冠德國票03購01  ,0,0,0,0,0,0,0,0,0,-50000,0,0,0,0,50000,-50000,-50000
068549,旺宏群益01購05  ,0,0,0,0,0,0,0,0,0,-50000,0,0,0,0,50000,-50000,-50000
068492,聯發科元大01購29,0,0,0,0,0,0,0,0,0,-50000,0,0,0,29000,79000,-50000,-50000
068469,鴻海群益01購11  ,0,0,0,0,0,0,0,0,0,-50000,0,0,0,0,50000,-50000,-50000
06977P,臺股指元大9A售15,0,0,0,0,0,0,0,0,0,-50000,0,0,0,0,50000,-50000,-50000
06891P,緯穎富邦99售03  ,0,0,0,0,0,0,0,0,0,-50000,0,0,0,0,50000,-50000,-50000
068567,聯發科元大01購32,0,0,0,0,0,0,0,0,0,-50000,0,0,0,30000,80000,-50000,-50000
03162P,泰碩元大01售02  ,0,0,0,0,0,0,0,0,0,-50000,0,0,0,0,50000,-50000,-50000
03164P,牧德元大01售03  ,0,0,0,0,0,0,0,0,0,-50000,0,0,0,0,50000,-50000,-50000
03088P,大立光元大01售17,0,0,0,0,0,0,0,0,0,-50000,0,0,0,0,50000,-50000,-50000
00689R,國泰20年美債反1 ,0,50000,-50000,0,0,0,0,0,0,0,0,0,0,100000,100000,0,-50000
054803,味全元大9A購01  ,0,0,0,0,0,0,0,0,0,-50000,0,0,0,50000,100000,-50000,-50000
052491,泰碩國票99購01  ,0,0,0,0,0,0,0,0,0,-50000,0,0,0,0,50000,-50000,-50000
057223,富邦金日盛99購01,0,0,0,0,0,0,0,0,0,-50000,0,0,0,0,50000,-50000,-50000
059086,國巨元大99購18  ,0,0,0,0,0,0,0,0,0,-50000,0,0,0,0,50000,-50000,-50000
059054,國巨凱基99購11  ,0,0,0,0,0,0,0,0,0,-50000,0,0,0,10000,60000,-50000,-50000
058161,T50反1日盛03購01,0,0,0,0,0,0,0,0,0,-50000,0,0,0,0,50000,-50000,-50000
058091,欣興元大99購03  ,0,0,0,0,0,0,0,0,0,-50000,0,0,0,24000,74000,-50000,-50000
056124,華通國票98購02  ,0,0,0,0,0,0,0,0,0,-50000,0,0,0,10000,60000,-50000,-50000
056081,T50反1統一99購02,0,0,0,0,0,0,0,0,0,-50000,0,0,0,0,50000,-50000,-50000
055376,群創元大01購01  ,0,0,0,0,0,0,0,0,0,-50000,0,0,0,0,50000,-50000,-50000
057057,立積元大9A購01  ,0,0,0,0,0,0,0,0,0,-50000,0,0,0,91000,141000,-50000,-50000
063425,台勝科凱基9B購02,0,0,0,0,0,0,0,0,0,-50000,0,0,0,0,50000,-50000,-50000
06340P,鴻海統一98售06  ,0,0,0,0,0,0,0,0,0,-50000,0,0,0,0,50000,-50000,-50000
063458,正隆元大9B購01  ,0,0,0,0,0,0,0,0,0,-50000,0,0,0,11000,61000,-50000,-50000
057887,智原群益98購04  ,0,0,0,0,0,0,0,0,0,-50000,0,0,0,10000,60000,-50000,-50000
058435,旺宏統一9B購02  ,0,0,0,0,0,0,0,0,0,-50000,0,0,0,0,50000,-50000,-50000
057617,國巨凱基99購06  ,0,0,0,0,0,0,0,0,0,-50000,0,0,0,0,50000,-50000,-50000
057925,貿聯凱基99購01  ,0,0,0,0,0,0,0,0,0,-50000,0,0,0,0,50000,-50000,-50000
059778,上証2X元大9C購03,0,0,0,0,0,0,0,0,0,-50000,0,0,0,0,50000,-50000,-50000
059650,緯穎凱基99購04  ,0,0,0,0,0,0,0,0,0,-50000,0,0,0,0,50000,-50000,-50000
063222,群創群益9B購03  ,0,0,0,0,0,0,0,0,0,-50000,0,0,0,0,50000,-50000,-50000
062649,緯穎富邦9B購03  ,0,0,0,0,0,0,0,0,0,-50000,0,0,0,0,50000,-50000,-50000
061897,泰碩永豐9B購01  ,0,0,0,0,0,0,0,0,0,-50000,0,0,0,0,50000,-50000,-50000
062246,力山元大9B購02  ,0,0,0,0,0,0,0,0,0,-50000,0,0,0,0,50000,-50000,-50000
062295,康友永豐9B購01  ,0,0,0,0,0,0,0,0,0,-50000,0,0,0,0,50000,-50000,-50000
063082,瑞昱凱基9B購04  ,0,0,0,0,0,0,0,0,0,-50000,0,0,0,20000,70000,-50000,-50000
060258,T50反1凱基9A購06,0,0,0,0,0,0,0,0,0,-50000,0,0,0,0,50000,-50000,-50000
062783,大立光元大9C購03,0,0,0,0,0,0,0,0,0,-50000,0,0,0,0,50000,-50000,-50000
062877,可成兆豐9C購01  ,0,0,0,0,0,0,0,0,0,-50000,0,0,0,0,50000,-50000,-50000
062559,嘉晶凱基9B購02  ,0,0,0,0,0,0,0,0,0,-50000,0,0,0,0,50000,-50000,-50000
062565,漢唐中信9C購01  ,0,0,0,0,0,0,0,0,0,-50000,0,0,0,20000,70000,-50000,-50000
062577,泰鼎群益9B購01  ,0,0,0,0,0,0,0,0,0,-50000,0,0,0,0,50000,-50000,-50000
062170,健策永豐9B購04  ,0,0,0,0,0,0,0,0,0,-50000,0,0,0,76000,126000,-50000,-50000
061223,T50反1中信01購01,0,0,0,0,0,0,0,0,0,-50000,0,0,0,0,50000,-50000,-50000
061373,華通富邦9A購02  ,0,0,0,0,0,0,0,0,0,-50000,0,0,0,0,50000,-50000,-50000
061286,大立光統一9A購05,0,0,0,0,0,0,0,0,0,-50000,0,0,0,0,50000,-50000,-50000
060719,瀚宇博永豐9A購01,0,0,0,0,0,0,0,0,0,-50000,0,0,0,0,50000,-50000,-50000
060673,旺宏元大9A購04  ,0,0,0,0,0,0,0,0,0,-50000,0,0,0,0,50000,-50000,-50000
060636,大毅永豐9A購02  ,0,0,0,0,0,0,0,0,0,-50000,0,0,0,0,50000,-50000,-50000
060804,T50反1群益9A購02,0,0,0,0,0,0,0,0,0,-50000,0,0,0,0,50000,-50000,-50000
060767,世紀鋼元大9A購02,0,0,0,0,0,0,0,0,0,-50000,0,0,0,50000,100000,-50000,-50000
061056,臺指反國票02購01,0,0,0,0,0,0,0,0,0,-50000,0,0,0,0,50000,-50000,-50000
060541,正隆凱基9A購01  ,0,0,0,0,0,0,0,0,0,-50000,0,0,0,12000,62000,-50000,-50000
060570,南亞科永豐9A購01,0,0,0,0,0,0,0,0,0,-50000,0,0,0,0,50000,-50000,-50000
060433,億豐永豐9A購01  ,0,0,0,0,0,0,0,0,0,-50000,0,0,0,10000,60000,-50000,-50000
060456,正隆元大9A購01  ,0,0,0,0,0,0,0,0,0,-50000,0,0,0,11000,61000,-50000,-50000
061650,南電元大9A購07  ,0,0,0,0,0,0,0,0,0,-50000,0,0,0,1000,51000,-50000,-50000
060955,大立光群益9A購02,0,0,0,0,0,0,0,0,0,-50000,0,0,0,0,50000,-50000,-50000
061646,力成元大9A購02  ,0,0,0,0,0,0,0,0,0,-50000,0,0,0,0,50000,-50000,-50000
065962,鴻海元大01購04  ,0,0,0,0,0,0,0,0,0,-50000,0,0,0,10000,60000,-50000,-50000
065771,道瓊反國票01購01,0,0,0,0,0,0,0,0,0,-50000,0,0,0,0,50000,-50000,-50000
066191,惠特凱基01購02  ,0,0,0,0,0,0,0,0,0,-50000,0,0,0,0,50000,-50000,-50000
066188,訊芯凱基01購01  ,0,0,0,0,0,0,0,0,0,-50000,0,0,0,0,50000,-50000,-50000
06603P,立積統一99售01  ,0,0,0,0,0,0,0,0,0,-50000,0,0,0,0,50000,-50000,-50000
066674,達方凱基01購01  ,0,0,0,0,0,0,0,0,0,-50000,0,0,0,0,50000,-50000,-50000
066915,訊芯凱基02購01  ,0,0,0,0,0,0,0,0,0,-50000,0,0,0,0,50000,-50000,-50000
066946,京元電元大01購04,0,0,0,0,0,0,0,0,0,-50000,0,0,0,1000,51000,-50000,-50000
066388,力山凱基01購02  ,0,0,0,0,0,0,0,0,0,-50000,0,0,0,81000,131000,-50000,-50000
066457,可成統一02購01  ,0,0,0,0,0,0,0,0,0,-50000,0,0,0,0,50000,-50000,-50000
066473,大成鋼麥證01購01,0,0,0,0,50000,-50000,0,0,0,-50000,0,0,0,0,50000,-50000,-50000
065513,旺宏群益9C購05  ,0,0,0,0,0,0,0,0,0,-50000,0,0,0,0,50000,-50000,-50000
065369,瑞昱元大9C購01  ,0,0,0,0,0,0,0,0,0,-50000,0,0,0,0,50000,-50000,-50000
065325,亞光凱基9C購01  ,0,0,0,0,0,0,0,0,0,-50000,0,0,0,71000,121000,-50000,-50000
065479,新日興元大9C購05,0,0,0,0,0,0,0,0,0,-50000,0,0,0,0,50000,-50000,-50000
065136,正隆凱基9C購01  ,0,0,0,0,0,0,0,0,0,-50000,0,0,0,25000,75000,-50000,-50000
065086,可成元大01購04  ,0,0,0,0,0,0,0,0,0,-50000,0,0,0,1000,51000,-50000,-50000
064986,GIS元大9C購07   ,0,0,0,0,0,0,0,0,0,-50000,0,0,0,17000,67000,-50000,-50000
064830,可成統一9C購04  ,0,0,0,0,0,0,0,0,0,-50000,0,0,0,20000,70000,-50000,-50000
064887,嘉晶中信9C購02  ,0,0,0,0,0,0,0,0,0,-50000,0,0,0,100000,150000,-50000,-50000
064965,臺指反元大03購02,0,0,0,0,0,0,0,0,0,-50000,0,0,0,0,50000,-50000,-50000
064131,群創元大01購02  ,0,0,0,0,0,0,0,0,0,-50000,0,0,0,5000,55000,-50000,-50000
064708,帆宣永豐9C購01  ,0,0,0,0,0,0,0,0,0,-50000,0,0,0,7000,57000,-50000,-50000
064699,臻鼎群益9C購01  ,0,0,0,0,0,0,0,0,0,-50000,0,0,0,0,50000,-50000,-50000
063913,貿聯凱基02購01  ,0,0,0,0,0,0,0,0,0,-50000,0,0,0,0,50000,-50000,-50000
2399,映泰            ,68000,116000,-48000,0,0,0,0,0,0,-2000,1000,3000,-2000,0,0,0,-50000
08934P,鴻海元大01售18  ,0,0,0,0,0,0,0,0,0,-50000,0,0,0,0,50000,-50000,-50000
08935P,鴻海元大01售19  ,0,0,0,0,0,0,0,0,0,-50000,0,0,0,0,50000,-50000,-50000
08866P,旭富元大01售01  ,0,0,0,0,0,0,0,0,0,-50000,0,0,0,0,50000,-50000,-50000
067802,台積電凱基07購01,0,0,0,0,0,0,0,0,0,-51000,0,0,0,0,51000,-51000,-51000
067871,玉晶光元大01購08,0,0,0,0,0,0,0,0,0,-51000,0,0,0,4000,55000,-51000,-51000
067280,國巨第一01購01  ,0,0,0,0,0,0,0,0,0,-51000,0,0,0,23000,74000,-51000,-51000
067328,鎧勝康和01購02  ,0,0,0,0,0,0,0,0,0,-51000,0,0,0,70000,121000,-51000,-51000
063471,泰鼎元大9C購01  ,0,0,0,0,0,0,0,0,0,-51000,0,0,0,10000,61000,-51000,-51000
051277,聯發科中信9A購01,0,0,0,0,0,0,0,0,0,-51000,0,0,0,220000,271000,-51000,-51000
03195P,台積電元富07售14,0,0,0,0,0,0,0,0,0,-51000,0,0,0,0,51000,-51000,-51000
054935,華通元大98購03  ,0,0,0,0,0,0,0,0,0,-51000,0,0,0,15000,66000,-51000,-51000
060962,義隆凱基9B購01  ,0,0,0,0,0,0,0,0,0,-51000,0,0,0,41000,92000,-51000,-51000
064400,大成鋼凱基01購01,0,0,0,0,0,0,0,0,0,-51000,0,0,0,83000,134000,-51000,-51000
061683,台灣50群益9B購09,0,0,0,0,0,0,0,0,0,-51000,0,0,0,4000,55000,-51000,-51000
061452,大成鋼凱基9A購01,0,0,0,0,0,0,0,0,0,-51000,0,0,0,0,51000,-51000,-51000
062281,奇鋐群益9B購01  ,0,0,0,0,0,0,0,0,0,-51000,0,0,0,0,51000,-51000,-51000
062272,鴻海群益9B購05  ,0,0,0,0,0,0,0,0,0,-51000,0,0,0,20000,71000,-51000,-51000
067428,大毅凱基01購02  ,0,0,0,0,0,0,0,0,0,-52000,0,0,0,30000,82000,-52000,-52000
067814,緯創凱基01購02  ,0,0,0,0,0,0,0,0,0,-52000,0,0,0,103000,155000,-52000,-52000
068599,台積電凱基01購27,0,0,0,0,0,0,0,0,0,-52000,0,0,0,6000,58000,-52000,-52000
068325,宏碁元大01購04  ,0,0,0,0,0,0,0,0,0,-52000,0,0,0,33000,85000,-52000,-52000
056926,日月光兆豐98購01,0,0,0,0,0,0,0,0,0,-52000,0,0,0,0,52000,-52000,-52000
063360,茂林國泰9C購02  ,0,0,0,0,0,0,0,0,0,-52000,0,0,0,26000,78000,-52000,-52000
058957,貿聯國票9A購01  ,0,0,0,0,0,0,0,0,0,-52000,0,0,0,7000,59000,-52000,-52000
059360,全新永豐99購02  ,0,0,0,0,0,0,0,0,0,-52000,0,0,0,0,52000,-52000,-52000
061553,南電群益9A購03  ,0,0,0,0,0,0,0,0,0,-52000,0,0,0,2000,54000,-52000,-52000
061134,大成鋼統一9C購01,0,0,0,0,0,0,0,0,0,-52000,0,0,0,10000,62000,-52000,-52000
06437P,玉晶光國票99售01,0,0,0,0,0,0,0,0,0,-52000,0,0,0,35000,87000,-52000,-52000
064105,南茂群益9C購01  ,0,0,0,0,0,0,0,0,0,-52000,0,0,0,109000,161000,-52000,-52000
064911,光寶科統一02購01,0,0,0,0,0,0,0,0,0,-52000,0,0,0,0,52000,-52000,-52000
066426,台勝科元大01購02,0,0,0,0,0,0,0,0,0,-52000,0,0,0,0,52000,-52000,-52000
066963,T50反1元富07購03,0,0,0,0,0,0,0,0,0,-52000,0,0,0,50000,102000,-52000,-52000
066106,台郡國票02購01  ,0,0,0,0,0,0,0,0,0,-52000,0,0,0,30000,82000,-52000,-52000
066096,友訊中信05購02  ,0,0,0,0,0,0,0,0,0,-52000,0,0,0,38000,90000,-52000,-52000
1234,黑松            ,2000,55000,-53000,0,0,0,0,0,0,1000,1000,0,1000,0,0,0,-52000
07694P,超眾元大9A售05  ,0,0,0,0,0,0,0,0,0,-53000,0,0,0,0,53000,-53000,-53000
08442P,臺股指麥證01售01,0,0,0,0,53000,-53000,0,0,0,-53000,0,0,0,0,53000,-53000,-53000
067410,聚陽兆豐01購01  ,0,0,0,0,0,0,0,0,0,-53000,0,0,0,88000,141000,-53000,-53000
067229,台達電群益01購02,0,0,0,0,0,0,0,0,0,-53000,0,0,0,365000,418000,-53000,-53000
067139,訊連永豐01購01  ,0,0,0,0,0,0,0,0,0,-53000,0,0,0,40000,93000,-53000,-53000
058864,欣興凱基99購04  ,0,0,0,0,0,0,0,0,0,-53000,0,0,0,7000,60000,-53000,-53000
057882,華通群益9A購03  ,0,0,0,0,0,0,0,0,0,-53000,0,0,0,0,53000,-53000,-53000
058531,華通元富99購01  ,0,0,0,0,0,0,0,0,0,-53000,0,0,0,4000,57000,-53000,-53000
061657,智原國票9A購01  ,0,0,0,0,0,0,0,0,0,-53000,0,0,0,49000,102000,-53000,-53000
060297,和碩元大9A購02  ,0,0,0,0,0,0,0,0,0,-53000,0,0,0,1000,54000,-53000,-53000
062776,鴻海元大9B購03  ,0,0,0,0,0,0,0,0,0,-53000,0,0,0,10000,63000,-53000,-53000
064746,貿聯國票01購02  ,0,0,0,0,0,0,0,0,0,-53000,0,0,0,58000,111000,-53000,-53000
064995,世紀鋼兆豐9C購01,0,0,0,0,0,0,0,0,0,-53000,0,0,0,349000,402000,-53000,-53000
065598,微星元大01購02  ,0,0,0,0,0,0,0,0,0,-53000,0,0,0,10000,63000,-53000,-53000
2465,麗臺            ,11000,64000,-53000,0,0,0,0,0,0,0,0,0,0,0,0,0,-53000
067108,大毅群益01購01  ,0,0,0,0,0,0,0,0,0,-54000,0,0,0,27000,81000,-54000,-54000
067014,聯發科富邦03購05,0,0,0,0,0,0,0,0,0,-54000,0,0,0,632000,686000,-54000,-54000
067583,金像電群益01購05,0,0,0,0,0,0,0,0,0,-54000,0,0,0,63000,117000,-54000,-54000
067584,技嘉群益02購01  ,0,0,0,0,0,0,0,0,0,-54000,0,0,0,15000,69000,-54000,-54000
068102,晶豪科永豐01購01,0,0,0,0,0,0,0,0,0,-54000,0,0,0,0,54000,-54000,-54000
068235,T50反1元大01購08,0,0,0,0,0,0,0,0,0,-54000,0,0,0,0,54000,-54000,-54000
08790P,聯發科元富01售01,0,0,0,0,0,0,0,0,0,-54000,0,0,0,6000,60000,-54000,-54000
063361,台表科國泰01購02,0,0,0,0,0,0,0,0,0,-54000,0,0,0,0,54000,-54000,-54000
058746,華通凱基9A購02  ,0,0,0,0,0,0,0,0,0,-54000,0,0,0,7000,61000,-54000,-54000
046629,群創統一98購01  ,0,0,0,0,0,0,0,0,0,-54000,0,0,0,103000,157000,-54000,-54000
03074P,大立光國泰03售05,0,0,0,0,0,0,0,0,0,-54000,0,0,0,20000,74000,-54000,-54000
03129P,台光電統一01售06,0,0,0,0,0,0,0,0,0,-54000,0,0,0,0,54000,-54000,-54000
062306,華通凱基9B購01  ,0,0,0,0,0,0,0,0,0,-54000,0,0,0,60000,114000,-54000,-54000
060707,台郡富邦9A購01  ,0,0,0,0,0,0,0,0,0,-54000,0,0,0,0,54000,-54000,-54000
061361,世紀鋼兆豐9A購01,0,0,0,0,0,0,0,0,0,-54000,0,0,0,339000,393000,-54000,-54000
061003,南亞科兆豐9A購01,0,0,0,0,0,0,0,0,0,-54000,0,0,0,0,54000,-54000,-54000
065537,健鼎統一02購05  ,0,0,0,0,0,0,0,0,0,-54000,0,0,0,0,54000,-54000,-54000
065115,臺股指國票9C購12,0,0,0,0,0,0,0,0,0,-54000,0,0,0,0,54000,-54000,-54000
065267,聯鈞元大9C購02  ,0,0,0,0,0,0,0,0,0,-54000,0,0,0,51000,105000,-54000,-54000
2634,漢翔            ,245000,243000,2000,0,0,0,0,0,0,-56000,0,0,0,2000,58000,-56000,-54000
2608,嘉里大榮        ,5000,59000,-54000,0,0,0,0,0,0,0,0,0,0,0,0,0,-54000
068453,台積電國票03購03,0,0,0,0,0,0,0,0,0,-55000,0,0,0,44000,99000,-55000,-55000
068392,彩晶統一03購01  ,0,0,0,0,0,0,0,0,0,-55000,0,0,0,0,55000,-55000,-55000
068472,聯發科群益01購12,0,0,0,0,0,0,0,0,0,-55000,0,0,0,30000,85000,-55000,-55000
03082P,鴻海元大01售21  ,0,0,0,0,0,0,0,0,0,-55000,0,0,0,19000,74000,-55000,-55000
03144P,台積電國票01售09,0,0,0,0,0,0,0,0,0,-55000,0,0,0,37000,92000,-55000,-55000
058105,旺宏統一9A購02  ,0,0,0,0,0,0,0,0,0,-55000,0,0,0,185000,240000,-55000,-55000
063343,美律統一9C購01  ,0,0,0,0,0,0,0,0,0,-55000,0,0,0,5000,60000,-55000,-55000
059851,晶相光永豐99購02,0,0,0,0,0,0,0,0,0,-55000,0,0,0,0,55000,-55000,-55000
062335,茂林統一01購01  ,0,0,0,0,0,0,0,0,0,-55000,0,0,0,0,55000,-55000,-55000
062327,燿華統一9B購02  ,0,0,0,0,0,0,0,0,0,-55000,0,0,0,0,55000,-55000,-55000
063552,晶技國票9B購03  ,0,0,0,0,0,0,0,0,0,-55000,0,0,0,18000,73000,-55000,-55000
065352,GIS統一01購04   ,0,0,0,0,0,0,0,0,0,-55000,0,0,0,244000,299000,-55000,-55000
063870,健策永豐01購01  ,0,0,0,0,0,0,0,0,0,-55000,0,0,0,150000,205000,-55000,-55000
064758,可成凱基02購02  ,0,0,0,0,0,0,0,0,0,-55000,0,0,0,0,55000,-55000,-55000
066190,惠特凱基01購01  ,0,0,0,0,0,0,0,0,0,-55000,0,0,0,0,55000,-55000,-55000
065897,凌華統一03購01  ,0,0,0,0,0,0,0,0,0,-55000,0,0,0,0,55000,-55000,-55000
066567,臻鼎元大01購01  ,0,0,0,0,0,0,0,0,0,-55000,0,0,0,50000,105000,-55000,-55000
066532,力成元富07購01  ,0,0,0,0,0,0,0,0,0,-55000,0,0,0,215000,270000,-55000,-55000
066539,晶技兆豐01購02  ,0,0,0,0,0,0,0,0,0,-55000,0,0,0,174000,229000,-55000,-55000
1604,聲寶            ,132000,187000,-55000,0,0,0,0,0,0,0,0,0,0,0,0,0,-55000
4133,亞諾法          ,0,55000,-55000,0,0,0,0,0,0,0,0,0,0,0,0,0,-55000
068598,台積電凱基01購25,0,0,0,0,0,0,0,0,0,-56000,0,0,0,6000,62000,-56000,-56000
08378P,世紀鋼元富9C售02,0,0,0,0,0,0,0,0,0,-56000,0,0,0,0,56000,-56000,-56000
057747,致新永豐98購01  ,0,0,0,0,0,0,0,0,0,-56000,0,0,0,0,56000,-56000,-56000
063579,GIS元大9C購01   ,0,0,0,0,0,0,0,0,0,-56000,0,0,0,30000,86000,-56000,-56000
061865,力山元大9B購01  ,0,0,0,0,0,0,0,0,0,-56000,0,0,0,50000,106000,-56000,-56000
061164,燿華兆豐9B購01  ,0,0,0,0,0,0,0,0,0,-56000,0,0,0,0,56000,-56000,-56000
061378,南六永豐9A購03  ,0,0,0,0,0,0,0,0,0,-56000,0,0,0,73000,129000,-56000,-56000
066660,群光凱基01購01  ,0,0,0,0,0,0,0,0,0,-56000,0,0,0,133000,189000,-56000,-56000
065843,瑞昱元大9C購03  ,0,0,0,0,0,0,0,0,0,-56000,0,0,0,109000,165000,-56000,-56000
065612,聯茂元大9C購07  ,20000,0,20000,0,0,0,0,0,0,-76000,0,0,0,10000,86000,-76000,-56000
08698P,可成凱基01售02  ,0,0,0,0,0,0,0,0,0,-57000,0,0,0,0,57000,-57000,-57000
068332,欣興元大03購02  ,0,0,0,0,0,0,0,0,0,-57000,0,0,0,279000,336000,-57000,-57000
059042,世紀鋼群益99購02,0,0,0,0,0,0,0,0,0,-57000,0,0,0,143000,200000,-57000,-57000
03056P,台灣50兆豐03售02,0,0,0,0,0,0,0,0,0,-57000,0,0,0,0,57000,-57000,-57000
03116P,玉晶光康和01售02,0,0,0,0,0,0,0,0,0,-57000,0,0,0,8000,65000,-57000,-57000
060855,華新科富邦01購01,0,0,0,0,0,0,0,0,0,-57000,0,0,0,200000,257000,-57000,-57000
060386,台勝科凱基9B購01,0,0,0,0,0,0,0,0,0,-57000,0,0,0,0,57000,-57000,-57000
061827,台灣50凱基02購01,0,0,0,0,0,0,0,0,0,-57000,0,0,0,0,57000,-57000,-57000
062090,南電元大9B購02  ,0,0,0,0,0,0,0,0,0,-57000,0,0,0,0,57000,-57000,-57000
065483,聯茂元大9C購06  ,0,0,0,0,0,0,0,0,0,-57000,0,0,0,11000,68000,-57000,-57000
064720,長榮航統一02購01,0,0,0,0,0,0,0,0,0,-57000,0,0,0,172000,229000,-57000,-57000
066434,台虹元大01購01  ,0,0,0,0,0,0,0,0,0,-57000,0,0,0,1000,58000,-57000,-57000
4532,瑞智            ,122000,179000,-57000,0,0,0,0,0,0,0,0,0,0,0,0,0,-57000
07746P,華新科凱基9A售11,0,0,0,0,0,0,0,0,0,-58000,0,0,0,0,58000,-58000,-58000
08478P,臺股指凱基9C售16,0,0,0,0,0,0,0,0,0,-58000,0,0,0,49000,107000,-58000,-58000
068268,旺宏永豐01購01  ,0,0,0,0,0,0,0,0,0,-58000,0,0,0,117000,175000,-58000,-58000
067815,玉晶光凱基01購04,0,0,0,0,0,0,0,0,0,-58000,0,0,0,55000,113000,-58000,-58000
067746,瀚宇博元大01購04,0,0,0,0,0,0,0,0,0,-58000,0,0,0,84000,142000,-58000,-58000
067653,可成元富07購03  ,0,0,0,0,0,0,0,0,0,-58000,0,0,0,8000,66000,-58000,-58000
03166P,台積電台新03售01,0,0,0,0,0,0,0,0,0,-58000,0,0,0,100000,158000,-58000,-58000
00757,統一FANG+       ,0,0,0,0,0,0,0,0,0,-58000,0,0,0,225000,283000,-58000,-58000
059923,緯穎元大99購09  ,0,0,0,0,0,0,0,0,0,-58000,0,0,0,0,58000,-58000,-58000
058033,景碩永豐98購02  ,0,0,0,0,0,0,0,0,0,-58000,0,0,0,7000,65000,-58000,-58000
056366,玉晶光元大99購04,0,0,0,0,0,0,0,0,0,-58000,0,0,0,2000,60000,-58000,-58000
058517,景碩元大99購06  ,0,0,0,0,0,0,0,0,0,-58000,0,0,0,18000,76000,-58000,-58000
063380,台表科永豐9B購03,0,0,0,0,0,0,0,0,0,-58000,0,0,0,0,58000,-58000,-58000
063499,金像電永豐9B購03,0,0,0,0,0,0,0,0,0,-58000,0,0,0,5000,63000,-58000,-58000
059786,全新元大99購06  ,0,0,0,0,0,0,0,0,0,-58000,0,0,0,4000,62000,-58000,-58000
061960,國巨統一01購05  ,0,0,0,0,0,0,0,0,0,-58000,0,0,0,2000,60000,-58000,-58000
063703,晶豪科群益9B購02,0,0,0,0,0,0,0,0,0,-58000,0,0,0,4000,62000,-58000,-58000
062665,智易群益9B購01  ,0,0,0,0,0,0,0,0,0,-58000,0,0,0,100000,158000,-58000,-58000
063035,燿華凱基9B購02  ,0,0,0,0,0,0,0,0,0,-58000,0,0,0,0,58000,-58000,-58000
060548,友達凱基9B購03  ,0,0,0,0,0,0,0,0,0,-58000,0,0,0,10000,68000,-58000,-58000
065806,貿聯群益9C購05  ,0,0,0,0,0,0,0,0,0,-58000,0,0,0,153000,211000,-58000,-58000
066154,聯強康和01購01  ,0,0,0,0,0,0,0,0,0,-58000,0,0,0,4000,62000,-58000,-58000
064253,貿聯元富9C購01  ,0,0,0,0,0,0,0,0,0,-58000,0,0,0,238000,296000,-58000,-58000
064937,英業達元富9C購01,0,0,0,0,0,0,0,0,0,-58000,0,0,0,8000,66000,-58000,-58000
065454,神隆元富9C購01  ,0,0,0,0,0,0,0,0,0,-58000,0,0,0,50000,108000,-58000,-58000
065145,貿聯凱基9C購02  ,0,0,0,0,0,0,0,0,0,-58000,0,0,0,10000,68000,-58000,-58000
065119,大立光富邦03購03,0,0,0,0,0,0,0,0,0,-58000,0,0,0,18000,76000,-58000,-58000
5305,敦南            ,45000,102000,-57000,0,0,0,0,0,0,-1000,0,1000,-1000,0,0,0,-58000
067233,微星群益02購02  ,0,0,0,0,0,0,0,0,0,-59000,0,0,0,138000,197000,-59000,-59000
057745,泰鼎永豐99購01  ,0,0,0,0,0,0,0,0,0,-59000,0,0,0,89000,148000,-59000,-59000
057150,貿聯國票99購02  ,0,0,0,0,0,0,0,0,0,-59000,0,0,0,38000,97000,-59000,-59000
03021P,玉晶光群益02售25,0,0,0,0,0,0,0,0,0,-59000,0,0,0,1000,60000,-59000,-59000
060685,康友元大9A購01  ,0,0,0,0,0,0,0,0,0,-59000,0,0,0,0,59000,-59000,-59000
063118,中鋼元大9C購01  ,0,0,0,0,0,0,0,0,0,-59000,0,0,0,6000,65000,-59000,-59000
064647,致伸凱基9C購01  ,0,0,0,0,0,0,0,0,0,-59000,0,0,0,0,59000,-59000,-59000
066109,南電國票02購01  ,0,0,0,0,0,0,0,0,0,-59000,0,0,0,111000,170000,-59000,-59000
065719,T50反1兆豐9C購01,0,0,0,0,0,0,0,0,0,-59000,0,0,0,0,59000,-59000,-59000
066751,矽創元大01購03  ,0,0,0,0,0,0,0,0,0,-59000,0,0,0,152000,211000,-59000,-59000
2731,雄獅            ,27000,79000,-52000,0,0,0,0,0,0,-7000,0,7000,-7000,0,0,0,-59000
1507,永大            ,9000,36000,-27000,0,0,0,0,0,0,-32000,0,32000,-32000,0,0,0,-59000
067186,晶豪科凱基01購02,0,0,0,0,0,0,0,0,0,-60000,0,0,0,0,60000,-60000,-60000
067470,國巨元大01購10  ,0,0,0,0,0,0,0,0,0,-60000,0,0,0,50000,110000,-60000,-60000
067775,GIS統一02購04   ,0,0,0,0,0,0,0,0,0,-60000,0,0,0,588000,648000,-60000,-60000
067789,和碩群益01購01  ,0,0,0,0,0,0,0,0,0,-60000,0,0,0,18000,78000,-60000,-60000
068136,香港2X元大01購01,0,0,0,0,0,0,0,0,0,-60000,0,0,0,0,60000,-60000,-60000
08607P,聯發科富邦03售04,0,0,0,0,0,0,0,0,0,-60000,0,0,0,0,60000,-60000,-60000
08346P,大立光元大9C售15,0,0,0,0,0,0,0,0,0,-60000,0,0,0,0,60000,-60000,-60000
08428P,GIS國票01售01   ,0,0,0,0,0,0,0,0,0,-60000,0,0,0,21000,81000,-60000,-60000
08105P,景碩元大9B售01  ,0,0,0,0,0,0,0,0,0,-60000,0,0,0,0,60000,-60000,-60000
08192P,大毅國票9B售05  ,0,0,0,0,0,0,0,0,0,-60000,0,0,0,100000,160000,-60000,-60000
07888P,大立光國票9B售01,0,0,0,0,0,0,0,0,0,-60000,0,0,0,29000,89000,-60000,-60000
07199P,臺股指元大99售15,0,0,0,0,0,0,0,0,0,-60000,0,0,0,0,60000,-60000,-60000
06834P,訊芯群益99售02  ,0,0,0,0,0,0,0,0,0,-60000,0,0,0,40000,100000,-60000,-60000
02001R,富邦蘋果反一N   ,0,0,0,0,0,0,0,0,0,-60000,0,0,0,0,60000,-60000,-60000
03115P,玉晶光第一01售01,0,0,0,0,0,0,0,0,0,-60000,0,0,0,0,60000,-60000,-60000
03151P,聯發科群益01售14,0,0,0,0,0,0,0,0,0,-60000,0,0,0,0,60000,-60000,-60000
046375,友達凱基98購01  ,0,0,0,0,0,0,0,0,0,-60000,0,0,0,0,60000,-60000,-60000
054791,泰碩群益99購02  ,0,0,0,0,0,0,0,0,0,-60000,0,0,0,0,60000,-60000,-60000
056325,群創兆豐9A購01  ,0,0,0,0,0,0,0,0,0,-60000,0,0,0,0,60000,-60000,-60000
057793,群創統一99購02  ,0,0,0,0,0,0,0,0,0,-60000,0,0,0,0,60000,-60000,-60000
063437,聚陽統一01購01  ,0,0,0,0,0,0,0,0,0,-60000,0,0,0,0,60000,-60000,-60000
063236,旺宏元大9B購07  ,0,0,0,0,0,0,0,0,0,-60000,0,0,0,2000,62000,-60000,-60000
063293,億豐元大9B購01  ,0,0,0,0,0,0,0,0,0,-60000,0,0,0,17000,77000,-60000,-60000
059480,美律群益9A購01  ,0,0,0,0,0,0,0,0,0,-60000,0,0,0,0,60000,-60000,-60000
059351,台虹凱基99購01  ,0,0,0,0,0,0,0,0,0,-60000,0,0,0,0,60000,-60000,-60000
062982,同欣電元富9B購01,0,0,0,0,0,0,0,0,0,-60000,0,0,0,55000,115000,-60000,-60000
063632,金像電元大9B購04,0,0,0,0,0,0,0,0,0,-60000,0,0,0,8000,68000,-60000,-60000
063710,光寶科凱基9C購01,0,0,0,0,0,0,0,0,0,-60000,0,0,0,21000,81000,-60000,-60000
063744,儒鴻國票9C購01  ,0,0,0,0,0,0,0,0,0,-60000,0,0,0,10000,70000,-60000,-60000
063603,友達凱基9B購05  ,0,0,0,0,0,0,0,0,0,-60000,0,0,0,2000,62000,-60000,-60000
061951,南電群益9B購01  ,0,0,0,0,0,0,0,0,0,-60000,0,0,0,23000,83000,-60000,-60000
061126,京元電永豐9A購02,0,0,0,0,0,0,0,0,0,-60000,0,0,0,120000,180000,-60000,-60000
064409,彩晶凱基04購01  ,0,0,0,0,0,0,0,0,0,-60000,0,0,0,88000,148000,-60000,-60000
060244,大立光元大9B購02,0,0,0,0,0,0,0,0,0,-60000,0,0,0,0,60000,-60000,-60000
064362,友達統一01購02  ,0,0,0,0,0,0,0,0,0,-60000,0,0,0,86000,146000,-60000,-60000
064527,裕隆中信01購01  ,0,0,0,0,0,0,0,0,0,-60000,0,0,0,304000,364000,-60000,-60000
066664,嘉晶凱基02購01  ,0,0,0,0,0,0,0,0,0,-60000,0,0,0,11000,71000,-60000,-60000
065677,南亞科統一03購02,0,0,0,0,0,0,0,0,0,-60000,0,0,0,0,60000,-60000,-60000
065967,國巨元大01購07  ,0,0,0,0,0,0,0,0,0,-60000,0,0,0,25000,85000,-60000,-60000
063820,華邦電麥證01購01,0,0,0,108000,158000,-50000,0,0,0,-60000,0,0,0,108000,168000,-60000,-60000
06499P,臺股指元大9A售04,0,0,0,0,0,0,0,0,0,-60000,0,0,0,0,60000,-60000,-60000
065434,台勝科凱基01購01,0,0,0,0,0,0,0,0,0,-60000,0,0,0,0,60000,-60000,-60000
065319,鴻海凱基9C購03  ,0,0,0,0,0,0,0,0,0,-60000,0,0,0,0,60000,-60000,-60000
08928P,漢唐元富07售02  ,0,0,0,0,0,0,0,0,0,-60000,0,0,0,0,60000,-60000,-60000
2227,裕日車          ,11000,41000,-30000,0,0,0,0,20000,-20000,-10000,0,10000,-10000,0,0,0,-60000
2007,燁興            ,0,60000,-60000,0,0,0,0,0,0,0,0,0,0,0,0,0,-60000
2851,中再保          ,3000,63000,-60000,0,0,0,0,0,0,0,0,0,0,0,0,0,-60000
2908,特力            ,8000,68000,-60000,0,0,0,0,0,0,0,0,0,0,0,0,0,-60000
3705,永信            ,32000,92000,-60000,0,0,0,0,0,0,0,0,0,0,0,0,0,-60000
6112,聚碩            ,35000,110000,-75000,0,0,0,0,0,0,15000,0,0,0,15000,0,15000,-60000
06962P,華新科永豐99售01,0,0,0,0,0,0,0,0,0,-61000,0,0,0,0,61000,-61000,-61000
08673P,友訊元富01售03  ,0,0,0,0,0,0,0,0,0,-61000,0,0,0,10000,71000,-61000,-61000
059456,智易永豐99購01  ,0,0,0,0,0,0,0,0,0,-61000,0,0,0,41000,102000,-61000,-61000
057479,致茂元大98購03  ,0,0,0,0,0,0,0,0,0,-61000,0,0,0,0,61000,-61000,-61000
064025,友達元大02購01  ,0,0,0,0,0,0,0,0,0,-61000,0,0,0,92000,153000,-61000,-61000
062495,友達中信01購02  ,0,0,0,0,0,0,0,0,0,-61000,0,0,0,0,61000,-61000,-61000
064645,義隆凱基03購01  ,0,0,0,0,0,0,0,0,0,-61000,0,0,0,32000,93000,-61000,-61000
065699,南亞科群益9C購02,0,0,0,0,0,0,0,0,0,-61000,0,0,0,50000,111000,-61000,-61000
1517,利奇            ,99000,153000,-54000,0,0,0,0,0,0,-7000,0,7000,-7000,0,0,0,-61000
1464,得力            ,48000,107000,-59000,0,0,0,0,0,0,-2000,0,7000,-7000,22000,17000,5000,-61000
1439,中和            ,146000,207000,-61000,0,0,0,0,0,0,0,0,0,0,0,0,0,-61000
08622P,緯創群益9C售03  ,0,0,0,0,0,0,0,0,0,-62000,0,0,0,40000,102000,-62000,-62000
08256P,台積電元大9C售02,0,0,0,0,0,0,0,0,0,-62000,0,0,0,200000,262000,-62000,-62000
067669,金像電元大02購03,0,0,0,0,0,0,0,0,0,-62000,0,0,0,113000,175000,-62000,-62000
067450,聯發科國票02購01,0,0,0,0,0,0,0,0,0,-62000,0,0,0,184000,246000,-62000,-62000
067016,康控富邦04購01  ,0,0,0,0,0,0,0,0,0,-62000,0,0,0,0,62000,-62000,-62000
051266,國巨富邦99購01  ,0,0,0,0,0,0,0,0,0,-62000,0,0,0,0,62000,-62000,-62000
061522,元黃金凱基01購01,0,0,0,0,0,0,0,0,0,-62000,0,0,0,0,62000,-62000,-62000
063574,茂林元大9B購07  ,0,0,0,0,0,0,0,0,0,-62000,0,0,0,136000,198000,-62000,-62000
063694,貿聯永豐9B購01  ,0,0,0,0,0,0,0,0,0,-62000,0,0,0,217000,279000,-62000,-62000
063707,儒鴻凱基9C購01  ,0,0,0,0,0,0,0,0,0,-62000,0,0,0,341000,403000,-62000,-62000
061606,景碩凱基9A購02  ,0,0,0,0,0,0,0,0,0,-62000,0,0,0,34000,96000,-62000,-62000
061613,南六統一9C購01  ,0,0,0,0,0,0,0,0,0,-62000,0,0,0,158000,220000,-62000,-62000
06586P,鴻海元大9C售01  ,0,0,0,0,0,0,0,0,0,-62000,0,0,0,0,62000,-62000,-62000
066927,亞德客國票02購01,0,0,0,0,0,0,0,0,0,-62000,0,0,0,108000,170000,-62000,-62000
063876,華新元富9C購01  ,0,0,0,0,0,0,0,0,0,-62000,0,0,0,78000,140000,-62000,-62000
065523,茂林群益9C購03  ,0,0,0,0,0,0,0,0,0,-62000,0,0,0,96000,158000,-62000,-62000
08958P,鴻海凱基01售08  ,0,0,0,0,0,0,0,0,0,-62000,0,0,0,3000,65000,-62000,-62000
2456,奇力新          ,488000,634000,-146000,0,0,0,0,0,0,84000,97000,24000,73000,29000,18000,11000,-62000
067992,宏碁元大01購01  ,0,0,0,0,0,0,0,0,0,-63000,0,0,0,139000,202000,-63000,-63000
056455,群創凱基9A購01  ,0,0,0,0,0,0,0,0,0,-63000,0,0,0,10000,73000,-63000,-63000
058873,美律國票9A購02  ,0,0,0,0,0,0,0,0,0,-63000,0,0,0,0,63000,-63000,-63000
064492,技嘉元大9C購01  ,0,0,0,0,0,0,0,0,0,-63000,0,0,0,27000,90000,-63000,-63000
062309,燿華凱基9B購01  ,0,0,0,0,0,0,0,0,0,-63000,0,0,0,0,63000,-63000,-63000
060254,世紀鋼元大9A購01,0,0,0,0,0,0,0,0,0,-63000,0,0,0,7000,70000,-63000,-63000
08920P,臺股指凱基03售07,0,0,0,0,0,0,0,0,0,-63000,0,0,0,277000,340000,-63000,-63000
4755,三福化          ,70000,133000,-63000,0,0,0,0,0,0,0,0,0,0,0,0,0,-63000
067942,瑞儀凱基02購01  ,0,0,0,0,0,0,0,0,0,-64000,0,0,0,414000,478000,-64000,-64000
067207,微星元大01購04  ,0,0,0,0,0,0,0,0,0,-64000,0,0,0,232000,296000,-64000,-64000
067549,聯電中信03購01  ,0,0,0,0,0,0,0,0,0,-64000,0,0,0,0,64000,-64000,-64000
068327,聯發科元大01購27,0,0,0,0,0,0,0,0,0,-64000,0,0,0,90000,154000,-64000,-64000
07889P,旭富國票9B售01  ,0,0,0,0,0,0,0,0,0,-64000,0,0,0,0,64000,-64000,-64000
059160,華通凱基99購03  ,0,0,0,0,0,0,0,0,0,-64000,0,0,0,0,64000,-64000,-64000
063269,儒鴻兆豐9C購01  ,0,0,0,0,0,0,0,0,0,-64000,0,0,0,598000,662000,-64000,-64000
058450,旺宏永豐99購01  ,0,0,0,0,0,0,0,0,0,-64000,0,0,0,0,64000,-64000,-64000
03186P,台積電元大01售50,0,0,0,0,0,0,0,0,0,-64000,0,0,0,2074000,2138000,-64000,-64000
062333,嘉晶統一9C購01  ,0,0,0,0,0,0,0,0,0,-64000,0,0,0,1000,65000,-64000,-64000
062413,台光電中信9B購02,0,0,0,0,0,0,0,0,0,-64000,0,0,0,72000,136000,-64000,-64000
062621,緯穎元大9B購05  ,0,0,0,0,0,0,0,0,0,-64000,0,0,0,36000,100000,-64000,-64000
061142,南電統一9A購01  ,0,0,0,0,0,0,0,0,0,-64000,0,0,0,0,64000,-64000,-64000
060677,京元電元大9A購04,0,0,0,0,0,0,0,0,0,-64000,0,0,0,26000,90000,-64000,-64000
064907,緯穎群益9C購02  ,0,0,0,0,0,0,0,0,0,-64000,0,0,0,4000,68000,-64000,-64000
5608,四維航          ,30000,94000,-64000,0,0,0,0,0,0,0,0,0,0,0,0,0,-64000
07974P,上証2X元大9B售02,0,0,0,0,0,0,0,0,0,-65000,0,0,0,499000,564000,-65000,-65000
068420,大立光兆豐01購03,0,0,0,0,0,0,0,0,0,-65000,0,0,0,5000,70000,-65000,-65000
057084,立積統一9B購01  ,0,0,0,0,0,0,0,0,0,-65000,0,0,0,8000,73000,-65000,-65000
063298,統一凱基9B購01  ,0,0,0,0,0,0,0,0,0,-65000,0,0,0,61000,126000,-65000,-65000
062029,牧德群益9B購03  ,0,0,0,0,0,0,0,0,0,-65000,0,0,0,0,65000,-65000,-65000
064801,鴻海元大9C購13  ,0,0,0,0,0,0,0,0,0,-65000,0,0,0,0,65000,-65000,-65000
063982,TPK兆豐9C購01   ,0,0,0,0,0,0,0,0,0,-65000,0,0,0,128000,193000,-65000,-65000
065338,旺宏統一01購07  ,0,71000,-71000,0,0,0,0,0,0,6000,0,0,0,71000,65000,6000,-65000
065005,台光電國票01購02,0,0,0,0,0,0,0,0,0,-65000,0,0,0,20000,85000,-65000,-65000
066820,南茂兆豐03購01  ,0,0,0,0,0,0,0,0,0,-65000,0,0,0,296000,361000,-65000,-65000
066574,康友元大01購01  ,0,0,0,0,0,0,0,0,0,-65000,0,0,0,209000,274000,-65000,-65000
066013,友訊元富01購02  ,0,0,0,0,0,0,0,0,0,-65000,0,0,0,52000,117000,-65000,-65000
066002,健策國票02購01  ,0,0,0,0,0,0,0,0,0,-65000,0,0,0,28000,93000,-65000,-65000
1522,堤維西          ,14000,79000,-65000,0,0,0,0,0,0,0,0,0,0,0,0,0,-65000
068403,南亞科元富07購01,0,0,0,0,0,0,0,0,0,-66000,0,0,0,0,66000,-66000,-66000
067193,台表科凱基03購02,0,0,0,0,0,0,0,0,0,-66000,0,0,0,0,66000,-66000,-66000
067641,群創統一01購02  ,0,0,0,0,0,0,0,0,0,-66000,0,0,0,2000,68000,-66000,-66000
063479,南六元大9B購06  ,0,0,0,0,0,0,0,0,0,-66000,0,0,0,90000,156000,-66000,-66000
059123,訊芯永豐99購03  ,0,0,0,0,0,0,0,0,0,-66000,0,0,0,220000,286000,-66000,-66000
059688,燿華永豐99購01  ,0,0,0,0,0,0,0,0,0,-66000,0,0,0,0,66000,-66000,-66000
058813,旺宏統一9B購04  ,0,0,0,0,0,0,0,0,0,-66000,0,0,0,10000,76000,-66000,-66000
057985,華通元富02購03  ,0,0,0,0,0,0,0,0,0,-66000,0,0,0,35000,101000,-66000,-66000
060723,致新永豐9A購01  ,0,0,0,0,0,0,0,0,0,-66000,0,0,0,20000,86000,-66000,-66000
060572,景碩永豐9A購01  ,0,0,0,0,0,0,0,0,0,-66000,0,0,0,0,66000,-66000,-66000
064274,燿華元大9C購01  ,0,0,0,0,0,0,0,0,0,-66000,0,0,0,25000,91000,-66000,-66000
066162,泰豐凱基01購01  ,0,0,0,0,0,0,0,0,0,-66000,0,0,0,0,66000,-66000,-66000
066643,旺宏麥證01購01  ,0,0,0,0,66000,-66000,0,0,0,-66000,0,0,0,0,66000,-66000,-66000
066750,緯穎元大01購04  ,0,0,0,0,0,0,0,0,0,-66000,0,0,0,70000,136000,-66000,-66000
065030,亞光兆豐9C購01  ,0,0,0,0,0,0,0,0,0,-66000,0,0,0,36000,102000,-66000,-66000
064954,奇鋐凱基9C購01  ,0,0,0,0,0,0,0,0,0,-66000,0,0,0,82000,148000,-66000,-66000
064175,華通國泰02購01  ,0,0,0,0,0,0,0,0,0,-66000,0,0,0,133000,199000,-66000,-66000
1531,高林股          ,0,66000,-66000,0,0,0,0,0,0,0,0,0,0,0,0,0,-66000
08837P,牧德國票03售01  ,0,0,0,0,0,0,0,0,0,-66000,0,0,0,0,66000,-66000,-66000
07060P,台表科國票9A售01,0,0,0,0,0,0,0,0,0,-67000,0,0,0,94000,161000,-67000,-67000
08597P,聯發科元大9C售18,0,0,0,0,0,0,0,0,0,-67000,0,0,0,110000,177000,-67000,-67000
055902,同欣電中信99購01,0,0,0,0,0,0,0,0,0,-67000,0,0,0,445000,512000,-67000,-67000
064506,康控元大9C購02  ,0,0,0,0,0,0,0,0,0,-67000,0,0,0,112000,179000,-67000,-67000
060229,楠梓電元大9C購01,0,0,0,0,0,0,0,0,0,-67000,0,0,0,50000,117000,-67000,-67000
060952,滬深2X群益9C購05,0,0,0,0,0,0,0,0,0,-67000,0,0,0,0,67000,-67000,-67000
063584,南六國泰01購01  ,0,0,0,0,0,0,0,0,0,-67000,0,0,0,185000,252000,-67000,-67000
062352,南六群益9B購02  ,0,0,0,0,0,0,0,0,0,-67000,0,0,0,20000,87000,-67000,-67000
064165,同欣電統一01購01,0,0,0,0,0,0,0,0,0,-67000,0,0,0,96000,163000,-67000,-67000
064872,南電永豐9C購02  ,0,0,0,0,0,0,0,0,0,-67000,0,0,0,13000,80000,-67000,-67000
065320,技嘉凱基9C購02  ,0,0,0,0,0,0,0,0,0,-67000,0,0,0,114000,181000,-67000,-67000
065524,康控群益01購01  ,0,0,0,0,0,0,0,0,0,-67000,0,0,0,90000,157000,-67000,-67000
066205,京鼎統一03購01  ,0,0,0,0,0,0,0,0,0,-67000,0,0,0,20000,87000,-67000,-67000
066313,泰豐永豐01購01  ,0,0,0,0,0,0,0,0,0,-67000,0,0,0,3000,70000,-67000,-67000
1702,南僑            ,42000,108000,-66000,0,0,0,0,0,0,-1000,0,1000,-1000,0,0,0,-67000
9908,大台北          ,1000,54000,-53000,0,0,0,0,0,0,-14000,0,14000,-14000,0,0,0,-67000
6024,群益期          ,8000,75272,-67272,0,0,0,0,0,0,0,0,0,0,0,0,0,-67272
08650P,臺股指元大9C售36,0,0,0,0,0,0,0,0,0,-68000,0,0,0,110000,178000,-68000,-68000
07864P,可成元大9B售01  ,0,0,0,0,0,0,0,0,0,-68000,0,0,0,72000,140000,-68000,-68000
067953,京元電永豐01購02,0,0,0,0,0,0,0,0,0,-68000,0,0,0,10000,78000,-68000,-68000
068037,聯鈞元富07購01  ,0,0,0,0,0,0,0,0,0,-68000,0,0,0,11000,79000,-68000,-68000
068240,道瓊銀元大01購05,0,0,0,0,0,0,0,0,0,-68000,0,0,0,0,68000,-68000,-68000
067597,國巨凱基02購06  ,0,0,0,0,0,0,0,0,0,-68000,0,0,0,0,68000,-68000,-68000
067320,訊連元大01購01  ,0,0,0,0,0,0,0,0,0,-68000,0,0,0,16000,84000,-68000,-68000
00673R,元大S&P原油反1  ,0,0,0,0,0,0,0,0,0,-68000,0,0,0,16000,84000,-68000,-68000
058884,世紀鋼永豐99購02,0,0,0,0,0,0,0,0,0,-68000,0,0,0,94000,162000,-68000,-68000
063465,友達元大9C購10  ,0,0,0,0,0,0,0,0,0,-68000,0,0,0,149000,217000,-68000,-68000
062185,禾伸堂元大9B購01,0,0,0,0,0,0,0,0,0,-68000,0,0,0,0,68000,-68000,-68000
062061,台勝科統一01購01,0,0,0,0,0,0,0,0,0,-68000,0,0,0,0,68000,-68000,-68000
062069,喬山元大9B購01  ,0,0,0,0,0,0,0,0,0,-68000,0,0,0,57000,125000,-68000,-68000
064356,矽創元大01購01  ,0,0,0,0,0,0,0,0,0,-68000,0,0,0,77000,145000,-68000,-68000
060451,中石化元大9C購02,0,0,0,0,0,0,0,0,0,-68000,0,0,0,142000,210000,-68000,-68000
060653,全新群益9A購02  ,0,0,0,0,0,0,0,0,0,-68000,0,0,0,0,68000,-68000,-68000
060799,茂林永豐9A購01  ,0,0,0,0,0,0,0,0,0,-68000,0,0,0,0,68000,-68000,-68000
061260,台積電凱基9A購23,0,0,0,0,0,0,0,0,0,-68000,0,0,0,23000,91000,-68000,-68000
066201,大毅統一02購01  ,0,0,0,0,0,0,0,0,0,-68000,0,0,0,0,68000,-68000,-68000
066026,泰碩群益03購01  ,0,0,0,0,0,0,0,0,0,-68000,0,0,0,83000,151000,-68000,-68000
065788,緯創永豐9C購02  ,0,0,0,0,0,0,0,0,0,-68000,0,0,0,8000,76000,-68000,-68000
066944,鴻海元大01購13  ,0,0,0,0,0,0,0,0,0,-68000,0,0,0,0,68000,-68000,-68000
066518,惠特永豐01購02  ,0,0,0,0,0,0,0,0,0,-68000,0,0,0,0,68000,-68000,-68000
066463,鎧勝統一02購01  ,0,0,0,0,0,0,0,0,0,-68000,0,0,0,593000,661000,-68000,-68000
065337,華通統一01購03  ,0,0,0,0,0,0,0,0,0,-68000,0,0,0,83000,151000,-68000,-68000
063926,南亞科統一03購01,0,0,0,0,0,0,0,0,0,-68000,0,0,0,0,68000,-68000,-68000
3005,神基            ,273000,241000,32000,0,0,0,1000,0,1000,-101000,0,4000,-4000,0,97000,-97000,-68000
2013,中鋼構          ,40000,108000,-68000,0,0,0,0,0,0,0,0,0,0,0,0,0,-68000
067106,義隆群益01購01  ,0,0,0,0,0,0,0,0,0,-69000,0,0,0,23000,92000,-69000,-69000
067727,聯茂凱基01購02  ,0,0,0,0,0,0,0,0,0,-69000,0,0,0,12000,81000,-69000,-69000
06984P,上銀富邦9B售01  ,0,0,0,0,0,0,0,0,0,-69000,0,0,0,121000,190000,-69000,-69000
08805P,台積電元富07售04,0,0,0,0,0,0,0,0,0,-69000,0,0,0,181000,250000,-69000,-69000
08628P,微星中信9C售01  ,0,0,0,0,0,0,0,0,0,-69000,0,0,0,0,69000,-69000,-69000
07989P,玉晶光凱基9B售07,0,0,0,0,0,0,0,0,0,-69000,0,0,0,1000,70000,-69000,-69000
06333P,臺股指群益9C售02,0,0,0,0,0,0,0,0,0,-69000,0,0,0,0,69000,-69000,-69000
058843,元油2X群益9C購02,0,0,0,0,0,0,0,0,0,-69000,0,0,0,0,69000,-69000,-69000
058770,貿聯兆豐9A購01  ,0,0,0,0,0,0,0,0,0,-69000,0,0,0,65000,134000,-69000,-69000
03036P,玉晶光國票01售08,0,0,0,0,0,0,0,0,0,-69000,0,0,0,0,69000,-69000,-69000
057028,台郡凱基99購02  ,0,0,0,0,0,0,0,0,0,-69000,0,0,0,1000,70000,-69000,-69000
056404,嘉聯益群益9A購01,0,0,0,0,0,0,0,0,0,-69000,0,0,0,86000,155000,-69000,-69000
064366,群創統一01購01  ,0,0,0,0,0,0,0,0,0,-69000,0,0,0,540000,609000,-69000,-69000
060203,緯穎元富9A購01  ,0,0,0,0,0,0,0,0,0,-69000,0,0,0,10000,79000,-69000,-69000
063190,聯茂凱基9B購01  ,2000,0,2000,0,0,0,0,0,0,-71000,0,0,0,20000,91000,-71000,-69000
064655,聚陽元大9C購02  ,0,0,0,0,0,0,0,0,0,-69000,0,0,0,136000,205000,-69000,-69000
065416,華通國票01購02  ,0,0,0,0,0,0,0,0,0,-69000,0,0,0,61000,130000,-69000,-69000
066413,鴻海元大01購06  ,0,0,0,0,0,0,0,0,0,-69000,0,0,0,0,69000,-69000,-69000
065786,神基永豐9C購01  ,0,0,0,0,0,0,0,0,0,-69000,0,0,0,2000,71000,-69000,-69000
066225,松翰國泰03購01  ,0,0,0,0,0,0,0,0,0,-69000,0,0,0,1000,70000,-69000,-69000
08216P,聯發科群益9C售05,0,0,0,0,0,0,0,0,0,-70000,0,0,0,130000,200000,-70000,-70000
08492P,大立光元大9C售22,0,0,0,0,0,0,0,0,0,-70000,0,0,0,0,70000,-70000,-70000
07136P,T50反1台新01售01,0,0,0,0,0,0,0,0,0,-70000,0,0,0,0,70000,-70000,-70000
07517P,台積電元大9A售17,0,0,0,0,0,0,0,0,0,-70000,0,0,0,0,70000,-70000,-70000
07552P,技嘉元大9A售03  ,0,0,0,0,0,0,0,0,0,-70000,0,0,0,0,70000,-70000,-70000
067178,京鼎康和01購01  ,0,0,0,0,0,0,0,0,0,-70000,0,0,0,50000,120000,-70000,-70000
067432,大立光凱基03購04,0,0,0,0,0,0,0,0,0,-70000,0,0,0,0,70000,-70000,-70000
058215,貿聯群益99購02  ,0,0,0,0,0,0,0,0,0,-70000,0,0,0,0,70000,-70000,-70000
059838,茂林國泰9B購01  ,0,0,0,0,0,0,0,0,0,-70000,0,0,0,2000,72000,-70000,-70000
063773,可成富邦9C購01  ,0,0,0,0,0,0,0,0,0,-70000,0,0,0,20000,90000,-70000,-70000
062238,臻鼎凱基9C購01  ,0,0,0,0,0,0,0,0,0,-70000,0,0,0,0,70000,-70000,-70000
061734,全新中信9B購02  ,0,0,0,0,0,0,0,0,0,-70000,0,0,0,0,70000,-70000,-70000
064008,日月光凱基9C購01,0,0,0,0,0,0,0,0,0,-70000,0,0,0,94000,164000,-70000,-70000
064045,南亞科統一9C購04,0,0,0,0,0,0,0,0,0,-70000,0,0,0,0,70000,-70000,-70000
060783,亞德客富邦9B購01,0,0,0,0,0,0,0,0,0,-70000,0,0,0,27000,97000,-70000,-70000
060413,東元永豐9A購01  ,0,0,0,0,0,0,0,0,0,-70000,0,0,0,12000,82000,-70000,-70000
060305,得力永豐9A購01  ,0,0,0,0,0,0,0,0,0,-70000,0,0,0,104000,174000,-70000,-70000
066821,臺指反群益01購03,0,0,0,0,0,0,0,0,0,-70000,0,0,0,30000,100000,-70000,-70000
066679,微星兆豐01購01  ,0,0,0,0,0,0,0,0,0,-70000,0,0,0,10000,80000,-70000,-70000
065317,上銀凱基9C購03  ,0,0,0,0,0,0,0,0,0,-70000,0,0,0,111000,181000,-70000,-70000
065233,TPK凱基01購01   ,0,0,0,0,0,0,0,0,0,-70000,0,0,0,32000,102000,-70000,-70000
064900,景碩群益01購01  ,0,0,0,0,0,0,0,0,0,-70000,0,0,0,107000,177000,-70000,-70000
064163,康控統一01購01  ,0,0,0,0,0,0,0,0,0,-70000,0,0,0,650000,720000,-70000,-70000
067194,惠特凱基01購03  ,0,0,0,0,0,0,0,0,0,-71000,0,0,0,0,71000,-71000,-71000
067107,義隆群益01購02  ,0,0,0,0,0,0,0,0,0,-71000,0,0,0,179000,250000,-71000,-71000
067674,可成元大01購08  ,0,0,0,0,0,0,0,0,0,-71000,0,0,0,2000,73000,-71000,-71000
068248,美律元大01購05  ,0,0,0,0,0,0,0,0,0,-71000,0,0,0,217000,288000,-71000,-71000
03046P,緯穎國票03售01  ,0,0,0,0,0,0,0,0,0,-71000,0,0,0,55000,126000,-71000,-71000
061132,志超永豐9A購01  ,0,0,0,0,0,0,0,0,0,-71000,0,0,0,54000,125000,-71000,-71000
061466,創意群益9A購01  ,0,0,0,0,0,0,0,0,0,-71000,0,0,0,45000,116000,-71000,-71000
064004,全新凱基01購01  ,0,0,0,0,0,0,0,0,0,-71000,0,0,0,0,71000,-71000,-71000
060232,友訊元大9C購01  ,0,0,0,0,0,0,0,0,0,-71000,0,0,0,29000,100000,-71000,-71000
063631,燿華元大9B購06  ,0,0,0,0,0,0,0,0,0,-71000,0,0,0,10000,81000,-71000,-71000
062713,台灣50凱基02購03,0,0,0,0,0,0,0,0,0,-71000,0,0,0,8000,79000,-71000,-71000
062923,緯穎元大9B購06  ,0,0,0,0,0,0,0,0,0,-71000,0,0,0,29000,100000,-71000,-71000
064849,大立光元富9C購06,0,0,0,0,0,0,0,0,0,-71000,0,0,0,0,71000,-71000,-71000
063969,晶豪科國票01購01,0,0,0,0,0,0,0,0,0,-71000,0,0,0,40000,111000,-71000,-71000
066467,晶碩統一03購01  ,0,0,0,0,0,0,0,0,0,-71000,0,0,0,211000,282000,-71000,-71000
066384,訊芯康和01購01  ,0,0,0,0,0,0,0,0,0,-71000,0,0,0,32000,103000,-71000,-71000
068194,致茂凱基01購02  ,0,0,0,0,0,0,0,0,0,-72000,0,0,0,46000,118000,-72000,-72000
067989,台積電元大01購31,0,0,0,0,0,0,0,0,0,-72000,0,0,0,182000,254000,-72000,-72000
066984,總太群益02購01  ,0,0,0,0,0,0,0,0,0,-72000,0,0,0,115000,187000,-72000,-72000
063280,燿華元大9B購05  ,0,0,0,0,0,0,0,0,0,-72000,0,0,0,14000,86000,-72000,-72000
060191,亞光元富9A購02  ,0,0,0,0,0,0,0,0,0,-72000,0,0,0,459000,531000,-72000,-72000
064449,金寶統一01購02  ,0,0,0,0,0,0,0,0,0,-72000,0,0,0,50000,122000,-72000,-72000
064359,華通統一9C購05  ,0,0,0,0,0,0,0,0,0,-72000,0,0,0,213000,285000,-72000,-72000
066832,健策群益01購08  ,0,0,0,0,0,0,0,0,0,-72000,0,0,0,18000,90000,-72000,-72000
064772,FBVIX群益9C購04 ,0,0,0,0,0,0,0,0,0,-72000,0,0,0,0,72000,-72000,-72000
2705,六福            ,48000,120000,-72000,0,0,0,0,0,0,0,0,0,0,0,0,0,-72000
3622,洋華            ,104000,90000,14000,0,0,0,0,0,0,-86000,0,86000,-86000,0,0,0,-72000
063408,茂林國票9C購02  ,0,0,0,0,0,0,0,0,0,-73000,0,0,0,30000,103000,-73000,-73000
03053P,台灣50中信04售03,0,0,0,0,0,0,0,0,0,-73000,0,0,0,120000,193000,-73000,-73000
064001,華通凱基02購01  ,0,0,0,0,0,0,0,0,0,-73000,0,0,0,60000,133000,-73000,-73000
064399,和大凱基02購01  ,0,0,0,0,0,0,0,0,0,-73000,0,0,0,0,73000,-73000,-73000
060665,康控凱基9A購01  ,0,0,0,0,0,0,0,0,0,-73000,0,0,0,55000,128000,-73000,-73000
065255,上銀元大01購01  ,0,0,0,0,0,0,0,0,0,-73000,0,0,0,180000,253000,-73000,-73000
065825,鴻海凱基02購02  ,0,0,0,0,0,0,0,0,0,-73000,0,0,0,0,73000,-73000,-73000
3010,華立            ,32000,106000,-74000,0,0,0,0,0,0,1000,2000,1000,1000,0,0,0,-73000
6206,飛捷            ,18000,91000,-73000,0,0,0,0,0,0,0,0,0,0,0,0,0,-73000
3008,大立光          ,142956,176714,-33758,0,0,0,0,40816,-40816,1000,4000,1000,3000,2000,4000,-2000,-73574
067459,微星永豐01購01  ,0,0,0,0,0,0,0,0,0,-74000,0,0,0,24000,98000,-74000,-74000
067312,欣興元大02購01  ,0,0,0,0,0,0,0,0,0,-74000,0,0,0,240000,314000,-74000,-74000
067381,康控統一03購01  ,0,0,0,0,0,0,0,0,0,-74000,0,0,0,0,74000,-74000,-74000
067908,玉晶光國泰03購01,0,0,0,0,0,0,0,0,0,-74000,0,0,0,82000,156000,-74000,-74000
059113,群光永豐99購01  ,0,0,0,0,0,0,0,0,0,-74000,0,0,0,37000,111000,-74000,-74000
063525,廣達凱基9B購02  ,0,0,0,0,0,0,0,0,0,-74000,0,0,0,12000,86000,-74000,-74000
059852,康控永豐99購02  ,0,0,0,0,0,0,0,0,0,-74000,0,0,0,38000,112000,-74000,-74000
064572,同欣電群益9C購02,0,0,0,0,0,0,0,0,0,-74000,0,0,0,1000,75000,-74000,-74000
063655,華通元富9B購01  ,0,0,0,0,0,0,0,0,0,-74000,0,0,0,8000,82000,-74000,-74000
066386,宏全康和01購01  ,0,0,0,0,0,0,0,0,0,-74000,0,0,0,1000,75000,-74000,-74000
065082,台光電元大9C購04,0,0,0,0,0,0,0,0,0,-74000,0,0,0,107000,181000,-74000,-74000
065543,緯穎元富01購01  ,0,0,0,0,0,0,0,0,0,-74000,0,0,0,105000,179000,-74000,-74000
064136,致新元大9C購01  ,0,0,0,0,0,0,0,0,0,-74000,0,0,0,62000,136000,-74000,-74000
063979,健鼎兆豐9C購01  ,0,0,0,0,0,0,0,0,0,-74000,0,0,0,16000,90000,-74000,-74000
08978P,臺股指群益01售12,0,0,0,0,0,0,0,0,0,-74000,0,0,0,0,74000,-74000,-74000
067021,正崴中信01購01  ,0,0,0,0,0,0,0,0,0,-75000,0,0,0,10000,85000,-75000,-75000
08080P,祥碩國票9B售03  ,0,0,0,0,0,0,0,0,0,-75000,0,0,0,305000,380000,-75000,-75000
08367P,臺股指凱基9C售11,0,0,0,0,0,0,0,0,0,-75000,0,0,0,25000,100000,-75000,-75000
03188P,聯發科元大01售34,0,0,0,0,0,0,0,0,0,-75000,0,0,0,0,75000,-75000,-75000
062262,茂林元大9B購02  ,0,0,0,0,0,0,0,0,0,-75000,0,0,0,50000,125000,-75000,-75000
062610,啟碁凱基9B購01  ,0,0,0,0,0,0,0,0,0,-75000,0,0,0,197000,272000,-75000,-75000
062451,瀚宇博元大9B購02,0,0,0,0,0,0,0,0,0,-75000,0,0,0,17000,92000,-75000,-75000
063995,健鼎群益9C購01  ,0,0,0,0,0,0,0,0,0,-75000,0,0,0,0,75000,-75000,-75000
064430,鴻海凱基03購04  ,0,0,0,0,0,0,0,0,0,-75000,0,0,0,0,75000,-75000,-75000
060777,茂林凱基9C購01  ,0,0,0,0,0,0,0,0,0,-75000,0,0,0,10000,85000,-75000,-75000
065392,華通群益01購02  ,0,0,0,0,0,0,0,0,0,-75000,0,0,0,111000,186000,-75000,-75000
065447,緯創統一02購02  ,0,0,0,0,0,0,0,0,0,-75000,0,0,0,120000,195000,-75000,-75000
066372,惠特中信01購01  ,0,0,0,0,0,0,0,0,0,-75000,0,0,0,0,75000,-75000,-75000
066212,惠特統一01購01  ,0,0,0,0,0,0,0,0,0,-75000,0,0,0,1000,76000,-75000,-75000
066138,健策群益01購05  ,0,40000,-40000,0,0,0,0,0,0,-35000,0,0,0,112000,147000,-35000,-75000
08807P,可成元富07售02  ,0,0,0,0,0,0,0,0,0,-76000,0,0,0,184000,260000,-76000,-76000
068422,緯穎兆豐03購02  ,0,0,0,0,0,0,0,0,0,-76000,0,0,0,0,76000,-76000,-76000
067183,友訊凱基02購01  ,0,0,0,0,0,0,0,0,0,-76000,0,0,0,11000,87000,-76000,-76000
056375,玉晶光統一01購01,0,0,0,0,0,0,0,0,0,-76000,0,0,0,0,76000,-76000,-76000
063449,全新統一9B購02  ,0,0,0,0,0,0,0,0,0,-76000,0,0,0,40000,116000,-76000,-76000
060730,台積電群益9A購03,0,0,0,0,0,0,0,0,0,-76000,0,0,0,61000,137000,-76000,-76000
064005,義隆凱基01購01  ,0,0,0,0,0,0,0,0,0,-76000,0,0,0,24000,100000,-76000,-76000
066031,力成群益01購01  ,0,0,0,0,0,0,0,0,0,-76000,0,0,0,8000,84000,-76000,-76000
065688,緯創元富9C購02  ,0,0,0,0,0,0,0,0,0,-76000,0,0,0,54000,130000,-76000,-76000
066350,達麗永豐01購01  ,0,0,0,0,0,0,0,0,0,-76000,0,0,0,9000,85000,-76000,-76000
066938,敦泰國票02購01  ,0,0,0,0,0,0,0,0,0,-76000,0,0,0,10000,86000,-76000,-76000
064908,世紀鋼群益01購02,0,0,0,0,0,0,0,0,0,-76000,0,0,0,118000,194000,-76000,-76000
6698,旭暉應材        ,23000,99000,-76000,0,0,0,0,0,0,0,0,0,0,0,0,0,-76000
068575,南電元大01購10  ,0,0,0,0,0,0,0,0,0,-77000,0,0,0,0,77000,-77000,-77000
063490,儒鴻富邦9C購01  ,0,0,0,0,0,0,0,0,0,-77000,0,0,0,864000,941000,-77000,-77000
063674,力山國泰01購02  ,0,0,0,0,0,0,0,0,0,-77000,0,0,0,581000,658000,-77000,-77000
065645,嘉晶元大01購02  ,0,0,0,0,0,0,0,0,0,-77000,0,0,0,89000,166000,-77000,-77000
6226,光鼎            ,35000,112000,-77000,0,0,0,0,0,0,0,0,0,0,0,0,0,-77000
07855P,旺宏凱基9A售09  ,0,0,0,0,0,0,0,0,0,-78000,0,0,0,30000,108000,-78000,-78000
063414,鴻海凱基03購01  ,0,0,0,0,0,0,0,0,0,-78000,0,0,0,0,78000,-78000,-78000
061515,泰碩永豐9A購03  ,0,0,0,0,0,0,0,0,0,-78000,0,0,0,0,78000,-78000,-78000
065508,大成鋼群益01購01,0,0,0,0,0,0,0,0,0,-78000,0,0,0,37000,115000,-78000,-78000
064953,嘉晶凱基9C購02  ,0,0,0,0,0,0,0,0,0,-78000,0,0,0,38000,116000,-78000,-78000
064783,貿聯群益9C購03  ,0,0,0,0,0,0,0,0,0,-78000,0,0,0,132000,210000,-78000,-78000
064712,聚陽統一02購03  ,0,0,0,0,0,0,0,0,0,-78000,0,0,0,2000,80000,-78000,-78000
06380P,臺股指統一98售02,0,0,0,0,0,0,0,0,0,-78000,0,0,0,30000,108000,-78000,-78000
066841,臺指反元大04購06,0,0,0,0,0,0,0,0,0,-78000,0,0,0,0,78000,-78000,-78000
066464,台郡統一02購02  ,0,0,0,0,0,0,0,0,0,-78000,0,0,0,33000,111000,-78000,-78000
066568,聚碩元大01購01  ,0,0,0,0,0,0,0,0,0,-78000,0,0,0,235000,313000,-78000,-78000
2849,安泰銀          ,1000,79000,-78000,0,0,0,0,0,0,0,0,0,0,0,0,0,-78000
2010,春源            ,14000,92000,-78000,0,0,0,0,0,0,0,0,0,0,0,0,0,-78000
07708P,玉晶光元大9A售13,0,0,0,0,0,0,0,0,0,-79000,0,0,0,20000,99000,-79000,-79000
067117,健策群益01購09  ,0,0,0,0,0,0,0,0,0,-79000,0,0,0,7000,86000,-79000,-79000
068250,聯發科元大02購04,0,0,0,0,0,0,0,0,0,-79000,0,0,0,14000,93000,-79000,-79000
058596,旺宏台新99購01  ,0,0,0,0,0,0,0,0,0,-79000,0,0,0,0,79000,-79000,-79000
059821,美律凱基99購08  ,0,0,0,0,0,0,0,0,0,-79000,0,0,0,10000,89000,-79000,-79000
053316,友達群益9A購01  ,0,0,0,0,0,0,0,0,0,-79000,0,0,0,0,79000,-79000,-79000
061543,南亞科群益9A購01,0,0,0,0,0,0,0,0,0,-79000,0,0,0,0,79000,-79000,-79000
062907,可成元大9C購03  ,0,0,0,0,0,0,0,0,0,-79000,0,0,0,1000,80000,-79000,-79000
064014,貿聯國票01購01  ,0,0,0,0,0,0,0,0,0,-79000,0,0,0,0,79000,-79000,-79000
060922,金像電永豐9A購01,0,0,0,0,0,0,0,0,0,-79000,0,0,0,51000,130000,-79000,-79000
060469,台勝科元大9A購02,0,0,0,0,0,0,0,0,0,-79000,0,0,0,22000,101000,-79000,-79000
061197,矽創永豐9A購02  ,0,0,0,0,0,0,0,0,0,-79000,0,0,0,51000,130000,-79000,-79000
063845,旺宏元大9C購03  ,0,0,0,0,0,0,0,0,0,-79000,0,0,0,141000,220000,-79000,-79000
065536,健鼎統一02購04  ,0,0,0,0,0,0,0,0,0,-79000,0,0,0,45000,124000,-79000,-79000
067023,巨大中信01購01  ,0,0,0,0,0,0,0,0,0,-80000,0,0,0,15000,95000,-80000,-80000
067200,深中小元大03購01,0,0,0,0,0,0,0,0,0,-80000,0,0,0,2000,82000,-80000,-80000
067275,聯發科統一02購07,0,0,0,0,0,0,0,0,0,-80000,0,0,0,10000,90000,-80000,-80000
067502,聚陽統一02購04  ,0,0,0,0,0,0,0,0,0,-80000,0,0,0,0,80000,-80000,-80000
07672P,南電元大9A售05  ,0,0,0,0,0,0,0,0,0,-80000,0,0,0,0,80000,-80000,-80000
068577,台積電國泰03購08,0,0,0,0,0,0,0,0,0,-80000,0,0,0,420000,500000,-80000,-80000
068408,緯穎元富01購02  ,0,0,0,0,0,0,0,0,0,-80000,0,0,0,0,80000,-80000,-80000
068360,緯穎凱基01購05  ,0,0,0,0,0,0,0,0,0,-80000,0,0,0,0,80000,-80000,-80000
08491P,全新元大9C售01  ,0,0,0,0,0,0,0,0,0,-80000,0,0,0,20000,100000,-80000,-80000
08641P,台灣50群益9C售08,0,0,0,0,0,0,0,0,0,-80000,0,0,0,20000,100000,-80000,-80000
03192P,台積電國泰03售05,0,0,0,0,0,0,0,0,0,-80000,0,0,0,20000,100000,-80000,-80000
056259,T50反1統一9A購01,0,0,0,0,0,0,0,0,0,-80000,0,0,0,100000,180000,-80000,-80000
060043,全新群益9B購02  ,0,0,0,0,0,0,0,0,0,-80000,0,0,0,2000,82000,-80000,-80000
053394,鴻海中信9A購01  ,0,0,0,0,0,0,0,0,0,-80000,0,0,0,0,80000,-80000,-80000
058810,國巨統一9B購04  ,0,0,0,0,0,0,0,0,0,-80000,0,0,0,0,80000,-80000,-80000
063529,聯茂凱基9B購02  ,0,0,0,0,0,0,0,0,0,-80000,0,0,0,10000,90000,-80000,-80000
061432,世紀鋼元大9A購05,0,0,0,0,0,0,0,0,0,-80000,0,0,0,245000,325000,-80000,-80000
061443,大立光統一9C購02,0,0,0,0,0,0,0,0,0,-80000,0,0,0,0,80000,-80000,-80000
061817,高鐵群益9B購01  ,0,0,0,0,0,0,0,0,0,-80000,0,0,0,70000,150000,-80000,-80000
061915,T50反1凱基02購02,0,0,0,0,0,0,0,0,0,-80000,0,0,0,0,80000,-80000,-80000
065606,可成元大01購05  ,0,0,0,0,0,0,0,0,0,-80000,0,0,0,56000,136000,-80000,-80000
065226,華通凱基01購01  ,0,0,0,0,0,0,0,0,0,-80000,0,0,0,7000,87000,-80000,-80000
066606,聯詠永豐01購01  ,0,0,0,0,0,0,0,0,0,-80000,0,0,0,113000,193000,-80000,-80000
066379,台達電康和01購01,0,0,0,0,0,0,0,0,0,-80000,0,0,0,438000,518000,-80000,-80000
065731,群創凱基03購02  ,0,0,0,0,0,0,0,0,0,-80000,0,0,0,17000,97000,-80000,-80000
065839,鴻海元大9C購17  ,0,0,0,0,0,0,0,0,0,-80000,0,0,0,0,80000,-80000,-80000
066222,生達國泰02購01  ,0,0,0,0,0,0,0,0,0,-80000,0,0,0,106000,186000,-80000,-80000
1608,華榮            ,18000,86000,-68000,0,0,0,0,0,0,-12000,0,12000,-12000,0,0,0,-80000
068340,緯穎元大03購01  ,0,0,0,0,0,0,0,0,0,-81000,0,0,0,0,81000,-81000,-81000
068316,台灣50元大01購34,0,0,0,0,0,0,0,0,0,-81000,0,0,0,0,81000,-81000,-81000
068039,鎧勝元富07購01  ,0,0,0,0,0,0,0,0,0,-81000,0,0,0,175000,256000,-81000,-81000
067745,泰鼎元大01購03  ,0,0,0,0,0,0,0,0,0,-81000,0,0,0,10000,91000,-81000,-81000
056578,智易元大99購02  ,0,0,0,0,0,0,0,0,0,-81000,0,0,0,0,81000,-81000,-81000
061942,亞德客群益9B購01,0,0,0,0,0,0,0,0,0,-81000,0,0,0,177000,258000,-81000,-81000
062143,大成鋼國票9B購01,0,0,0,0,0,0,0,0,0,-81000,0,0,0,0,81000,-81000,-81000
061616,鴻海群益9A購07  ,0,0,0,0,0,0,0,0,0,-81000,0,0,0,0,81000,-81000,-81000
066787,聯發科麥證01購06,0,0,0,0,381000,-381000,0,0,0,-81000,0,0,0,300000,381000,-81000,-81000
065578,台郡群益9C購02  ,0,0,0,0,0,0,0,0,0,-81000,0,0,0,15000,96000,-81000,-81000
063993,華通群益01購01  ,0,0,0,0,0,0,0,0,0,-81000,0,0,0,20000,101000,-81000,-81000
08273P,國巨元富9C售02  ,0,0,0,0,0,0,0,0,0,-82000,0,0,0,18000,100000,-82000,-82000
053291,旺宏中信9A購01  ,0,82000,-82000,0,0,0,0,0,0,0,0,0,0,0,0,0,-82000
057536,康控元大99購03  ,0,0,0,0,0,0,0,0,0,-82000,0,0,0,8000,90000,-82000,-82000
060906,旺宏元大9A購07  ,0,0,0,0,0,0,0,0,0,-82000,0,0,0,23000,105000,-82000,-82000
060287,燿華元大9A購01  ,0,0,0,0,0,0,0,0,0,-82000,0,0,0,0,82000,-82000,-82000
062392,國巨富邦02購01  ,0,0,0,0,0,0,0,0,0,-82000,0,0,0,0,82000,-82000,-82000
064691,友達群益9C購04  ,0,0,0,0,0,0,0,0,0,-82000,0,0,0,0,82000,-82000,-82000
064943,聚陽凱基9C購01  ,0,0,0,0,0,0,0,0,0,-82000,0,0,0,31000,113000,-82000,-82000
066268,宏達電元大01購02,0,0,0,0,0,0,0,0,0,-82000,0,0,0,70000,152000,-82000,-82000
066107,惠特國票02購01  ,0,0,0,0,0,0,0,0,0,-82000,0,0,0,0,82000,-82000,-82000
068338,GIS元大01購04   ,0,0,0,0,0,0,0,0,0,-83000,0,0,0,5000,88000,-83000,-83000
063300,華通凱基9B購05  ,0,0,0,0,0,0,0,0,0,-83000,0,0,0,12000,95000,-83000,-83000
060029,嘉晶永豐99購03  ,0,0,0,0,0,0,0,0,0,-83000,0,0,0,1000,84000,-83000,-83000
058122,美律國票9A購01  ,0,0,0,0,0,0,0,0,0,-83000,0,0,0,20000,103000,-83000,-83000
062695,華通元大9C購01  ,0,0,0,0,0,0,0,0,0,-83000,0,0,0,192000,275000,-83000,-83000
060946,世紀鋼國票9A購02,0,0,0,0,0,0,0,0,0,-83000,0,0,0,241000,324000,-83000,-83000
065339,旺宏統一01購08  ,0,0,0,0,0,0,0,0,0,-83000,0,0,0,0,83000,-83000,-83000
2428,興勤            ,31000,121000,-90000,0,0,0,0,0,0,7000,0,0,0,10000,3000,7000,-83000
2707,晶華            ,9000,38000,-29000,0,0,0,0,55000,-55000,1000,0,0,0,1000,0,1000,-83000
07714P,世紀鋼元大9A售03,0,0,0,0,0,0,0,0,0,-84000,0,0,0,31000,115000,-84000,-84000
067246,鎧勝群益01購02  ,0,0,0,0,0,0,0,0,0,-84000,0,0,0,0,84000,-84000,-84000
057325,可成群益9A購01  ,0,0,0,0,0,0,0,0,0,-84000,0,0,0,0,84000,-84000,-84000
057685,台灣50凱基9C購01,0,0,0,0,0,0,0,0,0,-84000,0,0,0,136000,220000,-84000,-84000
063997,泰鼎群益9C購01  ,0,0,0,0,0,0,0,0,0,-84000,0,0,0,6000,90000,-84000,-84000
060390,聯鈞群益9A購01  ,0,0,0,0,0,0,0,0,0,-84000,0,0,0,16000,100000,-84000,-84000
062051,上銀統一9C購02  ,0,0,0,0,0,0,0,0,0,-84000,0,0,0,96000,180000,-84000,-84000
062630,全新國票9B購02  ,0,0,0,0,0,0,0,0,0,-84000,0,0,0,0,84000,-84000,-84000
065112,台表科國票02購01,0,0,0,0,0,0,0,0,0,-84000,0,0,0,0,84000,-84000,-84000
066590,華新科群益01購04,0,0,0,0,0,0,0,0,0,-84000,0,0,0,3000,87000,-84000,-84000
066595,敦泰群益01購01  ,0,0,0,0,0,0,0,0,0,-84000,0,0,0,40000,124000,-84000,-84000
6533,晶心科          ,158000,242000,-84000,0,0,0,0,0,0,0,0,0,0,0,0,0,-84000
067709,大立光元富07購01,0,0,0,0,0,0,0,0,0,-85000,0,0,0,0,85000,-85000,-85000
068402,群光元富03購01  ,0,0,0,0,0,0,0,0,0,-85000,0,0,0,268000,353000,-85000,-85000
058521,日月光元大99購01,0,0,0,0,0,0,0,0,0,-85000,0,0,0,120000,205000,-85000,-85000
063246,嘉晶元大9C購01  ,0,0,0,0,0,0,0,0,0,-85000,0,0,0,23000,108000,-85000,-85000
063385,可成中信9C購01  ,0,0,0,0,0,0,0,0,0,-85000,0,0,0,0,85000,-85000,-85000
058643,T50正2富邦03購01,0,0,0,0,0,0,0,0,0,-85000,0,0,0,0,85000,-85000,-85000
03184P,台積電元大01售48,0,0,0,0,0,0,0,0,0,-85000,0,0,0,1800000,1885000,-85000,-85000
062682,全新統一9B購01  ,0,0,0,0,0,0,0,0,0,-85000,0,0,0,31000,116000,-85000,-85000
065131,晶技兆豐01購01  ,0,0,0,0,0,0,0,0,0,-85000,0,0,0,0,85000,-85000,-85000
065570,台光電群益01購01,0,0,0,0,0,0,0,0,0,-85000,0,0,0,5000,90000,-85000,-85000
2402,毅嘉            ,1068000,881000,187000,0,0,0,0,0,0,-272000,1000,273000,-272000,0,0,0,-85000
2108,南帝            ,225000,253000,-28000,0,0,0,0,0,0,-57000,40000,3000,37000,0,94000,-94000,-85000
2496,卓越            ,6000,91303,-85303,0,0,0,0,0,0,0,0,0,0,0,0,0,-85303
067830,帆宣兆豐03購01  ,0,0,0,0,0,0,0,0,0,-86000,0,0,0,201000,287000,-86000,-86000
067469,國巨元大01購09  ,0,0,0,0,0,0,0,0,0,-86000,0,0,0,0,86000,-86000,-86000
058748,景碩凱基9A購01  ,0,0,0,0,0,0,0,0,0,-86000,0,0,0,14000,100000,-86000,-86000
058520,智易元大99購03  ,0,0,0,0,0,0,0,0,0,-86000,0,0,0,8000,94000,-86000,-86000
062874,微星兆豐9B購01  ,0,0,0,0,0,0,0,0,0,-86000,0,0,0,19000,105000,-86000,-86000
064266,聯茂永豐9C購01  ,0,0,0,0,0,0,0,0,0,-86000,0,0,0,27000,113000,-86000,-86000
061625,聯茂群益9A購02  ,0,0,0,0,0,0,0,0,0,-86000,0,0,0,0,86000,-86000,-86000
064250,亞光元富9C購01  ,0,0,0,0,0,0,0,0,0,-86000,0,0,0,193000,279000,-86000,-86000
066414,鴻海元大01購07  ,0,0,0,0,0,0,0,0,0,-86000,0,0,0,4000,90000,-86000,-86000
066086,東元永豐01購01  ,0,0,0,0,0,0,0,0,0,-86000,0,0,0,2000,88000,-86000,-86000
065760,和碩元大9C購02  ,0,0,0,0,0,0,0,0,0,-86000,0,0,0,117000,203000,-86000,-86000
066982,嘉晶群益02購01  ,0,0,0,0,0,0,0,0,0,-87000,0,0,0,0,87000,-87000,-87000
067959,嘉聯益永豐01購01,0,0,0,0,0,0,0,0,0,-87000,0,0,0,110000,197000,-87000,-87000
068158,緯創元大01購03  ,0,0,0,0,0,0,0,0,0,-87000,0,0,0,115000,202000,-87000,-87000
058443,T50正2富邦01購01,0,0,0,0,0,0,0,0,0,-87000,0,0,0,0,87000,-87000,-87000
057902,嘉晶永豐98購02  ,0,0,0,0,0,0,0,0,0,-87000,0,0,0,42000,129000,-87000,-87000
059293,宏達電元富9B購01,0,0,0,0,0,0,0,0,0,-87000,0,0,0,100000,187000,-87000,-87000
058078,景碩國票99購01  ,0,0,0,0,0,0,0,0,0,-87000,0,0,0,5000,92000,-87000,-87000
060017,全新康和99購01  ,0,0,0,0,0,0,0,0,0,-87000,0,0,0,0,87000,-87000,-87000
064279,新光金元大01購01,0,0,0,0,0,0,0,0,0,-87000,0,0,0,114000,201000,-87000,-87000
062920,康友元大9B購01  ,0,0,0,0,0,0,0,0,0,-87000,0,0,0,84000,171000,-87000,-87000
061858,南電國票9B購02  ,0,0,0,0,0,0,0,0,0,-87000,0,0,0,4000,91000,-87000,-87000
065850,緯創元大9C購06  ,0,0,0,0,0,0,0,0,0,-87000,0,0,0,195000,282000,-87000,-87000
065891,聯發科統一02購03,0,0,0,0,0,0,0,0,0,-87000,0,0,0,699000,786000,-87000,-87000
066000,奇鋐國票02購01  ,0,0,0,0,0,0,0,0,0,-87000,0,0,0,40000,127000,-87000,-87000
068008,聯茂元大01購02  ,0,0,0,0,0,0,0,0,0,-88000,0,0,0,0,88000,-88000,-88000
067711,緯穎元富05購01  ,0,0,0,0,0,0,0,0,0,-88000,0,0,0,80000,168000,-88000,-88000
067142,美利達永豐01購02,0,0,0,0,0,0,0,0,0,-88000,0,0,0,12000,100000,-88000,-88000
07127P,精元元大99售01  ,0,0,0,0,0,0,0,0,0,-88000,0,0,0,32000,120000,-88000,-88000
00652,富邦印度        ,0,91000,-91000,0,0,0,0,0,0,3000,0,0,0,20000,17000,3000,-88000
058713,國巨統一9B購02  ,0,0,0,0,0,0,0,0,0,-88000,0,0,0,51000,139000,-88000,-88000
063282,奇力新元大9B購06,0,0,0,0,0,0,0,0,0,-88000,0,0,0,0,88000,-88000,-88000
063432,金寶元富9B購01  ,0,0,0,0,0,0,0,0,0,-88000,0,0,0,0,88000,-88000,-88000
058375,群創凱基9B購04  ,0,0,0,0,0,0,0,0,0,-88000,0,0,0,72000,160000,-88000,-88000
061084,京元電兆豐9A購02,0,0,0,0,0,0,0,0,0,-88000,0,0,0,40000,128000,-88000,-88000
065272,聯茂元大9C購05  ,0,0,0,0,0,0,0,0,0,-88000,0,0,0,0,88000,-88000,-88000
08955P,台灣50凱基04售09,0,0,0,0,0,0,0,0,0,-88000,0,0,0,252000,340000,-88000,-88000
068474,義隆群益01購05  ,0,0,0,0,0,0,0,0,0,-89000,0,0,0,3000,92000,-89000,-89000
068151,瑞昱元大01購05  ,0,0,0,0,0,0,0,0,0,-89000,0,0,0,122000,211000,-89000,-89000
058642,旺宏麥證9A購01  ,0,0,0,0,89000,-89000,0,0,0,-89000,0,0,0,0,89000,-89000,-89000
03454B,臺股指元大04熊06,0,0,0,0,0,0,0,0,0,-89000,0,0,0,15000,104000,-89000,-89000
057458,TPK富邦9A購01   ,0,0,0,0,0,0,0,0,0,-89000,0,0,0,1000,90000,-89000,-89000
063210,百和統一9C購01  ,0,0,0,0,0,0,0,0,0,-89000,0,0,0,0,89000,-89000,-89000
063872,嘉聯益永豐9C購01,0,0,0,0,0,0,0,0,0,-89000,0,0,0,256000,345000,-89000,-89000
065829,嘉晶凱基9C購05  ,0,0,0,0,0,0,0,0,0,-89000,0,0,0,40000,129000,-89000,-89000
1503,士電            ,23000,77000,-54000,0,0,0,0,0,0,-35000,0,35000,-35000,0,0,0,-89000
1708,東鹼            ,2000,39000,-37000,0,0,0,0,0,0,-52000,0,52000,-52000,0,0,0,-89000
6412,群電            ,170000,211000,-41000,0,0,0,0,29000,-29000,-19000,0,13000,-13000,0,6000,-6000,-89000
3038,全台            ,273000,361000,-88000,0,0,0,0,0,0,-1000,0,1000,-1000,0,0,0,-89000
068238,臺指反元大04購09,0,0,0,0,0,0,0,0,0,-90000,0,0,0,10000,100000,-90000,-90000
067656,新日興元富07購01,0,0,0,0,0,0,0,0,0,-90000,0,0,0,0,90000,-90000,-90000
068504,訊芯元大01購02  ,0,0,0,0,0,0,0,0,0,-90000,0,0,0,0,90000,-90000,-90000
068566,聯發科元大01購31,0,0,0,0,0,0,0,0,0,-90000,0,0,0,11000,101000,-90000,-90000
07217P,大立光凱基9A售05,0,0,0,0,0,0,0,0,0,-90000,0,0,0,0,90000,-90000,-90000
08253P,鴻海元大9C售06  ,0,0,0,0,0,0,0,0,0,-90000,0,0,0,10000,100000,-90000,-90000
08356P,聯發科元大9C售08,0,0,0,0,0,0,0,0,0,-90000,0,0,0,50000,140000,-90000,-90000
08645P,臺股指中信03售01,0,0,0,0,0,0,0,0,0,-90000,0,0,0,0,90000,-90000,-90000
054158,國巨日盛99購01  ,0,0,0,0,0,0,0,0,0,-90000,0,0,0,0,90000,-90000,-90000
059023,可成統一9B購02  ,0,0,0,0,0,0,0,0,0,-90000,0,0,0,5000,95000,-90000,-90000
053590,新光金元大9A購02,0,0,0,0,0,0,0,0,0,-90000,0,0,0,10000,100000,-90000,-90000
056913,臺股指元大99購05,0,0,0,0,0,0,0,0,0,-90000,0,0,0,0,90000,-90000,-90000
058739,喬山中信99購01  ,0,0,0,0,0,0,0,0,0,-90000,0,0,0,10000,100000,-90000,-90000
058966,元油2X日盛99購03,0,0,0,0,0,0,0,0,0,-90000,0,0,0,109000,199000,-90000,-90000
059546,FBVIX群益99購03 ,0,0,0,0,0,0,0,0,0,-90000,0,0,0,0,90000,-90000,-90000
058377,茂林凱基9A購03  ,190000,0,190000,0,0,0,0,0,0,-280000,0,0,0,10000,290000,-280000,-90000
058378,南電凱基99購01  ,0,0,0,0,0,0,0,0,0,-90000,0,0,0,0,90000,-90000,-90000
061878,茂林元大9B購01  ,0,0,0,0,0,0,0,0,0,-90000,0,0,0,0,90000,-90000,-90000
060798,旭富永豐9A購01  ,0,0,0,0,0,0,0,0,0,-90000,0,0,0,15000,105000,-90000,-90000
061015,旺宏麥證9A購03  ,0,0,0,7000,97000,-90000,0,0,0,-90000,0,0,0,7000,97000,-90000,-90000
065840,國巨元大03購01  ,0,0,0,0,0,0,0,0,0,-90000,0,0,0,10000,100000,-90000,-90000
066743,和碩元大01購01  ,0,0,0,0,0,0,0,0,0,-90000,0,0,0,10000,100000,-90000,-90000
064210,台光電凱基03購01,0,0,0,0,0,0,0,0,0,-90000,0,0,0,30000,120000,-90000,-90000
065380,緯穎元大9C購02  ,0,0,0,0,0,0,0,0,0,-90000,0,0,0,10000,100000,-90000,-90000
08576P,嘉澤凱基9C售03  ,0,0,0,0,0,0,0,0,0,-91000,0,0,0,0,91000,-91000,-91000
07133P,臺股指元大9A售27,0,0,0,0,0,0,0,0,0,-91000,0,0,0,0,91000,-91000,-91000
068507,緯穎元大01購08  ,0,0,0,0,0,0,0,0,0,-91000,0,0,0,20000,111000,-91000,-91000
057555,玉晶光凱基9A購02,0,0,0,0,0,0,0,0,0,-91000,0,0,0,412000,503000,-91000,-91000
059630,美律凱基99購07  ,0,0,0,0,0,0,0,0,0,-91000,0,0,0,0,91000,-91000,-91000
03455B,臺股指凱基03熊06,0,0,0,0,0,0,0,0,0,-91000,0,0,0,0,91000,-91000,-91000
061877,貿聯元大9B購01  ,0,0,0,0,0,0,0,0,0,-91000,0,0,0,62000,153000,-91000,-91000
063051,仁寶統一01購01  ,0,0,0,0,0,0,0,0,0,-91000,0,0,0,10000,101000,-91000,-91000
066819,樺漢兆豐01購01  ,0,0,0,0,0,0,0,0,0,-91000,0,0,0,224000,315000,-91000,-91000
065925,鴻海國票04購01  ,0,0,0,0,0,0,0,0,0,-91000,0,0,0,0,91000,-91000,-91000
08903P,台積電兆豐01售04,0,0,0,0,0,0,0,0,0,-91000,0,0,0,19000,110000,-91000,-91000
068570,日月光元大01購06,0,0,0,0,0,0,0,0,0,-92000,0,0,0,0,92000,-92000,-92000
067119,泰鼎群益01購02  ,0,0,0,0,0,0,0,0,0,-92000,0,0,0,0,92000,-92000,-92000
067360,日月光群益01購01,0,0,0,0,0,0,0,0,0,-92000,0,0,0,359000,451000,-92000,-92000
067356,欣興群益01購01  ,0,0,0,0,0,0,0,0,0,-92000,0,0,0,20000,112000,-92000,-92000
060252,緯穎元大9A購02  ,0,0,0,0,0,0,0,0,0,-92000,0,0,0,89000,181000,-92000,-92000
062328,南亞科統一9C購01,0,0,0,0,0,0,0,0,0,-92000,0,0,0,0,92000,-92000,-92000
066036,神隆元大02購01  ,0,0,0,0,0,0,0,0,0,-92000,0,0,0,8000,100000,-92000,-92000
066046,聯發科元大01購09,0,0,0,0,0,0,0,0,0,-92000,0,0,0,635000,727000,-92000,-92000
065340,旺宏統一9C購04  ,0,0,0,0,0,0,0,0,0,-92000,0,0,0,3000,95000,-92000,-92000
067324,巨大元大01購04  ,0,0,0,0,0,0,0,0,0,-93000,0,0,0,0,93000,-93000,-93000
067546,世紀鋼群益01購05,0,0,0,0,0,0,0,0,0,-93000,0,0,0,52000,145000,-93000,-93000
08090P,嘉澤統一9B售01  ,0,0,0,0,0,0,0,0,0,-93000,0,0,0,2000,95000,-93000,-93000
08104P,晶技元大9B售06  ,0,0,0,0,0,0,0,0,0,-93000,0,0,0,31000,124000,-93000,-93000
056911,緯穎元大99購01  ,0,0,0,0,0,0,0,0,0,-93000,0,0,0,0,93000,-93000,-93000
053181,滬深2X元富99購02,0,0,0,0,0,0,0,0,0,-93000,0,0,0,62000,155000,-93000,-93000
059047,元油2X凱基9A購10,0,0,0,0,0,0,0,0,0,-93000,0,0,0,0,93000,-93000,-93000
055874,中環元富9A購01  ,0,0,0,0,0,0,0,0,0,-93000,0,0,0,101000,194000,-93000,-93000
057507,貿聯國票98購02  ,0,0,0,0,0,0,0,0,0,-93000,0,0,0,4000,97000,-93000,-93000
057508,康控國票99購03  ,0,0,0,0,0,0,0,0,0,-93000,0,0,0,63000,156000,-93000,-93000
057051,群創元大9B購03  ,0,0,0,0,0,0,0,0,0,-93000,0,0,0,20000,113000,-93000,-93000
062483,致新國票9B購01  ,0,0,0,0,0,0,0,0,0,-93000,0,0,0,0,93000,-93000,-93000
064537,健鼎國票01購02  ,0,0,0,0,0,0,0,0,0,-93000,0,0,0,0,93000,-93000,-93000
063881,嘉晶元富9C購01  ,0,0,0,0,0,0,0,0,0,-93000,0,0,0,0,93000,-93000,-93000
065913,光寶科凱基01購01,0,0,0,0,0,0,0,0,0,-93000,0,0,0,0,93000,-93000,-93000
065895,台勝科統一02購01,0,0,0,0,0,0,0,0,0,-93000,0,0,0,0,93000,-93000,-93000
066439,信錦群益02購01  ,0,0,0,0,0,0,0,0,0,-93000,0,0,0,7000,100000,-93000,-93000
1905,華紙            ,211000,305000,-94000,0,0,0,0,0,0,1000,0,0,0,1000,0,1000,-93000
5519,隆大            ,60000,86000,-26000,0,0,0,0,0,0,-67000,0,67000,-67000,0,0,0,-93000
08070P,晶技國泰9C售02  ,0,0,0,0,0,0,0,0,0,-94000,0,0,0,0,94000,-94000,-94000
06856P,台灣50永豐99售03,0,0,0,0,0,0,0,0,0,-94000,0,0,0,80000,174000,-94000,-94000
03421B,臺股指元大99熊01,0,0,0,0,0,0,0,0,0,-94000,0,0,0,10000,104000,-94000,-94000
056775,康控元大99購01  ,0,0,0,0,0,0,0,0,0,-94000,0,0,0,10000,104000,-94000,-94000
058361,美律凱基99購06  ,0,0,0,0,0,0,0,0,0,-94000,0,0,0,20000,114000,-94000,-94000
066345,正文永豐01購01  ,0,0,0,0,0,0,0,0,0,-94000,0,0,0,308000,402000,-94000,-94000
066757,南港永豐01購01  ,0,0,0,0,0,0,0,0,0,-94000,0,0,0,88000,182000,-94000,-94000
066163,友訊凱基01購01  ,0,0,0,0,0,0,0,0,0,-94000,0,0,0,67000,161000,-94000,-94000
1612,宏泰            ,24000,118000,-94000,0,0,0,0,0,0,0,0,0,0,0,0,0,-94000
067080,群創元大01購04  ,0,0,0,0,0,0,0,0,0,-95000,0,0,0,105000,200000,-95000,-95000
03669C,滬深2X元富09牛01,0,0,0,0,0,0,0,0,0,-95000,0,0,0,5000,100000,-95000,-95000
060040,康控國票99購04  ,0,0,0,0,0,0,0,0,0,-95000,0,0,0,5000,100000,-95000,-95000
060654,大毅群益9B購01  ,0,0,0,0,0,0,0,0,0,-95000,0,0,0,0,95000,-95000,-95000
061593,智原永豐9A購01  ,0,0,0,0,0,0,0,0,0,-95000,0,0,0,0,95000,-95000,-95000
063147,東元元富9B購01  ,0,0,0,0,0,0,0,0,0,-95000,0,0,0,17000,112000,-95000,-95000
062757,華通凱基9B購02  ,0,0,0,0,0,0,0,0,0,-95000,0,0,0,50000,145000,-95000,-95000
066314,台橡永豐01購01  ,0,0,0,0,0,0,0,0,0,-95000,0,0,0,305000,400000,-95000,-95000
065998,友訊國票01購02  ,0,0,0,0,0,0,0,0,0,-95000,0,0,0,0,95000,-95000,-95000
066701,京元電群益01購02,0,0,0,0,0,0,0,0,0,-95000,0,0,0,0,95000,-95000,-95000
066602,滬深2X富邦03購01,0,0,0,0,0,0,0,0,0,-95000,0,0,0,5000,100000,-95000,-95000
066540,景碩兆豐01購02  ,0,0,0,0,0,0,0,0,0,-95000,0,0,0,92000,187000,-95000,-95000
064679,晶技兆豐9C購01  ,0,0,0,0,0,0,0,0,0,-95000,0,0,0,0,95000,-95000,-95000
064676,聚陽兆豐9C購01  ,0,0,0,0,0,0,0,0,0,-95000,0,0,0,10000,105000,-95000,-95000
064220,力山國票01購01  ,0,0,0,0,0,0,0,0,0,-95000,0,0,0,19000,114000,-95000,-95000
064158,健鼎統一02購01  ,0,0,0,0,0,0,0,0,0,-95000,0,0,0,15000,110000,-95000,-95000
1316,上曜            ,0,95000,-95000,0,0,0,0,0,0,0,0,0,0,0,0,0,-95000
2034,允強            ,0,95000,-95000,0,0,0,0,0,0,0,0,0,0,0,0,0,-95000
3209,全科            ,0,90000,-90000,0,0,0,0,0,0,-5000,0,5000,-5000,0,0,0,-95000
067338,欣興凱基01購02  ,0,0,0,0,0,0,0,0,0,-96000,0,0,0,186000,282000,-96000,-96000
063406,麗豐國票9C購01  ,0,0,0,0,0,0,0,0,0,-96000,0,0,0,23000,119000,-96000,-96000
058248,聯茂元大99購05  ,0,0,0,0,0,0,0,0,0,-96000,0,0,0,47000,143000,-96000,-96000
062047,緯穎凱基9B購01  ,0,0,0,0,0,0,0,0,0,-96000,0,0,0,97000,193000,-96000,-96000
060862,美律永豐9A購01  ,0,0,0,0,0,0,0,0,0,-96000,0,0,0,75000,171000,-96000,-96000
064480,聚陽永豐9C購01  ,0,0,0,0,0,0,0,0,0,-96000,0,0,0,110000,206000,-96000,-96000
065502,康友富邦03購01  ,0,0,0,0,0,0,0,0,0,-96000,0,0,0,0,96000,-96000,-96000
065299,燿華元富9C購02  ,0,0,0,0,0,0,0,0,0,-96000,0,0,0,8000,104000,-96000,-96000
066575,緯穎元大01購03  ,0,0,0,0,0,0,0,0,0,-96000,0,0,0,52000,148000,-96000,-96000
3024,憶聲            ,248000,344000,-96000,0,0,0,0,0,0,0,0,0,0,0,0,0,-96000
08931P,晶技元富07售02  ,0,0,0,0,0,0,0,0,0,-96000,0,0,0,0,96000,-96000,-96000
067728,南亞科台新01購01,0,0,0,0,0,0,0,0,0,-97000,0,0,0,38000,135000,-97000,-97000
067944,緯穎凱基01購04  ,0,0,0,0,0,0,0,0,0,-97000,0,0,0,37000,134000,-97000,-97000
060918,康友國泰9C購01  ,0,0,0,0,0,0,0,0,0,-97000,0,0,0,360000,457000,-97000,-97000
065205,金寶國票01購01  ,0,0,0,0,0,0,0,0,0,-97000,0,0,0,121000,218000,-97000,-97000
065608,緯創元大9C購04  ,0,0,0,0,0,0,0,0,0,-97000,0,0,0,109000,206000,-97000,-97000
3563,牧德            ,44086,135000,-90914,0,0,0,0,0,0,-7000,0,5000,-5000,18000,20000,-2000,-97914
067323,美利達元大01購04,0,0,0,0,0,0,0,0,0,-98000,0,0,0,24000,122000,-98000,-98000
067353,可成群益02購01  ,0,0,0,0,0,0,0,0,0,-98000,0,0,0,0,98000,-98000,-98000
067039,生達凱基01購01  ,0,0,0,0,0,0,0,0,0,-98000,0,0,0,112000,210000,-98000,-98000
059292,華新科元富9B購02,0,0,0,0,0,0,0,0,0,-98000,0,0,0,4000,102000,-98000,-98000
059862,全新群益99購04  ,0,0,0,0,0,0,0,0,0,-98000,0,0,0,0,98000,-98000,-98000
057503,世紀鋼群益98購02,0,0,0,0,0,0,0,0,0,-98000,0,0,0,2000,100000,-98000,-98000
03090P,臺股指元大01售19,0,0,0,0,0,0,0,0,0,-98000,0,0,0,356000,454000,-98000,-98000
064022,台積電元大9C購07,0,0,0,0,0,0,0,0,0,-98000,0,0,0,0,98000,-98000,-98000
060717,康控永豐9A購01  ,0,0,0,0,0,0,0,0,0,-98000,0,0,0,10000,108000,-98000,-98000
063121,友達元大9C購09  ,0,0,0,0,0,0,0,0,0,-98000,0,0,0,0,98000,-98000,-98000
062480,茂林國票9B購01  ,0,0,0,0,0,0,0,0,0,-98000,0,0,0,0,98000,-98000,-98000
065521,貿聯群益9C購04  ,0,0,0,0,0,0,0,0,0,-98000,0,0,0,40000,138000,-98000,-98000
065200,健策元富9C購04  ,0,0,0,0,0,0,0,0,0,-98000,0,0,0,174000,272000,-98000,-98000
065087,可成元大9C購08  ,0,0,0,0,0,0,0,0,0,-98000,0,0,0,192000,290000,-98000,-98000
064644,台光電凱基9C購01,0,0,0,0,0,0,0,0,0,-98000,0,0,0,2000,100000,-98000,-98000
065865,光寶科群益9C購02,0,0,0,0,0,0,0,0,0,-98000,0,0,0,36000,134000,-98000,-98000
065816,聯發科元富03購07,0,0,0,0,0,0,0,0,0,-98000,0,0,0,133000,231000,-98000,-98000
9941,裕融            ,6000,99000,-93000,0,0,0,0,0,0,-5000,0,0,0,0,5000,-5000,-98000
08936P,鴻海元大01售20  ,0,0,0,0,0,0,0,0,0,-98000,0,0,0,0,98000,-98000,-98000
067415,大成凱基01購01  ,0,0,0,0,0,0,0,0,0,-99000,0,0,0,67000,166000,-99000,-99000
063487,國巨國泰01購02  ,0,0,0,0,0,0,0,0,0,-99000,0,0,0,60000,159000,-99000,-99000
062320,南電凱基9B購03  ,0,0,0,0,0,0,0,0,0,-99000,0,0,0,4000,103000,-99000,-99000
062066,元黃金元大9B購01,0,0,0,0,0,0,0,0,0,-99000,0,0,0,1000,100000,-99000,-99000
063697,香港反群益9C購01,0,0,0,0,0,0,0,0,0,-99000,0,0,0,0,99000,-99000,-99000
066247,中化元大01購02  ,0,0,0,0,0,0,0,0,0,-99000,0,0,0,1000,100000,-99000,-99000
066098,華碩中信02購01  ,0,0,0,0,0,0,0,0,0,-99000,0,0,0,30000,129000,-99000,-99000
066816,泰鼎兆豐03購01  ,0,0,0,0,0,0,0,0,0,-99000,0,0,0,0,99000,-99000,-99000
064638,儒鴻凱基9C購03  ,0,0,0,0,0,0,0,0,0,-99000,0,0,0,188000,287000,-99000,-99000
064085,儒鴻凱基9C購02  ,0,0,0,0,0,0,0,0,0,-99000,0,0,0,230000,329000,-99000,-99000
064789,和大國票01購01  ,0,0,0,0,0,0,0,0,0,-99000,0,0,0,0,99000,-99000,-99000
065259,燿華元大9C購05  ,0,0,0,0,0,0,0,0,0,-99000,0,0,0,125000,224000,-99000,-99000
08868P,欣興凱基02售03  ,0,0,0,0,0,0,0,0,0,-99000,0,0,0,120000,219000,-99000,-99000
5269,祥碩            ,219000,325000,-106000,0,0,0,0,23000,-23000,30000,34000,8000,26000,8000,4000,4000,-99000
067322,達方元大01購01  ,0,0,0,0,0,0,0,0,0,-100000,0,0,0,0,100000,-100000,-100000
067506,台光電統一02購04,0,0,0,0,0,0,0,0,0,-100000,0,0,0,0,100000,-100000,-100000
06699P,台積電統一98售11,0,0,0,0,0,0,0,0,0,-100000,0,0,0,0,100000,-100000,-100000
067141,台表科永豐01購01,0,0,0,0,0,0,0,0,0,-100000,0,0,0,0,100000,-100000,-100000
067865,友達元大01購02  ,0,0,0,0,0,0,0,0,0,-100000,0,0,0,100000,200000,-100000,-100000
068241,力山元大01購02  ,0,0,0,0,0,0,0,0,0,-100000,0,0,0,55000,155000,-100000,-100000
068273,嘉晶永豐01購01  ,0,0,0,0,0,0,0,0,0,-100000,0,0,0,1000,101000,-100000,-100000
068141,鴻海元大01購25  ,0,0,0,0,0,0,0,0,0,-100000,0,0,0,0,100000,-100000,-100000
067982,臺指反元大04購08,0,0,0,0,0,0,0,0,0,-100000,0,0,0,0,100000,-100000,-100000
06911P,鴻海元大99售09  ,0,0,0,0,0,0,0,0,0,-100000,0,0,0,0,100000,-100000,-100000
06867P,訊芯元大98售08  ,0,0,0,0,0,0,0,0,0,-100000,0,0,0,0,100000,-100000,-100000
068505,GIS元大01購06   ,0,0,0,0,0,0,0,0,0,-100000,0,0,0,11000,111000,-100000,-100000
06843P,鴻海元大98售11  ,0,0,0,0,0,0,0,0,0,-100000,0,0,0,0,100000,-100000,-100000
068346,GIS麥證01購02   ,0,0,0,0,100000,-100000,0,0,0,-100000,0,0,0,0,100000,-100000,-100000
068368,國巨富邦04購01  ,0,0,0,0,0,0,0,0,0,-100000,0,0,0,0,100000,-100000,-100000
07059P,華通國票9A售02  ,0,0,0,0,0,0,0,0,0,-100000,0,0,0,0,100000,-100000,-100000
07539P,玉山金台新9A售01,0,0,0,0,0,0,0,0,0,-100000,0,0,0,0,100000,-100000,-100000
07684P,大立光凱基9A售11,0,0,0,0,0,0,0,0,0,-100000,0,0,0,0,100000,-100000,-100000
07939P,台積電統一9B售14,0,0,0,0,0,0,0,0,0,-100000,0,0,0,0,100000,-100000,-100000
08074P,緯穎元富9B售02  ,0,0,0,0,0,0,0,0,0,-100000,0,0,0,0,100000,-100000,-100000
08212P,鴻海統一9B售08  ,0,0,0,0,0,0,0,0,0,-100000,0,0,0,0,100000,-100000,-100000
08401P,玉晶光元富9C售04,0,0,0,0,0,0,0,0,0,-100000,0,0,0,60000,160000,-100000,-100000
08562P,南電國票01售03  ,0,0,0,0,0,0,0,0,0,-100000,0,0,0,0,100000,-100000,-100000
08445P,臺股指麥證9C售03,0,0,0,200000,300000,-100000,0,0,0,-100000,0,0,0,200000,300000,-100000,-100000
063388,台光電兆豐9C購01,0,0,0,0,0,0,0,0,0,-100000,0,0,0,34000,134000,-100000,-100000
058366,元大金凱基99購01,0,0,0,0,0,0,0,0,0,-100000,0,0,0,0,100000,-100000,-100000
058560,T50反1凱基9A購04,0,0,0,0,0,0,0,0,0,-100000,0,0,0,0,100000,-100000,-100000
059327,南茂元大99購01  ,0,0,0,0,0,0,0,0,0,-100000,0,0,0,0,100000,-100000,-100000
059539,緯穎凱基99購03  ,0,0,0,0,0,0,0,0,0,-100000,0,0,0,0,100000,-100000,-100000
057943,可成國票99購03  ,0,0,0,0,0,0,0,0,0,-100000,0,0,0,0,100000,-100000,-100000
00651R,FH香港反1       ,10000,0,10000,0,0,0,0,0,0,-110000,0,0,0,225000,335000,-110000,-100000
053212,友達凱基99購04  ,0,0,0,0,0,0,0,0,0,-100000,0,0,0,0,100000,-100000,-100000
052572,群創凱基99購01  ,0,0,0,0,0,0,0,0,0,-100000,0,0,0,0,100000,-100000,-100000
056903,大立光元大99購04,0,0,0,0,0,0,0,0,0,-100000,0,0,0,0,100000,-100000,-100000
056907,群創元大9C購04  ,0,0,0,0,0,0,0,0,0,-100000,0,0,0,100000,200000,-100000,-100000
056410,康控國票99購01  ,0,0,0,0,0,0,0,0,0,-100000,0,0,0,0,100000,-100000,-100000
058106,神達統一98購02  ,0,0,0,0,0,0,0,0,0,-100000,0,0,0,0,100000,-100000,-100000
062298,國巨第一9B購01  ,0,0,0,0,0,0,0,0,0,-100000,0,0,0,0,100000,-100000,-100000
060694,旺宏麥證9A購02  ,0,0,0,0,100000,-100000,0,0,0,-100000,0,0,0,0,100000,-100000,-100000
060470,台勝科元大9A購03,0,0,0,0,0,0,0,0,0,-100000,0,0,0,0,100000,-100000,-100000
060454,葡萄王元大9A購01,0,0,0,0,0,0,0,0,0,-100000,0,0,0,0,100000,-100000,-100000
061310,華新科麥證9A購01,0,0,0,0,100000,-100000,0,0,0,-100000,0,0,0,0,100000,-100000,-100000
064373,和大元富03購01  ,0,0,0,0,0,0,0,0,0,-100000,0,0,0,0,100000,-100000,-100000
064327,金寶元大01購01  ,0,0,0,0,0,0,0,0,0,-100000,0,0,0,0,100000,-100000,-100000
064040,鴻海統一9C購18  ,0,0,0,0,0,0,0,0,0,-100000,0,0,0,5000,105000,-100000,-100000
064620,大立光元大01購03,0,0,0,0,0,0,0,0,0,-100000,0,0,0,0,100000,-100000,-100000
064549,神基凱基9C購01  ,0,0,0,0,0,0,0,0,0,-100000,0,0,0,0,100000,-100000,-100000
061017,國泰金麥證9A購01,0,0,0,0,100000,-100000,0,0,0,-100000,0,0,0,0,100000,-100000,-100000
061637,華新科元大9A購22,0,0,0,0,0,0,0,0,0,-100000,0,0,0,0,100000,-100000,-100000
064490,金像電元大9C購02,0,0,0,0,0,0,0,0,0,-100000,0,0,0,32000,132000,-100000,-100000
065253,和大元大01購02  ,0,0,0,0,0,0,0,0,0,-100000,0,0,0,0,100000,-100000,-100000
065300,燿華元富9C購03  ,0,0,0,0,0,0,0,0,0,-100000,0,0,0,0,100000,-100000,-100000
065190,緯穎統一9C購02  ,0,0,0,0,0,0,0,0,0,-100000,0,0,0,10000,110000,-100000,-100000
064209,燿華凱基01購01  ,0,0,0,0,0,0,0,0,0,-100000,0,0,0,0,100000,-100000,-100000
063839,華通元大9C購02  ,0,0,0,0,0,0,0,0,0,-100000,0,0,0,224000,324000,-100000,-100000
066553,大立光元大01購09,0,0,0,0,0,0,0,0,0,-100000,0,0,0,0,100000,-100000,-100000
065996,T50反1第一01購01,0,0,0,0,0,0,0,0,0,-100000,0,0,0,0,100000,-100000,-100000
065938,文曄群益01購01  ,0,0,0,0,0,0,0,0,0,-100000,0,0,0,50000,150000,-100000,-100000
08944P,臺股指國票01售01,0,0,0,0,0,0,0,0,0,-100000,0,0,0,0,100000,-100000,-100000
08696P,臺股指群益01售01,0,0,0,0,0,0,0,0,0,-101000,0,0,0,0,101000,-101000,-101000
08008P,華新科統一9B售05,0,0,0,0,0,0,0,0,0,-101000,0,0,0,2000,103000,-101000,-101000
07420P,可成元大99售07  ,0,0,0,0,0,0,0,0,0,-101000,0,0,0,0,101000,-101000,-101000
068601,台積電凱基03購07,0,0,0,0,0,0,0,0,0,-101000,0,0,0,8000,109000,-101000,-101000
067354,國揚群益01購03  ,0,0,0,0,0,0,0,0,0,-101000,0,0,0,157000,258000,-101000,-101000
067458,台積電永豐01購02,0,0,0,0,0,0,0,0,0,-101000,0,0,0,0,101000,-101000,-101000
059065,南電凱基9A購01  ,0,0,0,0,0,0,0,0,0,-101000,0,0,0,10000,111000,-101000,-101000
03152P,聯發科群益01售15,0,0,0,0,0,0,0,0,0,-101000,0,0,0,0,101000,-101000,-101000
057964,緯穎元大99購03  ,0,0,0,0,0,0,0,0,0,-101000,0,0,0,26000,127000,-101000,-101000
058023,南電凱基98購02  ,0,0,0,0,0,0,0,0,0,-101000,0,0,0,3000,104000,-101000,-101000
060745,京元電國票9A購01,0,0,0,0,0,0,0,0,0,-101000,0,0,0,109000,210000,-101000,-101000
062438,台光電元大9B購04,0,0,0,0,0,0,0,0,0,-101000,0,0,0,16000,117000,-101000,-101000
062526,友達統一01購01  ,0,0,0,0,0,0,0,0,0,-101000,0,0,0,21000,122000,-101000,-101000
062264,南六元大9B購02  ,0,0,0,0,0,0,0,0,0,-101000,0,0,0,98000,199000,-101000,-101000
063609,南電凱基9B購05  ,0,0,0,0,0,0,0,0,0,-101000,0,0,0,10000,111000,-101000,-101000
066375,南亞科兆豐01購01,0,0,0,0,0,0,0,0,0,-101000,0,0,0,0,101000,-101000,-101000
064073,南電永豐9C購01  ,0,0,0,0,0,0,0,0,0,-101000,0,0,0,8000,109000,-101000,-101000
064869,景碩永豐9C購01  ,0,0,0,0,0,0,0,0,0,-101000,0,0,0,5000,106000,-101000,-101000
067503,聚陽統一03購01  ,0,0,0,0,0,0,0,0,0,-102000,0,0,0,77000,179000,-102000,-102000
07875P,祥碩群益9B售01  ,0,0,0,0,0,0,0,0,0,-102000,0,0,0,0,102000,-102000,-102000
058751,南茂凱基9A購01  ,0,0,0,0,0,0,0,0,0,-102000,0,0,0,35000,137000,-102000,-102000
058401,華航元大9A購01  ,0,0,0,0,0,0,0,0,0,-102000,0,0,0,0,102000,-102000,-102000
063626,聚陽元大9B購03  ,0,0,0,0,0,0,0,0,0,-102000,0,0,0,92000,194000,-102000,-102000
063605,健策凱基9C購02  ,0,0,0,0,0,0,0,0,0,-102000,0,0,0,102000,204000,-102000,-102000
061206,旺宏元大9A購12  ,0,0,0,0,0,0,0,0,0,-102000,0,0,0,0,102000,-102000,-102000
064815,台表科元大01購01,0,0,0,0,0,0,0,0,0,-102000,0,0,0,41000,143000,-102000,-102000
063901,緯穎群益9C購01  ,0,0,0,0,0,0,0,0,0,-102000,0,0,0,8000,110000,-102000,-102000
066322,群光永豐01購01  ,0,0,0,0,0,0,0,0,0,-102000,0,0,0,50000,152000,-102000,-102000
066275,台勝科元大01購01,0,0,0,0,0,0,0,0,0,-102000,0,0,0,32000,134000,-102000,-102000
2913,農林            ,159000,261000,-102000,0,0,0,0,0,0,0,0,0,0,0,0,0,-102000
912000,晨訊科-DR       ,0,102000,-102000,0,0,0,0,0,0,0,0,0,0,0,0,0,-102000
067333,凌陽凱基02購01  ,0,0,0,0,0,0,0,0,0,-103000,0,0,0,70000,173000,-103000,-103000
068055,鎧勝統一02購02  ,0,0,0,0,0,0,0,0,0,-103000,0,0,0,133000,236000,-103000,-103000
058552,欣興永豐99購01  ,0,0,0,0,0,0,0,0,0,-103000,0,0,0,117000,220000,-103000,-103000
03662C,FBVIX凱基03牛01 ,0,0,0,0,0,0,0,0,0,-103000,0,0,0,51000,154000,-103000,-103000
063633,金像電元大9B購05,0,0,0,0,0,0,0,0,0,-103000,0,0,0,36000,139000,-103000,-103000
062163,大毅國泰01購01  ,0,0,0,0,0,0,0,0,0,-103000,0,0,0,137000,240000,-103000,-103000
1773,勝一            ,35000,186000,-151000,0,0,0,48000,0,48000,0,0,0,0,0,0,0,-103000
067826,高鐵兆豐03購01  ,0,0,0,0,0,0,0,0,0,-104000,0,0,0,31000,135000,-104000,-104000
056584,鴻海統一9B購01  ,0,0,0,0,0,0,0,0,0,-104000,0,0,0,2297000,2401000,-104000,-104000
00678,群益NBI生技     ,0,25000,-25000,0,0,0,0,0,0,-79000,30000,0,30000,600000,709000,-109000,-104000
063518,儒鴻凱基9B購02  ,0,0,0,0,0,0,0,0,0,-104000,0,0,0,87000,191000,-104000,-104000
059452,全新永豐99購03  ,0,0,0,0,0,0,0,0,0,-104000,0,0,0,0,104000,-104000,-104000
059675,大立光元富99購08,0,0,0,0,0,0,0,0,0,-104000,0,0,0,0,104000,-104000,-104000
062404,新唐永豐9B購01  ,0,0,0,0,0,0,0,0,0,-104000,0,0,0,194000,298000,-104000,-104000
063132,台表科元大9C購02,0,0,0,0,0,0,0,0,0,-104000,0,0,0,30000,134000,-104000,-104000
063195,訊連元富9B購01  ,0,0,0,0,0,0,0,0,0,-104000,0,0,0,180000,284000,-104000,-104000
060885,世紀鋼中信9A購01,0,0,0,0,0,0,0,0,0,-104000,0,0,0,0,104000,-104000,-104000
064326,裕隆元大9C購01  ,0,0,0,0,0,0,0,0,0,-104000,0,0,0,477000,581000,-104000,-104000
065930,矽格國票02購01  ,0,0,0,0,0,0,0,0,0,-104000,0,0,0,0,104000,-104000,-104000
066536,漢唐兆豐03購01  ,0,0,0,0,0,0,0,0,0,-104000,0,0,0,36000,140000,-104000,-104000
065088,可成元大9C購09  ,0,0,0,0,0,0,0,0,0,-104000,0,0,0,3000,107000,-104000,-104000
064999,T50反1國票9C購03,0,0,0,0,0,0,0,0,0,-104000,0,0,0,0,104000,-104000,-104000
3029,零壹            ,640000,669000,-29000,0,0,0,0,0,0,-75000,0,75000,-75000,0,0,0,-104000
067840,滬深2X元富04購02,0,0,0,0,0,0,0,0,0,-105000,0,0,0,0,105000,-105000,-105000
067843,聯發科元富07購05,0,0,0,0,0,0,0,0,0,-105000,0,0,0,55000,160000,-105000,-105000
067807,京元電凱基01購02,0,0,0,0,0,0,0,0,0,-105000,0,0,0,10000,115000,-105000,-105000
067817,玉晶光凱基02購01,0,0,0,0,0,0,0,0,0,-105000,0,0,0,109000,214000,-105000,-105000
067337,欣興凱基01購01  ,0,0,0,0,0,0,0,0,0,-105000,0,0,0,275000,380000,-105000,-105000
067245,康控群益01購03  ,0,0,0,0,0,0,0,0,0,-105000,0,0,0,30000,135000,-105000,-105000
068317,台灣50元大01購35,0,0,0,0,0,0,0,0,0,-105000,0,0,0,0,105000,-105000,-105000
063474,康控元大9B購04  ,0,0,0,0,0,0,0,0,0,-105000,0,0,0,95000,200000,-105000,-105000
063429,南電凱基01購01  ,0,0,0,0,0,0,0,0,0,-105000,0,0,0,12000,117000,-105000,-105000
054769,創意國票98購01  ,0,0,0,0,0,0,0,0,0,-105000,0,0,0,0,105000,-105000,-105000
056395,玉晶光永豐9B購01,0,0,0,0,0,0,0,0,0,-105000,0,0,0,20000,125000,-105000,-105000
060958,儒鴻凱基9A購02  ,0,30000,-30000,0,0,0,0,0,0,-75000,0,0,0,234000,309000,-75000,-105000
060556,緯穎凱基9A購04  ,0,0,0,0,0,0,0,0,0,-105000,0,0,0,0,105000,-105000,-105000
060557,南電凱基9A購02  ,0,0,0,0,0,0,0,0,0,-105000,0,0,0,13000,118000,-105000,-105000
065095,玉晶光元大02購02,0,0,0,0,0,0,0,0,0,-105000,0,0,0,70000,175000,-105000,-105000
065207,奇力新國票9C購02,0,0,0,0,0,0,0,0,0,-105000,0,0,0,0,105000,-105000,-105000
064651,GIS凱基9C購02   ,0,0,0,0,0,0,0,0,0,-105000,0,0,0,10000,115000,-105000,-105000
066450,松翰群益01購01  ,0,0,0,0,0,0,0,0,0,-105000,0,0,0,267000,372000,-105000,-105000
066686,鴻海元富07購05  ,0,0,0,0,0,0,0,0,0,-105000,0,0,0,60000,165000,-105000,-105000
066809,新唐凱基01購01  ,0,0,0,0,0,0,0,0,0,-105000,0,0,0,211000,316000,-105000,-105000
2906,高林            ,51000,156000,-105000,0,0,0,0,0,0,0,0,0,0,0,0,0,-105000
067567,瀚宇博康和01購01,0,0,0,0,0,0,0,0,0,-106000,0,0,0,34000,140000,-106000,-106000
057041,國巨元大99購04  ,0,0,0,0,0,0,0,0,0,-106000,0,0,0,67000,173000,-106000,-106000
059986,宏達電元大99購08,0,0,0,0,0,0,0,0,0,-106000,0,0,0,48000,154000,-106000,-106000
063273,緯穎兆豐9C購01  ,0,0,0,0,0,0,0,0,0,-106000,0,0,0,0,106000,-106000,-106000
057523,大成鋼元大99購01,0,0,0,0,0,0,0,0,0,-106000,0,0,0,0,106000,-106000,-106000
058790,楠梓電元大99購03,0,0,0,0,0,0,0,0,0,-106000,0,0,0,0,106000,-106000,-106000
061253,臺股指群益9A購04,0,0,0,0,0,0,0,0,0,-106000,0,0,0,24000,130000,-106000,-106000
062947,國巨富邦01購01  ,0,0,0,0,0,0,0,0,0,-106000,0,0,0,12000,118000,-106000,-106000
066481,華碩元富01購01  ,0,0,0,0,0,0,0,0,0,-106000,0,0,0,9000,115000,-106000,-106000
065862,世紀鋼元大9C購06,0,0,0,0,0,0,0,0,0,-106000,0,0,0,684000,790000,-106000,-106000
065697,旺宏群益9C購07  ,0,0,0,0,0,0,0,0,0,-106000,0,0,0,67000,173000,-106000,-106000
064639,聚陽凱基02購01  ,0,0,0,0,0,0,0,0,0,-106000,0,0,0,81000,187000,-106000,-106000
064192,巨大中信9C購01  ,0,0,0,0,0,0,0,0,0,-106000,0,0,0,0,106000,-106000,-106000
2547,日勝生          ,94000,183000,-89000,0,0,0,0,0,0,-17000,0,17000,-17000,0,0,0,-106000
1442,名軒            ,36000,142000,-106000,0,0,0,0,0,0,0,0,0,0,0,0,0,-106000
068434,美律凱基01購03  ,0,0,0,0,0,0,0,0,0,-107000,0,0,0,10000,117000,-107000,-107000
068534,台達電中信03購01,0,0,0,0,0,0,0,0,0,-107000,0,0,0,0,107000,-107000,-107000
068524,友達元富07購01  ,0,0,0,0,0,0,0,0,0,-107000,0,0,0,0,107000,-107000,-107000
08290P,高鐵統一01售01  ,0,0,0,0,0,0,0,0,0,-107000,0,0,0,20000,127000,-107000,-107000
059282,嘉聯益永豐99購01,0,0,0,0,0,0,0,0,0,-107000,0,0,0,92000,199000,-107000,-107000
057567,嘉聯益富邦9A購01,0,0,0,0,0,0,0,0,0,-107000,0,0,0,137000,244000,-107000,-107000
055570,華通統一98購03  ,0,0,0,0,0,0,0,0,0,-107000,0,0,0,2000,109000,-107000,-107000
063232,裕隆元大9B購01  ,0,0,0,0,0,0,0,0,0,-107000,0,0,0,141000,248000,-107000,-107000
063782,致新永豐9B購02  ,0,0,0,0,0,0,0,0,0,-107000,0,0,0,11000,118000,-107000,-107000
061998,緯穎元大9B購03  ,0,0,0,0,0,0,0,0,0,-107000,0,0,0,0,107000,-107000,-107000
061339,京元電元大9A購05,0,0,0,0,0,0,0,0,0,-107000,0,0,0,2000,109000,-107000,-107000
064467,南亞科元富9C購02,0,0,0,0,0,0,0,0,0,-107000,0,0,0,2000,109000,-107000,-107000
066607,台郡永豐01購01  ,0,0,0,0,0,0,0,0,0,-107000,0,0,0,11000,118000,-107000,-107000
08857P,台灣50國票01售07,0,0,0,0,0,0,0,0,0,-107000,0,0,0,494000,601000,-107000,-107000
068358,啟碁凱基01購01  ,0,0,0,0,0,0,0,0,0,-108000,0,0,0,10000,118000,-108000,-108000
067929,華通凱基01購04  ,0,0,0,0,0,0,0,0,0,-108000,0,0,0,226000,334000,-108000,-108000
057872,旺宏元大99購06  ,0,0,0,0,0,0,0,0,0,-108000,0,0,0,2000,110000,-108000,-108000
058794,旺宏元大99購09  ,0,0,0,0,0,0,0,0,0,-108000,0,0,0,65000,173000,-108000,-108000
060164,合勤控永豐9A購01,0,0,0,0,0,0,0,0,0,-108000,0,0,0,53000,161000,-108000,-108000
061173,T50反1凱基04購01,0,0,0,0,0,0,0,0,0,-108000,0,0,0,0,108000,-108000,-108000
061923,友達凱基9B購04  ,0,0,0,0,0,0,0,0,0,-108000,0,0,0,0,108000,-108000,-108000
063131,聯茂元大9B購03  ,0,0,0,0,0,0,0,0,0,-108000,0,0,0,0,108000,-108000,-108000
062379,致新元大9B購01  ,0,0,0,0,0,0,0,0,0,-108000,0,0,0,74000,182000,-108000,-108000
066926,聚陽國票02購01  ,0,0,0,0,0,0,0,0,0,-108000,0,0,0,32000,140000,-108000,-108000
065933,鴻海群益01購06  ,0,0,0,0,0,0,0,0,0,-108000,0,0,0,15000,123000,-108000,-108000
064871,緯穎永豐9C購03  ,0,0,0,0,0,0,0,0,0,-108000,0,0,0,0,108000,-108000,-108000
064745,聯鈞國票01購01  ,0,0,0,0,0,0,0,0,0,-108000,0,0,0,5000,113000,-108000,-108000
063980,智易兆豐9C購02  ,0,0,0,0,0,0,0,0,0,-108000,0,0,0,166000,274000,-108000,-108000
065100,聯茂元大9C購04  ,0,0,0,0,0,0,0,0,0,-108000,0,0,0,16000,124000,-108000,-108000
1449,佳和            ,44000,152000,-108000,0,0,0,0,0,0,0,0,0,0,0,0,0,-108000
9925,新保            ,63000,171000,-108000,0,0,0,0,0,0,0,0,0,0,0,0,0,-108000
6191,精成科          ,314000,436000,-122000,0,0,0,0,0,0,14000,20000,3000,17000,12000,15000,-3000,-108000
068461,瑞儀國票03購01  ,0,0,0,0,0,0,0,0,0,-109000,0,0,0,56000,165000,-109000,-109000
068608,景碩凱基01購01  ,0,0,0,0,0,0,0,0,0,-109000,0,0,0,2000,111000,-109000,-109000
07792P,牧德元大9A售04  ,0,0,0,0,0,0,0,0,0,-109000,0,0,0,245000,354000,-109000,-109000
08036P,嘉澤群益9B售03  ,0,0,0,0,0,0,0,0,0,-109000,0,0,0,0,109000,-109000,-109000
063683,大成鋼永豐9B購01,0,0,0,0,0,0,0,0,0,-109000,0,0,0,0,109000,-109000,-109000
063660,儒鴻統一9C購01  ,0,0,0,0,0,0,0,0,0,-109000,0,0,0,127000,236000,-109000,-109000
08584P,立積群益9C售02  ,0,0,0,0,0,0,0,0,0,-110000,0,0,0,132000,242000,-110000,-110000
06970P,旺宏元大99售08  ,0,0,0,0,0,0,0,0,0,-110000,0,0,0,0,110000,-110000,-110000
068493,聯發科元大01購30,0,0,0,0,0,0,0,0,0,-110000,0,0,0,1000,111000,-110000,-110000
067757,元金2X永豐01購01,0,0,0,0,0,0,0,0,0,-110000,0,0,0,0,110000,-110000,-110000
058807,和大統一9B購01  ,0,0,0,0,0,0,0,0,0,-110000,0,0,0,0,110000,-110000,-110000
058837,SGBR2X中信9C購01,0,0,0,0,0,0,0,0,0,-110000,0,0,0,0,110000,-110000,-110000
063371,南亞科永豐9B購01,0,0,0,0,0,0,0,0,0,-110000,0,0,0,0,110000,-110000,-110000
058527,世紀鋼元大99購01,0,0,0,0,0,0,0,0,0,-110000,0,0,0,208000,318000,-110000,-110000
056317,華通群益99購02  ,0,0,0,0,0,0,0,0,0,-110000,0,0,0,0,110000,-110000,-110000
046942,友達元大99購01  ,0,0,0,0,0,0,0,0,0,-110000,0,0,0,0,110000,-110000,-110000
061907,裕隆中信9B購01  ,0,0,0,0,0,0,0,0,0,-110000,0,0,0,10000,120000,-110000,-110000
062336,茂林統一01購02  ,0,0,0,0,0,0,0,0,0,-110000,0,0,0,0,110000,-110000,-110000
063002,上証2X元大9B購03,0,0,0,0,0,0,0,0,0,-110000,0,0,0,0,110000,-110000,-110000
060522,鴻海中信9A購03  ,0,0,0,0,0,0,0,0,0,-110000,0,0,0,0,110000,-110000,-110000
060933,南電永豐9A購02  ,0,0,0,0,0,0,0,0,0,-110000,0,0,0,1000,111000,-110000,-110000
064349,泰鼎元大9C購02  ,0,0,0,0,0,0,0,0,0,-110000,0,0,0,20000,130000,-110000,-110000
06535P,可成群益99售02  ,0,0,0,0,0,0,0,0,0,-110000,0,0,0,5000,115000,-110000,-110000
065887,巨大元富9C購01  ,0,0,0,0,0,0,0,0,0,-110000,0,0,0,10000,120000,-110000,-110000
066321,華碩永豐01購01  ,0,0,0,0,0,0,0,0,0,-110000,0,0,0,25000,135000,-110000,-110000
9939,宏全            ,133000,251000,-118000,0,0,0,0,0,0,8000,0,0,0,8000,0,8000,-110000
08821P,旺宏凱基01售01  ,0,0,0,0,0,0,0,0,0,-110000,0,0,0,3000,113000,-110000,-110000
08953P,大立光元富07售02,0,0,0,0,0,0,0,0,0,-110000,0,0,0,20000,130000,-110000,-110000
08982P,泰碩凱基01售01  ,0,0,0,0,0,0,0,0,0,-110000,0,0,0,15000,125000,-110000,-110000
056459,茂林凱基99購01  ,0,0,0,0,0,0,0,0,0,-111000,0,0,0,148000,259000,-111000,-111000
059865,國巨凱基01購01  ,0,0,0,0,0,0,0,0,0,-111000,0,0,0,106000,217000,-111000,-111000
059191,茂林富邦9B購01  ,0,0,0,0,0,0,0,0,0,-111000,0,0,0,0,111000,-111000,-111000
064554,儒鴻群益9C購01  ,0,0,0,0,0,0,0,0,0,-111000,0,0,0,0,111000,-111000,-111000
062819,奇鋐兆豐9B購01  ,0,0,0,0,0,0,0,0,0,-111000,0,0,0,509000,620000,-111000,-111000
062883,智易兆豐9C購01  ,0,0,0,0,0,0,0,0,0,-111000,0,0,0,0,111000,-111000,-111000
063642,茂林元大9B購08  ,0,0,0,0,0,0,0,0,0,-111000,0,0,0,184000,295000,-111000,-111000
068223,京鼎統一03購02  ,0,0,0,0,0,0,0,0,0,-112000,0,0,0,13000,125000,-112000,-112000
068417,宏碁兆豐03購01  ,0,0,0,0,0,0,0,0,0,-112000,0,0,0,85000,197000,-112000,-112000
056346,聯茂凱基99購02  ,0,0,0,0,0,0,0,0,0,-112000,0,0,0,0,112000,-112000,-112000
062289,緯穎群益9B購01  ,0,0,0,0,0,0,0,0,0,-112000,0,0,0,1000,113000,-112000,-112000
064338,美食元大9C購01  ,0,0,0,0,0,0,0,0,0,-112000,0,0,0,0,112000,-112000,-112000
1718,中纖            ,356000,472000,-116000,0,0,0,0,0,0,4000,4000,0,4000,0,0,0,-112000
2852,第一保          ,0,112000,-112000,0,0,0,0,0,0,0,0,0,0,0,0,0,-112000
08537P,台光電國票01售03,0,0,0,0,0,0,0,0,0,-113000,0,0,0,0,113000,-113000,-113000
067137,健策永豐01購03  ,0,0,0,0,0,0,0,0,0,-113000,0,0,0,6000,119000,-113000,-113000
059014,SGBR2X元富03購01,0,0,0,0,0,0,0,0,0,-113000,0,0,0,2000,115000,-113000,-113000
058952,南茂群益99購01  ,0,0,0,0,0,0,0,0,0,-113000,0,0,0,50000,163000,-113000,-113000
057853,旺宏國票99購05  ,0,0,0,0,0,0,0,0,0,-113000,0,0,0,0,113000,-113000,-113000
064574,達方群益01購01  ,0,0,0,0,0,0,0,0,0,-113000,0,0,0,9000,122000,-113000,-113000
062332,大立光統一9B購11,0,0,0,0,0,0,0,0,0,-113000,0,0,0,10000,123000,-113000,-113000
066850,鎧勝元大01購03  ,0,0,0,0,0,0,0,0,0,-113000,0,0,0,204000,317000,-113000,-113000
063900,GIS群益9C購03   ,0,0,0,0,0,0,0,0,0,-113000,0,0,0,30000,143000,-113000,-113000
1710,東聯            ,143000,256000,-113000,0,0,0,0,0,0,0,0,0,0,0,0,0,-113000
058590,南電中信9A購02  ,0,0,0,0,0,0,0,0,0,-114000,0,0,0,0,114000,-114000,-114000
059925,可成國泰9B購01  ,0,0,0,0,0,0,0,0,0,-114000,0,0,0,4000,118000,-114000,-114000
059932,世紀鋼富邦9A購02,0,0,0,0,0,0,0,0,0,-114000,0,0,0,319000,433000,-114000,-114000
03451B,臺股指凱基9C熊23,0,0,0,0,0,0,0,0,0,-114000,0,0,0,532000,646000,-114000,-114000
00674R,元大S&P黃金反1  ,0,0,0,0,0,0,0,0,0,-114000,0,0,0,14000,128000,-114000,-114000
03175P,台積電國票03售04,0,0,0,0,0,0,0,0,0,-114000,0,0,0,0,114000,-114000,-114000
062511,台光電國票9B購02,0,0,0,0,0,0,0,0,0,-114000,0,0,0,20000,134000,-114000,-114000
061477,晶豪科元大9A購01,0,0,0,0,0,0,0,0,0,-114000,0,0,0,7000,121000,-114000,-114000
064845,華通元富9C購02  ,0,0,0,0,0,0,0,0,0,-114000,0,0,0,9000,123000,-114000,-114000
065493,T50反1富邦03購01,0,0,0,0,0,0,0,0,0,-114000,0,0,0,0,114000,-114000,-114000
2536,宏普            ,7000,28000,-21000,0,0,0,0,50000,-50000,-43000,0,43000,-43000,0,0,0,-114000
1217,愛之味          ,57000,171000,-114000,0,0,0,0,0,0,0,0,0,0,0,0,0,-114000
068036,緯創元富02購01  ,0,0,0,0,0,0,0,0,0,-115000,0,0,0,0,115000,-115000,-115000
08006P,長榮航中信03售01,0,0,0,0,0,0,0,0,0,-115000,0,0,0,35000,150000,-115000,-115000
061195,健策永豐9B購02  ,0,0,0,0,0,0,0,0,0,-115000,0,0,0,6000,121000,-115000,-115000
064530,康控中信9C購01  ,0,0,0,0,0,0,0,0,0,-115000,0,0,0,33000,148000,-115000,-115000
062968,仁寶元富9B購01  ,0,0,0,0,0,0,0,0,0,-115000,0,0,0,10000,125000,-115000,-115000
064781,嘉晶群益9C購04  ,0,0,0,0,0,0,0,0,0,-115000,0,0,0,1000,116000,-115000,-115000
063833,致新國票01購01  ,0,0,0,0,0,0,0,0,0,-115000,0,0,0,0,115000,-115000,-115000
066781,滬深2X中信04購01,0,0,0,0,0,0,0,0,0,-115000,0,0,0,641000,756000,-115000,-115000
066405,晶碩凱基01購01  ,0,0,0,0,0,0,0,0,0,-115000,0,0,0,45000,160000,-115000,-115000
066144,惠特群益01購02  ,0,0,0,0,0,0,0,0,0,-115000,0,0,0,26000,141000,-115000,-115000
066136,景碩群益01購02  ,0,0,0,0,0,0,0,0,0,-115000,0,0,0,17000,132000,-115000,-115000
2542,興富發          ,685613,803000,-117387,0,0,0,0,0,0,2000,2000,0,2000,0,0,0,-115387
067965,美律群益01購02  ,0,0,0,0,0,0,0,0,0,-116000,0,0,0,0,116000,-116000,-116000
00650L,FH香港正2       ,66000,66000,0,0,0,0,0,0,0,-116000,0,0,0,383000,499000,-116000,-116000
063444,金像電統一03購01,0,0,0,0,0,0,0,0,0,-116000,0,0,0,77000,193000,-116000,-116000
066408,致新凱基01購02  ,0,0,0,0,0,0,0,0,0,-116000,0,0,0,20000,136000,-116000,-116000
065456,義隆元富9C購03  ,0,0,0,0,0,0,0,0,0,-116000,0,0,0,80000,196000,-116000,-116000
066976,台達電群益01購01,0,0,0,0,0,0,0,0,0,-117000,0,0,0,360000,477000,-117000,-117000
058019,美律凱基99購04  ,0,0,0,0,0,0,0,0,0,-117000,0,0,0,0,117000,-117000,-117000
03084P,鴻海元大01售23  ,0,0,0,0,0,0,0,0,0,-117000,0,0,0,0,117000,-117000,-117000
063723,儒鴻元大9B購04  ,0,0,0,0,0,0,0,0,0,-117000,0,0,0,199000,316000,-117000,-117000
065572,泰碩群益01購01  ,0,0,0,0,0,0,0,0,0,-117000,0,0,0,77000,194000,-117000,-117000
067441,儒鴻國票02購01  ,0,25000,-25000,0,0,0,0,0,0,-93000,0,0,0,107000,200000,-93000,-118000
068363,世紀鋼凱基01購02,0,0,0,0,0,0,0,0,0,-118000,0,0,0,46000,164000,-118000,-118000
068496,景碩元大01購04  ,0,0,0,0,0,0,0,0,0,-118000,0,0,0,154000,272000,-118000,-118000
057959,欣興元大98購14  ,0,0,0,0,0,0,0,0,0,-118000,0,0,0,32000,150000,-118000,-118000
063436,儒鴻統一01購03  ,0,0,0,0,0,0,0,0,0,-118000,0,0,0,320000,438000,-118000,-118000
063765,上銀元富9B購09  ,0,0,0,0,0,0,0,0,0,-118000,0,0,0,187000,305000,-118000,-118000
064618,南亞科元大9C購04,0,0,0,0,0,0,0,0,0,-118000,0,0,0,0,118000,-118000,-118000
065474,旺宏元大9C購06  ,0,0,0,0,0,0,0,0,0,-118000,0,0,0,96000,214000,-118000,-118000
064625,健策元大01購02  ,0,0,0,0,0,0,0,0,0,-118000,0,0,0,587000,705000,-118000,-118000
065860,南電元大02購01  ,0,0,0,0,0,0,0,0,0,-118000,0,0,0,0,118000,-118000,-118000
06990P,康友元富99售03  ,0,0,0,0,0,0,0,0,0,-119000,0,0,0,30000,149000,-119000,-119000
068329,義隆元大01購07  ,0,0,0,0,0,0,0,0,0,-119000,0,0,0,125000,244000,-119000,-119000
068462,帆宣國票03購01  ,0,0,0,0,0,0,0,0,0,-119000,0,0,0,0,119000,-119000,-119000
06700P,臺股指統一99售05,0,0,0,0,0,0,0,0,0,-119000,0,0,0,1000,120000,-119000,-119000
067202,聚陽元大01購02  ,0,0,0,0,0,0,0,0,0,-119000,0,0,0,171000,290000,-119000,-119000
068255,鎧勝元大01購05  ,0,0,0,0,0,0,0,0,0,-119000,0,0,0,0,119000,-119000,-119000
061673,仁寶元大9B購01  ,0,0,0,0,0,0,0,0,0,-119000,0,0,0,9000,128000,-119000,-119000
065700,京元電群益9C購01,0,0,0,0,0,0,0,0,0,-119000,0,0,0,11000,130000,-119000,-119000
066170,聯陽凱基01購01  ,0,0,0,0,0,0,0,0,0,-119000,0,0,0,141000,260000,-119000,-119000
065455,金寶元富9C購01  ,0,0,0,0,0,0,0,0,0,-119000,0,0,0,0,119000,-119000,-119000
065067,億豐群益01購01  ,0,0,0,0,0,0,0,0,0,-119000,0,0,0,134000,253000,-119000,-119000
1460,宏遠            ,28000,148000,-120000,0,0,0,0,0,0,1000,1000,0,1000,0,0,0,-119000
07652P,臺股指中信9A售07,0,0,0,0,0,0,0,0,0,-120000,0,0,0,30000,150000,-120000,-120000
08412P,群創凱基01售03  ,0,0,0,0,0,0,0,0,0,-120000,0,0,0,20000,140000,-120000,-120000
058801,致伸元大99購01  ,0,0,0,0,0,0,0,0,0,-120000,0,0,0,14000,134000,-120000,-120000
03104P,大立光元富04售01,0,0,0,0,0,0,0,0,0,-120000,0,0,0,0,120000,-120000,-120000
057023,美律凱基99購02  ,0,0,0,0,0,0,0,0,0,-120000,0,0,0,0,120000,-120000,-120000
064498,可成元大01購03  ,0,0,0,0,0,0,0,0,0,-120000,0,0,0,180000,300000,-120000,-120000
064292,南茂元大01購01  ,0,0,0,0,0,0,0,0,0,-120000,0,0,0,80000,200000,-120000,-120000
060676,京元電元大9A購03,0,0,0,0,0,0,0,0,0,-120000,0,0,0,17000,137000,-120000,-120000
063779,華邦電永豐9B購01,0,0,0,0,0,0,0,0,0,-120000,0,0,0,68000,188000,-120000,-120000
063617,鴻海兆豐01購01  ,0,0,0,0,0,0,0,0,0,-120000,0,0,0,0,120000,-120000,-120000
061949,大立光群益9B購03,0,0,0,0,0,0,0,0,0,-120000,0,0,0,0,120000,-120000,-120000
062021,康控永豐9B購01  ,0,0,0,0,0,0,0,0,0,-120000,0,0,0,0,120000,-120000,-120000
062761,嘉晶凱基9C購01  ,0,0,0,0,0,0,0,0,0,-120000,0,0,0,34000,154000,-120000,-120000
062195,聚陽中信9C購01  ,0,0,0,0,0,0,0,0,0,-120000,0,0,0,63000,183000,-120000,-120000
062622,南電元大9B購03  ,0,0,0,0,0,0,0,0,0,-120000,0,0,0,7000,127000,-120000,-120000
065274,南茂元大9C購03  ,0,0,0,0,0,0,0,0,0,-120000,0,0,0,248000,368000,-120000,-120000
065229,友達凱基02購03  ,0,0,0,0,0,0,0,0,0,-120000,0,0,0,30000,150000,-120000,-120000
065864,光寶科群益9C購01,0,0,0,0,0,0,0,0,0,-120000,0,0,0,0,120000,-120000,-120000
066458,大毅統一02購02  ,0,0,0,0,0,0,0,0,0,-120000,0,0,0,0,120000,-120000,-120000
067721,義隆凱基01購06  ,0,0,0,0,0,0,0,0,0,-121000,0,0,0,71000,192000,-121000,-121000
067932,技嘉凱基01購01  ,0,0,0,0,0,0,0,0,0,-121000,0,0,0,60000,181000,-121000,-121000
067256,新唐國票02購01  ,0,0,0,0,0,0,0,0,0,-121000,0,0,0,43000,164000,-121000,-121000
056904,大立光元大99購05,0,0,0,0,0,0,0,0,0,-121000,0,0,0,0,121000,-121000,-121000
062721,美律凱基9B購02  ,0,0,0,0,0,0,0,0,0,-121000,0,0,0,2000,123000,-121000,-121000
065689,群創元富9C購04  ,0,0,0,0,0,0,0,0,0,-121000,0,0,0,0,121000,-121000,-121000
067461,晶碩永豐01購02  ,0,0,0,0,0,0,0,0,0,-122000,0,0,0,8000,130000,-122000,-122000
067633,致茂永豐01購02  ,0,0,0,0,0,0,0,0,0,-122000,0,0,0,88000,210000,-122000,-122000
059253,康控凱基9B購02  ,0,0,0,0,0,0,0,0,0,-122000,0,0,0,0,122000,-122000,-122000
058467,日月光中信9A購01,0,0,0,0,0,0,0,0,0,-122000,0,0,0,300000,422000,-122000,-122000
064576,世紀鋼群益01購01,0,0,0,0,0,0,0,0,0,-122000,0,0,0,64000,186000,-122000,-122000
065789,泰碩永豐9C購02  ,0,0,0,0,0,0,0,0,0,-122000,0,0,0,13000,135000,-122000,-122000
066950,義隆元大01購03  ,0,0,0,0,0,0,0,0,0,-122000,0,0,0,423000,545000,-122000,-122000
9946,三發地產        ,0,122000,-122000,0,0,0,0,0,0,0,0,0,0,0,0,0,-122000
068400,瑞昱元富07購02  ,0,0,0,0,0,0,0,0,0,-123000,0,0,0,18000,141000,-123000,-123000
00693U,街口S&P黃豆     ,0,0,0,0,0,0,0,0,0,-123000,0,0,0,1990000,2113000,-123000,-123000
056138,群創元大9B購01  ,0,0,0,0,0,0,0,0,0,-123000,0,0,0,0,123000,-123000,-123000
061599,元金反中信9C購01,0,0,0,0,0,0,0,0,0,-123000,0,0,0,0,123000,-123000,-123000
060788,嘉晶富邦9B購01  ,0,0,0,0,0,0,0,0,0,-123000,0,0,0,27000,150000,-123000,-123000
066070,金像電凱基01購03,0,0,0,0,0,0,0,0,0,-123000,0,0,0,12000,135000,-123000,-123000
065202,南電元富06購01  ,0,0,0,0,0,0,0,0,0,-123000,0,0,0,24000,147000,-123000,-123000
064200,華通兆豐01購01  ,0,0,0,0,0,0,0,0,0,-123000,0,0,0,16000,139000,-123000,-123000
08763P,健策永豐01售02  ,0,0,0,0,0,0,0,0,0,-124000,0,0,0,0,124000,-124000,-124000
058573,鴻海群益9A購02  ,0,0,0,0,0,0,0,0,0,-124000,0,0,0,0,124000,-124000,-124000
064461,致伸統一01購01  ,0,0,0,0,0,0,0,0,0,-124000,0,0,0,70000,194000,-124000,-124000
064556,華通群益02購02  ,0,0,0,0,0,0,0,0,0,-124000,0,0,0,45000,169000,-124000,-124000
064779,義隆群益9C購03  ,0,0,0,0,0,0,0,0,0,-124000,0,0,0,13000,137000,-124000,-124000
063846,智邦元大9C購01  ,0,0,0,0,0,0,0,0,0,-124000,0,0,0,37000,161000,-124000,-124000
065989,泰碩永豐01購01  ,0,0,0,0,0,0,0,0,0,-124000,0,0,0,99000,223000,-124000,-124000
065970,燿華元大02購01  ,0,0,0,0,0,0,0,0,0,-124000,0,0,0,15000,139000,-124000,-124000
066814,健鼎兆豐01購01  ,0,0,0,0,0,0,0,0,0,-124000,0,0,0,73000,197000,-124000,-124000
066469,申豐統一02購02  ,0,0,0,0,0,0,0,0,0,-124000,0,0,0,392000,516000,-124000,-124000
6141,柏承            ,30000,154000,-124000,0,0,0,0,0,0,0,0,0,0,0,0,0,-124000
068582,聯發科永豐01購04,0,0,0,0,0,0,0,0,0,-125000,0,0,0,0,125000,-125000,-125000
058276,道瓊指中信9C購01,0,0,0,0,0,0,0,0,0,-125000,0,0,0,0,125000,-125000,-125000
062644,中環國泰9C購01  ,0,0,0,0,0,0,0,0,0,-125000,0,0,0,237000,362000,-125000,-125000
063781,健策永豐9B購08  ,0,0,0,0,0,0,0,0,0,-125000,0,0,0,273000,398000,-125000,-125000
063657,茂林元富9B購04  ,0,0,0,0,0,0,0,0,0,-125000,0,0,0,1000,126000,-125000,-125000
06498P,臺股指元大9A售03,0,0,0,0,0,0,0,0,0,-125000,0,0,0,0,125000,-125000,-125000
2816,旺旺保          ,9000,134000,-125000,0,0,0,0,0,0,0,0,0,0,0,0,0,-125000
067829,鎧勝兆豐03購01  ,0,0,0,0,0,0,0,0,0,-126000,0,0,0,45000,171000,-126000,-126000
061974,光寶科元大9B購01,0,0,0,0,0,0,0,0,0,-126000,0,0,0,10000,136000,-126000,-126000
061990,台勝科元大9C購01,0,0,0,0,0,0,0,0,0,-126000,0,0,0,26000,152000,-126000,-126000
064486,聚陽元大9C購01  ,0,0,0,0,0,0,0,0,0,-126000,0,0,0,20000,146000,-126000,-126000
065072,和大元大9C購03  ,0,0,0,0,0,0,0,0,0,-126000,0,0,0,0,126000,-126000,-126000
063826,中興電國票01購01,0,0,0,0,0,0,0,0,0,-126000,0,0,0,83000,209000,-126000,-126000
063907,華通凱基9C購03  ,0,0,0,0,0,0,0,0,0,-126000,0,0,0,60000,186000,-126000,-126000
068161,智易元大01購02  ,0,0,0,0,0,0,0,0,0,-127000,0,0,0,36000,163000,-127000,-127000
08427P,義隆國票9C售01  ,0,0,0,0,0,0,0,0,0,-127000,0,0,0,0,127000,-127000,-127000
063519,聚陽凱基9B購02  ,0,0,0,0,0,0,0,0,0,-127000,0,0,0,2000,129000,-127000,-127000
03095P,國巨凱基02售07  ,0,0,0,0,0,0,0,0,0,-127000,0,0,0,16000,143000,-127000,-127000
03047P,矽創國票03售01  ,0,0,0,0,0,0,0,0,0,-127000,0,0,0,80000,207000,-127000,-127000
062775,大成鋼元大9B購02,0,0,0,0,0,0,0,0,0,-127000,0,0,0,372000,499000,-127000,-127000
063867,全新永豐9C購01  ,0,0,0,0,0,0,0,0,0,-127000,0,0,0,3000,130000,-127000,-127000
065605,義隆元大01購02  ,0,0,0,0,0,0,0,0,0,-127000,0,0,0,127000,254000,-127000,-127000
066418,京元電元大01購02,0,0,0,0,0,0,0,0,0,-127000,0,0,0,38000,165000,-127000,-127000
066377,健策兆豐01購02  ,0,0,0,0,0,0,0,0,0,-127000,0,0,0,115000,242000,-127000,-127000
066792,T50反1凱基01購03,0,0,0,0,0,0,0,0,0,-127000,0,0,0,152000,279000,-127000,-127000
065953,宏達電統一03購01,0,0,0,0,0,0,0,0,0,-127000,0,0,0,77000,204000,-127000,-127000
065751,台光電元大9C購06,0,0,0,0,0,0,0,0,0,-127000,0,0,0,47000,174000,-127000,-127000
066167,強茂凱基01購01  ,0,0,0,0,0,0,0,0,0,-127000,0,0,0,106000,233000,-127000,-127000
067936,泰碩凱基01購02  ,0,0,0,0,0,0,0,0,0,-128000,0,0,0,59000,187000,-128000,-128000
067726,帆宣凱基01購01  ,0,0,0,0,0,0,0,0,0,-128000,0,0,0,329000,457000,-128000,-128000
066091,南電永豐01購01  ,0,0,0,0,0,0,0,0,0,-128000,0,0,0,20000,148000,-128000,-128000
064171,燿華元富9C購01  ,0,0,0,0,0,0,0,0,0,-128000,0,0,0,20000,148000,-128000,-128000
1701,中化            ,221000,351000,-130000,0,0,0,0,0,0,2000,0,0,0,13000,11000,2000,-128000
068497,緯創元大01購05  ,0,0,0,0,0,0,0,0,0,-129000,0,0,0,12000,141000,-129000,-129000
03001P,玉晶光群益02售17,0,0,0,0,0,0,0,0,0,-129000,0,0,0,128000,257000,-129000,-129000
059097,世紀鋼元大99購05,0,0,0,0,0,0,0,0,0,-129000,0,0,0,462000,591000,-129000,-129000
062036,致新群益9B購01  ,0,0,0,0,0,0,0,0,0,-129000,0,0,0,26000,155000,-129000,-129000
061524,華通凱基9A購07  ,0,0,0,0,0,0,0,0,0,-129000,0,0,0,81000,210000,-129000,-129000
060632,可成富邦9B購01  ,0,0,0,0,0,0,0,0,0,-129000,0,0,0,10000,139000,-129000,-129000
066494,旺宏國泰03購01  ,0,0,0,0,0,0,0,0,0,-129000,0,0,0,1257000,1386000,-129000,-129000
068412,欣興台新01購01  ,0,0,0,0,0,0,0,0,0,-130000,0,0,0,14000,144000,-130000,-130000
07946P,華通統一9B售02  ,0,0,0,0,0,0,0,0,0,-130000,0,0,0,0,130000,-130000,-130000
07319P,台積電凱基01售02,0,0,0,0,0,0,0,0,0,-130000,0,0,0,43000,173000,-130000,-130000
067402,茂林永豐01購01  ,0,0,0,0,0,0,0,0,0,-130000,0,0,0,10000,140000,-130000,-130000
059952,旺宏康和99購01  ,0,0,0,0,0,0,0,0,0,-130000,0,0,0,30000,160000,-130000,-130000
054058,晶豪科國票98購01,0,0,0,0,0,0,0,0,0,-130000,0,0,0,0,130000,-130000,-130000
054819,裕民元大9A購01  ,0,0,0,0,0,0,0,0,0,-130000,0,0,0,0,130000,-130000,-130000
058769,友達兆豐99購01  ,0,0,0,0,0,0,0,0,0,-130000,0,0,0,0,130000,-130000,-130000
059644,茂林凱基99購03  ,0,0,0,0,0,0,0,0,0,-130000,0,0,0,0,130000,-130000,-130000
059559,T50反1凱基99購07,0,0,0,0,0,0,0,0,0,-130000,0,0,0,0,130000,-130000,-130000
061040,康友永豐9A購01  ,0,0,0,0,0,0,0,0,0,-130000,0,0,0,0,130000,-130000,-130000
066589,英業達群益01購01,0,0,0,0,0,0,0,0,0,-130000,0,0,0,50000,180000,-130000,-130000
066937,群創國票03購01  ,0,0,0,0,0,0,0,0,0,-130000,0,0,0,0,130000,-130000,-130000
066074,文曄凱基01購01  ,0,0,0,0,0,0,0,0,0,-130000,0,0,0,200000,330000,-130000,-130000
065780,國巨富邦03購02  ,0,0,0,0,0,0,0,0,0,-130000,0,0,0,21000,151000,-130000,-130000
065669,義隆凱基01購03  ,0,0,0,0,0,0,0,0,0,-130000,0,0,0,3000,133000,-130000,-130000
1809,中釉            ,27000,156000,-129000,0,0,0,0,0,0,-1000,0,1000,-1000,0,0,0,-130000
08951P,臺股指國票01售08,0,0,0,0,0,0,0,0,0,-130000,0,0,0,32000,162000,-130000,-130000
6166,凌華            ,51878,182000,-130122,0,0,0,0,0,0,0,0,1000,-1000,1000,0,1000,-130122
058675,康控群益9B購01  ,0,0,0,0,0,0,0,0,0,-131000,0,0,0,30000,161000,-131000,-131000
057840,健策富邦99購01  ,0,0,0,0,0,0,0,0,0,-131000,0,0,0,60000,191000,-131000,-131000
052328,台表科中信99購01,0,0,0,0,0,0,0,0,0,-131000,0,0,0,0,131000,-131000,-131000
064011,嘉晶國票9C購01  ,0,0,0,0,0,0,0,0,0,-131000,0,0,0,0,131000,-131000,-131000
062060,奇鋐統一9C購01  ,0,0,0,0,0,0,0,0,0,-131000,0,0,0,5000,136000,-131000,-131000
065054,百和凱基02購01  ,0,0,0,0,0,0,0,0,0,-131000,0,0,0,86000,217000,-131000,-131000
08606P,聯發科國票9C售05,0,0,0,0,0,0,0,0,0,-132000,0,0,0,747000,879000,-132000,-132000
065432,景碩凱基9C購03  ,0,0,0,0,0,0,0,0,0,-132000,0,0,0,38000,170000,-132000,-132000
065956,緯創統一01購01  ,0,0,0,0,0,0,0,0,0,-132000,0,0,0,10000,142000,-132000,-132000
066420,宏達電元大02購01,0,0,0,0,0,0,0,0,0,-132000,0,0,0,70000,202000,-132000,-132000
068386,台達電統一03購02,0,0,0,0,0,0,0,0,0,-133000,0,0,0,95000,228000,-133000,-133000
066991,訊芯群益01購01  ,0,0,0,0,0,0,0,0,0,-133000,0,0,0,106000,239000,-133000,-133000
03009P,玉晶光凱基01售08,0,0,0,0,0,0,0,0,0,-133000,0,0,0,54000,187000,-133000,-133000
058356,華邦電凱基99購01,0,0,0,0,0,0,0,0,0,-133000,0,0,0,30000,163000,-133000,-133000
062944,茂林凱基9B購02  ,0,0,0,0,0,0,0,0,0,-133000,0,0,0,0,133000,-133000,-133000
066297,美利達元大01購01,0,0,0,0,0,0,0,0,0,-133000,0,0,0,60000,193000,-133000,-133000
065433,緯創凱基9C購01  ,0,0,0,0,0,0,0,0,0,-133000,0,0,0,101000,234000,-133000,-133000
067448,華碩國票01購01  ,0,0,0,0,0,0,0,0,0,-134000,0,0,0,0,134000,-134000,-134000
062422,億光統一01購01  ,0,0,0,0,0,0,0,0,0,-134000,0,0,0,450000,584000,-134000,-134000
066861,致新國票02購01  ,0,0,0,0,0,0,0,0,0,-134000,0,0,0,0,134000,-134000,-134000
4977,眾達-KY         ,75000,190000,-115000,0,0,0,0,0,0,-19000,0,1000,-1000,2000,20000,-18000,-134000
067497,康控元大01購04  ,0,0,0,0,0,0,0,0,0,-135000,0,0,0,284000,419000,-135000,-135000
067972,玉晶光群益02購22,0,0,0,0,0,0,0,0,0,-135000,0,0,0,0,135000,-135000,-135000
067998,聯發科元大01購22,20000,0,20000,0,0,0,0,0,0,-155000,0,0,0,8000,163000,-155000,-135000
055032,億光富邦99購01  ,0,0,0,0,0,0,0,0,0,-135000,0,0,0,20000,155000,-135000,-135000
061687,大成鋼群益9A購01,0,0,0,0,0,0,0,0,0,-135000,0,0,0,172000,307000,-135000,-135000
066242,惠特富邦03購01  ,0,0,0,0,0,0,0,0,0,-135000,0,0,0,0,135000,-135000,-135000
066097,英業達中信02購01,0,0,0,0,0,0,0,0,0,-135000,0,0,0,18000,153000,-135000,-135000
066104,鎧勝國票02購01  ,0,0,0,0,0,0,0,0,0,-135000,0,0,0,0,135000,-135000,-135000
061069,嘉聯益凱基9A購01,0,0,0,0,0,0,0,0,0,-136000,0,0,0,14000,150000,-136000,-136000
064617,台光電元大01購01,0,0,0,0,0,0,0,0,0,-136000,0,0,0,92000,228000,-136000,-136000
065673,嘉晶凱基01購02  ,0,0,0,0,0,0,0,0,0,-136000,0,0,0,12000,148000,-136000,-136000
066617,鎧勝康和01購01  ,0,0,0,0,0,0,0,0,0,-136000,0,0,0,21000,157000,-136000,-136000
067388,聯發科元富07購03,0,0,0,0,0,0,0,0,0,-137000,0,0,0,657000,794000,-137000,-137000
063030,華通凱基9B購03  ,0,0,0,0,0,0,0,0,0,-137000,0,0,0,78000,215000,-137000,-137000
062076,美律元大9B購02  ,0,0,0,0,0,0,0,0,0,-137000,0,0,0,0,137000,-137000,-137000
063973,緯穎國票9C購01  ,0,0,0,0,0,0,0,0,0,-137000,0,0,0,2000,139000,-137000,-137000
067265,巨大國票02購01  ,0,0,0,0,0,0,0,0,0,-138000,0,0,0,24000,162000,-138000,-138000
062012,燿華富邦9C購01  ,0,0,0,0,0,0,0,0,0,-138000,0,0,0,76000,214000,-138000,-138000
061072,南電凱基9B購01  ,0,0,0,0,0,0,0,0,0,-138000,0,0,0,26000,164000,-138000,-138000
065505,健鼎永豐9C購01  ,0,0,0,0,0,0,0,0,0,-138000,0,0,0,0,138000,-138000,-138000
065058,東元群益9C購01  ,0,0,0,0,0,0,0,0,0,-138000,0,0,0,0,138000,-138000,-138000
065097,貿聯元大9C購04  ,0,0,0,0,0,0,0,0,0,-138000,0,0,0,194000,332000,-138000,-138000
065245,國泰金兆豐9C購01,0,0,0,0,0,0,0,0,0,-138000,0,0,0,22000,160000,-138000,-138000
065852,創意元大9C購06  ,0,0,0,0,0,0,0,0,0,-138000,0,0,0,28000,166000,-138000,-138000
065854,臻鼎元大9C購05  ,0,0,0,0,0,0,0,0,0,-138000,0,0,0,40000,178000,-138000,-138000
061713,華邦電凱基9A購01,0,0,0,0,0,0,0,0,0,-139000,0,0,0,70000,209000,-139000,-139000
066949,聯發科元大01購17,0,0,0,0,0,0,0,0,0,-139000,0,0,0,402000,541000,-139000,-139000
6531,愛普            ,1121000,1260000,-139000,0,0,0,0,0,0,0,5000,5000,0,0,0,0,-139000
067590,茂林群益01購01  ,0,0,0,0,0,0,0,0,0,-140000,0,0,0,0,140000,-140000,-140000
068427,儒鴻凱基01購01  ,0,0,0,0,0,0,0,0,0,-140000,0,0,0,2000,142000,-140000,-140000
08199P,大毅元大9B售02  ,0,0,0,0,0,0,0,0,0,-140000,0,0,0,110000,250000,-140000,-140000
057286,群創元大9B購05  ,0,0,0,0,0,0,0,0,0,-140000,0,0,0,10000,150000,-140000,-140000
063354,茂林元富9B購02  ,0,0,0,0,0,0,0,0,0,-140000,0,0,0,80000,220000,-140000,-140000
058275,S&P500中信9B購01,0,0,0,0,0,0,0,0,0,-140000,0,0,0,0,140000,-140000,-140000
060824,旺宏元大9A購06  ,0,0,0,0,0,0,0,0,0,-140000,0,0,0,53000,193000,-140000,-140000
061491,嘉聯益兆豐9B購01,0,0,0,0,0,0,0,0,0,-140000,0,0,0,142000,282000,-140000,-140000
063072,裕隆永豐9B購01  ,0,0,0,0,0,0,0,0,0,-140000,0,0,0,281000,421000,-140000,-140000
062598,華通台新9B購02  ,0,0,0,0,0,0,0,0,0,-140000,0,0,0,20000,160000,-140000,-140000
065025,健策永豐9C購02  ,0,0,0,0,0,0,0,0,0,-140000,0,0,0,16000,156000,-140000,-140000
065579,南茂群益9C購02  ,0,0,0,0,0,0,0,0,0,-140000,0,0,0,30000,170000,-140000,-140000
065372,漢唐元大9C購02  ,0,0,0,0,0,0,0,0,0,-140000,0,0,0,0,140000,-140000,-140000
059187,國巨富邦9B購02  ,0,0,0,0,0,0,0,0,0,-141000,0,0,0,69000,210000,-141000,-141000
062878,宏達電兆豐9B購01,0,0,0,0,0,0,0,0,0,-141000,0,0,0,100000,241000,-141000,-141000
061044,世紀鋼永豐9A購02,0,0,0,0,0,0,0,0,0,-141000,0,0,0,58000,199000,-141000,-141000
063802,南茂凱基9C購01  ,0,0,0,0,0,0,0,0,0,-141000,0,0,0,88000,229000,-141000,-141000
064214,群創凱基03購01  ,0,0,0,0,0,0,0,0,0,-141000,0,0,0,41000,182000,-141000,-141000
065710,嘉聯益群益9C購02,0,0,0,0,0,0,0,0,0,-141000,0,0,0,33000,174000,-141000,-141000
08158P,嘉澤元富9B售03  ,0,0,0,0,0,0,0,0,0,-142000,0,0,0,50000,192000,-142000,-142000
08534P,玉晶光元富06售02,0,0,0,0,0,0,0,0,0,-142000,0,0,0,135000,277000,-142000,-142000
068028,國巨元富07購12  ,0,0,0,0,0,0,0,0,0,-142000,0,0,0,0,142000,-142000,-142000
058947,SGBR2X群益9B購02,0,0,0,0,0,0,0,0,0,-142000,0,0,0,170000,312000,-142000,-142000
03062P,世紀鋼凱基02售02,0,0,0,0,0,0,0,0,0,-142000,0,0,0,50000,192000,-142000,-142000
062398,建準永豐9B購01  ,0,0,0,0,0,0,0,0,0,-142000,0,0,0,103000,245000,-142000,-142000
063739,台勝科元大9B購03,0,0,0,0,0,0,0,0,0,-142000,0,0,0,12000,154000,-142000,-142000
068424,台灣50凱基04購11,0,0,0,0,0,0,0,0,0,-143000,0,0,0,0,143000,-143000,-143000
062801,宏達電統一01購01,0,0,0,0,0,0,0,0,0,-143000,0,0,0,76000,219000,-143000,-143000
064532,聯茂兆豐01購01  ,0,0,0,0,0,0,0,0,0,-143000,0,0,0,2000,145000,-143000,-143000
066635,敦泰凱基01購01  ,0,0,0,0,0,0,0,0,0,-143000,0,0,0,0,143000,-143000,-143000
07466P,亞德客元大9A售02,0,0,0,0,0,0,0,0,0,-144000,0,0,0,97000,241000,-144000,-144000
08493P,嘉澤元大9C售01  ,0,0,0,0,0,0,0,0,0,-144000,0,0,0,0,144000,-144000,-144000
08616P,聯發科元富9C售02,0,0,0,0,0,0,0,0,0,-144000,0,0,0,1000,145000,-144000,-144000
067591,聚陽凱基02購02  ,0,0,0,0,0,0,0,0,0,-144000,0,0,0,73000,217000,-144000,-144000
064473,技嘉麥證9C購01  ,0,0,0,41000,169000,-128000,0,0,0,-144000,0,0,0,41000,185000,-144000,-144000
062986,T50反1中信02購01,0,0,0,0,0,0,0,0,0,-144000,0,0,0,1617000,1761000,-144000,-144000
063784,華通中信06購01  ,0,0,0,0,0,0,0,0,0,-144000,0,0,0,58000,202000,-144000,-144000
064768,仁寶中信03購01  ,0,0,0,0,0,0,0,0,0,-144000,0,0,0,25000,169000,-144000,-144000
08685P,南電凱基01售03  ,0,0,0,0,0,0,0,0,0,-145000,0,0,0,600000,745000,-145000,-145000
055022,精元國泰99購01  ,0,0,0,0,0,0,0,0,0,-145000,0,0,0,199000,344000,-145000,-145000
057690,美律凱基99購03  ,0,0,0,0,0,0,0,0,0,-145000,0,0,0,0,145000,-145000,-145000
062454,華通群益9C購03  ,0,0,0,0,0,0,0,0,0,-145000,0,0,0,73000,218000,-145000,-145000
6591,動力-KY         ,87000,232000,-145000,0,0,0,0,0,0,0,0,0,0,0,0,0,-145000
057544,鴻海凱基02購01  ,0,0,0,0,0,0,0,0,0,-146000,0,0,0,484000,630000,-146000,-146000
058699,楠梓電元大99購02,0,0,0,0,0,0,0,0,0,-146000,0,0,0,0,146000,-146000,-146000
03181P,台灣50元大01售40,0,0,0,0,0,0,0,0,0,-146000,0,0,0,0,146000,-146000,-146000
0052,富邦科技        ,4000,8000,-4000,0,0,0,0,0,0,-142000,0,0,0,168000,310000,-142000,-146000
061873,友達元大9C購07  ,0,0,0,0,0,0,0,0,0,-146000,0,0,0,94000,240000,-146000,-146000
066543,大成鋼元大01購02,0,0,0,0,0,0,0,0,0,-146000,0,0,0,81000,227000,-146000,-146000
2390,云辰            ,470000,616000,-146000,0,0,0,0,0,0,0,0,0,0,0,0,0,-146000
07720P,臺股指群益9A售09,0,0,0,0,0,0,0,0,0,-147000,0,0,0,0,147000,-147000,-147000
067627,中興電永豐01購01,0,0,0,0,0,0,0,0,0,-147000,0,0,0,12000,159000,-147000,-147000
063384,巨大永豐9B購04  ,0,0,0,0,0,0,0,0,0,-147000,0,0,0,5000,152000,-147000,-147000
066868,聯發科元富07購01,0,0,0,0,0,0,0,0,0,-147000,0,0,0,107000,254000,-147000,-147000
065778,南亞科國泰01購01,0,0,0,0,0,0,0,0,0,-147000,0,0,0,6000,153000,-147000,-147000
065794,麗豐永豐9C購01  ,0,0,0,0,0,0,0,0,0,-147000,0,0,0,355000,502000,-147000,-147000
068445,精成科凱基01購01,0,0,0,0,0,0,0,0,0,-148000,0,0,0,0,148000,-148000,-148000
068401,瑞昱元富07購03  ,0,0,0,0,0,0,0,0,0,-148000,0,0,0,20000,168000,-148000,-148000
063383,億豐永豐9B購02  ,0,0,0,0,0,0,0,0,0,-148000,0,0,0,348000,496000,-148000,-148000
057812,友達元大9A購05  ,0,0,0,0,0,0,0,0,0,-148000,0,0,0,349000,497000,-148000,-148000
062026,華邦電群益9B購01,0,0,0,0,0,0,0,0,0,-148000,0,0,0,20000,168000,-148000,-148000
065558,嘉聯益凱基9C購02,0,0,0,0,0,0,0,0,0,-148000,0,0,0,7000,155000,-148000,-148000
6715,嘉基            ,34000,94000,-60000,0,0,0,0,0,0,-88000,0,51000,-51000,7000,44000,-37000,-148000
068569,健策元大01購13  ,0,0,0,0,0,0,0,0,0,-149000,0,0,0,153000,302000,-149000,-149000
067345,美利達凱基02購01,0,0,0,0,0,0,0,0,0,-149000,0,0,0,101000,250000,-149000,-149000
062590,亞光統一9B購01  ,0,0,0,0,0,0,0,0,0,-149000,0,0,0,72000,221000,-149000,-149000
060417,正隆永豐9A購01  ,0,0,0,0,0,0,0,0,0,-149000,0,0,0,0,149000,-149000,-149000
065589,景碩永豐9C購02  ,0,0,0,0,0,0,0,0,0,-149000,0,0,0,42000,191000,-149000,-149000
066629,國揚凱基01購01  ,0,0,0,0,0,0,0,0,0,-149000,0,0,0,273000,422000,-149000,-149000
2911,麗嬰房          ,1000,150000,-149000,0,0,0,0,0,0,0,0,0,0,0,0,0,-149000
067302,聯發科元大01購20,0,0,0,0,0,0,0,0,0,-150000,0,0,0,402000,552000,-150000,-150000
067786,緯創群益04購01  ,0,0,0,0,0,0,0,0,0,-150000,0,0,0,129000,279000,-150000,-150000
067996,南亞科元大01購02,0,0,0,0,0,0,0,0,0,-150000,0,0,0,0,150000,-150000,-150000
067950,元金2X永豐01購02,0,0,0,0,0,0,0,0,0,-150000,0,0,0,0,150000,-150000,-150000
07014P,華通元大99售04  ,0,0,0,0,0,0,0,0,0,-150000,0,0,0,0,150000,-150000,-150000
08695P,嘉晶群益01售01  ,0,0,0,0,0,0,0,0,0,-150000,0,0,0,50000,200000,-150000,-150000
07999P,台達電凱基9B售02,0,0,0,0,0,0,0,0,0,-150000,0,0,0,0,150000,-150000,-150000
054827,宏全元大9A購01  ,0,0,0,0,0,0,0,0,0,-150000,0,0,0,0,150000,-150000,-150000
054977,SP黃豆元富9B購01,0,0,0,0,0,0,0,0,0,-150000,0,0,0,0,150000,-150000,-150000
062187,台勝科元大9B購02,0,0,0,0,0,0,0,0,0,-150000,0,0,0,0,150000,-150000,-150000
063080,裕隆凱基9B購01  ,0,0,0,0,0,0,0,0,0,-150000,0,0,0,248000,398000,-150000,-150000
062754,台勝科麥證9B購01,0,0,0,0,150000,-150000,0,0,0,-150000,0,0,0,0,150000,-150000,-150000
061986,晶豪科元大9B購01,0,0,0,0,0,0,0,0,0,-150000,0,0,0,0,150000,-150000,-150000
061872,友達元大9C購06  ,0,0,0,0,0,0,0,0,0,-150000,0,0,0,0,150000,-150000,-150000
063637,聯發科元大9C購02,0,0,0,0,0,0,0,0,0,-150000,0,0,0,0,150000,-150000,-150000
066456,全新統一02購01  ,0,0,0,0,0,0,0,0,0,-150000,0,0,0,0,150000,-150000,-150000
065846,華新科元大03購01,0,0,0,0,0,0,0,0,0,-150000,0,0,0,51000,201000,-150000,-150000
065662,台勝科永豐9C購01,0,0,0,0,0,0,0,0,0,-150000,0,0,0,0,150000,-150000,-150000
064942,道瓊反凱基02購01,0,0,0,0,0,0,0,0,0,-150000,0,0,0,0,150000,-150000,-150000
064646,群創凱基02購01  ,0,0,0,0,0,0,0,0,0,-150000,0,0,0,25000,175000,-150000,-150000
053361,友達元富99購01  ,0,0,0,0,0,0,0,0,0,-151000,0,0,0,0,151000,-151000,-151000
064827,友達統一02購02  ,0,0,0,0,0,0,0,0,0,-151000,0,0,0,0,151000,-151000,-151000
066342,上緯控永豐01購01,0,0,0,0,0,0,0,0,0,-151000,0,0,0,88000,239000,-151000,-151000
2107,厚生            ,241000,276000,-35000,0,0,0,0,0,0,-116000,0,116000,-116000,0,0,0,-151000
08172P,台積電凱基03售02,0,0,0,0,0,0,0,0,0,-152000,0,0,0,14000,166000,-152000,-152000
061207,美律元大9A購04  ,0,0,0,0,0,0,0,0,0,-152000,0,0,0,8000,160000,-152000,-152000
066636,健策凱基01購02  ,0,0,0,0,0,0,0,0,0,-152000,0,0,0,110000,262000,-152000,-152000
065742,宏達電麥證9C購01,0,0,0,34000,267000,-233000,0,0,0,-152000,0,0,0,115000,267000,-152000,-152000
063865,旺宏永豐9C購01  ,0,0,0,0,0,0,0,0,0,-152000,0,0,0,1000,153000,-152000,-152000
065053,南電凱基02購01  ,0,0,0,0,0,0,0,0,0,-152000,0,0,0,11000,163000,-152000,-152000
2441,超豐            ,633000,797000,-164000,0,0,0,0,1000,-1000,13000,25000,3000,22000,0,9000,-9000,-152000
1444,力麗            ,153000,305000,-152000,0,0,0,0,0,0,0,0,0,0,0,0,0,-152000
067810,聯發科凱基02購06,0,0,0,0,0,0,0,0,0,-153000,0,0,0,3000,156000,-153000,-153000
058069,美律凱基99購05  ,0,0,0,0,0,0,0,0,0,-153000,0,0,0,1000,154000,-153000,-153000
066050,亞光元大01購01  ,0,0,0,0,0,0,0,0,0,-153000,0,0,0,130000,283000,-153000,-153000
2476,鉅祥            ,3000,156000,-153000,0,0,0,0,0,0,0,0,0,0,0,0,0,-153000
03055P,台積電康和01售02,0,0,0,0,0,0,0,0,0,-154000,0,0,0,156000,310000,-154000,-154000
063570,嘉晶元大9C購02  ,0,0,0,0,0,0,0,0,0,-154000,0,0,0,36000,190000,-154000,-154000
062768,南電凱基9B購04  ,0,0,0,0,0,0,0,0,0,-154000,0,0,0,11000,165000,-154000,-154000
061532,和大統一9C購02  ,0,0,0,0,0,0,0,0,0,-154000,0,0,0,134000,288000,-154000,-154000
066871,台表科元富07購01,0,0,0,0,0,0,0,0,0,-154000,0,0,0,11000,165000,-154000,-154000
065542,緯穎統一01購05  ,0,0,0,0,0,0,0,0,0,-154000,0,0,0,0,154000,-154000,-154000
8028,昇陽半導體      ,63000,167000,-104000,0,0,0,0,0,0,-50000,2000,51000,-49000,0,1000,-1000,-154000
066990,啟碁群益01購01  ,0,0,0,0,0,0,0,0,0,-155000,0,0,0,24000,179000,-155000,-155000
08118P,嘉澤元富9B售02  ,0,0,0,0,0,0,0,0,0,-155000,0,0,0,45000,200000,-155000,-155000
08737P,聯詠凱基01售01  ,0,0,0,0,0,0,0,0,0,-155000,0,0,0,0,155000,-155000,-155000
08740P,創意康和01售03  ,0,0,0,0,0,0,0,0,0,-155000,0,0,0,230000,385000,-155000,-155000
07917P,可成永豐9B售01  ,0,0,0,0,0,0,0,0,0,-155000,0,0,0,0,155000,-155000,-155000
057486,美律元大98購04  ,0,0,0,0,0,0,0,0,0,-155000,0,0,0,20000,175000,-155000,-155000
065006,景碩國票01購01  ,0,0,0,0,0,0,0,0,0,-155000,0,0,0,31000,186000,-155000,-155000
064816,訊芯元大9C購01  ,0,0,0,0,0,0,0,0,0,-155000,0,0,0,177000,332000,-155000,-155000
066422,嘉晶元大02購01  ,0,0,0,0,0,0,0,0,0,-155000,0,0,0,3000,158000,-155000,-155000
066185,松翰凱基01購01  ,0,0,0,0,0,0,0,0,0,-155000,0,0,0,53000,208000,-155000,-155000
08832P,台表科群益01售01,0,0,0,0,0,0,0,0,0,-155000,0,0,0,5000,160000,-155000,-155000
057969,緯穎國泰99購01  ,0,0,0,0,0,0,0,0,0,-156000,0,0,0,41000,197000,-156000,-156000
063999,日月光兆豐9C購01,0,0,0,0,0,0,0,0,0,-156000,0,0,0,158000,314000,-156000,-156000
063369,聚陽永豐9B購01  ,0,0,0,0,0,0,0,0,0,-157000,0,0,0,156000,313000,-157000,-157000
062119,世紀鋼中信9B購01,0,0,0,0,0,0,0,0,0,-157000,0,0,0,0,157000,-157000,-157000
063202,南亞科統一9C購02,0,0,0,0,0,0,0,0,0,-157000,0,0,0,0,157000,-157000,-157000
062678,華通統一9C購04  ,0,0,0,0,0,0,0,0,0,-157000,0,0,0,51000,208000,-157000,-157000
066789,聯詠麥證01購01  ,0,0,0,76000,233000,-157000,0,0,0,-157000,0,0,0,76000,233000,-157000,-157000
065470,聚陽元大01購01  ,0,0,0,0,0,0,0,0,0,-157000,0,0,0,50000,207000,-157000,-157000
068389,美律統一03購03  ,0,0,0,0,0,0,0,0,0,-158000,0,0,0,0,158000,-158000,-158000
067940,健策凱基01購04  ,0,0,0,0,0,0,0,0,0,-158000,0,0,0,115000,273000,-158000,-158000
059867,華邦電凱基99購02,0,0,0,0,0,0,0,0,0,-158000,0,0,0,0,158000,-158000,-158000
062235,億光凱基9B購01  ,0,0,0,0,0,0,0,0,0,-158000,0,0,0,48000,206000,-158000,-158000
064167,緯穎統一01購03  ,0,0,0,0,0,0,0,0,0,-158000,0,0,0,8000,166000,-158000,-158000
064398,聚陽凱基01購01  ,0,0,0,0,0,0,0,0,0,-159000,0,0,0,62000,221000,-159000,-159000
066731,瑞昱元大01購01  ,0,0,0,0,0,0,0,0,0,-159000,0,0,0,295000,454000,-159000,-159000
067421,華邦電凱基01購02,0,0,0,0,0,0,0,0,0,-160000,0,0,0,12000,172000,-160000,-160000
07300P,臺股指元大9A售33,0,0,0,0,0,0,0,0,0,-160000,0,0,0,0,160000,-160000,-160000
08734P,創意康和01售02  ,0,0,0,0,0,0,0,0,0,-160000,0,0,0,50000,210000,-160000,-160000
058270,上緯控永豐99購01,0,0,0,0,0,0,0,0,0,-160000,0,0,0,83000,243000,-160000,-160000
059295,大立光元富99購05,0,0,0,0,0,0,0,0,0,-160000,0,0,0,1000,161000,-160000,-160000
066840,臺指反元大04購05,0,0,0,0,0,0,0,0,0,-160000,0,0,0,0,160000,-160000,-160000
066219,惠特元富01購01  ,0,0,0,0,0,0,0,0,0,-160000,0,0,0,60000,220000,-160000,-160000
3257,虹冠電          ,114000,274000,-160000,0,0,0,0,0,0,0,0,0,0,0,0,0,-160000
067948,群創國泰03購01  ,0,0,0,0,0,0,0,0,0,-161000,0,0,0,426000,587000,-161000,-161000
057446,旺宏元富02購01  ,0,0,0,0,0,0,0,0,0,-161000,0,0,0,10000,171000,-161000,-161000
056411,緯穎國票99購01  ,0,0,0,0,0,0,0,0,0,-161000,0,0,0,0,161000,-161000,-161000
059949,啟碁永豐99購01  ,0,0,0,0,0,0,0,0,0,-161000,0,0,0,128000,289000,-161000,-161000
060008,華邦電群益9A購01,0,0,0,0,0,0,0,0,0,-161000,0,0,0,0,161000,-161000,-161000
064343,健鼎元大9C購01  ,0,0,0,0,0,0,0,0,0,-161000,0,0,0,12000,173000,-161000,-161000
063799,華邦電凱基9C購02,0,0,0,0,0,0,0,0,0,-161000,0,0,0,0,161000,-161000,-161000
062922,南六元大9B購03  ,0,0,0,0,0,0,0,0,0,-161000,0,0,0,75000,236000,-161000,-161000
065705,嘉晶群益9C購05  ,0,0,0,0,0,0,0,0,0,-161000,0,0,0,1000,162000,-161000,-161000
066541,南電兆豐01購02  ,0,0,0,0,0,0,0,0,0,-161000,0,0,0,0,161000,-161000,-161000
065387,台光電兆豐9C購02,0,0,0,0,0,0,0,0,0,-161000,0,0,0,150000,311000,-161000,-161000
8112,至上            ,452000,611015,-159015,0,0,0,0,0,0,-2000,0,2000,-2000,0,0,0,-161015
062297,億豐永豐9B購01  ,0,0,0,0,0,0,0,0,0,-162000,0,0,0,166000,328000,-162000,-162000
063214,康控國票9C購01  ,0,0,0,0,0,0,0,0,0,-162000,0,0,0,20000,182000,-162000,-162000
064835,嘉晶統一02購01  ,0,0,0,0,0,0,0,0,0,-162000,0,0,0,23000,185000,-162000,-162000
066604,台郡富邦04購01  ,0,0,0,0,0,0,0,0,0,-162000,0,0,0,67000,229000,-162000,-162000
08952P,台積電元富07售08,0,0,0,0,0,0,0,0,0,-162000,0,0,0,48000,210000,-162000,-162000
2105,正新            ,731561,1560000,-828439,0,0,0,655000,3000,652000,14000,14000,0,14000,0,0,0,-162439
05755P,臺股指中信99售04,0,0,0,0,0,0,0,0,0,-163000,0,0,0,244000,407000,-163000,-163000
064810,嘉晶元大01購01  ,0,0,0,0,0,0,0,0,0,-163000,0,0,0,8000,171000,-163000,-163000
065254,大成鋼元大9C購01,0,0,0,0,0,0,0,0,0,-163000,0,0,0,150000,313000,-163000,-163000
2228,劍麟            ,41000,160000,-119000,0,0,0,0,38000,-38000,-6000,0,0,0,0,6000,-6000,-163000
063356,台表科元富02購01,0,0,0,0,0,0,0,0,0,-164000,0,0,0,0,164000,-164000,-164000
058296,明泰凱基99購01  ,0,0,0,0,0,0,0,0,0,-164000,0,0,0,0,164000,-164000,-164000
066548,燿華元大02購02  ,0,0,0,0,0,0,0,0,0,-164000,0,0,0,39000,203000,-164000,-164000
4536,拓凱            ,182000,242000,-60000,0,0,0,10000,30000,-20000,-84000,6000,51000,-45000,6000,45000,-39000,-164000
3665,貿聯-KY         ,93000,259000,-166000,0,0,0,0,1000,-1000,3000,5000,1000,4000,19000,20000,-1000,-164000
066986,健策群益02購02  ,0,0,0,0,0,0,0,0,0,-165000,0,0,0,12000,177000,-165000,-165000
068397,世紀鋼統一03購01,0,0,0,0,0,0,0,0,0,-165000,0,0,0,9000,174000,-165000,-165000
063187,全新凱基9B購02  ,0,0,0,0,0,0,0,0,0,-165000,0,0,0,3000,168000,-165000,-165000
064587,泰碩永豐9C購01  ,0,0,0,0,0,0,0,0,0,-165000,0,0,0,0,165000,-165000,-165000
068288,長榮航群益01購02,0,0,0,0,0,0,0,0,0,-166000,0,0,0,36000,202000,-166000,-166000
067340,欣興凱基02購02  ,0,0,0,0,0,0,0,0,0,-166000,0,0,0,52000,218000,-166000,-166000
067688,南六元大01購06  ,0,0,0,0,0,0,0,0,0,-166000,0,0,0,113000,279000,-166000,-166000
058977,SGBR2X凱基03購01,0,0,0,0,0,0,0,0,0,-166000,0,0,0,0,166000,-166000,-166000
057397,茂林中信9A購01  ,0,0,0,0,0,0,0,0,0,-166000,0,0,0,0,166000,-166000,-166000
066349,聚碩永豐01購01  ,0,0,0,0,0,0,0,0,0,-166000,0,0,0,55000,221000,-166000,-166000
066903,中興電凱基01購01,0,0,0,0,0,0,0,0,0,-166000,0,0,0,140000,306000,-166000,-166000
064160,新日興統一01購03,0,0,0,0,0,0,0,0,0,-166000,0,0,0,0,166000,-166000,-166000
07576P,可成元大9A售01  ,0,0,0,0,0,0,0,0,0,-167000,0,0,0,0,167000,-167000,-167000
064614,友訊元大9C購02  ,0,0,0,0,0,0,0,0,0,-167000,0,0,0,93000,260000,-167000,-167000
064350,茂林元大01購01  ,0,0,0,0,0,0,0,0,0,-167000,0,0,0,78000,245000,-167000,-167000
063207,聯茂統一01購01  ,0,0,0,0,0,0,0,0,0,-167000,0,0,0,0,167000,-167000,-167000
062406,臻鼎永豐9B購01  ,0,0,0,0,0,0,0,0,0,-167000,0,0,0,88000,255000,-167000,-167000
062156,美律凱基9B購01  ,0,0,0,0,0,0,0,0,0,-167000,0,0,0,0,167000,-167000,-167000
065264,亞光元大9C購02  ,0,0,0,0,0,0,0,0,0,-167000,0,0,0,50000,217000,-167000,-167000
066348,松翰永豐01購01  ,0,0,0,0,0,0,0,0,0,-167000,0,0,0,221000,388000,-167000,-167000
068482,光寶科元大01購01,0,0,0,0,0,0,0,0,0,-168000,0,0,0,0,168000,-168000,-168000
062433,上銀元大9B購05  ,0,0,0,0,0,0,0,0,0,-168000,0,0,0,32000,200000,-168000,-168000
066047,嘉晶元大01購04  ,0,0,0,0,0,0,0,0,0,-168000,0,0,0,7000,175000,-168000,-168000
064788,台汽電群益9C購01,0,0,0,0,0,0,0,0,0,-168000,0,0,0,41000,209000,-168000,-168000
064932,緯穎統一01購04  ,0,0,0,0,0,0,0,0,0,-168000,0,0,0,0,168000,-168000,-168000
065142,華邦電凱基01購01,0,0,0,0,0,0,0,0,0,-169000,0,0,0,30000,199000,-169000,-169000
08568P,臺股指富邦9C售05,0,0,0,0,0,0,0,0,0,-170000,0,0,0,100000,270000,-170000,-170000
062383,大立光國泰01購01,0,0,0,0,0,0,0,0,0,-170000,0,0,0,0,170000,-170000,-170000
062363,燿華元大9B購03  ,0,0,0,0,0,0,0,0,0,-170000,0,0,0,17000,187000,-170000,-170000
064323,滬深2X元大9C購09,0,0,0,0,0,0,0,0,0,-170000,0,0,0,54000,224000,-170000,-170000
061649,緯穎元大9A購06  ,0,0,0,0,0,0,0,0,0,-170000,0,0,0,0,170000,-170000,-170000
065584,華通富邦01購01  ,0,0,0,0,0,0,0,0,0,-170000,0,0,0,0,170000,-170000,-170000
065899,神基麥證9C購02  ,0,0,0,0,170000,-170000,0,0,0,-170000,0,0,0,0,170000,-170000,-170000
066692,T50反1群益01購04,0,0,0,0,0,0,0,0,0,-170000,0,0,0,0,170000,-170000,-170000
6230,超眾            ,107000,163000,-56000,0,0,0,0,0,0,-114000,0,17000,-17000,4000,101000,-97000,-170000
064307,聚陽群益9C購03  ,0,0,0,0,0,0,0,0,0,-171000,0,0,0,54000,225000,-171000,-171000
060367,緯穎元富9A購02  ,0,0,0,0,0,0,0,0,0,-171000,0,0,0,50000,221000,-171000,-171000
061843,億豐凱基9C購01  ,0,0,0,0,0,0,0,0,0,-171000,0,0,0,10000,181000,-171000,-171000
066216,南電統一03購01  ,0,0,0,0,0,0,0,0,0,-171000,0,0,0,124000,295000,-171000,-171000
066184,鎧勝凱基01購01  ,0,0,0,0,0,0,0,0,0,-171000,0,0,0,63000,234000,-171000,-171000
068489,技嘉元大01購05  ,0,0,0,0,0,0,0,0,0,-172000,0,0,0,47000,219000,-172000,-172000
068310,欣興國票03購02  ,0,0,0,0,0,0,0,0,0,-172000,0,0,0,5000,177000,-172000,-172000
03139P,聯電凱基01售02  ,0,0,0,0,0,0,0,0,0,-172000,0,0,0,4000,176000,-172000,-172000
058534,友達統一9B購01  ,0,0,0,0,0,0,0,0,0,-172000,0,0,0,22000,194000,-172000,-172000
061783,友達群益9B購01  ,0,0,0,0,0,0,0,0,0,-172000,0,0,0,0,172000,-172000,-172000
911608,明輝-DR         ,0,172000,-172000,0,0,0,0,0,0,0,0,0,0,0,0,0,-172000
08677P,超眾群益01售02  ,0,0,0,0,0,0,0,0,0,-173000,0,0,0,0,173000,-173000,-173000
03150P,台積電群益03售01,0,0,0,0,0,0,0,0,0,-173000,0,0,0,20000,193000,-173000,-173000
062487,中興電永豐9B購01,0,0,0,0,0,0,0,0,0,-173000,0,0,0,60000,233000,-173000,-173000
062910,亞光元大9B購01  ,0,0,0,0,0,0,0,0,0,-173000,0,0,0,41000,214000,-173000,-173000
062969,旺宏元富9B購01  ,0,0,0,0,0,0,0,0,0,-173000,0,0,0,38000,211000,-173000,-173000
064079,英業達中信9C購01,0,0,0,0,0,0,0,0,0,-173000,0,0,0,72000,245000,-173000,-173000
062476,神隆國票9B購01  ,0,0,0,0,0,0,0,0,0,-174000,0,0,0,23000,197000,-174000,-174000
065582,景碩國泰01購01  ,0,0,0,0,0,0,0,0,0,-174000,0,0,0,67000,241000,-174000,-174000
065241,南電凱基01購02  ,0,0,0,0,0,0,0,0,0,-174000,0,0,0,5000,179000,-174000,-174000
068413,健策台新01購01  ,0,0,0,0,0,0,0,0,0,-175000,0,0,0,10000,185000,-175000,-175000
068535,台積電中信05購06,0,0,0,0,0,0,0,0,0,-175000,0,0,0,0,175000,-175000,-175000
062934,大成鋼凱基9B購02,0,0,0,0,0,0,0,0,0,-175000,0,0,0,123000,298000,-175000,-175000
065329,億豐凱基9C購02  ,0,0,0,0,0,0,0,0,0,-175000,0,0,0,52000,227000,-175000,-175000
066035,南電群益01購01  ,0,0,0,0,0,0,0,0,0,-175000,0,0,0,13000,188000,-175000,-175000
065917,全新凱基02購01  ,0,0,0,0,0,0,0,0,0,-175000,0,0,0,0,175000,-175000,-175000
2929,淘帝-KY         ,271000,443000,-172000,0,0,0,0,0,0,-3000,0,2000,-2000,0,1000,-1000,-175000
068429,裕隆凱基01購01  ,0,0,0,0,0,0,0,0,0,-176000,0,0,0,84000,260000,-176000,-176000
068032,大毅元富07購01  ,0,0,0,0,0,0,0,0,0,-176000,0,0,0,9000,185000,-176000,-176000
063624,GIS兆豐9B購01   ,0,0,0,0,0,0,0,0,0,-176000,0,0,0,109000,285000,-176000,-176000
065672,嘉晶凱基01購01  ,0,0,0,0,0,0,0,0,0,-176000,0,0,0,16000,192000,-176000,-176000
065091,亞光元大9C購01  ,0,0,0,0,0,0,0,0,0,-176000,0,0,0,41000,217000,-176000,-176000
068124,康友元富07購01  ,0,0,0,0,0,0,0,0,0,-177000,0,0,0,352000,529000,-177000,-177000
068287,鴻海群益01購10  ,0,0,0,0,0,0,0,0,0,-177000,0,0,0,125000,302000,-177000,-177000
056668,光磊國票99購01  ,0,0,0,0,0,0,0,0,0,-177000,0,0,0,1000,178000,-177000,-177000
057011,日月光中信99購01,0,0,0,0,0,0,0,0,0,-177000,0,0,0,163000,340000,-177000,-177000
064374,旺宏元富9C購01  ,0,0,0,0,0,0,0,0,0,-177000,0,0,0,0,177000,-177000,-177000
066811,致新凱基01購03  ,0,0,0,0,0,0,0,0,0,-177000,0,0,0,0,177000,-177000,-177000
2404,漢唐            ,92527,205200,-112673,0,0,0,0,0,0,-65000,0,36000,-36000,11000,40000,-29000,-177673
061227,日月光中信9B購01,0,0,0,0,0,0,0,0,0,-178000,0,0,0,427000,605000,-178000,-178000
066952,亞光元大01購03  ,0,0,0,0,0,0,0,0,0,-178000,0,0,0,0,178000,-178000,-178000
066534,華通台新01購02  ,0,0,0,0,0,0,0,0,0,-178000,0,0,0,31000,209000,-178000,-178000
065737,南茂凱基9C購02  ,0,0,0,0,0,0,0,0,0,-178000,0,0,0,64000,242000,-178000,-178000
068314,南電國票03購02  ,0,0,0,0,0,0,0,0,0,-179000,0,0,0,1000,180000,-179000,-179000
068362,南電凱基01購06  ,0,0,0,0,0,0,0,0,0,-179000,0,0,0,21000,200000,-179000,-179000
068106,南電永豐01購02  ,0,0,0,0,0,0,0,0,0,-179000,0,0,0,0,179000,-179000,-179000
058613,茂林元大99購03  ,0,0,0,0,0,0,0,0,0,-179000,0,0,0,21000,200000,-179000,-179000
062681,全新統一01購01  ,0,0,0,0,0,0,0,0,0,-179000,0,0,0,2000,181000,-179000,-179000
066001,景碩國票02購01  ,50000,0,50000,0,0,0,0,0,0,-229000,0,0,0,55000,284000,-229000,-179000
066193,致新凱基01購01  ,0,0,0,0,0,0,0,0,0,-179000,0,0,0,15000,194000,-179000,-179000
067409,巨大永豐01購01  ,0,0,0,0,0,0,0,0,0,-180000,0,0,0,0,180000,-180000,-180000
067024,旺宏兆豐03購01  ,0,0,0,0,0,0,0,0,0,-180000,0,0,0,71000,251000,-180000,-180000
053734,友達中信98購02  ,0,0,0,0,0,0,0,0,0,-180000,0,0,0,0,180000,-180000,-180000
060712,建準永豐9A購01  ,0,0,0,0,0,0,0,0,0,-180000,0,0,0,20000,200000,-180000,-180000
066274,景碩元大01購02  ,0,0,0,0,0,0,0,0,0,-180000,0,0,0,230000,410000,-180000,-180000
066102,國揚國票02購01  ,0,0,0,0,0,0,0,0,0,-180000,0,0,0,79000,259000,-180000,-180000
063506,嘉晶群益9B購01  ,0,0,0,0,0,0,0,0,0,-181000,0,0,0,125000,306000,-181000,-181000
063665,南亞科統一01購02,0,0,0,0,0,0,0,0,0,-181000,0,0,0,0,181000,-181000,-181000
062906,全新元大9B購03  ,0,0,0,0,0,0,0,0,0,-181000,0,0,0,0,181000,-181000,-181000
066519,達方永豐01購01  ,0,0,0,0,0,0,0,0,0,-181000,0,0,0,24000,205000,-181000,-181000
1308,亞聚            ,46000,176000,-130000,0,0,0,0,0,0,-51000,0,51000,-51000,0,0,0,-181000
3376,新日興          ,324000,344000,-20000,0,0,0,0,146000,-146000,-15000,2000,13000,-11000,1000,5000,-4000,-181000
067391,健策元富01購02  ,0,0,0,0,0,0,0,0,0,-182000,0,0,0,266000,448000,-182000,-182000
08802P,聯發科元大01售14,0,0,0,0,0,0,0,0,0,-182000,0,0,0,142000,324000,-182000,-182000
068509,義隆台新01購01  ,0,0,0,0,0,0,0,0,0,-183000,0,0,0,50000,233000,-183000,-183000
067679,奇鋐元大02購02  ,0,0,0,0,0,0,0,0,0,-183000,0,0,0,107000,290000,-183000,-183000
067906,國揚國泰02購01  ,0,0,0,0,0,0,0,0,0,-183000,0,0,0,286000,469000,-183000,-183000
057377,康控元大99購02  ,0,0,0,0,0,0,0,0,0,-183000,0,0,0,172000,355000,-183000,-183000
063054,健鼎統一01購01  ,0,0,0,0,0,0,0,0,0,-183000,0,0,0,235000,418000,-183000,-183000
8215,明基材          ,217000,204000,13000,0,0,0,0,0,0,-196000,0,196000,-196000,0,0,0,-183000
067848,臻鼎元富07購01  ,0,0,0,0,0,0,0,0,0,-184000,0,0,0,135000,319000,-184000,-184000
064517,國巨群益02購01  ,0,0,0,0,0,0,0,0,0,-184000,0,0,0,31000,215000,-184000,-184000
065713,緯穎群益9C購04  ,0,0,0,0,0,0,0,0,0,-184000,0,0,0,85000,269000,-184000,-184000
1210,大成            ,98000,315000,-217000,0,0,0,0,0,0,33000,7000,0,7000,39000,13000,26000,-184000
063435,儒鴻統一01購02  ,0,0,0,0,0,0,0,0,0,-185000,0,0,0,222000,407000,-185000,-185000
064291,南六元大9C購04  ,0,0,0,0,0,0,0,0,0,-185000,0,0,0,112000,297000,-185000,-185000
064505,康控元大9C購01  ,0,0,0,0,0,0,0,0,0,-185000,0,0,0,18000,203000,-185000,-185000
063100,聚陽群益9C購02  ,0,0,0,0,0,0,0,0,0,-185000,0,0,0,29000,214000,-185000,-185000
062172,南六永豐9B購01  ,0,0,0,0,0,0,0,0,0,-185000,0,0,0,20000,205000,-185000,-185000
065671,大立光凱基9C購07,0,0,0,0,0,0,0,0,0,-185000,0,0,0,15000,200000,-185000,-185000
066515,強茂永豐01購02  ,0,0,0,0,0,0,0,0,0,-185000,0,0,0,95000,280000,-185000,-185000
066332,慧洋永豐01購01  ,0,0,0,0,0,0,0,0,0,-185000,0,0,0,0,185000,-185000,-185000
066744,和碩元大01購02  ,0,0,0,0,0,0,0,0,0,-185000,0,0,0,0,185000,-185000,-185000
063971,健鼎國票01購01  ,0,0,0,0,0,0,0,0,0,-185000,0,0,0,79000,264000,-185000,-185000
064948,致茂凱基01購01  ,0,0,0,0,0,0,0,0,0,-185000,0,0,0,57000,242000,-185000,-185000
058202,鴻海凱基9A購04  ,0,0,0,0,0,0,0,0,0,-186000,0,0,0,0,186000,-186000,-186000
059950,百和永豐99購02  ,0,0,0,0,0,0,0,0,0,-186000,0,0,0,146000,332000,-186000,-186000
065386,華通兆豐9C購02  ,0,0,0,0,0,0,0,0,0,-186000,0,0,0,13000,199000,-186000,-186000
066075,景碩凱基02購01  ,0,0,0,0,0,0,0,0,0,-186000,0,0,0,84000,270000,-186000,-186000
1536,和大            ,166000,364000,-198000,0,0,0,0,30000,-30000,42000,12000,0,12000,43000,13000,30000,-186000
5215,科嘉-KY         ,66000,284000,-218000,0,0,0,0,2000,-2000,34000,35000,1000,34000,0,0,0,-186000
061023,茂林國泰9B購02  ,0,0,0,0,0,0,0,0,0,-187000,0,0,0,0,187000,-187000,-187000
065955,健鼎統一01購03  ,0,0,0,0,0,0,0,0,0,-187000,0,0,0,493000,680000,-187000,-187000
064836,群創統一9C購04  ,0,0,0,0,0,0,0,0,0,-187000,0,0,0,499000,686000,-187000,-187000
064873,世紀鋼永豐9C購01,0,0,0,0,0,0,0,0,0,-187000,0,0,0,85000,272000,-187000,-187000
068326,技嘉元大01購04  ,0,0,0,0,0,0,0,0,0,-188000,0,0,0,12000,200000,-188000,-188000
6271,同欣電          ,362000,526220,-164220,0,0,0,0,0,0,-24000,8000,6000,2000,26000,52000,-26000,-188220
063450,華新科統一02購01,0,0,0,0,0,0,0,0,0,-189000,0,0,0,32000,221000,-189000,-189000
065766,南電元大9C購08  ,0,0,0,0,0,0,0,0,0,-189000,0,0,0,3000,192000,-189000,-189000
08923P,聯發科統一01售13,0,0,0,0,0,0,0,0,0,-189000,0,0,0,4000,193000,-189000,-189000
067408,達方永豐01購02  ,0,0,0,0,0,0,0,0,0,-190000,0,0,0,10000,200000,-190000,-190000
057914,日月光日盛9A購01,0,0,0,0,0,0,0,0,0,-190000,0,0,0,320000,510000,-190000,-190000
066800,晶豪科凱基02購01,0,0,0,0,0,0,0,0,0,-190000,0,0,0,15000,205000,-190000,-190000
066717,上証2X元大01購01,0,0,0,0,0,0,0,0,0,-190000,0,0,0,10000,200000,-190000,-190000
06485P,玉晶光群益9A售02,0,0,0,0,0,0,0,0,0,-190000,0,0,0,8000,198000,-190000,-190000
064265,嘉聯益永豐9C購02,0,0,0,0,0,0,0,0,0,-191000,0,0,0,56000,247000,-191000,-191000
2313,華通            ,4969000,6544000,-1575000,0,0,0,1228000,1644000,-416000,1800000,885000,247000,638000,1423000,261000,1162000,-191000
068210,嘉聯益凱基01購01,0,0,0,0,0,0,0,0,0,-192000,0,0,0,152000,344000,-192000,-192000
057404,貿聯群益99購01  ,0,0,0,0,0,0,0,0,0,-192000,0,0,0,0,192000,-192000,-192000
057355,彩晶統一98購03  ,0,0,0,0,0,0,0,0,0,-192000,0,0,0,8000,200000,-192000,-192000
056909,嘉聯益元大99購03,0,0,0,0,0,0,0,0,0,-192000,0,0,0,380000,572000,-192000,-192000
07731P,臺股指凱基9A售28,0,0,0,0,0,0,0,0,0,-193000,0,0,0,20000,213000,-193000,-193000
058646,聯茂富邦9A購01  ,0,0,0,0,0,0,0,0,0,-193000,0,0,0,0,193000,-193000,-193000
061384,T50反1群益9A購04,0,0,0,0,0,0,0,0,0,-193000,0,0,0,7000,200000,-193000,-193000
062884,康控兆豐9C購01  ,0,0,0,0,0,0,0,0,0,-193000,0,0,0,323000,516000,-193000,-193000
08872P,臺股指群益01售05,0,0,0,0,0,0,0,0,0,-193000,0,0,0,137000,330000,-193000,-193000
067339,欣興凱基02購01  ,15000,0,15000,0,0,0,0,0,0,-209000,0,0,0,75000,284000,-209000,-194000
060123,光罩永豐99購02  ,0,0,0,0,0,0,0,0,0,-194000,0,0,0,294000,488000,-194000,-194000
063766,南茂元富9B購01  ,0,0,0,0,0,0,0,0,0,-194000,0,0,0,255000,449000,-194000,-194000
061950,日月光群益9B購01,0,0,0,0,0,0,0,0,0,-194000,0,0,0,93000,287000,-194000,-194000
2501,國建            ,51000,245000,-194000,0,0,0,0,0,0,0,0,0,0,0,0,0,-194000
08560P,茂林國票01售01  ,10000,0,10000,0,0,0,0,0,0,-205000,0,0,0,145000,350000,-205000,-195000
059219,旺宏元大99購12  ,0,0,0,0,0,0,0,0,0,-195000,0,0,0,5000,200000,-195000,-195000
057582,亞光中信9A購02  ,0,0,0,0,0,0,0,0,0,-195000,0,0,0,200000,395000,-195000,-195000
065466,台表科中信01購03,0,0,0,0,0,0,0,0,0,-195000,0,0,0,10000,205000,-195000,-195000
065747,華通元大9C購07  ,0,0,0,0,0,0,0,0,0,-195000,0,0,0,260000,455000,-195000,-195000
065861,台汽電元大9C購01,0,0,0,0,0,0,0,0,0,-195000,0,0,0,20000,215000,-195000,-195000
2006,東和鋼鐵        ,241000,402000,-161000,0,0,0,0,0,0,-34000,15000,49000,-34000,0,0,0,-195000
067436,訊連凱基01購01  ,0,0,0,0,0,0,0,0,0,-196000,0,0,0,1000,197000,-196000,-196000
058245,訊連元大99購01  ,0,0,0,0,0,0,0,0,0,-196000,0,0,0,159000,355000,-196000,-196000
03449B,臺股指元大01熊01,0,0,0,0,0,0,0,0,0,-196000,0,0,0,65000,261000,-196000,-196000
060513,緯穎元大9B購01  ,0,0,0,0,0,0,0,0,0,-196000,0,0,0,10000,206000,-196000,-196000
064067,美律永豐9C購01  ,0,0,0,0,0,0,0,0,0,-196000,0,0,0,12000,208000,-196000,-196000
08867P,欣興凱基01售03  ,0,0,0,0,0,0,0,0,0,-196000,0,0,0,72000,268000,-196000,-196000
6670,復盛應用        ,461000,282000,179000,0,0,0,0,0,0,-375000,1000,346000,-345000,13000,43000,-30000,-196000
068331,欣興元大01購09  ,0,0,0,0,0,0,0,0,0,-197000,0,0,0,29000,226000,-197000,-197000
05644P,大立光中信9A售03,0,0,0,0,0,0,0,0,0,-197000,0,0,0,100000,297000,-197000,-197000
00671R,富邦NASDAQ反1   ,51000,0,51000,0,0,0,0,0,0,-248000,0,0,0,695000,943000,-248000,-197000
064355,南六元大01購01  ,0,0,0,0,0,0,0,0,0,-197000,0,0,0,86000,283000,-197000,-197000
065178,和碩元大9C購01  ,0,0,0,0,0,0,0,0,0,-197000,0,0,0,0,197000,-197000,-197000
065834,億豐凱基03購01  ,0,0,0,0,0,0,0,0,0,-197000,0,0,0,12000,209000,-197000,-197000
2206,三陽工業        ,196000,393000,-197000,0,0,0,0,0,0,0,0,0,0,0,0,0,-197000
08482P,亞德客群益9C售02,0,0,0,0,0,0,0,0,0,-198000,0,0,0,32000,230000,-198000,-198000
068195,瑞昱凱基02購02  ,0,0,0,0,0,0,0,0,0,-198000,0,0,0,7000,205000,-198000,-198000
067708,華新科元富01購01,0,0,0,0,0,0,0,0,0,-198000,0,0,0,10000,208000,-198000,-198000
055615,宏達電國票99購02,0,0,0,0,0,0,0,0,0,-198000,0,0,0,0,198000,-198000,-198000
065973,嘉晶元大01購03  ,0,0,0,0,0,0,0,0,0,-198000,0,0,0,54000,252000,-198000,-198000
065478,緯創元大9C購03  ,0,0,0,0,0,0,0,0,0,-198000,0,0,0,67000,265000,-198000,-198000
065490,國巨國泰02購02  ,0,0,0,0,0,0,0,0,0,-198000,0,0,0,181000,379000,-198000,-198000
064249,聯發科元富06購01,0,0,0,0,0,0,0,0,0,-198000,0,0,0,0,198000,-198000,-198000
3040,遠見            ,116000,314000,-198000,0,0,0,0,0,0,0,0,0,0,0,0,0,-198000
08509P,臺股指國票9C售10,0,0,0,0,0,0,0,0,0,-199000,0,0,0,17000,216000,-199000,-199000
056699,光罩國泰99購01  ,0,0,0,0,0,0,0,0,0,-199000,0,0,0,123000,322000,-199000,-199000
059326,康友元大99購01  ,0,0,0,0,0,0,0,0,0,-199000,0,0,0,226000,425000,-199000,-199000
058477,億光凱基9A購01  ,0,0,0,0,0,0,0,0,0,-199000,0,0,0,178000,377000,-199000,-199000
063172,廣達中信9C購01  ,0,0,0,0,0,0,0,0,0,-199000,0,0,0,240000,439000,-199000,-199000
062498,華通群益9C購04  ,0,0,0,0,0,0,0,0,0,-199000,0,0,0,145000,344000,-199000,-199000
064780,義隆群益9C購04  ,0,0,0,0,0,0,0,0,0,-199000,0,0,0,20000,219000,-199000,-199000
063890,正隆群益9C購01  ,0,0,0,0,0,0,0,0,0,-199000,0,0,0,11000,210000,-199000,-199000
065020,友達富邦01購02  ,0,0,0,0,0,0,0,0,0,-199000,0,0,0,11000,210000,-199000,-199000
066111,上銀兆豐02購01  ,0,0,0,0,0,0,0,0,0,-199000,0,0,0,390000,589000,-199000,-199000
066772,友達富邦03購01  ,0,0,0,0,0,0,0,0,0,-199000,0,0,0,11000,210000,-199000,-199000
08961P,大毅凱基01售03  ,0,0,0,0,0,0,0,0,0,-199000,0,0,0,140000,339000,-199000,-199000
08257P,台積電元大9C售04,0,0,0,0,0,0,0,0,0,-200000,0,0,0,100000,300000,-200000,-200000
08274P,台積電元富9C售02,0,0,0,0,0,0,0,0,0,-200000,0,0,0,0,200000,-200000,-200000
07830P,牧德凱基9A售03  ,0,0,0,0,0,0,0,0,0,-200000,0,0,0,30000,230000,-200000,-200000
07645P,華通元大9A售06  ,0,0,0,0,0,0,0,0,0,-200000,0,0,0,0,200000,-200000,-200000
07647P,健策國票9A售04  ,0,0,0,0,0,0,0,0,0,-200000,0,0,0,0,200000,-200000,-200000
07585P,台灣50中信03售06,0,0,0,0,0,0,0,0,0,-200000,0,0,0,0,200000,-200000,-200000
07867P,晶技元大9B售01  ,0,0,0,0,0,0,0,0,0,-200000,0,0,0,0,200000,-200000,-200000
07225P,台積電元大99售33,0,0,0,0,0,0,0,0,0,-200000,0,0,0,0,200000,-200000,-200000
07183P,臺股指凱基99售25,0,0,0,0,0,0,0,0,0,-200000,0,0,0,0,200000,-200000,-200000
068071,興勤凱基02購01  ,0,0,0,0,0,0,0,0,0,-200000,0,0,0,10000,210000,-200000,-200000
067571,大立光麥證01購04,0,0,0,0,200000,-200000,0,0,0,-200000,0,0,0,0,200000,-200000,-200000
059588,鴻海元大99購32  ,0,0,0,0,0,0,0,0,0,-200000,0,0,0,0,200000,-200000,-200000
056655,旺宏元大99購02  ,0,0,0,0,0,0,0,0,0,-200000,0,0,0,0,200000,-200000,-200000
00703,台新MSCI中國    ,0,0,0,0,0,0,0,0,0,-200000,0,0,0,68000,268000,-200000,-200000
03034P,欣興國票03售01  ,0,0,0,0,0,0,0,0,0,-200000,0,0,0,46000,246000,-200000,-200000
055787,聯茂凱基99購01  ,0,0,0,0,0,0,0,0,0,-200000,0,0,0,0,200000,-200000,-200000
058048,群創元大9B購07  ,0,0,0,0,0,0,0,0,0,-200000,0,0,0,0,200000,-200000,-200000
062179,旺宏元大9B購05  ,0,0,0,0,0,0,0,0,0,-200000,0,0,0,0,200000,-200000,-200000
062888,漢唐群益9B購01  ,0,0,0,0,0,0,0,0,0,-200000,0,0,0,0,200000,-200000,-200000
062251,旺宏元大9B購06  ,0,0,0,0,0,0,0,0,0,-200000,0,0,0,0,200000,-200000,-200000
061050,康友中信9A購01  ,0,0,0,0,0,0,0,0,0,-200000,0,0,0,0,200000,-200000,-200000
060720,嘉聯益永豐9A購02,0,0,0,0,0,0,0,0,0,-200000,0,0,0,0,200000,-200000,-200000
065745,裕隆元大9C購03  ,0,0,0,0,0,0,0,0,0,-200000,0,0,0,143000,343000,-200000,-200000
065257,友訊元大01購01  ,0,0,0,0,0,0,0,0,0,-200000,0,0,0,31000,231000,-200000,-200000
2534,宏盛            ,76000,276000,-200000,0,0,0,0,0,0,0,0,0,0,0,0,0,-200000
068390,聯詠統一03購01  ,0,0,0,0,0,0,0,0,0,-201000,0,0,0,119000,320000,-201000,-201000
08546P,可成中信9C售02  ,0,0,0,0,0,0,0,0,0,-201000,0,0,0,60000,261000,-201000,-201000
062408,致新永豐9B購01  ,0,0,0,0,0,0,0,0,0,-201000,0,0,0,210000,411000,-201000,-201000
065611,嘉聯益元大9C購02,0,0,0,0,0,0,0,0,0,-201000,0,0,0,730000,931000,-201000,-201000
065831,緯創凱基9C購03  ,0,0,0,0,0,0,0,0,0,-201000,0,0,0,161000,362000,-201000,-201000
066052,景碩元大02購01  ,0,10000,-10000,0,0,0,0,0,0,-191000,0,0,0,163000,354000,-191000,-201000
055331,國巨兆豐99購01  ,0,0,0,0,0,0,0,0,0,-202000,0,0,0,338000,540000,-202000,-202000
062088,緯穎元大9B購04  ,0,0,0,0,0,0,0,0,0,-202000,0,0,0,36000,238000,-202000,-202000
064378,群創元富9C購01  ,0,0,0,0,0,0,0,0,0,-202000,0,0,0,19000,221000,-202000,-202000
066363,美律中信05購01  ,0,0,0,0,0,0,0,0,0,-202000,0,0,0,0,202000,-202000,-202000
2739,寒舍            ,18000,220000,-202000,0,0,0,0,0,0,0,0,0,0,0,0,0,-202000
068133,鎧勝統一03購01  ,0,0,0,0,0,0,0,0,0,-203000,0,0,0,0,203000,-203000,-203000
064476,金像電國泰02購01,0,0,0,0,0,0,0,0,0,-203000,0,0,0,103000,306000,-203000,-203000
062552,南電永豐9B購01  ,0,0,0,0,0,0,0,0,0,-203000,0,0,0,3000,206000,-203000,-203000
066168,強茂凱基01購02  ,0,0,0,0,0,0,0,0,0,-203000,0,0,0,14000,217000,-203000,-203000
064799,裕隆元大9C購02  ,0,0,0,0,0,0,0,0,0,-203000,0,0,0,566000,769000,-203000,-203000
067934,美律凱基01購01  ,0,0,0,0,0,0,0,0,0,-204000,0,0,0,56000,260000,-204000,-204000
059637,大立光凱基01購01,0,0,0,0,0,0,0,0,0,-204000,0,0,0,0,204000,-204000,-204000
063860,旺宏國泰02購01  ,0,0,0,0,0,0,0,0,0,-204000,0,0,0,49000,253000,-204000,-204000
6197,佳必琪          ,29000,198000,-169000,0,0,0,0,0,0,-35000,0,35000,-35000,0,0,0,-204000
067587,欣興群益01購03  ,0,0,0,0,0,0,0,0,0,-205000,0,0,0,272000,477000,-205000,-205000
063267,台表科中信01購02,0,0,0,0,0,0,0,0,0,-205000,0,0,0,10000,215000,-205000,-205000
03125P,台積電凱基01售24,0,0,0,0,0,0,0,0,0,-205000,0,0,0,33000,238000,-205000,-205000
00642U,元大S&P石油     ,6000,0,6000,0,0,0,0,0,0,-211000,0,0,0,0,211000,-211000,-205000
060423,智易永豐9A購01  ,0,0,0,0,0,0,0,0,0,-205000,0,0,0,0,205000,-205000,-205000
064831,宏達電統一02購01,0,0,0,0,0,0,0,0,0,-205000,0,0,0,144000,349000,-205000,-205000
065811,億豐群益9C購01  ,0,0,0,0,0,0,0,0,0,-205000,0,0,0,107000,312000,-205000,-205000
066638,聚碩凱基01購01  ,0,0,0,0,0,0,0,0,0,-205000,0,0,0,5000,210000,-205000,-205000
4119,旭富            ,43000,186000,-143000,0,0,0,0,0,0,-62000,0,0,0,1000,63000,-62000,-205000
1409,新纖            ,46316,350000,-303684,0,0,0,0,0,0,98000,0,42000,-42000,140000,0,140000,-205684
062717,華邦電凱基9C購01,0,0,0,0,0,0,0,0,0,-206000,0,0,0,5000,211000,-206000,-206000
067218,鎧勝元大01購04  ,0,0,0,0,0,0,0,0,0,-207000,0,0,0,205000,412000,-207000,-207000
058725,美律富邦9A購01  ,0,0,0,0,0,0,0,0,0,-207000,0,0,0,0,207000,-207000,-207000
8110,華東            ,109000,281000,-172000,0,0,0,0,0,0,-35000,0,35000,-35000,0,0,0,-207000
057527,億光元大98購01  ,0,0,0,0,0,0,0,0,0,-208000,0,0,0,0,208000,-208000,-208000
03077P,臺股指富邦01售03,0,0,0,0,0,0,0,0,0,-208000,0,0,0,0,208000,-208000,-208000
03182P,聯電元大01售08  ,0,0,0,0,0,0,0,0,0,-208000,0,0,0,0,208000,-208000,-208000
063219,友達群益9B購03  ,0,0,0,0,0,0,0,0,0,-208000,0,0,0,0,208000,-208000,-208000
064796,緯穎國票01購01  ,0,0,0,0,0,0,0,0,0,-208000,0,0,0,5000,213000,-208000,-208000
3018,同開            ,34000,242000,-208000,0,0,0,0,0,0,0,0,0,0,0,0,0,-208000
056469,國巨元大99購01  ,0,0,0,0,0,0,0,0,0,-209000,0,0,0,0,209000,-209000,-209000
062226,臻鼎統一9B購01  ,0,0,0,0,0,0,0,0,0,-209000,0,0,0,5000,214000,-209000,-209000
2417,圓剛            ,1601000,1802000,-201000,0,0,0,0,0,0,-8000,10000,18000,-8000,0,0,0,-209000
067071,燿華元大01購02  ,0,0,0,0,0,0,0,0,0,-210000,0,0,0,15000,225000,-210000,-210000
068464,聯詠富邦03購02  ,0,0,0,0,0,0,0,0,0,-210000,0,0,0,0,210000,-210000,-210000
059571,奇力新凱基99購06,0,0,0,0,0,0,0,0,0,-210000,0,0,0,0,210000,-210000,-210000
059278,群創元大9A購04  ,0,0,0,0,0,0,0,0,0,-210000,0,0,0,7000,217000,-210000,-210000
064465,台表科統一01購02,0,0,0,0,0,0,0,0,0,-210000,0,0,0,10000,220000,-210000,-210000
064442,嘉聯益凱基9C購01,0,0,0,0,0,0,0,0,0,-210000,0,0,0,147000,357000,-210000,-210000
063819,致新群益9C購01  ,0,0,0,0,0,0,0,0,0,-210000,0,0,0,26000,236000,-210000,-210000
065311,TPK國票01購03   ,0,0,0,0,0,0,0,0,0,-210000,0,0,0,104000,314000,-210000,-210000
068376,美律永豐01購01  ,0,0,0,0,0,0,0,0,0,-211000,0,0,0,0,211000,-211000,-211000
066948,聯發科元大01購16,0,0,0,0,0,0,0,0,0,-211000,0,0,0,51000,262000,-211000,-211000
066251,川湖元大01購01  ,0,0,0,0,0,0,0,0,0,-211000,0,0,0,18000,229000,-211000,-211000
067220,台郡元大01購04  ,0,0,0,0,0,0,0,0,0,-212000,0,0,0,334000,546000,-212000,-212000
059765,嘉聯益永豐99購02,0,0,0,0,0,0,0,0,0,-212000,0,0,0,174000,386000,-212000,-212000
066549,京元電元大01購03,0,0,0,0,0,0,0,0,0,-212000,0,0,0,79000,291000,-212000,-212000
066355,惠特永豐01購01  ,0,0,0,0,0,0,0,0,0,-212000,0,0,0,0,212000,-212000,-212000
067713,聚陽凱基01購02  ,0,0,0,0,0,0,0,0,0,-213000,0,0,0,101000,314000,-213000,-213000
058287,國巨國票9A購02  ,0,0,0,0,0,0,0,0,0,-213000,0,0,0,170000,383000,-213000,-213000
064603,和碩元富9C購01  ,0,0,0,0,0,0,0,0,0,-213000,0,0,0,0,213000,-213000,-213000
066292,惠特元大01購02  ,0,0,0,0,0,0,0,0,0,-213000,0,0,0,0,213000,-213000,-213000
066208,聯鈞統一02購01  ,0,0,0,0,0,0,0,0,0,-213000,0,0,0,14000,227000,-213000,-213000
067551,欣興中信02購01  ,0,0,0,0,0,0,0,0,0,-214000,0,0,0,275000,489000,-214000,-214000
068455,聯發科國票03購02,0,0,0,0,0,0,0,0,0,-214000,0,0,0,0,214000,-214000,-214000
065382,緯穎元大9C購04  ,0,0,0,0,0,0,0,0,0,-214000,0,0,0,0,214000,-214000,-214000
08994P,台灣50群益01售11,0,0,0,0,0,0,0,0,0,-214000,0,0,0,30000,244000,-214000,-214000
067424,美律凱基02購02  ,0,0,0,0,0,0,0,0,0,-215000,0,0,0,10000,225000,-215000,-215000
067002,生達永豐01購02  ,0,0,0,0,0,0,0,0,0,-215000,0,0,0,0,215000,-215000,-215000
058247,聯茂元大99購04  ,0,0,0,0,0,0,0,0,0,-215000,0,0,0,0,215000,-215000,-215000
064596,台表科統一01購03,0,0,0,0,0,0,0,0,0,-216000,0,0,0,5000,221000,-216000,-216000
064317,日月光群益9C購01,0,0,0,0,0,0,0,0,0,-216000,0,0,0,207000,423000,-216000,-216000
064412,緯穎凱基01購01  ,0,0,0,0,0,0,0,0,0,-216000,0,0,0,46000,262000,-216000,-216000
061496,華新科國票9A購07,0,0,0,0,0,0,0,0,0,-216000,0,0,0,0,216000,-216000,-216000
063593,GIS永豐9B購01   ,0,0,0,0,0,0,0,0,0,-216000,0,0,0,127000,343000,-216000,-216000
066847,群創元大01購03  ,0,0,0,0,0,0,0,0,0,-216000,0,0,0,100000,316000,-216000,-216000
2103,台橡            ,402000,568000,-166000,0,0,0,0,0,0,-50000,0,55000,-55000,40000,35000,5000,-216000
061270,彩晶凱基9A購02  ,0,0,0,0,0,0,0,0,0,-217000,0,0,0,7000,224000,-217000,-217000
060698,旺宏國泰9C購01  ,0,0,0,0,0,0,0,0,0,-217000,0,0,0,0,217000,-217000,-217000
07634P,金像電元大9A售01,0,0,0,0,0,0,0,0,0,-218000,0,0,0,0,218000,-218000,-218000
059503,大立光富邦9B購04,0,0,0,0,0,0,0,0,0,-218000,0,0,0,0,218000,-218000,-218000
064976,景碩元大9C購01  ,0,0,0,0,0,0,0,0,0,-219000,0,0,0,563000,782000,-219000,-219000
056894,佳世達元大99購01,0,0,0,0,0,0,0,0,0,-220000,0,0,0,0,220000,-220000,-220000
063664,漢唐統一9C購01  ,0,0,0,0,0,0,0,0,0,-220000,0,0,0,1000,221000,-220000,-220000
065033,和碩兆豐9C購01  ,0,0,0,0,0,0,0,0,0,-220000,0,0,0,13000,233000,-220000,-220000
065188,玉晶光統一02購01,0,0,0,0,0,0,0,0,0,-220000,0,0,0,150000,370000,-220000,-220000
066470,惠特統一02購01  ,0,0,0,0,0,0,0,0,0,-220000,0,0,0,0,220000,-220000,-220000
066250,大成鋼元大01購01,0,0,0,0,0,0,0,0,0,-220000,0,0,0,250000,470000,-220000,-220000
065678,聯發科統一01購07,0,0,0,0,0,0,0,0,0,-220000,0,0,0,0,220000,-220000,-220000
2367,燿華            ,1851000,2114000,-263000,0,0,0,0,327000,-327000,370000,0,2000,-2000,589000,217000,372000,-220000
068131,聯發科統一02購09,0,0,0,0,0,0,0,0,0,-221000,0,0,0,293000,514000,-221000,-221000
064376,美律元富9C購01  ,0,0,0,0,0,0,0,0,0,-221000,0,0,0,85000,306000,-221000,-221000
066683,和碩兆豐01購01  ,0,0,0,0,0,0,0,0,0,-221000,0,0,0,0,221000,-221000,-221000
065316,大成鋼凱基9C購01,0,0,0,0,0,0,0,0,0,-221000,0,0,0,100000,321000,-221000,-221000
2820,華票            ,72000,293000,-221000,0,0,0,0,0,0,0,0,0,0,0,0,0,-221000
067101,華邦電群益01購02,0,0,0,0,0,0,0,0,0,-222000,0,0,0,2000,224000,-222000,-222000
058558,鴻海日盛9A購02  ,0,0,0,0,0,0,0,0,0,-222000,0,0,0,700000,922000,-222000,-222000
061706,旭富國票9A購02  ,0,0,0,0,0,0,0,0,0,-222000,0,0,0,58000,280000,-222000,-222000
060733,和大統一9C購01  ,0,0,0,0,0,0,0,0,0,-222000,0,0,0,111000,333000,-222000,-222000
060790,日月光富邦9A購01,0,0,0,0,0,0,0,0,0,-222000,0,0,0,300000,522000,-222000,-222000
062575,景碩群益9B購01  ,0,0,0,0,0,0,0,0,0,-222000,0,0,0,29000,251000,-222000,-222000
064759,景碩凱基9C購01  ,0,0,0,0,0,0,0,0,0,-222000,0,0,0,115000,337000,-222000,-222000
064763,祥碩凱基02購01  ,0,0,0,0,0,0,0,0,0,-222000,0,0,0,331000,553000,-222000,-222000
066078,南電凱基02購02  ,0,0,0,0,0,0,0,0,0,-222000,0,0,0,10000,232000,-222000,-222000
067217,康控元大01購02  ,0,0,0,0,0,0,0,0,0,-223000,0,0,0,208000,431000,-223000,-223000
08233P,國泰金元富9B售01,0,0,0,0,0,0,0,0,0,-223000,0,0,0,48000,271000,-223000,-223000
063438,聚陽統一9C購01  ,0,0,0,0,0,0,0,0,0,-223000,0,0,0,0,223000,-223000,-223000
2014,中鴻            ,92000,315000,-223000,0,0,0,0,0,0,0,0,0,0,0,0,0,-223000
061042,致新永豐9A購02  ,0,0,0,0,0,0,0,0,0,-224000,0,0,0,12000,236000,-224000,-224000
1326,台化            ,1363455,1536000,-172545,0,0,0,1000,24000,-23000,-29000,4000,33000,-29000,0,0,0,-224545
068234,T50反1元大01購07,0,0,0,0,0,0,0,0,0,-225000,0,0,0,290000,515000,-225000,-225000
068084,南電凱基02購03  ,0,0,0,0,0,0,0,0,0,-225000,0,0,0,0,225000,-225000,-225000
03124P,台郡元大01售07  ,0,0,0,0,0,0,0,0,0,-225000,0,0,0,0,225000,-225000,-225000
061598,南電永豐9A購04  ,0,0,0,0,0,0,0,0,0,-225000,0,0,0,127000,352000,-225000,-225000
064295,聚陽國票01購01  ,0,0,0,0,0,0,0,0,0,-225000,0,0,0,0,225000,-225000,-225000
063168,台表科永豐9B購01,0,0,0,0,0,0,0,0,0,-225000,0,0,0,0,225000,-225000,-225000
063651,金像電台新9B購01,0,0,0,0,0,0,0,0,0,-225000,0,0,0,201000,426000,-225000,-225000
066269,宏達電元大01購03,0,0,0,0,0,0,0,0,0,-225000,0,0,0,28000,253000,-225000,-225000
067061,亞泥元大01購01  ,50000,0,50000,0,0,0,0,0,0,-276000,0,0,0,10000,286000,-276000,-226000
00643,群益深証中小    ,70000,16000,54000,0,0,0,0,0,0,-280000,0,0,0,30000,310000,-280000,-226000
058516,健鼎元大99購02  ,0,0,0,0,0,0,0,0,0,-226000,0,0,0,134000,360000,-226000,-226000
058207,南茂凱基99購01  ,0,0,0,0,0,0,0,0,0,-226000,0,0,0,58000,284000,-226000,-226000
065080,燿華元大01購01  ,0,0,0,0,0,0,0,0,0,-226000,0,0,0,51000,277000,-226000,-226000
067975,茂林群益04購01  ,0,0,0,0,0,0,0,0,0,-227000,0,0,0,60000,287000,-227000,-227000
066639,彩晶凱基05購01  ,0,0,0,0,0,0,0,0,0,-227000,0,0,0,15000,242000,-227000,-227000
067364,緯穎群益01購05  ,0,0,0,0,0,0,0,0,0,-228000,0,0,0,10000,238000,-228000,-228000
067512,台郡統一02購03  ,0,0,0,0,0,0,0,0,0,-228000,0,0,0,147000,375000,-228000,-228000
066528,南電統一02購01  ,0,0,0,0,0,0,0,0,0,-228000,0,0,0,75000,303000,-228000,-228000
066367,緯創中信05購01  ,0,0,0,0,0,0,0,0,0,-228000,0,0,0,11000,239000,-228000,-228000
068278,惠特永豐01購03  ,0,0,0,0,0,0,0,0,0,-229000,0,0,0,0,229000,-229000,-229000
059878,聯茂凱基99購07  ,0,0,0,0,0,0,0,0,0,-229000,0,0,0,0,229000,-229000,-229000
1103,嘉泥            ,79000,257000,-178000,0,0,0,0,0,0,-51000,0,51000,-51000,0,0,0,-229000
6592,和潤企業        ,68000,208000,-140000,0,0,0,0,0,0,-89000,0,64000,-64000,1000,26000,-25000,-229000
068232,泰鼎元富04購01  ,0,0,0,0,0,0,0,0,0,-230000,0,0,0,0,230000,-230000,-230000
067994,技嘉元大01購03  ,0,0,0,0,0,0,0,0,0,-230000,0,0,0,85000,315000,-230000,-230000
066249,生達元大01購01  ,20000,0,20000,0,0,0,0,0,0,-250000,0,0,0,340000,590000,-250000,-230000
08800P,台積電元大01售20,0,0,0,0,0,0,0,0,0,-231000,0,0,0,3565000,3796000,-231000,-231000
061587,美律富邦9A購02  ,0,0,0,0,0,0,0,0,0,-231000,0,0,0,15000,246000,-231000,-231000
066506,宏達電富邦03購01,0,0,0,0,0,0,0,0,0,-231000,0,0,0,0,231000,-231000,-231000
064876,旺宏兆豐9C購01  ,0,0,0,0,0,0,0,0,0,-231000,0,0,0,88000,319000,-231000,-231000
1731,美吾華          ,119000,287000,-168000,0,0,0,0,0,0,-63000,0,63000,-63000,0,0,0,-231000
067754,元金2X元大01購02,0,0,0,0,0,0,0,0,0,-233000,0,0,0,32000,265000,-233000,-233000
062074,旺宏元大9B購04  ,0,0,0,0,0,0,0,0,0,-233000,0,0,0,0,233000,-233000,-233000
061819,茂林群益9B購01  ,0,0,0,0,0,0,0,0,0,-234000,0,0,0,147000,381000,-234000,-234000
066957,健策元大01購06  ,0,0,0,0,0,0,0,0,0,-234000,0,0,0,352000,586000,-234000,-234000
066276,敦泰元大01購01  ,0,0,0,0,0,0,0,0,0,-234000,0,0,0,96000,330000,-234000,-234000
07841P,臻鼎元大9A售04  ,0,0,0,0,0,0,0,0,0,-235000,0,0,0,0,235000,-235000,-235000
068307,美律國票03購01  ,0,0,0,0,0,0,0,0,0,-235000,0,0,0,100000,335000,-235000,-235000
057863,美律凱基9A購01  ,0,0,0,0,0,0,0,0,0,-235000,0,0,0,22000,257000,-235000,-235000
057972,群創富邦9C購01  ,0,0,0,0,0,0,0,0,0,-235000,0,0,0,15000,250000,-235000,-235000
064738,裕隆國票01購01  ,0,0,0,0,0,0,0,0,0,-235000,0,0,0,40000,275000,-235000,-235000
067787,致伸群益03購01  ,0,0,0,0,0,0,0,0,0,-236000,0,0,0,174000,410000,-236000,-236000
059450,和大永豐99購01  ,0,0,0,0,0,0,0,0,0,-236000,0,0,0,6000,242000,-236000,-236000
062896,中興電元大9B購01,0,0,0,0,0,0,0,0,0,-236000,0,0,0,304000,540000,-236000,-236000
061000,旺宏兆豐9A購02  ,0,0,0,0,0,0,0,0,0,-236000,0,0,0,18000,254000,-236000,-236000
06054P,臺股指中信9A售01,0,0,0,0,0,0,0,0,0,-239000,0,0,0,0,239000,-239000,-239000
062005,旺宏國泰01購01  ,0,0,0,0,0,0,0,0,0,-239000,0,0,0,24000,263000,-239000,-239000
064700,致新群益9C購02  ,0,0,0,0,0,0,0,0,0,-239000,0,0,0,28000,267000,-239000,-239000
065197,景碩元富06購01  ,0,0,0,0,0,0,0,0,0,-239000,0,0,0,16000,255000,-239000,-239000
2838,聯邦銀          ,68521,231000,-162479,0,0,0,0,0,0,-77000,0,77000,-77000,0,0,0,-239479
067077,智原元大01購04  ,0,0,0,0,0,0,0,0,0,-240000,0,0,0,280000,520000,-240000,-240000
062360,華邦電元大9B購01,0,0,0,0,0,0,0,0,0,-240000,0,0,0,210000,450000,-240000,-240000
064888,景碩中信9C購01  ,0,0,0,0,0,0,0,0,0,-240000,0,0,0,10000,250000,-240000,-240000
066857,大立光國票02購02,0,0,0,0,0,0,0,0,0,-240000,0,0,0,0,240000,-240000,-240000
066554,嘉晶元大01購05  ,0,0,0,0,0,0,0,0,0,-240000,0,0,0,125000,365000,-240000,-240000
066326,敦陽科永豐01購01,0,0,0,0,0,0,0,0,0,-240000,0,0,0,12000,252000,-240000,-240000
064247,廣達元富9C購01  ,0,0,0,0,0,0,0,0,0,-241000,0,0,0,69000,310000,-241000,-241000
9907,統一實          ,135000,376000,-241000,0,0,0,0,0,0,0,0,0,0,0,0,0,-241000
054472,道瓊反中信9A購01,0,0,0,0,0,0,0,0,0,-242000,0,0,0,260000,502000,-242000,-242000
057445,華通元富02購01  ,0,0,0,0,0,0,0,0,0,-242000,0,0,0,286000,528000,-242000,-242000
064057,緯穎統一02購01  ,0,0,0,0,0,0,0,0,0,-242000,0,0,0,0,242000,-242000,-242000
067505,微星統一03購01  ,0,0,0,0,0,0,0,0,0,-243000,0,0,0,68000,311000,-243000,-243000
067875,百和元大01購01  ,0,0,0,0,0,0,0,0,0,-243000,0,0,0,92000,335000,-243000,-243000
067851,華邦電國票02購01,0,0,0,0,0,0,0,0,0,-243000,0,0,0,38000,281000,-243000,-243000
07865P,可成元大9B售02  ,0,0,0,0,0,0,0,0,0,-243000,0,0,0,0,243000,-243000,-243000
064950,美律凱基02購01  ,0,0,0,0,0,0,0,0,0,-243000,0,0,0,10000,253000,-243000,-243000
08389P,技嘉國票9C售01  ,0,0,0,0,0,0,0,0,0,-244000,0,0,0,0,244000,-244000,-244000
067377,欣興統一02購01  ,0,0,0,0,0,0,0,0,0,-244000,0,0,0,48000,292000,-244000,-244000
064235,美律統一9C購02  ,0,0,0,0,0,0,0,0,0,-244000,0,0,0,1055000,1299000,-244000,-244000
065495,上銀富邦01購02  ,0,0,0,0,0,0,0,0,0,-244000,0,0,0,655000,899000,-244000,-244000
066347,鎧勝永豐01購01  ,0,0,0,0,0,0,0,0,0,-244000,0,0,0,79000,323000,-244000,-244000
066619,永光凱基01購01  ,0,0,0,0,0,0,0,0,0,-244000,0,0,0,171000,415000,-244000,-244000
03427B,臺股指元大9A熊02,0,0,0,0,0,0,0,0,0,-245000,0,0,0,137000,382000,-245000,-245000
064330,燿華元大9C購02  ,0,0,0,0,0,0,0,0,0,-245000,0,0,0,79000,324000,-245000,-245000
06615P,鴻海元大9C售02  ,0,0,0,0,0,0,0,0,0,-245000,0,0,0,1000,246000,-245000,-245000
068173,友達中信01購05  ,0,0,0,0,0,0,0,0,0,-246000,0,0,0,200000,446000,-246000,-246000
066681,聯發科兆豐01購04,0,0,0,0,0,0,0,0,0,-246000,0,0,0,23000,269000,-246000,-246000
8104,錸寶            ,105000,351000,-246000,0,0,0,0,0,0,0,0,0,0,0,0,0,-246000
6214,精誠            ,107000,285000,-178000,0,0,0,0,0,0,-68000,21000,89000,-68000,0,0,0,-246000
067602,億光凱基01購01  ,0,0,0,0,0,0,0,0,0,-247000,0,0,0,34000,281000,-247000,-247000
063336,大成鋼統一9C購02,0,0,0,0,0,0,0,0,0,-247000,0,0,0,1000,248000,-247000,-247000
062520,晶豪科元大9B購02,0,0,0,0,0,0,0,0,0,-247000,0,0,0,0,247000,-247000,-247000
065533,台光電統一02購03,0,0,0,0,0,0,0,0,0,-247000,0,0,0,53000,300000,-247000,-247000
064792,美律國票9C購01  ,0,0,0,0,0,0,0,0,0,-247000,0,0,0,1000,248000,-247000,-247000
08464P,牧德永豐9C售02  ,0,0,0,0,0,0,0,0,0,-248000,0,0,0,197000,445000,-248000,-248000
059755,宏達電國泰9A購01,0,0,0,0,0,0,0,0,0,-248000,0,0,0,186000,434000,-248000,-248000
07500P,微星元大9A售01  ,0,0,0,0,0,0,0,0,0,-249000,0,0,0,100000,349000,-249000,-249000
067861,聚陽元大01購04  ,0,0,0,0,0,0,0,0,0,-249000,0,0,0,180000,429000,-249000,-249000
057798,貿聯兆豐99購01  ,0,0,0,0,0,0,0,0,0,-249000,0,0,0,301000,550000,-249000,-249000
064238,玉晶光統一01購08,0,0,0,0,0,0,0,0,0,-249000,0,0,0,168000,417000,-249000,-249000
068142,鴻海元大02購02  ,0,0,0,0,0,0,0,0,0,-250000,0,0,0,69000,319000,-250000,-250000
067373,聯發科統一03購04,0,0,0,0,0,0,0,0,0,-250000,0,0,0,29000,279000,-250000,-250000
068491,美律元大01購06  ,0,0,0,0,0,0,0,0,0,-250000,0,0,0,28000,278000,-250000,-250000
068613,帆宣凱基01購02  ,0,0,0,0,0,0,0,0,0,-250000,0,0,0,0,250000,-250000,-250000
08797P,健策凱基02售03  ,0,0,0,0,0,0,0,0,0,-250000,0,0,0,146000,396000,-250000,-250000
058422,百和麥證99購01  ,0,0,0,60000,310000,-250000,0,0,0,-250000,0,0,0,60000,310000,-250000,-250000
057202,TPK元富98購02   ,0,0,0,0,0,0,0,0,0,-250000,0,0,0,0,250000,-250000,-250000
064428,裕隆凱基02購01  ,0,0,0,0,0,0,0,0,0,-250000,0,0,0,284000,534000,-250000,-250000
063930,高鐵統一02購02  ,0,0,0,0,0,0,0,0,0,-250000,0,0,0,0,250000,-250000,-250000
065767,T50反1國票03購01,0,0,0,0,0,0,0,0,0,-250000,0,0,0,60000,310000,-250000,-250000
061041,南電永豐9A購03  ,0,0,0,0,0,0,0,0,0,-251000,0,0,0,1000,252000,-251000,-251000
068527,義隆元富03購01  ,0,0,0,0,0,0,0,0,0,-252000,0,0,0,30000,282000,-252000,-252000
061094,彩晶統一9B購02  ,0,0,0,0,0,0,0,0,0,-252000,0,0,0,41000,293000,-252000,-252000
065728,嘉晶凱基9C購04  ,0,0,0,0,0,0,0,0,0,-252000,0,0,0,22000,274000,-252000,-252000
2383,台光電          ,624000,823000,-199000,0,0,0,0,2000,-2000,-51000,105000,141000,-36000,58000,73000,-15000,-252000
067504,鴻海統一01購07  ,0,0,0,0,0,0,0,0,0,-253000,0,0,0,37000,290000,-253000,-253000
062653,正隆永豐9B購01  ,0,0,0,0,0,0,0,0,0,-253000,0,0,0,68000,321000,-253000,-253000
065845,友達元大9C購12  ,0,0,0,0,0,0,0,0,0,-253000,0,0,0,30000,283000,-253000,-253000
06478P,臺股指日盛9A售01,0,0,0,0,0,0,0,0,0,-253000,0,0,0,175000,428000,-253000,-253000
064624,群創元大02購01  ,0,0,0,0,0,0,0,0,0,-254000,0,0,0,100000,354000,-254000,-254000
066020,東元群益01購01  ,0,0,0,0,0,0,0,0,0,-254000,0,0,0,57000,311000,-254000,-254000
067488,群創元大03購01  ,0,0,0,0,0,0,0,0,0,-255000,0,0,0,0,255000,-255000,-255000
053584,友達元大9B購02  ,0,0,0,0,0,0,0,0,0,-255000,0,0,0,100000,355000,-255000,-255000
065621,聯發科第一9C購01,0,0,0,0,0,0,0,0,0,-255000,0,0,0,15000,270000,-255000,-255000
060189,宏達電元富9B購03,0,0,0,0,0,0,0,0,0,-256000,0,0,0,0,256000,-256000,-256000
065746,光寶科元大9C購01,0,0,0,0,0,0,0,0,0,-256000,0,0,0,21000,277000,-256000,-256000
068149,旺宏元大01購05  ,0,0,0,0,0,0,0,0,0,-257000,0,0,0,0,257000,-257000,-257000
068001,欣興元大01購08  ,0,0,0,0,0,0,0,0,0,-257000,0,0,0,153000,410000,-257000,-257000
00771,元大US高息特別股,0,0,0,0,0,0,0,0,0,-257000,0,0,0,4000,261000,-257000,-257000
063292,致新元大9B購02  ,0,0,0,0,0,0,0,0,0,-257000,0,0,0,6000,263000,-257000,-257000
066137,智易群益01購01  ,0,0,0,0,0,0,0,0,0,-257000,0,0,0,278000,535000,-257000,-257000
064841,彩晶統一02購02  ,0,0,0,0,0,0,0,0,0,-257000,0,0,0,159000,416000,-257000,-257000
067266,義隆國泰03購01  ,18000,260000,-242000,0,0,0,0,0,0,-17000,0,0,0,1244000,1261000,-17000,-259000
068355,美律凱基01購02  ,0,0,0,0,0,0,0,0,0,-259000,0,0,0,10000,269000,-259000,-259000
068380,欣興永豐01購05  ,0,0,0,0,0,0,0,0,0,-259000,0,0,0,46000,305000,-259000,-259000
064369,彩晶統一01購01  ,0,0,0,0,0,0,0,0,0,-259000,0,0,0,427000,686000,-259000,-259000
064297,台郡國票01購01  ,0,0,0,0,0,0,0,0,0,-259000,0,0,0,0,259000,-259000,-259000
068561,台積電元大01購52,0,0,0,0,0,0,0,0,0,-260000,0,0,0,10000,270000,-260000,-260000
055519,茂林中信99購01  ,0,0,0,0,0,0,0,0,0,-260000,0,0,0,0,260000,-260000,-260000
2903,遠百            ,128000,367000,-239000,0,0,0,0,0,0,-21000,0,0,0,0,21000,-21000,-260000
07902P,玉晶光國票01售01,0,0,0,0,0,0,0,0,0,-261000,0,0,0,224000,485000,-261000,-261000
08152P,祥碩統一9B售02  ,0,0,0,0,0,0,0,0,0,-261000,0,0,0,105000,366000,-261000,-261000
065830,景碩凱基9C購04  ,0,0,0,0,0,0,0,0,0,-261000,0,0,0,83000,344000,-261000,-261000
066381,景碩康和01購01  ,0,0,0,0,0,0,0,0,0,-261000,0,0,0,46000,307000,-261000,-261000
065139,華通凱基03購01  ,0,0,0,0,0,0,0,0,0,-262000,0,0,0,76000,338000,-262000,-262000
2723,美食-KY         ,430000,672000,-242000,0,0,0,0,0,0,-20000,0,6000,-6000,24000,38000,-14000,-262000
1907,永豐餘          ,448000,748624,-300624,0,0,0,0,0,0,38000,0,76000,-76000,114000,0,114000,-262624
07786P,南電中信9C售01  ,0,0,0,0,0,0,0,0,0,-263000,0,0,0,30000,293000,-263000,-263000
067140,鎧勝永豐01購02  ,0,0,0,0,0,0,0,0,0,-263000,0,0,0,1000,264000,-263000,-263000
2455,全新            ,226000,517000,-291000,0,0,0,0,0,0,28000,118000,132000,-14000,48000,6000,42000,-263000
068128,台積電統一03購07,0,0,0,0,0,0,0,0,0,-264000,0,0,0,5000,269000,-264000,-264000
057990,美律統一99購02  ,0,0,0,0,0,0,0,0,0,-264000,0,0,0,0,264000,-264000,-264000
063924,致新元富9C購01  ,0,0,0,0,0,0,0,0,0,-264000,0,0,0,102000,366000,-264000,-264000
067126,康控富邦03購02  ,0,0,0,0,0,0,0,0,0,-265000,0,0,0,0,265000,-265000,-265000
08088P,義隆凱基9B售03  ,0,0,0,0,0,0,0,0,0,-265000,0,0,0,0,265000,-265000,-265000
08720P,台光電元大01售03,0,0,0,0,0,0,0,0,0,-265000,0,0,0,2000,267000,-265000,-265000
063473,茂林元大9B購05  ,0,0,0,0,0,0,0,0,0,-265000,0,0,0,68000,333000,-265000,-265000
064760,玉晶光凱基01購02,0,0,0,0,0,0,0,0,0,-265000,0,0,0,26000,291000,-265000,-265000
066877,奇鋐富邦03購01  ,0,0,0,0,0,0,0,0,0,-265000,0,0,0,99000,364000,-265000,-265000
2362,藍天            ,123000,443000,-320000,0,0,0,0,0,0,55000,0,2000,-2000,57000,0,57000,-265000
068366,泰碩國泰03購02  ,0,0,0,0,0,0,0,0,0,-266000,0,0,0,205000,471000,-266000,-266000
067357,欣興群益01購02  ,0,0,0,0,0,0,0,0,0,-266000,0,0,0,21000,287000,-266000,-266000
067985,聚陽元大02購01  ,0,0,0,0,0,0,0,0,0,-266000,0,0,0,145000,411000,-266000,-266000
03089P,華擎元大01售07  ,0,0,0,0,0,0,0,0,0,-266000,0,0,0,10000,276000,-266000,-266000
065330,億豐凱基9C購03  ,0,0,0,0,0,0,0,0,0,-266000,0,0,0,10000,276000,-266000,-266000
5522,遠雄            ,245000,569000,-324000,0,0,0,0,0,0,58000,70000,0,70000,0,12000,-12000,-266000
08598P,立積元大9C售04  ,0,0,0,0,0,0,0,0,0,-267000,0,0,0,356000,623000,-267000,-267000
065477,健鼎元大9C購03  ,0,0,0,0,0,0,0,0,0,-267000,0,0,0,120000,387000,-267000,-267000
060877,華邦電中信02購01,0,0,0,0,0,0,0,0,0,-268000,0,0,0,1000,269000,-268000,-268000
066293,惠特元大02購01  ,0,0,0,0,0,0,0,0,0,-268000,0,0,0,0,268000,-268000,-268000
067479,京元電元大01購05,0,0,0,0,0,0,0,0,0,-270000,0,0,0,16000,286000,-270000,-270000
05830P,滬深2X元富99售03,0,0,0,0,0,0,0,0,0,-270000,0,0,0,0,270000,-270000,-270000
063988,華通永豐9C購01  ,0,0,0,0,0,0,0,0,0,-270000,0,0,0,0,270000,-270000,-270000
058899,旺宏元大99購10  ,0,0,0,0,0,0,0,0,0,-271000,0,0,0,273000,544000,-271000,-271000
056520,鴻海日盛99購01  ,0,0,0,0,0,0,0,0,0,-271000,0,0,0,20000,291000,-271000,-271000
064974,燿華元大9C購03  ,0,0,0,0,0,0,0,0,0,-271000,0,0,0,34000,305000,-271000,-271000
3704,合勤控          ,418000,481000,-63000,0,0,0,0,0,0,-209000,0,209000,-209000,0,0,0,-272000
068062,瑞昱兆豐03購01  ,0,0,0,0,0,0,0,0,0,-273000,0,0,0,49000,322000,-273000,-273000
068485,台達電元大01購05,0,0,0,0,0,0,0,0,0,-273000,0,0,0,0,273000,-273000,-273000
061796,興勤永豐9B購01  ,0,0,0,0,0,0,0,0,0,-273000,0,0,0,167000,440000,-273000,-273000
065749,友訊元大9C購03  ,0,0,0,0,0,0,0,0,0,-273000,0,0,0,67000,340000,-273000,-273000
6168,宏齊            ,336000,609000,-273000,0,0,0,0,0,0,0,1000,1000,0,0,0,0,-273000
6177,達麗            ,20000,292000,-272000,0,0,0,0,0,0,-1000,0,0,0,0,1000,-1000,-273000
067309,欣興元大01購04  ,0,0,0,0,0,0,0,0,0,-274000,0,0,0,301000,575000,-274000,-274000
068075,欣興凱基01購04  ,0,0,0,0,0,0,0,0,0,-275000,0,0,0,72000,347000,-275000,-275000
065092,健鼎元大9C購02  ,0,0,0,0,0,0,0,0,0,-275000,0,0,0,120000,395000,-275000,-275000
068415,台積電中信07購04,0,0,0,0,0,0,0,0,0,-276000,0,0,0,642000,918000,-276000,-276000
08610P,鴻海凱基9C售05  ,0,0,0,0,0,0,0,0,0,-276000,0,0,0,219000,495000,-276000,-276000
067134,國揚永豐01購02  ,0,0,0,0,0,0,0,0,0,-277000,0,0,0,156000,433000,-277000,-277000
067082,健策元大01購07  ,0,0,0,0,0,0,0,0,0,-277000,0,0,0,154000,431000,-277000,-277000
060158,廣達永豐9A購01  ,0,0,0,0,0,0,0,0,0,-277000,0,0,0,98000,375000,-277000,-277000
063516,香港反凱基03購01,0,0,0,0,0,0,0,0,0,-277000,0,0,0,138000,415000,-277000,-277000
067310,欣興元大01購05  ,0,0,0,0,0,0,0,0,0,-278000,0,0,0,233000,511000,-278000,-278000
056659,泰碩元大99購01  ,0,0,0,0,0,0,0,0,0,-278000,0,0,0,5000,283000,-278000,-278000
03057P,亞德客凱基01售02,0,0,0,0,0,0,0,0,0,-278000,0,0,0,57000,335000,-278000,-278000
064170,儒鴻元富9C購01  ,0,0,0,0,0,0,0,0,0,-278000,0,0,0,100000,378000,-278000,-278000
065821,億豐元富03購01  ,0,0,0,0,0,0,0,0,0,-278000,0,0,0,259000,537000,-278000,-278000
068048,美律統一03購01  ,0,0,0,0,0,0,0,0,0,-279000,0,0,0,5000,284000,-279000,-279000
067862,泰豐元大01購02  ,0,0,0,0,0,0,0,0,0,-280000,0,0,0,3000,283000,-280000,-280000
067494,日月光元大01購03,0,0,0,0,0,0,0,0,0,-280000,0,0,0,901000,1181000,-280000,-280000
07880P,可成群益9B售05  ,0,0,0,0,0,0,0,0,0,-280000,0,0,0,70000,350000,-280000,-280000
065594,華通元大01購02  ,0,0,0,0,0,0,0,0,0,-280000,0,0,0,88000,368000,-280000,-280000
08543P,世芯國票01售02  ,0,0,0,0,0,0,0,0,0,-281000,0,0,0,511000,792000,-281000,-281000
067149,瑞昱統一03購01  ,0,0,0,0,0,0,0,0,0,-281000,0,0,0,2000,283000,-281000,-281000
068152,美律元大01購03  ,0,0,0,0,0,0,0,0,0,-281000,0,0,0,60000,341000,-281000,-281000
068083,南電凱基01購04  ,0,0,0,0,0,0,0,0,0,-282000,0,0,0,14000,296000,-282000,-282000
064778,美律群益9C購01  ,0,0,0,0,0,0,0,0,0,-282000,0,0,0,20000,302000,-282000,-282000
064240,群創統一02購02  ,0,0,0,0,0,0,0,0,0,-282000,0,0,0,108000,390000,-282000,-282000
063382,南茂永豐9B購01  ,0,0,0,0,0,0,0,0,0,-283000,0,0,0,42000,325000,-283000,-283000
063175,燿華兆豐9C購01  ,0,0,0,0,0,0,0,0,0,-284000,0,0,0,1000,285000,-284000,-284000
065942,燿華元富01購01  ,0,0,0,0,0,0,0,0,0,-284000,0,0,0,52000,336000,-284000,-284000
067978,緯穎群益01購06  ,0,0,0,0,0,0,0,0,0,-285000,0,0,0,24000,309000,-285000,-285000
1304,台聚            ,72000,357297,-285297,0,0,0,0,0,0,0,0,0,0,0,0,0,-285297
068229,聯發科元富07購09,0,0,0,0,0,0,0,0,0,-286000,0,0,0,129000,415000,-286000,-286000
062057,華邦電統一01購01,0,0,0,0,0,0,0,0,0,-286000,0,0,0,66000,352000,-286000,-286000
1515,力山            ,468000,1069000,-601000,0,0,0,296000,0,296000,19000,12000,2000,10000,53000,44000,9000,-286000
067835,微星統一02購02  ,0,0,0,0,0,0,0,0,0,-287000,0,0,0,238000,525000,-287000,-287000
3443,創意            ,171000,460000,-289000,0,0,0,0,0,0,1000,38000,29000,9000,3000,11000,-8000,-288000
08510P,大立光富邦03售04,0,0,0,0,0,0,0,0,0,-289000,0,0,0,164000,453000,-289000,-289000
063262,南六富邦9C購01  ,0,0,0,0,0,0,0,0,0,-289000,0,0,0,38000,327000,-289000,-289000
062252,華邦電元大9C購01,0,0,0,0,0,0,0,0,0,-289000,0,0,0,0,289000,-289000,-289000
067738,技嘉元大01購02  ,0,0,0,0,0,0,0,0,0,-290000,0,0,0,71000,361000,-290000,-290000
063396,金像電群益9C購01,0,0,0,0,0,0,0,0,0,-290000,0,0,0,10000,300000,-290000,-290000
056361,美律元大99購02  ,0,0,0,0,0,0,0,0,0,-290000,0,0,0,0,290000,-290000,-290000
058040,FBVIX元大98購01 ,0,0,0,0,0,0,0,0,0,-290000,0,0,0,0,290000,-290000,-290000
066327,強茂永豐01購01  ,0,0,0,0,0,0,0,0,0,-290000,0,0,0,43000,333000,-290000,-290000
9955,佳龍            ,86000,376000,-290000,0,0,0,0,0,0,0,0,0,0,0,0,0,-290000
1434,福懋            ,1216664,1265000,-48336,0,0,0,0,6000,-6000,-237000,0,11000,-11000,0,226000,-226000,-291336
068536,聯發科中信04購02,0,0,0,0,0,0,0,0,0,-292000,0,0,0,0,292000,-292000,-292000
056369,彩晶元大01購01  ,0,0,0,0,0,0,0,0,0,-292000,0,0,0,10000,302000,-292000,-292000
063610,儒鴻群益9B購02  ,0,0,0,0,0,0,0,0,0,-292000,0,0,0,476000,768000,-292000,-292000
2451,創見            ,55000,267000,-212000,0,0,0,1000,2000,-1000,-79000,0,2000,-2000,0,77000,-77000,-292000
060156,光磊永豐9A購01  ,0,0,0,0,0,0,0,0,0,-293000,0,0,0,8000,301000,-293000,-293000
066040,友訊元大01購02  ,0,0,0,0,0,0,0,0,0,-293000,0,0,0,75000,368000,-293000,-293000
065216,群創國泰01購02  ,0,0,0,0,0,0,0,0,0,-293000,0,0,0,357000,650000,-293000,-293000
067554,聚陽國票02購02  ,0,0,0,0,0,0,0,0,0,-294000,0,0,0,2000,296000,-294000,-294000
057671,群創元大9B購06  ,0,0,0,0,0,0,0,0,0,-294000,0,0,0,2000,296000,-294000,-294000
065733,茂林凱基9C購03  ,0,0,0,0,0,0,0,0,0,-294000,0,0,0,146000,440000,-294000,-294000
066530,美律元富04購01  ,0,0,0,0,0,0,0,0,0,-294000,0,0,0,149000,443000,-294000,-294000
066755,永光永豐01購02  ,0,0,0,0,0,0,0,0,0,-294000,0,0,0,64000,358000,-294000,-294000
08060P,嘉澤元大9B售01  ,0,0,0,0,0,0,0,0,0,-295000,0,0,0,0,295000,-295000,-295000
062189,康控元大9B購02  ,0,0,0,0,0,0,0,0,0,-295000,0,0,0,29000,324000,-295000,-295000
060288,群光元大9C購01  ,0,0,0,0,0,0,0,0,0,-295000,0,0,0,78000,373000,-295000,-295000
08545P,南電國泰01售02  ,0,0,0,0,0,0,0,0,0,-296000,0,0,0,6000,302000,-296000,-296000
068333,緯創元大01購04  ,0,0,0,0,0,0,0,0,0,-296000,0,0,0,3000,299000,-296000,-296000
058989,茂林凱基99購02  ,0,0,0,0,0,0,0,0,0,-296000,0,0,0,28000,324000,-296000,-296000
065039,國巨凱基02購02  ,0,0,0,0,0,0,0,0,0,-296000,0,0,0,104000,400000,-296000,-296000
068384,聯電統一03購02  ,0,0,0,0,0,0,0,0,0,-297000,0,0,0,106000,403000,-297000,-297000
068010,台郡元大01購06  ,0,0,0,0,0,0,0,0,0,-297000,0,0,0,583000,880000,-297000,-297000
067285,欣興國票02購01  ,0,0,0,0,0,0,0,0,0,-298000,0,0,0,224000,522000,-298000,-298000
03145P,聯發科國票03售01,0,0,0,0,0,0,0,0,0,-298000,0,0,0,0,298000,-298000,-298000
3059,華晶科          ,1409000,1707000,-298000,0,0,0,0,0,0,-1000,0,1000,-1000,0,0,0,-299000
067528,聚陽群益01購01  ,0,0,0,0,0,0,0,0,0,-300000,0,0,0,25000,325000,-300000,-300000
068022,聯發科台新01購01,0,0,0,0,0,0,0,0,0,-300000,0,0,0,598000,898000,-300000,-300000
08226P,台灣50元大9B售26,0,0,0,0,0,0,0,0,0,-300000,0,0,0,70000,370000,-300000,-300000
08270P,鴻海富邦9C售02  ,0,0,0,0,0,0,0,0,0,-300000,0,0,0,0,300000,-300000,-300000
059636,宏達電凱基99購05,0,0,0,0,0,0,0,0,0,-300000,0,0,0,0,300000,-300000,-300000
064415,群創麥證9C購01  ,0,0,0,11000,312000,-301000,0,0,0,-301000,0,0,0,11000,312000,-301000,-301000
057287,彩晶元大9C購03  ,0,0,0,0,0,0,0,0,0,-302000,0,0,0,0,302000,-302000,-302000
060928,明泰永豐9A購01  ,0,0,0,0,0,0,0,0,0,-302000,0,0,0,12000,314000,-302000,-302000
065773,鴻海國票03購01  ,0,0,0,0,0,0,0,0,0,-302000,0,0,0,23000,325000,-302000,-302000
03133P,聯電中信01售02  ,0,0,0,0,0,0,0,0,0,-303000,0,0,0,3000,306000,-303000,-303000
059261,華邦電中信01購01,0,0,0,0,0,0,0,0,0,-304000,0,0,0,30000,334000,-304000,-304000
065655,緯穎元大9C購05  ,0,0,0,0,0,0,0,0,0,-305000,0,0,0,92000,397000,-305000,-305000
1904,正隆            ,489000,865000,-376000,0,0,0,0,0,0,71000,0,44000,-44000,115000,0,115000,-305000
068313,松翰國票03購01  ,0,0,0,0,0,0,0,0,0,-306000,0,0,0,0,306000,-306000,-306000
067070,友訊元大01購04  ,0,0,0,0,0,0,0,0,0,-306000,0,0,0,140000,446000,-306000,-306000
3596,智易            ,194000,531000,-337000,0,0,0,0,0,0,31000,0,13000,-13000,60000,16000,44000,-306000
068163,緯穎元大01購07  ,0,0,0,0,0,0,0,0,0,-307000,0,0,0,50000,357000,-307000,-307000
08557P,臺股指中信01售09,0,0,0,0,0,0,0,0,0,-307000,0,0,0,1000,308000,-307000,-307000
065138,上銀凱基02購01  ,0,0,0,0,0,0,0,0,0,-307000,0,0,0,114000,421000,-307000,-307000
065171,燿華元大9C購04  ,0,0,0,0,0,0,0,0,0,-307000,0,0,0,23000,330000,-307000,-307000
063817,GIS群益9C購01   ,0,0,0,0,0,0,0,0,0,-307000,0,0,0,319000,626000,-307000,-307000
065690,台苯群益9C購01  ,0,0,0,0,0,0,0,0,0,-307000,0,0,0,66000,373000,-307000,-307000
065896,智易統一02購01  ,0,0,0,0,0,0,0,0,0,-308000,0,0,0,0,308000,-308000,-308000
063671,GIS統一01購01   ,0,0,0,0,0,0,0,0,0,-309000,0,0,0,239000,548000,-309000,-309000
064959,巨大凱基9C購02  ,0,0,0,0,0,0,0,0,0,-309000,0,0,0,0,309000,-309000,-309000
065646,健鼎元大9C購04  ,0,0,0,0,0,0,0,0,0,-309000,0,0,0,106000,415000,-309000,-309000
065451,台表科統一02購04,0,0,0,0,0,0,0,0,0,-309000,0,0,0,295000,604000,-309000,-309000
058510,全新元大9B購02  ,0,0,0,0,0,0,0,0,0,-310000,0,0,0,10000,320000,-310000,-310000
03148P,聯電群益03售04  ,0,0,0,0,0,0,0,0,0,-310000,0,0,0,0,310000,-310000,-310000
066290,台塑化元大01購01,0,0,0,0,0,0,0,0,0,-310000,0,0,0,164000,474000,-310000,-310000
065448,緯創統一9C購01  ,0,0,0,0,0,0,0,0,0,-311000,0,0,0,103000,414000,-311000,-311000
1305,華夏            ,103000,299000,-196000,0,0,0,0,0,0,-115000,0,52000,-52000,0,63000,-63000,-311000
08396P,鴻海元富9C售04  ,0,0,0,0,0,0,0,0,0,-312000,0,0,0,24000,336000,-312000,-312000
06953P,景碩統一9A售01  ,0,0,0,0,0,0,0,0,0,-312000,0,0,0,0,312000,-312000,-312000
066998,訊芯國泰03購01  ,0,0,0,0,0,0,0,0,0,-312000,0,0,0,527000,839000,-312000,-312000
067547,儒鴻中信01購01  ,0,0,0,0,0,0,0,0,0,-312000,0,0,0,166000,478000,-312000,-312000
061867,旺宏元大9B購02  ,0,0,0,0,0,0,0,0,0,-312000,0,0,0,34000,346000,-312000,-312000
066207,聯鈞統一01購02  ,0,0,0,0,0,0,0,0,0,-313000,0,0,0,15000,328000,-313000,-313000
2836,高雄銀          ,67000,380000,-313000,0,0,0,0,0,0,0,0,0,0,0,0,0,-313000
9802,鈺齊-KY         ,50000,292000,-242000,0,0,0,0,0,0,-71000,3000,0,3000,0,74000,-74000,-313000
067341,欣興凱基03購01  ,0,0,0,0,0,0,0,0,0,-314000,0,0,0,114000,428000,-314000,-314000
067626,聚陽永豐01購01  ,0,0,0,0,0,0,0,0,0,-315000,0,0,0,0,315000,-315000,-315000
066870,宏達電元富01購01,0,0,0,0,0,0,0,0,0,-315000,0,0,0,85000,400000,-315000,-315000
064921,景碩統一02購01  ,0,0,0,0,0,0,0,0,0,-315000,0,0,0,117000,432000,-315000,-315000
064703,T50反1國泰01購01,0,0,0,0,0,0,0,0,0,-315000,0,0,0,16000,331000,-315000,-315000
065377,群創元大02購02  ,0,0,0,0,0,0,0,0,0,-316000,0,0,0,5000,321000,-316000,-316000
066283,鎧勝元大01購02  ,0,0,0,0,0,0,0,0,0,-316000,0,0,0,251000,567000,-316000,-316000
068160,智易元大01購01  ,0,0,0,0,0,0,0,0,0,-317000,0,0,0,110000,427000,-317000,-317000
058188,華擎永豐99購01  ,0,0,0,0,0,0,0,0,0,-317000,0,0,0,30000,347000,-317000,-317000
067376,欣興統一01購01  ,0,0,0,0,0,0,0,0,0,-318000,0,0,0,202000,520000,-318000,-318000
062708,立積元大9B購01  ,0,0,0,0,0,0,0,0,0,-318000,0,0,0,16000,334000,-318000,-318000
067177,日月光麥證01購02,0,0,0,1000,320000,-319000,0,0,0,-319000,0,0,0,1000,320000,-319000,-319000
062807,和碩統一9B購01  ,0,0,0,0,0,0,0,0,0,-319000,0,0,0,24000,343000,-319000,-319000
065654,台表科元大9C購12,0,0,0,0,0,0,0,0,0,-319000,0,0,0,0,319000,-319000,-319000
2867,三商壽          ,632000,951000,-319000,0,0,0,0,0,0,0,0,0,0,0,0,0,-319000
067689,惠特元大01購03  ,0,0,0,0,0,0,0,0,0,-320000,0,0,0,0,320000,-320000,-320000
08081P,台灣50元大9B售20,0,0,0,0,0,0,0,0,0,-320000,0,0,0,0,320000,-320000,-320000
065540,台表科統一02購05,0,0,0,0,0,0,0,0,0,-320000,0,0,0,245000,565000,-320000,-320000
065341,華邦電統一01購02,0,0,0,0,0,0,0,0,0,-320000,0,0,0,106000,426000,-320000,-320000
064174,致新元富9C購02  ,0,0,0,0,0,0,0,0,0,-321000,0,0,0,0,321000,-321000,-321000
066921,日月光麥證01購01,0,0,0,213000,629000,-416000,0,0,0,-321000,0,0,0,318000,639000,-321000,-321000
1313,聯成            ,233000,554000,-321000,0,0,0,0,0,0,0,0,0,0,0,0,0,-321000
3450,聯鈞            ,398000,738000,-340000,0,0,0,0,0,0,17000,0,4000,-4000,53000,32000,21000,-323000
067991,旺宏元大01購04  ,0,0,0,0,0,0,0,0,0,-324000,0,0,0,0,324000,-324000,-324000
060964,日月光凱基9A購01,0,0,0,0,0,0,0,0,0,-324000,0,0,0,48000,372000,-324000,-324000
1310,台苯            ,146000,458000,-312000,0,0,0,0,0,0,-12000,0,12000,-12000,0,0,0,-324000
065538,健鼎統一9C購01  ,0,0,0,0,0,0,0,0,0,-325000,0,0,0,365000,690000,-325000,-325000
067682,上緯控元大01購02,0,0,0,0,0,0,0,0,0,-326000,0,0,0,269000,595000,-326000,-326000
08976P,臺股指群益01售10,0,0,0,0,0,0,0,0,0,-326000,0,0,0,38000,364000,-326000,-326000
08207P,金像電群益9B售05,0,0,0,0,0,0,0,0,0,-327000,0,0,0,170000,497000,-327000,-327000
08246P,亞德客群益01售01,0,0,0,0,0,0,0,0,0,-327000,0,0,0,55000,382000,-327000,-327000
3003,健和興          ,87000,413000,-326000,0,0,0,0,0,0,-1000,0,1000,-1000,0,0,0,-327000
065404,玉晶光國泰02購03,0,0,0,0,0,0,0,0,0,-328000,0,0,0,514000,842000,-328000,-328000
065219,緯穎國泰01購01  ,0,0,0,0,0,0,0,0,0,-328000,0,0,0,22000,350000,-328000,-328000
1762,中化生          ,271000,495000,-224000,0,0,0,0,0,0,-104000,0,104000,-104000,0,0,0,-328000
062550,啟碁永豐9B購01  ,0,0,0,0,0,0,0,0,0,-329000,0,0,0,5000,334000,-329000,-329000
067304,義隆元大01購05  ,0,0,0,0,0,0,0,0,0,-330000,0,0,0,620000,950000,-330000,-330000
067620,聚陽國泰02購01  ,0,0,0,0,0,0,0,0,0,-332000,0,0,0,421000,753000,-332000,-332000
067640,欣興統一02購03  ,0,0,0,0,0,0,0,0,0,-332000,0,0,0,16000,348000,-332000,-332000
08765P,鴻海富邦01售02  ,0,0,0,0,0,0,0,0,0,-332000,0,0,0,0,332000,-332000,-332000
063587,漢唐永豐9B購02  ,0,0,0,0,0,0,0,0,0,-332000,0,0,0,0,332000,-332000,-332000
057912,美律日盛99購01  ,0,0,0,0,0,0,0,0,0,-333000,0,0,0,7000,340000,-333000,-333000
064352,嘉聯益元大9C購01,0,0,0,0,0,0,0,0,0,-333000,0,0,0,296000,629000,-333000,-333000
060437,宏全永豐9A購01  ,0,0,0,0,0,0,0,0,0,-333000,0,0,0,10000,343000,-333000,-333000
067662,聚陽元大01購03  ,0,0,0,0,0,0,0,0,0,-335000,0,0,0,256000,591000,-335000,-335000
3583,辛耘            ,101000,350000,-249000,0,0,0,0,0,0,-86000,0,86000,-86000,0,0,0,-335000
067657,日月光元富01購01,0,0,0,0,0,0,0,0,0,-336000,0,0,0,686000,1022000,-336000,-336000
066105,松翰國票01購01  ,0,0,0,0,0,0,0,0,0,-336000,0,0,0,83000,419000,-336000,-336000
8210,勤誠            ,86000,379000,-293000,0,0,0,0,0,0,-44000,0,43000,-43000,0,1000,-1000,-337000
068164,南電元大01購07  ,0,0,0,0,0,0,0,0,0,-338000,0,0,0,4000,342000,-338000,-338000
068154,聯發科元大01購23,0,0,0,0,0,0,0,0,0,-338000,0,0,0,268000,606000,-338000,-338000
061353,康控元大9A購01  ,0,0,0,0,0,0,0,0,0,-338000,0,0,0,23000,361000,-338000,-338000
066483,瑞昱元富01購01  ,0,0,0,0,0,0,0,0,0,-338000,0,0,0,61000,399000,-338000,-338000
065385,億豐元大03購01  ,0,0,0,0,0,0,0,0,0,-338000,0,0,0,0,338000,-338000,-338000
064068,義隆永豐9C購01  ,0,0,0,0,0,0,0,0,0,-339000,0,0,0,67000,406000,-339000,-339000
066303,泰山永豐01購01  ,0,0,0,0,0,0,0,0,0,-339000,0,0,0,13000,352000,-339000,-339000
066232,聯強富邦03購01  ,0,0,0,0,0,0,0,0,0,-339000,0,0,0,6000,345000,-339000,-339000
064774,聚陽群益9C購04  ,0,0,0,0,0,0,0,0,0,-340000,0,0,0,151000,491000,-340000,-340000
065128,大成鋼兆豐9C購01,0,0,0,0,0,0,0,0,0,-340000,0,0,0,78000,418000,-340000,-340000
068120,智易元富07購01  ,0,0,0,0,0,0,0,0,0,-341000,0,0,0,339000,680000,-341000,-341000
067032,致新元富01購01  ,0,0,0,0,0,0,0,0,0,-342000,0,0,0,33000,375000,-342000,-342000
065482,立積元大01購02  ,0,0,0,0,0,0,0,0,0,-344000,0,0,0,87000,431000,-344000,-344000
3019,亞光            ,513000,912000,-399000,0,0,0,0,0,0,55000,92000,82000,10000,71000,26000,45000,-344000
03043P,健策國票03售01  ,0,0,0,0,0,0,0,0,0,-345000,0,0,0,0,345000,-345000,-345000
065336,華新統一02購01  ,0,0,0,0,0,0,0,0,0,-346000,0,0,0,393000,739000,-346000,-346000
06638P,鴻海統一99售02  ,0,0,0,0,0,0,0,0,0,-346000,0,0,0,84000,430000,-346000,-346000
067743,緯創元大01購02  ,0,0,0,0,0,0,0,0,0,-347000,0,0,0,233000,580000,-347000,-347000
067088,啟碁元大01購01  ,0,0,0,0,0,0,0,0,0,-348000,0,0,0,114000,462000,-348000,-348000
067176,健策麥證02購02  ,0,0,0,160000,525000,-365000,0,0,0,-348000,0,0,0,177000,525000,-348000,-348000
068568,聯詠元大01購10  ,0,0,0,0,0,0,0,0,0,-348000,0,0,0,137000,485000,-348000,-348000
066253,泰豐元大01購01  ,0,0,0,0,0,0,0,0,0,-348000,0,0,0,402000,750000,-348000,-348000
068090,大成鋼群益01購02,0,0,0,0,0,0,0,0,0,-349000,0,0,0,188000,537000,-349000,-349000
064061,GIS麥證01購01   ,0,0,0,0,354000,-354000,0,0,0,-349000,0,0,0,5000,354000,-349000,-349000
064673,南茂元大9C購01  ,0,0,0,0,0,0,0,0,0,-349000,0,0,0,304000,653000,-349000,-349000
065803,大立光群益01購03,0,0,0,0,0,0,0,0,0,-350000,0,0,0,18000,368000,-350000,-350000
066452,晶碩群益01購01  ,0,0,0,0,0,0,0,0,0,-350000,0,0,0,71000,421000,-350000,-350000
067046,聯發科凱基04購01,0,0,0,0,0,0,0,0,0,-351000,0,0,0,119000,470000,-351000,-351000
08184P,可成永豐9B售03  ,0,0,0,0,0,0,0,0,0,-352000,0,0,0,6000,358000,-352000,-352000
08926P,台積電元富07售06,0,0,0,0,0,0,0,0,0,-352000,0,0,0,10000,362000,-352000,-352000
067004,義隆永豐01購01  ,0,0,0,0,0,0,0,0,0,-353000,0,0,0,93000,446000,-353000,-353000
059080,亞泥元大99購01  ,0,0,0,0,0,0,0,0,0,-353000,0,0,0,13000,366000,-353000,-353000
065442,健鼎麥證9C購01  ,0,0,0,0,353000,-353000,0,0,0,-353000,0,0,0,0,353000,-353000,-353000
2606,裕民            ,93000,417000,-324000,0,0,0,0,0,0,-31000,0,31000,-31000,0,0,0,-355000
2478,大毅            ,491000,814000,-323000,0,0,0,0,0,0,-32000,0,17000,-17000,11000,26000,-15000,-355000
067299,燿華元大01購03  ,0,0,0,0,0,0,0,0,0,-358000,0,0,0,48000,406000,-358000,-358000
065992,立積永豐01購01  ,0,0,0,0,0,0,0,0,0,-358000,0,0,0,137000,495000,-358000,-358000
068593,台積電統一03購08,0,0,0,0,0,0,0,0,0,-359000,0,0,0,8000,367000,-359000,-359000
064583,光寶科永豐9C購01,0,0,0,0,0,0,0,0,0,-359000,0,0,0,38000,397000,-359000,-359000
062871,大成鋼兆豐9B購01,0,0,0,0,0,0,0,0,0,-359000,0,0,0,4000,363000,-359000,-359000
066774,聯詠富邦03購01  ,0,0,0,0,0,0,0,0,0,-359000,0,0,0,550000,909000,-359000,-359000
08398P,台積電元富9C售04,0,0,0,0,0,0,0,0,0,-360000,0,0,0,50000,410000,-360000,-360000
064302,美律兆豐01購01  ,0,0,0,0,0,0,0,0,0,-360000,0,0,0,33000,393000,-360000,-360000
057592,美律兆豐99購01  ,0,0,0,0,0,0,0,0,0,-361000,0,0,0,0,361000,-361000,-361000
063809,矽創兆豐01購01  ,0,0,0,0,0,0,0,0,0,-361000,0,0,0,109000,470000,-361000,-361000
062980,康控元富9B購01  ,0,0,0,0,0,0,0,0,0,-362000,0,0,0,194000,556000,-362000,-362000
066869,聯發科元富07購02,0,0,0,0,0,0,0,0,0,-362000,0,0,0,183000,545000,-362000,-362000
063613,全新群益9C購01  ,0,0,0,0,0,0,0,0,0,-363000,0,0,0,0,363000,-363000,-363000
060414,中興電永豐9A購01,0,0,0,0,0,0,0,0,0,-365000,0,0,0,176000,541000,-365000,-365000
066907,聯發科凱基03購04,0,0,0,0,0,0,0,0,0,-365000,0,0,0,80000,445000,-365000,-365000
065944,大成鋼統一02購01,0,0,0,0,0,0,0,0,0,-366000,0,0,0,46000,412000,-366000,-366000
064099,億光群益9C購01  ,0,0,0,0,0,0,0,0,0,-366000,0,0,0,68000,434000,-366000,-366000
067215,亞光元大01購05  ,0,0,0,0,0,0,0,0,0,-367000,0,0,0,0,367000,-367000,-367000
060506,京元電元大9A購02,0,0,0,0,0,0,0,0,0,-367000,0,0,0,0,367000,-367000,-367000
064981,致伸元大9C購01  ,0,0,0,0,0,0,0,0,0,-367000,0,0,0,143000,510000,-367000,-367000
061896,景碩永豐9B購01  ,0,0,0,0,0,0,0,0,0,-368000,0,0,0,120000,488000,-368000,-368000
066282,鎧勝元大01購01  ,0,0,0,0,0,0,0,0,0,-368000,0,0,0,301000,669000,-368000,-368000
08754P,臺股指群益01售04,0,0,0,0,0,0,0,0,0,-369000,0,0,0,177000,546000,-369000,-369000
068060,聯發科中信04購01,0,0,0,0,0,0,0,0,0,-370000,0,0,0,38000,408000,-370000,-370000
063693,智易永豐9B購02  ,0,0,0,0,0,0,0,0,0,-370000,0,0,0,1000,371000,-370000,-370000
066134,強茂群益01購01  ,0,0,0,0,0,0,0,0,0,-370000,0,0,0,122000,492000,-370000,-370000
2637,慧洋-KY         ,19000,476000,-457000,0,0,0,0,0,0,86000,0,10000,-10000,96000,0,96000,-371000
067761,致伸永豐01購01  ,0,0,0,0,0,0,0,0,0,-372000,0,0,0,10000,382000,-372000,-372000
058645,康控富邦01購01  ,0,0,0,0,0,0,0,0,0,-372000,0,0,0,393000,765000,-372000,-372000
057894,華通元富02購02  ,0,0,0,0,0,0,0,0,0,-374000,0,0,0,117000,491000,-374000,-374000
1711,永光            ,1321000,1857000,-536000,0,0,0,0,0,0,162000,0,0,0,184000,22000,162000,-374000
066565,泰鼎元大01購01  ,0,0,0,0,0,0,0,0,0,-376000,0,0,0,12000,388000,-376000,-376000
062707,致伸元大9B購01  ,0,0,0,0,0,0,0,0,0,-377000,0,0,0,185000,562000,-377000,-377000
063804,華邦電兆豐01購01,0,0,0,0,0,0,0,0,0,-377000,0,0,0,77000,454000,-377000,-377000
06716P,台積電元大9A售02,0,0,0,0,0,0,0,0,0,-378000,0,0,0,51000,429000,-378000,-378000
067130,泰豐永豐01購02  ,0,0,0,0,0,0,0,0,0,-379000,0,0,0,11000,390000,-379000,-379000
061355,康友元大9A購03  ,0,0,0,0,0,0,0,0,0,-379000,0,0,0,0,379000,-379000,-379000
9188,精熙-DR         ,29000,408000,-379000,0,0,0,0,0,0,0,0,0,0,0,0,0,-379000
2330,台積電          ,36680033,37343399,-663366,0,0,0,216000,506000,-290000,574000,147000,425000,-278000,1252000,400000,852000,-379366
059101,康控統一9A購01  ,0,0,0,0,0,0,0,0,0,-380000,0,0,0,273000,653000,-380000,-380000
064273,華邦電元大9C購02,0,0,0,0,0,0,0,0,0,-380000,0,0,0,0,380000,-380000,-380000
063022,嘉晶元大9B購04  ,0,0,0,0,0,0,0,0,0,-380000,0,0,0,37000,417000,-380000,-380000
067530,國巨群益01購09  ,0,0,0,0,0,0,0,0,0,-381000,0,0,0,177000,558000,-381000,-381000
068178,華邦電群益01購04,0,0,0,0,0,0,0,0,0,-382000,0,0,0,30000,412000,-382000,-382000
053381,友達元大9A購02  ,0,0,0,0,0,0,0,0,0,-384000,0,0,0,190000,574000,-384000,-384000
065383,南電元大01購02  ,0,0,0,0,0,0,0,0,0,-384000,0,0,0,0,384000,-384000,-384000
3706,神達            ,218840,502000,-283160,0,0,0,3000,0,3000,-104000,6000,2000,4000,69000,177000,-108000,-384160
067049,明泰凱基01購01  ,0,0,0,0,0,0,0,0,0,-385000,0,0,0,167000,552000,-385000,-385000
066598,致新群益02購01  ,0,0,0,0,0,0,0,0,0,-385000,0,0,0,44000,429000,-385000,-385000
066533,南茂元富01購01  ,0,0,0,0,0,0,0,0,0,-385000,0,0,0,138000,523000,-385000,-385000
07777P,創意元大9A售03  ,0,0,0,0,0,0,0,0,0,-388000,0,0,0,30000,418000,-388000,-388000
061639,晶豪科元大9A購02,10000,0,10000,0,0,0,0,0,0,-400000,0,0,0,1000,401000,-400000,-390000
067949,緯穎國泰03購01  ,0,0,0,0,0,0,0,0,0,-391000,0,0,0,26000,417000,-391000,-391000
5871,中租-KY         ,1145000,1676460,-531460,0,0,0,163000,2000,161000,-21000,20000,2000,18000,3000,42000,-39000,-391460
058293,光寶科凱基9A購01,0,0,0,0,0,0,0,0,0,-392000,0,0,0,0,392000,-392000,-392000
064889,T50反1群益9C購02,0,0,0,0,0,0,0,0,0,-392000,0,0,0,58000,450000,-392000,-392000
066501,鴻海富邦03購01  ,0,0,0,0,0,0,0,0,0,-394000,0,0,0,175000,569000,-394000,-394000
065675,茂林凱基03購01  ,0,0,0,0,0,0,0,0,0,-395000,0,0,0,0,395000,-395000,-395000
3041,揚智            ,537000,933000,-396000,0,0,0,0,0,0,0,1000,1000,0,0,0,0,-396000
2615,萬海            ,42000,404000,-362000,0,0,0,0,1000,-1000,-33000,0,0,0,0,33000,-33000,-396000
08095P,大立光元富9B售03,0,0,0,0,0,0,0,0,0,-397000,0,0,0,397000,794000,-397000,-397000
08313P,健策國票01售01  ,0,0,0,0,0,0,0,0,0,-398000,0,0,0,95000,493000,-398000,-398000
061080,華邦電兆豐9B購01,0,0,0,0,0,0,0,0,0,-398000,0,0,0,581000,979000,-398000,-398000
063039,大立光凱基9C購02,0,0,0,0,0,0,0,0,0,-399000,0,0,0,0,399000,-399000,-399000
08756P,台灣50元大01售18,0,0,0,0,0,0,0,0,0,-400000,0,0,0,0,400000,-400000,-400000
067166,華通麥證01購01  ,0,0,0,0,402000,-402000,0,0,0,-400000,0,0,0,2000,402000,-400000,-400000
062571,臺指反群益9B購04,0,0,0,0,0,0,0,0,0,-400000,0,0,0,0,400000,-400000,-400000
064095,鴻海群益01購02  ,0,0,0,0,0,0,0,0,0,-400000,0,0,0,0,400000,-400000,-400000
056470,旺宏元大99購01  ,0,0,0,0,0,0,0,0,0,-401000,0,0,0,0,401000,-401000,-401000
1722,台肥            ,430000,920000,-490000,0,0,0,0,4000,-4000,93000,93000,0,93000,0,0,0,-401000
067209,瑞昱元大01購04  ,0,0,0,0,0,0,0,0,0,-402000,0,0,0,149000,551000,-402000,-402000
068576,台積電國泰03購07,0,0,0,0,0,0,0,0,0,-402000,0,0,0,520000,922000,-402000,-402000
066234,群光富邦04購01  ,0,0,0,0,0,0,0,0,0,-402000,0,0,0,96000,498000,-402000,-402000
062098,億光永豐9B購01  ,0,0,0,0,0,0,0,0,0,-405000,0,0,0,0,405000,-405000,-405000
068103,松翰永豐01購02  ,0,0,0,0,0,0,0,0,0,-406000,0,0,0,190000,596000,-406000,-406000
4904,遠傳            ,1340398,2113000,-772602,0,0,0,361000,3000,358000,8000,0,22000,-22000,30000,0,30000,-406602
08783P,台積電元大01售18,0,0,0,0,0,0,0,0,0,-407000,0,0,0,1070000,1477000,-407000,-407000
063573,茂林元大9B購06  ,0,0,0,0,0,0,0,0,0,-407000,0,0,0,152000,559000,-407000,-407000
8163,達方            ,186000,596000,-410000,0,0,0,0,0,0,3000,6000,1000,5000,23000,25000,-2000,-407000
065949,瑞昱統一01購06  ,0,0,0,0,0,0,0,0,0,-408000,0,0,0,549000,957000,-408000,-408000
058464,矽創兆豐9A購01  ,0,0,0,0,0,0,0,0,0,-409000,0,0,0,100000,509000,-409000,-409000
061557,台積電國票9C購02,0,0,0,0,0,0,0,0,0,-410000,0,0,0,51000,461000,-410000,-410000
064117,中興電元大9C購01,0,0,0,0,0,0,0,0,0,-410000,0,0,0,124000,534000,-410000,-410000
065169,華邦電元大9C購03,0,0,0,0,0,0,0,0,0,-410000,0,0,0,105000,515000,-410000,-410000
068076,欣興凱基01購05  ,0,0,0,0,0,0,0,0,0,-411000,0,0,0,100000,511000,-411000,-411000
067224,致新元大01購03  ,0,0,0,0,0,0,0,0,0,-411000,0,0,0,51000,462000,-411000,-411000
068399,中興電元富03購01,0,0,0,0,0,0,0,0,0,-412000,0,0,0,154000,566000,-412000,-412000
061085,聯茂兆豐9A購01  ,0,0,0,0,0,0,0,0,0,-412000,0,0,0,8000,420000,-412000,-412000
066597,緯穎群益02購01  ,0,0,0,0,0,0,0,0,0,-412000,0,0,0,17000,429000,-412000,-412000
6282,康舒            ,846000,1235000,-389000,0,0,0,0,0,0,-24000,78000,2000,76000,71000,171000,-100000,-413000
058928,國巨統一9C購01  ,0,0,0,0,0,0,0,0,0,-416000,0,0,0,598000,1014000,-416000,-416000
064377,宏達電元富9C購01,0,0,0,0,0,0,0,0,0,-416000,0,0,0,59000,475000,-416000,-416000
3515,華擎            ,145000,577000,-432000,0,0,0,0,0,0,16000,30000,12000,18000,19000,21000,-2000,-416000
067588,欣興群益01購04  ,0,0,0,0,0,0,0,0,0,-417000,0,0,0,352000,769000,-417000,-417000
065408,華通永豐9C購02  ,0,0,0,0,0,0,0,0,0,-420000,0,0,0,22000,442000,-420000,-420000
068523,台光電元富07購02,0,0,0,0,0,0,0,0,0,-422000,0,0,0,0,422000,-422000,-422000
064135,復盛元大9C購01  ,0,0,0,0,0,0,0,0,0,-422000,0,0,0,419000,841000,-422000,-422000
068187,南電群益01購02  ,0,0,0,0,0,0,0,0,0,-423000,0,0,0,1000,424000,-423000,-423000
061165,美律兆豐9A購01  ,0,0,0,0,0,0,0,0,0,-423000,0,0,0,0,423000,-423000,-423000
062589,友達統一9C購03  ,0,0,0,0,0,0,0,0,0,-424000,0,0,0,5000,429000,-424000,-424000
07043P,國巨元大99售14  ,0,0,0,0,0,0,0,0,0,-425000,0,0,0,0,425000,-425000,-425000
067013,致新永豐01購01  ,0,0,0,0,0,0,0,0,0,-427000,0,0,0,0,427000,-427000,-427000
066114,瑞昱兆豐02購01  ,0,0,0,0,0,0,0,0,0,-427000,0,0,0,94000,521000,-427000,-427000
067684,康控元大01購05  ,0,0,0,0,0,0,0,0,0,-431000,0,0,0,417000,848000,-431000,-431000
061170,南茂兆豐9B購01  ,0,0,0,0,0,0,0,0,0,-432000,0,0,0,182000,614000,-432000,-432000
061745,南電凱基9B購02  ,0,0,0,0,0,0,0,0,0,-432000,0,0,0,0,432000,-432000,-432000
9921,巨大            ,400763,887704,-486941,0,0,0,28000,0,28000,25000,30000,7000,23000,3000,1000,2000,-433941
03072P,台積電國泰03售04,0,0,0,0,0,0,0,0,0,-438000,0,0,0,594000,1032000,-438000,-438000
064196,健策群益01購01  ,0,0,0,0,0,0,0,0,0,-440000,0,0,0,26000,466000,-440000,-440000
065104,南茂元大9C購02  ,0,0,0,0,0,0,0,0,0,-440000,0,0,0,190000,630000,-440000,-440000
068450,台積電國票01購10,0,0,0,0,0,0,0,0,0,-441000,0,0,0,121000,562000,-441000,-441000
066962,致新元大01購02  ,0,0,0,0,0,0,0,0,0,-441000,0,0,0,140000,581000,-441000,-441000
6416,瑞祺電通        ,56000,354000,-298000,0,0,0,0,0,0,-143000,9000,32000,-23000,9000,129000,-120000,-441000
068097,台積電富邦03購05,0,0,0,0,0,0,0,0,0,-442000,0,0,0,0,442000,-442000,-442000
063287,嘉澤元大9B購05  ,0,0,0,0,0,0,0,0,0,-442000,0,0,0,237000,679000,-442000,-442000
1720,生達            ,74000,527000,-453000,0,0,0,0,0,0,11000,0,22000,-22000,40000,7000,33000,-442000
1526,日馳            ,457000,899000,-442000,0,0,0,0,0,0,0,0,0,0,0,0,0,-442000
067318,康控元大01購03  ,0,0,0,0,0,0,0,0,0,-443000,0,0,0,87000,530000,-443000,-443000
067212,聯發科元大02購02,0,0,0,0,0,0,0,0,0,-445000,0,0,0,1064000,1509000,-445000,-445000
066063,南電元大01購04  ,0,0,0,0,0,0,0,0,0,-445000,0,0,0,154000,599000,-445000,-445000
064840,彩晶統一02購01  ,0,0,0,0,0,0,0,0,0,-445000,0,0,0,120000,565000,-445000,-445000
065945,鴻海統一02購01  ,0,0,0,0,0,0,0,0,0,-446000,0,0,0,18000,464000,-446000,-446000
068105,GIS永豐01購01   ,0,0,0,0,0,0,0,0,0,-450000,0,0,0,69000,519000,-450000,-450000
057997,旺宏第一9C購01  ,100000,0,100000,0,0,0,0,0,0,-550000,0,0,0,0,550000,-550000,-450000
066277,敦泰元大01購02  ,0,0,0,0,0,0,0,0,0,-450000,0,0,0,75000,525000,-450000,-450000
065712,緯穎群益9C購03  ,0,0,0,0,0,0,0,0,0,-451000,0,0,0,56000,507000,-451000,-451000
054471,T50反1中信9C購01,0,0,0,0,0,0,0,0,0,-452000,0,0,0,8000,460000,-452000,-452000
065849,景碩元大9C購03  ,0,0,0,0,0,0,0,0,0,-452000,0,0,0,329000,781000,-452000,-452000
067255,日月光國票02購01,0,0,0,0,0,0,0,0,0,-453000,0,0,0,662000,1115000,-453000,-453000
058318,致茂永豐9A購01  ,0,0,0,0,0,0,0,0,0,-453000,0,0,0,64000,517000,-453000,-453000
058779,大立光國票9A購02,0,0,0,0,0,0,0,0,0,-454000,0,0,0,100000,554000,-454000,-454000
2023,燁輝            ,62000,516000,-454000,0,0,0,0,0,0,0,0,0,0,0,0,0,-454000
063590,華擎永豐9B購01  ,0,0,0,0,0,0,0,0,0,-456000,0,0,0,14000,470000,-456000,-456000
061186,牧德國泰9C購01  ,0,0,0,0,0,0,0,0,0,-457000,0,0,0,580000,1037000,-457000,-457000
1734,杏輝            ,0,431000,-431000,0,0,0,0,0,0,-26000,0,6000,-6000,0,20000,-20000,-457000
068165,南電元大01購08  ,0,0,0,0,0,0,0,0,0,-461000,0,0,0,2000,463000,-461000,-461000
08623P,健策群益01售04  ,0,0,0,0,0,0,0,0,0,-461000,0,0,0,0,461000,-461000,-461000
065754,健鼎元大9C購06  ,0,0,0,0,0,0,0,0,0,-461000,0,0,0,121000,582000,-461000,-461000
059996,美律元富99購01  ,0,0,0,0,0,0,0,0,0,-462000,0,0,0,35000,497000,-462000,-462000
064697,健策群益01購02  ,0,0,0,0,0,0,0,0,0,-462000,0,0,0,131000,593000,-462000,-462000
065258,華邦電元大01購01,0,0,0,0,0,0,0,0,0,-463000,0,0,0,515000,978000,-463000,-463000
067749,申豐元大01購02  ,0,0,0,0,0,0,0,0,0,-466000,0,0,0,469000,935000,-466000,-466000
056472,美律元大99購03  ,0,0,0,0,0,0,0,0,0,-466000,0,0,0,234000,700000,-466000,-466000
062919,聯茂元大9B購01  ,0,0,0,0,0,0,0,0,0,-466000,0,0,0,9000,475000,-466000,-466000
066688,台積電元富07購01,0,0,0,0,0,0,0,0,0,-471000,0,0,0,285000,756000,-471000,-471000
2609,陽明            ,159000,630000,-471000,0,0,0,0,0,0,0,0,0,0,0,0,0,-471000
067868,欣興元大01購07  ,0,0,0,0,0,0,0,0,0,-472000,0,0,0,334000,806000,-472000,-472000
067997,美律元大01購02  ,0,0,0,0,0,0,0,0,0,-473000,0,0,0,138000,611000,-473000,-473000
063259,廣達富邦9C購01  ,0,0,0,0,0,0,0,0,0,-473000,0,0,0,447000,920000,-473000,-473000
067712,惠特元富04購01  ,0,0,0,0,0,0,0,0,0,-474000,0,0,0,212000,686000,-474000,-474000
3033,威健            ,251000,723000,-472000,0,0,0,0,0,0,-2000,0,2000,-2000,0,0,0,-474000
057576,南亞科第一9C購01,0,0,0,0,0,0,0,0,0,-476000,0,0,0,275000,751000,-476000,-476000
062265,南茂元大9B購01  ,0,0,0,0,0,0,0,0,0,-477000,0,0,0,101000,578000,-477000,-477000
057045,美律元大99購04  ,0,0,0,0,0,0,0,0,0,-478000,0,0,0,76000,554000,-478000,-478000
067687,啟碁元大01購02  ,0,0,0,0,0,0,0,0,0,-480000,0,0,0,306000,786000,-480000,-480000
060404,台勝科國泰9B購01,0,0,0,0,0,0,0,0,0,-481000,0,0,0,5000,486000,-481000,-481000
064149,美律統一02購01  ,0,0,0,0,0,0,0,0,0,-481000,0,0,0,70000,551000,-481000,-481000
4108,懷特            ,181000,662000,-481000,0,0,0,0,0,0,0,0,0,0,0,0,0,-481000
064563,全新群益02購01  ,0,0,0,0,0,0,0,0,0,-482000,0,0,0,0,482000,-482000,-482000
1717,長興            ,421000,921000,-500000,0,0,0,0,1000,-1000,18000,100000,3000,97000,0,79000,-79000,-483000
062908,晶豪科元大9B購03,0,0,0,0,0,0,0,0,0,-484000,0,0,0,100000,584000,-484000,-484000
062984,致新元富9B購01  ,0,0,0,0,0,0,0,0,0,-484000,0,0,0,87000,571000,-484000,-484000
067672,聯發科元大01購21,0,0,0,0,0,0,0,0,0,-485000,0,0,0,263000,748000,-485000,-485000
066203,景碩統一03購01  ,0,0,0,0,0,0,0,0,0,-485000,0,0,0,171000,656000,-485000,-485000
067867,冠德元大01購01  ,0,0,0,0,0,0,0,0,0,-486000,0,0,0,391000,877000,-486000,-486000
1227,佳格            ,198361,696253,-497892,0,0,0,0,2000,-2000,12000,12000,0,12000,0,0,0,-487892
08112P,臺股指中信01售07,0,0,0,0,0,0,0,0,0,-488000,0,0,0,418000,906000,-488000,-488000
068574,GIS元大01購08   ,0,0,0,0,0,0,0,0,0,-488000,0,0,0,44000,532000,-488000,-488000
068064,欣興兆豐03購02  ,0,0,0,0,0,0,0,0,0,-490000,0,0,0,132000,622000,-490000,-490000
2387,精元            ,1785000,2593000,-808000,0,0,0,322000,0,322000,-5000,384000,5000,379000,74000,458000,-384000,-491000
9958,世紀鋼          ,2598000,3050000,-452000,0,0,0,381000,0,381000,-420000,163000,64000,99000,523000,1042000,-519000,-491000
067690,惠特元大01購04  ,0,0,0,0,0,0,0,0,0,-492000,0,0,0,0,492000,-492000,-492000
060364,奇力新元富9A購01,0,0,0,0,0,0,0,0,0,-493000,0,0,0,34000,527000,-493000,-493000
061125,億光永豐9A購01  ,0,0,0,0,0,0,0,0,0,-493000,0,0,0,103000,596000,-493000,-493000
08710P,鴻海元富07售03  ,0,0,0,0,0,0,0,0,0,-496000,0,0,0,21000,517000,-496000,-496000
064550,南茂凱基01購01  ,0,0,0,0,0,0,0,0,0,-496000,0,0,0,52000,548000,-496000,-496000
067069,友訊元大01購03  ,0,0,0,0,0,0,0,0,0,-497000,0,0,0,7000,504000,-497000,-497000
07347P,上証2X凱基99售02,0,0,0,0,0,0,0,0,0,-499000,0,0,0,0,499000,-499000,-499000
00672L,元大S&P原油正2  ,0,0,0,0,0,0,0,0,0,-499000,0,0,0,10000,509000,-499000,-499000
066474,微星麥證01購01  ,0,0,0,6000,505000,-499000,0,0,0,-499000,0,0,0,6000,505000,-499000,-499000
065016,臺指反富邦01購01,0,0,0,0,0,0,0,0,0,-499000,0,0,0,0,499000,-499000,-499000
068095,GIS群益01購01   ,0,0,0,0,0,0,0,0,0,-500000,0,0,0,91000,591000,-500000,-500000
057956,全新元大99購04  ,0,0,0,0,0,0,0,0,0,-500000,0,0,0,0,500000,-500000,-500000
08803P,鴻海元富07售08  ,0,0,0,0,0,0,0,0,0,-503000,0,0,0,11000,514000,-503000,-503000
062106,華邦電國票9B購02,0,0,0,0,0,0,0,0,0,-505000,0,0,0,0,505000,-505000,-505000
066767,敦泰永豐01購02  ,0,0,0,0,0,0,0,0,0,-505000,0,0,0,0,505000,-505000,-505000
063057,祥碩統一03購01  ,0,0,0,0,0,0,0,0,0,-506000,0,0,0,1138000,1644000,-506000,-506000
068378,聯發科永豐01購03,0,0,0,0,0,0,0,0,0,-507000,0,0,0,0,507000,-507000,-507000
067623,台積電富邦04購05,30000,0,30000,0,0,0,0,0,0,-537000,0,0,0,6000,543000,-537000,-507000
2880,華南金          ,4118929,4615000,-496071,0,0,0,3000,14000,-11000,0,0,0,0,21000,21000,0,-507071
057002,友達國票98購01  ,0,0,0,0,0,0,0,0,0,-509000,0,0,0,0,509000,-509000,-509000
2464,盟立            ,82000,449000,-367000,0,0,0,0,0,0,-142000,0,126000,-126000,2000,18000,-16000,-509000
066838,致新群益02購02  ,0,0,0,0,0,0,0,0,0,-511000,0,0,0,0,511000,-511000,-511000
1909,榮成            ,312000,431000,-119000,0,0,0,0,388000,-388000,-4000,8000,12000,-4000,0,0,0,-511000
065252,玉晶光永豐9C購08,0,0,0,0,0,0,0,0,0,-512000,0,0,0,4000,516000,-512000,-512000
067478,興勤元大01購01  ,0,0,0,0,0,0,0,0,0,-513000,0,0,0,272000,785000,-513000,-513000
062916,智易元大9B購01  ,0,0,0,0,0,0,0,0,0,-513000,0,0,0,42000,555000,-513000,-513000
066291,惠特元大01購01  ,0,0,0,0,0,0,0,0,0,-513000,0,0,0,0,513000,-513000,-513000
07113P,台積電兆豐99售03,0,0,0,0,0,0,0,0,0,-515000,0,0,0,0,515000,-515000,-515000
068130,美律統一03購02  ,0,0,0,0,0,0,0,0,0,-516000,0,0,0,0,516000,-516000,-516000
057485,友達元大9C購04  ,0,0,0,0,0,0,0,0,0,-516000,0,0,0,100000,616000,-516000,-516000
08140P,祥碩元大9B售07  ,0,0,0,0,0,0,0,0,0,-517000,0,0,0,45000,562000,-517000,-517000
061876,明泰元大9B購01  ,0,0,0,0,0,0,0,0,0,-517000,0,0,0,108000,625000,-517000,-517000
063690,健鼎永豐9B購01  ,0,0,0,0,0,0,0,0,0,-517000,0,0,0,89000,606000,-517000,-517000
066089,文曄永豐01購01  ,0,0,0,0,0,0,0,0,0,-518000,0,0,0,4000,522000,-518000,-518000
067242,景碩群益01購03  ,0,0,0,0,0,0,0,0,0,-519000,0,0,0,56000,575000,-519000,-519000
066267,強茂元大01購02  ,0,0,0,0,0,0,0,0,0,-521000,0,0,0,244000,765000,-521000,-521000
2885,元大金          ,11206176,11177000,29176,0,0,0,4000,17000,-13000,-540000,9000,133000,-124000,34000,450000,-416000,-523824
066266,強茂元大01購01  ,0,0,0,0,0,0,0,0,0,-525000,0,0,0,320000,845000,-525000,-525000
068318,中興電元大01購01,0,0,0,0,0,0,0,0,0,-526000,0,0,0,134000,660000,-526000,-526000
062638,茂林國票9C購01  ,0,0,0,0,0,0,0,0,0,-526000,0,0,0,158000,684000,-526000,-526000
065857,嘉聯益元大9C購03,0,0,0,0,0,0,0,0,0,-526000,0,0,0,295000,821000,-526000,-526000
064915,美律統一02購02  ,0,0,0,0,0,0,0,0,0,-526000,0,0,0,25000,551000,-526000,-526000
067030,南電兆豐03購01  ,0,0,0,0,0,0,0,0,0,-527000,0,0,0,72000,599000,-527000,-527000
064988,志超元大9C購01  ,0,0,0,0,0,0,0,0,0,-527000,0,0,0,315000,842000,-527000,-527000
03010P,國巨國泰03售01  ,0,0,0,0,0,0,0,0,0,-528000,0,0,0,84000,612000,-528000,-528000
062145,億光國票9B購01  ,0,0,0,0,0,0,0,0,0,-530000,0,0,0,104000,634000,-530000,-530000
067661,大成元大01購01  ,0,0,0,0,0,0,0,0,0,-531000,0,0,0,314000,845000,-531000,-531000
07578P,高鐵元大9A售02  ,0,0,0,0,0,0,0,0,0,-533000,0,0,0,189000,722000,-533000,-533000
067696,欣興兆豐03購01  ,0,0,0,0,0,0,0,0,0,-537000,0,0,0,205000,742000,-537000,-537000
062979,茂林元富9B購01  ,0,0,0,0,0,0,0,0,0,-538000,0,0,0,73000,611000,-538000,-538000
065904,群創富邦02購01  ,0,0,0,0,0,0,0,0,0,-538000,0,0,0,0,538000,-538000,-538000
066198,華碩統一03購01  ,0,0,0,0,0,0,0,0,0,-538000,0,0,0,289000,827000,-538000,-538000
9933,中鼎            ,72000,476000,-404000,0,0,0,0,0,0,-134000,0,7000,-7000,0,127000,-127000,-538000
062747,立積永豐9B購01  ,0,0,0,0,0,0,0,0,0,-539000,0,0,0,14000,553000,-539000,-539000
064074,南茂永豐9C購01  ,0,0,0,0,0,0,0,0,0,-540000,0,0,0,11000,551000,-540000,-540000
066752,南電元大01購06  ,0,0,0,0,0,0,0,0,0,-541000,0,0,0,10000,551000,-541000,-541000
068035,聯詠元富07購03  ,0,0,0,0,0,0,0,0,0,-542000,0,0,0,223000,765000,-542000,-542000
07844P,可成國票9A售01  ,0,0,0,0,0,0,0,0,0,-542000,0,0,0,273000,815000,-542000,-542000
2614,東森            ,285000,694000,-409000,0,0,0,0,0,0,-133000,0,0,0,76000,209000,-133000,-542000
066856,致新元大01購01  ,0,0,0,0,0,0,0,0,0,-543000,0,0,0,32000,575000,-543000,-543000
08388P,台灣50中信03售09,0,0,0,0,0,0,0,0,0,-544000,0,0,0,30000,574000,-544000,-544000
061511,緯穎富邦9B購02  ,0,0,0,0,0,0,0,0,0,-545000,0,0,0,10000,555000,-545000,-545000
5203,訊連            ,317000,870517,-553517,0,0,0,0,0,0,7000,34000,20000,14000,0,7000,-7000,-546517
068034,國揚元富07購01  ,0,0,0,0,0,0,0,0,0,-547000,0,0,0,626000,1173000,-547000,-547000
068111,大成鋼元富07購01,0,0,0,0,0,0,0,0,0,-548000,0,0,0,148000,696000,-548000,-548000
07498P,台積電元大9A售09,0,0,0,0,0,0,0,0,0,-549000,0,0,0,0,549000,-549000,-549000
064685,裕隆群益9C購01  ,0,0,0,0,0,0,0,0,0,-550000,0,0,0,132000,682000,-550000,-550000
067313,欣興元大03購01  ,0,0,0,0,0,0,0,0,0,-555000,0,0,0,81000,636000,-555000,-555000
064919,嘉晶統一02購02  ,0,0,0,0,0,0,0,0,0,-555000,0,0,0,0,555000,-555000,-555000
066117,茂林兆豐02購01  ,0,0,0,0,0,0,0,0,0,-555000,0,0,0,274000,829000,-555000,-555000
064920,景碩統一01購02  ,0,0,0,0,0,0,0,0,0,-558000,0,0,0,76000,634000,-558000,-558000
064453,微星統一02購01  ,0,0,0,0,0,0,0,0,0,-561000,0,0,0,162000,723000,-561000,-561000
066043,美律元大01購01  ,0,0,0,0,0,0,0,0,0,-561000,0,0,0,694000,1255000,-561000,-561000
067276,義隆統一03購01  ,0,310000,-310000,0,0,0,0,0,0,-255000,0,0,0,652000,907000,-255000,-565000
08316P,祥碩元大9C售04  ,0,0,0,0,0,0,0,0,0,-565000,0,0,0,332000,897000,-565000,-565000
067842,微星元富07購01  ,0,0,0,0,0,0,0,0,0,-566000,0,0,0,110000,676000,-566000,-566000
064248,億光元富9C購01  ,0,0,0,0,0,0,0,0,0,-566000,0,0,0,578000,1144000,-566000,-566000
03432B,臺股指凱基98熊13,0,0,0,0,0,0,0,0,0,-568000,0,0,0,441000,1009000,-568000,-568000
067036,南電康和01購02  ,0,0,0,0,0,0,0,0,0,-569000,0,0,0,20000,589000,-569000,-569000
3380,明泰            ,823000,966843,-143843,0,0,0,0,0,0,-425773,161000,738773,-577773,153000,1000,152000,-569616
064446,聚陽統一02購02  ,0,0,0,0,0,0,0,0,0,-571000,0,0,0,381000,952000,-571000,-571000
060716,新唐永豐9A購01  ,0,0,0,0,0,0,0,0,0,-573000,0,0,0,351000,924000,-573000,-573000
8016,矽創            ,278000,902000,-624000,0,0,0,80000,0,80000,-30000,1000,40000,-39000,37000,28000,9000,-574000
062651,世紀鋼富邦9C購01,0,0,0,0,0,0,0,0,0,-577000,0,0,0,726000,1303000,-577000,-577000
063294,美律麥證9B購01  ,0,0,0,6000,585000,-579000,0,0,0,-579000,0,0,0,6000,585000,-579000,-579000
060708,康友富邦9B購01  ,0,0,0,0,0,0,0,0,0,-579000,0,0,0,20000,599000,-579000,-579000
1216,統一            ,3269629,3860028,-590399,0,0,0,1000,7000,-6000,17000,2000,0,2000,20000,5000,15000,-579399
064157,健鼎統一01購02  ,0,0,0,0,0,0,0,0,0,-580000,0,0,0,304000,884000,-580000,-580000
067739,微星元大01購07  ,0,0,0,0,0,0,0,0,0,-585000,0,0,0,0,585000,-585000,-585000
062374,茂林元大9B購03  ,0,0,0,0,0,0,0,0,0,-586000,0,0,0,0,586000,-586000,-586000
068423,GIS康和01購01   ,0,0,0,0,0,0,0,0,0,-592000,0,0,0,10000,602000,-592000,-592000
3533,嘉澤            ,69117,593000,-523883,0,0,0,80000,39000,41000,-113000,29000,76000,-47000,16000,82000,-66000,-595883
066309,永光永豐01購01  ,0,0,0,0,0,0,0,0,0,-598000,0,0,0,217000,815000,-598000,-598000
066754,南電國泰02購01  ,0,0,0,0,0,0,0,0,0,-598000,0,0,0,237000,835000,-598000,-598000
059760,楠梓電永豐99購01,0,0,0,0,0,0,0,0,0,-600000,0,0,0,123000,723000,-600000,-600000
2352,佳世達          ,115000,692000,-577000,0,0,0,4000,0,4000,-31000,0,1000,-1000,0,30000,-30000,-604000
067073,國揚元大01購02  ,1000,0,1000,0,0,0,0,0,0,-606000,0,0,0,404000,1010000,-606000,-605000
06726P,欣興元富98售04  ,0,0,0,0,0,0,0,0,0,-605000,0,0,0,20000,625000,-605000,-605000
058405,訊連元大99購02  ,0,0,0,0,0,0,0,0,0,-606000,0,0,0,100000,706000,-606000,-606000
064239,群創統一02購01  ,0,0,0,0,0,0,0,0,0,-606000,0,0,0,0,606000,-606000,-606000
057740,茂林富邦9A購01  ,0,0,0,0,0,0,0,0,0,-608000,0,0,0,35000,643000,-608000,-608000
3014,聯陽            ,228000,781000,-553000,0,0,0,0,0,0,-59000,30000,0,30000,1000,90000,-89000,-612000
08644P,臺股指中信02售02,0,0,0,0,0,0,0,0,0,-618000,0,0,0,310000,928000,-618000,-618000
062527,美律統一01購01  ,0,0,0,0,0,0,0,0,0,-621000,0,0,0,190000,811000,-621000,-621000
064444,聚陽統一01購02  ,0,0,0,0,0,0,0,0,0,-623000,0,0,0,440000,1063000,-623000,-623000
5388,中磊            ,337000,938000,-601000,0,0,0,0,0,0,-22000,0,1000,-1000,18000,39000,-21000,-623000
2897,王道銀行        ,520000,1284000,-764000,0,0,0,0,0,0,140000,140000,0,140000,0,0,0,-624000
2355,敬鵬            ,80000,674000,-594000,0,0,0,0,0,0,-30000,4000,4000,0,0,30000,-30000,-624000
054638,國泰金中信99購01,0,0,0,0,0,0,0,0,0,-630000,0,0,0,0,630000,-630000,-630000
065027,玉晶光中信03購01,0,0,0,0,0,0,0,0,0,-633000,0,0,0,160000,793000,-633000,-633000
067396,欣興永豐01購02  ,0,0,0,0,0,0,0,0,0,-635000,0,0,0,67000,702000,-635000,-635000
066947,聯發科元大01購15,0,0,0,0,0,0,0,0,0,-638000,0,0,0,241000,879000,-638000,-638000
067031,華擎元富01購01  ,0,0,0,0,0,0,0,0,0,-645000,0,0,0,40000,685000,-645000,-645000
065019,華邦電富邦9C購01,0,0,0,0,0,0,0,0,0,-647000,0,0,0,161000,808000,-647000,-647000
066011,華通元富01購01  ,0,0,0,0,0,0,0,0,0,-648000,0,0,0,64000,712000,-648000,-648000
068520,彩晶統一03購02  ,0,0,0,0,0,0,0,0,0,-651000,0,0,0,0,651000,-651000,-651000
2312,金寶            ,1084000,1746000,-662000,0,0,0,0,0,0,9000,0,4000,-4000,22000,9000,13000,-653000
067495,日月光元大01購04,0,0,0,0,0,0,0,0,0,-655000,0,0,0,191000,846000,-655000,-655000
067788,致伸群益03購02  ,0,0,0,0,0,0,0,0,0,-658000,0,0,0,0,658000,-658000,-658000
08470P,世芯凱基9C售02  ,0,0,0,0,0,0,0,0,0,-660000,0,0,0,0,660000,-660000,-660000
2104,國際中橡        ,396000,1049000,-653000,0,0,0,0,0,0,-11000,0,7000,-7000,8000,12000,-4000,-664000
064260,矽創富邦9C購01  ,0,0,0,0,0,0,0,0,0,-667000,0,0,0,257000,924000,-667000,-667000
064866,義隆永豐9C購02  ,0,0,0,0,0,0,0,0,0,-670000,0,0,0,26000,696000,-670000,-670000
2912,統一超          ,561501,1233340,-671839,0,0,0,0,1000,-1000,0,2000,2000,0,0,0,0,-672839
056657,華邦電元大99購01,0,0,0,0,0,0,0,0,0,-675000,0,0,0,67000,742000,-675000,-675000
065315,玉晶光中信03購02,0,0,0,0,0,0,0,0,0,-678000,0,0,0,727000,1405000,-678000,-678000
065984,緯創富邦03購01  ,0,0,0,0,0,0,0,0,0,-679000,0,0,0,160000,839000,-679000,-679000
8039,台虹            ,110000,762000,-652000,0,0,0,0,0,0,-33000,2000,17000,-15000,1000,19000,-18000,-685000
056604,鴻海富邦9A購01  ,0,0,0,0,0,0,0,0,0,-686000,0,0,0,0,686000,-686000,-686000
058537,彩晶統一9B購01  ,0,0,0,0,0,0,0,0,0,-688000,0,0,0,207000,895000,-688000,-688000
067393,欣興國泰03購02  ,0,0,0,0,0,0,0,0,0,-689000,0,0,0,367000,1056000,-689000,-689000
4958,臻鼎-KY         ,1596514,2508000,-911486,0,0,0,3500,6000,-2500,224000,231000,40000,191000,39000,6000,33000,-689986
068153,美律元大01購04  ,0,0,0,0,0,0,0,0,0,-698000,0,0,0,100000,798000,-698000,-698000
2498,宏達電          ,675000,1599000,-924000,0,0,0,2000,0,2000,222000,7000,7000,0,331000,109000,222000,-700000
065882,景碩台新9C購03  ,0,0,0,0,0,0,0,0,0,-705000,0,0,0,38000,743000,-705000,-705000
064426,群創兆豐9C購01  ,0,0,0,0,0,0,0,0,0,-707000,0,0,0,28000,735000,-707000,-707000
1519,華城            ,352000,847000,-495000,0,0,0,0,0,0,-212000,16000,187000,-171000,37000,78000,-41000,-707000
067474,華邦電元大01購02,0,0,0,0,0,0,0,0,0,-710000,0,0,0,316000,1026000,-710000,-710000
065847,嘉晶元大9C購03  ,0,0,0,0,0,0,0,0,0,-712000,0,0,0,5000,717000,-712000,-712000
08702P,南電康和01售01  ,0,0,0,0,0,0,0,0,0,-717000,0,0,0,0,717000,-717000,-717000
066324,仲琦永豐01購01  ,0,0,0,0,0,0,0,0,0,-725000,0,0,0,104000,829000,-725000,-725000
068119,健鼎元富07購01  ,0,0,0,0,0,0,0,0,0,-734000,0,0,0,1131000,1865000,-734000,-734000
067392,欣興國泰03購01  ,0,0,0,0,0,0,0,0,0,-735000,0,0,0,388000,1123000,-735000,-735000
058896,中環元大99購03  ,0,0,0,0,0,0,0,0,0,-735000,0,0,0,15000,750000,-735000,-735000
2489,瑞軒            ,140000,881000,-741000,0,0,0,0,0,0,6000,6000,0,6000,0,0,0,-735000
059024,大立光統一9B購04,0,0,0,0,0,0,0,0,0,-737000,0,0,0,13000,750000,-737000,-737000
068122,彩晶元富03購01  ,0,0,0,0,0,0,0,0,0,-738000,0,0,0,35000,773000,-738000,-738000
063201,廣達統一01購01  ,0,0,0,0,0,0,0,0,0,-738000,0,0,0,316000,1054000,-738000,-738000
058714,美律統一9B購01  ,0,0,0,0,0,0,0,0,0,-745000,0,0,0,39000,784000,-745000,-745000
03689C,T50反1元大02牛01,0,0,0,0,0,0,0,0,0,-746000,0,0,0,361000,1107000,-746000,-746000
00633L,富邦上証正2     ,812000,101000,711000,0,0,0,0,0,0,-1457000,0,0,0,1581000,3038000,-1457000,-746000
067372,聯發科統一03購03,0,0,0,0,0,0,0,0,0,-748000,0,0,0,184000,932000,-748000,-748000
08201P,祥碩元大9B售09  ,0,0,0,0,0,0,0,0,0,-749000,0,0,0,630000,1379000,-749000,-749000
065687,華通元富9C購03  ,0,0,0,0,0,0,0,0,0,-750000,0,0,0,25000,775000,-750000,-750000
6456,GIS-KY          ,765000,1589000,-824000,0,0,0,0,0,0,62000,57000,17000,40000,109000,87000,22000,-762000
068104,彩晶永豐01購01  ,0,0,0,0,0,0,0,0,0,-764000,0,0,0,85000,849000,-764000,-764000
066051,景碩元大01購01  ,0,0,0,0,0,0,0,0,0,-768000,0,0,0,155000,923000,-768000,-768000
064386,友達富邦01購01  ,0,0,0,0,0,0,0,0,0,-771000,0,0,0,196000,967000,-771000,-771000
067475,微星元大01購05  ,0,0,0,0,0,0,0,0,0,-772000,0,0,0,41000,813000,-772000,-772000
00655L,國泰中國A50正2  ,40000,237000,-197000,0,0,0,0,0,0,-577002,5000,0,5000,1400000,1982002,-582002,-774002
2812,台中銀          ,518000,1207287,-689287,0,0,0,0,0,0,-86000,0,86000,-86000,0,0,0,-775287
060109,茂林元大99購05  ,0,0,0,0,0,0,0,0,0,-777000,0,0,0,0,777000,-777000,-777000
1312,國喬            ,125000,996000,-871000,0,0,0,0,0,0,93000,0,1000,-1000,108000,14000,94000,-778000
2915,潤泰全          ,101000,769600,-668600,0,0,0,0,0,0,-111000,0,12000,-12000,22000,121000,-99000,-779600
066115,美律兆豐02購01  ,0,0,0,0,0,0,0,0,0,-780000,0,0,0,86000,866000,-780000,-780000
6505,台塑化          ,1013563,1779000,-765437,0,0,0,0,12000,-12000,-11000,0,22000,-22000,11000,0,11000,-788437
065098,致伸元大9C購02  ,0,0,0,0,0,0,0,0,0,-791000,0,0,0,28000,819000,-791000,-791000
2412,中華電          ,1375329,2427320,-1051991,0,0,0,192000,6000,186000,67000,0,4000,-4000,71000,0,71000,-798991
6257,矽格            ,229000,1035000,-806000,0,0,0,0,0,0,7000,82000,68000,14000,4000,11000,-7000,-799000
2515,中工            ,124000,850000,-726000,0,0,0,0,0,0,-76000,8000,1000,7000,4000,87000,-83000,-802000
066959,新唐元大01購01  ,0,0,0,0,0,0,0,0,0,-803000,0,0,0,173000,976000,-803000,-803000
061188,大成鋼富邦9B購01,0,0,0,0,0,0,0,0,0,-809000,0,0,0,393000,1202000,-809000,-809000
064971,裕隆元大01購01  ,0,0,0,0,0,0,0,0,0,-810000,0,0,0,452000,1262000,-810000,-810000
00669R,國泰美國道瓊反1 ,0,0,0,0,0,0,0,0,0,-811000,0,0,0,432000,1243000,-811000,-811000
3437,榮創            ,575000,1393000,-818000,0,0,0,0,0,0,0,0,0,0,0,0,0,-818000
065314,矽創國票01購02  ,0,0,0,0,0,0,0,0,0,-820000,0,0,0,0,820000,-820000,-820000
068308,強茂國票01購01  ,0,0,0,0,0,0,0,0,0,-824000,0,0,0,0,824000,-824000,-824000
064553,臺指反群益9C購01,0,0,0,0,0,0,0,0,0,-828000,0,0,0,0,828000,-828000,-828000
066887,聯發科中信02購01,0,0,0,0,0,0,0,0,0,-830000,0,0,0,0,830000,-830000,-830000
3694,海華            ,344000,1182000,-838000,0,0,0,0,0,0,0,0,0,0,0,0,0,-838000
068249,聯發科元大01購25,0,0,0,0,0,0,0,0,0,-839000,0,0,0,325000,1164000,-839000,-839000
068024,聚陽元富07購02  ,0,0,0,0,0,0,0,0,0,-847000,0,0,0,56000,903000,-847000,-847000
068258,可成國泰03購01  ,0,0,0,0,0,0,0,0,0,-849000,0,0,0,5000,854000,-849000,-849000
058549,藍天永豐99購01  ,0,0,0,0,0,0,0,0,0,-855000,0,0,0,5000,860000,-855000,-855000
07069P,欣興元富99售02  ,0,0,0,0,0,0,0,0,0,-857000,0,0,0,390000,1247000,-857000,-857000
2610,華航            ,895279,1972167,-1076888,0,0,0,0,0,0,218000,0,1000,-1000,244000,25000,219000,-858888
067670,微星元大01購06  ,0,0,0,0,0,0,0,0,0,-865000,0,0,0,147000,1012000,-865000,-865000
08294P,台積電元大9C售06,0,0,0,0,0,0,0,0,0,-870000,0,0,0,100000,970000,-870000,-870000
08443P,臺股指麥證01售02,0,0,0,453000,1323000,-870000,0,0,0,-870000,0,0,0,453000,1323000,-870000,-870000
067621,友達國泰02購01  ,0,0,0,0,0,0,0,0,0,-872000,0,0,0,30000,902000,-872000,-872000
2504,國產            ,1064000,1071000,-7000,0,0,0,0,744000,-744000,-121000,0,0,0,28000,149000,-121000,-872000
067026,群創兆豐03購01  ,0,0,0,0,0,0,0,0,0,-884000,0,0,0,15000,899000,-884000,-884000
3712,永崴投控        ,1033000,1919000,-886000,0,0,0,0,0,0,-1000,20000,21000,-1000,0,0,0,-887000
067398,欣興永豐01購04  ,0,0,0,0,0,0,0,0,0,-891000,0,0,0,167000,1058000,-891000,-891000
068468,聯電群益03購03  ,0,0,0,0,0,0,0,0,0,-900000,0,0,0,301000,1201000,-900000,-900000
058911,茂林元大99購04  ,0,0,0,0,0,0,0,0,0,-900000,0,0,0,100000,1000000,-900000,-900000
6196,帆宣            ,406000,1285000,-879000,0,0,0,0,0,0,-21000,2000,13000,-11000,7000,17000,-10000,-900000
3045,台灣大          ,669444,1733313,-1063869,0,0,0,220000,3000,217000,-55000,0,83000,-83000,28000,0,28000,-901869
07900P,臺股指凱基9B售03,0,0,0,0,0,0,0,0,0,-902000,0,0,0,0,902000,-902000,-902000
066484,瑞昱元富07購01  ,0,0,0,0,0,0,0,0,0,-904000,0,0,0,29000,933000,-904000,-904000
064718,友達統一02購01  ,0,0,0,0,0,0,0,0,0,-915000,0,0,0,20000,935000,-915000,-915000
08393P,鴻海群益9C售05  ,0,0,0,0,0,0,0,0,0,-918000,0,0,0,30000,948000,-918000,-918000
064114,南茂國票01購01  ,0,0,0,0,0,0,0,0,0,-918000,0,0,0,28000,946000,-918000,-918000
2618,長榮航          ,1558040,2150001,-591961,0,0,0,0,3000,-3000,-326000,0,45000,-45000,1000,282000,-281000,-920961
068042,GIS元富07購01   ,0,0,0,0,0,0,0,0,0,-921000,0,0,0,77000,998000,-921000,-921000
03110P,聯發科元大01售26,0,0,0,0,0,0,0,0,0,-932000,0,0,0,93000,1025000,-932000,-932000
058437,可成統一9B購01  ,0,0,0,0,0,0,0,0,0,-942000,0,0,0,0,942000,-942000,-942000
2809,京城銀          ,403000,1036000,-633000,0,0,0,0,0,0,-316000,0,30000,-30000,5000,291000,-286000,-949000
3023,信邦            ,225000,1122000,-897000,0,0,0,12000,2000,10000,-63000,0,26000,-26000,3000,40000,-37000,-950000
08892P,台積電元大01售27,0,0,0,0,0,0,0,0,0,-955000,0,0,0,1155000,2110000,-955000,-955000
067397,欣興永豐01購03  ,0,0,0,0,0,0,0,0,0,-960000,0,0,0,101000,1061000,-960000,-960000
060110,茂林元大99購06  ,0,0,0,0,0,0,0,0,0,-960000,0,0,0,18000,978000,-960000,-960000
066718,滬深2X元大01購05,0,0,0,0,0,0,0,0,0,-960000,0,0,0,111000,1071000,-960000,-960000
068031,致茂元富07購01  ,0,0,0,0,0,0,0,0,0,-968000,0,0,0,21000,989000,-968000,-968000
062133,大成鋼群益9B購01,0,0,0,0,0,0,0,0,0,-969000,0,0,0,0,969000,-969000,-969000
059581,日月光元富99購02,0,0,0,0,0,0,0,0,0,-970000,0,0,0,259000,1229000,-970000,-970000
065647,健鼎元大9C購05  ,0,0,0,0,0,0,0,0,0,-978000,0,0,0,199000,1177000,-978000,-978000
067652,義隆元富01購01  ,0,0,0,0,0,0,0,0,0,-990000,0,0,0,139000,1129000,-990000,-990000
08055P,臺股指國票9B售20,0,0,0,0,0,0,0,0,0,-996000,0,0,0,0,996000,-996000,-996000
064725,緯創統一02購01  ,0,0,0,0,0,0,0,0,0,-998000,0,0,0,109000,1107000,-998000,-998000
9904,寶成            ,2861167,4451000,-1589833,0,0,0,622000,4000,618000,-41000,0,26000,-26000,55000,70000,-15000,-1012833
057719,欣興元富02購01  ,0,0,0,0,0,0,0,0,0,-1017000,0,0,0,321000,1338000,-1017000,-1017000
068127,台積電統一02購07,0,0,0,0,0,0,0,0,0,-1024000,0,0,0,6000,1030000,-1024000,-1024000
063863,儒鴻富邦02購01  ,0,0,0,0,0,0,0,0,0,-1034000,0,0,0,436000,1470000,-1034000,-1034000
068396,南電統一03購02  ,0,0,0,0,0,0,0,0,0,-1040000,0,0,0,201000,1241000,-1040000,-1040000
064048,大立光統一9C購07,0,0,0,0,0,0,0,0,0,-1040000,0,0,0,123000,1163000,-1040000,-1040000
068023,聚陽元富07購01  ,0,0,0,0,0,0,0,0,0,-1048000,0,0,0,516000,1564000,-1048000,-1048000
068057,惠特統一02購02  ,0,0,0,0,0,0,0,0,0,-1070000,0,0,0,0,1070000,-1070000,-1070000
058692,華邦電國票9B購01,0,0,0,0,0,0,0,0,0,-1074000,0,0,0,50000,1124000,-1074000,-1074000
065076,中橡元大9C購01  ,0,0,0,0,0,0,0,0,0,-1075000,0,0,0,25000,1100000,-1075000,-1075000
1589,永冠-KY         ,991000,2150000,-1159000,0,0,0,18000,0,18000,54000,113000,59000,54000,0,0,0,-1087000
07597P,臺股指中信01售02,50000,0,50000,0,0,0,0,0,0,-1150000,0,0,0,648000,1798000,-1150000,-1100000
067378,欣興統一02購02  ,0,0,0,0,0,0,0,0,0,-1101000,0,0,0,105000,1206000,-1101000,-1101000
064904,茂林群益9C購02  ,0,0,0,0,0,0,0,0,0,-1103000,0,0,0,54000,1157000,-1103000,-1103000
2474,可成            ,1117607,2225388,-1107781,0,0,0,0,4000,-4000,6000,58000,48000,10000,24000,28000,-4000,-1105781
2887,台新金          ,7015796,8110000,-1094204,0,0,0,3000,15000,-12000,0,1000,1000,0,26000,26000,0,-1106204
068228,聯發科元富07購08,0,0,0,0,0,0,0,0,0,-1107000,0,0,0,126000,1233000,-1107000,-1107000
9945,潤泰新          ,1264483,2316000,-1051517,0,0,0,0,0,0,-62000,2000,2000,0,53000,115000,-62000,-1113517
00640L,富邦日本正2     ,0,0,0,0,0,0,0,0,0,-1117000,0,0,0,125000,1242000,-1117000,-1117000
6239,力成            ,5723648,3286000,2437648,0,0,0,119000,7000,112000,-3681000,10000,87000,-77000,28000,3632000,-3604000,-1131352
066110,大成鋼兆豐01購01,0,0,0,0,0,0,0,0,0,-1141000,0,0,0,0,1141000,-1141000,-1141000
08750P,台灣50群益01售04,0,0,0,0,0,0,0,0,0,-1147000,0,0,0,15000,1162000,-1147000,-1147000
2855,統一證          ,1039000,3686000,-2647000,0,0,0,1500000,0,1500000,0,0,0,0,0,0,0,-1147000
068041,訊芯元富07購01  ,0,0,0,0,0,0,0,0,0,-1162000,0,0,0,33000,1195000,-1162000,-1162000
065342,華邦電統一02購01,0,0,0,0,0,0,0,0,0,-1183000,0,0,0,3000,1186000,-1183000,-1183000
068343,台積電麥證01購12,0,0,0,60000,1258000,-1198000,0,0,0,-1188000,0,0,0,70000,1258000,-1188000,-1188000
067625,欣興富邦03購01  ,0,0,0,0,0,0,0,0,0,-1191000,0,0,0,893000,2084000,-1191000,-1191000
067683,上緯控元大01購03,0,0,0,0,0,0,0,0,0,-1193000,0,0,0,541000,1734000,-1193000,-1193000
03100P,玉晶光凱基03售04,0,0,0,0,0,0,0,0,0,-1193000,0,0,0,10000,1203000,-1193000,-1193000
068590,台積電元富07購12,0,0,0,0,0,0,0,0,0,-1207000,0,0,0,0,1207000,-1207000,-1207000
066773,美律富邦03購01  ,0,0,0,0,0,0,0,0,0,-1211000,0,0,0,73000,1284000,-1211000,-1211000
2454,聯發科          ,5431179,6209183,-778004,0,0,0,110000,357000,-247000,-211000,139000,383000,-244000,109000,76000,33000,-1236004
064368,日月光統一01購01,0,0,0,0,0,0,0,0,0,-1251000,0,0,0,525000,1776000,-1251000,-1251000
068038,康控元富03購01  ,0,0,0,0,0,0,0,0,0,-1256000,0,0,0,356000,1612000,-1256000,-1256000
063984,華邦電國泰02購01,0,0,0,0,0,0,0,0,0,-1262000,0,0,0,9000,1271000,-1262000,-1262000
2889,國票金          ,21000,1313000,-1292000,0,0,0,0,0,0,30000,30000,0,30000,0,0,0,-1262000
03087P,聯發科元大01售24,0,0,0,0,0,0,0,0,0,-1264000,0,0,0,112000,1376000,-1264000,-1264000
5469,瀚宇博          ,1074000,2383000,-1309000,0,0,0,25000,0,25000,0,22000,82000,-60000,108000,48000,60000,-1284000
053276,友達元大9C購01  ,0,0,0,0,0,0,0,0,0,-1293000,0,0,0,300000,1593000,-1293000,-1293000
4915,致伸            ,2379000,3971000,-1592000,0,0,0,0,0,0,290000,60000,2000,58000,244000,12000,232000,-1302000
4968,立積            ,669000,2122000,-1453000,0,0,0,139000,109000,30000,115000,45000,60000,-15000,193000,63000,130000,-1308000
066471,致新統一02購01  ,0,0,0,0,0,0,0,0,0,-1315000,0,0,0,293000,1608000,-1315000,-1315000
068591,台積電元富07購13,0,0,0,0,0,0,0,0,0,-1320000,0,0,0,0,1320000,-1320000,-1320000
057579,長榮航中信9A購01,0,0,0,0,0,0,0,0,0,-1320000,0,0,0,0,1320000,-1320000,-1320000
08130P,義隆元大9B售05  ,0,0,0,0,0,0,0,0,0,-1327000,0,0,0,277000,1604000,-1327000,-1327000
1402,遠東新          ,2769578,4167000,-1397422,0,0,0,1000,6000,-5000,66000,0,0,0,66000,0,66000,-1336422
2845,遠東銀          ,63000,1451000,-1388000,0,0,0,0,3000,-3000,0,0,0,0,0,0,0,-1391000
061352,茂林元大9A購04  ,0,0,0,0,0,0,0,0,0,-1394000,0,0,0,10000,1404000,-1394000,-1394000
1301,台塑            ,2028969,3417000,-1388031,0,0,0,1000,22000,-21000,-8000,0,8000,-8000,0,0,0,-1417031
068116,欣興元富07購01  ,0,0,0,0,0,0,0,0,0,-1422000,0,0,0,430000,1852000,-1422000,-1422000
1504,東元            ,354000,1842000,-1488000,0,0,0,0,3000,-3000,50000,13000,0,13000,37000,0,37000,-1441000
067308,欣興元大01購03  ,0,0,0,0,0,0,0,0,0,-1469000,0,0,0,256000,1725000,-1469000,-1469000
065979,立積元大03購01  ,0,0,0,0,0,0,0,0,0,-1475000,0,0,0,91000,1566000,-1475000,-1475000
6278,台表科          ,939000,2149885,-1210885,0,0,0,0,377000,-377000,103000,119000,40000,79000,47000,23000,24000,-1484885
2520,冠德            ,533000,1948000,-1415000,0,0,0,0,0,0,-71000,70000,116000,-46000,5000,30000,-25000,-1486000
07890P,南電國票9B售01  ,0,0,0,0,0,0,0,0,0,-1498000,0,0,0,369000,1867000,-1498000,-1498000
054639,台新金中信99購01,0,0,0,0,0,0,0,0,0,-1499000,0,0,0,0,1499000,-1499000,-1499000
060817,華邦電台新9A購01,0,0,0,0,0,0,0,0,0,-1569000,0,0,0,3000,1572000,-1569000,-1569000
6251,定穎            ,603000,2223000,-1620000,0,0,0,0,0,0,30000,31000,1000,30000,0,0,0,-1590000
00632R,元大台灣50反1   ,91308000,3199000,88109000,0,0,0,0,0,0,-89729000,510000,1600000,-1090000,2950000,91589000,-88639000,-1620000
061490,茂林兆豐9B購01  ,0,0,0,0,0,0,0,0,0,-1669000,0,0,0,172000,1841000,-1669000,-1669000
3406,玉晶光          ,702000,1943000,-1241000,0,0,0,0,353000,-353000,-87000,40000,105000,-65000,27000,49000,-22000,-1681000
058337,日月光元富99購01,0,0,0,0,0,0,0,0,0,-1688000,0,0,0,323000,2011000,-1688000,-1688000
4935,茂林-KY         ,2000000,3285000,-1285000,0,0,0,170000,751000,-581000,122000,83000,211000,-128000,291000,41000,250000,-1744000
060214,茂林康和9A購01  ,120000,0,120000,0,0,0,0,0,0,-1865000,0,0,0,178000,2043000,-1865000,-1745000
3017,奇鋐            ,1092000,1718000,-626000,0,0,0,0,1000000,-1000000,-202000,65000,55000,10000,141000,353000,-212000,-1828000
2303,聯電            ,58822032,57980300,841732,0,0,0,1362000,121000,1241000,-3938000,980000,3562000,-2582000,649000,2005000,-1356000,-1855268
065271,日月光元大9C購02,0,0,0,0,0,0,0,0,0,-1885000,0,0,0,456000,2341000,-1885000,-1885000
067477,億光元大01購01  ,0,0,0,0,0,0,0,0,0,-1936000,0,0,0,540000,2476000,-1936000,-1936000
068117,欣興元富07購02  ,0,0,0,0,0,0,0,0,0,-1944000,0,0,0,452000,2396000,-1944000,-1944000
2327,國巨            ,1158323,3137500,-1979177,0,0,0,61000,0,61000,-40000,23000,60000,-37000,44000,47000,-3000,-1958177
2801,彰銀            ,2273372,4182000,-1908628,0,0,0,2000,10000,-8000,-54000,0,12000,-12000,13000,55000,-42000,-1970628
060890,大立光統一01購01,0,0,0,0,0,0,0,0,0,-2101000,0,0,0,200000,2301000,-2101000,-2101000
052542,友達元富98購01  ,0,0,0,0,0,0,0,0,0,-2132000,0,0,0,155000,2287000,-2132000,-2132000
00738U,元大道瓊白銀    ,108000,95000,13000,0,0,0,0,0,0,-2167940,0,0,0,381000,2548940,-2167940,-2154940
2823,中壽            ,1797345,4196000,-2398655,0,0,0,1000,5000,-4000,96000,202000,1000,201000,40000,145000,-105000,-2306655
2633,台灣高鐵        ,2143725,4565000,-2421275,0,0,0,1000,3000,-2000,-4000,0,0,0,38000,42000,-4000,-2427275
08063P,立積國票9B售03  ,0,0,0,0,0,0,0,0,0,-2430000,0,0,0,261000,2691000,-2430000,-2430000
067027,日月光兆豐03購01,0,0,0,0,0,0,0,0,0,-2539000,0,0,0,163000,2702000,-2539000,-2539000
00653L,富邦印度正2     ,402000,2471000,-2069000,0,0,0,0,0,0,-479000,0,0,0,1621000,2100000,-479000,-2548000
2421,建準            ,737000,3480000,-2743000,0,0,0,250000,0,250000,-95000,16000,1000,15000,59000,169000,-110000,-2588000
067100,華邦電群益01購01,0,0,0,0,0,0,0,0,0,-2725000,0,0,0,30000,2755000,-2725000,-2725000
2834,臺企銀          ,2682919,5549000,-2866081,0,0,0,0,8000,-8000,8000,20000,10000,10000,15000,17000,-2000,-2866081
2883,開發金          ,5732141,11147000,-5414859,0,0,0,2575000,21000,2554000,-89000,1000,0,1000,0,90000,-90000,-2949859
068473,聯發科群益01購13,0,0,0,0,0,0,0,0,0,-2985000,0,0,0,0,2985000,-2985000,-2985000
068118,欣興元富07購03  ,0,0,0,0,0,0,0,0,0,-3029000,0,0,0,363000,3392000,-3029000,-3029000
2371,大同            ,4194000,7257000,-3063000,0,0,0,0,585,-585,32000,32000,0,32000,0,0,0,-3031585
6269,台郡            ,4347000,3774000,573000,0,0,0,1324000,4277000,-2953000,-732000,315000,983000,-668000,34000,98000,-64000,-3112000
065782,健策富邦01購02  ,0,0,0,0,0,0,0,0,0,-3550000,0,0,0,1576000,5126000,-3550000,-3550000
2888,新光金          ,6727613,9579000,-2851387,0,0,0,4000,18000,-14000,-807867,1000,1000,0,176000,983867,-807867,-3673254
3042,晶技            ,568000,3402000,-2834000,0,0,0,1676000,2407000,-731000,-144000,192000,257000,-65000,31000,110000,-79000,-3709000
1102,亞泥            ,1868913,5442000,-3573087,0,0,0,0,4000,-4000,-146000,44000,8000,36000,36000,218000,-182000,-3723087
6213,聯茂            ,925050,4495505,-3570455,0,0,0,4000,408621,-404621,13000,104000,125000,-21000,47000,13000,34000,-3962076
08748P,台積電元富07售02,0,0,0,0,0,0,0,0,0,-4399000,0,0,0,0,4399000,-4399000,-4399000
2002,中鋼            ,3614335,8048000,-4433665,0,0,0,4000,19000,-15000,-44000,0,44000,-44000,0,0,0,-4492665
3576,聯合再生        ,2401000,6901000,-4500000,0,0,0,0,0,0,0,0,0,0,0,0,0,-4500000
6116,彩晶            ,2845000,10083000,-7238000,0,0,0,0,0,0,2550000,184000,0,184000,2515000,149000,2366000,-4688000
020018,統一價值成長30N ,0,0,0,0,0,0,0,0,0,-4880000,0,0,0,0,4880000,-4880000,-4880000
2884,玉山金          ,8993888,13324794,-4330906,0,0,0,4000,22000,-18000,-721000,0,350000,-350000,30000,401000,-371000,-5069906
2317,鴻海            ,16247858,21041188,-4793330,0,0,0,4000,213000,-209000,-1491000,0,114000,-114000,144000,1521000,-1377000,-6493330
2890,永豐金          ,6354884,12683000,-6328116,0,0,0,1733000,16000,1717000,-1981000,0,2000000,-2000000,46000,27000,19000,-6592116
2882,國泰金          ,5822586,13690011,-7867425,0,0,0,512000,13000,499000,-85000,0,40000,-40000,68000,113000,-45000,-7453425
2886,兆豐金          ,3721528,13198000,-9476472,0,0,0,856000,17000,839000,-198000,6000,0,6000,29000,233000,-204000,-8835472
00878,國泰永續高股息  ,3292000,0,3292000,0,0,0,0,0,0,-13765000,0,0,0,1693000,15458000,-13765000,-10473000
00637L,元大滬深300正2  ,2137000,10893000,-8756000,0,0,0,0,0,0,-2683000,219000,25000,194000,17554000,20431000,-2877000,-11439000
020019,統一特選台灣5GN ,0,0,0,0,0,0,0,0,0,-16876000,0,0,0,0,16876000,-16876000,-16876000
00715L,街口布蘭特油正2 ,0,3623000,-3623000,0,0,0,0,0,0,-24950000,0,0,0,0,24950000,-24950000,-28573000
00677U,富邦VIX         ,355000,11055000,-10700000,0,0,0,0,0,0,-32714000,0,0,0,543000,33257000,-32714000,-43414000
