證券代號,證券名稱,外陸資買進股數(不含外資自營商),外陸資賣出股數(不含外資自營商),外陸資買賣超股數(不含外資自營商),外資自營商買進股數,外資自營商賣出股數,外資自營商買賣超股數,投信買進股數,投信賣出股數,投信買賣超股數,自營商買賣超股數,自營商買進股數(自行買賣),自營商賣出股數(自行買賣),自營商買賣超股數(自行買賣),自營商買進股數(避險),自營商賣出股數(避險),自營商買賣超股數(避險),三大法人買賣超股數
2888,新光金          ,39058232,6594380,32463852,0,0,0,0,5000,-5000,-158000,157000,1404000,-1247000,1354000,265000,1089000,32300852
2409,友達            ,26221000,6284000,19937000,0,0,0,0,0,0,1613000,456000,24000,432000,1653000,472000,1181000,21550000
00637L,元大滬深300正2  ,8112000,412000,7700000,0,0,0,0,0,0,13479000,0,0,0,19801000,6322000,13479000,21179000
3481,群創            ,22330000,3822000,18508000,0,0,0,0,0,0,873000,444000,173000,271000,643000,41000,602000,19381000
2882,國泰金          ,20003000,2528000,17475000,0,0,0,0,30000,-30000,424000,0,0,0,445000,21000,424000,17869000
2330,台積電          ,27378640,11037856,16340784,0,0,0,856000,137000,719000,199000,198000,174000,24000,447000,272000,175000,17258784
1605,華新            ,19594000,1801000,17793000,0,0,0,0,0,0,-866000,88000,2000,86000,282000,1234000,-952000,16927000
2885,元大金          ,29083000,12787500,16295500,0,0,0,0,0,0,-24000,4000,28000,-24000,0,0,0,16271500
0056,元大高股息      ,4000,4000,0,0,0,0,58000,0,58000,15793000,50000,0,50000,16301000,558000,15743000,15851000
2891,中信金          ,22127000,7782000,14345000,0,0,0,0,105000,-105000,2000,20000,18000,2000,0,0,0,14242000
2344,華邦電          ,14726000,4209000,10517000,0,0,0,0,0,0,383000,137000,44000,93000,489000,199000,290000,10900000
2881,富邦金          ,15151000,5193000,9958000,0,0,0,0,3000,-3000,241000,131000,25000,106000,173000,38000,135000,10196000
2883,開發金          ,16532000,6558000,9974000,0,0,0,0,7000,-7000,221000,8000,6000,2000,300000,81000,219000,10188000
2892,第一金          ,12645000,2763000,9882000,0,0,0,0,5000,-5000,91000,62000,9000,53000,38000,0,38000,9968000
0050,元大台灣50      ,1872032,368000,1504032,0,0,0,0,0,0,8256000,2393000,200000,2193000,7466000,1403000,6063000,9760032
2368,金像電          ,13056000,4214000,8842000,0,0,0,547000,155000,392000,201000,2330000,2235000,95000,230000,124000,106000,9435000
9904,寶成            ,15815000,7960000,7855000,0,0,0,500000,1000,499000,529000,64000,35000,29000,510000,10000,500000,8883000
2303,聯電            ,17515000,8596000,8919000,0,0,0,0,116000,-116000,46000,20000,7000,13000,94000,61000,33000,8849000
2834,臺企銀          ,12001000,3391604,8609396,0,0,0,0,2000,-2000,203000,252000,7000,245000,0,42000,-42000,8810396
2002,中鋼            ,10702000,2167000,8535000,0,0,0,0,37000,-37000,-152000,8000,160000,-152000,0,0,0,8346000
2633,台灣高鐵        ,9915000,2781000,7134000,0,0,0,1300000,1000,1299000,-220000,100000,75000,25000,106000,351000,-245000,8213000
2823,中壽            ,11441000,3334004,8106996,0,0,0,0,2000,-2000,-91000,156000,28000,128000,305000,524000,-219000,8013996
2317,鴻海            ,13680000,7542600,6137400,0,0,0,250000,78000,172000,1211000,21000,67000,-46000,1626000,369000,1257000,7520400
2887,台新金          ,10267000,3432000,6835000,0,0,0,0,5000,-5000,122000,10000,4000,6000,116000,0,116000,6952000
00861,元大全球未來通訊,53000,0,53000,0,0,0,0,0,0,6056000,0,0,0,6078000,22000,6056000,6109000
5880,合庫金          ,9263000,3422000,5841000,0,0,0,0,98000,-98000,43000,7000,6000,1000,44000,2000,42000,5786000
2353,宏碁            ,5594000,861000,4733000,0,0,0,0,1000,-1000,73000,101000,0,101000,28000,56000,-28000,4805000
2880,華南金          ,7545000,2944000,4601000,0,0,0,0,4000,-4000,-38000,5000,43000,-38000,0,0,0,4559000
1477,聚陽            ,4445000,492000,3953000,0,0,0,469000,0,469000,93000,158000,58000,100000,38000,45000,-7000,4515000
2801,彰銀            ,7770000,3253000,4517000,0,0,0,0,3000,-3000,-23000,2000,25000,-23000,0,0,0,4491000
1101,台泥            ,8114000,4493000,3621000,0,0,0,834000,33000,801000,-238000,261000,153000,108000,52000,398000,-346000,4184000
5876,上海商銀        ,6481246,2490000,3991246,0,0,0,0,0,0,24000,3000,3000,0,37000,13000,24000,4015246
2301,光寶科          ,5723000,3081000,2642000,0,0,0,650000,1000,649000,655000,824000,16000,808000,86000,239000,-153000,3946000
2382,廣達            ,4869000,1287000,3582000,0,0,0,739000,55000,684000,-418000,8000,235000,-227000,7000,198000,-191000,3848000
2049,上銀            ,4113000,891000,3222000,0,0,0,311000,9000,302000,243000,76000,47000,29000,282000,68000,214000,3767000
1301,台塑            ,5962050,2935000,3027050,0,0,0,635000,0,635000,70000,103000,26000,77000,21000,28000,-7000,3732050
1402,遠東新          ,4183000,1166000,3017000,0,0,0,503000,2000,501000,46000,42000,8000,34000,12000,0,12000,3564000
2890,永豐金          ,10184000,9491000,693000,0,0,0,3000000,147000,2853000,14000,7000,10000,-3000,17000,0,17000,3560000
1303,南亞            ,5086000,1785000,3301000,0,0,0,200000,18000,182000,-39000,3000,42000,-39000,0,0,0,3444000
00738U,元大道瓊白銀    ,222000,7000,215000,0,0,0,0,0,0,2963000,0,0,0,3398000,435000,2963000,3178000
2504,國產            ,3058000,224000,2834000,0,0,0,583000,0,583000,-282000,0,230000,-230000,280000,332000,-52000,3135000
020012,富邦行動通訊N   ,0,0,0,0,0,0,0,0,0,2968000,0,0,0,2968000,0,2968000,2968000
2104,國際中橡        ,2969000,363000,2606000,0,0,0,0,0,0,64000,25000,0,25000,39000,0,39000,2670000
2356,英業達          ,5583000,2634000,2949000,0,0,0,0,2000,-2000,-290000,44000,2000,42000,238000,570000,-332000,2657000
2105,正新            ,3244000,656000,2588000,0,0,0,0,1000,-1000,55000,61000,26000,35000,20000,0,20000,2642000
2603,長榮            ,4684000,2206000,2478000,0,0,0,0,1000,-1000,153000,254000,101000,153000,0,0,0,2630000
061886,力山國泰01購01  ,0,0,0,0,0,0,0,0,0,2597000,0,0,0,2807000,210000,2597000,2597000
3034,聯詠            ,3256000,1117000,2139000,0,0,0,299000,1000,298000,112000,136000,62000,74000,117000,79000,38000,2549000
00631L,元大台灣50正2   ,2237000,971000,1266000,0,0,0,0,0,0,1073000,403000,0,403000,2699000,2029000,670000,2339000
2421,建準            ,3017000,1016000,2001000,0,0,0,753000,470000,283000,49000,10000,0,10000,344000,305000,39000,2333000
00850,元大臺灣ESG永續 ,0,1000,-1000,0,0,0,0,0,0,2300000,0,0,0,2672000,372000,2300000,2299000
6116,彩晶            ,2388000,234000,2154000,0,0,0,0,0,0,145000,10000,6000,4000,188000,47000,141000,2299000
00633L,富邦上証正2     ,1617000,804000,813000,0,0,0,0,0,0,1478000,0,0,0,3788000,2310000,1478000,2291000
6251,定穎            ,4921000,3078000,1843000,0,0,0,0,0,0,425000,450000,25000,425000,0,0,0,2268000
2520,冠德            ,3057000,1245000,1812000,0,0,0,187000,0,187000,232000,341000,190000,151000,81000,0,81000,2231000
2454,聯發科          ,3865000,1912787,1952213,0,0,0,294000,12000,282000,-35000,143000,172000,-29000,70000,76000,-6000,2199213
2498,宏達電          ,3839000,1143000,2696000,0,0,0,0,0,0,-542000,207000,198000,9000,20000,571000,-551000,2154000
2312,金寶            ,2336000,194000,2142000,0,0,0,0,0,0,-10000,1000,0,1000,10000,21000,-11000,2132000
6278,台表科          ,3273000,1434000,1839000,0,0,0,93000,517000,-424000,712000,857000,163000,694000,161000,143000,18000,2127000
1904,正隆            ,1742000,610000,1132000,0,0,0,750000,0,750000,203000,0,0,0,208000,5000,203000,2085000
2867,三商壽          ,2367000,283000,2084000,0,0,0,0,0,0,-1000,2000,3000,-1000,0,0,0,2083000
2383,台光電          ,2090000,1286000,804000,0,0,0,1119000,0,1119000,150000,461000,223000,238000,113000,201000,-88000,2073000
1326,台化            ,4211000,2228000,1983000,0,0,0,0,14000,-14000,-1000,125000,6000,119000,0,120000,-120000,1968000
061517,瑞祺永豐9A購03  ,0,0,0,0,0,0,0,0,0,1943000,0,0,0,1961000,18000,1943000,1943000
2347,聯強            ,2137000,1381000,756000,0,0,0,500000,0,500000,520000,859000,0,859000,0,339000,-339000,1776000
2606,裕民            ,1906000,181000,1725000,0,0,0,0,0,0,11000,0,0,0,11000,0,11000,1736000
3231,緯創            ,5732000,4045000,1687000,0,0,0,0,2000,-2000,-24000,349000,0,349000,2000,375000,-373000,1661000
061240,華新科兆豐9A購01,0,0,0,0,0,0,0,0,0,1652000,0,0,0,1743000,91000,1652000,1652000
2371,大同            ,3232000,1634000,1598000,0,0,0,0,0,0,44000,103000,59000,44000,0,0,0,1642000
3016,嘉晶            ,3948000,1842000,2106000,0,0,0,200000,0,200000,-677000,12000,16000,-4000,130000,803000,-673000,1629000
1102,亞泥            ,3269000,1975000,1294000,0,0,0,616000,41000,575000,-280000,86000,34000,52000,1000,333000,-332000,1589000
056099,上銀永豐97購02  ,0,0,0,0,0,0,0,0,0,1511000,0,0,0,1511000,0,1511000,1511000
2027,大成鋼          ,2105000,472200,1632800,0,0,0,0,0,0,-123000,32000,16000,16000,367000,506000,-139000,1509800
1305,華夏            ,2330000,786000,1544000,0,0,0,0,140000,-140000,99000,64000,0,64000,35000,0,35000,1503000
4935,茂林-KY         ,2226000,570000,1656000,0,0,0,0,0,0,-158000,112000,1000,111000,47000,316000,-269000,1498000
056138,群創元大9B購01  ,0,0,0,0,0,0,0,0,0,1485000,0,0,0,1485000,0,1485000,1485000
060428,瑞祺永豐9A購01  ,0,0,0,0,0,0,0,0,0,1429000,0,0,0,1571000,142000,1429000,1429000
057953,聚陽元大98購01  ,0,0,0,0,0,0,0,0,0,1427000,0,0,0,1443000,16000,1427000,1427000
2408,南亞科          ,3926000,2910000,1016000,0,0,0,0,102000,-102000,487000,295000,18000,277000,439000,229000,210000,1401000
052296,TPK國票96購01   ,0,0,0,0,0,0,0,0,0,1398000,0,0,0,1398000,0,1398000,1398000
00635U,元大S&P黃金     ,747000,0,747000,0,0,0,0,0,0,631000,0,0,0,734000,103000,631000,1378000
054970,帆宣元大97購01  ,0,0,0,0,0,0,0,0,0,1377000,0,0,0,1518000,141000,1377000,1377000
3189,景碩            ,2548000,2425000,123000,0,0,0,1025000,105000,920000,333000,185000,52000,133000,234000,34000,200000,1376000
00708L,元大S&P黃金正2  ,495000,0,495000,0,0,0,0,0,0,874000,0,0,0,1702000,828000,874000,1369000
062212,臻鼎台新9B購01  ,0,0,0,0,0,0,0,0,0,1328000,0,0,0,1597000,269000,1328000,1328000
2412,中華電          ,2037000,777250,1259750,0,0,0,48000,1000,47000,18000,41000,9000,32000,0,14000,-14000,1324750
058809,國巨統一9B購03  ,0,0,0,0,0,0,0,0,0,1319000,0,0,0,1389000,70000,1319000,1319000
061469,瑞祺群益9A購02  ,0,0,0,0,0,0,0,0,0,1308000,0,0,0,1507000,199000,1308000,1308000
00701,國泰股利精選30  ,75000,2000,73000,0,0,0,0,0,0,1224000,0,0,0,1527000,303000,1224000,1297000
3702,大聯大          ,2419000,681000,1738000,0,0,0,0,0,0,-512000,31000,155000,-124000,0,388000,-388000,1226000
061483,TPK元大9A購01   ,0,0,0,0,0,0,0,0,0,1203000,0,0,0,1203000,0,1203000,1203000
3682,亞太電          ,1398000,206000,1192000,0,0,0,0,0,0,0,0,0,0,0,0,0,1192000
058146,勤誠元大99購01  ,0,0,0,0,0,0,0,0,0,1183000,0,0,0,1334000,151000,1183000,1183000
061360,智邦兆豐9B購02  ,0,0,0,0,0,0,0,0,0,1181000,0,0,0,1242000,61000,1181000,1181000
00655L,國泰中國A50正2  ,518000,702000,-184000,0,0,0,0,0,0,1362182,0,0,0,2267182,905000,1362182,1178182
060406,瑞祺國泰9B購01  ,0,0,0,0,0,0,0,0,0,1137000,0,0,0,1384000,247000,1137000,1137000
2345,智邦            ,2761350,1495400,1265950,0,0,0,225000,0,225000,-399000,49000,161000,-112000,23000,310000,-287000,1091950
1736,喬山            ,1127000,788000,339000,0,0,0,800000,0,800000,-49000,77000,170000,-93000,104000,60000,44000,1090000
056847,佐登元富98購01  ,0,0,0,0,0,0,0,0,0,1068000,0,0,0,1098000,30000,1068000,1068000
054819,裕民元大9A購01  ,0,0,0,0,0,0,0,0,0,1046000,0,0,0,1385000,339000,1046000,1046000
05859P,台表科國票97售04,0,0,0,0,0,0,0,0,0,1035000,0,0,0,1055000,20000,1035000,1035000
3653,健策            ,585000,450074,134926,0,0,0,472000,0,472000,413000,182000,3000,179000,286000,52000,234000,1019926
062350,台表科群益9B購01,0,0,0,0,0,0,0,0,0,1013000,0,0,0,1498000,485000,1013000,1013000
1909,榮成            ,1523000,516000,1007000,0,0,0,0,0,0,0,0,0,0,0,0,0,1007000
2501,國建            ,429000,57000,372000,0,0,0,632000,0,632000,0,0,0,0,0,0,0,1004000
1802,台玻            ,1045000,44000,1001000,0,0,0,0,0,0,1000,3000,2000,1000,0,0,0,1002000
5871,中租-KY         ,2272000,1374328,897672,0,0,0,0,1000,-1000,94000,122000,6000,116000,32000,54000,-22000,990672
9938,百和            ,969000,248000,721000,0,0,0,0,0,0,267000,98000,0,98000,172000,3000,169000,988000
061123,燿華永豐9A購01  ,0,0,0,0,0,0,0,0,0,984000,0,0,0,1044000,60000,984000,984000
061331,T50反1元大9A購15,0,0,0,0,0,0,0,0,0,967000,0,0,0,967000,0,967000,967000
061306,瑞祺永豐9A購02  ,0,0,0,0,0,0,0,0,0,956000,0,0,0,979000,23000,956000,956000
060156,光磊永豐9A購01  ,0,0,0,0,0,0,0,0,0,941000,0,0,0,1071000,130000,941000,941000
058210,臺股指凱基9C購04,0,0,0,0,0,0,0,0,0,935000,0,0,0,985000,50000,935000,935000
059755,宏達電國泰9A購01,0,0,0,0,0,0,0,0,0,927000,0,0,0,1039000,112000,927000,927000
9907,統一實          ,956000,43000,913000,0,0,0,0,0,0,-1000,2000,3000,-1000,0,0,0,912000
061121,智邦永豐9A購02  ,0,0,0,0,0,0,0,0,0,898000,0,0,0,898000,0,898000,898000
060614,T50反1元大9A購06,0,0,0,0,0,0,0,0,0,895000,0,0,0,895000,0,895000,895000
00650L,FH香港正2       ,336000,149000,187000,0,0,0,0,0,0,705000,0,0,0,1172000,467000,705000,892000
055417,健策富邦98購02  ,0,0,0,0,0,0,0,0,0,878000,0,0,0,878000,0,878000,878000
03680C,臺股指凱基9A牛26,0,0,0,0,0,0,0,0,0,872000,0,0,0,1321000,449000,872000,872000
062395,台表科富邦9C購01,15000,0,15000,0,0,0,0,0,0,854000,0,0,0,939000,85000,854000,869000
062705,美食元大9B購01  ,0,0,0,0,0,0,0,0,0,868000,0,0,0,888000,20000,868000,868000
053573,臺股指統一99購01,0,0,0,0,0,0,0,0,0,868000,0,0,0,881000,13000,868000,868000
2618,長榮航          ,5417000,4812655,604345,0,0,0,0,1000,-1000,260000,67000,0,67000,193000,0,193000,863345
062028,晶技群益9B購01  ,0,0,0,0,0,0,0,0,0,856000,0,0,0,877000,21000,856000,856000
057841,茂林富邦9A購02  ,0,0,0,0,0,0,0,0,0,848000,0,0,0,913000,65000,848000,848000
4142,國光生          ,1009000,92000,917000,0,0,0,0,7000,-7000,-62000,11000,15000,-4000,0,58000,-58000,848000
053118,大立光中信9C購01,0,0,0,0,0,0,0,0,0,844000,0,0,0,1409000,565000,844000,844000
057517,矽創元富98購02  ,0,0,0,0,0,0,0,0,0,844000,0,0,0,866000,22000,844000,844000
2201,裕隆            ,1626000,730000,896000,0,0,0,0,0,0,-61000,0,0,0,0,61000,-61000,835000
061520,健策中信9A購01  ,0,0,0,0,0,0,0,0,0,832000,0,0,0,1272000,440000,832000,832000
062423,聯發科統一9C購07,0,0,0,0,0,0,0,0,0,829000,0,0,0,1330000,501000,829000,829000
060421,華擎永豐9A購01  ,0,0,0,0,0,0,0,0,0,826000,0,0,0,1410000,584000,826000,826000
9945,潤泰新          ,1270000,438000,832000,0,0,0,0,0,0,-6000,24000,4000,20000,0,26000,-26000,826000
061036,晶技永豐9A購03  ,0,0,0,0,0,0,0,0,0,820000,0,0,0,820000,0,820000,820000
058613,茂林元大99購03  ,0,0,0,0,0,0,0,0,0,812000,0,0,0,1043000,231000,812000,812000
061056,臺指反國票02購01,0,0,0,0,0,0,0,0,0,809000,0,0,0,829000,20000,809000,809000
058188,華擎永豐99購01  ,0,0,0,0,0,0,0,0,0,809000,0,0,0,980000,171000,809000,809000
055540,京鼎台新97購01  ,0,0,0,0,0,0,0,0,0,800000,0,0,0,820000,20000,800000,800000
062970,智邦元富9B購01  ,0,0,0,0,0,0,0,0,0,799000,0,0,0,869000,70000,799000,799000
061391,晶技群益9A購02  ,0,0,0,0,0,0,0,0,0,797000,0,0,0,989000,192000,797000,797000
3037,欣興            ,6450000,6162000,288000,0,0,0,366000,1190000,-824000,1333000,1004000,140000,864000,502000,33000,469000,797000
062761,嘉晶凱基9C購01  ,0,0,0,0,0,0,0,0,0,796000,0,0,0,916000,120000,796000,796000
060226,道瓊反元大9A購01,0,0,0,0,0,0,0,0,0,792000,0,0,0,828000,36000,792000,792000
054130,漢唐元大97購02  ,0,0,0,0,0,0,0,0,0,790000,0,0,0,937000,147000,790000,790000
2385,群光            ,1578000,1033000,545000,0,0,0,252000,31000,221000,15000,90000,0,90000,60000,135000,-75000,781000
060376,瑞祺元富9A購01  ,0,0,0,0,0,0,0,0,0,768000,0,0,0,1177000,409000,768000,768000
1476,儒鴻            ,956000,656000,300000,0,0,0,226000,0,226000,233000,210000,18000,192000,79000,38000,41000,759000
062035,瑞祺群益9B購01  ,0,0,0,0,0,0,0,0,0,755000,0,0,0,1133000,378000,755000,755000
9919,康那香          ,2213000,1347000,866000,0,0,0,0,0,0,-122000,0,122000,-122000,0,0,0,744000
060412,儒鴻永豐9A購01  ,0,0,0,0,0,0,0,0,0,731000,0,0,0,1161000,430000,731000,731000
061915,T50反1凱基02購02,0,0,0,0,0,0,0,0,0,720000,0,0,0,750000,30000,720000,720000
060189,宏達電元富9B購03,0,0,0,0,0,0,0,0,0,716000,0,0,0,771000,55000,716000,716000
054446,美食兆豐97購01  ,0,0,0,0,0,0,0,0,0,711000,0,0,0,849000,138000,711000,711000
061817,高鐵群益9B購01  ,0,0,0,0,0,0,0,0,0,706000,0,0,0,804000,98000,706000,706000
056122,勤誠群益97購02  ,0,0,0,0,0,0,0,0,0,699000,0,0,0,785000,86000,699000,699000
054879,大成鋼統一97購01,0,0,0,0,0,0,0,0,0,699000,0,0,0,699000,0,699000,699000
061160,瑞祺群益9A購01  ,0,0,0,0,0,0,0,0,0,696000,0,0,0,730000,34000,696000,696000
00692,富邦公司治理    ,0,0,0,0,0,0,0,0,0,691000,0,0,0,2122000,1431000,691000,691000
2392,正崴            ,825000,255000,570000,0,0,0,0,0,0,120000,45000,10000,35000,85000,0,85000,690000
061931,力山國票9B購02  ,0,0,0,0,0,0,0,0,0,688000,0,0,0,721000,33000,688000,688000
059862,全新群益99購04  ,0,0,0,0,0,0,0,0,0,688000,0,0,0,688000,0,688000,688000
00640L,富邦日本正2     ,0,26000,-26000,0,0,0,0,0,0,707000,0,0,0,1096000,389000,707000,681000
2915,潤泰全          ,1558000,727871,830129,0,0,0,0,0,0,-150000,8000,6000,2000,44000,196000,-152000,680129
2812,台中銀          ,615000,48000,567000,0,0,0,0,0,0,110000,112000,2000,110000,0,0,0,677000
063136,智邦統一9B購02  ,0,0,0,0,0,0,0,0,0,676000,0,0,0,897000,221000,676000,676000
1434,福懋            ,1069000,641000,428000,0,0,0,229000,1000,228000,14000,14000,0,14000,0,0,0,670000
061823,勤誠群益9B購01  ,0,0,0,0,0,0,0,0,0,668000,0,0,0,678000,10000,668000,668000
1319,東陽            ,746000,182000,564000,0,0,0,0,0,0,103000,161000,58000,103000,0,0,0,667000
059516,TPK永豐99購01   ,0,0,0,0,0,0,0,0,0,663000,0,0,0,700000,37000,663000,663000
2354,鴻準            ,1197000,537000,660000,0,0,0,0,0,0,-8000,18000,26000,-8000,0,0,0,652000
053080,力山元大96購02  ,0,0,0,0,0,0,0,0,0,651000,0,0,0,704000,53000,651000,651000
9921,巨大            ,1225000,600000,625000,0,0,0,4000,29000,-25000,49000,34000,8000,26000,25000,2000,23000,649000
2207,和泰車          ,750000,102000,648000,0,0,0,0,5000,-5000,5000,5000,0,5000,0,0,0,648000
2474,可成            ,2134000,1594000,540000,0,0,0,25000,1000,24000,83000,87000,37000,50000,91000,58000,33000,647000
058927,勤誠元富99購02  ,0,0,0,0,0,0,0,0,0,646000,0,0,0,646000,0,646000,646000
9910,豐泰            ,1243000,696000,547000,0,0,0,40000,0,40000,54000,61000,7000,54000,0,0,0,641000
041991,元油2X國票98購01,0,0,0,0,0,0,0,0,0,639000,0,0,0,639000,0,639000,639000
060861,漢唐永豐9A購01  ,0,0,0,0,0,0,0,0,0,634000,0,0,0,650000,16000,634000,634000
054640,健策中信9B購01  ,0,0,0,0,0,0,0,0,0,627000,0,0,0,660000,33000,627000,627000
061802,勤誠永豐9B購01  ,0,0,0,0,0,0,0,0,0,625000,0,0,0,625000,0,625000,625000
057278,可成元大98購06  ,0,0,0,0,0,0,0,0,0,618000,0,0,0,784000,166000,618000,618000
060813,高鐵凱基9A購01  ,0,0,0,0,0,0,0,0,0,615000,0,0,0,901000,286000,615000,615000
6257,矽格            ,780000,1035000,-255000,0,0,0,360000,0,360000,506000,306000,35000,271000,239000,4000,235000,611000
054971,帆宣元大97購02  ,0,0,0,0,0,0,0,0,0,607000,0,0,0,687000,80000,607000,607000
06853P,華擎元富98售03  ,0,0,0,0,0,0,0,0,0,604000,0,0,0,947000,343000,604000,604000
2478,大毅            ,1127000,563000,564000,0,0,0,0,0,0,39000,8000,0,8000,80000,49000,31000,603000
062351,瑞祺群益9C購01  ,0,0,0,0,0,0,0,0,0,601000,0,0,0,694000,93000,601000,601000
054454,滬深2X群益96購04,0,0,0,0,0,0,0,0,0,600000,0,0,0,600000,0,600000,600000
062126,創意統一9B購01  ,0,0,0,0,0,0,0,0,0,599000,0,0,0,861000,262000,599000,599000
062246,力山元大9B購02  ,0,0,0,0,0,0,0,0,0,598000,0,0,0,629000,31000,598000,598000
061971,力山元大9C購02  ,0,0,0,0,0,0,0,0,0,597000,0,0,0,632000,35000,597000,597000
056198,台光電永豐97購02,0,0,0,0,0,0,0,0,0,595000,0,0,0,720000,125000,595000,595000
062275,燿華群益9B購01  ,0,0,0,0,0,0,0,0,0,591000,0,0,0,698000,107000,591000,591000
6269,台郡            ,476000,622000,-146000,0,0,0,863000,322000,541000,196000,175000,42000,133000,81000,18000,63000,591000
061584,勤誠元大9A購01  ,0,0,0,0,0,0,0,0,0,589000,0,0,0,876000,287000,589000,589000
061042,致新永豐9A購02  ,0,0,0,0,0,0,0,0,0,582000,0,0,0,781000,199000,582000,582000
055744,茂林元富97購02  ,0,0,0,0,0,0,0,0,0,578000,0,0,0,765000,187000,578000,578000
061720,智邦國泰9C購01  ,0,0,0,0,0,0,0,0,0,577000,0,0,0,686000,109000,577000,577000
053061,GIS富邦97購01   ,0,0,0,0,0,0,0,0,0,576000,0,0,0,578000,2000,576000,576000
00675L,富邦臺灣加權正2 ,352000,75000,277000,0,0,0,0,0,0,297000,0,0,0,330000,33000,297000,574000
07055P,景碩群益9A售02  ,0,0,0,0,0,0,0,0,0,574000,0,0,0,580000,6000,574000,574000
2534,宏盛            ,610000,40000,570000,0,0,0,0,0,0,0,0,0,0,0,0,0,570000
052945,嘉晶國票97購01  ,0,0,0,0,0,0,0,0,0,566000,0,0,0,603000,37000,566000,566000
3576,聯合再生        ,693000,127000,566000,0,0,0,0,0,0,0,0,0,0,0,0,0,566000
061865,力山元大9B購01  ,0,0,0,0,0,0,0,0,0,563000,0,0,0,786000,223000,563000,563000
062373,泰鼎元大9B購01  ,0,0,0,0,0,0,0,0,0,562000,0,0,0,625000,63000,562000,562000
07575P,瑞昱元大9A售02  ,0,0,0,0,0,0,0,0,0,562000,0,0,0,597000,35000,562000,562000
061775,臺指反國票9B購04,0,0,0,0,0,0,0,0,0,561000,0,0,0,571000,10000,561000,561000
5215,科嘉-KY         ,1008992,567000,441992,0,0,0,89000,0,89000,30000,30000,0,30000,0,0,0,560992
05152P,玉晶光群益96售05,0,0,0,0,0,0,0,0,0,560000,0,0,0,560000,0,560000,560000
07258P,台灣50台新9A售01,0,0,0,0,0,0,0,0,0,553000,0,0,0,573000,20000,553000,553000
061347,創意元大9A購02  ,0,0,0,0,0,0,0,0,0,550000,0,0,0,795000,245000,550000,550000
062539,可成國泰01購01  ,0,0,0,0,0,0,0,0,0,548000,0,0,0,1291000,743000,548000,548000
060561,台積電富邦04購01,0,0,0,0,0,0,0,0,0,545000,0,0,0,669000,124000,545000,545000
07886P,國巨國票9B售06  ,0,0,0,0,0,0,0,0,0,544000,0,0,0,603000,59000,544000,544000
062086,瑞祺元大9B購01  ,0,0,0,0,0,0,0,0,0,540000,0,0,0,618000,78000,540000,540000
2515,中工            ,824000,137000,687000,0,0,0,0,0,0,-147000,6000,149000,-143000,0,4000,-4000,540000
062979,茂林元富9B購01  ,0,0,0,0,0,0,0,0,0,537000,0,0,0,656000,119000,537000,537000
00639,富邦深100       ,401000,2000,399000,0,0,0,0,0,0,132455,0,0,0,1076455,944000,132455,531455
057447,智邦元富02購01  ,0,0,0,0,0,0,0,0,0,531000,0,0,0,556000,25000,531000,531000
4414,如興            ,665000,136000,529000,0,0,0,0,0,0,0,0,0,0,0,0,0,529000
058200,世芯康和99購01  ,0,0,0,0,0,0,0,0,0,528000,0,0,0,1302000,774000,528000,528000
060841,宏達電國票9B購01,0,0,0,0,0,0,0,0,0,525000,0,0,0,651000,126000,525000,525000
1227,佳格            ,757000,241000,516000,0,0,0,0,0,0,7000,7000,0,7000,0,0,0,523000
03050X,元展47          ,0,0,0,0,0,0,0,0,0,522000,0,0,0,538000,16000,522000,522000
05999P,世芯元大96售01  ,0,0,0,0,0,0,0,0,0,520000,0,0,0,520000,0,520000,520000
062878,宏達電兆豐9B購01,0,0,0,0,0,0,0,0,0,517000,0,0,0,561000,44000,517000,517000
046797,T50反1元大96購01,0,0,0,0,0,0,0,0,0,517000,0,0,0,517000,0,517000,517000
2395,研華            ,727000,278000,449000,0,0,0,64000,1000,63000,2000,2000,0,2000,0,0,0,514000
6706,惠特            ,178000,367000,-189000,0,0,0,520000,3000,517000,181000,198000,17000,181000,0,0,0,509000
062888,漢唐群益9B購01  ,0,0,0,0,0,0,0,0,0,504000,0,0,0,551000,47000,504000,504000
062528,全新統一9C購01  ,0,0,0,0,0,0,0,0,0,504000,0,0,0,504000,0,504000,504000
062655,漢唐永豐9B購01  ,0,0,0,0,0,0,0,0,0,504000,0,0,0,583000,79000,504000,504000
058660,樺漢中信9A購01  ,0,0,0,0,0,0,0,0,0,503000,0,0,0,630000,127000,503000,503000
059825,嘉晶凱基99購02  ,0,0,0,0,0,0,0,0,0,503000,0,0,0,513000,10000,503000,503000
061241,晶技兆豐9A購01  ,0,0,0,0,0,0,0,0,0,502000,0,0,0,598000,96000,502000,502000
056707,鴻海富邦99購03  ,0,0,0,0,0,0,0,0,0,499000,0,0,0,499000,0,499000,499000
054201,聯詠富邦97購02  ,0,0,0,0,0,0,0,0,0,496000,0,0,0,499000,3000,496000,496000
6552,易華電          ,551000,71000,480000,0,0,0,0,0,0,16000,0,0,0,16000,0,16000,496000
058838,國巨中信99購03  ,0,0,0,0,0,0,0,0,0,495000,0,0,0,566000,71000,495000,495000
062512,美食國票9B購01  ,0,0,0,0,0,0,0,0,0,494000,0,0,0,539000,45000,494000,494000
063055,創意統一9B購02  ,0,0,0,0,0,0,0,0,0,494000,0,0,0,702000,208000,494000,494000
00669R,國泰美國道瓊反1 ,76000,50000,26000,0,0,0,0,0,0,467000,0,0,0,3072000,2605000,467000,493000
062225,華擎統一01購01  ,0,0,0,0,0,0,0,0,0,491000,0,0,0,532000,41000,491000,491000
060862,美律永豐9A購01  ,0,0,0,0,0,0,0,0,0,490000,0,0,0,610000,120000,490000,490000
061071,復盛凱基9A購01  ,0,0,0,0,0,0,0,0,0,490000,0,0,0,737000,247000,490000,490000
058930,華新科統一9B購01,0,0,0,0,0,0,0,0,0,489000,0,0,0,671000,182000,489000,489000
061318,智邦凱基9B購01  ,0,0,0,0,0,0,0,0,0,486000,0,0,0,628000,142000,486000,486000
2442,新美齊          ,623000,137000,486000,0,0,0,0,0,0,0,0,0,0,0,0,0,486000
06633P,國巨國票99售01  ,0,0,0,0,0,0,0,0,0,486000,0,0,0,496000,10000,486000,486000
062540,茂林國泰9C購01  ,0,0,0,0,0,0,0,0,0,483000,0,0,0,699000,216000,483000,483000
057837,康控國泰99購02  ,0,0,0,0,0,0,0,0,0,481000,0,0,0,481000,0,481000,481000
05628P,茂林國票97售02  ,0,0,0,0,0,0,0,0,0,480000,0,0,0,480000,0,480000,480000
052885,高鐵兆豐98購01  ,0,0,0,0,0,0,0,0,0,478000,0,0,0,499000,21000,478000,478000
060347,大立光統一02購01,0,0,0,0,0,0,0,0,0,478000,0,0,0,509000,31000,478000,478000
061078,台積電兆豐9A購01,0,0,0,0,0,0,0,0,0,476000,0,0,0,476000,0,476000,476000
060799,茂林永豐9A購01  ,0,0,0,0,0,0,0,0,0,474000,0,0,0,535000,61000,474000,474000
061283,智邦統一9A購01  ,1000,0,1000,0,0,0,0,0,0,472000,0,0,0,558000,86000,472000,473000
062171,中磊永豐9B購01  ,0,0,0,0,0,0,0,0,0,473000,0,0,0,474000,1000,473000,473000
2845,遠東銀          ,395000,41000,354000,0,0,0,0,0,0,119000,120000,1000,119000,0,0,0,473000
6230,超眾            ,395000,254060,140940,0,0,0,158000,0,158000,174000,0,0,0,186000,12000,174000,472940
052328,台表科中信99購01,25000,0,25000,0,0,0,0,0,0,447000,0,0,0,447000,0,447000,472000
058587,台積電中信9C購03,0,0,0,0,0,0,0,0,0,471000,0,0,0,486000,15000,471000,471000
057819,新日興元大99購01,0,0,0,0,0,0,0,0,0,470000,0,0,0,539000,69000,470000,470000
059205,元石油元大99購01,0,0,0,0,0,0,0,0,0,465000,0,0,0,575000,110000,465000,465000
055748,GIS元富97購01   ,0,0,0,0,0,0,0,0,0,464000,0,0,0,464000,0,464000,464000
060300,佐登國泰9B購01  ,0,0,0,0,0,0,0,0,0,464000,0,0,0,464000,0,464000,464000
1907,永豐餘          ,590000,127000,463000,0,0,0,0,0,0,0,0,0,0,0,0,0,463000
07820P,臺股指國票9A售11,0,0,0,0,0,0,0,0,0,462000,0,0,0,464000,2000,462000,462000
061650,南電元大9A購07  ,0,0,0,0,0,0,0,0,0,460000,0,0,0,595000,135000,460000,460000
061001,智邦兆豐9B購01  ,0,0,0,0,0,0,0,0,0,459000,0,0,0,461000,2000,459000,459000
043538,元石油國票97購01,0,0,0,0,0,0,0,0,0,458000,0,0,0,458000,0,458000,458000
062912,新日興元大9B購01,0,0,0,0,0,0,0,0,0,457000,0,0,0,487000,30000,457000,457000
059618,台積電日盛99購01,0,0,0,0,0,0,0,0,0,457000,0,0,0,457000,0,457000,457000
062464,T50反1凱基9C購03,0,0,0,0,0,0,0,0,0,456000,0,0,0,596000,140000,456000,456000
062344,力山群益9B購02  ,0,0,0,0,0,0,0,0,0,453000,0,0,0,476000,23000,453000,453000
058831,茂林永豐99購01  ,0,0,0,0,0,0,0,0,0,452000,0,0,0,462000,10000,452000,452000
3019,亞光            ,447000,206000,241000,0,0,0,0,0,0,211000,186000,2000,184000,44000,17000,27000,452000
056420,台表科元富98購01,0,10000,-10000,0,0,0,0,0,0,461000,0,0,0,1133000,672000,461000,451000
056811,健策統一9B購01  ,0,0,0,0,0,0,0,0,0,451000,0,0,0,451000,0,451000,451000
058095,昇陽半元大98購03,0,0,0,0,0,0,0,0,0,451000,0,0,0,559000,108000,451000,451000
060346,華新科統一01購01,0,0,0,0,0,0,0,0,0,450000,0,0,0,534000,84000,450000,450000
2511,太子            ,447000,1000,446000,0,0,0,0,0,0,0,0,0,0,0,0,0,446000
058194,勤誠永豐99購01  ,0,0,0,0,0,0,0,0,0,445000,0,0,0,445000,0,445000,445000
062904,台光電元大9B購06,0,0,0,0,0,0,0,0,0,444000,0,0,0,590000,146000,444000,444000
055049,智邦永豐97購01  ,0,0,0,0,0,0,0,0,0,444000,0,0,0,654000,210000,444000,444000
056121,勤誠群益97購01  ,0,0,0,0,0,0,0,0,0,443000,0,0,0,643000,200000,443000,443000
061754,晶技麥證9B購01  ,0,0,0,442000,0,442000,0,0,0,442000,0,0,0,442000,0,442000,442000
054411,光磊元大97購02  ,0,0,0,0,0,0,0,0,0,442000,0,0,0,492000,50000,442000,442000
058926,勤誠元富99購01  ,0,0,0,0,0,0,0,0,0,442000,0,0,0,545000,103000,442000,442000
058055,華擎統一9A購01  ,0,0,0,0,0,0,0,0,0,442000,0,0,0,603000,161000,442000,442000
056459,茂林凱基99購01  ,0,0,0,0,0,0,0,0,0,440000,0,0,0,887000,447000,440000,440000
060416,神隆永豐9A購01  ,0,0,0,0,0,0,0,0,0,439000,0,0,0,586000,147000,439000,439000
060197,臻鼎元富9A購02  ,0,0,0,0,0,0,0,0,0,436000,0,0,0,1258000,822000,436000,436000
2102,泰豐            ,517000,82000,435000,0,0,0,0,0,0,0,0,0,0,0,0,0,435000
056478,晶技元大99購01  ,0,0,0,0,0,0,0,0,0,434000,0,0,0,487000,53000,434000,434000
060613,T50反1元大9A購05,0,0,0,0,0,0,0,0,0,433000,0,0,0,433000,0,433000,433000
062691,T50反1元大9B購04,0,0,0,0,0,0,0,0,0,433000,0,0,0,433000,0,433000,433000
01003T,兆豐新光R1      ,468000,35000,433000,0,0,0,0,0,0,0,0,0,0,0,0,0,433000
2314,台揚            ,552000,119000,433000,0,0,0,0,0,0,0,0,0,0,0,0,0,433000
048383,元金2X國票99購01,0,0,0,0,0,0,0,0,0,431000,0,0,0,600000,169000,431000,431000
2889,國票金          ,663000,340000,323000,0,0,0,0,0,0,106000,109000,3000,106000,0,0,0,429000
062927,同欣電國票9B購02,0,0,0,0,0,0,0,0,0,427000,0,0,0,475000,48000,427000,427000
8105,凌巨            ,523000,95000,428000,0,0,0,0,0,0,-1000,0,1000,-1000,0,0,0,427000
058082,美律群益98購05  ,0,0,0,0,0,0,0,0,0,426000,0,0,0,473000,47000,426000,426000
062591,新日興統一9C購01,0,0,0,0,0,0,0,0,0,424000,0,0,0,587000,163000,424000,424000
062882,新日興兆豐9C購01,0,0,0,0,0,0,0,0,0,422000,0,0,0,623000,201000,422000,422000
055131,茂林康和97購01  ,0,0,0,0,0,0,0,0,0,421000,0,0,0,461000,40000,421000,421000
054075,GIS富邦97購02   ,0,0,0,0,0,0,0,0,0,420000,0,0,0,420000,0,420000,420000
9802,鈺齊-KY         ,827000,698000,129000,0,0,0,226000,199000,27000,264000,130000,26000,104000,161000,1000,160000,420000
054239,台郡群益96購02  ,0,0,0,0,0,0,0,0,0,419000,0,0,0,499000,80000,419000,419000
056571,燿華元大98購02  ,0,0,0,0,0,0,0,0,0,419000,0,0,0,580000,161000,419000,419000
062549,中租永豐9B購01  ,0,0,0,0,0,0,0,0,0,417000,0,0,0,952000,535000,417000,417000
049007,玉晶光中信96購01,0,0,0,0,0,0,0,0,0,416000,0,0,0,416000,0,416000,416000
062327,燿華統一9B購02  ,0,0,0,0,0,0,0,0,0,414000,0,0,0,709000,295000,414000,414000
2014,中鴻            ,423000,10000,413000,0,0,0,0,0,0,1000,2000,1000,1000,0,0,0,414000
2897,王道銀行        ,415000,2000,413000,0,0,0,0,0,0,0,0,0,0,0,0,0,413000
061768,晶技元大9B購02  ,0,0,0,0,0,0,0,0,0,412000,0,0,0,413000,1000,412000,412000
07354P,臺股指國票99售22,0,0,0,0,0,0,0,0,0,410000,0,0,0,500000,90000,410000,410000
062234,廣達凱基9B購01  ,0,0,0,0,0,0,0,0,0,408000,0,0,0,472000,64000,408000,408000
2324,仁寶            ,7041000,6010000,1031000,0,0,0,0,2000,-2000,-621000,67000,12000,55000,33000,709000,-676000,408000
061262,智邦凱基9A購02  ,0,0,0,0,0,0,0,0,0,407000,0,0,0,411000,4000,407000,407000
056710,漢唐永豐98購01  ,0,0,0,0,0,0,0,0,0,407000,0,0,0,577000,170000,407000,407000
061969,大立光統一01購02,0,0,0,0,0,0,0,0,0,405000,0,0,0,405000,0,405000,405000
061795,智邦永豐9B購01  ,0,0,0,0,0,0,0,0,0,405000,0,0,0,405000,0,405000,405000
2908,特力            ,406000,1000,405000,0,0,0,0,0,0,0,0,0,0,0,0,0,405000
1795,美時            ,1058000,804000,254000,0,0,0,150000,0,150000,0,0,0,0,0,0,0,404000
062393,智邦富邦9B購01  ,0,0,0,0,0,0,0,0,0,403000,0,0,0,703000,300000,403000,403000
051157,華新科富邦98購01,0,0,0,0,0,0,0,0,0,400000,0,0,0,400000,0,400000,400000
057405,麗豐群益98購01  ,0,0,0,0,0,0,0,0,0,400000,0,0,0,400000,0,400000,400000
8404,百和興業-KY     ,428000,30000,398000,0,0,0,0,0,0,0,0,0,0,0,0,0,398000
07506P,中租元大9A售01  ,0,0,0,0,0,0,0,0,0,398000,0,0,0,402000,4000,398000,398000
061275,臺股指凱基9A購25,0,0,0,0,0,0,0,0,0,397000,0,0,0,425000,28000,397000,397000
054633,臺股指凱基9A購02,0,0,0,0,0,0,0,0,0,397000,0,0,0,397000,0,397000,397000
062012,燿華富邦9C購01  ,0,0,0,0,0,0,0,0,0,396000,0,0,0,694000,298000,396000,396000
062712,晶技麥證9B購02  ,0,0,0,415000,20000,395000,0,0,0,395000,0,0,0,415000,20000,395000,395000
07015P,國巨元大99售13  ,0,0,0,0,0,0,0,0,0,395000,0,0,0,435000,40000,395000,395000
2377,微星            ,1926000,1606000,320000,0,0,0,262000,0,262000,-187000,54000,64000,-10000,27000,204000,-177000,395000
061197,矽創永豐9A購02  ,0,0,0,0,0,0,0,0,0,394000,0,0,0,576000,182000,394000,394000
00762,元大全球AI      ,0,0,0,0,0,0,0,0,0,394000,0,0,0,587000,193000,394000,394000
059259,FBVIX中信03購06 ,0,0,0,0,0,0,0,0,0,391000,0,0,0,432000,41000,391000,391000
8215,明基材          ,509000,119000,390000,0,0,0,0,0,0,1000,1000,0,1000,0,0,0,391000
3003,健和興          ,292000,53000,239000,0,0,0,150000,0,150000,0,0,0,0,0,0,0,389000
6412,群電            ,933000,601000,332000,0,0,0,38000,0,38000,18000,0,0,0,18000,0,18000,388000
062153,智邦麥證9B購01  ,0,0,0,416000,10000,406000,0,0,0,386000,0,0,0,416000,30000,386000,386000
056591,S&P正2元富9A購01,0,0,0,0,0,0,0,0,0,386000,0,0,0,386000,0,386000,386000
055599,TPK元大97購01   ,0,0,0,0,0,0,0,0,0,385000,0,0,0,385000,0,385000,385000
058973,麗豐永豐99購01  ,0,0,0,0,0,0,0,0,0,385000,0,0,0,444000,59000,385000,385000
057460,楠梓電永豐98購03,0,0,0,0,0,0,0,0,0,385000,0,0,0,385000,0,385000,385000
058666,上証反群益01購01,0,0,0,0,0,0,0,0,0,385000,0,0,0,430000,45000,385000,385000
1103,嘉泥            ,403000,17000,386000,0,0,0,0,0,0,-1000,0,1000,-1000,0,0,0,385000
054043,漢唐元大97購01  ,0,0,0,0,0,0,0,0,0,384000,0,0,0,398000,14000,384000,384000
07638P,長榮航國票9A售01,0,0,0,0,0,0,0,0,0,384000,0,0,0,414000,30000,384000,384000
057568,友訊永豐99購01  ,0,0,0,0,0,0,0,0,0,383000,0,0,0,383000,0,383000,383000
055424,聚陽群益98購01  ,0,0,0,0,0,0,0,0,0,382000,0,0,0,382000,0,382000,382000
1216,統一            ,4992000,4740000,252000,0,0,0,123000,2000,121000,6000,18000,12000,6000,0,0,0,379000
1709,和益            ,411000,35000,376000,0,0,0,0,0,0,0,0,0,0,0,0,0,376000
07459P,緯穎元大9A售01  ,0,0,0,0,0,0,0,0,0,375000,0,0,0,845000,470000,375000,375000
060424,中租永豐9A購01  ,0,0,0,0,0,0,0,0,0,374000,0,0,0,616000,242000,374000,374000
056614,智邦永豐98購01  ,0,0,0,0,0,0,0,0,0,374000,0,0,0,439000,65000,374000,374000
2349,錸德            ,615000,237000,378000,0,0,0,0,4000,-4000,0,0,0,0,0,0,0,374000
058379,臺股指凱基99購14,0,0,0,0,0,0,0,0,0,373000,0,0,0,672000,299000,373000,373000
3049,和鑫            ,689000,370000,319000,0,0,0,0,0,0,54000,1000,0,1000,53000,0,53000,373000
053569,漢唐統一98購01  ,0,0,0,0,0,0,0,0,0,372000,0,0,0,434000,62000,372000,372000
00643,群益深証中小    ,391000,42000,349000,0,0,0,0,0,0,23000,0,0,0,65000,42000,23000,372000
060646,南電永豐9A購01  ,0,0,0,0,0,0,0,0,0,367000,0,0,0,594000,227000,367000,367000
060380,T50反1凱基9A購08,0,0,0,0,0,0,0,0,0,367000,0,0,0,472000,105000,367000,367000
061463,智邦群益9A購02  ,0,0,0,0,0,0,0,0,0,365000,0,0,0,422000,57000,365000,365000
057574,中磊永豐98購01  ,0,0,0,0,0,0,0,0,0,364000,0,0,0,384000,20000,364000,364000
056084,漢唐統一97購03  ,0,0,0,0,0,0,0,0,0,361000,0,0,0,361000,0,361000,361000
1714,和桐            ,458000,98000,360000,0,0,0,0,0,0,0,0,0,0,0,0,0,360000
060913,宏達電元大9A購03,0,0,0,0,0,0,0,0,0,358000,0,0,0,363000,5000,358000,358000
2489,瑞軒            ,335000,50000,285000,0,0,0,0,0,0,73000,73000,0,73000,0,0,0,358000
2485,兆赫            ,375000,18000,357000,0,0,0,0,0,0,0,0,0,0,0,0,0,357000
2006,東和鋼鐵        ,570000,121000,449000,0,0,0,0,65000,-65000,-27000,0,27000,-27000,0,0,0,357000
1526,日馳            ,932000,575000,357000,0,0,0,0,0,0,0,0,0,0,0,0,0,357000
062007,台光電國泰9C購01,0,0,0,0,0,0,0,0,0,355000,0,0,0,487000,132000,355000,355000
062577,泰鼎群益9B購01  ,0,0,0,0,0,0,0,0,0,355000,0,0,0,531000,176000,355000,355000
057347,國巨統一9A購03  ,0,0,0,0,0,0,0,0,0,355000,0,0,0,710000,355000,355000,355000
061127,美食永豐9A購01  ,0,0,0,0,0,0,0,0,0,354000,0,0,0,438000,84000,354000,354000
059459,訊芯永豐99購04  ,0,0,0,0,0,0,0,0,0,354000,0,0,0,412000,58000,354000,354000
059882,臺股指凱基9C購06,0,0,0,0,0,0,0,0,0,354000,0,0,0,768000,414000,354000,354000
060714,晶技永豐9A購02  ,0,0,0,0,0,0,0,0,0,353000,0,0,0,375000,22000,353000,353000
062797,瑞昱統一9B購01  ,0,0,0,0,0,0,0,0,0,353000,0,0,0,383000,30000,353000,353000
2375,凱美            ,522000,204000,318000,0,0,0,0,0,0,35000,1000,0,1000,40000,6000,34000,353000
054148,矽創元大96購03  ,0,0,0,0,0,0,0,0,0,352000,0,0,0,384000,32000,352000,352000
060896,晶技凱基9A購02  ,0,0,0,0,0,0,0,0,0,350000,0,0,0,437000,87000,350000,350000
053584,友達元大9B購02  ,0,0,0,0,0,0,0,0,0,350000,0,0,0,360000,10000,350000,350000
07898P,國巨國泰9C售02  ,0,0,0,0,0,0,0,0,0,350000,0,0,0,525000,175000,350000,350000
06371P,茂林國票98售04  ,0,0,0,0,0,0,0,0,0,350000,0,0,0,355000,5000,350000,350000
062701,漢唐元大9B購01  ,0,0,0,0,0,0,0,0,0,349000,0,0,0,408000,59000,349000,349000
08016P,臺股指凱基02售02,0,0,0,0,0,0,0,0,0,349000,0,0,0,414000,65000,349000,349000
07793P,同欣電元大9A售02,0,0,0,0,0,0,0,0,0,349000,0,0,0,516000,167000,349000,349000
059256,臺股指凱基99購34,0,0,0,0,0,0,0,0,0,348000,0,0,0,395000,47000,348000,348000
058670,鴻海群益9A購03  ,0,0,0,0,0,0,0,0,0,348000,0,0,0,499000,151000,348000,348000
062142,喬山國票9B購01  ,0,0,0,0,0,0,0,0,0,346000,0,0,0,399000,53000,346000,346000
059925,可成國泰9B購01  ,0,0,0,0,0,0,0,0,0,346000,0,0,0,515000,169000,346000,346000
07863P,華新科凱基9B售07,0,0,0,0,0,0,0,0,0,345000,0,0,0,600000,255000,345000,345000
07786P,南電中信9C售01  ,0,0,0,0,0,0,0,0,0,344000,0,0,0,549000,205000,344000,344000
08004P,大毅永豐9B售02  ,0,0,0,0,0,0,0,0,0,344000,0,0,0,420000,76000,344000,344000
058266,宏達電永豐99購01,0,0,0,0,0,0,0,0,0,340000,0,0,0,352000,12000,340000,340000
062889,可成群益9C購01  ,0,0,0,0,0,0,0,0,0,337000,0,0,0,537000,200000,337000,337000
058516,健鼎元大99購02  ,0,0,0,0,0,0,0,0,0,334000,0,0,0,601000,267000,334000,334000
2905,三商            ,381000,47000,334000,0,0,0,0,0,0,0,0,0,0,0,0,0,334000
062186,晶技元大9B購05  ,0,0,0,0,0,0,0,0,0,332000,0,0,0,369000,37000,332000,332000
060395,儒鴻國票9A購01  ,0,0,0,0,0,0,0,0,0,332000,0,0,0,464000,132000,332000,332000
053844,GIS統一96購01   ,0,0,0,0,0,0,0,0,0,332000,0,0,0,452000,120000,332000,332000
058839,瑞儀中信99購02  ,0,0,0,0,0,0,0,0,0,332000,0,0,0,352000,20000,332000,332000
060322,卜蜂群益9A購01  ,0,0,0,0,0,0,0,0,0,332000,0,0,0,354000,22000,332000,332000
061140,華擎統一9C購01  ,0,0,0,0,0,0,0,0,0,331000,0,0,0,359000,28000,331000,331000
2542,興富發          ,1130000,775000,355000,0,0,0,0,0,0,-24000,32000,46000,-14000,1000,11000,-10000,331000
055336,茂林兆豐98購01  ,0,0,0,0,0,0,0,0,0,330000,0,0,0,330000,0,330000,330000
05644P,大立光中信9A售03,0,0,0,0,0,0,0,0,0,330000,0,0,0,412000,82000,330000,330000
057138,亞德客兆豐98購01,0,0,0,0,0,0,0,0,0,330000,0,0,0,497000,167000,330000,330000
057777,可成群益9A購03  ,0,0,0,0,0,0,0,0,0,329000,0,0,0,364000,35000,329000,329000
3665,貿聯-KY         ,246000,45000,201000,0,0,0,72000,0,72000,55000,30000,0,30000,30000,5000,25000,328000
07763P,嘉澤永豐9A售02  ,0,0,0,0,0,0,0,0,0,328000,0,0,0,371000,43000,328000,328000
061152,微星群益9A購01  ,0,0,0,0,0,0,0,0,0,326000,0,0,0,465000,139000,326000,326000
2615,萬海            ,293000,267000,26000,0,0,0,307000,0,307000,-7000,0,7000,-7000,0,0,0,326000
062361,智邦元大9B購06  ,0,0,0,0,0,0,0,0,0,325000,0,0,0,390000,65000,325000,325000
060382,儒鴻凱基9A購01  ,0,0,0,0,0,0,0,0,0,325000,0,0,0,657000,332000,325000,325000
059856,昇陽半永豐99購03,0,0,0,0,0,0,0,0,0,323000,0,0,0,330000,7000,323000,323000
059307,T50反1元大99購06,0,0,0,0,0,0,0,0,0,323000,0,0,0,528000,205000,323000,323000
061137,晶技統一9B購01  ,0,0,0,0,0,0,0,0,0,322000,0,0,0,365000,43000,322000,322000
060942,智邦國票9A購02  ,0,0,0,0,0,0,0,0,0,321000,0,0,0,346000,25000,321000,321000
059247,可成凱基99購05  ,0,0,0,0,0,0,0,0,0,320000,0,0,0,361000,41000,320000,320000
2101,南港            ,863000,529000,334000,0,0,0,0,0,0,-15000,0,0,0,37000,52000,-15000,319000
062163,大毅國泰01購01  ,0,0,0,0,0,0,0,0,0,317000,0,0,0,416000,99000,317000,317000
061178,晶技凱基9B購01  ,0,0,0,0,0,0,0,0,0,316000,0,0,0,346000,30000,316000,316000
060401,世紀鋼國票9B購01,0,0,0,0,0,0,0,0,0,315000,0,0,0,339000,24000,315000,315000
060717,康控永豐9A購01  ,0,0,0,0,0,0,0,0,0,314000,0,0,0,329000,15000,314000,314000
060093,友達元大03購01  ,0,0,0,0,0,0,0,0,0,314000,0,0,0,794000,480000,314000,314000
062821,華擎兆豐9C購01  ,0,0,0,0,0,0,0,0,0,313000,0,0,0,433000,120000,313000,313000
059293,宏達電元富9B購01,0,0,0,0,0,0,0,0,0,313000,0,0,0,414000,101000,313000,313000
5305,敦南            ,333000,19000,314000,0,0,0,0,0,0,-1000,0,1000,-1000,0,0,0,313000
054652,裕隆麥證97購01  ,0,0,0,312000,0,312000,0,0,0,312000,0,0,0,312000,0,312000,312000
060493,美律元富01購01  ,0,0,0,0,0,0,0,0,0,311000,0,0,0,518000,207000,311000,311000
061091,奇力新統一9C購02,0,0,0,0,0,0,0,0,0,311000,0,0,0,439000,128000,311000,311000
1905,華紙            ,357000,46000,311000,0,0,0,0,0,0,0,0,0,0,0,0,0,311000
062850,友訊永豐9B購01  ,0,0,0,0,0,0,0,0,0,309000,0,0,0,309000,0,309000,309000
056269,新日興統一98購01,0,0,0,0,0,0,0,0,0,309000,0,0,0,408000,99000,309000,309000
056971,麗豐永豐98購01  ,0,0,0,0,0,0,0,0,0,309000,0,0,0,311000,2000,309000,309000
006205,富邦上証        ,246000,15000,231000,0,0,0,0,0,0,77977,0,10000,-10000,1137977,1050000,87977,308977
056380,麗豐元富98購01  ,0,0,0,0,0,0,0,0,0,308000,0,0,0,338000,30000,308000,308000
056492,全新國泰9A購01  ,0,0,0,0,0,0,0,0,0,306000,0,0,0,311000,5000,306000,306000
058586,鴻海中信01購02  ,0,0,0,0,0,0,0,0,0,306000,0,0,0,604000,298000,306000,306000
056668,光磊國票99購01  ,0,0,0,0,0,0,0,0,0,306000,0,0,0,487000,181000,306000,306000
07837P,華邦電元大9A售01,0,0,0,0,0,0,0,0,0,306000,0,0,0,383000,77000,306000,306000
062593,健策統一9B購03  ,0,0,0,0,0,0,0,0,0,305000,0,0,0,395000,90000,305000,305000
061620,禾伸堂群益9A購02,0,0,0,0,0,0,0,0,0,305000,0,0,0,343000,38000,305000,305000
052657,友達元富96購01  ,0,0,0,0,0,0,0,0,0,305000,0,0,0,305000,0,305000,305000
08136P,祥碩國泰01售01  ,0,0,0,0,0,0,0,0,0,305000,0,0,0,310000,5000,305000,305000
061989,晶技元大9B購04  ,0,0,0,0,0,0,0,0,0,304000,0,0,0,364000,60000,304000,304000
06180P,禾伸堂群益97售01,0,0,0,0,0,0,0,0,0,302000,0,0,0,302000,0,302000,302000
062522,同欣電元大9B購02,0,0,0,0,0,0,0,0,0,301000,0,0,0,326000,25000,301000,301000
060126,創意永豐99購04  ,0,0,0,0,0,0,0,0,0,301000,0,0,0,301000,0,301000,301000
053030,南亞科第一96購01,0,0,0,0,0,0,0,0,0,300000,0,0,0,300000,0,300000,300000
052416,滬深2X兆豐96購02,0,0,0,0,0,0,0,0,0,300000,0,0,0,300000,0,300000,300000
055450,台積電元富97購01,0,0,0,0,0,0,0,0,0,300000,0,0,0,300000,0,300000,300000
05513P,玉山金台新96售01,0,0,0,0,0,0,0,0,0,300000,0,0,0,300000,0,300000,300000
05783P,嘉澤元富96售01  ,0,0,0,0,0,0,0,0,0,300000,0,0,0,300000,0,300000,300000
057739,新日興富邦9B購01,0,0,0,0,0,0,0,0,0,300000,0,0,0,580000,280000,300000,300000
07884P,華新科凱基9B售08,0,0,0,0,0,0,0,0,0,300000,0,0,0,400000,100000,300000,300000
062486,瑞昱富邦9B購01  ,0,0,0,0,0,0,0,0,0,299000,0,0,0,420000,121000,299000,299000
060642,華擎永豐9A購02  ,0,0,0,0,0,0,0,0,0,299000,0,0,0,357000,58000,299000,299000
057569,光磊永豐98購03  ,0,0,0,0,0,0,0,0,0,299000,0,0,0,367000,68000,299000,299000
056621,宏達電永豐98購01,0,0,0,0,0,0,0,0,0,299000,0,0,0,303000,4000,299000,299000
2379,瑞昱            ,1099000,1048600,50400,0,0,0,212000,20000,192000,56000,54000,2000,52000,13000,9000,4000,298400
061824,聯電麥證9B購01  ,0,0,0,298000,0,298000,0,0,0,298000,0,0,0,298000,0,298000,298000
062293,麗豐永豐9B購01  ,0,0,0,0,0,0,0,0,0,298000,0,0,0,402000,104000,298000,298000
060212,華航康和9A購01  ,0,0,0,0,0,0,0,0,0,298000,0,0,0,321000,23000,298000,298000
2231,為升            ,414000,124603,289397,0,0,0,0,0,0,7000,3000,0,3000,6000,2000,4000,296397
059139,全新兆豐9A購01  ,0,0,0,0,0,0,0,0,0,296000,0,0,0,303000,7000,296000,296000
062801,宏達電統一01購01,0,0,0,0,0,0,0,0,0,295000,0,0,0,525000,230000,295000,295000
060684,同欣電元大9A購01,0,0,0,0,0,0,0,0,0,295000,0,0,0,365000,70000,295000,295000
6505,台塑化          ,2044000,1835000,209000,0,0,0,0,49000,-49000,135000,135000,0,135000,0,0,0,295000
1536,和大            ,305000,70000,235000,0,0,0,0,0,0,58000,55000,4000,51000,18000,11000,7000,293000
055891,鴻海統一9A購01  ,0,0,0,0,0,0,0,0,0,292000,0,0,0,292000,0,292000,292000
060960,金像電凱基9B購01,6000,0,6000,0,0,0,0,0,0,285000,0,0,0,366000,81000,285000,291000
056526,力山凱基98購01  ,0,0,0,0,0,0,0,0,0,291000,0,0,0,338000,47000,291000,291000
060723,致新永豐9A購01  ,0,0,0,0,0,0,0,0,0,290000,0,0,0,380000,90000,290000,290000
4958,臻鼎-KY         ,1177000,2344000,-1167000,0,0,0,1132000,20000,1112000,345000,232000,21000,211000,198000,64000,134000,290000
06617P,智邦元大98售03  ,0,0,0,0,0,0,0,0,0,290000,0,0,0,300000,10000,290000,290000
063089,巨大凱基9C購01  ,0,0,0,0,0,0,0,0,0,289000,0,0,0,524000,235000,289000,289000
057203,麗豐元富98購02  ,0,0,0,0,0,0,0,0,0,289000,0,0,0,645000,356000,289000,289000
057491,美食元大98購03  ,0,0,0,0,0,0,0,0,0,289000,0,0,0,316000,27000,289000,289000
3533,嘉澤            ,525000,558000,-33000,0,0,0,193000,0,193000,129000,113000,34000,79000,55000,5000,50000,289000
061948,美食群益9B購01  ,0,0,0,0,0,0,0,0,0,288000,0,0,0,313000,25000,288000,288000
060109,茂林元大99購05  ,0,0,0,0,0,0,0,0,0,288000,0,0,0,288000,0,288000,288000
062802,宏達電統一9B購01,0,0,0,0,0,0,0,0,0,285000,0,0,0,348000,63000,285000,285000
058480,新日興凱基9A購01,0,0,0,0,0,0,0,0,0,285000,0,0,0,314000,29000,285000,285000
062051,上銀統一9C購02  ,0,0,0,0,0,0,0,0,0,283000,0,0,0,455000,172000,283000,283000
060427,聯茂永豐9A購01  ,0,0,0,0,0,0,0,0,0,283000,0,0,0,293000,10000,283000,283000
059767,矽力永豐99購01  ,0,0,0,0,0,0,0,0,0,283000,0,0,0,283000,0,283000,283000
057376,新日興元大98購04,0,0,0,0,0,0,0,0,0,283000,0,0,0,318000,35000,283000,283000
055060,聯陽永豐97購01  ,0,0,0,0,0,0,0,0,0,282000,0,0,0,283000,1000,282000,282000
059951,台塑康和99購01  ,0,0,0,0,0,0,0,0,0,282000,0,0,0,316000,34000,282000,282000
2855,統一證          ,293000,12000,281000,0,0,0,0,0,0,0,0,0,0,0,0,0,281000
054957,興富發元大97購01,0,0,0,0,0,0,0,0,0,280000,0,0,0,300000,20000,280000,280000
061489,高鐵兆豐9A購01  ,0,0,0,0,0,0,0,0,0,278000,0,0,0,338000,60000,278000,278000
061229,緯穎中信9B購01  ,0,0,0,0,0,0,0,0,0,278000,0,0,0,297000,19000,278000,278000
059928,道瓊銀富邦03購01,0,0,0,0,0,0,0,0,0,278000,0,0,0,351000,73000,278000,278000
061898,茂林永豐9B購01  ,0,0,0,0,0,0,0,0,0,277000,0,0,0,277000,0,277000,277000
059176,臺股指凱基99購27,0,0,0,0,0,0,0,0,0,275000,0,0,0,329000,54000,275000,275000
056939,康控元富98購01  ,0,0,0,0,0,0,0,0,0,275000,0,0,0,336000,61000,275000,275000
062809,同欣電統一9C購01,0,0,0,0,0,0,0,0,0,274000,0,0,0,620000,346000,274000,274000
058568,宏達電凱基9A購02,0,0,0,0,0,0,0,0,0,274000,0,0,0,325000,51000,274000,274000
057625,泰鼎國泰9A購01  ,0,0,0,0,0,0,0,0,0,274000,0,0,0,324000,50000,274000,274000
057379,寶成元大98購02  ,0,0,0,0,0,0,0,0,0,274000,0,0,0,289000,15000,274000,274000
4564,元翎            ,315000,41000,274000,0,0,0,0,0,0,0,0,0,0,0,0,0,274000
062913,創意元大9B購02  ,0,0,0,0,0,0,0,0,0,273000,0,0,0,393000,120000,273000,273000
058955,台積電國票9A購04,0,0,0,0,0,0,0,0,0,273000,0,0,0,276000,3000,273000,273000
061475,漢唐元大9A購01  ,0,0,0,0,0,0,0,0,0,272000,0,0,0,315000,43000,272000,272000
00670L,富邦NASDAQ正2   ,8000,63000,-55000,0,0,0,0,0,0,327000,119000,0,119000,512000,304000,208000,272000
057295,可成永豐98購02  ,0,0,0,0,0,0,0,0,0,271000,0,0,0,331000,60000,271000,271000
07458P,長榮航元大9A售01,0,0,0,0,0,0,0,0,0,271000,0,0,0,296000,25000,271000,271000
061256,亞德客凱基9B購01,0,0,0,0,0,0,0,0,0,269000,0,0,0,269000,0,269000,269000
060698,旺宏國泰9C購01  ,0,0,0,0,0,0,0,0,0,269000,0,0,0,368000,99000,269000,269000
060700,華新科國泰9C購01,0,0,0,0,0,0,0,0,0,269000,0,0,0,388000,119000,269000,269000
057402,嘉晶群益98購02  ,0,0,0,0,0,0,0,0,0,269000,0,0,0,269000,0,269000,269000
061066,嘉晶凱基9B購01  ,0,0,0,0,0,0,0,0,0,268000,0,0,0,510000,242000,268000,268000
062640,訊連國票9C購01  ,0,0,0,0,0,0,0,0,0,268000,0,0,0,334000,66000,268000,268000
050122,臺指反凱基96購01,0,0,0,0,0,0,0,0,0,266000,0,0,0,266000,0,266000,266000
058648,聯陽永豐99購01  ,0,0,0,0,0,0,0,0,0,266000,0,0,0,297000,31000,266000,266000
062032,崇越群益9B購01  ,0,0,0,0,0,0,0,0,0,265000,0,0,0,295000,30000,265000,265000
062085,同欣電元大9B購01,0,0,0,0,0,0,0,0,0,265000,0,0,0,400000,135000,265000,265000
061891,力山永豐9B購01  ,0,0,0,0,0,0,0,0,0,263000,0,0,0,432000,169000,263000,263000
054517,高鐵元大96購01  ,0,0,0,0,0,0,0,0,0,262000,0,0,0,538000,276000,262000,262000
060099,宏達電元大99購09,0,0,0,0,0,0,0,0,0,261000,0,0,0,290000,29000,261000,261000
060144,全新國票9B購01  ,0,0,0,0,0,0,0,0,0,260000,0,0,0,260000,0,260000,260000
063106,台表科群益9B購03,0,0,0,0,0,0,0,0,0,260000,0,0,0,379000,119000,260000,260000
059005,嘉晶元大99購06  ,0,0,0,0,0,0,0,0,0,259000,0,0,0,534000,275000,259000,259000
2841,台開            ,1071000,135000,936000,0,0,0,0,0,0,-677000,0,677000,-677000,0,0,0,259000
058217,新唐群益99購01  ,0,0,0,0,0,0,0,0,0,258000,0,0,0,258000,0,258000,258000
2836,高雄銀          ,268000,10000,258000,0,0,0,0,0,0,0,0,0,0,0,0,0,258000
063224,泰鼎群益9B購02  ,0,0,0,0,0,0,0,0,0,258000,0,0,0,277000,19000,258000,258000
057120,茂林康和98購01  ,0,0,0,0,0,0,0,0,0,257000,0,0,0,357000,100000,257000,257000
2634,漢翔            ,425000,159000,266000,0,0,0,0,0,0,-9000,0,0,0,0,9000,-9000,257000
060926,宏達電永豐9A購01,0,0,0,0,0,0,0,0,0,256000,0,0,0,261000,5000,256000,256000
062542,南電國泰9C購01  ,0,0,0,0,0,0,0,0,0,255000,0,0,0,396000,141000,255000,255000
0061,元大寶滬深      ,80000,3000,77000,0,0,0,0,0,0,178000,0,0,0,204000,26000,178000,255000
060122,亞德客永豐99購02,0,0,0,0,0,0,0,0,0,255000,0,0,0,293000,38000,255000,255000
059239,台積電凱基99購12,0,0,0,0,0,0,0,0,0,255000,0,0,0,267000,12000,255000,255000
062337,台表科統一01購01,0,0,0,0,0,0,0,0,0,254000,0,0,0,926000,672000,254000,254000
062164,禾伸堂國泰01購01,0,0,0,0,0,0,0,0,0,254000,0,0,0,254000,0,254000,254000
08075P,聯電群益9C售01  ,0,0,0,0,0,0,0,0,0,253000,0,0,0,253000,0,253000,253000
056911,緯穎元大99購01  ,0,0,0,0,0,0,0,0,0,252000,0,0,0,315000,63000,252000,252000
4904,遠傳            ,1525000,1225000,300000,0,0,0,0,25000,-25000,-23000,6000,5000,1000,0,24000,-24000,252000
060811,亞德客凱基9A購02,0,0,0,0,0,0,0,0,0,251000,0,0,0,251000,0,251000,251000
057802,卜蜂元大98購01  ,1000,0,1000,0,0,0,0,0,0,250000,0,0,0,270000,20000,250000,251000
060034,立積永豐99購04  ,0,0,0,0,0,0,0,0,0,251000,0,0,0,276000,25000,251000,251000
6153,嘉聯益          ,671000,484000,187000,0,0,0,0,0,0,64000,37000,9000,28000,56000,20000,36000,251000
07747P,晶技凱基9A售04  ,0,0,0,0,0,0,0,0,0,251000,0,0,0,315000,64000,251000,251000
061297,台積電富邦9C購09,0,0,0,0,0,0,0,0,0,250000,0,0,0,250000,0,250000,250000
061414,牧德群益9B購02  ,0,0,0,0,0,0,0,0,0,250000,0,0,0,250000,0,250000,250000
062193,瑞昱第一9B購01  ,0,0,0,0,0,0,0,0,0,250000,0,0,0,250000,0,250000,250000
051594,和碩元大96購01  ,0,0,0,0,0,0,0,0,0,250000,0,0,0,400000,150000,250000,250000
054795,合勤控群益98購01,0,0,0,0,0,0,0,0,0,250000,0,0,0,250000,0,250000,250000
058054,台積電統一9C購01,0,0,0,0,0,0,0,0,0,250000,0,0,0,1056000,806000,250000,250000
053894,創意群益96購01  ,0,0,0,0,0,0,0,0,0,249000,0,0,0,259000,10000,249000,249000
062408,致新永豐9B購01  ,0,0,0,0,0,0,0,0,0,248000,0,0,0,717000,469000,248000,248000
058497,新日興群益9B購01,0,0,0,0,0,0,0,0,0,248000,0,0,0,317000,69000,248000,248000
07421P,國泰金元大99售01,0,0,0,0,0,0,0,0,0,248000,0,0,0,248000,0,248000,248000
061866,力山元大9C購01  ,0,0,0,0,0,0,0,0,0,247000,0,0,0,307000,60000,247000,247000
060763,聯鈞元大9A購03  ,0,0,0,0,0,0,0,0,0,246000,0,0,0,271000,25000,246000,246000
061076,台達電兆豐9A購01,0,0,0,0,0,0,0,0,0,246000,0,0,0,260000,14000,246000,246000
057721,華擎元富98購02  ,0,0,0,0,0,0,0,0,0,246000,0,0,0,362000,116000,246000,246000
057927,勤誠凱基98購01  ,0,0,0,0,0,0,0,0,0,245000,0,0,0,260000,15000,245000,245000
07085P,超眾元富9C售01  ,0,0,0,0,0,0,0,0,0,245000,0,0,0,259000,14000,245000,245000
060819,國巨統一9C購04  ,0,0,0,0,0,0,0,0,0,244000,0,0,0,318000,74000,244000,244000
2399,映泰            ,278000,36000,242000,0,0,0,0,0,0,2000,2000,0,2000,0,0,0,244000
062497,遠東新群益9B購01,0,0,0,0,0,0,0,0,0,243000,0,0,0,359000,116000,243000,243000
058719,智邦元富99購01  ,0,0,0,0,0,0,0,0,0,243000,0,0,0,243000,0,243000,243000
057969,緯穎國泰99購01  ,0,0,0,0,0,0,0,0,0,242000,0,0,0,496000,254000,242000,242000
05921P,同欣電元大96售06,0,0,0,0,0,0,0,0,0,241000,0,0,0,241000,0,241000,241000
059920,宏達電元大99購07,0,0,0,0,0,0,0,0,0,241000,0,0,0,289000,48000,241000,241000
07659P,中租凱基9A售02  ,0,0,0,0,0,0,0,0,0,241000,0,0,0,241000,0,241000,241000
058047,可成元大98購11  ,0,0,0,0,0,0,0,0,0,240000,0,0,0,270000,30000,240000,240000
2357,華碩            ,1300000,1144000,156000,0,0,0,0,1000,-1000,85000,136000,2000,134000,0,49000,-49000,240000
1710,東聯            ,348000,107000,241000,0,0,0,0,1000,-1000,0,0,0,0,0,0,0,240000
061859,勤誠國票9B購01  ,0,0,0,0,0,0,0,0,0,238000,0,0,0,253000,15000,238000,238000
061771,玉晶光元大9C購04,0,0,0,0,0,0,0,0,0,238000,0,0,0,248000,10000,238000,238000
061782,智邦群益9B購01  ,0,0,0,0,0,0,0,0,0,238000,0,0,0,254000,16000,238000,238000
058896,中環元大99購03  ,0,0,0,0,0,0,0,0,0,238000,0,0,0,250000,12000,238000,238000
062290,聯發科富邦9C購04,0,0,0,0,0,0,0,0,0,237000,0,0,0,265000,28000,237000,237000
058925,旭富元富99購02  ,0,0,0,0,0,0,0,0,0,237000,0,0,0,292000,55000,237000,237000
054567,拓凱群益98購01  ,0,0,0,0,0,0,0,0,0,237000,0,0,0,762000,525000,237000,237000
2913,農林            ,244000,57000,187000,0,0,0,0,0,0,50000,50000,0,50000,0,0,0,237000
07644P,南電凱基9A售03  ,0,0,0,0,0,0,0,0,0,237000,0,0,0,243000,6000,237000,237000
060851,國巨國泰9C購01  ,0,0,0,0,0,0,0,0,0,236000,0,0,0,896000,660000,236000,236000
061769,晶技元大9B購03  ,0,0,0,0,0,0,0,0,0,236000,0,0,0,302000,66000,236000,236000
062009,聯發科國泰01購01,0,0,0,0,0,0,0,0,0,235000,0,0,0,556000,321000,235000,235000
053916,漢唐國票97購04  ,0,0,0,0,0,0,0,0,0,234000,0,0,0,254000,20000,234000,234000
058250,台虹元大99購01  ,0,0,0,0,0,0,0,0,0,233000,0,0,0,287000,54000,233000,233000
05930P,景碩康和96售01  ,0,0,0,0,0,0,0,0,0,233000,0,0,0,268000,35000,233000,233000
4540,全球傳動        ,493000,256000,237000,0,0,0,0,0,0,-4000,0,4000,-4000,0,0,0,233000
062369,創意元大9B購01  ,0,0,0,0,0,0,0,0,0,232000,0,0,0,247000,15000,232000,232000
061706,旭富國票9A購02  ,0,0,0,0,0,0,0,0,0,231000,0,0,0,241000,10000,231000,231000
061105,宏達電元大9A購04,0,0,0,0,0,0,0,0,0,231000,0,0,0,296000,65000,231000,231000
052609,智易元大97購01  ,0,0,0,0,0,0,0,0,0,231000,0,0,0,231000,0,231000,231000
054994,建準元富97購01  ,0,0,0,0,0,0,0,0,0,231000,0,0,0,430000,199000,231000,231000
056915,上銀兆豐99購01  ,0,0,0,0,0,0,0,0,0,231000,0,0,0,349000,118000,231000,231000
060961,台光電凱基9A購03,0,0,0,0,0,0,0,0,0,230000,0,0,0,301000,71000,230000,230000
062879,美食兆豐9B購01  ,0,0,0,0,0,0,0,0,0,230000,0,0,0,230000,0,230000,230000
055098,臺股指群益97購01,0,0,0,0,0,0,0,0,0,230000,0,0,0,230000,0,230000,230000
059276,可成元大99購06  ,0,0,0,0,0,0,0,0,0,230000,0,0,0,351000,121000,230000,230000
1722,台肥            ,474000,507000,-33000,0,0,0,276000,0,276000,-13000,0,0,0,0,13000,-13000,230000
07290P,台灣50凱基9A售08,0,0,0,0,0,0,0,0,0,230000,0,0,0,230000,0,230000,230000
06595P,祥碩元大98售03  ,0,0,0,0,0,0,0,0,0,230000,0,0,0,1173000,943000,230000,230000
07658P,國泰金凱基9A售01,0,0,0,0,0,0,0,0,0,229000,0,0,0,229000,0,229000,229000
061917,亞德客凱基9B購02,0,0,0,0,0,0,0,0,0,228000,0,0,0,281000,53000,228000,228000
061451,南電中信9A購03  ,0,0,0,0,0,0,0,0,0,228000,0,0,0,571000,343000,228000,228000
058131,義隆元大99購02  ,0,0,0,0,0,0,0,0,0,227000,0,0,0,423000,196000,227000,227000
06608P,立積群益99售02  ,0,0,0,0,0,0,0,0,0,227000,0,0,0,250000,23000,227000,227000
063137,瑞昱統一01購02  ,0,0,0,0,0,0,0,0,0,227000,0,0,0,227000,0,227000,227000
052586,晶豪科永豐96購01,0,0,0,0,0,0,0,0,0,226000,0,0,0,226000,0,226000,226000
052113,漢唐中信98購01  ,0,0,0,0,0,0,0,0,0,226000,0,0,0,432000,206000,226000,226000
056762,亞德客元大98購01,0,0,0,0,0,0,0,0,0,226000,0,0,0,300000,74000,226000,226000
07546P,玉晶光凱基9A售09,0,0,0,0,0,0,0,0,0,226000,0,0,0,231000,5000,226000,226000
060959,金像電凱基9A購01,0,0,0,0,0,0,0,0,0,225000,0,0,0,345000,120000,225000,225000
062374,茂林元大9B購03  ,0,0,0,0,0,0,0,0,0,225000,0,0,0,297000,72000,225000,225000
055509,訊芯元大97購03  ,0,0,0,0,0,0,0,0,0,225000,0,0,0,300000,75000,225000,225000
061245,晶技群益9A購01  ,0,0,0,0,0,0,0,0,0,224000,0,0,0,358000,134000,224000,224000
056403,茂林群益98購01  ,0,0,0,0,0,0,0,0,0,224000,0,0,0,224000,0,224000,224000
056813,聯茂統一99購01  ,0,0,0,0,0,0,0,0,0,224000,0,0,0,266000,42000,224000,224000
05160P,國巨國票96售03  ,0,0,0,0,0,0,0,0,0,223000,0,0,0,228000,5000,223000,223000
060307,南港永豐9A購01  ,0,0,0,0,0,0,0,0,0,223000,0,0,0,276000,53000,223000,223000
060476,瑞祺元大9A購02  ,0,0,0,0,0,0,0,0,0,222000,0,0,0,291000,69000,222000,222000
055873,聚陽元富97購01  ,0,0,0,0,0,0,0,0,0,222000,0,0,0,222000,0,222000,222000
060303,宏達電富邦9B購01,0,0,0,0,0,0,0,0,0,222000,0,0,0,286000,64000,222000,222000
2208,台船            ,274000,52000,222000,0,0,0,0,0,0,0,0,0,0,0,0,0,222000
3661,世芯-KY         ,1107000,1042000,65000,0,0,0,76000,27000,49000,108000,170000,100000,70000,63000,25000,38000,222000
062955,立積永豐9B購02  ,0,0,0,0,0,0,0,0,0,221000,0,0,0,221000,0,221000,221000
046934,智邦元富96購01  ,0,0,0,0,0,0,0,0,0,221000,0,0,0,221000,0,221000,221000
062093,台積電富邦9C購11,0,0,0,0,0,0,0,0,0,220000,0,0,0,220000,0,220000,220000
061609,華新科統一9C購01,0,0,0,0,0,0,0,0,0,220000,0,0,0,260000,40000,220000,220000
05207P,高股息中信97售03,0,0,0,0,0,0,0,0,0,220000,0,0,0,220000,0,220000,220000
057904,矽力永豐98購01  ,0,0,0,0,0,0,0,0,0,220000,0,0,0,242000,22000,220000,220000
1313,聯成            ,333000,113000,220000,0,0,0,0,0,0,0,0,0,0,0,0,0,220000
06644P,亞德客元大98售03,0,0,0,0,0,0,0,0,0,220000,0,0,0,370000,150000,220000,220000
061612,南六統一9A購01  ,0,0,0,0,0,0,0,0,0,219000,0,0,0,256000,37000,219000,219000
061370,晶技國泰9C購01  ,0,0,0,0,0,0,0,0,0,219000,0,0,0,274000,55000,219000,219000
056058,建準元大97購02  ,0,0,0,0,0,0,0,0,0,219000,0,0,0,534000,315000,219000,219000
060157,致茂永豐9A購02  ,0,0,0,0,0,0,0,0,0,219000,0,0,0,282000,63000,219000,219000
060236,精元元大9C購01  ,0,0,0,0,0,0,0,0,0,217000,0,0,0,360000,143000,217000,217000
059004,嘉晶元大99購05  ,0,0,0,0,0,0,0,0,0,217000,0,0,0,287000,70000,217000,217000
2331,精英            ,227000,60000,167000,0,0,0,0,0,0,50000,50000,0,50000,0,0,0,217000
006207,FH滬深          ,40000,22000,18000,0,0,0,0,0,0,198000,0,10000,-10000,305000,97000,208000,216000
061326,新日興凱基9B購01,0,0,0,0,0,0,0,0,0,215000,0,0,0,243000,28000,215000,215000
062606,聯電凱基9C購02  ,0,0,0,0,0,0,0,0,0,215000,0,0,0,215000,0,215000,215000
062165,聯茂國泰01購01  ,0,0,0,0,0,0,0,0,0,214000,0,0,0,456000,242000,214000,214000
061134,大成鋼統一9C購01,0,0,0,0,0,0,0,0,0,214000,0,0,0,228000,14000,214000,214000
059986,宏達電元大99購08,0,0,0,0,0,0,0,0,0,213000,0,0,0,261000,48000,213000,213000
058676,聯茂群益99購01  ,0,0,0,0,0,0,0,0,0,213000,0,0,0,223000,10000,213000,213000
2204,中華            ,416000,193000,223000,0,0,0,0,0,0,-10000,15000,25000,-10000,0,0,0,213000
061582,麗豐元大9A購01  ,0,0,0,0,0,0,0,0,0,212000,0,0,0,453000,241000,212000,212000
060045,嘉晶群益99購02  ,0,0,0,0,0,0,0,0,0,212000,0,0,0,213000,1000,212000,212000
059095,訊芯元大99購01  ,0,0,0,0,0,0,0,0,0,211000,0,0,0,562000,351000,211000,211000
059524,FBVIX凱基9A購02 ,0,0,0,0,0,0,0,0,0,211000,0,0,0,211000,0,211000,211000
062410,台積電第一9B購02,0,0,0,0,0,0,0,0,0,210000,0,0,0,236000,26000,210000,210000
061831,智邦凱基9B購02  ,0,0,0,0,0,0,0,0,0,210000,0,0,0,330000,120000,210000,210000
055618,麗豐國票98購01  ,0,0,0,0,0,0,0,0,0,210000,0,0,0,321000,111000,210000,210000
050496,鴻海富邦96購01  ,0,0,0,0,0,0,0,0,0,210000,0,0,0,230000,20000,210000,210000
059844,大立光富邦9C購04,0,0,0,0,0,0,0,0,0,210000,0,0,0,260000,50000,210000,210000
05710P,禾伸堂國票97售02,0,0,0,0,0,0,0,0,0,210000,0,0,0,210000,0,210000,210000
062081,華新科元大9B購06,0,0,0,0,0,0,0,0,0,209000,0,0,0,278000,69000,209000,209000
061087,國巨統一01購04  ,0,0,0,0,0,0,0,0,0,209000,0,0,0,224000,15000,209000,209000
055404,超眾元富97購01  ,0,0,0,0,0,0,0,0,0,209000,0,0,0,240000,31000,209000,209000
056321,創意群益98購02  ,0,0,0,0,0,0,0,0,0,209000,0,0,0,217000,8000,209000,209000
4961,天鈺            ,235000,27000,208000,0,0,0,0,0,0,1000,1000,0,1000,0,0,0,209000
058911,茂林元大99購04  ,0,0,0,0,0,0,0,0,0,208000,0,0,0,208000,0,208000,208000
1762,中化生          ,793000,481000,312000,0,0,0,0,69000,-69000,-35000,0,35000,-35000,0,0,0,208000
060051,台積電凱基9B購01,0,0,0,0,0,0,0,0,0,207000,0,0,0,225000,18000,207000,207000
058457,創意永豐99購01  ,0,0,0,0,0,0,0,0,0,206000,0,0,0,380000,174000,206000,206000
06901P,亞德客凱基98售02,0,0,0,0,0,0,0,0,0,206000,0,0,0,212000,6000,206000,206000
061878,茂林元大9B購01  ,0,0,0,0,0,0,0,0,0,205000,0,0,0,257000,52000,205000,205000
062376,中租元大9B購02  ,0,0,0,0,0,0,0,0,0,205000,0,0,0,293000,88000,205000,205000
058315,TPK富邦9C購01   ,0,0,0,0,0,0,0,0,0,205000,0,0,0,205000,0,205000,205000
6120,達運            ,247000,42000,205000,0,0,0,0,0,0,0,0,0,0,0,0,0,205000
058185,國巨永豐99購01  ,0,0,0,0,0,0,0,0,0,204000,0,0,0,314000,110000,204000,204000
05805P,義隆永豐96售02  ,0,0,0,0,0,0,0,0,0,204000,0,0,0,224000,20000,204000,204000
059123,訊芯永豐99購03  ,0,0,0,0,0,0,0,0,0,204000,0,0,0,244000,40000,204000,204000
5522,遠雄            ,696000,532000,164000,0,0,0,0,0,0,40000,40000,0,40000,0,0,0,204000
059848,智邦永豐99購01  ,0,0,0,0,0,0,0,0,0,203000,0,0,0,203000,0,203000,203000
057206,立積元富98購01  ,0,0,0,0,0,0,0,0,0,203000,0,0,0,363000,160000,203000,203000
057325,可成群益9A購01  ,0,0,0,0,0,0,0,0,0,203000,0,0,0,420000,217000,203000,203000
6191,精成科          ,329000,125000,204000,0,0,0,0,0,0,-1000,0,1000,-1000,0,0,0,203000
06937P,GIS元大98售03   ,0,0,0,0,0,0,0,0,0,203000,0,0,0,297000,94000,203000,203000
062125,嘉晶統一9B購01  ,0,0,0,0,0,0,0,0,0,202000,0,0,0,216000,14000,202000,202000
056537,冠德凱基98購01  ,0,0,0,0,0,0,0,0,0,202000,0,0,0,245000,43000,202000,202000
060305,得力永豐9A購01  ,0,0,0,0,0,0,0,0,0,202000,0,0,0,315000,113000,202000,202000
061716,瑞儀凱基9B購01  ,0,0,0,0,0,0,0,0,0,201000,0,0,0,275000,74000,201000,201000
060704,台積電富邦01購01,0,0,0,0,0,0,0,0,0,200000,0,0,0,205000,5000,200000,200000
06181P,國巨中信97售02  ,0,0,0,0,0,0,0,0,0,200000,0,0,0,200000,0,200000,200000
062693,中石化元大02購01,0,0,0,0,0,0,0,0,0,200000,0,0,0,252000,52000,200000,200000
052223,聯電凱基96購02  ,0,0,0,0,0,0,0,0,0,200000,0,0,0,200000,0,200000,200000
052934,中磊元大96購01  ,0,0,0,0,0,0,0,0,0,200000,0,0,0,200000,0,200000,200000
045842,T50反1台新98購01,0,0,0,0,0,0,0,0,0,200000,0,0,0,200000,0,200000,200000
048595,儒鴻國票96購01  ,0,0,0,0,0,0,0,0,0,200000,0,0,0,200000,0,200000,200000
055216,友達凱基98購05  ,0,0,0,0,0,0,0,0,0,200000,0,0,0,200000,0,200000,200000
055842,建準元大98購01  ,0,0,0,0,0,0,0,0,0,200000,0,0,0,294000,94000,200000,200000
057125,國巨凱基98購12  ,0,0,0,0,0,0,0,0,0,200000,0,0,0,200000,0,200000,200000
057487,聯發科元大98購10,0,0,0,0,0,0,0,0,0,200000,0,0,0,200000,0,200000,200000
058141,嘉聯益元大99購05,0,0,0,0,0,0,0,0,0,200000,0,0,0,200000,0,200000,200000
07400P,國巨凱基99售20  ,0,0,0,0,0,0,0,0,0,200000,0,0,0,200000,0,200000,200000
2401,凌陽            ,195000,60000,135000,0,0,0,0,0,0,65000,66000,1000,65000,0,0,0,200000
057862,智邦凱基99購01  ,0,0,0,0,0,0,0,0,0,199000,0,0,0,233000,34000,199000,199000
06995P,臺股指凱基99售16,0,0,0,0,0,0,0,0,0,199000,0,0,0,215000,16000,199000,199000
062566,嘉晶中信9C購01  ,0,0,0,0,0,0,0,0,0,198000,0,0,0,324000,126000,198000,198000
050644,國巨凱基96購01  ,0,0,0,0,0,0,0,0,0,198000,0,0,0,198000,0,198000,198000
057835,華擎元富9B購01  ,0,0,0,0,0,0,0,0,0,198000,0,0,0,298000,100000,198000,198000
059820,南亞科凱基99購07,0,0,0,0,0,0,0,0,0,198000,0,0,0,200000,2000,198000,198000
062589,友達統一9C購03  ,0,0,0,0,0,0,0,0,0,197000,0,0,0,238000,41000,197000,197000
060818,上銀統一9C購01  ,0,0,0,0,0,0,0,0,0,197000,0,0,0,339000,142000,197000,197000
059880,世紀鋼凱基99購02,0,0,0,0,0,0,0,0,0,197000,0,0,0,197000,0,197000,197000
6592,和潤企業        ,329000,128000,201000,0,0,0,0,0,0,-4000,0,0,0,1000,5000,-4000,197000
061095,台積電台新9B購03,0,0,0,0,0,0,0,0,0,196000,0,0,0,286000,90000,196000,196000
051728,道瓊反國票97購01,0,0,0,0,0,0,0,0,0,196000,0,0,0,200000,4000,196000,196000
8464,億豐            ,349000,182000,167000,0,0,0,20000,0,20000,9000,3000,0,3000,13000,7000,6000,196000
061186,牧德國泰9C購01  ,0,0,0,0,0,0,0,0,0,195000,0,0,0,352000,157000,195000,195000
052738,聯電元大98購02  ,0,0,0,0,0,0,0,0,0,195000,0,0,0,205000,10000,195000,195000
059786,全新元大99購06  ,0,0,0,0,0,0,0,0,0,195000,0,0,0,195000,0,195000,195000
061244,和碩兆豐9A購01  ,0,0,0,0,0,0,0,0,0,194000,0,0,0,301000,107000,194000,194000
061296,台積電國泰9C購01,0,0,0,0,0,0,0,0,0,194000,0,0,0,247000,53000,194000,194000
062130,T50反1群益9B購01,0,0,0,0,0,0,0,0,0,194000,0,0,0,197000,3000,194000,194000
054785,建準群益98購01  ,0,0,0,0,0,0,0,0,0,194000,0,0,0,216000,22000,194000,194000
058385,創意中信99購01  ,0,0,0,0,0,0,0,0,0,194000,0,0,0,194000,0,194000,194000
1440,南紡            ,262000,68000,194000,0,0,0,0,0,0,0,0,0,0,0,0,0,194000
061367,瑞祺國票9A購01  ,0,0,0,0,0,0,0,0,0,193000,0,0,0,410000,217000,193000,193000
061642,創意元大9A購04  ,0,0,0,0,0,0,0,0,0,193000,0,0,0,469000,276000,193000,193000
00666R,富邦恒生國企反1 ,2000,0,2000,0,0,0,0,0,0,191000,0,0,0,298000,107000,191000,193000
056622,高鐵永豐98購01  ,0,0,0,0,0,0,0,0,0,193000,0,0,0,247000,54000,193000,193000
056617,美律永豐98購01  ,0,0,0,0,0,0,0,0,0,193000,0,0,0,193000,0,193000,193000
2481,強茂            ,394000,394000,0,0,0,0,0,0,0,193000,171000,0,171000,30000,8000,22000,193000
07873P,華新科群益9B售03,0,0,0,0,0,0,0,0,0,193000,0,0,0,200000,7000,193000,193000
057798,貿聯兆豐99購01  ,0,0,0,0,0,0,0,0,0,192000,0,0,0,263000,71000,192000,192000
6166,凌華            ,358000,172000,186000,0,0,0,0,0,0,6000,0,0,0,6000,0,6000,192000
061372,世紀鋼國泰9C購01,0,0,0,0,0,0,0,0,0,191000,0,0,0,582000,391000,191000,191000
063035,燿華凱基9B購02  ,0,0,0,0,0,0,0,0,0,191000,0,0,0,460000,269000,191000,191000
056566,臻鼎群益98購01  ,0,0,0,0,0,0,0,0,0,191000,0,0,0,198000,7000,191000,191000
061684,T50反1群益9A購06,0,0,0,0,0,0,0,0,0,190000,0,0,0,214000,24000,190000,190000
053723,奇鋐凱基98購01  ,0,0,0,0,0,0,0,0,0,190000,0,0,0,200000,10000,190000,190000
055481,聚陽元大97購01  ,0,0,0,0,0,0,0,0,0,190000,0,0,0,210000,20000,190000,190000
058139,臻鼎元大99購01  ,0,0,0,0,0,0,0,0,0,190000,0,0,0,499000,309000,190000,190000
060017,全新康和99購01  ,0,0,0,0,0,0,0,0,0,190000,0,0,0,190000,0,190000,190000
06879P,長榮航凱基98售02,0,0,0,0,0,0,0,0,0,190000,0,0,0,190000,0,190000,190000
061145,臻鼎中信9A購02  ,0,0,0,0,0,0,0,0,0,189000,0,0,0,314000,125000,189000,189000
058771,神達兆豐99購01  ,0,0,0,0,0,0,0,0,0,189000,0,0,0,377000,188000,189000,189000
059967,聯發科凱基99購20,0,0,0,0,0,0,0,0,0,189000,0,0,0,191000,2000,189000,189000
062339,瑞昱麥證9C購01  ,0,0,0,198000,0,198000,0,0,0,188000,0,0,0,198000,10000,188000,188000
062480,茂林國票9B購01  ,0,0,0,0,0,0,0,0,0,187000,0,0,0,259000,72000,187000,187000
060758,台積電元大9A購19,0,0,0,0,0,0,0,0,0,187000,0,0,0,252000,65000,187000,187000
054658,道瓊銀元大9A購01,0,0,0,0,0,0,0,0,0,187000,0,0,0,187000,0,187000,187000
057961,茂林元大9A購01  ,0,0,0,0,0,0,0,0,0,187000,0,0,0,377000,190000,187000,187000
060509,宏達電元大9A購02,0,0,0,0,0,0,0,0,0,186000,0,0,0,259000,73000,186000,186000
061384,T50反1群益9A購04,0,0,0,0,0,0,0,0,0,186000,0,0,0,199000,13000,186000,186000
00703,台新MSCI中國    ,4000,4000,0,0,0,0,0,0,0,186000,0,0,0,238000,52000,186000,186000
006208,富邦台50        ,6000,6000,0,0,0,0,0,0,0,185000,0,0,0,921000,736000,185000,185000
047004,台積電統一99購01,0,0,0,0,0,0,0,0,0,185000,0,0,0,185000,0,185000,185000
2362,藍天            ,188000,1000,187000,0,0,0,0,0,0,-2000,1000,0,1000,0,3000,-3000,185000
055569,聚陽統一98購01  ,0,0,0,0,0,0,0,0,0,184000,0,0,0,294000,110000,184000,184000
052986,聯發科元大97購05,0,0,0,0,0,0,0,0,0,184000,0,0,0,194000,10000,184000,184000
07708P,玉晶光元大9A售13,0,0,0,0,0,0,0,0,0,184000,0,0,0,189000,5000,184000,184000
060788,嘉晶富邦9B購01  ,0,0,0,0,0,0,0,0,0,183000,0,0,0,207000,24000,183000,183000
055538,鴻海日盛97購04  ,0,0,0,0,0,0,0,0,0,183000,0,0,0,183000,0,183000,183000
07677P,祥碩永豐9A售01  ,0,0,0,0,0,0,0,0,0,183000,0,0,0,236000,53000,183000,183000
08062P,華擎國票9B售03  ,0,0,0,0,0,0,0,0,0,183000,0,0,0,219000,36000,183000,183000
063134,裕隆統一01購01  ,0,0,0,0,0,0,0,0,0,183000,0,0,0,185000,2000,183000,183000
060699,華新科國泰9B購03,0,0,0,0,0,0,0,0,0,182000,0,0,0,316000,134000,182000,182000
060653,全新群益9A購02  ,0,0,0,0,0,0,0,0,0,182000,0,0,0,264000,82000,182000,182000
061185,嘉晶國泰9B購01  ,0,0,0,0,0,0,0,0,0,182000,0,0,0,192000,10000,182000,182000
063074,創意永豐9B購02  ,0,0,0,0,0,0,0,0,0,182000,0,0,0,182000,0,182000,182000
053593,晶技元大98購01  ,0,0,0,0,0,0,0,0,0,182000,0,0,0,315000,133000,182000,182000
053864,義隆元大96購01  ,0,0,0,0,0,0,0,0,0,182000,0,0,0,200000,18000,182000,182000
057121,立積康和98購01  ,0,0,0,0,0,0,0,0,0,182000,0,0,0,1188000,1006000,182000,182000
062724,可成凱基9B購04  ,0,0,0,0,0,0,0,0,0,181000,0,0,0,288000,107000,181000,181000
061847,力山國票9B購01  ,0,0,0,0,0,0,0,0,0,181000,0,0,0,243000,62000,181000,181000
060815,茂林凱基9B購01  ,0,0,0,0,0,0,0,0,0,181000,0,0,0,191000,10000,181000,181000
06889P,臺股指元大98售13,0,0,0,0,0,0,0,0,0,181000,0,0,0,191000,10000,181000,181000
061942,亞德客群益9B購01,0,0,0,0,0,0,0,0,0,180000,0,0,0,253000,73000,180000,180000
057624,新日興國泰99購01,0,0,0,0,0,0,0,0,0,180000,0,0,0,277000,97000,180000,180000
07014P,華通元大99售04  ,0,0,0,0,0,0,0,0,0,180000,0,0,0,234000,54000,180000,180000
07686P,祥碩凱基9A售02  ,0,0,0,0,0,0,0,0,0,180000,0,0,0,180000,0,180000,180000
07478P,南電康和9A售02  ,0,0,0,0,0,0,0,0,0,180000,0,0,0,211000,31000,180000,180000
3532,台勝科          ,409000,301000,108000,0,0,0,0,0,0,72000,87000,0,87000,157000,172000,-15000,180000
061349,嘉澤元大9A購02  ,0,0,0,0,0,0,0,0,0,179000,0,0,0,236000,57000,179000,179000
056409,麗豐國票99購01  ,0,0,0,0,0,0,0,0,0,179000,0,0,0,217000,38000,179000,179000
057502,訊芯群益98購02  ,0,0,0,0,0,0,0,0,0,179000,0,0,0,179000,0,179000,179000
063022,嘉晶元大9B購04  ,0,0,0,0,0,0,0,0,0,178000,0,0,0,251000,73000,178000,178000
059118,晶技永豐9A購01  ,0,0,0,0,0,0,0,0,0,178000,0,0,0,178000,0,178000,178000
062991,台光電群益9B購03,0,0,0,0,0,0,0,0,0,177000,0,0,0,306000,129000,177000,177000
061109,臻鼎元大9A購03  ,0,0,0,0,0,0,0,0,0,177000,0,0,0,242000,65000,177000,177000
3712,永崴投控        ,216000,39000,177000,0,0,0,0,0,0,0,0,0,0,0,0,0,177000
062382,燿華國泰9C購01  ,0,0,0,0,0,0,0,0,0,176000,0,0,0,329000,153000,176000,176000
059535,玉山金凱基99購01,0,0,0,0,0,0,0,0,0,176000,0,0,0,205000,29000,176000,176000
07312P,台灣50元大99售10,0,0,0,0,0,0,0,0,0,176000,0,0,0,240000,64000,176000,176000
061843,億豐凱基9C購01  ,0,0,0,0,0,0,0,0,0,175000,0,0,0,455000,280000,175000,175000
061785,奇力新群益9B購01,0,0,0,0,0,0,0,0,0,175000,0,0,0,180000,5000,175000,175000
061374,力山永豐9A購04  ,0,0,0,0,0,0,0,0,0,175000,0,0,0,261000,86000,175000,175000
061086,FBVIX統一01購01 ,0,0,0,0,0,0,0,0,0,175000,0,0,0,180000,5000,175000,175000
060451,中石化元大9C購02,0,0,0,0,0,0,0,0,0,175000,0,0,0,268000,93000,175000,175000
07874P,長榮航群益9B售01,0,0,0,0,0,0,0,0,0,175000,0,0,0,175000,0,175000,175000
06656P,GIS元大98售02   ,0,0,0,0,0,0,0,0,0,175000,0,0,0,298000,123000,175000,175000
061131,崇越永豐9A購01  ,0,0,0,0,0,0,0,0,0,174000,0,0,0,174000,0,174000,174000
00646,元大S&P500      ,0,6000,-6000,0,0,0,0,0,0,180000,60000,0,60000,308000,188000,120000,174000
059851,晶相光永豐99購02,0,0,0,0,0,0,0,0,0,174000,0,0,0,174000,0,174000,174000
057774,台光電群益99購02,0,0,0,0,0,0,0,0,0,174000,0,0,0,203000,29000,174000,174000
057454,上銀國泰99購02  ,0,0,0,0,0,0,0,0,0,174000,0,0,0,234000,60000,174000,174000
060030,晶相光永豐99購03,0,0,0,0,0,0,0,0,0,174000,0,0,0,174000,0,174000,174000
060228,亞德客元大9A購01,0,0,0,0,0,0,0,0,0,174000,0,0,0,199000,25000,174000,174000
061853,晶技國票9B購02  ,0,0,0,0,0,0,0,0,0,173000,0,0,0,183000,10000,173000,173000
050675,奇鋐富邦96購01  ,0,0,0,0,0,0,0,0,0,173000,0,0,0,173000,0,173000,173000
058854,樺漢群益9B購01  ,0,0,0,0,0,0,0,0,0,173000,0,0,0,446000,273000,173000,173000
055133,致新康和97購01  ,0,0,0,0,0,0,0,0,0,173000,0,0,0,234000,61000,173000,173000
058076,神達凱基98購02  ,0,0,0,0,0,0,0,0,0,173000,0,0,0,243000,70000,173000,173000
062363,燿華元大9B購03  ,0,0,0,0,0,0,0,0,0,172000,0,0,0,329000,157000,172000,172000
062392,國巨富邦02購01  ,0,0,0,0,0,0,0,0,0,172000,0,0,0,343000,171000,172000,172000
055381,茂林元大97購02  ,0,0,0,0,0,0,0,0,0,172000,0,0,0,172000,0,172000,172000
3149,正達            ,174000,2000,172000,0,0,0,0,0,0,0,0,0,0,0,0,0,172000
062387,健策國泰01購01  ,0,0,0,0,0,0,0,0,0,171000,0,0,0,315000,144000,171000,171000
054863,億光群益97購01  ,0,0,0,0,0,0,0,0,0,171000,0,0,0,171000,0,171000,171000
056343,高鐵凱基98購02  ,0,0,0,0,0,0,0,0,0,171000,0,0,0,229000,58000,171000,171000
057383,玉晶光富邦9A購01,0,0,0,0,0,0,0,0,0,171000,0,0,0,171000,0,171000,171000
057743,華擎永豐98購03  ,0,0,0,0,0,0,0,0,0,171000,0,0,0,265000,94000,171000,171000
062950,貿聯富邦01購01  ,0,0,0,0,0,0,0,0,0,170000,0,0,0,567000,397000,170000,170000
056245,嘉澤群益97購01  ,0,0,0,0,0,0,0,0,0,170000,0,0,0,170000,0,170000,170000
05478P,智伸科國票96售02,0,0,0,0,0,0,0,0,0,170000,0,0,0,170000,0,170000,170000
058672,可成群益9B購02  ,0,0,0,0,0,0,0,0,0,170000,0,0,0,286000,116000,170000,170000
060077,台積電台新9B購01,0,0,0,0,0,0,0,0,0,170000,0,0,0,171000,1000,170000,170000
057909,台光電兆豐98購01,0,0,0,0,0,0,0,0,0,170000,0,0,0,240000,70000,170000,170000
061422,台積電元大9A購30,0,0,0,0,0,0,0,0,0,169000,0,0,0,169000,0,169000,169000
061430,致新元大9A購01  ,0,0,0,0,0,0,0,0,0,169000,0,0,0,291000,122000,169000,169000
050902,南電元大96購01  ,0,0,0,0,0,0,0,0,0,169000,0,0,0,378000,209000,169000,169000
057366,智邦元大98購08  ,0,0,0,0,0,0,0,0,0,168000,0,0,0,240000,72000,168000,168000
062908,晶豪科元大9B購03,0,0,0,0,0,0,0,0,0,167000,0,0,0,440000,273000,167000,167000
061628,緯穎群益9A購04  ,0,0,0,0,0,0,0,0,0,166000,0,0,0,282000,116000,166000,166000
060398,立積國票9B購01  ,0,0,0,0,0,0,0,0,0,166000,0,0,0,200000,34000,166000,166000
060770,宏達電麥證9A購01,0,0,0,166000,0,166000,0,0,0,166000,0,0,0,166000,0,166000,166000
055320,建準國票98購01  ,0,0,0,0,0,0,0,0,0,166000,0,0,0,186000,20000,166000,166000
055958,台光電元大97購02,0,0,0,0,0,0,0,0,0,166000,0,0,0,205000,39000,166000,166000
060840,可成國票9B購01  ,0,0,0,0,0,0,0,0,0,165000,0,0,0,324000,159000,165000,165000
061506,瑞祺國票9A購02  ,0,0,0,0,0,0,0,0,0,165000,0,0,0,267000,102000,165000,165000
053694,創意元大96購03  ,0,0,0,0,0,0,0,0,0,165000,0,0,0,200000,35000,165000,165000
059919,宏達電元大99購06,0,0,0,0,0,0,0,0,0,165000,0,0,0,223000,58000,165000,165000
057700,新日興群益9A購01,0,0,0,0,0,0,0,0,0,165000,0,0,0,168000,3000,165000,165000
058721,立積元富9C購01  ,0,0,0,0,0,0,0,0,0,165000,0,0,0,333000,168000,165000,165000
6277,宏正            ,185000,20000,165000,0,0,0,0,0,0,0,0,0,0,0,0,0,165000
2545,皇翔            ,173000,8000,165000,0,0,0,0,0,0,0,0,0,0,0,0,0,165000
060616,宏碁元大9A購02  ,0,0,0,0,0,0,0,0,0,164000,0,0,0,164000,0,164000,164000
062906,全新元大9B購03  ,0,0,0,0,0,0,0,0,0,164000,0,0,0,164000,0,164000,164000
062135,國巨群益9B購05  ,0,0,0,0,0,0,0,0,0,164000,0,0,0,174000,10000,164000,164000
062239,台汽電凱基9B購01,0,0,0,0,0,0,0,0,0,164000,0,0,0,214000,50000,164000,164000
055014,達興元富97購01  ,0,0,0,0,0,0,0,0,0,164000,0,0,0,204000,40000,164000,164000
056608,力山永豐98購01  ,0,0,0,0,0,0,0,0,0,164000,0,0,0,174000,10000,164000,164000
059343,宏達電凱基99購04,0,0,0,0,0,0,0,0,0,164000,0,0,0,186000,22000,164000,164000
057987,大立光元富98購02,0,0,0,0,0,0,0,0,0,164000,0,0,0,248000,84000,164000,164000
08080P,祥碩國票9B售03  ,0,0,0,0,0,0,0,0,0,164000,0,0,0,259000,95000,164000,164000
061586,智邦富邦9A購02  ,0,0,0,0,0,0,0,0,0,163000,0,0,0,257000,94000,163000,163000
057298,旭富永豐98購01  ,0,0,0,0,0,0,0,0,0,163000,0,0,0,227000,64000,163000,163000
056846,晶相光元富98購01,0,0,0,0,0,0,0,0,0,163000,0,0,0,163000,0,163000,163000
062262,茂林元大9B購02  ,0,0,0,0,0,0,0,0,0,162000,0,0,0,182000,20000,162000,162000
052297,旭富國票96購01  ,0,0,0,0,0,0,0,0,0,162000,0,0,0,162000,0,162000,162000
057843,晶技永豐98購02  ,0,0,0,0,0,0,0,0,0,162000,0,0,0,167000,5000,162000,162000
062690,華擎統一9B購01  ,0,0,0,0,0,0,0,0,0,161000,0,0,0,231000,70000,161000,161000
058691,友訊國票9A購01  ,0,0,0,0,0,0,0,0,0,161000,0,0,0,238000,77000,161000,161000
5264,鎧勝-KY         ,410000,476000,-66000,0,0,0,200000,0,200000,27000,0,0,0,27000,0,27000,161000
062569,南電中信01購01  ,0,0,0,0,0,0,0,0,0,160000,0,0,0,260000,100000,160000,160000
063088,緯穎凱基9B購04  ,0,0,0,0,0,0,0,0,0,160000,0,0,0,238000,78000,160000,160000
052629,訊芯中信99購01  ,0,0,0,0,0,0,0,0,0,160000,0,0,0,160000,0,160000,160000
050525,嘉晶元大95購02  ,0,0,0,0,0,0,0,0,0,160000,0,0,0,260000,100000,160000,160000
056101,光磊永豐98購01  ,0,0,0,0,0,0,0,0,0,160000,0,0,0,207000,47000,160000,160000
060208,卜蜂康和9A購01  ,0,0,0,0,0,0,0,0,0,160000,0,0,0,200000,40000,160000,160000
056829,台積電富邦9A購01,0,0,0,0,0,0,0,0,0,160000,0,0,0,160000,0,160000,160000
2607,榮運            ,297000,137000,160000,0,0,0,0,0,0,0,0,0,0,0,0,0,160000
2351,順德            ,213000,16000,197000,0,0,0,12000,50000,-38000,1000,1000,0,1000,0,0,0,160000
062138,力成群益9B購01  ,0,0,0,0,0,0,0,0,0,159000,0,0,0,243000,84000,159000,159000
060214,茂林康和9A購01  ,0,0,0,0,0,0,0,0,0,159000,0,0,0,159000,0,159000,159000
060021,立積康和99購01  ,0,0,0,0,0,0,0,0,0,159000,0,0,0,165000,6000,159000,159000
058345,台光電群益99購03,0,0,0,0,0,0,0,0,0,159000,0,0,0,180000,21000,159000,159000
07657P,技嘉凱基9A售03  ,0,0,0,0,0,0,0,0,0,159000,0,0,0,165000,6000,159000,159000
062646,聯發科國泰01購02,0,0,0,0,0,0,0,0,0,158000,0,0,0,341000,183000,158000,158000
07795P,美律國票9A售03  ,0,0,0,0,0,0,0,0,0,158000,0,0,0,158000,0,158000,158000
2849,安泰銀          ,157000,0,157000,0,0,0,0,0,0,0,0,0,0,0,0,0,157000
062089,矽創元大9B購02  ,0,0,0,0,0,0,0,0,0,156000,0,0,0,221000,65000,156000,156000
00665L,富邦恒生國企正2 ,56000,0,56000,0,0,0,0,0,0,100000,0,0,0,174000,74000,100000,156000
059664,立積元大9C購01  ,0,0,0,0,0,0,0,0,0,156000,0,0,0,166000,10000,156000,156000
061924,聯發科凱基9C購01,0,0,0,0,0,0,0,0,0,155000,0,0,0,241000,86000,155000,155000
061583,矽創元大9A購01  ,0,0,0,0,0,0,0,0,0,155000,0,0,0,250000,95000,155000,155000
047212,宏達電富邦97購01,0,0,0,0,0,0,0,0,0,155000,0,0,0,155000,0,155000,155000
059203,勤誠永豐99購02  ,0,0,0,0,0,0,0,0,0,155000,0,0,0,176000,21000,155000,155000
2308,台達電          ,3871313,3738000,133313,0,0,0,0,1000,-1000,22000,34000,2000,32000,8000,18000,-10000,154313
062268,力山群益9B購01  ,0,0,0,0,0,0,0,0,0,154000,0,0,0,235000,81000,154000,154000
058920,SGBR2X元富99購06,0,0,0,0,0,0,0,0,0,154000,0,0,0,200000,46000,154000,154000
053396,漢唐中信9A購01  ,0,0,0,0,0,0,0,0,0,154000,0,0,0,213000,59000,154000,154000
2903,遠百            ,410000,254000,156000,0,0,0,0,0,0,-2000,0,2000,-2000,0,0,0,154000
07693P,群創元大9B售10  ,0,0,0,0,0,0,0,0,0,154000,0,0,0,174000,20000,154000,154000
062075,智邦元大9B購03  ,0,0,0,0,0,0,0,0,0,153000,0,0,0,207000,54000,153000,153000
061032,金像電永豐9A購03,0,0,0,0,0,0,0,0,0,153000,0,0,0,368000,215000,153000,153000
053500,新日興兆豐97購01,0,0,0,0,0,0,0,0,0,153000,0,0,0,204000,51000,153000,153000
056599,臻鼎元富98購01  ,0,0,0,0,0,0,0,0,0,153000,0,0,0,439000,286000,153000,153000
059922,大立光元大99購25,0,0,0,0,0,0,0,0,0,153000,0,0,0,167000,14000,153000,153000
07503P,禾伸堂元大9A售01,0,0,0,0,0,0,0,0,0,153000,0,0,0,162000,9000,153000,153000
061511,緯穎富邦9B購02  ,0,0,0,0,0,0,0,0,0,152000,0,0,0,152000,0,152000,152000
062233,神隆凱基9B購01  ,0,0,0,0,0,0,0,0,0,152000,0,0,0,208000,56000,152000,152000
052611,力成元大96購02  ,0,0,0,0,0,0,0,0,0,152000,0,0,0,152000,0,152000,152000
055805,矽力永豐97購01  ,0,0,0,0,0,0,0,0,0,152000,0,0,0,157000,5000,152000,152000
058656,燿華中信99購01  ,0,0,0,0,0,0,0,0,0,152000,0,0,0,183000,31000,152000,152000
059632,聯發科凱基01購01,0,0,0,0,0,0,0,0,0,152000,0,0,0,248000,96000,152000,152000
07635P,世芯永豐9A售05  ,0,0,0,0,0,0,0,0,0,152000,0,0,0,160000,8000,152000,152000
2886,兆豐金          ,8661000,4889000,3772000,0,0,0,200000,3485000,-3285000,-335000,55000,9000,46000,0,381000,-381000,152000
6668,中揚光          ,171000,19000,152000,0,0,0,0,0,0,0,0,0,0,0,0,0,152000
061033,台光電永豐9A購01,0,0,0,0,0,0,0,0,0,151000,0,0,0,451000,300000,151000,151000
060908,金像電元大9A購03,0,0,0,0,0,0,0,0,0,151000,0,0,0,375000,224000,151000,151000
056314,力成元大97購01  ,0,0,0,0,0,0,0,0,0,151000,0,0,0,366000,215000,151000,151000
058989,茂林凱基99購02  ,0,0,0,0,0,0,0,0,0,151000,0,0,0,225000,74000,151000,151000
060299,友訊國泰9B購01  ,0,0,0,0,0,0,0,0,0,151000,0,0,0,171000,20000,151000,151000
062886,中興電群益9B購01,0,0,0,0,0,0,0,0,0,150000,0,0,0,150000,0,150000,150000
054403,同欣電永豐96購02,0,0,0,0,0,0,0,0,0,150000,0,0,0,150000,0,150000,150000
058865,群創凱基01購01  ,0,0,0,0,0,0,0,0,0,150000,0,0,0,150000,0,150000,150000
05532P,臺股指群益96售05,0,0,0,0,0,0,0,0,0,150000,0,0,0,150000,0,150000,150000
052588,玉晶光永豐98購01,0,0,0,0,0,0,0,0,0,150000,0,0,0,150000,0,150000,150000
051979,群創凱基97購01  ,0,0,0,0,0,0,0,0,0,150000,0,0,0,150000,0,150000,150000
052647,晶技永豐97購01  ,0,0,0,0,0,0,0,0,0,149000,0,0,0,158000,9000,149000,149000
059976,道瓊銀元大99購01,0,0,0,0,0,0,0,0,0,149000,0,0,0,229000,80000,149000,149000
056981,全新群益99購03  ,0,0,0,0,0,0,0,0,0,149000,0,0,0,247000,98000,149000,149000
057747,致新永豐98購01  ,0,0,0,0,0,0,0,0,0,149000,0,0,0,181000,32000,149000,149000
061960,國巨統一01購05  ,0,0,0,0,0,0,0,0,0,148000,0,0,0,175000,27000,148000,148000
061294,奇力新麥證9A購01,0,0,0,148000,0,148000,0,0,0,148000,0,0,0,148000,0,148000,148000
00752,中信中國50      ,0,0,0,0,0,0,0,0,0,148000,0,0,0,437000,289000,148000,148000
054278,晶技群益97購02  ,0,0,0,0,0,0,0,0,0,148000,0,0,0,183000,35000,148000,148000
1449,佳和            ,195000,47000,148000,0,0,0,0,0,0,0,0,0,0,0,0,0,148000
07798P,同欣電國票9A售01,0,0,0,0,0,0,0,0,0,148000,0,0,0,242000,94000,148000,148000
062091,世紀鋼元大9B購01,0,0,0,0,0,0,0,0,0,147000,0,0,0,214000,67000,147000,147000
062377,力成元大9B購01  ,0,0,0,0,0,0,0,0,0,147000,0,0,0,249000,102000,147000,147000
062856,世芯永豐9B購02  ,0,0,0,0,0,0,0,0,0,147000,0,0,0,287000,140000,147000,147000
062565,漢唐中信9C購01  ,0,0,0,0,0,0,0,0,0,147000,0,0,0,189000,42000,147000,147000
060323,華通群益9C購01  ,0,0,0,0,0,0,0,0,0,147000,0,0,0,147000,0,147000,147000
058049,帆宣元大98購01  ,0,0,0,0,0,0,0,0,0,147000,0,0,0,537000,390000,147000,147000
1808,潤隆            ,169000,22000,147000,0,0,0,0,0,0,0,0,0,0,0,0,0,147000
3708,上緯投控        ,83000,150000,-67000,0,0,0,216000,0,216000,-2000,0,0,0,1000,3000,-2000,147000
062404,新唐永豐9B購01  ,0,0,0,0,0,0,0,0,0,146000,0,0,0,156000,10000,146000,146000
057475,聯電元大9A購01  ,0,0,0,0,0,0,0,0,0,146000,0,0,0,178000,32000,146000,146000
057579,長榮航中信9A購01,0,0,0,0,0,0,0,0,0,146000,0,0,0,251000,105000,146000,146000
9940,信義            ,171301,26000,145301,0,0,0,0,0,0,0,0,0,0,0,0,0,145301
053834,卜蜂永豐96購01  ,0,0,0,0,0,0,0,0,0,145000,0,0,0,158000,13000,145000,145000
059676,台積電台新99購05,0,0,0,0,0,0,0,0,0,145000,0,0,0,145000,0,145000,145000
059358,旺宏永豐99購02  ,0,0,0,0,0,0,0,0,0,144000,0,0,0,225000,81000,144000,144000
6177,達麗            ,151000,7000,144000,0,0,0,0,0,0,0,0,0,0,0,0,0,144000
2461,光群雷          ,173000,29000,144000,0,0,0,0,0,0,0,0,0,0,0,0,0,144000
062513,玉晶光國票9C購01,0,0,0,0,0,0,0,0,0,143000,0,0,0,208000,65000,143000,143000
058822,樺漢國泰9B購01  ,0,0,0,0,0,0,0,0,0,143000,0,0,0,143000,0,143000,143000
059570,全新凱基99購04  ,0,0,0,0,0,0,0,0,0,143000,0,0,0,143000,0,143000,143000
060313,淘帝永豐9A購01  ,0,0,0,0,0,0,0,0,0,143000,0,0,0,277000,134000,143000,143000
062608,智易凱基9B購01  ,0,0,0,0,0,0,0,0,0,142000,0,0,0,142000,0,142000,142000
057857,牧德國票99購01  ,0,0,0,0,0,0,0,0,0,142000,0,0,0,168000,26000,142000,142000
057134,茂林凱基98購02  ,0,0,0,0,0,0,0,0,0,142000,0,0,0,190000,48000,142000,142000
058674,宏達電群益99購01,0,0,0,0,0,0,0,0,0,142000,0,0,0,155000,13000,142000,142000
059021,台積電統一9B購07,0,0,0,0,0,0,0,0,0,142000,0,0,0,142000,0,142000,142000
2923,鼎固-KY         ,142000,0,142000,0,0,0,0,0,0,0,0,0,0,0,0,0,142000
07672P,南電元大9A售05  ,0,0,0,0,0,0,0,0,0,142000,0,0,0,202000,60000,142000,142000
062146,大毅國票9B購01  ,0,0,0,0,0,0,0,0,0,141000,0,0,0,148000,7000,141000,141000
060748,臻鼎國票9A購01  ,0,0,0,0,0,0,0,0,0,141000,0,0,0,390000,249000,141000,141000
055425,聚陽群益99購01  ,0,0,0,0,0,0,0,0,0,141000,0,0,0,151000,10000,141000,141000
058540,嘉聯益國泰9A購02,0,0,0,0,0,0,0,0,0,141000,0,0,0,141000,0,141000,141000
057084,立積統一9B購01  ,0,0,0,0,0,0,0,0,0,141000,0,0,0,146000,5000,141000,141000
1315,達新            ,216000,79000,137000,0,0,0,0,0,0,4000,0,0,0,4000,0,4000,141000
060696,道瓊反國泰9C購01,0,0,0,0,0,0,0,0,0,140000,0,0,0,150000,10000,140000,140000
060777,茂林凱基9C購01  ,0,0,0,0,0,0,0,0,0,140000,0,0,0,170000,30000,140000,140000
061450,嘉晶中信9A購01  ,0,0,0,0,0,0,0,0,0,140000,0,0,0,163000,23000,140000,140000
062381,上銀國泰9C購01  ,0,0,0,0,0,0,0,0,0,140000,0,0,0,255000,115000,140000,140000
047595,元石油元富97購01,0,0,0,0,0,0,0,0,0,140000,0,0,0,140000,0,140000,140000
058936,國喬中信99購01  ,0,0,0,0,0,0,0,0,0,140000,0,0,0,170000,30000,140000,140000
055611,燿華國票98購02  ,0,0,0,0,0,0,0,0,0,140000,0,0,0,140000,0,140000,140000
055615,宏達電國票99購02,0,0,0,0,0,0,0,0,0,140000,0,0,0,140000,0,140000,140000
060107,旭富元大99購03  ,0,0,0,0,0,0,0,0,0,140000,0,0,0,189000,49000,140000,140000
059834,友達國泰9B購01  ,0,0,0,0,0,0,0,0,0,140000,0,0,0,163000,23000,140000,140000
056828,國巨富邦9A購03  ,0,0,0,0,0,0,0,0,0,140000,0,0,0,140000,0,140000,140000
062297,億豐永豐9B購01  ,0,0,0,0,0,0,0,0,0,139000,0,0,0,486000,347000,139000,139000
062559,嘉晶凱基9B購02  ,0,0,0,0,0,0,0,0,0,139000,0,0,0,229000,90000,139000,139000
061544,大毅群益9B購02  ,0,0,0,0,0,0,0,0,0,139000,0,0,0,139000,0,139000,139000
05711P,茂林國票97售03  ,0,0,0,0,0,0,0,0,0,139000,0,0,0,150000,11000,139000,139000
08105P,景碩元大9B售01  ,0,0,0,0,0,0,0,0,0,139000,0,0,0,144000,5000,139000,139000
3504,揚明光          ,181000,49000,132000,0,0,0,0,0,0,7000,0,0,0,7000,0,7000,139000
054528,台光電統一96購02,0,0,0,0,0,0,0,0,0,138000,0,0,0,395000,257000,138000,138000
053340,建準國票97購01  ,0,0,0,0,0,0,0,0,0,138000,0,0,0,154000,16000,138000,138000
057048,新日興元大98購01,0,0,0,0,0,0,0,0,0,138000,0,0,0,207000,69000,138000,138000
057699,可成群益9A購02  ,0,0,0,0,0,0,0,0,0,138000,0,0,0,257000,119000,138000,138000
059350,樺漢凱基9A購01  ,0,0,0,0,0,0,0,0,0,138000,0,0,0,183000,45000,138000,138000
1460,宏遠            ,166000,28000,138000,0,0,0,0,0,0,0,0,0,0,0,0,0,138000
061605,華新科凱基9A購14,0,0,0,0,0,0,0,0,0,137000,0,0,0,140000,3000,137000,137000
062633,亞光國票9B購01  ,0,0,0,0,0,0,0,0,0,137000,0,0,0,175000,38000,137000,137000
062661,華通群益9B購05  ,0,0,0,0,0,0,0,0,0,137000,0,0,0,213000,76000,137000,137000
062346,智邦群益9B購02  ,0,0,0,0,0,0,0,0,0,137000,0,0,0,142000,5000,137000,137000
062282,禾伸堂群益9B購01,0,0,0,0,0,0,0,0,0,137000,0,0,0,137000,0,137000,137000
057136,立積凱基98購02  ,0,0,0,0,0,0,0,0,0,137000,0,0,0,143000,6000,137000,137000
1503,士電            ,140000,3000,137000,0,0,0,0,0,0,0,0,0,0,0,0,0,137000
062438,台光電元大9B購04,0,0,0,0,0,0,0,0,0,136000,0,0,0,200000,64000,136000,136000
061870,智邦元大9B購02  ,0,0,0,0,0,0,0,0,0,136000,0,0,0,235000,99000,136000,136000
062594,祥碩統一01購02  ,0,0,0,0,0,0,0,0,0,136000,0,0,0,156000,20000,136000,136000
063072,裕隆永豐9B購01  ,0,0,0,0,0,0,0,0,0,136000,0,0,0,151000,15000,136000,136000
055519,茂林中信99購01  ,0,0,0,0,0,0,0,0,0,136000,0,0,0,176000,40000,136000,136000
060085,華通元大99購10  ,0,0,0,0,0,0,0,0,0,136000,0,0,0,217000,81000,136000,136000
060160,聯陽永豐9A購01  ,0,0,0,0,0,0,0,0,0,136000,0,0,0,156000,20000,136000,136000
060287,燿華元大9A購01  ,0,0,0,0,0,0,0,0,0,136000,0,0,0,251000,115000,136000,136000
2609,陽明            ,210000,74000,136000,0,0,0,0,0,0,0,0,0,0,0,0,0,136000
062166,致新國泰01購01  ,0,0,0,0,0,0,0,0,0,135000,0,0,0,207000,72000,135000,135000
060474,中租元大9B購01  ,0,0,0,0,0,0,0,0,0,135000,0,0,0,269000,134000,135000,135000
048911,玉晶光富邦96購01,0,0,0,0,0,0,0,0,0,135000,0,0,0,135000,0,135000,135000
006206,元大上證50      ,0,1054000,-1054000,0,0,0,0,0,0,1189000,0,0,0,1732000,543000,1189000,135000
058883,旭富永豐99購01  ,0,0,0,0,0,0,0,0,0,135000,0,0,0,135000,0,135000,135000
055820,矽力國票98購02  ,0,0,0,0,0,0,0,0,0,135000,0,0,0,170000,35000,135000,135000
058513,宏達電元大99購05,0,0,0,0,0,0,0,0,0,135000,0,0,0,141000,6000,135000,135000
3004,豐達科          ,160000,25000,135000,0,0,0,0,0,0,0,0,0,0,0,0,0,135000
07617P,聯發科中信9C售04,0,0,0,0,0,0,0,0,0,135000,0,0,0,366000,231000,135000,135000
060633,玉晶光富邦02購01,0,0,0,0,0,0,0,0,0,134000,0,0,0,159000,25000,134000,134000
06142P,台虹康和97售02  ,0,0,0,0,0,0,0,0,0,134000,0,0,0,134000,0,134000,134000
062384,聯詠國泰9C購01  ,0,0,0,0,0,0,0,0,0,134000,0,0,0,463000,329000,134000,134000
059061,晶技凱基9A購01  ,0,0,0,0,0,0,0,0,0,134000,0,0,0,144000,10000,134000,134000
058134,信邦元大99購01  ,0,0,0,0,0,0,0,0,0,134000,0,0,0,146000,12000,134000,134000
1201,味全            ,195000,53000,142000,0,0,0,0,0,0,-8000,0,0,0,0,8000,-8000,134000
4532,瑞智            ,170000,36000,134000,0,0,0,0,0,0,0,0,0,0,0,0,0,134000
062367,禾伸堂元大9B購02,0,0,0,0,0,0,0,0,0,133000,0,0,0,133000,0,133000,133000
062504,旭富群益9B購02  ,0,0,0,0,0,0,0,0,0,133000,0,0,0,173000,40000,133000,133000
060995,泰鼎元大9A購03  ,0,0,0,0,0,0,0,0,0,133000,0,0,0,170000,37000,133000,133000
061734,全新中信9B購02  ,0,0,0,0,0,0,0,0,0,132000,0,0,0,182000,50000,132000,132000
00875,國泰網路資安    ,0,240000,-240000,0,0,0,0,0,0,372000,0,0,0,731000,359000,372000,132000
058129,國巨元大99購10  ,0,0,0,0,0,0,0,0,0,132000,0,0,0,152000,20000,132000,132000
057279,國揚元大98購01  ,0,0,0,0,0,0,0,0,0,132000,0,0,0,132000,0,132000,132000
057112,立積群益99購01  ,0,0,0,0,0,0,0,0,0,132000,0,0,0,257000,125000,132000,132000
061082,台光電兆豐9A購01,0,0,0,0,0,0,0,0,0,131000,0,0,0,267000,136000,131000,131000
063027,台汽電元大9B購01,0,0,0,0,0,0,0,0,0,131000,0,0,0,236000,105000,131000,131000
4906,正文            ,192000,73000,119000,0,0,0,0,0,0,12000,11000,7000,4000,20000,12000,8000,131000
062405,泰鼎永豐9B購02  ,0,0,0,0,0,0,0,0,0,130000,0,0,0,166000,36000,130000,130000
060604,宏達電凱基9B購01,0,0,0,0,0,0,0,0,0,130000,0,0,0,140000,10000,130000,130000
06173P,華通元大97售02  ,0,0,0,0,0,0,0,0,0,130000,0,0,0,203000,73000,130000,130000
050566,高股息中信97購02,0,0,0,0,0,0,0,0,0,130000,0,0,0,130000,0,130000,130000
051258,鈺齊國泰97購01  ,0,0,0,0,0,0,0,0,0,130000,0,0,0,130000,0,130000,130000
060042,台積電群益99購12,0,0,0,0,0,0,0,0,0,130000,0,0,0,170000,40000,130000,130000
060046,S&P反1凱基99購02,0,0,0,0,0,0,0,0,0,130000,0,0,0,130000,0,130000,130000
058137,玉晶光元大99購11,0,0,0,0,0,0,0,0,0,130000,0,0,0,150000,20000,130000,130000
057609,友訊元富98購01  ,0,0,0,0,0,0,0,0,0,130000,0,0,0,302000,172000,130000,130000
057770,亞德客群益98購01,0,0,0,0,0,0,0,0,0,130000,0,0,0,197000,67000,130000,130000
07711P,世芯元大9A售07  ,0,0,0,0,0,0,0,0,0,130000,0,0,0,203000,73000,130000,130000
061243,麗豐兆豐9A購01  ,0,0,0,0,0,0,0,0,0,129000,0,0,0,197000,68000,129000,129000
060405,中租國泰9C購01  ,0,0,0,0,0,0,0,0,0,129000,0,0,0,139000,10000,129000,129000
062254,台光電元大9B購02,0,0,0,0,0,0,0,0,0,129000,0,0,0,174000,45000,129000,129000
062607,美食凱基9B購01  ,0,0,0,0,0,0,0,0,0,129000,0,0,0,149000,20000,129000,129000
00674R,元大S&P黃金反1  ,0,0,0,0,0,0,0,0,0,129000,0,0,0,162000,33000,129000,129000
053896,麗豐群益97購01  ,0,0,0,0,0,0,0,0,0,129000,0,0,0,181000,52000,129000,129000
056519,創意國票99購01  ,0,0,0,0,0,0,0,0,0,129000,0,0,0,190000,61000,129000,129000
055197,致新元富97購02  ,0,0,0,0,0,0,0,0,0,129000,0,0,0,191000,62000,129000,129000
059662,旭富元大9C購01  ,0,0,0,0,0,0,0,0,0,129000,0,0,0,161000,32000,129000,129000
062902,智邦元大9B購07  ,0,0,0,0,0,0,0,0,0,128000,0,0,0,182000,54000,128000,128000
061614,亞德客群益9A購01,0,0,0,0,0,0,0,0,0,128000,0,0,0,148000,20000,128000,128000
056163,嘉聯益凱基98購03,0,0,0,0,0,0,0,0,0,128000,0,0,0,128000,0,128000,128000
053583,漢唐元大96購03  ,0,0,0,0,0,0,0,0,0,128000,0,0,0,178000,50000,128000,128000
3008,大立光          ,354740,233000,121740,0,0,0,5000,10000,-5000,11000,4000,0,4000,8000,1000,7000,127740
062868,葡萄王中信9B購01,0,0,0,0,0,0,0,0,0,127000,0,0,0,127000,0,127000,127000
061984,華新科元大9B購05,0,0,0,0,0,0,0,0,0,127000,0,0,0,127000,0,127000,127000
00851,台新全球AI      ,0,0,0,0,0,0,0,0,0,127000,0,0,0,141000,14000,127000,127000
5607,遠雄港          ,137000,10000,127000,0,0,0,0,0,0,0,0,0,0,0,0,0,127000
07853P,國巨凱基9A售19  ,0,0,0,0,0,0,0,0,0,127000,0,0,0,127000,0,127000,127000
07412P,國巨元大99售32  ,0,0,0,0,0,0,0,0,0,127000,0,0,0,127000,0,127000,127000
061822,和潤群益9B購01  ,0,0,0,0,0,0,0,0,0,126000,0,0,0,126000,0,126000,126000
062236,信邦凱基9B購01  ,0,0,0,0,0,0,0,0,0,126000,0,0,0,129000,3000,126000,126000
054017,茂林永豐96購02  ,0,0,0,0,0,0,0,0,0,126000,0,0,0,126000,0,126000,126000
052434,茂林國泰97購01  ,0,0,0,0,0,0,0,0,0,126000,0,0,0,148000,22000,126000,126000
056558,台達電群益98購01,0,20000,-20000,0,0,0,0,0,0,146000,0,0,0,207000,61000,146000,126000
058271,訊連永豐99購01  ,0,0,0,0,0,0,0,0,0,126000,0,0,0,210000,84000,126000,126000
063169,台汽電永豐9B購01,0,0,0,0,0,0,0,0,0,126000,0,0,0,126000,0,126000,126000
1810,和成            ,126000,0,126000,0,0,0,0,0,0,0,0,0,0,0,0,0,126000
062548,智易永豐9B購01  ,0,0,0,0,0,0,0,0,0,125000,0,0,0,125000,0,125000,125000
060782,道瓊指富邦9C購01,0,0,0,0,0,0,0,0,0,125000,0,0,0,140000,15000,125000,125000
058775,台積電國票9A購02,0,0,0,0,0,0,0,0,0,125000,0,0,0,132000,7000,125000,125000
056287,亞光永豐97購02  ,0,0,0,0,0,0,0,0,0,125000,0,0,0,125000,0,125000,125000
057397,茂林中信9A購01  ,0,0,0,0,0,0,0,0,0,125000,0,0,0,175000,50000,125000,125000
059469,智邦元大99購03  ,0,0,0,0,0,0,0,0,0,125000,0,0,0,223000,98000,125000,125000
056899,可成元大98購01  ,0,0,0,0,0,0,0,0,0,125000,0,0,0,125000,0,125000,125000
056787,健鼎群益98購01  ,0,0,0,0,0,0,0,0,0,125000,0,0,0,206000,81000,125000,125000
6139,亞翔            ,130000,5000,125000,0,0,0,0,0,0,0,0,0,0,0,0,0,125000
06912P,台光電元大99售02,0,0,0,0,0,0,0,0,0,125000,0,0,0,170000,45000,125000,125000
056059,美律元大98購02  ,0,1000,-1000,0,0,0,0,0,0,125000,0,0,0,125000,0,125000,124000
058583,臻鼎群益99購01  ,0,0,0,0,0,0,0,0,0,124000,0,0,0,294000,170000,124000,124000
057202,TPK元富98購02   ,0,0,0,0,0,0,0,0,0,124000,0,0,0,124000,0,124000,124000
07319P,台積電凱基01售02,0,0,0,0,0,0,0,0,0,124000,0,0,0,164000,40000,124000,124000
07946P,華通統一9B售02  ,0,0,0,0,0,0,0,0,0,124000,0,0,0,129000,5000,124000,124000
061253,臺股指群益9A購04,0,0,0,0,0,0,0,0,0,123000,0,0,0,135000,12000,123000,123000
059215,台積電元大99購28,0,0,0,0,0,0,0,0,0,123000,0,0,0,123000,0,123000,123000
056012,勤誠中信99購01  ,0,0,0,0,0,0,0,0,0,123000,0,0,0,204000,81000,123000,123000
5225,東科-KY         ,149000,27000,122000,0,0,0,0,0,0,1000,1000,0,1000,0,0,0,123000
1522,堤維西          ,134000,1000,133000,0,0,0,0,0,0,-10000,1000,2000,-1000,0,9000,-9000,123000
061437,燿華凱基9A購01  ,0,0,0,0,0,0,0,0,0,122000,0,0,0,343000,221000,122000,122000
059209,華通元大99購08  ,0,0,0,0,0,0,0,0,0,122000,0,0,0,142000,20000,122000,122000
057526,智邦元大98購10  ,0,0,0,0,0,0,0,0,0,122000,0,0,0,214000,92000,122000,122000
056422,全新統一98購02  ,0,0,0,0,0,0,0,0,0,122000,0,0,0,122000,0,122000,122000
051159,力山元大96購01  ,0,0,0,0,0,0,0,0,0,122000,0,0,0,160000,38000,122000,122000
059760,楠梓電永豐99購01,0,0,0,0,0,0,0,0,0,122000,0,0,0,142000,20000,122000,122000
060328,可成群益9A購06  ,0,0,0,0,0,0,0,0,0,122000,0,0,0,171000,49000,122000,122000
1519,華城            ,167000,44000,123000,0,0,0,0,0,0,-1000,0,1000,-1000,0,0,0,122000
2103,台橡            ,296000,174000,122000,0,0,0,0,0,0,0,0,0,0,0,0,0,122000
2388,威盛            ,223000,100000,123000,0,0,0,0,1000,-1000,0,0,0,0,0,0,0,122000
3380,明泰            ,766000,468000,298000,0,0,0,0,0,0,-176000,11000,100000,-89000,18000,105000,-87000,122000
054377,臺股指中信99購09,0,0,0,0,0,0,0,0,0,121000,0,0,0,221000,100000,121000,121000
058132,義隆元大99購03  ,0,0,0,0,0,0,0,0,0,121000,0,0,0,220000,99000,121000,121000
057616,聯電凱基99購01  ,0,0,0,0,0,0,0,0,0,121000,0,0,0,338000,217000,121000,121000
07817P,同欣電群益9A售02,0,0,0,0,0,0,0,0,0,121000,0,0,0,121000,0,121000,121000
07218P,臺股指凱基99售31,0,0,0,0,0,0,0,0,0,121000,0,0,0,158000,37000,121000,121000
062458,全新群益9B購03  ,0,0,0,0,0,0,0,0,0,120000,0,0,0,120000,0,120000,120000
054576,健策元大98購03  ,0,0,0,0,0,0,0,0,0,120000,0,0,0,120000,0,120000,120000
059185,臺股指台新99購12,0,0,0,0,0,0,0,0,0,120000,0,0,0,120000,0,120000,120000
055187,彩晶統一98購01  ,0,0,0,0,0,0,0,0,0,120000,0,0,0,120000,0,120000,120000
051003,中環中信97購01  ,0,0,0,0,0,0,0,0,0,120000,0,0,0,120000,0,120000,120000
020015,統一MSCI美低波N ,0,0,0,0,0,0,0,0,0,120000,0,0,0,233000,113000,120000,120000
053259,卜蜂群益97購01  ,0,0,0,0,0,0,0,0,0,120000,0,0,0,123000,3000,120000,120000
053281,茂林元大96購02  ,0,0,0,0,0,0,0,0,0,120000,0,0,0,120000,0,120000,120000
059629,友達凱基99購06  ,0,0,0,0,0,0,0,0,0,120000,0,0,0,120000,0,120000,120000
059559,T50反1凱基99購07,0,0,0,0,0,0,0,0,0,120000,0,0,0,120000,0,120000,120000
059364,昇陽半永豐99購02,0,0,0,0,0,0,0,0,0,120000,0,0,0,127000,7000,120000,120000
059821,美律凱基99購08  ,0,0,0,0,0,0,0,0,0,120000,0,0,0,140000,20000,120000,120000
059869,友達凱基99購07  ,0,0,0,0,0,0,0,0,0,120000,0,0,0,120000,0,120000,120000
057196,茂林台新98購01  ,0,0,0,0,0,0,0,0,0,120000,0,0,0,131000,11000,120000,120000
057919,技嘉凱基98購03  ,0,0,0,0,0,0,0,0,0,120000,0,0,0,164000,44000,120000,120000
07955P,大成鋼群益9B售02,0,0,0,0,0,0,0,0,0,120000,0,0,0,120000,0,120000,120000
6414,樺漢            ,164000,44000,120000,0,0,0,0,0,0,0,12000,14000,-2000,4000,2000,2000,120000
060567,華擎富邦9C購01  ,0,0,0,0,0,0,0,0,0,119000,0,0,0,119000,0,119000,119000
053303,建準凱基96購03  ,0,0,0,0,0,0,0,0,0,119000,0,0,0,119000,0,119000,119000
057207,立積元富98購02  ,0,0,0,0,0,0,0,0,0,119000,0,0,0,170000,51000,119000,119000
3257,虹冠電          ,148000,29000,119000,0,0,0,0,0,0,0,0,0,0,0,0,0,119000
06661P,玉晶光永豐98售05,0,0,0,0,0,0,0,0,0,119000,0,0,0,141000,22000,119000,119000
061488,奇力新兆豐9A購01,0,0,0,0,0,0,0,0,0,118000,0,0,0,148000,30000,118000,118000
062645,國巨國泰9B購08  ,0,0,0,0,0,0,0,0,0,118000,0,0,0,133000,15000,118000,118000
062702,可成元大9C購01  ,0,0,0,0,0,0,0,0,0,118000,0,0,0,300000,182000,118000,118000
051488,健策凱基96購04  ,0,0,0,0,0,0,0,0,0,118000,0,0,0,118000,0,118000,118000
054873,帆宣群益99購01  ,0,0,0,0,0,0,0,0,0,118000,0,0,0,242000,124000,118000,118000
054307,高鐵凱基98購01  ,0,0,0,0,0,0,0,0,0,118000,0,0,0,138000,20000,118000,118000
3622,洋華            ,117000,0,117000,0,0,0,0,0,0,1000,1000,0,1000,0,0,0,118000
062711,台表科元大9B購05,0,0,0,0,0,0,0,0,0,117000,0,0,0,243000,126000,117000,117000
062760,漢唐凱基9B購01  ,0,0,0,0,0,0,0,0,0,117000,0,0,0,162000,45000,117000,117000
062820,禾伸堂兆豐9B購01,0,0,0,0,0,0,0,0,0,117000,0,0,0,280000,163000,117000,117000
061732,智邦中信9B購01  ,0,0,0,0,0,0,0,0,0,117000,0,0,0,117000,0,117000,117000
055124,建準兆豐97購01  ,0,0,0,0,0,0,0,0,0,117000,0,0,0,159000,42000,117000,117000
060230,台積電元大9A購07,0,0,0,0,0,0,0,0,0,117000,0,0,0,153000,36000,117000,117000
058143,瑞儀元大99購02  ,0,0,0,0,0,0,0,0,0,117000,0,0,0,117000,0,117000,117000
058637,晶技兆豐99購01  ,0,0,0,0,0,0,0,0,0,117000,0,0,0,565000,448000,117000,117000
060792,信錦永豐9A購01  ,0,0,0,0,0,0,0,0,0,116000,0,0,0,116000,0,116000,116000
061108,臻鼎元大9A購02  ,0,0,0,0,0,0,0,0,0,116000,0,0,0,146000,30000,116000,116000
055731,美律元富97購01  ,0,0,0,0,0,0,0,0,0,116000,0,0,0,186000,70000,116000,116000
057179,可成元大98購04  ,0,0,0,0,0,0,0,0,0,116000,0,0,0,278000,162000,116000,116000
2536,宏普            ,120000,4000,116000,0,0,0,0,0,0,0,0,0,0,0,0,0,116000
06744P,嘉聯益永豐98售03,0,0,0,0,0,0,0,0,0,116000,0,0,0,130000,14000,116000,116000
061247,玉晶光群益9A購09,0,0,0,0,0,0,0,0,0,115000,0,0,0,216000,101000,115000,115000
055171,凱美統一97購01  ,0,0,0,0,0,0,0,0,0,115000,0,0,0,115000,0,115000,115000
05600P,玉晶光台新96售04,0,0,0,0,0,0,0,0,0,115000,0,0,0,115000,0,115000,115000
058852,貿聯群益99購04  ,0,0,0,0,0,0,0,0,0,115000,0,0,0,212000,97000,115000,115000
05013P,台積電元大96售05,0,0,0,0,0,0,0,0,0,115000,0,0,0,115000,0,115000,115000
052599,S&P反1元大96購01,0,0,0,0,0,0,0,0,0,115000,0,0,0,115000,0,115000,115000
06010P,國泰金元富96售01,0,0,0,0,0,0,0,0,0,115000,0,0,0,128000,13000,115000,115000
056767,大毅元大99購01  ,0,0,0,0,0,0,0,0,0,115000,0,0,0,130000,15000,115000,115000
059033,元油2X群益9C購05,0,0,0,0,0,0,0,0,0,115000,0,0,0,115000,0,115000,115000
06743P,創意永豐98售03  ,0,0,0,0,0,0,0,0,0,115000,0,0,0,150000,35000,115000,115000
052795,健策兆豐97購01  ,0,0,0,0,0,0,0,0,0,114000,0,0,0,200000,86000,114000,114000
053586,建準元大96購01  ,0,0,0,0,0,0,0,0,0,114000,0,0,0,156000,42000,114000,114000
054250,漢唐元大96購04  ,0,0,0,0,0,0,0,0,0,114000,0,0,0,147000,33000,114000,114000
056412,上証2X中信9A購02,0,0,0,0,0,0,0,0,0,114000,0,0,0,114000,0,114000,114000
057542,上銀凱基99購01  ,0,0,0,0,0,0,0,0,0,114000,0,0,0,114000,0,114000,114000
059803,S&P正2元富9B購03,0,0,0,0,0,0,0,0,0,114000,0,0,0,115000,1000,114000,114000
059290,全新元富99購01  ,0,0,0,0,0,0,0,0,0,114000,0,0,0,114000,0,114000,114000
07394P,國巨群益99售12  ,0,0,0,0,0,0,0,0,0,114000,0,0,0,114000,0,114000,114000
2402,毅嘉            ,131000,18000,113000,0,0,0,0,0,0,1000,1000,0,1000,0,0,0,114000
06144P,台光電永豐97售01,0,0,0,0,0,0,0,0,0,113000,0,0,0,220000,107000,113000,113000
062498,華通群益9C購04  ,0,0,0,0,0,0,0,0,0,113000,0,0,0,178000,65000,113000,113000
059895,T50反1元大99購12,0,0,0,0,0,0,0,0,0,113000,0,0,0,113000,0,113000,113000
058703,台積電元大99購16,0,0,0,0,0,0,0,0,0,113000,0,0,0,117000,4000,113000,113000
057467,祥碩永豐98購04  ,0,0,0,0,0,0,0,0,0,113000,0,0,0,143000,30000,113000,113000
058663,瑞儀兆豐9A購01  ,0,0,0,0,0,0,0,0,0,113000,0,0,0,210000,97000,113000,113000
07574P,國巨元大9A售12  ,0,0,0,0,0,0,0,0,0,113000,0,0,0,117000,4000,113000,113000
062570,T50反1群益9B購02,0,0,0,0,0,0,0,0,0,112000,0,0,0,112000,0,112000,112000
062682,全新統一9B購01  ,0,0,0,0,0,0,0,0,0,112000,0,0,0,112000,0,112000,112000
061552,南六群益9A購02  ,0,0,0,0,0,0,0,0,0,112000,0,0,0,127000,15000,112000,112000
060812,智邦凱基9A購01  ,0,0,0,0,0,0,0,0,0,112000,0,0,0,160000,48000,112000,112000
056462,訊芯凱基98購03  ,0,0,0,0,0,0,0,0,0,112000,0,0,0,118000,6000,112000,112000
054418,茂林元大97購01  ,0,0,0,0,0,0,0,0,0,112000,0,0,0,122000,10000,112000,112000
055108,智邦凱基98購01  ,0,0,0,0,0,0,0,0,0,112000,0,0,0,136000,24000,112000,112000
058196,台塑中信99購01  ,0,0,0,0,0,0,0,0,0,112000,0,0,0,312000,200000,112000,112000
058328,世紀鋼統一9B購01,0,0,0,0,0,0,0,0,0,112000,0,0,0,127000,15000,112000,112000
060239,國揚元大9C購01  ,0,0,0,0,0,0,0,0,0,112000,0,0,0,133000,21000,112000,112000
057630,茂林永豐98購01  ,0,0,0,0,0,0,0,0,0,112000,0,0,0,112000,0,112000,112000
058532,禾伸堂元富99購01,0,0,0,0,0,0,0,0,0,112000,0,0,0,126000,14000,112000,112000
4526,東台            ,129000,17000,112000,0,0,0,0,0,0,0,0,0,0,0,0,0,112000
061808,聯發科統一01購02,0,0,0,0,0,0,0,0,0,111000,0,0,0,618000,507000,111000,111000
059688,燿華永豐99購01  ,0,0,0,0,0,0,0,0,0,111000,0,0,0,275000,164000,111000,111000
056766,義隆元大98購01  ,0,0,0,0,0,0,0,0,0,111000,0,0,0,143000,32000,111000,111000
057445,華通元富02購01  ,0,0,0,0,0,0,0,0,0,111000,0,0,0,299000,188000,111000,111000
07304P,臺股指元大9A售37,0,0,0,0,0,0,0,0,0,111000,0,0,0,246000,135000,111000,111000
07205P,鴻海凱基99售11  ,0,0,0,0,0,0,0,0,0,111000,0,0,0,121000,10000,111000,111000
06736P,新日興凱基98售03,0,0,0,0,0,0,0,0,0,111000,0,0,0,115000,4000,111000,111000
06623P,立積元大98售04  ,0,0,0,0,0,0,0,0,0,111000,0,0,0,121000,10000,111000,111000
062448,健策元大9C購04  ,0,0,0,0,0,0,0,0,0,110000,0,0,0,132000,22000,110000,110000
060715,日電貿永豐9A購01,0,0,0,0,0,0,0,0,0,110000,0,0,0,155000,45000,110000,110000
061729,祥碩麥證9A購02  ,0,0,0,110000,0,110000,0,0,0,110000,0,0,0,110000,0,110000,110000
054684,裕隆永豐97購01  ,0,0,0,0,0,0,0,0,0,110000,0,0,0,160000,50000,110000,110000
056451,可成凱基99購01  ,0,0,0,0,0,0,0,0,0,110000,0,0,0,204000,94000,110000,110000
051490,世芯凱基96購01  ,0,0,0,0,0,0,0,0,0,110000,0,0,0,110000,0,110000,110000
051582,聯發科元大97購02,0,0,0,0,0,0,0,0,0,110000,0,0,0,110000,0,110000,110000
060028,國揚永豐99購01  ,0,0,0,0,0,0,0,0,0,110000,0,0,0,110000,0,110000,110000
6202,盛群            ,385000,279000,106000,0,0,0,0,0,0,4000,1000,6000,-5000,9000,0,9000,110000
3029,零壹            ,156000,88000,68000,0,0,0,0,0,0,42000,43000,1000,42000,0,0,0,110000
062925,建準國票9B購01  ,0,0,0,0,0,0,0,0,0,109000,0,0,0,134000,25000,109000,109000
056507,創意永豐98購02  ,0,0,0,0,0,0,0,0,0,109000,0,0,0,110000,1000,109000,109000
056297,台光電元大97購04,0,0,0,0,0,0,0,0,0,109000,0,0,0,141000,32000,109000,109000
3583,辛耘            ,131000,16000,115000,0,0,0,0,0,0,-6000,0,6000,-6000,0,0,0,109000
062736,漢唐國票9B購01  ,0,0,0,0,0,0,0,0,0,108000,0,0,0,127000,19000,108000,108000
061938,大立光國票9B購03,0,0,0,0,0,0,0,0,0,108000,0,0,0,110000,2000,108000,108000
054273,宏達電中信98購01,0,0,0,0,0,0,0,0,0,108000,0,0,0,108000,0,108000,108000
055119,力成凱基98購01  ,0,0,0,0,0,0,0,0,0,108000,0,0,0,150000,42000,108000,108000
058766,力山兆豐99購01  ,0,0,0,0,0,0,0,0,0,108000,0,0,0,572000,464000,108000,108000
047564,滬深2X國票99購01,0,0,0,0,0,0,0,0,0,108000,0,0,0,110000,2000,108000,108000
1314,中石化          ,1381000,1319000,62000,0,0,0,0,0,0,46000,20000,13000,7000,71000,32000,39000,108000
06594P,立積元大98售01  ,0,0,0,0,0,0,0,0,0,108000,0,0,0,132000,24000,108000,108000
07906P,中租群益9B售02  ,0,0,0,0,0,0,0,0,0,108000,0,0,0,108000,0,108000,108000
5269,祥碩            ,224000,66424,157576,0,0,0,0,62000,-62000,12000,15000,6000,9000,5000,2000,3000,107576
062109,聯詠國票9C購01  ,0,0,0,0,0,0,0,0,0,107000,0,0,0,227000,120000,107000,107000
061124,微星永豐9A購02  ,0,0,0,0,0,0,0,0,0,107000,0,0,0,231000,124000,107000,107000
052342,茂林凱基96購01  ,0,0,0,0,0,0,0,0,0,107000,0,0,0,107000,0,107000,107000
056963,建準永豐98購01  ,0,0,0,0,0,0,0,0,0,107000,0,0,0,159000,52000,107000,107000
058182,日電貿國泰9A購01,0,0,0,0,0,0,0,0,0,107000,0,0,0,112000,5000,107000,107000
058104,國巨統一9A購04  ,0,0,0,0,0,0,0,0,0,107000,0,0,0,127000,20000,107000,107000
058498,世紀鋼群益99購01,0,0,0,0,0,0,0,0,0,107000,0,0,0,110000,3000,107000,107000
060934,台汽電永豐9A購02,0,0,0,0,0,0,0,0,0,106000,0,0,0,106000,0,106000,106000
062253,燿華元大9B購02  ,0,0,0,0,0,0,0,0,0,106000,0,0,0,265000,159000,106000,106000
062030,旭富群益9B購01  ,0,0,0,0,0,0,0,0,0,106000,0,0,0,126000,20000,106000,106000
055584,國巨元大97購11  ,0,0,0,0,0,0,0,0,0,106000,0,0,0,106000,0,106000,106000
046942,友達元大99購01  ,0,0,0,0,0,0,0,0,0,106000,0,0,0,106000,0,106000,106000
05878P,創意群益98售01  ,0,0,0,0,0,0,0,0,0,106000,0,0,0,106000,0,106000,106000
054735,漢唐凱基98購01  ,0,0,0,0,0,0,0,0,0,106000,0,0,0,126000,20000,106000,106000
056127,致新國票98購02  ,0,0,0,0,0,0,0,0,0,106000,0,0,0,662000,556000,106000,106000
5258,虹堡            ,96000,35000,61000,0,0,0,0,0,0,45000,45000,0,45000,0,0,0,106000
07953P,健策元大9B售07  ,0,0,0,0,0,0,0,0,0,106000,0,0,0,116000,10000,106000,106000
07389P,臺股指群益9C售08,0,0,0,0,0,0,0,0,0,106000,0,0,0,130000,24000,106000,106000
061907,裕隆中信9B購01  ,0,0,0,0,0,0,0,0,0,105000,0,0,0,107000,2000,105000,105000
062365,台光電元大9B購03,0,0,0,0,0,0,0,0,0,105000,0,0,0,147000,42000,105000,105000
062386,京鼎國泰9C購01  ,0,0,0,0,0,0,0,0,0,105000,0,0,0,105000,0,105000,105000
061031,神隆永豐9A購02  ,0,0,0,0,0,0,0,0,0,105000,0,0,0,221000,116000,105000,105000
061202,和大元大9A購02  ,0,0,0,0,0,0,0,0,0,105000,0,0,0,145000,40000,105000,105000
054540,泰鼎國票99購01  ,0,0,0,0,0,0,0,0,0,105000,0,0,0,107000,2000,105000,105000
059452,全新永豐99購03  ,0,0,0,0,0,0,0,0,0,105000,0,0,0,105000,0,105000,105000
060022,勤誠康和99購01  ,0,0,0,0,0,0,0,0,0,105000,0,0,0,115000,10000,105000,105000
057935,晶技群益98購02  ,0,0,0,0,0,0,0,0,0,105000,0,0,0,125000,20000,105000,105000
07468P,聯電元大9A售02  ,0,0,0,0,0,0,0,0,0,105000,0,0,0,334000,229000,105000,105000
07469P,台達電元大9A售01,0,0,0,0,0,0,0,0,0,105000,0,0,0,105000,0,105000,105000
07988P,台積電台新9C售03,0,0,0,0,0,0,0,0,0,105000,0,0,0,110000,5000,105000,105000
061634,遠東新元大9A購01,0,0,0,0,0,0,0,0,0,104000,0,0,0,197000,93000,104000,104000
061661,京鼎永豐9A購02  ,0,0,0,0,0,0,0,0,0,104000,0,0,0,124000,20000,104000,104000
058797,大毅元大99購03  ,0,0,0,0,0,0,0,0,0,104000,0,0,0,104000,0,104000,104000
052423,宏達電國票96購02,0,0,0,0,0,0,0,0,0,104000,0,0,0,104000,0,104000,104000
07834P,聯詠群益9A售03  ,0,0,0,0,0,0,0,0,0,104000,0,0,0,215000,111000,104000,104000
07845P,南亞科元大9A售08,0,0,0,0,0,0,0,0,0,104000,0,0,0,127000,23000,104000,104000
07514P,台積電元大9A售14,0,0,0,0,0,0,0,0,0,104000,0,0,0,106000,2000,104000,104000
1527,鑽全            ,132000,28000,104000,0,0,0,0,0,0,0,0,0,0,0,0,0,104000
060671,亞德客元大9A購03,0,0,0,0,0,0,0,0,0,103000,0,0,0,290000,187000,103000,103000
058812,台積電統一9B購06,0,0,0,0,0,0,0,0,0,103000,0,0,0,201000,98000,103000,103000
056083,億光統一97購03  ,0,0,0,0,0,0,0,0,0,103000,0,0,0,103000,0,103000,103000
057056,立積元大99購02  ,0,0,0,0,0,0,0,0,0,103000,0,0,0,103000,0,103000,103000
06025P,臺股指元大99售02,0,0,0,0,0,0,0,0,0,103000,0,0,0,162000,59000,103000,103000
060166,佐登永豐9A購01  ,0,0,0,0,0,0,0,0,0,103000,0,0,0,114000,11000,103000,103000
057234,宏達電凱基98購05,0,0,0,0,0,0,0,0,0,103000,0,0,0,136000,33000,103000,103000
058512,宏達電元大99購04,0,0,0,0,0,0,0,0,0,103000,0,0,0,176000,73000,103000,103000
056644,宏達電凱基98購04,0,0,0,0,0,0,0,0,0,103000,0,0,0,136000,33000,103000,103000
06801P,技嘉群益99售02  ,0,0,0,0,0,0,0,0,0,103000,0,0,0,103000,0,103000,103000
063112,祥碩兆豐9B購01  ,0,0,0,0,0,0,0,0,0,103000,0,0,0,103000,0,103000,103000
060764,華擎元大9A購03  ,0,0,0,0,0,0,0,0,0,102000,0,0,0,396000,294000,102000,102000
062370,華擎元大9B購01  ,0,0,0,0,0,0,0,0,0,102000,0,0,0,102000,0,102000,102000
062313,聯詠凱基9C購01  ,0,0,0,0,0,0,0,0,0,102000,0,0,0,200000,98000,102000,102000
062746,致伸永豐9B購01  ,0,0,0,0,0,0,0,0,0,102000,0,0,0,102000,0,102000,102000
055515,聚陽中信9A購01  ,0,0,0,0,0,0,0,0,0,102000,0,0,0,122000,20000,102000,102000
058720,旭富元富99購01  ,0,0,0,0,0,0,0,0,0,102000,0,0,0,102000,0,102000,102000
058081,技嘉群益9A購03  ,0,0,0,0,0,0,0,0,0,102000,0,0,0,102000,0,102000,102000
07640P,國巨群益9A售07  ,0,0,0,0,0,0,0,0,0,102000,0,0,0,102000,0,102000,102000
062597,世紀鋼統一01購01,0,0,0,0,0,0,0,0,0,101000,0,0,0,103000,2000,101000,101000
062567,祥碩中信9C購01  ,0,0,0,0,0,0,0,0,0,101000,0,0,0,248000,147000,101000,101000
062265,南茂元大9B購01  ,0,0,0,0,0,0,0,0,0,101000,0,0,0,208000,107000,101000,101000
062004,國巨國泰9C購03  ,0,0,0,0,0,0,0,0,0,101000,0,0,0,131000,30000,101000,101000
061645,超眾元大9A購06  ,0,0,0,0,0,0,0,0,0,101000,0,0,0,223000,122000,101000,101000
055456,上銀富邦99購01  ,0,0,0,0,0,0,0,0,0,101000,0,0,0,101000,0,101000,101000
055556,奇力新凱基98購03,0,0,0,0,0,0,0,0,0,101000,0,0,0,101000,0,101000,101000
057493,聯詠元大98購02  ,0,0,0,0,0,0,0,0,0,101000,0,0,0,158000,57000,101000,101000
06023P,超眾國票96售03  ,0,0,0,0,0,0,0,0,0,101000,0,0,0,112000,11000,101000,101000
058510,全新元大9B購02  ,0,0,0,0,0,0,0,0,0,101000,0,0,0,101000,0,101000,101000
059886,可成國票99購04  ,0,0,0,0,0,0,0,0,0,101000,0,0,0,418000,317000,101000,101000
059503,大立光富邦9B購04,0,0,0,0,0,0,0,0,0,101000,0,0,0,396000,295000,101000,101000
07983P,茂林群益9B售03  ,0,0,0,0,0,0,0,0,0,101000,0,0,0,101000,0,101000,101000
6141,柏承            ,140000,39000,101000,0,0,0,0,0,0,0,1000,1000,0,0,0,0,101000
06135P,志超元富97售01  ,0,0,0,0,0,0,0,0,0,100000,0,0,0,100000,0,100000,100000
060831,T50反1國票9B購03,0,0,0,0,0,0,0,0,0,100000,0,0,0,110000,10000,100000,100000
060745,京元電國票9A購01,0,0,0,0,0,0,0,0,0,100000,0,0,0,100000,0,100000,100000
060539,道瓊反凱基9A購01,0,0,0,0,0,0,0,0,0,100000,0,0,0,100000,0,100000,100000
061841,晶技凱基9C購01  ,0,0,0,0,0,0,0,0,0,100000,0,0,0,240000,140000,100000,100000
062887,台積電群益9C購05,0,0,0,0,0,0,0,0,0,100000,0,0,0,100000,0,100000,100000
054200,美律富邦97購02  ,0,0,0,0,0,0,0,0,0,100000,0,0,0,100000,0,100000,100000
056515,燿華兆豐99購01  ,0,0,0,0,0,0,0,0,0,100000,0,0,0,100000,0,100000,100000
053276,友達元大9C購01  ,0,0,0,0,0,0,0,0,0,100000,0,0,0,100000,0,100000,100000
053452,臺股指凱基97購01,0,0,0,0,0,0,0,0,0,100000,0,0,0,100000,0,100000,100000
053718,全新凱基97購02  ,0,0,0,0,0,0,0,0,0,100000,0,0,0,100000,0,100000,100000
051410,京元電國票96購01,0,0,0,0,0,0,0,0,0,100000,0,0,0,100000,0,100000,100000
056151,建準凱基97購01  ,0,0,0,0,0,0,0,0,0,100000,0,0,0,129000,29000,100000,100000
055890,鴻海統一99購01  ,0,0,0,0,0,0,0,0,0,100000,0,0,0,100000,0,100000,100000
05621P,聯電中信96售01  ,0,0,0,0,0,0,0,0,0,100000,0,0,0,100000,0,100000,100000
054538,台光電國票98購01,0,0,0,0,0,0,0,0,0,100000,0,0,0,208000,108000,100000,100000
055258,玉晶光統一97購03,0,0,0,0,0,0,0,0,0,100000,0,0,0,100000,0,100000,100000
058734,康友永豐99購01  ,0,0,0,0,0,0,0,0,0,100000,0,0,0,100000,0,100000,100000
057717,友訊元富98購02  ,0,0,0,0,0,0,0,0,0,100000,0,0,0,447000,347000,100000,100000
057533,晶相光元大98購02,0,0,0,0,0,0,0,0,0,100000,0,0,0,100000,0,100000,100000
059037,宏達電群益99購02,0,0,0,0,0,0,0,0,0,100000,0,0,0,162000,62000,100000,100000
059030,奇力新兆豐99購03,0,0,0,0,0,0,0,0,0,100000,0,0,0,100000,0,100000,100000
058661,臺股指中信9C購01,0,0,0,0,0,0,0,0,0,100000,0,0,0,100000,0,100000,100000
6224,聚鼎            ,13000,76000,-63000,0,0,0,0,0,0,163000,180000,17000,163000,0,0,0,100000
3311,閎暉            ,136000,36000,100000,0,0,0,0,0,0,0,0,0,0,0,0,0,100000
08097P,嘉澤永豐9B售03  ,0,0,0,0,0,0,0,0,0,100000,0,0,0,100000,0,100000,100000
07706P,長榮航元大9A售03,0,0,0,0,0,0,0,0,0,100000,0,0,0,100000,0,100000,100000
06900P,FBVIX國票12售01 ,0,0,0,0,0,0,0,0,0,100000,0,0,0,100000,0,100000,100000
07160P,台灣50中信03售04,0,0,0,0,0,0,0,0,0,100000,0,0,0,100000,0,100000,100000
062903,燿華元大9B購04  ,0,0,0,0,0,0,0,0,0,99000,0,0,0,275000,176000,99000,99000
061352,茂林元大9A購04  ,0,0,0,0,0,0,0,0,0,99000,0,0,0,99000,0,99000,99000
061592,義隆永豐9A購03  ,0,0,0,0,0,0,0,0,0,99000,0,0,0,123000,24000,99000,99000
055817,京鼎國票99購01  ,0,0,0,0,0,0,0,0,0,99000,0,0,0,99000,0,99000,99000
057707,臺股指群益98購07,0,0,0,0,0,0,0,0,0,99000,0,0,0,208000,109000,99000,99000
1447,力鵬            ,177000,78000,99000,0,0,0,0,0,0,0,0,0,0,0,0,0,99000
061708,同欣電國票9A購02,0,0,0,0,0,0,0,0,0,98000,0,0,0,125000,27000,98000,98000
061017,國泰金麥證9A購01,0,0,0,98000,0,98000,0,0,0,98000,0,0,0,98000,0,98000,98000
062281,奇鋐群益9B購01  ,0,0,0,0,0,0,0,0,0,98000,0,0,0,98000,0,98000,98000
055091,微星群益97購01  ,0,0,0,0,0,0,0,0,0,98000,0,0,0,98000,0,98000,98000
053999,台表科群益96購06,0,0,0,0,0,0,0,0,0,98000,0,0,0,98000,0,98000,98000
053189,聯發科統一96購05,0,0,0,0,0,0,0,0,0,98000,0,0,0,98000,0,98000,98000
057720,日電貿元富98購01,0,0,0,0,0,0,0,0,0,98000,0,0,0,98000,0,98000,98000
059039,致伸群益99購01  ,0,0,0,0,0,0,0,0,0,98000,0,0,0,98000,0,98000,98000
057937,神達群益98購02  ,0,0,0,0,0,0,0,0,0,98000,0,0,0,98000,0,98000,98000
9941,裕融            ,86000,12000,74000,0,0,0,0,0,0,24000,24000,0,24000,0,0,0,98000
06779P,智邦元大98售12  ,0,0,0,0,0,0,0,0,0,98000,0,0,0,105000,7000,98000,98000
062181,義隆元大9B購03  ,0,0,0,0,0,0,0,0,0,97000,0,0,0,157000,60000,97000,97000
061776,晶技國票9B購01  ,0,0,0,0,0,0,0,0,0,97000,0,0,0,97000,0,97000,97000
061340,義隆元大9A購01  ,0,0,0,0,0,0,0,0,0,97000,0,0,0,147000,50000,97000,97000
061183,友達國泰9B購02  ,0,0,0,0,0,0,0,0,0,97000,0,0,0,235000,138000,97000,97000
055377,揚明光元大98購01,0,0,0,0,0,0,0,0,0,97000,0,0,0,100000,3000,97000,97000
05052P,友達群益97售01  ,0,0,0,0,0,0,0,0,0,97000,0,0,0,187000,90000,97000,97000
058904,晶技元大99購05  ,0,0,0,0,0,0,0,0,0,97000,0,0,0,97000,0,97000,97000
059076,FBVIX元大99購04 ,0,0,0,0,0,0,0,0,0,97000,0,0,0,100000,3000,97000,97000
057323,智邦群益98購01  ,0,0,0,0,0,0,0,0,0,97000,0,0,0,109000,12000,97000,97000
056576,晶技元大99購02  ,0,0,0,0,0,0,0,0,0,97000,0,0,0,127000,30000,97000,97000
058707,泰鼎元大99購02  ,0,0,0,0,0,0,0,0,0,97000,0,0,0,132000,35000,97000,97000
057672,茂林元大98購02  ,0,0,0,0,0,0,0,0,0,97000,0,0,0,100000,3000,97000,97000
07451P,鴻海元大9B售01  ,0,0,0,0,0,0,0,0,0,97000,0,0,0,120000,23000,97000,97000
07252P,台灣50凱基99售01,0,0,0,0,0,0,0,0,0,97000,0,0,0,104000,7000,97000,97000
1414,東和            ,99000,2000,97000,0,0,0,0,0,0,0,0,0,0,0,0,0,97000
061138,晶技統一9C購01  ,0,0,0,0,0,0,0,0,0,96000,0,0,0,106000,10000,96000,96000
061026,南電富邦9B購01  ,0,0,0,0,0,0,0,0,0,96000,0,0,0,340000,244000,96000,96000
060753,上銀元大9A購05  ,0,0,0,0,0,0,0,0,0,96000,0,0,0,96000,0,96000,96000
00654R,富邦印度反1     ,32000,2000,30000,0,0,0,0,0,0,66000,0,0,0,84000,18000,66000,96000
00663L,國泰臺灣加權正2 ,30000,0,30000,0,0,0,0,0,0,66000,0,0,0,172000,106000,66000,96000
053742,創意國票97購01  ,0,0,0,0,0,0,0,0,0,96000,0,0,0,134000,38000,96000,96000
04462P,全新元富96售01  ,0,0,0,0,0,0,0,0,0,96000,0,0,0,96000,0,96000,96000
052893,聯電群益98購01  ,0,0,0,0,0,0,0,0,0,96000,0,0,0,114000,18000,96000,96000
058514,潤泰全元大99購01,0,0,0,0,0,0,0,0,0,96000,0,0,0,410000,314000,96000,96000
059827,晶技凱基99購03  ,0,0,0,0,0,0,0,0,0,96000,0,0,0,96000,0,96000,96000
057370,可成元大98購07  ,0,0,0,0,0,0,0,0,0,96000,0,0,0,118000,22000,96000,96000
058016,智邦凱基98購06  ,0,0,0,0,0,0,0,0,0,96000,0,0,0,98000,2000,96000,96000
060111,臻鼎元大99購04  ,0,0,0,0,0,0,0,0,0,96000,0,0,0,96000,0,96000,96000
1809,中釉            ,102000,6000,96000,0,0,0,0,0,0,0,0,0,0,0,0,0,96000
06878P,台灣50日盛9B售01,0,0,0,0,0,0,0,0,0,96000,0,0,0,143000,47000,96000,96000
060670,臺指反元大01購03,0,0,0,0,0,0,0,0,0,95000,0,0,0,95000,0,95000,95000
060599,國巨凱基9C購01  ,0,0,0,0,0,0,0,0,0,95000,0,0,0,124000,29000,95000,95000
060627,國巨國泰9B購05  ,0,0,0,0,0,0,0,0,0,95000,0,0,0,98000,3000,95000,95000
062185,禾伸堂元大9B購01,0,0,0,0,0,0,0,0,0,95000,0,0,0,100000,5000,95000,95000
062834,立積群益9B購02  ,0,0,0,0,0,0,0,0,0,95000,0,0,0,157000,62000,95000,95000
053082,聯電元大98購03  ,0,0,0,0,0,0,0,0,0,95000,0,0,0,100000,5000,95000,95000
052858,華通凱基97購02  ,0,0,0,0,0,0,0,0,0,95000,0,0,0,95000,0,95000,95000
03682C,臺股指凱基9C牛07,0,0,0,0,0,0,0,0,0,95000,0,0,0,165000,70000,95000,95000
058773,和碩兆豐99購01  ,0,0,0,0,0,0,0,0,0,95000,0,0,0,106000,11000,95000,95000
056364,亞光元大99購02  ,0,0,0,0,0,0,0,0,0,95000,0,0,0,155000,60000,95000,95000
057303,喬山兆豐99購01  ,0,0,0,0,0,0,0,0,0,95000,0,0,0,100000,5000,95000,95000
057188,佐登元大98購01  ,0,0,0,0,0,0,0,0,0,95000,0,0,0,95000,0,95000,95000
059120,致伸永豐99購01  ,0,0,0,0,0,0,0,0,0,95000,0,0,0,95000,0,95000,95000
07825P,健策國泰9B售04  ,0,0,0,0,0,0,0,0,0,95000,0,0,0,128000,33000,95000,95000
08092P,仁寶元富9B售02  ,0,0,0,0,0,0,0,0,0,95000,0,0,0,105000,10000,95000,95000
6669,緯穎            ,262000,256560,5440,0,0,0,35000,0,35000,54000,48000,16000,32000,28000,6000,22000,94440
060987,華新科元大9A購11,0,0,0,0,0,0,0,0,0,94000,0,0,0,150000,56000,94000,94000
056352,鴻海元大99購01  ,0,0,0,0,0,0,0,0,0,94000,0,0,0,104000,10000,94000,94000
053959,晶豪科永豐96購02,0,0,0,0,0,0,0,0,0,94000,0,0,0,139000,45000,94000,94000
059529,華新科凱基9A購04,0,0,0,0,0,0,0,0,0,94000,0,0,0,100000,6000,94000,94000
3617,碩天            ,101000,10000,91000,0,0,0,0,0,0,3000,0,0,0,5000,2000,3000,94000
2547,日勝生          ,352000,258000,94000,0,0,0,0,0,0,0,0,0,0,0,0,0,94000
07627P,超眾凱基9A售02  ,0,0,0,0,0,0,0,0,0,94000,0,0,0,119000,25000,94000,94000
063185,聯發科凱基9C購03,0,0,0,0,0,0,0,0,0,94000,0,0,0,114000,20000,94000,94000
060582,玉晶光群益9C購01,0,0,0,0,0,0,0,0,0,93000,0,0,0,98000,5000,93000,93000
060667,力成凱基9A購01  ,0,0,0,0,0,0,0,0,0,93000,0,0,0,230000,137000,93000,93000
060485,華新科富邦9C購04,0,0,0,0,0,0,0,0,0,93000,0,0,0,93000,0,93000,93000
061423,廣達元大9A購01  ,0,0,0,0,0,0,0,0,0,93000,0,0,0,234000,141000,93000,93000
061453,台達電凱基9B購01,0,0,0,0,0,0,0,0,0,93000,0,0,0,93000,0,93000,93000
057674,台郡元大99購03  ,0,0,0,0,0,0,0,0,0,93000,0,0,0,279000,186000,93000,93000
058505,台積電元大99購08,0,0,0,0,0,0,0,0,0,93000,0,0,0,210000,117000,93000,93000
057578,可成中信99購01  ,0,0,0,0,0,0,0,0,0,93000,0,0,0,211000,118000,93000,93000
063147,東元元富9B購01  ,0,0,0,0,0,0,0,0,0,93000,0,0,0,158000,65000,93000,93000
07943P,瑞昱元大9B售02  ,0,0,0,0,0,0,0,0,0,93000,0,0,0,93000,0,93000,93000
8131,福懋科          ,132000,44000,88000,0,0,0,0,0,0,5000,0,0,0,7000,2000,5000,93000
061526,宏達電凱基9A購04,0,0,0,0,0,0,0,0,0,92000,0,0,0,111000,19000,92000,92000
054101,茂林國票97購04  ,0,0,0,0,0,0,0,0,0,92000,0,0,0,92000,0,92000,92000
059275,可成元大99購05  ,0,0,0,0,0,0,0,0,0,92000,0,0,0,139000,47000,92000,92000
060043,全新群益9B購02  ,0,0,0,0,0,0,0,0,0,92000,0,0,0,235000,143000,92000,92000
060262,臺股指凱基9B購02,0,0,0,0,0,0,0,0,0,92000,0,0,0,174000,82000,92000,92000
061589,世紀鋼富邦9B購01,0,0,0,0,0,0,0,0,0,91000,0,0,0,120000,29000,91000,91000
061274,臺股指凱基9A購24,0,0,0,0,0,0,0,0,0,91000,0,0,0,121000,30000,91000,91000
062615,亞德客元大9B購02,0,0,0,0,0,0,0,0,0,91000,0,0,0,201000,110000,91000,91000
00656R,國泰中國A50反1  ,0,27000,-27000,0,0,0,0,0,0,118000,0,0,0,134000,16000,118000,91000
00728,第一金工業30    ,0,0,0,0,0,0,0,0,0,91000,0,0,0,293000,202000,91000,91000
05626P,景碩國票97售03  ,0,0,0,0,0,0,0,0,0,91000,0,0,0,121000,30000,91000,91000
058820,致茂國泰9B購01  ,0,0,0,0,0,0,0,0,0,91000,0,0,0,97000,6000,91000,91000
060103,聯詠元大99購01  ,0,0,0,0,0,0,0,0,0,91000,0,0,0,295000,204000,91000,91000
060171,宏達電台新9A購01,0,0,0,0,0,0,0,0,0,91000,0,0,0,129000,38000,91000,91000
057147,新日興國票99購01,0,0,0,0,0,0,0,0,0,91000,0,0,0,94000,3000,91000,91000
057374,禾伸堂元大99購03,0,0,0,0,0,0,0,0,0,91000,0,0,0,126000,35000,91000,91000
057539,南茂元大98購02  ,0,0,0,0,0,0,0,0,0,91000,0,0,0,368000,277000,91000,91000
058972,新日興永豐9A購01,0,0,0,0,0,0,0,0,0,91000,0,0,0,91000,0,91000,91000
07730P,臺股指凱基9A售22,0,0,0,0,0,0,0,0,0,91000,0,0,0,130000,39000,91000,91000
062274,台積電群益9B購04,0,0,0,0,0,0,0,0,0,90000,0,0,0,90000,0,90000,90000
060489,世紀鋼群益9A購01,0,0,0,0,0,0,0,0,0,90000,0,0,0,90000,0,90000,90000
060993,健策元大9B購03  ,0,0,0,0,0,0,0,0,0,90000,0,0,0,279000,189000,90000,90000
058795,可成元大99購03  ,0,0,0,0,0,0,0,0,0,90000,0,0,0,91000,1000,90000,90000
054532,強茂國泰98購01  ,0,0,0,0,0,0,0,0,0,90000,0,0,0,90000,0,90000,90000
054923,晶技凱基98購01  ,0,0,0,0,0,0,0,0,0,90000,0,0,0,100000,10000,90000,90000
02001L,富邦蘋果正二N   ,0,0,0,0,0,0,0,0,0,90000,0,0,0,92000,2000,90000,90000
051843,聯發科富邦99購01,0,0,0,0,0,0,0,0,0,90000,0,0,0,90000,0,90000,90000
053728,茂林凱基97購01  ,0,0,0,0,0,0,0,0,0,90000,0,0,0,90000,0,90000,90000
052619,茂林國泰99購01  ,0,0,0,0,0,0,0,0,0,90000,0,0,0,180000,90000,90000,90000
053186,健策中信9C購01  ,0,0,0,0,0,0,0,0,0,90000,0,0,0,333000,243000,90000,90000
057135,立積凱基98購01  ,0,0,0,0,0,0,0,0,0,90000,0,0,0,90000,0,90000,90000
060026,聯發科富邦9B購05,0,0,0,0,0,0,0,0,0,90000,0,0,0,90000,0,90000,90000
061029,力山永豐9A購01  ,0,0,0,0,0,0,0,0,0,89000,0,0,0,92000,3000,89000,89000
060409,味全永豐9A購01  ,0,0,0,0,0,0,0,0,0,89000,0,0,0,89000,0,89000,89000
060752,上銀元大9A購04  ,0,0,0,0,0,0,0,0,0,89000,0,0,0,147000,58000,89000,89000
061261,台積電凱基9B購03,0,0,0,0,0,0,0,0,0,89000,0,0,0,89000,0,89000,89000
061574,大毅元大9B購01  ,0,0,0,0,0,0,0,0,0,89000,0,0,0,89000,0,89000,89000
061926,晶技凱基9B購02  ,0,0,0,0,0,0,0,0,0,89000,0,0,0,110000,21000,89000,89000
062944,茂林凱基9B購02  ,0,0,0,0,0,0,0,0,0,89000,0,0,0,89000,0,89000,89000
053294,聯發科中信9C購01,0,0,0,0,0,0,0,0,0,89000,0,0,0,371000,282000,89000,89000
058836,FBVIX中信03購05 ,0,0,0,0,0,0,0,0,0,89000,0,0,0,184000,95000,89000,89000
056448,全新凱基99購01  ,0,0,0,0,0,0,0,0,0,89000,0,0,0,89000,0,89000,89000
055708,茂林永豐97購02  ,0,0,0,0,0,0,0,0,0,89000,0,0,0,89000,0,89000,89000
060025,台積電富邦9C購06,0,0,0,0,0,0,0,0,0,89000,0,0,0,90000,1000,89000,89000
060131,GIS永豐99購03   ,0,0,0,0,0,0,0,0,0,89000,0,0,0,94000,5000,89000,89000
057289,力成元大98購03  ,0,0,0,0,0,0,0,0,0,89000,0,0,0,174000,85000,89000,89000
058722,台郡元富99購01  ,0,0,0,0,0,0,0,0,0,89000,0,0,0,578000,489000,89000,89000
056786,亞光群益98購03  ,0,0,0,0,0,0,0,0,0,89000,0,0,0,196000,107000,89000,89000
06933P,禾伸堂元大98售03,0,0,0,0,0,0,0,0,0,89000,0,0,0,190000,101000,89000,89000
6443,元晶            ,99000,10000,89000,0,0,0,0,0,0,0,0,0,0,0,0,0,89000
3047,訊舟            ,95000,6000,89000,0,0,0,0,0,0,0,0,0,0,0,0,0,89000
3545,敦泰            ,884000,795900,88100,0,0,0,0,0,0,0,0,0,0,0,0,0,88100
062441,華新科元大9C購01,0,0,0,0,0,0,0,0,0,88000,0,0,0,88000,0,88000,88000
061832,聯發科凱基9B購06,0,0,0,0,0,0,0,0,0,88000,0,0,0,91000,3000,88000,88000
062088,緯穎元大9B購04  ,0,0,0,0,0,0,0,0,0,88000,0,0,0,107000,19000,88000,88000
062286,台郡群益9B購01  ,0,0,0,0,0,0,0,0,0,88000,0,0,0,322000,234000,88000,88000
056230,可成凱基98購03  ,0,0,0,0,0,0,0,0,0,88000,0,0,0,213000,125000,88000,88000
058408,華通兆豐99購02  ,0,0,0,0,0,0,0,0,0,88000,0,0,0,217000,129000,88000,88000
05956P,漢唐國票96售02  ,0,0,0,0,0,0,0,0,0,88000,0,0,0,88000,0,88000,88000
06002P,華通康和96售01  ,0,0,0,0,0,0,0,0,0,88000,0,0,0,95000,7000,88000,88000
060265,宏達電國票9A購02,0,0,0,0,0,0,0,0,0,88000,0,0,0,115000,27000,88000,88000
060246,晶相光元大9C購03,0,0,0,0,0,0,0,0,0,88000,0,0,0,88000,0,88000,88000
3056,總太            ,292000,248000,44000,0,0,0,0,0,0,44000,44000,0,44000,0,0,0,88000
07146P,瑞昱元大99售02  ,0,0,0,0,0,0,0,0,0,88000,0,0,0,208000,120000,88000,88000
062604,東元凱基9B購01  ,0,0,0,0,0,0,0,0,0,87000,0,0,0,102000,15000,87000,87000
061190,力山永豐9A購02  ,0,0,0,0,0,0,0,0,0,87000,0,0,0,117000,30000,87000,87000
057967,聯發科國泰9A購02,0,0,0,0,0,0,0,0,0,87000,0,0,0,87000,0,87000,87000
06960P,國巨凱基99售08  ,0,0,0,0,0,0,0,0,0,87000,0,0,0,87000,0,87000,87000
08047P,臺股指國票9B售12,0,0,0,0,0,0,0,0,0,87000,0,0,0,120000,33000,87000,87000
061570,瑞昱元大9A購05  ,0,0,0,0,0,0,0,0,0,86000,0,0,0,128000,42000,86000,86000
062643,緯穎國票9B購01  ,0,0,0,0,0,0,0,0,0,86000,0,0,0,116000,30000,86000,86000
062228,南六統一02購01  ,0,0,0,0,0,0,0,0,0,86000,0,0,0,196000,110000,86000,86000
056133,可成元大97購05  ,0,0,0,0,0,0,0,0,0,86000,0,0,0,97000,11000,86000,86000
059526,鴻海凱基99購12  ,0,0,0,0,0,0,0,0,0,86000,0,0,0,174000,88000,86000,86000
058560,T50反1凱基9A購04,0,0,0,0,0,0,0,0,0,86000,0,0,0,86000,0,86000,86000
063120,台光電元大9C購01,0,0,0,0,0,0,0,0,0,86000,0,0,0,173000,87000,86000,86000
2838,聯邦銀          ,222000,136000,86000,0,0,0,0,0,0,0,0,0,0,0,0,0,86000
4576,大銀微系統      ,113000,21150,91850,0,0,0,0,0,0,-6000,0,6000,-6000,0,0,0,85850
062396,華通永豐9B購01  ,0,0,0,0,0,0,0,0,0,85000,0,0,0,85000,0,85000,85000
062880,大立光兆豐9B購02,0,0,0,0,0,0,0,0,0,85000,0,0,0,85000,0,85000,85000
061588,聯發科富邦9B購07,0,0,0,0,0,0,0,0,0,85000,0,0,0,85000,0,85000,85000
060786,聯發科富邦9B購06,0,0,0,0,0,0,0,0,0,85000,0,0,0,86000,1000,85000,85000
059054,國巨凱基99購11  ,0,0,0,0,0,0,0,0,0,85000,0,0,0,90000,5000,85000,85000
053159,同欣電元大96購02,0,0,0,0,0,0,0,0,0,85000,0,0,0,100000,15000,85000,85000
052888,台表科中信9A購01,0,30000,-30000,0,0,0,0,0,0,115000,0,0,0,115000,0,115000,85000
053782,京元電元大98購02,0,0,0,0,0,0,0,0,0,85000,0,0,0,120000,35000,85000,85000
058112,神達元富98購01  ,0,0,0,0,0,0,0,0,0,85000,0,0,0,85000,0,85000,85000
06728P,全新元大98售03  ,0,0,0,0,0,0,0,0,0,85000,0,0,0,99000,14000,85000,85000
060761,南亞科元大9A購05,0,0,0,0,0,0,0,0,0,84000,0,0,0,94000,10000,84000,84000
062205,奇力新國票9C購01,0,0,0,0,0,0,0,0,0,84000,0,0,0,84000,0,84000,84000
062036,致新群益9B購01  ,0,0,0,0,0,0,0,0,0,84000,0,0,0,242000,158000,84000,84000
061829,T50反1凱基9C購02,0,0,0,0,0,0,0,0,0,84000,0,0,0,84000,0,84000,84000
042792,T50反1台新9C購01,0,0,0,0,0,0,0,0,0,84000,0,0,0,84000,0,84000,84000
054265,GIS元大96購03   ,0,0,0,0,0,0,0,0,0,84000,0,0,0,211000,127000,84000,84000
058207,南茂凱基99購01  ,0,0,0,0,0,0,0,0,0,84000,0,0,0,115000,31000,84000,84000
2809,京城銀          ,452000,419000,33000,0,0,0,0,0,0,51000,51000,0,51000,0,0,0,84000
062700,台光電元大9B購05,0,0,0,0,0,0,0,0,0,83000,0,0,0,128000,45000,83000,83000
061040,康友永豐9A購01  ,0,0,0,0,0,0,0,0,0,83000,0,0,0,83000,0,83000,83000
060705,台光電富邦9B購01,0,0,0,0,0,0,0,0,0,83000,0,0,0,169000,86000,83000,83000
061169,GIS兆豐9A購01   ,0,0,0,0,0,0,0,0,0,83000,0,0,0,207000,124000,83000,83000
056525,T50反1凱基99購06,0,0,0,0,0,0,0,0,0,83000,0,0,0,83000,0,83000,83000
057955,技嘉元大98購07  ,0,0,0,0,0,0,0,0,0,83000,0,0,0,103000,20000,83000,83000
059480,美律群益9A購01  ,0,0,0,0,0,0,0,0,0,83000,0,0,0,448000,365000,83000,83000
056783,國巨群益99購01  ,0,0,0,0,0,0,0,0,0,83000,0,0,0,117000,34000,83000,83000
1472,三洋紡          ,94000,11000,83000,0,0,0,0,0,0,0,0,0,0,0,0,0,83000
06934P,聯鈞元大98售03  ,0,0,0,0,0,0,0,0,0,83000,0,0,0,83000,0,83000,83000
07046P,大立光富邦9C售03,0,0,0,0,0,0,0,0,0,83000,0,0,0,96000,13000,83000,83000
07838P,泰碩元大9A售04  ,0,0,0,0,0,0,0,0,0,83000,0,0,0,129000,46000,83000,83000
07520P,臺股指元大9B售11,0,0,0,0,0,0,0,0,0,83000,0,0,0,83000,0,83000,83000
061484,華通兆豐9B購01  ,0,0,0,0,0,0,0,0,0,82000,0,0,0,101000,19000,82000,82000
061486,國巨兆豐9B購02  ,0,0,0,0,0,0,0,0,0,82000,0,0,0,109000,27000,82000,82000
060695,同欣電麥證9A購01,0,0,0,162000,80000,82000,0,0,0,82000,0,0,0,162000,80000,82000,82000
061072,南電凱基9B購01  ,0,0,0,0,0,0,0,0,0,82000,0,0,0,102000,20000,82000,82000
060928,明泰永豐9A購01  ,0,0,0,0,0,0,0,0,0,82000,0,0,0,82000,0,82000,82000
03603P,群創凱基98售04  ,0,0,0,0,0,0,0,0,0,82000,0,0,0,82000,0,82000,82000
054789,高鐵群益98購01  ,0,0,0,0,0,0,0,0,0,82000,0,0,0,222000,140000,82000,82000
054582,致新元大97購01  ,0,0,0,0,0,0,0,0,0,82000,0,0,0,195000,113000,82000,82000
054894,GIS統一97購01   ,0,0,0,0,0,0,0,0,0,82000,0,0,0,664000,582000,82000,82000
055176,大毅統一98購02  ,0,0,0,0,0,0,0,0,0,82000,0,0,0,94000,12000,82000,82000
059295,大立光元富99購05,0,0,0,0,0,0,0,0,0,82000,0,0,0,182000,100000,82000,82000
057725,台達電國泰9A購01,0,0,0,0,0,0,0,0,0,82000,0,0,0,166000,84000,82000,82000
058145,聯茂元大99購03  ,0,0,0,0,0,0,0,0,0,82000,0,0,0,103000,21000,82000,82000
07835P,台表科群益9A售02,0,0,0,0,0,0,0,0,0,82000,0,0,0,190000,108000,82000,82000
060787,奇力新富邦9A購01,0,0,0,0,0,0,0,0,0,81000,0,0,0,81000,0,81000,81000
062470,智邦凱基9C購01  ,0,0,0,0,0,0,0,0,0,81000,0,0,0,121000,40000,81000,81000
062994,祥碩群益9B購05  ,0,0,0,0,0,0,0,0,0,81000,0,0,0,86000,5000,81000,81000
062178,上銀元大9B購03  ,0,0,0,0,0,0,0,0,0,81000,0,0,0,184000,103000,81000,81000
054559,台光電群益99購01,0,0,0,0,0,0,0,0,0,81000,0,0,0,133000,52000,81000,81000
056417,欣興中信98購01  ,0,0,0,0,0,0,0,0,0,81000,0,0,0,131000,50000,81000,81000
00686R,群益臺灣加權反1 ,0,0,0,0,0,0,0,0,0,81000,0,0,0,346000,265000,81000,81000
051503,玉晶光統一97購01,0,0,0,0,0,0,0,0,0,81000,0,0,0,153000,72000,81000,81000
058005,茂林群益98購04  ,0,0,0,0,0,0,0,0,0,81000,0,0,0,91000,10000,81000,81000
2010,春源            ,102000,21000,81000,0,0,0,0,0,0,0,0,0,0,0,0,0,81000
4722,國精化          ,93000,15000,78000,0,0,0,0,0,0,3000,3000,0,3000,0,0,0,81000
6209,今國光          ,205000,125000,80000,0,0,0,0,0,0,1000,1000,0,1000,0,0,0,81000
6672,騰輝電子-KY     ,141000,60000,81000,0,0,0,0,0,0,0,0,0,0,0,0,0,81000
063046,聯發科兆豐9C購01,0,0,0,0,0,0,0,0,0,80000,0,0,0,80000,0,80000,80000
060619,玉晶光元大9A購03,0,0,0,0,0,0,0,0,0,80000,0,0,0,90000,10000,80000,80000
060525,台積電中信01購04,0,0,0,0,0,0,0,0,0,80000,0,0,0,82000,2000,80000,80000
06172P,台虹永豐97售02  ,0,0,0,0,0,0,0,0,0,80000,0,0,0,80000,0,80000,80000
049947,S&P反1中信97購01,0,0,0,0,0,0,0,0,0,80000,0,0,0,80000,0,80000,80000
051321,建準國票96購01  ,0,0,0,0,0,0,0,0,0,80000,0,0,0,80000,0,80000,80000
055457,聚陽永豐97購01  ,0,0,0,0,0,0,0,0,0,80000,0,0,0,80000,0,80000,80000
055555,全新凱基9A購01  ,0,0,0,0,0,0,0,0,0,80000,0,0,0,80000,0,80000,80000
054104,T50反1凱基9A購02,0,0,0,0,0,0,0,0,0,80000,0,0,0,80000,0,80000,80000
055382,台郡元大99購01  ,0,0,0,0,0,0,0,0,0,80000,0,0,0,80000,0,80000,80000
055421,玉晶光永豐98購04,0,0,0,0,0,0,0,0,0,80000,0,0,0,100000,20000,80000,80000
053035,台表科兆豐97購01,0,0,0,0,0,0,0,0,0,80000,0,0,0,80000,0,80000,80000
053256,上銀富邦98購01  ,0,0,0,0,0,0,0,0,0,80000,0,0,0,80000,0,80000,80000
053443,智邦凱基97購01  ,0,0,0,0,0,0,0,0,0,80000,0,0,0,82000,2000,80000,80000
055777,冠德凱基97購01  ,0,0,0,0,0,0,0,0,0,80000,0,0,0,80000,0,80000,80000
054523,GIS元大96購05   ,0,0,0,0,0,0,0,0,0,80000,0,0,0,101000,21000,80000,80000
055316,上銀國票98購01  ,0,0,0,0,0,0,0,0,0,80000,0,0,0,90000,10000,80000,80000
056556,南電凱基98購01  ,0,0,0,0,0,0,0,0,0,80000,0,0,0,80000,0,80000,80000
058944,元石油群益9C購02,0,0,0,0,0,0,0,0,0,80000,0,0,0,80000,0,80000,80000
060195,旭富元富9A購02  ,0,0,0,0,0,0,0,0,0,80000,0,0,0,80000,0,80000,80000
058122,美律國票9A購01  ,0,0,0,0,0,0,0,0,0,80000,0,0,0,96000,16000,80000,80000
057762,全新凱基99購03  ,0,0,0,0,0,0,0,0,0,80000,0,0,0,80000,0,80000,80000
058575,智邦群益99購01  ,0,0,0,0,0,0,0,0,0,80000,0,0,0,80000,0,80000,80000
059706,嘉晶凱基99購01  ,0,0,0,0,0,0,0,0,0,80000,0,0,0,80000,0,80000,80000
059262,致茂中信01購01  ,0,0,0,0,0,0,0,0,0,80000,0,0,0,80000,0,80000,80000
061560,友達國票9B購01  ,0,0,0,0,0,0,0,0,0,79000,0,0,0,141000,62000,79000,79000
061354,瑞儀元大9A購01  ,0,0,0,0,0,0,0,0,0,79000,0,0,0,84000,5000,79000,79000
060865,創意永豐9A購01  ,0,0,0,0,0,0,0,0,0,79000,0,0,0,79000,0,79000,79000
060871,台灣50中信01購03,0,0,0,0,0,0,0,0,0,79000,0,0,0,140000,61000,79000,79000
063017,台光電元大9B購07,0,0,0,0,0,0,0,0,0,79000,0,0,0,109000,30000,79000,79000
062557,台光電凱基9B購02,0,0,0,0,0,0,0,0,0,79000,0,0,0,346000,267000,79000,79000
062375,祥碩元大9B購03  ,0,0,0,0,0,0,0,0,0,79000,0,0,0,81000,2000,79000,79000
056488,致新元大99購01  ,0,0,0,0,0,0,0,0,0,79000,0,0,0,274000,195000,79000,79000
051561,玉晶光國泰97購04,0,0,0,0,0,0,0,0,0,79000,0,0,0,302000,223000,79000,79000
053932,華新科統一96購03,0,0,0,0,0,0,0,0,0,79000,0,0,0,79000,0,79000,79000
056900,可成元大98購02  ,0,0,0,0,0,0,0,0,0,79000,0,0,0,89000,10000,79000,79000
058727,嘉晶富邦9A購01  ,0,0,0,0,0,0,0,0,0,79000,0,0,0,300000,221000,79000,79000
056714,晶相光永豐98購02,0,0,0,0,0,0,0,0,0,79000,0,0,0,79000,0,79000,79000
057022,智邦凱基98購04  ,0,0,0,0,0,0,0,0,0,79000,0,0,0,79000,0,79000,79000
5434,崇越            ,393000,317000,76000,0,0,0,0,0,0,3000,5000,0,5000,0,2000,-2000,79000
063118,中鋼元大9C購01  ,0,0,0,0,0,0,0,0,0,79000,0,0,0,100000,21000,79000,79000
4977,眾達-KY         ,296130,581000,-284870,0,0,0,346000,0,346000,17000,24000,0,24000,0,7000,-7000,78130
062219,燿華統一9B購01  ,0,0,0,0,0,0,0,0,0,78000,0,0,0,1219000,1141000,78000,78000
062875,瑞昱兆豐9C購01  ,0,0,0,0,0,0,0,0,0,78000,0,0,0,89000,11000,78000,78000
061651,世紀鋼元大9C購02,0,0,0,0,0,0,0,0,0,78000,0,0,0,93000,15000,78000,78000
00730,富邦臺灣優質高息,0,0,0,0,0,0,0,0,0,78000,0,0,0,384000,306000,78000,78000
053627,宏碁兆豐97購01  ,0,0,0,0,0,0,0,0,0,78000,0,0,0,78000,0,78000,78000
053565,台光電富邦98購01,0,0,0,0,0,0,0,0,0,78000,0,0,0,78000,0,78000,78000
059059,宏達電凱基99購03,0,0,0,0,0,0,0,0,0,78000,0,0,0,88000,10000,78000,78000
056304,創意元大97購03  ,0,0,0,0,0,0,0,0,0,78000,0,0,0,78000,0,78000,78000
058025,聯茂國泰99購01  ,0,0,0,0,0,0,0,0,0,78000,0,0,0,78000,0,78000,78000
057329,緯穎群益98購02  ,90000,0,90000,0,0,0,0,0,0,-12000,0,0,0,125000,137000,-12000,78000
057490,可成元大98購10  ,0,0,0,0,0,0,0,0,0,78000,0,0,0,78000,0,78000,78000
057140,宏達電兆豐98購01,0,0,0,0,0,0,0,0,0,78000,0,0,0,78000,0,78000,78000
057525,光磊元大99購01  ,0,0,0,0,0,0,0,0,0,78000,0,0,0,181000,103000,78000,78000
059016,晶相光元富99購03,0,0,0,0,0,0,0,0,0,78000,0,0,0,78000,0,78000,78000
059623,聯電凱基99購02  ,0,0,0,0,0,0,0,0,0,78000,0,0,0,88000,10000,78000,78000
06486P,麗豐元大98售02  ,0,0,0,0,0,0,0,0,0,78000,0,0,0,495000,417000,78000,78000
060864,可成永豐9A購01  ,0,0,0,0,0,0,0,0,0,77000,0,0,0,135000,58000,77000,77000
062703,可成元大9C購02  ,0,0,0,0,0,0,0,0,0,77000,0,0,0,168000,91000,77000,77000
057176,全新元大99購02  ,0,0,0,0,0,0,0,0,0,77000,0,0,0,77000,0,77000,77000
058142,瑞儀元大99購01  ,0,0,0,0,0,0,0,0,0,77000,0,0,0,77000,0,77000,77000
060211,智邦康和9A購01  ,0,0,0,0,0,0,0,0,0,77000,0,0,0,77000,0,77000,77000
6558,興能高          ,199000,122000,77000,0,0,0,0,0,0,0,0,0,0,0,0,0,77000
6670,復盛應用        ,133000,78000,55000,0,0,0,0,0,0,22000,68000,48000,20000,3000,1000,2000,77000
2228,劍麟            ,114000,40000,74000,0,0,0,0,0,0,3000,0,0,0,4000,1000,3000,77000
1702,南僑            ,133000,56000,77000,0,0,0,0,0,0,0,0,0,0,0,0,0,77000
1513,中興電          ,423000,235000,188000,0,0,0,0,0,0,-111000,0,111000,-111000,0,0,0,77000
2851,中再保          ,77000,0,77000,0,0,0,0,0,0,0,0,0,0,0,0,0,77000
06059P,泰碩元大97售02  ,0,0,0,0,0,0,0,0,0,76000,0,0,0,76000,0,76000,76000
060597,華通凱基9A購04  ,0,0,0,0,0,0,0,0,0,76000,0,0,0,76000,0,76000,76000
055437,禾伸堂中信99購01,0,0,0,0,0,0,0,0,0,76000,0,0,0,124000,48000,76000,76000
057276,全新元大99購03  ,0,0,0,0,0,0,0,0,0,76000,0,0,0,86000,10000,76000,76000
058456,京鼎永豐99購01  ,0,0,0,0,0,0,0,0,0,76000,0,0,0,119000,43000,76000,76000
056851,瑞儀元富98購01  ,0,0,0,0,0,0,0,0,0,76000,0,0,0,133000,57000,76000,76000
4720,德淵            ,189000,113000,76000,0,0,0,0,0,0,0,0,0,0,0,0,0,76000
063142,奇力新統一9C購04,0,0,0,0,0,0,0,0,0,76000,0,0,0,76000,0,76000,76000
06765P,欣興元大98售11  ,0,0,0,0,0,0,0,0,0,76000,0,0,0,99000,23000,76000,76000
061433,華通麥證9A購03  ,0,0,0,134000,3000,131000,0,0,0,75000,0,0,0,134000,59000,75000,75000
061154,可成群益9B購04  ,0,0,0,0,0,0,0,0,0,75000,0,0,0,107000,32000,75000,75000
062264,南六元大9B購02  ,0,0,0,0,0,0,0,0,0,75000,0,0,0,90000,15000,75000,75000
062347,台光電群益9B購02,0,0,0,0,0,0,0,0,0,75000,0,0,0,115000,40000,75000,75000
03675C,臺股指元大04牛02,0,0,0,0,0,0,0,0,0,75000,0,0,0,100000,25000,75000,75000
059841,國巨富邦9C購01  ,0,0,0,0,0,0,0,0,0,75000,0,0,0,152000,77000,75000,75000
059511,宏達電永豐99購02,0,0,0,0,0,0,0,0,0,75000,0,0,0,128000,53000,75000,75000
057496,佐登元大98購02  ,0,0,0,0,0,0,0,0,0,75000,0,0,0,75000,0,75000,75000
058216,TPK群益99購01   ,0,0,0,0,0,0,0,0,0,75000,0,0,0,75000,0,75000,75000
060047,道瓊反凱基99購01,0,0,0,0,0,0,0,0,0,75000,0,0,0,75000,0,75000,75000
060023,T50反1國泰9A購03,0,0,0,0,0,0,0,0,0,75000,0,0,0,85000,10000,75000,75000
07707P,玉山金元大9A售03,0,0,0,0,0,0,0,0,0,75000,0,0,0,75000,0,75000,75000
07353P,大立光國票99售02,0,0,0,0,0,0,0,0,0,75000,0,0,0,75000,0,75000,75000
07324P,台積電元大99售40,0,0,0,0,0,0,0,0,0,75000,0,0,0,675000,600000,75000,75000
8462,柏文            ,117000,40187,76813,0,0,0,0,0,0,-2000,0,12000,-12000,10000,0,10000,74813
061164,燿華兆豐9B購01  ,0,0,0,0,0,0,0,0,0,74000,0,0,0,546000,472000,74000,74000
054103,T50反1凱基99購04,0,0,0,0,0,0,0,0,0,74000,0,0,0,74000,0,74000,74000
055647,義隆元富97購01  ,0,0,0,0,0,0,0,0,0,74000,0,0,0,153000,79000,74000,74000
060387,盛群凱基9A購01  ,0,0,0,0,0,0,0,0,0,74000,0,0,0,110000,36000,74000,74000
058192,訊芯永豐99購01  ,0,0,0,0,0,0,0,0,0,74000,0,0,0,94000,20000,74000,74000
057820,華擎元大98購02  ,0,0,0,0,0,0,0,0,0,74000,0,0,0,89000,15000,74000,74000
057230,建準凱基98購02  ,0,0,0,0,0,0,0,0,0,74000,0,0,0,86000,12000,74000,74000
057647,欣興元大98購10  ,0,0,0,0,0,0,0,0,0,74000,0,0,0,160000,86000,74000,74000
056749,滬深2X兆豐99購01,0,0,0,0,0,0,0,0,0,74000,0,0,0,100000,26000,74000,74000
2348,海悅            ,92000,35000,57000,0,0,0,0,0,0,17000,20000,3000,17000,0,0,0,74000
061112,台表科元大9A購03,0,0,0,0,0,0,0,0,0,73000,0,0,0,113000,40000,73000,73000
060513,緯穎元大9B購01  ,0,0,0,0,0,0,0,0,0,73000,0,0,0,173000,100000,73000,73000
055207,致新中信99購01  ,0,0,0,0,0,0,0,0,0,73000,0,0,0,108000,35000,73000,73000
055136,聯發科富邦99購06,0,0,0,0,0,0,0,0,0,73000,0,0,0,73000,0,73000,73000
058984,全新凱基9A購03  ,0,0,0,0,0,0,0,0,0,73000,0,0,0,80000,7000,73000,73000
059397,T50反1元富99購05,0,0,0,0,0,0,0,0,0,73000,0,0,0,172000,99000,73000,73000
07655P,台灣50凱基01售09,0,0,0,0,0,0,0,0,0,73000,0,0,0,85000,12000,73000,73000
08085P,華通凱基9B售04  ,0,0,0,0,0,0,0,0,0,73000,0,0,0,73000,0,73000,73000
08076P,國巨群益9C售05  ,0,0,0,0,0,0,0,0,0,73000,0,0,0,73000,0,73000,73000
06959P,鴻海凱基9A售02  ,0,0,0,0,0,0,0,0,0,73000,0,0,0,73000,0,73000,73000
060857,旭富富邦9B購01  ,0,0,0,0,0,0,0,0,0,72000,0,0,0,200000,128000,72000,72000
062391,台達電富邦9C購01,0,0,0,0,0,0,0,0,0,72000,0,0,0,72000,0,72000,72000
062639,臻鼎國票9C購01  ,0,0,0,0,0,0,0,0,0,72000,0,0,0,103000,31000,72000,72000
062803,嘉晶統一9B購02  ,0,0,0,0,0,0,0,0,0,72000,0,0,0,126000,54000,72000,72000
054527,國巨統一97購03  ,0,0,0,0,0,0,0,0,0,72000,0,0,0,75000,3000,72000,72000
058796,可成元大99購04  ,0,0,0,0,0,0,0,0,0,72000,0,0,0,104000,32000,72000,72000
058783,臺股指國票99購02,0,0,0,0,0,0,0,0,0,72000,0,0,0,74000,2000,72000,72000
056240,嘉晶群益97購02  ,0,0,0,0,0,0,0,0,0,72000,0,0,0,73000,1000,72000,72000
056434,國巨凱基98購03  ,0,0,0,0,0,0,0,0,0,72000,0,0,0,138000,66000,72000,72000
055816,新日興國票98購01,0,0,0,0,0,0,0,0,0,72000,0,0,0,72000,0,72000,72000
05579P,友達凱基98售03  ,0,0,0,0,0,0,0,0,0,72000,0,0,0,73000,1000,72000,72000
052413,上証反中信97購01,0,0,0,0,0,0,0,0,0,72000,0,0,0,72000,0,72000,72000
057240,茂林凱基9A購01  ,0,0,0,0,0,0,0,0,0,72000,0,0,0,282000,210000,72000,72000
059861,聯發科群益9A購01,0,0,0,0,0,0,0,0,0,72000,0,0,0,72000,0,72000,72000
05661P,聯發科統一96售06,0,0,0,0,0,0,0,0,0,72000,0,0,0,72000,0,72000,72000
2486,一詮            ,80000,8000,72000,0,0,0,0,0,0,0,0,0,0,0,0,0,72000
4106,雃博            ,1190000,1118000,72000,0,0,0,0,0,0,0,0,0,0,0,0,0,72000
062849,中興電永豐9B購02,0,0,0,0,0,0,0,0,0,71000,0,0,0,76000,5000,71000,71000
060776,世芯凱基9B購01  ,0,0,0,0,0,0,0,0,0,71000,0,0,0,213000,142000,71000,71000
060453,儒鴻元大9A購02  ,0,0,0,0,0,0,0,0,0,71000,0,0,0,621000,550000,71000,71000
061120,台積電永豐9A購03,0,0,0,0,0,0,0,0,0,71000,0,0,0,73000,2000,71000,71000
061505,力成國票9A購03  ,0,0,0,0,0,0,0,0,0,71000,0,0,0,80000,9000,71000,71000
053112,中磊兆豐97購01  ,0,0,0,0,0,0,0,0,0,71000,0,0,0,71000,0,71000,71000
055925,上銀群益97購01  ,0,0,0,0,0,0,0,0,0,71000,0,0,0,81000,10000,71000,71000
059911,國巨元大99購27  ,0,0,0,0,0,0,0,0,0,71000,0,0,0,92000,21000,71000,71000
058346,嘉晶群益99購01  ,0,12000,-12000,0,0,0,0,0,0,83000,0,0,0,311000,228000,83000,71000
060336,南電康和9A購01  ,0,0,0,0,0,0,0,0,0,71000,0,0,0,124000,53000,71000,71000
056980,建準群益98購02  ,0,0,0,0,0,0,0,0,0,71000,0,0,0,83000,12000,71000,71000
6192,巨路            ,75000,4000,71000,0,0,0,0,0,0,0,0,0,0,0,0,0,71000
2527,宏璟            ,74000,3000,71000,0,0,0,0,0,0,0,0,0,0,0,0,0,71000
2467,志聖            ,218000,147000,71000,0,0,0,0,0,0,0,0,0,0,0,0,0,71000
2457,飛宏            ,111000,41000,70000,0,0,0,0,0,0,1000,1000,0,1000,0,0,0,71000
2329,華泰            ,665000,596000,69000,0,0,0,0,0,0,2000,0,0,0,2000,0,2000,71000
1321,大洋            ,75000,4000,71000,0,0,0,0,0,0,0,0,0,0,0,0,0,71000
061665,旺宏中信9C購01  ,0,0,0,0,0,0,0,0,0,70000,0,0,0,70000,0,70000,70000
061210,玉山金元大9A購02,0,0,0,0,0,0,0,0,0,70000,0,0,0,95000,25000,70000,70000
060923,全新永豐9A購01  ,0,0,0,0,0,0,0,0,0,70000,0,0,0,70000,0,70000,70000
062207,牧德國票9B購02  ,0,0,0,0,0,0,0,0,0,70000,0,0,0,83000,13000,70000,70000
061947,旺宏群益9B購02  ,0,0,0,0,0,0,0,0,0,70000,0,0,0,80000,10000,70000,70000
054909,福懋科康和97購01,0,0,0,0,0,0,0,0,0,70000,0,0,0,70000,0,70000,70000
058806,道瓊銀統一9B購01,0,0,0,0,0,0,0,0,0,70000,0,0,0,70000,0,70000,70000
054708,華通統一97購02  ,0,0,0,0,0,0,0,0,0,70000,0,0,0,70000,0,70000,70000
056344,嘉晶凱基98購02  ,0,0,0,0,0,0,0,0,0,70000,0,0,0,70000,0,70000,70000
056130,新日興麥證97購01,0,0,0,70000,0,70000,0,0,0,70000,0,0,0,70000,0,70000,70000
055659,百和元富97購01  ,0,0,0,0,0,0,0,0,0,70000,0,0,0,70000,0,70000,70000
055459,建準永豐97購03  ,0,0,0,0,0,0,0,0,0,70000,0,0,0,110000,40000,70000,70000
053970,聯發科元大97購08,0,0,0,0,0,0,0,0,0,70000,0,0,0,70000,0,70000,70000
053867,創意元大96購04  ,0,0,0,0,0,0,0,0,0,70000,0,0,0,80000,10000,70000,70000
06021P,世紀鋼元富96售03,0,0,0,0,0,0,0,0,0,70000,0,0,0,120000,50000,70000,70000
056883,美食康和98購01  ,0,0,0,0,0,0,0,0,0,70000,0,0,0,140000,70000,70000,70000
056928,旺宏台新98購01  ,0,0,0,0,0,0,0,0,0,70000,0,0,0,70000,0,70000,70000
056716,康舒永豐98購01  ,0,0,0,0,0,0,0,0,0,70000,0,0,0,130000,60000,70000,70000
057662,上銀元大9A購01  ,0,0,0,0,0,0,0,0,0,70000,0,0,0,147000,77000,70000,70000
057667,可成元大99購01  ,0,0,0,0,0,0,0,0,0,70000,0,0,0,168000,98000,70000,70000
1457,宜進            ,70000,0,70000,0,0,0,0,0,0,0,0,0,0,0,0,0,70000
1560,中砂            ,89000,19000,70000,0,0,0,0,0,0,0,0,0,0,0,0,0,70000
6024,群益期          ,70000,0,70000,0,0,0,0,0,0,0,0,0,0,0,0,0,70000
8110,華東            ,116000,39000,77000,0,0,0,0,0,0,-7000,0,7000,-7000,0,0,0,70000
06903P,技嘉凱基98售04  ,0,0,0,0,0,0,0,0,0,70000,0,0,0,81000,11000,70000,70000
063110,牧德兆豐9B購01  ,0,0,0,0,0,0,0,0,0,70000,0,0,0,83000,13000,70000,70000
07533P,臺股指中信9C售04,0,0,0,0,0,0,0,0,0,70000,0,0,0,80000,10000,70000,70000
07355P,臺股指國票99售23,0,0,0,0,0,0,0,0,0,70000,0,0,0,100000,30000,70000,70000
056398,南茂永豐98購01  ,0,0,0,0,0,0,0,0,0,69000,0,0,0,181000,112000,69000,69000
055710,亞德客元大97購03,0,0,0,0,0,0,0,0,0,69000,0,0,0,82000,13000,69000,69000
058996,台達電元大99購02,0,0,0,0,0,0,0,0,0,69000,0,0,0,88000,19000,69000,69000
060309,佳世達永豐9A購01,0,0,0,0,0,0,0,0,0,69000,0,0,0,69000,0,69000,69000
057958,禾伸堂元大99購05,0,0,0,0,0,0,0,0,0,69000,0,0,0,110000,41000,69000,69000
07921P,鴻海群益9B售04  ,0,0,0,0,0,0,0,0,0,69000,0,0,0,69000,0,69000,69000
07161P,臺股指群益99售12,0,0,0,0,0,0,0,0,0,69000,0,0,0,70000,1000,69000,69000
9930,中聯資源        ,69000,0,69000,0,0,0,0,0,0,0,0,0,0,0,0,0,69000
1604,聲寶            ,100000,31000,69000,0,0,0,0,0,0,0,0,0,0,0,0,0,69000
2616,山隆            ,79000,10000,69000,0,0,0,0,0,0,0,0,0,0,0,0,0,69000
062083,健策元大9C購03  ,0,0,0,0,0,0,0,0,0,68000,0,0,0,237000,169000,68000,68000
061790,中租群益9B購01  ,0,0,0,0,0,0,0,0,0,68000,0,0,0,319000,251000,68000,68000
062364,瑞昱元大9B購04  ,0,0,0,0,0,0,0,0,0,68000,0,0,0,78000,10000,68000,68000
062679,技嘉統一01購01  ,0,0,0,0,0,0,0,0,0,68000,0,0,0,145000,77000,68000,68000
060912,華新科元大9A購10,0,0,0,0,0,0,0,0,0,68000,0,0,0,73000,5000,68000,68000
061342,華新科元大9A購17,0,0,0,0,0,0,0,0,0,68000,0,0,0,68000,0,68000,68000
061763,聯電元大9C購02  ,0,0,0,0,0,0,0,0,0,68000,0,0,0,68000,0,68000,68000
054361,技嘉凱基96購01  ,0,0,0,0,0,0,0,0,0,68000,0,0,0,68000,0,68000,68000
056209,超眾永豐97購02  ,0,0,0,0,0,0,0,0,0,68000,0,0,0,319000,251000,68000,68000
054717,亞德客永豐97購01,0,0,0,0,0,0,0,0,0,68000,0,0,0,164000,96000,68000,68000
056308,TPK元大97購02   ,0,0,0,0,0,0,0,0,0,68000,0,0,0,68000,0,68000,68000
058929,可成統一9C購01  ,0,0,0,0,0,0,0,0,0,68000,0,0,0,459000,391000,68000,68000
055215,智邦凱基98購02  ,0,0,0,0,0,0,0,0,0,68000,0,0,0,68000,0,68000,68000
055039,神達富邦99購01  ,0,0,0,0,0,0,0,0,0,68000,0,0,0,68000,0,68000,68000
05546P,全新元大97售01  ,0,0,0,0,0,0,0,0,0,68000,0,0,0,75000,7000,68000,68000
060016,廣達康和99購01  ,0,0,0,0,0,0,0,0,0,68000,0,0,0,68000,0,68000,68000
059984,華新科元大99購21,0,0,0,0,0,0,0,0,0,68000,0,0,0,68000,0,68000,68000
057990,美律統一99購02  ,0,0,0,0,0,0,0,0,0,68000,0,0,0,131000,63000,68000,68000
057281,大立光元大98購16,0,0,0,0,0,0,0,0,0,68000,0,0,0,68000,0,68000,68000
057628,旺宏永豐98購02  ,0,0,0,0,0,0,0,0,0,68000,0,0,0,68000,0,68000,68000
058751,南茂凱基9A購01  ,0,0,0,0,0,0,0,0,0,68000,0,0,0,68000,0,68000,68000
056903,大立光元大99購04,0,0,0,0,0,0,0,0,0,68000,0,0,0,68000,0,68000,68000
2617,台航            ,109000,41000,68000,0,0,0,0,0,0,0,0,0,0,0,0,0,68000
06516P,國巨凱基98售08  ,0,0,0,0,0,0,0,0,0,68000,0,0,0,80000,12000,68000,68000
061293,聯茂統一9A購01  ,0,0,0,0,0,0,0,0,0,67000,0,0,0,82000,15000,67000,67000
062355,華通元大9B購03  ,0,0,0,0,0,0,0,0,0,67000,0,0,0,113000,46000,67000,67000
056481,創意元大98購01  ,0,0,0,0,0,0,0,0,0,67000,0,0,0,168000,101000,67000,67000
058907,健策元大99購04  ,0,0,0,0,0,0,0,0,0,67000,0,0,0,150000,83000,67000,67000
056738,國巨凱基9A購02  ,0,0,0,0,0,0,0,0,0,67000,0,0,0,67000,0,67000,67000
056713,華擎永豐98購01  ,0,0,0,0,0,0,0,0,0,67000,0,0,0,71000,4000,67000,67000
058986,華新科凱基9A購03,0,0,0,0,0,0,0,0,0,67000,0,0,0,70000,3000,67000,67000
059019,元石油統一9B購03,0,0,0,0,0,0,0,0,0,67000,0,0,0,101000,34000,67000,67000
059038,健策群益9A購02  ,0,0,0,0,0,0,0,0,0,67000,0,0,0,297000,230000,67000,67000
057070,美律永豐98購02  ,0,0,0,0,0,0,0,0,0,67000,0,0,0,68000,1000,67000,67000
07500P,微星元大9A售01  ,0,0,0,0,0,0,0,0,0,67000,0,0,0,107000,40000,67000,67000
5531,鄉林            ,146000,78000,68000,0,0,0,0,0,0,-1000,1000,2000,-1000,0,0,0,67000
062132,神隆群益9B購01  ,0,0,0,0,0,0,0,0,0,66000,0,0,0,296000,230000,66000,66000
061796,興勤永豐9B購01  ,0,0,0,0,0,0,0,0,0,66000,0,0,0,66000,0,66000,66000
061809,聯發科統一9C購05,0,0,0,0,0,0,0,0,0,66000,0,0,0,66000,0,66000,66000
062063,世紀鋼統一9C購01,0,0,0,0,0,0,0,0,0,66000,0,0,0,78000,12000,66000,66000
061477,晶豪科元大9A購01,0,0,0,0,0,0,0,0,0,66000,0,0,0,84000,18000,66000,66000
060785,國巨富邦9B購04  ,0,0,0,0,0,0,0,0,0,66000,0,0,0,74000,8000,66000,66000
061035,亞光永豐9A購01  ,0,0,0,0,0,0,0,0,0,66000,0,0,0,66000,0,66000,66000
056191,世紀鋼統一97購01,0,0,0,0,0,0,0,0,0,66000,0,0,0,74000,8000,66000,66000
054161,友訊凱基98購01  ,0,0,0,0,0,0,0,0,0,66000,0,0,0,66000,0,66000,66000
058017,漢唐凱基99購01  ,0,0,0,0,0,0,0,0,0,66000,0,0,0,111000,45000,66000,66000
060302,台積電富邦02購01,0,0,0,0,0,0,0,0,0,66000,0,0,0,143000,77000,66000,66000
056647,晶技凱基98購02  ,0,0,0,0,0,0,0,0,0,66000,0,0,0,66000,0,66000,66000
057554,新日興凱基99購02,0,0,0,0,0,0,0,0,0,66000,0,0,0,66000,0,66000,66000
057719,欣興元富02購01  ,0,0,0,0,0,0,0,0,0,66000,0,0,0,177000,111000,66000,66000
2013,中鋼構          ,66000,0,66000,0,0,0,0,0,0,0,0,0,0,0,0,0,66000
07963P,智邦統一9B售01  ,0,0,0,0,0,0,0,0,0,66000,0,0,0,111000,45000,66000,66000
07841P,臻鼎元大9A售04  ,0,0,0,0,0,0,0,0,0,66000,0,0,0,91000,25000,66000,66000
060890,大立光統一01購01,0,0,0,0,0,0,0,0,0,65000,0,0,0,335000,270000,65000,65000
060473,中租元大9A購03  ,0,0,0,0,0,0,0,0,0,65000,0,0,0,75000,10000,65000,65000
061530,智邦台新9A購02  ,0,0,0,0,0,0,0,0,0,65000,0,0,0,65000,0,65000,65000
061362,台塑國票9B購01  ,0,0,0,0,0,0,0,0,0,65000,0,0,0,67000,2000,65000,65000
061277,智邦台新9A購01  ,0,0,0,0,0,0,0,0,0,65000,0,0,0,65000,0,65000,65000
062877,可成兆豐9C購01  ,0,0,0,0,0,0,0,0,0,65000,0,0,0,289000,224000,65000,65000
063013,技嘉元大9B購02  ,0,0,0,0,0,0,0,0,0,65000,0,0,0,66000,1000,65000,65000
053496,義隆兆豐96購02  ,0,0,0,0,0,0,0,0,0,65000,0,0,0,65000,0,65000,65000
050099,台積電永昌96購01,0,0,0,0,0,0,0,0,0,65000,0,0,0,145000,80000,65000,65000
050722,聯電國票96購01  ,0,0,0,0,0,0,0,0,0,65000,0,0,0,65000,0,65000,65000
056271,嘉澤統一97購01  ,0,0,0,0,0,0,0,0,0,65000,0,0,0,65000,0,65000,65000
055594,華新科元大98購02,0,0,0,0,0,0,0,0,0,65000,0,0,0,65000,0,65000,65000
054981,國巨元富97購02  ,0,0,0,0,0,0,0,0,0,65000,0,0,0,65000,0,65000,65000
055230,大毅國票98購01  ,0,0,0,0,0,0,0,0,0,65000,0,0,0,76000,11000,65000,65000
057718,旺宏元富02購02  ,0,0,0,0,0,0,0,0,0,65000,0,0,0,85000,20000,65000,65000
058312,大毅國泰9B購01  ,0,0,0,0,0,0,0,0,0,65000,0,0,0,97000,32000,65000,65000
07991P,鴻海群益9C售02  ,0,0,0,0,0,0,0,0,0,65000,0,0,0,76000,11000,65000,65000
07999P,台達電凱基9B售02,0,0,0,0,0,0,0,0,0,65000,0,0,0,86000,21000,65000,65000
063012,技嘉元大9B購01  ,0,0,0,0,0,0,0,0,0,64000,0,0,0,64000,0,64000,64000
062260,華新科元大9B購09,0,0,0,0,0,0,0,0,0,64000,0,0,0,64000,0,64000,64000
062261,嘉晶元大9B購02  ,0,0,0,0,0,0,0,0,0,64000,0,0,0,86000,22000,64000,64000
062379,致新元大9B購01  ,0,0,0,0,0,0,0,0,0,64000,0,0,0,164000,100000,64000,64000
061142,南電統一9A購01  ,0,0,0,0,0,0,0,0,0,64000,0,0,0,66000,2000,64000,64000
061545,華新科群益9A購09,0,0,0,0,0,0,0,0,0,64000,0,0,0,74000,10000,64000,64000
060707,台郡富邦9A購01  ,0,0,0,0,0,0,0,0,0,64000,0,0,0,146000,82000,64000,64000
056407,嘉晶國票99購01  ,0,0,0,0,0,0,0,0,0,64000,0,0,0,99000,35000,64000,64000
056213,建準國票98購02  ,0,0,0,0,0,0,0,0,0,64000,0,0,0,217000,153000,64000,64000
04908P,南電國票95售03  ,0,0,0,0,0,0,0,0,0,64000,0,0,0,64000,0,64000,64000
052234,GIS凱基97購01   ,0,0,0,0,0,0,0,0,0,64000,0,0,0,64000,0,64000,64000
056954,聯詠富邦9A購01  ,0,0,0,0,0,0,0,0,0,64000,0,0,0,523000,459000,64000,64000
063230,緯穎群益9B購02  ,0,0,0,0,0,0,0,0,0,64000,0,0,0,104000,40000,64000,64000
1806,冠軍            ,64000,0,64000,0,0,0,0,0,0,0,0,0,0,0,0,0,64000
2439,美律            ,1067000,919000,148000,0,0,0,0,0,0,-84000,22000,24000,-2000,22000,104000,-82000,64000
2539,櫻花建          ,93000,29000,64000,0,0,0,0,0,0,0,0,0,0,0,0,0,64000
061218,臺股指元大9A購55,0,0,0,0,0,0,0,0,0,63000,0,0,0,63000,0,63000,63000
062162,世紀鋼凱基9B購03,0,0,0,0,0,0,0,0,0,63000,0,0,0,63000,0,63000,63000
062763,華擎凱基9C購02  ,0,0,0,0,0,0,0,0,0,63000,0,0,0,78000,15000,63000,63000
053643,漢唐國票97購02  ,0,0,0,0,0,0,0,0,0,63000,0,0,0,63000,0,63000,63000
053350,台表科國票97購02,0,0,0,0,0,0,0,0,0,63000,0,0,0,66000,3000,63000,63000
053741,漢唐國票97購03  ,0,0,0,0,0,0,0,0,0,63000,0,0,0,63000,0,63000,63000
053761,健策國泰98購01  ,0,0,0,0,0,0,0,0,0,63000,0,0,0,63000,0,63000,63000
053904,漢唐凱基97購01  ,0,0,0,0,0,0,0,0,0,63000,0,0,0,140000,77000,63000,63000
058454,嘉晶永豐99購01  ,0,0,0,0,0,0,0,0,0,63000,0,0,0,106000,43000,63000,63000
058396,力山元大99購01  ,0,0,0,0,0,0,0,0,0,63000,0,0,0,112000,49000,63000,63000
057626,技嘉富邦9A購01  ,0,0,0,0,0,0,0,0,0,63000,0,0,0,69000,6000,63000,63000
060204,矽創元富9A購01  ,0,0,0,0,0,0,0,0,0,63000,0,0,0,136000,73000,63000,63000
2426,鼎元            ,110000,51000,59000,0,0,0,0,0,0,4000,4000,0,4000,0,0,0,63000
4552,力達-KY         ,93000,89000,4000,0,0,0,59000,0,59000,0,0,0,0,0,0,0,63000
062727,華擎凱基9B購03  ,0,0,0,0,0,0,0,0,0,62000,0,0,0,65000,3000,62000,62000
062685,華新科統一9C購03,0,0,0,0,0,0,0,0,0,62000,0,0,0,62000,0,62000,62000
062229,南六統一9B購01  ,0,0,0,0,0,0,0,0,0,62000,0,0,0,112000,50000,62000,62000
061998,緯穎元大9B購03  ,0,0,0,0,0,0,0,0,0,62000,0,0,0,62000,0,62000,62000
061819,茂林群益9B購01  ,0,0,0,0,0,0,0,0,0,62000,0,0,0,76000,14000,62000,62000
060757,台積電元大9A購18,0,0,0,0,0,0,0,0,0,62000,0,0,0,62000,0,62000,62000
060822,華通元大9A購05  ,0,0,0,0,0,0,0,0,0,62000,0,0,0,62000,0,62000,62000
061024,南電國泰9B購01  ,0,0,0,0,0,0,0,0,0,62000,0,0,0,645000,583000,62000,62000
055468,智邦凱基97購04  ,0,0,0,0,0,0,0,0,0,62000,0,0,0,64000,2000,62000,62000
055670,矽創群益98購02  ,0,0,0,0,0,0,0,0,0,62000,0,0,0,79000,17000,62000,62000
056054,亞德客元大97購05,0,0,0,0,0,0,0,0,0,62000,0,0,0,96000,34000,62000,62000
05624P,同欣電中信98售01,0,0,0,0,0,0,0,0,0,62000,0,0,0,194000,132000,62000,62000
059093,旭富元大99購01  ,0,0,0,0,0,0,0,0,0,62000,0,0,0,457000,395000,62000,62000
058212,華新科群益9A購01,0,0,0,0,0,0,0,0,0,62000,0,0,0,97000,35000,62000,62000
057199,台達電元富02購01,0,0,0,0,0,0,0,0,0,62000,0,0,0,252000,190000,62000,62000
6189,豐藝            ,26000,33000,-7000,0,0,0,0,0,0,69000,40000,0,40000,29000,0,29000,62000
06997P,台灣50中信03售01,0,0,0,0,0,0,0,0,0,62000,0,0,0,64000,2000,62000,62000
07428P,華新科國票9A售01,0,0,0,0,0,0,0,0,0,62000,0,0,0,62000,0,62000,62000
060979,國巨元大9A購14  ,0,0,0,0,0,0,0,0,0,61000,0,0,0,61000,0,61000,61000
062003,國巨國泰01購01  ,0,0,0,0,0,0,0,0,0,61000,0,0,0,331000,270000,61000,61000
062654,技嘉永豐9B購01  ,0,0,0,0,0,0,0,0,0,61000,0,0,0,61000,0,61000,61000
059101,康控統一9A購01  ,0,0,0,0,0,0,0,0,0,61000,0,0,0,301000,240000,61000,61000
058931,玉晶光統一9C購01,0,0,0,0,0,0,0,0,0,61000,0,0,0,71000,10000,61000,61000
054531,聯發科國泰97購02,0,0,0,0,0,0,0,0,0,61000,0,0,0,61000,0,61000,61000
055830,上銀元大97購07  ,0,0,0,0,0,0,0,0,0,61000,0,0,0,80000,19000,61000,61000
054188,欣興永豐96購03  ,0,0,0,0,0,0,0,0,0,61000,0,0,0,71000,10000,61000,61000
052006,康友富邦98購01  ,0,0,0,0,0,0,0,0,0,61000,0,0,0,61000,0,61000,61000
053671,可成統一96購03  ,0,0,0,0,0,0,0,0,0,61000,0,0,0,61000,0,61000,61000
056936,禾伸堂元富98購01,0,0,0,0,0,0,0,0,0,61000,0,0,0,71000,10000,61000,61000
059346,新日興凱基99購03,0,0,0,0,0,0,0,0,0,61000,0,0,0,71000,10000,61000,61000
05970P,超眾永豐96售03  ,0,0,0,0,0,0,0,0,0,61000,0,0,0,62000,1000,61000,61000
057816,欣興元大98購13  ,0,0,0,0,0,0,0,0,0,61000,0,0,0,68000,7000,61000,61000
056994,緯穎兆豐98購02  ,0,0,0,0,0,0,0,0,0,61000,0,0,0,121000,60000,61000,61000
08045P,健策國票9B售01  ,0,0,0,0,0,0,0,0,0,61000,0,0,0,104000,43000,61000,61000
06982P,義隆凱基99售02  ,0,0,0,0,0,0,0,0,0,61000,0,0,0,97000,36000,61000,61000
06857P,超眾永豐98售02  ,0,0,0,0,0,0,0,0,0,61000,0,0,0,121000,60000,61000,61000
2852,第一保          ,61000,0,61000,0,0,0,0,0,0,0,0,0,0,0,0,0,61000
2227,裕日車          ,64000,8000,56000,0,0,0,0,0,0,5000,5000,0,5000,0,0,0,61000
062545,嘉晶永豐9B購01  ,0,0,0,0,0,0,0,0,0,60000,0,0,0,134000,74000,60000,60000
062424,聯發科統一9C購08,0,0,0,0,0,0,0,0,0,60000,0,0,0,60000,0,60000,60000
060808,欣興群益9A購01  ,0,0,0,0,0,0,0,0,0,60000,0,0,0,60000,0,60000,60000
06067P,華新科康和97售01,0,0,0,0,0,0,0,0,0,60000,0,0,0,114000,54000,60000,60000
060477,和潤元大9A購01  ,0,0,0,0,0,0,0,0,0,60000,0,0,0,60000,0,60000,60000
061303,玉晶光永豐9B購03,0,0,0,0,0,0,0,0,0,60000,0,0,0,60000,0,60000,60000
061324,華新科凱基9C購01,0,0,0,0,0,0,0,0,0,60000,0,0,0,70000,10000,60000,60000
047769,大立光元大96購01,0,0,0,0,0,0,0,0,0,60000,0,0,0,60000,0,60000,60000
051259,鴻海永昌96購03  ,0,0,0,0,0,0,0,0,0,60000,0,0,0,60000,0,60000,60000
053297,鎧勝中信98購01  ,0,0,0,0,0,0,0,0,0,60000,0,0,0,60000,0,60000,60000
053292,美律中信98購01  ,0,0,0,0,0,0,0,0,0,60000,0,0,0,80000,20000,60000,60000
052998,拓凱康和96購01  ,0,0,0,0,0,0,0,0,0,60000,0,0,0,60000,0,60000,60000
054185,喬山永豐96購02  ,0,0,0,0,0,0,0,0,0,60000,0,0,0,60000,0,60000,60000
056497,GIS國泰99購01   ,0,0,0,0,0,0,0,0,0,60000,0,0,0,60000,0,60000,60000
054471,T50反1中信9C購01,0,0,0,0,0,0,0,0,0,60000,0,0,0,140000,80000,60000,60000
054404,新日興康和96購01,0,0,0,0,0,0,0,0,0,60000,0,0,0,60000,0,60000,60000
056113,新日興兆豐98購01,0,0,0,0,0,0,0,0,0,60000,0,0,0,60000,0,60000,60000
056279,新日興富邦99購01,0,0,0,0,0,0,0,0,0,60000,0,0,0,60000,0,60000,60000
056309,合勤控元大97購01,0,0,0,0,0,0,0,0,0,60000,0,0,0,160000,100000,60000,60000
056031,勤誠康和97購02  ,0,0,0,0,0,0,0,0,0,60000,0,0,0,60000,0,60000,60000
056349,道瓊銀元大9B購01,0,0,0,0,0,0,0,0,0,60000,0,0,0,60000,0,60000,60000
055153,台光電元大98購02,0,0,0,0,0,0,0,0,0,60000,0,0,0,123000,63000,60000,60000
058772,茂林兆豐9A購01  ,0,0,0,0,0,0,0,0,0,60000,0,0,0,60000,0,60000,60000
056555,矽創凱基98購01  ,0,0,0,0,0,0,0,0,0,60000,0,0,0,60000,0,60000,60000
057896,嘉晶元富98購01  ,0,0,0,0,0,0,0,0,0,60000,0,0,0,60000,0,60000,60000
057108,潤泰全群益98購01,0,0,0,0,0,0,0,0,0,60000,0,0,0,60000,0,60000,60000
060110,茂林元大99購06  ,0,0,0,0,0,0,0,0,0,60000,0,0,0,60000,0,60000,60000
057524,旺宏元大99購04  ,0,0,0,0,0,0,0,0,0,60000,0,0,0,60000,0,60000,60000
057406,茂林群益98購03  ,0,0,0,0,0,0,0,0,0,60000,0,0,0,60000,0,60000,60000
05818P,大立光凱基96售14,0,0,0,0,0,0,0,0,0,60000,0,0,0,60000,0,60000,60000
058236,大立光元大99購09,0,0,0,0,0,0,0,0,0,60000,0,0,0,60000,0,60000,60000
058559,華新科日盛99購02,0,0,0,0,0,0,0,0,0,60000,0,0,0,60000,0,60000,60000
059042,世紀鋼群益99購02,0,0,0,0,0,0,0,0,0,60000,0,0,0,60000,0,60000,60000
2059,川湖            ,176000,124000,52000,0,0,0,0,0,0,8000,6000,0,6000,2000,0,2000,60000
06832P,玉晶光凱基98售03,0,0,0,0,0,0,0,0,0,60000,0,0,0,60000,0,60000,60000
08088P,義隆凱基9B售03  ,0,0,0,0,0,0,0,0,0,60000,0,0,0,60000,0,60000,60000
07948P,大成鋼凱基9B售01,0,0,0,0,0,0,0,0,0,60000,0,0,0,60000,0,60000,60000
3711,日月光投控      ,4770000,4995529,-225529,0,0,0,221000,5000,216000,69000,83000,5000,78000,8000,17000,-9000,59471
061564,華擎國票9A購02  ,0,0,0,0,0,0,0,0,0,59000,0,0,0,59000,0,59000,59000
060674,瑞昱元大9A購03  ,0,0,0,0,0,0,0,0,0,59000,0,0,0,76000,17000,59000,59000
062426,大立光統一02購02,0,0,0,0,0,0,0,0,0,59000,0,0,0,59000,0,59000,59000
063032,國巨凱基9C購04  ,0,0,0,0,0,0,0,0,0,59000,0,0,0,59000,0,59000,59000
059181,世紀鋼元富9C購01,0,0,0,0,0,0,0,0,0,59000,0,0,0,255000,196000,59000,59000
055257,景碩統一97購01  ,0,0,0,0,0,0,0,0,0,59000,0,0,0,338000,279000,59000,59000
054673,京鼎國泰98購01  ,0,0,0,0,0,0,0,0,0,59000,0,0,0,103000,44000,59000,59000
05539P,鎧勝永豐96售01  ,0,0,0,0,0,0,0,0,0,59000,0,0,0,59000,0,59000,59000
044963,台積電中信96購01,0,0,0,0,0,0,0,0,0,59000,0,0,0,504000,445000,59000,59000
051536,玉晶光國票97購01,0,0,0,0,0,0,0,0,0,59000,0,0,0,103000,44000,59000,59000
059763,華擎永豐99購03  ,0,0,0,0,0,0,0,0,0,59000,0,0,0,80000,21000,59000,59000
057273,智邦元大98購05  ,0,0,0,0,0,0,0,0,0,59000,0,0,0,99000,40000,59000,59000
057815,信邦元大98購01  ,0,0,0,0,0,0,0,0,0,59000,0,0,0,97000,38000,59000,59000
059965,鴻海凱基99購16  ,0,0,0,0,0,0,0,0,0,59000,0,0,0,59000,0,59000,59000
5285,界霖            ,97000,28000,69000,0,0,0,0,0,0,-10000,0,10000,-10000,0,0,0,59000
9905,大華            ,59000,0,59000,0,0,0,0,0,0,0,0,0,0,0,0,0,59000
1612,宏泰            ,65000,6000,59000,0,0,0,0,0,0,0,0,0,0,0,0,0,59000
1338,廣華-KY         ,115000,58000,57000,0,0,0,0,0,0,2000,2000,0,2000,0,0,0,59000
2524,京城            ,105000,46000,59000,0,0,0,0,0,0,0,0,0,0,0,0,0,59000
062638,茂林國票9C購01  ,0,0,0,0,0,0,0,0,0,58000,0,0,0,58000,0,58000,58000
062349,新日興群益9B購02,0,0,0,0,0,0,0,0,0,58000,0,0,0,219000,161000,58000,58000
054053,聯茂元大96購01  ,0,0,0,0,0,0,0,0,0,58000,0,0,0,100000,42000,58000,58000
054061,晶技國票97購03  ,0,0,0,0,0,0,0,0,0,58000,0,0,0,87000,29000,58000,58000
051156,鴻海富邦97購01  ,0,0,0,0,0,0,0,0,0,58000,0,0,0,58000,0,58000,58000
055732,全新元富9A購01  ,0,0,0,0,0,0,0,0,0,58000,0,0,0,58000,0,58000,58000
055736,宏達電元富99購01,0,0,0,0,0,0,0,0,0,58000,0,0,0,410000,352000,58000,58000
055244,國巨統一98購01  ,0,0,0,0,0,0,0,0,0,58000,0,0,0,133000,75000,58000,58000
054885,建準統一98購01  ,0,0,0,0,0,0,0,0,0,58000,0,0,0,58000,0,58000,58000
058788,喬山元大99購01  ,0,0,0,0,0,0,0,0,0,58000,0,0,0,595000,537000,58000,58000
057044,旺宏元大98購08  ,0,0,0,0,0,0,0,0,0,58000,0,0,0,68000,10000,58000,58000
060293,緯創元大9A購01  ,0,0,0,0,0,0,0,0,0,58000,0,0,0,78000,20000,58000,58000
057367,技嘉元大98購02  ,0,0,0,0,0,0,0,0,0,58000,0,0,0,61000,3000,58000,58000
058187,泰碩永豐99購01  ,0,0,0,0,0,0,0,0,0,58000,0,0,0,68000,10000,58000,58000
058683,可成凱基9A購01  ,0,0,0,0,0,0,0,0,0,58000,0,0,0,175000,117000,58000,58000
059578,智邦元富99購02  ,0,0,0,0,0,0,0,0,0,58000,0,0,0,78000,20000,58000,58000
3033,威健            ,62000,4000,58000,0,0,0,0,0,0,0,0,0,0,0,0,0,58000
1308,亞聚            ,249000,191000,58000,0,0,0,0,0,0,0,0,0,0,0,0,0,58000
9925,新保            ,62000,4000,58000,0,0,0,0,0,0,0,0,0,0,0,0,0,58000
6283,淳安            ,61000,3000,58000,0,0,0,0,0,0,0,0,0,0,0,0,0,58000
3694,海華            ,61000,3000,58000,0,0,0,0,0,0,0,0,0,0,0,0,0,58000
07450P,鴻海元大9A售03  ,0,0,0,0,0,0,0,0,0,58000,0,0,0,58000,0,58000,58000
063117,聯茂麥證9B購01  ,0,0,0,58000,0,58000,0,0,0,58000,0,0,0,58000,0,58000,58000
063199,台積電統一01購07,0,0,0,0,0,0,0,0,0,58000,0,0,0,112000,54000,58000,58000
062439,聯發科元大9B購10,0,0,0,0,0,0,0,0,0,57000,0,0,0,59000,2000,57000,57000
061038,TPK永豐9A購01   ,0,0,0,0,0,0,0,0,0,57000,0,0,0,57000,0,57000,57000
054965,健策元大98購04  ,0,0,0,0,0,0,0,0,0,57000,0,0,0,57000,0,57000,57000
055025,華新科國泰98購02,0,0,0,0,0,0,0,0,0,57000,0,0,0,57000,0,57000,57000
055782,新日興凱基99購01,0,0,0,0,0,0,0,0,0,57000,0,0,0,107000,50000,57000,57000
054751,GIS凱基98購01   ,0,0,0,0,0,0,0,0,0,57000,0,0,0,65000,8000,57000,57000
056162,祥碩凱基97購03  ,0,0,0,0,0,0,0,0,0,57000,0,0,0,63000,6000,57000,57000
052919,鈺齊富邦98購01  ,0,0,0,0,0,0,0,0,0,57000,0,0,0,57000,0,57000,57000
058981,國巨凱基99購10  ,0,0,0,0,0,0,0,0,0,57000,0,0,0,62000,5000,57000,57000
056735,國巨凱基99購02  ,0,0,0,0,0,0,0,0,0,57000,0,0,0,58000,1000,57000,57000
060104,新日興元大99購03,0,0,0,0,0,0,0,0,0,57000,0,0,0,142000,85000,57000,57000
063238,漢唐元大9B購02  ,1000,0,1000,0,0,0,0,0,0,56000,0,0,0,106000,50000,56000,57000
06568P,國巨永豐98售05  ,0,0,0,0,0,0,0,0,0,57000,0,0,0,57000,0,57000,57000
4916,事欣科          ,66000,9000,57000,0,0,0,0,0,0,0,0,0,0,0,0,0,57000
6605,帝寶            ,61000,4000,57000,0,0,0,0,0,0,0,0,0,0,0,0,0,57000
061238,晶技元大9A購02  ,0,0,0,0,0,0,0,0,0,56000,0,0,0,96000,40000,56000,56000
061180,華擎凱基9B購01  ,0,0,0,0,0,0,0,0,0,56000,0,0,0,56000,0,56000,56000
062371,健策元大9B購08  ,0,0,0,0,0,0,0,0,0,56000,0,0,0,164000,108000,56000,56000
062266,世紀鋼元大9B購02,0,0,0,0,0,0,0,0,0,56000,0,0,0,110000,54000,56000,56000
062113,瑞祺國票9B購01  ,0,0,0,0,0,0,0,0,0,56000,0,0,0,140000,84000,56000,56000
061851,智邦國票9B購01  ,0,0,0,0,0,0,0,0,0,56000,0,0,0,59000,3000,56000,56000
062687,華擎統一01購02  ,0,0,0,0,0,0,0,0,0,56000,0,0,0,217000,161000,56000,56000
055349,京元電凱基97購02,0,0,0,0,0,0,0,0,0,56000,0,0,0,57000,1000,56000,56000
053901,T50反1凱基99購03,0,0,0,0,0,0,0,0,0,56000,0,0,0,77000,21000,56000,56000
055338,GIS兆豐97購01   ,0,0,0,0,0,0,0,0,0,56000,0,0,0,211000,155000,56000,56000
058363,全新凱基9A購02  ,0,0,0,0,0,0,0,0,0,56000,0,0,0,61000,5000,56000,56000
3703,欣陸            ,82000,26000,56000,0,0,0,0,0,0,0,0,0,0,0,0,0,56000
2436,偉詮電          ,190000,134000,56000,0,0,0,0,0,0,0,0,0,0,0,0,0,56000
2387,精元            ,737000,703000,34000,0,0,0,0,0,0,22000,1000,0,1000,115000,94000,21000,56000
08096P,大立光元富9B售04,0,0,0,0,0,0,0,0,0,56000,0,0,0,57000,1000,56000,56000
08069P,大立光國泰01售02,0,0,0,0,0,0,0,0,0,56000,0,0,0,56000,0,56000,56000
062782,聯發科元大9B購12,0,0,0,0,0,0,0,0,0,55000,0,0,0,58000,3000,55000,55000
06188P,大立光元富97售01,0,0,0,0,0,0,0,0,0,55000,0,0,0,55000,0,55000,55000
062082,嘉晶元大9B購01  ,0,0,0,0,0,0,0,0,0,55000,0,0,0,55000,0,55000,55000
062335,茂林統一01購01  ,0,0,0,0,0,0,0,0,0,55000,0,0,0,60000,5000,55000,55000
061150,國巨群益9A購09  ,0,0,0,0,0,0,0,0,0,55000,0,0,0,55000,0,55000,55000
061118,GIS富邦9A購01   ,0,0,0,0,0,0,0,0,0,55000,0,0,0,56000,1000,55000,55000
061389,華新科群益9B購01,0,0,0,0,0,0,0,0,0,55000,0,0,0,65000,10000,55000,55000
061689,國巨群益9A購12  ,0,0,0,0,0,0,0,0,0,55000,0,0,0,57000,2000,55000,55000
061662,瑞儀永豐9A購02  ,0,0,0,0,0,0,0,0,0,55000,0,0,0,68000,13000,55000,55000
060571,京元電永豐9A購01,0,0,0,0,0,0,0,0,0,55000,0,0,0,58000,3000,55000,55000
059086,國巨元大99購18  ,0,0,0,0,0,0,0,0,0,55000,0,0,0,180000,125000,55000,55000
055358,臻鼎凱基97購01  ,0,0,0,0,0,0,0,0,0,55000,0,0,0,70000,15000,55000,55000
053083,中環元大99購01  ,0,0,0,0,0,0,0,0,0,55000,0,0,0,70000,15000,55000,55000
058990,GIS凱基99購02   ,0,0,0,0,0,0,0,0,0,55000,0,0,0,60000,5000,55000,55000
059047,元油2X凱基9A購10,0,0,0,0,0,0,0,0,0,55000,0,0,0,285000,230000,55000,55000
059129,麗豐中信99購01  ,0,0,0,0,0,0,0,0,0,55000,0,0,0,85000,30000,55000,55000
058487,晶技國票9A購01  ,0,0,0,0,0,0,0,0,0,55000,0,0,0,62000,7000,55000,55000
059509,奇力新永豐99購02,0,0,0,0,0,0,0,0,0,55000,0,0,0,55000,0,55000,55000
059296,大立光元富99購06,0,0,0,0,0,0,0,0,0,55000,0,0,0,223000,168000,55000,55000
060154,堤維西永豐9A購01,0,0,0,0,0,0,0,0,0,55000,0,0,0,55000,0,55000,55000
058042,鴻海元大98購12  ,0,0,0,0,0,0,0,0,0,55000,0,0,0,61000,6000,55000,55000
057399,滬深反群益9C購01,0,0,0,0,0,0,0,0,0,55000,0,0,0,55000,0,55000,55000
07497P,鴻海元大9A售06  ,0,0,0,0,0,0,0,0,0,55000,0,0,0,55000,0,55000,55000
07234P,台灣50元大9B售04,0,0,0,0,0,0,0,0,0,55000,0,0,0,55000,0,55000,55000
063125,華擎元大9C購02  ,0,0,0,0,0,0,0,0,0,55000,0,0,0,67000,12000,55000,55000
063108,世紀鋼群益9C購01,0,0,0,0,0,0,0,0,0,55000,0,0,0,55000,0,55000,55000
07130P,台郡元大9B售01  ,0,0,0,0,0,0,0,0,0,55000,0,0,0,120000,65000,55000,55000
061405,亞德客國票9B購01,0,0,0,0,0,0,0,0,0,54000,0,0,0,65000,11000,54000,54000
062195,聚陽中信9C購01  ,0,0,0,0,0,0,0,0,0,54000,0,0,0,185000,131000,54000,54000
062483,致新國票9B購01  ,0,0,0,0,0,0,0,0,0,54000,0,0,0,151000,97000,54000,54000
054169,上緯控凱基98購01,0,0,0,0,0,0,0,0,0,54000,0,0,0,80000,26000,54000,54000
047773,超眾元大96購01  ,0,0,0,0,0,0,0,0,0,54000,0,0,0,64000,10000,54000,54000
049888,智邦國泰96購01  ,0,0,0,0,0,0,0,0,0,54000,0,0,0,55000,1000,54000,54000
057327,玉晶光群益9A購04,0,0,0,0,0,0,0,0,0,54000,0,0,0,54000,0,54000,54000
059924,世紀鋼元大99購06,0,0,0,0,0,0,0,0,0,54000,0,0,0,74000,20000,54000,54000
059475,元石油群益99購02,0,0,0,0,0,0,0,0,0,54000,0,0,0,56000,2000,54000,54000
059366,台積電台新99購04,0,0,0,0,0,0,0,0,0,54000,0,0,0,60000,6000,54000,54000
056842,全新元富98購01  ,0,0,0,0,0,0,0,0,0,54000,0,0,0,54000,0,54000,54000
07472P,和碩元大9A售03  ,0,0,0,0,0,0,0,0,0,54000,0,0,0,67000,13000,54000,54000
07578P,高鐵元大9A售02  ,0,0,0,0,0,0,0,0,0,54000,0,0,0,74000,20000,54000,54000
062726,華擎凱基9B購02  ,0,0,0,0,0,0,0,0,0,53000,0,0,0,58000,5000,53000,53000
062372,旭富元大9B購01  ,0,0,0,0,0,0,0,0,0,53000,0,0,0,105000,52000,53000,53000
060716,新唐永豐9A購01  ,0,0,0,0,0,0,0,0,0,53000,0,0,0,72000,19000,53000,53000
049255,旺宏元大97購02  ,0,0,0,0,0,0,0,0,0,53000,0,0,0,53000,0,53000,53000
052768,泰鼎群益96購01  ,0,0,0,0,0,0,0,0,0,53000,0,0,0,53000,0,53000,53000
059127,國巨中信99購04  ,0,0,0,0,0,0,0,0,0,53000,0,0,0,89000,36000,53000,53000
059009,世紀鋼元大99購04,0,0,0,0,0,0,0,0,0,53000,0,0,0,123000,70000,53000,53000
059762,禾伸堂永豐99購02,0,0,0,0,0,0,0,0,0,53000,0,0,0,83000,30000,53000,53000
060162,碩天永豐9A購01  ,0,0,0,0,0,0,0,0,0,53000,0,0,0,90000,37000,53000,53000
057317,技嘉凱基98購02  ,0,0,0,0,0,0,0,0,0,53000,0,0,0,105000,52000,53000,53000
07580P,緯穎元大9A售03  ,0,0,0,0,0,0,0,0,0,53000,0,0,0,53000,0,53000,53000
06771P,台灣50中信02售01,0,0,0,0,0,0,0,0,0,53000,0,0,0,53000,0,53000,53000
060806,華新科群益9A購03,0,0,0,0,0,0,0,0,0,52000,0,0,0,72000,20000,52000,52000
061344,禾伸堂元大9A購02,0,0,0,0,0,0,0,0,0,52000,0,0,0,66000,14000,52000,52000
061474,瑞昱元大9A購04  ,0,0,0,0,0,0,0,0,0,52000,0,0,0,74000,22000,52000,52000
062341,台表科麥證9C購01,0,0,0,115000,63000,52000,0,0,0,52000,0,0,0,115000,63000,52000,52000
062289,緯穎群益9B購01  ,0,0,0,0,0,0,0,0,0,52000,0,0,0,128000,76000,52000,52000
061875,華新科元大9B購03,0,0,0,0,0,0,0,0,0,52000,0,0,0,62000,10000,52000,52000
062767,GIS凱基9B購02   ,0,0,0,0,0,0,0,0,0,52000,0,0,0,62000,10000,52000,52000
052746,泰碩元大97購01  ,0,0,0,0,0,0,0,0,0,52000,0,0,0,52000,0,52000,52000
052604,建準元大97購01  ,0,0,0,0,0,0,0,0,0,52000,0,0,0,52000,0,52000,52000
054637,智邦中信98購01  ,0,0,0,0,0,0,0,0,0,52000,0,0,0,52000,0,52000,52000
059198,華新科永豐99購06,0,0,0,0,0,0,0,0,0,52000,0,0,0,72000,20000,52000,52000
05594P,旺宏國票96售04  ,0,0,0,0,0,0,0,0,0,52000,0,0,0,102000,50000,52000,52000
057161,亞德客元大98購02,0,0,0,0,0,0,0,0,0,52000,0,0,0,141000,89000,52000,52000
060209,喬山康和9A購01  ,0,0,0,0,0,0,0,0,0,52000,0,0,0,77000,25000,52000,52000
060116,世紀鋼元大99購07,0,0,0,0,0,0,0,0,0,52000,0,0,0,52000,0,52000,52000
059814,SP黃豆凱基9A購02,0,0,0,0,0,0,0,0,0,52000,0,0,0,67000,15000,52000,52000
3022,威強電          ,54000,2000,52000,0,0,0,0,0,0,0,0,0,0,0,0,0,52000
2031,新光鋼          ,78000,26000,52000,0,0,0,0,0,0,0,0,0,0,0,0,0,52000
4560,強信-KY         ,255000,203000,52000,0,0,0,0,0,0,0,0,0,0,0,0,0,52000
062742,技嘉國泰01購01  ,0,0,0,0,0,0,0,0,0,51000,0,0,0,144000,93000,51000,51000
061837,華新科凱基05購02,0,0,0,0,0,0,0,0,0,51000,0,0,0,51000,0,51000,51000
062413,台光電中信9B購02,0,0,0,0,0,0,0,0,0,51000,0,0,0,71000,20000,51000,51000
060408,和潤國泰9C購01  ,0,0,0,0,0,0,0,0,0,51000,0,0,0,135000,84000,51000,51000
058811,台積電統一9A購05,0,0,0,0,0,0,0,0,0,51000,0,0,0,52000,1000,51000,51000
055638,上銀元富97購01  ,0,0,0,0,0,0,0,0,0,51000,0,0,0,51000,0,51000,51000
05625P,國巨國票97售01  ,0,0,0,0,0,0,0,0,0,51000,0,0,0,68000,17000,51000,51000
052476,台光電群益98購01,0,0,0,0,0,0,0,0,0,51000,0,0,0,51000,0,51000,51000
03604P,群創凱基98售05  ,0,0,0,0,0,0,0,0,0,51000,0,0,0,51000,0,51000,51000
020008,元大特股高息N   ,0,0,0,0,0,0,0,0,0,51000,0,0,0,52000,1000,51000,51000
056946,國巨統一98購05  ,0,0,0,0,0,0,0,0,0,51000,0,0,0,51000,0,51000,51000
057785,智邦國票99購02  ,0,0,0,0,0,0,0,0,0,51000,0,0,0,51000,0,51000,51000
058483,道瓊指國票9A購01,0,0,0,0,0,0,0,0,0,51000,0,0,0,796000,745000,51000,51000
057842,緯穎富邦99購02  ,0,0,0,0,0,0,0,0,0,51000,0,0,0,51000,0,51000,51000
058309,大毅元大99購02  ,0,0,0,0,0,0,0,0,0,51000,0,0,0,51000,0,51000,51000
2106,建大            ,287000,236000,51000,0,0,0,0,0,0,0,0,0,0,0,0,0,51000
2239,英利-KY         ,50000,7000,43000,0,0,0,0,0,0,8000,8000,0,8000,0,0,0,51000
1463,強盛            ,55000,4000,51000,0,0,0,0,0,0,0,0,0,0,0,0,0,51000
1473,台南            ,53000,2000,51000,0,0,0,0,0,0,0,0,0,0,0,0,0,51000
3023,信邦            ,116000,63000,53000,0,0,0,17000,0,17000,-19000,1000,17000,-16000,4000,7000,-3000,51000
2605,新興            ,93000,160000,-67000,0,0,0,0,0,0,118000,120000,0,120000,0,2000,-2000,51000
06421P,嘉澤統一97售02  ,0,0,0,0,0,0,0,0,0,51000,0,0,0,54000,3000,51000,51000
08061P,大毅國票9B售04  ,0,0,0,0,0,0,0,0,0,51000,0,0,0,51000,0,51000,51000
060468,聯鈞元大9A購02  ,0,0,0,0,0,0,0,0,0,50000,0,0,0,50000,0,50000,50000
060504,技嘉元大9A購02  ,0,0,0,0,0,0,0,0,0,50000,0,0,0,52000,2000,50000,50000
060536,祥碩麥證9A購01  ,0,0,0,50000,0,50000,0,0,0,50000,0,0,0,50000,0,50000,50000
060685,康友元大9A購01  ,0,0,0,0,0,0,0,0,0,50000,0,0,0,50000,0,50000,50000
060644,泰鼎永豐9A購02  ,0,0,0,0,0,0,0,0,0,50000,0,0,0,50000,0,50000,50000
061580,華擎元大9A購06  ,0,0,0,0,0,0,0,0,0,50000,0,0,0,50000,0,50000,50000
061153,奇力新群益9A購02,0,0,0,0,0,0,0,0,0,50000,0,0,0,60000,10000,50000,50000
061206,旺宏元大9A購12  ,0,0,0,0,0,0,0,0,0,50000,0,0,0,50000,0,50000,50000
062394,大立光富邦02購01,0,0,0,0,0,0,0,0,0,50000,0,0,0,50000,0,50000,50000
062157,聯發科凱基9B購08,0,0,0,0,0,0,0,0,0,50000,0,0,0,64000,14000,50000,50000
061850,國巨國票9C購02  ,0,0,0,0,0,0,0,0,0,50000,0,0,0,100000,50000,50000,50000
061908,台積電中信05購01,0,13000,-13000,0,0,0,0,0,0,63000,0,0,0,68000,5000,63000,50000
061978,旺宏元大9C購01  ,0,0,0,0,0,0,0,0,0,50000,0,0,0,62000,12000,50000,50000
062706,大立光元大9B購06,0,0,0,0,0,0,0,0,0,50000,0,0,0,50000,0,50000,50000
050618,緯創元大95購01  ,0,0,0,0,0,0,0,0,0,50000,0,0,0,50000,0,50000,50000
053648,台積電凱基97購04,0,0,0,0,0,0,0,0,0,50000,0,0,0,50000,0,50000,50000
053759,晶相光國泰98購01,0,0,0,0,0,0,0,0,0,50000,0,0,0,100000,50000,50000,50000
053780,南亞科元大96購03,0,0,0,0,0,0,0,0,0,50000,0,0,0,100000,50000,50000,50000
053928,智易國票97購03  ,0,0,0,0,0,0,0,0,0,50000,0,0,0,50000,0,50000,50000
051688,大立光凱基97購02,0,0,0,0,0,0,0,0,0,50000,0,0,0,50000,0,50000,50000
052574,茂林凱基96購02  ,0,0,0,0,0,0,0,0,0,50000,0,0,0,50000,0,50000,50000
055368,台積電元大97購24,0,0,0,0,0,0,0,0,0,50000,0,0,0,51000,1000,50000,50000
053640,上緯控永豐96購01,0,0,0,0,0,0,0,0,0,50000,0,0,0,50000,0,50000,50000
052777,燿華國票98購01  ,0,0,0,0,0,0,0,0,0,50000,0,0,0,50000,0,50000,50000
054069,亞光國泰98購01  ,0,0,0,0,0,0,0,0,0,50000,0,0,0,50000,0,50000,50000
056252,聯發科兆豐97購03,0,0,0,0,0,0,0,0,0,50000,0,0,0,50000,0,50000,50000
05565P,鎧勝元大96售01  ,0,0,0,0,0,0,0,0,0,50000,0,0,0,50000,0,50000,50000
056147,鴻海日盛97購05  ,0,0,0,0,0,0,0,0,0,50000,0,0,0,50000,0,50000,50000
054720,禾伸堂永豐97購01,0,0,0,0,0,0,0,0,0,50000,0,0,0,60000,10000,50000,50000
055808,世紀鋼永豐97購01,0,0,0,0,0,0,0,0,0,50000,0,0,0,60000,10000,50000,50000
054364,智伸科凱基96購01,0,0,0,0,0,0,0,0,0,50000,0,0,0,50000,0,50000,50000
058786,元黃金元大99購01,0,0,0,0,0,0,0,0,0,50000,0,0,0,50000,0,50000,50000
058792,鴻海元大99購18  ,0,0,0,0,0,0,0,0,0,50000,0,0,0,51000,1000,50000,50000
054579,聯茂元大97購01  ,0,0,0,0,0,0,0,0,0,50000,0,0,0,50000,0,50000,50000
055912,宏達電凱基98購03,0,0,0,0,0,0,0,0,0,50000,0,0,0,90000,40000,50000,50000
055209,勤誠康和97購01  ,0,0,0,0,0,0,0,0,0,50000,0,0,0,50000,0,50000,50000
055287,日電貿元大97購01,0,0,0,0,0,0,0,0,0,50000,0,0,0,50000,0,50000,50000
057846,神達永豐98購01  ,0,0,0,0,0,0,0,0,0,50000,0,0,0,50000,0,50000,50000
057861,台積電凱基98購16,0,0,0,0,0,0,0,0,0,50000,0,0,0,50000,0,50000,50000
057879,電子類元大99購02,0,0,0,0,0,0,0,0,0,50000,0,0,0,50000,0,50000,50000
057882,華通群益9A購03  ,0,0,0,0,0,0,0,0,0,50000,0,0,0,50000,0,50000,50000
057143,台郡兆豐98購01  ,0,0,0,0,0,0,0,0,0,50000,0,0,0,50000,0,50000,50000
057477,智邦元大98購09  ,0,0,0,0,0,0,0,0,0,50000,0,0,0,95000,45000,50000,50000
057442,玉晶光統一98購03,0,0,0,0,0,0,0,0,0,50000,0,0,0,50000,0,50000,50000
060101,大立光元大99購31,0,0,0,0,0,0,0,0,0,50000,0,0,0,50000,0,50000,50000
060048,元金2X凱基99購03,0,0,0,0,0,0,0,0,0,50000,0,0,0,50000,0,50000,50000
060055,宏達電凱基99購06,0,0,0,0,0,0,0,0,0,50000,0,0,0,81000,31000,50000,50000
060375,葡萄王元富9A購01,0,0,0,0,0,0,0,0,0,50000,0,0,0,115000,65000,50000,50000
057956,全新元大99購04  ,0,0,0,0,0,0,0,0,0,50000,0,0,0,50000,0,50000,50000
058009,智易國票99購01  ,0,0,0,0,0,0,0,0,0,50000,0,0,0,50000,0,50000,50000
056999,元油2X國票98購02,0,0,0,0,0,0,0,0,0,50000,0,0,0,50000,0,50000,50000
058493,台積電群益9A購01,0,0,0,0,0,0,0,0,0,50000,0,0,0,50000,0,50000,50000
059619,台積電日盛9A購04,0,0,0,0,0,0,0,0,0,50000,0,0,0,51000,1000,50000,50000
056820,欣興永豐98購02  ,0,0,0,0,0,0,0,0,0,50000,0,0,0,50000,0,50000,50000
056937,智原元富98購01  ,0,0,0,0,0,0,0,0,0,50000,0,0,0,95000,45000,50000,50000
059804,台積電元富99購01,0,0,0,0,0,0,0,0,0,50000,0,0,0,50000,0,50000,50000
059842,台積電富邦9C購05,0,0,0,0,0,0,0,0,0,50000,0,0,0,50000,0,50000,50000
059849,興勤永豐99購01  ,0,0,0,0,0,0,0,0,0,50000,0,0,0,50000,0,50000,50000
059747,台達電台新99購01,0,0,0,0,0,0,0,0,0,50000,0,0,0,55000,5000,50000,50000
08066P,南亞科凱基9B售04,0,0,0,0,0,0,0,0,0,50000,0,0,0,70000,20000,50000,50000
08003P,國巨國泰9B售07  ,0,0,0,0,0,0,0,0,0,50000,0,0,0,80000,30000,50000,50000
07757P,國巨國票9B售04  ,0,0,0,0,0,0,0,0,0,50000,0,0,0,50000,0,50000,50000
07560P,台積電國泰9B售01,0,0,0,0,0,0,0,0,0,50000,0,0,0,57000,7000,50000,50000
06843P,鴻海元大98售11  ,0,0,0,0,0,0,0,0,0,50000,0,0,0,99000,49000,50000,50000
06696P,台灣50國票99售01,0,0,0,0,0,0,0,0,0,50000,0,0,0,50000,0,50000,50000
07016P,聯發科元大99售10,0,0,0,0,0,0,0,0,0,50000,0,0,0,50000,0,50000,50000
1614,三洋電          ,50000,0,50000,0,0,0,0,0,0,0,0,0,0,0,0,0,50000
1618,合機            ,64000,14000,50000,0,0,0,0,0,0,0,0,0,0,0,0,0,50000
4919,新唐            ,369000,312000,57000,0,0,0,0,0,0,-7000,0,0,0,6000,13000,-7000,50000
4763,材料-KY         ,62000,7000,55000,0,0,0,0,0,0,-5000,0,5000,-5000,0,0,0,50000
6152,百一            ,50000,0,50000,0,0,0,0,0,0,0,0,0,0,0,0,0,50000
8033,雷虎            ,43000,0,43000,0,0,0,0,0,0,7000,7000,0,7000,0,0,0,50000
061319,聯發科凱基9A購16,0,0,0,0,0,0,0,0,0,49000,0,0,0,60000,11000,49000,49000
061302,晶技永豐9A購04  ,0,0,0,0,0,0,0,0,0,49000,0,0,0,49000,0,49000,49000
061378,南六永豐9A購03  ,0,0,0,0,0,0,0,0,0,49000,0,0,0,116000,67000,49000,49000
061659,信邦永豐9A購01  ,0,0,0,0,0,0,0,0,0,49000,0,0,0,200000,151000,49000,49000
060419,漢翔永豐9A購01  ,0,0,0,0,0,0,0,0,0,49000,0,0,0,53000,4000,49000,49000
060827,健策元大9A購02  ,0,0,0,0,0,0,0,0,0,49000,0,0,0,107000,58000,49000,49000
060943,宏達電國票9B購02,0,0,0,0,0,0,0,0,0,49000,0,0,0,75000,26000,49000,49000
055908,GIS日盛97購01   ,0,0,0,0,0,0,0,0,0,49000,0,0,0,49000,0,49000,49000
054351,華新科國泰97購03,0,0,0,0,0,0,0,0,0,49000,0,0,0,61000,12000,49000,49000
052686,華新科元大96購03,0,0,0,0,0,0,0,0,0,49000,0,0,0,49000,0,49000,49000
054147,GIS元大96購02   ,0,0,0,0,0,0,0,0,0,49000,0,0,0,106000,57000,49000,49000
059159,上銀凱基99購05  ,0,0,0,0,0,0,0,0,0,49000,0,0,0,77000,28000,49000,49000
059040,訊芯群益99購03  ,0,0,0,0,0,0,0,0,0,49000,0,0,0,129000,80000,49000,49000
057556,智易凱基99購01  ,0,0,0,0,0,0,0,0,0,49000,0,0,0,139000,90000,49000,49000
4306,炎洲            ,49000,1000,48000,0,0,0,0,0,0,1000,1000,0,1000,0,0,0,49000
1592,英瑞-KY         ,114000,64000,50000,0,0,0,0,0,0,-1000,0,1000,-1000,0,0,0,49000
2023,燁輝            ,243000,194000,49000,0,0,0,0,0,0,0,0,0,0,0,0,0,49000
1316,上曜            ,50000,1000,49000,0,0,0,0,0,0,0,0,0,0,0,0,0,49000
06766P,玉晶光元大99售10,0,0,0,0,0,0,0,0,0,49000,0,0,0,59000,10000,49000,49000
07289P,台灣50凱基99售07,0,0,0,0,0,0,0,0,0,49000,0,0,0,49000,0,49000,49000
07844P,可成國票9A售01  ,0,0,0,0,0,0,0,0,0,49000,0,0,0,66000,17000,49000,49000
08101P,超眾群益9B售02  ,0,0,0,0,0,0,0,0,0,49000,0,0,0,51000,2000,49000,49000
062442,華新科元大9C購02,0,0,0,0,0,0,0,0,0,48000,0,0,0,92000,44000,48000,48000
052045,瑞昱凱基96購01  ,0,0,0,0,0,0,0,0,0,48000,0,0,0,48000,0,48000,48000
050896,華新科元大96購02,0,0,0,0,0,0,0,0,0,48000,0,0,0,48000,0,48000,48000
055727,矽力元大97購02  ,0,0,0,0,0,0,0,0,0,48000,0,0,0,48000,0,48000,48000
056365,欣興元大98購01  ,0,0,0,0,0,0,0,0,0,48000,0,0,0,69000,21000,48000,48000
056340,可成凱基98購04  ,0,0,0,0,0,0,0,0,0,48000,0,0,0,126000,78000,48000,48000
056296,旺宏元大97購07  ,0,0,0,0,0,0,0,0,0,48000,0,0,0,68000,20000,48000,48000
05590P,臺股指中信96售05,0,0,0,0,0,0,0,0,0,48000,0,0,0,74000,26000,48000,48000
055323,貿聯國票98購01  ,0,0,0,0,0,0,0,0,0,48000,0,0,0,49000,1000,48000,48000
054805,台苯元大9A購01  ,0,0,0,0,0,0,0,0,0,48000,0,0,0,68000,20000,48000,48000
058879,智邦富邦99購01  ,0,0,0,0,0,0,0,0,0,48000,0,0,0,48000,0,48000,48000
058359,瑞昱凱基99購01  ,0,0,0,0,0,0,0,0,0,48000,0,0,0,62000,14000,48000,48000
058383,道瓊指中信9C購02,0,0,0,0,0,0,0,0,0,48000,0,0,0,2087000,2039000,48000,48000
056921,京元電兆豐98購01,0,0,0,0,0,0,0,0,0,48000,0,0,0,68000,20000,48000,48000
059875,信邦凱基99購02  ,0,0,0,0,0,0,0,0,0,48000,0,0,0,48000,0,48000,48000
057944,新日興國票99購02,0,0,0,0,0,0,0,0,0,48000,0,0,0,61000,13000,48000,48000
060059,鴻海兆豐99購06  ,0,0,0,0,0,0,0,0,0,48000,0,0,0,85000,37000,48000,48000
057365,智邦元大98購07  ,0,0,0,0,0,0,0,0,0,48000,0,0,0,76000,28000,48000,48000
058342,鴻海群益9A購01  ,0,0,0,0,0,0,0,0,0,48000,0,0,0,99000,51000,48000,48000
08010P,大成鋼元大9B售01,0,0,0,0,0,0,0,0,0,48000,0,0,0,48000,0,48000,48000
07494P,葡萄王元大9A售03,0,0,0,0,0,0,0,0,0,48000,0,0,0,50000,2000,48000,48000
2431,聯昌            ,62000,14000,48000,0,0,0,0,0,0,0,0,0,0,0,0,0,48000
3406,玉晶光          ,619000,468000,151000,0,0,0,0,20000,-20000,-83000,91000,183000,-92000,51000,42000,9000,48000
3557,嘉威            ,235000,188000,47000,0,0,0,0,0,0,1000,1000,0,1000,0,0,0,48000
3596,智易            ,182000,140000,42000,0,0,0,0,0,0,6000,1000,1000,0,30000,24000,6000,48000
062689,華擎統一02購01  ,0,0,0,0,0,0,0,0,0,47000,0,0,0,105000,58000,47000,47000
062058,瑞昱統一01購01  ,0,0,0,0,0,0,0,0,0,47000,0,0,0,62000,15000,47000,47000
061772,健策元大9B購06  ,0,0,0,0,0,0,0,0,0,47000,0,0,0,285000,238000,47000,47000
062156,美律凱基9B購01  ,0,0,0,0,0,0,0,0,0,47000,0,0,0,57000,10000,47000,47000
060992,健策元大9A購05  ,0,0,0,0,0,0,0,0,0,47000,0,0,0,161000,114000,47000,47000
060484,聯發科富邦9C購02,0,0,0,0,0,0,0,0,0,47000,0,0,0,47000,0,47000,47000
061350,牧德元大9B購03  ,0,0,0,0,0,0,0,0,0,47000,0,0,0,47000,0,47000,47000
061155,華新科群益9A購06,0,0,0,0,0,0,0,0,0,47000,0,0,0,97000,50000,47000,47000
058939,台積電中信9B購01,0,0,0,0,0,0,0,0,0,47000,0,0,0,69000,22000,47000,47000
056224,聯發科凱基97購08,0,0,0,0,0,0,0,0,0,47000,0,0,0,47000,0,47000,47000
056215,華新科國票97購03,0,0,0,0,0,0,0,0,0,47000,0,0,0,50000,3000,47000,47000
035276,南亞科台新97購01,0,0,0,0,0,0,0,0,0,47000,0,0,0,48000,1000,47000,47000
054151,瑞昱國泰97購01  ,0,0,0,0,0,0,0,0,0,47000,0,0,0,62000,15000,47000,47000
060098,華新科元大99購24,0,0,0,0,0,0,0,0,0,47000,0,0,0,50000,3000,47000,47000
056736,國巨凱基99購03  ,0,0,0,0,0,0,0,0,0,47000,0,0,0,47000,0,47000,47000
059115,美食永豐99購01  ,0,0,0,0,0,0,0,0,0,47000,0,0,0,92000,45000,47000,47000
8926,台汽電          ,324000,284000,40000,0,0,0,0,0,0,7000,0,0,0,15000,8000,7000,47000
2405,浩鑫            ,57000,10000,47000,0,0,0,0,0,0,0,0,0,0,0,0,0,47000
1608,華榮            ,109000,62000,47000,0,0,0,0,0,0,0,0,0,0,0,0,0,47000
1541,錩泰            ,10000,12000,-2000,0,0,0,0,0,0,49000,49000,0,49000,0,0,0,47000
07471P,南亞科元大9A售01,0,0,0,0,0,0,0,0,0,47000,0,0,0,54000,7000,47000,47000
060554,中租凱基9A購01  ,0,0,0,0,0,0,0,0,0,46000,0,0,0,88000,42000,46000,46000
060423,智易永豐9A購01  ,0,0,0,0,0,0,0,0,0,46000,0,0,0,49000,3000,46000,46000
060929,健策永豐9A購01  ,0,0,0,0,0,0,0,0,0,46000,0,0,0,144000,98000,46000,46000
056533,友達凱基9A購02  ,0,0,0,0,0,0,0,0,0,46000,0,0,0,86000,40000,46000,46000
020000,富邦特選蘋果N   ,0,0,0,0,0,0,0,0,0,46000,0,0,0,51000,5000,46000,46000
00742,新光內需收益    ,0,0,0,0,0,0,0,0,0,46000,0,0,0,180000,134000,46000,46000
054308,嘉晶凱基98購01  ,0,0,0,0,0,0,0,0,0,46000,0,0,0,66000,20000,46000,46000
056114,台達電群益97購02,0,0,0,0,0,0,0,0,0,46000,0,0,0,46000,0,46000,46000
059691,大立光永豐99購02,0,0,0,0,0,0,0,0,0,46000,0,0,0,50000,4000,46000,46000
08002P,大毅國票9B售03  ,0,0,0,0,0,0,0,0,0,46000,0,0,0,76000,30000,46000,46000
07779P,鴻海凱基9B售04  ,0,0,0,0,0,0,0,0,0,46000,0,0,0,46000,0,46000,46000
2007,燁興            ,46000,0,46000,0,0,0,0,0,0,0,0,0,0,0,0,0,46000
6235,華孚            ,63000,17000,46000,0,0,0,0,0,0,0,0,0,0,0,0,0,46000
060565,大立光富邦01購01,0,0,0,0,0,0,0,0,0,45000,0,0,0,47000,2000,45000,45000
061767,信邦元大9B購01  ,0,0,0,0,0,0,0,0,0,45000,0,0,0,172000,127000,45000,45000
062630,全新國票9B購02  ,0,0,0,0,0,0,0,0,0,45000,0,0,0,83000,38000,45000,45000
062924,世紀鋼元大9C購04,0,0,0,0,0,0,0,0,0,45000,0,0,0,105000,60000,45000,45000
062931,上証2X凱基01購01,0,0,0,0,0,0,0,0,0,45000,0,0,0,45000,0,45000,45000
063043,台灣50兆豐9B購02,0,0,0,0,0,0,0,0,0,45000,0,0,0,45000,0,45000,45000
056277,上銀富邦99購02  ,0,0,0,0,0,0,0,0,0,45000,0,0,0,65000,20000,45000,45000
056044,同欣電凱基97購03,0,0,0,0,0,0,0,0,0,45000,0,0,0,285000,240000,45000,45000
058782,臺股指國票99購01,0,0,0,0,0,0,0,0,0,45000,0,0,0,140000,95000,45000,45000
055205,京鼎中信99購01  ,0,0,0,0,0,0,0,0,0,45000,0,0,0,95000,50000,45000,45000
048755,志超元富96購01  ,0,0,0,0,0,0,0,0,0,45000,0,0,0,45000,0,45000,45000
059687,卜蜂永豐99購01  ,0,0,0,0,0,0,0,0,0,45000,0,0,0,75000,30000,45000,45000
059272,台灣50元大99購01,0,0,0,0,0,0,0,0,0,45000,0,0,0,45000,0,45000,45000
059595,華新科元大9A購03,0,0,0,0,0,0,0,0,0,45000,0,0,0,45000,0,45000,45000
057201,華擎元富98購01  ,0,0,0,0,0,0,0,0,0,45000,0,0,0,50000,5000,45000,45000
056855,祥碩中信98購02  ,0,0,0,0,0,0,0,0,0,45000,0,0,0,133000,88000,45000,45000
059121,瑞儀永豐99購01  ,0,0,0,0,0,0,0,0,0,45000,0,0,0,51000,6000,45000,45000
057697,國巨群益98購09  ,0,0,0,0,0,0,0,0,0,45000,0,0,0,50000,5000,45000,45000
056674,華邦電元富98購01,0,0,0,0,0,0,0,0,0,45000,0,0,0,168000,123000,45000,45000
060267,上緯控國票9C購01,0,0,0,0,0,0,0,0,0,45000,0,0,0,55000,10000,45000,45000
059941,聯發科永豐99購04,0,0,0,0,0,0,0,0,0,45000,0,0,0,105000,60000,45000,45000
059993,上銀元富99購01  ,0,0,0,0,0,0,0,0,0,45000,0,0,0,45000,0,45000,45000
057127,旺宏凱基98購09  ,0,0,0,0,0,0,0,0,0,45000,0,0,0,45000,0,45000,45000
057054,立積元大98購03  ,0,0,0,0,0,0,0,0,0,45000,0,0,0,123000,78000,45000,45000
057068,國巨永豐98購06  ,0,0,0,0,0,0,0,0,0,45000,0,0,0,45000,0,45000,45000
058213,欣興群益99購01  ,0,0,0,0,0,0,0,0,0,45000,0,0,0,45000,0,45000,45000
057482,微星元大98購03  ,0,0,0,0,0,0,0,0,0,45000,0,0,0,50000,5000,45000,45000
6155,鈞寶            ,77000,32000,45000,0,0,0,0,0,0,0,0,0,0,0,0,0,45000
1234,黑松            ,46000,1000,45000,0,0,0,0,0,0,0,0,0,0,0,0,0,45000
1474,弘裕            ,88000,43000,45000,0,0,0,0,0,0,0,0,0,0,0,0,0,45000
2514,龍邦            ,113000,68000,45000,0,0,0,0,0,0,0,0,0,0,0,0,0,45000
07847P,國巨群益9A售13  ,0,0,0,0,0,0,0,0,0,45000,0,0,0,50000,5000,45000,45000
06783P,亞光元大98售03  ,0,0,0,0,0,0,0,0,0,45000,0,0,0,45000,0,45000,45000
063051,仁寶統一01購01  ,0,0,0,0,0,0,0,0,0,44000,0,0,0,169000,125000,44000,44000
062096,神隆永豐9B購01  ,0,0,0,0,0,0,0,0,0,44000,0,0,0,200000,156000,44000,44000
062196,聯發科中信01購02,0,0,0,0,0,0,0,0,0,44000,0,0,0,140000,96000,44000,44000
062401,信邦永豐9B購01  ,0,0,0,0,0,0,0,0,0,44000,0,0,0,163000,119000,44000,44000
062306,華通凱基9B購01  ,0,0,0,0,0,0,0,0,0,44000,0,0,0,55000,11000,44000,44000
060828,高股息國票9A購01,0,0,0,0,0,0,0,0,0,44000,0,0,0,44000,0,44000,44000
06087P,國巨永豐97售01  ,0,0,0,0,0,0,0,0,0,44000,0,0,0,55000,11000,44000,44000
061117,美律國泰9C購01  ,0,0,0,0,0,0,0,0,0,44000,0,0,0,174000,130000,44000,44000
061358,世紀鋼元大9A購04,0,0,0,0,0,0,0,0,0,44000,0,0,0,55000,11000,44000,44000
056503,楠梓電永豐98購01,0,0,0,0,0,0,0,0,0,44000,0,0,0,44000,0,44000,44000
054481,鎧勝中信96購01  ,0,0,0,0,0,0,0,0,0,44000,0,0,0,44000,0,44000,44000
057162,上銀元大98購03  ,0,0,0,0,0,0,0,0,0,44000,0,0,0,72000,28000,44000,44000
059917,華新科元大99購19,0,0,0,0,0,0,0,0,0,44000,0,0,0,78000,34000,44000,44000
060291,高鐵元大9A購01  ,0,0,0,0,0,0,0,0,0,44000,0,0,0,58000,14000,44000,44000
056649,智易凱基98購01  ,0,0,0,0,0,0,0,0,0,44000,0,0,0,44000,0,44000,44000
056821,日電貿永豐98購01,0,0,0,0,0,0,0,0,0,44000,0,0,0,54000,10000,44000,44000
057236,聯詠凱基98購03  ,0,0,0,0,0,0,0,0,0,44000,0,0,0,171000,127000,44000,44000
059360,全新永豐99購02  ,0,0,0,0,0,0,0,0,0,44000,0,0,0,44000,0,44000,44000
06513P,鴻海凱基98售10  ,0,0,0,0,0,0,0,0,0,44000,0,0,0,140000,96000,44000,44000
5521,工信            ,177000,133000,44000,0,0,0,0,0,0,0,0,0,0,0,0,0,44000
060824,旺宏元大9A購06  ,0,0,0,0,0,0,0,0,0,43000,0,0,0,78000,35000,43000,43000
062041,華擎凱基9C購01  ,0,2000,-2000,0,0,0,0,0,0,45000,0,0,0,45000,0,45000,43000
055923,矽力凱基98購01  ,0,0,0,0,0,0,0,0,0,43000,0,0,0,51000,8000,43000,43000
058884,世紀鋼永豐99購02,0,0,0,0,0,0,0,0,0,43000,0,0,0,43000,0,43000,43000
055665,亞德客群益97購01,0,0,0,0,0,0,0,0,0,43000,0,0,0,46000,3000,43000,43000
054755,世紀鋼凱基98購01,0,0,0,0,0,0,0,0,0,43000,0,0,0,71000,28000,43000,43000
048651,美利達元大96購05,0,0,0,0,0,0,0,0,0,43000,0,0,0,168000,125000,43000,43000
059453,奇力新永豐99購01,0,0,0,0,0,0,0,0,0,43000,0,0,0,55000,12000,43000,43000
057640,台積電元大98購16,0,0,0,0,0,0,0,0,0,43000,0,0,0,51000,8000,43000,43000
058377,茂林凱基9A購03  ,0,0,0,0,0,0,0,0,0,43000,0,0,0,93000,50000,43000,43000
060281,卜蜂元大9C購01  ,0,0,0,0,0,0,0,0,0,43000,0,0,0,43000,0,43000,43000
6582,申豐            ,211000,168000,43000,0,0,0,0,0,0,0,25000,25000,0,0,0,0,43000
6449,鈺邦            ,45000,0,45000,0,0,0,0,0,0,-2000,0,2000,-2000,0,0,0,43000
07026P,超眾凱基99售03  ,0,0,0,0,0,0,0,0,0,43000,0,0,0,162000,119000,43000,43000
08009P,華擎統一9B售02  ,0,0,0,0,0,0,0,0,0,43000,0,0,0,63000,20000,43000,43000
07496P,鴻海元大9A售05  ,0,0,0,0,0,0,0,0,0,43000,0,0,0,43000,0,43000,43000
062128,祥碩統一01購01  ,0,0,0,0,0,0,0,0,0,42000,0,0,0,64000,22000,42000,42000
062974,奇力新元富9B購01,0,0,0,0,0,0,0,0,0,42000,0,0,0,42000,0,42000,42000
061307,和潤永豐9A購02  ,0,0,0,0,0,0,0,0,0,42000,0,0,0,103000,61000,42000,42000
061269,嘉澤凱基9A購01  ,0,0,0,0,0,0,0,0,0,42000,0,0,0,136000,94000,42000,42000
061490,茂林兆豐9B購01  ,0,0,0,0,0,0,0,0,0,42000,0,0,0,42000,0,42000,42000
061468,神達群益9A購01  ,0,0,0,0,0,0,0,0,0,42000,0,0,0,126000,84000,42000,42000
051731,聯電國票96購02  ,0,0,0,0,0,0,0,0,0,42000,0,0,0,46000,4000,42000,42000
053921,嘉晶國票97購03  ,0,0,0,0,0,0,0,0,0,42000,0,0,0,242000,200000,42000,42000
055479,GIS凱基97購04   ,0,0,0,0,0,0,0,0,0,42000,0,0,0,42000,0,42000,42000
054753,復盛凱基98購01  ,0,0,0,0,0,0,0,0,0,42000,0,0,0,87000,45000,42000,42000
054996,聯陽元富97購01  ,0,0,0,0,0,0,0,0,0,42000,0,0,0,42000,0,42000,42000
060252,緯穎元大9A購02  ,0,0,0,0,0,0,0,0,0,42000,0,0,0,148000,106000,42000,42000
060365,京鼎元富9A購01  ,0,0,0,0,0,0,0,0,0,42000,0,0,0,42000,0,42000,42000
060056,大立光凱基9B購01,0,0,0,0,0,0,0,0,0,42000,0,0,0,50000,8000,42000,42000
059985,華新科元大99購22,0,0,0,0,0,0,0,0,0,42000,0,0,0,76000,34000,42000,42000
059370,玉晶光元富99購02,0,0,0,0,0,0,0,0,0,42000,0,0,0,63000,21000,42000,42000
057779,禾伸堂群益98購02,0,0,0,0,0,0,0,0,0,42000,0,0,0,66000,24000,42000,42000
5283,禾聯碩          ,29000,0,29000,0,0,0,0,0,0,13000,14000,0,14000,0,1000,-1000,42000
1506,正道            ,42000,0,42000,0,0,0,0,0,0,0,0,0,0,0,0,0,42000
2009,第一銅          ,42000,0,42000,0,0,0,0,0,0,0,0,0,0,0,0,0,42000
061500,京鼎國票9B購01  ,0,0,0,0,0,0,0,0,0,41000,0,0,0,41000,0,41000,41000
061258,華通凱基9A購06  ,0,0,0,0,0,0,0,0,0,41000,0,0,0,46000,5000,41000,41000
060823,旺宏元大9A購05  ,0,0,0,0,0,0,0,0,0,41000,0,0,0,50000,9000,41000,41000
062824,國巨群益9C購03  ,0,0,0,0,0,0,0,0,0,41000,0,0,0,41000,0,41000,41000
06216P,上銀元富97售03  ,0,0,0,0,0,0,0,0,0,41000,0,0,0,55000,14000,41000,41000
061950,日月光群益9B購01,0,0,0,0,0,0,0,0,0,41000,0,0,0,98000,57000,41000,41000
061797,聯發科永豐9B購01,0,0,0,0,0,0,0,0,0,41000,0,0,0,111000,70000,41000,41000
055818,晶相光國票97購02,0,0,0,0,0,0,0,0,0,41000,0,0,0,41000,0,41000,41000
05571P,大立光統一96售03,0,0,0,0,0,0,0,0,0,41000,0,0,0,41000,0,41000,41000
055660,台光電兆豐97購01,0,0,0,0,0,0,0,0,0,41000,0,0,0,41000,0,41000,41000
056335,微星凱基98購01  ,0,0,0,0,0,0,0,0,0,41000,0,0,0,61000,20000,41000,41000
052361,大成鋼國票96購01,0,0,0,0,0,0,0,0,0,41000,0,0,0,41000,0,41000,41000
053081,上銀元大97購02  ,0,0,0,0,0,0,0,0,0,41000,0,0,0,41000,0,41000,41000
053247,麗豐國票97購01  ,0,0,0,0,0,0,0,0,0,41000,0,0,0,51000,10000,41000,41000
053158,茂林元大96購01  ,0,0,0,0,0,0,0,0,0,41000,0,0,0,41000,0,41000,41000
03433B,臺股指元大9C熊01,0,0,0,0,0,0,0,0,0,41000,0,0,0,62000,21000,41000,41000
056863,義隆群益98購01  ,0,0,0,0,0,0,0,0,0,41000,0,0,0,87000,46000,41000,41000
056723,國巨中信9A購01  ,0,0,0,0,0,0,0,0,0,41000,0,0,0,41000,0,41000,41000
057694,臺股指凱基98購12,0,0,0,0,0,0,0,0,0,41000,0,0,0,41000,0,41000,41000
05983P,聯詠國票96售02  ,0,0,0,0,0,0,0,0,0,41000,0,0,0,41000,0,41000,41000
057929,上銀群益98購02  ,0,0,0,0,0,0,0,0,0,41000,0,0,0,103000,62000,41000,41000
057053,立積元大98購02  ,0,0,0,0,0,0,0,0,0,41000,0,0,0,67000,26000,41000,41000
057976,旺宏永豐98購03  ,0,0,0,0,0,0,0,0,0,41000,0,0,0,41000,0,41000,41000
058628,宏達電國票9A購01,0,0,0,0,0,0,0,0,0,41000,0,0,0,41000,0,41000,41000
2705,六福            ,79000,38000,41000,0,0,0,0,0,0,0,0,0,0,0,0,0,41000
07381P,鴻海群益99售05  ,0,0,0,0,0,0,0,0,0,41000,0,0,0,41000,0,41000,41000
07006P,旺宏統一9B售03  ,0,0,0,0,0,0,0,0,0,41000,0,0,0,41000,0,41000,41000
06993P,鴻海凱基99售05  ,0,0,0,0,0,0,0,0,0,41000,0,0,0,1076000,1035000,41000,41000
07148P,富邦金元大99售01,0,0,0,0,0,0,0,0,0,41000,0,0,0,82000,41000,41000,41000
07086P,力成元富9C售01  ,0,0,0,0,0,0,0,0,0,41000,0,0,0,72000,31000,41000,41000
06712P,臺股指台新99售09,0,0,0,0,0,0,0,0,0,41000,0,0,0,49000,8000,41000,41000
061876,明泰元大9B購01  ,0,0,0,0,0,0,0,0,0,40000,0,0,0,42000,2000,40000,40000
062110,華擎國票9B購01  ,0,0,0,0,0,0,0,0,0,40000,0,0,0,107000,67000,40000,40000
062122,國巨統一02購01  ,0,0,0,0,0,0,0,0,0,40000,0,0,0,40000,0,40000,40000
062209,台積電台新9B購05,0,0,0,0,0,0,0,0,0,40000,0,0,0,100000,60000,40000,40000
06225P,華新科元富97售04,0,0,0,0,0,0,0,0,0,40000,0,0,0,40000,0,40000,40000
062271,華通群益9C購02  ,0,0,0,0,0,0,0,0,0,40000,0,0,0,140000,100000,40000,40000
062357,國巨元大9B購11  ,0,0,0,0,0,0,0,0,0,40000,0,0,0,40000,0,40000,40000
062862,瑞儀國票9B購01  ,0,0,0,0,0,0,0,0,0,40000,0,0,0,40000,0,40000,40000
062610,啟碁凱基9B購01  ,0,0,0,0,0,0,0,0,0,40000,0,0,0,50000,10000,40000,40000
062500,國巨群益01購01  ,0,0,0,0,0,0,0,0,0,40000,0,0,0,50000,10000,40000,40000
060486,中租富邦9A購01  ,0,0,0,0,0,0,0,0,0,40000,0,0,0,100000,60000,40000,40000
061291,玉晶光統一01購05,0,0,0,0,0,0,0,0,0,40000,0,0,0,40000,0,40000,40000
061368,南六國票9A購01  ,0,0,0,0,0,0,0,0,0,40000,0,0,0,56000,16000,40000,40000
06147P,國巨元大97售05  ,0,0,0,0,0,0,0,0,0,40000,0,0,0,40000,0,40000,40000
061712,旺宏凱基9A購08  ,0,0,0,0,0,0,0,0,0,40000,0,0,0,40000,0,40000,40000
051487,健策凱基96購03  ,0,0,0,0,0,0,0,0,0,40000,0,0,0,40000,0,40000,40000
046629,群創統一98購01  ,0,0,0,0,0,0,0,0,0,40000,0,0,0,40000,0,40000,40000
053107,旺宏兆豐97購01  ,0,0,0,0,0,0,0,0,0,40000,0,0,0,70000,30000,40000,40000
053029,國巨第一96購01  ,0,0,0,0,0,0,0,0,0,40000,0,0,0,40000,0,40000,40000
056438,旺宏凱基98購05  ,0,0,0,0,0,0,0,0,0,40000,0,0,0,70000,30000,40000,40000
056051,T50反1元大97購05,0,0,0,0,0,0,0,0,0,40000,0,0,0,40000,0,40000,40000
055776,宏達電凱基98購02,0,0,0,0,0,0,0,0,0,40000,0,0,0,81000,41000,40000,40000
055876,美食元富9A購01  ,0,0,0,0,0,0,0,0,0,40000,0,0,0,55000,15000,40000,40000
054400,健策永豐96購02  ,0,0,0,0,0,0,0,0,0,40000,0,0,0,40000,0,40000,40000
05440P,緯穎國票96售02  ,0,0,0,0,0,0,0,0,0,40000,0,0,0,40000,0,40000,40000
055127,台虹兆豐97購01  ,0,0,0,0,0,0,0,0,0,40000,0,0,0,140000,100000,40000,40000
058091,欣興元大99購03  ,0,0,0,0,0,0,0,0,0,40000,0,0,0,50000,10000,40000,40000
058106,神達統一98購02  ,0,0,0,0,0,0,0,0,0,40000,0,0,0,102000,62000,40000,40000
058256,臺股指元大9A購20,0,0,0,0,0,0,0,0,0,40000,0,0,0,40000,0,40000,40000
057494,玉晶光元大99購09,0,0,0,0,0,0,0,0,0,40000,0,0,0,50000,10000,40000,40000
057832,聯發科元富02購05,0,0,0,0,0,0,0,0,0,40000,0,0,0,65000,25000,40000,40000
057101,新光金中信9A購01,0,0,0,0,0,0,0,0,0,40000,0,0,0,40000,0,40000,40000
060050,鴻海凱基9B購01  ,0,0,0,0,0,0,0,0,0,40000,0,0,0,90000,50000,40000,40000
058468,聯茂中信99購02  ,0,0,0,0,0,0,0,0,0,40000,0,0,0,40000,0,40000,40000
059148,百和國票9A購01  ,0,0,0,0,0,0,0,0,0,40000,0,0,0,40000,0,40000,40000
058428,大立光元富99購02,0,0,0,0,0,0,0,0,0,40000,0,0,0,101000,61000,40000,40000
056940,嘉聯益元富98購01,0,0,0,0,0,0,0,0,0,40000,0,0,0,40000,0,40000,40000
059322,晶技元大99購06  ,0,0,0,0,0,0,0,0,0,40000,0,0,0,40000,0,40000,40000
059644,茂林凱基99購03  ,0,0,0,0,0,0,0,0,0,40000,0,0,0,40000,0,40000,40000
059702,台積電凱基9A購14,0,0,0,0,0,0,0,0,0,40000,0,0,0,41000,1000,40000,40000
07059P,華通國票9A售02  ,0,0,0,0,0,0,0,0,0,40000,0,0,0,40000,0,40000,40000
07184P,台灣50元富01售01,0,0,0,0,0,0,0,0,0,40000,0,0,0,40000,0,40000,40000
07532P,台灣50中信01售02,0,0,0,0,0,0,0,0,0,40000,0,0,0,50000,10000,40000,40000
07930P,聯發科統一9B售06,0,0,0,0,0,0,0,0,0,40000,0,0,0,40000,0,40000,40000
07885P,長榮航凱基9B售01,0,0,0,0,0,0,0,0,0,40000,0,0,0,40000,0,40000,40000
08131P,立積元大9B售02  ,0,0,0,0,0,0,0,0,0,40000,0,0,0,40000,0,40000,40000
061458,臻鼎凱基9A購02  ,0,0,0,0,0,0,0,0,0,39000,0,0,0,123000,84000,39000,39000
061141,臻鼎統一9A購01  ,0,0,0,0,0,0,0,0,0,39000,0,0,0,64000,25000,39000,39000
060578,臺股指中信9C購03,0,0,0,0,0,0,0,0,0,39000,0,0,0,40000,1000,39000,39000
060612,世紀鋼凱基9A購01,0,0,0,0,0,0,0,0,0,39000,0,0,0,39000,0,39000,39000
061983,華新科元大9B購04,0,0,0,0,0,0,0,0,0,39000,0,0,0,50000,11000,39000,39000
054845,智邦兆豐98購01  ,0,0,0,0,0,0,0,0,0,39000,0,0,0,39000,0,39000,39000
056004,南電永豐97購02  ,0,0,0,0,0,0,0,0,0,39000,0,0,0,150000,111000,39000,39000
058802,矽創元大99購02  ,0,0,0,0,0,0,0,0,0,39000,0,0,0,100000,61000,39000,39000
056512,易華電永豐98購01,0,0,0,0,0,0,0,0,0,39000,0,0,0,76000,37000,39000,39000
00690,兆豐藍籌30      ,0,0,0,0,0,0,0,0,0,39000,0,0,0,228000,189000,39000,39000
057530,奇鋐元大99購01  ,0,0,0,0,0,0,0,0,0,39000,0,0,0,78000,39000,39000,39000
059143,國巨國票9A購04  ,0,0,0,0,0,0,0,0,0,39000,0,0,0,58000,19000,39000,39000
057003,立積國票98購01  ,0,0,0,0,0,0,0,0,0,39000,0,0,0,74000,35000,39000,39000
057826,祥碩元大98購08  ,0,0,0,0,0,0,0,0,0,39000,0,0,0,67000,28000,39000,39000
058150,中502X統一9B購01,0,0,0,0,0,0,0,0,0,39000,0,0,0,39000,0,39000,39000
1459,聯發            ,45000,6000,39000,0,0,0,0,0,0,0,0,0,0,0,0,0,39000
2530,華建            ,52000,13000,39000,0,0,0,0,0,0,0,0,0,0,0,0,0,39000
4739,康普            ,65000,24000,41000,0,0,0,0,0,0,-2000,0,2000,-2000,0,0,0,39000
06849P,欣興元大98售12  ,0,0,0,0,0,0,0,0,0,39000,0,0,0,74000,35000,39000,39000
062180,瑞昱元大9B購03  ,0,0,0,0,0,0,0,0,0,38000,0,0,0,79000,41000,38000,38000
062796,技嘉統一9C購01  ,0,0,0,0,0,0,0,0,0,38000,0,0,0,46000,8000,38000,38000
061649,緯穎元大9A購06  ,0,0,0,0,0,0,0,0,0,38000,0,0,0,48000,10000,38000,38000
00733,富邦臺灣中小    ,0,0,0,0,0,0,0,0,0,38000,0,0,0,246000,208000,38000,38000
047418,智邦富邦97購01  ,0,0,0,0,0,0,0,0,0,38000,0,0,0,40000,2000,38000,38000
051423,GIS國票97購01   ,0,0,0,0,0,0,0,0,0,38000,0,0,0,66000,28000,38000,38000
058799,晶技元大99購04  ,0,0,0,0,0,0,0,0,0,38000,0,0,0,38000,0,38000,38000
058768,南港兆豐99購01  ,0,0,0,0,0,0,0,0,0,38000,0,0,0,102000,64000,38000,38000
054898,台肥康和97購01  ,0,0,0,0,0,0,0,0,0,38000,0,0,0,38000,0,38000,38000
055327,致新國票98購01  ,0,0,0,0,0,0,0,0,0,38000,0,0,0,218000,180000,38000,38000
054766,智原國票98購01  ,0,0,0,0,0,0,0,0,0,38000,0,0,0,38000,0,38000,38000
057193,力成元大98購02  ,0,0,0,0,0,0,0,0,0,38000,0,0,0,38000,0,38000,38000
056611,國巨永豐98購03  ,0,0,0,0,0,0,0,0,0,38000,0,0,0,38000,0,38000,38000
057587,微星國票99購01  ,0,0,0,0,0,0,0,0,0,38000,0,0,0,38000,0,38000,38000
059696,立積永豐99購03  ,0,0,0,0,0,0,0,0,0,38000,0,0,0,58000,20000,38000,38000
057750,神達國票99購01  ,0,0,0,0,0,0,0,0,0,38000,0,0,0,38000,0,38000,38000
059866,國巨凱基99購18  ,0,0,0,0,0,0,0,0,0,38000,0,0,0,40000,2000,38000,38000
058579,聯發科群益99購04,0,0,0,0,0,0,0,0,0,38000,0,0,0,38000,0,38000,38000
3550,聯穎            ,38000,0,38000,0,0,0,0,0,0,0,0,0,0,0,0,0,38000
5007,三星            ,38000,0,38000,0,0,0,0,0,0,0,0,0,0,0,0,0,38000
2506,太設            ,38000,0,38000,0,0,0,0,0,0,0,0,0,0,0,0,0,38000
1720,生達            ,415000,359000,56000,0,0,0,0,0,0,-18000,0,18000,-18000,0,0,0,38000
060622,玉晶光元大9B購02,0,0,0,0,0,0,0,0,0,37000,0,0,0,37000,0,37000,37000
062421,台積電統一9C購09,0,0,0,0,0,0,0,0,0,37000,0,0,0,37000,0,37000,37000
00713,元大台灣高息低波,29000,0,29000,0,0,0,0,0,0,8000,0,0,0,8000,0,8000,37000
053176,矽力群益96購02  ,0,0,0,0,0,0,0,0,0,37000,0,0,0,42000,5000,37000,37000
053168,晶技群益98購01  ,0,0,0,0,0,0,0,0,0,37000,0,0,0,37000,0,37000,37000
053582,英業達元大97購01,0,0,0,0,0,0,0,0,0,37000,0,0,0,110000,73000,37000,37000
058189,嘉澤永豐99購01  ,0,0,0,0,0,0,0,0,0,37000,0,0,0,115000,78000,37000,37000
060032,利勤永豐99購01  ,0,0,0,0,0,0,0,0,0,37000,0,0,0,172000,135000,37000,37000
2608,嘉里大榮        ,109000,72000,37000,0,0,0,0,0,0,0,0,0,0,0,0,0,37000
2832,台產            ,80000,43000,37000,0,0,0,0,0,0,0,0,0,0,0,0,0,37000
063247,信邦元大9B購02  ,0,0,0,0,0,0,0,0,0,37000,0,0,0,37000,0,37000,37000
07552P,技嘉元大9A售03  ,0,0,0,0,0,0,0,0,0,37000,0,0,0,37000,0,37000,37000
062278,聯發科群益9C購01,0,0,0,0,0,0,0,0,0,36000,0,0,0,114000,78000,36000,36000
061798,晶豪科永豐9B購01,0,0,0,0,0,0,0,0,0,36000,0,0,0,99000,63000,36000,36000
061773,和潤元大9B購01  ,0,0,0,0,0,0,0,0,0,36000,0,0,0,70000,34000,36000,36000
062988,儒鴻群益9B購01  ,0,0,0,0,0,0,0,0,0,36000,0,0,0,229000,193000,36000,36000
060413,東元永豐9A購01  ,0,0,0,0,0,0,0,0,0,36000,0,0,0,48000,12000,36000,36000
060472,中租元大9A購02  ,0,0,0,0,0,0,0,0,0,36000,0,0,0,64000,28000,36000,36000
061688,華通群益9A購07  ,0,0,0,0,0,0,0,0,0,36000,0,0,0,41000,5000,36000,36000
06150P,奇力新元大97售06,0,0,0,0,0,0,0,0,0,36000,0,0,0,71000,35000,36000,36000
061343,大立光元大9A購04,0,0,0,0,0,0,0,0,0,36000,0,0,0,50000,14000,36000,36000
053337,聯電國票97購01  ,0,0,0,0,0,0,0,0,0,36000,0,0,0,38000,2000,36000,36000
055635,緯穎永豐97購01  ,0,0,0,0,0,0,0,0,0,36000,0,0,0,50000,14000,36000,36000
056103,聯發科永豐97購03,0,0,0,0,0,0,0,0,0,36000,0,0,0,36000,0,36000,36000
056450,可成凱基98購05  ,0,0,0,0,0,0,0,0,0,36000,0,0,0,101000,65000,36000,36000
056360,智邦元大98購01  ,0,0,0,0,0,0,0,0,0,36000,0,0,0,86000,50000,36000,36000
054852,奇鋐國票98購01  ,0,0,0,0,0,0,0,0,0,36000,0,0,0,36000,0,36000,36000
055953,上銀元大97購09  ,0,0,0,0,0,0,0,0,0,36000,0,0,0,77000,41000,36000,36000
058774,台郡兆豐9A購01  ,0,0,0,0,0,0,0,0,0,36000,0,0,0,121000,85000,36000,36000
058949,上銀群益99購02  ,0,0,0,0,0,0,0,0,0,36000,0,0,0,58000,22000,36000,36000
058008,禾伸堂國票99購02,0,0,0,0,0,0,0,0,0,36000,0,0,0,36000,0,36000,36000
057057,立積元大9A購01  ,0,0,0,0,0,0,0,0,0,36000,0,0,0,36000,0,36000,36000
060187,華新科元富9A購02,0,0,0,0,0,0,0,0,0,36000,0,0,0,118000,82000,36000,36000
059914,台積電元大99購47,0,0,0,0,0,0,0,0,0,36000,0,0,0,74000,38000,36000,36000
056906,玉晶光元大9B購01,0,0,0,0,0,0,0,0,0,36000,0,0,0,150000,114000,36000,36000
059460,GIS永豐99購02   ,0,0,0,0,0,0,0,0,0,36000,0,0,0,36000,0,36000,36000
057650,力成元大98購04  ,0,0,0,0,0,0,0,0,0,36000,0,0,0,98000,62000,36000,36000
07266P,大立光元大99售19,0,0,0,0,0,0,0,0,0,36000,0,0,0,36000,0,36000,36000
063248,創意元大9C購01  ,0,0,0,0,0,0,0,0,0,36000,0,0,0,36000,0,36000,36000
06863P,欣興凱基98售05  ,0,0,0,0,0,0,0,0,0,36000,0,0,0,36000,0,36000,36000
2535,達欣工          ,29000,58000,-29000,0,0,0,0,0,0,65000,65000,0,65000,0,0,0,36000
6142,友勁            ,20000,0,20000,0,0,0,0,0,0,16000,16000,0,16000,0,0,0,36000
3605,宏致            ,134000,98000,36000,0,0,0,0,0,0,0,0,0,0,0,0,0,36000
061660,禾伸堂永豐9A購01,0,0,0,0,0,0,0,0,0,35000,0,0,0,60000,25000,35000,35000
060658,台灣50凱基01購04,0,0,0,0,0,0,0,0,0,35000,0,0,0,38000,3000,35000,35000
063030,華通凱基9B購03  ,0,0,0,0,0,0,0,0,0,35000,0,0,0,62000,27000,35000,35000
063018,聯發科元大9B購14,0,0,0,0,0,0,0,0,0,35000,0,0,0,38000,3000,35000,35000
062524,鴻海統一9C購09  ,0,0,0,0,0,0,0,0,0,35000,0,0,0,55000,20000,35000,35000
061961,台積電統一01購02,0,0,0,0,0,0,0,0,0,35000,0,0,0,40000,5000,35000,35000
062276,瑞昱群益9B購01  ,0,0,0,0,0,0,0,0,0,35000,0,0,0,41000,6000,35000,35000
062144,華通國票9B購01  ,0,0,0,0,0,0,0,0,0,35000,0,0,0,69000,34000,35000,35000
059228,臺股指元大99購21,0,0,0,0,0,0,0,0,0,35000,0,0,0,35000,0,35000,35000
055114,新日興凱基98購01,0,0,0,0,0,0,0,0,0,35000,0,0,0,60000,25000,35000,35000
052884,台積電兆豐96購01,0,0,0,0,0,0,0,0,0,35000,0,0,0,35000,0,35000,35000
053490,為升兆豐97購01  ,0,0,0,0,0,0,0,0,0,35000,0,0,0,35000,0,35000,35000
055583,國巨元大97購10  ,0,0,0,0,0,0,0,0,0,35000,0,0,0,36000,1000,35000,35000
00737,國泰AI+Robo     ,40000,1000,39000,0,0,0,0,0,0,-4000,0,0,0,477000,481000,-4000,35000
054060,晶技國票97購02  ,0,0,0,0,0,0,0,0,0,35000,0,0,0,35000,0,35000,35000
059685,T50正2永豐99購02,0,0,0,0,0,0,0,0,0,35000,0,0,0,43000,8000,35000,35000
057032,A50反1元大9B購01,0,0,0,0,0,0,0,0,0,35000,0,0,0,35000,0,35000,35000
057941,聯電國票99購01  ,0,0,0,0,0,0,0,0,0,35000,0,0,0,45000,10000,35000,35000
058162,上銀日盛9B購01  ,0,0,0,0,0,0,0,0,0,35000,0,0,0,75000,40000,35000,35000
057523,大成鋼元大99購01,0,0,0,0,0,0,0,0,0,35000,0,0,0,179000,144000,35000,35000
057171,台光電元大9B購01,0,0,0,0,0,0,0,0,0,35000,0,0,0,51000,16000,35000,35000
057153,祥碩國泰99購01  ,0,0,0,0,0,0,0,0,0,35000,0,0,0,35000,0,35000,35000
3055,蔚華科          ,37000,2000,35000,0,0,0,0,0,0,0,0,0,0,0,0,0,35000
3015,全漢            ,54000,20000,34000,0,0,0,0,0,0,1000,1000,0,1000,0,0,0,35000
1437,勤益控          ,35000,0,35000,0,0,0,0,0,0,0,0,0,0,0,0,0,35000
1442,名軒            ,36000,1000,35000,0,0,0,0,0,0,0,0,0,0,0,0,0,35000
1210,大成            ,713000,690000,23000,0,0,0,0,0,0,12000,12000,0,12000,0,0,0,35000
07069P,欣興元富99售02  ,0,0,0,0,0,0,0,0,0,35000,0,0,0,35000,0,35000,35000
06448P,華通元大99售01  ,0,0,0,0,0,0,0,0,0,35000,0,0,0,62000,27000,35000,35000
07526P,臺股指中信9B售08,0,0,0,0,0,0,0,0,0,35000,0,0,0,35000,0,35000,35000
07564P,臺股指中信01售01,0,0,0,0,0,0,0,0,0,35000,0,0,0,35000,0,35000,35000
07956P,鴻海群益9B售06  ,0,0,0,0,0,0,0,0,0,35000,0,0,0,35000,0,35000,35000
061539,國巨群益9B購03  ,0,0,0,0,0,0,0,0,0,34000,0,0,0,35000,1000,34000,34000
051068,台積電國票97購01,0,0,0,0,0,0,0,0,0,34000,0,0,0,34000,0,34000,34000
055380,智易元大98購02  ,0,0,0,0,0,0,0,0,0,34000,0,0,0,65000,31000,34000,34000
052047,建準凱基96購01  ,0,0,0,0,0,0,0,0,0,34000,0,0,0,34000,0,34000,34000
057894,華通元富02購02  ,0,0,0,0,0,0,0,0,0,34000,0,0,0,311000,277000,34000,34000
06005P,晶豪科永豐96售04,0,0,0,0,0,0,0,0,0,34000,0,0,0,50000,16000,34000,34000
059772,可成群益9A購05  ,0,0,0,0,0,0,0,0,0,34000,0,0,0,83000,49000,34000,34000
057738,旺宏富邦9A購01  ,0,0,0,0,0,0,0,0,0,34000,0,0,0,60000,26000,34000,34000
056744,麗豐凱基9A購01  ,0,0,0,0,0,0,0,0,0,34000,0,0,0,54000,20000,34000,34000
058495,元大金群益9B購01,0,0,0,0,0,0,0,0,0,34000,0,0,0,368000,334000,34000,34000
056586,光罩統一98購02  ,0,0,0,0,0,0,0,0,0,34000,0,0,0,34000,0,34000,34000
07673P,電子類元大9A售01,0,0,0,0,0,0,0,0,0,34000,0,0,0,35000,1000,34000,34000
1108,幸福            ,34000,0,34000,0,0,0,0,0,0,0,0,0,0,0,0,0,34000
1419,新紡            ,34000,0,34000,0,0,0,0,0,0,0,0,0,0,0,0,0,34000
1773,勝一            ,25000,9000,16000,0,0,0,0,0,0,18000,18000,0,18000,0,0,0,34000
3454,晶睿            ,71000,37000,34000,0,0,0,0,0,0,0,0,0,0,0,0,0,34000
6172,互億            ,11000,3000,8000,0,0,0,0,0,0,26000,26000,0,26000,0,0,0,34000
060683,泰鼎元大9A購02  ,0,0,0,0,0,0,0,0,0,33000,0,0,0,49000,16000,33000,33000
062150,南六國票9B購01  ,0,0,0,0,0,0,0,0,0,33000,0,0,0,38000,5000,33000,33000
062463,世紀鋼麥證9B購01,0,0,0,33000,0,33000,0,0,0,33000,0,0,0,33000,0,33000,33000
059912,國巨元大99購28  ,0,0,0,0,0,0,0,0,0,33000,0,0,0,38000,5000,33000,33000
058592,聯發科統一9C購01,0,0,0,0,0,0,0,0,0,33000,0,0,0,39000,6000,33000,33000
059694,創意永豐99購03  ,0,0,0,0,0,0,0,0,0,33000,0,0,0,33000,0,33000,33000
059255,臺股指凱基99購33,0,0,0,0,0,0,0,0,0,33000,0,0,0,33000,0,33000,33000
056966,嘉晶永豐98購01  ,0,0,0,0,0,0,0,0,0,33000,0,0,0,271000,238000,33000,33000
057340,玉晶光元富98購04,0,0,0,0,0,0,0,0,0,33000,0,0,0,33000,0,33000,33000
6541,泰福-KY         ,112000,79000,33000,0,0,0,0,0,0,0,0,0,0,0,0,0,33000
5546,永固-KY         ,73000,40000,33000,0,0,0,0,0,0,0,0,0,0,0,0,0,33000
1528,恩德            ,37000,4000,33000,0,0,0,0,0,0,0,0,0,0,0,0,0,33000
2939,凱羿-KY         ,45000,12000,33000,0,0,0,0,0,0,0,0,0,0,0,0,0,33000
2850,新產            ,96000,63000,33000,0,0,0,0,0,0,0,0,0,0,0,0,0,33000
07912P,玉晶光統一9B售02,0,0,0,0,0,0,0,0,0,33000,0,0,0,33000,0,33000,33000
06983P,台積電國泰9A售02,0,0,0,0,0,0,0,0,0,33000,0,0,0,40000,7000,33000,33000
062860,華擎國票9B購02  ,0,0,0,0,0,0,0,0,0,32000,0,0,0,54000,22000,32000,32000
062916,智易元大9B購01  ,0,0,0,0,0,0,0,0,0,32000,0,0,0,48000,16000,32000,32000
062197,聯發科中信01購03,0,0,0,0,0,0,0,0,0,32000,0,0,0,32000,0,32000,32000
061751,華通台新9B購01  ,0,0,0,0,0,0,0,0,0,32000,0,0,0,32000,0,32000,32000
061365,國巨國票9B購05  ,0,0,0,0,0,0,0,0,0,32000,0,0,0,38000,6000,32000,32000
05348P,美律元富98售01  ,0,0,0,0,0,0,0,0,0,32000,0,0,0,52000,20000,32000,32000
052969,建準群益97購01  ,0,0,0,0,0,0,0,0,0,32000,0,0,0,79000,47000,32000,32000
055353,華新科凱基98購03,0,0,0,0,0,0,0,0,0,32000,0,0,0,32000,0,32000,32000
055440,矽力國票98購01  ,0,0,0,0,0,0,0,0,0,32000,0,0,0,32000,0,32000,32000
054152,漢唐國泰98購02  ,0,0,0,0,0,0,0,0,0,32000,0,0,0,39000,7000,32000,32000
043442,大立光台新01購01,0,0,0,0,0,0,0,0,0,32000,0,0,0,52000,20000,32000,32000
048785,台積電元大96購01,0,0,0,0,0,0,0,0,0,32000,0,0,0,32000,0,32000,32000
049584,台積電元大96購04,0,0,0,0,0,0,0,0,0,32000,0,0,0,32000,0,32000,32000
055967,臻鼎元大97購01  ,0,0,0,0,0,0,0,0,0,32000,0,0,0,32000,0,32000,32000
055824,臺股指國票97購11,0,0,0,0,0,0,0,0,0,32000,0,0,0,33000,1000,32000,32000
054354,技嘉富邦97購01  ,0,0,0,0,0,0,0,0,0,32000,0,0,0,42000,10000,32000,32000
060363,美律元富9A購01  ,0,0,0,0,0,0,0,0,0,32000,0,0,0,222000,190000,32000,32000
059580,大立光元富99購07,0,0,0,0,0,0,0,0,0,32000,0,0,0,168000,136000,32000,32000
059560,T50反1凱基99購08,0,0,0,0,0,0,0,0,0,32000,0,0,0,47000,15000,32000,32000
059750,台灣50群益9A購05,0,0,0,0,0,0,0,0,0,32000,0,0,0,32000,0,32000,32000
05851P,力山群益97售01  ,0,0,0,0,0,0,0,0,0,32000,0,0,0,72000,40000,32000,32000
059889,華新科國票99購04,0,0,0,0,0,0,0,0,0,32000,0,0,0,32000,0,32000,32000
07139P,元油2X群益9C售06,0,0,0,0,0,0,0,0,0,32000,0,0,0,32000,0,32000,32000
06611P,祥碩國票98售01  ,0,0,0,0,0,0,0,0,0,32000,0,0,0,42000,10000,32000,32000
06543P,鴻海元大98售08  ,0,0,0,0,0,0,0,0,0,32000,0,0,0,66000,34000,32000,32000
063188,TPK凱基9B購01   ,0,0,0,0,0,0,0,0,0,32000,0,0,0,32000,0,32000,32000
07244P,鴻海凱基9A售13  ,0,0,0,0,0,0,0,0,0,32000,0,0,0,45000,13000,32000,32000
2739,寒舍            ,35000,3000,32000,0,0,0,0,0,0,0,0,0,0,0,0,0,32000
2495,普安            ,35000,3000,32000,0,0,0,0,0,0,0,0,0,0,0,0,0,32000
3057,喬鼎            ,44000,12000,32000,0,0,0,0,0,0,0,0,0,0,0,0,0,32000
3058,立德            ,35000,3000,32000,0,0,0,0,0,0,0,0,0,0,0,0,0,32000
061236,台積電元大9A購24,0,0,0,0,0,0,0,0,0,31000,0,0,0,31000,0,31000,31000
061698,智邦國票9A購04  ,0,0,0,0,0,0,0,0,0,31000,0,0,0,47000,16000,31000,31000
061567,華通元大9A購11  ,0,0,0,0,0,0,0,0,0,31000,0,0,0,83000,52000,31000,31000
061600,聯電凱基9B購01  ,0,0,0,0,0,0,0,0,0,31000,0,0,0,31000,0,31000,31000
060680,玉晶光元大9C購03,0,0,0,0,0,0,0,0,0,31000,0,0,0,51000,20000,31000,31000
062307,華通凱基9C購01  ,0,0,0,0,0,0,0,0,0,31000,0,0,0,58000,27000,31000,31000
062025,台達電群益9B購01,0,0,0,0,0,0,0,0,0,31000,0,0,0,242000,211000,31000,31000
062837,復盛群益9B購01  ,0,0,0,0,0,0,0,0,0,31000,0,0,0,362000,331000,31000,31000
063057,祥碩統一03購01  ,0,0,0,0,0,0,0,0,0,31000,0,0,0,33000,2000,31000,31000
054282,泰鼎群益98購02  ,0,0,0,0,0,0,0,0,0,31000,0,0,0,31000,0,31000,31000
056142,超眾元大97購06  ,0,0,0,0,0,0,0,0,0,31000,0,0,0,33000,2000,31000,31000
054967,神達元大97購01  ,0,0,0,0,0,0,0,0,0,31000,0,0,0,31000,0,31000,31000
055085,大毅國票97購01  ,0,0,0,0,0,0,0,0,0,31000,0,0,0,31000,0,31000,31000
00766L,台新MSCI中國正2 ,0,0,0,0,0,0,0,0,0,31000,0,0,0,460000,429000,31000,31000
055482,聚陽元大97購02  ,0,0,0,0,0,0,0,0,0,31000,0,0,0,31000,0,31000,31000
057787,TPK國票99購01   ,0,0,0,0,0,0,0,0,0,31000,0,0,0,116000,85000,31000,31000
056914,臺股指元大99購09,0,0,0,0,0,0,0,0,0,31000,0,0,0,31000,0,31000,31000
058983,旺宏凱基99購05  ,10000,0,10000,0,0,0,0,0,0,21000,0,0,0,31000,10000,21000,31000
060233,宏碁元大9A購01  ,0,0,0,0,0,0,0,0,0,31000,0,0,0,31000,0,31000,31000
057055,立積元大99購01  ,0,0,0,0,0,0,0,0,0,31000,0,0,0,147000,116000,31000,31000
057195,南茂元大98購01  ,0,0,0,0,0,0,0,0,0,31000,0,0,0,32000,1000,31000,31000
058297,茂林凱基9A購02  ,0,0,0,0,0,0,0,0,0,31000,0,0,0,99000,68000,31000,31000
4755,三福化          ,7000,0,7000,0,0,0,24000,0,24000,0,0,0,0,0,0,0,31000
5519,隆大            ,67000,36000,31000,0,0,0,0,0,0,0,0,0,0,0,0,0,31000
2420,新巨            ,33000,2000,31000,0,0,0,0,0,0,0,0,0,0,0,0,0,31000
2816,旺旺保          ,32000,1000,31000,0,0,0,0,0,0,0,0,0,0,0,0,0,31000
2017,官田鋼          ,31000,0,31000,0,0,0,0,0,0,0,0,0,0,0,0,0,31000
07352P,台積電國票99售11,0,0,0,0,0,0,0,0,0,31000,0,0,0,71000,40000,31000,31000
07799P,南電國票9A售04  ,0,0,0,0,0,0,0,0,0,31000,0,0,0,31000,0,31000,31000
06954P,大立光元富99售01,0,0,0,0,0,0,0,0,0,31000,0,0,0,103000,72000,31000,31000
062738,可成國票9B購02  ,0,0,0,0,0,0,0,0,0,30000,0,0,0,70000,40000,30000,30000
062775,大成鋼元大9B購02,0,0,0,0,0,0,0,0,0,30000,0,0,0,170000,140000,30000,30000
062059,聯發科統一9C購06,0,0,0,0,0,0,0,0,0,30000,0,0,0,30000,0,30000,30000
061963,台積電統一01購04,0,0,0,0,0,0,0,0,0,30000,0,0,0,44000,14000,30000,30000
062014,牧德富邦9C購01  ,0,0,0,0,0,0,0,0,0,30000,0,0,0,30000,0,30000,30000
061909,台積電中信05購02,0,0,0,0,0,0,0,0,0,30000,0,0,0,30000,0,30000,30000
061935,台積電國票9B購07,0,0,0,0,0,0,0,0,0,30000,0,0,0,30000,0,30000,30000
062116,元金2X第一9B購01,0,0,0,0,0,0,0,0,0,30000,0,0,0,30000,0,30000,30000
060457,中橡元大9A購02  ,0,0,0,0,0,0,0,0,0,30000,0,0,0,232000,202000,30000,30000
060392,華擎群益9C購02  ,0,0,0,0,0,0,0,0,0,30000,0,0,0,37000,7000,30000,30000
060981,旺宏元大9A購08  ,0,0,0,0,0,0,0,0,0,30000,0,0,0,60000,30000,30000,30000
061079,台積電兆豐9A購02,0,0,0,0,0,0,0,0,0,30000,0,0,0,30000,0,30000,30000
061499,嘉晶國票9A購03  ,0,0,0,0,0,0,0,0,0,30000,0,0,0,36000,6000,30000,30000
061446,鴻海中信04購01  ,0,0,0,0,0,0,0,0,0,30000,0,0,0,43000,13000,30000,30000
061615,鴻海群益9A購06  ,0,0,0,0,0,0,0,0,0,30000,0,0,0,51000,21000,30000,30000
061292,玉晶光統一01購06,0,0,0,0,0,0,0,0,0,30000,0,0,0,33000,3000,30000,30000
055475,臻鼎凱基97購02  ,0,0,0,0,0,0,0,0,0,30000,0,0,0,30000,0,30000,30000
055503,健策元大98購05  ,0,0,0,0,0,0,0,0,0,30000,0,0,0,30000,0,30000,30000
054166,日電貿凱基98購01,0,0,0,0,0,0,0,0,0,30000,0,0,0,30000,0,30000,30000
056493,晶技國泰99購01  ,0,0,0,0,0,0,0,0,0,30000,0,0,0,30000,0,30000,30000
056483,TPK元大98購01   ,0,0,0,0,0,0,0,0,0,30000,0,0,0,50000,20000,30000,30000
052216,康友元大96購01  ,0,0,0,0,0,0,0,0,0,30000,0,0,0,30000,0,30000,30000
052167,亞泥元大96購01  ,0,0,0,0,0,0,0,0,0,30000,0,0,0,30000,0,30000,30000
052585,友達永豐97購01  ,0,0,0,0,0,0,0,0,0,30000,0,0,0,30000,0,30000,30000
053527,創意中信97購01  ,0,0,0,0,0,0,0,0,0,30000,0,0,0,30000,0,30000,30000
053602,台虹元大96購01  ,0,0,0,0,0,0,0,0,0,30000,0,0,0,30000,0,30000,30000
052086,鴻海元大96購08  ,0,0,0,0,0,0,0,0,0,30000,0,0,0,30000,0,30000,30000
053344,嘉晶國票97購02  ,0,0,0,0,0,0,0,0,0,30000,0,0,0,30000,0,30000,30000
052700,奇鋐國票97購02  ,0,0,0,0,0,0,0,0,0,30000,0,0,0,238000,208000,30000,30000
052807,貿聯元大98購01  ,0,0,0,0,0,0,0,0,0,30000,0,0,0,30000,0,30000,30000
050344,鴻海元富96購01  ,0,0,0,0,0,0,0,0,0,30000,0,0,0,30000,0,30000,30000
050363,臺指反元大98購04,0,0,0,0,0,0,0,0,0,30000,0,0,0,30000,0,30000,30000
049438,嘉晶國泰96購01  ,0,0,0,0,0,0,0,0,0,30000,0,0,0,30000,0,30000,30000
053688,燿華元大96購05  ,0,0,0,0,0,0,0,0,0,30000,0,0,0,30000,0,30000,30000
053719,可成凱基96購08  ,0,0,0,0,0,0,0,0,0,30000,0,0,0,30000,0,30000,30000
051729,華新國票96購01  ,0,0,0,0,0,0,0,0,0,30000,0,0,0,30000,0,30000,30000
053849,聯發科元富96購04,0,0,0,0,0,0,0,0,0,30000,0,0,0,50000,20000,30000,30000
054899,南港康和97購01  ,0,0,0,0,0,0,0,0,0,30000,0,0,0,30000,0,30000,30000
055256,日電貿統一99購01,0,0,0,0,0,0,0,0,0,30000,0,0,0,30000,0,30000,30000
054925,神達凱基97購01  ,0,0,0,0,0,0,0,0,0,30000,0,0,0,40000,10000,30000,30000
055939,GIS群益97購01   ,0,0,0,0,0,0,0,0,0,30000,0,0,0,30000,0,30000,30000
054514,道瓊銀元大98購01,0,0,0,0,0,0,0,0,0,30000,0,0,0,30000,0,30000,30000
059094,臻鼎元大99購03  ,0,0,0,0,0,0,0,0,0,30000,0,0,0,50000,20000,30000,30000
058923,華新科元富99購06,0,0,0,0,0,0,0,0,0,30000,0,0,0,30000,0,30000,30000
058906,晶相光元大99購01,0,0,0,0,0,0,0,0,0,30000,0,0,0,30000,0,30000,30000
056152,可成凱基97購02  ,0,0,0,0,0,0,0,0,0,30000,0,0,0,30000,0,30000,30000
056159,牧德凱基99購01  ,0,0,0,0,0,0,0,0,0,30000,0,0,0,30000,0,30000,30000
056323,旺宏兆豐98購01  ,0,0,0,0,0,0,0,0,0,30000,0,0,0,50000,20000,30000,30000
056074,茂林元大97購04  ,0,0,0,0,0,0,0,0,0,30000,0,0,0,30000,0,30000,30000
056038,可成凱基97購01  ,0,0,0,0,0,0,0,0,0,30000,0,0,0,30000,0,30000,30000
055678,上銀凱基97購02  ,0,0,0,0,0,0,0,0,0,30000,0,0,0,30000,0,30000,30000
05431P,台光電統一97售01,0,0,0,0,0,0,0,0,0,30000,0,0,0,50000,20000,30000,30000
054212,聯詠國票97購03  ,0,0,0,0,0,0,0,0,0,30000,0,0,0,70000,40000,30000,30000
055780,禾伸堂凱基99購01,0,0,0,0,0,0,0,0,0,30000,0,0,0,30000,0,30000,30000
054767,日電貿國票98購01,0,0,0,0,0,0,0,0,0,30000,0,0,0,151000,121000,30000,30000
058144,聯茂元大99購02  ,0,0,0,0,0,0,0,0,0,30000,0,0,0,98000,68000,30000,30000
058108,台郡台新99購01  ,0,0,0,0,0,0,0,0,0,30000,0,0,0,132000,102000,30000,30000
057883,中環群益98購01  ,0,0,0,0,0,0,0,0,0,30000,0,0,0,30000,0,30000,30000
057872,旺宏元大99購06  ,0,0,0,0,0,0,0,0,0,30000,0,0,0,30000,0,30000,30000
057416,T50反1凱基9C購01,0,0,0,0,0,0,0,0,0,30000,0,0,0,30000,0,30000,30000
056718,GIS永豐98購01   ,0,0,0,0,0,0,0,0,0,30000,0,0,0,30000,0,30000,30000
056801,國巨台新98購01  ,0,0,0,0,0,0,0,0,0,30000,0,0,0,30000,0,30000,30000
059898,T50反1元大99購15,0,0,0,0,0,0,0,0,0,30000,0,0,0,30000,0,30000,30000
059719,台積電元大99購42,0,0,0,0,0,0,0,0,0,30000,0,0,0,30000,0,30000,30000
059474,元石油群益99購01,0,0,0,0,0,0,0,0,0,30000,0,0,0,30000,0,30000,30000
07052P,臺股指中信9C售02,0,0,0,0,0,0,0,0,0,30000,0,0,0,30000,0,30000,30000
063237,微星元大9B購02  ,0,0,0,0,0,0,0,0,0,30000,0,0,0,30000,0,30000,30000
06584P,欣興凱基98售03  ,0,0,0,0,0,0,0,0,0,30000,0,0,0,30000,0,30000,30000
06458P,玉晶光統一9A售02,0,0,0,0,0,0,0,0,0,30000,0,0,0,30000,0,30000,30000
06374P,台表科元大97售06,0,0,0,0,0,0,0,0,0,30000,0,0,0,50000,20000,30000,30000
07680P,鴻海凱基9A售24  ,0,0,0,0,0,0,0,0,0,30000,0,0,0,30000,0,30000,30000
07687P,上銀元大9A售06  ,0,0,0,0,0,0,0,0,0,30000,0,0,0,30000,0,30000,30000
08017P,華新科國票9B售01,0,0,0,0,0,0,0,0,0,30000,0,0,0,70000,40000,30000,30000
08090P,嘉澤統一9B售01  ,0,0,0,0,0,0,0,0,0,30000,0,0,0,40000,10000,30000,30000
07377P,聯發科元大99售40,0,0,0,0,0,0,0,0,0,30000,0,0,0,30000,0,30000,30000
07559P,祥碩元大9A售03  ,0,0,0,0,0,0,0,0,0,30000,0,0,0,70000,40000,30000,30000
07454P,台積電元大9A售06,0,0,0,0,0,0,0,0,0,30000,0,0,0,30000,0,30000,30000
2701,萬企            ,40000,10000,30000,0,0,0,0,0,0,0,0,0,0,0,0,0,30000
06137P,玉晶光永豐97售04,0,0,0,0,0,0,0,0,0,29000,0,0,0,113000,84000,29000,29000
061019,大毅國票9A購01  ,0,0,0,0,0,0,0,0,0,29000,0,0,0,36000,7000,29000,29000
060673,旺宏元大9A購04  ,0,0,0,0,0,0,0,0,0,29000,0,0,0,30000,1000,29000,29000
061813,鴻海群益9B購02  ,0,0,0,0,0,0,0,0,0,29000,0,0,0,98000,69000,29000,29000
062680,微星統一01購01  ,0,0,0,0,0,0,0,0,0,29000,0,0,0,349000,320000,29000,29000
062602,華通麥證9C購01  ,0,0,0,30000,1000,29000,0,0,0,29000,0,0,0,30000,1000,29000,29000
062973,聯發科元富05購01,0,0,0,0,0,0,0,0,0,29000,0,0,0,50000,21000,29000,29000
055730,建準元富97購02  ,0,0,0,0,0,0,0,0,0,29000,0,0,0,421000,392000,29000,29000
055227,聯發科國票98購02,0,0,0,0,0,0,0,0,0,29000,0,0,0,29000,0,29000,29000
051482,玉晶光凱基96購01,0,0,0,0,0,0,0,0,0,29000,0,0,0,29000,0,29000,29000
00685L,群益臺灣加權正2 ,0,0,0,0,0,0,0,0,0,29000,0,0,0,74000,45000,29000,29000
05123P,鴻海永昌96售07  ,0,0,0,0,0,0,0,0,0,29000,0,0,0,29000,0,29000,29000
054098,嘉晶國票97購04  ,0,0,0,0,0,0,0,0,0,29000,0,0,0,31000,2000,29000,29000
055521,S&P反1群益01購01,0,0,0,0,0,0,0,0,0,29000,0,0,0,36000,7000,29000,29000
059594,奇力新元大9B購01,0,0,0,0,0,0,0,0,0,29000,0,0,0,30000,1000,29000,29000
059805,台積電元富99購02,0,0,0,0,0,0,0,0,0,29000,0,0,0,30000,1000,29000,29000
056721,台灣50永昌9A購01,0,0,0,0,0,0,0,0,0,29000,0,0,0,29000,0,29000,29000
057481,技嘉元大98購04  ,0,0,0,0,0,0,0,0,0,29000,0,0,0,34000,5000,29000,29000
058688,矽創凱基9A購01  ,0,0,0,0,0,0,0,0,0,29000,0,0,0,39000,10000,29000,29000
056998,麗豐康和98購01  ,0,0,0,0,0,0,0,0,0,29000,0,0,0,89000,60000,29000,29000
060087,鴻海元大99購43  ,0,0,0,0,0,0,0,0,0,29000,0,0,0,40000,11000,29000,29000
2612,中航            ,35000,6000,29000,0,0,0,0,0,0,0,0,0,0,0,0,0,29000
1225,福懋油          ,30000,1000,29000,0,0,0,0,0,0,0,0,0,0,0,0,0,29000
5515,建國            ,76000,47000,29000,0,0,0,0,0,0,0,0,0,0,0,0,0,29000
6108,競國            ,71000,42000,29000,0,0,0,0,0,0,0,0,0,0,0,0,0,29000
4960,誠美材          ,247000,160000,87000,0,0,0,0,0,0,-58000,1000,59000,-58000,0,0,0,29000
6525,捷敏-KY         ,49000,10000,39000,0,0,0,0,10000,-10000,0,0,0,0,0,0,0,29000
8463,潤泰材          ,47000,18000,29000,0,0,0,0,0,0,0,0,0,0,0,0,0,29000
07341P,台積電凱基99售18,0,0,0,0,0,0,0,0,0,29000,0,0,0,30000,1000,29000,29000
06385P,聯發科永豐97售02,0,0,0,0,0,0,0,0,0,29000,0,0,0,29000,0,29000,29000
06939P,國巨永豐98售09  ,0,0,0,0,0,0,0,0,0,29000,0,0,0,49000,20000,29000,29000
063019,聯發科元大9C購01,0,0,0,0,0,0,0,0,0,28000,0,0,0,32000,4000,28000,28000
062635,創意國票9B購01  ,0,0,0,0,0,0,0,0,0,28000,0,0,0,54000,26000,28000,28000
06192P,高股息中信98售01,0,0,0,0,0,0,0,0,0,28000,0,0,0,30000,2000,28000,28000
061699,燿華國票9A購01  ,0,0,0,0,0,0,0,0,0,28000,0,0,0,308000,280000,28000,28000
061702,奇鋐國票9A購02  ,0,0,0,0,0,0,0,0,0,28000,0,0,0,49000,21000,28000,28000
054079,鴻海中信98購02  ,0,0,0,0,0,0,0,0,0,28000,0,0,0,28000,0,28000,28000
051158,嘉晶富邦96購01  ,0,0,0,0,0,0,0,0,0,28000,0,0,0,28000,0,28000,28000
050484,世紀鋼國票95購02,0,0,0,0,0,0,0,0,0,28000,0,0,0,28000,0,28000,28000
046476,鴻海統一96購01  ,0,0,0,0,0,0,0,0,0,28000,0,0,0,28000,0,28000,28000
058800,健策元大99購03  ,0,0,0,0,0,0,0,0,0,28000,0,0,0,104000,76000,28000,28000
059083,華通元大99購07  ,0,0,0,0,0,0,0,0,0,28000,0,0,0,29000,1000,28000,28000
055834,國巨元大97購13  ,0,0,0,0,0,0,0,0,0,28000,0,0,0,28000,0,28000,28000
056026,智易群益97購01  ,0,0,0,0,0,0,0,0,0,28000,0,0,0,28000,0,28000,28000
056464,臺股指凱基99購06,0,0,0,0,0,0,0,0,0,28000,0,0,0,30000,2000,28000,28000
060114,緯穎元大99購10  ,0,0,0,0,0,0,0,0,0,28000,0,0,0,28000,0,28000,28000
059926,世紀鋼國泰9B購01,0,0,0,0,0,0,0,0,0,28000,0,0,0,32000,4000,28000,28000
057810,技嘉元大98購06  ,0,0,0,0,0,0,0,0,0,28000,0,0,0,79000,51000,28000,28000
059240,台積電凱基9A購09,0,0,0,0,0,0,0,0,0,28000,0,0,0,29000,1000,28000,28000
059153,臺股指國票99購16,0,0,0,0,0,0,0,0,0,28000,0,0,0,160000,132000,28000,28000
056838,旺宏元富98購01  ,0,0,0,0,0,0,0,0,0,28000,0,0,0,28000,0,28000,28000
057214,瑞昱群益98購01  ,0,0,0,0,0,0,0,0,0,28000,0,0,0,43000,15000,28000,28000
07805P,義隆永豐9A售02  ,0,0,0,0,0,0,0,0,0,28000,0,0,0,43000,15000,28000,28000
4967,十銓            ,421000,425000,-4000,0,0,0,0,0,0,32000,32000,0,32000,0,0,0,28000
5608,四維航          ,71000,43000,28000,0,0,0,0,0,0,0,0,0,0,0,0,0,28000
4725,信昌化          ,33000,5000,28000,0,0,0,0,0,0,0,0,0,0,0,0,0,28000
3266,昇陽            ,28000,0,28000,0,0,0,0,0,0,0,0,0,0,0,0,0,28000
061646,力成元大9A購02  ,0,0,0,0,0,0,0,0,0,27000,0,0,0,191000,164000,27000,27000
061139,玉晶光統一9C購02,0,0,0,0,0,0,0,0,0,27000,0,0,0,60000,33000,27000,27000
060636,大毅永豐9A購02  ,0,0,0,0,0,0,0,0,0,27000,0,0,0,27000,0,27000,27000
06051P,嘉聯益國票97售04,0,0,0,0,0,0,0,0,0,27000,0,0,0,27000,0,27000,27000
062121,奇鋐台新9B購01  ,0,0,0,0,0,0,0,0,0,27000,0,0,0,27000,0,27000,27000
062192,南六元大9B購01  ,0,0,0,0,0,0,0,0,0,27000,0,0,0,35000,8000,27000,27000
056241,緯創群益97購01  ,0,0,0,0,0,0,0,0,0,27000,0,0,0,80000,53000,27000,27000
059187,國巨富邦9B購02  ,0,0,0,0,0,0,0,0,0,27000,0,0,0,31000,4000,27000,27000
055284,全新元大99購01  ,0,0,0,0,0,0,0,0,0,27000,0,0,0,27000,0,27000,27000
048192,華通元大96購01  ,0,0,0,0,0,0,0,0,0,27000,0,0,0,117000,90000,27000,27000
051946,健策統一98購01  ,0,0,0,0,0,0,0,0,0,27000,0,0,0,27000,0,27000,27000
058590,南電中信9A購02  ,0,0,0,0,0,0,0,0,0,27000,0,0,0,43000,16000,27000,27000
059847,喬山永豐99購01  ,0,0,0,0,0,0,0,0,0,27000,0,0,0,69000,42000,27000,27000
059151,臺股指國票99購14,0,0,0,0,0,0,0,0,0,27000,0,0,0,33000,6000,27000,27000
057713,美律統一99購01  ,0,0,0,0,0,0,0,0,0,27000,0,0,0,80000,53000,27000,27000
058224,世芯統一9B購02  ,0,0,0,0,0,0,0,0,0,27000,0,0,0,27000,0,27000,27000
059954,華新科康和99購01,0,0,0,0,0,0,0,0,0,27000,0,0,0,47000,20000,27000,27000
060200,同欣電元富9A購01,0,0,0,0,0,0,0,0,0,27000,0,0,0,27000,0,27000,27000
1309,台達化          ,539000,742000,-203000,0,0,0,0,0,0,230000,230000,0,230000,0,0,0,27000
1104,環泥            ,67000,40000,27000,0,0,0,0,0,0,0,0,0,0,0,0,0,27000
2012,春雨            ,27000,0,27000,0,0,0,0,0,0,0,0,0,0,0,0,0,27000
3013,晟銘電          ,27000,0,27000,0,0,0,0,0,0,0,0,0,0,0,0,0,27000
06911P,鴻海元大99售09  ,0,0,0,0,0,0,0,0,0,27000,0,0,0,118000,91000,27000,27000
062302,聯詠中信05購02  ,0,0,0,0,0,0,0,0,0,26000,0,0,0,200000,174000,26000,26000
061884,臺股指元大9B購18,0,0,0,0,0,0,0,0,0,26000,0,0,0,26000,0,26000,26000
062665,智易群益9B購01  ,0,0,0,0,0,0,0,0,0,26000,0,0,0,141000,115000,26000,26000
062741,立積國票9B購02  ,0,0,0,0,0,0,0,0,0,26000,0,0,0,54000,28000,26000,26000
062595,祥碩統一9B購01  ,0,0,0,0,0,0,0,0,0,26000,0,0,0,26000,0,26000,26000
063003,滬深2X元大9B購06,0,0,0,0,0,0,0,0,0,26000,0,0,0,26000,0,26000,26000
060610,玉晶光凱基9B購02,0,0,0,0,0,0,0,0,0,26000,0,0,0,30000,4000,26000,26000
060608,玉晶光凱基9A購08,0,0,0,0,0,0,0,0,0,26000,0,0,0,26000,0,26000,26000
061254,道瓊反凱基9A購02,0,0,0,0,0,0,0,0,0,26000,0,0,0,26000,0,26000,26000
061400,可成兆豐9B購02  ,0,0,0,0,0,0,0,0,0,26000,0,0,0,121000,95000,26000,26000
052863,友達凱基98購02  ,0,0,0,0,0,0,0,0,0,26000,0,0,0,26000,0,26000,26000
053114,聯茂兆豐97購01  ,0,0,0,0,0,0,0,0,0,26000,0,0,0,26000,0,26000,26000
055577,晶技統一97購02  ,0,0,0,0,0,0,0,0,0,26000,0,0,0,29000,3000,26000,26000
042752,台灣50元大96購03,0,0,0,0,0,0,0,0,0,26000,0,0,0,66000,40000,26000,26000
049700,瀚宇博元大97購01,0,0,0,0,0,0,0,0,0,26000,0,0,0,154000,128000,26000,26000
054861,智邦群益97購01  ,0,0,0,0,0,0,0,0,0,26000,0,0,0,26000,0,26000,26000
055949,亞德客元大97購04,0,0,0,0,0,0,0,0,0,26000,0,0,0,53000,27000,26000,26000
059190,欣興富邦9A購01  ,0,0,0,0,0,0,0,0,0,26000,0,0,0,27000,1000,26000,26000
055646,漢唐元富97購01  ,0,0,0,0,0,0,0,0,0,26000,0,0,0,26000,0,26000,26000
055804,祥碩永豐97購02  ,0,0,0,0,0,0,0,0,0,26000,0,0,0,48000,22000,26000,26000
060097,華新科元大99購23,0,0,0,0,0,0,0,0,0,26000,0,0,0,26000,0,26000,26000
060340,國巨統一01購02  ,0,0,0,0,0,0,0,0,0,26000,0,0,0,26000,0,26000,26000
057363,華通元大99購02  ,0,0,0,0,0,0,0,0,0,26000,0,0,0,41000,15000,26000,26000
056839,台光電元富98購02,0,0,0,0,0,0,0,0,0,26000,0,0,0,26000,0,26000,26000
057226,上銀凱基98購06  ,0,0,0,0,0,0,0,0,0,26000,0,0,0,50000,24000,26000,26000
05947P,大成鋼元大96售03,0,0,0,0,0,0,0,0,0,26000,0,0,0,26000,0,26000,26000
059341,台積電凱基99購15,0,0,0,0,0,0,0,0,0,26000,0,0,0,41000,15000,26000,26000
059720,台積電元大99購43,0,0,0,0,0,0,0,0,0,26000,0,0,0,26000,0,26000,26000
06890P,金融類元大98售02,0,0,0,0,0,0,0,0,0,26000,0,0,0,26000,0,26000,26000
06431P,新日興元大97售05,0,0,0,0,0,0,0,0,0,26000,0,0,0,49000,23000,26000,26000
06554P,臺股指元大99售06,0,0,0,0,0,0,0,0,0,26000,0,0,0,26000,0,26000,26000
06509P,鴻海群益98售03  ,0,0,0,0,0,0,0,0,0,26000,0,0,0,100000,74000,26000,26000
07870P,鴻海群益9B售01  ,0,0,0,0,0,0,0,0,0,26000,0,0,0,47000,21000,26000,26000
07615P,華通中信02售02  ,0,0,0,0,0,0,0,0,0,26000,0,0,0,56000,30000,26000,26000
2537,聯上發          ,50000,24000,26000,0,0,0,0,0,0,0,0,0,0,0,0,0,26000
2028,威致            ,26000,0,26000,0,0,0,0,0,0,0,0,0,0,0,0,0,26000
4438,廣越            ,30000,4000,26000,0,0,0,0,0,0,0,0,0,0,0,0,0,26000
061399,喬山兆豐9B購01  ,0,0,0,0,0,0,0,0,0,25000,0,0,0,51000,26000,25000,25000
061355,康友元大9A購03  ,0,0,0,0,0,0,0,0,0,25000,0,0,0,85000,60000,25000,25000
061346,玉晶光元大9B購03,0,0,0,0,0,0,0,0,0,25000,0,0,0,25000,0,25000,25000
061462,國巨群益9A購11  ,0,0,0,0,0,0,0,0,0,25000,0,0,0,25000,0,25000,25000
061568,國巨元大9A購25  ,0,0,0,0,0,0,0,0,0,25000,0,0,0,27000,2000,25000,25000
061554,T50反1國票9B購05,0,0,0,0,0,0,0,0,0,25000,0,0,0,25000,0,25000,25000
060529,聯發科中信9A購04,0,0,0,0,0,0,0,0,0,25000,0,0,0,37000,12000,25000,25000
060938,臺指反國票9B購03,0,0,0,0,0,0,0,0,0,25000,0,0,0,25000,0,25000,25000
063011,台積電元大9C購01,0,0,0,0,0,0,0,0,0,25000,0,0,0,97000,72000,25000,25000
062579,華通統一01購02  ,0,0,0,0,0,0,0,0,0,25000,0,0,0,25000,0,25000,25000
062484,臺股指國票9B購10,0,0,0,0,0,0,0,0,0,25000,0,0,0,25000,0,25000,25000
062696,國巨元大9B購16  ,0,0,0,0,0,0,0,0,0,25000,0,0,0,30000,5000,25000,25000
062319,南六凱基9B購02  ,0,0,0,0,0,0,0,0,0,25000,0,0,0,30000,5000,25000,25000
055877,奇鋐元富97購01  ,0,0,0,0,0,0,0,0,0,25000,0,0,0,115000,90000,25000,25000
056206,泰鼎永豐97購01  ,0,0,0,0,0,0,0,0,0,25000,0,0,0,250000,225000,25000,25000
058834,GIS永豐99購01   ,0,0,0,0,0,0,0,0,0,25000,0,0,0,113000,88000,25000,25000
054820,新日興元大97購01,0,0,0,0,0,0,0,0,0,25000,0,0,0,25000,0,25000,25000
051047,深中小群益99購01,0,0,0,0,0,0,0,0,0,25000,0,0,0,100000,75000,25000,25000
055414,奇力新富邦9B購01,0,0,0,0,0,0,0,0,0,25000,0,0,0,25000,0,25000,25000
059765,嘉聯益永豐99購02,0,0,0,0,0,0,0,0,0,25000,0,0,0,71000,46000,25000,25000
059636,宏達電凱基99購05,0,0,0,0,0,0,0,0,0,25000,0,0,0,34000,9000,25000,25000
059521,南電永豐99購03  ,0,0,0,0,0,0,0,0,0,25000,0,0,0,59000,34000,25000,25000
057265,聯詠兆豐98購01  ,0,0,0,0,0,0,0,0,0,25000,0,0,0,25000,0,25000,25000
057763,康控凱基99購02  ,0,0,0,0,0,0,0,0,0,25000,0,0,0,25000,0,25000,25000
060006,華通群益9A購04  ,0,0,0,0,0,0,0,0,0,25000,0,0,0,25000,0,25000,25000
059975,元金2X元大99購02,0,0,0,0,0,0,0,0,0,25000,0,0,0,64000,39000,25000,25000
3607,谷崧            ,29000,4000,25000,0,0,0,0,0,0,0,0,0,0,0,0,0,25000
1721,三晃            ,30000,5000,25000,0,0,0,0,0,0,0,0,0,0,0,0,0,25000
1110,東泥            ,52000,26000,26000,0,0,0,0,0,0,-1000,0,1000,-1000,0,0,0,25000
07256P,臺股指凱基99售36,0,0,0,0,0,0,0,0,0,25000,0,0,0,31000,6000,25000,25000
07749P,台郡凱基9A售01  ,0,0,0,0,0,0,0,0,0,25000,0,0,0,25000,0,25000,25000
07982P,全新群益9B售04  ,0,0,0,0,0,0,0,0,0,25000,0,0,0,44000,19000,25000,25000
06502P,A50中信98售01   ,0,0,0,0,0,0,0,0,0,25000,0,0,0,25000,0,25000,25000
06424P,大成鋼永豐97售01,0,0,0,0,0,0,0,0,0,25000,0,0,0,25000,0,25000,25000
062227,南六統一01購02  ,0,0,0,0,0,0,0,0,0,24000,0,0,0,57000,33000,24000,24000
062160,南六凱基9B購01  ,0,0,0,0,0,0,0,0,0,24000,0,0,0,140000,116000,24000,24000
061881,緯穎元大9B購02  ,0,0,0,0,0,0,0,0,0,24000,0,0,0,56000,32000,24000,24000
061780,國巨群益9C購01  ,0,0,0,0,0,0,0,0,0,24000,0,0,0,24000,0,24000,24000
061991,牧德元大9C購01  ,0,0,0,0,0,0,0,0,0,24000,0,0,0,98000,74000,24000,24000
062094,台積電富邦9C購12,0,0,0,0,0,0,0,0,0,24000,0,0,0,28000,4000,24000,24000
062666,和碩群益9B購01  ,0,0,0,0,0,0,0,0,0,24000,0,0,0,24000,0,24000,24000
062562,瑞儀凱基9B購02  ,0,0,0,0,0,0,0,0,0,24000,0,0,0,29000,5000,24000,24000
060835,亞德客國票9A購01,0,0,0,0,0,0,0,0,0,24000,0,0,0,75000,51000,24000,24000
060886,國巨統一01購03  ,0,0,0,0,0,0,0,0,0,24000,0,0,0,34000,10000,24000,24000
061556,台積電國票9A購08,0,0,0,0,0,0,0,0,0,24000,0,0,0,30000,6000,24000,24000
061401,華擎兆豐9B購01  ,0,0,0,0,0,0,0,0,0,24000,0,0,0,45000,21000,24000,24000
052961,國巨凱基97購02  ,0,0,0,0,0,0,0,0,0,24000,0,0,0,24000,0,24000,24000
053095,台光電統一98購01,0,0,0,0,0,0,0,0,0,24000,0,0,0,285000,261000,24000,24000
050786,健策國泰96購01  ,0,0,0,0,0,0,0,0,0,24000,0,0,0,99000,75000,24000,24000
03810P,大立光富邦98售01,0,0,0,0,0,0,0,0,0,24000,0,0,0,24000,0,24000,24000
055910,瑞昱凱基98購01  ,0,0,0,0,0,0,0,0,0,24000,0,0,0,50000,26000,24000,24000
055076,福懋科永豐97購01,0,0,0,0,0,0,0,0,0,24000,0,0,0,24000,0,24000,24000
059056,技嘉凱基99購02  ,0,0,0,0,0,0,0,0,0,24000,0,0,0,40000,16000,24000,24000
055698,茂林國票98購03  ,0,0,0,0,0,0,0,0,0,24000,0,0,0,24000,0,24000,24000
059988,大立光元大9A購02,0,0,0,0,0,0,0,0,0,24000,0,0,0,44000,20000,24000,24000
057420,美食凱基98購01  ,0,0,0,0,0,0,0,0,0,24000,0,0,0,42000,18000,24000,24000
057413,臺股指群益9C購04,0,0,0,0,0,0,0,0,0,24000,0,0,0,50000,26000,24000,24000
058203,信邦凱基99購01  ,0,0,0,0,0,0,0,0,0,24000,0,0,0,24000,0,24000,24000
057255,聯發科麥證98購02,0,0,0,24000,0,24000,0,0,0,24000,0,0,0,24000,0,24000,24000
059660,華新科元大9A購04,0,0,0,0,0,0,0,0,0,24000,0,0,0,24000,0,24000,24000
06525P,上証2X國泰99售01,0,0,0,0,0,0,0,0,0,24000,0,0,0,30000,6000,24000,24000
06569P,可成永豐98售01  ,0,0,0,0,0,0,0,0,0,24000,0,0,0,39000,15000,24000,24000
06846P,美律元大98售05  ,0,0,0,0,0,0,0,0,0,24000,0,0,0,24000,0,24000,24000
06626P,大立光統一9A售01,0,0,0,0,0,0,0,0,0,24000,0,0,0,74000,50000,24000,24000
07977P,華新科群益01售01,0,0,0,0,0,0,0,0,0,24000,0,0,0,24000,0,24000,24000
5234,達興材料        ,37000,31000,6000,0,0,0,18000,0,18000,0,0,0,0,0,0,0,24000
8499,鼎炫-KY         ,18000,4000,14000,0,0,0,10000,0,10000,0,0,0,0,0,0,0,24000
8201,無敵            ,26000,2000,24000,0,0,0,0,0,0,0,0,0,0,0,0,0,24000
1452,宏益            ,24000,2,23998,0,0,0,0,0,0,0,0,0,0,0,0,0,23998
061392,泰鼎群益9A購02  ,0,0,0,0,0,0,0,0,0,23000,0,0,0,39000,16000,23000,23000
061622,臻鼎群益9A購01  ,0,0,0,0,0,0,0,0,0,23000,0,0,0,78000,55000,23000,23000
060910,聯發科元大9A購05,0,0,0,0,0,0,0,0,0,23000,0,0,0,34000,11000,23000,23000
062475,道瓊反國票9B購02,0,0,0,0,0,0,0,0,0,23000,0,0,0,38000,15000,23000,23000
062333,嘉晶統一9C購01  ,0,0,0,0,0,0,0,0,0,23000,0,0,0,231000,208000,23000,23000
055713,國巨元大98購09  ,0,0,0,0,0,0,0,0,0,23000,0,0,0,25000,2000,23000,23000
055795,茂林國泰98購01  ,0,0,0,0,0,0,0,0,0,23000,0,0,0,23000,0,23000,23000
054425,聯發科富邦99購03,0,0,0,0,0,0,0,0,0,23000,0,0,0,33000,10000,23000,23000
059218,台積電元大99購31,0,0,0,0,0,0,0,0,0,23000,0,0,0,23000,0,23000,23000
03678C,臺股指凱基01牛02,0,0,0,0,0,0,0,0,0,23000,0,0,0,144000,121000,23000,23000
050758,聯發科元富9B購01,0,0,0,0,0,0,0,0,0,23000,0,0,0,23000,0,23000,23000
055589,台光電元大98購04,0,0,0,0,0,0,0,0,0,23000,0,0,0,32000,9000,23000,23000
054178,中磊台新97購01  ,0,0,0,0,0,0,0,0,0,23000,0,0,0,523000,500000,23000,23000
057767,緯穎凱基98購06  ,0,0,0,0,0,0,0,0,0,23000,0,0,0,54000,31000,23000,23000
057029,緯穎凱基98購04  ,0,0,0,0,0,0,0,0,0,23000,0,0,0,56000,33000,23000,23000
1446,宏和            ,25000,2000,23000,0,0,0,0,0,0,0,0,0,0,0,0,0,23000
2359,所羅門          ,42000,19000,23000,0,0,0,0,0,0,0,0,0,0,0,0,0,23000
3018,同開            ,33000,10000,23000,0,0,0,0,0,0,0,0,0,0,0,0,0,23000
3591,艾笛森          ,19000,1000,18000,0,0,0,0,0,0,5000,5000,0,5000,0,0,0,23000
07776P,國巨群益9B售02  ,0,0,0,0,0,0,0,0,0,23000,0,0,0,111000,88000,23000,23000
07074P,FBVIX凱基9A售01 ,0,0,0,0,0,0,0,0,0,23000,0,0,0,40000,17000,23000,23000
062161,南六凱基9C購01  ,0,0,0,0,0,0,0,0,0,22000,0,0,0,30000,8000,22000,22000
062218,燿華統一01購01  ,0,0,0,0,0,0,0,0,0,22000,0,0,0,80000,58000,22000,22000
062107,台光電國票9B購01,0,0,0,0,0,0,0,0,0,22000,0,0,0,115000,93000,22000,22000
062080,奇力新元大9B購02,0,0,0,0,0,0,0,0,0,22000,0,0,0,22000,0,22000,22000
062632,嘉晶國票9B購01  ,0,0,0,0,0,0,0,0,0,22000,0,0,0,41000,19000,22000,22000
062847,臺股指富邦9B購01,0,0,0,0,0,0,0,0,0,22000,0,0,0,25000,3000,22000,22000
060922,金像電永豐9A購01,0,0,0,0,0,0,0,0,0,22000,0,0,0,180000,158000,22000,22000
060870,旭富群益9A購01  ,0,0,0,0,0,0,0,0,0,22000,0,0,0,56000,34000,22000,22000
060868,致伸永豐9A購01  ,0,0,0,0,0,0,0,0,0,22000,0,0,0,22000,0,22000,22000
06052P,台郡國票97售06  ,0,0,0,0,0,0,0,0,0,22000,0,0,0,22000,0,22000,22000
061527,牧德凱基9A購02  ,0,0,0,0,0,0,0,0,0,22000,0,0,0,122000,100000,22000,22000
061408,華新科國票9A購06,0,0,0,0,0,0,0,0,0,22000,0,0,0,33000,11000,22000,22000
061246,玉晶光群益9A購08,0,0,0,0,0,0,0,0,0,22000,0,0,0,54000,32000,22000,22000
061201,FBVIX元大01購03 ,0,0,0,0,0,0,0,0,0,22000,0,0,0,22000,0,22000,22000
055388,華通統一97購03  ,0,0,0,0,0,0,0,0,0,22000,0,0,0,155000,133000,22000,22000
00678,群益NBI生技     ,0,0,0,0,0,0,0,0,0,22000,0,0,0,324000,302000,22000,22000
058760,嘉晶群益9A購01  ,0,0,0,0,0,0,0,0,0,22000,0,0,0,22000,0,22000,22000
059064,緯穎凱基99購02  ,0,0,0,0,0,0,0,0,0,22000,0,0,0,242000,220000,22000,22000
055903,鈺齊中信97購02  ,0,0,0,0,0,0,0,0,0,22000,0,0,0,22000,0,22000,22000
054268,健策第一96購01  ,0,0,0,0,0,0,0,0,0,22000,0,0,0,22000,0,22000,22000
054237,茂林群益97購01  ,0,0,0,0,0,0,0,0,0,22000,0,0,0,22000,0,22000,22000
055662,上銀中信99購01  ,0,0,0,0,0,0,0,0,0,22000,0,0,0,22000,0,22000,22000
055597,禾伸堂元大98購02,0,0,0,0,0,0,0,0,0,22000,0,0,0,22000,0,22000,22000
056023,晶豪科群益97購01,0,0,0,0,0,0,0,0,0,22000,0,0,0,113000,91000,22000,22000
056144,GIS元大98購01   ,0,0,0,0,0,0,0,0,0,22000,0,0,0,284000,262000,22000,22000
056426,上証2X凱基9A購01,0,0,0,0,0,0,0,0,0,22000,0,0,0,22000,0,22000,22000
057150,貿聯國票99購02  ,0,0,0,0,0,0,0,0,0,22000,0,0,0,22000,0,22000,22000
056926,日月光兆豐98購01,0,0,0,0,0,0,0,0,0,22000,0,0,0,22000,0,22000,22000
059149,臺股指國票99購12,0,0,0,0,0,0,0,0,0,22000,0,0,0,24000,2000,22000,22000
058958,台表科國票9A購03,0,0,0,0,0,0,0,0,0,22000,0,0,0,22000,0,22000,22000
06953P,景碩統一9A售01  ,0,0,0,0,0,0,0,0,0,22000,0,0,0,22000,0,22000,22000
06847P,奇力新元大98售05,0,0,0,0,0,0,0,0,0,22000,0,0,0,50000,28000,22000,22000
06418P,T50反1統一9A售02,0,0,0,0,0,0,0,0,0,22000,0,0,0,22000,0,22000,22000
06378P,國巨統一97售08  ,0,0,0,0,0,0,0,0,0,22000,0,0,0,32000,10000,22000,22000
3686,達能            ,28000,6000,22000,0,0,0,0,0,0,0,0,0,0,0,0,0,22000
4766,南寶            ,81000,55000,26000,0,0,0,0,0,0,-4000,4000,8000,-4000,0,0,0,22000
4994,傳奇            ,39000,17000,22000,0,0,0,0,0,0,0,0,0,0,0,0,0,22000
2374,佳能            ,24000,3000,21000,0,0,0,0,0,0,1000,1000,0,1000,0,0,0,22000
2460,建通            ,24000,2000,22000,0,0,0,0,0,0,0,0,0,0,0,0,0,22000
1603,華電            ,22000,0,22000,0,0,0,0,0,0,0,0,0,0,0,0,0,22000
061224,道瓊反中信01購01,0,0,0,0,0,0,0,0,0,21000,0,0,0,24000,3000,21000,21000
061456,玉晶光凱基9B購05,0,0,0,0,0,0,0,0,0,21000,0,0,0,48000,27000,21000,21000
060557,南電凱基9A購02  ,0,0,0,0,0,0,0,0,0,21000,0,0,0,171000,150000,21000,21000
060676,京元電元大9A購03,0,0,0,0,0,0,0,0,0,21000,0,0,0,68000,47000,21000,21000
060848,聯茂國票9A購02  ,0,0,0,0,0,0,0,0,0,21000,0,0,0,37000,16000,21000,21000
060948,可成第一9A購01  ,0,0,0,0,0,0,0,0,0,21000,0,0,0,141000,120000,21000,21000
062987,祥碩中信01購01  ,0,0,0,0,0,0,0,0,0,21000,0,0,0,47000,26000,21000,21000
061869,智邦元大9B購01  ,0,0,0,0,0,0,0,0,0,21000,0,0,0,280000,259000,21000,21000
061858,南電國票9B購02  ,0,0,0,0,0,0,0,0,0,21000,0,0,0,57000,36000,21000,21000
055774,台光電凱基97購02,0,0,0,0,0,0,0,0,0,21000,0,0,0,113000,92000,21000,21000
054416,禾伸堂元大97購01,0,0,0,0,0,0,0,0,0,21000,0,0,0,21000,0,21000,21000
050890,南電富邦99購01  ,0,0,0,0,0,0,0,0,0,21000,0,0,0,72000,51000,21000,21000
059868,台光電凱基99購03,0,0,0,0,0,0,0,0,0,21000,0,0,0,57000,36000,21000,21000
059785,美律元大9A購03  ,0,0,0,0,0,0,0,0,0,21000,0,0,0,48000,27000,21000,21000
05938P,旺宏凱基96售07  ,0,0,0,0,0,0,0,0,0,21000,0,0,0,21000,0,21000,21000
059450,和大永豐99購01  ,0,0,0,0,0,0,0,0,0,21000,0,0,0,27000,6000,21000,21000
057119,微星康和98購01  ,0,0,0,0,0,0,0,0,0,21000,0,0,0,68000,47000,21000,21000
060282,聚陽元大9A購01  ,0,0,0,0,0,0,0,0,0,21000,0,0,0,41000,20000,21000,21000
1539,巨庭            ,22000,1000,21000,0,0,0,0,0,0,0,0,0,0,0,0,0,21000
2069,運錩            ,20000,0,20000,0,0,0,0,0,0,1000,1000,0,1000,0,0,0,21000
2466,冠西電          ,21000,0,21000,0,0,0,0,0,0,0,0,0,0,0,0,0,21000
2482,連宇            ,21000,0,21000,0,0,0,0,0,0,0,0,0,0,0,0,0,21000
2450,神腦            ,76000,54000,22000,0,0,0,0,0,0,-1000,0,1000,-1000,0,0,0,21000
06737P,台郡凱基98售07  ,0,0,0,0,0,0,0,0,0,21000,0,0,0,21000,0,21000,21000
07683P,宏達電凱基9A售03,0,0,0,0,0,0,0,0,0,21000,0,0,0,26000,5000,21000,21000
062076,美律元大9B購02  ,0,0,0,0,0,0,0,0,0,20000,0,0,0,80000,60000,20000,20000
06208P,台郡凱基97售03  ,0,0,0,0,0,0,0,0,0,20000,0,0,0,20000,0,20000,20000
06232P,智易永豐97售01  ,0,0,0,0,0,0,0,0,0,20000,0,0,0,20000,0,20000,20000
062416,和大統一01購02  ,0,0,0,0,0,0,0,0,0,20000,0,0,0,25000,5000,20000,20000
063060,華新科元富9B購03,0,0,0,0,0,0,0,0,0,20000,0,0,0,20000,0,20000,20000
063052,國巨統一9C購10  ,0,0,0,0,0,0,0,0,0,20000,0,0,0,20000,0,20000,20000
063080,裕隆凱基9B購01  ,0,0,0,0,0,0,0,0,0,20000,0,0,0,24000,4000,20000,20000
062853,大毅永豐9B購03  ,0,0,0,0,0,0,0,0,0,20000,0,0,0,20000,0,20000,20000
062668,國巨中信9B購04  ,0,0,0,0,0,0,0,0,0,20000,0,0,0,20000,0,20000,20000
06271P,彩晶凱基97售01  ,0,0,0,0,0,0,0,0,0,20000,0,0,0,20000,0,20000,20000
062576,華擎群益9B購02  ,0,0,0,0,0,0,0,0,0,20000,0,0,0,40000,20000,20000,20000
061023,茂林國泰9B購02  ,0,0,0,0,0,0,0,0,0,20000,0,0,0,20000,0,20000,20000
061102,台積電元大9A購22,0,0,0,0,0,0,0,0,0,20000,0,0,0,20000,0,20000,20000
060605,大立光凱基9C購01,0,0,0,0,0,0,0,0,0,20000,0,0,0,20000,0,20000,20000
060548,友達凱基9B購03  ,0,0,0,0,0,0,0,0,0,20000,0,0,0,30000,10000,20000,20000
06145P,華新科永豐97售02,0,0,0,0,0,0,0,0,0,20000,0,0,0,81000,61000,20000,20000
061585,台積電富邦9B購06,0,0,0,0,0,0,0,0,0,20000,0,0,0,20000,0,20000,20000
061668,信邦中信9B購01  ,0,0,0,0,0,0,0,0,0,20000,0,0,0,123000,103000,20000,20000
061273,臺股指凱基9A購23,0,0,0,0,0,0,0,0,0,20000,0,0,0,20000,0,20000,20000
06125P,楠梓電元富99售01,0,0,0,0,0,0,0,0,0,20000,0,0,0,20000,0,20000,20000
061325,晶技凱基9A購03  ,0,0,0,0,0,0,0,0,0,20000,0,0,0,20000,0,20000,20000
050851,羅麗芬國票96購01,0,0,0,0,0,0,0,0,0,20000,0,0,0,20000,0,20000,20000
048696,台達電國票96購01,0,0,0,0,0,0,0,0,0,20000,0,0,0,20000,0,20000,20000
048584,欣興富邦95購01  ,0,0,0,0,0,0,0,0,0,20000,0,0,0,20000,0,20000,20000
047676,臺股指元富99購01,0,0,0,0,0,0,0,0,0,20000,20000,0,20000,0,0,0,20000
051424,緯穎國票97購01  ,0,0,0,0,0,0,0,0,0,20000,0,0,0,20000,0,20000,20000
051509,鴻海中信97購01  ,0,0,0,0,0,0,0,0,0,20000,0,0,0,20000,0,20000,20000
054062,TPK國票96購02   ,0,0,0,0,0,0,0,0,0,20000,0,0,0,20000,0,20000,20000
053880,智邦中信96購01  ,0,0,0,0,0,0,0,0,0,20000,0,0,0,20000,0,20000,20000
053957,瑞昱永豐96購01  ,0,0,0,0,0,0,0,0,0,20000,0,0,0,20000,0,20000,20000
055385,昇陽半元大98購01,0,0,0,0,0,0,0,0,0,20000,0,0,0,20000,0,20000,20000
055354,宏達電凱基98購01,0,0,0,0,0,0,0,0,0,20000,0,0,0,20000,0,20000,20000
055343,國巨凱基97購03  ,0,0,0,0,0,0,0,0,0,20000,0,0,0,100000,80000,20000,20000
052519,旺宏元大95購05  ,0,0,0,0,0,0,0,0,0,20000,0,0,0,20000,0,20000,20000
052191,超眾群益96購01  ,0,0,0,0,0,0,0,0,0,20000,0,0,0,40000,20000,20000,20000
052112,滬深2X中信99購01,0,0,0,0,0,0,0,0,0,20000,0,0,0,40000,20000,20000,20000
052277,台達電凱基97購01,0,0,0,0,0,0,0,0,0,20000,0,0,0,20000,0,20000,20000
053048,同欣電麥證96購01,0,0,0,20000,0,20000,0,0,0,20000,0,0,0,20000,0,20000,20000
053246,聯詠國票97購02  ,0,0,0,0,0,0,0,0,0,20000,0,0,0,20000,0,20000,20000
053285,臺股指元大96購08,0,0,0,0,0,0,0,0,0,20000,0,0,0,20000,0,20000,20000
053293,聯發科中信9B購01,0,0,0,0,0,0,0,0,0,20000,0,0,0,20000,0,20000,20000
052752,臺股指元大96購06,0,0,0,0,0,0,0,0,0,20000,0,0,0,20000,0,20000,20000
053628,微星兆豐96購01  ,0,0,0,0,0,0,0,0,0,20000,0,0,0,20000,0,20000,20000
053451,致新凱基96購02  ,0,0,0,0,0,0,0,0,0,20000,0,0,0,30000,10000,20000,20000
05189P,新光金凱基97售02,0,0,0,0,0,0,0,0,0,20000,0,0,0,20000,0,20000,20000
05192P,玉晶光台新96售02,0,0,0,0,0,0,0,0,0,20000,0,0,0,20000,0,20000,20000
054796,康普群益98購01  ,0,0,0,0,0,0,0,0,0,20000,0,0,0,20000,0,20000,20000
054749,聯茂凱基98購01  ,0,0,0,0,0,0,0,0,0,20000,0,0,0,20000,0,20000,20000
055775,友達凱基9A購01  ,0,0,0,0,0,0,0,0,0,20000,0,0,0,20000,0,20000,20000
056350,上銀元大98購02  ,0,0,0,0,0,0,0,0,0,20000,0,0,0,20000,0,20000,20000
056166,微星台新97購01  ,0,0,0,0,0,0,0,0,0,20000,0,0,0,20000,0,20000,20000
056197,友訊永豐97購01  ,0,0,0,0,0,0,0,0,0,20000,0,0,0,20000,0,20000,20000
056234,GIS麥證97購01   ,0,0,0,20000,0,20000,0,0,0,20000,0,0,0,20000,0,20000,20000
056237,智邦群益97購02  ,0,0,0,0,0,0,0,0,0,20000,0,0,0,20000,0,20000,20000
055921,新唐凱基98購01  ,0,0,0,0,0,0,0,0,0,20000,0,0,0,20000,0,20000,20000
054499,台光電永豐96購02,0,0,0,0,0,0,0,0,0,20000,0,0,0,20000,0,20000,20000
055206,台虹中信97購01  ,0,0,0,0,0,0,0,0,0,20000,0,0,0,140000,120000,20000,20000
054564,玉晶光群益99購01,0,0,0,0,0,0,0,0,0,20000,0,0,0,20000,0,20000,20000
060092,瑞昱元大99購03  ,0,0,0,0,0,0,0,0,0,20000,0,0,0,86000,66000,20000,20000
060072,國巨元富99購04  ,0,0,0,0,0,0,0,0,0,20000,0,0,0,90000,70000,20000,20000
057065,牧德富邦99購01  ,0,0,0,0,0,0,0,0,0,20000,0,0,0,20000,0,20000,20000
057080,華新科統一99購02,0,0,0,0,0,0,0,0,0,20000,0,0,0,40000,20000,20000,20000
05697P,友達凱基96售01  ,0,0,0,0,0,0,0,0,0,20000,0,0,0,20000,0,20000,20000
058037,台灣50元大9B購02,0,0,0,0,0,0,0,0,0,20000,0,0,0,21000,1000,20000,20000
060029,嘉晶永豐99購03  ,0,0,0,0,0,0,0,0,0,20000,0,0,0,20000,0,20000,20000
059959,訊芯康和99購01  ,0,0,0,0,0,0,0,0,0,20000,0,0,0,40000,20000,20000,20000
057934,華新科群益98購07,0,0,0,0,0,0,0,0,0,20000,0,0,0,40000,20000,20000,20000
057175,美律元大98購03  ,0,0,0,0,0,0,0,0,0,20000,0,0,0,30000,10000,20000,20000
057395,旺宏中信98購03  ,0,0,0,0,0,0,0,0,0,20000,0,0,0,20000,0,20000,20000
057461,國巨永豐98購07  ,0,0,0,0,0,0,0,0,0,20000,0,0,0,20000,0,20000,20000
058282,聯茂中信99購01  ,0,0,0,0,0,0,0,0,0,20000,0,0,0,30000,10000,20000,20000
057972,群創富邦9C購01  ,0,0,0,0,0,0,0,0,0,20000,0,0,0,50000,30000,20000,20000
058100,聯茂國泰99購02  ,0,0,0,0,0,0,0,0,0,20000,0,0,0,64000,44000,20000,20000
058052,南電元大98購02  ,0,0,0,0,0,0,0,0,0,20000,0,0,0,20000,0,20000,20000
059471,華新科元大99購17,0,0,0,0,0,0,0,0,0,20000,0,0,0,20000,0,20000,20000
059798,臺股指國票99購21,0,0,0,0,0,0,0,0,0,20000,0,0,0,20000,0,20000,20000
059751,華通群益9B購03  ,0,0,0,0,0,0,0,0,0,20000,0,0,0,20000,0,20000,20000
059709,上証2X元大9C購01,0,0,0,0,0,0,0,0,0,20000,0,0,0,20000,0,20000,20000
059310,元石油元大99購03,0,0,0,0,0,0,0,0,0,20000,0,0,0,20000,0,20000,20000
059850,日電貿永豐99購01,0,0,0,0,0,0,0,0,0,20000,0,0,0,22000,2000,20000,20000
059874,大立光凱基99購15,0,0,0,0,0,0,0,0,0,20000,0,0,0,20000,0,20000,20000
056917,國巨兆豐98購03  ,0,0,0,0,0,0,0,0,0,20000,0,0,0,20000,0,20000,20000
057220,鈺齊群益98購01  ,0,0,0,0,0,0,0,0,0,20000,0,0,0,20000,0,20000,20000
059892,台灣50台新9A購02,0,0,0,0,0,0,0,0,0,20000,0,0,0,20000,0,20000,20000
059893,台積電台新9A購02,0,0,0,0,0,0,0,0,0,20000,0,0,0,21000,1000,20000,20000
059908,元金2X元大99購01,0,0,0,0,0,0,0,0,0,20000,0,0,0,30000,10000,20000,20000
059052,為升凱基99購01  ,0,0,0,0,0,0,0,0,0,20000,0,0,0,20000,0,20000,20000
056637,台光電日盛9A購01,0,0,0,0,0,0,0,0,0,20000,0,0,0,20000,0,20000,20000
056672,元油2X元富98購10,0,0,0,0,0,0,0,0,0,20000,0,0,0,20000,0,20000,20000
05758P,光罩永豐96售02  ,0,0,0,0,0,0,0,0,0,20000,0,0,0,50000,30000,20000,20000
059160,華通凱基99購03  ,0,0,0,0,0,0,0,0,0,20000,0,0,0,113000,93000,20000,20000
056747,致新凱基99購01  ,0,0,0,0,0,0,0,0,0,20000,0,0,0,30000,10000,20000,20000
056809,旺宏統一98購03  ,0,0,0,0,0,0,0,0,0,20000,0,0,0,20000,0,20000,20000
056795,鴻海麥證98購01  ,0,0,0,40000,20000,20000,0,0,0,20000,0,0,0,40000,20000,20000,20000
058731,貿聯永豐99購02  ,0,0,0,0,0,0,0,0,0,20000,0,0,0,20000,0,20000,20000
058462,台積電兆豐99購01,0,0,0,0,0,0,0,0,0,20000,0,0,0,20000,0,20000,20000
07772P,華新科國票9A售05,0,0,0,0,0,0,0,0,0,20000,0,0,0,20000,0,20000,20000
07750P,台表科凱基9A售04,0,0,0,0,0,0,0,0,0,20000,0,0,0,90000,70000,20000,20000
07887P,台積電國票9C售03,0,0,0,0,0,0,0,0,0,20000,0,0,0,20000,0,20000,20000
07248P,可成凱基99售06  ,0,0,0,0,0,0,0,0,0,20000,0,0,0,35000,15000,20000,20000
07216P,大立光凱基99售08,0,0,0,0,0,0,0,0,0,20000,0,0,0,20000,0,20000,20000
07404P,華新科凱基99售10,0,0,0,0,0,0,0,0,0,20000,0,0,0,20000,0,20000,20000
07613P,國巨永豐9A售01  ,0,0,0,0,0,0,0,0,0,20000,0,0,0,20000,0,20000,20000
07601P,國巨統一9A售05  ,0,0,0,0,0,0,0,0,0,20000,0,0,0,20000,0,20000,20000
07539P,玉山金台新9A售01,0,0,0,0,0,0,0,0,0,20000,0,0,0,20000,0,20000,20000
07525P,臺股指中信9B售07,0,0,0,0,0,0,0,0,0,20000,0,0,0,25000,5000,20000,20000
06614P,祥碩永豐98售03  ,0,0,0,0,0,0,0,0,0,20000,0,0,0,50000,30000,20000,20000
06616P,國巨元大98售15  ,0,0,0,0,0,0,0,0,0,20000,0,0,0,30000,10000,20000,20000
06599P,宏達電永豐98售02,0,0,0,0,0,0,0,0,0,20000,0,0,0,30000,10000,20000,20000
06967P,台郡台新99售02  ,0,0,0,0,0,0,0,0,0,20000,0,0,0,20000,0,20000,20000
07029P,緯穎群益99售02  ,0,0,0,0,0,0,0,0,0,20000,0,0,0,20000,0,20000,20000
06487P,聯發科統一99售02,0,0,0,0,0,0,0,0,0,20000,0,0,0,20000,0,20000,20000
06447P,上銀元大98售01  ,0,0,0,0,0,0,0,0,0,20000,0,0,0,20000,0,20000,20000
2540,愛山林          ,23000,3000,20000,0,0,0,0,0,0,0,0,0,0,0,0,0,20000
2423,固緯            ,22000,2000,20000,0,0,0,0,0,0,0,0,0,0,0,0,0,20000
2373,震旦行          ,21000,1000,20000,0,0,0,0,0,0,0,0,0,0,0,0,0,20000
3050,鈺德            ,59000,45000,14000,0,0,0,0,0,0,6000,6000,0,6000,0,0,0,20000
6115,鎰勝            ,25000,5000,20000,0,0,0,0,0,0,0,0,0,0,0,0,0,20000
061633,統一元大9A購01  ,0,0,0,0,0,0,0,0,0,19000,0,0,0,56000,37000,19000,19000
061472,台積電元大9A購32,0,0,0,0,0,0,0,0,0,19000,0,0,0,50000,31000,19000,19000
060533,臺股指中信9B購05,0,0,0,0,0,0,0,0,0,19000,0,0,0,19000,0,19000,19000
060911,大毅元大9A購01  ,0,0,0,0,0,0,0,0,0,19000,0,0,0,19000,0,19000,19000
062453,聚陽群益9C購01  ,0,0,0,0,0,0,0,0,0,19000,0,0,0,171000,152000,19000,19000
061981,聯發科元大9B購02,0,0,0,0,0,0,0,0,0,19000,0,0,0,32000,13000,19000,19000
059074,元油2X元大9C購15,0,0,0,0,0,0,0,0,0,19000,0,0,0,54000,35000,19000,19000
059103,旭富元富99購03  ,0,0,0,0,0,0,0,0,0,19000,0,0,0,20000,1000,19000,19000
055138,大毅永豐97購02  ,0,0,0,0,0,0,0,0,0,19000,0,0,0,20000,1000,19000,19000
054666,強茂元富97購01  ,0,0,0,0,0,0,0,0,0,19000,0,0,0,19000,0,19000,19000
052295,揚明光國票96購03,0,0,0,0,0,0,0,0,0,19000,0,0,0,100000,81000,19000,19000
059881,臺股指凱基99購46,0,0,0,0,0,0,0,0,0,19000,0,0,0,20000,1000,19000,19000
059637,大立光凱基01購01,0,0,0,0,0,0,0,0,0,19000,0,0,0,21000,2000,19000,19000
057389,玉晶光永豐98購06,0,0,0,0,0,0,0,0,0,19000,0,0,0,19000,0,19000,19000
057277,可成元大98購05  ,0,0,0,0,0,0,0,0,0,19000,0,0,0,47000,28000,19000,19000
05790P,臺股指永昌96售07,0,0,0,0,0,0,0,0,0,19000,0,0,0,19000,0,19000,19000
057086,立積統一9C購01  ,0,0,0,0,0,0,0,0,0,19000,0,0,0,20000,1000,19000,19000
05788P,臺股指永昌96售05,0,0,0,0,0,0,0,0,0,19000,0,0,0,19000,0,19000,19000
6409,旭隼            ,41000,22000,19000,0,0,0,0,0,0,0,0,0,0,0,0,0,19000
3321,同泰            ,22000,3000,19000,0,0,0,0,0,0,0,0,0,0,0,0,0,19000
3040,遠見            ,95000,76000,19000,0,0,0,0,0,0,0,0,0,0,0,0,0,19000
1903,士紙            ,44000,25000,19000,0,0,0,0,0,0,0,0,0,0,0,0,0,19000
2302,麗正            ,19000,0,19000,0,0,0,0,0,0,0,0,0,0,0,0,0,19000
2206,三陽工業        ,78000,59000,19000,0,0,0,0,0,0,0,0,0,0,0,0,0,19000
061973,上銀元大9B購01  ,0,0,0,0,0,0,0,0,0,18000,0,0,0,104000,86000,18000,18000
061976,國巨元大9B購01  ,0,0,0,0,0,0,0,0,0,18000,0,0,0,20000,2000,18000,18000
061873,友達元大9C購07  ,0,0,0,0,0,0,0,0,0,18000,0,0,0,68000,50000,18000,18000
062362,致茂元大9B購01  ,0,0,0,0,0,0,0,0,0,18000,0,0,0,178000,160000,18000,18000
062284,華擎群益9C購03  ,0,0,0,0,0,0,0,0,0,18000,0,0,0,18000,0,18000,18000
062273,國巨群益9C購02  ,0,0,0,0,0,0,0,0,0,18000,0,0,0,18000,0,18000,18000
062825,聯發科群益9B購08,0,0,0,0,0,0,0,0,0,18000,0,0,0,31000,13000,18000,18000
060609,玉晶光凱基9B購01,0,0,0,0,0,0,0,0,0,18000,0,0,0,18000,0,18000,18000
061192,奇鋐永豐9A購01  ,0,0,0,0,0,0,0,0,0,18000,0,0,0,18000,0,18000,18000
054080,微星中信98購01  ,0,0,0,0,0,0,0,0,0,18000,0,0,0,38000,20000,18000,18000
051872,矽力凱基96購01  ,0,0,0,0,0,0,0,0,0,18000,0,0,0,19000,1000,18000,18000
051849,旺宏中信98購01  ,0,0,0,0,0,0,0,0,0,18000,0,0,0,70000,52000,18000,18000
054799,超眾群益98購01  ,0,0,0,0,0,0,0,0,0,18000,0,0,0,98000,80000,18000,18000
060038,台積電國票99購13,0,0,0,0,0,0,0,0,0,18000,0,0,0,20000,2000,18000,18000
060264,華新科國票9A購02,0,0,0,0,0,0,0,0,0,18000,0,0,0,23000,5000,18000,18000
060352,滬深2X元富9A購02,0,0,0,0,0,0,0,0,0,18000,0,0,0,23000,5000,18000,18000
057373,大立光元大98購17,0,0,0,0,0,0,0,0,0,18000,0,0,0,68000,50000,18000,18000
057194,南電元大98購01  ,0,0,0,0,0,0,0,0,0,18000,0,0,0,45000,27000,18000,18000
058318,致茂永豐9A購01  ,0,0,0,0,0,0,0,0,0,18000,0,0,0,91000,73000,18000,18000
059468,智邦元大99購02  ,0,0,0,0,0,0,0,0,0,18000,0,0,0,24000,6000,18000,18000
059323,新日興元大99購02,0,0,0,0,0,0,0,0,0,18000,0,0,0,18000,0,18000,18000
057752,臺股指國票98購08,0,0,0,0,0,0,0,0,0,18000,0,0,0,23000,5000,18000,18000
057559,可成兆豐99購02  ,0,0,0,0,0,0,0,0,0,18000,0,0,0,82000,64000,18000,18000
056670,樺漢國票99購01  ,0,0,0,0,0,0,0,0,0,18000,0,0,0,56000,38000,18000,18000
2030,彰源            ,18000,0,18000,0,0,0,0,0,0,0,0,0,0,0,0,0,18000
2034,允強            ,59000,41000,18000,0,0,0,0,0,0,0,0,0,0,0,0,0,18000
1432,大魯閣          ,18000,0,18000,0,0,0,0,0,0,0,0,0,0,0,0,0,18000
6128,上福            ,18000,0,18000,0,0,0,0,0,0,0,0,0,0,0,0,0,18000
5243,乙盛-KY         ,188000,170000,18000,0,0,0,0,0,0,0,0,0,0,0,0,0,18000
06822P,上銀富邦99售03  ,0,0,0,0,0,0,0,0,0,18000,0,0,0,40000,22000,18000,18000
07598P,臺股指中信01售03,0,0,0,0,0,0,0,0,0,18000,0,0,0,18000,0,18000,18000
07824P,國巨元大9A售24  ,0,0,0,0,0,0,0,0,0,18000,0,0,0,18000,0,18000,18000
061364,國巨國票9A購09  ,0,0,0,0,0,0,0,0,0,17000,0,0,0,22000,5000,17000,17000
061496,華新科國票9A購07,0,0,0,0,0,0,0,0,0,17000,0,0,0,30000,13000,17000,17000
060430,和潤永豐9A購01  ,0,0,0,0,0,0,0,0,0,17000,0,0,0,59000,42000,17000,17000
060891,世芯統一9A購01  ,0,0,0,0,0,0,0,0,0,17000,0,0,0,19000,2000,17000,17000
060778,臺股指凱基9A購06,0,0,0,0,0,0,0,0,0,17000,0,0,0,17000,0,17000,17000
061084,京元電兆豐9A購02,0,0,0,0,0,0,0,0,0,17000,0,0,0,105000,88000,17000,17000
062747,立積永豐9B購01  ,0,0,0,0,0,0,0,0,0,17000,0,0,0,68000,51000,17000,17000
055695,大毅國票98購03  ,0,0,0,0,0,0,0,0,0,17000,0,0,0,26000,9000,17000,17000
054267,上銀第一96購01  ,0,0,0,0,0,0,0,0,0,17000,0,0,0,17000,0,17000,17000
056351,鴻海元大98購06  ,0,0,0,0,0,0,0,0,0,17000,0,0,0,17000,0,17000,17000
056388,勤誠國泰99購01  ,0,0,0,0,0,0,0,0,0,17000,0,0,0,17000,0,17000,17000
059070,道瓊指元大99購02,0,0,0,0,0,0,0,0,0,17000,0,0,0,17000,0,17000,17000
058947,SGBR2X群益9B購02,0,0,0,0,0,0,0,0,0,17000,0,0,0,176000,159000,17000,17000
051382,玉晶光群益98購02,0,0,0,0,0,0,0,0,0,17000,0,0,0,22000,5000,17000,17000
053949,康控富邦9A購01  ,0,0,0,0,0,0,0,0,0,17000,0,0,0,17000,0,17000,17000
050142,聯發科元富9A購01,0,0,0,0,0,0,0,0,0,17000,0,0,0,17000,0,17000,17000
050402,緯穎中信96購01  ,0,0,0,0,0,0,0,0,0,17000,0,0,0,37000,20000,17000,17000
052447,聯發科元大96購04,0,0,0,0,0,0,0,0,0,17000,0,0,0,20000,3000,17000,17000
052659,上証2X國票99購01,0,0,0,0,0,0,0,0,0,17000,0,0,0,17000,0,17000,17000
056671,台灣50元富9A購01,0,0,0,0,0,0,0,0,0,17000,0,0,0,18000,1000,17000,17000
058370,聯詠凱基99購01  ,0,0,0,0,0,0,0,0,0,17000,0,0,0,129000,112000,17000,17000
057529,嘉晶元大99購02  ,0,0,0,0,0,0,0,0,0,17000,0,0,0,17000,0,17000,17000
059899,上証2X元大9C購04,0,0,0,0,0,0,0,0,0,17000,0,0,0,17000,0,17000,17000
057216,聯發科群益99購01,0,0,0,0,0,0,0,0,0,17000,0,0,0,31000,14000,17000,17000
059489,上証2X國票9A購01,0,0,0,0,0,0,0,0,0,17000,0,0,0,17000,0,17000,17000
059723,美律元大9A購02  ,0,0,0,0,0,0,0,0,0,17000,0,0,0,62000,45000,17000,17000
058267,奇鋐永豐99購01  ,0,0,0,0,0,0,0,0,0,17000,0,0,0,17000,0,17000,17000
057334,技嘉國票98購02  ,0,0,0,0,0,0,0,0,0,17000,0,0,0,41000,24000,17000,17000
057093,臻鼎元富98購02  ,0,0,0,0,0,0,0,0,0,17000,0,0,0,25000,8000,17000,17000
07710P,華擎元大9A售05  ,0,0,0,0,0,0,0,0,0,17000,0,0,0,27000,10000,17000,17000
06597P,國巨富邦9A售05  ,0,0,0,0,0,0,0,0,0,17000,0,0,0,76000,59000,17000,17000
06687P,A50正2中信9A售01,0,0,0,0,0,0,0,0,0,17000,0,0,0,20000,3000,17000,17000
07105P,大毅元富99售02  ,0,0,0,0,0,0,0,0,0,17000,0,0,0,67000,50000,17000,17000
5284,jpp-KY          ,18000,1000,17000,0,0,0,0,0,0,0,0,0,0,0,0,0,17000
5525,順天            ,17000,0,17000,0,0,0,0,0,0,0,0,0,0,0,0,0,17000
3346,麗清            ,31000,14000,17000,0,0,0,0,0,0,0,0,0,0,0,0,0,17000
2114,鑫永銓          ,10000,3000,7000,0,0,0,0,0,0,10000,10000,0,10000,0,0,0,17000
1540,喬福            ,16000,0,16000,0,0,0,0,0,0,1000,1000,0,1000,0,0,0,17000
062114,GIS國票9C購01   ,0,0,0,0,0,0,0,0,0,16000,0,0,0,20000,4000,16000,16000
061111,台表科元大9A購02,0,0,0,0,0,0,0,0,0,16000,0,0,0,16000,0,16000,16000
053631,欣興兆豐97購01  ,0,0,0,0,0,0,0,0,0,16000,0,0,0,20000,4000,16000,16000
053417,上銀永豐96購02  ,0,0,0,0,0,0,0,0,0,16000,0,0,0,16000,0,16000,16000
052514,嘉澤凱基96購01  ,0,0,0,0,0,0,0,0,0,16000,0,0,0,16000,0,16000,16000
052137,台表科凱基96購02,0,0,0,0,0,0,0,0,0,16000,0,0,0,39000,23000,16000,16000
00702,國泰標普低波高息,7000,0,7000,0,0,0,0,0,0,9000,0,0,0,19000,10000,9000,16000
050578,聯發科國票95購03,0,0,0,0,0,0,0,0,0,16000,0,0,0,16000,0,16000,16000
048637,鴻海元大96購01  ,0,0,0,0,0,0,0,0,0,16000,0,0,0,16000,0,16000,16000
042116,元油2X國票97購01,0,0,0,0,0,0,0,0,0,16000,0,0,0,16000,0,16000,16000
058881,全新永豐99購01  ,0,0,0,0,0,0,0,0,0,16000,0,0,0,16000,0,16000,16000
056377,智伸科統一9A購01,0,0,0,0,0,0,0,0,0,16000,0,0,0,16000,0,16000,16000
056182,台光電統一97購03,0,0,0,0,0,0,0,0,0,16000,0,0,0,231000,215000,16000,16000
056155,嘉晶凱基97購01  ,0,0,0,0,0,0,0,0,0,16000,0,0,0,28000,12000,16000,16000
056025,嘉晶群益97購01  ,0,0,0,0,0,0,0,0,0,16000,0,0,0,109000,93000,16000,16000
055814,晶豪科國票97購02,0,0,0,0,0,0,0,0,0,16000,0,0,0,139000,123000,16000,16000
057097,致新元富98購01  ,0,0,0,0,0,0,0,0,0,16000,0,0,0,16000,0,16000,16000
057886,聯詠群益98購01  ,0,0,0,0,0,0,0,0,0,16000,0,0,0,337000,321000,16000,16000
059947,貿聯永豐99購03  ,0,0,0,0,0,0,0,0,0,16000,0,0,0,48000,32000,16000,16000
060011,臺股指群益9C購06,0,0,0,0,0,0,0,0,0,16000,0,0,0,17000,1000,16000,16000
059681,華新科國泰9B購02,0,0,0,0,0,0,0,0,0,16000,0,0,0,18000,2000,16000,16000
059355,國巨富邦9B購03  ,0,0,0,0,0,0,0,0,0,16000,0,0,0,26000,10000,16000,16000
058743,可成康和99購01  ,0,0,0,0,0,0,0,0,0,16000,0,0,0,98000,82000,16000,16000
2305,全友            ,15000,0,15000,0,0,0,0,0,0,1000,1000,0,1000,0,0,0,16000
1203,味王            ,16000,0,16000,0,0,0,0,0,0,0,0,0,0,0,0,0,16000
3028,增你強          ,16000,0,16000,0,0,0,0,0,0,0,1000,1000,0,0,0,0,16000
3645,達邁            ,78000,62000,16000,0,0,0,0,0,0,0,0,0,0,0,0,0,16000
4912,聯德控股-KY     ,17000,1000,16000,0,0,0,0,0,0,0,0,0,0,0,0,0,16000
4566,時碩工業        ,36000,20000,16000,0,0,0,0,0,0,0,0,0,0,0,0,0,16000
9927,泰銘            ,20000,4000,16000,0,0,0,0,0,0,0,0,0,0,0,0,0,16000
9937,全國            ,24000,0,24000,0,0,0,0,0,0,-8000,0,8000,-8000,0,0,0,16000
07080P,健策群益9A售01  ,0,0,0,0,0,0,0,0,0,16000,0,0,0,26000,10000,16000,16000
06586P,鴻海元大9C售01  ,0,0,0,0,0,0,0,0,0,16000,0,0,0,26000,10000,16000,16000
063124,奇力新元大9B購05,0,0,0,0,0,0,0,0,0,16000,0,0,0,21000,5000,16000,16000
07643P,禾伸堂凱基9A售02,0,0,0,0,0,0,0,0,0,16000,0,0,0,216000,200000,16000,16000
07407P,欣興凱基99售07  ,0,0,0,0,0,0,0,0,0,16000,0,0,0,70000,54000,16000,16000
061182,南六凱基9A購01  ,0,0,0,0,0,0,0,0,0,15000,0,0,0,15000,0,15000,15000
061550,聯鈞群益9A購03  ,0,0,0,0,0,0,0,0,0,15000,0,0,0,40000,25000,15000,15000
061613,南六統一9C購01  ,0,0,0,0,0,0,0,0,0,15000,0,0,0,62000,47000,15000,15000
061697,世紀鋼群益9A購03,0,0,0,0,0,0,0,0,0,15000,0,0,0,30000,15000,15000,15000
061058,健策國票9A購05  ,0,0,0,0,0,0,0,0,0,15000,0,0,0,19000,4000,15000,15000
061002,瑞昱兆豐9B購01  ,0,0,0,0,0,0,0,0,0,15000,0,0,0,25000,10000,15000,15000
060425,凌華永豐9A購01  ,0,0,0,0,0,0,0,0,0,15000,0,0,0,181000,166000,15000,15000
060666,聯茂凱基9A購02  ,0,0,0,0,0,0,0,0,0,15000,0,0,0,16000,1000,15000,15000
060718,中磊永豐9A購01  ,0,0,0,0,0,0,0,0,0,15000,0,0,0,110000,95000,15000,15000
062431,元金2X元大9B購02,0,0,0,0,0,0,0,0,0,15000,0,0,0,15000,0,15000,15000
061801,祥碩永豐9B購01  ,0,0,0,0,0,0,0,0,0,15000,0,0,0,15000,0,15000,15000
062068,滬深2X元大9B購02,0,0,0,0,0,0,0,0,0,15000,0,0,0,22000,7000,15000,15000
062723,聯發科凱基9B購09,0,0,0,0,0,0,0,0,0,15000,0,0,0,50000,35000,15000,15000
062487,中興電永豐9B購01,0,0,0,0,0,0,0,0,0,15000,0,0,0,15000,0,15000,15000
062786,立積元大9C購03  ,0,0,0,0,0,0,0,0,0,15000,0,0,0,15000,0,15000,15000
063042,同欣電凱基9C購01,0,0,0,0,0,0,0,0,0,15000,0,0,0,21000,6000,15000,15000
054693,神基永豐97購01  ,0,0,0,0,0,0,0,0,0,15000,0,0,0,15000,0,15000,15000
056077,矽力元大97購07  ,0,0,0,0,0,0,0,0,0,15000,0,0,0,15000,0,15000,15000
055631,創意永豐98購01  ,0,0,0,0,0,0,0,0,0,15000,0,0,0,15000,0,15000,15000
056232,瑞儀凱基98購01  ,0,0,0,0,0,0,0,0,0,15000,0,0,0,50000,35000,15000,15000
055101,台肥凱基97購01  ,0,0,0,0,0,0,0,0,0,15000,0,0,0,15000,0,15000,15000
046999,康控富邦99購01  ,0,0,0,0,0,0,0,0,0,15000,0,0,0,15000,0,15000,15000
051467,GIS富邦96購01   ,0,0,0,0,0,0,0,0,0,15000,0,0,0,15000,0,15000,15000
03679C,臺股指元大04牛04,0,0,0,0,0,0,0,0,0,15000,0,0,0,15000,0,15000,15000
00736,國泰新興市場    ,0,0,0,0,0,0,0,0,0,15000,0,0,0,139000,124000,15000,15000
052410,智邦亞東96購01  ,0,0,0,0,0,0,0,0,0,15000,0,0,0,115000,100000,15000,15000
054121,奇鋐永豐96購02  ,0,0,0,0,0,0,0,0,0,15000,0,0,0,25000,10000,15000,15000
055523,道瓊銀群益9A購01,0,0,0,0,0,0,0,0,0,15000,0,0,0,15000,0,15000,15000
055478,訊芯凱基97購01  ,0,0,0,0,0,0,0,0,0,15000,0,0,0,15000,0,15000,15000
055451,台積電元富97購02,0,0,0,0,0,0,0,0,0,15000,0,0,0,15000,0,15000,15000
053411,深中小國票9B購01,0,0,0,0,0,0,0,0,0,15000,0,0,0,15000,0,15000,15000
053611,聯茂麥證96購01  ,0,0,0,15000,0,15000,0,0,0,15000,0,0,0,15000,0,15000,15000
054074,健策富邦98購01  ,0,0,0,0,0,0,0,0,0,15000,0,0,0,15000,0,15000,15000
059616,滬深2X群益01購04,0,0,0,0,0,0,0,0,0,15000,0,0,0,15000,0,15000,15000
056803,群創台新99購02  ,0,0,0,0,0,0,0,0,0,15000,0,0,0,15000,0,15000,15000
057683,技嘉日盛98購01  ,0,0,0,0,0,0,0,0,0,15000,0,0,0,20000,5000,15000,15000
059119,華擎永豐99購02  ,0,0,0,0,0,0,0,0,0,15000,0,0,0,15000,0,15000,15000
059015,華通元富99購02  ,0,0,0,0,0,0,0,0,0,15000,0,0,0,16000,1000,15000,15000
057563,旭富國泰9A購01  ,0,0,0,0,0,0,0,0,0,15000,0,0,0,15000,0,15000,15000
059319,台光電元大99購04,0,0,0,0,0,0,0,0,0,15000,0,0,0,15000,0,15000,15000
059916,聯發科元大99購33,0,0,0,0,0,0,0,0,0,15000,0,0,0,15000,0,15000,15000
058520,智易元大99購03  ,0,0,0,0,0,0,0,0,0,15000,0,0,0,31000,16000,15000,15000
059852,康控永豐99購02  ,0,0,0,0,0,0,0,0,0,15000,0,0,0,140000,125000,15000,15000
060027,元金2X永豐99購02,0,0,0,0,0,0,0,0,0,15000,0,0,0,15000,0,15000,15000
057912,美律日盛99購01  ,0,0,0,0,0,0,0,0,0,15000,0,0,0,299000,284000,15000,15000
056988,聚陽兆豐98購01  ,0,0,0,0,0,0,0,0,0,15000,0,0,0,75000,60000,15000,15000
057106,美律群益98購03  ,0,0,0,0,0,0,0,0,0,15000,0,0,0,165000,150000,15000,15000
060245,聯陽元大9C購01  ,0,0,0,0,0,0,0,0,0,15000,0,0,0,90000,75000,15000,15000
060289,京元電元大9A購01,0,0,0,0,0,0,0,0,0,15000,0,0,0,108000,93000,15000,15000
057331,台積電國票99購04,0,0,0,0,0,0,0,0,0,15000,0,0,0,15000,0,15000,15000
057813,京元電元大98購03,0,0,0,0,0,0,0,0,0,15000,0,0,0,331000,316000,15000,15000
057833,聯發科元富02購06,0,0,0,0,0,0,0,0,0,15000,0,0,0,18000,3000,15000,15000
057876,隆達元大98購01  ,0,0,0,0,0,0,0,0,0,15000,0,0,0,15000,0,15000,15000
057514,華新科元富99購03,0,0,0,0,0,0,0,0,0,15000,0,0,0,39000,24000,15000,15000
058218,緯穎群益99購01  ,0,0,0,0,0,0,0,0,0,15000,0,0,0,86000,71000,15000,15000
07357P,鴻海元大99售38  ,0,0,0,0,0,0,0,0,0,15000,0,0,0,15000,0,15000,15000
08093P,英業達元富9B售02,0,0,0,0,0,0,0,0,0,15000,0,0,0,24000,9000,15000,15000
06517P,國巨凱基98售09  ,0,0,0,0,0,0,0,0,0,15000,0,0,0,30000,15000,15000,15000
06490P,鴻海富邦99售02  ,0,0,0,0,0,0,0,0,0,15000,0,0,0,15000,0,15000,15000
8473,山林水          ,15000,0,15000,0,0,0,0,0,0,0,0,0,0,0,0,0,15000
3501,維熹            ,17000,1000,16000,0,0,0,0,0,0,-1000,0,1000,-1000,0,0,0,15000
4976,佳凌            ,75000,60000,15000,0,0,0,0,0,0,0,0,0,0,0,0,0,15000
2528,皇普            ,16000,1000,15000,0,0,0,0,0,0,0,0,0,0,0,0,0,15000
2509,全坤建          ,15000,0,15000,0,0,0,0,0,0,0,0,0,0,0,0,0,15000
1218,泰山            ,397000,382000,15000,0,0,0,0,0,0,0,0,0,0,0,0,0,15000
1416,廣豐            ,15000,0,15000,0,0,0,0,0,0,0,0,0,0,0,0,0,15000
1524,耿鼎            ,16000,1000,15000,0,0,0,0,0,0,0,0,0,0,0,0,0,15000
062873,國巨兆豐9C購01  ,0,0,0,0,0,0,0,0,0,14000,0,0,0,14000,0,14000,14000
062770,臺股指凱基9B購14,0,0,0,0,0,0,0,0,0,14000,0,0,0,14000,0,14000,14000
062072,國巨元大9B購05  ,0,0,0,0,0,0,0,0,0,14000,0,0,0,14000,0,14000,14000
061788,信邦群益9B購01  ,0,0,0,0,0,0,0,0,0,14000,0,0,0,59000,45000,14000,14000
062147,大毅國票9B購02  ,0,0,0,0,0,0,0,0,0,14000,0,0,0,53000,39000,14000,14000
060552,群創凱基9B購05  ,0,0,0,0,0,0,0,0,0,14000,0,0,0,14000,0,14000,14000
060779,臺股指凱基9A購07,0,0,0,0,0,0,0,0,0,14000,0,0,0,14000,0,14000,14000
060887,台積電統一01購01,0,0,0,0,0,0,0,0,0,14000,0,0,0,46000,32000,14000,14000
061547,禾伸堂群益9A購01,0,0,0,0,0,0,0,0,0,14000,0,0,0,83000,69000,14000,14000
061204,國巨元大9A購16  ,0,0,0,0,0,0,0,0,0,14000,0,0,0,14000,0,14000,14000
061373,華通富邦9A購02  ,0,0,0,0,0,0,0,0,0,14000,0,0,0,27000,13000,14000,14000
061308,元金2X中信9A購01,0,0,0,0,0,0,0,0,0,14000,0,0,0,14000,0,14000,14000
052997,國巨康和96購01  ,0,0,0,0,0,0,0,0,0,14000,0,0,0,14000,0,14000,14000
052095,彩晶元大97購01  ,0,0,0,0,0,0,0,0,0,14000,0,0,0,14000,0,14000,14000
0051,元大中型100     ,0,0,0,0,0,0,0,0,0,14000,0,0,0,18000,4000,14000,14000
045053,聯發科元富98購01,0,0,0,0,0,0,0,0,0,14000,0,0,0,14000,0,14000,14000
059206,元石油元大99購02,0,0,0,0,0,0,0,0,0,14000,0,0,0,16000,2000,14000,14000
056427,上銀凱基98購03  ,0,0,0,0,0,0,0,0,0,14000,0,0,0,30000,16000,14000,14000
058184,鴻海永豐99購01  ,0,0,0,0,0,0,0,0,0,14000,0,0,0,30000,16000,14000,14000
058270,上緯控永豐99購01,0,0,0,0,0,0,0,0,0,14000,0,0,0,59000,45000,14000,14000
058643,T50正2富邦03購01,0,0,0,0,0,0,0,0,0,14000,0,0,0,14000,0,14000,14000
058115,台光電中信99購01,0,0,0,0,0,0,0,0,0,14000,0,0,0,30000,16000,14000,14000
060379,T50反1凱基9A購07,0,0,0,0,0,0,0,0,0,14000,0,0,0,15000,1000,14000,14000
060185,聯發科元富04購01,0,0,0,0,0,0,0,0,0,14000,0,0,0,15000,1000,14000,14000
059870,全新凱基99購05  ,0,0,0,0,0,0,0,0,0,14000,0,0,0,40000,26000,14000,14000
059915,聯發科元大99購32,0,0,0,0,0,0,0,0,0,14000,0,0,0,17000,3000,14000,14000
1219,福壽            ,26000,12000,14000,0,0,0,0,0,0,0,0,0,0,0,0,0,14000
1568,倉佑            ,25000,11000,14000,0,0,0,0,0,0,0,0,0,0,0,0,0,14000
1589,永冠-KY         ,35000,25000,10000,0,0,0,0,0,0,4000,61000,57000,4000,0,0,0,14000
1615,大山            ,24000,10000,14000,0,0,0,0,0,0,0,0,0,0,0,0,0,14000
1727,中華化          ,14000,0,14000,0,0,0,0,0,0,0,0,0,0,0,0,0,14000
2443,億麗            ,14000,0,14000,0,0,0,0,0,0,0,0,0,0,0,0,0,14000
5533,皇鼎            ,15000,1000,14000,0,0,0,0,0,0,0,0,0,0,0,0,0,14000
4439,冠星-KY         ,14000,0,14000,0,0,0,0,0,0,0,0,0,0,0,0,0,14000
8367,建新國際        ,14000,0,14000,0,0,0,0,0,0,0,0,0,0,0,0,0,14000
8249,菱光            ,14000,0,14000,0,0,0,0,0,0,0,0,0,0,0,0,0,14000
8104,錸寶            ,75000,62000,13000,0,0,0,0,0,0,1000,1000,0,1000,0,0,0,14000
9911,櫻花            ,23000,40000,-17000,0,0,0,0,0,0,31000,31000,0,31000,0,0,0,14000
06473P,鴻海元大99售03  ,0,0,0,0,0,0,0,0,0,14000,0,0,0,77000,63000,14000,14000
06925P,致茂群益9A售02  ,0,0,0,0,0,0,0,0,0,14000,0,0,0,14000,0,14000,14000
07952P,富邦金元大9B售02,0,0,0,0,0,0,0,0,0,14000,0,0,0,14000,0,14000,14000
1711,永光            ,398737,385000,13737,0,0,0,0,0,0,0,0,0,0,0,0,0,13737
061251,臺股指群益9A購02,0,0,0,0,0,0,0,0,0,13000,0,0,0,13000,0,13000,13000
061618,友達群益9A購04  ,0,0,0,0,0,0,0,0,0,13000,0,0,0,88000,75000,13000,13000
060888,金像電統一9C購01,2000,0,2000,0,0,0,0,0,0,11000,0,0,0,942000,931000,11000,13000
060902,上証2X元大9A購05,0,0,0,0,0,0,0,0,0,13000,0,0,0,13000,0,13000,13000
060736,旺宏統一01購01  ,0,0,0,0,0,0,0,0,0,13000,0,0,0,22000,9000,13000,13000
062348,聯發科群益9B購06,0,0,0,0,0,0,0,0,0,13000,0,0,0,28000,15000,13000,13000
061848,國巨國票9B購07  ,0,0,0,0,0,0,0,0,0,13000,0,0,0,13000,0,13000,13000
061857,康友國票9B購01  ,0,0,0,0,0,0,0,0,0,13000,0,0,0,15000,2000,13000,13000
062033,瀚宇博群益9B購01,0,0,0,0,0,0,0,0,0,13000,0,0,0,20000,7000,13000,13000
061945,華通群益9B購04  ,0,0,0,0,0,0,0,0,0,13000,0,0,0,130000,117000,13000,13000
056354,國巨元大98購10  ,0,0,0,0,0,0,0,0,0,13000,0,0,0,14000,1000,13000,13000
056181,百和元富97購02  ,0,0,0,0,0,0,0,0,0,13000,0,0,0,13000,0,13000,13000
056239,宏達電群益98購01,0,0,0,0,0,0,0,0,0,13000,0,0,0,38000,25000,13000,13000
056212,台光電國票98購03,0,0,0,0,0,0,0,0,0,13000,0,0,0,60000,47000,13000,13000
058828,大毅永豐99購01  ,0,0,0,0,0,0,0,0,0,13000,0,0,0,23000,10000,13000,13000
055938,矽力群益97購01  ,0,0,0,0,0,0,0,0,0,13000,0,0,0,13000,0,13000,13000
054951,大毅元大97購01  ,0,0,0,0,0,0,0,0,0,13000,0,0,0,13000,0,13000,13000
0053,元大電子        ,2000,0,2000,0,0,0,0,0,0,11000,0,0,0,17000,6000,11000,13000
035275,台積電台新97購01,0,0,0,0,0,0,0,0,0,13000,0,0,0,13000,0,13000,13000
053375,鴻海元大96購18  ,0,0,0,0,0,0,0,0,0,13000,0,0,0,13000,0,13000,13000
052979,上銀元大96購02  ,0,0,0,0,0,0,0,0,0,13000,0,0,0,23000,10000,13000,13000
059605,臺股指元大9A購42,0,0,0,0,0,0,0,0,0,13000,0,0,0,13000,0,13000,13000
057558,致新凱基98購01  ,0,0,0,0,0,0,0,0,0,13000,0,0,0,38000,25000,13000,13000
058427,大毅元富99購01  ,0,0,0,0,0,0,0,0,0,13000,0,0,0,13000,0,13000,13000
056662,臺股指元大9A購09,0,0,0,0,0,0,0,0,0,13000,0,0,0,13000,0,13000,13000
056583,昇陽半元大98購02,0,0,0,0,0,0,0,0,0,13000,0,0,0,51000,38000,13000,13000
060337,FBVIX統一9A購01 ,0,0,0,0,0,0,0,0,0,13000,0,0,0,116000,103000,13000,13000
057322,旺宏群益98購04  ,0,0,0,0,0,0,0,0,0,13000,0,0,0,13000,0,13000,13000
1558,伸興            ,25000,12000,13000,0,0,0,0,0,0,0,0,0,0,0,0,0,13000
2438,翔耀            ,13000,0,13000,0,0,0,0,0,0,0,0,0,0,0,0,0,13000
2493,揚博            ,349000,372000,-23000,0,0,0,0,0,0,36000,36000,0,36000,0,0,0,13000
2546,根基            ,19000,6000,13000,0,0,0,0,0,0,0,0,0,0,0,0,0,13000
2611,志信            ,13000,0,13000,0,0,0,0,0,0,0,0,0,0,0,0,0,13000
4572,駐龍            ,13000,0,13000,0,0,0,0,0,0,0,0,0,0,0,0,0,13000
3494,誠研            ,13000,0,13000,0,0,0,0,0,0,0,0,0,0,0,0,0,13000
3305,昇貿            ,14000,1000,13000,0,0,0,0,0,0,0,0,0,0,0,0,0,13000
6452,康友-KY         ,123000,113000,10000,0,0,0,0,0,0,3000,0,0,0,4000,1000,3000,13000
6215,和椿            ,14000,3000,11000,0,0,0,0,0,0,2000,2000,0,2000,0,0,0,13000
08091P,A50正2元富9B售02,0,0,0,0,0,0,0,0,0,13000,0,0,0,13000,0,13000,13000
08059P,京鼎元大9B售02  ,0,0,0,0,0,0,0,0,0,13000,0,0,0,20000,7000,13000,13000
07728P,臺股指凱基9A售20,0,0,0,0,0,0,0,0,0,13000,0,0,0,52000,39000,13000,13000
07293P,臺股指凱基99售45,0,0,0,0,0,0,0,0,0,13000,0,0,0,13000,0,13000,13000
07543P,台積電凱基9A售17,0,0,0,0,0,0,0,0,0,13000,0,0,0,63000,50000,13000,13000
06758P,鴻海元大98售10  ,0,0,0,0,0,0,0,0,0,13000,0,0,0,13000,0,13000,13000
06386P,欣興永豐97售03  ,0,0,0,0,0,0,0,0,0,13000,0,0,0,13000,0,13000,13000
061889,祥碩富邦9B購01  ,0,0,0,0,0,0,0,0,0,12000,0,0,0,12000,0,12000,12000
062292,旭富永豐9B購01  ,0,0,0,0,0,0,0,0,0,12000,0,0,0,124000,112000,12000,12000
062151,世紀鋼國票01購01,0,0,0,0,0,0,0,0,0,12000,0,0,0,41000,29000,12000,12000
062194,遠東新中信9C購01,0,0,0,0,0,0,0,0,0,12000,0,0,0,32000,20000,12000,12000
062637,智易國票9B購01  ,0,0,0,0,0,0,0,0,0,12000,0,0,0,12000,0,12000,12000
063021,大立光元大9C購05,0,0,0,0,0,0,0,0,0,12000,0,0,0,12000,0,12000,12000
060515,臺股指元大9B購12,0,0,0,0,0,0,0,0,0,12000,0,0,0,12000,0,12000,12000
061011,華通麥證9A購02  ,0,0,0,25000,13000,12000,0,0,0,12000,0,0,0,25000,13000,12000,12000
061012,國巨麥證9A購03  ,0,0,0,12000,0,12000,0,0,0,12000,0,0,0,12000,0,12000,12000
060986,聯發科元大9A購07,0,0,0,0,0,0,0,0,0,12000,0,0,0,17000,5000,12000,12000
061704,景碩國票9A購01  ,0,0,0,0,0,0,0,0,0,12000,0,0,0,12000,0,12000,12000
061396,台灣50台新9C購03,0,0,0,0,0,0,0,0,0,12000,0,0,0,12000,0,12000,12000
052763,晶技群益97購01  ,0,0,0,0,0,0,0,0,0,12000,0,0,0,12000,0,12000,12000
055590,聯發科元大98購02,0,0,0,0,0,0,0,0,0,12000,0,0,0,12000,0,12000,12000
054515,華通元大98購02  ,0,0,0,0,0,0,0,0,0,12000,0,0,0,12000,0,12000,12000
05884P,旺宏統一96售01  ,0,0,0,0,0,0,0,0,0,12000,0,0,0,12000,0,12000,12000
059077,FBVIX元大99購05 ,0,0,0,0,0,0,0,0,0,12000,0,0,0,15000,3000,12000,12000
055789,台虹凱基97購01  ,0,0,0,0,0,0,0,0,0,12000,0,0,0,12000,0,12000,12000
055661,亞德客中信98購01,0,0,0,0,0,0,0,0,0,12000,0,0,0,38000,26000,12000,12000
05601P,鴻海元大97售04  ,0,0,0,0,0,0,0,0,0,12000,0,0,0,12000,0,12000,12000
056396,祥碩永豐98購01  ,0,0,0,0,0,0,0,0,0,12000,0,0,0,75000,63000,12000,12000
057368,微星元大98購02  ,0,0,0,0,0,0,0,0,0,12000,0,0,0,50000,38000,12000,12000
058181,華新科國泰9B購01,0,0,0,0,0,0,0,0,0,12000,0,0,0,64000,52000,12000,12000
058313,台積電富邦9B購04,0,0,0,0,0,0,0,0,0,12000,0,0,0,12000,0,12000,12000
058246,帆宣元大99購01  ,0,0,0,0,0,0,0,0,0,12000,0,0,0,347000,335000,12000,12000
060278,道瓊反元大9A購03,0,0,0,0,0,0,0,0,0,12000,0,0,0,12000,0,12000,12000
057045,美律元大99購04  ,0,0,0,0,0,0,0,0,0,12000,0,0,0,15000,3000,12000,12000
056696,茂林群益98購02  ,0,0,0,0,0,0,0,0,0,12000,0,0,0,12000,0,12000,12000
058403,玉晶光元大99購12,0,0,0,0,0,0,0,0,0,12000,0,0,0,45000,33000,12000,12000
057641,旺宏元大98購10  ,0,0,0,0,0,0,0,0,0,12000,0,0,0,16000,4000,12000,12000
059782,A50正2元大9C購04,0,0,0,0,0,0,0,0,0,12000,0,0,0,28000,16000,12000,12000
057231,美律凱基98購05  ,0,0,0,0,0,0,0,0,0,12000,0,0,0,137000,125000,12000,12000
06789P,鴻海凱基98售12  ,0,0,0,0,0,0,0,0,0,12000,0,0,0,12000,0,12000,12000
07645P,華通元大9A售06  ,0,0,0,0,0,0,0,0,0,12000,0,0,0,32000,20000,12000,12000
07228P,台灣50群益9B售06,0,0,0,0,0,0,0,0,0,12000,0,0,0,62000,50000,12000,12000
08043P,電子類群益9B售01,0,0,0,0,0,0,0,0,0,12000,0,0,0,12000,0,12000,12000
07895P,美律元大9B售01  ,0,0,0,0,0,0,0,0,0,12000,0,0,0,12000,0,12000,12000
07896P,臺股指元大9B售16,0,0,0,0,0,0,0,0,0,12000,0,0,0,12000,0,12000,12000
6136,富爾特          ,12000,0,12000,0,0,0,0,0,0,0,0,0,0,0,0,0,12000
5706,鳳凰            ,76000,64000,12000,0,0,0,0,0,0,0,0,0,0,0,0,0,12000
4952,凌通            ,34000,22000,12000,0,0,0,0,0,0,0,0,0,0,0,0,0,12000
9926,新海            ,16000,0,16000,0,0,0,0,0,0,-4000,0,4000,-4000,0,0,0,12000
9918,欣天然          ,12000,0,12000,0,0,0,0,0,0,0,0,0,0,0,0,0,12000
8114,振樺電          ,12000,0,12000,0,0,0,0,0,0,0,0,0,0,0,0,0,12000
8411,福貞-KY         ,12000,0,12000,0,0,0,0,0,0,0,0,0,0,0,0,0,12000
2597,潤弘            ,12000,0,12000,0,0,0,0,0,0,0,0,0,0,0,0,0,12000
3011,今皓            ,12000,0,12000,0,0,0,0,0,0,0,0,0,0,0,0,0,12000
2477,美隆電          ,15000,2000,13000,0,0,0,0,0,0,-1000,0,1000,-1000,0,0,0,12000
2427,三商電          ,14000,2000,12000,0,0,0,0,0,0,0,0,0,0,0,0,0,12000
1617,榮星            ,15000,3000,12000,0,0,0,0,0,0,0,0,0,0,0,0,0,12000
1906,寶隆            ,24000,12000,12000,0,0,0,0,0,0,0,0,0,0,0,0,0,12000
1323,永裕            ,12000,0,12000,0,0,0,0,0,0,0,0,0,0,0,0,0,12000
1468,昶和            ,12000,0,12000,0,0,0,0,0,0,0,0,0,0,0,0,0,12000
061316,台積電凱基9A購24,0,0,0,0,0,0,0,0,0,11000,0,0,0,12000,1000,11000,11000
061167,臻鼎兆豐9B購01  ,0,0,0,0,0,0,0,0,0,11000,0,0,0,18000,7000,11000,11000
061637,華新科元大9A購22,0,0,0,0,0,0,0,0,0,11000,0,0,0,11000,0,11000,11000
060399,康友國票9A購02  ,0,0,0,0,0,0,0,0,0,11000,0,0,0,13000,2000,11000,11000
060475,瑞祺元大9A購01  ,0,0,0,0,0,0,0,0,0,11000,0,0,0,484000,473000,11000,11000
063014,技嘉元大9B購03  ,0,0,0,0,0,0,0,0,0,11000,0,0,0,20000,9000,11000,11000
063094,玉晶光國票01購03,0,0,0,0,0,0,0,0,0,11000,0,0,0,23000,12000,11000,11000
062935,華通凱基9C購02  ,0,0,0,0,0,0,0,0,0,11000,0,0,0,30000,19000,11000,11000
06282P,聯鈞永豐97售02  ,0,0,0,0,0,0,0,0,0,11000,0,0,0,16000,5000,11000,11000
062618,祥碩元大9B購04  ,0,0,0,0,0,0,0,0,0,11000,0,0,0,13000,2000,11000,11000
062718,技嘉凱基9B購01  ,0,0,0,0,0,0,0,0,0,11000,0,0,0,17000,6000,11000,11000
061816,長榮航群益9B購02,0,0,0,0,0,0,0,0,0,11000,0,0,0,44000,33000,11000,11000
061953,台積電台新9B購04,0,0,0,0,0,0,0,0,0,11000,0,0,0,11000,0,11000,11000
062049,亞德客統一01購01,0,0,0,0,0,0,0,0,0,11000,0,0,0,170000,159000,11000,11000
056334,台積電凱基98購06,0,0,0,0,0,0,0,0,0,11000,0,0,0,11000,0,11000,11000
054333,茂林永豐96購03  ,0,0,0,0,0,0,0,0,0,11000,0,0,0,12000,1000,11000,11000
054300,華通凱基96購07  ,0,0,0,0,0,0,0,0,0,11000,0,0,0,12000,1000,11000,11000
059213,國巨元大99購19  ,0,0,0,0,0,0,0,0,0,11000,0,0,0,37000,26000,11000,11000
055996,矽力國泰99購01  ,0,0,0,0,0,0,0,0,0,11000,0,0,0,11000,0,11000,11000
05524P,瀚宇博國票97售02,0,0,0,0,0,0,0,0,0,11000,0,0,0,36000,25000,11000,11000
052859,國巨凱基96購07  ,0,0,0,0,0,0,0,0,0,11000,0,0,0,11000,0,11000,11000
052847,漢唐統一99購01  ,0,0,0,0,0,0,0,0,0,11000,0,0,0,106000,95000,11000,11000
00706L,元大S&P日圓正2  ,0,0,0,0,0,0,0,0,0,11000,0,0,0,15000,4000,11000,11000
042556,台灣50中信96購04,0,0,0,0,0,0,0,0,0,11000,0,0,0,11000,0,11000,11000
048070,聯發科元富99購03,0,0,0,0,0,0,0,0,0,11000,0,0,0,21000,10000,11000,11000
053758,華新科國泰97購02,0,0,0,0,0,0,0,0,0,11000,0,0,0,11000,0,11000,11000
058567,華新科凱基9A購02,0,0,0,0,0,0,0,0,0,11000,0,0,0,14000,3000,11000,11000
059264,台光電中信99購02,0,0,0,0,0,0,0,0,0,11000,0,0,0,25000,14000,11000,11000
059282,嘉聯益永豐99購01,0,0,0,0,0,0,0,0,0,11000,0,0,0,42000,31000,11000,11000
059286,S&P正2元富01購03,0,0,0,0,0,0,0,0,0,11000,0,0,0,12000,1000,11000,11000
059598,欣興元大99購08  ,0,0,0,0,0,0,0,0,0,11000,0,0,0,11000,0,11000,11000
05943P,欣興凱基96售03  ,0,0,0,0,0,0,0,0,0,11000,0,0,0,11000,0,11000,11000
060260,京鼎凱基9C購01  ,0,0,0,0,0,0,0,0,0,11000,0,0,0,94000,83000,11000,11000
060341,國巨統一9C購02  ,0,0,0,0,0,0,0,0,0,11000,0,0,0,61000,50000,11000,11000
058626,瑞昱國票9A購01  ,0,0,0,0,0,0,0,0,0,11000,0,0,0,16000,5000,11000,11000
058612,健策元大99購02  ,0,0,0,0,0,0,0,0,0,11000,0,0,0,165000,154000,11000,11000
057472,T50正2元大9B購03,0,0,0,0,0,0,0,0,0,11000,0,0,0,11000,0,11000,11000
05717P,鴻海元大97售07  ,0,0,0,0,0,0,0,0,0,11000,0,0,0,11000,0,11000,11000
1454,台富            ,12000,1000,11000,0,0,0,0,0,0,0,0,0,0,0,0,0,11000
1445,大宇            ,11000,0,11000,0,0,0,0,0,0,0,0,0,0,0,0,0,11000
1713,國化            ,11000,0,11000,0,0,0,0,0,0,0,0,0,0,0,0,0,11000
2430,燦坤            ,14000,3000,11000,0,0,0,0,0,0,0,0,0,0,0,0,0,11000
2491,吉祥全          ,3000,0,3000,0,0,0,0,0,0,8000,8000,0,8000,0,0,0,11000
2440,太空梭          ,11000,0,11000,0,0,0,0,0,0,0,0,0,0,0,0,0,11000
9902,台火            ,13000,2000,11000,0,0,0,0,0,0,0,0,0,0,0,0,0,11000
4930,燦星網          ,24000,12000,12000,0,0,0,0,0,0,-1000,0,1000,-1000,0,0,0,11000
6491,晶碩            ,25000,14000,11000,0,0,0,0,0,0,0,0,0,0,0,0,0,11000
07671P,超眾元大9A售04  ,0,0,0,0,0,0,0,0,0,11000,0,0,0,13000,2000,11000,11000
07433P,臺股指國票9A售05,0,0,0,0,0,0,0,0,0,11000,0,0,0,15000,4000,11000,11000
07090P,台灣50凱基01售01,0,0,0,0,0,0,0,0,0,11000,0,0,0,26000,15000,11000,11000
061955,FANG+統一9B購01 ,0,0,0,0,0,0,0,0,0,10000,0,0,0,10000,0,10000,10000
062017,京鼎永豐9B購01  ,0,0,0,0,0,0,0,0,0,10000,0,0,0,51000,41000,10000,10000
061826,台郡麥證9B購01  ,0,0,0,95000,85000,10000,0,0,0,10000,0,0,0,95000,85000,10000,10000
061779,上銀群益9B購01  ,0,0,0,0,0,0,0,0,0,10000,0,0,0,10000,0,10000,10000
062145,億光國票9B購01  ,0,0,0,0,0,0,0,0,0,10000,0,0,0,48000,38000,10000,10000
062299,台積電第一9B購01,0,0,0,0,0,0,0,0,0,10000,0,0,0,40000,30000,10000,10000
062546,新日興永豐9B購01,0,0,0,0,0,0,0,0,0,10000,0,0,0,10000,0,10000,10000
062864,臺股指國票9B購21,0,0,0,0,0,0,0,0,0,10000,0,0,0,11000,1000,10000,10000
062896,中興電元大9B購01,0,0,0,0,0,0,0,0,0,10000,0,0,0,283000,273000,10000,10000
063006,道瓊反元大9C購01,0,0,0,0,0,0,0,0,0,10000,0,0,0,10000,0,10000,10000
060449,元金2X元大9A購02,0,0,0,0,0,0,0,0,0,10000,0,0,0,10000,0,10000,10000
060391,華擎群益9C購01  ,0,0,0,0,0,0,0,0,0,10000,0,0,0,25000,15000,10000,10000
060487,盛群富邦9B購01  ,0,0,0,0,0,0,0,0,0,10000,0,0,0,10000,0,10000,10000
060538,S&P反1凱基9A購01,0,0,0,0,0,0,0,0,0,10000,0,0,0,10000,0,10000,10000
060657,旺宏統一9B購05  ,0,0,0,0,0,0,0,0,0,10000,0,0,0,10000,0,10000,10000
060999,國巨兆豐9A購01  ,0,0,0,0,0,0,0,0,0,10000,0,0,0,27000,17000,10000,10000
060947,台積電統一9C購03,0,0,0,0,0,0,0,0,0,10000,0,0,0,10000,0,10000,10000
06096P,全新永豐97售02  ,0,0,0,0,0,0,0,0,0,10000,0,0,0,10000,0,10000,10000
060927,嘉晶永豐9A購01  ,0,0,0,0,0,0,0,0,0,10000,0,0,0,10000,0,10000,10000
061104,華新科元大9A購13,0,0,0,0,0,0,0,0,0,10000,0,0,0,68000,58000,10000,10000
061670,台灣50元大9A購20,0,0,0,0,0,0,0,0,0,10000,0,0,0,10000,0,10000,10000
061655,微星國票9A購01  ,0,0,0,0,0,0,0,0,0,10000,0,0,0,10000,0,10000,10000
061721,道瓊反富邦9B購01,0,0,0,0,0,0,0,0,0,10000,0,0,0,10000,0,10000,10000
061696,南茂群益9A購01  ,0,0,0,0,0,0,0,0,0,10000,0,0,0,10000,0,10000,10000
06176P,台積電元大97售22,0,0,0,0,0,0,0,0,0,10000,0,0,0,10000,0,10000,10000
061569,旺宏元大9A購14  ,0,0,0,0,0,0,0,0,0,10000,0,0,0,10000,0,10000,10000
061509,SP黃豆富邦9C購01,0,0,0,0,0,0,0,0,0,10000,0,0,0,10000,0,10000,10000
061133,玉晶光第一9A購01,0,0,0,0,0,0,0,0,0,10000,0,0,0,10000,0,10000,10000
06123P,玉晶光元大97售04,0,0,0,0,0,0,0,0,0,10000,0,0,0,15000,5000,10000,10000
061300,臺股指富邦9A購02,0,0,0,0,0,0,0,0,0,10000,0,0,0,30000,20000,10000,10000
061301,華新科永豐9A購03,0,0,0,0,0,0,0,0,0,10000,0,0,0,10000,0,10000,10000
061281,台積電統一9C購05,0,0,0,0,0,0,0,0,0,10000,0,0,0,10000,0,10000,10000
061432,世紀鋼元大9A購05,0,0,0,0,0,0,0,0,0,10000,0,0,0,10000,0,10000,10000
061441,大毅永豐9A購04  ,0,0,0,0,0,0,0,0,0,10000,0,0,0,10000,0,10000,10000
053779,台光電元大96購02,0,0,0,0,0,0,0,0,0,10000,0,0,0,10000,0,10000,10000
053797,台積電中信98購01,0,0,0,0,0,0,0,0,0,10000,0,0,0,10000,0,10000,10000
053890,華新科群益98購01,0,0,0,0,0,0,0,0,0,10000,0,0,0,10000,0,10000,10000
053875,GIS元大97購01   ,0,0,0,0,0,0,0,0,0,10000,0,0,0,10000,0,10000,10000
051415,晶技國票96購01  ,0,0,0,0,0,0,0,0,0,10000,0,0,0,10000,0,10000,10000
051461,聯詠國泰96購01  ,0,0,0,0,0,0,0,0,0,10000,0,0,0,10000,0,10000,10000
051466,玉晶光富邦97購01,0,0,0,0,0,0,0,0,0,10000,0,0,0,10000,0,10000,10000
051799,台積電永豐96購01,0,0,0,0,0,0,0,0,0,10000,0,0,0,10000,0,10000,10000
047969,台達電富邦97購01,0,0,0,0,0,0,0,0,0,10000,0,0,0,10000,0,10000,10000
045054,聯發科元富98購02,0,0,0,0,0,0,0,0,0,10000,0,0,0,1725000,1715000,10000,10000
048653,巨大元大96購02  ,0,0,0,0,0,0,0,0,0,10000,0,0,0,10000,0,10000,10000
049892,國巨富邦96購01  ,0,0,0,0,0,0,0,0,0,10000,0,0,0,10000,0,10000,10000
049670,鈺齊國泰96購01  ,0,0,0,0,0,0,0,0,0,10000,0,0,0,10000,0,10000,10000
049252,國巨元大96購01  ,0,0,0,0,0,0,0,0,0,10000,0,0,0,15000,5000,10000,10000
053651,台光電凱基98購01,0,0,0,0,0,0,0,0,0,10000,0,0,0,10000,0,10000,10000
050416,高股息凱基96購02,0,0,0,0,0,0,0,0,0,10000,0,0,0,10000,0,10000,10000
0055,元大MSCI金融    ,0,0,0,0,0,0,0,0,0,10000,0,0,0,11000,1000,10000,10000
05131P,聯詠統一97售01  ,0,0,0,0,0,0,0,0,0,10000,0,0,0,10000,0,10000,10000
050570,聯發科中信97購02,0,0,0,0,0,0,0,0,0,10000,0,0,0,10000,0,10000,10000
050612,台積電元大95購06,0,0,0,0,0,0,0,0,0,10000,0,0,0,10000,0,10000,10000
050700,健策凱基96購01  ,0,0,0,0,0,0,0,0,0,10000,0,0,0,10000,0,10000,10000
051069,智邦國票96購01  ,0,0,0,0,0,0,0,0,0,10000,0,0,0,10000,0,10000,10000
05102P,臺股指凱基96售09,0,0,0,0,0,0,0,0,0,10000,0,0,0,10000,0,10000,10000
052844,台積電統一96購02,0,0,0,0,0,0,0,0,0,10000,0,0,0,10000,0,10000,10000
052800,國巨元大96購05  ,0,0,0,0,0,0,0,0,0,10000,0,0,0,10000,0,10000,10000
052734,台表科國泰98購02,0,0,0,0,0,0,0,0,0,10000,0,0,0,10000,0,10000,10000
053339,友達國票97購02  ,0,0,0,0,0,0,0,0,0,10000,0,0,0,10000,0,10000,10000
053341,聯發科國票97購03,0,0,0,0,0,0,0,0,0,10000,0,0,0,10000,0,10000,10000
053405,台達電兆豐96購01,0,0,0,0,0,0,0,0,0,10000,0,0,0,10000,0,10000,10000
052102,台泥兆豐96購01  ,0,0,0,0,0,0,0,0,0,10000,0,0,0,10000,0,10000,10000
052038,國巨永昌96購01  ,0,0,0,0,0,0,0,0,0,10000,0,0,0,40000,30000,10000,10000
053459,康控國泰97購01  ,0,0,0,0,0,0,0,0,0,10000,0,0,0,10000,0,10000,10000
053463,可成富邦98購01  ,0,0,0,0,0,0,0,0,0,10000,0,0,0,10000,0,10000,10000
053472,漢唐元大96購02  ,0,0,0,0,0,0,0,0,0,10000,0,0,0,10000,0,10000,10000
053037,國巨凱基96購08  ,0,0,0,0,0,0,0,0,0,10000,0,0,0,10000,0,10000,10000
052967,智邦群益96購01  ,0,0,0,0,0,0,0,0,0,10000,0,0,0,10000,0,10000,10000
052958,T50反1凱基99購02,0,0,0,0,0,0,0,0,0,10000,0,0,0,10000,0,10000,10000
053113,瀚宇博兆豐97購01,0,0,0,0,0,0,0,0,0,10000,0,0,0,10000,0,10000,10000
053073,技嘉康和96購01  ,0,0,0,0,0,0,0,0,0,10000,0,0,0,10000,0,10000,10000
053596,嘉澤元大96購01  ,0,0,0,0,0,0,0,0,0,10000,0,0,0,10000,0,10000,10000
053568,智伸科富邦98購01,0,0,0,0,0,0,0,0,0,10000,0,0,0,30000,20000,10000,10000
05558P,鴻海麥證96售01  ,0,0,0,10000,0,10000,0,0,0,10000,0,0,0,10000,0,10000,10000
055587,智邦元大97購02  ,0,0,0,0,0,0,0,0,0,10000,0,0,0,36000,26000,10000,10000
054204,元金2X國票9B購02,0,0,0,0,0,0,0,0,0,10000,0,0,0,10000,0,10000,10000
054132,聯發科元大97購10,0,0,0,0,0,0,0,0,0,10000,0,0,0,10000,0,10000,10000
055501,創意元大97購01  ,0,0,0,0,0,0,0,0,0,10000,0,0,0,10000,0,10000,10000
052369,矽力國票96購02  ,0,0,0,0,0,0,0,0,0,10000,0,0,0,10000,0,10000,10000
052516,臺股指凱基95購20,0,0,0,0,0,0,0,0,0,10000,0,0,0,10000,0,10000,10000
052606,聯發科元大97購04,0,0,0,0,0,0,0,0,0,10000,0,0,0,10000,0,10000,10000
052316,台積電元大96購10,0,0,0,0,0,0,0,0,0,10000,0,0,0,10000,0,10000,10000
052626,上証2X中信9A購01,0,0,0,0,0,0,0,0,0,10000,0,0,0,10000,0,10000,10000
055369,友訊元大97購01  ,0,0,0,0,0,0,0,0,0,10000,0,0,0,10000,0,10000,10000
055386,致新元大97購02  ,0,0,0,0,0,0,0,0,0,10000,0,0,0,10000,0,10000,10000
055294,智易元大98購01  ,0,0,0,0,0,0,0,0,0,10000,0,0,0,10000,0,10000,10000
055276,台積電元大97購20,0,0,0,0,0,0,0,0,0,10000,0,0,0,189000,179000,10000,10000
055300,緯穎元大98購01  ,0,0,0,0,0,0,0,0,0,10000,0,0,0,10000,0,10000,10000
055315,晶技麥證97購01  ,0,0,0,10000,0,10000,0,0,0,10000,0,0,0,10000,0,10000,10000
055148,鴻海元大98購02  ,0,0,0,0,0,0,0,0,0,10000,0,0,0,10000,0,10000,10000
054915,興勤凱基97購01  ,0,0,0,0,0,0,0,0,0,10000,0,0,0,10000,0,10000,10000
054822,祥碩元大97購01  ,0,0,0,0,0,0,0,0,0,10000,0,0,0,10000,0,10000,10000
054862,群光群益97購01  ,0,0,0,0,0,0,0,0,0,10000,0,0,0,10000,0,10000,10000
056007,上銀中信97購02  ,0,0,0,0,0,0,0,0,0,10000,0,0,0,10000,0,10000,10000
055988,矽力元富97購01  ,0,0,0,0,0,0,0,0,0,10000,0,0,0,10000,0,10000,10000
055970,聯茂元大97購04  ,0,0,0,0,0,0,0,0,0,10000,0,0,0,10000,0,10000,10000
055971,矽力元大97購05  ,0,0,0,0,0,0,0,0,0,10000,0,0,0,10000,0,10000,10000
055943,瑞昱麥證97購01  ,0,0,0,10000,0,10000,0,0,0,10000,0,0,0,10000,0,10000,10000
055036,中工富邦9B購01  ,0,0,0,0,0,0,0,0,0,10000,0,0,0,10000,0,10000,10000
059230,滬深2X國票9B購02,0,0,0,0,0,0,0,0,0,10000,0,0,0,10000,0,10000,10000
059111,元油2X永豐99購03,0,0,0,0,0,0,0,0,0,10000,0,0,0,10000,0,10000,10000
059194,元金2X永豐99購01,0,0,0,0,0,0,0,0,0,10000,0,0,0,10000,0,10000,10000
056547,臻鼎凱基99購01  ,0,0,0,0,0,0,0,0,0,10000,0,0,0,10000,0,10000,10000
054574,美律元大99購01  ,0,0,0,0,0,0,0,0,0,10000,0,0,0,10000,0,10000,10000
058826,台積電永豐99購02,0,0,0,0,0,0,0,0,0,10000,0,0,0,10000,0,10000,10000
058784,臺股指國票99購03,0,0,0,0,0,0,0,0,0,10000,0,0,0,10000,0,10000,10000
058785,臺股指國票99購04,0,0,0,0,0,0,0,0,0,10000,0,0,0,10000,0,10000,10000
05887P,友達元富99售03  ,0,0,0,0,0,0,0,0,0,10000,0,0,0,10000,0,10000,10000
058912,祥碩元大99購01  ,0,0,0,0,0,0,0,0,0,10000,0,0,0,12000,2000,10000,10000
054305,光磊凱基98購01  ,0,0,0,0,0,0,0,0,0,10000,0,0,0,10000,0,10000,10000
054306,聯發科凱基96購23,0,0,0,0,0,0,0,0,0,10000,0,0,0,10000,0,10000,10000
054293,健策元大98購02  ,0,0,0,0,0,0,0,0,0,10000,0,0,0,10000,0,10000,10000
054309,禾伸堂凱基98購01,0,0,0,0,0,0,0,0,0,10000,0,0,0,10000,0,10000,10000
054231,國巨群益98購03  ,0,0,0,0,0,0,0,0,0,10000,0,0,0,28000,18000,10000,10000
055778,美食凱基97購01  ,0,0,0,0,0,0,0,0,0,10000,0,0,0,10000,0,10000,10000
054406,旺宏國票98購01  ,0,0,0,0,0,0,0,0,0,10000,0,0,0,20000,10000,10000,10000
055738,玉山金元富97購01,0,0,0,0,0,0,0,0,0,10000,0,0,0,10000,0,10000,10000
054699,復盛永豐97購01  ,0,0,0,0,0,0,0,0,0,10000,0,0,0,10000,0,10000,10000
054752,易華電凱基97購02,0,0,0,0,0,0,0,0,0,10000,0,0,0,10000,0,10000,10000
055828,上銀元大97購05  ,0,0,0,0,0,0,0,0,0,10000,0,0,0,10000,0,10000,10000
05582P,群創凱基98售06  ,0,0,0,0,0,0,0,0,0,10000,0,0,0,10000,0,10000,10000
055863,緯穎元大97購05  ,0,0,0,0,0,0,0,0,0,10000,0,0,0,10000,0,10000,10000
055844,大毅元大98購01  ,0,0,0,0,0,0,0,0,0,10000,0,0,0,30000,20000,10000,10000
054447,國泰金兆豐96購01,0,0,0,0,0,0,0,0,0,10000,0,0,0,10000,0,10000,10000
056318,鴻海群益98購02  ,0,0,0,0,0,0,0,0,0,10000,0,0,0,10000,0,10000,10000
056373,上銀統一99購02  ,0,0,0,0,0,0,0,0,0,10000,0,0,0,20000,10000,10000,10000
056428,台達電凱基99購01,0,0,0,0,0,0,0,0,0,10000,0,0,0,10000,0,10000,10000
056411,緯穎國票99購01  ,0,0,0,0,0,0,0,0,0,10000,0,0,0,76000,66000,10000,10000
056192,智邦富邦98購01  ,0,0,0,0,0,0,0,0,0,10000,0,0,0,13000,3000,10000,10000
056479,玉晶光元大99購05,0,0,0,0,0,0,0,0,0,10000,0,0,0,61000,51000,10000,10000
056453,禾伸堂凱基99購02,0,0,0,0,0,0,0,0,0,10000,0,0,0,10000,0,10000,10000
056457,嘉澤凱基98購01  ,0,0,0,0,0,0,0,0,0,10000,0,0,0,10000,0,10000,10000
056041,禾伸堂凱基98購03,0,0,0,0,0,0,0,0,0,10000,0,0,0,10000,0,10000,10000
056069,新日興元大97購03,0,0,0,0,0,0,0,0,0,10000,0,0,0,10000,0,10000,10000
056311,泰鼎元大98購01  ,0,0,0,0,0,0,0,0,0,10000,0,0,0,10000,0,10000,10000
056256,聯茂元富97購03  ,0,0,0,0,0,0,0,0,0,10000,0,0,0,10000,0,10000,10000
057518,世紀鋼元富98購01,0,0,0,0,0,0,0,0,0,10000,0,0,0,10000,0,10000,10000
05712P,友達統一97售03  ,0,0,0,0,0,0,0,0,0,10000,0,0,0,10000,0,10000,10000
057504,技嘉麥證98購01  ,0,0,0,12000,2000,10000,0,0,0,10000,0,0,0,12000,2000,10000,10000
058603,台積電元大99購12,0,0,0,0,0,0,0,0,0,10000,0,0,0,10000,0,10000,10000
057853,旺宏國票99購05  ,0,0,0,0,0,0,0,0,0,10000,0,0,0,10000,0,10000,10000
057480,技嘉元大98購03  ,0,0,0,0,0,0,0,0,0,10000,0,0,0,15000,5000,10000,10000
05745P,富邦金兆豐96售02,0,0,0,0,0,0,0,0,0,10000,0,0,0,10000,0,10000,10000
057425,臺股指凱基9C購02,0,0,0,0,0,0,0,0,0,10000,0,0,0,10000,0,10000,10000
057430,富邦金兆豐98購01,0,0,0,0,0,0,0,0,0,10000,0,0,0,10000,0,10000,10000
057354,聯鈞統一99購03  ,0,0,0,0,0,0,0,0,0,10000,0,0,0,10000,0,10000,10000
057282,大立光元大99購06,0,0,0,0,0,0,0,0,0,10000,0,0,0,10000,0,10000,10000
058644,元黃金富邦03購01,0,0,0,0,0,0,0,0,0,10000,0,0,0,10000,0,10000,10000
058114,台積電第一01購01,0,0,0,0,0,0,0,0,0,10000,0,0,0,10000,0,10000,10000
058257,聯陽國泰9B購01  ,0,0,0,0,0,0,0,0,0,10000,0,0,0,20000,10000,10000,10000
058323,泰鼎永豐9A購01  ,0,0,0,0,0,0,0,0,0,10000,0,0,0,10000,0,10000,10000
057975,台積電永豐98購05,0,0,0,0,0,0,0,0,0,10000,0,0,0,10000,0,10000,10000
059244,聯發科凱基99購13,0,0,0,0,0,0,0,0,0,10000,0,0,0,10000,0,10000,10000
057994,技嘉中信98購01  ,0,0,0,0,0,0,0,0,0,10000,0,0,0,20000,10000,10000,10000
060343,台積電統一9C購02,0,0,0,0,0,0,0,0,0,10000,0,0,0,10000,0,10000,10000
060283,台肥元大9C購01  ,0,0,0,0,0,0,0,0,0,10000,0,0,0,12000,2000,10000,10000
060129,祥碩永豐99購03  ,0,0,0,0,0,0,0,0,0,10000,0,0,0,10000,0,10000,10000
060217,國巨凱基9A購10  ,0,0,0,0,0,0,0,0,0,10000,0,0,0,10000,0,10000,10000
05698P,群創凱基96售01  ,0,0,0,0,0,0,0,0,0,10000,0,0,0,10000,0,10000,10000
057110,立積群益98購01  ,0,0,0,0,0,0,0,0,0,10000,0,0,0,10000,0,10000,10000
057893,亞德客元富98購03,0,0,0,0,0,0,0,0,0,10000,0,0,0,16000,6000,10000,10000
057123,上銀凱基98購05  ,0,0,0,0,0,0,0,0,0,10000,0,0,0,10000,0,10000,10000
057041,國巨元大99購04  ,0,0,0,0,0,0,0,0,0,10000,0,0,0,10000,0,10000,10000
057916,國巨凱基98購13  ,0,0,0,0,0,0,0,0,0,10000,0,0,0,40000,30000,10000,10000
059960,健策國票99購01  ,0,0,0,0,0,0,0,0,0,10000,0,0,0,10000,0,10000,10000
059972,S&P正2元大99購03,0,0,0,0,0,0,0,0,0,10000,0,0,0,10000,0,10000,10000
059952,旺宏康和99購01  ,0,0,0,0,0,0,0,0,0,10000,0,0,0,10000,0,10000,10000
059260,國巨中信99購05  ,0,0,0,0,0,0,0,0,0,10000,0,0,0,10000,0,10000,10000
059389,國巨凱基99購14  ,0,0,0,0,0,0,0,0,0,10000,0,0,0,10000,0,10000,10000
059493,國巨國票9B購01  ,0,0,0,0,0,0,0,0,0,10000,0,0,0,14000,4000,10000,10000
059483,臺股指群益99購17,0,0,0,0,0,0,0,0,0,10000,0,0,0,10000,0,10000,10000
059301,華新科群益99購04,0,0,0,0,0,0,0,0,0,10000,0,0,0,10000,0,10000,10000
059876,智易凱基99購02  ,0,0,0,0,0,0,0,0,0,10000,0,0,0,10000,0,10000,10000
058521,日月光元大99購01,0,0,0,0,0,0,0,0,0,10000,0,0,0,10000,0,10000,10000
058596,旺宏台新99購01  ,0,0,0,0,0,0,0,0,0,10000,0,0,0,20000,10000,10000,10000
059854,台表科永豐99購03,0,0,0,0,0,0,0,0,0,10000,0,0,0,10000,0,10000,10000
057751,神達國票99購02  ,0,0,0,0,0,0,0,0,0,10000,0,0,0,60000,50000,10000,10000
056953,智邦富邦98購02  ,0,0,0,0,0,0,0,0,0,10000,0,0,0,10000,0,10000,10000
057731,華擎國泰9A購02  ,0,0,0,0,0,0,0,0,0,10000,0,0,0,10000,0,10000,10000
057692,臺股指凱基98購10,0,0,0,0,0,0,0,0,0,10000,0,0,0,10000,0,10000,10000
056800,臺股指麥證98購01,0,0,0,10000,0,10000,0,0,0,10000,0,0,0,10000,0,10000,10000
056768,宏達電元大99購03,0,0,0,0,0,0,0,0,0,10000,0,0,0,10000,0,10000,10000
056755,聯茂兆豐98購01  ,0,0,0,0,0,0,0,0,0,10000,0,0,0,20000,10000,10000,10000
059620,聯發科日盛99購02,0,0,0,0,0,0,0,0,0,10000,0,0,0,10000,0,10000,10000
059548,台積電群益99購10,0,0,0,0,0,0,0,0,0,10000,0,0,0,10000,0,10000,10000
058463,宏達電兆豐99購02,0,0,0,0,0,0,0,0,0,10000,0,0,0,10000,0,10000,10000
058470,台灣50日盛9B購02,0,0,0,0,0,0,0,0,0,10000,0,0,0,10000,0,10000,10000
058479,亞光凱基9A購01  ,0,0,0,0,0,0,0,0,0,10000,0,0,0,10000,0,10000,10000
058446,新光金富邦9C購01,0,0,0,0,0,0,0,0,0,10000,0,0,0,40000,30000,10000,10000
058354,台積電凱基9A購06,0,0,0,0,0,0,0,0,0,10000,0,0,0,10000,0,10000,10000
056667,上銀國票99購01  ,0,0,0,0,0,0,0,0,0,10000,0,0,0,10000,0,10000,10000
056680,華通統一98購04  ,0,0,0,0,0,0,0,0,0,10000,0,0,0,10000,0,10000,10000
058426,旺宏元富99購02  ,0,0,0,0,0,0,0,0,0,10000,0,0,0,10000,0,10000,10000
057534,旭富元大98購01  ,0,0,0,0,0,0,0,0,0,10000,0,0,0,11000,1000,10000,10000
058969,亞德客永豐99購01,0,0,0,0,0,0,0,0,0,10000,0,0,0,51000,41000,10000,10000
058974,臺股指永豐99購03,0,0,0,0,0,0,0,0,0,10000,0,0,0,10000,0,10000,10000
058994,道瓊指元大99購01,0,0,0,0,0,0,0,0,0,10000,0,0,0,10000,0,10000,10000
07050P,宏達電中信9B售01,0,0,0,0,0,0,0,0,0,10000,0,0,0,12000,2000,10000,10000
06915P,晶技元富98售02  ,0,0,0,0,0,0,0,0,0,10000,0,0,0,10000,0,10000,10000
06970P,旺宏元大99售08  ,0,0,0,0,0,0,0,0,0,10000,0,0,0,10000,0,10000,10000
06985P,華新科富邦9C售02,0,0,0,0,0,0,0,0,0,10000,0,0,0,10000,0,10000,10000
06991P,矽創群益99售01  ,0,0,0,0,0,0,0,0,0,10000,0,0,0,30000,20000,10000,10000
06803P,臺股指群益98售09,0,0,0,0,0,0,0,0,0,10000,0,0,0,10000,0,10000,10000
06750P,聯發科元富02售03,0,0,0,0,0,0,0,0,0,10000,0,0,0,15000,5000,10000,10000
06887P,華新科元大98售04,0,0,0,0,0,0,0,0,0,10000,0,0,0,10000,0,10000,10000
06398P,禾伸堂凱基97售02,0,0,0,0,0,0,0,0,0,10000,0,0,0,10000,0,10000,10000
06468P,華新科統一98售02,0,0,0,0,0,0,0,0,0,10000,0,0,0,10000,0,10000,10000
06544P,鴻海元大98售09  ,0,0,0,0,0,0,0,0,0,10000,0,0,0,40000,30000,10000,10000
06557P,台積電兆豐98售02,0,0,0,0,0,0,0,0,0,10000,0,0,0,10000,0,10000,10000
06567P,鴻海永豐98售02  ,0,0,0,0,0,0,0,0,0,10000,0,0,0,10000,0,10000,10000
063139,聯發科統一9B購07,0,0,0,0,0,0,0,0,0,10000,0,0,0,10000,0,10000,10000
063260,信邦富邦9B購01  ,0,0,0,0,0,0,0,0,0,10000,0,0,0,16000,6000,10000,10000
07462P,臺股指元大9B售05,0,0,0,0,0,0,0,0,0,10000,0,0,0,29000,19000,10000,10000
07481P,大立光台新9A售01,0,0,0,0,0,0,0,0,0,10000,0,0,0,10000,0,10000,10000
07653P,華新科群益9A售05,0,0,0,0,0,0,0,0,0,10000,0,0,0,26000,16000,10000,10000
07230P,滬深2X群益01售02,0,0,0,0,0,0,0,0,0,10000,0,0,0,10000,0,10000,10000
07287P,全新群益9B售01  ,0,0,0,0,0,0,0,0,0,10000,0,0,0,40000,30000,10000,10000
07327P,台灣50群益9A售06,0,0,0,0,0,0,0,0,0,10000,0,0,0,30000,20000,10000,10000
07368P,國巨凱基99售19  ,0,0,0,0,0,0,0,0,0,10000,0,0,0,10000,0,10000,10000
07814P,華通群益9A售06  ,0,0,0,0,0,0,0,0,0,10000,0,0,0,10000,0,10000,10000
07815P,美律群益9A售04  ,0,0,0,0,0,0,0,0,0,10000,0,0,0,20000,10000,10000,10000
07974P,上証2X元大9B售02,0,0,0,0,0,0,0,0,0,10000,0,0,0,10000,0,10000,10000
6164,華興            ,11000,1000,10000,0,0,0,0,0,0,0,0,0,0,0,0,0,10000
4551,智伸科          ,146000,216000,-70000,0,0,0,46000,0,46000,34000,12000,0,12000,24000,2000,22000,10000
3679,新至陞          ,18000,8000,10000,0,0,0,0,0,0,0,0,0,0,0,0,0,10000
3705,永信            ,494000,484000,10000,0,0,0,0,0,0,0,0,0,0,0,0,0,10000
9924,福興            ,19000,9000,10000,0,0,0,0,0,0,0,0,0,0,0,0,0,10000
8478,東哥遊艇        ,11000,1000,10000,0,0,0,0,0,0,0,0,0,0,0,0,0,10000
2453,凌群            ,49000,39000,10000,0,0,0,0,0,0,0,0,0,0,0,0,0,10000
2543,皇昌            ,11000,1000,10000,0,0,0,0,0,0,0,0,0,0,0,0,0,10000
2365,昆盈            ,84000,74000,10000,0,0,0,0,0,0,0,1000,1000,0,0,0,0,10000
2936,客思達-KY       ,10000,0,10000,0,0,0,0,0,0,0,0,0,0,0,0,0,10000
1726,永記            ,11000,1000,10000,0,0,0,0,0,0,0,0,0,0,0,0,0,10000
1616,億泰            ,10000,0,10000,0,0,0,0,0,0,0,0,0,0,0,0,0,10000
1443,立益            ,10000,0,10000,0,0,0,0,0,0,0,0,0,0,0,0,0,10000
061498,大立光國票9A購10,0,0,0,0,0,0,0,0,0,9000,0,0,0,13000,4000,9000,9000
060838,華通國票9A購05  ,0,0,0,0,0,0,0,0,0,9000,0,0,0,16000,7000,9000,9000
062822,力成兆豐9B購01  ,0,0,0,0,0,0,0,0,0,9000,0,0,0,28000,19000,9000,9000
062353,亞德客元大9B購01,0,0,0,0,0,0,0,0,0,9000,0,0,0,153000,144000,9000,9000
061940,世紀鋼國票9C購01,0,0,0,0,0,0,0,0,0,9000,0,0,0,18000,9000,9000,9000
061980,聯發科元大9B購01,0,0,0,0,0,0,0,0,0,9000,0,0,0,24000,15000,9000,9000
058807,和大統一9B購01  ,0,0,0,0,0,0,0,0,0,9000,0,0,0,10000,1000,9000,9000
059058,可成凱基9B購01  ,0,0,0,0,0,0,0,0,0,9000,0,0,0,107000,98000,9000,9000
059177,臺股指凱基99購28,0,0,0,0,0,0,0,0,0,9000,0,0,0,17000,8000,9000,9000
052331,漢唐亞東97購01  ,0,0,0,0,0,0,0,0,0,9000,0,0,0,9000,0,9000,9000
055563,智易凱基97購02  ,0,0,0,0,0,0,0,0,0,9000,0,0,0,9000,0,9000,9000
053522,臺股指群益99購01,0,0,0,0,0,0,0,0,0,9000,0,0,0,9000,0,9000,9000
05135P,鴻海凱基96售07  ,0,0,0,0,0,0,0,0,0,9000,0,0,0,39000,30000,9000,9000
045836,群創群益98購01  ,0,0,0,0,0,0,0,0,0,9000,0,0,0,9000,0,9000,9000
051722,玉晶光永豐97購01,0,0,0,0,0,0,0,0,0,9000,0,0,0,130000,121000,9000,9000
058999,台積電元大99購24,0,0,0,0,0,0,0,0,0,9000,0,0,0,78000,69000,9000,9000
058410,國巨兆豐99購03  ,0,0,0,0,0,0,0,0,0,9000,0,0,0,11000,2000,9000,9000
058353,國巨凱基99購09  ,0,0,0,0,0,0,0,0,0,9000,0,0,0,112000,103000,9000,9000
058387,國巨國票9A購03  ,0,0,0,0,0,0,0,0,0,9000,0,0,0,15000,6000,9000,9000
059796,台積電國票99購10,0,0,0,0,0,0,0,0,0,9000,0,0,0,10000,1000,9000,9000
059819,台積電凱基99購17,0,0,0,0,0,0,0,0,0,9000,0,0,0,60000,51000,9000,9000
060063,可成兆豐9B購01  ,0,0,0,0,0,0,0,0,0,9000,0,0,0,84000,75000,9000,9000
058239,景碩元大99購03  ,0,0,0,0,0,0,0,0,0,9000,0,0,0,60000,51000,9000,9000
057855,晶技國票99購01  ,0,0,0,0,0,0,0,0,0,9000,0,0,0,9000,0,9000,9000
057834,聯發科元富02購07,0,0,0,0,0,0,0,0,0,9000,0,0,0,14000,5000,9000,9000
1466,聚隆            ,9000,0,9000,0,0,0,0,0,0,0,0,0,0,0,0,0,9000
1220,台榮            ,9000,0,9000,0,0,0,0,0,0,0,0,0,0,0,0,0,9000
1725,元禎            ,9000,0,9000,0,0,0,0,0,0,0,0,0,0,0,0,0,9000
2032,新鋼            ,9000,0,9000,0,0,0,0,0,0,0,0,0,0,0,0,0,9000
2483,百容            ,9000,0,9000,0,0,0,0,0,0,0,0,0,0,0,0,0,9000
2462,良得電          ,9000,0,9000,0,0,0,0,0,0,0,0,0,0,0,0,0,9000
8482,商億-KY         ,12000,3000,9000,0,0,0,0,0,0,0,0,0,0,0,0,0,9000
4104,佳醫            ,110000,101000,9000,0,0,0,0,0,0,0,0,0,0,0,0,0,9000
3419,譁裕            ,20000,12000,8000,0,0,0,0,0,0,1000,1000,0,1000,0,0,0,9000
6133,金橋            ,9000,0,9000,0,0,0,0,0,0,0,0,0,0,0,0,0,9000
07232P,台灣50元大01售07,0,0,0,0,0,0,0,0,0,9000,0,0,0,9000,0,9000,9000
06884P,台郡群益98售03  ,0,0,0,0,0,0,0,0,0,9000,0,0,0,15000,6000,9000,9000
06624P,訊芯元大98售06  ,0,0,0,0,0,0,0,0,0,9000,0,0,0,141000,132000,9000,9000
06977P,臺股指元大9A售15,0,0,0,0,0,0,0,0,0,9000,0,0,0,9000,0,9000,9000
062997,嘉晶國票9B購03  ,0,0,0,0,0,0,0,0,0,8000,0,0,0,8000,0,8000,8000
060945,緯穎國票9A購02  ,0,0,0,0,0,0,0,0,0,8000,0,0,0,37000,29000,8000,8000
060516,臺股指元大9B購13,0,0,0,0,0,0,0,0,0,8000,0,0,0,8000,0,8000,8000
060436,巨大永豐9A購01  ,0,0,0,0,0,0,0,0,0,8000,0,0,0,30000,22000,8000,8000
061590,金寶永豐9A購01  ,0,0,0,0,0,0,0,0,0,8000,0,0,0,10000,2000,8000,8000
061643,嘉澤元大9A購05  ,0,0,0,0,0,0,0,0,0,8000,0,0,0,55000,47000,8000,8000
061418,世紀鋼群益9A購02,0,0,0,0,0,0,0,0,0,8000,0,0,0,246000,238000,8000,8000
061305,帆宣永豐9A購01  ,0,0,0,0,0,0,0,0,0,8000,0,0,0,180000,172000,8000,8000
061212,聯鈞元大9A購04  ,0,0,0,0,0,0,0,0,0,8000,0,0,0,76000,68000,8000,8000
061163,台灣50兆豐9A購04,0,0,0,0,0,0,0,0,0,8000,0,0,0,8000,0,8000,8000
05395P,旺宏元大96售06  ,0,0,0,0,0,0,0,0,0,8000,0,0,0,8000,0,8000,8000
04137P,元油反國票97售01,0,0,0,0,0,0,0,0,0,8000,0,0,0,8000,0,8000,8000
050952,健策群益96購01  ,0,0,0,0,0,0,0,0,0,8000,0,0,0,8000,0,8000,8000
00660,元大歐洲50      ,0,0,0,0,0,0,0,0,0,8000,0,0,0,29000,21000,8000,8000
03006X,元展06          ,0,0,0,0,0,0,0,0,0,8000,0,0,0,9000,1000,8000,8000
059099,元油2X統一9C購01,0,0,0,0,0,0,0,0,0,8000,0,0,0,8000,0,8000,8000
059214,國巨元大99購20  ,0,0,0,0,0,0,0,0,0,8000,0,0,0,8000,0,8000,8000
059078,FBVIX元大99購06 ,0,0,0,0,0,0,0,0,0,8000,0,0,0,8000,0,8000,8000
058848,台積電群益99購07,0,0,0,0,0,0,0,0,0,8000,0,0,0,8000,0,8000,8000
056435,台積電凱基98購09,0,0,0,0,0,0,0,0,0,8000,0,0,0,8000,0,8000,8000
054218,S&P反1統一98購02,0,0,0,0,0,0,0,0,0,8000,0,0,0,8000,0,8000,8000
057172,南亞科元大98購03,0,0,0,0,0,0,0,0,0,8000,0,0,0,68000,60000,8000,8000
057284,新日興元大98購03,0,0,0,0,0,0,0,0,0,8000,0,0,0,39000,31000,8000,8000
06016P,京元電凱基96售03,0,0,0,0,0,0,0,0,0,8000,0,0,0,8000,0,8000,8000
059977,鴻海元大99購40  ,0,0,0,0,0,0,0,0,0,8000,0,0,0,70000,62000,8000,8000
057027,祥碩凱基98購01  ,0,0,0,0,0,0,0,0,0,8000,0,0,0,27000,19000,8000,8000
059784,台光電元大9A購01,0,0,0,0,0,0,0,0,0,8000,0,0,0,11000,3000,8000,8000
059510,華新科永豐99購07,0,0,0,0,0,0,0,0,0,8000,0,0,0,18000,10000,8000,8000
059339,上銀凱基99購06  ,0,0,0,0,0,0,0,0,0,8000,0,0,0,40000,32000,8000,8000
058431,國巨統一9B購01  ,0,0,0,0,0,0,0,0,0,8000,0,0,0,88000,80000,8000,8000
057548,微星凱基99購01  ,0,0,0,0,0,0,0,0,0,8000,0,0,0,30000,22000,8000,8000
059540,新光金日盛99購01,0,0,0,0,0,0,0,0,0,8000,0,0,0,8000,0,8000,8000
057670,欣興元大99購02  ,0,0,0,0,0,0,0,0,0,8000,0,0,0,128000,120000,8000,8000
07082P,美律元大99售06  ,0,0,0,0,0,0,0,0,0,8000,0,0,0,84000,76000,8000,8000
07280P,FBVIX凱基99售01 ,0,0,0,0,0,0,0,0,0,8000,0,0,0,8000,0,8000,8000
07577P,華新科元大9A售09,0,0,0,0,0,0,0,0,0,8000,0,0,0,8000,0,8000,8000
07551P,國巨元大9A售10  ,0,0,0,0,0,0,0,0,0,8000,0,0,0,8000,0,8000,8000
07922P,大立光群益9B售05,0,0,0,0,0,0,0,0,0,8000,0,0,0,20000,12000,8000,8000
07808P,超眾永豐9A售04  ,0,0,0,0,0,0,0,0,0,8000,0,0,0,8000,0,8000,8000
4942,嘉彰            ,45000,37000,8000,0,0,0,0,0,0,0,0,0,0,0,0,0,8000
6183,關貿            ,19000,11000,8000,0,0,0,0,0,0,0,0,0,0,0,0,0,8000
3308,聯德            ,8000,0,8000,0,0,0,0,0,0,0,0,0,0,0,0,0,8000
3167,大量            ,8000,0,8000,0,0,0,0,0,0,0,0,0,0,0,0,0,8000
6581,鋼聯            ,19000,11000,8000,0,0,0,0,0,0,0,0,0,0,0,0,0,8000
8072,陞泰            ,10000,0,10000,0,0,0,0,0,0,-2000,0,2000,-2000,0,0,0,8000
2497,怡利電          ,8000,0,8000,0,0,0,0,0,0,0,0,0,0,0,0,0,8000
1626,艾美特-KY       ,13000,5000,8000,0,0,0,0,0,0,0,0,0,0,0,0,0,8000
1708,東鹼            ,27000,19000,8000,0,0,0,0,0,0,0,0,0,0,0,0,0,8000
1535,中宇            ,15000,7000,8000,0,0,0,0,0,0,0,0,0,0,0,0,0,8000
1455,集盛            ,83000,75000,8000,0,0,0,0,0,0,0,0,0,0,0,0,0,8000
1453,大將            ,8000,0,8000,0,0,0,0,0,0,0,0,0,0,0,0,0,8000
1444,力麗            ,494000,486048,7952,0,0,0,0,0,0,0,0,0,0,0,0,0,7952
060593,華通麥證9A購01  ,0,0,0,13000,6000,7000,0,0,0,7000,0,0,0,13000,6000,7000,7000
060940,國巨國票9B購03  ,0,0,0,0,0,0,0,0,0,7000,0,0,0,11000,4000,7000,7000
060949,祥碩中信9A購01  ,0,0,0,0,0,0,0,0,0,7000,0,0,0,7000,0,7000,7000
061077,國巨兆豐9B購01  ,0,0,0,0,0,0,0,0,0,7000,0,0,0,9000,2000,7000,7000
062790,臺股指元大9B購33,0,0,0,0,0,0,0,0,0,7000,0,0,0,15000,8000,7000,7000
062560,奇鋐凱基9B購02  ,0,0,0,0,0,0,0,0,0,7000,0,0,0,17000,10000,7000,7000
062108,晶豪科國票9B購01,0,0,0,0,0,0,0,0,0,7000,0,0,0,176000,169000,7000,7000
061852,大立光國票9B購02,0,0,0,0,0,0,0,0,0,7000,0,0,0,12000,5000,7000,7000
062203,燿華國票9C購01  ,0,0,0,0,0,0,0,0,0,7000,0,0,0,115000,108000,7000,7000
055717,聯發科元大97購19,0,0,0,0,0,0,0,0,0,7000,0,0,0,7000,0,7000,7000
05442P,鴻海元大96售13  ,0,0,0,0,0,0,0,0,0,7000,0,0,0,7000,0,7000,7000
054464,奇力新凱基98購02,0,0,0,0,0,0,0,0,0,7000,0,0,0,7000,0,7000,7000
056255,華新科元富97購05,0,0,0,0,0,0,0,0,0,7000,0,0,0,77000,70000,7000,7000
056092,亞德客元富97購02,0,0,0,0,0,0,0,0,0,7000,0,0,0,110000,103000,7000,7000
059087,台積電元大99購26,0,0,0,0,0,0,0,0,0,7000,0,0,0,7000,0,7000,7000
059089,聯發科元大99購19,0,0,0,0,0,0,0,0,0,7000,0,0,0,7000,0,7000,7000
059091,中信金元大99購01,0,0,0,0,0,0,0,0,0,7000,0,0,0,7000,0,7000,7000
059097,世紀鋼元大99購05,0,0,0,0,0,0,0,0,0,7000,0,0,0,15000,8000,7000,7000
00714,群益道瓊美國地產,0,0,0,0,0,0,0,0,0,7000,0,0,0,8000,1000,7000,7000
050686,欣興兆豐96購01  ,0,0,0,0,0,0,0,0,0,7000,0,0,0,7000,0,7000,7000
03677C,臺股指元大05牛02,0,0,0,0,0,0,0,0,0,7000,0,0,0,7000,0,7000,7000
043513,台灣50元大96購05,0,0,0,0,0,0,0,0,0,7000,0,0,0,7000,0,7000,7000
051721,玉晶光永豐96購02,0,0,0,0,0,0,0,0,0,7000,0,0,0,10000,3000,7000,7000
053006,玉晶光永豐96購03,0,0,0,0,0,0,0,0,0,7000,0,0,0,7000,0,7000,7000
053621,臺股指群益96購07,0,0,0,0,0,0,0,0,0,7000,0,0,0,7000,0,7000,7000
059138,台積電兆豐99購04,0,0,0,0,0,0,0,0,0,7000,0,0,0,10000,3000,7000,7000
057531,禾伸堂元大99購04,0,0,0,0,0,0,0,0,0,7000,0,0,0,14000,7000,7000,7000
056610,鴻海永豐98購01  ,0,0,0,0,0,0,0,0,0,7000,0,0,0,38000,31000,7000,7000
05978P,麗豐永豐96售02  ,0,0,0,0,0,0,0,0,0,7000,0,0,0,74000,67000,7000,7000
059728,聯鈞元大99購01  ,0,0,0,0,0,0,0,0,0,7000,0,0,0,50000,43000,7000,7000
059265,美律中信01購01  ,0,0,0,0,0,0,0,0,0,7000,0,0,0,17000,10000,7000,7000
060261,臺股指凱基9A購04,0,0,0,0,0,0,0,0,0,7000,0,0,0,7000,0,7000,7000
057462,光磊永豐98購02  ,0,0,0,0,0,0,0,0,0,7000,0,0,0,93000,86000,7000,7000
057500,神達群益98購01  ,0,0,0,0,0,0,0,0,0,7000,0,0,0,8000,1000,7000,7000
057512,華邦電台新98購01,0,0,0,0,0,0,0,0,0,7000,0,0,0,7000,0,7000,7000
1441,大東            ,7000,0,7000,0,0,0,0,0,0,0,0,0,0,0,0,0,7000
1423,利華            ,7000,0,7000,0,0,0,0,0,0,0,0,0,0,0,0,0,7000
1521,大億            ,8000,1000,7000,0,0,0,0,0,0,0,0,0,0,0,0,0,7000
1233,天仁            ,7000,0,7000,0,0,0,0,0,0,0,0,0,0,0,0,0,7000
1236,宏亞            ,7000,0,7000,0,0,0,0,0,0,0,0,0,0,0,0,0,7000
1737,臺鹽            ,15000,8000,7000,0,0,0,0,0,0,0,0,0,0,0,0,0,7000
1817,凱撒衛          ,7000,0,7000,0,0,0,0,0,0,0,0,0,0,0,0,0,7000
2488,漢平            ,16000,9000,7000,0,0,0,0,0,0,0,0,0,0,0,0,0,7000
2468,華經            ,7000,0,7000,0,0,0,0,0,0,0,0,0,0,0,0,0,7000
2459,敦吉            ,11000,4000,7000,0,0,0,0,0,0,0,0,0,0,0,0,0,7000
2433,互盛電          ,12000,5000,7000,0,0,0,0,0,0,0,0,0,0,0,0,0,7000
3002,歐格            ,7000,0,7000,0,0,0,0,0,0,0,0,0,0,0,0,0,7000
2882B,國泰金乙特      ,0,0,0,0,0,0,0,0,0,7000,9000,2000,7000,0,0,0,7000
2906,高林            ,50000,43000,7000,0,0,0,0,0,0,0,0,0,0,0,0,0,7000
3027,盛達            ,9000,2000,7000,0,0,0,0,0,0,0,0,0,0,0,0,0,7000
8374,羅昇            ,11000,4000,7000,0,0,0,0,0,0,0,0,0,0,0,0,0,7000
9906,欣巴巴          ,7000,0,7000,0,0,0,0,0,0,0,0,0,0,0,0,0,7000
4545,銘鈺            ,10000,4000,6000,0,0,0,0,0,0,1000,1000,0,1000,0,0,0,7000
07848P,旺宏群益9B售01  ,0,0,0,0,0,0,0,0,0,7000,0,0,0,7000,0,7000,7000
07609P,台灣50國票9C售04,0,0,0,0,0,0,0,0,0,7000,0,0,0,8000,1000,7000,7000
07272P,台灣50元大9C售05,0,0,0,0,0,0,0,0,0,7000,0,0,0,7000,0,7000,7000
06929P,鴻海元大99售11  ,0,0,0,0,0,0,0,0,0,7000,0,0,0,7000,0,7000,7000
06669P,緯穎凱基98售05  ,0,0,0,0,0,0,0,0,0,7000,0,0,0,7000,0,7000,7000
06667P,鴻海凱基98售11  ,0,0,0,0,0,0,0,0,0,7000,0,0,0,53000,46000,7000,7000
06242P,大立光元富9A售02,0,0,0,0,0,0,0,0,0,6000,0,0,0,7000,1000,6000,6000
062400,晶豪科永豐9B購02,0,0,0,0,0,0,0,0,0,6000,0,0,0,17000,11000,6000,6000
062105,國巨國票9C購03  ,0,0,0,0,0,0,0,0,0,6000,0,0,0,16000,10000,6000,6000
061999,臺股指元大9B購23,0,0,0,0,0,0,0,0,0,6000,0,0,0,6000,0,6000,6000
062750,可成中信9B購01  ,0,0,0,0,0,0,0,0,0,6000,0,0,0,66000,60000,6000,6000
062628,廣達國票9B購01  ,0,0,0,0,0,0,0,0,0,6000,0,0,0,14000,8000,6000,6000
062634,玉晶光國票9B購03,0,0,0,0,0,0,0,0,0,6000,0,0,0,6000,0,6000,6000
063039,大立光凱基9C購02,0,0,0,0,0,0,0,0,0,6000,0,0,0,6000,0,6000,6000
060977,亞德客元大9A購04,0,0,0,0,0,0,0,0,0,6000,0,0,0,103000,97000,6000,6000
060816,世紀鋼凱基9C購02,0,0,0,0,0,0,0,0,0,6000,0,0,0,6000,0,6000,6000
060585,玉晶光元富9A購02,0,0,0,0,0,0,0,0,0,6000,0,0,0,16000,10000,6000,6000
060687,GIS元大9A購01   ,0,0,0,0,0,0,0,0,0,6000,0,0,0,13000,7000,6000,6000
061644,健策元大9C購02  ,0,0,0,0,0,0,0,0,0,6000,0,0,0,127000,121000,6000,6000
061575,華新科元大9A購20,0,0,0,0,0,0,0,0,0,6000,0,0,0,50000,44000,6000,6000
061546,大立光群益9A購05,0,0,0,0,0,0,0,0,0,6000,0,0,0,9000,3000,6000,6000
053638,信邦永豐96購01  ,0,0,0,0,0,0,0,0,0,6000,0,0,0,6000,0,6000,6000
053601,台表科元大98購01,0,0,0,0,0,0,0,0,0,6000,0,0,0,6000,0,6000,6000
053164,台光電群益96購02,0,0,0,0,0,0,0,0,0,6000,0,0,0,6000,0,6000,6000
053166,聯詠群益96購02  ,0,0,0,0,0,0,0,0,0,6000,0,0,0,6000,0,6000,6000
054109,南亞科凱基96購05,0,0,0,0,0,0,0,0,0,6000,0,0,0,6000,0,6000,6000
052530,台郡元大96購04  ,0,0,0,0,0,0,0,0,0,6000,0,0,0,6000,0,6000,6000
053979,健策元大98購01  ,0,0,0,0,0,0,0,0,0,6000,0,0,0,6000,0,6000,6000
054002,GIS群益96購03   ,0,0,0,0,0,0,0,0,0,6000,0,0,0,12000,6000,6000,6000
053884,緯穎第一96購01  ,0,0,0,0,0,0,0,0,0,6000,0,0,0,6000,0,6000,6000
050077,臺股指凱基99購02,0,0,0,0,0,0,0,0,0,6000,0,0,0,6000,0,6000,6000
03424B,臺股指元大96熊26,0,0,0,0,0,0,0,0,0,6000,0,0,0,9000,3000,6000,6000
050895,聯發科元大97購01,0,0,0,0,0,0,0,0,0,6000,0,0,0,6000,0,6000,6000
00866,新光Shiller CAPE,0,0,0,0,0,0,0,0,0,6000,0,0,0,32000,26000,6000,6000
05462P,美律亞東97售01  ,0,0,0,0,0,0,0,0,0,6000,0,0,0,6000,0,6000,6000
058847,國巨群益99購05  ,0,0,0,0,0,0,0,0,0,6000,0,0,0,6000,0,6000,6000
058882,晶相光永豐99購01,0,0,0,0,0,0,0,0,0,6000,0,0,0,6000,0,6000,6000
054941,凱美元大97購01  ,0,0,0,0,0,0,0,0,0,6000,0,0,0,6000,0,6000,6000
055963,欣興元大97購04  ,0,0,0,0,0,0,0,0,0,6000,0,0,0,49000,43000,6000,6000
054841,亞德客兆豐97購01,0,0,0,0,0,0,0,0,0,6000,0,0,0,6000,0,6000,6000
055178,晶豪科統一97購01,0,0,0,0,0,0,0,0,0,6000,0,0,0,71000,65000,6000,6000
055229,大毅國票97購02  ,0,0,0,0,0,0,0,0,0,6000,0,0,0,40000,34000,6000,6000
055278,旺宏元大98購05  ,0,0,0,0,0,0,0,0,0,6000,0,0,0,6000,0,6000,6000
056281,深中小永豐97購01,0,0,0,0,0,0,0,0,0,6000,0,0,0,83000,77000,6000,6000
054456,華泰群益99購01  ,0,0,0,0,0,0,0,0,0,6000,0,0,0,6000,0,6000,6000
055838,致茂元大97購03  ,0,0,0,0,0,0,0,0,0,6000,0,0,0,6000,0,6000,6000
055822,臺股指國票97購09,0,0,0,0,0,0,0,0,0,6000,0,0,0,6000,0,6000,6000
05732P,臺股指統一96售02,0,0,0,0,0,0,0,0,0,6000,0,0,0,6000,0,6000,6000
058324,嘉聯益永豐9A購01,0,0,0,0,0,0,0,0,0,6000,0,0,0,74000,68000,6000,6000
060148,臺股指國票9A購08,0,0,0,0,0,0,0,0,0,6000,0,0,0,6000,0,6000,6000
057061,華擎國泰9A購01  ,0,0,0,0,0,0,0,0,0,6000,0,0,0,10000,4000,6000,6000
057109,信邦群益98購01  ,0,0,0,0,0,0,0,0,0,6000,0,0,0,40000,34000,6000,6000
059787,奇力新元大9A購02,0,0,0,0,0,0,0,0,0,6000,0,0,0,6000,0,6000,6000
059754,訊芯群益9A購01  ,0,0,0,0,0,0,0,0,0,6000,0,0,0,20000,14000,6000,6000
059024,大立光統一9B購04,0,0,0,0,0,0,0,0,0,6000,0,0,0,58000,52000,6000,6000
056658,美食元大98購01  ,0,0,0,0,0,0,0,0,0,6000,0,0,0,70000,64000,6000,6000
057646,玉山金元大98購01,0,0,0,0,0,0,0,0,0,6000,0,0,0,22000,16000,6000,6000
056812,泰鼎統一98購01  ,0,0,0,0,0,0,0,0,0,6000,0,0,0,6000,0,6000,6000
058485,智邦國票9A購01  ,0,0,0,0,0,0,0,0,0,6000,0,0,0,6000,0,6000,6000
06726P,欣興元富98售04  ,0,0,0,0,0,0,0,0,0,6000,0,0,0,9000,3000,6000,6000
06636P,可成凱基98售08  ,0,0,0,0,0,0,0,0,0,6000,0,0,0,6000,0,6000,6000
06957P,FBVIX凱基01售01 ,0,0,0,0,0,0,0,0,0,6000,0,0,0,6000,0,6000,6000
07034P,大立光元富99售03,0,0,0,0,0,0,0,0,0,6000,0,0,0,6000,0,6000,6000
063140,聯發科統一9B購08,0,0,0,0,0,0,0,0,0,6000,0,0,0,10000,4000,6000,6000
06411P,晶相光永豐97售03,0,0,0,0,0,0,0,0,0,6000,0,0,0,20000,14000,6000,6000
06426P,T50正2元大9B售01,0,0,0,0,0,0,0,0,0,6000,0,0,0,6000,0,6000,6000
07445P,大立光凱基9A售08,0,0,0,0,0,0,0,0,0,6000,0,0,0,6000,0,6000,6000
07780P,美律凱基9A售02  ,0,0,0,0,0,0,0,0,0,6000,0,0,0,6000,0,6000,6000
07932P,國巨元大9B售04  ,0,0,0,0,0,0,0,0,0,6000,0,0,0,53000,47000,6000,6000
07997P,上銀凱基9B售04  ,0,0,0,0,0,0,0,0,0,6000,0,0,0,60000,54000,6000,6000
08095P,大立光元富9B售03,0,0,0,0,0,0,0,0,0,6000,0,0,0,6000,0,6000,6000
08015P,可成凱基9B售05  ,0,0,0,0,0,0,0,0,0,6000,0,0,0,6000,0,6000,6000
3229,晟鈦            ,6000,0,6000,0,0,0,0,0,0,0,0,0,0,0,0,0,6000
3383,新世紀          ,9000,3000,6000,0,0,0,0,0,0,0,0,0,0,0,0,0,6000
6205,詮欣            ,7000,1000,6000,0,0,0,0,0,0,0,0,0,0,0,0,0,6000
6201,亞弘電          ,6000,0,6000,0,0,0,0,0,0,0,0,0,0,0,0,0,6000
9929,秋雨            ,6000,0,6000,0,0,0,0,0,0,0,0,0,0,0,0,0,6000
8488,吉源-KY         ,6000,0,6000,0,0,0,0,0,0,0,0,0,0,0,0,0,6000
3025,星通            ,6000,0,6000,0,0,0,0,0,0,0,0,0,0,0,0,0,6000
2613,中櫃            ,6000,0,6000,0,0,0,0,0,0,0,0,0,0,0,0,0,6000
2630,亞航            ,6000,0,6000,0,0,0,0,0,0,0,0,0,0,0,0,0,6000
2397,友通            ,11000,5000,6000,0,0,0,0,0,0,0,0,0,0,0,0,0,6000
2358,廷鑫            ,6000,0,6000,0,0,0,0,0,0,0,0,0,0,0,0,0,6000
2029,盛餘            ,24000,18000,6000,0,0,0,0,0,0,0,0,0,0,0,0,0,6000
2115,六暉-KY         ,6000,0,6000,0,0,0,0,0,0,0,0,0,0,0,0,0,6000
1529,樂士            ,4000,0,4000,0,0,0,0,0,0,2000,2000,0,2000,0,0,0,6000
1530,亞崴            ,6000,0,6000,0,0,0,0,0,0,0,0,0,0,0,0,0,6000
1413,宏洲            ,6000,0,6000,0,0,0,0,0,0,0,0,0,0,0,0,0,6000
06151P,華新科元大97售07,0,0,0,0,0,0,0,0,0,5000,0,0,0,30000,25000,5000,5000
061578,玉晶光元大9A購16,0,0,0,0,0,0,0,0,0,5000,0,0,0,5000,0,5000,5000
061598,南電永豐9A購04  ,0,0,0,0,0,0,0,0,0,5000,0,0,0,5000,0,5000,5000
06162P,大立光群益97售02,0,0,0,0,0,0,0,0,0,5000,0,0,0,5000,0,5000,5000
061683,台灣50群益9B購09,0,0,0,0,0,0,0,0,0,5000,0,0,0,25000,20000,5000,5000
061714,華新科凱基9A購15,0,0,0,0,0,0,0,0,0,5000,0,0,0,5000,0,5000,5000
061122,敬鵬永豐9A購01  ,0,0,0,0,0,0,0,0,0,5000,0,0,0,10000,5000,5000,5000
061208,聯發科元大9A購09,0,0,0,0,0,0,0,0,0,5000,0,0,0,5000,0,5000,5000
061200,道瓊反元大9A購06,0,0,0,0,0,0,0,0,0,5000,0,0,0,5000,0,5000,5000
061398,力成中信9A購01  ,0,0,0,0,0,0,0,0,0,5000,0,0,0,5000,0,5000,5000
06068P,玉晶光康和97售01,0,0,0,0,0,0,0,0,0,5000,0,0,0,5000,0,5000,5000
060747,聯鈞國票9A購02  ,0,0,0,0,0,0,0,0,0,5000,0,0,0,5000,0,5000,5000
060581,玉晶光群益9B購02,0,0,0,0,0,0,0,0,0,5000,0,0,0,5000,0,5000,5000
060596,元黃金凱基9A購02,0,0,0,0,0,0,0,0,0,5000,0,0,0,5000,0,5000,5000
060518,台灣50中信01購01,0,0,0,0,0,0,0,0,0,5000,0,0,0,5000,0,5000,5000
060500,鴻海元大9A購12  ,0,0,0,0,0,0,0,0,0,5000,0,0,0,15000,10000,5000,5000
060791,聯茂富邦9A購02  ,0,0,0,0,0,0,0,0,0,5000,0,0,0,5000,0,5000,5000
060884,超眾中信9B購01  ,0,0,0,0,0,0,0,0,0,5000,0,0,0,85000,80000,5000,5000
060872,高股息中信02購01,0,0,0,0,0,0,0,0,0,5000,0,0,0,5000,0,5000,5000
060936,T50反1國票9A購09,0,0,0,0,0,0,0,0,0,5000,0,0,0,20000,15000,5000,5000
063073,瑞昱永豐9B購01  ,0,0,0,0,0,0,0,0,0,5000,0,0,0,5000,0,5000,5000
062891,台汽電群益9B購01,0,0,0,0,0,0,0,0,0,5000,0,0,0,363000,358000,5000,5000
062894,道瓊銀元大9B購02,0,0,0,0,0,0,0,0,0,5000,0,0,0,5000,0,5000,5000
062939,奇力新凱基9B購02,0,0,0,0,0,0,0,0,0,5000,0,0,0,5000,0,5000,5000
062922,南六元大9B購03  ,0,0,0,0,0,0,0,0,0,5000,0,0,0,5000,0,5000,5000
062722,京元電凱基9B購02,0,0,0,0,0,0,0,0,0,5000,0,0,0,35000,30000,5000,5000
062584,鴻海統一9C購13  ,0,0,0,0,0,0,0,0,0,5000,0,0,0,25000,20000,5000,5000
062472,大立光凱基9B購04,0,0,0,0,0,0,0,0,0,5000,0,0,0,5000,0,5000,5000
062331,大立光統一9B購10,0,0,0,0,0,0,0,0,0,5000,0,0,0,6000,1000,5000,5000
062115,臺股指國票9B購09,0,0,0,0,0,0,0,0,0,5000,0,0,0,5000,0,5000,5000
062104,上証2X國票9B購03,0,0,0,0,0,0,0,0,0,5000,0,0,0,5000,0,5000,5000
054802,高股息元大97購01,0,0,0,0,0,0,0,0,0,5000,0,0,0,5000,0,5000,5000
054662,同欣電元大97購02,0,0,0,0,0,0,0,0,0,5000,0,0,0,45000,40000,5000,5000
054642,訊芯中信9A購01  ,0,0,0,0,0,0,0,0,0,5000,0,0,0,10000,5000,5000,5000
054289,聯發科元大97購11,0,0,0,0,0,0,0,0,0,5000,0,0,0,5000,0,5000,5000
054272,華通中信98購01  ,0,0,0,0,0,0,0,0,0,5000,0,0,0,5000,0,5000,5000
056292,統一元大97購01  ,0,0,0,0,0,0,0,0,0,5000,0,0,0,5000,0,5000,5000
056096,超眾元富9A購01  ,0,0,0,0,0,0,0,0,0,5000,0,0,0,6000,1000,5000,5000
056045,勤誠凱基97購01  ,0,0,0,0,0,0,0,0,0,5000,0,0,0,15000,10000,5000,5000
055231,大毅國票98購02  ,0,0,0,0,0,0,0,0,0,5000,0,0,0,17000,12000,5000,5000
055166,台積電統一97購05,0,0,0,0,0,0,0,0,0,5000,0,0,0,5000,0,5000,5000
055143,臻鼎永豐97購01  ,0,0,0,0,0,0,0,0,0,5000,0,0,0,5000,0,5000,5000
055122,國巨兆豐98購01  ,0,0,0,0,0,0,0,0,0,5000,0,0,0,5000,0,5000,5000
054513,元金2X元大96購01,0,0,0,0,0,0,0,0,0,5000,0,0,0,5000,0,5000,5000
050992,台積電元大97購01,0,0,0,0,0,0,0,0,0,5000,0,0,0,10000,5000,5000,5000
050522,聯發科元大95購03,0,0,0,0,0,0,0,0,0,5000,0,0,0,5000,0,5000,5000
03049X,元展46          ,0,0,0,0,0,0,0,0,0,5000,0,0,0,5000,0,5000,5000
051370,聯詠富邦97購01  ,0,0,0,0,0,0,0,0,0,5000,0,0,0,5000,0,5000,5000
051325,台光電台新96購01,0,0,0,0,0,0,0,0,0,5000,0,0,0,5000,0,5000,5000
053662,矽力凱基97購01  ,0,0,0,0,0,0,0,0,0,5000,0,0,0,11000,6000,5000,5000
049129,S&P反1元大97購01,0,0,0,0,0,0,0,0,0,5000,0,0,0,5000,0,5000,5000
049842,道瓊反中信98購01,0,0,0,0,0,0,0,0,0,5000,0,0,0,15000,10000,5000,5000
046881,智原富邦99購01  ,0,0,0,0,0,0,0,0,0,5000,0,0,0,5000,0,5000,5000
045055,聯發科元富98購03,0,0,0,0,0,0,0,0,0,5000,0,0,0,5000,0,5000,5000
051752,緯穎富邦96購01  ,0,0,0,0,0,0,0,0,0,5000,0,0,0,5000,0,5000,5000
051850,臻鼎中信96購01  ,0,0,0,0,0,0,0,0,0,5000,0,0,0,5000,0,5000,5000
051537,牧德國票96購01  ,0,0,0,0,0,0,0,0,0,5000,0,0,0,5000,0,5000,5000
052417,聯發科兆豐9B購01,0,0,0,0,0,0,0,0,0,5000,0,0,0,5000,0,5000,5000
052153,GIS富邦96購02   ,0,0,0,0,0,0,0,0,0,5000,0,0,0,5000,0,5000,5000
05212P,台積電國票96售04,0,0,0,0,0,0,0,0,0,5000,0,0,0,10000,5000,5000,5000
054203,滬深2X國票96購03,0,0,0,0,0,0,0,0,0,5000,0,0,0,5000,0,5000,5000
055545,國巨凱基97購06  ,0,0,0,0,0,0,0,0,0,5000,0,0,0,5000,0,5000,5000
053126,健策凱基97購02  ,0,0,0,0,0,0,0,0,0,5000,0,0,0,5000,0,5000,5000
053103,瀚宇博元富96購01,0,0,0,0,0,0,0,0,0,5000,0,0,0,5000,0,5000,5000
052923,台積電永豐96購02,0,0,0,0,0,0,0,0,0,5000,0,0,0,5000,0,5000,5000
052984,漢唐元大96購01  ,0,0,0,0,0,0,0,0,0,5000,0,0,0,5000,0,5000,5000
052827,昇陽半永豐97購01,0,0,0,0,0,0,0,0,0,5000,0,0,0,5000,0,5000,5000
052816,上銀永豐96購01  ,0,0,0,0,0,0,0,0,0,5000,0,0,0,5000,0,5000,5000
051930,國泰金兆豐97購01,0,0,0,0,0,0,0,0,0,5000,0,0,0,5000,0,5000,5000
058450,旺宏永豐99購01  ,0,0,0,0,0,0,0,0,0,5000,0,0,0,5000,0,5000,5000
058747,友達凱基9A購03  ,0,0,0,0,0,0,0,0,0,5000,0,0,0,76000,71000,5000,5000
056797,台積電麥證98購01,0,0,0,5000,0,5000,0,0,0,5000,0,0,0,5000,0,5000,5000
056843,冠德元富98購01  ,0,0,0,0,0,0,0,0,0,5000,0,0,0,19000,14000,5000,5000
056605,台積電富邦9B購02,0,0,0,0,0,0,0,0,0,5000,0,0,0,5000,0,5000,5000
059308,T50反1元大99購07,0,0,0,0,0,0,0,0,0,5000,0,0,0,25000,20000,5000,5000
059368,T50正2元富99購02,0,0,0,0,0,0,0,0,0,5000,0,0,0,5000,0,5000,5000
059896,T50反1元大99購13,0,0,0,0,0,0,0,0,0,5000,0,0,0,5000,0,5000,5000
059903,S&P正2元大99購02,0,0,0,0,0,0,0,0,0,5000,0,0,0,5000,0,5000,5000
057239,貿聯凱基98購05  ,0,0,0,0,0,0,0,0,0,5000,0,0,0,5000,0,5000,5000
058527,世紀鋼元大99購01,0,0,0,0,0,0,0,0,0,5000,0,0,0,10000,5000,5000,5000
058535,玉晶光統一9A購06,0,0,0,0,0,0,0,0,0,5000,0,0,0,15000,10000,5000,5000
058546,玉晶光富邦9B購01,0,0,0,0,0,0,0,0,0,5000,0,0,0,5000,0,5000,5000
059934,華通永豐99購02  ,0,0,0,0,0,0,0,0,0,5000,0,0,0,10000,5000,5000,5000
059973,A50正2元大99購02,0,0,0,0,0,0,0,0,0,5000,0,0,0,15000,10000,5000,5000
060054,華新科凱基9B購04,0,0,0,0,0,0,0,0,0,5000,0,0,0,27000,22000,5000,5000
058319,大毅永豐9A購01  ,0,0,0,0,0,0,0,0,0,5000,0,0,0,6000,1000,5000,5000
058329,S&P正2元富01購01,0,0,0,0,0,0,0,0,0,5000,0,0,0,5000,0,5000,5000
058295,欣興凱基99購02  ,0,0,0,0,0,0,0,0,0,5000,0,0,0,198000,193000,5000,5000
058237,嘉晶元大99購04  ,0,0,0,0,0,0,0,0,0,5000,0,0,0,5000,0,5000,5000
058222,玉晶光統一9B購01,0,0,0,0,0,0,0,0,0,5000,0,0,0,10000,5000,5000,5000
058658,瑞儀中信99購01  ,0,0,0,0,0,0,0,0,0,5000,0,0,0,55000,50000,5000,5000
058677,矽格群益99購01  ,0,0,0,0,0,0,0,0,0,5000,0,0,0,5000,0,5000,5000
057318,台光電凱基9A購01,0,0,0,0,0,0,0,0,0,5000,0,0,0,147000,142000,5000,5000
057408,台郡群益98購01  ,0,0,0,0,0,0,0,0,0,5000,0,0,0,7000,2000,5000,5000
057503,世紀鋼群益98購02,0,0,0,0,0,0,0,0,0,5000,0,0,0,5000,0,5000,5000
057191,祥碩元大98購05  ,0,0,0,0,0,0,0,0,0,5000,0,0,0,7000,2000,5000,5000
057849,南茂永豐98購02  ,0,0,0,0,0,0,0,0,0,5000,0,0,0,5000,0,5000,5000
1235,興泰            ,5000,0,5000,0,0,0,0,0,0,0,0,0,0,0,0,0,5000
1324,地球            ,5000,0,5000,0,0,0,0,0,0,0,0,0,0,0,0,0,5000
2316,楠梓電          ,333000,257000,76000,0,0,0,0,0,0,-71000,0,0,0,0,71000,-71000,5000
2033,佳大            ,4000,0,4000,0,0,0,0,0,0,1000,1000,0,1000,0,0,0,5000
2024,志聯            ,6000,1000,5000,0,0,0,0,0,0,0,0,0,0,0,0,0,5000
2008,高興昌          ,5000,0,5000,0,0,0,0,0,0,0,0,0,0,0,0,0,5000
1724,台硝            ,5000,0,5000,0,0,0,0,0,0,0,0,0,0,0,0,0,5000
3021,鴻名            ,5000,0,5000,0,0,0,0,0,0,0,0,0,0,0,0,0,5000
8427,基勝-KY         ,5000,0,5000,0,0,0,0,0,0,0,0,0,0,0,0,0,5000
6671,三能-KY         ,5000,0,5000,0,0,0,0,0,0,0,0,0,0,0,0,0,5000
6655,科定            ,5000,0,5000,0,0,0,0,0,0,0,0,0,0,0,0,0,5000
6281,全國電          ,7000,2000,5000,0,0,0,0,0,0,0,0,0,0,0,0,0,5000
6477,安集            ,39000,34000,5000,0,0,0,0,0,0,0,0,0,0,0,0,0,5000
6442,光聖            ,5000,0,5000,0,0,0,0,0,0,0,0,0,0,0,0,0,5000
6117,迎廣            ,6000,0,6000,0,0,0,0,0,0,-1000,0,1000,-1000,0,0,0,5000
3432,台端            ,5000,0,5000,0,0,0,0,0,0,0,0,0,0,0,0,0,5000
3296,勝德            ,6000,0,6000,0,0,0,0,0,0,-1000,0,1000,-1000,0,0,0,5000
3090,日電貿          ,175000,140000,35000,0,0,0,0,0,0,-30000,0,0,0,0,30000,-30000,5000
08057P,京鼎群益9B售01  ,0,0,0,0,0,0,0,0,0,5000,0,0,0,5000,0,5000,5000
07980P,臺股指凱基02售01,0,0,0,0,0,0,0,0,0,5000,0,0,0,5000,0,5000,5000
07917P,可成永豐9B售01  ,0,0,0,0,0,0,0,0,0,5000,0,0,0,5000,0,5000,5000
07920P,大立光中信01售01,0,0,0,0,0,0,0,0,0,5000,0,0,0,5000,0,5000,5000
07850P,健策群益9A售06  ,0,0,0,0,0,0,0,0,0,5000,0,0,0,5000,0,5000,5000
07871P,台積電群益9C售02,0,0,0,0,0,0,0,0,0,5000,0,0,0,5000,0,5000,5000
07816P,聯發科群益9A售02,0,0,0,0,0,0,0,0,0,5000,0,0,0,5000,0,5000,5000
07656P,國巨凱基9A售15  ,0,0,0,0,0,0,0,0,0,5000,0,0,0,5000,0,5000,5000
07633P,台灣50元大9A售18,0,0,0,0,0,0,0,0,0,5000,0,0,0,5000,0,5000,5000
07371P,滬深2X元大99售07,0,0,0,0,0,0,0,0,0,5000,0,0,0,5000,0,5000,5000
07360P,台積電元大99售46,0,0,0,0,0,0,0,0,0,5000,0,0,0,5000,0,5000,5000
07310P,大立光凱基99售12,0,0,0,0,0,0,0,0,0,5000,0,0,0,5000,0,5000,5000
06551P,貿聯元大98售05  ,0,0,0,0,0,0,0,0,0,5000,0,0,0,30000,25000,5000,5000
06466P,台積電統一9B售01,0,0,0,0,0,0,0,0,0,5000,0,0,0,5000,0,5000,5000
06457P,玉晶光統一98售02,0,0,0,0,0,0,0,0,0,5000,0,0,0,50000,45000,5000,5000
06936P,瑞儀元大98售01  ,0,0,0,0,0,0,0,0,0,5000,0,0,0,5000,0,5000,5000
06947P,FBVIX元大01售01 ,0,0,0,0,0,0,0,0,0,5000,0,0,0,5000,0,5000,5000
06904P,TPK凱基98售03   ,0,0,0,0,0,0,0,0,0,5000,0,0,0,5000,0,5000,5000
06681P,致茂元大98售02  ,0,0,0,0,0,0,0,0,0,5000,0,0,0,22000,17000,5000,5000
062462,GIS群益9B購01   ,0,0,0,0,0,0,0,0,0,4000,0,0,0,390000,386000,4000,4000
062508,臺股指群益9B購03,0,0,0,0,0,0,0,0,0,4000,0,0,0,4000,0,4000,4000
062757,華通凱基9B購02  ,0,0,0,0,0,0,0,0,0,4000,0,0,0,30000,26000,4000,4000
062769,臺股指凱基9B購13,0,0,0,0,0,0,0,0,0,4000,0,0,0,4000,0,4000,4000
06305P,臺股指元大97售11,0,0,0,0,0,0,0,0,0,4000,0,0,0,4000,0,4000,4000
060915,旭富元大9A購01  ,0,0,0,0,0,0,0,0,0,4000,0,0,0,204000,200000,4000,4000
060512,祥碩元大9A購02  ,0,0,0,0,0,0,0,0,0,4000,0,0,0,18000,14000,4000,4000
060623,玉晶光元大9C購01,0,0,0,0,0,0,0,0,0,4000,0,0,0,14000,10000,4000,4000
060625,華擎元大9A購01  ,0,0,0,0,0,0,0,0,0,4000,0,0,0,73000,69000,4000,4000
061435,元金2X凱基9C購03,0,0,0,0,0,0,0,0,0,4000,0,0,0,14000,10000,4000,4000
061115,電子類元大9A購02,0,0,0,0,0,0,0,0,0,4000,0,0,0,5000,1000,4000,4000
061653,上証2X國票9A購02,0,0,0,0,0,0,0,0,0,4000,0,0,0,4000,0,4000,4000
061522,元黃金凱基01購01,0,0,0,0,0,0,0,0,0,4000,0,0,0,4000,0,4000,4000
052054,台表科凱基96購01,0,0,0,0,0,0,0,0,0,4000,0,0,0,30000,26000,4000,4000
053404,致新群益96購01  ,0,0,0,0,0,0,0,0,0,4000,0,0,0,10000,6000,4000,4000
053438,玉晶光麥證97購02,0,0,0,5000,1000,4000,0,0,0,4000,0,0,0,5000,1000,4000,4000
052776,力山國票97購01  ,0,0,0,0,0,0,0,0,0,4000,0,0,0,4000,0,4000,4000
054117,宏全康和96購01  ,0,0,0,0,0,0,0,0,0,4000,0,0,0,4000,0,4000,4000
052130,國巨凱基9B購01  ,0,0,0,0,0,0,0,0,0,4000,0,0,0,4000,0,4000,4000
05263P,台積電元大96售09,0,0,0,0,0,0,0,0,0,4000,0,0,0,4000,0,4000,4000
04479P,同欣電中信96售02,0,0,0,0,0,0,0,0,0,4000,0,0,0,4000,0,4000,4000
049159,同欣電中信96購01,0,0,0,0,0,0,0,0,0,4000,0,0,0,4000,0,4000,4000
051375,道瓊反群益9A購01,0,0,0,0,0,0,0,0,0,4000,0,0,0,4000,0,4000,4000
050614,聯發科元大95購04,0,0,0,0,0,0,0,0,0,4000,0,0,0,4000,0,4000,4000
050794,大立光富邦96購04,0,0,0,0,0,0,0,0,0,4000,0,0,0,4000,0,4000,4000
006203,元大MSCI台灣    ,1000,0,1000,0,0,0,0,0,0,3000,0,0,0,3000,0,3000,4000
054552,聯發科凱基98購03,0,0,0,0,0,0,0,0,0,4000,0,0,0,4000,0,4000,4000
055995,華擎國泰99購01  ,0,0,0,0,0,0,0,0,0,4000,0,0,0,4000,0,4000,4000
055102,上銀凱基98購01  ,0,0,0,0,0,0,0,0,0,4000,0,0,0,64000,60000,4000,4000
055160,玉晶光元大99購03,0,0,0,0,0,0,0,0,0,4000,0,0,0,4000,0,4000,4000
055182,京鼎統一98購01  ,0,0,0,0,0,0,0,0,0,4000,0,0,0,24000,20000,4000,4000
055280,智邦元大97購01  ,0,0,0,0,0,0,0,0,0,4000,0,0,0,14000,10000,4000,4000
059224,大立光元大99購15,0,0,0,0,0,0,0,0,0,4000,0,0,0,4000,0,4000,4000
058777,台光電國票9A購01,0,0,0,0,0,0,0,0,0,4000,0,0,0,33000,29000,4000,4000
05920P,力成元大96售04  ,0,0,0,0,0,0,0,0,0,4000,0,0,0,4000,0,4000,4000
056414,國巨中信98購02  ,0,0,0,0,0,0,0,0,0,4000,0,0,0,6000,2000,4000,4000
056386,TPK國泰99購01   ,0,0,0,0,0,0,0,0,0,4000,0,0,0,19000,15000,4000,4000
056401,國巨群益98購07  ,0,0,0,0,0,0,0,0,0,4000,0,0,0,4000,0,4000,4000
055742,健策元富97購02  ,0,0,0,0,0,0,0,0,0,4000,0,0,0,4000,0,4000,4000
057809,英業達元大98購01,0,0,0,0,0,0,0,0,0,4000,0,0,0,94000,90000,4000,4000
057499,奇鋐群益98購01  ,0,0,0,0,0,0,0,0,0,4000,0,0,0,6000,2000,4000,4000
057497,祥碩元大98購06  ,0,0,0,0,0,0,0,0,0,4000,0,0,0,4000,0,4000,4000
057431,京鼎兆豐98購02  ,0,0,0,0,0,0,0,0,0,4000,0,0,0,10000,6000,4000,4000
057449,華新科元富99購02,0,0,0,0,0,0,0,0,0,4000,0,0,0,50000,46000,4000,4000
057304,為升兆豐99購02  ,0,0,0,0,0,0,0,0,0,4000,0,0,0,19000,15000,4000,4000
058244,神達元大99購02  ,0,0,0,0,0,0,0,0,0,4000,0,0,0,77000,73000,4000,4000
060106,旭富元大99購02  ,0,0,0,0,0,0,0,0,0,4000,0,0,0,53000,49000,4000,4000
060355,元金2X元富9C購01,0,0,0,0,0,0,0,0,0,4000,0,0,0,20000,16000,4000,4000
059980,台積電元大99購50,0,0,0,0,0,0,0,0,0,4000,0,0,0,4000,0,4000,4000
057031,滬深反元大9B購02,0,0,0,0,0,0,0,0,0,4000,0,0,0,9000,5000,4000,4000
056996,矽力日盛99購01  ,0,0,0,0,0,0,0,0,0,4000,0,0,0,8000,4000,4000,4000
057009,信邦中信99購01  ,0,0,0,0,0,0,0,0,0,4000,0,0,0,44000,40000,4000,4000
059250,大立光凱基99購06,0,0,0,0,0,0,0,0,0,4000,0,0,0,6000,2000,4000,4000
05721P,全新群益98售02  ,0,0,0,0,0,0,0,0,0,4000,0,0,0,7000,3000,4000,4000
05722P,玉晶光國票97售03,0,0,0,0,0,0,0,0,0,4000,0,0,0,68000,64000,4000,4000
057267,康控兆豐99購01  ,0,0,0,0,0,0,0,0,0,4000,0,0,0,185000,181000,4000,4000
059824,大立光凱基99購13,0,0,0,0,0,0,0,0,0,4000,0,0,0,4000,0,4000,4000
058518,玉晶光元大99購13,0,0,0,0,0,0,0,0,0,4000,0,0,0,20000,16000,4000,4000
056904,大立光元大99購05,0,0,0,0,0,0,0,0,0,4000,0,0,0,4000,0,4000,4000
059378,台光電群益9B購01,0,0,0,0,0,0,0,0,0,4000,0,0,0,4000,0,4000,4000
059726,華新科元大99購18,0,0,0,0,0,0,0,0,0,4000,0,0,0,4000,0,4000,4000
059700,鴻海凱基9A購16  ,0,0,0,0,0,0,0,0,0,4000,0,0,0,7000,3000,4000,4000
056569,T50正2元大9B購02,0,0,0,0,0,0,0,0,0,4000,0,0,0,4000,0,4000,4000
057547,技嘉凱基99購01  ,0,0,0,0,0,0,0,0,0,4000,0,0,0,50000,46000,4000,4000
059000,台積電元大99購25,0,0,0,0,0,0,0,0,0,4000,0,0,0,4000,0,4000,4000
057621,崇越凱基98購01  ,0,0,0,0,0,0,0,0,0,4000,0,0,0,10000,6000,4000,4000
059117,禾伸堂永豐99購01,0,0,0,0,0,0,0,0,0,4000,0,0,0,4000,0,4000,4000
059137,電子類群益99購01,0,0,0,0,0,0,0,0,0,4000,0,0,0,4000,0,4000,4000
05915P,聯發科元大96售19,0,0,0,0,0,0,0,0,0,4000,0,0,0,4000,0,4000,4000
07035P,大立光元富99售04,0,0,0,0,0,0,0,0,0,4000,0,0,0,15000,11000,4000,4000
07044P,台積電元大99售13,0,0,0,0,0,0,0,0,0,4000,0,0,0,4000,0,4000,4000
063127,TPK元大9B購02   ,0,0,0,0,0,0,0,0,0,4000,0,0,0,4000,0,4000,4000
07281P,鴻海凱基99售13  ,0,0,0,0,0,0,0,0,0,4000,0,0,0,14000,10000,4000,4000
07265P,大立光元大99售16,0,0,0,0,0,0,0,0,0,4000,0,0,0,4000,0,4000,4000
07192P,聯發科元大99售23,0,0,0,0,0,0,0,0,0,4000,0,0,0,12000,8000,4000,4000
07981P,上銀群益9B售04  ,0,0,0,0,0,0,0,0,0,4000,0,0,0,4000,0,4000,4000
3416,融程電          ,4000,0,4000,0,0,0,0,0,0,0,0,0,0,0,0,0,4000
3312,弘憶股          ,28000,24000,4000,0,0,0,0,0,0,0,0,0,0,0,0,0,4000
3356,奇偶            ,119000,115000,4000,0,0,0,0,0,0,0,0,0,0,0,0,0,4000
3528,安馳            ,4000,0,4000,0,0,0,0,0,0,0,0,0,0,0,0,0,4000
6405,悅城            ,4000,0,4000,0,0,0,0,0,0,0,0,0,0,0,0,0,4000
6573,虹揚-KY         ,5000,1000,4000,0,0,0,0,0,0,0,0,0,0,0,0,0,4000
6625,必應            ,4000,0,4000,0,0,0,0,0,0,0,0,0,0,0,0,0,4000
6674,鋐寶科技        ,4000,0,4000,0,0,0,0,0,0,0,0,0,0,0,0,0,4000
8443,阿瘦            ,4000,0,4000,0,0,0,0,0,0,0,0,0,0,0,0,0,4000
3054,立萬利          ,4000,0,4000,0,0,0,0,0,0,0,0,0,0,0,0,0,4000
2748,雲品            ,54000,50000,4000,0,0,0,0,0,0,0,0,0,0,0,0,0,4000
2465,麗臺            ,7000,7000,0,0,0,0,0,0,0,4000,4000,0,4000,0,0,0,4000
1341,富林-KY         ,4000,0,4000,0,0,0,0,0,0,0,0,0,0,0,0,0,4000
1410,南染            ,5000,1000,4000,0,0,0,0,0,0,0,0,0,0,0,0,0,4000
1533,車王電          ,6000,2000,4000,0,0,0,0,0,0,0,0,0,0,0,0,0,4000
9914,美利達          ,438000,314800,123200,0,0,0,160000,288000,-128000,8000,15000,7000,8000,0,0,0,3200
061371,嘉澤國泰9C購01  ,0,0,0,0,0,0,0,0,0,3000,0,0,0,3000,0,3000,3000
061313,滬深2X凱基9B購05,0,0,0,0,0,0,0,0,0,3000,0,0,0,3000,0,3000,3000
061336,國巨元大9A購20  ,0,0,0,0,0,0,0,0,0,3000,0,0,0,8000,5000,3000,3000
060624,玉晶光元大9C購02,0,0,0,0,0,0,0,0,0,3000,0,0,0,16000,13000,3000,3000
060640,京鼎永豐9A購01  ,0,0,0,0,0,0,0,0,0,3000,0,0,0,92000,89000,3000,3000
060573,力成永豐9A購01  ,0,0,0,0,0,0,0,0,0,3000,0,0,0,72000,69000,3000,3000
060595,台灣50凱基04購04,0,0,0,0,0,0,0,0,0,3000,0,0,0,3000,0,3000,3000
060530,聯發科中信9C購03,0,0,0,0,0,0,0,0,0,3000,0,0,0,15000,12000,3000,3000
060502,國巨元大9A購07  ,0,0,0,0,0,0,0,0,0,3000,0,0,0,4000,1000,3000,3000
060458,華通元大9A購02  ,0,0,0,0,0,0,0,0,0,3000,0,0,0,108000,105000,3000,3000
060837,上銀國票9A購04  ,0,0,0,0,0,0,0,0,0,3000,0,0,0,3000,0,3000,3000
062999,聯茂國票9C購01  ,0,0,0,0,0,0,0,0,0,3000,0,0,0,24000,21000,3000,3000
062558,義隆凱基9B購02  ,0,0,0,0,0,0,0,0,0,3000,0,0,0,68000,65000,3000,3000
062536,玉晶光麥證9B購01,0,0,0,26000,23000,3000,0,0,0,3000,0,0,0,26000,23000,3000,3000
062141,遠東新國票9B購01,0,0,0,0,0,0,0,0,0,3000,0,0,0,20000,17000,3000,3000
062034,同欣電群益9B購01,0,0,0,0,0,0,0,0,0,3000,0,0,0,116000,113000,3000,3000
061849,國巨國票9B購08  ,0,0,0,0,0,0,0,0,0,3000,0,0,0,3000,0,3000,3000
061914,台光電中信9B購01,0,0,0,0,0,0,0,0,0,3000,0,0,0,27000,24000,3000,3000
055714,智邦元大97購03  ,0,0,0,0,0,0,0,0,0,3000,0,0,0,6000,3000,3000,3000
055716,致茂元大97購01  ,0,0,0,0,0,0,0,0,0,3000,0,0,0,68000,65000,3000,3000
054274,智易中信96購02  ,0,0,0,0,0,0,0,0,0,3000,0,0,0,3000,0,3000,3000
054316,矽創凱基97購01  ,0,0,0,0,0,0,0,0,0,3000,0,0,0,13000,10000,3000,3000
056341,宏達電凱基9A購01,0,0,0,0,0,0,0,0,0,3000,0,0,0,3000,0,3000,3000
056028,GIS群益97購02   ,0,0,0,0,0,0,0,0,0,3000,0,0,0,18000,15000,3000,3000
059219,旺宏元大99購12  ,0,0,0,0,0,0,0,0,0,3000,0,0,0,3000,0,3000,3000
05905P,晶技統一97售01  ,0,0,0,0,0,0,0,0,0,3000,0,0,0,12000,9000,3000,3000
058932,FBVIX台新99購01 ,0,0,0,0,0,0,0,0,0,3000,0,0,0,56000,53000,3000,3000
055994,聯發科國泰99購02,0,0,0,0,0,0,0,0,0,3000,0,0,0,3000,0,3000,3000
050603,致新國泰96購01  ,0,0,0,0,0,0,0,0,0,3000,0,0,0,3000,0,3000,3000
051074,矽力國票96購01  ,0,0,0,0,0,0,0,0,0,3000,0,0,0,3000,0,3000,3000
03074X,元展69          ,0,0,0,0,0,0,0,0,0,3000,0,0,0,3000,0,3000,3000
049485,台積電元大96購03,0,0,0,0,0,0,0,0,0,3000,0,0,0,93000,90000,3000,3000
04854P,鴻海國泰96售04  ,0,0,0,0,0,0,0,0,0,3000,0,0,0,3000,0,3000,3000
048745,儒鴻元富97購02  ,0,0,0,0,0,0,0,0,0,3000,0,0,0,3000,0,3000,3000
046905,新光金凱基99購01,0,0,0,0,0,0,0,0,0,3000,0,0,0,3000,0,3000,3000
04831P,聯詠富邦96售01  ,0,0,0,0,0,0,0,0,0,3000,0,0,0,3000,0,3000,3000
051449,玉晶光元大96購01,0,0,0,0,0,0,0,0,0,3000,0,0,0,3000,0,3000,3000
052325,高股息中信99購01,0,0,0,0,0,0,0,0,0,3000,0,0,0,3000,0,3000,3000
05549P,臺股指元大96售03,0,0,0,0,0,0,0,0,0,3000,0,0,0,3000,0,3000,3000
056535,全新凱基99購02  ,0,0,0,0,0,0,0,0,0,3000,0,0,0,50000,47000,3000,3000
052766,玉晶光群益9A購01,0,0,0,0,0,0,0,0,0,3000,0,0,0,3000,0,3000,3000
052809,訊芯元大97購01  ,0,0,0,0,0,0,0,0,0,3000,0,0,0,3000,0,3000,3000
053353,玉晶光兆豐97購03,0,0,0,0,0,0,0,0,0,3000,0,0,0,63000,60000,3000,3000
053356,聯發科統一96購07,0,0,0,0,0,0,0,0,0,3000,0,0,0,103000,100000,3000,3000
052025,國巨群益96購01  ,0,0,0,0,0,0,0,0,0,3000,0,0,0,8000,5000,3000,3000
052089,聯發科元大96購02,0,0,0,0,0,0,0,0,0,3000,0,0,0,3000,0,3000,3000
053132,國巨國票97購02  ,0,0,0,0,0,0,0,0,0,3000,0,0,0,13000,10000,3000,3000
05762P,昇陽半永豐96售04,0,0,0,0,0,0,0,0,0,3000,0,0,0,3000,0,3000,3000
058451,智邦永豐9A購01  ,0,0,0,0,0,0,0,0,0,3000,0,0,0,3000,0,3000,3000
059621,T50正2凱基9C購04,0,0,0,0,0,0,0,0,0,3000,0,0,0,3000,0,3000,3000
059324,智易元大99購04  ,0,0,0,0,0,0,0,0,0,3000,0,0,0,3000,0,3000,3000
059485,台灣50兆豐99購02,0,0,0,0,0,0,0,0,0,3000,0,0,0,3000,0,3000,3000
059566,台積電凱基9A購11,0,0,0,0,0,0,0,0,0,3000,0,0,0,3000,0,3000,3000
059567,台積電凱基9A購12,0,0,0,0,0,0,0,0,0,3000,0,0,0,4000,1000,3000,3000
059816,聯電凱基99購03  ,0,0,0,0,0,0,0,0,0,3000,0,0,0,3000,0,3000,3000
057270,遠東新元大98購01,0,0,0,0,0,0,0,0,0,3000,0,0,0,4000,1000,3000,3000
059902,滬深2X元大9C購08,0,0,0,0,0,0,0,0,0,3000,0,0,0,3000,0,3000,3000
059885,台積電國票99購12,0,0,0,0,0,0,0,0,0,3000,0,0,0,26000,23000,3000,3000
058593,大立光統一9B購02,0,0,0,0,0,0,0,0,0,3000,0,0,0,3000,0,3000,3000
057889,致新群益99購01  ,0,0,0,0,0,0,0,0,0,3000,0,0,0,3000,0,3000,3000
060221,大立光凱基9A購07,0,0,0,0,0,0,0,0,0,3000,0,0,0,3000,0,3000,3000
058161,T50反1日盛03購01,0,0,0,0,0,0,0,0,0,3000,0,0,0,3000,0,3000,3000
057398,台郡中信99購01  ,0,0,0,0,0,0,0,0,0,3000,0,0,0,3000,0,3000,3000
058600,國巨元大99購15  ,0,0,0,0,0,0,0,0,0,3000,0,0,0,3000,0,3000,3000
8442,威宏-KY         ,5000,0,5000,0,0,0,0,0,0,-2000,0,2000,-2000,0,0,0,3000
8940,新天地          ,27000,25000,2000,0,0,0,0,0,0,1000,2000,1000,1000,0,0,0,3000
8480,泰昇-KY         ,10000,7000,3000,0,0,0,0,0,0,0,0,0,0,0,0,0,3000
8466,美吉吉-KY       ,3000,0,3000,0,0,0,0,0,0,0,0,0,0,0,0,0,3000
8467,波力-KY         ,3000,0,3000,0,0,0,0,0,0,0,0,0,0,0,0,0,3000
8222,寶一            ,4000,1000,3000,0,0,0,0,0,0,0,0,0,0,0,0,0,3000
6641,基士德-KY       ,3000,0,3000,0,0,0,0,0,0,0,0,0,0,0,0,0,3000
6464,台數科          ,3000,0,3000,0,0,0,0,0,0,0,0,0,0,0,0,0,3000
6216,居易            ,6000,3000,3000,0,0,0,0,0,0,0,0,0,0,0,0,0,3000
6184,大豐電          ,16000,13000,3000,0,0,0,0,0,0,0,0,0,0,0,0,0,3000
4989,榮科            ,15000,12000,3000,0,0,0,0,0,0,0,0,0,0,0,0,0,3000
4581,光隆精密-KY     ,2000,0,2000,0,0,0,0,0,0,1000,1000,0,1000,0,0,0,3000
1537,廣隆            ,9000,6000,3000,0,0,0,0,0,0,0,0,0,0,0,0,0,3000
1101B,台泥乙特        ,0,0,0,0,0,0,0,0,0,3000,3000,0,3000,0,0,0,3000
08127P,聯發科元大9B售21,0,0,0,0,0,0,0,0,0,3000,0,0,0,3000,0,3000,3000
1805,寶徠            ,5000,2000,3000,0,0,0,0,0,0,0,0,0,0,0,0,0,3000
1776,展宇            ,3000,0,3000,0,0,0,0,0,0,0,0,0,0,0,0,0,3000
1587,吉茂            ,3000,0,3000,0,0,0,0,0,0,0,0,0,0,0,0,0,3000
2002A,中鋼特          ,0,0,0,0,0,0,0,0,0,3000,3000,0,3000,0,0,0,3000
2722,夏都            ,3000,0,3000,0,0,0,0,0,0,0,0,0,0,0,0,0,3000
2891B,中信金乙特      ,0,0,0,0,0,0,0,0,0,3000,3000,0,3000,0,0,0,3000
07828P,SP黃豆凱基01售01,0,0,0,0,0,0,0,0,0,3000,0,0,0,3000,0,3000,3000
07674P,金融類元大9A售01,0,0,0,0,0,0,0,0,0,3000,0,0,0,4000,1000,3000,3000
07314P,T50正2元大9C售03,0,0,0,0,0,0,0,0,0,3000,0,0,0,10000,7000,3000,3000
07363P,大立光元大99售26,0,0,0,0,0,0,0,0,0,3000,0,0,0,6000,3000,3000,3000
07568P,鴻海凱基9A售22  ,0,0,0,0,0,0,0,0,0,3000,0,0,0,3000,0,3000,3000
063249,祥碩元大9B購06  ,0,0,0,0,0,0,0,0,0,3000,0,0,0,11000,8000,3000,3000
06328P,台積電中信01售02,0,0,0,0,0,0,0,0,0,3000,0,0,0,20000,17000,3000,3000
06958P,FBVIX凱基9C售02 ,0,0,0,0,0,0,0,0,0,3000,0,0,0,3000,0,3000,3000
06593P,欣興元大98售05  ,0,0,0,0,0,0,0,0,0,3000,0,0,0,4000,1000,3000,3000
061860,臺股指國票9B購04,0,0,0,0,0,0,0,0,0,2000,0,0,0,4000,2000,2000,2000
061784,聯發科群益9B購02,0,0,0,0,0,0,0,0,0,2000,0,0,0,2000,0,2000,2000
062407,同欣電永豐9B購01,0,0,0,0,0,0,0,0,0,2000,0,0,0,7000,5000,2000,2000
062479,TPK國票9B購01   ,0,0,0,0,0,0,0,0,0,2000,0,0,0,9000,7000,2000,2000
06303P,臺股指元大97售09,0,0,0,0,0,0,0,0,0,2000,0,0,0,2000,0,2000,2000
060917,台表科國泰9B購01,0,0,0,0,0,0,0,0,0,2000,0,0,0,2000,0,2000,2000
061068,祥碩凱基9B購01  ,0,0,0,0,0,0,0,0,0,2000,0,0,0,12000,10000,2000,2000
06047P,聯發科富邦99售04,0,0,0,0,0,0,0,0,0,2000,0,0,0,2000,0,2000,2000
060534,友達麥證9A購01  ,0,0,0,44000,42000,2000,0,0,0,2000,0,0,0,44000,42000,2000,2000
060727,高股息中信9C購02,0,0,0,0,0,0,0,0,0,2000,0,0,0,2000,0,2000,2000
060686,康友元大9A購02  ,0,0,0,0,0,0,0,0,0,2000,0,0,0,68000,66000,2000,2000
061345,玉晶光元大9A購14,0,0,0,0,0,0,0,0,0,2000,0,0,0,8000,6000,2000,2000
061255,道瓊反凱基9C購01,0,0,0,0,0,0,0,0,0,2000,0,0,0,5000,3000,2000,2000
061551,GIS群益9A購01   ,0,0,0,0,0,0,0,0,0,2000,0,0,0,2000,0,2000,2000
061504,祥碩國票9A購02  ,0,0,0,0,0,0,0,0,0,2000,0,0,0,2000,0,2000,2000
061636,聯發科元大9A購11,0,0,0,0,0,0,0,0,0,2000,0,0,0,7000,5000,2000,2000
053271,喬山元大97購01  ,0,0,0,0,0,0,0,0,0,2000,0,0,0,2000,0,2000,2000
053205,台光電麥證96購01,0,0,0,2000,0,2000,0,0,0,2000,0,0,0,2000,0,2000,2000
05320P,華通凱基96售03  ,0,0,0,0,0,0,0,0,0,2000,0,0,0,2000,0,2000,2000
053064,國巨群益96購04  ,0,0,0,0,0,0,0,0,0,2000,0,0,0,2000,0,2000,2000
053378,台積電元大98購02,0,0,0,0,0,0,0,0,0,2000,0,0,0,2000,0,2000,2000
05271P,國巨富邦97售01  ,0,0,0,0,0,0,0,0,0,2000,0,0,0,2000,0,2000,2000
055516,上銀中信97購01  ,0,0,0,0,0,0,0,0,0,2000,0,0,0,2000,0,2000,2000
052235,聯發科國票96購02,0,0,0,0,0,0,0,0,0,2000,0,0,0,12000,10000,2000,2000
055387,世紀鋼元大97購01,0,0,0,0,0,0,0,0,0,2000,0,0,0,2000,0,2000,2000
055378,晶相光元大97購02,0,0,0,0,0,0,0,0,0,2000,0,0,0,2000,0,2000,2000
056505,聯發科永豐98購01,0,0,0,0,0,0,0,0,0,2000,0,0,0,2000,0,2000,2000
05145P,道瓊反元大98售01,0,0,0,0,0,0,0,0,0,2000,0,0,0,2000,0,2000,2000
051830,健策元大97購01  ,0,0,0,0,0,0,0,0,0,2000,0,0,0,2000,0,2000,2000
051735,台積電國票96購06,0,0,0,0,0,0,0,0,0,2000,0,0,0,2000,0,2000,2000
053874,台表科元大96購05,0,0,0,0,0,0,0,0,0,2000,0,0,0,2000,0,2000,2000
053982,臻鼎元大96購05  ,0,0,0,0,0,0,0,0,0,2000,0,0,0,2000,0,2000,2000
048422,瑞昱元富96購02  ,0,0,0,0,0,0,0,0,0,2000,0,0,0,3000,1000,2000,2000
048751,京鼎元富96購01  ,0,0,0,0,0,0,0,0,0,2000,0,0,0,2000,0,2000,2000
051292,牧德統一97購01  ,0,0,0,0,0,0,0,0,0,2000,0,0,0,29000,27000,2000,2000
03566P,臺股指日盛03售01,0,0,0,0,0,0,0,0,0,2000,0,0,0,2000,0,2000,2000
050579,聯發科國票95購04,0,0,0,0,0,0,0,0,0,2000,0,0,0,2000,0,2000,2000
050658,台郡麥證96購01  ,0,0,0,2000,0,2000,0,0,0,2000,0,0,0,2000,0,2000,2000
055973,亞德客統一97購01,0,0,0,0,0,0,0,0,0,2000,0,0,0,2000,0,2000,2000
055974,上銀統一97購05  ,0,0,0,0,0,0,0,0,0,2000,0,0,0,104000,102000,2000,2000
054504,聯鈞永豐96購01  ,0,0,0,0,0,0,0,0,0,2000,0,0,0,2000,0,2000,2000
055032,億光富邦99購01  ,0,0,0,0,0,0,0,0,0,2000,0,0,0,10000,8000,2000,2000
055046,上銀永豐97購01  ,0,0,0,0,0,0,0,0,0,2000,0,0,0,2000,0,2000,2000
05528P,臺股指群益96售01,0,0,0,0,0,0,0,0,0,2000,0,0,0,2000,0,2000,2000
058933,FBVIX台新9B購01 ,0,0,0,0,0,0,0,0,0,2000,0,0,0,2000,0,2000,2000
054565,玉晶光群益99購02,0,0,0,0,0,0,0,0,0,2000,0,0,0,2000,0,2000,2000
056557,世紀鋼凱基98購02,0,0,0,0,0,0,0,0,0,2000,0,0,0,2000,0,2000,2000
059204,台灣50元大01購02,0,0,0,0,0,0,0,0,0,2000,0,0,0,16000,14000,2000,2000
059171,祥碩凱基99購04  ,0,0,0,0,0,0,0,0,0,2000,0,0,0,13000,11000,2000,2000
059180,祥碩元富9A購01  ,0,0,0,0,0,0,0,0,0,2000,0,0,0,2000,0,2000,2000
059186,華通富邦9A購01  ,0,0,0,0,0,0,0,0,0,2000,0,0,0,12000,10000,2000,2000
056079,世紀鋼元大97購02,0,0,0,0,0,0,0,0,0,2000,0,0,0,2000,0,2000,2000
055658,南電元富97購01  ,0,0,0,0,0,0,0,0,0,2000,0,0,0,2000,0,2000,2000
056132,台光電元大97購03,0,0,0,0,0,0,0,0,0,2000,0,0,0,96000,94000,2000,2000
056367,祥碩元大98購01  ,0,0,0,0,0,0,0,0,0,2000,0,0,0,2000,0,2000,2000
056193,聯發科富邦99購08,0,0,0,0,0,0,0,0,0,2000,0,0,0,2000,0,2000,2000
056204,嘉澤永豐97購01  ,0,0,0,0,0,0,0,0,0,2000,0,0,0,2000,0,2000,2000
054276,國巨群益96購07  ,0,0,0,0,0,0,0,0,0,2000,0,0,0,2000,0,2000,2000
055781,聯詠凱基98購01  ,0,0,0,0,0,0,0,0,0,2000,0,0,0,2000,0,2000,2000
057164,國巨元大98購14  ,0,0,0,0,0,0,0,0,0,2000,0,0,0,2000,0,2000,2000
058059,晶技元富98購01  ,0,0,0,0,0,0,0,0,0,2000,0,0,0,2000,0,2000,2000
058204,世芯凱基9A購01  ,0,0,0,0,0,0,0,0,0,2000,0,0,0,81000,79000,2000,2000
058197,國巨中信99購02  ,0,0,0,0,0,0,0,0,0,2000,0,0,0,2000,0,2000,2000
05820P,臺股指凱基96售17,0,0,0,0,0,0,0,0,0,2000,0,0,0,2000,0,2000,2000
058279,FBVIX中信03購03 ,0,0,0,0,0,0,0,0,0,2000,0,0,0,2000,0,2000,2000
058347,玉晶光群益9B購01,0,0,0,0,0,0,0,0,0,2000,0,0,0,12000,10000,2000,2000
060198,祥碩元富9A購02  ,0,0,0,0,0,0,0,0,0,2000,0,0,0,2000,0,2000,2000
060368,緯穎元富9A購03  ,0,0,0,0,0,0,0,0,0,2000,0,0,0,2000,0,2000,2000
060317,台灣50群益02購01,0,0,0,0,0,0,0,0,0,2000,0,0,0,2000,0,2000,2000
057081,大立光統一98購07,0,0,0,0,0,0,0,0,0,2000,0,0,0,2000,0,2000,2000
059956,玉山金康和99購01,0,0,0,0,0,0,0,0,0,2000,0,0,0,90000,88000,2000,2000
057901,大立光永豐98購04,0,0,0,0,0,0,0,0,0,2000,0,0,0,2000,0,2000,2000
057954,宏碁元大99購01  ,0,0,0,0,0,0,0,0,0,2000,0,0,0,2000,0,2000,2000
05793P,臺股指中信99售08,0,0,0,0,0,0,0,0,0,2000,0,0,0,2000,0,2000,2000
057795,鴻海兆豐99購02  ,0,0,0,0,0,0,0,0,0,2000,0,0,0,2000,0,2000,2000
059901,滬深2X元大9C購07,0,0,0,0,0,0,0,0,0,2000,0,0,0,2000,0,2000,2000
056941,台郡元富9B購01  ,0,0,0,0,0,0,0,0,0,2000,0,0,0,2000,0,2000,2000
056947,國巨統一9A購01  ,0,0,0,0,0,0,0,0,0,2000,0,0,0,2000,0,2000,2000
056960,光罩永豐98購01  ,0,0,0,0,0,0,0,0,0,2000,0,0,0,5000,3000,2000,2000
059455,玉晶光永豐99購05,0,0,0,0,0,0,0,0,0,2000,0,0,0,8000,6000,2000,2000
05932P,鴻海凱基96售16  ,0,0,0,0,0,0,0,0,0,2000,0,0,0,2000,0,2000,2000
059705,華新科凱基9A購07,0,0,0,0,0,0,0,0,0,2000,0,0,0,2000,0,2000,2000
059267,群創中信01購02  ,0,0,0,0,0,0,0,0,0,2000,0,0,0,2000,0,2000,2000
059152,臺股指國票99購15,0,0,0,0,0,0,0,0,0,2000,0,0,0,3000,1000,2000,2000
057669,嘉晶元大99購03  ,0,0,0,0,0,0,0,0,0,2000,0,0,0,5000,3000,2000,2000
057664,台積電元大9A購03,0,0,0,0,0,0,0,0,0,2000,0,0,0,2000,0,2000,2000
057703,矽力群益98購01  ,0,0,0,0,0,0,0,0,0,2000,0,0,0,2000,0,2000,2000
056663,臺股指元大9A購10,0,0,0,0,0,0,0,0,0,2000,0,0,0,2000,0,2000,2000
056660,臺股指元大9A購07,0,0,0,0,0,0,0,0,0,2000,0,0,0,2000,0,2000,2000
05841P,華通元大96售04  ,0,0,0,0,0,0,0,0,0,2000,0,0,0,2000,0,2000,2000
058992,上証反元大99購02,0,0,0,0,0,0,0,0,0,2000,0,0,0,2000,0,2000,2000
058960,臺股指國票99購05,0,0,0,0,0,0,0,0,0,2000,0,0,0,2000,0,2000,2000
059011,臺股指元大9A購30,0,0,0,0,0,0,0,0,0,2000,0,0,0,2000,0,2000,2000
059014,SGBR2X元富03購01,0,0,0,0,0,0,0,0,0,2000,0,0,0,2000,0,2000,2000
056616,台光電永豐98購01,0,0,0,0,0,0,0,0,0,2000,0,0,0,2000,0,2000,2000
05657P,樺漢統一97售01  ,0,0,0,0,0,0,0,0,0,2000,0,0,0,2000,0,2000,2000
06800P,台灣50群益9A售02,0,0,0,0,0,0,0,0,0,2000,0,0,0,2000,0,2000,2000
06729P,聯詠元大98售03  ,0,0,0,0,0,0,0,0,0,2000,0,0,0,2000,0,2000,2000
06897P,FBVIX群益01售01 ,0,0,0,0,0,0,0,0,0,2000,0,0,0,53000,51000,2000,2000
06587P,國巨元大98售13  ,0,0,0,0,0,0,0,0,0,2000,0,0,0,4000,2000,2000,2000
06545P,致茂元大98售01  ,0,0,0,0,0,0,0,0,0,2000,0,0,0,2000,0,2000,2000
06408P,聯茂元富97售02  ,0,0,0,0,0,0,0,0,0,2000,0,0,0,7000,5000,2000,2000
06428P,國巨元大97售17  ,0,0,0,0,0,0,0,0,0,2000,0,0,0,8000,6000,2000,2000
07388P,臺股指群益9C售07,0,0,0,0,0,0,0,0,0,2000,0,0,0,7000,5000,2000,2000
07206P,鴻海凱基9A售11  ,0,0,0,0,0,0,0,0,0,2000,0,0,0,36000,34000,2000,2000
07277P,臺股指群益99售20,0,0,0,0,0,0,0,0,0,2000,0,0,0,2000,0,2000,2000
07701P,玉晶光第一9A售02,0,0,0,0,0,0,0,0,0,2000,0,0,0,2000,0,2000,2000
07823P,國巨元大9A售23  ,0,0,0,0,0,0,0,0,0,2000,0,0,0,53000,51000,2000,2000
07803P,南亞科永豐9A售02,0,0,0,0,0,0,0,0,0,2000,0,0,0,2000,0,2000,2000
07789P,緯穎群益9A售03  ,0,0,0,0,0,0,0,0,0,2000,0,0,0,2000,0,2000,2000
07913P,友達元大01售01  ,0,0,0,0,0,0,0,0,0,2000,0,0,0,2000,0,2000,2000
2904,匯僑            ,4000,2000,2000,0,0,0,0,0,0,0,0,0,0,0,0,0,2000
2838A,聯邦銀甲特      ,0,0,0,0,0,0,0,0,0,2000,2000,0,2000,0,0,0,2000
2476,鉅祥            ,23000,21000,2000,0,0,0,0,0,0,0,0,0,0,0,0,0,2000
2429,銘旺科          ,2000,0,2000,0,0,0,0,0,0,0,0,0,0,0,0,0,2000
1730,花仙子          ,30000,28000,2000,0,0,0,0,0,0,0,0,0,0,0,0,0,2000
1232,大統益          ,2000,0,2000,0,0,0,0,0,0,0,0,0,0,0,0,0,2000
5288,豐祥-KY         ,77000,74000,3000,0,0,0,0,0,0,-1000,0,1000,-1000,0,0,0,2000
5484,慧友            ,2000,0,2000,0,0,0,0,0,0,0,0,0,0,0,0,0,2000
6431,光麗-KY         ,2000,0,2000,0,0,0,0,0,0,0,0,0,0,0,0,0,2000
8070,長華*           ,7000,6000,1000,0,0,0,0,0,0,1000,1000,0,1000,0,0,0,2000
6698,旭暉應材        ,7000,12000,-5000,0,0,0,0,0,0,7000,7000,0,7000,0,0,0,2000
8497,格威傳媒        ,2000,0,2000,0,0,0,0,0,0,0,0,0,0,0,0,0,2000
910322,康師傅-DR       ,2000,0,2000,0,0,0,0,0,0,0,0,0,0,0,0,0,2000
9912,偉聯            ,2000,0,2000,0,0,0,0,0,0,0,0,0,0,0,0,0,2000
9941A,裕融甲特        ,0,0,0,0,0,0,0,0,0,2000,2000,0,2000,0,0,0,2000
061635,台積電元大9A購34,0,0,0,0,0,0,0,0,0,1000,0,0,0,50000,49000,1000,1000
061627,台表科群益9A購01,0,0,0,0,0,0,0,0,0,1000,0,0,0,1000,0,1000,1000
061648,緯穎元大9A購04  ,0,0,0,0,0,0,0,0,0,1000,0,0,0,2000,1000,1000,1000
061658,聯茂富邦9A購03  ,0,0,0,0,0,0,0,0,0,1000,0,0,0,1000,0,1000,1000
06119P,大立光凱基98售04,0,0,0,0,0,0,0,0,0,1000,0,0,0,1000,0,1000,1000
06120P,大立光凱基98售05,0,0,0,0,0,0,0,0,0,1000,0,0,0,1000,0,1000,1000
061130,牧德永豐9A購04  ,0,0,0,0,0,0,0,0,0,1000,0,0,0,14000,13000,1000,1000
061337,台積電元大9A購27,0,0,0,0,0,0,0,0,0,1000,0,0,0,51000,50000,1000,1000
061351,智伸科元大9A購01,0,0,0,0,0,0,0,0,0,1000,0,0,0,262000,261000,1000,1000
061381,台灣50群益9B購07,0,0,0,0,0,0,0,0,0,1000,0,0,0,1000,0,1000,1000
060651,瑞儀中信9B購01  ,0,0,0,0,0,0,0,0,0,1000,0,0,0,86000,85000,1000,1000
06055P,華通凱基97售04  ,0,0,0,0,0,0,0,0,0,1000,0,0,0,5000,4000,1000,1000
060466,玉山金元大9A購01,0,0,0,0,0,0,0,0,0,1000,0,0,0,18000,17000,1000,1000
060429,南六永豐9A購01  ,0,0,0,0,0,0,0,0,0,1000,0,0,0,1000,0,1000,1000
06086P,台積電康和97售01,0,0,0,0,0,0,0,0,0,1000,0,0,0,1000,0,1000,1000
060814,健策凱基9B購01  ,0,0,0,0,0,0,0,0,0,1000,0,0,0,52000,51000,1000,1000
062478,牧德國票9B購03  ,0,0,0,0,0,0,0,0,0,1000,0,0,0,7000,6000,1000,1000
062473,同欣電凱基9B購01,0,0,0,0,0,0,0,0,0,1000,0,0,0,1000,0,1000,1000
062469,旺宏凱基9B購05  ,0,0,0,0,0,0,0,0,0,1000,0,0,0,1000,0,1000,1000
062583,鴻海統一9C購12  ,0,0,0,0,0,0,0,0,0,1000,0,0,0,25000,24000,1000,1000
06256P,臺股指群益97售09,2000,0,2000,0,0,0,0,0,0,-1000,0,0,0,11000,12000,-1000,1000
062713,台灣50凱基02購03,0,0,0,0,0,0,0,0,0,1000,0,0,0,1000,0,1000,1000
062683,可成統一9B購04  ,0,0,0,0,0,0,0,0,0,1000,0,0,0,71000,70000,1000,1000
062419,台積電統一9B購15,0,0,0,0,0,0,0,0,0,1000,0,0,0,3000,2000,1000,1000
062184,奇鋐元大9B購02  ,0,0,0,0,0,0,0,0,0,1000,0,0,0,68000,67000,1000,1000
062172,南六永豐9B購01  ,0,0,0,0,0,0,0,0,0,1000,0,0,0,1000,0,1000,1000
062256,聯發科元大9B購08,0,0,0,0,0,0,0,0,0,1000,0,0,0,1000,0,1000,1000
061794,國巨永豐9B購01  ,0,0,0,0,0,0,0,0,0,1000,0,0,0,1000,0,1000,1000
061962,台積電統一01購03,0,0,0,0,0,0,0,0,0,1000,0,0,0,4000,3000,1000,1000
054358,矽創兆豐96購01  ,0,0,0,0,0,0,0,0,0,1000,0,0,0,1000,0,1000,1000
054264,超眾元大97購02  ,0,0,0,0,0,0,0,0,0,1000,0,0,0,1000,0,1000,1000
054292,欣興元大96購06  ,0,0,0,0,0,0,0,0,0,1000,0,0,0,1000,0,1000,1000
054435,華新科台新97購02,0,0,0,0,0,0,0,0,0,1000,0,0,0,2000,1000,1000,1000
056190,昇陽半統一97購01,0,0,0,0,0,0,0,0,0,1000,0,0,0,1000,0,1000,1000
056348,S&P反1元大9A購01,0,0,0,0,0,0,0,0,0,1000,0,0,0,1000,0,1000,1000
056415,聯發科中信98購04,0,0,0,0,0,0,0,0,0,1000,0,0,0,1000,0,1000,1000
056293,上銀元大97購10  ,0,0,0,0,0,0,0,0,0,1000,0,0,0,1000,0,1000,1000
056094,大立光元富97購03,0,0,0,0,0,0,0,0,0,1000,0,0,0,1000,0,1000,1000
055676,亞德客凱基97購03,0,0,0,0,0,0,0,0,0,1000,0,0,0,1000,0,1000,1000
059195,國巨永豐99購04  ,0,0,0,0,0,0,0,0,0,1000,0,0,0,1000,0,1000,1000
059196,聯發科永豐99購02,0,0,0,0,0,0,0,0,0,1000,0,0,0,4000,3000,1000,1000
054593,滬深2X永昌9A購01,0,0,0,0,0,0,0,0,0,1000,0,0,0,1000,0,1000,1000
055248,可成統一97購02  ,0,0,0,0,0,0,0,0,0,1000,0,0,0,1000,0,1000,1000
054926,神達凱基98購01  ,0,0,0,0,0,0,0,0,0,1000,0,0,0,1000,0,1000,1000
054930,群電凱基98購01  ,0,0,0,0,0,0,0,0,0,1000,0,0,0,1000,0,1000,1000
056011,矽力中信99購01  ,0,0,0,0,0,0,0,0,0,1000,0,0,0,1000,0,1000,1000
054512,元油反元大99購03,0,0,0,0,0,0,0,0,0,1000,0,0,0,1000,0,1000,1000
054545,奇力新中信98購01,0,0,0,0,0,0,0,0,0,1000,0,0,0,1000,0,1000,1000
055966,茂林元大99購01  ,0,0,0,0,0,0,0,0,0,1000,0,0,0,1000,0,1000,1000
050813,旺宏凱基96購01  ,0,0,0,0,0,0,0,0,0,1000,0,0,0,1000,0,1000,1000
05060P,台達電富邦97售02,0,0,0,0,0,0,0,0,0,1000,0,0,0,98000,97000,1000,1000
050519,旺宏元大95購03  ,0,0,0,0,0,0,0,0,0,1000,0,0,0,1000,0,1000,1000
051001,緯穎元大96購02  ,0,0,0,0,0,0,0,0,0,1000,0,0,0,1000,0,1000,1000
050984,大立光國泰97購01,0,0,0,0,0,0,0,0,0,1000,0,0,0,31000,30000,1000,1000
050892,聯電元大96購02  ,0,0,0,0,0,0,0,0,0,1000,0,0,0,1000,0,1000,1000
050780,台表科元大96購01,0,0,0,0,0,0,0,0,0,1000,0,0,0,1000,0,1000,1000
03438P,群創群益98售03  ,0,0,0,0,0,0,0,0,0,1000,0,0,0,1000,0,1000,1000
03686P,大立光統一98售02,0,0,0,0,0,0,0,0,0,1000,0,0,0,1000,0,1000,1000
051318,上銀國票96購01  ,0,0,0,0,0,0,0,0,0,1000,0,0,0,1000,0,1000,1000
03071X,元展66          ,0,0,0,0,0,0,0,0,0,1000,0,0,0,1000,0,1000,1000
0054,元大台商50      ,0,0,0,0,0,0,0,0,0,1000,0,0,0,4000,3000,1000,1000
020011,統一微波高息20N ,0,0,0,0,0,0,0,0,0,1000,0,0,0,1000,0,1000,1000
050253,百和國泰96購01  ,0,0,0,0,0,0,0,0,0,1000,0,0,0,1000,0,1000,1000
03010X,元展10          ,0,0,0,0,0,0,0,0,0,1000,0,0,0,1000,0,1000,1000
049023,玉晶光群益96購04,0,0,0,0,0,0,0,0,0,1000,0,0,0,1000,0,1000,1000
048589,國巨兆豐96購01  ,0,0,0,0,0,0,0,0,0,1000,0,0,0,2000,1000,1000,1000
053666,臺股指凱基96購29,0,0,0,0,0,0,0,0,0,1000,0,0,0,345000,344000,1000,1000
050101,台積電永昌96購03,0,0,0,0,0,0,0,0,0,1000,0,0,0,1000,0,1000,1000
050049,華通群益96購01  ,0,0,0,0,0,0,0,0,0,1000,0,0,0,1000,0,1000,1000
053704,國巨群益96購06  ,0,0,0,0,0,0,0,0,0,1000,0,0,0,1000,0,1000,1000
047689,瑞昱富邦97購01  ,0,0,0,0,0,0,0,0,0,1000,0,0,0,1000,0,1000,1000
047630,元油反元大96購02,0,0,0,0,0,0,0,0,0,1000,0,0,0,1000,0,1000,1000
042317,台灣50永豐96購01,0,0,0,0,0,0,0,0,0,1000,0,0,0,1000,0,1000,1000
053977,新日興元大96購03,0,0,0,0,0,0,0,0,0,1000,0,0,0,1000,0,1000,1000
053850,嘉澤元富96購03  ,0,0,0,0,0,0,0,0,0,1000,0,0,0,5000,4000,1000,1000
053818,富邦金群益98購01,0,10000,-10000,0,0,0,0,0,0,11000,0,0,0,11000,0,11000,1000
051508,元黃金中信97購01,0,0,0,0,0,0,0,0,0,1000,0,0,0,1000,0,1000,1000
05649P,矽創國票97售03  ,0,0,0,0,0,0,0,0,0,1000,0,0,0,1000,0,1000,1000
052326,滬深反中信99購01,0,0,0,0,0,0,0,0,0,1000,0,0,0,2000,1000,1000,1000
052362,瑞昱國票96購02  ,0,0,0,0,0,0,0,0,0,1000,0,0,0,1000,0,1000,1000
052402,健策凱基97購01  ,0,0,0,0,0,0,0,0,0,1000,0,0,0,1000,0,1000,1000
054167,揚明光凱基98購01,0,0,0,0,0,0,0,0,0,1000,0,0,0,25000,24000,1000,1000
052731,宏達電國泰98購01,0,0,0,0,0,0,0,0,0,1000,0,0,0,11000,10000,1000,1000
052782,超眾國票96購02  ,0,0,0,0,0,0,0,0,0,1000,0,0,0,2000,1000,1000,1000
052886,世紀鋼兆豐96購01,0,0,0,0,0,0,0,0,0,1000,0,0,0,1000,0,1000,1000
053392,致新元大96購01  ,0,0,0,0,0,0,0,0,0,1000,0,0,0,1000,0,1000,1000
051897,台光電國泰97購01,0,0,0,0,0,0,0,0,0,1000,0,0,0,1000,0,1000,1000
053473,聯發科元大96購15,0,0,0,0,0,0,0,0,0,1000,0,0,0,1000,0,1000,1000
053491,鴻海兆豐97購02  ,0,0,0,0,0,0,0,0,0,1000,0,0,0,1000,0,1000,1000
056580,泰鼎元大9A購01  ,0,4000,-4000,0,0,0,0,0,0,5000,0,0,0,5000,0,5000,1000
059045,高股息凱基99購01,0,0,0,0,0,0,0,0,0,1000,0,0,0,1000,0,1000,1000
058433,台積電統一9B購04,0,0,0,0,0,0,0,0,0,1000,0,0,0,1000,0,1000,1000
056675,聯發科元富02購01,0,0,0,0,0,0,0,0,0,1000,0,0,0,1000,0,1000,1000
058407,滬深2X兆豐9A購01,0,0,0,0,0,0,0,0,0,1000,0,0,0,1000,0,1000,1000
05675P,美律群益97售01  ,0,0,0,0,0,0,0,0,0,1000,0,0,0,1000,0,1000,1000
05912P,和大元大96售01  ,0,0,0,0,0,0,0,0,0,1000,0,0,0,1000,0,1000,1000
059133,臺股指群益99購08,0,0,0,0,0,0,0,0,0,1000,0,0,0,1000,0,1000,1000
059550,台灣50日盛99購02,0,0,0,0,0,0,0,0,0,1000,0,0,0,1000,0,1000,1000
058489,台灣50群益9B購01,0,0,0,0,0,0,0,0,0,1000,0,0,0,1000,0,1000,1000
05845P,大立光元大96售06,0,0,0,0,0,0,0,0,0,1000,0,0,0,1000,0,1000,1000
058729,國巨永豐99購03  ,0,0,0,0,0,0,0,0,0,1000,0,0,0,1000,0,1000,1000
058718,台灣50元富03購01,0,0,0,0,0,0,0,0,0,1000,0,0,0,1000,0,1000,1000
059302,大立光群益99購08,0,0,0,0,0,0,0,0,0,1000,0,0,0,2000,1000,1000,1000
05931P,鴻海凱基96售15  ,0,0,0,0,0,0,0,0,0,1000,0,0,0,1000,0,1000,1000
059314,上銀元大99購03  ,0,0,0,0,0,0,0,0,0,1000,0,0,0,1000,0,1000,1000
059748,聯發科台新99購03,0,0,0,0,0,0,0,0,0,1000,0,0,0,1000,0,1000,1000
059328,台灣50國票99購08,0,0,0,0,0,0,0,0,0,1000,0,0,0,1000,0,1000,1000
059387,華通凱基9A購03  ,0,0,0,0,0,0,0,0,0,1000,0,0,0,1000,0,1000,1000
059398,滬深2X元富9C購02,0,0,0,0,0,0,0,0,0,1000,0,0,0,1000,0,1000,1000
059369,滬深2X元富9C購01,0,0,0,0,0,0,0,0,0,1000,0,0,0,1000,0,1000,1000
059253,康控凱基9B購02  ,0,0,0,0,0,0,0,0,0,1000,0,0,0,23000,22000,1000,1000
059413,台灣50元大99購05,0,0,0,0,0,0,0,0,0,1000,0,0,0,1000,0,1000,1000
059415,台灣50元大9A購03,0,0,0,0,0,0,0,0,0,1000,0,0,0,2000,1000,1000,1000
059462,台灣50元大9C購06,0,0,0,0,0,0,0,0,0,1000,0,0,0,1000,0,1000,1000
059494,國巨國票9C購01  ,0,0,0,0,0,0,0,0,0,1000,0,0,0,1000,0,1000,1000
059626,台積電凱基01購01,0,0,0,0,0,0,0,0,0,1000,0,0,0,3000,2000,1000,1000
059591,台積電元大9A購04,0,0,0,0,0,0,0,0,0,1000,0,0,0,3000,2000,1000,1000
059602,臺股指元大9A購39,0,0,0,0,0,0,0,0,0,1000,0,0,0,1000,0,1000,1000
059832,超眾康和99購01  ,0,0,0,0,0,0,0,0,0,1000,0,0,0,75000,74000,1000,1000
05724P,致茂永豐96售01  ,0,0,0,0,0,0,0,0,0,1000,0,0,0,1000,0,1000,1000
057221,華通國票98購03  ,0,0,0,0,0,0,0,0,0,1000,0,0,0,20000,19000,1000,1000
057908,國泰金亞東99購01,0,0,0,0,0,0,0,0,0,1000,0,0,0,1000,0,1000,1000
059981,聯發科元大99購36,0,0,0,0,0,0,0,0,0,1000,0,0,0,3000,2000,1000,1000
058013,SP黃豆凱基9A購01,0,0,0,0,0,0,0,0,0,1000,0,0,0,1000,0,1000,1000
058032,大立光永豐98購05,0,0,0,0,0,0,0,0,0,1000,0,0,0,1000,0,1000,1000
057010,景碩中信98購01  ,0,0,0,0,0,0,0,0,0,1000,0,0,0,5000,4000,1000,1000
057019,台積電凱基98購14,0,0,0,0,0,0,0,0,0,1000,0,0,0,1000,0,1000,1000
060275,元黃金元大9A購01,0,0,0,0,0,0,0,0,0,1000,0,0,0,1000,0,1000,1000
060285,聯電元大9C購01  ,0,0,0,0,0,0,0,0,0,1000,0,0,0,101000,100000,1000,1000
060364,奇力新元富9A購01,0,0,0,0,0,0,0,0,0,1000,0,0,0,100000,99000,1000,1000
060356,上銀元富9A購01  ,0,0,0,0,0,0,0,0,0,1000,0,0,0,1000,0,1000,1000
060359,國巨元富9A購02  ,0,0,0,0,0,0,0,0,0,1000,0,0,0,1000,0,1000,1000
06012P,世芯國票96售01  ,0,0,0,0,0,0,0,0,0,1000,0,0,0,1000,0,1000,1000
060159,健和興永豐9A購01,0,0,0,0,0,0,0,0,0,1000,0,0,0,1000,0,1000,1000
060119,上銀富邦9B購03  ,0,0,0,0,0,0,0,0,0,1000,0,0,0,1000,0,1000,1000
060088,國巨元大99購30  ,0,0,0,0,0,0,0,0,0,1000,0,0,0,5000,4000,1000,1000
058311,緯穎元大99購05  ,0,0,0,0,0,0,0,0,0,1000,0,0,0,5000,4000,1000,1000
058205,神達凱基9B購01  ,0,0,0,0,0,0,0,0,0,1000,0,0,0,1000,0,1000,1000
058206,祥碩凱基99購01  ,0,0,0,0,0,0,0,0,0,1000,0,0,0,1000,0,1000,1000
058646,聯茂富邦9A購01  ,0,0,0,0,0,0,0,0,0,1000,0,0,0,261000,260000,1000,1000
058623,國巨國票99購08  ,0,0,0,0,0,0,0,0,0,1000,0,0,0,1000,0,1000,1000
057177,奇力新元大99購04,0,0,0,0,0,0,0,0,0,1000,0,0,0,69000,68000,1000,1000
057498,台郡元大98購04  ,0,0,0,0,0,0,0,0,0,1000,0,0,0,11000,10000,1000,1000
057495,牧德元大99購04  ,0,0,0,0,0,0,0,0,0,1000,0,0,0,69000,68000,1000,1000
057474,T50反1元大98購09,0,0,0,0,0,0,0,0,0,1000,0,0,0,1000,0,1000,1000
9931,欣高            ,1000,0,1000,0,0,0,0,0,0,0,0,0,0,0,0,0,1000
6579,研揚            ,12000,11000,1000,0,0,0,0,0,0,0,0,0,0,0,0,0,1000
5538,東明-KY         ,1000,0,1000,0,0,0,0,0,0,0,0,0,0,0,0,0,1000
4807,日成-KY         ,5000,1000,4000,0,0,0,0,0,0,-3000,0,3000,-3000,0,0,0,1000
08130P,義隆元大9B售05  ,0,0,0,0,0,0,0,0,0,1000,0,0,0,3000,2000,1000,1000
1467,南緯            ,1000,0,1000,0,0,0,0,0,0,0,0,0,0,0,0,0,1000
1465,偉全            ,7000,7000,0,0,0,0,0,0,0,1000,1000,0,1000,0,0,0,1000
1456,怡華            ,4000,3000,1000,0,0,0,0,0,0,0,0,0,0,0,0,0,1000
1735,日勝化          ,1000,0,1000,0,0,0,0,0,0,0,0,0,0,0,0,0,1000
2062,橋椿            ,206000,205000,1000,0,0,0,0,0,0,0,0,0,0,0,0,0,1000
2243,宏旭-KY         ,3000,2000,1000,0,0,0,0,0,0,0,0,0,0,0,0,0,1000
2360,致茂            ,181000,108000,73000,0,0,0,0,82000,-82000,10000,12000,0,12000,3000,5000,-2000,1000
2881B,富邦金乙特      ,0,0,0,0,0,0,0,0,0,1000,1000,0,1000,0,0,0,1000
2888A,新光金甲特      ,1000,0,1000,0,0,0,0,0,0,0,0,0,0,0,0,0,1000
2891C,中信金丙特      ,0,0,0,0,0,0,0,0,0,1000,1000,0,1000,0,0,0,1000
07892P,臺股指國票9B售02,0,0,0,0,0,0,0,0,0,1000,0,0,0,1000,0,1000,1000
08087P,聯發科凱基9B售12,0,0,0,0,0,0,0,0,0,1000,0,0,0,11000,10000,1000,1000
07670P,茂林元大9A售02  ,0,0,0,0,0,0,0,0,0,1000,0,0,0,2000,1000,1000,1000
07778P,台灣50凱基9C售08,0,0,0,0,0,0,0,0,0,1000,0,0,0,1000,0,1000,1000
07724P,臺股指凱基9A售16,0,0,0,0,0,0,0,0,0,1000,0,0,0,1000,0,1000,1000
07238P,台灣50國票99售07,0,0,0,0,0,0,0,0,0,1000,0,0,0,7000,6000,1000,1000
07576P,可成元大9A售01  ,0,0,0,0,0,0,0,0,0,1000,0,0,0,1000,0,1000,1000
07504P,聯詠元大9A售02  ,0,0,0,0,0,0,0,0,0,1000,0,0,0,1000,0,1000,1000
06549P,大立光元大98售11,0,0,0,0,0,0,0,0,0,1000,0,0,0,1000,0,1000,1000
06532P,友達元富98售04  ,0,0,0,0,0,0,0,0,0,1000,0,0,0,1000,0,1000,1000
06571P,欣興永豐98售03  ,0,0,0,0,0,0,0,0,0,1000,0,0,0,1000,0,1000,1000
06494P,鴻海永昌98售03  ,0,0,0,0,0,0,0,0,0,1000,0,0,0,1000,0,1000,1000
063160,牧德富邦9C購02  ,0,0,0,0,0,0,0,0,0,1000,0,0,0,1000,0,1000,1000
06886P,旺宏元大99售07  ,0,0,0,0,0,0,0,0,0,1000,0,0,0,7000,6000,1000,1000
07013P,玉晶光群益9A售06,0,0,0,0,0,0,0,0,0,1000,0,0,0,1000,0,1000,1000
06809P,電子類群益98售03,0,0,0,0,0,0,0,0,0,1000,0,0,0,1000,0,1000,1000
06773P,台灣50兆豐9A售01,0,0,0,0,0,0,0,0,0,1000,0,0,0,1000,0,1000,1000
06862P,大立光凱基98售16,0,0,0,0,0,0,0,0,0,1000,0,0,0,1000,0,1000,1000
06602P,國巨統一99售02  ,0,0,0,0,0,0,0,0,0,1000,0,0,0,1000,0,1000,1000
06654P,欣興元大98售08  ,0,0,0,0,0,0,0,0,0,1000,0,0,0,1000,0,1000,1000
06725P,聯電元富98售01  ,0,0,0,0,0,0,0,0,0,1000,0,0,0,238000,237000,1000,1000
008201,BP上證50        ,0,0,0,0,0,0,0,0,0,100,0,0,0,100,0,100,100
061993,祥碩元大9C購01  ,0,0,0,0,0,0,0,0,0,0,0,0,0,28000,28000,0,0
061997,台郡元大9B購03  ,0,0,0,0,0,0,0,0,0,0,0,0,0,174000,174000,0,0
062078,聯發科元大9B購05,0,0,0,0,0,0,0,0,0,0,0,0,0,3000,3000,0,0
062079,聯發科元大9B購06,0,0,0,0,0,0,0,0,0,0,0,0,0,3000,3000,0,0
061893,鴻海永豐9B購01  ,0,0,0,0,0,0,0,0,0,0,0,0,0,1000,1000,0,0
062257,聯發科元大9B購09,0,0,0,0,0,0,0,0,0,0,0,0,0,4000,4000,0,0
062255,聯發科元大9B購07,0,0,0,0,0,0,0,0,0,0,0,0,0,3000,3000,0,0
062237,緯創凱基9B購01  ,0,0,0,0,0,0,0,0,0,0,0,0,0,4000,4000,0,0
062149,牧德國票9B購01  ,0,0,0,0,0,0,0,0,0,0,0,0,0,1000,1000,0,0
062134,國巨群益9B購04  ,0,0,0,0,0,0,0,0,0,0,0,0,0,10000,10000,0,0
062338,鴻海麥證9B購01  ,0,0,0,1000,0,1000,0,0,0,0,0,0,0,1000,1000,0,0
062354,台達電元大9B購01,0,0,0,0,0,0,0,0,0,0,0,0,0,12000,12000,0,0
062356,國巨元大9B購10  ,0,0,0,0,0,0,0,0,0,0,0,0,0,10000,10000,0,0
06230P,亞德客永豐97售03,0,0,0,0,0,0,0,0,0,0,0,0,0,15000,15000,0,0
062489,可成永豐9B購02  ,0,0,0,0,0,0,0,0,0,0,0,0,0,60000,60000,0,0
062510,台積電國票01購01,0,0,0,0,0,0,0,0,0,0,0,0,0,2000,2000,0,0
062505,祥碩群益9B購03  ,0,0,0,0,0,0,0,0,0,0,0,0,0,1000,1000,0,0
06308P,國巨元富97售06  ,0,0,0,0,0,0,0,0,0,0,0,0,0,153000,153000,0,0
062956,同欣電永豐9B購02,0,0,0,0,0,0,0,0,0,0,0,0,0,1000,1000,0,0
062840,臺股指群益9B購07,0,1000,-1000,0,0,0,0,0,0,1000,0,0,0,1000,0,1000,0
062905,聯發科元大9B購13,0,0,0,0,0,0,0,0,0,0,0,0,0,3000,3000,0,0
062937,旺宏凱基9B購08  ,0,0,0,0,0,0,0,0,0,0,0,0,0,22000,22000,0,0
062898,華通元大9B購05  ,0,0,0,0,0,0,0,0,0,0,0,0,0,1000,1000,0,0
060803,台灣50群益9A購13,0,0,0,0,0,0,0,0,0,0,0,0,0,13000,13000,0,0
060768,鴻海麥證9A購02  ,0,0,0,2000,0,2000,0,0,0,0,0,0,0,2000,2000,0,0
060847,康控國票9A購01  ,0,0,0,0,0,0,0,0,0,0,0,0,0,10000,10000,0,0
060849,力成國票9A購01  ,0,0,0,0,0,0,0,0,0,0,0,0,0,9000,9000,0,0
060859,鴻海永豐9A購01  ,0,0,0,0,0,0,0,0,0,0,0,0,0,3000,3000,0,0
060463,台積電元大9A購10,0,0,0,0,0,0,0,0,0,0,0,0,0,51000,51000,0,0
060461,鴻海元大9A購09  ,0,0,0,0,0,0,0,0,0,0,0,0,0,7000,7000,0,0
060569,台積電永豐9A購01,0,0,0,0,0,0,0,0,0,0,0,0,0,3000,3000,0,0
060551,大立光凱基9B購02,0,0,0,0,0,0,0,0,0,0,0,0,0,4000,4000,0,0
060527,台積電中信9C購04,0,0,0,0,0,0,0,0,0,0,0,0,0,2000,2000,0,0
060498,華通元大9A購03  ,0,0,0,0,0,0,0,0,0,0,0,0,0,1000,1000,0,0
060499,鴻海元大9A購11  ,0,0,0,0,0,0,0,0,0,0,0,0,0,1000,1000,0,0
060520,臺指2X中信01購02,0,0,0,0,0,0,0,0,0,0,0,0,0,1000,1000,0,0
060510,大立光元大9A購03,0,0,0,0,0,0,0,0,0,0,0,0,0,10000,10000,0,0
060659,鴻海凱基9B購03  ,0,0,0,0,0,0,0,0,0,0,0,0,0,1000,1000,0,0
060590,台積電台新9C購02,0,0,0,0,0,0,0,0,0,0,0,0,0,2000,2000,0,0
060584,玉晶光元富9A購01,0,0,0,0,0,0,0,0,0,0,0,0,0,13000,13000,0,0
060754,華通元大9A購04  ,0,0,0,0,0,0,0,0,0,0,0,0,0,1000,1000,0,0
060738,矽格統一9C購01  ,0,0,0,0,0,0,0,0,0,0,0,0,0,10000,10000,0,0
061419,國巨元大9A購21  ,0,0,0,0,0,0,0,0,0,0,0,0,0,10000,10000,0,0
061195,健策永豐9B購02  ,0,0,0,0,0,0,0,0,0,0,0,0,0,5000,5000,0,0
061259,台積電凱基9A購21,0,0,0,0,0,0,0,0,0,0,0,0,0,2000,2000,0,0
061257,上銀凱基9A購06  ,0,0,0,0,0,0,0,0,0,0,0,0,0,64000,64000,0,0
061242,玉晶光兆豐9B購02,0,0,0,0,0,0,0,0,0,0,0,0,0,10000,10000,0,0
061719,緯穎凱基9A購06  ,0,0,0,0,0,0,0,0,0,0,0,0,0,4000,4000,0,0
061476,大毅元大9A購02  ,0,0,0,0,0,0,0,0,0,0,0,0,0,110000,110000,0,0
061478,奇鋐元大9A購01  ,0,0,0,0,0,0,0,0,0,0,0,0,0,131000,131000,0,0
061457,TPK凱基9A購01   ,0,0,0,0,0,0,0,0,0,0,0,0,0,6000,6000,0,0
061602,旺宏凱基9A購06  ,0,0,0,0,0,0,0,0,0,0,0,0,0,11000,11000,0,0
00774B,新光中國政金綠債,0,0,0,0,0,0,0,0,0,0,0,0,0,2000,2000,0,0
00775B,新光投等債15+   ,0,0,0,0,0,0,0,0,0,0,0,0,0,2000,2000,0,0
00865B,國泰US短期公債  ,0,0,0,0,0,0,0,0,0,0,0,0,0,100000,100000,0,0
00668K,國泰美國道瓊+U  ,0,0,0,0,0,0,0,0,0,0,0,0,0,100,100,0,0
00657K,國泰日經225+U   ,0,0,0,0,0,0,0,0,0,0,0,0,0,100,100,0,0
00625K,富邦上証+R      ,0,0,0,0,0,0,0,0,0,0,0,0,0,50000,50000,0,0
00636K,國泰中國A50+U   ,0,0,0,0,0,0,0,0,0,0,0,0,0,100,100,0,0
03012X,元展12          ,0,0,0,0,0,0,0,0,0,0,0,0,0,2000,2000,0,0
00707R,元大S&P日圓反1  ,0,0,0,0,0,0,0,0,0,0,0,0,0,1000,1000,0,0
00691R,兆豐藍籌30反1   ,0,0,0,0,0,0,0,0,0,0,0,0,0,1000,1000,0,0
00689R,國泰20年美債反1 ,100000,0,100000,0,0,0,0,0,0,-100000,0,0,0,100000,200000,-100000,0
05032P,台積電國泰96售05,0,0,0,0,0,0,0,0,0,0,0,0,0,20000,20000,0,0
050332,鴻海國泰96購05  ,0,0,0,0,0,0,0,0,0,0,0,0,0,1000,1000,0,0
050172,臺指反元大98購02,0,0,0,0,0,0,0,0,0,0,0,0,0,10000,10000,0,0
00732,國泰RMB短期報酬 ,0,0,0,0,0,0,0,0,0,0,0,0,0,100000,100000,0,0
051286,國巨統一97購01  ,0,0,0,0,0,0,0,0,0,0,0,0,0,453000,453000,0,0
050485,國巨統一96購01  ,0,0,0,0,0,0,0,0,0,0,0,0,0,33000,33000,0,0
050491,旺宏國泰96購01  ,0,0,0,0,0,0,0,0,0,0,0,0,0,20000,20000,0,0
050724,國巨國票96購01  ,0,0,0,0,0,0,0,0,0,0,0,0,0,30000,30000,0,0
050630,大立光亞東96購01,0,0,0,0,0,0,0,0,0,0,0,0,0,100000,100000,0,0
050649,華新科凱基96購01,0,0,0,0,0,0,0,0,0,0,0,0,0,70000,70000,0,0
051531,國巨國票96購04  ,0,0,0,0,0,0,0,0,0,0,0,0,0,13000,13000,0,0
051727,S&P反1國票97購01,0,0,0,0,0,0,0,0,0,0,0,0,0,10000,10000,0,0
051838,國巨國泰97購01  ,0,0,0,0,0,0,0,0,0,0,0,0,0,10000,10000,0,0
051842,大成鋼富邦97購01,0,0,0,0,0,0,0,0,0,0,0,0,0,5000,5000,0,0
053805,奇鋐凱基98購02  ,0,0,0,0,0,0,0,0,0,0,0,0,0,180000,180000,0,0
053998,泰鼎群益98購01  ,0,0,0,0,0,0,0,0,0,0,0,0,0,3000,3000,0,0
048001,中工元大96購01  ,0,0,0,0,0,0,0,0,0,0,0,0,0,15000,15000,0,0
053713,漢唐凱基96購04  ,0,0,0,0,0,0,0,0,0,0,0,0,0,20000,20000,0,0
053687,智邦元大96購02  ,0,0,0,0,0,0,0,0,0,0,0,0,0,10000,10000,0,0
053729,聯茂凱基96購05  ,0,0,0,0,0,0,0,0,0,0,0,0,0,10000,10000,0,0
049004,聯發科中信96購01,0,0,0,0,0,0,0,0,0,0,0,0,0,5000,5000,0,0
049667,大立光國泰96購01,0,0,0,0,0,0,0,0,0,0,0,0,0,100000,100000,0,0
053528,南電中信9A購01  ,0,0,0,0,0,0,0,0,0,0,0,0,0,56000,56000,0,0
053258,上証2X群益9A購03,0,0,0,0,0,0,0,0,0,0,0,0,0,55000,55000,0,0
05316P,台積電永昌96售06,0,0,0,0,0,0,0,0,0,0,0,0,0,6000,6000,0,0
053057,聯電國泰97購02  ,0,0,0,0,0,0,0,0,0,0,0,0,0,10000,10000,0,0
053012,國巨統一96購03  ,0,0,0,0,0,0,0,0,0,0,0,0,0,109000,109000,0,0
053021,國巨國泰97購04  ,0,0,0,0,0,0,0,0,0,0,0,0,0,13000,13000,0,0
053074,嘉晶永豐96購02  ,0,0,0,0,0,0,0,0,0,0,0,0,0,217000,217000,0,0
052890,FB上証群益9B購01,0,0,0,0,0,0,0,0,0,0,0,0,0,2000,2000,0,0
052060,旺宏國票96購02  ,0,0,0,0,0,0,0,0,0,0,0,0,0,170000,170000,0,0
053439,台積電凱基96購11,0,0,0,0,0,0,0,0,0,0,0,0,0,20000,20000,0,0
052857,大成鋼凱基96購01,0,0,0,0,0,0,0,0,0,0,0,0,0,3000,3000,0,0
052781,瀚宇博國票97購03,0,0,0,0,0,0,0,0,0,0,0,0,0,38000,38000,0,0
052836,旺宏國泰98購01  ,0,0,0,0,0,0,0,0,0,0,0,0,0,60000,60000,0,0
053635,技嘉永豐96購01  ,0,0,0,0,0,0,0,0,0,0,0,0,0,20000,20000,0,0
054194,國巨麥證96購02  ,0,0,0,0,20000,-20000,0,0,0,0,0,0,0,20000,20000,0,0
055573,國巨統一97購06  ,0,0,0,0,0,0,0,0,0,0,0,0,0,40000,40000,0,0
055549,旺宏凱基97購03  ,0,0,0,0,0,0,0,0,0,0,0,0,0,30000,30000,0,0
055510,GIS元大97購03   ,0,0,0,0,0,0,0,0,0,0,0,0,0,1000,1000,0,0
055470,南亞科凱基97購01,0,0,0,0,0,0,0,0,0,0,0,0,0,10000,10000,0,0
05650P,台積電富邦96售01,0,0,0,0,0,0,0,0,0,0,0,0,0,33000,33000,0,0
052424,泰碩國票97購01  ,0,0,0,0,0,0,0,0,0,0,0,0,0,10000,10000,0,0
052433,滬深2X國泰96購02,0,0,0,0,0,0,0,0,0,0,0,0,0,15000,15000,0,0
052463,聯電統一96購01  ,0,0,0,0,0,0,0,0,0,0,0,0,0,108000,108000,0,0
052570,華新科凱基96購06,0,0,0,0,0,0,0,0,0,0,0,0,0,150000,150000,0,0
052135,聯發科凱基9B購01,0,0,0,0,0,0,0,0,0,0,0,0,0,6000,6000,0,0
056506,晶豪科永豐98購02,0,0,0,0,0,0,0,0,0,0,0,0,0,36000,36000,0,0
055955,微星元大97購01  ,0,0,0,0,0,0,0,0,0,0,0,0,0,13000,13000,0,0
055079,台光電中信97購01,0,0,0,0,0,0,0,0,0,0,0,0,0,55000,55000,0,0
05523P,聯發科國票96售04,0,0,0,0,0,0,0,0,0,0,0,0,0,204000,204000,0,0
055295,瀚宇博元大97購02,0,0,0,0,0,0,0,0,0,0,0,0,0,68000,68000,0,0
055312,台虹群益99購01  ,0,0,0,0,0,0,0,0,0,0,0,0,0,12000,12000,0,0
055326,緯穎國票97購06  ,0,0,0,0,0,0,0,0,0,0,0,0,0,6000,6000,0,0
055213,大成鋼凱基98購01,0,0,0,0,0,0,0,0,0,0,0,0,0,3000,3000,0,0
055214,聯電凱基97購02  ,0,0,0,0,0,0,0,0,0,0,0,0,0,30000,30000,0,0
054886,大毅統一97購01  ,0,0,0,0,0,0,0,0,0,0,0,0,0,11000,11000,0,0
054868,國泰金群益9A購01,0,10000,-10000,0,0,0,0,0,0,10000,0,0,0,10000,0,10000,0
054632,緯穎凱基9A購01  ,0,0,0,0,0,0,0,0,0,0,0,0,0,10000,10000,0,0
05458P,台積電凱基97售02,0,0,0,0,0,0,0,0,0,0,0,0,0,50000,50000,0,0
059053,鴻海凱基99購07  ,0,0,0,0,0,0,0,0,0,0,0,0,0,1000,1000,0,0
05906P,國巨元富96售05  ,0,0,0,0,0,0,0,0,0,0,0,0,0,112000,112000,0,0
059085,鴻海元大99購25  ,0,0,0,0,0,0,0,0,0,0,0,0,0,6000,6000,0,0
059100,元油2X統一9C購02,0,0,0,0,0,0,0,0,0,0,0,0,0,186000,186000,0,0
05919P,京鼎元大96售03  ,0,0,0,0,0,0,0,0,0,0,0,0,0,94000,94000,0,0
059212,鴻海元大99購28  ,0,0,0,0,0,0,0,0,0,0,0,0,0,18000,18000,0,0
059235,鴻海凱基99購08  ,0,0,0,0,0,0,0,0,0,0,0,0,0,1000,1000,0,0
059237,鴻海凱基9A購10  ,0,0,0,0,0,0,0,0,0,0,0,0,0,1000,1000,0,0
058938,台積電中信01購03,0,0,0,0,0,0,0,0,0,0,0,0,0,38000,38000,0,0
058940,聯發科中信9A購03,0,0,0,0,0,0,0,0,0,0,0,0,0,7000,7000,0,0
05880P,創意康和96售01  ,0,0,0,0,0,0,0,0,0,0,0,0,0,5000,5000,0,0
056017,台積電群益97購04,0,0,0,0,0,0,0,0,0,0,0,0,0,44000,44000,0,0
055672,國巨日盛97購02  ,0,0,0,0,0,0,0,0,0,0,0,0,0,10000,10000,0,0
05562P,鴻海元大96售16  ,0,0,0,0,0,0,0,0,0,0,0,0,0,50000,50000,0,0
056290,正文永豐98購01  ,0,0,0,0,0,0,0,0,0,0,0,0,0,68000,68000,0,0
056275,國巨國泰98購04  ,0,0,0,0,0,0,0,0,0,0,0,0,0,10000,10000,0,0
05623P,台積電中信96售03,0,0,0,0,0,0,0,0,0,0,0,0,0,100000,100000,0,0
056228,可成凱基97購03  ,0,0,0,0,0,0,0,0,0,0,0,0,0,60000,60000,0,0
056156,禾伸堂凱基98購04,0,0,0,0,0,0,0,0,0,0,0,0,0,10000,10000,0,0
056164,聯茂凱基98購03  ,0,0,0,0,0,0,0,0,0,0,0,0,0,1000,1000,0,0
054436,高鐵台新97購02  ,0,0,0,0,0,0,0,0,0,0,0,0,0,148000,148000,0,0
054412,智邦元大96購03  ,0,0,0,0,0,0,0,0,0,0,0,0,0,4000,4000,0,0
054470,緯穎國票97購04  ,0,0,0,0,0,0,0,0,0,0,0,0,0,12000,12000,0,0
055829,上銀元大97購06  ,0,0,0,0,0,0,0,0,0,0,0,0,0,13000,13000,0,0
055811,國巨國票98購05  ,0,0,0,0,0,0,0,0,0,0,0,0,0,5000,5000,0,0
055872,亞泥元富97購01  ,0,0,0,0,0,0,0,0,0,0,0,0,0,10000,10000,0,0
055858,聯茂元大97購03  ,0,0,0,0,0,0,0,0,0,0,0,0,0,45000,45000,0,0
054643,上証2X群益9B購01,0,0,0,0,0,0,0,0,0,0,0,0,0,100000,100000,0,0
054641,祥碩中信98購01  ,0,0,0,0,0,0,0,0,0,0,0,0,0,20000,20000,0,0
054671,國巨國泰98購01  ,0,0,0,0,0,0,0,0,0,0,0,0,0,103000,103000,0,0
055892,國巨統一99購01  ,0,0,0,0,0,0,0,0,0,0,0,0,0,35000,35000,0,0
054738,聯發科凱基97購01,0,0,0,0,0,0,0,0,0,0,0,0,0,10000,10000,0,0
054679,台積電康和99購01,0,0,0,0,0,0,0,0,0,0,0,0,0,2000,2000,0,0
054220,國巨統一97購02  ,0,0,0,0,0,0,0,0,0,0,0,0,0,50000,50000,0,0
054241,深中小元大98購01,0,0,0,0,0,0,0,0,0,0,0,0,0,20000,20000,0,0
054380,世芯群益97購02  ,0,0,0,0,0,0,0,0,0,0,0,0,0,10000,10000,0,0
055701,亞德客富邦99購01,0,0,0,0,0,0,0,0,0,0,0,0,0,1000,1000,0,0
057478,智邦元大99購01  ,0,0,0,0,0,0,0,0,0,0,0,0,0,4000,4000,0,0
057429,華新科兆豐98購03,0,0,0,0,0,0,0,0,0,0,0,0,0,10000,10000,0,0
057333,智邦國票99購01  ,0,0,0,0,0,0,0,0,0,0,0,0,0,10000,10000,0,0
057335,技嘉國票99購01  ,0,0,0,0,0,0,0,0,0,0,0,0,0,1000,1000,0,0
057130,全新凱基98購03  ,0,0,0,0,0,0,0,0,0,0,0,0,0,50000,50000,0,0
057513,智邦台新98購01  ,0,0,0,0,0,0,0,0,0,0,0,0,0,15000,15000,0,0
057165,國巨元大99購05  ,0,0,0,0,0,0,0,0,0,0,0,0,0,1000,1000,0,0
057169,微星元大98購01  ,0,0,0,0,0,0,0,0,0,0,0,0,0,45000,45000,0,0
057152,緯穎國票99購03  ,0,0,0,0,0,0,0,0,0,0,0,0,0,9000,9000,0,0
057812,友達元大9A購05  ,0,0,0,0,0,0,0,0,0,0,0,0,0,200000,200000,0,0
05718P,國巨元大96售09  ,0,0,0,0,0,0,0,0,0,0,0,0,0,99000,99000,0,0
057859,神達康和98購01  ,0,0,0,0,0,0,0,0,0,0,0,0,0,14000,14000,0,0
058650,台虹永豐9A購01  ,0,0,0,0,0,0,0,0,0,0,0,0,0,45000,45000,0,0
058654,鴻海中信03購01  ,0,0,0,0,0,0,0,0,0,0,0,0,0,5000,5000,0,0
058665,台灣50群益9B購02,0,0,0,0,0,0,0,0,0,0,0,0,0,209000,209000,0,0
058044,鴻海元大99購07  ,0,0,0,0,0,0,0,0,0,0,0,0,0,53000,53000,0,0
058062,上銀中信98購01  ,0,0,0,0,0,0,0,0,0,0,0,0,0,108000,108000,0,0
058068,旺宏凱基98購11  ,0,0,0,0,0,0,0,0,0,0,0,0,0,8000,8000,0,0
058167,鴻海凱基9A購03  ,0,0,0,0,0,0,0,0,0,0,0,0,0,1000,1000,0,0
058248,聯茂元大99購05  ,0,0,0,0,0,0,0,0,0,0,0,0,0,68000,68000,0,0
058332,鴻海元富99購03  ,0,0,0,0,0,0,0,0,0,0,0,0,0,10000,10000,0,0
058320,華新科永豐99購02,0,0,0,0,0,0,0,0,0,0,0,0,0,10000,10000,0,0
057999,智邦亞東99購02  ,0,0,0,0,0,0,0,0,0,0,0,0,0,40000,40000,0,0
057984,聯發科台新98購01,0,0,0,0,0,0,0,0,0,0,0,0,0,100000,100000,0,0
060096,聯發科元大99購43,0,0,0,0,0,0,0,0,0,0,0,0,0,2000,2000,0,0
060108,泰鼎元大99購04  ,0,0,0,0,0,0,0,0,0,0,0,0,0,1000,1000,0,0
060113,祥碩元大9B購01  ,0,0,0,0,0,0,0,0,0,0,0,0,0,3000,3000,0,0
060037,鴻海國票99購10  ,0,0,0,0,0,0,0,0,0,0,0,0,0,3000,3000,0,0
060143,台積電國票9B購03,0,0,0,0,0,0,0,0,0,0,0,0,0,1000,1000,0,0
057040,國巨元大98購12  ,0,0,0,0,0,0,0,0,0,0,0,0,0,1000,1000,0,0
057013,聯發科麥證98購01,0,0,0,320000,0,320000,0,0,0,0,0,0,0,320000,320000,0,0
057016,中石化凱基9B購01,0,0,0,0,0,0,0,0,0,0,0,0,0,30000,30000,0,0
056970,TPK永豐98購01   ,0,0,0,0,0,0,0,0,0,0,0,0,0,51000,51000,0,0
058687,聯茂凱基9A購01  ,0,0,0,0,0,0,0,0,0,0,0,0,0,20000,20000,0,0
059978,國巨元大99購29  ,0,0,0,0,0,0,0,0,0,0,0,0,0,2000,2000,0,0
060007,鴻海群益99購04  ,0,0,0,0,0,0,0,0,0,0,0,0,0,4000,4000,0,0
06000P,GIS元大96售04   ,0,0,0,0,0,0,0,0,0,0,0,0,0,58000,58000,0,0
060015,國巨康和99購03  ,0,0,0,0,0,0,0,0,0,0,0,0,0,1000,1000,0,0
057910,華新科兆豐99購02,0,0,0,0,0,0,0,0,0,0,0,0,0,10000,10000,0,0
05723P,華通永豐96售03  ,0,0,0,0,0,0,0,0,0,0,0,0,0,20000,20000,0,0
059879,GIS凱基99購03   ,0,0,0,0,0,0,0,0,0,0,0,0,0,10000,10000,0,0
058539,聯發科台新99購01,0,0,0,0,0,0,0,0,0,0,0,0,0,269000,269000,0,0
058594,台灣50元富9B購03,0,0,0,0,0,0,0,0,0,0,0,0,0,309000,309000,0,0
05980P,台積電永昌96售09,0,0,0,0,0,0,0,0,0,0,0,0,0,590000,590000,0,0
059811,高股息凱基99購02,0,0,0,0,0,0,0,0,0,0,0,0,0,10000,10000,0,0
056849,瀚宇博元富98購01,0,0,0,0,0,0,0,0,0,0,0,0,0,60000,60000,0,0
059858,台灣50群益9A購09,0,0,0,0,0,0,0,0,0,0,0,0,0,13000,13000,0,0
057758,鴻海凱基99購03  ,0,0,0,0,0,0,0,0,0,0,0,0,0,1000,1000,0,0
056893,智邦元大98購02  ,0,0,0,0,0,0,0,0,0,0,0,0,0,2000,2000,0,0
059612,奇鋐永豐99購02  ,0,0,0,0,0,0,0,0,0,0,0,0,0,10000,10000,0,0
059599,健策元大9B購02  ,0,0,0,0,0,0,0,0,0,0,0,0,0,5000,5000,0,0
059563,鴻海凱基9A購14  ,0,0,0,0,0,0,0,0,0,0,0,0,0,3000,3000,0,0
059564,鴻海凱基9A購15  ,0,0,0,0,0,0,0,0,0,0,0,0,0,3000,3000,0,0
059590,台積電元大99購39,0,0,0,0,0,0,0,0,0,0,0,0,0,1000,1000,0,0
059515,牧德永豐99購01  ,0,0,0,0,0,0,0,0,0,0,0,0,0,10000,10000,0,0
059530,華新科凱基9A購05,0,0,0,0,0,0,0,0,0,0,0,0,0,4000,4000,0,0
059383,台灣50凱基99購03,0,0,0,0,0,0,0,0,0,0,0,0,0,1000,1000,0,0
059336,台灣50凱基9A購02,0,0,0,0,0,0,0,0,0,0,0,0,0,13000,13000,0,0
059352,台灣50富邦01購01,0,0,0,0,0,0,0,0,0,0,0,0,0,13000,13000,0,0
059717,國巨元大99購21  ,0,0,0,0,0,0,0,0,0,0,0,0,0,6000,6000,0,0
059721,旺宏元大99購16  ,0,0,0,0,0,0,0,0,0,0,0,0,0,31000,31000,0,0
059657,華通元大99購09  ,0,0,0,0,0,0,0,0,0,0,0,0,0,5000,5000,0,0
059668,台灣50元富9B購04,0,0,0,0,0,0,0,0,0,0,0,0,0,13000,13000,0,0
059671,滬深2X元富99購05,0,0,0,0,0,0,0,0,0,0,0,0,0,140000,140000,0,0
058716,華新科台新99購02,0,0,0,0,0,0,0,0,0,0,0,0,0,30000,30000,0,0
05846P,大立光元大96售07,0,0,0,0,0,0,0,0,0,0,0,0,0,30000,30000,0,0
058455,玉晶光永豐99購03,0,0,0,0,0,0,0,0,0,0,0,0,0,15000,15000,0,0
058501,S&P正2元大99購01,0,0,0,0,0,0,0,0,0,0,0,0,0,360000,360000,0,0
059156,台灣50凱基01購03,0,0,0,0,0,0,0,0,0,0,0,0,0,13000,13000,0,0
05914P,友達元大96售04  ,0,0,0,0,0,0,0,0,0,0,0,0,0,10000,10000,0,0
056752,國巨兆豐98購02  ,0,0,0,0,0,0,0,0,0,0,0,0,0,10000,10000,0,0
059161,鴻海凱基9A購09  ,0,0,0,0,0,0,0,0,0,0,0,0,0,1000,1000,0,0
059162,國巨凱基99購12  ,0,0,0,0,0,0,0,0,0,0,0,0,0,1000,1000,0,0
057658,玉晶光兆豐99購02,0,0,0,0,0,0,0,0,0,0,0,0,0,10000,10000,0,0
057660,訊芯兆豐98購02  ,0,0,0,0,0,0,0,0,0,0,0,0,0,20000,20000,0,0
05681P,大立光元大96售05,0,0,0,0,0,0,0,0,0,0,0,0,0,70000,70000,0,0
056836,國巨元富98購01  ,0,0,0,0,0,0,0,0,0,0,0,0,0,20000,20000,0,0
058406,聯茂元大99購06  ,0,0,0,0,0,0,0,0,0,0,0,0,0,68000,68000,0,0
057552,禾伸堂凱基98購05,0,0,0,0,0,0,0,0,0,0,0,0,0,10000,10000,0,0
05757P,旺宏永豐96售03  ,0,0,0,0,0,0,0,0,0,0,0,0,0,1000,1000,0,0
056712,京鼎永豐98購01  ,0,0,0,0,0,0,0,0,0,0,0,0,0,20000,20000,0,0
058412,聯發科兆豐99購01,0,0,0,0,0,0,0,0,0,0,0,0,0,800000,800000,0,0
059020,元油2X統一9B購02,0,0,0,0,0,0,0,0,0,0,0,0,0,10000,10000,0,0
058980,鴻海凱基99購06  ,0,0,0,0,0,0,0,0,0,0,0,0,0,4000,4000,0,0
058998,鴻海元大99購22  ,0,0,0,0,0,0,0,0,0,0,0,0,0,35000,35000,0,0
059429,台積電元大99購35,0,0,0,0,0,0,0,0,0,0,0,0,0,1000,1000,0,0
056600,聯茂元富98購01  ,0,0,0,0,0,0,0,0,0,0,0,0,0,20000,20000,0,0
06694P,臺股指凱基99售13,0,0,0,0,0,0,0,0,0,0,0,0,0,10000,10000,0,0
06670P,鴻海群益98售06  ,0,0,0,0,0,0,0,0,0,0,0,0,0,40000,40000,0,0
06875P,台灣50永昌9A售02,0,0,0,0,0,0,0,0,0,0,0,0,0,60000,60000,0,0
07020P,玉晶光台新99售02,0,0,0,0,0,0,0,0,0,0,0,0,0,1000000,1000000,0,0
06928P,鴻海元大99售10  ,0,0,0,0,0,0,0,0,0,0,0,0,0,38000,38000,0,0
06919P,臺股指日盛98售02,0,0,0,0,0,0,0,0,0,0,0,0,0,170000,170000,0,0
06950P,鴻海統一9B售02  ,0,0,0,0,0,0,0,0,0,0,0,0,0,522000,522000,0,0
06952P,大立光統一9A售03,0,0,0,0,0,0,0,0,0,0,0,0,0,20000,20000,0,0
07033P,大立光統一9B售03,0,0,0,0,0,0,0,0,0,0,0,0,0,5000,5000,0,0
07037P,台積電台新99售03,0,0,0,0,0,0,0,0,0,0,0,0,0,10000,10000,0,0
063150,聯發科元富05購03,0,0,0,0,0,0,0,0,0,0,0,0,0,6000,6000,0,0
063174,臺股指中信01購04,0,0,0,0,0,0,0,0,0,0,0,0,0,100000,100000,0,0
063286,嘉澤元大9B購04  ,0,0,0,0,0,0,0,0,0,0,0,0,0,68000,68000,0,0
063291,緯穎元大01購01  ,0,0,0,0,0,0,0,0,0,0,0,0,0,4000,4000,0,0
063273,緯穎兆豐9C購01  ,0,0,0,0,0,0,0,0,0,0,0,0,0,7000,7000,0,0
063277,大成鋼元大9B購03,0,0,0,0,0,0,0,0,0,0,0,0,0,88000,88000,0,0
063240,聯發科元大9B購17,0,0,0,0,0,0,0,0,0,0,0,0,0,1000,1000,0,0
063235,台積電元大9B購06,0,0,0,0,0,0,0,0,0,0,0,0,0,1000,1000,0,0
063236,旺宏元大9B購07  ,0,0,0,0,0,0,0,0,0,0,0,0,0,4000,4000,0,0
06427P,鴻海元大97售13  ,0,0,0,0,0,0,0,0,0,0,0,0,0,20000,20000,0,0
06361P,聯發科群益97售06,0,0,0,0,0,0,0,0,0,0,0,0,0,940000,940000,0,0
06364P,鴻海凱基97售08  ,0,0,0,0,0,0,0,0,0,0,0,0,0,10000,10000,0,0
06367P,台積電凱基97售14,0,0,0,0,0,0,0,0,0,0,0,0,0,300000,300000,0,0
063371,南亞科永豐9B購01,0,0,0,0,0,0,0,0,0,0,0,0,0,8000,8000,0,0
063308,緯穎凱基9B購05  ,0,0,0,0,0,0,0,0,0,0,0,0,0,4000,4000,0,0
063313,南亞科群益9B購02,0,0,0,0,0,0,0,0,0,0,0,0,0,6000,6000,0,0
063323,同欣電群益9B購03,0,0,0,0,0,0,0,0,0,0,0,0,0,5000,5000,0,0
063333,同欣電國票9C購01,0,0,0,0,0,0,0,0,0,0,0,0,0,1000,1000,0,0
063353,上銀元富9B購03  ,0,0,0,0,0,0,0,0,0,0,0,0,0,58000,58000,0,0
07547P,緯穎凱基9A售05  ,0,0,0,0,0,0,0,0,0,0,0,0,0,10000,10000,0,0
07457P,宏達電元大9A售01,0,0,0,0,0,0,0,0,0,0,0,0,0,28000,28000,0,0
07486P,上証2X國票9B售02,0,0,0,0,0,0,0,0,0,0,0,0,0,10000,10000,0,0
07639P,緯穎國票9A售01  ,0,0,0,0,0,0,0,0,0,0,0,0,0,170000,170000,0,0
07245P,台積電凱基99售16,0,0,0,0,0,0,0,0,0,0,0,0,0,2000,2000,0,0
07223P,鴻海元大99售29  ,0,0,0,0,0,0,0,0,0,0,0,0,0,25000,25000,0,0
07323P,鴻海元大99售34  ,0,0,0,0,0,0,0,0,0,0,0,0,0,29000,29000,0,0
07751P,世紀鋼凱基9A售02,30000,0,30000,0,0,0,0,0,0,-30000,0,0,0,0,30000,-30000,0
07768P,緯穎群益9A售02  ,0,0,0,0,0,0,0,0,0,0,0,0,0,5000,5000,0,0
07832P,台積電群益9A售08,0,0,0,0,0,0,0,0,0,0,0,0,0,6000,6000,0,0
07840P,康控元大9A售02  ,0,0,0,0,0,0,0,0,0,0,0,0,0,71000,71000,0,0
08065P,瑞昱凱基9B售03  ,0,0,0,0,0,0,0,0,0,0,0,0,0,40000,40000,0,0
07989P,玉晶光凱基9B售07,0,0,0,0,0,0,0,0,0,0,0,0,0,10000,10000,0,0
2419,仲琦            ,31000,31000,0,0,0,0,0,0,0,0,0,0,0,0,0,0,0
1583,程泰            ,10000,10000,0,0,0,0,0,0,0,0,0,0,0,0,0,0,0
08125P,聯茂群益9B售02  ,0,0,0,0,0,0,0,0,0,0,0,0,0,100000,100000,0,0
912000,晨訊科-DR       ,2000,2000,0,0,0,0,0,0,0,0,0,0,0,0,0,0,0
061447,鴻海中信04購02  ,0,0,0,0,0,0,0,0,0,-1000,0,0,0,1000,2000,-1000,-1000
061519,T50反1中信03購01,0,0,0,0,0,0,0,0,0,-1000,0,0,0,0,1000,-1000,-1000
061493,T50反1國票9B購04,0,0,0,0,0,0,0,0,0,-1000,0,0,0,0,1000,-1000,-1000
061390,大立光群益9A購04,0,0,0,0,0,0,0,0,0,-1000,0,0,0,0,1000,-1000,-1000
061310,華新科麥證9A購01,0,0,0,0,1000,-1000,0,0,0,-1000,0,0,0,0,1000,-1000,-1000
060679,聯詠元大9A購04  ,0,0,0,0,0,0,0,0,0,-1000,0,0,0,112000,113000,-1000,-1000
060654,大毅群益9B購01  ,0,0,0,0,0,0,0,0,0,-1000,0,0,0,168000,169000,-1000,-1000
060643,牧德永豐9A購03  ,0,0,0,0,0,0,0,0,0,-1000,0,0,0,0,1000,-1000,-1000
06062P,宏達電元富97售01,0,0,0,0,0,0,0,0,0,-1000,0,0,0,0,1000,-1000,-1000
060906,旺宏元大9A購07  ,0,0,0,0,0,0,0,0,0,-1000,0,0,0,0,1000,-1000,-1000
063008,華通元大9B購06  ,0,0,0,0,0,0,0,0,0,-1000,0,0,0,1000,2000,-1000,-1000
062523,世紀鋼元大9C購03,0,0,0,0,0,0,0,0,0,-1000,0,0,0,100000,101000,-1000,-1000
06257P,臺股指群益97售10,0,0,0,0,0,0,0,0,0,-1000,0,0,0,0,1000,-1000,-1000
062598,華通台新9B購02  ,0,0,0,0,0,0,0,0,0,-1000,0,0,0,16000,17000,-1000,-1000
062625,華通國票9B購02  ,0,0,0,0,0,0,0,0,0,-1000,0,0,0,26000,27000,-1000,-1000
062759,旺宏凱基9B購07  ,0,0,0,0,0,0,0,0,0,-1000,0,0,0,12000,13000,-1000,-1000
062332,大立光統一9B購11,0,0,0,0,0,0,0,0,0,-1000,0,0,0,0,1000,-1000,-1000
062223,大立光統一9C購04,0,0,0,0,0,0,0,0,0,-1000,0,0,0,0,1000,-1000,-1000
06184P,大立光元大97售06,0,0,0,0,0,0,0,0,0,-1000,0,0,0,0,1000,-1000,-1000
055759,技嘉群益98購02  ,0,0,0,0,0,0,0,0,0,-1000,0,0,0,0,1000,-1000,-1000
055762,智伸科群益97購01,0,0,0,0,0,0,0,0,0,-1000,0,0,0,2000,3000,-1000,-1000
056219,T50反1日盛02購01,0,0,0,0,0,0,0,0,0,-1000,0,0,0,0,1000,-1000,-1000
055885,大成鋼統一97購02,0,0,0,0,0,0,0,0,0,-1000,0,0,0,0,1000,-1000,-1000
054420,緯穎元大96購08  ,0,0,0,0,0,0,0,0,0,-1000,0,0,0,92000,93000,-1000,-1000
056176,創意元富97購01  ,0,0,0,0,0,0,0,0,0,-1000,0,0,0,0,1000,-1000,-1000
056421,鴻海統一98購08  ,0,0,0,0,0,0,0,0,0,-1000,0,0,0,20000,21000,-1000,-1000
058803,世紀鋼元大99購03,0,0,0,0,0,0,0,0,0,-1000,0,0,0,40000,41000,-1000,-1000
058885,元石油元大9C購02,0,0,0,0,0,0,0,0,0,-1000,0,0,0,0,1000,-1000,-1000
058897,國巨元大99購17  ,0,0,0,0,0,0,0,0,0,-1000,0,0,0,0,1000,-1000,-1000
054623,華新科第一97購01,0,0,0,0,0,0,0,0,0,-1000,0,0,0,0,1000,-1000,-1000
05489P,臺股指凱基95售22,0,0,0,0,0,0,0,0,0,-1000,0,0,0,0,1000,-1000,-1000
055904,貿聯亞東99購01  ,0,0,0,0,0,0,0,0,0,-1000,0,0,0,0,1000,-1000,-1000
055342,鴻海凱基97購04  ,0,0,0,0,0,0,0,0,0,-1000,0,0,0,0,1000,-1000,-1000
055989,矽力元富9A購01  ,0,0,0,0,0,0,0,0,0,-1000,0,0,0,12000,13000,-1000,-1000
054558,劍麟群益99購01  ,0,0,0,0,0,0,0,0,0,-1000,0,0,0,0,1000,-1000,-1000
055420,欣興永豐98購01  ,0,0,0,0,0,0,0,0,0,-1000,0,0,0,0,1000,-1000,-1000
056520,鴻海日盛99購01  ,0,0,0,0,0,0,0,0,0,-1000,0,0,0,0,1000,-1000,-1000
055474,欣興凱基97購05  ,0,0,0,0,0,0,0,0,0,-1000,0,0,0,0,1000,-1000,-1000
055593,華新科元大97購10,0,0,0,0,0,0,0,0,0,-1000,0,0,0,0,1000,-1000,-1000
05559P,臺股指麥證96售01,0,0,0,0,1000,-1000,0,0,0,-1000,0,0,0,0,1000,-1000,-1000
052694,開發金中信98購01,0,0,0,0,0,0,0,0,0,-1000,0,0,0,0,1000,-1000,-1000
053193,超眾統一97購01  ,0,0,0,0,0,0,0,0,0,-1000,0,0,0,0,1000,-1000,-1000
05361P,聯發科富邦97售01,0,0,0,0,0,0,0,0,0,-1000,0,0,0,68000,69000,-1000,-1000
049973,T50反1日盛9A購01,0,0,0,0,0,0,0,0,0,-1000,0,0,0,0,1000,-1000,-1000
046949,群創元大99購01  ,0,0,0,0,0,0,0,0,0,-1000,0,0,0,0,1000,-1000,-1000
039212,台達電台新9A購01,0,0,0,0,0,0,0,0,0,-1000,0,0,0,0,1000,-1000,-1000
053945,國巨富邦98購02  ,0,0,0,0,0,0,0,0,0,-1000,0,0,0,0,1000,-1000,-1000
03428B,臺股指凱基97熊18,0,0,0,0,0,0,0,0,0,-1000,0,0,0,0,1000,-1000,-1000
00661,元大日經225     ,0,0,0,0,0,0,0,0,0,-1000,0,0,0,2000,3000,-1000,-1000
057600,大立光群益99購03,0,0,0,0,0,0,0,0,0,-1000,0,0,0,0,1000,-1000,-1000
058382,S&P500中信99購01,0,0,0,0,0,0,0,0,0,-1000,0,0,0,0,1000,-1000,-1000
058360,台光電凱基9A購02,0,0,0,0,0,0,0,0,0,-1000,0,0,0,24000,25000,-1000,-1000
056796,國巨麥證98購02  ,0,0,0,30000,31000,-1000,0,0,0,-1000,0,0,0,30000,31000,-1000,-1000
059125,台積電第一03購02,0,0,0,0,0,0,0,0,0,-1000,0,0,0,2000,3000,-1000,-1000
05850P,台積電兆豐96售06,0,0,0,0,0,0,0,0,0,-1000,0,0,0,30000,31000,-1000,-1000
059555,台灣50凱基9A購06,0,0,0,0,0,0,0,0,0,-1000,0,0,0,0,1000,-1000,-1000
058723,元石油國泰9A購01,0,0,0,0,0,0,0,0,0,-1000,0,0,0,0,1000,-1000,-1000
059287,華通元富99購03  ,0,0,0,0,0,0,0,0,0,-1000,0,0,0,42000,43000,-1000,-1000
059531,華新科凱基9B購02,0,0,0,0,0,0,0,0,0,-1000,0,0,0,4000,5000,-1000,-1000
056856,華通群益9A購01  ,0,0,0,0,0,0,0,0,0,-1000,0,0,0,32000,33000,-1000,-1000
058573,鴻海群益9A購02  ,0,0,0,0,0,0,0,0,0,-1000,0,0,0,14000,15000,-1000,-1000
060012,電子類群益99購02,0,0,0,0,0,0,0,0,0,-1000,0,0,0,1000,2000,-1000,-1000
060014,中鋼康和99購01  ,0,0,0,0,0,0,0,0,0,-1000,0,0,0,8000,9000,-1000,-1000
057078,國巨統一9A購02  ,0,0,0,0,0,0,0,0,0,-1000,0,0,0,10000,11000,-1000,-1000
057090,奇力新元富98購02,0,0,0,0,0,0,0,0,0,-1000,0,0,0,0,1000,-1000,-1000
060188,華新科元富9A購03,0,0,0,0,0,0,0,0,0,-1000,0,0,0,9000,10000,-1000,-1000
060065,大立光兆豐9B購01,0,0,0,0,0,0,0,0,0,-1000,0,0,0,3000,4000,-1000,-1000
060342,台積電統一02購01,0,0,0,0,0,0,0,0,0,-1000,0,0,0,0,1000,-1000,-1000
060263,臺指反國票9C購01,0,0,0,0,0,0,0,0,0,-1000,0,0,0,0,1000,-1000,-1000
060247,牧德元大9A購02  ,0,0,0,0,0,0,0,0,0,-1000,0,0,0,0,1000,-1000,-1000
05813P,臺股指國票96售06,0,0,0,0,0,0,0,0,0,-1000,0,0,0,0,1000,-1000,-1000
058668,元油2X群益9B購04,0,0,0,0,0,0,0,0,0,-1000,0,0,0,0,1000,-1000,-1000
058625,旺宏國票9A購01  ,0,0,0,0,0,0,0,0,0,-1000,0,0,0,9000,10000,-1000,-1000
058601,台積電元大99購10,0,0,0,0,0,0,0,0,0,-1000,0,0,0,3000,4000,-1000,-1000
057168,旺宏元大99購03  ,0,0,0,0,0,0,0,0,0,-1000,0,0,0,2000,3000,-1000,-1000
057378,康友元大98購02  ,0,0,0,0,0,0,0,0,0,-1000,0,0,0,0,1000,-1000,-1000
912398,友佳-DR         ,5000,6000,-1000,0,0,0,0,0,0,0,0,0,0,0,0,0,-1000
911868,同方友友-DR     ,0,1000,-1000,0,0,0,0,0,0,0,0,0,0,0,0,0,-1000
3094,聯傑            ,8000,9000,-1000,0,0,0,0,0,0,0,0,0,0,0,0,0,-1000
08112P,臺股指中信01售07,0,0,0,0,0,0,0,0,0,-1000,0,0,0,0,1000,-1000,-1000
1516,川飛            ,1000,4000,-3000,0,0,0,0,0,0,2000,2000,0,2000,0,0,0,-1000
3046,建碁            ,3000,4000,-1000,0,0,0,0,0,0,0,0,0,0,0,0,0,-1000
3031,佰鴻            ,18000,20000,-2000,0,0,0,0,0,0,1000,1000,0,1000,0,0,0,-1000
2881A,富邦特          ,0,1000,-1000,0,0,0,0,0,0,0,0,0,0,0,0,0,-1000
08081P,台灣50元大9B售20,0,0,0,0,0,0,0,0,0,-1000,0,0,0,0,1000,-1000,-1000
08038P,臺股指群益9B售11,0,0,0,0,0,0,0,0,0,-1000,0,0,0,0,1000,-1000,-1000
07846P,台灣50群益9A售17,0,0,0,0,0,0,0,0,0,-1000,0,0,0,0,1000,-1000,-1000
07811P,華新科統一9A售02,0,0,0,0,0,0,0,0,0,-1000,0,0,0,20000,21000,-1000,-1000
07759P,臺股指富邦9A售04,0,0,0,0,0,0,0,0,0,-1000,0,0,0,0,1000,-1000,-1000
07415P,台積電元大99售52,0,0,0,0,0,0,0,0,0,-1000,0,0,0,2000,3000,-1000,-1000
07359P,台積電元大99售45,0,0,0,0,0,0,0,0,0,-1000,0,0,0,0,1000,-1000,-1000
07367P,鴻海凱基99售17  ,0,0,0,0,0,0,0,0,0,-1000,0,0,0,0,1000,-1000,-1000
07382P,台積電群益9B售01,0,0,0,0,0,0,0,0,0,-1000,0,0,0,0,1000,-1000,-1000
07190P,臺股指富邦9C售02,0,0,0,0,0,0,0,0,0,-1000,0,0,0,16000,17000,-1000,-1000
07284P,大立光凱基99售10,0,0,0,0,0,0,0,0,0,-1000,0,0,0,10000,11000,-1000,-1000
07583P,台積電富邦9B售05,0,0,0,0,0,0,0,0,0,-1000,0,0,0,0,1000,-1000,-1000
063366,台表科富邦9C購02,0,0,0,0,0,0,0,0,0,-1000,0,0,0,0,1000,-1000,-1000
063369,聚陽永豐9B購01  ,0,0,0,0,0,0,0,0,0,-1000,0,0,0,0,1000,-1000,-1000
063379,帆宣永豐9B購01  ,0,0,0,0,0,0,0,0,0,-1000,0,0,0,0,1000,-1000,-1000
06419P,國巨統一97售09  ,0,0,0,0,0,0,0,0,0,-1000,0,0,0,1000,2000,-1000,-1000
06527P,T50正2富邦9C售01,0,0,0,0,0,0,0,0,0,-1000,0,0,0,0,1000,-1000,-1000
063246,嘉晶元大9C購01  ,0,0,0,0,0,0,0,0,0,-1000,0,0,0,36000,37000,-1000,-1000
063135,國巨統一9B購16  ,0,0,0,0,0,0,0,0,0,-1000,0,0,0,2000,3000,-1000,-1000
07056P,臺股指麥證99售02,0,0,0,2000,3000,-1000,0,0,0,-1000,0,0,0,2000,3000,-1000,-1000
07084P,S&P正2元富9B售02,0,0,0,0,0,0,0,0,0,-1000,0,0,0,0,1000,-1000,-1000
07094P,華通國票9A售03  ,0,0,0,0,0,0,0,0,0,-1000,0,0,0,10000,11000,-1000,-1000
07131P,緯穎元大99售06  ,0,0,0,0,0,0,0,0,0,-1000,0,0,0,0,1000,-1000,-1000
07150P,和碩元大99售01  ,0,0,0,0,0,0,0,0,0,-1000,0,0,0,0,1000,-1000,-1000
06972P,聯發科元大99售04,0,0,0,0,0,0,0,0,0,-1000,0,0,0,0,1000,-1000,-1000
06868P,電子類元大99售01,0,0,0,0,0,0,0,0,0,-1000,0,0,0,0,1000,-1000,-1000
06711P,臺股指台新99售08,0,0,0,0,0,0,0,0,0,-1000,0,0,0,0,1000,-1000,-1000
061897,泰碩永豐9B購01  ,0,0,0,0,0,0,0,0,0,-2000,0,0,0,0,2000,-2000,-2000
062069,喬山元大9B購01  ,0,0,0,0,0,0,0,0,0,-2000,0,0,0,498000,500000,-2000,-2000
062013,奇鋐富邦9B購01  ,0,0,0,0,0,0,0,0,0,-2000,0,0,0,10000,12000,-2000,-2000
062626,台積電國票9C購04,0,0,0,0,0,0,0,0,0,-2000,0,0,0,6000,8000,-2000,-2000
062669,微星中信03購01  ,0,0,0,0,0,0,0,0,0,-2000,0,0,0,113000,115000,-2000,-2000
062674,百和中信03購01  ,0,0,0,0,0,0,0,0,0,-2000,0,0,0,55000,57000,-2000,-2000
06306P,臺股指元大97售12,0,0,0,0,0,0,0,0,0,-2000,0,0,0,0,2000,-2000,-2000
060767,世紀鋼元大9A購02,0,0,0,0,0,0,0,0,0,-2000,0,0,0,20000,22000,-2000,-2000
060805,國巨群益9A購06  ,0,0,0,0,0,0,0,0,0,-2000,0,0,0,0,2000,-2000,-2000
06058P,玉晶光凱基97售04,0,0,0,0,0,0,0,0,0,-2000,0,0,0,4000,6000,-2000,-2000
060719,瀚宇博永豐9A購01,0,0,0,0,0,0,0,0,0,-2000,0,0,0,2000,4000,-2000,-2000
061288,大立光統一9C購01,0,0,0,0,0,0,0,0,0,-2000,0,0,0,0,2000,-2000,-2000
06133P,帆宣元富97售02  ,0,0,0,0,0,0,0,0,0,-2000,0,0,0,0,2000,-2000,-2000
061264,全新凱基9B購01  ,0,0,0,0,0,0,0,0,0,-2000,0,0,0,0,2000,-2000,-2000
061143,道瓊指中信9C購04,0,0,0,0,0,0,0,0,0,-2000,0,0,0,0,2000,-2000,-2000
061146,台表科中信9A購02,0,0,0,0,0,0,0,0,0,-2000,0,0,0,51000,53000,-2000,-2000
061497,大立光國票9A購09,0,0,0,0,0,0,0,0,0,-2000,0,0,0,12000,14000,-2000,-2000
061766,華新科元大9B購02,0,0,0,0,0,0,0,0,0,-2000,0,0,0,10000,12000,-2000,-2000
061739,奇力新凱基9C購01,0,0,0,0,0,0,0,0,0,-2000,0,0,0,0,2000,-2000,-2000
061760,臺指反元大01購06,0,0,0,0,0,0,0,0,0,-2000,0,0,0,0,2000,-2000,-2000
061743,祥碩凱基9B購02  ,0,0,0,0,0,0,0,0,0,-2000,0,0,0,151000,153000,-2000,-2000
01002T,土銀國泰R1      ,0,2000,-2000,0,0,0,0,0,0,0,0,0,0,0,0,0,-2000
00683L,元大美元指數正2 ,0,0,0,0,0,0,0,0,0,-2000,0,0,0,0,2000,-2000,-2000
03007X,元展07          ,0,0,0,0,0,0,0,0,0,-2000,0,0,0,0,2000,-2000,-2000
03430B,臺股指元大9B熊01,0,0,0,0,0,0,0,0,0,-2000,0,0,0,0,2000,-2000,-2000
051266,國巨富邦99購01  ,0,0,0,0,0,0,0,0,0,-2000,0,0,0,0,2000,-2000,-2000
050854,世紀鋼國票97購01,0,0,0,0,0,0,0,0,0,-2000,0,0,0,0,2000,-2000,-2000
05088P,大立光富邦99售01,0,0,0,0,0,0,0,0,0,-2000,0,0,0,0,2000,-2000,-2000
053924,京鼎國票97購01  ,0,0,0,0,0,0,0,0,0,-2000,0,0,0,67000,69000,-2000,-2000
051422,超眾國票96購01  ,0,0,0,0,0,0,0,0,0,-2000,0,0,0,0,2000,-2000,-2000
042168,台灣50凱基96購01,0,0,0,0,0,0,0,0,0,-2000,0,0,0,8000,10000,-2000,-2000
053557,聯茂凱基96購04  ,0,0,0,0,0,0,0,0,0,-2000,0,0,0,0,2000,-2000,-2000
052689,玉晶光元大98購03,0,0,0,0,0,0,0,0,0,-2000,0,0,0,0,2000,-2000,-2000
052790,智邦兆豐97購01  ,0,0,0,0,0,0,0,0,0,-2000,0,0,0,0,2000,-2000,-2000
055489,瑞昱元大97購02  ,0,0,0,0,0,0,0,0,0,-2000,0,0,0,0,2000,-2000,-2000
054506,矽格永豐96購01  ,0,0,0,0,0,0,0,0,0,-2000,0,0,0,13000,15000,-2000,-2000
055952,上銀元大97購08  ,0,0,0,0,0,0,0,0,0,-2000,0,0,0,0,2000,-2000,-2000
054938,國巨元大97購04  ,0,0,0,0,0,0,0,0,0,-2000,0,0,0,8000,10000,-2000,-2000
055929,聯發科群益97購05,0,0,0,0,0,0,0,0,0,-2000,0,0,0,26000,28000,-2000,-2000
058348,台表科群益99購01,0,0,0,0,0,0,0,0,0,-2000,0,0,0,9000,11000,-2000,-2000
058914,元油2X元富01購02,0,0,0,0,0,0,0,0,0,-2000,0,0,0,0,2000,-2000,-2000
058844,元油2X群益9C購03,0,0,0,0,0,0,0,0,0,-2000,0,0,0,0,2000,-2000,-2000
05638P,國巨統一96售04  ,0,0,0,0,0,0,0,0,0,-2000,0,0,0,0,2000,-2000,-2000
056223,華邦電凱基97購04,0,0,0,0,0,0,0,0,0,-2000,0,0,0,0,2000,-2000,-2000
055705,微星永豐97購01  ,0,0,0,0,0,0,0,0,0,-2000,0,0,0,0,2000,-2000,-2000
05787P,臺股指永昌96售04,0,0,0,0,0,0,0,0,0,-2000,0,0,0,0,2000,-2000,-2000
058686,祥碩凱基99購03  ,0,0,0,0,0,0,0,0,0,-2000,0,0,0,0,2000,-2000,-2000
058286,道瓊指國票9B購01,0,0,0,0,0,0,0,0,0,-2000,0,0,0,0,2000,-2000,-2000
058226,世芯元富99購01  ,0,0,0,0,0,0,0,0,0,-2000,0,0,0,0,2000,-2000,-2000
060071,國巨元富99購03  ,0,0,0,0,0,0,0,0,0,-2000,0,0,0,4000,6000,-2000,-2000
059990,健策元大9A購01  ,0,0,0,0,0,0,0,0,0,-2000,0,0,0,35000,37000,-2000,-2000
059996,美律元富99購01  ,0,0,0,0,0,0,0,0,0,-2000,0,0,0,147000,149000,-2000,-2000
057957,嘉晶元大98購01  ,0,0,0,0,0,0,0,0,0,-2000,0,0,0,12000,14000,-2000,-2000
058561,T50反1凱基9A購05,0,0,0,0,0,0,0,0,0,-2000,0,0,0,0,2000,-2000,-2000
059906,臺指反元大9C購04,0,0,0,0,0,0,0,0,0,-2000,0,0,0,0,2000,-2000,-2000
056927,T50反1台新02購01,0,0,0,0,0,0,0,0,0,-2000,0,0,0,0,2000,-2000,-2000
057772,台積電群益99購01,0,0,0,0,0,0,0,0,0,-2000,0,0,0,0,2000,-2000,-2000
059481,華新科群益99購05,0,0,0,0,0,0,0,0,0,-2000,0,0,0,0,2000,-2000,-2000
059610,上銀永豐99購02  ,0,0,0,0,0,0,0,0,0,-2000,0,0,0,0,2000,-2000,-2000
059283,康友永豐99購02  ,0,0,0,0,0,0,0,0,0,-2000,0,0,0,66000,68000,-2000,-2000
059305,台灣50元大99購02,0,0,0,0,0,0,0,0,0,-2000,0,0,0,0,2000,-2000,-2000
059635,華新科凱基9A購06,0,0,0,0,0,0,0,0,0,-2000,0,0,0,3000,5000,-2000,-2000
057631,康控永豐98購02  ,0,0,0,0,0,0,0,0,0,-2000,0,0,0,0,2000,-2000,-2000
057680,臺股指元大98購10,0,0,0,0,0,0,0,0,0,-2000,0,0,0,0,2000,-2000,-2000
058397,大成鋼元大99購02,0,0,0,0,0,0,0,0,0,-2000,0,0,0,211000,213000,-2000,-2000
058434,旺宏統一9B購01  ,0,0,0,0,0,0,0,0,0,-2000,0,0,0,0,2000,-2000,-2000
056669,貿聯國票99購01  ,0,0,0,0,0,0,0,0,0,-2000,0,0,0,22000,24000,-2000,-2000
05899P,臺股指凱基96售30,0,0,0,0,0,0,0,0,0,-2000,0,0,0,0,2000,-2000,-2000
058970,鴻海永豐99購02  ,0,0,0,0,0,0,0,0,0,-2000,0,0,0,1000,3000,-2000,-2000
06718P,聯詠元大98售01  ,0,0,0,0,0,0,0,0,0,-2000,0,0,0,0,2000,-2000,-2000
06688P,鴻海中信02售01  ,0,0,0,0,0,0,0,0,0,-2000,0,0,0,0,2000,-2000,-2000
06851P,鈺齊元大98售01  ,0,0,0,0,0,0,0,0,0,-2000,0,0,0,100000,102000,-2000,-2000
06838P,台積電統一99售05,0,0,0,0,0,0,0,0,0,-2000,0,0,0,0,2000,-2000,-2000
06836P,玉晶光國票99售06,0,0,0,0,0,0,0,0,0,-2000,0,0,0,135000,137000,-2000,-2000
06753P,智邦富邦98售03  ,0,0,0,0,0,0,0,0,0,-2000,0,0,0,0,2000,-2000,-2000
07142P,台灣50元大01售01,0,0,0,0,0,0,0,0,0,-2000,0,0,0,0,2000,-2000,-2000
06322P,超眾統一97售04  ,0,0,0,0,0,0,0,0,0,-2000,0,0,0,0,2000,-2000,-2000
06501P,臺股指元大9A售06,0,0,0,0,0,0,0,0,0,-2000,0,0,0,0,2000,-2000,-2000
06481P,台積電凱基98售12,0,0,0,0,0,0,0,0,0,-2000,0,0,0,0,2000,-2000,-2000
06368P,台積電凱基97售15,0,0,0,0,0,0,0,0,0,-2000,0,0,0,0,2000,-2000,-2000
063337,國巨統一02購02  ,0,0,0,0,0,0,0,0,0,-2000,0,0,0,0,2000,-2000,-2000
063305,亞光凱基9B購01  ,0,0,0,0,0,0,0,0,0,-2000,0,0,0,0,2000,-2000,-2000
063307,同欣電凱基9B購02,0,0,0,0,0,0,0,0,0,-2000,0,0,0,3000,5000,-2000,-2000
07642P,華通凱基9A售05  ,0,0,0,0,0,0,0,0,0,-2000,0,0,0,0,2000,-2000,-2000
07537P,玉晶光元富9A售04,0,0,0,0,0,0,0,0,0,-2000,0,0,0,5000,7000,-2000,-2000
07519P,臺股指元大9B售10,0,0,0,0,0,0,0,0,0,-2000,0,0,0,0,2000,-2000,-2000
07194P,聯發科元大99售25,0,0,0,0,0,0,0,0,0,-2000,0,0,0,0,2000,-2000,-2000
07429P,臺股指國票9A售01,0,0,0,0,0,0,0,0,0,-2000,0,0,0,0,2000,-2000,-2000
07344P,鴻海富邦9A售03  ,0,0,0,0,0,0,0,0,0,-2000,0,0,0,14000,16000,-2000,-2000
07801P,上銀永豐9A售02  ,0,0,0,0,0,0,0,0,0,-2000,0,0,0,0,2000,-2000,-2000
1436,華友聯          ,7000,9000,-2000,0,0,0,0,0,0,0,0,0,0,0,0,0,-2000
08121P,聯發科國票9B售05,0,0,0,0,0,0,0,0,0,-2000,0,0,0,0,2000,-2000,-2000
1231,聯華食          ,27000,29000,-2000,0,0,0,0,0,0,0,0,0,0,0,0,0,-2000
1707,葡萄王          ,62000,63000,-1000,0,0,0,0,5000,-5000,4000,0,0,0,5000,1000,4000,-2000
6243,迅杰            ,5000,7000,-2000,0,0,0,0,0,0,0,0,0,0,0,0,0,-2000
6666,羅麗芬-KY       ,2000,4000,-2000,0,0,0,0,0,0,0,0,0,0,0,0,0,-2000
061690,旺宏群益9A購05  ,0,0,0,0,0,0,0,0,0,-3000,0,0,0,0,3000,-3000,-3000
06110P,國巨國泰98售02  ,0,0,0,0,0,0,0,0,0,-3000,0,0,0,0,3000,-3000,-3000
061263,微星凱基9A購01  ,0,0,0,0,0,0,0,0,0,-3000,0,0,0,0,3000,-3000,-3000
060620,玉晶光元大9A購04,0,0,0,0,0,0,0,0,0,-3000,0,0,0,0,3000,-3000,-3000
060394,欣興麥證9A購01  ,0,0,0,50000,53000,-3000,0,0,0,-3000,0,0,0,50000,53000,-3000,-3000
060845,欣興國票9A購01  ,0,0,0,0,0,0,0,0,0,-3000,0,0,0,25000,28000,-3000,-3000
063023,華擎元大9B購02  ,0,0,0,0,0,0,0,0,0,-3000,0,0,0,13000,16000,-3000,-3000
06277P,臺股指凱基97售09,0,0,0,0,0,0,0,0,0,-3000,0,0,0,16000,19000,-3000,-3000
062739,嘉晶國票9B購02  ,0,0,0,0,0,0,0,0,0,-3000,0,0,0,47000,50000,-3000,-3000
062709,帆宣元大9B購01  ,0,0,0,0,0,0,0,0,0,-3000,0,0,0,230000,233000,-3000,-3000
062446,聯詠元大9B購02  ,0,0,0,0,0,0,0,0,0,-3000,0,0,0,169000,172000,-3000,-3000
062047,緯穎凱基9B購01  ,0,0,0,0,0,0,0,0,0,-3000,0,0,0,3000,6000,-3000,-3000
061868,旺宏元大9B購03  ,0,0,0,0,0,0,0,0,0,-3000,0,0,0,50000,53000,-3000,-3000
062120,國巨台新9B購01  ,0,0,0,0,0,0,0,0,0,-3000,0,0,0,0,3000,-3000,-3000
062155,國巨凱基9C購03  ,0,0,0,0,0,0,0,0,0,-3000,0,0,0,0,3000,-3000,-3000
062298,國巨第一9B購01  ,0,0,0,0,0,0,0,0,0,-3000,0,0,0,0,3000,-3000,-3000
056120,聯茂群益97購02  ,0,0,0,0,0,0,0,0,0,-3000,0,0,0,0,3000,-3000,-3000
056264,聯發科統一98購02,0,0,0,0,0,0,0,0,0,-3000,0,0,0,3000,6000,-3000,-3000
055645,技嘉元富97購01  ,0,0,0,0,0,0,0,0,0,-3000,0,0,0,2000,5000,-3000,-3000
059169,可成凱基99購04  ,0,0,0,0,0,0,0,0,0,-3000,0,0,0,89000,92000,-3000,-3000
055408,力成國泰98購01  ,0,0,0,0,0,0,0,0,0,-3000,0,0,0,0,3000,-3000,-3000
055446,奇力新統一9A購01,0,0,0,0,0,0,0,0,0,-3000,0,0,0,0,3000,-3000,-3000
052581,訊芯元富98購01  ,0,0,0,0,0,0,0,0,0,-3000,0,0,0,13000,16000,-3000,-3000
053088,奇鋐元大98購01  ,0,0,0,0,0,0,0,0,0,-3000,0,0,0,0,3000,-3000,-3000
048652,巨大元大96購01  ,0,0,0,0,0,0,0,0,0,-3000,0,0,0,0,3000,-3000,-3000
051101,台表科元大96購02,0,0,0,0,0,0,0,0,0,-3000,0,0,0,0,3000,-3000,-3000
05134P,鴻海凱基96售06  ,0,0,0,0,0,0,0,0,0,-3000,0,0,0,0,3000,-3000,-3000
03022X,富展01          ,0,0,0,0,0,0,0,0,0,-3000,0,0,0,0,3000,-3000,-3000
03033X,元展30          ,0,0,0,0,0,0,0,0,0,-3000,0,0,0,0,3000,-3000,-3000
006204,永豐臺灣加權    ,0,0,0,0,0,0,0,0,0,-3000,0,0,0,20000,23000,-3000,-3000
056739,美律凱基98購04  ,0,0,0,0,0,0,0,0,0,-3000,0,0,0,22000,25000,-3000,-3000
058742,鴻海康和99購01  ,0,0,0,0,0,0,0,0,0,-3000,0,0,0,1000,4000,-3000,-3000
058717,南電台新99購02  ,0,0,0,0,0,0,0,0,0,-3000,0,0,0,2000,5000,-3000,-3000
059634,可成凱基99購07  ,0,0,0,0,0,0,0,0,0,-3000,0,0,0,100000,103000,-3000,-3000
059374,A50正2群益01購01,0,0,0,0,0,0,0,0,0,-3000,0,0,0,0,3000,-3000,-3000
056880,緯穎國票98購02  ,0,0,0,0,0,0,0,0,0,-3000,0,0,0,0,3000,-3000,-3000
057252,牧德元富98購01  ,0,0,0,0,0,0,0,0,0,-3000,0,0,0,7000,10000,-3000,-3000
057949,南電國票99購01  ,0,0,0,0,0,0,0,0,0,-3000,0,0,0,86000,89000,-3000,-3000
057930,旺宏群益99購04  ,0,0,0,0,0,0,0,0,0,-3000,0,0,0,27000,30000,-3000,-3000
057083,立積統一98購01  ,0,0,0,0,0,0,0,0,0,-3000,0,0,0,0,3000,-3000,-3000
060039,大立光國票99購04,0,0,0,0,0,0,0,0,0,-3000,0,0,0,13000,16000,-3000,-3000
060272,台灣50元大9C購25,0,0,0,0,0,0,0,0,0,-3000,0,0,0,0,3000,-3000,-3000
058304,鴻海元大99購12  ,0,0,0,0,0,0,0,0,0,-3000,0,0,0,0,3000,-3000,-3000
05862P,大立光國泰98售01,0,0,0,0,0,0,0,0,0,-3000,0,0,0,500000,503000,-3000,-3000
05786P,臺股指永昌96售03,0,0,0,0,0,0,0,0,0,-3000,0,0,0,0,3000,-3000,-3000
057848,台表科永豐98購02,0,0,0,0,0,0,0,0,0,-3000,0,0,0,40000,43000,-3000,-3000
057508,康控國票99購03  ,0,0,0,0,0,0,0,0,0,-3000,0,0,0,0,3000,-3000,-3000
9136,巨騰-DR         ,21000,24000,-3000,0,0,0,0,0,0,0,0,0,0,0,0,0,-3000
9908,大台北          ,58000,61000,-3000,0,0,0,0,0,0,0,0,0,0,0,0,0,-3000
9955,佳龍            ,18000,21000,-3000,0,0,0,0,0,0,0,0,0,0,0,0,0,-3000
4557,永新-KY         ,2000,5000,-3000,0,0,0,0,0,0,0,0,0,0,0,0,0,-3000
2109,華豐            ,28000,31000,-3000,0,0,0,0,0,0,0,0,0,0,0,0,0,-3000
08115P,聯發科凱基9B售13,0,0,0,0,0,0,0,0,0,-3000,0,0,0,0,3000,-3000,-3000
1435,中福            ,10000,13000,-3000,0,0,0,0,0,0,0,0,0,0,0,0,0,-3000
07818P,台積電國票9C售01,0,0,0,0,0,0,0,0,0,-3000,0,0,0,0,3000,-3000,-3000
07864P,可成元大9B售01  ,0,0,0,0,0,0,0,0,0,-3000,0,0,0,2000,5000,-3000,-3000
07859P,台灣50麥證9A售04,0,0,0,0,3000,-3000,0,0,0,-3000,0,0,0,0,3000,-3000,-3000
07740P,臺股指永豐9A售01,0,0,0,0,0,0,0,0,0,-3000,0,0,0,0,3000,-3000,-3000
07741P,滬深2X凱基9B售04,0,0,0,0,0,0,0,0,0,-3000,0,0,0,0,3000,-3000,-3000
08071P,臺股指富邦9B售04,0,0,0,0,0,0,0,0,0,-3000,0,0,0,1000,4000,-3000,-3000
07987P,大立光統一9B售13,0,0,0,0,0,0,0,0,0,-3000,0,0,0,2000,5000,-3000,-3000
07951P,智邦元大9B售05  ,0,0,0,0,0,0,0,0,0,-3000,0,0,0,82000,85000,-3000,-3000
07925P,台積電凱基9B售05,0,0,0,0,0,0,0,0,0,-3000,0,0,0,0,3000,-3000,-3000
07335P,臺股指國票99售20,0,0,0,0,0,0,0,0,0,-3000,0,0,0,0,3000,-3000,-3000
07226P,貿聯富邦9B售01  ,0,0,0,0,0,0,0,0,0,-3000,0,0,0,0,3000,-3000,-3000
07215P,大立光凱基99售07,0,0,0,0,0,0,0,0,0,-3000,0,0,0,2000,5000,-3000,-3000
07435P,台積電富邦9C售07,0,0,0,0,0,0,0,0,0,-3000,0,0,0,0,3000,-3000,-3000
063318,京鼎群益9C購02  ,0,0,0,0,0,0,0,0,0,-3000,0,0,0,14000,17000,-3000,-3000
063368,遠東新永豐9B購01,0,0,0,0,0,0,0,0,0,-3000,0,0,0,0,3000,-3000,-3000
063233,國巨元大9B購19  ,0,0,0,0,0,0,0,0,0,-3000,0,0,0,27000,30000,-3000,-3000
063225,茂林群益9B購04  ,0,0,0,0,0,0,0,0,0,-3000,0,0,0,97000,100000,-3000,-3000
063167,同欣電永豐9B購03,0,0,0,0,0,0,0,0,0,-3000,0,0,0,13000,16000,-3000,-3000
07104P,聯發科元富99售04,0,0,0,0,0,0,0,0,0,-3000,0,0,0,0,3000,-3000,-3000
06965P,台積電台新99售02,0,0,0,0,0,0,0,0,0,-3000,0,0,0,20000,23000,-3000,-3000
06921P,台光電凱基98售06,0,0,0,0,0,0,0,0,0,-3000,0,0,0,0,3000,-3000,-3000
06762P,智邦元大98售11  ,0,0,0,0,0,0,0,0,0,-3000,0,0,0,0,3000,-3000,-3000
06794P,臺股指凱基98售04,0,0,0,0,0,0,0,0,0,-3000,0,0,0,0,3000,-3000,-3000
062288,南六群益9B購01  ,0,0,0,0,0,0,0,0,0,-4000,0,0,0,20000,24000,-4000,-4000
062312,大立光凱基9B購03,0,0,0,0,0,0,0,0,0,-4000,0,0,0,0,4000,-4000,-4000
06187P,國巨統一97售05  ,0,0,0,0,0,0,0,0,0,-4000,0,0,0,1000,5000,-4000,-4000
061911,台積電中信05購04,0,0,0,0,0,0,0,0,0,-4000,0,0,0,8000,12000,-4000,-4000
062447,華擎元大9C購01  ,0,0,0,0,0,0,0,0,0,-4000,0,0,0,0,4000,-4000,-4000
062729,神達凱基9B購02  ,0,0,0,0,0,0,0,0,0,-4000,0,0,0,5000,9000,-4000,-4000
06273P,台表科凱基97售04,0,0,0,0,0,0,0,0,0,-4000,0,0,0,0,4000,-4000,-4000
062918,祥碩元大9C購02  ,0,0,0,0,0,0,0,0,0,-4000,0,0,0,7000,11000,-4000,-4000
062969,旺宏元富9B購01  ,0,0,0,0,0,0,0,0,0,-4000,0,0,0,6000,10000,-4000,-4000
06296P,燿華元大98售01  ,0,0,0,0,0,0,0,0,0,-4000,0,0,0,15000,19000,-4000,-4000
063102,旺宏群益9B購03  ,0,0,0,0,0,0,0,0,0,-4000,0,0,0,0,4000,-4000,-4000
060839,聯發科國票9A購02,0,0,0,0,0,0,0,0,0,-4000,0,0,0,0,4000,-4000,-4000
060931,GIS永豐9A購01   ,0,0,0,0,0,0,0,0,0,-4000,0,0,0,75000,79000,-4000,-4000
060506,京元電元大9A購02,0,0,0,0,0,0,0,0,0,-4000,0,0,0,58000,62000,-4000,-4000
06072P,牧德永豐97售01  ,0,0,0,0,0,0,0,0,0,-4000,0,0,0,62000,66000,-4000,-4000
061179,華擎凱基9A購01  ,0,0,0,0,0,0,0,0,0,-4000,0,0,0,46000,50000,-4000,-4000
061599,元金反中信9C購01,0,0,0,0,0,0,0,0,0,-4000,0,0,0,0,4000,-4000,-4000
061531,奇鋐台新9A購01  ,0,0,0,0,0,0,0,0,0,-4000,0,0,0,0,4000,-4000,-4000
0057,富邦摩台        ,0,0,0,0,0,0,0,0,0,-4000,0,0,0,131000,135000,-4000,-4000
03052X,元展49          ,0,0,0,0,0,0,0,0,0,-4000,0,0,0,0,4000,-4000,-4000
051317,亞德客國票96購01,0,0,0,0,0,0,0,0,0,-4000,0,0,0,0,4000,-4000,-4000
050673,旺宏富邦96購02  ,0,0,0,0,0,0,0,0,0,-4000,0,0,0,179000,183000,-4000,-4000
051865,聯發科凱基96購04,0,0,0,0,0,0,0,0,0,-4000,0,0,0,0,4000,-4000,-4000
054016,嘉晶永豐96購04  ,0,0,0,0,0,0,0,0,0,-4000,0,0,0,56000,60000,-4000,-4000
053823,茂林群益96購06  ,0,0,0,0,0,0,0,0,0,-4000,0,0,0,0,4000,-4000,-4000
052907,嘉澤國票97購01  ,0,0,0,0,0,0,0,0,0,-4000,0,0,0,5000,9000,-4000,-4000
054066,緯穎國票97購03  ,0,0,0,0,0,0,0,0,0,-4000,0,0,0,6000,10000,-4000,-4000
053005,微星永豐96購01  ,0,0,0,0,0,0,0,0,0,-4000,0,0,0,0,4000,-4000,-4000
053383,京元電元大97購01,0,0,0,0,0,0,0,0,0,-4000,0,0,0,1000,5000,-4000,-4000
055568,緯穎凱基97購02  ,0,0,0,0,0,0,0,0,0,-4000,0,0,0,76000,80000,-4000,-4000
056548,瀚宇博凱基98購02,0,0,0,0,0,0,0,0,0,-4000,0,0,0,6000,10000,-4000,-4000
058780,牧德國票9A購01  ,0,0,0,0,0,0,0,0,0,-4000,0,0,0,8000,12000,-4000,-4000
058770,貿聯兆豐9A購01  ,0,0,0,0,0,0,0,0,0,-4000,0,0,0,0,4000,-4000,-4000
05502P,台表科國票97售01,0,0,0,0,0,0,0,0,0,-4000,0,0,0,0,4000,-4000,-4000
054811,裕隆元大9A購01  ,0,0,0,0,0,0,0,0,0,-4000,0,0,0,11000,15000,-4000,-4000
054846,瑞昱兆豐97購01  ,0,0,0,0,0,0,0,0,0,-4000,0,0,0,0,4000,-4000,-4000
056200,大毅永豐98購01  ,0,0,0,0,0,0,0,0,0,-4000,0,0,0,6000,10000,-4000,-4000
056475,宏達電元大99購02,0,0,0,0,0,0,0,0,0,-4000,0,0,0,0,4000,-4000,-4000
056135,緯創元大98購01  ,0,0,0,0,0,0,0,0,0,-4000,0,0,0,0,4000,-4000,-4000
055806,致新永豐97購02  ,0,0,0,0,0,0,0,0,0,-4000,0,0,0,216000,220000,-4000,-4000
057393,台積電中信02購01,0,0,0,0,0,0,0,0,0,-4000,0,0,0,0,4000,-4000,-4000
058249,緯穎元大99購04  ,0,0,0,0,0,0,0,0,0,-4000,0,0,0,20000,24000,-4000,-4000
058191,祥碩永豐99購01  ,0,0,0,0,0,0,0,0,0,-4000,0,0,0,0,4000,-4000,-4000
060320,元金2X群益02購01,0,0,0,0,0,0,0,0,0,-4000,0,0,0,5000,9000,-4000,-4000
060351,滬深2X元富9A購01,0,0,0,0,0,0,0,0,0,-4000,0,0,0,11000,15000,-4000,-4000
057076,緯穎永豐98購01  ,0,0,0,0,0,0,0,0,0,-4000,0,0,0,0,4000,-4000,-4000
059955,美食康和99購01  ,0,0,0,0,0,0,0,0,0,-4000,0,0,0,16000,20000,-4000,-4000
059843,華新科富邦9B購03,0,0,0,0,0,0,0,0,0,-4000,0,0,0,0,4000,-4000,-4000
059674,玉山金元富99購02,0,0,0,0,0,0,0,0,0,-4000,0,0,0,0,4000,-4000,-4000
059704,聯發科凱基9A購08,0,0,0,0,0,0,0,0,0,-4000,0,0,0,0,4000,-4000,-4000
059788,華新科元大9A購05,0,0,0,0,0,0,0,0,0,-4000,0,0,0,0,4000,-4000,-4000
059783,旺宏元大99購17  ,0,0,0,0,0,0,0,0,0,-4000,0,0,0,0,4000,-4000,-4000
058730,玉晶光永豐9A購01,0,0,0,0,0,0,0,0,0,-4000,0,0,0,10000,14000,-4000,-4000
056567,瀚宇博群益98購02,0,0,0,0,0,0,0,0,0,-4000,0,0,0,0,4000,-4000,-4000
056681,鴻海統一98購09  ,0,0,0,0,0,0,0,0,0,-4000,0,0,0,5000,9000,-4000,-4000
057598,鴻海群益98購07  ,0,0,0,0,0,0,0,0,0,-4000,0,0,0,20000,24000,-4000,-4000
07043P,國巨元大99售14  ,0,0,0,0,0,0,0,0,0,-4000,0,0,0,30000,34000,-4000,-4000
063145,台表科統一02購01,0,0,0,0,0,0,0,0,0,-4000,0,0,0,821000,825000,-4000,-4000
063221,京元電群益9B購02,0,0,0,0,0,0,0,0,0,-4000,0,0,0,23000,27000,-4000,-4000
063300,華通凱基9B購05  ,0,0,0,0,0,0,0,0,0,-4000,0,0,0,0,4000,-4000,-4000
063301,鴻海凱基9B購08  ,0,0,0,0,0,0,0,0,0,-4000,0,0,0,0,4000,-4000,-4000
07531P,大立光國泰9B售03,0,0,0,0,0,0,0,0,0,-4000,0,0,0,11000,15000,-4000,-4000
07178P,臺股指凱基99售20,0,0,0,0,0,0,0,0,0,-4000,0,0,0,0,4000,-4000,-4000
07945P,上銀國票9B售02  ,0,0,0,0,0,0,0,0,0,-4000,0,0,0,0,4000,-4000,-4000
08028P,臺股指元大9B售30,0,0,0,0,0,0,0,0,0,-4000,0,0,0,15000,19000,-4000,-4000
08013P,台灣50凱基9C售09,0,0,0,0,0,0,0,0,0,-4000,0,0,0,0,4000,-4000,-4000
07700P,臺股指元大9A售53,0,0,0,0,0,0,0,0,0,-4000,0,0,0,2000,6000,-4000,-4000
2236,百達-KY         ,5000,9000,-4000,0,0,0,0,0,0,0,0,0,0,0,0,0,-4000
2707,晶華            ,79000,327000,-248000,0,0,0,244000,0,244000,0,0,0,0,0,0,0,-4000
2496,卓越            ,2000,6000,-4000,0,0,0,0,0,0,0,0,0,0,0,0,0,-4000
4999,鑫禾            ,11000,15000,-4000,0,0,0,0,0,0,0,0,0,0,0,0,0,-4000
061513,華新科永豐9A購04,0,0,0,0,0,0,0,0,0,-5000,0,0,0,0,5000,-5000,-5000
061731,旺宏統一9B購06  ,0,0,0,0,0,0,0,0,0,-5000,0,0,0,0,5000,-5000,-5000
061230,臺指反元大01購04,0,0,0,0,0,0,0,0,0,-5000,0,0,0,0,5000,-5000,-5000
061226,台積電中信9A購05,0,0,0,0,0,0,0,0,0,-5000,0,0,0,0,5000,-5000,-5000
061356,南電元大9A購06  ,0,0,0,0,0,0,0,0,0,-5000,0,0,0,357000,362000,-5000,-5000
061282,台積電統一9C購06,0,0,0,0,0,0,0,0,0,-5000,0,0,0,0,5000,-5000,-5000
061311,元黃金凱基9A購03,0,0,0,0,0,0,0,0,0,-5000,0,0,0,0,5000,-5000,-5000
060735,鴻海統一9C購03  ,0,0,0,0,0,0,0,0,0,-5000,0,0,0,0,5000,-5000,-5000
06050P,玉晶光國票98售01,0,0,0,0,0,0,0,0,0,-5000,0,0,0,65000,70000,-5000,-5000
060935,T50反1國票9A購08,0,0,0,0,0,0,0,0,0,-5000,0,0,0,0,5000,-5000,-5000
060904,臺指反元大9C購07,0,0,0,0,0,0,0,0,0,-5000,0,0,0,0,5000,-5000,-5000
06307P,聚陽元富97售02  ,0,0,0,0,0,0,0,0,0,-5000,0,0,0,5000,10000,-5000,-5000
063053,聯發科統一01購04,0,0,0,0,0,0,0,0,0,-5000,0,0,0,0,5000,-5000,-5000
063010,國巨元大9C購02  ,0,0,0,0,0,0,0,0,0,-5000,0,0,0,0,5000,-5000,-5000
062836,同欣電群益9B購02,0,0,0,0,0,0,0,0,0,-5000,0,0,0,97000,102000,-5000,-5000
062735,和大國票9B購01  ,0,0,0,0,0,0,0,0,0,-5000,0,0,0,0,5000,-5000,-5000
062721,美律凱基9B購02  ,0,0,0,0,0,0,0,0,0,-5000,0,0,0,25000,30000,-5000,-5000
062568,緯穎中信9C購01  ,0,0,0,0,0,0,0,0,0,-5000,0,0,0,105000,110000,-5000,-5000
061906,統一中信9B購01  ,0,0,0,0,0,0,0,0,0,-5000,0,0,0,50000,55000,-5000,-5000
062352,南六群益9B購02  ,0,0,0,0,0,0,0,0,0,-5000,0,0,0,10000,15000,-5000,-5000
062140,元金2X國票9B購03,0,0,0,0,0,0,0,0,0,-5000,0,0,0,0,5000,-5000,-5000
055803,鎧勝永豐97購01  ,0,0,0,0,0,0,0,0,0,-5000,0,0,0,0,5000,-5000,-5000
054716,緯穎康和97購01  ,0,0,0,0,0,0,0,0,0,-5000,0,0,0,0,5000,-5000,-5000
054747,麗豐凱基98購01  ,0,0,0,0,0,0,0,0,0,-5000,0,0,0,0,5000,-5000,-5000
055620,樺漢國票98購01  ,0,0,0,0,0,0,0,0,0,-5000,0,0,0,28000,33000,-5000,-5000
056280,上証2X永豐98購01,0,0,0,0,0,0,0,0,0,-5000,0,0,0,0,5000,-5000,-5000
054836,勤誠中信97購01  ,0,0,0,0,0,0,0,0,0,-5000,0,0,0,0,5000,-5000,-5000
054872,瀚宇博群益98購01,0,0,0,0,0,0,0,0,0,-5000,0,0,0,5000,10000,-5000,-5000
055221,矽創凱基97購02  ,0,0,0,0,0,0,0,0,0,-5000,0,0,0,7000,12000,-5000,-5000
055145,T50反1元大97購04,0,0,0,0,0,0,0,0,0,-5000,0,0,0,0,5000,-5000,-5000
054989,精元元富97購01  ,0,0,0,0,0,0,0,0,0,-5000,0,0,0,55000,60000,-5000,-5000
055993,致茂國泰99購01  ,0,0,0,0,0,0,0,0,0,-5000,0,0,0,0,5000,-5000,-5000
058850,華新科群益99購03,0,0,0,0,0,0,0,0,0,-5000,0,0,0,14000,19000,-5000,-5000
05881P,彩晶康和96售01  ,0,0,0,0,0,0,0,0,0,-5000,0,0,0,0,5000,-5000,-5000
056554,GIS凱基99購01   ,0,0,0,0,0,0,0,0,0,-5000,0,0,0,10000,15000,-5000,-5000
05916P,聯發科元大96售20,0,0,0,0,0,0,0,0,0,-5000,0,0,0,1000,6000,-5000,-5000
054095,同欣電群益98購03,0,0,0,0,0,0,0,0,0,-5000,0,0,0,0,5000,-5000,-5000
055559,大立光凱基97購09,0,0,0,0,0,0,0,0,0,-5000,0,0,0,49000,54000,-5000,-5000
05411P,台積電國票96售08,0,0,0,0,0,0,0,0,0,-5000,0,0,0,0,5000,-5000,-5000
056516,晶豪科兆豐98購01,0,0,0,0,0,0,0,0,0,-5000,0,0,0,0,5000,-5000,-5000
055467,國巨凱基97購05  ,0,0,0,0,0,0,0,0,0,-5000,0,0,0,0,5000,-5000,-5000
052220,T50反1凱基98購01,0,0,0,0,0,0,0,0,0,-5000,0,0,0,20000,25000,-5000,-5000
056487,康友元大98購01  ,0,0,0,0,0,0,0,0,0,-5000,0,0,0,0,5000,-5000,-5000
053363,旺宏國泰98購02  ,0,0,0,0,0,0,0,0,0,-5000,0,0,0,0,5000,-5000,-5000
052819,義隆永豐96購01  ,0,0,0,0,0,0,0,0,0,-5000,0,0,0,0,5000,-5000,-5000
053050,華通國票97購02  ,0,0,0,0,0,0,0,0,0,-5000,0,0,0,5000,10000,-5000,-5000
051789,嘉澤國票96購01  ,0,0,0,0,0,0,0,0,0,-5000,0,0,0,0,5000,-5000,-5000
047673,瑞昱元富96購01  ,0,0,0,0,0,0,0,0,0,-5000,0,0,0,0,5000,-5000,-5000
035277,景碩台新97購01  ,0,0,0,0,0,0,0,0,0,-5000,0,0,0,0,5000,-5000,-5000
00681R,元大美債20反1   ,0,0,0,0,0,0,0,0,0,-5000,0,0,0,0,5000,-5000,-5000
00711B,FH彭博新興債    ,5000,0,5000,0,0,0,0,0,0,-10000,0,0,0,100000,110000,-10000,-5000
050333,鴻海國泰96購06  ,0,0,0,0,0,0,0,0,0,-5000,0,0,0,160000,165000,-5000,-5000
057557,聯茂凱基99購04  ,0,0,0,0,0,0,0,0,0,-5000,0,0,0,0,5000,-5000,-5000
058706,聯鈞元大9C購01  ,0,0,0,0,0,0,0,0,0,-5000,0,0,0,0,5000,-5000,-5000
058453,可成永豐99購01  ,0,0,0,0,0,0,0,0,0,-5000,0,0,0,60000,65000,-5000,-5000
059163,台積電凱基99購10,0,0,0,0,0,0,0,0,0,-5000,0,0,0,5000,10000,-5000,-5000
056757,T50反1元大98購07,0,0,0,0,0,0,0,0,0,-5000,0,0,0,0,5000,-5000,-5000
056776,聯茂元大99購01  ,0,0,0,0,0,0,0,0,0,-5000,0,0,0,10000,15000,-5000,-5000
059780,滬深2X元大9C購06,0,0,0,0,0,0,0,0,0,-5000,0,0,0,0,5000,-5000,-5000
059795,鴻海國票99購07  ,0,0,0,0,0,0,0,0,0,-5000,0,0,0,9000,14000,-5000,-5000
059673,玉山金元富99購01,0,0,0,0,0,0,0,0,0,-5000,0,0,0,10000,15000,-5000,-5000
059456,智易永豐99購01  ,0,0,0,0,0,0,0,0,0,-5000,0,0,0,0,5000,-5000,-5000
057746,同欣電永豐98購02,0,0,0,0,0,0,0,0,0,-5000,0,0,0,5000,10000,-5000,-5000
05994P,奇鋐元大96售02  ,0,0,0,0,0,0,0,0,0,-5000,0,0,0,0,5000,-5000,-5000
059945,嘉澤永豐99購03  ,0,0,0,0,0,0,0,0,0,-5000,0,0,0,0,5000,-5000,-5000
059940,微星永豐99購01  ,0,0,0,0,0,0,0,0,0,-5000,0,0,0,55000,60000,-5000,-5000
059966,台積電凱基99購19,0,0,0,0,0,0,0,0,0,-5000,0,0,0,0,5000,-5000,-5000
06008P,燿華統一96售04  ,0,0,0,0,0,0,0,0,0,-5000,0,0,0,0,5000,-5000,-5000
060075,台積電元富99購05,0,0,0,0,0,0,0,0,0,-5000,0,0,0,0,5000,-5000,-5000
060151,旺宏富邦9A購02  ,0,0,0,0,0,0,0,0,0,-5000,0,0,0,10000,15000,-5000,-5000
058231,技嘉元大99購02  ,0,0,0,0,0,0,0,0,0,-5000,0,0,0,0,5000,-5000,-5000
058061,貿聯元富9B購01  ,0,0,0,0,0,0,0,0,0,-5000,0,0,0,45000,50000,-5000,-5000
058090,聯發科元大98購16,0,0,0,0,0,0,0,0,0,-5000,0,0,0,0,5000,-5000,-5000
057343,道瓊反統一9A購01,0,0,0,0,0,0,0,0,0,-5000,0,0,0,0,5000,-5000,-5000
057132,華新科凱基98購05,0,0,0,0,0,0,0,0,0,-5000,0,0,0,0,5000,-5000,-5000
057158,義隆永豐99購01  ,0,0,0,0,0,0,0,0,0,-5000,0,0,0,61000,66000,-5000,-5000
4571,鈞興-KY         ,11000,16000,-5000,0,0,0,0,0,0,0,0,0,0,0,0,0,-5000
2702,華園            ,67000,72000,-5000,0,0,0,0,0,0,0,0,0,0,0,0,0,-5000
1451,年興            ,14000,19000,-5000,0,0,0,0,0,0,0,0,0,0,0,0,0,-5000
07698P,臺股指元大9A售51,0,0,0,0,0,0,0,0,0,-5000,0,0,0,0,5000,-5000,-5000
07829P,旺宏凱基9A售07  ,0,0,0,0,0,0,0,0,0,-5000,0,0,0,0,5000,-5000,-5000
08019P,緯穎國票9B售02  ,0,0,0,0,0,0,0,0,0,-5000,0,0,0,0,5000,-5000,-5000
08006P,長榮航中信03售01,0,0,0,0,0,0,0,0,0,-5000,0,0,0,15000,20000,-5000,-5000
08036P,嘉澤群益9B售03  ,0,0,0,0,0,0,0,0,0,-5000,0,0,0,20000,25000,-5000,-5000
08048P,臺股指國票9B售13,0,0,0,0,0,0,0,0,0,-5000,0,0,0,0,5000,-5000,-5000
07935P,臺股指國票9B售07,0,0,0,0,0,0,0,0,0,-5000,0,0,0,0,5000,-5000,-5000
07993P,寶成群益9B售01  ,0,0,0,0,0,0,0,0,0,-5000,0,0,0,0,5000,-5000,-5000
07264P,台積電元大99售38,0,0,0,0,0,0,0,0,0,-5000,0,0,0,0,5000,-5000,-5000
07242P,台灣50凱基9A售03,0,0,0,0,0,0,0,0,0,-5000,0,0,0,0,5000,-5000,-5000
07309P,聯發科凱基99售18,0,0,0,0,0,0,0,0,0,-5000,0,0,0,0,5000,-5000,-5000
07362P,聯發科元大99售35,0,0,0,0,0,0,0,0,0,-5000,0,0,0,0,5000,-5000,-5000
07529P,國巨凱基9A售11  ,0,0,0,0,0,0,0,0,0,-5000,0,0,0,0,5000,-5000,-5000
07616P,瑞昱中信02售01  ,0,0,0,0,0,0,0,0,0,-5000,0,0,0,0,5000,-5000,-5000
063292,致新元大9B購02  ,0,0,0,0,0,0,0,0,0,-5000,0,0,0,0,5000,-5000,-5000
063275,臺指反元大02購16,0,0,0,0,0,0,0,0,0,-5000,0,0,0,0,5000,-5000,-5000
063283,華新科元大9C購03,0,0,0,0,0,0,0,0,0,-5000,0,0,0,0,5000,-5000,-5000
063250,同欣電元大9B購03,0,0,0,0,0,0,0,0,0,-5000,0,0,0,1000,6000,-5000,-5000
063232,裕隆元大9B購01  ,0,0,0,0,0,0,0,0,0,-5000,0,0,0,0,5000,-5000,-5000
063226,康控群益9B購03  ,0,0,0,0,0,0,0,0,0,-5000,0,0,0,21000,26000,-5000,-5000
063190,聯茂凱基9B購01  ,0,0,0,0,0,0,0,0,0,-5000,0,0,0,0,5000,-5000,-5000
06380P,臺股指統一98售02,0,0,0,0,0,0,0,0,0,-5000,0,0,0,0,5000,-5000,-5000
06485P,玉晶光群益9A售02,0,0,0,0,0,0,0,0,0,-5000,0,0,0,0,5000,-5000,-5000
07083P,台積電統一9A售06,0,0,0,0,0,0,0,0,0,-5000,0,0,0,60000,65000,-5000,-5000
07064P,臺股指元大9A售25,0,0,0,0,0,0,0,0,0,-5000,0,0,0,0,5000,-5000,-5000
07126P,台積電元大99售23,0,0,0,0,0,0,0,0,0,-5000,0,0,0,5000,10000,-5000,-5000
07027P,台積電群益99售04,0,0,0,0,0,0,0,0,0,-5000,0,0,0,45000,50000,-5000,-5000
07004P,大立光兆豐9A售01,0,0,0,0,0,0,0,0,0,-5000,0,0,0,0,5000,-5000,-5000
06806P,臺股指群益98售12,0,0,0,0,0,0,0,0,0,-5000,0,0,0,0,5000,-5000,-5000
06720P,智邦亞東99售01  ,0,0,0,0,0,0,0,0,0,-5000,0,0,0,0,5000,-5000,-5000
06693P,臺股指凱基98售01,0,0,0,0,0,0,0,0,0,-5000,0,0,0,0,5000,-5000,-5000
062303,台表科中信01購01,0,0,0,0,0,0,0,0,0,-6000,0,0,0,33000,39000,-6000,-6000
062415,聯茂中信9C購01  ,0,0,0,0,0,0,0,0,0,-6000,0,0,0,4000,10000,-6000,-6000
062737,聯發科國票9B購03,0,0,0,0,0,0,0,0,0,-6000,0,0,0,0,6000,-6000,-6000
062649,緯穎富邦9B購03  ,0,0,0,0,0,0,0,0,0,-6000,0,0,0,60000,66000,-6000,-6000
062815,聯發科兆豐9B購03,0,0,0,0,0,0,0,0,0,-6000,0,0,0,0,6000,-6000,-6000
062919,聯茂元大9B購01  ,0,0,0,0,0,0,0,0,0,-6000,0,0,0,0,6000,-6000,-6000
062917,旭富元大9C購03  ,0,0,0,0,0,0,0,0,0,-6000,0,0,0,106000,112000,-6000,-6000
062890,祥碩群益9B購04  ,0,0,0,0,0,0,0,0,0,-6000,0,0,0,171000,177000,-6000,-6000
063031,鴻海凱基9C購01  ,0,0,0,0,0,0,0,0,0,-6000,0,0,0,1000,7000,-6000,-6000
060874,中鋼中信02購01  ,0,0,0,0,0,0,0,0,0,-6000,0,0,0,48000,54000,-6000,-6000
060524,國巨中信9A購03  ,0,0,0,0,0,0,0,0,0,-6000,0,0,0,0,6000,-6000,-6000
060621,玉晶光元大9A購05,0,0,0,0,0,0,0,0,0,-6000,0,0,0,15000,21000,-6000,-6000
060639,玉晶光永豐9A購05,0,0,0,0,0,0,0,0,0,-6000,0,0,0,4000,10000,-6000,-6000
060650,奇力新中信9A購01,0,0,0,0,0,0,0,0,0,-6000,0,0,0,10000,16000,-6000,-6000
061174,鴻海凱基9A購23  ,0,0,0,0,0,0,0,0,0,-6000,0,0,0,1000,7000,-6000,-6000
00680L,元大美債20正2   ,6000,0,6000,0,0,0,0,0,0,-12000,0,0,0,2000,14000,-12000,-6000
050171,臺指反元大97購03,0,0,0,0,0,0,0,0,0,-6000,0,0,0,35000,41000,-6000,-6000
054055,全新國票99購02  ,0,0,0,0,0,0,0,0,0,-6000,0,0,0,0,6000,-6000,-6000
053043,嘉晶凱基96購01  ,0,0,0,0,0,0,0,0,0,-6000,0,0,0,16000,22000,-6000,-6000
055426,旺宏群益99購02  ,0,0,0,0,0,0,0,0,0,-6000,0,0,0,0,6000,-6000,-6000
052367,聯茂國票96購02  ,0,0,0,0,0,0,0,0,0,-6000,0,0,0,0,6000,-6000,-6000
056540,聯詠凱基98購02  ,0,0,0,0,0,0,0,0,0,-6000,0,0,0,216000,222000,-6000,-6000
05910P,力山永豐96售02  ,0,0,0,0,0,0,0,0,0,-6000,0,0,0,34000,40000,-6000,-6000
054617,超眾永豐97購01  ,0,0,0,0,0,0,0,0,0,-6000,0,0,0,0,6000,-6000,-6000
055330,上銀兆豐98購02  ,0,0,0,0,0,0,0,0,0,-6000,0,0,0,77000,83000,-6000,-6000
055249,大毅統一99購01  ,0,0,0,0,0,0,0,0,0,-6000,0,0,0,4000,10000,-6000,-6000
055112,晶豪科凱基98購01,0,0,0,0,0,0,0,0,0,-6000,0,0,0,40000,46000,-6000,-6000
055755,禾伸堂兆豐97購02,0,0,0,0,0,0,0,0,0,-6000,0,0,0,0,6000,-6000,-6000
057863,美律凱基9A購01  ,0,0,0,0,0,0,0,0,0,-6000,0,0,0,24000,30000,-6000,-6000
057308,同欣電兆豐99購01,0,0,0,0,0,0,0,0,0,-6000,0,0,0,4000,10000,-6000,-6000
058337,日月光元富99購01,0,0,0,0,0,0,0,0,0,-6000,0,0,0,281000,287000,-6000,-6000
060164,合勤控永豐9A購01,0,0,0,0,0,0,0,0,0,-6000,0,0,0,59000,65000,-6000,-6000
059994,國巨元富99購01  ,0,0,0,0,0,0,0,0,0,-6000,0,0,0,4000,10000,-6000,-6000
059957,中信金康和99購01,0,0,0,0,0,0,0,0,0,-6000,0,0,0,58000,64000,-6000,-6000
057948,嘉聯益國票99購02,0,0,0,0,0,0,0,0,0,-6000,0,0,0,32000,38000,-6000,-6000
057089,奇力新元富98購01,0,0,0,0,0,0,0,0,0,-6000,0,0,0,0,6000,-6000,-6000
057790,台積電統一99購04,0,0,0,0,0,0,0,0,0,-6000,0,0,0,6000,12000,-6000,-6000
057249,華邦電統一9A購01,0,0,0,0,0,0,0,0,0,-6000,0,0,0,102000,108000,-6000,-6000
05719P,可成元大96售03  ,0,0,0,0,0,0,0,0,0,-6000,0,0,0,2000,8000,-6000,-6000
057673,臻鼎元大98購01  ,0,0,0,0,0,0,0,0,0,-6000,0,0,0,2000,8000,-6000,-6000
058482,祥碩凱基99購02  ,0,0,0,0,0,0,0,0,0,-6000,0,0,0,0,6000,-6000,-6000
059624,鴻海凱基01購01  ,0,0,0,0,0,0,0,0,0,-6000,0,0,0,3000,9000,-6000,-6000
056623,禾伸堂永豐98購01,0,0,0,0,0,0,0,0,0,-6000,0,0,0,1000,7000,-6000,-6000
057537,聯茂元大98購04  ,0,0,0,0,0,0,0,0,0,-6000,0,0,0,0,6000,-6000,-6000
058979,上銀凱基99購04  ,0,0,0,0,0,0,0,0,0,-6000,0,0,0,81000,87000,-6000,-6000
059027,神達台新99購02  ,0,0,0,0,0,0,0,0,0,-6000,0,0,0,0,6000,-6000,-6000
06677P,牧德國票98售02  ,0,0,0,0,0,0,0,0,0,-6000,0,0,0,0,6000,-6000,-6000
06908P,健策國泰99售02  ,0,0,0,0,0,0,0,0,0,-6000,0,0,0,23000,29000,-6000,-6000
06534P,聯發科群益98售04,0,0,0,0,0,0,0,0,0,-6000,0,0,0,0,6000,-6000,-6000
06556P,臺股指元大99售08,0,0,0,0,0,0,0,0,0,-6000,0,0,0,0,6000,-6000,-6000
07641P,上銀凱基9A售05  ,0,0,0,0,0,0,0,0,0,-6000,0,0,0,0,6000,-6000,-6000
07487P,鴻海國票9A售01  ,0,0,0,0,0,0,0,0,0,-6000,0,0,0,3000,9000,-6000,-6000
08025P,臺股指凱基9B售11,0,0,0,0,0,0,0,0,0,-6000,0,0,0,0,6000,-6000,-6000
07782P,寶成凱基9A售02  ,0,0,0,0,0,0,0,0,0,-6000,0,0,0,214000,220000,-6000,-6000
07794P,智邦國票9A售03  ,0,0,0,0,0,0,0,0,0,-6000,0,0,0,60000,66000,-6000,-6000
07842P,力成元大9A售01  ,0,0,0,0,0,0,0,0,0,-6000,0,0,0,6000,12000,-6000,-6000
07754P,日月光元大9A售02,0,0,0,0,0,0,0,0,0,-6000,0,0,0,15000,21000,-6000,-6000
08637P,台灣50中信96售03,0,0,0,0,0,0,0,0,0,-6000,0,0,0,0,6000,-6000,-6000
4562,穎漢            ,6000,12000,-6000,0,0,0,0,0,0,0,0,0,0,0,0,0,-6000
4764,雙鍵            ,2000,8000,-6000,0,0,0,0,0,0,0,0,0,0,0,0,0,-6000
6206,飛捷            ,23000,57000,-34000,0,0,0,0,0,0,28000,28000,0,28000,0,0,0,-6000
06138P,台積電中信99售01,0,0,0,0,0,0,0,0,0,-7000,0,0,0,13000,20000,-7000,-7000
061757,T50反1元大9B購01,0,0,0,0,0,0,0,0,0,-7000,0,0,0,0,7000,-7000,-7000
061680,崇越元大9A購01  ,0,0,0,0,0,0,0,0,0,-7000,0,0,0,131000,138000,-7000,-7000
060641,聯鈞永豐9A購01  ,0,0,0,0,0,0,0,0,0,-7000,0,0,0,0,7000,-7000,-7000
061018,台積電國票9B購05,0,0,0,0,0,0,0,0,0,-7000,0,0,0,11000,18000,-7000,-7000
062949,聯發科富邦01購01,0,0,0,0,0,0,0,0,0,-7000,0,0,0,104000,111000,-7000,-7000
063081,技嘉凱基9B購02  ,0,0,0,0,0,0,0,0,0,-7000,0,0,0,8000,15000,-7000,-7000
062437,廣達元大9B購01  ,0,0,0,0,0,0,0,0,0,-7000,0,0,0,19000,26000,-7000,-7000
062488,台光電永豐9B購02,0,0,0,0,0,0,0,0,0,-7000,0,0,0,90000,97000,-7000,-7000
062330,可成統一9B購03  ,0,0,0,0,0,0,0,0,0,-7000,0,0,0,60000,67000,-7000,-7000
062129,世紀鋼統一02購01,0,0,0,0,0,0,0,0,0,-7000,0,0,0,0,7000,-7000,-7000
06185P,台表科元大97售05,0,0,0,0,0,0,0,0,0,-7000,0,0,0,120000,127000,-7000,-7000
055690,矽力凱基97購02  ,0,0,0,0,0,0,0,0,0,-7000,0,0,0,68000,75000,-7000,-7000
056196,聯茂富邦98購02  ,0,0,0,0,0,0,0,0,0,-7000,0,0,0,5000,12000,-7000,-7000
059217,台積電元大99購30,0,0,0,0,0,0,0,0,0,-7000,0,0,0,11000,18000,-7000,-7000
05551P,電子類元大96售01,0,0,0,0,0,0,0,0,0,-7000,0,0,0,1000,8000,-7000,-7000
052849,可成統一97購01  ,0,0,0,0,0,0,0,0,0,-7000,0,0,0,33000,40000,-7000,-7000
051428,玉晶光統一96購01,0,0,0,0,0,0,0,0,0,-7000,0,0,0,73000,80000,-7000,-7000
03674C,臺股指元富9C牛02,0,0,0,0,0,0,0,0,0,-7000,0,0,0,1000,8000,-7000,-7000
00739,元大MSCI A股    ,0,0,0,0,0,0,0,0,0,-7000,0,0,0,356000,363000,-7000,-7000
00735,國泰臺韓科技    ,0,0,0,0,0,0,0,0,0,-7000,0,0,0,181000,188000,-7000,-7000
03444B,臺股指元大9C熊02,0,0,0,0,0,0,0,0,0,-7000,0,0,0,0,7000,-7000,-7000
03425B,臺股指元大9A熊01,0,0,0,0,0,0,0,0,0,-7000,0,0,0,0,7000,-7000,-7000
058977,SGBR2X凱基03購01,0,0,0,0,0,0,0,0,0,-7000,0,0,0,4000,11000,-7000,-7000
058519,嘉澤元大99購01  ,0,0,0,0,0,0,0,0,0,-7000,0,0,0,55000,62000,-7000,-7000
057760,聯發科凱基98購18,0,0,0,0,0,0,0,0,0,-7000,0,0,0,0,7000,-7000,-7000
059663,旭富元大9C購02  ,0,0,0,0,0,0,0,0,0,-7000,0,0,0,29000,36000,-7000,-7000
057963,緯穎元大98購08  ,0,0,0,0,0,0,0,0,0,-7000,0,0,0,45000,52000,-7000,-7000
059997,華航元富99購01  ,0,0,0,0,0,0,0,0,0,-7000,0,0,0,3000,10000,-7000,-7000
059992,S&P正2元富9B購04,0,0,0,0,0,0,0,0,0,-7000,0,0,0,1000,8000,-7000,-7000
060229,楠梓電元大9C購01,0,0,0,0,0,0,0,0,0,-7000,0,0,0,36000,43000,-7000,-7000
060127,牧德永豐99購02  ,0,0,0,0,0,0,0,0,0,-7000,0,0,0,0,7000,-7000,-7000
058214,世芯群益9A購01  ,0,0,0,0,0,0,0,0,0,-7000,0,0,0,2000,9000,-7000,-7000
058069,美律凱基99購05  ,0,0,0,0,0,0,0,0,0,-7000,0,0,0,13000,20000,-7000,-7000
057828,緯穎元大99購02  ,0,0,0,0,0,0,0,0,0,-7000,0,0,0,59000,66000,-7000,-7000
057178,可成元大98購03  ,0,0,0,0,0,0,0,0,0,-7000,0,0,0,16000,23000,-7000,-7000
8341,日友            ,35000,34000,1000,0,0,0,0,8000,-8000,0,0,0,0,0,0,0,-7000
08149P,祥碩群益9B售07  ,0,0,0,0,0,0,0,0,0,-7000,0,0,0,0,7000,-7000,-7000
1256,鮮活果汁-KY     ,6000,13000,-7000,0,0,0,0,0,0,0,0,0,0,0,0,0,-7000
07739P,緯穎永豐9A售01  ,0,0,0,0,0,0,0,0,0,-7000,0,0,0,0,7000,-7000,-7000
07676P,華新科永豐9A售02,0,0,0,0,0,0,0,0,0,-7000,0,0,0,3000,10000,-7000,-7000
07804P,美律永豐9A售02  ,0,0,0,0,0,0,0,0,0,-7000,0,0,0,10000,17000,-7000,-7000
07965P,玉晶光群益01售02,0,0,0,0,0,0,0,0,0,-7000,0,0,0,0,7000,-7000,-7000
07317P,T50正2凱基9B售02,0,0,0,0,0,0,0,0,0,-7000,0,0,0,66000,73000,-7000,-7000
06576P,台光電群益98售03,0,0,0,0,0,0,0,0,0,-7000,0,0,0,0,7000,-7000,-7000
06492P,上銀永豐98售01  ,0,0,0,0,0,0,0,0,0,-7000,0,0,0,274000,281000,-7000,-7000
06342P,世芯統一98售01  ,0,0,0,0,0,0,0,0,0,-7000,0,0,0,0,7000,-7000,-7000
063215,台表科國票9C購02,0,0,0,0,0,0,0,0,0,-7000,0,0,0,0,7000,-7000,-7000
06327P,台積電中信01售01,0,0,0,0,0,0,0,0,0,-7000,0,0,0,17000,24000,-7000,-7000
06999P,玉晶光國票9B售01,0,0,0,0,0,0,0,0,0,-7000,0,0,0,0,7000,-7000,-7000
06705P,臻鼎元富98售03  ,0,0,0,0,0,0,0,0,0,-7000,0,0,0,15000,22000,-7000,-7000
06627P,華新科元富99售01,0,0,0,0,0,0,0,0,0,-7000,0,0,0,3000,10000,-7000,-7000
061792,和大永豐9B購01  ,0,0,0,0,0,0,0,0,0,-8000,0,0,0,0,8000,-8000,-8000
062751,華擎中信9C購01  ,0,0,0,0,0,0,0,0,0,-8000,0,0,0,141000,149000,-8000,-8000
06299P,可成元大97售04  ,0,0,0,0,0,0,0,0,0,-8000,0,0,0,0,8000,-8000,-8000
060601,技嘉凱基9A購02  ,0,0,0,0,0,0,0,0,0,-8000,0,0,0,41000,49000,-8000,-8000
061481,嘉澤元大9A購03  ,0,0,0,0,0,0,0,0,0,-8000,0,0,0,71000,79000,-8000,-8000
061541,旺宏群益9A購03  ,0,0,0,0,0,0,0,0,0,-8000,0,0,0,11000,19000,-8000,-8000
061595,智易永豐9A購02  ,0,0,0,0,0,0,0,0,0,-8000,0,0,0,2000,10000,-8000,-8000
061386,道瓊銀群益9A購03,0,0,0,0,0,0,0,0,0,-8000,0,0,0,0,8000,-8000,-8000
061436,上銀凱基9A購07  ,0,0,0,0,0,0,0,0,0,-8000,0,0,0,50000,58000,-8000,-8000
00743,國泰中國A150    ,1000,0,1000,0,0,0,0,0,0,-9000,0,0,0,0,9000,-9000,-8000
053809,上銀群益96購02  ,0,0,0,0,0,0,0,0,0,-8000,0,0,0,10000,18000,-8000,-8000
053895,智易群益96購02  ,0,0,0,0,0,0,0,0,0,-8000,0,0,0,2000,10000,-8000,-8000
059192,臺股指富邦9C購01,0,0,0,0,0,0,0,0,0,-8000,0,0,0,2000,10000,-8000,-8000
055107,旺宏凱基98購04  ,0,0,0,0,0,0,0,0,0,-8000,0,0,0,0,8000,-8000,-8000
056203,興富發永豐97購01,0,0,0,0,0,0,0,0,0,-8000,0,0,0,0,8000,-8000,-8000
056153,華新科凱基97購02,0,0,0,0,0,0,0,0,0,-8000,0,0,0,37000,45000,-8000,-8000
056471,台光電元大99購01,0,0,0,0,0,0,0,0,0,-8000,0,0,0,4000,12000,-8000,-8000
056473,奇力新元大99購02,0,0,0,0,0,0,0,0,0,-8000,0,0,0,60000,68000,-8000,-8000
056356,台積電元大99購01,0,0,0,0,0,0,0,0,0,-8000,0,0,0,59000,67000,-8000,-8000
054210,台光電國票97購03,0,0,0,0,0,0,0,0,0,-8000,0,0,0,106000,114000,-8000,-8000
054760,台化國票9A購01  ,0,0,0,0,0,0,0,0,0,-8000,0,0,0,0,8000,-8000,-8000
054672,華新科國泰99購01,0,0,0,0,0,0,0,0,0,-8000,0,0,0,0,8000,-8000,-8000
055886,上銀統一97購02  ,0,0,0,0,0,0,0,0,0,-8000,0,0,0,0,8000,-8000,-8000
058078,景碩國票99購01  ,0,0,0,0,0,0,0,0,0,-8000,0,0,0,12000,20000,-8000,-8000
05811P,臺股指國票96售04,0,0,0,0,0,0,0,0,0,-8000,0,0,0,4000,12000,-8000,-8000
060086,鴻海元大99購42  ,0,0,0,0,0,0,0,0,0,-8000,0,0,0,5000,13000,-8000,-8000
060153,A50正2永豐9A購01,0,0,0,0,0,0,0,0,0,-8000,0,0,0,0,8000,-8000,-8000
060294,嘉澤元大9A購01  ,0,0,0,0,0,0,0,0,0,-8000,0,0,0,24000,32000,-8000,-8000
060284,南港元大01購01  ,0,0,0,0,0,0,0,0,0,-8000,0,0,0,302000,310000,-8000,-8000
059923,緯穎元大99購09  ,0,0,0,0,0,0,0,0,0,-8000,0,0,0,40000,48000,-8000,-8000
057117,開發金日盛9B購01,0,0,0,0,0,0,0,0,0,-8000,0,0,0,1000,9000,-8000,-8000
058041,FBVIX元大98購02 ,0,0,0,0,0,0,0,0,0,-8000,0,0,0,12000,20000,-8000,-8000
059675,大立光元富99購08,0,0,0,0,0,0,0,0,0,-8000,0,0,0,72000,80000,-8000,-8000
059661,大立光元大99購22,0,0,0,0,0,0,0,0,0,-8000,0,0,0,0,8000,-8000,-8000
059727,大立光元大9A購01,0,0,0,0,0,0,0,0,0,-8000,0,0,0,0,8000,-8000,-8000
059732,超眾元大9A購01  ,0,0,0,0,0,0,0,0,0,-8000,0,0,0,15000,23000,-8000,-8000
058439,玉晶光統一01購02,0,0,0,0,0,0,0,0,0,-8000,0,0,0,48000,56000,-8000,-8000
05869P,旺宏凱基96售05  ,0,0,0,0,0,0,0,0,0,-8000,0,0,0,2000,10000,-8000,-8000
06717P,可成元大98售09  ,0,0,0,0,0,0,0,0,0,-8000,0,0,0,0,8000,-8000,-8000
063214,康控國票9C購01  ,0,0,0,0,0,0,0,0,0,-8000,0,0,0,0,8000,-8000,-8000
063130,聯茂元大9B購02  ,0,0,0,0,0,0,0,0,0,-8000,0,0,0,6000,14000,-8000,-8000
07227P,聯發科元富99售05,0,0,0,0,0,0,0,0,0,-8000,0,0,0,105000,113000,-8000,-8000
07517P,台積電元大9A售17,0,0,0,0,0,0,0,0,0,-8000,0,0,0,0,8000,-8000,-8000
07712P,茂林元大9A售03  ,0,0,0,0,0,0,0,0,0,-8000,0,0,0,0,8000,-8000,-8000
07760P,力山永豐9A售03  ,0,0,0,0,0,0,0,0,0,-8000,0,0,0,4000,12000,-8000,-8000
08106P,聯發科統一9B售09,0,0,0,0,0,0,0,0,0,-8000,0,0,0,2000,10000,-8000,-8000
1339,昭輝            ,152000,160000,-8000,0,0,0,0,0,0,0,0,0,0,0,0,0,-8000
2233,宇隆            ,28000,41000,-13000,0,0,0,0,0,0,5000,5000,0,5000,0,0,0,-8000
3209,全科            ,13000,21000,-8000,0,0,0,0,0,0,0,0,0,0,0,0,0,-8000
061572,奇力新元大9A購04,0,0,0,0,0,0,0,0,0,-9000,0,0,0,1000,10000,-9000,-9000
060564,南亞科富邦9C購01,0,0,0,0,0,0,0,0,0,-9000,0,0,0,15000,24000,-9000,-9000
060946,世紀鋼國票9A購02,0,0,0,0,0,0,0,0,0,-9000,0,0,0,18000,27000,-9000,-9000
061015,旺宏麥證9A購03  ,0,0,0,0,9000,-9000,0,0,0,-9000,0,0,0,0,9000,-9000,-9000
061922,瑞昱凱基9B購01  ,0,0,0,0,0,0,0,0,0,-9000,0,0,0,102000,111000,-9000,-9000
061977,國巨元大9B購02  ,0,0,0,0,0,0,0,0,0,-9000,0,0,0,21000,30000,-9000,-9000
062420,台積電統一9C購08,0,0,0,0,0,0,0,0,0,-9000,0,0,0,2000,11000,-9000,-9000
062378,台表科元大9C購01,0,0,0,0,0,0,0,0,0,-9000,0,0,0,107000,116000,-9000,-9000
054830,世芯國泰99購01  ,0,0,0,0,0,0,0,0,0,-9000,0,0,0,2000,11000,-9000,-9000
055331,國巨兆豐99購01  ,0,0,0,0,0,0,0,0,0,-9000,0,0,0,6000,15000,-9000,-9000
055940,致新群益98購01  ,0,0,0,0,0,0,0,0,0,-9000,0,0,0,19000,28000,-9000,-9000
054928,帆宣凱基98購01  ,0,0,0,0,0,0,0,0,0,-9000,0,0,0,60000,69000,-9000,-9000
05888P,友達元大97售01  ,0,0,0,0,0,0,0,0,0,-9000,0,0,0,2000,11000,-9000,-9000
058875,台表科國票9A購02,0,0,0,0,0,0,0,0,0,-9000,0,0,0,24000,33000,-9000,-9000
051381,玉晶光群益98購01,0,0,0,0,0,0,0,0,0,-9000,0,0,0,2000,11000,-9000,-9000
03669C,滬深2X元富09牛01,0,0,0,0,0,0,0,0,0,-9000,0,0,0,1000,10000,-9000,-9000
053173,矽格群益97購01  ,0,0,0,0,0,0,0,0,0,-9000,0,0,0,5000,14000,-9000,-9000
055525,國巨群益98購05  ,0,0,0,0,0,0,0,0,0,-9000,0,0,0,1000,10000,-9000,-9000
054158,國巨日盛99購01  ,0,0,0,0,0,0,0,0,0,-9000,0,0,0,40000,49000,-9000,-9000
059613,泰鼎永豐99購02  ,0,0,0,0,0,0,0,0,0,-9000,0,0,0,37000,46000,-9000,-9000
059114,華新科永豐99購05,0,0,0,0,0,0,0,0,0,-9000,0,0,0,1000,10000,-9000,-9000
058361,美律凱基99購06  ,0,0,0,0,0,0,0,0,0,-9000,0,0,0,21000,30000,-9000,-9000
059320,華新科元大99購15,0,0,0,0,0,0,0,0,0,-9000,0,0,0,0,9000,-9000,-9000
060010,義隆群益99購02  ,0,0,0,0,0,0,0,0,0,-9000,0,0,0,176000,185000,-9000,-9000
058247,聯茂元大99購04  ,0,0,0,0,0,0,0,0,0,-9000,0,0,0,1000,10000,-9000,-9000
057806,國巨元大98購20  ,0,0,0,0,0,0,0,0,0,-9000,0,0,0,0,9000,-9000,-9000
3543,州巧            ,1000,10000,-9000,0,0,0,0,0,0,0,0,0,0,0,0,0,-9000
2022,聚亨            ,46000,7000,39000,0,0,0,0,0,0,-48000,0,48000,-48000,0,0,0,-9000
2414,精技            ,15000,24000,-9000,0,0,0,0,0,0,0,0,0,0,0,0,0,-9000
07975P,國巨元大9B售15  ,0,0,0,0,0,0,0,0,0,-9000,0,0,0,52000,61000,-9000,-9000
07900P,臺股指凱基9B售03,0,0,0,0,0,0,0,0,0,-9000,0,0,0,0,9000,-9000,-9000
08072P,祥碩永豐9B售03  ,0,0,0,0,0,0,0,0,0,-9000,0,0,0,1000,10000,-9000,-9000
07630P,臺股指凱基9A售11,0,0,0,0,0,0,0,0,0,-9000,0,0,0,278000,287000,-9000,-9000
07217P,大立光凱基9A售05,0,0,0,0,0,0,0,0,0,-9000,0,0,0,51000,60000,-9000,-9000
07189P,聯發科富邦9B售03,0,0,0,0,0,0,0,0,0,-9000,0,0,0,40000,49000,-9000,-9000
07279P,台灣50台新99售02,0,0,0,0,0,0,0,0,0,-9000,0,0,0,296000,305000,-9000,-9000
063129,祥碩元大9C購03  ,0,0,0,0,0,0,0,0,0,-9000,0,0,0,1000,10000,-9000,-9000
063146,南六統一9B購02  ,0,0,0,0,0,0,0,0,0,-9000,0,0,0,27000,36000,-9000,-9000
06369P,台積電凱基97售16,0,0,0,0,0,0,0,0,0,-9000,0,0,0,2000,11000,-9000,-9000
06412P,南亞科日盛97售01,0,0,0,0,0,0,0,0,0,-9000,0,0,0,0,9000,-9000,-9000
06336P,鴻海元大98售05  ,0,0,0,0,0,0,0,0,0,-9000,0,0,0,11000,20000,-9000,-9000
06461P,玉晶光國泰9A售01,0,0,0,0,0,0,0,0,0,-9000,0,0,0,1000,10000,-9000,-9000
062204,京元電國票9C購01,0,0,0,0,0,0,0,0,0,-10000,0,0,0,0,10000,-10000,-10000
061965,台積電統一02購02,0,0,0,0,0,0,0,0,0,-10000,0,0,0,1000,11000,-10000,-10000
061894,台積電永豐9B購01,0,0,0,0,0,0,0,0,0,-10000,0,0,0,0,10000,-10000,-10000
061892,亞德客永豐9B購01,0,0,0,0,0,0,0,0,0,-10000,0,0,0,0,10000,-10000,-10000
061827,台灣50凱基02購01,0,0,0,0,0,0,0,0,0,-10000,0,0,0,0,10000,-10000,-10000
063033,台積電凱基9B購09,0,0,0,0,0,0,0,0,0,-10000,0,0,0,0,10000,-10000,-10000
062964,FBVIX元富9B購01 ,0,0,0,0,0,0,0,0,0,-10000,0,0,0,0,10000,-10000,-10000
062972,京元電元富9B購01,0,0,0,0,0,0,0,0,0,-10000,0,0,0,0,10000,-10000,-10000
063037,聯發科凱基9C購02,0,0,0,0,0,0,0,0,0,-10000,0,0,0,0,10000,-10000,-10000
062938,聯發科凱基9B購10,0,0,0,0,0,0,0,0,0,-10000,0,0,0,5000,15000,-10000,-10000
062745,聯詠永豐9B購01  ,0,0,0,0,0,0,0,0,0,-10000,0,0,0,89000,99000,-10000,-10000
062444,大立光元大9C購01,0,0,0,0,0,0,0,0,0,-10000,0,0,0,0,10000,-10000,-10000
062554,台積電凱基9B購08,0,0,0,0,0,0,0,0,0,-10000,0,0,0,0,10000,-10000,-10000
062526,友達統一01購01  ,0,0,0,0,0,0,0,0,0,-10000,0,0,0,0,10000,-10000,-10000
060997,上銀兆豐9B購01  ,0,0,0,0,0,0,0,0,0,-10000,0,0,0,0,10000,-10000,-10000
060875,華通中信02購01  ,0,0,0,0,0,0,0,0,0,-10000,0,0,0,0,10000,-10000,-10000
060894,奇力新凱基9A購03,0,0,0,0,0,0,0,0,0,-10000,0,0,0,0,10000,-10000,-10000
060558,億豐凱基9A購01  ,0,0,0,0,0,0,0,0,0,-10000,0,0,0,30000,40000,-10000,-10000
060508,聯發科元大9A購04,0,0,0,0,0,0,0,0,0,-10000,0,0,0,0,10000,-10000,-10000
060521,鴻海中信01購03  ,0,0,0,0,0,0,0,0,0,-10000,0,0,0,0,10000,-10000,-10000
060455,葡萄王元大9A購02,0,0,0,0,0,0,0,0,0,-10000,0,0,0,20000,30000,-10000,-10000
060734,華通統一9C購01  ,0,0,0,0,0,0,0,0,0,-10000,0,0,0,69000,79000,-10000,-10000
061548,聯詠群益9A購02  ,0,0,0,0,0,0,0,0,0,-10000,0,0,0,61000,71000,-10000,-10000
061494,聯發科國票9A購04,0,0,0,0,0,0,0,0,0,-10000,0,0,0,0,10000,-10000,-10000
061673,仁寶元大9B購01  ,0,0,0,0,0,0,0,0,0,-10000,0,0,0,242000,252000,-10000,-10000
06175P,台積電元大97售21,0,0,0,0,0,0,0,0,0,-10000,0,0,0,0,10000,-10000,-10000
061730,旺宏統一01購02  ,0,0,0,0,0,0,0,0,0,-10000,0,0,0,10000,20000,-10000,-10000
061723,嘉聯益永豐9A購03,0,0,0,0,0,0,0,0,0,-10000,0,0,0,0,10000,-10000,-10000
061693,華新科群益9B購02,0,0,0,0,0,0,0,0,0,-10000,0,0,0,30000,40000,-10000,-10000
061289,玉晶光統一01購03,0,0,0,0,0,0,0,0,0,-10000,0,0,0,64000,74000,-10000,-10000
061156,玉晶光群益9A購07,0,0,0,0,0,0,0,0,0,-10000,0,0,0,10000,20000,-10000,-10000
061233,國巨元大9A購17  ,0,0,0,0,0,0,0,0,0,-10000,0,0,0,10000,20000,-10000,-10000
061198,世紀鋼永豐9A購03,0,0,0,0,0,0,0,0,0,-10000,0,0,0,10000,20000,-10000,-10000
061205,旺宏元大9A購11  ,0,0,0,0,0,0,0,0,0,-10000,0,0,0,7000,17000,-10000,-10000
061280,國巨統一9C購06  ,0,0,0,0,0,0,0,0,0,-10000,0,0,0,0,10000,-10000,-10000
054170,泰鼎凱基98購01  ,0,0,0,0,0,0,0,0,0,-10000,0,0,0,4000,14000,-10000,-10000
055505,新唐元大97購02  ,0,0,0,0,0,0,0,0,0,-10000,0,0,0,10000,20000,-10000,-10000
056527,大成鋼凱基98購03,0,0,0,0,0,0,0,0,0,-10000,0,0,0,0,10000,-10000,-10000
052299,T50反1台新05購03,0,0,0,0,0,0,0,0,0,-10000,0,0,0,0,10000,-10000,-10000
052180,緯穎元大96購05  ,0,0,0,0,0,0,0,0,0,-10000,0,0,0,0,10000,-10000,-10000
055395,泰鼎統一97購01  ,0,0,0,0,0,0,0,0,0,-10000,0,0,0,0,10000,-10000,-10000
053115,滬深2X中信97購01,0,0,0,0,0,0,0,0,0,-10000,0,0,0,10000,20000,-10000,-10000
053274,旺宏元大98購03  ,0,0,0,0,0,0,0,0,0,-10000,0,0,0,0,10000,-10000,-10000
053494,南亞科兆豐96購02,0,0,0,0,0,0,0,0,0,-10000,0,0,0,70000,80000,-10000,-10000
053497,新光金兆豐97購01,0,0,0,0,0,0,0,0,0,-10000,0,0,0,0,10000,-10000,-10000
053510,聯電群益97購01  ,0,0,0,0,0,0,0,0,0,-10000,0,0,0,0,10000,-10000,-10000
051879,健策台新96購01  ,0,0,0,0,0,0,0,0,0,-10000,0,0,0,0,10000,-10000,-10000
052806,玉晶光元大98購04,0,0,0,0,0,0,0,0,0,-10000,0,0,0,7000,17000,-10000,-10000
053450,同欣電凱基96購02,0,0,0,0,0,0,0,0,0,-10000,0,0,0,0,10000,-10000,-10000
051902,T50反1元大97購01,0,0,0,0,0,0,0,0,0,-10000,0,0,0,0,10000,-10000,-10000
051268,創意富邦97購01  ,0,0,0,0,0,0,0,0,0,-10000,0,0,0,0,10000,-10000,-10000
03026X,元展23          ,0,0,0,0,0,0,0,0,0,-10000,0,0,0,0,10000,-10000,-10000
051094,健策元大96購03  ,0,0,0,0,0,0,0,0,0,-10000,0,0,0,0,10000,-10000,-10000
051026,健策統一96購01  ,0,0,0,0,0,0,0,0,0,-10000,0,0,0,0,10000,-10000,-10000
050957,T50反1台新05購01,0,0,0,0,0,0,0,0,0,-10000,0,0,0,0,10000,-10000,-10000
051576,台積電元大97購02,0,0,0,0,0,0,0,0,0,-10000,0,0,0,0,10000,-10000,-10000
051756,台積電元大97購04,0,0,0,0,0,0,0,0,0,-10000,0,0,0,0,10000,-10000,-10000
054063,聯茂國票97購02  ,0,0,0,0,0,0,0,0,0,-10000,0,0,0,0,10000,-10000,-10000
051834,南電元大96購02  ,0,0,0,0,0,0,0,0,0,-10000,0,0,0,20000,30000,-10000,-10000
04006P,滬深2X國票9B售01,0,0,0,0,0,0,0,0,0,-10000,0,0,0,0,10000,-10000,-10000
047989,深中小元大96購02,0,0,0,0,0,0,0,0,0,-10000,0,0,0,0,10000,-10000,-10000
058864,欣興凱基99購04  ,0,0,0,0,0,0,0,0,0,-10000,0,0,0,0,10000,-10000,-10000
058899,旺宏元大99購10  ,0,0,0,0,0,0,0,0,0,-10000,0,0,0,0,10000,-10000,-10000
058924,晶相光元富99購02,0,0,0,0,0,0,0,0,0,-10000,0,0,0,0,10000,-10000,-10000
058946,SGBR2X群益9B購01,0,0,0,0,0,0,0,0,0,-10000,0,0,0,15000,25000,-10000,-10000
058813,旺宏統一9B購04  ,0,0,0,0,0,0,0,0,0,-10000,0,0,0,0,10000,-10000,-10000
058868,元油2X國票99購06,0,0,0,0,0,0,0,0,0,-10000,0,0,0,0,10000,-10000,-10000
058855,台積電兆豐99購02,0,0,0,0,0,0,0,0,0,-10000,0,0,0,0,10000,-10000,-10000
058798,大立光元大99購11,0,0,0,0,0,0,0,0,0,-10000,0,0,0,49000,59000,-10000,-10000
059208,SGBR2X元大99購02,0,0,0,0,0,0,0,0,0,-10000,0,0,0,0,10000,-10000,-10000
054621,華新科兆豐98購01,0,0,0,0,0,0,0,0,0,-10000,0,0,0,0,10000,-10000,-10000
054607,台積電永豐97購03,0,0,0,0,0,0,0,0,0,-10000,0,0,0,0,10000,-10000,-10000
059067,上銀國票9A購02  ,0,0,0,0,0,0,0,0,0,-10000,0,0,0,0,10000,-10000,-10000
054962,玉晶光元大99購02,0,0,0,0,0,0,0,0,0,-10000,0,0,0,0,10000,-10000,-10000
054990,凌陽元富97購01  ,0,0,0,0,0,0,0,0,0,-10000,0,0,0,0,10000,-10000,-10000
055906,大立光兆豐97購03,0,0,0,0,0,0,0,0,0,-10000,0,0,0,0,10000,-10000,-10000
055065,神達永豐97購01  ,0,0,0,0,0,0,0,0,0,-10000,0,0,0,30000,40000,-10000,-10000
054835,致新中信97購01  ,0,0,0,0,0,0,0,0,0,-10000,0,0,0,90000,100000,-10000,-10000
054859,鴻海群益97購02  ,0,0,0,0,0,0,0,0,0,-10000,0,0,0,0,10000,-10000,-10000
055128,致新兆豐97購01  ,0,0,0,0,0,0,0,0,0,-10000,0,0,0,0,10000,-10000,-10000
055104,台達電凱基98購01,0,0,0,0,0,0,0,0,0,-10000,0,0,0,0,10000,-10000,-10000
055831,台達電元大97購01,0,0,0,0,0,0,0,0,0,-10000,0,0,0,0,10000,-10000,-10000
055798,聯茂富邦98購01  ,0,0,0,0,0,0,0,0,0,-10000,0,0,0,0,10000,-10000,-10000
054782,國巨群益97購01  ,0,0,0,0,0,0,0,0,0,-10000,0,0,0,0,10000,-10000,-10000
054788,華新科群益98購02,0,0,0,0,0,0,0,0,0,-10000,0,0,0,50000,60000,-10000,-10000
056207,茂林永豐97購03  ,0,0,0,0,0,0,0,0,0,-10000,0,0,0,0,10000,-10000,-10000
054245,鴻海元大96購23  ,0,0,0,0,0,0,0,0,0,-10000,0,0,0,0,10000,-10000,-10000
055692,緯穎凱基97購03  ,0,0,0,0,0,0,0,0,0,-10000,0,0,0,0,10000,-10000,-10000
054303,國巨凱基96購15  ,0,0,0,0,0,0,0,0,0,-10000,0,0,0,0,10000,-10000,-10000
054299,南電元大96購03  ,0,0,0,0,0,0,0,0,0,-10000,0,0,0,0,10000,-10000,-10000
055700,緯穎國泰98購02  ,0,0,0,0,0,0,0,0,0,-10000,0,0,0,0,10000,-10000,-10000
054356,可成兆豐97購01  ,0,0,0,0,0,0,0,0,0,-10000,0,0,0,60000,70000,-10000,-10000
055784,TPK凱基97購02   ,0,0,0,0,0,0,0,0,0,-10000,0,0,0,0,10000,-10000,-10000
054335,緯穎永豐96購02  ,0,0,0,0,0,0,0,0,0,-10000,0,0,0,0,10000,-10000,-10000
056393,精元永豐98購01  ,0,0,0,0,0,0,0,0,0,-10000,0,0,0,0,10000,-10000,-10000
056465,臺股指凱基99購07,0,0,0,0,0,0,0,0,0,-10000,0,0,0,0,10000,-10000,-10000
056480,京鼎元大98購02  ,0,0,0,0,0,0,0,0,0,-10000,0,0,0,68000,78000,-10000,-10000
056458,日月光凱基98購02,0,0,0,0,0,0,0,0,0,-10000,0,0,0,0,10000,-10000,-10000
056187,京鼎統一97購01  ,0,0,0,0,0,0,0,0,0,-10000,0,0,0,20000,30000,-10000,-10000
05629P,聯發科永昌99售02,0,0,0,0,0,0,0,0,0,-10000,0,0,0,0,10000,-10000,-10000
056049,奇力新國票98購01,0,0,0,0,0,0,0,0,0,-10000,0,0,0,0,10000,-10000,-10000
057142,力成兆豐98購01  ,0,0,0,0,0,0,0,0,0,-10000,0,0,0,0,10000,-10000,-10000
057305,南亞科兆豐98購02,0,0,0,0,0,0,0,0,0,-10000,0,0,0,0,10000,-10000,-10000
057319,奇力新凱基99購02,0,0,0,0,0,0,0,0,0,-10000,0,0,0,0,10000,-10000,-10000
057299,立積永豐98購02  ,0,0,0,0,0,0,0,0,0,-10000,0,0,0,0,10000,-10000,-10000
057326,景碩群益99購02  ,0,0,0,0,0,0,0,0,0,-10000,0,0,0,0,10000,-10000,-10000
057391,樺漢永豐98購01  ,0,0,0,0,0,0,0,0,0,-10000,0,0,0,0,10000,-10000,-10000
057426,元油2X兆豐9B購01,0,0,0,0,0,0,0,0,0,-10000,0,0,0,0,10000,-10000,-10000
057438,禾伸堂國票99購01,0,0,0,0,0,0,0,0,0,-10000,0,0,0,28000,38000,-10000,-10000
058233,聯發科元大99購06,0,0,0,0,0,0,0,0,0,-10000,0,0,0,0,10000,-10000,-10000
058259,訊連國泰9B購01  ,0,0,0,0,0,0,0,0,0,-10000,0,0,0,6000,16000,-10000,-10000
059246,奇力新凱基9A購02,0,0,0,0,0,0,0,0,0,-10000,0,0,0,0,10000,-10000,-10000
059248,華新科凱基99購04,0,0,0,0,0,0,0,0,0,-10000,0,0,0,4000,14000,-10000,-10000
058004,大立光群益98購03,0,0,0,0,0,0,0,0,0,-10000,0,0,0,0,10000,-10000,-10000
05814P,臺股指國票96售07,0,0,0,0,0,0,0,0,0,-10000,0,0,0,0,10000,-10000,-10000
058172,國巨凱基9B購02  ,0,0,0,0,0,0,0,0,0,-10000,0,0,0,0,10000,-10000,-10000
058070,華新科凱基98購07,0,0,0,0,0,0,0,0,0,-10000,0,0,0,0,10000,-10000,-10000
058651,FBVIX中信9C購01 ,0,0,0,0,0,0,0,0,0,-10000,0,0,0,21000,31000,-10000,-10000
059929,華新科富邦9C購03,0,0,0,0,0,0,0,0,0,-10000,0,0,0,0,10000,-10000,-10000
057962,超眾元大99購03  ,0,0,0,0,0,0,0,0,0,-10000,0,0,0,13000,23000,-10000,-10000
057945,京鼎國票99購03  ,0,0,0,0,0,0,0,0,0,-10000,0,0,0,0,10000,-10000,-10000
057923,晶豪科凱基98購02,0,0,0,0,0,0,0,0,0,-10000,0,0,0,20000,30000,-10000,-10000
057103,禾伸堂中信9A購01,0,0,0,0,0,0,0,0,0,-10000,0,0,0,10000,20000,-10000,-10000
060350,元黃金元富9B購01,0,0,0,0,0,0,0,0,0,-10000,0,0,0,0,10000,-10000,-10000
060388,世紀鋼凱基9B購01,0,0,0,0,0,0,0,0,0,-10000,0,0,0,0,10000,-10000,-10000
060225,S&P反1元大9A購02,0,0,0,0,0,0,0,0,0,-10000,0,0,0,0,10000,-10000,-10000
060064,華新科兆豐99購07,0,0,0,0,0,0,0,0,0,-10000,0,0,0,0,10000,-10000,-10000
059345,禾伸堂凱基99購03,0,0,0,0,0,0,0,0,0,-10000,0,0,0,0,10000,-10000,-10000
059473,T50反1群益99購03,0,0,0,0,0,0,0,0,0,-10000,0,0,0,0,10000,-10000,-10000
059571,奇力新凱基99購06,0,0,0,0,0,0,0,0,0,-10000,0,0,0,0,10000,-10000,-10000
059756,奇力新富邦9C購01,0,0,0,0,0,0,0,0,0,-10000,0,0,0,0,10000,-10000,-10000
059766,同欣電永豐99購03,0,0,0,0,0,0,0,0,0,-10000,0,0,0,38000,48000,-10000,-10000
059304,華新科兆豐99購06,0,0,0,0,0,0,0,0,0,-10000,0,0,0,0,10000,-10000,-10000
059266,緯創中信01購01  ,0,0,0,0,0,0,0,0,0,-10000,0,0,0,30000,40000,-10000,-10000
056942,昇陽半元富98購01,0,0,0,0,0,0,0,0,0,-10000,0,0,0,0,10000,-10000,-10000
059822,聯發科凱基99購19,0,0,0,0,0,0,0,0,0,-10000,0,0,0,0,10000,-10000,-10000
059823,奇力新凱基99購07,0,0,0,0,0,0,0,0,0,-10000,0,0,0,0,10000,-10000,-10000
056866,矽創群益98購03  ,0,0,0,0,0,0,0,0,0,-10000,0,0,0,0,10000,-10000,-10000
059873,華新科凱基99購09,0,0,0,0,0,0,0,0,0,-10000,0,0,0,0,10000,-10000,-10000
057796,鴻海兆豐99購03  ,0,0,0,0,0,0,0,0,0,-10000,0,0,0,0,10000,-10000,-10000
057797,大立光兆豐99購01,0,0,0,0,0,0,0,0,0,-10000,0,0,0,0,10000,-10000,-10000
057799,世紀鋼兆豐98購01,0,0,0,0,0,0,0,0,0,-10000,0,0,0,0,10000,-10000,-10000
058585,S&P正2中信9B購02,0,0,0,0,0,0,0,0,0,-10000,0,0,0,0,10000,-10000,-10000
057243,樺漢凱基99購01  ,0,0,0,0,0,0,0,0,0,-10000,0,0,0,0,10000,-10000,-10000
058368,奇鋐凱基9A購01  ,0,0,0,0,0,0,0,0,0,-10000,0,0,0,0,10000,-10000,-10000
057582,亞光中信9A購02  ,0,0,0,0,0,0,0,0,0,-10000,0,0,0,0,10000,-10000,-10000
056664,上証反中信9B購01,0,0,0,0,0,0,0,0,0,-10000,0,0,0,0,10000,-10000,-10000
058436,聯發科統一9B購03,0,0,0,0,0,0,0,0,0,-10000,0,0,0,140000,150000,-10000,-10000
056719,台虹永豐98購01  ,0,0,0,0,0,0,0,0,0,-10000,0,0,0,0,10000,-10000,-10000
056699,光罩國泰99購01  ,0,0,0,0,0,0,0,0,0,-10000,0,0,0,0,10000,-10000,-10000
056700,華新科國泰99購03,0,0,0,0,0,0,0,0,0,-10000,0,0,0,0,10000,-10000,-10000
058982,台積電凱基99購08,0,0,0,0,0,0,0,0,0,-10000,0,0,0,9000,19000,-10000,-10000
058988,大立光凱基9A購02,0,0,0,0,0,0,0,0,0,-10000,0,0,0,0,10000,-10000,-10000
059048,元油2X凱基9A購11,0,0,0,0,0,0,0,0,0,-10000,0,0,0,0,10000,-10000,-10000
056634,為升兆豐99購01  ,0,0,0,0,0,0,0,0,0,-10000,0,0,0,0,10000,-10000,-10000
056585,台積電統一9A購01,0,0,0,0,0,0,0,0,0,-10000,0,0,0,0,10000,-10000,-10000
059146,貿聯國票9A購02  ,0,0,0,0,0,0,0,0,0,-10000,0,0,0,13000,23000,-10000,-10000
059154,可成日盛99購02  ,0,0,0,0,0,0,0,0,0,-10000,0,0,0,60000,70000,-10000,-10000
057657,國巨兆豐98購04  ,0,0,0,0,0,0,0,0,0,-10000,0,0,0,0,10000,-10000,-10000
056788,日月光群益98購01,0,0,0,0,0,0,0,0,0,-10000,0,0,0,0,10000,-10000,-10000
059541,T50正2康和99購01,0,0,0,0,0,0,0,0,0,-10000,0,0,0,15000,25000,-10000,-10000
058750,緯穎凱基9A購03  ,0,0,0,0,0,0,0,0,0,-10000,0,0,0,12000,22000,-10000,-10000
058447,玉晶光富邦9A購02,0,0,0,0,0,0,0,0,0,-10000,0,0,0,0,10000,-10000,-10000
058444,國巨富邦9B購01  ,0,0,0,0,0,0,0,0,0,-10000,0,0,0,0,10000,-10000,-10000
06455P,上銀統一99售03  ,0,0,0,0,0,0,0,0,0,-10000,0,0,0,0,10000,-10000,-10000
06489P,台積電元富98售06,0,0,0,0,0,0,0,0,0,-10000,0,0,0,0,10000,-10000,-10000
06592P,欣興元大98售04  ,0,0,0,0,0,0,0,0,0,-10000,0,0,0,0,10000,-10000,-10000
06505P,康控國票99售02  ,0,0,0,0,0,0,0,0,0,-10000,0,0,0,0,10000,-10000,-10000
063383,億豐永豐9B購02  ,0,0,0,0,0,0,0,0,0,-10000,0,0,0,0,10000,-10000,-10000
063320,旭富群益9B購03  ,0,0,0,0,0,0,0,0,0,-10000,0,0,0,0,10000,-10000,-10000
063289,台表科元大9B購07,0,0,0,0,0,0,0,0,0,-10000,0,0,0,65000,75000,-10000,-10000
06406P,可成元富97售04  ,0,0,0,0,0,0,0,0,0,-10000,0,0,0,0,10000,-10000,-10000
06370P,貿聯凱基97售03  ,0,0,0,0,0,0,0,0,0,-10000,0,0,0,0,10000,-10000,-10000
063375,牧德永豐9B購02  ,0,0,0,0,0,0,0,0,0,-10000,0,0,0,0,10000,-10000,-10000
063176,南亞科兆豐9B購01,0,0,0,0,0,0,0,0,0,-10000,0,0,0,11000,21000,-10000,-10000
06714P,台積電元大98售15,0,0,0,0,0,0,0,0,0,-10000,0,0,0,10000,20000,-10000,-10000
06692P,瑞昱凱基98售03  ,0,0,0,0,0,0,0,0,0,-10000,0,0,0,0,10000,-10000,-10000
06625P,華新科統一98售03,0,0,0,0,0,0,0,0,0,-10000,0,0,0,0,10000,-10000,-10000
06613P,華新科富邦9A售03,0,0,0,0,0,0,0,0,0,-10000,0,0,0,0,10000,-10000,-10000
06797P,臺股指凱基98售07,0,0,0,0,0,0,0,0,0,-10000,0,0,0,0,10000,-10000,-10000
06981P,台灣50麥證99售02,0,0,0,0,10000,-10000,0,0,0,-10000,0,0,0,0,10000,-10000,-10000
06961P,台積電凱基99售05,0,0,0,0,0,0,0,0,0,-10000,0,0,0,0,10000,-10000,-10000
07166P,台灣50兆豐03售01,0,0,0,0,0,0,0,0,0,-10000,0,0,0,0,10000,-10000,-10000
07068P,欣興台新99售01  ,0,0,0,0,0,0,0,0,0,-10000,0,0,0,0,10000,-10000,-10000
07057P,大立光康和9B售02,0,0,0,0,0,0,0,0,0,-10000,0,0,0,388000,398000,-10000,-10000
07270P,台灣50元大01售09,0,0,0,0,0,0,0,0,0,-10000,0,0,0,0,10000,-10000,-10000
07283P,華新科凱基99售07,0,0,0,0,0,0,0,0,0,-10000,0,0,0,0,10000,-10000,-10000
07175P,聯詠凱基99售02  ,0,0,0,0,0,0,0,0,0,-10000,0,0,0,0,10000,-10000,-10000
07188P,臺股指台新99售11,0,0,0,0,0,0,0,0,0,-10000,0,0,0,0,10000,-10000,-10000
07229P,T50正2群益9A售01,0,0,0,0,0,0,0,0,0,-10000,0,0,0,0,10000,-10000,-10000
07306P,台灣50凱基9A售09,0,0,0,0,0,0,0,0,0,-10000,0,0,0,0,10000,-10000,-10000
07369P,台積電凱基99售20,0,0,0,0,0,0,0,0,0,-10000,0,0,0,0,10000,-10000,-10000
07626P,台灣50凱基04售07,0,0,0,0,0,0,0,0,0,-10000,0,0,0,0,10000,-10000,-10000
07610P,大立光國票9A售04,0,0,0,0,0,0,0,0,0,-10000,0,0,0,0,10000,-10000,-10000
07603P,台積電統一9B售08,0,0,0,0,0,0,0,0,0,-10000,0,0,0,0,10000,-10000,-10000
07573P,國巨元大9A售11  ,0,0,0,0,0,0,0,0,0,-10000,0,0,0,0,10000,-10000,-10000
07508P,華新科國票9A售03,0,0,0,0,0,0,0,0,0,-10000,0,0,0,0,10000,-10000,-10000
07493P,台灣50元大9A售10,0,0,0,0,0,0,0,0,0,-10000,0,0,0,0,10000,-10000,-10000
08046P,臺股指國票9B售11,0,0,0,0,0,0,0,0,0,-10000,0,0,0,0,10000,-10000,-10000
08031P,臺股指元大9B售38,0,0,0,0,0,0,0,0,0,-10000,0,0,0,0,10000,-10000,-10000
07893P,臺股指國票9B售03,0,0,0,0,0,0,0,0,0,-10000,0,0,0,0,10000,-10000,-10000
07939P,台積電統一9B售14,0,0,0,0,0,0,0,0,0,-10000,0,0,0,0,10000,-10000,-10000
07931P,國巨元大9B售03  ,0,0,0,0,0,0,0,0,0,-10000,0,0,0,0,10000,-10000,-10000
07682P,聯發科凱基9A售15,0,0,0,0,0,0,0,0,0,-10000,0,0,0,10000,20000,-10000,-10000
07854P,台積電凱基9A售28,0,0,0,0,0,0,0,0,0,-10000,0,0,0,10000,20000,-10000,-10000
07872P,聯發科群益9B售03,0,0,0,0,0,0,0,0,0,-10000,0,0,0,0,10000,-10000,-10000
2706,第一店          ,50000,60000,-10000,0,0,0,0,0,0,0,0,0,0,0,0,0,-10000
2887F,台新戊特二      ,0,0,0,0,0,0,0,0,0,-10000,0,10000,-10000,0,0,0,-10000
061703,信邦國票9A購01  ,0,0,0,0,0,0,0,0,0,-11000,0,0,0,164000,175000,-11000,-11000
061510,嘉澤富邦9C購01  ,0,0,0,0,0,0,0,0,0,-11000,0,0,0,13000,24000,-11000,-11000
060681,華擎元大9A購02  ,0,0,0,0,0,0,0,0,0,-11000,0,0,0,25000,36000,-11000,-11000
060998,華通兆豐9A購01  ,0,0,0,0,0,0,0,0,0,-11000,0,0,0,12000,23000,-11000,-11000
060985,聯發科元大9A購06,0,0,0,0,0,0,0,0,0,-11000,0,0,0,7000,18000,-11000,-11000
062600,可成台新9B購01  ,0,0,0,0,0,0,0,0,0,-11000,0,0,0,60000,71000,-11000,-11000
062474,台表科凱基9C購01,0,0,0,0,0,0,0,0,0,-11000,0,0,0,13000,24000,-11000,-11000
062813,台積電兆豐9B購01,0,0,0,0,0,0,0,0,0,-11000,0,0,0,0,11000,-11000,-11000
063000,緯穎國票9B購03  ,0,0,0,0,0,0,0,0,0,-11000,0,0,0,11000,22000,-11000,-11000
055653,聯詠元富01購02  ,0,0,0,0,0,0,0,0,0,-11000,0,0,0,578000,589000,-11000,-11000
056250,瑞昱兆豐97購02  ,0,0,0,0,0,0,0,0,0,-11000,0,0,0,0,11000,-11000,-11000
055684,京鼎凱基97購01  ,0,0,0,0,0,0,0,0,0,-11000,0,0,0,40000,51000,-11000,-11000
054676,牧德台新98購01  ,0,0,0,0,0,0,0,0,0,-11000,0,0,0,0,11000,-11000,-11000
059200,京鼎永豐99購02  ,0,0,0,0,0,0,0,0,0,-11000,0,0,0,34000,45000,-11000,-11000
048270,T50反1富邦99購01,0,0,0,0,0,0,0,0,0,-11000,0,0,0,5000,16000,-11000,-11000
04731P,臺股指中信96售03,0,0,0,0,0,0,0,0,0,-11000,0,0,0,39000,50000,-11000,-11000
053645,臺股指國票96購08,0,0,0,0,0,0,0,0,0,-11000,0,0,0,1000,12000,-11000,-11000
049759,元黃金富邦9A購01,0,0,0,0,0,0,0,0,0,-11000,0,0,0,0,11000,-11000,-11000
050846,緯創國票96購01  ,0,0,0,0,0,0,0,0,0,-11000,0,0,0,89000,100000,-11000,-11000
050282,T50反1凱基97購01,0,0,0,0,0,0,0,0,0,-11000,0,0,0,10000,21000,-11000,-11000
055384,緯穎元大98購02  ,0,0,0,0,0,0,0,0,0,-11000,0,0,0,25000,36000,-11000,-11000
054196,台光電國泰97購02,0,0,0,0,0,0,0,0,0,-11000,0,0,0,12000,23000,-11000,-11000
059630,美律凱基99購07  ,0,0,0,0,0,0,0,0,0,-11000,0,0,0,9000,20000,-11000,-11000
059731,康控元大99購04  ,0,0,0,0,0,0,0,0,0,-11000,0,0,0,20000,31000,-11000,-11000
059614,致新永豐99購01  ,0,0,0,0,0,0,0,0,0,-11000,0,0,0,2000,13000,-11000,-11000
059049,元油2X凱基9A購12,0,0,0,0,0,0,0,0,0,-11000,0,0,0,0,11000,-11000,-11000
058389,聯茂國票9A購01  ,0,0,0,0,0,0,0,0,0,-11000,0,0,0,3000,14000,-11000,-11000
059910,鴻海元大99購37  ,0,0,0,0,0,0,0,0,0,-11000,0,0,0,41000,52000,-11000,-11000
059646,聯茂凱基99購06  ,0,0,0,0,0,0,0,0,0,-11000,0,0,0,0,11000,-11000,-11000
059611,台積電永豐99購05,0,0,0,0,0,0,0,0,0,-11000,0,0,0,22000,33000,-11000,-11000
059347,京鼎凱基99購02  ,0,0,0,0,0,0,0,0,0,-11000,0,0,0,0,11000,-11000,-11000
059404,鴻海台新99購03  ,0,0,0,0,0,0,0,0,0,-11000,0,0,0,0,11000,-11000,-11000
060040,康控國票99購04  ,0,0,0,0,0,0,0,0,0,-11000,0,0,0,32000,43000,-11000,-11000
08058P,華新科元大9B售10,0,0,0,0,0,0,0,0,0,-11000,0,0,0,30000,41000,-11000,-11000
07127P,精元元大99售01  ,0,0,0,0,0,0,0,0,0,-11000,0,0,0,0,11000,-11000,-11000
06888P,日月光元大98售02,0,0,0,0,0,0,0,0,0,-11000,0,0,0,4000,15000,-11000,-11000
062881,緯創兆豐9C購01  ,0,0,0,0,0,0,0,0,0,-12000,0,0,0,0,12000,-12000,-12000
062538,台積電國泰9C購02,0,0,0,0,0,0,0,0,0,-12000,0,0,0,3000,15000,-12000,-12000
06255P,臺股指群益97售08,2000,0,2000,0,0,0,0,0,0,-14000,0,0,0,0,14000,-14000,-12000
06182P,群創兆豐97售03  ,0,0,0,0,0,0,0,0,0,-12000,0,0,0,0,12000,-12000,-12000
061988,大立光元大9B購04,0,0,0,0,0,0,0,0,0,-12000,0,0,0,50000,62000,-12000,-12000
060956,超眾群益9A購01  ,0,0,0,0,0,0,0,0,0,-12000,0,0,0,101000,113000,-12000,-12000
060537,台灣50凱基9B購01,0,0,0,0,0,0,0,0,0,-12000,0,0,0,3000,15000,-12000,-12000
061448,旺宏中信9A購02  ,0,0,0,0,0,0,0,0,0,-12000,0,0,0,0,12000,-12000,-12000
061466,創意群益9A購01  ,0,0,0,0,0,0,0,0,0,-12000,0,0,0,42000,54000,-12000,-12000
061298,華新科富邦01購02,0,0,0,0,0,0,0,0,0,-12000,0,0,0,8000,20000,-12000,-12000
055360,台表科凱基97購02,0,0,0,0,0,0,0,0,0,-12000,0,0,0,47000,59000,-12000,-12000
053313,世紀鋼凱基96購01,0,0,0,0,0,0,0,0,0,-12000,0,0,0,10000,22000,-12000,-12000
047211,華新科富邦99購01,0,0,0,0,0,0,0,0,0,-12000,0,0,0,1000,13000,-12000,-12000
054057,晶豪科國票97購01,0,0,0,0,0,0,0,0,0,-12000,0,0,0,42000,54000,-12000,-12000
055043,中砂永豐97購01  ,0,0,0,0,0,0,0,0,0,-12000,0,0,0,0,12000,-12000,-12000
054974,台表科元大98購02,0,0,0,0,0,0,0,0,0,-12000,0,0,0,63000,75000,-12000,-12000
056294,上銀元大97購11  ,0,0,0,0,0,0,0,0,0,-12000,0,0,0,0,12000,-12000,-12000
056087,世芯統一97購01  ,0,0,0,0,0,0,0,0,0,-12000,0,0,0,10000,22000,-12000,-12000
056418,台光電元富98購01,0,0,0,0,0,0,0,0,0,-12000,0,0,0,179000,191000,-12000,-12000
060295,貿聯元大9A購03  ,0,0,0,0,0,0,0,0,0,-12000,0,0,0,26000,38000,-12000,-12000
059961,T50反1凱基99購09,0,0,0,0,0,0,0,0,0,-12000,0,0,0,0,12000,-12000,-12000
058133,華新科元大9A購02,0,0,0,0,0,0,0,0,0,-12000,0,0,0,5000,17000,-12000,-12000
058099,鴻海國泰9A購02  ,0,0,0,0,0,0,0,0,0,-12000,0,0,0,18000,30000,-12000,-12000
058289,奇鋐國票9A購01  ,0,0,0,0,0,0,0,0,0,-12000,0,0,0,49000,61000,-12000,-12000
057128,台光電凱基98購03,0,0,0,0,0,0,0,0,0,-12000,0,0,0,50000,62000,-12000,-12000
057831,聯發科元富02購04,0,0,0,0,0,0,0,0,0,-12000,0,0,0,22000,34000,-12000,-12000
05979P,華新科中信96售02,0,0,0,0,0,0,0,0,0,-12000,0,0,0,0,12000,-12000,-12000
058390,樺漢國票9A購01  ,0,0,0,0,0,0,0,0,0,-12000,0,0,0,0,12000,-12000,-12000
058961,台灣50兆豐9C購01,0,0,0,0,0,0,0,0,0,-12000,0,0,0,8000,20000,-12000,-12000
058484,元金2X國票04購01,0,0,0,0,0,0,0,0,0,-12000,0,0,0,0,12000,-12000,-12000
057633,緯穎永豐98購02  ,0,0,0,0,0,0,0,0,0,-12000,0,0,0,9000,21000,-12000,-12000
057690,美律凱基99購03  ,0,0,0,0,0,0,0,0,0,-12000,0,0,0,0,12000,-12000,-12000
056743,貿聯凱基98購04  ,0,0,0,0,0,0,0,0,0,-12000,0,0,0,13000,25000,-12000,-12000
06866P,聯發科元大98售13,0,0,0,0,0,0,0,0,0,-12000,0,0,0,0,12000,-12000,-12000
06746P,聯發科群益99售02,0,0,0,0,0,0,0,0,0,-12000,0,0,0,0,12000,-12000,-12000
07048P,台積電中信03售01,0,0,0,0,0,0,0,0,0,-12000,0,0,0,0,12000,-12000,-12000
063274,鈺齊兆豐9B購01  ,0,0,0,0,0,0,0,0,0,-12000,0,0,0,0,12000,-12000,-12000
063356,台表科元富02購01,0,0,0,0,0,0,0,0,0,-12000,0,0,0,0,12000,-12000,-12000
07968P,國巨元大9B售09  ,0,0,0,0,0,0,0,0,0,-12000,0,0,0,23000,35000,-12000,-12000
07996P,亞德客凱基9B售03,0,0,0,0,0,0,0,0,0,-12000,0,0,0,30000,42000,-12000,-12000
5907,大洋-KY         ,25000,37000,-12000,0,0,0,0,0,0,0,0,0,0,0,0,0,-12000
061562,群創國票9B購01  ,0,0,0,0,0,0,0,0,0,-13000,0,0,0,0,13000,-13000,-13000
061765,義隆元大9B購01  ,0,0,0,0,0,0,0,0,0,-13000,0,0,0,32000,45000,-13000,-13000
061647,南六元大9A購03  ,0,0,0,0,0,0,0,0,0,-13000,0,0,0,58000,71000,-13000,-13000
060503,技嘉元大9A購01  ,0,0,0,0,0,0,0,0,0,-13000,0,0,0,162000,175000,-13000,-13000
060479,億豐元大9A購01  ,0,0,0,0,0,0,0,0,0,-13000,0,0,0,29000,42000,-13000,-13000
062038,鴻海凱基9B購05  ,0,0,0,0,0,0,0,0,0,-13000,0,0,0,1000,14000,-13000,-13000
061856,台郡國票9B購02  ,0,0,0,0,0,0,0,0,0,-13000,0,0,0,257000,270000,-13000,-13000
062148,奇鋐國票9B購01  ,0,1000,-1000,0,0,0,0,0,0,-12000,0,0,0,15000,27000,-12000,-13000
062940,華新科凱基9C購02,0,0,0,0,0,0,0,0,0,-13000,0,0,0,0,13000,-13000,-13000
056408,奇鋐國票99購01  ,0,0,0,0,0,0,0,0,0,-13000,0,0,0,14000,27000,-13000,-13000
055813,聯發科國票98購04,0,0,0,0,0,0,0,0,0,-13000,0,0,0,1000,14000,-13000,-13000
054258,牧德元大97購01  ,0,0,0,0,0,0,0,0,0,-13000,0,0,0,53000,66000,-13000,-13000
00731,FH富時高息低波  ,1000,0,1000,0,0,0,0,0,0,-14000,0,0,0,274000,288000,-14000,-13000
03437B,臺股指元富9C熊01,0,0,0,0,0,0,0,0,0,-13000,0,0,0,10000,23000,-13000,-13000
052388,旺宏群益96購05  ,0,0,0,0,0,0,0,0,0,-13000,0,0,0,9000,22000,-13000,-13000
054090,瑞昱群益97購01  ,0,0,0,0,0,0,0,0,0,-13000,0,0,0,5000,18000,-13000,-13000
058459,南電永豐99購01  ,0,0,0,0,0,0,0,0,0,-13000,0,0,0,60000,73000,-13000,-13000
059043,聯電日盛99購01  ,0,0,0,0,0,0,0,0,0,-13000,0,0,0,32000,45000,-13000,-13000
058544,FBVIX富邦9B購01 ,0,0,0,0,0,0,0,0,0,-13000,0,0,0,0,13000,-13000,-13000
057381,微星國泰9A購01  ,0,0,0,0,0,0,0,0,0,-13000,0,0,0,0,13000,-13000,-13000
057288,聯茂元大98購03  ,0,0,0,0,0,0,0,0,0,-13000,0,0,0,0,13000,-13000,-13000
059918,華新科元大99購20,0,0,0,0,0,0,0,0,0,-13000,0,0,0,44000,57000,-13000,-13000
058033,景碩永豐98購02  ,0,0,0,0,0,0,0,0,0,-13000,0,0,0,0,13000,-13000,-13000
060370,滬深2X元富04購01,0,0,0,0,0,0,0,0,0,-13000,0,0,0,2000,15000,-13000,-13000
8429,金麗-KY         ,34000,47000,-13000,0,0,0,0,0,0,0,0,0,0,0,0,0,-13000
07941P,國巨凱基9B售07  ,0,0,0,0,0,0,0,0,0,-13000,0,0,0,10000,23000,-13000,-13000
07667P,亞德客元大9A售05,0,0,0,0,0,0,0,0,0,-13000,0,0,0,0,13000,-13000,-13000
07365P,超眾元大99售07  ,0,0,0,0,0,0,0,0,0,-13000,0,0,0,0,13000,-13000,-13000
07267P,臺股指元大99售23,0,0,0,0,0,0,0,0,0,-13000,0,0,0,0,13000,-13000,-13000
06572P,台積電永昌99售01,0,0,0,0,0,0,0,0,0,-13000,0,0,0,487000,500000,-13000,-13000
07065P,臺股指元大9A售26,0,0,0,0,0,0,0,0,0,-13000,0,0,0,0,13000,-13000,-13000
06730P,祥碩元大98售07  ,0,0,0,0,0,0,0,0,0,-13000,0,0,0,0,13000,-13000,-13000
06780P,義隆元大98售02  ,0,0,0,0,0,0,0,0,0,-13000,0,0,0,32000,45000,-13000,-13000
06825P,臺股指國票98售01,0,0,0,0,0,0,0,0,0,-13000,0,0,0,25000,38000,-13000,-13000
062631,奇力新國票9B購01,0,0,0,0,0,0,0,0,0,-14000,0,0,0,2000,16000,-14000,-14000
062283,玉晶光群益01購01,0,0,0,0,0,0,0,0,0,-14000,0,0,0,10000,24000,-14000,-14000
062388,旭富國泰01購01  ,0,0,0,0,0,0,0,0,0,-14000,0,0,0,22000,36000,-14000,-14000
062305,遠東新凱基9B購01,0,0,0,0,0,0,0,0,0,-14000,0,0,0,0,14000,-14000,-14000
060709,緯穎富邦9B購01  ,0,0,0,0,0,0,0,0,0,-14000,0,0,0,101000,115000,-14000,-14000
060957,SP黃豆凱基9A購04,0,0,0,0,0,0,0,0,0,-14000,0,0,0,6000,20000,-14000,-14000
061671,台灣50元大9A購21,0,0,0,0,0,0,0,0,0,-14000,0,0,0,0,14000,-14000,-14000
061286,大立光統一9A購05,0,0,0,0,0,0,0,0,0,-14000,0,0,0,11000,25000,-14000,-14000
052696,玉晶光麥證97購01,0,0,0,70000,75000,-5000,0,0,0,-14000,0,0,0,71000,85000,-14000,-14000
0052,富邦科技        ,1000,0,1000,0,0,0,0,0,0,-15000,0,0,0,113000,128000,-15000,-14000
054556,世芯凱基99購01  ,0,0,0,0,0,0,0,0,0,-14000,0,0,0,10000,24000,-14000,-14000
055332,奇力新兆豐98購01,0,0,0,0,0,0,0,0,0,-14000,0,0,0,0,14000,-14000,-14000
060383,葡萄王凱基9A購01,0,0,0,0,0,0,0,0,0,-14000,0,0,0,31000,45000,-14000,-14000
058014,上銀凱基99購02  ,0,0,0,0,0,0,0,0,0,-14000,0,0,0,8000,22000,-14000,-14000
058314,欣興富邦9B購01  ,0,0,0,0,0,0,0,0,0,-14000,0,0,0,0,14000,-14000,-14000
058193,緯穎永豐99購01  ,0,0,0,0,0,0,0,0,0,-14000,0,0,0,11000,25000,-14000,-14000
058180,華新科國泰9A購01,0,0,0,0,0,0,0,0,0,-14000,0,0,0,141000,155000,-14000,-14000
058140,臻鼎元大99購02  ,0,0,0,0,0,0,0,0,0,-14000,0,0,0,257000,271000,-14000,-14000
057543,華通凱基99購02  ,0,0,0,0,0,0,0,0,0,-14000,0,0,0,10000,24000,-14000,-14000
056709,華通永豐98購01  ,0,0,0,0,0,0,0,0,0,-14000,0,0,0,0,14000,-14000,-14000
058473,上銀凱基9A購03  ,0,0,0,0,0,0,0,0,0,-14000,0,0,0,1000,15000,-14000,-14000
05954P,旺宏國票97售03  ,0,0,0,0,0,0,0,0,0,-14000,0,0,0,0,14000,-14000,-14000
058738,FBVIX中信03購04 ,0,0,0,0,0,0,0,0,0,-14000,0,0,0,0,14000,-14000,-14000
058698,華通元大99購05  ,0,0,0,0,0,0,0,0,0,-14000,0,0,0,33000,47000,-14000,-14000
06496P,台灣50日盛98售01,0,0,0,0,0,0,0,0,0,-14000,0,0,0,0,14000,-14000,-14000
9188,精熙-DR         ,0,14000,-14000,0,0,0,0,0,0,0,0,0,0,0,0,0,-14000
061717,力成凱基9B購01  ,0,0,0,0,0,0,0,0,0,-15000,0,0,0,45000,60000,-15000,-15000
060526,台積電中信9A購02,0,0,0,0,0,0,0,0,0,-15000,0,0,0,7000,22000,-15000,-15000
060546,旺宏凱基9A購02  ,0,0,0,0,0,0,0,0,0,-15000,0,0,0,0,15000,-15000,-15000
060420,神基永豐9A購01  ,0,0,0,0,0,0,0,0,0,-15000,0,0,0,0,15000,-15000,-15000
062040,玉晶光凱基01購01,0,0,0,0,0,0,0,0,0,-15000,0,0,0,0,15000,-15000,-15000
061964,台積電統一01購05,0,0,0,0,0,0,0,0,0,-15000,0,0,0,3000,18000,-15000,-15000
062609,帆宣凱基9B購01  ,0,0,0,0,0,0,0,0,0,-15000,0,0,0,199000,214000,-15000,-15000
062675,台積電台新9B購06,0,0,0,0,0,0,0,0,0,-15000,0,0,0,0,15000,-15000,-15000
062772,T50反1元大9B購06,0,0,0,0,0,0,0,0,0,-15000,0,0,0,0,15000,-15000,-15000
062871,大成鋼兆豐9B購01,0,0,0,0,0,0,0,0,0,-15000,0,0,0,85000,100000,-15000,-15000
063062,群創元富9B購01  ,0,0,0,0,0,0,0,0,0,-15000,0,0,0,0,15000,-15000,-15000
055911,可成凱基98購02  ,0,0,0,0,0,0,0,0,0,-15000,0,0,0,70000,85000,-15000,-15000
059088,台積電元大99購27,0,0,0,0,0,0,0,0,0,-15000,0,0,0,0,15000,-15000,-15000
056214,義隆國票99購01  ,0,0,0,0,0,0,0,0,0,-15000,0,0,0,24000,39000,-15000,-15000
055763,鎧勝群益97購01  ,0,0,0,0,0,0,0,0,0,-15000,0,0,0,15000,30000,-15000,-15000
00783,富邦中証500     ,0,0,0,0,0,0,0,0,0,-15000,0,0,0,809000,824000,-15000,-15000
052904,冠德國票97購01  ,0,0,0,0,0,0,0,0,0,-15000,0,0,0,0,15000,-15000,-15000
052937,國巨兆豐97購01  ,0,0,0,0,0,0,0,0,0,-15000,0,0,0,0,15000,-15000,-15000
053054,禾伸堂國票97購01,0,0,0,0,0,0,0,0,0,-15000,0,0,0,0,15000,-15000,-15000
053049,T50反1國票98購01,0,0,0,0,0,0,0,0,0,-15000,0,0,0,0,15000,-15000,-15000
055572,鴻海統一98購04  ,0,0,0,0,0,0,0,0,0,-15000,0,0,0,6000,21000,-15000,-15000
056484,聯茂元大98購02  ,0,0,0,0,0,0,0,0,0,-15000,0,0,0,0,15000,-15000,-15000
059164,旺宏凱基99購06  ,0,0,0,0,0,0,0,0,0,-15000,0,0,0,32000,47000,-15000,-15000
058358,技嘉凱基9A購01  ,0,0,0,0,0,0,0,0,0,-15000,0,0,0,3000,18000,-15000,-15000
058963,華新科兆豐99購05,0,0,0,0,0,0,0,0,0,-15000,0,0,0,0,15000,-15000,-15000
058589,群創中信01購01  ,0,0,0,0,0,0,0,0,0,-15000,0,0,0,0,15000,-15000,-15000
059288,旺宏元富99購03  ,0,0,0,0,0,0,0,0,0,-15000,0,0,0,0,15000,-15000,-15000
058322,玉晶光永豐99購02,0,0,0,0,0,0,0,0,0,-15000,0,0,0,100000,115000,-15000,-15000
058344,旺宏群益99購05  ,0,0,0,0,0,0,0,0,0,-15000,0,0,0,0,15000,-15000,-15000
057111,立積群益98購02  ,0,0,0,0,0,0,0,0,0,-15000,0,0,0,0,15000,-15000,-15000
059998,華航元富99購02  ,0,0,0,0,0,0,0,0,0,-15000,0,0,0,0,15000,-15000,-15000
059936,台積電永豐99購06,0,0,0,0,0,0,0,0,0,-15000,0,0,0,0,15000,-15000,-15000
059974,臺指反元大9C購05,0,0,0,0,0,0,0,0,0,-15000,0,0,0,5000,20000,-15000,-15000
057943,可成國票99購03  ,0,0,0,0,0,0,0,0,0,-15000,0,0,0,65000,80000,-15000,-15000
060060,台積電兆豐99購05,0,0,0,0,0,0,0,0,0,-15000,0,0,0,11000,26000,-15000,-15000
060194,旭富元富9A購01  ,0,0,0,0,0,0,0,0,0,-15000,0,0,0,30000,45000,-15000,-15000
3010,華立            ,43000,58000,-15000,0,0,0,0,0,0,0,0,0,0,0,0,0,-15000
2516,新建            ,34000,49000,-15000,0,0,0,0,0,0,0,0,0,0,0,0,0,-15000
2038,海光            ,16000,31000,-15000,0,0,0,0,0,0,0,0,0,0,0,0,0,-15000
1531,高林股          ,17000,32000,-15000,0,0,0,0,0,0,0,0,0,0,0,0,0,-15000
06515P,國巨凱基98售06  ,0,0,0,0,0,0,0,0,0,-15000,0,0,0,0,15000,-15000,-15000
063172,廣達中信9C購01  ,0,0,0,0,0,0,0,0,0,-15000,0,0,0,0,15000,-15000,-15000
06735P,奇力新凱基98售07,0,0,0,0,0,0,0,0,0,-15000,0,0,0,0,15000,-15000,-15000
06630P,國巨群益98售08  ,0,0,0,0,0,0,0,0,0,-15000,0,0,0,0,15000,-15000,-15000
07141P,台灣50國票9A售03,0,0,0,0,0,0,0,0,0,-15000,0,0,0,0,15000,-15000,-15000
07328P,FBVIX國泰9B售01 ,0,0,0,0,0,0,0,0,0,-15000,0,0,0,0,15000,-15000,-15000
07631P,臺股指凱基9A售12,0,0,0,0,0,0,0,0,0,-15000,0,0,0,0,15000,-15000,-15000
07606P,台灣50國票01售02,0,0,0,0,0,0,0,0,0,-15000,0,0,0,0,15000,-15000,-15000
08042P,臺股指群益9B售15,0,0,0,0,0,0,0,0,0,-15000,0,0,0,0,15000,-15000,-15000
07877P,晶技永豐9B售01  ,0,0,0,0,0,0,0,0,0,-15000,0,0,0,0,15000,-15000,-15000
07852P,臺股指國票9A售13,0,0,0,0,0,0,0,0,0,-15000,0,0,0,0,15000,-15000,-15000
07720P,臺股指群益9A售09,0,0,0,0,0,0,0,0,0,-15000,0,0,0,7000,22000,-15000,-15000
07756P,台灣50國票04售01,0,0,0,0,0,0,0,0,0,-15000,0,0,0,0,15000,-15000,-15000
063096,勤誠國票9B購02  ,0,0,0,0,0,0,0,0,0,-16000,0,0,0,101000,117000,-16000,-16000
062992,聯發科群益9B購09,0,0,0,0,0,0,0,0,0,-16000,0,0,0,0,16000,-16000,-16000
062827,神基群益9B購01  ,0,0,0,0,0,0,0,0,0,-16000,0,0,0,100000,116000,-16000,-16000
062599,鴻海台新9B購01  ,0,0,0,0,0,0,0,0,0,-16000,0,0,0,0,16000,-16000,-16000
062015,喬山永豐9B購01  ,0,0,0,0,0,0,0,0,0,-16000,0,0,0,162000,178000,-16000,-16000
062071,華通元大9B購02  ,0,0,0,0,0,0,0,0,0,-16000,0,0,0,5000,21000,-16000,-16000
061064,可成凱基9B購02  ,0,0,0,0,0,0,0,0,0,-16000,0,0,0,92000,108000,-16000,-16000
061679,健策元大9B購04  ,0,0,0,0,0,0,0,0,0,-16000,0,0,0,80000,96000,-16000,-16000
053111,緯創兆豐97購01  ,0,0,0,0,0,0,0,0,0,-16000,0,0,0,0,16000,-16000,-16000
053320,華新科群益97購01,0,0,0,0,0,0,0,0,0,-16000,0,0,0,0,16000,-16000,-16000
055809,T50反1國票98購02,0,0,0,0,0,0,0,0,0,-16000,0,0,0,0,16000,-16000,-16000
058762,貿聯群益99購03  ,0,0,0,0,0,0,0,0,0,-16000,0,0,0,5000,21000,-16000,-16000
058790,楠梓電元大99購03,0,0,0,0,0,0,0,0,0,-16000,0,0,0,5000,21000,-16000,-16000
058264,瑞昱永豐99購01  ,0,0,0,0,0,0,0,0,0,-16000,0,0,0,14000,30000,-16000,-16000
058156,超眾統一9A購02  ,0,0,0,0,0,0,0,0,0,-16000,0,0,0,310000,326000,-16000,-16000
058671,旺宏群益9A購01  ,0,0,0,0,0,0,0,0,0,-16000,0,0,0,10000,26000,-16000,-16000
057371,可成元大98購08  ,0,0,0,0,0,0,0,0,0,-16000,0,0,0,3000,19000,-16000,-16000
059292,華新科元富9B購02,0,0,0,0,0,0,0,0,0,-16000,0,0,0,0,16000,-16000,-16000
059648,台表科凱基99購03,0,0,0,0,0,0,0,0,0,-16000,0,0,0,0,16000,-16000,-16000
059359,精元永豐99購01  ,0,0,0,0,0,0,0,0,0,-16000,0,0,0,837000,853000,-16000,-16000
059532,華新科凱基9B購03,0,0,0,0,0,0,0,0,0,-16000,0,0,0,0,16000,-16000,-16000
058440,玉晶光統一99購02,0,0,0,0,0,0,0,0,0,-16000,0,0,0,5000,21000,-16000,-16000
07883P,可成凱基9B售03  ,0,0,0,0,0,0,0,0,0,-16000,0,0,0,2000,18000,-16000,-16000
07903P,台積電群益9B售03,0,0,0,0,0,0,0,0,0,-16000,0,0,0,0,16000,-16000,-16000
07301P,臺股指元大9A售34,0,0,0,0,0,0,0,0,0,-16000,0,0,0,0,16000,-16000,-16000
06377P,華通統一97售04  ,0,0,0,0,0,0,0,0,0,-16000,0,0,0,0,16000,-16000,-16000
1732,毛寶            ,9000,28000,-19000,0,0,0,0,0,0,3000,4000,1000,3000,0,0,0,-16000
8422,可寧衛          ,21000,37000,-16000,0,0,0,0,0,0,0,0,0,0,0,0,0,-16000
8103,瀚荃            ,10000,26000,-16000,0,0,0,0,0,0,0,0,0,0,0,0,0,-16000
060885,世紀鋼中信9A購01,0,0,0,0,0,0,0,0,0,-17000,0,0,0,33000,50000,-17000,-17000
060397,群創國票9A購01  ,0,0,0,0,0,0,0,0,0,-17000,0,0,0,0,17000,-17000,-17000
061958,鴻海統一01購01  ,0,0,0,0,0,0,0,0,0,-17000,0,0,0,21000,38000,-17000,-17000
06214P,國巨國票98售04  ,0,0,0,0,0,0,0,0,0,-17000,0,0,0,15000,32000,-17000,-17000
062468,台積電凱基9B購06,0,0,0,0,0,0,0,0,0,-17000,0,0,0,0,17000,-17000,-17000
062662,友達群益9B購02  ,0,0,0,0,0,0,0,0,0,-17000,0,0,0,94000,111000,-17000,-17000
062651,世紀鋼富邦9C購01,0,0,0,0,0,0,0,0,0,-17000,0,0,0,3000,20000,-17000,-17000
063101,華通群益9B購07  ,0,0,0,0,0,0,0,0,0,-17000,0,0,0,0,17000,-17000,-17000
058761,欣興群益99購02  ,0,0,0,0,0,0,0,0,0,-17000,0,0,0,3000,20000,-17000,-17000
055333,晶豪科兆豐97購01,0,0,0,0,0,0,0,0,0,-17000,0,0,0,50000,67000,-17000,-17000
054215,創意國票97購02  ,0,0,0,0,0,0,0,0,0,-17000,0,0,0,21000,38000,-17000,-17000
056272,嘉澤統一99購01  ,0,0,0,0,0,0,0,0,0,-17000,0,0,0,0,17000,-17000,-17000
053503,臻鼎兆豐97購01  ,0,0,0,0,0,0,0,0,0,-17000,0,0,0,3000,20000,-17000,-17000
057423,台郡凱基98購06  ,0,0,0,0,0,0,0,0,0,-17000,0,0,0,47000,64000,-17000,-17000
060234,凱美元大9C購01  ,0,0,0,0,0,0,0,0,0,-17000,0,0,0,0,17000,-17000,-17000
060163,健策永豐9B購01  ,0,0,0,0,0,0,0,0,0,-17000,0,0,0,77000,94000,-17000,-17000
057094,祥碩元富98購01  ,0,0,0,0,0,0,0,0,0,-17000,0,0,0,0,17000,-17000,-17000
3593,力銘            ,4000,22000,-18000,0,0,0,0,0,0,1000,1000,0,1000,0,0,0,-17000
063322,台郡群益9B購02  ,0,0,0,0,0,0,0,0,0,-17000,0,0,0,0,17000,-17000,-17000
06558P,旺宏元富98售02  ,0,0,0,0,0,0,0,0,0,-17000,0,0,0,0,17000,-17000,-17000
07022P,嘉晶永豐99售02  ,0,0,0,0,0,0,0,0,0,-17000,0,0,0,8000,25000,-17000,-17000
06622P,牧德元大98售01  ,0,0,0,0,0,0,0,0,0,-17000,0,0,0,3000,20000,-17000,-17000
062947,國巨富邦01購01  ,0,0,0,0,0,0,0,0,0,-18000,0,0,0,104000,122000,-18000,-18000
062795,國巨統一9B購15  ,0,0,0,0,0,0,0,0,0,-18000,0,0,0,5000,23000,-18000,-18000
062296,南六永豐9B購02  ,0,0,0,0,0,0,0,0,0,-18000,0,0,0,2000,20000,-18000,-18000
061937,聯發科國票9B購02,0,0,0,0,0,0,0,0,0,-18000,0,0,0,10000,28000,-18000,-18000
060432,達方永豐9A購01  ,0,0,0,0,0,0,0,0,0,-18000,0,0,0,120000,138000,-18000,-18000
060478,南電元大9A購01  ,0,0,0,0,0,0,0,0,0,-18000,0,0,0,90000,108000,-18000,-18000
060677,京元電元大9A購04,0,0,0,0,0,0,0,0,0,-18000,0,0,0,65000,83000,-18000,-18000
061750,台達電台新9B購01,0,0,0,0,0,0,0,0,0,-18000,0,0,0,15000,33000,-18000,-18000
061735,上銀凱基9B購01  ,0,0,0,0,0,0,0,0,0,-18000,0,0,0,0,18000,-18000,-18000
052555,漢唐國票97購01  ,0,0,0,0,0,0,0,0,0,-18000,0,0,0,0,18000,-18000,-18000
056508,揚明光永豐98購01,0,0,0,0,0,0,0,0,0,-18000,0,0,0,12000,30000,-18000,-18000
03039X,元展36          ,0,0,0,0,0,0,0,0,0,-18000,0,0,0,0,18000,-18000,-18000
051078,力山富邦97購01  ,0,0,0,0,0,0,0,0,0,-18000,0,0,0,202000,220000,-18000,-18000
051544,T50反1康和98購01,0,0,0,0,0,0,0,0,0,-18000,0,0,0,62000,80000,-18000,-18000
055773,瑞昱凱基97購03  ,0,0,0,0,0,0,0,0,0,-18000,0,0,0,0,18000,-18000,-18000
055962,晶豪科元大97購02,0,0,0,0,0,0,0,0,0,-18000,0,0,0,79000,97000,-18000,-18000
059197,可成永豐99購02  ,0,0,0,0,0,0,0,0,0,-18000,0,0,0,63000,81000,-18000,-18000
057017,和大凱基98購01  ,0,0,0,0,0,0,0,0,0,-18000,0,0,0,32000,50000,-18000,-18000
060146,健策國票9A購03  ,0,0,0,0,0,0,0,0,0,-18000,0,0,0,95000,113000,-18000,-18000
058735,南茂永豐99購01  ,0,0,0,0,0,0,0,0,0,-18000,0,0,0,50000,68000,-18000,-18000
058746,華通凱基9A購02  ,0,0,0,0,0,0,0,0,0,-18000,0,0,0,0,18000,-18000,-18000
056578,智易元大99購02  ,0,0,0,0,0,0,0,0,0,-18000,0,0,0,30000,48000,-18000,-18000
057613,瑞昱元富02購02  ,0,0,0,0,0,0,0,0,0,-18000,0,0,0,0,18000,-18000,-18000
056715,瀚宇博永豐98購01,0,0,0,0,0,0,0,0,0,-18000,0,0,0,12000,30000,-18000,-18000
059872,華新科凱基01購01,0,0,0,0,0,0,0,0,0,-18000,0,0,0,32000,50000,-18000,-18000
07632P,臺股指凱基9A售14,0,0,0,0,0,0,0,0,0,-18000,0,0,0,0,18000,-18000,-18000
3669,圓展            ,69000,87000,-18000,0,0,0,0,0,0,0,0,0,0,0,0,0,-18000
061406,華通國票9A購06  ,0,0,0,0,0,0,0,0,0,-19000,0,0,0,14000,33000,-19000,-19000
060941,台積電國票9B購04,0,0,0,0,0,0,0,0,0,-19000,0,0,0,0,19000,-19000,-19000
061943,上銀群益9B購02  ,0,0,0,0,0,0,0,0,0,-19000,0,0,0,248000,267000,-19000,-19000
061982,聯發科元大9B購03,0,0,0,0,0,0,0,0,0,-19000,0,0,0,6000,25000,-19000,-19000
062833,世芯群益9B購01  ,0,0,0,0,0,0,0,0,0,-19000,0,0,0,28000,47000,-19000,-19000
062923,緯穎元大9B購06  ,0,0,0,0,0,0,0,0,0,-19000,0,0,0,46000,65000,-19000,-19000
058895,鴻海元大99購20  ,0,0,0,0,0,0,0,0,0,-19000,0,0,0,2000,21000,-19000,-19000
055034,建準富邦99購01  ,0,0,0,0,0,0,0,0,0,-19000,0,0,0,6000,25000,-19000,-19000
058557,健策第一01購01  ,0,0,0,0,0,0,0,0,0,-19000,0,0,0,41000,60000,-19000,-19000
058378,南電凱基99購01  ,0,0,0,0,0,0,0,0,0,-19000,0,0,0,51000,70000,-19000,-19000
059018,滬深2X統一9A購01,0,0,0,0,0,0,0,0,0,-19000,0,0,0,0,19000,-19000,-19000
058712,鴻海統一9B購03  ,0,0,0,0,0,0,0,0,0,-19000,0,0,0,1000,20000,-19000,-19000
057063,立積國泰9A購01  ,0,0,0,0,0,0,0,0,0,-19000,0,0,0,1000,20000,-19000,-19000
059930,健策富邦9B購01  ,0,0,0,0,0,0,0,0,0,-19000,0,0,0,33000,52000,-19000,-19000
05730P,臺股指凱基97售03,0,0,0,0,0,0,0,0,0,-19000,0,0,0,1000,20000,-19000,-19000
1723,中碳            ,47000,66000,-19000,0,0,0,0,0,0,0,0,0,0,0,0,0,-19000
063304,大立光凱基01購02,0,0,0,0,0,0,0,0,0,-19000,0,0,0,0,19000,-19000,-19000
062909,大立光元大9C購04,0,0,0,0,0,0,0,0,0,-20000,0,0,0,0,20000,-20000,-20000
062793,鴻海統一9B購06  ,0,0,0,0,0,0,0,0,0,-20000,0,0,0,0,20000,-20000,-20000
062671,國泰金中信03購01,0,0,0,0,0,0,0,0,0,-20000,0,0,0,0,20000,-20000,-20000
062525,鴻海統一9C購10  ,0,0,0,0,0,0,0,0,0,-20000,0,0,0,0,20000,-20000,-20000
062509,SP黃豆國票9B購03,0,0,0,0,0,0,0,0,0,-20000,0,0,0,0,20000,-20000,-20000
062585,鴻海統一9C購14  ,0,0,0,0,0,0,0,0,0,-20000,0,0,0,0,20000,-20000,-20000
062066,元黃金元大9B購01,0,0,0,0,0,0,0,0,0,-20000,0,0,0,0,20000,-20000,-20000
062054,鴻海統一9C購06  ,0,0,0,0,0,0,0,0,0,-20000,0,0,0,0,20000,-20000,-20000
061916,元金2X凱基02購01,0,0,0,0,0,0,0,0,0,-20000,0,0,0,0,20000,-20000,-20000
06177P,玉晶光元大98售07,0,0,0,0,0,0,0,0,0,-20000,0,0,0,0,20000,-20000,-20000
062320,南電凱基9B購03  ,0,0,0,0,0,0,0,0,0,-20000,0,0,0,0,20000,-20000,-20000
062316,康控凱基9B購03  ,0,0,0,0,0,0,0,0,0,-20000,0,0,0,10000,30000,-20000,-20000
062295,康友永豐9B購01  ,0,0,0,0,0,0,0,0,0,-20000,0,0,0,0,20000,-20000,-20000
06243P,亞光元富97售01  ,0,0,0,0,0,0,0,0,0,-20000,0,0,0,0,20000,-20000,-20000
062118,華新科中信9B購02,0,0,0,0,0,0,0,0,0,-20000,0,0,0,0,20000,-20000,-20000
062263,康控元大9B購03  ,0,0,0,0,0,0,0,0,0,-20000,0,0,0,13000,33000,-20000,-20000
060852,京鼎國泰9B購01  ,0,0,0,0,0,0,0,0,0,-20000,0,0,0,1000,21000,-20000,-20000
060800,華新科第一9A購01,0,0,0,0,0,0,0,0,0,-20000,0,0,0,0,20000,-20000,-20000
060586,玉晶光元富9A購03,0,0,0,0,0,0,0,0,0,-20000,0,0,0,10000,30000,-20000,-20000
060648,鴻海第一9A購01  ,0,0,0,0,0,0,0,0,0,-20000,0,0,0,0,20000,-20000,-20000
060656,國巨統一9C購03  ,0,0,0,0,0,0,0,0,0,-20000,0,0,0,0,20000,-20000,-20000
061328,T50反1元大9A購12,0,0,0,0,0,0,0,0,0,-20000,0,0,0,0,20000,-20000,-20000
061162,南電群益9A購02  ,0,0,0,0,0,0,0,0,0,-20000,0,0,0,0,20000,-20000,-20000
061175,台積電凱基9A購19,0,0,0,0,0,0,0,0,0,-20000,0,0,0,0,20000,-20000,-20000
061170,南茂兆豐9B購01  ,0,0,0,0,0,0,0,0,0,-20000,0,0,0,10000,30000,-20000,-20000
061657,智原國票9A購01  ,0,0,0,0,0,0,0,0,0,-20000,0,0,0,0,20000,-20000,-20000
061601,台積電凱基9A購26,0,0,0,0,0,0,0,0,0,-20000,0,0,0,0,20000,-20000,-20000
061464,瑞昱群益9A購01  ,0,0,0,0,0,0,0,0,0,-20000,0,0,0,11000,31000,-20000,-20000
055056,億光永豐97購01  ,0,0,0,0,0,0,0,0,0,-20000,0,0,0,0,20000,-20000,-20000
055080,正崴中信99購01  ,0,0,0,0,0,0,0,0,0,-20000,0,0,0,0,20000,-20000,-20000
055909,大成鋼凱基98購02,0,0,0,0,0,0,0,0,0,-20000,0,0,0,0,20000,-20000,-20000
055905,可成兆豐97購03  ,0,0,0,0,0,0,0,0,0,-20000,0,0,0,0,20000,-20000,-20000
055008,隆達元富97購01  ,0,0,0,0,0,0,0,0,0,-20000,0,0,0,0,20000,-20000,-20000
055021,亞德客國泰98購01,0,0,0,0,0,0,0,0,0,-20000,0,0,0,0,20000,-20000,-20000
054511,香港反元大98購01,0,0,0,0,0,0,0,0,0,-20000,0,0,0,0,20000,-20000,-20000
055203,建準中信97購01  ,0,0,0,0,0,0,0,0,0,-20000,0,0,0,192000,212000,-20000,-20000
055093,京鼎群益98購01  ,0,0,0,0,0,0,0,0,0,-20000,0,0,0,0,20000,-20000,-20000
058937,仁寶中信99購01  ,0,0,0,0,0,0,0,0,0,-20000,0,0,0,0,20000,-20000,-20000
058832,立積永豐99購01  ,0,0,0,0,0,0,0,0,0,-20000,0,0,0,10000,30000,-20000,-20000
054591,GIS國泰98購01   ,0,0,0,0,0,0,0,0,0,-20000,0,0,0,0,20000,-20000,-20000
054569,GIS群益98購01   ,0,0,0,0,0,0,0,0,0,-20000,0,0,0,83000,103000,-20000,-20000
054798,超眾群益97購01  ,0,0,0,0,0,0,0,0,0,-20000,0,0,0,0,20000,-20000,-20000
054750,聯茂凱基98購02  ,0,0,0,0,0,0,0,0,0,-20000,0,0,0,0,20000,-20000,-20000
056128,和大中信99購01  ,0,0,0,0,0,0,0,0,0,-20000,0,0,0,0,20000,-20000,-20000
05631P,國巨富邦9A售01  ,0,0,0,0,0,0,0,0,0,-20000,0,0,0,130000,150000,-20000,-20000
056437,台積電凱基98購11,0,0,0,0,0,0,0,0,0,-20000,0,0,0,0,20000,-20000,-20000
051510,新光金中信97購01,0,0,0,0,0,0,0,0,0,-20000,0,0,0,0,20000,-20000,-20000
051511,鈺齊中信97購01  ,0,0,0,0,0,0,0,0,0,-20000,0,0,0,30000,50000,-20000,-20000
053783,聯發科元大96購17,0,0,0,0,0,0,0,0,0,-20000,0,0,0,0,20000,-20000,-20000
053965,聯電元大98購04  ,0,0,0,0,0,0,0,0,0,-20000,0,0,0,0,20000,-20000,-20000
047213,新日興富邦97購01,0,0,0,0,0,0,0,0,0,-20000,0,0,0,130000,150000,-20000,-20000
049463,華新科富邦97購01,0,0,0,0,0,0,0,0,0,-20000,0,0,0,0,20000,-20000,-20000
053677,同欣電國泰97購01,0,0,0,0,0,0,0,0,0,-20000,0,0,0,0,20000,-20000,-20000
050842,旺宏國票97購01  ,0,0,0,0,0,0,0,0,0,-20000,0,0,0,0,20000,-20000,-20000
050227,大立光中信96購01,0,0,0,0,0,0,0,0,0,-20000,0,0,0,0,20000,-20000,-20000
056534,京元電凱基98購01,0,0,0,0,0,0,0,0,0,-20000,0,0,0,32000,52000,-20000,-20000
055534,晶技群益97購03  ,0,0,0,0,0,0,0,0,0,-20000,0,0,0,100000,120000,-20000,-20000
054111,緯穎凱基97購01  ,0,0,0,0,0,0,0,0,0,-20000,0,0,0,4000,24000,-20000,-20000
05242P,群創國泰97售01  ,0,0,0,0,0,0,0,0,0,-20000,0,0,0,0,20000,-20000,-20000
052618,群創國泰98購01  ,0,0,0,0,0,0,0,0,0,-20000,0,0,0,0,20000,-20000,-20000
053612,T50反1群益96購01,0,0,0,0,0,0,0,0,0,-20000,0,0,0,0,20000,-20000,-20000
05305P,華新科國泰97售01,0,0,0,0,0,0,0,0,0,-20000,0,0,0,50000,70000,-20000,-20000
051919,台郡元大96購02  ,0,0,0,0,0,0,0,0,0,-20000,0,0,0,10000,30000,-20000,-20000
053486,T50反1兆豐96購01,0,0,0,0,0,0,0,0,0,-20000,0,0,0,0,20000,-20000,-20000
057328,京鼎群益99購02  ,0,0,0,0,0,0,0,0,0,-20000,0,0,0,0,20000,-20000,-20000
057410,南電群益98購01  ,0,0,0,0,0,0,0,0,0,-20000,0,0,0,0,20000,-20000,-20000
057479,致茂元大98購03  ,0,0,0,0,0,0,0,0,0,-20000,0,0,0,29000,49000,-20000,-20000
058669,上銀群益99購01  ,0,0,0,0,0,0,0,0,0,-20000,0,0,0,0,20000,-20000,-20000
058164,FBVIX凱基03購02 ,0,0,0,0,0,0,0,0,0,-20000,0,0,0,0,20000,-20000,-20000
05815P,台積電凱基97售06,0,0,0,0,0,0,0,0,0,-20000,0,0,0,0,20000,-20000,-20000
058088,鴻海元大9A購01  ,0,0,0,0,0,0,0,0,0,-20000,0,0,0,0,20000,-20000,-20000
058339,康友元富99購02  ,0,0,0,0,0,0,0,0,0,-20000,0,0,0,0,20000,-20000,-20000
057104,康友中信99購01  ,0,0,0,0,0,0,0,0,0,-20000,0,0,0,0,20000,-20000,-20000
057024,義隆凱基99購01  ,0,0,0,0,0,0,0,0,0,-20000,0,0,0,0,20000,-20000,-20000
058021,牧德凱基98購02  ,0,0,0,0,0,0,0,0,0,-20000,0,0,0,0,20000,-20000,-20000
058022,樺漢凱基99購02  ,0,0,0,0,0,0,0,0,0,-20000,0,0,0,0,20000,-20000,-20000
060052,宏碁凱基99購01  ,0,0,0,0,0,0,0,0,0,-20000,0,0,0,69000,89000,-20000,-20000
060286,佳世達元大9C購01,0,0,0,0,0,0,0,0,0,-20000,0,0,0,50000,70000,-20000,-20000
058711,鴻海統一9A購02  ,0,0,0,0,0,0,0,0,0,-20000,0,0,0,0,20000,-20000,-20000
058499,滬深2X元大9C購01,0,0,0,0,0,0,0,0,0,-20000,0,0,0,0,20000,-20000,-20000
056763,國巨元大99購02  ,0,0,0,0,0,0,0,0,0,-20000,0,0,0,15000,35000,-20000,-20000
059031,元石油中信03購01,0,0,0,0,0,0,0,0,0,-20000,0,0,0,0,20000,-20000,-20000
056665,上証2X國票99購02,0,0,0,0,0,0,0,0,0,-20000,0,0,0,0,20000,-20000,-20000
058571,緯穎凱基9A購02  ,0,0,0,0,0,0,0,0,0,-20000,0,0,0,0,20000,-20000,-20000
057232,京元電凱基98購02,0,0,0,0,0,0,0,0,0,-20000,0,0,0,0,20000,-20000,-20000
059539,緯穎凱基99購03  ,0,0,0,0,0,0,0,0,0,-20000,0,0,0,0,20000,-20000,-20000
059654,T50反1元大99購09,0,0,0,0,0,0,0,0,0,-20000,0,0,0,0,20000,-20000,-20000
059669,台灣50元富9B購05,0,0,0,0,0,0,0,0,0,-20000,0,0,0,13000,33000,-20000,-20000
059311,元石油元大99購04,0,0,0,0,0,0,0,0,0,-20000,0,0,0,0,20000,-20000,-20000
063281,京元電元大9B購01,0,0,0,0,0,0,0,0,0,-20000,0,0,0,0,20000,-20000,-20000
063244,華新科元大9B購11,0,0,0,0,0,0,0,0,0,-20000,0,0,0,5000,25000,-20000,-20000
063141,聯發科統一9C購10,0,0,0,0,0,0,0,0,0,-20000,0,0,0,0,20000,-20000,-20000
06539P,聯發科凱基98售12,0,0,0,0,0,0,0,0,0,-20000,0,0,0,0,20000,-20000,-20000
063306,聯茂凱基9C購01  ,0,0,0,0,0,0,0,0,0,-20000,0,0,0,0,20000,-20000,-20000
063341,燿華統一9C購01  ,0,0,0,0,0,0,0,0,0,-20000,0,0,0,0,20000,-20000,-20000
06638P,鴻海統一99售02  ,0,0,0,0,0,0,0,0,0,-20000,0,0,0,207000,227000,-20000,-20000
06672P,聯發科群益98售05,0,0,0,0,0,0,0,0,0,-20000,0,0,0,0,20000,-20000,-20000
06689P,鴻海中信9C售02  ,0,0,0,0,0,0,0,0,0,-20000,0,0,0,0,20000,-20000,-20000
06751P,旺宏凱基98售10  ,0,0,0,0,0,0,0,0,0,-20000,0,0,0,0,20000,-20000,-20000
06778P,台積電元大99售06,0,0,0,0,0,0,0,0,0,-20000,0,0,0,0,20000,-20000,-20000
06865P,亞德客元大98售04,0,0,0,0,0,0,0,0,0,-20000,0,0,0,30000,50000,-20000,-20000
06834P,訊芯群益99售02  ,0,0,0,0,0,0,0,0,0,-20000,0,0,0,0,20000,-20000,-20000
06980P,緯穎永豐99售02  ,0,0,0,0,0,0,0,0,0,-20000,0,0,0,20000,40000,-20000,-20000
06996P,臺股指凱基99售17,0,0,0,0,0,0,0,0,0,-20000,0,0,0,0,20000,-20000,-20000
07169P,臺股指國票99售06,0,0,0,0,0,0,0,0,0,-20000,0,0,0,0,20000,-20000,-20000
07098P,台積電元大99售18,0,0,0,0,0,0,0,0,0,-20000,0,0,0,0,20000,-20000,-20000
07608P,台灣50國票9C售03,0,0,0,0,0,0,0,0,0,-20000,0,0,0,0,20000,-20000,-20000
07571P,台灣50元大9A售14,0,0,0,0,0,0,0,0,0,-20000,0,0,0,0,20000,-20000,-20000
07342P,大立光凱基99售14,0,0,0,0,0,0,0,0,0,-20000,0,0,0,20000,40000,-20000,-20000
07343P,高鐵康和99售01  ,0,0,0,0,0,0,0,0,0,-20000,0,0,0,0,20000,-20000,-20000
07243P,台灣50凱基9A售04,0,0,0,0,0,0,0,0,0,-20000,0,0,0,0,20000,-20000,-20000
07897P,臺股指元大9B售17,0,0,0,0,0,0,0,0,0,-20000,0,0,0,0,20000,-20000,-20000
07995P,臺股指麥證9C售01,0,0,0,1000,21000,-20000,0,0,0,-20000,0,0,0,1000,21000,-20000,-20000
08040P,臺股指群益9B售13,0,0,0,0,0,0,0,0,0,-20000,0,0,0,0,20000,-20000,-20000
08011P,玉晶光元大9B售05,0,0,0,0,0,0,0,0,0,-20000,0,0,0,10000,30000,-20000,-20000
08084P,台表科元大9B售06,0,0,0,0,0,0,0,0,0,-20000,0,0,0,5000,25000,-20000,-20000
07787P,國巨凱基9A售17  ,0,0,0,0,0,0,0,0,0,-20000,0,0,0,0,20000,-20000,-20000
07888P,大立光國票9B售01,0,0,0,0,0,0,0,0,0,-20000,0,0,0,5000,25000,-20000,-20000
2425,承啟            ,25000,46000,-21000,0,0,0,0,0,0,1000,1000,0,1000,0,0,0,-20000
8454,富邦媒          ,43000,90000,-47000,0,0,0,4000,0,4000,23000,34000,11000,23000,0,0,0,-20000
060570,南亞科永豐9A購01,0,0,0,0,0,0,0,0,0,-21000,0,0,0,0,21000,-21000,-21000
060396,友達國票9A購01  ,0,0,0,0,0,0,0,0,0,-21000,0,0,0,78000,99000,-21000,-21000
06212P,華新科元大97售11,0,0,0,0,0,0,0,0,0,-21000,0,0,0,4000,25000,-21000,-21000
062432,上銀元大9B購04  ,0,0,0,0,0,0,0,0,0,-21000,0,0,0,37000,58000,-21000,-21000
061986,晶豪科元大9B購01,0,0,0,0,0,0,0,0,0,-21000,0,0,0,127000,148000,-21000,-21000
061992,祥碩元大9B購02  ,0,0,0,0,0,0,0,0,0,-21000,0,0,0,8000,29000,-21000,-21000
053198,亞德客日盛96購01,0,0,0,0,0,0,0,0,0,-21000,0,0,0,0,21000,-21000,-21000
00636,國泰中國A50     ,0,216000,-216000,0,0,0,0,0,0,195000,0,0,0,317000,122000,195000,-21000
03047X,元展44          ,0,0,0,0,0,0,0,0,0,-21000,0,0,0,0,21000,-21000,-21000
053950,緯穎富邦97購02  ,0,0,0,0,0,0,0,0,0,-21000,0,0,0,0,21000,-21000,-21000
056157,聯詠凱基97購03  ,0,0,0,0,0,0,0,0,0,-21000,0,0,0,59000,80000,-21000,-21000
054426,國泰金富邦97購02,0,0,0,0,0,0,0,0,0,-21000,0,0,0,27000,48000,-21000,-21000
058829,華新科永豐99購04,0,0,0,0,0,0,0,0,0,-21000,0,0,0,7000,28000,-21000,-21000
054840,T50反1兆豐98購01,0,0,0,0,0,0,0,0,0,-21000,0,0,0,0,21000,-21000,-21000
059884,鴻海國票99購09  ,0,0,0,0,0,0,0,0,0,-21000,0,0,0,1000,22000,-21000,-21000
058372,欣興凱基99購03  ,0,0,0,0,0,0,0,0,0,-21000,0,0,0,0,21000,-21000,-21000
05658P,日月光元富96售02,0,0,0,0,0,0,0,0,0,-21000,0,0,0,41000,62000,-21000,-21000
056618,京元電永豐98購01,0,0,0,0,0,0,0,0,0,-21000,0,0,0,36000,57000,-21000,-21000
06004P,奇力新永豐96售02,0,0,0,0,0,0,0,0,0,-21000,0,0,0,7000,28000,-21000,-21000
06009P,宏達電元富96售03,0,0,0,0,0,0,0,0,0,-21000,0,0,0,0,21000,-21000,-21000
060235,瑞昱元大9A購01  ,0,0,0,0,0,0,0,0,0,-21000,0,0,0,40000,61000,-21000,-21000
057008,華新科中信99購02,0,0,0,0,0,0,0,0,0,-21000,0,0,0,0,21000,-21000,-21000
058253,臺股指元大9A購17,0,0,0,0,0,0,0,0,0,-21000,0,0,0,0,21000,-21000,-21000
057353,玉晶光統一99購01,0,0,0,0,0,0,0,0,0,-21000,0,0,0,20000,41000,-21000,-21000
058602,台積電元大99購11,0,0,0,0,0,0,0,0,0,-21000,0,0,0,2000,23000,-21000,-21000
063384,巨大永豐9B購04  ,0,0,0,0,0,0,0,0,0,-21000,0,0,0,0,21000,-21000,-21000
06521P,矽力元大98售01  ,0,0,0,0,0,0,0,0,0,-21000,0,0,0,0,21000,-21000,-21000
062663,聯發科群益9B購07,0,0,0,0,0,0,0,0,0,-22000,0,0,0,41000,63000,-22000,-22000
062998,泰碩國票01購01  ,0,0,0,0,0,0,0,0,0,-22000,0,0,0,0,22000,-22000,-22000
063077,巨大永豐9B購03  ,0,0,0,0,0,0,0,0,0,-22000,0,0,0,214000,236000,-22000,-22000
060706,群創富邦9A購01  ,0,0,0,0,0,0,0,0,0,-22000,0,0,0,20000,42000,-22000,-22000
060966,台表科凱基9B購01,0,0,0,0,0,0,0,0,0,-22000,0,0,0,90000,112000,-22000,-22000
061524,華通凱基9A購07  ,0,0,0,0,0,0,0,0,0,-22000,0,0,0,0,22000,-22000,-22000
054916,聯發科凱基98購04,0,0,0,0,0,0,0,0,0,-22000,0,0,0,26000,48000,-22000,-22000
058810,國巨統一9B購04  ,0,0,0,0,0,0,0,0,0,-22000,0,0,0,20000,42000,-22000,-22000
059072,元油2X元大9C購13,0,0,0,0,0,0,0,0,0,-22000,0,0,0,0,22000,-22000,-22000
054298,台表科元大97購03,0,0,0,0,0,0,0,0,0,-22000,0,0,0,2000,24000,-22000,-22000
056444,南亞科凱基99購01,0,0,0,0,0,0,0,0,0,-22000,0,0,0,0,22000,-22000,-22000
057964,緯穎元大99購03  ,0,0,0,0,0,0,0,0,0,-22000,0,0,0,27000,49000,-22000,-22000
058118,瑞昱群益99購01  ,0,0,0,0,0,0,0,0,0,-22000,0,0,0,49000,71000,-22000,-22000
058019,美律凱基99購04  ,0,0,0,0,0,0,0,0,0,-22000,0,0,0,1000,23000,-22000,-22000
059921,大立光元大99購24,0,0,0,0,0,0,0,0,0,-22000,0,0,0,0,22000,-22000,-22000
05998P,台積電元大97售12,0,0,0,0,0,0,0,0,0,-22000,0,0,0,0,22000,-22000,-22000
057938,台表科群益98購02,0,0,0,0,0,0,0,0,0,-22000,0,0,0,4000,26000,-22000,-22000
060145,牧德國票9A購02  ,0,0,0,0,0,0,0,0,0,-22000,0,0,0,3000,25000,-22000,-22000
060254,世紀鋼元大9A購01,0,0,0,0,0,0,0,0,0,-22000,0,0,0,38000,60000,-22000,-22000
060384,葡萄王凱基9B購01,0,0,0,0,0,0,0,0,0,-22000,0,0,0,0,22000,-22000,-22000
057675,同欣電元大98購02,0,0,0,0,0,0,0,0,0,-22000,0,0,0,149000,171000,-22000,-22000
059558,T50正2凱基9C購03,0,0,0,0,0,0,0,0,0,-22000,0,0,0,10000,32000,-22000,-22000
056895,技嘉元大98購01  ,0,0,0,0,0,0,0,0,0,-22000,0,0,0,9000,31000,-22000,-22000
059317,台積電元大99購34,0,0,0,0,0,0,0,0,0,-22000,0,0,0,0,22000,-22000,-22000
06935P,神達元大98售02  ,0,0,0,0,0,0,0,0,0,-22000,0,0,0,0,22000,-22000,-22000
07180P,臺股指凱基99售22,0,0,0,0,0,0,0,0,0,-22000,0,0,0,0,22000,-22000,-22000
3702A,大聯大甲特      ,0,0,0,0,0,0,0,0,0,-22000,0,22000,-22000,0,0,0,-22000
061485,鴻海兆豐9A購01  ,0,0,0,0,0,0,0,0,0,-23000,0,0,0,10000,33000,-23000,-23000
061507,南電國票9A購05  ,0,0,0,0,0,0,0,0,0,-23000,0,0,0,16000,39000,-23000,-23000
061388,台積電群益9A購05,0,0,0,0,0,0,0,0,0,-23000,0,0,0,15000,38000,-23000,-23000
061039,台表科永豐9A購03,0,0,0,0,0,0,0,0,0,-23000,0,0,0,0,23000,-23000,-23000
06090P,旺宏統一97售06  ,0,0,0,0,0,0,0,0,0,-23000,0,0,0,0,23000,-23000,-23000
060617,華新科元大9A購08,0,0,0,0,0,0,0,0,0,-23000,0,0,0,0,23000,-23000,-23000
06179P,國巨群益97售04  ,0,0,0,0,0,0,0,0,0,-23000,0,0,0,9000,32000,-23000,-23000
062190,瀚宇博元大9B購01,0,0,0,0,0,0,0,0,0,-23000,0,0,0,1000,24000,-23000,-23000
054254,晶豪科元大96購02,0,0,0,0,0,0,0,0,0,-23000,0,0,0,20000,43000,-23000,-23000
055874,中環元富9A購01  ,0,0,0,0,0,0,0,0,0,-23000,0,0,0,22000,45000,-23000,-23000
03434B,臺股指元大99熊10,0,0,0,0,0,0,0,0,0,-23000,0,0,0,0,23000,-23000,-23000
058705,長榮航元大99購01,0,0,0,0,0,0,0,0,0,-23000,0,0,0,68000,91000,-23000,-23000
056641,華通凱基98購03  ,0,0,0,0,0,0,0,0,0,-23000,0,0,0,0,23000,-23000,-23000
057052,華擎元大98購01  ,0,0,0,0,0,0,0,0,0,-23000,0,0,0,27000,50000,-23000,-23000
4141,龍燈-KY         ,11000,34000,-23000,0,0,0,0,0,0,0,0,0,0,0,0,0,-23000
9934,成霖            ,226000,249000,-23000,0,0,0,0,0,0,0,0,0,0,0,0,0,-23000
9946,三發地產        ,0,23000,-23000,0,0,0,0,0,0,0,0,0,0,0,0,0,-23000
2444,兆勁            ,16000,39000,-23000,0,0,0,0,0,0,0,0,0,0,0,0,0,-23000
07694P,超眾元大9A售05  ,0,0,0,0,0,0,0,0,0,-23000,0,0,0,62000,85000,-23000,-23000
062977,健策元富9B購01  ,0,0,0,0,0,0,0,0,0,-24000,0,0,0,197000,221000,-24000,-24000
062734,臺指反國票9C購03,0,0,0,0,0,0,0,0,0,-24000,0,0,0,16000,40000,-24000,-24000
051745,玉晶光國泰97購06,0,0,0,0,0,0,0,0,0,-24000,0,0,0,145000,169000,-24000,-24000
056405,聯茂群益98購01  ,0,0,0,0,0,0,0,0,0,-24000,0,0,0,0,24000,-24000,-24000
055058,大毅永豐97購01  ,0,0,0,0,0,0,0,0,0,-24000,0,0,0,52000,76000,-24000,-24000
059991,超眾元大9A購02  ,0,0,0,0,0,0,0,0,0,-24000,0,0,0,0,24000,-24000,-24000
058684,健策凱基99購02  ,0,0,0,0,0,0,0,0,0,-24000,0,0,0,73000,97000,-24000,-24000
058220,世芯國票9A購01  ,0,0,0,0,0,0,0,0,0,-24000,0,0,0,0,24000,-24000,-24000
057388,奇鋐永豐98購02  ,0,0,0,0,0,0,0,0,0,-24000,0,0,0,10000,34000,-24000,-24000
058736,鈺齊永豐99購02  ,0,0,0,0,0,0,0,0,0,-24000,0,0,0,10000,34000,-24000,-24000
059142,道瓊指國票9B購02,0,0,0,0,0,0,0,0,0,-24000,0,0,0,0,24000,-24000,-24000
059716,鴻海元大99購35  ,0,0,0,0,0,0,0,0,0,-24000,0,0,0,8000,32000,-24000,-24000
059238,台積電凱基99購11,0,0,0,0,0,0,0,0,0,-24000,0,0,0,0,24000,-24000,-24000
07288P,台灣50凱基99售06,0,0,0,0,0,0,0,0,0,-24000,0,0,0,0,24000,-24000,-24000
07009P,臺股指中信9B售01,0,0,0,0,0,0,0,0,0,-24000,0,0,0,10000,34000,-24000,-24000
06550P,健策元大99售01  ,0,0,0,0,0,0,0,0,0,-24000,0,0,0,0,24000,-24000,-24000
910861,神州-DR         ,0,24000,-24000,0,0,0,0,0,0,0,0,0,0,0,0,0,-24000
062848,臺股指富邦9B購02,0,0,0,0,0,0,0,0,0,-25000,0,0,0,0,25000,-25000,-25000
06234P,亞德客元大97售02,0,0,0,0,0,0,0,0,0,-25000,0,0,0,0,25000,-25000,-25000
060756,鴻海元大9A購16  ,0,0,0,0,0,0,0,0,0,-25000,0,0,0,68000,93000,-25000,-25000
060460,鴻海元大9A購08  ,0,0,0,0,0,0,0,0,0,-25000,0,0,0,31000,56000,-25000,-25000
060905,台積電元大9A購20,0,0,0,0,0,0,0,0,0,-25000,0,0,0,50000,75000,-25000,-25000
060762,長榮航元大9A購02,0,0,0,0,0,0,0,0,0,-25000,0,0,0,54000,79000,-25000,-25000
061093,華新科統一9B購03,0,0,0,0,0,0,0,0,0,-25000,0,0,0,0,25000,-25000,-25000
061641,玉晶光元大9A購17,0,0,0,0,0,0,0,0,0,-25000,0,0,0,20000,45000,-25000,-25000
061724,訊芯永豐9A購01  ,0,0,0,0,0,0,0,0,0,-25000,0,0,0,187000,212000,-25000,-25000
054929,群電凱基97購01  ,0,0,0,0,0,0,0,0,0,-25000,0,0,0,5000,30000,-25000,-25000
056470,旺宏元大99購01  ,0,0,0,0,0,0,0,0,0,-25000,0,0,0,27000,52000,-25000,-25000
055652,聯詠元富01購01  ,0,0,0,0,0,0,0,0,0,-25000,0,0,0,635000,660000,-25000,-25000
054687,建準永豐97購02  ,0,0,0,0,0,0,0,0,0,-25000,0,0,0,0,25000,-25000,-25000
05620P,大立光富邦9B售01,0,0,0,0,0,0,0,0,0,-25000,0,0,0,200000,225000,-25000,-25000
054352,世芯國泰98購01  ,0,0,0,0,0,0,0,0,0,-25000,0,0,0,10000,35000,-25000,-25000
00700,富邦恒生國企    ,0,0,0,0,0,0,0,0,0,-25000,0,0,0,106000,131000,-25000,-25000
00688L,國泰20年美債正2 ,0,0,0,0,0,0,0,0,0,-25000,0,0,0,100000,125000,-25000,-25000
053058,台光電永昌99購01,0,0,0,0,0,0,0,0,0,-25000,0,0,0,0,25000,-25000,-25000
053400,緯穎中信9A購01  ,0,0,0,0,0,0,0,0,0,-25000,0,0,0,27000,52000,-25000,-25000
052705,超眾國票97購01  ,0,0,0,0,0,0,0,0,0,-25000,0,0,0,42000,67000,-25000,-25000
055444,致新台新97購01  ,0,0,0,0,0,0,0,0,0,-25000,0,0,0,35000,60000,-25000,-25000
054163,燿華凱基97購02  ,0,0,0,0,0,0,0,0,0,-25000,0,0,0,0,25000,-25000,-25000
056857,國巨群益99購02  ,0,0,0,0,0,0,0,0,0,-25000,0,0,0,0,25000,-25000,-25000
059665,嘉聯益元大99購06,0,0,0,0,0,0,0,0,0,-25000,0,0,0,30000,55000,-25000,-25000
059263,瑞昱中信01購01  ,0,0,0,0,0,0,0,0,0,-25000,0,0,0,6000,31000,-25000,-25000
059155,台表科日盛99購01,0,0,0,0,0,0,0,0,0,-25000,0,0,0,35000,60000,-25000,-25000
057651,矽力元大98購03  ,0,0,0,0,0,0,0,0,0,-25000,0,0,0,63000,88000,-25000,-25000
058225,旺宏元富99購01  ,0,0,0,0,0,0,0,0,0,-25000,0,0,0,0,25000,-25000,-25000
058238,奇鋐元大99購02  ,0,0,0,0,0,0,0,0,0,-25000,0,0,0,50000,75000,-25000,-25000
060273,T50反1元大9A購03,0,0,0,0,0,0,0,0,0,-25000,0,0,0,0,25000,-25000,-25000
060123,光罩永豐99購02  ,0,0,0,0,0,0,0,0,0,-25000,0,0,0,0,25000,-25000,-25000
06553P,訊芯元大98售05  ,0,0,0,0,0,0,0,0,0,-25000,0,0,0,0,25000,-25000,-25000
07164P,臺股指群益99售15,0,0,0,0,0,0,0,0,0,-25000,0,0,0,280000,305000,-25000,-25000
07165P,臺股指群益99售16,0,0,0,0,0,0,0,0,0,-25000,0,0,0,0,25000,-25000,-25000
07204P,鴻海凱基99售10  ,0,0,0,0,0,0,0,0,0,-25000,0,0,0,30000,55000,-25000,-25000
07463P,台積電國票9A售05,0,0,0,0,0,0,0,0,0,-25000,0,0,0,0,25000,-25000,-25000
07524P,臺股指中信9B售06,0,0,0,0,0,0,0,0,0,-25000,0,0,0,125000,150000,-25000,-25000
061491,嘉聯益兆豐9B購01,0,0,0,0,0,0,0,0,0,-26000,0,0,0,77000,103000,-26000,-26000
061189,可成富邦9B購02  ,0,0,0,0,0,0,0,0,0,-26000,0,0,0,2000,28000,-26000,-26000
060555,台表科凱基9A購03,0,0,0,0,0,0,0,0,0,-26000,0,0,0,0,26000,-26000,-26000
060732,玉晶光群益9C購02,0,0,0,0,0,0,0,0,0,-26000,0,0,0,4000,30000,-26000,-26000
062250,台積電元大9B購02,0,0,0,0,0,0,0,0,0,-26000,0,0,0,52000,78000,-26000,-26000
061871,瑞昱元大9B購01  ,0,0,0,0,0,0,0,0,0,-26000,0,0,0,28000,54000,-26000,-26000
062716,鴻海凱基9B購06  ,0,0,0,0,0,0,0,0,0,-26000,0,0,0,9000,35000,-26000,-26000
062601,富邦金台新9B購01,0,0,0,0,0,0,0,0,0,-26000,0,0,0,64000,90000,-26000,-26000
055531,華新科群益98購03,0,0,0,0,0,0,0,0,0,-26000,0,0,0,30000,56000,-26000,-26000
052987,華新科元大99購01,0,0,0,0,0,0,0,0,0,-26000,0,0,0,0,26000,-26000,-26000
00709,富邦歐洲        ,0,0,0,0,0,0,0,0,0,-26000,0,0,0,308000,334000,-26000,-26000
00757,統一FANG+       ,0,0,0,0,0,0,0,0,0,-26000,0,0,0,225000,251000,-26000,-26000
03647C,T50反1元富99牛02,0,0,0,0,0,0,0,0,0,-26000,0,0,0,0,26000,-26000,-26000
055626,力山永豐97購01  ,0,0,0,0,0,0,0,0,0,-26000,0,0,0,30000,56000,-26000,-26000
056233,超眾凱基97購02  ,0,0,0,0,0,0,0,0,0,-26000,0,0,0,0,26000,-26000,-26000
056330,玉晶光國票99購03,0,0,0,0,0,0,0,0,0,-26000,0,0,0,0,26000,-26000,-26000
058905,京鼎元大99購01  ,0,0,0,0,0,0,0,0,0,-26000,0,0,0,37000,63000,-26000,-26000
060297,和碩元大9A購02  ,0,0,0,0,0,0,0,0,0,-26000,0,0,0,53000,79000,-26000,-26000
057983,緯穎永豐98購03  ,0,0,0,0,0,0,0,0,0,-26000,0,0,0,4000,30000,-26000,-26000
057665,技嘉元大99購01  ,0,0,0,0,0,0,0,0,0,-26000,0,0,0,0,26000,-26000,-26000
056770,國產元大98購02  ,0,0,0,0,0,0,0,0,0,-26000,0,0,0,182000,208000,-26000,-26000
056682,鴻海統一98購10  ,0,0,0,0,0,0,0,0,0,-26000,0,0,0,3000,29000,-26000,-26000
056962,技嘉永豐98購01  ,0,0,0,0,0,0,0,0,0,-26000,0,0,0,44000,70000,-26000,-26000
07998P,聯電凱基9C售01  ,0,0,0,0,0,0,0,0,0,-26000,0,0,0,81000,107000,-26000,-26000
07967P,力山元大9B售03  ,0,0,0,0,0,0,0,0,0,-26000,0,0,0,2000,28000,-26000,-26000
06859P,元金2X中信9C售01,0,0,0,0,0,0,0,0,0,-26000,0,0,0,11000,37000,-26000,-26000
06767P,台積電永昌99售03,0,0,0,0,0,0,0,0,0,-26000,0,0,0,10000,36000,-26000,-26000
06811P,聯發科統一98售06,0,0,0,0,0,0,0,0,0,-26000,0,0,0,49000,75000,-26000,-26000
06437P,玉晶光國票99售01,0,0,0,0,0,0,0,0,0,-26000,0,0,0,0,26000,-26000,-26000
06356P,啟碁永豐97售01  ,0,0,0,0,0,0,0,0,0,-26000,0,0,0,0,26000,-26000,-26000
063287,嘉澤元大9B購05  ,0,0,0,0,0,0,0,0,0,-26000,0,0,0,75000,101000,-26000,-26000
08135P,玉晶光國泰01售02,0,0,0,0,0,0,0,0,0,-26000,0,0,0,0,26000,-26000,-26000
060672,鴻海元大9A購14  ,0,0,0,0,0,0,0,0,0,-27000,0,0,0,0,27000,-27000,-27000
061416,聯茂群益9A購01  ,0,0,0,0,0,0,0,0,0,-27000,0,0,0,3000,30000,-27000,-27000
055576,嘉晶統一98購01  ,0,0,0,0,0,0,0,0,0,-27000,0,0,0,58000,85000,-27000,-27000
057757,鴻海凱基98購13  ,0,0,0,0,0,0,0,0,0,-27000,0,0,0,1000,28000,-27000,-27000
059913,台積電元大99購44,0,0,0,0,0,0,0,0,0,-27000,0,0,0,15000,42000,-27000,-27000
056642,旺宏凱基98購07  ,0,0,0,0,0,0,0,0,0,-27000,0,0,0,0,27000,-27000,-27000
058011,台虹國票99購01  ,0,0,0,0,0,0,0,0,0,-27000,0,0,0,210000,237000,-27000,-27000
2929,淘帝-KY         ,117000,139000,-22000,0,0,0,0,0,0,-5000,0,0,0,3000,8000,-5000,-27000
08053P,臺股指國票9B售18,0,0,0,0,0,0,0,0,0,-27000,0,0,0,0,27000,-27000,-27000
07715P,台灣50群益9A售14,0,0,0,0,0,0,0,0,0,-27000,0,0,0,150000,177000,-27000,-27000
062052,華通統一01購01  ,0,0,0,0,0,0,0,0,0,-28000,0,0,0,77000,105000,-28000,-28000
059075,FBVIX元大99購01 ,0,0,0,0,0,0,0,0,0,-28000,0,0,0,5000,33000,-28000,-28000
054530,台光電國泰97購03,0,0,0,0,0,0,0,0,0,-28000,0,0,0,60000,88000,-28000,-28000
057060,緯穎元大98購05  ,0,0,0,0,0,0,0,0,0,-28000,0,0,0,45000,73000,-28000,-28000
05830P,滬深2X元富99售03,0,0,0,0,0,0,0,0,0,-28000,0,0,0,2000,30000,-28000,-28000
05822P,臺股指凱基96售19,0,0,0,0,0,0,0,0,0,-28000,0,0,0,0,28000,-28000,-28000
057369,奇力新元大99購05,0,0,0,0,0,0,0,0,0,-28000,0,0,0,0,28000,-28000,-28000
059864,亞德客凱基99購01,0,0,0,0,0,0,0,0,0,-28000,0,0,0,1000,29000,-28000,-28000
059771,台積電群益99購11,0,0,0,0,0,0,0,0,0,-28000,0,0,0,56000,84000,-28000,-28000
07976P,聯發科群益9C售02,0,0,0,0,0,0,0,0,0,-28000,0,0,0,59000,87000,-28000,-28000
063213,智伸科國票9C購01,0,0,0,0,0,0,0,0,0,-28000,0,0,0,0,28000,-28000,-28000
07070P,晶相光元富99售01,0,0,0,0,0,0,0,0,0,-28000,0,0,0,0,28000,-28000,-28000
1109,信大            ,60000,88000,-28000,0,0,0,0,0,0,0,0,0,0,0,0,0,-28000
061910,台積電中信05購03,0,0,0,0,0,0,0,0,0,-29000,0,0,0,1000,30000,-29000,-29000
061783,友達群益9B購01  ,0,0,0,0,0,0,0,0,0,-29000,0,0,0,91000,120000,-29000,-29000
06239P,奇力新元大97售08,0,0,0,0,0,0,0,0,0,-29000,0,0,0,4000,33000,-29000,-29000
062859,玉晶光國票01購02,0,0,0,0,0,0,0,0,0,-29000,0,0,0,69000,98000,-29000,-29000
062907,可成元大9C購03  ,0,0,0,0,0,0,0,0,0,-29000,0,0,0,175000,204000,-29000,-29000
062983,緯穎元富9B購01  ,0,0,0,0,0,0,0,0,0,-29000,0,0,0,68000,97000,-29000,-29000
060730,台積電群益9A購03,0,0,0,0,0,0,0,0,0,-29000,0,0,0,23000,52000,-29000,-29000
061048,國巨中信9A購05  ,0,0,0,0,0,0,0,0,0,-29000,0,0,0,5000,34000,-29000,-29000
060850,康友國票9A購03  ,0,0,0,0,0,0,0,0,0,-29000,0,0,0,8000,37000,-29000,-29000
056347,GIS凱基9A購01   ,0,0,0,0,0,0,0,0,0,-29000,0,0,0,47000,76000,-29000,-29000
054378,楠梓電群益98購01,0,0,0,0,0,0,0,0,0,-29000,0,0,0,47000,76000,-29000,-29000
053332,創意永豐96購03  ,0,0,0,0,0,0,0,0,0,-29000,0,0,0,0,29000,-29000,-29000
059740,瑞昱元富99購02  ,0,0,0,0,0,0,0,0,0,-29000,0,0,0,0,29000,-29000,-29000
057390,台表科永豐98購01,0,0,0,0,0,0,0,0,0,-29000,0,0,0,6000,35000,-29000,-29000
058630,日月光國票9A購01,0,0,0,0,0,0,0,0,0,-29000,0,0,0,0,29000,-29000,-29000
058631,鈺齊國票9A購01  ,0,0,0,0,0,0,0,0,0,-29000,0,0,0,4000,33000,-29000,-29000
08118P,嘉澤元富9B售02  ,0,0,0,0,0,0,0,0,0,-29000,0,0,0,0,29000,-29000,-29000
06679P,旺宏元大98售09  ,0,0,0,0,0,0,0,0,0,-29000,0,0,0,11000,40000,-29000,-29000
060877,華邦電中信02購01,0,0,0,0,0,0,0,0,0,-30000,0,0,0,0,30000,-30000,-30000
060790,日月光富邦9A購01,0,0,0,0,0,0,0,0,0,-30000,0,0,0,80000,110000,-30000,-30000
060830,T50反1國票9A購07,0,0,0,0,0,0,0,0,0,-30000,0,0,0,0,30000,-30000,-30000
061049,奇力新中信9A購02,0,0,0,0,0,0,0,0,0,-30000,0,0,0,0,30000,-30000,-30000
061021,聯電國泰9B購01  ,0,0,0,0,0,0,0,0,0,-30000,0,0,0,190000,220000,-30000,-30000
060634,矽創富邦9B購01  ,0,0,0,0,0,0,0,0,0,-30000,0,0,0,53000,83000,-30000,-30000
060598,鴻海凱基9A購20  ,0,0,0,0,0,0,0,0,0,-30000,0,0,0,0,30000,-30000,-30000
060556,緯穎凱基9A購04  ,0,0,0,0,0,0,0,0,0,-30000,0,0,0,4000,34000,-30000,-30000
061161,南六群益9A購01  ,0,0,0,0,0,0,0,0,0,-30000,0,0,0,0,30000,-30000,-30000
061270,彩晶凱基9A購02  ,0,0,0,0,0,0,0,0,0,-30000,0,0,0,0,30000,-30000,-30000
061603,瑞昱凱基9A購02  ,0,0,0,0,0,0,0,0,0,-30000,0,0,0,13000,43000,-30000,-30000
061726,台積電麥證9A購05,0,0,0,7000,37000,-30000,0,0,0,-30000,0,0,0,7000,37000,-30000,-30000
062830,玉晶光群益01購05,0,0,0,0,0,0,0,0,0,-30000,0,0,0,0,30000,-30000,-30000
052704,TPK國票97購01   ,0,0,0,0,0,0,0,0,0,-30000,0,0,0,0,30000,-30000,-30000
052990,超眾元大97購01  ,0,0,0,0,0,0,0,0,0,-30000,0,0,0,49000,79000,-30000,-30000
052994,群創台新99購01  ,0,0,0,0,0,0,0,0,0,-30000,0,0,0,0,30000,-30000,-30000
052940,玉晶光兆豐97購01,0,0,0,0,0,0,0,0,0,-30000,0,0,0,10000,40000,-30000,-30000
053501,明泰兆豐96購01  ,0,0,0,0,0,0,0,0,0,-30000,0,0,0,0,30000,-30000,-30000
055518,華新科中信99購01,0,0,0,0,0,0,0,0,0,-30000,0,0,0,0,30000,-30000,-30000
056543,京鼎凱基98購01  ,0,0,0,0,0,0,0,0,0,-30000,0,0,0,0,30000,-30000,-30000
055466,台達電凱基97購03,0,0,0,0,0,0,0,0,0,-30000,0,0,0,0,30000,-30000,-30000
055350,聯發科凱基97購02,0,0,0,0,0,0,0,0,0,-30000,0,0,0,4000,34000,-30000,-30000
03017X,元展17          ,0,0,0,0,0,0,0,0,0,-30000,0,0,0,0,30000,-30000,-30000
051570,和碩富邦97購01  ,0,0,0,0,0,0,0,0,0,-30000,0,0,0,30000,60000,-30000,-30000
054021,義隆台新96購01  ,0,0,0,0,0,0,0,0,0,-30000,0,0,0,0,30000,-30000,-30000
053749,揚明光永豐97購01,0,0,0,0,0,0,0,0,0,-30000,0,0,0,0,30000,-30000,-30000
047417,台塑富邦97購01  ,0,0,0,0,0,0,0,0,0,-30000,0,0,0,0,30000,-30000,-30000
054301,楠梓電凱基98購01,0,0,0,0,0,0,0,0,0,-30000,0,0,0,70000,100000,-30000,-30000
054477,聯發科中信9C購02,0,0,0,0,0,0,0,0,0,-30000,0,0,0,310000,340000,-30000,-30000
05634P,玉晶光台新97售01,0,0,0,0,0,0,0,0,0,-30000,0,0,0,10000,40000,-30000,-30000
056461,樺漢凱基98購02  ,0,0,0,0,0,0,0,0,0,-30000,0,0,0,0,30000,-30000,-30000
058833,台表科永豐99購01,0,0,0,0,0,0,0,0,0,-30000,0,0,0,0,30000,-30000,-30000
058873,美律國票9A購02  ,0,0,0,0,0,0,0,0,0,-30000,0,0,0,42000,72000,-30000,-30000
058175,旺宏凱基99購03  ,0,0,0,0,0,0,0,0,0,-30000,0,0,0,0,30000,-30000,-30000
057997,旺宏第一9C購01  ,0,0,0,0,0,0,0,0,0,-30000,0,0,0,0,30000,-30000,-30000
057414,華新科日盛9A購01,0,0,0,0,0,0,0,0,0,-30000,0,0,0,0,30000,-30000,-30000
057483,微星元大98購04  ,0,0,0,0,0,0,0,0,0,-30000,0,0,0,130000,160000,-30000,-30000
060381,元黃金凱基9A購01,0,0,0,0,0,0,0,0,0,-30000,0,0,0,0,30000,-30000,-30000
060149,元金2X富邦04購01,0,0,0,0,0,0,0,0,0,-30000,0,0,0,0,30000,-30000,-30000
060202,康友元富9A購01  ,0,0,0,0,0,0,0,0,0,-30000,0,0,0,0,30000,-30000,-30000
059722,南亞科元大99購02,0,0,0,0,0,0,0,0,0,-30000,0,0,0,1000,31000,-30000,-30000
059327,南茂元大99購01  ,0,0,0,0,0,0,0,0,0,-30000,0,0,0,0,30000,-30000,-30000
059443,嘉聯益元大9B購01,0,0,0,0,0,0,0,0,0,-30000,0,0,0,0,30000,-30000,-30000
056858,國巨群益99購03  ,0,0,0,0,0,0,0,0,0,-30000,0,0,0,0,30000,-30000,-30000
059833,緯穎康和99購01  ,0,0,0,0,0,0,0,0,0,-30000,0,0,0,8000,38000,-30000,-30000
057744,健策永豐98購02  ,0,0,0,0,0,0,0,0,0,-30000,0,0,0,2000,32000,-30000,-30000
058555,矽創永豐9A購01  ,0,0,0,0,0,0,0,0,0,-30000,0,0,0,0,30000,-30000,-30000
059050,元油2X凱基9B購08,0,0,0,0,0,0,0,0,0,-30000,0,0,0,0,30000,-30000,-30000
057681,T50反1日盛9C購01,0,0,0,0,0,0,0,0,0,-30000,0,0,0,0,30000,-30000,-30000
058481,玉晶光凱基9A購04,0,0,0,0,0,0,0,0,0,-30000,0,0,0,0,30000,-30000,-30000
06848P,聯詠元大98售04  ,0,0,0,0,0,0,0,0,0,-30000,0,0,0,10000,40000,-30000,-30000
07091P,SGBR2X凱基9A售02,0,0,0,0,0,0,0,0,0,-30000,0,0,0,10000,40000,-30000,-30000
07149P,健鼎元大99售03  ,0,0,0,0,0,0,0,0,0,-30000,0,0,0,0,30000,-30000,-30000
07017P,台灣50元富9B售02,0,0,0,0,0,0,0,0,0,-30000,0,0,0,350000,380000,-30000,-30000
07950P,智邦元大9B售04  ,0,0,0,0,0,0,0,0,0,-30000,0,0,0,0,30000,-30000,-30000
08055P,臺股指國票9B售20,0,0,0,0,0,0,0,0,0,-30000,0,0,0,20000,50000,-30000,-30000
07758P,台積電國票9A售06,0,0,0,0,0,0,0,0,0,-30000,0,0,0,0,30000,-30000,-30000
07875P,祥碩群益9B售01  ,0,0,0,0,0,0,0,0,0,-30000,0,0,0,147000,177000,-30000,-30000
07509P,牧德國票9A售03  ,0,0,0,0,0,0,0,0,0,-30000,0,0,0,0,30000,-30000,-30000
07171P,臺股指國票99售08,0,0,0,0,0,0,0,0,0,-30000,0,0,0,0,30000,-30000,-30000
07419P,聯發科元大99售46,0,0,0,0,0,0,0,0,0,-30000,0,0,0,0,30000,-30000,-30000
062670,瑞昱中信03購01  ,0,0,0,0,0,0,0,0,0,-31000,0,0,0,9000,40000,-31000,-31000
058840,T50反1群益99購02,0,0,0,0,0,0,0,0,0,-31000,0,0,0,0,31000,-31000,-31000
058808,大成鋼統一9B購01,0,0,0,0,0,0,0,0,0,-31000,0,0,0,0,31000,-31000,-31000
056430,鴻海凱基98購06  ,0,0,0,0,0,0,0,0,0,-31000,0,0,0,0,31000,-31000,-31000
054059,欣興國票97購03  ,0,0,0,0,0,0,0,0,0,-31000,0,0,0,0,31000,-31000,-31000
051603,深中小群益99購03,0,0,0,0,0,0,0,0,0,-31000,0,0,0,0,31000,-31000,-31000
03432B,臺股指凱基98熊13,0,0,0,0,0,0,0,0,0,-31000,0,0,0,0,31000,-31000,-31000
058692,華邦電國票9B購01,0,0,0,0,0,0,0,0,0,-31000,0,0,0,29000,60000,-31000,-31000
056588,聯發科統一9A購02,0,0,0,0,0,0,0,0,0,-31000,0,0,0,0,31000,-31000,-31000
058369,亞光凱基99購02  ,0,0,0,0,0,0,0,0,0,-31000,0,0,0,24000,55000,-31000,-31000
058405,訊連元大99購02  ,0,0,0,0,0,0,0,0,0,-31000,0,0,0,0,31000,-31000,-31000
058581,大立光群益99購05,0,0,0,0,0,0,0,0,0,-31000,0,0,0,0,31000,-31000,-31000
057794,T50反1兆豐99購02,0,0,0,0,0,0,0,0,0,-31000,0,0,0,0,31000,-31000,-31000
059284,緯穎永豐99購03  ,0,0,0,0,0,0,0,0,0,-31000,0,0,0,0,31000,-31000,-31000
057102,亞光中信9A購01  ,0,0,0,0,0,0,0,0,0,-31000,0,0,0,178000,209000,-31000,-31000
056978,技嘉群益99購01  ,0,0,0,0,0,0,0,0,0,-31000,0,0,0,50000,81000,-31000,-31000
07102P,南電元大99售03  ,0,0,0,0,0,0,0,0,0,-31000,0,0,0,32000,63000,-31000,-31000
1340,勝悅-KY         ,9000,40000,-31000,0,0,0,0,0,0,0,0,0,0,0,0,0,-31000
3032,偉訓            ,9000,40000,-31000,0,0,0,0,0,0,0,0,0,0,0,0,0,-31000
062477,聯詠國票9B購01  ,0,0,0,0,0,0,0,0,0,-32000,0,0,0,47000,79000,-32000,-32000
062099,牧德永豐9B購01  ,0,0,0,0,0,0,0,0,0,-32000,0,0,0,15000,47000,-32000,-32000
06170P,禾伸堂元富97售02,0,0,0,0,0,0,0,0,0,-32000,0,0,0,114000,146000,-32000,-32000
061193,玉晶光永豐9B購02,0,0,0,0,0,0,0,0,0,-32000,0,0,0,8000,40000,-32000,-32000
061339,京元電元大9A購05,0,0,0,0,0,0,0,0,0,-32000,0,0,0,68000,100000,-32000,-32000
061055,康控群益9A購01  ,0,0,0,0,0,0,0,0,0,-32000,0,0,0,22000,54000,-32000,-32000
056332,台郡國票99購01  ,0,0,0,0,0,0,0,0,0,-32000,0,0,0,38000,70000,-32000,-32000
054803,味全元大9A購01  ,0,0,0,0,0,0,0,0,0,-32000,0,0,0,68000,100000,-32000,-32000
055788,緯穎凱基97購04  ,0,0,0,0,0,0,0,0,0,-32000,0,0,0,28000,60000,-32000,-32000
059174,訊芯凱基99購01  ,0,0,0,0,0,0,0,0,0,-32000,0,0,0,58000,90000,-32000,-32000
055935,創意群益97購02  ,0,0,0,0,0,0,0,0,0,-32000,0,0,0,10000,42000,-32000,-32000
056984,嘉晶群益98購01  ,0,0,0,0,0,0,0,0,0,-32000,0,0,0,30000,62000,-32000,-32000
057996,臻鼎中信98購01  ,0,0,0,0,0,0,0,0,0,-32000,0,0,0,20000,52000,-32000,-32000
058574,台積電群益99購03,0,0,0,0,0,0,0,0,0,-32000,0,0,0,7000,39000,-32000,-32000
057241,超眾凱基99購02  ,0,0,0,0,0,0,0,0,0,-32000,0,0,0,0,32000,-32000,-32000
058371,智原凱基9A購01  ,0,0,0,0,0,0,0,0,0,-32000,0,0,0,0,32000,-32000,-32000
057549,台光電凱基98購05,0,0,0,0,0,0,0,0,0,-32000,0,0,0,60000,92000,-32000,-32000
3164,景岳            ,9000,41000,-32000,0,0,0,0,0,0,0,0,0,0,0,0,0,-32000
06436P,台光電國票98售04,0,0,0,0,0,0,0,0,0,-32000,0,0,0,35000,67000,-32000,-32000
07181P,臺股指凱基99售23,0,0,0,0,0,0,0,0,0,-32000,0,0,0,0,32000,-32000,-32000
061045,儒鴻第一9A購01  ,0,0,0,0,0,0,0,0,0,-33000,0,0,0,43000,76000,-33000,-33000
061939,中租國票9B購01  ,0,0,0,0,0,0,0,0,0,-33000,0,0,0,216000,249000,-33000,-33000
062551,緯穎永豐9B購02  ,0,0,0,0,0,0,0,0,0,-33000,0,0,0,3000,36000,-33000,-33000
062946,祥碩國泰9C購02  ,0,0,0,0,0,0,0,0,0,-33000,0,0,0,4000,37000,-33000,-33000
059082,華通元大99購06  ,0,0,0,0,0,0,0,0,0,-33000,0,0,0,9000,42000,-33000,-33000
054213,欣興國票97購04  ,0,0,0,0,0,0,0,0,0,-33000,0,0,0,0,33000,-33000,-33000
00668,國泰美國道瓊    ,42000,0,42000,0,0,0,0,0,0,-75000,0,0,0,49000,124000,-75000,-33000
053644,台表科國票97購03,0,0,0,0,0,0,0,0,0,-33000,0,0,0,7000,40000,-33000,-33000
053455,台光電元富96購02,0,0,0,0,0,0,0,0,0,-33000,0,0,0,29000,62000,-33000,-33000
056694,欣興群益98購04  ,0,0,0,0,0,0,0,0,0,-33000,0,0,0,78000,111000,-33000,-33000
059488,大立光兆豐99購03,0,0,0,0,0,0,0,0,0,-33000,0,0,0,0,33000,-33000,-33000
058067,台積電第一9C購01,0,0,0,0,0,0,0,0,0,-33000,0,0,0,0,33000,-33000,-33000
057173,南亞科元大98購04,0,0,0,0,0,0,0,0,0,-33000,0,0,0,20000,53000,-33000,-33000
060227,和大元大9A購01  ,0,0,0,0,0,0,0,0,0,-33000,0,0,0,0,33000,-33000,-33000
06680P,智邦元大98售06  ,0,0,0,0,0,0,0,0,0,-33000,0,0,0,0,33000,-33000,-33000
062982,同欣電元富9B購01,0,0,0,0,0,0,0,0,0,-34000,0,0,0,62000,96000,-34000,-34000
062789,臺股指元大9B購32,0,0,0,0,0,0,0,0,0,-34000,0,0,0,16000,50000,-34000,-34000
062556,瑞昱凱基9B購02  ,0,0,0,0,0,0,0,0,0,-34000,0,0,0,10000,44000,-34000,-34000
060793,微星永豐9A購01  ,0,0,0,0,0,0,0,0,0,-34000,0,0,0,0,34000,-34000,-34000
060433,億豐永豐9A購01  ,0,0,0,0,0,0,0,0,0,-34000,0,0,0,195000,229000,-34000,-34000
061334,華通元大9A購09  ,0,0,0,0,0,0,0,0,0,-34000,0,0,0,102000,136000,-34000,-34000
061508,南六國泰9C購02  ,0,0,0,0,0,0,0,0,0,-34000,0,0,0,100000,134000,-34000,-34000
061482,健策元大9C購01  ,0,0,0,0,0,0,0,0,0,-34000,0,0,0,73000,107000,-34000,-34000
053869,嘉澤元大96購02  ,0,0,0,0,0,0,0,0,0,-34000,0,0,0,0,34000,-34000,-34000
056002,嘉晶永豐97購01  ,0,0,0,0,0,0,0,0,0,-34000,0,0,0,204000,238000,-34000,-34000
057154,易華電國泰99購01,0,0,0,0,0,0,0,0,0,-34000,0,0,0,0,34000,-34000,-34000
056638,臺股指日盛98購01,0,0,0,0,0,0,0,0,0,-34000,0,0,0,996000,1030000,-34000,-34000
059435,大立光元大99購17,0,0,0,0,0,0,0,0,0,-34000,0,0,0,0,34000,-34000,-34000
07049P,聯發科中信99售03,0,0,0,0,0,0,0,0,0,-34000,0,0,0,16000,50000,-34000,-34000
07408P,台積電兆豐99售06,0,0,0,0,0,0,0,0,0,-34000,0,0,0,0,34000,-34000,-34000
6285,啟碁            ,191000,201000,-10000,0,0,0,0,0,0,-24000,0,2000,-2000,6000,28000,-22000,-34000
061663,南六永豐9A購05  ,0,0,0,0,0,0,0,0,0,-35000,0,0,0,30000,65000,-35000,-35000
061159,同欣電群益9A購01,0,0,0,0,0,0,0,0,0,-35000,0,0,0,130000,165000,-35000,-35000
062521,玉晶光元大9C購05,0,0,0,0,0,0,0,0,0,-35000,0,0,0,34000,69000,-35000,-35000
062611,台灣50元大9B購18,0,0,0,0,0,0,0,0,0,-35000,0,0,0,0,35000,-35000,-35000
062948,台積電富邦01購02,0,0,0,0,0,0,0,0,0,-35000,0,0,0,0,35000,-35000,-35000
062039,聯發科凱基9B購07,0,0,0,0,0,0,0,0,0,-35000,0,0,0,4000,39000,-35000,-35000
062029,牧德群益9B購03  ,0,0,0,0,0,0,0,0,0,-35000,0,0,0,0,35000,-35000,-35000
061995,超眾元大01購01  ,0,0,0,0,0,0,0,0,0,-35000,0,0,0,0,35000,-35000,-35000
055245,凱美統一99購01  ,0,0,0,0,0,0,0,0,0,-35000,0,0,0,0,35000,-35000,-35000
059170,康控凱基9B購01  ,0,0,0,0,0,0,0,0,0,-35000,0,0,0,120000,155000,-35000,-35000
053135,信邦國票96購01  ,0,0,0,0,0,0,0,0,0,-35000,0,0,0,0,35000,-35000,-35000
059693,智原永豐99購01  ,0,0,0,0,0,0,0,0,0,-35000,0,0,0,0,35000,-35000,-35000
059878,聯茂凱基99購07  ,0,0,0,0,0,0,0,0,0,-35000,0,0,0,5000,40000,-35000,-35000
058138,晶相光元大9C購01,0,0,0,0,0,0,0,0,0,-35000,0,0,0,0,35000,-35000,-35000
060165,上緯控永豐9A購01,0,0,0,0,0,0,0,0,0,-35000,0,0,0,17000,52000,-35000,-35000
060296,和碩元大9A購01  ,0,0,0,0,0,0,0,0,0,-35000,0,0,0,15000,50000,-35000,-35000
059979,台積電元大99購49,0,0,0,0,0,0,0,0,0,-35000,0,0,0,50000,85000,-35000,-35000
4555,氣立            ,18000,69000,-51000,0,0,0,0,0,0,16000,25000,9000,16000,0,0,0,-35000
6715,嘉基            ,58000,93000,-35000,0,0,0,0,0,0,0,0,0,0,0,0,0,-35000
1517,利奇            ,24000,59000,-35000,0,0,0,0,0,0,0,0,0,0,0,0,0,-35000
08674P,嘉晶元富07售02  ,0,0,0,0,0,0,0,0,0,-35000,0,0,0,0,35000,-35000,-35000
1307,三芳            ,146000,184000,-38000,0,0,0,0,0,0,3000,3000,0,3000,0,0,0,-35000
07305P,T50正2群益99售02,0,0,0,0,0,0,0,0,0,-35000,0,0,0,5000,40000,-35000,-35000
07545P,玉晶光凱基9A售07,0,0,0,0,0,0,0,0,0,-35000,0,0,0,0,35000,-35000,-35000
07133P,臺股指元大9A售27,0,0,0,0,0,0,0,0,0,-35000,0,0,0,10000,45000,-35000,-35000
06885P,國巨國票99售06  ,0,0,0,0,0,0,0,0,0,-35000,0,0,0,20000,55000,-35000,-35000
062445,大立光元大9C購02,0,0,0,0,0,0,0,0,0,-36000,0,0,0,26000,62000,-36000,-36000
061309,鴻海統一9C購05  ,0,0,0,0,0,0,0,0,0,-36000,0,0,0,43000,79000,-36000,-36000
061421,台積電元大9A購29,0,0,0,0,0,0,0,0,0,-36000,0,0,0,4000,40000,-36000,-36000
061428,南六元大9A購01  ,0,0,0,0,0,0,0,0,0,-36000,0,0,0,43000,79000,-36000,-36000
061555,聯電國票9B購01  ,0,0,0,0,0,0,0,0,0,-36000,0,0,0,25000,61000,-36000,-36000
060437,宏全永豐9A購01  ,0,0,0,0,0,0,0,0,0,-36000,0,0,0,0,36000,-36000,-36000
061054,台積電群益9A購04,0,0,0,0,0,0,0,0,0,-36000,0,0,0,52000,88000,-36000,-36000
060984,南亞科元大9A購07,0,0,0,0,0,0,0,0,0,-36000,0,0,0,93000,129000,-36000,-36000
060996,臻鼎元大9A購01  ,0,0,0,0,0,0,0,0,0,-36000,0,0,0,62000,98000,-36000,-36000
061013,台積電麥證9A購03,0,0,0,0,36000,-36000,0,0,0,-36000,0,0,0,0,36000,-36000,-36000
00645,富邦日本        ,0,0,0,0,0,0,0,0,0,-36000,0,0,0,71000,107000,-36000,-36000
054547,鴻海凱基98購02  ,0,0,0,0,0,0,0,0,0,-36000,0,0,0,3000,39000,-36000,-36000
056169,鴻海元富97購08  ,0,0,0,0,0,0,0,0,0,-36000,0,0,0,0,36000,-36000,-36000
056175,可成元富97購03  ,0,0,0,0,0,0,0,0,0,-36000,0,0,0,50000,86000,-36000,-36000
057888,貿聯群益98購02  ,0,0,0,0,0,0,0,0,0,-36000,0,0,0,0,36000,-36000,-36000
060089,台積電元大99購54,0,0,0,0,0,0,0,0,0,-36000,0,0,0,1000,37000,-36000,-36000
058123,亞光國票9A購01  ,0,0,0,0,0,0,0,0,0,-36000,0,0,0,0,36000,-36000,-36000
058618,南電元大99購02  ,0,0,0,0,0,0,0,0,0,-36000,0,0,0,144000,180000,-36000,-36000
057618,台光電凱基99購01,0,0,0,0,0,0,0,0,0,-36000,0,0,0,105000,141000,-36000,-36000
07103P,南電元大99售04  ,0,0,0,0,0,0,0,0,0,-36000,0,0,0,0,36000,-36000,-36000
06454P,緯穎元大98售04  ,0,0,0,0,0,0,0,0,0,-36000,0,0,0,204000,240000,-36000,-36000
06339P,上銀統一97售06  ,0,0,0,0,0,0,0,0,0,-36000,0,0,0,0,36000,-36000,-36000
2328,廣宇            ,162000,230000,-68000,0,0,0,0,0,0,32000,33000,1000,32000,0,0,0,-36000
061101,道瓊銀元大9A購02,0,0,0,0,0,0,0,0,0,-37000,0,0,0,139000,176000,-37000,-37000
060721,瑞儀永豐9A購01  ,0,0,0,0,0,0,0,0,0,-37000,0,0,0,65000,102000,-37000,-37000
061452,大成鋼凱基9A購01,0,0,0,0,0,0,0,0,0,-37000,0,0,0,43000,80000,-37000,-37000
061512,國巨永豐9A購04  ,0,0,0,0,0,0,0,0,0,-37000,0,0,0,10000,47000,-37000,-37000
061361,世紀鋼兆豐9A購01,0,0,0,0,0,0,0,0,0,-37000,0,0,0,86000,123000,-37000,-37000
055779,國泰金凱基97購02,0,0,0,0,0,0,0,0,0,-37000,0,0,0,0,37000,-37000,-37000
054874,帆宣群益99購02  ,0,0,0,0,0,0,0,0,0,-37000,0,0,0,53000,90000,-37000,-37000
057605,旺宏統一99購03  ,0,0,0,0,0,0,0,0,0,-37000,0,0,0,0,37000,-37000,-37000
058474,鴻海凱基9A購06  ,0,0,0,0,0,0,0,0,0,-37000,0,0,0,0,37000,-37000,-37000
05958P,聯發科國票97售04,0,0,0,0,0,0,0,0,0,-37000,0,0,0,3000,40000,-37000,-37000
057296,智原永豐98購01  ,0,0,0,0,0,0,0,0,0,-37000,0,0,0,0,37000,-37000,-37000
057082,玉晶光統一9A購04,0,0,0,0,0,0,0,0,0,-37000,0,0,0,50000,87000,-37000,-37000
056993,GIS兆豐99購01   ,0,0,0,0,0,0,0,0,0,-37000,0,0,0,68000,105000,-37000,-37000
06376P,上銀統一99售01  ,0,0,0,0,0,0,0,0,0,-37000,0,0,0,5000,42000,-37000,-37000
063340,英業達統一9B購01,0,0,0,0,0,0,0,0,0,-37000,0,0,0,0,37000,-37000,-37000
07690P,華新科元大9A售15,0,0,0,0,0,0,0,0,0,-37000,0,0,0,13000,50000,-37000,-37000
061397,上銀台新9A購01  ,0,0,0,0,0,0,0,0,0,-38000,0,0,0,0,38000,-38000,-38000
06161P,聯發科群益97售03,0,0,0,0,0,0,0,0,0,-38000,0,0,0,43000,81000,-38000,-38000
06056P,台積電凱基98售02,0,0,0,0,0,0,0,0,0,-38000,0,0,0,0,38000,-38000,-38000
061010,上銀麥證9A購02  ,0,0,0,33000,71000,-38000,0,0,0,-38000,0,0,0,33000,71000,-38000,-38000
062800,奇力新統一01購02,0,0,0,0,0,0,0,0,0,-38000,0,0,0,30000,68000,-38000,-38000
061880,台郡元大9B購02  ,0,0,0,0,0,0,0,0,0,-38000,0,0,0,67000,105000,-38000,-38000
059216,台積電元大99購29,0,0,0,0,0,0,0,0,0,-38000,0,0,0,2000,40000,-38000,-38000
055689,台郡凱基99購01  ,0,0,0,0,0,0,0,0,0,-38000,0,0,0,30000,68000,-38000,-38000
054697,凌華永豐97購01  ,0,0,0,0,0,0,0,0,0,-38000,0,0,0,1000,39000,-38000,-38000
053072,國巨台新97購01  ,0,0,0,0,0,0,0,0,0,-38000,0,0,0,19000,57000,-38000,-38000
055433,嘉聯益群益99購01,0,0,0,0,0,0,0,0,0,-38000,0,0,0,100000,138000,-38000,-38000
060215,柏文康和9A購01  ,0,0,0,0,0,0,0,0,0,-38000,0,0,0,0,38000,-38000,-38000
060334,群光康和9A購01  ,0,0,0,0,0,0,0,0,0,-38000,0,0,0,0,38000,-38000,-38000
059562,上銀凱基99購09  ,0,0,0,0,0,0,0,0,0,-38000,0,0,0,0,38000,-38000,-38000
059344,長榮航凱基99購01,0,0,0,0,0,0,0,0,0,-38000,0,0,0,0,38000,-38000,-38000
056772,欣興元大99購01  ,0,0,0,0,0,0,0,0,0,-38000,0,0,0,6000,44000,-38000,-38000
07807P,聯茂永豐9A售02  ,0,0,0,0,0,0,0,0,0,-38000,0,0,0,115000,153000,-38000,-38000
07830P,牧德凱基9A售03  ,0,0,0,0,0,0,0,0,0,-38000,0,0,0,30000,68000,-38000,-38000
07944P,華新科元大9B售08,0,0,0,0,0,0,0,0,0,-38000,0,0,0,4000,42000,-38000,-38000
07467P,上銀元大9A售03  ,0,0,0,0,0,0,0,0,0,-38000,0,0,0,3000,41000,-38000,-38000
063350,台表科統一02購02,0,0,0,0,0,0,0,0,0,-38000,0,0,0,0,38000,-38000,-38000
06434P,超眾群益98售02  ,0,0,0,0,0,0,0,0,0,-38000,0,0,0,356000,394000,-38000,-38000
06320P,上銀統一97售04  ,0,0,0,0,0,0,0,0,0,-38000,0,0,0,5000,43000,-38000,-38000
2020,美亞            ,15000,53000,-38000,0,0,0,0,0,0,0,0,0,0,0,0,0,-38000
2380,虹光            ,12000,50000,-38000,0,0,0,0,0,0,0,0,0,0,0,0,0,-38000
061903,宏全永豐9B購01  ,0,0,0,0,0,0,0,0,0,-39000,0,0,0,0,39000,-39000,-39000
061705,健策國票9A購06  ,0,0,0,0,0,0,0,0,0,-39000,0,0,0,14000,53000,-39000,-39000
061694,玉山金群益9A購01,0,0,0,0,0,0,0,0,0,-39000,0,0,0,26000,65000,-39000,-39000
052733,台郡國泰97購01  ,0,0,0,0,0,0,0,0,0,-39000,0,0,0,0,39000,-39000,-39000
049406,T50反1日盛97購01,0,0,0,0,0,0,0,0,0,-39000,0,0,0,0,39000,-39000,-39000
056107,智易永豐97購02  ,0,0,0,0,0,0,0,0,0,-39000,0,0,0,9000,48000,-39000,-39000
05677P,玉晶光群益98售03,0,0,0,0,0,0,0,0,0,-39000,0,0,0,5000,44000,-39000,-39000
059536,新光金凱基99購05,0,0,0,0,0,0,0,0,0,-39000,0,0,0,10000,49000,-39000,-39000
059254,台表科凱基9A購02,0,0,0,0,0,0,0,0,0,-39000,0,0,0,1000,40000,-39000,-39000
057740,茂林富邦9A購01  ,0,0,0,0,0,0,0,0,0,-39000,0,0,0,98000,137000,-39000,-39000
060339,國巨統一01購01  ,0,0,0,0,0,0,0,0,0,-39000,0,0,0,51000,90000,-39000,-39000
057902,嘉晶永豐98購02  ,16000,0,16000,0,0,0,0,0,0,-55000,0,0,0,52000,107000,-55000,-39000
2912,統一超          ,558000,597000,-39000,0,0,0,0,0,0,0,0,0,0,0,0,0,-39000
1609,大亞            ,45000,84000,-39000,0,0,0,0,0,0,0,1000,1000,0,0,0,0,-39000
063149,聯發科元富05購02,0,0,0,0,0,0,0,0,0,-39000,0,0,0,5000,44000,-39000,-39000
06566P,華通永豐98售03  ,0,0,0,0,0,0,0,0,0,-39000,0,0,0,13000,52000,-39000,-39000
07589P,玉晶光國票9A售02,0,0,0,0,0,0,0,0,0,-39000,0,0,0,0,39000,-39000,-39000
07233P,台灣50元大99售04,0,0,0,0,0,0,0,0,0,-39000,0,0,0,2000,41000,-39000,-39000
07890P,南電國票9B售01  ,0,0,0,0,0,0,0,0,0,-39000,0,0,0,10000,49000,-39000,-39000
08089P,嘉澤凱基9B售03  ,0,0,0,0,0,0,0,0,0,-39000,0,0,0,0,39000,-39000,-39000
07867P,晶技元大9B售01  ,0,0,0,0,0,0,0,0,0,-39000,0,0,0,22000,61000,-39000,-39000
061681,南電元大9A購08  ,0,0,0,0,0,0,0,0,0,-40000,0,0,0,100000,140000,-40000,-40000
061503,臻鼎國票9B購01  ,0,0,0,0,0,0,0,0,0,-40000,0,0,0,0,40000,-40000,-40000
061454,國巨凱基9A購16  ,0,0,0,0,0,0,0,0,0,-40000,0,0,0,1000,41000,-40000,-40000
061369,T50反1國泰9B購03,0,0,0,0,0,0,0,0,0,-40000,0,0,0,20000,60000,-40000,-40000
061333,華通元大9A購08  ,0,0,0,0,0,0,0,0,0,-40000,0,0,0,12000,52000,-40000,-40000
06100P,台積電日盛97售03,0,0,0,0,0,0,0,0,0,-40000,0,0,0,0,40000,-40000,-40000
060878,奇力新中信9C購01,0,0,0,0,0,0,0,0,0,-40000,0,0,0,91000,131000,-40000,-40000
060853,健策國泰9B購02  ,0,0,0,0,0,0,0,0,0,-40000,0,0,0,108000,148000,-40000,-40000
060665,康控凱基9A購01  ,0,0,0,0,0,0,0,0,0,-40000,0,0,0,15000,55000,-40000,-40000
060661,台積電凱基9A購18,0,0,0,0,0,0,0,0,0,-40000,0,0,0,27000,67000,-40000,-40000
061928,群創凱基9B購06  ,0,0,0,0,0,0,0,0,0,-40000,0,0,0,0,40000,-40000,-40000
062440,聯發科元大9B購11,0,0,0,0,0,0,0,0,0,-40000,0,0,0,3000,43000,-40000,-40000
062314,玉晶光凱基9B購06,0,0,0,0,0,0,0,0,0,-40000,0,0,0,65000,105000,-40000,-40000
062211,玉晶光台新9B購01,0,0,0,0,0,0,0,0,0,-40000,0,0,0,20000,60000,-40000,-40000
062158,禾伸堂凱基9B購01,0,0,0,0,0,0,0,0,0,-40000,0,0,0,0,40000,-40000,-40000
062934,大成鋼凱基9B購02,0,0,0,0,0,0,0,0,0,-40000,0,0,0,0,40000,-40000,-40000
062874,微星兆豐9B購01  ,0,0,0,0,0,0,0,0,0,-40000,0,0,0,10000,50000,-40000,-40000
062581,鴻海統一01購02  ,0,0,0,0,0,0,0,0,0,-40000,0,0,0,0,40000,-40000,-40000
054205,華新國票97購02  ,0,0,0,0,0,0,0,0,0,-40000,0,0,0,0,40000,-40000,-40000
056168,鴻海元富97購07  ,0,0,0,0,0,0,0,0,0,-40000,0,0,0,10000,50000,-40000,-40000
056441,燿華凱基98購01  ,0,0,0,0,0,0,0,0,0,-40000,0,0,0,20000,60000,-40000,-40000
056378,欣興元富98購01  ,0,0,0,0,0,0,0,0,0,-40000,0,0,0,0,40000,-40000,-40000
054791,泰碩群益99購02  ,0,0,0,0,0,0,0,0,0,-40000,0,0,0,190000,230000,-40000,-40000
054408,義隆國票98購01  ,0,0,0,0,0,0,0,0,0,-40000,0,0,0,0,40000,-40000,-40000
055746,同欣電元富97購01,0,0,0,0,0,0,0,0,0,-40000,0,0,0,0,40000,-40000,-40000
059062,群創凱基99購05  ,0,0,0,0,0,0,0,0,0,-40000,0,0,0,0,40000,-40000,-40000
05463P,創意國票96售04  ,0,0,0,0,0,0,0,0,0,-40000,0,0,0,0,40000,-40000,-40000
058956,健策國票9A購02  ,0,0,0,0,0,0,0,0,0,-40000,0,0,0,37000,77000,-40000,-40000
053661,嘉澤凱基97購01  ,0,0,0,0,0,0,0,0,0,-40000,0,0,0,2000,42000,-40000,-40000
046061,中石化凱基98購01,0,0,0,0,0,0,0,0,0,-40000,0,0,0,50000,90000,-40000,-40000
054064,台郡國票97購04  ,0,0,0,0,0,0,0,0,0,-40000,0,0,0,0,40000,-40000,-40000
03662C,FBVIX凱基03牛01 ,0,0,0,0,0,0,0,0,0,-40000,0,0,0,2000,42000,-40000,-40000
053637,強茂永豐96購01  ,0,0,0,0,0,0,0,0,0,-40000,0,0,0,0,40000,-40000,-40000
053349,台郡國票97購02  ,0,0,0,0,0,0,0,0,0,-40000,0,0,0,0,40000,-40000,-40000
053174,同欣電群益98購02,0,0,0,0,0,0,0,0,0,-40000,0,0,0,0,40000,-40000,-40000
053524,聯電中信97購02  ,0,0,0,0,0,0,0,0,0,-40000,0,0,0,0,40000,-40000,-40000
055389,國巨統一98購02  ,0,0,0,0,0,0,0,0,0,-40000,0,0,0,0,40000,-40000,-40000
052489,義隆國票96購02  ,0,0,0,0,0,0,0,0,0,-40000,0,0,0,0,40000,-40000,-40000
055469,台光電凱基97購01,0,0,0,0,0,0,0,0,0,-40000,0,0,0,28000,68000,-40000,-40000
056518,美律國票99購01  ,0,0,0,0,0,0,0,0,0,-40000,0,0,0,54000,94000,-40000,-40000
055490,台光電元大97購01,0,0,0,0,0,0,0,0,0,-40000,0,0,0,0,40000,-40000,-40000
055603,超眾元大97購04  ,0,0,0,0,0,0,0,0,0,-40000,0,0,0,68000,108000,-40000,-40000
060058,牧德凱基9B購01  ,0,0,0,0,0,0,0,0,0,-40000,0,0,0,10000,50000,-40000,-40000
057501,超眾群益98購04  ,0,0,0,0,0,0,0,0,0,-40000,0,0,0,0,40000,-40000,-40000
058292,上銀凱基9A購01  ,0,0,0,0,0,0,0,0,0,-40000,0,0,0,20000,60000,-40000,-40000
057768,華新科中信9A購01,0,0,0,0,0,0,0,0,0,-40000,0,0,0,0,40000,-40000,-40000
059865,國巨凱基01購01  ,0,0,0,0,0,0,0,0,0,-40000,0,0,0,315000,355000,-40000,-40000
058547,世紀鋼富邦9A購01,0,0,0,0,0,0,0,0,0,-40000,0,0,0,1000,41000,-40000,-40000
057222,鴻海國票99購04  ,0,0,0,0,0,0,0,0,0,-40000,0,0,0,2000,42000,-40000,-40000
059743,開發金元富99購01,0,0,0,0,0,0,0,0,0,-40000,0,0,0,40000,80000,-40000,-40000
057636,上銀元大98購06  ,0,0,0,0,0,0,0,0,0,-40000,0,0,0,73000,113000,-40000,-40000
056819,奇力新永豐98購01,0,0,0,0,0,0,0,0,0,-40000,0,0,0,0,40000,-40000,-40000
058375,群創凱基9B購04  ,0,0,0,0,0,0,0,0,0,-40000,0,0,0,0,40000,-40000,-40000
058409,鴻海兆豐99購05  ,0,0,0,0,0,0,0,0,0,-40000,0,0,0,0,40000,-40000,-40000
057619,玉晶光凱基98購02,0,0,0,0,0,0,0,0,0,-40000,0,0,0,10000,50000,-40000,-40000
056659,泰碩元大99購01  ,0,0,0,0,0,0,0,0,0,-40000,0,0,0,130000,170000,-40000,-40000
05670P,台積電國票98售01,0,0,0,0,0,0,0,0,0,-40000,0,0,0,0,40000,-40000,-40000
07940P,國巨群益9B售06  ,0,0,0,0,0,0,0,0,0,-40000,0,0,0,25000,65000,-40000,-40000
07292P,臺股指凱基99售44,0,0,0,0,0,0,0,0,0,-40000,0,0,0,83000,123000,-40000,-40000
06479P,聯發科中信99售02,0,0,0,0,0,0,0,0,0,-40000,0,0,0,8000,48000,-40000,-40000
063352,上銀元富9B購02  ,0,0,0,0,0,0,0,0,0,-40000,0,0,0,58000,98000,-40000,-40000
063105,健策群益9C購01  ,0,0,0,0,0,0,0,0,0,-40000,0,0,0,13000,53000,-40000,-40000
07058P,台積電凱基9A售07,0,0,0,0,0,0,0,0,0,-40000,0,0,0,0,40000,-40000,-40000
06902P,聯電凱基98售02  ,0,0,0,0,0,0,0,0,0,-40000,0,0,0,60000,100000,-40000,-40000
06839P,玉晶光統一9A售05,0,0,0,0,0,0,0,0,0,-40000,0,0,0,58000,98000,-40000,-40000
06691P,臺股指群益9C售05,0,0,0,0,0,0,0,0,0,-40000,0,0,0,1000,41000,-40000,-40000
06652P,長榮航元大98售01,0,0,0,0,0,0,0,0,0,-40000,0,0,0,0,40000,-40000,-40000
08147P,聯發科群益9B售10,0,0,0,0,0,0,0,0,0,-40000,0,0,0,0,40000,-40000,-40000
2882A,國泰特          ,0,0,0,0,0,0,0,0,0,-40000,0,40000,-40000,0,0,0,-40000
3036,文曄            ,200000,247000,-47000,0,0,0,0,0,0,6640,247000,253360,-6360,20000,7000,13000,-40360
062582,鴻海統一9C購11  ,0,0,0,0,0,0,0,0,0,-41000,0,0,0,0,41000,-41000,-41000
062578,超眾群益9B購01  ,0,0,0,0,0,0,0,0,0,-41000,0,0,0,0,41000,-41000,-41000
062707,致伸元大9B購01  ,0,0,0,0,0,0,0,0,0,-41000,0,0,0,0,41000,-41000,-41000
062807,和碩統一9B購01  ,0,0,0,0,0,0,0,0,0,-41000,0,0,0,70000,111000,-41000,-41000
060543,鴻海凱基9B購02  ,0,0,0,0,0,0,0,0,0,-41000,0,0,0,0,41000,-41000,-41000
061034,晶豪科永豐9A購01,0,0,0,0,0,0,0,0,0,-41000,0,0,0,23000,64000,-41000,-41000
061267,玉山金凱基9B購01,0,0,0,0,0,0,0,0,0,-41000,0,0,0,0,41000,-41000,-41000
061571,奇力新元大9A購03,0,0,0,0,0,0,0,0,0,-41000,0,0,0,0,41000,-41000,-41000
061752,瑞昱台新9B購01  ,0,0,0,0,0,0,0,0,0,-41000,0,0,0,45000,86000,-41000,-41000
054573,漢唐元大98購01  ,0,0,0,0,0,0,0,0,0,-41000,0,0,0,0,41000,-41000,-41000
056150,台光電凱基98購02,0,0,0,0,0,0,0,0,0,-41000,0,0,0,61000,102000,-41000,-41000
057564,台積電富邦9B購03,0,0,0,0,0,0,0,0,0,-41000,0,0,0,0,41000,-41000,-41000
056624,景碩永豐98購01  ,0,0,0,0,0,0,0,0,0,-41000,0,0,0,5000,46000,-41000,-41000
058503,鴻海元大99購14  ,0,0,0,0,0,0,0,0,0,-41000,0,0,0,3000,44000,-41000,-41000
058694,鈺齊國票9A購02  ,0,0,0,0,0,0,0,0,0,-41000,0,0,0,3000,44000,-41000,-41000
058732,矽格永豐99購01  ,0,0,0,0,0,0,0,0,0,-41000,0,0,0,73000,114000,-41000,-41000
057981,臻鼎永豐98購01  ,0,0,0,0,0,0,0,0,0,-41000,0,0,0,12000,53000,-41000,-41000
057874,可成元大99購02  ,0,0,0,0,0,0,0,0,0,-41000,0,0,0,156000,197000,-41000,-41000
060327,美律群益9A購02  ,0,0,0,0,0,0,0,0,0,-41000,0,0,0,77000,118000,-41000,-41000
057887,智原群益98購04  ,0,0,0,0,0,0,0,0,0,-41000,0,0,0,2000,43000,-41000,-41000
08663P,台灣50元大96售01,0,0,0,0,0,0,0,0,0,-41000,0,0,0,0,41000,-41000,-41000
4164,承業醫          ,34000,86000,-52000,0,0,0,0,0,0,11000,11000,0,11000,0,0,0,-41000
063196,力成元富9B購01  ,0,0,0,0,0,0,0,0,0,-41000,0,0,0,0,41000,-41000,-41000
063256,鴻海國泰01購02  ,0,0,0,0,0,0,0,0,0,-41000,0,0,0,29000,70000,-41000,-41000
07387P,臺股指群益99售25,0,0,0,0,0,0,0,0,0,-41000,0,0,0,10000,51000,-41000,-41000
055612,台光電國票97購04,0,0,0,0,0,0,0,0,0,-42000,0,0,0,0,42000,-42000,-42000
059063,康控凱基99購04  ,0,0,0,0,0,0,0,0,0,-42000,0,0,0,9000,51000,-42000,-42000
058878,旭富國泰9B購01  ,0,0,0,0,0,0,0,0,0,-42000,0,0,0,2000,44000,-42000,-42000
054895,南電統一97購01  ,0,0,0,0,0,0,0,0,0,-42000,0,0,0,12000,54000,-42000,-42000
057148,玉晶光國票99購04,0,0,0,0,0,0,0,0,0,-42000,0,0,0,0,42000,-42000,-42000
056894,佳世達元大99購01,0,0,0,0,0,0,0,0,0,-42000,0,0,0,30000,72000,-42000,-42000
07235P,T50正2元大9C售02,0,0,0,0,0,0,0,0,0,-42000,0,0,0,0,42000,-42000,-42000
063288,泰鼎元大9B購02  ,0,0,0,0,0,0,0,0,0,-42000,0,0,0,33000,75000,-42000,-42000
063107,矽創群益9B購01  ,0,0,0,0,0,0,0,0,0,-42000,0,0,0,37000,79000,-42000,-42000
063119,華通元大9B購07  ,0,0,0,0,0,0,0,0,0,-42000,0,0,0,1000,43000,-42000,-42000
063342,台光電統一9B購02,0,0,0,0,0,0,0,0,0,-42000,0,0,0,0,42000,-42000,-42000
4137,麗豐-KY         ,260000,267000,-7000,0,0,0,0,0,0,-35000,20000,32000,-12000,11000,34000,-23000,-42000
3059,華晶科          ,110000,152000,-42000,0,0,0,0,0,0,0,0,0,0,0,0,0,-42000
060991,京鼎元大9A購01  ,0,0,0,0,0,0,0,0,0,-43000,0,0,0,5000,48000,-43000,-43000
062936,鴻海凱基9B購07  ,0,0,0,0,0,0,0,0,0,-43000,0,0,0,0,43000,-43000,-43000
054710,東元元富97購01  ,0,0,0,0,0,0,0,0,0,-43000,0,0,0,62000,105000,-43000,-43000
059761,國巨永豐99購06  ,0,0,0,0,0,0,0,0,0,-43000,0,0,0,0,43000,-43000,-43000
059525,上銀凱基99購08  ,0,0,0,0,0,0,0,0,0,-43000,0,0,0,0,43000,-43000,-43000
056603,嘉聯益國泰9A購01,0,0,0,0,0,0,0,0,0,-43000,0,0,0,59000,102000,-43000,-43000
058402,欣興元大99購04  ,0,0,0,0,0,0,0,0,0,-43000,0,0,0,0,43000,-43000,-43000
9943,好樂迪          ,20000,63000,-43000,0,0,0,0,0,0,0,0,0,0,0,0,0,-43000
06757P,台灣50元大9B售01,0,0,0,0,0,0,0,0,0,-43000,0,0,0,0,43000,-43000,-43000
062619,台表科元大9B購03,0,0,0,0,0,0,0,0,0,-44000,0,0,0,56000,100000,-44000,-44000
062044,健策凱基9B購02  ,0,0,0,0,0,0,0,0,0,-44000,0,0,0,14000,58000,-44000,-44000
060854,台積電富邦9C購08,0,0,0,0,0,0,0,0,0,-44000,0,0,0,156000,200000,-44000,-44000
060688,世紀鋼元大9C購01,0,0,0,0,0,0,0,0,0,-44000,0,0,0,4000,48000,-44000,-44000
061621,健策群益9A購05  ,0,0,0,0,0,0,0,0,0,-44000,0,0,0,40000,84000,-44000,-44000
055196,致新元富97購01  ,0,0,0,0,0,0,0,0,0,-44000,0,0,0,379000,423000,-44000,-44000
058909,神達元大99購03  ,0,0,0,0,0,0,0,0,0,-44000,0,0,0,38000,82000,-44000,-44000
059513,揚明光永豐99購01,0,0,0,0,0,0,0,0,0,-44000,0,0,0,65000,109000,-44000,-44000
059362,健策永豐99購03  ,0,0,0,0,0,0,0,0,0,-44000,0,0,0,21000,65000,-44000,-44000
059274,國巨元大99購22  ,0,0,0,0,0,0,0,0,0,-44000,0,0,0,91000,135000,-44000,-44000
058551,義隆永豐99購03  ,0,0,0,0,0,0,0,0,0,-44000,0,0,0,27000,71000,-44000,-44000
058545,義隆富邦9C購01  ,0,0,0,0,0,0,0,0,0,-44000,0,0,0,2000,46000,-44000,-44000
057877,神達元大99購01  ,0,0,0,0,0,0,0,0,0,-44000,0,0,0,13000,57000,-44000,-44000
057824,日月光元大98購01,0,0,0,0,0,0,0,0,0,-44000,0,0,0,10000,54000,-44000,-44000
057260,微星兆豐98購01  ,0,0,0,0,0,0,0,0,0,-44000,0,0,0,36000,80000,-44000,-44000
05861P,瀚宇博永豐96售02,0,0,0,0,0,0,0,0,0,-44000,0,0,0,0,44000,-44000,-44000
057915,台泥凱基98購01  ,0,0,0,0,0,0,0,0,0,-44000,0,0,0,67000,111000,-44000,-44000
060314,元翎永豐9A購01  ,0,0,0,0,0,0,0,0,0,-44000,0,0,0,0,44000,-44000,-44000
060191,亞光元富9A購02  ,0,0,0,0,0,0,0,0,0,-44000,0,0,0,182000,226000,-44000,-44000
060133,牧德群益9B購01  ,0,0,0,0,0,0,0,0,0,-44000,0,0,0,0,44000,-44000,-44000
06646P,國巨元大98售16  ,0,0,0,0,0,0,0,0,0,-44000,0,0,0,16000,60000,-44000,-44000
08653P,台灣50凱基96售07,0,0,0,0,0,0,0,0,0,-44000,0,0,0,0,44000,-44000,-44000
060600,台積電凱基9C購01,0,0,0,0,0,0,0,0,0,-45000,0,0,0,11000,56000,-45000,-45000
061842,牧德凱基9C購01  ,0,0,0,0,0,0,0,0,0,-45000,0,0,0,0,45000,-45000,-45000
062733,巨大凱基9B購01  ,0,0,0,0,0,0,0,0,0,-45000,0,0,0,50000,95000,-45000,-45000
062455,鴻海群益9C購01  ,0,0,0,0,0,0,0,0,0,-45000,0,0,0,1000,46000,-45000,-45000
058851,大立光群益99購07,0,0,0,0,0,0,0,0,0,-45000,0,0,0,0,45000,-45000,-45000
054357,可成兆豐97購02  ,0,0,0,0,0,0,0,0,0,-45000,0,0,0,15000,60000,-45000,-45000
054217,台表科國票97購05,0,0,0,0,0,0,0,0,0,-45000,0,0,0,48000,93000,-45000,-45000
055619,同欣電國票98購02,0,0,0,0,0,0,0,0,0,-45000,0,0,0,303000,348000,-45000,-45000
056247,台郡群益97購01  ,0,0,0,0,0,0,0,0,0,-45000,0,0,0,0,45000,-45000,-45000
055399,超眾統一99購01  ,0,0,0,0,0,0,0,0,0,-45000,0,0,0,5000,50000,-45000,-45000
053488,中石化兆豐97購01,0,0,0,0,0,0,0,0,0,-45000,0,0,0,0,45000,-45000,-45000
053632,新唐兆豐96購01  ,0,0,0,0,0,0,0,0,0,-45000,0,0,0,0,45000,-45000,-45000
060232,友訊元大9C購01  ,0,0,0,0,0,0,0,0,0,-45000,0,0,0,105000,150000,-45000,-45000
060331,台積電麥證9A購01,0,0,0,5000,50000,-45000,0,0,0,-45000,0,0,0,5000,50000,-45000,-45000
058621,華通國票9A購01  ,0,0,0,0,0,0,0,0,0,-45000,0,0,0,154000,199000,-45000,-45000
058173,台積電凱基99購04,0,0,0,0,0,0,0,0,0,-45000,0,0,0,44000,89000,-45000,-45000
058610,欣興元大99購05  ,0,0,0,0,0,0,0,0,0,-45000,0,0,0,47000,92000,-45000,-45000
2015,豐興            ,108000,99000,9000,0,0,0,0,54000,-54000,0,0,0,0,0,0,0,-45000
06891P,緯穎富邦99售03  ,0,0,0,0,0,0,0,0,0,-45000,0,0,0,302000,347000,-45000,-45000
07259P,滬深2X國票01售01,0,0,0,0,0,0,0,0,0,-45000,0,0,0,10000,55000,-45000,-45000
07587P,台灣50國票9A售11,0,0,0,0,0,0,0,0,0,-45000,0,0,0,0,45000,-45000,-45000
08014P,微星凱基9B售02  ,0,0,0,0,0,0,0,0,0,-45000,0,0,0,20000,65000,-45000,-45000
062794,鴻海統一9C購15  ,0,0,0,0,0,0,0,0,0,-46000,0,0,0,0,46000,-46000,-46000
062277,廣達群益9B購01  ,0,0,0,0,0,0,0,0,0,-46000,0,0,0,20000,66000,-46000,-46000
060712,建準永豐9A購01  ,1000,0,1000,0,0,0,0,0,0,-47000,0,0,0,130000,177000,-47000,-46000
060798,旭富永豐9A購01  ,0,0,0,0,0,0,0,0,0,-46000,0,0,0,14000,60000,-46000,-46000
061617,微星群益9A購02  ,0,0,0,0,0,0,0,0,0,-46000,0,0,0,28000,74000,-46000,-46000
061427,旭富元大9A購02  ,0,0,0,0,0,0,0,0,0,-46000,0,0,0,138000,184000,-46000,-46000
053997,健策群益97購02  ,0,0,0,0,0,0,0,0,0,-46000,0,0,0,66000,112000,-46000,-46000
056419,欣興元富98購02  ,0,0,0,0,0,0,0,0,0,-46000,0,0,0,39000,85000,-46000,-46000
054439,健策台新96購03  ,0,0,0,0,0,0,0,0,0,-46000,0,0,0,2000,48000,-46000,-46000
057198,智伸科統一9B購01,0,0,0,0,0,0,0,0,0,-46000,0,0,0,16000,62000,-46000,-46000
058111,健鼎元富98購01  ,0,0,0,0,0,0,0,0,0,-46000,0,0,0,0,46000,-46000,-46000
058215,貿聯群益99購02  ,0,0,0,0,0,0,0,0,0,-46000,0,0,0,10000,56000,-46000,-46000
060310,瑞昱永豐9A購01  ,0,0,0,0,0,0,0,0,0,-46000,0,0,0,40000,86000,-46000,-46000
059853,超眾永豐99購03  ,0,0,0,0,0,0,0,0,0,-46000,0,0,0,10000,56000,-46000,-46000
059268,鎧勝中信01購01  ,0,0,0,0,0,0,0,0,0,-46000,0,0,0,0,46000,-46000,-46000
056704,健策國泰99購01  ,0,0,0,0,0,0,0,0,0,-46000,0,0,0,0,46000,-46000,-46000
059051,和大凱基9A購01  ,0,0,0,0,0,0,0,0,0,-46000,0,0,0,0,46000,-46000,-46000
07420P,可成元大99售07  ,0,0,0,0,0,0,0,0,0,-46000,0,0,0,0,46000,-46000,-46000
3535,晶彩科          ,65000,111000,-46000,0,0,0,0,0,0,0,0,0,0,0,0,0,-46000
061566,華通元大9A購10  ,0,0,0,0,0,0,0,0,0,-47000,0,0,0,72000,119000,-47000,-47000
061543,南亞科群益9A購01,0,0,0,0,0,0,0,0,0,-47000,0,0,0,12000,59000,-47000,-47000
060844,大立光國票9A購07,0,0,0,0,0,0,0,0,0,-47000,0,0,0,4000,51000,-47000,-47000
060899,超眾凱基9A購01  ,0,0,0,0,0,0,0,0,0,-47000,0,0,0,10000,57000,-47000,-47000
060693,台積電麥證9A購02,0,0,0,1000,47000,-46000,0,0,0,-47000,0,0,0,1000,48000,-47000,-47000
062926,嘉澤國票9B購01  ,0,0,0,0,0,0,0,0,0,-47000,0,0,0,23000,70000,-47000,-47000
062753,台積電麥證9B購01,0,0,0,0,47000,-47000,0,0,0,-47000,0,0,0,0,47000,-47000,-47000
056146,台虹元大98購01  ,0,0,0,0,0,0,0,0,0,-47000,0,0,0,19000,66000,-47000,-47000
05982P,漢唐國票96售03  ,0,0,0,0,0,0,0,0,0,-47000,0,0,0,2000,49000,-47000,-47000
059828,健策凱基99購05  ,0,0,0,0,0,0,0,0,0,-47000,0,0,0,35000,82000,-47000,-47000
060366,健策元富9A購01  ,0,0,0,0,0,0,0,0,0,-47000,0,0,0,167000,214000,-47000,-47000
060049,華通凱基99購06  ,0,0,0,0,0,0,0,0,0,-47000,0,0,0,0,47000,-47000,-47000
060083,和大元大99購02  ,0,0,0,0,0,0,0,0,0,-47000,0,0,0,0,47000,-47000,-47000
059938,凱美永豐99購01  ,0,0,0,0,0,0,0,0,0,-47000,0,0,0,0,47000,-47000,-47000
057062,立積國泰99購01  ,0,0,0,0,0,0,0,0,0,-47000,0,0,0,20000,67000,-47000,-47000
058006,台郡群益98購04  ,0,0,0,0,0,0,0,0,0,-47000,0,0,0,0,47000,-47000,-47000
058086,鴻海元大98購14  ,0,0,0,0,0,0,0,0,0,-47000,0,0,0,1000,48000,-47000,-47000
9942,茂順            ,23000,70000,-47000,0,0,0,0,0,0,0,0,0,0,0,0,0,-47000
8039,台虹            ,176000,243000,-67000,0,0,0,0,0,0,20000,1000,0,1000,33000,14000,19000,-47000
07502P,美食元大9A售01  ,0,0,0,0,0,0,0,0,0,-47000,0,0,0,190000,237000,-47000,-47000
06598P,奇力新永豐98售02,0,0,0,0,0,0,0,0,0,-47000,0,0,0,4000,51000,-47000,-47000
063115,台積電麥證9B購02,0,0,0,1000,47000,-46000,0,0,0,-47000,0,0,0,1000,48000,-47000,-47000
062814,台光電兆豐9B購01,0,0,0,0,0,0,0,0,0,-48000,0,0,0,29000,77000,-48000,-48000
062359,旺宏元大9C購02  ,0,0,0,0,0,0,0,0,0,-48000,0,0,0,2000,50000,-48000,-48000
062418,台積電統一01購06,0,0,0,0,0,0,0,0,0,-48000,0,0,0,37000,85000,-48000,-48000
061882,矽創元大9B購01  ,0,0,0,0,0,0,0,0,0,-48000,0,0,0,187000,235000,-48000,-48000
061877,貿聯元大9B購01  ,0,0,0,0,0,0,0,0,0,-48000,0,0,0,43000,91000,-48000,-48000
061979,友達元大9C購08  ,0,0,0,0,0,0,0,0,0,-48000,0,0,0,68000,116000,-48000,-48000
060842,新光金國票9B購01,0,0,0,0,0,0,0,0,0,-48000,0,0,0,0,48000,-48000,-48000
061438,牧德凱基9B購02  ,0,0,0,0,0,0,0,0,0,-48000,0,0,0,36000,84000,-48000,-48000
054211,奇鋐國票97購03  ,0,0,0,0,0,0,0,0,0,-48000,0,0,0,312000,360000,-48000,-48000
058951,南電群益99購01  ,0,0,0,0,0,0,0,0,0,-48000,0,0,0,112000,160000,-48000,-48000
055067,禾聯碩永豐97購01,0,0,0,0,0,0,0,0,0,-48000,0,0,0,0,48000,-48000,-48000
053919,可成國票97購02  ,0,0,0,0,0,0,0,0,0,-48000,0,0,0,397000,445000,-48000,-48000
058290,南電國票9A購01  ,0,0,0,0,0,0,0,0,0,-48000,0,0,0,1000,49000,-48000,-48000
06326P,鴻海中信01售01  ,0,0,0,0,0,0,0,0,0,-48000,0,0,0,0,48000,-48000,-48000
07717P,臺股指群益9A售06,0,0,0,0,0,0,0,0,0,-48000,0,0,0,0,48000,-48000,-48000
07769P,國巨國票9A售10  ,0,0,0,0,0,0,0,0,0,-48000,0,0,0,0,48000,-48000,-48000
061335,國巨元大9A購19  ,0,0,0,0,0,0,0,0,0,-49000,0,0,0,0,49000,-49000,-49000
061619,大立光群益9B購01,0,0,0,0,0,0,0,0,0,-49000,0,0,0,0,49000,-49000,-49000
06163P,聯詠群益97售01  ,0,0,0,0,0,0,0,0,0,-49000,0,0,0,61000,110000,-49000,-49000
060978,國巨元大9A購13  ,0,0,0,0,0,0,0,0,0,-49000,0,0,0,51000,100000,-49000,-49000
056545,TPK凱基98購02   ,0,0,0,0,0,0,0,0,0,-49000,0,0,0,0,49000,-49000,-49000
058160,奇鋐元富99購01  ,0,0,0,0,0,0,0,0,0,-49000,0,0,0,60000,109000,-49000,-49000
057926,帆宣凱基98購02  ,0,0,0,0,0,0,0,0,0,-49000,0,0,0,51000,100000,-49000,-49000
059641,群創凱基99購06  ,0,0,0,0,0,0,0,0,0,-49000,0,0,0,0,49000,-49000,-49000
059573,健策凱基9A購02  ,0,0,0,0,0,0,0,0,0,-49000,0,0,0,42000,91000,-49000,-49000
059597,大立光元大99購21,0,0,0,0,0,0,0,0,0,-49000,0,0,0,0,49000,-49000,-49000
056615,燿華永豐98購02  ,0,0,0,0,0,0,0,0,0,-49000,0,0,0,60000,109000,-49000,-49000
059436,大立光元大99購18,0,0,0,0,0,0,0,0,0,-49000,0,0,0,0,49000,-49000,-49000
056635,亞德客日盛99購01,0,0,0,0,0,0,0,0,0,-49000,0,0,0,8000,57000,-49000,-49000
07134P,臺股指元大9A售28,0,0,0,0,0,0,0,0,0,-49000,0,0,0,17000,66000,-49000,-49000
6282,康舒            ,165000,223000,-58000,0,0,0,0,0,0,9000,2000,2000,0,15000,6000,9000,-49000
060566,聯詠富邦9C購01  ,0,0,0,0,0,0,0,0,0,-50000,0,0,0,10000,60000,-50000,-50000
06054P,臺股指中信9A售01,0,0,0,0,0,0,0,0,0,-50000,0,0,0,0,50000,-50000,-50000
060462,鴻海元大9A購10  ,0,0,0,0,0,0,0,0,0,-50000,0,0,0,1000,51000,-50000,-50000
06042P,華新科永豐96售04,0,0,0,0,0,0,0,0,0,-50000,0,0,0,37000,87000,-50000,-50000
061678,玉晶光元大9B購04,0,0,0,0,0,0,0,0,0,-50000,0,0,0,0,50000,-50000,-50000
06139P,台積電中信99售02,0,0,0,0,0,0,0,0,0,-50000,0,0,0,0,50000,-50000,-50000
061237,晶技元大9A購01  ,0,0,0,0,0,0,0,0,0,-50000,0,0,0,80000,130000,-50000,-50000
062728,健策凱基9B購04  ,0,0,0,0,0,0,0,0,0,-50000,0,0,0,14000,64000,-50000,-50000
062617,京鼎元大9B購01  ,0,0,0,0,0,0,0,0,0,-50000,0,0,0,155000,205000,-50000,-50000
062520,晶豪科元大9B購02,0,0,0,0,0,0,0,0,0,-50000,0,0,0,105000,155000,-50000,-50000
054160,華泰凱基98購01  ,0,0,0,0,0,0,0,0,0,-50000,0,0,0,0,50000,-50000,-50000
05414P,台表科國票96售02,0,0,0,0,0,0,0,0,0,-50000,0,0,0,0,50000,-50000,-50000
05538P,玉晶光國票97售02,0,0,0,0,0,0,0,0,0,-50000,0,0,0,22000,72000,-50000,-50000
056504,國巨永豐98購02  ,0,0,0,0,0,0,0,0,0,-50000,0,0,0,0,50000,-50000,-50000
052617,景碩國泰98購01  ,0,0,0,0,0,0,0,0,0,-50000,0,0,0,30000,80000,-50000,-50000
051577,台積電元大97購03,0,0,0,0,0,0,0,0,0,-50000,0,0,0,0,50000,-50000,-50000
046384,群創凱基98購02  ,0,0,0,0,0,0,0,0,0,-50000,0,0,0,0,50000,-50000,-50000
04437P,滬深2X群益98售03,0,0,0,0,0,0,0,0,0,-50000,0,0,0,0,50000,-50000,-50000
048273,南電富邦97購01  ,0,0,0,0,0,0,0,0,0,-50000,0,0,0,0,50000,-50000,-50000
050117,麗豐元大96購02  ,0,0,0,0,0,0,0,0,0,-50000,0,0,0,0,50000,-50000,-50000
053712,台光電凱基96購04,0,0,0,0,0,0,0,0,0,-50000,0,0,0,12000,62000,-50000,-50000
03670C,元油2X元富99牛01,0,0,0,0,0,0,0,0,0,-50000,0,0,0,0,50000,-50000,-50000
03445B,臺股指元大02熊01,0,0,0,0,0,0,0,0,0,-50000,0,0,0,59000,109000,-50000,-50000
054860,台積電群益98購01,0,0,0,0,0,0,0,0,0,-50000,0,0,0,0,50000,-50000,-50000
059211,鴻海元大99購27  ,0,0,0,0,0,0,0,0,0,-50000,0,0,0,3000,53000,-50000,-50000
055687,瀚宇博凱基97購01,0,0,0,0,0,0,0,0,0,-50000,0,0,0,0,50000,-50000,-50000
055733,奇力新元富97購01,0,0,0,0,0,0,0,0,0,-50000,0,0,0,0,50000,-50000,-50000
055901,超眾中信97購01  ,0,0,0,0,0,0,0,0,0,-50000,0,0,0,0,50000,-50000,-50000
054778,世紀鋼國票99購01,0,0,0,0,0,0,0,0,0,-50000,0,0,0,20000,70000,-50000,-50000
056307,貿聯元大97購05  ,0,0,0,0,0,0,0,0,0,-50000,0,0,0,0,50000,-50000,-50000
059029,旺宏兆豐99購01  ,0,0,0,0,0,0,0,0,0,-50000,0,0,0,0,50000,-50000,-50000
057581,元大金中信9A購01,0,0,0,0,0,0,0,0,0,-50000,0,0,0,20000,70000,-50000,-50000
058704,台積電元大99購17,0,0,0,0,0,0,0,0,0,-50000,0,0,0,50000,100000,-50000,-50000
05911P,南亞科永豐96售03,0,0,0,0,0,0,0,0,0,-50000,0,0,0,0,50000,-50000,-50000
059713,滬深2X元大9C購04,0,0,0,0,0,0,0,0,0,-50000,0,0,0,0,50000,-50000,-50000
058525,台虹元大99購02  ,0,0,0,0,0,0,0,0,0,-50000,0,0,0,17000,67000,-50000,-50000
058523,聯茂元大99購08  ,0,0,0,0,0,0,0,0,0,-50000,0,0,0,133000,183000,-50000,-50000
057272,台積電元大98購14,0,0,0,0,0,0,0,0,0,-50000,0,0,0,0,50000,-50000,-50000
059897,T50反1元大99購14,0,0,0,0,0,0,0,0,0,-50000,0,0,0,0,50000,-50000,-50000
056986,超眾群益98購03  ,0,0,0,0,0,0,0,0,0,-50000,0,0,0,50000,100000,-50000,-50000
057114,台虹群益98購01  ,0,0,0,0,0,0,0,0,0,-50000,0,0,0,18000,68000,-50000,-50000
060150,華通富邦9B購01  ,0,0,0,0,0,0,0,0,0,-50000,0,0,0,0,50000,-50000,-50000
060390,聯鈞群益9A購01  ,0,0,0,0,0,0,0,0,0,-50000,0,0,0,10000,60000,-50000,-50000
060249,正文元大9C購01  ,0,0,0,0,0,0,0,0,0,-50000,0,0,0,0,50000,-50000,-50000
058685,TPK凱基99購01   ,0,0,0,0,0,0,0,0,0,-50000,0,0,0,33000,83000,-50000,-50000
07101P,台郡元大99售06  ,0,0,0,0,0,0,0,0,0,-50000,0,0,0,0,50000,-50000,-50000
07031P,台灣50中信03售02,0,0,0,0,0,0,0,0,0,-50000,0,0,0,0,50000,-50000,-50000
06748P,智邦台新98售02  ,0,0,0,0,0,0,0,0,0,-50000,0,0,0,0,50000,-50000,-50000
063278,國巨元大9C購04  ,0,0,0,0,0,0,0,0,0,-50000,0,0,0,0,50000,-50000,-50000
063170,智邦第一9B購01  ,0,0,0,0,0,0,0,0,0,-50000,0,0,0,0,50000,-50000,-50000
06493P,聯發科永豐98售02,0,0,0,0,0,0,0,0,0,-50000,0,0,0,0,50000,-50000,-50000
07777P,創意元大9A售03  ,0,0,0,0,0,0,0,0,0,-50000,0,0,0,0,50000,-50000,-50000
07709P,創意元大9A售01  ,0,0,0,0,0,0,0,0,0,-50000,0,0,0,0,50000,-50000,-50000
07689P,旺宏元大9A售13  ,0,0,0,0,0,0,0,0,0,-50000,0,0,0,0,50000,-50000,-50000
07878P,智邦群益9C售01  ,0,0,0,0,0,0,0,0,0,-50000,0,0,0,1000,51000,-50000,-50000
08020P,臺股指凱基9B售06,0,0,0,0,0,0,0,0,0,-50000,0,0,0,0,50000,-50000,-50000
08005P,台積電群益9C售04,0,0,0,0,0,0,0,0,0,-50000,0,0,0,0,50000,-50000,-50000
08104P,晶技元大9B售06  ,0,0,0,0,0,0,0,0,0,-50000,0,0,0,0,50000,-50000,-50000
07894P,燿華元大9B售01  ,0,0,0,0,0,0,0,0,0,-50000,0,0,0,0,50000,-50000,-50000
07442P,華航康和9A售02  ,0,0,0,0,0,0,0,0,0,-50000,0,0,0,0,50000,-50000,-50000
07418P,聯發科元大99售45,0,0,0,0,0,0,0,0,0,-50000,0,0,0,2000,52000,-50000,-50000
07593P,臺股指凱基9A售08,0,0,0,0,0,0,0,0,0,-50000,0,0,0,30000,80000,-50000,-50000
062695,華通元大9C購01  ,0,0,0,0,0,0,0,0,0,-51000,0,0,0,17000,68000,-51000,-51000
062990,台積電群益9B購06,0,0,0,0,0,0,0,0,0,-51000,0,0,0,125000,176000,-51000,-51000
061839,華新科凱基05購04,0,0,0,0,0,0,0,0,0,-51000,0,0,0,0,51000,-51000,-51000
061473,台積電元大9A購33,0,0,0,0,0,0,0,0,0,-51000,0,0,0,99000,150000,-51000,-51000
056433,鴻海凱基98購09  ,0,0,0,0,0,0,0,0,0,-51000,0,0,0,2000,53000,-51000,-51000
055022,精元國泰99購01  ,0,0,0,0,0,0,0,0,0,-51000,0,0,0,0,51000,-51000,-51000
054050,創意元大96購06  ,0,0,0,0,0,0,0,0,0,-51000,0,0,0,17000,68000,-51000,-51000
053784,奇力新元大97購02,0,0,0,0,0,0,0,0,0,-51000,0,0,0,0,51000,-51000,-51000
053502,智伸科兆豐97購01,0,0,0,0,0,0,0,0,0,-51000,0,0,0,20000,71000,-51000,-51000
057000,亞德客國票99購01,0,0,0,0,0,0,0,0,0,-51000,0,0,0,33000,84000,-51000,-51000
057033,A50反1元大9B購02,0,0,0,0,0,0,0,0,0,-51000,0,0,0,0,51000,-51000,-51000
059500,鴻海元富99購11  ,0,0,0,0,0,0,0,0,0,-51000,0,0,0,100000,151000,-51000,-51000
059537,大立光凱基99購09,0,0,0,0,0,0,0,0,0,-51000,0,0,0,3000,54000,-51000,-51000
058700,鴻海元大99購15  ,0,0,0,0,0,0,0,0,0,-51000,0,0,0,1000,52000,-51000,-51000
057723,臺股指元富98購02,0,0,0,0,0,0,0,0,0,-51000,0,0,0,0,51000,-51000,-51000
07927P,國巨統一9B售08  ,0,0,0,0,0,0,0,0,0,-51000,0,0,0,0,51000,-51000,-51000
07994P,臺股指群益9B售04,0,0,0,0,0,0,0,0,0,-51000,0,0,0,90000,141000,-51000,-51000
063179,群創兆豐9B購01  ,0,0,0,0,0,0,0,0,0,-51000,0,0,0,0,51000,-51000,-51000
1525,江申            ,9000,0,9000,0,0,0,0,60000,-60000,0,0,0,0,0,0,0,-51000
3030,德律            ,53000,127000,-74000,0,0,0,0,0,0,23000,24000,1000,23000,0,0,0,-51000
061581,貿聯元大9A購05  ,0,0,0,0,0,0,0,0,0,-52000,0,0,0,60000,112000,-52000,-52000
061669,崇越中信9A購01  ,0,0,0,0,0,0,0,0,0,-52000,0,0,0,48000,100000,-52000,-52000
061744,超眾凱基9B購02  ,0,0,0,0,0,0,0,0,0,-52000,0,0,0,0,52000,-52000,-52000
060434,台汽電永豐9A購01,0,0,0,0,0,0,0,0,0,-52000,0,0,0,180000,232000,-52000,-52000
060542,上銀凱基9A購04  ,0,0,0,0,0,0,0,0,0,-52000,0,0,0,0,52000,-52000,-52000
060501,鴻海元大9A購13  ,0,0,0,0,0,0,0,0,0,-52000,0,0,0,10000,62000,-52000,-52000
060930,超眾永豐9A購03  ,0,0,0,0,0,0,0,0,0,-52000,0,0,0,20000,72000,-52000,-52000
061022,健策國泰9B購03  ,0,0,0,0,0,0,0,0,0,-52000,0,0,0,328000,380000,-52000,-52000
060897,健策凱基9A購04  ,0,0,0,0,0,0,0,0,0,-52000,0,0,0,14000,66000,-52000,-52000
062434,華通元大9B購04  ,0,0,0,0,0,0,0,0,0,-52000,0,0,0,43000,95000,-52000,-52000
062345,和大群益9B購01  ,0,0,0,0,0,0,0,0,0,-52000,0,0,0,0,52000,-52000,-52000
062208,旭富國票9C購01  ,0,0,0,0,0,0,0,0,0,-52000,0,0,0,13000,65000,-52000,-52000
051907,台積電元大97購05,0,0,0,0,0,0,0,0,0,-52000,0,0,0,0,52000,-52000,-52000
055430,宏達電群益97購01,0,0,0,0,0,0,0,0,0,-52000,0,0,0,46000,98000,-52000,-52000
056454,欣興凱基98購02  ,0,0,0,0,0,0,0,0,0,-52000,0,0,0,0,52000,-52000,-52000
059315,鴻海元大99購30  ,0,0,0,0,0,0,0,0,0,-52000,0,0,0,13000,65000,-52000,-52000
057507,貿聯國票98購02  ,0,0,0,0,0,0,0,0,0,-52000,0,0,0,28000,80000,-52000,-52000
057346,鴻海統一98購13  ,0,0,0,0,0,0,0,0,0,-52000,0,0,0,1000,53000,-52000,-52000
063354,茂林元富9B購02  ,0,0,0,0,0,0,0,0,0,-52000,0,0,0,0,52000,-52000,-52000
07246P,旺宏凱基99售08  ,0,0,0,0,0,0,0,0,0,-52000,0,0,0,42000,94000,-52000,-52000
062315,健策凱基9C購01  ,0,0,0,0,0,0,0,0,0,-53000,0,0,0,102000,155000,-53000,-53000
061918,上銀凱基9B購02  ,0,0,0,0,0,0,0,0,0,-53000,0,0,0,40000,93000,-53000,-53000
063034,致茂凱基9B購01  ,0,0,0,0,0,0,0,0,0,-53000,0,0,0,10000,63000,-53000,-53000
062852,聯發科永豐9B購02,0,0,0,0,0,0,0,0,0,-53000,0,0,0,47000,100000,-53000,-53000
062883,智易兆豐9C購01  ,0,0,0,0,0,0,0,0,0,-53000,0,0,0,94000,147000,-53000,-53000
062503,玉晶光群益01購03,0,0,0,0,0,0,0,0,0,-53000,0,0,0,2000,55000,-53000,-53000
062450,臻鼎元大9B購02  ,0,0,0,0,0,0,0,0,0,-53000,0,0,0,116000,169000,-53000,-53000
062605,上銀凱基9B購03  ,0,0,0,0,0,0,0,0,0,-53000,0,0,0,35000,88000,-53000,-53000
060547,瑞昱凱基9A購01  ,0,0,0,0,0,0,0,0,0,-53000,0,0,0,14000,67000,-53000,-53000
060576,欣興中信9B購01  ,0,0,0,0,0,0,0,0,0,-53000,0,0,0,65000,118000,-53000,-53000
054381,世芯群益98購01  ,0,0,0,0,0,0,0,0,0,-53000,0,0,0,73000,126000,-53000,-53000
055566,台表科凱基97購03,0,0,0,0,0,0,0,0,0,-53000,0,0,0,2000,55000,-53000,-53000
055586,旺宏元大98購06  ,0,0,0,0,0,0,0,0,0,-53000,0,0,0,0,53000,-53000,-53000
05729P,臺股指凱基97售02,0,0,0,0,0,0,0,0,0,-53000,0,0,0,2000,55000,-53000,-53000
058649,健策永豐99購01  ,0,0,0,0,0,0,0,0,0,-53000,0,0,0,2000,55000,-53000,-53000
058335,鴻海元富99購06  ,0,0,0,0,0,0,0,0,0,-53000,0,0,0,0,53000,-53000,-53000
059946,健策永豐99購05  ,0,0,0,0,0,0,0,0,0,-53000,0,0,0,1000,54000,-53000,-53000
060244,大立光元大9B購02,0,0,0,0,0,0,0,0,0,-53000,0,0,0,5000,58000,-53000,-53000
060240,富邦金元大9A購01,0,0,0,0,0,0,0,0,0,-53000,0,0,0,136000,189000,-53000,-53000
057716,神達統一98購01  ,0,0,0,0,0,0,0,0,0,-53000,0,0,0,35000,88000,-53000,-53000
059116,晶豪科永豐99購01,0,0,0,0,0,0,0,0,0,-53000,0,0,0,0,53000,-53000,-53000
07590P,玉晶光國票9A售03,0,0,0,0,0,0,0,0,0,-53000,0,0,0,0,53000,-53000,-53000
07507P,國巨國票9B售02  ,0,0,0,0,0,0,0,0,0,-53000,0,0,0,0,53000,-53000,-53000
07904P,聯發科群益9B售05,0,0,0,0,0,0,0,0,0,-53000,0,0,0,20000,73000,-53000,-53000
063155,緯穎元富9B購03  ,0,0,0,0,0,0,0,0,0,-53000,0,0,0,6000,59000,-53000,-53000
07106P,國巨統一9B售05  ,0,0,0,0,0,0,0,0,0,-53000,0,0,0,3000,56000,-53000,-53000
4144,康聯-KY         ,34000,88000,-54000,0,0,0,0,0,0,1000,1000,0,1000,0,0,0,-53000
8021,尖點            ,45000,98000,-53000,0,0,0,0,0,0,0,0,0,0,0,0,0,-53000
3563,牧德            ,93162,113000,-19838,0,0,0,0,46000,-46000,12000,7000,2000,5000,14000,7000,7000,-53838
060675,南亞科元大9A購02,0,0,0,0,0,0,0,0,0,-54000,0,0,0,13000,67000,-54000,-54000
060431,復盛永豐9A購01  ,0,0,0,0,0,0,0,0,0,-54000,0,0,0,29000,83000,-54000,-54000
061380,巨大永豐9A購02  ,0,0,0,0,0,0,0,0,0,-54000,0,0,0,23000,77000,-54000,-54000
053800,華通凱基97購03  ,0,0,0,0,0,0,0,0,0,-54000,0,0,0,0,54000,-54000,-54000
051630,力山國票96購01  ,0,0,0,0,0,0,0,0,0,-54000,0,0,0,139000,193000,-54000,-54000
053744,台郡國票97購03  ,0,0,0,0,0,0,0,0,0,-54000,0,0,0,1000,55000,-54000,-54000
00662,富邦NASDAQ      ,0,23000,-23000,0,0,0,0,0,0,-31000,19000,0,19000,156000,206000,-50000,-54000
054451,上銀亞東98購01  ,0,0,0,0,0,0,0,0,0,-54000,0,0,0,20000,74000,-54000,-54000
059172,台郡凱基99購03  ,0,0,0,0,0,0,0,0,0,-54000,0,0,0,0,54000,-54000,-54000
058781,康友國票9A購01  ,0,0,0,0,0,0,0,0,0,-54000,0,0,0,4000,58000,-54000,-54000
058174,台積電凱基9A購05,0,0,0,0,0,0,0,0,0,-54000,0,0,0,20000,74000,-54000,-54000
057436,義隆國票99購02  ,0,0,0,0,0,0,0,0,0,-54000,0,0,0,4000,58000,-54000,-54000
057875,京鼎元大98購03  ,0,0,0,0,0,0,0,0,0,-54000,0,0,0,0,54000,-54000,-54000
2704,國賓            ,68000,123000,-55000,0,0,0,0,0,0,1000,1000,0,1000,0,0,0,-54000
2428,興勤            ,18000,71000,-53000,0,0,0,0,0,0,-1000,0,0,0,0,1000,-1000,-54000
07771P,義隆國票9A售01  ,0,0,0,0,0,0,0,0,0,-54000,0,0,0,54000,108000,-54000,-54000
07761P,智邦永豐9A售03  ,0,0,0,0,0,0,0,0,0,-54000,0,0,0,0,54000,-54000,-54000
07183P,臺股指凱基99售25,0,0,0,0,0,0,0,0,0,-54000,0,0,0,0,54000,-54000,-54000
061409,力成國票9A購02  ,0,0,0,0,0,0,0,0,0,-55000,0,0,0,16000,71000,-55000,-55000
061151,友訊群益9A購01  ,0,0,0,0,0,0,0,0,0,-55000,0,0,0,193000,248000,-55000,-55000
060836,上銀國票9A購03  ,0,0,0,0,0,0,0,0,0,-55000,0,0,0,0,55000,-55000,-55000
061800,泰鼎永豐9B購01  ,0,0,0,0,0,0,0,0,0,-55000,0,0,0,213000,268000,-55000,-55000
056560,旺宏群益98購03  ,0,0,0,0,0,0,0,0,0,-55000,0,0,0,150000,205000,-55000,-55000
03446B,臺股指元大9B熊26,0,0,0,0,0,0,0,0,0,-55000,0,0,0,0,55000,-55000,-55000
03658C,T50反1元大9A牛02,0,0,0,0,0,0,0,0,0,-55000,0,0,0,90000,145000,-55000,-55000
053958,京元電永豐96購01,0,0,0,0,0,0,0,0,0,-55000,0,0,0,0,55000,-55000,-55000
056536,義隆凱基98購04  ,0,0,0,0,0,0,0,0,0,-55000,0,0,0,58000,113000,-55000,-55000
053248,智伸科國票97購01,0,0,0,0,0,0,0,0,0,-55000,0,0,0,48000,103000,-55000,-55000
057189,康控元大98購02  ,0,0,0,0,0,0,0,0,0,-55000,0,0,0,9000,64000,-55000,-55000
058163,道瓊反凱基9B購01,0,0,0,0,0,0,0,0,0,-55000,0,0,0,0,55000,-55000,-55000
058293,光寶科凱基9A購01,0,0,0,0,0,0,0,0,0,-55000,0,0,0,250000,305000,-55000,-55000
057077,國巨統一98購06  ,0,0,0,0,0,0,0,0,0,-55000,0,0,0,55000,110000,-55000,-55000
056573,華新科元大99購06,0,0,0,0,0,0,0,0,0,-55000,0,0,0,0,55000,-55000,-55000
057805,華通元大98購06  ,0,0,0,0,0,0,0,0,0,-55000,0,0,0,3000,58000,-55000,-55000
07765P,台積電群益9A售06,0,0,0,0,0,0,0,0,0,-55000,0,0,0,15000,70000,-55000,-55000
07729P,臺股指凱基9A售21,0,0,0,0,0,0,0,0,0,-55000,0,0,0,20000,75000,-55000,-55000
07861P,台灣50中信03售08,0,0,0,0,0,0,0,0,0,-55000,0,0,0,0,55000,-55000,-55000
063265,瑞祺永豐9B購01  ,0,0,0,0,0,0,0,0,0,-55000,0,0,0,143000,198000,-55000,-55000
4737,華廣            ,20000,75000,-55000,0,0,0,0,0,0,0,0,0,0,0,0,0,-55000
061912,台積電中信05購05,0,0,0,0,0,0,0,0,0,-56000,0,0,0,54000,110000,-56000,-56000
062048,義隆台新9B購01  ,0,0,0,0,0,0,0,0,0,-56000,0,0,0,0,56000,-56000,-56000
062310,南亞科凱基9B購02,0,0,0,0,0,0,0,0,0,-56000,0,0,0,0,56000,-56000,-56000
062385,玉晶光國泰01購01,0,0,0,0,0,0,0,0,0,-56000,0,0,0,116000,172000,-56000,-56000
062456,台積電群益9B購05,0,0,0,0,0,0,0,0,0,-56000,0,0,0,51000,107000,-56000,-56000
062460,京鼎群益9C購01  ,0,0,0,0,0,0,0,0,0,-56000,0,0,0,12000,68000,-56000,-56000
062835,瑞儀群益9B購01  ,0,0,0,0,0,0,0,0,0,-56000,0,0,0,20000,76000,-56000,-56000
062996,致茂國票9C購01  ,0,0,0,0,0,0,0,0,0,-56000,0,0,0,39000,95000,-56000,-56000
061074,儒鴻兆豐9B購01  ,0,0,0,0,0,0,0,0,0,-56000,0,0,0,420000,476000,-56000,-56000
061540,台積電群益9A購07,0,0,0,0,0,0,0,0,0,-56000,0,0,0,127000,183000,-56000,-56000
054134,強茂元大96購01  ,0,0,0,0,0,0,0,0,0,-56000,0,0,0,0,56000,-56000,-56000
054032,上銀中信96購01  ,0,0,0,0,0,0,0,0,0,-56000,0,0,0,0,56000,-56000,-56000
054479,緯創中信98購01  ,0,0,0,0,0,0,0,0,0,-56000,0,0,0,0,56000,-56000,-56000
054269,台光電亞東98購01,0,0,0,0,0,0,0,0,0,-56000,0,0,0,0,56000,-56000,-56000
058577,南亞科群益99購02,0,0,0,0,0,0,0,0,0,-56000,0,0,0,1000,57000,-56000,-56000
057612,瑞昱元富02購01  ,0,0,0,0,0,0,0,0,0,-56000,0,0,0,41000,97000,-56000,-56000
059949,啟碁永豐99購01  ,0,0,0,0,0,0,0,0,0,-56000,0,0,0,106000,162000,-56000,-56000
07767P,華新科群益9A售07,0,0,0,0,0,0,0,0,0,-56000,0,0,0,0,56000,-56000,-56000
07553P,嘉晶元大9A售02  ,0,0,0,0,0,0,0,0,0,-56000,0,0,0,26000,82000,-56000,-56000
060855,華新科富邦01購01,0,0,0,0,0,0,0,0,0,-57000,0,0,0,1000,58000,-57000,-57000
060869,超眾永豐9A購02  ,0,0,0,0,0,0,0,0,0,-57000,0,0,0,15000,72000,-57000,-57000
062621,緯穎元大9B購05  ,0,0,0,0,0,0,0,0,0,-57000,0,0,0,20000,77000,-57000,-57000
062055,鴻海統一9C購07  ,0,0,0,0,0,0,0,0,0,-57000,0,0,0,25000,82000,-57000,-57000
056416,華新科中信98購01,0,0,0,0,0,0,0,0,0,-57000,0,0,0,0,57000,-57000,-57000
057307,瀚宇博兆豐99購01,0,0,0,0,0,0,0,0,0,-57000,0,0,0,60000,117000,-57000,-57000
056779,元油2X群益9A購02,0,0,0,0,0,0,0,0,0,-57000,0,0,0,0,57000,-57000,-57000
058531,華通元富99購01  ,0,0,0,0,0,0,0,0,0,-57000,0,0,0,35000,92000,-57000,-57000
059386,上銀凱基99購07  ,0,0,0,0,0,0,0,0,0,-57000,0,0,0,3000,60000,-57000,-57000
3062,建漢            ,154000,212000,-58000,0,0,0,0,0,0,1000,1000,0,1000,0,0,0,-57000
062258,奇力新元大9B購03,0,0,0,0,0,0,0,0,0,-58000,0,0,0,0,58000,-58000,-58000
062777,鴻海元大9C購03  ,0,0,0,0,0,0,0,0,0,-58000,0,0,0,10000,68000,-58000,-58000
060794,景碩永豐9A購02  ,0,0,0,0,0,0,0,0,0,-58000,0,0,0,10000,68000,-58000,-58000
061455,京元電凱基9B購01,0,0,0,0,0,0,0,0,0,-58000,0,0,0,0,58000,-58000,-58000
06169P,華新科元富97售02,0,0,0,0,0,0,0,0,0,-58000,0,0,0,2000,60000,-58000,-58000
061184,大立光國泰9C購01,0,0,0,0,0,0,0,0,0,-58000,0,0,0,32000,90000,-58000,-58000
061407,鴻海國票9A購07  ,0,0,0,0,0,0,0,0,0,-58000,0,0,0,8000,66000,-58000,-58000
056404,嘉聯益群益9A購01,0,0,0,0,0,0,0,0,0,-58000,0,0,0,40000,98000,-58000,-58000
056477,欣興元大98購02  ,0,0,0,0,0,0,0,0,0,-58000,0,0,0,59000,117000,-58000,-58000
055394,健策統一97購01  ,0,0,0,0,0,0,0,0,0,-58000,0,0,0,2000,60000,-58000,-58000
053540,健策永豐96購01  ,0,0,0,0,0,0,0,0,0,-58000,0,0,0,0,58000,-58000,-58000
053338,台光電國票97購01,0,0,0,0,0,0,0,0,0,-58000,0,0,0,0,58000,-58000,-58000
057778,大立光群益98購02,0,0,0,0,0,0,0,0,0,-58000,0,0,0,0,58000,-58000,-58000
057733,嘉聯益國泰99購01,0,0,0,0,0,0,0,0,0,-58000,0,0,0,20000,78000,-58000,-58000
058749,康控凱基99購03  ,0,0,0,0,0,0,0,0,0,-58000,0,0,0,60000,118000,-58000,-58000
059622,上銀凱基99購10  ,0,0,0,0,0,0,0,0,0,-58000,0,0,0,0,58000,-58000,-58000
056596,光磊元富98購01  ,0,0,0,0,0,0,0,0,0,-58000,0,0,0,80000,138000,-58000,-58000
057452,新日興元富98購01,0,0,0,0,0,0,0,0,0,-58000,0,0,0,62000,120000,-58000,-58000
060199,台郡元富9A購01  ,0,0,0,0,0,0,0,0,0,-58000,0,0,0,2000,60000,-58000,-58000
5203,訊連            ,125000,171000,-46000,0,0,0,0,30000,-30000,18000,20000,0,20000,1000,3000,-2000,-58000
063198,仁寶統一01購02  ,0,0,0,0,0,0,0,0,0,-58000,0,0,0,0,58000,-58000,-58000
061375,華通永豐9A購02  ,0,0,0,0,0,0,0,0,0,-59000,0,0,0,0,59000,-59000,-59000
061129,文曄永豐9A購01  ,0,0,0,0,0,0,0,0,0,-59000,0,0,0,0,59000,-59000,-59000
060459,鴻海元大9A購07  ,0,0,0,0,0,0,0,0,0,-59000,0,0,0,1000,60000,-59000,-59000
062564,矽創凱基9B購01  ,0,0,0,0,0,0,0,0,0,-59000,0,0,0,112000,171000,-59000,-59000
061987,大立光元大9B購03,0,0,0,0,0,0,0,0,0,-59000,0,0,0,6000,65000,-59000,-59000
046191,新光金凱基98購01,0,0,0,0,0,0,0,0,0,-59000,0,0,0,0,59000,-59000,-59000
054554,大立光凱基98購02,0,0,0,0,0,0,0,0,0,-59000,0,0,0,66000,125000,-59000,-59000
058741,欣興日盛99購01  ,0,0,0,0,0,0,0,0,0,-59000,0,0,0,0,59000,-59000,-59000
07452P,國巨元大9A售05  ,0,0,0,0,0,0,0,0,0,-59000,0,0,0,20000,79000,-59000,-59000
062124,大立光統一9B購09,0,0,0,0,0,0,0,0,0,-60000,0,0,0,10000,70000,-60000,-60000
062717,華邦電凱基9C購01,0,0,0,0,0,0,0,0,0,-60000,0,0,0,30000,90000,-60000,-60000
062720,南亞科凱基9B購03,0,0,0,0,0,0,0,0,0,-60000,0,0,0,10000,70000,-60000,-60000
061410,緯穎國票9A購03  ,0,0,0,0,0,0,0,0,0,-60000,0,0,0,31000,91000,-60000,-60000
061737,南亞科凱基9B購01,0,0,0,0,0,0,0,0,0,-60000,0,0,0,0,60000,-60000,-60000
054550,旺宏凱基98購02  ,0,0,0,0,0,0,0,0,0,-60000,0,0,0,0,60000,-60000,-60000
055019,福懋科元富97購01,0,0,0,0,0,0,0,0,0,-60000,0,0,0,0,60000,-60000,-60000
055033,漢唐富邦98購01  ,0,0,0,0,0,0,0,0,0,-60000,0,0,0,117000,177000,-60000,-60000
054912,群光凱基97購01  ,0,0,0,0,0,0,0,0,0,-60000,0,0,0,0,60000,-60000,-60000
055318,華通國票98購01  ,0,0,0,0,0,0,0,0,0,-60000,0,0,0,189000,249000,-60000,-60000
058815,華新科台新99購03,0,0,0,0,0,0,0,0,0,-60000,0,0,0,30000,90000,-60000,-60000
054279,揚明光群益98購01,0,0,0,0,0,0,0,0,0,-60000,0,0,0,0,60000,-60000,-60000
055849,聯詠元大97購05  ,0,0,0,0,0,0,0,0,0,-60000,0,0,0,0,60000,-60000,-60000
054700,致新永豐97購01  ,0,0,0,0,0,0,0,0,0,-60000,0,0,0,0,60000,-60000,-60000
05306P,泰碩國泰97售01  ,0,0,0,0,0,0,0,0,0,-60000,0,0,0,10000,70000,-60000,-60000
055512,聯詠兆豐97購01  ,0,0,0,0,0,0,0,0,0,-60000,0,0,0,0,60000,-60000,-60000
058757,道瓊銀群益9A購02,0,0,0,0,0,0,0,0,0,-60000,0,0,0,0,60000,-60000,-60000
056746,超眾凱基99購01  ,0,0,0,0,0,0,0,0,0,-60000,0,0,0,46000,106000,-60000,-60000
057659,台表科兆豐98購01,0,0,0,0,0,0,0,0,0,-60000,0,0,0,0,60000,-60000,-60000
059581,日月光元富99購02,0,0,0,0,0,0,0,0,0,-60000,0,0,0,134000,194000,-60000,-60000
059689,南亞科永豐99購02,0,0,0,0,0,0,0,0,0,-60000,0,0,0,38000,98000,-60000,-60000
060349,上証2X元富9A購04,0,0,0,0,0,0,0,0,0,-60000,0,0,0,0,60000,-60000,-60000
057457,華邦電富邦98購01,0,0,0,0,0,0,0,0,0,-60000,0,0,0,0,60000,-60000,-60000
057838,台郡國泰99購01  ,0,0,0,0,0,0,0,0,0,-60000,0,0,0,0,60000,-60000,-60000
057878,台郡元大99購04  ,0,0,0,0,0,0,0,0,0,-60000,0,0,0,0,60000,-60000,-60000
05923P,旺宏元富96售05  ,0,0,0,0,0,0,0,0,0,-60000,0,0,0,0,60000,-60000,-60000
057988,鈺齊元富98購02  ,0,0,0,0,0,0,0,0,0,-60000,0,0,0,0,60000,-60000,-60000
058105,旺宏統一9A購02  ,0,0,0,0,0,0,0,0,0,-60000,0,0,0,25000,85000,-60000,-60000
058077,超眾凱基98購02  ,0,0,0,0,0,0,0,0,0,-60000,0,0,0,21000,81000,-60000,-60000
08008P,華新科統一9B售05,0,0,0,0,0,0,0,0,0,-60000,0,0,0,0,60000,-60000,-60000
08054P,臺股指國票9B售19,0,0,0,0,0,0,0,0,0,-60000,0,0,0,0,60000,-60000,-60000
07117P,SGBR2X凱基9C售01,0,0,0,0,0,0,0,0,0,-60000,0,0,0,0,60000,-60000,-60000
07076P,鴻海凱基9A售08  ,0,0,0,0,0,0,0,0,0,-60000,0,0,0,264000,324000,-60000,-60000
2472,立隆電          ,140000,208000,-68000,0,0,0,0,0,0,8000,8000,0,8000,0,0,0,-60000
3024,憶聲            ,77000,137000,-60000,0,0,0,0,0,0,0,0,0,0,0,0,0,-60000
1786,科妍            ,11000,73000,-62000,0,0,0,0,0,0,2000,3000,1000,2000,0,0,0,-60000
061004,友達兆豐9A購01  ,0,0,0,0,0,0,0,0,0,-61000,0,0,0,89000,150000,-61000,-61000
052561,矽創國票97購01  ,0,0,0,0,0,0,0,0,0,-61000,0,0,0,0,61000,-61000,-61000
049024,玉晶光群益97購01,0,0,0,0,0,0,0,0,0,-61000,0,0,0,0,61000,-61000,-61000
00673R,元大S&P原油反1  ,0,0,0,0,0,0,0,0,0,-61000,0,0,0,56000,117000,-61000,-61000
055887,上銀統一97購03  ,0,0,0,0,0,0,0,0,0,-61000,0,0,0,324000,385000,-61000,-61000
056143,訊芯元大97購04  ,0,0,0,0,0,0,0,0,0,-61000,0,0,0,7000,68000,-61000,-61000
056366,玉晶光元大99購04,0,0,0,0,0,0,0,0,0,-61000,0,0,0,11000,72000,-61000,-61000
058050,台郡元大99購05  ,0,0,0,0,0,0,0,0,0,-61000,0,0,0,50000,111000,-61000,-61000
058622,國巨國票99購07  ,0,0,0,0,0,0,0,0,0,-61000,0,0,0,102000,163000,-61000,-61000
057028,台郡凱基99購02  ,0,0,0,0,0,0,0,0,0,-61000,0,0,0,21000,82000,-61000,-61000
059642,健策凱基99購04  ,0,0,0,0,0,0,0,0,0,-61000,0,0,0,30000,91000,-61000,-61000
059588,鴻海元大99購32  ,0,0,0,0,0,0,0,0,0,-61000,0,0,0,12000,73000,-61000,-61000
056845,揚明光元富98購01,0,0,0,0,0,0,0,0,0,-61000,0,0,0,97000,158000,-61000,-61000
059036,可成群益9B購03  ,0,0,0,0,0,0,0,0,0,-61000,0,0,0,285000,346000,-61000,-61000
058429,欣興元富99購01  ,0,0,0,0,0,0,0,0,0,-61000,0,0,0,2000,63000,-61000,-61000
062779,台積電元大9B購03,0,0,0,0,0,0,0,0,0,-62000,0,0,0,52000,114000,-62000,-62000
062622,南電元大9B購03  ,0,0,0,0,0,0,0,0,0,-62000,0,0,0,50000,112000,-62000,-62000
062863,聯茂國票9B購01  ,0,0,0,0,0,0,0,0,0,-62000,0,0,0,45000,107000,-62000,-62000
058793,鴻海元大99購19  ,0,0,0,0,0,0,0,0,0,-62000,0,0,0,1000,63000,-62000,-62000
056551,台郡凱基98購04  ,0,0,0,0,0,0,0,0,0,-62000,0,0,0,0,62000,-62000,-62000
054627,義隆凱基98購01  ,0,0,0,0,0,0,0,0,0,-62000,0,0,0,0,62000,-62000,-62000
055359,超眾凱基97購01  ,0,0,0,0,0,0,0,0,0,-62000,0,0,0,8000,70000,-62000,-62000
053355,超眾兆豐97購01  ,0,0,0,0,0,0,0,0,0,-62000,0,0,0,3000,65000,-62000,-62000
056905,欣興元大98購03  ,0,0,0,0,0,0,0,0,0,-62000,0,0,0,0,62000,-62000,-62000
056944,鴻海統一98購11  ,0,0,0,0,0,0,0,0,0,-62000,0,0,0,20000,82000,-62000,-62000
060073,台積電元富99購03,0,0,0,0,0,0,0,0,0,-62000,0,0,0,3000,65000,-62000,-62000
07088P,訊芯永豐99售02  ,0,0,0,0,0,0,0,0,0,-62000,0,0,0,0,62000,-62000,-62000
062731,力成凱基9B購02  ,0,0,0,0,0,0,0,0,0,-63000,0,0,0,0,63000,-63000,-63000
062232,聯詠麥證9C購01  ,0,0,0,0,63000,-63000,0,0,0,-63000,0,0,0,0,63000,-63000,-63000
061932,上銀國票9B購01  ,0,0,0,0,0,0,0,0,0,-63000,0,0,0,0,63000,-63000,-63000
061338,台積電元大9A購28,0,0,0,0,0,0,0,0,0,-63000,0,0,0,6000,69000,-63000,-63000
052681,T50反1元大98購02,0,0,0,0,0,0,0,0,0,-63000,0,0,0,19000,82000,-63000,-63000
053889,致茂群益97購01  ,0,0,0,0,0,0,0,0,0,-63000,0,0,0,0,63000,-63000,-63000
051485,玉晶光凱基97購02,0,0,0,0,0,0,0,0,0,-63000,0,0,0,0,63000,-63000,-63000
058273,同欣電永豐99購01,0,0,0,0,0,0,0,0,0,-63000,0,0,0,5000,68000,-63000,-63000
057170,瑞昱元大98購01  ,0,0,0,0,0,0,0,0,0,-63000,0,0,0,70000,133000,-63000,-63000
057211,鴻海群益98購05  ,0,0,0,0,0,0,0,0,0,-63000,0,0,0,7000,70000,-63000,-63000
058699,楠梓電元大99購02,0,0,0,0,0,0,0,0,0,-63000,0,0,0,56000,119000,-63000,-63000
07067P,旺宏台新99售02  ,0,0,0,0,0,0,0,0,0,-63000,0,0,0,80000,143000,-63000,-63000
06662P,玉晶光中信9A售01,0,0,0,0,0,0,0,0,0,-63000,0,0,0,74000,137000,-63000,-63000
063231,台泥元大9B購01  ,0,0,0,0,0,0,0,0,0,-63000,0,0,0,40000,103000,-63000,-63000
063257,牧德國泰01購01  ,0,0,0,0,0,0,0,0,0,-63000,0,0,0,0,63000,-63000,-63000
07685P,玉晶光凱基9B售03,0,0,0,0,0,0,0,0,0,-63000,0,0,0,40000,103000,-63000,-63000
060933,南電永豐9A購02  ,0,0,0,0,0,0,0,0,0,-64000,0,0,0,0,64000,-64000,-64000
061840,長榮航凱基9C購01,0,0,0,0,0,0,0,0,0,-64000,0,0,0,10000,74000,-64000,-64000
062496,矽創中信9B購01  ,0,0,0,0,0,0,0,0,0,-64000,0,0,0,145000,209000,-64000,-64000
058846,鴻海群益99購03  ,0,0,0,0,0,0,0,0,0,-64000,0,0,0,3000,67000,-64000,-64000
056124,華通國票98購02  ,0,0,0,0,0,0,0,0,0,-64000,0,0,0,29000,93000,-64000,-64000
058464,矽創兆豐9A購01  ,0,0,0,0,0,0,0,0,0,-64000,0,0,0,21000,85000,-64000,-64000
057603,樺漢群益98購02  ,0,0,0,0,0,0,0,0,0,-64000,0,0,0,0,64000,-64000,-64000
058569,健策凱基9A購01  ,0,0,0,0,0,0,0,0,0,-64000,0,0,0,99000,163000,-64000,-64000
058043,鴻海元大98購13  ,0,0,0,0,0,0,0,0,0,-64000,0,0,0,70000,134000,-64000,-64000
057072,日月光永豐98購01,0,0,0,0,0,0,0,0,0,-64000,0,0,0,45000,109000,-64000,-64000
07303P,臺股指元大9A售36,0,0,0,0,0,0,0,0,0,-64000,0,0,0,755000,819000,-64000,-64000
07300P,臺股指元大9A售33,0,0,0,0,0,0,0,0,0,-64000,0,0,0,161000,225000,-64000,-64000
2413,環科            ,38000,104000,-66000,0,0,0,0,0,0,2000,2000,0,2000,0,0,0,-64000
062694,遠東新元大9B購01,0,0,0,0,0,0,0,0,0,-65000,0,0,0,0,65000,-65000,-65000
055348,旺宏凱基97購01  ,0,0,0,0,0,0,0,0,0,-65000,0,0,0,50000,115000,-65000,-65000
059987,大立光元大99購28,0,0,0,0,0,0,0,0,0,-65000,0,0,0,0,65000,-65000,-65000
058170,國巨凱基9A購06  ,0,0,0,0,0,0,0,0,0,-65000,0,0,0,0,65000,-65000,-65000
058183,國巨富邦9A購06  ,0,0,0,0,0,0,0,0,0,-65000,0,0,0,0,65000,-65000,-65000
059538,健策凱基99購03  ,0,0,0,0,0,0,0,0,0,-65000,0,0,0,18000,83000,-65000,-65000
08123P,台表科國票9C售01,0,0,0,0,0,0,0,0,0,-65000,0,0,0,0,65000,-65000,-65000
1217,愛之味          ,78000,143000,-65000,0,0,0,0,0,0,0,0,0,0,0,0,0,-65000
3588,通嘉            ,244000,347000,-103000,0,0,0,41000,0,41000,-3000,0,3000,-3000,0,0,0,-65000
07651P,道瓊指中信01售01,0,0,0,0,0,0,0,0,0,-65000,0,0,0,25000,90000,-65000,-65000
062708,立積元大9B購01  ,0,0,0,0,0,0,0,0,0,-66000,0,0,0,0,66000,-66000,-66000
062811,鴻海兆豐9B購01  ,0,0,0,0,0,0,0,0,0,-66000,0,0,0,1000,67000,-66000,-66000
062189,康控元大9B購02  ,0,0,0,0,0,0,0,0,0,-66000,0,0,0,13000,79000,-66000,-66000
053973,晶豪科元大96購01,0,0,0,0,0,0,0,0,0,-66000,0,0,0,52000,118000,-66000,-66000
059692,聯詠永豐99購01  ,0,0,0,0,0,0,0,0,0,-66000,0,0,0,40000,106000,-66000,-66000
05990P,台積電群益96售13,0,0,0,0,0,0,0,0,0,-66000,0,0,0,0,66000,-66000,-66000
057595,健鼎兆豐98購01  ,0,0,0,0,0,0,0,0,0,-66000,0,0,0,94000,160000,-66000,-66000
058997,鴻海元大99購21  ,0,0,0,0,0,0,0,0,0,-66000,0,0,0,2000,68000,-66000,-66000
057163,上銀元大98購04  ,0,0,0,0,0,0,0,0,0,-66000,0,0,0,0,66000,-66000,-66000
059958,鎧勝康和99購01  ,0,0,0,0,0,0,0,0,0,-66000,0,0,0,0,66000,-66000,-66000
057924,健策凱基98購02  ,0,0,0,0,0,0,0,0,0,-66000,0,0,0,4000,70000,-66000,-66000
07899P,和大凱基9B售01  ,0,0,0,0,0,0,0,0,0,-66000,0,0,0,29000,95000,-66000,-66000
06685P,鴻海國泰9A售01  ,0,0,0,0,0,0,0,0,0,-66000,0,0,0,4000,70000,-66000,-66000
063024,祥碩元大9B購05  ,0,0,0,0,0,0,0,0,0,-67000,0,0,0,1000,68000,-67000,-67000
063068,聯發科國泰01購03,0,0,0,0,0,0,0,0,0,-67000,0,0,0,0,67000,-67000,-67000
061232,和大元大9A購03  ,0,0,0,0,0,0,0,0,0,-67000,0,0,0,0,67000,-67000,-67000
053773,上銀元大96購04  ,0,0,0,0,0,0,0,0,0,-67000,0,0,0,0,67000,-67000,-67000
053458,聯詠國泰97購01  ,0,0,0,0,0,0,0,0,0,-67000,0,0,0,0,67000,-67000,-67000
056794,上銀麥證98購01  ,0,0,0,20000,87000,-67000,0,0,0,-67000,0,0,0,20000,87000,-67000,-67000
059764,健策永豐99購04  ,0,0,0,0,0,0,0,0,0,-67000,0,0,0,3000,70000,-67000,-67000
06503P,臺股指中信9A售02,0,0,0,0,0,0,0,0,0,-67000,0,0,0,21000,88000,-67000,-67000
060994,世芯元大9A購03  ,0,0,0,0,0,0,0,0,0,-68000,0,0,0,0,68000,-68000,-68000
06091P,華新科統一97售01,0,0,0,0,0,0,0,0,0,-68000,0,0,0,9000,77000,-68000,-68000
060602,京元電凱基9A購01,0,0,0,0,0,0,0,0,0,-68000,0,0,0,55000,123000,-68000,-68000
062580,華通統一9C購03  ,0,0,0,0,0,0,0,0,0,-68000,0,0,0,0,68000,-68000,-68000
061929,嘉澤凱基9B購01  ,0,0,0,0,0,0,0,0,0,-68000,0,0,0,2000,70000,-68000,-68000
056286,奇鋐永豐97購01  ,0,0,0,0,0,0,0,0,0,-68000,0,0,0,37000,105000,-68000,-68000
054742,京鼎凱基99購01  ,0,0,0,0,0,0,0,0,0,-68000,0,0,0,0,68000,-68000,-68000
054260,貿聯元大96購03  ,0,0,0,0,0,0,0,0,0,-68000,0,0,0,0,68000,-68000,-68000
055704,亞德客永豐97購04,0,0,0,0,0,0,0,0,0,-68000,0,0,0,0,68000,-68000,-68000
054950,奇力新元大98購02,0,0,0,0,0,0,0,0,0,-68000,0,0,0,0,68000,-68000,-68000
059647,超眾凱基99購04  ,0,0,0,0,0,0,0,0,0,-68000,0,0,0,0,68000,-68000,-68000
059907,道瓊指元大99購03,0,0,0,0,0,0,0,0,0,-68000,0,0,0,25000,93000,-68000,-68000
056943,華通統一99購01  ,0,0,0,0,0,0,0,0,0,-68000,0,0,0,69000,137000,-68000,-68000
056897,南亞科元大98購02,0,0,0,0,0,0,0,0,0,-68000,0,0,0,7000,75000,-68000,-68000
059426,鴻海元大99購31  ,0,0,0,0,0,0,0,0,0,-68000,0,0,0,64000,132000,-68000,-68000
057075,嘉聯益永豐98購01,0,0,0,0,0,0,0,0,0,-68000,0,0,0,0,68000,-68000,-68000
057484,南亞科元大98購06,0,0,0,0,0,0,0,0,0,-68000,0,0,0,0,68000,-68000,-68000
063191,台表科凱基9B購03,0,0,0,0,0,0,0,0,0,-68000,0,0,0,0,68000,-68000,-68000
07129P,華新科元大99售14,0,0,0,0,0,0,0,0,0,-68000,0,0,0,105000,173000,-68000,-68000
07383P,聯發科群益99售06,0,0,0,0,0,0,0,0,0,-68000,0,0,0,2000,70000,-68000,-68000
062191,台郡元大9B購05  ,0,0,0,0,0,0,0,0,0,-69000,0,0,0,60000,129000,-69000,-69000
062485,華通國泰01購01  ,0,0,0,0,0,0,0,0,0,-69000,0,0,0,107000,176000,-69000,-69000
062861,世芯國票9C購01  ,0,0,0,0,0,0,0,0,0,-69000,0,0,0,15000,84000,-69000,-69000
060464,台積電元大9A購11,0,0,0,0,0,0,0,0,0,-69000,0,0,0,25000,94000,-69000,-69000
060846,欣興國票9A購02  ,0,0,0,0,0,0,0,0,0,-69000,0,0,0,13000,82000,-69000,-69000
061041,南電永豐9A購03  ,0,0,0,0,0,0,0,0,0,-69000,0,0,0,6000,75000,-69000,-69000
061700,瑞昱國票9A購02  ,0,0,0,0,0,0,0,0,0,-69000,0,0,0,63000,132000,-69000,-69000
061573,義隆元大9A購02  ,0,0,0,0,0,0,0,0,0,-69000,0,0,0,0,69000,-69000,-69000
059080,亞泥元大99購01  ,0,0,0,0,0,0,0,0,0,-69000,0,0,0,22000,91000,-69000,-69000
058763,和碩群益99購01  ,0,0,0,0,0,0,0,0,0,-69000,0,0,0,60000,129000,-69000,-69000
055726,台表科元大98購03,0,0,0,0,0,0,0,0,0,-69000,0,0,0,4000,73000,-69000,-69000
056383,上銀國泰99購01  ,0,0,0,0,0,0,0,0,0,-69000,0,0,0,0,69000,-69000,-69000
058333,鴻海元富99購04  ,0,0,0,0,0,0,0,0,0,-69000,0,0,0,0,69000,-69000,-69000
059007,南電元大99購05  ,0,0,0,0,0,0,0,0,0,-69000,0,0,0,42000,111000,-69000,-69000
057570,技嘉永豐98購02  ,0,0,0,0,0,0,0,0,0,-69000,0,0,0,151000,220000,-69000,-69000
059829,超眾凱基99購05  ,0,0,0,0,0,0,0,0,0,-69000,0,0,0,0,69000,-69000,-69000
059707,健策凱基9A購03  ,0,0,0,0,0,0,0,0,0,-69000,0,0,0,31000,100000,-69000,-69000
059730,晶相光元大9C購02,0,0,0,0,0,0,0,0,0,-69000,0,0,0,0,69000,-69000,-69000
07390P,華新科康和99售02,0,0,0,0,0,0,0,0,0,-69000,0,0,0,0,69000,-69000,-69000
063111,TPK兆豐9B購01   ,0,0,0,0,0,0,0,0,0,-69000,0,0,0,16000,85000,-69000,-69000
061742,奇鋐凱基9B購01  ,0,0,0,0,0,0,0,0,0,-70000,0,0,0,1000,71000,-70000,-70000
061287,大立光統一9B購06,0,0,0,0,0,0,0,0,0,-70000,0,0,0,0,70000,-70000,-70000
060628,和大富邦9B購01  ,0,0,0,0,0,0,0,0,0,-70000,0,0,0,231000,301000,-70000,-70000
060744,鴻海國票9A購04  ,0,0,0,0,0,0,0,0,0,-70000,0,0,0,126000,196000,-70000,-70000
062986,T50反1中信02購01,0,0,0,0,0,0,0,0,0,-70000,0,0,0,0,70000,-70000,-70000
062511,台光電國票9B購02,0,0,0,0,0,0,0,0,0,-70000,0,0,0,18000,88000,-70000,-70000
062650,南電富邦01購01  ,0,0,0,0,0,0,0,0,0,-70000,0,0,0,70000,140000,-70000,-70000
06189P,華新科永豐97售03,0,0,0,0,0,0,0,0,0,-70000,0,0,0,0,70000,-70000,-70000
061867,旺宏元大9B購02  ,0,0,0,0,0,0,0,0,0,-70000,0,0,0,54000,124000,-70000,-70000
061975,華通元大9B購01  ,0,0,0,0,0,0,0,0,0,-70000,0,0,0,124000,194000,-70000,-70000
061959,鴻海統一9B購04  ,0,0,0,0,0,0,0,0,0,-70000,0,0,0,8000,78000,-70000,-70000
056358,友訊元大99購01  ,0,0,0,0,0,0,0,0,0,-70000,0,0,0,0,70000,-70000,-70000
059068,台虹國票9A購01  ,0,0,0,0,0,0,0,0,0,-70000,0,0,0,230000,300000,-70000,-70000
058950,國巨群益99購06  ,0,0,0,0,0,0,0,0,0,-70000,0,0,0,45000,115000,-70000,-70000
059349,台郡凱基99購04  ,0,0,0,0,0,0,0,0,0,-70000,0,0,0,0,70000,-70000,-70000
056577,玉晶光元大99購06,0,0,0,0,0,0,0,0,0,-70000,0,0,0,53000,123000,-70000,-70000
056639,國產康和98購01  ,0,0,0,0,0,0,0,0,0,-70000,0,0,0,22000,92000,-70000,-70000
057356,彩晶統一98購04  ,0,0,0,0,0,0,0,0,0,-70000,0,0,0,0,70000,-70000,-70000
057151,易華電國票99購01,0,0,0,0,0,0,0,0,0,-70000,0,0,0,0,70000,-70000,-70000
057869,大立光凱基99購01,0,0,0,0,0,0,0,0,0,-70000,0,0,0,0,70000,-70000,-70000
063258,緯穎國泰9C購01  ,0,0,0,0,0,0,0,0,0,-70000,0,0,0,26000,96000,-70000,-70000
07140P,台灣50日盛99售01,0,0,0,0,0,0,0,0,0,-70000,0,0,0,0,70000,-70000,-70000
07732P,台灣50台新9A售05,0,0,0,0,0,0,0,0,0,-70000,0,0,0,0,70000,-70000,-70000
08484P,台灣50中信96售01,0,0,0,0,0,0,0,0,0,-70000,0,0,0,0,70000,-70000,-70000
062053,華通統一9C購02  ,0,0,0,0,0,0,0,0,0,-71000,0,0,0,100000,171000,-71000,-71000
061787,華新科群益9C購01,0,0,0,0,0,0,0,0,0,-71000,0,0,0,34000,105000,-71000,-71000
062235,億光凱基9B購01  ,0,0,0,0,0,0,0,0,0,-71000,0,0,0,47000,118000,-71000,-71000
063029,喬山凱基9B購01  ,0,0,0,0,0,0,0,0,0,-71000,0,0,0,134000,205000,-71000,-71000
060505,友達元大9C購05  ,0,0,0,0,0,0,0,0,0,-71000,0,0,0,15000,86000,-71000,-71000
061753,南亞科台新9B購01,0,0,0,0,0,0,0,0,0,-71000,0,0,0,10000,81000,-71000,-71000
061715,牧德凱基9B購03  ,0,0,0,0,0,0,0,0,0,-71000,0,0,0,119000,190000,-71000,-71000
061528,超眾凱基9A購04  ,0,0,0,0,0,0,0,0,0,-71000,0,0,0,0,71000,-71000,-71000
05569P,漢唐統一97售01  ,0,0,0,0,0,0,0,0,0,-71000,0,0,0,29000,100000,-71000,-71000
056496,康控國泰99購01  ,0,0,0,0,0,0,0,0,0,-71000,0,0,0,0,71000,-71000,-71000
056777,矽力元大98購02  ,0,0,0,0,0,0,0,0,0,-71000,0,0,0,39000,110000,-71000,-71000
059458,鎧勝永豐99購01  ,0,0,0,0,0,0,0,0,0,-71000,0,0,0,0,71000,-71000,-71000
1783,和康生          ,76000,147000,-71000,0,0,0,0,0,0,0,0,0,0,0,0,0,-71000
07410P,鴻海元大99售44  ,0,0,0,0,0,0,0,0,0,-71000,0,0,0,11000,82000,-71000,-71000
07466P,亞德客元大9A售02,0,0,0,0,0,0,0,0,0,-71000,0,0,0,30000,101000,-71000,-71000
061113,南電元大9A購03  ,0,0,0,0,0,0,0,0,0,-72000,0,0,0,10000,82000,-72000,-72000
061046,上銀第一9A購01  ,0,0,0,0,0,0,0,0,0,-72000,0,0,0,20000,92000,-72000,-72000
060843,大立光國票9A購06,0,0,0,0,0,0,0,0,0,-72000,0,0,0,11000,83000,-72000,-72000
063064,台表科元富9B購01,0,0,0,0,0,0,0,0,0,-72000,0,0,0,474000,546000,-72000,-72000
061930,臺股指凱基9B購05,0,0,0,0,0,0,0,0,0,-72000,0,0,0,90000,162000,-72000,-72000
055605,緯穎元大97購02  ,0,0,0,0,0,0,0,0,0,-72000,0,0,0,10000,82000,-72000,-72000
054065,樺漢國票97購01  ,0,0,0,0,0,0,0,0,0,-72000,0,0,0,48000,120000,-72000,-72000
00753L,中信中國50正2   ,0,0,0,0,0,0,0,0,0,-72000,0,0,0,278000,350000,-72000,-72000
056552,台表科凱基99購01,0,0,0,0,0,0,0,0,0,-72000,0,0,0,37000,109000,-72000,-72000
059199,欣興永豐99購02  ,0,0,0,0,0,0,0,0,0,-72000,0,0,0,0,72000,-72000,-72000
059044,聯電日盛99購02  ,0,0,0,0,0,0,0,0,0,-72000,0,0,0,0,72000,-72000,-72000
057903,聯鈞永豐99購01  ,0,0,0,0,0,0,0,0,0,-72000,0,0,0,8000,80000,-72000,-72000
060237,友達元大9A購06  ,0,0,0,0,0,0,0,0,0,-72000,0,0,0,78000,150000,-72000,-72000
07530P,聯發科凱基9A售11,0,0,0,0,0,0,0,0,0,-72000,0,0,0,320000,392000,-72000,-72000
06763P,技嘉元大98售05  ,0,0,0,0,0,0,0,0,0,-72000,0,0,0,53000,125000,-72000,-72000
062309,燿華凱基9B購01  ,0,0,0,0,0,0,0,0,0,-73000,0,0,0,95000,168000,-73000,-73000
060467,神基元大9A購01  ,0,0,0,0,0,0,0,0,0,-73000,0,0,0,149000,222000,-73000,-73000
061664,上銀中信9A購01  ,0,0,0,0,0,0,0,0,0,-73000,0,0,0,69000,142000,-73000,-73000
055126,嘉澤兆豐97購01  ,0,0,0,0,0,0,0,0,0,-73000,0,0,0,0,73000,-73000,-73000
056268,新日興統一97購01,0,0,0,0,0,0,0,0,0,-73000,0,0,0,145000,218000,-73000,-73000
055449,超眾統一9A購01  ,0,0,0,0,0,0,0,0,0,-73000,0,0,0,5000,78000,-73000,-73000
057536,康控元大99購03  ,0,0,0,0,0,0,0,0,0,-73000,0,0,0,0,73000,-73000,-73000
058452,義隆永豐99購02  ,0,0,0,0,0,0,0,0,0,-73000,0,0,0,26000,99000,-73000,-73000
059789,貿聯元大9A購02  ,0,0,0,0,0,0,0,0,0,-73000,0,0,0,0,73000,-73000,-73000
057748,華通國票98購04  ,0,0,0,0,0,0,0,0,0,-73000,0,0,0,45000,118000,-73000,-73000
057791,可成統一99購01  ,0,0,0,0,0,0,0,0,0,-73000,0,0,0,62000,135000,-73000,-73000
063206,貿聯統一9C購02  ,0,0,0,0,0,0,0,0,0,-73000,0,0,0,0,73000,-73000,-73000
07851P,聯發科國票9A售05,0,0,0,0,0,0,0,0,0,-73000,0,0,0,7000,80000,-73000,-73000
061110,超眾元大9A購03  ,0,0,0,0,0,0,0,0,0,-74000,0,0,0,131000,205000,-74000,-74000
060591,富邦金台新9A購01,0,0,0,0,0,0,0,0,0,-74000,0,0,0,0,74000,-74000,-74000
062011,上銀富邦9C購01  ,0,0,0,0,0,0,0,0,0,-74000,0,0,0,350000,424000,-74000,-74000
055357,欣興凱基97購04  ,0,0,0,0,0,0,0,0,0,-74000,0,0,0,20000,94000,-74000,-74000
059326,康友元大99購01  ,0,0,0,0,0,0,0,0,0,-74000,0,0,0,0,74000,-74000,-74000
057567,嘉聯益富邦9A購01,0,0,0,0,0,0,0,0,0,-74000,0,0,0,26000,100000,-74000,-74000
060231,台積電元大9A購08,0,0,0,0,0,0,0,0,0,-74000,0,0,0,0,74000,-74000,-74000
057087,台郡統一99購01  ,0,0,0,0,0,0,0,0,0,-74000,0,0,0,54000,128000,-74000,-74000
057071,華擎永豐98購02  ,0,0,0,0,0,0,0,0,0,-74000,0,0,0,345000,419000,-74000,-74000
057451,大立光元富9B購01,0,0,0,0,0,0,0,0,0,-74000,0,0,0,10000,84000,-74000,-74000
2471,資通            ,48000,49000,-1000,0,0,0,0,0,0,-73000,0,73000,-73000,0,0,0,-74000
061872,友達元大9C購06  ,0,0,0,0,0,0,0,0,0,-75000,0,0,0,168000,243000,-75000,-75000
062819,奇鋐兆豐9B購01  ,0,0,0,0,0,0,0,0,0,-75000,0,0,0,52000,127000,-75000,-75000
062799,聯發科統一9C購09,0,0,0,0,0,0,0,0,0,-75000,0,0,0,0,75000,-75000,-75000
062620,台表科元大9B購04,0,0,0,0,0,0,0,0,0,-75000,0,0,0,108000,183000,-75000,-75000
060532,欣興中信9A購01  ,0,0,0,0,0,0,0,0,0,-75000,0,0,0,10000,85000,-75000,-75000
03447B,臺股指凱基9B熊16,0,0,0,0,0,0,0,0,0,-75000,0,0,0,180000,255000,-75000,-75000
053827,漢唐麥證9A購01  ,0,0,0,10000,85000,-75000,0,0,0,-75000,0,0,0,10000,85000,-75000,-75000
058693,旭富國票9A購01  ,0,0,0,0,0,0,0,0,0,-75000,0,0,0,10000,85000,-75000,-75000
058701,鴻海元大99購16  ,0,0,0,0,0,0,0,0,0,-75000,0,0,0,25000,100000,-75000,-75000
059126,臺指反中信9B購01,0,0,0,0,0,0,0,0,0,-75000,0,0,0,0,75000,-75000,-75000
059501,可成元富99購01  ,0,0,0,0,0,0,0,0,0,-75000,0,0,0,217000,292000,-75000,-75000
058588,致茂中信9B購01  ,0,0,0,0,0,0,0,0,0,-75000,0,0,0,46000,121000,-75000,-75000
07691P,宏達電元大9A售05,0,0,0,0,0,0,0,0,0,-75000,0,0,0,9000,84000,-75000,-75000
07212P,聯發科凱基99售14,0,0,0,0,0,0,0,0,0,-75000,0,0,0,20000,95000,-75000,-75000
063219,友達群益9B購03  ,0,0,0,0,0,0,0,0,0,-75000,0,0,0,0,75000,-75000,-75000
063153,南六元富9B購01  ,0,0,0,0,0,0,0,0,0,-75000,0,0,0,5000,80000,-75000,-75000
07005P,台積電統一9B售05,0,0,0,0,0,0,0,0,0,-75000,0,0,0,30000,105000,-75000,-75000
060900,超眾凱基9B購01  ,0,0,0,0,0,0,0,0,0,-76000,0,0,0,0,76000,-76000,-76000
056170,鴻海元富97購09  ,0,0,0,0,0,0,0,0,0,-76000,0,0,0,0,76000,-76000,-76000
059678,鴻海國泰9A購03  ,0,0,0,0,0,0,0,0,0,-76000,0,0,0,10000,86000,-76000,-76000
058258,世芯國泰9A購01  ,0,0,0,0,0,0,0,0,0,-76000,0,0,0,6000,82000,-76000,-76000
07637P,國巨國票9A售08  ,0,0,0,0,0,0,0,0,0,-76000,0,0,0,0,76000,-76000,-76000
3052,夆典            ,48000,124000,-76000,0,0,0,0,0,0,0,0,0,0,0,0,0,-76000
3060,銘異            ,92000,169000,-77000,0,0,0,0,0,0,1000,1000,0,1000,0,0,0,-76000
061070,超眾凱基9C購01  ,0,0,0,0,0,0,0,0,0,-77000,0,0,0,0,77000,-77000,-77000
061191,可成永豐9A購02  ,0,0,0,0,0,0,0,0,0,-77000,0,0,0,73000,150000,-77000,-77000
061559,南亞科國票9A購02,0,0,0,0,0,0,0,0,0,-77000,0,0,0,33000,110000,-77000,-77000
062765,祥碩凱基9B購04  ,0,0,0,0,0,0,0,0,0,-77000,0,0,0,0,77000,-77000,-77000
062042,台勝科凱基9C購01,0,0,0,0,0,0,0,0,0,-77000,0,0,0,118000,195000,-77000,-77000
046628,大立光統一98購01,0,0,0,0,0,0,0,0,0,-77000,0,0,0,103000,180000,-77000,-77000
059289,瑞昱元富99購01  ,0,0,0,0,0,0,0,0,0,-77000,0,0,0,27000,104000,-77000,-77000
058421,國泰金麥證01購01,0,0,0,0,77000,-77000,0,0,0,-77000,0,0,0,0,77000,-77000,-77000
062501,台積電群益9C購03,0,0,0,0,0,0,0,0,0,-78000,0,0,0,8000,86000,-78000,-78000
061666,友達中信01購01  ,0,0,0,0,0,0,0,0,0,-78000,0,0,0,86000,164000,-78000,-78000
061062,和大凱基9A購02  ,0,0,0,0,0,0,0,0,0,-78000,0,0,0,0,78000,-78000,-78000
054773,台郡國票98購01  ,0,0,0,0,0,0,0,0,0,-78000,0,0,0,36000,114000,-78000,-78000
056686,可成統一98購01  ,0,0,0,0,0,0,0,0,0,-78000,0,0,0,113000,191000,-78000,-78000
057242,台郡凱基98購05  ,0,0,0,0,0,0,0,0,0,-78000,0,0,0,10000,88000,-78000,-78000
057320,玉晶光凱基98購01,0,0,0,0,0,0,0,0,0,-78000,0,0,0,10000,88000,-78000,-78000
060079,台郡台新99購03  ,0,0,0,0,0,0,0,0,0,-78000,0,0,0,0,78000,-78000,-78000
3530,晶相光          ,46000,112000,-66000,0,0,0,0,0,0,-12000,0,0,0,1000,13000,-12000,-78000
8163,達方            ,177000,265000,-88000,0,0,0,0,0,0,10000,10000,8000,2000,16000,8000,8000,-78000
2415,錩新            ,16000,94000,-78000,0,0,0,0,0,0,0,0,0,0,0,0,0,-78000
07416P,台積電元大99售53,0,0,0,0,0,0,0,0,0,-78000,0,0,0,86000,164000,-78000,-78000
07791P,奇鋐元大9A售02  ,0,0,0,0,0,0,0,0,0,-78000,0,0,0,30000,108000,-78000,-78000
07902P,玉晶光國票01售01,0,0,0,0,0,0,0,0,0,-78000,0,0,0,40000,118000,-78000,-78000
00712,FH富時不動產    ,555000,500,554500,0,0,0,0,0,0,-633000,0,0,0,59000,692000,-633000,-78500
1590,亞德客-KY       ,417000,416800,200,0,0,0,0,0,0,-79000,16000,100000,-84000,21000,16000,5000,-78800
060898,世芯凱基9A購03  ,0,0,0,0,0,0,0,0,0,-79000,0,0,0,3000,82000,-79000,-79000
062366,義隆元大9B購04  ,0,0,0,0,0,0,0,0,0,-79000,0,0,0,63000,142000,-79000,-79000
058901,美律元大99購07  ,0,0,0,0,0,0,0,0,0,-79000,0,0,0,53000,132000,-79000,-79000
060115,南電元大99購06  ,0,0,0,0,0,0,0,0,0,-79000,0,0,0,84000,163000,-79000,-79000
060031,旭富永豐99購02  ,0,0,0,0,0,0,0,0,0,-79000,0,0,0,265000,344000,-79000,-79000
057433,上銀國票98購04  ,0,0,0,0,0,0,0,0,0,-79000,0,0,0,9000,88000,-79000,-79000
057977,台光電永豐98購02,0,0,0,0,0,0,0,0,0,-79000,0,0,0,49000,128000,-79000,-79000
058102,楠梓電永豐98購04,0,0,0,0,0,0,0,0,0,-79000,0,0,0,0,79000,-79000,-79000
058617,南電元大99購01  ,0,0,0,0,0,0,0,0,0,-79000,0,0,0,2000,81000,-79000,-79000
057589,超眾國票9A購01  ,0,0,0,0,0,0,0,0,0,-79000,0,0,0,0,79000,-79000,-79000
07482P,南亞科元富9A售04,0,0,0,0,0,0,0,0,0,-79000,0,0,0,21000,100000,-79000,-79000
06864P,健策凱基98售01  ,0,0,0,0,0,0,0,0,0,-79000,0,0,0,0,79000,-79000,-79000
062368,聯詠元大9B購01  ,0,0,0,0,0,0,0,0,0,-80000,0,0,0,174000,254000,-80000,-80000
060809,康友群益9A購01  ,0,0,0,0,0,0,0,0,0,-80000,0,0,0,0,80000,-80000,-80000
061640,智原元大9A購01  ,0,0,0,0,0,0,0,0,0,-80000,0,0,0,106000,186000,-80000,-80000
061501,嘉澤國票9A購01  ,0,0,0,0,0,0,0,0,0,-80000,0,0,0,9000,89000,-80000,-80000
055807,勤誠永豐97購01  ,0,0,0,0,0,0,0,0,0,-80000,0,0,0,0,80000,-80000,-80000
054330,世芯永豐96購02  ,0,0,0,0,0,0,0,0,0,-80000,0,0,0,28000,108000,-80000,-80000
053754,英業達元富96購02,0,0,0,0,0,0,0,0,0,-80000,0,0,0,20000,100000,-80000,-80000
053721,國泰金凱基97購01,0,0,0,0,0,0,0,0,0,-80000,0,0,0,0,80000,-80000,-80000
05755P,臺股指中信99售04,0,0,0,0,0,0,0,0,0,-80000,0,0,0,21000,101000,-80000,-80000
059165,南亞科凱基99購04,0,0,0,0,0,0,0,0,0,-80000,0,0,0,7000,87000,-80000,-80000
056834,華新元富99購01  ,0,0,0,0,0,0,0,0,0,-80000,0,0,0,0,80000,-80000,-80000
056932,T50反1元富98購01,0,0,0,0,0,0,0,0,0,-80000,0,0,0,0,80000,-80000,-80000
058611,欣興元大99購06  ,0,0,0,0,0,0,0,0,0,-80000,0,0,0,0,80000,-80000,-80000
057074,立積永豐98購01  ,0,0,0,0,0,0,0,0,0,-80000,0,0,0,20000,100000,-80000,-80000
057900,南亞科永豐98購01,0,0,0,0,0,0,0,0,0,-80000,0,0,0,0,80000,-80000,-80000
063154,南六元富9B購02  ,0,0,0,0,0,0,0,0,0,-80000,0,0,0,0,80000,-80000,-80000
06471P,臺股指凱基99售11,0,0,0,0,0,0,0,0,0,-80000,0,0,0,0,80000,-80000,-80000
063365,義隆富邦01購01  ,0,0,0,0,0,0,0,0,0,-80000,0,0,0,0,80000,-80000,-80000
07473P,祥碩元大9A售01  ,0,0,0,0,0,0,0,0,0,-80000,0,0,0,120000,200000,-80000,-80000
07855P,旺宏凱基9A售09  ,0,0,0,0,0,0,0,0,0,-80000,0,0,0,0,80000,-80000,-80000
07856P,力成凱基9A售02  ,0,0,0,0,0,0,0,0,0,-80000,0,0,0,0,80000,-80000,-80000
061781,台積電群益9C購01,0,0,0,0,0,0,0,0,0,-81000,0,0,0,37000,118000,-81000,-81000
062543,華通富邦9C購01  ,0,0,0,0,0,0,0,0,0,-81000,0,0,0,99000,180000,-81000,-81000
062755,茂林麥證9B購01  ,0,0,0,145000,226000,-81000,0,0,0,-81000,0,0,0,145000,226000,-81000,-81000
062928,富邦金台新9B購02,0,0,0,0,0,0,0,0,0,-81000,0,0,0,12000,93000,-81000,-81000
063084,可成凱基9C購01  ,0,0,0,0,0,0,0,0,0,-81000,0,0,0,3000,84000,-81000,-81000
062968,仁寶元富9B購01  ,0,0,0,0,0,0,0,0,0,-81000,0,0,0,43000,124000,-81000,-81000
052491,泰碩國票99購01  ,0,0,0,0,0,0,0,0,0,-81000,0,0,0,19000,100000,-81000,-81000
055541,聚陽凱基98購01  ,0,0,0,0,0,0,0,0,0,-81000,0,0,0,0,81000,-81000,-81000
054758,南亞國票9A購01  ,0,0,0,0,0,0,0,0,0,-81000,0,0,0,48000,129000,-81000,-81000
059112,上銀永豐99購01  ,0,0,0,0,0,0,0,0,0,-81000,0,0,0,418000,499000,-81000,-81000
054808,東元元大9A購01  ,0,0,0,0,0,0,0,0,0,-81000,0,0,0,148000,229000,-81000,-81000
059860,台積電群益9A購02,0,0,0,0,0,0,0,0,0,-81000,0,0,0,73000,154000,-81000,-81000
058507,美律元大9A購01  ,0,0,0,0,0,0,0,0,0,-81000,0,0,0,23000,104000,-81000,-81000
058413,義隆兆豐99購01  ,0,0,0,0,0,0,0,0,0,-81000,0,0,0,0,81000,-81000,-81000
07434P,臺股指國票9A售06,0,0,0,0,0,0,0,0,0,-81000,0,0,0,18000,99000,-81000,-81000
07202P,台灣50凱基9C售04,0,0,0,0,0,0,0,0,0,-81000,0,0,0,32000,113000,-81000,-81000
06674P,祥碩群益98售02  ,0,0,0,0,0,0,0,0,0,-81000,0,0,0,20000,101000,-81000,-81000
1439,中和            ,26000,107000,-81000,0,0,0,0,0,0,0,0,0,0,0,0,0,-81000
063095,健策國票9B購02  ,0,0,0,0,0,0,0,0,0,-82000,0,0,0,154000,236000,-82000,-82000
060452,儒鴻元大9A購01  ,0,0,0,0,0,0,0,0,0,-82000,0,0,0,118000,200000,-82000,-82000
060678,聯詠元大9A購03  ,0,0,0,0,0,0,0,0,0,-82000,0,0,0,64000,146000,-82000,-82000
055301,台虹元大97購01  ,0,0,0,0,0,0,0,0,0,-82000,0,0,0,18000,100000,-82000,-82000
056036,鴻海凱基97購07  ,0,0,0,0,0,0,0,0,0,-82000,0,0,0,0,82000,-82000,-82000
052104,英業達兆豐96購01,0,0,0,0,0,0,0,0,0,-82000,0,0,0,1000,83000,-82000,-82000
059568,台積電凱基9A購13,0,0,0,0,0,0,0,0,0,-82000,0,0,0,1000,83000,-82000,-82000
057959,欣興元大98購14  ,0,0,0,0,0,0,0,0,0,-82000,0,0,0,0,82000,-82000,-82000
07675P,全新永豐9A售02  ,0,0,0,0,0,0,0,0,0,-82000,0,0,0,25000,107000,-82000,-82000
07764P,世紀鋼永豐9A售04,0,0,0,0,0,0,0,0,0,-82000,0,0,0,0,82000,-82000,-82000
054046,義隆元大96購02  ,0,0,0,0,0,0,0,0,0,-83000,0,0,0,29000,112000,-83000,-83000
056091,百和統一97購01  ,0,0,0,0,0,0,0,0,0,-83000,0,0,0,0,83000,-83000,-83000
054768,泰碩國票99購02  ,0,0,0,0,0,0,0,0,0,-83000,0,0,0,62000,145000,-83000,-83000
058007,南電群益98購02  ,0,0,0,0,0,0,0,0,0,-83000,0,0,0,119000,202000,-83000,-83000
057532,智原元大98購03  ,0,0,0,0,0,0,0,0,0,-83000,0,0,0,42000,125000,-83000,-83000
06676P,華新科國票98售03,0,0,0,0,0,0,0,0,0,-83000,0,0,0,3000,86000,-83000,-83000
6226,光鼎            ,32000,125000,-93000,0,0,0,0,0,0,10000,10000,0,10000,0,0,0,-83000
062981,祥碩元富9B購01  ,0,0,0,0,0,0,0,0,0,-84000,0,0,0,172000,256000,-84000,-84000
062664,群創群益9B購02  ,0,0,0,0,0,0,0,0,0,-84000,0,0,0,0,84000,-84000,-84000
062461,智伸科群益9B購01,0,0,0,0,0,0,0,0,0,-84000,0,0,0,182000,266000,-84000,-84000
061814,聯發科群益9B購04,0,0,0,0,0,0,0,0,0,-84000,0,0,0,20000,104000,-84000,-84000
061944,聯電群益9B購01  ,0,0,0,0,0,0,0,0,0,-84000,0,0,0,0,84000,-84000,-84000
055029,帆宣國泰99購01  ,0,0,0,0,0,0,0,0,0,-84000,0,0,0,180000,264000,-84000,-84000
058758,台積電群益99購05,0,0,0,0,0,0,0,0,0,-84000,0,0,0,19000,103000,-84000,-84000
056565,欣興群益98購03  ,0,0,0,0,0,0,0,0,0,-84000,0,0,0,23000,107000,-84000,-84000
055476,台郡凱基97購02  ,0,0,0,0,0,0,0,0,0,-84000,0,0,0,0,84000,-84000,-84000
056844,欣興元富98購03  ,0,0,0,0,0,0,0,0,0,-84000,0,0,0,6000,90000,-84000,-84000
056949,義隆統一98購01  ,0,0,0,0,0,0,0,0,0,-84000,0,0,0,95000,179000,-84000,-84000
056909,嘉聯益元大99購03,0,0,0,0,0,0,0,0,0,-84000,0,0,0,0,84000,-84000,-84000
2107,厚生            ,42000,126000,-84000,0,0,0,0,0,0,0,0,0,0,0,0,0,-84000
063229,台表科群益9B購04,0,0,0,0,0,0,0,0,0,-84000,0,0,0,329000,413000,-84000,-84000
07358P,鴻海元大99售39  ,0,0,0,0,0,0,0,0,0,-84000,0,0,0,51000,135000,-84000,-84000
062084,台郡元大9B購04  ,0,0,0,0,0,0,0,0,0,-85000,0,0,0,113000,198000,-85000,-85000
062304,臺指反凱基9B購01,0,0,0,0,0,0,0,0,0,-85000,0,0,0,0,85000,-85000,-85000
062221,奇力新統一01購01,0,0,0,0,0,0,0,0,0,-85000,0,0,0,10000,95000,-85000,-85000
060541,正隆凱基9A購01  ,39000,0,39000,0,0,0,0,0,0,-124000,0,0,0,1000,125000,-124000,-85000
061611,南六統一01購01  ,0,0,0,0,0,0,0,0,0,-85000,0,0,0,0,85000,-85000,-85000
061736,國巨凱基9B購05  ,0,0,0,0,0,0,0,0,0,-85000,0,0,0,0,85000,-85000,-85000
061228,聯茂中信9A購01  ,0,0,0,0,0,0,0,0,0,-85000,0,0,0,0,85000,-85000,-85000
03657C,T50反1元大99牛01,0,0,0,0,0,0,0,0,0,-85000,0,0,0,115000,200000,-85000,-85000
051281,健策兆豐96購01  ,0,0,0,0,0,0,0,0,0,-85000,0,0,0,0,85000,-85000,-85000
058908,貿聯元大99購03  ,0,0,0,0,0,0,0,0,0,-85000,0,0,0,10000,95000,-85000,-85000
055841,南亞科元大97購04,0,0,0,0,0,0,0,0,0,-85000,0,0,0,0,85000,-85000,-85000
056449,義隆凱基98購03  ,0,0,0,0,0,0,0,0,0,-85000,0,0,0,7000,92000,-85000,-85000
057059,易華電元大99購01,0,0,0,0,0,0,0,0,0,-85000,0,0,0,0,85000,-85000,-85000
057312,美律麥證98購01  ,0,0,0,0,85000,-85000,0,0,0,-85000,0,0,0,0,85000,-85000,-85000
063197,遠東新統一9C購01,0,0,0,0,0,0,0,0,0,-85000,0,0,0,0,85000,-85000,-85000
063180,台塑凱基9B購01  ,0,0,0,0,0,0,0,0,0,-85000,0,0,0,0,85000,-85000,-85000
063131,聯茂元大9B購03  ,0,0,0,0,0,0,0,0,0,-85000,0,0,0,0,85000,-85000,-85000
3443,創意            ,78000,125000,-47000,0,0,0,0,1000,-1000,-37000,16000,16000,0,10000,47000,-37000,-85000
061216,世芯元大9A購06  ,0,0,0,0,0,0,0,0,0,-86000,0,0,0,102000,188000,-86000,-86000
061521,亞光兆豐9A購02  ,0,0,0,0,0,0,0,0,0,-86000,0,0,0,110000,196000,-86000,-86000
060514,南電元大9A購02  ,0,0,0,0,0,0,0,0,0,-86000,0,0,0,84000,170000,-86000,-86000
062136,南亞科群益9B購01,0,0,0,0,0,0,0,0,0,-86000,0,0,0,40000,126000,-86000,-86000
062561,瀚宇博凱基9B購01,0,0,0,0,0,0,0,0,0,-86000,0,0,0,2000,88000,-86000,-86000
062684,華新科統一01購02,0,0,0,0,0,0,0,0,0,-86000,0,0,0,69000,155000,-86000,-86000
055562,欣興凱基97購06  ,0,0,0,0,0,0,0,0,0,-86000,0,0,0,0,86000,-86000,-86000
053092,台表科元大97購02,0,0,0,0,0,0,0,0,0,-86000,0,0,0,0,86000,-86000,-86000
057455,景碩國泰99購01  ,0,0,0,0,0,0,0,0,0,-86000,0,0,0,160000,246000,-86000,-86000
058550,南亞科永豐99購01,0,0,0,0,0,0,0,0,0,-86000,0,0,0,1000,87000,-86000,-86000
059023,可成統一9B購02  ,0,0,0,0,0,0,0,0,0,-86000,0,0,0,593000,679000,-86000,-86000
057604,鴻海統一9C購01  ,0,0,0,0,0,0,0,0,0,-86000,0,0,0,1000,87000,-86000,-86000
6197,佳必琪          ,11000,97000,-86000,0,0,0,0,0,0,0,0,0,0,0,0,0,-86000
1582,信錦            ,17000,102000,-85000,0,0,0,0,0,0,-1000,0,0,0,0,1000,-1000,-86000
063041,貿聯凱基9B購01  ,0,0,0,0,0,0,0,0,0,-87000,0,0,0,0,87000,-87000,-87000
062259,可成元大9B購03  ,0,0,0,0,0,0,0,0,0,-87000,0,0,0,82000,169000,-87000,-87000
056394,晶豪科永豐98購01,0,0,0,0,0,0,0,0,0,-87000,0,0,0,30000,117000,-87000,-87000
060253,昇陽半元大9C購01,0,0,0,0,0,0,0,0,0,-87000,0,0,0,91000,178000,-87000,-87000
4148,全宇生技-KY     ,45000,127000,-82000,0,0,0,0,0,0,-5000,0,5000,-5000,0,0,0,-87000
062318,台郡凱基9B購01  ,0,0,0,0,0,0,0,0,0,-88000,0,0,0,18000,106000,-88000,-88000
062336,茂林統一01購02  ,0,0,0,0,0,0,0,0,0,-88000,0,0,0,353000,441000,-88000,-88000
062021,康控永豐9B購01  ,0,0,0,0,0,0,0,0,0,-88000,0,0,0,15000,103000,-88000,-88000
061786,義隆群益9B購01  ,0,0,0,0,0,0,0,0,0,-88000,0,0,0,0,88000,-88000,-88000
063007,儒鴻元大9B購01  ,0,0,0,0,0,0,0,0,0,-88000,0,0,0,107000,195000,-88000,-88000
060796,世芯永豐9A購03  ,0,0,0,0,0,0,0,0,0,-88000,0,0,0,153000,241000,-88000,-88000
061081,宏碁兆豐9A購01  ,0,0,0,0,0,0,0,0,0,-88000,0,0,0,60000,148000,-88000,-88000
056076,超眾元大97購05  ,0,0,0,0,0,0,0,0,0,-88000,0,0,0,0,88000,-88000,-88000
055174,精元統一97購01  ,0,0,0,0,0,0,0,0,0,-88000,0,0,0,179000,267000,-88000,-88000
052077,可成元富98購02  ,0,0,0,0,0,0,0,0,0,-88000,0,0,0,0,88000,-88000,-88000
057300,訊連永豐98購01  ,0,0,0,0,0,0,0,0,0,-88000,0,0,0,0,88000,-88000,-88000
063345,嘉晶統一9C購02  ,0,0,0,0,0,0,0,0,0,-88000,0,0,0,0,88000,-88000,-88000
07595P,台灣50中信03售07,0,0,0,0,0,0,0,0,0,-88000,0,0,0,3000,91000,-88000,-88000
060932,南六永豐9A購02  ,0,0,0,0,0,0,0,0,0,-89000,0,0,0,81000,170000,-89000,-89000
060742,臺指反國票9B購02,0,0,0,0,0,0,0,0,0,-89000,0,0,0,30000,119000,-89000,-89000
061327,台郡凱基9A購02  ,0,0,0,0,0,0,0,0,0,-89000,0,0,0,80000,169000,-89000,-89000
056538,國泰金凱基98購01,0,0,0,0,0,0,0,0,0,-89000,0,0,0,10000,99000,-89000,-89000
055137,GIS富邦98購01   ,0,0,0,0,0,0,0,0,0,-89000,0,0,0,934000,1023000,-89000,-89000
054343,世紀鋼元富96購02,0,0,0,0,0,0,0,0,0,-89000,0,0,0,53000,142000,-89000,-89000
057321,台泥群益98購01  ,0,0,0,0,0,0,0,0,0,-89000,0,0,0,47000,136000,-89000,-89000
058136,景碩元大99購02  ,0,0,0,0,0,0,0,0,0,-89000,0,0,0,68000,157000,-89000,-89000
058957,貿聯國票9A購01  ,0,0,0,0,0,0,0,0,0,-89000,0,0,0,79000,168000,-89000,-89000
057730,聯鈞國泰9A購01  ,0,0,0,0,0,0,0,0,0,-89000,0,0,0,9000,98000,-89000,-89000
061722,健策永豐9B購03  ,0,0,0,0,0,0,0,0,0,-90000,0,0,0,78000,168000,-90000,-90000
061107,世芯元大9A購05  ,0,0,0,0,0,0,0,0,0,-90000,0,0,0,0,90000,-90000,-90000
062658,聯茂第一9B購01  ,0,0,0,0,0,0,0,0,0,-90000,0,0,0,0,90000,-90000,-90000
062506,巨大群益9C購01  ,0,0,0,0,0,0,0,0,0,-90000,0,0,0,2000,92000,-90000,-90000
056014,上銀群益97購02  ,0,0,0,0,0,0,0,0,0,-90000,0,0,0,0,90000,-90000,-90000
052201,超眾統一96購01  ,0,0,0,0,0,0,0,0,0,-90000,0,0,0,0,90000,-90000,-90000
052968,燿華群益98購01  ,0,0,0,0,0,0,0,0,0,-90000,0,0,0,10000,100000,-90000,-90000
053489,上銀兆豐97購01  ,0,0,0,0,0,0,0,0,0,-90000,0,0,0,29000,119000,-90000,-90000
048892,台郡元富97購01  ,0,0,0,0,0,0,0,0,0,-90000,0,0,0,0,90000,-90000,-90000
059815,SP黃豆凱基9A購03,0,0,0,0,0,0,0,0,0,-90000,0,0,0,20000,110000,-90000,-90000
059883,T50反1國票99購02,0,0,0,0,0,0,0,0,0,-90000,0,0,0,10000,100000,-90000,-90000
059281,創意永豐99購02  ,0,0,0,0,0,0,0,0,0,-90000,0,0,0,54000,144000,-90000,-90000
059313,元石油元大99購06,0,0,0,0,0,0,0,0,0,-90000,0,0,0,10000,100000,-90000,-90000
058702,國巨元大99購16  ,0,0,0,0,0,0,0,0,0,-90000,0,0,0,37000,127000,-90000,-90000
058728,SP黃豆永豐99購01,0,0,0,0,0,0,0,0,0,-90000,0,0,0,0,90000,-90000,-90000
057422,欣興凱基98購04  ,0,0,0,0,0,0,0,0,0,-90000,0,0,0,0,90000,-90000,-90000
057873,義隆元大98購03  ,0,0,0,0,0,0,0,0,0,-90000,0,0,0,121000,211000,-90000,-90000
07241P,台灣50國票9A售05,0,0,0,0,0,0,0,0,0,-90000,0,0,0,0,90000,-90000,-90000
07926P,上銀統一9B售02  ,0,0,0,0,0,0,0,0,0,-90000,0,0,0,25000,115000,-90000,-90000
07958P,華擎群益9B售01  ,0,0,0,0,0,0,0,0,0,-90000,0,0,0,15000,105000,-90000,-90000
08034P,台積電兆豐9B售02,0,0,0,0,0,0,0,0,0,-90000,0,0,0,0,90000,-90000,-90000
063163,京元電永豐9B購01,0,0,0,0,0,0,0,0,0,-90000,0,0,0,0,90000,-90000,-90000
062858,微星國票9B購01  ,0,0,0,0,0,0,0,0,0,-91000,0,0,0,34000,125000,-91000,-91000
061913,宏碁中信9B購01  ,0,0,0,0,0,0,0,0,0,-91000,0,0,0,0,91000,-91000,-91000
061949,大立光群益9B購03,0,0,0,0,0,0,0,0,0,-91000,0,0,0,85000,176000,-91000,-91000
062177,上銀元大9B購02  ,15000,0,15000,0,0,0,0,0,0,-106000,0,0,0,81000,187000,-106000,-91000
050669,嘉晶永豐96購01  ,0,0,0,0,0,0,0,0,0,-91000,0,0,0,1000,92000,-91000,-91000
057444,台泥元富98購01  ,0,0,0,0,0,0,0,0,0,-91000,0,0,0,115000,206000,-91000,-91000
060090,台積電元大99購55,0,0,0,0,0,0,0,0,0,-91000,0,0,0,1000,92000,-91000,-91000
057712,南亞科統一9A購01,0,0,0,0,0,0,0,0,0,-91000,0,0,0,0,91000,-91000,-91000
063349,台郡統一9C購01  ,0,0,0,0,0,0,0,0,0,-91000,0,0,0,0,91000,-91000,-91000
06655P,TPK元大98售02   ,0,0,0,0,0,0,0,0,0,-91000,0,0,0,21000,112000,-91000,-91000
06600P,貿聯永豐98售01  ,0,0,0,0,0,0,0,0,0,-91000,0,0,0,107000,198000,-91000,-91000
061516,力成永豐9A購02  ,0,0,0,0,0,0,0,0,0,-92000,0,0,0,0,92000,-92000,-92000
061266,國泰金凱基9B購01,0,0,0,0,0,0,0,0,0,-92000,0,0,0,0,92000,-92000,-92000
054332,世芯永豐97購01  ,0,0,0,0,0,0,0,0,0,-92000,0,0,0,44000,136000,-92000,-92000
058496,文曄群益99購01  ,0,0,0,0,0,0,0,0,0,-92000,0,0,0,0,92000,-92000,-92000
056579,麗豐元大99購01  ,0,0,0,0,0,0,0,0,0,-92000,0,0,0,504000,596000,-92000,-92000
060193,群創元富9A購01  ,0,0,0,0,0,0,0,0,0,-92000,0,0,0,0,92000,-92000,-92000
06971P,台光電元大99售03,0,0,0,0,0,0,0,0,0,-92000,0,0,0,0,92000,-92000,-92000
07957P,晶技群益9B售02  ,0,0,0,0,0,0,0,0,0,-92000,0,0,0,78000,170000,-92000,-92000
07163P,臺股指群益99售14,0,0,0,0,0,0,0,0,0,-92000,0,0,0,0,92000,-92000,-92000
9917,中保科          ,263000,355000,-92000,0,0,0,0,0,0,0,0,0,0,0,0,0,-92000
061471,台積電元大9A購31,0,0,0,0,0,0,0,0,0,-93000,0,0,0,20000,113000,-93000,-93000
061713,華邦電凱基9A購01,0,0,0,0,0,0,0,0,0,-93000,0,0,0,1000,94000,-93000,-93000
061695,群創群益9A購01  ,0,0,0,0,0,0,0,0,0,-93000,0,0,0,0,93000,-93000,-93000
062471,國泰金凱基9B購02,0,0,0,0,0,0,0,0,0,-93000,0,0,0,0,93000,-93000,-93000
054235,欣興群益96購06  ,0,0,0,0,0,0,0,0,0,-93000,0,0,0,2000,95000,-93000,-93000
056267,文曄統一97購02  ,0,0,0,0,0,0,0,0,0,-93000,0,0,0,0,93000,-93000,-93000
054882,台光電統一97購02,0,0,0,0,0,0,0,0,0,-93000,0,0,0,60000,153000,-93000,-93000
051813,GIS凱基96購02   ,0,0,0,0,0,0,0,0,0,-93000,0,0,0,162000,255000,-93000,-93000
059122,超眾永豐99購01  ,0,0,0,0,0,0,0,0,0,-93000,0,0,0,0,93000,-93000,-93000
059855,緯穎永豐99購04  ,0,0,0,0,0,0,0,0,0,-93000,0,0,0,56000,149000,-93000,-93000
07819P,旺宏國票9B售01  ,0,0,0,0,0,0,0,0,0,-93000,0,0,0,86000,179000,-93000,-93000
062272,鴻海群益9B購05  ,0,0,0,0,0,0,0,0,0,-94000,0,0,0,25000,119000,-94000,-94000
053595,創意元大96購02  ,0,0,0,0,0,0,0,0,0,-94000,0,0,0,0,94000,-94000,-94000
052076,可成元富98購01  ,0,0,0,0,0,0,0,0,0,-94000,0,0,0,60000,154000,-94000,-94000
06018P,康控凱基96售03  ,0,0,0,0,0,0,0,0,0,-94000,0,0,0,6000,100000,-94000,-94000
07255P,國巨凱基99售15  ,0,0,0,0,0,0,0,0,0,-94000,0,0,0,20000,114000,-94000,-94000
062037,華新凱基9B購01  ,0,0,0,0,0,0,0,0,0,-95000,0,0,0,0,95000,-95000,-95000
053063,力山群益98購01  ,0,0,0,0,0,0,0,0,0,-95000,0,0,0,285000,380000,-95000,-95000
00763U,街口道瓊銅      ,0,0,0,0,0,0,0,0,0,-95000,0,0,0,0,95000,-95000,-95000
054856,得力群益99購01  ,0,0,0,0,0,0,0,0,0,-95000,0,0,0,10000,105000,-95000,-95000
055622,群創國泰99購01  ,0,0,0,0,0,0,0,0,0,-95000,0,0,0,0,95000,-95000,-95000
058096,南電元大98購04  ,0,0,0,0,0,0,0,0,0,-95000,0,0,0,5000,100000,-95000,-95000
057980,聯詠永豐98購01  ,0,0,0,0,0,0,0,0,0,-95000,0,0,0,68000,163000,-95000,-95000
058240,景碩元大99購04  ,0,0,0,0,0,0,0,0,0,-95000,0,0,0,10000,105000,-95000,-95000
059312,元石油元大99購05,0,0,0,0,0,0,0,0,0,-95000,0,0,0,80000,175000,-95000,-95000
057705,臺股指群益98購05,0,0,0,0,0,0,0,0,0,-95000,0,0,0,64000,159000,-95000,-95000
07489P,國巨國票9A售07  ,0,0,0,0,0,0,0,0,0,-95000,0,0,0,0,95000,-95000,-95000
06955P,臻鼎元富99售01  ,0,0,0,0,0,0,0,0,0,-95000,0,0,0,0,95000,-95000,-95000
07089P,臺指2X中信01售01,0,0,0,0,0,0,0,0,0,-95000,0,0,0,39000,134000,-95000,-95000
063251,同欣電元大9B購04,0,0,0,0,0,0,0,0,0,-95000,0,0,0,31000,126000,-95000,-95000
060682,牧德元大9A購03  ,0,0,0,0,0,0,0,0,0,-96000,0,0,0,25000,121000,-96000,-96000
055976,台積電統一99購03,0,0,0,0,0,0,0,0,0,-96000,0,0,0,404000,500000,-96000,-96000
059298,大立光元富9C購02,0,0,0,0,0,0,0,0,0,-96000,0,0,0,148000,244000,-96000,-96000
05976P,國巨凱基96售14  ,0,0,0,0,0,0,0,0,0,-96000,0,0,0,207000,303000,-96000,-96000
058229,為升元大99購02  ,0,0,0,0,0,0,0,0,0,-96000,0,0,0,5000,101000,-96000,-96000
057974,上銀永豐98購02  ,0,0,0,0,0,0,0,0,0,-96000,0,0,0,3000,99000,-96000,-96000
057486,美律元大98購04  ,0,0,0,0,0,0,0,0,0,-96000,0,0,0,11000,107000,-96000,-96000
07652P,臺股指中信9A售07,0,0,0,0,0,0,0,0,0,-96000,0,0,0,235000,331000,-96000,-96000
3413,京鼎            ,249000,518000,-269000,0,0,0,153000,0,153000,20000,0,1000,-1000,39000,18000,21000,-96000
061165,美律兆豐9A購01  ,0,0,0,0,0,0,0,0,0,-97000,0,0,0,67000,164000,-97000,-97000
062425,可成統一01購01  ,0,0,0,0,0,0,0,0,0,-97000,0,0,0,130000,227000,-97000,-97000
056266,開發金統一9A購01,0,0,0,0,0,0,0,0,0,-97000,0,0,0,242000,339000,-97000,-97000
053449,超眾凱基98購01  ,0,0,0,0,0,0,0,0,0,-97000,0,0,0,33000,130000,-97000,-97000
060186,義隆元富9A購01  ,0,0,0,0,0,0,0,0,0,-97000,0,0,0,63000,160000,-97000,-97000
060061,旺宏兆豐99購02  ,0,0,0,0,0,0,0,0,0,-97000,0,0,0,3000,100000,-97000,-97000
060258,T50反1凱基9A購06,0,0,0,0,0,0,0,0,0,-97000,0,0,0,133000,230000,-97000,-97000
059400,滬深2X元富9C購04,0,0,0,0,0,0,0,0,0,-97000,0,0,0,2000,99000,-97000,-97000
057691,健策凱基99購01  ,0,0,0,0,0,0,0,0,0,-97000,0,0,0,4000,101000,-97000,-97000
062603,台化凱基9B購01  ,0,0,0,0,0,0,0,0,0,-98000,0,0,0,0,98000,-98000,-98000
063066,同欣電麥證9B購01,0,0,0,21000,119000,-98000,0,0,0,-98000,0,0,0,21000,119000,-98000,-98000
061733,聯發科中信01購01,0,0,0,0,0,0,0,0,0,-98000,0,0,0,0,98000,-98000,-98000
061067,貿聯凱基9A購03  ,0,0,0,0,0,0,0,0,0,-98000,0,0,0,20000,118000,-98000,-98000
052838,新唐國泰98購01  ,0,0,0,0,0,0,0,0,0,-98000,0,0,0,0,98000,-98000,-98000
056243,創意群益97購03  ,0,0,0,0,0,0,0,0,0,-98000,0,0,0,0,98000,-98000,-98000
054457,強茂群益96購01  ,0,0,0,0,0,0,0,0,0,-98000,0,0,0,0,98000,-98000,-98000
057538,緯穎元大98購07  ,0,0,0,0,0,0,0,0,0,-98000,0,0,0,50000,148000,-98000,-98000
059299,欣興元富99購03  ,0,0,0,0,0,0,0,0,0,-98000,0,0,0,3000,101000,-98000,-98000
060238,強茂元大9C購01  ,0,0,0,0,0,0,0,0,0,-98000,0,0,0,10000,108000,-98000,-98000
057107,華新科群益98購06,0,0,0,0,0,0,0,0,0,-98000,0,0,0,0,98000,-98000,-98000
057827,康友元大98購03  ,0,0,0,0,0,0,0,0,0,-98000,0,0,0,0,98000,-98000,-98000
1733,五鼎            ,94000,192000,-98000,0,0,0,0,0,0,0,4000,4000,0,0,0,0,-98000
6415,矽力-KY         ,221695,324200,-102505,0,0,0,1000,0,1000,3000,6000,0,6000,0,3000,-3000,-98505
060882,大立光中信9A購05,0,0,0,0,0,0,0,0,0,-99000,0,0,0,0,99000,-99000,-99000
063040,聯詠凱基9B購03  ,0,0,0,0,0,0,0,0,0,-99000,0,0,0,0,99000,-99000,-99000
062642,帆宣國票9B購01  ,0,0,0,0,0,0,0,0,0,-99000,0,0,0,149000,248000,-99000,-99000
061820,康控群益9B購02  ,0,0,0,0,0,0,0,0,0,-99000,0,0,0,27000,126000,-99000,-99000
056423,奇鋐統一98購01  ,0,0,0,0,0,0,0,0,0,-99000,0,0,0,38000,137000,-99000,-99000
060218,台積電凱基9A購15,0,0,0,0,0,0,0,0,0,-99000,0,0,0,24000,123000,-99000,-99000
056693,國產群益98購01  ,0,0,0,0,0,0,0,0,0,-99000,0,0,0,357000,456000,-99000,-99000
3376,新日興          ,317000,347000,-30000,0,0,0,58000,0,58000,-127000,13000,26000,-13000,29000,143000,-114000,-99000
07208P,台積電凱基99售14,0,0,0,0,0,0,0,0,0,-99000,0,0,0,29000,128000,-99000,-99000
06734P,智邦凱基98售05  ,0,0,0,0,0,0,0,0,0,-99000,0,0,0,0,99000,-99000,-99000
062321,力成台新9B購01  ,0,0,0,0,0,0,0,0,0,-100000,0,0,0,0,100000,-100000,-100000
062213,和大統一9B購02  ,0,0,0,0,0,0,0,0,0,-100000,0,0,0,25000,125000,-100000,-100000
062451,瀚宇博元大9B購02,0,0,0,0,0,0,0,0,0,-100000,0,0,0,0,100000,-100000,-100000
062495,友達中信01購02  ,0,0,0,0,0,0,0,0,0,-100000,0,0,0,0,100000,-100000,-100000
060775,世芯凱基9A購02  ,0,0,0,0,0,0,0,0,0,-100000,0,0,0,0,100000,-100000,-100000
060972,T50反1元大9A購10,0,0,0,0,0,0,0,0,0,-100000,0,0,0,0,100000,-100000,-100000
060660,國巨凱基9B購04  ,0,0,0,0,0,0,0,0,0,-100000,0,0,0,0,100000,-100000,-100000
060410,台苯永豐9A購01  ,0,0,0,0,0,0,0,0,0,-100000,0,0,0,0,100000,-100000,-100000
06140P,華新科群益97售06,0,0,0,0,0,0,0,0,0,-100000,0,0,0,0,100000,-100000,-100000
061394,FBVIX統一9B購01 ,0,0,0,0,0,0,0,0,0,-100000,0,0,0,0,100000,-100000,-100000
056283,鴻海永豐97購03  ,0,0,0,0,0,0,0,0,0,-100000,0,0,0,0,100000,-100000,-100000
054883,億光統一97購01  ,0,0,0,0,0,0,0,0,0,-100000,0,0,0,0,100000,-100000,-100000
055297,啟碁元大97購01  ,0,0,0,0,0,0,0,0,0,-100000,0,0,0,0,100000,-100000,-100000
058849,奇力新群益99購02,0,0,0,0,0,0,0,0,0,-100000,0,0,0,0,100000,-100000,-100000
058791,鴻海元大99購17  ,0,0,0,0,0,0,0,0,0,-100000,0,0,0,1000,101000,-100000,-100000
054634,FB上証中信99購01,0,0,0,0,0,0,0,0,0,-100000,0,0,0,0,100000,-100000,-100000
05917P,宏達電元大96售02,0,0,0,0,0,0,0,0,0,-100000,0,0,0,0,100000,-100000,-100000
052837,友達國泰97購01  ,0,0,0,0,0,0,0,0,0,-100000,0,0,0,0,100000,-100000,-100000
052546,友達中信98購01  ,0,0,0,0,0,0,0,0,0,-100000,0,0,0,0,100000,-100000,-100000
054135,大立光元大97購04,0,0,0,0,0,0,0,0,0,-100000,0,0,0,0,100000,-100000,-100000
00657,國泰日經225     ,1000,0,1000,0,0,0,0,0,0,-101000,0,0,0,149000,250000,-101000,-100000
03650C,T50反1元大98牛05,0,0,0,0,0,0,0,0,0,-100000,0,0,0,0,100000,-100000,-100000
03422B,臺股指凱基96熊28,0,0,0,0,0,0,0,0,0,-100000,0,0,0,0,100000,-100000,-100000
053929,正文國票97購01  ,0,0,0,0,0,0,0,0,0,-100000,0,0,0,0,100000,-100000,-100000
041990,A50正2國票97購01,0,0,0,0,0,0,0,0,0,-100000,0,0,0,0,100000,-100000,-100000
056780,元油2X群益9A購03,0,0,0,0,0,0,0,0,0,-100000,0,0,0,0,100000,-100000,-100000
059631,京元電凱基99購02,0,0,0,0,0,0,0,0,0,-100000,0,0,0,0,100000,-100000,-100000
060158,廣達永豐9A購01  ,0,0,0,0,0,0,0,0,0,-100000,0,0,0,29000,129000,-100000,-100000
06014P,聯發科富邦97售02,0,0,0,0,0,0,0,0,0,-100000,0,0,0,804000,904000,-100000,-100000
060242,潤泰全元大9C購01,0,0,0,0,0,0,0,0,0,-100000,0,0,0,0,100000,-100000,-100000
060290,興富發元大9C購01,0,0,0,0,0,0,0,0,0,-100000,0,0,0,100000,200000,-100000,-100000
057105,致茂群益9A購01  ,0,0,0,0,0,0,0,0,0,-100000,0,0,0,0,100000,-100000,-100000
057100,國巨中信9A購02  ,0,0,0,0,0,0,0,0,0,-100000,0,0,0,10000,110000,-100000,-100000
057039,元油2X元大9B購07,0,0,0,0,0,0,0,0,0,-100000,0,0,0,0,100000,-100000,-100000
056995,華新科日盛99購01,0,0,0,0,0,0,0,0,0,-100000,0,0,0,0,100000,-100000,-100000
057847,聯茂永豐98購01  ,0,0,0,0,0,0,0,0,0,-100000,0,0,0,0,100000,-100000,-100000
06949P,台表科元大99售01,0,0,0,0,0,0,0,0,0,-100000,0,0,0,0,100000,-100000,-100000
063113,聯茂兆豐9B購01  ,0,0,0,0,0,0,0,0,0,-100000,0,0,0,10000,110000,-100000,-100000
06359P,上銀群益97售03  ,0,0,0,0,0,0,0,0,0,-100000,0,0,0,0,100000,-100000,-100000
07251P,台灣50元富01售04,0,0,0,0,0,0,0,0,0,-100000,0,0,0,0,100000,-100000,-100000
07350P,台灣50國票99售11,0,0,0,0,0,0,0,0,0,-100000,0,0,0,0,100000,-100000,-100000
07455P,聯發科元大9A售01,0,0,0,0,0,0,0,0,0,-100000,0,0,0,0,100000,-100000,-100000
060411,達新永豐9A購01  ,0,0,0,0,0,0,0,0,0,-101000,0,0,0,69000,170000,-101000,-101000
060632,可成富邦9B購01  ,0,0,0,0,0,0,0,0,0,-101000,0,0,0,485000,586000,-101000,-101000
060713,聯詠永豐9A購01  ,0,0,0,0,0,0,0,0,0,-101000,0,0,0,88000,189000,-101000,-101000
062301,聯詠中信05購01  ,0,0,0,0,0,0,0,0,0,-101000,0,0,0,61000,162000,-101000,-101000
053487,台泥兆豐97購01  ,0,0,0,0,0,0,0,0,0,-101000,0,0,0,0,101000,-101000,-101000
060161,牧德永豐9A購02  ,0,0,0,0,0,0,0,0,0,-101000,0,0,0,0,101000,-101000,-101000
059729,群創元大9C購05  ,0,0,0,0,0,0,0,0,0,-101000,0,0,0,48000,149000,-101000,-101000
062097,台光電永豐9B購01,0,0,0,0,0,0,0,0,0,-102000,0,0,0,112000,214000,-102000,-102000
062781,微星元大9C購01  ,0,0,0,0,0,0,0,0,0,-102000,0,0,0,5000,107000,-102000,-102000
060892,超眾統一9C購01  ,0,0,0,0,0,0,0,0,0,-102000,0,0,0,0,102000,-102000,-102000
061417,力成群益9A購01  ,0,0,0,0,0,0,0,0,0,-102000,0,0,0,86000,188000,-102000,-102000
061136,可成統一9A購01  ,0,0,0,0,0,0,0,0,0,-102000,0,0,0,85000,187000,-102000,-102000
061207,美律元大9A購04  ,0,0,0,0,0,0,0,0,0,-102000,0,0,0,10000,112000,-102000,-102000
059742,富邦金元富99購01,0,0,0,0,0,0,0,0,0,-102000,0,0,0,30000,132000,-102000,-102000
060066,欣興兆豐9B購01  ,0,0,0,0,0,0,0,0,0,-102000,0,0,0,40000,142000,-102000,-102000
057925,貿聯凱基99購01  ,0,0,0,0,0,0,0,0,0,-102000,0,0,0,1000,103000,-102000,-102000
058268,泰碩永豐9A購01  ,0,0,0,0,0,0,0,0,0,-102000,0,0,0,0,102000,-102000,-102000
063270,喬山兆豐9C購01  ,0,0,0,0,0,0,0,0,0,-102000,0,0,0,0,102000,-102000,-102000
060826,牧德元大9B購02  ,0,0,0,0,0,0,0,0,0,-103000,0,0,0,0,103000,-103000,-103000
062784,世芯元大9B購01  ,0,0,0,0,0,0,0,0,0,-103000,0,0,0,27000,130000,-103000,-103000
062294,盛群永豐9B購01  ,0,0,0,0,0,0,0,0,0,-103000,0,0,0,0,103000,-103000,-103000
062252,華邦電元大9C購01,0,0,0,0,0,0,0,0,0,-103000,0,0,0,1000,104000,-103000,-103000
06845P,億光元大98售02  ,0,0,0,0,0,0,0,0,0,-103000,0,0,0,3000,106000,-103000,-103000
1507,永大            ,77000,180000,-103000,0,0,0,0,0,0,0,0,0,0,0,0,0,-103000
061855,台郡國票9B購01  ,0,0,0,0,0,0,0,0,0,-104000,0,0,0,10000,114000,-104000,-104000
062762,聯詠凱基9B購02  ,0,0,0,0,0,0,0,0,0,-104000,0,0,0,0,104000,-104000,-104000
060645,台表科永豐9A購02,0,0,0,0,0,0,0,0,0,-104000,0,0,0,10000,114000,-104000,-104000
055432,臻鼎群益97購02  ,0,0,0,0,0,0,0,0,0,-104000,0,0,0,53000,157000,-104000,-104000
059065,南電凱基9A購01  ,0,0,0,0,0,0,0,0,0,-104000,0,0,0,100000,204000,-104000,-104000
059297,大立光元富9C購01,0,0,0,0,0,0,0,0,0,-104000,0,0,0,26000,130000,-104000,-104000
057724,亞德客國泰99購01,0,0,0,0,0,0,0,0,0,-104000,0,0,0,33000,137000,-104000,-104000
056711,亞光永豐98購01  ,0,0,0,0,0,0,0,0,0,-104000,0,0,0,0,104000,-104000,-104000
06686P,麗豐永豐98售02  ,0,0,0,0,0,0,0,0,0,-104000,0,0,0,40000,144000,-104000,-104000
06046P,健策統一96售03  ,0,0,0,0,0,0,0,0,0,-105000,0,0,0,0,105000,-105000,-105000
061985,富邦金元大9B購01,0,0,0,0,0,0,0,0,0,-105000,0,0,0,88000,193000,-105000,-105000
062380,巨大元大9B購01  ,0,0,0,0,0,0,0,0,0,-105000,0,0,0,61000,166000,-105000,-105000
056517,茂林兆豐99購01  ,0,0,0,0,0,0,0,0,0,-105000,0,0,0,69000,174000,-105000,-105000
055533,大立光群益97購03,0,0,0,0,0,0,0,0,0,-105000,0,0,0,0,105000,-105000,-105000
053942,超眾國泰96購02  ,0,0,0,0,0,0,0,0,0,-105000,0,0,0,0,105000,-105000,-105000
058243,華擎元大99購01  ,0,0,0,0,0,0,0,0,0,-105000,0,0,0,46000,151000,-105000,-105000
059242,南亞科凱基99購06,0,0,0,0,0,0,0,0,0,-105000,0,0,0,11000,116000,-105000,-105000
059948,正文永豐99購01  ,0,0,0,0,0,0,0,0,0,-105000,0,0,0,58000,163000,-105000,-105000
058036,南電永豐98購01  ,0,0,0,0,0,0,0,0,0,-105000,0,0,0,0,105000,-105000,-105000
07257P,臺股指凱基99售37,0,0,0,0,0,0,0,0,0,-105000,0,0,0,100000,205000,-105000,-105000
2911,麗嬰房          ,43000,148000,-105000,0,0,0,0,0,0,0,0,0,0,0,0,0,-105000
055439,台表科國票98購02,0,0,0,0,0,0,0,0,0,-106000,0,0,0,11000,117000,-106000,-106000
054935,華通元大98購03  ,0,0,0,0,0,0,0,0,0,-106000,0,0,0,20000,126000,-106000,-106000
054374,信邦中信96購01  ,0,0,0,0,0,0,0,0,0,-106000,0,0,0,0,106000,-106000,-106000
060169,群電永豐9A購01  ,0,0,0,0,0,0,0,0,0,-106000,0,0,0,0,106000,-106000,-106000
058190,貿聯永豐99購01  ,0,0,0,0,0,0,0,0,0,-106000,0,0,0,0,106000,-106000,-106000
059454,亞光永豐99購01  ,0,0,0,0,0,0,0,0,0,-106000,0,0,0,54000,160000,-106000,-106000
06286P,世芯國票97售02  ,0,0,0,0,0,0,0,0,0,-107000,0,0,0,34000,141000,-107000,-107000
060759,南亞科元大9A購03,0,0,0,0,0,0,0,0,0,-107000,0,0,0,10000,117000,-107000,-107000
061295,台積電國泰9B購02,0,0,0,0,0,0,0,0,0,-107000,0,0,0,59000,166000,-107000,-107000
055675,亞德客凱基97購02,0,0,0,0,0,0,0,0,0,-107000,0,0,0,23000,130000,-107000,-107000
058572,百和凱基9A購01  ,0,0,0,0,0,0,0,0,0,-107000,0,0,0,25000,132000,-107000,-107000
1325,恆大            ,115000,30000,85000,0,0,0,0,192000,-192000,0,2000,0,2000,20000,22000,-2000,-107000
061215,健策元大9A購06  ,0,0,0,0,0,0,0,0,0,-108000,0,0,0,39000,147000,-108000,-108000
060781,台郡國泰9B購01  ,0,0,0,0,0,0,0,0,0,-108000,0,0,0,871000,979000,-108000,-108000
061075,亞德客兆豐9A購01,0,0,0,0,0,0,0,0,0,-108000,0,0,0,107000,215000,-108000,-108000
061902,百和永豐9B購01  ,0,0,0,0,0,0,0,0,0,-108000,0,0,0,26000,134000,-108000,-108000
056088,台郡統一97購02  ,0,0,0,0,0,0,0,0,0,-108000,0,0,0,0,108000,-108000,-108000
054102,百和國票97購04  ,0,0,0,0,0,0,0,0,0,-108000,0,0,0,0,108000,-108000,-108000
053097,超眾統一96購03  ,0,0,0,0,0,0,0,0,0,-108000,0,0,0,0,108000,-108000,-108000
052908,大成鋼統一96購01,0,0,0,0,0,0,0,0,0,-108000,0,0,0,0,108000,-108000,-108000
059683,康控富邦9C購01  ,0,0,0,0,0,0,0,0,0,-108000,0,0,0,0,108000,-108000,-108000
058269,世芯永豐9A購01  ,0,0,0,0,0,0,0,0,0,-108000,0,0,0,1000,109000,-108000,-108000
06721P,臺股指中信9A售03,0,0,0,0,0,0,0,0,0,-108000,0,0,0,3000,111000,-108000,-108000
063201,廣達統一01購01  ,0,0,0,0,0,0,0,0,0,-108000,0,0,0,0,108000,-108000,-108000
061789,群創群益9B購01  ,0,0,0,0,0,0,0,0,0,-109000,0,0,0,0,109000,-109000,-109000
061181,牧德凱基9A購01  ,0,0,0,0,0,0,0,0,0,-109000,0,0,0,0,109000,-109000,-109000
053331,玉晶光永豐97購02,0,0,0,0,0,0,0,0,0,-109000,0,0,0,67000,176000,-109000,-109000
054467,隆達凱基97購01  ,0,0,0,0,0,0,0,0,0,-109000,0,0,0,51000,160000,-109000,-109000
055919,景碩凱基98購02  ,0,0,0,0,0,0,0,0,0,-109000,0,0,0,50000,159000,-109000,-109000
058116,正崴中信99購02  ,0,0,0,0,0,0,0,0,0,-109000,0,0,0,0,109000,-109000,-109000
2441,超豐            ,90000,188000,-98000,0,0,0,0,0,0,-11000,0,11000,-11000,0,0,0,-109000
061740,華新科凱基03購01,0,0,0,0,0,0,0,0,0,-110000,0,0,0,0,110000,-110000,-110000
061579,京鼎元大9A購02  ,0,0,0,0,0,0,0,0,0,-110000,0,0,0,27000,137000,-110000,-110000
060881,玉山金中信02購01,0,0,0,0,0,0,0,0,0,-110000,0,0,0,25000,135000,-110000,-110000
062754,台勝科麥證9B購01,0,0,0,50000,160000,-110000,0,0,0,-110000,0,0,0,50000,160000,-110000,-110000
062482,台表科國票9B購01,0,0,0,0,0,0,0,0,0,-110000,0,0,0,2000,112000,-110000,-110000
054478,可成中信97購01  ,0,0,0,0,0,0,0,0,0,-110000,0,0,0,0,110000,-110000,-110000
053630,奇鋐兆豐97購01  ,0,0,0,0,0,0,0,0,0,-110000,0,0,0,0,110000,-110000,-110000
053814,美律群益97購02  ,0,0,0,0,0,0,0,0,0,-110000,0,0,0,0,110000,-110000,-110000
00830,國泰費城半導體  ,0,268000,-268000,0,0,0,0,0,0,158000,222000,0,222000,126000,190000,-64000,-110000
057375,欣興元大98購09  ,0,0,0,0,0,0,0,0,0,-110000,0,0,0,0,110000,-110000,-110000
060324,台積電群益9B購02,0,0,0,0,0,0,0,0,0,-110000,0,0,0,1000,111000,-110000,-110000
059932,世紀鋼富邦9A購02,0,0,0,0,0,0,0,0,0,-110000,0,0,0,20000,130000,-110000,-110000
059831,聯詠康和99購01  ,0,0,0,0,0,0,0,0,0,-110000,0,0,0,18000,128000,-110000,-110000
08109P,台灣50台新9C售04,0,0,0,0,0,0,0,0,0,-110000,0,0,0,0,110000,-110000,-110000
063203,華新科統一9C購04,0,0,0,0,0,0,0,0,0,-110000,0,0,0,0,110000,-110000,-110000
06603P,立積統一99售01  ,0,0,0,0,0,0,0,0,0,-110000,0,0,0,150000,260000,-110000,-110000
07619P,鴻海統一9A售03  ,0,0,0,0,0,0,0,0,0,-110000,0,0,0,7000,117000,-110000,-110000
06262P,國巨凱基97售07  ,0,0,0,0,0,0,0,0,0,-111000,0,0,0,1000,112000,-111000,-111000
061803,巨大永豐9B購01  ,0,0,0,0,0,0,0,0,0,-111000,0,0,0,2000,113000,-111000,-111000
056075,瀚宇博元大97購03,0,0,0,0,0,0,0,0,0,-111000,0,0,0,6000,117000,-111000,-111000
059006,樺漢元大99購01  ,0,0,0,0,0,0,0,0,0,-111000,0,0,0,0,111000,-111000,-111000
057505,健策麥證98購01  ,0,0,0,0,111000,-111000,0,0,0,-111000,0,0,0,0,111000,-111000,-111000
057985,華通元富02購03  ,0,0,0,0,0,0,0,0,0,-111000,0,0,0,85000,196000,-111000,-111000
061967,旺宏統一01購04  ,0,0,0,0,0,0,0,0,0,-112000,0,0,0,0,112000,-112000,-112000
060983,南亞科元大9A購06,0,0,0,0,0,0,0,0,0,-112000,0,0,0,60000,172000,-112000,-112000
060528,友達中信9C購01  ,0,0,0,0,0,0,0,0,0,-112000,0,0,0,65000,177000,-112000,-112000
05977P,旺宏永豐96售06  ,0,0,0,0,0,0,0,0,0,-112000,0,0,0,0,112000,-112000,-112000
07839P,嘉澤元大9A售04  ,0,0,0,0,0,0,0,0,0,-112000,0,0,0,107000,219000,-112000,-112000
4943,康控-KY         ,412000,554000,-142000,0,0,0,0,0,0,30000,0,0,0,72000,42000,30000,-112000
061187,瀚宇博國泰9C購01,0,0,0,0,0,0,0,0,0,-113000,0,0,0,2000,115000,-113000,-113000
053250,百和國票97購02  ,0,0,0,0,0,0,0,0,0,-113000,0,0,0,0,113000,-113000,-113000
058524,超眾元大99購04  ,0,0,0,0,0,0,0,0,0,-113000,0,0,0,150000,263000,-113000,-113000
057287,彩晶元大9C購03  ,0,0,0,0,0,0,0,0,0,-113000,0,0,0,0,113000,-113000,-113000
08063P,立積國票9B售03  ,0,0,0,0,0,0,0,0,0,-113000,0,0,0,0,113000,-113000,-113000
061587,美律富邦9A購02  ,0,0,0,0,0,0,0,0,0,-114000,0,0,0,0,114000,-114000,-114000
060550,可成凱基9A購02  ,0,0,0,0,0,0,0,0,0,-114000,0,0,0,96000,210000,-114000,-114000
062764,世芯凱基9B購02  ,0,0,0,0,0,0,0,0,0,-114000,0,0,0,138000,252000,-114000,-114000
054674,台光電台新97購01,0,0,0,0,0,0,0,0,0,-114000,0,0,0,292000,406000,-114000,-114000
058759,義隆群益99購01  ,0,0,0,0,0,0,0,0,0,-114000,0,0,0,99000,213000,-114000,-114000
057012,康控中信98購01  ,0,0,0,0,0,0,0,0,0,-114000,0,0,0,0,114000,-114000,-114000
057649,嘉聯益元大99購04,0,0,0,0,0,0,0,0,0,-114000,0,0,0,0,114000,-114000,-114000
07366P,國巨康和99售02  ,0,0,0,0,0,0,0,0,0,-114000,0,0,0,677000,791000,-114000,-114000
06914P,南茂元大98售03  ,0,0,0,0,0,0,0,0,0,-114000,0,0,0,8000,122000,-114000,-114000
062681,全新統一01購01  ,0,0,0,0,0,0,0,0,0,-115000,0,0,0,65000,180000,-115000,-115000
062697,國巨元大9C購01  ,0,0,0,0,0,0,0,0,0,-115000,0,0,0,41000,156000,-115000,-115000
062975,京鼎元富9B購01  ,0,0,0,0,0,0,0,0,0,-115000,0,0,0,266000,381000,-115000,-115000
061606,景碩凱基9A購02  ,0,0,0,0,0,0,0,0,0,-115000,0,0,0,20000,135000,-115000,-115000
055847,大立光元大97購10,0,0,0,0,0,0,0,0,0,-115000,0,0,0,69000,184000,-115000,-115000
055442,矽創國票98購02  ,0,0,0,0,0,0,0,0,0,-115000,0,0,0,173000,288000,-115000,-115000
057823,神達元大98購01  ,0,0,0,0,0,0,0,0,0,-115000,0,0,0,91000,206000,-115000,-115000
058334,鴻海元富99購05  ,0,0,0,0,0,0,0,0,0,-115000,0,0,0,0,115000,-115000,-115000
063192,技嘉台新9B購01  ,0,0,0,0,0,0,0,0,0,-115000,0,0,0,5000,120000,-115000,-115000
8996,高力            ,248000,365000,-117000,0,0,0,0,0,0,2000,6000,4000,2000,0,0,0,-115000
060426,盛群永豐9A購01  ,0,0,0,0,0,0,0,0,0,-116000,0,0,0,0,116000,-116000,-116000
060856,健策富邦9B購02  ,0,0,0,0,0,0,0,0,0,-116000,0,0,0,411000,527000,-116000,-116000
062768,南電凱基9B購04  ,0,0,0,0,0,0,0,0,0,-116000,0,0,0,0,116000,-116000,-116000
062167,燿華永豐9B購01  ,0,0,0,0,0,0,0,0,0,-116000,0,0,0,507000,623000,-116000,-116000
055291,京鼎元大97購02  ,0,0,0,0,0,0,0,0,0,-116000,0,0,0,139000,255000,-116000,-116000
058819,華通國泰9B購01  ,0,0,0,0,0,0,0,0,0,-117000,0,0,0,135000,252000,-117000,-117000
052764,景碩群益98購01  ,0,0,0,0,0,0,0,0,0,-117000,0,0,0,110000,227000,-117000,-117000
05692P,聯發科中信9A售02,0,0,0,0,0,0,0,0,0,-117000,0,0,0,750000,867000,-117000,-117000
063162,國喬永豐9B購01  ,0,0,0,0,0,0,0,0,0,-117000,0,0,0,0,117000,-117000,-117000
063151,奇鋐元富9B購01  ,0,0,0,0,0,0,0,0,0,-117000,0,0,0,37000,154000,-117000,-117000
061925,禾伸堂凱基9C購01,0,0,0,0,0,0,0,0,0,-118000,0,0,0,10000,128000,-118000,-118000
062574,美食群益9B購02  ,0,0,0,0,0,0,0,0,0,-118000,0,0,0,96000,214000,-118000,-118000
060402,神隆國泰9B購01  ,0,0,0,0,0,0,0,0,0,-118000,0,0,0,217000,335000,-118000,-118000
060511,群創元大9B購08  ,0,0,0,0,0,0,0,0,0,-118000,0,0,0,68000,186000,-118000,-118000
059363,超眾永豐99購02  ,0,0,0,0,0,0,0,0,0,-118000,0,0,0,0,118000,-118000,-118000
056724,臻鼎中信9A購01  ,0,0,0,0,0,0,0,0,0,-118000,0,0,0,761000,879000,-118000,-118000
058079,鴻海群益98購08  ,0,0,0,0,0,0,0,0,0,-118000,0,0,0,49000,167000,-118000,-118000
057197,立積台新98購01  ,0,0,0,0,0,0,0,0,0,-118000,0,0,0,143000,261000,-118000,-118000
057174,南亞科元大98購05,0,0,0,0,0,0,0,0,0,-118000,0,0,0,0,118000,-118000,-118000
06706P,智原台新98售02  ,0,0,0,0,0,0,0,0,0,-118000,0,0,0,0,118000,-118000,-118000
062942,嘉澤凱基9B購02  ,0,0,0,0,0,0,0,0,0,-119000,0,0,0,162000,281000,-119000,-119000
055311,健策群益98購02  ,0,0,0,0,0,0,0,0,0,-119000,0,0,0,4000,123000,-119000,-119000
054349,同欣電國票97購02,0,0,0,0,0,0,0,0,0,-119000,0,0,0,0,119000,-119000,-119000
057404,貿聯群益99購01  ,0,0,0,0,0,0,0,0,0,-119000,0,0,0,75000,194000,-119000,-119000
058352,鴻海凱基9A購05  ,0,0,0,0,0,0,0,0,0,-119000,0,0,0,0,119000,-119000,-119000
057803,上銀元大98購08  ,0,0,0,0,0,0,0,0,0,-119000,0,0,0,186000,305000,-119000,-119000
063261,康控富邦03購01  ,0,0,0,0,0,0,0,0,0,-119000,0,0,0,60000,179000,-119000,-119000
060611,同欣電凱基9A購02,0,0,0,0,0,0,0,0,0,-120000,0,0,0,20000,140000,-120000,-120000
061610,力成統一9C購01  ,0,0,0,0,0,0,0,0,0,-120000,0,0,0,189000,309000,-120000,-120000
061682,南電元大9B購01  ,0,0,0,0,0,0,0,0,0,-120000,0,0,0,45000,165000,-120000,-120000
061249,億豐群益9A購01  ,0,0,0,0,0,0,0,0,0,-120000,0,0,0,223000,343000,-120000,-120000
061272,超眾凱基9A購03  ,0,0,0,0,0,0,0,0,0,-120000,0,0,0,0,120000,-120000,-120000
054757,南亞國票98購01  ,0,0,0,0,0,0,0,0,0,-120000,0,0,0,40000,160000,-120000,-120000
054834,帆宣中信97購01  ,0,0,0,0,0,0,0,0,0,-120000,0,0,0,0,120000,-120000,-120000
055063,玉晶光永豐99購01,0,0,0,0,0,0,0,0,0,-120000,0,0,0,30000,150000,-120000,-120000
058830,健策永豐99購02  ,0,0,0,0,0,0,0,0,0,-120000,0,0,0,31000,151000,-120000,-120000
053122,美律凱基98購01  ,0,0,0,0,0,0,0,0,0,-120000,0,0,0,0,120000,-120000,-120000
00710B,FH彭博高收益債  ,82000,2000,80000,0,0,0,0,0,0,-200000,0,0,0,176000,376000,-200000,-120000
058696,元油2X元大9C購04,0,0,0,0,0,0,0,0,0,-120000,0,0,0,0,120000,-120000,-120000
06529P,貿聯富邦99售03  ,0,0,0,0,0,0,0,0,0,-120000,0,0,0,0,120000,-120000,-120000
062238,臻鼎凱基9C購01  ,0,0,0,0,0,0,0,0,0,-121000,0,0,0,30000,151000,-121000,-121000
053055,聯詠國票97購01  ,0,0,0,0,0,0,0,0,0,-121000,0,0,0,72000,193000,-121000,-121000
059351,台虹凱基99購01  ,0,0,0,0,0,0,0,0,0,-121000,0,0,0,230000,351000,-121000,-121000
063263,高鐵永豐9B購01  ,0,0,0,0,0,0,0,0,0,-121000,0,0,0,30000,151000,-121000,-121000
060545,台積電凱基9B購02,0,0,0,0,0,0,0,0,0,-122000,0,0,0,60000,182000,-122000,-122000
056065,奇鋐元大97購01  ,0,0,0,0,0,0,0,0,0,-122000,0,0,0,25000,147000,-122000,-122000
056265,國泰金統一97購01,0,0,0,0,0,0,0,0,0,-122000,0,0,0,25000,147000,-122000,-122000
056463,台虹凱基98購02  ,0,0,0,0,0,0,0,0,0,-122000,0,0,0,58000,180000,-122000,-122000
056818,正崴永豐98購01  ,0,0,0,0,0,0,0,0,0,-122000,0,0,0,10000,132000,-122000,-122000
056581,超眾元大99購01  ,0,0,0,0,0,0,0,0,0,-122000,0,0,0,0,122000,-122000,-122000
08000P,奇鋐凱基9B售03  ,0,0,0,0,0,0,0,0,0,-122000,0,0,0,57000,179000,-122000,-122000
2355,敬鵬            ,151000,291000,-140000,0,0,0,0,0,0,18000,18000,0,18000,0,0,0,-122000
060876,國巨中信9A購04  ,0,0,0,0,0,0,0,0,0,-123000,0,0,0,7000,130000,-123000,-123000
060907,金像電元大9A購02,0,0,0,0,0,0,0,0,0,-123000,0,0,0,111000,234000,-123000,-123000
062529,可成統一9C購03  ,0,0,0,0,0,0,0,0,0,-123000,0,0,0,62000,185000,-123000,-123000
058725,美律富邦9A購01  ,0,0,0,0,0,0,0,0,0,-123000,0,0,0,93000,216000,-123000,-123000
057804,為升元大98購01  ,0,0,0,0,0,0,0,0,0,-123000,0,0,0,158000,281000,-123000,-123000
058208,百和凱基99購01  ,0,0,0,0,0,0,0,0,0,-123000,0,0,0,48000,171000,-123000,-123000
062200,臺指反國票03購01,0,0,0,0,0,0,0,0,0,-124000,0,0,0,0,124000,-124000,-124000
060795,世芯永豐9A購02  ,0,0,0,0,0,0,0,0,0,-124000,0,0,0,47000,171000,-124000,-124000
061607,台表科凱基9B購02,0,0,0,0,0,0,0,0,0,-124000,0,0,0,182000,306000,-124000,-124000
2464,盟立            ,160000,284000,-124000,0,0,0,0,0,0,0,0,0,0,0,0,0,-124000
1304,台聚            ,330000,454000,-124000,0,0,0,0,0,0,0,0,0,0,0,0,0,-124000
06467P,旺宏統一98售01  ,0,0,0,0,0,0,0,0,0,-124000,0,0,0,88000,212000,-124000,-124000
061059,世芯國票9B購01  ,0,0,0,0,0,0,0,0,0,-125000,0,0,0,9000,134000,-125000,-125000
062159,聯詠凱基9B購01  ,0,0,0,0,0,0,0,0,0,-125000,0,0,0,74000,199000,-125000,-125000
055398,超眾統一97購03  ,0,0,0,0,0,0,0,0,0,-125000,0,0,0,0,125000,-125000,-125000
052133,華邦電凱基9B購01,0,0,0,0,0,0,0,0,0,-125000,0,0,0,0,125000,-125000,-125000
063355,超眾元富9B購01  ,0,0,0,0,0,0,0,0,0,-125000,0,0,0,0,125000,-125000,-125000
1229,聯華            ,453000,578000,-125000,0,0,0,0,0,0,0,0,0,0,0,0,0,-125000
062943,世芯凱基9B購03  ,0,0,0,0,0,0,0,0,0,-126000,0,0,0,6000,132000,-126000,-126000
060774,南亞科凱基9A購01,0,0,0,0,0,0,0,0,0,-126000,0,0,0,1000,127000,-126000,-126000
060760,南亞科元大9A購04,0,0,0,0,0,0,0,0,0,-126000,0,0,0,0,126000,-126000,-126000
063290,GIS元大9B購02   ,0,0,0,0,0,0,0,0,0,-126000,0,0,0,0,126000,-126000,-126000
06645P,上銀元大98售05  ,0,0,0,0,0,0,0,0,0,-126000,0,0,0,21000,147000,-126000,-126000
061933,光寶科國票9B購01,0,0,0,0,0,0,0,0,0,-127000,0,0,0,99000,226000,-127000,-127000
056989,鴻海兆豐98購02  ,0,0,0,0,0,0,0,0,0,-127000,0,0,0,0,127000,-127000,-127000
059909,鴻海元大99購36  ,0,0,0,0,0,0,0,0,0,-127000,0,0,0,1000,128000,-127000,-127000
1718,中纖            ,302000,553000,-251000,0,0,0,0,0,0,124000,126000,2000,124000,0,0,0,-127000
8081,致新            ,345000,589000,-244000,0,0,0,100000,0,100000,17000,59000,0,59000,36000,78000,-42000,-127000
6165,捷泰            ,14000,141000,-127000,0,0,0,0,0,0,0,0,0,0,0,0,0,-127000
063091,聯電中信9B購01  ,0,0,0,0,0,0,0,0,0,-128000,0,0,0,85000,213000,-128000,-128000
060701,玉晶光國泰9C購01,0,0,0,0,0,0,0,0,0,-128000,0,0,0,54000,182000,-128000,-128000
060626,貿聯元大9A購04  ,0,0,0,0,0,0,0,0,0,-128000,0,0,0,3000,131000,-128000,-128000
060914,健策元大9A購03  ,0,0,0,0,0,0,0,0,0,-128000,0,0,0,29000,157000,-128000,-128000
060953,富邦金群益9A購01,0,0,0,0,0,0,0,0,0,-128000,0,0,0,83000,211000,-128000,-128000
061166,玉晶光兆豐9B購01,0,0,0,0,0,0,0,0,0,-128000,0,0,0,10000,138000,-128000,-128000
056126,台郡國票98購02  ,0,0,0,0,0,0,0,0,0,-128000,0,0,0,28000,156000,-128000,-128000
054347,上緯控國票96購02,0,0,0,0,0,0,0,0,0,-128000,0,0,0,247000,375000,-128000,-128000
05708P,奇力新國票97售04,0,0,0,0,0,0,0,0,0,-128000,0,0,0,45000,173000,-128000,-128000
4746,台耀            ,706000,831000,-125000,0,0,0,0,0,0,-3000,3000,6000,-3000,0,0,0,-128000
2505,國揚            ,517000,565000,-48000,0,0,0,0,0,0,-80000,0,0,0,0,80000,-80000,-128000
06657P,寶成元大98售01  ,0,0,0,0,0,0,0,0,0,-128000,0,0,0,49000,177000,-128000,-128000
061278,和大統一9A購01  ,0,0,0,0,0,0,0,0,0,-129000,0,0,0,20000,149000,-129000,-129000
060470,台勝科元大9A購03,0,0,0,0,0,0,0,0,0,-129000,0,0,0,60000,189000,-129000,-129000
062090,南電元大9B購02  ,0,0,0,0,0,0,0,0,0,-129000,0,0,0,10000,139000,-129000,-129000
06604P,聯發科元富02售02,0,0,0,0,0,0,0,0,0,-129000,0,0,0,230000,359000,-129000,-129000
063165,泰碩永豐9B購02  ,0,0,0,0,0,0,0,0,0,-129000,0,0,0,0,129000,-129000,-129000
061106,群創元大9B購09  ,0,0,0,0,0,0,0,0,0,-130000,0,0,0,0,130000,-130000,-130000
061126,京元電永豐9A購02,0,0,0,0,0,0,0,0,0,-130000,0,0,0,0,130000,-130000,-130000
061561,義隆國票9A購02  ,0,0,0,0,0,0,0,0,0,-130000,0,0,0,0,130000,-130000,-130000
054698,同欣電永豐97購01,0,0,0,0,0,0,0,0,0,-130000,0,0,0,0,130000,-130000,-130000
059096,百和元大99購04  ,0,0,0,0,0,0,0,0,0,-130000,0,0,0,0,130000,-130000,-130000
060142,臺指反國票9B購01,0,0,0,0,0,0,0,0,0,-130000,0,0,0,0,130000,-130000,-130000
058110,光寶科元富98購01,0,0,0,0,0,0,0,0,0,-130000,0,0,0,60000,190000,-130000,-130000
057775,南亞科群益98購02,0,0,0,0,0,0,0,0,0,-130000,0,0,0,0,130000,-130000,-130000
059807,大立光元富99購09,0,56000,-56000,0,0,0,0,0,0,-74000,0,0,0,132000,206000,-74000,-130000
059375,道瓊反群益9C購02,0,0,0,0,0,0,0,0,0,-130000,0,0,0,67000,197000,-130000,-130000
058515,健鼎元大99購01  ,0,0,0,0,0,0,0,0,0,-130000,0,0,0,698000,828000,-130000,-130000
063373,晶技永豐9B購02  ,0,0,0,0,0,0,0,0,0,-130000,0,0,0,0,130000,-130000,-130000
06946P,T50正2元大9C售01,0,0,0,0,0,0,0,0,0,-130000,0,0,0,10000,140000,-130000,-130000
07197P,臺股指元大99售13,0,0,0,0,0,0,0,0,0,-130000,0,0,0,0,130000,-130000,-130000
062491,矽創永豐9B購01  ,0,0,0,0,0,0,0,0,0,-131000,0,0,0,99000,230000,-131000,-131000
056035,鴻海凱基97購06  ,0,0,0,0,0,0,0,0,0,-131000,0,0,0,0,131000,-131000,-131000
03840P,台積電統一99售02,0,0,0,0,0,0,0,0,0,-131000,0,0,0,0,131000,-131000,-131000
058502,鴻海元大99購13  ,0,0,0,0,0,0,0,0,0,-131000,0,0,0,3000,134000,-131000,-131000
059136,臺股指群益99購11,0,0,0,0,0,0,0,0,0,-131000,0,0,0,0,131000,-131000,-131000
5534,長虹            ,111000,297000,-186000,0,0,0,0,0,0,55000,55000,0,55000,0,0,0,-131000
062590,亞光統一9B購01  ,0,0,0,0,0,0,0,0,0,-132000,0,0,0,238000,370000,-132000,-132000
061536,華擎統一9C購02  ,0,0,0,0,0,0,0,0,0,-132000,0,0,0,301000,433000,-132000,-132000
061639,晶豪科元大9A購02,0,0,0,0,0,0,0,0,0,-132000,0,0,0,105000,237000,-132000,-132000
053893,京鼎群益97購02  ,0,0,0,0,0,0,0,0,0,-132000,0,0,0,0,132000,-132000,-132000
056524,欣興中信98購02  ,0,0,0,0,0,0,0,0,0,-132000,0,0,0,74000,206000,-132000,-132000
058537,彩晶統一9B購01  ,0,0,0,0,0,0,0,0,0,-132000,0,0,0,8000,140000,-132000,-132000
058245,訊連元大99購01  ,0,0,0,0,0,0,0,0,0,-132000,0,0,0,0,132000,-132000,-132000
057141,嘉聯益兆豐99購01,0,0,0,0,0,0,0,0,0,-132000,0,0,0,0,132000,-132000,-132000
060009,南亞科群益99購03,0,0,0,0,0,0,0,0,0,-132000,0,0,0,10000,142000,-132000,-132000
6214,精誠            ,35000,169000,-134000,0,0,0,0,0,0,2000,4000,2000,2000,0,0,0,-132000
061624,中租群益9A購01  ,0,0,0,0,0,0,0,0,0,-133000,0,0,0,20000,153000,-133000,-133000
061747,南亞科統一01購01,0,0,0,0,0,0,0,0,0,-133000,0,0,0,30000,163000,-133000,-133000
061284,友達統一9C購01  ,0,0,0,0,0,0,0,0,0,-133000,0,0,0,179000,312000,-133000,-133000
060480,億豐元大9A購02  ,0,0,0,0,0,0,0,0,0,-133000,0,0,0,0,133000,-133000,-133000
062127,台勝科統一01購02,0,0,0,0,0,0,0,0,0,-133000,0,0,0,3000,136000,-133000,-133000
03427B,臺股指元大9A熊02,0,0,0,0,0,0,0,0,0,-133000,0,0,0,3000,136000,-133000,-133000
055142,健策永豐98購01  ,0,0,0,0,0,0,0,0,0,-133000,0,0,0,8000,141000,-133000,-133000
057991,健策統一9C購01  ,0,0,0,0,0,0,0,0,0,-133000,0,0,0,57000,190000,-133000,-133000
6591,動力-KY         ,32000,165000,-133000,0,0,0,0,0,0,0,1000,1000,0,0,0,0,-133000
1532,勤美            ,52000,185000,-133000,0,0,0,0,0,0,0,0,0,0,0,0,0,-133000
062249,台積電元大9B購01,0,0,0,0,0,0,0,0,0,-134000,0,0,0,0,134000,-134000,-134000
062383,大立光國泰01購01,0,0,0,0,0,0,0,0,0,-134000,0,0,0,0,134000,-134000,-134000
060944,國泰金國票9A購01,0,0,0,0,0,0,0,0,0,-134000,0,0,0,0,134000,-134000,-134000
056385,創意國泰99購01  ,0,0,0,0,0,0,0,0,0,-134000,0,0,0,201000,335000,-134000,-134000
00647L,元大S&P500正2   ,11000,20000,-9000,0,0,0,0,0,0,-125000,69000,0,69000,357000,551000,-194000,-134000
057789,上銀統一9A購01  ,0,0,0,0,0,0,0,0,0,-134000,0,0,0,146000,280000,-134000,-134000
056945,鴻海統一98購12  ,0,0,0,0,0,0,0,0,0,-134000,0,0,0,50000,184000,-134000,-134000
057580,玉山金中信9A購01,0,0,0,0,0,0,0,0,0,-134000,0,0,0,0,134000,-134000,-134000
062686,群創統一9C購03  ,0,0,0,0,0,0,0,0,0,-135000,0,0,0,0,135000,-135000,-135000
062914,嘉澤元大9B購02  ,0,0,0,0,0,0,0,0,0,-135000,0,0,0,153000,288000,-135000,-135000
047410,上銀元富96購01  ,0,0,0,0,0,0,0,0,0,-135000,0,0,0,0,135000,-135000,-135000
059424,SGBR2X元大9A購01,0,0,0,0,0,0,0,0,0,-135000,0,0,0,225000,360000,-135000,-135000
058241,景碩元大99購05  ,0,0,0,0,0,0,0,0,0,-135000,0,0,0,68000,203000,-135000,-135000
058093,神達元大9A購01  ,0,0,0,0,0,0,0,0,0,-135000,0,0,0,23000,158000,-135000,-135000
06013P,世芯國泰97售03  ,0,0,0,0,0,0,0,0,0,-135000,0,0,0,0,135000,-135000,-135000
4119,旭富            ,557000,610000,-53000,0,0,0,0,0,0,-82000,11000,51000,-40000,21000,63000,-42000,-135000
07891P,臺股指國票9B售01,0,0,0,0,0,0,0,0,0,-135000,0,0,0,0,135000,-135000,-135000
062774,儒鴻元大9C購01  ,0,0,0,0,0,0,0,0,0,-136000,0,0,0,539000,675000,-136000,-136000
062269,葡萄王群益9B購01,0,0,0,0,0,0,0,0,0,-136000,0,0,0,0,136000,-136000,-136000
059109,台積電富邦9C購03,0,0,0,0,0,0,0,0,0,-136000,0,0,0,10000,146000,-136000,-136000
060385,台勝科凱基9A購01,0,0,0,0,0,0,0,0,0,-137000,0,0,0,199000,336000,-137000,-137000
057773,技嘉群益9A購02  ,0,0,0,0,0,0,0,0,0,-137000,0,0,0,97000,234000,-137000,-137000
06465P,國巨統一98售04  ,0,0,0,0,0,0,0,0,0,-137000,0,0,0,294000,431000,-137000,-137000
063128,智伸科元大9B購01,0,0,0,0,0,0,0,0,0,-137000,0,0,0,50000,187000,-137000,-137000
062070,金寶元大9B購01  ,0,0,0,0,0,0,0,0,0,-138000,0,0,0,61000,199000,-138000,-138000
056559,華通群益98購02  ,0,0,0,0,0,0,0,0,0,-138000,0,0,0,36000,174000,-138000,-138000
059403,T50反1台新03購03,0,0,0,0,0,0,0,0,0,-138000,0,0,0,0,138000,-138000,-138000
062414,臻鼎中信01購01  ,0,0,0,0,0,0,0,0,0,-139000,0,0,0,133000,272000,-139000,-139000
062867,東元中信9B購01  ,0,0,0,0,0,0,0,0,0,-139000,0,0,0,0,139000,-139000,-139000
054855,得力群益98購01  ,0,0,0,0,0,0,0,0,0,-139000,0,0,0,0,139000,-139000,-139000
054291,高鐵元大97購01  ,0,0,0,0,0,0,0,0,0,-139000,0,0,0,3000,142000,-139000,-139000
057776,京元電群益98購02,0,0,0,0,0,0,0,0,0,-139000,0,0,0,7000,146000,-139000,-139000
057729,華新科國泰99購04,0,0,0,0,0,0,0,0,0,-139000,0,0,0,99000,238000,-139000,-139000
060450,南亞元大9A購02  ,0,0,0,0,0,0,0,0,0,-140000,0,0,0,0,140000,-140000,-140000
056472,美律元大99購03  ,0,0,0,0,0,0,0,0,0,-140000,0,0,0,22000,162000,-140000,-140000
058517,景碩元大99購06  ,0,0,0,0,0,0,0,0,0,-140000,0,0,0,0,140000,-140000,-140000
058713,國巨統一9B購02  ,0,0,0,0,0,0,0,0,0,-140000,0,0,0,40000,180000,-140000,-140000
058298,聯茂凱基99購05  ,0,0,0,0,0,0,0,0,0,-140000,0,0,0,0,140000,-140000,-140000
063339,智邦統一01購01  ,0,0,0,0,0,0,0,0,0,-140000,0,0,0,0,140000,-140000,-140000
07118P,台積電凱基99售09,0,0,0,0,0,0,0,0,0,-140000,0,0,0,10000,150000,-140000,-140000
060404,台勝科國泰9B購01,0,0,0,0,0,0,0,0,0,-141000,0,0,0,215000,356000,-141000,-141000
062897,上銀元大9B購06  ,0,0,0,0,0,0,0,0,0,-141000,0,0,0,89000,230000,-141000,-141000
063079,儒鴻凱基9B購01  ,0,0,0,0,0,0,0,0,0,-141000,0,0,0,1215000,1356000,-141000,-141000
063038,富邦金凱基9B購02,0,0,0,0,0,0,0,0,0,-141000,0,0,0,12000,153000,-141000,-141000
062112,祥碩國票9C購01  ,0,0,0,0,0,0,0,0,0,-141000,0,0,0,4000,145000,-141000,-141000
046937,聯電元大99購01  ,0,0,0,0,0,0,0,0,0,-141000,0,0,0,14000,155000,-141000,-141000
060155,友訊永豐9A購01  ,0,0,0,0,0,0,0,0,0,-141000,0,0,0,179000,320000,-141000,-141000
057268,臻鼎兆豐99購01  ,0,0,0,0,0,0,0,0,0,-141000,0,0,0,50000,191000,-141000,-141000
08086P,燿華凱基9B售03  ,0,0,0,0,0,0,0,0,0,-141000,0,0,0,0,141000,-141000,-141000
063093,國產國票9B購01  ,0,0,0,0,0,0,0,0,0,-142000,0,0,0,14000,156000,-142000,-142000
08060P,嘉澤元大9B售01  ,0,0,0,0,0,0,0,0,0,-142000,0,0,0,0,142000,-142000,-142000
6533,晶心科          ,111000,261000,-150000,0,0,0,0,0,0,8000,10000,2000,8000,0,0,0,-142000
9105,泰金寶-DR       ,25000,167000,-142000,0,0,0,0,0,0,0,0,0,0,0,0,0,-142000
062644,中環國泰9C購01  ,0,0,0,0,0,0,0,0,0,-143000,0,0,0,0,143000,-143000,-143000
062537,聯電國泰9C購01  ,0,0,0,0,0,0,0,0,0,-143000,0,0,0,98000,241000,-143000,-143000
062340,力成麥證9B購01  ,0,0,0,0,143000,-143000,0,0,0,-143000,0,0,0,0,143000,-143000,-143000
07247P,聯發科凱基9A售06,0,0,0,0,0,0,0,0,0,-143000,0,0,0,105000,248000,-143000,-143000
07647P,健策國票9A售04  ,0,0,0,0,0,0,0,0,0,-143000,0,0,0,62000,205000,-143000,-143000
061426,玉晶光元大9A購15,0,0,0,0,0,0,0,0,0,-144000,0,0,0,0,144000,-144000,-144000
053056,同欣電國票97購01,0,0,0,0,0,0,0,0,0,-144000,0,0,0,46000,190000,-144000,-144000
056178,嘉澤元富97購02  ,0,0,0,0,0,0,0,0,0,-144000,0,0,0,28000,172000,-144000,-144000
054695,世芯永豐98購01  ,0,0,0,0,0,0,0,0,0,-144000,0,0,0,40000,184000,-144000,-144000
054458,復盛群益96購01  ,0,0,0,0,0,0,0,0,0,-144000,0,0,0,28000,172000,-144000,-144000
058837,SGBR2X中信9C購01,0,0,0,0,0,0,0,0,0,-144000,0,0,0,0,144000,-144000,-144000
057269,鈺齊兆豐98購01  ,0,0,0,0,0,0,0,0,0,-144000,0,0,0,5000,149000,-144000,-144000
059252,聯詠凱基99購03  ,0,0,0,0,0,0,0,0,0,-144000,0,0,0,15000,159000,-144000,-144000
059533,富邦金凱基99購01,0,0,0,0,0,0,0,0,0,-144000,0,0,0,81000,225000,-144000,-144000
056823,智伸科永豐98購01,0,0,0,0,0,0,0,0,0,-144000,0,0,0,0,144000,-144000,-144000
057704,台虹群益98購03  ,0,0,0,0,0,0,0,0,0,-144000,0,0,0,58000,202000,-144000,-144000
056991,牧德兆豐98購01  ,0,0,0,0,0,0,0,0,0,-144000,0,0,0,131000,275000,-144000,-144000
057403,亞光群益98購04  ,0,0,0,0,0,0,0,0,0,-144000,0,0,0,0,144000,-144000,-144000
057385,光罩永豐99購01  ,0,0,0,0,0,0,0,0,0,-144000,0,0,0,106000,250000,-144000,-144000
061231,聚陽元大9A購02  ,0,0,0,0,0,0,0,0,0,-145000,0,0,0,498000,643000,-145000,-145000
054828,正崴國泰99購01  ,0,0,0,0,0,0,0,0,0,-145000,0,0,0,3000,148000,-145000,-145000
053947,義隆富邦97購01  ,0,0,0,0,0,0,0,0,0,-145000,0,0,0,82000,227000,-145000,-145000
057357,超眾統一98購01  ,0,0,0,0,0,0,0,0,0,-145000,0,0,0,20000,165000,-145000,-145000
059147,矽創國票99購01  ,0,0,0,0,0,0,0,0,0,-145000,0,0,0,2000,147000,-145000,-145000
063245,富邦金元大9B購03,0,0,0,0,0,0,0,0,0,-145000,0,0,0,19000,164000,-145000,-145000
062499,鴻海群益01購01  ,0,0,0,0,0,0,0,0,0,-146000,0,0,0,63000,209000,-146000,-146000
03442B,臺股指元大9A熊48,0,0,0,0,0,0,0,0,0,-146000,0,0,0,1000,147000,-146000,-146000
057817,景碩元大98購01  ,0,0,0,0,0,0,0,0,0,-146000,0,0,0,0,146000,-146000,-146000
061227,日月光中信9B購01,0,0,0,0,0,0,0,0,0,-147000,0,0,0,28000,175000,-147000,-147000
055796,南電國泰98購01  ,0,0,0,0,0,0,0,0,0,-147000,0,0,0,83000,230000,-147000,-147000
08026P,臺股指凱基9B售12,0,0,0,0,0,0,0,0,0,-147000,0,0,0,21000,168000,-147000,-147000
061597,南六永豐9A購04  ,0,0,0,0,0,0,0,0,0,-148000,0,0,0,0,148000,-148000,-148000
062270,上銀群益9B購03  ,0,0,0,0,0,0,0,0,0,-148000,0,0,0,0,148000,-148000,-148000
057190,立積元大9A購02  ,0,0,0,0,0,0,0,0,0,-148000,0,0,0,159000,307000,-148000,-148000
061774,T50反1國票9B購06,0,0,0,0,0,0,0,0,0,-149000,0,0,0,0,149000,-149000,-149000
062823,台表科兆豐9B購01,0,0,0,0,0,0,0,0,0,-149000,0,0,0,130000,279000,-149000,-149000
061025,創意富邦9B購01  ,0,0,0,0,0,0,0,0,0,-149000,0,0,0,71000,220000,-149000,-149000
050014,國巨富邦98購01  ,0,0,0,0,0,0,0,0,0,-149000,0,0,0,0,149000,-149000,-149000
053104,台表科元富96購02,0,0,0,0,0,0,0,0,0,-149000,0,0,0,64000,213000,-149000,-149000
053255,貿聯國泰97購01  ,0,0,0,0,0,0,0,0,0,-149000,0,0,0,17000,166000,-149000,-149000
058356,華邦電凱基99購01,0,0,0,0,0,0,0,0,0,-149000,0,0,0,2000,151000,-149000,-149000
059656,T50反1元大99購11,0,0,0,0,0,0,0,0,0,-149000,0,0,0,10000,159000,-149000,-149000
4108,懷特            ,95000,244000,-149000,0,0,0,0,0,0,0,0,0,0,0,0,0,-149000
2369,菱生            ,108000,256000,-148000,0,0,0,0,0,0,-1000,0,1000,-1000,0,0,0,-149000
060414,中興電永豐9A購01,0,0,0,0,0,0,0,0,0,-150000,0,0,0,5000,155000,-150000,-150000
060733,和大統一9C購01  ,0,0,0,0,0,0,0,0,0,-150000,0,0,0,0,150000,-150000,-150000
063103,技嘉群益9B購01  ,0,0,0,0,0,0,0,0,0,-150000,0,0,0,0,150000,-150000,-150000
05535P,台積電元大97售06,0,0,0,0,0,0,0,0,0,-150000,0,0,0,0,150000,-150000,-150000
048189,臺指反元大96購06,0,0,0,0,0,0,0,0,0,-150000,0,0,0,50000,200000,-150000,-150000
055859,啟碁元大97購03  ,0,0,0,0,0,0,0,0,0,-150000,0,0,0,0,150000,-150000,-150000
059836,大立光國泰9B購02,0,0,0,0,0,0,0,0,0,-150000,0,0,0,12000,162000,-150000,-150000
057571,泰碩永豐98購01  ,0,0,0,0,0,0,0,0,0,-150000,0,0,0,0,150000,-150000,-150000
058754,元油2X群益99購02,0,0,0,0,0,0,0,0,0,-150000,0,0,0,0,150000,-150000,-150000
056979,微星群益98購01  ,0,0,0,0,0,0,0,0,0,-150000,0,0,0,0,150000,-150000,-150000
3518,柏騰            ,130000,280000,-150000,0,0,0,0,0,0,0,0,0,0,0,0,0,-150000
062984,致新元富9B購01  ,0,0,0,0,0,0,0,0,0,-151000,0,0,0,314000,465000,-151000,-151000
062343,中石化群益9B購01,0,0,0,0,0,0,0,0,0,-151000,0,0,0,133000,284000,-151000,-151000
060629,鴻海富邦9B購01  ,0,0,0,0,0,0,0,0,0,-151000,0,0,0,10000,161000,-151000,-151000
061411,T50反1群益9A購05,0,0,0,0,0,0,0,0,0,-151000,0,0,0,14000,165000,-151000,-151000
054363,世芯凱基97購01  ,0,0,0,0,0,0,0,0,0,-151000,0,0,0,1000,152000,-151000,-151000
060222,貿聯凱基9A購02  ,0,0,0,0,0,0,0,0,0,-151000,0,0,0,6000,157000,-151000,-151000
060386,台勝科凱基9B購01,0,0,0,0,0,0,0,0,0,-151000,0,0,0,0,151000,-151000,-151000
07263P,台積電元大99售37,0,0,0,0,0,0,0,0,0,-151000,0,0,0,68000,219000,-151000,-151000
055271,鴻海元大98購03  ,0,0,0,0,0,0,0,0,0,-152000,0,0,0,0,152000,-152000,-152000
063204,高鐵統一9C購01  ,0,0,0,0,0,0,0,0,0,-152000,0,0,0,25000,177000,-152000,-152000
061492,超眾兆豐9B購01  ,0,0,0,0,0,0,0,0,0,-153000,0,0,0,51000,204000,-153000,-153000
063047,大立光兆豐9B購03,0,0,0,0,0,0,0,0,0,-154000,0,0,0,0,154000,-154000,-154000
062481,同欣電國票9B購01,5000,0,5000,0,0,0,0,0,0,-159000,0,0,0,7000,166000,-159000,-154000
063175,燿華兆豐9C購01  ,0,0,0,0,0,0,0,0,0,-154000,0,0,0,207000,361000,-154000,-154000
07172P,臺股指國票99售09,0,0,0,0,0,0,0,0,0,-154000,0,0,0,6000,160000,-154000,-154000
3048,益登            ,56000,297000,-241000,0,0,0,0,0,0,87000,87000,0,87000,0,0,0,-154000
062911,聯詠元大9B購03  ,0,0,0,0,0,0,0,0,0,-155000,0,0,0,201000,356000,-155000,-155000
061412,儒鴻群益9A購01  ,0,0,0,0,0,0,0,0,0,-155000,0,0,0,98000,253000,-155000,-155000
061402,矽創兆豐9B購01  ,0,0,0,0,0,0,0,0,0,-155000,0,0,0,7000,162000,-155000,-155000
060918,康友國泰9C購01  ,0,0,0,0,0,0,0,0,0,-155000,0,0,0,45000,200000,-155000,-155000
055071,群電永豐97購01  ,0,0,0,0,0,0,0,0,0,-155000,0,0,0,0,155000,-155000,-155000
060329,鎧勝群益9B購01  ,0,0,0,0,0,0,0,0,0,-155000,0,0,0,0,155000,-155000,-155000
058445,旺宏富邦9C購01  ,0,0,0,0,0,0,0,0,0,-155000,0,0,0,13000,168000,-155000,-155000
07634P,金像電元大9A售01,0,0,0,0,0,0,0,0,0,-155000,0,0,0,423000,578000,-155000,-155000
062117,燿華中信9B購01  ,0,0,0,0,0,0,0,0,0,-156000,0,0,0,260000,416000,-156000,-156000
054339,聯詠統一96購02  ,0,0,0,0,0,0,0,0,0,-156000,0,0,0,0,156000,-156000,-156000
05272P,臻鼎中信97售03  ,0,0,0,0,0,0,0,0,0,-156000,0,0,0,250000,406000,-156000,-156000
053316,友達群益9A購01  ,0,0,0,0,0,0,0,0,0,-156000,0,0,0,112000,268000,-156000,-156000
056572,義隆元大99購01  ,0,0,0,0,0,0,0,0,0,-156000,0,0,0,133000,289000,-156000,-156000
057818,泰碩元大9A購01  ,0,0,0,0,0,0,0,0,0,-156000,0,0,0,120000,276000,-156000,-156000
063334,復盛國票9B購01  ,0,0,0,0,0,0,0,0,0,-156000,0,0,0,0,156000,-156000,-156000
062325,鴻海統一9B購05  ,0,0,0,0,0,0,0,0,0,-157000,0,0,0,25000,182000,-157000,-157000
054311,世芯凱基96購02  ,0,0,0,0,0,0,0,0,0,-157000,0,0,0,59000,216000,-157000,-157000
057283,欣興元大98購07  ,0,0,0,0,0,0,0,0,0,-157000,0,0,0,27000,184000,-157000,-157000
062100,矽格永豐9B購01  ,0,0,0,0,0,0,0,0,0,-158000,0,0,0,0,158000,-158000,-158000
060417,正隆永豐9A購01  ,0,0,0,0,0,0,0,0,0,-158000,0,0,0,27000,185000,-158000,-158000
060540,南亞凱基9A購01  ,0,0,0,0,0,0,0,0,0,-158000,0,0,0,50000,208000,-158000,-158000
053939,台表科元富96購03,0,0,0,0,0,0,0,0,0,-158000,0,0,0,203000,361000,-158000,-158000
058605,華邦電元大99購04,0,0,0,0,0,0,0,0,0,-158000,0,0,0,10000,168000,-158000,-158000
058399,美律元大99購05  ,0,0,0,0,0,0,0,0,0,-158000,0,0,0,91000,249000,-158000,-158000
8011,台通            ,94000,253000,-159000,0,0,0,0,0,0,1000,1000,0,1000,0,0,0,-158000
061718,GIS凱基9B購01   ,0,0,0,0,0,0,0,0,0,-159000,0,0,0,562000,721000,-159000,-159000
056523,光寶科中信98購01,0,0,0,0,0,0,0,0,0,-159000,0,0,0,0,159000,-159000,-159000
061479,泰碩元大9A購02  ,0,0,0,0,0,0,0,0,0,-160000,0,0,0,50000,210000,-160000,-160000
061094,彩晶統一9B購02  ,0,0,0,0,0,0,0,0,0,-160000,0,0,0,0,160000,-160000,-160000
061990,台勝科元大9C購01,0,0,0,0,0,0,0,0,0,-160000,0,0,0,58000,218000,-160000,-160000
055261,帆宣統一98購01  ,0,0,0,0,0,0,0,0,0,-160000,0,0,0,162000,322000,-160000,-160000
058863,可成凱基99購02  ,0,0,0,0,0,0,0,0,0,-160000,0,0,0,189000,349000,-160000,-160000
063259,廣達富邦9C購01  ,0,0,0,0,0,0,0,0,0,-160000,0,0,0,0,160000,-160000,-160000
06867P,訊芯元大98售08  ,0,0,0,0,0,0,0,0,0,-160000,0,0,0,88000,248000,-160000,-160000
062334,健策統一9B購02  ,0,0,0,0,0,0,0,0,0,-161000,0,0,0,364000,525000,-161000,-161000
062187,台勝科元大9B購02,0,0,0,0,0,0,0,0,0,-161000,0,0,0,50000,211000,-161000,-161000
062831,嘉澤群益9B購01  ,0,0,0,0,0,0,0,0,0,-161000,0,0,0,4000,165000,-161000,-161000
061535,群創統一9C購01  ,0,0,0,0,0,0,0,0,0,-161000,0,0,0,0,161000,-161000,-161000
053361,友達元富99購01  ,0,0,0,0,0,0,0,0,0,-161000,0,0,0,65000,226000,-161000,-161000
5388,中磊            ,158000,202000,-44000,0,0,0,0,0,0,-117000,2000,37000,-35000,20000,102000,-82000,-161000
03681C,台灣50凱基02牛02,0,0,0,0,0,0,0,0,0,-162000,0,0,0,13000,175000,-162000,-162000
07147P,高鐵元大99售01  ,0,0,0,0,0,0,0,0,0,-162000,0,0,0,0,162000,-162000,-162000
061020,超眾國票9A購02  ,0,0,0,0,0,0,0,0,0,-163000,0,0,0,43000,206000,-163000,-163000
062884,康控兆豐9C購01  ,0,0,0,0,0,0,0,0,0,-163000,0,0,0,157000,320000,-163000,-163000
062748,祥碩永豐9B購02  ,0,0,0,0,0,0,0,0,0,-163000,0,0,0,170000,333000,-163000,-163000
055030,帆宣國泰99購02  ,0,0,0,0,0,0,0,0,0,-163000,0,0,0,225000,388000,-163000,-163000
055934,景碩群益98購03  ,0,0,0,0,0,0,0,0,0,-163000,0,0,0,40000,203000,-163000,-163000
062678,華通統一9C購04  ,0,0,0,0,0,0,0,0,0,-164000,0,0,0,25000,189000,-164000,-164000
062828,聯詠群益9B購02  ,0,0,0,0,0,0,0,0,0,-164000,0,0,0,36000,200000,-164000,-164000
062433,上銀元大9B購05  ,0,0,0,0,0,0,0,0,0,-164000,0,0,0,25000,189000,-164000,-164000
060988,華新科元大9A購12,0,0,0,0,0,0,0,0,0,-164000,0,0,0,0,164000,-164000,-164000
061213,群創元大9A購05  ,0,0,0,0,0,0,0,0,0,-164000,0,0,0,0,164000,-164000,-164000
056657,華邦電元大99購01,0,0,0,0,0,0,0,0,0,-164000,0,0,0,68000,232000,-164000,-164000
059871,義隆凱基99購03  ,0,0,0,0,0,0,0,0,0,-164000,0,0,0,6000,170000,-164000,-164000
05995P,T50正2中信9C售01,0,0,0,0,0,0,0,0,0,-164000,0,0,0,101000,265000,-164000,-164000
1712,興農            ,34000,91000,-57000,0,0,0,0,0,0,-107000,0,107000,-107000,0,0,0,-164000
061379,鈺齊永豐9A購02  ,0,0,0,0,0,0,0,0,0,-165000,0,0,0,66000,231000,-165000,-165000
060965,中租凱基9B購01  ,0,0,0,0,0,0,0,0,0,-165000,0,0,0,641000,806000,-165000,-165000
058928,國巨統一9C購01  ,0,0,0,0,0,0,0,0,0,-165000,0,0,0,190000,355000,-165000,-165000
057275,友達元大9A購04  ,0,0,0,0,0,0,0,0,0,-165000,0,0,0,0,165000,-165000,-165000
057696,聯電群益9A購01  ,0,0,0,0,0,0,0,0,0,-165000,0,0,0,0,165000,-165000,-165000
6451,訊芯-KY         ,125000,281000,-156000,0,0,0,0,0,0,-9000,3000,2000,1000,5000,15000,-10000,-165000
06668P,祥碩凱基98售02  ,0,0,0,0,0,0,0,0,0,-165000,0,0,0,10000,175000,-165000,-165000
07781P,高鐵凱基9A售02  ,0,0,0,0,0,0,0,0,0,-165000,0,0,0,0,165000,-165000,-165000
062170,健策永豐9B購04  ,0,0,0,0,0,0,0,0,0,-166000,0,0,0,11000,177000,-166000,-166000
062226,臻鼎統一9B購01  ,0,80000,-80000,0,0,0,0,0,0,-86000,0,0,0,215000,301000,-86000,-166000
056136,京鼎元大98購01  ,0,0,0,0,0,0,0,0,0,-166000,0,0,0,0,166000,-166000,-166000
056486,樺漢元大98購04  ,0,0,0,0,0,0,0,0,0,-166000,0,0,0,0,166000,-166000,-166000
057736,鴻海富邦99購04  ,0,0,0,0,0,0,0,0,0,-166000,0,0,0,0,166000,-166000,-166000
060128,健策永豐99購06  ,0,0,0,0,0,0,0,0,0,-166000,0,0,0,4000,170000,-166000,-166000
063181,聚陽凱基9B購01  ,0,0,0,0,0,0,0,0,0,-166000,0,0,0,0,166000,-166000,-166000
060471,台勝科元大9B購01,0,0,0,0,0,0,0,0,0,-167000,0,0,0,0,167000,-167000,-167000
061709,SP黃豆凱基01購02,0,0,0,0,0,0,0,0,0,-167000,0,0,0,0,167000,-167000,-167000
055668,欣興群益97購01  ,0,0,0,0,0,0,0,0,0,-167000,0,0,0,102000,269000,-167000,-167000
4190,佐登-KY         ,18000,80000,-62000,0,0,0,0,0,0,-105000,1000,20000,-19000,0,86000,-86000,-167000
061480,泰碩元大9B購01  ,0,0,0,0,0,0,0,0,0,-168000,0,0,0,2000,170000,-168000,-168000
062111,台勝科國票9B購01,0,0,0,0,0,0,0,0,0,-168000,0,0,0,29000,197000,-168000,-168000
062592,牧德統一01購01  ,0,0,0,0,0,0,0,0,0,-168000,0,0,0,0,168000,-168000,-168000
058801,致伸元大99購01  ,0,0,0,0,0,0,0,0,0,-168000,0,0,0,5000,173000,-168000,-168000
060298,鎧勝元大9C購01  ,0,0,0,0,0,0,0,0,0,-168000,0,0,0,30000,198000,-168000,-168000
057266,TPK兆豐98購02   ,0,0,0,0,0,0,0,0,0,-168000,0,0,0,322000,490000,-168000,-168000
062466,FBVIX凱基9B購01 ,0,0,0,0,0,0,0,0,0,-169000,0,0,0,10000,179000,-169000,-169000
056673,中石化元富9B購01,0,0,0,0,0,0,0,0,0,-169000,0,0,0,101000,270000,-169000,-169000
062409,巨大永豐9B購02  ,0,0,0,0,0,0,0,0,0,-170000,0,0,0,46000,216000,-170000,-170000
062389,台表科國泰01購01,0,0,0,0,0,0,0,0,0,-170000,0,0,0,40000,210000,-170000,-170000
060664,聯詠凱基9A購01  ,0,0,0,0,0,0,0,0,0,-170000,0,0,0,0,170000,-170000,-170000
061085,聯茂兆豐9A購01  ,0,0,0,0,0,0,0,0,0,-170000,0,0,0,115000,285000,-170000,-170000
055933,欣興群益98購02  ,0,0,0,0,0,0,0,0,0,-170000,0,0,0,0,170000,-170000,-170000
051898,富邦金國泰97購01,0,0,0,0,0,0,0,0,0,-170000,0,0,0,125000,295000,-170000,-170000
057638,上銀元大99購01  ,0,0,0,0,0,0,0,0,0,-170000,0,0,0,49000,219000,-170000,-170000
059377,台積電群益99購09,0,0,0,0,0,0,0,0,0,-170000,0,0,0,32000,202000,-170000,-170000
2601,益航            ,534000,704000,-170000,0,0,0,0,0,0,0,0,0,0,0,0,0,-170000
07646P,世芯元大9A售04  ,0,0,0,0,0,0,0,0,0,-170000,0,0,0,334000,504000,-170000,-170000
062476,神隆國票9B購01  ,0,0,0,0,0,0,0,0,0,-171000,0,0,0,81000,252000,-171000,-171000
055916,奇鋐凱基99購01  ,0,0,0,0,0,0,0,0,0,-172000,0,0,0,4000,176000,-172000,-172000
059791,超眾元大99購06  ,0,0,0,0,0,0,0,0,0,-172000,0,0,0,52000,224000,-172000,-172000
058147,鈺齊元大99購01  ,0,0,0,0,0,0,0,0,0,-172000,0,0,0,308000,480000,-172000,-172000
060964,日月光凱基9A購01,0,0,0,0,0,0,0,0,0,-173000,0,0,0,0,173000,-173000,-173000
00671R,富邦NASDAQ反1   ,0,18000,-18000,0,0,0,0,0,0,-155000,0,0,0,691000,846000,-155000,-173000
063121,友達元大9C購09  ,0,0,0,0,0,0,0,0,0,-173000,0,0,0,0,173000,-173000,-173000
061596,健策永豐9A購03  ,0,0,0,0,0,0,0,0,0,-174000,0,0,0,7000,181000,-174000,-174000
062776,鴻海元大9B購03  ,0,0,0,0,0,0,0,0,0,-174000,0,0,0,0,174000,-174000,-174000
054826,復盛元大9A購01  ,0,0,0,0,0,0,0,0,0,-174000,0,0,0,223000,397000,-174000,-174000
059950,百和永豐99購02  ,0,0,0,0,0,0,0,0,0,-174000,0,0,0,271000,445000,-174000,-174000
056688,聯詠統一98購01  ,0,0,0,0,0,0,0,0,0,-174000,0,0,0,0,174000,-174000,-174000
1611,中電            ,25000,199000,-174000,0,0,0,0,0,0,0,0,0,0,0,0,0,-174000
062688,華擎統一01購03  ,0,0,0,0,0,0,0,0,0,-175000,0,0,0,124000,299000,-175000,-175000
054263,聯茂元大96購02  ,0,0,0,0,0,0,0,0,0,-175000,0,0,0,0,175000,-175000,-175000
00771,元大US高息特別股,1000,0,1000,0,0,0,0,0,0,-176000,0,0,0,0,176000,-176000,-175000
07128P,大毅元大99售04  ,0,0,0,0,0,0,0,0,0,-175000,0,0,0,0,175000,-175000,-175000
06962P,華新科永豐99售01,0,0,0,0,0,0,0,0,0,-175000,0,0,0,5000,180000,-175000,-175000
062231,台光電麥證9C購01,0,0,0,34000,210000,-176000,0,0,0,-176000,0,0,0,34000,210000,-176000,-176000
062043,牧德凱基9B購04  ,0,0,0,0,0,0,0,0,0,-176000,0,0,0,0,176000,-176000,-176000
061749,群創統一9C購02  ,0,0,0,0,0,0,0,0,0,-176000,0,0,0,0,176000,-176000,-176000
061003,南亞科兆豐9A購01,0,0,0,0,0,0,0,0,0,-176000,0,0,0,24000,200000,-176000,-176000
056119,欣興群益97購02  ,0,0,0,0,0,0,0,0,0,-176000,0,0,0,504000,680000,-176000,-176000
056177,嘉澤元富97購01  ,0,0,0,0,0,0,0,0,0,-176000,0,0,0,24000,200000,-176000,-176000
059438,群創元大99購06  ,0,0,0,0,0,0,0,0,0,-176000,0,0,0,60000,236000,-176000,-176000
059944,欣興永豐99購03  ,0,0,0,0,0,0,0,0,0,-176000,0,0,0,3000,179000,-176000,-176000
07889P,旭富國票9B售01  ,0,0,0,0,0,0,0,0,0,-176000,0,0,0,1000,177000,-176000,-176000
1337,再生-KY         ,78000,254000,-176000,0,0,0,0,0,0,0,1000,1000,0,0,0,0,-176000
061252,臺股指群益9A購03,0,0,0,0,0,0,0,0,0,-177000,0,0,0,1000,178000,-177000,-177000
062060,奇鋐統一9C購01  ,0,0,0,0,0,0,0,0,0,-177000,0,0,0,143000,320000,-177000,-177000
062449,臻鼎元大9B購01  ,0,0,0,0,0,0,0,0,0,-177000,0,0,0,102000,279000,-177000,-177000
051055,友達群益98購01  ,0,0,0,0,0,0,0,0,0,-177000,0,0,0,0,177000,-177000,-177000
053609,華新中信9A購01  ,0,0,0,0,0,0,0,0,0,-177000,0,0,0,20000,197000,-177000,-177000
07612P,國巨國泰9B售06  ,0,0,0,0,0,0,0,0,0,-177000,0,0,0,100000,277000,-177000,-177000
06355P,聯茂永豐97售02  ,0,0,0,0,0,0,0,0,0,-177000,0,0,0,161000,338000,-177000,-177000
061667,友達中信9A購02  ,0,0,0,0,0,0,0,0,0,-178000,0,0,0,0,178000,-178000,-178000
060125,強茂永豐99購01  ,0,0,0,0,0,0,0,0,0,-178000,0,0,0,0,178000,-178000,-178000
061762,台塑元大9B購01  ,0,0,0,0,0,0,0,0,0,-179000,0,0,0,4000,183000,-179000,-179000
060315,易華電永豐9A購01,0,0,0,0,0,0,0,0,0,-179000,0,0,0,0,179000,-179000,-179000
060019,彰銀康和99購01  ,0,0,0,0,0,0,0,0,0,-179000,0,0,0,0,179000,-179000,-179000
05731P,創意統一96售03  ,0,0,0,0,0,0,0,0,0,-179000,0,0,0,0,179000,-179000,-179000
058576,南亞科群益99購01,0,0,0,0,0,0,0,0,0,-179000,0,0,0,0,179000,-179000,-179000
051105,台光電國票96購01,0,0,0,0,0,0,0,0,0,-180000,0,0,0,618000,798000,-180000,-180000
06338P,亞德客統一97售02,0,0,0,0,0,0,0,0,0,-180000,0,0,0,131000,311000,-180000,-180000
07978P,茂林群益9B售02  ,0,0,0,0,0,0,0,0,0,-180000,0,0,0,10000,190000,-180000,-180000
9935,慶豐富          ,101000,281000,-180000,0,0,0,0,0,0,0,0,0,0,0,0,0,-180000
061532,和大統一9C購02  ,0,0,0,0,0,0,0,0,0,-181000,0,0,0,0,181000,-181000,-181000
060483,友達富邦9A購01  ,0,0,0,0,0,0,0,0,0,-181000,0,0,0,192000,373000,-181000,-181000
047196,上銀統一97購01  ,0,0,0,0,0,0,0,0,0,-181000,0,0,0,45000,226000,-181000,-181000
052230,大立光凱基96購09,0,0,0,0,0,0,0,0,0,-181000,0,0,0,37000,218000,-181000,-181000
6176,瑞儀            ,336000,636000,-300000,0,0,0,220000,0,220000,-101000,43000,2000,41000,7000,149000,-142000,-181000
061030,喬山永豐9A購01  ,0,0,0,0,0,0,0,0,0,-182000,0,0,0,135000,317000,-182000,-182000
062045,崇越凱基9B購01  ,0,0,0,0,0,0,0,0,0,-182000,0,0,0,0,182000,-182000,-182000
062403,健策永豐9B購06  ,0,0,0,0,0,0,0,0,0,-182000,0,0,0,168000,350000,-182000,-182000
052458,T50反1統一97購01,0,0,0,0,0,0,0,0,0,-182000,0,0,0,20000,202000,-182000,-182000
03875P,滬深2X國票05售01,0,0,0,0,0,0,0,0,0,-182000,0,0,0,0,182000,-182000,-182000
054466,欣興凱基97購03  ,0,0,0,0,0,0,0,0,0,-182000,0,0,0,0,182000,-182000,-182000
057973,神達富邦9A購01  ,0,0,0,0,0,0,0,0,0,-182000,0,0,0,105000,287000,-182000,-182000
057931,正崴群益98購02  ,0,0,0,0,0,0,0,0,0,-182000,0,0,0,0,182000,-182000,-182000
061946,鴻海群益9B購03  ,0,0,0,0,0,0,0,0,0,-183000,0,0,0,64000,247000,-183000,-183000
055092,開發金群益9B購01,0,0,0,0,0,0,0,0,0,-183000,0,0,0,124000,307000,-183000,-183000
058012,鈺齊國票99購01  ,0,0,0,0,0,0,0,0,0,-183000,0,0,0,18000,201000,-183000,-183000
058877,T50反1國泰9B購01,0,0,0,0,0,0,0,0,0,-184000,0,0,0,46000,230000,-184000,-184000
059113,群光永豐99購01  ,0,0,0,0,0,0,0,0,0,-184000,0,0,0,0,184000,-184000,-184000
055648,可成元富97購01  ,0,0,0,0,0,0,0,0,0,-184000,0,0,0,106000,290000,-184000,-184000
056020,義隆群益97購01  ,0,0,0,0,0,0,0,0,0,-184000,0,0,0,105000,289000,-184000,-184000
08035P,國巨群益9C售04  ,0,0,0,0,0,0,0,0,0,-184000,0,0,0,89000,273000,-184000,-184000
058034,神達永豐98購02  ,0,0,0,0,0,0,0,0,0,-185000,0,0,0,48000,233000,-185000,-185000
056860,正崴群益98購01  ,0,0,0,0,0,0,0,0,0,-185000,0,0,0,0,185000,-185000,-185000
063195,訊連元富9B購01  ,0,0,0,0,0,0,0,0,0,-185000,0,0,0,0,185000,-185000,-185000
07121P,華新科凱基99售03,0,0,0,0,0,0,0,0,0,-185000,0,0,0,15000,200000,-185000,-185000
058886,元石油元大9C購03,0,0,0,0,0,0,0,0,0,-186000,0,0,0,10000,196000,-186000,-186000
055972,GIS元大97購04   ,0,0,0,0,0,0,0,0,0,-186000,0,0,0,102000,288000,-186000,-186000
059534,國泰金凱基99購01,0,0,0,0,0,0,0,0,0,-186000,0,0,0,0,186000,-186000,-186000
062855,嘉澤永豐9B購02  ,0,0,0,0,0,0,0,0,0,-187000,0,0,0,53000,240000,-187000,-187000
055703,緯穎富邦98購01  ,0,0,0,0,0,0,0,0,0,-187000,0,0,0,5000,192000,-187000,-187000
059790,立積元大9C購02  ,0,0,0,0,0,0,0,0,0,-187000,0,0,0,100000,287000,-187000,-187000
056574,亞光元大99購03  ,0,0,0,0,0,0,0,0,0,-188000,0,0,0,32000,220000,-188000,-188000
07114P,旺宏兆豐9A售01  ,0,0,0,0,0,0,0,0,0,-188000,0,0,0,12000,200000,-188000,-188000
061770,泰碩元大9B購02  ,0,0,0,0,0,0,0,0,0,-189000,0,0,0,74000,263000,-189000,-189000
056312,茂林元大98購01  ,0,0,0,0,0,0,0,0,0,-190000,0,0,0,70000,260000,-190000,-190000
051486,玉晶光凱基97購03,0,0,0,0,0,0,0,0,0,-190000,0,0,0,0,190000,-190000,-190000
060203,緯穎元富9A購01  ,0,0,0,0,0,0,0,0,0,-190000,0,0,0,83000,273000,-190000,-190000
057133,京鼎凱基98購02  ,0,0,0,0,0,0,0,0,0,-190000,0,0,0,40000,230000,-190000,-190000
07100P,華航元大99售01  ,0,0,0,0,0,0,0,0,0,-190000,0,0,0,150000,340000,-190000,-190000
061168,力成兆豐9A購01  ,0,0,0,0,0,0,0,0,0,-191000,0,0,0,176000,367000,-191000,-191000
050170,臺指反元大97購02,0,0,0,0,0,0,0,0,0,-191000,0,0,0,202000,393000,-191000,-191000
057936,健策群益99購01  ,0,0,0,0,0,0,0,0,0,-191000,0,0,0,45000,236000,-191000,-191000
057928,鈺齊凱基98購02  ,0,0,0,0,0,0,0,0,0,-192000,0,0,0,150000,342000,-192000,-192000
056582,易華電元大98購01,0,0,0,0,0,0,0,0,0,-192000,0,0,0,0,192000,-192000,-192000
058752,鈺齊凱基9A購01  ,0,0,0,0,0,0,0,0,0,-192000,0,0,0,241000,433000,-192000,-192000
063218,台塑群益9B購01  ,0,0,0,0,0,0,0,0,0,-192000,0,0,0,0,192000,-192000,-192000
056189,樺漢統一97購02  ,0,0,0,0,0,0,0,0,0,-193000,0,0,0,53000,246000,-193000,-193000
062842,臺股指群益9B購09,0,0,0,0,0,0,0,0,0,-194000,0,0,0,0,194000,-194000,-194000
062743,微星國泰01購01  ,0,0,0,0,0,0,0,0,0,-194000,0,0,0,27000,221000,-194000,-194000
061818,富邦金群益9C購01,0,0,0,0,0,0,0,0,0,-194000,0,0,0,28000,222000,-194000,-194000
054058,晶豪科國票98購01,0,0,0,0,0,0,0,0,0,-194000,0,0,0,80000,274000,-194000,-194000
2417,圓剛            ,42000,238000,-196000,0,0,0,0,0,0,2000,2000,0,2000,0,0,0,-194000
060989,國泰金元大9A購02,0,0,0,0,0,0,0,0,0,-195000,0,0,0,50000,245000,-195000,-195000
060722,矽格永豐9A購01  ,0,0,0,0,0,0,0,0,0,-195000,0,0,0,0,195000,-195000,-195000
054893,帆宣統一99購01  ,0,0,0,0,0,0,0,0,0,-195000,0,0,0,190000,385000,-195000,-195000
058985,可成凱基99購03  ,0,0,0,0,0,0,0,0,0,-195000,0,0,0,131000,326000,-195000,-195000
057096,緯穎元富98購01  ,0,0,0,0,0,0,0,0,0,-195000,0,0,0,109000,304000,-195000,-195000
06837P,上銀統一9A售02  ,0,0,0,0,0,0,0,0,0,-195000,0,0,0,0,195000,-195000,-195000
061443,大立光統一9C購02,0,0,0,0,0,0,0,0,0,-196000,0,0,0,3000,199000,-196000,-196000
062046,矽格凱基9B購01  ,0,0,0,0,0,0,0,0,0,-196000,0,0,0,0,196000,-196000,-196000
057407,超眾群益99購01  ,0,0,0,0,0,0,0,0,0,-196000,0,0,0,1000,197000,-196000,-196000
057437,可成國票99購01  ,0,0,0,0,0,0,0,0,0,-196000,0,0,0,105000,301000,-196000,-196000
06246P,茂林元富97售03  ,0,0,0,0,0,0,0,0,0,-197000,0,0,0,154000,351000,-197000,-197000
063016,微星元大9C購02  ,0,0,0,0,0,0,0,0,0,-197000,0,0,0,2000,199000,-197000,-197000
055850,聯詠元大97購06  ,0,0,0,0,0,0,0,0,0,-197000,0,0,0,68000,265000,-197000,-197000
056958,喬山永豐98購01  ,0,0,0,0,0,0,0,0,0,-197000,0,0,0,20000,217000,-197000,-197000
063048,聯詠兆豐9B購01  ,0,0,0,0,0,0,0,0,0,-198000,0,0,0,588000,786000,-198000,-198000
062457,京元電群益9B購01,0,0,0,0,0,0,0,0,0,-198000,0,0,0,30000,228000,-198000,-198000
061265,富邦金凱基9B購01,0,0,0,0,0,0,0,0,0,-198000,0,0,0,6000,204000,-198000,-198000
053001,力山永豐96購01  ,0,0,0,0,0,0,0,0,0,-198000,0,0,0,2000,200000,-198000,-198000
058153,景碩統一9B購01  ,0,0,0,0,0,0,0,0,0,-198000,0,0,0,0,198000,-198000,-198000
07087P,聯發科台新99售02,0,0,0,0,0,0,0,0,0,-198000,0,0,0,880000,1078000,-198000,-198000
4155,訊映            ,85000,283000,-198000,0,0,0,0,0,0,0,0,0,0,0,0,0,-198000
063063,泰鼎元富9B購01  ,0,0,0,0,0,0,0,0,0,-199000,0,0,0,435000,634000,-199000,-199000
061901,柏文永豐9B購01  ,0,0,0,0,0,0,0,0,0,-199000,0,0,0,5000,204000,-199000,-199000
057629,泰碩永豐98購02  ,0,0,0,0,0,0,0,0,0,-199000,0,0,0,30000,229000,-199000,-199000
061828,T50反1凱基02購01,0,0,0,0,0,0,0,0,0,-200000,0,0,0,0,200000,-200000,-200000
061069,嘉聯益凱基9A購01,0,0,0,0,0,0,0,0,0,-200000,0,0,0,15000,215000,-200000,-200000
050508,上証2X元大97購01,0,0,0,0,0,0,0,0,0,-200000,0,0,0,0,200000,-200000,-200000
02001R,富邦蘋果反一N   ,0,0,0,0,0,0,0,0,0,-200000,0,0,0,0,200000,-200000,-200000
055725,嘉聯益元大98購03,0,0,0,0,0,0,0,0,0,-200000,0,0,0,0,200000,-200000,-200000
059257,臺股指凱基99購35,0,0,0,0,0,0,0,0,0,-200000,0,0,0,0,200000,-200000,-200000
059340,鴻海凱基9A購12  ,0,0,0,0,0,0,0,0,0,-200000,0,0,0,1000,201000,-200000,-200000
058639,南電兆豐99購01  ,0,0,0,0,0,0,0,0,0,-200000,0,0,0,0,200000,-200000,-200000
057995,華新科中信98購02,0,0,0,0,0,0,0,0,0,-200000,0,0,0,0,200000,-200000,-200000
06994P,台光電凱基99售02,0,0,0,0,0,0,0,0,0,-200000,0,0,0,0,200000,-200000,-200000
06684P,緯穎元大98售06  ,0,0,0,0,0,0,0,0,0,-200000,0,0,0,0,200000,-200000,-200000
07614P,華新科群益9A售04,0,0,0,0,0,0,0,0,0,-200000,0,0,0,0,200000,-200000,-200000
07588P,滬深2X國票9C售01,0,0,0,0,0,0,0,0,0,-200000,0,0,0,0,200000,-200000,-200000
061248,健策群益9A購03  ,0,0,0,0,0,0,0,0,0,-201000,0,0,0,144000,345000,-201000,-201000
062810,華通兆豐9B購02  ,0,0,0,0,0,0,0,0,0,-201000,0,0,0,0,201000,-201000,-201000
055987,台表科元富97購01,0,0,0,0,0,0,0,0,0,-201000,0,0,0,829000,1030000,-201000,-201000
055561,奇鋐凱基97購01  ,0,0,0,0,0,0,0,0,0,-201000,0,0,0,0,201000,-201000,-201000
058201,華通凱基9A購01  ,0,0,0,0,0,0,0,0,0,-201000,0,0,0,1000,202000,-201000,-201000
059140,大立光兆豐9A購02,0,0,0,0,0,0,0,0,0,-202000,0,0,0,2000,204000,-202000,-202000
07731P,臺股指凱基9A售28,0,0,0,0,0,0,0,0,0,-202000,0,0,0,23000,225000,-202000,-202000
062910,亞光元大9B購01  ,0,0,0,0,0,0,0,0,0,-203000,0,0,0,0,203000,-203000,-203000
062143,大成鋼國票9B購01,0,0,0,0,0,0,0,0,0,-203000,0,0,0,38000,241000,-203000,-203000
061317,旺宏凱基9A購05  ,0,0,0,0,0,0,0,0,0,-203000,0,0,0,11000,214000,-203000,-203000
061353,康控元大9A購01  ,0,0,0,0,0,0,0,0,0,-203000,0,0,0,24000,227000,-203000,-203000
059236,鴻海凱基99購09  ,0,0,0,0,0,0,0,0,0,-203000,0,0,0,106000,309000,-203000,-203000
2480,敦陽科          ,79000,391000,-312000,0,0,0,0,0,0,109000,114000,5000,109000,0,0,0,-203000
06089P,矽創永豐97售01  ,0,0,0,0,0,0,0,0,0,-204000,0,0,0,2000,206000,-204000,-204000
062002,鴻海國泰01購01  ,0,0,0,0,0,0,0,0,0,-204000,0,0,0,10000,214000,-204000,-204000
06653P,美食元大98售02  ,0,0,0,0,0,0,0,0,0,-204000,0,0,0,205000,409000,-204000,-204000
062798,台光電統一9B購01,0,0,0,0,0,0,0,0,0,-205000,0,0,0,237000,442000,-205000,-205000
062492,牧德第一9B購01  ,0,0,0,0,0,0,0,0,0,-205000,0,0,0,20000,225000,-205000,-205000
060804,T50反1群益9A購02,0,0,0,0,0,0,0,0,0,-205000,0,0,0,0,205000,-205000,-205000
06683P,訊芯元大98售07  ,0,0,0,0,0,0,0,0,0,-205000,0,0,0,0,205000,-205000,-205000
063152,健策元富9C購01  ,0,0,0,0,0,0,0,0,0,-205000,0,0,0,23000,228000,-205000,-205000
8271,宇瞻            ,127000,412000,-285000,0,0,0,0,0,0,80000,27000,0,27000,53000,0,53000,-205000
058135,景碩元大99購01  ,0,0,0,0,0,0,0,0,0,-206000,0,0,0,10000,216000,-206000,-206000
060825,聯詠元大9A購05  ,0,0,0,0,0,0,0,0,0,-207000,0,0,0,120000,327000,-207000,-207000
054229,超眾元富96購05  ,0,0,0,0,0,0,0,0,0,-207000,0,0,0,5000,212000,-207000,-207000
07618P,大立光中信9A售06,0,0,0,0,0,0,0,0,0,-208000,0,0,0,0,208000,-208000,-208000
07501P,華新科元大9A售07,0,0,0,0,0,0,0,0,0,-208000,0,0,0,6000,214000,-208000,-208000
055254,聯詠統一97購03  ,0,0,0,0,0,0,0,0,0,-209000,0,0,0,0,209000,-209000,-209000
059640,聯詠凱基99購04  ,0,0,0,0,0,0,0,0,0,-209000,0,0,0,87000,296000,-209000,-209000
055960,義隆元大97購01  ,0,0,0,0,0,0,0,0,0,-210000,0,0,0,96000,306000,-210000,-210000
057377,康控元大99購02  ,0,0,0,0,0,0,0,0,0,-210000,0,0,0,53000,263000,-210000,-210000
08852P,台灣50台新01售01,0,0,0,0,0,0,0,0,0,-210000,0,0,0,70000,280000,-210000,-210000
061196,世芯永豐9A購06  ,0,0,0,0,0,0,0,0,0,-211000,0,0,0,99000,310000,-211000,-211000
061604,台光電凱基9B購01,0,0,0,0,0,0,0,0,0,-211000,0,0,0,103000,314000,-211000,-211000
061923,友達凱基9B購04  ,0,0,0,0,0,0,0,0,0,-211000,0,0,0,120000,331000,-211000,-211000
8261,富鼎            ,40000,251000,-211000,0,0,0,0,0,0,0,0,0,0,0,0,0,-211000
07719P,臺股指群益9A售08,0,0,0,0,0,0,0,0,0,-211000,0,0,0,0,211000,-211000,-211000
061899,復盛永豐9B購01  ,0,0,0,0,0,0,0,0,0,-212000,0,0,0,63000,275000,-212000,-212000
060635,義隆永豐9A購01  ,0,0,0,0,0,0,0,0,0,-212000,0,0,0,11000,223000,-212000,-212000
057745,泰鼎永豐99購01  ,0,0,0,0,0,0,0,0,0,-212000,0,0,0,66000,278000,-212000,-212000
07579P,聯茂元大9A售01  ,0,0,0,0,0,0,0,0,0,-212000,0,0,0,75000,287000,-212000,-212000
07315P,台積電台新99售06,0,0,0,0,0,0,0,0,0,-212000,0,0,0,0,212000,-212000,-212000
6112,聚碩            ,34000,246000,-212000,0,0,0,0,0,0,0,0,0,0,0,0,0,-212000
057352,大立光統一9A購02,0,0,0,0,0,0,0,0,0,-213000,0,0,0,0,213000,-213000,-213000
058085,景碩群益9A購01  ,0,0,0,0,0,0,0,0,0,-213000,0,0,0,0,213000,-213000,-213000
060259,潤泰全凱基9C購01,0,0,0,0,0,0,0,0,0,-213000,0,0,0,42000,255000,-213000,-213000
055335,健策兆豐98購01  ,0,0,0,0,0,0,0,0,0,-214000,0,0,0,0,214000,-214000,-214000
063114,南電兆豐9B購01  ,0,0,0,0,0,0,0,0,0,-214000,0,0,0,230000,444000,-214000,-214000
060821,SP黃豆元大9A購02,0,0,0,0,0,0,0,0,0,-215000,0,0,0,0,215000,-215000,-215000
061194,聯鈞永豐9A購02  ,0,0,0,0,0,0,0,0,0,-215000,0,0,0,5000,220000,-215000,-215000
060248,日月光元大9A購01,0,0,0,0,0,0,0,0,0,-215000,0,0,0,0,215000,-215000,-215000
056677,智伸科元富98購01,0,0,0,0,0,0,0,0,0,-215000,0,0,0,190000,405000,-215000,-215000
061996,矽格元大9B購01  ,0,0,0,0,0,0,0,0,0,-216000,0,0,0,264000,480000,-216000,-216000
062653,正隆永豐9B購01  ,0,0,0,0,0,0,0,0,0,-216000,0,0,0,76000,292000,-216000,-216000
055232,泰碩國票98購01  ,0,0,0,0,0,0,0,0,0,-216000,0,0,0,37000,253000,-216000,-216000
055496,高鐵元大97購02  ,0,0,0,0,0,0,0,0,0,-216000,0,0,0,100000,316000,-216000,-216000
055373,聯詠元大97購03  ,0,0,0,0,0,0,0,0,0,-216000,0,0,0,0,216000,-216000,-216000
062752,世芯中信9B購01  ,0,0,0,0,0,0,0,0,0,-217000,0,0,0,10000,227000,-217000,-217000
060766,世芯元大9A購02  ,0,0,0,0,0,0,0,0,0,-217000,0,0,0,5000,222000,-217000,-217000
020016,統一MSCI美科技N ,0,0,0,0,0,0,0,0,0,-217000,0,0,0,98000,315000,-217000,-217000
058556,百和永豐99購01  ,0,0,0,0,0,0,0,0,0,-217000,0,0,0,0,217000,-217000,-217000
061741,新光金凱基9B購01,0,0,0,0,0,0,0,0,0,-219000,0,0,0,6000,225000,-219000,-219000
063025,超眾元大9B購01  ,0,0,0,0,0,0,0,0,0,-219000,0,0,0,177000,396000,-219000,-219000
058148,百和元大99購01  ,0,0,0,0,0,0,0,0,0,-219000,0,0,0,6000,225000,-219000,-219000
07821P,臺股指國票9A售12,0,0,0,0,0,0,0,0,0,-219000,0,0,0,440000,659000,-219000,-219000
08111P,臺股指中信01售06,0,0,0,0,0,0,0,0,0,-219000,0,0,0,35000,254000,-219000,-219000
2548,華固            ,173000,396000,-223000,0,0,0,0,0,0,4000,4000,0,4000,0,0,0,-219000
059188,京元電富邦9B購01,0,0,0,0,0,0,0,0,0,-220000,0,0,0,131000,351000,-220000,-220000
07361P,聯發科元大99售34,0,0,0,0,0,0,0,0,0,-220000,0,0,0,30000,250000,-220000,-220000
060962,義隆凱基9B購01  ,0,0,0,0,0,0,0,0,0,-221000,0,0,0,0,221000,-221000,-221000
057225,華新凱基98購01  ,0,0,0,0,0,0,0,0,0,-222000,0,0,0,10000,232000,-222000,-222000
062971,英業達元富9B購01,0,0,0,0,0,0,0,0,0,-223000,0,0,0,118000,341000,-223000,-223000
058159,健策台新9A購01  ,0,0,0,0,0,0,0,0,0,-224000,0,0,0,49000,273000,-224000,-224000
057149,京鼎國票99購02  ,0,0,0,0,0,0,0,0,0,-225000,0,0,0,228000,453000,-225000,-225000
062133,大成鋼群益9B購01,0,0,0,0,0,0,0,0,0,-226000,0,0,0,0,226000,-226000,-226000
061638,國泰金元大9A購03,0,0,0,0,0,0,0,0,0,-226000,0,0,0,0,226000,-226000,-226000
061223,T50反1中信01購01,0,0,0,0,0,0,0,0,0,-226000,0,0,0,110000,336000,-226000,-226000
1409,新纖            ,211000,437000,-226000,0,0,0,0,0,0,0,0,0,0,0,0,0,-226000
061707,超眾國票9B購01  ,0,0,0,0,0,0,0,0,0,-227000,0,0,0,68000,295000,-227000,-227000
060560,欣興國泰9C購01  ,0,0,0,0,0,0,0,0,0,-227000,0,0,0,8000,235000,-227000,-227000
061132,志超永豐9A購01  ,0,0,0,0,0,0,0,0,0,-229000,0,0,0,27000,256000,-229000,-229000
062022,緯穎永豐9B購01  ,0,0,0,0,0,0,0,0,0,-229000,0,0,0,27000,256000,-229000,-229000
053453,新光金統一98購01,0,0,0,0,0,0,0,0,0,-229000,0,0,0,0,229000,-229000,-229000
061956,和大統一01購01  ,0,0,0,0,0,0,0,0,0,-230000,0,0,0,31000,261000,-230000,-230000
062406,臻鼎永豐9B購01  ,0,0,0,0,0,0,0,0,0,-230000,0,0,0,278000,508000,-230000,-230000
055894,欣興統一97購03  ,0,0,0,0,0,0,0,0,0,-230000,0,0,0,0,230000,-230000,-230000
061616,鴻海群益9A購07  ,0,0,0,0,0,0,0,0,0,-231000,0,0,0,3000,234000,-231000,-231000
06155P,智邦統一97售02  ,0,0,0,0,0,0,0,0,0,-231000,0,0,0,22000,253000,-231000,-231000
059519,台郡永豐99購01  ,0,0,0,0,0,0,0,0,0,-231000,0,0,0,70000,301000,-231000,-231000
063253,巨大元大9B購03  ,0,0,0,0,0,0,0,0,0,-231000,0,0,0,233000,464000,-231000,-231000
054455,楠梓電群益98購02,0,0,0,0,0,0,0,0,0,-232000,0,0,0,48000,280000,-232000,-232000
056288,健鼎永豐97購01  ,0,0,0,0,0,0,0,0,0,-232000,0,0,0,33000,265000,-232000,-232000
052203,T50反1中信99購03,0,0,0,0,0,0,0,0,0,-232000,0,0,0,98000,330000,-232000,-232000
057257,台泥兆豐99購01  ,0,0,0,0,0,0,0,0,0,-232000,0,0,0,0,232000,-232000,-232000
058422,百和麥證99購01  ,0,0,0,0,232000,-232000,0,0,0,-232000,0,0,0,0,232000,-232000,-232000
058714,美律統一9B購01  ,0,0,0,0,0,0,0,0,0,-232000,0,0,0,56000,288000,-232000,-232000
057450,國泰金元富98購01,0,0,0,0,0,0,0,0,0,-232000,0,0,0,218000,450000,-232000,-232000
063184,台光電凱基9B購03,2000,0,2000,0,0,0,0,0,0,-234000,0,0,0,11000,245000,-234000,-232000
4915,致伸            ,289000,490000,-201000,0,0,0,0,0,0,-31000,0,0,0,0,31000,-31000,-232000
060374,儒鴻元富9A購01  ,0,0,0,0,0,0,0,0,0,-233000,0,0,0,212000,445000,-233000,-233000
058748,景碩凱基9A購01  ,0,0,0,0,0,0,0,0,0,-233000,0,0,0,80000,313000,-233000,-233000
9939,宏全            ,141000,218000,-77000,0,0,0,0,160000,-160000,4000,4000,0,4000,0,0,0,-233000
2332,友訊            ,890000,1043000,-153000,0,0,0,0,0,0,-80000,37000,10000,27000,65000,172000,-107000,-233000
07669P,華新科元大9A售14,0,0,0,0,0,0,0,0,0,-233000,0,0,0,17000,250000,-233000,-233000
05875P,旺宏群益98售01  ,0,0,0,0,0,0,0,0,0,-234000,0,0,0,0,234000,-234000,-234000
060251,易華電元大9C購01,0,0,0,0,0,0,0,0,0,-234000,0,0,0,0,234000,-234000,-234000
057982,帆宣永豐98購01  ,0,0,0,0,0,0,0,0,0,-234000,0,0,0,0,234000,-234000,-234000
2352,佳世達          ,501000,737000,-236000,0,0,0,0,0,0,2000,8000,1000,7000,0,5000,-5000,-234000
6005,群益證          ,630000,863000,-233000,0,0,0,0,1000,-1000,0,0,0,0,0,0,0,-234000
061549,泰碩群益9A購01  ,0,0,0,0,0,0,0,0,0,-235000,0,0,0,196000,431000,-235000,-235000
062698,台積電元大01購01,0,0,0,0,0,0,0,0,0,-235000,0,0,0,68000,303000,-235000,-235000
056563,華新科群益98購04,0,0,0,0,0,0,0,0,0,-235000,0,0,0,64000,299000,-235000,-235000
063085,嘉澤凱基9C購01  ,0,0,0,0,0,0,0,0,0,-236000,0,0,0,0,236000,-236000,-236000
060631,微星富邦9B購01  ,20000,0,20000,0,0,0,0,0,0,-256000,0,0,0,10000,266000,-256000,-236000
060920,超眾富邦9B購01  ,0,0,0,0,0,0,0,0,0,-236000,0,0,0,166000,402000,-236000,-236000
052995,上銀康和96購01  ,0,0,0,0,0,0,0,0,0,-236000,0,0,0,0,236000,-236000,-236000
061577,泰碩元大9A購03  ,0,0,0,0,0,0,0,0,0,-237000,0,0,0,62000,299000,-237000,-237000
058634,可成兆豐99購03  ,0,0,0,0,0,0,0,0,0,-238000,0,0,0,180000,418000,-238000,-238000
056116,義隆群益97購02  ,0,0,0,0,0,0,0,0,0,-239000,0,0,0,10000,249000,-239000,-239000
056381,台虹元富98購01  ,0,0,0,0,0,0,0,0,0,-239000,0,0,0,210000,449000,-239000,-239000
057511,健策統一98購02  ,0,0,0,0,0,0,0,0,0,-239000,0,0,0,161000,400000,-239000,-239000
056683,台積電統一98購05,0,0,0,0,0,0,0,0,0,-239000,0,0,0,45000,284000,-239000,-239000
1598,岱宇            ,596000,842000,-246000,0,0,0,110000,0,110000,-103000,0,103000,-103000,0,0,0,-239000
07456P,華新科元大9A售06,0,0,0,0,0,0,0,0,0,-239000,0,0,0,10000,249000,-239000,-239000
2376,技嘉            ,1133000,1477000,-344000,0,0,0,150000,0,150000,-47000,132000,20000,112000,87000,246000,-159000,-241000
060288,群光元大9C購01  ,0,0,0,0,0,0,0,0,0,-242000,0,0,0,100000,342000,-242000,-242000
6168,宏齊            ,23000,267000,-244000,0,0,0,0,0,0,2000,2000,0,2000,0,0,0,-242000
063264,健策永豐9B購07  ,0,0,0,0,0,0,0,0,0,-242000,0,0,0,12000,254000,-242000,-242000
061900,志超永豐9B購01  ,0,0,0,0,0,0,0,0,0,-243000,0,0,0,0,243000,-243000,-243000
059943,信邦永豐99購01  ,0,0,0,0,0,0,0,0,0,-243000,0,0,0,42000,285000,-243000,-243000
062050,亞德客統一9C購01,0,0,0,0,0,0,0,0,0,-244000,0,0,0,212000,456000,-244000,-244000
063028,巨大元大9B購02  ,0,0,0,0,0,0,0,0,0,-244000,0,0,0,126000,370000,-244000,-244000
062527,美律統一01購01  ,0,0,0,0,0,0,0,0,0,-244000,0,0,0,14000,258000,-244000,-244000
060400,南電國票9A購03  ,0,0,0,0,0,0,0,0,0,-244000,0,0,0,6000,250000,-244000,-244000
060241,國泰金元大9A購01,0,0,0,0,0,0,0,0,0,-244000,0,0,0,7000,251000,-244000,-244000
062428,超眾統一9B購01  ,0,0,0,0,0,0,0,0,0,-245000,0,0,0,0,245000,-245000,-245000
050915,健策中信98購01  ,0,0,0,0,0,0,0,0,0,-245000,0,0,0,223000,468000,-245000,-245000
057181,亞光元大98購02  ,0,0,0,0,0,0,0,0,0,-245000,0,0,0,0,245000,-245000,-245000
5471,松翰            ,1138000,1383000,-245000,0,0,0,0,0,0,0,0,0,0,0,0,0,-245000
058149,百和元大99購02  ,0,0,0,0,0,0,0,0,0,-246000,0,0,0,178000,424000,-246000,-246000
060308,劍麟永豐9A購01  ,0,0,0,0,0,0,0,0,0,-246000,0,0,0,5000,251000,-246000,-246000
08077P,亞德客國票9B售02,0,0,0,0,0,0,0,0,0,-246000,0,0,0,152000,398000,-246000,-246000
054807,台化元大9A購02  ,0,0,0,0,0,0,0,0,0,-247000,0,0,0,0,247000,-247000,-247000
058438,大立光統一9B購01,0,0,0,0,0,0,0,0,0,-247000,0,0,0,0,247000,-247000,-247000
059008,鈺齊元大99購03  ,0,0,0,0,0,0,0,0,0,-248000,0,0,0,107000,355000,-248000,-248000
060326,群光群益9A購01  ,0,0,0,0,0,0,0,0,0,-248000,0,0,0,32000,280000,-248000,-248000
059999,緯穎元富99購01  ,0,0,0,0,0,0,0,0,0,-248000,0,0,0,30000,278000,-248000,-248000
06984P,上銀富邦9B售01  ,0,0,0,0,0,0,0,0,0,-248000,0,0,0,25000,273000,-248000,-248000
056511,超眾永豐98購01  ,0,0,0,0,0,0,0,0,0,-249000,0,0,0,0,249000,-249000,-249000
063227,祥碩群益9B購06  ,0,0,0,0,0,0,0,0,0,-249000,0,0,0,1000,250000,-249000,-249000
2727,王品            ,40000,289000,-249000,0,0,0,0,0,0,0,0,0,0,0,0,0,-249000
061844,T50反1國票9C購02,0,0,0,0,0,0,0,0,0,-250000,0,0,0,48000,298000,-250000,-250000
055848,大立光元大97購11,0,0,0,0,0,0,0,0,0,-250000,0,0,0,0,250000,-250000,-250000
055845,大立光元大97購08,0,0,0,0,0,0,0,0,0,-250000,0,0,0,0,250000,-250000,-250000
057989,旺宏統一99購04  ,0,0,0,0,0,0,0,0,0,-250000,0,0,0,0,250000,-250000,-250000
061092,可成統一9C購02  ,0,0,0,0,0,0,0,0,0,-251000,0,0,0,108000,359000,-251000,-251000
062915,嘉澤元大9B購03  ,0,0,0,0,0,0,0,0,0,-252000,0,0,0,45000,297000,-252000,-252000
059643,日月光凱基99購02,0,0,0,0,0,0,0,0,0,-252000,0,0,0,118000,370000,-252000,-252000
06893P,致新元富98售02  ,0,0,0,0,0,0,0,0,0,-252000,0,0,0,10000,262000,-252000,-252000
057742,喬山永豐98購02  ,0,0,0,0,0,0,0,0,0,-253000,0,0,0,20000,273000,-253000,-253000
057575,世紀鋼永豐98購02,0,0,0,0,0,0,0,0,0,-253000,0,0,0,30000,283000,-253000,-253000
055337,超眾兆豐98購01  ,0,0,0,0,0,0,0,0,0,-254000,0,0,0,0,254000,-254000,-254000
054563,泰碩群益99購01  ,0,0,0,0,0,0,0,0,0,-254000,0,0,0,40000,294000,-254000,-254000
063252,緯穎元大9B購07  ,0,0,0,0,0,0,0,0,0,-254000,0,0,0,24000,278000,-254000,-254000
08099P,聯發科中信9B售04,0,0,0,0,0,0,0,0,0,-255000,0,0,0,5000,260000,-255000,-255000
07392P,台積電國泰02售01,0,0,0,0,0,0,0,0,0,-255000,0,0,0,0,255000,-255000,-255000
061005,可成兆豐9A購01  ,0,0,0,0,0,0,0,0,0,-256000,0,0,0,288000,544000,-256000,-256000
060697,鴻海國泰9C購01  ,0,0,0,0,0,0,0,0,0,-257000,0,0,0,15000,272000,-257000,-257000
057562,奇鋐兆豐98購01  ,0,0,0,0,0,0,0,0,0,-257000,0,0,0,20000,277000,-257000,-257000
056769,國產元大98購01  ,0,0,0,0,0,0,0,0,0,-257000,0,0,0,227000,484000,-257000,-257000
1310,台苯            ,102000,379000,-277000,0,0,0,0,0,0,20000,0,0,0,20000,0,20000,-257000
061114,南電元大9A購04  ,0,0,0,0,0,0,0,0,0,-259000,0,0,0,60000,319000,-259000,-259000
061439,寶成凱基9A購01  ,0,0,0,0,0,0,0,0,0,-259000,0,0,0,676000,935000,-259000,-259000
062214,金寶統一01購01  ,0,0,0,0,0,0,0,0,0,-259000,0,0,0,41000,300000,-259000,-259000
060469,台勝科元大9A購02,0,0,0,0,0,0,0,0,0,-260000,0,0,0,50000,310000,-260000,-260000
08094P,華新科元富9B售05,0,0,0,0,0,0,0,0,0,-260000,0,0,0,0,260000,-260000,-260000
062710,盛群元大9B購01  ,0,0,0,0,0,0,0,0,0,-262000,0,0,0,0,262000,-262000,-262000
053485,矽創國票97購04  ,0,0,0,0,0,0,0,0,0,-262000,0,0,0,88000,350000,-262000,-262000
058526,鈺齊元大99購02  ,0,0,0,0,0,0,0,0,0,-262000,0,0,0,150000,412000,-262000,-262000
060572,景碩永豐9A購01  ,0,0,0,0,0,0,0,0,0,-263000,0,0,0,15000,278000,-263000,-263000
057088,上銀元富98購01  ,0,0,0,0,0,0,0,0,0,-263000,0,0,0,79000,342000,-263000,-263000
06619P,聯發科元大98售06,0,0,0,0,0,0,0,0,0,-263000,0,0,0,357000,620000,-263000,-263000
061518,達方永豐9A購02  ,0,0,0,0,0,0,0,0,0,-264000,0,0,0,86000,350000,-264000,-264000
00652,富邦印度        ,10000,65000,-55000,0,0,0,0,0,0,-209000,0,0,0,21000,230000,-209000,-264000
061387,鴻海群益9A購05  ,0,0,0,0,0,0,0,0,0,-266000,0,0,0,8000,274000,-266000,-266000
060909,金像電元大9B購01,0,0,0,0,0,0,0,0,0,-266000,0,0,0,24000,290000,-266000,-266000
061874,義隆元大9B購02  ,0,0,0,0,0,0,0,0,0,-266000,0,0,0,61000,327000,-266000,-266000
058010,帆宣國票98購01  ,0,0,0,0,0,0,0,0,0,-266000,0,0,0,31000,297000,-266000,-266000
062459,聯詠群益9B購01  ,0,0,0,0,0,0,0,0,0,-268000,0,0,0,89000,357000,-268000,-268000
061395,健策統一9C購02  ,0,0,0,0,0,0,0,0,0,-269000,0,0,0,348000,617000,-269000,-269000
054943,群光元大97購01  ,0,0,0,0,0,0,0,0,0,-269000,0,0,0,0,269000,-269000,-269000
053799,矽創中信9A購01  ,0,0,0,0,0,0,0,0,0,-270000,0,0,0,435000,705000,-270000,-270000
2404,漢唐            ,228000,346000,-118000,0,0,0,0,0,0,-152000,44000,7000,37000,13000,202000,-189000,-270000
062699,台積電元大01購02,0,0,0,0,0,0,0,0,0,-271000,0,0,0,29000,300000,-271000,-271000
062672,兆豐金中信03購01,0,0,0,0,0,0,0,0,0,-271000,0,0,0,0,271000,-271000,-271000
063049,上海銀兆豐9B購01,0,0,0,0,0,0,0,0,0,-271000,0,0,0,10000,281000,-271000,-271000
059818,鴻海凱基99購14  ,0,0,0,0,0,0,0,0,0,-271000,0,0,0,4000,275000,-271000,-271000
059189,國泰金富邦9B購01,0,0,0,0,0,0,0,0,0,-272000,0,0,0,3000,275000,-272000,-272000
060367,緯穎元富9A購02  ,0,0,0,0,0,0,0,0,0,-272000,0,0,0,77000,349000,-272000,-272000
060817,華邦電台新9A購01,0,0,0,0,0,0,0,0,0,-273000,0,0,0,0,273000,-273000,-273000
2338,光罩            ,138000,425000,-287000,0,0,0,0,0,0,14000,0,0,0,21000,7000,14000,-273000
063075,祥碩永豐9B購04  ,0,0,0,0,0,0,0,0,0,-274000,0,0,0,95000,369000,-274000,-274000
062324,上銀統一9B購04  ,0,0,0,0,0,0,0,0,0,-274000,0,0,0,57000,331000,-274000,-274000
3035,智原            ,217000,529000,-312000,0,0,0,21000,1000,20000,18000,2000,2000,0,30000,12000,18000,-274000
07071P,立積元富99售01  ,0,0,0,0,0,0,0,0,0,-274000,0,0,0,49000,323000,-274000,-274000
060990,新光金元大9B購03,0,0,0,0,0,0,0,0,0,-275000,0,0,0,0,275000,-275000,-275000
059867,華邦電凱基99購02,0,0,0,0,0,0,0,0,0,-275000,0,0,0,2000,277000,-275000,-275000
062020,智伸科永豐9B購01,0,0,0,0,0,0,0,0,0,-276000,0,0,0,6000,282000,-276000,-276000
063045,國巨兆豐9C購02  ,0,0,0,0,0,0,0,0,0,-276000,0,0,0,4000,280000,-276000,-276000
056919,英業達兆豐98購01,0,0,0,0,0,0,0,0,0,-277000,0,0,0,69000,346000,-277000,-277000
061415,健策群益9A購04  ,0,0,0,0,0,0,0,0,0,-278000,0,0,0,24000,302000,-278000,-278000
059261,華邦電中信01購01,0,0,0,0,0,0,0,0,0,-278000,0,0,0,244000,522000,-278000,-278000
3450,聯鈞            ,73000,403000,-330000,0,0,0,0,0,0,50000,40000,0,40000,10000,0,10000,-280000
060100,新光金元大9C購01,0,0,0,0,0,0,0,0,0,-281000,0,0,0,116000,397000,-281000,-281000
062995,聚陽國票9C購01  ,0,0,0,0,0,0,0,0,0,-282000,0,0,0,11000,293000,-282000,-282000
3698,隆達            ,249000,499000,-250000,0,0,0,0,0,0,-32000,1000,48000,-47000,15000,0,15000,-282000
2538,基泰            ,120000,403000,-283000,0,0,0,0,0,0,0,0,0,0,0,0,0,-283000
061625,聯茂群益9A購02  ,0,0,0,0,0,0,0,0,0,-284000,0,0,0,21000,305000,-284000,-284000
058967,可成麥證99購01  ,0,0,0,78000,360000,-282000,0,0,0,-284000,0,0,0,78000,362000,-284000,-284000
062921,GIS元大9B購01   ,0,0,0,0,0,0,0,0,0,-285000,0,0,0,424000,709000,-285000,-285000
06254P,臺股指群益97售07,0,0,0,0,0,0,0,0,0,-286000,0,0,0,86000,372000,-286000,-286000
057466,泰鼎永豐98購01  ,0,0,0,0,0,0,0,0,0,-286000,0,0,0,12000,298000,-286000,-286000
062785,世芯元大9C購01  ,0,0,0,0,0,0,0,0,0,-289000,0,0,0,151000,440000,-289000,-289000
062027,國泰金群益9B購01,0,0,0,0,0,0,0,0,0,-291000,0,0,0,0,291000,-291000,-291000
057599,技嘉群益9A購01  ,0,0,0,0,0,0,0,0,0,-291000,0,0,0,57000,348000,-291000,-291000
6196,帆宣            ,834000,1233000,-399000,0,0,0,0,0,0,108000,62000,1000,61000,113000,66000,47000,-291000
07210P,智邦凱基99售03  ,0,0,0,0,0,0,0,0,0,-291000,0,0,0,330000,621000,-291000,-291000
056705,超眾國泰99購01  ,0,0,0,0,0,0,0,0,0,-292000,0,0,0,68000,360000,-292000,-292000
059124,台積電第一03購01,0,0,0,0,0,0,0,0,0,-292000,0,0,0,30000,322000,-292000,-292000
063168,台表科永豐9B購01,0,0,0,0,0,0,0,0,0,-292000,0,0,0,0,292000,-292000,-292000
07162P,臺股指群益99售13,0,0,0,0,0,0,0,0,0,-293000,0,0,0,210000,503000,-293000,-293000
2636,台驊投控        ,13000,297000,-284000,0,0,0,0,0,0,-9000,17000,26000,-9000,0,0,0,-293000
060057,欣興凱基9B購01  ,0,0,0,0,0,0,0,0,0,-294000,0,0,0,10000,304000,-294000,-294000
058035,旭富永豐98購02  ,0,0,0,0,0,0,0,0,0,-294000,0,0,0,134000,428000,-294000,-294000
062869,帆宣中信9B購01  ,0,0,0,0,0,0,0,0,0,-295000,0,0,0,60000,355000,-295000,-295000
061028,聚陽永豐9A購01  ,0,0,0,0,0,0,0,0,0,-296000,0,0,0,171000,467000,-296000,-296000
4536,拓凱            ,263000,251000,12000,0,0,0,10000,333000,-323000,15000,15000,0,15000,0,0,0,-296000
060583,南亞科元富9A購05,0,0,0,0,0,0,0,0,0,-298000,0,0,0,135000,433000,-298000,-298000
046906,新光金凱基99購02,0,0,0,0,0,0,0,0,0,-298000,0,0,0,0,298000,-298000,-298000
058251,百和元大99購03  ,0,0,0,0,0,0,0,0,0,-298000,0,0,0,0,298000,-298000,-298000
061173,T50反1凱基04購01,0,0,0,0,0,0,0,0,0,-299000,0,0,0,0,299000,-299000,-299000
055537,康友群益97購03  ,0,0,0,0,0,0,0,0,0,-299000,0,0,0,0,299000,-299000,-299000
060418,中橡永豐9A購01  ,0,0,0,0,0,0,0,0,0,-300000,0,0,0,0,300000,-300000,-300000
055397,超眾統一97購02  ,0,0,0,0,0,0,0,0,0,-300000,0,0,0,0,300000,-300000,-300000
06514P,國巨凱基98售05  ,0,0,0,0,0,0,0,0,0,-300000,0,0,0,0,300000,-300000,-300000
055931,冠德群益97購02  ,0,0,0,0,0,0,0,0,0,-301000,0,0,0,289000,590000,-301000,-301000
056784,南亞科群益98購01,0,0,0,0,0,0,0,0,0,-301000,0,0,0,0,301000,-301000,-301000
061553,南電群益9A購03  ,0,0,0,0,0,0,0,0,0,-302000,0,0,0,88000,390000,-302000,-302000
062870,亞德客兆豐9C購01,0,0,0,0,0,0,0,0,0,-302000,0,0,0,92000,394000,-302000,-302000
062954,世芯永豐9B購03  ,0,0,0,0,0,0,0,0,0,-303000,0,0,0,14000,317000,-303000,-303000
058053,上銀統一9B購01  ,0,0,0,0,0,0,0,0,0,-303000,0,0,0,70000,373000,-303000,-303000
062532,聯詠統一9C購01  ,0,0,0,0,0,0,0,0,0,-304000,0,0,0,97000,401000,-304000,-304000
055896,南電統一97購02  ,0,0,0,0,0,0,0,0,0,-304000,0,0,0,398000,702000,-304000,-304000
06701P,臺股指統一99售06,0,0,0,0,0,0,0,0,0,-305000,0,0,0,249000,554000,-305000,-305000
07558P,玉晶光元大9A售10,0,0,0,0,0,0,0,0,0,-305000,0,0,0,78000,383000,-305000,-305000
061366,台勝科國票9A購01,0,0,0,0,0,0,0,0,0,-306000,0,0,0,10000,316000,-306000,-306000
00641R,富邦日本反1     ,34000,169000,-135000,0,0,0,0,0,0,-172000,0,0,0,319000,491000,-172000,-307000
058739,喬山中信99購01  ,0,0,0,0,0,0,0,0,0,-307000,0,0,0,175000,482000,-307000,-307000
2451,創見            ,111000,351000,-240000,0,0,0,96000,0,96000,-164000,0,0,0,0,164000,-164000,-308000
052313,聯電元大98購01  ,0,0,0,0,0,0,0,0,0,-309000,0,0,0,160000,469000,-309000,-309000
07276P,臺股指群益99售19,0,0,0,0,0,0,0,0,0,-309000,0,0,0,19000,328000,-309000,-309000
062533,嘉澤統一9C購01  ,0,0,0,0,0,0,0,0,0,-310000,0,0,0,36000,346000,-310000,-310000
054709,宏達電統一97購01,0,0,0,0,0,0,0,0,0,-310000,0,0,0,308000,618000,-310000,-310000
058733,同欣電永豐99購02,0,0,0,0,0,0,0,0,0,-310000,0,0,0,82000,392000,-310000,-310000
00717,富邦美國特別股  ,483000,0,483000,0,0,0,0,0,0,-795000,0,0,0,544000,1339000,-795000,-312000
07966P,瑞祺群益9B售02  ,0,0,0,0,0,0,0,0,0,-312000,0,0,0,0,312000,-312000,-312000
062780,旺宏元大01購01  ,0,0,0,0,0,0,0,0,0,-313000,0,0,0,14000,327000,-313000,-313000
061007,聯詠兆豐9A購01  ,0,0,0,0,0,0,0,0,0,-314000,0,0,0,309000,623000,-314000,-314000
060008,華邦電群益9A購01,0,0,0,0,0,0,0,0,0,-314000,0,0,0,205000,519000,-314000,-314000
061429,南六元大9A購02  ,0,0,0,0,0,0,0,0,0,-315000,0,0,0,74000,389000,-315000,-315000
056301,開發金元大9A購01,0,0,0,0,0,0,0,0,0,-316000,0,0,0,0,316000,-316000,-316000
057516,和鑫元富98購01  ,0,0,0,0,0,0,0,0,0,-317000,0,0,0,98000,415000,-317000,-317000
2406,國碩            ,54000,371000,-317000,0,0,0,0,0,0,0,0,0,0,0,0,0,-317000
060967,鈺齊凱基9A購02  ,0,0,0,0,0,0,0,0,0,-318000,0,0,0,511000,829000,-318000,-318000
07010P,T50正2凱基9C售01,0,0,0,0,0,0,0,0,0,-318000,0,0,0,20000,338000,-318000,-318000
061043,百和永豐9A購01  ,0,0,0,0,0,0,0,0,0,-320000,0,0,0,5000,325000,-320000,-320000
9933,中鼎            ,595000,955000,-360000,0,0,0,0,0,0,40000,40000,0,40000,0,0,0,-320000
07788P,華新科群益9A售08,0,0,0,0,0,0,0,0,0,-321000,0,0,0,89000,410000,-321000,-321000
060243,潤泰全元大9C購02,0,0,0,0,0,0,0,0,0,-322000,0,0,0,50000,372000,-322000,-322000
054318,台虹凱基98購01  ,0,0,0,0,0,0,0,0,0,-323000,0,0,0,48000,371000,-323000,-323000
07535P,上銀元富9A售03  ,0,0,0,0,0,0,0,0,0,-323000,0,0,0,6000,329000,-323000,-323000
061677,泰碩元大9A購05  ,0,0,0,0,0,0,0,0,0,-324000,0,0,0,6000,330000,-324000,-324000
063076,柏文永豐9B購02  ,0,0,0,0,0,0,0,0,0,-324000,0,0,0,0,324000,-324000,-324000
063205,貿聯統一9C購01  ,0,0,0,0,0,0,0,0,0,-324000,0,0,0,0,324000,-324000,-324000
061431,鈺齊元大9A購01  ,0,0,0,0,0,0,0,0,0,-325000,0,0,0,171000,496000,-325000,-325000
8028,昇陽半導體      ,433000,777000,-344000,0,0,0,0,0,0,19000,5000,0,5000,38000,24000,14000,-325000
062980,康控元富9B購01  ,0,0,0,0,0,0,0,0,0,-326000,0,0,0,162000,488000,-326000,-326000
062427,嘉澤統一01購01  ,0,0,0,0,0,0,0,0,0,-330000,0,0,0,87000,417000,-330000,-330000
056910,超眾元大99購02  ,0,0,0,0,0,0,0,0,0,-330000,0,0,0,188000,518000,-330000,-330000
2390,云辰            ,372000,702000,-330000,0,0,0,0,0,0,0,0,0,0,0,0,0,-330000
062057,華邦電統一01購01,0,0,0,0,0,0,0,0,0,-331000,0,0,0,0,331000,-331000,-331000
053913,華新國票97購01  ,0,0,0,0,0,0,0,0,0,-331000,0,0,0,0,331000,-331000,-331000
061626,超眾群益9A購02  ,0,0,0,0,0,0,0,0,0,-332000,0,0,0,159000,491000,-332000,-332000
056320,京鼎群益99購01  ,0,0,0,0,0,0,0,0,0,-332000,0,0,0,0,332000,-332000,-332000
08037P,台表科群益9B售02,0,0,0,0,0,0,0,0,0,-332000,0,0,0,11000,343000,-332000,-332000
060867,智伸科永豐9A購01,0,0,0,0,0,0,0,0,0,-333000,0,0,0,301000,634000,-333000,-333000
3026,禾伸堂          ,114000,434000,-320000,0,0,0,0,0,0,-13000,0,0,0,5000,18000,-13000,-333000
052004,泰碩國泰97購03  ,0,0,0,0,0,0,0,0,0,-334000,0,0,0,5000,339000,-334000,-334000
052989,麗豐元大98購01  ,0,0,0,0,0,0,0,0,0,-335000,0,0,0,0,335000,-335000,-335000
057836,南亞科國泰9A購01,0,0,0,0,0,0,0,0,0,-335000,0,0,0,0,335000,-335000,-335000
060784,鴻海富邦9C購01  ,0,0,0,0,0,0,0,0,0,-336000,0,0,0,50000,386000,-336000,-336000
062787,超眾元大9C購02  ,0,0,0,0,0,0,0,0,0,-336000,0,0,0,0,336000,-336000,-336000
055741,健策元富97購01  ,0,0,0,0,0,0,0,0,0,-336000,0,0,0,39000,375000,-336000,-336000
059166,友達凱基99購05  ,0,0,0,0,0,0,0,0,0,-336000,0,0,0,40000,376000,-336000,-336000
063272,GIS兆豐9C購01   ,0,0,0,0,0,0,0,0,0,-336000,0,0,0,20000,356000,-336000,-336000
059395,T50反1元富99購03,0,0,0,0,0,0,0,0,0,-338000,0,0,0,125000,463000,-338000,-338000
054088,華新群益98購02  ,0,0,0,0,0,0,0,0,0,-340000,0,0,0,0,340000,-340000,-340000
058494,可成群益9B購01  ,0,0,0,0,0,0,0,0,0,-341000,0,0,0,228000,569000,-341000,-341000
07743P,智邦凱基9A售03  ,0,0,0,0,0,0,0,0,0,-341000,0,0,0,29000,370000,-341000,-341000
058209,臺股指凱基01購01,0,0,0,0,0,0,0,0,0,-342000,0,0,0,358000,700000,-342000,-342000
03648C,T50反1元大96牛07,0,0,0,0,0,0,0,0,0,-343000,0,0,0,5000,348000,-343000,-343000
054771,茂林國票98購02  ,0,0,0,0,0,0,0,0,0,-343000,0,0,0,514000,857000,-343000,-343000
059003,中壽元大99購01  ,0,0,0,0,0,0,0,0,0,-343000,0,0,0,369000,712000,-343000,-343000
062832,嘉澤群益9B購02  ,0,0,0,0,0,0,0,0,0,-345000,0,0,0,20000,365000,-345000,-345000
059995,南亞科元富99購01,0,0,0,0,0,0,0,0,0,-345000,0,0,0,144000,489000,-345000,-345000
08027P,嘉晶元大9B售03  ,0,0,0,0,0,0,0,0,0,-345000,0,0,0,154000,499000,-345000,-345000
07527P,台灣50凱基9B售02,0,0,0,0,0,0,0,0,0,-346000,0,0,0,51000,397000,-346000,-346000
03857P,聯發科元富99售02,0,0,0,0,0,0,0,0,0,-347000,0,0,0,0,347000,-347000,-347000
063143,嘉澤統一9B購02  ,0,0,0,0,0,0,0,0,0,-347000,0,0,0,216000,563000,-347000,-347000
061957,上銀統一01購01  ,5000,0,5000,0,0,0,0,0,0,-353000,0,0,0,585000,938000,-353000,-348000
052988,智易元大96購02  ,0,0,0,0,0,0,0,0,0,-348000,0,0,0,0,348000,-348000,-348000
063208,鈺齊統一9C購01  ,0,0,0,0,0,0,0,0,0,-349000,0,0,0,14000,363000,-349000,-349000
060422,台勝科永豐9A購01,0,0,0,0,0,0,0,0,0,-350000,0,0,0,56000,406000,-350000,-350000
058272,超眾永豐9A購01  ,0,0,0,0,0,0,0,0,0,-350000,0,0,0,0,350000,-350000,-350000
059607,台積電富邦9C購04,0,0,0,0,0,0,0,0,0,-352000,0,0,0,85000,437000,-352000,-352000
061037,嘉澤永豐9A購01  ,0,0,0,0,0,0,0,0,0,-356000,0,0,0,20000,376000,-356000,-356000
07174P,臺股指國票99售11,0,0,0,0,0,0,0,0,0,-357000,0,0,0,299000,656000,-357000,-357000
061515,泰碩永豐9A購03  ,0,0,0,0,0,0,0,0,0,-358000,0,0,0,0,358000,-358000,-358000
063239,建準元大9B購01  ,0,0,0,0,0,0,0,0,0,-358000,0,0,0,438000,796000,-358000,-358000
063202,南亞科統一9C購02,0,0,0,0,0,0,0,0,0,-358000,0,0,0,40000,398000,-358000,-358000
07649P,金像電永豐9A售02,0,0,0,0,0,0,0,0,0,-359000,0,0,0,107000,466000,-359000,-359000
059830,台郡凱基99購05  ,0,0,0,0,0,0,0,0,0,-361000,0,0,0,36000,397000,-361000,-361000
9958,世紀鋼          ,203000,664000,-461000,0,0,0,0,11000,-11000,111000,106000,5000,101000,65000,55000,10000,-361000
060456,正隆元大9A購01  ,0,0,0,0,0,0,0,0,0,-362000,0,0,0,174000,536000,-362000,-362000
062285,台勝科群益9B購01,0,0,0,0,0,0,0,0,0,-362000,0,0,0,120000,482000,-362000,-362000
062945,世芯國泰01購01  ,0,0,0,0,0,0,0,0,0,-362000,0,0,0,438000,800000,-362000,-362000
1215,卜蜂            ,160000,441000,-281000,0,0,0,0,28000,-28000,-54000,30000,10000,20000,0,74000,-74000,-363000
061951,南電群益9B購01  ,0,0,0,0,0,0,0,0,0,-364000,0,0,0,0,364000,-364000,-364000
061533,友達統一9C購02  ,0,0,0,0,0,0,0,0,0,-364000,0,0,0,59000,423000,-364000,-364000
058910,泰鼎元大99購03  ,0,0,0,0,0,0,0,0,0,-364000,0,0,0,46000,410000,-364000,-364000
07536P,華新科元富9A售04,0,0,0,0,0,0,0,0,0,-364000,0,0,0,6000,370000,-364000,-364000
03414B,臺股指凱基99熊01,65000,50000,15000,0,0,0,0,0,0,-381000,0,0,0,855000,1236000,-381000,-366000
3673,TPK-KY          ,285000,509000,-224000,0,0,0,0,1000,-1000,-143000,19000,4000,15000,60000,218000,-158000,-368000
060134,鈺齊群益9A購01  ,0,0,0,0,0,0,0,0,0,-369000,0,0,0,292000,661000,-369000,-369000
060190,國泰金元富9A購01,0,0,0,0,0,0,0,0,0,-370000,0,0,0,55000,425000,-370000,-370000
060880,中壽中信9C購01  ,0,0,0,0,0,0,0,0,0,-371000,0,0,0,88000,459000,-371000,-371000
062188,貿聯元大9B購02  ,0,0,0,0,0,0,0,0,0,-372000,0,0,0,26000,398000,-372000,-372000
3437,榮創            ,120000,494000,-374000,0,0,0,0,0,0,2000,2000,0,2000,0,0,0,-372000
052468,超眾統一96購02  ,0,0,0,0,0,0,0,0,0,-373000,0,0,0,1000,374000,-373000,-373000
062106,華邦電國票9B購02,0,0,0,0,0,0,0,0,0,-375000,0,0,0,0,375000,-375000,-375000
062575,景碩群益9B購01  ,0,0,0,0,0,0,0,0,0,-376000,0,0,0,61000,437000,-376000,-376000
063069,道瓊銀富邦05購01,0,0,0,0,0,0,0,0,0,-378000,0,0,0,0,378000,-378000,-378000
07060P,台表科國票9A售01,0,0,0,0,0,0,0,0,0,-379000,0,0,0,120000,499000,-379000,-379000
057428,正崴兆豐98購01  ,0,0,0,0,0,0,0,0,0,-380000,0,0,0,29000,409000,-380000,-380000
061363,儒鴻國票9B購01  ,0,0,0,0,0,0,0,0,0,-381000,0,0,0,231000,612000,-381000,-381000
07170P,臺股指國票99售07,0,0,0,0,0,0,0,0,0,-381000,0,0,0,228000,609000,-381000,-381000
07800P,華新科國泰9B售04,0,0,0,0,0,0,0,0,0,-382000,0,0,0,2000,384000,-382000,-382000
1515,力山            ,849000,1154000,-305000,0,0,0,240000,0,240000,-317000,144000,26000,118000,54000,489000,-435000,-382000
063132,台表科元大9C購02,0,0,0,0,0,0,0,0,0,-384000,0,0,0,162000,546000,-384000,-384000
00672L,元大S&P原油正2  ,0,0,0,0,0,0,0,0,0,-386000,0,0,0,265000,651000,-386000,-386000
060361,南亞科元富9A購03,0,0,0,0,0,0,0,0,0,-386000,0,0,0,230000,616000,-386000,-386000
056676,國產元富98購01  ,0,0,0,0,0,0,0,0,0,-386000,0,0,0,627000,1013000,-386000,-386000
063166,超眾永豐9B購01  ,0,0,0,0,0,0,0,0,0,-386000,0,0,0,0,386000,-386000,-386000
6416,瑞祺電通        ,881000,1181000,-300000,0,0,0,161000,14000,147000,-234000,94000,97000,-3000,23000,254000,-231000,-387000
061879,超眾元大9C購01  ,0,0,0,0,0,0,0,0,0,-388000,0,0,0,362000,750000,-388000,-388000
055657,超眾元富97購02  ,0,0,0,0,0,0,0,0,0,-389000,0,0,0,71000,460000,-389000,-389000
058664,百和兆豐99購01  ,0,0,0,0,0,0,0,0,0,-389000,0,0,0,56000,445000,-389000,-389000
07660P,聯茂凱基9A售03  ,0,0,0,0,0,0,0,0,0,-391000,0,0,0,0,391000,-391000,-391000
060916,金像電國泰9C購01,0,0,0,0,0,0,0,0,0,-392000,0,0,0,538000,930000,-392000,-392000
063050,葡萄王統一01購01,0,0,0,0,0,0,0,0,0,-393000,0,0,0,0,393000,-393000,-393000
062596,緯穎統一01購02  ,0,0,0,0,0,0,0,0,0,-394000,0,0,0,11000,405000,-394000,-394000
060954,國泰金群益9A購02,0,0,0,0,0,0,0,0,0,-397000,0,0,0,1000,398000,-397000,-397000
053865,欣興元大97購02  ,0,0,0,0,0,0,0,0,0,-397000,0,0,0,48000,445000,-397000,-397000
060435,鈺齊永豐9A購01  ,0,0,0,0,0,0,0,0,0,-399000,0,0,0,48000,447000,-399000,-399000
052821,晶技永豐96購01  ,0,0,0,0,0,0,0,0,0,-400000,0,0,0,0,400000,-400000,-400000
055172,凱美統一97購02  ,0,0,0,0,0,0,0,0,0,-400000,0,0,0,0,400000,-400000,-400000
057656,大成鋼兆豐98購01,0,0,0,0,0,0,0,0,0,-400000,0,0,0,0,400000,-400000,-400000
07746P,華新科凱基9A售11,0,0,0,0,0,0,0,0,0,-400000,0,0,0,0,400000,-400000,-400000
2820,華票            ,226000,601000,-375000,0,0,0,0,0,0,-25000,0,25000,-25000,0,0,0,-400000
3045,台灣大          ,1024400,1432000,-407600,0,0,0,0,1000,-1000,6000,6000,0,6000,0,0,0,-402600
2642,宅配通          ,66000,469000,-403000,0,0,0,0,0,0,0,0,0,0,0,0,0,-403000
06240P,奇力新元富97售03,0,0,0,0,0,0,0,0,0,-406000,0,0,0,10000,416000,-406000,-406000
062967,上銀元富9B購01  ,0,0,0,0,0,0,0,0,0,-407000,0,0,0,222000,629000,-407000,-407000
063133,喬山統一01購01  ,0,0,0,0,0,0,0,0,0,-407000,0,0,0,216000,623000,-407000,-407000
055745,臻鼎元富97購01  ,0,0,0,0,0,0,0,0,0,-408000,0,0,0,25000,433000,-408000,-408000
061027,儒鴻永豐9A購02  ,0,0,0,0,0,0,0,0,0,-409000,0,0,0,40000,449000,-409000,-409000
06405P,億光元富97售02  ,0,0,0,0,0,0,0,0,0,-410000,0,0,0,10000,420000,-410000,-410000
060783,亞德客富邦9B購01,0,0,0,0,0,0,0,0,0,-411000,0,0,0,521000,932000,-411000,-411000
055075,南電永豐97購01  ,0,0,0,0,0,0,0,0,0,-417000,0,0,0,0,417000,-417000,-417000
3704,合勤控          ,98000,515000,-417000,0,0,0,0,0,0,0,0,0,0,0,0,0,-417000
056229,可成凱基97購04  ,0,0,0,0,0,0,0,0,0,-419000,0,0,0,0,419000,-419000,-419000
054214,京鼎國票97購02  ,0,0,0,0,0,0,0,0,0,-420000,0,0,0,0,420000,-420000,-420000
07990P,緯穎凱基9B售02  ,0,0,0,0,0,0,0,0,0,-420000,0,0,0,37000,457000,-420000,-420000
057865,富邦金凱基98購01,0,0,0,0,0,0,0,0,0,-421000,0,0,0,0,421000,-421000,-421000
8016,矽創            ,305000,772000,-467000,0,0,0,30000,0,30000,16000,16000,0,16000,25000,25000,0,-421000
06168P,台表科國票97售06,0,0,0,0,0,0,0,0,0,-422000,0,0,0,10000,432000,-422000,-422000
062978,世芯元富9B購01  ,0,0,0,0,0,0,0,0,0,-422000,0,0,0,18000,440000,-422000,-422000
062744,超眾國泰9C購01  ,0,0,0,0,0,0,0,0,0,-423000,0,0,0,42000,465000,-423000,-423000
062360,華邦電元大9B購01,0,0,0,0,0,0,0,0,0,-423000,0,0,0,96000,519000,-423000,-423000
061006,新光金兆豐9A購01,0,0,0,0,0,0,0,0,0,-424000,0,0,0,0,424000,-424000,-424000
059680,台積電國泰9A購03,0,0,0,0,0,0,0,0,0,-428000,0,0,0,770000,1198000,-428000,-428000
062279,晶豪科群益9B購01,0,0,0,0,0,0,0,0,0,-430000,0,0,0,13000,443000,-430000,-430000
061465,聯詠群益9A購01  ,0,0,0,0,0,0,0,0,0,-431000,0,0,0,83000,514000,-431000,-431000
063159,嘉澤國泰01購01  ,0,0,0,0,0,0,0,0,0,-432000,0,0,0,36000,468000,-432000,-432000
07032P,聯發科統一9C售02,0,0,0,0,0,0,0,0,0,-436000,0,0,0,20000,456000,-436000,-436000
059425,SGBR2X元大9A購02,0,0,0,0,0,0,0,0,0,-437000,0,0,0,109000,546000,-437000,-437000
059183,T50反1台新03購02,0,0,0,0,0,0,0,0,0,-438000,0,0,0,0,438000,-438000,-438000
053871,臻鼎元大96購03  ,0,0,0,0,0,0,0,0,0,-441000,0,0,0,100000,541000,-441000,-441000
057469,康友永豐98購02  ,0,0,0,0,0,0,0,0,0,-443000,0,0,0,303000,746000,-443000,-443000
055094,智易群益98購01  ,0,0,0,0,0,0,0,0,0,-444000,0,0,0,283000,727000,-444000,-444000
057727,華邦電國泰9A購01,0,0,0,0,0,0,0,0,0,-444000,0,0,0,20000,464000,-444000,-444000
051847,香港反中信99購01,0,0,0,0,0,0,0,0,0,-446000,0,0,0,0,446000,-446000,-446000
056835,聯電元富99購01  ,0,0,0,0,0,0,0,0,0,-446000,0,0,0,85000,531000,-446000,-446000
057940,和大國票99購01  ,0,0,0,0,0,0,0,0,0,-447000,0,0,0,306000,753000,-447000,-447000
07402P,瑞昱凱基99售02  ,0,0,0,0,0,0,0,0,0,-450000,0,0,0,0,450000,-450000,-450000
060710,上銀永豐9A購01  ,0,0,0,0,0,0,0,0,0,-456000,0,0,0,58000,514000,-456000,-456000
062846,國泰金富邦9C購01,0,0,0,0,0,0,0,0,0,-456000,0,0,0,0,456000,-456000,-456000
055344,國巨凱基97購04  ,0,0,0,0,0,0,0,0,0,-459000,0,0,0,0,459000,-459000,-459000
058488,華擎國票9A購01  ,0,0,0,0,0,0,0,0,0,-459000,0,0,0,41000,500000,-459000,-459000
062817,富邦金兆豐9B購01,0,0,0,0,0,0,0,0,0,-462000,0,0,0,50000,512000,-462000,-462000
062673,台新金中信03購01,0,0,0,0,0,0,0,0,0,-462000,0,0,0,85000,547000,-462000,-462000
060921,中橡永豐9A購02  ,0,0,0,0,0,0,0,0,0,-462000,0,0,0,0,462000,-462000,-462000
3044,健鼎            ,869000,1594000,-725000,0,0,0,187000,67000,120000,140000,221000,111000,110000,68000,38000,30000,-465000
063210,百和統一9C購01  ,0,0,0,0,0,0,0,0,0,-466000,0,0,0,5000,471000,-466000,-466000
062806,世芯統一02購01  ,0,0,0,0,0,0,0,0,0,-469000,0,0,0,267000,736000,-469000,-469000
061687,大成鋼群益9A購01,0,0,0,0,0,0,0,0,0,-470000,0,0,0,2000,472000,-470000,-470000
062016,美食永豐9B購01  ,0,0,0,0,0,0,0,0,0,-471000,0,0,0,180000,651000,-471000,-471000
1731,美吾華          ,12000,483000,-471000,0,0,0,0,0,0,0,0,0,0,0,0,0,-471000
057780,台郡群益98購02  ,0,0,0,0,0,0,0,0,0,-473000,0,0,0,0,473000,-473000,-473000
061214,華擎元大9A購04  ,0,0,0,0,0,0,0,0,0,-475000,0,0,0,105000,580000,-475000,-475000
1417,嘉裕            ,43000,525000,-482000,0,0,0,0,0,0,3000,3000,0,3000,0,0,0,-479000
062062,貿聯統一01購01  ,0,0,0,0,0,0,0,0,0,-480000,0,0,0,1000,481000,-480000,-480000
056589,康控統一98購01  ,0,0,0,0,0,0,0,0,0,-480000,0,0,0,89000,569000,-480000,-480000
07648P,祥碩國票9B售01  ,0,0,0,0,0,0,0,0,0,-480000,0,0,0,430000,910000,-480000,-480000
054137,聯詠元大97購02  ,0,0,0,0,0,0,0,0,0,-481000,0,0,0,392000,873000,-481000,-481000
053564,台積電富邦99購01,0,0,0,0,0,0,0,0,0,-481000,0,0,0,0,481000,-481000,-481000
062220,台光電統一01購01,0,0,0,0,0,0,0,0,0,-482000,0,0,0,670000,1152000,-482000,-482000
052775,滬深2X國票99購02,0,0,0,0,0,0,0,0,0,-482000,0,0,0,27000,509000,-482000,-482000
3041,揚智            ,47000,530000,-483000,0,0,0,0,0,0,1000,1000,0,1000,0,0,0,-482000
061974,光寶科元大9B購01,0,0,0,0,0,0,0,0,0,-483000,0,0,0,160000,643000,-483000,-483000
058263,大成鋼永豐99購01,0,0,0,0,0,0,0,0,0,-483000,0,0,0,0,483000,-483000,-483000
062215,華通統一9B購01  ,0,0,0,0,0,0,0,0,0,-485000,0,0,0,210000,695000,-485000,-485000
060183,南亞科元富9A購01,0,0,0,0,0,0,0,0,0,-487000,0,0,0,110000,597000,-487000,-487000
063148,建準元富9B購01  ,0,0,0,0,0,0,0,0,0,-490000,0,0,0,393000,883000,-490000,-490000
062660,神隆群益9B購02  ,0,0,0,0,0,0,0,0,0,-491000,0,0,0,281000,772000,-491000,-491000
055497,開發金元大97購01,0,0,0,0,0,0,0,0,0,-493000,0,0,0,10000,503000,-493000,-493000
07334P,臺股指國票99售19,0,0,0,0,0,0,0,0,0,-494000,0,0,0,206000,700000,-494000,-494000
062230,緯穎統一01購01  ,0,0,0,0,0,0,0,0,0,-498000,0,0,0,245000,743000,-498000,-498000
052959,聯電凱基97購01  ,0,0,0,0,0,0,0,0,0,-499000,0,0,0,0,499000,-499000,-499000
00648R,元大S&P500反1   ,0,0,0,0,0,0,0,0,0,-499000,0,0,0,313000,812000,-499000,-499000
062291,力成富邦9B購01  ,0,0,0,0,0,0,0,0,0,-501000,0,0,0,241000,742000,-501000,-501000
059090,台新金元大99購01,0,0,0,0,0,0,0,0,0,-501000,0,0,0,0,501000,-501000,-501000
062201,臺指反國票9B購05,0,0,0,0,0,0,0,0,0,-503000,0,0,0,0,503000,-503000,-503000
00693U,街口S&P黃豆     ,78000,5000,73000,0,0,0,0,0,0,-576000,0,0,0,3000,579000,-576000,-503000
063056,嘉澤統一9C購02  ,0,0,0,0,0,0,0,0,0,-504000,0,0,0,70000,574000,-504000,-504000
4133,亞諾法          ,1324000,1838000,-514000,0,0,0,0,0,0,0,0,0,0,0,0,0,-514000
057637,上銀元大98購07  ,0,0,0,0,0,0,0,0,0,-516000,0,0,0,54000,570000,-516000,-516000
058262,大立光富邦9C購02,0,0,0,0,0,0,0,0,0,-517000,0,0,0,0,517000,-517000,-517000
2731,雄獅            ,94000,612000,-518000,0,0,0,0,0,0,0,0,0,0,0,0,0,-518000
062019,嘉澤永豐9B購01  ,0,0,0,0,0,0,0,0,0,-520000,0,0,0,57000,577000,-520000,-520000
061188,大成鋼富邦9B購01,0,0,0,0,0,0,0,0,0,-521000,0,0,0,280000,801000,-521000,-521000
057085,立積統一9B購02  ,0,0,0,0,0,0,0,0,0,-527000,0,0,0,34000,561000,-527000,-527000
060033,臻鼎永豐99購01  ,0,0,0,0,0,0,0,0,0,-528000,0,0,0,73000,601000,-528000,-528000
058584,百和群益9A購01  ,0,0,0,0,0,0,0,0,0,-528000,0,0,0,6000,534000,-528000,-528000
4934,太極            ,61000,590000,-529000,0,0,0,0,0,0,0,0,0,0,0,0,0,-529000
061676,新光金元大9A購03,0,0,0,0,0,0,0,0,0,-530000,0,0,0,0,530000,-530000,-530000
059396,T50反1元富99購04,0,0,0,0,0,0,0,0,0,-531000,0,0,0,58000,589000,-531000,-531000
06899P,嘉澤群益98售01  ,0,0,0,0,0,0,0,0,0,-532000,0,0,0,30000,562000,-532000,-532000
062328,南亞科統一9C購01,0,0,0,0,0,0,0,0,0,-533000,0,0,0,56000,589000,-533000,-533000
8213,志超            ,116000,693000,-577000,0,0,0,0,0,0,44000,0,0,0,44000,0,44000,-533000
052003,泰碩國泰97購02  ,0,0,0,0,0,0,0,0,0,-538000,0,0,0,0,538000,-538000,-538000
2455,全新            ,170000,541000,-371000,0,0,0,0,0,0,-167000,11000,98000,-87000,0,80000,-80000,-538000
058424,滬深2X元富99購04,0,0,0,0,0,0,0,0,0,-539000,0,0,0,115000,654000,-539000,-539000
062008,南亞科國泰9C購01,0,0,0,0,0,0,0,0,0,-540000,0,0,0,330000,870000,-540000,-540000
058966,元油2X日盛99購03,0,0,0,0,0,0,0,0,0,-540000,0,0,0,0,540000,-540000,-540000
2723,美食-KY         ,560000,1059000,-499000,0,0,0,444000,277000,167000,-210000,0,121000,-121000,67000,156000,-89000,-542000
063100,聚陽群益9C購02  ,0,0,0,0,0,0,0,0,0,-545000,0,0,0,140000,685000,-545000,-545000
055902,同欣電中信99購01,0,0,0,0,0,0,0,0,0,-545000,0,0,0,100000,645000,-545000,-545000
058113,百和元富98購01  ,0,0,0,0,0,0,0,0,0,-546000,0,0,0,0,546000,-546000,-546000
058221,上銀統一99購04  ,0,0,0,0,0,0,0,0,0,-547000,0,0,0,15000,562000,-547000,-547000
07491P,臺股指國票9A售09,0,0,0,0,0,0,0,0,0,-547000,0,0,0,23000,570000,-547000,-547000
07214P,聯發科凱基9A售04,0,0,0,0,0,0,0,0,0,-549000,0,0,0,294000,843000,-549000,-549000
07173P,臺股指國票99售10,0,0,0,0,0,0,0,0,0,-556000,0,0,0,228000,784000,-556000,-556000
057092,健策元富98購01  ,0,0,0,0,0,0,0,0,0,-558000,0,0,0,58000,616000,-558000,-558000
06852P,臺股指元大98售11,0,0,0,0,0,0,0,0,0,-559000,0,0,0,605000,1164000,-559000,-559000
062808,祥碩統一9C購01  ,0,0,0,0,0,0,0,0,0,-560000,0,0,0,169000,729000,-560000,-560000
063367,GIS富邦9B購01   ,0,0,0,0,0,0,0,0,0,-561000,0,0,0,0,561000,-561000,-561000
056852,矽格元富98購01  ,0,0,0,0,0,0,0,0,0,-563000,0,0,0,210000,773000,-563000,-563000
062323,上銀統一9B購03  ,0,0,0,0,0,0,0,0,0,-570000,0,0,0,150000,720000,-570000,-570000
061470,鈺齊群益9A購02  ,0,0,0,0,0,0,0,0,0,-572000,0,0,0,144000,716000,-572000,-572000
061514,泰碩永豐9A購02  ,0,0,0,0,0,0,0,0,0,-582000,0,0,0,20000,602000,-582000,-582000
058154,泰碩統一9A購01  ,0,0,0,0,0,0,0,0,0,-582000,0,0,0,40000,622000,-582000,-582000
058080,台積電群益98購06,0,0,0,0,0,0,0,0,0,-585000,0,0,0,19000,604000,-585000,-585000
059223,大立光元大99購14,0,0,0,0,0,0,0,0,0,-589000,0,0,0,10000,599000,-589000,-589000
063209,巨大統一01購01  ,0,0,0,0,0,0,0,0,0,-592000,0,0,0,0,592000,-592000,-592000
2367,燿華            ,5614000,5710000,-96000,0,0,0,0,0,0,-496000,1000,0,1000,431000,928000,-497000,-592000
062829,泰碩群益9B購01  ,0,0,0,0,0,0,0,0,0,-594000,0,0,0,0,594000,-594000,-594000
062766,台郡凱基9B購02  ,0,0,0,0,0,0,0,0,0,-594000,0,0,0,109000,703000,-594000,-594000
054533,泰碩國泰98購01  ,0,0,0,0,0,0,0,0,0,-596000,0,0,0,150000,746000,-596000,-596000
060312,潤泰全永豐9A購01,0,0,0,0,0,0,0,0,0,-598000,0,0,0,0,598000,-598000,-598000
062647,南電國泰9C購02  ,0,0,0,0,0,0,0,0,0,-601000,0,0,0,990000,1591000,-601000,-601000
060901,臺股指凱基9A購13,0,0,0,0,0,0,0,0,0,-606000,0,0,0,55000,661000,-606000,-606000
058604,華邦電元大99購03,0,0,0,0,0,0,0,0,0,-606000,0,0,0,68000,674000,-606000,-606000
6504,南六            ,590045,394500,195545,0,0,0,15000,842000,-827000,20000,75000,51000,24000,9000,13000,-4000,-611455
062026,華邦電群益9B購01,0,0,0,0,0,0,0,0,0,-612000,0,0,0,128000,740000,-612000,-612000
2342,茂矽            ,698000,1317000,-619000,0,0,0,0,0,0,0,0,0,0,0,0,0,-619000
062398,建準永豐9B購01  ,0,0,0,0,0,0,0,0,0,-621000,0,0,0,99000,720000,-621000,-621000
2323,中環            ,1009000,1692000,-683000,0,0,0,0,5000,-5000,67000,5000,2000,3000,64000,0,64000,-621000
060360,南亞科元富9A購02,0,0,0,0,0,0,0,0,0,-634000,0,0,0,145000,779000,-634000,-634000
6531,愛普            ,89000,720000,-631000,0,0,0,0,0,0,-4000,1000,5000,-4000,0,0,0,-635000
6456,GIS-KY          ,745000,1462000,-717000,0,0,0,40000,0,40000,42000,156000,31000,125000,86000,169000,-83000,-635000
061793,上銀永豐9B購01  ,0,0,0,0,0,0,0,0,0,-640000,0,0,0,21000,661000,-640000,-640000
038489,T50反1台新9A購01,0,0,0,0,0,0,0,0,0,-640000,0,0,0,0,640000,-640000,-640000
2393,億光            ,399000,1052000,-653000,0,0,0,0,0,0,7000,3000,0,3000,5000,1000,4000,-646000
056001,美食永豐97購01  ,0,0,0,0,0,0,0,0,0,-647000,0,0,0,324000,971000,-647000,-647000
00638R,元大滬深300反1  ,100000,1749000,-1649000,0,0,0,0,0,0,994000,796000,0,796000,430000,232000,198000,-655000
061413,台勝科群益9A購01,0,0,0,0,0,0,0,0,0,-656000,0,0,0,21000,677000,-656000,-656000
2458,義隆            ,419000,1346000,-927000,0,0,0,176000,0,176000,93000,110000,87000,23000,90000,20000,70000,-658000
057606,健策統一98購03  ,0,0,0,0,0,0,0,0,0,-662000,0,0,0,0,662000,-662000,-662000
6288,聯嘉            ,88000,757000,-669000,0,0,0,0,0,0,7000,9000,2000,7000,0,0,0,-662000
4956,光鋐            ,235000,901000,-666000,0,0,0,0,0,0,3000,3000,0,3000,0,0,0,-663000
2484,希華            ,63000,728000,-665000,0,0,0,0,0,0,2000,3000,1000,2000,0,0,0,-663000
063228,聯茂群益9B購01  ,0,0,0,0,0,0,0,0,0,-665000,0,0,0,2000,667000,-665000,-665000
03443B,臺股指凱基9A熊27,80000,0,80000,0,0,0,0,0,0,-747000,0,0,0,1143000,1890000,-747000,-667000
3338,泰碩            ,510000,508000,2000,0,0,0,0,967000,-967000,294000,1000,7000,-6000,304000,4000,300000,-671000
4968,立積            ,319000,986000,-667000,0,0,0,0,0,0,-8000,0,0,0,29000,37000,-8000,-675000
6271,同欣電          ,247000,1075000,-828000,0,0,0,383000,240000,143000,8000,54000,41000,13000,14000,19000,-5000,-677000
060889,國泰金統一9C購01,0,0,0,0,0,0,0,0,0,-686000,0,0,0,0,686000,-686000,-686000
2610,華航            ,4676000,5254600,-578600,0,0,0,0,1000,-1000,-107000,44000,1000,43000,0,150000,-150000,-686600
00770,國泰北美科技    ,0,0,0,0,0,0,0,0,0,-688000,0,0,0,25000,713000,-688000,-688000
052702,群創國票97購03  ,0,0,0,0,0,0,0,0,0,-698000,0,0,0,0,698000,-698000,-698000
058327,大毅統一9B購01  ,0,0,0,0,0,0,0,0,0,-707000,0,0,0,287000,994000,-707000,-707000
059931,緯穎富邦9A購01  ,0,0,0,0,0,0,0,0,0,-709000,0,0,0,103000,812000,-709000,-709000
1701,中化            ,939000,1670000,-731000,0,0,0,0,0,0,11000,11000,0,11000,0,0,0,-720000
062023,寶成永豐9B購01  ,0,0,0,0,0,0,0,0,0,-729000,0,0,0,6000,735000,-729000,-729000
063144,超眾統一9C購02  ,0,0,0,0,0,0,0,0,0,-738000,0,0,0,45000,783000,-738000,-738000
062677,儒鴻統一01購01  ,0,0,0,0,0,0,0,0,0,-742000,0,0,0,200000,942000,-742000,-742000
060807,新光金群益9A購01,0,0,0,0,0,0,0,0,0,-745000,0,0,0,109000,854000,-745000,-745000
1464,得力            ,261000,969000,-708000,0,0,0,0,0,0,-43000,0,0,0,3000,46000,-43000,-751000
062976,嘉澤元富9B購01  ,0,0,0,0,0,0,0,0,0,-755000,0,0,0,158000,913000,-755000,-755000
08132P,南六元大9B售05  ,0,0,0,0,0,0,0,0,0,-755000,0,0,0,36000,791000,-755000,-755000
061149,華通群益9A購05  ,0,0,0,0,0,0,0,0,0,-759000,0,0,0,34000,793000,-759000,-759000
055639,上銀元富97購02  ,0,0,0,0,0,0,0,0,0,-774000,0,0,0,536000,1310000,-774000,-774000
07025P,玉晶光凱基99售01,0,0,0,0,0,0,0,0,0,-774000,0,0,0,48000,822000,-774000,-774000
07505P,台勝科元大9A售01,0,0,0,0,0,0,0,0,0,-776000,0,0,0,103000,879000,-776000,-776000
06477P,緯穎國票99售02  ,0,0,0,0,0,0,0,0,0,-780000,0,0,0,30000,810000,-780000,-780000
4426,利勤            ,267000,1095000,-828000,0,0,0,0,0,0,4000,1000,0,1000,8000,5000,3000,-824000
062031,臻鼎群益9B購01  ,0,0,0,0,0,0,0,0,0,-826000,0,0,0,98000,924000,-826000,-826000
062541,臻鼎國泰01購01  ,0,0,0,0,0,0,0,0,0,-830000,0,0,0,621000,1451000,-830000,-830000
061972,華新元大9B購01  ,0,0,0,0,0,0,0,0,0,-840000,0,0,0,71000,911000,-840000,-840000
051929,GIS中信96購01   ,0,0,0,0,0,0,0,0,0,-840000,0,0,0,94000,934000,-840000,-840000
2637,慧洋-KY         ,316000,202000,114000,0,0,0,0,0,0,-955000,4000,0,4000,1000,960000,-959000,-841000
062851,建準永豐9B購02  ,0,0,0,0,0,0,0,0,0,-852000,0,0,0,112000,964000,-852000,-852000
058841,深中小群益01購01,0,0,0,0,0,0,0,0,0,-853000,0,0,0,651000,1504000,-853000,-853000
055579,健策統一9A購01  ,0,0,0,0,0,0,0,0,0,-854000,0,0,0,187000,1041000,-854000,-854000
059461,鈺齊永豐99購03  ,0,0,0,0,0,0,0,0,0,-855000,0,0,0,75000,930000,-855000,-855000
07774P,台灣50群益9A售16,0,0,0,0,0,0,0,0,0,-855000,0,0,0,255000,1110000,-855000,-855000
5469,瀚宇博          ,237000,865000,-628000,0,0,0,0,246000,-246000,12000,1000,0,1000,33000,22000,11000,-862000
056584,鴻海統一9B購01  ,0,0,0,0,0,0,0,0,0,-885000,0,0,0,499000,1384000,-885000,-885000
1312,國喬            ,407000,1323000,-916000,0,0,0,0,0,0,31000,20000,8000,12000,19000,0,19000,-885000
059128,友達中信99購02  ,0,0,0,0,0,0,0,0,0,-894000,0,0,0,472000,1366000,-894000,-894000
9944,新麗            ,315000,1220000,-905000,0,0,0,0,0,0,1000,1000,0,1000,0,0,0,-904000
00653L,富邦印度正2     ,522000,292000,230000,0,0,0,0,0,0,-1134250,0,0,0,1998000,3132250,-1134250,-904250
063220,建準群益9B購01  ,0,0,0,0,0,0,0,0,0,-908000,0,0,0,150000,1058000,-908000,-908000
062061,台勝科統一01購01,0,0,0,0,0,0,0,0,0,-910000,0,0,0,28000,938000,-910000,-910000
063054,健鼎統一01購01  ,0,0,0,0,0,0,0,0,0,-917000,0,0,0,795000,1712000,-917000,-917000
3017,奇鋐            ,811000,1600000,-789000,0,0,0,0,130000,-130000,-14000,51000,208000,-157000,149000,6000,143000,-933000
1734,杏輝            ,415000,1356000,-941000,0,0,0,0,0,0,0,0,0,0,0,0,0,-941000
06491P,台積電富邦99售02,0,0,0,0,0,0,0,0,0,-954000,0,0,0,61000,1015000,-954000,-954000
060937,T50反1國票9A購10,0,0,0,0,0,0,0,0,0,-960000,0,0,0,418000,1378000,-960000,-960000
3005,神基            ,400000,1070000,-670000,0,0,0,0,50000,-50000,-241000,60000,0,60000,0,301000,-301000,-961000
058380,臺股指凱基99購15,0,0,0,0,0,0,0,0,0,-987000,0,0,0,11000,998000,-987000,-987000
061080,華邦電兆豐9B購01,0,0,0,0,0,0,0,0,0,-998000,0,0,0,0,998000,-998000,-998000
047962,T50反1中信96購02,0,0,0,0,0,0,0,0,0,-1004000,0,0,0,135000,1139000,-1004000,-1004000
060958,儒鴻凱基9A購02  ,0,0,0,0,0,0,0,0,0,-1006000,0,0,0,264000,1270000,-1006000,-1006000
060746,玉晶光國票9B購02,0,0,0,0,0,0,0,0,0,-1014000,0,0,0,27000,1041000,-1014000,-1014000
062885,臻鼎兆豐9C購01  ,0,0,0,0,0,0,0,0,0,-1030000,0,0,0,220000,1250000,-1030000,-1030000
062087,瑞祺元大9B購02  ,0,0,0,0,0,0,0,0,0,-1058000,0,0,0,810000,1868000,-1058000,-1058000
062402,台勝科永豐9B購02,0,0,0,0,0,0,0,0,0,-1062000,0,0,0,0,1062000,-1062000,-1062000
058026,上銀富邦9A購01  ,0,0,0,0,0,0,0,0,0,-1089000,0,0,0,192000,1281000,-1089000,-1089000
06456P,聯發科統一98售03,0,0,0,0,0,0,0,0,0,-1091000,0,0,0,122000,1213000,-1091000,-1091000
054546,玉晶光中信9B購01,0,0,0,0,0,0,0,0,0,-1094000,0,0,0,761000,1855000,-1094000,-1094000
1760,寶齡富錦        ,1392000,2033000,-641000,0,0,0,0,425000,-425000,-29000,0,29000,-29000,0,0,0,-1095000
06507P,台表科國票99售01,0,0,0,0,0,0,0,0,0,-1140000,0,0,0,160000,1300000,-1140000,-1140000
060702,玉晶光國泰9C購02,0,0,0,0,0,0,0,0,0,-1147000,0,0,0,98000,1245000,-1147000,-1147000
058645,康控富邦01購01  ,0,0,0,0,0,0,0,0,0,-1149000,0,0,0,70000,1219000,-1149000,-1149000
6213,聯茂            ,436000,1083000,-647000,0,0,0,136000,639010,-503010,-21000,31000,58000,-27000,35000,29000,6000,-1171010
2456,奇力新          ,1032000,2136423,-1104423,0,0,0,0,100000,-100000,14000,51000,6000,45000,5000,36000,-31000,-1190423
053354,康控兆豐97購02  ,0,0,0,0,0,0,0,0,0,-1200000,0,0,0,0,1200000,-1200000,-1200000
061357,寶成元大9A購01  ,0,0,0,0,0,0,0,0,0,-1228000,0,0,0,110000,1338000,-1228000,-1228000
2327,國巨            ,1344000,1815000,-471000,0,0,0,0,358000,-358000,-401000,112000,428000,-316000,62000,147000,-85000,-1230000
1789,神隆            ,1486000,2742000,-1256000,0,0,0,0,0,0,-5000,0,0,0,102000,107000,-5000,-1261000
057998,玉晶光麥證9A購01,0,0,0,15000,1287000,-1272000,0,0,0,-1272000,0,0,0,15000,1287000,-1272000,-1272000
062018,台勝科永豐9B購01,0,0,0,0,0,0,0,0,0,-1291000,0,0,0,0,1291000,-1291000,-1291000
3006,晶豪科          ,548000,1988000,-1440000,0,0,0,0,0,0,143000,47000,18000,29000,153000,39000,114000,-1297000
054713,國巨中信9B購01  ,0,0,0,0,0,0,0,0,0,-1360000,0,0,0,0,1360000,-1360000,-1360000
1717,長興            ,2198000,3200000,-1002000,0,0,0,0,0,0,-410000,100000,510000,-410000,0,0,0,-1412000
1504,東元            ,582000,1828000,-1246000,0,0,0,0,192000,-192000,21000,0,0,0,21000,0,21000,-1417000
3038,全台            ,244000,1920000,-1676000,0,0,0,0,0,0,250000,358000,108000,250000,0,0,0,-1426000
3042,晶技            ,2437000,5375000,-2938000,0,0,0,1898000,0,1898000,-398000,168000,80000,88000,64000,550000,-486000,-1438000
00664R,國泰臺灣加權反1 ,0,0,0,0,0,0,0,0,0,-1442000,0,0,0,2607000,4049000,-1442000,-1442000
6239,力成            ,1077000,2660360,-1583360,0,0,0,229000,160000,69000,53000,39000,8000,31000,27000,5000,22000,-1461360
060121,新光金富邦99購01,0,0,0,0,0,0,0,0,0,-1462000,0,0,0,10000,1472000,-1462000,-1462000
00634R,富邦上証反1     ,0,323000,-323000,0,0,0,0,0,0,-1166000,0,0,0,123000,1289000,-1166000,-1489000
8150,南茂            ,353000,2128000,-1775000,0,0,0,300000,0,300000,-18000,0,0,0,19000,37000,-18000,-1493000
062805,台勝科統一9C購01,0,0,0,0,0,0,0,0,0,-1525000,0,0,0,0,1525000,-1525000,-1525000
8210,勤誠            ,70000,1517000,-1447000,0,0,0,0,0,0,-122000,125000,0,125000,0,247000,-247000,-1569000
3706,神達            ,832000,2829000,-1997000,0,0,0,434000,0,434000,-94000,69000,150000,-81000,103000,116000,-13000,-1657000
2614,東森            ,703000,2366000,-1663000,0,0,0,0,0,0,0,0,0,0,0,0,0,-1663000
1514,亞力            ,177000,1863000,-1686000,0,0,0,0,0,0,0,0,0,0,0,0,0,-1686000
3515,華擎            ,727000,1262000,-535000,0,0,0,65000,1328000,-1263000,-13000,125000,42000,83000,68000,164000,-96000,-1811000
2108,南帝            ,184000,2101000,-1917000,0,0,0,100000,0,100000,0,0,0,0,0,0,0,-1817000
00715L,街口布蘭特油正2 ,0,0,0,0,0,0,0,0,0,-2078000,0,0,0,0,2078000,-2078000,-2078000
4927,泰鼎-KY         ,762000,2349000,-1587000,0,0,0,140000,598000,-458000,-49000,54000,20000,34000,44000,127000,-83000,-2094000
8046,南電            ,2517000,6324000,-3807000,0,0,0,1433000,348000,1085000,618000,241000,82000,159000,614000,155000,459000,-2104000
3014,聯陽            ,95201,2232000,-2136799,0,0,0,100000,0,100000,-120000,0,10000,-10000,2000,112000,-110000,-2156799
00676R,富邦臺灣加權反1 ,0,71000,-71000,0,0,0,0,0,0,-2190000,0,0,0,2983000,5173000,-2190000,-2261000
2313,華通            ,2288000,5341000,-3053000,0,0,0,387000,700000,-313000,1058000,2566000,1785000,781000,609000,332000,277000,-2308000
8112,至上            ,99000,2449900,-2350900,0,0,0,0,0,0,1000,1000,0,1000,0,0,0,-2349900
2340,光磊            ,227000,2457000,-2230000,0,0,0,0,0,0,-163000,8000,0,8000,8000,179000,-171000,-2393000
00852L,國泰美國道瓊正2 ,4000,2736000,-2732000,0,0,0,0,0,0,154000,0,0,0,6603000,6449000,154000,-2578000
2363,矽統            ,1080000,3689000,-2609000,0,0,0,0,0,0,0,0,0,0,0,0,0,-2609000
4938,和碩            ,4409000,6846000,-2437000,0,0,0,0,489000,-489000,301000,453000,1000,452000,28000,179000,-151000,-2625000
07597P,臺股指中信01售02,0,0,0,0,0,0,0,0,0,-2983000,0,0,0,279000,3262000,-2983000,-2983000
2492,華新科          ,1020000,3835000,-2815000,0,0,0,0,3000,-3000,-447000,91000,275000,-184000,60000,323000,-263000,-3265000
2448,晶電            ,1545000,4939000,-3394000,0,0,0,220000,0,220000,-112000,549000,661000,-112000,0,0,0,-3286000
00642U,元大S&P石油     ,1000,35000,-34000,0,0,0,0,0,0,-4490000,0,0,0,402000,4892000,-4490000,-4524000
00651R,FH香港反1       ,124000,1257000,-1133000,0,0,0,0,0,0,-3469000,0,0,0,2619000,6088000,-3469000,-4602000
2884,玉山金          ,12136000,17654995,-5518995,0,0,0,0,5000,-5000,-1000,7000,10000,-3000,2000,0,2000,-5524995
2449,京元電子        ,1436000,9940000,-8504000,0,0,0,0,317000,-317000,-249000,1000,12000,-11000,40000,278000,-238000,-9070000
2337,旺宏            ,2035000,13937862,-11902862,0,0,0,0,4873000,-4873000,208000,559000,336000,223000,207000,222000,-15000,-16567862
00632R,元大台灣50反1   ,601000,18418000,-17817000,0,0,0,0,0,0,-55491000,800000,471000,329000,15854000,71674000,-55820000,-73308000
00677U,富邦VIX         ,2830000,25189000,-22359000,0,0,0,0,0,0,-58101000,400000,35000,365000,12607000,71073000,-58466000,-80460000
